01/01/2000,AZO,MI,AGL,CE,Towers with Radar,5,18,15,0,38,0,9,60,0,69,5,27,75,0,107,88,0,88,195
01/02/2000,AZO,MI,AGL,CE,Towers with Radar,4,33,25,0,62,0,9,16,0,25,4,42,41,0,87,0,0,0,87
01/03/2000,AZO,MI,AGL,CE,Towers with Radar,3,33,18,0,54,0,17,0,0,17,3,50,18,0,71,0,0,0,71
01/04/2000,AZO,MI,AGL,CE,Towers with Radar,10,36,23,0,69,12,0,0,0,12,22,36,23,0,81,0,0,0,81
01/05/2000,AZO,MI,AGL,CE,Towers with Radar,6,53,41,0,100,0,4,20,0,24,6,57,61,0,124,60,0,60,184
01/06/2000,AZO,MI,AGL,CE,Towers with Radar,6,59,45,0,110,0,7,60,0,67,6,66,105,0,177,82,0,82,259
01/07/2000,AZO,MI,AGL,CE,Towers with Radar,10,53,41,0,104,0,13,35,0,48,10,66,76,0,152,66,0,66,218
01/08/2000,AZO,MI,AGL,CE,Towers with Radar,7,29,24,0,60,3,14,55,0,72,10,43,79,0,132,94,0,94,226
01/09/2000,AZO,MI,AGL,CE,Towers with Radar,5,30,18,0,53,0,18,0,0,18,5,48,18,0,71,6,0,6,77
01/10/2000,AZO,MI,AGL,CE,Towers with Radar,6,35,22,0,63,0,8,0,0,8,6,43,22,0,71,14,0,14,85
01/11/2000,AZO,MI,AGL,CE,Towers with Radar,6,49,26,0,81,0,9,0,0,9,6,58,26,0,90,16,0,16,106
01/12/2000,AZO,MI,AGL,CE,Towers with Radar,10,73,58,0,141,0,6,102,4,112,10,79,160,4,253,138,0,138,391
01/13/2000,AZO,MI,AGL,CE,Towers with Radar,15,43,49,0,107,6,0,56,0,62,21,43,105,0,169,72,0,72,241
01/14/2000,AZO,MI,AGL,CE,Towers with Radar,6,61,48,0,115,0,2,52,4,58,6,63,100,4,173,146,0,146,319
01/15/2000,AZO,MI,AGL,CE,Towers with Radar,8,32,26,0,66,2,11,84,0,97,10,43,110,0,163,260,0,260,423
01/16/2000,AZO,MI,AGL,CE,Towers with Radar,8,31,29,1,69,16,0,69,3,88,24,31,98,4,157,90,0,90,247
01/17/2000,AZO,MI,AGL,CE,Towers with Radar,6,43,32,0,81,0,6,47,0,53,6,49,79,0,134,89,0,89,223
01/18/2000,AZO,MI,AGL,CE,Towers with Radar,12,32,34,0,78,15,0,0,0,15,27,32,34,0,93,0,0,0,93
01/19/2000,AZO,MI,AGL,CE,Towers with Radar,9,54,45,1,109,0,0,16,0,16,9,54,61,1,125,106,0,106,231
01/20/2000,AZO,MI,AGL,CE,Towers with Radar,6,43,44,0,93,0,0,37,0,37,6,43,81,0,130,44,0,44,174
01/21/2000,AZO,MI,AGL,CE,Towers with Radar,11,53,43,0,107,0,0,24,0,24,11,53,67,0,131,66,0,66,197
01/22/2000,AZO,MI,AGL,CE,Towers with Radar,5,27,12,0,44,5,6,0,0,11,10,33,12,0,55,0,0,0,55
01/23/2000,AZO,MI,AGL,CE,Towers with Radar,5,25,12,0,42,8,8,0,0,16,13,33,12,0,58,0,0,0,58
01/24/2000,AZO,MI,AGL,CE,Towers with Radar,12,47,50,0,109,0,0,49,0,49,12,47,99,0,158,124,0,124,282
01/25/2000,AZO,MI,AGL,CE,Towers with Radar,14,59,52,0,125,4,0,48,0,52,18,59,100,0,177,126,0,126,303
01/26/2000,AZO,MI,AGL,CE,Towers with Radar,6,62,48,0,116,0,0,107,0,107,6,62,155,0,223,284,0,284,507
01/27/2000,AZO,MI,AGL,CE,Towers with Radar,6,64,52,0,122,0,0,71,0,71,6,64,123,0,193,282,0,282,475
01/28/2000,AZO,MI,AGL,CE,Towers with Radar,12,54,42,0,108,0,1,115,0,116,12,55,157,0,224,142,0,142,366
01/29/2000,AZO,MI,AGL,CE,Towers with Radar,7,34,26,0,67,3,5,132,0,140,10,39,158,0,207,130,0,130,337
01/30/2000,AZO,MI,AGL,CE,Towers with Radar,5,24,12,0,41,5,18,0,0,23,10,42,12,0,64,0,0,0,64
01/31/2000,AZO,MI,AGL,CE,Towers with Radar,10,48,37,0,95,8,1,29,0,38,18,49,66,0,133,80,0,80,213
02/01/2000,AZO,MI,AGL,CE,Towers with Radar,29,33,46,0,108,0,0,29,0,29,29,33,75,0,137,82,0,82,219
02/02/2000,AZO,MI,AGL,CE,Towers with Radar,11,63,28,0,102,0,6,56,0,62,11,69,84,0,164,156,0,156,320
02/03/2000,AZO,MI,AGL,CE,Towers with Radar,10,45,30,0,85,0,0,1,0,1,10,45,31,0,86,8,0,8,94
02/04/2000,AZO,MI,AGL,CE,Towers with Radar,10,63,35,0,108,0,0,12,2,14,10,63,47,2,122,30,0,30,152
02/05/2000,AZO,MI,AGL,CE,Towers with Radar,8,46,5,0,59,0,10,38,0,48,8,56,43,0,107,88,0,88,195
02/06/2000,AZO,MI,AGL,CE,Towers with Radar,15,38,32,0,85,0,2,56,0,58,15,40,88,0,143,124,0,124,267
02/07/2000,AZO,MI,AGL,CE,Towers with Radar,12,51,39,0,102,0,0,66,0,66,12,51,105,0,168,118,0,118,286
02/08/2000,AZO,MI,AGL,CE,Towers with Radar,8,50,56,0,114,0,8,91,0,99,8,58,147,0,213,212,0,212,425
02/09/2000,AZO,MI,AGL,CE,Towers with Radar,17,49,41,0,107,0,0,67,0,67,17,49,108,0,174,202,0,202,376
02/10/2000,AZO,MI,AGL,CE,Towers with Radar,15,46,63,0,124,0,0,0,0,0,15,46,63,0,124,62,0,62,186
02/11/2000,AZO,MI,AGL,CE,Towers with Radar,6,58,60,0,124,0,4,58,0,62,6,62,118,0,186,183,0,183,369
02/12/2000,AZO,MI,AGL,CE,Towers with Radar,11,37,30,0,78,0,4,138,0,142,11,41,168,0,220,218,0,218,438
02/13/2000,AZO,MI,AGL,CE,Towers with Radar,17,27,11,0,55,0,0,15,0,15,17,27,26,0,70,36,0,36,106
02/14/2000,AZO,MI,AGL,CE,Towers with Radar,14,48,44,0,106,0,0,23,0,23,14,48,67,0,129,70,0,70,199
02/15/2000,AZO,MI,AGL,CE,Towers with Radar,20,44,47,0,111,0,0,29,0,29,20,44,76,0,140,126,0,126,266
02/16/2000,AZO,MI,AGL,CE,Towers with Radar,19,49,44,0,112,0,4,47,0,51,19,53,91,0,163,94,0,94,257
02/17/2000,AZO,MI,AGL,CE,Towers with Radar,21,46,50,0,117,0,5,76,0,81,21,51,126,0,198,210,0,210,408
02/18/2000,AZO,MI,AGL,CE,Towers with Radar,6,28,15,0,49,0,0,1,0,1,6,28,16,0,50,2,0,2,52
02/19/2000,AZO,MI,AGL,CE,Towers with Radar,10,33,28,0,71,0,3,40,0,43,10,36,68,0,114,108,0,108,222
02/20/2000,AZO,MI,AGL,CE,Towers with Radar,18,31,29,0,78,0,0,25,0,25,18,31,54,0,103,28,0,28,131
02/21/2000,AZO,MI,AGL,CE,Towers with Radar,17,52,42,0,111,0,4,65,0,69,17,56,107,0,180,178,0,178,358
02/22/2000,AZO,MI,AGL,CE,Towers with Radar,35,31,46,0,112,0,0,82,0,82,35,31,128,0,194,192,0,192,386
02/23/2000,AZO,MI,AGL,CE,Towers with Radar,19,49,53,0,121,0,2,58,1,61,19,51,111,1,182,132,0,132,314
02/24/2000,AZO,MI,AGL,CE,Towers with Radar,12,59,57,0,128,0,2,4,0,6,12,61,61,0,134,2,0,2,136
02/25/2000,AZO,MI,AGL,CE,Towers with Radar,10,48,46,1,105,0,0,24,0,24,10,48,70,1,129,78,0,78,207
02/26/2000,AZO,MI,AGL,CE,Towers with Radar,7,38,16,0,61,0,0,21,0,21,7,38,37,0,82,33,0,33,115
02/27/2000,AZO,MI,AGL,CE,Towers with Radar,11,47,26,0,84,0,4,49,0,53,11,51,75,0,137,12,0,12,149
02/28/2000,AZO,MI,AGL,CE,Towers with Radar,8,57,38,0,103,0,4,93,0,97,8,61,131,0,200,170,0,170,370
02/29/2000,AZO,MI,AGL,CE,Towers with Radar,12,60,39,0,111,0,0,40,1,41,12,60,79,1,152,124,0,124,276
03/01/2000,AZO,MI,AGL,CE,Towers with Radar,11,57,24,0,92,1,2,6,0,9,12,59,30,0,101,30,0,30,131
03/02/2000,AZO,MI,AGL,CE,Towers with Radar,12,65,52,0,129,0,0,63,0,63,12,65,115,0,192,180,0,180,372
03/03/2000,AZO,MI,AGL,CE,Towers with Radar,7,57,37,0,101,0,5,109,0,114,7,62,146,0,215,148,0,148,363
03/04/2000,AZO,MI,AGL,CE,Towers with Radar,16,31,27,0,74,0,2,112,0,114,16,33,139,0,188,124,0,124,312
03/05/2000,AZO,MI,AGL,CE,Towers with Radar,10,42,42,0,94,1,3,152,0,156,11,45,194,0,250,144,0,144,394
03/06/2000,AZO,MI,AGL,CE,Towers with Radar,13,51,57,0,121,0,1,75,0,76,13,52,132,0,197,232,0,232,429
03/07/2000,AZO,MI,AGL,CE,Towers with Radar,11,45,38,0,94,1,5,75,0,81,12,50,113,0,175,138,0,138,313
03/08/2000,AZO,MI,AGL,CE,Towers with Radar,12,45,41,0,98,1,4,60,0,65,13,49,101,0,163,132,0,132,295
03/09/2000,AZO,MI,AGL,CE,Towers with Radar,11,50,29,0,90,0,2,5,0,7,11,52,34,0,97,36,0,36,133
03/10/2000,AZO,MI,AGL,CE,Towers with Radar,27,36,21,0,84,1,8,13,0,22,28,44,34,0,106,43,0,43,149
03/11/2000,AZO,MI,AGL,CE,Towers with Radar,18,25,42,0,85,1,7,83,0,91,19,32,125,0,176,144,0,144,320
03/12/2000,AZO,MI,AGL,CE,Towers with Radar,10,39,33,0,82,1,4,121,0,126,11,43,154,0,208,136,0,136,344
03/13/2000,AZO,MI,AGL,CE,Towers with Radar,8,51,21,0,80,0,4,9,0,13,8,55,30,0,93,36,0,36,129
03/14/2000,AZO,MI,AGL,CE,Towers with Radar,20,51,48,0,119,0,0,62,0,62,20,51,110,0,181,114,0,114,295
03/15/2000,AZO,MI,AGL,CE,Towers with Radar,12,47,69,0,128,0,3,31,0,34,12,50,100,0,162,201,0,201,363
03/16/2000,AZO,MI,AGL,CE,Towers with Radar,8,52,72,0,132,0,4,70,0,74,8,56,142,0,206,122,0,122,328
03/17/2000,AZO,MI,AGL,CE,Towers with Radar,12,57,71,0,140,0,7,127,0,134,12,64,198,0,274,290,0,290,564
03/18/2000,AZO,MI,AGL,CE,Towers with Radar,11,44,19,0,74,0,10,111,0,121,11,54,130,0,195,224,0,224,419
03/19/2000,AZO,MI,AGL,CE,Towers with Radar,10,36,25,0,71,0,1,11,0,12,10,37,36,0,83,12,0,12,95
03/20/2000,AZO,MI,AGL,CE,Towers with Radar,13,48,53,0,114,0,2,1,0,3,13,50,54,0,117,26,0,26,143
03/21/2000,AZO,MI,AGL,CE,Towers with Radar,13,48,65,0,126,0,2,12,0,14,13,50,77,0,140,22,0,22,162
03/22/2000,AZO,MI,AGL,CE,Towers with Radar,10,58,80,0,148,0,0,15,0,15,10,58,95,0,163,184,0,184,347
03/23/2000,AZO,MI,AGL,CE,Towers with Radar,11,55,52,0,118,0,0,96,1,97,11,55,148,1,215,184,0,184,399
03/24/2000,AZO,MI,AGL,CE,Towers with Radar,8,66,39,0,113,0,6,62,0,68,8,72,101,0,181,126,0,126,307
03/25/2000,AZO,MI,AGL,CE,Towers with Radar,11,36,12,0,59,0,6,56,0,62,11,42,68,0,121,28,0,28,149
03/26/2000,AZO,MI,AGL,CE,Towers with Radar,11,42,23,0,76,0,6,123,0,129,11,48,146,0,205,84,0,84,289
03/27/2000,AZO,MI,AGL,CE,Towers with Radar,16,49,37,0,102,0,0,24,0,24,16,49,61,0,126,40,0,40,166
03/28/2000,AZO,MI,AGL,CE,Towers with Radar,28,42,34,0,104,0,0,30,0,30,28,42,64,0,134,102,0,102,236
03/29/2000,AZO,MI,AGL,CE,Towers with Radar,20,44,55,1,120,0,3,42,0,45,20,47,97,1,165,214,0,214,379
03/30/2000,AZO,MI,AGL,CE,Towers with Radar,12,48,79,0,139,0,8,114,0,122,12,56,193,0,261,250,0,250,511
03/31/2000,AZO,MI,AGL,CE,Towers with Radar,12,50,45,0,107,0,5,178,0,183,12,55,223,0,290,188,0,188,478
04/01/2000,AZO,MI,AGL,CE,Towers with Radar,10,39,29,0,78,1,2,92,0,95,11,41,121,0,173,146,0,146,319
04/02/2000,AZO,MI,AGL,CE,Towers with Radar,12,41,25,0,78,1,0,0,0,1,13,41,25,0,79,72,0,72,151
04/03/2000,AZO,MI,AGL,CE,Towers with Radar,9,33,49,0,91,1,0,29,0,30,10,33,78,0,121,110,0,110,231
04/04/2000,AZO,MI,AGL,CE,Towers with Radar,6,57,51,0,114,0,2,24,0,26,6,59,75,0,140,24,0,24,164
04/05/2000,AZO,MI,AGL,CE,Towers with Radar,12,55,60,0,127,0,2,117,0,119,12,57,177,0,246,178,0,178,424
04/06/2000,AZO,MI,AGL,CE,Towers with Radar,12,47,51,0,110,0,7,24,0,31,12,54,75,0,141,36,0,36,177
04/07/2000,AZO,MI,AGL,CE,Towers with Radar,12,44,47,2,105,0,4,46,0,50,12,48,93,2,155,42,0,42,197
04/08/2000,AZO,MI,AGL,CE,Towers with Radar,7,42,25,0,74,0,3,28,0,31,7,45,53,0,105,62,0,62,167
04/09/2000,AZO,MI,AGL,CE,Towers with Radar,10,45,14,2,71,0,1,31,0,32,10,46,45,2,103,32,0,32,135
04/10/2000,AZO,MI,AGL,CE,Towers with Radar,11,51,91,0,153,0,16,85,0,101,11,67,176,0,254,116,0,116,370
04/11/2000,AZO,MI,AGL,CE,Towers with Radar,9,50,55,0,114,0,1,1,0,2,9,51,56,0,116,1,0,1,117
04/12/2000,AZO,MI,AGL,CE,Towers with Radar,12,58,69,0,139,0,0,85,0,85,12,58,154,0,224,108,0,108,332
04/13/2000,AZO,MI,AGL,CE,Towers with Radar,12,55,59,0,126,0,4,94,1,99,12,59,153,1,225,276,0,276,501
04/14/2000,AZO,MI,AGL,CE,Towers with Radar,12,54,60,1,127,0,2,116,0,118,12,56,176,1,245,188,0,188,433
04/15/2000,AZO,MI,AGL,CE,Towers with Radar,10,40,35,0,85,0,1,128,0,129,10,41,163,0,214,136,0,136,350
04/16/2000,AZO,MI,AGL,CE,Towers with Radar,7,33,36,0,76,3,10,51,3,67,10,43,87,3,143,116,0,116,259
04/17/2000,AZO,MI,AGL,CE,Towers with Radar,9,47,47,0,103,0,1,23,0,24,9,48,70,0,127,50,0,50,177
04/18/2000,AZO,MI,AGL,CE,Towers with Radar,10,52,52,1,115,11,4,56,1,72,21,56,108,2,187,198,0,198,385
04/19/2000,AZO,MI,AGL,CE,Towers with Radar,13,49,62,0,124,0,0,16,0,16,13,49,78,0,140,88,0,88,228
04/20/2000,AZO,MI,AGL,CE,Towers with Radar,4,26,32,0,62,0,1,0,0,1,4,27,32,0,63,0,0,0,63
04/21/2000,AZO,MI,AGL,CE,Towers with Radar,7,46,43,0,96,0,1,0,0,1,7,47,43,0,97,2,0,2,99
04/22/2000,AZO,MI,AGL,CE,Towers with Radar,6,29,31,0,66,1,14,168,0,183,7,43,199,0,249,112,0,112,361
04/23/2000,AZO,MI,AGL,CE,Towers with Radar,9,47,21,1,78,0,2,48,0,50,9,49,69,1,128,66,0,66,194
04/24/2000,AZO,MI,AGL,CE,Towers with Radar,14,45,62,0,121,0,1,109,0,110,14,46,171,0,231,184,0,184,415
04/25/2000,AZO,MI,AGL,CE,Towers with Radar,12,52,67,0,131,0,3,116,0,119,12,55,183,0,250,143,0,143,393
04/26/2000,AZO,MI,AGL,CE,Towers with Radar,11,52,73,0,136,0,0,101,0,101,11,52,174,0,237,111,0,111,348
04/27/2000,AZO,MI,AGL,CE,Towers with Radar,18,51,53,0,122,0,2,158,0,160,18,53,211,0,282,136,0,136,418
04/28/2000,AZO,MI,AGL,CE,Towers with Radar,13,51,66,0,130,2,17,142,0,161,15,68,208,0,291,124,0,124,415
04/29/2000,AZO,MI,AGL,CE,Towers with Radar,10,43,36,0,89,0,2,262,0,264,10,45,298,0,353,94,0,94,447
04/30/2000,AZO,MI,AGL,CE,Towers with Radar,8,45,30,0,83,0,6,118,0,124,8,51,148,0,207,78,0,78,285
05/01/2000,AZO,MI,AGL,CE,Towers with Radar,8,50,67,0,125,0,3,9,0,12,8,53,76,0,137,6,0,6,143
05/02/2000,AZO,MI,AGL,CE,Towers with Radar,10,50,52,0,112,0,6,134,0,140,10,56,186,0,252,138,0,138,390
05/03/2000,AZO,MI,AGL,CE,Towers with Radar,11,51,58,0,120,0,4,142,0,146,11,55,200,0,266,188,0,188,454
05/04/2000,AZO,MI,AGL,CE,Towers with Radar,13,56,55,0,124,0,1,88,1,90,13,57,143,1,214,160,0,160,374
05/05/2000,AZO,MI,AGL,CE,Towers with Radar,11,49,39,0,99,0,7,94,0,101,11,56,133,0,200,114,0,114,314
05/06/2000,AZO,MI,AGL,CE,Towers with Radar,10,42,39,2,93,0,3,112,0,115,10,45,151,2,208,74,0,74,282
05/07/2000,AZO,MI,AGL,CE,Towers with Radar,7,41,22,1,71,0,6,51,1,58,7,47,73,2,129,74,0,74,203
05/08/2000,AZO,MI,AGL,CE,Towers with Radar,10,51,57,0,118,0,1,24,0,25,10,52,81,0,143,98,0,98,241
05/09/2000,AZO,MI,AGL,CE,Towers with Radar,12,39,41,0,92,0,1,6,0,7,12,40,47,0,99,32,0,32,131
05/10/2000,AZO,MI,AGL,CE,Towers with Radar,9,53,68,0,130,0,1,92,0,93,9,54,160,0,223,176,0,176,399
05/11/2000,AZO,MI,AGL,CE,Towers with Radar,12,48,50,0,110,0,10,55,0,65,12,58,105,0,175,44,0,44,219
05/12/2000,AZO,MI,AGL,CE,Towers with Radar,11,46,50,1,108,0,0,1,0,1,11,46,51,1,109,30,0,30,139
05/13/2000,AZO,MI,AGL,CE,Towers with Radar,9,40,23,0,72,0,2,56,1,59,9,42,79,1,131,42,0,42,173
05/14/2000,AZO,MI,AGL,CE,Towers with Radar,5,27,26,0,58,0,23,48,1,72,5,50,74,1,130,124,0,124,254
05/15/2000,AZO,MI,AGL,CE,Towers with Radar,8,55,61,0,124,0,0,166,0,166,8,55,227,0,290,186,0,186,476
05/16/2000,AZO,MI,AGL,CE,Towers with Radar,9,52,65,2,128,0,0,11,0,11,9,52,76,2,139,24,0,24,163
05/17/2000,AZO,MI,AGL,CE,Towers with Radar,9,51,56,0,116,0,2,59,0,61,9,53,115,0,177,116,0,116,293
05/18/2000,AZO,MI,AGL,CE,Towers with Radar,6,33,37,0,76,0,0,1,0,1,6,33,38,0,77,0,0,0,77
05/19/2000,AZO,MI,AGL,CE,Towers with Radar,12,51,73,2,138,0,2,6,0,8,12,53,79,2,146,0,0,0,146
05/20/2000,AZO,MI,AGL,CE,Towers with Radar,10,43,30,0,83,0,1,117,0,118,10,44,147,0,201,260,0,260,461
05/21/2000,AZO,MI,AGL,CE,Towers with Radar,6,48,36,0,90,0,6,118,0,124,6,54,154,0,214,148,0,148,362
05/22/2000,AZO,MI,AGL,CE,Towers with Radar,12,51,54,0,117,0,1,61,0,62,12,52,115,0,179,120,0,120,299
05/23/2000,AZO,MI,AGL,CE,Towers with Radar,13,52,60,0,125,3,0,72,0,75,16,52,132,0,200,318,0,318,518
05/24/2000,AZO,MI,AGL,CE,Towers with Radar,12,57,48,0,117,0,1,69,0,70,12,58,117,0,187,42,0,42,229
05/25/2000,AZO,MI,AGL,CE,Towers with Radar,13,46,57,0,116,0,3,81,0,84,13,49,138,0,200,68,0,68,268
05/26/2000,AZO,MI,AGL,CE,Towers with Radar,11,52,61,0,124,0,1,145,0,146,11,53,206,0,270,214,0,214,484
05/27/2000,AZO,MI,AGL,CE,Towers with Radar,10,53,11,0,74,0,0,10,0,10,10,53,21,0,84,35,0,35,119
05/28/2000,AZO,MI,AGL,CE,Towers with Radar,9,30,27,0,66,0,1,13,0,14,9,31,40,0,80,20,0,20,100
05/29/2000,AZO,MI,AGL,CE,Towers with Radar,6,33,31,0,70,3,8,105,1,117,9,41,136,1,187,132,0,132,319
05/30/2000,AZO,MI,AGL,CE,Towers with Radar,11,62,63,0,136,0,0,63,1,64,11,62,126,1,200,228,0,228,428
05/31/2000,AZO,MI,AGL,CE,Towers with Radar,12,47,59,0,118,0,0,35,0,35,12,47,94,0,153,258,0,258,411
06/01/2000,AZO,MI,AGL,CE,Towers with Radar,9,55,57,0,121,0,0,76,1,77,9,55,133,1,198,260,0,260,458
06/02/2000,AZO,MI,AGL,CE,Towers with Radar,6,58,52,0,116,0,9,67,0,76,6,67,119,0,192,98,0,98,290
06/03/2000,AZO,MI,AGL,CE,Towers with Radar,8,45,38,0,91,0,1,0,0,1,8,46,38,0,92,246,0,246,338
06/04/2000,AZO,MI,AGL,CE,Towers with Radar,6,52,44,0,102,0,1,0,0,1,6,53,44,0,103,128,0,128,231
06/05/2000,AZO,MI,AGL,CE,Towers with Radar,12,51,85,0,148,0,2,34,0,36,12,53,119,0,184,68,0,68,252
06/06/2000,AZO,MI,AGL,CE,Towers with Radar,11,75,75,0,161,0,1,147,0,148,11,76,222,0,309,226,0,226,535
06/07/2000,AZO,MI,AGL,CE,Towers with Radar,11,53,21,0,85,0,1,64,0,65,11,54,85,0,150,224,0,224,374
06/08/2000,AZO,MI,AGL,CE,Towers with Radar,12,55,45,0,112,0,3,108,0,111,12,58,153,0,223,244,0,244,467
06/09/2000,AZO,MI,AGL,CE,Towers with Radar,11,52,44,0,107,0,3,99,0,102,11,55,143,0,209,246,0,246,455
06/10/2000,AZO,MI,AGL,CE,Towers with Radar,13,46,23,0,82,0,5,75,0,80,13,51,98,0,162,20,0,20,182
06/11/2000,AZO,MI,AGL,CE,Towers with Radar,13,41,22,0,76,0,5,26,0,31,13,46,48,0,107,33,0,33,140
06/12/2000,AZO,MI,AGL,CE,Towers with Radar,11,45,34,0,90,0,2,1,0,3,11,47,35,0,93,0,0,0,93
06/13/2000,AZO,MI,AGL,CE,Towers with Radar,9,51,51,0,111,0,3,27,0,30,9,54,78,0,141,132,0,132,273
06/14/2000,AZO,MI,AGL,CE,Towers with Radar,5,43,44,0,92,0,0,45,0,45,5,43,89,0,137,120,0,120,257
06/15/2000,AZO,MI,AGL,CE,Towers with Radar,8,57,54,0,119,0,1,97,0,98,8,58,151,0,217,184,0,184,401
06/16/2000,AZO,MI,AGL,CE,Towers with Radar,13,51,41,0,105,0,1,50,0,51,13,52,91,0,156,96,0,96,252
06/17/2000,AZO,MI,AGL,CE,Towers with Radar,11,47,49,0,107,0,3,116,0,119,11,50,165,0,226,74,0,74,300
06/18/2000,AZO,MI,AGL,CE,Towers with Radar,7,37,32,0,76,4,10,91,1,106,11,47,123,1,182,158,0,158,340
06/19/2000,AZO,MI,AGL,CE,Towers with Radar,11,57,31,0,99,0,2,139,0,141,11,59,170,0,240,248,0,248,488
06/20/2000,AZO,MI,AGL,CE,Towers with Radar,16,52,46,0,114,0,1,26,0,27,16,53,72,0,141,80,0,80,221
06/21/2000,AZO,MI,AGL,CE,Towers with Radar,12,58,49,0,119,1,5,11,0,17,13,63,60,0,136,0,0,0,136
06/22/2000,AZO,MI,AGL,CE,Towers with Radar,14,54,57,0,125,3,0,64,0,67,17,54,121,0,192,110,0,110,302
06/23/2000,AZO,MI,AGL,CE,Towers with Radar,12,58,50,0,120,3,0,191,0,194,15,58,241,0,314,170,0,170,484
06/24/2000,AZO,MI,AGL,CE,Towers with Radar,13,44,34,0,91,0,0,89,0,89,13,44,123,0,180,232,0,232,412
06/25/2000,AZO,MI,AGL,CE,Towers with Radar,7,35,30,0,72,4,17,45,0,66,11,52,75,0,138,68,0,68,206
06/26/2000,AZO,MI,AGL,CE,Towers with Radar,14,59,53,2,128,0,3,54,0,57,14,62,107,2,185,144,0,144,329
06/27/2000,AZO,MI,AGL,CE,Towers with Radar,14,61,29,0,104,0,2,124,0,126,14,63,153,0,230,198,0,198,428
06/28/2000,AZO,MI,AGL,CE,Towers with Radar,11,62,57,0,130,0,3,100,0,103,11,65,157,0,233,130,0,130,363
06/29/2000,AZO,MI,AGL,CE,Towers with Radar,12,57,79,0,148,0,1,116,2,119,12,58,195,2,267,88,0,88,355
06/30/2000,AZO,MI,AGL,CE,Towers with Radar,12,56,47,0,115,0,5,140,0,145,12,61,187,0,260,156,0,156,416
07/01/2000,AZO,MI,AGL,CE,Towers with Radar,5,30,28,0,63,7,18,101,0,126,12,48,129,0,189,148,0,148,337
07/02/2000,AZO,MI,AGL,CE,Towers with Radar,8,51,34,0,93,0,5,60,0,65,8,56,94,0,158,110,0,110,268
07/03/2000,AZO,MI,AGL,CE,Towers with Radar,7,33,31,0,71,7,10,24,0,41,14,43,55,0,112,62,0,62,174
07/04/2000,AZO,MI,AGL,CE,Towers with Radar,7,41,19,0,67,1,4,98,0,103,8,45,117,0,170,76,0,76,246
07/05/2000,AZO,MI,AGL,CE,Towers with Radar,11,50,43,0,104,1,4,71,0,76,12,54,114,0,180,110,0,110,290
07/06/2000,AZO,MI,AGL,CE,Towers with Radar,11,54,47,1,113,1,7,72,0,80,12,61,119,1,193,130,0,130,323
07/07/2000,AZO,MI,AGL,CE,Towers with Radar,12,58,57,0,127,0,9,115,0,124,12,67,172,0,251,100,0,100,351
07/08/2000,AZO,MI,AGL,CE,Towers with Radar,11,46,15,0,72,0,2,43,0,45,11,48,58,0,117,154,0,154,271
07/09/2000,AZO,MI,AGL,CE,Towers with Radar,11,50,22,0,83,0,4,23,0,27,11,54,45,0,110,16,0,16,126
07/10/2000,AZO,MI,AGL,CE,Towers with Radar,17,52,40,0,109,0,0,55,1,56,17,52,95,1,165,116,0,116,281
07/11/2000,AZO,MI,AGL,CE,Towers with Radar,11,57,68,0,136,0,3,136,8,147,11,60,204,8,283,122,0,122,405
07/12/2000,AZO,MI,AGL,CE,Towers with Radar,12,57,67,1,137,0,2,133,4,139,12,59,200,5,276,164,0,164,440
07/13/2000,AZO,MI,AGL,CE,Towers with Radar,10,51,63,2,126,0,6,98,8,112,10,57,161,10,238,144,0,144,382
07/14/2000,AZO,MI,AGL,CE,Towers with Radar,11,44,52,0,107,0,2,87,7,96,11,46,139,7,203,62,0,62,265
07/15/2000,AZO,MI,AGL,CE,Towers with Radar,12,40,55,0,107,0,3,94,0,97,12,43,149,0,204,128,0,128,332
07/16/2000,AZO,MI,AGL,CE,Towers with Radar,9,44,43,0,96,0,4,121,0,125,9,48,164,0,221,208,0,208,429
07/17/2000,AZO,MI,AGL,CE,Towers with Radar,11,57,30,0,98,0,2,66,0,68,11,59,96,0,166,134,0,134,300
07/18/2000,AZO,MI,AGL,CE,Towers with Radar,12,63,52,0,127,0,3,120,0,123,12,66,172,0,250,118,0,118,368
07/19/2000,AZO,MI,AGL,CE,Towers with Radar,10,56,80,0,146,0,2,138,2,142,10,58,218,2,288,214,0,214,502
07/20/2000,AZO,MI,AGL,CE,Towers with Radar,12,53,69,1,135,0,2,114,0,116,12,55,183,1,251,148,0,148,399
07/21/2000,AZO,MI,AGL,CE,Towers with Radar,11,65,30,0,106,0,0,114,0,114,11,65,144,0,220,134,0,134,354
07/22/2000,AZO,MI,AGL,CE,Towers with Radar,11,47,30,4,92,0,0,190,0,190,11,47,220,4,282,164,0,164,446
07/23/2000,AZO,MI,AGL,CE,Towers with Radar,13,44,24,0,81,0,5,146,2,153,13,49,170,2,234,182,0,182,416
07/24/2000,AZO,MI,AGL,CE,Towers with Radar,9,65,37,0,111,0,6,118,0,124,9,71,155,0,235,262,0,262,497
07/25/2000,AZO,MI,AGL,CE,Towers with Radar,11,63,67,0,141,0,2,93,0,95,11,65,160,0,236,132,0,132,368
07/26/2000,AZO,MI,AGL,CE,Towers with Radar,14,61,67,0,142,0,0,64,0,64,14,61,131,0,206,242,0,242,448
07/27/2000,AZO,MI,AGL,CE,Towers with Radar,11,54,46,0,111,0,0,27,1,28,11,54,73,1,139,90,0,90,229
07/28/2000,AZO,MI,AGL,CE,Towers with Radar,8,40,66,0,114,0,6,21,0,27,8,46,87,0,141,32,0,32,173
07/29/2000,AZO,MI,AGL,CE,Towers with Radar,10,44,37,0,91,0,3,3,0,6,10,47,40,0,97,0,0,0,97
07/30/2000,AZO,MI,AGL,CE,Towers with Radar,13,36,46,0,95,0,2,2,0,4,13,38,48,0,99,6,0,6,105
07/31/2000,AZO,MI,AGL,CE,Towers with Radar,9,59,59,0,127,0,1,29,0,30,9,60,88,0,157,46,0,46,203
08/01/2000,AZO,MI,AGL,CE,Towers with Radar,11,48,42,0,101,0,0,59,0,59,11,48,101,0,160,116,0,116,276
08/02/2000,AZO,MI,AGL,CE,Towers with Radar,11,48,50,0,109,0,0,42,0,42,11,48,92,0,151,98,0,98,249
08/03/2000,AZO,MI,AGL,CE,Towers with Radar,13,53,54,0,120,0,0,107,0,107,13,53,161,0,227,160,0,160,387
08/04/2000,AZO,MI,AGL,CE,Towers with Radar,13,57,53,0,123,2,0,109,0,111,15,57,162,0,234,98,0,98,332
08/05/2000,AZO,MI,AGL,CE,Towers with Radar,13,38,23,1,75,0,4,118,0,122,13,42,141,1,197,178,0,178,375
08/06/2000,AZO,MI,AGL,CE,Towers with Radar,6,34,31,0,71,0,23,8,0,31,6,57,39,0,102,14,0,14,116
08/07/2000,AZO,MI,AGL,CE,Towers with Radar,12,47,52,0,111,0,0,79,0,79,12,47,131,0,190,184,0,184,374
08/08/2000,AZO,MI,AGL,CE,Towers with Radar,12,53,43,0,108,0,5,77,0,82,12,58,120,0,190,176,0,176,366
08/09/2000,AZO,MI,AGL,CE,Towers with Radar,16,46,52,0,114,0,1,50,0,51,16,47,102,0,165,146,0,146,311
08/10/2000,AZO,MI,AGL,CE,Towers with Radar,12,56,74,0,142,0,9,127,0,136,12,65,201,0,278,106,0,106,384
08/11/2000,AZO,MI,AGL,CE,Towers with Radar,10,56,55,0,121,0,36,108,0,144,10,92,163,0,265,116,0,116,381
08/12/2000,AZO,MI,AGL,CE,Towers with Radar,11,39,21,0,71,0,2,125,0,127,11,41,146,0,198,76,0,76,274
08/13/2000,AZO,MI,AGL,CE,Towers with Radar,10,43,32,1,86,0,7,91,0,98,10,50,123,1,184,126,0,126,310
08/14/2000,AZO,MI,AGL,CE,Towers with Radar,8,59,48,0,115,0,2,97,0,99,8,61,145,0,214,224,0,224,438
08/15/2000,AZO,MI,AGL,CE,Towers with Radar,12,48,64,0,124,0,4,48,0,52,12,52,112,0,176,134,0,134,310
08/16/2000,AZO,MI,AGL,CE,Towers with Radar,12,57,54,0,123,0,1,140,0,141,12,58,194,0,264,276,0,276,540
08/17/2000,AZO,MI,AGL,CE,Towers with Radar,11,50,39,0,100,0,2,9,0,11,11,52,48,0,111,20,0,20,131
08/18/2000,AZO,MI,AGL,CE,Towers with Radar,14,57,34,0,105,0,3,75,0,78,14,60,109,0,183,130,0,130,313
08/19/2000,AZO,MI,AGL,CE,Towers with Radar,12,45,21,0,78,0,1,161,0,162,12,46,182,0,240,160,0,160,400
08/20/2000,AZO,MI,AGL,CE,Towers with Radar,8,39,35,0,82,2,16,84,0,102,10,55,119,0,184,152,0,152,336
08/21/2000,AZO,MI,AGL,CE,Towers with Radar,10,45,41,0,96,1,10,107,0,118,11,55,148,0,214,96,0,96,310
08/22/2000,AZO,MI,AGL,CE,Towers with Radar,9,53,29,0,91,0,1,50,0,51,9,54,79,0,142,196,0,196,338
08/23/2000,AZO,MI,AGL,CE,Towers with Radar,12,58,60,0,130,0,1,38,0,39,12,59,98,0,169,100,0,100,269
08/24/2000,AZO,MI,AGL,CE,Towers with Radar,12,53,56,0,121,0,2,53,0,55,12,55,109,0,176,66,0,66,242
08/25/2000,AZO,MI,AGL,CE,Towers with Radar,12,73,76,4,165,0,1,119,0,120,12,74,195,4,285,124,0,124,409
08/26/2000,AZO,MI,AGL,CE,Towers with Radar,6,29,27,0,62,5,12,49,0,66,11,41,76,0,128,168,0,168,296
08/27/2000,AZO,MI,AGL,CE,Towers with Radar,7,34,32,0,73,4,7,60,0,71,11,41,92,0,144,190,0,190,334
08/28/2000,AZO,MI,AGL,CE,Towers with Radar,11,54,61,0,126,0,0,29,0,29,11,54,90,0,155,130,0,130,285
08/29/2000,AZO,MI,AGL,CE,Towers with Radar,14,51,75,0,140,0,0,43,0,43,14,51,118,0,183,160,0,160,343
08/30/2000,AZO,MI,AGL,CE,Towers with Radar,12,50,97,2,161,0,2,39,32,73,12,52,136,34,234,164,0,164,398
08/31/2000,AZO,MI,AGL,CE,Towers with Radar,12,53,61,0,126,0,0,64,1,65,12,53,125,1,191,204,0,204,395
09/01/2000,AZO,MI,AGL,CE,Towers with Radar,11,54,67,0,132,1,4,102,0,107,12,58,169,0,239,120,0,120,359
09/02/2000,AZO,MI,AGL,CE,Towers with Radar,10,37,19,0,66,1,4,44,0,49,11,41,63,0,115,80,0,80,195
09/03/2000,AZO,MI,AGL,CE,Towers with Radar,4,22,19,0,45,13,15,41,0,69,17,37,60,0,114,28,0,28,142
09/04/2000,AZO,MI,AGL,CE,Towers with Radar,10,40,34,0,84,2,13,43,0,58,12,53,77,0,142,34,0,34,176
09/05/2000,AZO,MI,AGL,CE,Towers with Radar,14,53,43,0,110,0,3,87,0,90,14,56,130,0,200,106,0,106,306
09/06/2000,AZO,MI,AGL,CE,Towers with Radar,14,57,53,1,125,0,5,145,0,150,14,62,198,1,275,192,14,206,481
09/07/2000,AZO,MI,AGL,CE,Towers with Radar,13,56,49,1,119,0,2,86,4,92,13,58,135,5,211,106,0,106,317
09/08/2000,AZO,MI,AGL,CE,Towers with Radar,14,53,51,0,118,0,0,61,0,61,14,53,112,0,179,152,0,152,331
09/09/2000,AZO,MI,AGL,CE,Towers with Radar,16,32,40,0,88,0,4,31,0,35,16,36,71,0,123,108,0,108,231
09/10/2000,AZO,MI,AGL,CE,Towers with Radar,7,33,31,0,71,0,3,2,0,5,7,36,33,0,76,0,0,0,76
09/11/2000,AZO,MI,AGL,CE,Towers with Radar,10,36,37,0,83,0,1,0,0,1,10,37,37,0,84,0,0,0,84
09/12/2000,AZO,MI,AGL,CE,Towers with Radar,7,61,55,0,123,0,0,62,0,62,7,61,117,0,185,64,0,64,249
09/13/2000,AZO,MI,AGL,CE,Towers with Radar,13,49,34,0,96,0,3,128,0,131,13,52,162,0,227,202,0,202,429
09/14/2000,AZO,MI,AGL,CE,Towers with Radar,14,51,53,2,120,0,2,16,0,18,14,53,69,2,138,58,0,58,196
09/15/2000,AZO,MI,AGL,CE,Towers with Radar,12,51,61,0,124,0,8,73,0,81,12,59,134,0,205,212,0,212,417
09/16/2000,AZO,MI,AGL,CE,Towers with Radar,11,38,29,0,78,0,3,178,0,181,11,41,207,0,259,226,0,226,485
09/17/2000,AZO,MI,AGL,CE,Towers with Radar,9,31,26,0,66,2,14,98,0,114,11,45,124,0,180,72,0,72,252
09/18/2000,AZO,MI,AGL,CE,Towers with Radar,9,54,45,0,108,0,3,99,1,103,9,57,144,1,211,278,0,278,489
09/19/2000,AZO,MI,AGL,CE,Towers with Radar,16,54,33,0,103,0,1,59,1,61,16,55,92,1,164,90,0,90,254
09/20/2000,AZO,MI,AGL,CE,Towers with Radar,13,45,48,0,106,0,0,0,1,1,13,45,48,1,107,104,0,104,211
09/21/2000,AZO,MI,AGL,CE,Towers with Radar,15,51,41,0,107,0,1,71,0,72,15,52,112,0,179,136,0,136,315
09/22/2000,AZO,MI,AGL,CE,Towers with Radar,14,45,42,0,101,0,0,71,0,71,14,45,113,0,172,76,0,76,248
09/23/2000,AZO,MI,AGL,CE,Towers with Radar,2,48,19,0,69,0,11,10,0,21,2,59,29,0,90,42,0,42,132
09/24/2000,AZO,MI,AGL,CE,Towers with Radar,9,35,30,0,74,0,18,93,0,111,9,53,123,0,185,182,0,182,367
09/25/2000,AZO,MI,AGL,CE,Towers with Radar,14,50,49,2,115,0,2,98,0,100,14,52,147,2,215,214,0,214,429
09/26/2000,AZO,MI,AGL,CE,Towers with Radar,14,48,37,0,99,0,1,101,0,102,14,49,138,0,201,240,0,240,441
09/27/2000,AZO,MI,AGL,CE,Towers with Radar,24,43,42,0,109,0,0,121,0,121,24,43,163,0,230,96,0,96,326
09/28/2000,AZO,MI,AGL,CE,Towers with Radar,16,57,54,0,127,0,0,119,3,122,16,57,173,3,249,166,0,166,415
09/29/2000,AZO,MI,AGL,CE,Towers with Radar,15,55,48,0,118,7,0,93,3,103,22,55,141,3,221,196,0,196,417
09/30/2000,AZO,MI,AGL,CE,Towers with Radar,12,36,13,0,61,0,4,108,0,112,12,40,121,0,173,125,0,125,298
10/01/2000,AZO,MI,AGL,CE,Towers with Radar,11,41,15,0,67,0,0,169,0,169,11,41,184,0,236,137,0,137,373
10/02/2000,AZO,MI,AGL,CE,Towers with Radar,14,45,30,0,89,0,2,74,0,76,14,47,104,0,165,152,0,152,317
10/03/2000,AZO,MI,AGL,CE,Towers with Radar,19,48,53,0,120,0,0,96,0,96,19,48,149,0,216,216,0,216,432
10/04/2000,AZO,MI,AGL,CE,Towers with Radar,15,53,55,0,123,0,4,72,1,77,15,57,127,1,200,188,0,188,388
10/05/2000,AZO,MI,AGL,CE,Towers with Radar,16,56,89,0,161,0,0,8,0,8,16,56,97,0,169,22,0,22,191
10/06/2000,AZO,MI,AGL,CE,Towers with Radar,13,46,63,0,122,0,2,29,0,31,13,48,92,0,153,82,0,82,235
10/07/2000,AZO,MI,AGL,CE,Towers with Radar,11,37,4,0,52,0,0,5,0,5,11,37,9,0,57,0,0,0,57
10/08/2000,AZO,MI,AGL,CE,Towers with Radar,11,39,13,0,63,0,0,65,0,65,11,39,78,0,128,100,0,100,228
10/09/2000,AZO,MI,AGL,CE,Towers with Radar,14,51,38,0,103,0,7,62,0,69,14,58,100,0,172,172,0,172,344
10/10/2000,AZO,MI,AGL,CE,Towers with Radar,15,43,35,0,93,0,4,96,0,100,15,47,131,0,193,136,0,136,329
10/11/2000,AZO,MI,AGL,CE,Towers with Radar,14,54,51,4,123,0,8,138,0,146,14,62,189,4,269,150,0,150,419
10/12/2000,AZO,MI,AGL,CE,Towers with Radar,14,57,49,0,120,0,1,89,0,90,14,58,138,0,210,200,0,200,410
10/13/2000,AZO,MI,AGL,CE,Towers with Radar,10,56,31,0,97,0,5,102,2,109,10,61,133,2,206,202,0,202,408
10/14/2000,AZO,MI,AGL,CE,Towers with Radar,11,35,20,1,67,0,6,67,0,73,11,41,87,1,140,52,0,52,192
10/15/2000,AZO,MI,AGL,CE,Towers with Radar,10,36,31,0,77,1,9,70,0,80,11,45,101,0,157,128,0,128,285
10/16/2000,AZO,MI,AGL,CE,Towers with Radar,15,49,54,2,120,0,3,39,0,42,15,52,93,2,162,112,0,112,274
10/17/2000,AZO,MI,AGL,CE,Towers with Radar,12,47,51,0,110,0,1,40,0,41,12,48,91,0,151,142,0,142,293
10/18/2000,AZO,MI,AGL,CE,Towers with Radar,16,52,55,3,126,0,6,116,0,122,16,58,171,3,248,210,0,210,458
10/19/2000,AZO,MI,AGL,CE,Towers with Radar,13,61,45,0,119,0,0,83,0,83,13,61,128,0,202,148,0,148,350
10/20/2000,AZO,MI,AGL,CE,Towers with Radar,14,51,30,1,96,0,2,88,0,90,14,53,118,1,186,130,0,130,316
10/21/2000,AZO,MI,AGL,CE,Towers with Radar,10,38,24,0,72,0,0,152,0,152,10,38,176,0,224,180,0,180,404
10/22/2000,AZO,MI,AGL,CE,Towers with Radar,12,44,22,1,79,2,6,130,0,138,14,50,152,1,217,138,0,138,355
10/23/2000,AZO,MI,AGL,CE,Towers with Radar,15,53,38,0,106,0,1,27,0,28,15,54,65,0,134,70,0,70,204
10/24/2000,AZO,MI,AGL,CE,Towers with Radar,14,54,73,0,141,0,0,2,0,2,14,54,75,0,143,14,0,14,157
10/25/2000,AZO,MI,AGL,CE,Towers with Radar,15,46,86,0,147,0,0,25,0,25,15,46,111,0,172,22,0,22,194
10/26/2000,AZO,MI,AGL,CE,Towers with Radar,11,50,36,1,98,0,2,13,0,15,11,52,49,1,113,34,0,34,147
10/27/2000,AZO,MI,AGL,CE,Towers with Radar,14,52,57,0,123,0,0,68,0,68,14,52,125,0,191,36,0,36,227
10/28/2000,AZO,MI,AGL,CE,Towers with Radar,9,41,27,0,77,0,1,99,0,100,9,42,126,0,177,84,0,84,261
10/29/2000,AZO,MI,AGL,CE,Towers with Radar,15,38,27,0,80,0,1,141,0,142,15,39,168,0,222,86,0,86,308
10/30/2000,AZO,MI,AGL,CE,Towers with Radar,12,50,42,0,104,0,5,123,0,128,12,55,165,0,232,188,0,188,420
10/31/2000,AZO,MI,AGL,CE,Towers with Radar,9,53,42,0,104,0,57,89,0,146,9,110,131,0,250,314,0,314,564
11/01/2000,AZO,MI,AGL,CE,Towers with Radar,14,49,71,0,134,0,3,116,0,119,14,52,187,0,253,130,0,130,383
11/02/2000,AZO,MI,AGL,CE,Towers with Radar,11,50,63,2,126,0,5,45,9,59,11,55,108,11,185,112,0,112,297
11/03/2000,AZO,MI,AGL,CE,Towers with Radar,19,48,50,0,117,0,2,66,4,72,19,50,116,4,189,140,0,140,329
11/04/2000,AZO,MI,AGL,CE,Towers with Radar,13,36,29,0,78,0,1,116,0,117,13,37,145,0,195,116,0,116,311
11/05/2000,AZO,MI,AGL,CE,Towers with Radar,7,47,19,0,73,0,6,136,0,142,7,53,155,0,215,114,0,114,329
11/06/2000,AZO,MI,AGL,CE,Towers with Radar,12,55,62,0,129,0,4,45,0,49,12,59,107,0,178,24,0,24,202
11/07/2000,AZO,MI,AGL,CE,Towers with Radar,12,58,44,1,115,0,1,6,0,7,12,59,50,1,122,16,0,16,138
11/08/2000,AZO,MI,AGL,CE,Towers with Radar,14,52,36,1,103,0,3,79,0,82,14,55,115,1,185,164,0,164,349
11/09/2000,AZO,MI,AGL,CE,Towers with Radar,15,43,33,0,91,0,1,0,0,1,15,44,33,0,92,0,0,0,92
11/10/2000,AZO,MI,AGL,CE,Towers with Radar,14,50,46,0,110,2,0,16,0,18,16,50,62,0,128,0,0,0,128
11/11/2000,AZO,MI,AGL,CE,Towers with Radar,11,42,36,0,89,0,5,125,0,130,11,47,161,0,219,130,0,130,349
11/12/2000,AZO,MI,AGL,CE,Towers with Radar,11,44,46,0,101,0,11,56,0,67,11,55,102,0,168,170,0,170,338
11/13/2000,AZO,MI,AGL,CE,Towers with Radar,13,48,40,0,101,0,2,4,0,6,13,50,44,0,107,0,0,0,107
11/14/2000,AZO,MI,AGL,CE,Towers with Radar,13,46,41,0,100,0,2,4,0,6,13,48,45,0,106,0,0,0,106
11/15/2000,AZO,MI,AGL,CE,Towers with Radar,12,54,50,1,117,0,2,46,0,48,12,56,96,1,165,120,0,120,285
11/16/2000,AZO,MI,AGL,CE,Towers with Radar,17,49,40,1,107,0,1,10,0,11,17,50,50,1,118,32,0,32,150
11/17/2000,AZO,MI,AGL,CE,Towers with Radar,15,51,49,0,115,7,0,12,0,19,22,51,61,0,134,6,0,6,140
11/18/2000,AZO,MI,AGL,CE,Towers with Radar,10,40,15,0,65,1,11,11,0,23,11,51,26,0,88,0,0,0,88
11/19/2000,AZO,MI,AGL,CE,Towers with Radar,10,44,13,0,67,0,0,40,0,40,10,44,53,0,107,104,0,104,211
11/20/2000,AZO,MI,AGL,CE,Towers with Radar,6,34,31,1,72,0,1,0,0,1,6,35,31,1,73,0,0,0,73
11/21/2000,AZO,MI,AGL,CE,Towers with Radar,16,42,32,0,90,0,3,1,0,4,16,45,33,0,94,0,0,0,94
11/22/2000,AZO,MI,AGL,CE,Towers with Radar,15,50,53,0,118,0,3,18,0,21,15,53,71,0,139,4,0,4,143
11/23/2000,AZO,MI,AGL,CE,Towers with Radar,11,32,9,0,52,0,1,4,0,5,11,33,13,0,57,32,0,32,89
11/24/2000,AZO,MI,AGL,CE,Towers with Radar,10,32,21,0,63,0,8,99,0,107,10,40,120,0,170,166,0,166,336
11/25/2000,AZO,MI,AGL,CE,Towers with Radar,10,41,27,0,78,0,1,36,0,37,10,42,63,0,115,86,0,86,201
11/26/2000,AZO,MI,AGL,CE,Towers with Radar,9,35,10,0,54,0,1,0,0,1,9,36,10,0,55,0,0,0,55
11/27/2000,AZO,MI,AGL,CE,Towers with Radar,16,49,78,0,143,0,1,13,0,14,16,50,91,0,157,40,0,40,197
11/28/2000,AZO,MI,AGL,CE,Towers with Radar,16,47,23,0,86,0,1,4,0,5,16,48,27,0,91,0,0,0,91
11/29/2000,AZO,MI,AGL,CE,Towers with Radar,13,45,27,0,85,0,0,2,0,2,13,45,29,0,87,0,0,0,87
11/30/2000,AZO,MI,AGL,CE,Towers with Radar,16,57,59,0,132,0,0,36,0,36,16,57,95,0,168,56,0,56,224
12/01/2000,AZO,MI,AGL,CE,Towers with Radar,12,51,63,4,130,1,2,97,0,100,13,53,160,4,230,224,0,224,454
12/02/2000,AZO,MI,AGL,CE,Towers with Radar,8,38,69,0,115,1,0,157,0,158,9,38,226,0,273,84,0,84,357
12/03/2000,AZO,MI,AGL,CE,Towers with Radar,8,43,23,0,74,1,3,137,0,141,9,46,160,0,215,162,0,162,377
12/04/2000,AZO,MI,AGL,CE,Towers with Radar,15,47,51,0,113,0,0,35,0,35,15,47,86,0,148,78,0,78,226
12/05/2000,AZO,MI,AGL,CE,Towers with Radar,14,48,35,0,97,0,0,1,0,1,14,48,36,0,98,0,0,0,98
12/06/2000,AZO,MI,AGL,CE,Towers with Radar,13,49,36,0,98,0,1,33,0,34,13,50,69,0,132,64,0,64,196
12/07/2000,AZO,MI,AGL,CE,Towers with Radar,11,42,35,1,89,0,0,0,0,0,11,42,35,1,89,0,0,0,89
12/08/2000,AZO,MI,AGL,CE,Towers with Radar,13,61,49,2,125,0,5,14,0,19,13,66,63,2,144,2,0,2,146
12/09/2000,AZO,MI,AGL,CE,Towers with Radar,12,33,32,0,77,0,4,103,0,107,12,37,135,0,184,144,0,144,328
12/10/2000,AZO,MI,AGL,CE,Towers with Radar,13,43,16,0,72,0,1,13,0,14,13,44,29,0,86,4,0,4,90
12/11/2000,AZO,MI,AGL,CE,Towers with Radar,4,11,16,0,31,0,0,0,0,0,4,11,16,0,31,0,0,0,31
12/12/2000,AZO,MI,AGL,CE,Towers with Radar,6,53,23,0,82,0,2,7,0,9,6,55,30,0,91,0,0,0,91
12/13/2000,AZO,MI,AGL,CE,Towers with Radar,7,21,38,0,66,0,0,21,0,21,7,21,59,0,87,56,0,56,143
12/14/2000,AZO,MI,AGL,CE,Towers with Radar,28,57,31,1,117,0,5,50,0,55,28,62,81,1,172,36,0,36,208
12/15/2000,AZO,MI,AGL,CE,Towers with Radar,14,49,52,0,115,0,0,2,0,2,14,49,54,0,117,0,0,0,117
12/16/2000,AZO,MI,AGL,CE,Towers with Radar,13,27,4,2,46,0,0,0,0,0,13,27,4,2,46,0,0,0,46
12/17/2000,AZO,MI,AGL,CE,Towers with Radar,12,22,9,0,43,0,0,0,0,0,12,22,9,0,43,0,0,0,43
12/18/2000,AZO,MI,AGL,CE,Towers with Radar,16,35,50,0,101,0,1,22,0,23,16,36,72,0,124,8,0,8,132
12/19/2000,AZO,MI,AGL,CE,Towers with Radar,11,57,60,2,130,0,0,20,0,20,11,57,80,2,150,60,0,60,210
12/20/2000,AZO,MI,AGL,CE,Towers with Radar,12,46,66,0,124,0,0,50,0,50,12,46,116,0,174,44,0,44,218
12/21/2000,AZO,MI,AGL,CE,Towers with Radar,10,50,45,5,110,0,0,0,0,0,10,50,45,5,110,0,0,0,110
12/22/2000,AZO,MI,AGL,CE,Towers with Radar,15,50,37,4,106,0,0,0,0,0,15,50,37,4,106,0,0,0,106
12/23/2000,AZO,MI,AGL,CE,Towers with Radar,13,25,10,0,48,0,0,3,0,3,13,25,13,0,51,0,0,0,51
12/24/2000,AZO,MI,AGL,CE,Towers with Radar,9,36,10,0,55,0,0,0,0,0,9,36,10,0,55,0,0,0,55
12/25/2000,AZO,MI,AGL,CE,Towers with Radar,10,39,4,0,53,0,0,10,0,10,10,39,14,0,63,8,0,8,71
12/26/2000,AZO,MI,AGL,CE,Towers with Radar,7,47,27,0,81,0,0,19,0,19,7,47,46,0,100,0,0,0,100
12/27/2000,AZO,MI,AGL,CE,Towers with Radar,9,32,26,0,67,0,16,5,0,21,9,48,31,0,88,0,0,0,88
12/28/2000,AZO,MI,AGL,CE,Towers with Radar,9,41,32,0,82,0,7,91,0,98,9,48,123,0,180,68,0,68,248
12/29/2000,AZO,MI,AGL,CE,Towers with Radar,10,40,9,2,61,0,0,0,0,0,10,40,9,2,61,0,0,0,61
12/30/2000,AZO,MI,AGL,CE,Towers with Radar,9,30,5,0,44,0,1,0,0,1,9,31,5,0,45,0,0,0,45
12/31/2000,AZO,MI,AGL,CE,Towers with Radar,10,27,20,0,57,0,4,27,0,31,10,31,47,0,88,38,0,38,126
01/01/2001,AZO,MI,AGL,CE,Towers with Radar,11,42,13,0,66,1,0,23,0,24,12,42,36,0,90,0,0,0,90
01/02/2001,AZO,MI,AGL,CE,Towers with Radar,11,52,46,0,109,0,2,48,0,50,11,54,94,0,159,18,0,18,177
01/03/2001,AZO,MI,AGL,CE,Towers with Radar,12,45,18,0,75,0,1,0,0,1,12,46,18,0,76,0,0,0,76
01/04/2001,AZO,MI,AGL,CE,Towers with Radar,18,53,51,0,122,0,1,23,0,24,18,54,74,0,146,98,0,98,244
01/05/2001,AZO,MI,AGL,CE,Towers with Radar,12,52,39,4,107,0,4,9,0,13,12,56,48,4,120,34,0,34,154
01/06/2001,AZO,MI,AGL,CE,Towers with Radar,9,26,38,0,73,0,1,68,0,69,9,27,106,0,142,132,0,132,274
01/07/2001,AZO,MI,AGL,CE,Towers with Radar,8,43,12,0,63,0,2,1,0,3,8,45,13,0,66,0,0,0,66
01/08/2001,AZO,MI,AGL,CE,Towers with Radar,12,49,57,0,118,0,0,85,0,85,12,49,142,0,203,156,0,156,359
01/09/2001,AZO,MI,AGL,CE,Towers with Radar,12,46,40,0,98,0,5,50,0,55,12,51,90,0,153,42,0,42,195
01/10/2001,AZO,MI,AGL,CE,Towers with Radar,13,54,45,0,112,0,10,81,0,91,13,64,126,0,203,268,0,268,471
01/11/2001,AZO,MI,AGL,CE,Towers with Radar,10,56,36,0,102,1,4,114,0,119,11,60,150,0,221,310,0,310,531
01/12/2001,AZO,MI,AGL,CE,Towers with Radar,10,60,49,1,120,1,0,0,0,1,11,60,49,1,121,0,0,0,121
01/13/2001,AZO,MI,AGL,CE,Towers with Radar,10,31,7,0,48,0,0,0,0,0,10,31,7,0,48,0,0,0,48
01/14/2001,AZO,MI,AGL,CE,Towers with Radar,8,30,15,0,53,0,0,0,0,0,8,30,15,0,53,6,0,6,59
01/15/2001,AZO,MI,AGL,CE,Towers with Radar,14,43,33,0,90,0,0,0,0,0,14,43,33,0,90,0,0,0,90
01/16/2001,AZO,MI,AGL,CE,Towers with Radar,13,54,50,0,117,0,1,13,0,14,13,55,63,0,131,40,0,40,171
01/17/2001,AZO,MI,AGL,CE,Towers with Radar,11,47,49,0,107,0,0,9,0,9,11,47,58,0,116,66,0,66,182
01/18/2001,AZO,MI,AGL,CE,Towers with Radar,11,54,30,0,95,0,4,9,0,13,11,58,39,0,108,8,0,8,116
01/19/2001,AZO,MI,AGL,CE,Towers with Radar,12,53,71,3,139,0,1,49,0,50,12,54,120,3,189,172,0,172,361
01/20/2001,AZO,MI,AGL,CE,Towers with Radar,10,30,37,2,79,0,4,156,0,160,10,34,193,2,239,196,0,196,435
01/21/2001,AZO,MI,AGL,CE,Towers with Radar,9,34,30,0,73,1,9,39,0,49,10,43,69,0,122,104,0,104,226
01/22/2001,AZO,MI,AGL,CE,Towers with Radar,12,49,43,0,104,0,3,84,0,87,12,52,127,0,191,304,0,304,495
01/23/2001,AZO,MI,AGL,CE,Towers with Radar,12,60,53,0,125,0,0,24,0,24,12,60,77,0,149,114,0,114,263
01/24/2001,AZO,MI,AGL,CE,Towers with Radar,12,52,57,0,121,0,0,5,0,5,12,52,62,0,126,32,0,32,158
01/25/2001,AZO,MI,AGL,CE,Towers with Radar,12,51,69,1,133,0,4,99,0,103,12,55,168,1,236,238,0,238,474
01/26/2001,AZO,MI,AGL,CE,Towers with Radar,11,41,39,1,92,0,3,37,0,40,11,44,76,1,132,66,0,66,198
01/27/2001,AZO,MI,AGL,CE,Towers with Radar,10,34,25,0,69,0,0,27,0,27,10,34,52,0,96,36,0,36,132
01/28/2001,AZO,MI,AGL,CE,Towers with Radar,10,39,20,0,69,0,6,50,0,56,10,45,70,0,125,162,0,162,287
01/29/2001,AZO,MI,AGL,CE,Towers with Radar,10,39,23,0,72,0,0,1,0,1,10,39,24,0,73,0,0,0,73
01/30/2001,AZO,MI,AGL,CE,Towers with Radar,9,55,47,0,111,0,0,0,0,0,9,55,47,0,111,0,0,0,111
01/31/2001,AZO,MI,AGL,CE,Towers with Radar,12,48,52,1,113,0,3,51,6,60,12,51,103,7,173,144,0,144,317
02/01/2001,AZO,MI,AGL,CE,Towers with Radar,11,49,37,0,97,1,0,49,0,50,12,49,86,0,147,208,0,208,355
02/02/2001,AZO,MI,AGL,CE,Towers with Radar,9,51,26,1,87,1,0,1,0,2,10,51,27,1,89,0,0,0,89
02/03/2001,AZO,MI,AGL,CE,Towers with Radar,10,37,29,0,76,1,2,47,0,50,11,39,76,0,126,120,0,120,246
02/04/2001,AZO,MI,AGL,CE,Towers with Radar,11,42,24,0,77,1,0,3,0,4,12,42,27,0,81,16,0,16,97
02/05/2001,AZO,MI,AGL,CE,Towers with Radar,11,50,31,0,92,0,3,4,0,7,11,53,35,0,99,0,0,0,99
02/06/2001,AZO,MI,AGL,CE,Towers with Radar,10,42,37,0,89,0,3,12,0,15,10,45,49,0,104,26,0,26,130
02/07/2001,AZO,MI,AGL,CE,Towers with Radar,10,48,68,0,126,0,1,66,0,67,10,49,134,0,193,182,0,182,375
02/08/2001,AZO,MI,AGL,CE,Towers with Radar,10,43,43,0,96,0,5,21,0,26,10,48,64,0,122,98,0,98,220
02/09/2001,AZO,MI,AGL,CE,Towers with Radar,9,31,47,0,87,0,1,0,0,1,9,32,47,0,88,0,0,0,88
02/10/2001,AZO,MI,AGL,CE,Towers with Radar,9,35,16,0,60,0,5,11,0,16,9,40,27,0,76,26,0,26,102
02/11/2001,AZO,MI,AGL,CE,Towers with Radar,8,46,36,0,90,0,5,127,0,132,8,51,163,0,222,154,0,154,376
02/12/2001,AZO,MI,AGL,CE,Towers with Radar,10,53,53,0,116,0,2,92,0,94,10,55,145,0,210,142,0,142,352
02/13/2001,AZO,MI,AGL,CE,Towers with Radar,12,46,49,0,107,0,5,10,0,15,12,51,59,0,122,154,0,154,276
02/14/2001,AZO,MI,AGL,CE,Towers with Radar,10,42,20,0,72,0,1,0,0,1,10,43,20,0,73,0,0,0,73
02/15/2001,AZO,MI,AGL,CE,Towers with Radar,11,53,46,0,110,0,5,25,0,30,11,58,71,0,140,6,0,6,146
02/16/2001,AZO,MI,AGL,CE,Towers with Radar,14,59,40,2,115,0,3,20,0,23,14,62,60,2,138,82,0,82,220
02/17/2001,AZO,MI,AGL,CE,Towers with Radar,10,41,26,0,77,0,5,5,0,10,10,46,31,0,87,18,0,18,105
02/18/2001,AZO,MI,AGL,CE,Towers with Radar,8,37,32,0,77,0,2,88,0,90,8,39,120,0,167,190,0,190,357
02/19/2001,AZO,MI,AGL,CE,Towers with Radar,11,52,55,0,118,0,0,44,0,44,11,52,99,0,162,70,0,70,232
02/20/2001,AZO,MI,AGL,CE,Towers with Radar,12,46,48,0,106,0,6,50,0,56,12,52,98,0,162,104,0,104,266
02/21/2001,AZO,MI,AGL,CE,Towers with Radar,13,51,64,0,128,0,2,103,0,105,13,53,167,0,233,300,0,300,533
02/22/2001,AZO,MI,AGL,CE,Towers with Radar,17,48,51,1,117,0,1,3,0,4,17,49,54,1,121,20,0,20,141
02/23/2001,AZO,MI,AGL,CE,Towers with Radar,13,51,46,1,111,0,6,105,0,111,13,57,151,1,222,270,0,270,492
02/24/2001,AZO,MI,AGL,CE,Towers with Radar,5,31,1,0,37,0,0,0,0,0,5,31,1,0,37,4,0,4,41
02/25/2001,AZO,MI,AGL,CE,Towers with Radar,9,34,7,0,50,0,4,5,0,9,9,38,12,0,59,0,0,0,59
02/26/2001,AZO,MI,AGL,CE,Towers with Radar,12,51,37,2,102,0,4,55,0,59,12,55,92,2,161,132,0,132,293
02/27/2001,AZO,MI,AGL,CE,Towers with Radar,11,58,55,0,124,0,0,71,0,71,11,58,126,0,195,88,0,88,283
02/28/2001,AZO,MI,AGL,CE,Towers with Radar,12,49,56,0,117,0,1,65,3,69,12,50,121,3,186,124,0,124,310
03/01/2001,AZO,MI,AGL,CE,Towers with Radar,12,47,47,0,106,0,0,80,0,80,12,47,127,0,186,99,0,99,285
03/02/2001,AZO,MI,AGL,CE,Towers with Radar,14,60,42,0,116,0,0,4,0,4,14,60,46,0,120,26,0,26,146
03/03/2001,AZO,MI,AGL,CE,Towers with Radar,9,40,41,0,90,0,5,151,0,156,9,45,192,0,246,102,0,102,348
03/04/2001,AZO,MI,AGL,CE,Towers with Radar,9,46,23,0,78,0,3,15,0,18,9,49,38,0,96,8,0,8,104
03/05/2001,AZO,MI,AGL,CE,Towers with Radar,12,45,24,0,81,0,0,1,0,1,12,45,25,0,82,0,0,0,82
03/06/2001,AZO,MI,AGL,CE,Towers with Radar,12,43,56,0,111,0,4,43,0,47,12,47,99,0,158,50,0,50,208
03/07/2001,AZO,MI,AGL,CE,Towers with Radar,11,52,48,0,111,0,4,89,0,93,11,56,137,0,204,220,0,220,424
03/08/2001,AZO,MI,AGL,CE,Towers with Radar,10,57,34,4,105,0,5,1,0,6,10,62,35,4,111,0,0,0,111
03/09/2001,AZO,MI,AGL,CE,Towers with Radar,11,59,35,0,105,0,3,16,0,19,11,62,51,0,124,56,0,56,180
03/10/2001,AZO,MI,AGL,CE,Towers with Radar,9,35,30,0,74,2,3,121,0,126,11,38,151,0,200,132,0,132,332
03/11/2001,AZO,MI,AGL,CE,Towers with Radar,8,33,30,0,71,2,25,97,1,125,10,58,127,1,196,174,0,174,370
03/12/2001,AZO,MI,AGL,CE,Towers with Radar,11,59,25,0,95,0,2,13,0,15,11,61,38,0,110,6,0,6,116
03/13/2001,AZO,MI,AGL,CE,Towers with Radar,11,51,34,0,96,1,0,0,0,1,12,51,34,0,97,0,0,0,97
03/14/2001,AZO,MI,AGL,CE,Towers with Radar,14,53,65,0,132,0,1,105,0,106,14,54,170,0,238,216,0,216,454
03/15/2001,AZO,MI,AGL,CE,Towers with Radar,7,47,68,1,123,0,2,14,0,16,7,49,82,1,139,46,0,46,185
03/16/2001,AZO,MI,AGL,CE,Towers with Radar,9,55,38,1,103,0,0,5,0,5,9,55,43,1,108,4,0,4,112
03/17/2001,AZO,MI,AGL,CE,Towers with Radar,5,38,33,0,76,0,3,63,0,66,5,41,96,0,142,162,0,162,304
03/18/2001,AZO,MI,AGL,CE,Towers with Radar,8,36,32,0,76,4,2,175,0,181,12,38,207,0,257,248,0,248,505
03/19/2001,AZO,MI,AGL,CE,Towers with Radar,12,57,71,0,140,0,2,128,0,130,12,59,199,0,270,306,0,306,576
03/20/2001,AZO,MI,AGL,CE,Towers with Radar,10,56,51,0,117,0,0,108,0,108,10,56,159,0,225,216,0,216,441
03/21/2001,AZO,MI,AGL,CE,Towers with Radar,12,60,58,0,130,0,0,157,0,157,12,60,215,0,287,190,0,190,477
03/22/2001,AZO,MI,AGL,CE,Towers with Radar,11,62,65,0,138,0,1,118,0,119,11,63,183,0,257,154,0,154,411
03/23/2001,AZO,MI,AGL,CE,Towers with Radar,16,52,79,0,147,0,4,67,0,71,16,56,146,0,218,152,0,152,370
03/24/2001,AZO,MI,AGL,CE,Towers with Radar,9,36,21,0,66,0,0,23,1,24,9,36,44,1,90,10,0,10,100
03/25/2001,AZO,MI,AGL,CE,Towers with Radar,9,41,14,0,64,0,0,0,0,0,9,41,14,0,64,0,0,0,64
03/26/2001,AZO,MI,AGL,CE,Towers with Radar,12,42,33,1,88,0,1,9,0,10,12,43,42,1,98,0,0,0,98
03/27/2001,AZO,MI,AGL,CE,Towers with Radar,14,46,43,0,103,0,0,56,3,59,14,46,99,3,162,82,0,82,244
03/28/2001,AZO,MI,AGL,CE,Towers with Radar,11,47,42,0,100,0,3,83,0,86,11,50,125,0,186,226,0,226,412
03/29/2001,AZO,MI,AGL,CE,Towers with Radar,16,40,57,0,113,0,2,49,0,51,16,42,106,0,164,204,0,204,368
03/30/2001,AZO,MI,AGL,CE,Towers with Radar,14,50,49,2,115,0,3,87,0,90,14,53,136,2,205,228,0,228,433
03/31/2001,AZO,MI,AGL,CE,Towers with Radar,12,30,41,0,83,0,1,53,0,54,12,31,94,0,137,12,0,12,149
04/01/2001,AZO,MI,AGL,CE,Towers with Radar,11,40,12,0,63,1,1,21,0,23,12,41,33,0,86,34,0,34,120
04/02/2001,AZO,MI,AGL,CE,Towers with Radar,10,47,28,0,85,0,6,84,0,90,10,53,112,0,175,116,0,116,291
04/03/2001,AZO,MI,AGL,CE,Towers with Radar,14,46,65,0,125,0,4,54,0,58,14,50,119,0,183,158,0,158,341
04/04/2001,AZO,MI,AGL,CE,Towers with Radar,14,49,45,2,110,0,2,108,0,110,14,51,153,2,220,170,0,170,390
04/05/2001,AZO,MI,AGL,CE,Towers with Radar,11,45,42,1,99,0,0,60,1,61,11,45,102,2,160,146,0,146,306
04/06/2001,AZO,MI,AGL,CE,Towers with Radar,12,35,40,0,87,0,1,5,0,6,12,36,45,0,93,20,0,20,113
04/07/2001,AZO,MI,AGL,CE,Towers with Radar,0,0,0,0,0,11,33,20,0,64,11,33,20,0,64,8,0,8,72
04/08/2001,AZO,MI,AGL,CE,Towers with Radar,0,0,0,0,0,10,45,94,0,149,10,45,94,0,149,30,0,30,179
04/09/2001,AZO,MI,AGL,CE,Towers with Radar,13,39,47,0,99,0,4,30,0,34,13,43,77,0,133,89,0,89,222
04/10/2001,AZO,MI,AGL,CE,Towers with Radar,8,61,30,0,99,0,0,0,0,0,8,61,30,0,99,0,0,0,99
04/11/2001,AZO,MI,AGL,CE,Towers with Radar,16,37,32,0,85,0,0,4,0,4,16,37,36,0,89,16,0,16,105
04/12/2001,AZO,MI,AGL,CE,Towers with Radar,15,42,24,0,81,0,1,4,0,5,15,43,28,0,86,4,0,4,90
04/13/2001,AZO,MI,AGL,CE,Towers with Radar,14,38,29,0,81,0,3,114,0,117,14,41,143,0,198,198,0,198,396
04/14/2001,AZO,MI,AGL,CE,Towers with Radar,12,28,18,0,58,0,0,90,0,90,12,28,108,0,148,132,0,132,280
04/15/2001,AZO,MI,AGL,CE,Towers with Radar,11,43,17,0,71,0,2,9,0,11,11,45,26,0,82,0,0,0,82
04/16/2001,AZO,MI,AGL,CE,Towers with Radar,15,43,42,0,100,0,1,4,0,5,15,44,46,0,105,12,0,12,117
04/17/2001,AZO,MI,AGL,CE,Towers with Radar,15,39,58,0,112,0,0,20,0,20,15,39,78,0,132,112,0,112,244
04/18/2001,AZO,MI,AGL,CE,Towers with Radar,12,45,47,0,104,0,0,113,0,113,12,45,160,0,217,260,0,260,477
04/19/2001,AZO,MI,AGL,CE,Towers with Radar,12,44,40,0,96,0,0,97,0,97,12,44,137,0,193,158,0,158,351
04/20/2001,AZO,MI,AGL,CE,Towers with Radar,15,49,49,0,113,0,2,23,0,25,15,51,72,0,138,10,0,10,148
04/21/2001,AZO,MI,AGL,CE,Towers with Radar,6,22,19,0,47,6,11,2,0,19,12,33,21,0,66,0,0,0,66
04/22/2001,AZO,MI,AGL,CE,Towers with Radar,12,39,28,0,79,0,0,46,0,46,12,39,74,0,125,88,0,88,213
04/23/2001,AZO,MI,AGL,CE,Towers with Radar,12,51,36,0,99,0,2,19,0,21,12,53,55,0,120,0,0,0,120
04/24/2001,AZO,MI,AGL,CE,Towers with Radar,13,51,51,0,115,0,5,63,0,68,13,56,114,0,183,84,0,84,267
04/25/2001,AZO,MI,AGL,CE,Towers with Radar,14,45,40,0,99,0,0,108,0,108,14,45,148,0,207,208,0,208,415
04/26/2001,AZO,MI,AGL,CE,Towers with Radar,12,41,34,0,87,0,4,70,3,77,12,45,104,3,164,62,0,62,226
04/27/2001,AZO,MI,AGL,CE,Towers with Radar,11,53,44,0,108,0,1,158,0,159,11,54,202,0,267,190,0,190,457
04/28/2001,AZO,MI,AGL,CE,Towers with Radar,9,34,27,0,70,9,15,97,0,121,18,49,124,0,191,154,0,154,345
04/29/2001,AZO,MI,AGL,CE,Towers with Radar,14,43,24,0,81,0,0,116,0,116,14,43,140,0,197,136,0,136,333
04/30/2001,AZO,MI,AGL,CE,Towers with Radar,12,46,36,0,94,0,5,73,0,78,12,51,109,0,172,170,0,170,342
05/01/2001,AZO,MI,AGL,CE,Towers with Radar,12,46,46,0,104,0,0,48,0,48,12,46,94,0,152,110,0,110,262
05/02/2001,AZO,MI,AGL,CE,Towers with Radar,14,48,42,0,104,2,4,72,0,78,16,52,114,0,182,169,0,169,351
05/03/2001,AZO,MI,AGL,CE,Towers with Radar,10,49,41,0,100,1,2,44,0,47,11,51,85,0,147,170,0,170,317
05/04/2001,AZO,MI,AGL,CE,Towers with Radar,11,46,49,0,106,0,1,36,1,38,11,47,85,1,144,188,0,188,332
05/05/2001,AZO,MI,AGL,CE,Towers with Radar,11,39,30,2,82,0,0,260,0,260,11,39,290,2,342,82,0,82,424
05/06/2001,AZO,MI,AGL,CE,Towers with Radar,8,29,25,0,62,2,17,76,0,95,10,46,101,0,157,106,0,106,263
05/07/2001,AZO,MI,AGL,CE,Towers with Radar,11,37,34,0,82,0,2,36,0,38,11,39,70,0,120,116,0,116,236
05/08/2001,AZO,MI,AGL,CE,Towers with Radar,12,47,56,0,115,0,4,73,0,77,12,51,129,0,192,106,0,106,298
05/09/2001,AZO,MI,AGL,CE,Towers with Radar,12,51,30,2,95,0,1,103,0,104,12,52,133,2,199,162,0,162,361
05/10/2001,AZO,MI,AGL,CE,Towers with Radar,14,40,34,0,88,0,1,23,0,24,14,41,57,0,112,44,0,44,156
05/11/2001,AZO,MI,AGL,CE,Towers with Radar,20,38,56,0,114,0,2,10,0,12,20,40,66,0,126,10,0,10,136
05/12/2001,AZO,MI,AGL,CE,Towers with Radar,15,35,29,0,79,0,0,146,0,146,15,35,175,0,225,172,0,172,397
05/13/2001,AZO,MI,AGL,CE,Towers with Radar,9,48,26,0,83,0,6,89,0,95,9,54,115,0,178,174,0,174,352
05/14/2001,AZO,MI,AGL,CE,Towers with Radar,12,42,33,0,87,0,0,59,0,59,12,42,92,0,146,158,0,158,304
05/15/2001,AZO,MI,AGL,CE,Towers with Radar,11,45,43,1,100,0,0,10,1,11,11,45,53,2,111,110,0,110,221
05/16/2001,AZO,MI,AGL,CE,Towers with Radar,13,51,37,0,101,0,2,19,0,21,13,53,56,0,122,62,0,62,184
05/17/2001,AZO,MI,AGL,CE,Towers with Radar,20,33,60,0,113,0,3,72,0,75,20,36,132,0,188,208,0,208,396
05/18/2001,AZO,MI,AGL,CE,Towers with Radar,12,44,41,27,124,0,4,83,0,87,12,48,124,27,211,154,1,155,366
05/19/2001,AZO,MI,AGL,CE,Towers with Radar,8,38,25,0,71,0,2,143,0,145,8,40,168,0,216,66,0,66,282
05/20/2001,AZO,MI,AGL,CE,Towers with Radar,11,36,22,0,69,0,7,97,0,104,11,43,119,0,173,104,0,104,277
05/21/2001,AZO,MI,AGL,CE,Towers with Radar,6,50,36,0,92,0,0,5,0,5,6,50,41,0,97,20,0,20,117
05/22/2001,AZO,MI,AGL,CE,Towers with Radar,14,51,22,0,87,0,5,39,0,44,14,56,61,0,131,144,0,144,275
05/23/2001,AZO,MI,AGL,CE,Towers with Radar,12,41,25,0,78,0,2,44,2,48,12,43,69,2,126,74,0,74,200
05/24/2001,AZO,MI,AGL,CE,Towers with Radar,16,52,49,0,117,0,1,4,0,5,16,53,53,0,122,16,0,16,138
05/25/2001,AZO,MI,AGL,CE,Towers with Radar,14,47,44,0,105,0,0,22,0,22,14,47,66,0,127,131,0,131,258
05/26/2001,AZO,MI,AGL,CE,Towers with Radar,13,34,26,0,73,0,0,3,0,3,13,34,29,0,76,48,0,48,124
05/27/2001,AZO,MI,AGL,CE,Towers with Radar,8,41,12,0,61,0,1,3,0,4,8,42,15,0,65,14,0,14,79
05/28/2001,AZO,MI,AGL,CE,Towers with Radar,12,36,30,0,78,0,3,42,0,45,12,39,72,0,123,108,0,108,231
05/29/2001,AZO,MI,AGL,CE,Towers with Radar,19,40,106,0,165,0,38,93,4,135,19,78,199,4,300,270,0,270,570
05/30/2001,AZO,MI,AGL,CE,Towers with Radar,14,39,68,0,121,0,4,145,0,149,14,43,213,0,270,296,0,296,566
05/31/2001,AZO,MI,AGL,CE,Towers with Radar,12,47,44,0,103,0,7,27,0,34,12,54,71,0,137,169,0,169,306
06/01/2001,AZO,MI,AGL,CE,Towers with Radar,14,50,38,0,102,0,3,4,0,7,14,53,42,0,109,0,0,0,109
06/02/2001,AZO,MI,AGL,CE,Towers with Radar,8,25,28,0,61,3,15,4,0,22,11,40,32,0,83,0,0,0,83
06/03/2001,AZO,MI,AGL,CE,Towers with Radar,16,42,35,0,93,0,7,14,0,21,16,49,49,0,114,120,0,120,234
06/04/2001,AZO,MI,AGL,CE,Towers with Radar,12,49,68,0,129,0,3,109,1,113,12,52,177,1,242,308,0,308,550
06/05/2001,AZO,MI,AGL,CE,Towers with Radar,10,49,61,0,120,0,1,15,0,16,10,50,76,0,136,69,0,69,205
06/06/2001,AZO,MI,AGL,CE,Towers with Radar,13,52,92,0,157,0,2,4,0,6,13,54,96,0,163,12,0,12,175
06/07/2001,AZO,MI,AGL,CE,Towers with Radar,14,49,53,0,116,0,6,114,0,120,14,55,167,0,236,176,0,176,412
06/08/2001,AZO,MI,AGL,CE,Towers with Radar,12,53,79,1,145,0,0,155,0,155,12,53,234,1,300,220,0,220,520
06/09/2001,AZO,MI,AGL,CE,Towers with Radar,11,38,24,0,73,0,2,98,0,100,11,40,122,0,173,154,0,154,327
06/10/2001,AZO,MI,AGL,CE,Towers with Radar,11,46,30,0,87,0,0,66,0,66,11,46,96,0,153,80,0,80,233
06/11/2001,AZO,MI,AGL,CE,Towers with Radar,12,51,49,0,112,0,2,69,1,72,12,53,118,1,184,164,0,164,348
06/12/2001,AZO,MI,AGL,CE,Towers with Radar,14,48,56,0,118,0,0,70,0,70,14,48,126,0,188,160,0,160,348
06/13/2001,AZO,MI,AGL,CE,Towers with Radar,13,57,45,0,115,0,0,75,2,77,13,57,120,2,192,132,0,132,324
06/14/2001,AZO,MI,AGL,CE,Towers with Radar,12,50,59,0,121,0,0,55,0,55,12,50,114,0,176,102,0,102,278
06/15/2001,AZO,MI,AGL,CE,Towers with Radar,10,43,37,2,92,0,2,19,0,21,10,45,56,2,113,56,0,56,169
06/16/2001,AZO,MI,AGL,CE,Towers with Radar,11,35,33,0,79,0,3,117,0,120,11,38,150,0,199,136,0,136,335
06/17/2001,AZO,MI,AGL,CE,Towers with Radar,10,46,24,1,81,0,3,114,0,117,10,49,138,1,198,72,0,72,270
06/18/2001,AZO,MI,AGL,CE,Towers with Radar,11,52,36,0,99,1,0,36,0,37,12,52,72,0,136,68,0,68,204
06/19/2001,AZO,MI,AGL,CE,Towers with Radar,18,45,32,0,95,0,0,48,3,51,18,45,80,3,146,84,0,84,230
06/20/2001,AZO,MI,AGL,CE,Towers with Radar,15,42,60,0,117,4,0,160,0,164,19,42,220,0,281,388,0,388,669
06/21/2001,AZO,MI,AGL,CE,Towers with Radar,12,50,69,0,131,0,1,14,0,15,12,51,83,0,146,36,0,36,182
06/22/2001,AZO,MI,AGL,CE,Towers with Radar,16,40,69,0,125,0,3,86,0,89,16,43,155,0,214,82,0,82,296
06/23/2001,AZO,MI,AGL,CE,Towers with Radar,12,40,55,0,107,0,3,100,0,103,12,43,155,0,210,114,0,114,324
06/24/2001,AZO,MI,AGL,CE,Towers with Radar,16,41,27,0,84,0,4,100,0,104,16,45,127,0,188,116,0,116,304
06/25/2001,AZO,MI,AGL,CE,Towers with Radar,10,51,55,0,116,0,2,148,0,150,10,53,203,0,266,334,0,334,600
06/26/2001,AZO,MI,AGL,CE,Towers with Radar,8,53,32,0,93,0,0,167,1,168,8,53,199,1,261,292,0,292,553
06/27/2001,AZO,MI,AGL,CE,Towers with Radar,12,48,43,0,103,0,1,91,0,92,12,49,134,0,195,144,0,144,339
06/28/2001,AZO,MI,AGL,CE,Towers with Radar,9,57,64,9,139,0,8,117,0,125,9,65,181,9,264,242,0,242,506
06/29/2001,AZO,MI,AGL,CE,Towers with Radar,11,57,54,0,122,0,10,60,0,70,11,67,114,0,192,158,0,158,350
06/30/2001,AZO,MI,AGL,CE,Towers with Radar,12,43,41,0,96,0,0,68,0,68,12,43,109,0,164,52,0,52,216
07/01/2001,AZO,MI,AGL,CE,Towers with Radar,11,41,32,0,84,0,4,49,0,53,11,45,81,0,137,32,0,32,169
07/02/2001,AZO,MI,AGL,CE,Towers with Radar,10,49,50,0,109,0,3,151,0,154,10,52,201,0,263,208,0,208,471
07/03/2001,AZO,MI,AGL,CE,Towers with Radar,12,45,73,2,132,0,4,87,0,91,12,49,160,2,223,188,0,188,411
07/04/2001,AZO,MI,AGL,CE,Towers with Radar,8,40,21,0,69,0,9,38,0,47,8,49,59,0,116,64,0,64,180
07/05/2001,AZO,MI,AGL,CE,Towers with Radar,13,54,37,2,106,0,1,113,0,114,13,55,150,2,220,158,0,158,378
07/06/2001,AZO,MI,AGL,CE,Towers with Radar,10,54,54,1,119,0,2,99,1,102,10,56,153,2,221,178,0,178,399
07/07/2001,AZO,MI,AGL,CE,Towers with Radar,14,40,20,2,76,0,2,11,0,13,14,42,31,2,89,18,0,18,107
07/08/2001,AZO,MI,AGL,CE,Towers with Radar,11,45,32,0,88,0,0,83,0,83,11,45,115,0,171,106,0,106,277
07/09/2001,AZO,MI,AGL,CE,Towers with Radar,10,55,42,2,109,0,0,84,0,84,10,55,126,2,193,204,0,204,397
07/10/2001,AZO,MI,AGL,CE,Towers with Radar,11,50,72,2,135,0,8,124,2,134,11,58,196,4,269,162,0,162,431
07/11/2001,AZO,MI,AGL,CE,Towers with Radar,13,49,75,0,137,0,4,157,0,161,13,53,232,0,298,280,0,280,578
07/12/2001,AZO,MI,AGL,CE,Towers with Radar,10,59,72,0,141,0,0,128,0,128,10,59,200,0,269,284,0,284,553
07/13/2001,AZO,MI,AGL,CE,Towers with Radar,12,56,62,0,130,0,2,170,3,175,12,58,232,3,305,328,0,328,633
07/14/2001,AZO,MI,AGL,CE,Towers with Radar,8,48,22,0,78,0,2,92,0,94,8,50,114,0,172,92,0,92,264
07/15/2001,AZO,MI,AGL,CE,Towers with Radar,12,51,26,3,92,0,3,111,0,114,12,54,137,3,206,198,0,198,404
07/16/2001,AZO,MI,AGL,CE,Towers with Radar,12,56,49,0,117,0,0,84,0,84,12,56,133,0,201,297,0,297,498
07/17/2001,AZO,MI,AGL,CE,Towers with Radar,17,47,57,0,121,0,7,56,0,63,17,54,113,0,184,178,0,178,362
07/18/2001,AZO,MI,AGL,CE,Towers with Radar,11,55,87,0,153,0,0,25,0,25,11,55,112,0,178,56,0,56,234
07/19/2001,AZO,MI,AGL,CE,Towers with Radar,12,55,61,0,128,0,0,57,0,57,12,55,118,0,185,114,0,114,299
07/20/2001,AZO,MI,AGL,CE,Towers with Radar,12,49,42,0,103,0,1,71,0,72,12,50,113,0,175,106,0,106,281
07/21/2001,AZO,MI,AGL,CE,Towers with Radar,6,42,39,0,87,0,2,52,0,54,6,44,91,0,141,112,0,112,253
07/22/2001,AZO,MI,AGL,CE,Towers with Radar,11,44,36,0,91,0,3,100,2,105,11,47,136,2,196,192,0,192,388
07/23/2001,AZO,MI,AGL,CE,Towers with Radar,11,53,59,0,123,0,1,21,0,22,11,54,80,0,145,22,0,22,167
07/24/2001,AZO,MI,AGL,CE,Towers with Radar,10,58,56,0,124,0,1,81,0,82,10,59,137,0,206,140,0,140,346
07/25/2001,AZO,MI,AGL,CE,Towers with Radar,39,50,24,0,113,0,0,22,0,22,39,50,46,0,135,34,0,34,169
07/26/2001,AZO,MI,AGL,CE,Towers with Radar,10,60,67,0,137,0,0,145,0,145,10,60,212,0,282,164,0,164,446
07/27/2001,AZO,MI,AGL,CE,Towers with Radar,12,52,79,0,143,0,4,138,0,142,12,56,217,0,285,148,0,148,433
07/28/2001,AZO,MI,AGL,CE,Towers with Radar,18,34,26,0,78,0,6,69,3,78,18,40,95,3,156,136,0,136,292
07/29/2001,AZO,MI,AGL,CE,Towers with Radar,8,43,55,0,106,0,4,33,0,37,8,47,88,0,143,38,0,38,181
07/30/2001,AZO,MI,AGL,CE,Towers with Radar,12,54,60,0,126,0,4,93,1,98,12,58,153,1,224,236,0,236,460
07/31/2001,AZO,MI,AGL,CE,Towers with Radar,11,52,62,0,125,0,0,90,0,90,11,52,152,0,215,166,0,166,381
08/01/2001,AZO,MI,AGL,CE,Towers with Radar,9,56,38,1,104,1,2,88,0,91,10,58,126,1,195,206,0,206,401
08/02/2001,AZO,MI,AGL,CE,Towers with Radar,11,52,59,0,122,0,0,19,0,19,11,52,78,0,141,96,0,96,237
08/03/2001,AZO,MI,AGL,CE,Towers with Radar,12,56,53,0,121,1,6,109,0,116,13,62,162,0,237,334,0,334,571
08/04/2001,AZO,MI,AGL,CE,Towers with Radar,7,47,28,0,82,1,1,112,0,114,8,48,140,0,196,152,0,152,348
08/05/2001,AZO,MI,AGL,CE,Towers with Radar,8,48,19,2,77,1,3,114,0,118,9,51,133,2,195,134,0,134,329
08/06/2001,AZO,MI,AGL,CE,Towers with Radar,12,56,65,0,133,0,3,84,0,87,12,59,149,0,220,214,0,214,434
08/07/2001,AZO,MI,AGL,CE,Towers with Radar,12,50,46,0,108,0,9,61,0,70,12,59,107,0,178,176,0,176,354
08/08/2001,AZO,MI,AGL,CE,Towers with Radar,12,55,54,2,123,0,2,44,0,46,12,57,98,2,169,94,0,94,263
08/09/2001,AZO,MI,AGL,CE,Towers with Radar,11,46,52,0,109,0,6,30,0,36,11,52,82,0,145,96,0,96,241
08/10/2001,AZO,MI,AGL,CE,Towers with Radar,22,51,58,0,131,0,5,118,2,125,22,56,176,2,256,188,0,188,444
08/11/2001,AZO,MI,AGL,CE,Towers with Radar,8,47,30,0,85,0,5,115,0,120,8,52,145,0,205,194,0,194,399
08/12/2001,AZO,MI,AGL,CE,Towers with Radar,10,45,36,0,91,0,10,127,0,137,10,55,163,0,228,74,0,74,302
08/13/2001,AZO,MI,AGL,CE,Towers with Radar,11,57,53,0,121,0,2,71,0,73,11,59,124,0,194,136,0,136,330
08/14/2001,AZO,MI,AGL,CE,Towers with Radar,12,50,48,0,110,0,3,124,0,127,12,53,172,0,237,216,0,216,453
08/15/2001,AZO,MI,AGL,CE,Towers with Radar,10,48,33,0,91,0,1,107,0,108,10,49,140,0,199,164,0,164,363
08/16/2001,AZO,MI,AGL,CE,Towers with Radar,11,49,36,0,96,3,0,0,0,3,14,49,36,0,99,0,0,0,99
08/17/2001,AZO,MI,AGL,CE,Towers with Radar,12,54,72,0,138,0,5,42,0,47,12,59,114,0,185,132,0,132,317
08/18/2001,AZO,MI,AGL,CE,Towers with Radar,10,43,34,0,87,0,2,91,0,93,10,45,125,0,180,20,0,20,200
08/19/2001,AZO,MI,AGL,CE,Towers with Radar,9,52,38,0,99,0,2,6,0,8,9,54,44,0,107,43,0,43,150
08/20/2001,AZO,MI,AGL,CE,Towers with Radar,10,58,69,0,137,0,7,118,0,125,10,65,187,0,262,268,0,268,530
08/21/2001,AZO,MI,AGL,CE,Towers with Radar,8,54,55,0,117,0,0,111,0,111,8,54,166,0,228,190,0,190,418
08/22/2001,AZO,MI,AGL,CE,Towers with Radar,10,43,28,0,81,0,1,0,0,1,10,44,28,0,82,0,0,0,82
08/23/2001,AZO,MI,AGL,CE,Towers with Radar,13,60,54,0,127,0,4,37,0,41,13,64,91,0,168,172,0,172,340
08/24/2001,AZO,MI,AGL,CE,Towers with Radar,11,63,91,0,165,0,1,27,0,28,11,64,118,0,193,8,0,8,201
08/25/2001,AZO,MI,AGL,CE,Towers with Radar,8,42,14,0,64,0,1,7,0,8,8,43,21,0,72,10,0,10,82
08/26/2001,AZO,MI,AGL,CE,Towers with Radar,15,47,44,0,106,0,1,24,0,25,15,48,68,0,131,120,0,120,251
08/27/2001,AZO,MI,AGL,CE,Towers with Radar,13,59,39,0,111,0,4,51,0,55,13,63,90,0,166,54,0,54,220
08/28/2001,AZO,MI,AGL,CE,Towers with Radar,13,53,70,0,136,0,5,136,2,143,13,58,206,2,279,320,0,320,599
08/29/2001,AZO,MI,AGL,CE,Towers with Radar,13,53,63,0,129,0,6,125,0,131,13,59,188,0,260,302,0,302,562
08/30/2001,AZO,MI,AGL,CE,Towers with Radar,10,53,36,0,99,0,10,74,0,84,10,63,110,0,183,102,0,102,285
08/31/2001,AZO,MI,AGL,CE,Towers with Radar,12,52,55,0,119,0,4,85,0,89,12,56,140,0,208,126,0,126,334
09/01/2001,AZO,MI,AGL,CE,Towers with Radar,10,46,21,0,77,1,0,109,0,110,11,46,130,0,187,144,0,144,331
09/02/2001,AZO,MI,AGL,CE,Towers with Radar,15,68,30,0,113,0,0,94,0,94,15,68,124,0,207,118,0,118,325
09/03/2001,AZO,MI,AGL,CE,Towers with Radar,9,53,23,0,85,1,1,56,0,58,10,54,79,0,143,74,0,74,217
09/04/2001,AZO,MI,AGL,CE,Towers with Radar,12,66,59,0,137,0,3,107,0,110,12,69,166,0,247,226,0,226,473
09/05/2001,AZO,MI,AGL,CE,Towers with Radar,11,60,37,1,109,1,0,124,0,125,12,60,161,1,234,212,0,212,446
09/06/2001,AZO,MI,AGL,CE,Towers with Radar,11,62,45,0,118,5,36,69,0,110,16,98,114,0,228,282,0,282,510
09/07/2001,AZO,MI,AGL,CE,Towers with Radar,6,54,48,0,108,0,14,7,0,21,6,68,55,0,129,0,0,0,129
09/08/2001,AZO,MI,AGL,CE,Towers with Radar,0,0,0,0,0,0,0,0,0,0,0,0,0,0,0,0,0,0,0
09/09/2001,AZO,MI,AGL,CE,Towers with Radar,10,47,25,0,82,0,0,1,0,1,10,47,26,0,83,0,0,0,83
09/10/2001,AZO,MI,AGL,CE,Towers with Radar,12,64,56,0,132,0,4,83,0,87,12,68,139,0,219,130,0,130,349
09/11/2001,AZO,MI,AGL,CE,Towers with Radar,2,15,6,0,23,0,0,19,0,19,2,15,25,0,42,42,0,42,84
09/12/2001,AZO,MI,AGL,CE,Towers with Radar,0,0,0,0,0,0,2,0,0,2,0,2,0,0,2,0,0,0,2
09/13/2001,AZO,MI,AGL,CE,Towers with Radar,0,18,1,0,19,0,0,1,0,1,0,18,2,0,20,0,0,0,20
09/14/2001,AZO,MI,AGL,CE,Towers with Radar,5,48,4,0,57,0,2,0,0,2,5,50,4,0,59,0,0,0,59
09/15/2001,AZO,MI,AGL,CE,Towers with Radar,8,37,40,0,85,0,2,0,0,2,8,39,40,0,87,0,0,0,87
09/16/2001,AZO,MI,AGL,CE,Towers with Radar,9,44,59,0,112,0,1,1,0,2,9,45,60,0,114,0,0,0,114
09/17/2001,AZO,MI,AGL,CE,Towers with Radar,10,53,54,2,119,0,5,0,0,5,10,58,54,2,124,0,0,0,124
09/18/2001,AZO,MI,AGL,CE,Towers with Radar,11,52,54,0,117,0,3,1,0,4,11,55,55,0,121,0,0,0,121
09/19/2001,AZO,MI,AGL,CE,Towers with Radar,8,58,45,0,111,0,1,0,0,1,8,59,45,0,112,0,0,0,112
09/20/2001,AZO,MI,AGL,CE,Towers with Radar,8,61,78,0,147,0,2,12,0,14,8,63,90,0,161,0,0,0,161
09/21/2001,AZO,MI,AGL,CE,Towers with Radar,8,49,26,14,97,0,0,15,0,15,8,49,41,14,112,0,0,0,112
09/22/2001,AZO,MI,AGL,CE,Towers with Radar,7,45,44,0,96,0,2,56,0,58,7,47,100,0,154,84,0,84,238
09/23/2001,AZO,MI,AGL,CE,Towers with Radar,11,49,18,0,78,0,0,18,0,18,11,49,36,0,96,16,0,16,112
09/24/2001,AZO,MI,AGL,CE,Towers with Radar,7,56,49,0,112,0,2,25,0,27,7,58,74,0,139,44,0,44,183
09/25/2001,AZO,MI,AGL,CE,Towers with Radar,4,65,55,0,124,0,8,17,0,25,4,73,72,0,149,0,0,0,149
09/26/2001,AZO,MI,AGL,CE,Towers with Radar,6,61,105,0,172,0,0,17,0,17,6,61,122,0,189,28,0,28,217
09/27/2001,AZO,MI,AGL,CE,Towers with Radar,8,57,61,2,128,0,1,92,0,93,8,58,153,2,221,221,0,221,442
09/28/2001,AZO,MI,AGL,CE,Towers with Radar,8,55,76,2,141,0,2,67,0,69,8,57,143,2,210,190,0,190,400
09/29/2001,AZO,MI,AGL,CE,Towers with Radar,5,45,60,0,110,0,0,222,0,222,5,45,282,0,332,248,0,248,580
09/30/2001,AZO,MI,AGL,CE,Towers with Radar,7,42,36,0,85,2,5,150,0,157,9,47,186,0,242,180,0,180,422
10/01/2001,AZO,MI,AGL,CE,Towers with Radar,12,48,48,0,108,0,10,90,0,100,12,58,138,0,208,180,0,180,388
10/02/2001,AZO,MI,AGL,CE,Towers with Radar,12,53,78,2,145,0,0,121,0,121,12,53,199,2,266,300,0,300,566
10/03/2001,AZO,MI,AGL,CE,Towers with Radar,11,49,50,0,110,1,8,57,1,67,12,57,107,1,177,94,0,94,271
10/04/2001,AZO,MI,AGL,CE,Towers with Radar,11,54,88,2,155,0,0,39,0,39,11,54,127,2,194,122,0,122,316
10/05/2001,AZO,MI,AGL,CE,Towers with Radar,11,48,66,0,125,0,0,9,0,9,11,48,75,0,134,0,0,0,134
10/06/2001,AZO,MI,AGL,CE,Towers with Radar,11,45,36,0,92,0,0,46,0,46,11,45,82,0,138,26,0,26,164
10/07/2001,AZO,MI,AGL,CE,Towers with Radar,12,42,33,0,87,0,2,88,0,90,12,44,121,0,177,66,0,66,243
10/08/2001,AZO,MI,AGL,CE,Towers with Radar,12,48,50,0,110,0,4,102,0,106,12,52,152,0,216,228,0,228,444
10/09/2001,AZO,MI,AGL,CE,Towers with Radar,12,50,51,0,113,0,1,78,0,79,12,51,129,0,192,128,0,128,320
10/10/2001,AZO,MI,AGL,CE,Towers with Radar,12,48,62,0,122,0,0,22,0,22,12,48,84,0,144,76,0,76,220
10/11/2001,AZO,MI,AGL,CE,Towers with Radar,12,48,56,0,116,0,0,52,0,52,12,48,108,0,168,102,0,102,270
10/12/2001,AZO,MI,AGL,CE,Towers with Radar,10,48,32,0,90,0,6,2,0,8,10,54,34,0,98,0,0,0,98
10/13/2001,AZO,MI,AGL,CE,Towers with Radar,11,45,8,0,64,0,0,2,0,2,11,45,10,0,66,0,0,0,66
10/14/2001,AZO,MI,AGL,CE,Towers with Radar,11,37,31,0,79,0,5,19,0,24,11,42,50,0,103,46,0,46,149
10/15/2001,AZO,MI,AGL,CE,Towers with Radar,12,42,41,0,95,0,0,47,0,47,12,42,88,0,142,114,0,114,256
10/16/2001,AZO,MI,AGL,CE,Towers with Radar,8,45,36,0,89,0,0,0,0,0,8,45,36,0,89,0,0,0,89
10/17/2001,AZO,MI,AGL,CE,Towers with Radar,12,46,94,0,152,0,2,150,0,152,12,48,244,0,304,256,0,256,560
10/18/2001,AZO,MI,AGL,CE,Towers with Radar,12,49,59,2,122,0,0,106,0,106,12,49,165,2,228,180,0,180,408
10/19/2001,AZO,MI,AGL,CE,Towers with Radar,12,47,55,0,114,0,1,77,0,78,12,48,132,0,192,272,0,272,464
10/20/2001,AZO,MI,AGL,CE,Towers with Radar,11,39,35,0,85,0,4,116,0,120,11,43,151,0,205,88,0,88,293
10/21/2001,AZO,MI,AGL,CE,Towers with Radar,10,43,32,0,85,0,0,97,2,99,10,43,129,2,184,106,0,106,290
10/22/2001,AZO,MI,AGL,CE,Towers with Radar,8,48,64,0,120,0,1,92,0,93,8,49,156,0,213,170,0,170,383
10/23/2001,AZO,MI,AGL,CE,Towers with Radar,12,42,59,2,115,0,0,11,0,11,12,42,70,2,126,22,0,22,148
10/24/2001,AZO,MI,AGL,CE,Towers with Radar,13,40,66,0,119,0,4,31,0,35,13,44,97,0,154,0,0,0,154
10/25/2001,AZO,MI,AGL,CE,Towers with Radar,11,38,31,0,80,0,2,3,0,5,11,40,34,0,85,0,0,0,85
10/26/2001,AZO,MI,AGL,CE,Towers with Radar,12,51,31,0,94,0,0,0,0,0,12,51,31,0,94,0,0,0,94
10/27/2001,AZO,MI,AGL,CE,Towers with Radar,3,44,26,0,73,0,1,50,0,51,3,45,76,0,124,80,0,80,204
10/28/2001,AZO,MI,AGL,CE,Towers with Radar,11,43,24,0,78,0,0,115,0,115,11,43,139,0,193,72,0,72,265
10/29/2001,AZO,MI,AGL,CE,Towers with Radar,12,47,47,0,106,0,1,130,0,131,12,48,177,0,237,154,0,154,391
10/30/2001,AZO,MI,AGL,CE,Towers with Radar,12,48,61,0,121,0,4,90,0,94,12,52,151,0,215,218,0,218,433
10/31/2001,AZO,MI,AGL,CE,Towers with Radar,8,46,46,2,102,0,1,81,1,83,8,47,127,3,185,220,0,220,405
11/01/2001,AZO,MI,AGL,CE,Towers with Radar,9,49,28,0,86,1,2,14,0,17,10,51,42,0,103,0,0,0,103
11/02/2001,AZO,MI,AGL,CE,Towers with Radar,11,50,52,0,113,0,2,77,0,79,11,52,129,0,192,140,0,140,332
11/03/2001,AZO,MI,AGL,CE,Towers with Radar,10,52,33,0,95,1,3,136,0,140,11,55,169,0,235,144,0,144,379
11/04/2001,AZO,MI,AGL,CE,Towers with Radar,11,38,15,0,64,0,4,58,50,112,11,42,73,50,176,130,0,130,306
11/05/2001,AZO,MI,AGL,CE,Towers with Radar,11,48,60,0,119,1,1,140,0,142,12,49,200,0,261,344,0,344,605
11/06/2001,AZO,MI,AGL,CE,Towers with Radar,12,46,61,0,119,0,4,101,0,105,12,50,162,0,224,190,0,190,414
11/07/2001,AZO,MI,AGL,CE,Towers with Radar,12,57,62,0,131,0,1,105,0,106,12,58,167,0,237,270,0,270,507
11/08/2001,AZO,MI,AGL,CE,Towers with Radar,12,50,59,2,123,0,1,24,0,25,12,51,83,2,148,8,0,8,156
11/09/2001,AZO,MI,AGL,CE,Towers with Radar,12,47,49,1,109,0,2,92,0,94,12,49,141,1,203,144,0,144,347
11/10/2001,AZO,MI,AGL,CE,Towers with Radar,11,37,31,0,79,0,9,124,0,133,11,46,155,0,212,160,0,160,372
11/11/2001,AZO,MI,AGL,CE,Towers with Radar,9,34,33,0,76,2,6,124,0,132,11,40,157,0,208,102,0,102,310
11/12/2001,AZO,MI,AGL,CE,Towers with Radar,12,55,54,0,121,0,6,57,2,65,12,61,111,2,186,132,0,132,318
11/13/2001,AZO,MI,AGL,CE,Towers with Radar,12,46,49,0,107,0,4,63,0,67,12,50,112,0,174,129,0,129,303
11/14/2001,AZO,MI,AGL,CE,Towers with Radar,13,55,72,0,140,0,0,11,0,11,13,55,83,0,151,0,0,0,151
11/15/2001,AZO,MI,AGL,CE,Towers with Radar,13,41,54,2,110,0,7,13,0,20,13,48,67,2,130,6,0,6,136
11/16/2001,AZO,MI,AGL,CE,Towers with Radar,12,48,57,2,119,0,5,50,0,55,12,53,107,2,174,62,0,62,236
11/17/2001,AZO,MI,AGL,CE,Towers with Radar,4,57,75,0,136,0,1,4,0,5,4,58,79,0,141,10,0,10,151
11/18/2001,AZO,MI,AGL,CE,Towers with Radar,6,21,20,0,47,1,0,0,0,1,7,21,20,0,48,0,0,0,48
11/19/2001,AZO,MI,AGL,CE,Towers with Radar,10,42,41,0,93,2,3,3,0,8,12,45,44,0,101,6,0,6,107
11/20/2001,AZO,MI,AGL,CE,Towers with Radar,10,49,68,0,127,0,3,118,0,121,10,52,186,0,248,235,0,235,483
11/21/2001,AZO,MI,AGL,CE,Towers with Radar,12,44,48,0,104,0,8,97,0,105,12,52,145,0,209,70,0,70,279
11/22/2001,AZO,MI,AGL,CE,Towers with Radar,8,32,7,0,47,0,2,32,0,34,8,34,39,0,81,18,0,18,99
11/23/2001,AZO,MI,AGL,CE,Towers with Radar,10,36,23,0,69,0,6,105,0,111,10,42,128,0,180,132,0,132,312
11/24/2001,AZO,MI,AGL,CE,Towers with Radar,11,43,7,0,61,0,2,6,0,8,11,45,13,0,69,0,0,0,69
11/25/2001,AZO,MI,AGL,CE,Towers with Radar,11,40,25,0,76,0,2,8,0,10,11,42,33,0,86,2,0,2,88
11/26/2001,AZO,MI,AGL,CE,Towers with Radar,11,47,61,0,119,0,2,70,4,76,11,49,131,4,195,116,0,116,311
11/27/2001,AZO,MI,AGL,CE,Towers with Radar,12,49,39,0,100,0,0,23,0,23,12,49,62,0,123,56,0,56,179
11/28/2001,AZO,MI,AGL,CE,Towers with Radar,12,40,59,0,111,0,0,4,0,4,12,40,63,0,115,36,0,36,151
11/29/2001,AZO,MI,AGL,CE,Towers with Radar,12,50,39,0,101,0,0,1,0,1,12,50,40,0,102,0,0,0,102
11/30/2001,AZO,MI,AGL,CE,Towers with Radar,13,47,40,3,103,0,0,1,0,1,13,47,41,3,104,0,0,0,104
12/01/2001,AZO,MI,AGL,CE,Towers with Radar,10,37,26,0,73,1,1,37,0,39,11,38,63,0,112,36,0,36,148
12/02/2001,AZO,MI,AGL,CE,Towers with Radar,10,30,26,0,66,1,1,39,0,41,11,31,65,0,107,56,0,56,163
12/03/2001,AZO,MI,AGL,CE,Towers with Radar,10,49,57,0,116,1,1,140,0,142,11,50,197,0,258,190,0,190,448
12/04/2001,AZO,MI,AGL,CE,Towers with Radar,11,46,46,0,103,1,2,38,0,41,12,48,84,0,144,82,0,82,226
12/05/2001,AZO,MI,AGL,CE,Towers with Radar,10,45,50,0,105,1,0,48,0,49,11,45,98,0,154,62,0,62,216
12/06/2001,AZO,MI,AGL,CE,Towers with Radar,11,47,43,0,101,0,2,102,0,104,11,49,145,0,205,110,0,110,315
12/07/2001,AZO,MI,AGL,CE,Towers with Radar,8,44,39,0,91,0,0,32,2,34,8,44,71,2,125,28,0,28,153
12/08/2001,AZO,MI,AGL,CE,Towers with Radar,11,36,42,0,89,0,1,42,0,43,11,37,84,0,132,0,0,0,132
12/09/2001,AZO,MI,AGL,CE,Towers with Radar,10,42,36,0,88,0,2,122,0,124,10,44,158,0,212,134,0,134,346
12/10/2001,AZO,MI,AGL,CE,Towers with Radar,13,42,52,0,107,0,2,101,0,103,13,44,153,0,210,96,0,96,306
12/11/2001,AZO,MI,AGL,CE,Towers with Radar,12,50,49,0,111,0,1,93,0,94,12,51,142,0,205,148,0,148,353
12/12/2001,AZO,MI,AGL,CE,Towers with Radar,17,47,69,0,133,0,0,1,0,1,17,47,70,0,134,0,0,0,134
12/13/2001,AZO,MI,AGL,CE,Towers with Radar,13,48,65,0,126,0,0,3,0,3,13,48,68,0,129,0,0,0,129
12/14/2001,AZO,MI,AGL,CE,Towers with Radar,14,42,21,0,77,0,0,0,0,0,14,42,21,0,77,0,0,0,77
12/15/2001,AZO,MI,AGL,CE,Towers with Radar,8,23,11,0,42,0,0,0,0,0,8,23,11,0,42,0,0,0,42
12/16/2001,AZO,MI,AGL,CE,Towers with Radar,11,40,31,0,82,0,0,36,0,36,11,40,67,0,118,60,0,60,178
12/17/2001,AZO,MI,AGL,CE,Towers with Radar,12,48,23,0,83,0,0,0,0,0,12,48,23,0,83,2,0,2,85
12/18/2001,AZO,MI,AGL,CE,Towers with Radar,11,55,60,0,126,0,0,84,3,87,11,55,144,3,213,134,0,134,347
12/19/2001,AZO,MI,AGL,CE,Towers with Radar,12,46,39,0,97,0,3,4,0,7,12,49,43,0,104,18,0,18,122
12/20/2001,AZO,MI,AGL,CE,Towers with Radar,12,66,48,0,126,0,2,55,1,58,12,68,103,1,184,62,0,62,246
12/21/2001,AZO,MI,AGL,CE,Towers with Radar,9,49,44,0,102,0,5,102,0,107,9,54,146,0,209,124,0,124,333
12/22/2001,AZO,MI,AGL,CE,Towers with Radar,12,34,19,0,65,0,2,61,0,63,12,36,80,0,128,56,0,56,184
12/23/2001,AZO,MI,AGL,CE,Towers with Radar,12,40,12,0,64,0,2,3,0,5,12,42,15,0,69,0,0,0,69
12/24/2001,AZO,MI,AGL,CE,Towers with Radar,12,33,6,0,51,0,0,0,0,0,12,33,6,0,51,0,0,0,51
12/25/2001,AZO,MI,AGL,CE,Towers with Radar,12,35,2,0,49,0,1,0,0,1,12,36,2,0,50,0,0,0,50
12/26/2001,AZO,MI,AGL,CE,Towers with Radar,12,44,17,0,73,0,0,2,0,2,12,44,19,0,75,0,0,0,75
12/27/2001,AZO,MI,AGL,CE,Towers with Radar,12,50,20,0,82,0,0,1,0,1,12,50,21,0,83,0,0,0,83
12/28/2001,AZO,MI,AGL,CE,Towers with Radar,10,37,17,0,64,0,0,0,0,0,10,37,17,0,64,0,0,0,64
12/29/2001,AZO,MI,AGL,CE,Towers with Radar,11,35,3,0,49,0,0,0,0,0,11,35,3,0,49,0,0,0,49
12/30/2001,AZO,MI,AGL,CE,Towers with Radar,8,38,7,0,53,0,0,0,0,0,8,38,7,0,53,0,0,0,53
12/31/2001,AZO,MI,AGL,CE,Towers with Radar,9,37,23,0,69,0,0,4,0,4,9,37,27,0,73,0,0,0,73
01/01/2002,AZO,MI,AGL,CE,Towers with Radar,11,34,28,0,73,1,1,29,0,31,12,35,57,0,104,32,0,32,136
01/02/2002,AZO,MI,AGL,CE,Towers with Radar,10,51,42,1,104,0,5,43,0,48,10,56,85,1,152,30,0,30,182
01/03/2002,AZO,MI,AGL,CE,Towers with Radar,13,53,38,0,104,0,2,58,0,60,13,55,96,0,164,77,0,77,241
01/04/2002,AZO,MI,AGL,CE,Towers with Radar,12,45,36,0,93,0,0,54,0,54,12,45,90,0,147,72,0,72,219
01/05/2002,AZO,MI,AGL,CE,Towers with Radar,12,43,21,0,76,0,0,44,0,44,12,43,65,0,120,110,0,110,230
01/06/2002,AZO,MI,AGL,CE,Towers with Radar,11,37,22,0,70,0,1,3,0,4,11,38,25,0,74,0,0,0,74
01/07/2002,AZO,MI,AGL,CE,Towers with Radar,7,47,61,0,115,0,4,46,3,53,7,51,107,3,168,120,0,120,288
01/08/2002,AZO,MI,AGL,CE,Towers with Radar,13,41,30,0,84,0,2,74,2,78,13,43,104,2,162,168,0,168,330
01/09/2002,AZO,MI,AGL,CE,Towers with Radar,12,45,37,0,94,0,4,41,0,45,12,49,78,0,139,74,0,74,213
01/10/2002,AZO,MI,AGL,CE,Towers with Radar,12,55,50,0,117,0,0,63,0,63,12,55,113,0,180,156,0,156,336
01/11/2002,AZO,MI,AGL,CE,Towers with Radar,14,47,33,0,94,0,6,45,0,51,14,53,78,0,145,116,0,116,261
01/12/2002,AZO,MI,AGL,CE,Towers with Radar,12,38,25,0,75,0,1,48,0,49,12,39,73,0,124,50,0,50,174
01/13/2002,AZO,MI,AGL,CE,Towers with Radar,11,43,34,0,88,0,1,102,0,103,11,44,136,0,191,136,0,136,327
01/14/2002,AZO,MI,AGL,CE,Towers with Radar,12,41,38,0,91,0,2,36,0,38,12,43,74,0,129,32,0,32,161
01/15/2002,AZO,MI,AGL,CE,Towers with Radar,11,45,44,0,100,0,3,0,0,3,11,48,44,0,103,0,0,0,103
01/16/2002,AZO,MI,AGL,CE,Towers with Radar,7,37,49,1,94,0,1,14,0,15,7,38,63,1,109,56,0,56,165
01/17/2002,AZO,MI,AGL,CE,Towers with Radar,12,48,26,0,86,0,5,6,0,11,12,53,32,0,97,0,0,0,97
01/18/2002,AZO,MI,AGL,CE,Towers with Radar,11,51,48,0,110,0,3,4,0,7,11,54,52,0,117,0,0,0,117
01/19/2002,AZO,MI,AGL,CE,Towers with Radar,11,38,17,0,66,0,1,52,0,53,11,39,69,0,119,124,0,124,243
01/20/2002,AZO,MI,AGL,CE,Towers with Radar,13,38,33,0,84,0,2,22,0,24,13,40,55,0,108,52,0,52,160
01/21/2002,AZO,MI,AGL,CE,Towers with Radar,12,45,32,0,89,0,5,1,0,6,12,50,33,0,95,16,0,16,111
01/22/2002,AZO,MI,AGL,CE,Towers with Radar,9,47,66,0,122,0,0,98,0,98,9,47,164,0,220,152,0,152,372
01/23/2002,AZO,MI,AGL,CE,Towers with Radar,15,53,58,0,126,0,0,0,0,0,15,53,58,0,126,0,0,0,126
01/24/2002,AZO,MI,AGL,CE,Towers with Radar,10,60,50,0,120,0,0,40,0,40,10,60,90,0,160,110,0,110,270
01/25/2002,AZO,MI,AGL,CE,Towers with Radar,9,49,50,0,108,0,0,94,0,94,9,49,144,0,202,126,0,126,328
01/26/2002,AZO,MI,AGL,CE,Towers with Radar,9,38,34,0,81,3,0,142,0,145,12,38,176,0,226,190,0,190,416
01/27/2002,AZO,MI,AGL,CE,Towers with Radar,8,34,28,0,70,4,9,108,0,121,12,43,136,0,191,110,0,110,301
01/28/2002,AZO,MI,AGL,CE,Towers with Radar,12,48,47,0,107,0,0,122,0,122,12,48,169,0,229,204,0,204,433
01/29/2002,AZO,MI,AGL,CE,Towers with Radar,10,42,35,0,87,2,6,5,0,13,12,48,40,0,100,0,0,0,100
01/30/2002,AZO,MI,AGL,CE,Towers with Radar,8,32,26,0,66,1,11,6,0,18,9,43,32,0,84,0,0,0,84
01/31/2002,AZO,MI,AGL,CE,Towers with Radar,4,18,16,0,38,4,0,4,0,8,8,18,20,0,46,0,0,0,46
02/01/2002,AZO,MI,AGL,CE,Towers with Radar,9,51,18,0,78,1,2,3,0,6,10,53,21,0,84,0,0,0,84
02/02/2002,AZO,MI,AGL,CE,Towers with Radar,12,38,44,0,94,0,0,94,0,94,12,38,138,0,188,154,0,154,342
02/03/2002,AZO,MI,AGL,CE,Towers with Radar,10,41,25,0,76,0,2,36,0,38,10,43,61,0,114,102,0,102,216
02/04/2002,AZO,MI,AGL,CE,Towers with Radar,12,45,88,0,145,0,3,74,0,77,12,48,162,0,222,76,0,76,298
02/05/2002,AZO,MI,AGL,CE,Towers with Radar,13,48,55,0,116,0,0,54,0,54,13,48,109,0,170,176,0,176,346
02/06/2002,AZO,MI,AGL,CE,Towers with Radar,12,46,51,0,109,0,3,100,0,103,12,49,151,0,212,332,0,332,544
02/07/2002,AZO,MI,AGL,CE,Towers with Radar,12,54,73,0,139,0,3,17,0,20,12,57,90,0,159,40,0,40,199
02/08/2002,AZO,MI,AGL,CE,Towers with Radar,9,44,73,0,126,1,1,106,0,108,10,45,179,0,234,198,0,198,432
02/09/2002,AZO,MI,AGL,CE,Towers with Radar,11,40,42,0,93,2,6,85,0,93,13,46,127,0,186,176,0,176,362
02/10/2002,AZO,MI,AGL,CE,Towers with Radar,11,41,25,0,77,1,2,20,0,23,12,43,45,0,100,0,0,0,100
02/11/2002,AZO,MI,AGL,CE,Towers with Radar,12,45,31,3,91,0,4,64,3,71,12,49,95,6,162,112,0,112,274
02/12/2002,AZO,MI,AGL,CE,Towers with Radar,11,48,26,1,86,0,1,4,1,6,11,49,30,2,92,2,0,2,94
02/13/2002,AZO,MI,AGL,CE,Towers with Radar,7,45,52,0,104,0,0,97,0,97,7,45,149,0,201,246,0,246,447
02/14/2002,AZO,MI,AGL,CE,Towers with Radar,8,54,35,0,97,0,5,67,0,72,8,59,102,0,169,126,0,126,295
02/15/2002,AZO,MI,AGL,CE,Towers with Radar,7,53,32,6,98,0,1,19,0,20,7,54,51,6,118,24,0,24,142
02/16/2002,AZO,MI,AGL,CE,Towers with Radar,8,45,13,0,66,0,0,9,0,9,8,45,22,0,75,14,0,14,89
02/17/2002,AZO,MI,AGL,CE,Towers with Radar,8,44,59,2,113,0,5,98,0,103,8,49,157,2,216,90,0,90,306
02/18/2002,AZO,MI,AGL,CE,Towers with Radar,8,51,65,0,124,0,1,119,0,120,8,52,184,0,244,270,0,270,514
02/19/2002,AZO,MI,AGL,CE,Towers with Radar,8,47,68,0,123,0,1,8,0,9,8,48,76,0,132,18,0,18,150
02/20/2002,AZO,MI,AGL,CE,Towers with Radar,7,43,44,0,94,0,0,0,0,0,7,43,44,0,94,0,0,0,94
02/21/2002,AZO,MI,AGL,CE,Towers with Radar,8,50,28,0,86,0,0,2,0,2,8,50,30,0,88,0,0,0,88
02/22/2002,AZO,MI,AGL,CE,Towers with Radar,5,51,59,1,116,0,0,153,0,153,5,51,212,1,269,226,0,226,495
02/23/2002,AZO,MI,AGL,CE,Towers with Radar,8,43,32,0,83,0,0,157,0,157,8,43,189,0,240,138,0,138,378
02/24/2002,AZO,MI,AGL,CE,Towers with Radar,8,41,38,0,87,0,2,109,0,111,8,43,147,0,198,92,0,92,290
02/25/2002,AZO,MI,AGL,CE,Towers with Radar,6,53,49,0,108,0,0,56,0,56,6,53,105,0,164,138,0,138,302
02/26/2002,AZO,MI,AGL,CE,Towers with Radar,2,29,26,0,57,0,17,0,0,17,2,46,26,0,74,0,0,0,74
02/27/2002,AZO,MI,AGL,CE,Towers with Radar,7,59,41,0,107,0,4,5,0,9,7,63,46,0,116,4,0,4,120
02/28/2002,AZO,MI,AGL,CE,Towers with Radar,5,50,66,0,121,0,3,61,0,64,5,53,127,0,185,66,0,66,251
03/01/2002,AZO,MI,AGL,CE,Towers with Radar,7,59,46,0,112,0,1,51,0,52,7,60,97,0,164,154,0,154,318
03/02/2002,AZO,MI,AGL,CE,Towers with Radar,5,26,1,0,32,0,0,0,0,0,5,26,1,0,32,0,0,0,32
03/03/2002,AZO,MI,AGL,CE,Towers with Radar,5,27,9,0,41,4,23,0,0,27,9,50,9,0,68,0,0,0,68
03/04/2002,AZO,MI,AGL,CE,Towers with Radar,8,46,35,0,89,0,1,12,0,13,8,47,47,0,102,0,0,0,102
03/05/2002,AZO,MI,AGL,CE,Towers with Radar,5,56,57,0,118,0,0,9,0,9,5,56,66,0,127,0,0,0,127
03/06/2002,AZO,MI,AGL,CE,Towers with Radar,7,55,64,1,127,0,0,57,0,57,7,55,121,1,184,98,0,98,282
03/07/2002,AZO,MI,AGL,CE,Towers with Radar,8,36,40,0,84,0,1,2,0,3,8,37,42,0,87,0,0,0,87
03/08/2002,AZO,MI,AGL,CE,Towers with Radar,5,53,33,0,91,0,0,10,0,10,5,53,43,0,101,8,0,8,109
03/09/2002,AZO,MI,AGL,CE,Towers with Radar,5,35,4,0,44,0,0,0,0,0,5,35,4,0,44,0,0,0,44
03/10/2002,AZO,MI,AGL,CE,Towers with Radar,0,0,0,0,0,5,42,23,0,70,5,42,23,0,70,0,0,0,70
03/11/2002,AZO,MI,AGL,CE,Towers with Radar,7,50,45,0,102,0,8,106,0,114,7,58,151,0,216,254,0,254,470
03/12/2002,AZO,MI,AGL,CE,Towers with Radar,8,52,54,0,114,0,3,98,0,101,8,55,152,0,215,168,0,168,383
03/13/2002,AZO,MI,AGL,CE,Towers with Radar,9,48,67,0,124,0,1,113,0,114,9,49,180,0,238,166,0,166,404
03/14/2002,AZO,MI,AGL,CE,Towers with Radar,8,49,44,0,101,0,3,53,4,60,8,52,97,4,161,152,0,152,313
03/15/2002,AZO,MI,AGL,CE,Towers with Radar,4,55,53,0,112,0,0,24,0,24,4,55,77,0,136,34,0,34,170
03/16/2002,AZO,MI,AGL,CE,Towers with Radar,15,44,41,0,100,0,1,171,0,172,15,45,212,0,272,146,0,146,418
03/17/2002,AZO,MI,AGL,CE,Towers with Radar,8,46,30,0,84,0,2,72,0,74,8,48,102,0,158,74,0,74,232
03/18/2002,AZO,MI,AGL,CE,Towers with Radar,8,47,66,0,121,0,0,24,0,24,8,47,90,0,145,68,0,68,213
03/19/2002,AZO,MI,AGL,CE,Towers with Radar,8,54,58,0,120,0,0,113,0,113,8,54,171,0,233,190,0,190,423
03/20/2002,AZO,MI,AGL,CE,Towers with Radar,8,48,53,0,109,0,2,23,0,25,8,50,76,0,134,96,0,96,230
03/21/2002,AZO,MI,AGL,CE,Towers with Radar,8,49,29,0,86,0,0,2,0,2,8,49,31,0,88,0,0,0,88
03/22/2002,AZO,MI,AGL,CE,Towers with Radar,6,50,52,0,108,0,0,3,0,3,6,50,55,0,111,0,0,0,111
03/23/2002,AZO,MI,AGL,CE,Towers with Radar,8,43,11,0,62,0,0,42,0,42,8,43,53,0,104,30,0,30,134
03/24/2002,AZO,MI,AGL,CE,Towers with Radar,8,45,45,0,98,0,0,57,0,57,8,45,102,0,155,228,0,228,383
03/25/2002,AZO,MI,AGL,CE,Towers with Radar,5,49,64,0,118,0,0,35,0,35,5,49,99,0,153,72,0,72,225
03/26/2002,AZO,MI,AGL,CE,Towers with Radar,6,47,50,0,103,0,2,22,0,24,6,49,72,0,127,100,0,100,227
03/27/2002,AZO,MI,AGL,CE,Towers with Radar,7,43,76,0,126,0,96,82,0,178,7,139,158,0,304,414,0,414,718
03/28/2002,AZO,MI,AGL,CE,Towers with Radar,8,53,63,0,124,0,3,75,0,78,8,56,138,0,202,258,0,258,460
03/29/2002,AZO,MI,AGL,CE,Towers with Radar,8,51,47,0,106,0,1,3,0,4,8,52,50,0,110,38,0,38,148
03/30/2002,AZO,MI,AGL,CE,Towers with Radar,8,44,23,0,75,0,4,81,0,85,8,48,104,0,160,78,0,78,238
03/31/2002,AZO,MI,AGL,CE,Towers with Radar,8,45,16,0,69,0,0,73,0,73,8,45,89,0,142,52,0,52,194
04/01/2002,AZO,MI,AGL,CE,Towers with Radar,6,45,50,0,101,1,7,55,2,65,7,52,105,2,166,120,0,120,286
04/02/2002,AZO,MI,AGL,CE,Towers with Radar,7,47,44,0,98,1,1,1,0,3,8,48,45,0,101,0,0,0,101
04/03/2002,AZO,MI,AGL,CE,Towers with Radar,7,45,50,0,102,0,7,66,2,75,7,52,116,2,177,170,0,170,347
04/04/2002,AZO,MI,AGL,CE,Towers with Radar,8,50,64,0,122,0,4,15,0,19,8,54,79,0,141,26,0,26,167
04/05/2002,AZO,MI,AGL,CE,Towers with Radar,8,50,56,0,114,1,0,63,0,64,9,50,119,0,178,42,0,42,220
04/06/2002,AZO,MI,AGL,CE,Towers with Radar,7,44,44,0,95,0,2,164,3,169,7,46,208,3,264,222,0,222,486
04/07/2002,AZO,MI,AGL,CE,Towers with Radar,8,47,32,0,87,0,8,29,1,38,8,55,61,1,125,68,0,68,193
04/08/2002,AZO,MI,AGL,CE,Towers with Radar,8,46,52,0,106,0,4,1,0,5,8,50,53,0,111,0,0,0,111
04/09/2002,AZO,MI,AGL,CE,Towers with Radar,6,60,94,0,160,0,3,52,0,55,6,63,146,0,215,124,0,124,339
04/10/2002,AZO,MI,AGL,CE,Towers with Radar,7,54,62,0,123,0,1,184,0,185,7,55,246,0,308,336,0,336,644
04/11/2002,AZO,MI,AGL,CE,Towers with Radar,8,52,55,0,115,0,0,218,0,218,8,52,273,0,333,330,0,330,663
04/12/2002,AZO,MI,AGL,CE,Towers with Radar,8,50,57,0,115,0,0,19,0,19,8,50,76,0,134,66,0,66,200
04/13/2002,AZO,MI,AGL,CE,Towers with Radar,7,44,64,0,115,0,1,67,0,68,7,45,131,0,183,179,0,179,362
04/14/2002,AZO,MI,AGL,CE,Towers with Radar,8,44,36,0,88,0,2,99,1,102,8,46,135,1,190,204,0,204,394
04/15/2002,AZO,MI,AGL,CE,Towers with Radar,8,53,52,1,114,0,6,92,0,98,8,59,144,1,212,186,0,186,398
04/16/2002,AZO,MI,AGL,CE,Towers with Radar,8,52,52,0,112,0,8,72,0,80,8,60,124,0,192,106,0,106,298
04/17/2002,AZO,MI,AGL,CE,Towers with Radar,8,49,77,0,134,0,3,51,0,54,8,52,128,0,188,142,0,142,330
04/18/2002,AZO,MI,AGL,CE,Towers with Radar,7,54,69,0,130,0,0,71,0,71,7,54,140,0,201,114,0,114,315
04/19/2002,AZO,MI,AGL,CE,Towers with Radar,8,48,62,0,118,0,1,77,1,79,8,49,139,1,197,204,0,204,401
04/20/2002,AZO,MI,AGL,CE,Towers with Radar,7,51,41,0,99,0,3,84,0,87,7,54,125,0,186,176,0,176,362
04/21/2002,AZO,MI,AGL,CE,Towers with Radar,8,43,12,0,63,0,2,1,0,3,8,45,13,0,66,8,0,8,74
04/22/2002,AZO,MI,AGL,CE,Towers with Radar,8,56,43,0,107,0,1,8,0,9,8,57,51,0,116,30,0,30,146
04/23/2002,AZO,MI,AGL,CE,Towers with Radar,8,60,61,0,129,0,6,143,0,149,8,66,204,0,278,210,0,210,488
04/24/2002,AZO,MI,AGL,CE,Towers with Radar,7,44,34,0,85,0,1,39,1,41,7,45,73,1,126,94,0,94,220
04/25/2002,AZO,MI,AGL,CE,Towers with Radar,8,43,38,0,89,0,6,21,0,27,8,49,59,0,116,8,0,8,124
04/26/2002,AZO,MI,AGL,CE,Towers with Radar,9,53,47,0,109,0,4,135,0,139,9,57,182,0,248,186,0,186,434
04/27/2002,AZO,MI,AGL,CE,Towers with Radar,7,44,28,0,79,0,4,38,0,42,7,48,66,0,121,78,0,78,199
04/28/2002,AZO,MI,AGL,CE,Towers with Radar,8,45,24,0,77,0,1,0,0,1,8,46,24,0,78,0,0,0,78
04/29/2002,AZO,MI,AGL,CE,Towers with Radar,7,50,53,0,110,1,3,59,2,65,8,53,112,2,175,96,0,96,271
04/30/2002,AZO,MI,AGL,CE,Towers with Radar,8,50,55,0,113,0,1,71,0,72,8,51,126,0,185,214,0,214,399
05/01/2002,AZO,MI,AGL,CE,Towers with Radar,9,48,59,0,116,0,1,75,0,76,9,49,134,0,192,234,0,234,426
05/02/2002,AZO,MI,AGL,CE,Towers with Radar,6,56,48,0,110,0,1,13,1,15,6,57,61,1,125,42,0,42,167
05/03/2002,AZO,MI,AGL,CE,Towers with Radar,6,54,67,1,128,0,1,112,0,113,6,55,179,1,241,134,0,134,375
05/04/2002,AZO,MI,AGL,CE,Towers with Radar,7,46,13,0,66,0,4,393,0,397,7,50,406,0,463,16,0,16,479
05/05/2002,AZO,MI,AGL,CE,Towers with Radar,5,51,30,0,86,0,3,91,2,96,5,54,121,2,182,184,0,184,366
05/06/2002,AZO,MI,AGL,CE,Towers with Radar,8,49,46,2,105,0,1,4,0,5,8,50,50,2,110,0,0,0,110
05/07/2002,AZO,MI,AGL,CE,Towers with Radar,7,58,63,0,128,0,3,56,0,59,7,61,119,0,187,150,0,150,337
05/08/2002,AZO,MI,AGL,CE,Towers with Radar,8,50,49,0,107,0,1,8,0,9,8,51,57,0,116,40,0,40,156
05/09/2002,AZO,MI,AGL,CE,Towers with Radar,5,43,29,0,77,0,3,12,0,15,5,46,41,0,92,14,0,14,106
05/10/2002,AZO,MI,AGL,CE,Towers with Radar,5,51,46,0,102,0,2,48,1,51,5,53,94,1,153,102,0,102,255
05/11/2002,AZO,MI,AGL,CE,Towers with Radar,7,44,12,0,63,0,2,46,0,48,7,46,58,0,111,122,0,122,233
05/12/2002,AZO,MI,AGL,CE,Towers with Radar,5,47,16,0,68,0,0,0,0,0,5,47,16,0,68,0,0,0,68
05/13/2002,AZO,MI,AGL,CE,Towers with Radar,8,56,58,0,122,0,0,32,0,32,8,56,90,0,154,34,0,34,188
05/14/2002,AZO,MI,AGL,CE,Towers with Radar,8,50,86,0,144,0,7,83,3,93,8,57,169,3,237,108,0,108,345
05/15/2002,AZO,MI,AGL,CE,Towers with Radar,8,54,57,0,119,0,2,115,1,118,8,56,172,1,237,212,0,212,449
05/16/2002,AZO,MI,AGL,CE,Towers with Radar,11,48,45,0,104,0,0,17,1,18,11,48,62,1,122,60,0,60,182
05/17/2002,AZO,MI,AGL,CE,Towers with Radar,8,58,67,0,133,0,4,95,0,99,8,62,162,0,232,252,0,252,484
05/18/2002,AZO,MI,AGL,CE,Towers with Radar,7,44,39,0,90,0,3,85,0,88,7,47,124,0,178,96,0,96,274
05/19/2002,AZO,MI,AGL,CE,Towers with Radar,5,38,39,0,82,2,10,84,0,96,7,48,123,0,178,140,0,140,318
05/20/2002,AZO,MI,AGL,CE,Towers with Radar,6,53,61,0,120,0,4,76,0,80,6,57,137,0,200,172,0,172,372
05/21/2002,AZO,MI,AGL,CE,Towers with Radar,8,56,80,0,144,18,0,116,0,134,26,56,196,0,278,354,0,354,632
05/22/2002,AZO,MI,AGL,CE,Towers with Radar,4,51,80,0,135,0,0,147,0,147,4,51,227,0,282,287,0,287,569
05/23/2002,AZO,MI,AGL,CE,Towers with Radar,8,50,52,0,110,0,3,33,2,38,8,53,85,2,148,98,0,98,246
05/24/2002,AZO,MI,AGL,CE,Towers with Radar,8,53,84,0,145,0,3,86,0,89,8,56,170,0,234,128,0,128,362
05/25/2002,AZO,MI,AGL,CE,Towers with Radar,6,41,29,0,76,0,1,16,0,17,6,42,45,0,93,16,0,16,109
05/26/2002,AZO,MI,AGL,CE,Towers with Radar,4,45,50,0,99,0,5,81,0,86,4,50,131,0,185,34,0,34,219
05/27/2002,AZO,MI,AGL,CE,Towers with Radar,7,40,23,0,70,0,7,90,0,97,7,47,113,0,167,74,0,74,241
05/28/2002,AZO,MI,AGL,CE,Towers with Radar,7,55,64,0,126,0,2,88,0,90,7,57,152,0,216,190,0,190,406
05/29/2002,AZO,MI,AGL,CE,Towers with Radar,8,49,66,0,123,0,1,44,0,45,8,50,110,0,168,138,0,138,306
05/30/2002,AZO,MI,AGL,CE,Towers with Radar,9,55,58,1,123,0,3,27,0,30,9,58,85,1,153,130,8,138,291
05/31/2002,AZO,MI,AGL,CE,Towers with Radar,7,52,58,2,119,0,9,115,1,125,7,61,173,3,244,140,0,140,384
06/01/2002,AZO,MI,AGL,CE,Towers with Radar,6,44,17,0,67,1,6,111,1,119,7,50,128,1,186,90,0,90,276
06/02/2002,AZO,MI,AGL,CE,Towers with Radar,8,47,31,0,86,0,2,37,0,39,8,49,68,0,125,56,0,56,181
06/03/2002,AZO,MI,AGL,CE,Towers with Radar,12,39,39,0,90,1,2,13,0,16,13,41,52,0,106,6,0,6,112
06/04/2002,AZO,MI,AGL,CE,Towers with Radar,12,34,34,0,80,0,6,8,0,14,12,40,42,0,94,0,0,0,94
06/05/2002,AZO,MI,AGL,CE,Towers with Radar,10,37,48,0,95,1,6,7,0,14,11,43,55,0,109,14,0,14,123
06/06/2002,AZO,MI,AGL,CE,Towers with Radar,12,47,52,0,111,1,6,83,0,90,13,53,135,0,201,158,0,158,359
06/07/2002,AZO,MI,AGL,CE,Towers with Radar,11,46,35,0,92,1,6,108,0,115,12,52,143,0,207,186,0,186,393
06/08/2002,AZO,MI,AGL,CE,Towers with Radar,5,45,25,2,77,0,4,102,1,107,5,49,127,3,184,80,0,80,264
06/09/2002,AZO,MI,AGL,CE,Towers with Radar,11,40,19,2,72,0,6,76,2,84,11,46,95,4,156,102,0,102,258
06/10/2002,AZO,MI,AGL,CE,Towers with Radar,12,44,47,4,107,0,4,38,0,42,12,48,85,4,149,28,0,28,177
06/11/2002,AZO,MI,AGL,CE,Towers with Radar,8,46,30,0,84,15,2,0,0,17,23,48,30,0,101,0,0,0,101
06/12/2002,AZO,MI,AGL,CE,Towers with Radar,13,44,41,0,98,0,4,28,2,34,13,48,69,2,132,74,0,74,206
06/13/2002,AZO,MI,AGL,CE,Towers with Radar,13,50,38,0,101,0,2,26,2,30,13,52,64,2,131,96,0,96,227
06/14/2002,AZO,MI,AGL,CE,Towers with Radar,13,37,31,0,81,0,1,22,0,23,13,38,53,0,104,36,0,36,140
06/15/2002,AZO,MI,AGL,CE,Towers with Radar,2,47,20,0,69,0,6,33,0,39,2,53,53,0,108,20,0,20,128
06/16/2002,AZO,MI,AGL,CE,Towers with Radar,8,44,24,0,76,0,13,39,0,52,8,57,63,0,128,38,0,38,166
06/17/2002,AZO,MI,AGL,CE,Towers with Radar,8,54,51,0,113,0,3,100,0,103,8,57,151,0,216,154,0,154,370
06/18/2002,AZO,MI,AGL,CE,Towers with Radar,9,50,29,0,88,0,10,102,0,112,9,60,131,0,200,228,0,228,428
06/19/2002,AZO,MI,AGL,CE,Towers with Radar,8,51,39,0,98,0,2,125,0,127,8,53,164,0,225,186,0,186,411
06/20/2002,AZO,MI,AGL,CE,Towers with Radar,3,60,97,2,162,0,0,30,0,30,3,60,127,2,192,189,0,189,381
06/21/2002,AZO,MI,AGL,CE,Towers with Radar,8,53,45,2,108,0,1,43,0,44,8,54,88,2,152,108,0,108,260
06/22/2002,AZO,MI,AGL,CE,Towers with Radar,5,43,29,0,77,1,3,37,0,41,6,46,66,0,118,26,0,26,144
06/23/2002,AZO,MI,AGL,CE,Towers with Radar,6,34,26,0,66,2,21,53,2,78,8,55,79,2,144,8,0,8,152
06/24/2002,AZO,MI,AGL,CE,Towers with Radar,9,68,43,0,120,0,0,55,0,55,9,68,98,0,175,56,0,56,231
06/25/2002,AZO,MI,AGL,CE,Towers with Radar,4,50,38,0,92,0,0,49,0,49,4,50,87,0,141,30,0,30,171
06/26/2002,AZO,MI,AGL,CE,Towers with Radar,7,50,53,0,110,0,2,18,0,20,7,52,71,0,130,30,0,30,160
06/27/2002,AZO,MI,AGL,CE,Towers with Radar,10,55,55,0,120,0,0,85,0,85,10,55,140,0,205,138,0,138,343
06/28/2002,AZO,MI,AGL,CE,Towers with Radar,8,62,49,0,119,0,2,144,0,146,8,64,193,0,265,194,0,194,459
06/29/2002,AZO,MI,AGL,CE,Towers with Radar,4,45,13,0,62,0,3,104,0,107,4,48,117,0,169,144,0,144,313
06/30/2002,AZO,MI,AGL,CE,Towers with Radar,7,48,22,0,77,0,7,98,0,105,7,55,120,0,182,70,0,70,252
07/01/2002,AZO,MI,AGL,CE,Towers with Radar,6,52,67,0,125,1,8,201,0,210,7,60,268,0,335,312,0,312,647
07/02/2002,AZO,MI,AGL,CE,Towers with Radar,8,52,82,0,142,0,3,220,0,223,8,55,302,0,365,248,0,248,613
07/03/2002,AZO,MI,AGL,CE,Towers with Radar,10,52,91,0,153,0,4,165,0,169,10,56,256,0,322,206,0,206,528
07/04/2002,AZO,MI,AGL,CE,Towers with Radar,5,41,11,0,57,1,3,58,3,65,6,44,69,3,122,70,0,70,192
07/05/2002,AZO,MI,AGL,CE,Towers with Radar,3,36,32,0,71,0,14,96,0,110,3,50,128,0,181,118,0,118,299
07/06/2002,AZO,MI,AGL,CE,Towers with Radar,7,45,14,0,66,0,1,73,0,74,7,46,87,0,140,26,0,26,166
07/07/2002,AZO,MI,AGL,CE,Towers with Radar,6,48,29,0,83,0,4,83,0,87,6,52,112,0,170,36,0,36,206
07/08/2002,AZO,MI,AGL,CE,Towers with Radar,9,53,43,0,105,0,5,80,0,85,9,58,123,0,190,98,0,98,288
07/09/2002,AZO,MI,AGL,CE,Towers with Radar,6,56,52,0,114,0,1,14,0,15,6,57,66,0,129,60,0,60,189
07/10/2002,AZO,MI,AGL,CE,Towers with Radar,8,49,72,0,129,0,4,64,0,68,8,53,136,0,197,154,0,154,351
07/11/2002,AZO,MI,AGL,CE,Towers with Radar,8,54,63,0,125,0,1,87,0,88,8,55,150,0,213,206,0,206,419
07/12/2002,AZO,MI,AGL,CE,Towers with Radar,8,53,56,0,117,0,6,118,1,125,8,59,174,1,242,230,0,230,472
07/13/2002,AZO,MI,AGL,CE,Towers with Radar,10,42,27,0,79,0,6,102,0,108,10,48,129,0,187,110,0,110,297
07/14/2002,AZO,MI,AGL,CE,Towers with Radar,8,47,21,0,76,0,0,128,1,129,8,47,149,1,205,94,0,94,299
07/15/2002,AZO,MI,AGL,CE,Towers with Radar,8,55,53,0,116,0,2,73,0,75,8,57,126,0,191,164,0,164,355
07/16/2002,AZO,MI,AGL,CE,Towers with Radar,6,53,32,0,91,0,5,93,0,98,6,58,125,0,189,162,0,162,351
07/17/2002,AZO,MI,AGL,CE,Towers with Radar,12,53,53,3,121,0,1,109,0,110,12,54,162,3,231,178,0,178,409
07/18/2002,AZO,MI,AGL,CE,Towers with Radar,7,55,51,0,113,0,10,47,0,57,7,65,98,0,170,130,0,130,300
07/19/2002,AZO,MI,AGL,CE,Towers with Radar,6,55,40,0,101,0,0,35,0,35,6,55,75,0,136,140,0,140,276
07/20/2002,AZO,MI,AGL,CE,Towers with Radar,5,50,22,0,77,0,3,70,0,73,5,53,92,0,150,60,0,60,210
07/21/2002,AZO,MI,AGL,CE,Towers with Radar,6,54,24,0,84,0,0,39,0,39,6,54,63,0,123,108,0,108,231
07/22/2002,AZO,MI,AGL,CE,Towers with Radar,6,56,23,0,85,0,0,35,0,35,6,56,58,0,120,64,0,64,184
07/23/2002,AZO,MI,AGL,CE,Towers with Radar,6,54,82,0,142,0,3,91,0,94,6,57,173,0,236,172,0,172,408
07/24/2002,AZO,MI,AGL,CE,Towers with Radar,8,53,70,0,131,0,1,89,0,90,8,54,159,0,221,242,0,242,463
07/25/2002,AZO,MI,AGL,CE,Towers with Radar,8,59,60,0,127,0,1,81,0,82,8,60,141,0,209,150,0,150,359
07/26/2002,AZO,MI,AGL,CE,Towers with Radar,8,42,43,0,93,0,3,42,0,45,8,45,85,0,138,62,0,62,200
07/27/2002,AZO,MI,AGL,CE,Towers with Radar,7,41,33,0,81,0,1,16,154,171,7,42,49,154,252,0,0,0,252
07/28/2002,AZO,MI,AGL,CE,Towers with Radar,7,43,33,0,83,0,0,27,0,27,7,43,60,0,110,42,0,42,152
07/29/2002,AZO,MI,AGL,CE,Towers with Radar,6,55,41,0,102,0,0,15,0,15,6,55,56,0,117,28,0,28,145
07/30/2002,AZO,MI,AGL,CE,Towers with Radar,8,56,48,0,112,0,1,112,0,113,8,57,160,0,225,244,0,244,469
07/31/2002,AZO,MI,AGL,CE,Towers with Radar,8,50,59,0,117,0,0,80,0,80,8,50,139,0,197,142,0,142,339
08/01/2002,AZO,MI,AGL,CE,Towers with Radar,8,51,34,0,93,0,2,44,0,46,8,53,78,0,139,100,0,100,239
08/02/2002,AZO,MI,AGL,CE,Towers with Radar,8,56,51,0,115,0,1,98,0,99,8,57,149,0,214,230,0,230,444
08/03/2002,AZO,MI,AGL,CE,Towers with Radar,7,48,15,0,70,0,3,103,1,107,7,51,118,1,177,212,0,212,389
08/04/2002,AZO,MI,AGL,CE,Towers with Radar,7,52,28,0,87,0,3,23,0,26,7,55,51,0,113,0,0,0,113
08/05/2002,AZO,MI,AGL,CE,Towers with Radar,8,53,87,0,148,0,9,44,0,53,8,62,131,0,201,58,0,58,259
08/06/2002,AZO,MI,AGL,CE,Towers with Radar,8,50,65,0,123,0,0,89,2,91,8,50,154,2,214,152,0,152,366
08/07/2002,AZO,MI,AGL,CE,Towers with Radar,15,44,81,0,140,0,6,128,0,134,15,50,209,0,274,244,0,244,518
08/08/2002,AZO,MI,AGL,CE,Towers with Radar,6,60,72,0,138,0,0,86,0,86,6,60,158,0,224,172,0,172,396
08/09/2002,AZO,MI,AGL,CE,Towers with Radar,8,59,53,1,121,0,1,78,0,79,8,60,131,1,200,130,0,130,330
08/10/2002,AZO,MI,AGL,CE,Towers with Radar,7,48,15,0,70,0,13,104,0,117,7,61,119,0,187,58,0,58,245
08/11/2002,AZO,MI,AGL,CE,Towers with Radar,4,36,34,0,74,3,23,37,1,64,7,59,71,1,138,62,0,62,200
08/12/2002,AZO,MI,AGL,CE,Towers with Radar,5,59,53,0,117,0,0,33,0,33,5,59,86,0,150,63,0,63,213
08/13/2002,AZO,MI,AGL,CE,Towers with Radar,8,54,41,0,103,0,3,33,0,36,8,57,74,0,139,80,0,80,219
08/14/2002,AZO,MI,AGL,CE,Towers with Radar,6,71,62,0,139,0,0,28,5,33,6,71,90,5,172,38,0,38,210
08/15/2002,AZO,MI,AGL,CE,Towers with Radar,8,60,53,0,121,0,0,52,0,52,8,60,105,0,173,100,0,100,273
08/16/2002,AZO,MI,AGL,CE,Towers with Radar,10,53,55,0,118,0,8,32,0,40,10,61,87,0,158,42,0,42,200
08/17/2002,AZO,MI,AGL,CE,Towers with Radar,7,46,32,0,85,0,3,18,0,21,7,49,50,0,106,30,0,30,136
08/18/2002,AZO,MI,AGL,CE,Towers with Radar,7,44,29,1,81,0,2,103,1,106,7,46,132,2,187,64,0,64,251
08/19/2002,AZO,MI,AGL,CE,Towers with Radar,8,49,61,0,118,0,3,32,0,35,8,52,93,0,153,106,0,106,259
08/20/2002,AZO,MI,AGL,CE,Towers with Radar,7,58,76,2,143,0,0,118,0,118,7,58,194,2,261,252,0,252,513
08/21/2002,AZO,MI,AGL,CE,Towers with Radar,8,54,54,0,116,0,1,80,0,81,8,55,134,0,197,292,0,292,489
08/22/2002,AZO,MI,AGL,CE,Towers with Radar,7,40,39,0,86,0,3,5,0,8,7,43,44,0,94,34,0,34,128
08/23/2002,AZO,MI,AGL,CE,Towers with Radar,7,47,43,0,97,0,0,0,0,0,7,47,43,0,97,0,0,0,97
08/24/2002,AZO,MI,AGL,CE,Towers with Radar,7,45,24,0,76,0,0,31,0,31,7,45,55,0,107,126,0,126,233
08/25/2002,AZO,MI,AGL,CE,Towers with Radar,5,45,35,1,86,0,2,61,0,63,5,47,96,1,149,142,0,142,291
08/26/2002,AZO,MI,AGL,CE,Towers with Radar,8,53,60,0,121,0,5,92,0,97,8,58,152,0,218,144,0,144,362
08/27/2002,AZO,MI,AGL,CE,Towers with Radar,5,53,87,0,145,0,0,97,0,97,5,53,184,0,242,106,0,106,348
08/28/2002,AZO,MI,AGL,CE,Towers with Radar,5,50,86,0,141,0,0,109,0,109,5,50,195,0,250,202,0,202,452
08/29/2002,AZO,MI,AGL,CE,Towers with Radar,8,52,68,0,128,0,8,129,0,137,8,60,197,0,265,180,0,180,445
08/30/2002,AZO,MI,AGL,CE,Towers with Radar,5,55,73,0,133,0,3,102,3,108,5,58,175,3,241,116,0,116,357
08/31/2002,AZO,MI,AGL,CE,Towers with Radar,1,51,27,0,79,0,2,88,0,90,1,53,115,0,169,64,0,64,233
09/01/2002,AZO,MI,AGL,CE,Towers with Radar,5,34,24,0,63,1,0,94,1,96,6,34,118,1,159,60,0,60,219
09/02/2002,AZO,MI,AGL,CE,Towers with Radar,5,44,12,0,61,1,7,37,0,45,6,51,49,0,106,82,0,82,188
09/03/2002,AZO,MI,AGL,CE,Towers with Radar,8,52,51,0,111,0,1,63,0,64,8,53,114,0,175,96,0,96,271
09/04/2002,AZO,MI,AGL,CE,Towers with Radar,8,57,51,0,116,0,4,97,0,101,8,61,148,0,217,236,0,236,453
09/05/2002,AZO,MI,AGL,CE,Towers with Radar,8,59,54,0,121,0,1,133,3,137,8,60,187,3,258,196,0,196,454
09/06/2002,AZO,MI,AGL,CE,Towers with Radar,8,61,51,0,120,0,3,92,0,95,8,64,143,0,215,168,0,168,383
09/07/2002,AZO,MI,AGL,CE,Towers with Radar,5,51,22,0,78,0,3,103,1,107,5,54,125,1,185,62,0,62,247
09/08/2002,AZO,MI,AGL,CE,Towers with Radar,3,36,34,0,73,0,16,65,0,81,3,52,99,0,154,110,0,110,264
09/09/2002,AZO,MI,AGL,CE,Towers with Radar,8,51,64,0,123,0,0,72,0,72,8,51,136,0,195,116,0,116,311
09/10/2002,AZO,MI,AGL,CE,Towers with Radar,9,58,44,0,111,0,4,18,0,22,9,62,62,0,133,46,0,46,179
09/11/2002,AZO,MI,AGL,CE,Towers with Radar,6,43,82,0,131,0,1,145,0,146,6,44,227,0,277,360,0,360,637
09/12/2002,AZO,MI,AGL,CE,Towers with Radar,8,50,41,0,99,0,4,78,0,82,8,54,119,0,181,222,0,222,403
09/13/2002,AZO,MI,AGL,CE,Towers with Radar,8,52,55,0,115,0,0,109,2,111,8,52,164,2,226,198,0,198,424
09/14/2002,AZO,MI,AGL,CE,Towers with Radar,7,44,23,4,78,0,6,76,0,82,7,50,99,4,160,120,0,120,280
09/15/2002,AZO,MI,AGL,CE,Towers with Radar,6,47,48,0,101,0,3,19,0,22,6,50,67,0,123,0,0,0,123
09/16/2002,AZO,MI,AGL,CE,Towers with Radar,8,47,56,0,111,0,6,82,0,88,8,53,138,0,199,116,0,116,315
09/17/2002,AZO,MI,AGL,CE,Towers with Radar,8,51,52,0,111,0,4,91,1,96,8,55,143,1,207,196,0,196,403
09/18/2002,AZO,MI,AGL,CE,Towers with Radar,8,46,51,0,105,0,2,24,0,26,8,48,75,0,131,86,0,86,217
09/19/2002,AZO,MI,AGL,CE,Towers with Radar,8,48,52,0,108,1,0,4,0,5,9,48,56,0,113,30,0,30,143
09/20/2002,AZO,MI,AGL,CE,Towers with Radar,8,50,48,0,106,0,1,3,0,4,8,51,51,0,110,80,0,80,190
09/21/2002,AZO,MI,AGL,CE,Towers with Radar,6,45,23,0,74,4,3,136,0,143,10,48,159,0,217,190,0,190,407
09/22/2002,AZO,MI,AGL,CE,Towers with Radar,7,44,41,0,92,0,4,35,0,39,7,48,76,0,131,88,0,88,219
09/23/2002,AZO,MI,AGL,CE,Towers with Radar,8,50,45,2,105,0,3,111,0,114,8,53,156,2,219,180,0,180,399
09/24/2002,AZO,MI,AGL,CE,Towers with Radar,8,60,55,0,123,0,4,100,0,104,8,64,155,0,227,172,0,172,399
09/25/2002,AZO,MI,AGL,CE,Towers with Radar,8,49,76,0,133,0,4,125,2,131,8,53,201,2,264,200,0,200,464
09/26/2002,AZO,MI,AGL,CE,Towers with Radar,8,49,45,0,102,0,5,63,0,68,8,54,108,0,170,232,0,232,402
09/27/2002,AZO,MI,AGL,CE,Towers with Radar,7,48,73,0,128,0,0,33,0,33,7,48,106,0,161,92,0,92,253
09/28/2002,AZO,MI,AGL,CE,Towers with Radar,7,46,33,0,86,0,4,96,0,100,7,50,129,0,186,76,0,76,262
09/29/2002,AZO,MI,AGL,CE,Towers with Radar,7,47,24,0,78,0,2,22,0,24,7,49,46,0,102,32,0,32,134
09/30/2002,AZO,MI,AGL,CE,Towers with Radar,8,51,43,0,102,0,3,74,0,77,8,54,117,0,179,184,0,184,363
10/01/2002,AZO,MI,AGL,CE,Towers with Radar,5,54,52,0,111,1,2,28,0,31,6,56,80,0,142,72,0,72,214
10/02/2002,AZO,MI,AGL,CE,Towers with Radar,6,58,69,2,135,0,4,8,3,15,6,62,77,5,150,46,0,46,196
10/03/2002,AZO,MI,AGL,CE,Towers with Radar,5,43,40,0,88,0,0,0,0,0,5,43,40,0,88,0,0,0,88
10/04/2002,AZO,MI,AGL,CE,Towers with Radar,6,57,29,0,92,0,0,4,0,4,6,57,33,0,96,30,0,30,126
10/05/2002,AZO,MI,AGL,CE,Towers with Radar,5,51,31,1,88,0,2,163,0,165,5,53,194,1,253,180,0,180,433
10/06/2002,AZO,MI,AGL,CE,Towers with Radar,6,49,29,0,84,0,2,48,0,50,6,51,77,0,134,140,0,140,274
10/07/2002,AZO,MI,AGL,CE,Towers with Radar,6,57,78,0,141,0,2,104,0,106,6,59,182,0,247,100,0,100,347
10/08/2002,AZO,MI,AGL,CE,Towers with Radar,6,52,62,0,120,0,4,96,0,100,6,56,158,0,220,196,0,196,416
10/09/2002,AZO,MI,AGL,CE,Towers with Radar,6,57,59,4,126,0,4,95,0,99,6,61,154,4,225,237,0,237,462
10/10/2002,AZO,MI,AGL,CE,Towers with Radar,6,55,83,0,144,0,1,146,0,147,6,56,229,0,291,304,0,304,595
10/11/2002,AZO,MI,AGL,CE,Towers with Radar,7,52,54,3,116,0,2,85,0,87,7,54,139,3,203,156,0,156,359
10/12/2002,AZO,MI,AGL,CE,Towers with Radar,4,47,27,0,78,0,2,12,0,14,4,49,39,0,92,16,0,16,108
10/13/2002,AZO,MI,AGL,CE,Towers with Radar,9,49,22,0,80,0,5,30,0,35,9,54,52,0,115,26,0,26,141
10/14/2002,AZO,MI,AGL,CE,Towers with Radar,7,49,60,0,116,0,2,97,0,99,7,51,157,0,215,150,0,150,365
10/15/2002,AZO,MI,AGL,CE,Towers with Radar,8,50,68,0,126,0,2,103,0,105,8,52,171,0,231,154,0,154,385
10/16/2002,AZO,MI,AGL,CE,Towers with Radar,7,53,109,0,169,0,4,101,0,105,7,57,210,0,274,396,0,396,670
10/17/2002,AZO,MI,AGL,CE,Towers with Radar,6,53,41,0,100,0,1,21,0,22,6,54,62,0,122,0,0,0,122
10/18/2002,AZO,MI,AGL,CE,Towers with Radar,8,49,57,2,116,0,0,13,0,13,8,49,70,2,129,2,0,2,131
10/19/2002,AZO,MI,AGL,CE,Towers with Radar,4,50,34,0,88,0,4,49,0,53,4,54,83,0,141,68,0,68,209
10/20/2002,AZO,MI,AGL,CE,Towers with Radar,5,47,51,0,103,0,8,89,0,97,5,55,140,0,200,112,0,112,312
10/21/2002,AZO,MI,AGL,CE,Towers with Radar,6,57,65,0,128,0,4,54,0,58,6,61,119,0,186,204,0,204,390
10/22/2002,AZO,MI,AGL,CE,Towers with Radar,5,61,77,0,143,0,0,26,1,27,5,61,103,1,170,134,0,134,304
10/23/2002,AZO,MI,AGL,CE,Towers with Radar,6,51,83,0,140,0,0,52,0,52,6,51,135,0,192,118,0,118,310
10/24/2002,AZO,MI,AGL,CE,Towers with Radar,6,52,76,0,134,0,0,61,0,61,6,52,137,0,195,168,0,168,363
10/25/2002,AZO,MI,AGL,CE,Towers with Radar,4,58,47,0,109,0,0,0,0,0,4,58,47,0,109,0,0,0,109
10/26/2002,AZO,MI,AGL,CE,Towers with Radar,4,51,19,0,74,0,0,0,0,0,4,51,19,0,74,0,0,0,74
10/27/2002,AZO,MI,AGL,CE,Towers with Radar,6,49,44,0,99,0,4,118,0,122,6,53,162,0,221,118,0,118,339
10/28/2002,AZO,MI,AGL,CE,Towers with Radar,6,48,100,0,154,0,4,76,0,80,6,52,176,0,234,116,0,116,350
10/29/2002,AZO,MI,AGL,CE,Towers with Radar,5,53,64,0,122,0,0,56,0,56,5,53,120,0,178,36,0,36,214
10/30/2002,AZO,MI,AGL,CE,Towers with Radar,6,65,95,0,166,0,8,89,0,97,6,73,184,0,263,262,0,262,525
10/31/2002,AZO,MI,AGL,CE,Towers with Radar,6,54,45,0,105,0,7,34,1,42,6,61,79,1,147,70,0,70,217
11/01/2002,AZO,MI,AGL,CE,Towers with Radar,3,57,40,0,100,0,0,18,0,18,3,57,58,0,118,20,0,20,138
11/02/2002,AZO,MI,AGL,CE,Towers with Radar,2,51,28,0,81,0,4,46,0,50,2,55,74,0,131,62,0,62,193
11/03/2002,AZO,MI,AGL,CE,Towers with Radar,2,52,21,0,75,0,2,94,0,96,2,54,115,0,171,168,0,168,339
11/04/2002,AZO,MI,AGL,CE,Towers with Radar,2,57,68,0,127,0,0,95,0,95,2,57,163,0,222,150,0,150,372
11/05/2002,AZO,MI,AGL,CE,Towers with Radar,2,51,38,0,91,0,0,5,0,5,2,51,43,0,96,0,0,0,96
11/06/2002,AZO,MI,AGL,CE,Towers with Radar,2,57,41,0,100,0,0,9,0,9,2,57,50,0,109,0,0,0,109
11/07/2002,AZO,MI,AGL,CE,Towers with Radar,2,65,48,0,115,0,3,34,0,37,2,68,82,0,152,172,0,172,324
11/08/2002,AZO,MI,AGL,CE,Towers with Radar,2,55,41,0,98,0,5,73,0,78,2,60,114,0,176,104,0,104,280
11/09/2002,AZO,MI,AGL,CE,Towers with Radar,2,54,25,0,81,0,5,36,0,41,2,59,61,0,122,94,0,94,216
11/10/2002,AZO,MI,AGL,CE,Towers with Radar,2,50,20,0,72,0,0,1,0,1,2,50,21,0,73,24,0,24,97
11/11/2002,AZO,MI,AGL,CE,Towers with Radar,5,45,78,0,128,0,0,5,0,5,5,45,83,0,133,34,0,34,167
11/12/2002,AZO,MI,AGL,CE,Towers with Radar,2,54,61,0,117,0,2,46,0,48,2,56,107,0,165,110,0,110,275
11/13/2002,AZO,MI,AGL,CE,Towers with Radar,2,53,57,0,112,0,0,70,0,70,2,53,127,0,182,114,0,114,296
11/14/2002,AZO,MI,AGL,CE,Towers with Radar,2,56,42,0,100,0,1,43,0,44,2,57,85,0,144,212,0,212,356
11/15/2002,AZO,MI,AGL,CE,Towers with Radar,2,56,39,0,97,0,1,53,0,54,2,57,92,0,151,112,0,112,263
11/16/2002,AZO,MI,AGL,CE,Towers with Radar,1,40,28,0,69,1,18,74,0,93,2,58,102,0,162,122,0,122,284
11/17/2002,AZO,MI,AGL,CE,Towers with Radar,1,34,23,0,58,1,17,72,0,90,2,51,95,0,148,168,0,168,316
11/18/2002,AZO,MI,AGL,CE,Towers with Radar,2,51,51,0,104,0,0,73,0,73,2,51,124,0,177,162,0,162,339
11/19/2002,AZO,MI,AGL,CE,Towers with Radar,2,57,49,0,108,0,0,50,0,50,2,57,99,0,158,117,0,117,275
11/20/2002,AZO,MI,AGL,CE,Towers with Radar,2,56,53,0,111,0,0,74,0,74,2,56,127,0,185,242,0,242,427
11/21/2002,AZO,MI,AGL,CE,Towers with Radar,3,62,36,0,101,0,0,4,0,4,3,62,40,0,105,32,0,32,137
11/22/2002,AZO,MI,AGL,CE,Towers with Radar,3,57,48,0,108,0,8,35,0,43,3,65,83,0,151,114,0,114,265
11/23/2002,AZO,MI,AGL,CE,Towers with Radar,2,54,19,0,75,0,6,48,0,54,2,60,67,0,129,92,0,92,221
11/24/2002,AZO,MI,AGL,CE,Towers with Radar,2,53,35,0,90,0,0,53,0,53,2,53,88,0,143,46,0,46,189
11/25/2002,AZO,MI,AGL,CE,Towers with Radar,2,66,62,0,130,0,2,33,0,35,2,68,95,0,165,36,0,36,201
11/26/2002,AZO,MI,AGL,CE,Towers with Radar,2,60,58,0,120,0,6,46,0,52,2,66,104,0,172,60,0,60,232
11/27/2002,AZO,MI,AGL,CE,Towers with Radar,2,62,39,0,103,0,4,33,0,37,2,66,72,0,140,44,0,44,184
11/28/2002,AZO,MI,AGL,CE,Towers with Radar,2,41,8,0,51,0,4,13,0,17,2,45,21,0,68,26,0,26,94
11/29/2002,AZO,MI,AGL,CE,Towers with Radar,2,44,5,0,51,0,0,18,0,18,2,44,23,0,69,17,0,17,86
11/30/2002,AZO,MI,AGL,CE,Towers with Radar,2,57,4,0,63,0,0,0,0,0,2,57,4,0,63,0,0,0,63
12/01/2002,AZO,MI,AGL,CE,Towers with Radar,1,56,25,0,82,1,8,10,0,19,2,64,35,0,101,8,0,8,109
12/02/2002,AZO,MI,AGL,CE,Towers with Radar,2,45,41,0,88,0,5,1,0,6,2,50,42,0,94,0,0,0,94
12/03/2002,AZO,MI,AGL,CE,Towers with Radar,5,48,56,0,109,0,1,74,0,75,5,49,130,0,184,180,0,180,364
12/04/2002,AZO,MI,AGL,CE,Towers with Radar,5,56,48,0,109,0,3,61,0,64,5,59,109,0,173,206,0,206,379
12/05/2002,AZO,MI,AGL,CE,Towers with Radar,4,55,41,0,100,0,4,26,0,30,4,59,67,0,130,88,0,88,218
12/06/2002,AZO,MI,AGL,CE,Towers with Radar,6,62,33,0,101,0,0,33,0,33,6,62,66,0,134,68,0,68,202
12/07/2002,AZO,MI,AGL,CE,Towers with Radar,8,44,36,0,88,0,3,23,0,26,8,47,59,0,114,81,0,81,195
12/08/2002,AZO,MI,AGL,CE,Towers with Radar,4,50,31,0,85,0,4,54,0,58,4,54,85,0,143,62,0,62,205
12/09/2002,AZO,MI,AGL,CE,Towers with Radar,6,55,38,0,99,0,4,48,0,52,6,59,86,0,151,92,0,92,243
12/10/2002,AZO,MI,AGL,CE,Towers with Radar,6,50,58,0,114,0,4,68,0,72,6,54,126,0,186,120,0,120,306
12/11/2002,AZO,MI,AGL,CE,Towers with Radar,6,62,49,0,117,0,0,89,1,90,6,62,138,1,207,92,0,92,299
12/12/2002,AZO,MI,AGL,CE,Towers with Radar,5,54,62,0,121,0,1,25,0,26,5,55,87,0,147,68,0,68,215
12/13/2002,AZO,MI,AGL,CE,Towers with Radar,5,55,39,2,101,0,1,2,0,3,5,56,41,2,104,0,0,0,104
12/14/2002,AZO,MI,AGL,CE,Towers with Radar,3,36,22,0,61,2,16,17,0,35,5,52,39,0,96,58,0,58,154
12/15/2002,AZO,MI,AGL,CE,Towers with Radar,6,47,18,0,71,0,1,14,0,15,6,48,32,0,86,34,0,34,120
12/16/2002,AZO,MI,AGL,CE,Towers with Radar,6,56,52,0,114,0,5,41,0,46,6,61,93,0,160,153,0,153,313
12/17/2002,AZO,MI,AGL,CE,Towers with Radar,6,57,26,0,89,0,2,11,0,13,6,59,37,0,102,52,0,52,154
12/18/2002,AZO,MI,AGL,CE,Towers with Radar,6,52,26,0,84,0,2,1,0,3,6,54,27,0,87,0,0,0,87
12/19/2002,AZO,MI,AGL,CE,Towers with Radar,6,58,45,0,109,0,0,0,0,0,6,58,45,0,109,0,0,0,109
12/20/2002,AZO,MI,AGL,CE,Towers with Radar,5,45,34,0,84,0,0,2,0,2,5,45,36,0,86,0,0,0,86
12/21/2002,AZO,MI,AGL,CE,Towers with Radar,5,45,20,0,70,0,2,9,0,11,5,47,29,0,81,0,0,0,81
12/22/2002,AZO,MI,AGL,CE,Towers with Radar,6,46,7,0,59,0,4,10,0,14,6,50,17,0,73,0,0,0,73
12/23/2002,AZO,MI,AGL,CE,Towers with Radar,6,54,17,0,77,0,3,12,0,15,6,57,29,0,92,52,0,52,144
12/24/2002,AZO,MI,AGL,CE,Towers with Radar,6,42,16,0,64,0,1,24,0,25,6,43,40,0,89,0,0,0,89
12/25/2002,AZO,MI,AGL,CE,Towers with Radar,6,44,4,0,54,0,1,0,0,1,6,45,4,0,55,0,0,0,55
12/26/2002,AZO,MI,AGL,CE,Towers with Radar,6,51,28,0,85,0,0,7,0,7,6,51,35,0,92,0,0,0,92
12/27/2002,AZO,MI,AGL,CE,Towers with Radar,5,64,35,0,104,0,4,4,0,8,5,68,39,0,112,6,0,6,118
12/28/2002,AZO,MI,AGL,CE,Towers with Radar,6,51,6,0,63,0,2,0,0,2,6,53,6,0,65,0,0,0,65
12/29/2002,AZO,MI,AGL,CE,Towers with Radar,6,47,26,0,79,0,2,35,0,37,6,49,61,0,116,12,0,12,128
12/30/2002,AZO,MI,AGL,CE,Towers with Radar,4,27,6,0,37,0,0,0,0,0,4,27,6,0,37,0,0,0,37
12/31/2002,AZO,MI,AGL,CE,Towers with Radar,6,48,18,0,72,0,8,40,0,48,6,56,58,0,120,18,0,18,138
01/01/2003,AZO,MI,AGL,CE,Towers with Radar,5,45,18,0,68,1,2,28,0,31,6,47,46,0,99,4,0,4,103
01/02/2003,AZO,MI,AGL,CE,Towers with Radar,5,51,30,0,86,0,1,7,0,8,5,52,37,0,94,24,0,24,118
01/03/2003,AZO,MI,AGL,CE,Towers with Radar,6,54,28,0,88,0,4,22,0,26,6,58,50,0,114,26,0,26,140
01/04/2003,AZO,MI,AGL,CE,Towers with Radar,6,48,21,0,75,0,3,64,0,67,6,51,85,0,142,120,0,120,262
01/05/2003,AZO,MI,AGL,CE,Towers with Radar,4,50,13,0,67,0,0,3,0,3,4,50,16,0,70,2,0,2,72
01/06/2003,AZO,MI,AGL,CE,Towers with Radar,6,48,68,0,122,0,0,9,0,9,6,48,77,0,131,26,0,26,157
01/07/2003,AZO,MI,AGL,CE,Towers with Radar,6,52,30,0,88,0,1,16,0,17,6,53,46,0,105,4,0,4,109
01/08/2003,AZO,MI,AGL,CE,Towers with Radar,4,53,46,0,103,0,8,82,0,90,4,61,128,0,193,148,0,148,341
01/09/2003,AZO,MI,AGL,CE,Towers with Radar,3,53,49,0,105,0,0,29,0,29,3,53,78,0,134,122,0,122,256
01/10/2003,AZO,MI,AGL,CE,Towers with Radar,5,46,22,0,73,0,0,2,0,2,5,46,24,0,75,0,0,0,75
01/11/2003,AZO,MI,AGL,CE,Towers with Radar,7,44,25,0,76,0,0,4,0,4,7,44,29,0,80,2,0,2,82
01/12/2003,AZO,MI,AGL,CE,Towers with Radar,5,45,26,0,76,0,0,40,0,40,5,45,66,0,116,48,0,48,164
01/13/2003,AZO,MI,AGL,CE,Towers with Radar,5,53,60,0,118,0,0,17,0,17,5,53,77,0,135,44,0,44,179
01/14/2003,AZO,MI,AGL,CE,Towers with Radar,9,44,36,0,89,0,0,34,0,34,9,44,70,0,123,132,0,132,255
01/15/2003,AZO,MI,AGL,CE,Towers with Radar,17,39,71,0,127,0,1,7,0,8,17,40,78,0,135,28,0,28,163
01/16/2003,AZO,MI,AGL,CE,Towers with Radar,3,51,50,0,104,0,0,48,0,48,3,51,98,0,152,228,0,228,380
01/17/2003,AZO,MI,AGL,CE,Towers with Radar,5,51,55,0,111,0,6,66,0,72,5,57,121,0,183,172,0,172,355
01/18/2003,AZO,MI,AGL,CE,Towers with Radar,6,41,10,0,57,0,2,17,0,19,6,43,27,0,76,16,0,16,92
01/19/2003,AZO,MI,AGL,CE,Towers with Radar,6,44,8,0,58,0,2,7,0,9,6,46,15,0,67,0,0,0,67
01/20/2003,AZO,MI,AGL,CE,Towers with Radar,5,45,35,0,85,0,9,10,0,19,5,54,45,0,104,28,0,28,132
01/21/2003,AZO,MI,AGL,CE,Towers with Radar,6,48,70,1,125,0,2,39,1,42,6,50,109,2,167,0,0,0,167
01/22/2003,AZO,MI,AGL,CE,Towers with Radar,6,58,46,0,110,0,0,17,0,17,6,58,63,0,127,58,0,58,185
01/23/2003,AZO,MI,AGL,CE,Towers with Radar,7,46,25,0,78,0,2,20,0,22,7,48,45,0,100,68,0,68,168
01/24/2003,AZO,MI,AGL,CE,Towers with Radar,6,53,42,0,101,0,0,7,1,8,6,53,49,1,109,54,0,54,163
01/25/2003,AZO,MI,AGL,CE,Towers with Radar,4,34,26,0,64,1,14,5,0,20,5,48,31,0,84,34,0,34,118
01/26/2003,AZO,MI,AGL,CE,Towers with Radar,6,41,11,0,58,0,8,5,0,13,6,49,16,0,71,0,0,0,71
01/27/2003,AZO,MI,AGL,CE,Towers with Radar,4,55,35,0,94,0,4,31,0,35,4,59,66,0,129,140,0,140,269
01/28/2003,AZO,MI,AGL,CE,Towers with Radar,6,50,36,0,92,0,0,14,0,14,6,50,50,0,106,0,0,0,106
01/29/2003,AZO,MI,AGL,CE,Towers with Radar,7,53,78,0,138,0,0,82,0,82,7,53,160,0,220,206,0,206,426
01/30/2003,AZO,MI,AGL,CE,Towers with Radar,6,48,45,0,99,0,0,84,0,84,6,48,129,0,183,354,0,354,537
01/31/2003,AZO,MI,AGL,CE,Towers with Radar,4,37,15,0,56,1,11,0,1,13,5,48,15,1,69,0,0,0,69
02/01/2003,AZO,MI,AGL,CE,Towers with Radar,2,42,12,0,56,1,1,6,0,8,3,43,18,0,64,12,0,12,76
02/02/2003,AZO,MI,AGL,CE,Towers with Radar,5,43,11,0,59,2,4,0,0,6,7,47,11,0,65,0,0,0,65
02/03/2003,AZO,MI,AGL,CE,Towers with Radar,5,41,16,0,62,1,8,7,0,16,6,49,23,0,78,0,0,0,78
02/04/2003,AZO,MI,AGL,CE,Towers with Radar,6,41,16,0,63,0,0,0,0,0,6,41,16,0,63,0,0,0,63
02/05/2003,AZO,MI,AGL,CE,Towers with Radar,5,55,53,0,113,0,5,13,0,18,5,60,66,0,131,24,0,24,155
02/06/2003,AZO,MI,AGL,CE,Towers with Radar,3,55,52,0,110,0,0,30,0,30,3,55,82,0,140,104,0,104,244
02/07/2003,AZO,MI,AGL,CE,Towers with Radar,7,54,74,0,135,0,1,19,0,20,7,55,93,0,155,45,0,45,200
02/08/2003,AZO,MI,AGL,CE,Towers with Radar,5,43,5,0,53,0,7,18,0,25,5,50,23,0,78,42,0,42,120
02/09/2003,AZO,MI,AGL,CE,Towers with Radar,5,43,40,0,88,0,3,55,2,60,5,46,95,2,148,70,0,70,218
02/10/2003,AZO,MI,AGL,CE,Towers with Radar,6,54,27,0,87,0,2,2,0,4,6,56,29,0,91,0,0,0,91
02/11/2003,AZO,MI,AGL,CE,Towers with Radar,6,48,26,0,80,0,1,29,0,30,6,49,55,0,110,114,0,114,224
02/12/2003,AZO,MI,AGL,CE,Towers with Radar,5,52,35,0,92,0,3,5,0,8,5,55,40,0,100,6,0,6,106
02/13/2003,AZO,MI,AGL,CE,Towers with Radar,6,48,54,0,108,0,1,54,0,55,6,49,108,0,163,144,0,144,307
02/14/2003,AZO,MI,AGL,CE,Towers with Radar,4,51,42,0,97,0,1,78,0,79,4,52,120,0,176,204,0,204,380
02/15/2003,AZO,MI,AGL,CE,Towers with Radar,5,41,27,0,73,0,1,19,0,20,5,42,46,0,93,100,0,100,193
02/16/2003,AZO,MI,AGL,CE,Towers with Radar,3,35,47,1,86,0,2,30,0,32,3,37,77,1,118,50,0,50,168
02/17/2003,AZO,MI,AGL,CE,Towers with Radar,6,51,53,0,110,0,0,43,0,43,6,51,96,0,153,178,0,178,331
02/18/2003,AZO,MI,AGL,CE,Towers with Radar,6,51,33,0,90,0,2,1,0,3,6,53,34,0,93,0,0,0,93
02/19/2003,AZO,MI,AGL,CE,Towers with Radar,6,47,83,0,136,0,2,56,0,58,6,49,139,0,194,126,0,126,320
02/20/2003,AZO,MI,AGL,CE,Towers with Radar,2,57,41,0,100,0,0,113,0,113,2,57,154,0,213,256,0,256,469
02/21/2003,AZO,MI,AGL,CE,Towers with Radar,9,50,39,0,98,0,0,77,0,77,9,50,116,0,175,186,0,186,361
02/22/2003,AZO,MI,AGL,CE,Towers with Radar,2,38,7,0,47,0,0,8,0,8,2,38,15,0,55,0,0,0,55
02/23/2003,AZO,MI,AGL,CE,Towers with Radar,7,41,23,0,71,0,8,57,0,65,7,49,80,0,136,80,0,80,216
02/24/2003,AZO,MI,AGL,CE,Towers with Radar,6,53,39,0,98,0,0,5,0,5,6,53,44,0,103,0,0,0,103
02/25/2003,AZO,MI,AGL,CE,Towers with Radar,6,47,62,0,115,0,7,74,0,81,6,54,136,0,196,242,0,242,438
02/26/2003,AZO,MI,AGL,CE,Towers with Radar,6,44,47,0,97,0,0,68,0,68,6,44,115,0,165,182,0,182,347
02/27/2003,AZO,MI,AGL,CE,Towers with Radar,6,45,54,0,105,0,0,64,0,64,6,45,118,0,169,222,0,222,391
02/28/2003,AZO,MI,AGL,CE,Towers with Radar,4,49,42,0,95,0,6,88,0,94,4,55,130,0,189,168,0,168,357
03/01/2003,AZO,MI,AGL,CE,Towers with Radar,0,51,20,0,71,0,4,21,0,25,0,55,41,0,96,0,0,0,96
03/02/2003,AZO,MI,AGL,CE,Towers with Radar,4,46,22,0,72,0,0,18,0,18,4,46,40,0,90,10,0,10,100
03/03/2003,AZO,MI,AGL,CE,Towers with Radar,6,49,34,0,89,0,1,34,0,35,6,50,68,0,124,66,0,66,190
03/04/2003,AZO,MI,AGL,CE,Towers with Radar,4,47,41,0,92,0,0,15,0,15,4,47,56,0,107,64,0,64,171
03/05/2003,AZO,MI,AGL,CE,Towers with Radar,1,49,39,0,89,0,4,37,0,41,1,53,76,0,130,184,0,184,314
03/06/2003,AZO,MI,AGL,CE,Towers with Radar,3,48,55,0,106,0,0,40,1,41,3,48,95,1,147,170,0,170,317
03/07/2003,AZO,MI,AGL,CE,Towers with Radar,6,44,41,0,91,0,0,21,0,21,6,44,62,0,112,0,0,0,112
03/08/2003,AZO,MI,AGL,CE,Towers with Radar,5,38,29,0,72,0,0,13,0,13,5,38,42,0,85,34,0,34,119
03/09/2003,AZO,MI,AGL,CE,Towers with Radar,6,46,20,0,72,0,0,12,0,12,6,46,32,0,84,10,0,10,94
03/10/2003,AZO,MI,AGL,CE,Towers with Radar,6,52,37,0,95,0,0,32,0,32,6,52,69,0,127,60,0,60,187
03/11/2003,AZO,MI,AGL,CE,Towers with Radar,4,52,47,0,103,0,3,28,0,31,4,55,75,0,134,64,0,64,198
03/12/2003,AZO,MI,AGL,CE,Towers with Radar,5,52,48,0,105,0,4,51,0,55,5,56,99,0,160,112,0,112,272
03/13/2003,AZO,MI,AGL,CE,Towers with Radar,4,45,38,0,87,0,3,51,0,54,4,48,89,0,141,156,0,156,297
03/14/2003,AZO,MI,AGL,CE,Towers with Radar,2,55,49,0,106,0,4,94,0,98,2,59,143,0,204,242,0,242,446
03/15/2003,AZO,MI,AGL,CE,Towers with Radar,6,38,46,0,90,0,3,135,0,138,6,41,181,0,228,170,0,170,398
03/16/2003,AZO,MI,AGL,CE,Towers with Radar,6,45,32,0,83,0,0,31,0,31,6,45,63,0,114,102,0,102,216
03/17/2003,AZO,MI,AGL,CE,Towers with Radar,6,50,47,0,103,0,2,69,0,71,6,52,116,0,174,134,0,134,308
03/18/2003,AZO,MI,AGL,CE,Towers with Radar,3,58,34,0,95,0,1,5,0,6,3,59,39,0,101,0,0,0,101
03/19/2003,AZO,MI,AGL,CE,Towers with Radar,6,56,43,0,105,0,4,13,0,17,6,60,56,0,122,4,0,4,126
03/20/2003,AZO,MI,AGL,CE,Towers with Radar,6,56,34,0,96,0,0,10,0,10,6,56,44,0,106,0,0,0,106
03/21/2003,AZO,MI,AGL,CE,Towers with Radar,5,57,34,0,96,0,1,1,0,2,5,58,35,0,98,0,0,0,98
03/22/2003,AZO,MI,AGL,CE,Towers with Radar,5,48,13,0,66,0,0,13,0,13,5,48,26,0,79,24,0,24,103
03/23/2003,AZO,MI,AGL,CE,Towers with Radar,8,47,37,0,92,0,2,63,0,65,8,49,100,0,157,124,0,124,281
03/24/2003,AZO,MI,AGL,CE,Towers with Radar,6,61,54,0,121,0,5,68,0,73,6,66,122,0,194,176,0,176,370
03/25/2003,AZO,MI,AGL,CE,Towers with Radar,6,58,60,0,124,0,4,66,194,264,6,62,126,194,388,0,0,0,388
03/26/2003,AZO,MI,AGL,CE,Towers with Radar,7,54,58,0,119,0,5,81,0,86,7,59,139,0,205,192,0,192,397
03/27/2003,AZO,MI,AGL,CE,Towers with Radar,6,61,38,0,105,0,0,32,0,32,6,61,70,0,137,194,0,194,331
03/28/2003,AZO,MI,AGL,CE,Towers with Radar,6,60,23,0,89,0,0,6,0,6,6,60,29,0,95,0,0,0,95
03/29/2003,AZO,MI,AGL,CE,Towers with Radar,5,46,10,0,61,0,0,17,0,17,5,46,27,0,78,42,0,42,120
03/30/2003,AZO,MI,AGL,CE,Towers with Radar,6,45,38,0,89,0,4,97,0,101,6,49,135,0,190,126,0,126,316
03/31/2003,AZO,MI,AGL,CE,Towers with Radar,6,52,52,0,110,0,2,60,0,62,6,54,112,0,172,178,0,178,350
04/01/2003,AZO,MI,AGL,CE,Towers with Radar,6,61,33,0,100,0,9,90,0,99,6,70,123,0,199,176,0,176,375
04/02/2003,AZO,MI,AGL,CE,Towers with Radar,5,51,57,0,113,0,3,32,0,35,5,54,89,0,148,144,0,144,292
04/03/2003,AZO,MI,AGL,CE,Towers with Radar,7,53,46,0,106,0,1,4,0,5,7,54,50,0,111,22,0,22,133
04/04/2003,AZO,MI,AGL,CE,Towers with Radar,6,48,21,0,75,0,1,0,0,1,6,49,21,0,76,0,0,0,76
04/05/2003,AZO,MI,AGL,CE,Towers with Radar,5,47,9,0,61,0,4,0,0,4,5,51,9,0,65,126,0,126,191
04/06/2003,AZO,MI,AGL,CE,Towers with Radar,6,47,39,1,93,0,5,40,0,45,6,52,79,1,138,64,0,64,202
04/07/2003,AZO,MI,AGL,CE,Towers with Radar,6,40,13,0,59,0,1,0,0,1,6,41,13,0,60,0,0,0,60
04/08/2003,AZO,MI,AGL,CE,Towers with Radar,6,47,28,0,81,0,3,10,1,14,6,50,38,1,95,16,0,16,111
04/09/2003,AZO,MI,AGL,CE,Towers with Radar,8,43,80,0,131,0,1,149,0,150,8,44,229,0,281,302,0,302,583
04/10/2003,AZO,MI,AGL,CE,Towers with Radar,4,38,52,0,94,0,0,94,0,94,4,38,146,0,188,286,0,286,474
04/11/2003,AZO,MI,AGL,CE,Towers with Radar,4,58,49,0,111,0,4,129,0,133,4,62,178,0,244,222,0,222,466
04/12/2003,AZO,MI,AGL,CE,Towers with Radar,5,43,26,0,74,0,3,103,0,106,5,46,129,0,180,246,0,246,426
04/13/2003,AZO,MI,AGL,CE,Towers with Radar,6,44,31,0,81,0,3,100,0,103,6,47,131,0,184,148,0,148,332
04/14/2003,AZO,MI,AGL,CE,Towers with Radar,6,49,52,0,107,0,3,65,1,69,6,52,117,1,176,204,0,204,380
04/15/2003,AZO,MI,AGL,CE,Towers with Radar,6,50,47,0,103,0,7,21,0,28,6,57,68,0,131,30,0,30,161
04/16/2003,AZO,MI,AGL,CE,Towers with Radar,6,47,64,0,117,0,0,32,0,32,6,47,96,0,149,174,0,174,323
04/17/2003,AZO,MI,AGL,CE,Towers with Radar,6,49,58,2,115,0,0,23,0,23,6,49,81,2,138,64,0,64,202
04/18/2003,AZO,MI,AGL,CE,Towers with Radar,6,46,50,0,102,0,0,23,4,27,6,46,73,4,129,68,0,68,197
04/19/2003,AZO,MI,AGL,CE,Towers with Radar,3,30,27,0,60,3,10,31,0,44,6,40,58,0,104,68,0,68,172
04/20/2003,AZO,MI,AGL,CE,Towers with Radar,4,42,11,0,57,0,6,1,0,7,4,48,12,0,64,0,0,0,64
04/21/2003,AZO,MI,AGL,CE,Towers with Radar,6,49,42,2,99,0,5,6,0,11,6,54,48,2,110,0,0,0,110
04/22/2003,AZO,MI,AGL,CE,Towers with Radar,6,37,51,0,94,0,1,97,0,98,6,38,148,0,192,238,0,238,430
04/23/2003,AZO,MI,AGL,CE,Towers with Radar,6,53,69,0,128,0,4,142,0,146,6,57,211,0,274,204,0,204,478
04/24/2003,AZO,MI,AGL,CE,Towers with Radar,6,48,51,0,105,0,0,109,0,109,6,48,160,0,214,224,0,224,438
04/25/2003,AZO,MI,AGL,CE,Towers with Radar,7,49,44,0,100,0,5,50,0,55,7,54,94,0,155,186,0,186,341
04/26/2003,AZO,MI,AGL,CE,Towers with Radar,6,43,13,0,62,0,3,79,0,82,6,46,92,0,144,148,0,148,292
04/27/2003,AZO,MI,AGL,CE,Towers with Radar,6,46,20,0,72,0,4,77,0,81,6,50,97,0,153,0,102,102,255
04/28/2003,AZO,MI,AGL,CE,Towers with Radar,6,49,65,0,120,0,0,57,0,57,6,49,122,0,177,150,0,150,327
04/29/2003,AZO,MI,AGL,CE,Towers with Radar,6,49,49,0,104,0,0,79,0,79,6,49,128,0,183,224,0,224,407
04/30/2003,AZO,MI,AGL,CE,Towers with Radar,5,49,37,0,91,0,0,1,0,1,5,49,38,0,92,2,0,2,94
05/01/2003,AZO,MI,AGL,CE,Towers with Radar,8,44,32,0,84,0,0,19,0,19,8,44,51,0,103,20,0,20,123
05/02/2003,AZO,MI,AGL,CE,Towers with Radar,10,46,63,0,119,0,4,79,0,83,10,50,142,0,202,68,0,68,270
05/03/2003,AZO,MI,AGL,CE,Towers with Radar,11,37,24,0,72,0,5,93,0,98,11,42,117,0,170,626,0,626,796
05/04/2003,AZO,MI,AGL,CE,Towers with Radar,8,40,18,2,68,0,2,42,0,44,8,42,60,2,112,56,0,56,168
05/05/2003,AZO,MI,AGL,CE,Towers with Radar,12,47,26,0,85,0,1,6,0,7,12,48,32,0,92,20,0,20,112
05/06/2003,AZO,MI,AGL,CE,Towers with Radar,8,46,51,0,105,0,1,43,0,44,8,47,94,0,149,164,0,164,313
05/07/2003,AZO,MI,AGL,CE,Towers with Radar,14,44,59,0,117,0,2,2,0,4,14,46,61,0,121,20,0,20,141
05/08/2003,AZO,MI,AGL,CE,Towers with Radar,9,55,75,0,139,0,0,0,0,0,9,55,75,0,139,0,0,0,139
05/09/2003,AZO,MI,AGL,CE,Towers with Radar,10,54,43,0,107,0,30,1,0,31,10,84,44,0,138,184,0,184,322
05/10/2003,AZO,MI,AGL,CE,Towers with Radar,7,33,19,0,59,0,0,19,0,19,7,33,38,0,78,180,0,180,258
05/11/2003,AZO,MI,AGL,CE,Towers with Radar,8,34,8,0,50,0,2,4,0,6,8,36,12,0,56,0,0,0,56
05/12/2003,AZO,MI,AGL,CE,Towers with Radar,8,47,20,0,75,0,2,4,0,6,8,49,24,0,81,152,0,152,233
05/13/2003,AZO,MI,AGL,CE,Towers with Radar,8,46,35,0,89,0,1,101,0,102,8,47,136,0,191,284,0,284,475
05/14/2003,AZO,MI,AGL,CE,Towers with Radar,8,49,23,0,80,0,3,86,0,89,8,52,109,0,169,208,0,208,377
05/15/2003,AZO,MI,AGL,CE,Towers with Radar,10,52,79,0,141,0,0,6,0,6,10,52,85,0,147,12,0,12,159
05/16/2003,AZO,MI,AGL,CE,Towers with Radar,8,50,77,0,135,0,0,40,0,40,8,50,117,0,175,162,0,162,337
05/17/2003,AZO,MI,AGL,CE,Towers with Radar,8,39,26,0,73,0,4,50,3,57,8,43,76,3,130,40,0,40,170
05/18/2003,AZO,MI,AGL,CE,Towers with Radar,8,42,34,0,84,0,5,50,5,60,8,47,84,5,144,136,0,136,280
05/19/2003,AZO,MI,AGL,CE,Towers with Radar,8,47,61,0,116,0,6,19,0,25,8,53,80,0,141,156,0,156,297
05/20/2003,AZO,MI,AGL,CE,Towers with Radar,9,44,50,0,103,0,0,24,0,24,9,44,74,0,127,68,0,68,195
05/21/2003,AZO,MI,AGL,CE,Towers with Radar,8,51,65,0,124,0,3,103,0,106,8,54,168,0,230,196,0,196,426
05/22/2003,AZO,MI,AGL,CE,Towers with Radar,8,52,63,0,123,0,2,99,0,101,8,54,162,0,224,148,0,148,372
05/23/2003,AZO,MI,AGL,CE,Towers with Radar,8,49,54,0,111,5,0,67,0,72,13,49,121,0,183,166,0,166,349
05/24/2003,AZO,MI,AGL,CE,Towers with Radar,7,34,33,0,74,0,1,20,0,21,7,35,53,0,95,62,0,62,157
05/25/2003,AZO,MI,AGL,CE,Towers with Radar,8,42,27,0,77,0,3,20,0,23,8,45,47,0,100,62,0,62,162
05/26/2003,AZO,MI,AGL,CE,Towers with Radar,8,44,33,2,87,0,0,70,1,71,8,44,103,3,158,180,0,180,338
05/27/2003,AZO,MI,AGL,CE,Towers with Radar,8,47,55,0,110,0,2,69,0,71,8,49,124,0,181,192,0,192,373
05/28/2003,AZO,MI,AGL,CE,Towers with Radar,8,49,49,0,106,0,1,58,0,59,8,50,107,0,165,228,0,228,393
05/29/2003,AZO,MI,AGL,CE,Towers with Radar,8,51,79,0,138,0,4,77,0,81,8,55,156,0,219,162,0,162,381
05/30/2003,AZO,MI,AGL,CE,Towers with Radar,8,49,38,0,95,0,0,48,0,48,8,49,86,0,143,80,0,80,223
05/31/2003,AZO,MI,AGL,CE,Towers with Radar,8,43,21,0,72,0,4,14,0,18,8,47,35,0,90,0,0,0,90
06/01/2003,AZO,MI,AGL,CE,Towers with Radar,7,50,44,0,101,1,7,91,0,99,8,57,135,0,200,126,0,126,326
06/02/2003,AZO,MI,AGL,CE,Towers with Radar,8,46,52,0,106,0,4,62,0,66,8,50,114,0,172,174,0,174,346
06/03/2003,AZO,MI,AGL,CE,Towers with Radar,8,46,74,0,128,0,2,79,0,81,8,48,153,0,209,222,0,222,431
06/04/2003,AZO,MI,AGL,CE,Towers with Radar,8,45,75,0,128,0,0,16,0,16,8,45,91,0,144,22,0,22,166
06/05/2003,AZO,MI,AGL,CE,Towers with Radar,8,53,43,0,104,0,9,48,0,57,8,62,91,0,161,222,0,222,383
06/06/2003,AZO,MI,AGL,CE,Towers with Radar,7,51,47,0,105,1,0,47,0,48,8,51,94,0,153,86,0,86,239
06/07/2003,AZO,MI,AGL,CE,Towers with Radar,6,36,32,0,74,0,2,33,0,35,6,38,65,0,109,0,0,0,109
06/08/2003,AZO,MI,AGL,CE,Towers with Radar,5,42,14,0,61,0,0,22,0,22,5,42,36,0,83,2,0,2,85
06/09/2003,AZO,MI,AGL,CE,Towers with Radar,8,52,53,0,113,0,4,39,0,43,8,56,92,0,156,112,0,112,268
06/10/2003,AZO,MI,AGL,CE,Towers with Radar,8,47,42,0,97,0,4,27,0,31,8,51,69,0,128,68,0,68,196
06/11/2003,AZO,MI,AGL,CE,Towers with Radar,9,48,59,1,117,0,1,80,1,82,9,49,139,2,199,223,0,223,422
06/12/2003,AZO,MI,AGL,CE,Towers with Radar,8,52,41,3,104,0,0,1,0,1,8,52,42,3,105,16,0,16,121
06/13/2003,AZO,MI,AGL,CE,Towers with Radar,8,47,59,0,114,0,4,17,0,21,8,51,76,0,135,20,0,20,155
06/14/2003,AZO,MI,AGL,CE,Towers with Radar,8,44,31,0,83,0,6,71,0,77,8,50,102,0,160,124,0,124,284
06/15/2003,AZO,MI,AGL,CE,Towers with Radar,8,43,22,0,73,0,5,93,0,98,8,48,115,0,171,22,0,22,193
06/16/2003,AZO,MI,AGL,CE,Towers with Radar,7,47,44,0,98,1,1,6,0,8,8,48,50,0,106,178,0,178,284
06/17/2003,AZO,MI,AGL,CE,Towers with Radar,5,63,105,0,173,0,2,54,0,56,5,65,159,0,229,214,0,214,443
06/18/2003,AZO,MI,AGL,CE,Towers with Radar,10,48,35,0,93,0,4,65,0,69,10,52,100,0,162,182,0,182,344
06/19/2003,AZO,MI,AGL,CE,Towers with Radar,7,53,64,0,124,0,1,110,0,111,7,54,174,0,235,222,0,222,457
06/20/2003,AZO,MI,AGL,CE,Towers with Radar,8,50,32,0,90,0,1,89,0,90,8,51,121,0,180,184,0,184,364
06/21/2003,AZO,MI,AGL,CE,Towers with Radar,10,37,22,0,69,0,3,96,0,99,10,40,118,0,168,121,0,121,289
06/22/2003,AZO,MI,AGL,CE,Towers with Radar,8,40,15,0,63,0,3,73,0,76,8,43,88,0,139,186,0,186,325
06/23/2003,AZO,MI,AGL,CE,Towers with Radar,7,51,34,0,92,0,1,52,0,53,7,52,86,0,145,100,0,100,245
06/24/2003,AZO,MI,AGL,CE,Towers with Radar,8,46,54,0,108,0,7,87,0,94,8,53,141,0,202,196,0,196,398
06/25/2003,AZO,MI,AGL,CE,Towers with Radar,7,52,55,0,114,0,0,55,0,55,7,52,110,0,169,118,0,118,287
06/26/2003,AZO,MI,AGL,CE,Towers with Radar,7,50,38,0,95,0,0,24,0,24,7,50,62,0,119,60,0,60,179
06/27/2003,AZO,MI,AGL,CE,Towers with Radar,7,51,40,0,98,0,0,75,0,75,7,51,115,0,173,104,0,104,277
06/28/2003,AZO,MI,AGL,CE,Towers with Radar,5,35,32,0,72,0,21,31,0,52,5,56,63,0,124,45,0,45,169
06/29/2003,AZO,MI,AGL,CE,Towers with Radar,1,31,21,0,53,0,2,84,0,86,1,33,105,0,139,92,0,92,231
06/30/2003,AZO,MI,AGL,CE,Towers with Radar,8,45,59,0,112,0,10,186,0,196,8,55,245,0,308,240,0,240,548
07/01/2003,AZO,MI,AGL,CE,Towers with Radar,9,48,75,0,132,0,6,221,0,227,9,54,296,0,359,310,0,310,669
07/02/2003,AZO,MI,AGL,CE,Towers with Radar,8,49,74,1,132,0,0,154,0,154,8,49,228,1,286,216,2,218,504
07/03/2003,AZO,MI,AGL,CE,Towers with Radar,8,49,49,0,106,0,0,94,0,94,8,49,143,0,200,54,0,54,254
07/04/2003,AZO,MI,AGL,CE,Towers with Radar,5,37,7,0,49,0,4,36,0,40,5,41,43,0,89,32,0,32,121
07/05/2003,AZO,MI,AGL,CE,Towers with Radar,7,36,16,0,59,0,4,19,0,23,7,40,35,0,82,8,0,8,90
07/06/2003,AZO,MI,AGL,CE,Towers with Radar,7,33,18,0,58,0,2,29,0,31,7,35,47,0,89,28,0,28,117
07/07/2003,AZO,MI,AGL,CE,Towers with Radar,8,46,42,0,96,0,2,16,0,18,8,48,58,0,114,68,0,68,182
07/08/2003,AZO,MI,AGL,CE,Towers with Radar,9,38,26,0,73,0,3,15,0,18,9,41,41,0,91,50,0,50,141
07/09/2003,AZO,MI,AGL,CE,Towers with Radar,8,48,64,0,120,0,4,43,0,47,8,52,107,0,167,102,0,102,269
07/10/2003,AZO,MI,AGL,CE,Towers with Radar,8,48,46,0,102,0,0,14,0,14,8,48,60,0,116,30,0,30,146
07/11/2003,AZO,MI,AGL,CE,Towers with Radar,11,50,20,0,81,0,0,9,0,9,11,50,29,0,90,20,0,20,110
07/12/2003,AZO,MI,AGL,CE,Towers with Radar,12,40,26,0,78,0,0,95,2,97,12,40,121,2,175,90,0,90,265
07/13/2003,AZO,MI,AGL,CE,Towers with Radar,7,30,30,0,67,0,4,82,0,86,7,34,112,0,153,60,0,60,213
07/14/2003,AZO,MI,AGL,CE,Towers with Radar,10,50,62,0,122,0,3,83,0,86,10,53,145,0,208,236,0,236,444
07/15/2003,AZO,MI,AGL,CE,Towers with Radar,8,50,55,0,113,0,0,25,0,25,8,50,80,0,138,70,0,70,208
07/16/2003,AZO,MI,AGL,CE,Towers with Radar,8,50,69,0,127,0,3,228,2,233,8,53,297,2,360,204,0,204,564
07/17/2003,AZO,MI,AGL,CE,Towers with Radar,9,48,56,0,113,0,2,77,3,82,9,50,133,3,195,208,0,208,403
07/18/2003,AZO,MI,AGL,CE,Towers with Radar,8,50,49,0,107,0,2,62,1,65,8,52,111,1,172,46,0,46,218
07/19/2003,AZO,MI,AGL,CE,Towers with Radar,5,29,31,0,65,3,16,94,4,117,8,45,125,4,182,96,12,108,290
07/20/2003,AZO,MI,AGL,CE,Towers with Radar,10,50,18,0,78,0,9,24,0,33,10,59,42,0,111,42,0,42,153
07/21/2003,AZO,MI,AGL,CE,Towers with Radar,7,47,42,0,96,0,2,5,0,7,7,49,47,0,103,6,0,6,109
07/22/2003,AZO,MI,AGL,CE,Towers with Radar,7,53,68,0,128,0,4,21,2,27,7,57,89,2,155,78,0,78,233
07/23/2003,AZO,MI,AGL,CE,Towers with Radar,8,54,94,0,156,0,3,90,0,93,8,57,184,0,249,130,0,130,379
07/24/2003,AZO,MI,AGL,CE,Towers with Radar,10,50,67,0,127,0,3,152,1,156,10,53,219,1,283,360,0,360,643
07/25/2003,AZO,MI,AGL,CE,Towers with Radar,8,54,40,0,102,0,2,77,0,79,8,56,117,0,181,152,0,152,333
07/26/2003,AZO,MI,AGL,CE,Towers with Radar,8,42,20,0,70,0,1,28,0,29,8,43,48,0,99,74,0,74,173
07/27/2003,AZO,MI,AGL,CE,Towers with Radar,8,36,35,0,79,0,4,23,0,27,8,40,58,0,106,18,0,18,124
07/28/2003,AZO,MI,AGL,CE,Towers with Radar,8,52,54,0,114,0,7,86,0,93,8,59,140,0,207,204,0,204,411
07/29/2003,AZO,MI,AGL,CE,Towers with Radar,8,60,62,0,130,0,0,76,0,76,8,60,138,0,206,156,0,156,362
07/30/2003,AZO,MI,AGL,CE,Towers with Radar,8,49,64,0,121,0,4,99,0,103,8,53,163,0,224,242,0,242,466
07/31/2003,AZO,MI,AGL,CE,Towers with Radar,9,52,63,0,124,0,0,110,1,111,9,52,173,1,235,118,0,118,353
08/01/2003,AZO,MI,AGL,CE,Towers with Radar,3,42,34,0,79,0,2,23,0,25,3,44,57,0,104,30,0,30,134
08/02/2003,AZO,MI,AGL,CE,Towers with Radar,8,39,22,0,69,0,6,16,0,22,8,45,38,0,91,10,0,10,101
08/03/2003,AZO,MI,AGL,CE,Towers with Radar,7,41,22,0,70,0,5,27,0,32,7,46,49,0,102,14,0,14,116
08/04/2003,AZO,MI,AGL,CE,Towers with Radar,8,45,30,0,83,0,3,19,0,22,8,48,49,0,105,42,0,42,147
08/05/2003,AZO,MI,AGL,CE,Towers with Radar,8,50,36,0,94,0,1,39,0,40,8,51,75,0,134,90,0,90,224
08/06/2003,AZO,MI,AGL,CE,Towers with Radar,9,47,68,0,124,0,1,75,0,76,9,48,143,0,200,112,0,112,312
08/07/2003,AZO,MI,AGL,CE,Towers with Radar,10,52,39,0,101,0,3,47,0,50,10,55,86,0,151,102,0,102,253
08/08/2003,AZO,MI,AGL,CE,Towers with Radar,6,51,44,0,101,0,3,13,0,16,6,54,57,0,117,37,0,37,154
08/09/2003,AZO,MI,AGL,CE,Towers with Radar,8,38,31,0,77,0,7,84,0,91,8,45,115,0,168,130,0,130,298
08/10/2003,AZO,MI,AGL,CE,Towers with Radar,8,44,41,0,93,0,8,81,38,127,8,52,122,38,220,84,0,84,304
08/11/2003,AZO,MI,AGL,CE,Towers with Radar,8,57,38,0,103,0,4,18,0,22,8,61,56,0,125,20,0,20,145
08/12/2003,AZO,MI,AGL,CE,Towers with Radar,8,51,48,0,107,0,6,23,0,29,8,57,71,0,136,58,0,58,194
08/13/2003,AZO,MI,AGL,CE,Towers with Radar,8,46,61,0,115,0,2,97,1,100,8,48,158,1,215,208,0,208,423
08/14/2003,AZO,MI,AGL,CE,Towers with Radar,6,48,52,0,106,0,2,39,0,41,6,50,91,0,147,80,0,80,227
08/15/2003,AZO,MI,AGL,CE,Towers with Radar,6,33,37,0,76,0,5,20,0,25,6,38,57,0,101,0,0,0,101
08/16/2003,AZO,MI,AGL,CE,Towers with Radar,8,37,28,0,73,0,6,53,0,59,8,43,81,0,132,28,0,28,160
08/17/2003,AZO,MI,AGL,CE,Towers with Radar,3,43,28,0,74,0,4,73,0,77,3,47,101,0,151,70,0,70,221
08/18/2003,AZO,MI,AGL,CE,Towers with Radar,8,45,43,0,96,1,0,59,1,61,9,45,102,1,157,38,0,38,195
08/19/2003,AZO,MI,AGL,CE,Towers with Radar,8,50,65,0,123,0,3,106,0,109,8,53,171,0,232,224,0,224,456
08/20/2003,AZO,MI,AGL,CE,Towers with Radar,8,60,57,0,125,0,3,54,0,57,8,63,111,0,182,112,0,112,294
08/21/2003,AZO,MI,AGL,CE,Towers with Radar,8,54,43,0,105,0,0,36,0,36,8,54,79,0,141,54,0,54,195
08/22/2003,AZO,MI,AGL,CE,Towers with Radar,9,49,57,0,115,0,0,70,0,70,9,49,127,0,185,138,0,138,323
08/23/2003,AZO,MI,AGL,CE,Towers with Radar,10,38,40,0,88,0,0,45,0,45,10,38,85,0,133,12,0,12,145
08/24/2003,AZO,MI,AGL,CE,Towers with Radar,8,40,31,0,79,0,3,48,0,51,8,43,79,0,130,44,0,44,174
08/25/2003,AZO,MI,AGL,CE,Towers with Radar,7,48,41,0,96,0,4,47,0,51,7,52,88,0,147,94,0,94,241
08/26/2003,AZO,MI,AGL,CE,Towers with Radar,8,52,34,0,94,0,2,41,0,43,8,54,75,0,137,50,0,50,187
08/27/2003,AZO,MI,AGL,CE,Towers with Radar,8,51,50,0,109,0,2,85,0,87,8,53,135,0,196,100,0,100,296
08/28/2003,AZO,MI,AGL,CE,Towers with Radar,9,54,49,0,112,0,2,63,0,65,9,56,112,0,177,74,0,74,251
08/29/2003,AZO,MI,AGL,CE,Towers with Radar,9,48,52,0,109,0,5,24,0,29,9,53,76,0,138,40,0,40,178
08/30/2003,AZO,MI,AGL,CE,Towers with Radar,8,31,25,0,64,0,7,85,0,92,8,38,110,0,156,129,0,129,285
08/31/2003,AZO,MI,AGL,CE,Towers with Radar,6,32,12,0,50,0,0,42,0,42,6,32,54,0,92,0,0,0,92
09/01/2003,AZO,MI,AGL,CE,Towers with Radar,7,40,41,0,88,0,0,3,0,3,7,40,44,0,91,0,0,0,91
09/02/2003,AZO,MI,AGL,CE,Towers with Radar,6,48,44,0,98,0,2,73,0,75,6,50,117,0,173,104,0,104,277
09/03/2003,AZO,MI,AGL,CE,Towers with Radar,6,56,37,0,99,0,6,55,4,65,6,62,92,4,164,86,0,86,250
09/04/2003,AZO,MI,AGL,CE,Towers with Radar,6,52,56,0,114,0,5,46,0,51,6,57,102,0,165,82,0,82,247
09/05/2003,AZO,MI,AGL,CE,Towers with Radar,10,52,42,0,104,0,2,102,0,104,10,54,144,0,208,176,0,176,384
09/06/2003,AZO,MI,AGL,CE,Towers with Radar,6,40,32,0,78,0,2,109,0,111,6,42,141,0,189,100,0,100,289
09/07/2003,AZO,MI,AGL,CE,Towers with Radar,6,49,28,0,83,0,2,92,0,94,6,51,120,0,177,134,0,134,311
09/08/2003,AZO,MI,AGL,CE,Towers with Radar,4,53,61,0,118,0,1,116,0,117,4,54,177,0,235,210,0,210,445
09/09/2003,AZO,MI,AGL,CE,Towers with Radar,8,51,59,0,118,0,2,80,6,88,8,53,139,6,206,80,0,80,286
09/10/2003,AZO,MI,AGL,CE,Towers with Radar,6,49,44,0,99,0,2,37,0,39,6,51,81,0,138,156,0,156,294
09/11/2003,AZO,MI,AGL,CE,Towers with Radar,8,54,65,0,127,0,2,75,0,77,8,56,140,0,204,298,0,298,502
09/12/2003,AZO,MI,AGL,CE,Towers with Radar,7,48,40,0,95,0,3,43,0,46,7,51,83,0,141,84,0,84,225
09/13/2003,AZO,MI,AGL,CE,Towers with Radar,6,42,10,0,58,0,0,36,2,38,6,42,46,2,96,158,0,158,254
09/14/2003,AZO,MI,AGL,CE,Towers with Radar,6,46,37,0,89,0,2,12,0,14,6,48,49,0,103,0,0,0,103
09/15/2003,AZO,MI,AGL,CE,Towers with Radar,4,50,51,0,105,0,9,43,0,52,4,59,94,0,157,62,0,62,219
09/16/2003,AZO,MI,AGL,CE,Towers with Radar,6,52,47,0,105,0,4,62,0,66,6,56,109,0,171,278,0,278,449
09/17/2003,AZO,MI,AGL,CE,Towers with Radar,6,52,51,0,109,0,0,114,0,114,6,52,165,0,223,216,0,216,439
09/18/2003,AZO,MI,AGL,CE,Towers with Radar,6,55,59,2,122,0,0,98,0,98,6,55,157,2,220,198,0,198,418
09/19/2003,AZO,MI,AGL,CE,Towers with Radar,7,47,55,0,109,0,6,6,0,12,7,53,61,0,121,0,0,0,121
09/20/2003,AZO,MI,AGL,CE,Towers with Radar,6,42,24,0,72,0,1,143,0,144,6,43,167,0,216,180,0,180,396
09/21/2003,AZO,MI,AGL,CE,Towers with Radar,6,44,24,0,74,0,7,103,0,110,6,51,127,0,184,38,0,38,222
09/22/2003,AZO,MI,AGL,CE,Towers with Radar,6,48,34,0,88,0,0,3,0,3,6,48,37,0,91,0,0,0,91
09/23/2003,AZO,MI,AGL,CE,Towers with Radar,4,45,49,0,98,0,3,74,0,77,4,48,123,0,175,116,0,116,291
09/24/2003,AZO,MI,AGL,CE,Towers with Radar,8,44,25,0,77,0,0,16,0,16,8,44,41,0,93,124,0,124,217
09/25/2003,AZO,MI,AGL,CE,Towers with Radar,7,48,89,0,144,0,0,86,0,86,7,48,175,0,230,192,0,192,422
09/26/2003,AZO,MI,AGL,CE,Towers with Radar,8,46,40,0,94,0,3,67,0,70,8,49,107,0,164,248,0,248,412
09/27/2003,AZO,MI,AGL,CE,Towers with Radar,6,43,17,0,66,0,0,40,0,40,6,43,57,0,106,102,0,102,208
09/28/2003,AZO,MI,AGL,CE,Towers with Radar,7,41,28,0,76,0,3,14,0,17,7,44,42,0,93,2,0,2,95
09/29/2003,AZO,MI,AGL,CE,Towers with Radar,5,45,46,0,96,0,0,43,0,43,5,45,89,0,139,126,0,126,265
09/30/2003,AZO,MI,AGL,CE,Towers with Radar,6,47,55,0,108,0,3,29,0,32,6,50,84,0,140,92,0,92,232
10/01/2003,AZO,MI,AGL,CE,Towers with Radar,6,46,43,0,95,2,10,14,5,31,8,56,57,5,126,150,0,150,276
10/02/2003,AZO,MI,AGL,CE,Towers with Radar,6,49,47,0,102,0,0,109,0,109,6,49,156,0,211,333,0,333,544
10/03/2003,AZO,MI,AGL,CE,Towers with Radar,5,37,35,0,77,1,13,6,0,20,6,50,41,0,97,0,0,0,97
10/04/2003,AZO,MI,AGL,CE,Towers with Radar,4,28,27,0,59,3,20,40,0,63,7,48,67,0,122,14,0,14,136
10/05/2003,AZO,MI,AGL,CE,Towers with Radar,5,35,33,0,73,1,6,94,0,101,6,41,127,0,174,76,0,76,250
10/06/2003,AZO,MI,AGL,CE,Towers with Radar,6,48,49,0,103,0,0,87,0,87,6,48,136,0,190,138,0,138,328
10/07/2003,AZO,MI,AGL,CE,Towers with Radar,6,43,42,0,91,0,0,111,0,111,6,43,153,0,202,358,0,358,560
10/08/2003,AZO,MI,AGL,CE,Towers with Radar,4,55,51,0,110,0,1,139,0,140,4,56,190,0,250,274,0,274,524
10/09/2003,AZO,MI,AGL,CE,Towers with Radar,6,49,54,0,109,0,0,73,6,79,6,49,127,6,188,148,0,148,336
10/10/2003,AZO,MI,AGL,CE,Towers with Radar,6,57,55,0,118,0,0,52,1,53,6,57,107,1,171,188,0,188,359
10/11/2003,AZO,MI,AGL,CE,Towers with Radar,5,41,38,0,84,1,14,43,1,59,6,55,81,1,143,34,0,34,177
10/12/2003,AZO,MI,AGL,CE,Towers with Radar,4,33,31,0,68,0,10,63,0,73,4,43,94,0,141,54,0,54,195
10/13/2003,AZO,MI,AGL,CE,Towers with Radar,6,46,48,0,100,0,0,107,0,107,6,46,155,0,207,170,0,170,377
10/14/2003,AZO,MI,AGL,CE,Towers with Radar,5,46,42,0,93,1,1,0,0,2,6,47,42,0,95,0,0,0,95
10/15/2003,AZO,MI,AGL,CE,Towers with Radar,6,49,53,1,109,0,0,68,0,68,6,49,121,1,177,144,0,144,321
10/16/2003,AZO,MI,AGL,CE,Towers with Radar,6,53,54,0,113,0,0,63,0,63,6,53,117,0,176,210,0,210,386
10/17/2003,AZO,MI,AGL,CE,Towers with Radar,5,45,44,0,94,1,0,100,0,101,6,45,144,0,195,226,0,226,421
10/18/2003,AZO,MI,AGL,CE,Towers with Radar,4,36,32,0,72,2,7,30,0,39,6,43,62,0,111,124,0,124,235
10/19/2003,AZO,MI,AGL,CE,Towers with Radar,4,36,32,0,72,1,17,123,0,141,5,53,155,0,213,108,0,108,321
10/20/2003,AZO,MI,AGL,CE,Towers with Radar,5,43,39,0,87,1,8,40,0,49,6,51,79,0,136,70,0,70,206
10/21/2003,AZO,MI,AGL,CE,Towers with Radar,4,52,48,0,104,0,0,22,0,22,4,52,70,0,126,164,0,164,290
10/22/2003,AZO,MI,AGL,CE,Towers with Radar,6,52,50,0,108,0,0,66,0,66,6,52,116,0,174,210,0,210,384
10/23/2003,AZO,MI,AGL,CE,Towers with Radar,4,49,48,0,101,0,0,61,0,61,4,49,109,0,162,128,0,128,290
10/24/2003,AZO,MI,AGL,CE,Towers with Radar,5,51,46,0,102,1,0,75,0,76,6,51,121,0,178,242,0,242,420
10/25/2003,AZO,MI,AGL,CE,Towers with Radar,3,32,14,0,49,3,14,0,0,17,6,46,14,0,66,0,0,0,66
10/26/2003,AZO,MI,AGL,CE,Towers with Radar,3,32,28,0,63,1,26,28,0,55,4,58,56,0,118,22,0,22,140
10/27/2003,AZO,MI,AGL,CE,Towers with Radar,3,45,40,0,88,0,10,10,5,25,3,55,50,5,113,2,0,2,115
10/28/2003,AZO,MI,AGL,CE,Towers with Radar,5,41,27,0,73,0,6,0,0,6,5,47,27,0,79,0,0,0,79
10/29/2003,AZO,MI,AGL,CE,Towers with Radar,6,52,47,0,105,1,0,27,0,28,7,52,74,0,133,88,0,88,221
10/30/2003,AZO,MI,AGL,CE,Towers with Radar,3,59,56,0,118,0,0,115,0,115,3,59,171,0,233,244,0,244,477
10/31/2003,AZO,MI,AGL,CE,Towers with Radar,5,54,50,0,109,0,0,22,2,24,5,54,72,2,133,30,0,30,163
11/01/2003,AZO,MI,AGL,CE,Towers with Radar,1,52,39,0,92,0,5,20,0,25,1,57,59,0,117,8,0,8,125
11/02/2003,AZO,MI,AGL,CE,Towers with Radar,1,31,15,1,48,0,14,0,0,14,1,45,15,1,62,0,0,0,62
11/03/2003,AZO,MI,AGL,CE,Towers with Radar,3,41,30,0,74,0,3,0,0,3,3,44,30,0,77,0,0,0,77
11/04/2003,AZO,MI,AGL,CE,Towers with Radar,6,43,40,0,89,0,0,20,0,20,6,43,60,0,109,70,0,70,179
11/05/2003,AZO,MI,AGL,CE,Towers with Radar,6,45,45,0,96,0,0,35,0,35,6,45,80,0,131,76,0,76,207
11/06/2003,AZO,MI,AGL,CE,Towers with Radar,0,54,45,0,99,0,0,72,0,72,0,54,117,0,171,197,0,197,368
11/07/2003,AZO,MI,AGL,CE,Towers with Radar,4,49,37,0,90,0,3,29,0,32,4,52,66,0,122,66,0,66,188
11/08/2003,AZO,MI,AGL,CE,Towers with Radar,5,36,27,0,68,1,13,90,0,104,6,49,117,0,172,74,0,74,246
11/09/2003,AZO,MI,AGL,CE,Towers with Radar,4,37,28,0,69,0,9,101,0,110,4,46,129,0,179,90,0,90,269
11/10/2003,AZO,MI,AGL,CE,Towers with Radar,5,58,45,0,108,0,0,71,0,71,5,58,116,0,179,176,0,176,355
11/11/2003,AZO,MI,AGL,CE,Towers with Radar,6,55,50,0,111,0,0,8,0,8,6,55,58,0,119,22,0,22,141
11/12/2003,AZO,MI,AGL,CE,Towers with Radar,6,40,33,0,79,2,0,2,0,4,8,40,35,0,83,0,0,0,83
11/13/2003,AZO,MI,AGL,CE,Towers with Radar,5,40,31,0,76,1,6,2,0,9,6,46,33,0,85,2,0,2,87
11/14/2003,AZO,MI,AGL,CE,Towers with Radar,3,56,43,0,102,0,1,49,2,52,3,57,92,2,154,70,0,70,224
11/15/2003,AZO,MI,AGL,CE,Towers with Radar,2,25,11,0,38,6,18,0,0,24,8,43,11,0,62,0,0,0,62
11/16/2003,AZO,MI,AGL,CE,Towers with Radar,2,24,16,0,42,1,18,0,0,19,3,42,16,0,61,0,0,0,61
11/17/2003,AZO,MI,AGL,CE,Towers with Radar,6,51,47,0,104,0,0,0,0,0,6,51,47,0,104,0,0,0,104
11/18/2003,AZO,MI,AGL,CE,Towers with Radar,5,48,28,0,81,1,0,0,0,1,6,48,28,0,82,0,0,0,82
11/19/2003,AZO,MI,AGL,CE,Towers with Radar,6,49,53,1,109,0,0,60,14,74,6,49,113,15,183,132,0,132,315
11/20/2003,AZO,MI,AGL,CE,Towers with Radar,6,44,51,1,102,0,0,92,0,92,6,44,143,1,194,154,0,154,348
11/21/2003,AZO,MI,AGL,CE,Towers with Radar,6,43,45,0,94,0,0,113,0,113,6,43,158,0,207,196,0,196,403
11/22/2003,AZO,MI,AGL,CE,Towers with Radar,0,31,22,0,53,0,20,6,0,26,0,51,28,0,79,0,0,0,79
11/23/2003,AZO,MI,AGL,CE,Towers with Radar,2,27,18,0,47,7,14,0,0,21,9,41,18,0,68,6,0,6,74
11/24/2003,AZO,MI,AGL,CE,Towers with Radar,4,38,20,0,62,4,2,0,0,6,8,40,20,0,68,0,0,0,68
11/25/2003,AZO,MI,AGL,CE,Towers with Radar,5,51,39,0,95,0,0,93,0,93,5,51,132,0,188,186,0,186,374
11/26/2003,AZO,MI,AGL,CE,Towers with Radar,5,54,39,0,98,1,0,58,0,59,6,54,97,0,157,170,0,170,327
11/27/2003,AZO,MI,AGL,CE,Towers with Radar,1,18,7,0,26,3,18,0,0,21,4,36,7,0,47,0,0,0,47
11/28/2003,AZO,MI,AGL,CE,Towers with Radar,2,20,5,0,27,4,18,0,0,22,6,38,5,0,49,0,0,0,49
11/29/2003,AZO,MI,AGL,CE,Towers with Radar,4,31,23,0,58,3,14,7,0,24,7,45,30,0,82,0,0,0,82
11/30/2003,AZO,MI,AGL,CE,Towers with Radar,5,46,34,0,85,2,16,56,0,74,7,62,90,0,159,44,0,44,203
12/01/2003,AZO,MI,AGL,CE,Towers with Radar,6,49,35,0,90,0,5,16,0,21,6,54,51,0,111,0,0,0,111
12/02/2003,AZO,MI,AGL,CE,Towers with Radar,7,50,44,0,101,0,0,68,0,68,7,50,112,0,169,194,0,194,363
12/03/2003,AZO,MI,AGL,CE,Towers with Radar,10,55,47,0,112,0,0,89,0,89,10,55,136,0,201,156,0,156,357
12/04/2003,AZO,MI,AGL,CE,Towers with Radar,6,50,41,0,97,0,0,42,2,44,6,50,83,2,141,104,0,104,245
12/05/2003,AZO,MI,AGL,CE,Towers with Radar,7,45,31,0,83,2,0,12,0,14,9,45,43,0,97,0,0,0,97
12/06/2003,AZO,MI,AGL,CE,Towers with Radar,7,44,31,0,82,0,7,77,0,84,7,51,108,0,166,72,0,72,238
12/07/2003,AZO,MI,AGL,CE,Towers with Radar,2,43,31,0,76,0,0,118,1,119,2,43,149,1,195,126,0,126,321
12/08/2003,AZO,MI,AGL,CE,Towers with Radar,6,57,40,0,103,0,0,96,0,96,6,57,136,0,199,166,0,166,365
12/09/2003,AZO,MI,AGL,CE,Towers with Radar,6,41,36,0,83,0,0,11,0,11,6,41,47,0,94,0,0,0,94
12/10/2003,AZO,MI,AGL,CE,Towers with Radar,6,44,36,0,86,0,0,0,0,0,6,44,36,0,86,0,0,0,86
12/11/2003,AZO,MI,AGL,CE,Towers with Radar,6,47,40,0,93,0,0,4,3,7,6,47,44,3,100,1,0,1,101
12/12/2003,AZO,MI,AGL,CE,Towers with Radar,9,46,45,0,100,0,0,9,0,9,9,46,54,0,109,26,0,26,135
12/13/2003,AZO,MI,AGL,CE,Towers with Radar,4,38,26,0,68,0,10,51,0,61,4,48,77,0,129,112,0,112,241
12/14/2003,AZO,MI,AGL,CE,Towers with Radar,4,22,5,0,31,2,26,0,0,28,6,48,5,0,59,0,0,0,59
12/15/2003,AZO,MI,AGL,CE,Towers with Radar,6,44,34,0,84,0,0,16,0,16,6,44,50,0,100,0,0,0,100
12/16/2003,AZO,MI,AGL,CE,Towers with Radar,6,45,36,0,87,0,0,8,0,8,6,45,44,0,95,0,0,0,95
12/17/2003,AZO,MI,AGL,CE,Towers with Radar,6,46,26,0,78,0,0,0,0,0,6,46,26,0,78,0,0,0,78
12/18/2003,AZO,MI,AGL,CE,Towers with Radar,6,45,43,1,95,0,0,18,23,41,6,45,61,24,136,0,0,0,136
12/19/2003,AZO,MI,AGL,CE,Towers with Radar,7,47,36,1,91,3,0,2,1,6,10,47,38,2,97,0,0,0,97
12/20/2003,AZO,MI,AGL,CE,Towers with Radar,6,41,27,0,74,0,5,30,0,35,6,46,57,0,109,22,0,22,131
12/21/2003,AZO,MI,AGL,CE,Towers with Radar,4,35,22,1,62,3,6,16,0,25,7,41,38,1,87,6,0,6,93
12/22/2003,AZO,MI,AGL,CE,Towers with Radar,5,49,34,1,89,0,2,27,1,30,5,51,61,2,119,12,0,12,131
12/23/2003,AZO,MI,AGL,CE,Towers with Radar,5,39,19,0,63,1,9,0,0,10,6,48,19,0,73,0,0,0,73
12/24/2003,AZO,MI,AGL,CE,Towers with Radar,3,27,10,0,40,2,17,0,0,19,5,44,10,0,59,0,0,0,59
12/25/2003,AZO,MI,AGL,CE,Towers with Radar,2,21,6,0,29,3,27,0,0,30,5,48,6,0,59,0,0,0,59
12/26/2003,AZO,MI,AGL,CE,Towers with Radar,5,41,28,0,74,0,10,68,0,78,5,51,96,0,152,94,0,94,246
12/27/2003,AZO,MI,AGL,CE,Towers with Radar,2,22,15,0,39,3,9,69,0,81,5,31,84,0,120,14,0,14,134
12/28/2003,AZO,MI,AGL,CE,Towers with Radar,3,28,11,0,42,3,14,0,0,17,6,42,11,0,59,0,0,0,59
12/29/2003,AZO,MI,AGL,CE,Towers with Radar,4,32,11,0,47,2,17,0,0,19,6,49,11,0,66,0,0,0,66
12/30/2003,AZO,MI,AGL,CE,Towers with Radar,5,40,28,0,73,2,5,18,0,25,7,45,46,0,98,56,0,56,154
12/31/2003,AZO,MI,AGL,CE,Towers with Radar,4,34,23,0,61,2,21,24,0,47,6,55,47,0,108,0,0,0,108
01/01/2004,AZO,MI,AGL,CE,Towers with Radar,4,26,18,0,48,3,19,29,0,51,7,45,47,0,99,0,0,0,99
01/02/2004,AZO,MI,AGL,CE,Towers with Radar,5,33,23,0,61,2,6,12,0,20,7,39,35,0,81,0,0,0,81
01/03/2004,AZO,MI,AGL,CE,Towers with Radar,6,34,24,0,64,0,10,33,0,43,6,44,57,0,107,0,0,0,107
01/04/2004,AZO,MI,AGL,CE,Towers with Radar,3,15,11,0,29,2,11,14,0,27,5,26,25,0,56,0,0,0,56
01/05/2004,AZO,MI,AGL,CE,Towers with Radar,6,37,26,0,69,0,8,1,0,9,6,45,27,0,78,0,0,0,78
01/06/2004,AZO,MI,AGL,CE,Towers with Radar,0,0,0,0,0,5,37,16,0,58,5,37,16,0,58,0,0,0,58
01/07/2004,AZO,MI,AGL,CE,Towers with Radar,6,41,24,0,71,0,2,0,0,2,6,43,24,0,73,12,0,12,85
01/08/2004,AZO,MI,AGL,CE,Towers with Radar,6,46,37,0,89,0,0,61,2,63,6,46,98,2,152,106,0,106,258
01/09/2004,AZO,MI,AGL,CE,Towers with Radar,6,50,38,0,94,0,0,91,0,91,6,50,129,0,185,109,0,109,294
01/10/2004,AZO,MI,AGL,CE,Towers with Radar,6,33,22,0,61,0,2,42,0,44,6,35,64,0,105,32,0,32,137
01/11/2004,AZO,MI,AGL,CE,Towers with Radar,6,39,27,0,72,3,0,31,0,34,9,39,58,0,106,24,0,24,130
01/12/2004,AZO,MI,AGL,CE,Towers with Radar,2,22,23,0,47,0,0,0,0,0,2,22,23,0,47,68,0,68,115
01/13/2004,AZO,MI,AGL,CE,Towers with Radar,6,56,43,0,105,0,0,63,1,64,6,56,106,1,169,96,0,96,265
01/14/2004,AZO,MI,AGL,CE,Towers with Radar,6,34,27,0,67,1,0,8,0,9,7,34,35,0,76,0,0,0,76
01/15/2004,AZO,MI,AGL,CE,Towers with Radar,6,50,38,0,94,0,0,66,1,67,6,50,104,1,161,156,0,156,317
01/16/2004,AZO,MI,AGL,CE,Towers with Radar,7,45,32,0,84,4,6,13,0,23,11,51,45,0,107,26,0,26,133
01/17/2004,AZO,MI,AGL,CE,Towers with Radar,2,19,3,0,24,1,15,0,0,16,3,34,3,0,40,0,0,0,40
01/18/2004,AZO,MI,AGL,CE,Towers with Radar,5,37,25,0,67,0,1,50,0,51,5,38,75,0,118,26,0,26,144
01/19/2004,AZO,MI,AGL,CE,Towers with Radar,5,40,26,0,71,1,12,14,0,27,6,52,40,0,98,50,0,50,148
01/20/2004,AZO,MI,AGL,CE,Towers with Radar,6,41,39,0,86,0,0,142,0,142,6,41,181,0,228,148,0,148,376
01/21/2004,AZO,MI,AGL,CE,Towers with Radar,6,43,33,0,82,0,0,47,7,54,6,43,80,7,136,62,0,62,198
01/22/2004,AZO,MI,AGL,CE,Towers with Radar,6,44,26,0,76,0,12,0,0,12,6,56,26,0,88,0,0,0,88
01/23/2004,AZO,MI,AGL,CE,Towers with Radar,3,35,26,0,64,0,0,5,0,5,3,35,31,0,69,0,0,0,69
01/24/2004,AZO,MI,AGL,CE,Towers with Radar,5,38,26,0,69,2,6,112,1,121,7,44,138,1,190,232,0,232,422
01/25/2004,AZO,MI,AGL,CE,Towers with Radar,4,32,21,0,57,2,4,23,0,29,6,36,44,0,86,100,0,100,186
01/26/2004,AZO,MI,AGL,CE,Towers with Radar,4,28,17,0,49,0,8,0,0,8,4,36,17,0,57,0,0,0,57
01/27/2004,AZO,MI,AGL,CE,Towers with Radar,2,20,13,0,35,3,2,1,0,6,5,22,14,0,41,0,0,0,41
01/28/2004,AZO,MI,AGL,CE,Towers with Radar,6,41,24,0,71,1,1,0,0,2,7,42,24,0,73,0,0,0,73
01/29/2004,AZO,MI,AGL,CE,Towers with Radar,5,44,36,0,85,0,0,17,2,19,5,44,53,2,104,26,0,26,130
01/30/2004,AZO,MI,AGL,CE,Towers with Radar,6,55,37,0,98,0,1,32,0,33,6,56,69,0,131,0,0,0,131
01/31/2004,AZO,MI,AGL,CE,Towers with Radar,6,40,27,0,73,2,0,10,0,12,8,40,37,0,85,54,0,54,139
02/01/2004,AZO,MI,AGL,CE,Towers with Radar,5,30,25,0,60,5,5,103,0,113,10,35,128,0,173,86,0,86,259
02/02/2004,AZO,MI,AGL,CE,Towers with Radar,6,35,29,0,70,0,2,98,0,100,6,37,127,0,170,79,0,79,249
02/03/2004,AZO,MI,AGL,CE,Towers with Radar,6,33,21,0,60,1,4,0,0,5,7,37,21,0,65,0,0,0,65
02/04/2004,AZO,MI,AGL,CE,Towers with Radar,6,43,44,0,93,0,0,134,0,134,6,43,178,0,227,332,0,332,559
02/05/2004,AZO,MI,AGL,CE,Towers with Radar,6,43,35,0,84,0,5,76,0,81,6,48,111,0,165,48,0,48,213
02/06/2004,AZO,MI,AGL,CE,Towers with Radar,5,28,15,0,48,1,11,0,0,12,6,39,15,0,60,0,0,0,60
02/07/2004,AZO,MI,AGL,CE,Towers with Radar,6,32,27,0,65,5,5,64,4,78,11,37,91,4,143,160,0,160,303
02/08/2004,AZO,MI,AGL,CE,Towers with Radar,6,39,32,0,77,0,1,30,0,31,6,40,62,0,108,88,0,88,196
02/09/2004,AZO,MI,AGL,CE,Towers with Radar,6,33,21,0,60,0,7,0,0,7,6,40,21,0,67,0,0,0,67
02/10/2004,AZO,MI,AGL,CE,Towers with Radar,6,39,32,0,77,0,7,0,0,7,6,46,32,0,84,6,0,6,90
02/11/2004,AZO,MI,AGL,CE,Towers with Radar,5,49,40,0,94,0,2,88,0,90,5,51,128,0,184,182,0,182,366
02/12/2004,AZO,MI,AGL,CE,Towers with Radar,6,43,34,0,83,0,4,0,0,4,6,47,34,0,87,0,0,0,87
02/13/2004,AZO,MI,AGL,CE,Towers with Radar,6,40,33,0,79,0,4,26,0,30,6,44,59,0,109,52,0,52,161
02/14/2004,AZO,MI,AGL,CE,Towers with Radar,4,28,23,0,55,2,5,87,0,94,6,33,110,0,149,128,0,128,277
02/15/2004,AZO,MI,AGL,CE,Towers with Radar,5,36,28,0,69,0,7,74,0,81,5,43,102,0,150,160,0,160,310
02/16/2004,AZO,MI,AGL,CE,Towers with Radar,6,48,38,0,92,0,0,82,0,82,6,48,120,0,174,320,0,320,494
02/17/2004,AZO,MI,AGL,CE,Towers with Radar,6,40,43,0,89,0,0,108,0,108,6,40,151,0,197,256,0,256,453
02/18/2004,AZO,MI,AGL,CE,Towers with Radar,6,44,40,0,90,0,0,45,0,45,6,44,85,0,135,226,0,226,361
02/19/2004,AZO,MI,AGL,CE,Towers with Radar,6,47,49,0,102,0,0,48,0,48,6,47,97,0,150,174,0,174,324
02/20/2004,AZO,MI,AGL,CE,Towers with Radar,6,39,32,0,77,2,0,2,0,4,8,39,34,0,81,72,0,72,153
02/21/2004,AZO,MI,AGL,CE,Towers with Radar,3,22,16,0,41,0,19,3,0,22,3,41,19,0,63,0,0,0,63
02/22/2004,AZO,MI,AGL,CE,Towers with Radar,6,39,31,0,76,0,0,83,0,83,6,39,114,0,159,200,0,200,359
02/23/2004,AZO,MI,AGL,CE,Towers with Radar,5,32,17,0,54,1,8,0,0,9,6,40,17,0,63,0,0,0,63
02/24/2004,AZO,MI,AGL,CE,Towers with Radar,6,46,36,0,88,0,1,17,0,18,6,47,53,0,106,154,0,154,260
02/25/2004,AZO,MI,AGL,CE,Towers with Radar,7,47,38,0,92,1,0,104,0,105,8,47,142,0,197,324,0,324,521
02/26/2004,AZO,MI,AGL,CE,Towers with Radar,6,44,39,0,89,0,0,55,1,56,6,44,94,1,145,152,0,152,297
02/27/2004,AZO,MI,AGL,CE,Towers with Radar,8,48,40,0,96,3,0,92,3,98,11,48,132,3,194,222,0,222,416
02/28/2004,AZO,MI,AGL,CE,Towers with Radar,5,33,26,0,64,0,9,146,0,155,5,42,172,0,219,184,0,184,403
02/29/2004,AZO,MI,AGL,CE,Towers with Radar,5,34,27,0,66,1,9,112,1,123,6,43,139,1,189,104,0,104,293
03/01/2004,AZO,MI,AGL,CE,Towers with Radar,6,36,23,0,65,0,7,0,0,7,6,43,23,0,72,0,0,0,72
03/02/2004,AZO,MI,AGL,CE,Towers with Radar,7,41,31,0,79,0,8,0,0,8,7,49,31,0,87,2,0,2,89
03/03/2004,AZO,MI,AGL,CE,Towers with Radar,6,43,45,0,94,0,0,6,0,6,6,43,51,0,100,168,0,168,268
03/04/2004,AZO,MI,AGL,CE,Towers with Radar,6,42,31,0,79,0,0,0,0,0,6,42,31,0,79,78,0,78,157
03/05/2004,AZO,MI,AGL,CE,Towers with Radar,5,27,21,0,53,1,6,0,0,7,6,33,21,0,60,0,0,0,60
03/06/2004,AZO,MI,AGL,CE,Towers with Radar,5,27,23,0,55,1,19,88,0,108,6,46,111,0,163,0,0,0,163
03/07/2004,AZO,MI,AGL,CE,Towers with Radar,4,20,16,0,40,2,12,0,0,14,6,32,16,0,54,0,0,0,54
03/08/2004,AZO,MI,AGL,CE,Towers with Radar,6,33,26,0,65,0,11,0,0,11,6,44,26,0,76,42,0,42,118
03/09/2004,AZO,MI,AGL,CE,Towers with Radar,6,43,43,0,92,0,0,100,0,100,6,43,143,0,192,237,0,237,429
03/10/2004,AZO,MI,AGL,CE,Towers with Radar,6,41,44,0,91,0,0,106,0,106,6,41,150,0,197,278,0,278,475
03/11/2004,AZO,MI,AGL,CE,Towers with Radar,6,38,32,0,76,0,4,17,0,21,6,42,49,0,97,0,0,0,97
03/12/2004,AZO,MI,AGL,CE,Towers with Radar,7,39,31,0,77,0,0,0,0,0,7,39,31,0,77,158,0,158,235
03/13/2004,AZO,MI,AGL,CE,Towers with Radar,5,38,31,0,74,1,9,122,0,132,6,47,153,0,206,250,0,250,456
03/14/2004,AZO,MI,AGL,CE,Towers with Radar,3,22,3,0,28,3,17,0,0,20,6,39,3,0,48,0,0,0,48
03/15/2004,AZO,MI,AGL,CE,Towers with Radar,6,44,35,0,85,0,2,127,0,129,6,46,162,0,214,294,0,294,508
03/16/2004,AZO,MI,AGL,CE,Towers with Radar,4,30,23,0,57,1,15,0,0,16,5,45,23,0,73,18,0,18,91
03/17/2004,AZO,MI,AGL,CE,Towers with Radar,5,36,29,0,70,3,1,3,0,7,8,37,32,0,77,65,0,65,142
03/18/2004,AZO,MI,AGL,CE,Towers with Radar,5,35,21,0,61,1,10,0,0,11,6,45,21,0,72,0,0,0,72
03/19/2004,AZO,MI,AGL,CE,Towers with Radar,5,46,50,0,101,0,0,51,0,51,5,46,101,0,152,202,0,202,354
03/20/2004,AZO,MI,AGL,CE,Towers with Radar,4,29,24,0,57,3,18,20,0,41,7,47,44,0,98,52,0,52,150
03/21/2004,AZO,MI,AGL,CE,Towers with Radar,4,31,26,0,61,1,13,38,0,52,5,44,64,0,113,40,0,40,153
03/22/2004,AZO,MI,AGL,CE,Towers with Radar,6,39,38,0,83,0,0,79,5,84,6,39,117,5,167,316,0,316,483
03/23/2004,AZO,MI,AGL,CE,Towers with Radar,7,45,51,0,103,0,0,98,0,98,7,45,149,0,201,356,0,356,557
03/24/2004,AZO,MI,AGL,CE,Towers with Radar,6,40,41,0,87,0,0,6,0,6,6,40,47,0,93,74,0,74,167
03/25/2004,AZO,MI,AGL,CE,Towers with Radar,6,45,53,0,104,0,0,33,0,33,6,45,86,0,137,350,0,350,487
03/26/2004,AZO,MI,AGL,CE,Towers with Radar,6,44,34,0,84,1,0,0,0,1,7,44,34,0,85,10,0,10,95
03/27/2004,AZO,MI,AGL,CE,Towers with Radar,5,35,30,0,70,2,6,37,0,45,7,41,67,0,115,194,0,194,309
03/28/2004,AZO,MI,AGL,CE,Towers with Radar,4,30,24,0,58,3,14,23,0,40,7,44,47,0,98,92,0,92,190
03/29/2004,AZO,MI,AGL,CE,Towers with Radar,6,43,39,0,88,0,0,84,0,84,6,43,123,0,172,308,0,308,480
03/30/2004,AZO,MI,AGL,CE,Towers with Radar,4,43,40,0,87,0,0,55,0,55,4,43,95,0,142,310,0,310,452
03/31/2004,AZO,MI,AGL,CE,Towers with Radar,6,51,46,0,103,0,0,85,0,85,6,51,131,0,188,286,0,286,474
04/01/2004,AZO,MI,AGL,CE,Towers with Radar,6,50,53,0,109,0,5,108,0,113,6,55,161,0,222,348,0,348,570
04/02/2004,AZO,MI,AGL,CE,Towers with Radar,5,47,50,0,102,0,4,122,0,126,5,51,172,0,228,194,0,194,422
04/03/2004,AZO,MI,AGL,CE,Towers with Radar,6,29,32,0,67,0,12,103,0,115,6,41,135,0,182,134,0,134,316
04/04/2004,AZO,MI,AGL,CE,Towers with Radar,5,26,28,0,59,5,10,33,0,48,10,36,61,0,107,0,0,0,107
04/05/2004,AZO,MI,AGL,CE,Towers with Radar,9,41,45,0,95,0,3,115,0,118,9,44,160,0,213,278,0,278,491
04/06/2004,AZO,MI,AGL,CE,Towers with Radar,8,45,50,0,103,0,0,58,0,58,8,45,108,0,161,170,0,170,331
04/07/2004,AZO,MI,AGL,CE,Towers with Radar,8,42,59,0,109,0,0,130,0,130,8,42,189,0,239,214,0,214,453
04/08/2004,AZO,MI,AGL,CE,Towers with Radar,6,50,51,0,107,0,1,58,0,59,6,51,109,0,166,230,0,230,396
04/09/2004,AZO,MI,AGL,CE,Towers with Radar,9,40,45,0,94,0,0,124,0,124,9,40,169,0,218,382,0,382,600
04/10/2004,AZO,MI,AGL,CE,Towers with Radar,6,27,27,0,60,1,23,51,0,75,7,50,78,0,135,110,0,110,245
04/11/2004,AZO,MI,AGL,CE,Towers with Radar,5,25,25,0,55,3,18,4,0,25,8,43,29,0,80,0,0,0,80
04/12/2004,AZO,MI,AGL,CE,Towers with Radar,8,41,42,0,91,0,6,81,0,87,8,47,123,0,178,168,0,168,346
04/13/2004,AZO,MI,AGL,CE,Towers with Radar,8,41,48,0,97,0,0,65,3,68,8,41,113,3,165,214,0,214,379
04/14/2004,AZO,MI,AGL,CE,Towers with Radar,8,45,61,0,114,0,0,110,1,111,8,45,171,1,225,202,0,202,427
04/15/2004,AZO,MI,AGL,CE,Towers with Radar,9,55,57,0,121,0,1,92,0,93,9,56,149,0,214,204,0,204,418
04/16/2004,AZO,MI,AGL,CE,Towers with Radar,5,46,49,0,100,0,0,55,0,55,5,46,104,0,155,126,0,126,281
04/17/2004,AZO,MI,AGL,CE,Towers with Radar,4,27,27,0,58,4,3,49,0,56,8,30,76,0,114,94,0,94,208
04/18/2004,AZO,MI,AGL,CE,Towers with Radar,6,32,33,0,71,1,5,76,0,82,7,37,109,0,153,46,0,46,199
04/19/2004,AZO,MI,AGL,CE,Towers with Radar,5,28,28,0,61,3,9,1,0,13,8,37,29,0,74,4,0,4,78
04/20/2004,AZO,MI,AGL,CE,Towers with Radar,6,47,59,0,112,0,0,47,0,47,6,47,106,0,159,60,0,60,219
04/21/2004,AZO,MI,AGL,CE,Towers with Radar,7,40,38,0,85,1,7,0,1,9,8,47,38,1,94,2,0,2,96
04/22/2004,AZO,MI,AGL,CE,Towers with Radar,8,45,49,0,102,0,0,125,6,131,8,45,174,6,233,218,0,218,451
04/23/2004,AZO,MI,AGL,CE,Towers with Radar,7,48,53,0,108,0,0,109,1,110,7,48,162,1,218,162,0,162,380
04/24/2004,AZO,MI,AGL,CE,Towers with Radar,2,14,16,0,32,4,6,67,0,77,6,20,83,0,109,192,0,192,301
04/25/2004,AZO,MI,AGL,CE,Towers with Radar,5,27,28,0,60,3,21,0,0,24,8,48,28,0,84,0,0,0,84
04/26/2004,AZO,MI,AGL,CE,Towers with Radar,7,40,42,0,89,8,9,22,0,39,15,49,64,0,128,60,0,60,188
04/27/2004,AZO,MI,AGL,CE,Towers with Radar,8,47,49,0,104,0,6,58,0,64,8,53,107,0,168,48,0,48,216
04/28/2004,AZO,MI,AGL,CE,Towers with Radar,7,39,31,0,77,1,11,0,0,12,8,50,31,0,89,32,0,32,121
04/29/2004,AZO,MI,AGL,CE,Towers with Radar,8,42,45,0,95,0,0,22,2,24,8,42,67,2,119,4,0,4,123
04/30/2004,AZO,MI,AGL,CE,Towers with Radar,8,42,51,0,101,0,0,49,2,51,8,42,100,2,152,93,0,93,245
05/01/2004,AZO,MI,AGL,CE,Towers with Radar,6,26,32,0,64,0,12,1,0,13,6,38,33,0,77,0,0,0,77
05/02/2004,AZO,MI,AGL,CE,Towers with Radar,7,31,37,0,75,0,12,45,0,57,7,43,82,0,132,100,0,100,232
05/03/2004,AZO,MI,AGL,CE,Towers with Radar,8,33,39,0,80,2,9,53,11,75,10,42,92,11,155,42,0,42,197
05/04/2004,AZO,MI,AGL,CE,Towers with Radar,8,42,50,0,100,0,0,31,2,33,8,42,81,2,133,90,0,90,223
05/05/2004,AZO,MI,AGL,CE,Towers with Radar,8,42,56,0,106,0,0,192,0,192,8,42,248,0,298,272,0,272,570
05/06/2004,AZO,MI,AGL,CE,Towers with Radar,8,44,53,0,105,0,0,89,5,94,8,44,142,5,199,136,0,136,335
05/07/2004,AZO,MI,AGL,CE,Towers with Radar,7,40,48,0,95,0,1,68,0,69,7,41,116,0,164,168,0,168,332
05/08/2004,AZO,MI,AGL,CE,Towers with Radar,5,22,27,0,54,3,23,207,7,240,8,45,234,7,294,234,0,234,528
05/09/2004,AZO,MI,AGL,CE,Towers with Radar,6,27,32,0,65,0,18,42,0,60,6,45,74,0,125,22,0,22,147
05/10/2004,AZO,MI,AGL,CE,Towers with Radar,6,33,39,1,79,4,4,49,0,57,10,37,88,1,136,52,0,52,188
05/11/2004,AZO,MI,AGL,CE,Towers with Radar,7,40,47,0,94,0,0,1,0,1,7,40,48,0,95,2,0,2,97
05/12/2004,AZO,MI,AGL,CE,Towers with Radar,8,33,55,0,96,0,0,106,0,106,8,33,161,0,202,154,0,154,356
05/13/2004,AZO,MI,AGL,CE,Towers with Radar,7,37,31,0,75,0,15,0,0,15,7,52,31,0,90,8,0,8,98
05/14/2004,AZO,MI,AGL,CE,Towers with Radar,6,34,27,0,67,2,2,0,0,4,8,36,27,0,71,0,0,0,71
05/15/2004,AZO,MI,AGL,CE,Towers with Radar,6,36,41,0,83,2,2,88,0,92,8,38,129,0,175,120,0,120,295
05/16/2004,AZO,MI,AGL,CE,Towers with Radar,4,34,39,0,77,0,11,108,0,119,4,45,147,0,196,202,0,202,398
05/17/2004,AZO,MI,AGL,CE,Towers with Radar,6,36,41,0,83,1,7,26,0,34,7,43,67,0,117,70,0,70,187
05/18/2004,AZO,MI,AGL,CE,Towers with Radar,6,43,58,0,107,0,0,60,0,60,6,43,118,0,167,36,0,36,203
05/19/2004,AZO,MI,AGL,CE,Towers with Radar,7,48,60,1,116,0,0,168,2,170,7,48,228,3,286,182,0,182,468
05/20/2004,AZO,MI,AGL,CE,Towers with Radar,8,46,46,0,100,0,0,0,0,0,8,46,46,0,100,8,0,8,108
05/21/2004,AZO,MI,AGL,CE,Towers with Radar,5,22,25,0,52,5,11,37,0,53,10,33,62,0,105,6,0,6,111
05/22/2004,AZO,MI,AGL,CE,Towers with Radar,4,23,25,0,52,3,10,28,0,41,7,33,53,0,93,84,0,84,177
05/23/2004,AZO,MI,AGL,CE,Towers with Radar,4,22,24,0,50,2,18,2,0,22,6,40,26,0,72,30,0,30,102
05/24/2004,AZO,MI,AGL,CE,Towers with Radar,11,46,72,0,129,0,0,29,0,29,11,46,101,0,158,22,0,22,180
05/25/2004,AZO,MI,AGL,CE,Towers with Radar,8,52,61,0,121,0,0,11,0,11,8,52,72,0,132,46,0,46,178
05/26/2004,AZO,MI,AGL,CE,Towers with Radar,7,50,65,0,122,0,0,162,1,163,7,50,227,1,285,170,0,170,455
05/27/2004,AZO,MI,AGL,CE,Towers with Radar,9,51,67,0,127,0,0,33,0,33,9,51,100,0,160,52,0,52,212
05/28/2004,AZO,MI,AGL,CE,Towers with Radar,7,42,52,0,101,0,0,97,3,100,7,42,149,3,201,138,0,138,339
05/29/2004,AZO,MI,AGL,CE,Towers with Radar,7,33,45,0,85,0,0,108,0,108,7,33,153,0,193,210,0,210,403
05/30/2004,AZO,MI,AGL,CE,Towers with Radar,2,16,18,0,36,2,11,11,0,24,4,27,29,0,60,26,0,26,86
05/31/2004,AZO,MI,AGL,CE,Towers with Radar,4,25,16,0,45,3,10,0,1,14,7,35,16,1,59,0,0,0,59
06/01/2004,AZO,MI,AGL,CE,Towers with Radar,6,39,49,0,94,2,15,72,1,90,8,54,121,1,184,88,0,88,272
06/02/2004,AZO,MI,AGL,CE,Towers with Radar,7,46,57,0,110,1,0,79,0,80,8,46,136,0,190,200,0,200,390
06/03/2004,AZO,MI,AGL,CE,Towers with Radar,8,48,70,0,126,0,0,192,0,192,8,48,262,0,318,276,0,276,594
06/04/2004,AZO,MI,AGL,CE,Towers with Radar,7,43,55,0,105,0,4,170,0,174,7,47,225,0,279,368,0,368,647
06/05/2004,AZO,MI,AGL,CE,Towers with Radar,5,31,39,0,75,0,12,137,2,151,5,43,176,2,226,156,0,156,382
06/06/2004,AZO,MI,AGL,CE,Towers with Radar,5,35,44,0,84,2,5,36,1,44,7,40,80,1,128,88,0,88,216
06/07/2004,AZO,MI,AGL,CE,Towers with Radar,6,40,49,0,95,2,0,50,0,52,8,40,99,0,147,70,0,70,217
06/08/2004,AZO,MI,AGL,CE,Towers with Radar,7,44,55,0,106,1,4,60,0,65,8,48,115,0,171,440,0,440,611
06/09/2004,AZO,MI,AGL,CE,Towers with Radar,6,36,47,0,89,0,0,42,0,42,6,36,89,0,131,286,0,286,417
06/10/2004,AZO,MI,AGL,CE,Towers with Radar,4,42,52,0,98,0,4,3,0,7,4,46,55,0,105,0,0,0,105
06/11/2004,AZO,MI,AGL,CE,Towers with Radar,2,38,47,0,87,0,8,4,0,12,2,46,51,0,99,0,0,0,99
06/12/2004,AZO,MI,AGL,CE,Towers with Radar,6,35,45,0,86,0,21,25,0,46,6,56,70,0,132,44,0,44,176
06/13/2004,AZO,MI,AGL,CE,Towers with Radar,4,33,41,0,78,0,12,13,0,25,4,45,54,0,103,68,0,68,171
06/14/2004,AZO,MI,AGL,CE,Towers with Radar,5,35,43,0,83,3,0,18,0,21,8,35,61,0,104,145,0,145,249
06/15/2004,AZO,MI,AGL,CE,Towers with Radar,6,43,51,0,100,1,3,146,0,150,7,46,197,0,250,440,0,440,690
06/16/2004,AZO,MI,AGL,CE,Towers with Radar,6,48,61,0,115,0,0,41,0,41,6,48,102,0,156,208,0,208,364
06/17/2004,AZO,MI,AGL,CE,Towers with Radar,5,40,48,1,94,5,0,21,0,26,10,40,69,1,120,94,0,94,214
06/18/2004,AZO,MI,AGL,CE,Towers with Radar,2,45,62,1,110,0,0,79,0,79,2,45,141,1,189,220,0,220,409
06/19/2004,AZO,MI,AGL,CE,Towers with Radar,4,31,37,0,72,2,8,98,0,108,6,39,135,0,180,148,0,148,328
06/20/2004,AZO,MI,AGL,CE,Towers with Radar,2,35,42,0,79,0,10,82,0,92,2,45,124,0,171,178,0,178,349
06/21/2004,AZO,MI,AGL,CE,Towers with Radar,2,41,48,0,91,0,4,58,0,62,2,45,106,0,153,210,0,210,363
06/22/2004,AZO,MI,AGL,CE,Towers with Radar,6,43,67,0,116,0,0,79,0,79,6,43,146,0,195,342,0,342,537
06/23/2004,AZO,MI,AGL,CE,Towers with Radar,6,43,60,0,109,4,0,81,0,85,10,43,141,0,194,328,0,328,522
06/24/2004,AZO,MI,AGL,CE,Towers with Radar,6,40,62,0,108,0,0,64,0,64,6,40,126,0,172,254,0,254,426
06/25/2004,AZO,MI,AGL,CE,Towers with Radar,4,46,55,0,105,0,2,132,0,134,4,48,187,0,239,376,0,376,615
06/26/2004,AZO,MI,AGL,CE,Towers with Radar,4,34,40,0,78,0,11,102,0,113,4,45,142,0,191,144,0,144,335
06/27/2004,AZO,MI,AGL,CE,Towers with Radar,2,36,42,0,80,0,14,173,0,187,2,50,215,0,267,198,0,198,465
06/28/2004,AZO,MI,AGL,CE,Towers with Radar,2,44,64,0,110,0,0,41,1,42,2,44,105,1,152,186,0,186,338
06/29/2004,AZO,MI,AGL,CE,Towers with Radar,6,43,61,0,110,6,0,129,0,135,12,43,190,0,245,288,0,288,533
06/30/2004,AZO,MI,AGL,CE,Towers with Radar,7,50,63,0,120,0,0,169,0,169,7,50,232,0,289,466,0,466,755
07/01/2004,AZO,MI,AGL,CE,Towers with Radar,7,50,58,0,115,0,0,152,0,152,7,50,210,0,267,310,0,310,577
07/02/2004,AZO,MI,AGL,CE,Towers with Radar,5,34,39,0,78,4,13,95,0,112,9,47,134,0,190,178,0,178,368
07/03/2004,AZO,MI,AGL,CE,Towers with Radar,2,19,23,0,44,0,13,26,1,40,2,32,49,1,84,10,0,10,94
07/04/2004,AZO,MI,AGL,CE,Towers with Radar,3,19,23,0,45,2,28,1,2,33,5,47,24,2,78,0,0,0,78
07/05/2004,AZO,MI,AGL,CE,Towers with Radar,5,35,40,0,80,1,8,28,0,37,6,43,68,0,117,26,0,26,143
07/06/2004,AZO,MI,AGL,CE,Towers with Radar,7,48,55,0,110,0,7,53,0,60,7,55,108,0,170,134,0,134,304
07/07/2004,AZO,MI,AGL,CE,Towers with Radar,6,42,49,0,97,1,1,32,0,34,7,43,81,0,131,124,0,124,255
07/08/2004,AZO,MI,AGL,CE,Towers with Radar,2,53,61,0,116,0,0,65,0,65,2,53,126,0,181,222,0,222,403
07/09/2004,AZO,MI,AGL,CE,Towers with Radar,8,44,59,0,111,0,0,96,0,96,8,44,155,0,207,434,0,434,641
07/10/2004,AZO,MI,AGL,CE,Towers with Radar,4,24,28,0,56,2,12,112,0,126,6,36,140,0,182,146,0,146,328
07/11/2004,AZO,MI,AGL,CE,Towers with Radar,3,34,39,0,76,0,14,67,0,81,3,48,106,0,157,132,0,132,289
07/12/2004,AZO,MI,AGL,CE,Towers with Radar,4,37,50,0,91,0,0,9,0,9,4,37,59,0,100,36,0,36,136
07/13/2004,AZO,MI,AGL,CE,Towers with Radar,5,43,48,0,96,0,1,52,0,53,5,44,100,0,149,146,0,146,295
07/14/2004,AZO,MI,AGL,CE,Towers with Radar,8,37,66,0,111,1,0,109,0,110,9,37,175,0,221,162,0,162,383
07/15/2004,AZO,MI,AGL,CE,Towers with Radar,4,50,56,0,110,0,0,196,0,196,4,50,252,0,306,230,0,230,536
07/16/2004,AZO,MI,AGL,CE,Towers with Radar,5,42,46,0,93,0,3,58,0,61,5,45,104,0,154,240,0,240,394
07/17/2004,AZO,MI,AGL,CE,Towers with Radar,3,30,33,0,66,1,15,50,4,70,4,45,83,4,136,0,0,0,136
07/18/2004,AZO,MI,AGL,CE,Towers with Radar,2,32,35,0,69,0,23,83,0,106,2,55,118,0,175,76,0,76,251
07/19/2004,AZO,MI,AGL,CE,Towers with Radar,3,40,45,0,88,0,12,112,0,124,3,52,157,0,212,116,0,116,328
07/20/2004,AZO,MI,AGL,CE,Towers with Radar,5,45,50,0,100,1,11,121,0,133,6,56,171,0,233,322,0,322,555
07/21/2004,AZO,MI,AGL,CE,Towers with Radar,6,35,53,0,94,0,0,22,0,22,6,35,75,0,116,134,0,134,250
07/22/2004,AZO,MI,AGL,CE,Towers with Radar,6,39,59,0,104,0,0,7,0,7,6,39,66,0,111,50,0,50,161
07/23/2004,AZO,MI,AGL,CE,Towers with Radar,5,42,51,0,98,0,0,141,0,141,5,42,192,0,239,286,0,286,525
07/24/2004,AZO,MI,AGL,CE,Towers with Radar,3,28,32,0,63,1,0,97,0,98,4,28,129,0,161,186,0,186,347
07/25/2004,AZO,MI,AGL,CE,Towers with Radar,4,31,35,0,70,3,12,131,0,146,7,43,166,0,216,42,0,42,258
07/26/2004,AZO,MI,AGL,CE,Towers with Radar,5,43,49,0,97,0,0,112,0,112,5,43,161,0,209,190,0,190,399
07/27/2004,AZO,MI,AGL,CE,Towers with Radar,6,45,54,0,105,1,0,102,0,103,7,45,156,0,208,220,0,220,428
07/28/2004,AZO,MI,AGL,CE,Towers with Radar,5,44,66,0,115,0,0,133,0,133,5,44,199,0,248,240,0,240,488
07/29/2004,AZO,MI,AGL,CE,Towers with Radar,5,49,66,0,120,0,0,102,2,104,5,49,168,2,224,269,0,269,493
07/30/2004,AZO,MI,AGL,CE,Towers with Radar,5,46,57,0,108,0,0,0,0,0,5,46,57,0,108,0,0,0,108
07/31/2004,AZO,MI,AGL,CE,Towers with Radar,4,33,38,0,75,4,11,33,0,48,8,44,71,0,123,50,0,50,173
08/01/2004,AZO,MI,AGL,CE,Towers with Radar,2,36,39,0,77,0,11,95,0,106,2,47,134,0,183,60,0,60,243
08/02/2004,AZO,MI,AGL,CE,Towers with Radar,4,43,47,0,94,0,4,26,0,30,4,47,73,0,124,28,0,28,152
08/03/2004,AZO,MI,AGL,CE,Towers with Radar,7,44,58,0,109,0,0,120,0,120,7,44,178,0,229,164,0,164,393
08/04/2004,AZO,MI,AGL,CE,Towers with Radar,4,45,48,0,97,0,16,54,0,70,4,61,102,0,167,76,0,76,243
08/05/2004,AZO,MI,AGL,CE,Towers with Radar,4,48,54,0,106,0,0,166,1,167,4,48,220,1,273,142,0,142,415
08/06/2004,AZO,MI,AGL,CE,Towers with Radar,2,44,46,0,92,0,6,130,0,136,2,50,176,0,228,64,0,64,292
08/07/2004,AZO,MI,AGL,CE,Towers with Radar,4,27,27,0,58,3,18,73,0,94,7,45,100,0,152,60,0,60,212
08/08/2004,AZO,MI,AGL,CE,Towers with Radar,2,36,37,0,75,0,11,72,0,83,2,47,109,0,158,58,0,58,216
08/09/2004,AZO,MI,AGL,CE,Towers with Radar,2,36,38,0,76,0,10,49,0,59,2,46,87,0,135,102,0,102,237
08/10/2004,AZO,MI,AGL,CE,Towers with Radar,5,56,57,0,118,0,1,24,0,25,5,57,81,0,143,50,0,50,193
08/11/2004,AZO,MI,AGL,CE,Towers with Radar,8,56,57,0,121,3,6,37,11,57,11,62,94,11,178,16,0,16,194
08/12/2004,AZO,MI,AGL,CE,Towers with Radar,6,45,53,0,104,0,0,21,5,26,6,45,74,5,130,34,0,34,164
08/13/2004,AZO,MI,AGL,CE,Towers with Radar,7,49,50,0,106,1,2,58,0,61,8,51,108,0,167,110,0,110,277
08/14/2004,AZO,MI,AGL,CE,Towers with Radar,5,31,32,0,68,3,8,87,0,98,8,39,119,0,166,42,0,42,208
08/15/2004,AZO,MI,AGL,CE,Towers with Radar,4,31,32,1,68,0,12,73,0,85,4,43,105,1,153,10,0,10,163
08/16/2004,AZO,MI,AGL,CE,Towers with Radar,5,39,40,0,84,2,15,86,0,103,7,54,126,0,187,134,0,134,321
08/17/2004,AZO,MI,AGL,CE,Towers with Radar,5,41,44,0,90,5,0,50,0,55,10,41,94,0,145,130,0,130,275
08/18/2004,AZO,MI,AGL,CE,Towers with Radar,6,37,48,0,91,3,0,11,0,14,9,37,59,0,105,74,0,74,179
08/19/2004,AZO,MI,AGL,CE,Towers with Radar,6,47,53,0,106,8,0,100,0,108,14,47,153,0,214,172,0,172,386
08/20/2004,AZO,MI,AGL,CE,Towers with Radar,6,43,48,0,97,2,0,40,0,42,8,43,88,0,139,86,0,86,225
08/21/2004,AZO,MI,AGL,CE,Towers with Radar,4,29,31,0,64,2,7,93,0,102,6,36,124,0,166,82,0,82,248
08/22/2004,AZO,MI,AGL,CE,Towers with Radar,4,32,34,0,70,0,20,77,0,97,4,52,111,0,167,144,0,144,311
08/23/2004,AZO,MI,AGL,CE,Towers with Radar,5,38,42,0,85,3,0,30,0,33,8,38,72,0,118,20,0,20,138
08/24/2004,AZO,MI,AGL,CE,Towers with Radar,5,41,51,0,97,0,0,2,0,2,5,41,53,0,99,38,0,38,137
08/25/2004,AZO,MI,AGL,CE,Towers with Radar,6,39,54,0,99,0,0,16,0,16,6,39,70,0,115,54,0,54,169
08/26/2004,AZO,MI,AGL,CE,Towers with Radar,7,49,55,0,111,3,0,16,0,19,10,49,71,0,130,60,0,60,190
08/27/2004,AZO,MI,AGL,CE,Towers with Radar,5,38,44,0,87,3,0,8,0,11,8,38,52,0,98,78,0,78,176
08/28/2004,AZO,MI,AGL,CE,Towers with Radar,2,21,16,0,39,3,9,0,0,12,5,30,16,0,51,14,0,14,65
08/29/2004,AZO,MI,AGL,CE,Towers with Radar,2,34,35,0,71,0,14,30,0,44,2,48,65,0,115,4,0,4,119
08/30/2004,AZO,MI,AGL,CE,Towers with Radar,2,40,42,0,84,0,12,104,0,116,2,52,146,0,200,154,0,154,354
08/31/2004,AZO,MI,AGL,CE,Towers with Radar,6,46,49,0,101,2,0,91,0,93,8,46,140,0,194,132,0,132,326
09/01/2004,AZO,MI,AGL,CE,Towers with Radar,6,39,52,0,97,0,0,71,2,73,6,39,123,2,170,100,0,100,270
09/02/2004,AZO,MI,AGL,CE,Towers with Radar,4,55,67,0,126,0,0,93,2,95,4,55,160,2,221,78,0,78,299
09/03/2004,AZO,MI,AGL,CE,Towers with Radar,8,46,53,0,107,0,3,15,0,18,8,49,68,0,125,24,0,24,149
09/04/2004,AZO,MI,AGL,CE,Towers with Radar,5,33,39,0,77,0,13,40,1,54,5,46,79,1,131,48,0,48,179
09/05/2004,AZO,MI,AGL,CE,Towers with Radar,4,22,26,0,52,0,19,22,0,41,4,41,48,0,93,30,0,30,123
09/06/2004,AZO,MI,AGL,CE,Towers with Radar,5,28,32,0,65,3,15,29,1,48,8,43,61,1,113,28,0,28,141
09/07/2004,AZO,MI,AGL,CE,Towers with Radar,8,43,50,0,101,0,4,119,1,124,8,47,169,1,225,110,0,110,335
09/08/2004,AZO,MI,AGL,CE,Towers with Radar,7,46,60,0,113,0,0,180,0,180,7,46,240,0,293,78,0,78,371
09/09/2004,AZO,MI,AGL,CE,Towers with Radar,4,55,63,0,122,0,3,167,4,174,4,58,230,4,296,243,0,243,539
09/10/2004,AZO,MI,AGL,CE,Towers with Radar,7,44,51,0,102,0,2,121,0,123,7,46,172,0,225,130,0,130,355
09/11/2004,AZO,MI,AGL,CE,Towers with Radar,4,30,32,1,67,3,19,133,0,155,7,49,165,1,222,116,0,116,338
09/12/2004,AZO,MI,AGL,CE,Towers with Radar,4,30,33,0,67,4,14,118,0,136,8,44,151,0,203,78,0,78,281
09/13/2004,AZO,MI,AGL,CE,Towers with Radar,5,37,41,1,84,3,2,46,1,52,8,39,87,2,136,66,0,66,202
09/14/2004,AZO,MI,AGL,CE,Towers with Radar,7,52,58,0,117,0,8,124,0,132,7,60,182,0,249,198,0,198,447
09/15/2004,AZO,MI,AGL,CE,Towers with Radar,7,40,51,0,98,1,0,127,0,128,8,40,178,0,226,110,0,110,336
09/16/2004,AZO,MI,AGL,CE,Towers with Radar,7,41,61,0,109,0,0,142,0,142,7,41,203,0,251,68,0,68,319
09/17/2004,AZO,MI,AGL,CE,Towers with Radar,6,39,43,1,89,2,12,147,2,163,8,51,190,3,252,144,0,144,396
09/18/2004,AZO,MI,AGL,CE,Towers with Radar,4,30,32,0,66,4,8,179,0,191,8,38,211,0,257,210,0,210,467
09/19/2004,AZO,MI,AGL,CE,Towers with Radar,5,34,38,0,77,0,16,137,0,153,5,50,175,0,230,208,0,208,438
09/20/2004,AZO,MI,AGL,CE,Towers with Radar,7,42,47,0,96,1,7,159,0,167,8,49,206,0,263,236,0,236,499
09/21/2004,AZO,MI,AGL,CE,Towers with Radar,7,45,50,0,102,0,3,144,0,147,7,48,194,0,249,196,0,196,445
09/22/2004,AZO,MI,AGL,CE,Towers with Radar,7,36,52,0,95,1,0,165,0,166,8,36,217,0,261,300,0,300,561
09/23/2004,AZO,MI,AGL,CE,Towers with Radar,7,46,52,0,105,0,7,114,0,121,7,53,166,0,226,250,0,250,476
09/24/2004,AZO,MI,AGL,CE,Towers with Radar,8,44,49,0,101,0,1,81,9,91,8,45,130,9,192,254,0,254,446
09/25/2004,AZO,MI,AGL,CE,Towers with Radar,6,37,43,0,86,4,6,130,0,140,10,43,173,0,226,252,0,252,478
09/26/2004,AZO,MI,AGL,CE,Towers with Radar,5,35,39,0,79,0,12,154,4,170,5,47,193,4,249,204,0,204,453
09/27/2004,AZO,MI,AGL,CE,Towers with Radar,6,39,46,0,91,2,7,108,0,117,8,46,154,0,208,320,0,320,528
09/28/2004,AZO,MI,AGL,CE,Towers with Radar,5,37,54,0,96,0,0,49,2,51,5,37,103,2,147,70,0,70,217
09/29/2004,AZO,MI,AGL,CE,Towers with Radar,7,42,56,0,105,2,0,156,0,158,9,42,212,0,263,354,0,354,617
09/30/2004,AZO,MI,AGL,CE,Towers with Radar,4,52,59,0,115,0,0,97,0,97,4,52,156,0,212,248,0,248,460
10/01/2004,AZO,MI,AGL,CE,Combined TRACON& Tower with Radar,7,42,42,0,91,0,3,78,0,81,7,45,120,0,172,382,0,382,554
10/02/2004,AZO,MI,AGL,CE,Combined TRACON& Tower with Radar,8,36,30,0,74,0,3,85,0,88,8,39,115,0,162,172,0,172,334
10/03/2004,AZO,MI,AGL,CE,Combined TRACON& Tower with Radar,5,44,47,0,96,0,9,74,1,84,5,53,121,1,180,164,0,164,344
10/04/2004,AZO,MI,AGL,CE,Combined TRACON& Tower with Radar,7,41,50,0,98,0,12,63,0,75,7,53,113,0,173,334,0,334,507
10/05/2004,AZO,MI,AGL,CE,Combined TRACON& Tower with Radar,8,40,35,0,83,0,4,59,0,63,8,44,94,0,146,484,0,484,630
10/06/2004,AZO,MI,AGL,CE,Combined TRACON& Tower with Radar,8,39,42,0,89,0,10,84,0,94,8,49,126,0,183,744,0,744,927
10/07/2004,AZO,MI,AGL,CE,Combined TRACON& Tower with Radar,5,44,71,0,120,0,4,100,0,104,5,48,171,0,224,686,0,686,910
10/08/2004,AZO,MI,AGL,CE,Combined TRACON& Tower with Radar,6,43,38,0,87,0,1,13,0,14,6,44,51,0,101,262,0,262,363
10/09/2004,AZO,MI,AGL,CE,Combined TRACON& Tower with Radar,7,38,32,0,77,0,7,119,0,126,7,45,151,0,203,454,0,454,657
10/10/2004,AZO,MI,AGL,CE,Combined TRACON& Tower with Radar,5,42,49,0,96,0,1,118,0,119,5,43,167,0,215,358,0,358,573
10/11/2004,AZO,MI,AGL,CE,Combined TRACON& Tower with Radar,8,38,53,0,99,0,9,119,0,128,8,47,172,0,227,466,0,466,693
10/12/2004,AZO,MI,AGL,CE,Combined TRACON& Tower with Radar,6,43,64,0,113,0,6,51,0,57,6,49,115,0,170,248,0,248,418
10/13/2004,AZO,MI,AGL,CE,Combined TRACON& Tower with Radar,7,49,61,0,117,0,6,49,0,55,7,55,110,0,172,228,0,228,400
10/14/2004,AZO,MI,AGL,CE,Combined TRACON& Tower with Radar,7,44,66,0,117,0,4,96,1,101,7,48,162,1,218,457,0,457,675
10/15/2004,AZO,MI,AGL,CE,Combined TRACON& Tower with Radar,7,41,40,0,88,0,2,0,0,2,7,43,40,0,90,0,0,0,90
10/16/2004,AZO,MI,AGL,CE,Combined TRACON& Tower with Radar,8,33,13,0,54,0,1,0,0,1,8,34,13,0,55,0,0,0,55
10/17/2004,AZO,MI,AGL,CE,Combined TRACON& Tower with Radar,6,41,18,0,65,0,3,36,0,39,6,44,54,0,104,120,0,120,224
10/18/2004,AZO,MI,AGL,CE,Combined TRACON& Tower with Radar,6,46,71,0,123,0,0,80,0,80,6,46,151,0,203,248,0,248,451
10/19/2004,AZO,MI,AGL,CE,Combined TRACON& Tower with Radar,7,47,88,0,142,0,2,5,0,7,7,49,93,0,149,146,0,146,295
10/20/2004,AZO,MI,AGL,CE,Combined TRACON& Tower with Radar,7,38,102,0,147,0,1,16,0,17,7,39,118,0,164,128,0,128,292
10/21/2004,AZO,MI,AGL,CE,Combined TRACON& Tower with Radar,7,42,84,0,133,0,0,32,0,32,7,42,116,0,165,194,0,194,359
10/22/2004,AZO,MI,AGL,CE,Combined TRACON& Tower with Radar,8,34,5,0,47,0,1,0,0,1,8,35,5,0,48,0,0,0,48
10/23/2004,AZO,MI,AGL,CE,Combined TRACON& Tower with Radar,8,34,5,0,47,0,1,0,0,1,8,35,5,0,48,0,0,0,48
10/24/2004,AZO,MI,AGL,CE,Combined TRACON& Tower with Radar,4,48,59,0,111,0,2,84,0,86,4,50,143,0,197,212,0,212,409
10/25/2004,AZO,MI,AGL,CE,Combined TRACON& Tower with Radar,6,38,40,0,84,0,5,137,0,142,6,43,177,0,226,230,0,230,456
10/26/2004,AZO,MI,AGL,CE,Combined TRACON& Tower with Radar,9,33,62,0,104,0,6,103,0,109,9,39,165,0,213,326,0,326,539
10/27/2004,AZO,MI,AGL,CE,Combined TRACON& Tower with Radar,7,52,70,0,129,0,5,79,0,84,7,57,149,0,213,222,0,222,435
10/28/2004,AZO,MI,AGL,CE,Combined TRACON& Tower with Radar,7,49,88,0,144,0,3,0,0,3,7,52,88,0,147,146,0,146,293
10/29/2004,AZO,MI,AGL,CE,Combined TRACON& Tower with Radar,8,40,26,0,74,0,0,0,0,0,8,40,26,0,74,0,0,0,74
10/30/2004,AZO,MI,AGL,CE,Combined TRACON& Tower with Radar,8,31,6,0,45,0,2,4,0,6,8,33,10,0,51,0,0,0,51
10/31/2004,AZO,MI,AGL,CE,Combined TRACON& Tower with Radar,3,42,22,0,67,0,1,24,0,25,3,43,46,0,92,36,0,36,128
11/01/2004,AZO,MI,AGL,CE,Combined TRACON& Tower with Radar,9,40,49,0,98,0,0,53,0,53,9,40,102,0,151,170,0,170,321
11/02/2004,AZO,MI,AGL,CE,Combined TRACON& Tower with Radar,9,39,39,0,87,0,0,2,0,2,9,39,41,0,89,38,0,38,127
11/03/2004,AZO,MI,AGL,CE,Combined TRACON& Tower with Radar,14,42,78,3,137,0,4,166,0,170,14,46,244,3,307,350,0,350,657
11/04/2004,AZO,MI,AGL,CE,Combined TRACON& Tower with Radar,11,37,35,0,83,0,0,1,0,1,11,37,36,0,84,0,0,0,84
11/05/2004,AZO,MI,AGL,CE,Combined TRACON& Tower with Radar,5,40,69,0,114,0,0,99,0,99,5,40,168,0,213,164,0,164,377
11/06/2004,AZO,MI,AGL,CE,Combined TRACON& Tower with Radar,9,36,51,0,96,0,7,129,0,136,9,43,180,0,232,234,0,234,466
11/07/2004,AZO,MI,AGL,CE,Combined TRACON& Tower with Radar,9,39,37,0,85,0,6,82,1,89,9,45,119,1,174,66,0,66,240
11/08/2004,AZO,MI,AGL,CE,Combined TRACON& Tower with Radar,10,32,47,0,89,0,2,85,0,87,10,34,132,0,176,144,0,144,320
11/09/2004,AZO,MI,AGL,CE,Combined TRACON& Tower with Radar,9,40,57,0,106,0,4,119,0,123,9,44,176,0,229,280,0,280,509
11/10/2004,AZO,MI,AGL,CE,Combined TRACON& Tower with Radar,11,40,36,0,87,0,1,78,0,79,11,41,114,0,166,168,0,168,334
11/11/2004,AZO,MI,AGL,CE,Combined TRACON& Tower with Radar,7,44,88,0,139,0,0,69,0,69,7,44,157,0,208,204,0,204,412
11/12/2004,AZO,MI,AGL,CE,Combined TRACON& Tower with Radar,9,37,51,0,97,0,6,150,0,156,9,43,201,0,253,206,0,206,459
11/13/2004,AZO,MI,AGL,CE,Combined TRACON& Tower with Radar,10,31,29,0,70,0,7,140,0,147,10,38,169,0,217,140,0,140,357
11/14/2004,AZO,MI,AGL,CE,Combined TRACON& Tower with Radar,10,34,38,0,82,0,5,123,0,128,10,39,161,0,210,234,0,234,444
11/15/2004,AZO,MI,AGL,CE,Combined TRACON& Tower with Radar,9,37,35,0,81,0,2,109,0,111,9,39,144,0,192,172,0,172,364
11/16/2004,AZO,MI,AGL,CE,Combined TRACON& Tower with Radar,18,39,44,0,101,0,0,1,0,1,18,39,45,0,102,2,0,2,104
11/17/2004,AZO,MI,AGL,CE,Combined TRACON& Tower with Radar,8,35,28,0,71,0,0,0,0,0,8,35,28,0,71,0,0,0,71
11/18/2004,AZO,MI,AGL,CE,Combined TRACON& Tower with Radar,15,30,83,0,128,0,1,12,0,13,15,31,95,0,141,104,0,104,245
11/19/2004,AZO,MI,AGL,CE,Combined TRACON& Tower with Radar,14,42,33,0,89,0,0,0,0,0,14,42,33,0,89,0,0,0,89
11/20/2004,AZO,MI,AGL,CE,Combined TRACON& Tower with Radar,11,33,28,0,72,0,13,1,0,14,11,46,29,0,86,0,0,0,86
11/21/2004,AZO,MI,AGL,CE,Combined TRACON& Tower with Radar,6,34,37,0,77,0,0,100,0,100,6,34,137,0,177,90,0,90,267
11/22/2004,AZO,MI,AGL,CE,Combined TRACON& Tower with Radar,9,42,55,0,106,0,8,109,0,117,9,50,164,0,223,200,0,200,423
11/23/2004,AZO,MI,AGL,CE,Combined TRACON& Tower with Radar,9,44,72,0,125,0,8,16,0,24,9,52,88,0,149,24,0,24,173
11/24/2004,AZO,MI,AGL,CE,Combined TRACON& Tower with Radar,9,31,23,0,63,0,0,6,0,6,9,31,29,0,69,52,0,52,121
11/25/2004,AZO,MI,AGL,CE,Combined TRACON& Tower with Radar,7,20,7,0,34,0,0,4,0,4,7,20,11,0,38,6,0,6,44
11/26/2004,AZO,MI,AGL,CE,Combined TRACON& Tower with Radar,9,31,21,0,61,0,3,23,0,26,9,34,44,0,87,12,0,12,99
11/27/2004,AZO,MI,AGL,CE,Combined TRACON& Tower with Radar,5,51,3,0,59,0,2,0,0,2,5,53,3,0,61,0,0,0,61
11/28/2004,AZO,MI,AGL,CE,Combined TRACON& Tower with Radar,10,40,20,0,70,0,4,12,0,16,10,44,32,0,86,0,0,0,86
11/29/2004,AZO,MI,AGL,CE,Combined TRACON& Tower with Radar,10,34,43,0,87,0,0,44,0,44,10,34,87,0,131,42,0,42,173
11/30/2004,AZO,MI,AGL,CE,Combined TRACON& Tower with Radar,14,28,41,0,83,0,0,0,0,0,14,28,41,0,83,0,0,0,83
12/01/2004,AZO,MI,AGL,CE,Combined TRACON& Tower with Radar,10,37,40,0,87,0,1,90,0,91,10,38,130,0,178,70,0,70,248
12/02/2004,AZO,MI,AGL,CE,Combined TRACON& Tower with Radar,10,36,59,0,105,0,0,49,0,49,10,36,108,0,154,186,0,186,340
12/03/2004,AZO,MI,AGL,CE,Combined TRACON& Tower with Radar,10,38,40,0,88,0,2,71,0,73,10,40,111,0,161,130,0,130,291
12/04/2004,AZO,MI,AGL,CE,Combined TRACON& Tower with Radar,11,34,30,0,75,0,7,96,0,103,11,41,126,0,178,70,0,70,248
12/05/2004,AZO,MI,AGL,CE,Combined TRACON& Tower with Radar,5,45,35,0,85,0,1,115,0,116,5,46,150,0,201,150,0,150,351
12/06/2004,AZO,MI,AGL,CE,Combined TRACON& Tower with Radar,8,43,24,0,75,0,0,0,0,0,8,43,24,0,75,0,0,0,75
12/07/2004,AZO,MI,AGL,CE,Combined TRACON& Tower with Radar,8,34,12,0,54,0,0,2,0,2,8,34,14,0,56,0,0,0,56
12/08/2004,AZO,MI,AGL,CE,Combined TRACON& Tower with Radar,10,36,51,1,98,0,0,102,0,102,10,36,153,1,200,192,0,192,392
12/09/2004,AZO,MI,AGL,CE,Combined TRACON& Tower with Radar,7,44,96,0,147,0,7,56,0,63,7,51,152,0,210,146,0,146,356
12/10/2004,AZO,MI,AGL,CE,Combined TRACON& Tower with Radar,7,42,26,0,75,0,2,0,0,2,7,44,26,0,77,0,0,0,77
12/11/2004,AZO,MI,AGL,CE,Combined TRACON& Tower with Radar,9,30,20,0,59,0,0,9,0,9,9,30,29,0,68,20,0,20,88
12/12/2004,AZO,MI,AGL,CE,Combined TRACON& Tower with Radar,6,33,9,0,48,0,0,0,0,0,6,33,9,0,48,0,0,0,48
12/13/2004,AZO,MI,AGL,CE,Combined TRACON& Tower with Radar,9,38,19,0,66,0,0,0,0,0,9,38,19,0,66,0,0,0,66
12/14/2004,AZO,MI,AGL,CE,Combined TRACON& Tower with Radar,9,37,44,0,90,0,5,38,0,43,9,42,82,0,133,14,0,14,147
12/15/2004,AZO,MI,AGL,CE,Combined TRACON& Tower with Radar,8,42,55,1,106,0,9,109,0,118,8,51,164,1,224,144,0,144,368
12/16/2004,AZO,MI,AGL,CE,Combined TRACON& Tower with Radar,7,42,36,0,85,0,2,45,1,48,7,44,81,1,133,84,0,84,217
12/17/2004,AZO,MI,AGL,CE,Combined TRACON& Tower with Radar,5,40,31,10,86,0,3,56,0,59,5,43,87,10,145,144,0,144,289
12/18/2004,AZO,MI,AGL,CE,Combined TRACON& Tower with Radar,5,35,18,0,58,0,6,7,0,13,5,41,25,0,71,8,0,8,79
12/19/2004,AZO,MI,AGL,CE,Combined TRACON& Tower with Radar,7,32,8,0,47,0,4,10,0,14,7,36,18,0,61,14,0,14,75
12/20/2004,AZO,MI,AGL,CE,Combined TRACON& Tower with Radar,7,30,28,0,65,0,2,17,0,19,7,32,45,0,84,52,0,52,136
12/21/2004,AZO,MI,AGL,CE,Combined TRACON& Tower with Radar,7,40,25,0,72,0,3,37,0,40,7,43,62,0,112,56,0,56,168
12/22/2004,AZO,MI,AGL,CE,Combined TRACON& Tower with Radar,7,36,24,0,67,0,0,7,0,7,7,36,31,0,74,12,0,12,86
12/23/2004,AZO,MI,AGL,CE,Combined TRACON& Tower with Radar,5,32,13,0,50,0,2,9,0,11,5,34,22,0,61,0,0,0,61
12/24/2004,AZO,MI,AGL,CE,Combined TRACON& Tower with Radar,5,25,2,0,32,0,1,1,0,2,5,26,3,0,34,0,0,0,34
12/25/2004,AZO,MI,AGL,CE,Combined TRACON& Tower with Radar,7,15,4,0,26,0,2,3,0,5,7,17,7,0,31,0,0,0,31
12/26/2004,AZO,MI,AGL,CE,Combined TRACON& Tower with Radar,5,37,22,0,64,0,3,25,0,28,5,40,47,0,92,42,0,42,134
12/27/2004,AZO,MI,AGL,CE,Combined TRACON& Tower with Radar,7,30,19,0,56,0,1,26,0,27,7,31,45,0,83,8,0,8,91
12/28/2004,AZO,MI,AGL,CE,Combined TRACON& Tower with Radar,7,42,19,0,68,0,6,28,0,34,7,48,47,0,102,8,0,8,110
12/29/2004,AZO,MI,AGL,CE,Combined TRACON& Tower with Radar,7,44,30,0,81,0,0,4,0,4,7,44,34,0,85,6,0,6,91
12/30/2004,AZO,MI,AGL,CE,Combined TRACON& Tower with Radar,5,33,11,0,49,0,0,2,0,2,5,33,13,0,51,26,0,26,77
12/31/2004,AZO,MI,AGL,CE,Combined TRACON& Tower with Radar,6,38,20,0,64,0,0,5,0,5,6,38,25,0,69,26,0,26,95
01/01/2005,AZO,MI,AGL,CE,Combined TRACON& Tower with Radar,6,32,10,0,48,0,2,53,1,56,6,34,63,1,104,0,0,0,104
01/02/2005,AZO,MI,AGL,CE,Combined TRACON& Tower with Radar,4,38,32,0,74,0,0,0,0,0,4,38,32,0,74,0,0,0,74
01/03/2005,AZO,MI,AGL,CE,Combined TRACON& Tower with Radar,10,36,13,0,59,0,0,2,0,2,10,36,15,0,61,0,0,0,61
01/04/2005,AZO,MI,AGL,CE,Combined TRACON& Tower with Radar,12,40,22,0,74,0,0,0,0,0,12,40,22,0,74,0,0,0,74
01/05/2005,AZO,MI,AGL,CE,Combined TRACON& Tower with Radar,10,26,6,0,42,0,0,0,0,0,10,26,6,0,42,0,0,0,42
01/06/2005,AZO,MI,AGL,CE,Combined TRACON& Tower with Radar,12,30,21,0,63,0,2,5,0,7,12,32,26,0,70,0,0,0,70
01/07/2005,AZO,MI,AGL,CE,Combined TRACON& Tower with Radar,12,38,33,0,83,0,0,7,0,7,12,38,40,0,90,0,0,0,90
01/08/2005,AZO,MI,AGL,CE,Combined TRACON& Tower with Radar,9,33,8,0,50,0,0,4,0,4,9,33,12,0,54,18,0,18,72
01/09/2005,AZO,MI,AGL,CE,Combined TRACON& Tower with Radar,6,35,12,0,53,0,4,6,0,10,6,39,18,0,63,14,0,14,77
01/10/2005,AZO,MI,AGL,CE,Combined TRACON& Tower with Radar,12,33,46,0,91,0,0,104,0,104,12,33,150,0,195,92,0,92,287
01/11/2005,AZO,MI,AGL,CE,Combined TRACON& Tower with Radar,12,39,28,0,79,0,0,0,0,0,12,39,28,0,79,0,0,0,79
01/12/2005,AZO,MI,AGL,CE,Combined TRACON& Tower with Radar,6,22,10,0,38,0,0,0,0,0,6,22,10,0,38,0,0,0,38
01/13/2005,AZO,MI,AGL,CE,Combined TRACON& Tower with Radar,12,36,20,0,68,0,1,0,0,1,12,37,20,0,69,0,0,0,69
01/14/2005,AZO,MI,AGL,CE,Combined TRACON& Tower with Radar,12,36,26,0,74,0,2,39,0,41,12,38,65,0,115,46,0,46,161
01/15/2005,AZO,MI,AGL,CE,Combined TRACON& Tower with Radar,8,31,28,0,67,0,2,90,0,92,8,33,118,0,159,122,0,122,281
01/16/2005,AZO,MI,AGL,CE,Combined TRACON& Tower with Radar,6,38,55,0,99,0,3,82,0,85,6,41,137,0,184,44,0,44,228
01/17/2005,AZO,MI,AGL,CE,Combined TRACON& Tower with Radar,12,35,16,0,63,0,2,2,0,4,12,37,18,0,67,6,0,6,73
01/18/2005,AZO,MI,AGL,CE,Combined TRACON& Tower with Radar,12,42,40,0,94,0,0,89,1,90,12,42,129,1,184,88,0,88,272
01/19/2005,AZO,MI,AGL,CE,Combined TRACON& Tower with Radar,21,31,15,0,67,0,0,5,0,5,21,31,20,0,72,0,0,0,72
01/20/2005,AZO,MI,AGL,CE,Combined TRACON& Tower with Radar,16,31,37,0,84,0,0,49,0,49,16,31,86,0,133,16,0,16,149
01/21/2005,AZO,MI,AGL,CE,Combined TRACON& Tower with Radar,12,31,37,0,80,0,4,106,2,112,12,35,143,2,192,56,0,56,248
01/22/2005,AZO,MI,AGL,CE,Combined TRACON& Tower with Radar,6,11,4,0,21,0,1,0,0,1,6,12,4,0,22,0,0,0,22
01/23/2005,AZO,MI,AGL,CE,Combined TRACON& Tower with Radar,10,27,11,0,48,0,3,98,1,102,10,30,109,1,150,94,0,94,244
01/24/2005,AZO,MI,AGL,CE,Combined TRACON& Tower with Radar,5,41,28,0,74,0,2,62,0,64,5,43,90,0,138,24,0,24,162
01/25/2005,AZO,MI,AGL,CE,Combined TRACON& Tower with Radar,15,37,54,0,106,0,0,61,0,61,15,37,115,0,167,44,0,44,211
01/26/2005,AZO,MI,AGL,CE,Combined TRACON& Tower with Radar,11,36,38,0,85,0,0,44,0,44,11,36,82,0,129,28,0,28,157
01/27/2005,AZO,MI,AGL,CE,Combined TRACON& Tower with Radar,3,37,49,0,89,0,2,121,0,123,3,39,170,0,212,132,0,132,344
01/28/2005,AZO,MI,AGL,CE,Combined TRACON& Tower with Radar,11,35,37,0,83,0,2,120,0,122,11,37,157,0,205,128,0,128,333
01/29/2005,AZO,MI,AGL,CE,Combined TRACON& Tower with Radar,10,27,29,0,66,0,4,100,0,104,10,31,129,0,170,106,0,106,276
01/30/2005,AZO,MI,AGL,CE,Combined TRACON& Tower with Radar,3,37,49,0,89,0,2,121,0,123,3,39,170,0,212,132,0,132,344
01/31/2005,AZO,MI,AGL,CE,Combined TRACON& Tower with Radar,7,41,33,0,81,63,0,64,0,127,70,41,97,0,208,52,0,52,260
02/01/2005,AZO,MI,AGL,CE,Combined TRACON& Tower with Radar,5,48,53,0,106,0,4,110,0,114,5,52,163,0,220,108,0,108,328
02/02/2005,AZO,MI,AGL,CE,Combined TRACON& Tower with Radar,10,31,43,0,84,0,0,97,0,97,10,31,140,0,181,120,0,120,301
02/03/2005,AZO,MI,AGL,CE,Combined TRACON& Tower with Radar,20,37,50,0,107,0,2,139,0,141,20,39,189,0,248,186,0,186,434
02/04/2005,AZO,MI,AGL,CE,Combined TRACON& Tower with Radar,13,42,52,0,107,0,2,67,0,69,13,44,119,0,176,64,0,64,240
02/05/2005,AZO,MI,AGL,CE,Combined TRACON& Tower with Radar,4,23,22,0,49,0,0,23,0,23,4,23,45,0,72,18,0,18,90
02/06/2005,AZO,MI,AGL,CE,Combined TRACON& Tower with Radar,0,0,0,0,0,0,0,0,0,0,0,0,0,0,0,278,0,278,278
02/07/2005,AZO,MI,AGL,CE,Combined TRACON& Tower with Radar,7,19,6,0,32,0,1,0,0,1,7,20,6,0,33,0,0,0,33
02/08/2005,AZO,MI,AGL,CE,Combined TRACON& Tower with Radar,12,37,33,0,82,0,2,2,0,4,12,39,35,0,86,2,0,2,88
02/09/2005,AZO,MI,AGL,CE,Combined TRACON& Tower with Radar,12,35,30,0,77,0,6,5,0,11,12,41,35,0,88,16,0,16,104
02/10/2005,AZO,MI,AGL,CE,Combined TRACON& Tower with Radar,12,37,78,0,127,0,0,158,2,160,12,37,236,2,287,160,0,160,447
02/11/2005,AZO,MI,AGL,CE,Combined TRACON& Tower with Radar,12,34,25,0,71,0,0,2,0,2,12,34,27,0,73,0,0,0,73
02/12/2005,AZO,MI,AGL,CE,Combined TRACON& Tower with Radar,10,33,20,0,63,0,2,165,0,167,10,35,185,0,230,304,0,304,534
02/13/2005,AZO,MI,AGL,CE,Combined TRACON& Tower with Radar,11,31,18,2,62,0,1,51,0,52,11,32,69,2,114,92,0,92,206
02/14/2005,AZO,MI,AGL,CE,Combined TRACON& Tower with Radar,12,34,19,0,65,0,6,2,0,8,12,40,21,0,73,0,0,0,73
02/15/2005,AZO,MI,AGL,CE,Combined TRACON& Tower with Radar,12,37,42,0,91,0,0,0,0,0,12,37,42,0,91,0,0,0,91
02/16/2005,AZO,MI,AGL,CE,Combined TRACON& Tower with Radar,8,44,49,0,101,0,2,58,0,60,8,46,107,0,161,210,0,210,371
02/17/2005,AZO,MI,AGL,CE,Combined TRACON& Tower with Radar,9,40,23,0,72,0,2,2,0,4,9,42,25,0,76,2,0,2,78
02/18/2005,AZO,MI,AGL,CE,Combined TRACON& Tower with Radar,8,37,47,0,92,0,0,46,0,46,8,37,93,0,138,270,0,270,408
02/19/2005,AZO,MI,AGL,CE,Combined TRACON& Tower with Radar,7,35,28,0,70,0,1,36,0,37,7,36,64,0,107,180,0,180,287
02/20/2005,AZO,MI,AGL,CE,Combined TRACON& Tower with Radar,4,34,3,0,41,0,0,0,0,0,4,34,3,0,41,0,0,0,41
02/21/2005,AZO,MI,AGL,CE,Combined TRACON& Tower with Radar,7,33,11,0,51,0,4,4,0,8,7,37,15,0,59,262,0,262,321
02/22/2005,AZO,MI,AGL,CE,Combined TRACON& Tower with Radar,8,41,32,0,81,0,0,3,0,3,8,41,35,0,84,0,0,0,84
02/23/2005,AZO,MI,AGL,CE,Combined TRACON& Tower with Radar,8,42,47,0,97,0,2,124,0,126,8,44,171,0,223,376,0,376,599
02/24/2005,AZO,MI,AGL,CE,Combined TRACON& Tower with Radar,8,40,52,0,100,0,0,83,1,84,8,40,135,1,184,218,0,218,402
02/25/2005,AZO,MI,AGL,CE,Combined TRACON& Tower with Radar,8,46,21,0,75,0,4,2,0,6,8,50,23,0,81,0,0,0,81
02/26/2005,AZO,MI,AGL,CE,Combined TRACON& Tower with Radar,6,37,43,0,86,0,2,119,0,121,6,39,162,0,207,158,0,158,365
02/27/2005,AZO,MI,AGL,CE,Combined TRACON& Tower with Radar,8,37,25,0,70,0,1,53,0,54,8,38,78,0,124,130,0,130,254
02/28/2005,AZO,MI,AGL,CE,Combined TRACON& Tower with Radar,10,41,26,0,77,0,0,0,0,0,10,41,26,0,77,0,0,0,77
03/01/2005,AZO,MI,AGL,CE,Combined TRACON& Tower with Radar,9,39,13,0,61,0,1,1,0,2,9,40,14,0,63,0,0,0,63
03/02/2005,AZO,MI,AGL,CE,Combined TRACON& Tower with Radar,8,41,40,0,89,0,3,0,0,3,8,44,40,0,92,0,0,0,92
03/03/2005,AZO,MI,AGL,CE,Combined TRACON& Tower with Radar,8,37,40,0,85,0,0,63,0,63,8,37,103,0,148,310,0,310,458
03/04/2005,AZO,MI,AGL,CE,Combined TRACON& Tower with Radar,9,37,24,0,70,0,0,45,0,45,9,37,69,0,115,280,0,280,395
03/05/2005,AZO,MI,AGL,CE,Combined TRACON& Tower with Radar,6,40,28,0,74,0,4,77,0,81,6,44,105,0,155,156,0,156,311
03/06/2005,AZO,MI,AGL,CE,Combined TRACON& Tower with Radar,8,37,18,0,63,0,2,32,0,34,8,39,50,0,97,22,0,22,119
03/07/2005,AZO,MI,AGL,CE,Combined TRACON& Tower with Radar,7,38,26,0,71,0,0,2,0,2,7,38,28,0,73,80,0,80,153
03/08/2005,AZO,MI,AGL,CE,Combined TRACON& Tower with Radar,5,38,40,0,83,0,6,40,0,46,5,44,80,0,129,150,0,150,279
03/09/2005,AZO,MI,AGL,CE,Combined TRACON& Tower with Radar,8,40,52,0,100,0,4,38,0,42,8,44,90,0,142,154,0,154,296
03/10/2005,AZO,MI,AGL,CE,Combined TRACON& Tower with Radar,5,30,24,0,59,0,0,16,0,16,5,30,40,0,75,102,0,102,177
03/11/2005,AZO,MI,AGL,CE,Combined TRACON& Tower with Radar,11,36,29,0,76,0,2,29,0,31,11,38,58,0,107,9,0,9,116
03/12/2005,AZO,MI,AGL,CE,Combined TRACON& Tower with Radar,42,34,11,0,87,0,0,11,0,11,42,34,22,0,98,0,0,0,98
03/13/2005,AZO,MI,AGL,CE,Combined TRACON& Tower with Radar,6,40,32,0,78,0,3,39,0,42,6,43,71,0,120,238,0,238,358
03/14/2005,AZO,MI,AGL,CE,Combined TRACON& Tower with Radar,7,36,35,0,78,0,0,86,0,86,7,36,121,0,164,326,0,326,490
03/15/2005,AZO,MI,AGL,CE,Combined TRACON& Tower with Radar,8,39,79,0,126,0,1,68,0,69,8,40,147,0,195,240,0,240,435
03/16/2005,AZO,MI,AGL,CE,Combined TRACON& Tower with Radar,8,43,37,0,88,0,0,62,0,62,8,43,99,0,150,338,0,338,488
03/17/2005,AZO,MI,AGL,CE,Combined TRACON& Tower with Radar,6,42,44,0,92,0,0,39,0,39,6,42,83,0,131,238,0,238,369
03/18/2005,AZO,MI,AGL,CE,Combined TRACON& Tower with Radar,8,38,34,0,80,0,3,39,0,42,8,41,73,0,122,168,0,168,290
03/19/2005,AZO,MI,AGL,CE,Combined TRACON& Tower with Radar,14,35,10,0,59,0,1,0,0,1,14,36,10,0,60,0,0,0,60
03/20/2005,AZO,MI,AGL,CE,Combined TRACON& Tower with Radar,4,45,19,0,68,0,1,2,0,3,4,46,21,0,71,0,0,0,71
03/21/2005,AZO,MI,AGL,CE,Combined TRACON& Tower with Radar,8,42,59,0,109,0,1,80,0,81,8,43,139,0,190,222,0,222,412
03/22/2005,AZO,MI,AGL,CE,Combined TRACON& Tower with Radar,7,41,54,0,102,0,1,117,0,118,7,42,171,0,220,174,0,174,394
03/23/2005,AZO,MI,AGL,CE,Combined TRACON& Tower with Radar,6,45,42,0,93,0,4,53,0,57,6,49,95,0,150,82,0,82,232
03/24/2005,AZO,MI,AGL,CE,Combined TRACON& Tower with Radar,9,38,41,0,88,0,4,123,0,127,9,42,164,0,215,366,0,366,581
03/25/2005,AZO,MI,AGL,CE,Combined TRACON& Tower with Radar,8,36,53,0,97,0,0,66,0,66,8,36,119,0,163,250,0,250,413
03/26/2005,AZO,MI,AGL,CE,Combined TRACON& Tower with Radar,7,44,31,0,82,0,5,91,0,96,7,49,122,0,178,196,0,196,374
03/27/2005,AZO,MI,AGL,CE,Combined TRACON& Tower with Radar,5,38,16,0,59,0,2,33,0,35,5,40,49,0,94,20,0,20,114
03/28/2005,AZO,MI,AGL,CE,Combined TRACON& Tower with Radar,8,43,59,0,110,0,0,82,2,84,8,43,141,2,194,218,0,218,412
03/29/2005,AZO,MI,AGL,CE,Combined TRACON& Tower with Radar,6,39,53,0,98,0,2,134,1,137,6,41,187,1,235,324,0,324,559
03/30/2005,AZO,MI,AGL,CE,Combined TRACON& Tower with Radar,8,46,34,0,88,0,10,62,0,72,8,56,96,0,160,102,0,102,262
03/31/2005,AZO,MI,AGL,CE,Combined TRACON& Tower with Radar,6,44,29,0,79,0,1,4,0,5,6,45,33,0,84,16,0,16,100
04/01/2005,AZO,MI,AGL,CE,Combined TRACON& Tower with Radar,8,45,33,0,86,0,0,123,0,123,8,45,156,0,209,208,0,208,417
04/02/2005,AZO,MI,AGL,CE,Combined TRACON& Tower with Radar,10,34,11,0,55,0,4,33,0,37,10,38,44,0,92,6,0,6,98
04/03/2005,AZO,MI,AGL,CE,Combined TRACON& Tower with Radar,8,40,29,0,77,0,3,80,0,83,8,43,109,0,160,132,0,132,292
04/04/2005,AZO,MI,AGL,CE,Combined TRACON& Tower with Radar,11,37,42,0,90,0,2,121,0,123,11,39,163,0,213,212,0,212,425
04/05/2005,AZO,MI,AGL,CE,Combined TRACON& Tower with Radar,12,35,37,0,84,0,1,82,0,83,12,36,119,0,167,158,0,158,325
04/06/2005,AZO,MI,AGL,CE,Combined TRACON& Tower with Radar,12,37,36,0,85,0,6,59,0,65,12,43,95,0,150,258,0,258,408
04/07/2005,AZO,MI,AGL,CE,Combined TRACON& Tower with Radar,12,36,78,0,126,0,0,30,0,30,12,36,108,0,156,146,0,146,302
04/08/2005,AZO,MI,AGL,CE,Combined TRACON& Tower with Radar,10,37,26,1,74,0,6,110,1,117,10,43,136,2,191,144,0,144,335
04/09/2005,AZO,MI,AGL,CE,Combined TRACON& Tower with Radar,10,38,37,0,85,0,4,138,0,142,10,42,175,0,227,208,0,208,435
04/10/2005,AZO,MI,AGL,CE,Combined TRACON& Tower with Radar,4,49,33,0,86,0,4,95,14,113,4,53,128,14,199,194,0,194,393
04/11/2005,AZO,MI,AGL,CE,Combined TRACON& Tower with Radar,12,33,30,0,75,0,4,50,0,54,12,37,80,0,129,40,0,40,169
04/12/2005,AZO,MI,AGL,CE,Combined TRACON& Tower with Radar,11,35,58,0,104,0,2,31,0,33,11,37,89,0,137,70,0,70,207
04/13/2005,AZO,MI,AGL,CE,Combined TRACON& Tower with Radar,13,35,61,0,109,0,1,83,0,84,13,36,144,0,193,162,0,162,355
04/14/2005,AZO,MI,AGL,CE,Combined TRACON& Tower with Radar,10,38,105,0,153,0,0,112,0,112,10,38,217,0,265,276,0,276,541
04/15/2005,AZO,MI,AGL,CE,Combined TRACON& Tower with Radar,9,39,84,0,132,0,0,141,0,141,9,39,225,0,273,262,0,262,535
04/16/2005,AZO,MI,AGL,CE,Combined TRACON& Tower with Radar,9,37,36,0,82,0,1,107,0,108,9,38,143,0,190,124,0,124,314
04/17/2005,AZO,MI,AGL,CE,Combined TRACON& Tower with Radar,11,31,33,0,75,0,0,45,0,45,11,31,78,0,120,40,0,40,160
04/18/2005,AZO,MI,AGL,CE,Combined TRACON& Tower with Radar,13,41,34,0,88,0,1,65,0,66,13,42,99,0,154,84,0,84,238
04/19/2005,AZO,MI,AGL,CE,Combined TRACON& Tower with Radar,11,38,31,0,80,0,0,56,0,56,11,38,87,0,136,184,0,184,320
04/20/2005,AZO,MI,AGL,CE,Combined TRACON& Tower with Radar,12,31,31,2,76,0,7,13,0,20,12,38,44,2,96,16,0,16,112
04/21/2005,AZO,MI,AGL,CE,Combined TRACON& Tower with Radar,9,46,72,0,127,0,0,131,3,134,9,46,203,3,261,162,0,162,423
04/22/2005,AZO,MI,AGL,CE,Combined TRACON& Tower with Radar,14,37,39,0,90,0,3,2,7,12,14,40,41,7,102,0,0,0,102
04/23/2005,AZO,MI,AGL,CE,Combined TRACON& Tower with Radar,11,35,0,0,46,0,0,0,0,0,11,35,0,0,46,0,0,0,46
04/24/2005,AZO,MI,AGL,CE,Combined TRACON& Tower with Radar,11,36,10,0,57,0,2,1,0,3,11,38,11,0,60,0,0,0,60
04/25/2005,AZO,MI,AGL,CE,Combined TRACON& Tower with Radar,12,35,49,0,96,0,2,66,0,68,12,37,115,0,164,40,0,40,204
04/26/2005,AZO,MI,AGL,CE,Combined TRACON& Tower with Radar,12,40,37,0,89,0,2,39,0,41,12,42,76,0,130,128,0,128,258
04/27/2005,AZO,MI,AGL,CE,Combined TRACON& Tower with Radar,12,40,54,0,106,0,2,18,0,20,12,42,72,0,126,32,0,32,158
04/28/2005,AZO,MI,AGL,CE,Combined TRACON& Tower with Radar,12,43,61,0,116,0,0,110,0,110,12,43,171,0,226,82,0,82,308
04/29/2005,AZO,MI,AGL,CE,Combined TRACON& Tower with Radar,0,0,0,0,0,0,0,0,0,0,0,0,0,0,0,224,0,224,224
04/30/2005,AZO,MI,AGL,CE,Combined TRACON& Tower with Radar,11,32,28,0,71,0,4,73,0,77,11,36,101,0,148,32,0,32,180
05/01/2005,AZO,MI,AGL,CE,Combined TRACON& Tower with Radar,11,36,21,0,68,0,4,44,0,48,11,40,65,0,116,20,0,20,136
05/02/2005,AZO,MI,AGL,CE,Combined TRACON& Tower with Radar,7,38,20,0,65,0,9,27,0,36,7,47,47,0,101,24,0,24,125
05/03/2005,AZO,MI,AGL,CE,Combined TRACON& Tower with Radar,6,39,46,0,91,0,2,83,0,85,6,41,129,0,176,126,0,126,302
05/04/2005,AZO,MI,AGL,CE,Combined TRACON& Tower with Radar,6,48,45,0,99,0,6,107,0,113,6,54,152,0,212,154,0,154,366
05/05/2005,AZO,MI,AGL,CE,Combined TRACON& Tower with Radar,6,45,45,0,96,0,3,156,0,159,6,48,201,0,255,150,0,150,405
05/06/2005,AZO,MI,AGL,CE,Combined TRACON& Tower with Radar,8,42,64,0,114,0,8,110,0,118,8,50,174,0,232,148,0,148,380
05/07/2005,AZO,MI,AGL,CE,Combined TRACON& Tower with Radar,13,39,26,0,78,0,1,105,0,106,13,40,131,0,184,428,0,428,612
05/08/2005,AZO,MI,AGL,CE,Combined TRACON& Tower with Radar,5,43,25,0,73,0,5,101,0,106,5,48,126,0,179,36,0,36,215
05/09/2005,AZO,MI,AGL,CE,Combined TRACON& Tower with Radar,6,42,26,0,74,0,2,74,0,76,6,44,100,0,150,150,0,150,300
05/10/2005,AZO,MI,AGL,CE,Combined TRACON& Tower with Radar,6,46,28,0,80,0,7,88,0,95,6,53,116,0,175,46,0,46,221
05/11/2005,AZO,MI,AGL,CE,Combined TRACON& Tower with Radar,6,34,41,0,81,0,5,8,0,13,6,39,49,0,94,16,0,16,110
05/12/2005,AZO,MI,AGL,CE,Combined TRACON& Tower with Radar,8,39,41,0,88,0,2,107,0,109,8,41,148,0,197,62,0,62,259
05/13/2005,AZO,MI,AGL,CE,Combined TRACON& Tower with Radar,5,37,19,0,61,0,0,29,0,29,5,37,48,0,90,6,0,6,96
05/14/2005,AZO,MI,AGL,CE,Combined TRACON& Tower with Radar,3,40,22,0,65,0,0,26,0,26,3,40,48,0,91,24,0,24,115
05/15/2005,AZO,MI,AGL,CE,Combined TRACON& Tower with Radar,2,36,42,0,80,0,0,48,0,48,2,36,90,0,128,16,0,16,144
05/16/2005,AZO,MI,AGL,CE,Combined TRACON& Tower with Radar,4,44,44,0,92,0,2,137,0,139,4,46,181,0,231,184,0,184,415
05/17/2005,AZO,MI,AGL,CE,Combined TRACON& Tower with Radar,4,36,43,0,83,0,4,220,0,224,4,40,263,0,307,166,0,166,473
05/18/2005,AZO,MI,AGL,CE,Combined TRACON& Tower with Radar,4,44,39,0,87,0,4,115,0,119,4,48,154,0,206,240,0,240,446
05/19/2005,AZO,MI,AGL,CE,Combined TRACON& Tower with Radar,4,40,45,0,89,0,2,12,0,14,4,42,57,0,103,0,0,0,103
05/20/2005,AZO,MI,AGL,CE,Combined TRACON& Tower with Radar,4,42,48,0,94,0,2,118,0,120,4,44,166,0,214,38,0,38,252
05/21/2005,AZO,MI,AGL,CE,Combined TRACON& Tower with Radar,6,47,21,0,74,0,3,170,0,173,6,50,191,0,247,78,0,78,325
05/22/2005,AZO,MI,AGL,CE,Combined TRACON& Tower with Radar,3,54,27,0,84,0,2,54,0,56,3,56,81,0,140,46,0,46,186
05/23/2005,AZO,MI,AGL,CE,Combined TRACON& Tower with Radar,4,47,32,0,83,0,1,45,0,46,4,48,77,0,129,0,0,0,129
05/24/2005,AZO,MI,AGL,CE,Combined TRACON& Tower with Radar,4,45,67,3,119,0,5,135,0,140,4,50,202,3,259,146,0,146,405
05/25/2005,AZO,MI,AGL,CE,Combined TRACON& Tower with Radar,4,49,73,0,126,0,4,176,0,180,4,53,249,0,306,298,0,298,604
05/26/2005,AZO,MI,AGL,CE,Combined TRACON& Tower with Radar,4,57,45,0,106,0,0,81,0,81,4,57,126,0,187,62,0,62,249
05/27/2005,AZO,MI,AGL,CE,Combined TRACON& Tower with Radar,7,45,28,0,80,0,0,65,0,65,7,45,93,0,145,20,0,20,165
05/28/2005,AZO,MI,AGL,CE,Combined TRACON& Tower with Radar,3,48,22,0,73,0,6,106,0,112,3,54,128,0,185,40,0,40,225
05/29/2005,AZO,MI,AGL,CE,Combined TRACON& Tower with Radar,1,33,14,0,48,0,8,49,0,57,1,41,63,0,105,68,0,68,173
05/30/2005,AZO,MI,AGL,CE,Combined TRACON& Tower with Radar,4,46,16,0,66,0,3,59,0,62,4,49,75,0,128,32,0,32,160
05/31/2005,AZO,MI,AGL,CE,Combined TRACON& Tower with Radar,4,48,38,0,90,0,7,147,0,154,4,55,185,0,244,126,0,126,370
06/01/2005,AZO,MI,AGL,CE,Combined TRACON& Tower with Radar,4,45,41,0,90,0,3,146,0,149,4,48,187,0,239,242,0,242,481
06/02/2005,AZO,MI,AGL,CE,Combined TRACON& Tower with Radar,4,54,43,0,101,0,3,98,0,101,4,57,141,0,202,172,0,172,374
06/03/2005,AZO,MI,AGL,CE,Combined TRACON& Tower with Radar,6,49,41,2,98,0,7,17,0,24,6,56,58,2,122,8,0,8,130
06/04/2005,AZO,MI,AGL,CE,Combined TRACON& Tower with Radar,1,49,30,0,80,0,0,58,0,58,1,49,88,0,138,54,0,54,192
06/05/2005,AZO,MI,AGL,CE,Combined TRACON& Tower with Radar,3,46,33,0,82,0,4,48,0,52,3,50,81,0,134,94,0,94,228
06/06/2005,AZO,MI,AGL,CE,Combined TRACON& Tower with Radar,4,43,23,0,70,0,7,30,0,37,4,50,53,0,107,34,0,34,141
06/07/2005,AZO,MI,AGL,CE,Combined TRACON& Tower with Radar,5,44,35,0,84,0,4,128,0,132,5,48,163,0,216,98,0,98,314
06/08/2005,AZO,MI,AGL,CE,Combined TRACON& Tower with Radar,3,42,25,0,70,1,1,65,0,67,4,43,90,0,137,162,0,162,299
06/09/2005,AZO,MI,AGL,CE,Combined TRACON& Tower with Radar,5,49,36,0,90,0,5,74,0,79,5,54,110,0,169,164,0,164,333
06/10/2005,AZO,MI,AGL,CE,Combined TRACON& Tower with Radar,9,38,37,0,84,0,2,60,3,65,9,40,97,3,149,170,0,170,319
06/11/2005,AZO,MI,AGL,CE,Combined TRACON& Tower with Radar,7,39,15,0,61,0,5,38,0,43,7,44,53,0,104,96,0,96,200
06/12/2005,AZO,MI,AGL,CE,Combined TRACON& Tower with Radar,11,36,27,0,74,0,2,18,1,21,11,38,45,1,95,126,0,126,221
06/13/2005,AZO,MI,AGL,CE,Combined TRACON& Tower with Radar,3,40,44,0,87,0,2,21,0,23,3,42,65,0,110,4,0,4,114
06/14/2005,AZO,MI,AGL,CE,Combined TRACON& Tower with Radar,9,39,25,0,73,0,6,40,0,46,9,45,65,0,119,69,0,69,188
06/15/2005,AZO,MI,AGL,CE,Combined TRACON& Tower with Radar,10,39,43,0,92,0,2,6,0,8,10,41,49,0,100,14,0,14,114
06/16/2005,AZO,MI,AGL,CE,Combined TRACON& Tower with Radar,9,39,44,0,92,0,3,96,0,99,9,42,140,0,191,90,0,90,281
06/17/2005,AZO,MI,AGL,CE,Combined TRACON& Tower with Radar,10,36,47,0,93,0,3,93,0,96,10,39,140,0,189,234,0,234,423
06/18/2005,AZO,MI,AGL,CE,Combined TRACON& Tower with Radar,8,38,43,0,89,0,4,112,0,116,8,42,155,0,205,248,0,248,453
06/19/2005,AZO,MI,AGL,CE,Combined TRACON& Tower with Radar,2,43,40,0,85,0,1,97,0,98,2,44,137,0,183,292,0,292,475
06/20/2005,AZO,MI,AGL,CE,Combined TRACON& Tower with Radar,4,39,32,0,75,0,4,108,0,112,4,43,140,0,187,262,0,262,449
06/21/2005,AZO,MI,AGL,CE,Combined TRACON& Tower with Radar,10,42,37,0,89,0,1,91,0,92,10,43,128,0,181,178,0,178,359
06/22/2005,AZO,MI,AGL,CE,Combined TRACON& Tower with Radar,9,41,35,0,85,0,8,132,0,140,9,49,167,0,225,176,0,176,401
06/23/2005,AZO,MI,AGL,CE,Combined TRACON& Tower with Radar,11,41,36,0,88,0,0,119,0,119,11,41,155,0,207,156,0,156,363
06/24/2005,AZO,MI,AGL,CE,Combined TRACON& Tower with Radar,10,36,56,0,102,0,2,58,0,60,10,38,114,0,162,46,0,46,208
06/25/2005,AZO,MI,AGL,CE,Combined TRACON& Tower with Radar,5,33,21,0,59,0,5,59,0,64,5,38,80,0,123,44,0,44,167
06/26/2005,AZO,MI,AGL,CE,Combined TRACON& Tower with Radar,10,34,24,0,68,0,0,50,0,50,10,34,74,0,118,66,0,66,184
06/27/2005,AZO,MI,AGL,CE,Combined TRACON& Tower with Radar,9,36,46,0,91,0,11,43,0,54,9,47,89,0,145,116,0,116,261
06/28/2005,AZO,MI,AGL,CE,Combined TRACON& Tower with Radar,9,37,39,0,85,0,2,28,0,30,9,39,67,0,115,130,0,130,245
06/29/2005,AZO,MI,AGL,CE,Combined TRACON& Tower with Radar,0,37,39,1,77,0,2,53,1,56,0,39,92,2,133,42,0,42,175
06/30/2005,AZO,MI,AGL,CE,Combined TRACON& Tower with Radar,4,56,28,1,89,0,0,39,0,39,4,56,67,1,128,56,0,56,184
07/01/2005,AZO,MI,AGL,CE,Combined TRACON& Tower with Radar,10,40,45,0,95,0,0,87,0,87,10,40,132,0,182,50,0,50,232
07/02/2005,AZO,MI,AGL,CE,Combined TRACON& Tower with Radar,8,38,17,0,63,0,6,100,0,106,8,44,117,0,169,154,0,154,323
07/03/2005,AZO,MI,AGL,CE,Combined TRACON& Tower with Radar,0,27,17,0,44,0,2,75,0,77,0,29,92,0,121,68,0,68,189
07/04/2005,AZO,MI,AGL,CE,Combined TRACON& Tower with Radar,8,32,13,0,53,0,2,40,0,42,8,34,53,0,95,20,0,20,115
07/05/2005,AZO,MI,AGL,CE,Combined TRACON& Tower with Radar,5,45,42,0,92,0,8,56,0,64,5,53,98,0,156,122,0,122,278
07/06/2005,AZO,MI,AGL,CE,Combined TRACON& Tower with Radar,9,38,67,0,114,0,0,57,0,57,9,38,124,0,171,138,0,138,309
07/07/2005,AZO,MI,AGL,CE,Combined TRACON& Tower with Radar,1,47,47,0,95,0,2,94,0,96,1,49,141,0,191,214,0,214,405
07/08/2005,AZO,MI,AGL,CE,Combined TRACON& Tower with Radar,6,43,35,0,84,0,8,86,0,94,6,51,121,0,178,106,0,106,284
07/09/2005,AZO,MI,AGL,CE,Combined TRACON& Tower with Radar,7,42,24,0,73,0,5,81,0,86,7,47,105,0,159,120,0,120,279
07/10/2005,AZO,MI,AGL,CE,Combined TRACON& Tower with Radar,10,37,30,0,77,0,2,115,0,117,10,39,145,0,194,190,0,190,384
07/11/2005,AZO,MI,AGL,CE,Combined TRACON& Tower with Radar,5,41,44,0,90,0,2,80,0,82,5,43,124,0,172,112,0,112,284
07/12/2005,AZO,MI,AGL,CE,Combined TRACON& Tower with Radar,6,54,46,0,106,0,1,30,2,33,6,55,76,2,139,40,0,40,179
07/13/2005,AZO,MI,AGL,CE,Combined TRACON& Tower with Radar,10,43,55,0,108,0,1,55,0,56,10,44,110,0,164,76,0,76,240
07/14/2005,AZO,MI,AGL,CE,Combined TRACON& Tower with Radar,8,39,50,0,97,0,1,28,0,29,8,40,78,0,126,45,0,45,171
07/15/2005,AZO,MI,AGL,CE,Combined TRACON& Tower with Radar,8,42,37,0,87,0,0,64,0,64,8,42,101,0,151,84,0,84,235
07/16/2005,AZO,MI,AGL,CE,Combined TRACON& Tower with Radar,7,40,27,0,74,0,3,3,0,6,7,43,30,0,80,24,0,24,104
07/17/2005,AZO,MI,AGL,CE,Combined TRACON& Tower with Radar,9,37,33,0,79,0,1,51,0,52,9,38,84,0,131,44,0,44,175
07/18/2005,AZO,MI,AGL,CE,Combined TRACON& Tower with Radar,8,32,33,0,73,0,0,16,0,16,8,32,49,0,89,22,0,22,111
07/19/2005,AZO,MI,AGL,CE,Combined TRACON& Tower with Radar,11,33,71,0,115,0,1,138,0,139,11,34,209,0,254,272,0,272,526
07/20/2005,AZO,MI,AGL,CE,Combined TRACON& Tower with Radar,8,35,46,0,89,0,3,95,0,98,8,38,141,0,187,160,0,160,347
07/21/2005,AZO,MI,AGL,CE,Combined TRACON& Tower with Radar,10,44,49,0,103,0,2,22,0,24,10,46,71,0,127,46,0,46,173
07/22/2005,AZO,MI,AGL,CE,Combined TRACON& Tower with Radar,0,58,54,0,112,0,5,90,0,95,0,63,144,0,207,176,0,176,383
07/23/2005,AZO,MI,AGL,CE,Combined TRACON& Tower with Radar,8,41,25,0,74,0,3,88,0,91,8,44,113,0,165,70,0,70,235
07/24/2005,AZO,MI,AGL,CE,Combined TRACON& Tower with Radar,4,41,20,0,65,0,7,8,0,15,4,48,28,0,80,0,0,0,80
07/25/2005,AZO,MI,AGL,CE,Combined TRACON& Tower with Radar,10,33,30,0,73,0,3,70,2,75,10,36,100,2,148,70,0,70,218
07/26/2005,AZO,MI,AGL,CE,Combined TRACON& Tower with Radar,9,42,45,0,96,0,5,23,4,32,9,47,68,4,128,60,0,60,188
07/27/2005,AZO,MI,AGL,CE,Combined TRACON& Tower with Radar,10,42,71,0,123,0,0,111,4,115,10,42,182,4,238,144,0,144,382
07/28/2005,AZO,MI,AGL,CE,Combined TRACON& Tower with Radar,7,36,72,0,115,0,7,106,0,113,7,43,178,0,228,182,0,182,410
07/29/2005,AZO,MI,AGL,CE,Combined TRACON& Tower with Radar,9,41,41,0,91,0,8,95,0,103,9,49,136,0,194,162,0,162,356
07/30/2005,AZO,MI,AGL,CE,Combined TRACON& Tower with Radar,8,42,25,0,75,0,5,91,0,96,8,47,116,0,171,144,0,144,315
07/31/2005,AZO,MI,AGL,CE,Combined TRACON& Tower with Radar,10,37,24,0,71,0,2,76,0,78,10,39,100,0,149,22,0,22,171
08/01/2005,AZO,MI,AGL,CE,Combined TRACON& Tower with Radar,10,35,35,0,80,0,2,76,0,78,10,37,111,0,158,54,0,54,212
08/02/2005,AZO,MI,AGL,CE,Combined TRACON& Tower with Radar,11,40,44,0,95,0,2,86,2,90,11,42,130,2,185,144,0,144,329
08/03/2005,AZO,MI,AGL,CE,Combined TRACON& Tower with Radar,10,39,50,0,99,0,6,48,0,54,10,45,98,0,153,70,0,70,223
08/04/2005,AZO,MI,AGL,CE,Combined TRACON& Tower with Radar,10,41,56,0,107,0,0,28,0,28,10,41,84,0,135,34,0,34,169
08/05/2005,AZO,MI,AGL,CE,Combined TRACON& Tower with Radar,4,39,59,0,102,0,2,117,0,119,4,41,176,0,221,46,0,46,267
08/06/2005,AZO,MI,AGL,CE,Combined TRACON& Tower with Radar,7,36,32,0,75,0,5,139,0,144,7,41,171,0,219,90,0,90,309
08/07/2005,AZO,MI,AGL,CE,Combined TRACON& Tower with Radar,10,31,28,2,71,0,3,89,0,92,10,34,117,2,163,84,0,84,247
08/08/2005,AZO,MI,AGL,CE,Combined TRACON& Tower with Radar,10,41,38,0,89,0,4,32,0,36,10,45,70,0,125,8,0,8,133
08/09/2005,AZO,MI,AGL,CE,Combined TRACON& Tower with Radar,9,37,47,0,93,0,1,45,0,46,9,38,92,0,139,26,0,26,165
08/10/2005,AZO,MI,AGL,CE,Combined TRACON& Tower with Radar,10,40,32,0,82,0,4,60,4,68,10,44,92,4,150,38,0,38,188
08/11/2005,AZO,MI,AGL,CE,Combined TRACON& Tower with Radar,10,33,66,0,109,0,2,22,5,29,10,35,88,5,138,6,0,6,144
08/12/2005,AZO,MI,AGL,CE,Combined TRACON& Tower with Radar,10,43,43,0,96,0,0,29,0,29,10,43,72,0,125,32,0,32,157
08/13/2005,AZO,MI,AGL,CE,Combined TRACON& Tower with Radar,8,40,24,0,72,0,0,15,0,15,8,40,39,0,87,30,0,30,117
08/14/2005,AZO,MI,AGL,CE,Combined TRACON& Tower with Radar,10,39,27,0,76,0,5,10,0,15,10,44,37,0,91,0,0,0,91
08/15/2005,AZO,MI,AGL,CE,Combined TRACON& Tower with Radar,9,33,44,0,86,0,6,82,0,88,9,39,126,0,174,46,0,46,220
08/16/2005,AZO,MI,AGL,CE,Combined TRACON& Tower with Radar,10,40,45,0,95,0,0,95,0,95,10,40,140,0,190,132,0,132,322
08/17/2005,AZO,MI,AGL,CE,Combined TRACON& Tower with Radar,2,46,36,0,84,0,5,108,0,113,2,51,144,0,197,70,0,70,267
08/18/2005,AZO,MI,AGL,CE,Combined TRACON& Tower with Radar,11,32,48,0,91,0,2,16,0,18,11,34,64,0,109,48,0,48,157
08/19/2005,AZO,MI,AGL,CE,Combined TRACON& Tower with Radar,8,40,33,0,81,0,11,42,0,53,8,51,75,0,134,22,0,22,156
08/20/2005,AZO,MI,AGL,CE,Combined TRACON& Tower with Radar,3,44,22,0,69,0,5,24,0,29,3,49,46,0,98,0,0,0,98
08/21/2005,AZO,MI,AGL,CE,Combined TRACON& Tower with Radar,4,42,32,0,78,0,2,88,0,90,4,44,120,0,168,48,0,48,216
08/22/2005,AZO,MI,AGL,CE,Combined TRACON& Tower with Radar,6,49,57,0,112,0,3,102,0,105,6,52,159,0,217,82,0,82,299
08/23/2005,AZO,MI,AGL,CE,Combined TRACON& Tower with Radar,8,45,53,0,106,0,1,114,0,115,8,46,167,0,221,60,0,60,281
08/24/2005,AZO,MI,AGL,CE,Combined TRACON& Tower with Radar,18,54,24,0,96,0,5,126,0,131,18,59,150,0,227,112,0,112,339
08/25/2005,AZO,MI,AGL,CE,Combined TRACON& Tower with Radar,6,44,55,0,105,0,3,55,0,58,6,47,110,0,163,56,0,56,219
08/26/2005,AZO,MI,AGL,CE,Combined TRACON& Tower with Radar,5,53,28,2,88,0,2,68,0,70,5,55,96,2,158,82,0,82,240
08/27/2005,AZO,MI,AGL,CE,Combined TRACON& Tower with Radar,4,38,23,0,65,0,4,17,0,21,4,42,40,0,86,10,0,10,96
08/28/2005,AZO,MI,AGL,CE,Combined TRACON& Tower with Radar,3,48,23,0,74,0,4,100,0,104,3,52,123,0,178,56,0,56,234
08/29/2005,AZO,MI,AGL,CE,Combined TRACON& Tower with Radar,7,40,15,0,62,0,0,71,0,71,7,40,86,0,133,38,0,38,171
08/30/2005,AZO,MI,AGL,CE,Combined TRACON& Tower with Radar,5,49,20,0,74,0,0,33,3,36,5,49,53,3,110,0,38,38,148
08/31/2005,AZO,MI,AGL,CE,Combined TRACON& Tower with Radar,6,50,42,0,98,0,1,76,0,77,6,51,118,0,175,82,0,82,257
09/01/2005,AZO,MI,AGL,CE,Combined TRACON& Tower with Radar,6,50,45,0,101,0,1,67,0,68,6,51,112,0,169,32,0,32,201
09/02/2005,AZO,MI,AGL,CE,Combined TRACON& Tower with Radar,6,47,19,0,72,0,1,69,0,70,6,48,88,0,142,62,0,62,204
09/03/2005,AZO,MI,AGL,CE,Combined TRACON& Tower with Radar,5,36,26,0,67,0,0,43,0,43,5,36,69,0,110,24,0,24,134
09/04/2005,AZO,MI,AGL,CE,Combined TRACON& Tower with Radar,0,31,19,0,50,0,7,70,0,77,0,38,89,0,127,24,0,24,151
09/05/2005,AZO,MI,AGL,CE,Combined TRACON& Tower with Radar,4,44,21,0,69,0,4,56,0,60,4,48,77,0,129,16,0,16,145
09/06/2005,AZO,MI,AGL,CE,Combined TRACON& Tower with Radar,6,41,46,0,93,0,5,128,7,140,6,46,174,7,233,126,0,126,359
09/07/2005,AZO,MI,AGL,CE,Combined TRACON& Tower with Radar,7,42,43,0,92,0,5,106,0,111,7,47,149,0,203,74,0,74,277
09/08/2005,AZO,MI,AGL,CE,Combined TRACON& Tower with Radar,5,47,73,0,125,0,0,51,2,53,5,47,124,2,178,62,0,62,240
09/09/2005,AZO,MI,AGL,CE,Combined TRACON& Tower with Radar,6,45,32,0,83,0,2,130,0,132,6,47,162,0,215,72,0,72,287
09/10/2005,AZO,MI,AGL,CE,Combined TRACON& Tower with Radar,6,44,28,0,78,0,4,100,0,104,6,48,128,0,182,26,0,26,208
09/11/2005,AZO,MI,AGL,CE,Combined TRACON& Tower with Radar,4,40,15,0,59,1,0,51,1,53,5,40,66,1,112,32,0,32,144
09/12/2005,AZO,MI,AGL,CE,Combined TRACON& Tower with Radar,9,45,36,0,90,0,2,48,0,50,9,47,84,0,140,50,0,50,190
09/13/2005,AZO,MI,AGL,CE,Combined TRACON& Tower with Radar,5,46,36,0,87,0,3,45,0,48,5,49,81,0,135,52,0,52,187
09/14/2005,AZO,MI,AGL,CE,Combined TRACON& Tower with Radar,16,42,49,0,107,0,2,44,0,46,16,44,93,0,153,26,0,26,179
09/15/2005,AZO,MI,AGL,CE,Combined TRACON& Tower with Radar,5,46,44,0,95,0,4,112,0,116,5,50,156,0,211,88,2,90,301
09/16/2005,AZO,MI,AGL,CE,Combined TRACON& Tower with Radar,7,54,42,0,103,0,1,35,1,37,7,55,77,1,140,50,0,50,190
09/17/2005,AZO,MI,AGL,CE,Combined TRACON& Tower with Radar,5,38,41,0,84,0,2,130,1,133,5,40,171,1,217,130,0,130,347
09/18/2005,AZO,MI,AGL,CE,Combined TRACON& Tower with Radar,5,45,36,0,86,0,5,92,0,97,5,50,128,0,183,52,0,52,235
09/19/2005,AZO,MI,AGL,CE,Combined TRACON& Tower with Radar,6,40,28,0,74,0,6,19,0,25,6,46,47,0,99,26,0,26,125
09/20/2005,AZO,MI,AGL,CE,Combined TRACON& Tower with Radar,6,46,65,0,117,0,7,166,0,173,6,53,231,0,290,148,0,148,438
09/21/2005,AZO,MI,AGL,CE,Combined TRACON& Tower with Radar,6,47,53,0,106,0,1,156,0,157,6,48,209,0,263,118,0,118,381
09/22/2005,AZO,MI,AGL,CE,Combined TRACON& Tower with Radar,5,40,36,0,81,0,4,6,0,10,5,44,42,0,91,5,0,5,96
09/23/2005,AZO,MI,AGL,CE,Combined TRACON& Tower with Radar,5,51,46,0,102,0,3,148,3,154,5,54,194,3,256,156,0,156,412
09/24/2005,AZO,MI,AGL,CE,Combined TRACON& Tower with Radar,9,35,38,0,82,0,2,133,0,135,9,37,171,0,217,86,0,86,303
09/25/2005,AZO,MI,AGL,CE,Combined TRACON& Tower with Radar,5,42,25,0,72,0,0,0,0,0,5,42,25,0,72,0,0,0,72
09/26/2005,AZO,MI,AGL,CE,Combined TRACON& Tower with Radar,6,42,39,0,87,0,4,53,0,57,6,46,92,0,144,46,0,46,190
09/27/2005,AZO,MI,AGL,CE,Combined TRACON& Tower with Radar,6,47,43,0,96,0,5,139,0,144,6,52,182,0,240,136,0,136,376
09/28/2005,AZO,MI,AGL,CE,Combined TRACON& Tower with Radar,6,48,33,0,87,0,7,81,4,92,6,55,114,4,179,54,0,54,233
09/29/2005,AZO,MI,AGL,CE,Combined TRACON& Tower with Radar,11,40,46,0,97,0,3,103,0,106,11,43,149,0,203,114,0,114,317
09/30/2005,AZO,MI,AGL,CE,Combined TRACON& Tower with Radar,14,43,38,0,95,0,1,138,0,139,14,44,176,0,234,244,0,244,478
10/01/2005,AZO,MI,AGL,CE,Combined TRACON& Tower with Radar,4,35,28,0,67,0,0,111,0,111,4,35,139,0,178,210,0,210,388
10/02/2005,AZO,MI,AGL,CE,Combined TRACON& Tower with Radar,2,42,51,0,95,0,10,74,0,84,2,52,125,0,179,192,0,192,371
10/03/2005,AZO,MI,AGL,CE,Combined TRACON& Tower with Radar,6,48,35,0,89,0,0,59,0,59,6,48,94,0,148,144,0,144,292
10/04/2005,AZO,MI,AGL,CE,Combined TRACON& Tower with Radar,5,46,51,0,102,0,3,39,0,42,5,49,90,0,144,198,0,198,342
10/05/2005,AZO,MI,AGL,CE,Combined TRACON& Tower with Radar,6,48,48,0,102,0,0,82,0,82,6,48,130,0,184,184,0,184,368
10/06/2005,AZO,MI,AGL,CE,Combined TRACON& Tower with Radar,5,49,40,2,96,0,7,43,0,50,5,56,83,2,146,44,0,44,190
10/07/2005,AZO,MI,AGL,CE,Combined TRACON& Tower with Radar,3,43,40,0,86,0,0,59,0,59,3,43,99,0,145,408,0,408,553
10/08/2005,AZO,MI,AGL,CE,Combined TRACON& Tower with Radar,4,37,39,0,80,0,0,74,0,74,4,37,113,0,154,226,0,226,380
10/09/2005,AZO,MI,AGL,CE,Combined TRACON& Tower with Radar,1,42,49,0,92,0,7,109,0,116,1,49,158,0,208,214,0,214,422
10/10/2005,AZO,MI,AGL,CE,Combined TRACON& Tower with Radar,7,40,50,0,97,0,0,40,0,40,7,40,90,0,137,248,0,248,385
10/11/2005,AZO,MI,AGL,CE,Combined TRACON& Tower with Radar,4,47,72,0,123,0,2,1,0,3,4,49,73,0,126,108,0,108,234
10/12/2005,AZO,MI,AGL,CE,Combined TRACON& Tower with Radar,6,42,60,0,108,0,0,11,0,11,6,42,71,0,119,254,0,254,373
10/13/2005,AZO,MI,AGL,CE,Combined TRACON& Tower with Radar,6,40,50,1,97,0,2,71,0,73,6,42,121,1,170,408,0,408,578
10/14/2005,AZO,MI,AGL,CE,Combined TRACON& Tower with Radar,3,49,52,0,104,0,3,53,0,56,3,52,105,0,160,86,0,86,246
10/15/2005,AZO,MI,AGL,CE,Combined TRACON& Tower with Radar,3,38,13,0,54,0,1,78,0,79,3,39,91,0,133,196,0,196,329
10/16/2005,AZO,MI,AGL,CE,Combined TRACON& Tower with Radar,2,44,35,0,81,0,1,107,0,108,2,45,142,0,189,222,0,222,411
10/17/2005,AZO,MI,AGL,CE,Combined TRACON& Tower with Radar,6,43,41,0,90,0,4,56,0,60,6,47,97,0,150,178,0,178,328
10/18/2005,AZO,MI,AGL,CE,Combined TRACON& Tower with Radar,6,44,38,0,88,0,0,73,0,73,6,44,111,0,161,244,0,244,405
10/19/2005,AZO,MI,AGL,CE,Combined TRACON& Tower with Radar,5,39,38,0,82,0,0,75,0,75,5,39,113,0,157,152,0,152,309
10/20/2005,AZO,MI,AGL,CE,Combined TRACON& Tower with Radar,4,47,54,0,105,0,4,110,0,114,4,51,164,0,219,380,0,380,599
10/21/2005,AZO,MI,AGL,CE,Combined TRACON& Tower with Radar,3,50,53,0,106,0,4,94,0,98,3,54,147,0,204,298,0,298,502
10/22/2005,AZO,MI,AGL,CE,Combined TRACON& Tower with Radar,3,41,24,0,68,0,4,81,0,85,3,45,105,0,153,198,0,198,351
10/23/2005,AZO,MI,AGL,CE,Combined TRACON& Tower with Radar,3,40,31,0,74,0,7,19,0,26,3,47,50,0,100,214,0,214,314
10/24/2005,AZO,MI,AGL,CE,Combined TRACON& Tower with Radar,7,40,35,0,82,0,0,30,0,30,7,40,65,0,112,68,0,68,180
10/25/2005,AZO,MI,AGL,CE,Combined TRACON& Tower with Radar,5,46,47,0,98,0,3,48,0,51,5,49,95,0,149,156,0,156,305
10/26/2005,AZO,MI,AGL,CE,Combined TRACON& Tower with Radar,6,48,66,0,120,0,4,96,0,100,6,52,162,0,220,320,0,320,540
10/27/2005,AZO,MI,AGL,CE,Combined TRACON& Tower with Radar,6,44,39,0,89,0,1,82,1,84,6,45,121,1,173,240,0,240,413
10/28/2005,AZO,MI,AGL,CE,Combined TRACON& Tower with Radar,2,45,51,0,98,0,5,105,0,110,2,50,156,0,208,156,0,156,364
10/29/2005,AZO,MI,AGL,CE,Combined TRACON& Tower with Radar,4,41,25,0,70,0,6,106,0,112,4,47,131,0,182,56,0,56,238
10/30/2005,AZO,MI,AGL,CE,Combined TRACON& Tower with Radar,2,44,22,0,68,0,5,72,0,77,2,49,94,0,145,72,0,72,217
10/31/2005,AZO,MI,AGL,CE,Combined TRACON& Tower with Radar,7,47,40,0,94,0,8,10,0,18,7,55,50,0,112,192,0,192,304
11/01/2005,AZO,MI,AGL,CE,Combined TRACON& Tower with Radar,7,44,32,0,83,0,5,60,0,65,7,49,92,0,148,220,0,220,368
11/02/2005,AZO,MI,AGL,CE,Combined TRACON& Tower with Radar,8,48,51,0,107,0,0,95,0,95,8,48,146,0,202,206,0,206,408
11/03/2005,AZO,MI,AGL,CE,Combined TRACON& Tower with Radar,8,46,36,0,90,0,0,71,0,71,8,46,107,0,161,136,0,136,297
11/04/2005,AZO,MI,AGL,CE,Combined TRACON& Tower with Radar,8,42,36,0,86,0,7,71,3,81,8,49,107,3,167,45,0,45,212
11/05/2005,AZO,MI,AGL,CE,Combined TRACON& Tower with Radar,5,39,38,2,84,0,1,52,0,53,5,40,90,2,137,74,0,74,211
11/06/2005,AZO,MI,AGL,CE,Combined TRACON& Tower with Radar,4,37,12,0,53,0,2,1,0,3,4,39,13,0,56,0,0,0,56
11/07/2005,AZO,MI,AGL,CE,Combined TRACON& Tower with Radar,8,41,44,0,93,0,4,45,0,49,8,45,89,0,142,30,0,30,172
11/08/2005,AZO,MI,AGL,CE,Combined TRACON& Tower with Radar,10,48,39,0,97,0,2,108,0,110,10,50,147,0,207,200,0,200,407
11/09/2005,AZO,MI,AGL,CE,Combined TRACON& Tower with Radar,6,52,23,0,81,0,0,4,0,4,6,52,27,0,85,2,0,2,87
11/10/2005,AZO,MI,AGL,CE,Combined TRACON& Tower with Radar,8,54,67,0,129,0,0,107,3,110,8,54,174,3,239,210,0,210,449
11/11/2005,AZO,MI,AGL,CE,Combined TRACON& Tower with Radar,14,54,41,0,109,0,0,130,0,130,14,54,171,0,239,168,0,168,407
11/12/2005,AZO,MI,AGL,CE,Combined TRACON& Tower with Radar,6,39,19,0,64,0,4,92,0,96,6,43,111,0,160,66,0,66,226
11/13/2005,AZO,MI,AGL,CE,Combined TRACON& Tower with Radar,4,34,12,0,50,0,4,2,0,6,4,38,14,0,56,0,0,0,56
11/14/2005,AZO,MI,AGL,CE,Combined TRACON& Tower with Radar,7,42,29,0,78,0,3,89,0,92,7,45,118,0,170,200,0,200,370
11/15/2005,AZO,MI,AGL,CE,Combined TRACON& Tower with Radar,8,37,16,0,61,0,0,0,0,0,8,37,16,0,61,0,0,0,61
11/16/2005,AZO,MI,AGL,CE,Combined TRACON& Tower with Radar,6,46,15,0,67,0,0,3,0,3,6,46,18,0,70,0,0,0,70
11/17/2005,AZO,MI,AGL,CE,Combined TRACON& Tower with Radar,4,33,26,0,63,0,4,4,0,8,4,37,30,0,71,12,0,12,83
11/18/2005,AZO,MI,AGL,CE,Combined TRACON& Tower with Radar,6,23,34,0,63,0,0,55,0,55,6,23,89,0,118,10,0,10,128
11/19/2005,AZO,MI,AGL,CE,Combined TRACON& Tower with Radar,6,40,13,0,59,0,3,94,0,97,6,43,107,0,156,36,0,36,192
11/20/2005,AZO,MI,AGL,CE,Combined TRACON& Tower with Radar,2,39,43,0,84,0,4,91,0,95,2,43,134,0,179,166,0,166,345
11/21/2005,AZO,MI,AGL,CE,Combined TRACON& Tower with Radar,8,42,35,0,85,0,0,8,0,8,8,42,43,0,93,18,0,18,111
11/22/2005,AZO,MI,AGL,CE,Combined TRACON& Tower with Radar,7,47,62,0,116,0,3,70,0,73,7,50,132,0,189,90,0,90,279
11/23/2005,AZO,MI,AGL,CE,Combined TRACON& Tower with Radar,6,44,20,0,70,0,0,0,0,0,6,44,20,0,70,10,0,10,80
11/24/2005,AZO,MI,AGL,CE,Combined TRACON& Tower with Radar,5,29,3,0,37,0,0,0,0,0,5,29,3,0,37,0,0,0,37
11/25/2005,AZO,MI,AGL,CE,Combined TRACON& Tower with Radar,4,28,11,0,43,0,2,5,0,7,4,30,16,0,50,14,0,14,64
11/26/2005,AZO,MI,AGL,CE,Combined TRACON& Tower with Radar,4,36,12,0,52,0,6,46,0,52,4,42,58,0,104,64,0,64,168
11/27/2005,AZO,MI,AGL,CE,Combined TRACON& Tower with Radar,2,42,31,0,75,0,0,1,0,1,2,42,32,0,76,0,0,0,76
11/28/2005,AZO,MI,AGL,CE,Combined TRACON& Tower with Radar,7,38,9,0,54,0,4,0,0,4,7,42,9,0,58,0,0,0,58
11/29/2005,AZO,MI,AGL,CE,Combined TRACON& Tower with Radar,9,38,21,0,68,0,6,13,0,19,9,44,34,0,87,16,0,16,103
11/30/2005,AZO,MI,AGL,CE,Combined TRACON& Tower with Radar,8,42,18,3,71,0,2,5,2,9,8,44,23,5,80,30,0,30,110
12/01/2005,AZO,MI,AGL,CE,Combined TRACON& Tower with Radar,8,33,19,0,60,0,0,8,0,8,8,33,27,0,68,36,0,36,104
12/02/2005,AZO,MI,AGL,CE,Combined TRACON& Tower with Radar,6,46,27,0,79,0,2,0,0,2,6,48,27,0,81,56,0,56,137
12/03/2005,AZO,MI,AGL,CE,Combined TRACON& Tower with Radar,2,37,54,0,93,0,2,117,0,119,2,39,171,0,212,98,0,98,310
12/04/2005,AZO,MI,AGL,CE,Combined TRACON& Tower with Radar,4,39,22,0,65,0,2,27,0,29,4,41,49,0,94,16,0,16,110
12/05/2005,AZO,MI,AGL,CE,Combined TRACON& Tower with Radar,6,37,44,0,87,0,0,4,0,4,6,37,48,0,91,8,0,8,99
12/06/2005,AZO,MI,AGL,CE,Combined TRACON& Tower with Radar,6,46,27,0,79,0,0,7,0,7,6,46,34,0,86,0,0,0,86
12/07/2005,AZO,MI,AGL,CE,Combined TRACON& Tower with Radar,0,8,43,0,51,0,0,0,81,81,0,8,43,81,132,104,0,104,236
12/08/2005,AZO,MI,AGL,CE,Combined TRACON& Tower with Radar,26,10,29,0,65,0,0,21,1,22,26,10,50,1,87,126,0,126,213
12/09/2005,AZO,MI,AGL,CE,Combined TRACON& Tower with Radar,5,34,42,0,81,0,5,12,0,17,5,39,54,0,98,10,0,10,108
12/10/2005,AZO,MI,AGL,CE,Combined TRACON& Tower with Radar,2,35,28,0,65,0,0,43,0,43,2,35,71,0,108,40,0,40,148
12/11/2005,AZO,MI,AGL,CE,Combined TRACON& Tower with Radar,5,36,11,0,52,0,3,0,0,3,5,39,11,0,55,0,0,0,55
12/12/2005,AZO,MI,AGL,CE,Combined TRACON& Tower with Radar,9,41,58,0,108,0,11,89,2,102,9,52,147,2,210,32,0,32,242
12/13/2005,AZO,MI,AGL,CE,Combined TRACON& Tower with Radar,8,37,38,0,83,0,1,20,0,21,8,38,58,0,104,82,0,82,186
12/14/2005,AZO,MI,AGL,CE,Combined TRACON& Tower with Radar,8,36,27,0,71,0,6,10,0,16,8,42,37,0,87,22,0,22,109
12/15/2005,AZO,MI,AGL,CE,Combined TRACON& Tower with Radar,3,38,24,0,65,0,0,3,0,3,3,38,27,0,68,0,0,0,68
12/16/2005,AZO,MI,AGL,CE,Combined TRACON& Tower with Radar,21,20,21,0,62,0,0,0,0,0,21,20,21,0,62,0,0,0,62
12/17/2005,AZO,MI,AGL,CE,Combined TRACON& Tower with Radar,4,40,11,0,55,0,0,6,0,6,4,40,17,0,61,0,0,0,61
12/18/2005,AZO,MI,AGL,CE,Combined TRACON& Tower with Radar,2,40,21,0,63,0,0,5,0,5,2,40,26,0,68,0,0,0,68
12/19/2005,AZO,MI,AGL,CE,Combined TRACON& Tower with Radar,2,48,20,0,70,0,8,7,0,15,2,56,27,0,85,22,0,22,107
12/20/2005,AZO,MI,AGL,CE,Combined TRACON& Tower with Radar,4,43,19,0,66,0,2,7,0,9,4,45,26,0,75,2,0,2,77
12/21/2005,AZO,MI,AGL,CE,Combined TRACON& Tower with Radar,8,43,22,0,73,0,0,1,0,1,8,43,23,0,74,0,0,0,74
12/22/2005,AZO,MI,AGL,CE,Combined TRACON& Tower with Radar,4,41,25,0,70,0,1,7,0,8,4,42,32,0,78,0,0,0,78
12/23/2005,AZO,MI,AGL,CE,Combined TRACON& Tower with Radar,4,45,14,0,63,0,2,18,0,20,4,47,32,0,83,14,0,14,97
12/24/2005,AZO,MI,AGL,CE,Combined TRACON& Tower with Radar,7,39,5,0,51,0,2,8,0,10,7,41,13,0,61,0,0,0,61
12/25/2005,AZO,MI,AGL,CE,Combined TRACON& Tower with Radar,1,34,0,0,35,0,0,0,0,0,1,34,0,0,35,0,0,0,35
12/26/2005,AZO,MI,AGL,CE,Combined TRACON& Tower with Radar,3,46,11,0,60,0,2,1,0,3,3,48,12,0,63,0,0,0,63
12/27/2005,AZO,MI,AGL,CE,Combined TRACON& Tower with Radar,3,50,18,0,71,0,0,0,0,0,3,50,18,0,71,0,0,0,71
12/28/2005,AZO,MI,AGL,CE,Combined TRACON& Tower with Radar,3,38,10,0,51,0,0,0,0,0,3,38,10,0,51,0,0,0,51
12/29/2005,AZO,MI,AGL,CE,Combined TRACON& Tower with Radar,4,43,20,0,67,0,4,5,0,9,4,47,25,0,76,24,0,24,100
12/30/2005,AZO,MI,AGL,CE,Combined TRACON& Tower with Radar,4,39,8,0,51,0,0,2,0,2,4,39,10,0,53,10,0,10,63
12/31/2005,AZO,MI,AGL,CE,Combined TRACON& Tower with Radar,4,37,3,0,44,0,2,2,0,4,4,39,5,0,48,0,0,0,48
01/01/2006,AZO,MI,AGL,CE,Combined TRACON& Tower with Radar,2,41,21,0,64,0,1,23,0,24,2,42,44,0,88,12,0,12,100
01/02/2006,AZO,MI,AGL,CE,Combined TRACON& Tower with Radar,2,32,10,0,44,0,0,0,0,0,2,32,10,0,44,0,0,0,44
01/03/2006,AZO,MI,AGL,CE,Combined TRACON& Tower with Radar,4,40,21,0,65,0,0,0,0,0,4,40,21,0,65,0,0,0,65
01/04/2006,AZO,MI,AGL,CE,Combined TRACON& Tower with Radar,6,37,31,0,74,0,0,0,0,0,6,37,31,0,74,0,0,0,74
01/05/2006,AZO,MI,AGL,CE,Combined TRACON& Tower with Radar,4,42,25,0,71,0,0,5,0,5,4,42,30,0,76,2,0,2,78
01/06/2006,AZO,MI,AGL,CE,Combined TRACON& Tower with Radar,4,43,32,0,79,0,2,29,0,31,4,45,61,0,110,12,0,12,122
01/07/2006,AZO,MI,AGL,CE,Combined TRACON& Tower with Radar,1,41,2,0,44,0,0,0,0,0,1,41,2,0,44,2,0,2,46
01/08/2006,AZO,MI,AGL,CE,Combined TRACON& Tower with Radar,3,41,9,0,53,0,0,40,0,40,3,41,49,0,93,50,0,50,143
01/09/2006,AZO,MI,AGL,CE,Combined TRACON& Tower with Radar,6,34,24,0,64,0,3,5,0,8,6,37,29,0,72,0,0,0,72
01/10/2006,AZO,MI,AGL,CE,Combined TRACON& Tower with Radar,6,41,28,0,75,0,4,83,0,87,6,45,111,0,162,128,0,128,290
01/11/2006,AZO,MI,AGL,CE,Combined TRACON& Tower with Radar,4,52,25,0,81,0,0,0,0,0,4,52,25,0,81,0,0,0,81
01/12/2006,AZO,MI,AGL,CE,Combined TRACON& Tower with Radar,6,35,52,0,93,0,17,127,1,145,6,52,179,1,238,176,0,176,414
01/13/2006,AZO,MI,AGL,CE,Combined TRACON& Tower with Radar,5,40,14,0,59,0,0,0,0,0,5,40,14,0,59,0,0,0,59
01/14/2006,AZO,MI,AGL,CE,Combined TRACON& Tower with Radar,1,37,29,0,67,0,0,54,0,54,1,37,83,0,121,22,0,22,143
01/15/2006,AZO,MI,AGL,CE,Combined TRACON& Tower with Radar,5,34,13,0,52,0,4,135,0,139,5,38,148,0,191,66,0,66,257
01/16/2006,AZO,MI,AGL,CE,Combined TRACON& Tower with Radar,6,38,25,0,69,0,4,29,0,33,6,42,54,0,102,28,0,28,130
01/17/2006,AZO,MI,AGL,CE,Combined TRACON& Tower with Radar,6,39,11,0,56,0,0,0,0,0,6,39,11,0,56,0,0,0,56
01/18/2006,AZO,MI,AGL,CE,Combined TRACON& Tower with Radar,6,37,11,0,54,0,3,2,0,5,6,40,13,0,59,0,0,0,59
01/19/2006,AZO,MI,AGL,CE,Combined TRACON& Tower with Radar,6,40,40,0,86,0,0,113,0,113,6,40,153,0,199,150,0,150,349
01/20/2006,AZO,MI,AGL,CE,Combined TRACON& Tower with Radar,6,33,45,0,84,0,0,9,0,9,6,33,54,0,93,26,0,26,119
01/21/2006,AZO,MI,AGL,CE,Combined TRACON& Tower with Radar,1,38,27,0,66,0,0,70,0,70,1,38,97,0,136,46,0,46,182
01/22/2006,AZO,MI,AGL,CE,Combined TRACON& Tower with Radar,4,34,48,0,86,0,3,135,0,138,4,37,183,0,224,130,0,130,354
01/23/2006,AZO,MI,AGL,CE,Combined TRACON& Tower with Radar,6,35,43,0,84,0,0,67,0,67,6,35,110,0,151,112,0,112,263
01/24/2006,AZO,MI,AGL,CE,Combined TRACON& Tower with Radar,6,35,25,0,66,0,1,0,0,1,6,36,25,0,67,0,0,0,67
01/25/2006,AZO,MI,AGL,CE,Combined TRACON& Tower with Radar,6,35,56,0,97,0,1,26,0,27,6,36,82,0,124,36,0,36,160
01/26/2006,AZO,MI,AGL,CE,Combined TRACON& Tower with Radar,6,42,52,0,100,0,0,182,0,182,6,42,234,0,282,128,0,128,410
01/27/2006,AZO,MI,AGL,CE,Combined TRACON& Tower with Radar,6,39,41,0,86,0,0,107,0,107,6,39,148,0,193,46,0,46,239
01/28/2006,AZO,MI,AGL,CE,Combined TRACON& Tower with Radar,1,39,29,0,69,0,0,101,0,101,1,39,130,0,170,100,0,100,270
01/29/2006,AZO,MI,AGL,CE,Combined TRACON& Tower with Radar,5,34,11,0,50,0,0,4,0,4,5,34,15,0,54,0,0,0,54
01/30/2006,AZO,MI,AGL,CE,Combined TRACON& Tower with Radar,5,38,21,0,64,0,3,3,0,6,5,41,24,0,70,0,0,0,70
01/31/2006,AZO,MI,AGL,CE,Combined TRACON& Tower with Radar,6,33,43,0,82,0,2,34,0,36,6,35,77,0,118,96,0,96,214
02/01/2006,AZO,MI,AGL,CE,Combined TRACON& Tower with Radar,6,36,47,0,89,0,2,71,0,73,6,38,118,0,162,58,0,58,220
02/02/2006,AZO,MI,AGL,CE,Combined TRACON& Tower with Radar,6,38,40,0,84,0,0,60,0,60,6,38,100,0,144,82,0,82,226
02/03/2006,AZO,MI,AGL,CE,Combined TRACON& Tower with Radar,4,42,26,0,72,0,0,0,0,0,4,42,26,0,72,0,0,0,72
02/04/2006,AZO,MI,AGL,CE,Combined TRACON& Tower with Radar,1,34,15,0,50,0,0,0,0,0,1,34,15,0,50,0,0,0,50
02/05/2006,AZO,MI,AGL,CE,Combined TRACON& Tower with Radar,3,31,3,0,37,0,0,0,0,0,3,31,3,0,37,0,0,0,37
02/06/2006,AZO,MI,AGL,CE,Combined TRACON& Tower with Radar,4,36,25,0,65,0,2,20,0,22,4,38,45,0,87,18,0,18,105
02/07/2006,AZO,MI,AGL,CE,Combined TRACON& Tower with Radar,5,35,45,0,85,0,0,102,0,102,5,35,147,0,187,84,0,84,271
02/08/2006,AZO,MI,AGL,CE,Combined TRACON& Tower with Radar,6,39,38,0,83,0,0,54,0,54,6,39,92,0,137,70,0,70,207
02/09/2006,AZO,MI,AGL,CE,Combined TRACON& Tower with Radar,8,37,39,0,84,0,0,117,0,117,8,37,156,0,201,124,0,124,325
02/10/2006,AZO,MI,AGL,CE,Combined TRACON& Tower with Radar,4,39,33,0,76,0,5,25,0,30,4,44,58,0,106,0,0,0,106
02/11/2006,AZO,MI,AGL,CE,Combined TRACON& Tower with Radar,1,38,8,0,47,0,0,2,0,2,1,38,10,0,49,0,0,0,49
02/12/2006,AZO,MI,AGL,CE,Combined TRACON& Tower with Radar,5,31,24,0,60,0,0,58,0,58,5,31,82,0,118,86,0,86,204
02/13/2006,AZO,MI,AGL,CE,Combined TRACON& Tower with Radar,6,39,25,0,70,0,4,60,0,64,6,43,85,0,134,58,0,58,192
02/14/2006,AZO,MI,AGL,CE,Combined TRACON& Tower with Radar,5,35,24,0,64,0,1,59,2,62,5,36,83,2,126,54,0,54,180
02/15/2006,AZO,MI,AGL,CE,Combined TRACON& Tower with Radar,7,31,43,0,81,0,0,67,0,67,7,31,110,0,148,192,0,192,340
02/16/2006,AZO,MI,AGL,CE,Combined TRACON& Tower with Radar,6,37,11,0,54,0,0,0,0,0,6,37,11,0,54,0,0,0,54
02/17/2006,AZO,MI,AGL,CE,Combined TRACON& Tower with Radar,4,40,19,0,63,0,2,6,0,8,4,42,25,0,71,0,0,0,71
02/18/2006,AZO,MI,AGL,CE,Combined TRACON& Tower with Radar,3,36,34,0,73,0,0,39,0,39,3,36,73,0,112,62,0,62,174
02/19/2006,AZO,MI,AGL,CE,Combined TRACON& Tower with Radar,4,36,33,0,73,0,3,31,0,34,4,39,64,0,107,26,0,26,133
02/20/2006,AZO,MI,AGL,CE,Combined TRACON& Tower with Radar,4,38,34,0,76,0,3,50,0,53,4,41,84,0,129,44,0,44,173
02/21/2006,AZO,MI,AGL,CE,Combined TRACON& Tower with Radar,3,49,38,0,90,0,4,95,0,99,3,53,133,0,189,88,0,88,277
02/22/2006,AZO,MI,AGL,CE,Combined TRACON& Tower with Radar,4,48,51,0,103,0,1,134,0,135,4,49,185,0,238,162,0,162,400
02/23/2006,AZO,MI,AGL,CE,Combined TRACON& Tower with Radar,4,32,32,0,68,0,0,62,0,62,4,32,94,0,130,100,0,100,230
02/24/2006,AZO,MI,AGL,CE,Combined TRACON& Tower with Radar,4,42,38,0,84,0,2,57,0,59,4,44,95,0,143,84,0,84,227
02/25/2006,AZO,MI,AGL,CE,Combined TRACON& Tower with Radar,4,35,1,0,40,0,2,7,0,9,4,37,8,0,49,0,0,0,49
02/26/2006,AZO,MI,AGL,CE,Combined TRACON& Tower with Radar,3,38,28,0,69,0,0,85,0,85,3,38,113,0,154,60,0,60,214
02/27/2006,AZO,MI,AGL,CE,Combined TRACON& Tower with Radar,4,39,20,0,63,0,2,3,0,5,4,41,23,0,68,46,0,46,114
02/28/2006,AZO,MI,AGL,CE,Combined TRACON& Tower with Radar,4,39,39,0,82,0,4,110,0,114,4,43,149,0,196,170,0,170,366
03/01/2006,AZO,MI,AGL,CE,Combined TRACON& Tower with Radar,5,49,44,0,98,0,0,51,0,51,5,49,95,0,149,144,0,144,293
03/02/2006,AZO,MI,AGL,CE,Combined TRACON& Tower with Radar,4,39,15,0,58,0,0,3,0,3,4,39,18,0,61,0,0,0,61
03/03/2006,AZO,MI,AGL,CE,Combined TRACON& Tower with Radar,4,40,60,0,104,0,0,0,0,0,4,40,60,0,104,52,0,52,156
03/04/2006,AZO,MI,AGL,CE,Combined TRACON& Tower with Radar,4,36,34,0,74,0,4,105,0,109,4,40,139,0,183,128,0,128,311
03/05/2006,AZO,MI,AGL,CE,Combined TRACON& Tower with Radar,4,35,27,0,66,0,2,56,0,58,4,37,83,0,124,183,0,183,307
03/06/2006,AZO,MI,AGL,CE,Combined TRACON& Tower with Radar,4,37,19,0,60,0,6,10,0,16,4,43,29,0,76,4,0,4,80
03/07/2006,AZO,MI,AGL,CE,Combined TRACON& Tower with Radar,4,39,31,0,74,0,4,127,0,131,4,43,158,0,205,196,0,196,401
03/08/2006,AZO,MI,AGL,CE,Combined TRACON& Tower with Radar,4,44,55,0,103,0,0,71,0,71,4,44,126,0,174,246,0,246,420
03/09/2006,AZO,MI,AGL,CE,Combined TRACON& Tower with Radar,4,42,60,0,106,0,0,4,0,4,4,42,64,0,110,1,0,1,111
03/10/2006,AZO,MI,AGL,CE,Combined TRACON& Tower with Radar,4,39,57,0,100,0,0,19,0,19,4,39,76,0,119,24,0,24,143
03/11/2006,AZO,MI,AGL,CE,Combined TRACON& Tower with Radar,2,36,57,0,95,0,3,62,0,65,2,39,119,0,160,68,0,68,228
03/12/2006,AZO,MI,AGL,CE,Combined TRACON& Tower with Radar,4,38,43,0,85,0,4,14,0,18,4,42,57,0,103,104,0,104,207
03/13/2006,AZO,MI,AGL,CE,Combined TRACON& Tower with Radar,2,35,19,0,56,0,2,4,0,6,2,37,23,0,62,0,0,0,62
03/14/2006,AZO,MI,AGL,CE,Combined TRACON& Tower with Radar,5,37,14,0,56,0,4,3,0,7,5,41,17,0,63,6,0,6,69
03/15/2006,AZO,MI,AGL,CE,Combined TRACON& Tower with Radar,4,40,55,0,99,36,0,112,0,148,40,40,167,0,247,160,0,160,407
03/16/2006,AZO,MI,AGL,CE,Combined TRACON& Tower with Radar,4,43,30,0,77,0,0,26,0,26,4,43,56,0,103,104,0,104,207
03/17/2006,AZO,MI,AGL,CE,Combined TRACON& Tower with Radar,4,40,69,0,113,0,4,134,0,138,4,44,203,0,251,136,0,136,387
03/18/2006,AZO,MI,AGL,CE,Combined TRACON& Tower with Radar,4,36,40,0,80,0,2,130,0,132,4,38,170,0,212,104,0,104,316
03/19/2006,AZO,MI,AGL,CE,Combined TRACON& Tower with Radar,4,34,37,0,75,0,4,134,0,138,4,38,171,0,213,162,0,162,375
03/20/2006,AZO,MI,AGL,CE,Combined TRACON& Tower with Radar,3,42,36,0,81,0,7,76,0,83,3,49,112,0,164,268,0,268,432
03/21/2006,AZO,MI,AGL,CE,Combined TRACON& Tower with Radar,3,43,61,0,107,0,5,42,0,47,3,48,103,0,154,136,0,136,290
03/22/2006,AZO,MI,AGL,CE,Combined TRACON& Tower with Radar,4,43,39,0,86,0,2,46,0,48,4,45,85,0,134,90,0,90,224
03/23/2006,AZO,MI,AGL,CE,Combined TRACON& Tower with Radar,4,36,44,0,84,0,2,46,1,49,4,38,90,1,133,166,0,166,299
03/24/2006,AZO,MI,AGL,CE,Combined TRACON& Tower with Radar,4,40,55,2,101,0,0,27,0,27,4,40,82,2,128,90,0,90,218
03/25/2006,AZO,MI,AGL,CE,Combined TRACON& Tower with Radar,4,39,12,0,55,0,4,11,0,15,4,43,23,0,70,26,0,26,96
03/26/2006,AZO,MI,AGL,CE,Combined TRACON& Tower with Radar,4,39,49,0,92,0,4,138,0,142,4,43,187,0,234,276,0,276,510
03/27/2006,AZO,MI,AGL,CE,Combined TRACON& Tower with Radar,4,48,49,0,101,0,0,113,0,113,4,48,162,0,214,204,0,204,418
03/28/2006,AZO,MI,AGL,CE,Combined TRACON& Tower with Radar,4,42,66,0,112,0,0,6,0,6,4,42,72,0,118,40,0,40,158
03/29/2006,AZO,MI,AGL,CE,Combined TRACON& Tower with Radar,4,47,46,0,97,0,0,60,2,62,4,47,106,2,159,100,0,100,259
03/30/2006,AZO,MI,AGL,CE,Combined TRACON& Tower with Radar,4,46,61,0,111,0,4,93,1,98,4,50,154,1,209,72,0,72,281
03/31/2006,AZO,MI,AGL,CE,Combined TRACON& Tower with Radar,4,45,17,0,66,0,0,3,0,3,4,45,20,0,69,0,0,0,69
04/01/2006,AZO,MI,AGL,CE,Combined TRACON& Tower with Radar,4,36,38,5,83,0,0,16,0,16,4,36,54,5,99,16,0,16,115
04/02/2006,AZO,MI,AGL,CE,Combined TRACON& Tower with Radar,4,38,18,0,60,0,2,2,0,4,4,40,20,0,64,14,0,14,78
04/03/2006,AZO,MI,AGL,CE,Combined TRACON& Tower with Radar,3,33,22,0,58,0,1,1,0,2,3,34,23,0,60,14,0,14,74
04/04/2006,AZO,MI,AGL,CE,Combined TRACON& Tower with Radar,2,40,19,0,61,0,2,35,0,37,2,42,54,0,98,18,0,18,116
04/05/2006,AZO,MI,AGL,CE,Combined TRACON& Tower with Radar,2,38,68,0,108,0,2,142,0,144,2,40,210,0,252,184,0,184,436
04/06/2006,AZO,MI,AGL,CE,Combined TRACON& Tower with Radar,2,39,49,0,90,0,0,103,0,103,2,39,152,0,193,122,0,122,315
04/07/2006,AZO,MI,AGL,CE,Combined TRACON& Tower with Radar,2,34,32,0,68,0,3,2,0,5,2,37,34,0,73,0,0,0,73
04/08/2006,AZO,MI,AGL,CE,Combined TRACON& Tower with Radar,2,41,52,0,95,0,2,119,0,121,2,43,171,0,216,128,0,128,344
04/09/2006,AZO,MI,AGL,CE,Combined TRACON& Tower with Radar,2,36,50,0,88,0,7,128,0,135,2,43,178,0,223,200,0,200,423
04/10/2006,AZO,MI,AGL,CE,Combined TRACON& Tower with Radar,2,41,39,0,82,0,4,85,0,89,2,45,124,0,171,158,0,158,329
04/11/2006,AZO,MI,AGL,CE,Combined TRACON& Tower with Radar,3,39,41,0,83,0,0,69,0,69,3,39,110,0,152,202,0,202,354
04/12/2006,AZO,MI,AGL,CE,Combined TRACON& Tower with Radar,2,42,41,0,85,0,0,27,0,27,2,42,68,0,112,78,0,78,190
04/13/2006,AZO,MI,AGL,CE,Combined TRACON& Tower with Radar,2,41,43,0,86,0,0,106,0,106,2,41,149,0,192,226,0,226,418
04/14/2006,AZO,MI,AGL,CE,Combined TRACON& Tower with Radar,2,36,34,0,72,0,2,72,0,74,2,38,106,0,146,150,0,150,296
04/15/2006,AZO,MI,AGL,CE,Combined TRACON& Tower with Radar,2,35,53,0,90,0,2,163,0,165,2,37,216,0,255,126,0,126,381
04/16/2006,AZO,MI,AGL,CE,Combined TRACON& Tower with Radar,2,36,9,0,47,0,0,7,0,7,2,36,16,0,54,0,0,0,54
04/17/2006,AZO,MI,AGL,CE,Combined TRACON& Tower with Radar,3,45,66,0,114,0,4,97,0,101,3,49,163,0,215,90,0,90,305
04/18/2006,AZO,MI,AGL,CE,Combined TRACON& Tower with Radar,2,43,48,0,93,0,4,136,1,141,2,47,184,1,234,122,0,122,356
04/19/2006,AZO,MI,AGL,CE,Combined TRACON& Tower with Radar,2,42,40,6,90,0,4,113,0,117,2,46,153,6,207,96,0,96,303
04/20/2006,AZO,MI,AGL,CE,Combined TRACON& Tower with Radar,2,44,53,0,99,0,0,108,0,108,2,44,161,0,207,262,0,262,469
04/21/2006,AZO,MI,AGL,CE,Combined TRACON& Tower with Radar,2,44,60,0,106,0,1,98,0,99,2,45,158,0,205,84,0,84,289
04/22/2006,AZO,MI,AGL,CE,Combined TRACON& Tower with Radar,2,40,41,0,83,0,0,74,0,74,2,40,115,0,157,44,0,44,201
04/23/2006,AZO,MI,AGL,CE,Combined TRACON& Tower with Radar,2,41,64,0,107,0,0,0,0,0,2,41,64,0,107,22,0,22,129
04/24/2006,AZO,MI,AGL,CE,Combined TRACON& Tower with Radar,2,38,46,0,86,0,3,63,0,66,2,41,109,0,152,52,0,52,204
04/25/2006,AZO,MI,AGL,CE,Combined TRACON& Tower with Radar,2,45,36,2,85,0,6,39,0,45,2,51,75,2,130,102,0,102,232
04/26/2006,AZO,MI,AGL,CE,Combined TRACON& Tower with Radar,2,44,51,1,98,0,2,123,0,125,2,46,174,1,223,120,0,120,343
04/27/2006,AZO,MI,AGL,CE,Combined TRACON& Tower with Radar,2,46,50,0,98,0,3,105,0,108,2,49,155,0,206,116,0,116,322
04/28/2006,AZO,MI,AGL,CE,Combined TRACON& Tower with Radar,2,44,36,0,82,0,0,88,0,88,2,44,124,0,170,48,0,48,218
04/29/2006,AZO,MI,AGL,CE,Combined TRACON& Tower with Radar,2,39,25,0,66,0,0,89,0,89,2,39,114,0,155,34,0,34,189
04/30/2006,AZO,MI,AGL,CE,Combined TRACON& Tower with Radar,2,35,19,0,56,0,2,13,0,15,2,37,32,0,71,10,0,10,81
05/01/2006,AZO,MI,AGL,CE,Combined TRACON& Tower with Radar,2,47,50,0,99,0,0,32,0,32,2,47,82,0,131,62,0,62,193
05/02/2006,AZO,MI,AGL,CE,Combined TRACON& Tower with Radar,5,32,36,0,73,0,0,0,0,0,5,32,36,0,73,4,0,4,77
05/03/2006,AZO,MI,AGL,CE,Combined TRACON& Tower with Radar,8,41,37,0,86,0,2,91,0,93,8,43,128,0,179,116,0,116,295
05/04/2006,AZO,MI,AGL,CE,Combined TRACON& Tower with Radar,6,38,76,0,120,0,2,78,0,80,6,40,154,0,200,84,0,84,284
05/05/2006,AZO,MI,AGL,CE,Combined TRACON& Tower with Radar,5,35,48,0,88,1,5,50,0,56,6,40,98,0,144,24,0,24,168
05/06/2006,AZO,MI,AGL,CE,Combined TRACON& Tower with Radar,5,33,9,0,47,0,0,88,0,88,5,33,97,0,135,224,0,224,359
05/07/2006,AZO,MI,AGL,CE,Combined TRACON& Tower with Radar,5,40,12,0,57,0,6,54,0,60,5,46,66,0,117,4,0,4,121
05/08/2006,AZO,MI,AGL,CE,Combined TRACON& Tower with Radar,6,37,21,0,64,0,0,82,0,82,6,37,103,0,146,74,0,74,220
05/09/2006,AZO,MI,AGL,CE,Combined TRACON& Tower with Radar,6,37,42,0,85,0,4,60,0,64,6,41,102,0,149,80,0,80,229
05/10/2006,AZO,MI,AGL,CE,Combined TRACON& Tower with Radar,6,51,32,0,89,0,2,12,0,14,6,53,44,0,103,0,0,0,103
05/11/2006,AZO,MI,AGL,CE,Combined TRACON& Tower with Radar,6,38,30,0,74,0,0,6,0,6,6,38,36,0,80,0,0,0,80
05/12/2006,AZO,MI,AGL,CE,Combined TRACON& Tower with Radar,6,38,19,0,63,0,2,0,0,2,6,40,19,0,65,0,0,0,65
05/13/2006,AZO,MI,AGL,CE,Combined TRACON& Tower with Radar,5,28,30,0,63,0,0,0,0,0,5,28,30,0,63,0,0,0,63
05/14/2006,AZO,MI,AGL,CE,Combined TRACON& Tower with Radar,5,34,21,0,60,0,2,2,0,4,5,36,23,0,64,0,0,0,64
05/15/2006,AZO,MI,AGL,CE,Combined TRACON& Tower with Radar,6,38,59,0,103,0,3,4,0,7,6,41,63,0,110,2,0,2,112
05/16/2006,AZO,MI,AGL,CE,Combined TRACON& Tower with Radar,6,39,46,0,91,0,4,15,0,19,6,43,61,0,110,38,0,38,148
05/17/2006,AZO,MI,AGL,CE,Combined TRACON& Tower with Radar,6,38,33,0,77,0,0,37,0,37,6,38,70,0,114,0,0,0,114
05/18/2006,AZO,MI,AGL,CE,Combined TRACON& Tower with Radar,6,36,57,0,99,0,0,60,0,60,6,36,117,0,159,46,0,46,205
05/19/2006,AZO,MI,AGL,CE,Combined TRACON& Tower with Radar,6,37,73,0,116,0,3,35,0,38,6,40,108,0,154,28,0,28,182
05/20/2006,AZO,MI,AGL,CE,Combined TRACON& Tower with Radar,8,29,39,0,76,0,6,85,2,93,8,35,124,2,169,10,0,10,179
05/21/2006,AZO,MI,AGL,CE,Combined TRACON& Tower with Radar,5,35,35,0,75,0,0,0,0,0,5,35,35,0,75,4,0,4,79
05/22/2006,AZO,MI,AGL,CE,Combined TRACON& Tower with Radar,6,35,35,0,76,0,3,70,0,73,6,38,105,0,149,60,0,60,209
05/23/2006,AZO,MI,AGL,CE,Combined TRACON& Tower with Radar,6,37,46,2,91,0,2,75,0,77,6,39,121,2,168,52,0,52,220
05/24/2006,AZO,MI,AGL,CE,Combined TRACON& Tower with Radar,6,37,47,0,90,0,0,51,0,51,6,37,98,0,141,60,0,60,201
05/25/2006,AZO,MI,AGL,CE,Combined TRACON& Tower with Radar,5,30,35,1,71,0,0,8,0,8,5,30,43,1,79,0,0,0,79
05/26/2006,AZO,MI,AGL,CE,Combined TRACON& Tower with Radar,7,38,87,0,132,0,0,40,0,40,7,38,127,0,172,28,0,28,200
05/27/2006,AZO,MI,AGL,CE,Combined TRACON& Tower with Radar,5,34,35,0,74,0,3,62,0,65,5,37,97,0,139,32,0,32,171
05/28/2006,AZO,MI,AGL,CE,Combined TRACON& Tower with Radar,5,30,11,0,46,0,4,48,1,53,5,34,59,1,99,6,0,6,105
05/29/2006,AZO,MI,AGL,CE,Combined TRACON& Tower with Radar,6,33,13,0,52,0,2,52,0,54,6,35,65,0,106,36,0,36,142
05/30/2006,AZO,MI,AGL,CE,Combined TRACON& Tower with Radar,7,37,17,2,63,0,4,34,2,40,7,41,51,4,103,14,0,14,117
05/31/2006,AZO,MI,AGL,CE,Combined TRACON& Tower with Radar,6,36,54,0,96,0,10,32,0,42,6,46,86,0,138,66,0,66,204
06/01/2006,AZO,MI,AGL,CE,Combined TRACON& Tower with Radar,6,35,43,0,84,0,0,72,0,72,6,35,115,0,156,24,0,24,180
06/02/2006,AZO,MI,AGL,CE,Combined TRACON& Tower with Radar,6,35,33,0,74,0,0,42,0,42,6,35,75,0,116,24,0,24,140
06/03/2006,AZO,MI,AGL,CE,Combined TRACON& Tower with Radar,5,33,32,0,70,0,2,62,0,64,5,35,94,0,134,12,0,12,146
06/04/2006,AZO,MI,AGL,CE,Combined TRACON& Tower with Radar,5,41,31,0,77,0,2,74,0,76,5,43,105,0,153,16,0,16,169
06/05/2006,AZO,MI,AGL,CE,Combined TRACON& Tower with Radar,8,38,37,0,83,0,2,69,0,71,8,40,106,0,154,34,0,34,188
06/06/2006,AZO,MI,AGL,CE,Combined TRACON& Tower with Radar,5,43,49,0,97,0,2,42,0,44,5,45,91,0,141,86,0,86,227
06/07/2006,AZO,MI,AGL,CE,Combined TRACON& Tower with Radar,6,42,42,0,90,0,0,28,0,28,6,42,70,0,118,22,0,22,140
06/08/2006,AZO,MI,AGL,CE,Combined TRACON& Tower with Radar,3,38,73,0,114,0,0,72,0,72,3,38,145,0,186,18,0,18,204
06/09/2006,AZO,MI,AGL,CE,Combined TRACON& Tower with Radar,2,40,62,0,104,0,2,65,2,69,2,42,127,2,173,44,0,44,217
06/10/2006,AZO,MI,AGL,CE,Combined TRACON& Tower with Radar,2,41,30,0,73,0,3,54,0,57,2,44,84,0,130,42,0,42,172
06/11/2006,AZO,MI,AGL,CE,Combined TRACON& Tower with Radar,0,39,27,0,66,0,0,71,0,71,0,39,98,0,137,26,0,26,163
06/12/2006,AZO,MI,AGL,CE,Combined TRACON& Tower with Radar,2,37,51,0,90,0,5,64,0,69,2,42,115,0,159,138,0,138,297
06/13/2006,AZO,MI,AGL,CE,Combined TRACON& Tower with Radar,2,41,38,0,81,0,2,81,0,83,2,43,119,0,164,82,0,82,246
06/14/2006,AZO,MI,AGL,CE,Combined TRACON& Tower with Radar,2,47,40,0,89,0,3,56,0,59,2,50,96,0,148,63,0,63,211
06/15/2006,AZO,MI,AGL,CE,Combined TRACON& Tower with Radar,2,43,41,0,86,0,0,82,0,82,2,43,123,0,168,148,0,148,316
06/16/2006,AZO,MI,AGL,CE,Combined TRACON& Tower with Radar,2,38,37,0,77,0,0,78,0,78,2,38,115,0,155,92,0,92,247
06/17/2006,AZO,MI,AGL,CE,Combined TRACON& Tower with Radar,2,38,13,0,53,0,9,71,0,80,2,47,84,0,133,22,0,22,155
06/18/2006,AZO,MI,AGL,CE,Combined TRACON& Tower with Radar,0,40,21,0,61,0,6,12,0,18,0,46,33,0,79,0,0,0,79
06/19/2006,AZO,MI,AGL,CE,Combined TRACON& Tower with Radar,2,39,26,0,67,0,4,44,0,48,2,43,70,0,115,48,0,48,163
06/20/2006,AZO,MI,AGL,CE,Combined TRACON& Tower with Radar,2,39,56,0,97,0,4,105,0,109,2,43,161,0,206,128,0,128,334
06/21/2006,AZO,MI,AGL,CE,Combined TRACON& Tower with Radar,2,35,36,0,73,0,0,21,0,21,2,35,57,0,94,56,0,56,150
06/22/2006,AZO,MI,AGL,CE,Combined TRACON& Tower with Radar,1,36,44,1,82,0,1,41,0,42,1,37,85,1,124,59,0,59,183
06/23/2006,AZO,MI,AGL,CE,Combined TRACON& Tower with Radar,0,31,78,0,109,0,14,49,2,65,0,45,127,2,174,30,0,30,204
06/24/2006,AZO,MI,AGL,CE,Combined TRACON& Tower with Radar,2,37,37,0,76,0,3,89,0,92,2,40,126,0,168,48,0,48,216
06/25/2006,AZO,MI,AGL,CE,Combined TRACON& Tower with Radar,0,44,65,0,109,0,0,0,0,0,0,44,65,0,109,30,0,30,139
06/26/2006,AZO,MI,AGL,CE,Combined TRACON& Tower with Radar,2,45,37,0,84,0,15,48,0,63,2,60,85,0,147,50,0,50,197
06/27/2006,AZO,MI,AGL,CE,Combined TRACON& Tower with Radar,2,40,46,0,88,0,3,54,1,58,2,43,100,1,146,118,0,118,264
06/28/2006,AZO,MI,AGL,CE,Combined TRACON& Tower with Radar,2,45,38,0,85,0,9,35,0,44,2,54,73,0,129,72,0,72,201
06/29/2006,AZO,MI,AGL,CE,Combined TRACON& Tower with Radar,2,40,51,0,93,0,1,88,0,89,2,41,139,0,182,80,0,80,262
06/30/2006,AZO,MI,AGL,CE,Combined TRACON& Tower with Radar,3,43,54,0,100,0,1,105,0,106,3,44,159,0,206,42,0,42,248
07/01/2006,AZO,MI,AGL,CE,Combined TRACON& Tower with Radar,1,45,15,0,61,0,0,45,0,45,1,45,60,0,106,48,0,48,154
07/02/2006,AZO,MI,AGL,CE,Combined TRACON& Tower with Radar,1,32,12,0,45,0,3,14,0,17,1,35,26,0,62,0,0,0,62
07/03/2006,AZO,MI,AGL,CE,Combined TRACON& Tower with Radar,2,32,19,0,53,0,0,17,0,17,2,32,36,0,70,0,0,0,70
07/04/2006,AZO,MI,AGL,CE,Combined TRACON& Tower with Radar,2,31,14,0,47,0,3,16,0,19,2,34,30,0,66,4,0,4,70
07/05/2006,AZO,MI,AGL,CE,Combined TRACON& Tower with Radar,3,42,50,1,96,0,4,83,1,88,3,46,133,2,184,58,0,58,242
07/06/2006,AZO,MI,AGL,CE,Combined TRACON& Tower with Radar,2,42,63,0,107,0,4,77,0,81,2,46,140,0,188,58,0,58,246
07/07/2006,AZO,MI,AGL,CE,Combined TRACON& Tower with Radar,3,37,31,0,71,0,2,83,0,85,3,39,114,0,156,94,0,94,250
07/08/2006,AZO,MI,AGL,CE,Combined TRACON& Tower with Radar,1,44,31,0,76,0,1,83,0,84,1,45,114,0,160,42,0,42,202
07/09/2006,AZO,MI,AGL,CE,Combined TRACON& Tower with Radar,0,42,35,0,77,0,3,35,0,38,0,45,70,0,115,30,0,30,145
07/10/2006,AZO,MI,AGL,CE,Combined TRACON& Tower with Radar,7,50,76,0,133,0,2,61,0,63,7,52,137,0,196,78,0,78,274
07/11/2006,AZO,MI,AGL,CE,Combined TRACON& Tower with Radar,3,36,38,0,77,0,0,12,0,12,3,36,50,0,89,98,0,98,187
07/12/2006,AZO,MI,AGL,CE,Combined TRACON& Tower with Radar,2,43,49,0,94,0,2,74,0,76,2,45,123,0,170,50,0,50,220
07/13/2006,AZO,MI,AGL,CE,Combined TRACON& Tower with Radar,2,40,45,0,87,0,2,84,0,86,2,42,129,0,173,86,0,86,259
07/14/2006,AZO,MI,AGL,CE,Combined TRACON& Tower with Radar,2,38,34,0,74,0,1,34,0,35,2,39,68,0,109,42,0,42,151
07/15/2006,AZO,MI,AGL,CE,Combined TRACON& Tower with Radar,1,39,22,0,62,0,7,57,0,64,1,46,79,0,126,178,0,178,304
07/16/2006,AZO,MI,AGL,CE,Combined TRACON& Tower with Radar,1,43,16,0,60,0,5,56,0,61,1,48,72,0,121,160,0,160,281
07/17/2006,AZO,MI,AGL,CE,Combined TRACON& Tower with Radar,2,45,27,0,74,0,9,44,0,53,2,54,71,0,127,44,0,44,171
07/18/2006,AZO,MI,AGL,CE,Combined TRACON& Tower with Radar,1,44,50,0,95,0,1,54,0,55,1,45,104,0,150,128,0,128,278
07/19/2006,AZO,MI,AGL,CE,Combined TRACON& Tower with Radar,2,40,35,1,78,1,29,93,0,123,3,69,128,1,201,120,0,120,321
07/20/2006,AZO,MI,AGL,CE,Combined TRACON& Tower with Radar,2,34,44,0,80,0,7,32,3,42,2,41,76,3,122,22,0,22,144
07/21/2006,AZO,MI,AGL,CE,Combined TRACON& Tower with Radar,2,39,57,2,100,0,2,74,6,82,2,41,131,8,182,62,0,62,244
07/22/2006,AZO,MI,AGL,CE,Combined TRACON& Tower with Radar,1,42,52,0,95,0,2,64,0,66,1,44,116,0,161,80,0,80,241
07/23/2006,AZO,MI,AGL,CE,Combined TRACON& Tower with Radar,1,34,45,0,80,0,6,78,0,84,1,40,123,0,164,4,0,4,168
07/24/2006,AZO,MI,AGL,CE,Combined TRACON& Tower with Radar,0,39,35,0,74,2,0,40,0,42,2,39,75,0,116,60,0,60,176
07/25/2006,AZO,MI,AGL,CE,Combined TRACON& Tower with Radar,2,31,37,0,70,0,70,0,0,70,2,101,37,0,140,40,0,40,180
07/26/2006,AZO,MI,AGL,CE,Combined TRACON& Tower with Radar,2,37,27,0,66,0,0,30,0,30,2,37,57,0,96,42,0,42,138
07/27/2006,AZO,MI,AGL,CE,Combined TRACON& Tower with Radar,2,40,46,0,88,0,0,11,1,12,2,40,57,1,100,0,0,0,100
07/28/2006,AZO,MI,AGL,CE,Combined TRACON& Tower with Radar,2,48,40,0,90,0,3,53,0,56,2,51,93,0,146,22,0,22,168
07/29/2006,AZO,MI,AGL,CE,Combined TRACON& Tower with Radar,1,39,42,0,82,0,5,46,0,51,1,44,88,0,133,60,0,60,193
07/30/2006,AZO,MI,AGL,CE,Combined TRACON& Tower with Radar,0,33,15,0,48,0,0,37,0,37,0,33,52,0,85,78,0,78,163
07/31/2006,AZO,MI,AGL,CE,Combined TRACON& Tower with Radar,2,38,28,0,68,0,5,50,0,55,2,43,78,0,123,22,0,22,145
08/01/2006,AZO,MI,AGL,CE,Combined TRACON& Tower with Radar,2,39,23,0,64,0,3,35,0,38,2,42,58,0,102,54,0,54,156
08/02/2006,AZO,MI,AGL,CE,Combined TRACON& Tower with Radar,2,40,25,0,67,0,2,41,0,43,2,42,66,0,110,112,0,112,222
08/03/2006,AZO,MI,AGL,CE,Combined TRACON& Tower with Radar,2,41,43,0,86,0,2,11,0,13,2,43,54,0,99,32,0,32,131
08/04/2006,AZO,MI,AGL,CE,Combined TRACON& Tower with Radar,2,43,37,0,82,0,16,84,0,100,2,59,121,0,182,96,0,96,278
08/05/2006,AZO,MI,AGL,CE,Combined TRACON& Tower with Radar,1,46,31,1,79,0,2,111,1,114,1,48,142,2,193,42,0,42,235
08/06/2006,AZO,MI,AGL,CE,Combined TRACON& Tower with Radar,1,40,17,0,58,0,2,40,0,42,1,42,57,0,100,14,0,14,114
08/07/2006,AZO,MI,AGL,CE,Combined TRACON& Tower with Radar,2,43,37,0,82,0,5,47,0,52,2,48,84,0,134,156,0,156,290
08/08/2006,AZO,MI,AGL,CE,Combined TRACON& Tower with Radar,2,41,52,0,95,0,8,73,1,82,2,49,125,1,177,110,0,110,287
08/09/2006,AZO,MI,AGL,CE,Combined TRACON& Tower with Radar,2,37,39,0,78,0,4,81,0,85,2,41,120,0,163,140,0,140,303
08/10/2006,AZO,MI,AGL,CE,Combined TRACON& Tower with Radar,2,37,48,0,87,0,3,38,0,41,2,40,86,0,128,72,0,72,200
08/11/2006,AZO,MI,AGL,CE,Combined TRACON& Tower with Radar,0,43,30,0,73,0,0,47,0,47,0,43,77,0,120,14,0,14,134
08/12/2006,AZO,MI,AGL,CE,Combined TRACON& Tower with Radar,1,39,16,0,56,0,9,91,0,100,1,48,107,0,156,16,0,16,172
08/13/2006,AZO,MI,AGL,CE,Combined TRACON& Tower with Radar,1,39,25,0,65,0,0,94,0,94,1,39,119,0,159,52,0,52,211
08/14/2006,AZO,MI,AGL,CE,Combined TRACON& Tower with Radar,2,38,27,0,67,0,3,34,0,37,2,41,61,0,104,12,0,12,116
08/15/2006,AZO,MI,AGL,CE,Combined TRACON& Tower with Radar,3,47,46,0,96,0,11,79,0,90,3,58,125,0,186,84,0,84,270
08/16/2006,AZO,MI,AGL,CE,Combined TRACON& Tower with Radar,2,42,66,0,110,0,2,104,0,106,2,44,170,0,216,96,0,96,312
08/17/2006,AZO,MI,AGL,CE,Combined TRACON& Tower with Radar,2,42,52,0,96,0,3,60,0,63,2,45,112,0,159,116,0,116,275
08/18/2006,AZO,MI,AGL,CE,Combined TRACON& Tower with Radar,2,45,33,0,80,0,1,56,0,57,2,46,89,0,137,0,54,54,191
08/19/2006,AZO,MI,AGL,CE,Combined TRACON& Tower with Radar,1,44,32,0,77,0,3,6,0,9,1,47,38,0,86,18,0,18,104
08/20/2006,AZO,MI,AGL,CE,Combined TRACON& Tower with Radar,1,35,41,0,77,0,3,74,0,77,1,38,115,0,154,74,0,74,228
08/21/2006,AZO,MI,AGL,CE,Combined TRACON& Tower with Radar,2,42,33,0,77,0,2,73,0,75,2,44,106,0,152,128,0,128,280
08/22/2006,AZO,MI,AGL,CE,Combined TRACON& Tower with Radar,6,37,35,0,78,0,0,48,0,48,6,37,83,0,126,68,0,68,194
08/23/2006,AZO,MI,AGL,CE,Combined TRACON& Tower with Radar,6,36,40,0,82,0,4,98,0,102,6,40,138,0,184,128,0,128,312
08/24/2006,AZO,MI,AGL,CE,Combined TRACON& Tower with Radar,4,26,43,0,73,0,1,27,0,28,4,27,70,0,101,130,0,130,231
08/25/2006,AZO,MI,AGL,CE,Combined TRACON& Tower with Radar,6,35,27,1,69,0,0,30,0,30,6,35,57,1,99,88,0,88,187
08/26/2006,AZO,MI,AGL,CE,Combined TRACON& Tower with Radar,6,34,27,0,67,0,0,31,0,31,6,34,58,0,98,0,0,0,98
08/27/2006,AZO,MI,AGL,CE,Combined TRACON& Tower with Radar,4,36,36,0,76,0,1,7,0,8,4,37,43,0,84,0,0,0,84
08/28/2006,AZO,MI,AGL,CE,Combined TRACON& Tower with Radar,6,33,31,0,70,0,0,3,0,3,6,33,34,0,73,18,0,18,91
08/29/2006,AZO,MI,AGL,CE,Combined TRACON& Tower with Radar,6,30,62,0,98,0,2,28,0,30,6,32,90,0,128,88,0,88,216
08/30/2006,AZO,MI,AGL,CE,Combined TRACON& Tower with Radar,4,33,48,0,85,0,3,47,0,50,4,36,95,0,135,78,0,78,213
08/31/2006,AZO,MI,AGL,CE,Combined TRACON& Tower with Radar,4,39,59,0,102,0,3,75,0,78,4,42,134,0,180,66,0,66,246
09/01/2006,AZO,MI,AGL,CE,Combined TRACON& Tower with Radar,6,31,20,0,57,0,2,52,0,54,6,33,72,0,111,62,0,62,173
09/02/2006,AZO,MI,AGL,CE,Combined TRACON& Tower with Radar,6,30,14,0,50,0,2,77,0,79,6,32,91,0,129,56,0,56,185
09/03/2006,AZO,MI,AGL,CE,Combined TRACON& Tower with Radar,3,26,23,0,52,0,0,54,0,54,3,26,77,0,106,8,0,8,114
09/04/2006,AZO,MI,AGL,CE,Combined TRACON& Tower with Radar,6,30,20,0,56,0,2,45,0,47,6,32,65,0,103,24,0,24,127
09/05/2006,AZO,MI,AGL,CE,Combined TRACON& Tower with Radar,6,30,31,0,67,0,0,28,0,28,6,30,59,0,95,38,0,38,133
09/06/2006,AZO,MI,AGL,CE,Combined TRACON& Tower with Radar,7,37,40,0,84,0,2,49,2,53,7,39,89,2,137,144,0,144,281
09/07/2006,AZO,MI,AGL,CE,Combined TRACON& Tower with Radar,6,35,44,0,85,0,6,100,0,106,6,41,144,0,191,118,0,118,309
09/08/2006,AZO,MI,AGL,CE,Combined TRACON& Tower with Radar,6,35,33,0,74,0,4,76,0,80,6,39,109,0,154,160,0,160,314
09/09/2006,AZO,MI,AGL,CE,Combined TRACON& Tower with Radar,6,33,49,0,88,0,0,14,0,14,6,33,63,0,102,22,0,22,124
09/10/2006,AZO,MI,AGL,CE,Combined TRACON& Tower with Radar,4,28,28,0,60,0,3,17,0,20,4,31,45,0,80,10,0,10,90
09/11/2006,AZO,MI,AGL,CE,Combined TRACON& Tower with Radar,9,28,39,0,76,0,1,10,0,11,9,29,49,0,87,68,0,68,155
09/12/2006,AZO,MI,AGL,CE,Combined TRACON& Tower with Radar,4,31,28,0,63,0,0,0,0,0,4,31,28,0,63,0,0,0,63
09/13/2006,AZO,MI,AGL,CE,Combined TRACON& Tower with Radar,5,32,48,0,85,0,0,3,0,3,5,32,51,0,88,58,0,58,146
09/14/2006,AZO,MI,AGL,CE,Combined TRACON& Tower with Radar,6,37,44,0,87,0,2,31,0,33,6,39,75,0,120,56,0,56,176
09/15/2006,AZO,MI,AGL,CE,Combined TRACON& Tower with Radar,6,31,33,0,70,0,1,86,0,87,6,32,119,0,157,84,0,84,241
09/16/2006,AZO,MI,AGL,CE,Combined TRACON& Tower with Radar,7,27,36,0,70,0,2,55,0,57,7,29,91,0,127,56,0,56,183
09/17/2006,AZO,MI,AGL,CE,Combined TRACON& Tower with Radar,4,22,26,0,52,0,2,65,0,67,4,24,91,0,119,64,0,64,183
09/18/2006,AZO,MI,AGL,CE,Combined TRACON& Tower with Radar,6,37,44,0,87,0,3,41,0,44,6,40,85,0,131,22,0,22,153
09/19/2006,AZO,MI,AGL,CE,Combined TRACON& Tower with Radar,6,37,35,0,78,0,0,11,0,11,6,37,46,0,89,0,0,0,89
09/20/2006,AZO,MI,AGL,CE,Combined TRACON& Tower with Radar,6,43,33,0,82,0,6,49,0,55,6,49,82,0,137,48,0,48,185
09/21/2006,AZO,MI,AGL,CE,Combined TRACON& Tower with Radar,6,39,37,0,82,0,0,65,0,65,6,39,102,0,147,106,0,106,253
09/22/2006,AZO,MI,AGL,CE,Combined TRACON& Tower with Radar,6,31,33,0,70,0,0,2,0,2,6,31,35,0,72,22,0,22,94
09/23/2006,AZO,MI,AGL,CE,Combined TRACON& Tower with Radar,4,40,15,0,59,0,0,2,0,2,4,40,17,0,61,0,0,0,61
09/24/2006,AZO,MI,AGL,CE,Combined TRACON& Tower with Radar,4,36,18,0,58,0,3,20,0,23,4,39,38,0,81,0,0,0,81
09/25/2006,AZO,MI,AGL,CE,Combined TRACON& Tower with Radar,6,34,25,0,65,0,2,40,0,42,6,36,65,0,107,46,0,46,153
09/26/2006,AZO,MI,AGL,CE,Combined TRACON& Tower with Radar,6,36,35,0,77,0,0,104,3,107,6,36,139,3,184,144,0,144,328
09/27/2006,AZO,MI,AGL,CE,Combined TRACON& Tower with Radar,5,36,43,0,84,0,2,33,0,35,5,38,76,0,119,36,0,36,155
09/28/2006,AZO,MI,AGL,CE,Combined TRACON& Tower with Radar,6,38,40,0,84,0,0,42,0,42,6,38,82,0,126,78,0,78,204
09/29/2006,AZO,MI,AGL,CE,Combined TRACON& Tower with Radar,6,37,30,0,73,0,1,64,0,65,6,38,94,0,138,40,0,40,178
09/30/2006,AZO,MI,AGL,CE,Combined TRACON& Tower with Radar,5,35,20,0,60,0,0,18,0,18,5,35,38,0,78,38,0,38,116
10/01/2006,AZO,MI,AGL,CE,Combined TRACON& Tower with Radar,3,28,38,0,69,0,4,95,0,99,3,32,133,0,168,80,0,80,248
10/02/2006,AZO,MI,AGL,CE,Combined TRACON& Tower with Radar,6,27,20,0,53,0,2,14,0,16,6,29,34,0,69,6,0,6,75
10/03/2006,AZO,MI,AGL,CE,Combined TRACON& Tower with Radar,4,35,35,0,74,0,5,66,0,71,4,40,101,0,145,76,0,76,221
10/04/2006,AZO,MI,AGL,CE,Combined TRACON& Tower with Radar,4,33,34,0,71,0,1,2,0,3,4,34,36,0,74,0,0,0,74
10/05/2006,AZO,MI,AGL,CE,Combined TRACON& Tower with Radar,6,39,47,0,92,0,0,80,0,80,6,39,127,0,172,170,0,170,342
10/06/2006,AZO,MI,AGL,CE,Combined TRACON& Tower with Radar,6,36,44,0,86,0,0,81,0,81,6,36,125,0,167,0,0,0,167
10/07/2006,AZO,MI,AGL,CE,Combined TRACON& Tower with Radar,6,32,21,0,59,0,0,115,1,116,6,32,136,1,175,138,0,138,313
10/08/2006,AZO,MI,AGL,CE,Combined TRACON& Tower with Radar,3,30,18,0,51,0,3,90,0,93,3,33,108,0,144,48,0,48,192
10/09/2006,AZO,MI,AGL,CE,Combined TRACON& Tower with Radar,5,33,26,0,64,0,9,85,0,94,5,42,111,0,158,132,0,132,290
10/10/2006,AZO,MI,AGL,CE,Combined TRACON& Tower with Radar,6,37,34,0,77,0,7,56,0,63,6,44,90,0,140,86,0,86,226
10/11/2006,AZO,MI,AGL,CE,Combined TRACON& Tower with Radar,4,36,30,0,70,0,0,3,0,3,4,36,33,0,73,112,0,112,185
10/12/2006,AZO,MI,AGL,CE,Combined TRACON& Tower with Radar,8,34,20,0,62,0,0,1,0,1,8,34,21,0,63,0,0,0,63
10/13/2006,AZO,MI,AGL,CE,Combined TRACON& Tower with Radar,6,35,15,0,56,0,0,21,0,21,6,35,36,0,77,36,0,36,113
10/14/2006,AZO,MI,AGL,CE,Combined TRACON& Tower with Radar,6,25,19,0,50,0,2,31,0,33,6,27,50,0,83,6,0,6,89
10/15/2006,AZO,MI,AGL,CE,Combined TRACON& Tower with Radar,3,37,28,0,68,0,2,97,0,99,3,39,125,0,167,92,0,92,259
10/16/2006,AZO,MI,AGL,CE,Combined TRACON& Tower with Radar,6,32,34,0,72,0,2,30,0,32,6,34,64,0,104,34,0,34,138
10/17/2006,AZO,MI,AGL,CE,Combined TRACON& Tower with Radar,7,35,26,0,68,0,0,2,0,2,7,35,28,0,70,0,0,0,70
10/18/2006,AZO,MI,AGL,CE,Combined TRACON& Tower with Radar,6,37,36,0,79,0,1,35,0,36,6,38,71,0,115,146,0,146,261
10/19/2006,AZO,MI,AGL,CE,Combined TRACON& Tower with Radar,4,33,51,0,88,0,1,6,0,7,4,34,57,0,95,8,0,8,103
10/20/2006,AZO,MI,AGL,CE,Combined TRACON& Tower with Radar,6,34,39,0,79,0,2,72,17,91,6,36,111,17,170,150,0,150,320
10/21/2006,AZO,MI,AGL,CE,Combined TRACON& Tower with Radar,5,31,31,0,67,0,2,40,0,42,5,33,71,0,109,76,0,76,185
10/22/2006,AZO,MI,AGL,CE,Combined TRACON& Tower with Radar,3,37,18,0,58,0,0,1,0,1,3,37,19,0,59,76,0,76,135
10/23/2006,AZO,MI,AGL,CE,Combined TRACON& Tower with Radar,6,37,28,0,71,0,0,18,0,18,6,37,46,0,89,48,0,48,137
10/24/2006,AZO,MI,AGL,CE,Combined TRACON& Tower with Radar,7,38,42,0,87,0,0,50,0,50,7,38,92,0,137,110,0,110,247
10/25/2006,AZO,MI,AGL,CE,Combined TRACON& Tower with Radar,6,44,32,0,82,0,0,103,0,103,6,44,135,0,185,132,0,132,317
10/26/2006,AZO,MI,AGL,CE,Combined TRACON& Tower with Radar,3,37,35,0,75,0,1,42,0,43,3,38,77,0,118,72,0,72,190
10/27/2006,AZO,MI,AGL,CE,Combined TRACON& Tower with Radar,4,36,25,0,65,0,0,0,0,0,4,36,25,0,65,0,0,0,65
10/28/2006,AZO,MI,AGL,CE,Combined TRACON& Tower with Radar,8,27,5,0,40,0,2,4,0,6,8,29,9,0,46,0,0,0,46
10/29/2006,AZO,MI,AGL,CE,Combined TRACON& Tower with Radar,3,35,15,0,53,0,6,40,0,46,3,41,55,0,99,28,0,28,127
10/30/2006,AZO,MI,AGL,CE,Combined TRACON& Tower with Radar,6,32,32,0,70,0,3,64,0,67,6,35,96,0,137,90,0,90,227
10/31/2006,AZO,MI,AGL,CE,Combined TRACON& Tower with Radar,4,35,32,0,71,0,2,50,0,52,4,37,82,0,123,66,0,66,189
11/01/2006,AZO,MI,AGL,CE,Combined TRACON& Tower with Radar,5,40,41,0,86,0,0,84,0,84,5,40,125,0,170,50,0,50,220
11/02/2006,AZO,MI,AGL,CE,Combined TRACON& Tower with Radar,6,37,43,0,86,0,0,10,0,10,6,37,53,0,96,0,0,0,96
11/03/2006,AZO,MI,AGL,CE,Combined TRACON& Tower with Radar,6,38,36,0,80,0,2,47,0,49,6,40,83,0,129,64,0,64,193
11/04/2006,AZO,MI,AGL,CE,Combined TRACON& Tower with Radar,3,34,23,0,60,0,2,56,0,58,3,36,79,0,118,54,0,54,172
11/05/2006,AZO,MI,AGL,CE,Combined TRACON& Tower with Radar,4,34,31,0,69,0,5,125,0,130,4,39,156,0,199,120,0,120,319
11/06/2006,AZO,MI,AGL,CE,Combined TRACON& Tower with Radar,6,37,35,0,78,0,5,42,0,47,6,42,77,0,125,134,0,134,259
11/07/2006,AZO,MI,AGL,CE,Combined TRACON& Tower with Radar,7,35,25,0,67,0,0,0,0,0,7,35,25,0,67,0,0,0,67
11/08/2006,AZO,MI,AGL,CE,Combined TRACON& Tower with Radar,8,41,61,0,110,0,0,14,0,14,8,41,75,0,124,40,0,40,164
11/09/2006,AZO,MI,AGL,CE,Combined TRACON& Tower with Radar,7,32,25,0,64,0,5,82,0,87,7,37,107,0,151,124,0,124,275
11/10/2006,AZO,MI,AGL,CE,Combined TRACON& Tower with Radar,5,35,24,0,64,0,0,39,0,39,5,35,63,0,103,56,0,56,159
11/11/2006,AZO,MI,AGL,CE,Combined TRACON& Tower with Radar,1,33,9,0,43,0,4,5,0,9,1,37,14,0,52,20,0,20,72
11/12/2006,AZO,MI,AGL,CE,Combined TRACON& Tower with Radar,4,25,30,0,59,0,1,80,0,81,4,26,110,0,140,34,0,34,174
11/13/2006,AZO,MI,AGL,CE,Combined TRACON& Tower with Radar,10,36,38,0,84,0,6,1,0,7,10,42,39,0,91,0,0,0,91
11/14/2006,AZO,MI,AGL,CE,Combined TRACON& Tower with Radar,5,32,33,0,70,0,3,1,0,4,5,35,34,0,74,0,0,0,74
11/15/2006,AZO,MI,AGL,CE,Combined TRACON& Tower with Radar,7,41,21,0,69,0,8,16,2,26,7,49,37,2,95,66,0,66,161
11/16/2006,AZO,MI,AGL,CE,Combined TRACON& Tower with Radar,5,37,16,0,58,0,0,0,0,0,5,37,16,0,58,0,0,0,58
11/17/2006,AZO,MI,AGL,CE,Combined TRACON& Tower with Radar,6,40,30,0,76,0,1,40,0,41,6,41,70,0,117,82,0,82,199
11/18/2006,AZO,MI,AGL,CE,Combined TRACON& Tower with Radar,1,33,17,0,51,0,4,40,0,44,1,37,57,0,95,52,0,52,147
11/19/2006,AZO,MI,AGL,CE,Combined TRACON& Tower with Radar,4,35,30,0,69,0,2,44,0,46,4,37,74,0,115,104,0,104,219
11/20/2006,AZO,MI,AGL,CE,Combined TRACON& Tower with Radar,6,34,40,0,80,0,2,70,0,72,6,36,110,0,152,136,0,136,288
11/21/2006,AZO,MI,AGL,CE,Combined TRACON& Tower with Radar,6,40,37,0,83,0,4,50,0,54,6,44,87,0,137,88,0,88,225
11/22/2006,AZO,MI,AGL,CE,Combined TRACON& Tower with Radar,6,39,30,0,75,0,8,101,0,109,6,47,131,0,184,178,0,178,362
11/23/2006,AZO,MI,AGL,CE,Combined TRACON& Tower with Radar,3,31,10,0,44,0,0,28,0,28,3,31,38,0,72,12,0,12,84
11/24/2006,AZO,MI,AGL,CE,Combined TRACON& Tower with Radar,2,34,14,0,50,0,0,74,0,74,2,34,88,0,124,58,0,58,182
11/25/2006,AZO,MI,AGL,CE,Combined TRACON& Tower with Radar,1,38,12,0,51,0,4,65,0,69,1,42,77,0,120,36,0,36,156
11/26/2006,AZO,MI,AGL,CE,Combined TRACON& Tower with Radar,2,39,32,0,73,0,0,42,0,42,2,39,74,0,115,40,0,40,155
11/27/2006,AZO,MI,AGL,CE,Combined TRACON& Tower with Radar,6,33,29,0,68,0,2,24,0,26,6,35,53,0,94,76,0,76,170
11/28/2006,AZO,MI,AGL,CE,Combined TRACON& Tower with Radar,6,31,34,0,71,0,3,72,0,75,6,34,106,0,146,120,0,120,266
11/29/2006,AZO,MI,AGL,CE,Combined TRACON& Tower with Radar,6,33,48,0,87,0,0,3,0,3,6,33,51,0,90,28,0,28,118
11/30/2006,AZO,MI,AGL,CE,Combined TRACON& Tower with Radar,5,37,26,0,68,0,0,0,0,0,5,37,26,0,68,0,0,0,68
12/01/2006,AZO,MI,AGL,CE,Combined TRACON& Tower with Radar,0,20,9,0,29,0,0,0,0,0,0,20,9,0,29,0,0,0,29
12/02/2006,AZO,MI,AGL,CE,Combined TRACON& Tower with Radar,0,31,65,0,96,0,0,58,0,58,0,31,123,0,154,104,0,104,258
12/03/2006,AZO,MI,AGL,CE,Combined TRACON& Tower with Radar,2,32,21,0,55,0,4,3,0,7,2,36,24,0,62,0,0,0,62
12/04/2006,AZO,MI,AGL,CE,Combined TRACON& Tower with Radar,2,34,21,0,57,0,0,6,0,6,2,34,27,0,63,24,0,24,87
12/05/2006,AZO,MI,AGL,CE,Combined TRACON& Tower with Radar,2,35,37,0,74,0,0,37,0,37,2,35,74,0,111,52,0,52,163
12/06/2006,AZO,MI,AGL,CE,Combined TRACON& Tower with Radar,2,38,39,0,79,0,2,18,0,20,2,40,57,0,99,0,0,0,99
12/07/2006,AZO,MI,AGL,CE,Combined TRACON& Tower with Radar,2,40,29,0,71,0,3,9,0,12,2,43,38,0,83,8,0,8,91
12/08/2006,AZO,MI,AGL,CE,Combined TRACON& Tower with Radar,2,41,45,0,88,0,5,65,2,72,2,46,110,2,160,144,0,144,304
12/09/2006,AZO,MI,AGL,CE,Combined TRACON& Tower with Radar,1,34,23,0,58,0,4,73,0,77,1,38,96,0,135,62,0,62,197
12/10/2006,AZO,MI,AGL,CE,Combined TRACON& Tower with Radar,2,31,26,0,59,0,0,75,0,75,2,31,101,0,134,110,0,110,244
12/11/2006,AZO,MI,AGL,CE,Combined TRACON& Tower with Radar,2,33,16,0,51,0,0,19,0,19,2,33,35,0,70,58,0,58,128
12/12/2006,AZO,MI,AGL,CE,Combined TRACON& Tower with Radar,2,15,31,0,48,0,0,0,0,0,2,15,31,0,48,16,0,16,64
12/13/2006,AZO,MI,AGL,CE,Combined TRACON& Tower with Radar,2,35,44,0,81,0,0,31,0,31,2,35,75,0,112,34,0,34,146
12/14/2006,AZO,MI,AGL,CE,Combined TRACON& Tower with Radar,2,34,32,0,68,0,3,30,0,33,2,37,62,0,101,59,0,59,160
12/15/2006,AZO,MI,AGL,CE,Combined TRACON& Tower with Radar,2,36,30,0,68,0,0,31,0,31,2,36,61,0,99,0,0,0,99
12/16/2006,AZO,MI,AGL,CE,Combined TRACON& Tower with Radar,0,22,29,0,51,0,6,44,0,50,0,28,73,0,101,44,0,44,145
12/17/2006,AZO,MI,AGL,CE,Combined TRACON& Tower with Radar,2,31,24,0,57,0,4,25,2,31,2,35,49,2,88,38,0,38,126
12/18/2006,AZO,MI,AGL,CE,Combined TRACON& Tower with Radar,2,37,30,0,69,0,3,61,0,64,2,40,91,0,133,64,0,64,197
12/19/2006,AZO,MI,AGL,CE,Combined TRACON& Tower with Radar,3,33,32,0,68,0,5,67,0,72,3,38,99,0,140,104,0,104,244
12/20/2006,AZO,MI,AGL,CE,Combined TRACON& Tower with Radar,4,40,43,0,87,0,3,73,0,76,4,43,116,0,163,30,0,30,193
12/21/2006,AZO,MI,AGL,CE,Combined TRACON& Tower with Radar,3,32,22,0,57,0,0,0,0,0,3,32,22,0,57,16,0,16,73
12/22/2006,AZO,MI,AGL,CE,Combined TRACON& Tower with Radar,3,35,8,0,46,0,0,3,0,3,3,35,11,0,49,0,0,0,49
12/23/2006,AZO,MI,AGL,CE,Combined TRACON& Tower with Radar,4,39,6,0,49,0,3,10,0,13,4,42,16,0,62,0,0,0,62
12/24/2006,AZO,MI,AGL,CE,Combined TRACON& Tower with Radar,8,28,18,0,54,0,3,44,0,47,8,31,62,0,101,8,0,8,109
12/25/2006,AZO,MI,AGL,CE,Combined TRACON& Tower with Radar,3,30,5,0,38,0,6,3,0,9,3,36,8,0,47,0,0,0,47
12/26/2006,AZO,MI,AGL,CE,Combined TRACON& Tower with Radar,3,35,21,0,59,0,2,12,0,14,3,37,33,0,73,0,0,0,73
12/27/2006,AZO,MI,AGL,CE,Combined TRACON& Tower with Radar,4,41,18,0,63,0,0,53,0,53,4,41,71,0,116,104,0,104,220
12/28/2006,AZO,MI,AGL,CE,Combined TRACON& Tower with Radar,3,36,22,0,61,0,2,54,0,56,3,38,76,0,117,76,0,76,193
12/29/2006,AZO,MI,AGL,CE,Combined TRACON& Tower with Radar,4,37,13,0,54,0,0,23,0,23,4,37,36,0,77,110,0,110,187
12/30/2006,AZO,MI,AGL,CE,Combined TRACON& Tower with Radar,4,35,22,0,61,0,5,60,0,65,4,40,82,0,126,144,0,144,270
12/31/2006,AZO,MI,AGL,CE,Combined TRACON& Tower with Radar,2,27,7,0,36,0,0,0,0,0,2,27,7,0,36,0,0,0,36
01/01/2007,AZO,MI,AGL,CE,Combined TRACON& Tower with Radar,3,28,4,0,35,0,0,5,0,5,3,28,9,0,40,0,0,0,40
01/02/2007,AZO,MI,AGL,CE,Combined TRACON& Tower with Radar,4,36,16,0,56,0,0,39,0,39,4,36,55,0,95,28,0,28,123
01/03/2007,AZO,MI,AGL,CE,Combined TRACON& Tower with Radar,6,36,14,0,56,0,9,40,0,49,6,45,54,0,105,70,0,70,175
01/04/2007,AZO,MI,AGL,CE,Combined TRACON& Tower with Radar,4,36,24,0,64,0,2,14,0,16,4,38,38,0,80,24,0,24,104
01/05/2007,AZO,MI,AGL,CE,Combined TRACON& Tower with Radar,4,40,26,1,71,0,2,5,0,7,4,42,31,1,78,20,0,20,98
01/06/2007,AZO,MI,AGL,CE,Combined TRACON& Tower with Radar,1,34,12,0,47,0,0,15,0,15,1,34,27,0,62,12,0,12,74
01/07/2007,AZO,MI,AGL,CE,Combined TRACON& Tower with Radar,2,35,23,0,60,0,0,0,0,0,2,35,23,0,60,8,0,8,68
01/08/2007,AZO,MI,AGL,CE,Combined TRACON& Tower with Radar,4,39,38,0,81,0,0,18,0,18,4,39,56,0,99,12,0,12,111
01/09/2007,AZO,MI,AGL,CE,Combined TRACON& Tower with Radar,4,33,34,0,71,0,3,11,0,14,4,36,45,0,85,24,0,24,109
01/10/2007,AZO,MI,AGL,CE,Combined TRACON& Tower with Radar,4,36,39,0,79,0,1,58,0,59,4,37,97,0,138,78,0,78,216
01/11/2007,AZO,MI,AGL,CE,Combined TRACON& Tower with Radar,4,36,25,0,65,0,4,15,1,20,4,40,40,1,85,36,0,36,121
01/12/2007,AZO,MI,AGL,CE,Combined TRACON& Tower with Radar,4,33,34,0,71,0,0,0,0,0,4,33,34,0,71,0,0,0,71
01/13/2007,AZO,MI,AGL,CE,Combined TRACON& Tower with Radar,5,28,6,0,39,0,5,2,0,7,5,33,8,0,46,0,0,0,46
01/14/2007,AZO,MI,AGL,CE,Combined TRACON& Tower with Radar,3,29,3,0,35,0,0,0,0,0,3,29,3,0,35,0,0,0,35
01/15/2007,AZO,MI,AGL,CE,Combined TRACON& Tower with Radar,4,25,9,0,38,0,0,0,0,0,4,25,9,0,38,0,0,0,38
01/16/2007,AZO,MI,AGL,CE,Combined TRACON& Tower with Radar,4,35,32,0,71,0,2,34,0,36,4,37,66,0,107,16,0,16,123
01/17/2007,AZO,MI,AGL,CE,Combined TRACON& Tower with Radar,4,42,43,0,89,0,2,61,0,63,4,44,104,0,152,52,0,52,204
01/18/2007,AZO,MI,AGL,CE,Combined TRACON& Tower with Radar,3,33,20,0,56,0,0,8,0,8,3,33,28,0,64,56,0,56,120
01/19/2007,AZO,MI,AGL,CE,Combined TRACON& Tower with Radar,3,36,18,0,57,0,0,2,0,2,3,36,20,0,59,8,0,8,67
01/20/2007,AZO,MI,AGL,CE,Combined TRACON& Tower with Radar,1,36,29,0,66,0,7,72,0,79,1,43,101,0,145,136,0,136,281
01/21/2007,AZO,MI,AGL,CE,Combined TRACON& Tower with Radar,3,26,5,0,34,0,2,1,0,3,3,28,6,0,37,0,0,0,37
01/22/2007,AZO,MI,AGL,CE,Combined TRACON& Tower with Radar,4,32,28,0,64,0,2,22,0,24,4,34,50,0,88,62,0,62,150
01/23/2007,AZO,MI,AGL,CE,Combined TRACON& Tower with Radar,4,34,14,0,52,0,2,1,0,3,4,36,15,0,55,24,0,24,79
01/24/2007,AZO,MI,AGL,CE,Combined TRACON& Tower with Radar,4,34,30,0,68,0,0,5,0,5,4,34,35,0,73,14,0,14,87
01/25/2007,AZO,MI,AGL,CE,Combined TRACON& Tower with Radar,4,38,28,1,71,0,9,24,1,34,4,47,52,2,105,56,2,58,163
01/26/2007,AZO,MI,AGL,CE,Combined TRACON& Tower with Radar,4,37,17,0,58,0,1,25,0,26,4,38,42,0,84,60,0,60,144
01/27/2007,AZO,MI,AGL,CE,Combined TRACON& Tower with Radar,1,34,11,0,46,0,2,4,0,6,1,36,15,0,52,52,0,52,104
01/28/2007,AZO,MI,AGL,CE,Combined TRACON& Tower with Radar,2,33,8,0,43,0,0,0,0,0,2,33,8,0,43,0,0,0,43
01/29/2007,AZO,MI,AGL,CE,Combined TRACON& Tower with Radar,4,36,17,0,57,0,0,12,0,12,4,36,29,0,69,30,0,30,99
01/30/2007,AZO,MI,AGL,CE,Combined TRACON& Tower with Radar,4,37,24,0,65,0,0,0,0,0,4,37,24,0,65,0,0,0,65
01/31/2007,AZO,MI,AGL,CE,Combined TRACON& Tower with Radar,4,35,33,0,72,0,4,42,0,46,4,39,75,0,118,54,0,54,172
02/01/2007,AZO,MI,AGL,CE,Combined TRACON& Tower with Radar,2,42,25,0,69,0,0,8,0,8,2,42,33,0,77,0,0,0,77
02/02/2007,AZO,MI,AGL,CE,Combined TRACON& Tower with Radar,1,37,23,0,61,0,0,9,0,9,1,37,32,0,70,14,0,14,84
02/03/2007,AZO,MI,AGL,CE,Combined TRACON& Tower with Radar,3,11,2,0,16,0,0,0,0,0,3,11,2,0,16,0,0,0,16
02/04/2007,AZO,MI,AGL,CE,Combined TRACON& Tower with Radar,1,20,5,0,26,0,0,0,0,0,1,20,5,0,26,0,0,0,26
02/05/2007,AZO,MI,AGL,CE,Combined TRACON& Tower with Radar,2,38,11,0,51,0,2,7,0,9,2,40,18,0,60,0,0,0,60
02/06/2007,AZO,MI,AGL,CE,Combined TRACON& Tower with Radar,2,25,24,0,51,0,4,12,0,16,2,29,36,0,67,2,0,2,69
02/07/2007,AZO,MI,AGL,CE,Combined TRACON& Tower with Radar,2,40,35,0,77,0,0,46,0,46,2,40,81,0,123,26,0,26,149
02/08/2007,AZO,MI,AGL,CE,Combined TRACON& Tower with Radar,2,39,34,0,75,0,0,18,0,18,2,39,52,0,93,42,0,42,135
02/09/2007,AZO,MI,AGL,CE,Combined TRACON& Tower with Radar,2,38,25,0,65,0,5,22,0,27,2,43,47,0,92,78,0,78,170
02/10/2007,AZO,MI,AGL,CE,Combined TRACON& Tower with Radar,7,30,15,0,52,0,0,7,0,7,7,30,22,0,59,22,0,22,81
02/11/2007,AZO,MI,AGL,CE,Combined TRACON& Tower with Radar,1,36,7,0,44,0,0,20,0,20,1,36,27,0,64,52,0,52,116
02/12/2007,AZO,MI,AGL,CE,Combined TRACON& Tower with Radar,2,30,16,0,48,0,0,0,0,0,2,30,16,0,48,0,0,0,48
02/13/2007,AZO,MI,AGL,CE,Combined TRACON& Tower with Radar,3,23,18,0,44,0,0,0,0,0,3,23,18,0,44,0,0,0,44
02/14/2007,AZO,MI,AGL,CE,Combined TRACON& Tower with Radar,2,39,30,0,71,0,7,40,0,47,2,46,70,0,118,56,0,56,174
02/15/2007,AZO,MI,AGL,CE,Combined TRACON& Tower with Radar,4,31,47,0,82,0,0,16,0,16,4,31,63,0,98,34,0,34,132
02/16/2007,AZO,MI,AGL,CE,Combined TRACON& Tower with Radar,4,34,35,0,73,0,3,29,0,32,4,37,64,0,105,36,0,36,141
02/17/2007,AZO,MI,AGL,CE,Combined TRACON& Tower with Radar,2,30,2,0,34,0,2,0,0,2,2,32,2,0,36,0,0,0,36
02/18/2007,AZO,MI,AGL,CE,Combined TRACON& Tower with Radar,3,33,17,0,53,0,4,11,0,15,3,37,28,0,68,14,0,14,82
02/19/2007,AZO,MI,AGL,CE,Combined TRACON& Tower with Radar,4,31,20,0,55,0,1,38,0,39,4,32,58,0,94,56,0,56,150
02/20/2007,AZO,MI,AGL,CE,Combined TRACON& Tower with Radar,4,36,31,0,71,0,0,77,0,77,4,36,108,0,148,40,0,40,188
02/21/2007,AZO,MI,AGL,CE,Combined TRACON& Tower with Radar,8,32,33,0,73,0,3,33,0,36,8,35,66,0,109,114,0,114,223
02/22/2007,AZO,MI,AGL,CE,Combined TRACON& Tower with Radar,4,31,19,0,54,0,2,7,0,9,4,33,26,0,63,0,0,0,63
02/23/2007,AZO,MI,AGL,CE,Combined TRACON& Tower with Radar,3,40,36,0,79,0,4,81,0,85,3,44,117,0,164,122,0,122,286
02/24/2007,AZO,MI,AGL,CE,Combined TRACON& Tower with Radar,2,32,13,0,47,0,2,7,0,9,2,34,20,0,56,4,0,4,60
02/25/2007,AZO,MI,AGL,CE,Combined TRACON& Tower with Radar,1,21,3,0,25,0,2,0,0,2,1,23,3,0,27,0,0,0,27
02/26/2007,AZO,MI,AGL,CE,Combined TRACON& Tower with Radar,3,32,15,0,50,0,0,1,0,1,3,32,16,0,51,0,0,0,51
02/27/2007,AZO,MI,AGL,CE,Combined TRACON& Tower with Radar,4,34,16,0,54,0,0,1,0,1,4,34,17,0,55,2,0,2,57
02/28/2007,AZO,MI,AGL,CE,Combined TRACON& Tower with Radar,4,34,44,0,82,0,2,37,1,40,4,36,81,1,122,68,0,68,190
03/01/2007,AZO,MI,AGL,CE,Combined TRACON& Tower with Radar,3,31,16,0,50,0,0,0,0,0,3,31,16,0,50,0,0,0,50
03/02/2007,AZO,MI,AGL,CE,Combined TRACON& Tower with Radar,4,24,12,0,40,0,0,0,0,0,4,24,12,0,40,0,0,0,40
03/03/2007,AZO,MI,AGL,CE,Combined TRACON& Tower with Radar,2,23,5,0,30,0,0,0,0,0,2,23,5,0,30,0,0,0,30
03/04/2007,AZO,MI,AGL,CE,Combined TRACON& Tower with Radar,4,26,12,0,42,0,4,14,0,18,4,30,26,0,60,16,0,16,76
03/05/2007,AZO,MI,AGL,CE,Combined TRACON& Tower with Radar,4,31,14,0,49,0,1,12,0,13,4,32,26,0,62,6,0,6,68
03/06/2007,AZO,MI,AGL,CE,Combined TRACON& Tower with Radar,4,40,30,0,74,0,0,22,0,22,4,40,52,0,96,110,0,110,206
03/07/2007,AZO,MI,AGL,CE,Combined TRACON& Tower with Radar,4,37,25,0,66,0,4,30,0,34,4,41,55,0,100,28,0,28,128
03/08/2007,AZO,MI,AGL,CE,Combined TRACON& Tower with Radar,4,36,29,0,69,0,8,51,0,59,4,44,80,0,128,64,0,64,192
03/09/2007,AZO,MI,AGL,CE,Combined TRACON& Tower with Radar,3,30,18,0,51,0,2,44,0,46,3,32,62,0,97,32,0,32,129
03/10/2007,AZO,MI,AGL,CE,Combined TRACON& Tower with Radar,2,34,41,0,77,0,1,64,0,65,2,35,105,0,142,68,0,68,210
03/11/2007,AZO,MI,AGL,CE,Combined TRACON& Tower with Radar,4,31,26,0,61,0,6,87,0,93,4,37,113,0,154,108,0,108,262
03/12/2007,AZO,MI,AGL,CE,Combined TRACON& Tower with Radar,4,32,17,0,53,0,0,25,0,25,4,32,42,0,78,54,0,54,132
03/13/2007,AZO,MI,AGL,CE,Combined TRACON& Tower with Radar,4,34,30,0,68,0,0,52,0,52,4,34,82,0,120,138,0,138,258
03/14/2007,AZO,MI,AGL,CE,Combined TRACON& Tower with Radar,3,38,22,0,63,0,0,7,0,7,3,38,29,0,70,34,0,34,104
03/15/2007,AZO,MI,AGL,CE,Combined TRACON& Tower with Radar,3,36,39,0,78,0,3,42,0,45,3,39,81,0,123,124,0,124,247
03/16/2007,AZO,MI,AGL,CE,Combined TRACON& Tower with Radar,4,35,29,0,68,0,3,60,0,63,4,38,89,0,131,106,0,106,237
03/17/2007,AZO,MI,AGL,CE,Combined TRACON& Tower with Radar,2,36,17,0,55,0,0,60,0,60,2,36,77,0,115,86,0,86,201
03/18/2007,AZO,MI,AGL,CE,Combined TRACON& Tower with Radar,3,27,23,0,53,0,3,62,0,65,3,30,85,0,118,42,0,42,160
03/19/2007,AZO,MI,AGL,CE,Combined TRACON& Tower with Radar,4,35,22,0,61,0,4,13,0,17,4,39,35,0,78,4,0,4,82
03/20/2007,AZO,MI,AGL,CE,Combined TRACON& Tower with Radar,4,39,42,0,85,0,2,73,0,75,4,41,115,0,160,130,0,130,290
03/21/2007,AZO,MI,AGL,CE,Combined TRACON& Tower with Radar,4,35,29,0,68,0,2,5,0,7,4,37,34,0,75,14,0,14,89
03/22/2007,AZO,MI,AGL,CE,Combined TRACON& Tower with Radar,3,33,35,0,71,0,1,51,0,52,3,34,86,0,123,64,0,64,187
03/23/2007,AZO,MI,AGL,CE,Combined TRACON& Tower with Radar,4,36,45,0,85,0,6,48,0,54,4,42,93,0,139,40,0,40,179
03/24/2007,AZO,MI,AGL,CE,Combined TRACON& Tower with Radar,2,26,15,0,43,0,1,19,0,20,2,27,34,0,63,44,0,44,107
03/25/2007,AZO,MI,AGL,CE,Combined TRACON& Tower with Radar,0,0,0,0,0,0,0,0,0,0,0,0,0,0,0,88,0,88,88
03/26/2007,AZO,MI,AGL,CE,Combined TRACON& Tower with Radar,4,34,35,0,73,0,4,34,0,38,4,38,69,0,111,42,0,42,153
03/27/2007,AZO,MI,AGL,CE,Combined TRACON& Tower with Radar,3,32,36,0,71,0,1,52,0,53,3,33,88,0,124,92,0,92,216
03/28/2007,AZO,MI,AGL,CE,Combined TRACON& Tower with Radar,3,33,41,0,77,0,0,37,0,37,3,33,78,0,114,20,0,20,134
03/29/2007,AZO,MI,AGL,CE,Combined TRACON& Tower with Radar,3,35,63,0,101,0,0,91,0,91,3,35,154,0,192,42,0,42,234
03/30/2007,AZO,MI,AGL,CE,Combined TRACON& Tower with Radar,3,34,43,0,80,0,5,101,0,106,3,39,144,0,186,82,0,82,268
03/31/2007,AZO,MI,AGL,CE,Combined TRACON& Tower with Radar,1,38,13,0,52,0,2,20,0,22,1,40,33,0,74,22,0,22,96
04/01/2007,AZO,MI,AGL,CE,Combined TRACON& Tower with Radar,6,28,11,0,45,0,5,15,0,20,6,33,26,0,65,28,0,28,93
04/02/2007,AZO,MI,AGL,CE,Combined TRACON& Tower with Radar,4,35,33,0,72,0,0,30,0,30,4,35,63,0,102,18,0,18,120
04/03/2007,AZO,MI,AGL,CE,Combined TRACON& Tower with Radar,4,30,21,0,55,0,6,31,0,37,4,36,52,0,92,0,0,0,92
04/04/2007,AZO,MI,AGL,CE,Combined TRACON& Tower with Radar,3,43,20,0,66,0,0,0,0,0,3,43,20,0,66,0,0,0,66
04/05/2007,AZO,MI,AGL,CE,Combined TRACON& Tower with Radar,4,31,19,0,54,0,2,0,0,2,4,33,19,0,56,0,0,0,56
04/06/2007,AZO,MI,AGL,CE,Combined TRACON& Tower with Radar,3,31,38,0,72,0,0,7,0,7,3,31,45,0,79,0,0,0,79
04/07/2007,AZO,MI,AGL,CE,Combined TRACON& Tower with Radar,1,38,10,0,49,0,0,3,0,3,1,38,13,0,52,0,0,0,52
04/08/2007,AZO,MI,AGL,CE,Combined TRACON& Tower with Radar,5,32,10,0,47,0,8,7,0,15,5,40,17,0,62,6,0,6,68
04/09/2007,AZO,MI,AGL,CE,Combined TRACON& Tower with Radar,4,37,30,0,71,0,0,38,1,39,4,37,68,1,110,48,0,48,158
04/10/2007,AZO,MI,AGL,CE,Combined TRACON& Tower with Radar,4,31,37,0,72,0,1,86,0,87,4,32,123,0,159,100,0,100,259
04/11/2007,AZO,MI,AGL,CE,Combined TRACON& Tower with Radar,2,25,15,0,42,0,0,0,0,0,2,25,15,0,42,0,0,0,42
04/12/2007,AZO,MI,AGL,CE,Combined TRACON& Tower with Radar,4,36,18,0,58,0,2,0,0,2,4,38,18,0,60,0,0,0,60
04/13/2007,AZO,MI,AGL,CE,Combined TRACON& Tower with Radar,4,38,46,0,88,0,7,81,0,88,4,45,127,0,176,34,0,34,210
04/14/2007,AZO,MI,AGL,CE,Combined TRACON& Tower with Radar,6,38,12,0,56,0,0,80,0,80,6,38,92,0,136,180,0,180,316
04/15/2007,AZO,MI,AGL,CE,Combined TRACON& Tower with Radar,3,33,13,0,49,0,4,57,0,61,3,37,70,0,110,100,0,100,210
04/16/2007,AZO,MI,AGL,CE,Combined TRACON& Tower with Radar,8,27,33,0,68,0,2,31,0,33,8,29,64,0,101,36,0,36,137
04/17/2007,AZO,MI,AGL,CE,Combined TRACON& Tower with Radar,4,32,40,0,76,0,5,89,0,94,4,37,129,0,170,121,0,121,291
04/18/2007,AZO,MI,AGL,CE,Combined TRACON& Tower with Radar,4,35,35,0,74,0,4,30,0,34,4,39,65,0,108,110,0,110,218
04/19/2007,AZO,MI,AGL,CE,Combined TRACON& Tower with Radar,4,31,35,0,70,0,3,63,1,67,4,34,98,1,137,144,0,144,281
04/20/2007,AZO,MI,AGL,CE,Combined TRACON& Tower with Radar,4,35,27,0,66,0,3,79,0,82,4,38,106,0,148,34,0,34,182
04/21/2007,AZO,MI,AGL,CE,Combined TRACON& Tower with Radar,6,29,41,0,76,0,9,88,0,97,6,38,129,0,173,116,0,116,289
04/22/2007,AZO,MI,AGL,CE,Combined TRACON& Tower with Radar,3,33,22,0,58,0,6,82,0,88,3,39,104,0,146,76,0,76,222
04/23/2007,AZO,MI,AGL,CE,Combined TRACON& Tower with Radar,7,25,20,0,52,0,12,5,0,17,7,37,25,0,69,0,0,0,69
04/24/2007,AZO,MI,AGL,CE,Combined TRACON& Tower with Radar,2,35,43,0,80,0,3,75,2,80,2,38,118,2,160,140,0,140,300
04/25/2007,AZO,MI,AGL,CE,Combined TRACON& Tower with Radar,4,30,35,0,69,0,2,3,0,5,4,32,38,0,74,12,0,12,86
04/26/2007,AZO,MI,AGL,CE,Combined TRACON& Tower with Radar,3,34,29,0,66,0,0,1,0,1,3,34,30,0,67,12,0,12,79
04/27/2007,AZO,MI,AGL,CE,Combined TRACON& Tower with Radar,3,37,30,0,70,0,0,0,0,0,3,37,30,0,70,0,0,0,70
04/28/2007,AZO,MI,AGL,CE,Combined TRACON& Tower with Radar,3,27,19,0,49,0,2,81,0,83,3,29,100,0,132,94,0,94,226
04/29/2007,AZO,MI,AGL,CE,Combined TRACON& Tower with Radar,3,33,24,0,60,0,1,86,0,87,3,34,110,0,147,82,0,82,229
04/30/2007,AZO,MI,AGL,CE,Combined TRACON& Tower with Radar,4,35,22,0,61,0,4,39,0,43,4,39,61,0,104,68,0,68,172
05/01/2007,AZO,MI,AGL,CE,Combined TRACON& Tower with Radar,4,33,41,0,78,0,0,27,0,27,4,33,68,0,105,104,0,104,209
05/02/2007,AZO,MI,AGL,CE,Combined TRACON& Tower with Radar,4,36,53,0,93,0,4,59,0,63,4,40,112,0,156,116,0,116,272
05/03/2007,AZO,MI,AGL,CE,Combined TRACON& Tower with Radar,6,35,52,0,93,0,8,66,1,75,6,43,118,1,168,86,0,86,254
05/04/2007,AZO,MI,AGL,CE,Combined TRACON& Tower with Radar,4,42,106,0,152,0,0,0,0,0,4,42,106,0,152,90,0,90,242
05/05/2007,AZO,MI,AGL,CE,Combined TRACON& Tower with Radar,3,34,16,0,53,0,3,59,1,63,3,37,75,1,116,226,0,226,342
05/06/2007,AZO,MI,AGL,CE,Combined TRACON& Tower with Radar,3,34,26,0,63,0,3,35,0,38,3,37,61,0,101,46,0,46,147
05/07/2007,AZO,MI,AGL,CE,Combined TRACON& Tower with Radar,4,39,27,0,70,0,0,40,0,40,4,39,67,0,110,96,0,96,206
05/08/2007,AZO,MI,AGL,CE,Combined TRACON& Tower with Radar,4,36,39,0,79,0,3,57,0,60,4,39,96,0,139,152,0,152,291
05/09/2007,AZO,MI,AGL,CE,Combined TRACON& Tower with Radar,4,39,43,0,86,0,4,28,0,32,4,43,71,0,118,62,0,62,180
05/10/2007,AZO,MI,AGL,CE,Combined TRACON& Tower with Radar,4,44,38,0,86,0,3,78,0,81,4,47,116,0,167,87,0,87,254
05/11/2007,AZO,MI,AGL,CE,Combined TRACON& Tower with Radar,4,41,29,0,74,0,3,79,0,82,4,44,108,0,156,97,0,97,253
05/12/2007,AZO,MI,AGL,CE,Combined TRACON& Tower with Radar,4,29,23,0,56,0,6,82,0,88,4,35,105,0,144,48,0,48,192
05/13/2007,AZO,MI,AGL,CE,Combined TRACON& Tower with Radar,4,33,24,0,61,0,7,52,0,59,4,40,76,0,120,38,0,38,158
05/14/2007,AZO,MI,AGL,CE,Combined TRACON& Tower with Radar,6,34,36,2,78,0,6,39,0,45,6,40,75,2,123,132,0,132,255
05/15/2007,AZO,MI,AGL,CE,Combined TRACON& Tower with Radar,3,36,21,0,60,0,3,13,0,16,3,39,34,0,76,60,0,60,136
05/16/2007,AZO,MI,AGL,CE,Combined TRACON& Tower with Radar,3,32,42,0,77,0,2,22,0,24,3,34,64,0,101,80,0,80,181
05/17/2007,AZO,MI,AGL,CE,Combined TRACON& Tower with Radar,4,40,61,0,105,0,0,66,0,66,4,40,127,0,171,66,0,66,237
05/18/2007,AZO,MI,AGL,CE,Combined TRACON& Tower with Radar,3,40,37,0,80,0,1,70,0,71,3,41,107,0,151,78,0,78,229
05/19/2007,AZO,MI,AGL,CE,Combined TRACON& Tower with Radar,3,29,33,0,65,0,0,84,0,84,3,29,117,0,149,94,0,94,243
05/20/2007,AZO,MI,AGL,CE,Combined TRACON& Tower with Radar,4,29,40,0,73,0,0,43,0,43,4,29,83,0,116,74,0,74,190
05/21/2007,AZO,MI,AGL,CE,Combined TRACON& Tower with Radar,10,30,37,0,77,0,7,19,0,26,10,37,56,0,103,72,0,72,175
05/22/2007,AZO,MI,AGL,CE,Combined TRACON& Tower with Radar,4,38,45,0,87,0,7,87,0,94,4,45,132,0,181,184,0,184,365
05/23/2007,AZO,MI,AGL,CE,Combined TRACON& Tower with Radar,4,35,34,2,75,0,2,110,0,112,4,37,144,2,187,124,0,124,311
05/24/2007,AZO,MI,AGL,CE,Combined TRACON& Tower with Radar,4,34,38,0,76,0,7,37,0,44,4,41,75,0,120,36,0,36,156
05/25/2007,AZO,MI,AGL,CE,Combined TRACON& Tower with Radar,5,43,45,0,93,0,1,37,0,38,5,44,82,0,131,76,0,76,207
05/26/2007,AZO,MI,AGL,CE,Combined TRACON& Tower with Radar,2,14,21,0,37,0,0,2,0,2,2,14,23,0,39,0,0,0,39
05/27/2007,AZO,MI,AGL,CE,Combined TRACON& Tower with Radar,4,22,16,0,42,0,7,18,1,26,4,29,34,1,68,8,0,8,76
05/28/2007,AZO,MI,AGL,CE,Combined TRACON& Tower with Radar,3,28,15,0,46,0,0,96,0,96,3,28,111,0,142,42,0,42,184
05/29/2007,AZO,MI,AGL,CE,Combined TRACON& Tower with Radar,4,34,37,0,75,0,2,60,0,62,4,36,97,0,137,164,0,164,301
05/30/2007,AZO,MI,AGL,CE,Combined TRACON& Tower with Radar,3,41,29,0,73,0,0,56,0,56,3,41,85,0,129,168,0,168,297
05/31/2007,AZO,MI,AGL,CE,Combined TRACON& Tower with Radar,4,36,32,2,74,0,0,60,0,60,4,36,92,2,134,120,0,120,254
06/01/2007,AZO,MI,AGL,CE,Combined TRACON& Tower with Radar,4,37,32,0,73,0,4,52,0,56,4,41,84,0,129,102,0,102,231
06/02/2007,AZO,MI,AGL,CE,Combined TRACON& Tower with Radar,3,28,25,0,56,0,3,70,0,73,3,31,95,0,129,120,0,120,249
06/03/2007,AZO,MI,AGL,CE,Combined TRACON& Tower with Radar,3,36,17,0,56,0,0,4,0,4,3,36,21,0,60,0,0,0,60
06/04/2007,AZO,MI,AGL,CE,Combined TRACON& Tower with Radar,4,30,24,0,58,36,0,12,0,48,40,30,36,0,106,18,0,18,124
06/05/2007,AZO,MI,AGL,CE,Combined TRACON& Tower with Radar,4,42,33,0,79,0,4,42,1,47,4,46,75,1,126,98,0,98,224
06/06/2007,AZO,MI,AGL,CE,Combined TRACON& Tower with Radar,3,37,48,0,88,0,4,91,2,97,3,41,139,2,185,182,0,182,367
06/07/2007,AZO,MI,AGL,CE,Combined TRACON& Tower with Radar,4,30,27,0,61,0,3,11,0,14,4,33,38,0,75,28,0,28,103
06/08/2007,AZO,MI,AGL,CE,Combined TRACON& Tower with Radar,4,32,34,0,70,0,0,18,0,18,4,32,52,0,88,2,0,2,90
06/09/2007,AZO,MI,AGL,CE,Combined TRACON& Tower with Radar,1,31,20,0,52,0,3,74,0,77,1,34,94,0,129,174,0,174,303
06/10/2007,AZO,MI,AGL,CE,Combined TRACON& Tower with Radar,1,35,26,0,62,0,3,88,0,91,1,38,114,0,153,144,0,144,297
06/11/2007,AZO,MI,AGL,CE,Combined TRACON& Tower with Radar,4,38,19,0,61,0,4,76,0,80,4,42,95,0,141,102,0,102,243
06/12/2007,AZO,MI,AGL,CE,Combined TRACON& Tower with Radar,4,39,36,0,79,0,2,50,0,52,4,41,86,0,131,140,0,140,271
06/13/2007,AZO,MI,AGL,CE,Combined TRACON& Tower with Radar,4,44,45,0,93,0,4,57,0,61,4,48,102,0,154,48,0,48,202
06/14/2007,AZO,MI,AGL,CE,Combined TRACON& Tower with Radar,4,34,28,0,66,0,4,74,0,78,4,38,102,0,144,176,0,176,320
06/15/2007,AZO,MI,AGL,CE,Combined TRACON& Tower with Radar,4,35,38,0,77,0,3,74,0,77,4,38,112,0,154,178,0,178,332
06/16/2007,AZO,MI,AGL,CE,Combined TRACON& Tower with Radar,1,38,21,0,60,0,3,90,0,93,1,41,111,0,153,166,0,166,319
06/17/2007,AZO,MI,AGL,CE,Combined TRACON& Tower with Radar,0,41,17,0,58,0,0,70,0,70,0,41,87,0,128,70,0,70,198
06/18/2007,AZO,MI,AGL,CE,Combined TRACON& Tower with Radar,9,32,22,0,63,0,7,39,0,46,9,39,61,0,109,50,0,50,159
06/19/2007,AZO,MI,AGL,CE,Combined TRACON& Tower with Radar,4,38,35,0,77,0,3,37,0,40,4,41,72,0,117,94,0,94,211
06/20/2007,AZO,MI,AGL,CE,Combined TRACON& Tower with Radar,0,0,0,0,0,4,50,132,0,186,4,50,132,0,186,230,0,230,416
06/21/2007,AZO,MI,AGL,CE,Combined TRACON& Tower with Radar,4,41,35,0,80,0,3,62,0,65,4,44,97,0,145,86,0,86,231
06/22/2007,AZO,MI,AGL,CE,Combined TRACON& Tower with Radar,2,46,29,0,77,0,35,63,0,98,2,81,92,0,175,108,0,108,283
06/23/2007,AZO,MI,AGL,CE,Combined TRACON& Tower with Radar,1,22,33,0,56,0,0,65,0,65,1,22,98,0,121,56,0,56,177
06/24/2007,AZO,MI,AGL,CE,Combined TRACON& Tower with Radar,0,32,29,0,61,0,0,67,0,67,0,32,96,0,128,128,0,128,256
06/25/2007,AZO,MI,AGL,CE,Combined TRACON& Tower with Radar,1,43,24,0,68,0,0,49,0,49,1,43,73,0,117,98,0,98,215
06/26/2007,AZO,MI,AGL,CE,Combined TRACON& Tower with Radar,5,35,27,0,67,0,0,43,0,43,5,35,70,0,110,87,0,87,197
06/27/2007,AZO,MI,AGL,CE,Combined TRACON& Tower with Radar,3,39,8,0,50,0,5,12,0,17,3,44,20,0,67,28,0,28,95
06/28/2007,AZO,MI,AGL,CE,Combined TRACON& Tower with Radar,2,45,28,0,75,0,1,82,1,84,2,46,110,1,159,218,0,218,377
06/29/2007,AZO,MI,AGL,CE,Combined TRACON& Tower with Radar,4,37,29,0,70,0,2,67,0,69,4,39,96,0,139,86,0,86,225
06/30/2007,AZO,MI,AGL,CE,Combined TRACON& Tower with Radar,1,33,12,1,47,0,6,68,0,74,1,39,80,1,121,66,0,66,187
07/01/2007,AZO,MI,AGL,CE,Combined TRACON& Tower with Radar,0,33,19,0,52,0,5,70,0,75,0,38,89,0,127,74,0,74,201
07/02/2007,AZO,MI,AGL,CE,Combined TRACON& Tower with Radar,0,34,34,1,69,0,1,71,0,72,0,35,105,1,141,138,0,138,279
07/03/2007,AZO,MI,AGL,CE,Combined TRACON& Tower with Radar,0,31,29,0,60,0,3,39,0,42,0,34,68,0,102,10,0,10,112
07/04/2007,AZO,MI,AGL,CE,Combined TRACON& Tower with Radar,0,25,9,0,34,0,3,22,0,25,0,28,31,0,59,2,0,2,61
07/05/2007,AZO,MI,AGL,CE,Combined TRACON& Tower with Radar,0,36,22,0,58,0,2,28,0,30,0,38,50,0,88,60,0,60,148
07/06/2007,AZO,MI,AGL,CE,Combined TRACON& Tower with Radar,0,47,20,0,67,0,6,84,0,90,0,53,104,0,157,124,0,124,281
07/07/2007,AZO,MI,AGL,CE,Combined TRACON& Tower with Radar,0,40,16,0,56,0,2,64,0,66,0,42,80,0,122,40,0,40,162
07/08/2007,AZO,MI,AGL,CE,Combined TRACON& Tower with Radar,0,35,17,0,52,0,3,32,3,38,0,38,49,3,90,14,0,14,104
07/09/2007,AZO,MI,AGL,CE,Combined TRACON& Tower with Radar,0,29,42,0,71,0,4,61,0,65,0,33,103,0,136,68,0,68,204
07/10/2007,AZO,MI,AGL,CE,Combined TRACON& Tower with Radar,0,39,32,0,71,0,3,37,0,40,0,42,69,0,111,68,0,68,179
07/11/2007,AZO,MI,AGL,CE,Combined TRACON& Tower with Radar,0,42,28,0,70,0,10,62,0,72,0,52,90,0,142,62,0,62,204
07/12/2007,AZO,MI,AGL,CE,Combined TRACON& Tower with Radar,0,39,37,0,76,0,5,35,0,40,0,44,72,0,116,60,0,60,176
07/13/2007,AZO,MI,AGL,CE,Combined TRACON& Tower with Radar,0,44,30,0,74,0,1,54,0,55,0,45,84,0,129,92,0,92,221
07/14/2007,AZO,MI,AGL,CE,Combined TRACON& Tower with Radar,0,32,17,0,49,0,0,42,0,42,0,32,59,0,91,4,0,4,95
07/15/2007,AZO,MI,AGL,CE,Combined TRACON& Tower with Radar,0,30,23,0,53,0,4,89,0,93,0,34,112,0,146,86,0,86,232
07/16/2007,AZO,MI,AGL,CE,Combined TRACON& Tower with Radar,0,40,27,0,67,0,0,47,0,47,0,40,74,0,114,90,0,90,204
07/17/2007,AZO,MI,AGL,CE,Combined TRACON& Tower with Radar,0,37,51,0,88,0,2,23,0,25,0,39,74,0,113,160,0,160,273
07/18/2007,AZO,MI,AGL,CE,Combined TRACON& Tower with Radar,0,42,38,0,80,0,0,52,0,52,0,42,90,0,132,96,0,96,228
07/19/2007,AZO,MI,AGL,CE,Combined TRACON& Tower with Radar,0,38,45,0,83,0,5,24,0,29,0,43,69,0,112,46,0,46,158
07/20/2007,AZO,MI,AGL,CE,Combined TRACON& Tower with Radar,0,41,30,0,71,0,5,98,0,103,0,46,128,0,174,76,0,76,250
07/21/2007,AZO,MI,AGL,CE,Combined TRACON& Tower with Radar,0,35,21,0,56,0,4,114,1,119,0,39,135,1,175,96,0,96,271
07/22/2007,AZO,MI,AGL,CE,Combined TRACON& Tower with Radar,2,35,30,0,67,0,6,78,0,84,2,41,108,0,151,66,0,66,217
07/23/2007,AZO,MI,AGL,CE,Combined TRACON& Tower with Radar,4,41,34,0,79,0,6,56,0,62,4,47,90,0,141,46,0,46,187
07/24/2007,AZO,MI,AGL,CE,Combined TRACON& Tower with Radar,4,37,30,0,71,0,0,71,0,71,4,37,101,0,142,114,0,114,256
07/25/2007,AZO,MI,AGL,CE,Combined TRACON& Tower with Radar,4,39,40,0,83,0,4,39,0,43,4,43,79,0,126,66,0,66,192
07/26/2007,AZO,MI,AGL,CE,Combined TRACON& Tower with Radar,4,44,50,0,98,0,0,20,0,20,4,44,70,0,118,52,0,52,170
07/27/2007,AZO,MI,AGL,CE,Combined TRACON& Tower with Radar,2,39,40,0,81,0,0,25,0,25,2,39,65,0,106,68,0,68,174
07/28/2007,AZO,MI,AGL,CE,Combined TRACON& Tower with Radar,0,40,30,0,70,0,3,42,0,45,0,43,72,0,115,34,0,34,149
07/29/2007,AZO,MI,AGL,CE,Combined TRACON& Tower with Radar,0,37,34,0,71,0,12,78,0,90,0,49,112,0,161,46,0,46,207
07/30/2007,AZO,MI,AGL,CE,Combined TRACON& Tower with Radar,2,39,23,0,64,0,0,44,0,44,2,39,67,0,108,112,0,112,220
07/31/2007,AZO,MI,AGL,CE,Combined TRACON& Tower with Radar,3,35,20,0,58,0,2,74,0,76,3,37,94,0,134,106,0,106,240
08/01/2007,AZO,MI,AGL,CE,Combined TRACON& Tower with Radar,4,41,32,0,77,0,6,72,3,81,4,47,104,3,158,78,0,78,236
08/02/2007,AZO,MI,AGL,CE,Combined TRACON& Tower with Radar,4,41,23,0,68,0,3,55,0,58,4,44,78,0,126,90,0,90,216
08/03/2007,AZO,MI,AGL,CE,Combined TRACON& Tower with Radar,3,37,30,0,70,0,4,52,0,56,3,41,82,0,126,88,0,88,214
08/04/2007,AZO,MI,AGL,CE,Combined TRACON& Tower with Radar,2,35,17,0,54,0,0,82,8,90,2,35,99,8,144,74,0,74,218
08/05/2007,AZO,MI,AGL,CE,Combined TRACON& Tower with Radar,0,33,14,0,47,0,0,1,0,1,0,33,15,0,48,0,0,0,48
08/06/2007,AZO,MI,AGL,CE,Combined TRACON& Tower with Radar,4,34,30,0,68,0,3,20,7,30,4,37,50,7,98,114,0,114,212
08/07/2007,AZO,MI,AGL,CE,Combined TRACON& Tower with Radar,3,41,25,0,69,0,0,20,0,20,3,41,45,0,89,14,0,14,103
08/08/2007,AZO,MI,AGL,CE,Combined TRACON& Tower with Radar,4,38,28,0,70,0,4,63,14,81,4,42,91,14,151,164,0,164,315
08/09/2007,AZO,MI,AGL,CE,Combined TRACON& Tower with Radar,4,34,44,0,82,0,0,22,0,22,4,34,66,0,104,44,0,44,148
08/10/2007,AZO,MI,AGL,CE,Combined TRACON& Tower with Radar,4,38,31,0,73,0,2,63,0,65,4,40,94,0,138,22,0,22,160
08/11/2007,AZO,MI,AGL,CE,Combined TRACON& Tower with Radar,1,36,13,0,50,0,3,60,0,63,1,39,73,0,113,24,0,24,137
08/12/2007,AZO,MI,AGL,CE,Combined TRACON& Tower with Radar,0,42,23,0,65,0,3,43,0,46,0,45,66,0,111,76,0,76,187
08/13/2007,AZO,MI,AGL,CE,Combined TRACON& Tower with Radar,4,37,29,0,70,0,10,71,0,81,4,47,100,0,151,56,0,56,207
08/14/2007,AZO,MI,AGL,CE,Combined TRACON& Tower with Radar,3,33,28,0,64,0,5,42,0,47,3,38,70,0,111,200,0,200,311
08/15/2007,AZO,MI,AGL,CE,Combined TRACON& Tower with Radar,4,41,37,0,82,0,0,16,0,16,4,41,53,0,98,76,0,76,174
08/16/2007,AZO,MI,AGL,CE,Combined TRACON& Tower with Radar,3,36,40,0,79,0,0,63,0,63,3,36,103,0,142,116,0,116,258
08/17/2007,AZO,MI,AGL,CE,Combined TRACON& Tower with Radar,4,45,31,0,80,0,8,68,0,76,4,53,99,0,156,86,0,86,242
08/18/2007,AZO,MI,AGL,CE,Combined TRACON& Tower with Radar,1,34,18,0,53,0,0,101,0,101,1,34,119,0,154,30,0,30,184
08/19/2007,AZO,MI,AGL,CE,Combined TRACON& Tower with Radar,1,33,29,0,63,0,2,0,0,2,1,35,29,0,65,2,0,2,67
08/20/2007,AZO,MI,AGL,CE,Combined TRACON& Tower with Radar,5,43,19,0,67,0,0,0,0,0,5,43,19,0,67,0,0,0,67
08/21/2007,AZO,MI,AGL,CE,Combined TRACON& Tower with Radar,6,30,34,0,70,0,0,0,0,0,6,30,34,0,70,0,0,0,70
08/22/2007,AZO,MI,AGL,CE,Combined TRACON& Tower with Radar,4,33,32,0,69,0,2,64,0,66,4,35,96,0,135,54,0,54,189
08/23/2007,AZO,MI,AGL,CE,Combined TRACON& Tower with Radar,3,28,37,0,68,0,7,45,0,52,3,35,82,0,120,40,0,40,160
08/24/2007,AZO,MI,AGL,CE,Combined TRACON& Tower with Radar,4,33,26,0,63,0,0,34,0,34,4,33,60,0,97,22,0,22,119
08/25/2007,AZO,MI,AGL,CE,Combined TRACON& Tower with Radar,3,33,9,0,45,0,0,22,0,22,3,33,31,0,67,78,0,78,145
08/26/2007,AZO,MI,AGL,CE,Combined TRACON& Tower with Radar,3,36,26,0,65,0,1,85,0,86,3,37,111,0,151,116,0,116,267
08/27/2007,AZO,MI,AGL,CE,Combined TRACON& Tower with Radar,4,33,36,0,73,0,4,64,0,68,4,37,100,0,141,166,0,166,307
08/28/2007,AZO,MI,AGL,CE,Combined TRACON& Tower with Radar,5,27,24,0,56,0,2,65,0,67,5,29,89,0,123,84,0,84,207
08/29/2007,AZO,MI,AGL,CE,Combined TRACON& Tower with Radar,4,34,37,0,75,0,4,64,0,68,4,38,101,0,143,54,0,54,197
08/30/2007,AZO,MI,AGL,CE,Combined TRACON& Tower with Radar,4,33,50,2,89,0,5,84,0,89,4,38,134,2,178,100,0,100,278
08/31/2007,AZO,MI,AGL,CE,Combined TRACON& Tower with Radar,6,39,40,0,85,0,3,100,0,103,6,42,140,0,188,46,0,46,234
09/01/2007,AZO,MI,AGL,CE,Combined TRACON& Tower with Radar,4,28,13,0,45,0,5,79,0,84,4,33,92,0,129,130,0,130,259
09/02/2007,AZO,MI,AGL,CE,Combined TRACON& Tower with Radar,2,23,16,0,41,0,2,65,0,67,2,25,81,0,108,38,0,38,146
09/03/2007,AZO,MI,AGL,CE,Combined TRACON& Tower with Radar,4,30,18,0,52,0,2,79,0,81,4,32,97,0,133,16,0,16,149
09/04/2007,AZO,MI,AGL,CE,Combined TRACON& Tower with Radar,5,35,17,0,57,0,1,38,0,39,5,36,55,0,96,154,0,154,250
09/05/2007,AZO,MI,AGL,CE,Combined TRACON& Tower with Radar,0,0,0,0,0,3,36,88,0,127,3,36,88,0,127,66,0,66,193
09/06/2007,AZO,MI,AGL,CE,Combined TRACON& Tower with Radar,4,31,39,0,74,0,4,40,0,44,4,35,79,0,118,72,0,72,190
09/07/2007,AZO,MI,AGL,CE,Combined TRACON& Tower with Radar,4,32,15,0,51,0,0,4,0,4,4,32,19,0,55,4,0,4,59
09/08/2007,AZO,MI,AGL,CE,Combined TRACON& Tower with Radar,3,31,29,0,63,0,4,73,0,77,3,35,102,0,140,84,0,84,224
09/09/2007,AZO,MI,AGL,CE,Combined TRACON& Tower with Radar,3,36,50,0,89,0,7,29,0,36,3,43,79,0,125,10,0,10,135
09/10/2007,AZO,MI,AGL,CE,Combined TRACON& Tower with Radar,4,37,38,0,79,0,0,0,0,0,4,37,38,0,79,0,0,0,79
09/11/2007,AZO,MI,AGL,CE,Combined TRACON& Tower with Radar,4,31,20,0,55,0,0,26,0,26,4,31,46,0,81,60,0,60,141
09/12/2007,AZO,MI,AGL,CE,Combined TRACON& Tower with Radar,6,47,50,0,103,0,1,83,0,84,6,48,133,0,187,62,0,62,249
09/13/2007,AZO,MI,AGL,CE,Combined TRACON& Tower with Radar,4,40,42,0,86,0,3,97,0,100,4,43,139,0,186,134,0,134,320
09/14/2007,AZO,MI,AGL,CE,Combined TRACON& Tower with Radar,4,31,8,0,43,0,8,37,0,45,4,39,45,0,88,6,0,6,94
09/15/2007,AZO,MI,AGL,CE,Combined TRACON& Tower with Radar,3,26,20,0,49,0,4,115,0,119,3,30,135,0,168,78,0,78,246
09/16/2007,AZO,MI,AGL,CE,Combined TRACON& Tower with Radar,3,31,24,0,58,0,5,107,0,112,3,36,131,0,170,74,0,74,244
09/17/2007,AZO,MI,AGL,CE,Combined TRACON& Tower with Radar,5,33,34,0,72,0,0,37,0,37,5,33,71,0,109,166,0,166,275
09/18/2007,AZO,MI,AGL,CE,Combined TRACON& Tower with Radar,4,39,36,6,85,0,16,62,3,81,4,55,98,9,166,162,0,162,328
09/19/2007,AZO,MI,AGL,CE,Combined TRACON& Tower with Radar,4,38,22,2,66,0,6,65,0,71,4,44,87,2,137,124,0,124,261
09/20/2007,AZO,MI,AGL,CE,Combined TRACON& Tower with Radar,4,41,42,0,87,0,8,69,0,77,4,49,111,0,164,104,0,104,268
09/21/2007,AZO,MI,AGL,CE,Combined TRACON& Tower with Radar,5,39,43,0,87,0,0,68,0,68,5,39,111,0,155,62,0,62,217
09/22/2007,AZO,MI,AGL,CE,Combined TRACON& Tower with Radar,2,27,24,0,53,0,0,123,0,123,2,27,147,0,176,98,0,98,274
09/23/2007,AZO,MI,AGL,CE,Combined TRACON& Tower with Radar,3,33,49,0,85,0,5,127,0,132,3,38,176,0,217,88,0,88,305
09/24/2007,AZO,MI,AGL,CE,Combined TRACON& Tower with Radar,4,33,36,0,73,0,1,47,0,48,4,34,83,0,121,148,0,148,269
09/25/2007,AZO,MI,AGL,CE,Combined TRACON& Tower with Radar,4,29,31,0,64,0,4,19,0,23,4,33,50,0,87,22,0,22,109
09/26/2007,AZO,MI,AGL,CE,Combined TRACON& Tower with Radar,4,36,46,0,86,0,5,50,0,55,4,41,96,0,141,140,0,140,281
09/27/2007,AZO,MI,AGL,CE,Combined TRACON& Tower with Radar,4,34,47,0,85,0,1,53,0,54,4,35,100,0,139,96,0,96,235
09/28/2007,AZO,MI,AGL,CE,Combined TRACON& Tower with Radar,4,30,37,0,71,0,2,87,0,89,4,32,124,0,160,210,0,210,370
09/29/2007,AZO,MI,AGL,CE,Combined TRACON& Tower with Radar,3,29,21,0,53,0,2,84,0,86,3,31,105,0,139,166,0,166,305
09/30/2007,AZO,MI,AGL,CE,Combined TRACON& Tower with Radar,3,32,21,0,56,0,2,54,0,56,3,34,75,0,112,110,0,110,222
10/01/2007,AZO,MI,AGL,CE,Combined TRACON& Tower with Radar,4,39,24,0,67,0,1,6,0,7,4,40,30,0,74,10,0,10,84
10/02/2007,AZO,MI,AGL,CE,Combined TRACON& Tower with Radar,3,40,35,0,78,0,1,28,0,29,3,41,63,0,107,66,0,66,173
10/03/2007,AZO,MI,AGL,CE,Combined TRACON& Tower with Radar,2,40,31,0,73,0,1,78,3,82,2,41,109,3,155,168,0,168,323
10/04/2007,AZO,MI,AGL,CE,Combined TRACON& Tower with Radar,2,35,41,0,78,0,7,62,0,69,2,42,103,0,147,62,0,62,209
10/05/2007,AZO,MI,AGL,CE,Combined TRACON& Tower with Radar,1,40,33,0,74,0,2,60,0,62,1,42,93,0,136,48,0,48,184
10/06/2007,AZO,MI,AGL,CE,Combined TRACON& Tower with Radar,2,30,27,0,59,0,6,74,0,80,2,36,101,0,139,118,0,118,257
10/07/2007,AZO,MI,AGL,CE,Combined TRACON& Tower with Radar,2,31,26,0,59,0,2,65,0,67,2,33,91,0,126,80,0,80,206
10/08/2007,AZO,MI,AGL,CE,Combined TRACON& Tower with Radar,2,42,18,0,62,0,3,48,0,51,2,45,66,0,113,60,0,60,173
10/09/2007,AZO,MI,AGL,CE,Combined TRACON& Tower with Radar,2,34,42,0,78,0,3,48,0,51,2,37,90,0,129,36,0,36,165
10/10/2007,AZO,MI,AGL,CE,Combined TRACON& Tower with Radar,2,38,22,0,62,0,0,2,0,2,2,38,24,0,64,0,0,0,64
10/11/2007,AZO,MI,AGL,CE,Combined TRACON& Tower with Radar,2,40,34,0,76,0,3,26,0,29,2,43,60,0,105,124,0,124,229
10/12/2007,AZO,MI,AGL,CE,Combined TRACON& Tower with Radar,2,36,40,0,78,0,0,76,0,76,2,36,116,0,154,90,0,90,244
10/13/2007,AZO,MI,AGL,CE,Combined TRACON& Tower with Radar,2,25,37,0,64,0,0,118,1,119,2,25,155,1,183,92,0,92,275
10/14/2007,AZO,MI,AGL,CE,Combined TRACON& Tower with Radar,2,32,32,0,66,0,7,26,0,33,2,39,58,0,99,46,0,46,145
10/15/2007,AZO,MI,AGL,CE,Combined TRACON& Tower with Radar,2,35,18,0,55,0,1,66,0,67,2,36,84,0,122,188,0,188,310
10/16/2007,AZO,MI,AGL,CE,Combined TRACON& Tower with Radar,3,35,30,0,68,0,0,0,0,0,3,35,30,0,68,0,0,0,68
10/17/2007,AZO,MI,AGL,CE,Combined TRACON& Tower with Radar,2,49,41,0,92,0,7,72,0,79,2,56,113,0,171,146,0,146,317
10/18/2007,AZO,MI,AGL,CE,Combined TRACON& Tower with Radar,2,38,27,0,67,0,5,7,0,12,2,43,34,0,79,18,0,18,97
10/19/2007,AZO,MI,AGL,CE,Combined TRACON& Tower with Radar,2,32,20,0,54,0,0,1,0,1,2,32,21,0,55,4,0,4,59
10/20/2007,AZO,MI,AGL,CE,Combined TRACON& Tower with Radar,2,28,20,0,50,0,0,58,0,58,2,28,78,0,108,136,0,136,244
10/21/2007,AZO,MI,AGL,CE,Combined TRACON& Tower with Radar,2,29,14,0,45,0,2,40,0,42,2,31,54,0,87,28,0,28,115
10/22/2007,AZO,MI,AGL,CE,Combined TRACON& Tower with Radar,2,36,36,0,74,0,7,46,0,53,2,43,82,0,127,94,0,94,221
10/23/2007,AZO,MI,AGL,CE,Combined TRACON& Tower with Radar,2,39,29,0,70,0,3,47,0,50,2,42,76,0,120,152,0,152,272
10/24/2007,AZO,MI,AGL,CE,Combined TRACON& Tower with Radar,2,44,47,0,93,0,0,63,0,63,2,44,110,0,156,132,0,132,288
10/25/2007,AZO,MI,AGL,CE,Combined TRACON& Tower with Radar,3,33,50,0,86,0,0,70,0,70,3,33,120,0,156,74,0,74,230
10/26/2007,AZO,MI,AGL,CE,Combined TRACON& Tower with Radar,3,41,23,0,67,0,0,51,0,51,3,41,74,0,118,94,0,94,212
10/27/2007,AZO,MI,AGL,CE,Combined TRACON& Tower with Radar,2,28,19,0,49,0,4,9,0,13,2,32,28,0,62,14,0,14,76
10/28/2007,AZO,MI,AGL,CE,Combined TRACON& Tower with Radar,2,29,24,0,55,0,3,111,7,121,2,32,135,7,176,50,0,50,226
10/29/2007,AZO,MI,AGL,CE,Combined TRACON& Tower with Radar,2,36,25,0,63,0,2,38,0,40,2,38,63,0,103,46,0,46,149
10/30/2007,AZO,MI,AGL,CE,Combined TRACON& Tower with Radar,2,32,38,0,72,0,0,81,0,81,2,32,119,0,153,72,0,72,225
10/31/2007,AZO,MI,AGL,CE,Combined TRACON& Tower with Radar,2,33,30,0,65,0,3,35,0,38,2,36,65,0,103,64,0,64,167
11/01/2007,AZO,MI,AGL,CE,Combined TRACON& Tower with Radar,2,36,33,0,71,0,7,58,0,65,2,43,91,0,136,56,0,56,192
11/02/2007,AZO,MI,AGL,CE,Combined TRACON& Tower with Radar,3,61,43,0,107,0,6,74,0,80,3,67,117,0,187,62,0,62,249
11/03/2007,AZO,MI,AGL,CE,Combined TRACON& Tower with Radar,2,29,18,0,49,0,5,99,0,104,2,34,117,0,153,70,0,70,223
11/04/2007,AZO,MI,AGL,CE,Combined TRACON& Tower with Radar,5,33,19,0,57,0,4,60,0,64,5,37,79,0,121,42,0,42,163
11/05/2007,AZO,MI,AGL,CE,Combined TRACON& Tower with Radar,4,33,22,0,59,0,0,24,0,24,4,33,46,0,83,4,0,4,87
11/06/2007,AZO,MI,AGL,CE,Combined TRACON& Tower with Radar,20,29,10,0,59,0,2,1,0,3,20,31,11,0,62,0,0,0,62
11/07/2007,AZO,MI,AGL,CE,Combined TRACON& Tower with Radar,3,27,35,0,65,0,1,42,0,43,3,28,77,0,108,92,0,92,200
11/08/2007,AZO,MI,AGL,CE,Combined TRACON& Tower with Radar,4,37,37,1,79,0,1,64,1,66,4,38,101,2,145,86,0,86,231
11/09/2007,AZO,MI,AGL,CE,Combined TRACON& Tower with Radar,4,35,25,0,64,0,3,32,0,35,4,38,57,0,99,38,0,38,137
11/10/2007,AZO,MI,AGL,CE,Combined TRACON& Tower with Radar,3,25,18,0,46,0,0,27,0,27,3,25,45,0,73,18,0,18,91
11/11/2007,AZO,MI,AGL,CE,Combined TRACON& Tower with Radar,3,32,36,0,71,0,0,13,0,13,3,32,49,0,84,0,0,0,84
11/12/2007,AZO,MI,AGL,CE,Combined TRACON& Tower with Radar,4,38,20,0,62,0,4,1,0,5,4,42,21,0,67,0,0,0,67
11/13/2007,AZO,MI,AGL,CE,Combined TRACON& Tower with Radar,4,32,16,0,52,4,41,33,0,78,8,73,49,0,130,130,0,130,260
11/14/2007,AZO,MI,AGL,CE,Combined TRACON& Tower with Radar,4,34,9,0,47,0,3,26,0,29,4,37,35,0,76,49,0,49,125
11/15/2007,AZO,MI,AGL,CE,Combined TRACON& Tower with Radar,3,40,25,0,68,0,0,6,0,6,3,40,31,0,74,8,0,8,82
11/16/2007,AZO,MI,AGL,CE,Combined TRACON& Tower with Radar,2,34,31,0,67,0,0,58,0,58,2,34,89,0,125,84,0,84,209
11/17/2007,AZO,MI,AGL,CE,Combined TRACON& Tower with Radar,2,28,15,1,46,0,4,29,0,33,2,32,44,1,79,104,0,104,183
11/18/2007,AZO,MI,AGL,CE,Combined TRACON& Tower with Radar,3,30,31,0,64,0,5,81,0,86,3,35,112,0,150,80,0,80,230
11/19/2007,AZO,MI,AGL,CE,Combined TRACON& Tower with Radar,2,32,27,0,61,0,0,17,0,17,2,32,44,0,78,34,0,34,112
11/20/2007,AZO,MI,AGL,CE,Combined TRACON& Tower with Radar,2,26,41,0,69,0,0,0,0,0,2,26,41,0,69,0,0,0,69
11/21/2007,AZO,MI,AGL,CE,Combined TRACON& Tower with Radar,2,43,36,0,81,0,1,1,0,2,2,44,37,0,83,2,0,2,85
11/22/2007,AZO,MI,AGL,CE,Combined TRACON& Tower with Radar,2,15,7,0,24,0,6,0,0,6,2,21,7,0,30,0,0,0,30
11/23/2007,AZO,MI,AGL,CE,Combined TRACON& Tower with Radar,2,21,18,0,41,0,10,22,0,32,2,31,40,0,73,24,0,24,97
11/24/2007,AZO,MI,AGL,CE,Combined TRACON& Tower with Radar,2,33,14,0,49,0,2,47,0,49,2,35,61,0,98,78,0,78,176
11/25/2007,AZO,MI,AGL,CE,Combined TRACON& Tower with Radar,2,32,29,0,63,0,0,57,0,57,2,32,86,0,120,100,0,100,220
11/26/2007,AZO,MI,AGL,CE,Combined TRACON& Tower with Radar,2,40,17,0,59,0,0,0,0,0,2,40,17,0,59,0,0,0,59
11/27/2007,AZO,MI,AGL,CE,Combined TRACON& Tower with Radar,20,36,47,0,103,0,3,17,0,20,20,39,64,0,123,67,0,67,190
11/28/2007,AZO,MI,AGL,CE,Combined TRACON& Tower with Radar,2,47,34,0,83,0,1,30,0,31,2,48,64,0,114,65,0,65,179
11/29/2007,AZO,MI,AGL,CE,Combined TRACON& Tower with Radar,2,37,26,2,67,0,1,19,0,20,2,38,45,2,87,12,0,12,99
11/30/2007,AZO,MI,AGL,CE,Combined TRACON& Tower with Radar,2,38,34,2,76,0,11,26,1,38,2,49,60,3,114,32,0,32,146
12/01/2007,AZO,MI,AGL,CE,Combined TRACON& Tower with Radar,2,18,21,0,41,0,0,48,0,48,2,18,69,0,89,90,0,90,179
12/02/2007,AZO,MI,AGL,CE,Combined TRACON& Tower with Radar,2,16,12,0,30,0,0,0,0,0,2,16,12,0,30,0,0,0,30
12/03/2007,AZO,MI,AGL,CE,Combined TRACON& Tower with Radar,2,43,22,0,67,0,4,3,0,7,2,47,25,0,74,6,0,6,80
12/04/2007,AZO,MI,AGL,CE,Combined TRACON& Tower with Radar,2,30,41,4,77,0,4,51,0,55,2,34,92,4,132,64,0,64,196
12/05/2007,AZO,MI,AGL,CE,Combined TRACON& Tower with Radar,2,33,40,0,75,0,8,34,0,42,2,41,74,0,117,90,0,90,207
12/06/2007,AZO,MI,AGL,CE,Combined TRACON& Tower with Radar,4,34,45,0,83,0,0,61,0,61,4,34,106,0,144,94,0,94,238
12/07/2007,AZO,MI,AGL,CE,Combined TRACON& Tower with Radar,1,35,29,0,65,0,0,0,0,0,1,35,29,0,65,0,0,0,65
12/08/2007,AZO,MI,AGL,CE,Combined TRACON& Tower with Radar,2,32,114,0,148,0,0,0,0,0,2,32,114,0,148,132,0,132,280
12/09/2007,AZO,MI,AGL,CE,Combined TRACON& Tower with Radar,2,20,7,0,29,0,0,0,0,0,2,20,7,0,29,0,0,0,29
12/10/2007,AZO,MI,AGL,CE,Combined TRACON& Tower with Radar,2,30,39,0,71,0,0,38,0,38,2,30,77,0,109,60,0,60,169
12/11/2007,AZO,MI,AGL,CE,Combined TRACON& Tower with Radar,2,22,14,0,38,0,0,0,0,0,2,22,14,0,38,0,0,0,38
12/12/2007,AZO,MI,AGL,CE,Combined TRACON& Tower with Radar,3,37,33,3,76,0,0,51,0,51,3,37,84,3,127,96,0,96,223
12/13/2007,AZO,MI,AGL,CE,Combined TRACON& Tower with Radar,2,33,21,0,56,0,0,1,0,1,2,33,22,0,57,0,0,0,57
12/14/2007,AZO,MI,AGL,CE,Combined TRACON& Tower with Radar,3,32,24,0,59,0,5,37,0,42,3,37,61,0,101,62,0,62,163
12/15/2007,AZO,MI,AGL,CE,Combined TRACON& Tower with Radar,2,20,1,0,23,0,0,0,0,0,2,20,1,0,23,0,0,0,23
12/16/2007,AZO,MI,AGL,CE,Combined TRACON& Tower with Radar,0,26,7,0,33,0,2,0,0,2,0,28,7,0,35,0,0,0,35
12/17/2007,AZO,MI,AGL,CE,Combined TRACON& Tower with Radar,2,29,31,0,62,0,7,28,0,35,2,36,59,0,97,26,0,26,123
12/18/2007,AZO,MI,AGL,CE,Combined TRACON& Tower with Radar,2,27,33,6,68,0,0,50,0,50,2,27,83,6,118,18,0,18,136
12/19/2007,AZO,MI,AGL,CE,Combined TRACON& Tower with Radar,3,29,36,0,68,0,9,11,0,20,3,38,47,0,88,30,0,30,118
12/20/2007,AZO,MI,AGL,CE,Combined TRACON& Tower with Radar,4,32,44,0,80,0,5,46,0,51,4,37,90,0,131,24,0,24,155
12/21/2007,AZO,MI,AGL,CE,Combined TRACON& Tower with Radar,3,22,13,0,38,0,0,7,0,7,3,22,20,0,45,40,0,40,85
12/22/2007,AZO,MI,AGL,CE,Combined TRACON& Tower with Radar,2,23,42,0,67,0,1,3,0,4,2,24,45,0,71,10,0,10,81
12/23/2007,AZO,MI,AGL,CE,Combined TRACON& Tower with Radar,1,25,5,0,31,0,3,0,0,3,1,28,5,0,34,0,0,0,34
12/24/2007,AZO,MI,AGL,CE,Combined TRACON& Tower with Radar,1,18,10,0,29,0,1,6,0,7,1,19,16,0,36,0,0,0,36
12/25/2007,AZO,MI,AGL,CE,Combined TRACON& Tower with Radar,1,25,4,0,30,0,2,6,0,8,1,27,10,0,38,0,0,0,38
12/26/2007,AZO,MI,AGL,CE,Combined TRACON& Tower with Radar,4,32,36,0,72,0,8,78,0,86,4,40,114,0,158,80,0,80,238
12/27/2007,AZO,MI,AGL,CE,Combined TRACON& Tower with Radar,4,30,7,0,41,0,0,0,0,0,4,30,7,0,41,2,0,2,43
12/28/2007,AZO,MI,AGL,CE,Combined TRACON& Tower with Radar,2,19,3,0,24,0,0,0,0,0,2,19,3,0,24,0,0,0,24
12/29/2007,AZO,MI,AGL,CE,Combined TRACON& Tower with Radar,4,31,6,0,41,0,0,9,0,9,4,31,15,0,50,92,0,92,142
12/30/2007,AZO,MI,AGL,CE,Combined TRACON& Tower with Radar,3,26,15,0,44,0,5,33,0,38,3,31,48,0,82,72,0,72,154
12/31/2007,AZO,MI,AGL,CE,Combined TRACON& Tower with Radar,3,37,14,0,54,0,0,0,0,0,3,37,14,0,54,0,0,0,54
01/01/2008,AZO,MI,AGL,CE,Combined TRACON& Tower with Radar,0,17,2,0,19,0,0,0,0,0,0,17,2,0,19,0,0,0,19
01/02/2008,AZO,MI,AGL,CE,Combined TRACON& Tower with Radar,1,33,17,2,53,0,0,2,0,2,1,33,19,2,55,0,0,0,55
01/03/2008,AZO,MI,AGL,CE,Combined TRACON& Tower with Radar,3,29,32,0,64,0,5,40,0,45,3,34,72,0,109,30,0,30,139
01/04/2008,AZO,MI,AGL,CE,Combined TRACON& Tower with Radar,5,29,35,0,69,0,2,48,0,50,5,31,83,0,119,76,0,76,195
01/05/2008,AZO,MI,AGL,CE,Combined TRACON& Tower with Radar,4,24,15,0,43,0,0,4,0,4,4,24,19,0,47,0,0,0,47
01/06/2008,AZO,MI,AGL,CE,Combined TRACON& Tower with Radar,0,6,5,0,11,0,3,0,0,3,0,9,5,0,14,0,0,0,14
01/07/2008,AZO,MI,AGL,CE,Combined TRACON& Tower with Radar,3,27,34,0,64,0,12,5,0,17,3,39,39,0,81,36,0,36,117
01/08/2008,AZO,MI,AGL,CE,Combined TRACON& Tower with Radar,4,27,18,0,49,0,1,5,0,6,4,28,23,0,55,0,0,0,55
01/09/2008,AZO,MI,AGL,CE,Combined TRACON& Tower with Radar,7,25,46,1,79,0,5,46,0,51,7,30,92,1,130,92,0,92,222
01/10/2008,AZO,MI,AGL,CE,Combined TRACON& Tower with Radar,5,29,22,2,58,0,0,32,0,32,5,29,54,2,90,14,0,14,104
01/11/2008,AZO,MI,AGL,CE,Combined TRACON& Tower with Radar,4,30,12,0,46,0,2,0,0,2,4,32,12,0,48,0,0,0,48
01/12/2008,AZO,MI,AGL,CE,Combined TRACON& Tower with Radar,2,29,31,0,62,0,2,85,0,87,2,31,116,0,149,124,0,124,273
01/13/2008,AZO,MI,AGL,CE,Combined TRACON& Tower with Radar,6,27,14,0,47,0,0,1,0,1,6,27,15,0,48,0,0,0,48
01/14/2008,AZO,MI,AGL,CE,Combined TRACON& Tower with Radar,4,29,22,0,55,0,0,0,0,0,4,29,22,0,55,0,0,0,55
01/15/2008,AZO,MI,AGL,CE,Combined TRACON& Tower with Radar,4,31,38,0,73,0,0,1,0,1,4,31,39,0,74,0,0,0,74
01/16/2008,AZO,MI,AGL,CE,Combined TRACON& Tower with Radar,4,34,31,0,69,0,4,71,0,75,4,38,102,0,144,88,0,88,232
01/17/2008,AZO,MI,AGL,CE,Combined TRACON& Tower with Radar,4,28,20,4,56,0,0,4,0,4,4,28,24,4,60,6,0,6,66
01/18/2008,AZO,MI,AGL,CE,Combined TRACON& Tower with Radar,4,33,34,0,71,0,0,43,0,43,4,33,77,0,114,122,0,122,236
01/19/2008,AZO,MI,AGL,CE,Combined TRACON& Tower with Radar,8,24,11,0,43,0,0,2,0,2,8,24,13,0,45,0,0,0,45
01/20/2008,AZO,MI,AGL,CE,Combined TRACON& Tower with Radar,4,27,20,0,51,0,2,3,0,5,4,29,23,0,56,0,0,0,56
01/21/2008,AZO,MI,AGL,CE,Combined TRACON& Tower with Radar,4,29,19,0,52,0,0,17,0,17,4,29,36,0,69,122,0,122,191
01/22/2008,AZO,MI,AGL,CE,Combined TRACON& Tower with Radar,4,27,25,0,56,0,2,2,0,4,4,29,27,0,60,0,0,0,60
01/23/2008,AZO,MI,AGL,CE,Combined TRACON& Tower with Radar,4,29,20,0,53,0,2,8,1,11,4,31,28,1,64,30,0,30,94
01/24/2008,AZO,MI,AGL,CE,Combined TRACON& Tower with Radar,4,39,36,0,79,0,0,31,0,31,4,39,67,0,110,106,0,106,216
01/25/2008,AZO,MI,AGL,CE,Combined TRACON& Tower with Radar,4,31,42,0,77,0,0,42,0,42,4,31,84,0,119,52,0,52,171
01/26/2008,AZO,MI,AGL,CE,Combined TRACON& Tower with Radar,2,27,14,0,43,0,0,15,0,15,2,27,29,0,58,32,0,32,90
01/27/2008,AZO,MI,AGL,CE,Combined TRACON& Tower with Radar,4,31,29,0,64,0,2,44,0,46,4,33,73,0,110,132,0,132,242
01/28/2008,AZO,MI,AGL,CE,Combined TRACON& Tower with Radar,5,26,32,0,63,0,1,29,0,30,5,27,61,0,93,62,0,62,155
01/29/2008,AZO,MI,AGL,CE,Combined TRACON& Tower with Radar,4,21,23,0,48,0,0,0,0,0,4,21,23,0,48,0,0,0,48
01/30/2008,AZO,MI,AGL,CE,Combined TRACON& Tower with Radar,4,30,21,0,55,0,2,0,0,2,4,32,21,0,57,0,0,0,57
01/31/2008,AZO,MI,AGL,CE,Combined TRACON& Tower with Radar,4,31,45,0,80,0,0,8,0,8,4,31,53,0,88,0,0,0,88
02/01/2008,AZO,MI,AGL,CE,Combined TRACON& Tower with Radar,4,20,17,0,41,0,0,0,0,0,4,20,17,0,41,0,0,0,41
02/02/2008,AZO,MI,AGL,CE,Combined TRACON& Tower with Radar,3,30,7,0,40,0,0,12,0,12,3,30,19,0,52,38,0,38,90
02/03/2008,AZO,MI,AGL,CE,Combined TRACON& Tower with Radar,6,24,27,0,57,0,6,1,0,7,6,30,28,0,64,10,0,10,74
02/04/2008,AZO,MI,AGL,CE,Combined TRACON& Tower with Radar,3,16,11,0,30,0,0,0,0,0,3,16,11,0,30,0,0,0,30
02/05/2008,AZO,MI,AGL,CE,Combined TRACON& Tower with Radar,3,27,9,0,39,0,0,0,0,0,3,27,9,0,39,0,0,0,39
02/06/2008,AZO,MI,AGL,CE,Combined TRACON& Tower with Radar,3,16,17,0,36,0,0,0,0,0,3,16,17,0,36,0,0,0,36
02/07/2008,AZO,MI,AGL,CE,Combined TRACON& Tower with Radar,3,41,40,0,84,0,5,1,1,7,3,46,41,1,91,0,0,0,91
02/08/2008,AZO,MI,AGL,CE,Combined TRACON& Tower with Radar,3,35,21,0,59,0,0,3,0,3,3,35,24,0,62,0,0,0,62
02/09/2008,AZO,MI,AGL,CE,Combined TRACON& Tower with Radar,1,22,7,0,30,0,0,0,0,0,1,22,7,0,30,0,0,0,30
02/10/2008,AZO,MI,AGL,CE,Combined TRACON& Tower with Radar,0,9,4,0,13,0,0,0,0,0,0,9,4,0,13,0,0,0,13
02/11/2008,AZO,MI,AGL,CE,Combined TRACON& Tower with Radar,4,28,28,0,60,0,1,12,0,13,4,29,40,0,73,30,0,30,103
02/12/2008,AZO,MI,AGL,CE,Combined TRACON& Tower with Radar,5,24,19,0,48,0,2,0,0,2,5,26,19,0,50,0,0,0,50
02/13/2008,AZO,MI,AGL,CE,Combined TRACON& Tower with Radar,4,40,40,0,84,0,1,45,0,46,4,41,85,0,130,86,0,86,216
02/14/2008,AZO,MI,AGL,CE,Combined TRACON& Tower with Radar,4,27,28,0,59,0,4,3,0,7,4,31,31,0,66,84,0,84,150
02/15/2008,AZO,MI,AGL,CE,Combined TRACON& Tower with Radar,5,37,36,0,78,0,1,22,0,23,5,38,58,0,101,80,0,80,181
02/16/2008,AZO,MI,AGL,CE,Combined TRACON& Tower with Radar,11,31,39,0,81,0,3,116,0,119,11,34,155,0,200,144,0,144,344
02/17/2008,AZO,MI,AGL,CE,Combined TRACON& Tower with Radar,2,24,6,0,32,0,3,1,0,4,2,27,7,0,36,0,0,0,36
02/18/2008,AZO,MI,AGL,CE,Combined TRACON& Tower with Radar,4,25,26,0,55,0,0,1,0,1,4,25,27,0,56,16,0,16,72
02/19/2008,AZO,MI,AGL,CE,Combined TRACON& Tower with Radar,4,28,46,0,78,0,1,7,0,8,4,29,53,0,86,24,0,24,110
02/20/2008,AZO,MI,AGL,CE,Combined TRACON& Tower with Radar,3,41,48,2,94,0,11,48,0,59,3,52,96,2,153,160,0,160,313
02/21/2008,AZO,MI,AGL,CE,Combined TRACON& Tower with Radar,4,32,42,0,78,0,2,66,0,68,4,34,108,0,146,112,0,112,258
02/22/2008,AZO,MI,AGL,CE,Combined TRACON& Tower with Radar,4,34,39,0,77,0,1,48,0,49,4,35,87,0,126,126,0,126,252
02/23/2008,AZO,MI,AGL,CE,Combined TRACON& Tower with Radar,2,29,26,0,57,0,0,142,0,142,2,29,168,0,199,128,0,128,327
02/24/2008,AZO,MI,AGL,CE,Combined TRACON& Tower with Radar,2,29,27,0,58,0,0,78,0,78,2,29,105,0,136,66,0,66,202
02/25/2008,AZO,MI,AGL,CE,Combined TRACON& Tower with Radar,4,33,35,0,72,0,0,0,0,0,4,33,35,0,72,0,0,0,72
02/26/2008,AZO,MI,AGL,CE,Combined TRACON& Tower with Radar,18,31,4,0,53,0,0,0,0,0,18,31,4,0,53,24,0,24,77
02/27/2008,AZO,MI,AGL,CE,Combined TRACON& Tower with Radar,4,34,25,0,63,0,1,4,2,7,4,35,29,2,70,16,0,16,86
02/28/2008,AZO,MI,AGL,CE,Combined TRACON& Tower with Radar,4,28,69,0,101,0,0,0,0,0,4,28,69,0,101,48,0,48,149
02/29/2008,AZO,MI,AGL,CE,Combined TRACON& Tower with Radar,3,25,26,0,54,0,0,0,0,0,3,25,26,0,54,6,0,6,60
03/01/2008,AZO,MI,AGL,CE,Combined TRACON& Tower with Radar,1,32,25,0,58,0,0,67,0,67,1,32,92,0,125,40,0,40,165
03/02/2008,AZO,MI,AGL,CE,Combined TRACON& Tower with Radar,1,27,22,0,50,0,5,13,0,18,1,32,35,0,68,0,0,0,68
03/03/2008,AZO,MI,AGL,CE,Combined TRACON& Tower with Radar,3,27,12,0,42,0,0,2,0,2,3,27,14,0,44,0,0,0,44
03/04/2008,AZO,MI,AGL,CE,Combined TRACON& Tower with Radar,4,29,35,0,68,0,4,29,0,33,4,33,64,0,101,70,0,70,171
03/05/2008,AZO,MI,AGL,CE,Combined TRACON& Tower with Radar,4,32,34,0,70,0,4,39,0,43,4,36,73,0,113,90,0,90,203
03/06/2008,AZO,MI,AGL,CE,Combined TRACON& Tower with Radar,4,32,25,0,61,0,0,20,0,20,4,32,45,0,81,74,0,74,155
03/07/2008,AZO,MI,AGL,CE,Combined TRACON& Tower with Radar,4,26,26,0,56,0,2,50,0,52,4,28,76,0,108,84,0,84,192
03/08/2008,AZO,MI,AGL,CE,Combined TRACON& Tower with Radar,2,23,19,0,44,0,1,52,0,53,2,24,71,0,97,60,0,60,157
03/09/2008,AZO,MI,AGL,CE,Combined TRACON& Tower with Radar,1,29,13,0,43,0,9,31,0,40,1,38,44,0,83,74,0,74,157
03/10/2008,AZO,MI,AGL,CE,Combined TRACON& Tower with Radar,3,28,34,0,65,0,6,19,0,25,3,34,53,0,90,56,0,56,146
03/11/2008,AZO,MI,AGL,CE,Combined TRACON& Tower with Radar,4,31,32,0,67,0,3,34,0,37,4,34,66,0,104,46,0,46,150
03/12/2008,AZO,MI,AGL,CE,Combined TRACON& Tower with Radar,4,33,32,0,69,0,0,65,0,65,4,33,97,0,134,96,0,96,230
03/13/2008,AZO,MI,AGL,CE,Combined TRACON& Tower with Radar,4,32,55,0,91,0,1,33,0,34,4,33,88,0,125,28,0,28,153
03/14/2008,AZO,MI,AGL,CE,Combined TRACON& Tower with Radar,4,36,40,0,80,0,1,76,0,77,4,37,116,0,157,112,0,112,269
03/15/2008,AZO,MI,AGL,CE,Combined TRACON& Tower with Radar,1,32,24,0,57,0,0,71,0,71,1,32,95,0,128,142,0,142,270
03/16/2008,AZO,MI,AGL,CE,Combined TRACON& Tower with Radar,1,28,28,0,57,0,3,46,0,49,1,31,74,0,106,36,0,36,142
03/17/2008,AZO,MI,AGL,CE,Combined TRACON& Tower with Radar,4,35,26,0,65,0,1,29,0,30,4,36,55,0,95,60,0,60,155
03/18/2008,AZO,MI,AGL,CE,Combined TRACON& Tower with Radar,4,25,22,0,51,0,0,0,0,0,4,25,22,0,51,0,0,0,51
03/19/2008,AZO,MI,AGL,CE,Combined TRACON& Tower with Radar,4,30,27,0,61,0,4,18,0,22,4,34,45,0,83,58,0,58,141
03/20/2008,AZO,MI,AGL,CE,Combined TRACON& Tower with Radar,4,38,54,0,96,0,5,59,0,64,4,43,113,0,160,160,0,160,320
03/21/2008,AZO,MI,AGL,CE,Combined TRACON& Tower with Radar,2,11,9,0,22,0,0,3,0,3,2,11,12,0,25,0,0,0,25
03/22/2008,AZO,MI,AGL,CE,Combined TRACON& Tower with Radar,1,28,24,0,53,0,2,40,0,42,1,30,64,0,95,14,0,14,109
03/23/2008,AZO,MI,AGL,CE,Combined TRACON& Tower with Radar,2,33,17,0,52,0,0,26,0,26,2,33,43,0,78,12,0,12,90
03/24/2008,AZO,MI,AGL,CE,Combined TRACON& Tower with Radar,4,32,33,0,69,0,2,80,0,82,4,34,113,0,151,78,0,78,229
03/25/2008,AZO,MI,AGL,CE,Combined TRACON& Tower with Radar,4,24,18,0,46,0,2,5,0,7,4,26,23,0,53,0,0,0,53
03/26/2008,AZO,MI,AGL,CE,Combined TRACON& Tower with Radar,4,30,43,0,77,0,6,81,0,87,4,36,124,0,164,132,0,132,296
03/27/2008,AZO,MI,AGL,CE,Combined TRACON& Tower with Radar,3,27,17,0,47,0,2,2,0,4,3,29,19,0,51,0,0,0,51
03/28/2008,AZO,MI,AGL,CE,Combined TRACON& Tower with Radar,4,34,29,0,67,0,0,9,29,38,4,34,38,29,105,64,0,64,169
03/29/2008,AZO,MI,AGL,CE,Combined TRACON& Tower with Radar,3,31,28,0,62,0,2,142,0,144,3,33,170,0,206,134,0,134,340
03/30/2008,AZO,MI,AGL,CE,Combined TRACON& Tower with Radar,2,28,19,0,49,0,5,20,0,25,2,33,39,0,74,40,0,40,114
03/31/2008,AZO,MI,AGL,CE,Combined TRACON& Tower with Radar,5,34,16,0,55,0,0,0,0,0,5,34,16,0,55,0,0,0,55
04/01/2008,AZO,MI,AGL,CE,Combined TRACON& Tower with Radar,4,27,16,0,47,0,0,1,0,1,4,27,17,0,48,0,0,0,48
04/02/2008,AZO,MI,AGL,CE,Combined TRACON& Tower with Radar,4,36,38,0,78,0,7,96,0,103,4,43,134,0,181,116,0,116,297
04/03/2008,AZO,MI,AGL,CE,Combined TRACON& Tower with Radar,6,34,27,0,67,0,3,59,0,62,6,37,86,0,129,152,0,152,281
04/04/2008,AZO,MI,AGL,CE,Combined TRACON& Tower with Radar,5,33,20,0,58,0,3,5,0,8,5,36,25,0,66,2,0,2,68
04/05/2008,AZO,MI,AGL,CE,Combined TRACON& Tower with Radar,2,27,20,0,49,0,4,92,0,96,2,31,112,0,145,102,0,102,247
04/06/2008,AZO,MI,AGL,CE,Combined TRACON& Tower with Radar,2,31,32,1,66,0,2,77,0,79,2,33,109,1,145,100,0,100,245
04/07/2008,AZO,MI,AGL,CE,Combined TRACON& Tower with Radar,4,35,23,0,62,0,4,21,0,25,4,39,44,0,87,20,0,20,107
04/08/2008,AZO,MI,AGL,CE,Combined TRACON& Tower with Radar,4,32,23,0,59,0,0,48,0,48,4,32,71,0,107,60,0,60,167
04/09/2008,AZO,MI,AGL,CE,Combined TRACON& Tower with Radar,5,36,26,0,67,0,2,14,0,16,5,38,40,0,83,0,0,0,83
04/10/2008,AZO,MI,AGL,CE,Combined TRACON& Tower with Radar,3,33,26,0,62,0,0,10,0,10,3,33,36,0,72,24,0,24,96
04/11/2008,AZO,MI,AGL,CE,Combined TRACON& Tower with Radar,5,36,21,0,62,0,4,8,0,12,5,40,29,0,74,6,0,6,80
04/12/2008,AZO,MI,AGL,CE,Combined TRACON& Tower with Radar,3,35,14,0,52,0,0,0,0,0,3,35,14,0,52,0,0,0,52
04/13/2008,AZO,MI,AGL,CE,Combined TRACON& Tower with Radar,4,38,29,0,71,0,0,36,0,36,4,38,65,0,107,40,0,40,147
04/14/2008,AZO,MI,AGL,CE,Combined TRACON& Tower with Radar,4,37,33,0,74,0,1,68,0,69,4,38,101,0,143,84,0,84,227
04/15/2008,AZO,MI,AGL,CE,Combined TRACON& Tower with Radar,4,43,47,0,94,0,6,66,0,72,4,49,113,0,166,134,0,134,300
04/16/2008,AZO,MI,AGL,CE,Combined TRACON& Tower with Radar,5,36,24,0,65,0,0,19,0,19,5,36,43,0,84,82,0,82,166
04/17/2008,AZO,MI,AGL,CE,Combined TRACON& Tower with Radar,4,39,40,0,83,0,2,70,0,72,4,41,110,0,155,84,0,84,239
04/18/2008,AZO,MI,AGL,CE,Combined TRACON& Tower with Radar,3,35,25,0,63,0,0,55,0,55,3,35,80,0,118,32,0,32,150
04/19/2008,AZO,MI,AGL,CE,Combined TRACON& Tower with Radar,4,25,17,0,46,0,0,56,0,56,4,25,73,0,102,126,0,126,228
04/20/2008,AZO,MI,AGL,CE,Combined TRACON& Tower with Radar,4,33,30,0,67,0,3,68,1,72,4,36,98,1,139,102,0,102,241
04/21/2008,AZO,MI,AGL,CE,Combined TRACON& Tower with Radar,4,37,27,0,68,0,3,54,0,57,4,40,81,0,125,88,0,88,213
04/22/2008,AZO,MI,AGL,CE,Combined TRACON& Tower with Radar,3,39,33,0,75,0,0,50,0,50,3,39,83,0,125,128,0,128,253
04/23/2008,AZO,MI,AGL,CE,Combined TRACON& Tower with Radar,4,39,28,0,71,0,0,72,0,72,4,39,100,0,143,112,0,112,255
04/24/2008,AZO,MI,AGL,CE,Combined TRACON& Tower with Radar,5,38,26,0,69,0,2,41,0,43,5,40,67,0,112,42,0,42,154
04/25/2008,AZO,MI,AGL,CE,Combined TRACON& Tower with Radar,3,28,33,0,64,0,0,26,1,27,3,28,59,1,91,6,0,6,97
04/26/2008,AZO,MI,AGL,CE,Combined TRACON& Tower with Radar,2,32,10,0,44,0,2,14,0,16,2,34,24,0,60,0,0,0,60
04/27/2008,AZO,MI,AGL,CE,Combined TRACON& Tower with Radar,4,32,21,0,57,0,4,64,0,68,4,36,85,0,125,54,0,54,179
04/28/2008,AZO,MI,AGL,CE,Combined TRACON& Tower with Radar,4,39,26,0,69,0,2,33,0,35,4,41,59,0,104,104,0,104,208
04/29/2008,AZO,MI,AGL,CE,Combined TRACON& Tower with Radar,4,34,34,0,72,0,3,54,0,57,4,37,88,0,129,94,0,94,223
04/30/2008,AZO,MI,AGL,CE,Combined TRACON& Tower with Radar,4,38,38,0,80,0,5,74,0,79,4,43,112,0,159,166,0,166,325
05/01/2008,AZO,MI,AGL,CE,Combined TRACON& Tower with Radar,4,34,38,0,76,0,3,45,0,48,4,37,83,0,124,148,0,148,272
05/02/2008,AZO,MI,AGL,CE,Combined TRACON& Tower with Radar,4,30,12,0,46,0,1,9,0,10,4,31,21,0,56,8,0,8,64
05/03/2008,AZO,MI,AGL,CE,Combined TRACON& Tower with Radar,5,23,12,0,40,0,0,130,0,130,5,23,142,0,170,78,0,78,248
05/04/2008,AZO,MI,AGL,CE,Combined TRACON& Tower with Radar,4,33,23,0,60,0,4,100,0,104,4,37,123,0,164,154,0,154,318
05/05/2008,AZO,MI,AGL,CE,Combined TRACON& Tower with Radar,3,38,30,0,71,0,0,66,0,66,3,38,96,0,137,106,0,106,243
05/06/2008,AZO,MI,AGL,CE,Combined TRACON& Tower with Radar,6,32,49,0,87,0,6,66,0,72,6,38,115,0,159,98,0,98,257
05/07/2008,AZO,MI,AGL,CE,Combined TRACON& Tower with Radar,6,35,20,0,61,0,4,10,0,14,6,39,30,0,75,26,0,26,101
05/08/2008,AZO,MI,AGL,CE,Combined TRACON& Tower with Radar,4,38,57,0,99,0,3,61,0,64,4,41,118,0,163,136,0,136,299
05/09/2008,AZO,MI,AGL,CE,Combined TRACON& Tower with Radar,4,40,48,0,92,0,1,71,0,72,4,41,119,0,164,106,0,106,270
05/10/2008,AZO,MI,AGL,CE,Combined TRACON& Tower with Radar,3,26,28,0,57,0,6,109,0,115,3,32,137,0,172,84,0,84,256
05/11/2008,AZO,MI,AGL,CE,Combined TRACON& Tower with Radar,4,26,8,0,38,0,0,4,0,4,4,26,12,0,42,0,0,0,42
05/12/2008,AZO,MI,AGL,CE,Combined TRACON& Tower with Radar,4,37,57,0,98,0,8,43,0,51,4,45,100,0,149,110,0,110,259
05/13/2008,AZO,MI,AGL,CE,Combined TRACON& Tower with Radar,4,34,33,0,71,0,3,72,0,75,4,37,105,0,146,52,0,52,198
05/14/2008,AZO,MI,AGL,CE,Combined TRACON& Tower with Radar,4,39,65,0,108,0,1,2,0,3,4,40,67,0,111,12,0,12,123
05/15/2008,AZO,MI,AGL,CE,Combined TRACON& Tower with Radar,4,36,48,0,88,0,0,92,2,94,4,36,140,2,182,112,0,112,294
05/16/2008,AZO,MI,AGL,CE,Combined TRACON& Tower with Radar,3,36,36,2,77,0,0,56,1,57,3,36,92,3,134,38,0,38,172
05/17/2008,AZO,MI,AGL,CE,Combined TRACON& Tower with Radar,2,28,12,0,42,0,5,50,0,55,2,33,62,0,97,40,0,40,137
05/18/2008,AZO,MI,AGL,CE,Combined TRACON& Tower with Radar,4,30,24,0,58,0,7,29,0,36,4,37,53,0,94,18,0,18,112
05/19/2008,AZO,MI,AGL,CE,Combined TRACON& Tower with Radar,4,33,36,0,73,0,4,71,0,75,4,37,107,0,148,118,0,118,266
05/20/2008,AZO,MI,AGL,CE,Combined TRACON& Tower with Radar,4,37,45,0,86,0,4,58,0,62,4,41,103,0,148,138,0,138,286
05/21/2008,AZO,MI,AGL,CE,Combined TRACON& Tower with Radar,4,34,42,0,80,0,8,50,0,58,4,42,92,0,138,108,0,108,246
05/22/2008,AZO,MI,AGL,CE,Combined TRACON& Tower with Radar,4,38,41,0,83,0,0,53,0,53,4,38,94,0,136,136,0,136,272
05/23/2008,AZO,MI,AGL,CE,Combined TRACON& Tower with Radar,4,37,27,0,68,0,2,94,0,96,4,39,121,0,164,60,0,60,224
05/24/2008,AZO,MI,AGL,CE,Combined TRACON& Tower with Radar,3,22,26,0,51,0,10,78,0,88,3,32,104,0,139,154,0,154,293
05/25/2008,AZO,MI,AGL,CE,Combined TRACON& Tower with Radar,4,21,11,0,36,0,5,43,0,48,4,26,54,0,84,20,0,20,104
05/26/2008,AZO,MI,AGL,CE,Combined TRACON& Tower with Radar,4,29,10,0,43,0,3,25,0,28,4,32,35,0,71,4,0,4,75
05/27/2008,AZO,MI,AGL,CE,Combined TRACON& Tower with Radar,3,34,34,0,71,0,3,42,0,45,3,37,76,0,116,152,0,152,268
05/28/2008,AZO,MI,AGL,CE,Combined TRACON& Tower with Radar,4,42,15,0,61,0,3,68,1,72,4,45,83,1,133,82,0,82,215
05/29/2008,AZO,MI,AGL,CE,Combined TRACON& Tower with Radar,4,37,35,0,76,0,0,89,0,89,4,37,124,0,165,280,0,280,445
05/30/2008,AZO,MI,AGL,CE,Combined TRACON& Tower with Radar,4,35,19,0,58,0,2,7,0,9,4,37,26,0,67,0,0,0,67
05/31/2008,AZO,MI,AGL,CE,Combined TRACON& Tower with Radar,4,24,22,0,50,0,0,30,0,30,4,24,52,0,80,42,0,42,122
06/01/2008,AZO,MI,AGL,CE,Combined TRACON& Tower with Radar,4,33,23,0,60,0,0,79,0,79,4,33,102,0,139,70,0,70,209
06/02/2008,AZO,MI,AGL,CE,Combined TRACON& Tower with Radar,4,36,24,0,64,0,0,66,0,66,4,36,90,0,130,162,0,162,292
06/03/2008,AZO,MI,AGL,CE,Combined TRACON& Tower with Radar,4,37,39,0,80,0,5,2,0,7,4,42,41,0,87,0,0,0,87
06/04/2008,AZO,MI,AGL,CE,Combined TRACON& Tower with Radar,3,37,48,0,88,0,0,0,0,0,3,37,48,0,88,0,0,0,88
06/05/2008,AZO,MI,AGL,CE,Combined TRACON& Tower with Radar,3,41,50,0,94,0,4,28,0,32,3,45,78,0,126,56,0,56,182
06/06/2008,AZO,MI,AGL,CE,Combined TRACON& Tower with Radar,3,24,25,0,52,0,0,26,0,26,3,24,51,0,78,56,0,56,134
06/07/2008,AZO,MI,AGL,CE,Combined TRACON& Tower with Radar,2,25,27,0,54,0,0,45,0,45,2,25,72,0,99,100,0,100,199
06/08/2008,AZO,MI,AGL,CE,Combined TRACON& Tower with Radar,3,18,16,0,37,0,1,24,0,25,3,19,40,0,62,12,0,12,74
06/09/2008,AZO,MI,AGL,CE,Combined TRACON& Tower with Radar,3,38,43,1,85,0,4,32,1,37,3,42,75,2,122,106,0,106,228
06/10/2008,AZO,MI,AGL,CE,Combined TRACON& Tower with Radar,4,44,24,0,72,0,4,47,1,52,4,48,71,1,124,168,0,168,292
06/11/2008,AZO,MI,AGL,CE,Combined TRACON& Tower with Radar,3,40,45,0,88,0,7,103,0,110,3,47,148,0,198,152,0,152,350
06/12/2008,AZO,MI,AGL,CE,Combined TRACON& Tower with Radar,3,38,49,0,90,0,2,76,0,78,3,40,125,0,168,102,0,102,270
06/13/2008,AZO,MI,AGL,CE,Combined TRACON& Tower with Radar,4,32,17,0,53,0,0,27,0,27,4,32,44,0,80,70,0,70,150
06/14/2008,AZO,MI,AGL,CE,Combined TRACON& Tower with Radar,1,30,16,0,47,0,0,100,0,100,1,30,116,0,147,62,0,62,209
06/15/2008,AZO,MI,AGL,CE,Combined TRACON& Tower with Radar,2,33,16,0,51,0,0,39,0,39,2,33,55,0,90,22,0,22,112
06/16/2008,AZO,MI,AGL,CE,Combined TRACON& Tower with Radar,2,38,39,0,79,0,2,52,0,54,2,40,91,0,133,88,0,88,221
06/17/2008,AZO,MI,AGL,CE,Combined TRACON& Tower with Radar,3,38,34,0,75,0,2,43,0,45,3,40,77,0,120,146,0,146,266
06/18/2008,AZO,MI,AGL,CE,Combined TRACON& Tower with Radar,0,43,65,0,108,0,1,70,1,72,0,44,135,1,180,114,0,114,294
06/19/2008,AZO,MI,AGL,CE,Combined TRACON& Tower with Radar,2,38,43,0,83,0,7,82,0,89,2,45,125,0,172,128,0,128,300
06/20/2008,AZO,MI,AGL,CE,Combined TRACON& Tower with Radar,2,36,25,0,63,0,0,52,0,52,2,36,77,0,115,190,0,190,305
06/21/2008,AZO,MI,AGL,CE,Combined TRACON& Tower with Radar,1,30,17,0,48,0,6,47,0,53,1,36,64,0,101,34,0,34,135
06/22/2008,AZO,MI,AGL,CE,Combined TRACON& Tower with Radar,2,30,21,0,53,0,0,55,0,55,2,30,76,0,108,76,0,76,184
06/23/2008,AZO,MI,AGL,CE,Combined TRACON& Tower with Radar,11,29,25,0,65,0,3,56,0,59,11,32,81,0,124,118,0,118,242
06/24/2008,AZO,MI,AGL,CE,Combined TRACON& Tower with Radar,2,33,49,0,84,0,4,75,0,79,2,37,124,0,163,130,0,130,293
06/25/2008,AZO,MI,AGL,CE,Combined TRACON& Tower with Radar,2,46,63,0,111,0,3,28,0,31,2,49,91,0,142,86,0,86,228
06/26/2008,AZO,MI,AGL,CE,Combined TRACON& Tower with Radar,1,38,38,3,80,0,2,36,0,38,1,40,74,3,118,32,0,32,150
06/27/2008,AZO,MI,AGL,CE,Combined TRACON& Tower with Radar,2,40,38,0,80,0,0,29,0,29,2,40,67,0,109,112,0,112,221
06/28/2008,AZO,MI,AGL,CE,Combined TRACON& Tower with Radar,0,29,15,0,44,0,0,33,0,33,0,29,48,0,77,34,0,34,111
06/29/2008,AZO,MI,AGL,CE,Combined TRACON& Tower with Radar,2,33,25,0,60,0,2,17,0,19,2,35,42,0,79,18,0,18,97
06/30/2008,AZO,MI,AGL,CE,Combined TRACON& Tower with Radar,2,38,31,0,71,0,2,55,0,57,2,40,86,0,128,162,0,162,290
07/01/2008,AZO,MI,AGL,CE,Combined TRACON& Tower with Radar,3,41,40,0,84,0,0,82,0,82,3,41,122,0,166,142,0,142,308
07/02/2008,AZO,MI,AGL,CE,Combined TRACON& Tower with Radar,3,33,20,0,56,0,0,47,0,47,3,33,67,0,103,78,0,78,181
07/03/2008,AZO,MI,AGL,CE,Combined TRACON& Tower with Radar,2,37,43,2,84,0,0,5,0,5,2,37,48,2,89,54,0,54,143
07/04/2008,AZO,MI,AGL,CE,Combined TRACON& Tower with Radar,2,22,11,0,35,0,0,46,0,46,2,22,57,0,81,12,0,12,93
07/05/2008,AZO,MI,AGL,CE,Combined TRACON& Tower with Radar,1,26,9,0,36,0,0,68,0,68,1,26,77,0,104,122,0,122,226
07/06/2008,AZO,MI,AGL,CE,Combined TRACON& Tower with Radar,3,38,26,0,67,0,1,95,1,97,3,39,121,1,164,52,0,52,216
07/07/2008,AZO,MI,AGL,CE,Combined TRACON& Tower with Radar,4,38,35,0,77,0,2,22,0,24,4,40,57,0,101,64,0,64,165
07/08/2008,AZO,MI,AGL,CE,Combined TRACON& Tower with Radar,4,47,37,0,88,0,1,19,0,20,4,48,56,0,108,96,0,96,204
07/09/2008,AZO,MI,AGL,CE,Combined TRACON& Tower with Radar,4,36,65,0,105,0,1,122,0,123,4,37,187,0,228,174,0,174,402
07/10/2008,AZO,MI,AGL,CE,Combined TRACON& Tower with Radar,4,36,33,0,73,0,0,61,0,61,4,36,94,0,134,178,0,178,312
07/11/2008,AZO,MI,AGL,CE,Combined TRACON& Tower with Radar,4,35,24,0,63,0,1,49,0,50,4,36,73,0,113,92,0,92,205
07/12/2008,AZO,MI,AGL,CE,Combined TRACON& Tower with Radar,2,26,8,0,36,0,5,18,0,23,2,31,26,0,59,4,0,4,63
07/13/2008,AZO,MI,AGL,CE,Combined TRACON& Tower with Radar,5,34,20,0,59,0,0,76,0,76,5,34,96,0,135,26,0,26,161
07/14/2008,AZO,MI,AGL,CE,Combined TRACON& Tower with Radar,3,34,34,0,71,0,3,69,0,72,3,37,103,0,143,150,0,150,293
07/15/2008,AZO,MI,AGL,CE,Combined TRACON& Tower with Radar,4,34,42,0,80,0,0,114,0,114,4,34,156,0,194,142,0,142,336
07/16/2008,AZO,MI,AGL,CE,Combined TRACON& Tower with Radar,8,28,43,0,79,0,0,50,0,50,8,28,93,0,129,118,0,118,247
07/17/2008,AZO,MI,AGL,CE,Combined TRACON& Tower with Radar,8,35,30,0,73,0,0,50,0,50,8,35,80,0,123,64,0,64,187
07/18/2008,AZO,MI,AGL,CE,Combined TRACON& Tower with Radar,4,36,29,0,69,0,0,54,0,54,4,36,83,0,123,102,0,102,225
07/19/2008,AZO,MI,AGL,CE,Combined TRACON& Tower with Radar,1,32,14,0,47,0,0,0,0,0,1,32,14,0,47,2,0,2,49
07/20/2008,AZO,MI,AGL,CE,Combined TRACON& Tower with Radar,4,30,14,0,48,0,0,21,0,21,4,30,35,0,69,34,0,34,103
07/21/2008,AZO,MI,AGL,CE,Combined TRACON& Tower with Radar,4,32,52,0,88,0,2,33,0,35,4,34,85,0,123,54,0,54,177
07/22/2008,AZO,MI,AGL,CE,Combined TRACON& Tower with Radar,4,34,32,0,70,0,0,65,0,65,4,34,97,0,135,90,0,90,225
07/23/2008,AZO,MI,AGL,CE,Combined TRACON& Tower with Radar,4,41,39,0,84,0,0,85,6,91,4,41,124,6,175,136,0,136,311
07/24/2008,AZO,MI,AGL,CE,Combined TRACON& Tower with Radar,3,35,32,0,70,0,0,59,0,59,3,35,91,0,129,110,0,110,239
07/25/2008,AZO,MI,AGL,CE,Combined TRACON& Tower with Radar,4,35,23,0,62,0,4,61,0,65,4,39,84,0,127,142,0,142,269
07/26/2008,AZO,MI,AGL,CE,Combined TRACON& Tower with Radar,1,28,34,0,63,0,0,44,0,44,1,28,78,0,107,150,0,150,257
07/27/2008,AZO,MI,AGL,CE,Combined TRACON& Tower with Radar,4,32,26,0,62,0,0,70,0,70,4,32,96,0,132,58,0,58,190
07/28/2008,AZO,MI,AGL,CE,Combined TRACON& Tower with Radar,4,36,31,0,71,0,0,58,0,58,4,36,89,0,129,126,0,126,255
07/29/2008,AZO,MI,AGL,CE,Combined TRACON& Tower with Radar,88,35,33,0,156,0,0,64,0,64,88,35,97,0,220,164,0,164,384
07/30/2008,AZO,MI,AGL,CE,Combined TRACON& Tower with Radar,4,42,35,0,81,0,1,62,0,63,4,43,97,0,144,104,0,104,248
07/31/2008,AZO,MI,AGL,CE,Combined TRACON& Tower with Radar,5,34,38,0,77,0,0,36,0,36,5,34,74,0,113,112,0,112,225
08/01/2008,AZO,MI,AGL,CE,Combined TRACON& Tower with Radar,4,40,25,0,69,0,0,84,0,84,4,40,109,0,153,48,0,48,201
08/02/2008,AZO,MI,AGL,CE,Combined TRACON& Tower with Radar,2,28,23,0,53,0,0,83,0,83,2,28,106,0,136,110,0,110,246
08/03/2008,AZO,MI,AGL,CE,Combined TRACON& Tower with Radar,4,36,20,0,60,0,2,65,0,67,4,38,85,0,127,94,0,94,221
08/04/2008,AZO,MI,AGL,CE,Combined TRACON& Tower with Radar,3,33,28,0,64,0,0,31,0,31,3,33,59,0,95,28,0,28,123
08/05/2008,AZO,MI,AGL,CE,Combined TRACON& Tower with Radar,4,32,57,0,93,0,0,30,0,30,4,32,87,0,123,88,0,88,211
08/06/2008,AZO,MI,AGL,CE,Combined TRACON& Tower with Radar,4,50,30,0,84,0,3,71,0,74,4,53,101,0,158,110,0,110,268
08/07/2008,AZO,MI,AGL,CE,Combined TRACON& Tower with Radar,3,42,17,0,62,0,0,48,0,48,3,42,65,0,110,132,0,132,242
08/08/2008,AZO,MI,AGL,CE,Combined TRACON& Tower with Radar,4,35,26,0,65,0,0,66,0,66,4,35,92,0,131,70,0,70,201
08/09/2008,AZO,MI,AGL,CE,Combined TRACON& Tower with Radar,2,25,12,0,39,0,0,58,0,58,2,25,70,0,97,10,0,10,107
08/10/2008,AZO,MI,AGL,CE,Combined TRACON& Tower with Radar,3,28,24,0,55,0,0,79,0,79,3,28,103,0,134,48,0,48,182
08/11/2008,AZO,MI,AGL,CE,Combined TRACON& Tower with Radar,8,32,25,1,66,0,0,137,0,137,8,32,162,1,203,106,0,106,309
08/12/2008,AZO,MI,AGL,CE,Combined TRACON& Tower with Radar,4,36,28,0,68,0,0,98,1,99,4,36,126,1,167,136,0,136,303
08/13/2008,AZO,MI,AGL,CE,Combined TRACON& Tower with Radar,4,40,26,0,70,0,0,52,1,53,4,40,78,1,123,72,0,72,195
08/14/2008,AZO,MI,AGL,CE,Combined TRACON& Tower with Radar,3,39,33,0,75,0,1,45,0,46,3,40,78,0,121,44,0,44,165
08/15/2008,AZO,MI,AGL,CE,Combined TRACON& Tower with Radar,4,34,31,0,69,0,0,95,0,95,4,34,126,0,164,62,0,62,226
08/16/2008,AZO,MI,AGL,CE,Combined TRACON& Tower with Radar,2,24,11,0,37,0,5,72,0,77,2,29,83,0,114,130,0,130,244
08/17/2008,AZO,MI,AGL,CE,Combined TRACON& Tower with Radar,8,21,22,0,51,0,2,71,0,73,8,23,93,0,124,64,0,64,188
08/18/2008,AZO,MI,AGL,CE,Combined TRACON& Tower with Radar,1,41,24,0,66,0,3,58,0,61,1,44,82,0,127,98,0,98,225
08/19/2008,AZO,MI,AGL,CE,Combined TRACON& Tower with Radar,0,36,30,0,66,0,1,42,0,43,0,37,72,0,109,96,0,96,205
08/20/2008,AZO,MI,AGL,CE,Combined TRACON& Tower with Radar,0,40,48,0,88,0,0,91,0,91,0,40,139,0,179,200,0,200,379
08/21/2008,AZO,MI,AGL,CE,Combined TRACON& Tower with Radar,8,33,37,0,78,0,0,78,0,78,8,33,115,0,156,120,0,120,276
08/22/2008,AZO,MI,AGL,CE,Combined TRACON& Tower with Radar,4,33,15,0,52,0,0,10,0,10,4,33,25,0,62,8,0,8,70
08/23/2008,AZO,MI,AGL,CE,Combined TRACON& Tower with Radar,3,22,15,0,40,0,2,42,0,44,3,24,57,0,84,64,0,64,148
08/24/2008,AZO,MI,AGL,CE,Combined TRACON& Tower with Radar,4,29,22,0,55,0,0,71,0,71,4,29,93,0,126,134,0,134,260
08/25/2008,AZO,MI,AGL,CE,Combined TRACON& Tower with Radar,3,40,37,0,80,0,0,69,0,69,3,40,106,0,149,110,0,110,259
08/26/2008,AZO,MI,AGL,CE,Combined TRACON& Tower with Radar,3,21,19,0,43,0,5,55,0,60,3,26,74,0,103,166,0,166,269
08/27/2008,AZO,MI,AGL,CE,Combined TRACON& Tower with Radar,4,34,36,0,74,0,1,65,0,66,4,35,101,0,140,76,0,76,216
08/28/2008,AZO,MI,AGL,CE,Combined TRACON& Tower with Radar,3,37,19,0,59,0,0,31,0,31,3,37,50,0,90,90,0,90,180
08/29/2008,AZO,MI,AGL,CE,Combined TRACON& Tower with Radar,4,25,37,0,66,0,2,42,0,44,4,27,79,0,110,70,0,70,180
08/30/2008,AZO,MI,AGL,CE,Combined TRACON& Tower with Radar,1,17,21,0,39,0,3,67,0,70,1,20,88,0,109,128,0,128,237
08/31/2008,AZO,MI,AGL,CE,Combined TRACON& Tower with Radar,0,15,14,0,29,0,0,72,0,72,0,15,86,0,101,76,0,76,177
09/01/2008,AZO,MI,AGL,CE,Combined TRACON& Tower with Radar,1,32,18,0,51,0,0,69,0,69,1,32,87,0,120,50,0,50,170
09/02/2008,AZO,MI,AGL,CE,Combined TRACON& Tower with Radar,0,32,22,0,54,0,3,36,0,39,0,35,58,0,93,12,0,12,105
09/03/2008,AZO,MI,AGL,CE,Combined TRACON& Tower with Radar,0,36,31,0,67,0,0,12,0,12,0,36,43,0,79,86,0,86,165
09/04/2008,AZO,MI,AGL,CE,Combined TRACON& Tower with Radar,5,29,14,0,48,0,0,0,0,0,5,29,14,0,48,6,0,6,54
09/05/2008,AZO,MI,AGL,CE,Combined TRACON& Tower with Radar,3,40,42,0,85,0,2,37,0,39,3,42,79,0,124,152,0,152,276
09/06/2008,AZO,MI,AGL,CE,Combined TRACON& Tower with Radar,3,21,21,0,45,0,6,101,0,107,3,27,122,0,152,114,0,114,266
09/07/2008,AZO,MI,AGL,CE,Combined TRACON& Tower with Radar,2,26,13,0,41,0,1,50,0,51,2,27,63,0,92,54,0,54,146
09/08/2008,AZO,MI,AGL,CE,Combined TRACON& Tower with Radar,5,30,23,0,58,0,0,17,0,17,5,30,40,0,75,28,0,28,103
09/09/2008,AZO,MI,AGL,CE,Combined TRACON& Tower with Radar,3,32,43,0,78,0,2,53,1,56,3,34,96,1,134,54,0,54,188
09/10/2008,AZO,MI,AGL,CE,Combined TRACON& Tower with Radar,4,36,22,0,62,0,6,83,3,92,4,42,105,3,154,126,0,126,280
09/11/2008,AZO,MI,AGL,CE,Combined TRACON& Tower with Radar,4,37,31,0,72,0,0,69,0,69,4,37,100,0,141,52,0,52,193
09/12/2008,AZO,MI,AGL,CE,Combined TRACON& Tower with Radar,0,52,16,0,68,0,0,0,0,0,0,52,16,0,68,0,0,0,68
09/13/2008,AZO,MI,AGL,CE,Combined TRACON& Tower with Radar,0,19,5,0,24,0,0,0,0,0,0,19,5,0,24,0,0,0,24
09/14/2008,AZO,MI,AGL,CE,Combined TRACON& Tower with Radar,2,17,4,0,23,0,0,0,0,0,2,17,4,0,23,0,0,0,23
09/15/2008,AZO,MI,AGL,CE,Combined TRACON& Tower with Radar,4,36,27,0,67,0,0,27,0,27,4,36,54,0,94,92,0,92,186
09/16/2008,AZO,MI,AGL,CE,Combined TRACON& Tower with Radar,4,35,40,0,79,0,0,82,0,82,4,35,122,0,161,136,0,136,297
09/17/2008,AZO,MI,AGL,CE,Combined TRACON& Tower with Radar,4,38,36,0,78,0,0,55,0,55,4,38,91,0,133,58,0,58,191
09/18/2008,AZO,MI,AGL,CE,Combined TRACON& Tower with Radar,4,34,38,0,76,0,0,73,0,73,4,34,111,0,149,118,0,118,267
09/19/2008,AZO,MI,AGL,CE,Combined TRACON& Tower with Radar,4,35,26,0,65,0,0,72,0,72,4,35,98,0,137,92,0,92,229
09/20/2008,AZO,MI,AGL,CE,Combined TRACON& Tower with Radar,3,21,7,0,31,0,0,79,0,79,3,21,86,0,110,60,0,60,170
09/21/2008,AZO,MI,AGL,CE,Combined TRACON& Tower with Radar,3,24,30,0,57,0,0,39,0,39,3,24,69,0,96,60,0,60,156
09/22/2008,AZO,MI,AGL,CE,Combined TRACON& Tower with Radar,4,34,32,0,70,0,0,56,0,56,4,34,88,0,126,62,0,62,188
09/23/2008,AZO,MI,AGL,CE,Combined TRACON& Tower with Radar,4,30,21,0,55,0,0,55,0,55,4,30,76,0,110,76,0,76,186
09/24/2008,AZO,MI,AGL,CE,Combined TRACON& Tower with Radar,4,35,29,0,68,0,0,37,0,37,4,35,66,0,105,88,0,88,193
09/25/2008,AZO,MI,AGL,CE,Combined TRACON& Tower with Radar,4,34,38,0,76,0,0,55,0,55,4,34,93,0,131,56,0,56,187
09/26/2008,AZO,MI,AGL,CE,Combined TRACON& Tower with Radar,3,35,30,0,68,0,0,42,0,42,3,35,72,0,110,32,0,32,142
09/27/2008,AZO,MI,AGL,CE,Combined TRACON& Tower with Radar,3,21,25,0,49,0,0,42,0,42,3,21,67,0,91,32,0,32,123
09/28/2008,AZO,MI,AGL,CE,Combined TRACON& Tower with Radar,3,23,32,0,58,0,0,39,0,39,3,23,71,0,97,36,0,36,133
09/29/2008,AZO,MI,AGL,CE,Combined TRACON& Tower with Radar,4,38,37,0,79,0,0,2,0,2,4,38,39,0,81,12,0,12,93
09/30/2008,AZO,MI,AGL,CE,Combined TRACON& Tower with Radar,4,34,34,0,72,0,0,7,0,7,4,34,41,0,79,22,0,22,101
10/01/2008,AZO,MI,AGL,CE,Combined TRACON& Tower with Radar,4,35,49,0,88,0,2,18,0,20,4,37,67,0,108,44,0,44,152
10/02/2008,AZO,MI,AGL,CE,Combined TRACON& Tower with Radar,4,36,20,0,60,0,0,17,0,17,4,36,37,0,77,42,0,42,119
10/03/2008,AZO,MI,AGL,CE,Combined TRACON& Tower with Radar,4,40,46,1,91,0,0,77,1,78,4,40,123,2,169,78,0,78,247
10/04/2008,AZO,MI,AGL,CE,Combined TRACON& Tower with Radar,2,22,20,0,44,0,4,100,0,104,2,26,120,0,148,84,0,84,232
10/05/2008,AZO,MI,AGL,CE,Combined TRACON& Tower with Radar,2,26,20,0,48,0,0,48,0,48,2,26,68,0,96,114,0,114,210
10/06/2008,AZO,MI,AGL,CE,Combined TRACON& Tower with Radar,3,29,34,0,66,0,0,30,1,31,3,29,64,1,97,66,0,66,163
10/07/2008,AZO,MI,AGL,CE,Combined TRACON& Tower with Radar,2,31,25,0,58,0,4,42,0,46,2,35,67,0,104,46,0,46,150
10/08/2008,AZO,MI,AGL,CE,Combined TRACON& Tower with Radar,4,38,26,0,68,0,0,2,0,2,4,38,28,0,70,26,0,26,96
10/09/2008,AZO,MI,AGL,CE,Combined TRACON& Tower with Radar,7,32,46,0,85,0,1,71,0,72,7,33,117,0,157,100,0,100,257
10/10/2008,AZO,MI,AGL,CE,Combined TRACON& Tower with Radar,5,32,33,0,70,0,1,84,0,85,5,33,117,0,155,82,0,82,237
10/11/2008,AZO,MI,AGL,CE,Combined TRACON& Tower with Radar,3,19,18,0,40,0,6,82,0,88,3,25,100,0,128,86,0,86,214
10/12/2008,AZO,MI,AGL,CE,Combined TRACON& Tower with Radar,2,26,28,0,56,0,4,73,0,77,2,30,101,0,133,104,0,104,237
10/13/2008,AZO,MI,AGL,CE,Combined TRACON& Tower with Radar,6,28,26,0,60,0,0,46,0,46,6,28,72,0,106,72,0,72,178
10/14/2008,AZO,MI,AGL,CE,Combined TRACON& Tower with Radar,5,31,25,0,61,0,0,21,0,21,5,31,46,0,82,68,0,68,150
10/15/2008,AZO,MI,AGL,CE,Combined TRACON& Tower with Radar,4,40,26,0,70,0,0,9,0,9,4,40,35,0,79,24,0,24,103
10/16/2008,AZO,MI,AGL,CE,Combined TRACON& Tower with Radar,4,38,31,0,73,0,3,64,0,67,4,41,95,0,140,100,0,100,240
10/17/2008,AZO,MI,AGL,CE,Combined TRACON& Tower with Radar,4,35,33,0,72,0,2,65,0,67,4,37,98,0,139,116,0,116,255
10/18/2008,AZO,MI,AGL,CE,Combined TRACON& Tower with Radar,3,21,33,0,57,0,0,103,0,103,3,21,136,0,160,60,0,60,220
10/19/2008,AZO,MI,AGL,CE,Combined TRACON& Tower with Radar,2,23,22,0,47,0,0,74,0,74,2,23,96,0,121,68,0,68,189
10/20/2008,AZO,MI,AGL,CE,Combined TRACON& Tower with Radar,4,35,25,0,64,0,0,22,0,22,4,35,47,0,86,40,0,40,126
10/21/2008,AZO,MI,AGL,CE,Combined TRACON& Tower with Radar,4,30,38,0,72,0,1,69,0,70,4,31,107,0,142,94,0,94,236
10/22/2008,AZO,MI,AGL,CE,Combined TRACON& Tower with Radar,7,36,25,0,68,0,3,60,0,63,7,39,85,0,131,90,0,90,221
10/23/2008,AZO,MI,AGL,CE,Combined TRACON& Tower with Radar,3,33,38,0,74,0,0,69,0,69,3,33,107,0,143,120,0,120,263
10/24/2008,AZO,MI,AGL,CE,Combined TRACON& Tower with Radar,4,37,31,0,72,0,2,2,0,4,4,39,33,0,76,4,0,4,80
10/25/2008,AZO,MI,AGL,CE,Combined TRACON& Tower with Radar,2,19,27,0,48,0,8,2,0,10,2,27,29,0,58,36,0,36,94
10/26/2008,AZO,MI,AGL,CE,Combined TRACON& Tower with Radar,2,29,11,0,42,0,0,13,0,13,2,29,24,0,55,0,0,0,55
10/27/2008,AZO,MI,AGL,CE,Combined TRACON& Tower with Radar,4,32,18,0,54,0,0,8,0,8,4,32,26,0,62,0,0,0,62
10/28/2008,AZO,MI,AGL,CE,Combined TRACON& Tower with Radar,4,33,21,0,58,0,8,29,0,37,4,41,50,0,95,24,0,24,119
10/29/2008,AZO,MI,AGL,CE,Combined TRACON& Tower with Radar,6,33,46,0,85,0,1,66,0,67,6,34,112,0,152,120,0,120,272
10/30/2008,AZO,MI,AGL,CE,Combined TRACON& Tower with Radar,3,19,33,0,55,0,6,71,0,77,3,25,104,0,132,96,0,96,228
10/31/2008,AZO,MI,AGL,CE,Combined TRACON& Tower with Radar,4,37,44,1,86,0,0,100,0,100,4,37,144,1,186,102,0,102,288
11/01/2008,AZO,MI,AGL,CE,Combined TRACON& Tower with Radar,3,20,22,0,45,0,1,97,0,98,3,21,119,0,143,118,0,118,261
11/02/2008,AZO,MI,AGL,CE,Combined TRACON& Tower with Radar,2,25,36,0,63,0,1,48,0,49,2,26,84,0,112,46,0,46,158
11/03/2008,AZO,MI,AGL,CE,Combined TRACON& Tower with Radar,3,29,26,0,58,0,0,66,0,66,3,29,92,0,124,94,0,94,218
11/04/2008,AZO,MI,AGL,CE,Combined TRACON& Tower with Radar,3,26,37,0,66,0,4,69,0,73,3,30,106,0,139,96,0,96,235
11/05/2008,AZO,MI,AGL,CE,Combined TRACON& Tower with Radar,4,29,33,0,66,0,0,69,0,69,4,29,102,0,135,132,0,132,267
11/06/2008,AZO,MI,AGL,CE,Combined TRACON& Tower with Radar,4,28,35,2,69,0,0,61,0,61,4,28,96,2,130,130,0,130,260
11/07/2008,AZO,MI,AGL,CE,Combined TRACON& Tower with Radar,4,30,23,0,57,0,0,22,0,22,4,30,45,0,79,38,0,38,117
11/08/2008,AZO,MI,AGL,CE,Combined TRACON& Tower with Radar,5,19,1,0,25,0,0,0,0,0,5,19,1,0,25,0,0,0,25
11/09/2008,AZO,MI,AGL,CE,Combined TRACON& Tower with Radar,2,23,3,0,28,0,0,0,0,0,2,23,3,0,28,0,0,0,28
11/10/2008,AZO,MI,AGL,CE,Combined TRACON& Tower with Radar,4,32,33,0,69,0,0,33,0,33,4,32,66,0,102,66,0,66,168
11/11/2008,AZO,MI,AGL,CE,Combined TRACON& Tower with Radar,6,20,21,0,47,0,0,34,0,34,6,20,55,0,81,82,0,82,163
11/12/2008,AZO,MI,AGL,CE,Combined TRACON& Tower with Radar,5,27,25,0,57,0,0,7,0,7,5,27,32,0,64,26,0,26,90
11/13/2008,AZO,MI,AGL,CE,Combined TRACON& Tower with Radar,4,28,40,0,72,0,0,26,0,26,4,28,66,0,98,70,0,70,168
11/14/2008,AZO,MI,AGL,CE,Combined TRACON& Tower with Radar,7,28,18,0,53,0,0,0,1,1,7,28,18,1,54,0,0,0,54
11/15/2008,AZO,MI,AGL,CE,Combined TRACON& Tower with Radar,5,19,11,0,35,0,0,17,1,18,5,19,28,1,53,44,0,44,97
11/16/2008,AZO,MI,AGL,CE,Combined TRACON& Tower with Radar,2,24,13,1,40,0,0,0,0,0,2,24,13,1,40,10,0,10,50
11/17/2008,AZO,MI,AGL,CE,Combined TRACON& Tower with Radar,6,29,13,0,48,0,0,4,0,4,6,29,17,0,52,2,0,2,54
11/18/2008,AZO,MI,AGL,CE,Combined TRACON& Tower with Radar,6,25,22,0,53,0,0,44,0,44,6,25,66,0,97,134,0,134,231
11/19/2008,AZO,MI,AGL,CE,Combined TRACON& Tower with Radar,6,30,31,0,67,0,8,44,0,52,6,38,75,0,119,75,0,75,194
11/20/2008,AZO,MI,AGL,CE,Combined TRACON& Tower with Radar,6,26,13,0,45,0,0,4,0,4,6,26,17,0,49,26,0,26,75
11/21/2008,AZO,MI,AGL,CE,Combined TRACON& Tower with Radar,3,29,26,0,58,0,0,10,0,10,3,29,36,0,68,12,0,12,80
11/22/2008,AZO,MI,AGL,CE,Combined TRACON& Tower with Radar,3,11,17,0,31,0,0,57,0,57,3,11,74,0,88,116,0,116,204
11/23/2008,AZO,MI,AGL,CE,Combined TRACON& Tower with Radar,2,24,19,0,45,0,0,62,0,62,2,24,81,0,107,100,0,100,207
11/24/2008,AZO,MI,AGL,CE,Combined TRACON& Tower with Radar,4,32,6,0,42,0,0,0,0,0,4,32,6,0,42,0,0,0,42
11/25/2008,AZO,MI,AGL,CE,Combined TRACON& Tower with Radar,4,31,22,0,57,0,0,7,0,7,4,31,29,0,64,36,0,36,100
11/26/2008,AZO,MI,AGL,CE,Combined TRACON& Tower with Radar,3,14,20,0,37,0,0,43,0,43,3,14,63,0,80,92,0,92,172
11/27/2008,AZO,MI,AGL,CE,Combined TRACON& Tower with Radar,2,16,8,0,26,0,0,8,0,8,2,16,16,0,34,16,0,16,50
11/28/2008,AZO,MI,AGL,CE,Combined TRACON& Tower with Radar,2,18,19,0,39,0,0,13,0,13,2,18,32,0,52,8,0,8,60
11/29/2008,AZO,MI,AGL,CE,Combined TRACON& Tower with Radar,5,34,20,0,59,0,3,97,0,100,5,37,117,0,159,68,0,68,227
11/30/2008,AZO,MI,AGL,CE,Combined TRACON& Tower with Radar,3,25,11,0,39,0,0,9,0,9,3,25,20,0,48,0,0,0,48
12/01/2008,AZO,MI,AGL,CE,Combined TRACON& Tower with Radar,4,27,10,0,41,0,0,0,0,0,4,27,10,0,41,0,0,0,41
12/02/2008,AZO,MI,AGL,CE,Combined TRACON& Tower with Radar,4,27,21,2,54,0,0,13,0,13,4,27,34,2,67,30,0,30,97
12/03/2008,AZO,MI,AGL,CE,Combined TRACON& Tower with Radar,5,21,57,0,83,0,1,11,0,12,5,22,68,0,95,2,0,2,97
12/04/2008,AZO,MI,AGL,CE,Combined TRACON& Tower with Radar,10,26,16,0,52,0,0,0,0,0,10,26,16,0,52,4,0,4,56
12/05/2008,AZO,MI,AGL,CE,Combined TRACON& Tower with Radar,2,27,26,0,55,0,0,3,0,3,2,27,29,0,58,8,0,8,66
12/06/2008,AZO,MI,AGL,CE,Combined TRACON& Tower with Radar,1,17,11,0,29,0,0,0,0,0,1,17,11,0,29,0,0,0,29
12/07/2008,AZO,MI,AGL,CE,Combined TRACON& Tower with Radar,3,25,15,0,43,0,0,29,0,29,3,25,44,0,72,54,0,54,126
12/08/2008,AZO,MI,AGL,CE,Combined TRACON& Tower with Radar,3,25,9,0,37,0,0,19,0,19,3,25,28,0,56,24,0,24,80
12/09/2008,AZO,MI,AGL,CE,Combined TRACON& Tower with Radar,4,30,12,0,46,0,0,0,0,0,4,30,12,0,46,0,0,0,46
12/10/2008,AZO,MI,AGL,CE,Combined TRACON& Tower with Radar,4,26,25,0,55,0,0,35,0,35,4,26,60,0,90,58,0,58,148
12/11/2008,AZO,MI,AGL,CE,Combined TRACON& Tower with Radar,6,25,29,0,60,0,2,29,0,31,6,27,58,0,91,32,0,32,123
12/12/2008,AZO,MI,AGL,CE,Combined TRACON& Tower with Radar,2,27,17,0,46,0,0,13,0,13,2,27,30,0,59,16,0,16,75
12/13/2008,AZO,MI,AGL,CE,Combined TRACON& Tower with Radar,3,16,5,0,24,0,0,27,0,27,3,16,32,0,51,12,0,12,63
12/14/2008,AZO,MI,AGL,CE,Combined TRACON& Tower with Radar,7,20,4,0,31,0,2,4,0,6,7,22,8,0,37,0,0,0,37
12/15/2008,AZO,MI,AGL,CE,Combined TRACON& Tower with Radar,5,23,14,0,42,0,0,0,0,0,5,23,14,0,42,0,0,0,42
12/16/2008,AZO,MI,AGL,CE,Combined TRACON& Tower with Radar,3,21,23,0,47,0,3,5,0,8,3,24,28,0,55,12,0,12,67
12/17/2008,AZO,MI,AGL,CE,Combined TRACON& Tower with Radar,2,29,22,0,53,0,0,0,0,0,2,29,22,0,53,0,0,0,53
12/18/2008,AZO,MI,AGL,CE,Combined TRACON& Tower with Radar,8,26,19,0,53,0,0,2,0,2,8,26,21,0,55,54,0,54,109
12/19/2008,AZO,MI,AGL,CE,Combined TRACON& Tower with Radar,2,17,11,0,30,0,0,3,0,3,2,17,14,0,33,6,0,6,39
12/20/2008,AZO,MI,AGL,CE,Combined TRACON& Tower with Radar,7,22,9,0,38,0,3,4,0,7,7,25,13,0,45,26,0,26,71
12/21/2008,AZO,MI,AGL,CE,Combined TRACON& Tower with Radar,2,8,2,0,12,0,0,0,0,0,2,8,2,0,12,0,0,0,12
12/22/2008,AZO,MI,AGL,CE,Combined TRACON& Tower with Radar,2,19,19,0,40,0,0,0,0,0,2,19,19,0,40,8,0,8,48
12/23/2008,AZO,MI,AGL,CE,Combined TRACON& Tower with Radar,3,16,7,0,26,0,0,0,0,0,3,16,7,0,26,0,0,0,26
12/24/2008,AZO,MI,AGL,CE,Combined TRACON& Tower with Radar,3,14,4,0,21,0,0,0,0,0,3,14,4,0,21,0,0,0,21
12/25/2008,AZO,MI,AGL,CE,Combined TRACON& Tower with Radar,7,18,2,0,27,0,0,0,0,0,7,18,2,0,27,6,0,6,33
12/26/2008,AZO,MI,AGL,CE,Combined TRACON& Tower with Radar,3,20,7,0,30,0,0,0,0,0,3,20,7,0,30,0,0,0,30
12/27/2008,AZO,MI,AGL,CE,Combined TRACON& Tower with Radar,3,13,5,0,21,0,0,3,0,3,3,13,8,0,24,14,0,14,38
12/28/2008,AZO,MI,AGL,CE,Combined TRACON& Tower with Radar,7,22,8,0,37,0,0,2,0,2,7,22,10,0,39,2,0,2,41
12/29/2008,AZO,MI,AGL,CE,Combined TRACON& Tower with Radar,4,27,17,0,48,0,2,30,0,32,4,29,47,0,80,28,0,28,108
12/30/2008,AZO,MI,AGL,CE,Combined TRACON& Tower with Radar,3,25,17,0,45,0,0,58,0,58,3,25,75,0,103,98,0,98,201
12/31/2008,AZO,MI,AGL,CE,Combined TRACON& Tower with Radar,3,12,8,0,23,0,0,13,0,13,3,12,21,0,36,20,0,20,56
01/01/2009,AZO,MI,AGL,CE,Combined TRACON& Tower with Radar,7,21,5,1,34,0,0,17,0,17,7,21,22,1,51,0,0,0,51
01/02/2009,AZO,MI,AGL,CE,Combined TRACON& Tower with Radar,1,29,2,0,32,0,3,6,0,9,1,32,8,0,41,2,0,2,43
01/03/2009,AZO,MI,AGL,CE,Combined TRACON& Tower with Radar,3,22,18,0,43,0,0,82,0,82,3,22,100,0,125,16,0,16,141
01/04/2009,AZO,MI,AGL,CE,Combined TRACON& Tower with Radar,5,22,1,0,28,0,0,0,0,0,5,22,1,0,28,0,0,0,28
01/05/2009,AZO,MI,AGL,CE,Combined TRACON& Tower with Radar,4,22,23,0,49,0,0,55,0,55,4,22,78,0,104,46,0,46,150
01/06/2009,AZO,MI,AGL,CE,Combined TRACON& Tower with Radar,0,26,11,0,37,0,1,17,0,18,0,27,28,0,55,32,0,32,87
01/07/2009,AZO,MI,AGL,CE,Combined TRACON& Tower with Radar,4,20,12,0,36,0,0,0,0,0,4,20,12,0,36,6,0,6,42
01/08/2009,AZO,MI,AGL,CE,Combined TRACON& Tower with Radar,8,22,24,0,54,0,0,0,0,0,8,22,24,0,54,0,0,0,54
01/09/2009,AZO,MI,AGL,CE,Combined TRACON& Tower with Radar,5,11,12,0,28,0,0,1,0,1,5,11,13,0,29,0,0,0,29
01/10/2009,AZO,MI,AGL,CE,Combined TRACON& Tower with Radar,2,13,0,0,15,0,0,0,0,0,2,13,0,0,15,0,0,0,15
01/11/2009,AZO,MI,AGL,CE,Combined TRACON& Tower with Radar,7,16,10,0,33,0,0,1,0,1,7,16,11,0,34,0,0,0,34
01/12/2009,AZO,MI,AGL,CE,Combined TRACON& Tower with Radar,4,22,13,0,39,0,0,6,0,6,4,22,19,0,45,10,0,10,55
01/13/2009,AZO,MI,AGL,CE,Combined TRACON& Tower with Radar,3,23,22,0,48,0,2,1,0,3,3,25,23,0,51,10,0,10,61
01/14/2009,AZO,MI,AGL,CE,Combined TRACON& Tower with Radar,3,18,15,0,36,0,3,4,0,7,3,21,19,0,43,0,0,0,43
01/15/2009,AZO,MI,AGL,CE,Combined TRACON& Tower with Radar,12,21,18,6,57,0,0,1,0,1,12,21,19,6,58,6,0,6,64
01/16/2009,AZO,MI,AGL,CE,Combined TRACON& Tower with Radar,4,22,27,0,53,0,2,4,0,6,4,24,31,0,59,10,0,10,69
01/17/2009,AZO,MI,AGL,CE,Combined TRACON& Tower with Radar,1,16,2,0,19,0,0,0,0,0,1,16,2,0,19,0,0,0,19
01/18/2009,AZO,MI,AGL,CE,Combined TRACON& Tower with Radar,8,19,4,0,31,0,0,0,0,0,8,19,4,0,31,0,0,0,31
01/19/2009,AZO,MI,AGL,CE,Combined TRACON& Tower with Radar,3,18,14,0,35,0,0,31,0,31,3,18,45,0,66,56,0,56,122
01/20/2009,AZO,MI,AGL,CE,Combined TRACON& Tower with Radar,3,31,34,0,68,0,7,36,0,43,3,38,70,0,111,48,0,48,159
01/21/2009,AZO,MI,AGL,CE,Combined TRACON& Tower with Radar,2,29,38,0,69,0,0,21,0,21,2,29,59,0,90,66,0,66,156
01/22/2009,AZO,MI,AGL,CE,Combined TRACON& Tower with Radar,4,27,13,0,44,0,1,8,0,9,4,28,21,0,53,8,0,8,61
01/23/2009,AZO,MI,AGL,CE,Combined TRACON& Tower with Radar,4,22,16,0,42,0,0,1,0,1,4,22,17,0,43,0,0,0,43
01/24/2009,AZO,MI,AGL,CE,Combined TRACON& Tower with Radar,2,18,13,0,33,0,0,5,0,5,2,18,18,0,38,26,0,26,64
01/25/2009,AZO,MI,AGL,CE,Combined TRACON& Tower with Radar,8,19,20,0,47,0,2,17,0,19,8,21,37,0,66,10,0,10,76
01/26/2009,AZO,MI,AGL,CE,Combined TRACON& Tower with Radar,4,21,22,0,47,0,0,29,0,29,4,21,51,0,76,58,0,58,134
01/27/2009,AZO,MI,AGL,CE,Combined TRACON& Tower with Radar,4,24,19,0,47,0,2,13,0,15,4,26,32,0,62,52,0,52,114
01/28/2009,AZO,MI,AGL,CE,Combined TRACON& Tower with Radar,4,24,18,0,46,0,0,11,0,11,4,24,29,0,57,14,0,14,71
01/29/2009,AZO,MI,AGL,CE,Combined TRACON& Tower with Radar,11,18,17,0,46,0,0,0,0,0,11,18,17,0,46,0,0,0,46
01/30/2009,AZO,MI,AGL,CE,Combined TRACON& Tower with Radar,4,23,15,0,42,0,0,0,0,0,4,23,15,0,42,0,0,0,42
01/31/2009,AZO,MI,AGL,CE,Combined TRACON& Tower with Radar,2,18,15,0,35,0,3,34,0,37,2,21,49,0,72,46,0,46,118
02/01/2009,AZO,MI,AGL,CE,Combined TRACON& Tower with Radar,8,21,29,0,58,0,0,60,0,60,8,21,89,0,118,122,0,122,240
02/02/2009,AZO,MI,AGL,CE,Combined TRACON& Tower with Radar,4,26,29,0,59,0,0,15,0,15,4,26,44,0,74,62,0,62,136
02/03/2009,AZO,MI,AGL,CE,Combined TRACON& Tower with Radar,5,34,29,0,68,0,0,11,0,11,5,34,40,0,79,46,0,46,125
02/04/2009,AZO,MI,AGL,CE,Combined TRACON& Tower with Radar,7,19,28,0,54,0,2,28,0,30,7,21,56,0,84,80,0,80,164
02/05/2009,AZO,MI,AGL,CE,Combined TRACON& Tower with Radar,9,23,36,2,70,0,0,32,0,32,9,23,68,2,102,54,0,54,156
02/06/2009,AZO,MI,AGL,CE,Combined TRACON& Tower with Radar,3,23,16,0,42,0,0,44,0,44,3,23,60,0,86,50,0,50,136
02/07/2009,AZO,MI,AGL,CE,Combined TRACON& Tower with Radar,2,14,9,0,25,0,4,9,0,13,2,18,18,0,38,10,0,10,48
02/08/2009,AZO,MI,AGL,CE,Combined TRACON& Tower with Radar,7,22,5,0,34,0,2,83,0,85,7,24,88,0,119,48,0,48,167
02/09/2009,AZO,MI,AGL,CE,Combined TRACON& Tower with Radar,4,27,29,0,60,0,6,26,0,32,4,33,55,0,92,64,0,64,156
02/10/2009,AZO,MI,AGL,CE,Combined TRACON& Tower with Radar,4,24,30,0,58,0,0,39,0,39,4,24,69,0,97,48,0,48,145
02/11/2009,AZO,MI,AGL,CE,Combined TRACON& Tower with Radar,3,23,10,0,36,0,0,0,0,0,3,23,10,0,36,0,0,0,36
02/12/2009,AZO,MI,AGL,CE,Combined TRACON& Tower with Radar,3,21,19,0,43,0,2,9,0,11,3,23,28,0,54,8,0,8,62
02/13/2009,AZO,MI,AGL,CE,Combined TRACON& Tower with Radar,4,23,39,0,66,0,0,33,0,33,4,23,72,0,99,94,0,94,193
02/14/2009,AZO,MI,AGL,CE,Combined TRACON& Tower with Radar,1,20,2,0,23,0,2,7,0,9,1,22,9,0,32,24,0,24,56
02/15/2009,AZO,MI,AGL,CE,Combined TRACON& Tower with Radar,7,17,29,0,53,0,2,26,0,28,7,19,55,0,81,56,0,56,137
02/16/2009,AZO,MI,AGL,CE,Combined TRACON& Tower with Radar,4,20,18,0,42,0,0,62,0,62,4,20,80,0,104,102,0,102,206
02/17/2009,AZO,MI,AGL,CE,Combined TRACON& Tower with Radar,4,25,18,0,47,0,2,37,0,39,4,27,55,0,86,32,0,32,118
02/18/2009,AZO,MI,AGL,CE,Combined TRACON& Tower with Radar,4,18,8,0,30,0,0,0,0,0,4,18,8,0,30,0,0,0,30
02/19/2009,AZO,MI,AGL,CE,Combined TRACON& Tower with Radar,8,18,17,0,43,0,0,0,0,0,8,18,17,0,43,0,0,0,43
02/20/2009,AZO,MI,AGL,CE,Combined TRACON& Tower with Radar,4,21,38,2,65,0,0,27,0,27,4,21,65,2,92,114,0,114,206
02/21/2009,AZO,MI,AGL,CE,Combined TRACON& Tower with Radar,1,19,3,0,23,0,0,0,0,0,1,19,3,0,23,0,0,0,23
02/22/2009,AZO,MI,AGL,CE,Combined TRACON& Tower with Radar,7,16,9,0,32,0,0,0,0,0,7,16,9,0,32,0,0,0,32
02/23/2009,AZO,MI,AGL,CE,Combined TRACON& Tower with Radar,4,27,35,0,66,0,8,23,0,31,4,35,58,0,97,106,0,106,203
02/24/2009,AZO,MI,AGL,CE,Combined TRACON& Tower with Radar,3,24,33,0,60,0,3,42,0,45,3,27,75,0,105,52,0,52,157
02/25/2009,AZO,MI,AGL,CE,Combined TRACON& Tower with Radar,3,23,20,0,46,0,3,36,0,39,3,26,56,0,85,144,0,144,229
02/26/2009,AZO,MI,AGL,CE,Combined TRACON& Tower with Radar,6,18,16,0,40,0,0,6,0,6,6,18,22,0,46,16,0,16,62
02/27/2009,AZO,MI,AGL,CE,Combined TRACON& Tower with Radar,2,24,14,0,40,0,0,7,0,7,2,24,21,0,47,26,0,26,73
02/28/2009,AZO,MI,AGL,CE,Combined TRACON& Tower with Radar,2,22,19,0,43,0,0,54,0,54,2,22,73,0,97,30,0,30,127
03/01/2009,AZO,MI,AGL,CE,Combined TRACON& Tower with Radar,4,19,28,0,51,0,0,17,0,17,4,19,45,0,68,42,0,42,110
03/02/2009,AZO,MI,AGL,CE,Combined TRACON& Tower with Radar,4,23,31,0,58,0,0,37,0,37,4,23,68,0,95,56,0,56,151
03/03/2009,AZO,MI,AGL,CE,Combined TRACON& Tower with Radar,4,28,26,0,58,0,8,36,0,44,4,36,62,0,102,78,0,78,180
03/04/2009,AZO,MI,AGL,CE,Combined TRACON& Tower with Radar,4,22,27,0,53,0,0,44,0,44,4,22,71,0,97,50,0,50,147
03/05/2009,AZO,MI,AGL,CE,Combined TRACON& Tower with Radar,6,17,19,0,42,0,0,16,0,16,6,17,35,0,58,36,0,36,94
03/06/2009,AZO,MI,AGL,CE,Combined TRACON& Tower with Radar,5,21,11,0,37,0,1,34,0,35,5,22,45,0,72,42,0,42,114
03/07/2009,AZO,MI,AGL,CE,Combined TRACON& Tower with Radar,1,18,5,0,24,0,0,0,0,0,1,18,5,0,24,0,0,0,24
03/08/2009,AZO,MI,AGL,CE,Combined TRACON& Tower with Radar,6,17,7,0,30,0,0,0,0,0,6,17,7,0,30,0,0,0,30
03/09/2009,AZO,MI,AGL,CE,Combined TRACON& Tower with Radar,8,25,14,0,47,0,3,20,0,23,8,28,34,0,70,62,0,62,132
03/10/2009,AZO,MI,AGL,CE,Combined TRACON& Tower with Radar,3,24,11,0,38,0,0,0,0,0,3,24,11,0,38,0,0,0,38
03/11/2009,AZO,MI,AGL,CE,Combined TRACON& Tower with Radar,2,22,8,0,32,0,0,4,0,4,2,22,12,0,36,2,0,2,38
03/12/2009,AZO,MI,AGL,CE,Combined TRACON& Tower with Radar,1,29,29,0,59,0,3,46,0,49,1,32,75,0,108,34,0,34,142
03/13/2009,AZO,MI,AGL,CE,Combined TRACON& Tower with Radar,7,20,21,0,48,0,3,65,0,68,7,23,86,0,116,66,0,66,182
03/14/2009,AZO,MI,AGL,CE,Combined TRACON& Tower with Radar,1,21,15,0,37,0,5,91,0,96,1,26,106,0,133,48,0,48,181
03/15/2009,AZO,MI,AGL,CE,Combined TRACON& Tower with Radar,3,18,19,0,40,0,0,57,0,57,3,18,76,0,97,134,0,134,231
03/16/2009,AZO,MI,AGL,CE,Combined TRACON& Tower with Radar,8,28,12,0,48,0,3,44,0,47,8,31,56,0,95,122,0,122,217
03/17/2009,AZO,MI,AGL,CE,Combined TRACON& Tower with Radar,4,24,29,0,57,0,3,44,0,47,4,27,73,0,104,114,0,114,218
03/18/2009,AZO,MI,AGL,CE,Combined TRACON& Tower with Radar,4,23,26,0,53,0,6,42,0,48,4,29,68,0,101,64,0,64,165
03/19/2009,AZO,MI,AGL,CE,Combined TRACON& Tower with Radar,3,25,44,0,72,0,1,45,0,46,3,26,89,0,118,44,0,44,162
03/20/2009,AZO,MI,AGL,CE,Combined TRACON& Tower with Radar,8,24,24,0,56,0,0,72,0,72,8,24,96,0,128,140,0,140,268
03/21/2009,AZO,MI,AGL,CE,Combined TRACON& Tower with Radar,2,21,26,0,49,0,10,59,0,69,2,31,85,0,118,74,0,74,192
03/22/2009,AZO,MI,AGL,CE,Combined TRACON& Tower with Radar,3,19,23,0,45,0,0,70,0,70,3,19,93,0,115,108,0,108,223
03/23/2009,AZO,MI,AGL,CE,Combined TRACON& Tower with Radar,8,21,13,0,42,0,4,24,0,28,8,25,37,0,70,62,0,62,132
03/24/2009,AZO,MI,AGL,CE,Combined TRACON& Tower with Radar,4,23,21,0,48,0,1,12,0,13,4,24,33,0,61,16,0,16,77
03/25/2009,AZO,MI,AGL,CE,Combined TRACON& Tower with Radar,3,27,31,0,61,0,0,18,0,18,3,27,49,0,79,50,0,50,129
03/26/2009,AZO,MI,AGL,CE,Combined TRACON& Tower with Radar,4,21,33,0,58,0,4,68,0,72,4,25,101,0,130,94,0,94,224
03/27/2009,AZO,MI,AGL,CE,Combined TRACON& Tower with Radar,8,23,38,0,69,0,3,81,0,84,8,26,119,0,153,112,0,112,265
03/28/2009,AZO,MI,AGL,CE,Combined TRACON& Tower with Radar,1,23,11,0,35,0,0,60,0,60,1,23,71,0,95,62,0,62,157
03/29/2009,AZO,MI,AGL,CE,Combined TRACON& Tower with Radar,2,16,6,0,24,0,0,0,0,0,2,16,6,0,24,0,0,0,24
03/30/2009,AZO,MI,AGL,CE,Combined TRACON& Tower with Radar,7,21,31,0,59,0,1,74,0,75,7,22,105,0,134,104,0,104,238
03/31/2009,AZO,MI,AGL,CE,Combined TRACON& Tower with Radar,4,20,15,0,39,0,2,19,0,21,4,22,34,0,60,18,0,18,78
04/01/2009,AZO,MI,AGL,CE,Combined TRACON& Tower with Radar,4,24,21,0,49,0,0,25,0,25,4,24,46,0,74,8,0,8,82
04/02/2009,AZO,MI,AGL,CE,Combined TRACON& Tower with Radar,8,26,20,0,54,0,0,28,0,28,8,26,48,0,82,42,0,42,124
04/03/2009,AZO,MI,AGL,CE,Combined TRACON& Tower with Radar,6,29,15,0,50,0,2,0,0,2,6,31,15,0,52,6,0,6,58
04/04/2009,AZO,MI,AGL,CE,Combined TRACON& Tower with Radar,1,20,34,0,55,0,0,98,0,98,1,20,132,0,153,60,0,60,213
04/05/2009,AZO,MI,AGL,CE,Combined TRACON& Tower with Radar,1,21,19,0,41,0,0,21,0,21,1,21,40,0,62,18,0,18,80
04/06/2009,AZO,MI,AGL,CE,Combined TRACON& Tower with Radar,10,21,10,0,41,0,0,8,0,8,10,21,18,0,49,16,0,16,65
04/07/2009,AZO,MI,AGL,CE,Combined TRACON& Tower with Radar,4,24,24,0,52,0,4,6,0,10,4,28,30,0,62,36,0,36,98
04/08/2009,AZO,MI,AGL,CE,Combined TRACON& Tower with Radar,3,25,32,0,60,0,0,29,0,29,3,25,61,0,89,78,0,78,167
04/09/2009,AZO,MI,AGL,CE,Combined TRACON& Tower with Radar,4,28,28,0,60,0,1,82,0,83,4,29,110,0,143,142,0,142,285
04/10/2009,AZO,MI,AGL,CE,Combined TRACON& Tower with Radar,10,23,26,0,59,0,4,58,0,62,10,27,84,0,121,46,0,46,167
04/11/2009,AZO,MI,AGL,CE,Combined TRACON& Tower with Radar,1,23,29,0,53,0,0,83,0,83,1,23,112,0,136,76,0,76,212
04/12/2009,AZO,MI,AGL,CE,Combined TRACON& Tower with Radar,6,25,18,0,49,0,0,0,0,0,6,25,18,0,49,30,0,30,79
04/13/2009,AZO,MI,AGL,CE,Combined TRACON& Tower with Radar,10,24,16,0,50,0,0,15,0,15,10,24,31,0,65,0,0,0,65
04/14/2009,AZO,MI,AGL,CE,Combined TRACON& Tower with Radar,4,26,17,0,47,0,0,0,0,0,4,26,17,0,47,10,0,10,57
04/15/2009,AZO,MI,AGL,CE,Combined TRACON& Tower with Radar,4,25,54,0,83,0,0,51,0,51,4,25,105,0,134,112,0,112,246
04/16/2009,AZO,MI,AGL,CE,Combined TRACON& Tower with Radar,1,28,53,0,82,0,4,58,0,62,1,32,111,0,144,76,0,76,220
04/17/2009,AZO,MI,AGL,CE,Combined TRACON& Tower with Radar,10,25,26,0,61,0,2,98,0,100,10,27,124,0,161,32,0,32,193
04/18/2009,AZO,MI,AGL,CE,Combined TRACON& Tower with Radar,1,20,34,0,55,0,4,107,0,111,1,24,141,0,166,68,0,68,234
04/19/2009,AZO,MI,AGL,CE,Combined TRACON& Tower with Radar,3,17,26,0,46,0,0,9,0,9,3,17,35,0,55,24,0,24,79
04/20/2009,AZO,MI,AGL,CE,Combined TRACON& Tower with Radar,10,25,19,0,54,0,0,0,0,0,10,25,19,0,54,0,0,0,54
04/21/2009,AZO,MI,AGL,CE,Combined TRACON& Tower with Radar,4,23,11,0,38,0,2,0,0,2,4,25,11,0,40,2,0,2,42
04/22/2009,AZO,MI,AGL,CE,Combined TRACON& Tower with Radar,3,25,19,0,47,0,0,27,0,27,3,25,46,0,74,20,0,20,94
04/23/2009,AZO,MI,AGL,CE,Combined TRACON& Tower with Radar,4,26,32,0,62,0,0,58,0,58,4,26,90,0,120,80,0,80,200
04/24/2009,AZO,MI,AGL,CE,Combined TRACON& Tower with Radar,11,21,25,0,57,0,0,45,0,45,11,21,70,0,102,40,0,40,142
04/25/2009,AZO,MI,AGL,CE,Combined TRACON& Tower with Radar,0,20,14,0,34,0,1,10,0,11,0,21,24,0,45,0,0,0,45
04/26/2009,AZO,MI,AGL,CE,Combined TRACON& Tower with Radar,4,20,9,0,33,0,0,5,0,5,4,20,14,0,38,8,0,8,46
04/27/2009,AZO,MI,AGL,CE,Combined TRACON& Tower with Radar,12,24,11,0,47,0,0,4,0,4,12,24,15,0,51,4,0,4,55
04/28/2009,AZO,MI,AGL,CE,Combined TRACON& Tower with Radar,3,27,27,0,57,0,1,20,0,21,3,28,47,0,78,40,0,40,118
04/29/2009,AZO,MI,AGL,CE,Combined TRACON& Tower with Radar,4,24,30,0,58,0,0,49,0,49,4,24,79,0,107,40,0,40,147
04/30/2009,AZO,MI,AGL,CE,Combined TRACON& Tower with Radar,4,28,21,0,53,0,0,0,0,0,4,28,21,0,53,6,0,6,59
05/01/2009,AZO,MI,AGL,CE,Combined TRACON& Tower with Radar,9,23,26,0,58,0,0,38,0,38,9,23,64,0,96,36,0,36,132
05/02/2009,AZO,MI,AGL,CE,Combined TRACON& Tower with Radar,4,17,15,0,36,0,4,195,0,199,4,21,210,0,235,80,0,80,315
05/03/2009,AZO,MI,AGL,CE,Combined TRACON& Tower with Radar,3,21,16,0,40,0,0,49,0,49,3,21,65,0,89,34,0,34,123
05/04/2009,AZO,MI,AGL,CE,Combined TRACON& Tower with Radar,6,24,17,0,47,0,0,48,0,48,6,24,65,0,95,60,0,60,155
05/05/2009,AZO,MI,AGL,CE,Combined TRACON& Tower with Radar,4,22,25,0,51,0,0,45,0,45,4,22,70,0,96,60,0,60,156
05/06/2009,AZO,MI,AGL,CE,Combined TRACON& Tower with Radar,4,19,30,0,53,0,9,21,0,30,4,28,51,0,83,36,0,36,119
05/07/2009,AZO,MI,AGL,CE,Combined TRACON& Tower with Radar,4,25,20,0,49,0,0,31,0,31,4,25,51,0,80,50,0,50,130
05/08/2009,AZO,MI,AGL,CE,Combined TRACON& Tower with Radar,6,24,27,0,57,0,0,59,0,59,6,24,86,0,116,52,0,52,168
05/09/2009,AZO,MI,AGL,CE,Combined TRACON& Tower with Radar,4,18,7,0,29,0,0,4,0,4,4,18,11,0,33,32,0,32,65
05/10/2009,AZO,MI,AGL,CE,Combined TRACON& Tower with Radar,3,21,19,0,43,0,3,39,0,42,3,24,58,0,85,35,0,35,120
05/11/2009,AZO,MI,AGL,CE,Combined TRACON& Tower with Radar,6,25,19,0,50,0,0,45,0,45,6,25,64,0,95,76,0,76,171
05/12/2009,AZO,MI,AGL,CE,Combined TRACON& Tower with Radar,14,29,28,0,71,0,0,68,0,68,14,29,96,0,139,124,0,124,263
05/13/2009,AZO,MI,AGL,CE,Combined TRACON& Tower with Radar,4,29,31,0,64,0,0,4,0,4,4,29,35,0,68,20,0,20,88
05/14/2009,AZO,MI,AGL,CE,Combined TRACON& Tower with Radar,3,25,24,0,52,0,0,42,0,42,3,25,66,0,94,22,0,22,116
05/15/2009,AZO,MI,AGL,CE,Combined TRACON& Tower with Radar,6,22,21,0,49,0,0,22,0,22,6,22,43,0,71,50,0,50,121
05/16/2009,AZO,MI,AGL,CE,Combined TRACON& Tower with Radar,4,22,25,0,51,0,0,13,0,13,4,22,38,0,64,14,0,14,78
05/17/2009,AZO,MI,AGL,CE,Combined TRACON& Tower with Radar,4,22,26,0,52,0,5,74,0,79,4,27,100,0,131,46,0,46,177
05/18/2009,AZO,MI,AGL,CE,Combined TRACON& Tower with Radar,5,25,15,0,45,0,1,67,0,68,5,26,82,0,113,64,0,64,177
05/19/2009,AZO,MI,AGL,CE,Combined TRACON& Tower with Radar,3,15,14,0,32,0,5,25,0,30,3,20,39,0,62,66,0,66,128
05/20/2009,AZO,MI,AGL,CE,Combined TRACON& Tower with Radar,4,24,26,0,54,0,3,42,0,45,4,27,68,0,99,32,0,32,131
05/21/2009,AZO,MI,AGL,CE,Combined TRACON& Tower with Radar,4,26,29,0,59,0,2,51,0,53,4,28,80,0,112,104,0,104,216
05/22/2009,AZO,MI,AGL,CE,Combined TRACON& Tower with Radar,5,26,35,0,66,0,2,62,0,64,5,28,97,0,130,140,0,140,270
05/23/2009,AZO,MI,AGL,CE,Combined TRACON& Tower with Radar,3,19,8,0,30,0,0,59,0,59,3,19,67,0,89,52,0,52,141
05/24/2009,AZO,MI,AGL,CE,Combined TRACON& Tower with Radar,3,18,8,0,29,0,6,45,0,51,3,24,53,0,80,58,0,58,138
05/25/2009,AZO,MI,AGL,CE,Combined TRACON& Tower with Radar,6,19,10,0,35,0,2,41,0,43,6,21,51,0,78,8,0,8,86
05/26/2009,AZO,MI,AGL,CE,Combined TRACON& Tower with Radar,4,25,13,0,42,0,0,25,0,25,4,25,38,0,67,48,0,48,115
05/27/2009,AZO,MI,AGL,CE,Combined TRACON& Tower with Radar,4,25,30,0,59,0,0,0,0,0,4,25,30,0,59,4,0,4,63
05/28/2009,AZO,MI,AGL,CE,Combined TRACON& Tower with Radar,4,24,11,0,39,0,0,2,0,2,4,24,13,0,41,4,0,4,45
05/29/2009,AZO,MI,AGL,CE,Combined TRACON& Tower with Radar,6,25,36,0,67,0,0,37,0,37,6,25,73,0,104,80,0,80,184
05/30/2009,AZO,MI,AGL,CE,Combined TRACON& Tower with Radar,4,17,15,4,40,0,1,46,0,47,4,18,61,4,87,18,0,18,105
05/31/2009,AZO,MI,AGL,CE,Combined TRACON& Tower with Radar,2,22,27,0,51,0,6,99,0,105,2,28,126,0,156,64,0,64,220
06/01/2009,AZO,MI,AGL,CE,Combined TRACON& Tower with Radar,6,22,26,0,54,0,1,22,0,23,6,23,48,0,77,48,0,48,125
06/02/2009,AZO,MI,AGL,CE,Combined TRACON& Tower with Radar,3,21,45,2,71,0,0,10,0,10,3,21,55,2,81,56,0,56,137
06/03/2009,AZO,MI,AGL,CE,Combined TRACON& Tower with Radar,3,30,108,0,141,0,7,56,0,63,3,37,164,0,204,136,0,136,340
06/04/2009,AZO,MI,AGL,CE,Combined TRACON& Tower with Radar,1,27,32,0,60,0,0,60,0,60,1,27,92,0,120,118,0,118,238
06/05/2009,AZO,MI,AGL,CE,Combined TRACON& Tower with Radar,4,25,27,0,56,0,1,46,0,47,4,26,73,0,103,65,0,65,168
06/06/2009,AZO,MI,AGL,CE,Combined TRACON& Tower with Radar,0,20,5,0,25,0,7,43,0,50,0,27,48,0,75,32,0,32,107
06/07/2009,AZO,MI,AGL,CE,Combined TRACON& Tower with Radar,0,26,20,0,46,0,5,31,0,36,0,31,51,0,82,14,0,14,96
06/08/2009,AZO,MI,AGL,CE,Combined TRACON& Tower with Radar,2,25,21,0,48,0,2,3,0,5,2,27,24,0,53,8,0,8,61
06/09/2009,AZO,MI,AGL,CE,Combined TRACON& Tower with Radar,0,26,29,2,57,0,0,19,0,19,0,26,48,2,76,36,0,36,112
06/10/2009,AZO,MI,AGL,CE,Combined TRACON& Tower with Radar,0,25,35,1,61,0,1,54,20,75,0,26,89,21,136,114,0,114,250
06/11/2009,AZO,MI,AGL,CE,Combined TRACON& Tower with Radar,0,28,27,1,56,0,0,0,0,0,0,28,27,1,56,2,0,2,58
06/12/2009,AZO,MI,AGL,CE,Combined TRACON& Tower with Radar,2,26,22,3,53,0,1,49,0,50,2,27,71,3,103,38,0,38,141
06/13/2009,AZO,MI,AGL,CE,Combined TRACON& Tower with Radar,0,22,12,0,34,0,3,29,0,32,0,25,41,0,66,108,0,108,174
06/14/2009,AZO,MI,AGL,CE,Combined TRACON& Tower with Radar,0,27,18,1,46,0,0,67,0,67,0,27,85,1,113,94,0,94,207
06/15/2009,AZO,MI,AGL,CE,Combined TRACON& Tower with Radar,2,26,15,0,43,0,4,48,0,52,2,30,63,0,95,96,0,96,191
06/16/2009,AZO,MI,AGL,CE,Combined TRACON& Tower with Radar,0,27,30,0,57,0,6,41,0,47,0,33,71,0,104,24,0,24,128
06/17/2009,AZO,MI,AGL,CE,Combined TRACON& Tower with Radar,0,32,15,0,47,0,2,1,0,3,0,34,16,0,50,0,0,0,50
06/18/2009,AZO,MI,AGL,CE,Combined TRACON& Tower with Radar,0,20,17,0,37,0,0,41,0,41,0,20,58,0,78,54,0,54,132
06/19/2009,AZO,MI,AGL,CE,Combined TRACON& Tower with Radar,2,19,12,0,33,0,0,9,0,9,2,19,21,0,42,0,0,0,42
06/20/2009,AZO,MI,AGL,CE,Combined TRACON& Tower with Radar,1,21,27,0,49,0,2,49,0,51,1,23,76,0,100,66,0,66,166
06/21/2009,AZO,MI,AGL,CE,Combined TRACON& Tower with Radar,0,25,14,0,39,0,0,65,0,65,0,25,79,0,104,60,0,60,164
06/22/2009,AZO,MI,AGL,CE,Combined TRACON& Tower with Radar,3,28,41,0,72,0,0,43,0,43,3,28,84,0,115,44,0,44,159
06/23/2009,AZO,MI,AGL,CE,Combined TRACON& Tower with Radar,0,29,28,0,57,0,2,56,0,58,0,31,84,0,115,94,0,94,209
06/24/2009,AZO,MI,AGL,CE,Combined TRACON& Tower with Radar,2,24,24,0,50,0,2,51,0,53,2,26,75,0,103,88,0,88,191
06/25/2009,AZO,MI,AGL,CE,Combined TRACON& Tower with Radar,1,21,35,0,57,0,0,46,0,46,1,21,81,0,103,42,0,42,145
06/26/2009,AZO,MI,AGL,CE,Combined TRACON& Tower with Radar,4,29,42,0,75,0,2,80,0,82,4,31,122,0,157,70,0,70,227
06/27/2009,AZO,MI,AGL,CE,Combined TRACON& Tower with Radar,0,23,9,0,32,0,2,87,0,89,0,25,96,0,121,26,0,26,147
06/28/2009,AZO,MI,AGL,CE,Combined TRACON& Tower with Radar,0,29,15,0,44,0,2,20,0,22,0,31,35,0,66,16,0,16,82
06/29/2009,AZO,MI,AGL,CE,Combined TRACON& Tower with Radar,2,26,34,0,62,0,0,36,0,36,2,26,70,0,98,42,0,42,140
06/30/2009,AZO,MI,AGL,CE,Combined TRACON& Tower with Radar,0,26,56,0,82,0,4,6,0,10,0,30,62,0,92,36,0,36,128
07/01/2009,AZO,MI,AGL,CE,Combined TRACON& Tower with Radar,0,33,34,0,67,0,0,4,0,4,0,33,38,0,71,38,2,40,111
07/02/2009,AZO,MI,AGL,CE,Combined TRACON& Tower with Radar,0,29,43,0,72,0,4,6,0,10,0,33,49,0,82,18,0,18,100
07/03/2009,AZO,MI,AGL,CE,Combined TRACON& Tower with Radar,0,25,24,0,49,0,2,49,0,51,0,27,73,0,100,90,0,90,190
07/04/2009,AZO,MI,AGL,CE,Combined TRACON& Tower with Radar,0,14,18,0,32,0,3,72,0,75,0,17,90,0,107,36,0,36,143
07/05/2009,AZO,MI,AGL,CE,Combined TRACON& Tower with Radar,1,27,22,0,50,0,0,56,0,56,1,27,78,0,106,44,0,44,150
07/06/2009,AZO,MI,AGL,CE,Combined TRACON& Tower with Radar,2,33,24,0,59,0,0,57,0,57,2,33,81,0,116,88,0,88,204
07/07/2009,AZO,MI,AGL,CE,Combined TRACON& Tower with Radar,0,28,29,0,57,0,2,44,0,46,0,30,73,0,103,112,0,112,215
07/08/2009,AZO,MI,AGL,CE,Combined TRACON& Tower with Radar,0,30,35,0,65,0,0,79,0,79,0,30,114,0,144,152,0,152,296
07/09/2009,AZO,MI,AGL,CE,Combined TRACON& Tower with Radar,0,30,41,0,71,0,2,69,0,71,0,32,110,0,142,88,0,88,230
07/10/2009,AZO,MI,AGL,CE,Combined TRACON& Tower with Radar,2,29,31,0,62,0,2,34,0,36,2,31,65,0,98,78,0,78,176
07/11/2009,AZO,MI,AGL,CE,Combined TRACON& Tower with Radar,0,20,20,0,40,0,6,64,0,70,0,26,84,0,110,42,0,42,152
07/12/2009,AZO,MI,AGL,CE,Combined TRACON& Tower with Radar,0,30,19,0,49,0,0,20,0,20,0,30,39,0,69,76,0,76,145
07/13/2009,AZO,MI,AGL,CE,Combined TRACON& Tower with Radar,2,32,32,0,66,0,5,50,0,55,2,37,82,0,121,18,0,18,139
07/14/2009,AZO,MI,AGL,CE,Combined TRACON& Tower with Radar,0,32,26,0,58,0,3,72,0,75,0,35,98,0,133,96,0,96,229
07/15/2009,AZO,MI,AGL,CE,Combined TRACON& Tower with Radar,3,26,37,0,66,0,3,53,0,56,3,29,90,0,122,90,0,90,212
07/16/2009,AZO,MI,AGL,CE,Combined TRACON& Tower with Radar,0,28,43,0,71,0,2,47,0,49,0,30,90,0,120,60,0,60,180
07/17/2009,AZO,MI,AGL,CE,Combined TRACON& Tower with Radar,2,30,28,0,60,0,0,40,0,40,2,30,68,0,100,30,0,30,130
07/18/2009,AZO,MI,AGL,CE,Combined TRACON& Tower with Radar,0,21,33,0,54,0,3,40,2,45,0,24,73,2,99,44,0,44,143
07/19/2009,AZO,MI,AGL,CE,Combined TRACON& Tower with Radar,0,33,29,0,62,0,0,19,0,19,0,33,48,0,81,38,0,38,119
07/20/2009,AZO,MI,AGL,CE,Combined TRACON& Tower with Radar,2,28,23,0,53,0,1,76,0,77,2,29,99,0,130,76,0,76,206
07/21/2009,AZO,MI,AGL,CE,Combined TRACON& Tower with Radar,0,30,32,0,62,0,0,48,0,48,0,30,80,0,110,42,0,42,152
07/22/2009,AZO,MI,AGL,CE,Combined TRACON& Tower with Radar,0,32,29,0,61,0,2,33,0,35,0,34,62,0,96,66,0,66,162
07/23/2009,AZO,MI,AGL,CE,Combined TRACON& Tower with Radar,0,29,33,0,62,0,0,27,0,27,0,29,60,0,89,78,0,78,167
07/24/2009,AZO,MI,AGL,CE,Combined TRACON& Tower with Radar,2,28,32,0,62,0,0,54,0,54,2,28,86,0,116,44,0,44,160
07/25/2009,AZO,MI,AGL,CE,Combined TRACON& Tower with Radar,0,23,15,0,38,0,0,29,0,29,0,23,44,0,67,44,0,44,111
07/26/2009,AZO,MI,AGL,CE,Combined TRACON& Tower with Radar,0,27,30,0,57,0,0,29,0,29,0,27,59,0,86,24,0,24,110
07/27/2009,AZO,MI,AGL,CE,Combined TRACON& Tower with Radar,2,30,18,0,50,0,3,56,0,59,2,33,74,0,109,56,0,56,165
07/28/2009,AZO,MI,AGL,CE,Combined TRACON& Tower with Radar,0,31,26,0,57,0,3,23,0,26,0,34,49,0,83,20,0,20,103
07/29/2009,AZO,MI,AGL,CE,Combined TRACON& Tower with Radar,0,29,52,0,81,0,2,71,2,75,0,31,123,2,156,184,0,184,340
07/30/2009,AZO,MI,AGL,CE,Combined TRACON& Tower with Radar,0,30,34,0,64,0,0,44,4,48,0,30,78,4,112,64,0,64,176
07/31/2009,AZO,MI,AGL,CE,Combined TRACON& Tower with Radar,2,30,29,0,61,0,0,70,0,70,2,30,99,0,131,142,0,142,273
08/01/2009,AZO,MI,AGL,CE,Combined TRACON& Tower with Radar,0,20,14,0,34,0,0,47,0,47,0,20,61,0,81,20,0,20,101
08/02/2009,AZO,MI,AGL,CE,Combined TRACON& Tower with Radar,0,30,9,0,39,0,4,50,0,54,0,34,59,0,93,62,0,62,155
08/03/2009,AZO,MI,AGL,CE,Combined TRACON& Tower with Radar,2,31,21,0,54,0,4,10,0,14,2,35,31,0,68,42,0,42,110
08/04/2009,AZO,MI,AGL,CE,Combined TRACON& Tower with Radar,0,29,48,0,77,0,1,30,0,31,0,30,78,0,108,66,0,66,174
08/05/2009,AZO,MI,AGL,CE,Combined TRACON& Tower with Radar,0,28,26,0,54,0,4,48,0,52,0,32,74,0,106,120,0,120,226
08/06/2009,AZO,MI,AGL,CE,Combined TRACON& Tower with Radar,0,31,32,0,63,0,3,59,0,62,0,34,91,0,125,104,0,104,229
08/07/2009,AZO,MI,AGL,CE,Combined TRACON& Tower with Radar,1,30,31,0,62,0,0,67,0,67,1,30,98,0,129,110,0,110,239
08/08/2009,AZO,MI,AGL,CE,Combined TRACON& Tower with Radar,0,22,1,0,23,0,2,10,0,12,0,24,11,0,35,0,0,0,35
08/09/2009,AZO,MI,AGL,CE,Combined TRACON& Tower with Radar,0,25,10,0,35,0,5,25,0,30,0,30,35,0,65,34,0,34,99
08/10/2009,AZO,MI,AGL,CE,Combined TRACON& Tower with Radar,2,33,21,0,56,0,7,24,0,31,2,40,45,0,87,50,0,50,137
08/11/2009,AZO,MI,AGL,CE,Combined TRACON& Tower with Radar,0,40,66,2,108,0,0,62,0,62,0,40,128,2,170,114,0,114,284
08/12/2009,AZO,MI,AGL,CE,Combined TRACON& Tower with Radar,0,36,84,0,120,0,0,55,0,55,0,36,139,0,175,80,0,80,255
08/13/2009,AZO,MI,AGL,CE,Combined TRACON& Tower with Radar,0,29,33,0,62,0,0,74,0,74,0,29,107,0,136,86,0,86,222
08/14/2009,AZO,MI,AGL,CE,Combined TRACON& Tower with Radar,2,30,25,0,57,0,10,78,0,88,2,40,103,0,145,42,0,42,187
08/15/2009,AZO,MI,AGL,CE,Combined TRACON& Tower with Radar,0,24,10,0,34,0,1,53,0,54,0,25,63,0,88,52,0,52,140
08/16/2009,AZO,MI,AGL,CE,Combined TRACON& Tower with Radar,2,25,27,0,54,0,0,41,0,41,2,25,68,0,95,72,0,72,167
08/17/2009,AZO,MI,AGL,CE,Combined TRACON& Tower with Radar,2,22,13,0,37,0,0,4,0,4,2,22,17,0,41,14,0,14,55
08/18/2009,AZO,MI,AGL,CE,Combined TRACON& Tower with Radar,0,28,34,0,62,0,0,18,0,18,0,28,52,0,80,62,0,62,142
08/19/2009,AZO,MI,AGL,CE,Combined TRACON& Tower with Radar,0,24,45,0,69,0,0,53,0,53,0,24,98,0,122,108,0,108,230
08/20/2009,AZO,MI,AGL,CE,Combined TRACON& Tower with Radar,0,23,17,3,43,0,1,5,0,6,0,24,22,3,49,18,0,18,67
08/21/2009,AZO,MI,AGL,CE,Combined TRACON& Tower with Radar,2,25,37,0,64,0,0,22,0,22,2,25,59,0,86,26,0,26,112
08/22/2009,AZO,MI,AGL,CE,Combined TRACON& Tower with Radar,0,23,16,0,39,0,0,6,0,6,0,23,22,0,45,18,0,18,63
08/23/2009,AZO,MI,AGL,CE,Combined TRACON& Tower with Radar,0,18,24,0,42,0,0,16,0,16,0,18,40,0,58,58,0,58,116
08/24/2009,AZO,MI,AGL,CE,Combined TRACON& Tower with Radar,2,22,41,0,65,0,4,74,0,78,2,26,115,0,143,24,0,24,167
08/25/2009,AZO,MI,AGL,CE,Combined TRACON& Tower with Radar,0,26,27,0,53,0,0,80,0,80,0,26,107,0,133,90,0,90,223
08/26/2009,AZO,MI,AGL,CE,Combined TRACON& Tower with Radar,0,44,31,0,75,0,2,8,0,10,0,46,39,0,85,48,0,48,133
08/27/2009,AZO,MI,AGL,CE,Combined TRACON& Tower with Radar,0,22,37,0,59,0,0,25,0,25,0,22,62,0,84,38,0,38,122
08/28/2009,AZO,MI,AGL,CE,Combined TRACON& Tower with Radar,2,21,30,0,53,0,0,0,0,0,2,21,30,0,53,8,0,8,61
08/29/2009,AZO,MI,AGL,CE,Combined TRACON& Tower with Radar,0,26,28,0,54,0,4,17,0,21,0,30,45,0,75,22,0,22,97
08/30/2009,AZO,MI,AGL,CE,Combined TRACON& Tower with Radar,0,23,14,0,37,0,2,74,0,76,0,25,88,0,113,54,0,54,167
08/31/2009,AZO,MI,AGL,CE,Combined TRACON& Tower with Radar,2,25,42,0,69,0,0,87,0,87,2,25,129,0,156,118,0,118,274
09/01/2009,AZO,MI,AGL,CE,Combined TRACON& Tower with Radar,0,25,32,0,57,0,1,95,0,96,0,26,127,0,153,102,0,102,255
09/02/2009,AZO,MI,AGL,CE,Combined TRACON& Tower with Radar,0,23,41,0,64,0,2,85,0,87,0,25,126,0,151,60,0,60,211
09/03/2009,AZO,MI,AGL,CE,Combined TRACON& Tower with Radar,0,23,34,0,57,0,0,89,0,89,0,23,123,0,146,98,0,98,244
09/04/2009,AZO,MI,AGL,CE,Combined TRACON& Tower with Radar,2,26,27,0,55,0,0,47,0,47,2,26,74,0,102,84,0,84,186
09/05/2009,AZO,MI,AGL,CE,Combined TRACON& Tower with Radar,0,27,65,0,92,0,2,36,0,38,0,29,101,0,130,42,0,42,172
09/06/2009,AZO,MI,AGL,CE,Combined TRACON& Tower with Radar,0,19,9,0,28,0,0,59,0,59,0,19,68,0,87,32,0,32,119
09/07/2009,AZO,MI,AGL,CE,Combined TRACON& Tower with Radar,2,24,13,0,39,0,6,45,0,51,2,30,58,0,90,24,2,26,116
09/08/2009,AZO,MI,AGL,CE,Combined TRACON& Tower with Radar,0,22,39,0,61,0,0,2,0,2,0,22,41,0,63,12,0,12,75
09/09/2009,AZO,MI,AGL,CE,Combined TRACON& Tower with Radar,0,24,30,0,54,0,2,21,0,23,0,26,51,0,77,46,0,46,123
09/10/2009,AZO,MI,AGL,CE,Combined TRACON& Tower with Radar,0,26,29,0,55,0,0,23,0,23,0,26,52,0,78,38,0,38,116
09/11/2009,AZO,MI,AGL,CE,Combined TRACON& Tower with Radar,2,21,27,0,50,0,0,106,0,106,2,21,133,0,156,84,0,84,240
09/12/2009,AZO,MI,AGL,CE,Combined TRACON& Tower with Radar,0,29,34,2,65,0,0,112,0,112,0,29,146,2,177,92,0,92,269
09/13/2009,AZO,MI,AGL,CE,Combined TRACON& Tower with Radar,0,17,23,1,41,0,2,72,0,74,0,19,95,1,115,92,0,92,207
09/14/2009,AZO,MI,AGL,CE,Combined TRACON& Tower with Radar,0,22,23,0,45,0,3,48,0,51,0,25,71,0,96,68,0,68,164
09/15/2009,AZO,MI,AGL,CE,Combined TRACON& Tower with Radar,0,22,32,0,54,0,2,36,0,38,0,24,68,0,92,68,0,68,160
09/16/2009,AZO,MI,AGL,CE,Combined TRACON& Tower with Radar,0,25,70,0,95,0,14,53,0,67,0,39,123,0,162,88,0,88,250
09/17/2009,AZO,MI,AGL,CE,Combined TRACON& Tower with Radar,0,25,30,0,55,0,0,64,0,64,0,25,94,0,119,174,0,174,293
09/18/2009,AZO,MI,AGL,CE,Combined TRACON& Tower with Radar,2,21,30,0,53,0,0,42,0,42,2,21,72,0,95,108,0,108,203
09/19/2009,AZO,MI,AGL,CE,Combined TRACON& Tower with Radar,2,22,19,0,43,0,0,75,0,75,2,22,94,0,118,78,0,78,196
09/20/2009,AZO,MI,AGL,CE,Combined TRACON& Tower with Radar,0,22,23,0,45,0,2,56,0,58,0,24,79,0,103,34,0,34,137
09/21/2009,AZO,MI,AGL,CE,Combined TRACON& Tower with Radar,0,25,40,0,65,0,0,21,0,21,0,25,61,0,86,54,0,54,140
09/22/2009,AZO,MI,AGL,CE,Combined TRACON& Tower with Radar,0,19,40,0,59,0,3,13,0,16,0,22,53,0,75,44,0,44,119
09/23/2009,AZO,MI,AGL,CE,Combined TRACON& Tower with Radar,0,23,33,0,56,0,0,1,0,1,0,23,34,0,57,36,0,36,93
09/24/2009,AZO,MI,AGL,CE,Combined TRACON& Tower with Radar,0,27,32,0,59,0,0,50,0,50,0,27,82,0,109,58,0,58,167
09/25/2009,AZO,MI,AGL,CE,Combined TRACON& Tower with Radar,2,25,31,0,58,0,0,40,0,40,2,25,71,0,98,54,0,54,152
09/26/2009,AZO,MI,AGL,CE,Combined TRACON& Tower with Radar,2,24,21,0,47,0,3,6,0,9,2,27,27,0,56,10,0,10,66
09/27/2009,AZO,MI,AGL,CE,Combined TRACON& Tower with Radar,1,25,10,1,37,0,2,38,0,40,1,27,48,1,77,62,0,62,139
09/28/2009,AZO,MI,AGL,CE,Combined TRACON& Tower with Radar,0,26,8,0,34,0,0,0,0,0,0,26,8,0,34,0,0,0,34
09/29/2009,AZO,MI,AGL,CE,Combined TRACON& Tower with Radar,0,24,36,0,60,0,0,6,0,6,0,24,42,0,66,16,0,16,82
09/30/2009,AZO,MI,AGL,CE,Combined TRACON& Tower with Radar,0,22,49,0,71,0,0,79,0,79,0,22,128,0,150,134,0,134,284
10/01/2009,AZO,MI,AGL,CE,Combined TRACON& Tower with Radar,0,24,39,0,63,0,0,85,0,85,0,24,124,0,148,118,0,118,266
10/02/2009,AZO,MI,AGL,CE,Combined TRACON& Tower with Radar,2,21,24,0,47,0,1,12,0,13,2,22,36,0,60,22,0,22,82
10/03/2009,AZO,MI,AGL,CE,Combined TRACON& Tower with Radar,1,23,17,0,41,0,0,8,0,8,1,23,25,0,49,10,0,10,59
10/04/2009,AZO,MI,AGL,CE,Combined TRACON& Tower with Radar,0,28,34,4,66,0,8,3,0,11,0,36,37,4,77,40,4,44,121
10/05/2009,AZO,MI,AGL,CE,Combined TRACON& Tower with Radar,2,23,22,0,47,0,0,40,0,40,2,23,62,0,87,70,0,70,157
10/06/2009,AZO,MI,AGL,CE,Combined TRACON& Tower with Radar,0,26,22,0,48,0,0,8,0,8,0,26,30,0,56,50,0,50,106
10/07/2009,AZO,MI,AGL,CE,Combined TRACON& Tower with Radar,0,25,29,0,54,0,2,25,0,27,0,27,54,0,81,30,0,30,111
10/08/2009,AZO,MI,AGL,CE,Combined TRACON& Tower with Radar,0,26,26,0,52,0,0,26,0,26,0,26,52,0,78,44,0,44,122
10/09/2009,AZO,MI,AGL,CE,Combined TRACON& Tower with Radar,2,26,21,0,49,0,2,0,0,2,2,28,21,0,51,2,0,2,53
10/10/2009,AZO,MI,AGL,CE,Combined TRACON& Tower with Radar,1,21,30,0,52,0,0,82,0,82,1,21,112,0,134,120,0,120,254
10/11/2009,AZO,MI,AGL,CE,Combined TRACON& Tower with Radar,10,28,28,1,67,0,0,72,0,72,10,28,100,1,139,128,0,128,267
10/12/2009,AZO,MI,AGL,CE,Combined TRACON& Tower with Radar,2,26,15,0,43,0,0,45,0,45,2,26,60,0,88,132,0,132,220
10/13/2009,AZO,MI,AGL,CE,Combined TRACON& Tower with Radar,0,28,35,0,63,0,0,83,0,83,0,28,118,0,146,252,0,252,398
10/14/2009,AZO,MI,AGL,CE,Combined TRACON& Tower with Radar,0,31,45,0,76,0,5,50,0,55,0,36,95,0,131,168,0,168,299
10/15/2009,AZO,MI,AGL,CE,Combined TRACON& Tower with Radar,0,21,30,0,51,0,1,13,0,14,0,22,43,0,65,38,0,38,103
10/16/2009,AZO,MI,AGL,CE,Combined TRACON& Tower with Radar,2,27,23,0,52,0,4,50,1,55,2,31,73,1,107,174,0,174,281
10/17/2009,AZO,MI,AGL,CE,Combined TRACON& Tower with Radar,0,24,18,0,42,0,0,64,0,64,0,24,82,0,106,18,0,18,124
10/18/2009,AZO,MI,AGL,CE,Combined TRACON& Tower with Radar,0,22,32,0,54,0,0,87,0,87,0,22,119,0,141,48,0,48,189
10/19/2009,AZO,MI,AGL,CE,Combined TRACON& Tower with Radar,2,23,29,0,54,0,0,17,0,17,2,23,46,0,71,40,0,40,111
10/20/2009,AZO,MI,AGL,CE,Combined TRACON& Tower with Radar,0,23,22,0,45,0,3,59,0,62,0,26,81,0,107,68,0,68,175
10/21/2009,AZO,MI,AGL,CE,Combined TRACON& Tower with Radar,0,25,30,0,55,0,1,55,0,56,0,26,85,0,111,100,0,100,211
10/22/2009,AZO,MI,AGL,CE,Combined TRACON& Tower with Radar,0,22,25,0,47,0,1,3,0,4,0,23,28,0,51,18,0,18,69
10/23/2009,AZO,MI,AGL,CE,Combined TRACON& Tower with Radar,1,25,25,0,51,0,0,1,0,1,1,25,26,0,52,0,0,0,52
10/24/2009,AZO,MI,AGL,CE,Combined TRACON& Tower with Radar,0,24,13,0,37,0,0,9,0,9,0,24,22,0,46,0,0,0,46
10/25/2009,AZO,MI,AGL,CE,Combined TRACON& Tower with Radar,0,25,32,0,57,0,0,69,0,69,0,25,101,0,126,136,0,136,262
10/26/2009,AZO,MI,AGL,CE,Combined TRACON& Tower with Radar,2,25,20,0,47,0,1,35,0,36,2,26,55,0,83,120,0,120,203
10/27/2009,AZO,MI,AGL,CE,Combined TRACON& Tower with Radar,0,25,38,0,63,0,4,19,0,23,0,29,57,0,86,66,0,66,152
10/28/2009,AZO,MI,AGL,CE,Combined TRACON& Tower with Radar,0,24,53,0,77,0,2,33,0,35,0,26,86,0,112,110,0,110,222
10/29/2009,AZO,MI,AGL,CE,Combined TRACON& Tower with Radar,0,23,39,2,64,0,2,33,0,35,0,25,72,2,99,112,0,112,211
10/30/2009,AZO,MI,AGL,CE,Combined TRACON& Tower with Radar,2,27,22,0,51,0,0,1,0,1,2,27,23,0,52,0,0,0,52
10/31/2009,AZO,MI,AGL,CE,Combined TRACON& Tower with Radar,0,22,4,0,26,0,0,4,2,6,0,22,8,2,32,0,0,0,32
11/01/2009,AZO,MI,AGL,CE,Combined TRACON& Tower with Radar,0,24,31,0,55,0,5,100,0,105,0,29,131,0,160,80,0,80,240
11/02/2009,AZO,MI,AGL,CE,Combined TRACON& Tower with Radar,2,25,16,0,43,0,0,26,0,26,2,25,42,0,69,46,0,46,115
11/03/2009,AZO,MI,AGL,CE,Combined TRACON& Tower with Radar,0,29,47,2,78,0,3,56,0,59,0,32,103,2,137,166,0,166,303
11/04/2009,AZO,MI,AGL,CE,Combined TRACON& Tower with Radar,0,24,22,0,46,0,0,27,0,27,0,24,49,0,73,122,0,122,195
11/05/2009,AZO,MI,AGL,CE,Combined TRACON& Tower with Radar,0,34,24,0,58,0,0,13,0,13,0,34,37,0,71,46,0,46,117
11/06/2009,AZO,MI,AGL,CE,Combined TRACON& Tower with Radar,2,23,19,0,44,0,2,66,2,70,2,25,85,2,114,86,0,86,200
11/07/2009,AZO,MI,AGL,CE,Combined TRACON& Tower with Radar,0,23,17,0,40,0,0,45,0,45,0,23,62,0,85,56,0,56,141
11/08/2009,AZO,MI,AGL,CE,Combined TRACON& Tower with Radar,0,25,26,0,51,0,0,57,0,57,0,25,83,0,108,64,0,64,172
11/09/2009,AZO,MI,AGL,CE,Combined TRACON& Tower with Radar,2,25,14,0,41,0,0,24,0,24,2,25,38,0,65,26,0,26,91
11/10/2009,AZO,MI,AGL,CE,Combined TRACON& Tower with Radar,0,26,30,1,57,0,0,32,1,33,0,26,62,2,90,90,0,90,180
11/11/2009,AZO,MI,AGL,CE,Combined TRACON& Tower with Radar,0,25,23,0,48,0,3,43,0,46,0,28,66,0,94,148,0,148,242
11/12/2009,AZO,MI,AGL,CE,Combined TRACON& Tower with Radar,0,32,46,0,78,0,0,60,0,60,0,32,106,0,138,96,0,96,234
11/13/2009,AZO,MI,AGL,CE,Combined TRACON& Tower with Radar,2,22,35,0,59,0,0,67,0,67,2,22,102,0,126,80,0,80,206
11/14/2009,AZO,MI,AGL,CE,Combined TRACON& Tower with Radar,0,24,16,0,40,0,3,78,0,81,0,27,94,0,121,130,0,130,251
11/15/2009,AZO,MI,AGL,CE,Combined TRACON& Tower with Radar,0,26,23,0,49,0,2,52,0,54,0,28,75,0,103,92,0,92,195
11/16/2009,AZO,MI,AGL,CE,Combined TRACON& Tower with Radar,2,26,17,0,45,0,0,33,0,33,2,26,50,0,78,52,0,52,130
11/17/2009,AZO,MI,AGL,CE,Combined TRACON& Tower with Radar,0,28,18,0,46,0,6,18,0,24,0,34,36,0,70,32,0,32,102
11/18/2009,AZO,MI,AGL,CE,Combined TRACON& Tower with Radar,0,28,30,0,58,0,2,4,0,6,0,30,34,0,64,38,0,38,102
11/19/2009,AZO,MI,AGL,CE,Combined TRACON& Tower with Radar,4,23,37,0,64,0,1,3,0,4,4,24,40,0,68,22,0,22,90
11/20/2009,AZO,MI,AGL,CE,Combined TRACON& Tower with Radar,0,28,40,0,68,0,0,7,0,7,0,28,47,0,75,18,0,18,93
11/21/2009,AZO,MI,AGL,CE,Combined TRACON& Tower with Radar,0,23,48,0,71,0,2,16,0,18,0,25,64,0,89,150,0,150,239
11/22/2009,AZO,MI,AGL,CE,Combined TRACON& Tower with Radar,4,25,34,0,63,0,0,54,0,54,4,25,88,0,117,58,0,58,175
11/23/2009,AZO,MI,AGL,CE,Combined TRACON& Tower with Radar,0,29,38,0,67,0,0,40,0,40,0,29,78,0,107,36,0,36,143
11/24/2009,AZO,MI,AGL,CE,Combined TRACON& Tower with Radar,1,23,44,0,68,0,0,2,0,2,1,23,46,0,70,20,0,20,90
11/25/2009,AZO,MI,AGL,CE,Combined TRACON& Tower with Radar,0,25,39,0,64,0,0,1,0,1,0,25,40,0,65,8,0,8,73
11/26/2009,AZO,MI,AGL,CE,Combined TRACON& Tower with Radar,2,7,1,0,10,0,0,0,0,0,2,7,1,0,10,0,0,0,10
11/27/2009,AZO,MI,AGL,CE,Combined TRACON& Tower with Radar,0,18,21,0,39,0,0,21,0,21,0,18,42,0,60,26,0,26,86
11/28/2009,AZO,MI,AGL,CE,Combined TRACON& Tower with Radar,0,26,24,0,50,0,0,124,0,124,0,26,148,0,174,52,0,52,226
11/29/2009,AZO,MI,AGL,CE,Combined TRACON& Tower with Radar,4,23,32,0,59,0,0,1,0,1,4,23,33,0,60,2,0,2,62
11/30/2009,AZO,MI,AGL,CE,Combined TRACON& Tower with Radar,0,23,33,0,56,0,0,27,0,27,0,23,60,0,83,104,0,104,187
12/01/2009,AZO,MI,AGL,CE,Combined TRACON& Tower with Radar,0,26,45,0,71,0,0,63,0,63,0,26,108,0,134,152,0,152,286
12/02/2009,AZO,MI,AGL,CE,Combined TRACON& Tower with Radar,0,26,28,0,54,0,0,35,0,35,0,26,63,0,89,74,0,74,163
12/03/2009,AZO,MI,AGL,CE,Combined TRACON& Tower with Radar,4,25,24,0,53,0,0,0,0,0,4,25,24,0,53,4,0,4,57
12/04/2009,AZO,MI,AGL,CE,Combined TRACON& Tower with Radar,0,22,19,0,41,0,2,3,0,5,0,24,22,0,46,6,0,6,52
12/05/2009,AZO,MI,AGL,CE,Combined TRACON& Tower with Radar,0,24,33,0,57,0,0,49,0,49,0,24,82,0,106,64,0,64,170
12/06/2009,AZO,MI,AGL,CE,Combined TRACON& Tower with Radar,4,25,17,0,46,0,0,54,0,54,4,25,71,0,100,50,0,50,150
12/07/2009,AZO,MI,AGL,CE,Combined TRACON& Tower with Radar,0,26,23,0,49,0,0,0,0,0,0,26,23,0,49,10,0,10,59
12/08/2009,AZO,MI,AGL,CE,Combined TRACON& Tower with Radar,0,19,19,0,38,0,0,0,0,0,0,19,19,0,38,4,0,4,42
12/09/2009,AZO,MI,AGL,CE,Combined TRACON& Tower with Radar,0,10,4,0,14,0,0,0,0,0,0,10,4,0,14,0,0,0,14
12/10/2009,AZO,MI,AGL,CE,Combined TRACON& Tower with Radar,0,4,11,0,15,0,0,0,0,0,0,4,11,0,15,0,0,0,15
12/11/2009,AZO,MI,AGL,CE,Combined TRACON& Tower with Radar,4,19,25,0,48,0,5,14,0,19,4,24,39,0,67,4,0,4,71
12/12/2009,AZO,MI,AGL,CE,Combined TRACON& Tower with Radar,0,23,18,0,41,0,0,60,0,60,0,23,78,0,101,120,0,120,221
12/13/2009,AZO,MI,AGL,CE,Combined TRACON& Tower with Radar,4,23,6,0,33,0,0,0,0,0,4,23,6,0,33,0,0,0,33
12/14/2009,AZO,MI,AGL,CE,Combined TRACON& Tower with Radar,0,21,15,0,36,0,0,0,0,0,0,21,15,0,36,0,0,0,36
12/15/2009,AZO,MI,AGL,CE,Combined TRACON& Tower with Radar,0,22,20,0,42,0,0,0,0,0,0,22,20,0,42,2,0,2,44
12/16/2009,AZO,MI,AGL,CE,Combined TRACON& Tower with Radar,0,23,21,0,44,0,9,40,0,49,0,32,61,0,93,134,0,134,227
12/17/2009,AZO,MI,AGL,CE,Combined TRACON& Tower with Radar,4,25,30,0,59,0,0,51,0,51,4,25,81,0,110,102,0,102,212
12/18/2009,AZO,MI,AGL,CE,Combined TRACON& Tower with Radar,0,22,18,0,40,0,0,26,0,26,0,22,44,0,66,34,0,34,100
12/19/2009,AZO,MI,AGL,CE,Combined TRACON& Tower with Radar,0,22,3,0,25,0,0,0,0,0,0,22,3,0,25,0,0,0,25
12/20/2009,AZO,MI,AGL,CE,Combined TRACON& Tower with Radar,4,25,10,0,39,0,0,9,0,9,4,25,19,0,48,4,0,4,52
12/21/2009,AZO,MI,AGL,CE,Combined TRACON& Tower with Radar,0,23,15,0,38,0,0,4,0,4,0,23,19,0,42,10,0,10,52
12/22/2009,AZO,MI,AGL,CE,Combined TRACON& Tower with Radar,0,26,24,0,50,0,0,7,0,7,0,26,31,0,57,38,0,38,95
12/23/2009,AZO,MI,AGL,CE,Combined TRACON& Tower with Radar,0,17,22,0,39,0,4,34,0,38,0,21,56,0,77,10,0,10,87
12/24/2009,AZO,MI,AGL,CE,Combined TRACON& Tower with Radar,3,17,2,0,22,0,2,0,0,2,3,19,2,0,24,0,0,0,24
12/25/2009,AZO,MI,AGL,CE,Combined TRACON& Tower with Radar,1,21,1,0,23,0,0,0,0,0,1,21,1,0,23,0,0,0,23
12/26/2009,AZO,MI,AGL,CE,Combined TRACON& Tower with Radar,0,20,11,0,31,0,0,1,0,1,0,20,12,0,32,0,0,0,32
12/27/2009,AZO,MI,AGL,CE,Combined TRACON& Tower with Radar,4,17,6,0,27,0,0,13,0,13,4,17,19,0,40,6,0,6,46
12/28/2009,AZO,MI,AGL,CE,Combined TRACON& Tower with Radar,0,19,5,0,24,0,0,0,0,0,0,19,5,0,24,0,0,0,24
12/29/2009,AZO,MI,AGL,CE,Combined TRACON& Tower with Radar,0,24,23,0,47,0,1,28,0,29,0,25,51,0,76,46,0,46,122
12/30/2009,AZO,MI,AGL,CE,Combined TRACON& Tower with Radar,0,24,14,0,38,0,3,13,2,18,0,27,27,2,56,14,0,14,70
12/31/2009,AZO,MI,AGL,CE,Combined TRACON& Tower with Radar,4,15,5,0,24,0,0,0,0,0,4,15,5,0,24,0,0,0,24
01/01/2010,AZO,MI,AGL,CE,Combined TRACON& Tower with Radar,0,20,0,0,20,0,0,5,0,5,0,20,5,0,25,0,0,0,25
01/02/2010,AZO,MI,AGL,CE,Combined TRACON& Tower with Radar,0,26,15,0,41,0,0,18,0,18,0,26,33,0,59,24,0,24,83
01/03/2010,AZO,MI,AGL,CE,Combined TRACON& Tower with Radar,4,24,11,0,39,0,0,18,0,18,4,24,29,0,57,26,0,26,83
01/04/2010,AZO,MI,AGL,CE,Combined TRACON& Tower with Radar,0,21,14,0,35,0,0,3,0,3,0,21,17,0,38,10,0,10,48
01/05/2010,AZO,MI,AGL,CE,Combined TRACON& Tower with Radar,0,26,18,0,44,0,0,14,0,14,0,26,32,0,58,48,0,48,106
01/06/2010,AZO,MI,AGL,CE,Combined TRACON& Tower with Radar,0,26,12,0,38,0,0,2,0,2,0,26,14,0,40,0,0,0,40
01/07/2010,AZO,MI,AGL,CE,Combined TRACON& Tower with Radar,2,6,8,0,16,0,0,0,0,0,2,6,8,0,16,0,0,0,16
01/08/2010,AZO,MI,AGL,CE,Combined TRACON& Tower with Radar,0,21,11,0,32,0,0,5,0,5,0,21,16,0,37,22,0,22,59
01/09/2010,AZO,MI,AGL,CE,Combined TRACON& Tower with Radar,0,20,18,0,38,0,0,16,0,16,0,20,34,0,54,42,0,42,96
01/10/2010,AZO,MI,AGL,CE,Combined TRACON& Tower with Radar,2,25,18,0,45,0,0,30,0,30,2,25,48,0,75,44,0,44,119
01/11/2010,AZO,MI,AGL,CE,Combined TRACON& Tower with Radar,0,24,17,0,41,0,0,1,0,1,0,24,18,0,42,2,0,2,44
01/12/2010,AZO,MI,AGL,CE,Combined TRACON& Tower with Radar,0,23,16,0,39,0,0,15,0,15,0,23,31,0,54,20,0,20,74
01/13/2010,AZO,MI,AGL,CE,Combined TRACON& Tower with Radar,0,27,18,2,47,0,0,44,1,45,0,27,62,3,92,38,2,40,132
01/14/2010,AZO,MI,AGL,CE,Combined TRACON& Tower with Radar,2,25,37,0,64,0,0,11,0,11,2,25,48,0,75,30,0,30,105
01/15/2010,AZO,MI,AGL,CE,Combined TRACON& Tower with Radar,0,27,19,0,46,0,0,20,0,20,0,27,39,0,66,40,0,40,106
01/16/2010,AZO,MI,AGL,CE,Combined TRACON& Tower with Radar,0,18,10,0,28,0,0,7,0,7,0,18,17,0,35,2,0,2,37
01/17/2010,AZO,MI,AGL,CE,Combined TRACON& Tower with Radar,2,19,7,0,28,0,0,2,0,2,2,19,9,0,30,14,0,14,44
01/18/2010,AZO,MI,AGL,CE,Combined TRACON& Tower with Radar,0,20,8,0,28,0,0,0,0,0,0,20,8,0,28,0,0,0,28
01/19/2010,AZO,MI,AGL,CE,Combined TRACON& Tower with Radar,0,25,37,0,62,0,0,27,0,27,0,25,64,0,89,58,0,58,147
01/20/2010,AZO,MI,AGL,CE,Combined TRACON& Tower with Radar,0,26,21,0,47,0,0,26,0,26,0,26,47,0,73,58,0,58,131
01/21/2010,AZO,MI,AGL,CE,Combined TRACON& Tower with Radar,2,26,26,0,54,0,0,32,0,32,2,26,58,0,86,24,0,24,110
01/22/2010,AZO,MI,AGL,CE,Combined TRACON& Tower with Radar,0,25,17,0,42,0,0,0,0,0,0,25,17,0,42,4,0,4,46
01/23/2010,AZO,MI,AGL,CE,Combined TRACON& Tower with Radar,0,18,5,0,23,0,0,0,0,0,0,18,5,0,23,0,0,0,23
01/24/2010,AZO,MI,AGL,CE,Combined TRACON& Tower with Radar,2,29,6,0,37,0,2,0,0,2,2,31,6,0,39,8,0,8,47
01/25/2010,AZO,MI,AGL,CE,Combined TRACON& Tower with Radar,0,26,15,0,41,0,0,9,0,9,0,26,24,0,50,8,0,8,58
01/26/2010,AZO,MI,AGL,CE,Combined TRACON& Tower with Radar,0,25,14,0,39,0,0,0,0,0,0,25,14,0,39,0,0,0,39
01/27/2010,AZO,MI,AGL,CE,Combined TRACON& Tower with Radar,0,25,27,0,52,0,0,8,0,8,0,25,35,0,60,10,0,10,70
01/28/2010,AZO,MI,AGL,CE,Combined TRACON& Tower with Radar,2,31,11,0,44,0,0,2,0,2,2,31,13,0,46,0,0,0,46
01/29/2010,AZO,MI,AGL,CE,Combined TRACON& Tower with Radar,0,25,28,0,53,0,1,38,0,39,0,26,66,0,92,92,0,92,184
01/30/2010,AZO,MI,AGL,CE,Combined TRACON& Tower with Radar,0,19,21,0,40,0,1,77,0,78,0,20,98,0,118,118,0,118,236
01/31/2010,AZO,MI,AGL,CE,Combined TRACON& Tower with Radar,2,26,11,0,39,0,0,31,0,31,2,26,42,0,70,62,0,62,132
02/01/2010,AZO,MI,AGL,CE,Combined TRACON& Tower with Radar,0,25,25,0,50,0,0,6,0,6,0,25,31,0,56,22,0,22,78
02/02/2010,AZO,MI,AGL,CE,Combined TRACON& Tower with Radar,0,24,12,0,36,0,0,0,0,0,0,24,12,0,36,0,0,0,36
02/03/2010,AZO,MI,AGL,CE,Combined TRACON& Tower with Radar,0,26,32,0,58,0,0,3,0,3,0,26,35,0,61,38,0,38,99
02/04/2010,AZO,MI,AGL,CE,Combined TRACON& Tower with Radar,4,25,36,0,65,0,1,38,0,39,4,26,74,0,104,112,0,112,216
02/05/2010,AZO,MI,AGL,CE,Combined TRACON& Tower with Radar,0,22,25,0,47,0,0,13,0,13,0,22,38,0,60,26,0,26,86
02/06/2010,AZO,MI,AGL,CE,Combined TRACON& Tower with Radar,0,21,30,0,51,0,0,26,0,26,0,21,56,0,77,20,0,20,97
02/07/2010,AZO,MI,AGL,CE,Combined TRACON& Tower with Radar,2,27,11,0,40,0,0,37,0,37,2,27,48,0,77,60,0,60,137
02/08/2010,AZO,MI,AGL,CE,Combined TRACON& Tower with Radar,0,26,33,0,59,0,0,50,1,51,0,26,83,1,110,118,0,118,228
02/09/2010,AZO,MI,AGL,CE,Combined TRACON& Tower with Radar,0,15,5,0,20,0,0,0,0,0,0,15,5,0,20,0,0,0,20
02/10/2010,AZO,MI,AGL,CE,Combined TRACON& Tower with Radar,0,22,15,0,37,0,0,2,0,2,0,22,17,0,39,8,0,8,47
02/11/2010,AZO,MI,AGL,CE,Combined TRACON& Tower with Radar,4,25,32,0,61,0,0,11,0,11,4,25,43,0,72,30,0,30,102
02/12/2010,AZO,MI,AGL,CE,Combined TRACON& Tower with Radar,0,28,35,0,63,0,0,28,0,28,0,28,63,0,91,94,0,94,185
02/13/2010,AZO,MI,AGL,CE,Combined TRACON& Tower with Radar,0,23,10,0,33,0,0,14,0,14,0,23,24,0,47,6,0,6,53
02/14/2010,AZO,MI,AGL,CE,Combined TRACON& Tower with Radar,4,25,10,0,39,0,0,28,0,28,4,25,38,0,67,18,0,18,85
02/15/2010,AZO,MI,AGL,CE,Combined TRACON& Tower with Radar,0,26,14,0,40,0,0,7,0,7,0,26,21,0,47,38,0,38,85
02/16/2010,AZO,MI,AGL,CE,Combined TRACON& Tower with Radar,0,27,10,0,37,0,0,2,0,2,0,27,12,0,39,0,0,0,39
02/17/2010,AZO,MI,AGL,CE,Combined TRACON& Tower with Radar,0,31,24,0,55,0,0,0,0,0,0,31,24,0,55,0,0,0,55
02/18/2010,AZO,MI,AGL,CE,Combined TRACON& Tower with Radar,4,29,34,0,67,0,0,53,0,53,4,29,87,0,120,112,0,112,232
02/19/2010,AZO,MI,AGL,CE,Combined TRACON& Tower with Radar,0,28,30,0,58,0,0,60,5,65,0,28,90,5,123,98,0,98,221
02/20/2010,AZO,MI,AGL,CE,Combined TRACON& Tower with Radar,0,24,22,0,46,0,0,54,2,56,0,24,76,2,102,138,0,138,240
02/21/2010,AZO,MI,AGL,CE,Combined TRACON& Tower with Radar,4,16,19,0,39,0,0,18,0,18,4,16,37,0,57,108,0,108,165
02/22/2010,AZO,MI,AGL,CE,Combined TRACON& Tower with Radar,0,7,11,0,18,0,0,0,0,0,0,7,11,0,18,0,0,0,18
02/23/2010,AZO,MI,AGL,CE,Combined TRACON& Tower with Radar,0,31,48,0,79,0,0,34,0,34,0,31,82,0,113,84,2,86,199
02/24/2010,AZO,MI,AGL,CE,Combined TRACON& Tower with Radar,0,26,13,0,39,0,0,2,0,2,0,26,15,0,41,0,0,0,41
02/25/2010,AZO,MI,AGL,CE,Combined TRACON& Tower with Radar,4,26,23,0,53,0,0,10,0,10,4,26,33,0,63,26,0,26,89
02/26/2010,AZO,MI,AGL,CE,Combined TRACON& Tower with Radar,0,18,9,0,27,0,0,0,0,0,0,18,9,0,27,0,0,0,27
02/27/2010,AZO,MI,AGL,CE,Combined TRACON& Tower with Radar,0,22,6,0,28,1,0,9,0,10,1,22,15,0,38,2,0,2,40
02/28/2010,AZO,MI,AGL,CE,Combined TRACON& Tower with Radar,4,26,22,0,52,0,0,18,0,18,4,26,40,0,70,112,0,112,182
03/01/2010,AZO,MI,AGL,CE,Combined TRACON& Tower with Radar,0,29,17,0,46,0,0,29,0,29,0,29,46,0,75,68,0,68,143
03/02/2010,AZO,MI,AGL,CE,Combined TRACON& Tower with Radar,0,28,26,0,54,0,0,32,0,32,0,28,58,0,86,86,0,86,172
03/03/2010,AZO,MI,AGL,CE,Combined TRACON& Tower with Radar,0,27,25,0,52,0,0,44,0,44,0,27,69,0,96,74,0,74,170
03/04/2010,AZO,MI,AGL,CE,Combined TRACON& Tower with Radar,4,30,27,0,61,0,0,49,0,49,4,30,76,0,110,162,0,162,272
03/05/2010,AZO,MI,AGL,CE,Combined TRACON& Tower with Radar,0,28,29,0,57,0,1,69,0,70,0,29,98,0,127,82,0,82,209
03/06/2010,AZO,MI,AGL,CE,Combined TRACON& Tower with Radar,0,24,21,0,45,0,1,79,0,80,0,25,100,0,125,88,0,88,213
03/07/2010,AZO,MI,AGL,CE,Combined TRACON& Tower with Radar,4,27,20,0,51,0,0,49,0,49,4,27,69,0,100,70,10,80,180
03/08/2010,AZO,MI,AGL,CE,Combined TRACON& Tower with Radar,0,29,25,0,54,0,0,31,0,31,0,29,56,0,85,46,0,46,131
03/09/2010,AZO,MI,AGL,CE,Combined TRACON& Tower with Radar,0,25,33,0,58,0,1,50,0,51,0,26,83,0,109,76,0,76,185
03/10/2010,AZO,MI,AGL,CE,Combined TRACON& Tower with Radar,0,30,31,0,61,0,0,13,0,13,0,30,44,0,74,60,0,60,134
03/11/2010,AZO,MI,AGL,CE,Combined TRACON& Tower with Radar,4,27,37,0,68,0,0,17,0,17,4,27,54,0,85,60,0,60,145
03/12/2010,AZO,MI,AGL,CE,Combined TRACON& Tower with Radar,0,27,17,0,44,0,0,6,0,6,0,27,23,0,50,6,0,6,56
03/13/2010,AZO,MI,AGL,CE,Combined TRACON& Tower with Radar,0,24,17,0,41,0,0,0,0,0,0,24,17,0,41,0,0,0,41
03/14/2010,AZO,MI,AGL,CE,Combined TRACON& Tower with Radar,4,28,33,0,65,0,0,6,0,6,4,28,39,0,71,18,0,18,89
03/15/2010,AZO,MI,AGL,CE,Combined TRACON& Tower with Radar,0,29,81,0,110,0,0,15,0,15,0,29,96,0,125,74,0,74,199
03/16/2010,AZO,MI,AGL,CE,Combined TRACON& Tower with Radar,0,32,48,1,81,0,1,80,1,82,0,33,128,2,163,188,2,190,353
03/17/2010,AZO,MI,AGL,CE,Combined TRACON& Tower with Radar,0,30,44,0,74,0,0,61,0,61,0,30,105,0,135,186,0,186,321
03/18/2010,AZO,MI,AGL,CE,Combined TRACON& Tower with Radar,4,28,29,0,61,0,0,35,0,35,4,28,64,0,96,58,0,58,154
03/19/2010,AZO,MI,AGL,CE,Combined TRACON& Tower with Radar,0,27,22,0,49,0,0,53,0,53,0,27,75,0,102,92,0,92,194
03/20/2010,AZO,MI,AGL,CE,Combined TRACON& Tower with Radar,0,25,6,0,31,0,0,3,0,3,0,25,9,0,34,18,0,18,52
03/21/2010,AZO,MI,AGL,CE,Combined TRACON& Tower with Radar,4,28,20,0,52,0,0,35,0,35,4,28,55,0,87,32,6,38,125
03/22/2010,AZO,MI,AGL,CE,Combined TRACON& Tower with Radar,0,27,33,0,60,0,0,21,0,21,0,27,54,0,81,44,0,44,125
03/23/2010,AZO,MI,AGL,CE,Combined TRACON& Tower with Radar,0,27,50,0,77,0,1,70,0,71,0,28,120,0,148,174,0,174,322
03/24/2010,AZO,MI,AGL,CE,Combined TRACON& Tower with Radar,0,26,43,0,69,0,0,72,0,72,0,26,115,0,141,136,0,136,277
03/25/2010,AZO,MI,AGL,CE,Combined TRACON& Tower with Radar,4,26,41,0,71,0,0,30,0,30,4,26,71,0,101,114,0,114,215
03/26/2010,AZO,MI,AGL,CE,Combined TRACON& Tower with Radar,0,29,48,0,77,0,0,86,0,86,0,29,134,0,163,156,0,156,319
03/27/2010,AZO,MI,AGL,CE,Combined TRACON& Tower with Radar,0,22,18,0,40,0,2,72,0,74,0,24,90,0,114,98,0,98,212
03/28/2010,AZO,MI,AGL,CE,Combined TRACON& Tower with Radar,4,24,35,0,63,0,0,12,0,12,4,24,47,0,75,104,0,104,179
03/29/2010,AZO,MI,AGL,CE,Combined TRACON& Tower with Radar,0,29,44,0,73,0,2,34,0,36,0,31,78,0,109,102,0,102,211
03/30/2010,AZO,MI,AGL,CE,Combined TRACON& Tower with Radar,0,28,28,0,56,0,0,40,0,40,0,28,68,0,96,84,0,84,180
03/31/2010,AZO,MI,AGL,CE,Combined TRACON& Tower with Radar,0,27,32,1,60,0,0,34,4,38,0,27,66,5,98,84,0,84,182
04/01/2010,AZO,MI,AGL,CE,Combined TRACON& Tower with Radar,8,27,16,0,51,0,0,35,0,35,8,27,51,0,86,82,0,82,168
04/02/2010,AZO,MI,AGL,CE,Combined TRACON& Tower with Radar,4,29,16,0,49,0,0,37,0,37,4,29,53,0,86,32,0,32,118
04/03/2010,AZO,MI,AGL,CE,Combined TRACON& Tower with Radar,4,23,12,0,39,0,0,18,0,18,4,23,30,0,57,10,0,10,67
04/04/2010,AZO,MI,AGL,CE,Combined TRACON& Tower with Radar,8,24,11,0,43,0,0,20,0,20,8,24,31,0,63,8,0,8,71
04/05/2010,AZO,MI,AGL,CE,Combined TRACON& Tower with Radar,0,26,29,0,55,0,0,31,0,31,0,26,60,0,86,48,0,48,134
04/06/2010,AZO,MI,AGL,CE,Combined TRACON& Tower with Radar,0,28,20,2,50,0,0,8,2,10,0,28,28,4,60,48,0,48,108
04/07/2010,AZO,MI,AGL,CE,Combined TRACON& Tower with Radar,0,23,18,0,41,0,0,4,0,4,0,23,22,0,45,0,0,0,45
04/08/2010,AZO,MI,AGL,CE,Combined TRACON& Tower with Radar,8,30,22,0,60,0,0,4,0,4,8,30,26,0,64,12,0,12,76
04/09/2010,AZO,MI,AGL,CE,Combined TRACON& Tower with Radar,4,29,42,4,79,0,0,44,0,44,4,29,86,4,123,58,0,58,181
04/10/2010,AZO,MI,AGL,CE,Combined TRACON& Tower with Radar,4,21,20,0,45,0,0,52,0,52,4,21,72,0,97,76,0,76,173
04/11/2010,AZO,MI,AGL,CE,Combined TRACON& Tower with Radar,8,27,23,0,58,0,0,71,0,71,8,27,94,0,129,130,0,130,259
04/12/2010,AZO,MI,AGL,CE,Combined TRACON& Tower with Radar,0,28,23,0,51,0,0,46,0,46,0,28,69,0,97,74,0,74,171
04/13/2010,AZO,MI,AGL,CE,Combined TRACON& Tower with Radar,0,26,16,0,42,0,1,21,0,22,0,27,37,0,64,62,0,62,126
04/14/2010,AZO,MI,AGL,CE,Combined TRACON& Tower with Radar,0,30,25,0,55,0,0,61,0,61,0,30,86,0,116,108,0,108,224
04/15/2010,AZO,MI,AGL,CE,Combined TRACON& Tower with Radar,4,28,32,0,64,0,0,35,1,36,4,28,67,1,100,46,0,46,146
04/16/2010,AZO,MI,AGL,CE,Combined TRACON& Tower with Radar,0,29,24,0,53,0,0,25,0,25,0,29,49,0,78,54,0,54,132
04/17/2010,AZO,MI,AGL,CE,Combined TRACON& Tower with Radar,0,24,12,0,36,0,0,31,0,31,0,24,43,0,67,16,0,16,83
04/18/2010,AZO,MI,AGL,CE,Combined TRACON& Tower with Radar,4,29,50,0,83,0,2,53,0,55,4,31,103,0,138,166,0,166,304
04/19/2010,AZO,MI,AGL,CE,Combined TRACON& Tower with Radar,0,29,44,0,73,0,0,77,2,79,0,29,121,2,152,94,0,94,246
04/20/2010,AZO,MI,AGL,CE,Combined TRACON& Tower with Radar,0,28,41,0,69,0,2,45,2,49,0,30,86,2,118,136,0,136,254
04/21/2010,AZO,MI,AGL,CE,Combined TRACON& Tower with Radar,0,28,33,0,61,0,0,59,0,59,0,28,92,0,120,76,0,76,196
04/22/2010,AZO,MI,AGL,CE,Combined TRACON& Tower with Radar,0,30,39,0,69,0,0,41,0,41,0,30,80,0,110,50,0,50,160
04/23/2010,AZO,MI,AGL,CE,Combined TRACON& Tower with Radar,2,30,26,0,58,0,2,43,0,45,2,32,69,0,103,100,0,100,203
04/24/2010,AZO,MI,AGL,CE,Combined TRACON& Tower with Radar,0,24,25,2,51,0,0,3,0,3,0,24,28,2,54,38,0,38,92
04/25/2010,AZO,MI,AGL,CE,Combined TRACON& Tower with Radar,0,23,14,0,37,0,0,0,0,0,0,23,14,0,37,0,0,0,37
04/26/2010,AZO,MI,AGL,CE,Combined TRACON& Tower with Radar,2,29,29,0,60,0,0,21,0,21,2,29,50,0,81,28,0,28,109
04/27/2010,AZO,MI,AGL,CE,Combined TRACON& Tower with Radar,0,28,48,0,76,0,0,54,0,54,0,28,102,0,130,192,0,192,322
04/28/2010,AZO,MI,AGL,CE,Combined TRACON& Tower with Radar,0,27,39,0,66,0,0,81,0,81,0,27,120,0,147,100,0,100,247
04/29/2010,AZO,MI,AGL,CE,Combined TRACON& Tower with Radar,0,29,33,2,64,0,0,33,0,33,0,29,66,2,97,102,0,102,199
04/30/2010,AZO,MI,AGL,CE,Combined TRACON& Tower with Radar,2,28,30,0,60,0,0,14,0,14,2,28,44,0,74,14,0,14,88
05/01/2010,AZO,MI,AGL,CE,Combined TRACON& Tower with Radar,0,26,24,0,50,0,0,12,0,12,0,26,36,0,62,12,0,12,74
05/02/2010,AZO,MI,AGL,CE,Combined TRACON& Tower with Radar,0,26,20,0,46,0,0,19,0,19,0,26,39,0,65,30,0,30,95
05/03/2010,AZO,MI,AGL,CE,Combined TRACON& Tower with Radar,2,27,23,0,52,0,0,26,0,26,2,27,49,0,78,24,0,24,102
05/04/2010,AZO,MI,AGL,CE,Combined TRACON& Tower with Radar,0,31,23,0,54,0,1,20,1,22,0,32,43,1,76,54,0,54,130
05/05/2010,AZO,MI,AGL,CE,Combined TRACON& Tower with Radar,0,28,18,0,46,0,0,15,0,15,0,28,33,0,61,18,0,18,79
05/06/2010,AZO,MI,AGL,CE,Combined TRACON& Tower with Radar,1,31,45,0,77,0,1,52,0,53,1,32,97,0,130,70,0,70,200
05/07/2010,AZO,MI,AGL,CE,Combined TRACON& Tower with Radar,2,31,20,0,53,0,0,0,0,0,2,31,20,0,53,2,0,2,55
05/08/2010,AZO,MI,AGL,CE,Combined TRACON& Tower with Radar,0,24,3,0,27,0,0,0,0,0,0,24,3,0,27,0,0,0,27
05/09/2010,AZO,MI,AGL,CE,Combined TRACON& Tower with Radar,0,29,19,0,48,0,0,51,0,51,0,29,70,0,99,42,0,42,141
05/10/2010,AZO,MI,AGL,CE,Combined TRACON& Tower with Radar,2,28,23,0,53,0,2,47,0,49,2,30,70,0,102,78,0,78,180
05/11/2010,AZO,MI,AGL,CE,Combined TRACON& Tower with Radar,0,29,20,0,49,0,0,0,0,0,0,29,20,0,49,4,0,4,53
05/12/2010,AZO,MI,AGL,CE,Combined TRACON& Tower with Radar,0,26,31,0,57,0,0,2,0,2,0,26,33,0,59,20,0,20,79
05/13/2010,AZO,MI,AGL,CE,Combined TRACON& Tower with Radar,0,28,14,0,42,0,0,0,0,0,0,28,14,0,42,2,0,2,44
05/14/2010,AZO,MI,AGL,CE,Combined TRACON& Tower with Radar,2,28,22,0,52,0,0,30,0,30,2,28,52,0,82,22,0,22,104
05/15/2010,AZO,MI,AGL,CE,Combined TRACON& Tower with Radar,0,25,21,0,46,0,0,95,1,96,0,25,116,1,142,78,0,78,220
05/16/2010,AZO,MI,AGL,CE,Combined TRACON& Tower with Radar,0,28,22,0,50,0,0,54,0,54,0,28,76,0,104,86,0,86,190
05/17/2010,AZO,MI,AGL,CE,Combined TRACON& Tower with Radar,0,28,25,0,53,0,0,15,0,15,0,28,40,0,68,60,0,60,128
05/18/2010,AZO,MI,AGL,CE,Combined TRACON& Tower with Radar,0,28,35,0,63,0,0,11,0,11,0,28,46,0,74,36,0,36,110
05/19/2010,AZO,MI,AGL,CE,Combined TRACON& Tower with Radar,0,27,43,0,70,0,0,77,0,77,0,27,120,0,147,122,0,122,269
05/20/2010,AZO,MI,AGL,CE,Combined TRACON& Tower with Radar,0,26,32,0,58,0,0,60,0,60,0,26,92,0,118,124,0,124,242
05/21/2010,AZO,MI,AGL,CE,Combined TRACON& Tower with Radar,2,26,19,0,47,0,0,0,0,0,2,26,19,0,47,0,0,0,47
05/22/2010,AZO,MI,AGL,CE,Combined TRACON& Tower with Radar,0,24,22,0,46,0,0,10,0,10,0,24,32,0,56,16,0,16,72
05/23/2010,AZO,MI,AGL,CE,Combined TRACON& Tower with Radar,0,27,10,1,38,0,0,60,0,60,0,27,70,1,98,62,0,62,160
05/24/2010,AZO,MI,AGL,CE,Combined TRACON& Tower with Radar,0,28,23,0,51,0,3,45,1,49,0,31,68,1,100,118,0,118,218
05/25/2010,AZO,MI,AGL,CE,Combined TRACON& Tower with Radar,0,26,34,0,60,0,0,76,0,76,0,26,110,0,136,114,0,114,250
05/26/2010,AZO,MI,AGL,CE,Combined TRACON& Tower with Radar,0,27,22,0,49,0,0,45,0,45,0,27,67,0,94,112,0,112,206
05/27/2010,AZO,MI,AGL,CE,Combined TRACON& Tower with Radar,0,32,33,2,67,0,0,38,1,39,0,32,71,3,106,86,0,86,192
05/28/2010,AZO,MI,AGL,CE,Combined TRACON& Tower with Radar,4,26,27,0,57,0,0,75,0,75,4,26,102,0,132,106,0,106,238
05/29/2010,AZO,MI,AGL,CE,Combined TRACON& Tower with Radar,0,24,11,0,35,0,0,58,0,58,0,24,69,0,93,22,0,22,115
05/30/2010,AZO,MI,AGL,CE,Combined TRACON& Tower with Radar,0,22,11,0,33,0,0,47,0,47,0,22,58,0,80,10,0,10,90
05/31/2010,AZO,MI,AGL,CE,Combined TRACON& Tower with Radar,0,18,7,0,25,0,0,4,0,4,0,18,11,0,29,0,0,0,29
06/01/2010,AZO,MI,AGL,CE,Combined TRACON& Tower with Radar,0,32,22,0,54,0,0,42,0,42,0,32,64,0,96,72,0,72,168
06/02/2010,AZO,MI,AGL,CE,Combined TRACON& Tower with Radar,0,27,22,0,49,0,0,10,0,10,0,27,32,0,59,6,0,6,65
06/03/2010,AZO,MI,AGL,CE,Combined TRACON& Tower with Radar,0,29,38,0,67,0,0,16,0,16,0,29,54,0,83,24,0,24,107
06/04/2010,AZO,MI,AGL,CE,Combined TRACON& Tower with Radar,2,29,37,2,70,0,0,32,3,35,2,29,69,5,105,22,0,22,127
06/05/2010,AZO,MI,AGL,CE,Combined TRACON& Tower with Radar,0,26,8,0,34,0,1,24,0,25,0,27,32,0,59,46,0,46,105
06/06/2010,AZO,MI,AGL,CE,Combined TRACON& Tower with Radar,0,31,15,1,47,0,0,11,0,11,0,31,26,1,58,38,0,38,96
06/07/2010,AZO,MI,AGL,CE,Combined TRACON& Tower with Radar,2,33,20,1,56,0,0,38,1,39,2,33,58,2,95,52,0,52,147
06/08/2010,AZO,MI,AGL,CE,Combined TRACON& Tower with Radar,0,28,24,2,54,0,2,19,0,21,0,30,43,2,75,50,0,50,125
06/09/2010,AZO,MI,AGL,CE,Combined TRACON& Tower with Radar,0,24,26,0,50,0,0,36,0,36,0,24,62,0,86,102,0,102,188
06/10/2010,AZO,MI,AGL,CE,Combined TRACON& Tower with Radar,0,27,33,0,60,0,0,92,0,92,0,27,125,0,152,108,0,108,260
06/11/2010,AZO,MI,AGL,CE,Combined TRACON& Tower with Radar,2,26,19,0,47,0,0,21,0,21,2,26,40,0,68,8,0,8,76
06/12/2010,AZO,MI,AGL,CE,Combined TRACON& Tower with Radar,0,20,12,0,32,0,0,1,0,1,0,20,13,0,33,8,0,8,41
06/13/2010,AZO,MI,AGL,CE,Combined TRACON& Tower with Radar,0,25,24,0,49,0,1,14,0,15,0,26,38,0,64,26,0,26,90
06/14/2010,AZO,MI,AGL,CE,Combined TRACON& Tower with Radar,2,22,39,0,63,0,0,13,0,13,2,22,52,0,76,18,0,18,94
06/15/2010,AZO,MI,AGL,CE,Combined TRACON& Tower with Radar,2,32,57,0,91,0,0,12,0,12,2,32,69,0,103,110,0,110,213
06/16/2010,AZO,MI,AGL,CE,Combined TRACON& Tower with Radar,0,31,39,0,70,0,0,23,0,23,0,31,62,0,93,88,0,88,181
06/17/2010,AZO,MI,AGL,CE,Combined TRACON& Tower with Radar,0,25,45,0,70,0,0,60,0,60,0,25,105,0,130,110,0,110,240
06/18/2010,AZO,MI,AGL,CE,Combined TRACON& Tower with Radar,2,26,23,0,51,0,1,23,1,25,2,27,46,1,76,52,0,52,128
06/19/2010,AZO,MI,AGL,CE,Combined TRACON& Tower with Radar,0,26,16,1,43,0,0,37,0,37,0,26,53,1,80,40,0,40,120
06/20/2010,AZO,MI,AGL,CE,Combined TRACON& Tower with Radar,0,30,22,0,52,0,0,73,1,74,0,30,95,1,126,68,0,68,194
06/21/2010,AZO,MI,AGL,CE,Combined TRACON& Tower with Radar,2,33,17,0,52,0,0,21,0,21,2,33,38,0,73,62,0,62,135
06/22/2010,AZO,MI,AGL,CE,Combined TRACON& Tower with Radar,0,48,16,0,64,0,0,32,0,32,0,48,48,0,96,62,0,62,158
06/23/2010,AZO,MI,AGL,CE,Combined TRACON& Tower with Radar,0,17,27,0,44,0,0,5,0,5,0,17,32,0,49,18,0,18,67
06/24/2010,AZO,MI,AGL,CE,Combined TRACON& Tower with Radar,0,29,63,1,93,0,0,48,0,48,0,29,111,1,141,122,0,122,263
06/25/2010,AZO,MI,AGL,CE,Combined TRACON& Tower with Radar,4,25,34,0,63,0,1,76,0,77,4,26,110,0,140,91,0,91,231
06/26/2010,AZO,MI,AGL,CE,Combined TRACON& Tower with Radar,0,26,25,0,51,0,0,26,0,26,0,26,51,0,77,30,0,30,107
06/27/2010,AZO,MI,AGL,CE,Combined TRACON& Tower with Radar,0,23,8,0,31,0,0,6,0,6,0,23,14,0,37,0,0,0,37
06/28/2010,AZO,MI,AGL,CE,Combined TRACON& Tower with Radar,4,26,30,0,60,0,0,51,0,51,4,26,81,0,111,82,0,82,193
06/29/2010,AZO,MI,AGL,CE,Combined TRACON& Tower with Radar,0,28,19,0,47,0,1,64,0,65,0,29,83,0,112,220,0,220,332
06/30/2010,AZO,MI,AGL,CE,Combined TRACON& Tower with Radar,0,25,35,0,60,0,0,66,0,66,0,25,101,0,126,124,20,144,270
07/01/2010,AZO,MI,AGL,CE,Combined TRACON& Tower with Radar,0,30,44,0,74,0,0,82,0,82,0,30,126,0,156,118,0,118,274
07/02/2010,AZO,MI,AGL,CE,Combined TRACON& Tower with Radar,4,26,20,0,50,0,0,58,5,63,4,26,78,5,113,66,0,66,179
07/03/2010,AZO,MI,AGL,CE,Combined TRACON& Tower with Radar,0,21,15,0,36,0,0,44,0,44,0,21,59,0,80,22,0,22,102
07/04/2010,AZO,MI,AGL,CE,Combined TRACON& Tower with Radar,0,19,5,0,24,0,0,28,0,28,0,19,33,0,52,24,0,24,76
07/05/2010,AZO,MI,AGL,CE,Combined TRACON& Tower with Radar,4,25,21,0,50,0,0,32,0,32,4,25,53,0,82,38,0,38,120
07/06/2010,AZO,MI,AGL,CE,Combined TRACON& Tower with Radar,0,29,24,0,53,0,0,26,1,27,0,29,50,1,80,68,0,68,148
07/07/2010,AZO,MI,AGL,CE,Combined TRACON& Tower with Radar,0,26,25,4,55,0,0,47,0,47,0,26,72,4,102,54,0,54,156
07/08/2010,AZO,MI,AGL,CE,Combined TRACON& Tower with Radar,0,25,18,0,43,0,1,9,0,10,0,26,27,0,53,36,0,36,89
07/09/2010,AZO,MI,AGL,CE,Combined TRACON& Tower with Radar,4,28,37,0,69,0,1,25,0,26,4,29,62,0,95,46,0,46,141
07/10/2010,AZO,MI,AGL,CE,Combined TRACON& Tower with Radar,0,22,10,0,32,0,1,76,0,77,0,23,86,0,109,54,0,54,163
07/11/2010,AZO,MI,AGL,CE,Combined TRACON& Tower with Radar,0,25,17,0,42,0,0,53,0,53,0,25,70,0,95,64,0,64,159
07/12/2010,AZO,MI,AGL,CE,Combined TRACON& Tower with Radar,4,32,16,0,52,0,0,28,0,28,4,32,44,0,80,60,0,60,140
07/13/2010,AZO,MI,AGL,CE,Combined TRACON& Tower with Radar,0,29,25,0,54,0,0,28,0,28,0,29,53,0,82,72,0,72,154
07/14/2010,AZO,MI,AGL,CE,Combined TRACON& Tower with Radar,0,31,35,0,66,0,1,69,3,73,0,32,104,3,139,50,0,50,189
07/15/2010,AZO,MI,AGL,CE,Combined TRACON& Tower with Radar,0,33,17,0,50,0,0,5,0,5,0,33,22,0,55,2,0,2,57
07/16/2010,AZO,MI,AGL,CE,Combined TRACON& Tower with Radar,4,32,31,0,67,0,0,60,0,60,4,32,91,0,127,122,0,122,249
07/17/2010,AZO,MI,AGL,CE,Combined TRACON& Tower with Radar,0,23,22,2,47,0,1,50,0,51,0,24,72,2,98,96,0,96,194
07/18/2010,AZO,MI,AGL,CE,Combined TRACON& Tower with Radar,0,26,13,0,39,0,0,31,0,31,0,26,44,0,70,30,0,30,100
07/19/2010,AZO,MI,AGL,CE,Combined TRACON& Tower with Radar,4,30,27,0,61,0,0,47,0,47,4,30,74,0,108,38,0,38,146
07/20/2010,AZO,MI,AGL,CE,Combined TRACON& Tower with Radar,0,33,33,0,66,0,0,27,0,27,0,33,60,0,93,54,0,54,147
07/21/2010,AZO,MI,AGL,CE,Combined TRACON& Tower with Radar,0,30,39,0,69,0,0,73,0,73,0,30,112,0,142,90,0,90,232
07/22/2010,AZO,MI,AGL,CE,Combined TRACON& Tower with Radar,0,30,14,0,44,0,1,48,0,49,0,31,62,0,93,40,0,40,133
07/23/2010,AZO,MI,AGL,CE,Combined TRACON& Tower with Radar,6,26,15,2,49,0,0,11,0,11,6,26,26,2,60,0,0,0,60
07/24/2010,AZO,MI,AGL,CE,Combined TRACON& Tower with Radar,0,16,9,2,27,0,0,7,0,7,0,16,16,2,34,2,0,2,36
07/25/2010,AZO,MI,AGL,CE,Combined TRACON& Tower with Radar,0,28,24,0,52,0,0,45,1,46,0,28,69,1,98,88,0,88,186
07/26/2010,AZO,MI,AGL,CE,Combined TRACON& Tower with Radar,4,31,32,0,67,0,1,43,0,44,4,32,75,0,111,60,0,60,171
07/27/2010,AZO,MI,AGL,CE,Combined TRACON& Tower with Radar,0,28,25,0,53,0,0,46,1,47,0,28,71,1,100,50,0,50,150
07/28/2010,AZO,MI,AGL,CE,Combined TRACON& Tower with Radar,0,23,31,0,54,0,0,9,0,9,0,23,40,0,63,6,0,6,69
07/29/2010,AZO,MI,AGL,CE,Combined TRACON& Tower with Radar,0,34,34,0,68,0,0,66,0,66,0,34,100,0,134,62,0,62,196
07/30/2010,AZO,MI,AGL,CE,Combined TRACON& Tower with Radar,4,30,21,0,55,0,0,50,0,50,4,30,71,0,105,56,0,56,161
07/31/2010,AZO,MI,AGL,CE,Combined TRACON& Tower with Radar,0,22,17,0,39,0,0,50,1,51,0,22,67,1,90,40,0,40,130
08/01/2010,AZO,MI,AGL,CE,Combined TRACON& Tower with Radar,0,30,21,0,51,0,0,58,0,58,0,30,79,0,109,70,14,84,193
08/02/2010,AZO,MI,AGL,CE,Combined TRACON& Tower with Radar,4,31,21,0,56,0,0,36,0,36,4,31,57,0,92,42,0,42,134
08/03/2010,AZO,MI,AGL,CE,Combined TRACON& Tower with Radar,0,29,21,0,50,0,1,38,1,40,0,30,59,1,90,86,0,86,176
08/04/2010,AZO,MI,AGL,CE,Combined TRACON& Tower with Radar,0,31,33,0,64,0,0,24,0,24,0,31,57,0,88,134,0,134,222
08/05/2010,AZO,MI,AGL,CE,Combined TRACON& Tower with Radar,0,34,38,0,72,0,0,37,0,37,0,34,75,0,109,62,0,62,171
08/06/2010,AZO,MI,AGL,CE,Combined TRACON& Tower with Radar,4,33,32,2,71,0,2,71,0,73,4,35,103,2,144,48,0,48,192
08/07/2010,AZO,MI,AGL,CE,Combined TRACON& Tower with Radar,0,23,17,0,40,0,0,54,0,54,0,23,71,0,94,82,0,82,176
08/08/2010,AZO,MI,AGL,CE,Combined TRACON& Tower with Radar,0,30,20,0,50,0,0,26,0,26,0,30,46,0,76,24,0,24,100
08/09/2010,AZO,MI,AGL,CE,Combined TRACON& Tower with Radar,4,35,25,0,64,0,0,21,0,21,4,35,46,0,85,8,0,8,93
08/10/2010,AZO,MI,AGL,CE,Combined TRACON& Tower with Radar,0,32,27,0,59,0,1,34,1,36,0,33,61,1,95,58,0,58,153
08/11/2010,AZO,MI,AGL,CE,Combined TRACON& Tower with Radar,0,30,25,0,55,0,0,22,0,22,0,30,47,0,77,60,0,60,137
08/12/2010,AZO,MI,AGL,CE,Combined TRACON& Tower with Radar,0,33,30,0,63,0,2,39,0,41,0,35,69,0,104,56,0,56,160
08/13/2010,AZO,MI,AGL,CE,Combined TRACON& Tower with Radar,4,30,17,0,51,0,4,23,0,27,4,34,40,0,78,64,0,64,142
08/14/2010,AZO,MI,AGL,CE,Combined TRACON& Tower with Radar,0,21,12,0,33,0,0,28,0,28,0,21,40,0,61,20,0,20,81
08/15/2010,AZO,MI,AGL,CE,Combined TRACON& Tower with Radar,0,29,16,0,45,0,0,54,0,54,0,29,70,0,99,36,0,36,135
08/16/2010,AZO,MI,AGL,CE,Combined TRACON& Tower with Radar,4,30,15,0,49,0,0,43,0,43,4,30,58,0,92,48,0,48,140
08/17/2010,AZO,MI,AGL,CE,Combined TRACON& Tower with Radar,0,32,10,0,42,0,1,53,0,54,0,33,63,0,96,102,0,102,198
08/18/2010,AZO,MI,AGL,CE,Combined TRACON& Tower with Radar,0,35,25,0,60,0,0,40,0,40,0,35,65,0,100,66,0,66,166
08/19/2010,AZO,MI,AGL,CE,Combined TRACON& Tower with Radar,0,31,25,0,56,0,0,55,0,55,0,31,80,0,111,104,0,104,215
08/20/2010,AZO,MI,AGL,CE,Combined TRACON& Tower with Radar,2,31,19,0,52,0,0,42,0,42,2,31,61,0,94,114,0,114,208
08/21/2010,AZO,MI,AGL,CE,Combined TRACON& Tower with Radar,0,22,25,0,47,0,0,23,0,23,0,22,48,0,70,14,0,14,84
08/22/2010,AZO,MI,AGL,CE,Combined TRACON& Tower with Radar,0,25,25,0,50,0,1,41,0,42,0,26,66,0,92,32,0,32,124
08/23/2010,AZO,MI,AGL,CE,Combined TRACON& Tower with Radar,2,31,37,0,70,0,0,18,1,19,2,31,55,1,89,76,0,76,165
08/24/2010,AZO,MI,AGL,CE,Combined TRACON& Tower with Radar,0,31,31,0,62,0,0,35,0,35,0,31,66,0,97,118,0,118,215
08/25/2010,AZO,MI,AGL,CE,Combined TRACON& Tower with Radar,0,32,28,0,60,0,0,51,0,51,0,32,79,0,111,78,0,78,189
08/26/2010,AZO,MI,AGL,CE,Combined TRACON& Tower with Radar,0,33,24,0,57,0,0,44,0,44,0,33,68,0,101,124,0,124,225
08/27/2010,AZO,MI,AGL,CE,Combined TRACON& Tower with Radar,2,35,10,1,48,0,1,54,1,56,2,36,64,2,104,34,0,34,138
08/28/2010,AZO,MI,AGL,CE,Combined TRACON& Tower with Radar,0,21,10,0,31,0,1,75,2,78,0,22,85,2,109,50,0,50,159
08/29/2010,AZO,MI,AGL,CE,Combined TRACON& Tower with Radar,0,27,17,0,44,0,0,43,0,43,0,27,60,0,87,52,0,52,139
08/30/2010,AZO,MI,AGL,CE,Combined TRACON& Tower with Radar,2,31,24,0,57,0,2,29,0,31,2,33,53,0,88,32,0,32,120
08/31/2010,AZO,MI,AGL,CE,Combined TRACON& Tower with Radar,0,31,29,0,60,0,2,35,0,37,0,33,64,0,97,36,0,36,133
09/01/2010,AZO,MI,AGL,CE,Combined TRACON& Tower with Radar,0,36,21,0,57,0,0,13,0,13,0,36,34,0,70,40,0,40,110
09/02/2010,AZO,MI,AGL,CE,Combined TRACON& Tower with Radar,0,31,17,0,48,0,0,3,0,3,0,31,20,0,51,4,0,4,55
09/03/2010,AZO,MI,AGL,CE,Combined TRACON& Tower with Radar,2,33,21,4,60,0,2,7,0,9,2,35,28,4,69,46,0,46,115
09/04/2010,AZO,MI,AGL,CE,Combined TRACON& Tower with Radar,0,21,10,0,31,0,1,14,0,15,0,22,24,0,46,6,0,6,52
09/05/2010,AZO,MI,AGL,CE,Combined TRACON& Tower with Radar,0,20,17,0,37,0,0,62,0,62,0,20,79,0,99,40,0,40,139
09/06/2010,AZO,MI,AGL,CE,Combined TRACON& Tower with Radar,2,28,17,0,47,0,0,14,0,14,2,28,31,0,61,64,0,64,125
09/07/2010,AZO,MI,AGL,CE,Combined TRACON& Tower with Radar,0,32,11,0,43,0,0,8,0,8,0,32,19,0,51,8,0,8,59
09/08/2010,AZO,MI,AGL,CE,Combined TRACON& Tower with Radar,0,32,28,0,60,0,0,22,0,22,0,32,50,0,82,86,0,86,168
09/09/2010,AZO,MI,AGL,CE,Combined TRACON& Tower with Radar,0,33,35,0,68,0,0,42,0,42,0,33,77,0,110,76,0,76,186
09/10/2010,AZO,MI,AGL,CE,Combined TRACON& Tower with Radar,0,31,31,0,62,0,0,72,0,72,0,31,103,0,134,56,0,56,190
09/11/2010,AZO,MI,AGL,CE,Combined TRACON& Tower with Radar,0,24,24,0,48,0,0,12,0,12,0,24,36,0,60,42,0,42,102
09/12/2010,AZO,MI,AGL,CE,Combined TRACON& Tower with Radar,0,24,22,0,46,0,1,60,0,61,0,25,82,0,107,44,0,44,151
09/13/2010,AZO,MI,AGL,CE,Combined TRACON& Tower with Radar,0,35,24,0,59,0,1,57,0,58,0,36,81,0,117,82,0,82,199
09/14/2010,AZO,MI,AGL,CE,Combined TRACON& Tower with Radar,0,33,20,0,53,0,0,44,1,45,0,33,64,1,98,60,0,60,158
09/15/2010,AZO,MI,AGL,CE,Combined TRACON& Tower with Radar,0,36,16,0,52,0,1,29,0,30,0,37,45,0,82,50,0,50,132
09/16/2010,AZO,MI,AGL,CE,Combined TRACON& Tower with Radar,0,32,15,1,48,0,0,0,0,0,0,32,15,1,48,0,0,0,48
09/17/2010,AZO,MI,AGL,CE,Combined TRACON& Tower with Radar,0,32,36,0,68,0,0,60,0,60,0,32,96,0,128,60,0,60,188
09/18/2010,AZO,MI,AGL,CE,Combined TRACON& Tower with Radar,0,27,9,0,36,0,0,25,0,25,0,27,34,0,61,52,0,52,113
09/19/2010,AZO,MI,AGL,CE,Combined TRACON& Tower with Radar,0,28,37,0,65,0,0,38,0,38,0,28,75,0,103,104,0,104,207
09/20/2010,AZO,MI,AGL,CE,Combined TRACON& Tower with Radar,0,36,28,0,64,0,0,29,0,29,0,36,57,0,93,38,0,38,131
09/21/2010,AZO,MI,AGL,CE,Combined TRACON& Tower with Radar,0,32,39,0,71,0,0,47,0,47,0,32,86,0,118,58,0,58,176
09/22/2010,AZO,MI,AGL,CE,Combined TRACON& Tower with Radar,0,39,25,0,64,0,0,26,0,26,0,39,51,0,90,70,0,70,160
09/23/2010,AZO,MI,AGL,CE,Combined TRACON& Tower with Radar,0,34,25,0,59,0,0,17,0,17,0,34,42,0,76,36,0,36,112
09/24/2010,AZO,MI,AGL,CE,Combined TRACON& Tower with Radar,0,37,16,0,53,0,0,6,0,6,0,37,22,0,59,0,0,0,59
09/25/2010,AZO,MI,AGL,CE,Combined TRACON& Tower with Radar,0,23,38,0,61,0,2,42,0,44,0,25,80,0,105,74,0,74,179
09/26/2010,AZO,MI,AGL,CE,Combined TRACON& Tower with Radar,0,29,35,0,64,0,0,59,0,59,0,29,94,0,123,58,0,58,181
09/27/2010,AZO,MI,AGL,CE,Combined TRACON& Tower with Radar,0,33,29,0,62,0,2,37,0,39,0,35,66,0,101,98,0,98,199
09/28/2010,AZO,MI,AGL,CE,Combined TRACON& Tower with Radar,0,35,35,0,70,0,2,38,0,40,0,37,73,0,110,54,0,54,164
09/29/2010,AZO,MI,AGL,CE,Combined TRACON& Tower with Radar,0,31,30,0,61,0,0,49,0,49,0,31,79,0,110,46,0,46,156
09/30/2010,AZO,MI,AGL,CE,Combined TRACON& Tower with Radar,0,36,36,0,72,0,1,41,0,42,0,37,77,0,114,98,0,98,212
10/01/2010,AZO,MI,AGL,CE,Combined TRACON& Tower with Radar,0,30,24,0,54,0,0,70,0,70,0,30,94,0,124,46,0,46,170
10/02/2010,AZO,MI,AGL,CE,Combined TRACON& Tower with Radar,0,22,25,0,47,0,0,18,0,18,0,22,43,0,65,14,0,14,79
10/03/2010,AZO,MI,AGL,CE,Combined TRACON& Tower with Radar,0,28,35,2,65,0,1,53,1,55,0,29,88,3,120,84,0,84,204
10/04/2010,AZO,MI,AGL,CE,Combined TRACON& Tower with Radar,0,33,22,0,55,0,0,39,0,39,0,33,61,0,94,106,0,106,200
10/05/2010,AZO,MI,AGL,CE,Combined TRACON& Tower with Radar,0,38,24,0,62,0,1,53,0,54,0,39,77,0,116,188,0,188,304
10/06/2010,AZO,MI,AGL,CE,Combined TRACON& Tower with Radar,0,32,36,0,68,0,0,50,0,50,0,32,86,0,118,22,0,22,140
10/07/2010,AZO,MI,AGL,CE,Combined TRACON& Tower with Radar,0,34,32,0,66,0,1,51,0,52,0,35,83,0,118,56,0,56,174
10/08/2010,AZO,MI,AGL,CE,Combined TRACON& Tower with Radar,2,35,14,0,51,0,1,55,0,56,2,36,69,0,107,56,0,56,163
10/09/2010,AZO,MI,AGL,CE,Combined TRACON& Tower with Radar,0,25,11,0,36,0,0,66,0,66,0,25,77,0,102,62,0,62,164
10/10/2010,AZO,MI,AGL,CE,Combined TRACON& Tower with Radar,0,27,27,0,54,0,0,81,0,81,0,27,108,0,135,108,0,108,243
10/11/2010,AZO,MI,AGL,CE,Combined TRACON& Tower with Radar,2,28,35,0,65,0,0,30,0,30,2,28,65,0,95,86,0,86,181
10/12/2010,AZO,MI,AGL,CE,Combined TRACON& Tower with Radar,0,33,17,0,50,0,0,26,0,26,0,33,43,0,76,6,0,6,82
10/13/2010,AZO,MI,AGL,CE,Combined TRACON& Tower with Radar,0,35,41,0,76,0,0,9,0,9,0,35,50,0,85,40,0,40,125
10/14/2010,AZO,MI,AGL,CE,Combined TRACON& Tower with Radar,0,32,21,0,53,0,0,43,0,43,0,32,64,0,96,90,0,90,186
10/15/2010,AZO,MI,AGL,CE,Combined TRACON& Tower with Radar,2,32,19,0,53,0,0,52,0,52,2,32,71,0,105,114,0,114,219
10/16/2010,AZO,MI,AGL,CE,Combined TRACON& Tower with Radar,0,23,12,0,35,0,0,63,0,63,0,23,75,0,98,32,0,32,130
10/17/2010,AZO,MI,AGL,CE,Combined TRACON& Tower with Radar,0,28,25,0,53,0,0,71,0,71,0,28,96,0,124,152,0,152,276
10/18/2010,AZO,MI,AGL,CE,Combined TRACON& Tower with Radar,2,34,17,0,53,0,0,25,0,25,2,34,42,0,78,82,0,82,160
10/19/2010,AZO,MI,AGL,CE,Combined TRACON& Tower with Radar,0,35,30,0,65,0,0,25,0,25,0,35,55,0,90,16,0,16,106
10/20/2010,AZO,MI,AGL,CE,Combined TRACON& Tower with Radar,0,34,19,0,53,0,0,31,0,31,0,34,50,0,84,66,0,66,150
10/21/2010,AZO,MI,AGL,CE,Combined TRACON& Tower with Radar,0,32,26,0,58,0,0,15,0,15,0,32,41,0,73,90,0,90,163
10/22/2010,AZO,MI,AGL,CE,Combined TRACON& Tower with Radar,2,34,21,0,57,0,0,52,0,52,2,34,73,0,109,122,0,122,231
10/23/2010,AZO,MI,AGL,CE,Combined TRACON& Tower with Radar,0,23,23,0,46,0,0,40,0,40,0,23,63,0,86,90,0,90,176
10/24/2010,AZO,MI,AGL,CE,Combined TRACON& Tower with Radar,0,29,18,0,47,0,0,30,0,30,0,29,48,0,77,44,0,44,121
10/25/2010,AZO,MI,AGL,CE,Combined TRACON& Tower with Radar,2,32,42,0,76,0,0,7,0,7,2,32,49,0,83,42,0,42,125
10/26/2010,AZO,MI,AGL,CE,Combined TRACON& Tower with Radar,0,32,5,0,37,0,0,0,0,0,0,32,5,0,37,0,0,0,37
10/27/2010,AZO,MI,AGL,CE,Combined TRACON& Tower with Radar,0,37,11,0,48,0,0,0,0,0,0,37,11,0,48,0,0,0,48
10/28/2010,AZO,MI,AGL,CE,Combined TRACON& Tower with Radar,1,32,17,0,50,0,0,6,0,6,1,32,23,0,56,2,0,2,58
10/29/2010,AZO,MI,AGL,CE,Combined TRACON& Tower with Radar,2,32,23,0,57,0,0,90,0,90,2,32,113,0,147,80,0,80,227
10/30/2010,AZO,MI,AGL,CE,Combined TRACON& Tower with Radar,0,22,8,0,30,0,0,40,0,40,0,22,48,0,70,14,0,14,84
10/31/2010,AZO,MI,AGL,CE,Combined TRACON& Tower with Radar,0,25,25,2,52,0,0,78,0,78,0,25,103,2,130,162,0,162,292
11/01/2010,AZO,MI,AGL,CE,Combined TRACON& Tower with Radar,2,39,20,0,61,0,2,50,0,52,2,41,70,0,113,126,0,126,239
11/02/2010,AZO,MI,AGL,CE,Combined TRACON& Tower with Radar,1,34,31,0,66,0,0,65,2,67,1,34,96,2,133,88,0,88,221
11/03/2010,AZO,MI,AGL,CE,Combined TRACON& Tower with Radar,0,34,21,0,55,0,0,39,0,39,0,34,60,0,94,110,0,110,204
11/04/2010,AZO,MI,AGL,CE,Combined TRACON& Tower with Radar,0,32,35,0,67,0,0,14,0,14,0,32,49,0,81,62,0,62,143
11/05/2010,AZO,MI,AGL,CE,Combined TRACON& Tower with Radar,2,32,33,0,67,0,2,19,0,21,2,34,52,0,88,74,0,74,162
11/06/2010,AZO,MI,AGL,CE,Combined TRACON& Tower with Radar,0,21,24,0,45,0,1,56,0,57,0,22,80,0,102,110,0,110,212
11/07/2010,AZO,MI,AGL,CE,Combined TRACON& Tower with Radar,0,31,19,0,50,0,0,50,0,50,0,31,69,0,100,90,0,90,190
11/08/2010,AZO,MI,AGL,CE,Combined TRACON& Tower with Radar,2,32,19,0,53,0,0,35,0,35,2,32,54,0,88,118,0,118,206
11/09/2010,AZO,MI,AGL,CE,Combined TRACON& Tower with Radar,2,34,14,0,50,0,0,40,0,40,2,34,54,0,90,90,0,90,180
11/10/2010,AZO,MI,AGL,CE,Combined TRACON& Tower with Radar,0,33,22,2,57,0,0,53,0,53,0,33,75,2,110,134,0,134,244
11/11/2010,AZO,MI,AGL,CE,Combined TRACON& Tower with Radar,0,30,27,1,58,0,0,53,0,53,0,30,80,1,111,168,0,168,279
11/12/2010,AZO,MI,AGL,CE,Combined TRACON& Tower with Radar,2,33,18,2,55,0,0,50,0,50,2,33,68,2,105,152,0,152,257
11/13/2010,AZO,MI,AGL,CE,Combined TRACON& Tower with Radar,0,24,9,0,33,0,0,30,2,32,0,24,39,2,65,44,28,72,137
11/14/2010,AZO,MI,AGL,CE,Combined TRACON& Tower with Radar,0,28,5,4,37,0,0,22,0,22,0,28,27,4,59,26,0,26,85
11/15/2010,AZO,MI,AGL,CE,Combined TRACON& Tower with Radar,4,33,15,1,53,0,0,44,0,44,4,33,59,1,97,108,0,108,205
11/16/2010,AZO,MI,AGL,CE,Combined TRACON& Tower with Radar,2,39,13,0,54,0,0,27,0,27,2,39,40,0,81,62,0,62,143
11/17/2010,AZO,MI,AGL,CE,Combined TRACON& Tower with Radar,2,30,16,4,52,0,0,20,0,20,2,30,36,4,72,36,0,36,108
11/18/2010,AZO,MI,AGL,CE,Combined TRACON& Tower with Radar,4,32,26,0,62,0,0,22,1,23,4,32,48,1,85,42,0,42,127
11/19/2010,AZO,MI,AGL,CE,Combined TRACON& Tower with Radar,2,34,23,0,59,0,1,44,0,45,2,35,67,0,104,84,0,84,188
11/20/2010,AZO,MI,AGL,CE,Combined TRACON& Tower with Radar,4,27,26,0,57,0,0,72,0,72,4,27,98,0,129,98,0,98,227
11/21/2010,AZO,MI,AGL,CE,Combined TRACON& Tower with Radar,8,25,12,1,46,0,0,5,0,5,8,25,17,1,51,0,0,0,51
11/22/2010,AZO,MI,AGL,CE,Combined TRACON& Tower with Radar,2,29,14,1,46,0,0,0,0,0,2,29,14,1,46,20,0,20,66
11/23/2010,AZO,MI,AGL,CE,Combined TRACON& Tower with Radar,0,37,26,0,63,0,0,18,0,18,0,37,44,0,81,46,0,46,127
11/24/2010,AZO,MI,AGL,CE,Combined TRACON& Tower with Radar,0,30,32,0,62,0,0,24,0,24,0,30,56,0,86,80,0,80,166
11/25/2010,AZO,MI,AGL,CE,Combined TRACON& Tower with Radar,8,15,2,0,25,0,0,0,0,0,8,15,2,0,25,0,0,0,25
11/26/2010,AZO,MI,AGL,CE,Combined TRACON& Tower with Radar,0,24,6,0,30,0,0,2,0,2,0,24,8,0,32,10,0,10,42
11/27/2010,AZO,MI,AGL,CE,Combined TRACON& Tower with Radar,3,33,26,0,62,0,0,17,0,17,3,33,43,0,79,76,0,76,155
11/28/2010,AZO,MI,AGL,CE,Combined TRACON& Tower with Radar,7,31,43,0,81,0,0,76,0,76,7,31,119,0,157,90,0,90,247
11/29/2010,AZO,MI,AGL,CE,Combined TRACON& Tower with Radar,2,35,12,0,49,0,1,43,0,44,2,36,55,0,93,122,0,122,215
11/30/2010,AZO,MI,AGL,CE,Combined TRACON& Tower with Radar,0,32,11,0,43,0,0,4,0,4,0,32,15,0,47,0,0,0,47
12/01/2010,AZO,MI,AGL,CE,Combined TRACON& Tower with Radar,0,36,10,0,46,0,0,0,0,0,0,36,10,0,46,0,0,0,46
12/02/2010,AZO,MI,AGL,CE,Combined TRACON& Tower with Radar,2,34,13,0,49,0,0,11,0,11,2,34,24,0,60,26,0,26,86
12/03/2010,AZO,MI,AGL,CE,Combined TRACON& Tower with Radar,0,31,21,0,52,0,0,23,0,23,0,31,44,0,75,108,0,108,183
12/04/2010,AZO,MI,AGL,CE,Combined TRACON& Tower with Radar,2,20,34,0,56,0,0,40,0,40,2,20,74,0,96,38,0,38,134
12/05/2010,AZO,MI,AGL,CE,Combined TRACON& Tower with Radar,2,27,9,0,38,0,0,6,0,6,2,27,15,0,44,0,0,0,44
12/06/2010,AZO,MI,AGL,CE,Combined TRACON& Tower with Radar,0,32,18,0,50,0,1,14,0,15,0,33,32,0,65,46,0,46,111
12/07/2010,AZO,MI,AGL,CE,Combined TRACON& Tower with Radar,0,32,37,0,69,0,0,16,0,16,0,32,53,0,85,42,0,42,127
12/08/2010,AZO,MI,AGL,CE,Combined TRACON& Tower with Radar,0,32,22,0,54,0,0,4,0,4,0,32,26,0,58,22,0,22,80
12/09/2010,AZO,MI,AGL,CE,Combined TRACON& Tower with Radar,2,27,38,0,67,0,0,42,0,42,2,27,80,0,109,106,0,106,215
12/10/2010,AZO,MI,AGL,CE,Combined TRACON& Tower with Radar,0,30,27,0,57,0,2,26,0,28,0,32,53,0,85,54,0,54,139
12/11/2010,AZO,MI,AGL,CE,Combined TRACON& Tower with Radar,2,23,11,0,36,0,0,13,0,13,2,23,24,0,49,30,0,30,79
12/12/2010,AZO,MI,AGL,CE,Combined TRACON& Tower with Radar,2,5,1,0,8,0,0,0,0,0,2,5,1,0,8,0,0,0,8
12/13/2010,AZO,MI,AGL,CE,Combined TRACON& Tower with Radar,0,28,18,0,46,0,3,12,0,15,0,31,30,0,61,36,0,36,97
12/14/2010,AZO,MI,AGL,CE,Combined TRACON& Tower with Radar,0,33,25,0,58,0,0,22,0,22,0,33,47,0,80,54,0,54,134
12/15/2010,AZO,MI,AGL,CE,Combined TRACON& Tower with Radar,1,28,16,0,45,0,0,25,0,25,1,28,41,0,70,42,0,42,112
12/16/2010,AZO,MI,AGL,CE,Combined TRACON& Tower with Radar,6,30,23,0,59,0,0,24,0,24,6,30,47,0,83,48,0,48,131
12/17/2010,AZO,MI,AGL,CE,Combined TRACON& Tower with Radar,2,34,10,2,48,0,0,5,0,5,2,34,15,2,53,38,2,40,93
12/18/2010,AZO,MI,AGL,CE,Combined TRACON& Tower with Radar,5,23,9,0,37,0,0,4,0,4,5,23,13,0,41,0,0,0,41
12/19/2010,AZO,MI,AGL,CE,Combined TRACON& Tower with Radar,6,25,10,0,41,0,0,5,0,5,6,25,15,0,46,82,0,82,128
12/20/2010,AZO,MI,AGL,CE,Combined TRACON& Tower with Radar,2,28,30,0,60,0,0,7,0,7,2,28,37,0,67,28,0,28,95
12/21/2010,AZO,MI,AGL,CE,Combined TRACON& Tower with Radar,0,21,4,0,25,0,0,5,0,5,0,21,9,0,30,42,0,42,72
12/22/2010,AZO,MI,AGL,CE,Combined TRACON& Tower with Radar,0,30,25,0,55,0,1,23,0,24,0,31,48,0,79,118,0,118,197
12/23/2010,AZO,MI,AGL,CE,Combined TRACON& Tower with Radar,6,32,12,0,50,0,0,13,0,13,6,32,25,0,63,64,0,64,127
12/24/2010,AZO,MI,AGL,CE,Combined TRACON& Tower with Radar,2,17,16,0,35,0,0,11,0,11,2,17,27,0,46,48,0,48,94
12/25/2010,AZO,MI,AGL,CE,Combined TRACON& Tower with Radar,4,17,1,0,22,0,0,2,0,2,4,17,3,0,24,0,0,0,24
12/26/2010,AZO,MI,AGL,CE,Combined TRACON& Tower with Radar,6,28,7,0,41,0,0,10,0,10,6,28,17,0,51,6,0,6,57
12/27/2010,AZO,MI,AGL,CE,Combined TRACON& Tower with Radar,2,29,17,0,48,0,0,15,0,15,2,29,32,0,63,96,0,96,159
12/28/2010,AZO,MI,AGL,CE,Combined TRACON& Tower with Radar,0,29,5,0,34,0,1,8,0,9,0,30,13,0,43,46,0,46,89
12/29/2010,AZO,MI,AGL,CE,Combined TRACON& Tower with Radar,0,28,12,0,40,0,0,9,0,9,0,28,21,0,49,66,0,66,115
12/30/2010,AZO,MI,AGL,CE,Combined TRACON& Tower with Radar,8,28,0,0,36,0,0,2,0,2,8,28,2,0,38,0,0,0,38
12/31/2010,AZO,MI,AGL,CE,Combined TRACON& Tower with Radar,2,19,8,0,29,0,0,0,0,0,2,19,8,0,29,0,0,0,29
01/01/2011,AZO,MI,AGL,CE,Combined TRACON& Tower with Radar,4,18,2,0,24,0,0,8,0,8,4,18,10,0,32,20,0,20,52
01/02/2011,AZO,MI,AGL,CE,Combined TRACON& Tower with Radar,5,28,17,0,50,0,0,7,0,7,5,28,24,0,57,0,0,0,57
01/03/2011,AZO,MI,AGL,CE,Combined TRACON& Tower with Radar,2,28,19,0,49,0,1,32,0,33,2,29,51,0,82,18,0,18,100
01/04/2011,AZO,MI,AGL,CE,Combined TRACON& Tower with Radar,0,26,8,0,34,0,0,3,0,3,0,26,11,0,37,6,0,6,43
01/05/2011,AZO,MI,AGL,CE,Combined TRACON& Tower with Radar,0,32,12,0,44,0,0,30,0,30,0,32,42,0,74,40,0,40,114
01/06/2011,AZO,MI,AGL,CE,Combined TRACON& Tower with Radar,2,28,11,0,41,0,0,0,0,0,2,28,11,0,41,0,0,0,41
01/07/2011,AZO,MI,AGL,CE,Combined TRACON& Tower with Radar,0,31,12,0,43,0,0,3,0,3,0,31,15,0,46,0,0,0,46
01/08/2011,AZO,MI,AGL,CE,Combined TRACON& Tower with Radar,0,27,16,0,43,0,0,38,0,38,0,27,54,0,81,52,0,52,133
01/09/2011,AZO,MI,AGL,CE,Combined TRACON& Tower with Radar,2,26,26,0,54,0,0,48,0,48,2,26,74,0,102,52,0,52,154
01/10/2011,AZO,MI,AGL,CE,Combined TRACON& Tower with Radar,0,29,23,0,52,0,0,27,0,27,0,29,50,0,79,88,0,88,167
01/11/2011,AZO,MI,AGL,CE,Combined TRACON& Tower with Radar,0,21,4,0,25,0,0,0,0,0,0,21,4,0,25,0,0,0,25
01/12/2011,AZO,MI,AGL,CE,Combined TRACON& Tower with Radar,0,28,20,0,48,0,0,22,0,22,0,28,42,0,70,66,0,66,136
01/13/2011,AZO,MI,AGL,CE,Combined TRACON& Tower with Radar,2,27,16,0,45,0,0,0,0,0,2,27,16,0,45,0,0,0,45
01/14/2011,AZO,MI,AGL,CE,Combined TRACON& Tower with Radar,0,29,25,0,54,0,0,14,0,14,0,29,39,0,68,50,0,50,118
01/15/2011,AZO,MI,AGL,CE,Combined TRACON& Tower with Radar,0,24,6,0,30,0,0,0,0,0,0,24,6,0,30,0,0,0,30
01/16/2011,AZO,MI,AGL,CE,Combined TRACON& Tower with Radar,2,22,16,0,40,0,0,29,0,29,2,22,45,0,69,78,0,78,147
01/17/2011,AZO,MI,AGL,CE,Combined TRACON& Tower with Radar,0,18,13,0,31,0,0,6,0,6,0,18,19,0,37,16,0,16,53
01/18/2011,AZO,MI,AGL,CE,Combined TRACON& Tower with Radar,0,27,6,0,33,0,0,2,0,2,0,27,8,0,35,12,0,12,47
01/19/2011,AZO,MI,AGL,CE,Combined TRACON& Tower with Radar,0,33,11,0,44,0,0,10,0,10,0,33,21,0,54,32,0,32,86
01/20/2011,AZO,MI,AGL,CE,Combined TRACON& Tower with Radar,2,27,8,0,37,0,0,8,0,8,2,27,16,0,45,40,0,40,85
01/21/2011,AZO,MI,AGL,CE,Combined TRACON& Tower with Radar,0,29,19,0,48,0,0,12,0,12,0,29,31,0,60,20,0,20,80
01/22/2011,AZO,MI,AGL,CE,Combined TRACON& Tower with Radar,0,24,6,0,30,0,0,0,0,0,0,24,6,0,30,0,0,0,30
01/23/2011,AZO,MI,AGL,CE,Combined TRACON& Tower with Radar,2,27,15,0,44,0,1,66,0,67,2,28,81,0,111,114,0,114,225
01/24/2011,AZO,MI,AGL,CE,Combined TRACON& Tower with Radar,0,30,10,0,40,0,0,0,0,0,0,30,10,0,40,2,0,2,42
01/25/2011,AZO,MI,AGL,CE,Combined TRACON& Tower with Radar,0,31,6,0,37,0,0,2,0,2,0,31,8,0,39,0,0,0,39
01/26/2011,AZO,MI,AGL,CE,Combined TRACON& Tower with Radar,0,29,8,0,37,0,0,5,0,5,0,29,13,0,42,18,0,18,60
01/27/2011,AZO,MI,AGL,CE,Combined TRACON& Tower with Radar,4,25,12,0,41,0,0,0,0,0,4,25,12,0,41,0,0,0,41
01/28/2011,AZO,MI,AGL,CE,Combined TRACON& Tower with Radar,0,32,27,2,61,0,0,9,0,9,0,32,36,2,70,42,0,42,112
01/29/2011,AZO,MI,AGL,CE,Combined TRACON& Tower with Radar,0,23,5,0,28,0,0,0,0,0,0,23,5,0,28,12,0,12,40
01/30/2011,AZO,MI,AGL,CE,Combined TRACON& Tower with Radar,2,25,32,2,61,0,0,79,0,79,2,25,111,2,140,186,0,186,326
01/31/2011,AZO,MI,AGL,CE,Combined TRACON& Tower with Radar,0,29,18,0,47,0,0,33,0,33,0,29,51,0,80,86,0,86,166
02/01/2011,AZO,MI,AGL,CE,Combined TRACON& Tower with Radar,0,14,13,0,27,0,0,8,0,8,0,14,21,0,35,12,0,12,47
02/02/2011,AZO,MI,AGL,CE,Combined TRACON& Tower with Radar,0,2,0,0,2,0,0,0,0,0,0,2,0,0,2,0,0,0,2
02/03/2011,AZO,MI,AGL,CE,Combined TRACON& Tower with Radar,2,32,16,0,50,0,1,33,0,34,2,33,49,0,84,4,0,4,88
02/04/2011,AZO,MI,AGL,CE,Combined TRACON& Tower with Radar,0,27,24,0,51,0,0,40,0,40,0,27,64,0,91,70,0,70,161
02/05/2011,AZO,MI,AGL,CE,Combined TRACON& Tower with Radar,4,19,16,0,39,0,0,35,0,35,4,19,51,0,74,52,0,52,126
02/06/2011,AZO,MI,AGL,CE,Combined TRACON& Tower with Radar,2,19,3,0,24,0,0,0,0,0,2,19,3,0,24,0,0,0,24
02/07/2011,AZO,MI,AGL,CE,Combined TRACON& Tower with Radar,0,26,21,0,47,0,0,13,0,13,0,26,34,0,60,34,0,34,94
02/08/2011,AZO,MI,AGL,CE,Combined TRACON& Tower with Radar,0,28,31,0,59,0,0,17,0,17,0,28,48,0,76,58,0,58,134
02/09/2011,AZO,MI,AGL,CE,Combined TRACON& Tower with Radar,0,32,25,0,57,0,0,6,0,6,0,32,31,0,63,38,0,38,101
02/10/2011,AZO,MI,AGL,CE,Combined TRACON& Tower with Radar,4,28,29,0,61,0,0,22,0,22,4,28,51,0,83,58,0,58,141
02/11/2011,AZO,MI,AGL,CE,Combined TRACON& Tower with Radar,0,30,23,0,53,0,0,10,0,10,0,30,33,0,63,28,0,28,91
02/12/2011,AZO,MI,AGL,CE,Combined TRACON& Tower with Radar,4,22,8,0,34,0,1,32,0,33,4,23,40,0,67,32,0,32,99
02/13/2011,AZO,MI,AGL,CE,Combined TRACON& Tower with Radar,4,24,11,0,39,0,0,31,0,31,4,24,42,0,70,21,0,21,91
02/14/2011,AZO,MI,AGL,CE,Combined TRACON& Tower with Radar,0,30,10,0,40,0,0,7,0,7,0,30,17,0,47,2,0,2,49
02/15/2011,AZO,MI,AGL,CE,Combined TRACON& Tower with Radar,0,29,18,0,47,0,0,53,0,53,0,29,71,0,100,146,0,146,246
02/16/2011,AZO,MI,AGL,CE,Combined TRACON& Tower with Radar,0,31,21,0,52,0,0,41,0,41,0,31,62,0,93,114,0,114,207
02/17/2011,AZO,MI,AGL,CE,Combined TRACON& Tower with Radar,6,30,26,1,63,0,0,2,0,2,6,30,28,1,65,22,0,22,87
02/18/2011,AZO,MI,AGL,CE,Combined TRACON& Tower with Radar,0,29,11,0,40,0,0,12,0,12,0,29,23,0,52,10,0,10,62
02/19/2011,AZO,MI,AGL,CE,Combined TRACON& Tower with Radar,4,24,29,1,58,0,2,103,0,105,4,26,132,1,163,152,0,152,315
02/20/2011,AZO,MI,AGL,CE,Combined TRACON& Tower with Radar,6,9,6,0,21,0,0,3,0,3,6,9,9,0,24,0,0,0,24
02/21/2011,AZO,MI,AGL,CE,Combined TRACON& Tower with Radar,0,2,4,0,6,0,0,0,0,0,0,2,4,0,6,0,0,0,6
02/22/2011,AZO,MI,AGL,CE,Combined TRACON& Tower with Radar,0,25,29,0,54,0,0,5,0,5,0,25,34,0,59,26,0,26,85
02/23/2011,AZO,MI,AGL,CE,Combined TRACON& Tower with Radar,0,27,24,0,51,0,0,0,0,0,0,27,24,0,51,0,0,0,51
02/24/2011,AZO,MI,AGL,CE,Combined TRACON& Tower with Radar,6,33,10,0,49,0,0,9,0,9,6,33,19,0,58,18,0,18,76
02/25/2011,AZO,MI,AGL,CE,Combined TRACON& Tower with Radar,2,25,13,0,40,0,0,21,0,21,2,25,34,0,61,60,0,60,121
02/26/2011,AZO,MI,AGL,CE,Combined TRACON& Tower with Radar,2,23,7,0,32,0,0,0,0,0,2,23,7,0,32,0,0,0,32
02/27/2011,AZO,MI,AGL,CE,Combined TRACON& Tower with Radar,4,27,8,0,39,0,0,0,0,0,4,27,8,0,39,0,0,0,39
02/28/2011,AZO,MI,AGL,CE,Combined TRACON& Tower with Radar,0,30,13,0,43,0,0,12,0,12,0,30,25,0,55,16,0,16,71
03/01/2011,AZO,MI,AGL,CE,Combined TRACON& Tower with Radar,0,31,26,2,59,0,0,37,0,37,0,31,63,2,96,52,2,54,150
03/02/2011,AZO,MI,AGL,CE,Combined TRACON& Tower with Radar,0,30,23,0,53,0,1,35,0,36,0,31,58,0,89,54,0,54,143
03/03/2011,AZO,MI,AGL,CE,Combined TRACON& Tower with Radar,6,31,20,0,57,0,0,17,0,17,6,31,37,0,74,14,0,14,88
03/04/2011,AZO,MI,AGL,CE,Combined TRACON& Tower with Radar,2,28,9,0,39,0,0,0,0,0,2,28,9,0,39,0,0,0,39
03/05/2011,AZO,MI,AGL,CE,Combined TRACON& Tower with Radar,2,22,13,0,37,0,0,1,0,1,2,22,14,0,38,0,0,0,38
03/06/2011,AZO,MI,AGL,CE,Combined TRACON& Tower with Radar,6,24,33,0,63,0,0,60,0,60,6,24,93,0,123,71,0,71,194
03/07/2011,AZO,MI,AGL,CE,Combined TRACON& Tower with Radar,0,31,29,0,60,0,0,54,0,54,0,31,83,0,114,140,0,140,254
03/08/2011,AZO,MI,AGL,CE,Combined TRACON& Tower with Radar,0,32,17,0,49,0,0,30,0,30,0,32,47,0,79,64,0,64,143
03/09/2011,AZO,MI,AGL,CE,Combined TRACON& Tower with Radar,0,37,8,0,45,0,0,0,0,0,0,37,8,0,45,0,0,0,45
03/10/2011,AZO,MI,AGL,CE,Combined TRACON& Tower with Radar,6,33,10,0,49,0,0,1,0,1,6,33,11,0,50,0,0,0,50
03/11/2011,AZO,MI,AGL,CE,Combined TRACON& Tower with Radar,0,30,31,0,61,0,2,31,0,33,0,32,62,0,94,54,0,54,148
03/12/2011,AZO,MI,AGL,CE,Combined TRACON& Tower with Radar,4,24,10,0,38,0,0,8,0,8,4,24,18,0,46,6,0,6,52
03/13/2011,AZO,MI,AGL,CE,Combined TRACON& Tower with Radar,6,29,18,0,53,0,0,18,0,18,6,29,36,0,71,110,0,110,181
03/14/2011,AZO,MI,AGL,CE,Combined TRACON& Tower with Radar,0,31,26,0,57,0,1,44,0,45,0,32,70,0,102,70,0,70,172
03/15/2011,AZO,MI,AGL,CE,Combined TRACON& Tower with Radar,0,32,24,0,56,0,0,6,0,6,0,32,30,0,62,36,0,36,98
03/16/2011,AZO,MI,AGL,CE,Combined TRACON& Tower with Radar,0,32,29,0,61,0,0,57,0,57,0,32,86,0,118,150,0,150,268
03/17/2011,AZO,MI,AGL,CE,Combined TRACON& Tower with Radar,6,32,21,0,59,0,0,22,0,22,6,32,43,0,81,18,0,18,99
03/18/2011,AZO,MI,AGL,CE,Combined TRACON& Tower with Radar,0,31,24,0,55,0,1,32,2,35,0,32,56,2,90,50,0,50,140
03/19/2011,AZO,MI,AGL,CE,Combined TRACON& Tower with Radar,4,25,36,0,65,0,0,95,0,95,4,25,131,0,160,130,0,130,290
03/20/2011,AZO,MI,AGL,CE,Combined TRACON& Tower with Radar,6,25,6,0,37,0,0,15,0,15,6,25,21,0,52,66,0,66,118
03/21/2011,AZO,MI,AGL,CE,Combined TRACON& Tower with Radar,0,32,18,0,50,0,0,1,0,1,0,32,19,0,51,90,0,90,141
03/22/2011,AZO,MI,AGL,CE,Combined TRACON& Tower with Radar,0,28,11,0,39,0,0,3,0,3,0,28,14,0,42,16,0,16,58
03/23/2011,AZO,MI,AGL,CE,Combined TRACON& Tower with Radar,0,23,9,0,32,0,0,0,0,0,0,23,9,0,32,0,0,0,32
03/24/2011,AZO,MI,AGL,CE,Combined TRACON& Tower with Radar,6,32,40,0,78,0,0,38,0,38,6,32,78,0,116,118,0,118,234
03/25/2011,AZO,MI,AGL,CE,Combined TRACON& Tower with Radar,0,32,31,0,63,0,0,66,0,66,0,32,97,0,129,98,0,98,227
03/26/2011,AZO,MI,AGL,CE,Combined TRACON& Tower with Radar,4,28,24,0,56,0,0,71,0,71,4,28,95,0,127,82,0,82,209
03/27/2011,AZO,MI,AGL,CE,Combined TRACON& Tower with Radar,6,26,12,0,44,0,2,71,0,73,6,28,83,0,117,96,0,96,213
03/28/2011,AZO,MI,AGL,CE,Combined TRACON& Tower with Radar,2,33,16,0,51,0,0,40,0,40,2,33,56,0,91,108,0,108,199
03/29/2011,AZO,MI,AGL,CE,Combined TRACON& Tower with Radar,0,32,16,0,48,0,0,25,0,25,0,32,41,0,73,118,0,118,191
03/30/2011,AZO,MI,AGL,CE,Combined TRACON& Tower with Radar,0,33,26,0,59,0,1,37,0,38,0,34,63,0,97,138,0,138,235
03/31/2011,AZO,MI,AGL,CE,Combined TRACON& Tower with Radar,5,33,37,0,75,0,0,47,0,47,5,33,84,0,122,86,0,86,208
04/01/2011,AZO,MI,AGL,CE,Combined TRACON& Tower with Radar,4,31,26,0,61,0,0,27,2,29,4,31,53,2,90,65,0,65,155
04/02/2011,AZO,MI,AGL,CE,Combined TRACON& Tower with Radar,4,22,18,0,44,0,0,13,0,13,4,22,31,0,57,24,0,24,81
04/03/2011,AZO,MI,AGL,CE,Combined TRACON& Tower with Radar,6,24,5,0,35,0,0,2,0,2,6,24,7,0,37,30,0,30,67
04/04/2011,AZO,MI,AGL,CE,Combined TRACON& Tower with Radar,2,27,8,0,37,0,0,3,0,3,2,27,11,0,40,0,0,0,40
04/05/2011,AZO,MI,AGL,CE,Combined TRACON& Tower with Radar,0,27,13,0,40,0,0,22,0,22,0,27,35,0,62,20,0,20,82
04/06/2011,AZO,MI,AGL,CE,Combined TRACON& Tower with Radar,0,29,21,0,50,0,0,14,0,14,0,29,35,0,64,28,0,28,92
04/07/2011,AZO,MI,AGL,CE,Combined TRACON& Tower with Radar,6,30,24,0,60,0,0,10,0,10,6,30,34,0,70,88,0,88,158
04/08/2011,AZO,MI,AGL,CE,Combined TRACON& Tower with Radar,3,30,31,2,66,0,0,2,0,2,3,30,33,2,68,14,0,14,82
04/09/2011,AZO,MI,AGL,CE,Combined TRACON& Tower with Radar,4,28,34,0,66,0,0,30,0,30,4,28,64,0,96,52,0,52,148
04/10/2011,AZO,MI,AGL,CE,Combined TRACON& Tower with Radar,7,27,12,0,46,0,0,15,0,15,7,27,27,0,61,6,0,6,67
04/11/2011,AZO,MI,AGL,CE,Combined TRACON& Tower with Radar,2,33,13,0,48,0,0,9,0,9,2,33,22,0,57,10,0,10,67
04/12/2011,AZO,MI,AGL,CE,Combined TRACON& Tower with Radar,0,31,24,0,55,0,0,61,0,61,0,31,85,0,116,146,0,146,262
04/13/2011,AZO,MI,AGL,CE,Combined TRACON& Tower with Radar,0,30,34,0,64,0,0,76,0,76,0,30,110,0,140,80,0,80,220
04/14/2011,AZO,MI,AGL,CE,Combined TRACON& Tower with Radar,4,31,16,0,51,0,0,26,0,26,4,31,42,0,77,56,0,56,133
04/15/2011,AZO,MI,AGL,CE,Combined TRACON& Tower with Radar,0,26,15,0,41,0,2,14,0,16,0,28,29,0,57,6,0,6,63
04/16/2011,AZO,MI,AGL,CE,Combined TRACON& Tower with Radar,4,24,11,0,39,0,0,2,0,2,4,24,13,0,41,0,0,0,41
04/17/2011,AZO,MI,AGL,CE,Combined TRACON& Tower with Radar,4,18,12,0,34,0,0,9,0,9,4,18,21,0,43,4,0,4,47
04/18/2011,AZO,MI,AGL,CE,Combined TRACON& Tower with Radar,0,32,22,0,54,0,0,26,0,26,0,32,48,0,80,56,0,56,136
04/19/2011,AZO,MI,AGL,CE,Combined TRACON& Tower with Radar,0,25,14,0,39,0,0,3,0,3,0,25,17,0,42,6,0,6,48
04/20/2011,AZO,MI,AGL,CE,Combined TRACON& Tower with Radar,0,24,19,0,43,0,0,1,0,1,0,24,20,0,44,0,0,0,44
04/21/2011,AZO,MI,AGL,CE,Combined TRACON& Tower with Radar,6,30,50,2,88,0,0,66,0,66,6,30,116,2,154,198,0,198,352
04/22/2011,AZO,MI,AGL,CE,Combined TRACON& Tower with Radar,0,26,21,0,47,0,1,1,0,2,0,27,22,0,49,12,0,12,61
04/23/2011,AZO,MI,AGL,CE,Combined TRACON& Tower with Radar,4,25,13,0,42,0,0,31,0,31,4,25,44,0,73,40,0,40,113
04/24/2011,AZO,MI,AGL,CE,Combined TRACON& Tower with Radar,4,21,7,0,32,0,0,24,0,24,4,21,31,0,56,78,0,78,134
04/25/2011,AZO,MI,AGL,CE,Combined TRACON& Tower with Radar,0,31,30,0,61,0,0,5,0,5,0,31,35,0,66,22,0,22,88
04/26/2011,AZO,MI,AGL,CE,Combined TRACON& Tower with Radar,0,26,19,0,45,0,0,4,0,4,0,26,23,0,49,2,0,2,51
04/27/2011,AZO,MI,AGL,CE,Combined TRACON& Tower with Radar,0,28,34,0,62,0,0,3,0,3,0,28,37,0,65,30,0,30,95
04/28/2011,AZO,MI,AGL,CE,Combined TRACON& Tower with Radar,4,30,35,0,69,0,0,8,0,8,4,30,43,0,77,0,0,0,77
04/29/2011,AZO,MI,AGL,CE,Combined TRACON& Tower with Radar,0,31,22,0,53,0,0,59,0,59,0,31,81,0,112,146,0,146,258
04/30/2011,AZO,MI,AGL,CE,Combined TRACON& Tower with Radar,4,24,27,0,55,0,0,46,0,46,4,24,73,0,101,24,0,24,125
05/01/2011,AZO,MI,AGL,CE,Combined TRACON& Tower with Radar,4,22,5,0,31,0,0,22,0,22,4,22,27,0,53,108,0,108,161
05/02/2011,AZO,MI,AGL,CE,Combined TRACON& Tower with Radar,0,37,21,0,58,0,0,37,0,37,0,37,58,0,95,108,0,108,203
05/03/2011,AZO,MI,AGL,CE,Combined TRACON& Tower with Radar,0,34,30,0,64,0,0,44,0,44,0,34,74,0,108,80,0,80,188
05/04/2011,AZO,MI,AGL,CE,Combined TRACON& Tower with Radar,0,35,25,0,60,0,0,50,0,50,0,35,75,0,110,78,0,78,188
05/05/2011,AZO,MI,AGL,CE,Combined TRACON& Tower with Radar,0,34,24,0,58,0,0,45,0,45,0,34,69,0,103,80,0,80,183
05/06/2011,AZO,MI,AGL,CE,Combined TRACON& Tower with Radar,2,33,19,0,54,0,0,28,0,28,2,33,47,0,82,36,0,36,118
05/07/2011,AZO,MI,AGL,CE,Combined TRACON& Tower with Radar,0,24,6,0,30,0,0,127,0,127,0,24,133,0,157,108,0,108,265
05/08/2011,AZO,MI,AGL,CE,Combined TRACON& Tower with Radar,0,24,9,0,33,0,0,38,0,38,0,24,47,0,71,20,0,20,91
05/09/2011,AZO,MI,AGL,CE,Combined TRACON& Tower with Radar,2,34,10,0,46,0,0,14,0,14,2,34,24,0,60,22,0,22,82
05/10/2011,AZO,MI,AGL,CE,Combined TRACON& Tower with Radar,0,28,25,0,53,0,0,26,0,26,0,28,51,0,79,16,0,16,95
05/11/2011,AZO,MI,AGL,CE,Combined TRACON& Tower with Radar,0,29,12,0,41,0,0,21,0,21,0,29,33,0,62,42,0,42,104
05/12/2011,AZO,MI,AGL,CE,Combined TRACON& Tower with Radar,0,29,24,0,53,0,0,23,0,23,0,29,47,0,76,28,0,28,104
05/13/2011,AZO,MI,AGL,CE,Combined TRACON& Tower with Radar,2,34,20,0,56,0,0,25,0,25,2,34,45,0,81,90,0,90,171
05/14/2011,AZO,MI,AGL,CE,Combined TRACON& Tower with Radar,3,22,24,0,49,0,0,0,0,0,3,22,24,0,49,6,0,6,55
05/15/2011,AZO,MI,AGL,CE,Combined TRACON& Tower with Radar,4,22,10,0,36,0,0,1,0,1,4,22,11,0,37,6,0,6,43
05/16/2011,AZO,MI,AGL,CE,Combined TRACON& Tower with Radar,3,30,21,0,54,0,0,40,0,40,3,30,61,0,94,20,0,20,114
05/17/2011,AZO,MI,AGL,CE,Combined TRACON& Tower with Radar,0,31,24,0,55,0,0,32,0,32,0,31,56,0,87,36,0,36,123
05/18/2011,AZO,MI,AGL,CE,Combined TRACON& Tower with Radar,0,29,36,0,65,0,0,3,0,3,0,29,39,0,68,46,0,46,114
05/19/2011,AZO,MI,AGL,CE,Combined TRACON& Tower with Radar,0,29,21,0,50,0,1,3,0,4,0,30,24,0,54,20,0,20,74
05/20/2011,AZO,MI,AGL,CE,Combined TRACON& Tower with Radar,2,34,22,0,58,0,1,42,0,43,2,35,64,0,101,108,0,108,209
05/21/2011,AZO,MI,AGL,CE,Combined TRACON& Tower with Radar,0,26,22,0,48,0,0,44,1,45,0,26,66,1,93,42,0,42,135
05/22/2011,AZO,MI,AGL,CE,Combined TRACON& Tower with Radar,0,17,10,0,27,0,0,22,0,22,0,17,32,0,49,56,0,56,105
05/23/2011,AZO,MI,AGL,CE,Combined TRACON& Tower with Radar,2,28,12,0,42,0,0,7,0,7,2,28,19,0,49,6,0,6,55
05/24/2011,AZO,MI,AGL,CE,Combined TRACON& Tower with Radar,0,29,26,0,55,0,0,39,0,39,0,29,65,0,94,54,0,54,148
05/25/2011,AZO,MI,AGL,CE,Combined TRACON& Tower with Radar,0,19,9,0,28,0,0,0,0,0,0,19,9,0,28,0,0,0,28
05/26/2011,AZO,MI,AGL,CE,Combined TRACON& Tower with Radar,0,27,20,0,47,0,0,0,0,0,0,27,20,0,47,4,0,4,51
05/27/2011,AZO,MI,AGL,CE,Combined TRACON& Tower with Radar,2,29,33,0,64,0,0,9,0,9,2,29,42,0,73,75,0,75,148
05/28/2011,AZO,MI,AGL,CE,Combined TRACON& Tower with Radar,0,22,23,0,45,0,0,3,0,3,0,22,26,0,48,24,0,24,72
05/29/2011,AZO,MI,AGL,CE,Combined TRACON& Tower with Radar,0,11,9,0,20,0,0,7,0,7,0,11,16,0,27,30,0,30,57
05/30/2011,AZO,MI,AGL,CE,Combined TRACON& Tower with Radar,2,21,18,0,41,0,0,44,0,44,2,21,62,0,85,20,0,20,105
05/31/2011,AZO,MI,AGL,CE,Combined TRACON& Tower with Radar,0,33,20,0,53,0,0,16,0,16,0,33,36,0,69,24,0,24,93
06/01/2011,AZO,MI,AGL,CE,Combined TRACON& Tower with Radar,0,30,16,0,46,0,0,32,0,32,0,30,48,0,78,68,0,68,146
06/02/2011,AZO,MI,AGL,CE,Combined TRACON& Tower with Radar,0,33,39,0,72,0,0,49,0,49,0,33,88,0,121,62,0,62,183
06/03/2011,AZO,MI,AGL,CE,Combined TRACON& Tower with Radar,2,33,23,2,60,0,0,44,0,44,2,33,67,2,104,80,0,80,184
06/04/2011,AZO,MI,AGL,CE,Combined TRACON& Tower with Radar,0,25,10,0,35,0,1,28,0,29,0,26,38,0,64,44,0,44,108
06/05/2011,AZO,MI,AGL,CE,Combined TRACON& Tower with Radar,0,25,24,0,49,0,0,63,0,63,0,25,87,0,112,45,0,45,157
06/06/2011,AZO,MI,AGL,CE,Combined TRACON& Tower with Radar,2,34,15,4,55,0,0,26,0,26,2,34,41,4,81,24,0,24,105
06/07/2011,AZO,MI,AGL,CE,Combined TRACON& Tower with Radar,0,31,27,0,58,0,0,39,0,39,0,31,66,0,97,26,0,26,123
06/08/2011,AZO,MI,AGL,CE,Combined TRACON& Tower with Radar,0,31,17,1,49,0,0,34,1,35,0,31,51,2,84,22,0,22,106
06/09/2011,AZO,MI,AGL,CE,Combined TRACON& Tower with Radar,0,34,20,0,54,0,0,20,0,20,0,34,40,0,74,26,0,26,100
06/10/2011,AZO,MI,AGL,CE,Combined TRACON& Tower with Radar,2,29,21,0,52,0,0,1,0,1,2,29,22,0,53,0,0,0,53
06/11/2011,AZO,MI,AGL,CE,Combined TRACON& Tower with Radar,0,20,18,0,38,0,0,16,0,16,0,20,34,0,54,48,0,48,102
06/12/2011,AZO,MI,AGL,CE,Combined TRACON& Tower with Radar,0,27,24,0,51,0,1,63,0,64,0,28,87,0,115,90,0,90,205
06/13/2011,AZO,MI,AGL,CE,Combined TRACON& Tower with Radar,2,35,29,0,66,0,2,57,0,59,2,37,86,0,125,100,0,100,225
06/14/2011,AZO,MI,AGL,CE,Combined TRACON& Tower with Radar,0,35,26,0,61,0,0,42,0,42,0,35,68,0,103,102,0,102,205
06/15/2011,AZO,MI,AGL,CE,Combined TRACON& Tower with Radar,0,28,22,0,50,0,1,6,0,7,0,29,28,0,57,20,0,20,77
06/16/2011,AZO,MI,AGL,CE,Combined TRACON& Tower with Radar,0,31,15,0,46,0,0,17,0,17,0,31,32,0,63,76,0,76,139
06/17/2011,AZO,MI,AGL,CE,Combined TRACON& Tower with Radar,2,30,39,0,71,0,0,70,2,72,2,30,109,2,143,54,0,54,197
06/18/2011,AZO,MI,AGL,CE,Combined TRACON& Tower with Radar,0,24,17,0,41,0,0,47,0,47,0,24,64,0,88,54,0,54,142
06/19/2011,AZO,MI,AGL,CE,Combined TRACON& Tower with Radar,0,26,18,0,44,0,0,29,0,29,0,26,47,0,73,40,0,40,113
06/20/2011,AZO,MI,AGL,CE,Combined TRACON& Tower with Radar,2,31,11,0,44,0,2,10,0,12,2,33,21,0,56,8,0,8,64
06/21/2011,AZO,MI,AGL,CE,Combined TRACON& Tower with Radar,0,27,22,0,49,0,0,29,0,29,0,27,51,0,78,30,0,30,108
06/22/2011,AZO,MI,AGL,CE,Combined TRACON& Tower with Radar,0,31,21,0,52,0,0,16,0,16,0,31,37,0,68,18,0,18,86
06/23/2011,AZO,MI,AGL,CE,Combined TRACON& Tower with Radar,0,35,25,0,60,0,0,1,0,1,0,35,26,0,61,10,0,10,71
06/24/2011,AZO,MI,AGL,CE,Combined TRACON& Tower with Radar,6,32,60,0,98,0,0,4,0,4,6,32,64,0,102,14,0,14,116
06/25/2011,AZO,MI,AGL,CE,Combined TRACON& Tower with Radar,0,24,25,0,49,0,0,87,0,87,0,24,112,0,136,59,0,59,195
06/26/2011,AZO,MI,AGL,CE,Combined TRACON& Tower with Radar,0,23,21,0,44,0,0,69,0,69,0,23,90,0,113,95,0,95,208
06/27/2011,AZO,MI,AGL,CE,Combined TRACON& Tower with Radar,4,31,9,0,44,0,0,23,0,23,4,31,32,0,67,44,0,44,111
06/28/2011,AZO,MI,AGL,CE,Combined TRACON& Tower with Radar,0,34,33,0,67,0,1,31,0,32,0,35,64,0,99,26,0,26,125
06/29/2011,AZO,MI,AGL,CE,Combined TRACON& Tower with Radar,0,33,34,0,67,0,0,68,0,68,0,33,102,0,135,156,0,156,291
06/30/2011,AZO,MI,AGL,CE,Combined TRACON& Tower with Radar,0,33,22,0,55,0,3,49,0,52,0,36,71,0,107,84,0,84,191
07/01/2011,AZO,MI,AGL,CE,Combined TRACON& Tower with Radar,4,32,14,2,52,0,0,16,0,16,4,32,30,2,68,22,0,22,90
07/02/2011,AZO,MI,AGL,CE,Combined TRACON& Tower with Radar,0,21,22,0,43,0,0,34,0,34,0,21,56,0,77,21,0,21,98
07/03/2011,AZO,MI,AGL,CE,Combined TRACON& Tower with Radar,0,15,5,0,20,0,1,30,0,31,0,16,35,0,51,40,0,40,91
07/04/2011,AZO,MI,AGL,CE,Combined TRACON& Tower with Radar,4,20,8,0,32,0,0,27,0,27,4,20,35,0,59,32,0,32,91
07/05/2011,AZO,MI,AGL,CE,Combined TRACON& Tower with Radar,0,26,16,0,42,0,0,47,0,47,0,26,63,0,89,22,0,22,111
07/06/2011,AZO,MI,AGL,CE,Combined TRACON& Tower with Radar,0,32,27,0,59,0,0,32,0,32,0,32,59,0,91,98,0,98,189
07/07/2011,AZO,MI,AGL,CE,Combined TRACON& Tower with Radar,0,32,25,1,58,0,1,42,1,44,0,33,67,2,102,76,0,76,178
07/08/2011,AZO,MI,AGL,CE,Combined TRACON& Tower with Radar,4,30,27,0,61,0,0,59,0,59,4,30,86,0,120,72,0,72,192
07/09/2011,AZO,MI,AGL,CE,Combined TRACON& Tower with Radar,0,33,39,0,72,0,0,54,0,54,0,33,93,0,126,44,0,44,170
07/10/2011,AZO,MI,AGL,CE,Combined TRACON& Tower with Radar,2,33,23,2,60,0,0,55,0,55,2,33,78,2,115,18,0,18,133
07/11/2011,AZO,MI,AGL,CE,Combined TRACON& Tower with Radar,4,32,9,0,45,0,0,17,0,17,4,32,26,0,62,28,0,28,90
07/12/2011,AZO,MI,AGL,CE,Combined TRACON& Tower with Radar,0,34,31,0,65,0,0,53,0,53,0,34,84,0,118,113,0,113,231
07/13/2011,AZO,MI,AGL,CE,Combined TRACON& Tower with Radar,0,30,35,0,65,0,0,47,4,51,0,30,82,4,116,76,0,76,192
07/14/2011,AZO,MI,AGL,CE,Combined TRACON& Tower with Radar,0,32,32,0,64,0,1,56,0,57,0,33,88,0,121,66,0,66,187
07/15/2011,AZO,MI,AGL,CE,Combined TRACON& Tower with Radar,4,31,23,0,58,0,0,57,1,58,4,31,80,1,116,66,0,66,182
07/16/2011,AZO,MI,AGL,CE,Combined TRACON& Tower with Radar,0,22,21,0,43,0,0,68,0,68,0,22,89,0,111,100,0,100,211
07/17/2011,AZO,MI,AGL,CE,Combined TRACON& Tower with Radar,0,20,4,0,24,0,1,30,0,31,0,21,34,0,55,38,0,38,93
07/18/2011,AZO,MI,AGL,CE,Combined TRACON& Tower with Radar,4,34,8,0,46,0,0,18,0,18,4,34,26,0,64,20,0,20,84
07/19/2011,AZO,MI,AGL,CE,Combined TRACON& Tower with Radar,0,32,31,0,63,0,0,36,0,36,0,32,67,0,99,114,0,114,213
07/20/2011,AZO,MI,AGL,CE,Combined TRACON& Tower with Radar,0,30,19,0,49,0,0,41,0,41,0,30,60,0,90,132,0,132,222
07/21/2011,AZO,MI,AGL,CE,Combined TRACON& Tower with Radar,0,31,31,0,62,0,1,38,0,39,0,32,69,0,101,94,0,94,195
07/22/2011,AZO,MI,AGL,CE,Combined TRACON& Tower with Radar,4,26,21,0,51,0,0,23,0,23,4,26,44,0,74,32,0,32,106
07/23/2011,AZO,MI,AGL,CE,Combined TRACON& Tower with Radar,0,19,10,0,29,0,0,28,1,29,0,19,38,1,58,66,0,66,124
07/24/2011,AZO,MI,AGL,CE,Combined TRACON& Tower with Radar,0,18,20,0,38,0,2,27,0,29,0,20,47,0,67,20,0,20,87
07/25/2011,AZO,MI,AGL,CE,Combined TRACON& Tower with Radar,4,32,22,0,58,0,3,34,0,37,4,35,56,0,95,104,8,112,207
07/26/2011,AZO,MI,AGL,CE,Combined TRACON& Tower with Radar,0,32,19,0,51,0,0,51,0,51,0,32,70,0,102,105,0,105,207
07/27/2011,AZO,MI,AGL,CE,Combined TRACON& Tower with Radar,0,29,20,0,49,0,0,19,0,19,0,29,39,0,68,4,0,4,72
07/28/2011,AZO,MI,AGL,CE,Combined TRACON& Tower with Radar,0,28,23,0,51,0,0,23,0,23,0,28,46,0,74,96,0,96,170
07/29/2011,AZO,MI,AGL,CE,Combined TRACON& Tower with Radar,4,31,23,3,61,0,0,40,0,40,4,31,63,3,101,12,0,12,113
07/30/2011,AZO,MI,AGL,CE,Combined TRACON& Tower with Radar,0,26,26,1,53,0,1,68,3,72,0,27,94,4,125,72,0,72,197
07/31/2011,AZO,MI,AGL,CE,Combined TRACON& Tower with Radar,0,25,13,2,40,0,0,48,0,48,0,25,61,2,88,30,0,30,118
08/01/2011,AZO,MI,AGL,CE,Combined TRACON& Tower with Radar,4,29,26,1,60,0,0,31,0,31,4,29,57,1,91,42,0,42,133
08/02/2011,AZO,MI,AGL,CE,Combined TRACON& Tower with Radar,0,32,20,0,52,0,0,12,0,12,0,32,32,0,64,54,0,54,118
08/03/2011,AZO,MI,AGL,CE,Combined TRACON& Tower with Radar,0,31,36,6,73,0,0,25,0,25,0,31,61,6,98,88,8,96,194
08/04/2011,AZO,MI,AGL,CE,Combined TRACON& Tower with Radar,0,31,35,0,66,0,0,43,0,43,0,31,78,0,109,58,0,58,167
08/05/2011,AZO,MI,AGL,CE,Combined TRACON& Tower with Radar,4,32,20,0,56,0,0,55,0,55,4,32,75,0,111,136,0,136,247
08/06/2011,AZO,MI,AGL,CE,Combined TRACON& Tower with Radar,0,23,23,0,46,0,0,23,0,23,0,23,46,0,69,32,0,32,101
08/07/2011,AZO,MI,AGL,CE,Combined TRACON& Tower with Radar,0,23,15,1,39,0,1,26,0,27,0,24,41,1,66,12,0,12,78
08/08/2011,AZO,MI,AGL,CE,Combined TRACON& Tower with Radar,4,34,41,0,79,0,0,25,8,33,4,34,66,8,112,86,0,86,198
08/09/2011,AZO,MI,AGL,CE,Combined TRACON& Tower with Radar,0,29,14,1,44,0,0,19,0,19,0,29,33,1,63,18,0,18,81
08/10/2011,AZO,MI,AGL,CE,Combined TRACON& Tower with Radar,0,33,35,0,68,0,0,32,1,33,0,33,67,1,101,78,0,78,179
08/11/2011,AZO,MI,AGL,CE,Combined TRACON& Tower with Radar,0,34,21,0,55,0,0,56,0,56,0,34,77,0,111,56,0,56,167
08/12/2011,AZO,MI,AGL,CE,Combined TRACON& Tower with Radar,4,29,26,0,59,0,1,56,0,57,4,30,82,0,116,32,0,32,148
08/13/2011,AZO,MI,AGL,CE,Combined TRACON& Tower with Radar,0,24,8,2,34,0,2,23,0,25,0,26,31,2,59,8,0,8,67
08/14/2011,AZO,MI,AGL,CE,Combined TRACON& Tower with Radar,0,24,14,2,40,0,0,11,0,11,0,24,25,2,51,4,0,4,55
08/15/2011,AZO,MI,AGL,CE,Combined TRACON& Tower with Radar,4,32,32,0,68,0,1,64,1,66,4,33,96,1,134,126,0,126,260
08/16/2011,AZO,MI,AGL,CE,Combined TRACON& Tower with Radar,0,30,25,3,58,0,0,42,1,43,0,30,67,4,101,62,0,62,163
08/17/2011,AZO,MI,AGL,CE,Combined TRACON& Tower with Radar,0,34,22,0,56,0,0,35,0,35,0,34,57,0,91,114,0,114,205
08/18/2011,AZO,MI,AGL,CE,Combined TRACON& Tower with Radar,0,32,30,0,62,0,0,51,0,51,0,32,81,0,113,62,0,62,175
08/19/2011,AZO,MI,AGL,CE,Combined TRACON& Tower with Radar,4,35,24,0,63,0,0,79,0,79,4,35,103,0,142,174,0,174,316
08/20/2011,AZO,MI,AGL,CE,Combined TRACON& Tower with Radar,0,22,9,0,31,0,0,31,0,31,0,22,40,0,62,40,0,40,102
08/21/2011,AZO,MI,AGL,CE,Combined TRACON& Tower with Radar,0,23,23,0,46,0,0,40,0,40,0,23,63,0,86,42,0,42,128
08/22/2011,AZO,MI,AGL,CE,Combined TRACON& Tower with Radar,4,40,15,0,59,0,0,24,0,24,4,40,39,0,83,97,0,97,180
08/23/2011,AZO,MI,AGL,CE,Combined TRACON& Tower with Radar,0,30,16,0,46,0,0,25,1,26,0,30,41,1,72,56,0,56,128
08/24/2011,AZO,MI,AGL,CE,Combined TRACON& Tower with Radar,0,30,11,0,41,0,0,16,0,16,0,30,27,0,57,66,0,66,123
08/25/2011,AZO,MI,AGL,CE,Combined TRACON& Tower with Radar,0,31,34,0,65,0,0,63,0,63,0,31,97,0,128,64,0,64,192
08/26/2011,AZO,MI,AGL,CE,Combined TRACON& Tower with Radar,4,30,37,3,74,0,0,74,0,74,4,30,111,3,148,110,0,110,258
08/27/2011,AZO,MI,AGL,CE,Combined TRACON& Tower with Radar,0,24,14,1,39,0,0,47,0,47,0,24,61,1,86,82,0,82,168
08/28/2011,AZO,MI,AGL,CE,Combined TRACON& Tower with Radar,0,24,24,0,48,0,0,54,0,54,0,24,78,0,102,60,0,60,162
08/29/2011,AZO,MI,AGL,CE,Combined TRACON& Tower with Radar,2,30,25,2,59,0,0,52,9,61,2,30,77,11,120,98,0,98,218
08/30/2011,AZO,MI,AGL,CE,Combined TRACON& Tower with Radar,0,30,15,1,46,0,5,51,3,59,0,35,66,4,105,86,0,86,191
08/31/2011,AZO,MI,AGL,CE,Combined TRACON& Tower with Radar,0,32,17,2,51,0,0,40,0,40,0,32,57,2,91,80,0,80,171
09/01/2011,AZO,MI,AGL,CE,Combined TRACON& Tower with Radar,0,32,27,0,59,0,0,32,0,32,0,32,59,0,91,114,0,114,205
09/02/2011,AZO,MI,AGL,CE,Combined TRACON& Tower with Radar,4,33,12,0,49,0,0,18,0,18,4,33,30,0,67,36,0,36,103
09/03/2011,AZO,MI,AGL,CE,Combined TRACON& Tower with Radar,0,22,7,0,29,0,0,24,0,24,0,22,31,0,53,0,0,0,53
09/04/2011,AZO,MI,AGL,CE,Combined TRACON& Tower with Radar,0,18,4,0,22,0,2,4,0,6,0,20,8,0,28,0,0,0,28
09/05/2011,AZO,MI,AGL,CE,Combined TRACON& Tower with Radar,4,30,15,0,49,0,0,22,3,25,4,30,37,3,74,8,0,8,82
09/06/2011,AZO,MI,AGL,CE,Combined TRACON& Tower with Radar,0,33,13,0,46,0,1,26,0,27,0,34,39,0,73,24,0,24,97
09/07/2011,AZO,MI,AGL,CE,Combined TRACON& Tower with Radar,0,35,31,4,70,0,1,8,0,9,0,36,39,4,79,20,4,24,103
09/08/2011,AZO,MI,AGL,CE,Combined TRACON& Tower with Radar,0,33,38,0,71,0,1,1,0,2,0,34,39,0,73,30,0,30,103
09/09/2011,AZO,MI,AGL,CE,Combined TRACON& Tower with Radar,2,32,19,2,55,0,1,4,0,5,2,33,23,2,60,0,0,0,60
09/10/2011,AZO,MI,AGL,CE,Combined TRACON& Tower with Radar,0,26,12,0,38,0,1,12,0,13,0,27,24,0,51,0,0,0,51
09/11/2011,AZO,MI,AGL,CE,Combined TRACON& Tower with Radar,0,24,23,0,47,0,1,43,0,44,0,25,66,0,91,84,0,84,175
09/12/2011,AZO,MI,AGL,CE,Combined TRACON& Tower with Radar,2,32,16,0,50,0,0,56,0,56,2,32,72,0,106,46,0,46,152
09/13/2011,AZO,MI,AGL,CE,Combined TRACON& Tower with Radar,0,31,23,0,54,0,0,30,0,30,0,31,53,0,84,56,0,56,140
09/14/2011,AZO,MI,AGL,CE,Combined TRACON& Tower with Radar,0,30,15,0,45,0,0,32,0,32,0,30,47,0,77,70,0,70,147
09/15/2011,AZO,MI,AGL,CE,Combined TRACON& Tower with Radar,0,32,29,0,61,0,0,49,0,49,0,32,78,0,110,180,0,180,290
09/16/2011,AZO,MI,AGL,CE,Combined TRACON& Tower with Radar,2,32,23,0,57,0,0,56,0,56,2,32,79,0,113,110,0,110,223
09/17/2011,AZO,MI,AGL,CE,Combined TRACON& Tower with Radar,0,24,19,0,43,0,2,57,0,59,0,26,76,0,102,25,0,25,127
09/18/2011,AZO,MI,AGL,CE,Combined TRACON& Tower with Radar,0,23,23,0,46,0,1,48,0,49,0,24,71,0,95,52,0,52,147
09/19/2011,AZO,MI,AGL,CE,Combined TRACON& Tower with Radar,2,33,16,0,51,0,0,0,0,0,2,33,16,0,51,2,0,2,53
09/20/2011,AZO,MI,AGL,CE,Combined TRACON& Tower with Radar,0,32,31,0,63,0,0,33,0,33,0,32,64,0,96,52,0,52,148
09/21/2011,AZO,MI,AGL,CE,Combined TRACON& Tower with Radar,1,30,24,0,55,0,1,20,2,23,1,31,44,2,78,16,0,16,94
09/22/2011,AZO,MI,AGL,CE,Combined TRACON& Tower with Radar,0,34,23,0,57,0,1,40,0,41,0,35,63,0,98,46,0,46,144
09/23/2011,AZO,MI,AGL,CE,Combined TRACON& Tower with Radar,2,30,28,0,60,0,0,37,0,37,2,30,65,0,97,138,0,138,235
09/24/2011,AZO,MI,AGL,CE,Combined TRACON& Tower with Radar,0,22,13,1,36,0,0,19,0,19,0,22,32,1,55,16,0,16,71
09/25/2011,AZO,MI,AGL,CE,Combined TRACON& Tower with Radar,0,23,15,0,38,0,0,8,0,8,0,23,23,0,46,28,0,28,74
09/26/2011,AZO,MI,AGL,CE,Combined TRACON& Tower with Radar,2,30,14,0,46,0,0,15,0,15,2,30,29,0,61,22,0,22,83
09/27/2011,AZO,MI,AGL,CE,Combined TRACON& Tower with Radar,0,33,35,0,68,0,0,3,0,3,0,33,38,0,71,12,0,12,83
09/28/2011,AZO,MI,AGL,CE,Combined TRACON& Tower with Radar,0,31,31,0,62,0,0,2,0,2,0,31,33,0,64,16,0,16,80
09/29/2011,AZO,MI,AGL,CE,Combined TRACON& Tower with Radar,0,40,21,0,61,0,0,0,0,0,0,40,21,0,61,4,0,4,65
09/30/2011,AZO,MI,AGL,CE,Combined TRACON& Tower with Radar,2,32,9,0,43,0,2,5,2,9,2,34,14,2,52,0,0,0,52
10/01/2011,AZO,MI,AGL,CE,Combined TRACON& Tower with Radar,0,22,18,0,40,0,2,44,0,46,0,24,62,0,86,66,0,66,152
10/02/2011,AZO,MI,AGL,CE,Combined TRACON& Tower with Radar,0,22,11,0,33,0,0,49,0,49,0,22,60,0,82,22,0,22,104
10/03/2011,AZO,MI,AGL,CE,Combined TRACON& Tower with Radar,2,32,20,11,65,0,0,44,0,44,2,32,64,11,109,54,0,54,163
10/04/2011,AZO,MI,AGL,CE,Combined TRACON& Tower with Radar,0,31,22,0,53,0,0,49,0,49,0,31,71,0,102,124,0,124,226
10/05/2011,AZO,MI,AGL,CE,Combined TRACON& Tower with Radar,0,33,25,0,58,0,0,62,0,62,0,33,87,0,120,78,0,78,198
10/06/2011,AZO,MI,AGL,CE,Combined TRACON& Tower with Radar,0,31,22,0,53,0,0,52,0,52,0,31,74,0,105,70,0,70,175
10/07/2011,AZO,MI,AGL,CE,Combined TRACON& Tower with Radar,2,29,22,0,53,0,2,52,0,54,2,31,74,0,107,60,0,60,167
10/08/2011,AZO,MI,AGL,CE,Combined TRACON& Tower with Radar,0,22,12,0,34,0,2,75,1,78,0,24,87,1,112,28,0,28,140
10/09/2011,AZO,MI,AGL,CE,Combined TRACON& Tower with Radar,0,22,20,0,42,0,0,83,0,83,0,22,103,0,125,24,0,24,149
10/10/2011,AZO,MI,AGL,CE,Combined TRACON& Tower with Radar,2,29,17,0,48,0,0,34,0,34,2,29,51,0,82,48,0,48,130
10/11/2011,AZO,MI,AGL,CE,Combined TRACON& Tower with Radar,0,30,30,0,60,0,0,61,0,61,0,30,91,0,121,104,0,104,225
10/12/2011,AZO,MI,AGL,CE,Combined TRACON& Tower with Radar,0,31,20,0,51,0,0,46,0,46,0,31,66,0,97,110,0,110,207
10/13/2011,AZO,MI,AGL,CE,Combined TRACON& Tower with Radar,0,36,27,0,63,0,0,1,0,1,0,36,28,0,64,0,0,0,64
10/14/2011,AZO,MI,AGL,CE,Combined TRACON& Tower with Radar,2,35,17,0,54,0,0,4,0,4,2,35,21,0,58,6,0,6,64
10/15/2011,AZO,MI,AGL,CE,Combined TRACON& Tower with Radar,0,26,10,0,36,0,0,2,0,2,0,26,12,0,38,0,0,0,38
10/16/2011,AZO,MI,AGL,CE,Combined TRACON& Tower with Radar,0,24,10,0,34,0,1,19,0,20,0,25,29,0,54,2,0,2,56
10/17/2011,AZO,MI,AGL,CE,Combined TRACON& Tower with Radar,1,36,17,0,54,0,0,15,0,15,1,36,32,0,69,4,0,4,73
10/18/2011,AZO,MI,AGL,CE,Combined TRACON& Tower with Radar,1,33,13,2,49,0,0,33,0,33,1,33,46,2,82,110,0,110,192
10/19/2011,AZO,MI,AGL,CE,Combined TRACON& Tower with Radar,0,30,17,0,47,0,0,0,0,0,0,30,17,0,47,4,0,4,51
10/20/2011,AZO,MI,AGL,CE,Combined TRACON& Tower with Radar,0,31,19,0,50,0,0,0,0,0,0,31,19,0,50,4,0,4,54
10/21/2011,AZO,MI,AGL,CE,Combined TRACON& Tower with Radar,4,38,25,0,67,0,0,25,0,25,4,38,50,0,92,68,0,68,160
10/22/2011,AZO,MI,AGL,CE,Combined TRACON& Tower with Radar,0,24,24,0,48,0,0,77,0,77,0,24,101,0,125,118,0,118,243
10/23/2011,AZO,MI,AGL,CE,Combined TRACON& Tower with Radar,0,30,20,0,50,0,0,42,0,42,0,30,62,0,92,58,0,58,150
10/24/2011,AZO,MI,AGL,CE,Combined TRACON& Tower with Radar,4,32,18,0,54,0,0,24,0,24,4,32,42,0,78,72,0,72,150
10/25/2011,AZO,MI,AGL,CE,Combined TRACON& Tower with Radar,0,31,19,0,50,0,0,15,0,15,0,31,34,0,65,6,0,6,71
10/26/2011,AZO,MI,AGL,CE,Combined TRACON& Tower with Radar,0,31,22,4,57,1,0,0,0,1,1,31,22,4,58,6,0,6,64
10/27/2011,AZO,MI,AGL,CE,Combined TRACON& Tower with Radar,0,37,28,0,65,0,0,23,0,23,0,37,51,0,88,56,0,56,144
10/28/2011,AZO,MI,AGL,CE,Combined TRACON& Tower with Radar,4,37,39,0,80,0,0,41,0,41,4,37,80,0,121,44,0,44,165
10/29/2011,AZO,MI,AGL,CE,Combined TRACON& Tower with Radar,0,24,22,0,46,0,0,51,0,51,0,24,73,0,97,61,0,61,158
10/30/2011,AZO,MI,AGL,CE,Combined TRACON& Tower with Radar,0,23,27,0,50,0,0,37,0,37,0,23,64,0,87,18,0,18,105
10/31/2011,AZO,MI,AGL,CE,Combined TRACON& Tower with Radar,2,33,26,0,61,0,0,9,0,9,2,33,35,0,70,26,0,26,96
11/01/2011,AZO,MI,AGL,CE,Combined TRACON& Tower with Radar,0,31,20,0,51,0,4,48,0,52,0,35,68,0,103,118,0,118,221
11/02/2011,AZO,MI,AGL,CE,Combined TRACON& Tower with Radar,0,28,25,0,53,0,2,48,0,50,0,30,73,0,103,32,0,32,135
11/03/2011,AZO,MI,AGL,CE,Combined TRACON& Tower with Radar,0,31,21,0,52,0,0,2,0,2,0,31,23,0,54,8,0,8,62
11/04/2011,AZO,MI,AGL,CE,Combined TRACON& Tower with Radar,2,30,20,1,53,0,0,72,0,72,2,30,92,1,125,66,0,66,191
11/05/2011,AZO,MI,AGL,CE,Combined TRACON& Tower with Radar,0,22,27,0,49,0,0,63,1,64,0,22,90,1,113,52,0,52,165
11/06/2011,AZO,MI,AGL,CE,Combined TRACON& Tower with Radar,0,24,10,1,35,0,0,33,1,34,0,24,43,2,69,66,0,66,135
11/07/2011,AZO,MI,AGL,CE,Combined TRACON& Tower with Radar,2,30,16,0,48,0,2,9,0,11,2,32,25,0,59,62,0,62,121
11/08/2011,AZO,MI,AGL,CE,Combined TRACON& Tower with Radar,0,23,10,0,33,0,0,1,0,1,0,23,11,0,34,18,0,18,52
11/09/2011,AZO,MI,AGL,CE,Combined TRACON& Tower with Radar,0,32,18,0,50,0,0,0,0,0,0,32,18,0,50,6,0,6,56
11/10/2011,AZO,MI,AGL,CE,Combined TRACON& Tower with Radar,4,29,19,0,52,0,0,3,0,3,4,29,22,0,55,4,0,4,59
11/11/2011,AZO,MI,AGL,CE,Combined TRACON& Tower with Radar,2,27,29,0,58,0,0,31,0,31,2,27,60,0,89,24,0,24,113
11/12/2011,AZO,MI,AGL,CE,Combined TRACON& Tower with Radar,4,23,21,0,48,0,0,79,0,79,4,23,100,0,127,150,0,150,277
11/13/2011,AZO,MI,AGL,CE,Combined TRACON& Tower with Radar,4,25,7,0,36,0,0,7,0,7,4,25,14,0,43,0,0,0,43
11/14/2011,AZO,MI,AGL,CE,Combined TRACON& Tower with Radar,2,26,26,0,54,0,0,25,0,25,2,26,51,0,79,40,0,40,119
11/15/2011,AZO,MI,AGL,CE,Combined TRACON& Tower with Radar,0,30,25,0,55,0,0,14,0,14,0,30,39,0,69,16,0,16,85
11/16/2011,AZO,MI,AGL,CE,Combined TRACON& Tower with Radar,0,30,27,0,57,0,0,34,0,34,0,30,61,0,91,48,0,48,139
11/17/2011,AZO,MI,AGL,CE,Combined TRACON& Tower with Radar,4,29,16,0,49,0,0,28,0,28,4,29,44,0,77,50,0,50,127
11/18/2011,AZO,MI,AGL,CE,Combined TRACON& Tower with Radar,2,26,14,0,42,0,0,20,0,20,2,26,34,0,62,26,0,26,88
11/19/2011,AZO,MI,AGL,CE,Combined TRACON& Tower with Radar,4,21,21,0,46,0,0,14,0,14,4,21,35,0,60,10,0,10,70
11/20/2011,AZO,MI,AGL,CE,Combined TRACON& Tower with Radar,4,22,29,0,55,0,0,57,0,57,4,22,86,0,112,157,0,157,269
11/21/2011,AZO,MI,AGL,CE,Combined TRACON& Tower with Radar,2,28,23,0,53,0,0,41,0,41,2,28,64,0,94,60,0,60,154
11/22/2011,AZO,MI,AGL,CE,Combined TRACON& Tower with Radar,0,30,23,0,53,0,0,0,0,0,0,30,23,0,53,4,0,4,57
11/23/2011,AZO,MI,AGL,CE,Combined TRACON& Tower with Radar,0,28,33,0,61,0,0,51,0,51,0,28,84,0,112,76,0,76,188
11/24/2011,AZO,MI,AGL,CE,Combined TRACON& Tower with Radar,4,13,8,0,25,0,0,3,0,3,4,13,11,0,28,0,0,0,28
11/25/2011,AZO,MI,AGL,CE,Combined TRACON& Tower with Radar,2,21,10,0,33,0,0,28,0,28,2,21,38,0,61,10,0,10,71
11/26/2011,AZO,MI,AGL,CE,Combined TRACON& Tower with Radar,4,26,18,0,48,0,0,25,0,25,4,26,43,0,73,16,0,16,89
11/27/2011,AZO,MI,AGL,CE,Combined TRACON& Tower with Radar,4,25,13,0,42,0,0,0,0,0,4,25,13,0,42,0,0,0,42
11/28/2011,AZO,MI,AGL,CE,Combined TRACON& Tower with Radar,2,25,21,0,48,0,0,2,0,2,2,25,23,0,50,2,0,2,52
11/29/2011,AZO,MI,AGL,CE,Combined TRACON& Tower with Radar,0,29,6,0,35,0,0,0,0,0,0,29,6,0,35,4,0,4,39
11/30/2011,AZO,MI,AGL,CE,Combined TRACON& Tower with Radar,0,29,36,0,65,0,1,46,0,47,0,30,82,0,112,92,0,92,204
12/01/2011,AZO,MI,AGL,CE,Combined TRACON& Tower with Radar,0,27,6,0,33,0,1,62,0,63,0,28,68,0,96,112,0,112,208
12/02/2011,AZO,MI,AGL,CE,Combined TRACON& Tower with Radar,1,27,28,2,58,0,0,54,1,55,1,27,82,3,113,84,0,84,197
12/03/2011,AZO,MI,AGL,CE,Combined TRACON& Tower with Radar,0,21,50,0,71,0,0,43,0,43,0,21,93,0,114,42,0,42,156
12/04/2011,AZO,MI,AGL,CE,Combined TRACON& Tower with Radar,0,22,0,0,22,0,0,0,0,0,0,22,0,0,22,0,0,0,22
12/05/2011,AZO,MI,AGL,CE,Combined TRACON& Tower with Radar,2,26,15,0,43,0,0,17,0,17,2,26,32,0,60,45,0,45,105
12/06/2011,AZO,MI,AGL,CE,Combined TRACON& Tower with Radar,0,25,17,0,42,0,0,15,0,15,0,25,32,0,57,48,0,48,105
12/07/2011,AZO,MI,AGL,CE,Combined TRACON& Tower with Radar,0,26,32,0,58,0,0,50,0,50,0,26,82,0,108,77,0,77,185
12/08/2011,AZO,MI,AGL,CE,Combined TRACON& Tower with Radar,0,29,27,0,56,0,0,34,0,34,0,29,61,0,90,64,0,64,154
12/09/2011,AZO,MI,AGL,CE,Combined TRACON& Tower with Radar,2,26,21,1,50,0,0,13,0,13,2,26,34,1,63,36,0,36,99
12/10/2011,AZO,MI,AGL,CE,Combined TRACON& Tower with Radar,2,21,11,8,42,0,0,53,0,53,2,21,64,8,95,90,6,96,191
12/11/2011,AZO,MI,AGL,CE,Combined TRACON& Tower with Radar,0,20,24,2,46,0,0,60,0,60,0,20,84,2,106,126,0,126,232
12/12/2011,AZO,MI,AGL,CE,Combined TRACON& Tower with Radar,2,30,9,1,42,0,4,55,2,61,2,34,64,3,103,110,0,110,213
12/13/2011,AZO,MI,AGL,CE,Combined TRACON& Tower with Radar,0,28,24,0,52,0,0,32,0,32,0,28,56,0,84,89,0,89,173
12/14/2011,AZO,MI,AGL,CE,Combined TRACON& Tower with Radar,0,26,13,0,39,0,0,0,0,0,0,26,13,0,39,4,0,4,43
12/15/2011,AZO,MI,AGL,CE,Combined TRACON& Tower with Radar,4,26,10,0,40,0,0,2,0,2,4,26,12,0,42,0,0,0,42
12/16/2011,AZO,MI,AGL,CE,Combined TRACON& Tower with Radar,2,26,19,0,47,0,0,17,0,17,2,26,36,0,64,62,0,62,126
12/17/2011,AZO,MI,AGL,CE,Combined TRACON& Tower with Radar,4,17,9,0,30,0,0,0,0,0,4,17,9,0,30,0,0,0,30
12/18/2011,AZO,MI,AGL,CE,Combined TRACON& Tower with Radar,4,16,34,0,54,0,0,34,0,34,4,16,68,0,88,95,0,95,183
12/19/2011,AZO,MI,AGL,CE,Combined TRACON& Tower with Radar,2,29,23,0,54,0,1,19,0,20,2,30,42,0,74,42,0,42,116
12/20/2011,AZO,MI,AGL,CE,Combined TRACON& Tower with Radar,0,26,28,0,54,0,0,17,0,17,0,26,45,0,71,26,0,26,97
12/21/2011,AZO,MI,AGL,CE,Combined TRACON& Tower with Radar,0,24,4,0,28,0,0,0,0,0,0,24,4,0,28,0,0,0,28
12/22/2011,AZO,MI,AGL,CE,Combined TRACON& Tower with Radar,4,21,5,3,33,0,0,16,0,16,4,21,21,3,49,62,0,62,111
12/23/2011,AZO,MI,AGL,CE,Combined TRACON& Tower with Radar,2,22,20,0,44,0,1,46,0,47,2,23,66,0,91,46,0,46,137
12/24/2011,AZO,MI,AGL,CE,Combined TRACON& Tower with Radar,4,14,4,1,23,0,0,34,3,37,4,14,38,4,60,26,0,26,86
12/25/2011,AZO,MI,AGL,CE,Combined TRACON& Tower with Radar,4,14,4,0,22,0,0,4,0,4,4,14,8,0,26,0,0,0,26
12/26/2011,AZO,MI,AGL,CE,Combined TRACON& Tower with Radar,2,19,16,2,39,0,0,44,0,44,2,19,60,2,83,58,0,58,141
12/27/2011,AZO,MI,AGL,CE,Combined TRACON& Tower with Radar,0,24,7,1,32,0,0,0,0,0,0,24,7,1,32,0,0,0,32
12/28/2011,AZO,MI,AGL,CE,Combined TRACON& Tower with Radar,0,24,16,3,43,0,0,34,2,36,0,24,50,5,79,14,0,14,93
12/29/2011,AZO,MI,AGL,CE,Combined TRACON& Tower with Radar,4,27,5,0,36,0,0,16,0,16,4,27,21,0,52,0,0,0,52
12/30/2011,AZO,MI,AGL,CE,Combined TRACON& Tower with Radar,2,28,9,0,39,0,0,0,0,0,2,28,9,0,39,0,0,0,39
12/31/2011,AZO,MI,AGL,CE,Combined TRACON& Tower with Radar,4,20,20,0,44,0,0,5,0,5,4,20,25,0,49,20,0,20,69
01/01/2012,AZO,MI,AGL,CE,Combined TRACON& Tower with Radar,2,11,7,0,20,0,0,1,0,1,2,11,8,0,21,2,0,2,23
01/02/2012,AZO,MI,AGL,CE,Combined TRACON& Tower with Radar,0,11,14,0,25,0,0,0,0,0,0,11,14,0,25,0,0,0,25
01/03/2012,AZO,MI,AGL,CE,Combined TRACON& Tower with Radar,4,26,10,0,40,0,0,4,0,4,4,26,14,0,44,0,0,0,44
01/04/2012,AZO,MI,AGL,CE,Combined TRACON& Tower with Radar,0,28,7,0,35,0,0,18,0,18,0,28,25,0,53,94,0,94,147
01/05/2012,AZO,MI,AGL,CE,Combined TRACON& Tower with Radar,0,25,15,0,40,0,2,40,0,42,0,27,55,0,82,58,0,58,140
01/06/2012,AZO,MI,AGL,CE,Combined TRACON& Tower with Radar,2,27,17,1,47,0,0,30,1,31,2,27,47,2,78,52,0,52,130
01/07/2012,AZO,MI,AGL,CE,Combined TRACON& Tower with Radar,4,25,25,0,54,0,0,60,0,60,4,25,85,0,114,22,0,22,136
01/08/2012,AZO,MI,AGL,CE,Combined TRACON& Tower with Radar,0,20,13,0,33,0,0,49,0,49,0,20,62,0,82,44,0,44,126
01/09/2012,AZO,MI,AGL,CE,Combined TRACON& Tower with Radar,2,30,16,2,50,0,0,24,0,24,2,30,40,2,74,16,0,16,90
01/10/2012,AZO,MI,AGL,CE,Combined TRACON& Tower with Radar,0,24,20,0,44,0,0,50,0,50,0,24,70,0,94,56,0,56,150
01/11/2012,AZO,MI,AGL,CE,Combined TRACON& Tower with Radar,0,25,30,0,55,0,0,56,0,56,0,25,86,0,111,98,0,98,209
01/12/2012,AZO,MI,AGL,CE,Combined TRACON& Tower with Radar,0,22,6,3,31,0,0,0,0,0,0,22,6,3,31,0,0,0,31
01/13/2012,AZO,MI,AGL,CE,Combined TRACON& Tower with Radar,0,7,2,0,9,0,0,0,0,0,0,7,2,0,9,0,0,0,9
01/14/2012,AZO,MI,AGL,CE,Combined TRACON& Tower with Radar,4,19,10,0,33,0,0,7,0,7,4,19,17,0,40,22,0,22,62
01/15/2012,AZO,MI,AGL,CE,Combined TRACON& Tower with Radar,0,18,16,3,37,0,0,23,1,24,0,18,39,4,61,48,0,48,109
01/16/2012,AZO,MI,AGL,CE,Combined TRACON& Tower with Radar,2,26,6,2,36,0,0,12,0,12,2,26,18,2,48,20,0,20,68
01/17/2012,AZO,MI,AGL,CE,Combined TRACON& Tower with Radar,0,25,3,0,28,0,0,0,0,0,0,25,3,0,28,0,0,0,28
01/18/2012,AZO,MI,AGL,CE,Combined TRACON& Tower with Radar,0,27,23,1,51,0,0,27,0,27,0,27,50,1,78,68,0,68,146
01/19/2012,AZO,MI,AGL,CE,Combined TRACON& Tower with Radar,0,22,5,0,27,0,0,0,0,0,0,22,5,0,27,0,0,0,27
01/20/2012,AZO,MI,AGL,CE,Combined TRACON& Tower with Radar,2,14,20,0,36,0,0,6,0,6,2,14,26,0,42,32,0,32,74
01/21/2012,AZO,MI,AGL,CE,Combined TRACON& Tower with Radar,4,20,19,0,43,0,0,48,0,48,4,20,67,0,91,66,0,66,157
01/22/2012,AZO,MI,AGL,CE,Combined TRACON& Tower with Radar,0,18,1,0,19,0,0,0,0,0,0,18,1,0,19,0,0,0,19
01/23/2012,AZO,MI,AGL,CE,Combined TRACON& Tower with Radar,2,24,20,2,48,0,0,2,0,2,2,24,22,2,50,0,0,0,50
01/24/2012,AZO,MI,AGL,CE,Combined TRACON& Tower with Radar,0,24,11,0,35,0,0,4,0,4,0,24,15,0,39,0,0,0,39
01/25/2012,AZO,MI,AGL,CE,Combined TRACON& Tower with Radar,0,26,35,1,62,0,0,35,3,38,0,26,70,4,100,70,0,70,170
01/26/2012,AZO,MI,AGL,CE,Combined TRACON& Tower with Radar,0,26,8,0,34,0,0,0,0,0,0,26,8,0,34,0,0,0,34
01/27/2012,AZO,MI,AGL,CE,Combined TRACON& Tower with Radar,2,25,30,0,57,0,0,46,0,46,2,25,76,0,103,98,0,98,201
01/28/2012,AZO,MI,AGL,CE,Combined TRACON& Tower with Radar,4,20,5,0,29,0,0,2,0,2,4,20,7,0,31,2,0,2,33
01/29/2012,AZO,MI,AGL,CE,Combined TRACON& Tower with Radar,0,20,13,0,33,0,0,0,0,0,0,20,13,0,33,0,0,0,33
01/30/2012,AZO,MI,AGL,CE,Combined TRACON& Tower with Radar,2,26,15,0,43,0,0,12,0,12,2,26,27,0,55,20,0,20,75
01/31/2012,AZO,MI,AGL,CE,Combined TRACON& Tower with Radar,0,24,20,0,44,0,0,22,0,22,0,24,42,0,66,50,0,50,116
02/01/2012,AZO,MI,AGL,CE,Combined TRACON& Tower with Radar,0,24,30,1,55,0,0,4,0,4,0,24,34,1,59,54,0,54,113
02/02/2012,AZO,MI,AGL,CE,Combined TRACON& Tower with Radar,0,25,33,1,59,1,0,30,0,31,1,25,63,1,90,60,0,60,150
02/03/2012,AZO,MI,AGL,CE,Combined TRACON& Tower with Radar,2,25,16,0,43,0,0,2,0,2,2,25,18,0,45,46,0,46,91
02/04/2012,AZO,MI,AGL,CE,Combined TRACON& Tower with Radar,4,18,19,0,41,0,0,73,0,73,4,18,92,0,114,60,0,60,174
02/05/2012,AZO,MI,AGL,CE,Combined TRACON& Tower with Radar,0,21,24,0,45,0,1,53,0,54,0,22,77,0,99,70,0,70,169
02/06/2012,AZO,MI,AGL,CE,Combined TRACON& Tower with Radar,2,25,13,0,40,0,0,1,0,1,2,25,14,0,41,18,0,18,59
02/07/2012,AZO,MI,AGL,CE,Combined TRACON& Tower with Radar,1,25,15,0,41,0,0,8,0,8,1,25,23,0,49,38,0,38,87
02/08/2012,AZO,MI,AGL,CE,Combined TRACON& Tower with Radar,0,27,21,0,48,0,0,47,0,47,0,27,68,0,95,78,0,78,173
02/09/2012,AZO,MI,AGL,CE,Combined TRACON& Tower with Radar,4,28,22,0,54,0,0,40,0,40,4,28,62,0,94,48,0,48,142
02/10/2012,AZO,MI,AGL,CE,Combined TRACON& Tower with Radar,2,25,16,0,43,0,0,2,0,2,2,25,18,0,45,0,0,0,45
02/11/2012,AZO,MI,AGL,CE,Combined TRACON& Tower with Radar,4,18,19,0,41,0,0,68,0,68,4,18,87,0,109,20,0,20,129
02/12/2012,AZO,MI,AGL,CE,Combined TRACON& Tower with Radar,0,21,24,0,45,0,1,53,0,54,0,22,77,0,99,6,0,6,105
02/13/2012,AZO,MI,AGL,CE,Combined TRACON& Tower with Radar,2,25,13,0,40,0,0,1,0,1,2,25,14,0,41,56,0,56,97
02/14/2012,AZO,MI,AGL,CE,Combined TRACON& Tower with Radar,0,28,14,0,42,0,0,1,0,1,0,28,15,0,43,0,0,0,43
02/15/2012,AZO,MI,AGL,CE,Combined TRACON& Tower with Radar,0,26,18,0,44,0,0,20,2,22,0,26,38,2,66,36,0,36,102
02/16/2012,AZO,MI,AGL,CE,Combined TRACON& Tower with Radar,4,28,21,0,53,0,0,8,0,8,4,28,29,0,61,42,0,42,103
02/17/2012,AZO,MI,AGL,CE,Combined TRACON& Tower with Radar,2,30,18,1,51,0,0,35,0,35,2,30,53,1,86,16,0,16,102
02/18/2012,AZO,MI,AGL,CE,Combined TRACON& Tower with Radar,4,17,22,0,43,0,0,26,0,26,4,17,48,0,69,98,0,98,167
02/19/2012,AZO,MI,AGL,CE,Combined TRACON& Tower with Radar,4,19,24,0,47,0,2,78,0,80,4,21,102,0,127,86,0,86,213
02/20/2012,AZO,MI,AGL,CE,Combined TRACON& Tower with Radar,2,23,23,1,49,0,1,52,0,53,2,24,75,1,102,142,0,142,244
02/21/2012,AZO,MI,AGL,CE,Combined TRACON& Tower with Radar,0,26,13,0,39,0,0,0,2,2,0,26,13,2,41,2,0,2,43
02/22/2012,AZO,MI,AGL,CE,Combined TRACON& Tower with Radar,0,26,20,0,46,0,0,18,0,18,0,26,38,0,64,54,0,54,118
02/23/2012,AZO,MI,AGL,CE,Combined TRACON& Tower with Radar,4,21,8,0,33,0,0,1,0,1,4,21,9,0,34,0,0,0,34
02/24/2012,AZO,MI,AGL,CE,Combined TRACON& Tower with Radar,2,21,6,0,29,0,0,0,0,0,2,21,6,0,29,0,0,0,29
02/25/2012,AZO,MI,AGL,CE,Combined TRACON& Tower with Radar,4,18,9,0,31,0,0,1,0,1,4,18,10,0,32,0,0,0,32
02/26/2012,AZO,MI,AGL,CE,Combined TRACON& Tower with Radar,4,20,13,0,37,0,0,40,0,40,4,20,53,0,77,72,0,72,149
02/27/2012,AZO,MI,AGL,CE,Combined TRACON& Tower with Radar,2,26,13,0,41,0,0,4,0,4,2,26,17,0,45,10,0,10,55
02/28/2012,AZO,MI,AGL,CE,Combined TRACON& Tower with Radar,0,25,23,0,48,0,0,39,0,39,0,25,62,0,87,110,0,110,197
02/29/2012,AZO,MI,AGL,CE,Combined TRACON& Tower with Radar,0,27,9,0,36,0,0,2,0,2,0,27,11,0,38,1,0,1,39
03/01/2012,AZO,MI,AGL,CE,Combined TRACON& Tower with Radar,4,27,26,0,57,0,0,1,0,1,4,27,27,0,58,10,0,10,68
03/02/2012,AZO,MI,AGL,CE,Combined TRACON& Tower with Radar,2,23,16,0,41,0,0,14,0,14,2,23,30,0,55,40,0,40,95
03/03/2012,AZO,MI,AGL,CE,Combined TRACON& Tower with Radar,4,16,0,0,20,0,0,0,0,0,4,16,0,0,20,0,0,0,20
03/04/2012,AZO,MI,AGL,CE,Combined TRACON& Tower with Radar,4,19,2,0,25,0,0,2,0,2,4,19,4,0,27,0,0,0,27
03/05/2012,AZO,MI,AGL,CE,Combined TRACON& Tower with Radar,2,26,18,0,46,0,0,23,0,23,2,26,41,0,69,102,0,102,171
03/06/2012,AZO,MI,AGL,CE,Combined TRACON& Tower with Radar,0,24,15,0,39,0,0,18,0,18,0,24,33,0,57,12,0,12,69
03/07/2012,AZO,MI,AGL,CE,Combined TRACON& Tower with Radar,0,26,13,0,39,0,0,7,0,7,0,26,20,0,46,0,0,0,46
03/08/2012,AZO,MI,AGL,CE,Combined TRACON& Tower with Radar,4,28,8,0,40,0,1,4,0,5,4,29,12,0,45,2,0,2,47
03/09/2012,AZO,MI,AGL,CE,Combined TRACON& Tower with Radar,2,25,15,1,43,0,0,13,0,13,2,25,28,1,56,4,0,4,60
03/10/2012,AZO,MI,AGL,CE,Combined TRACON& Tower with Radar,4,17,12,2,35,0,0,36,0,36,4,17,48,2,71,28,0,28,99
03/11/2012,AZO,MI,AGL,CE,Combined TRACON& Tower with Radar,4,19,22,0,45,0,0,35,0,35,4,19,57,0,80,38,0,38,118
03/12/2012,AZO,MI,AGL,CE,Combined TRACON& Tower with Radar,2,25,19,2,48,0,0,4,0,4,2,25,23,2,52,34,0,34,86
03/13/2012,AZO,MI,AGL,CE,Combined TRACON& Tower with Radar,0,26,38,0,64,0,0,57,0,57,0,26,95,0,121,46,0,46,167
03/14/2012,AZO,MI,AGL,CE,Combined TRACON& Tower with Radar,0,28,27,0,55,0,0,60,0,60,0,28,87,0,115,62,0,62,177
03/15/2012,AZO,MI,AGL,CE,Combined TRACON& Tower with Radar,0,27,29,0,56,0,0,29,0,29,0,27,58,0,85,84,0,84,169
03/16/2012,AZO,MI,AGL,CE,Combined TRACON& Tower with Radar,0,28,28,0,56,0,0,44,2,46,0,28,72,2,102,70,0,70,172
03/17/2012,AZO,MI,AGL,CE,Combined TRACON& Tower with Radar,0,18,15,0,33,0,0,61,0,61,0,18,76,0,94,120,0,120,214
03/18/2012,AZO,MI,AGL,CE,Combined TRACON& Tower with Radar,0,17,9,0,26,0,0,33,0,33,0,17,42,0,59,48,0,48,107
03/19/2012,AZO,MI,AGL,CE,Combined TRACON& Tower with Radar,0,25,28,0,53,0,0,42,0,42,0,25,70,0,95,90,0,90,185
03/20/2012,AZO,MI,AGL,CE,Combined TRACON& Tower with Radar,0,24,20,0,44,0,1,45,0,46,0,25,65,0,90,120,0,120,210
03/21/2012,AZO,MI,AGL,CE,Combined TRACON& Tower with Radar,0,25,21,1,47,0,0,52,6,58,0,25,73,7,105,36,0,36,141
03/22/2012,AZO,MI,AGL,CE,Combined TRACON& Tower with Radar,0,26,27,1,54,0,0,40,0,40,0,26,67,1,94,102,0,102,196
03/23/2012,AZO,MI,AGL,CE,Combined TRACON& Tower with Radar,0,25,31,0,56,0,0,6,0,6,0,25,37,0,62,48,0,48,110
03/24/2012,AZO,MI,AGL,CE,Combined TRACON& Tower with Radar,0,17,22,1,40,0,0,0,0,0,0,17,22,1,40,0,0,0,40
03/25/2012,AZO,MI,AGL,CE,Combined TRACON& Tower with Radar,1,16,25,1,43,0,0,60,0,60,1,16,85,1,103,88,0,88,191
03/26/2012,AZO,MI,AGL,CE,Combined TRACON& Tower with Radar,0,25,34,0,59,0,2,38,0,40,0,27,72,0,99,102,0,102,201
03/27/2012,AZO,MI,AGL,CE,Combined TRACON& Tower with Radar,0,24,18,2,44,0,0,32,0,32,0,24,50,2,76,76,0,76,152
03/28/2012,AZO,MI,AGL,CE,Combined TRACON& Tower with Radar,0,27,23,0,50,0,0,9,0,9,0,27,32,0,59,20,0,20,79
03/29/2012,AZO,MI,AGL,CE,Combined TRACON& Tower with Radar,0,25,40,0,65,0,0,39,0,39,0,25,79,0,104,84,0,84,188
03/30/2012,AZO,MI,AGL,CE,Combined TRACON& Tower with Radar,0,21,10,0,31,0,0,3,0,3,0,21,13,0,34,2,0,2,36
03/31/2012,AZO,MI,AGL,CE,Combined TRACON& Tower with Radar,0,16,29,0,45,0,0,11,0,11,0,16,40,0,56,24,0,24,80
04/01/2012,AZO,MI,AGL,CE,Combined TRACON& Tower with Radar,0,17,33,1,51,0,0,4,0,4,0,17,37,1,55,58,0,58,113
04/02/2012,AZO,MI,AGL,CE,Combined TRACON& Tower with Radar,0,25,18,1,44,0,0,38,0,38,0,25,56,1,82,80,0,80,162
04/03/2012,AZO,MI,AGL,CE,Combined TRACON& Tower with Radar,0,29,16,0,45,0,0,27,0,27,0,29,43,0,72,38,0,38,110
04/04/2012,AZO,MI,AGL,CE,Combined TRACON& Tower with Radar,0,29,26,3,58,0,0,59,14,73,0,29,85,17,131,72,0,72,203
04/05/2012,AZO,MI,AGL,CE,Combined TRACON& Tower with Radar,0,26,23,1,50,0,0,37,0,37,0,26,60,1,87,36,0,36,123
04/06/2012,AZO,MI,AGL,CE,Combined TRACON& Tower with Radar,0,27,17,0,44,0,0,64,0,64,0,27,81,0,108,81,0,81,189
04/07/2012,AZO,MI,AGL,CE,Combined TRACON& Tower with Radar,0,21,17,0,38,0,0,58,0,58,0,21,75,0,96,38,0,38,134
04/08/2012,AZO,MI,AGL,CE,Combined TRACON& Tower with Radar,0,18,8,1,27,0,1,13,0,14,0,19,21,1,41,2,0,2,43
04/09/2012,AZO,MI,AGL,CE,Combined TRACON& Tower with Radar,0,35,9,1,45,0,2,7,0,9,0,37,16,1,54,0,0,0,54
04/10/2012,AZO,MI,AGL,CE,Combined TRACON& Tower with Radar,0,26,9,0,35,0,0,9,0,9,0,26,18,0,44,2,0,2,46
04/11/2012,AZO,MI,AGL,CE,Combined TRACON& Tower with Radar,0,27,36,0,63,0,0,38,0,38,0,27,74,0,101,58,0,58,159
04/12/2012,AZO,MI,AGL,CE,Combined TRACON& Tower with Radar,0,27,35,0,62,0,0,56,0,56,0,27,91,0,118,217,0,217,335
04/13/2012,AZO,MI,AGL,CE,Combined TRACON& Tower with Radar,0,30,28,0,58,0,0,64,0,64,0,30,92,0,122,94,0,94,216
04/14/2012,AZO,MI,AGL,CE,Combined TRACON& Tower with Radar,0,20,9,0,29,0,0,4,0,4,0,20,13,0,33,28,0,28,61
04/15/2012,AZO,MI,AGL,CE,Combined TRACON& Tower with Radar,0,19,4,0,23,0,0,0,0,0,0,19,4,0,23,0,0,0,23
04/16/2012,AZO,MI,AGL,CE,Combined TRACON& Tower with Radar,0,31,14,0,45,0,0,2,0,2,0,31,16,0,47,4,0,4,51
04/17/2012,AZO,MI,AGL,CE,Combined TRACON& Tower with Radar,0,27,59,0,86,0,0,88,0,88,0,27,147,0,174,108,0,108,282
04/18/2012,AZO,MI,AGL,CE,Combined TRACON& Tower with Radar,0,29,22,0,51,0,0,51,0,51,0,29,73,0,102,80,0,80,182
04/19/2012,AZO,MI,AGL,CE,Combined TRACON& Tower with Radar,0,27,24,0,51,0,0,29,0,29,0,27,53,0,80,66,0,66,146
04/20/2012,AZO,MI,AGL,CE,Combined TRACON& Tower with Radar,0,27,26,1,54,0,0,3,0,3,0,27,29,1,57,12,0,12,69
04/21/2012,AZO,MI,AGL,CE,Combined TRACON& Tower with Radar,0,22,33,1,56,0,0,74,1,75,0,22,107,2,131,42,0,42,173
04/22/2012,AZO,MI,AGL,CE,Combined TRACON& Tower with Radar,0,20,18,2,40,0,1,26,0,27,0,21,44,2,67,0,8,8,75
04/23/2012,AZO,MI,AGL,CE,Combined TRACON& Tower with Radar,0,26,12,1,39,0,0,11,0,11,0,26,23,1,50,0,0,0,50
04/24/2012,AZO,MI,AGL,CE,Combined TRACON& Tower with Radar,0,27,9,0,36,0,0,8,4,12,0,27,17,4,48,0,0,0,48
04/25/2012,AZO,MI,AGL,CE,Combined TRACON& Tower with Radar,0,26,33,0,59,0,1,49,0,50,0,27,82,0,109,58,0,58,167
04/26/2012,AZO,MI,AGL,CE,Combined TRACON& Tower with Radar,0,27,41,0,68,0,0,18,0,18,0,27,59,0,86,36,0,36,122
04/27/2012,AZO,MI,AGL,CE,Combined TRACON& Tower with Radar,0,26,23,1,50,0,0,83,0,83,0,26,106,1,133,144,0,144,277
04/28/2012,AZO,MI,AGL,CE,Combined TRACON& Tower with Radar,0,20,4,2,26,0,0,0,0,0,0,20,4,2,26,0,4,4,30
04/29/2012,AZO,MI,AGL,CE,Combined TRACON& Tower with Radar,0,19,14,2,35,0,1,51,0,52,0,20,65,2,87,36,0,36,123
04/30/2012,AZO,MI,AGL,CE,Combined TRACON& Tower with Radar,0,32,20,1,53,0,0,3,0,3,0,32,23,1,56,4,0,4,60
05/01/2012,AZO,MI,AGL,CE,Combined TRACON& Tower with Radar,0,25,20,0,45,0,0,17,0,17,0,25,37,0,62,26,0,26,88
05/02/2012,AZO,MI,AGL,CE,Combined TRACON& Tower with Radar,0,30,7,0,37,0,0,7,0,7,0,30,14,0,44,0,0,0,44
05/03/2012,AZO,MI,AGL,CE,Combined TRACON& Tower with Radar,0,26,20,0,46,0,1,14,0,15,0,27,34,0,61,16,0,16,77
05/04/2012,AZO,MI,AGL,CE,Combined TRACON& Tower with Radar,0,28,29,0,57,0,0,19,0,19,0,28,48,0,76,58,0,58,134
05/05/2012,AZO,MI,AGL,CE,Combined TRACON& Tower with Radar,2,19,27,2,50,0,0,44,2,46,2,19,71,4,96,34,8,42,138
05/06/2012,AZO,MI,AGL,CE,Combined TRACON& Tower with Radar,0,14,15,0,29,0,0,29,0,29,0,14,44,0,58,20,0,20,78
05/07/2012,AZO,MI,AGL,CE,Combined TRACON& Tower with Radar,0,28,25,0,53,0,0,3,0,3,0,28,28,0,56,8,0,8,64
05/08/2012,AZO,MI,AGL,CE,Combined TRACON& Tower with Radar,0,26,39,0,65,0,0,33,0,33,0,26,72,0,98,96,0,96,194
05/09/2012,AZO,MI,AGL,CE,Combined TRACON& Tower with Radar,1,26,19,0,46,0,0,32,0,32,1,26,51,0,78,108,0,108,186
05/10/2012,AZO,MI,AGL,CE,Combined TRACON& Tower with Radar,1,26,21,0,48,0,1,69,5,75,1,27,90,5,123,56,0,56,179
05/11/2012,AZO,MI,AGL,CE,Combined TRACON& Tower with Radar,0,36,14,1,51,0,0,58,0,58,0,36,72,1,109,20,0,20,129
05/12/2012,AZO,MI,AGL,CE,Combined TRACON& Tower with Radar,2,21,23,1,47,0,1,17,0,18,2,22,40,1,65,66,0,66,131
05/13/2012,AZO,MI,AGL,CE,Combined TRACON& Tower with Radar,1,25,21,1,48,0,4,19,0,23,1,29,40,1,71,6,0,6,77
05/14/2012,AZO,MI,AGL,CE,Combined TRACON& Tower with Radar,0,30,18,2,50,0,0,60,0,60,0,30,78,2,110,78,0,78,188
05/15/2012,AZO,MI,AGL,CE,Combined TRACON& Tower with Radar,0,25,16,0,41,0,0,35,0,35,0,25,51,0,76,56,0,56,132
05/16/2012,AZO,MI,AGL,CE,Combined TRACON& Tower with Radar,0,28,32,2,62,0,0,50,2,52,0,28,82,4,114,52,0,52,166
05/17/2012,AZO,MI,AGL,CE,Combined TRACON& Tower with Radar,0,26,26,0,52,0,0,53,0,53,0,26,79,0,105,58,0,58,163
05/18/2012,AZO,MI,AGL,CE,Combined TRACON& Tower with Radar,0,28,14,0,42,0,0,48,0,48,0,28,62,0,90,46,0,46,136
05/19/2012,AZO,MI,AGL,CE,Combined TRACON& Tower with Radar,2,21,19,0,42,0,0,72,0,72,2,21,91,0,114,34,0,34,148
05/20/2012,AZO,MI,AGL,CE,Combined TRACON& Tower with Radar,0,19,14,0,33,0,1,40,0,41,0,20,54,0,74,26,0,26,100
05/21/2012,AZO,MI,AGL,CE,Combined TRACON& Tower with Radar,0,27,34,0,61,0,0,5,0,5,0,27,39,0,66,38,0,38,104
05/22/2012,AZO,MI,AGL,CE,Combined TRACON& Tower with Radar,0,30,17,0,47,0,0,60,0,60,0,30,77,0,107,161,0,161,268
05/23/2012,AZO,MI,AGL,CE,Combined TRACON& Tower with Radar,0,26,26,0,52,0,0,55,0,55,0,26,81,0,107,120,0,120,227
05/24/2012,AZO,MI,AGL,CE,Combined TRACON& Tower with Radar,0,28,13,1,42,0,0,29,0,29,0,28,42,1,71,4,0,4,75
05/25/2012,AZO,MI,AGL,CE,Combined TRACON& Tower with Radar,0,32,22,3,57,0,0,65,0,65,0,32,87,3,122,58,0,58,180
05/26/2012,AZO,MI,AGL,CE,Combined TRACON& Tower with Radar,0,15,11,1,27,0,0,11,0,11,0,15,22,1,38,20,0,20,58
05/27/2012,AZO,MI,AGL,CE,Combined TRACON& Tower with Radar,0,13,15,0,28,0,0,35,0,35,0,13,50,0,63,20,0,20,83
05/28/2012,AZO,MI,AGL,CE,Combined TRACON& Tower with Radar,0,20,8,2,30,0,0,17,0,17,0,20,25,2,47,0,0,0,47
05/29/2012,AZO,MI,AGL,CE,Combined TRACON& Tower with Radar,0,24,28,1,53,0,0,31,0,31,0,24,59,1,84,136,0,136,220
05/30/2012,AZO,MI,AGL,CE,Combined TRACON& Tower with Radar,0,25,21,0,46,0,3,57,0,60,0,28,78,0,106,56,4,60,166
05/31/2012,AZO,MI,AGL,CE,Combined TRACON& Tower with Radar,0,18,36,0,54,0,0,9,0,9,0,18,45,0,63,60,0,60,123
06/01/2012,AZO,MI,AGL,CE,Combined TRACON& Tower with Radar,0,28,28,1,57,0,0,0,0,0,0,28,28,1,57,2,0,2,59
06/02/2012,AZO,MI,AGL,CE,Combined TRACON& Tower with Radar,0,17,17,1,35,0,0,55,0,55,0,17,72,1,90,12,0,12,102
06/03/2012,AZO,MI,AGL,CE,Combined TRACON& Tower with Radar,0,21,22,1,44,0,0,36,0,36,0,21,58,1,80,8,0,8,88
06/04/2012,AZO,MI,AGL,CE,Combined TRACON& Tower with Radar,0,26,30,1,57,0,0,33,0,33,0,26,63,1,90,82,0,82,172
06/05/2012,AZO,MI,AGL,CE,Combined TRACON& Tower with Radar,0,26,26,0,52,0,0,46,0,46,0,26,72,0,98,76,0,76,174
06/06/2012,AZO,MI,AGL,CE,Combined TRACON& Tower with Radar,0,28,32,0,60,0,0,54,0,54,0,28,86,0,114,164,0,164,278
06/07/2012,AZO,MI,AGL,CE,Combined TRACON& Tower with Radar,0,34,44,0,78,0,0,76,0,76,0,34,120,0,154,54,0,54,208
06/08/2012,AZO,MI,AGL,CE,Combined TRACON& Tower with Radar,0,30,30,1,61,0,0,44,0,44,0,30,74,1,105,60,0,60,165
06/09/2012,AZO,MI,AGL,CE,Combined TRACON& Tower with Radar,0,22,20,1,43,0,0,59,4,63,0,22,79,5,106,48,0,48,154
06/10/2012,AZO,MI,AGL,CE,Combined TRACON& Tower with Radar,0,23,12,0,35,0,0,49,0,49,0,23,61,0,84,60,0,60,144
06/11/2012,AZO,MI,AGL,CE,Combined TRACON& Tower with Radar,0,29,17,0,46,0,0,19,0,19,0,29,36,0,65,8,0,8,73
06/12/2012,AZO,MI,AGL,CE,Combined TRACON& Tower with Radar,0,33,16,0,49,0,0,14,1,15,0,33,30,1,64,24,0,24,88
06/13/2012,AZO,MI,AGL,CE,Combined TRACON& Tower with Radar,0,33,24,0,57,0,0,51,0,51,0,33,75,0,108,144,0,144,252
06/14/2012,AZO,MI,AGL,CE,Combined TRACON& Tower with Radar,0,29,21,0,50,0,0,56,0,56,0,29,77,0,106,60,0,60,166
06/15/2012,AZO,MI,AGL,CE,Combined TRACON& Tower with Radar,0,29,21,0,50,0,1,45,0,46,0,30,66,0,96,62,0,62,158
06/16/2012,AZO,MI,AGL,CE,Combined TRACON& Tower with Radar,0,22,9,0,31,0,0,37,0,37,0,22,46,0,68,44,0,44,112
06/17/2012,AZO,MI,AGL,CE,Combined TRACON& Tower with Radar,0,25,8,1,34,0,0,11,0,11,0,25,19,1,45,2,0,2,47
06/18/2012,AZO,MI,AGL,CE,Combined TRACON& Tower with Radar,0,31,18,1,50,0,0,15,0,15,0,31,33,1,65,20,0,20,85
06/19/2012,AZO,MI,AGL,CE,Combined TRACON& Tower with Radar,0,33,19,0,52,0,2,31,0,33,0,35,50,0,85,68,0,68,153
06/20/2012,AZO,MI,AGL,CE,Combined TRACON& Tower with Radar,0,28,15,4,47,0,0,22,0,22,0,28,37,4,69,16,0,16,85
06/21/2012,AZO,MI,AGL,CE,Combined TRACON& Tower with Radar,0,34,16,1,51,0,0,16,0,16,0,34,32,1,67,28,0,28,95
06/22/2012,AZO,MI,AGL,CE,Combined TRACON& Tower with Radar,0,30,45,1,76,0,1,55,0,56,0,31,100,1,132,50,0,50,182
06/23/2012,AZO,MI,AGL,CE,Combined TRACON& Tower with Radar,0,25,22,1,48,0,0,76,0,76,0,25,98,1,124,112,0,112,236
06/24/2012,AZO,MI,AGL,CE,Combined TRACON& Tower with Radar,0,25,14,2,41,0,0,16,0,16,0,25,30,2,57,5,0,5,62
06/25/2012,AZO,MI,AGL,CE,Combined TRACON& Tower with Radar,0,30,28,0,58,0,0,42,0,42,0,30,70,0,100,96,0,96,196
06/26/2012,AZO,MI,AGL,CE,Combined TRACON& Tower with Radar,0,29,22,2,53,0,3,57,0,60,0,32,79,2,113,104,0,104,217
06/27/2012,AZO,MI,AGL,CE,Combined TRACON& Tower with Radar,0,32,24,0,56,0,0,43,0,43,0,32,67,0,99,80,0,80,179
06/28/2012,AZO,MI,AGL,CE,Combined TRACON& Tower with Radar,0,31,42,0,73,0,1,51,0,52,0,32,93,0,125,52,0,52,177
06/29/2012,AZO,MI,AGL,CE,Combined TRACON& Tower with Radar,0,35,16,3,54,0,0,34,0,34,0,35,50,3,88,16,0,16,104
06/30/2012,AZO,MI,AGL,CE,Combined TRACON& Tower with Radar,0,21,10,2,33,0,2,32,0,34,0,23,42,2,67,24,0,24,91
07/01/2012,AZO,MI,AGL,CE,Combined TRACON& Tower with Radar,0,20,14,0,34,0,0,31,0,31,0,20,45,0,65,48,0,48,113
07/02/2012,AZO,MI,AGL,CE,Combined TRACON& Tower with Radar,0,24,22,1,47,0,0,32,1,33,0,24,54,2,80,74,0,74,154
07/03/2012,AZO,MI,AGL,CE,Combined TRACON& Tower with Radar,0,24,13,0,37,0,0,27,0,27,0,24,40,0,64,52,0,52,116
07/04/2012,AZO,MI,AGL,CE,Combined TRACON& Tower with Radar,0,16,9,0,25,0,0,14,0,14,0,16,23,0,39,24,0,24,63
07/05/2012,AZO,MI,AGL,CE,Combined TRACON& Tower with Radar,2,24,11,0,37,0,0,34,0,34,2,24,45,0,71,60,0,60,131
07/06/2012,AZO,MI,AGL,CE,Combined TRACON& Tower with Radar,0,23,13,0,36,0,5,10,1,16,0,28,23,1,52,22,0,22,74
07/07/2012,AZO,MI,AGL,CE,Combined TRACON& Tower with Radar,0,18,12,0,30,0,1,27,0,28,0,19,39,0,58,4,0,4,62
07/08/2012,AZO,MI,AGL,CE,Combined TRACON& Tower with Radar,0,26,12,4,42,0,0,41,0,41,0,26,53,4,83,24,0,24,107
07/09/2012,AZO,MI,AGL,CE,Combined TRACON& Tower with Radar,0,28,18,2,48,0,1,34,0,35,0,29,52,2,83,28,0,28,111
07/10/2012,AZO,MI,AGL,CE,Combined TRACON& Tower with Radar,1,33,30,0,64,0,2,57,0,59,1,35,87,0,123,74,0,74,197
07/11/2012,AZO,MI,AGL,CE,Combined TRACON& Tower with Radar,0,27,14,0,41,0,0,44,0,44,0,27,58,0,85,22,0,22,107
07/12/2012,AZO,MI,AGL,CE,Combined TRACON& Tower with Radar,0,29,20,0,49,0,0,74,3,77,0,29,94,3,126,98,0,98,224
07/13/2012,AZO,MI,AGL,CE,Combined TRACON& Tower with Radar,0,24,20,0,44,0,1,41,0,42,0,25,61,0,86,66,0,66,152
07/14/2012,AZO,MI,AGL,CE,Combined TRACON& Tower with Radar,0,24,11,1,36,10,1,58,1,70,10,25,69,2,106,38,0,38,144
07/15/2012,AZO,MI,AGL,CE,Combined TRACON& Tower with Radar,0,27,10,0,37,0,2,39,0,41,0,29,49,0,78,22,0,22,100
07/16/2012,AZO,MI,AGL,CE,Combined TRACON& Tower with Radar,0,29,26,0,55,0,0,28,0,28,0,29,54,0,83,54,0,54,137
07/17/2012,AZO,MI,AGL,CE,Combined TRACON& Tower with Radar,0,27,23,0,50,0,1,40,0,41,0,28,63,0,91,30,0,30,121
07/18/2012,AZO,MI,AGL,CE,Combined TRACON& Tower with Radar,1,29,30,0,60,0,0,21,0,21,1,29,51,0,81,67,0,67,148
07/19/2012,AZO,MI,AGL,CE,Combined TRACON& Tower with Radar,0,30,14,0,44,0,0,6,0,6,0,30,20,0,50,0,0,0,50
07/20/2012,AZO,MI,AGL,CE,Combined TRACON& Tower with Radar,0,25,25,0,50,0,0,49,2,51,0,25,74,2,101,41,0,41,142
07/21/2012,AZO,MI,AGL,CE,Combined TRACON& Tower with Radar,0,20,33,1,54,0,1,46,0,47,0,21,79,1,101,76,0,76,177
07/22/2012,AZO,MI,AGL,CE,Combined TRACON& Tower with Radar,0,23,29,2,54,0,0,35,2,37,0,23,64,4,91,18,0,18,109
07/23/2012,AZO,MI,AGL,CE,Combined TRACON& Tower with Radar,0,29,21,0,50,0,1,25,0,26,0,30,46,0,76,14,0,14,90
07/24/2012,AZO,MI,AGL,CE,Combined TRACON& Tower with Radar,0,27,27,2,56,0,0,37,0,37,0,27,64,2,93,76,2,78,171
07/25/2012,AZO,MI,AGL,CE,Combined TRACON& Tower with Radar,0,27,17,1,45,0,0,20,11,31,0,27,37,12,76,84,0,84,160
07/26/2012,AZO,MI,AGL,CE,Combined TRACON& Tower with Radar,0,29,8,0,37,1,1,10,9,21,1,30,18,9,58,0,0,0,58
07/27/2012,AZO,MI,AGL,CE,Combined TRACON& Tower with Radar,0,27,17,1,45,0,0,9,1,10,0,27,26,2,55,62,0,62,117
07/28/2012,AZO,MI,AGL,CE,Combined TRACON& Tower with Radar,0,21,21,0,42,0,1,75,0,76,0,22,96,0,118,54,0,54,172
07/29/2012,AZO,MI,AGL,CE,Combined TRACON& Tower with Radar,0,26,20,1,47,0,0,47,1,48,0,26,67,2,95,64,0,64,159
07/30/2012,AZO,MI,AGL,CE,Combined TRACON& Tower with Radar,0,29,13,1,43,0,0,41,0,41,0,29,54,1,84,40,0,40,124
07/31/2012,AZO,MI,AGL,CE,Combined TRACON& Tower with Radar,0,30,25,0,55,0,0,40,0,40,0,30,65,0,95,68,0,68,163
08/01/2012,AZO,MI,AGL,CE,Combined TRACON& Tower with Radar,0,29,37,0,66,0,0,45,0,45,0,29,82,0,111,92,0,92,203
08/02/2012,AZO,MI,AGL,CE,Combined TRACON& Tower with Radar,0,30,23,0,53,0,0,29,0,29,0,30,52,0,82,36,0,36,118
08/03/2012,AZO,MI,AGL,CE,Combined TRACON& Tower with Radar,0,26,22,0,48,0,1,36,0,37,0,27,58,0,85,56,0,56,141
08/04/2012,AZO,MI,AGL,CE,Combined TRACON& Tower with Radar,0,19,10,0,29,0,1,31,0,32,0,20,41,0,61,22,0,22,83
08/05/2012,AZO,MI,AGL,CE,Combined TRACON& Tower with Radar,0,24,15,0,39,0,0,9,0,9,0,24,24,0,48,20,0,20,68
08/06/2012,AZO,MI,AGL,CE,Combined TRACON& Tower with Radar,0,30,13,0,43,2,0,40,0,42,2,30,53,0,85,81,0,81,166
08/07/2012,AZO,MI,AGL,CE,Combined TRACON& Tower with Radar,0,29,29,0,58,0,0,62,0,62,0,29,91,0,120,54,0,54,174
08/08/2012,AZO,MI,AGL,CE,Combined TRACON& Tower with Radar,0,32,34,1,67,0,0,50,1,51,0,32,84,2,118,86,0,86,204
08/09/2012,AZO,MI,AGL,CE,Combined TRACON& Tower with Radar,0,30,13,0,43,0,0,5,0,5,0,30,18,0,48,40,0,40,88
08/10/2012,AZO,MI,AGL,CE,Combined TRACON& Tower with Radar,0,27,36,2,65,0,0,1,0,1,0,27,37,2,66,0,0,0,66
08/11/2012,AZO,MI,AGL,CE,Combined TRACON& Tower with Radar,0,21,20,0,41,0,1,25,5,31,0,22,45,5,72,12,0,12,84
08/12/2012,AZO,MI,AGL,CE,Combined TRACON& Tower with Radar,0,23,23,2,48,0,0,70,0,70,0,23,93,2,118,84,0,84,202
08/13/2012,AZO,MI,AGL,CE,Combined TRACON& Tower with Radar,0,29,11,1,41,0,0,10,0,10,0,29,21,1,51,30,0,30,81
08/14/2012,AZO,MI,AGL,CE,Combined TRACON& Tower with Radar,0,30,28,0,58,0,1,20,0,21,0,31,48,0,79,100,0,100,179
08/15/2012,AZO,MI,AGL,CE,Combined TRACON& Tower with Radar,0,28,22,0,50,0,0,66,0,66,0,28,88,0,116,82,0,82,198
08/16/2012,AZO,MI,AGL,CE,Combined TRACON& Tower with Radar,0,28,22,0,50,0,0,10,0,10,0,28,32,0,60,25,0,25,85
08/17/2012,AZO,MI,AGL,CE,Combined TRACON& Tower with Radar,0,23,21,1,45,0,0,39,0,39,0,23,60,1,84,120,0,120,204
08/18/2012,AZO,MI,AGL,CE,Combined TRACON& Tower with Radar,0,23,15,1,39,2,0,79,2,83,2,23,94,3,122,50,0,50,172
08/19/2012,AZO,MI,AGL,CE,Combined TRACON& Tower with Radar,0,22,25,0,47,1,0,33,0,34,1,22,58,0,81,26,0,26,107
08/20/2012,AZO,MI,AGL,CE,Combined TRACON& Tower with Radar,0,27,14,1,42,0,1,30,0,31,0,28,44,1,73,112,0,112,185
08/21/2012,AZO,MI,AGL,CE,Combined TRACON& Tower with Radar,0,29,20,0,49,0,0,53,0,53,0,29,73,0,102,106,0,106,208
08/22/2012,AZO,MI,AGL,CE,Combined TRACON& Tower with Radar,0,26,24,0,50,0,0,48,0,48,0,26,72,0,98,92,0,92,190
08/23/2012,AZO,MI,AGL,CE,Combined TRACON& Tower with Radar,0,27,30,0,57,0,0,59,0,59,0,27,89,0,116,122,0,122,238
08/24/2012,AZO,MI,AGL,CE,Combined TRACON& Tower with Radar,0,32,16,0,48,0,0,67,0,67,0,32,83,0,115,42,0,42,157
08/25/2012,AZO,MI,AGL,CE,Combined TRACON& Tower with Radar,0,20,18,0,38,0,2,48,1,51,0,22,66,1,89,36,0,36,125
08/26/2012,AZO,MI,AGL,CE,Combined TRACON& Tower with Radar,0,23,11,0,34,0,0,26,0,26,0,23,37,0,60,30,0,30,90
08/27/2012,AZO,MI,AGL,CE,Combined TRACON& Tower with Radar,0,27,12,0,39,0,1,14,0,15,0,28,26,0,54,36,0,36,90
08/28/2012,AZO,MI,AGL,CE,Combined TRACON& Tower with Radar,0,27,37,0,64,0,0,61,0,61,0,27,98,0,125,58,0,58,183
08/29/2012,AZO,MI,AGL,CE,Combined TRACON& Tower with Radar,0,28,28,0,56,0,0,66,0,66,0,28,94,0,122,142,0,142,264
08/30/2012,AZO,MI,AGL,CE,Combined TRACON& Tower with Radar,0,26,25,1,52,1,2,62,0,65,1,28,87,1,117,114,0,114,231
08/31/2012,AZO,MI,AGL,CE,Combined TRACON& Tower with Radar,2,31,15,1,49,0,4,48,0,52,2,35,63,1,101,42,0,42,143
09/01/2012,AZO,MI,AGL,CE,Combined TRACON& Tower with Radar,0,18,28,0,46,6,0,22,0,28,6,18,50,0,74,24,0,24,98
09/02/2012,AZO,MI,AGL,CE,Combined TRACON& Tower with Radar,0,13,16,1,30,0,0,11,0,11,0,13,27,1,41,16,0,16,57
09/03/2012,AZO,MI,AGL,CE,Combined TRACON& Tower with Radar,2,22,10,2,36,0,0,29,0,29,2,22,39,2,65,16,0,16,81
09/04/2012,AZO,MI,AGL,CE,Combined TRACON& Tower with Radar,0,25,11,1,37,0,0,11,0,11,0,25,22,1,48,48,0,48,96
09/05/2012,AZO,MI,AGL,CE,Combined TRACON& Tower with Radar,0,24,16,0,40,1,0,6,0,7,1,24,22,0,47,82,0,82,129
09/06/2012,AZO,MI,AGL,CE,Combined TRACON& Tower with Radar,0,31,29,2,62,0,0,22,0,22,0,31,51,2,84,28,0,28,112
09/07/2012,AZO,MI,AGL,CE,Combined TRACON& Tower with Radar,0,34,26,0,60,0,0,21,0,21,0,34,47,0,81,36,0,36,117
09/08/2012,AZO,MI,AGL,CE,Combined TRACON& Tower with Radar,0,17,12,1,30,0,0,25,0,25,0,17,37,1,55,34,0,34,89
09/09/2012,AZO,MI,AGL,CE,Combined TRACON& Tower with Radar,0,23,19,0,42,0,1,27,0,28,0,24,46,0,70,18,0,18,88
09/10/2012,AZO,MI,AGL,CE,Combined TRACON& Tower with Radar,0,27,18,0,45,0,2,57,0,59,0,29,75,0,104,90,0,90,194
09/11/2012,AZO,MI,AGL,CE,Combined TRACON& Tower with Radar,0,29,25,0,54,0,6,39,0,45,0,35,64,0,99,100,0,100,199
09/12/2012,AZO,MI,AGL,CE,Combined TRACON& Tower with Radar,0,27,23,1,51,0,11,54,0,65,0,38,77,1,116,100,0,100,216
09/13/2012,AZO,MI,AGL,CE,Combined TRACON& Tower with Radar,0,27,26,0,53,0,0,43,0,43,0,27,69,0,96,78,0,78,174
09/14/2012,AZO,MI,AGL,CE,Combined TRACON& Tower with Radar,2,27,21,1,51,0,0,58,0,58,2,27,79,1,109,90,0,90,199
09/15/2012,AZO,MI,AGL,CE,Combined TRACON& Tower with Radar,4,20,10,0,34,0,0,68,0,68,4,20,78,0,102,90,0,90,192
09/16/2012,AZO,MI,AGL,CE,Combined TRACON& Tower with Radar,0,22,17,1,40,0,0,43,0,43,0,22,60,1,83,54,0,54,137
09/17/2012,AZO,MI,AGL,CE,Combined TRACON& Tower with Radar,0,28,11,3,42,0,0,45,0,45,0,28,56,3,87,76,0,76,163
09/18/2012,AZO,MI,AGL,CE,Combined TRACON& Tower with Radar,2,26,16,1,45,0,0,4,0,4,2,26,20,1,49,10,0,10,59
09/19/2012,AZO,MI,AGL,CE,Combined TRACON& Tower with Radar,0,26,21,0,47,0,0,37,0,37,0,26,58,0,84,46,0,46,130
09/20/2012,AZO,MI,AGL,CE,Combined TRACON& Tower with Radar,0,27,21,1,49,0,0,37,0,37,0,27,58,1,86,78,0,78,164
09/21/2012,AZO,MI,AGL,CE,Combined TRACON& Tower with Radar,1,27,22,1,51,0,0,22,0,22,1,27,44,1,73,56,0,56,129
09/22/2012,AZO,MI,AGL,CE,Combined TRACON& Tower with Radar,1,20,5,0,26,0,0,8,0,8,1,20,13,0,34,6,0,6,40
09/23/2012,AZO,MI,AGL,CE,Combined TRACON& Tower with Radar,0,23,7,1,31,0,0,26,2,28,0,23,33,3,59,16,0,16,75
09/24/2012,AZO,MI,AGL,CE,Combined TRACON& Tower with Radar,0,27,13,0,40,0,0,33,1,34,0,27,46,1,74,58,0,58,132
09/25/2012,AZO,MI,AGL,CE,Combined TRACON& Tower with Radar,0,24,18,0,42,0,0,36,0,36,0,24,54,0,78,126,0,126,204
09/26/2012,AZO,MI,AGL,CE,Combined TRACON& Tower with Radar,0,29,27,0,56,0,0,30,2,32,0,29,57,2,88,38,0,38,126
09/27/2012,AZO,MI,AGL,CE,Combined TRACON& Tower with Radar,0,33,36,1,70,0,0,37,1,38,0,33,73,2,108,88,0,88,196
09/28/2012,AZO,MI,AGL,CE,Combined TRACON& Tower with Radar,0,27,22,0,49,0,0,57,0,57,0,27,79,0,106,70,0,70,176
09/29/2012,AZO,MI,AGL,CE,Combined TRACON& Tower with Radar,0,22,24,0,46,0,0,68,0,68,0,22,92,0,114,60,0,60,174
09/30/2012,AZO,MI,AGL,CE,Combined TRACON& Tower with Radar,0,19,11,0,30,0,0,50,0,50,0,19,61,0,80,80,0,80,160
10/01/2012,AZO,MI,AGL,CE,Combined TRACON& Tower with Radar,0,29,24,0,53,0,0,38,0,38,0,29,62,0,91,36,0,36,127
10/02/2012,AZO,MI,AGL,CE,Combined TRACON& Tower with Radar,0,26,26,0,52,0,0,31,0,31,0,26,57,0,83,52,0,52,135
10/03/2012,AZO,MI,AGL,CE,Combined TRACON& Tower with Radar,0,28,29,0,57,0,0,0,0,0,0,28,29,0,57,4,0,4,61
10/04/2012,AZO,MI,AGL,CE,Combined TRACON& Tower with Radar,0,29,36,0,65,0,0,27,0,27,0,29,63,0,92,42,0,42,134
10/05/2012,AZO,MI,AGL,CE,Combined TRACON& Tower with Radar,2,27,36,0,65,0,0,43,0,43,2,27,79,0,108,84,0,84,192
10/06/2012,AZO,MI,AGL,CE,Combined TRACON& Tower with Radar,2,22,8,2,34,0,0,30,0,30,2,22,38,2,64,54,0,54,118
10/07/2012,AZO,MI,AGL,CE,Combined TRACON& Tower with Radar,0,20,25,1,46,0,0,12,0,12,0,20,37,1,58,11,0,11,69
10/08/2012,AZO,MI,AGL,CE,Combined TRACON& Tower with Radar,0,24,18,2,44,0,0,36,0,36,0,24,54,2,80,54,0,54,134
10/09/2012,AZO,MI,AGL,CE,Combined TRACON& Tower with Radar,0,27,17,1,45,0,0,17,0,17,0,27,34,1,62,6,0,6,68
10/10/2012,AZO,MI,AGL,CE,Combined TRACON& Tower with Radar,0,30,31,0,61,0,0,15,0,15,0,30,46,0,76,22,0,22,98
10/11/2012,AZO,MI,AGL,CE,Combined TRACON& Tower with Radar,0,29,9,0,38,0,0,15,0,15,0,29,24,0,53,42,0,42,95
10/12/2012,AZO,MI,AGL,CE,Combined TRACON& Tower with Radar,0,27,31,0,58,1,1,81,0,83,1,28,112,0,141,90,0,90,231
10/13/2012,AZO,MI,AGL,CE,Combined TRACON& Tower with Radar,0,20,7,0,27,0,1,4,0,5,0,21,11,0,32,0,0,0,32
10/14/2012,AZO,MI,AGL,CE,Combined TRACON& Tower with Radar,2,25,11,0,38,0,0,1,0,1,2,25,12,0,39,0,0,0,39
10/15/2012,AZO,MI,AGL,CE,Combined TRACON& Tower with Radar,0,29,32,2,63,0,0,7,0,7,0,29,39,2,70,30,0,30,100
10/16/2012,AZO,MI,AGL,CE,Combined TRACON& Tower with Radar,0,28,22,0,50,0,0,58,0,58,0,28,80,0,108,110,0,110,218
10/17/2012,AZO,MI,AGL,CE,Combined TRACON& Tower with Radar,0,28,15,0,43,0,0,20,0,20,0,28,35,0,63,78,0,78,141
10/18/2012,AZO,MI,AGL,CE,Combined TRACON& Tower with Radar,0,27,9,0,36,0,0,7,0,7,0,27,16,0,43,20,0,20,63
10/19/2012,AZO,MI,AGL,CE,Combined TRACON& Tower with Radar,0,27,41,0,68,0,0,2,0,2,0,27,43,0,70,28,0,28,98
10/20/2012,AZO,MI,AGL,CE,Combined TRACON& Tower with Radar,0,21,30,1,52,0,1,20,0,21,0,22,50,1,73,40,0,40,113
10/21/2012,AZO,MI,AGL,CE,Combined TRACON& Tower with Radar,0,22,25,0,47,0,0,81,0,81,0,22,106,0,128,120,0,120,248
10/22/2012,AZO,MI,AGL,CE,Combined TRACON& Tower with Radar,0,23,26,1,50,0,0,17,0,17,0,23,43,1,67,70,0,70,137
10/23/2012,AZO,MI,AGL,CE,Combined TRACON& Tower with Radar,0,26,19,0,45,0,0,2,0,2,0,26,21,0,47,38,0,38,85
10/24/2012,AZO,MI,AGL,CE,Combined TRACON& Tower with Radar,0,29,26,0,55,0,0,71,0,71,0,29,97,0,126,144,0,144,270
10/25/2012,AZO,MI,AGL,CE,Combined TRACON& Tower with Radar,0,30,24,0,54,0,0,28,0,28,0,30,52,0,82,66,0,66,148
10/26/2012,AZO,MI,AGL,CE,Combined TRACON& Tower with Radar,0,31,24,0,55,0,0,37,0,37,0,31,61,0,92,142,0,142,234
10/27/2012,AZO,MI,AGL,CE,Combined TRACON& Tower with Radar,0,20,21,0,41,0,1,56,0,57,0,21,77,0,98,64,0,64,162
10/28/2012,AZO,MI,AGL,CE,Combined TRACON& Tower with Radar,1,21,16,0,38,0,0,24,0,24,1,21,40,0,62,54,0,54,116
10/29/2012,AZO,MI,AGL,CE,Combined TRACON& Tower with Radar,0,28,7,0,35,0,0,6,0,6,0,28,13,0,41,28,0,28,69
10/30/2012,AZO,MI,AGL,CE,Combined TRACON& Tower with Radar,0,25,12,0,37,0,0,0,0,0,0,25,12,0,37,0,0,0,37
10/31/2012,AZO,MI,AGL,CE,Combined TRACON& Tower with Radar,0,25,9,1,35,0,0,2,0,2,0,25,11,1,37,0,0,0,37
11/01/2012,AZO,MI,AGL,CE,Combined TRACON& Tower with Radar,0,25,29,1,55,0,0,19,1,20,0,25,48,2,75,56,0,56,131
11/02/2012,AZO,MI,AGL,CE,Combined TRACON& Tower with Radar,0,30,32,2,64,0,0,67,0,67,0,30,99,2,131,182,0,182,313
11/03/2012,AZO,MI,AGL,CE,Combined TRACON& Tower with Radar,0,22,8,0,30,0,0,33,2,35,0,22,41,2,65,92,0,92,157
11/04/2012,AZO,MI,AGL,CE,Combined TRACON& Tower with Radar,0,22,11,2,35,0,0,33,0,33,0,22,44,2,68,38,0,38,106
11/05/2012,AZO,MI,AGL,CE,Combined TRACON& Tower with Radar,0,29,24,2,55,0,0,37,0,37,0,29,61,2,92,62,0,62,154
11/06/2012,AZO,MI,AGL,CE,Combined TRACON& Tower with Radar,0,25,26,1,52,0,1,31,0,32,0,26,57,1,84,78,0,78,162
11/07/2012,AZO,MI,AGL,CE,Combined TRACON& Tower with Radar,0,26,35,0,61,1,0,59,0,60,1,26,94,0,121,146,0,146,267
11/08/2012,AZO,MI,AGL,CE,Combined TRACON& Tower with Radar,0,27,31,2,60,0,2,19,0,21,0,29,50,2,81,54,0,54,135
11/09/2012,AZO,MI,AGL,CE,Combined TRACON& Tower with Radar,2,26,24,0,52,0,1,29,0,30,2,27,53,0,82,64,0,64,146
11/10/2012,AZO,MI,AGL,CE,Combined TRACON& Tower with Radar,2,20,11,3,36,0,0,39,0,39,2,20,50,3,75,30,0,30,105
11/11/2012,AZO,MI,AGL,CE,Combined TRACON& Tower with Radar,0,22,5,0,27,0,0,10,0,10,0,22,15,0,37,14,0,14,51
11/12/2012,AZO,MI,AGL,CE,Combined TRACON& Tower with Radar,0,22,15,2,39,0,0,4,0,4,0,22,19,2,43,2,0,2,45
11/13/2012,AZO,MI,AGL,CE,Combined TRACON& Tower with Radar,0,25,35,1,61,1,3,27,0,31,1,28,62,1,92,100,0,100,192
11/14/2012,AZO,MI,AGL,CE,Combined TRACON& Tower with Radar,0,29,27,2,58,0,0,55,0,55,0,29,82,2,113,146,0,146,259
11/15/2012,AZO,MI,AGL,CE,Combined TRACON& Tower with Radar,0,28,22,0,50,1,1,31,0,33,1,29,53,0,83,94,0,94,177
11/16/2012,AZO,MI,AGL,CE,Combined TRACON& Tower with Radar,0,29,25,2,56,0,0,45,0,45,0,29,70,2,101,48,0,48,149
11/17/2012,AZO,MI,AGL,CE,Combined TRACON& Tower with Radar,0,21,30,0,51,0,0,63,1,64,0,21,93,1,115,112,0,112,227
11/18/2012,AZO,MI,AGL,CE,Combined TRACON& Tower with Radar,0,24,12,0,36,0,0,34,0,34,0,24,46,0,70,84,0,84,154
11/19/2012,AZO,MI,AGL,CE,Combined TRACON& Tower with Radar,0,24,25,0,49,0,0,43,0,43,0,24,68,0,92,68,0,68,160
11/20/2012,AZO,MI,AGL,CE,Combined TRACON& Tower with Radar,0,26,25,2,53,0,0,23,0,23,0,26,48,2,76,46,0,46,122
11/21/2012,AZO,MI,AGL,CE,Combined TRACON& Tower with Radar,0,29,18,0,47,0,0,11,0,11,0,29,29,0,58,12,0,12,70
11/22/2012,AZO,MI,AGL,CE,Combined TRACON& Tower with Radar,0,11,3,0,14,0,0,4,0,4,0,11,7,0,18,4,0,4,22
11/23/2012,AZO,MI,AGL,CE,Combined TRACON& Tower with Radar,0,19,3,0,22,0,0,0,0,0,0,19,3,0,22,0,0,0,22
11/24/2012,AZO,MI,AGL,CE,Combined TRACON& Tower with Radar,0,23,16,0,39,0,0,18,0,18,0,23,34,0,57,20,0,20,77
11/25/2012,AZO,MI,AGL,CE,Combined TRACON& Tower with Radar,0,24,26,0,50,0,0,17,0,17,0,24,43,0,67,26,0,26,93
11/26/2012,AZO,MI,AGL,CE,Combined TRACON& Tower with Radar,0,28,25,0,53,2,0,37,0,39,2,28,62,0,92,102,0,102,194
11/27/2012,AZO,MI,AGL,CE,Combined TRACON& Tower with Radar,0,28,19,0,47,0,0,27,0,27,0,28,46,0,74,34,0,34,108
11/28/2012,AZO,MI,AGL,CE,Combined TRACON& Tower with Radar,0,29,33,0,62,0,1,30,0,31,0,30,63,0,93,24,0,24,117
11/29/2012,AZO,MI,AGL,CE,Combined TRACON& Tower with Radar,0,27,25,1,53,0,0,54,1,55,0,27,79,2,108,50,0,50,158
11/30/2012,AZO,MI,AGL,CE,Combined TRACON& Tower with Radar,0,29,35,0,64,0,2,35,0,37,0,31,70,0,101,126,0,126,227
12/01/2012,AZO,MI,AGL,CE,Combined TRACON& Tower with Radar,0,28,15,0,43,0,0,3,0,3,0,28,18,0,46,0,0,0,46
12/02/2012,AZO,MI,AGL,CE,Combined TRACON& Tower with Radar,0,21,13,0,34,0,0,0,0,0,0,21,13,0,34,10,0,10,44
12/03/2012,AZO,MI,AGL,CE,Combined TRACON& Tower with Radar,0,29,16,1,46,0,0,0,0,0,0,29,16,1,46,0,0,0,46
12/04/2012,AZO,MI,AGL,CE,Combined TRACON& Tower with Radar,0,28,34,1,63,0,0,31,0,31,0,28,65,1,94,42,0,42,136
12/05/2012,AZO,MI,AGL,CE,Combined TRACON& Tower with Radar,0,30,47,0,77,0,1,64,0,65,0,31,111,0,142,88,0,88,230
12/06/2012,AZO,MI,AGL,CE,Combined TRACON& Tower with Radar,0,30,26,0,56,0,0,28,0,28,0,30,54,0,84,50,0,50,134
12/07/2012,AZO,MI,AGL,CE,Combined TRACON& Tower with Radar,0,28,20,0,48,0,0,0,0,0,0,28,20,0,48,2,0,2,50
12/08/2012,AZO,MI,AGL,CE,Combined TRACON& Tower with Radar,0,21,6,0,27,0,0,5,0,5,0,21,11,0,32,4,0,4,36
12/09/2012,AZO,MI,AGL,CE,Combined TRACON& Tower with Radar,0,22,5,2,29,0,0,3,0,3,0,22,8,2,32,14,0,14,46
12/10/2012,AZO,MI,AGL,CE,Combined TRACON& Tower with Radar,0,31,12,1,44,0,0,4,0,4,0,31,16,1,48,2,0,2,50
12/11/2012,AZO,MI,AGL,CE,Combined TRACON& Tower with Radar,0,31,32,1,64,0,1,24,0,25,0,32,56,1,89,88,0,88,177
12/12/2012,AZO,MI,AGL,CE,Combined TRACON& Tower with Radar,0,31,25,0,56,0,0,35,0,35,0,31,60,0,91,68,0,68,159
12/13/2012,AZO,MI,AGL,CE,Combined TRACON& Tower with Radar,0,27,20,0,47,0,1,29,1,31,0,28,49,1,78,38,0,38,116
12/14/2012,AZO,MI,AGL,CE,Combined TRACON& Tower with Radar,0,28,21,1,50,0,0,60,0,60,0,28,81,1,110,126,0,126,236
12/15/2012,AZO,MI,AGL,CE,Combined TRACON& Tower with Radar,0,16,9,0,25,0,0,7,0,7,0,16,16,0,32,10,0,10,42
12/16/2012,AZO,MI,AGL,CE,Combined TRACON& Tower with Radar,0,22,18,0,40,0,0,2,0,2,0,22,20,0,42,0,0,0,42
12/17/2012,AZO,MI,AGL,CE,Combined TRACON& Tower with Radar,0,25,12,1,38,0,0,5,0,5,0,25,17,1,43,74,0,74,117
12/18/2012,AZO,MI,AGL,CE,Combined TRACON& Tower with Radar,0,29,16,0,45,0,2,13,0,15,0,31,29,0,60,44,0,44,104
12/19/2012,AZO,MI,AGL,CE,Combined TRACON& Tower with Radar,0,25,26,0,51,0,0,11,0,11,0,25,37,0,62,42,0,42,104
12/20/2012,AZO,MI,AGL,CE,Combined TRACON& Tower with Radar,0,21,9,0,30,0,0,0,0,0,0,21,9,0,30,0,0,0,30
12/21/2012,AZO,MI,AGL,CE,Combined TRACON& Tower with Radar,0,23,5,0,28,0,0,0,0,0,0,23,5,0,28,0,0,0,28
12/22/2012,AZO,MI,AGL,CE,Combined TRACON& Tower with Radar,0,14,13,0,27,0,0,25,0,25,0,14,38,0,52,48,0,48,100
12/23/2012,AZO,MI,AGL,CE,Combined TRACON& Tower with Radar,0,18,9,0,27,0,0,32,0,32,0,18,41,0,59,62,0,62,121
12/24/2012,AZO,MI,AGL,CE,Combined TRACON& Tower with Radar,1,14,3,0,18,0,0,3,0,3,1,14,6,0,21,49,0,49,70
12/25/2012,AZO,MI,AGL,CE,Combined TRACON& Tower with Radar,0,15,2,0,17,0,1,14,0,15,0,16,16,0,32,4,0,4,36
12/26/2012,AZO,MI,AGL,CE,Combined TRACON& Tower with Radar,0,23,9,0,32,0,0,4,0,4,0,23,13,0,36,2,0,2,38
12/27/2012,AZO,MI,AGL,CE,Combined TRACON& Tower with Radar,0,23,19,0,42,0,0,19,0,19,0,23,38,0,61,56,0,56,117
12/28/2012,AZO,MI,AGL,CE,Combined TRACON& Tower with Radar,0,24,2,0,26,0,1,4,0,5,0,25,6,0,31,0,0,0,31
12/29/2012,AZO,MI,AGL,CE,Combined TRACON& Tower with Radar,0,18,5,0,23,0,0,1,0,1,0,18,6,0,24,0,0,0,24
12/30/2012,AZO,MI,AGL,CE,Combined TRACON& Tower with Radar,0,19,5,0,24,1,0,6,0,7,1,19,11,0,31,2,0,2,33
12/31/2012,AZO,MI,AGL,CE,Combined TRACON& Tower with Radar,0,19,0,0,19,0,0,13,0,13,0,19,13,0,32,44,0,44,76
01/01/2013,AZO,MI,AGL,CE,Combined TRACON& Tower with Radar,0,17,7,0,24,0,1,6,0,7,0,18,13,0,31,50,0,50,81
01/02/2013,AZO,MI,AGL,CE,Combined TRACON& Tower with Radar,0,24,11,0,35,0,0,8,0,8,0,24,19,0,43,18,0,18,61
01/03/2013,AZO,MI,AGL,CE,Combined TRACON& Tower with Radar,0,27,3,0,30,0,0,1,0,1,0,27,4,0,31,0,0,0,31
01/04/2013,AZO,MI,AGL,CE,Combined TRACON& Tower with Radar,0,24,9,2,35,0,0,6,0,6,0,24,15,2,41,6,0,6,47
01/05/2013,AZO,MI,AGL,CE,Combined TRACON& Tower with Radar,0,18,13,0,31,0,0,47,2,49,0,18,60,2,80,0,0,0,80
01/06/2013,AZO,MI,AGL,CE,Combined TRACON& Tower with Radar,0,19,7,0,26,0,0,0,0,0,0,19,7,0,26,0,0,0,26
01/07/2013,AZO,MI,AGL,CE,Combined TRACON& Tower with Radar,0,25,15,0,40,0,0,20,0,20,0,25,35,0,60,72,0,72,132
01/08/2013,AZO,MI,AGL,CE,Combined TRACON& Tower with Radar,0,25,12,0,37,0,2,21,0,23,0,27,33,0,60,54,0,54,114
01/09/2013,AZO,MI,AGL,CE,Combined TRACON& Tower with Radar,0,27,22,0,49,0,1,16,0,17,0,28,38,0,66,8,0,8,74
01/10/2013,AZO,MI,AGL,CE,Combined TRACON& Tower with Radar,0,25,17,0,42,0,0,34,0,34,0,25,51,0,76,70,0,70,146
01/11/2013,AZO,MI,AGL,CE,Combined TRACON& Tower with Radar,0,24,43,0,67,0,0,0,0,0,0,24,43,0,67,26,0,26,93
01/12/2013,AZO,MI,AGL,CE,Combined TRACON& Tower with Radar,0,22,21,0,43,1,0,50,0,51,1,22,71,0,94,72,0,72,166
01/13/2013,AZO,MI,AGL,CE,Combined TRACON& Tower with Radar,0,21,3,0,24,0,0,0,0,0,0,21,3,0,24,0,0,0,24
01/14/2013,AZO,MI,AGL,CE,Combined TRACON& Tower with Radar,0,25,25,0,50,0,0,7,0,7,0,25,32,0,57,26,0,26,83
01/15/2013,AZO,MI,AGL,CE,Combined TRACON& Tower with Radar,0,23,26,0,49,0,0,33,0,33,0,23,59,0,82,98,0,98,180
01/16/2013,AZO,MI,AGL,CE,Combined TRACON& Tower with Radar,0,23,18,0,41,0,0,15,2,17,0,23,33,2,58,66,0,66,124
01/17/2013,AZO,MI,AGL,CE,Combined TRACON& Tower with Radar,0,25,22,0,47,0,0,9,0,9,0,25,31,0,56,10,0,10,66
01/18/2013,AZO,MI,AGL,CE,Combined TRACON& Tower with Radar,0,24,30,0,54,0,0,14,1,15,0,24,44,1,69,74,0,74,143
01/19/2013,AZO,MI,AGL,CE,Combined TRACON& Tower with Radar,0,18,17,0,35,0,0,25,0,25,0,18,42,0,60,28,0,28,88
01/20/2013,AZO,MI,AGL,CE,Combined TRACON& Tower with Radar,0,18,7,0,25,0,0,0,0,0,0,18,7,0,25,0,0,0,25
01/21/2013,AZO,MI,AGL,CE,Combined TRACON& Tower with Radar,0,13,10,0,23,0,0,0,0,0,0,13,10,0,23,0,0,0,23
01/22/2013,AZO,MI,AGL,CE,Combined TRACON& Tower with Radar,0,25,17,0,42,0,0,2,0,2,0,25,19,0,44,0,0,0,44
01/23/2013,AZO,MI,AGL,CE,Combined TRACON& Tower with Radar,0,22,16,0,38,0,0,0,0,0,0,22,16,0,38,0,0,0,38
01/24/2013,AZO,MI,AGL,CE,Combined TRACON& Tower with Radar,0,26,28,0,54,4,0,36,0,40,4,26,64,0,94,64,0,64,158
01/25/2013,AZO,MI,AGL,CE,Combined TRACON& Tower with Radar,0,22,14,3,39,0,0,3,0,3,0,22,17,3,42,2,0,2,44
01/26/2013,AZO,MI,AGL,CE,Combined TRACON& Tower with Radar,0,19,22,2,43,0,0,27,0,27,0,19,49,2,70,102,0,102,172
01/27/2013,AZO,MI,AGL,CE,Combined TRACON& Tower with Radar,0,13,4,0,17,0,0,19,0,19,0,13,23,0,36,10,0,10,46
01/28/2013,AZO,MI,AGL,CE,Combined TRACON& Tower with Radar,0,21,12,1,34,0,0,0,0,0,0,21,12,1,34,0,0,0,34
01/29/2013,AZO,MI,AGL,CE,Combined TRACON& Tower with Radar,0,18,14,0,32,0,0,0,0,0,0,18,14,0,32,4,0,4,36
01/30/2013,AZO,MI,AGL,CE,Combined TRACON& Tower with Radar,0,22,15,0,37,0,0,0,0,0,0,22,15,0,37,0,0,0,37
01/31/2013,AZO,MI,AGL,CE,Combined TRACON& Tower with Radar,0,24,2,0,26,0,0,0,0,0,0,24,2,0,26,0,0,0,26
02/01/2013,AZO,MI,AGL,CE,Combined TRACON& Tower with Radar,0,25,9,0,34,0,0,0,0,0,0,25,9,0,34,0,0,0,34
02/02/2013,AZO,MI,AGL,CE,Combined TRACON& Tower with Radar,0,16,7,2,25,0,0,0,0,0,0,16,7,2,25,0,0,0,25
02/03/2013,AZO,MI,AGL,CE,Combined TRACON& Tower with Radar,0,13,4,0,17,0,0,0,0,0,0,13,4,0,17,0,0,0,17
02/04/2013,AZO,MI,AGL,CE,Combined TRACON& Tower with Radar,0,25,19,0,44,0,2,0,0,2,0,27,19,0,46,4,0,4,50
02/05/2013,AZO,MI,AGL,CE,Combined TRACON& Tower with Radar,0,22,21,0,43,0,0,5,0,5,0,22,26,0,48,0,0,0,48
02/06/2013,AZO,MI,AGL,CE,Combined TRACON& Tower with Radar,0,25,29,0,54,0,0,52,0,52,0,25,81,0,106,144,0,144,250
02/07/2013,AZO,MI,AGL,CE,Combined TRACON& Tower with Radar,0,17,22,0,39,0,0,7,0,7,0,17,29,0,46,34,0,34,80
02/08/2013,AZO,MI,AGL,CE,Combined TRACON& Tower with Radar,0,28,36,0,64,0,0,24,0,24,0,28,60,0,88,38,0,38,126
02/09/2013,AZO,MI,AGL,CE,Combined TRACON& Tower with Radar,0,19,31,0,50,0,0,83,0,83,0,19,114,0,133,121,0,121,254
02/10/2013,AZO,MI,AGL,CE,Combined TRACON& Tower with Radar,0,15,6,0,21,0,0,2,1,3,0,15,8,1,24,44,0,44,68
02/11/2013,AZO,MI,AGL,CE,Combined TRACON& Tower with Radar,0,17,16,0,33,0,0,0,0,0,0,17,16,0,33,0,0,0,33
02/12/2013,AZO,MI,AGL,CE,Combined TRACON& Tower with Radar,0,27,24,0,51,0,0,3,0,3,0,27,27,0,54,34,0,34,88
02/13/2013,AZO,MI,AGL,CE,Combined TRACON& Tower with Radar,2,24,29,0,55,0,0,75,0,75,2,24,104,0,130,124,0,124,254
02/14/2013,AZO,MI,AGL,CE,Combined TRACON& Tower with Radar,0,28,18,0,46,0,0,1,0,1,0,28,19,0,47,10,0,10,57
02/15/2013,AZO,MI,AGL,CE,Combined TRACON& Tower with Radar,0,26,25,1,52,0,0,10,0,10,0,26,35,1,62,48,0,48,110
02/16/2013,AZO,MI,AGL,CE,Combined TRACON& Tower with Radar,0,21,7,0,28,0,0,4,0,4,0,21,11,0,32,12,0,12,44
02/17/2013,AZO,MI,AGL,CE,Combined TRACON& Tower with Radar,0,21,10,0,31,0,0,28,0,28,0,21,38,0,59,50,0,50,109
02/18/2013,AZO,MI,AGL,CE,Combined TRACON& Tower with Radar,0,21,25,2,48,0,0,9,0,9,0,21,34,2,57,18,4,22,79
02/19/2013,AZO,MI,AGL,CE,Combined TRACON& Tower with Radar,0,24,9,0,33,0,0,0,0,0,0,24,9,0,33,0,0,0,33
02/20/2013,AZO,MI,AGL,CE,Combined TRACON& Tower with Radar,0,25,13,1,39,0,0,0,0,0,0,25,13,1,39,2,0,2,41
02/21/2013,AZO,MI,AGL,CE,Combined TRACON& Tower with Radar,0,26,17,0,43,0,2,19,0,21,0,28,36,0,64,32,0,32,96
02/22/2013,AZO,MI,AGL,CE,Combined TRACON& Tower with Radar,0,25,7,0,32,0,0,0,0,0,0,25,7,0,32,0,0,0,32
02/23/2013,AZO,MI,AGL,CE,Combined TRACON& Tower with Radar,0,19,9,0,28,0,0,3,0,3,0,19,12,0,31,34,0,34,65
02/24/2013,AZO,MI,AGL,CE,Combined TRACON& Tower with Radar,0,21,9,0,30,0,0,8,0,8,0,21,17,0,38,32,0,32,70
02/25/2013,AZO,MI,AGL,CE,Combined TRACON& Tower with Radar,0,26,34,0,60,0,0,38,0,38,0,26,72,0,98,150,0,150,248
02/26/2013,AZO,MI,AGL,CE,Combined TRACON& Tower with Radar,0,16,7,2,25,0,1,3,0,4,0,17,10,2,29,7,0,7,36
02/27/2013,AZO,MI,AGL,CE,Combined TRACON& Tower with Radar,0,23,8,0,31,0,0,0,0,0,0,23,8,0,31,0,0,0,31
02/28/2013,AZO,MI,AGL,CE,Combined TRACON& Tower with Radar,0,31,20,0,51,0,0,4,0,4,0,31,24,0,55,22,0,22,77
03/01/2013,AZO,MI,AGL,CE,Combined TRACON& Tower with Radar,0,26,12,0,38,0,0,14,0,14,0,26,26,0,52,20,0,20,72
03/02/2013,AZO,MI,AGL,CE,Combined TRACON& Tower with Radar,0,20,23,0,43,0,0,41,0,41,0,20,64,0,84,94,0,94,178
03/03/2013,AZO,MI,AGL,CE,Combined TRACON& Tower with Radar,0,22,19,0,41,0,0,47,0,47,0,22,66,0,88,56,0,56,144
03/04/2013,AZO,MI,AGL,CE,Combined TRACON& Tower with Radar,0,27,38,4,69,0,0,29,1,30,0,27,67,5,99,100,0,100,199
03/05/2013,AZO,MI,AGL,CE,Combined TRACON& Tower with Radar,0,21,18,0,39,0,0,5,0,5,0,21,23,0,44,18,0,18,62
03/06/2013,AZO,MI,AGL,CE,Combined TRACON& Tower with Radar,0,30,5,0,35,0,2,17,0,19,0,32,22,0,54,34,0,34,88
03/07/2013,AZO,MI,AGL,CE,Combined TRACON& Tower with Radar,0,31,22,0,53,0,0,20,3,23,0,31,42,3,76,64,0,64,140
03/08/2013,AZO,MI,AGL,CE,Combined TRACON& Tower with Radar,0,28,29,0,57,0,0,72,0,72,0,28,101,0,129,138,0,138,267
03/09/2013,AZO,MI,AGL,CE,Combined TRACON& Tower with Radar,2,19,25,0,46,0,0,55,2,57,2,19,80,2,103,90,0,90,193
03/10/2013,AZO,MI,AGL,CE,Combined TRACON& Tower with Radar,0,19,4,0,23,0,0,0,0,0,0,19,4,0,23,22,0,22,45
03/11/2013,AZO,MI,AGL,CE,Combined TRACON& Tower with Radar,0,28,15,0,43,0,0,1,0,1,0,28,16,0,44,0,0,0,44
03/12/2013,AZO,MI,AGL,CE,Combined TRACON& Tower with Radar,0,27,20,0,47,0,0,0,0,0,0,27,20,0,47,0,0,0,47
03/13/2013,AZO,MI,AGL,CE,Combined TRACON& Tower with Radar,0,28,17,0,45,0,0,18,0,18,0,28,35,0,63,64,0,64,127
03/14/2013,AZO,MI,AGL,CE,Combined TRACON& Tower with Radar,1,28,30,0,59,0,0,51,0,51,1,28,81,0,110,94,0,94,204
03/15/2013,AZO,MI,AGL,CE,Combined TRACON& Tower with Radar,0,27,12,0,39,0,0,6,0,6,0,27,18,0,45,0,0,0,45
03/16/2013,AZO,MI,AGL,CE,Combined TRACON& Tower with Radar,0,17,4,0,21,0,0,3,0,3,0,17,7,0,24,4,0,4,28
03/17/2013,AZO,MI,AGL,CE,Combined TRACON& Tower with Radar,0,21,16,0,37,0,0,26,0,26,0,21,42,0,63,32,0,32,95
03/18/2013,AZO,MI,AGL,CE,Combined TRACON& Tower with Radar,0,23,10,0,33,0,0,1,0,1,0,23,11,0,34,0,0,0,34
03/19/2013,AZO,MI,AGL,CE,Combined TRACON& Tower with Radar,0,30,16,0,46,0,0,0,0,0,0,30,16,0,46,0,0,0,46
03/20/2013,AZO,MI,AGL,CE,Combined TRACON& Tower with Radar,0,33,25,0,58,0,0,0,0,0,0,33,25,0,58,6,0,6,64
03/21/2013,AZO,MI,AGL,CE,Combined TRACON& Tower with Radar,0,28,7,0,35,0,0,0,0,0,0,28,7,0,35,18,0,18,53
03/22/2013,AZO,MI,AGL,CE,Combined TRACON& Tower with Radar,0,27,45,0,72,0,0,68,0,68,0,27,113,0,140,130,0,130,270
03/23/2013,AZO,MI,AGL,CE,Combined TRACON& Tower with Radar,0,20,32,0,52,1,1,60,0,62,1,21,92,0,114,169,0,169,283
03/24/2013,AZO,MI,AGL,CE,Combined TRACON& Tower with Radar,0,26,11,0,37,0,0,13,0,13,0,26,24,0,50,36,0,36,86
03/25/2013,AZO,MI,AGL,CE,Combined TRACON& Tower with Radar,0,29,27,0,56,0,0,12,0,12,0,29,39,0,68,74,0,74,142
03/26/2013,AZO,MI,AGL,CE,Combined TRACON& Tower with Radar,0,31,32,0,63,2,0,9,0,11,2,31,41,0,74,62,0,62,136
03/27/2013,AZO,MI,AGL,CE,Combined TRACON& Tower with Radar,0,32,33,4,69,0,1,25,0,26,0,33,58,4,95,60,0,60,155
03/28/2013,AZO,MI,AGL,CE,Combined TRACON& Tower with Radar,2,30,33,1,66,0,2,54,0,56,2,32,87,1,122,82,0,82,204
03/29/2013,AZO,MI,AGL,CE,Combined TRACON& Tower with Radar,0,30,38,0,68,0,1,68,0,69,0,31,106,0,137,92,0,92,229
03/30/2013,AZO,MI,AGL,CE,Combined TRACON& Tower with Radar,0,19,18,0,37,0,0,69,0,69,0,19,87,0,106,62,0,62,168
03/31/2013,AZO,MI,AGL,CE,Combined TRACON& Tower with Radar,0,23,1,0,24,0,0,7,0,7,0,23,8,0,31,2,0,2,33
04/01/2013,AZO,MI,AGL,CE,Combined TRACON& Tower with Radar,0,28,13,0,41,0,0,7,0,7,0,28,20,0,48,34,0,34,82
04/02/2013,AZO,MI,AGL,CE,Combined TRACON& Tower with Radar,0,28,19,0,47,0,1,16,0,17,0,29,35,0,64,38,0,38,102
04/03/2013,AZO,MI,AGL,CE,Combined TRACON& Tower with Radar,0,28,38,0,66,0,0,48,0,48,0,28,86,0,114,98,0,98,212
04/04/2013,AZO,MI,AGL,CE,Combined TRACON& Tower with Radar,0,27,23,0,50,0,0,43,0,43,0,27,66,0,93,26,0,26,119
04/05/2013,AZO,MI,AGL,CE,Combined TRACON& Tower with Radar,0,29,31,1,61,0,0,64,0,64,0,29,95,1,125,92,0,92,217
04/06/2013,AZO,MI,AGL,CE,Combined TRACON& Tower with Radar,0,23,13,1,37,0,0,18,0,18,0,23,31,1,55,4,0,4,59
04/07/2013,AZO,MI,AGL,CE,Combined TRACON& Tower with Radar,0,25,15,0,40,0,0,11,1,12,0,25,26,1,52,28,0,28,80
04/08/2013,AZO,MI,AGL,CE,Combined TRACON& Tower with Radar,0,23,19,0,42,0,0,0,0,0,0,23,19,0,42,0,0,0,42
04/09/2013,AZO,MI,AGL,CE,Combined TRACON& Tower with Radar,0,19,30,0,49,0,0,10,0,10,0,19,40,0,59,14,0,14,73
04/10/2013,AZO,MI,AGL,CE,Combined TRACON& Tower with Radar,0,15,8,0,23,0,0,0,0,0,0,15,8,0,23,4,0,4,27
04/11/2013,AZO,MI,AGL,CE,Combined TRACON& Tower with Radar,0,21,8,0,29,0,0,0,0,0,0,21,8,0,29,0,0,0,29
04/12/2013,AZO,MI,AGL,CE,Combined TRACON& Tower with Radar,0,25,15,0,40,0,0,5,0,5,0,25,20,0,45,16,0,16,61
04/13/2013,AZO,MI,AGL,CE,Combined TRACON& Tower with Radar,0,19,7,0,26,0,0,5,0,5,0,19,12,0,31,0,0,0,31
04/14/2013,AZO,MI,AGL,CE,Combined TRACON& Tower with Radar,0,24,18,0,42,0,0,29,0,29,0,24,47,0,71,38,0,38,109
04/15/2013,AZO,MI,AGL,CE,Combined TRACON& Tower with Radar,0,24,45,0,69,0,0,17,0,17,0,24,62,0,86,60,0,60,146
04/16/2013,AZO,MI,AGL,CE,Combined TRACON& Tower with Radar,0,25,47,0,72,0,0,58,0,58,0,25,105,0,130,122,0,122,252
04/17/2013,AZO,MI,AGL,CE,Combined TRACON& Tower with Radar,0,19,20,0,39,0,0,25,0,25,0,19,45,0,64,10,0,10,74
04/18/2013,AZO,MI,AGL,CE,Combined TRACON& Tower with Radar,0,13,9,0,22,0,0,0,0,0,0,13,9,0,22,0,0,0,22
04/19/2013,AZO,MI,AGL,CE,Combined TRACON& Tower with Radar,2,24,9,0,35,0,0,2,0,2,2,24,11,0,37,0,0,0,37
04/20/2013,AZO,MI,AGL,CE,Combined TRACON& Tower with Radar,0,18,28,0,46,0,0,48,0,48,0,18,76,0,94,58,0,58,152
04/21/2013,AZO,MI,AGL,CE,Combined TRACON& Tower with Radar,0,23,12,1,36,0,0,63,0,63,0,23,75,1,99,28,0,28,127
04/22/2013,AZO,MI,AGL,CE,Combined TRACON& Tower with Radar,0,30,31,2,63,0,1,60,0,61,0,31,91,2,124,135,0,135,259
04/23/2013,AZO,MI,AGL,CE,Combined TRACON& Tower with Radar,0,26,28,1,55,0,0,16,0,16,0,26,44,1,71,46,0,46,117
04/24/2013,AZO,MI,AGL,CE,Combined TRACON& Tower with Radar,0,28,9,0,37,0,0,17,0,17,0,28,26,0,54,18,0,18,72
04/25/2013,AZO,MI,AGL,CE,Combined TRACON& Tower with Radar,0,29,20,0,49,0,0,15,0,15,0,29,35,0,64,28,0,28,92
04/26/2013,AZO,MI,AGL,CE,Combined TRACON& Tower with Radar,0,27,30,0,57,0,2,63,0,65,0,29,93,0,122,58,0,58,180
04/27/2013,AZO,MI,AGL,CE,Combined TRACON& Tower with Radar,0,21,13,0,34,0,0,88,0,88,0,21,101,0,122,134,0,134,256
04/28/2013,AZO,MI,AGL,CE,Combined TRACON& Tower with Radar,0,25,7,0,32,0,0,3,0,3,0,25,10,0,35,14,0,14,49
04/29/2013,AZO,MI,AGL,CE,Combined TRACON& Tower with Radar,0,28,43,0,71,0,0,40,0,40,0,28,83,0,111,46,0,46,157
04/30/2013,AZO,MI,AGL,CE,Combined TRACON& Tower with Radar,0,30,21,0,51,0,0,15,0,15,0,30,36,0,66,30,0,30,96
05/01/2013,AZO,MI,AGL,CE,Combined TRACON& Tower with Radar,0,28,46,0,74,0,1,54,0,55,0,29,100,0,129,58,0,58,187
05/02/2013,AZO,MI,AGL,CE,Combined TRACON& Tower with Radar,0,29,21,0,50,0,2,41,0,43,0,31,62,0,93,68,0,68,161
05/03/2013,AZO,MI,AGL,CE,Combined TRACON& Tower with Radar,0,21,12,0,33,0,0,23,0,23,0,21,35,0,56,84,0,84,140
05/04/2013,AZO,MI,AGL,CE,Combined TRACON& Tower with Radar,0,19,15,0,34,0,0,53,0,53,0,19,68,0,87,120,0,120,207
05/05/2013,AZO,MI,AGL,CE,Combined TRACON& Tower with Radar,0,20,14,0,34,0,0,48,0,48,0,20,62,0,82,24,0,24,106
05/06/2013,AZO,MI,AGL,CE,Combined TRACON& Tower with Radar,0,25,25,0,50,0,0,46,0,46,0,25,71,0,96,76,0,76,172
05/07/2013,AZO,MI,AGL,CE,Combined TRACON& Tower with Radar,0,26,50,0,76,0,0,56,0,56,0,26,106,0,132,114,0,114,246
05/08/2013,AZO,MI,AGL,CE,Combined TRACON& Tower with Radar,0,28,26,2,56,0,0,44,0,44,0,28,70,2,100,92,0,92,192
05/09/2013,AZO,MI,AGL,CE,Combined TRACON& Tower with Radar,0,25,26,0,51,0,3,29,1,33,0,28,55,1,84,28,0,28,112
05/10/2013,AZO,MI,AGL,CE,Combined TRACON& Tower with Radar,0,24,23,0,47,0,0,0,0,0,0,24,23,0,47,4,0,4,51
05/11/2013,AZO,MI,AGL,CE,Combined TRACON& Tower with Radar,0,19,14,0,33,0,1,2,0,3,0,20,16,0,36,2,0,2,38
05/12/2013,AZO,MI,AGL,CE,Combined TRACON& Tower with Radar,0,21,12,0,33,0,1,11,0,12,0,22,23,0,45,2,0,2,47
05/13/2013,AZO,MI,AGL,CE,Combined TRACON& Tower with Radar,0,25,50,0,75,0,0,32,0,32,0,25,82,0,107,39,0,39,146
05/14/2013,AZO,MI,AGL,CE,Combined TRACON& Tower with Radar,0,25,14,0,39,0,0,31,0,31,0,25,45,0,70,32,0,32,102
05/15/2013,AZO,MI,AGL,CE,Combined TRACON& Tower with Radar,0,26,37,1,64,0,0,30,1,31,0,26,67,2,95,46,0,46,141
05/16/2013,AZO,MI,AGL,CE,Combined TRACON& Tower with Radar,0,27,46,0,73,0,0,65,0,65,0,27,111,0,138,168,0,168,306
05/17/2013,AZO,MI,AGL,CE,Combined TRACON& Tower with Radar,0,20,15,0,35,0,0,58,0,58,0,20,73,0,93,56,0,56,149
05/18/2013,AZO,MI,AGL,CE,Combined TRACON& Tower with Radar,0,25,35,0,60,0,3,54,1,58,0,28,89,1,118,38,0,38,156
05/19/2013,AZO,MI,AGL,CE,Combined TRACON& Tower with Radar,0,25,14,0,39,0,0,29,0,29,0,25,43,0,68,58,0,58,126
05/20/2013,AZO,MI,AGL,CE,Combined TRACON& Tower with Radar,0,23,22,0,45,0,0,10,0,10,0,23,32,0,55,44,0,44,99
05/21/2013,AZO,MI,AGL,CE,Combined TRACON& Tower with Radar,0,28,28,0,56,0,0,15,3,18,0,28,43,3,74,36,0,36,110
05/22/2013,AZO,MI,AGL,CE,Combined TRACON& Tower with Radar,0,20,30,0,50,0,0,0,0,0,0,20,30,0,50,20,0,20,70
05/23/2013,AZO,MI,AGL,CE,Combined TRACON& Tower with Radar,0,24,14,2,40,0,0,0,0,0,0,24,14,2,40,12,0,12,52
05/24/2013,AZO,MI,AGL,CE,Combined TRACON& Tower with Radar,0,28,52,1,81,0,1,66,0,67,0,29,118,1,148,78,0,78,226
05/25/2013,AZO,MI,AGL,CE,Combined TRACON& Tower with Radar,0,17,36,0,53,0,0,78,0,78,0,17,114,0,131,130,0,130,261
05/26/2013,AZO,MI,AGL,CE,Combined TRACON& Tower with Radar,0,12,27,1,40,0,0,49,3,52,0,12,76,4,92,50,0,50,142
05/27/2013,AZO,MI,AGL,CE,Combined TRACON& Tower with Radar,0,19,4,2,25,0,0,12,1,13,0,19,16,3,38,2,0,2,40
05/28/2013,AZO,MI,AGL,CE,Combined TRACON& Tower with Radar,0,24,25,2,51,0,0,7,0,7,0,24,32,2,58,20,0,20,78
05/29/2013,AZO,MI,AGL,CE,Combined TRACON& Tower with Radar,0,30,37,0,67,0,0,31,0,31,0,30,68,0,98,98,0,98,196
05/30/2013,AZO,MI,AGL,CE,Combined TRACON& Tower with Radar,0,24,22,0,46,0,0,23,0,23,0,24,45,0,69,28,0,28,97
05/31/2013,AZO,MI,AGL,CE,Combined TRACON& Tower with Radar,0,26,23,0,49,0,0,15,0,15,0,26,38,0,64,38,0,38,102
06/01/2013,AZO,MI,AGL,CE,Combined TRACON& Tower with Radar,0,19,5,0,24,0,0,22,0,22,0,19,27,0,46,58,0,58,104
06/02/2013,AZO,MI,AGL,CE,Combined TRACON& Tower with Radar,0,20,22,1,43,0,0,15,0,15,0,20,37,1,58,16,0,16,74
06/03/2013,AZO,MI,AGL,CE,Combined TRACON& Tower with Radar,0,27,37,3,67,0,0,65,0,65,0,27,102,3,132,144,0,144,276
06/04/2013,AZO,MI,AGL,CE,Combined TRACON& Tower with Radar,0,28,27,1,56,0,0,79,0,79,0,28,106,1,135,62,0,62,197
06/05/2013,AZO,MI,AGL,CE,Combined TRACON& Tower with Radar,0,31,35,0,66,0,0,44,0,44,0,31,79,0,110,90,0,90,200
06/06/2013,AZO,MI,AGL,CE,Combined TRACON& Tower with Radar,0,26,24,3,53,0,0,41,0,41,0,26,65,3,94,132,0,132,226
06/07/2013,AZO,MI,AGL,CE,Combined TRACON& Tower with Radar,0,27,42,1,70,0,0,14,0,14,0,27,56,1,84,23,0,23,107
06/08/2013,AZO,MI,AGL,CE,Combined TRACON& Tower with Radar,0,19,20,4,43,0,0,44,0,44,0,19,64,4,87,68,0,68,155
06/09/2013,AZO,MI,AGL,CE,Combined TRACON& Tower with Radar,0,20,7,0,27,0,0,33,0,33,0,20,40,0,60,18,0,18,78
06/10/2013,AZO,MI,AGL,CE,Combined TRACON& Tower with Radar,0,27,34,0,61,0,0,4,0,4,0,27,38,0,65,20,0,20,85
06/11/2013,AZO,MI,AGL,CE,Combined TRACON& Tower with Radar,0,28,56,0,84,0,0,45,0,45,0,28,101,0,129,100,0,100,229
06/12/2013,AZO,MI,AGL,CE,Combined TRACON& Tower with Radar,0,31,26,0,57,0,0,27,0,27,0,31,53,0,84,62,0,62,146
06/13/2013,AZO,MI,AGL,CE,Combined TRACON& Tower with Radar,0,29,35,0,64,0,0,55,0,55,0,29,90,0,119,80,0,80,199
06/14/2013,AZO,MI,AGL,CE,Combined TRACON& Tower with Radar,0,31,34,0,65,0,0,81,0,81,0,31,115,0,146,114,0,114,260
06/15/2013,AZO,MI,AGL,CE,Combined TRACON& Tower with Radar,0,27,10,0,37,0,1,43,0,44,0,28,53,0,81,64,0,64,145
06/16/2013,AZO,MI,AGL,CE,Combined TRACON& Tower with Radar,0,30,23,0,53,0,0,37,0,37,0,30,60,0,90,42,0,42,132
06/17/2013,AZO,MI,AGL,CE,Combined TRACON& Tower with Radar,0,31,26,0,57,0,0,15,0,15,0,31,41,0,72,60,0,60,132
06/18/2013,AZO,MI,AGL,CE,Combined TRACON& Tower with Radar,0,30,24,0,54,0,0,33,0,33,0,30,57,0,87,106,0,106,193
06/19/2013,AZO,MI,AGL,CE,Combined TRACON& Tower with Radar,0,30,33,0,63,0,2,44,0,46,0,32,77,0,109,84,0,84,193
06/20/2013,AZO,MI,AGL,CE,Combined TRACON& Tower with Radar,0,33,28,1,62,0,1,54,0,55,0,34,82,1,117,96,0,96,213
06/21/2013,AZO,MI,AGL,CE,Combined TRACON& Tower with Radar,0,27,18,1,46,0,0,31,0,31,0,27,49,1,77,54,0,54,131
06/22/2013,AZO,MI,AGL,CE,Combined TRACON& Tower with Radar,0,26,17,0,43,0,1,32,1,34,0,27,49,1,77,38,0,38,115
06/23/2013,AZO,MI,AGL,CE,Combined TRACON& Tower with Radar,0,22,12,0,34,0,1,29,0,30,0,23,41,0,64,42,0,42,106
06/24/2013,AZO,MI,AGL,CE,Combined TRACON& Tower with Radar,0,31,28,0,59,0,0,18,0,18,0,31,46,0,77,34,0,34,111
06/25/2013,AZO,MI,AGL,CE,Combined TRACON& Tower with Radar,0,27,15,0,42,0,0,14,0,14,0,27,29,0,56,42,0,42,98
06/26/2013,AZO,MI,AGL,CE,Combined TRACON& Tower with Radar,0,22,40,0,62,0,0,8,0,8,0,22,48,0,70,49,0,49,119
06/27/2013,AZO,MI,AGL,CE,Combined TRACON& Tower with Radar,0,25,27,0,52,0,0,17,0,17,0,25,44,0,69,22,0,22,91
06/28/2013,AZO,MI,AGL,CE,Combined TRACON& Tower with Radar,0,32,36,1,69,0,0,35,0,35,0,32,71,1,104,70,0,70,174
06/29/2013,AZO,MI,AGL,CE,Combined TRACON& Tower with Radar,0,25,19,2,46,0,0,4,0,4,0,25,23,2,50,67,0,67,117
06/30/2013,AZO,MI,AGL,CE,Combined TRACON& Tower with Radar,0,19,7,0,26,0,0,52,0,52,0,19,59,0,78,46,0,46,124
07/01/2013,AZO,MI,AGL,CE,Combined TRACON& Tower with Radar,0,24,23,1,48,0,0,24,0,24,0,24,47,1,72,48,0,48,120
07/02/2013,AZO,MI,AGL,CE,Combined TRACON& Tower with Radar,0,26,23,0,49,0,0,1,0,1,0,26,24,0,50,12,0,12,62
07/03/2013,AZO,MI,AGL,CE,Combined TRACON& Tower with Radar,0,29,27,0,56,0,1,10,0,11,0,30,37,0,67,46,0,46,113
07/04/2013,AZO,MI,AGL,CE,Combined TRACON& Tower with Radar,0,14,8,0,22,0,1,30,0,31,0,15,38,0,53,37,0,37,90
07/05/2013,AZO,MI,AGL,CE,Combined TRACON& Tower with Radar,0,21,15,0,36,0,0,43,2,45,0,21,58,2,81,30,0,30,111
07/06/2013,AZO,MI,AGL,CE,Combined TRACON& Tower with Radar,0,24,15,0,39,0,0,33,2,35,0,24,48,2,74,20,2,22,96
07/07/2013,AZO,MI,AGL,CE,Combined TRACON& Tower with Radar,0,25,19,1,45,0,1,32,1,34,0,26,51,2,79,24,0,24,103
07/08/2013,AZO,MI,AGL,CE,Combined TRACON& Tower with Radar,0,30,17,0,47,0,0,12,1,13,0,30,29,1,60,40,0,40,100
07/09/2013,AZO,MI,AGL,CE,Combined TRACON& Tower with Radar,0,26,18,2,46,0,0,4,1,5,0,26,22,3,51,40,0,40,91
07/10/2013,AZO,MI,AGL,CE,Combined TRACON& Tower with Radar,0,28,28,0,56,0,0,25,6,31,0,28,53,6,87,28,0,28,115
07/11/2013,AZO,MI,AGL,CE,Combined TRACON& Tower with Radar,0,29,43,0,72,0,0,69,0,69,0,29,112,0,141,110,0,110,251
07/12/2013,AZO,MI,AGL,CE,Combined TRACON& Tower with Radar,0,28,33,0,61,0,0,75,0,75,0,28,108,0,136,54,0,54,190
07/13/2013,AZO,MI,AGL,CE,Combined TRACON& Tower with Radar,0,23,14,0,37,0,0,53,2,55,0,23,67,2,92,26,0,26,118
07/14/2013,AZO,MI,AGL,CE,Combined TRACON& Tower with Radar,0,25,17,0,42,0,0,47,0,47,0,25,64,0,89,52,0,52,141
07/15/2013,AZO,MI,AGL,CE,Combined TRACON& Tower with Radar,0,26,42,0,68,0,5,45,0,50,0,31,87,0,118,71,0,71,189
07/16/2013,AZO,MI,AGL,CE,Combined TRACON& Tower with Radar,0,27,23,0,50,0,0,38,2,40,0,27,61,2,90,76,0,76,166
07/17/2013,AZO,MI,AGL,CE,Combined TRACON& Tower with Radar,0,29,24,0,53,0,0,42,0,42,0,29,66,0,95,12,0,12,107
07/18/2013,AZO,MI,AGL,CE,Combined TRACON& Tower with Radar,0,27,22,1,50,0,0,38,1,39,0,27,60,2,89,38,0,38,127
07/19/2013,AZO,MI,AGL,CE,Combined TRACON& Tower with Radar,0,30,13,0,43,0,0,20,0,20,0,30,33,0,63,20,0,20,83
07/20/2013,AZO,MI,AGL,CE,Combined TRACON& Tower with Radar,0,28,19,0,47,0,0,74,0,74,0,28,93,0,121,50,0,50,171
07/21/2013,AZO,MI,AGL,CE,Combined TRACON& Tower with Radar,0,21,15,0,36,0,0,41,0,41,0,21,56,0,77,36,0,36,113
07/22/2013,AZO,MI,AGL,CE,Combined TRACON& Tower with Radar,0,31,33,0,64,0,3,29,0,32,0,34,62,0,96,54,0,54,150
07/23/2013,AZO,MI,AGL,CE,Combined TRACON& Tower with Radar,0,27,14,0,41,0,0,30,0,30,0,27,44,0,71,38,0,38,109
07/24/2013,AZO,MI,AGL,CE,Combined TRACON& Tower with Radar,0,29,33,0,62,0,0,47,0,47,0,29,80,0,109,86,0,86,195
07/25/2013,AZO,MI,AGL,CE,Combined TRACON& Tower with Radar,0,25,22,0,47,0,0,80,0,80,0,25,102,0,127,44,0,44,171
07/26/2013,AZO,MI,AGL,CE,Combined TRACON& Tower with Radar,0,25,32,0,57,0,1,34,0,35,0,26,66,0,92,50,0,50,142
07/27/2013,AZO,MI,AGL,CE,Combined TRACON& Tower with Radar,0,23,15,0,38,0,0,17,0,17,0,23,32,0,55,32,0,32,87
07/28/2013,AZO,MI,AGL,CE,Combined TRACON& Tower with Radar,0,22,14,0,36,0,0,14,0,14,0,22,28,0,50,6,0,6,56
07/29/2013,AZO,MI,AGL,CE,Combined TRACON& Tower with Radar,0,24,36,0,60,0,0,35,0,35,0,24,71,0,95,0,0,0,95
07/30/2013,AZO,MI,AGL,CE,Combined TRACON& Tower with Radar,0,24,23,0,47,0,0,62,0,62,0,24,85,0,109,72,0,72,181
07/31/2013,AZO,MI,AGL,CE,Combined TRACON& Tower with Radar,0,27,16,0,43,0,2,1,0,3,0,29,17,0,46,0,0,0,46
08/01/2013,AZO,MI,AGL,CE,Combined TRACON& Tower with Radar,0,24,20,0,44,0,0,24,0,24,0,24,44,0,68,70,0,70,138
08/02/2013,AZO,MI,AGL,CE,Combined TRACON& Tower with Radar,0,23,23,0,46,0,0,4,0,4,0,23,27,0,50,60,0,60,110
08/03/2013,AZO,MI,AGL,CE,Combined TRACON& Tower with Radar,0,22,11,0,33,0,1,25,0,26,0,23,36,0,59,58,0,58,117
08/04/2013,AZO,MI,AGL,CE,Combined TRACON& Tower with Radar,0,25,26,0,51,0,0,42,0,42,0,25,68,0,93,26,0,26,119
08/05/2013,AZO,MI,AGL,CE,Combined TRACON& Tower with Radar,0,27,13,0,40,0,0,32,0,32,0,27,45,0,72,70,0,70,142
08/06/2013,AZO,MI,AGL,CE,Combined TRACON& Tower with Radar,0,27,36,0,63,0,0,9,0,9,0,27,45,0,72,34,0,34,106
08/07/2013,AZO,MI,AGL,CE,Combined TRACON& Tower with Radar,0,25,17,0,42,0,0,0,0,0,0,25,17,0,42,4,0,4,46
08/08/2013,AZO,MI,AGL,CE,Combined TRACON& Tower with Radar,0,25,27,0,52,0,0,56,0,56,0,25,83,0,108,110,0,110,218
08/09/2013,AZO,MI,AGL,CE,Combined TRACON& Tower with Radar,0,25,28,0,53,0,0,66,0,66,0,25,94,0,119,76,0,76,195
08/10/2013,AZO,MI,AGL,CE,Combined TRACON& Tower with Radar,0,23,18,0,41,0,2,53,0,55,0,25,71,0,96,22,0,22,118
08/11/2013,AZO,MI,AGL,CE,Combined TRACON& Tower with Radar,0,24,9,0,33,0,0,61,0,61,0,24,70,0,94,30,0,30,124
08/12/2013,AZO,MI,AGL,CE,Combined TRACON& Tower with Radar,0,25,20,0,45,0,0,4,0,4,0,25,24,0,49,6,0,6,55
08/13/2013,AZO,MI,AGL,CE,Combined TRACON& Tower with Radar,0,29,31,0,60,0,0,50,2,52,0,29,81,2,112,124,0,124,236
08/14/2013,AZO,MI,AGL,CE,Combined TRACON& Tower with Radar,0,27,33,0,60,0,0,40,0,40,0,27,73,0,100,76,0,76,176
08/15/2013,AZO,MI,AGL,CE,Combined TRACON& Tower with Radar,0,25,30,0,55,0,1,64,0,65,0,26,94,0,120,162,0,162,282
08/16/2013,AZO,MI,AGL,CE,Combined TRACON& Tower with Radar,0,27,34,0,61,0,0,54,0,54,0,27,88,0,115,82,0,82,197
08/17/2013,AZO,MI,AGL,CE,Combined TRACON& Tower with Radar,0,23,19,0,42,0,0,97,0,97,0,23,116,0,139,86,0,86,225
08/18/2013,AZO,MI,AGL,CE,Combined TRACON& Tower with Radar,0,23,22,0,45,0,0,42,0,42,0,23,64,0,87,76,0,76,163
08/19/2013,AZO,MI,AGL,CE,Combined TRACON& Tower with Radar,0,27,11,0,38,0,0,35,0,35,0,27,46,0,73,78,0,78,151
08/20/2013,AZO,MI,AGL,CE,Combined TRACON& Tower with Radar,0,26,35,0,61,0,0,49,0,49,0,26,84,0,110,46,0,46,156
08/21/2013,AZO,MI,AGL,CE,Combined TRACON& Tower with Radar,0,28,32,0,60,0,0,58,0,58,0,28,90,0,118,161,0,161,279
08/22/2013,AZO,MI,AGL,CE,Combined TRACON& Tower with Radar,0,29,22,0,51,0,1,11,0,12,0,30,33,0,63,18,0,18,81
08/23/2013,AZO,MI,AGL,CE,Combined TRACON& Tower with Radar,0,25,24,0,49,0,0,63,0,63,0,25,87,0,112,142,0,142,254
08/24/2013,AZO,MI,AGL,CE,Combined TRACON& Tower with Radar,0,24,12,0,36,0,4,50,0,54,0,28,62,0,90,84,0,84,174
08/25/2013,AZO,MI,AGL,CE,Combined TRACON& Tower with Radar,0,27,22,0,49,0,2,52,0,54,0,29,74,0,103,30,0,30,133
08/26/2013,AZO,MI,AGL,CE,Combined TRACON& Tower with Radar,0,27,16,1,44,0,1,20,1,22,0,28,36,2,66,66,0,66,132
08/27/2013,AZO,MI,AGL,CE,Combined TRACON& Tower with Radar,0,27,14,0,41,0,0,13,0,13,0,27,27,0,54,42,0,42,96
08/28/2013,AZO,MI,AGL,CE,Combined TRACON& Tower with Radar,0,26,34,0,60,0,2,7,0,9,0,28,41,0,69,22,0,22,91
08/29/2013,AZO,MI,AGL,CE,Combined TRACON& Tower with Radar,0,21,32,0,53,0,2,75,0,77,0,23,107,0,130,134,0,134,264
08/30/2013,AZO,MI,AGL,CE,Combined TRACON& Tower with Radar,0,29,12,0,41,0,2,35,0,37,0,31,47,0,78,72,0,72,150
08/31/2013,AZO,MI,AGL,CE,Combined TRACON& Tower with Radar,0,17,18,0,35,0,0,21,0,21,0,17,39,0,56,60,0,60,116
09/01/2013,AZO,MI,AGL,CE,Combined TRACON& Tower with Radar,0,13,13,0,26,0,0,3,0,3,0,13,16,0,29,14,0,14,43
09/02/2013,AZO,MI,AGL,CE,Combined TRACON& Tower with Radar,0,20,11,0,31,0,0,25,0,25,0,20,36,0,56,38,0,38,94
09/03/2013,AZO,MI,AGL,CE,Combined TRACON& Tower with Radar,0,23,18,0,41,0,0,42,0,42,0,23,60,0,83,72,0,72,155
09/04/2013,AZO,MI,AGL,CE,Combined TRACON& Tower with Radar,0,25,20,0,45,0,0,47,0,47,0,25,67,0,92,60,0,60,152
09/05/2013,AZO,MI,AGL,CE,Combined TRACON& Tower with Radar,0,27,22,0,49,0,0,66,0,66,0,27,88,0,115,32,0,32,147
09/06/2013,AZO,MI,AGL,CE,Combined TRACON& Tower with Radar,2,26,19,0,47,0,1,70,0,71,2,27,89,0,118,116,0,116,234
09/07/2013,AZO,MI,AGL,CE,Combined TRACON& Tower with Radar,0,19,2,0,21,0,0,48,0,48,0,19,50,0,69,52,0,52,121
09/08/2013,AZO,MI,AGL,CE,Combined TRACON& Tower with Radar,0,24,12,0,36,0,0,22,0,22,0,24,34,0,58,4,0,4,62
09/09/2013,AZO,MI,AGL,CE,Combined TRACON& Tower with Radar,0,25,25,0,50,0,0,21,0,21,0,25,46,0,71,22,0,22,93
09/10/2013,AZO,MI,AGL,CE,Combined TRACON& Tower with Radar,0,23,28,0,51,0,0,41,0,41,0,23,69,0,92,58,0,58,150
09/11/2013,AZO,MI,AGL,CE,Combined TRACON& Tower with Radar,0,29,29,0,58,0,0,14,0,14,0,29,43,0,72,78,0,78,150
09/12/2013,AZO,MI,AGL,CE,Combined TRACON& Tower with Radar,0,28,51,0,79,0,2,44,0,46,0,30,95,0,125,114,0,114,239
09/13/2013,AZO,MI,AGL,CE,Combined TRACON& Tower with Radar,1,24,40,0,65,0,0,35,1,36,1,24,75,1,101,52,0,52,153
09/14/2013,AZO,MI,AGL,CE,Combined TRACON& Tower with Radar,0,17,15,0,32,0,2,73,0,75,0,19,88,0,107,44,0,44,151
09/15/2013,AZO,MI,AGL,CE,Combined TRACON& Tower with Radar,0,24,19,2,45,0,0,12,1,13,0,24,31,3,58,6,0,6,64
09/16/2013,AZO,MI,AGL,CE,Combined TRACON& Tower with Radar,0,26,23,0,49,0,0,19,0,19,0,26,42,0,68,63,0,63,131
09/17/2013,AZO,MI,AGL,CE,Combined TRACON& Tower with Radar,0,23,17,0,40,0,0,43,0,43,0,23,60,0,83,64,0,64,147
09/18/2013,AZO,MI,AGL,CE,Combined TRACON& Tower with Radar,2,22,24,0,48,0,2,33,0,35,2,24,57,0,83,88,0,88,171
09/19/2013,AZO,MI,AGL,CE,Combined TRACON& Tower with Radar,0,21,18,0,39,0,0,12,0,12,0,21,30,0,51,20,0,20,71
09/20/2013,AZO,MI,AGL,CE,Combined TRACON& Tower with Radar,0,25,25,0,50,0,0,3,0,3,0,25,28,0,53,50,0,50,103
09/21/2013,AZO,MI,AGL,CE,Combined TRACON& Tower with Radar,0,21,16,0,37,0,0,39,0,39,0,21,55,0,76,74,0,74,150
09/22/2013,AZO,MI,AGL,CE,Combined TRACON& Tower with Radar,0,25,15,0,40,0,0,43,0,43,0,25,58,0,83,58,0,58,141
09/23/2013,AZO,MI,AGL,CE,Combined TRACON& Tower with Radar,0,28,27,0,55,0,0,38,0,38,0,28,65,0,93,108,0,108,201
09/24/2013,AZO,MI,AGL,CE,Combined TRACON& Tower with Radar,0,23,37,0,60,0,0,67,0,67,0,23,104,0,127,154,0,154,281
09/25/2013,AZO,MI,AGL,CE,Combined TRACON& Tower with Radar,0,26,33,0,59,0,0,63,0,63,0,26,96,0,122,166,0,166,288
09/26/2013,AZO,MI,AGL,CE,Combined TRACON& Tower with Radar,0,25,23,0,48,0,1,60,0,61,0,26,83,0,109,134,0,134,243
09/27/2013,AZO,MI,AGL,CE,Combined TRACON& Tower with Radar,0,29,30,0,59,0,0,73,0,73,0,29,103,0,132,118,0,118,250
09/28/2013,AZO,MI,AGL,CE,Combined TRACON& Tower with Radar,0,24,8,0,32,0,0,45,0,45,0,24,53,0,77,64,0,64,141
09/29/2013,AZO,MI,AGL,CE,Combined TRACON& Tower with Radar,0,26,10,0,36,0,0,10,0,10,0,26,20,0,46,14,0,14,60
09/30/2013,AZO,MI,AGL,CE,Combined TRACON& Tower with Radar,0,26,21,2,49,0,0,42,1,43,0,26,63,3,92,118,2,120,212
10/01/2013,AZO,MI,AGL,CE,Combined TRACON& Tower with Radar,0,19,21,0,40,0,0,11,0,11,0,19,32,0,51,48,0,48,99
10/02/2013,AZO,MI,AGL,CE,Combined TRACON& Tower with Radar,0,23,32,0,55,0,0,55,0,55,0,23,87,0,110,180,0,180,290
10/03/2013,AZO,MI,AGL,CE,Combined TRACON& Tower with Radar,0,21,15,0,36,0,0,3,0,3,0,21,18,0,39,70,0,70,109
10/04/2013,AZO,MI,AGL,CE,Combined TRACON& Tower with Radar,0,24,31,0,55,0,0,16,0,16,0,24,47,0,71,48,0,48,119
10/05/2013,AZO,MI,AGL,CE,Combined TRACON& Tower with Radar,0,21,17,0,38,0,0,0,0,0,0,21,17,0,38,22,0,22,60
10/06/2013,AZO,MI,AGL,CE,Combined TRACON& Tower with Radar,0,23,7,0,30,0,0,4,0,4,0,23,11,0,34,12,0,12,46
10/07/2013,AZO,MI,AGL,CE,Combined TRACON& Tower with Radar,0,28,12,0,40,0,0,16,0,16,0,28,28,0,56,68,0,68,124
10/08/2013,AZO,MI,AGL,CE,Combined TRACON& Tower with Radar,0,20,28,0,48,0,0,58,0,58,0,20,86,0,106,114,0,114,220
10/09/2013,AZO,MI,AGL,CE,Combined TRACON& Tower with Radar,0,23,40,0,63,0,0,73,0,73,0,23,113,0,136,208,0,208,344
10/10/2013,AZO,MI,AGL,CE,Combined TRACON& Tower with Radar,0,24,23,0,47,0,1,62,0,63,0,25,85,0,110,116,0,116,226
10/11/2013,AZO,MI,AGL,CE,Combined TRACON& Tower with Radar,1,24,31,0,56,0,1,138,0,139,1,25,169,0,195,146,0,146,341
10/12/2013,AZO,MI,AGL,CE,Combined TRACON& Tower with Radar,1,22,13,0,36,0,1,54,0,55,1,23,67,0,91,48,0,48,139
10/13/2013,AZO,MI,AGL,CE,Combined TRACON& Tower with Radar,0,25,7,0,32,0,0,33,0,33,0,25,40,0,65,4,0,4,69
10/14/2013,AZO,MI,AGL,CE,Combined TRACON& Tower with Radar,0,25,30,0,55,0,0,54,0,54,0,25,84,0,109,158,0,158,267
10/15/2013,AZO,MI,AGL,CE,Combined TRACON& Tower with Radar,0,16,39,0,55,0,0,5,0,5,0,16,44,0,60,46,0,46,106
10/16/2013,AZO,MI,AGL,CE,Combined TRACON& Tower with Radar,0,23,22,0,45,0,0,4,0,4,0,23,26,0,49,32,0,32,81
10/17/2013,AZO,MI,AGL,CE,Combined TRACON& Tower with Radar,0,26,18,0,44,0,0,0,0,0,0,26,18,0,44,0,0,0,44
10/18/2013,AZO,MI,AGL,CE,Combined TRACON& Tower with Radar,0,22,32,0,54,0,0,37,0,37,0,22,69,0,91,58,0,58,149
10/19/2013,AZO,MI,AGL,CE,Combined TRACON& Tower with Radar,0,18,14,0,32,0,1,12,0,13,0,19,26,0,45,12,0,12,57
10/20/2013,AZO,MI,AGL,CE,Combined TRACON& Tower with Radar,0,23,18,0,41,0,0,54,0,54,0,23,72,0,95,46,0,46,141
10/21/2013,AZO,MI,AGL,CE,Combined TRACON& Tower with Radar,0,21,18,0,39,0,0,9,0,9,0,21,27,0,48,4,0,4,52
10/22/2013,AZO,MI,AGL,CE,Combined TRACON& Tower with Radar,0,21,23,0,44,0,0,40,0,40,0,21,63,0,84,112,0,112,196
10/23/2013,AZO,MI,AGL,CE,Combined TRACON& Tower with Radar,0,25,23,0,48,0,0,10,0,10,0,25,33,0,58,4,0,4,62
10/24/2013,AZO,MI,AGL,CE,Combined TRACON& Tower with Radar,0,24,17,0,41,0,0,0,0,0,0,24,17,0,41,0,0,0,41
10/25/2013,AZO,MI,AGL,CE,Combined TRACON& Tower with Radar,3,24,33,0,60,0,0,23,0,23,3,24,56,0,83,40,0,40,123
10/26/2013,AZO,MI,AGL,CE,Combined TRACON& Tower with Radar,0,20,8,0,28,0,0,10,0,10,0,20,18,0,38,28,0,28,66
10/27/2013,AZO,MI,AGL,CE,Combined TRACON& Tower with Radar,0,24,23,0,47,0,0,63,0,63,0,24,86,0,110,54,0,54,164
10/28/2013,AZO,MI,AGL,CE,Combined TRACON& Tower with Radar,0,23,19,0,42,0,0,61,0,61,0,23,80,0,103,160,0,160,263
10/29/2013,AZO,MI,AGL,CE,Combined TRACON& Tower with Radar,0,21,17,0,38,0,0,44,0,44,0,21,61,0,82,76,0,76,158
10/30/2013,AZO,MI,AGL,CE,Combined TRACON& Tower with Radar,0,26,26,0,52,0,2,33,2,37,0,28,59,2,89,112,0,112,201
10/31/2013,AZO,MI,AGL,CE,Combined TRACON& Tower with Radar,0,28,10,0,38,0,0,0,0,0,0,28,10,0,38,0,0,0,38
11/01/2013,AZO,MI,AGL,CE,Combined TRACON& Tower with Radar,0,24,37,0,61,0,2,1,0,3,0,26,38,0,64,18,0,18,82
11/02/2013,AZO,MI,AGL,CE,Combined TRACON& Tower with Radar,0,20,15,0,35,0,0,7,0,7,0,20,22,0,42,17,0,17,59
11/03/2013,AZO,MI,AGL,CE,Combined TRACON& Tower with Radar,0,23,24,0,47,0,0,71,0,71,0,23,95,0,118,84,0,84,202
11/04/2013,AZO,MI,AGL,CE,Combined TRACON& Tower with Radar,0,25,29,0,54,0,0,44,0,44,0,25,73,0,98,150,0,150,248
11/05/2013,AZO,MI,AGL,CE,Combined TRACON& Tower with Radar,2,23,27,0,52,0,1,32,0,33,2,24,59,0,85,92,0,92,177
11/06/2013,AZO,MI,AGL,CE,Combined TRACON& Tower with Radar,0,25,34,0,59,0,0,0,0,0,0,25,34,0,59,14,0,14,73
11/07/2013,AZO,MI,AGL,CE,Combined TRACON& Tower with Radar,0,24,19,0,43,0,0,32,0,32,0,24,51,0,75,34,0,34,109
11/08/2013,AZO,MI,AGL,CE,Combined TRACON& Tower with Radar,0,21,30,0,51,0,0,54,0,54,0,21,84,0,105,122,0,122,227
11/09/2013,AZO,MI,AGL,CE,Combined TRACON& Tower with Radar,0,20,9,0,29,0,0,18,0,18,0,20,27,0,47,8,0,8,55
11/10/2013,AZO,MI,AGL,CE,Combined TRACON& Tower with Radar,0,24,7,0,31,0,0,17,0,17,0,24,24,0,48,0,0,0,48
11/11/2013,AZO,MI,AGL,CE,Combined TRACON& Tower with Radar,0,22,8,0,30,0,0,3,0,3,0,22,11,0,33,0,0,0,33
11/12/2013,AZO,MI,AGL,CE,Combined TRACON& Tower with Radar,0,21,33,0,54,0,1,27,0,28,0,22,60,0,82,118,0,118,200
11/13/2013,AZO,MI,AGL,CE,Combined TRACON& Tower with Radar,0,22,11,0,33,0,0,41,0,41,0,22,52,0,74,34,0,34,108
11/14/2013,AZO,MI,AGL,CE,Combined TRACON& Tower with Radar,0,22,15,0,37,0,0,21,0,21,0,22,36,0,58,16,0,16,74
11/15/2013,AZO,MI,AGL,CE,Combined TRACON& Tower with Radar,0,21,22,0,43,0,0,62,0,62,0,21,84,0,105,90,0,90,195
11/16/2013,AZO,MI,AGL,CE,Combined TRACON& Tower with Radar,0,20,21,0,41,0,0,2,0,2,0,20,23,0,43,6,0,6,49
11/17/2013,AZO,MI,AGL,CE,Combined TRACON& Tower with Radar,0,13,2,0,15,0,0,0,0,0,0,13,2,0,15,0,0,0,15
11/18/2013,AZO,MI,AGL,CE,Combined TRACON& Tower with Radar,0,22,11,0,33,0,0,1,0,1,0,22,12,0,34,0,0,0,34
11/19/2013,AZO,MI,AGL,CE,Combined TRACON& Tower with Radar,0,23,42,2,67,0,0,70,0,70,0,23,112,2,137,108,0,108,245
11/20/2013,AZO,MI,AGL,CE,Combined TRACON& Tower with Radar,0,26,33,0,59,0,0,39,0,39,0,26,72,0,98,134,0,134,232
11/21/2013,AZO,MI,AGL,CE,Combined TRACON& Tower with Radar,2,26,12,0,40,0,0,12,0,12,2,26,24,0,52,24,0,24,76
11/22/2013,AZO,MI,AGL,CE,Combined TRACON& Tower with Radar,2,22,15,0,39,0,0,7,0,7,2,22,22,0,46,4,0,4,50
11/23/2013,AZO,MI,AGL,CE,Combined TRACON& Tower with Radar,0,20,13,0,33,0,1,4,0,5,0,21,17,0,38,0,0,0,38
11/24/2013,AZO,MI,AGL,CE,Combined TRACON& Tower with Radar,0,20,10,0,30,0,0,19,0,19,0,20,29,0,49,68,0,68,117
11/25/2013,AZO,MI,AGL,CE,Combined TRACON& Tower with Radar,0,20,18,0,38,0,0,8,0,8,0,20,26,0,46,4,0,4,50
11/26/2013,AZO,MI,AGL,CE,Combined TRACON& Tower with Radar,0,22,25,0,47,0,0,12,0,12,0,22,37,0,59,24,0,24,83
11/27/2013,AZO,MI,AGL,CE,Combined TRACON& Tower with Radar,0,22,26,0,48,0,0,23,0,23,0,22,49,0,71,32,0,32,103
11/28/2013,AZO,MI,AGL,CE,Combined TRACON& Tower with Radar,0,10,0,0,10,0,0,2,0,2,0,10,2,0,12,0,0,0,12
11/29/2013,AZO,MI,AGL,CE,Combined TRACON& Tower with Radar,0,15,9,0,24,0,0,31,0,31,0,15,40,0,55,71,0,71,126
11/30/2013,AZO,MI,AGL,CE,Combined TRACON& Tower with Radar,0,20,15,0,35,0,0,34,0,34,0,20,49,0,69,16,0,16,85
12/01/2013,AZO,MI,AGL,CE,Combined TRACON& Tower with Radar,0,26,14,0,40,0,0,25,0,25,0,26,39,0,65,8,0,8,73
12/02/2013,AZO,MI,AGL,CE,Combined TRACON& Tower with Radar,0,29,21,0,50,0,0,18,0,18,0,29,39,0,68,78,0,78,146
12/03/2013,AZO,MI,AGL,CE,Combined TRACON& Tower with Radar,0,26,21,0,47,0,0,0,0,0,0,26,21,0,47,2,0,2,49
12/04/2013,AZO,MI,AGL,CE,Combined TRACON& Tower with Radar,0,26,8,2,36,0,0,0,0,0,0,26,8,2,36,0,0,0,36
12/05/2013,AZO,MI,AGL,CE,Combined TRACON& Tower with Radar,0,26,38,0,64,0,0,6,0,6,0,26,44,0,70,14,0,14,84
12/06/2013,AZO,MI,AGL,CE,Combined TRACON& Tower with Radar,0,21,34,0,55,0,0,21,0,21,0,21,55,0,76,118,0,118,194
12/07/2013,AZO,MI,AGL,CE,Combined TRACON& Tower with Radar,0,16,67,0,83,0,0,37,0,37,0,16,104,0,120,66,0,66,186
12/08/2013,AZO,MI,AGL,CE,Combined TRACON& Tower with Radar,0,21,9,0,30,0,0,16,0,16,0,21,25,0,46,14,0,14,60
12/09/2013,AZO,MI,AGL,CE,Combined TRACON& Tower with Radar,1,21,7,0,29,0,0,0,0,0,1,21,7,0,29,0,0,0,29
12/10/2013,AZO,MI,AGL,CE,Combined TRACON& Tower with Radar,0,21,8,0,29,0,0,0,0,0,0,21,8,0,29,0,0,0,29
12/11/2013,AZO,MI,AGL,CE,Combined TRACON& Tower with Radar,0,24,10,0,34,0,0,0,0,0,0,24,10,0,34,0,0,0,34
12/12/2013,AZO,MI,AGL,CE,Combined TRACON& Tower with Radar,0,24,47,0,71,0,0,22,0,22,0,24,69,0,93,26,0,26,119
12/13/2013,AZO,MI,AGL,CE,Combined TRACON& Tower with Radar,0,26,18,0,44,0,1,21,0,22,0,27,39,0,66,90,0,90,156
12/14/2013,AZO,MI,AGL,CE,Combined TRACON& Tower with Radar,0,14,5,0,19,0,0,0,0,0,0,14,5,0,19,0,0,0,19
12/15/2013,AZO,MI,AGL,CE,Combined TRACON& Tower with Radar,0,22,5,0,27,0,0,0,0,0,0,22,5,0,27,0,0,0,27
12/16/2013,AZO,MI,AGL,CE,Combined TRACON& Tower with Radar,0,21,46,0,67,0,0,28,0,28,0,21,74,0,95,46,0,46,141
12/17/2013,AZO,MI,AGL,CE,Combined TRACON& Tower with Radar,0,19,9,0,28,0,0,0,0,0,0,19,9,0,28,0,0,0,28
12/18/2013,AZO,MI,AGL,CE,Combined TRACON& Tower with Radar,0,25,25,0,50,0,1,23,0,24,0,26,48,0,74,30,0,30,104
12/19/2013,AZO,MI,AGL,CE,Combined TRACON& Tower with Radar,0,21,25,0,46,0,0,12,0,12,0,21,37,0,58,38,0,38,96
12/20/2013,AZO,MI,AGL,CE,Combined TRACON& Tower with Radar,0,24,9,0,33,0,0,0,0,0,0,24,9,0,33,0,0,0,33
12/21/2013,AZO,MI,AGL,CE,Combined TRACON& Tower with Radar,0,11,2,0,13,0,0,0,0,0,0,11,2,0,13,0,0,0,13
12/22/2013,AZO,MI,AGL,CE,Combined TRACON& Tower with Radar,0,16,0,0,16,0,0,0,0,0,0,16,0,0,16,4,0,4,20
12/23/2013,AZO,MI,AGL,CE,Combined TRACON& Tower with Radar,0,20,13,0,33,0,0,0,0,0,0,20,13,0,33,2,0,2,35
12/24/2013,AZO,MI,AGL,CE,Combined TRACON& Tower with Radar,0,13,11,0,24,0,2,4,0,6,0,15,15,0,30,0,0,0,30
12/25/2013,AZO,MI,AGL,CE,Combined TRACON& Tower with Radar,0,11,1,0,12,0,0,0,0,0,0,11,1,0,12,0,0,0,12
12/26/2013,AZO,MI,AGL,CE,Combined TRACON& Tower with Radar,0,21,8,0,29,0,0,0,0,0,0,21,8,0,29,0,0,0,29
12/27/2013,AZO,MI,AGL,CE,Combined TRACON& Tower with Radar,0,23,9,0,32,0,0,18,0,18,0,23,27,0,50,64,0,64,114
12/28/2013,AZO,MI,AGL,CE,Combined TRACON& Tower with Radar,0,19,13,0,32,0,0,46,0,46,0,19,59,0,78,52,0,52,130
12/29/2013,AZO,MI,AGL,CE,Combined TRACON& Tower with Radar,0,12,3,0,15,0,0,15,0,15,0,12,18,0,30,30,0,30,60
12/30/2013,AZO,MI,AGL,CE,Combined TRACON& Tower with Radar,0,17,6,3,26,0,0,5,0,5,0,17,11,3,31,0,0,0,31
12/31/2013,AZO,MI,AGL,CE,Combined TRACON& Tower with Radar,0,5,1,0,6,0,0,0,0,0,0,5,1,0,6,0,0,0,6
01/01/2014,AZO,MI,AGL,CE,Combined TRACON& Tower with Radar,0,8,3,0,11,0,0,0,0,0,0,8,3,0,11,0,0,0,11
01/02/2014,AZO,MI,AGL,CE,Combined TRACON& Tower with Radar,0,13,6,0,19,0,0,0,0,0,0,13,6,0,19,0,0,0,19
01/03/2014,AZO,MI,AGL,CE,Combined TRACON& Tower with Radar,0,19,15,0,34,0,0,19,0,19,0,19,34,0,53,30,0,30,83
01/04/2014,AZO,MI,AGL,CE,Combined TRACON& Tower with Radar,0,14,8,0,22,0,0,6,0,6,0,14,14,0,28,0,0,0,28
01/05/2014,AZO,MI,AGL,CE,Combined TRACON& Tower with Radar,0,8,8,0,16,0,0,0,0,0,0,8,8,0,16,0,0,0,16
01/06/2014,AZO,MI,AGL,CE,Combined TRACON& Tower with Radar,0,1,3,0,4,0,0,0,0,0,0,1,3,0,4,0,0,0,4
01/07/2014,AZO,MI,AGL,CE,Combined TRACON& Tower with Radar,0,1,3,0,4,0,0,0,0,0,0,1,3,0,4,0,0,0,4
01/08/2014,AZO,MI,AGL,CE,Combined TRACON& Tower with Radar,0,12,5,0,17,0,0,4,0,4,0,12,9,0,21,10,0,10,31
01/09/2014,AZO,MI,AGL,CE,Combined TRACON& Tower with Radar,0,19,13,0,32,0,0,7,2,9,0,19,20,2,41,0,0,0,41
01/10/2014,AZO,MI,AGL,CE,Combined TRACON& Tower with Radar,0,8,6,0,14,0,0,0,0,0,0,8,6,0,14,0,0,0,14
01/11/2014,AZO,MI,AGL,CE,Combined TRACON& Tower with Radar,0,15,1,0,16,0,0,0,0,0,0,15,1,0,16,0,0,0,16
01/12/2014,AZO,MI,AGL,CE,Combined TRACON& Tower with Radar,0,23,5,0,28,0,0,19,0,19,0,23,24,0,47,84,0,84,131
01/13/2014,AZO,MI,AGL,CE,Combined TRACON& Tower with Radar,0,20,35,0,55,0,0,41,0,41,0,20,76,0,96,72,0,72,168
01/14/2014,AZO,MI,AGL,CE,Combined TRACON& Tower with Radar,0,23,19,0,42,0,0,8,0,8,0,23,27,0,50,34,0,34,84
01/15/2014,AZO,MI,AGL,CE,Combined TRACON& Tower with Radar,0,20,12,0,32,0,0,0,0,0,0,20,12,0,32,0,0,0,32
01/16/2014,AZO,MI,AGL,CE,Combined TRACON& Tower with Radar,0,24,3,0,27,0,0,0,0,0,0,24,3,0,27,0,0,0,27
01/17/2014,AZO,MI,AGL,CE,Combined TRACON& Tower with Radar,0,21,6,0,27,0,0,0,0,0,0,21,6,0,27,0,0,0,27
01/18/2014,AZO,MI,AGL,CE,Combined TRACON& Tower with Radar,0,16,11,0,27,0,0,4,0,4,0,16,15,0,31,34,0,34,65
01/19/2014,AZO,MI,AGL,CE,Combined TRACON& Tower with Radar,0,17,3,0,20,0,0,6,0,6,0,17,9,0,26,10,0,10,36
01/20/2014,AZO,MI,AGL,CE,Combined TRACON& Tower with Radar,0,19,12,0,31,0,2,4,0,6,0,21,16,0,37,38,0,38,75
01/21/2014,AZO,MI,AGL,CE,Combined TRACON& Tower with Radar,0,18,49,0,67,0,0,46,0,46,0,18,95,0,113,158,0,158,271
01/22/2014,AZO,MI,AGL,CE,Combined TRACON& Tower with Radar,0,15,11,0,26,0,0,4,0,4,0,15,15,0,30,4,0,4,34
01/23/2014,AZO,MI,AGL,CE,Combined TRACON& Tower with Radar,0,23,52,1,76,0,0,42,2,44,0,23,94,3,120,101,0,101,221
01/24/2014,AZO,MI,AGL,CE,Combined TRACON& Tower with Radar,0,18,4,0,22,0,0,0,1,1,0,18,4,1,23,0,0,0,23
01/25/2014,AZO,MI,AGL,CE,Combined TRACON& Tower with Radar,0,16,6,0,22,0,0,0,0,0,0,16,6,0,22,0,0,0,22
01/26/2014,AZO,MI,AGL,CE,Combined TRACON& Tower with Radar,0,14,5,0,19,0,0,0,0,0,0,14,5,0,19,0,0,0,19
01/27/2014,AZO,MI,AGL,CE,Combined TRACON& Tower with Radar,2,19,7,0,28,0,0,0,0,0,2,19,7,0,28,0,0,0,28
01/28/2014,AZO,MI,AGL,CE,Combined TRACON& Tower with Radar,0,25,15,0,40,0,0,11,0,11,0,25,26,0,51,0,0,0,51
01/29/2014,AZO,MI,AGL,CE,Combined TRACON& Tower with Radar,0,19,36,0,55,0,0,26,0,26,0,19,62,0,81,70,0,70,151
01/30/2014,AZO,MI,AGL,CE,Combined TRACON& Tower with Radar,0,10,11,2,23,0,0,5,2,7,0,10,16,4,30,26,0,26,56
01/31/2014,AZO,MI,AGL,CE,Combined TRACON& Tower with Radar,0,28,26,0,54,0,0,16,0,16,0,28,42,0,70,80,0,80,150
02/01/2014,AZO,MI,AGL,CE,Combined TRACON& Tower with Radar,0,17,0,0,17,0,0,0,0,0,0,17,0,0,17,0,0,0,17
02/02/2014,AZO,MI,AGL,CE,Combined TRACON& Tower with Radar,0,15,6,0,21,0,0,3,0,3,0,15,9,0,24,20,0,20,44
02/03/2014,AZO,MI,AGL,CE,Combined TRACON& Tower with Radar,0,25,35,0,60,0,0,26,0,26,0,25,61,0,86,60,0,60,146
02/04/2014,AZO,MI,AGL,CE,Combined TRACON& Tower with Radar,0,22,26,0,48,0,0,8,0,8,0,22,34,0,56,38,0,38,94
02/05/2014,AZO,MI,AGL,CE,Combined TRACON& Tower with Radar,0,20,13,0,33,0,0,3,0,3,0,20,16,0,36,12,0,12,48
02/06/2014,AZO,MI,AGL,CE,Combined TRACON& Tower with Radar,0,23,24,0,47,0,0,1,0,1,0,23,25,0,48,12,0,12,60
02/07/2014,AZO,MI,AGL,CE,Combined TRACON& Tower with Radar,0,20,19,2,41,0,0,13,0,13,0,20,32,2,54,8,0,8,62
02/08/2014,AZO,MI,AGL,CE,Combined TRACON& Tower with Radar,0,17,3,0,20,0,0,9,0,9,0,17,12,0,29,2,0,2,31
02/09/2014,AZO,MI,AGL,CE,Combined TRACON& Tower with Radar,0,20,7,0,27,0,0,1,0,1,0,20,8,0,28,0,0,0,28
02/10/2014,AZO,MI,AGL,CE,Combined TRACON& Tower with Radar,0,22,28,0,50,0,0,3,0,3,0,22,31,0,53,6,0,6,59
02/11/2014,AZO,MI,AGL,CE,Combined TRACON& Tower with Radar,0,21,33,0,54,0,0,20,0,20,0,21,53,0,74,120,0,120,194
02/12/2014,AZO,MI,AGL,CE,Combined TRACON& Tower with Radar,0,21,21,0,42,0,0,24,0,24,0,21,45,0,66,28,0,28,94
02/13/2014,AZO,MI,AGL,CE,Combined TRACON& Tower with Radar,0,23,22,0,45,0,0,12,0,12,0,23,34,0,57,8,0,8,65
02/14/2014,AZO,MI,AGL,CE,Combined TRACON& Tower with Radar,0,23,7,0,30,0,0,1,0,1,0,23,8,0,31,0,0,0,31
02/15/2014,AZO,MI,AGL,CE,Combined TRACON& Tower with Radar,0,19,13,0,32,0,0,36,0,36,0,19,49,0,68,82,0,82,150
02/16/2014,AZO,MI,AGL,CE,Combined TRACON& Tower with Radar,0,19,7,0,26,0,0,12,0,12,0,19,19,0,38,46,0,46,84
02/17/2014,AZO,MI,AGL,CE,Combined TRACON& Tower with Radar,0,12,11,0,23,0,0,6,0,6,0,12,17,0,29,16,0,16,45
02/18/2014,AZO,MI,AGL,CE,Combined TRACON& Tower with Radar,1,22,29,0,52,0,2,32,0,34,1,24,61,0,86,90,0,90,176
02/19/2014,AZO,MI,AGL,CE,Combined TRACON& Tower with Radar,1,22,25,0,48,0,0,29,0,29,1,22,54,0,77,90,0,90,167
02/20/2014,AZO,MI,AGL,CE,Combined TRACON& Tower with Radar,2,18,8,0,28,0,0,0,0,0,2,18,8,0,28,0,0,0,28
02/21/2014,AZO,MI,AGL,CE,Combined TRACON& Tower with Radar,0,20,9,0,29,0,0,0,0,0,0,20,9,0,29,0,0,0,29
02/22/2014,AZO,MI,AGL,CE,Combined TRACON& Tower with Radar,0,16,24,0,40,0,0,37,0,37,0,16,61,0,77,152,0,152,229
02/23/2014,AZO,MI,AGL,CE,Combined TRACON& Tower with Radar,1,22,9,0,32,0,0,14,0,14,1,22,23,0,46,56,0,56,102
02/24/2014,AZO,MI,AGL,CE,Combined TRACON& Tower with Radar,2,22,13,0,37,0,0,7,0,7,2,22,20,0,44,18,0,18,62
02/25/2014,AZO,MI,AGL,CE,Combined TRACON& Tower with Radar,1,22,26,0,49,0,0,6,0,6,1,22,32,0,55,24,0,24,79
02/26/2014,AZO,MI,AGL,CE,Combined TRACON& Tower with Radar,0,20,21,0,41,0,0,12,0,12,0,20,33,0,53,20,0,20,73
02/27/2014,AZO,MI,AGL,CE,Combined TRACON& Tower with Radar,1,23,11,0,35,0,0,7,0,7,1,23,18,0,42,0,0,0,42
02/28/2014,AZO,MI,AGL,CE,Combined TRACON& Tower with Radar,2,21,12,0,35,0,1,9,0,10,2,22,21,0,45,58,0,58,103
03/01/2014,AZO,MI,AGL,CE,Combined TRACON& Tower with Radar,0,17,5,0,22,0,0,3,0,3,0,17,8,0,25,0,0,0,25
03/02/2014,AZO,MI,AGL,CE,Combined TRACON& Tower with Radar,0,20,7,0,27,0,0,13,0,13,0,20,20,0,40,0,0,0,40
03/03/2014,AZO,MI,AGL,CE,Combined TRACON& Tower with Radar,0,23,12,0,35,0,0,15,0,15,0,23,27,0,50,20,0,20,70
03/04/2014,AZO,MI,AGL,CE,Combined TRACON& Tower with Radar,0,19,20,0,39,1,0,16,0,17,1,19,36,0,56,58,0,58,114
03/05/2014,AZO,MI,AGL,CE,Combined TRACON& Tower with Radar,0,17,23,0,40,0,0,6,0,6,0,17,29,0,46,8,0,8,54
03/06/2014,AZO,MI,AGL,CE,Combined TRACON& Tower with Radar,0,25,15,0,40,0,20,29,0,49,0,45,44,0,89,92,0,92,181
03/07/2014,AZO,MI,AGL,CE,Combined TRACON& Tower with Radar,0,28,45,0,73,0,1,29,0,30,0,29,74,0,103,54,0,54,157
03/08/2014,AZO,MI,AGL,CE,Combined TRACON& Tower with Radar,0,18,6,0,24,0,0,2,0,2,0,18,8,0,26,30,0,30,56
03/09/2014,AZO,MI,AGL,CE,Combined TRACON& Tower with Radar,0,23,28,0,51,0,0,18,0,18,0,23,46,0,69,66,0,66,135
03/10/2014,AZO,MI,AGL,CE,Combined TRACON& Tower with Radar,0,22,54,0,76,0,0,26,0,26,0,22,80,0,102,80,0,80,182
03/11/2014,AZO,MI,AGL,CE,Combined TRACON& Tower with Radar,0,21,29,0,50,0,0,23,0,23,0,21,52,0,73,158,0,158,231
03/12/2014,AZO,MI,AGL,CE,Combined TRACON& Tower with Radar,0,11,11,0,22,0,0,2,0,2,0,11,13,0,24,6,0,6,30
03/13/2014,AZO,MI,AGL,CE,Combined TRACON& Tower with Radar,0,23,45,0,68,0,2,22,0,24,0,25,67,0,92,88,0,88,180
03/14/2014,AZO,MI,AGL,CE,Combined TRACON& Tower with Radar,0,24,23,0,47,0,1,14,0,15,0,25,37,0,62,28,0,28,90
03/15/2014,AZO,MI,AGL,CE,Combined TRACON& Tower with Radar,0,16,45,0,61,0,0,41,0,41,0,16,86,0,102,130,0,130,232
03/16/2014,AZO,MI,AGL,CE,Combined TRACON& Tower with Radar,0,24,5,0,29,0,0,23,0,23,0,24,28,0,52,44,0,44,96
03/17/2014,AZO,MI,AGL,CE,Combined TRACON& Tower with Radar,0,22,27,0,49,0,0,31,0,31,0,22,58,0,80,148,0,148,228
03/18/2014,AZO,MI,AGL,CE,Combined TRACON& Tower with Radar,2,22,30,0,54,0,0,48,0,48,2,22,78,0,102,174,0,174,276
03/19/2014,AZO,MI,AGL,CE,Combined TRACON& Tower with Radar,0,21,8,0,29,0,0,1,0,1,0,21,9,0,30,0,0,0,30
03/20/2014,AZO,MI,AGL,CE,Combined TRACON& Tower with Radar,0,21,29,0,50,0,0,38,0,38,0,21,67,0,88,60,0,60,148
03/21/2014,AZO,MI,AGL,CE,Combined TRACON& Tower with Radar,0,24,14,0,38,0,0,51,0,51,0,24,65,0,89,151,0,151,240
03/22/2014,AZO,MI,AGL,CE,Combined TRACON& Tower with Radar,0,18,11,0,29,0,0,10,0,10,0,18,21,0,39,28,0,28,67
03/23/2014,AZO,MI,AGL,CE,Combined TRACON& Tower with Radar,2,22,17,0,41,0,0,32,0,32,2,22,49,0,73,30,0,30,103
03/24/2014,AZO,MI,AGL,CE,Combined TRACON& Tower with Radar,0,23,26,0,49,0,4,16,0,20,0,27,42,0,69,56,0,56,125
03/25/2014,AZO,MI,AGL,CE,Combined TRACON& Tower with Radar,0,24,22,3,49,0,0,4,1,5,0,24,26,4,54,30,0,30,84
03/26/2014,AZO,MI,AGL,CE,Combined TRACON& Tower with Radar,0,24,24,0,48,0,0,56,0,56,0,24,80,0,104,134,0,134,238
03/27/2014,AZO,MI,AGL,CE,Combined TRACON& Tower with Radar,0,27,14,0,41,0,0,2,0,2,0,27,16,0,43,8,0,8,51
03/28/2014,AZO,MI,AGL,CE,Combined TRACON& Tower with Radar,0,27,9,0,36,0,0,3,0,3,0,27,12,0,39,36,0,36,75
03/29/2014,AZO,MI,AGL,CE,Combined TRACON& Tower with Radar,0,24,16,0,40,0,0,4,0,4,0,24,20,0,44,36,0,36,80
03/30/2014,AZO,MI,AGL,CE,Combined TRACON& Tower with Radar,0,25,20,0,45,0,0,55,0,55,0,25,75,0,100,76,0,76,176
03/31/2014,AZO,MI,AGL,CE,Combined TRACON& Tower with Radar,0,21,49,0,70,0,1,40,0,41,0,22,89,0,111,168,0,168,279
04/01/2014,AZO,MI,AGL,CE,Combined TRACON& Tower with Radar,0,27,14,0,41,0,0,8,0,8,0,27,22,0,49,2,0,2,51
04/02/2014,AZO,MI,AGL,CE,Combined TRACON& Tower with Radar,0,28,37,1,66,0,0,36,1,37,0,28,73,2,103,170,0,170,273
04/03/2014,AZO,MI,AGL,CE,Combined TRACON& Tower with Radar,0,24,14,0,38,0,0,0,0,0,0,24,14,0,38,0,0,0,38
04/04/2014,AZO,MI,AGL,CE,Combined TRACON& Tower with Radar,0,25,8,0,33,0,0,2,0,2,0,25,10,0,35,0,0,0,35
04/05/2014,AZO,MI,AGL,CE,Combined TRACON& Tower with Radar,0,21,32,0,53,0,0,43,0,43,0,21,75,0,96,80,0,80,176
04/06/2014,AZO,MI,AGL,CE,Combined TRACON& Tower with Radar,0,25,23,0,48,0,0,42,0,42,0,25,65,0,90,38,0,38,128
04/07/2014,AZO,MI,AGL,CE,Combined TRACON& Tower with Radar,2,27,29,0,58,0,0,12,0,12,2,27,41,0,70,62,0,62,132
04/08/2014,AZO,MI,AGL,CE,Combined TRACON& Tower with Radar,4,26,35,0,65,0,0,37,0,37,4,26,72,0,102,68,0,68,170
04/09/2014,AZO,MI,AGL,CE,Combined TRACON& Tower with Radar,0,27,26,0,53,0,0,41,0,41,0,27,67,0,94,120,0,120,214
04/10/2014,AZO,MI,AGL,CE,Combined TRACON& Tower with Radar,0,26,27,0,53,0,1,10,0,11,0,27,37,0,64,26,0,26,90
04/11/2014,AZO,MI,AGL,CE,Combined TRACON& Tower with Radar,4,29,25,0,58,0,0,63,0,63,4,29,88,0,121,70,0,70,191
04/12/2014,AZO,MI,AGL,CE,Combined TRACON& Tower with Radar,2,19,16,0,37,0,0,33,0,33,2,19,49,0,70,46,0,46,116
04/13/2014,AZO,MI,AGL,CE,Combined TRACON& Tower with Radar,0,21,6,0,27,0,0,13,0,13,0,21,19,0,40,0,0,0,40
04/14/2014,AZO,MI,AGL,CE,Combined TRACON& Tower with Radar,2,21,12,0,35,0,0,2,0,2,2,21,14,0,37,0,0,0,37
04/15/2014,AZO,MI,AGL,CE,Combined TRACON& Tower with Radar,1,25,57,0,83,0,0,13,0,13,1,25,70,0,96,58,0,58,154
04/16/2014,AZO,MI,AGL,CE,Combined TRACON& Tower with Radar,0,26,39,0,65,0,0,35,2,37,0,26,74,2,102,42,0,42,144
04/17/2014,AZO,MI,AGL,CE,Combined TRACON& Tower with Radar,0,28,34,0,62,0,0,21,0,21,0,28,55,0,83,40,0,40,123
04/18/2014,AZO,MI,AGL,CE,Combined TRACON& Tower with Radar,0,21,27,0,48,0,0,47,0,47,0,21,74,0,95,87,0,87,182
04/19/2014,AZO,MI,AGL,CE,Combined TRACON& Tower with Radar,0,16,17,0,33,0,0,78,0,78,0,16,95,0,111,57,0,57,168
04/20/2014,AZO,MI,AGL,CE,Combined TRACON& Tower with Radar,0,20,10,0,30,0,0,19,0,19,0,20,29,0,49,28,0,28,77
04/21/2014,AZO,MI,AGL,CE,Combined TRACON& Tower with Radar,0,28,38,0,66,0,0,30,0,30,0,28,68,0,96,58,0,58,154
04/22/2014,AZO,MI,AGL,CE,Combined TRACON& Tower with Radar,0,25,38,2,65,0,0,17,0,17,0,25,55,2,82,42,0,42,124
04/23/2014,AZO,MI,AGL,CE,Combined TRACON& Tower with Radar,0,28,45,0,73,0,0,54,0,54,0,28,99,0,127,90,0,90,217
04/24/2014,AZO,MI,AGL,CE,Combined TRACON& Tower with Radar,0,22,20,0,42,0,0,27,0,27,0,22,47,0,69,42,0,42,111
04/25/2014,AZO,MI,AGL,CE,Combined TRACON& Tower with Radar,0,24,9,0,33,1,0,8,0,9,1,24,17,0,42,2,0,2,44
04/26/2014,AZO,MI,AGL,CE,Combined TRACON& Tower with Radar,0,18,25,0,43,0,0,55,0,55,0,18,80,0,98,90,0,90,188
04/27/2014,AZO,MI,AGL,CE,Combined TRACON& Tower with Radar,0,20,3,0,23,0,0,22,0,22,0,20,25,0,45,0,0,0,45
04/28/2014,AZO,MI,AGL,CE,Combined TRACON& Tower with Radar,0,27,9,0,36,0,0,1,0,1,0,27,10,0,37,2,0,2,39
04/29/2014,AZO,MI,AGL,CE,Combined TRACON& Tower with Radar,0,20,24,0,44,0,0,6,0,6,0,20,30,0,50,20,0,20,70
04/30/2014,AZO,MI,AGL,CE,Combined TRACON& Tower with Radar,2,26,36,1,65,0,0,17,1,18,2,26,53,2,83,68,0,68,151
05/01/2014,AZO,MI,AGL,CE,Combined TRACON& Tower with Radar,0,30,19,0,49,0,3,4,0,7,0,33,23,0,56,6,0,6,62
05/02/2014,AZO,MI,AGL,CE,Combined TRACON& Tower with Radar,0,31,4,0,35,0,0,1,0,1,0,31,5,0,36,0,0,0,36
05/03/2014,AZO,MI,AGL,CE,Combined TRACON& Tower with Radar,0,20,15,0,35,0,0,110,0,110,0,20,125,0,145,72,0,72,217
05/04/2014,AZO,MI,AGL,CE,Combined TRACON& Tower with Radar,0,27,10,0,37,0,0,34,0,34,0,27,44,0,71,28,0,28,99
05/05/2014,AZO,MI,AGL,CE,Combined TRACON& Tower with Radar,0,27,34,4,65,0,0,27,0,27,0,27,61,4,92,86,0,86,178
05/06/2014,AZO,MI,AGL,CE,Combined TRACON& Tower with Radar,0,27,33,0,60,0,0,35,0,35,0,27,68,0,95,61,0,61,156
05/07/2014,AZO,MI,AGL,CE,Combined TRACON& Tower with Radar,0,32,26,0,58,0,0,14,0,14,0,32,40,0,72,68,0,68,140
05/08/2014,AZO,MI,AGL,CE,Combined TRACON& Tower with Radar,0,27,35,0,62,0,0,21,0,21,0,27,56,0,83,44,0,44,127
05/09/2014,AZO,MI,AGL,CE,Combined TRACON& Tower with Radar,0,33,20,0,53,0,0,4,0,4,0,33,24,0,57,6,0,6,63
05/10/2014,AZO,MI,AGL,CE,Combined TRACON& Tower with Radar,0,22,25,0,47,0,0,62,0,62,0,22,87,0,109,64,0,64,173
05/11/2014,AZO,MI,AGL,CE,Combined TRACON& Tower with Radar,0,21,10,0,31,0,0,19,0,19,0,21,29,0,50,20,0,20,70
05/12/2014,AZO,MI,AGL,CE,Combined TRACON& Tower with Radar,0,22,12,0,34,0,0,1,0,1,0,22,13,0,35,8,0,8,43
05/13/2014,AZO,MI,AGL,CE,Combined TRACON& Tower with Radar,0,13,18,0,31,0,0,4,0,4,0,13,22,0,35,16,0,16,51
05/14/2014,AZO,MI,AGL,CE,Combined TRACON& Tower with Radar,0,27,36,0,63,0,0,16,0,16,0,27,52,0,79,84,0,84,163
05/15/2014,AZO,MI,AGL,CE,Combined TRACON& Tower with Radar,0,28,7,0,35,0,0,0,0,0,0,28,7,0,35,2,0,2,37
05/16/2014,AZO,MI,AGL,CE,Combined TRACON& Tower with Radar,0,27,53,0,80,0,0,24,0,24,0,27,77,0,104,76,0,76,180
05/17/2014,AZO,MI,AGL,CE,Combined TRACON& Tower with Radar,2,22,20,0,44,0,0,44,1,45,2,22,64,1,89,20,0,20,109
05/18/2014,AZO,MI,AGL,CE,Combined TRACON& Tower with Radar,0,24,8,0,32,0,0,45,0,45,0,24,53,0,77,102,0,102,179
05/19/2014,AZO,MI,AGL,CE,Combined TRACON& Tower with Radar,0,23,32,0,55,0,0,40,0,40,0,23,72,0,95,96,0,96,191
05/20/2014,AZO,MI,AGL,CE,Combined TRACON& Tower with Radar,0,24,17,0,41,0,0,14,0,14,0,24,31,0,55,66,0,66,121
05/21/2014,AZO,MI,AGL,CE,Combined TRACON& Tower with Radar,0,26,30,2,58,0,0,34,0,34,0,26,64,2,92,64,0,64,156
05/22/2014,AZO,MI,AGL,CE,Combined TRACON& Tower with Radar,0,24,27,0,51,0,1,37,0,38,0,25,64,0,89,76,0,76,165
05/23/2014,AZO,MI,AGL,CE,Combined TRACON& Tower with Radar,0,28,21,0,49,0,0,55,2,57,0,28,76,2,106,54,2,56,162
05/24/2014,AZO,MI,AGL,CE,Combined TRACON& Tower with Radar,0,20,20,0,40,0,0,53,0,53,0,20,73,0,93,72,0,72,165
05/25/2014,AZO,MI,AGL,CE,Combined TRACON& Tower with Radar,0,13,6,0,19,0,0,39,0,39,0,13,45,0,58,36,0,36,94
05/26/2014,AZO,MI,AGL,CE,Combined TRACON& Tower with Radar,0,21,6,0,27,0,2,22,0,24,0,23,28,0,51,2,0,2,53
05/27/2014,AZO,MI,AGL,CE,Combined TRACON& Tower with Radar,0,29,19,0,48,0,0,6,0,6,0,29,25,0,54,36,0,36,90
05/28/2014,AZO,MI,AGL,CE,Combined TRACON& Tower with Radar,0,25,60,0,85,0,0,3,0,3,0,25,63,0,88,82,0,82,170
05/29/2014,AZO,MI,AGL,CE,Combined TRACON& Tower with Radar,0,24,18,0,42,0,0,58,0,58,0,24,76,0,100,146,0,146,246
05/30/2014,AZO,MI,AGL,CE,Combined TRACON& Tower with Radar,0,28,18,0,46,0,1,70,0,71,0,29,88,0,117,128,0,128,245
05/31/2014,AZO,MI,AGL,CE,Combined TRACON& Tower with Radar,3,26,16,0,45,0,0,54,0,54,3,26,70,0,99,103,0,103,202
06/01/2014,AZO,MI,AGL,CE,Combined TRACON& Tower with Radar,0,22,16,0,38,0,0,38,1,39,0,22,54,1,77,58,0,58,135
06/02/2014,AZO,MI,AGL,CE,Combined TRACON& Tower with Radar,0,25,21,0,46,0,0,5,0,5,0,25,26,0,51,14,0,14,65
06/03/2014,AZO,MI,AGL,CE,Combined TRACON& Tower with Radar,0,25,21,0,46,0,0,25,0,25,0,25,46,0,71,32,0,32,103
06/04/2014,AZO,MI,AGL,CE,Combined TRACON& Tower with Radar,0,25,27,0,52,0,0,8,0,8,0,25,35,0,60,62,0,62,122
06/05/2014,AZO,MI,AGL,CE,Combined TRACON& Tower with Radar,0,29,33,0,62,0,0,75,2,77,0,29,108,2,139,154,0,154,293
06/06/2014,AZO,MI,AGL,CE,Combined TRACON& Tower with Radar,0,22,40,0,62,0,0,52,0,52,0,22,92,0,114,96,0,96,210
06/07/2014,AZO,MI,AGL,CE,Combined TRACON& Tower with Radar,0,19,14,0,33,0,0,58,0,58,0,19,72,0,91,71,0,71,162
06/08/2014,AZO,MI,AGL,CE,Combined TRACON& Tower with Radar,0,24,19,0,43,0,0,14,0,14,0,24,33,0,57,44,0,44,101
06/09/2014,AZO,MI,AGL,CE,Combined TRACON& Tower with Radar,2,24,23,0,49,0,0,26,1,27,2,24,49,1,76,60,0,60,136
06/10/2014,AZO,MI,AGL,CE,Combined TRACON& Tower with Radar,0,25,23,0,48,0,0,13,0,13,0,25,36,0,61,46,0,46,107
06/11/2014,AZO,MI,AGL,CE,Combined TRACON& Tower with Radar,0,29,20,0,49,0,0,1,0,1,0,29,21,0,50,24,0,24,74
06/12/2014,AZO,MI,AGL,CE,Combined TRACON& Tower with Radar,0,26,32,0,58,0,0,13,0,13,0,26,45,0,71,46,0,46,117
06/13/2014,AZO,MI,AGL,CE,Combined TRACON& Tower with Radar,0,28,30,0,58,0,0,30,0,30,0,28,60,0,88,60,0,60,148
06/14/2014,AZO,MI,AGL,CE,Combined TRACON& Tower with Radar,0,18,10,2,30,0,0,78,0,78,0,18,88,2,108,109,0,109,217
06/15/2014,AZO,MI,AGL,CE,Combined TRACON& Tower with Radar,0,25,14,0,39,0,0,15,0,15,0,25,29,0,54,26,0,26,80
06/16/2014,AZO,MI,AGL,CE,Combined TRACON& Tower with Radar,0,39,27,0,66,0,0,32,0,32,0,39,59,0,98,72,0,72,170
06/17/2014,AZO,MI,AGL,CE,Combined TRACON& Tower with Radar,0,27,19,0,46,0,0,14,0,14,0,27,33,0,60,36,0,36,96
06/18/2014,AZO,MI,AGL,CE,Combined TRACON& Tower with Radar,0,25,18,0,43,0,0,5,0,5,0,25,23,0,48,26,0,26,74
06/19/2014,AZO,MI,AGL,CE,Combined TRACON& Tower with Radar,0,33,31,0,64,0,0,7,0,7,0,33,38,0,71,42,0,42,113
06/20/2014,AZO,MI,AGL,CE,Combined TRACON& Tower with Radar,0,33,28,0,61,0,0,11,0,11,0,33,39,0,72,72,0,72,144
06/21/2014,AZO,MI,AGL,CE,Combined TRACON& Tower with Radar,0,20,32,0,52,0,0,14,0,14,0,20,46,0,66,50,0,50,116
06/22/2014,AZO,MI,AGL,CE,Combined TRACON& Tower with Radar,0,27,10,0,37,0,0,35,0,35,0,27,45,0,72,12,0,12,84
06/23/2014,AZO,MI,AGL,CE,Combined TRACON& Tower with Radar,0,25,11,0,36,0,0,2,0,2,0,25,13,0,38,8,0,8,46
06/24/2014,AZO,MI,AGL,CE,Combined TRACON& Tower with Radar,0,28,28,0,56,0,0,3,0,3,0,28,31,0,59,36,0,36,95
06/25/2014,AZO,MI,AGL,CE,Combined TRACON& Tower with Radar,0,28,22,0,50,0,0,4,0,4,0,28,26,0,54,66,0,66,120
06/26/2014,AZO,MI,AGL,CE,Combined TRACON& Tower with Radar,0,33,36,0,69,0,0,34,0,34,0,33,70,0,103,116,0,116,219
06/27/2014,AZO,MI,AGL,CE,Combined TRACON& Tower with Radar,0,31,39,0,70,0,0,73,0,73,0,31,112,0,143,141,0,141,284
06/28/2014,AZO,MI,AGL,CE,Combined TRACON& Tower with Radar,0,22,10,0,32,0,0,28,0,28,0,22,38,0,60,46,0,46,106
06/29/2014,AZO,MI,AGL,CE,Combined TRACON& Tower with Radar,0,17,7,0,24,0,0,20,1,21,0,17,27,1,45,0,0,0,45
06/30/2014,AZO,MI,AGL,CE,Combined TRACON& Tower with Radar,0,17,31,0,48,0,0,10,0,10,0,17,41,0,58,44,0,44,102
07/01/2014,AZO,MI,AGL,CE,Combined TRACON& Tower with Radar,0,23,30,2,55,0,0,23,0,23,0,23,53,2,78,60,0,60,138
07/02/2014,AZO,MI,AGL,CE,Combined TRACON& Tower with Radar,0,29,31,0,60,0,0,41,0,41,0,29,72,0,101,46,0,46,147
07/03/2014,AZO,MI,AGL,CE,Combined TRACON& Tower with Radar,0,28,30,0,58,0,3,38,0,41,0,31,68,0,99,66,0,66,165
07/04/2014,AZO,MI,AGL,CE,Combined TRACON& Tower with Radar,0,14,7,0,21,0,0,37,0,37,0,14,44,0,58,12,0,12,70
07/05/2014,AZO,MI,AGL,CE,Combined TRACON& Tower with Radar,0,17,13,0,30,0,0,45,1,46,0,17,58,1,76,38,0,38,114
07/06/2014,AZO,MI,AGL,CE,Combined TRACON& Tower with Radar,0,22,15,0,37,0,0,35,1,36,0,22,50,1,73,10,0,10,83
07/07/2014,AZO,MI,AGL,CE,Combined TRACON& Tower with Radar,0,28,46,0,74,0,0,23,8,31,0,28,69,8,105,54,0,54,159
07/08/2014,AZO,MI,AGL,CE,Combined TRACON& Tower with Radar,0,26,19,0,45,0,0,5,0,5,0,26,24,0,50,12,0,12,62
07/09/2014,AZO,MI,AGL,CE,Combined TRACON& Tower with Radar,0,28,35,0,63,0,0,61,0,61,0,28,96,0,124,94,0,94,218
07/10/2014,AZO,MI,AGL,CE,Combined TRACON& Tower with Radar,0,29,25,0,54,0,0,70,1,71,0,29,95,1,125,102,0,102,227
07/11/2014,AZO,MI,AGL,CE,Combined TRACON& Tower with Radar,0,34,23,0,57,0,0,53,0,53,0,34,76,0,110,84,0,84,194
07/12/2014,AZO,MI,AGL,CE,Combined TRACON& Tower with Radar,0,24,14,0,38,0,0,34,0,34,0,24,48,0,72,84,0,84,156
07/13/2014,AZO,MI,AGL,CE,Combined TRACON& Tower with Radar,0,24,16,0,40,0,0,38,0,38,0,24,54,0,78,28,0,28,106
07/14/2014,AZO,MI,AGL,CE,Combined TRACON& Tower with Radar,0,31,24,0,55,0,0,15,0,15,0,31,39,0,70,68,0,68,138
07/15/2014,AZO,MI,AGL,CE,Combined TRACON& Tower with Radar,0,29,17,0,46,0,1,14,0,15,0,30,31,0,61,44,0,44,105
07/16/2014,AZO,MI,AGL,CE,Combined TRACON& Tower with Radar,1,30,35,0,66,0,0,28,1,29,1,30,63,1,95,45,0,45,140
07/17/2014,AZO,MI,AGL,CE,Combined TRACON& Tower with Radar,0,32,32,0,64,0,0,62,1,63,0,32,94,1,127,75,0,75,202
07/18/2014,AZO,MI,AGL,CE,Combined TRACON& Tower with Radar,0,28,27,0,55,0,0,53,0,53,0,28,80,0,108,96,0,96,204
07/19/2014,AZO,MI,AGL,CE,Combined TRACON& Tower with Radar,0,21,16,0,37,0,0,42,0,42,0,21,58,0,79,44,0,44,123
07/20/2014,AZO,MI,AGL,CE,Combined TRACON& Tower with Radar,0,22,16,0,38,0,0,54,0,54,0,22,70,0,92,36,0,36,128
07/21/2014,AZO,MI,AGL,CE,Combined TRACON& Tower with Radar,0,33,25,0,58,0,0,41,0,41,0,33,66,0,99,55,0,55,154
07/22/2014,AZO,MI,AGL,CE,Combined TRACON& Tower with Radar,0,27,24,0,51,0,0,25,0,25,0,27,49,0,76,74,0,74,150
07/23/2014,AZO,MI,AGL,CE,Combined TRACON& Tower with Radar,0,28,19,0,47,0,0,27,0,27,0,28,46,0,74,96,0,96,170
07/24/2014,AZO,MI,AGL,CE,Combined TRACON& Tower with Radar,0,33,32,0,65,0,0,50,0,50,0,33,82,0,115,72,0,72,187
07/25/2014,AZO,MI,AGL,CE,Combined TRACON& Tower with Radar,2,28,37,0,67,0,0,58,1,59,2,28,95,1,126,96,0,96,222
07/26/2014,AZO,MI,AGL,CE,Combined TRACON& Tower with Radar,0,20,32,2,54,0,0,43,0,43,0,20,75,2,97,76,0,76,173
07/27/2014,AZO,MI,AGL,CE,Combined TRACON& Tower with Radar,0,18,19,0,37,0,0,7,0,7,0,18,26,0,44,4,0,4,48
07/28/2014,AZO,MI,AGL,CE,Combined TRACON& Tower with Radar,0,33,31,0,64,0,0,17,0,17,0,33,48,0,81,38,0,38,119
07/29/2014,AZO,MI,AGL,CE,Combined TRACON& Tower with Radar,0,28,13,0,41,0,0,38,0,38,0,28,51,0,79,30,0,30,109
07/30/2014,AZO,MI,AGL,CE,Combined TRACON& Tower with Radar,0,32,25,0,57,0,0,31,0,31,0,32,56,0,88,66,0,66,154
07/31/2014,AZO,MI,AGL,CE,Combined TRACON& Tower with Radar,0,31,17,0,48,0,0,51,5,56,0,31,68,5,104,26,0,26,130
08/01/2014,AZO,MI,AGL,CE,Combined TRACON& Tower with Radar,0,28,32,0,60,0,0,37,0,37,0,28,69,0,97,16,0,16,113
08/02/2014,AZO,MI,AGL,CE,Combined TRACON& Tower with Radar,0,21,31,0,52,0,3,60,0,63,0,24,91,0,115,96,0,96,211
08/03/2014,AZO,MI,AGL,CE,Combined TRACON& Tower with Radar,0,24,17,0,41,0,0,45,0,45,0,24,62,0,86,38,0,38,124
08/04/2014,AZO,MI,AGL,CE,Combined TRACON& Tower with Radar,0,35,19,0,54,0,0,28,0,28,0,35,47,0,82,68,0,68,150
08/05/2014,AZO,MI,AGL,CE,Combined TRACON& Tower with Radar,0,28,23,0,51,0,0,13,0,13,0,28,36,0,64,66,0,66,130
08/06/2014,AZO,MI,AGL,CE,Combined TRACON& Tower with Radar,0,33,33,0,66,4,1,39,0,44,4,34,72,0,110,106,0,106,216
08/07/2014,AZO,MI,AGL,CE,Combined TRACON& Tower with Radar,0,31,23,2,56,0,1,79,2,82,0,32,102,4,138,86,0,86,224
08/08/2014,AZO,MI,AGL,CE,Combined TRACON& Tower with Radar,0,29,21,1,51,0,0,59,1,60,0,29,80,2,111,62,0,62,173
08/09/2014,AZO,MI,AGL,CE,Combined TRACON& Tower with Radar,0,21,9,1,31,0,0,60,0,60,0,21,69,1,91,38,0,38,129
08/10/2014,AZO,MI,AGL,CE,Combined TRACON& Tower with Radar,0,26,8,0,34,0,0,42,0,42,0,26,50,0,76,17,0,17,93
08/11/2014,AZO,MI,AGL,CE,Combined TRACON& Tower with Radar,0,30,37,2,69,0,0,1,0,1,0,30,38,2,70,63,0,63,133
08/12/2014,AZO,MI,AGL,CE,Combined TRACON& Tower with Radar,0,25,33,0,58,0,0,2,0,2,0,25,35,0,60,10,0,10,70
08/13/2014,AZO,MI,AGL,CE,Combined TRACON& Tower with Radar,0,32,23,0,55,0,0,57,0,57,0,32,80,0,112,122,0,122,234
08/14/2014,AZO,MI,AGL,CE,Combined TRACON& Tower with Radar,0,27,31,0,58,0,0,57,0,57,0,27,88,0,115,151,0,151,266
08/15/2014,AZO,MI,AGL,CE,Combined TRACON& Tower with Radar,0,31,28,0,59,0,0,64,0,64,0,31,92,0,123,128,0,128,251
08/16/2014,AZO,MI,AGL,CE,Combined TRACON& Tower with Radar,0,20,3,0,23,0,0,37,2,39,0,20,40,2,62,27,0,27,89
08/17/2014,AZO,MI,AGL,CE,Combined TRACON& Tower with Radar,0,25,14,0,39,0,0,10,0,10,0,25,24,0,49,0,0,0,49
08/18/2014,AZO,MI,AGL,CE,Combined TRACON& Tower with Radar,0,26,24,0,50,1,1,46,0,48,1,27,70,0,98,93,0,93,191
08/19/2014,AZO,MI,AGL,CE,Combined TRACON& Tower with Radar,1,18,13,0,32,0,0,5,0,5,1,18,18,0,37,18,0,18,55
08/20/2014,AZO,MI,AGL,CE,Combined TRACON& Tower with Radar,1,25,29,0,55,0,0,29,0,29,1,25,58,0,84,38,0,38,122
08/21/2014,AZO,MI,AGL,CE,Combined TRACON& Tower with Radar,0,21,19,0,40,0,0,19,0,19,0,21,38,0,59,92,0,92,151
08/22/2014,AZO,MI,AGL,CE,Combined TRACON& Tower with Radar,2,26,32,0,60,0,0,0,0,0,2,26,32,0,60,14,0,14,74
08/23/2014,AZO,MI,AGL,CE,Combined TRACON& Tower with Radar,0,16,19,1,36,0,0,37,0,37,0,16,56,1,73,34,0,34,107
08/24/2014,AZO,MI,AGL,CE,Combined TRACON& Tower with Radar,0,23,23,1,47,0,0,29,0,29,0,23,52,1,76,24,0,24,100
08/25/2014,AZO,MI,AGL,CE,Combined TRACON& Tower with Radar,2,23,20,0,45,0,0,7,0,7,2,23,27,0,52,50,0,50,102
08/26/2014,AZO,MI,AGL,CE,Combined TRACON& Tower with Radar,0,20,20,0,40,0,0,19,0,19,0,20,39,0,59,26,0,26,85
08/27/2014,AZO,MI,AGL,CE,Combined TRACON& Tower with Radar,0,26,42,0,68,0,2,42,0,44,0,28,84,0,112,103,0,103,215
08/28/2014,AZO,MI,AGL,CE,Combined TRACON& Tower with Radar,0,27,33,0,60,0,0,31,0,31,0,27,64,0,91,80,0,80,171
08/29/2014,AZO,MI,AGL,CE,Combined TRACON& Tower with Radar,2,26,5,0,33,0,0,8,0,8,2,26,13,0,41,38,0,38,79
08/30/2014,AZO,MI,AGL,CE,Combined TRACON& Tower with Radar,0,15,6,0,21,0,2,16,0,18,0,17,22,0,39,2,0,2,41
08/31/2014,AZO,MI,AGL,CE,Combined TRACON& Tower with Radar,0,15,10,0,25,0,0,27,0,27,0,15,37,0,52,48,0,48,100
09/01/2014,AZO,MI,AGL,CE,Combined TRACON& Tower with Radar,0,26,13,0,39,0,0,4,0,4,0,26,17,0,43,2,0,2,45
09/02/2014,AZO,MI,AGL,CE,Combined TRACON& Tower with Radar,0,26,23,0,49,0,2,31,3,36,0,28,54,3,85,91,0,91,176
09/03/2014,AZO,MI,AGL,CE,Combined TRACON& Tower with Radar,0,21,28,2,51,0,0,62,4,66,0,21,90,6,117,99,0,99,216
09/04/2014,AZO,MI,AGL,CE,Combined TRACON& Tower with Radar,4,17,23,0,44,0,0,22,0,22,4,17,45,0,66,44,0,44,110
09/05/2014,AZO,MI,AGL,CE,Combined TRACON& Tower with Radar,2,18,18,0,38,0,2,27,0,29,2,20,45,0,67,29,0,29,96
09/06/2014,AZO,MI,AGL,CE,Combined TRACON& Tower with Radar,0,21,30,0,51,0,1,44,0,45,0,22,74,0,96,58,0,58,154
09/07/2014,AZO,MI,AGL,CE,Combined TRACON& Tower with Radar,0,26,11,0,37,0,1,86,1,88,0,27,97,1,125,44,0,44,169
09/08/2014,AZO,MI,AGL,CE,Combined TRACON& Tower with Radar,0,26,25,0,51,0,0,62,1,63,0,26,87,1,114,113,0,113,227
09/09/2014,AZO,MI,AGL,CE,Combined TRACON& Tower with Radar,0,23,18,0,41,0,0,53,0,53,0,23,71,0,94,106,0,106,200
09/10/2014,AZO,MI,AGL,CE,Combined TRACON& Tower with Radar,0,30,14,0,44,0,0,0,0,0,0,30,14,0,44,4,0,4,48
09/11/2014,AZO,MI,AGL,CE,Combined TRACON& Tower with Radar,0,30,16,0,46,0,0,9,0,9,0,30,25,0,55,16,0,16,71
09/12/2014,AZO,MI,AGL,CE,Combined TRACON& Tower with Radar,0,25,41,0,66,0,1,11,0,12,0,26,52,0,78,24,0,24,102
09/13/2014,AZO,MI,AGL,CE,Combined TRACON& Tower with Radar,0,15,33,0,48,0,1,45,0,46,0,16,78,0,94,122,0,122,216
09/14/2014,AZO,MI,AGL,CE,Combined TRACON& Tower with Radar,0,23,15,0,38,0,0,39,1,40,0,23,54,1,78,140,0,140,218
09/15/2014,AZO,MI,AGL,CE,Combined TRACON& Tower with Radar,0,26,26,0,52,0,0,16,0,16,0,26,42,0,68,76,0,76,144
09/16/2014,AZO,MI,AGL,CE,Combined TRACON& Tower with Radar,0,27,29,0,56,0,2,39,0,41,0,29,68,0,97,76,0,76,173
09/17/2014,AZO,MI,AGL,CE,Combined TRACON& Tower with Radar,0,24,35,0,59,0,0,39,0,39,0,24,74,0,98,111,0,111,209
09/18/2014,AZO,MI,AGL,CE,Combined TRACON& Tower with Radar,1,28,26,0,55,0,0,52,0,52,1,28,78,0,107,156,0,156,263
09/19/2014,AZO,MI,AGL,CE,Combined TRACON& Tower with Radar,0,26,28,0,54,0,0,51,2,53,0,26,79,2,107,76,0,76,183
09/20/2014,AZO,MI,AGL,CE,Combined TRACON& Tower with Radar,0,16,12,0,28,0,0,21,0,21,0,16,33,0,49,16,0,16,65
09/21/2014,AZO,MI,AGL,CE,Combined TRACON& Tower with Radar,0,27,14,1,42,0,4,1,1,6,0,31,15,2,48,0,10,10,58
09/22/2014,AZO,MI,AGL,CE,Combined TRACON& Tower with Radar,0,26,23,1,50,0,0,29,0,29,0,26,52,1,79,94,0,94,173
09/23/2014,AZO,MI,AGL,CE,Combined TRACON& Tower with Radar,0,24,43,0,67,0,0,46,0,46,0,24,89,0,113,132,0,132,245
09/24/2014,AZO,MI,AGL,CE,Combined TRACON& Tower with Radar,0,27,21,0,48,0,1,50,0,51,0,28,71,0,99,172,0,172,271
09/25/2014,AZO,MI,AGL,CE,Combined TRACON& Tower with Radar,0,29,19,0,48,0,1,35,0,36,0,30,54,0,84,68,0,68,152
09/26/2014,AZO,MI,AGL,CE,Combined TRACON& Tower with Radar,0,5,26,0,31,0,0,56,0,56,0,5,82,0,87,88,0,88,175
09/27/2014,AZO,MI,AGL,CE,Combined TRACON& Tower with Radar,3,13,14,0,30,0,1,70,0,71,3,14,84,0,101,60,0,60,161
09/28/2014,AZO,MI,AGL,CE,Combined TRACON& Tower with Radar,0,15,20,0,35,0,1,52,0,53,0,16,72,0,88,36,0,36,124
09/29/2014,AZO,MI,AGL,CE,Combined TRACON& Tower with Radar,0,23,5,0,28,0,1,35,0,36,0,24,40,0,64,124,0,124,188
09/30/2014,AZO,MI,AGL,CE,Combined TRACON& Tower with Radar,0,17,21,0,38,0,0,8,0,8,0,17,29,0,46,46,0,46,92
10/01/2014,AZO,MI,AGL,CE,Combined TRACON& Tower with Radar,0,20,21,0,41,0,3,20,0,23,0,23,41,0,64,42,0,42,106
10/02/2014,AZO,MI,AGL,CE,Combined TRACON& Tower with Radar,1,18,23,0,42,0,5,2,0,7,1,23,25,0,49,54,0,54,103
10/03/2014,AZO,MI,AGL,CE,Combined TRACON& Tower with Radar,0,16,17,0,33,0,1,0,0,1,0,17,17,0,34,0,0,0,34
10/04/2014,AZO,MI,AGL,CE,Combined TRACON& Tower with Radar,0,17,12,0,29,0,0,3,0,3,0,17,15,0,32,22,0,22,54
10/05/2014,AZO,MI,AGL,CE,Combined TRACON& Tower with Radar,0,18,5,0,23,0,4,21,0,25,0,22,26,0,48,20,0,20,68
10/06/2014,AZO,MI,AGL,CE,Combined TRACON& Tower with Radar,0,21,10,0,31,0,1,6,0,7,0,22,16,0,38,14,0,14,52
10/07/2014,AZO,MI,AGL,CE,Combined TRACON& Tower with Radar,2,21,23,0,46,0,0,10,2,12,2,21,33,2,58,22,0,22,80
10/08/2014,AZO,MI,AGL,CE,Combined TRACON& Tower with Radar,0,21,24,0,45,0,0,29,0,29,0,21,53,0,74,40,0,40,114
10/09/2014,AZO,MI,AGL,CE,Combined TRACON& Tower with Radar,0,22,26,2,50,0,1,31,0,32,0,23,57,2,82,88,0,88,170
10/10/2014,AZO,MI,AGL,CE,Combined TRACON& Tower with Radar,0,21,21,0,42,0,1,46,0,47,0,22,67,0,89,100,0,100,189
10/11/2014,AZO,MI,AGL,CE,Combined TRACON& Tower with Radar,0,18,13,0,31,0,0,54,2,56,0,18,67,2,87,148,0,148,235
10/12/2014,AZO,MI,AGL,CE,Combined TRACON& Tower with Radar,0,20,20,0,40,0,0,46,0,46,0,20,66,0,86,32,0,32,118
10/13/2014,AZO,MI,AGL,CE,Combined TRACON& Tower with Radar,0,21,14,0,35,0,0,0,0,0,0,21,14,0,35,10,0,10,45
10/14/2014,AZO,MI,AGL,CE,Combined TRACON& Tower with Radar,0,18,10,0,28,0,0,0,0,0,0,18,10,0,28,0,0,0,28
10/15/2014,AZO,MI,AGL,CE,Combined TRACON& Tower with Radar,0,23,52,0,75,0,0,8,1,9,0,23,60,1,84,72,2,74,158
10/16/2014,AZO,MI,AGL,CE,Combined TRACON& Tower with Radar,0,22,28,0,50,0,0,1,0,1,0,22,29,0,51,14,0,14,65
10/17/2014,AZO,MI,AGL,CE,Combined TRACON& Tower with Radar,0,21,25,3,49,0,0,13,0,13,0,21,38,3,62,42,2,44,106
10/18/2014,AZO,MI,AGL,CE,Combined TRACON& Tower with Radar,0,19,12,0,31,0,0,6,0,6,0,19,18,0,37,4,0,4,41
10/19/2014,AZO,MI,AGL,CE,Combined TRACON& Tower with Radar,0,20,22,0,42,0,0,46,0,46,0,20,68,0,88,22,0,22,110
10/20/2014,AZO,MI,AGL,CE,Combined TRACON& Tower with Radar,0,23,14,0,37,0,0,15,0,15,0,23,29,0,52,102,0,102,154
10/21/2014,AZO,MI,AGL,CE,Combined TRACON& Tower with Radar,0,18,32,2,52,0,0,9,0,9,0,18,41,2,61,58,2,60,121
10/22/2014,AZO,MI,AGL,CE,Combined TRACON& Tower with Radar,0,21,32,0,53,0,0,32,0,32,0,21,64,0,85,56,0,56,141
10/23/2014,AZO,MI,AGL,CE,Combined TRACON& Tower with Radar,0,22,26,0,48,0,1,54,0,55,0,23,80,0,103,108,0,108,211
10/24/2014,AZO,MI,AGL,CE,Combined TRACON& Tower with Radar,1,18,27,0,46,0,0,34,0,34,1,18,61,0,80,68,0,68,148
10/25/2014,AZO,MI,AGL,CE,Combined TRACON& Tower with Radar,1,20,13,0,34,0,0,20,0,20,1,20,33,0,54,4,0,4,58
10/26/2014,AZO,MI,AGL,CE,Combined TRACON& Tower with Radar,0,20,14,0,34,0,0,63,0,63,0,20,77,0,97,22,0,22,119
10/27/2014,AZO,MI,AGL,CE,Combined TRACON& Tower with Radar,0,25,27,0,52,0,1,19,0,20,0,26,46,0,72,62,0,62,134
10/28/2014,AZO,MI,AGL,CE,Combined TRACON& Tower with Radar,0,17,15,0,32,0,0,2,0,2,0,17,17,0,34,2,0,2,36
10/29/2014,AZO,MI,AGL,CE,Combined TRACON& Tower with Radar,0,22,44,0,66,0,0,12,0,12,0,22,56,0,78,60,0,60,138
10/30/2014,AZO,MI,AGL,CE,Combined TRACON& Tower with Radar,0,18,30,0,48,0,1,36,0,37,0,19,66,0,85,79,0,79,164
10/31/2014,AZO,MI,AGL,CE,Combined TRACON& Tower with Radar,0,14,6,0,20,0,0,0,0,0,0,14,6,0,20,2,0,2,22
11/01/2014,AZO,MI,AGL,CE,Combined TRACON& Tower with Radar,0,16,15,0,31,0,0,37,0,37,0,16,52,0,68,38,0,38,106
11/02/2014,AZO,MI,AGL,CE,Combined TRACON& Tower with Radar,0,20,7,0,27,0,0,46,0,46,0,20,53,0,73,58,0,58,131
11/03/2014,AZO,MI,AGL,CE,Combined TRACON& Tower with Radar,0,24,31,0,55,0,0,32,0,32,0,24,63,0,87,68,0,68,155
11/04/2014,AZO,MI,AGL,CE,Combined TRACON& Tower with Radar,0,20,11,0,31,0,0,1,0,1,0,20,12,0,32,0,0,0,32
11/05/2014,AZO,MI,AGL,CE,Combined TRACON& Tower with Radar,0,23,28,0,51,0,1,50,1,52,0,24,78,1,103,100,0,100,203
11/06/2014,AZO,MI,AGL,CE,Combined TRACON& Tower with Radar,1,20,8,0,29,0,0,0,0,0,1,20,8,0,29,6,0,6,35
11/07/2014,AZO,MI,AGL,CE,Combined TRACON& Tower with Radar,0,24,22,0,46,0,0,35,0,35,0,24,57,0,81,88,0,88,169
11/08/2014,AZO,MI,AGL,CE,Combined TRACON& Tower with Radar,0,16,2,0,18,0,0,1,0,1,0,16,3,0,19,0,0,0,19
11/09/2014,AZO,MI,AGL,CE,Combined TRACON& Tower with Radar,0,20,6,0,26,0,0,17,0,17,0,20,23,0,43,14,0,14,57
11/10/2014,AZO,MI,AGL,CE,Combined TRACON& Tower with Radar,0,22,14,0,36,0,0,19,0,19,0,22,33,0,55,46,0,46,101
11/11/2014,AZO,MI,AGL,CE,Combined TRACON& Tower with Radar,0,22,23,0,45,0,0,14,0,14,0,22,37,0,59,48,0,48,107
11/12/2014,AZO,MI,AGL,CE,Combined TRACON& Tower with Radar,0,24,18,0,42,0,2,4,0,6,0,26,22,0,48,21,0,21,69
11/13/2014,AZO,MI,AGL,CE,Combined TRACON& Tower with Radar,0,24,5,0,29,0,1,0,0,1,0,25,5,0,30,0,0,0,30
11/14/2014,AZO,MI,AGL,CE,Combined TRACON& Tower with Radar,0,25,12,0,37,0,0,0,0,0,0,25,12,0,37,0,0,0,37
11/15/2014,AZO,MI,AGL,CE,Combined TRACON& Tower with Radar,0,19,16,0,35,0,0,32,0,32,0,19,48,0,67,66,0,66,133
11/16/2014,AZO,MI,AGL,CE,Combined TRACON& Tower with Radar,0,18,3,0,21,0,0,4,0,4,0,18,7,0,25,0,0,0,25
11/17/2014,AZO,MI,AGL,CE,Combined TRACON& Tower with Radar,0,20,10,0,30,0,0,0,0,0,0,20,10,0,30,2,0,2,32
11/18/2014,AZO,MI,AGL,CE,Combined TRACON& Tower with Radar,0,4,1,0,5,0,0,0,0,0,0,4,1,0,5,0,0,0,5
11/19/2014,AZO,MI,AGL,CE,Combined TRACON& Tower with Radar,0,19,9,0,28,0,0,2,0,2,0,19,11,0,30,0,0,0,30
11/20/2014,AZO,MI,AGL,CE,Combined TRACON& Tower with Radar,0,20,12,0,32,0,0,1,0,1,0,20,13,0,33,0,0,0,33
11/21/2014,AZO,MI,AGL,CE,Combined TRACON& Tower with Radar,0,24,51,0,75,0,0,71,0,71,0,24,122,0,146,159,0,159,305
11/22/2014,AZO,MI,AGL,CE,Combined TRACON& Tower with Radar,3,23,7,0,33,0,0,0,0,0,3,23,7,0,33,0,0,0,33
11/23/2014,AZO,MI,AGL,CE,Combined TRACON& Tower with Radar,1,17,7,0,25,0,0,4,0,4,1,17,11,0,29,0,0,0,29
11/24/2014,AZO,MI,AGL,CE,Combined TRACON& Tower with Radar,0,16,8,0,24,0,0,0,0,0,0,16,8,0,24,0,0,0,24
11/25/2014,AZO,MI,AGL,CE,Combined TRACON& Tower with Radar,0,29,18,0,47,0,0,0,0,0,0,29,18,0,47,0,0,0,47
11/26/2014,AZO,MI,AGL,CE,Combined TRACON& Tower with Radar,2,23,9,0,34,0,0,30,0,30,2,23,39,0,64,160,0,160,224
11/27/2014,AZO,MI,AGL,CE,Combined TRACON& Tower with Radar,2,12,0,0,14,0,0,0,0,0,2,12,0,0,14,0,0,0,14
11/28/2014,AZO,MI,AGL,CE,Combined TRACON& Tower with Radar,0,17,10,0,27,0,0,4,0,4,0,17,14,0,31,2,0,2,33
11/29/2014,AZO,MI,AGL,CE,Combined TRACON& Tower with Radar,2,22,12,0,36,0,0,30,0,30,2,22,42,0,66,14,0,14,80
11/30/2014,AZO,MI,AGL,CE,Combined TRACON& Tower with Radar,0,23,16,0,39,0,0,0,0,0,0,23,16,0,39,0,0,0,39
12/01/2014,AZO,MI,AGL,CE,Combined TRACON& Tower with Radar,0,24,33,0,57,0,0,29,0,29,0,24,62,0,86,146,0,146,232
12/02/2014,AZO,MI,AGL,CE,Combined TRACON& Tower with Radar,0,18,26,0,44,0,0,20,0,20,0,18,46,0,64,48,0,48,112
12/03/2014,AZO,MI,AGL,CE,Combined TRACON& Tower with Radar,0,20,27,0,47,0,0,15,0,15,0,20,42,0,62,32,0,32,94
12/04/2014,AZO,MI,AGL,CE,Combined TRACON& Tower with Radar,0,23,41,0,64,0,0,48,3,51,0,23,89,3,115,90,0,90,205
12/05/2014,AZO,MI,AGL,CE,Combined TRACON& Tower with Radar,2,20,15,0,37,0,0,5,0,5,2,20,20,0,42,18,0,18,60
12/06/2014,AZO,MI,AGL,CE,Combined TRACON& Tower with Radar,0,18,56,0,74,0,0,25,0,25,0,18,81,0,99,42,0,42,141
12/07/2014,AZO,MI,AGL,CE,Combined TRACON& Tower with Radar,0,20,24,0,44,0,0,50,0,50,0,20,74,0,94,22,0,22,116
12/08/2014,AZO,MI,AGL,CE,Combined TRACON& Tower with Radar,0,18,37,0,55,0,0,5,0,5,0,18,42,0,60,24,0,24,84
12/09/2014,AZO,MI,AGL,CE,Combined TRACON& Tower with Radar,0,20,13,0,33,0,0,1,0,1,0,20,14,0,34,0,0,0,34
12/10/2014,AZO,MI,AGL,CE,Combined TRACON& Tower with Radar,0,24,50,1,75,0,1,32,1,34,0,25,82,2,109,82,2,84,193
12/11/2014,AZO,MI,AGL,CE,Combined TRACON& Tower with Radar,0,30,42,0,72,0,0,28,0,28,0,30,70,0,100,78,0,78,178
12/12/2014,AZO,MI,AGL,CE,Combined TRACON& Tower with Radar,1,19,15,0,35,0,0,0,0,0,1,19,15,0,35,0,0,0,35
12/13/2014,AZO,MI,AGL,CE,Combined TRACON& Tower with Radar,0,19,3,0,22,0,0,0,0,0,0,19,3,0,22,0,0,0,22
12/14/2014,AZO,MI,AGL,CE,Combined TRACON& Tower with Radar,0,21,18,0,39,0,0,7,0,7,0,21,25,0,46,12,0,12,58
12/15/2014,AZO,MI,AGL,CE,Combined TRACON& Tower with Radar,1,18,18,0,37,0,0,8,0,8,1,18,26,0,45,10,0,10,55
12/16/2014,AZO,MI,AGL,CE,Combined TRACON& Tower with Radar,2,17,11,0,30,0,0,0,0,0,2,17,11,0,30,0,0,0,30
12/17/2014,AZO,MI,AGL,CE,Combined TRACON& Tower with Radar,0,19,8,0,27,0,0,5,0,5,0,19,13,0,32,0,0,0,32
12/18/2014,AZO,MI,AGL,CE,Combined TRACON& Tower with Radar,3,20,10,0,33,0,0,6,0,6,3,20,16,0,39,7,0,7,46
12/19/2014,AZO,MI,AGL,CE,Combined TRACON& Tower with Radar,0,21,28,0,49,0,0,34,0,34,0,21,62,0,83,102,0,102,185
12/20/2014,AZO,MI,AGL,CE,Combined TRACON& Tower with Radar,0,21,11,0,32,0,0,20,0,20,0,21,31,0,52,48,0,48,100
12/21/2014,AZO,MI,AGL,CE,Combined TRACON& Tower with Radar,2,19,7,0,28,0,1,15,0,16,2,20,22,0,44,18,0,18,62
12/22/2014,AZO,MI,AGL,CE,Combined TRACON& Tower with Radar,0,19,9,0,28,0,2,11,0,13,0,21,20,0,41,54,0,54,95
12/23/2014,AZO,MI,AGL,CE,Combined TRACON& Tower with Radar,0,18,3,0,21,0,2,5,0,7,0,20,8,0,28,8,0,8,36
12/24/2014,AZO,MI,AGL,CE,Combined TRACON& Tower with Radar,0,9,2,0,11,0,0,0,0,0,0,9,2,0,11,0,0,0,11
12/25/2014,AZO,MI,AGL,CE,Combined TRACON& Tower with Radar,0,10,9,0,19,0,1,1,0,2,0,11,10,0,21,0,0,0,21
12/26/2014,AZO,MI,AGL,CE,Combined TRACON& Tower with Radar,0,20,10,0,30,0,0,38,0,38,0,20,48,0,68,34,0,34,102
12/27/2014,AZO,MI,AGL,CE,Combined TRACON& Tower with Radar,0,24,6,0,30,0,0,0,0,0,0,24,6,0,30,0,0,0,30
12/28/2014,AZO,MI,AGL,CE,Combined TRACON& Tower with Radar,0,20,10,0,30,0,1,22,0,23,0,21,32,0,53,61,0,61,114
12/29/2014,AZO,MI,AGL,CE,Combined TRACON& Tower with Radar,0,22,8,0,30,0,0,43,0,43,0,22,51,0,73,28,0,28,101
12/30/2014,AZO,MI,AGL,CE,Combined TRACON& Tower with Radar,0,18,9,0,27,0,0,6,0,6,0,18,15,0,33,26,0,26,59
12/31/2014,AZO,MI,AGL,CE,Combined TRACON& Tower with Radar,0,14,8,0,22,0,0,5,0,5,0,14,13,0,27,2,0,2,29
01/01/2015,AZO,MI,AGL,CE,Combined TRACON& Tower with Radar,0,14,1,0,15,0,1,5,0,6,0,15,6,0,21,44,0,44,65
01/02/2015,AZO,MI,AGL,CE,Combined TRACON& Tower with Radar,0,20,22,0,42,0,0,32,0,32,0,20,54,0,74,56,0,56,130
01/03/2015,AZO,MI,AGL,CE,Combined TRACON& Tower with Radar,0,16,5,0,21,0,0,0,0,0,0,16,5,0,21,0,0,0,21
01/04/2015,AZO,MI,AGL,CE,Combined TRACON& Tower with Radar,0,15,3,0,18,0,0,0,0,0,0,15,3,0,18,0,0,0,18
01/05/2015,AZO,MI,AGL,CE,Combined TRACON& Tower with Radar,1,16,7,0,24,0,0,0,0,0,1,16,7,0,24,0,0,0,24
01/06/2015,AZO,MI,AGL,CE,Combined TRACON& Tower with Radar,1,17,11,0,29,0,0,3,0,3,1,17,14,0,32,18,0,18,50
01/07/2015,AZO,MI,AGL,CE,Combined TRACON& Tower with Radar,0,18,16,2,36,0,0,5,0,5,0,18,21,2,41,34,0,34,75
01/08/2015,AZO,MI,AGL,CE,Combined TRACON& Tower with Radar,2,7,3,0,12,0,0,2,0,2,2,7,5,0,14,0,0,0,14
01/09/2015,AZO,MI,AGL,CE,Combined TRACON& Tower with Radar,0,17,4,0,21,0,0,0,0,0,0,17,4,0,21,0,0,0,21
01/10/2015,AZO,MI,AGL,CE,Combined TRACON& Tower with Radar,0,15,11,0,26,0,0,6,0,6,0,15,17,0,32,6,0,6,38
01/11/2015,AZO,MI,AGL,CE,Combined TRACON& Tower with Radar,0,13,15,0,28,0,0,10,0,10,0,13,25,0,38,44,0,44,82
01/12/2015,AZO,MI,AGL,CE,Combined TRACON& Tower with Radar,0,20,19,0,39,0,0,10,0,10,0,20,29,0,49,58,0,58,107
01/13/2015,AZO,MI,AGL,CE,Combined TRACON& Tower with Radar,0,17,22,0,39,0,0,18,0,18,0,17,40,0,57,44,0,44,101
01/14/2015,AZO,MI,AGL,CE,Combined TRACON& Tower with Radar,0,23,20,2,45,0,1,7,0,8,0,24,27,2,53,22,0,22,75
01/15/2015,AZO,MI,AGL,CE,Combined TRACON& Tower with Radar,0,20,27,0,47,0,0,31,0,31,0,20,58,0,78,74,0,74,152
01/16/2015,AZO,MI,AGL,CE,Combined TRACON& Tower with Radar,1,19,32,0,52,0,0,26,0,26,1,19,58,0,78,76,0,76,154
01/17/2015,AZO,MI,AGL,CE,Combined TRACON& Tower with Radar,1,16,2,0,19,0,0,18,0,18,1,16,20,0,37,42,0,42,79
01/18/2015,AZO,MI,AGL,CE,Combined TRACON& Tower with Radar,0,19,5,0,24,0,0,1,0,1,0,19,6,0,25,2,0,2,27
01/19/2015,AZO,MI,AGL,CE,Combined TRACON& Tower with Radar,0,20,18,0,38,0,0,11,0,11,0,20,29,0,49,74,0,74,123
01/20/2015,AZO,MI,AGL,CE,Combined TRACON& Tower with Radar,0,20,10,0,30,0,0,2,0,2,0,20,12,0,32,18,0,18,50
01/21/2015,AZO,MI,AGL,CE,Combined TRACON& Tower with Radar,0,18,10,0,28,0,0,0,0,0,0,18,10,0,28,0,0,0,28
01/22/2015,AZO,MI,AGL,CE,Combined TRACON& Tower with Radar,0,22,33,0,55,0,4,13,0,17,0,26,46,0,72,74,0,74,146
01/23/2015,AZO,MI,AGL,CE,Combined TRACON& Tower with Radar,0,20,8,0,28,0,0,1,0,1,0,20,9,0,29,22,0,22,51
01/24/2015,AZO,MI,AGL,CE,Combined TRACON& Tower with Radar,0,17,13,0,30,0,0,2,0,2,0,17,15,0,32,12,0,12,44
01/25/2015,AZO,MI,AGL,CE,Combined TRACON& Tower with Radar,0,18,3,0,21,0,0,0,0,0,0,18,3,0,21,1,0,1,22
01/26/2015,AZO,MI,AGL,CE,Combined TRACON& Tower with Radar,0,21,39,0,60,0,2,43,0,45,0,23,82,0,105,80,0,80,185
01/27/2015,AZO,MI,AGL,CE,Combined TRACON& Tower with Radar,1,18,31,0,50,0,0,40,0,40,1,18,71,0,90,113,0,113,203
01/28/2015,AZO,MI,AGL,CE,Combined TRACON& Tower with Radar,1,18,41,0,60,0,1,36,0,37,1,19,77,0,97,90,0,90,187
01/29/2015,AZO,MI,AGL,CE,Combined TRACON& Tower with Radar,0,19,16,0,35,0,2,1,0,3,0,21,17,0,38,2,0,2,40
01/30/2015,AZO,MI,AGL,CE,Combined TRACON& Tower with Radar,0,21,34,0,55,0,0,31,0,31,0,21,65,0,86,120,0,120,206
01/31/2015,AZO,MI,AGL,CE,Combined TRACON& Tower with Radar,2,18,24,0,44,0,0,26,0,26,2,18,50,0,70,66,0,66,136
02/01/2015,AZO,MI,AGL,CE,Combined TRACON& Tower with Radar,0,2,1,0,3,0,0,0,0,0,0,2,1,0,3,0,0,0,3
02/02/2015,AZO,MI,AGL,CE,Combined TRACON& Tower with Radar,0,7,5,0,12,0,0,0,0,0,0,7,5,0,12,0,0,0,12
02/03/2015,AZO,MI,AGL,CE,Combined TRACON& Tower with Radar,0,19,16,0,35,0,0,5,0,5,0,19,21,0,40,6,0,6,46
02/04/2015,AZO,MI,AGL,CE,Combined TRACON& Tower with Radar,0,17,18,0,35,0,0,0,0,0,0,17,18,0,35,0,0,0,35
02/05/2015,AZO,MI,AGL,CE,Combined TRACON& Tower with Radar,0,16,35,0,51,0,0,13,0,13,0,16,48,0,64,40,0,40,104
02/06/2015,AZO,MI,AGL,CE,Combined TRACON& Tower with Radar,0,21,31,0,52,0,0,36,1,37,0,21,67,1,89,56,0,56,145
02/07/2015,AZO,MI,AGL,CE,Combined TRACON& Tower with Radar,0,16,21,0,37,0,0,21,0,21,0,16,42,0,58,68,0,68,126
02/08/2015,AZO,MI,AGL,CE,Combined TRACON& Tower with Radar,0,17,7,0,24,0,0,0,0,0,0,17,7,0,24,4,0,4,28
02/09/2015,AZO,MI,AGL,CE,Combined TRACON& Tower with Radar,1,20,25,0,46,0,0,8,3,11,1,20,33,3,57,18,0,18,75
02/10/2015,AZO,MI,AGL,CE,Combined TRACON& Tower with Radar,1,17,44,2,64,0,0,51,3,54,1,17,95,5,118,66,0,66,184
02/11/2015,AZO,MI,AGL,CE,Combined TRACON& Tower with Radar,0,19,13,0,32,0,0,0,0,0,0,19,13,0,32,0,0,0,32
02/12/2015,AZO,MI,AGL,CE,Combined TRACON& Tower with Radar,0,18,20,0,38,0,0,8,0,8,0,18,28,0,46,44,0,44,90
02/13/2015,AZO,MI,AGL,CE,Combined TRACON& Tower with Radar,0,20,32,0,52,0,1,19,0,20,0,21,51,0,72,44,0,44,116
02/14/2015,AZO,MI,AGL,CE,Combined TRACON& Tower with Radar,0,16,4,0,20,0,0,0,0,0,0,16,4,0,20,0,0,0,20
02/15/2015,AZO,MI,AGL,CE,Combined TRACON& Tower with Radar,3,12,9,0,24,0,3,18,1,22,3,15,27,1,46,3,0,3,49
02/16/2015,AZO,MI,AGL,CE,Combined TRACON& Tower with Radar,1,12,42,0,55,0,0,37,0,37,1,12,79,0,92,92,0,92,184
02/17/2015,AZO,MI,AGL,CE,Combined TRACON& Tower with Radar,1,19,11,0,31,0,0,0,0,0,1,19,11,0,31,28,0,28,59
02/18/2015,AZO,MI,AGL,CE,Combined TRACON& Tower with Radar,1,19,14,0,34,0,0,0,0,0,1,19,14,0,34,0,0,0,34
02/19/2015,AZO,MI,AGL,CE,Combined TRACON& Tower with Radar,0,27,24,0,51,0,0,0,0,0,0,27,24,0,51,12,0,12,63
02/20/2015,AZO,MI,AGL,CE,Combined TRACON& Tower with Radar,0,17,28,0,45,0,0,14,0,14,0,17,42,0,59,36,0,36,95
02/21/2015,AZO,MI,AGL,CE,Combined TRACON& Tower with Radar,0,14,6,0,20,0,0,0,0,0,0,14,6,0,20,0,0,0,20
02/22/2015,AZO,MI,AGL,CE,Combined TRACON& Tower with Radar,0,17,4,0,21,0,0,0,0,0,0,17,4,0,21,0,0,0,21
02/23/2015,AZO,MI,AGL,CE,Combined TRACON& Tower with Radar,3,19,28,0,50,0,0,36,0,36,3,19,64,0,86,78,0,78,164
02/24/2015,AZO,MI,AGL,CE,Combined TRACON& Tower with Radar,1,25,13,0,39,0,0,7,0,7,1,25,20,0,46,0,0,0,46
02/25/2015,AZO,MI,AGL,CE,Combined TRACON& Tower with Radar,0,19,30,0,49,0,0,31,0,31,0,19,61,0,80,76,0,76,156
02/26/2015,AZO,MI,AGL,CE,Combined TRACON& Tower with Radar,0,16,29,0,45,0,0,14,2,16,0,16,43,2,61,30,0,30,91
02/27/2015,AZO,MI,AGL,CE,Combined TRACON& Tower with Radar,0,18,19,0,37,0,0,30,2,32,0,18,49,2,69,64,0,64,133
02/28/2015,AZO,MI,AGL,CE,Combined TRACON& Tower with Radar,0,19,23,0,42,0,0,61,0,61,0,19,84,0,103,82,0,82,185
03/01/2015,AZO,MI,AGL,CE,Combined TRACON& Tower with Radar,0,15,2,0,17,0,0,2,0,2,0,15,4,0,19,0,0,0,19
03/02/2015,AZO,MI,AGL,CE,Combined TRACON& Tower with Radar,1,18,32,0,51,0,0,18,0,18,1,18,50,0,69,70,0,70,139
03/03/2015,AZO,MI,AGL,CE,Combined TRACON& Tower with Radar,0,9,4,0,13,0,0,0,0,0,0,9,4,0,13,0,0,0,13
03/04/2015,AZO,MI,AGL,CE,Combined TRACON& Tower with Radar,1,21,14,0,36,0,0,4,0,4,1,21,18,0,40,14,0,14,54
03/05/2015,AZO,MI,AGL,CE,Combined TRACON& Tower with Radar,2,20,17,0,39,0,0,15,1,16,2,20,32,1,55,16,2,18,73
03/06/2015,AZO,MI,AGL,CE,Combined TRACON& Tower with Radar,2,17,34,0,53,0,0,33,0,33,2,17,67,0,86,56,0,56,142
03/07/2015,AZO,MI,AGL,CE,Combined TRACON& Tower with Radar,3,20,17,0,40,1,0,24,0,25,4,20,41,0,65,38,0,38,103
03/08/2015,AZO,MI,AGL,CE,Combined TRACON& Tower with Radar,1,17,10,0,28,0,1,35,0,36,1,18,45,0,64,40,0,40,104
03/09/2015,AZO,MI,AGL,CE,Combined TRACON& Tower with Radar,1,22,19,0,42,0,0,26,0,26,1,22,45,0,68,64,0,64,132
03/10/2015,AZO,MI,AGL,CE,Combined TRACON& Tower with Radar,0,15,9,1,25,0,0,6,1,7,0,15,15,2,32,60,0,60,92
03/11/2015,AZO,MI,AGL,CE,Combined TRACON& Tower with Radar,0,19,25,0,44,0,1,29,0,30,0,20,54,0,74,94,0,94,168
03/12/2015,AZO,MI,AGL,CE,Combined TRACON& Tower with Radar,0,20,20,0,40,0,0,58,0,58,0,20,78,0,98,116,0,116,214
03/13/2015,AZO,MI,AGL,CE,Combined TRACON& Tower with Radar,0,22,11,0,33,0,0,30,0,30,0,22,41,0,63,80,0,80,143
03/14/2015,AZO,MI,AGL,CE,Combined TRACON& Tower with Radar,2,17,12,0,31,0,1,24,0,25,2,18,36,0,56,20,0,20,76
03/15/2015,AZO,MI,AGL,CE,Combined TRACON& Tower with Radar,0,18,11,2,31,0,0,78,2,80,0,18,89,4,111,62,0,62,173
03/16/2015,AZO,MI,AGL,CE,Combined TRACON& Tower with Radar,0,20,43,0,63,0,0,28,4,32,0,20,71,4,95,78,0,78,173
03/17/2015,AZO,MI,AGL,CE,Combined TRACON& Tower with Radar,0,18,30,4,52,0,0,8,1,9,0,18,38,5,61,41,0,41,102
03/18/2015,AZO,MI,AGL,CE,Combined TRACON& Tower with Radar,1,19,44,0,64,0,0,53,0,53,1,19,97,0,117,138,0,138,255
03/19/2015,AZO,MI,AGL,CE,Combined TRACON& Tower with Radar,0,23,30,0,53,0,0,20,0,20,0,23,50,0,73,86,0,86,159
03/20/2015,AZO,MI,AGL,CE,Combined TRACON& Tower with Radar,0,19,32,0,51,0,0,53,0,53,0,19,85,0,104,100,0,100,204
03/21/2015,AZO,MI,AGL,CE,Combined TRACON& Tower with Radar,2,18,8,0,28,0,0,11,0,11,2,18,19,0,39,24,0,24,63
03/22/2015,AZO,MI,AGL,CE,Combined TRACON& Tower with Radar,0,16,10,0,26,0,0,39,0,39,0,16,49,0,65,60,0,60,125
03/23/2015,AZO,MI,AGL,CE,Combined TRACON& Tower with Radar,0,17,24,0,41,0,0,7,0,7,0,17,31,0,48,8,0,8,56
03/24/2015,AZO,MI,AGL,CE,Combined TRACON& Tower with Radar,0,18,41,0,59,0,3,35,0,38,0,21,76,0,97,61,0,61,158
03/25/2015,AZO,MI,AGL,CE,Combined TRACON& Tower with Radar,0,18,18,0,36,0,0,0,0,0,0,18,18,0,36,8,0,8,44
03/26/2015,AZO,MI,AGL,CE,Combined TRACON& Tower with Radar,0,22,21,0,43,0,1,17,0,18,0,23,38,0,61,54,0,54,115
03/27/2015,AZO,MI,AGL,CE,Combined TRACON& Tower with Radar,0,20,33,0,53,0,2,10,0,12,0,22,43,0,65,35,0,35,100
03/28/2015,AZO,MI,AGL,CE,Combined TRACON& Tower with Radar,4,16,11,0,31,0,1,55,0,56,4,17,66,0,87,52,0,52,139
03/29/2015,AZO,MI,AGL,CE,Combined TRACON& Tower with Radar,0,17,7,0,24,0,0,8,0,8,0,17,15,0,32,0,0,0,32
03/30/2015,AZO,MI,AGL,CE,Combined TRACON& Tower with Radar,0,18,19,4,41,0,0,15,0,15,0,18,34,4,56,22,4,26,82
03/31/2015,AZO,MI,AGL,CE,Combined TRACON& Tower with Radar,0,17,24,0,41,0,0,13,4,17,0,17,37,4,58,37,0,37,95
04/01/2015,AZO,MI,AGL,CE,Combined TRACON& Tower with Radar,2,15,41,0,58,0,0,45,0,45,2,15,86,0,103,96,0,96,199
04/02/2015,AZO,MI,AGL,CE,Combined TRACON& Tower with Radar,0,18,11,0,29,0,0,0,0,0,0,18,11,0,29,2,0,2,31
04/03/2015,AZO,MI,AGL,CE,Combined TRACON& Tower with Radar,0,15,36,0,51,0,0,26,0,26,0,15,62,0,77,75,0,75,152
04/04/2015,AZO,MI,AGL,CE,Combined TRACON& Tower with Radar,2,17,8,0,27,0,3,28,2,33,2,20,36,2,60,62,0,62,122
04/05/2015,AZO,MI,AGL,CE,Combined TRACON& Tower with Radar,0,20,14,0,34,0,0,10,0,10,0,20,24,0,44,8,0,8,52
04/06/2015,AZO,MI,AGL,CE,Combined TRACON& Tower with Radar,0,20,16,0,36,0,0,26,0,26,0,20,42,0,62,73,0,73,135
04/07/2015,AZO,MI,AGL,CE,Combined TRACON& Tower with Radar,0,17,25,0,42,0,0,3,0,3,0,17,28,0,45,22,0,22,67
04/08/2015,AZO,MI,AGL,CE,Combined TRACON& Tower with Radar,0,16,9,0,25,0,0,0,0,0,0,16,9,0,25,2,0,2,27
04/09/2015,AZO,MI,AGL,CE,Combined TRACON& Tower with Radar,0,21,4,0,25,0,0,0,0,0,0,21,4,0,25,0,0,0,25
04/10/2015,AZO,MI,AGL,CE,Combined TRACON& Tower with Radar,0,15,5,0,20,0,0,4,0,4,0,15,9,0,24,0,0,0,24
04/11/2015,AZO,MI,AGL,CE,Combined TRACON& Tower with Radar,0,18,33,0,51,0,0,58,0,58,0,18,91,0,109,98,0,98,207
04/12/2015,AZO,MI,AGL,CE,Combined TRACON& Tower with Radar,0,17,17,0,34,0,0,69,0,69,0,17,86,0,103,52,0,52,155
04/13/2015,AZO,MI,AGL,CE,Combined TRACON& Tower with Radar,0,18,18,0,36,0,0,10,0,10,0,18,28,0,46,24,0,24,70
04/14/2015,AZO,MI,AGL,CE,Combined TRACON& Tower with Radar,0,19,37,0,56,0,0,58,0,58,0,19,95,0,114,92,0,92,206
04/15/2015,AZO,MI,AGL,CE,Combined TRACON& Tower with Radar,0,18,44,0,62,0,0,60,0,60,0,18,104,0,122,88,0,88,210
04/16/2015,AZO,MI,AGL,CE,Combined TRACON& Tower with Radar,0,17,15,0,32,0,0,7,0,7,0,17,22,0,39,36,0,36,75
04/17/2015,AZO,MI,AGL,CE,Combined TRACON& Tower with Radar,0,20,28,0,48,0,0,74,0,74,0,20,102,0,122,62,0,62,184
04/18/2015,AZO,MI,AGL,CE,Combined TRACON& Tower with Radar,0,18,28,0,46,0,1,55,1,57,0,19,83,1,103,20,0,20,123
04/19/2015,AZO,MI,AGL,CE,Combined TRACON& Tower with Radar,0,16,15,0,31,0,0,32,0,32,0,16,47,0,63,10,0,10,73
04/20/2015,AZO,MI,AGL,CE,Combined TRACON& Tower with Radar,0,18,23,0,41,0,0,1,0,1,0,18,24,0,42,8,0,8,50
04/21/2015,AZO,MI,AGL,CE,Combined TRACON& Tower with Radar,0,18,18,1,37,0,0,5,4,9,0,18,23,5,46,8,0,8,54
04/22/2015,AZO,MI,AGL,CE,Combined TRACON& Tower with Radar,0,16,9,2,27,0,0,5,0,5,0,16,14,2,32,8,0,8,40
04/23/2015,AZO,MI,AGL,CE,Combined TRACON& Tower with Radar,0,19,32,2,53,0,0,36,0,36,0,19,68,2,89,72,0,72,161
04/24/2015,AZO,MI,AGL,CE,Combined TRACON& Tower with Radar,0,19,41,0,60,0,1,54,0,55,0,20,95,0,115,94,0,94,209
04/25/2015,AZO,MI,AGL,CE,Combined TRACON& Tower with Radar,3,18,14,0,35,0,0,12,0,12,3,18,26,0,47,38,0,38,85
04/26/2015,AZO,MI,AGL,CE,Combined TRACON& Tower with Radar,0,19,9,0,28,0,1,60,0,61,0,20,69,0,89,12,0,12,101
04/27/2015,AZO,MI,AGL,CE,Combined TRACON& Tower with Radar,0,19,40,0,59,0,0,42,0,42,0,19,82,0,101,62,0,62,163
04/28/2015,AZO,MI,AGL,CE,Combined TRACON& Tower with Radar,0,17,45,2,64,0,0,71,0,71,0,17,116,2,135,118,0,118,253
04/29/2015,AZO,MI,AGL,CE,Combined TRACON& Tower with Radar,0,19,51,2,72,0,2,54,0,56,0,21,105,2,128,118,0,118,246
04/30/2015,AZO,MI,AGL,CE,Combined TRACON& Tower with Radar,0,19,24,0,43,0,1,43,0,44,0,20,67,0,87,100,0,100,187
05/01/2015,AZO,MI,AGL,CE,Combined TRACON& Tower with Radar,3,16,23,0,42,0,0,49,0,49,3,16,72,0,91,58,0,58,149
05/02/2015,AZO,MI,AGL,CE,Combined TRACON& Tower with Radar,2,12,14,0,28,0,0,293,0,293,2,12,307,0,321,11,0,11,332
05/03/2015,AZO,MI,AGL,CE,Combined TRACON& Tower with Radar,2,17,28,0,47,0,0,34,0,34,2,17,62,0,81,26,0,26,107
05/04/2015,AZO,MI,AGL,CE,Combined TRACON& Tower with Radar,2,15,30,0,47,0,0,16,0,16,2,15,46,0,63,36,0,36,99
05/05/2015,AZO,MI,AGL,CE,Combined TRACON& Tower with Radar,2,15,16,2,35,0,0,0,0,0,2,15,16,2,35,6,2,8,43
05/06/2015,AZO,MI,AGL,CE,Combined TRACON& Tower with Radar,2,17,25,0,44,0,0,29,0,29,2,17,54,0,73,46,0,46,119
05/07/2015,AZO,MI,AGL,CE,Combined TRACON& Tower with Radar,2,19,41,0,62,0,0,51,2,53,2,19,92,2,115,102,0,102,217
05/08/2015,AZO,MI,AGL,CE,Combined TRACON& Tower with Radar,4,13,19,0,36,0,0,23,0,23,4,13,42,0,59,48,0,48,107
05/09/2015,AZO,MI,AGL,CE,Combined TRACON& Tower with Radar,3,14,9,0,26,0,0,2,0,2,3,14,11,0,28,10,0,10,38
05/10/2015,AZO,MI,AGL,CE,Combined TRACON& Tower with Radar,3,17,8,0,28,0,0,0,0,0,3,17,8,0,28,0,0,0,28
05/11/2015,AZO,MI,AGL,CE,Combined TRACON& Tower with Radar,4,17,26,0,47,0,0,2,0,2,4,17,28,0,49,18,0,18,67
05/12/2015,AZO,MI,AGL,CE,Combined TRACON& Tower with Radar,2,19,17,2,40,0,0,2,0,2,2,19,19,2,42,10,0,10,52
05/13/2015,AZO,MI,AGL,CE,Combined TRACON& Tower with Radar,2,16,74,0,92,0,1,73,0,74,2,17,147,0,166,172,0,172,338
05/14/2015,AZO,MI,AGL,CE,Combined TRACON& Tower with Radar,2,18,27,0,47,0,2,47,0,49,2,20,74,0,96,90,0,90,186
05/15/2015,AZO,MI,AGL,CE,Combined TRACON& Tower with Radar,2,17,18,0,37,0,0,12,0,12,2,17,30,0,49,38,0,38,87
05/16/2015,AZO,MI,AGL,CE,Combined TRACON& Tower with Radar,3,10,7,0,20,0,0,6,0,6,3,10,13,0,26,6,0,6,32
05/17/2015,AZO,MI,AGL,CE,Combined TRACON& Tower with Radar,7,13,11,0,31,0,0,9,0,9,7,13,20,0,40,8,0,8,48
05/18/2015,AZO,MI,AGL,CE,Combined TRACON& Tower with Radar,4,18,30,0,52,0,0,29,0,29,4,18,59,0,81,70,0,70,151
05/19/2015,AZO,MI,AGL,CE,Combined TRACON& Tower with Radar,2,15,28,1,46,0,0,19,1,20,2,15,47,2,66,42,2,44,110
05/20/2015,AZO,MI,AGL,CE,Combined TRACON& Tower with Radar,2,15,38,0,55,0,0,37,0,37,2,15,75,0,92,110,0,110,202
05/21/2015,AZO,MI,AGL,CE,Combined TRACON& Tower with Radar,4,15,30,0,49,0,0,23,0,23,4,15,53,0,72,80,0,80,152
05/22/2015,AZO,MI,AGL,CE,Combined TRACON& Tower with Radar,6,13,32,0,51,0,0,63,1,64,6,13,95,1,115,82,0,82,197
05/23/2015,AZO,MI,AGL,CE,Combined TRACON& Tower with Radar,2,12,17,0,31,0,1,36,2,39,2,13,53,2,70,56,0,56,126
05/24/2015,AZO,MI,AGL,CE,Combined TRACON& Tower with Radar,3,9,13,0,25,0,0,38,1,39,3,9,51,1,64,36,0,36,100
05/25/2015,AZO,MI,AGL,CE,Combined TRACON& Tower with Radar,2,13,11,0,26,0,0,5,0,5,2,13,16,0,31,4,0,4,35
05/26/2015,AZO,MI,AGL,CE,Combined TRACON& Tower with Radar,4,13,24,0,41,0,1,4,0,5,4,14,28,0,46,12,0,12,58
05/27/2015,AZO,MI,AGL,CE,Combined TRACON& Tower with Radar,2,15,17,0,34,0,0,15,0,15,2,15,32,0,49,66,0,66,115
05/28/2015,AZO,MI,AGL,CE,Combined TRACON& Tower with Radar,4,17,56,0,77,0,0,90,0,90,4,17,146,0,167,176,0,176,343
05/29/2015,AZO,MI,AGL,CE,Combined TRACON& Tower with Radar,6,15,18,0,39,0,0,33,0,33,6,15,51,0,72,54,0,54,126
05/30/2015,AZO,MI,AGL,CE,Combined TRACON& Tower with Radar,2,12,11,0,25,0,0,0,0,0,2,12,11,0,25,0,0,0,25
05/31/2015,AZO,MI,AGL,CE,Combined TRACON& Tower with Radar,2,14,14,0,30,0,0,6,3,9,2,14,20,3,39,0,0,0,39
06/01/2015,AZO,MI,AGL,CE,Combined TRACON& Tower with Radar,4,17,36,0,57,0,0,32,0,32,4,17,68,0,89,72,0,72,161
06/02/2015,AZO,MI,AGL,CE,Combined TRACON& Tower with Radar,4,13,39,0,56,0,0,73,0,73,4,13,112,0,129,146,0,146,275
06/03/2015,AZO,MI,AGL,CE,Combined TRACON& Tower with Radar,2,15,32,0,49,0,0,54,0,54,2,15,86,0,103,64,0,64,167
06/04/2015,AZO,MI,AGL,CE,Combined TRACON& Tower with Radar,5,14,43,0,62,0,0,60,0,60,5,14,103,0,122,131,0,131,253
06/05/2015,AZO,MI,AGL,CE,Combined TRACON& Tower with Radar,5,19,33,0,57,0,0,17,0,17,5,19,50,0,74,20,0,20,94
06/06/2015,AZO,MI,AGL,CE,Combined TRACON& Tower with Radar,3,18,13,0,34,0,2,63,0,65,3,20,76,0,99,26,0,26,125
06/07/2015,AZO,MI,AGL,CE,Combined TRACON& Tower with Radar,5,12,8,0,25,0,0,13,0,13,5,12,21,0,38,0,0,0,38
06/08/2015,AZO,MI,AGL,CE,Combined TRACON& Tower with Radar,6,12,26,0,44,0,0,13,0,13,6,12,39,0,57,24,0,24,81
06/09/2015,AZO,MI,AGL,CE,Combined TRACON& Tower with Radar,5,15,44,0,64,0,2,47,0,49,5,17,91,0,113,84,0,84,197
06/10/2015,AZO,MI,AGL,CE,Combined TRACON& Tower with Radar,5,11,24,0,40,0,0,16,0,16,5,11,40,0,56,36,0,36,92
06/11/2015,AZO,MI,AGL,CE,Combined TRACON& Tower with Radar,6,16,21,0,43,0,0,39,3,42,6,16,60,3,85,46,0,46,131
06/12/2015,AZO,MI,AGL,CE,Combined TRACON& Tower with Radar,6,12,23,0,41,0,0,2,0,2,6,12,25,0,43,22,0,22,65
06/13/2015,AZO,MI,AGL,CE,Combined TRACON& Tower with Radar,3,17,19,0,39,0,0,1,0,1,3,17,20,0,40,4,0,4,44
06/14/2015,AZO,MI,AGL,CE,Combined TRACON& Tower with Radar,2,11,7,0,20,0,0,5,0,5,2,11,12,0,25,1,0,1,26
06/15/2015,AZO,MI,AGL,CE,Combined TRACON& Tower with Radar,5,10,8,0,23,0,0,1,0,1,5,10,9,0,24,0,0,0,24
06/16/2015,AZO,MI,AGL,CE,Combined TRACON& Tower with Radar,4,10,58,0,72,0,0,75,0,75,4,10,133,0,147,128,0,128,275
06/17/2015,AZO,MI,AGL,CE,Combined TRACON& Tower with Radar,4,14,46,0,64,0,0,16,0,16,4,14,62,0,80,48,0,48,128
06/18/2015,AZO,MI,AGL,CE,Combined TRACON& Tower with Radar,6,12,18,0,36,0,0,0,0,0,6,12,18,0,36,2,0,2,38
06/19/2015,AZO,MI,AGL,CE,Combined TRACON& Tower with Radar,6,11,44,0,61,0,0,46,0,46,6,11,90,0,107,86,0,86,193
06/20/2015,AZO,MI,AGL,CE,Combined TRACON& Tower with Radar,3,14,28,0,45,0,0,39,0,39,3,14,67,0,84,54,0,54,138
06/21/2015,AZO,MI,AGL,CE,Combined TRACON& Tower with Radar,5,11,21,0,37,0,1,57,0,58,5,12,78,0,95,32,0,32,127
06/22/2015,AZO,MI,AGL,CE,Combined TRACON& Tower with Radar,5,10,24,0,39,0,2,9,15,26,5,12,33,15,65,10,0,10,75
06/23/2015,AZO,MI,AGL,CE,Combined TRACON& Tower with Radar,5,14,47,0,66,0,4,103,17,124,5,18,150,17,190,123,0,123,313
06/24/2015,AZO,MI,AGL,CE,Combined TRACON& Tower with Radar,5,11,39,0,55,0,1,78,0,79,5,12,117,0,134,86,0,86,220
06/25/2015,AZO,MI,AGL,CE,Combined TRACON& Tower with Radar,5,17,23,0,45,0,0,2,0,2,5,17,25,0,47,10,0,10,57
06/26/2015,AZO,MI,AGL,CE,Combined TRACON& Tower with Radar,5,21,40,0,66,0,0,39,0,39,5,21,79,0,105,58,0,58,163
06/27/2015,AZO,MI,AGL,CE,Combined TRACON& Tower with Radar,3,17,9,0,29,0,0,9,0,9,3,17,18,0,38,0,0,0,38
06/28/2015,AZO,MI,AGL,CE,Combined TRACON& Tower with Radar,4,11,12,0,27,0,0,70,0,70,4,11,82,0,97,36,0,36,133
06/29/2015,AZO,MI,AGL,CE,Combined TRACON& Tower with Radar,5,12,42,2,61,0,0,20,0,20,5,12,62,2,81,58,0,58,139
06/30/2015,AZO,MI,AGL,CE,Combined TRACON& Tower with Radar,3,12,22,0,37,0,0,4,0,4,3,12,26,0,41,26,0,26,67
07/01/2015,AZO,MI,AGL,CE,Combined TRACON& Tower with Radar,5,13,28,0,46,0,1,32,0,33,5,14,60,0,79,46,0,46,125
07/02/2015,AZO,MI,AGL,CE,Combined TRACON& Tower with Radar,6,15,40,0,61,0,1,33,0,34,6,16,73,0,95,48,0,48,143
07/03/2015,AZO,MI,AGL,CE,Combined TRACON& Tower with Radar,4,10,7,2,23,0,0,53,0,53,4,10,60,2,76,70,0,70,146
07/04/2015,AZO,MI,AGL,CE,Combined TRACON& Tower with Radar,2,9,7,0,18,0,1,31,0,32,2,10,38,0,50,14,0,14,64
07/05/2015,AZO,MI,AGL,CE,Combined TRACON& Tower with Radar,6,11,19,1,37,0,0,38,0,38,6,11,57,1,75,17,0,17,92
07/06/2015,AZO,MI,AGL,CE,Combined TRACON& Tower with Radar,6,19,37,0,62,0,1,56,3,60,6,20,93,3,122,111,0,111,233
07/07/2015,AZO,MI,AGL,CE,Combined TRACON& Tower with Radar,6,15,26,0,47,0,0,13,0,13,6,15,39,0,60,48,0,48,108
07/08/2015,AZO,MI,AGL,CE,Combined TRACON& Tower with Radar,7,14,23,0,44,0,0,43,0,43,7,14,66,0,87,96,0,96,183
07/09/2015,AZO,MI,AGL,CE,Combined TRACON& Tower with Radar,8,11,32,0,51,0,1,17,2,20,8,12,49,2,71,64,0,64,135
07/10/2015,AZO,MI,AGL,CE,Combined TRACON& Tower with Radar,7,13,28,0,48,0,2,57,0,59,7,15,85,0,107,88,0,88,195
07/11/2015,AZO,MI,AGL,CE,Combined TRACON& Tower with Radar,6,14,10,0,30,0,0,54,0,54,6,14,64,0,84,62,0,62,146
07/12/2015,AZO,MI,AGL,CE,Combined TRACON& Tower with Radar,5,12,15,0,32,0,10,22,1,33,5,22,37,1,65,38,0,38,103
07/13/2015,AZO,MI,AGL,CE,Combined TRACON& Tower with Radar,7,10,25,0,42,0,0,13,0,13,7,10,38,0,55,68,0,68,123
07/14/2015,AZO,MI,AGL,CE,Combined TRACON& Tower with Radar,4,15,49,0,68,0,0,15,0,15,4,15,64,0,83,46,0,46,129
07/15/2015,AZO,MI,AGL,CE,Combined TRACON& Tower with Radar,4,14,39,0,57,0,0,83,0,83,4,14,122,0,140,102,0,102,242
07/16/2015,AZO,MI,AGL,CE,Combined TRACON& Tower with Radar,6,17,26,0,49,0,0,56,2,58,6,17,82,2,107,83,0,83,190
07/17/2015,AZO,MI,AGL,CE,Combined TRACON& Tower with Radar,6,13,34,0,53,0,0,22,0,22,6,13,56,0,75,16,0,16,91
07/18/2015,AZO,MI,AGL,CE,Combined TRACON& Tower with Radar,4,11,6,0,21,0,1,26,1,28,4,12,32,1,49,53,0,53,102
07/19/2015,AZO,MI,AGL,CE,Combined TRACON& Tower with Radar,7,10,15,4,36,0,0,36,2,38,7,10,51,6,74,20,2,22,96
07/20/2015,AZO,MI,AGL,CE,Combined TRACON& Tower with Radar,6,13,23,0,42,0,0,50,1,51,6,13,73,1,93,62,0,62,155
07/21/2015,AZO,MI,AGL,CE,Combined TRACON& Tower with Radar,8,13,24,0,45,0,0,37,2,39,8,13,61,2,84,48,0,48,132
07/22/2015,AZO,MI,AGL,CE,Combined TRACON& Tower with Radar,8,13,25,0,46,0,0,58,0,58,8,13,83,0,104,70,0,70,174
07/23/2015,AZO,MI,AGL,CE,Combined TRACON& Tower with Radar,8,14,31,0,53,0,0,44,0,44,8,14,75,0,97,64,0,64,161
07/24/2015,AZO,MI,AGL,CE,Combined TRACON& Tower with Radar,6,16,24,0,46,0,0,38,0,38,6,16,62,0,84,56,0,56,140
07/25/2015,AZO,MI,AGL,CE,Combined TRACON& Tower with Radar,4,16,12,0,32,0,0,30,0,30,4,16,42,0,62,29,0,29,91
07/26/2015,AZO,MI,AGL,CE,Combined TRACON& Tower with Radar,7,10,18,0,35,0,0,34,0,34,7,10,52,0,69,22,0,22,91
07/27/2015,AZO,MI,AGL,CE,Combined TRACON& Tower with Radar,7,14,38,0,59,0,0,47,1,48,7,14,85,1,107,31,0,31,138
07/28/2015,AZO,MI,AGL,CE,Combined TRACON& Tower with Radar,6,15,40,0,61,0,1,33,0,34,6,16,73,0,95,97,0,97,192
07/29/2015,AZO,MI,AGL,CE,Combined TRACON& Tower with Radar,6,10,26,0,42,0,0,21,0,21,6,10,47,0,63,58,0,58,121
07/30/2015,AZO,MI,AGL,CE,Combined TRACON& Tower with Radar,6,12,33,0,51,0,2,32,0,34,6,14,65,0,85,34,0,34,119
07/31/2015,AZO,MI,AGL,CE,Combined TRACON& Tower with Radar,7,12,22,0,41,0,2,37,0,39,7,14,59,0,80,46,0,46,126
08/01/2015,AZO,MI,AGL,CE,Combined TRACON& Tower with Radar,5,13,13,0,31,0,0,68,2,70,5,13,81,2,101,12,0,12,113
08/02/2015,AZO,MI,AGL,CE,Combined TRACON& Tower with Radar,5,9,7,0,21,0,2,26,0,28,5,11,33,0,49,22,6,28,77
08/03/2015,AZO,MI,AGL,CE,Combined TRACON& Tower with Radar,5,13,32,0,50,0,4,25,0,29,5,17,57,0,79,76,0,76,155
08/04/2015,AZO,MI,AGL,CE,Combined TRACON& Tower with Radar,7,12,37,0,56,0,0,48,0,48,7,12,85,0,104,136,0,136,240
08/05/2015,AZO,MI,AGL,CE,Combined TRACON& Tower with Radar,8,15,39,3,65,0,0,62,2,64,8,15,101,5,129,78,0,78,207
08/06/2015,AZO,MI,AGL,CE,Combined TRACON& Tower with Radar,8,11,17,4,40,0,0,45,3,48,8,11,62,7,88,98,8,106,194
08/07/2015,AZO,MI,AGL,CE,Combined TRACON& Tower with Radar,10,11,30,0,51,0,1,37,0,38,10,12,67,0,89,74,0,74,163
08/08/2015,AZO,MI,AGL,CE,Combined TRACON& Tower with Radar,6,17,11,0,34,0,0,41,0,41,6,17,52,0,75,30,0,30,105
08/09/2015,AZO,MI,AGL,CE,Combined TRACON& Tower with Radar,7,11,15,1,34,0,0,6,0,6,7,11,21,1,40,0,0,0,40
08/10/2015,AZO,MI,AGL,CE,Combined TRACON& Tower with Radar,9,13,19,0,41,0,0,16,0,16,9,13,35,0,57,22,0,22,79
08/11/2015,AZO,MI,AGL,CE,Combined TRACON& Tower with Radar,8,15,44,0,67,0,5,52,1,58,8,20,96,1,125,150,0,150,275
08/12/2015,AZO,MI,AGL,CE,Combined TRACON& Tower with Radar,7,18,40,0,65,0,0,38,0,38,7,18,78,0,103,152,0,152,255
08/13/2015,AZO,MI,AGL,CE,Combined TRACON& Tower with Radar,9,11,26,0,46,0,0,25,0,25,9,11,51,0,71,44,0,44,115
08/14/2015,AZO,MI,AGL,CE,Combined TRACON& Tower with Radar,7,11,26,3,47,0,0,22,0,22,7,11,48,3,69,44,0,44,113
08/15/2015,AZO,MI,AGL,CE,Combined TRACON& Tower with Radar,7,13,12,0,32,0,4,55,1,60,7,17,67,1,92,28,0,28,120
08/16/2015,AZO,MI,AGL,CE,Combined TRACON& Tower with Radar,6,11,5,2,24,0,2,45,0,47,6,13,50,2,71,24,0,24,95
08/17/2015,AZO,MI,AGL,CE,Combined TRACON& Tower with Radar,6,10,15,0,31,0,0,9,0,9,6,10,24,0,40,20,0,20,60
08/18/2015,AZO,MI,AGL,CE,Combined TRACON& Tower with Radar,6,13,28,0,47,0,1,18,0,19,6,14,46,0,66,82,0,82,148
08/19/2015,AZO,MI,AGL,CE,Combined TRACON& Tower with Radar,5,14,23,0,42,0,1,19,0,20,5,15,42,0,62,30,0,30,92
08/20/2015,AZO,MI,AGL,CE,Combined TRACON& Tower with Radar,6,15,38,0,59,0,0,10,0,10,6,15,48,0,69,24,0,24,93
08/21/2015,AZO,MI,AGL,CE,Combined TRACON& Tower with Radar,6,15,25,0,46,0,0,63,0,63,6,15,88,0,109,42,0,42,151
08/22/2015,AZO,MI,AGL,CE,Combined TRACON& Tower with Radar,2,14,17,0,33,0,0,51,2,53,2,14,68,2,86,26,0,26,112
08/23/2015,AZO,MI,AGL,CE,Combined TRACON& Tower with Radar,4,20,21,0,45,0,0,20,0,20,4,20,41,0,65,8,0,8,73
08/24/2015,AZO,MI,AGL,CE,Combined TRACON& Tower with Radar,6,15,21,0,42,0,2,26,0,28,6,17,47,0,70,24,0,24,94
08/25/2015,AZO,MI,AGL,CE,Combined TRACON& Tower with Radar,5,13,34,0,52,0,0,9,0,9,5,13,43,0,61,10,0,10,71
08/26/2015,AZO,MI,AGL,CE,Combined TRACON& Tower with Radar,6,12,33,0,51,0,0,24,0,24,6,12,57,0,75,28,0,28,103
08/27/2015,AZO,MI,AGL,CE,Combined TRACON& Tower with Radar,6,14,39,0,59,0,0,29,3,32,6,14,68,3,91,86,0,86,177
08/28/2015,AZO,MI,AGL,CE,Combined TRACON& Tower with Radar,6,17,26,0,49,0,4,57,2,63,6,21,83,2,112,128,0,128,240
08/29/2015,AZO,MI,AGL,CE,Combined TRACON& Tower with Radar,3,12,7,0,22,0,0,1,0,1,3,12,8,0,23,0,0,0,23
08/30/2015,AZO,MI,AGL,CE,Combined TRACON& Tower with Radar,3,14,11,0,28,0,16,6,0,22,3,30,17,0,50,2,0,2,52
08/31/2015,AZO,MI,AGL,CE,Combined TRACON& Tower with Radar,6,10,18,0,34,0,0,12,0,12,6,10,30,0,46,50,0,50,96
09/01/2015,AZO,MI,AGL,CE,Combined TRACON& Tower with Radar,5,14,40,0,59,0,1,35,0,36,5,15,75,0,95,82,0,82,177
09/02/2015,AZO,MI,AGL,CE,Combined TRACON& Tower with Radar,4,14,31,0,49,0,0,43,0,43,4,14,74,0,92,72,0,72,164
09/03/2015,AZO,MI,AGL,CE,Combined TRACON& Tower with Radar,3,15,41,0,59,0,2,31,0,33,3,17,72,0,92,80,0,80,172
09/04/2015,AZO,MI,AGL,CE,Combined TRACON& Tower with Radar,3,13,34,0,50,0,3,14,0,17,3,16,48,0,67,30,0,30,97
09/05/2015,AZO,MI,AGL,CE,Combined TRACON& Tower with Radar,1,9,4,0,14,0,0,9,0,9,1,9,13,0,23,12,0,12,35
09/06/2015,AZO,MI,AGL,CE,Combined TRACON& Tower with Radar,0,11,6,1,18,0,0,27,0,27,0,11,33,1,45,29,0,29,74
09/07/2015,AZO,MI,AGL,CE,Combined TRACON& Tower with Radar,4,13,6,0,23,0,1,38,0,39,4,14,44,0,62,62,0,62,124
09/08/2015,AZO,MI,AGL,CE,Combined TRACON& Tower with Radar,5,11,18,0,34,0,0,9,3,12,5,11,27,3,46,18,0,18,64
09/09/2015,AZO,MI,AGL,CE,Combined TRACON& Tower with Radar,3,14,22,0,39,0,0,23,0,23,3,14,45,0,62,42,0,42,104
09/10/2015,AZO,MI,AGL,CE,Combined TRACON& Tower with Radar,2,15,26,0,43,0,0,36,0,36,2,15,62,0,79,60,0,60,139
09/11/2015,AZO,MI,AGL,CE,Combined TRACON& Tower with Radar,5,15,34,1,55,0,0,13,0,13,5,15,47,1,68,14,0,14,82
09/12/2015,AZO,MI,AGL,CE,Combined TRACON& Tower with Radar,1,11,19,0,31,0,0,30,0,30,1,11,49,0,61,21,0,21,82
09/13/2015,AZO,MI,AGL,CE,Combined TRACON& Tower with Radar,3,12,17,0,32,0,0,32,0,32,3,12,49,0,64,2,0,2,66
09/14/2015,AZO,MI,AGL,CE,Combined TRACON& Tower with Radar,4,18,26,0,48,0,4,27,0,31,4,22,53,0,79,26,0,26,105
09/15/2015,AZO,MI,AGL,CE,Combined TRACON& Tower with Radar,3,16,25,0,44,0,0,49,0,49,3,16,74,0,93,60,0,60,153
09/16/2015,AZO,MI,AGL,CE,Combined TRACON& Tower with Radar,2,17,27,0,46,0,0,38,1,39,2,17,65,1,85,90,0,90,175
09/17/2015,AZO,MI,AGL,CE,Combined TRACON& Tower with Radar,2,17,24,2,45,0,6,35,0,41,2,23,59,2,86,26,0,26,112
09/18/2015,AZO,MI,AGL,CE,Combined TRACON& Tower with Radar,3,17,26,0,46,0,0,8,0,8,3,17,34,0,54,34,0,34,88
09/19/2015,AZO,MI,AGL,CE,Combined TRACON& Tower with Radar,0,14,8,0,22,0,0,5,2,7,0,14,13,2,29,0,0,0,29
09/20/2015,AZO,MI,AGL,CE,Combined TRACON& Tower with Radar,0,17,19,0,36,0,0,47,1,48,0,17,66,1,84,14,0,14,98
09/21/2015,AZO,MI,AGL,CE,Combined TRACON& Tower with Radar,2,17,18,0,37,0,0,45,0,45,2,17,63,0,82,62,0,62,144
09/22/2015,AZO,MI,AGL,CE,Combined TRACON& Tower with Radar,2,17,34,0,53,0,0,51,0,51,2,17,85,0,104,96,0,96,200
09/23/2015,AZO,MI,AGL,CE,Combined TRACON& Tower with Radar,2,17,41,0,60,0,0,51,0,51,2,17,92,0,111,108,0,108,219
09/24/2015,AZO,MI,AGL,CE,Combined TRACON& Tower with Radar,2,18,28,0,48,0,2,47,0,49,2,20,75,0,97,92,0,92,189
09/25/2015,AZO,MI,AGL,CE,Combined TRACON& Tower with Radar,2,17,43,0,62,0,0,32,0,32,2,17,75,0,94,24,0,24,118
09/26/2015,AZO,MI,AGL,CE,Combined TRACON& Tower with Radar,3,13,21,0,37,0,10,42,0,52,3,23,63,0,89,42,0,42,131
09/27/2015,AZO,MI,AGL,CE,Combined TRACON& Tower with Radar,2,14,14,0,30,0,0,30,0,30,2,14,44,0,60,32,0,32,92
09/28/2015,AZO,MI,AGL,CE,Combined TRACON& Tower with Radar,0,25,24,0,49,0,4,10,1,15,0,29,34,1,64,16,0,16,80
09/29/2015,AZO,MI,AGL,CE,Combined TRACON& Tower with Radar,2,17,32,0,51,0,0,8,0,8,2,17,40,0,59,22,0,22,81
09/30/2015,AZO,MI,AGL,CE,Combined TRACON& Tower with Radar,2,19,21,0,42,0,0,30,0,30,2,19,51,0,72,42,0,42,114
10/01/2015,AZO,MI,AGL,CE,Combined TRACON& Tower with Radar,1,19,40,0,60,0,0,17,0,17,1,19,57,0,77,30,0,30,107
10/02/2015,AZO,MI,AGL,CE,Combined TRACON& Tower with Radar,2,19,23,0,44,0,0,23,0,23,2,19,46,0,67,26,0,26,93
10/03/2015,AZO,MI,AGL,CE,Combined TRACON& Tower with Radar,2,13,3,0,18,0,0,4,0,4,2,13,7,0,22,0,0,0,22
10/04/2015,AZO,MI,AGL,CE,Combined TRACON& Tower with Radar,2,17,8,0,27,0,0,5,0,5,2,17,13,0,32,0,0,0,32
10/05/2015,AZO,MI,AGL,CE,Combined TRACON& Tower with Radar,4,16,17,0,37,0,1,2,0,3,4,17,19,0,40,22,0,22,62
10/06/2015,AZO,MI,AGL,CE,Combined TRACON& Tower with Radar,1,17,22,0,40,0,0,3,0,3,1,17,25,0,43,4,0,4,47
10/07/2015,AZO,MI,AGL,CE,Combined TRACON& Tower with Radar,2,23,28,0,53,0,0,39,0,39,2,23,67,0,92,70,0,70,162
10/08/2015,AZO,MI,AGL,CE,Combined TRACON& Tower with Radar,2,17,17,0,36,0,0,12,0,12,2,17,29,0,48,25,0,25,73
10/09/2015,AZO,MI,AGL,CE,Combined TRACON& Tower with Radar,4,17,20,0,41,0,1,8,0,9,4,18,28,0,50,42,0,42,92
10/10/2015,AZO,MI,AGL,CE,Combined TRACON& Tower with Radar,1,14,7,0,22,0,0,32,0,32,1,14,39,0,54,40,0,40,94
10/11/2015,AZO,MI,AGL,CE,Combined TRACON& Tower with Radar,1,15,11,0,27,0,0,22,0,22,1,15,33,0,49,2,0,2,51
10/12/2015,AZO,MI,AGL,CE,Combined TRACON& Tower with Radar,2,22,30,0,54,0,0,36,0,36,2,22,66,0,90,112,0,112,202
10/13/2015,AZO,MI,AGL,CE,Combined TRACON& Tower with Radar,3,17,16,0,36,0,0,1,0,1,3,17,17,0,37,4,0,4,41
10/14/2015,AZO,MI,AGL,CE,Combined TRACON& Tower with Radar,2,22,42,0,66,0,0,61,0,61,2,22,103,0,127,156,0,156,283
10/15/2015,AZO,MI,AGL,CE,Combined TRACON& Tower with Radar,4,17,21,0,42,0,0,5,0,5,4,17,26,0,47,14,0,14,61
10/16/2015,AZO,MI,AGL,CE,Combined TRACON& Tower with Radar,4,19,38,0,61,0,1,23,0,24,4,20,61,0,85,58,0,58,143
10/17/2015,AZO,MI,AGL,CE,Combined TRACON& Tower with Radar,1,16,17,0,34,0,0,22,0,22,1,16,39,0,56,34,0,34,90
10/18/2015,AZO,MI,AGL,CE,Combined TRACON& Tower with Radar,1,14,15,0,30,0,0,41,0,41,1,14,56,0,71,52,0,52,123
10/19/2015,AZO,MI,AGL,CE,Combined TRACON& Tower with Radar,2,17,20,0,39,0,2,12,0,14,2,19,32,0,53,8,0,8,61
10/20/2015,AZO,MI,AGL,CE,Combined TRACON& Tower with Radar,1,17,18,0,36,0,0,21,0,21,1,17,39,0,57,46,0,46,103
10/21/2015,AZO,MI,AGL,CE,Combined TRACON& Tower with Radar,2,21,36,0,59,0,0,31,0,31,2,21,67,0,90,92,0,92,182
10/22/2015,AZO,MI,AGL,CE,Combined TRACON& Tower with Radar,2,27,35,2,66,0,0,39,0,39,2,27,74,2,105,107,0,107,212
10/23/2015,AZO,MI,AGL,CE,Combined TRACON& Tower with Radar,4,25,27,0,56,0,0,32,0,32,4,25,59,0,88,38,0,38,126
10/24/2015,AZO,MI,AGL,CE,Combined TRACON& Tower with Radar,1,12,8,0,21,0,0,0,0,0,1,12,8,0,21,40,0,40,61
10/25/2015,AZO,MI,AGL,CE,Combined TRACON& Tower with Radar,1,16,13,2,32,0,0,64,0,64,1,16,77,2,96,36,2,38,134
10/26/2015,AZO,MI,AGL,CE,Combined TRACON& Tower with Radar,4,15,35,0,54,0,0,66,0,66,4,15,101,0,120,158,0,158,278
10/27/2015,AZO,MI,AGL,CE,Combined TRACON& Tower with Radar,2,13,26,0,41,0,0,14,2,16,2,13,40,2,57,48,0,48,105
10/28/2015,AZO,MI,AGL,CE,Combined TRACON& Tower with Radar,3,19,21,0,43,0,1,0,0,1,3,20,21,0,44,2,0,2,46
10/29/2015,AZO,MI,AGL,CE,Combined TRACON& Tower with Radar,1,24,12,0,37,0,0,3,0,3,1,24,15,0,40,0,0,0,40
10/30/2015,AZO,MI,AGL,CE,Combined TRACON& Tower with Radar,2,16,41,0,59,0,0,42,0,42,2,16,83,0,101,154,0,154,255
10/31/2015,AZO,MI,AGL,CE,Combined TRACON& Tower with Radar,1,13,15,0,29,0,0,4,0,4,1,13,19,0,33,8,0,8,41
11/01/2015,AZO,MI,AGL,CE,Combined TRACON& Tower with Radar,1,18,10,0,29,0,0,11,0,11,1,18,21,0,40,4,0,4,44
11/02/2015,AZO,MI,AGL,CE,Combined TRACON& Tower with Radar,3,19,32,0,54,0,0,54,0,54,3,19,86,0,108,182,0,182,290
11/03/2015,AZO,MI,AGL,CE,Combined TRACON& Tower with Radar,2,18,39,0,59,0,1,55,1,57,2,19,94,1,116,114,0,114,230
11/04/2015,AZO,MI,AGL,CE,Combined TRACON& Tower with Radar,1,25,39,0,65,0,4,63,0,67,1,29,102,0,132,116,0,116,248
11/05/2015,AZO,MI,AGL,CE,Combined TRACON& Tower with Radar,3,22,31,0,56,0,0,23,0,23,3,22,54,0,79,78,0,78,157
11/06/2015,AZO,MI,AGL,CE,Combined TRACON& Tower with Radar,1,23,29,0,53,0,0,4,0,4,1,23,33,0,57,2,0,2,59
11/07/2015,AZO,MI,AGL,CE,Combined TRACON& Tower with Radar,2,15,19,0,36,0,0,24,0,24,2,15,43,0,60,38,0,38,98
11/08/2015,AZO,MI,AGL,CE,Combined TRACON& Tower with Radar,1,16,21,0,38,0,0,69,0,69,1,16,90,0,107,36,0,36,143
11/09/2015,AZO,MI,AGL,CE,Combined TRACON& Tower with Radar,2,17,26,0,45,0,1,53,0,54,2,18,79,0,99,114,0,114,213
11/10/2015,AZO,MI,AGL,CE,Combined TRACON& Tower with Radar,1,19,27,0,47,0,2,19,0,21,1,21,46,0,68,95,0,95,163
11/11/2015,AZO,MI,AGL,CE,Combined TRACON& Tower with Radar,1,20,30,0,51,0,0,34,0,34,1,20,64,0,85,102,0,102,187
11/12/2015,AZO,MI,AGL,CE,Combined TRACON& Tower with Radar,4,12,2,0,18,0,0,0,0,0,4,12,2,0,18,0,0,0,18
11/13/2015,AZO,MI,AGL,CE,Combined TRACON& Tower with Radar,3,16,9,0,28,0,2,1,0,3,3,18,10,0,31,0,0,0,31
11/14/2015,AZO,MI,AGL,CE,Combined TRACON& Tower with Radar,2,14,20,0,36,0,0,41,0,41,2,14,61,0,77,86,0,86,163
11/15/2015,AZO,MI,AGL,CE,Combined TRACON& Tower with Radar,1,15,13,0,29,0,0,39,0,39,1,15,52,0,68,42,0,42,110
11/16/2015,AZO,MI,AGL,CE,Combined TRACON& Tower with Radar,4,15,31,0,50,0,0,49,0,49,4,15,80,0,99,120,0,120,219
11/17/2015,AZO,MI,AGL,CE,Combined TRACON& Tower with Radar,1,17,22,3,43,0,0,14,2,16,1,17,36,5,59,28,2,30,89
11/18/2015,AZO,MI,AGL,CE,Combined TRACON& Tower with Radar,1,13,12,0,26,0,0,1,3,4,1,13,13,3,30,0,0,0,30
11/19/2015,AZO,MI,AGL,CE,Combined TRACON& Tower with Radar,3,18,11,0,32,0,0,0,0,0,3,18,11,0,32,6,0,6,38
11/20/2015,AZO,MI,AGL,CE,Combined TRACON& Tower with Radar,1,18,41,0,60,0,1,33,0,34,1,19,74,0,94,28,0,28,122
11/21/2015,AZO,MI,AGL,CE,Combined TRACON& Tower with Radar,1,8,7,0,16,0,0,0,0,0,1,8,7,0,16,0,0,0,16
11/22/2015,AZO,MI,AGL,CE,Combined TRACON& Tower with Radar,1,10,17,0,28,0,0,10,0,10,1,10,27,0,38,12,0,12,50
11/23/2015,AZO,MI,AGL,CE,Combined TRACON& Tower with Radar,0,17,25,0,42,0,0,14,0,14,0,17,39,0,56,58,0,58,114
11/24/2015,AZO,MI,AGL,CE,Combined TRACON& Tower with Radar,1,20,32,0,53,0,0,18,0,18,1,20,50,0,71,62,0,62,133
11/25/2015,AZO,MI,AGL,CE,Combined TRACON& Tower with Radar,2,17,20,0,39,0,0,34,0,34,2,17,54,0,73,58,0,58,131
11/26/2015,AZO,MI,AGL,CE,Combined TRACON& Tower with Radar,4,3,1,0,8,0,0,1,0,1,4,3,2,0,9,0,0,0,9
11/27/2015,AZO,MI,AGL,CE,Combined TRACON& Tower with Radar,2,10,5,0,17,0,0,0,0,0,2,10,5,0,17,0,0,0,17
11/28/2015,AZO,MI,AGL,CE,Combined TRACON& Tower with Radar,2,23,13,0,38,0,0,8,0,8,2,23,21,0,46,18,0,18,64
11/29/2015,AZO,MI,AGL,CE,Combined TRACON& Tower with Radar,2,19,22,0,43,0,5,56,0,61,2,24,78,0,104,84,0,84,188
11/30/2015,AZO,MI,AGL,CE,Combined TRACON& Tower with Radar,4,19,41,0,64,0,0,28,0,28,4,19,69,0,92,68,0,68,160
12/01/2015,AZO,MI,AGL,CE,Combined TRACON& Tower with Radar,1,21,12,0,34,0,1,6,0,7,1,22,18,0,41,28,0,28,69
12/02/2015,AZO,MI,AGL,CE,Combined TRACON& Tower with Radar,4,20,9,0,33,0,0,3,0,3,4,20,12,0,36,16,0,16,52
12/03/2015,AZO,MI,AGL,CE,Combined TRACON& Tower with Radar,1,17,63,8,89,0,0,2,0,2,1,17,65,8,91,42,0,42,133
12/04/2015,AZO,MI,AGL,CE,Combined TRACON& Tower with Radar,1,19,29,0,49,0,1,39,0,40,1,20,68,0,89,38,0,38,127
12/05/2015,AZO,MI,AGL,CE,Combined TRACON& Tower with Radar,1,14,44,0,59,0,2,15,0,17,1,16,59,0,76,20,0,20,96
12/06/2015,AZO,MI,AGL,CE,Combined TRACON& Tower with Radar,0,14,31,0,45,0,0,43,0,43,0,14,74,0,88,64,0,64,152
12/07/2015,AZO,MI,AGL,CE,Combined TRACON& Tower with Radar,2,16,21,0,39,0,0,0,0,0,2,16,21,0,39,0,0,0,39
12/08/2015,AZO,MI,AGL,CE,Combined TRACON& Tower with Radar,2,18,47,2,69,0,0,6,0,6,2,18,53,2,75,55,0,55,130
12/09/2015,AZO,MI,AGL,CE,Combined TRACON& Tower with Radar,1,28,61,1,91,0,0,19,1,20,1,28,80,2,111,88,0,88,199
12/10/2015,AZO,MI,AGL,CE,Combined TRACON& Tower with Radar,1,26,45,0,72,0,0,30,2,32,1,26,75,2,104,70,0,70,174
12/11/2015,AZO,MI,AGL,CE,Combined TRACON& Tower with Radar,1,28,49,0,78,0,0,47,0,47,1,28,96,0,125,102,0,102,227
12/12/2015,AZO,MI,AGL,CE,Combined TRACON& Tower with Radar,1,21,12,0,34,0,0,5,0,5,1,21,17,0,39,10,0,10,49
12/13/2015,AZO,MI,AGL,CE,Combined TRACON& Tower with Radar,1,24,12,0,37,0,0,4,0,4,1,24,16,0,41,10,0,10,51
12/14/2015,AZO,MI,AGL,CE,Combined TRACON& Tower with Radar,3,24,14,0,41,0,0,1,0,1,3,24,15,0,42,6,0,6,48
12/15/2015,AZO,MI,AGL,CE,Combined TRACON& Tower with Radar,1,25,27,0,53,0,0,13,0,13,1,25,40,0,66,30,0,30,96
12/16/2015,AZO,MI,AGL,CE,Combined TRACON& Tower with Radar,1,25,30,0,56,0,0,2,0,2,1,25,32,0,58,21,0,21,79
12/17/2015,AZO,MI,AGL,CE,Combined TRACON& Tower with Radar,1,23,26,2,52,0,0,7,0,7,1,23,33,2,59,6,0,6,65
12/18/2015,AZO,MI,AGL,CE,Combined TRACON& Tower with Radar,4,18,10,0,32,0,3,2,0,5,4,21,12,0,37,0,0,0,37
12/19/2015,AZO,MI,AGL,CE,Combined TRACON& Tower with Radar,4,16,14,0,34,0,1,13,0,14,4,17,27,0,48,18,0,18,66
12/20/2015,AZO,MI,AGL,CE,Combined TRACON& Tower with Radar,7,14,7,0,28,0,0,18,0,18,7,14,25,0,46,14,0,14,60
12/21/2015,AZO,MI,AGL,CE,Combined TRACON& Tower with Radar,6,16,7,0,29,0,0,0,0,0,6,16,7,0,29,4,0,4,33
12/22/2015,AZO,MI,AGL,CE,Combined TRACON& Tower with Radar,6,14,25,0,45,0,0,5,0,5,6,14,30,0,50,8,0,8,58
12/23/2015,AZO,MI,AGL,CE,Combined TRACON& Tower with Radar,5,13,3,0,21,0,0,0,0,0,5,13,3,0,21,0,0,0,21
12/24/2015,AZO,MI,AGL,CE,Combined TRACON& Tower with Radar,4,15,8,0,27,0,0,15,0,15,4,15,23,0,42,22,0,22,64
12/25/2015,AZO,MI,AGL,CE,Combined TRACON& Tower with Radar,4,10,2,0,16,0,2,19,0,21,4,12,21,0,37,12,0,12,49
12/26/2015,AZO,MI,AGL,CE,Combined TRACON& Tower with Radar,3,12,7,0,22,0,0,8,0,8,3,12,15,0,30,6,0,6,36
12/27/2015,AZO,MI,AGL,CE,Combined TRACON& Tower with Radar,7,12,9,0,28,0,2,6,0,8,7,14,15,0,36,6,0,6,42
12/28/2015,AZO,MI,AGL,CE,Combined TRACON& Tower with Radar,2,6,0,0,8,0,0,0,0,0,2,6,0,0,8,0,0,0,8
12/29/2015,AZO,MI,AGL,CE,Combined TRACON& Tower with Radar,8,12,4,0,24,0,0,0,0,0,8,12,4,0,24,0,0,0,24
12/30/2015,AZO,MI,AGL,CE,Combined TRACON& Tower with Radar,6,13,10,0,29,0,0,0,0,0,6,13,10,0,29,0,0,0,29
12/31/2015,AZO,MI,AGL,CE,Combined TRACON& Tower with Radar,8,14,6,0,28,0,0,2,0,2,8,14,8,0,30,0,0,0,30
01/01/2016,AZO,MI,AGL,CE,Combined TRACON& Tower with Radar,6,13,3,0,22,0,0,1,0,1,6,13,4,0,23,0,0,0,23
01/02/2016,AZO,MI,AGL,CE,Combined TRACON& Tower with Radar,4,15,14,0,33,0,4,12,1,17,4,19,26,1,50,4,0,4,54
01/03/2016,AZO,MI,AGL,CE,Combined TRACON& Tower with Radar,6,16,10,0,32,0,1,5,0,6,6,17,15,0,38,0,0,0,38
01/04/2016,AZO,MI,AGL,CE,Combined TRACON& Tower with Radar,4,17,30,0,51,0,0,4,0,4,4,17,34,0,55,8,0,8,63
01/05/2016,AZO,MI,AGL,CE,Combined TRACON& Tower with Radar,1,27,24,0,52,0,0,21,0,21,1,27,45,0,73,46,0,46,119
01/06/2016,AZO,MI,AGL,CE,Combined TRACON& Tower with Radar,1,23,28,0,52,0,0,48,0,48,1,23,76,0,100,72,0,72,172
01/07/2016,AZO,MI,AGL,CE,Combined TRACON& Tower with Radar,1,23,17,0,41,0,0,40,0,40,1,23,57,0,81,72,0,72,153
01/08/2016,AZO,MI,AGL,CE,Combined TRACON& Tower with Radar,0,23,9,0,32,0,0,0,0,0,0,23,9,0,32,0,0,0,32
01/09/2016,AZO,MI,AGL,CE,Combined TRACON& Tower with Radar,0,15,8,0,23,0,0,0,0,0,0,15,8,0,23,0,0,0,23
01/10/2016,AZO,MI,AGL,CE,Combined TRACON& Tower with Radar,2,23,3,0,28,0,0,0,0,0,2,23,3,0,28,0,0,0,28
01/11/2016,AZO,MI,AGL,CE,Combined TRACON& Tower with Radar,0,21,34,0,55,0,0,14,0,14,0,21,48,0,69,24,0,24,93
01/12/2016,AZO,MI,AGL,CE,Combined TRACON& Tower with Radar,4,21,5,2,32,0,0,0,0,0,4,21,5,2,32,0,0,0,32
01/13/2016,AZO,MI,AGL,CE,Combined TRACON& Tower with Radar,0,25,16,0,41,0,0,1,0,1,0,25,17,0,42,0,0,0,42
01/14/2016,AZO,MI,AGL,CE,Combined TRACON& Tower with Radar,3,22,32,1,58,0,1,33,1,35,3,23,65,2,93,102,0,102,195
01/15/2016,AZO,MI,AGL,CE,Combined TRACON& Tower with Radar,1,25,20,0,46,0,0,1,0,1,1,25,21,0,47,0,0,0,47
01/16/2016,AZO,MI,AGL,CE,Combined TRACON& Tower with Radar,1,18,15,0,34,0,0,5,0,5,1,18,20,0,39,5,0,5,44
01/17/2016,AZO,MI,AGL,CE,Combined TRACON& Tower with Radar,1,17,16,0,34,0,0,0,0,0,1,17,16,0,34,0,0,0,34
01/18/2016,AZO,MI,AGL,CE,Combined TRACON& Tower with Radar,1,25,8,0,34,0,0,0,0,0,1,25,8,0,34,0,0,0,34
01/19/2016,AZO,MI,AGL,CE,Combined TRACON& Tower with Radar,7,18,35,4,64,0,0,22,0,22,7,18,57,4,86,24,0,24,110
01/20/2016,AZO,MI,AGL,CE,Combined TRACON& Tower with Radar,2,22,36,0,60,0,0,14,0,14,2,22,50,0,74,18,0,18,92
01/21/2016,AZO,MI,AGL,CE,Combined TRACON& Tower with Radar,0,24,19,0,43,0,0,20,0,20,0,24,39,0,63,22,0,22,85
01/22/2016,AZO,MI,AGL,CE,Combined TRACON& Tower with Radar,1,25,32,0,58,0,0,6,0,6,1,25,38,0,64,26,0,26,90
01/23/2016,AZO,MI,AGL,CE,Combined TRACON& Tower with Radar,1,19,47,0,67,0,1,49,0,50,1,20,96,0,117,84,0,84,201
01/24/2016,AZO,MI,AGL,CE,Combined TRACON& Tower with Radar,0,24,16,0,40,0,0,12,0,12,0,24,28,0,52,0,0,0,52
01/25/2016,AZO,MI,AGL,CE,Combined TRACON& Tower with Radar,3,22,30,0,55,0,0,16,0,16,3,22,46,0,71,10,0,10,81
01/26/2016,AZO,MI,AGL,CE,Combined TRACON& Tower with Radar,4,20,23,0,47,0,0,0,0,0,4,20,23,0,47,0,0,0,47
01/27/2016,AZO,MI,AGL,CE,Combined TRACON& Tower with Radar,1,23,39,0,63,0,0,28,0,28,1,23,67,0,91,78,0,78,169
01/28/2016,AZO,MI,AGL,CE,Combined TRACON& Tower with Radar,3,23,25,0,51,0,0,1,0,1,3,23,26,0,52,0,0,0,52
01/29/2016,AZO,MI,AGL,CE,Combined TRACON& Tower with Radar,1,25,41,0,67,0,0,42,1,43,1,25,83,1,110,33,0,33,143
01/30/2016,AZO,MI,AGL,CE,Combined TRACON& Tower with Radar,2,17,31,0,50,0,0,42,0,42,2,17,73,0,92,83,0,83,175
01/31/2016,AZO,MI,AGL,CE,Combined TRACON& Tower with Radar,2,24,7,0,33,0,0,0,0,0,2,24,7,0,33,6,0,6,39
02/01/2016,AZO,MI,AGL,CE,Combined TRACON& Tower with Radar,0,25,29,0,54,0,0,14,0,14,0,25,43,0,68,40,0,40,108
02/02/2016,AZO,MI,AGL,CE,Combined TRACON& Tower with Radar,0,23,9,0,32,0,0,5,0,5,0,23,14,0,37,12,0,12,49
02/03/2016,AZO,MI,AGL,CE,Combined TRACON& Tower with Radar,0,22,16,0,38,0,0,0,0,0,0,22,16,0,38,0,0,0,38
02/04/2016,AZO,MI,AGL,CE,Combined TRACON& Tower with Radar,0,29,18,0,47,0,0,2,0,2,0,29,20,0,49,12,0,12,61
02/05/2016,AZO,MI,AGL,CE,Combined TRACON& Tower with Radar,1,23,24,0,48,0,0,15,0,15,1,23,39,0,63,10,0,10,73
02/06/2016,AZO,MI,AGL,CE,Combined TRACON& Tower with Radar,1,19,16,0,36,0,0,58,0,58,1,19,74,0,94,63,0,63,157
02/07/2016,AZO,MI,AGL,CE,Combined TRACON& Tower with Radar,0,21,13,0,34,0,1,20,0,21,0,22,33,0,55,8,0,8,63
02/08/2016,AZO,MI,AGL,CE,Combined TRACON& Tower with Radar,0,23,12,0,35,0,0,11,0,11,0,23,23,0,46,0,0,0,46
02/09/2016,AZO,MI,AGL,CE,Combined TRACON& Tower with Radar,0,23,9,0,32,0,0,2,0,2,0,23,11,0,34,0,0,0,34
02/10/2016,AZO,MI,AGL,CE,Combined TRACON& Tower with Radar,0,24,14,0,38,0,0,0,0,0,0,24,14,0,38,0,0,0,38
02/11/2016,AZO,MI,AGL,CE,Combined TRACON& Tower with Radar,1,23,37,0,61,0,0,22,0,22,1,23,59,0,83,22,0,22,105
02/12/2016,AZO,MI,AGL,CE,Combined TRACON& Tower with Radar,2,26,4,0,32,0,0,1,0,1,2,26,5,0,33,0,0,0,33
02/13/2016,AZO,MI,AGL,CE,Combined TRACON& Tower with Radar,2,19,3,0,24,0,0,1,0,1,2,19,4,0,25,0,0,0,25
02/14/2016,AZO,MI,AGL,CE,Combined TRACON& Tower with Radar,4,13,7,0,24,0,0,13,0,13,4,13,20,0,37,65,0,65,102
02/15/2016,AZO,MI,AGL,CE,Combined TRACON& Tower with Radar,1,24,7,0,32,0,0,0,0,0,1,24,7,0,32,0,0,0,32
02/16/2016,AZO,MI,AGL,CE,Combined TRACON& Tower with Radar,1,26,14,0,41,0,0,7,0,7,1,26,21,0,48,39,0,39,87
02/17/2016,AZO,MI,AGL,CE,Combined TRACON& Tower with Radar,2,25,50,1,78,0,0,56,1,57,2,25,106,2,135,124,0,124,259
02/18/2016,AZO,MI,AGL,CE,Combined TRACON& Tower with Radar,2,25,33,0,60,0,0,53,0,53,2,25,86,0,113,66,0,66,179
02/19/2016,AZO,MI,AGL,CE,Combined TRACON& Tower with Radar,2,22,15,0,39,0,0,3,0,3,2,22,18,0,42,0,0,0,42
02/20/2016,AZO,MI,AGL,CE,Combined TRACON& Tower with Radar,2,21,12,0,35,0,0,40,0,40,2,21,52,0,75,4,0,4,79
02/21/2016,AZO,MI,AGL,CE,Combined TRACON& Tower with Radar,2,24,24,0,50,0,0,22,0,22,2,24,46,0,72,37,0,37,109
02/22/2016,AZO,MI,AGL,CE,Combined TRACON& Tower with Radar,2,25,9,0,36,0,0,23,0,23,2,25,32,0,59,52,0,52,111
02/23/2016,AZO,MI,AGL,CE,Combined TRACON& Tower with Radar,3,27,31,0,61,0,0,52,0,52,3,27,83,0,113,86,0,86,199
02/24/2016,AZO,MI,AGL,CE,Combined TRACON& Tower with Radar,2,16,9,0,27,0,0,0,0,0,2,16,9,0,27,0,0,0,27
02/25/2016,AZO,MI,AGL,CE,Combined TRACON& Tower with Radar,2,21,7,0,30,0,0,0,0,0,2,21,7,0,30,0,0,0,30
02/26/2016,AZO,MI,AGL,CE,Combined TRACON& Tower with Radar,2,25,43,0,70,0,1,37,0,38,2,26,80,0,108,66,0,66,174
02/27/2016,AZO,MI,AGL,CE,Combined TRACON& Tower with Radar,1,18,28,0,47,0,0,42,0,42,1,18,70,0,89,69,0,69,158
02/28/2016,AZO,MI,AGL,CE,Combined TRACON& Tower with Radar,1,24,8,0,33,0,0,9,0,9,1,24,17,0,42,0,0,0,42
02/29/2016,AZO,MI,AGL,CE,Combined TRACON& Tower with Radar,2,24,17,0,43,0,1,10,0,11,2,25,27,0,54,22,0,22,76
03/01/2016,AZO,MI,AGL,CE,Combined TRACON& Tower with Radar,1,15,20,0,36,0,0,0,0,0,1,15,20,0,36,0,0,0,36
03/02/2016,AZO,MI,AGL,CE,Combined TRACON& Tower with Radar,1,33,37,0,71,0,0,30,0,30,1,33,67,0,101,36,0,36,137
03/03/2016,AZO,MI,AGL,CE,Combined TRACON& Tower with Radar,0,26,10,0,36,0,0,0,0,0,0,26,10,0,36,0,0,0,36
03/04/2016,AZO,MI,AGL,CE,Combined TRACON& Tower with Radar,0,27,37,0,64,0,2,53,0,55,0,29,90,0,119,18,0,18,137
03/05/2016,AZO,MI,AGL,CE,Combined TRACON& Tower with Radar,1,19,8,0,28,0,0,0,0,0,1,19,8,0,28,0,0,0,28
03/06/2016,AZO,MI,AGL,CE,Combined TRACON& Tower with Radar,1,24,10,0,35,0,0,3,0,3,1,24,13,0,38,0,0,0,38
03/07/2016,AZO,MI,AGL,CE,Combined TRACON& Tower with Radar,2,33,26,0,61,0,0,17,0,17,2,33,43,0,78,22,0,22,100
03/08/2016,AZO,MI,AGL,CE,Combined TRACON& Tower with Radar,0,23,12,1,36,0,0,20,0,20,0,23,32,1,56,32,0,32,88
03/09/2016,AZO,MI,AGL,CE,Combined TRACON& Tower with Radar,0,27,19,0,46,0,0,3,0,3,0,27,22,0,49,20,0,20,69
03/10/2016,AZO,MI,AGL,CE,Combined TRACON& Tower with Radar,0,26,17,3,46,0,0,5,1,6,0,26,22,4,52,41,0,41,93
03/11/2016,AZO,MI,AGL,CE,Combined TRACON& Tower with Radar,0,24,21,0,45,0,0,57,0,57,0,24,78,0,102,118,0,118,220
03/12/2016,AZO,MI,AGL,CE,Combined TRACON& Tower with Radar,2,18,27,0,47,0,1,56,0,57,2,19,83,0,104,48,0,48,152
03/13/2016,AZO,MI,AGL,CE,Combined TRACON& Tower with Radar,1,25,11,0,37,0,0,2,0,2,1,25,13,0,39,0,0,0,39
03/14/2016,AZO,MI,AGL,CE,Combined TRACON& Tower with Radar,0,26,19,0,45,0,0,0,0,0,0,26,19,0,45,4,0,4,49
03/15/2016,AZO,MI,AGL,CE,Combined TRACON& Tower with Radar,0,24,27,0,51,0,0,19,0,19,0,24,46,0,70,98,0,98,168
03/16/2016,AZO,MI,AGL,CE,Combined TRACON& Tower with Radar,2,25,10,0,37,0,0,0,1,1,2,25,10,1,38,0,0,0,38
03/17/2016,AZO,MI,AGL,CE,Combined TRACON& Tower with Radar,0,27,13,0,40,0,0,7,2,9,0,27,20,2,49,10,0,10,59
03/18/2016,AZO,MI,AGL,CE,Combined TRACON& Tower with Radar,0,27,49,0,76,0,0,49,0,49,0,27,98,0,125,86,0,86,211
03/19/2016,AZO,MI,AGL,CE,Combined TRACON& Tower with Radar,1,20,22,0,43,0,2,48,0,50,1,22,70,0,93,73,0,73,166
03/20/2016,AZO,MI,AGL,CE,Combined TRACON& Tower with Radar,1,24,14,0,39,0,1,25,0,26,1,25,39,0,65,2,0,2,67
03/21/2016,AZO,MI,AGL,CE,Combined TRACON& Tower with Radar,0,27,42,0,69,0,0,39,0,39,0,27,81,0,108,88,0,88,196
03/22/2016,AZO,MI,AGL,CE,Combined TRACON& Tower with Radar,0,28,26,0,54,0,0,16,0,16,0,28,42,0,70,50,0,50,120
03/23/2016,AZO,MI,AGL,CE,Combined TRACON& Tower with Radar,0,25,27,0,52,0,0,5,0,5,0,25,32,0,57,12,0,12,69
03/24/2016,AZO,MI,AGL,CE,Combined TRACON& Tower with Radar,0,28,10,0,38,0,0,0,0,0,0,28,10,0,38,0,0,0,38
03/25/2016,AZO,MI,AGL,CE,Combined TRACON& Tower with Radar,0,27,50,0,77,0,0,31,0,31,0,27,81,0,108,58,0,58,166
03/26/2016,AZO,MI,AGL,CE,Combined TRACON& Tower with Radar,1,21,25,0,47,0,3,52,0,55,1,24,77,0,102,72,0,72,174
03/27/2016,AZO,MI,AGL,CE,Combined TRACON& Tower with Radar,1,22,10,0,33,0,0,15,0,15,1,22,25,0,48,12,0,12,60
03/28/2016,AZO,MI,AGL,CE,Combined TRACON& Tower with Radar,0,26,16,0,42,0,0,0,0,0,0,26,16,0,42,10,0,10,52
03/29/2016,AZO,MI,AGL,CE,Combined TRACON& Tower with Radar,0,25,46,0,71,0,1,55,0,56,0,26,101,0,127,105,0,105,232
03/30/2016,AZO,MI,AGL,CE,Combined TRACON& Tower with Radar,0,24,30,0,54,0,0,16,0,16,0,24,46,0,70,18,0,18,88
03/31/2016,AZO,MI,AGL,CE,Combined TRACON& Tower with Radar,0,25,14,0,39,0,0,0,0,0,0,25,14,0,39,0,0,0,39
04/01/2016,AZO,MI,AGL,CE,Combined TRACON& Tower with Radar,0,26,33,0,59,0,0,24,0,24,0,26,57,0,83,41,0,41,124
04/02/2016,AZO,MI,AGL,CE,Combined TRACON& Tower with Radar,1,19,5,0,25,0,0,4,0,4,1,19,9,0,29,0,0,0,29
04/03/2016,AZO,MI,AGL,CE,Combined TRACON& Tower with Radar,1,24,8,0,33,0,1,12,0,13,1,25,20,0,46,0,0,0,46
04/04/2016,AZO,MI,AGL,CE,Combined TRACON& Tower with Radar,2,27,20,0,49,0,1,4,0,5,2,28,24,0,54,10,0,10,64
04/05/2016,AZO,MI,AGL,CE,Combined TRACON& Tower with Radar,2,24,24,0,50,0,0,38,0,38,2,24,62,0,88,76,0,76,164
04/06/2016,AZO,MI,AGL,CE,Combined TRACON& Tower with Radar,1,26,11,0,38,0,0,0,0,0,1,26,11,0,38,0,0,0,38
04/07/2016,AZO,MI,AGL,CE,Combined TRACON& Tower with Radar,1,29,2,0,32,0,0,0,0,0,1,29,2,0,32,0,0,0,32
04/08/2016,AZO,MI,AGL,CE,Combined TRACON& Tower with Radar,3,21,15,0,39,0,1,3,0,4,3,22,18,0,43,0,0,0,43
04/09/2016,AZO,MI,AGL,CE,Combined TRACON& Tower with Radar,0,21,19,0,40,0,0,34,2,36,0,21,53,2,76,62,0,62,138
04/10/2016,AZO,MI,AGL,CE,Combined TRACON& Tower with Radar,3,25,7,0,35,0,0,2,0,2,3,25,9,0,37,0,0,0,37
04/11/2016,AZO,MI,AGL,CE,Combined TRACON& Tower with Radar,1,30,45,1,77,0,1,22,3,26,1,31,67,4,103,80,0,80,183
04/12/2016,AZO,MI,AGL,CE,Combined TRACON& Tower with Radar,2,26,26,0,54,0,0,64,0,64,2,26,90,0,118,162,0,162,280
04/13/2016,AZO,MI,AGL,CE,Combined TRACON& Tower with Radar,2,24,31,0,57,0,0,26,0,26,2,24,57,0,83,14,0,14,97
04/14/2016,AZO,MI,AGL,CE,Combined TRACON& Tower with Radar,3,30,22,0,55,0,0,67,0,67,3,30,89,0,122,95,0,95,217
04/15/2016,AZO,MI,AGL,CE,Combined TRACON& Tower with Radar,1,23,25,0,49,0,0,68,0,68,1,23,93,0,117,34,0,34,151
04/16/2016,AZO,MI,AGL,CE,Combined TRACON& Tower with Radar,1,20,9,0,30,0,0,65,0,65,1,20,74,0,95,92,0,92,187
04/17/2016,AZO,MI,AGL,CE,Combined TRACON& Tower with Radar,2,23,22,0,47,0,2,66,0,68,2,25,88,0,115,36,0,36,151
04/18/2016,AZO,MI,AGL,CE,Combined TRACON& Tower with Radar,2,26,30,0,58,0,0,28,0,28,2,26,58,0,86,59,0,59,145
04/19/2016,AZO,MI,AGL,CE,Combined TRACON& Tower with Radar,3,22,25,0,50,0,0,41,0,41,3,22,66,0,91,74,0,74,165
04/20/2016,AZO,MI,AGL,CE,Combined TRACON& Tower with Radar,1,25,24,0,50,0,1,28,2,31,1,26,52,2,81,30,0,30,111
04/21/2016,AZO,MI,AGL,CE,Combined TRACON& Tower with Radar,1,33,24,0,58,0,0,2,0,2,1,33,26,0,60,0,0,0,60
04/22/2016,AZO,MI,AGL,CE,Combined TRACON& Tower with Radar,1,25,29,0,55,0,1,2,0,3,1,26,31,0,58,4,0,4,62
04/23/2016,AZO,MI,AGL,CE,Combined TRACON& Tower with Radar,3,22,15,0,40,0,1,76,0,77,3,23,91,0,117,73,0,73,190
04/24/2016,AZO,MI,AGL,CE,Combined TRACON& Tower with Radar,3,24,16,0,43,0,0,33,0,33,3,24,49,0,76,14,0,14,90
04/25/2016,AZO,MI,AGL,CE,Combined TRACON& Tower with Radar,1,27,18,0,46,0,0,25,0,25,1,27,43,0,71,26,0,26,97
04/26/2016,AZO,MI,AGL,CE,Combined TRACON& Tower with Radar,3,27,27,0,57,0,0,2,0,2,3,27,29,0,59,6,0,6,65
04/27/2016,AZO,MI,AGL,CE,Combined TRACON& Tower with Radar,3,24,35,0,62,0,0,26,0,26,3,24,61,0,88,22,0,22,110
04/28/2016,AZO,MI,AGL,CE,Combined TRACON& Tower with Radar,1,35,20,0,56,0,0,1,0,1,1,35,21,0,57,0,0,0,57
04/29/2016,AZO,MI,AGL,CE,Combined TRACON& Tower with Radar,2,25,43,0,70,0,0,22,0,22,2,25,65,0,92,42,0,42,134
04/30/2016,AZO,MI,AGL,CE,Combined TRACON& Tower with Radar,1,19,16,0,36,0,0,19,0,19,1,19,35,0,55,8,0,8,63
05/01/2016,AZO,MI,AGL,CE,Combined TRACON& Tower with Radar,1,26,7,0,34,0,0,0,0,0,1,26,7,0,34,0,0,0,34
05/02/2016,AZO,MI,AGL,CE,Combined TRACON& Tower with Radar,4,24,33,0,61,0,0,23,0,23,4,24,56,0,84,92,0,92,176
05/03/2016,AZO,MI,AGL,CE,Combined TRACON& Tower with Radar,2,27,26,2,57,0,0,65,0,65,2,27,91,2,122,92,0,92,214
05/04/2016,AZO,MI,AGL,CE,Combined TRACON& Tower with Radar,2,26,10,0,38,0,1,0,0,1,2,27,10,0,39,0,0,0,39
05/05/2016,AZO,MI,AGL,CE,Combined TRACON& Tower with Radar,2,28,21,0,51,0,0,36,0,36,2,28,57,0,87,72,0,72,159
05/06/2016,AZO,MI,AGL,CE,Combined TRACON& Tower with Radar,2,28,17,0,47,0,3,59,0,62,2,31,76,0,109,122,0,122,231
05/07/2016,AZO,MI,AGL,CE,Combined TRACON& Tower with Radar,1,20,6,0,27,0,0,27,0,27,1,20,33,0,54,26,0,26,80
05/08/2016,AZO,MI,AGL,CE,Combined TRACON& Tower with Radar,3,20,9,0,32,0,0,36,0,36,3,20,45,0,68,4,0,4,72
05/09/2016,AZO,MI,AGL,CE,Combined TRACON& Tower with Radar,2,27,27,0,56,0,0,28,0,28,2,27,55,0,84,35,0,35,119
05/10/2016,AZO,MI,AGL,CE,Combined TRACON& Tower with Radar,2,28,13,2,45,0,0,0,0,0,2,28,13,2,45,0,0,0,45
05/11/2016,AZO,MI,AGL,CE,Combined TRACON& Tower with Radar,2,27,47,0,76,0,0,6,0,6,2,27,53,0,82,84,0,84,166
05/12/2016,AZO,MI,AGL,CE,Combined TRACON& Tower with Radar,1,25,18,0,44,0,0,9,0,9,1,25,27,0,53,42,0,42,95
05/13/2016,AZO,MI,AGL,CE,Combined TRACON& Tower with Radar,2,27,40,2,71,0,2,55,0,57,2,29,95,2,128,32,0,32,160
05/14/2016,AZO,MI,AGL,CE,Combined TRACON& Tower with Radar,2,23,8,0,33,0,1,5,0,6,2,24,13,0,39,0,0,0,39
05/15/2016,AZO,MI,AGL,CE,Combined TRACON& Tower with Radar,13,15,16,0,44,0,1,20,0,21,13,16,36,0,65,0,0,0,65
05/16/2016,AZO,MI,AGL,CE,Combined TRACON& Tower with Radar,5,23,18,0,46,0,0,30,0,30,5,23,48,0,76,26,0,26,102
05/17/2016,AZO,MI,AGL,CE,Combined TRACON& Tower with Radar,2,25,31,0,58,0,0,14,2,16,2,25,45,2,74,68,0,68,142
05/18/2016,AZO,MI,AGL,CE,Combined TRACON& Tower with Radar,2,25,39,0,66,0,0,62,0,62,2,25,101,0,128,94,0,94,222
05/19/2016,AZO,MI,AGL,CE,Combined TRACON& Tower with Radar,2,29,34,0,65,0,1,57,0,58,2,30,91,0,123,96,0,96,219
05/20/2016,AZO,MI,AGL,CE,Combined TRACON& Tower with Radar,1,26,30,0,57,0,0,57,1,58,1,26,87,1,115,66,0,66,181
05/21/2016,AZO,MI,AGL,CE,Combined TRACON& Tower with Radar,2,21,21,0,44,0,0,75,0,75,2,21,96,0,119,46,0,46,165
05/22/2016,AZO,MI,AGL,CE,Combined TRACON& Tower with Radar,3,24,26,0,53,0,1,59,1,61,3,25,85,1,114,42,0,42,156
05/23/2016,AZO,MI,AGL,CE,Combined TRACON& Tower with Radar,2,24,28,0,54,0,1,49,2,52,2,25,77,2,106,104,0,104,210
05/24/2016,AZO,MI,AGL,CE,Combined TRACON& Tower with Radar,2,26,23,0,51,0,1,54,0,55,2,27,77,0,106,98,0,98,204
05/25/2016,AZO,MI,AGL,CE,Combined TRACON& Tower with Radar,2,23,27,0,52,0,0,18,0,18,2,23,45,0,70,128,0,128,198
05/26/2016,AZO,MI,AGL,CE,Combined TRACON& Tower with Radar,2,25,28,2,57,0,0,5,0,5,2,25,33,2,62,29,0,29,91
05/27/2016,AZO,MI,AGL,CE,Combined TRACON& Tower with Radar,2,26,32,0,60,0,0,30,0,30,2,26,62,0,90,40,0,40,130
05/28/2016,AZO,MI,AGL,CE,Combined TRACON& Tower with Radar,2,20,7,0,29,0,1,26,0,27,2,21,33,0,56,0,0,0,56
05/29/2016,AZO,MI,AGL,CE,Combined TRACON& Tower with Radar,4,15,4,0,23,0,0,25,0,25,4,15,29,0,48,21,0,21,69
05/30/2016,AZO,MI,AGL,CE,Combined TRACON& Tower with Radar,2,25,12,0,39,0,4,59,0,63,2,29,71,0,102,24,0,24,126
05/31/2016,AZO,MI,AGL,CE,Combined TRACON& Tower with Radar,1,23,22,0,46,0,0,31,0,31,1,23,53,0,77,68,0,68,145
06/01/2016,AZO,MI,AGL,CE,Combined TRACON& Tower with Radar,2,25,28,0,55,0,0,12,4,16,2,25,40,4,71,20,0,20,91
06/02/2016,AZO,MI,AGL,CE,Combined TRACON& Tower with Radar,2,25,34,0,61,0,1,40,3,44,2,26,74,3,105,62,0,62,167
06/03/2016,AZO,MI,AGL,CE,Combined TRACON& Tower with Radar,2,25,36,0,63,0,0,72,2,74,2,25,108,2,137,66,1,67,204
06/04/2016,AZO,MI,AGL,CE,Combined TRACON& Tower with Radar,5,23,11,0,39,0,0,32,0,32,5,23,43,0,71,6,0,6,77
06/05/2016,AZO,MI,AGL,CE,Combined TRACON& Tower with Radar,4,24,14,0,42,0,0,7,0,7,4,24,21,0,49,0,0,0,49
06/06/2016,AZO,MI,AGL,CE,Combined TRACON& Tower with Radar,4,23,22,0,49,0,0,20,0,20,4,23,42,0,69,20,0,20,89
06/07/2016,AZO,MI,AGL,CE,Combined TRACON& Tower with Radar,4,27,37,0,68,0,1,8,0,9,4,28,45,0,77,34,0,34,111
06/08/2016,AZO,MI,AGL,CE,Combined TRACON& Tower with Radar,4,22,31,0,57,0,0,26,0,26,4,22,57,0,83,74,0,74,157
06/09/2016,AZO,MI,AGL,CE,Combined TRACON& Tower with Radar,1,26,26,0,53,0,0,26,5,31,1,26,52,5,84,73,0,73,157
06/10/2016,AZO,MI,AGL,CE,Combined TRACON& Tower with Radar,1,25,15,0,41,0,1,18,0,19,1,26,33,0,60,28,0,28,88
06/11/2016,AZO,MI,AGL,CE,Combined TRACON& Tower with Radar,1,24,11,0,36,0,0,39,0,39,1,24,50,0,75,6,0,6,81
06/12/2016,AZO,MI,AGL,CE,Combined TRACON& Tower with Radar,1,26,8,0,35,0,1,50,0,51,1,27,58,0,86,18,0,18,104
06/13/2016,AZO,MI,AGL,CE,Combined TRACON& Tower with Radar,2,25,29,0,56,0,0,40,0,40,2,25,69,0,96,99,0,99,195
06/14/2016,AZO,MI,AGL,CE,Combined TRACON& Tower with Radar,1,26,20,0,47,0,0,29,0,29,1,26,49,0,76,76,0,76,152
06/15/2016,AZO,MI,AGL,CE,Combined TRACON& Tower with Radar,1,26,26,0,53,0,0,16,0,16,1,26,42,0,69,32,0,32,101
06/16/2016,AZO,MI,AGL,CE,Combined TRACON& Tower with Radar,1,26,41,0,68,0,0,0,0,0,1,26,41,0,68,0,0,0,68
06/17/2016,AZO,MI,AGL,CE,Combined TRACON& Tower with Radar,0,28,20,0,48,0,1,61,0,62,0,29,81,0,110,38,0,38,148
06/18/2016,AZO,MI,AGL,CE,Combined TRACON& Tower with Radar,1,22,4,0,27,0,0,51,0,51,1,22,55,0,78,71,0,71,149
06/19/2016,AZO,MI,AGL,CE,Combined TRACON& Tower with Radar,2,21,7,0,30,0,3,51,0,54,2,24,58,0,84,10,0,10,94
06/20/2016,AZO,MI,AGL,CE,Combined TRACON& Tower with Radar,1,25,24,0,50,0,0,11,0,11,1,25,35,0,61,4,0,4,65
06/21/2016,AZO,MI,AGL,CE,Combined TRACON& Tower with Radar,2,27,25,0,54,0,0,28,0,28,2,27,53,0,82,47,0,47,129
06/22/2016,AZO,MI,AGL,CE,Combined TRACON& Tower with Radar,0,25,26,0,51,0,0,36,0,36,0,25,62,0,87,72,0,72,159
06/23/2016,AZO,MI,AGL,CE,Combined TRACON& Tower with Radar,1,26,26,0,53,0,0,11,0,11,1,26,37,0,64,4,0,4,68
06/24/2016,AZO,MI,AGL,CE,Combined TRACON& Tower with Radar,0,25,33,0,58,0,1,93,0,94,0,26,126,0,152,123,0,123,275
06/25/2016,AZO,MI,AGL,CE,Combined TRACON& Tower with Radar,0,20,22,0,42,0,2,49,0,51,0,22,71,0,93,41,0,41,134
06/26/2016,AZO,MI,AGL,CE,Combined TRACON& Tower with Radar,2,19,16,0,37,0,0,14,0,14,2,19,30,0,51,20,0,20,71
06/27/2016,AZO,MI,AGL,CE,Combined TRACON& Tower with Radar,1,27,26,0,54,0,0,34,0,34,1,27,60,0,88,60,0,60,148
06/28/2016,AZO,MI,AGL,CE,Combined TRACON& Tower with Radar,1,27,40,0,68,0,0,9,0,9,1,27,49,0,77,14,0,14,91
06/29/2016,AZO,MI,AGL,CE,Combined TRACON& Tower with Radar,1,24,39,0,64,0,6,50,1,57,1,30,89,1,121,94,0,94,215
06/30/2016,AZO,MI,AGL,CE,Combined TRACON& Tower with Radar,1,27,33,0,61,1,0,56,0,57,2,27,89,0,118,109,0,109,227
07/01/2016,AZO,MI,AGL,CE,Combined TRACON& Tower with Radar,3,25,15,0,43,0,0,29,0,29,3,25,44,0,72,61,0,61,133
07/02/2016,AZO,MI,AGL,CE,Combined TRACON& Tower with Radar,4,17,6,0,27,0,3,42,2,47,4,20,48,2,74,16,0,16,90
07/03/2016,AZO,MI,AGL,CE,Combined TRACON& Tower with Radar,3,11,10,0,24,0,2,37,0,39,3,13,47,0,63,0,0,0,63
07/04/2016,AZO,MI,AGL,CE,Combined TRACON& Tower with Radar,3,14,10,0,27,0,0,14,0,14,3,14,24,0,41,0,0,0,41
07/05/2016,AZO,MI,AGL,CE,Combined TRACON& Tower with Radar,3,26,22,0,51,0,0,24,2,26,3,26,46,2,77,49,0,49,126
07/06/2016,AZO,MI,AGL,CE,Combined TRACON& Tower with Radar,3,26,24,0,53,0,2,27,0,29,3,28,51,0,82,24,0,24,106
07/07/2016,AZO,MI,AGL,CE,Combined TRACON& Tower with Radar,3,21,23,0,47,0,2,14,2,18,3,23,37,2,65,32,0,32,97
07/08/2016,AZO,MI,AGL,CE,Combined TRACON& Tower with Radar,3,23,17,0,43,0,0,16,0,16,3,23,33,0,59,0,0,0,59
07/09/2016,AZO,MI,AGL,CE,Combined TRACON& Tower with Radar,4,18,20,0,42,0,0,19,2,21,4,18,39,2,63,16,0,16,79
07/10/2016,AZO,MI,AGL,CE,Combined TRACON& Tower with Radar,4,18,17,0,39,0,1,82,0,83,4,19,99,0,122,53,0,53,175
07/11/2016,AZO,MI,AGL,CE,Combined TRACON& Tower with Radar,5,23,24,0,52,0,0,23,0,23,5,23,47,0,75,26,0,26,101
07/12/2016,AZO,MI,AGL,CE,Combined TRACON& Tower with Radar,2,21,18,0,41,0,2,18,0,20,2,23,36,0,61,16,0,16,77
07/13/2016,AZO,MI,AGL,CE,Combined TRACON& Tower with Radar,2,28,22,1,53,0,0,6,1,7,2,28,28,2,60,4,0,4,64
07/14/2016,AZO,MI,AGL,CE,Combined TRACON& Tower with Radar,5,23,24,0,52,0,0,19,0,19,5,23,43,0,71,12,0,12,83
07/15/2016,AZO,MI,AGL,CE,Combined TRACON& Tower with Radar,5,21,43,0,69,0,0,39,0,39,5,21,82,0,108,13,0,13,121
07/16/2016,AZO,MI,AGL,CE,Combined TRACON& Tower with Radar,4,17,17,0,38,0,0,55,0,55,4,17,72,0,93,106,0,106,199
07/17/2016,AZO,MI,AGL,CE,Combined TRACON& Tower with Radar,4,18,11,0,33,0,0,5,0,5,4,18,16,0,38,44,0,44,82
07/18/2016,AZO,MI,AGL,CE,Combined TRACON& Tower with Radar,5,21,34,0,60,0,0,27,0,27,5,21,61,0,87,22,0,22,109
07/19/2016,AZO,MI,AGL,CE,Combined TRACON& Tower with Radar,5,21,33,0,59,0,2,57,2,61,5,23,90,2,120,80,0,80,200
07/20/2016,AZO,MI,AGL,CE,Combined TRACON& Tower with Radar,3,22,37,0,62,0,0,55,0,55,3,22,92,0,117,84,0,84,201
07/21/2016,AZO,MI,AGL,CE,Combined TRACON& Tower with Radar,2,20,29,2,53,0,1,15,0,16,2,21,44,2,69,4,0,4,73
07/22/2016,AZO,MI,AGL,CE,Combined TRACON& Tower with Radar,3,21,20,0,44,0,1,35,0,36,3,22,55,0,80,40,0,40,120
07/23/2016,AZO,MI,AGL,CE,Combined TRACON& Tower with Radar,4,17,10,0,31,0,0,50,2,52,4,17,60,2,83,33,0,33,116
07/24/2016,AZO,MI,AGL,CE,Combined TRACON& Tower with Radar,3,13,13,0,29,0,0,15,1,16,3,13,28,1,45,0,0,0,45
07/25/2016,AZO,MI,AGL,CE,Combined TRACON& Tower with Radar,3,21,27,0,51,0,2,51,0,53,3,23,78,0,104,72,0,72,176
07/26/2016,AZO,MI,AGL,CE,Combined TRACON& Tower with Radar,3,22,23,0,48,0,0,49,0,49,3,22,72,0,97,104,0,104,201
07/27/2016,AZO,MI,AGL,CE,Combined TRACON& Tower with Radar,2,24,34,0,60,0,0,52,0,52,2,24,86,0,112,108,0,108,220
07/28/2016,AZO,MI,AGL,CE,Combined TRACON& Tower with Radar,3,22,34,0,59,0,0,24,1,25,3,22,58,1,84,100,0,100,184
07/29/2016,AZO,MI,AGL,CE,Combined TRACON& Tower with Radar,3,21,19,0,43,0,0,21,1,22,3,21,40,1,65,30,0,30,95
07/30/2016,AZO,MI,AGL,CE,Combined TRACON& Tower with Radar,4,16,22,0,42,0,0,9,0,9,4,16,31,0,51,1,0,1,52
07/31/2016,AZO,MI,AGL,CE,Combined TRACON& Tower with Radar,4,20,13,0,37,0,0,40,2,42,4,20,53,2,79,26,0,26,105
08/01/2016,AZO,MI,AGL,CE,Combined TRACON& Tower with Radar,3,28,29,1,61,0,8,25,1,34,3,36,54,2,95,126,0,126,221
08/02/2016,AZO,MI,AGL,CE,Combined TRACON& Tower with Radar,2,23,23,0,48,0,0,52,0,52,2,23,75,0,100,130,0,130,230
08/03/2016,AZO,MI,AGL,CE,Combined TRACON& Tower with Radar,3,22,33,0,58,0,0,48,2,50,3,22,81,2,108,94,0,94,202
08/04/2016,AZO,MI,AGL,CE,Combined TRACON& Tower with Radar,3,25,23,0,51,0,0,36,0,36,3,25,59,0,87,40,0,40,127
08/05/2016,AZO,MI,AGL,CE,Combined TRACON& Tower with Radar,2,26,14,0,42,0,1,25,0,26,2,27,39,0,68,20,0,20,88
08/06/2016,AZO,MI,AGL,CE,Combined TRACON& Tower with Radar,4,18,18,0,40,0,0,51,0,51,4,18,69,0,91,28,0,28,119
08/07/2016,AZO,MI,AGL,CE,Combined TRACON& Tower with Radar,2,20,12,0,34,0,0,31,0,31,2,20,43,0,65,26,0,26,91
08/08/2016,AZO,MI,AGL,CE,Combined TRACON& Tower with Radar,4,23,29,0,56,0,0,26,0,26,4,23,55,0,82,86,0,86,168
08/09/2016,AZO,MI,AGL,CE,Combined TRACON& Tower with Radar,3,21,25,0,49,0,1,50,1,52,3,22,75,1,101,55,0,55,156
08/10/2016,AZO,MI,AGL,CE,Combined TRACON& Tower with Radar,4,23,26,0,53,0,0,26,0,26,4,23,52,0,79,94,0,94,173
08/11/2016,AZO,MI,AGL,CE,Combined TRACON& Tower with Radar,3,29,20,0,52,0,2,10,0,12,3,31,30,0,64,34,0,34,98
08/12/2016,AZO,MI,AGL,CE,Combined TRACON& Tower with Radar,2,20,23,0,45,0,0,7,0,7,2,20,30,0,52,12,0,12,64
08/13/2016,AZO,MI,AGL,CE,Combined TRACON& Tower with Radar,5,17,11,0,33,0,0,9,0,9,5,17,20,0,42,0,0,0,42
08/14/2016,AZO,MI,AGL,CE,Combined TRACON& Tower with Radar,3,17,10,0,30,0,0,37,1,38,3,17,47,1,68,16,0,16,84
08/15/2016,AZO,MI,AGL,CE,Combined TRACON& Tower with Radar,3,22,21,0,46,0,0,10,0,10,3,22,31,0,56,4,0,4,60
08/16/2016,AZO,MI,AGL,CE,Combined TRACON& Tower with Radar,3,29,29,2,63,0,0,10,0,10,3,29,39,2,73,46,0,46,119
08/17/2016,AZO,MI,AGL,CE,Combined TRACON& Tower with Radar,3,23,35,0,61,0,0,28,0,28,3,23,63,0,89,70,0,70,159
08/18/2016,AZO,MI,AGL,CE,Combined TRACON& Tower with Radar,2,25,33,0,60,0,0,42,0,42,2,25,75,0,102,80,0,80,182
08/19/2016,AZO,MI,AGL,CE,Combined TRACON& Tower with Radar,2,23,15,0,40,0,0,49,0,49,2,23,64,0,89,50,0,50,139
08/20/2016,AZO,MI,AGL,CE,Combined TRACON& Tower with Radar,3,14,11,0,28,0,0,8,1,9,3,14,19,1,37,2,0,2,39
08/21/2016,AZO,MI,AGL,CE,Combined TRACON& Tower with Radar,3,19,16,0,38,0,0,22,0,22,3,19,38,0,60,6,0,6,66
08/22/2016,AZO,MI,AGL,CE,Combined TRACON& Tower with Radar,3,24,23,0,50,0,0,36,0,36,3,24,59,0,86,52,0,52,138
08/23/2016,AZO,MI,AGL,CE,Combined TRACON& Tower with Radar,3,23,27,0,53,0,1,52,0,53,3,24,79,0,106,48,0,48,154
08/24/2016,AZO,MI,AGL,CE,Combined TRACON& Tower with Radar,2,39,15,0,56,0,0,6,0,6,2,39,21,0,62,6,0,6,68
08/25/2016,AZO,MI,AGL,CE,Combined TRACON& Tower with Radar,3,30,21,0,54,0,0,26,0,26,3,30,47,0,80,43,0,43,123
08/26/2016,AZO,MI,AGL,CE,Combined TRACON& Tower with Radar,3,24,22,0,49,0,1,72,0,73,3,25,94,0,122,48,0,48,170
08/27/2016,AZO,MI,AGL,CE,Combined TRACON& Tower with Radar,3,18,11,0,32,0,0,8,0,8,3,18,19,0,40,0,0,0,40
08/28/2016,AZO,MI,AGL,CE,Combined TRACON& Tower with Radar,7,14,15,2,38,0,0,27,1,28,7,14,42,3,66,18,0,18,84
08/29/2016,AZO,MI,AGL,CE,Combined TRACON& Tower with Radar,4,20,17,0,41,0,1,34,3,38,4,21,51,3,79,112,0,112,191
08/30/2016,AZO,MI,AGL,CE,Combined TRACON& Tower with Radar,5,24,21,0,50,0,0,6,0,6,5,24,27,0,56,18,0,18,74
08/31/2016,AZO,MI,AGL,CE,Combined TRACON& Tower with Radar,5,22,40,0,67,0,0,18,0,18,5,22,58,0,85,34,0,34,119
09/01/2016,AZO,MI,AGL,CE,Combined TRACON& Tower with Radar,5,19,31,0,55,0,0,50,2,52,5,19,81,2,107,44,0,44,151
09/02/2016,AZO,MI,AGL,CE,Combined TRACON& Tower with Radar,5,18,28,0,51,0,0,46,0,46,5,18,74,0,97,38,0,38,135
09/03/2016,AZO,MI,AGL,CE,Combined TRACON& Tower with Radar,5,12,17,0,34,0,0,45,0,45,5,12,62,0,79,9,0,9,88
09/04/2016,AZO,MI,AGL,CE,Combined TRACON& Tower with Radar,6,8,7,0,21,0,1,43,0,44,6,9,50,0,65,22,0,22,87
09/05/2016,AZO,MI,AGL,CE,Combined TRACON& Tower with Radar,2,18,15,0,35,0,0,38,0,38,2,18,53,0,73,36,0,36,109
09/06/2016,AZO,MI,AGL,CE,Combined TRACON& Tower with Radar,5,20,18,0,43,0,0,23,0,23,5,20,41,0,66,37,0,37,103
09/07/2016,AZO,MI,AGL,CE,Combined TRACON& Tower with Radar,4,20,22,0,46,0,2,16,0,18,4,22,38,0,64,50,0,50,114
09/08/2016,AZO,MI,AGL,CE,Combined TRACON& Tower with Radar,6,16,29,0,51,0,0,5,2,7,6,16,34,2,58,4,0,4,62
09/09/2016,AZO,MI,AGL,CE,Combined TRACON& Tower with Radar,6,17,20,0,43,0,0,2,0,2,6,17,22,0,45,2,0,2,47
09/10/2016,AZO,MI,AGL,CE,Combined TRACON& Tower with Radar,6,14,5,0,25,0,0,0,0,0,6,14,5,0,25,0,0,0,25
09/11/2016,AZO,MI,AGL,CE,Combined TRACON& Tower with Radar,3,20,27,0,50,0,1,74,0,75,3,21,101,0,125,29,0,29,154
09/12/2016,AZO,MI,AGL,CE,Combined TRACON& Tower with Radar,6,23,27,0,56,0,0,48,0,48,6,23,75,0,104,76,0,76,180
09/13/2016,AZO,MI,AGL,CE,Combined TRACON& Tower with Radar,5,19,18,0,42,0,0,76,0,76,5,19,94,0,118,68,0,68,186
09/14/2016,AZO,MI,AGL,CE,Combined TRACON& Tower with Radar,6,24,33,0,63,0,0,32,0,32,6,24,65,0,95,46,0,46,141
09/15/2016,AZO,MI,AGL,CE,Combined TRACON& Tower with Radar,5,19,37,1,62,0,2,70,1,73,5,21,107,2,135,80,0,80,215
09/16/2016,AZO,MI,AGL,CE,Combined TRACON& Tower with Radar,6,22,51,0,79,0,0,49,1,50,6,22,100,1,129,88,0,88,217
09/17/2016,AZO,MI,AGL,CE,Combined TRACON& Tower with Radar,4,14,21,0,39,0,0,13,0,13,4,14,34,0,52,14,0,14,66
09/18/2016,AZO,MI,AGL,CE,Combined TRACON& Tower with Radar,6,18,15,0,39,0,0,53,2,55,6,18,68,2,94,70,0,70,164
09/19/2016,AZO,MI,AGL,CE,Combined TRACON& Tower with Radar,5,23,29,0,57,0,0,31,0,31,5,23,60,0,88,110,0,110,198
09/20/2016,AZO,MI,AGL,CE,Combined TRACON& Tower with Radar,5,18,44,0,67,0,1,56,1,58,5,19,100,1,125,124,0,124,249
09/21/2016,AZO,MI,AGL,CE,Combined TRACON& Tower with Radar,4,14,22,2,42,0,0,16,0,16,4,14,38,2,58,22,0,22,80
09/22/2016,AZO,MI,AGL,CE,Combined TRACON& Tower with Radar,5,20,20,0,45,0,1,39,0,40,5,21,59,0,85,50,0,50,135
09/23/2016,AZO,MI,AGL,CE,Combined TRACON& Tower with Radar,8,19,58,0,85,0,0,2,2,4,8,19,60,2,89,8,0,8,97
09/24/2016,AZO,MI,AGL,CE,Combined TRACON& Tower with Radar,6,16,18,0,40,0,4,31,0,35,6,20,49,0,75,43,0,43,118
09/25/2016,AZO,MI,AGL,CE,Combined TRACON& Tower with Radar,6,16,10,0,32,0,1,46,0,47,6,17,56,0,79,47,0,47,126
09/26/2016,AZO,MI,AGL,CE,Combined TRACON& Tower with Radar,4,21,18,0,43,0,1,8,0,9,4,22,26,0,52,12,0,12,64
09/27/2016,AZO,MI,AGL,CE,Combined TRACON& Tower with Radar,5,21,13,1,40,0,0,18,0,18,5,21,31,1,58,26,0,26,84
09/28/2016,AZO,MI,AGL,CE,Combined TRACON& Tower with Radar,5,22,26,0,53,0,1,20,0,21,5,23,46,0,74,80,0,80,154
09/29/2016,AZO,MI,AGL,CE,Combined TRACON& Tower with Radar,5,22,29,0,56,0,0,0,0,0,5,22,29,0,56,0,0,0,56
09/30/2016,AZO,MI,AGL,CE,Combined TRACON& Tower with Radar,5,20,10,0,35,0,0,0,0,0,5,20,10,0,35,2,0,2,37
10/01/2016,AZO,MI,AGL,CE,Combined TRACON& Tower with Radar,1,20,16,0,37,0,0,9,0,9,1,20,25,0,46,46,0,46,92
10/02/2016,AZO,MI,AGL,CE,Combined TRACON& Tower with Radar,2,17,12,0,31,0,0,1,0,1,2,17,13,0,32,0,0,0,32
10/03/2016,AZO,MI,AGL,CE,Combined TRACON& Tower with Radar,5,19,31,0,55,0,1,8,0,9,5,20,39,0,64,20,0,20,84
10/04/2016,AZO,MI,AGL,CE,Combined TRACON& Tower with Radar,5,19,43,0,67,0,0,48,0,48,5,19,91,0,115,32,0,32,147
10/05/2016,AZO,MI,AGL,CE,Combined TRACON& Tower with Radar,5,19,24,0,48,0,0,18,0,18,5,19,42,0,66,64,0,64,130
10/06/2016,AZO,MI,AGL,CE,Combined TRACON& Tower with Radar,5,18,22,1,46,0,0,7,2,9,5,18,29,3,55,33,0,33,88
10/07/2016,AZO,MI,AGL,CE,Combined TRACON& Tower with Radar,5,22,16,1,44,0,1,13,0,14,5,23,29,1,58,4,0,4,62
10/08/2016,AZO,MI,AGL,CE,Combined TRACON& Tower with Radar,1,16,16,0,33,0,0,68,1,69,1,16,84,1,102,39,0,39,141
10/09/2016,AZO,MI,AGL,CE,Combined TRACON& Tower with Radar,3,17,15,0,35,0,5,53,1,59,3,22,68,1,94,55,0,55,149
10/10/2016,AZO,MI,AGL,CE,Combined TRACON& Tower with Radar,4,23,23,0,50,0,0,45,0,45,4,23,68,0,95,48,0,48,143
10/11/2016,AZO,MI,AGL,CE,Combined TRACON& Tower with Radar,6,21,20,0,47,0,1,38,1,40,6,22,58,1,87,54,0,54,141
10/12/2016,AZO,MI,AGL,CE,Combined TRACON& Tower with Radar,4,22,22,0,48,0,0,16,0,16,4,22,38,0,64,4,0,4,68
10/13/2016,AZO,MI,AGL,CE,Combined TRACON& Tower with Radar,5,21,36,0,62,0,0,55,0,55,5,21,91,0,117,67,0,67,184
10/14/2016,AZO,MI,AGL,CE,Combined TRACON& Tower with Radar,4,22,21,0,47,0,1,60,0,61,4,23,81,0,108,94,0,94,202
10/15/2016,AZO,MI,AGL,CE,Combined TRACON& Tower with Radar,1,18,10,0,29,0,0,3,0,3,1,18,13,0,32,8,0,8,40
10/16/2016,AZO,MI,AGL,CE,Combined TRACON& Tower with Radar,5,17,10,0,32,0,0,0,0,0,5,17,10,0,32,0,0,0,32
10/17/2016,AZO,MI,AGL,CE,Combined TRACON& Tower with Radar,4,22,14,0,40,0,0,8,0,8,4,22,22,0,48,33,0,33,81
10/18/2016,AZO,MI,AGL,CE,Combined TRACON& Tower with Radar,5,19,19,1,44,0,0,10,1,11,5,19,29,2,55,24,0,24,79
10/19/2016,AZO,MI,AGL,CE,Combined TRACON& Tower with Radar,6,21,34,0,61,0,0,56,0,56,6,21,90,0,117,102,0,102,219
10/20/2016,AZO,MI,AGL,CE,Combined TRACON& Tower with Radar,5,20,30,0,55,0,0,7,0,7,5,20,37,0,62,66,0,66,128
10/21/2016,AZO,MI,AGL,CE,Combined TRACON& Tower with Radar,5,19,31,2,57,0,1,36,0,37,5,20,67,2,94,43,0,43,137
10/22/2016,AZO,MI,AGL,CE,Combined TRACON& Tower with Radar,1,18,24,0,43,0,0,55,0,55,1,18,79,0,98,87,0,87,185
10/23/2016,AZO,MI,AGL,CE,Combined TRACON& Tower with Radar,3,19,22,0,44,0,0,45,0,45,3,19,67,0,89,31,0,31,120
10/24/2016,AZO,MI,AGL,CE,Combined TRACON& Tower with Radar,5,19,43,0,67,0,0,34,0,34,5,19,77,0,101,90,0,90,191
10/25/2016,AZO,MI,AGL,CE,Combined TRACON& Tower with Radar,6,18,21,0,45,0,0,39,0,39,6,18,60,0,84,96,0,96,180
10/26/2016,AZO,MI,AGL,CE,Combined TRACON& Tower with Radar,5,20,18,0,43,0,0,1,0,1,5,20,19,0,44,0,0,0,44
10/27/2016,AZO,MI,AGL,CE,Combined TRACON& Tower with Radar,6,23,20,0,49,0,0,9,0,9,6,23,29,0,58,28,0,28,86
10/28/2016,AZO,MI,AGL,CE,Combined TRACON& Tower with Radar,5,19,31,0,55,0,0,40,0,40,5,19,71,0,95,19,0,19,114
10/29/2016,AZO,MI,AGL,CE,Combined TRACON& Tower with Radar,2,19,5,0,26,0,2,14,0,16,2,21,19,0,42,36,0,36,78
10/30/2016,AZO,MI,AGL,CE,Combined TRACON& Tower with Radar,6,11,14,0,31,0,1,16,0,17,6,12,30,0,48,33,0,33,81
10/31/2016,AZO,MI,AGL,CE,Combined TRACON& Tower with Radar,5,13,21,0,39,0,1,30,1,32,5,14,51,1,71,114,0,114,185
11/01/2016,AZO,MI,AGL,CE,Combined TRACON& Tower with Radar,5,17,29,0,51,0,0,37,0,37,5,17,66,0,88,46,0,46,134
11/02/2016,AZO,MI,AGL,CE,Combined TRACON& Tower with Radar,4,17,18,0,39,0,0,8,0,8,4,17,26,0,47,74,0,74,121
11/03/2016,AZO,MI,AGL,CE,Combined TRACON& Tower with Radar,7,17,49,0,73,0,0,8,0,8,7,17,57,0,81,64,0,64,145
11/04/2016,AZO,MI,AGL,CE,Combined TRACON& Tower with Radar,5,19,37,0,61,0,1,60,0,61,5,20,97,0,122,106,0,106,228
11/05/2016,AZO,MI,AGL,CE,Combined TRACON& Tower with Radar,1,15,22,0,38,0,2,53,0,55,1,17,75,0,93,28,0,28,121
11/06/2016,AZO,MI,AGL,CE,Combined TRACON& Tower with Radar,2,15,10,0,27,0,0,49,0,49,2,15,59,0,76,29,0,29,105
11/07/2016,AZO,MI,AGL,CE,Combined TRACON& Tower with Radar,3,20,30,0,53,0,0,43,0,43,3,20,73,0,96,154,0,154,250
11/08/2016,AZO,MI,AGL,CE,Combined TRACON& Tower with Radar,2,16,20,0,38,0,0,6,0,6,2,16,26,0,44,0,0,0,44
11/09/2016,AZO,MI,AGL,CE,Combined TRACON& Tower with Radar,1,23,45,0,69,0,2,46,0,48,1,25,91,0,117,108,0,108,225
11/10/2016,AZO,MI,AGL,CE,Combined TRACON& Tower with Radar,3,22,19,0,44,0,0,25,2,27,3,22,44,2,71,6,0,6,77
11/11/2016,AZO,MI,AGL,CE,Combined TRACON& Tower with Radar,3,21,29,0,53,0,0,42,0,42,3,21,71,0,95,40,0,40,135
11/12/2016,AZO,MI,AGL,CE,Combined TRACON& Tower with Radar,2,15,13,0,30,0,1,55,0,56,2,16,68,0,86,68,0,68,154
11/13/2016,AZO,MI,AGL,CE,Combined TRACON& Tower with Radar,1,15,10,0,26,0,0,36,0,36,1,15,46,0,62,13,0,13,75
11/14/2016,AZO,MI,AGL,CE,Combined TRACON& Tower with Radar,3,22,33,0,58,0,0,47,0,47,3,22,80,0,105,70,0,70,175
11/15/2016,AZO,MI,AGL,CE,Combined TRACON& Tower with Radar,3,19,16,0,38,0,0,16,0,16,3,19,32,0,54,14,0,14,68
11/16/2016,AZO,MI,AGL,CE,Combined TRACON& Tower with Radar,2,18,21,0,41,0,0,1,0,1,2,18,22,0,42,0,0,0,42
11/17/2016,AZO,MI,AGL,CE,Combined TRACON& Tower with Radar,5,23,19,0,47,0,0,20,3,23,5,23,39,3,70,42,0,42,112
11/18/2016,AZO,MI,AGL,CE,Combined TRACON& Tower with Radar,5,24,22,0,51,0,0,18,0,18,5,24,40,0,69,32,0,32,101
11/19/2016,AZO,MI,AGL,CE,Combined TRACON& Tower with Radar,4,17,8,0,29,0,0,0,0,0,4,17,8,0,29,0,0,0,29
11/20/2016,AZO,MI,AGL,CE,Combined TRACON& Tower with Radar,3,16,7,0,26,0,0,9,0,9,3,16,16,0,35,14,0,14,49
11/21/2016,AZO,MI,AGL,CE,Combined TRACON& Tower with Radar,1,20,34,0,55,0,1,41,0,42,1,21,75,0,97,49,0,49,146
11/22/2016,AZO,MI,AGL,CE,Combined TRACON& Tower with Radar,2,20,32,0,54,0,0,40,0,40,2,20,72,0,94,52,0,52,146
11/23/2016,AZO,MI,AGL,CE,Combined TRACON& Tower with Radar,3,25,5,0,33,0,0,0,0,0,3,25,5,0,33,0,0,0,33
11/24/2016,AZO,MI,AGL,CE,Combined TRACON& Tower with Radar,4,9,0,0,13,0,0,0,0,0,4,9,0,0,13,0,0,0,13
11/25/2016,AZO,MI,AGL,CE,Combined TRACON& Tower with Radar,3,17,10,0,30,0,0,0,0,0,3,17,10,0,30,0,0,0,30
11/26/2016,AZO,MI,AGL,CE,Combined TRACON& Tower with Radar,4,24,9,0,37,0,0,13,0,13,4,24,22,0,50,56,0,56,106
11/27/2016,AZO,MI,AGL,CE,Combined TRACON& Tower with Radar,3,24,21,0,48,0,0,0,0,0,3,24,21,0,48,2,0,2,50
11/28/2016,AZO,MI,AGL,CE,Combined TRACON& Tower with Radar,3,23,16,0,42,0,0,0,0,0,3,23,16,0,42,0,0,0,42
11/29/2016,AZO,MI,AGL,CE,Combined TRACON& Tower with Radar,1,25,25,0,51,0,0,21,0,21,1,25,46,0,72,24,0,24,96
11/30/2016,AZO,MI,AGL,CE,Combined TRACON& Tower with Radar,0,23,34,0,57,0,1,31,0,32,0,24,65,0,89,37,0,37,126
12/01/2016,AZO,MI,AGL,CE,Combined TRACON& Tower with Radar,2,23,13,0,38,0,0,0,0,0,2,23,13,0,38,0,0,0,38
12/02/2016,AZO,MI,AGL,CE,Combined TRACON& Tower with Radar,1,22,15,0,38,0,0,6,0,6,1,22,21,0,44,0,0,0,44
12/03/2016,AZO,MI,AGL,CE,Combined TRACON& Tower with Radar,1,13,7,0,21,0,0,16,0,16,1,13,23,0,37,23,0,23,60
12/04/2016,AZO,MI,AGL,CE,Combined TRACON& Tower with Radar,0,8,5,0,13,0,0,0,0,0,0,8,5,0,13,4,0,4,17
12/05/2016,AZO,MI,AGL,CE,Combined TRACON& Tower with Radar,0,24,16,0,40,0,0,0,0,0,0,24,16,0,40,0,0,0,40
12/06/2016,AZO,MI,AGL,CE,Combined TRACON& Tower with Radar,2,20,38,0,60,0,0,16,0,16,2,20,54,0,76,82,0,82,158
12/07/2016,AZO,MI,AGL,CE,Combined TRACON& Tower with Radar,1,21,22,0,44,0,0,22,0,22,1,21,44,0,66,17,0,17,83
12/08/2016,AZO,MI,AGL,CE,Combined TRACON& Tower with Radar,1,22,17,0,40,0,0,0,0,0,1,22,17,0,40,0,0,0,40
12/09/2016,AZO,MI,AGL,CE,Combined TRACON& Tower with Radar,1,19,27,0,47,0,0,0,0,0,1,19,27,0,47,0,0,0,47
12/10/2016,AZO,MI,AGL,CE,Combined TRACON& Tower with Radar,1,13,4,0,18,0,0,0,0,0,1,13,4,0,18,0,0,0,18
12/11/2016,AZO,MI,AGL,CE,Combined TRACON& Tower with Radar,0,3,3,0,6,0,0,0,0,0,0,3,3,0,6,0,0,0,6
12/12/2016,AZO,MI,AGL,CE,Combined TRACON& Tower with Radar,1,19,26,0,46,0,0,0,0,0,1,19,26,0,46,4,0,4,50
12/13/2016,AZO,MI,AGL,CE,Combined TRACON& Tower with Radar,2,23,9,0,34,0,0,2,0,2,2,23,11,0,36,0,0,0,36
12/14/2016,AZO,MI,AGL,CE,Combined TRACON& Tower with Radar,1,17,24,0,42,0,0,0,0,0,1,17,24,0,42,0,0,0,42
12/15/2016,AZO,MI,AGL,CE,Combined TRACON& Tower with Radar,1,20,12,0,33,0,0,0,0,0,1,20,12,0,33,0,0,0,33
12/16/2016,AZO,MI,AGL,CE,Combined TRACON& Tower with Radar,0,16,21,0,37,0,0,13,0,13,0,16,34,0,50,3,0,3,53
12/17/2016,AZO,MI,AGL,CE,Combined TRACON& Tower with Radar,1,5,3,0,9,0,0,0,0,0,1,5,3,0,9,0,0,0,9
12/18/2016,AZO,MI,AGL,CE,Combined TRACON& Tower with Radar,2,12,10,0,24,0,0,0,0,0,2,12,10,0,24,0,0,0,24
12/19/2016,AZO,MI,AGL,CE,Combined TRACON& Tower with Radar,4,19,21,0,44,0,0,24,0,24,4,19,45,0,68,6,0,6,74
12/20/2016,AZO,MI,AGL,CE,Combined TRACON& Tower with Radar,4,14,20,0,38,0,0,11,0,11,4,14,31,0,49,5,0,5,54
12/21/2016,AZO,MI,AGL,CE,Combined TRACON& Tower with Radar,4,17,17,2,40,0,1,18,1,20,4,18,35,3,60,70,0,70,130
12/22/2016,AZO,MI,AGL,CE,Combined TRACON& Tower with Radar,4,18,13,2,37,0,0,10,0,10,4,18,23,2,47,46,0,46,93
12/23/2016,AZO,MI,AGL,CE,Combined TRACON& Tower with Radar,3,14,7,0,24,0,0,8,0,8,3,14,15,0,32,65,0,65,97
12/24/2016,AZO,MI,AGL,CE,Combined TRACON& Tower with Radar,1,12,3,0,16,0,0,0,0,0,1,12,3,0,16,0,0,0,16
12/25/2016,AZO,MI,AGL,CE,Combined TRACON& Tower with Radar,1,12,2,0,15,0,0,0,0,0,1,12,2,0,15,0,0,0,15
12/26/2016,AZO,MI,AGL,CE,Combined TRACON& Tower with Radar,6,13,6,0,25,0,0,0,0,0,6,13,6,0,25,0,0,0,25
12/27/2016,AZO,MI,AGL,CE,Combined TRACON& Tower with Radar,4,14,6,0,24,0,0,5,0,5,4,14,11,0,29,0,0,0,29
12/28/2016,AZO,MI,AGL,CE,Combined TRACON& Tower with Radar,2,16,17,0,35,0,2,52,2,56,2,18,69,2,91,47,0,47,138
12/29/2016,AZO,MI,AGL,CE,Combined TRACON& Tower with Radar,5,12,3,0,20,0,0,4,0,4,5,12,7,0,24,3,0,3,27
12/30/2016,AZO,MI,AGL,CE,Combined TRACON& Tower with Radar,9,13,6,0,28,0,0,2,0,2,9,13,8,0,30,0,0,0,30
12/31/2016,AZO,MI,AGL,CE,Combined TRACON& Tower with Radar,2,13,5,0,20,0,0,9,0,9,2,13,14,0,29,0,0,0,29
01/01/2017,AZO,MI,AGL,CE,Combined TRACON& Tower with Radar,4,10,11,0,25,0,0,45,0,45,4,10,56,0,70,30,0,30,100
01/02/2017,AZO,MI,AGL,CE,Combined TRACON& Tower with Radar,5,12,9,0,26,0,0,4,0,4,5,12,13,0,30,16,0,16,46
01/03/2017,AZO,MI,AGL,CE,Combined TRACON& Tower with Radar,5,15,8,0,28,0,0,0,0,0,5,15,8,0,28,0,0,0,28
01/04/2017,AZO,MI,AGL,CE,Combined TRACON& Tower with Radar,3,12,8,0,23,0,0,0,0,0,3,12,8,0,23,0,0,0,23
01/05/2017,AZO,MI,AGL,CE,Combined TRACON& Tower with Radar,4,14,15,2,35,0,0,0,0,0,4,14,15,2,35,0,0,0,35
01/06/2017,AZO,MI,AGL,CE,Combined TRACON& Tower with Radar,4,14,26,0,44,0,0,0,0,0,4,14,26,0,44,0,0,0,44
01/07/2017,AZO,MI,AGL,CE,Combined TRACON& Tower with Radar,2,16,1,0,19,0,0,0,0,0,2,16,1,0,19,0,0,0,19
01/08/2017,AZO,MI,AGL,CE,Combined TRACON& Tower with Radar,1,17,7,0,25,0,0,3,0,3,1,17,10,0,28,81,0,81,109
01/09/2017,AZO,MI,AGL,CE,Combined TRACON& Tower with Radar,0,21,16,0,37,0,1,16,0,17,0,22,32,0,54,16,0,16,70
01/10/2017,AZO,MI,AGL,CE,Combined TRACON& Tower with Radar,0,17,10,0,27,0,0,0,0,0,0,17,10,0,27,0,0,0,27
01/11/2017,AZO,MI,AGL,CE,Combined TRACON& Tower with Radar,0,19,6,0,25,0,0,14,0,14,0,19,20,0,39,48,0,48,87
01/12/2017,AZO,MI,AGL,CE,Combined TRACON& Tower with Radar,0,18,8,0,26,0,0,0,0,0,0,18,8,0,26,0,0,0,26
01/13/2017,AZO,MI,AGL,CE,Combined TRACON& Tower with Radar,1,19,33,0,53,0,1,29,1,31,1,20,62,1,84,33,0,33,117
01/14/2017,AZO,MI,AGL,CE,Combined TRACON& Tower with Radar,1,16,16,0,33,0,2,51,0,53,1,18,67,0,86,88,0,88,174
01/15/2017,AZO,MI,AGL,CE,Combined TRACON& Tower with Radar,1,13,11,0,25,0,0,48,0,48,1,13,59,0,73,65,0,65,138
01/16/2017,AZO,MI,AGL,CE,Combined TRACON& Tower with Radar,0,14,11,0,25,0,0,1,0,1,0,14,12,0,26,0,0,0,26
01/17/2017,AZO,MI,AGL,CE,Combined TRACON& Tower with Radar,1,21,10,0,32,0,0,0,0,0,1,21,10,0,32,0,0,0,32
01/18/2017,AZO,MI,AGL,CE,Combined TRACON& Tower with Radar,1,23,11,0,35,0,0,0,0,0,1,23,11,0,35,0,0,0,35
01/19/2017,AZO,MI,AGL,CE,Combined TRACON& Tower with Radar,1,20,22,0,43,0,0,10,0,10,1,20,32,0,53,18,0,18,71
01/20/2017,AZO,MI,AGL,CE,Combined TRACON& Tower with Radar,0,15,5,0,20,0,0,0,0,0,0,15,5,0,20,0,0,0,20
01/21/2017,AZO,MI,AGL,CE,Combined TRACON& Tower with Radar,2,15,24,0,41,0,1,25,0,26,2,16,49,0,67,93,0,93,160
01/22/2017,AZO,MI,AGL,CE,Combined TRACON& Tower with Radar,0,9,11,0,20,0,0,0,0,0,0,9,11,0,20,0,0,0,20
01/23/2017,AZO,MI,AGL,CE,Combined TRACON& Tower with Radar,2,21,11,0,34,0,0,0,0,0,2,21,11,0,34,0,0,0,34
01/24/2017,AZO,MI,AGL,CE,Combined TRACON& Tower with Radar,1,21,14,0,36,0,0,0,0,0,1,21,14,0,36,0,0,0,36
01/25/2017,AZO,MI,AGL,CE,Combined TRACON& Tower with Radar,1,17,20,0,38,0,0,1,0,1,1,17,21,0,39,0,0,0,39
01/26/2017,AZO,MI,AGL,CE,Combined TRACON& Tower with Radar,0,21,10,0,31,0,0,0,0,0,0,21,10,0,31,0,0,0,31
01/27/2017,AZO,MI,AGL,CE,Combined TRACON& Tower with Radar,0,17,10,0,27,0,0,1,0,1,0,17,11,0,28,0,0,0,28
01/28/2017,AZO,MI,AGL,CE,Combined TRACON& Tower with Radar,1,14,1,0,16,0,0,3,0,3,1,14,4,0,19,0,0,0,19
01/29/2017,AZO,MI,AGL,CE,Combined TRACON& Tower with Radar,0,20,10,0,30,0,0,3,0,3,0,20,13,0,33,0,0,0,33
01/30/2017,AZO,MI,AGL,CE,Combined TRACON& Tower with Radar,1,23,29,0,53,0,0,37,0,37,1,23,66,0,90,70,0,70,160
01/31/2017,AZO,MI,AGL,CE,Combined TRACON& Tower with Radar,1,23,11,0,35,0,0,0,0,0,1,23,11,0,35,0,0,0,35
02/01/2017,AZO,MI,AGL,CE,Combined TRACON& Tower with Radar,1,19,16,0,36,0,0,37,0,37,1,19,53,0,73,86,0,86,159
02/02/2017,AZO,MI,AGL,CE,Combined TRACON& Tower with Radar,1,22,32,0,55,0,0,18,0,18,1,22,50,0,73,6,0,6,79
02/03/2017,AZO,MI,AGL,CE,Combined TRACON& Tower with Radar,1,22,42,2,67,0,0,38,0,38,1,22,80,2,105,39,0,39,144
02/04/2017,AZO,MI,AGL,CE,Combined TRACON& Tower with Radar,1,14,11,0,26,0,2,54,0,56,1,16,65,0,82,50,0,50,132
02/05/2017,AZO,MI,AGL,CE,Combined TRACON& Tower with Radar,1,15,7,0,23,0,0,23,0,23,1,15,30,0,46,6,0,6,52
02/06/2017,AZO,MI,AGL,CE,Combined TRACON& Tower with Radar,1,19,24,0,44,0,1,60,1,62,1,20,84,1,106,129,0,129,235
02/07/2017,AZO,MI,AGL,CE,Combined TRACON& Tower with Radar,0,23,16,0,39,0,0,0,0,0,0,23,16,0,39,0,0,0,39
02/08/2017,AZO,MI,AGL,CE,Combined TRACON& Tower with Radar,0,23,29,0,52,0,0,27,0,27,0,23,56,0,79,68,0,68,147
02/09/2017,AZO,MI,AGL,CE,Combined TRACON& Tower with Radar,2,21,27,0,50,0,0,8,0,8,2,21,35,0,58,12,0,12,70
02/10/2017,AZO,MI,AGL,CE,Combined TRACON& Tower with Radar,0,22,23,0,45,0,0,36,0,36,0,22,59,0,81,46,0,46,127
02/11/2017,AZO,MI,AGL,CE,Combined TRACON& Tower with Radar,2,14,15,0,31,0,3,42,0,45,2,17,57,0,76,35,0,35,111
02/12/2017,AZO,MI,AGL,CE,Combined TRACON& Tower with Radar,1,19,6,0,26,0,1,0,0,1,1,20,6,0,27,0,0,0,27
02/13/2017,AZO,MI,AGL,CE,Combined TRACON& Tower with Radar,0,25,32,0,57,0,0,45,0,45,0,25,77,0,102,82,0,82,184
02/14/2017,AZO,MI,AGL,CE,Combined TRACON& Tower with Radar,1,22,18,2,43,0,0,25,2,27,1,22,43,4,70,31,0,31,101
02/15/2017,AZO,MI,AGL,CE,Combined TRACON& Tower with Radar,0,21,27,0,48,0,0,8,0,8,0,21,35,0,56,4,0,4,60
02/16/2017,AZO,MI,AGL,CE,Combined TRACON& Tower with Radar,3,23,26,0,52,0,0,47,0,47,3,23,73,0,99,49,0,49,148
02/17/2017,AZO,MI,AGL,CE,Combined TRACON& Tower with Radar,0,21,21,0,42,0,5,71,2,78,0,26,92,2,120,62,0,62,182
02/18/2017,AZO,MI,AGL,CE,Combined TRACON& Tower with Radar,1,12,17,0,30,0,2,79,0,81,1,14,96,0,111,27,0,27,138
02/19/2017,AZO,MI,AGL,CE,Combined TRACON& Tower with Radar,0,17,16,0,33,0,7,62,0,69,0,24,78,0,102,48,0,48,150
02/20/2017,AZO,MI,AGL,CE,Combined TRACON& Tower with Radar,0,19,19,0,38,0,0,47,0,47,0,19,66,0,85,93,0,93,178
02/21/2017,AZO,MI,AGL,CE,Combined TRACON& Tower with Radar,0,21,20,2,43,0,1,11,0,12,0,22,31,2,55,27,0,27,82
02/22/2017,AZO,MI,AGL,CE,Combined TRACON& Tower with Radar,0,22,33,0,55,0,0,9,0,9,0,22,42,0,64,7,0,7,71
02/23/2017,AZO,MI,AGL,CE,Combined TRACON& Tower with Radar,0,21,40,0,61,0,0,41,0,41,0,21,81,0,102,47,0,47,149
02/24/2017,AZO,MI,AGL,CE,Combined TRACON& Tower with Radar,0,22,15,0,37,0,0,1,0,1,0,22,16,0,38,1,0,1,39
02/25/2017,AZO,MI,AGL,CE,Combined TRACON& Tower with Radar,0,17,6,0,23,0,0,1,0,1,0,17,7,0,24,0,0,0,24
02/26/2017,AZO,MI,AGL,CE,Combined TRACON& Tower with Radar,0,19,10,0,29,0,2,24,0,26,0,21,34,0,55,6,0,6,61
02/27/2017,AZO,MI,AGL,CE,Combined TRACON& Tower with Radar,0,23,24,0,47,0,0,50,0,50,0,23,74,0,97,131,0,131,228
02/28/2017,AZO,MI,AGL,CE,Combined TRACON& Tower with Radar,0,21,6,0,27,0,0,0,0,0,0,21,6,0,27,0,0,0,27
03/01/2017,AZO,MI,AGL,CE,Combined TRACON& Tower with Radar,0,21,3,0,24,0,0,0,0,0,0,21,3,0,24,0,0,0,24
03/02/2017,AZO,MI,AGL,CE,Combined TRACON& Tower with Radar,0,24,18,0,42,4,0,18,0,22,4,24,36,0,64,62,0,62,126
03/03/2017,AZO,MI,AGL,CE,Combined TRACON& Tower with Radar,0,25,17,0,42,0,0,33,0,33,0,25,50,0,75,13,0,13,88
03/04/2017,AZO,MI,AGL,CE,Combined TRACON& Tower with Radar,0,16,7,2,25,0,0,54,0,54,0,16,61,2,79,89,0,89,168
03/05/2017,AZO,MI,AGL,CE,Combined TRACON& Tower with Radar,0,19,6,0,25,0,0,22,0,22,0,19,28,0,47,8,0,8,55
03/06/2017,AZO,MI,AGL,CE,Combined TRACON& Tower with Radar,0,22,12,0,34,0,0,2,0,2,0,22,14,0,36,22,0,22,58
03/07/2017,AZO,MI,AGL,CE,Combined TRACON& Tower with Radar,0,22,25,0,47,0,0,5,0,5,0,22,30,0,52,2,0,2,54
03/08/2017,AZO,MI,AGL,CE,Combined TRACON& Tower with Radar,0,24,20,0,44,0,0,2,0,2,0,24,22,0,46,0,0,0,46
03/09/2017,AZO,MI,AGL,CE,Combined TRACON& Tower with Radar,1,23,16,0,40,0,0,30,2,32,1,23,46,2,72,45,0,45,117
03/10/2017,AZO,MI,AGL,CE,Combined TRACON& Tower with Radar,1,21,25,2,49,0,0,9,0,9,1,21,34,2,58,14,0,14,72
03/11/2017,AZO,MI,AGL,CE,Combined TRACON& Tower with Radar,3,13,16,0,32,0,0,21,0,21,3,13,37,0,53,42,0,42,95
03/12/2017,AZO,MI,AGL,CE,Combined TRACON& Tower with Radar,2,19,12,0,33,0,0,48,0,48,2,19,60,0,81,82,0,82,163
03/13/2017,AZO,MI,AGL,CE,Combined TRACON& Tower with Radar,2,16,7,0,25,0,0,0,0,0,2,16,7,0,25,0,0,0,25
03/14/2017,AZO,MI,AGL,CE,Combined TRACON& Tower with Radar,4,18,28,0,50,0,0,11,0,11,4,18,39,0,61,16,0,16,77
03/15/2017,AZO,MI,AGL,CE,Combined TRACON& Tower with Radar,3,21,33,0,57,0,0,28,0,28,3,21,61,0,85,46,0,46,131
03/16/2017,AZO,MI,AGL,CE,Combined TRACON& Tower with Radar,2,21,27,0,50,0,0,54,0,54,2,21,81,0,104,90,0,90,194
03/17/2017,AZO,MI,AGL,CE,Combined TRACON& Tower with Radar,2,21,5,0,28,0,0,1,0,1,2,21,6,0,29,0,0,0,29
03/18/2017,AZO,MI,AGL,CE,Combined TRACON& Tower with Radar,3,15,1,0,19,0,0,0,0,0,3,15,1,0,19,0,0,0,19
03/19/2017,AZO,MI,AGL,CE,Combined TRACON& Tower with Radar,3,19,23,0,45,0,0,32,0,32,3,19,55,0,77,64,0,64,141
03/20/2017,AZO,MI,AGL,CE,Combined TRACON& Tower with Radar,2,21,31,0,54,0,0,17,0,17,2,21,48,0,71,34,0,34,105
03/21/2017,AZO,MI,AGL,CE,Combined TRACON& Tower with Radar,4,24,37,0,65,0,0,30,0,30,4,24,67,0,95,54,0,54,149
03/22/2017,AZO,MI,AGL,CE,Combined TRACON& Tower with Radar,3,22,26,0,51,0,0,78,0,78,3,22,104,0,129,125,0,125,254
03/23/2017,AZO,MI,AGL,CE,Combined TRACON& Tower with Radar,3,20,27,0,50,0,1,48,2,51,3,21,75,2,101,104,0,104,205
03/24/2017,AZO,MI,AGL,CE,Combined TRACON& Tower with Radar,2,20,18,0,40,0,0,14,0,14,2,20,32,0,54,3,0,3,57
03/25/2017,AZO,MI,AGL,CE,Combined TRACON& Tower with Radar,3,16,4,0,23,0,0,0,0,0,3,16,4,0,23,0,0,0,23
03/26/2017,AZO,MI,AGL,CE,Combined TRACON& Tower with Radar,2,17,8,0,27,0,0,0,0,0,2,17,8,0,27,0,0,0,27
03/27/2017,AZO,MI,AGL,CE,Combined TRACON& Tower with Radar,4,20,24,0,48,0,0,0,0,0,4,20,24,0,48,0,0,0,48
03/28/2017,AZO,MI,AGL,CE,Combined TRACON& Tower with Radar,3,19,19,2,43,0,0,7,0,7,3,19,26,2,50,8,0,8,58
03/29/2017,AZO,MI,AGL,CE,Combined TRACON& Tower with Radar,4,21,38,0,63,0,2,75,0,77,4,23,113,0,140,130,0,130,270
03/30/2017,AZO,MI,AGL,CE,Combined TRACON& Tower with Radar,3,21,10,0,34,0,0,0,0,0,3,21,10,0,34,0,0,0,34
03/31/2017,AZO,MI,AGL,CE,Combined TRACON& Tower with Radar,1,21,14,2,38,0,0,0,0,0,1,21,14,2,38,0,0,0,38
04/01/2017,AZO,MI,AGL,CE,Combined TRACON& Tower with Radar,4,14,36,0,54,0,2,67,0,69,4,16,103,0,123,68,0,68,191
04/02/2017,AZO,MI,AGL,CE,Combined TRACON& Tower with Radar,4,15,13,0,32,0,0,44,0,44,4,15,57,0,76,89,0,89,165
04/03/2017,AZO,MI,AGL,CE,Combined TRACON& Tower with Radar,3,23,15,0,41,0,1,14,0,15,3,24,29,0,56,38,0,38,94
04/04/2017,AZO,MI,AGL,CE,Combined TRACON& Tower with Radar,4,19,18,0,41,0,0,0,1,1,4,19,18,1,42,0,0,0,42
04/05/2017,AZO,MI,AGL,CE,Combined TRACON& Tower with Radar,3,21,18,0,42,0,1,7,0,8,3,22,25,0,50,9,0,9,59
04/06/2017,AZO,MI,AGL,CE,Combined TRACON& Tower with Radar,4,21,7,0,32,0,0,0,0,0,4,21,7,0,32,0,0,0,32
04/07/2017,AZO,MI,AGL,CE,Combined TRACON& Tower with Radar,4,25,23,0,52,0,2,42,0,44,4,27,65,0,96,62,0,62,158
04/08/2017,AZO,MI,AGL,CE,Combined TRACON& Tower with Radar,4,14,26,0,44,0,3,78,0,81,4,17,104,0,125,52,0,52,177
04/09/2017,AZO,MI,AGL,CE,Combined TRACON& Tower with Radar,4,18,7,0,29,0,0,13,0,13,4,18,20,0,42,7,0,7,49
04/10/2017,AZO,MI,AGL,CE,Combined TRACON& Tower with Radar,3,17,18,0,38,0,0,9,0,9,3,17,27,0,47,5,0,5,52
04/11/2017,AZO,MI,AGL,CE,Combined TRACON& Tower with Radar,3,20,32,2,57,0,2,3,0,5,3,22,35,2,62,0,0,0,62
04/12/2017,AZO,MI,AGL,CE,Combined TRACON& Tower with Radar,3,21,60,2,86,0,2,95,0,97,3,23,155,2,183,132,0,132,315
04/13/2017,AZO,MI,AGL,CE,Combined TRACON& Tower with Radar,3,23,28,0,54,0,1,39,0,40,3,24,67,0,94,55,0,55,149
04/14/2017,AZO,MI,AGL,CE,Combined TRACON& Tower with Radar,3,21,29,0,53,0,0,54,0,54,3,21,83,0,107,19,0,19,126
04/15/2017,AZO,MI,AGL,CE,Combined TRACON& Tower with Radar,3,11,6,0,20,0,0,8,0,8,3,11,14,0,28,18,0,18,46
04/16/2017,AZO,MI,AGL,CE,Combined TRACON& Tower with Radar,3,13,5,0,21,0,0,1,0,1,3,13,6,0,22,0,0,0,22
04/17/2017,AZO,MI,AGL,CE,Combined TRACON& Tower with Radar,3,25,32,0,60,0,4,73,0,77,3,29,105,0,137,110,0,110,247
04/18/2017,AZO,MI,AGL,CE,Combined TRACON& Tower with Radar,3,21,37,0,61,0,3,66,0,69,3,24,103,0,130,116,0,116,246
04/19/2017,AZO,MI,AGL,CE,Combined TRACON& Tower with Radar,3,21,26,0,50,0,0,15,0,15,3,21,41,0,65,14,0,14,79
04/20/2017,AZO,MI,AGL,CE,Combined TRACON& Tower with Radar,4,22,12,0,38,0,0,1,0,1,4,22,13,0,39,8,0,8,47
04/21/2017,AZO,MI,AGL,CE,Combined TRACON& Tower with Radar,7,21,34,0,62,0,1,18,0,19,7,22,52,0,81,42,0,42,123
04/22/2017,AZO,MI,AGL,CE,Combined TRACON& Tower with Radar,7,12,25,0,44,0,2,49,0,51,7,14,74,0,95,57,0,57,152
04/23/2017,AZO,MI,AGL,CE,Combined TRACON& Tower with Radar,4,16,26,0,46,0,1,93,0,94,4,17,119,0,140,62,0,62,202
04/24/2017,AZO,MI,AGL,CE,Combined TRACON& Tower with Radar,3,22,25,0,50,0,2,63,0,65,3,24,88,0,115,58,0,58,173
04/25/2017,AZO,MI,AGL,CE,Combined TRACON& Tower with Radar,3,21,21,0,45,0,0,39,0,39,3,21,60,0,84,106,0,106,190
04/26/2017,AZO,MI,AGL,CE,Combined TRACON& Tower with Radar,3,21,26,0,50,0,1,20,0,21,3,22,46,0,71,20,0,20,91
04/27/2017,AZO,MI,AGL,CE,Combined TRACON& Tower with Radar,3,21,11,0,35,0,0,4,0,4,3,21,15,0,39,2,0,2,41
04/28/2017,AZO,MI,AGL,CE,Combined TRACON& Tower with Radar,3,19,14,0,36,0,0,37,0,37,3,19,51,0,73,71,0,71,144
04/29/2017,AZO,MI,AGL,CE,Combined TRACON& Tower with Radar,4,9,10,0,23,0,2,13,0,15,4,11,23,0,38,14,0,14,52
04/30/2017,AZO,MI,AGL,CE,Combined TRACON& Tower with Radar,4,16,8,0,28,0,0,0,0,0,4,16,8,0,28,0,0,0,28
05/01/2017,AZO,MI,AGL,CE,Combined TRACON& Tower with Radar,4,21,28,0,53,0,0,19,0,19,4,21,47,0,72,13,0,13,85
05/02/2017,AZO,MI,AGL,CE,Combined TRACON& Tower with Radar,2,19,14,0,35,0,0,2,0,2,2,19,16,0,37,0,0,0,37
05/03/2017,AZO,MI,AGL,CE,Combined TRACON& Tower with Radar,3,20,59,0,82,0,0,62,0,62,3,20,121,0,144,64,0,64,208
05/04/2017,AZO,MI,AGL,CE,Combined TRACON& Tower with Radar,2,26,15,0,43,0,0,0,0,0,2,26,15,0,43,0,0,0,43
05/05/2017,AZO,MI,AGL,CE,Combined TRACON& Tower with Radar,2,24,25,0,51,0,0,15,0,15,2,24,40,0,66,0,0,0,66
05/06/2017,AZO,MI,AGL,CE,Combined TRACON& Tower with Radar,4,14,18,0,36,1,1,28,0,30,5,15,46,0,66,10,0,10,76
05/07/2017,AZO,MI,AGL,CE,Combined TRACON& Tower with Radar,4,18,8,0,30,0,0,33,0,33,4,18,41,0,63,0,0,0,63
05/08/2017,AZO,MI,AGL,CE,Combined TRACON& Tower with Radar,3,23,25,0,51,0,2,69,0,71,3,25,94,0,122,87,0,87,209
05/09/2017,AZO,MI,AGL,CE,Combined TRACON& Tower with Radar,6,23,25,0,54,0,0,47,1,48,6,23,72,1,102,34,0,34,136
05/10/2017,AZO,MI,AGL,CE,Combined TRACON& Tower with Radar,3,21,35,0,59,0,0,35,0,35,3,21,70,0,94,46,0,46,140
05/11/2017,AZO,MI,AGL,CE,Combined TRACON& Tower with Radar,3,20,27,0,50,0,0,29,1,30,3,20,56,1,80,78,0,78,158
05/12/2017,AZO,MI,AGL,CE,Combined TRACON& Tower with Radar,3,21,36,0,60,0,1,61,0,62,3,22,97,0,122,56,0,56,178
05/13/2017,AZO,MI,AGL,CE,Combined TRACON& Tower with Radar,5,11,15,0,31,0,2,48,0,50,5,13,63,0,81,27,0,27,108
05/14/2017,AZO,MI,AGL,CE,Combined TRACON& Tower with Radar,9,15,6,0,30,0,3,30,0,33,9,18,36,0,63,12,0,12,75
05/15/2017,AZO,MI,AGL,CE,Combined TRACON& Tower with Radar,3,25,27,0,55,0,1,45,6,52,3,26,72,6,107,42,0,42,149
05/16/2017,AZO,MI,AGL,CE,Combined TRACON& Tower with Radar,1,20,21,0,42,0,0,23,0,23,1,20,44,0,65,24,0,24,89
05/17/2017,AZO,MI,AGL,CE,Combined TRACON& Tower with Radar,3,21,26,0,50,0,0,9,0,9,3,21,35,0,59,0,0,0,59
05/18/2017,AZO,MI,AGL,CE,Combined TRACON& Tower with Radar,2,22,14,1,39,0,1,1,1,3,2,23,15,2,42,0,0,0,42
05/19/2017,AZO,MI,AGL,CE,Combined TRACON& Tower with Radar,3,23,30,0,56,0,1,6,2,9,3,24,36,2,65,4,0,4,69
05/20/2017,AZO,MI,AGL,CE,Combined TRACON& Tower with Radar,4,14,24,0,42,0,0,12,0,12,4,14,36,0,54,27,0,27,81
05/21/2017,AZO,MI,AGL,CE,Combined TRACON& Tower with Radar,4,20,15,0,39,0,0,15,0,15,4,20,30,0,54,12,0,12,66
05/22/2017,AZO,MI,AGL,CE,Combined TRACON& Tower with Radar,3,23,30,0,56,0,1,49,0,50,3,24,79,0,106,66,0,66,172
05/23/2017,AZO,MI,AGL,CE,Combined TRACON& Tower with Radar,5,21,28,0,54,0,2,35,0,37,5,23,63,0,91,62,0,62,153
05/24/2017,AZO,MI,AGL,CE,Combined TRACON& Tower with Radar,3,21,19,0,43,0,0,9,0,9,3,21,28,0,52,46,0,46,98
05/25/2017,AZO,MI,AGL,CE,Combined TRACON& Tower with Radar,2,23,36,0,61,0,0,6,0,6,2,23,42,0,67,10,0,10,77
05/26/2017,AZO,MI,AGL,CE,Combined TRACON& Tower with Radar,3,21,26,0,50,0,6,20,0,26,3,27,46,0,76,51,0,51,127
05/27/2017,AZO,MI,AGL,CE,Combined TRACON& Tower with Radar,4,15,21,0,40,0,2,24,0,26,4,17,45,0,66,20,0,20,86
05/28/2017,AZO,MI,AGL,CE,Combined TRACON& Tower with Radar,3,14,10,0,27,0,11,8,2,21,3,25,18,2,48,6,0,6,54
05/29/2017,AZO,MI,AGL,CE,Combined TRACON& Tower with Radar,3,21,8,0,32,0,1,25,2,28,3,22,33,2,60,10,0,10,70
05/30/2017,AZO,MI,AGL,CE,Combined TRACON& Tower with Radar,3,23,40,0,66,0,0,59,0,59,3,23,99,0,125,10,0,10,135
05/31/2017,AZO,MI,AGL,CE,Combined TRACON& Tower with Radar,2,21,33,0,56,0,0,31,4,35,2,21,64,4,91,29,0,29,120
06/01/2017,AZO,MI,AGL,CE,Combined TRACON& Tower with Radar,4,23,35,0,62,0,3,57,0,60,4,26,92,0,122,123,0,123,245
06/02/2017,AZO,MI,AGL,CE,Combined TRACON& Tower with Radar,3,26,40,0,69,0,2,76,0,78,3,28,116,0,147,108,0,108,255
06/03/2017,AZO,MI,AGL,CE,Combined TRACON& Tower with Radar,4,15,6,0,25,1,3,47,2,53,5,18,53,2,78,44,0,44,122
06/04/2017,AZO,MI,AGL,CE,Combined TRACON& Tower with Radar,4,17,13,0,34,0,0,25,0,25,4,17,38,0,59,11,0,11,70
06/05/2017,AZO,MI,AGL,CE,Combined TRACON& Tower with Radar,2,24,39,0,65,0,0,16,0,16,2,24,55,0,81,52,0,52,133
06/06/2017,AZO,MI,AGL,CE,Combined TRACON& Tower with Radar,4,25,38,0,67,0,0,57,0,57,4,25,95,0,124,92,0,92,216
06/07/2017,AZO,MI,AGL,CE,Combined TRACON& Tower with Radar,3,21,31,0,55,0,0,53,0,53,3,21,84,0,108,94,0,94,202
06/08/2017,AZO,MI,AGL,CE,Combined TRACON& Tower with Radar,3,21,34,0,58,0,0,66,0,66,3,21,100,0,124,115,0,115,239
06/09/2017,AZO,MI,AGL,CE,Combined TRACON& Tower with Radar,2,22,27,0,51,0,0,23,0,23,2,22,50,0,74,53,0,53,127
06/10/2017,AZO,MI,AGL,CE,Combined TRACON& Tower with Radar,4,15,11,1,31,0,1,23,0,24,4,16,34,1,55,29,0,29,84
06/11/2017,AZO,MI,AGL,CE,Combined TRACON& Tower with Radar,4,17,9,0,30,0,3,26,0,29,4,20,35,0,59,12,0,12,71
06/12/2017,AZO,MI,AGL,CE,Combined TRACON& Tower with Radar,1,26,25,0,52,0,6,18,0,24,1,32,43,0,76,50,0,50,126
06/13/2017,AZO,MI,AGL,CE,Combined TRACON& Tower with Radar,0,19,22,0,41,0,1,38,3,42,0,20,60,3,83,59,0,59,142
06/14/2017,AZO,MI,AGL,CE,Combined TRACON& Tower with Radar,1,23,14,0,38,0,0,25,5,30,1,23,39,5,68,56,0,56,124
06/15/2017,AZO,MI,AGL,CE,Combined TRACON& Tower with Radar,3,25,33,0,61,0,0,30,0,30,3,25,63,0,91,54,0,54,145
06/16/2017,AZO,MI,AGL,CE,Combined TRACON& Tower with Radar,1,23,22,0,46,0,5,31,0,36,1,28,53,0,82,105,0,105,187
06/17/2017,AZO,MI,AGL,CE,Combined TRACON& Tower with Radar,2,19,12,1,34,1,1,24,0,26,3,20,36,1,60,60,0,60,120
06/18/2017,AZO,MI,AGL,CE,Combined TRACON& Tower with Radar,1,15,5,0,21,0,0,3,0,3,1,15,8,0,24,0,0,0,24
06/19/2017,AZO,MI,AGL,CE,Combined TRACON& Tower with Radar,0,19,32,0,51,0,3,32,0,35,0,22,64,0,86,40,0,40,126
06/20/2017,AZO,MI,AGL,CE,Combined TRACON& Tower with Radar,1,22,30,0,53,0,8,36,0,44,1,30,66,0,97,96,0,96,193
06/21/2017,AZO,MI,AGL,CE,Combined TRACON& Tower with Radar,1,24,28,0,53,0,2,69,0,71,1,26,97,0,124,176,0,176,300
06/22/2017,AZO,MI,AGL,CE,Combined TRACON& Tower with Radar,4,22,18,1,45,0,1,17,4,22,4,23,35,5,67,15,0,15,82
06/23/2017,AZO,MI,AGL,CE,Combined TRACON& Tower with Radar,0,22,29,0,51,0,2,30,0,32,0,24,59,0,83,3,0,3,86
06/24/2017,AZO,MI,AGL,CE,Combined TRACON& Tower with Radar,2,19,21,0,42,0,3,38,0,41,2,22,59,0,83,42,0,42,125
06/25/2017,AZO,MI,AGL,CE,Combined TRACON& Tower with Radar,2,15,28,0,45,0,3,24,0,27,2,18,52,0,72,7,0,7,79
06/26/2017,AZO,MI,AGL,CE,Combined TRACON& Tower with Radar,1,26,25,0,52,0,1,28,0,29,1,27,53,0,81,13,0,13,94
06/27/2017,AZO,MI,AGL,CE,Combined TRACON& Tower with Radar,1,25,26,0,52,0,0,70,0,70,1,25,96,0,122,48,0,48,170
06/28/2017,AZO,MI,AGL,CE,Combined TRACON& Tower with Radar,0,21,23,0,44,0,1,19,0,20,0,22,42,0,64,22,0,22,86
06/29/2017,AZO,MI,AGL,CE,Combined TRACON& Tower with Radar,1,22,21,0,44,0,0,10,2,12,1,22,31,2,56,10,0,10,66
06/30/2017,AZO,MI,AGL,CE,Combined TRACON& Tower with Radar,0,22,25,0,47,0,1,17,0,18,0,23,42,0,65,69,0,69,134
07/01/2017,AZO,MI,AGL,CE,Combined TRACON& Tower with Radar,4,17,11,0,32,0,0,21,0,21,4,17,32,0,53,8,0,8,61
07/02/2017,AZO,MI,AGL,CE,Combined TRACON& Tower with Radar,1,19,9,0,29,0,8,40,0,48,1,27,49,0,77,11,0,11,88
07/03/2017,AZO,MI,AGL,CE,Combined TRACON& Tower with Radar,2,14,3,0,19,4,4,13,0,21,6,18,16,0,40,6,0,6,46
07/04/2017,AZO,MI,AGL,CE,Combined TRACON& Tower with Radar,2,16,6,0,24,0,3,39,0,42,2,19,45,0,66,28,0,28,94
07/05/2017,AZO,MI,AGL,CE,Combined TRACON& Tower with Radar,3,27,25,0,55,0,2,44,0,46,3,29,69,0,101,76,0,76,177
07/06/2017,AZO,MI,AGL,CE,Combined TRACON& Tower with Radar,4,26,31,0,61,0,1,50,0,51,4,27,81,0,112,53,0,53,165
07/07/2017,AZO,MI,AGL,CE,Combined TRACON& Tower with Radar,4,19,27,0,50,0,0,32,0,32,4,19,59,0,82,48,0,48,130
07/08/2017,AZO,MI,AGL,CE,Combined TRACON& Tower with Radar,4,15,25,0,44,0,3,42,0,45,4,18,67,0,89,70,0,70,159
07/09/2017,AZO,MI,AGL,CE,Combined TRACON& Tower with Radar,2,15,17,0,34,0,7,32,0,39,2,22,49,0,73,10,0,10,83
07/10/2017,AZO,MI,AGL,CE,Combined TRACON& Tower with Radar,2,18,23,0,43,0,0,2,0,2,2,18,25,0,45,9,0,9,54
07/11/2017,AZO,MI,AGL,CE,Combined TRACON& Tower with Radar,2,24,33,0,59,0,4,4,0,8,2,28,37,0,67,14,0,14,81
07/12/2017,AZO,MI,AGL,CE,Combined TRACON& Tower with Radar,3,21,25,0,49,0,0,5,0,5,3,21,30,0,54,20,0,20,74
07/13/2017,AZO,MI,AGL,CE,Combined TRACON& Tower with Radar,2,26,33,0,61,0,2,18,2,22,2,28,51,2,83,43,0,43,126
07/14/2017,AZO,MI,AGL,CE,Combined TRACON& Tower with Radar,2,20,42,5,69,0,3,45,3,51,2,23,87,8,120,78,0,78,198
07/15/2017,AZO,MI,AGL,CE,Combined TRACON& Tower with Radar,3,23,22,1,49,0,16,43,1,60,3,39,65,2,109,76,0,76,185
07/16/2017,AZO,MI,AGL,CE,Combined TRACON& Tower with Radar,2,15,14,2,33,0,9,11,0,20,2,24,25,2,53,27,0,27,80
07/17/2017,AZO,MI,AGL,CE,Combined TRACON& Tower with Radar,2,23,49,0,74,0,8,31,0,39,2,31,80,0,113,44,0,44,157
07/18/2017,AZO,MI,AGL,CE,Combined TRACON& Tower with Radar,2,18,14,0,34,0,1,58,2,61,2,19,72,2,95,81,0,81,176
07/19/2017,AZO,MI,AGL,CE,Combined TRACON& Tower with Radar,3,21,22,0,46,0,0,41,0,41,3,21,63,0,87,32,0,32,119
07/20/2017,AZO,MI,AGL,CE,Combined TRACON& Tower with Radar,2,23,39,2,66,0,2,32,0,34,2,25,71,2,100,71,0,71,171
07/21/2017,AZO,MI,AGL,CE,Combined TRACON& Tower with Radar,2,18,23,0,43,0,9,39,0,48,2,27,62,0,91,70,0,70,161
07/22/2017,AZO,MI,AGL,CE,Combined TRACON& Tower with Radar,3,15,18,0,36,0,9,12,0,21,3,24,30,0,57,28,0,28,85
07/23/2017,AZO,MI,AGL,CE,Combined TRACON& Tower with Radar,2,14,18,0,34,0,0,19,1,20,2,14,37,1,54,11,0,11,65
07/24/2017,AZO,MI,AGL,CE,Combined TRACON& Tower with Radar,3,19,44,0,66,0,0,30,0,30,3,19,74,0,96,26,0,26,122
07/25/2017,AZO,MI,AGL,CE,Combined TRACON& Tower with Radar,2,23,33,0,58,0,0,48,0,48,2,23,81,0,106,87,0,87,193
07/26/2017,AZO,MI,AGL,CE,Combined TRACON& Tower with Radar,2,24,22,0,48,0,0,49,0,49,2,24,71,0,97,85,0,85,182
07/27/2017,AZO,MI,AGL,CE,Combined TRACON& Tower with Radar,2,25,49,0,76,0,4,51,1,56,2,29,100,1,132,82,0,82,214
07/28/2017,AZO,MI,AGL,CE,Combined TRACON& Tower with Radar,3,22,23,1,49,0,0,37,1,38,3,22,60,2,87,19,0,19,106
07/29/2017,AZO,MI,AGL,CE,Combined TRACON& Tower with Radar,3,20,14,0,37,0,20,42,0,62,3,40,56,0,99,32,0,32,131
07/30/2017,AZO,MI,AGL,CE,Combined TRACON& Tower with Radar,3,18,16,0,37,0,10,43,0,53,3,28,59,0,90,55,0,55,145
07/31/2017,AZO,MI,AGL,CE,Combined TRACON& Tower with Radar,3,25,41,0,69,0,2,48,0,50,3,27,89,0,119,80,0,80,199
08/01/2017,AZO,MI,AGL,CE,Combined TRACON& Tower with Radar,3,23,19,0,45,2,1,87,0,90,5,24,106,0,135,115,0,115,250
08/02/2017,AZO,MI,AGL,CE,Combined TRACON& Tower with Radar,2,20,22,0,44,0,1,53,0,54,2,21,75,0,98,76,0,76,174
08/03/2017,AZO,MI,AGL,CE,Combined TRACON& Tower with Radar,2,17,23,0,42,0,3,11,0,14,2,20,34,0,56,71,0,71,127
08/04/2017,AZO,MI,AGL,CE,Combined TRACON& Tower with Radar,2,19,33,0,54,0,1,2,0,3,2,20,35,0,57,8,0,8,65
08/05/2017,AZO,MI,AGL,CE,Combined TRACON& Tower with Radar,3,21,30,0,54,0,2,63,0,65,3,23,93,0,119,70,0,70,189
08/06/2017,AZO,MI,AGL,CE,Combined TRACON& Tower with Radar,2,15,18,0,35,0,11,22,0,33,2,26,40,0,68,30,0,30,98
08/07/2017,AZO,MI,AGL,CE,Combined TRACON& Tower with Radar,2,21,39,0,62,0,9,42,0,51,2,30,81,0,113,100,0,100,213
08/08/2017,AZO,MI,AGL,CE,Combined TRACON& Tower with Radar,2,22,32,0,56,0,10,68,3,81,2,32,100,3,137,75,0,75,212
08/09/2017,AZO,MI,AGL,CE,Combined TRACON& Tower with Radar,3,22,32,1,58,0,0,61,1,62,3,22,93,2,120,131,0,131,251
08/10/2017,AZO,MI,AGL,CE,Combined TRACON& Tower with Radar,2,22,22,0,46,0,3,47,0,50,2,25,69,0,96,135,0,135,231
08/11/2017,AZO,MI,AGL,CE,Combined TRACON& Tower with Radar,2,22,29,0,53,0,2,18,0,20,2,24,47,0,73,50,0,50,123
08/12/2017,AZO,MI,AGL,CE,Combined TRACON& Tower with Radar,3,19,27,0,49,0,30,25,0,55,3,49,52,0,104,1,0,1,105
08/13/2017,AZO,MI,AGL,CE,Combined TRACON& Tower with Radar,3,20,16,0,39,0,13,55,1,69,3,33,71,1,108,21,0,21,129
08/14/2017,AZO,MI,AGL,CE,Combined TRACON& Tower with Radar,2,23,40,0,65,0,5,51,0,56,2,28,91,0,121,106,0,106,227
08/15/2017,AZO,MI,AGL,CE,Combined TRACON& Tower with Radar,3,24,19,0,46,0,8,25,0,33,3,32,44,0,79,44,0,44,123
08/16/2017,AZO,MI,AGL,CE,Combined TRACON& Tower with Radar,2,19,26,0,47,2,2,49,0,53,4,21,75,0,100,95,0,95,195
08/17/2017,AZO,MI,AGL,CE,Combined TRACON& Tower with Radar,3,24,24,0,51,0,0,15,0,15,3,24,39,0,66,22,0,22,88
08/18/2017,AZO,MI,AGL,CE,Combined TRACON& Tower with Radar,3,26,18,0,47,0,3,30,0,33,3,29,48,0,80,24,0,24,104
08/19/2017,AZO,MI,AGL,CE,Combined TRACON& Tower with Radar,4,16,22,0,42,0,2,62,2,66,4,18,84,2,108,61,0,61,169
08/20/2017,AZO,MI,AGL,CE,Combined TRACON& Tower with Radar,4,13,8,0,25,1,12,38,0,51,5,25,46,0,76,25,0,25,101
08/21/2017,AZO,MI,AGL,CE,Combined TRACON& Tower with Radar,2,21,32,0,55,0,0,37,0,37,2,21,69,0,92,73,0,73,165
08/22/2017,AZO,MI,AGL,CE,Combined TRACON& Tower with Radar,3,20,31,0,54,0,0,11,0,11,3,20,42,0,65,4,0,4,69
08/23/2017,AZO,MI,AGL,CE,Combined TRACON& Tower with Radar,3,20,35,0,58,0,2,49,0,51,3,22,84,0,109,135,0,135,244
08/24/2017,AZO,MI,AGL,CE,Combined TRACON& Tower with Radar,3,22,25,2,52,0,2,56,1,59,3,24,81,3,111,112,0,112,223
08/25/2017,AZO,MI,AGL,CE,Combined TRACON& Tower with Radar,3,21,21,0,45,0,7,50,0,57,3,28,71,0,102,93,0,93,195
08/26/2017,AZO,MI,AGL,CE,Combined TRACON& Tower with Radar,4,16,10,0,30,0,5,54,0,59,4,21,64,0,89,24,0,24,113
08/27/2017,AZO,MI,AGL,CE,Combined TRACON& Tower with Radar,3,21,17,0,41,0,3,28,0,31,3,24,45,0,72,11,0,11,83
08/28/2017,AZO,MI,AGL,CE,Combined TRACON& Tower with Radar,3,19,36,0,58,0,1,17,0,18,3,20,53,0,76,75,0,75,151
08/29/2017,AZO,MI,AGL,CE,Combined TRACON& Tower with Radar,3,19,34,0,56,0,1,16,0,17,3,20,50,0,73,32,0,32,105
08/30/2017,AZO,MI,AGL,CE,Combined TRACON& Tower with Radar,4,21,38,0,63,0,1,33,0,34,4,22,71,0,97,87,0,87,184
08/31/2017,AZO,MI,AGL,CE,Combined TRACON& Tower with Radar,2,22,19,0,43,0,4,18,0,22,2,26,37,0,65,34,0,34,99
09/01/2017,AZO,MI,AGL,CE,Combined TRACON& Tower with Radar,3,21,18,0,42,0,1,45,0,46,3,22,63,0,88,15,0,15,103
09/02/2017,AZO,MI,AGL,CE,Combined TRACON& Tower with Radar,5,13,18,0,36,0,15,41,0,56,5,28,59,0,92,55,0,55,147
09/03/2017,AZO,MI,AGL,CE,Combined TRACON& Tower with Radar,1,14,17,0,32,0,4,24,0,28,1,18,41,0,60,13,0,13,73
09/04/2017,AZO,MI,AGL,CE,Combined TRACON& Tower with Radar,2,19,1,0,22,0,0,19,0,19,2,19,20,0,41,0,0,0,41
09/05/2017,AZO,MI,AGL,CE,Combined TRACON& Tower with Radar,3,17,30,0,50,0,0,30,0,30,3,17,60,0,80,47,0,47,127
09/06/2017,AZO,MI,AGL,CE,Combined TRACON& Tower with Radar,3,20,39,0,62,0,0,27,2,29,3,20,66,2,91,47,0,47,138
09/07/2017,AZO,MI,AGL,CE,Combined TRACON& Tower with Radar,2,25,18,0,45,0,0,6,0,6,2,25,24,0,51,13,0,13,64
09/08/2017,AZO,MI,AGL,CE,Combined TRACON& Tower with Radar,2,23,38,0,63,0,0,72,0,72,2,23,110,0,135,47,0,47,182
09/09/2017,AZO,MI,AGL,CE,Combined TRACON& Tower with Radar,3,16,16,0,35,0,12,66,0,78,3,28,82,0,113,42,0,42,155
09/10/2017,AZO,MI,AGL,CE,Combined TRACON& Tower with Radar,3,16,6,0,25,2,15,58,0,75,5,31,64,0,100,19,0,19,119
09/11/2017,AZO,MI,AGL,CE,Combined TRACON& Tower with Radar,3,21,21,0,45,0,0,61,0,61,3,21,82,0,106,53,0,53,159
09/12/2017,AZO,MI,AGL,CE,Combined TRACON& Tower with Radar,3,21,37,0,61,0,2,61,0,63,3,23,98,0,124,82,0,82,206
09/13/2017,AZO,MI,AGL,CE,Combined TRACON& Tower with Radar,4,18,40,0,62,0,0,8,2,10,4,18,48,2,72,37,0,37,109
09/14/2017,AZO,MI,AGL,CE,Combined TRACON& Tower with Radar,3,20,20,0,43,0,0,27,0,27,3,20,47,0,70,76,0,76,146
09/15/2017,AZO,MI,AGL,CE,Combined TRACON& Tower with Radar,6,20,27,0,53,8,6,77,0,91,14,26,104,0,144,54,0,54,198
09/16/2017,AZO,MI,AGL,CE,Combined TRACON& Tower with Radar,5,14,12,1,32,0,0,42,2,44,5,14,54,3,76,20,0,20,96
09/17/2017,AZO,MI,AGL,CE,Combined TRACON& Tower with Radar,4,12,6,0,22,0,4,20,0,24,4,16,26,0,46,10,0,10,56
09/18/2017,AZO,MI,AGL,CE,Combined TRACON& Tower with Radar,3,22,42,0,67,0,1,48,0,49,3,23,90,0,116,52,0,52,168
09/19/2017,AZO,MI,AGL,CE,Combined TRACON& Tower with Radar,3,20,19,0,42,0,0,0,0,0,3,20,19,0,42,0,0,0,42
09/20/2017,AZO,MI,AGL,CE,Combined TRACON& Tower with Radar,3,20,27,0,50,0,2,36,3,41,3,22,63,3,91,39,0,39,130
09/21/2017,AZO,MI,AGL,CE,Combined TRACON& Tower with Radar,3,27,22,0,52,0,2,24,0,26,3,29,46,0,78,31,0,31,109
09/22/2017,AZO,MI,AGL,CE,Combined TRACON& Tower with Radar,3,20,34,0,57,0,1,42,0,43,3,21,76,0,100,72,0,72,172
09/23/2017,AZO,MI,AGL,CE,Combined TRACON& Tower with Radar,5,14,16,0,35,0,0,38,0,38,5,14,54,0,73,10,0,10,83
09/24/2017,AZO,MI,AGL,CE,Combined TRACON& Tower with Radar,4,15,18,0,37,0,11,47,0,58,4,26,65,0,95,39,0,39,134
09/25/2017,AZO,MI,AGL,CE,Combined TRACON& Tower with Radar,3,24,23,0,50,0,1,48,4,53,3,25,71,4,103,63,0,63,166
09/26/2017,AZO,MI,AGL,CE,Combined TRACON& Tower with Radar,3,20,18,0,41,0,0,55,0,55,3,20,73,0,96,61,0,61,157
09/27/2017,AZO,MI,AGL,CE,Combined TRACON& Tower with Radar,3,20,39,0,62,0,0,26,0,26,3,20,65,0,88,33,0,33,121
09/28/2017,AZO,MI,AGL,CE,Combined TRACON& Tower with Radar,3,22,35,0,60,0,6,59,0,65,3,28,94,0,125,87,0,87,212
09/29/2017,AZO,MI,AGL,CE,Combined TRACON& Tower with Radar,3,20,16,0,39,0,0,33,0,33,3,20,49,0,72,26,0,26,98
09/30/2017,AZO,MI,AGL,CE,Combined TRACON& Tower with Radar,7,14,19,0,40,0,9,48,0,57,7,23,67,0,97,32,0,32,129
10/01/2017,AZO,MI,AGL,CE,Combined TRACON& Tower with Radar,3,13,16,0,32,0,1,55,0,56,3,14,71,0,88,57,0,57,145
10/02/2017,AZO,MI,AGL,CE,Combined TRACON& Tower with Radar,4,20,21,0,45,0,0,50,0,50,4,20,71,0,95,129,0,129,224
10/03/2017,AZO,MI,AGL,CE,Combined TRACON& Tower with Radar,3,21,10,0,34,0,0,28,0,28,3,21,38,0,62,42,0,42,104
10/04/2017,AZO,MI,AGL,CE,Combined TRACON& Tower with Radar,3,21,12,0,36,0,0,8,0,8,3,21,20,0,44,34,0,34,78
10/05/2017,AZO,MI,AGL,CE,Combined TRACON& Tower with Radar,2,22,22,0,46,0,2,50,0,52,2,24,72,0,98,54,0,54,152
10/06/2017,AZO,MI,AGL,CE,Combined TRACON& Tower with Radar,5,21,31,0,57,0,0,0,0,0,5,21,31,0,57,0,0,0,57
10/07/2017,AZO,MI,AGL,CE,Combined TRACON& Tower with Radar,4,14,5,0,23,0,0,3,0,3,4,14,8,0,26,0,0,0,26
10/08/2017,AZO,MI,AGL,CE,Combined TRACON& Tower with Radar,4,16,13,0,33,0,0,38,0,38,4,16,51,0,71,54,0,54,125
10/09/2017,AZO,MI,AGL,CE,Combined TRACON& Tower with Radar,3,20,27,0,50,0,0,58,0,58,3,20,85,0,108,68,0,68,176
10/10/2017,AZO,MI,AGL,CE,Combined TRACON& Tower with Radar,3,19,17,0,39,0,0,29,0,29,3,19,46,0,68,64,0,64,132
10/11/2017,AZO,MI,AGL,CE,Combined TRACON& Tower with Radar,3,22,5,0,30,0,0,0,0,0,3,22,5,0,30,0,0,0,30
10/12/2017,AZO,MI,AGL,CE,Combined TRACON& Tower with Radar,3,23,31,2,59,0,1,4,0,5,3,24,35,2,64,16,0,16,80
10/13/2017,AZO,MI,AGL,CE,Combined TRACON& Tower with Radar,3,21,31,1,56,0,1,49,1,51,3,22,80,2,107,110,0,110,217
10/14/2017,AZO,MI,AGL,CE,Combined TRACON& Tower with Radar,4,6,6,0,16,0,0,0,0,0,4,6,6,0,16,0,0,0,16
10/15/2017,AZO,MI,AGL,CE,Combined TRACON& Tower with Radar,3,12,10,0,25,0,1,0,0,1,3,13,10,0,26,0,0,0,26
10/16/2017,AZO,MI,AGL,CE,Combined TRACON& Tower with Radar,4,26,7,0,37,0,0,17,0,17,4,26,24,0,54,26,0,26,80
10/17/2017,AZO,MI,AGL,CE,Combined TRACON& Tower with Radar,3,19,19,0,41,0,1,51,0,52,3,20,70,0,93,109,0,109,202
10/18/2017,AZO,MI,AGL,CE,Combined TRACON& Tower with Radar,2,19,32,0,53,0,0,51,0,51,2,19,83,0,104,112,0,112,216
10/19/2017,AZO,MI,AGL,CE,Combined TRACON& Tower with Radar,3,20,19,2,44,0,1,63,1,65,3,21,82,3,109,150,0,150,259
10/20/2017,AZO,MI,AGL,CE,Combined TRACON& Tower with Radar,3,20,28,0,51,0,0,54,0,54,3,20,82,0,105,111,0,111,216
10/21/2017,AZO,MI,AGL,CE,Combined TRACON& Tower with Radar,4,17,20,0,41,0,0,35,0,35,4,17,55,0,76,58,0,58,134
10/22/2017,AZO,MI,AGL,CE,Combined TRACON& Tower with Radar,4,13,10,0,27,0,4,4,0,8,4,17,14,0,35,8,0,8,43
10/23/2017,AZO,MI,AGL,CE,Combined TRACON& Tower with Radar,3,21,14,0,38,0,0,0,0,0,3,21,14,0,38,0,0,0,38
10/24/2017,AZO,MI,AGL,CE,Combined TRACON& Tower with Radar,3,20,2,0,25,0,0,0,0,0,3,20,2,0,25,0,0,0,25
10/25/2017,AZO,MI,AGL,CE,Combined TRACON& Tower with Radar,3,17,31,0,51,0,0,22,0,22,3,17,53,0,73,31,0,31,104
10/26/2017,AZO,MI,AGL,CE,Combined TRACON& Tower with Radar,4,24,20,0,48,0,1,53,0,54,4,25,73,0,102,55,0,55,157
10/27/2017,AZO,MI,AGL,CE,Combined TRACON& Tower with Radar,6,20,27,0,53,0,0,5,0,5,6,20,32,0,58,35,0,35,93
10/28/2017,AZO,MI,AGL,CE,Combined TRACON& Tower with Radar,4,13,8,0,25,0,0,7,0,7,4,13,15,0,32,6,0,6,38
10/29/2017,AZO,MI,AGL,CE,Combined TRACON& Tower with Radar,4,15,20,0,39,0,0,2,0,2,4,15,22,0,41,12,0,12,53
10/30/2017,AZO,MI,AGL,CE,Combined TRACON& Tower with Radar,6,18,16,0,40,0,0,7,0,7,6,18,23,0,47,0,0,0,47
10/31/2017,AZO,MI,AGL,CE,Combined TRACON& Tower with Radar,3,15,6,0,24,0,0,13,0,13,3,15,19,0,37,60,0,60,97
11/01/2017,AZO,MI,AGL,CE,Combined TRACON& Tower with Radar,2,16,34,0,52,0,0,26,0,26,2,16,60,0,78,99,0,99,177
11/02/2017,AZO,MI,AGL,CE,Combined TRACON& Tower with Radar,3,20,11,0,34,0,0,0,0,0,3,20,11,0,34,0,0,0,34
11/03/2017,AZO,MI,AGL,CE,Combined TRACON& Tower with Radar,3,19,59,0,81,0,3,54,0,57,3,22,113,0,138,111,0,111,249
11/04/2017,AZO,MI,AGL,CE,Combined TRACON& Tower with Radar,4,14,12,0,30,0,1,9,0,10,4,15,21,0,40,4,0,4,44
11/05/2017,AZO,MI,AGL,CE,Combined TRACON& Tower with Radar,1,18,9,0,28,0,0,0,0,0,1,18,9,0,28,0,0,0,28
11/06/2017,AZO,MI,AGL,CE,Combined TRACON& Tower with Radar,3,18,43,0,64,0,2,41,0,43,3,20,84,0,107,88,0,88,195
11/07/2017,AZO,MI,AGL,CE,Combined TRACON& Tower with Radar,3,16,41,0,60,0,0,58,0,58,3,16,99,0,118,99,0,99,217
11/08/2017,AZO,MI,AGL,CE,Combined TRACON& Tower with Radar,4,18,27,0,49,0,0,67,0,67,4,18,94,0,116,141,0,141,257
11/09/2017,AZO,MI,AGL,CE,Combined TRACON& Tower with Radar,1,24,12,0,37,0,0,10,0,10,1,24,22,0,47,0,0,0,47
11/10/2017,AZO,MI,AGL,CE,Combined TRACON& Tower with Radar,1,23,39,0,63,0,1,59,0,60,1,24,98,0,123,56,0,56,179
11/11/2017,AZO,MI,AGL,CE,Combined TRACON& Tower with Radar,4,15,17,0,36,0,0,27,0,27,4,15,44,0,63,34,0,34,97
11/12/2017,AZO,MI,AGL,CE,Combined TRACON& Tower with Radar,2,20,11,0,33,0,0,0,0,0,2,20,11,0,33,0,0,0,33
11/13/2017,AZO,MI,AGL,CE,Combined TRACON& Tower with Radar,1,20,25,0,46,0,1,4,0,5,1,21,29,0,51,16,0,16,67
11/14/2017,AZO,MI,AGL,CE,Combined TRACON& Tower with Radar,4,21,25,0,50,0,0,32,0,32,4,21,57,0,82,116,0,116,198
11/15/2017,AZO,MI,AGL,CE,Combined TRACON& Tower with Radar,3,20,9,0,32,0,0,1,0,1,3,20,10,0,33,0,0,0,33
11/16/2017,AZO,MI,AGL,CE,Combined TRACON& Tower with Radar,3,19,23,0,45,0,0,11,0,11,3,19,34,0,56,63,0,63,119
11/17/2017,AZO,MI,AGL,CE,Combined TRACON& Tower with Radar,2,20,28,0,50,0,2,33,0,35,2,22,61,0,85,63,0,63,148
11/18/2017,AZO,MI,AGL,CE,Combined TRACON& Tower with Radar,4,13,4,0,21,0,0,0,0,0,4,13,4,0,21,0,0,0,21
11/19/2017,AZO,MI,AGL,CE,Combined TRACON& Tower with Radar,4,17,14,0,35,0,0,7,0,7,4,17,21,0,42,6,0,6,48
11/20/2017,AZO,MI,AGL,CE,Combined TRACON& Tower with Radar,4,17,24,0,45,0,2,46,1,49,4,19,70,1,94,53,0,53,147
11/21/2017,AZO,MI,AGL,CE,Combined TRACON& Tower with Radar,4,16,7,0,27,0,0,11,0,11,4,16,18,0,38,38,0,38,76
11/22/2017,AZO,MI,AGL,CE,Combined TRACON& Tower with Radar,2,22,14,0,38,0,0,16,0,16,2,22,30,0,54,48,0,48,102
11/23/2017,AZO,MI,AGL,CE,Combined TRACON& Tower with Radar,2,8,1,0,11,0,0,11,0,11,2,8,12,0,22,8,0,8,30
11/24/2017,AZO,MI,AGL,CE,Combined TRACON& Tower with Radar,2,13,7,0,22,0,1,38,0,39,2,14,45,0,61,20,0,20,81
11/25/2017,AZO,MI,AGL,CE,Combined TRACON& Tower with Radar,3,22,13,0,38,0,0,15,0,15,3,22,28,0,53,0,0,0,53
11/26/2017,AZO,MI,AGL,CE,Combined TRACON& Tower with Radar,3,19,9,0,31,0,0,29,0,29,3,19,38,0,60,15,0,15,75
11/27/2017,AZO,MI,AGL,CE,Combined TRACON& Tower with Radar,3,20,33,0,56,0,1,41,0,42,3,21,74,0,98,51,0,51,149
11/28/2017,AZO,MI,AGL,CE,Combined TRACON& Tower with Radar,4,17,26,2,49,0,1,28,1,30,4,18,54,3,79,16,0,16,95
11/29/2017,AZO,MI,AGL,CE,Combined TRACON& Tower with Radar,3,20,32,0,55,0,0,77,0,77,3,20,109,0,132,101,0,101,233
11/30/2017,AZO,MI,AGL,CE,Combined TRACON& Tower with Radar,3,19,21,0,43,0,0,37,0,37,3,19,58,0,80,14,0,14,94
12/01/2017,AZO,MI,AGL,CE,Combined TRACON& Tower with Radar,5,16,18,0,39,0,0,56,0,56,5,16,74,0,95,73,0,73,168
12/02/2017,AZO,MI,AGL,CE,Combined TRACON& Tower with Radar,5,16,30,0,51,0,4,101,0,105,5,20,131,0,156,50,0,50,206
12/03/2017,AZO,MI,AGL,CE,Combined TRACON& Tower with Radar,5,13,10,0,28,0,1,60,0,61,5,14,70,0,89,76,0,76,165
12/04/2017,AZO,MI,AGL,CE,Combined TRACON& Tower with Radar,6,13,18,0,37,0,0,5,0,5,6,13,23,0,42,0,0,0,42
12/05/2017,AZO,MI,AGL,CE,Combined TRACON& Tower with Radar,6,17,15,0,38,0,1,2,0,3,6,18,17,0,41,0,0,0,41
12/06/2017,AZO,MI,AGL,CE,Combined TRACON& Tower with Radar,5,16,20,0,41,0,0,6,2,8,5,16,26,2,49,10,0,10,59
12/07/2017,AZO,MI,AGL,CE,Combined TRACON& Tower with Radar,4,16,29,0,49,0,0,0,4,4,4,16,29,4,53,0,0,0,53
12/08/2017,AZO,MI,AGL,CE,Combined TRACON& Tower with Radar,6,14,37,0,57,0,2,19,0,21,6,16,56,0,78,7,0,7,85
12/09/2017,AZO,MI,AGL,CE,Combined TRACON& Tower with Radar,5,14,3,0,22,0,0,0,0,0,5,14,3,0,22,0,0,0,22
12/10/2017,AZO,MI,AGL,CE,Combined TRACON& Tower with Radar,5,16,9,0,30,0,1,12,0,13,5,17,21,0,43,35,0,35,78
12/11/2017,AZO,MI,AGL,CE,Combined TRACON& Tower with Radar,4,15,17,0,36,0,0,0,0,0,4,15,17,0,36,0,0,0,36
12/12/2017,AZO,MI,AGL,CE,Combined TRACON& Tower with Radar,9,14,19,0,42,0,0,3,0,3,9,14,22,0,45,6,0,6,51
12/13/2017,AZO,MI,AGL,CE,Combined TRACON& Tower with Radar,4,11,15,0,30,0,0,1,0,1,4,11,16,0,31,22,0,22,53
12/14/2017,AZO,MI,AGL,CE,Combined TRACON& Tower with Radar,6,17,41,0,64,0,0,29,0,29,6,17,70,0,93,78,0,78,171
12/15/2017,AZO,MI,AGL,CE,Combined TRACON& Tower with Radar,5,13,11,0,29,0,0,1,0,1,5,13,12,0,30,0,0,0,30
12/16/2017,AZO,MI,AGL,CE,Combined TRACON& Tower with Radar,5,16,15,0,36,0,1,15,0,16,5,17,30,0,52,66,0,66,118
12/17/2017,AZO,MI,AGL,CE,Combined TRACON& Tower with Radar,5,13,5,0,23,0,0,0,0,0,5,13,5,0,23,0,0,0,23
12/18/2017,AZO,MI,AGL,CE,Combined TRACON& Tower with Radar,5,17,8,0,30,0,0,0,0,0,5,17,8,0,30,0,0,0,30
12/19/2017,AZO,MI,AGL,CE,Combined TRACON& Tower with Radar,5,13,27,0,45,0,0,34,0,34,5,13,61,0,79,42,0,42,121
12/20/2017,AZO,MI,AGL,CE,Combined TRACON& Tower with Radar,5,14,25,0,44,0,0,49,0,49,5,14,74,0,93,52,0,52,145
12/21/2017,AZO,MI,AGL,CE,Combined TRACON& Tower with Radar,4,15,18,0,37,0,0,15,0,15,4,15,33,0,52,38,0,38,90
12/22/2017,AZO,MI,AGL,CE,Combined TRACON& Tower with Radar,4,13,11,0,28,0,0,0,0,0,4,13,11,0,28,0,0,0,28
12/23/2017,AZO,MI,AGL,CE,Combined TRACON& Tower with Radar,4,16,9,0,29,0,0,14,0,14,4,16,23,0,43,28,0,28,71
12/24/2017,AZO,MI,AGL,CE,Combined TRACON& Tower with Radar,4,8,0,0,12,0,1,1,0,2,4,9,1,0,14,4,0,4,18
12/25/2017,AZO,MI,AGL,CE,Combined TRACON& Tower with Radar,4,9,0,0,13,0,0,0,0,0,4,9,0,0,13,0,0,0,13
12/26/2017,AZO,MI,AGL,CE,Combined TRACON& Tower with Radar,4,21,13,0,38,0,0,1,0,1,4,21,14,0,39,0,0,0,39
12/27/2017,AZO,MI,AGL,CE,Combined TRACON& Tower with Radar,4,15,7,0,26,0,0,0,0,0,4,15,7,0,26,0,0,0,26
12/28/2017,AZO,MI,AGL,CE,Combined TRACON& Tower with Radar,4,14,12,0,30,0,1,4,0,5,4,15,16,0,35,0,0,0,35
12/29/2017,AZO,MI,AGL,CE,Combined TRACON& Tower with Radar,3,13,7,0,23,0,0,0,0,0,3,13,7,0,23,0,0,0,23
12/30/2017,AZO,MI,AGL,CE,Combined TRACON& Tower with Radar,4,16,0,0,20,0,0,0,0,0,4,16,0,0,20,0,0,0,20
12/31/2017,AZO,MI,AGL,CE,Combined TRACON& Tower with Radar,3,11,10,0,24,0,1,2,0,3,3,12,12,0,27,0,0,0,27
01/01/2018,AZO,MI,AGL,CE,Combined TRACON& Tower with Radar,4,7,5,0,16,0,0,0,0,0,4,7,5,0,16,2,0,2,18
01/02/2018,AZO,MI,AGL,CE,Combined TRACON& Tower with Radar,4,18,17,1,40,0,0,11,1,12,4,18,28,2,52,34,0,34,86
01/03/2018,AZO,MI,AGL,CE,Combined TRACON& Tower with Radar,2,20,9,0,31,0,0,0,0,0,2,20,9,0,31,0,0,0,31
01/04/2018,AZO,MI,AGL,CE,Combined TRACON& Tower with Radar,2,17,15,0,34,0,0,30,0,30,2,17,45,0,64,50,0,50,114
01/05/2018,AZO,MI,AGL,CE,Combined TRACON& Tower with Radar,3,17,17,0,37,0,1,32,0,33,3,18,49,0,70,64,0,64,134
01/06/2018,AZO,MI,AGL,CE,Combined TRACON& Tower with Radar,3,15,6,0,24,0,0,10,0,10,3,15,16,0,34,32,0,32,66
01/07/2018,AZO,MI,AGL,CE,Combined TRACON& Tower with Radar,2,15,4,0,21,0,0,6,0,6,2,15,10,0,27,0,0,0,27
01/08/2018,AZO,MI,AGL,CE,Combined TRACON& Tower with Radar,5,15,15,0,35,0,1,4,0,5,5,16,19,0,40,22,0,22,62
01/09/2018,AZO,MI,AGL,CE,Combined TRACON& Tower with Radar,4,13,5,0,22,0,0,0,0,0,4,13,5,0,22,0,0,0,22
01/10/2018,AZO,MI,AGL,CE,Combined TRACON& Tower with Radar,2,6,3,0,11,0,0,0,0,0,2,6,3,0,11,0,0,0,11
01/11/2018,AZO,MI,AGL,CE,Combined TRACON& Tower with Radar,4,14,14,0,32,0,0,0,0,0,4,14,14,0,32,6,0,6,38
01/12/2018,AZO,MI,AGL,CE,Combined TRACON& Tower with Radar,3,17,12,0,32,0,0,2,0,2,3,17,14,0,34,6,0,6,40
01/13/2018,AZO,MI,AGL,CE,Combined TRACON& Tower with Radar,6,13,26,0,45,0,1,16,0,17,6,14,42,0,62,76,0,76,138
01/14/2018,AZO,MI,AGL,CE,Combined TRACON& Tower with Radar,2,12,13,0,27,0,0,32,0,32,2,12,45,0,59,68,0,68,127
01/15/2018,AZO,MI,AGL,CE,Combined TRACON& Tower with Radar,3,16,8,0,27,0,0,0,0,0,3,16,8,0,27,0,0,0,27
01/16/2018,AZO,MI,AGL,CE,Combined TRACON& Tower with Radar,4,20,6,0,30,0,0,2,0,2,4,20,8,0,32,30,0,30,62
01/17/2018,AZO,MI,AGL,CE,Combined TRACON& Tower with Radar,4,15,17,0,36,0,0,32,0,32,4,15,49,0,68,118,0,118,186
01/18/2018,AZO,MI,AGL,CE,Combined TRACON& Tower with Radar,4,18,22,0,44,0,2,36,0,38,4,20,58,0,82,72,0,72,154
01/19/2018,AZO,MI,AGL,CE,Combined TRACON& Tower with Radar,3,18,19,0,40,0,2,63,0,65,3,20,82,0,105,40,0,40,145
01/20/2018,AZO,MI,AGL,CE,Combined TRACON& Tower with Radar,4,12,29,0,45,0,3,70,0,73,4,15,99,0,118,103,0,103,221
01/21/2018,AZO,MI,AGL,CE,Combined TRACON& Tower with Radar,1,8,3,2,14,0,0,0,0,0,1,8,3,2,14,0,0,0,14
01/22/2018,AZO,MI,AGL,CE,Combined TRACON& Tower with Radar,1,14,11,0,26,0,0,0,0,0,1,14,11,0,26,4,0,4,30
01/23/2018,AZO,MI,AGL,CE,Combined TRACON& Tower with Radar,3,15,10,0,28,0,0,0,0,0,3,15,10,0,28,0,0,0,28
01/24/2018,AZO,MI,AGL,CE,Combined TRACON& Tower with Radar,3,15,26,0,44,0,0,21,0,21,3,15,47,0,65,124,0,124,189
01/25/2018,AZO,MI,AGL,CE,Combined TRACON& Tower with Radar,4,15,33,0,52,0,3,42,0,45,4,18,75,0,97,68,0,68,165
01/26/2018,AZO,MI,AGL,CE,Combined TRACON& Tower with Radar,4,15,23,0,42,0,1,38,0,39,4,16,61,0,81,37,0,37,118
01/27/2018,AZO,MI,AGL,CE,Combined TRACON& Tower with Radar,5,11,23,0,39,0,0,35,0,35,5,11,58,0,74,58,0,58,132
01/28/2018,AZO,MI,AGL,CE,Combined TRACON& Tower with Radar,2,15,24,0,41,0,3,87,0,90,2,18,111,0,131,82,0,82,213
01/29/2018,AZO,MI,AGL,CE,Combined TRACON& Tower with Radar,3,17,10,0,30,0,0,1,0,1,3,17,11,0,31,0,0,0,31
01/30/2018,AZO,MI,AGL,CE,Combined TRACON& Tower with Radar,6,15,18,0,39,0,0,34,0,34,6,15,52,0,73,116,0,116,189
01/31/2018,AZO,MI,AGL,CE,Combined TRACON& Tower with Radar,3,16,14,0,33,0,1,16,0,17,3,17,30,0,50,4,0,4,54
02/01/2018,AZO,MI,AGL,CE,Combined TRACON& Tower with Radar,3,22,20,0,45,0,0,4,0,4,3,22,24,0,49,2,0,2,51
02/02/2018,AZO,MI,AGL,CE,Combined TRACON& Tower with Radar,4,15,19,0,38,0,0,4,0,4,4,15,23,0,42,2,0,2,44
02/03/2018,AZO,MI,AGL,CE,Combined TRACON& Tower with Radar,5,11,5,0,21,0,0,10,2,12,5,11,15,2,33,38,0,38,71
02/04/2018,AZO,MI,AGL,CE,Combined TRACON& Tower with Radar,3,10,7,0,20,0,0,0,0,0,3,10,7,0,20,0,0,0,20
02/05/2018,AZO,MI,AGL,CE,Combined TRACON& Tower with Radar,3,16,23,0,42,0,1,26,0,27,3,17,49,0,69,82,0,82,151
02/06/2018,AZO,MI,AGL,CE,Combined TRACON& Tower with Radar,3,17,19,0,39,0,0,7,0,7,3,17,26,0,46,30,0,30,76
02/07/2018,AZO,MI,AGL,CE,Combined TRACON& Tower with Radar,4,19,13,0,36,0,0,2,0,2,4,19,15,0,38,0,0,0,38
02/08/2018,AZO,MI,AGL,CE,Combined TRACON& Tower with Radar,3,16,13,0,32,0,0,1,0,1,3,16,14,0,33,0,0,0,33
02/09/2018,AZO,MI,AGL,CE,Combined TRACON& Tower with Radar,4,9,14,0,27,0,0,0,0,0,4,9,14,0,27,0,0,0,27
02/10/2018,AZO,MI,AGL,CE,Combined TRACON& Tower with Radar,3,14,3,0,20,0,0,0,0,0,3,14,3,0,20,0,0,0,20
02/11/2018,AZO,MI,AGL,CE,Combined TRACON& Tower with Radar,4,11,4,0,19,0,0,0,0,0,4,11,4,0,19,0,0,0,19
02/12/2018,AZO,MI,AGL,CE,Combined TRACON& Tower with Radar,4,21,33,0,58,0,0,54,0,54,4,21,87,0,112,129,0,129,241
02/13/2018,AZO,MI,AGL,CE,Combined TRACON& Tower with Radar,4,18,20,0,42,0,1,58,1,60,4,19,78,1,102,131,0,131,233
02/14/2018,AZO,MI,AGL,CE,Combined TRACON& Tower with Radar,2,13,11,6,32,0,0,13,0,13,2,13,24,6,45,68,0,68,113
02/15/2018,AZO,MI,AGL,CE,Combined TRACON& Tower with Radar,4,10,7,0,21,0,0,0,0,0,4,10,7,0,21,0,0,0,21
02/16/2018,AZO,MI,AGL,CE,Combined TRACON& Tower with Radar,3,17,20,0,40,0,0,32,0,32,3,17,52,0,72,85,0,85,157
02/17/2018,AZO,MI,AGL,CE,Combined TRACON& Tower with Radar,2,13,18,0,33,0,2,34,0,36,2,15,52,0,69,60,0,60,129
02/18/2018,AZO,MI,AGL,CE,Combined TRACON& Tower with Radar,2,13,17,0,32,0,4,49,0,53,2,17,66,0,85,104,0,104,189
02/19/2018,AZO,MI,AGL,CE,Combined TRACON& Tower with Radar,4,14,12,0,30,0,0,0,0,0,4,14,12,0,30,0,0,0,30
02/20/2018,AZO,MI,AGL,CE,Combined TRACON& Tower with Radar,2,17,15,0,34,0,0,0,0,0,2,17,15,0,34,0,0,0,34
02/21/2018,AZO,MI,AGL,CE,Combined TRACON& Tower with Radar,1,20,16,2,39,0,0,12,0,12,1,20,28,2,51,65,0,65,116
02/22/2018,AZO,MI,AGL,CE,Combined TRACON& Tower with Radar,1,18,34,0,53,0,1,34,0,35,1,19,68,0,88,76,0,76,164
02/23/2018,AZO,MI,AGL,CE,Combined TRACON& Tower with Radar,1,16,17,0,34,0,0,0,0,0,1,16,17,0,34,0,0,0,34
02/24/2018,AZO,MI,AGL,CE,Combined TRACON& Tower with Radar,3,15,18,0,36,0,0,4,0,4,3,15,22,0,40,0,0,0,40
02/25/2018,AZO,MI,AGL,CE,Combined TRACON& Tower with Radar,1,19,15,0,35,0,0,8,0,8,1,19,23,0,43,0,0,0,43
02/26/2018,AZO,MI,AGL,CE,Combined TRACON& Tower with Radar,1,22,44,0,67,0,0,74,1,75,1,22,118,1,142,77,0,77,219
02/27/2018,AZO,MI,AGL,CE,Combined TRACON& Tower with Radar,1,19,21,0,41,0,0,34,0,34,1,19,55,0,75,43,0,43,118
02/28/2018,AZO,MI,AGL,CE,Combined TRACON& Tower with Radar,1,21,30,2,54,0,1,28,0,29,1,22,58,2,83,61,0,61,144
03/01/2018,AZO,MI,AGL,CE,Combined TRACON& Tower with Radar,2,16,10,0,28,0,0,2,0,2,2,16,12,0,30,0,0,0,30
03/02/2018,AZO,MI,AGL,CE,Combined TRACON& Tower with Radar,3,19,25,0,47,0,4,43,0,47,3,23,68,0,94,76,0,76,170
03/03/2018,AZO,MI,AGL,CE,Combined TRACON& Tower with Radar,4,16,29,0,49,0,3,70,0,73,4,19,99,0,122,40,0,40,162
03/04/2018,AZO,MI,AGL,CE,Combined TRACON& Tower with Radar,3,15,14,2,34,0,0,31,0,31,3,15,45,2,65,24,0,24,89
03/05/2018,AZO,MI,AGL,CE,Combined TRACON& Tower with Radar,2,19,19,0,40,0,0,28,0,28,2,19,47,0,68,44,0,44,112
03/06/2018,AZO,MI,AGL,CE,Combined TRACON& Tower with Radar,2,21,12,0,35,0,0,0,0,0,2,21,12,0,35,0,0,0,35
03/07/2018,AZO,MI,AGL,CE,Combined TRACON& Tower with Radar,1,23,7,0,31,0,0,0,0,0,1,23,7,0,31,0,0,0,31
03/08/2018,AZO,MI,AGL,CE,Combined TRACON& Tower with Radar,0,21,10,0,31,0,0,3,0,3,0,21,13,0,34,26,0,26,60
03/09/2018,AZO,MI,AGL,CE,Combined TRACON& Tower with Radar,1,19,20,0,40,0,0,12,0,12,1,19,32,0,52,32,0,32,84
03/10/2018,AZO,MI,AGL,CE,Combined TRACON& Tower with Radar,2,15,25,0,42,0,2,60,0,62,2,17,85,0,104,113,0,113,217
03/11/2018,AZO,MI,AGL,CE,Combined TRACON& Tower with Radar,1,19,17,0,37,0,0,47,0,47,1,19,64,0,84,85,0,85,169
03/12/2018,AZO,MI,AGL,CE,Combined TRACON& Tower with Radar,1,21,19,0,41,0,0,2,0,2,1,21,21,0,43,26,0,26,69
03/13/2018,AZO,MI,AGL,CE,Combined TRACON& Tower with Radar,1,22,22,0,45,0,0,4,0,4,1,22,26,0,49,42,0,42,91
03/14/2018,AZO,MI,AGL,CE,Combined TRACON& Tower with Radar,0,22,24,0,46,0,0,48,0,48,0,22,72,0,94,54,0,54,148
03/15/2018,AZO,MI,AGL,CE,Combined TRACON& Tower with Radar,1,20,34,0,55,0,1,31,0,32,1,21,65,0,87,38,0,38,125
03/16/2018,AZO,MI,AGL,CE,Combined TRACON& Tower with Radar,2,20,41,6,69,0,0,75,0,75,2,20,116,6,144,144,0,144,288
03/17/2018,AZO,MI,AGL,CE,Combined TRACON& Tower with Radar,2,15,24,0,41,0,0,40,0,40,2,15,64,0,81,43,0,43,124
03/18/2018,AZO,MI,AGL,CE,Combined TRACON& Tower with Radar,1,19,23,0,43,0,1,63,0,64,1,20,86,0,107,67,0,67,174
03/19/2018,AZO,MI,AGL,CE,Combined TRACON& Tower with Radar,1,21,21,0,43,0,0,50,0,50,1,21,71,0,93,87,0,87,180
03/20/2018,AZO,MI,AGL,CE,Combined TRACON& Tower with Radar,1,22,21,1,45,0,2,26,3,31,1,24,47,4,76,6,0,6,82
03/21/2018,AZO,MI,AGL,CE,Combined TRACON& Tower with Radar,1,23,31,0,55,0,0,32,0,32,1,23,63,0,87,100,0,100,187
03/22/2018,AZO,MI,AGL,CE,Combined TRACON& Tower with Radar,4,22,32,0,58,0,1,63,2,66,4,23,95,2,124,136,2,138,262
03/23/2018,AZO,MI,AGL,CE,Combined TRACON& Tower with Radar,1,22,18,0,41,0,1,69,0,70,1,23,87,0,111,81,0,81,192
03/24/2018,AZO,MI,AGL,CE,Combined TRACON& Tower with Radar,2,16,13,0,31,0,1,31,0,32,2,17,44,0,63,17,0,17,80
03/25/2018,AZO,MI,AGL,CE,Combined TRACON& Tower with Radar,1,16,15,0,32,0,0,36,0,36,1,16,51,0,68,24,0,24,92
03/26/2018,AZO,MI,AGL,CE,Combined TRACON& Tower with Radar,3,33,17,0,53,0,0,44,0,44,3,33,61,0,97,29,0,29,126
03/27/2018,AZO,MI,AGL,CE,Combined TRACON& Tower with Radar,2,28,21,0,51,0,0,0,0,0,2,28,21,0,51,0,0,0,51
03/28/2018,AZO,MI,AGL,CE,Combined TRACON& Tower with Radar,0,20,41,0,61,0,0,14,0,14,0,20,55,0,75,133,0,133,208
03/29/2018,AZO,MI,AGL,CE,Combined TRACON& Tower with Radar,0,22,17,2,41,0,0,6,0,6,0,22,23,2,47,16,0,16,63
03/30/2018,AZO,MI,AGL,CE,Combined TRACON& Tower with Radar,2,19,37,0,58,0,1,73,0,74,2,20,110,0,132,61,0,61,193
03/31/2018,AZO,MI,AGL,CE,Combined TRACON& Tower with Radar,3,12,6,0,21,0,0,7,0,7,3,12,13,0,28,0,0,0,28
04/01/2018,AZO,MI,AGL,CE,Combined TRACON& Tower with Radar,1,17,7,0,25,0,0,23,0,23,1,17,30,0,48,16,0,16,64
04/02/2018,AZO,MI,AGL,CE,Combined TRACON& Tower with Radar,0,23,26,0,49,0,0,64,1,65,0,23,90,1,114,73,0,73,187
04/03/2018,AZO,MI,AGL,CE,Combined TRACON& Tower with Radar,2,20,5,0,27,0,0,0,0,0,2,20,5,0,27,0,0,0,27
04/04/2018,AZO,MI,AGL,CE,Combined TRACON& Tower with Radar,4,22,14,0,40,0,0,7,0,7,4,22,21,0,47,0,0,0,47
04/05/2018,AZO,MI,AGL,CE,Combined TRACON& Tower with Radar,2,20,23,0,45,0,0,50,0,50,2,20,73,0,95,58,0,58,153
04/06/2018,AZO,MI,AGL,CE,Combined TRACON& Tower with Radar,3,24,12,0,39,0,0,7,0,7,3,24,19,0,46,0,0,0,46
04/07/2018,AZO,MI,AGL,CE,Combined TRACON& Tower with Radar,4,14,26,0,44,0,0,37,0,37,4,14,63,0,81,46,0,46,127
04/08/2018,AZO,MI,AGL,CE,Combined TRACON& Tower with Radar,4,18,18,0,40,0,0,49,0,49,4,18,67,0,89,62,0,62,151
04/09/2018,AZO,MI,AGL,CE,Combined TRACON& Tower with Radar,3,25,11,0,39,0,0,0,0,0,3,25,11,0,39,0,0,0,39
04/10/2018,AZO,MI,AGL,CE,Combined TRACON& Tower with Radar,3,26,39,0,68,0,0,44,0,44,3,26,83,0,112,57,0,57,169
04/11/2018,AZO,MI,AGL,CE,Combined TRACON& Tower with Radar,3,21,20,0,44,0,0,40,0,40,3,21,60,0,84,28,0,28,112
04/12/2018,AZO,MI,AGL,CE,Combined TRACON& Tower with Radar,3,20,30,1,54,0,0,18,0,18,3,20,48,1,72,45,0,45,117
04/13/2018,AZO,MI,AGL,CE,Combined TRACON& Tower with Radar,3,22,27,0,52,0,0,24,0,24,3,22,51,0,76,81,0,81,157
04/14/2018,AZO,MI,AGL,CE,Combined TRACON& Tower with Radar,3,14,6,0,23,0,0,0,0,0,3,14,6,0,23,0,0,0,23
04/15/2018,AZO,MI,AGL,CE,Combined TRACON& Tower with Radar,4,17,9,0,30,0,0,0,0,0,4,17,9,0,30,0,0,0,30
04/16/2018,AZO,MI,AGL,CE,Combined TRACON& Tower with Radar,3,21,11,0,35,0,0,0,0,0,3,21,11,0,35,0,0,0,35
04/17/2018,AZO,MI,AGL,CE,Combined TRACON& Tower with Radar,4,21,14,0,39,0,0,2,0,2,4,21,16,0,41,2,0,2,43
04/18/2018,AZO,MI,AGL,CE,Combined TRACON& Tower with Radar,3,21,22,0,46,0,0,16,0,16,3,21,38,0,62,57,0,57,119
04/19/2018,AZO,MI,AGL,CE,Combined TRACON& Tower with Radar,2,19,54,0,75,0,0,41,0,41,2,19,95,0,116,97,0,97,213
04/20/2018,AZO,MI,AGL,CE,Combined TRACON& Tower with Radar,3,24,53,0,80,0,0,79,0,79,3,24,132,0,159,138,0,138,297
04/21/2018,AZO,MI,AGL,CE,Combined TRACON& Tower with Radar,7,15,14,0,36,0,1,55,0,56,7,16,69,0,92,104,0,104,196
04/22/2018,AZO,MI,AGL,CE,Combined TRACON& Tower with Radar,4,16,15,0,35,0,1,51,0,52,4,17,66,0,87,104,0,104,191
04/23/2018,AZO,MI,AGL,CE,Combined TRACON& Tower with Radar,3,21,29,0,53,0,0,39,0,39,3,21,68,0,92,133,0,133,225
04/24/2018,AZO,MI,AGL,CE,Combined TRACON& Tower with Radar,2,20,18,0,40,0,0,7,0,7,2,20,25,0,47,62,0,62,109
04/25/2018,AZO,MI,AGL,CE,Combined TRACON& Tower with Radar,3,17,39,2,61,0,1,48,0,49,3,18,87,2,110,84,0,84,194
04/26/2018,AZO,MI,AGL,CE,Combined TRACON& Tower with Radar,3,21,50,0,74,0,1,81,2,84,3,22,131,2,158,152,0,152,310
04/27/2018,AZO,MI,AGL,CE,Combined TRACON& Tower with Radar,3,24,36,0,63,0,0,25,0,25,3,24,61,0,88,56,0,56,144
04/28/2018,AZO,MI,AGL,CE,Combined TRACON& Tower with Radar,4,15,8,0,27,0,1,44,0,45,4,16,52,0,72,24,0,24,96
04/29/2018,AZO,MI,AGL,CE,Combined TRACON& Tower with Radar,4,15,16,0,35,0,1,53,0,54,4,16,69,0,89,48,0,48,137
04/30/2018,AZO,MI,AGL,CE,Combined TRACON& Tower with Radar,3,23,31,0,57,0,1,29,0,30,3,24,60,0,87,76,0,76,163
05/01/2018,AZO,MI,AGL,CE,Combined TRACON& Tower with Radar,3,22,24,0,49,0,0,28,0,28,3,22,52,0,77,13,0,13,90
05/02/2018,AZO,MI,AGL,CE,Combined TRACON& Tower with Radar,2,20,18,0,40,0,1,5,0,6,2,21,23,0,46,19,0,19,65
05/03/2018,AZO,MI,AGL,CE,Combined TRACON& Tower with Radar,3,15,26,0,44,0,0,2,0,2,3,15,28,0,46,2,0,2,48
05/04/2018,AZO,MI,AGL,CE,Combined TRACON& Tower with Radar,3,22,15,0,40,0,0,6,0,6,3,22,21,0,46,19,0,19,65
05/05/2018,AZO,MI,AGL,CE,Combined TRACON& Tower with Radar,4,13,23,0,40,0,0,60,1,61,4,13,83,1,101,110,0,110,211
05/06/2018,AZO,MI,AGL,CE,Combined TRACON& Tower with Radar,4,18,16,0,38,0,3,32,0,35,4,21,48,0,73,56,0,56,129
05/07/2018,AZO,MI,AGL,CE,Combined TRACON& Tower with Radar,3,31,55,0,89,0,0,67,0,67,3,31,122,0,156,104,0,104,260
05/08/2018,AZO,MI,AGL,CE,Combined TRACON& Tower with Radar,3,19,27,0,49,0,0,60,0,60,3,19,87,0,109,205,0,205,314
05/09/2018,AZO,MI,AGL,CE,Combined TRACON& Tower with Radar,3,17,15,0,35,0,1,14,5,20,3,18,29,5,55,16,0,16,71
05/10/2018,AZO,MI,AGL,CE,Combined TRACON& Tower with Radar,3,21,32,0,56,0,0,21,1,22,3,21,53,1,78,64,0,64,142
05/11/2018,AZO,MI,AGL,CE,Combined TRACON& Tower with Radar,3,23,31,0,57,0,0,18,0,18,3,23,49,0,75,5,0,5,80
05/12/2018,AZO,MI,AGL,CE,Combined TRACON& Tower with Radar,4,16,6,0,26,0,0,0,0,0,4,16,6,0,26,0,0,0,26
05/13/2018,AZO,MI,AGL,CE,Combined TRACON& Tower with Radar,4,18,16,0,38,0,0,1,0,1,4,18,17,0,39,0,0,0,39
05/14/2018,AZO,MI,AGL,CE,Combined TRACON& Tower with Radar,4,18,29,0,51,0,0,4,0,4,4,18,33,0,55,12,0,12,67
05/15/2018,AZO,MI,AGL,CE,Combined TRACON& Tower with Radar,2,18,31,0,51,0,1,23,0,24,2,19,54,0,75,17,0,17,92
05/16/2018,AZO,MI,AGL,CE,Combined TRACON& Tower with Radar,3,22,33,0,58,0,0,63,0,63,3,22,96,0,121,79,0,79,200
05/17/2018,AZO,MI,AGL,CE,Combined TRACON& Tower with Radar,3,21,50,0,74,0,0,51,0,51,3,21,101,0,125,103,0,103,228
05/18/2018,AZO,MI,AGL,CE,Combined TRACON& Tower with Radar,3,21,23,0,47,0,2,31,0,33,3,23,54,0,80,40,0,40,120
05/19/2018,AZO,MI,AGL,CE,Combined TRACON& Tower with Radar,4,15,8,0,27,0,1,1,0,2,4,16,9,0,29,10,0,10,39
05/20/2018,AZO,MI,AGL,CE,Combined TRACON& Tower with Radar,4,17,24,0,45,0,0,2,0,2,4,17,26,0,47,0,0,0,47
05/21/2018,AZO,MI,AGL,CE,Combined TRACON& Tower with Radar,3,21,12,0,36,0,0,1,0,1,3,21,13,0,37,0,0,0,37
05/22/2018,AZO,MI,AGL,CE,Combined TRACON& Tower with Radar,2,21,45,0,68,0,0,8,2,10,2,21,53,2,78,45,0,45,123
05/23/2018,AZO,MI,AGL,CE,Combined TRACON& Tower with Radar,2,22,39,0,63,0,2,73,0,75,2,24,112,0,138,155,0,155,293
05/24/2018,AZO,MI,AGL,CE,Combined TRACON& Tower with Radar,3,20,36,0,59,0,1,53,0,54,3,21,89,0,113,40,0,40,153
05/25/2018,AZO,MI,AGL,CE,Combined TRACON& Tower with Radar,3,22,29,0,54,0,3,66,0,69,3,25,95,0,123,82,0,82,205
05/26/2018,AZO,MI,AGL,CE,Combined TRACON& Tower with Radar,4,13,13,0,30,0,1,32,0,33,4,14,45,0,63,55,0,55,118
05/27/2018,AZO,MI,AGL,CE,Combined TRACON& Tower with Radar,5,12,5,0,22,0,0,32,0,32,5,12,37,0,54,16,0,16,70
05/28/2018,AZO,MI,AGL,CE,Combined TRACON& Tower with Radar,5,19,6,0,30,0,1,25,0,26,5,20,31,0,56,4,0,4,60
05/29/2018,AZO,MI,AGL,CE,Combined TRACON& Tower with Radar,3,24,26,0,53,0,0,10,0,10,3,24,36,0,63,46,0,46,109
05/30/2018,AZO,MI,AGL,CE,Combined TRACON& Tower with Radar,5,20,31,0,56,0,0,25,2,27,5,20,56,2,83,65,0,65,148
05/31/2018,AZO,MI,AGL,CE,Combined TRACON& Tower with Radar,3,18,29,0,50,0,1,34,0,35,3,19,63,0,85,64,0,64,149
06/01/2018,AZO,MI,AGL,CE,Combined TRACON& Tower with Radar,3,22,27,0,52,0,0,45,1,46,3,22,72,1,98,72,0,72,170
06/02/2018,AZO,MI,AGL,CE,Combined TRACON& Tower with Radar,4,14,21,0,39,0,5,19,0,24,4,19,40,0,63,30,0,30,93
06/03/2018,AZO,MI,AGL,CE,Combined TRACON& Tower with Radar,6,16,8,0,30,0,0,4,0,4,6,16,12,0,34,0,0,0,34
06/04/2018,AZO,MI,AGL,CE,Combined TRACON& Tower with Radar,3,22,21,0,46,0,0,32,0,32,3,22,53,0,78,9,0,9,87
06/05/2018,AZO,MI,AGL,CE,Combined TRACON& Tower with Radar,3,21,50,0,74,0,0,33,0,33,3,21,83,0,107,122,0,122,229
06/06/2018,AZO,MI,AGL,CE,Combined TRACON& Tower with Radar,3,19,46,0,68,0,1,67,1,69,3,20,113,1,137,84,0,84,221
06/07/2018,AZO,MI,AGL,CE,Combined TRACON& Tower with Radar,3,21,40,0,64,0,2,53,0,55,3,23,93,0,119,111,0,111,230
06/08/2018,AZO,MI,AGL,CE,Combined TRACON& Tower with Radar,3,21,31,0,55,0,0,24,0,24,3,21,55,0,79,59,0,59,138
06/09/2018,AZO,MI,AGL,CE,Combined TRACON& Tower with Radar,2,19,7,0,28,0,2,0,0,2,2,21,7,0,30,0,0,0,30
06/10/2018,AZO,MI,AGL,CE,Combined TRACON& Tower with Radar,4,16,6,0,26,0,0,0,0,0,4,16,6,0,26,0,0,0,26
06/11/2018,AZO,MI,AGL,CE,Combined TRACON& Tower with Radar,3,21,39,0,63,0,0,18,0,18,3,21,57,0,81,48,0,48,129
06/12/2018,AZO,MI,AGL,CE,Combined TRACON& Tower with Radar,3,19,40,0,62,0,6,2,0,8,3,25,42,0,70,2,0,2,72
06/13/2018,AZO,MI,AGL,CE,Combined TRACON& Tower with Radar,2,20,27,6,55,0,0,19,1,20,2,20,46,7,75,38,0,38,113
06/14/2018,AZO,MI,AGL,CE,Combined TRACON& Tower with Radar,3,21,55,0,79,0,6,82,0,88,3,27,137,0,167,140,0,140,307
06/15/2018,AZO,MI,AGL,CE,Combined TRACON& Tower with Radar,2,23,25,0,50,0,4,75,0,79,2,27,100,0,129,122,0,122,251
06/16/2018,AZO,MI,AGL,CE,Combined TRACON& Tower with Radar,2,19,16,0,37,0,4,16,0,20,2,23,32,0,57,31,0,31,88
06/17/2018,AZO,MI,AGL,CE,Combined TRACON& Tower with Radar,4,15,12,0,31,0,6,30,0,36,4,21,42,0,67,15,0,15,82
06/18/2018,AZO,MI,AGL,CE,Combined TRACON& Tower with Radar,3,24,22,0,49,0,2,30,0,32,3,26,52,0,81,19,0,19,100
06/19/2018,AZO,MI,AGL,CE,Combined TRACON& Tower with Radar,3,16,35,0,54,0,0,8,0,8,3,16,43,0,62,26,0,26,88
06/20/2018,AZO,MI,AGL,CE,Combined TRACON& Tower with Radar,3,20,27,0,50,0,0,1,0,1,3,20,28,0,51,28,0,28,79
06/21/2018,AZO,MI,AGL,CE,Combined TRACON& Tower with Radar,3,21,35,0,59,0,10,74,0,84,3,31,109,0,143,90,0,90,233
06/22/2018,AZO,MI,AGL,CE,Combined TRACON& Tower with Radar,2,18,18,0,38,0,0,4,3,7,2,18,22,3,45,32,0,32,77
06/23/2018,AZO,MI,AGL,CE,Combined TRACON& Tower with Radar,2,18,19,0,39,0,9,12,0,21,2,27,31,0,60,20,0,20,80
06/24/2018,AZO,MI,AGL,CE,Combined TRACON& Tower with Radar,4,17,19,0,40,0,3,34,0,37,4,20,53,0,77,34,0,34,111
06/25/2018,AZO,MI,AGL,CE,Combined TRACON& Tower with Radar,2,21,29,0,52,0,0,55,0,55,2,21,84,0,107,117,0,117,224
06/26/2018,AZO,MI,AGL,CE,Combined TRACON& Tower with Radar,4,19,27,0,50,0,0,36,0,36,4,19,63,0,86,44,0,44,130
06/27/2018,AZO,MI,AGL,CE,Combined TRACON& Tower with Radar,2,18,18,0,38,0,0,2,0,2,2,18,20,0,40,0,0,0,40
06/28/2018,AZO,MI,AGL,CE,Combined TRACON& Tower with Radar,3,22,40,0,65,0,3,71,0,74,3,25,111,0,139,114,0,114,253
06/29/2018,AZO,MI,AGL,CE,Combined TRACON& Tower with Radar,3,23,28,0,54,0,2,45,0,47,3,25,73,0,101,73,0,73,174
06/30/2018,AZO,MI,AGL,CE,Combined TRACON& Tower with Radar,3,20,8,0,31,0,16,41,0,57,3,36,49,0,88,10,0,10,98
07/01/2018,AZO,MI,AGL,CE,Combined TRACON& Tower with Radar,3,13,11,0,27,0,4,13,0,17,3,17,24,0,44,0,0,0,44
07/02/2018,AZO,MI,AGL,CE,Combined TRACON& Tower with Radar,6,16,26,0,48,0,7,67,0,74,6,23,93,0,122,122,0,122,244
07/03/2018,AZO,MI,AGL,CE,Combined TRACON& Tower with Radar,4,16,12,0,32,0,0,39,0,39,4,16,51,0,71,32,0,32,103
07/04/2018,AZO,MI,AGL,CE,Combined TRACON& Tower with Radar,5,10,6,0,21,0,1,16,0,17,5,11,22,0,38,6,0,6,44
07/05/2018,AZO,MI,AGL,CE,Combined TRACON& Tower with Radar,2,22,15,0,39,0,0,28,0,28,2,22,43,0,67,76,0,76,143
07/06/2018,AZO,MI,AGL,CE,Combined TRACON& Tower with Radar,5,17,38,2,62,0,0,93,0,93,5,17,131,2,155,58,0,58,213
07/07/2018,AZO,MI,AGL,CE,Combined TRACON& Tower with Radar,3,20,18,1,42,0,0,67,1,68,3,20,85,2,110,63,0,63,173
07/08/2018,AZO,MI,AGL,CE,Combined TRACON& Tower with Radar,1,20,13,0,34,2,2,61,0,65,3,22,74,0,99,108,0,108,207
07/09/2018,AZO,MI,AGL,CE,Combined TRACON& Tower with Radar,1,22,25,0,48,0,0,48,4,52,1,22,73,4,100,62,0,62,162
07/10/2018,AZO,MI,AGL,CE,Combined TRACON& Tower with Radar,1,20,35,0,56,0,0,53,0,53,1,20,88,0,109,80,0,80,189
07/11/2018,AZO,MI,AGL,CE,Combined TRACON& Tower with Radar,1,20,37,0,58,0,0,72,0,72,1,20,109,0,130,90,0,90,220
07/12/2018,AZO,MI,AGL,CE,Combined TRACON& Tower with Radar,1,19,28,1,49,0,0,41,6,47,1,19,69,7,96,85,0,85,181
07/13/2018,AZO,MI,AGL,CE,Combined TRACON& Tower with Radar,1,21,26,0,48,0,0,38,0,38,1,21,64,0,86,72,0,72,158
07/14/2018,AZO,MI,AGL,CE,Combined TRACON& Tower with Radar,2,15,15,0,32,0,0,11,0,11,2,15,26,0,43,22,0,22,65
07/15/2018,AZO,MI,AGL,CE,Combined TRACON& Tower with Radar,2,18,10,0,30,0,5,49,0,54,2,23,59,0,84,62,0,62,146
07/16/2018,AZO,MI,AGL,CE,Combined TRACON& Tower with Radar,1,23,27,0,51,0,1,31,0,32,1,24,58,0,83,30,0,30,113
07/17/2018,AZO,MI,AGL,CE,Combined TRACON& Tower with Radar,1,20,28,0,49,0,0,51,4,55,1,20,79,4,104,32,0,32,136
07/18/2018,AZO,MI,AGL,CE,Combined TRACON& Tower with Radar,1,24,41,0,66,0,1,67,0,68,1,25,108,0,134,85,0,85,219
07/19/2018,AZO,MI,AGL,CE,Combined TRACON& Tower with Radar,1,26,28,1,56,0,1,57,0,58,1,27,85,1,114,27,0,27,141
07/20/2018,AZO,MI,AGL,CE,Combined TRACON& Tower with Radar,1,21,25,0,47,0,0,6,0,6,1,21,31,0,53,0,0,0,53
07/21/2018,AZO,MI,AGL,CE,Combined TRACON& Tower with Radar,2,15,12,0,29,0,0,2,0,2,2,15,14,0,31,0,0,0,31
07/22/2018,AZO,MI,AGL,CE,Combined TRACON& Tower with Radar,2,18,14,0,34,0,0,8,0,8,2,18,22,0,42,0,0,0,42
07/23/2018,AZO,MI,AGL,CE,Combined TRACON& Tower with Radar,0,22,62,0,84,0,1,14,0,15,0,23,76,0,99,13,0,13,112
07/24/2018,AZO,MI,AGL,CE,Combined TRACON& Tower with Radar,1,19,35,3,58,0,0,26,0,26,1,19,61,3,84,42,0,42,126
07/25/2018,AZO,MI,AGL,CE,Combined TRACON& Tower with Radar,1,21,43,0,65,0,1,72,4,77,1,22,115,4,142,110,0,110,252
07/26/2018,AZO,MI,AGL,CE,Combined TRACON& Tower with Radar,1,20,40,1,62,0,2,41,1,44,1,22,81,2,106,66,0,66,172
07/27/2018,AZO,MI,AGL,CE,Combined TRACON& Tower with Radar,1,21,21,0,43,0,3,31,3,37,1,24,52,3,80,59,0,59,139
07/28/2018,AZO,MI,AGL,CE,Combined TRACON& Tower with Radar,3,15,20,0,38,0,13,45,6,64,3,28,65,6,102,8,0,8,110
07/29/2018,AZO,MI,AGL,CE,Combined TRACON& Tower with Radar,1,16,17,0,34,0,12,43,0,55,1,28,60,0,89,36,0,36,125
07/30/2018,AZO,MI,AGL,CE,Combined TRACON& Tower with Radar,1,23,27,0,51,0,10,41,0,51,1,33,68,0,102,62,0,62,164
07/31/2018,AZO,MI,AGL,CE,Combined TRACON& Tower with Radar,0,19,20,0,39,0,2,18,0,20,0,21,38,0,59,39,0,39,98
08/01/2018,AZO,MI,AGL,CE,Combined TRACON& Tower with Radar,0,22,30,1,53,0,6,47,1,54,0,28,77,2,107,77,0,77,184
08/02/2018,AZO,MI,AGL,CE,Combined TRACON& Tower with Radar,1,23,30,0,54,0,4,35,0,39,1,27,65,0,93,32,0,32,125
08/03/2018,AZO,MI,AGL,CE,Combined TRACON& Tower with Radar,1,22,34,0,57,0,2,40,0,42,1,24,74,0,99,64,0,64,163
08/04/2018,AZO,MI,AGL,CE,Combined TRACON& Tower with Radar,2,17,20,0,39,0,5,45,0,50,2,22,65,0,89,32,0,32,121
08/05/2018,AZO,MI,AGL,CE,Combined TRACON& Tower with Radar,2,18,9,0,29,0,20,27,0,47,2,38,36,0,76,6,0,6,82
08/06/2018,AZO,MI,AGL,CE,Combined TRACON& Tower with Radar,0,20,16,0,36,0,0,1,0,1,0,20,17,0,37,0,0,0,37
08/07/2018,AZO,MI,AGL,CE,Combined TRACON& Tower with Radar,2,21,29,0,52,0,0,5,0,5,2,21,34,0,57,0,0,0,57
08/08/2018,AZO,MI,AGL,CE,Combined TRACON& Tower with Radar,0,21,50,0,71,0,3,44,0,47,0,24,94,0,118,80,0,80,198
08/09/2018,AZO,MI,AGL,CE,Combined TRACON& Tower with Radar,0,17,13,1,31,1,10,27,3,41,1,27,40,4,72,61,0,61,133
08/10/2018,AZO,MI,AGL,CE,Combined TRACON& Tower with Radar,1,22,46,0,69,0,13,21,0,34,1,35,67,0,103,34,0,34,137
08/11/2018,AZO,MI,AGL,CE,Combined TRACON& Tower with Radar,2,15,10,0,27,0,12,30,0,42,2,27,40,0,69,30,0,30,99
08/12/2018,AZO,MI,AGL,CE,Combined TRACON& Tower with Radar,1,17,12,0,30,0,8,66,0,74,1,25,78,0,104,74,0,74,178
08/13/2018,AZO,MI,AGL,CE,Combined TRACON& Tower with Radar,1,20,29,0,50,0,4,45,0,49,1,24,74,0,99,50,0,50,149
08/14/2018,AZO,MI,AGL,CE,Combined TRACON& Tower with Radar,2,17,32,0,51,0,22,46,0,68,2,39,78,0,119,90,0,90,209
08/15/2018,AZO,MI,AGL,CE,Combined TRACON& Tower with Radar,3,24,17,0,44,0,6,23,0,29,3,30,40,0,73,43,0,43,116
08/16/2018,AZO,MI,AGL,CE,Combined TRACON& Tower with Radar,4,23,37,0,64,0,0,7,0,7,4,23,44,0,71,0,0,0,71
08/17/2018,AZO,MI,AGL,CE,Combined TRACON& Tower with Radar,5,21,16,0,42,0,0,1,0,1,5,21,17,0,43,0,0,0,43
08/18/2018,AZO,MI,AGL,CE,Combined TRACON& Tower with Radar,2,13,16,0,31,0,17,42,2,61,2,30,58,2,92,89,0,89,181
08/19/2018,AZO,MI,AGL,CE,Combined TRACON& Tower with Radar,4,17,17,0,38,0,4,26,0,30,4,21,43,0,68,61,0,61,129
08/20/2018,AZO,MI,AGL,CE,Combined TRACON& Tower with Radar,5,20,20,0,45,0,3,29,1,33,5,23,49,1,78,36,0,36,114
08/21/2018,AZO,MI,AGL,CE,Combined TRACON& Tower with Radar,3,17,34,0,54,0,3,14,0,17,3,20,48,0,71,22,0,22,93
08/22/2018,AZO,MI,AGL,CE,Combined TRACON& Tower with Radar,3,18,34,0,55,0,2,61,0,63,3,20,95,0,118,58,0,58,176
08/23/2018,AZO,MI,AGL,CE,Combined TRACON& Tower with Radar,3,20,38,0,61,0,13,78,0,91,3,33,116,0,152,133,0,133,285
08/24/2018,AZO,MI,AGL,CE,Combined TRACON& Tower with Radar,5,19,19,0,43,0,10,45,1,56,5,29,64,1,99,69,0,69,168
08/25/2018,AZO,MI,AGL,CE,Combined TRACON& Tower with Radar,2,13,8,0,23,0,0,1,0,1,2,13,9,0,24,0,0,0,24
08/26/2018,AZO,MI,AGL,CE,Combined TRACON& Tower with Radar,4,14,9,0,27,0,7,9,0,16,4,21,18,0,43,0,0,0,43
08/27/2018,AZO,MI,AGL,CE,Combined TRACON& Tower with Radar,3,18,27,0,48,0,0,33,0,33,3,18,60,0,81,60,0,60,141
08/28/2018,AZO,MI,AGL,CE,Combined TRACON& Tower with Radar,2,15,22,0,39,0,0,3,0,3,2,15,25,0,42,10,0,10,52
08/29/2018,AZO,MI,AGL,CE,Combined TRACON& Tower with Radar,2,19,24,0,45,0,1,15,0,16,2,20,39,0,61,47,0,47,108
08/30/2018,AZO,MI,AGL,CE,Combined TRACON& Tower with Radar,5,17,51,0,73,0,5,61,0,66,5,22,112,0,139,121,0,121,260
08/31/2018,AZO,MI,AGL,CE,Combined TRACON& Tower with Radar,1,25,19,0,45,2,8,62,0,72,3,33,81,0,117,101,0,101,218
09/01/2018,AZO,MI,AGL,CE,Combined TRACON& Tower with Radar,1,11,16,0,28,0,3,17,0,20,1,14,33,0,48,19,0,19,67
09/02/2018,AZO,MI,AGL,CE,Combined TRACON& Tower with Radar,2,11,13,0,26,0,4,25,0,29,2,15,38,0,55,11,0,11,66
09/03/2018,AZO,MI,AGL,CE,Combined TRACON& Tower with Radar,1,14,7,0,22,0,4,21,0,25,1,18,28,0,47,6,0,6,53
09/04/2018,AZO,MI,AGL,CE,Combined TRACON& Tower with Radar,1,18,23,0,42,0,0,34,0,34,1,18,57,0,76,51,0,51,127
09/05/2018,AZO,MI,AGL,CE,Combined TRACON& Tower with Radar,1,20,21,0,42,0,6,19,0,25,1,26,40,0,67,77,0,77,144
09/06/2018,AZO,MI,AGL,CE,Combined TRACON& Tower with Radar,1,20,33,0,54,0,0,6,0,6,1,20,39,0,60,10,0,10,70
09/07/2018,AZO,MI,AGL,CE,Combined TRACON& Tower with Radar,0,20,35,0,55,0,19,60,0,79,0,39,95,0,134,70,0,70,204
09/08/2018,AZO,MI,AGL,CE,Combined TRACON& Tower with Radar,1,18,13,0,32,0,10,39,0,49,1,28,52,0,81,27,0,27,108
09/09/2018,AZO,MI,AGL,CE,Combined TRACON& Tower with Radar,1,22,14,0,37,0,2,15,0,17,1,24,29,0,54,4,0,4,58
09/10/2018,AZO,MI,AGL,CE,Combined TRACON& Tower with Radar,1,28,28,0,57,0,0,16,0,16,1,28,44,0,73,41,0,41,114
09/11/2018,AZO,MI,AGL,CE,Combined TRACON& Tower with Radar,1,21,29,0,51,0,0,45,0,45,1,21,74,0,96,26,0,26,122
09/12/2018,AZO,MI,AGL,CE,Combined TRACON& Tower with Radar,1,24,34,0,59,0,0,56,0,56,1,24,90,0,115,137,0,137,252
09/13/2018,AZO,MI,AGL,CE,Combined TRACON& Tower with Radar,1,22,33,0,56,0,0,43,0,43,1,22,76,0,99,146,0,146,245
09/14/2018,AZO,MI,AGL,CE,Combined TRACON& Tower with Radar,2,23,31,0,56,4,2,72,1,79,6,25,103,1,135,67,0,67,202
09/15/2018,AZO,MI,AGL,CE,Combined TRACON& Tower with Radar,5,16,14,0,35,0,9,30,1,40,5,25,44,1,75,1,0,1,76
09/16/2018,AZO,MI,AGL,CE,Combined TRACON& Tower with Radar,2,23,12,0,37,2,5,39,0,46,4,28,51,0,83,32,0,32,115
09/17/2018,AZO,MI,AGL,CE,Combined TRACON& Tower with Radar,1,23,31,0,55,0,6,60,0,66,1,29,91,0,121,86,0,86,207
09/18/2018,AZO,MI,AGL,CE,Combined TRACON& Tower with Radar,1,19,37,0,57,0,5,34,1,40,1,24,71,1,97,37,0,37,134
09/19/2018,AZO,MI,AGL,CE,Combined TRACON& Tower with Radar,1,19,40,2,62,0,0,14,0,14,1,19,54,2,76,42,0,42,118
09/20/2018,AZO,MI,AGL,CE,Combined TRACON& Tower with Radar,1,21,21,0,43,0,1,25,0,26,1,22,46,0,69,52,0,52,121
09/21/2018,AZO,MI,AGL,CE,Combined TRACON& Tower with Radar,3,24,11,0,38,0,0,6,0,6,3,24,17,0,44,12,0,12,56
09/22/2018,AZO,MI,AGL,CE,Combined TRACON& Tower with Radar,3,16,24,0,43,0,10,75,2,87,3,26,99,2,130,47,0,47,177
09/23/2018,AZO,MI,AGL,CE,Combined TRACON& Tower with Radar,2,22,28,0,52,0,7,45,0,52,2,29,73,0,104,44,0,44,148
09/24/2018,AZO,MI,AGL,CE,Combined TRACON& Tower with Radar,1,23,16,0,40,0,2,22,0,24,1,25,38,0,64,42,0,42,106
09/25/2018,AZO,MI,AGL,CE,Combined TRACON& Tower with Radar,0,20,17,0,37,0,0,2,0,2,0,20,19,0,39,0,0,0,39
09/26/2018,AZO,MI,AGL,CE,Combined TRACON& Tower with Radar,2,23,58,0,83,0,0,30,0,30,2,23,88,0,113,54,0,54,167
09/27/2018,AZO,MI,AGL,CE,Combined TRACON& Tower with Radar,0,26,53,0,79,0,3,36,0,39,0,29,89,0,118,19,0,19,137
09/28/2018,AZO,MI,AGL,CE,Combined TRACON& Tower with Radar,1,25,37,0,63,0,6,18,0,24,1,31,55,0,87,54,0,54,141
09/29/2018,AZO,MI,AGL,CE,Combined TRACON& Tower with Radar,2,15,37,0,54,0,5,26,0,31,2,20,63,0,85,29,0,29,114
09/30/2018,AZO,MI,AGL,CE,Combined TRACON& Tower with Radar,2,19,16,0,37,0,0,3,0,3,2,19,19,0,40,26,0,26,66
10/01/2018,AZO,MI,AGL,CE,Combined TRACON& Tower with Radar,1,23,44,0,68,0,0,1,0,1,1,23,45,0,69,17,0,17,86
10/02/2018,AZO,MI,AGL,CE,Combined TRACON& Tower with Radar,3,18,33,0,54,0,0,2,0,2,3,18,35,0,56,24,0,24,80
10/03/2018,AZO,MI,AGL,CE,Combined TRACON& Tower with Radar,3,20,47,0,70,0,0,26,0,26,3,20,73,0,96,33,0,33,129
10/04/2018,AZO,MI,AGL,CE,Combined TRACON& Tower with Radar,3,21,42,0,66,0,1,18,0,19,3,22,60,0,85,80,0,80,165
10/05/2018,AZO,MI,AGL,CE,Combined TRACON& Tower with Radar,3,23,14,0,40,0,0,1,0,1,3,23,15,0,41,0,0,0,41
10/06/2018,AZO,MI,AGL,CE,Combined TRACON& Tower with Radar,4,13,4,0,21,0,0,0,0,0,4,13,4,0,21,0,0,0,21
10/07/2018,AZO,MI,AGL,CE,Combined TRACON& Tower with Radar,4,15,12,0,31,0,0,0,0,0,4,15,12,0,31,0,0,0,31
10/08/2018,AZO,MI,AGL,CE,Combined TRACON& Tower with Radar,2,20,43,0,65,0,0,19,0,19,2,20,62,0,84,62,0,62,146
10/09/2018,AZO,MI,AGL,CE,Combined TRACON& Tower with Radar,3,17,35,0,55,0,1,18,0,19,3,18,53,0,74,16,0,16,90
10/10/2018,AZO,MI,AGL,CE,Combined TRACON& Tower with Radar,3,17,10,0,30,0,0,3,0,3,3,17,13,0,33,16,0,16,49
10/11/2018,AZO,MI,AGL,CE,Combined TRACON& Tower with Radar,3,21,17,2,43,0,0,3,0,3,3,21,20,2,46,7,0,7,53
10/12/2018,AZO,MI,AGL,CE,Combined TRACON& Tower with Radar,3,21,23,0,47,0,0,9,0,9,3,21,32,0,56,59,0,59,115
10/13/2018,AZO,MI,AGL,CE,Combined TRACON& Tower with Radar,4,15,48,0,67,0,1,35,0,36,4,16,83,0,103,43,0,43,146
10/14/2018,AZO,MI,AGL,CE,Combined TRACON& Tower with Radar,4,15,42,0,61,0,0,25,0,25,4,15,67,0,86,40,0,40,126
10/15/2018,AZO,MI,AGL,CE,Combined TRACON& Tower with Radar,4,25,14,0,43,0,1,2,0,3,4,26,16,0,46,6,0,6,52
10/16/2018,AZO,MI,AGL,CE,Combined TRACON& Tower with Radar,3,20,37,1,61,0,0,21,0,21,3,20,58,1,82,63,0,63,145
10/17/2018,AZO,MI,AGL,CE,Combined TRACON& Tower with Radar,3,19,47,0,69,0,1,25,0,26,3,20,72,0,95,35,0,35,130
10/18/2018,AZO,MI,AGL,CE,Combined TRACON& Tower with Radar,4,23,64,0,91,0,1,44,0,45,4,24,108,0,136,23,0,23,159
10/19/2018,AZO,MI,AGL,CE,Combined TRACON& Tower with Radar,3,25,24,0,52,0,4,12,0,16,3,29,36,0,68,8,0,8,76
10/20/2018,AZO,MI,AGL,CE,Combined TRACON& Tower with Radar,4,15,10,0,29,0,1,5,0,6,4,16,15,0,35,2,0,2,37
10/21/2018,AZO,MI,AGL,CE,Combined TRACON& Tower with Radar,4,17,42,0,63,0,2,30,0,32,4,19,72,0,95,59,0,59,154
10/22/2018,AZO,MI,AGL,CE,Combined TRACON& Tower with Radar,3,24,52,2,81,0,2,30,1,33,3,26,82,3,114,108,0,108,222
10/23/2018,AZO,MI,AGL,CE,Combined TRACON& Tower with Radar,3,22,44,0,69,0,1,22,0,23,3,23,66,0,92,71,0,71,163
10/24/2018,AZO,MI,AGL,CE,Combined TRACON& Tower with Radar,4,22,63,0,89,0,1,29,0,30,4,23,92,0,119,97,0,97,216
10/25/2018,AZO,MI,AGL,CE,Combined TRACON& Tower with Radar,3,22,31,0,56,0,2,16,0,18,3,24,47,0,74,100,0,100,174
10/26/2018,AZO,MI,AGL,CE,Combined TRACON& Tower with Radar,3,24,42,0,69,1,3,26,0,30,4,27,68,0,99,44,0,44,143
10/27/2018,AZO,MI,AGL,CE,Combined TRACON& Tower with Radar,12,15,13,0,40,0,0,1,0,1,12,15,14,0,41,0,0,0,41
10/28/2018,AZO,MI,AGL,CE,Combined TRACON& Tower with Radar,4,17,9,0,30,0,0,0,0,0,4,17,9,0,30,0,0,0,30
10/29/2018,AZO,MI,AGL,CE,Combined TRACON& Tower with Radar,3,20,43,0,66,0,0,14,0,14,3,20,57,0,80,31,0,31,111
10/30/2018,AZO,MI,AGL,CE,Combined TRACON& Tower with Radar,3,18,50,0,71,0,1,25,0,26,3,19,75,0,97,61,0,61,158
10/31/2018,AZO,MI,AGL,CE,Combined TRACON& Tower with Radar,4,18,34,0,56,0,0,12,0,12,4,18,46,0,68,54,0,54,122
11/01/2018,AZO,MI,AGL,CE,Combined TRACON& Tower with Radar,3,20,28,0,51,0,2,9,0,11,3,22,37,0,62,47,0,47,109
11/02/2018,AZO,MI,AGL,CE,Combined TRACON& Tower with Radar,3,20,61,0,84,0,0,27,0,27,3,20,88,0,111,51,0,51,162
11/03/2018,AZO,MI,AGL,CE,Combined TRACON& Tower with Radar,4,13,37,0,54,0,2,28,0,30,4,15,65,0,84,42,0,42,126
11/04/2018,AZO,MI,AGL,CE,Combined TRACON& Tower with Radar,3,20,9,0,32,0,0,1,0,1,3,20,10,0,33,0,0,0,33
11/05/2018,AZO,MI,AGL,CE,Combined TRACON& Tower with Radar,2,19,29,0,50,0,2,16,0,18,2,21,45,0,68,55,0,55,123
11/06/2018,AZO,MI,AGL,CE,Combined TRACON& Tower with Radar,2,20,12,0,34,0,0,0,0,0,2,20,12,0,34,0,0,0,34
11/07/2018,AZO,MI,AGL,CE,Combined TRACON& Tower with Radar,2,24,28,0,54,0,0,4,0,4,2,24,32,0,58,10,0,10,68
11/08/2018,AZO,MI,AGL,CE,Combined TRACON& Tower with Radar,2,24,62,0,88,0,2,25,1,28,2,26,87,1,116,90,0,90,206
11/09/2018,AZO,MI,AGL,CE,Combined TRACON& Tower with Radar,3,22,17,0,42,0,0,0,0,0,3,22,17,0,42,0,0,0,42
11/10/2018,AZO,MI,AGL,CE,Combined TRACON& Tower with Radar,4,14,10,0,28,0,0,2,0,2,4,14,12,0,30,6,0,6,36
11/11/2018,AZO,MI,AGL,CE,Combined TRACON& Tower with Radar,3,17,26,0,46,0,0,21,0,21,3,17,47,0,67,29,0,29,96
11/12/2018,AZO,MI,AGL,CE,Combined TRACON& Tower with Radar,2,20,33,0,55,0,0,14,0,14,2,20,47,0,69,34,0,34,103
11/13/2018,AZO,MI,AGL,CE,Combined TRACON& Tower with Radar,2,22,16,0,40,0,0,1,0,1,2,22,17,0,41,0,0,0,41
11/14/2018,AZO,MI,AGL,CE,Combined TRACON& Tower with Radar,2,22,80,2,106,0,0,40,0,40,2,22,120,2,146,55,0,55,201
11/15/2018,AZO,MI,AGL,CE,Combined TRACON& Tower with Radar,2,22,7,0,31,0,0,2,0,2,2,22,9,0,33,0,0,0,33
11/16/2018,AZO,MI,AGL,CE,Combined TRACON& Tower with Radar,3,19,14,0,36,0,0,2,0,2,3,19,16,0,38,12,0,12,50
11/17/2018,AZO,MI,AGL,CE,Combined TRACON& Tower with Radar,4,13,8,0,25,0,0,1,0,1,4,13,9,0,26,16,0,16,42
11/18/2018,AZO,MI,AGL,CE,Combined TRACON& Tower with Radar,3,16,19,0,38,0,0,10,0,10,3,16,29,0,48,61,0,61,109
11/19/2018,AZO,MI,AGL,CE,Combined TRACON& Tower with Radar,3,16,29,0,48,0,1,9,0,10,3,17,38,0,58,46,0,46,104
11/20/2018,AZO,MI,AGL,CE,Combined TRACON& Tower with Radar,3,21,57,0,81,0,0,22,0,22,3,21,79,0,103,53,0,53,156
11/21/2018,AZO,MI,AGL,CE,Combined TRACON& Tower with Radar,2,20,36,0,58,0,0,10,0,10,2,20,46,0,68,39,0,39,107
11/22/2018,AZO,MI,AGL,CE,Combined TRACON& Tower with Radar,5,11,6,0,22,0,1,6,0,7,5,12,12,0,29,16,0,16,45
11/23/2018,AZO,MI,AGL,CE,Combined TRACON& Tower with Radar,3,11,13,0,27,0,0,9,0,9,3,11,22,0,36,18,0,18,54
11/24/2018,AZO,MI,AGL,CE,Combined TRACON& Tower with Radar,1,24,9,0,34,0,0,0,0,0,1,24,9,0,34,0,0,0,34
11/25/2018,AZO,MI,AGL,CE,Combined TRACON& Tower with Radar,1,23,16,0,40,0,0,4,0,4,1,23,20,0,44,60,0,60,104
11/26/2018,AZO,MI,AGL,CE,Combined TRACON& Tower with Radar,5,12,15,0,32,0,0,1,0,1,5,12,16,0,33,0,0,0,33
11/27/2018,AZO,MI,AGL,CE,Combined TRACON& Tower with Radar,6,16,17,0,39,0,0,0,0,0,6,16,17,0,39,10,0,10,49
11/28/2018,AZO,MI,AGL,CE,Combined TRACON& Tower with Radar,4,16,17,0,37,0,0,1,0,1,4,16,18,0,38,30,0,30,68
11/29/2018,AZO,MI,AGL,CE,Combined TRACON& Tower with Radar,5,18,19,0,42,0,0,5,0,5,5,18,24,0,47,20,0,20,67
11/30/2018,AZO,MI,AGL,CE,Combined TRACON& Tower with Radar,4,19,41,0,64,0,1,11,0,12,4,20,52,0,76,79,0,79,155
12/01/2018,AZO,MI,AGL,CE,Combined TRACON& Tower with Radar,6,16,5,0,27,0,0,0,0,0,6,16,5,0,27,0,0,0,27
12/02/2018,AZO,MI,AGL,CE,Combined TRACON& Tower with Radar,5,14,21,0,40,0,4,2,0,6,5,18,23,0,46,6,0,6,52
12/03/2018,AZO,MI,AGL,CE,Combined TRACON& Tower with Radar,5,16,19,2,42,0,0,0,0,0,5,16,19,2,42,12,0,12,54
12/04/2018,AZO,MI,AGL,CE,Combined TRACON& Tower with Radar,4,17,59,0,80,0,2,38,0,40,4,19,97,0,120,112,0,112,232
12/05/2018,AZO,MI,AGL,CE,Combined TRACON& Tower with Radar,4,18,14,0,36,0,0,0,0,0,4,18,14,0,36,10,0,10,46
12/06/2018,AZO,MI,AGL,CE,Combined TRACON& Tower with Radar,4,19,33,0,56,0,0,8,0,8,4,19,41,0,64,26,0,26,90
12/07/2018,AZO,MI,AGL,CE,Combined TRACON& Tower with Radar,4,18,37,0,59,0,0,16,0,16,4,18,53,0,75,30,0,30,105
12/08/2018,AZO,MI,AGL,CE,Combined TRACON& Tower with Radar,6,11,51,0,68,0,4,32,0,36,6,15,83,0,104,93,0,93,197
12/09/2018,AZO,MI,AGL,CE,Combined TRACON& Tower with Radar,5,15,34,0,54,0,1,25,0,26,5,16,59,0,80,61,0,61,141
12/10/2018,AZO,MI,AGL,CE,Combined TRACON& Tower with Radar,4,17,31,0,52,0,0,8,0,8,4,17,39,0,60,90,0,90,150
12/11/2018,AZO,MI,AGL,CE,Combined TRACON& Tower with Radar,4,16,21,0,41,0,1,4,2,7,4,17,25,2,48,0,0,0,48
12/12/2018,AZO,MI,AGL,CE,Combined TRACON& Tower with Radar,4,16,29,0,49,0,0,11,0,11,4,16,40,0,60,30,0,30,90
12/13/2018,AZO,MI,AGL,CE,Combined TRACON& Tower with Radar,3,16,51,0,70,0,0,23,0,23,3,16,74,0,93,114,0,114,207
12/14/2018,AZO,MI,AGL,CE,Combined TRACON& Tower with Radar,3,17,20,0,40,0,0,0,0,0,3,17,20,0,40,0,0,0,40
12/15/2018,AZO,MI,AGL,CE,Combined TRACON& Tower with Radar,8,10,37,0,55,0,1,35,0,36,8,11,72,0,91,24,0,24,115
12/16/2018,AZO,MI,AGL,CE,Combined TRACON& Tower with Radar,5,14,24,0,43,0,3,8,0,11,5,17,32,0,54,23,0,23,77
12/17/2018,AZO,MI,AGL,CE,Combined TRACON& Tower with Radar,5,19,51,0,75,0,0,26,0,26,5,19,77,0,101,44,0,44,145
12/18/2018,AZO,MI,AGL,CE,Combined TRACON& Tower with Radar,5,18,56,2,81,0,0,27,4,31,5,18,83,6,112,116,0,116,228
12/19/2018,AZO,MI,AGL,CE,Combined TRACON& Tower with Radar,6,18,39,0,63,0,3,23,0,26,6,21,62,0,89,68,0,68,157
12/20/2018,AZO,MI,AGL,CE,Combined TRACON& Tower with Radar,4,18,20,4,46,0,1,4,0,5,4,19,24,4,51,0,0,0,51
12/21/2018,AZO,MI,AGL,CE,Combined TRACON& Tower with Radar,4,16,14,0,34,0,0,0,0,0,4,16,14,0,34,0,0,0,34
12/22/2018,AZO,MI,AGL,CE,Combined TRACON& Tower with Radar,2,20,18,0,40,0,0,2,0,2,2,20,20,0,42,15,0,15,57
12/23/2018,AZO,MI,AGL,CE,Combined TRACON& Tower with Radar,4,20,6,0,30,0,0,0,0,0,4,20,6,0,30,0,0,0,30
12/24/2018,AZO,MI,AGL,CE,Combined TRACON& Tower with Radar,4,8,10,0,22,0,0,9,0,9,4,8,19,0,31,2,0,2,33
12/25/2018,AZO,MI,AGL,CE,Combined TRACON& Tower with Radar,5,7,1,0,13,0,0,1,0,1,5,7,2,0,14,0,0,0,14
12/26/2018,AZO,MI,AGL,CE,Combined TRACON& Tower with Radar,4,21,23,0,48,0,2,24,0,26,4,23,47,0,74,79,0,79,153
12/27/2018,AZO,MI,AGL,CE,Combined TRACON& Tower with Radar,4,15,5,0,24,0,0,0,0,0,4,15,5,0,24,0,0,0,24
12/28/2018,AZO,MI,AGL,CE,Combined TRACON& Tower with Radar,4,17,8,0,29,0,0,0,0,0,4,17,8,0,29,2,0,2,31
12/29/2018,AZO,MI,AGL,CE,Combined TRACON& Tower with Radar,2,19,9,0,30,0,1,3,0,4,2,20,12,0,34,31,0,31,65
12/30/2018,AZO,MI,AGL,CE,Combined TRACON& Tower with Radar,4,17,37,0,58,0,2,29,0,31,4,19,66,0,89,16,0,16,105
12/31/2018,AZO,MI,AGL,CE,Combined TRACON& Tower with Radar,4,12,0,0,16,0,0,0,0,0,4,12,0,0,16,0,0,0,16
01/01/2019,AZO,MI,AGL,CE,Combined TRACON& Tower with Radar,4,9,6,0,19,0,0,1,0,1,4,9,7,0,20,27,0,27,47
01/02/2019,AZO,MI,AGL,CE,Combined TRACON& Tower with Radar,6,13,8,0,27,0,0,2,0,2,6,13,10,0,29,0,0,0,29
01/03/2019,AZO,MI,AGL,CE,Combined TRACON& Tower with Radar,4,18,35,1,58,0,1,18,5,24,4,19,53,6,82,72,0,72,154
01/04/2019,AZO,MI,AGL,CE,Combined TRACON& Tower with Radar,7,15,40,0,62,0,0,29,0,29,7,15,69,0,91,117,0,117,208
01/05/2019,AZO,MI,AGL,CE,Combined TRACON& Tower with Radar,3,16,33,0,52,0,0,23,0,23,3,16,56,0,75,56,0,56,131
01/06/2019,AZO,MI,AGL,CE,Combined TRACON& Tower with Radar,5,13,36,0,54,0,0,24,0,24,5,13,60,0,78,54,0,54,132
01/07/2019,AZO,MI,AGL,CE,Combined TRACON& Tower with Radar,5,13,3,0,21,0,0,3,0,3,5,13,6,0,24,0,0,0,24
01/08/2019,AZO,MI,AGL,CE,Combined TRACON& Tower with Radar,5,15,17,2,39,0,0,1,0,1,5,15,18,2,40,0,0,0,40
01/09/2019,AZO,MI,AGL,CE,Combined TRACON& Tower with Radar,5,12,13,0,30,0,0,0,0,0,5,12,13,0,30,0,0,0,30
01/10/2019,AZO,MI,AGL,CE,Combined TRACON& Tower with Radar,5,12,34,1,52,0,0,12,1,13,5,12,46,2,65,57,0,57,122
01/11/2019,AZO,MI,AGL,CE,Combined TRACON& Tower with Radar,5,14,39,0,58,0,1,15,0,16,5,15,54,0,74,91,0,91,165
01/12/2019,AZO,MI,AGL,CE,Combined TRACON& Tower with Radar,5,13,15,0,33,0,1,15,0,16,5,14,30,0,49,42,0,42,91
01/13/2019,AZO,MI,AGL,CE,Combined TRACON& Tower with Radar,6,14,39,0,59,0,0,32,0,32,6,14,71,0,91,87,0,87,178
01/14/2019,AZO,MI,AGL,CE,Combined TRACON& Tower with Radar,7,15,20,0,42,0,0,6,0,6,7,15,26,0,48,27,0,27,75
01/15/2019,AZO,MI,AGL,CE,Combined TRACON& Tower with Radar,4,15,11,0,30,0,0,0,0,0,4,15,11,0,30,0,0,0,30
01/16/2019,AZO,MI,AGL,CE,Combined TRACON& Tower with Radar,5,13,55,0,73,0,1,27,0,28,5,14,82,0,101,62,0,62,163
01/17/2019,AZO,MI,AGL,CE,Combined TRACON& Tower with Radar,5,12,24,0,41,0,0,0,0,0,5,12,24,0,41,0,0,0,41
01/18/2019,AZO,MI,AGL,CE,Combined TRACON& Tower with Radar,5,16,17,0,38,0,0,4,0,4,5,16,21,0,42,10,0,10,52
01/19/2019,AZO,MI,AGL,CE,Combined TRACON& Tower with Radar,6,5,1,0,12,0,0,0,0,0,6,5,1,0,12,0,0,0,12
01/20/2019,AZO,MI,AGL,CE,Combined TRACON& Tower with Radar,4,10,29,0,43,0,0,11,0,11,4,10,40,0,54,34,0,34,88
01/21/2019,AZO,MI,AGL,CE,Combined TRACON& Tower with Radar,6,16,24,0,46,0,0,14,0,14,6,16,38,0,60,28,0,28,88
01/22/2019,AZO,MI,AGL,CE,Combined TRACON& Tower with Radar,4,8,25,0,37,0,0,2,0,2,4,8,27,0,39,24,0,24,63
01/23/2019,AZO,MI,AGL,CE,Combined TRACON& Tower with Radar,2,6,7,0,15,0,0,0,0,0,2,6,7,0,15,0,0,0,15
01/24/2019,AZO,MI,AGL,CE,Combined TRACON& Tower with Radar,4,12,13,1,30,0,0,1,1,2,4,12,14,2,32,0,1,1,33
01/25/2019,AZO,MI,AGL,CE,Combined TRACON& Tower with Radar,3,10,14,0,27,0,0,2,0,2,3,10,16,0,29,0,0,0,29
01/26/2019,AZO,MI,AGL,CE,Combined TRACON& Tower with Radar,6,13,21,0,40,0,1,11,0,12,6,14,32,0,52,42,0,42,94
01/27/2019,AZO,MI,AGL,CE,Combined TRACON& Tower with Radar,4,13,12,0,29,0,0,2,0,2,4,13,14,0,31,0,0,0,31
01/28/2019,AZO,MI,AGL,CE,Combined TRACON& Tower with Radar,4,3,11,0,18,0,0,0,0,0,4,3,11,0,18,0,0,0,18
01/29/2019,AZO,MI,AGL,CE,Combined TRACON& Tower with Radar,5,7,7,0,19,0,0,0,0,0,5,7,7,0,19,0,0,0,19
01/30/2019,AZO,MI,AGL,CE,Combined TRACON& Tower with Radar,5,4,9,0,18,0,0,0,0,0,5,4,9,0,18,0,0,0,18
01/31/2019,AZO,MI,AGL,CE,Combined TRACON& Tower with Radar,4,4,12,0,20,0,0,0,0,0,4,4,12,0,20,0,0,0,20
02/01/2019,AZO,MI,AGL,CE,Combined TRACON& Tower with Radar,6,11,19,0,36,0,1,9,0,10,6,12,28,0,46,10,0,10,56
02/02/2019,AZO,MI,AGL,CE,Combined TRACON& Tower with Radar,5,13,11,0,29,0,1,0,0,1,5,14,11,0,30,0,0,0,30
02/03/2019,AZO,MI,AGL,CE,Combined TRACON& Tower with Radar,5,10,1,0,16,0,0,0,0,0,5,10,1,0,16,0,0,0,16
02/04/2019,AZO,MI,AGL,CE,Combined TRACON& Tower with Radar,5,14,15,0,34,0,0,1,0,1,5,14,16,0,35,0,0,0,35
02/05/2019,AZO,MI,AGL,CE,Combined TRACON& Tower with Radar,3,18,18,0,39,0,1,1,0,2,3,19,19,0,41,44,0,44,85
02/06/2019,AZO,MI,AGL,CE,Combined TRACON& Tower with Radar,4,12,8,0,24,0,0,0,0,0,4,12,8,0,24,0,0,0,24
02/07/2019,AZO,MI,AGL,CE,Combined TRACON& Tower with Radar,5,13,3,0,21,0,0,0,0,0,5,13,3,0,21,0,0,0,21
02/08/2019,AZO,MI,AGL,CE,Combined TRACON& Tower with Radar,4,11,11,0,26,0,0,0,0,0,4,11,11,0,26,0,0,0,26
02/09/2019,AZO,MI,AGL,CE,Combined TRACON& Tower with Radar,7,13,61,0,81,0,3,32,0,35,7,16,93,0,116,90,0,90,206
02/10/2019,AZO,MI,AGL,CE,Combined TRACON& Tower with Radar,4,12,14,0,30,0,0,6,1,7,4,12,20,1,37,0,0,0,37
02/11/2019,AZO,MI,AGL,CE,Combined TRACON& Tower with Radar,4,13,9,2,28,0,0,1,0,1,4,13,10,2,29,9,0,9,38
02/12/2019,AZO,MI,AGL,CE,Combined TRACON& Tower with Radar,1,12,8,2,23,0,0,0,0,0,1,12,8,2,23,0,0,0,23
02/13/2019,AZO,MI,AGL,CE,Combined TRACON& Tower with Radar,6,9,10,0,25,0,0,0,0,0,6,9,10,0,25,0,0,0,25
02/14/2019,AZO,MI,AGL,CE,Combined TRACON& Tower with Radar,6,14,34,0,54,0,0,18,0,18,6,14,52,0,72,79,0,79,151
02/15/2019,AZO,MI,AGL,CE,Combined TRACON& Tower with Radar,4,21,17,0,42,0,0,2,0,2,4,21,19,0,44,0,0,0,44
02/16/2019,AZO,MI,AGL,CE,Combined TRACON& Tower with Radar,5,13,20,0,38,0,1,11,2,14,5,14,31,2,52,91,0,91,143
02/17/2019,AZO,MI,AGL,CE,Combined TRACON& Tower with Radar,4,13,8,0,25,0,0,1,0,1,4,13,9,0,26,6,0,6,32
02/18/2019,AZO,MI,AGL,CE,Combined TRACON& Tower with Radar,7,15,28,0,50,0,0,14,0,14,7,15,42,0,64,91,0,91,155
02/19/2019,AZO,MI,AGL,CE,Combined TRACON& Tower with Radar,5,14,63,0,82,0,0,34,0,34,5,14,97,0,116,127,0,127,243
02/20/2019,AZO,MI,AGL,CE,Combined TRACON& Tower with Radar,4,16,6,0,26,0,0,0,0,0,4,16,6,0,26,0,0,0,26
02/21/2019,AZO,MI,AGL,CE,Combined TRACON& Tower with Radar,4,14,40,0,58,0,0,13,0,13,4,14,53,0,71,54,0,54,125
02/22/2019,AZO,MI,AGL,CE,Combined TRACON& Tower with Radar,5,14,55,0,74,0,1,34,0,35,5,15,89,0,109,113,0,113,222
02/23/2019,AZO,MI,AGL,CE,Combined TRACON& Tower with Radar,5,10,12,0,27,0,0,8,0,8,5,10,20,0,35,6,0,6,41
02/24/2019,AZO,MI,AGL,CE,Combined TRACON& Tower with Radar,4,3,1,4,12,0,0,0,0,0,4,3,1,4,12,0,0,0,12
02/25/2019,AZO,MI,AGL,CE,Combined TRACON& Tower with Radar,4,12,17,0,33,0,0,5,0,5,4,12,22,0,38,14,0,14,52
02/26/2019,AZO,MI,AGL,CE,Combined TRACON& Tower with Radar,4,14,39,0,57,0,0,14,0,14,4,14,53,0,71,52,0,52,123
02/27/2019,AZO,MI,AGL,CE,Combined TRACON& Tower with Radar,4,15,15,0,34,0,0,3,0,3,4,15,18,0,37,4,0,4,41
02/28/2019,AZO,MI,AGL,CE,Combined TRACON& Tower with Radar,5,12,32,0,49,0,1,13,0,14,5,13,45,0,63,73,0,73,136
03/01/2019,AZO,MI,AGL,CE,Combined TRACON& Tower with Radar,4,17,49,0,70,0,2,27,0,29,4,19,76,0,99,102,0,102,201
03/02/2019,AZO,MI,AGL,CE,Combined TRACON& Tower with Radar,4,11,12,6,33,0,0,5,0,5,4,11,17,6,38,0,0,0,38
03/03/2019,AZO,MI,AGL,CE,Combined TRACON& Tower with Radar,5,13,8,0,26,0,0,5,0,5,5,13,13,0,31,33,0,33,64
03/04/2019,AZO,MI,AGL,CE,Combined TRACON& Tower with Radar,4,16,14,0,34,0,0,0,0,0,4,16,14,0,34,0,0,0,34
03/05/2019,AZO,MI,AGL,CE,Combined TRACON& Tower with Radar,5,16,10,0,31,0,0,0,0,0,5,16,10,0,31,0,0,0,31
03/06/2019,AZO,MI,AGL,CE,Combined TRACON& Tower with Radar,5,17,16,0,38,0,0,0,0,0,5,17,16,0,38,0,0,0,38
03/07/2019,AZO,MI,AGL,CE,Combined TRACON& Tower with Radar,4,18,36,1,59,0,2,14,2,18,4,20,50,3,77,92,0,92,169
03/08/2019,AZO,MI,AGL,CE,Combined TRACON& Tower with Radar,4,18,42,0,64,0,1,28,1,30,4,19,70,1,94,78,0,78,172
03/09/2019,AZO,MI,AGL,CE,Combined TRACON& Tower with Radar,3,13,11,0,27,0,0,6,0,6,3,13,17,0,33,6,0,6,39
03/10/2019,AZO,MI,AGL,CE,Combined TRACON& Tower with Radar,5,14,6,0,25,0,0,0,0,0,5,14,6,0,25,0,0,0,25
03/11/2019,AZO,MI,AGL,CE,Combined TRACON& Tower with Radar,4,17,48,0,69,0,0,23,0,23,4,17,71,0,92,50,0,50,142
03/12/2019,AZO,MI,AGL,CE,Combined TRACON& Tower with Radar,4,15,46,0,65,0,0,35,0,35,4,15,81,0,100,122,0,122,222
03/13/2019,AZO,MI,AGL,CE,Combined TRACON& Tower with Radar,4,15,24,0,43,0,2,4,0,6,4,17,28,0,49,8,0,8,57
03/14/2019,AZO,MI,AGL,CE,Combined TRACON& Tower with Radar,4,17,15,0,36,0,0,2,0,2,4,17,17,0,38,14,0,14,52
03/15/2019,AZO,MI,AGL,CE,Combined TRACON& Tower with Radar,4,22,6,0,32,0,0,0,0,0,4,22,6,0,32,0,0,0,32
03/16/2019,AZO,MI,AGL,CE,Combined TRACON& Tower with Radar,4,12,21,0,37,0,0,10,0,10,4,12,31,0,47,0,0,0,47
03/17/2019,AZO,MI,AGL,CE,Combined TRACON& Tower with Radar,5,14,15,0,34,0,3,14,0,17,5,17,29,0,51,4,0,4,55
03/18/2019,AZO,MI,AGL,CE,Combined TRACON& Tower with Radar,4,20,56,2,82,0,0,34,0,34,4,20,90,2,116,78,0,78,194
03/19/2019,AZO,MI,AGL,CE,Combined TRACON& Tower with Radar,4,16,65,0,85,0,0,43,1,44,4,16,108,1,129,67,0,67,196
03/20/2019,AZO,MI,AGL,CE,Combined TRACON& Tower with Radar,6,14,14,0,34,0,1,3,0,4,6,15,17,0,38,0,0,0,38
03/21/2019,AZO,MI,AGL,CE,Combined TRACON& Tower with Radar,4,19,16,0,39,0,0,1,0,1,4,19,17,0,40,18,0,18,58
03/22/2019,AZO,MI,AGL,CE,Combined TRACON& Tower with Radar,4,17,32,1,54,0,0,22,1,23,4,17,54,2,77,7,0,7,84
03/23/2019,AZO,MI,AGL,CE,Combined TRACON& Tower with Radar,4,11,72,0,87,0,1,56,0,57,4,12,128,0,144,62,0,62,206
03/24/2019,AZO,MI,AGL,CE,Combined TRACON& Tower with Radar,6,13,27,0,46,0,0,25,0,25,6,13,52,0,71,26,0,26,97
03/25/2019,AZO,MI,AGL,CE,Combined TRACON& Tower with Radar,4,20,50,0,74,0,0,27,0,27,4,20,77,0,101,55,0,55,156
03/26/2019,AZO,MI,AGL,CE,Combined TRACON& Tower with Radar,4,20,63,0,87,0,0,39,0,39,4,20,102,0,126,43,0,43,169
03/27/2019,AZO,MI,AGL,CE,Combined TRACON& Tower with Radar,4,17,48,1,70,0,1,23,5,29,4,18,71,6,99,42,0,42,141
03/28/2019,AZO,MI,AGL,CE,Combined TRACON& Tower with Radar,5,16,39,0,60,0,2,28,0,30,5,18,67,0,90,44,0,44,134
03/29/2019,AZO,MI,AGL,CE,Combined TRACON& Tower with Radar,4,21,64,0,89,0,1,21,0,22,4,22,85,0,111,42,0,42,153
03/30/2019,AZO,MI,AGL,CE,Combined TRACON& Tower with Radar,4,19,11,0,34,0,0,0,0,0,4,19,11,0,34,0,0,0,34
03/31/2019,AZO,MI,AGL,CE,Combined TRACON& Tower with Radar,5,13,10,0,28,0,1,4,0,5,5,14,14,0,33,2,0,2,35
04/01/2019,AZO,MI,AGL,CE,Combined TRACON& Tower with Radar,5,18,39,0,62,0,0,27,0,27,5,18,66,0,89,67,0,67,156
04/02/2019,AZO,MI,AGL,CE,Combined TRACON& Tower with Radar,4,20,40,0,64,0,1,17,0,18,4,21,57,0,82,16,0,16,98
04/03/2019,AZO,MI,AGL,CE,Combined TRACON& Tower with Radar,4,18,43,0,65,0,0,26,6,32,4,18,69,6,97,40,0,40,137
04/04/2019,AZO,MI,AGL,CE,Combined TRACON& Tower with Radar,4,19,20,0,43,0,0,5,0,5,4,19,25,0,48,16,0,16,64
04/05/2019,AZO,MI,AGL,CE,Combined TRACON& Tower with Radar,5,20,41,0,66,0,0,14,0,14,5,20,55,0,80,81,0,81,161
04/06/2019,AZO,MI,AGL,CE,Combined TRACON& Tower with Radar,4,18,46,0,68,0,0,24,0,24,4,18,70,0,92,24,0,24,116
04/07/2019,AZO,MI,AGL,CE,Combined TRACON& Tower with Radar,5,20,20,0,45,0,0,26,0,26,5,20,46,0,71,30,0,30,101
04/08/2019,AZO,MI,AGL,CE,Combined TRACON& Tower with Radar,4,20,61,0,85,0,0,19,0,19,4,20,80,0,104,27,0,27,131
04/09/2019,AZO,MI,AGL,CE,Combined TRACON& Tower with Radar,4,21,32,0,57,0,1,10,0,11,4,22,42,0,68,5,0,5,73
04/10/2019,AZO,MI,AGL,CE,Combined TRACON& Tower with Radar,4,15,33,0,52,0,0,4,0,4,4,15,37,0,56,24,0,24,80
04/11/2019,AZO,MI,AGL,CE,Combined TRACON& Tower with Radar,4,15,23,0,42,0,0,1,0,1,4,15,24,0,43,0,0,0,43
04/12/2019,AZO,MI,AGL,CE,Combined TRACON& Tower with Radar,4,22,9,0,35,0,1,4,0,5,4,23,13,0,40,0,0,0,40
04/13/2019,AZO,MI,AGL,CE,Combined TRACON& Tower with Radar,4,12,25,1,42,0,2,38,0,40,4,14,63,1,82,4,0,4,86
04/14/2019,AZO,MI,AGL,CE,Combined TRACON& Tower with Radar,5,10,7,0,22,0,0,0,0,0,5,10,7,0,22,0,0,0,22
04/15/2019,AZO,MI,AGL,CE,Combined TRACON& Tower with Radar,5,23,56,0,84,0,0,28,0,28,5,23,84,0,112,84,0,84,196
04/16/2019,AZO,MI,AGL,CE,Combined TRACON& Tower with Radar,4,20,40,0,64,0,1,17,0,18,4,21,57,0,82,44,0,44,126
04/17/2019,AZO,MI,AGL,CE,Combined TRACON& Tower with Radar,4,18,35,0,57,0,0,9,0,9,4,18,44,0,66,42,0,42,108
04/18/2019,AZO,MI,AGL,CE,Combined TRACON& Tower with Radar,4,18,15,0,37,0,0,0,0,0,4,18,15,0,37,0,0,0,37
04/19/2019,AZO,MI,AGL,CE,Combined TRACON& Tower with Radar,4,19,14,0,37,0,0,0,0,0,4,19,14,0,37,0,0,0,37
04/20/2019,AZO,MI,AGL,CE,Combined TRACON& Tower with Radar,8,14,9,0,31,0,0,1,0,1,8,14,10,0,32,0,0,0,32
04/21/2019,AZO,MI,AGL,CE,Combined TRACON& Tower with Radar,5,16,35,0,56,0,1,27,0,28,5,17,62,0,84,54,0,54,138
04/22/2019,AZO,MI,AGL,CE,Combined TRACON& Tower with Radar,4,20,52,0,76,0,1,33,0,34,4,21,85,0,110,104,0,104,214
04/23/2019,AZO,MI,AGL,CE,Combined TRACON& Tower with Radar,4,20,21,0,45,0,0,4,0,4,4,20,25,0,49,6,0,6,55
04/24/2019,AZO,MI,AGL,CE,Combined TRACON& Tower with Radar,4,19,82,0,105,0,1,52,2,55,4,20,134,2,160,96,0,96,256
04/25/2019,AZO,MI,AGL,CE,Combined TRACON& Tower with Radar,4,23,49,0,76,0,2,53,0,55,4,25,102,0,131,92,0,92,223
04/26/2019,AZO,MI,AGL,CE,Combined TRACON& Tower with Radar,4,20,33,0,57,0,0,7,0,7,4,20,40,0,64,2,0,2,66
04/27/2019,AZO,MI,AGL,CE,Combined TRACON& Tower with Radar,4,12,23,0,39,0,2,14,0,16,4,14,37,0,55,36,0,36,91
04/28/2019,AZO,MI,AGL,CE,Combined TRACON& Tower with Radar,5,21,45,0,71,0,2,25,0,27,5,23,70,0,98,32,0,32,130
04/29/2019,AZO,MI,AGL,CE,Combined TRACON& Tower with Radar,4,22,18,0,44,0,0,0,0,0,4,22,18,0,44,0,0,0,44
04/30/2019,AZO,MI,AGL,CE,Combined TRACON& Tower with Radar,6,19,28,1,54,0,0,0,0,0,6,19,28,1,54,1,0,1,55
05/01/2019,AZO,MI,AGL,CE,Combined TRACON& Tower with Radar,6,26,24,1,57,0,1,0,0,1,6,27,24,1,58,0,0,0,58
05/02/2019,AZO,MI,AGL,CE,Combined TRACON& Tower with Radar,6,16,21,0,43,0,0,1,0,1,6,16,22,0,44,33,0,33,77
05/03/2019,AZO,MI,AGL,CE,Combined TRACON& Tower with Radar,7,19,49,0,75,0,0,1,0,1,7,19,50,0,76,39,0,39,115
05/04/2019,AZO,MI,AGL,CE,Combined TRACON& Tower with Radar,7,8,44,0,59,0,0,31,0,31,7,8,75,0,90,75,0,75,165
05/05/2019,AZO,MI,AGL,CE,Combined TRACON& Tower with Radar,5,21,39,0,65,0,0,38,0,38,5,21,77,0,103,63,0,63,166
05/06/2019,AZO,MI,AGL,CE,Combined TRACON& Tower with Radar,8,17,56,0,81,0,0,25,0,25,8,17,81,0,106,136,0,136,242
05/07/2019,AZO,MI,AGL,CE,Combined TRACON& Tower with Radar,8,18,45,0,71,0,0,6,0,6,8,18,51,0,77,43,0,43,120
05/08/2019,AZO,MI,AGL,CE,Combined TRACON& Tower with Radar,6,19,38,0,63,0,0,9,0,9,6,19,47,0,72,23,0,23,95
05/09/2019,AZO,MI,AGL,CE,Combined TRACON& Tower with Radar,8,23,17,0,48,0,0,0,0,0,8,23,17,0,48,5,0,5,53
05/10/2019,AZO,MI,AGL,CE,Combined TRACON& Tower with Radar,6,19,46,0,71,0,1,16,0,17,6,20,62,0,88,21,0,21,109
05/11/2019,AZO,MI,AGL,CE,Combined TRACON& Tower with Radar,6,9,37,0,52,0,1,21,0,22,6,10,58,0,74,21,0,21,95
05/12/2019,AZO,MI,AGL,CE,Combined TRACON& Tower with Radar,9,17,12,0,38,0,1,5,0,6,9,18,17,0,44,18,0,18,62
05/13/2019,AZO,MI,AGL,CE,Combined TRACON& Tower with Radar,6,20,40,0,66,0,1,13,0,14,6,21,53,0,80,11,0,11,91
05/14/2019,AZO,MI,AGL,CE,Combined TRACON& Tower with Radar,6,18,67,0,91,0,3,38,0,41,6,21,105,0,132,158,0,158,290
05/15/2019,AZO,MI,AGL,CE,Combined TRACON& Tower with Radar,6,22,50,0,78,0,4,36,2,42,6,26,86,2,120,71,0,71,191
05/16/2019,AZO,MI,AGL,CE,Combined TRACON& Tower with Radar,7,17,30,0,54,0,0,11,0,11,7,17,41,0,65,34,0,34,99
05/17/2019,AZO,MI,AGL,CE,Combined TRACON& Tower with Radar,6,19,44,0,69,0,0,9,0,9,6,19,53,0,78,42,0,42,120
05/18/2019,AZO,MI,AGL,CE,Combined TRACON& Tower with Radar,6,8,20,0,34,0,3,15,0,18,6,11,35,0,52,27,0,27,79
05/19/2019,AZO,MI,AGL,CE,Combined TRACON& Tower with Radar,5,15,9,0,29,0,0,0,0,0,5,15,9,0,29,0,0,0,29
05/20/2019,AZO,MI,AGL,CE,Combined TRACON& Tower with Radar,6,19,41,0,66,0,1,4,0,5,6,20,45,0,71,2,0,2,73
05/21/2019,AZO,MI,AGL,CE,Combined TRACON& Tower with Radar,8,19,62,0,89,0,4,29,0,33,8,23,91,0,122,92,0,92,214
05/22/2019,AZO,MI,AGL,CE,Combined TRACON& Tower with Radar,8,18,59,0,85,0,1,15,0,16,8,19,74,0,101,19,0,19,120
05/23/2019,AZO,MI,AGL,CE,Combined TRACON& Tower with Radar,6,17,28,0,51,0,0,10,0,10,6,17,38,0,61,1,0,1,62
05/24/2019,AZO,MI,AGL,CE,Combined TRACON& Tower with Radar,6,19,38,0,63,0,0,26,0,26,6,19,64,0,89,38,0,38,127
05/25/2019,AZO,MI,AGL,CE,Combined TRACON& Tower with Radar,6,10,22,0,38,0,1,6,0,7,6,11,28,0,45,8,0,8,53
05/26/2019,AZO,MI,AGL,CE,Combined TRACON& Tower with Radar,6,13,8,0,27,0,8,7,0,15,6,21,15,0,42,16,0,16,58
05/27/2019,AZO,MI,AGL,CE,Combined TRACON& Tower with Radar,12,10,27,0,49,0,8,16,0,24,12,18,43,0,73,9,0,9,82
05/28/2019,AZO,MI,AGL,CE,Combined TRACON& Tower with Radar,6,18,34,0,58,0,0,5,0,5,6,18,39,0,63,21,0,21,84
05/29/2019,AZO,MI,AGL,CE,Combined TRACON& Tower with Radar,8,16,44,2,70,0,24,29,0,53,8,40,73,2,123,67,0,67,190
05/30/2019,AZO,MI,AGL,CE,Combined TRACON& Tower with Radar,7,16,53,0,76,0,5,41,0,46,7,21,94,0,122,104,0,104,226
05/31/2019,AZO,MI,AGL,CE,Combined TRACON& Tower with Radar,8,15,60,0,83,0,12,46,0,58,8,27,106,0,141,142,0,142,283
06/01/2019,AZO,MI,AGL,CE,Combined TRACON& Tower with Radar,6,9,28,0,43,0,8,15,0,23,6,17,43,0,66,31,0,31,97
06/02/2019,AZO,MI,AGL,CE,Combined TRACON& Tower with Radar,6,17,36,0,59,0,7,26,0,33,6,24,62,0,92,25,0,25,117
06/03/2019,AZO,MI,AGL,CE,Combined TRACON& Tower with Radar,8,18,58,0,84,0,3,39,0,42,8,21,97,0,126,104,0,104,230
06/04/2019,AZO,MI,AGL,CE,Combined TRACON& Tower with Radar,7,17,46,0,70,0,6,29,2,37,7,23,75,2,107,19,0,19,126
06/05/2019,AZO,MI,AGL,CE,Combined TRACON& Tower with Radar,7,15,38,0,60,0,6,15,0,21,7,21,53,0,81,23,0,23,104
06/06/2019,AZO,MI,AGL,CE,Combined TRACON& Tower with Radar,8,15,54,0,77,0,4,25,0,29,8,19,79,0,106,46,0,46,152
06/07/2019,AZO,MI,AGL,CE,Combined TRACON& Tower with Radar,7,21,60,0,88,0,3,38,0,41,7,24,98,0,129,17,0,17,146
06/08/2019,AZO,MI,AGL,CE,Combined TRACON& Tower with Radar,4,10,23,0,37,0,4,12,0,16,4,14,35,0,53,9,0,9,62
06/09/2019,AZO,MI,AGL,CE,Combined TRACON& Tower with Radar,3,11,19,0,33,0,3,6,0,9,3,14,25,0,42,0,0,0,42
06/10/2019,AZO,MI,AGL,CE,Combined TRACON& Tower with Radar,0,0,2,0,2,0,0,1,0,1,0,0,3,0,3,0,0,0,3
06/11/2019,AZO,MI,AGL,CE,Combined TRACON& Tower with Radar,0,1,30,0,31,0,12,38,2,52,0,13,68,2,83,26,0,26,109
06/12/2019,AZO,MI,AGL,CE,Combined TRACON& Tower with Radar,0,0,8,0,8,0,0,15,0,15,0,0,23,0,23,8,0,8,31
06/13/2019,AZO,MI,AGL,CE,Combined TRACON& Tower with Radar,0,0,3,0,3,0,0,2,0,2,0,0,5,0,5,0,0,0,5
06/14/2019,AZO,MI,AGL,CE,Combined TRACON& Tower with Radar,0,0,8,0,8,0,0,23,0,23,0,0,31,0,31,0,0,0,31
06/15/2019,AZO,MI,AGL,CE,Combined TRACON& Tower with Radar,0,1,5,0,6,0,0,5,0,5,0,1,10,0,11,5,0,5,16
06/16/2019,AZO,MI,AGL,CE,Combined TRACON& Tower with Radar,0,0,3,0,3,0,0,1,0,1,0,0,4,0,4,10,0,10,14
06/17/2019,AZO,MI,AGL,CE,Combined TRACON& Tower with Radar,0,0,17,0,17,0,3,2,0,5,0,3,19,0,22,0,0,0,22
06/18/2019,AZO,MI,AGL,CE,Combined TRACON& Tower with Radar,0,0,20,0,20,0,6,47,0,53,0,6,67,0,73,47,0,47,120
06/19/2019,AZO,MI,AGL,CE,Combined TRACON& Tower with Radar,0,0,12,0,12,0,0,38,1,39,0,0,50,1,51,90,0,90,141
06/20/2019,AZO,MI,AGL,CE,Combined TRACON& Tower with Radar,0,0,15,0,15,0,0,6,0,6,0,0,21,0,21,0,0,0,21
06/21/2019,AZO,MI,AGL,CE,Combined TRACON& Tower with Radar,0,0,15,0,15,0,5,96,0,101,0,5,111,0,116,40,0,40,156
06/22/2019,AZO,MI,AGL,CE,Combined TRACON& Tower with Radar,0,1,12,0,13,0,14,36,0,50,0,15,48,0,63,26,0,26,89
06/23/2019,AZO,MI,AGL,CE,Combined TRACON& Tower with Radar,0,0,12,0,12,0,0,28,0,28,0,0,40,0,40,16,0,16,56
06/24/2019,AZO,MI,AGL,CE,Combined TRACON& Tower with Radar,0,0,10,0,10,0,0,4,0,4,0,0,14,0,14,14,0,14,28
06/25/2019,AZO,MI,AGL,CE,Combined TRACON& Tower with Radar,0,0,18,0,18,0,0,31,0,31,0,0,49,0,49,10,0,10,59
06/26/2019,AZO,MI,AGL,CE,Combined TRACON& Tower with Radar,0,0,21,0,21,0,3,56,0,59,0,3,77,0,80,74,0,74,154
06/27/2019,AZO,MI,AGL,CE,Combined TRACON& Tower with Radar,3,12,25,0,40,0,4,61,0,65,3,16,86,0,105,78,0,78,183
06/28/2019,AZO,MI,AGL,CE,Combined TRACON& Tower with Radar,4,14,20,0,38,0,7,52,0,59,4,21,72,0,97,37,0,37,134
06/29/2019,AZO,MI,AGL,CE,Combined TRACON& Tower with Radar,4,13,24,0,41,0,11,42,0,53,4,24,66,0,94,29,0,29,123
06/30/2019,AZO,MI,AGL,CE,Combined TRACON& Tower with Radar,2,13,14,0,29,0,10,50,0,60,2,23,64,0,89,28,0,28,117
07/01/2019,AZO,MI,AGL,CE,Combined TRACON& Tower with Radar,4,14,19,0,37,0,4,46,2,52,4,18,65,2,89,42,0,42,131
07/02/2019,AZO,MI,AGL,CE,Combined TRACON& Tower with Radar,4,13,24,0,41,0,13,40,0,53,4,26,64,0,94,65,0,65,159
07/03/2019,AZO,MI,AGL,CE,Combined TRACON& Tower with Radar,4,14,24,0,42,0,6,39,0,45,4,20,63,0,87,44,0,44,131
07/04/2019,AZO,MI,AGL,CE,Combined TRACON& Tower with Radar,3,7,3,0,13,0,10,12,1,23,3,17,15,1,36,39,0,39,75
07/05/2019,AZO,MI,AGL,CE,Combined TRACON& Tower with Radar,3,9,10,0,22,0,7,19,0,26,3,16,29,0,48,69,0,69,117
07/06/2019,AZO,MI,AGL,CE,Combined TRACON& Tower with Radar,4,12,7,0,23,0,13,9,1,23,4,25,16,1,46,0,0,0,46
07/07/2019,AZO,MI,AGL,CE,Combined TRACON& Tower with Radar,3,21,16,0,40,0,10,60,0,70,3,31,76,0,110,43,0,43,153
07/08/2019,AZO,MI,AGL,CE,Combined TRACON& Tower with Radar,4,17,24,0,45,0,15,57,0,72,4,32,81,0,117,82,0,82,199
07/09/2019,AZO,MI,AGL,CE,Combined TRACON& Tower with Radar,4,18,33,0,55,0,6,64,0,70,4,24,97,0,125,117,0,117,242
07/10/2019,AZO,MI,AGL,CE,Combined TRACON& Tower with Radar,4,15,28,0,47,0,14,52,0,66,4,29,80,0,113,91,0,91,204
07/11/2019,AZO,MI,AGL,CE,Combined TRACON& Tower with Radar,4,15,32,0,51,0,9,56,0,65,4,24,88,0,116,44,0,44,160
07/12/2019,AZO,MI,AGL,CE,Combined TRACON& Tower with Radar,4,16,42,0,62,0,15,77,0,92,4,31,119,0,154,93,0,93,247
07/13/2019,AZO,MI,AGL,CE,Combined TRACON& Tower with Radar,4,9,12,0,25,0,11,59,0,70,4,20,71,0,95,44,0,44,139
07/14/2019,AZO,MI,AGL,CE,Combined TRACON& Tower with Radar,4,15,11,0,30,0,14,66,0,80,4,29,77,0,110,50,0,50,160
07/15/2019,AZO,MI,AGL,CE,Combined TRACON& Tower with Radar,4,22,28,0,54,0,4,35,0,39,4,26,63,0,93,2,0,2,95
07/16/2019,AZO,MI,AGL,CE,Combined TRACON& Tower with Radar,4,14,16,0,34,0,11,17,0,28,4,25,33,0,62,15,0,15,77
07/17/2019,AZO,MI,AGL,CE,Combined TRACON& Tower with Radar,5,13,37,0,55,0,6,39,4,49,5,19,76,4,104,24,0,24,128
07/18/2019,AZO,MI,AGL,CE,Combined TRACON& Tower with Radar,5,14,25,0,44,0,2,28,0,30,5,16,53,0,74,2,0,2,76
07/19/2019,AZO,MI,AGL,CE,Combined TRACON& Tower with Radar,8,16,27,0,51,0,8,27,0,35,8,24,54,0,86,37,0,37,123
07/20/2019,AZO,MI,AGL,CE,Combined TRACON& Tower with Radar,4,9,13,0,26,0,4,32,2,38,4,13,45,2,64,6,0,6,70
07/21/2019,AZO,MI,AGL,CE,Combined TRACON& Tower with Radar,4,16,13,0,33,0,11,13,0,24,4,27,26,0,57,4,0,4,61
07/22/2019,AZO,MI,AGL,CE,Combined TRACON& Tower with Radar,4,18,45,0,67,0,8,57,2,67,4,26,102,2,134,81,0,81,215
07/23/2019,AZO,MI,AGL,CE,Combined TRACON& Tower with Radar,4,20,53,1,78,0,14,90,6,110,4,34,143,7,188,56,0,56,244
07/24/2019,AZO,MI,AGL,CE,Combined TRACON& Tower with Radar,4,20,36,0,60,0,22,61,0,83,4,42,97,0,143,83,0,83,226
07/25/2019,AZO,MI,AGL,CE,Combined TRACON& Tower with Radar,4,17,25,0,46,0,11,82,4,97,4,28,107,4,143,78,0,78,221
07/26/2019,AZO,MI,AGL,CE,Combined TRACON& Tower with Radar,4,20,20,0,44,0,17,50,0,67,4,37,70,0,111,38,0,38,149
07/27/2019,AZO,MI,AGL,CE,Combined TRACON& Tower with Radar,6,11,8,0,25,0,19,48,2,69,6,30,56,2,94,6,0,6,100
07/28/2019,AZO,MI,AGL,CE,Combined TRACON& Tower with Radar,4,15,15,0,34,0,4,55,0,59,4,19,70,0,93,8,0,8,101
07/29/2019,AZO,MI,AGL,CE,Combined TRACON& Tower with Radar,4,21,18,0,43,0,5,9,0,14,4,26,27,0,57,0,0,0,57
07/30/2019,AZO,MI,AGL,CE,Combined TRACON& Tower with Radar,4,20,32,0,56,0,6,37,0,43,4,26,69,0,99,52,0,52,151
07/31/2019,AZO,MI,AGL,CE,Combined TRACON& Tower with Radar,4,20,50,0,74,0,4,67,1,72,4,24,117,1,146,60,0,60,206
08/01/2019,AZO,MI,AGL,CE,Combined TRACON& Tower with Radar,4,23,45,0,72,0,0,93,0,93,4,23,138,0,165,105,0,105,270
08/02/2019,AZO,MI,AGL,CE,Combined TRACON& Tower with Radar,4,20,28,0,52,0,0,55,0,55,4,20,83,0,107,66,0,66,173
08/03/2019,AZO,MI,AGL,CE,Combined TRACON& Tower with Radar,4,16,17,0,37,0,16,56,0,72,4,32,73,0,109,25,0,25,134
08/04/2019,AZO,MI,AGL,CE,Combined TRACON& Tower with Radar,4,18,20,0,42,0,4,23,0,27,4,22,43,0,69,27,0,27,96
08/05/2019,AZO,MI,AGL,CE,Combined TRACON& Tower with Radar,4,20,37,0,61,0,7,37,0,44,4,27,74,0,105,78,0,78,183
08/06/2019,AZO,MI,AGL,CE,Combined TRACON& Tower with Radar,4,17,24,0,45,0,5,16,0,21,4,22,40,0,66,24,0,24,90
08/07/2019,AZO,MI,AGL,CE,Combined TRACON& Tower with Radar,4,22,41,0,67,0,6,58,0,64,4,28,99,0,131,74,0,74,205
08/08/2019,AZO,MI,AGL,CE,Combined TRACON& Tower with Radar,4,18,46,0,68,0,1,24,0,25,4,19,70,0,93,35,0,35,128
08/09/2019,AZO,MI,AGL,CE,Combined TRACON& Tower with Radar,4,21,44,0,69,0,11,54,2,67,4,32,98,2,136,23,0,23,159
08/10/2019,AZO,MI,AGL,CE,Combined TRACON& Tower with Radar,6,15,23,0,44,0,0,63,0,63,6,15,86,0,107,64,0,64,171
08/11/2019,AZO,MI,AGL,CE,Combined TRACON& Tower with Radar,4,19,22,0,45,0,0,39,0,39,4,19,61,0,84,20,0,20,104
08/12/2019,AZO,MI,AGL,CE,Combined TRACON& Tower with Radar,7,16,26,0,49,0,10,15,1,26,7,26,41,1,75,32,0,32,107
08/13/2019,AZO,MI,AGL,CE,Combined TRACON& Tower with Radar,5,18,45,0,68,0,2,38,0,40,5,20,83,0,108,69,0,69,177
08/14/2019,AZO,MI,AGL,CE,Combined TRACON& Tower with Radar,4,18,38,0,60,0,2,42,0,44,4,20,80,0,104,63,0,63,167
08/15/2019,AZO,MI,AGL,CE,Combined TRACON& Tower with Radar,5,17,37,0,59,0,4,21,0,25,5,21,58,0,84,31,0,31,115
08/16/2019,AZO,MI,AGL,CE,Combined TRACON& Tower with Radar,5,19,15,0,39,0,4,18,0,22,5,23,33,0,61,36,0,36,97
08/17/2019,AZO,MI,AGL,CE,Combined TRACON& Tower with Radar,4,14,15,0,33,0,1,27,1,29,4,15,42,1,62,33,0,33,95
08/18/2019,AZO,MI,AGL,CE,Combined TRACON& Tower with Radar,3,15,10,0,28,0,0,4,0,4,3,15,14,0,32,13,0,13,45
08/19/2019,AZO,MI,AGL,CE,Combined TRACON& Tower with Radar,4,22,16,0,42,0,6,27,0,33,4,28,43,0,75,63,0,63,138
08/20/2019,AZO,MI,AGL,CE,Combined TRACON& Tower with Radar,3,17,19,0,39,0,0,10,0,10,3,17,29,0,49,55,0,55,104
08/21/2019,AZO,MI,AGL,CE,Combined TRACON& Tower with Radar,3,18,43,0,64,0,4,18,3,25,3,22,61,3,89,6,0,6,95
08/22/2019,AZO,MI,AGL,CE,Combined TRACON& Tower with Radar,4,18,46,0,68,0,11,75,0,86,4,29,121,0,154,54,0,54,208
08/23/2019,AZO,MI,AGL,CE,Combined TRACON& Tower with Radar,6,22,31,0,59,0,0,69,0,69,6,22,100,0,128,56,0,56,184
08/24/2019,AZO,MI,AGL,CE,Combined TRACON& Tower with Radar,4,15,19,0,38,0,14,34,0,48,4,29,53,0,86,54,0,54,140
08/25/2019,AZO,MI,AGL,CE,Combined TRACON& Tower with Radar,4,19,21,0,44,0,5,55,0,60,4,24,76,0,104,47,0,47,151
08/26/2019,AZO,MI,AGL,CE,Combined TRACON& Tower with Radar,4,21,16,0,41,0,0,3,0,3,4,21,19,0,44,1,0,1,45
08/27/2019,AZO,MI,AGL,CE,Combined TRACON& Tower with Radar,4,20,25,0,49,0,6,25,0,31,4,26,50,0,80,4,0,4,84
08/28/2019,AZO,MI,AGL,CE,Combined TRACON& Tower with Radar,3,18,27,1,49,0,0,33,1,34,3,18,60,2,83,23,0,23,106
08/29/2019,AZO,MI,AGL,CE,Combined TRACON& Tower with Radar,4,19,27,0,50,0,0,44,0,44,4,19,71,0,94,16,0,16,110
08/30/2019,AZO,MI,AGL,CE,Combined TRACON& Tower with Radar,5,19,35,0,59,0,4,90,0,94,5,23,125,0,153,130,0,130,283
08/31/2019,AZO,MI,AGL,CE,Combined TRACON& Tower with Radar,7,11,8,0,26,0,8,30,0,38,7,19,38,0,64,40,0,40,104
09/01/2019,AZO,MI,AGL,CE,Combined TRACON& Tower with Radar,4,11,7,0,22,0,2,30,0,32,4,13,37,0,54,60,0,60,114
09/02/2019,AZO,MI,AGL,CE,Combined TRACON& Tower with Radar,4,16,19,0,39,0,4,22,0,26,4,20,41,0,65,37,0,37,102
09/03/2019,AZO,MI,AGL,CE,Combined TRACON& Tower with Radar,4,17,17,0,38,0,0,6,0,6,4,17,23,0,44,12,0,12,56
09/04/2019,AZO,MI,AGL,CE,Combined TRACON& Tower with Radar,3,25,42,0,70,0,2,55,0,57,3,27,97,0,127,116,0,116,243
09/05/2019,AZO,MI,AGL,CE,Combined TRACON& Tower with Radar,4,18,39,0,61,0,2,71,0,73,4,20,110,0,134,86,0,86,220
09/06/2019,AZO,MI,AGL,CE,Combined TRACON& Tower with Radar,4,22,29,0,55,0,0,3,0,3,4,22,32,0,58,4,0,4,62
09/07/2019,AZO,MI,AGL,CE,Combined TRACON& Tower with Radar,4,19,30,0,53,0,8,37,0,45,4,27,67,0,98,53,0,53,151
09/08/2019,AZO,MI,AGL,CE,Combined TRACON& Tower with Radar,4,23,27,0,54,0,7,41,0,48,4,30,68,0,102,51,0,51,153
09/09/2019,AZO,MI,AGL,CE,Combined TRACON& Tower with Radar,4,24,17,0,45,0,2,37,0,39,4,26,54,0,84,70,0,70,154
09/10/2019,AZO,MI,AGL,CE,Combined TRACON& Tower with Radar,3,22,26,0,51,0,2,20,0,22,3,24,46,0,73,19,0,19,92
09/11/2019,AZO,MI,AGL,CE,Combined TRACON& Tower with Radar,4,26,22,0,52,0,0,30,0,30,4,26,52,0,82,57,0,57,139
09/12/2019,AZO,MI,AGL,CE,Combined TRACON& Tower with Radar,4,21,27,0,52,0,2,6,0,8,4,23,33,0,60,6,0,6,66
09/13/2019,AZO,MI,AGL,CE,Combined TRACON& Tower with Radar,5,24,25,0,54,0,0,16,0,16,5,24,41,0,70,6,0,6,76
09/14/2019,AZO,MI,AGL,CE,Combined TRACON& Tower with Radar,4,17,23,0,44,0,8,77,0,85,4,25,100,0,129,40,0,40,169
09/15/2019,AZO,MI,AGL,CE,Combined TRACON& Tower with Radar,4,25,16,0,45,0,2,58,0,60,4,27,74,0,105,0,0,0,105
09/16/2019,AZO,MI,AGL,CE,Combined TRACON& Tower with Radar,4,24,45,0,73,0,2,43,0,45,4,26,88,0,118,51,0,51,169
09/17/2019,AZO,MI,AGL,CE,Combined TRACON& Tower with Radar,4,22,28,0,54,0,2,44,1,47,4,24,72,1,101,39,0,39,140
09/18/2019,AZO,MI,AGL,CE,Combined TRACON& Tower with Radar,4,20,46,0,70,0,12,58,0,70,4,32,104,0,140,31,0,31,171
09/19/2019,AZO,MI,AGL,CE,Combined TRACON& Tower with Radar,4,29,45,0,78,0,2,71,2,75,4,31,116,2,153,141,0,141,294
09/20/2019,AZO,MI,AGL,CE,Combined TRACON& Tower with Radar,6,23,22,0,51,0,4,67,3,74,6,27,89,3,125,107,0,107,232
09/21/2019,AZO,MI,AGL,CE,Combined TRACON& Tower with Radar,6,14,34,0,54,0,2,45,0,47,6,16,79,0,101,24,0,24,125
09/22/2019,AZO,MI,AGL,CE,Combined TRACON& Tower with Radar,4,23,21,0,48,0,0,5,0,5,4,23,26,0,53,16,0,16,69
09/23/2019,AZO,MI,AGL,CE,Combined TRACON& Tower with Radar,4,29,25,0,58,0,1,27,0,28,4,30,52,0,86,22,0,22,108
09/24/2019,AZO,MI,AGL,CE,Combined TRACON& Tower with Radar,4,21,35,0,60,0,2,61,0,63,4,23,96,0,123,71,0,71,194
09/25/2019,AZO,MI,AGL,CE,Combined TRACON& Tower with Radar,4,23,20,0,47,0,0,38,0,38,4,23,58,0,85,26,0,26,111
09/26/2019,AZO,MI,AGL,CE,Combined TRACON& Tower with Radar,4,23,22,4,53,0,0,54,4,58,4,23,76,8,111,18,0,18,129
09/27/2019,AZO,MI,AGL,CE,Combined TRACON& Tower with Radar,4,14,14,0,32,0,0,11,0,11,4,14,25,0,43,32,0,32,75
09/28/2019,AZO,MI,AGL,CE,Combined TRACON& Tower with Radar,4,13,21,0,38,0,4,5,0,9,4,17,26,0,47,0,0,0,47
09/29/2019,AZO,MI,AGL,CE,Combined TRACON& Tower with Radar,4,29,13,0,46,0,0,1,0,1,4,29,14,0,47,0,0,0,47
09/30/2019,AZO,MI,AGL,CE,Combined TRACON& Tower with Radar,4,22,34,0,60,0,0,42,0,42,4,22,76,0,102,41,0,41,143
10/01/2019,AZO,MI,AGL,CE,Combined TRACON& Tower with Radar,4,21,33,0,58,0,1,40,0,41,4,22,73,0,99,95,0,95,194
10/02/2019,AZO,MI,AGL,CE,Combined TRACON& Tower with Radar,4,24,14,0,42,0,0,0,0,0,4,24,14,0,42,0,0,0,42
10/03/2019,AZO,MI,AGL,CE,Combined TRACON& Tower with Radar,4,24,15,0,43,0,0,3,0,3,4,24,18,0,46,0,0,0,46
10/04/2019,AZO,MI,AGL,CE,Combined TRACON& Tower with Radar,4,24,46,0,74,0,0,49,0,49,4,24,95,0,123,75,0,75,198
10/05/2019,AZO,MI,AGL,CE,Combined TRACON& Tower with Radar,6,13,20,0,39,0,0,42,0,42,6,13,62,0,81,51,0,51,132
10/06/2019,AZO,MI,AGL,CE,Combined TRACON& Tower with Radar,4,20,20,0,44,0,0,33,0,33,4,20,53,0,77,18,0,18,95
10/07/2019,AZO,MI,AGL,CE,Combined TRACON& Tower with Radar,4,21,31,0,56,0,0,55,0,55,4,21,86,0,111,39,0,39,150
10/08/2019,AZO,MI,AGL,CE,Combined TRACON& Tower with Radar,4,21,27,0,52,0,0,66,2,68,4,21,93,2,120,101,0,101,221
10/09/2019,AZO,MI,AGL,CE,Combined TRACON& Tower with Radar,4,22,32,0,58,0,0,69,4,73,4,22,101,4,131,44,0,44,175
10/10/2019,AZO,MI,AGL,CE,Combined TRACON& Tower with Radar,4,25,37,0,66,0,0,40,1,41,4,25,77,1,107,67,0,67,174
10/11/2019,AZO,MI,AGL,CE,Combined TRACON& Tower with Radar,4,22,22,0,48,0,0,6,0,6,4,22,28,0,54,0,0,0,54
10/12/2019,AZO,MI,AGL,CE,Combined TRACON& Tower with Radar,4,15,16,0,35,0,0,11,0,11,4,15,27,0,46,0,0,0,46
10/13/2019,AZO,MI,AGL,CE,Combined TRACON& Tower with Radar,4,25,14,0,43,0,0,16,0,16,4,25,30,0,59,16,0,16,75
10/14/2019,AZO,MI,AGL,CE,Combined TRACON& Tower with Radar,4,22,28,0,54,0,0,41,0,41,4,22,69,0,95,40,0,40,135
10/15/2019,AZO,MI,AGL,CE,Combined TRACON& Tower with Radar,4,25,22,0,51,0,0,25,1,26,4,25,47,1,77,55,0,55,132
10/16/2019,AZO,MI,AGL,CE,Combined TRACON& Tower with Radar,4,27,25,0,56,0,0,0,0,0,4,27,25,0,56,0,0,0,56
10/17/2019,AZO,MI,AGL,CE,Combined TRACON& Tower with Radar,4,27,35,0,66,0,2,18,0,20,4,29,53,0,86,65,0,65,151
10/18/2019,AZO,MI,AGL,CE,Combined TRACON& Tower with Radar,4,26,28,0,58,0,0,61,0,61,4,26,89,0,119,43,0,43,162
10/19/2019,AZO,MI,AGL,CE,Combined TRACON& Tower with Radar,8,14,23,0,45,0,0,40,0,40,8,14,63,0,85,0,0,0,85
10/20/2019,AZO,MI,AGL,CE,Combined TRACON& Tower with Radar,3,24,15,0,42,0,0,46,0,46,3,24,61,0,88,57,0,57,145
10/21/2019,AZO,MI,AGL,CE,Combined TRACON& Tower with Radar,4,23,14,0,41,0,0,3,0,3,4,23,17,0,44,0,0,0,44
10/22/2019,AZO,MI,AGL,CE,Combined TRACON& Tower with Radar,4,24,22,0,50,0,0,1,0,1,4,24,23,0,51,0,0,0,51
10/23/2019,AZO,MI,AGL,CE,Combined TRACON& Tower with Radar,4,24,40,1,69,0,0,42,7,49,4,24,82,8,118,11,4,15,133
10/24/2019,AZO,MI,AGL,CE,Combined TRACON& Tower with Radar,4,23,58,0,85,0,0,32,0,32,4,23,90,0,117,104,0,104,221
10/25/2019,AZO,MI,AGL,CE,Combined TRACON& Tower with Radar,4,22,33,0,59,0,2,78,0,80,4,24,111,0,139,66,0,66,205
10/26/2019,AZO,MI,AGL,CE,Combined TRACON& Tower with Radar,6,14,19,0,39,0,0,25,0,25,6,14,44,0,64,3,0,3,67
10/27/2019,AZO,MI,AGL,CE,Combined TRACON& Tower with Radar,4,18,22,0,44,0,0,15,0,15,4,18,37,0,59,13,0,13,72
10/28/2019,AZO,MI,AGL,CE,Combined TRACON& Tower with Radar,4,18,35,0,57,0,0,46,2,48,4,18,81,2,105,80,0,80,185
10/29/2019,AZO,MI,AGL,CE,Combined TRACON& Tower with Radar,4,21,33,0,58,0,0,3,0,3,4,21,36,0,61,10,0,10,71
10/30/2019,AZO,MI,AGL,CE,Combined TRACON& Tower with Radar,6,25,24,8,63,0,0,0,0,0,6,25,24,8,63,0,0,0,63
10/31/2019,AZO,MI,AGL,CE,Combined TRACON& Tower with Radar,2,18,11,0,31,0,0,0,0,0,2,18,11,0,31,0,0,0,31
11/01/2019,AZO,MI,AGL,CE,Combined TRACON& Tower with Radar,4,17,40,0,61,0,0,51,0,51,4,17,91,0,112,20,0,20,132
11/02/2019,AZO,MI,AGL,CE,Combined TRACON& Tower with Radar,7,15,13,0,35,0,0,5,0,5,7,15,18,0,40,4,0,4,44
11/03/2019,AZO,MI,AGL,CE,Combined TRACON& Tower with Radar,4,21,13,0,38,0,0,46,0,46,4,21,59,0,84,24,0,24,108
11/04/2019,AZO,MI,AGL,CE,Combined TRACON& Tower with Radar,4,23,29,0,56,0,0,26,0,26,4,23,55,0,82,18,0,18,100
11/05/2019,AZO,MI,AGL,CE,Combined TRACON& Tower with Radar,4,19,37,0,60,0,0,32,0,32,4,19,69,0,92,12,0,12,104
11/06/2019,AZO,MI,AGL,CE,Combined TRACON& Tower with Radar,4,21,30,0,55,0,1,17,0,18,4,22,47,0,73,90,0,90,163
11/07/2019,AZO,MI,AGL,CE,Combined TRACON& Tower with Radar,3,22,28,0,53,0,0,16,0,16,3,22,44,0,69,115,0,115,184
11/08/2019,AZO,MI,AGL,CE,Combined TRACON& Tower with Radar,4,22,23,0,49,0,0,51,0,51,4,22,74,0,100,100,0,100,200
11/09/2019,AZO,MI,AGL,CE,Combined TRACON& Tower with Radar,2,18,12,0,32,0,0,30,0,30,2,18,42,0,62,0,0,0,62
11/10/2019,AZO,MI,AGL,CE,Combined TRACON& Tower with Radar,2,23,8,0,33,0,0,7,0,7,2,23,15,0,40,21,0,21,61
11/11/2019,AZO,MI,AGL,CE,Combined TRACON& Tower with Radar,4,12,8,0,24,0,0,0,0,0,4,12,8,0,24,0,0,0,24
11/12/2019,AZO,MI,AGL,CE,Combined TRACON& Tower with Radar,4,23,12,0,39,0,0,4,0,4,4,23,16,0,43,4,0,4,47
11/13/2019,AZO,MI,AGL,CE,Combined TRACON& Tower with Radar,4,20,39,0,63,0,0,32,0,32,4,20,71,0,95,83,0,83,178
11/14/2019,AZO,MI,AGL,CE,Combined TRACON& Tower with Radar,4,26,24,0,54,0,0,0,0,0,4,26,24,0,54,0,0,0,54
11/15/2019,AZO,MI,AGL,CE,Combined TRACON& Tower with Radar,4,23,13,0,40,0,0,4,0,4,4,23,17,0,44,4,0,4,48
11/16/2019,AZO,MI,AGL,CE,Combined TRACON& Tower with Radar,2,18,35,0,55,0,0,66,0,66,2,18,101,0,121,64,0,64,185
11/17/2019,AZO,MI,AGL,CE,Combined TRACON& Tower with Radar,2,23,16,0,41,0,0,33,0,33,2,23,49,0,74,55,0,55,129
11/18/2019,AZO,MI,AGL,CE,Combined TRACON& Tower with Radar,4,23,18,0,45,0,0,11,0,11,4,23,29,0,56,105,0,105,161
11/19/2019,AZO,MI,AGL,CE,Combined TRACON& Tower with Radar,4,25,26,0,55,0,0,8,0,8,4,25,34,0,63,88,0,88,151
11/20/2019,AZO,MI,AGL,CE,Combined TRACON& Tower with Radar,4,23,34,0,61,0,0,8,0,8,4,23,42,0,69,71,0,71,140
11/21/2019,AZO,MI,AGL,CE,Combined TRACON& Tower with Radar,4,27,14,0,45,0,0,1,0,1,4,27,15,0,46,8,0,8,54
11/22/2019,AZO,MI,AGL,CE,Combined TRACON& Tower with Radar,4,22,53,0,79,0,0,52,0,52,4,22,105,0,131,86,0,86,217
11/23/2019,AZO,MI,AGL,CE,Combined TRACON& Tower with Radar,3,14,21,0,38,0,0,65,0,65,3,14,86,0,103,35,0,35,138
11/24/2019,AZO,MI,AGL,CE,Combined TRACON& Tower with Radar,4,21,12,0,37,0,0,16,2,18,4,21,28,2,55,33,0,33,88
11/25/2019,AZO,MI,AGL,CE,Combined TRACON& Tower with Radar,4,16,37,0,57,0,0,41,0,41,4,16,78,0,98,92,0,92,190
11/26/2019,AZO,MI,AGL,CE,Combined TRACON& Tower with Radar,4,15,32,0,51,0,0,37,3,40,4,15,69,3,91,83,0,83,174
11/27/2019,AZO,MI,AGL,CE,Combined TRACON& Tower with Radar,4,25,12,0,41,0,0,0,0,0,4,25,12,0,41,0,0,0,41
11/28/2019,AZO,MI,AGL,CE,Combined TRACON& Tower with Radar,2,8,2,0,12,0,0,3,0,3,2,8,5,0,15,0,0,0,15
11/29/2019,AZO,MI,AGL,CE,Combined TRACON& Tower with Radar,4,12,10,0,26,0,0,8,0,8,4,12,18,0,34,14,0,14,48
11/30/2019,AZO,MI,AGL,CE,Combined TRACON& Tower with Radar,4,23,11,0,38,0,0,0,0,0,4,23,11,0,38,0,0,0,38
12/01/2019,AZO,MI,AGL,CE,Combined TRACON& Tower with Radar,5,26,12,0,43,0,0,0,0,0,5,26,12,0,43,0,0,0,43
12/02/2019,AZO,MI,AGL,CE,Combined TRACON& Tower with Radar,3,20,12,0,35,0,0,2,0,2,3,20,14,0,37,22,0,22,59
12/03/2019,AZO,MI,AGL,CE,Combined TRACON& Tower with Radar,4,23,25,0,52,0,0,5,0,5,4,23,30,0,57,8,0,8,65
12/04/2019,AZO,MI,AGL,CE,Combined TRACON& Tower with Radar,4,20,15,2,41,0,0,2,0,2,4,20,17,2,43,0,0,0,43
12/05/2019,AZO,MI,AGL,CE,Combined TRACON& Tower with Radar,5,22,32,0,59,0,4,46,4,54,5,26,78,4,113,74,0,74,187
12/06/2019,AZO,MI,AGL,CE,Combined TRACON& Tower with Radar,4,24,38,0,66,0,0,26,0,26,4,24,64,0,92,28,0,28,120
12/07/2019,AZO,MI,AGL,CE,Combined TRACON& Tower with Radar,3,18,23,0,44,0,0,84,0,84,3,18,107,0,128,87,0,87,215
12/08/2019,AZO,MI,AGL,CE,Combined TRACON& Tower with Radar,3,20,14,0,37,0,0,3,0,3,3,20,17,0,40,0,0,0,40
12/09/2019,AZO,MI,AGL,CE,Combined TRACON& Tower with Radar,3,24,26,0,53,0,0,0,0,0,3,24,26,0,53,0,0,0,53
12/10/2019,AZO,MI,AGL,CE,Combined TRACON& Tower with Radar,4,22,22,0,48,0,0,0,0,0,4,22,22,0,48,0,0,0,48
12/11/2019,AZO,MI,AGL,CE,Combined TRACON& Tower with Radar,4,24,33,0,61,0,0,5,0,5,4,24,38,0,66,0,0,0,66
12/12/2019,AZO,MI,AGL,CE,Combined TRACON& Tower with Radar,4,20,22,0,46,0,0,23,2,25,4,20,45,2,71,54,0,54,125
12/13/2019,AZO,MI,AGL,CE,Combined TRACON& Tower with Radar,4,20,40,0,64,0,0,43,0,43,4,20,83,0,107,69,0,69,176
12/14/2019,AZO,MI,AGL,CE,Combined TRACON& Tower with Radar,1,17,6,0,24,0,0,1,0,1,1,17,7,0,25,0,0,0,25
12/15/2019,AZO,MI,AGL,CE,Combined TRACON& Tower with Radar,3,20,15,0,38,0,0,1,0,1,3,20,16,0,39,24,0,24,63
12/16/2019,AZO,MI,AGL,CE,Combined TRACON& Tower with Radar,4,20,23,0,47,0,0,25,0,25,4,20,48,0,72,63,0,63,135
12/17/2019,AZO,MI,AGL,CE,Combined TRACON& Tower with Radar,4,19,30,0,53,0,2,35,1,38,4,21,65,1,91,114,0,114,205
12/18/2019,AZO,MI,AGL,CE,Combined TRACON& Tower with Radar,4,21,22,0,47,0,0,2,0,2,4,21,24,0,49,0,0,0,49
12/19/2019,AZO,MI,AGL,CE,Combined TRACON& Tower with Radar,4,18,17,0,39,0,1,27,0,28,4,19,44,0,67,31,0,31,98
12/20/2019,AZO,MI,AGL,CE,Combined TRACON& Tower with Radar,3,22,25,0,50,0,0,24,0,24,3,22,49,0,74,17,0,17,91
12/21/2019,AZO,MI,AGL,CE,Combined TRACON& Tower with Radar,0,21,12,0,33,0,0,65,0,65,0,21,77,0,98,19,0,19,117
12/22/2019,AZO,MI,AGL,CE,Combined TRACON& Tower with Radar,0,22,12,0,34,0,1,35,0,36,0,23,47,0,70,65,0,65,135
12/23/2019,AZO,MI,AGL,CE,Combined TRACON& Tower with Radar,0,26,13,2,41,0,0,28,0,28,0,26,41,2,69,22,0,22,91
12/24/2019,AZO,MI,AGL,CE,Combined TRACON& Tower with Radar,2,14,4,0,20,0,0,0,0,0,2,14,4,0,20,0,0,0,20
12/25/2019,AZO,MI,AGL,CE,Combined TRACON& Tower with Radar,0,15,2,0,17,0,0,13,0,13,0,15,15,0,30,13,0,13,43
12/26/2019,AZO,MI,AGL,CE,Combined TRACON& Tower with Radar,2,27,15,0,44,0,0,14,0,14,2,27,29,0,58,14,0,14,72
12/27/2019,AZO,MI,AGL,CE,Combined TRACON& Tower with Radar,0,22,12,0,34,0,0,0,0,0,0,22,12,0,34,12,0,12,46
12/28/2019,AZO,MI,AGL,CE,Combined TRACON& Tower with Radar,0,21,10,0,31,0,0,14,0,14,0,21,24,0,45,0,0,0,45
12/29/2019,AZO,MI,AGL,CE,Combined TRACON& Tower with Radar,3,22,4,0,29,0,0,1,0,1,3,22,5,0,30,0,0,0,30
12/30/2019,AZO,MI,AGL,CE,Combined TRACON& Tower with Radar,2,18,10,0,30,0,0,2,0,2,2,18,12,0,32,0,0,0,32
12/31/2019,AZO,MI,AGL,CE,Combined TRACON& Tower with Radar,3,11,6,0,20,0,0,0,0,0,3,11,6,0,20,0,0,0,20
01/01/2020,AZO,MI,AGL,CE,Combined TRACON& Tower with Radar,0,18,9,0,27,0,0,17,0,17,0,18,26,0,44,23,0,23,67
01/02/2020,AZO,MI,AGL,CE,Combined TRACON& Tower with Radar,0,23,18,0,41,0,0,10,0,10,0,23,28,0,51,20,0,20,71
01/03/2020,AZO,MI,AGL,CE,Combined TRACON& Tower with Radar,0,21,12,0,33,0,0,0,0,0,0,21,12,0,33,0,0,0,33
01/04/2020,AZO,MI,AGL,CE,Combined TRACON& Tower with Radar,0,20,8,0,28,0,0,5,0,5,0,20,13,0,33,36,0,36,69
01/05/2020,AZO,MI,AGL,CE,Combined TRACON& Tower with Radar,0,20,13,0,33,0,0,9,0,9,0,20,22,0,42,24,0,24,66
01/06/2020,AZO,MI,AGL,CE,Combined TRACON& Tower with Radar,0,21,22,0,43,0,0,37,0,37,0,21,59,0,80,40,0,40,120
01/07/2020,AZO,MI,AGL,CE,Combined TRACON& Tower with Radar,0,22,11,0,33,0,0,19,4,23,0,22,30,4,56,44,0,44,100
01/08/2020,AZO,MI,AGL,CE,Combined TRACON& Tower with Radar,0,21,35,0,56,0,0,10,0,10,0,21,45,0,66,52,0,52,118
01/09/2020,AZO,MI,AGL,CE,Combined TRACON& Tower with Radar,0,25,20,2,47,0,0,5,0,5,0,25,25,2,52,0,0,0,52
01/10/2020,AZO,MI,AGL,CE,Combined TRACON& Tower with Radar,0,21,7,0,28,0,0,0,0,0,0,21,7,0,28,0,0,0,28
01/11/2020,AZO,MI,AGL,CE,Combined TRACON& Tower with Radar,0,8,4,0,12,0,0,0,0,0,0,8,4,0,12,0,0,0,12
01/12/2020,AZO,MI,AGL,CE,Combined TRACON& Tower with Radar,0,21,9,0,30,0,0,6,0,6,0,21,15,0,36,67,0,67,103
01/13/2020,AZO,MI,AGL,CE,Combined TRACON& Tower with Radar,0,21,19,0,40,0,0,0,0,0,0,21,19,0,40,0,0,0,40
01/14/2020,AZO,MI,AGL,CE,Combined TRACON& Tower with Radar,1,21,17,0,39,0,0,2,0,2,1,21,19,0,41,0,0,0,41
01/15/2020,AZO,MI,AGL,CE,Combined TRACON& Tower with Radar,1,19,14,0,34,0,0,1,0,1,1,19,15,0,35,4,0,4,39
01/16/2020,AZO,MI,AGL,CE,Combined TRACON& Tower with Radar,1,22,31,0,54,0,0,7,0,7,1,22,38,0,61,12,0,12,73
01/17/2020,AZO,MI,AGL,CE,Combined TRACON& Tower with Radar,0,17,27,0,44,0,2,64,0,66,0,19,91,0,110,61,0,61,171
01/18/2020,AZO,MI,AGL,CE,Combined TRACON& Tower with Radar,0,6,5,0,11,0,0,0,0,0,0,6,5,0,11,0,0,0,11
01/19/2020,AZO,MI,AGL,CE,Combined TRACON& Tower with Radar,3,19,8,0,30,0,0,3,0,3,3,19,11,0,33,0,0,0,33
01/20/2020,AZO,MI,AGL,CE,Combined TRACON& Tower with Radar,1,22,14,0,37,0,0,3,0,3,1,22,17,0,40,63,0,63,103
01/21/2020,AZO,MI,AGL,CE,Combined TRACON& Tower with Radar,1,21,38,0,60,0,0,38,2,40,1,21,76,2,100,137,0,137,237
01/22/2020,AZO,MI,AGL,CE,Combined TRACON& Tower with Radar,1,18,24,0,43,0,1,62,0,63,1,19,86,0,106,313,0,313,419
01/23/2020,AZO,MI,AGL,CE,Combined TRACON& Tower with Radar,1,21,19,0,41,0,0,8,0,8,1,21,27,0,49,68,0,68,117
01/24/2020,AZO,MI,AGL,CE,Combined TRACON& Tower with Radar,3,18,14,0,35,0,0,0,0,0,3,18,14,0,35,0,0,0,35
01/25/2020,AZO,MI,AGL,CE,Combined TRACON& Tower with Radar,3,15,10,0,28,0,0,0,0,0,3,15,10,0,28,0,0,0,28
01/26/2020,AZO,MI,AGL,CE,Combined TRACON& Tower with Radar,2,20,13,0,35,0,0,0,0,0,2,20,13,0,35,0,0,0,35
01/27/2020,AZO,MI,AGL,CE,Combined TRACON& Tower with Radar,2,20,12,0,34,0,0,2,0,2,2,20,14,0,36,26,0,26,62
01/28/2020,AZO,MI,AGL,CE,Combined TRACON& Tower with Radar,2,19,24,0,45,0,0,4,0,4,2,19,28,0,49,28,0,28,77
01/29/2020,AZO,MI,AGL,CE,Combined TRACON& Tower with Radar,2,20,34,0,56,0,0,27,0,27,2,20,61,0,83,145,0,145,228
01/30/2020,AZO,MI,AGL,CE,Combined TRACON& Tower with Radar,2,20,48,0,70,0,0,60,0,60,2,20,108,0,130,107,0,107,237
01/31/2020,AZO,MI,AGL,CE,Combined TRACON& Tower with Radar,1,20,20,0,41,0,0,22,0,22,1,20,42,0,63,125,0,125,188
02/01/2020,AZO,MI,AGL,CE,Combined TRACON& Tower with Radar,2,19,5,0,26,0,0,0,0,0,2,19,5,0,26,0,0,0,26
02/02/2020,AZO,MI,AGL,CE,Combined TRACON& Tower with Radar,2,20,9,0,31,0,1,15,0,16,2,21,24,0,47,23,0,23,70
02/03/2020,AZO,MI,AGL,CE,Combined TRACON& Tower with Radar,2,22,32,0,56,0,0,81,0,81,2,22,113,0,137,79,0,79,216
02/04/2020,AZO,MI,AGL,CE,Combined TRACON& Tower with Radar,2,21,30,0,53,0,0,21,0,21,2,21,51,0,74,53,0,53,127
02/05/2020,AZO,MI,AGL,CE,Combined TRACON& Tower with Radar,1,20,37,0,58,0,0,28,0,28,1,20,65,0,86,14,0,14,100
02/06/2020,AZO,MI,AGL,CE,Combined TRACON& Tower with Radar,2,20,11,0,33,0,0,0,0,0,2,20,11,0,33,0,0,0,33
02/07/2020,AZO,MI,AGL,CE,Combined TRACON& Tower with Radar,2,20,23,0,45,0,0,15,0,15,2,20,38,0,60,4,0,4,64
02/08/2020,AZO,MI,AGL,CE,Combined TRACON& Tower with Radar,2,17,8,0,27,0,0,6,0,6,2,17,14,0,33,12,0,12,45
02/09/2020,AZO,MI,AGL,CE,Combined TRACON& Tower with Radar,3,16,5,0,24,0,0,0,0,0,3,16,5,0,24,0,0,0,24
02/10/2020,AZO,MI,AGL,CE,Combined TRACON& Tower with Radar,3,18,8,0,29,0,0,5,0,5,3,18,13,0,34,8,0,8,42
02/11/2020,AZO,MI,AGL,CE,Combined TRACON& Tower with Radar,2,26,33,0,61,0,0,20,0,20,2,26,53,0,81,44,0,44,125
02/12/2020,AZO,MI,AGL,CE,Combined TRACON& Tower with Radar,1,15,15,0,31,0,0,18,0,18,1,15,33,0,49,50,0,50,99
02/13/2020,AZO,MI,AGL,CE,Combined TRACON& Tower with Radar,5,15,3,0,23,0,0,6,0,6,5,15,9,0,29,9,0,9,38
02/14/2020,AZO,MI,AGL,CE,Combined TRACON& Tower with Radar,2,23,15,0,40,0,0,24,0,24,2,23,39,0,64,22,0,22,86
02/15/2020,AZO,MI,AGL,CE,Combined TRACON& Tower with Radar,2,18,12,0,32,0,0,15,0,15,2,18,27,0,47,6,0,6,53
02/16/2020,AZO,MI,AGL,CE,Combined TRACON& Tower with Radar,2,17,31,0,50,0,0,49,0,49,2,17,80,0,99,18,0,18,117
02/17/2020,AZO,MI,AGL,CE,Combined TRACON& Tower with Radar,0,17,31,0,48,0,0,24,0,24,0,17,55,0,72,35,0,35,107
02/18/2020,AZO,MI,AGL,CE,Combined TRACON& Tower with Radar,2,23,15,0,40,0,0,5,0,5,2,23,20,0,45,11,0,11,56
02/19/2020,AZO,MI,AGL,CE,Combined TRACON& Tower with Radar,2,20,33,0,55,0,2,66,0,68,2,22,99,0,123,128,0,128,251
02/20/2020,AZO,MI,AGL,CE,Combined TRACON& Tower with Radar,2,22,29,0,53,0,0,40,0,40,2,22,69,0,93,52,0,52,145
02/21/2020,AZO,MI,AGL,CE,Combined TRACON& Tower with Radar,2,20,22,0,44,0,0,49,0,49,2,20,71,0,93,71,0,71,164
02/22/2020,AZO,MI,AGL,CE,Combined TRACON& Tower with Radar,2,18,20,0,40,0,0,66,0,66,2,18,86,0,106,26,0,26,132
02/23/2020,AZO,MI,AGL,CE,Combined TRACON& Tower with Radar,2,19,18,0,39,0,0,79,0,79,2,19,97,0,118,32,0,32,150
02/24/2020,AZO,MI,AGL,CE,Combined TRACON& Tower with Radar,2,22,26,0,50,0,2,12,0,14,2,24,38,0,64,112,0,112,176
02/25/2020,AZO,MI,AGL,CE,Combined TRACON& Tower with Radar,1,19,7,0,27,0,0,0,0,0,1,19,7,0,27,0,0,0,27
02/26/2020,AZO,MI,AGL,CE,Combined TRACON& Tower with Radar,2,20,8,0,30,0,0,0,0,0,2,20,8,0,30,0,0,0,30
02/27/2020,AZO,MI,AGL,CE,Combined TRACON& Tower with Radar,2,19,18,0,39,0,0,0,0,0,2,19,18,0,39,0,0,0,39
02/28/2020,AZO,MI,AGL,CE,Combined TRACON& Tower with Radar,2,23,17,0,42,0,0,13,0,13,2,23,30,0,55,8,0,8,63
02/29/2020,AZO,MI,AGL,CE,Combined TRACON& Tower with Radar,1,21,20,0,42,0,0,33,0,33,1,21,53,0,75,12,0,12,87
03/01/2020,AZO,MI,AGL,CE,Combined TRACON& Tower with Radar,1,20,12,0,33,0,0,23,0,23,1,20,35,0,56,20,0,20,76
03/02/2020,AZO,MI,AGL,CE,Combined TRACON& Tower with Radar,1,22,24,0,47,0,1,21,0,22,1,23,45,0,69,77,0,77,146
03/03/2020,AZO,MI,AGL,CE,Combined TRACON& Tower with Radar,1,20,13,0,34,0,0,18,0,18,1,20,31,0,52,39,0,39,91
03/04/2020,AZO,MI,AGL,CE,Combined TRACON& Tower with Radar,2,23,18,0,43,0,0,13,0,13,2,23,31,0,56,29,0,29,85
03/05/2020,AZO,MI,AGL,CE,Combined TRACON& Tower with Radar,2,21,27,0,50,0,0,23,0,23,2,21,50,0,73,13,0,13,86
03/06/2020,AZO,MI,AGL,CE,Combined TRACON& Tower with Radar,2,20,9,0,31,0,0,3,0,3,2,20,12,0,34,14,0,14,48
03/07/2020,AZO,MI,AGL,CE,Combined TRACON& Tower with Radar,2,16,12,0,30,0,0,83,0,83,2,16,95,0,113,48,0,48,161
03/08/2020,AZO,MI,AGL,CE,Combined TRACON& Tower with Radar,2,17,12,0,31,0,0,16,0,16,2,17,28,0,47,24,0,24,71
03/09/2020,AZO,MI,AGL,CE,Combined TRACON& Tower with Radar,1,20,14,0,35,0,0,8,0,8,1,20,22,0,43,21,0,21,64
03/10/2020,AZO,MI,AGL,CE,Combined TRACON& Tower with Radar,1,20,33,0,54,0,0,38,0,38,1,20,71,0,92,71,0,71,163
03/11/2020,AZO,MI,AGL,CE,Combined TRACON& Tower with Radar,2,23,9,0,34,0,0,0,0,0,2,23,9,0,34,0,0,0,34
03/12/2020,AZO,MI,AGL,CE,Combined TRACON& Tower with Radar,4,22,33,0,59,0,0,19,0,19,4,22,52,0,78,105,0,105,183
03/13/2020,AZO,MI,AGL,CE,Combined TRACON& Tower with Radar,4,20,13,0,37,0,0,9,0,9,4,20,22,0,46,17,0,17,63
03/14/2020,AZO,MI,AGL,CE,Combined TRACON& Tower with Radar,2,16,30,0,48,0,0,52,0,52,2,16,82,0,100,71,0,71,171
03/15/2020,AZO,MI,AGL,CE,Combined TRACON& Tower with Radar,6,16,22,0,44,0,0,89,2,91,6,16,111,2,135,36,0,36,171
03/16/2020,AZO,MI,AGL,CE,Combined TRACON& Tower with Radar,6,19,19,0,44,0,0,29,4,33,6,19,48,4,77,70,0,70,147
03/17/2020,AZO,MI,AGL,CE,Combined TRACON& Tower with Radar,4,23,26,0,53,0,0,38,0,38,4,23,64,0,91,60,0,60,151
03/18/2020,AZO,MI,AGL,CE,Combined TRACON& Tower with Radar,6,18,18,0,42,0,0,16,0,16,6,18,34,0,58,36,0,36,94
03/19/2020,AZO,MI,AGL,CE,Combined TRACON& Tower with Radar,7,20,16,0,43,0,0,0,0,0,7,20,16,0,43,0,0,0,43
03/20/2020,AZO,MI,AGL,CE,Combined TRACON& Tower with Radar,1,17,12,0,30,0,0,0,0,0,1,17,12,0,30,0,0,0,30
03/21/2020,AZO,MI,AGL,CE,Combined TRACON& Tower with Radar,2,15,15,0,32,0,0,34,0,34,2,15,49,0,66,67,0,67,133
03/22/2020,AZO,MI,AGL,CE,Combined TRACON& Tower with Radar,2,14,3,0,19,0,0,13,0,13,2,14,16,0,32,36,0,36,68
03/23/2020,AZO,MI,AGL,CE,Combined TRACON& Tower with Radar,2,14,5,0,21,0,0,4,0,4,2,14,9,0,25,13,0,13,38
03/24/2020,AZO,MI,AGL,CE,Combined TRACON& Tower with Radar,2,15,8,0,25,0,1,6,0,7,2,16,14,0,32,8,0,8,40
03/25/2020,AZO,MI,AGL,CE,Combined TRACON& Tower with Radar,2,9,1,0,12,0,0,21,0,21,2,9,22,0,33,0,0,0,33
03/26/2020,AZO,MI,AGL,CE,Combined TRACON& Tower with Radar,1,10,3,0,14,0,0,6,0,6,1,10,9,0,20,17,0,17,37
03/27/2020,AZO,MI,AGL,CE,Combined TRACON& Tower with Radar,1,8,5,0,14,0,0,1,0,1,1,8,6,0,15,0,0,0,15
03/28/2020,AZO,MI,AGL,CE,Combined TRACON& Tower with Radar,0,17,3,0,20,0,0,0,0,0,0,17,3,0,20,0,0,0,20
03/29/2020,AZO,MI,AGL,CE,Combined TRACON& Tower with Radar,0,13,2,0,15,0,0,0,0,0,0,13,2,0,15,0,0,0,15
03/30/2020,AZO,MI,AGL,CE,Combined TRACON& Tower with Radar,0,11,3,0,14,0,0,2,0,2,0,11,5,0,16,17,0,17,33
03/31/2020,AZO,MI,AGL,CE,Combined TRACON& Tower with Radar,0,9,24,0,33,0,0,1,0,1,0,9,25,0,34,0,0,0,34
04/01/2020,AZO,MI,AGL,CE,Combined TRACON& Tower with Radar,2,9,10,0,21,0,0,12,0,12,2,9,22,0,33,0,0,0,33
04/02/2020,AZO,MI,AGL,CE,Combined TRACON& Tower with Radar,0,12,4,0,16,0,0,39,2,41,0,12,43,2,57,82,0,82,139
04/03/2020,AZO,MI,AGL,CE,Combined TRACON& Tower with Radar,0,11,12,0,23,0,0,14,0,14,0,11,26,0,37,6,0,6,43
04/04/2020,AZO,MI,AGL,CE,Combined TRACON& Tower with Radar,0,9,8,0,17,0,0,0,0,0,0,9,8,0,17,0,0,0,17
04/05/2020,AZO,MI,AGL,CE,Combined TRACON& Tower with Radar,0,8,3,0,11,0,0,9,0,9,0,8,12,0,20,6,0,6,26
04/06/2020,AZO,MI,AGL,CE,Combined TRACON& Tower with Radar,0,11,8,0,19,0,0,20,0,20,0,11,28,0,39,24,0,24,63
04/07/2020,AZO,MI,AGL,CE,Combined TRACON& Tower with Radar,0,6,4,0,10,0,0,5,0,5,0,6,9,0,15,0,0,0,15
04/08/2020,AZO,MI,AGL,CE,Combined TRACON& Tower with Radar,0,6,13,0,19,0,0,12,0,12,0,6,25,0,31,18,0,18,49
04/09/2020,AZO,MI,AGL,CE,Combined TRACON& Tower with Radar,0,9,3,0,12,0,0,0,0,0,0,9,3,0,12,4,0,4,16
04/10/2020,AZO,MI,AGL,CE,Combined TRACON& Tower with Radar,0,10,7,0,17,0,0,5,0,5,0,10,12,0,22,0,0,0,22
04/11/2020,AZO,MI,AGL,CE,Combined TRACON& Tower with Radar,0,8,4,0,12,0,0,27,0,27,0,8,31,0,39,18,0,18,57
04/12/2020,AZO,MI,AGL,CE,Combined TRACON& Tower with Radar,0,8,1,0,9,0,0,3,0,3,0,8,4,0,12,10,0,10,22
04/13/2020,AZO,MI,AGL,CE,Combined TRACON& Tower with Radar,0,10,2,0,12,0,0,0,0,0,0,10,2,0,12,0,0,0,12
04/14/2020,AZO,MI,AGL,CE,Combined TRACON& Tower with Radar,0,8,8,1,17,0,0,5,1,6,0,8,13,2,23,17,6,23,46
04/15/2020,AZO,MI,AGL,CE,Combined TRACON& Tower with Radar,0,8,6,0,14,0,0,1,0,1,0,8,7,0,15,0,0,0,15
04/16/2020,AZO,MI,AGL,CE,Combined TRACON& Tower with Radar,0,8,5,0,13,0,0,12,0,12,0,8,17,0,25,17,0,17,42
04/17/2020,AZO,MI,AGL,CE,Combined TRACON& Tower with Radar,0,9,7,0,16,0,0,0,0,0,0,9,7,0,16,0,0,0,16
04/18/2020,AZO,MI,AGL,CE,Combined TRACON& Tower with Radar,0,6,0,0,6,0,0,12,0,12,0,6,12,0,18,14,0,14,32
04/19/2020,AZO,MI,AGL,CE,Combined TRACON& Tower with Radar,0,7,4,0,11,0,0,7,0,7,0,7,11,0,18,6,0,6,24
04/20/2020,AZO,MI,AGL,CE,Combined TRACON& Tower with Radar,0,7,2,0,9,0,0,18,0,18,0,7,20,0,27,4,0,4,31
04/21/2020,AZO,MI,AGL,CE,Combined TRACON& Tower with Radar,0,6,4,0,10,0,0,2,0,2,0,6,6,0,12,8,0,8,20
04/22/2020,AZO,MI,AGL,CE,Combined TRACON& Tower with Radar,0,8,10,0,18,0,0,11,0,11,0,8,21,0,29,14,0,14,43
04/23/2020,AZO,MI,AGL,CE,Combined TRACON& Tower with Radar,0,7,2,0,9,0,0,2,0,2,0,7,4,0,11,0,0,0,11
04/24/2020,AZO,MI,AGL,CE,Combined TRACON& Tower with Radar,0,8,12,0,20,0,0,2,0,2,0,8,14,0,22,10,0,10,32
04/25/2020,AZO,MI,AGL,CE,Combined TRACON& Tower with Radar,0,9,9,0,18,0,0,5,0,5,0,9,14,0,23,0,0,0,23
04/26/2020,AZO,MI,AGL,CE,Combined TRACON& Tower with Radar,0,6,3,0,9,0,0,11,0,11,0,6,14,0,20,14,0,14,34
04/27/2020,AZO,MI,AGL,CE,Combined TRACON& Tower with Radar,0,4,9,0,13,0,0,24,0,24,0,4,33,0,37,62,0,62,99
04/28/2020,AZO,MI,AGL,CE,Combined TRACON& Tower with Radar,0,4,7,0,11,0,0,14,0,14,0,4,21,0,25,55,0,55,80
04/29/2020,AZO,MI,AGL,CE,Combined TRACON& Tower with Radar,0,5,8,0,13,0,0,0,0,0,0,5,8,0,13,0,0,0,13
04/30/2020,AZO,MI,AGL,CE,Combined TRACON& Tower with Radar,0,4,2,0,6,0,0,0,0,0,0,4,2,0,6,0,0,0,6
05/01/2020,AZO,MI,AGL,CE,Combined TRACON& Tower with Radar,2,3,10,0,15,0,0,70,0,70,2,3,80,0,85,93,0,93,178
05/02/2020,AZO,MI,AGL,CE,Combined TRACON& Tower with Radar,0,5,7,0,12,0,0,21,0,21,0,5,28,0,33,32,0,32,65
05/03/2020,AZO,MI,AGL,CE,Combined TRACON& Tower with Radar,0,8,13,0,21,0,0,27,0,27,0,8,40,0,48,10,0,10,58
05/04/2020,AZO,MI,AGL,CE,Combined TRACON& Tower with Radar,0,6,14,0,20,0,1,43,0,44,0,7,57,0,64,54,0,54,118
05/05/2020,AZO,MI,AGL,CE,Combined TRACON& Tower with Radar,0,3,9,0,12,0,0,16,0,16,0,3,25,0,28,64,0,64,92
05/06/2020,AZO,MI,AGL,CE,Combined TRACON& Tower with Radar,0,5,18,0,23,0,0,32,2,34,0,5,50,2,57,10,0,10,67
05/07/2020,AZO,MI,AGL,CE,Combined TRACON& Tower with Radar,0,5,4,0,9,0,0,23,0,23,0,5,27,0,32,29,0,29,61
05/08/2020,AZO,MI,AGL,CE,Combined TRACON& Tower with Radar,0,5,7,0,12,0,0,4,0,4,0,5,11,0,16,4,0,4,20
05/09/2020,AZO,MI,AGL,CE,Combined TRACON& Tower with Radar,0,6,5,0,11,0,0,7,0,7,0,6,12,0,18,4,0,4,22
05/10/2020,AZO,MI,AGL,CE,Combined TRACON& Tower with Radar,0,4,9,0,13,0,0,0,0,0,0,4,9,0,13,0,0,0,13
05/11/2020,AZO,MI,AGL,CE,Combined TRACON& Tower with Radar,0,5,11,0,16,0,0,15,0,15,0,5,26,0,31,5,0,5,36
05/12/2020,AZO,MI,AGL,CE,Combined TRACON& Tower with Radar,0,3,11,0,14,0,0,20,0,20,0,3,31,0,34,24,0,24,58
05/13/2020,AZO,MI,AGL,CE,Combined TRACON& Tower with Radar,0,3,20,0,23,0,0,42,0,42,0,3,62,0,65,65,0,65,130
05/14/2020,AZO,MI,AGL,CE,Combined TRACON& Tower with Radar,0,9,12,0,21,0,0,0,0,0,0,9,12,0,21,0,0,0,21
05/15/2020,AZO,MI,AGL,CE,Combined TRACON& Tower with Radar,0,5,5,0,10,0,0,12,0,12,0,5,17,0,22,0,0,0,22
05/16/2020,AZO,MI,AGL,CE,Combined TRACON& Tower with Radar,0,1,22,0,23,0,0,15,2,17,0,1,37,2,40,6,0,6,46
05/17/2020,AZO,MI,AGL,CE,Combined TRACON& Tower with Radar,0,6,5,0,11,0,0,0,0,0,0,6,5,0,11,0,0,0,11
05/18/2020,AZO,MI,AGL,CE,Combined TRACON& Tower with Radar,0,3,14,0,17,0,0,0,0,0,0,3,14,0,17,0,0,0,17
05/19/2020,AZO,MI,AGL,CE,Combined TRACON& Tower with Radar,0,3,17,0,20,0,0,2,0,2,0,3,19,0,22,4,0,4,26
05/20/2020,AZO,MI,AGL,CE,Combined TRACON& Tower with Radar,0,5,19,0,24,0,1,51,0,52,0,6,70,0,76,51,0,51,127
05/21/2020,AZO,MI,AGL,CE,Combined TRACON& Tower with Radar,0,7,19,0,26,0,1,36,0,37,0,8,55,0,63,44,0,44,107
05/22/2020,AZO,MI,AGL,CE,Combined TRACON& Tower with Radar,0,5,13,0,18,0,0,12,0,12,0,5,25,0,30,23,0,23,53
05/23/2020,AZO,MI,AGL,CE,Combined TRACON& Tower with Radar,0,4,9,0,13,0,0,13,0,13,0,4,22,0,26,58,0,58,84
05/24/2020,AZO,MI,AGL,CE,Combined TRACON& Tower with Radar,0,6,4,0,10,0,0,30,0,30,0,6,34,0,40,21,0,21,61
05/25/2020,AZO,MI,AGL,CE,Combined TRACON& Tower with Radar,0,5,5,0,10,0,0,13,0,13,0,5,18,0,23,113,0,113,136
05/26/2020,AZO,MI,AGL,CE,Combined TRACON& Tower with Radar,0,3,17,0,20,0,0,22,0,22,0,3,39,0,42,36,0,36,78
05/27/2020,AZO,MI,AGL,CE,Combined TRACON& Tower with Radar,0,3,11,0,14,0,0,12,0,12,0,3,23,0,26,52,0,52,78
05/28/2020,AZO,MI,AGL,CE,Combined TRACON& Tower with Radar,0,6,8,0,14,0,0,15,0,15,0,6,23,0,29,39,0,39,68
05/29/2020,AZO,MI,AGL,CE,Combined TRACON& Tower with Radar,0,6,22,0,28,0,0,16,1,17,0,6,38,1,45,17,0,17,62
05/30/2020,AZO,MI,AGL,CE,Combined TRACON& Tower with Radar,0,4,12,0,16,0,0,44,0,44,0,4,56,0,60,15,0,15,75
05/31/2020,AZO,MI,AGL,CE,Combined TRACON& Tower with Radar,0,4,15,0,19,0,0,46,0,46,0,4,61,0,65,94,0,94,159
06/01/2020,AZO,MI,AGL,CE,Combined TRACON& Tower with Radar,0,3,11,0,14,0,0,32,0,32,0,3,43,0,46,59,0,59,105
06/02/2020,AZO,MI,AGL,CE,Combined TRACON& Tower with Radar,0,3,13,0,16,0,0,26,0,26,0,3,39,0,42,35,0,35,77
06/03/2020,AZO,MI,AGL,CE,Combined TRACON& Tower with Radar,2,4,9,0,15,0,0,20,0,20,2,4,29,0,35,112,0,112,147
06/04/2020,AZO,MI,AGL,CE,Combined TRACON& Tower with Radar,0,6,14,0,20,0,0,45,0,45,0,6,59,0,65,56,0,56,121
06/05/2020,AZO,MI,AGL,CE,Combined TRACON& Tower with Radar,0,5,13,0,18,0,0,32,0,32,0,5,45,0,50,51,0,51,101
06/06/2020,AZO,MI,AGL,CE,Combined TRACON& Tower with Radar,0,4,15,0,19,0,0,33,0,33,0,4,48,0,52,55,0,55,107
06/07/2020,AZO,MI,AGL,CE,Combined TRACON& Tower with Radar,0,5,8,0,13,0,0,45,1,46,0,5,53,1,59,88,0,88,147
06/08/2020,AZO,MI,AGL,CE,Combined TRACON& Tower with Radar,0,5,4,0,9,0,0,58,0,58,0,5,62,0,67,91,0,91,158
06/09/2020,AZO,MI,AGL,CE,Combined TRACON& Tower with Radar,0,5,16,0,21,0,0,35,0,35,0,5,51,0,56,32,0,32,88
06/10/2020,AZO,MI,AGL,CE,Combined TRACON& Tower with Radar,0,4,6,0,10,0,0,2,0,2,0,4,8,0,12,0,0,0,12
06/11/2020,AZO,MI,AGL,CE,Combined TRACON& Tower with Radar,0,9,18,0,27,0,1,31,0,32,0,10,49,0,59,12,0,12,71
06/12/2020,AZO,MI,AGL,CE,Combined TRACON& Tower with Radar,0,6,14,0,20,0,1,59,0,60,0,7,73,0,80,89,0,89,169
06/13/2020,AZO,MI,AGL,CE,Combined TRACON& Tower with Radar,0,5,5,0,10,0,0,36,0,36,0,5,41,0,46,41,0,41,87
06/14/2020,AZO,MI,AGL,CE,Combined TRACON& Tower with Radar,0,5,8,0,13,0,0,34,0,34,0,5,42,0,47,16,0,16,63
06/15/2020,AZO,MI,AGL,CE,Combined TRACON& Tower with Radar,0,7,14,0,21,0,0,34,0,34,0,7,48,0,55,72,0,72,127
06/16/2020,AZO,MI,AGL,CE,Combined TRACON& Tower with Radar,0,5,15,0,20,0,0,46,0,46,0,5,61,0,66,129,0,129,195
06/17/2020,AZO,MI,AGL,CE,Combined TRACON& Tower with Radar,0,2,17,0,19,0,0,63,0,63,0,2,80,0,82,113,0,113,195
06/18/2020,AZO,MI,AGL,CE,Combined TRACON& Tower with Radar,0,7,22,0,29,0,0,42,0,42,0,7,64,0,71,144,0,144,215
06/19/2020,AZO,MI,AGL,CE,Combined TRACON& Tower with Radar,0,8,20,0,28,0,0,32,0,32,0,8,52,0,60,45,0,45,105
06/20/2020,AZO,MI,AGL,CE,Combined TRACON& Tower with Radar,0,5,7,0,12,0,0,49,0,49,0,5,56,0,61,4,0,4,65
06/21/2020,AZO,MI,AGL,CE,Combined TRACON& Tower with Radar,0,6,10,0,16,0,1,10,0,11,0,7,20,0,27,4,0,4,31
06/22/2020,AZO,MI,AGL,CE,Combined TRACON& Tower with Radar,0,11,29,0,40,0,0,17,0,17,0,11,46,0,57,52,0,52,109
06/23/2020,AZO,MI,AGL,CE,Combined TRACON& Tower with Radar,0,5,19,0,24,0,0,4,0,4,0,5,23,0,28,4,0,4,32
06/24/2020,AZO,MI,AGL,CE,Combined TRACON& Tower with Radar,0,2,42,0,44,0,0,66,0,66,0,2,108,0,110,81,0,81,191
06/25/2020,AZO,MI,AGL,CE,Combined TRACON& Tower with Radar,0,9,38,0,47,0,0,72,6,78,0,9,110,6,125,55,0,55,180
06/26/2020,AZO,MI,AGL,CE,Combined TRACON& Tower with Radar,0,6,26,0,32,0,0,11,0,11,0,6,37,0,43,34,0,34,77
06/27/2020,AZO,MI,AGL,CE,Combined TRACON& Tower with Radar,0,7,10,0,17,0,0,10,0,10,0,7,20,0,27,0,0,0,27
06/28/2020,AZO,MI,AGL,CE,Combined TRACON& Tower with Radar,0,7,16,0,23,0,0,47,0,47,0,7,63,0,70,31,0,31,101
06/29/2020,AZO,MI,AGL,CE,Combined TRACON& Tower with Radar,0,8,27,0,35,0,0,41,0,41,0,8,68,0,76,180,0,180,256
06/30/2020,AZO,MI,AGL,CE,Combined TRACON& Tower with Radar,0,5,36,0,41,0,0,56,0,56,0,5,92,0,97,131,0,131,228
07/01/2020,AZO,MI,AGL,CE,Combined TRACON& Tower with Radar,0,2,41,0,43,0,0,72,0,72,0,2,113,0,115,166,0,166,281
07/02/2020,AZO,MI,AGL,CE,Combined TRACON& Tower with Radar,0,12,40,0,52,0,0,62,0,62,0,12,102,0,114,117,0,117,231
07/03/2020,AZO,MI,AGL,CE,Combined TRACON& Tower with Radar,0,10,15,0,25,0,0,57,0,57,0,10,72,0,82,36,0,36,118
07/04/2020,AZO,MI,AGL,CE,Combined TRACON& Tower with Radar,0,12,8,0,20,0,0,27,0,27,0,12,35,0,47,0,0,0,47
07/05/2020,AZO,MI,AGL,CE,Combined TRACON& Tower with Radar,0,14,9,0,23,0,0,17,0,17,0,14,26,0,40,24,0,24,64
07/06/2020,AZO,MI,AGL,CE,Combined TRACON& Tower with Radar,0,11,24,0,35,0,0,49,0,49,0,11,73,0,84,45,0,45,129
07/07/2020,AZO,MI,AGL,CE,Combined TRACON& Tower with Radar,0,9,32,2,43,0,0,34,0,34,0,9,66,2,77,180,0,180,257
07/08/2020,AZO,MI,AGL,CE,Combined TRACON& Tower with Radar,0,10,22,0,32,0,0,26,2,28,0,10,48,2,60,91,0,91,151
07/09/2020,AZO,MI,AGL,CE,Combined TRACON& Tower with Radar,2,11,17,0,30,0,0,34,0,34,2,11,51,0,64,153,0,153,217
07/10/2020,AZO,MI,AGL,CE,Combined TRACON& Tower with Radar,0,12,12,0,24,0,0,4,0,4,0,12,16,0,28,0,0,0,28
07/11/2020,AZO,MI,AGL,CE,Combined TRACON& Tower with Radar,0,11,19,0,30,0,0,44,0,44,0,11,63,0,74,19,0,19,93
07/12/2020,AZO,MI,AGL,CE,Combined TRACON& Tower with Radar,0,10,13,0,23,0,0,15,0,15,0,10,28,0,38,26,0,26,64
07/13/2020,AZO,MI,AGL,CE,Combined TRACON& Tower with Radar,0,14,42,0,56,0,0,84,0,84,0,14,126,0,140,90,0,90,230
07/14/2020,AZO,MI,AGL,CE,Combined TRACON& Tower with Radar,0,8,20,0,28,0,0,58,0,58,0,8,78,0,86,72,0,72,158
07/15/2020,AZO,MI,AGL,CE,Combined TRACON& Tower with Radar,0,10,19,0,29,0,0,42,0,42,0,10,61,0,71,138,0,138,209
07/16/2020,AZO,MI,AGL,CE,Combined TRACON& Tower with Radar,0,12,35,0,47,0,0,13,0,13,0,12,48,0,60,19,0,19,79
07/17/2020,AZO,MI,AGL,CE,Combined TRACON& Tower with Radar,0,10,19,0,29,0,0,51,1,52,0,10,70,1,81,40,0,40,121
07/18/2020,AZO,MI,AGL,CE,Combined TRACON& Tower with Radar,0,11,17,0,28,0,0,25,0,25,0,11,42,0,53,14,0,14,67
07/19/2020,AZO,MI,AGL,CE,Combined TRACON& Tower with Radar,0,10,6,0,16,0,0,7,0,7,0,10,13,0,23,0,0,0,23
07/20/2020,AZO,MI,AGL,CE,Combined TRACON& Tower with Radar,0,12,29,0,41,0,0,53,0,53,0,12,82,0,94,68,0,68,162
07/21/2020,AZO,MI,AGL,CE,Combined TRACON& Tower with Radar,0,9,42,0,51,0,0,62,0,62,0,9,104,0,113,104,0,104,217
07/22/2020,AZO,MI,AGL,CE,Combined TRACON& Tower with Radar,0,13,38,0,51,0,0,27,0,27,0,13,65,0,78,36,0,36,114
07/23/2020,AZO,MI,AGL,CE,Combined TRACON& Tower with Radar,0,12,29,2,43,0,0,47,0,47,0,12,76,2,90,130,0,130,220
07/24/2020,AZO,MI,AGL,CE,Combined TRACON& Tower with Radar,0,12,24,0,36,0,1,73,0,74,0,13,97,0,110,59,0,59,169
07/25/2020,AZO,MI,AGL,CE,Combined TRACON& Tower with Radar,0,9,18,0,27,0,0,30,0,30,0,9,48,0,57,20,0,20,77
07/26/2020,AZO,MI,AGL,CE,Combined TRACON& Tower with Radar,0,11,13,0,24,0,0,26,0,26,0,11,39,0,50,15,0,15,65
07/27/2020,AZO,MI,AGL,CE,Combined TRACON& Tower with Radar,0,10,28,0,38,0,0,7,0,7,0,10,35,0,45,6,0,6,51
07/28/2020,AZO,MI,AGL,CE,Combined TRACON& Tower with Radar,0,8,40,0,48,0,1,81,4,86,0,9,121,4,134,82,0,82,216
07/29/2020,AZO,MI,AGL,CE,Combined TRACON& Tower with Radar,0,9,26,0,35,0,2,51,0,53,0,11,77,0,88,90,0,90,178
07/30/2020,AZO,MI,AGL,CE,Combined TRACON& Tower with Radar,0,12,37,0,49,0,0,48,0,48,0,12,85,0,97,165,0,165,262
07/31/2020,AZO,MI,AGL,CE,Combined TRACON& Tower with Radar,0,10,35,0,45,0,0,59,0,59,0,10,94,0,104,75,0,75,179
08/01/2020,AZO,MI,AGL,CE,Combined TRACON& Tower with Radar,0,10,20,0,30,0,0,37,0,37,0,10,57,0,67,90,0,90,157
08/02/2020,AZO,MI,AGL,CE,Combined TRACON& Tower with Radar,0,13,13,0,26,0,0,16,0,16,0,13,29,0,42,4,0,4,46
08/03/2020,AZO,MI,AGL,CE,Combined TRACON& Tower with Radar,0,14,29,0,43,0,2,16,0,18,0,16,45,0,61,102,0,102,163
08/04/2020,AZO,MI,AGL,CE,Combined TRACON& Tower with Radar,0,8,40,0,48,0,0,28,0,28,0,8,68,0,76,53,0,53,129
08/05/2020,AZO,MI,AGL,CE,Combined TRACON& Tower with Radar,0,8,44,0,52,0,0,67,2,69,0,8,111,2,121,148,0,148,269
08/06/2020,AZO,MI,AGL,CE,Combined TRACON& Tower with Radar,0,10,24,0,34,0,0,79,0,79,0,10,103,0,113,142,0,142,255
08/07/2020,AZO,MI,AGL,CE,Combined TRACON& Tower with Radar,0,10,32,1,43,0,0,71,1,72,0,10,103,2,115,97,0,97,212
08/08/2020,AZO,MI,AGL,CE,Combined TRACON& Tower with Radar,0,10,10,1,21,0,0,41,0,41,0,10,51,1,62,14,0,14,76
08/09/2020,AZO,MI,AGL,CE,Combined TRACON& Tower with Radar,0,11,9,0,20,0,2,24,0,26,0,13,33,0,46,12,0,12,58
08/10/2020,AZO,MI,AGL,CE,Combined TRACON& Tower with Radar,0,11,16,0,27,0,0,15,0,15,0,11,31,0,42,4,0,4,46
08/11/2020,AZO,MI,AGL,CE,Combined TRACON& Tower with Radar,0,9,38,0,47,0,1,40,0,41,0,10,78,0,88,104,0,104,192
08/12/2020,AZO,MI,AGL,CE,Combined TRACON& Tower with Radar,0,10,25,0,35,0,1,80,1,82,0,11,105,1,117,124,0,124,241
08/13/2020,AZO,MI,AGL,CE,Combined TRACON& Tower with Radar,0,11,32,0,43,0,0,58,0,58,0,11,90,0,101,87,0,87,188
08/14/2020,AZO,MI,AGL,CE,Combined TRACON& Tower with Radar,0,11,23,0,34,0,0,33,2,35,0,11,56,2,69,24,0,24,93
08/15/2020,AZO,MI,AGL,CE,Combined TRACON& Tower with Radar,0,9,15,0,24,0,0,34,0,34,0,9,49,0,58,14,0,14,72
08/16/2020,AZO,MI,AGL,CE,Combined TRACON& Tower with Radar,0,12,10,0,22,0,0,13,0,13,0,12,23,0,35,24,0,24,59
08/17/2020,AZO,MI,AGL,CE,Combined TRACON& Tower with Radar,0,12,26,0,38,0,0,37,0,37,0,12,63,0,75,40,0,40,115
08/18/2020,AZO,MI,AGL,CE,Combined TRACON& Tower with Radar,0,8,41,0,49,0,0,56,0,56,0,8,97,0,105,118,0,118,223
08/19/2020,AZO,MI,AGL,CE,Combined TRACON& Tower with Radar,0,8,32,0,40,0,0,65,0,65,0,8,97,0,105,147,0,147,252
08/20/2020,AZO,MI,AGL,CE,Combined TRACON& Tower with Radar,0,12,17,0,29,0,0,42,0,42,0,12,59,0,71,153,0,153,224
08/21/2020,AZO,MI,AGL,CE,Combined TRACON& Tower with Radar,0,12,26,0,38,0,1,55,2,58,0,13,81,2,96,43,0,43,139
08/22/2020,AZO,MI,AGL,CE,Combined TRACON& Tower with Radar,0,8,21,0,29,0,0,56,0,56,0,8,77,0,85,48,0,48,133
08/23/2020,AZO,MI,AGL,CE,Combined TRACON& Tower with Radar,0,12,14,0,26,0,1,36,1,38,0,13,50,1,64,22,0,22,86
08/24/2020,AZO,MI,AGL,CE,Combined TRACON& Tower with Radar,0,10,21,0,31,0,0,39,0,39,0,10,60,0,70,83,0,83,153
08/25/2020,AZO,MI,AGL,CE,Combined TRACON& Tower with Radar,0,10,21,0,31,0,0,20,0,20,0,10,41,0,51,44,0,44,95
08/26/2020,AZO,MI,AGL,CE,Combined TRACON& Tower with Radar,0,9,33,0,42,0,1,35,0,36,0,10,68,0,78,46,0,46,124
08/27/2020,AZO,MI,AGL,CE,Combined TRACON& Tower with Radar,0,11,31,0,42,0,0,31,1,32,0,11,62,1,74,42,0,42,116
08/28/2020,AZO,MI,AGL,CE,Combined TRACON& Tower with Radar,0,12,7,0,19,0,1,12,0,13,0,13,19,0,32,11,0,11,43
08/29/2020,AZO,MI,AGL,CE,Combined TRACON& Tower with Radar,0,14,20,0,34,0,0,7,0,7,0,14,27,0,41,0,0,0,41
08/30/2020,AZO,MI,AGL,CE,Combined TRACON& Tower with Radar,0,10,28,0,38,0,0,79,0,79,0,10,107,0,117,40,0,40,157
08/31/2020,AZO,MI,AGL,CE,Combined TRACON& Tower with Radar,0,15,19,0,34,0,0,60,0,60,0,15,79,0,94,126,0,126,220
09/01/2020,AZO,MI,AGL,CE,Combined TRACON& Tower with Radar,0,11,11,0,22,0,0,18,0,18,0,11,29,0,40,65,0,65,105
09/02/2020,AZO,MI,AGL,CE,Combined TRACON& Tower with Radar,0,8,33,0,41,0,0,32,0,32,0,8,65,0,73,109,0,109,182
09/03/2020,AZO,MI,AGL,CE,Combined TRACON& Tower with Radar,0,12,16,0,28,0,0,16,0,16,0,12,32,0,44,10,0,10,54
09/04/2020,AZO,MI,AGL,CE,Combined TRACON& Tower with Radar,0,10,30,0,40,0,0,29,0,29,0,10,59,0,69,12,0,12,81
09/05/2020,AZO,MI,AGL,CE,Combined TRACON& Tower with Radar,0,9,10,0,19,0,1,34,0,35,0,10,44,0,54,14,0,14,68
09/06/2020,AZO,MI,AGL,CE,Combined TRACON& Tower with Radar,0,11,10,0,21,0,0,5,0,5,0,11,15,0,26,12,0,12,38
09/07/2020,AZO,MI,AGL,CE,Combined TRACON& Tower with Radar,0,12,17,0,29,0,1,44,0,45,0,13,61,0,74,49,0,49,123
09/08/2020,AZO,MI,AGL,CE,Combined TRACON& Tower with Radar,0,16,18,0,34,0,0,0,0,0,0,16,18,0,34,0,0,0,34
09/09/2020,AZO,MI,AGL,CE,Combined TRACON& Tower with Radar,0,11,18,2,31,0,0,0,0,0,0,11,18,2,31,0,0,0,31
09/10/2020,AZO,MI,AGL,CE,Combined TRACON& Tower with Radar,1,13,31,0,45,0,0,0,0,0,1,13,31,0,45,0,0,0,45
09/11/2020,AZO,MI,AGL,CE,Combined TRACON& Tower with Radar,0,12,35,0,47,0,0,59,0,59,0,12,94,0,106,143,0,143,249
09/12/2020,AZO,MI,AGL,CE,Combined TRACON& Tower with Radar,0,11,22,0,33,0,0,6,0,6,0,11,28,0,39,11,0,11,50
09/13/2020,AZO,MI,AGL,CE,Combined TRACON& Tower with Radar,0,8,22,0,30,0,0,17,0,17,0,8,39,0,47,31,0,31,78
09/14/2020,AZO,MI,AGL,CE,Combined TRACON& Tower with Radar,0,9,50,0,59,0,0,65,4,69,0,9,115,4,128,93,0,93,221
09/15/2020,AZO,MI,AGL,CE,Combined TRACON& Tower with Radar,0,12,35,0,47,0,0,61,0,61,0,12,96,0,108,143,0,143,251
09/16/2020,AZO,MI,AGL,CE,Combined TRACON& Tower with Radar,0,10,37,0,47,0,0,49,0,49,0,10,86,0,96,147,0,147,243
09/17/2020,AZO,MI,AGL,CE,Combined TRACON& Tower with Radar,0,12,35,0,47,0,0,50,0,50,0,12,85,0,97,60,0,60,157
09/18/2020,AZO,MI,AGL,CE,Combined TRACON& Tower with Radar,0,10,29,0,39,0,0,44,0,44,0,10,73,0,83,48,0,48,131
09/19/2020,AZO,MI,AGL,CE,Combined TRACON& Tower with Radar,0,11,13,0,24,0,0,50,0,50,0,11,63,0,74,55,0,55,129
09/20/2020,AZO,MI,AGL,CE,Combined TRACON& Tower with Radar,0,9,18,0,27,0,1,47,0,48,0,10,65,0,75,62,0,62,137
09/21/2020,AZO,MI,AGL,CE,Combined TRACON& Tower with Radar,0,10,19,0,29,0,0,47,0,47,0,10,66,0,76,90,0,90,166
09/22/2020,AZO,MI,AGL,CE,Combined TRACON& Tower with Radar,0,11,29,0,40,0,0,41,0,41,0,11,70,0,81,104,0,104,185
09/23/2020,AZO,MI,AGL,CE,Combined TRACON& Tower with Radar,0,14,31,0,45,0,0,55,0,55,0,14,86,0,100,118,0,118,218
09/24/2020,AZO,MI,AGL,CE,Combined TRACON& Tower with Radar,0,13,33,0,46,0,0,66,0,66,0,13,99,0,112,147,0,147,259
09/25/2020,AZO,MI,AGL,CE,Combined TRACON& Tower with Radar,0,9,24,0,33,0,0,69,0,69,0,9,93,0,102,79,0,79,181
09/26/2020,AZO,MI,AGL,CE,Combined TRACON& Tower with Radar,0,9,12,0,21,0,0,15,0,15,0,9,27,0,36,20,0,20,56
09/27/2020,AZO,MI,AGL,CE,Combined TRACON& Tower with Radar,0,10,20,0,30,0,0,12,0,12,0,10,32,0,42,32,0,32,74
09/28/2020,AZO,MI,AGL,CE,Combined TRACON& Tower with Radar,0,8,17,0,25,0,3,2,0,5,0,11,19,0,30,0,0,0,30
09/29/2020,AZO,MI,AGL,CE,Combined TRACON& Tower with Radar,0,8,25,0,33,0,0,49,4,53,0,8,74,4,86,48,0,48,134
09/30/2020,AZO,MI,AGL,CE,Combined TRACON& Tower with Radar,0,10,19,0,29,0,1,13,0,14,0,11,32,0,43,8,0,8,51
10/01/2020,AZO,MI,AGL,CE,Combined TRACON& Tower with Radar,0,17,19,0,36,0,1,15,0,16,0,18,34,0,52,46,0,46,98
10/02/2020,AZO,MI,AGL,CE,Combined TRACON& Tower with Radar,0,20,18,0,38,0,0,39,0,39,0,20,57,0,77,51,0,51,128
10/03/2020,AZO,MI,AGL,CE,Combined TRACON& Tower with Radar,2,14,19,0,35,0,0,36,0,36,2,14,55,0,71,49,0,49,120
10/04/2020,AZO,MI,AGL,CE,Combined TRACON& Tower with Radar,0,19,9,0,28,0,0,5,0,5,0,19,14,0,33,2,0,2,35
10/05/2020,AZO,MI,AGL,CE,Combined TRACON& Tower with Radar,0,17,36,0,53,0,0,46,0,46,0,17,82,0,99,65,0,65,164
10/06/2020,AZO,MI,AGL,CE,Combined TRACON& Tower with Radar,0,14,27,0,41,0,1,42,5,48,0,15,69,5,89,79,0,79,168
10/07/2020,AZO,MI,AGL,CE,Combined TRACON& Tower with Radar,0,14,43,0,57,0,0,26,0,26,0,14,69,0,83,20,0,20,103
10/08/2020,AZO,MI,AGL,CE,Combined TRACON& Tower with Radar,0,14,47,0,61,0,0,59,0,59,0,14,106,0,120,78,0,78,198
10/09/2020,AZO,MI,AGL,CE,Combined TRACON& Tower with Radar,0,15,23,0,38,0,1,39,0,40,0,16,62,0,78,21,0,21,99
10/10/2020,AZO,MI,AGL,CE,Combined TRACON& Tower with Radar,0,17,12,0,29,0,1,30,0,31,0,18,42,0,60,4,0,4,64
10/11/2020,AZO,MI,AGL,CE,Combined TRACON& Tower with Radar,0,15,16,0,31,0,0,33,0,33,0,15,49,0,64,32,0,32,96
10/12/2020,AZO,MI,AGL,CE,Combined TRACON& Tower with Radar,0,15,14,0,29,0,0,0,0,0,0,15,14,0,29,0,0,0,29
10/13/2020,AZO,MI,AGL,CE,Combined TRACON& Tower with Radar,0,12,23,0,35,0,0,42,0,42,0,12,65,0,77,69,0,69,146
10/14/2020,AZO,MI,AGL,CE,Combined TRACON& Tower with Radar,0,12,18,0,30,0,0,18,0,18,0,12,36,0,48,36,0,36,84
10/15/2020,AZO,MI,AGL,CE,Combined TRACON& Tower with Radar,1,27,19,0,47,0,0,7,0,7,1,27,26,0,54,8,0,8,62
10/16/2020,AZO,MI,AGL,CE,Combined TRACON& Tower with Radar,1,16,29,3,49,0,0,41,0,41,1,16,70,3,90,13,0,13,103
10/17/2020,AZO,MI,AGL,CE,Combined TRACON& Tower with Radar,0,20,12,0,32,0,0,51,0,51,0,20,63,0,83,103,0,103,186
10/18/2020,AZO,MI,AGL,CE,Combined TRACON& Tower with Radar,0,14,10,1,25,0,0,5,0,5,0,14,15,1,30,6,0,6,36
10/19/2020,AZO,MI,AGL,CE,Combined TRACON& Tower with Radar,0,14,29,0,43,0,0,59,0,59,0,14,88,0,102,121,0,121,223
10/20/2020,AZO,MI,AGL,CE,Combined TRACON& Tower with Radar,0,17,37,0,54,0,0,76,0,76,0,17,113,0,130,172,0,172,302
10/21/2020,AZO,MI,AGL,CE,Combined TRACON& Tower with Radar,0,14,37,0,51,0,0,24,0,24,0,14,61,0,75,80,0,80,155
10/22/2020,AZO,MI,AGL,CE,Combined TRACON& Tower with Radar,0,18,25,0,43,0,0,14,0,14,0,18,39,0,57,40,0,40,97
10/23/2020,AZO,MI,AGL,CE,Combined TRACON& Tower with Radar,0,14,13,0,27,0,0,3,0,3,0,14,16,0,30,18,0,18,48
10/24/2020,AZO,MI,AGL,CE,Combined TRACON& Tower with Radar,0,14,36,0,50,0,1,129,0,130,0,15,165,0,180,174,0,174,354
10/25/2020,AZO,MI,AGL,CE,Combined TRACON& Tower with Radar,0,13,12,0,25,0,2,33,0,35,0,15,45,0,60,4,0,4,64
10/26/2020,AZO,MI,AGL,CE,Combined TRACON& Tower with Radar,0,16,24,2,42,0,0,11,0,11,0,16,35,2,53,24,0,24,77
10/27/2020,AZO,MI,AGL,CE,Combined TRACON& Tower with Radar,0,12,8,0,20,0,0,2,0,2,0,12,10,0,22,10,0,10,32
10/28/2020,AZO,MI,AGL,CE,Combined TRACON& Tower with Radar,2,8,37,0,47,0,0,68,0,68,2,8,105,0,115,68,0,68,183
10/29/2020,AZO,MI,AGL,CE,Combined TRACON& Tower with Radar,2,11,21,0,34,0,2,19,0,21,2,13,40,0,55,16,0,16,71
10/30/2020,AZO,MI,AGL,CE,Combined TRACON& Tower with Radar,2,16,28,0,46,0,0,57,0,57,2,16,85,0,103,163,0,163,266
10/31/2020,AZO,MI,AGL,CE,Combined TRACON& Tower with Radar,0,15,9,0,24,0,0,25,0,25,0,15,34,0,49,75,0,75,124
11/01/2020,AZO,MI,AGL,CE,Combined TRACON& Tower with Radar,2,11,2,0,15,0,0,0,0,0,2,11,2,0,15,0,0,0,15
11/02/2020,AZO,MI,AGL,CE,Combined TRACON& Tower with Radar,0,14,14,2,30,0,0,20,0,20,0,14,34,2,50,60,0,60,110
11/03/2020,AZO,MI,AGL,CE,Combined TRACON& Tower with Radar,0,10,17,0,27,0,2,56,0,58,0,12,73,0,85,42,0,42,127
11/04/2020,AZO,MI,AGL,CE,Combined TRACON& Tower with Radar,0,10,26,0,36,0,2,40,0,42,0,12,66,0,78,48,0,48,126
11/05/2020,AZO,MI,AGL,CE,Combined TRACON& Tower with Radar,0,12,24,0,36,0,0,54,0,54,0,12,78,0,90,70,0,70,160
11/06/2020,AZO,MI,AGL,CE,Combined TRACON& Tower with Radar,2,13,33,0,48,0,0,45,1,46,2,13,78,1,94,121,0,121,215
11/07/2020,AZO,MI,AGL,CE,Combined TRACON& Tower with Radar,0,15,11,0,26,0,2,72,0,74,0,17,83,0,100,173,0,173,273
11/08/2020,AZO,MI,AGL,CE,Combined TRACON& Tower with Radar,0,15,7,0,22,0,0,40,0,40,0,15,47,0,62,56,0,56,118
11/09/2020,AZO,MI,AGL,CE,Combined TRACON& Tower with Radar,0,14,22,0,36,0,0,36,0,36,0,14,58,0,72,108,0,108,180
11/10/2020,AZO,MI,AGL,CE,Combined TRACON& Tower with Radar,0,12,18,0,30,0,0,12,0,12,0,12,30,0,42,15,0,15,57
11/11/2020,AZO,MI,AGL,CE,Combined TRACON& Tower with Radar,2,10,27,0,39,0,0,22,0,22,2,10,49,0,61,32,0,32,93
11/12/2020,AZO,MI,AGL,CE,Combined TRACON& Tower with Radar,0,16,24,0,40,0,0,48,0,48,0,16,72,0,88,85,0,85,173
11/13/2020,AZO,MI,AGL,CE,Combined TRACON& Tower with Radar,0,17,18,0,35,0,0,5,0,5,0,17,23,0,40,12,0,12,52
11/14/2020,AZO,MI,AGL,CE,Combined TRACON& Tower with Radar,0,13,17,0,30,0,0,16,0,16,0,13,33,0,46,28,0,28,74
11/15/2020,AZO,MI,AGL,CE,Combined TRACON& Tower with Radar,0,14,6,0,20,0,0,0,0,0,0,14,6,0,20,0,0,0,20
11/16/2020,AZO,MI,AGL,CE,Combined TRACON& Tower with Radar,0,18,14,2,34,0,0,10,0,10,0,18,24,2,44,6,0,6,50
11/17/2020,AZO,MI,AGL,CE,Combined TRACON& Tower with Radar,0,14,22,0,36,0,0,17,0,17,0,14,39,0,53,37,0,37,90
11/18/2020,AZO,MI,AGL,CE,Combined TRACON& Tower with Radar,0,13,15,0,28,0,0,34,4,38,0,13,49,4,66,88,0,88,154
11/19/2020,AZO,MI,AGL,CE,Combined TRACON& Tower with Radar,2,16,10,0,28,0,0,10,0,10,2,16,20,0,38,0,0,0,38
11/20/2020,AZO,MI,AGL,CE,Combined TRACON& Tower with Radar,0,17,28,0,45,0,0,32,0,32,0,17,60,0,77,72,0,72,149
11/21/2020,AZO,MI,AGL,CE,Combined TRACON& Tower with Radar,0,16,41,0,57,0,0,59,0,59,0,16,100,0,116,90,0,90,206
11/22/2020,AZO,MI,AGL,CE,Combined TRACON& Tower with Radar,0,17,13,0,30,0,0,0,0,0,0,17,13,0,30,0,0,0,30
11/23/2020,AZO,MI,AGL,CE,Combined TRACON& Tower with Radar,0,14,7,0,21,0,0,41,0,41,0,14,48,0,62,32,0,32,94
11/24/2020,AZO,MI,AGL,CE,Combined TRACON& Tower with Radar,0,16,3,0,19,0,0,0,0,0,0,16,3,0,19,26,0,26,45
11/25/2020,AZO,MI,AGL,CE,Combined TRACON& Tower with Radar,0,15,4,0,19,0,0,0,0,0,0,15,4,0,19,0,0,0,19
11/26/2020,AZO,MI,AGL,CE,Combined TRACON& Tower with Radar,0,10,5,0,15,0,0,0,0,0,0,10,5,0,15,0,0,0,15
11/27/2020,AZO,MI,AGL,CE,Combined TRACON& Tower with Radar,0,12,9,0,21,0,0,5,0,5,0,12,14,0,26,38,0,38,64
11/28/2020,AZO,MI,AGL,CE,Combined TRACON& Tower with Radar,0,16,18,0,34,0,0,45,0,45,0,16,63,0,79,93,0,93,172
11/29/2020,AZO,MI,AGL,CE,Combined TRACON& Tower with Radar,0,20,9,0,29,0,0,40,0,40,0,20,49,0,69,96,0,96,165
11/30/2020,AZO,MI,AGL,CE,Combined TRACON& Tower with Radar,0,18,6,0,24,0,0,0,0,0,0,18,6,0,24,0,0,0,24
12/01/2020,AZO,MI,AGL,CE,Combined TRACON& Tower with Radar,2,14,15,0,31,0,0,7,0,7,2,14,22,0,38,6,0,6,44
12/02/2020,AZO,MI,AGL,CE,Combined TRACON& Tower with Radar,0,11,34,0,45,0,1,63,4,68,0,12,97,4,113,41,0,41,154
12/03/2020,AZO,MI,AGL,CE,Combined TRACON& Tower with Radar,0,12,15,0,27,0,0,17,0,17,0,12,32,0,44,4,0,4,48
12/04/2020,AZO,MI,AGL,CE,Combined TRACON& Tower with Radar,4,10,27,0,41,0,0,28,0,28,4,10,55,0,69,59,0,59,128
12/05/2020,AZO,MI,AGL,CE,Combined TRACON& Tower with Radar,0,10,12,0,22,0,0,27,0,27,0,10,39,0,49,62,0,62,111
12/06/2020,AZO,MI,AGL,CE,Combined TRACON& Tower with Radar,0,9,17,0,26,0,0,14,0,14,0,9,31,0,40,23,0,23,63
12/07/2020,AZO,MI,AGL,CE,Combined TRACON& Tower with Radar,0,9,25,0,34,0,0,36,0,36,0,9,61,0,70,163,0,163,233
12/08/2020,AZO,MI,AGL,CE,Combined TRACON& Tower with Radar,0,12,10,0,22,0,0,1,0,1,0,12,11,0,23,14,0,14,37
12/09/2020,AZO,MI,AGL,CE,Combined TRACON& Tower with Radar,0,11,42,0,53,0,0,55,0,55,0,11,97,0,108,64,0,64,172
12/10/2020,AZO,MI,AGL,CE,Combined TRACON& Tower with Radar,0,11,28,0,39,0,0,61,1,62,0,11,89,1,101,115,0,115,216
12/11/2020,AZO,MI,AGL,CE,Combined TRACON& Tower with Radar,0,12,30,0,42,0,0,8,0,8,0,12,38,0,50,81,0,81,131
12/12/2020,AZO,MI,AGL,CE,Combined TRACON& Tower with Radar,0,11,7,0,18,0,0,0,0,0,0,11,7,0,18,0,0,0,18
12/13/2020,AZO,MI,AGL,CE,Combined TRACON& Tower with Radar,0,11,14,0,25,0,0,0,0,0,0,11,14,0,25,10,0,10,35
12/14/2020,AZO,MI,AGL,CE,Combined TRACON& Tower with Radar,0,10,15,0,25,0,0,2,0,2,0,10,17,0,27,14,0,14,41
12/15/2020,AZO,MI,AGL,CE,Combined TRACON& Tower with Radar,0,10,36,0,46,0,0,55,0,55,0,10,91,0,101,100,0,100,201
12/16/2020,AZO,MI,AGL,CE,Combined TRACON& Tower with Radar,0,11,10,1,22,0,0,0,0,0,0,11,10,1,22,0,0,0,22
12/17/2020,AZO,MI,AGL,CE,Combined TRACON& Tower with Radar,0,11,12,0,23,0,0,8,0,8,0,11,20,0,31,32,0,32,63
12/18/2020,AZO,MI,AGL,CE,Combined TRACON& Tower with Radar,0,13,29,0,42,0,0,47,0,47,0,13,76,0,89,88,0,88,177
12/19/2020,AZO,MI,AGL,CE,Combined TRACON& Tower with Radar,0,12,8,0,20,0,0,3,0,3,0,12,11,0,23,0,0,0,23
12/20/2020,AZO,MI,AGL,CE,Combined TRACON& Tower with Radar,0,11,13,0,24,0,0,6,0,6,0,11,19,0,30,57,0,57,87
12/21/2020,AZO,MI,AGL,CE,Combined TRACON& Tower with Radar,0,14,10,0,24,0,0,1,0,1,0,14,11,0,25,0,0,0,25
12/22/2020,AZO,MI,AGL,CE,Combined TRACON& Tower with Radar,0,15,25,0,40,0,0,14,0,14,0,15,39,0,54,28,0,28,82
12/23/2020,AZO,MI,AGL,CE,Combined TRACON& Tower with Radar,0,18,16,0,34,0,0,8,0,8,0,18,24,0,42,0,0,0,42
12/24/2020,AZO,MI,AGL,CE,Combined TRACON& Tower with Radar,0,10,10,0,20,0,0,1,0,1,0,10,11,0,21,0,0,0,21
12/25/2020,AZO,MI,AGL,CE,Combined TRACON& Tower with Radar,0,8,1,0,9,0,0,0,0,0,0,8,1,0,9,0,0,0,9
12/26/2020,AZO,MI,AGL,CE,Combined TRACON& Tower with Radar,2,12,15,0,29,0,0,6,0,6,2,12,21,0,35,0,0,0,35
12/27/2020,AZO,MI,AGL,CE,Combined TRACON& Tower with Radar,2,12,18,0,32,0,0,15,0,15,2,12,33,0,47,72,0,72,119
12/28/2020,AZO,MI,AGL,CE,Combined TRACON& Tower with Radar,0,12,10,0,22,0,0,2,0,2,0,12,12,0,24,0,0,0,24
12/29/2020,AZO,MI,AGL,CE,Combined TRACON& Tower with Radar,0,10,24,0,34,0,0,51,0,51,0,10,75,0,85,88,0,88,173
12/30/2020,AZO,MI,AGL,CE,Combined TRACON& Tower with Radar,0,16,5,0,21,0,0,1,0,1,0,16,6,0,22,0,0,0,22
12/31/2020,AZO,MI,AGL,CE,Combined TRACON& Tower with Radar,1,7,16,0,24,0,0,10,0,10,1,7,26,0,34,60,0,60,94
01/01/2021,AZO,MI,AGL,CE,Combined TRACON& Tower with Radar,1,9,0,0,10,0,0,0,0,0,1,9,0,0,10,0,0,0,10
01/02/2021,AZO,MI,AGL,CE,Combined TRACON& Tower with Radar,0,13,7,0,20,0,0,0,0,0,0,13,7,0,20,0,0,0,20
01/03/2021,AZO,MI,AGL,CE,Combined TRACON& Tower with Radar,0,13,8,0,21,0,0,0,0,0,0,13,8,0,21,0,0,0,21
01/04/2021,AZO,MI,AGL,CE,Combined TRACON& Tower with Radar,0,11,9,0,20,0,0,0,0,0,0,11,9,0,20,0,0,0,20
01/05/2021,AZO,MI,AGL,CE,Combined TRACON& Tower with Radar,0,11,3,0,14,0,0,1,0,1,0,11,4,0,15,0,0,0,15
01/06/2021,AZO,MI,AGL,CE,Combined TRACON& Tower with Radar,0,15,12,0,27,0,1,21,0,22,0,16,33,0,49,152,0,152,201
01/07/2021,AZO,MI,AGL,CE,Combined TRACON& Tower with Radar,0,9,19,0,28,0,0,12,0,12,0,9,31,0,40,96,0,96,136
01/08/2021,AZO,MI,AGL,CE,Combined TRACON& Tower with Radar,2,9,8,0,19,0,0,8,0,8,2,9,16,0,27,128,0,128,155
01/09/2021,AZO,MI,AGL,CE,Combined TRACON& Tower with Radar,0,13,28,0,41,0,0,70,0,70,0,13,98,0,111,88,0,88,199
01/10/2021,AZO,MI,AGL,CE,Combined TRACON& Tower with Radar,0,12,7,0,19,0,0,3,0,3,0,12,10,0,22,14,0,14,36
01/11/2021,AZO,MI,AGL,CE,Combined TRACON& Tower with Radar,0,11,6,0,17,0,0,3,0,3,0,11,9,0,20,0,0,0,20
01/12/2021,AZO,MI,AGL,CE,Combined TRACON& Tower with Radar,0,11,9,0,20,0,0,0,0,0,0,11,9,0,20,0,0,0,20
01/13/2021,AZO,MI,AGL,CE,Combined TRACON& Tower with Radar,0,21,17,0,38,0,19,31,0,50,0,40,48,0,88,200,0,200,288
01/14/2021,AZO,MI,AGL,CE,Combined TRACON& Tower with Radar,0,19,9,0,28,0,13,35,0,48,0,32,44,0,76,100,0,100,176
01/15/2021,AZO,MI,AGL,CE,Combined TRACON& Tower with Radar,0,10,9,0,19,0,0,5,0,5,0,10,14,0,24,4,0,4,28
01/16/2021,AZO,MI,AGL,CE,Combined TRACON& Tower with Radar,0,11,6,0,17,0,0,0,0,0,0,11,6,0,17,23,0,23,40
01/17/2021,AZO,MI,AGL,CE,Combined TRACON& Tower with Radar,0,11,7,0,18,0,0,0,0,0,0,11,7,0,18,0,0,0,18
01/18/2021,AZO,MI,AGL,CE,Combined TRACON& Tower with Radar,0,12,9,0,21,0,0,1,0,1,0,12,10,0,22,0,0,0,22
01/19/2021,AZO,MI,AGL,CE,Combined TRACON& Tower with Radar,0,11,6,0,17,0,0,0,0,0,0,11,6,0,17,0,0,0,17
01/20/2021,AZO,MI,AGL,CE,Combined TRACON& Tower with Radar,0,23,19,0,42,0,3,9,2,14,0,26,28,2,56,40,0,40,96
01/21/2021,AZO,MI,AGL,CE,Combined TRACON& Tower with Radar,0,22,15,0,37,0,5,3,2,10,0,27,18,2,47,6,0,6,53
01/22/2021,AZO,MI,AGL,CE,Combined TRACON& Tower with Radar,0,18,2,0,20,0,1,5,0,6,0,19,7,0,26,13,0,13,39
01/23/2021,AZO,MI,AGL,CE,Combined TRACON& Tower with Radar,0,15,20,0,35,0,5,57,0,62,0,20,77,0,97,196,0,196,293
01/24/2021,AZO,MI,AGL,CE,Combined TRACON& Tower with Radar,0,10,8,0,18,0,0,2,0,2,0,10,10,0,20,27,0,27,47
01/25/2021,AZO,MI,AGL,CE,Combined TRACON& Tower with Radar,0,15,7,0,22,0,18,14,0,32,0,33,21,0,54,96,0,96,150
01/26/2021,AZO,MI,AGL,CE,Combined TRACON& Tower with Radar,0,10,5,0,15,0,0,0,0,0,0,10,5,0,15,0,0,0,15
01/27/2021,AZO,MI,AGL,CE,Combined TRACON& Tower with Radar,0,46,11,0,57,0,27,36,5,68,0,73,47,5,125,124,0,124,249
01/28/2021,AZO,MI,AGL,CE,Combined TRACON& Tower with Radar,0,29,25,0,54,0,19,29,0,48,0,48,54,0,102,140,0,140,242
01/29/2021,AZO,MI,AGL,CE,Combined TRACON& Tower with Radar,0,26,15,0,41,0,17,68,0,85,0,43,83,0,126,122,0,122,248
01/30/2021,AZO,MI,AGL,CE,Combined TRACON& Tower with Radar,0,18,6,0,24,0,3,22,0,25,0,21,28,0,49,24,0,24,73
01/31/2021,AZO,MI,AGL,CE,Combined TRACON& Tower with Radar,0,12,5,0,17,0,0,0,0,0,0,12,5,0,17,6,0,6,23
02/01/2021,AZO,MI,AGL,CE,Combined TRACON& Tower with Radar,0,20,12,0,32,0,19,18,0,37,0,39,30,0,69,138,0,138,207
02/02/2021,AZO,MI,AGL,CE,Combined TRACON& Tower with Radar,0,41,17,0,58,0,23,34,3,60,0,64,51,3,118,121,0,121,239
02/03/2021,AZO,MI,AGL,CE,Combined TRACON& Tower with Radar,0,17,14,0,31,0,15,59,4,78,0,32,73,4,109,154,0,154,263
02/04/2021,AZO,MI,AGL,CE,Combined TRACON& Tower with Radar,0,15,13,0,28,0,5,8,0,13,0,20,21,0,41,10,0,10,51
02/05/2021,AZO,MI,AGL,CE,Combined TRACON& Tower with Radar,0,14,5,0,19,0,0,0,0,0,0,14,5,0,19,0,0,0,19
02/06/2021,AZO,MI,AGL,CE,Combined TRACON& Tower with Radar,0,11,7,0,18,0,0,0,0,0,0,11,7,0,18,0,0,0,18
02/07/2021,AZO,MI,AGL,CE,Combined TRACON& Tower with Radar,0,10,8,0,18,0,0,0,0,0,0,10,8,0,18,0,0,0,18
02/08/2021,AZO,MI,AGL,CE,Combined TRACON& Tower with Radar,0,18,9,2,29,0,6,5,0,11,0,24,14,2,40,70,0,70,110
02/09/2021,AZO,MI,AGL,CE,Combined TRACON& Tower with Radar,0,18,12,0,30,0,0,9,0,9,0,18,21,0,39,42,0,42,81
02/10/2021,AZO,MI,AGL,CE,Combined TRACON& Tower with Radar,0,14,10,0,24,0,6,4,0,10,0,20,14,0,34,60,0,60,94
02/11/2021,AZO,MI,AGL,CE,Combined TRACON& Tower with Radar,0,35,30,2,67,0,12,39,0,51,0,47,69,2,118,187,0,187,305
02/12/2021,AZO,MI,AGL,CE,Combined TRACON& Tower with Radar,0,15,10,0,25,0,4,8,0,12,0,19,18,0,37,69,0,69,106
02/13/2021,AZO,MI,AGL,CE,Combined TRACON& Tower with Radar,0,13,12,0,25,0,0,0,0,0,0,13,12,0,25,0,0,0,25
02/14/2021,AZO,MI,AGL,CE,Combined TRACON& Tower with Radar,0,12,11,0,23,0,0,4,0,4,0,12,15,0,27,4,0,4,31
02/15/2021,AZO,MI,AGL,CE,Combined TRACON& Tower with Radar,0,7,11,2,20,0,3,0,0,3,0,10,11,2,23,13,0,13,36
02/16/2021,AZO,MI,AGL,CE,Combined TRACON& Tower with Radar,0,11,8,1,20,0,0,3,0,3,0,11,11,1,23,0,0,0,23
02/17/2021,AZO,MI,AGL,CE,Combined TRACON& Tower with Radar,0,23,14,6,43,0,24,8,2,34,0,47,22,8,77,147,0,147,224
02/18/2021,AZO,MI,AGL,CE,Combined TRACON& Tower with Radar,0,10,3,0,13,0,0,0,0,0,0,10,3,0,13,12,0,12,25
02/19/2021,AZO,MI,AGL,CE,Combined TRACON& Tower with Radar,0,10,8,4,22,0,0,2,0,2,0,10,10,4,24,0,0,0,24
02/20/2021,AZO,MI,AGL,CE,Combined TRACON& Tower with Radar,0,16,12,6,34,0,1,14,1,16,0,17,26,7,50,56,0,56,106
02/21/2021,AZO,MI,AGL,CE,Combined TRACON& Tower with Radar,0,14,7,0,21,0,3,12,0,15,0,17,19,0,36,29,0,29,65
02/22/2021,AZO,MI,AGL,CE,Combined TRACON& Tower with Radar,0,13,8,0,21,0,0,0,0,0,0,13,8,0,21,2,0,2,23
02/23/2021,AZO,MI,AGL,CE,Combined TRACON& Tower with Radar,0,21,16,2,39,0,9,13,6,28,0,30,29,8,67,0,0,0,67
02/24/2021,AZO,MI,AGL,CE,Combined TRACON& Tower with Radar,0,12,9,0,21,0,3,32,0,35,0,15,41,0,56,22,0,22,78
02/25/2021,AZO,MI,AGL,CE,Combined TRACON& Tower with Radar,0,20,29,0,49,0,6,32,0,38,0,26,61,0,87,37,0,37,124
02/26/2021,AZO,MI,AGL,CE,Combined TRACON& Tower with Radar,0,20,25,0,45,0,17,33,0,50,0,37,58,0,95,78,0,78,173
02/27/2021,AZO,MI,AGL,CE,Combined TRACON& Tower with Radar,0,14,32,0,46,0,2,28,0,30,0,16,60,0,76,78,0,78,154
02/28/2021,AZO,MI,AGL,CE,Combined TRACON& Tower with Radar,0,12,14,0,26,0,0,2,0,2,0,12,16,0,28,0,0,0,28
03/01/2021,AZO,MI,AGL,CE,Combined TRACON& Tower with Radar,0,34,20,0,54,0,9,3,0,12,0,43,23,0,66,10,0,10,76
03/02/2021,AZO,MI,AGL,CE,Combined TRACON& Tower with Radar,0,20,12,0,32,0,6,20,4,30,0,26,32,4,62,73,0,73,135
03/03/2021,AZO,MI,AGL,CE,Combined TRACON& Tower with Radar,0,27,20,0,47,0,12,36,0,48,0,39,56,0,95,86,0,86,181
03/04/2021,AZO,MI,AGL,CE,Combined TRACON& Tower with Radar,0,23,16,0,39,0,13,35,0,48,0,36,51,0,87,84,0,84,171
03/05/2021,AZO,MI,AGL,CE,Combined TRACON& Tower with Radar,0,23,22,6,51,0,22,30,0,52,0,45,52,6,103,91,0,91,194
03/06/2021,AZO,MI,AGL,CE,Combined TRACON& Tower with Radar,0,20,18,0,38,0,4,44,0,48,0,24,62,0,86,10,0,10,96
03/07/2021,AZO,MI,AGL,CE,Combined TRACON& Tower with Radar,0,17,16,0,33,0,0,67,0,67,0,17,83,0,100,33,0,33,133
03/08/2021,AZO,MI,AGL,CE,Combined TRACON& Tower with Radar,0,18,13,0,31,0,5,26,0,31,0,23,39,0,62,36,0,36,98
03/09/2021,AZO,MI,AGL,CE,Combined TRACON& Tower with Radar,0,22,6,0,28,0,12,42,0,54,0,34,48,0,82,68,0,68,150
03/10/2021,AZO,MI,AGL,CE,Combined TRACON& Tower with Radar,0,12,15,0,27,0,0,4,0,4,0,12,19,0,31,5,0,5,36
03/11/2021,AZO,MI,AGL,CE,Combined TRACON& Tower with Radar,0,14,6,0,20,0,3,3,0,6,0,17,9,0,26,0,0,0,26
03/12/2021,AZO,MI,AGL,CE,Combined TRACON& Tower with Radar,0,21,14,0,35,0,4,22,0,26,0,25,36,0,61,47,0,47,108
03/13/2021,AZO,MI,AGL,CE,Combined TRACON& Tower with Radar,0,14,20,0,34,0,9,48,0,57,0,23,68,0,91,54,0,54,145
03/14/2021,AZO,MI,AGL,CE,Combined TRACON& Tower with Radar,0,11,18,0,29,0,0,28,0,28,0,11,46,0,57,40,0,40,97
03/15/2021,AZO,MI,AGL,CE,Combined TRACON& Tower with Radar,0,12,6,0,18,0,0,1,0,1,0,12,7,0,19,0,0,0,19
03/16/2021,AZO,MI,AGL,CE,Combined TRACON& Tower with Radar,0,10,8,0,18,0,0,0,0,0,0,10,8,0,18,5,0,5,23
03/17/2021,AZO,MI,AGL,CE,Combined TRACON& Tower with Radar,0,33,14,0,47,0,13,33,0,46,0,46,47,0,93,130,0,130,223
03/18/2021,AZO,MI,AGL,CE,Combined TRACON& Tower with Radar,0,12,5,0,17,0,4,0,0,4,0,16,5,0,21,0,0,0,21
03/19/2021,AZO,MI,AGL,CE,Combined TRACON& Tower with Radar,0,31,12,0,43,0,12,42,0,54,0,43,54,0,97,82,0,82,179
03/20/2021,AZO,MI,AGL,CE,Combined TRACON& Tower with Radar,0,18,16,0,34,0,13,58,0,71,0,31,74,0,105,126,0,126,231
03/21/2021,AZO,MI,AGL,CE,Combined TRACON& Tower with Radar,0,15,7,0,22,0,2,44,0,46,0,17,51,0,68,54,0,54,122
03/22/2021,AZO,MI,AGL,CE,Combined TRACON& Tower with Radar,0,23,17,0,40,0,10,19,0,29,0,33,36,0,69,34,0,34,103
03/23/2021,AZO,MI,AGL,CE,Combined TRACON& Tower with Radar,0,23,10,0,33,0,8,41,0,49,0,31,51,0,82,100,0,100,182
03/24/2021,AZO,MI,AGL,CE,Combined TRACON& Tower with Radar,0,18,8,0,26,0,3,6,0,9,0,21,14,0,35,21,0,21,56
03/25/2021,AZO,MI,AGL,CE,Combined TRACON& Tower with Radar,0,28,22,0,50,0,3,19,0,22,0,31,41,0,72,154,0,154,226
03/26/2021,AZO,MI,AGL,CE,Combined TRACON& Tower with Radar,0,20,17,0,37,0,0,3,0,3,0,20,20,0,40,0,0,0,40
03/27/2021,AZO,MI,AGL,CE,Combined TRACON& Tower with Radar,0,13,17,0,30,0,0,9,0,9,0,13,26,0,39,6,0,6,45
03/28/2021,AZO,MI,AGL,CE,Combined TRACON& Tower with Radar,0,10,3,0,13,0,0,1,0,1,0,10,4,0,14,0,0,0,14
03/29/2021,AZO,MI,AGL,CE,Combined TRACON& Tower with Radar,0,17,15,0,32,0,11,17,0,28,0,28,32,0,60,58,0,58,118
03/30/2021,AZO,MI,AGL,CE,Combined TRACON& Tower with Radar,0,12,7,0,19,0,0,2,0,2,0,12,9,0,21,0,0,0,21
03/31/2021,AZO,MI,AGL,CE,Combined TRACON& Tower with Radar,0,20,11,0,31,0,4,12,1,17,0,24,23,1,48,18,0,18,66
04/01/2021,AZO,MI,AGL,CE,Combined TRACON& Tower with Radar,0,15,13,0,28,0,7,14,4,25,0,22,27,4,53,37,0,37,90
04/02/2021,AZO,MI,AGL,CE,Combined TRACON& Tower with Radar,0,19,12,0,31,0,3,35,0,38,0,22,47,0,69,93,0,93,162
04/03/2021,AZO,MI,AGL,CE,Combined TRACON& Tower with Radar,0,23,17,0,40,0,0,19,0,19,0,23,36,0,59,1,0,1,60
04/04/2021,AZO,MI,AGL,CE,Combined TRACON& Tower with Radar,0,16,11,0,27,0,0,31,0,31,0,16,42,0,58,40,0,40,98
04/05/2021,AZO,MI,AGL,CE,Combined TRACON& Tower with Radar,0,22,17,0,39,0,7,25,0,32,0,29,42,0,71,59,0,59,130
04/06/2021,AZO,MI,AGL,CE,Combined TRACON& Tower with Radar,0,22,14,0,36,0,23,49,8,80,0,45,63,8,116,92,0,92,208
04/07/2021,AZO,MI,AGL,CE,Combined TRACON& Tower with Radar,0,20,21,0,41,0,9,43,0,52,0,29,64,0,93,84,0,84,177
04/08/2021,AZO,MI,AGL,CE,Combined TRACON& Tower with Radar,0,16,14,0,30,0,4,5,0,9,0,20,19,0,39,8,0,8,47
04/09/2021,AZO,MI,AGL,CE,Combined TRACON& Tower with Radar,0,23,10,0,33,0,9,9,0,18,0,32,19,0,51,12,0,12,63
04/10/2021,AZO,MI,AGL,CE,Combined TRACON& Tower with Radar,2,24,28,0,54,0,8,31,0,39,2,32,59,0,93,59,0,59,152
04/11/2021,AZO,MI,AGL,CE,Combined TRACON& Tower with Radar,0,15,9,0,24,0,0,3,0,3,0,15,12,0,27,12,0,12,39
04/12/2021,AZO,MI,AGL,CE,Combined TRACON& Tower with Radar,0,48,20,0,68,0,18,33,0,51,0,66,53,0,119,86,0,86,205
04/13/2021,AZO,MI,AGL,CE,Combined TRACON& Tower with Radar,2,18,25,0,45,0,15,33,0,48,2,33,58,0,93,94,0,94,187
04/14/2021,AZO,MI,AGL,CE,Combined TRACON& Tower with Radar,0,16,20,0,36,0,9,20,0,29,0,25,40,0,65,73,0,73,138
04/15/2021,AZO,MI,AGL,CE,Combined TRACON& Tower with Radar,0,16,6,0,22,0,0,2,0,2,0,16,8,0,24,5,0,5,29
04/16/2021,AZO,MI,AGL,CE,Combined TRACON& Tower with Radar,0,29,16,0,45,0,43,25,0,68,0,72,41,0,113,118,0,118,231
04/17/2021,AZO,MI,AGL,CE,Combined TRACON& Tower with Radar,0,15,15,0,30,0,12,41,0,53,0,27,56,0,83,122,0,122,205
04/18/2021,AZO,MI,AGL,CE,Combined TRACON& Tower with Radar,2,11,24,0,37,0,0,53,0,53,2,11,77,0,90,37,0,37,127
04/19/2021,AZO,MI,AGL,CE,Combined TRACON& Tower with Radar,0,14,23,0,37,0,1,9,0,10,0,15,32,0,47,0,0,0,47
04/20/2021,AZO,MI,AGL,CE,Combined TRACON& Tower with Radar,0,16,9,0,25,0,4,12,0,16,0,20,21,0,41,88,0,88,129
04/21/2021,AZO,MI,AGL,CE,Combined TRACON& Tower with Radar,0,21,29,0,50,0,12,20,0,32,0,33,49,0,82,78,0,78,160
04/22/2021,AZO,MI,AGL,CE,Combined TRACON& Tower with Radar,0,26,17,0,43,0,17,18,0,35,0,43,35,0,78,55,0,55,133
04/23/2021,AZO,MI,AGL,CE,Combined TRACON& Tower with Radar,0,26,24,0,50,0,12,33,0,45,0,38,57,0,95,43,0,43,138
04/24/2021,AZO,MI,AGL,CE,Combined TRACON& Tower with Radar,0,14,18,0,32,0,2,13,0,15,0,16,31,0,47,34,0,34,81
04/25/2021,AZO,MI,AGL,CE,Combined TRACON& Tower with Radar,0,12,12,0,24,0,0,22,0,22,0,12,34,0,46,49,0,49,95
04/26/2021,AZO,MI,AGL,CE,Combined TRACON& Tower with Radar,0,36,12,0,48,0,24,29,0,53,0,60,41,0,101,86,0,86,187
04/27/2021,AZO,MI,AGL,CE,Combined TRACON& Tower with Radar,0,25,5,0,30,0,8,29,4,41,0,33,34,4,71,26,0,26,97
04/28/2021,AZO,MI,AGL,CE,Combined TRACON& Tower with Radar,0,19,18,0,37,0,0,2,0,2,0,19,20,0,39,18,0,18,57
04/29/2021,AZO,MI,AGL,CE,Combined TRACON& Tower with Radar,0,26,17,0,43,0,1,3,2,6,0,27,20,2,49,30,0,30,79
04/30/2021,AZO,MI,AGL,CE,Combined TRACON& Tower with Radar,0,20,11,0,31,0,6,20,0,26,0,26,31,0,57,25,0,25,82
05/01/2021,AZO,MI,AGL,CE,Combined TRACON& Tower with Radar,0,17,7,0,24,0,9,18,0,27,0,26,25,0,51,148,0,148,199
05/02/2021,AZO,MI,AGL,CE,Combined TRACON& Tower with Radar,0,14,18,0,32,0,0,13,0,13,0,14,31,0,45,10,0,10,55
05/03/2021,AZO,MI,AGL,CE,Combined TRACON& Tower with Radar,0,17,29,0,46,0,0,1,0,1,0,17,30,0,47,41,0,41,88
05/04/2021,AZO,MI,AGL,CE,Combined TRACON& Tower with Radar,0,41,14,0,55,0,0,4,0,4,0,41,18,0,59,48,0,48,107
05/05/2021,AZO,MI,AGL,CE,Combined TRACON& Tower with Radar,0,30,11,0,41,0,12,44,0,56,0,42,55,0,97,80,0,80,177
05/06/2021,AZO,MI,AGL,CE,Combined TRACON& Tower with Radar,0,15,20,0,35,0,4,19,0,23,0,19,39,0,58,98,0,98,156
05/07/2021,AZO,MI,AGL,CE,Combined TRACON& Tower with Radar,0,16,16,1,33,0,4,18,1,23,0,20,34,2,56,48,0,48,104
05/08/2021,AZO,MI,AGL,CE,Combined TRACON& Tower with Radar,0,17,19,0,36,0,8,58,0,66,0,25,77,0,102,95,0,95,197
05/09/2021,AZO,MI,AGL,CE,Combined TRACON& Tower with Radar,0,12,5,0,17,0,0,12,0,12,0,12,17,0,29,20,0,20,49
05/10/2021,AZO,MI,AGL,CE,Combined TRACON& Tower with Radar,0,32,27,0,59,0,25,40,0,65,0,57,67,0,124,121,0,121,245
05/11/2021,AZO,MI,AGL,CE,Combined TRACON& Tower with Radar,0,22,19,2,43,0,17,35,1,53,0,39,54,3,96,114,0,114,210
05/12/2021,AZO,MI,AGL,CE,Combined TRACON& Tower with Radar,0,32,28,0,60,0,11,69,0,80,0,43,97,0,140,135,0,135,275
05/13/2021,AZO,MI,AGL,CE,Combined TRACON& Tower with Radar,0,25,21,0,46,0,11,51,0,62,0,36,72,0,108,193,0,193,301
05/14/2021,AZO,MI,AGL,CE,Combined TRACON& Tower with Radar,0,24,18,0,42,0,9,78,0,87,0,33,96,0,129,207,0,207,336
05/15/2021,AZO,MI,AGL,CE,Combined TRACON& Tower with Radar,0,13,12,0,25,0,0,33,0,33,0,13,45,0,58,39,0,39,97
05/16/2021,AZO,MI,AGL,CE,Combined TRACON& Tower with Radar,0,14,22,0,36,0,0,29,0,29,0,14,51,0,65,49,0,49,114
05/17/2021,AZO,MI,AGL,CE,Combined TRACON& Tower with Radar,0,17,19,0,36,0,9,51,0,60,0,26,70,0,96,164,0,164,260
05/18/2021,AZO,MI,AGL,CE,Combined TRACON& Tower with Radar,0,25,23,2,50,0,9,31,6,46,0,34,54,8,96,233,0,233,329
05/19/2021,AZO,MI,AGL,CE,Combined TRACON& Tower with Radar,0,17,19,0,36,0,12,14,4,30,0,29,33,4,66,141,0,141,207
05/20/2021,AZO,MI,AGL,CE,Combined TRACON& Tower with Radar,0,19,28,0,47,0,14,28,0,42,0,33,56,0,89,226,0,226,315
05/21/2021,AZO,MI,AGL,CE,Combined TRACON& Tower with Radar,0,16,16,0,32,0,3,39,0,42,0,19,55,0,74,72,0,72,146
05/22/2021,AZO,MI,AGL,CE,Combined TRACON& Tower with Radar,0,15,15,0,30,0,3,55,0,58,0,18,70,0,88,54,0,54,142
05/23/2021,AZO,MI,AGL,CE,Combined TRACON& Tower with Radar,0,17,19,0,36,0,0,17,0,17,0,17,36,0,53,48,0,48,101
05/24/2021,AZO,MI,AGL,CE,Combined TRACON& Tower with Radar,0,22,17,0,39,0,1,19,0,20,0,23,36,0,59,60,0,60,119
05/25/2021,AZO,MI,AGL,CE,Combined TRACON& Tower with Radar,0,20,27,0,47,0,6,27,0,33,0,26,54,0,80,70,0,70,150
05/26/2021,AZO,MI,AGL,CE,Combined TRACON& Tower with Radar,0,28,25,0,53,0,2,26,0,28,0,30,51,0,81,14,0,14,95
05/27/2021,AZO,MI,AGL,CE,Combined TRACON& Tower with Radar,0,31,25,0,56,0,16,47,3,66,0,47,72,3,122,128,0,128,250
05/28/2021,AZO,MI,AGL,CE,Combined TRACON& Tower with Radar,0,16,22,0,38,0,0,3,0,3,0,16,25,0,41,0,0,0,41
05/29/2021,AZO,MI,AGL,CE,Combined TRACON& Tower with Radar,0,11,7,0,18,0,0,17,0,17,0,11,24,0,35,16,0,16,51
05/30/2021,AZO,MI,AGL,CE,Combined TRACON& Tower with Radar,0,9,8,0,17,0,0,39,0,39,0,9,47,0,56,26,0,26,82
05/31/2021,AZO,MI,AGL,CE,Combined TRACON& Tower with Radar,0,13,17,0,30,0,0,37,0,37,0,13,54,0,67,65,0,65,132
06/01/2021,AZO,MI,AGL,CE,Combined TRACON& Tower with Radar,0,28,15,0,43,0,11,61,4,76,0,39,76,4,119,173,0,173,292
06/02/2021,AZO,MI,AGL,CE,Combined TRACON& Tower with Radar,0,26,28,0,54,0,10,34,0,44,0,36,62,0,98,115,0,115,213
06/03/2021,AZO,MI,AGL,CE,Combined TRACON& Tower with Radar,0,20,30,0,50,0,12,23,0,35,0,32,53,0,85,92,0,92,177
06/04/2021,AZO,MI,AGL,CE,Combined TRACON& Tower with Radar,0,18,13,0,31,0,2,28,0,30,0,20,41,0,61,6,0,6,67
06/05/2021,AZO,MI,AGL,CE,Combined TRACON& Tower with Radar,0,19,14,0,33,0,0,31,0,31,0,19,45,0,64,3,0,3,67
06/06/2021,AZO,MI,AGL,CE,Combined TRACON& Tower with Radar,0,12,23,0,35,0,0,23,0,23,0,12,46,0,58,8,0,8,66
06/07/2021,AZO,MI,AGL,CE,Combined TRACON& Tower with Radar,0,19,33,0,52,0,0,6,0,6,0,19,39,0,58,0,0,0,58
06/08/2021,AZO,MI,AGL,CE,Combined TRACON& Tower with Radar,0,15,14,0,29,0,1,10,0,11,0,16,24,0,40,40,0,40,80
06/09/2021,AZO,MI,AGL,CE,Combined TRACON& Tower with Radar,0,23,26,0,49,0,3,25,0,28,0,26,51,0,77,134,0,134,211
06/10/2021,AZO,MI,AGL,CE,Combined TRACON& Tower with Radar,0,14,24,0,38,0,6,23,0,29,0,20,47,0,67,124,0,124,191
06/11/2021,AZO,MI,AGL,CE,Combined TRACON& Tower with Radar,0,24,23,0,47,0,9,49,0,58,0,33,72,0,105,109,0,109,214
06/12/2021,AZO,MI,AGL,CE,Combined TRACON& Tower with Radar,0,19,10,2,31,0,2,18,0,20,0,21,28,2,51,37,0,37,88
06/13/2021,AZO,MI,AGL,CE,Combined TRACON& Tower with Radar,0,14,18,0,32,0,0,36,0,36,0,14,54,0,68,43,0,43,111
06/14/2021,AZO,MI,AGL,CE,Combined TRACON& Tower with Radar,0,28,20,0,48,0,16,31,0,47,0,44,51,0,95,47,0,47,142
06/15/2021,AZO,MI,AGL,CE,Combined TRACON& Tower with Radar,0,43,21,0,64,0,26,36,0,62,0,69,57,0,126,230,0,230,356
06/16/2021,AZO,MI,AGL,CE,Combined TRACON& Tower with Radar,0,26,17,0,43,0,15,81,0,96,0,41,98,0,139,242,0,242,381
06/17/2021,AZO,MI,AGL,CE,Combined TRACON& Tower with Radar,0,20,25,0,45,0,8,66,0,74,0,28,91,0,119,179,0,179,298
06/18/2021,AZO,MI,AGL,CE,Combined TRACON& Tower with Radar,0,22,19,0,41,0,2,17,2,21,0,24,36,2,62,31,0,31,93
06/19/2021,AZO,MI,AGL,CE,Combined TRACON& Tower with Radar,0,12,10,0,22,0,0,9,0,9,0,12,19,0,31,7,0,7,38
06/20/2021,AZO,MI,AGL,CE,Combined TRACON& Tower with Radar,0,14,15,0,29,0,0,14,0,14,0,14,29,0,43,26,0,26,69
06/21/2021,AZO,MI,AGL,CE,Combined TRACON& Tower with Radar,0,20,30,0,50,0,7,4,0,11,0,27,34,0,61,32,0,32,93
06/22/2021,AZO,MI,AGL,CE,Combined TRACON& Tower with Radar,1,28,17,0,46,0,15,45,0,60,1,43,62,0,106,168,0,168,274
06/23/2021,AZO,MI,AGL,CE,Combined TRACON& Tower with Radar,0,24,39,0,63,0,12,24,5,41,0,36,63,5,104,109,0,109,213
06/24/2021,AZO,MI,AGL,CE,Combined TRACON& Tower with Radar,0,24,17,0,41,0,8,16,0,24,0,32,33,0,65,62,0,62,127
06/25/2021,AZO,MI,AGL,CE,Combined TRACON& Tower with Radar,0,21,16,0,37,0,0,0,0,0,0,21,16,0,37,0,0,0,37
06/26/2021,AZO,MI,AGL,CE,Combined TRACON& Tower with Radar,0,14,11,0,25,0,0,0,0,0,0,14,11,0,25,0,0,0,25
06/27/2021,AZO,MI,AGL,CE,Combined TRACON& Tower with Radar,0,10,14,0,24,0,0,6,0,6,0,10,20,0,30,1,0,1,31
06/28/2021,AZO,MI,AGL,CE,Combined TRACON& Tower with Radar,0,22,29,0,51,0,1,12,0,13,0,23,41,0,64,115,0,115,179
06/29/2021,AZO,MI,AGL,CE,Combined TRACON& Tower with Radar,0,13,25,0,38,0,3,20,0,23,0,16,45,0,61,132,0,132,193
06/30/2021,AZO,MI,AGL,CE,Combined TRACON& Tower with Radar,0,35,31,0,66,0,9,32,0,41,0,44,63,0,107,155,0,155,262
07/01/2021,AZO,MI,AGL,CE,Combined TRACON& Tower with Radar,1,17,29,0,47,0,10,45,2,57,1,27,74,2,104,237,0,237,341
07/02/2021,AZO,MI,AGL,CE,Combined TRACON& Tower with Radar,2,21,32,0,55,0,9,60,0,69,2,30,92,0,124,142,0,142,266
07/03/2021,AZO,MI,AGL,CE,Combined TRACON& Tower with Radar,2,13,16,0,31,0,0,33,1,34,2,13,49,1,65,11,0,11,76
07/04/2021,AZO,MI,AGL,CE,Combined TRACON& Tower with Radar,2,8,9,0,19,0,0,22,0,22,2,8,31,0,41,4,0,4,45
07/05/2021,AZO,MI,AGL,CE,Combined TRACON& Tower with Radar,2,13,20,0,35,0,0,33,2,35,2,13,53,2,70,37,0,37,107
07/06/2021,AZO,MI,AGL,CE,Combined TRACON& Tower with Radar,2,35,10,0,47,0,9,30,0,39,2,44,40,0,86,70,0,70,156
07/07/2021,AZO,MI,AGL,CE,Combined TRACON& Tower with Radar,2,16,21,0,39,0,0,20,0,20,2,16,41,0,59,59,0,59,118
07/08/2021,AZO,MI,AGL,CE,Combined TRACON& Tower with Radar,2,26,20,0,48,0,0,2,0,2,2,26,22,0,50,35,0,35,85
07/09/2021,AZO,MI,AGL,CE,Combined TRACON& Tower with Radar,2,30,19,0,51,0,2,25,0,27,2,32,44,0,78,65,0,65,143
07/10/2021,AZO,MI,AGL,CE,Combined TRACON& Tower with Radar,2,24,16,0,42,0,15,66,0,81,2,39,82,0,123,104,0,104,227
07/11/2021,AZO,MI,AGL,CE,Combined TRACON& Tower with Radar,2,13,8,0,23,0,0,2,0,2,2,13,10,0,25,4,0,4,29
07/12/2021,AZO,MI,AGL,CE,Combined TRACON& Tower with Radar,2,20,18,0,40,0,0,7,0,7,2,20,25,0,47,37,0,37,84
07/13/2021,AZO,MI,AGL,CE,Combined TRACON& Tower with Radar,2,14,20,0,36,0,0,4,0,4,2,14,24,0,40,18,0,18,58
07/14/2021,AZO,MI,AGL,CE,Combined TRACON& Tower with Radar,2,25,24,0,51,0,27,65,0,92,2,52,89,0,143,317,0,317,460
07/15/2021,AZO,MI,AGL,CE,Combined TRACON& Tower with Radar,2,20,15,0,37,0,3,6,0,9,2,23,21,0,46,33,0,33,79
07/16/2021,AZO,MI,AGL,CE,Combined TRACON& Tower with Radar,2,16,15,0,33,0,0,0,0,0,2,16,15,0,33,0,0,0,33
07/17/2021,AZO,MI,AGL,CE,Combined TRACON& Tower with Radar,2,19,13,0,34,0,1,29,8,38,2,20,42,8,72,32,0,32,104
07/18/2021,AZO,MI,AGL,CE,Combined TRACON& Tower with Radar,2,18,21,0,41,0,0,39,0,39,2,18,60,0,80,50,0,50,130
07/19/2021,AZO,MI,AGL,CE,Combined TRACON& Tower with Radar,2,35,27,0,64,0,15,53,2,70,2,50,80,2,134,203,0,203,337
07/20/2021,AZO,MI,AGL,CE,Combined TRACON& Tower with Radar,2,38,33,0,73,0,24,49,4,77,2,62,82,4,150,117,0,117,267
07/21/2021,AZO,MI,AGL,CE,Combined TRACON& Tower with Radar,2,34,38,0,74,0,10,30,4,44,2,44,68,4,118,139,0,139,257
07/22/2021,AZO,MI,AGL,CE,Combined TRACON& Tower with Radar,2,31,48,0,81,0,6,74,3,83,2,37,122,3,164,129,0,129,293
07/23/2021,AZO,MI,AGL,CE,Combined TRACON& Tower with Radar,2,20,24,0,46,0,0,7,0,7,2,20,31,0,53,96,0,96,149
07/24/2021,AZO,MI,AGL,CE,Combined TRACON& Tower with Radar,2,20,14,0,36,0,2,9,3,14,2,22,23,3,50,24,0,24,74
07/25/2021,AZO,MI,AGL,CE,Combined TRACON& Tower with Radar,4,12,13,0,29,0,5,30,0,35,4,17,43,0,64,59,0,59,123
07/26/2021,AZO,MI,AGL,CE,Combined TRACON& Tower with Radar,2,26,13,0,41,0,36,34,0,70,2,62,47,0,111,251,0,251,362
07/27/2021,AZO,MI,AGL,CE,Combined TRACON& Tower with Radar,2,18,11,0,31,0,17,43,0,60,2,35,54,0,91,118,0,118,209
07/28/2021,AZO,MI,AGL,CE,Combined TRACON& Tower with Radar,2,16,19,0,37,0,4,54,3,61,2,20,73,3,98,126,0,126,224
07/29/2021,AZO,MI,AGL,CE,Combined TRACON& Tower with Radar,2,16,25,0,43,0,4,28,0,32,2,20,53,0,75,49,0,49,124
07/30/2021,AZO,MI,AGL,CE,Combined TRACON& Tower with Radar,2,23,16,0,41,0,6,40,1,47,2,29,56,1,88,100,0,100,188
07/31/2021,AZO,MI,AGL,CE,Combined TRACON& Tower with Radar,2,13,10,0,25,0,1,32,0,33,2,14,42,0,58,13,0,13,71
08/01/2021,AZO,MI,AGL,CE,Combined TRACON& Tower with Radar,2,11,17,0,30,0,0,19,1,20,2,11,36,1,50,0,0,0,50
08/02/2021,AZO,MI,AGL,CE,Combined TRACON& Tower with Radar,4,17,24,0,45,0,5,37,0,42,4,22,61,0,87,202,0,202,289
08/03/2021,AZO,MI,AGL,CE,Combined TRACON& Tower with Radar,2,16,18,0,36,0,16,37,0,53,2,32,55,0,89,106,0,106,195
08/04/2021,AZO,MI,AGL,CE,Combined TRACON& Tower with Radar,2,30,23,0,55,0,9,50,6,65,2,39,73,6,120,125,0,125,245
08/05/2021,AZO,MI,AGL,CE,Combined TRACON& Tower with Radar,2,27,22,0,51,0,11,49,0,60,2,38,71,0,111,129,0,129,240
08/06/2021,AZO,MI,AGL,CE,Combined TRACON& Tower with Radar,2,18,15,0,35,0,0,16,0,16,2,18,31,0,51,37,0,37,88
08/07/2021,AZO,MI,AGL,CE,Combined TRACON& Tower with Radar,2,15,15,0,32,0,2,32,0,34,2,17,47,0,66,51,0,51,117
08/08/2021,AZO,MI,AGL,CE,Combined TRACON& Tower with Radar,2,13,9,0,24,0,0,16,0,16,2,13,25,0,40,18,0,18,58
08/09/2021,AZO,MI,AGL,CE,Combined TRACON& Tower with Radar,2,18,12,0,32,0,11,19,0,30,2,29,31,0,62,134,0,134,196
08/10/2021,AZO,MI,AGL,CE,Combined TRACON& Tower with Radar,2,24,31,0,57,0,2,20,0,22,2,26,51,0,79,36,0,36,115
08/11/2021,AZO,MI,AGL,CE,Combined TRACON& Tower with Radar,2,15,15,0,32,0,4,18,4,26,2,19,33,4,58,57,0,57,115
08/12/2021,AZO,MI,AGL,CE,Combined TRACON& Tower with Radar,2,25,14,0,41,0,7,25,0,32,2,32,39,0,73,57,0,57,130
08/13/2021,AZO,MI,AGL,CE,Combined TRACON& Tower with Radar,2,34,18,0,54,0,8,44,0,52,2,42,62,0,106,129,0,129,235
08/14/2021,AZO,MI,AGL,CE,Combined TRACON& Tower with Radar,2,11,22,0,35,0,1,63,0,64,2,12,85,0,99,18,0,18,117
08/15/2021,AZO,MI,AGL,CE,Combined TRACON& Tower with Radar,2,16,17,0,35,1,0,33,0,34,3,16,50,0,69,39,0,39,108
08/16/2021,AZO,MI,AGL,CE,Combined TRACON& Tower with Radar,2,27,20,0,49,0,26,35,4,65,2,53,55,4,114,271,0,271,385
08/17/2021,AZO,MI,AGL,CE,Combined TRACON& Tower with Radar,2,24,21,0,47,0,6,23,0,29,2,30,44,0,76,79,0,79,155
08/18/2021,AZO,MI,AGL,CE,Combined TRACON& Tower with Radar,2,23,20,4,49,0,10,30,0,40,2,33,50,4,89,85,0,85,174
08/19/2021,AZO,MI,AGL,CE,Combined TRACON& Tower with Radar,2,21,35,0,58,0,4,17,2,23,2,25,52,2,81,106,0,106,187
08/20/2021,AZO,MI,AGL,CE,Combined TRACON& Tower with Radar,2,19,28,0,49,0,5,40,0,45,2,24,68,0,94,92,0,92,186
08/21/2021,AZO,MI,AGL,CE,Combined TRACON& Tower with Radar,2,15,22,0,39,0,0,28,2,30,2,15,50,2,69,8,0,8,77
08/22/2021,AZO,MI,AGL,CE,Combined TRACON& Tower with Radar,2,14,11,0,27,0,0,26,0,26,2,14,37,0,53,5,0,5,58
08/23/2021,AZO,MI,AGL,CE,Combined TRACON& Tower with Radar,2,20,26,0,48,0,12,41,0,53,2,32,67,0,101,103,0,103,204
08/24/2021,AZO,MI,AGL,CE,Combined TRACON& Tower with Radar,2,21,20,0,43,0,4,21,0,25,2,25,41,0,68,43,0,43,111
08/25/2021,AZO,MI,AGL,CE,Combined TRACON& Tower with Radar,2,14,22,2,40,0,0,19,0,19,2,14,41,2,59,59,0,59,118
08/26/2021,AZO,MI,AGL,CE,Combined TRACON& Tower with Radar,1,17,20,0,38,0,10,43,0,53,1,27,63,0,91,192,4,196,287
08/27/2021,AZO,MI,AGL,CE,Combined TRACON& Tower with Radar,1,16,27,0,44,0,2,32,0,34,1,18,59,0,78,37,0,37,115
08/28/2021,AZO,MI,AGL,CE,Combined TRACON& Tower with Radar,2,15,23,0,40,0,0,29,6,35,2,15,52,6,75,15,0,15,90
08/29/2021,AZO,MI,AGL,CE,Combined TRACON& Tower with Radar,2,11,10,0,23,0,0,18,0,18,2,11,28,0,41,4,0,4,45
08/30/2021,AZO,MI,AGL,CE,Combined TRACON& Tower with Radar,2,31,20,0,53,0,13,35,0,48,2,44,55,0,101,166,0,166,267
08/31/2021,AZO,MI,AGL,CE,Combined TRACON& Tower with Radar,2,30,27,0,59,0,10,52,0,62,2,40,79,0,121,137,0,137,258
09/01/2021,AZO,MI,AGL,CE,Combined TRACON& Tower with Radar,2,47,9,0,58,0,16,17,0,33,2,63,26,0,91,85,0,85,176
09/02/2021,AZO,MI,AGL,CE,Combined TRACON& Tower with Radar,2,23,31,0,56,0,8,19,0,27,2,31,50,0,83,135,0,135,218
09/03/2021,AZO,MI,AGL,CE,Combined TRACON& Tower with Radar,2,13,16,0,31,0,5,35,2,42,2,18,51,2,73,85,0,85,158
09/04/2021,AZO,MI,AGL,CE,Combined TRACON& Tower with Radar,2,18,9,0,29,0,0,27,0,27,2,18,36,0,56,15,0,15,71
09/05/2021,AZO,MI,AGL,CE,Combined TRACON& Tower with Radar,2,12,5,0,19,0,0,14,0,14,2,12,19,0,33,24,0,24,57
09/06/2021,AZO,MI,AGL,CE,Combined TRACON& Tower with Radar,2,12,20,0,34,0,0,46,0,46,2,12,66,0,80,69,0,69,149
09/07/2021,AZO,MI,AGL,CE,Combined TRACON& Tower with Radar,2,14,22,0,38,0,1,11,0,12,2,15,33,0,50,18,0,18,68
09/08/2021,AZO,MI,AGL,CE,Combined TRACON& Tower with Radar,2,20,22,0,44,0,4,26,0,30,2,24,48,0,74,43,0,43,117
09/09/2021,AZO,MI,AGL,CE,Combined TRACON& Tower with Radar,2,23,24,2,51,0,6,31,1,38,2,29,55,3,89,157,0,157,246
09/10/2021,AZO,MI,AGL,CE,Combined TRACON& Tower with Radar,2,18,25,0,45,0,6,37,0,43,2,24,62,0,88,122,0,122,210
09/11/2021,AZO,MI,AGL,CE,Combined TRACON& Tower with Radar,2,11,12,0,25,0,1,33,2,36,2,12,45,2,61,21,0,21,82
09/12/2021,AZO,MI,AGL,CE,Combined TRACON& Tower with Radar,2,11,12,0,25,0,0,21,0,21,2,11,33,0,46,2,0,2,48
09/13/2021,AZO,MI,AGL,CE,Combined TRACON& Tower with Radar,2,25,27,0,54,0,4,12,0,16,2,29,39,0,70,43,0,43,113
09/14/2021,AZO,MI,AGL,CE,Combined TRACON& Tower with Radar,2,19,18,0,39,0,3,10,0,13,2,22,28,0,52,6,0,6,58
09/15/2021,AZO,MI,AGL,CE,Combined TRACON& Tower with Radar,2,34,19,0,55,0,15,35,0,50,2,49,54,0,105,157,0,157,262
09/16/2021,AZO,MI,AGL,CE,Combined TRACON& Tower with Radar,2,19,20,1,42,0,12,64,1,77,2,31,84,2,119,175,0,175,294
09/17/2021,AZO,MI,AGL,CE,Combined TRACON& Tower with Radar,3,21,16,0,40,0,3,42,0,45,3,24,58,0,85,95,0,95,180
09/18/2021,AZO,MI,AGL,CE,Combined TRACON& Tower with Radar,7,13,8,0,28,0,1,36,0,37,7,14,44,0,65,14,0,14,79
09/19/2021,AZO,MI,AGL,CE,Combined TRACON& Tower with Radar,2,12,19,0,33,0,0,32,0,32,2,12,51,0,65,58,0,58,123
09/20/2021,AZO,MI,AGL,CE,Combined TRACON& Tower with Radar,2,18,15,0,35,0,0,8,0,8,2,18,23,0,43,6,0,6,49
09/21/2021,AZO,MI,AGL,CE,Combined TRACON& Tower with Radar,2,22,31,0,55,0,0,2,0,2,2,22,33,0,57,21,0,21,78
09/22/2021,AZO,MI,AGL,CE,Combined TRACON& Tower with Radar,2,23,26,0,51,0,0,1,0,1,2,23,27,0,52,0,0,0,52
09/23/2021,AZO,MI,AGL,CE,Combined TRACON& Tower with Radar,3,21,19,0,43,0,0,1,0,1,3,21,20,0,44,0,0,0,44
09/24/2021,AZO,MI,AGL,CE,Combined TRACON& Tower with Radar,3,32,19,0,54,0,6,45,0,51,3,38,64,0,105,78,0,78,183
09/25/2021,AZO,MI,AGL,CE,Combined TRACON& Tower with Radar,2,14,0,0,16,0,0,14,0,14,2,14,14,0,30,0,0,0,30
09/26/2021,AZO,MI,AGL,CE,Combined TRACON& Tower with Radar,2,11,19,0,32,0,0,21,0,21,2,11,40,0,53,10,0,10,63
09/27/2021,AZO,MI,AGL,CE,Combined TRACON& Tower with Radar,2,35,27,0,64,0,12,52,0,64,2,47,79,0,128,133,0,133,261
09/28/2021,AZO,MI,AGL,CE,Combined TRACON& Tower with Radar,2,38,33,0,73,0,11,48,0,59,2,49,81,0,132,105,0,105,237
09/29/2021,AZO,MI,AGL,CE,Combined TRACON& Tower with Radar,2,20,24,0,46,0,8,60,5,73,2,28,84,5,119,157,0,157,276
09/30/2021,AZO,MI,AGL,CE,Combined TRACON& Tower with Radar,3,20,25,0,48,0,8,55,0,63,3,28,80,0,111,206,0,206,317
10/01/2021,AZO,MI,AGL,CE,Combined TRACON& Tower with Radar,3,19,29,0,51,0,10,42,0,52,3,29,71,0,103,160,0,160,263
10/02/2021,AZO,MI,AGL,CE,Combined TRACON& Tower with Radar,4,15,14,1,34,0,2,25,1,28,4,17,39,2,62,18,0,18,80
10/03/2021,AZO,MI,AGL,CE,Combined TRACON& Tower with Radar,2,8,14,0,24,0,0,0,0,0,2,8,14,0,24,2,0,2,26
10/04/2021,AZO,MI,AGL,CE,Combined TRACON& Tower with Radar,1,10,19,0,30,0,0,0,0,0,1,10,19,0,30,0,0,0,30
10/05/2021,AZO,MI,AGL,CE,Combined TRACON& Tower with Radar,0,19,26,0,45,0,0,4,0,4,0,19,30,0,49,12,0,12,61
10/06/2021,AZO,MI,AGL,CE,Combined TRACON& Tower with Radar,0,39,36,0,75,0,0,3,0,3,0,39,39,0,78,30,0,30,108
10/07/2021,AZO,MI,AGL,CE,Combined TRACON& Tower with Radar,0,19,19,0,38,0,0,2,0,2,0,19,21,0,40,32,0,32,72
10/08/2021,AZO,MI,AGL,CE,Combined TRACON& Tower with Radar,0,19,16,0,35,0,0,5,0,5,0,19,21,0,40,69,0,69,109
10/09/2021,AZO,MI,AGL,CE,Combined TRACON& Tower with Radar,4,13,22,0,39,0,0,11,0,11,4,13,33,0,50,34,0,34,84
10/10/2021,AZO,MI,AGL,CE,Combined TRACON& Tower with Radar,0,16,7,0,23,0,0,15,0,15,0,16,22,0,38,21,0,21,59
10/11/2021,AZO,MI,AGL,CE,Combined TRACON& Tower with Radar,0,23,21,0,44,0,15,15,0,30,0,38,36,0,74,138,0,138,212
10/12/2021,AZO,MI,AGL,CE,Combined TRACON& Tower with Radar,2,27,33,0,62,0,0,2,0,2,2,27,35,0,64,0,0,0,64
10/13/2021,AZO,MI,AGL,CE,Combined TRACON& Tower with Radar,0,23,23,0,46,0,8,32,0,40,0,31,55,0,86,95,0,95,181
10/14/2021,AZO,MI,AGL,CE,Combined TRACON& Tower with Radar,0,28,39,0,67,0,2,7,0,9,0,30,46,0,76,20,0,20,96
10/15/2021,AZO,MI,AGL,CE,Combined TRACON& Tower with Radar,0,23,33,0,56,0,1,11,0,12,0,24,44,0,68,77,0,77,145
10/16/2021,AZO,MI,AGL,CE,Combined TRACON& Tower with Radar,0,11,13,0,24,0,1,17,0,18,0,12,30,0,42,14,0,14,56
10/17/2021,AZO,MI,AGL,CE,Combined TRACON& Tower with Radar,0,17,18,0,35,0,0,28,0,28,0,17,46,0,63,22,0,22,85
10/18/2021,AZO,MI,AGL,CE,Combined TRACON& Tower with Radar,0,28,28,0,56,0,10,59,0,69,0,38,87,0,125,117,0,117,242
10/19/2021,AZO,MI,AGL,CE,Combined TRACON& Tower with Radar,0,27,15,0,42,0,13,53,0,66,0,40,68,0,108,135,0,135,243
10/20/2021,AZO,MI,AGL,CE,Combined TRACON& Tower with Radar,0,17,31,0,48,0,1,45,0,46,0,18,76,0,94,139,0,139,233
10/21/2021,AZO,MI,AGL,CE,Combined TRACON& Tower with Radar,0,16,22,0,38,0,0,5,0,5,0,16,27,0,43,19,0,19,62
10/22/2021,AZO,MI,AGL,CE,Combined TRACON& Tower with Radar,0,19,22,0,41,0,2,35,0,37,0,21,57,0,78,143,0,143,221
10/23/2021,AZO,MI,AGL,CE,Combined TRACON& Tower with Radar,0,12,14,0,26,0,0,48,0,48,0,12,62,0,74,73,0,73,147
10/24/2021,AZO,MI,AGL,CE,Combined TRACON& Tower with Radar,0,16,17,0,33,0,0,0,0,0,0,16,17,0,33,0,0,0,33
10/25/2021,AZO,MI,AGL,CE,Combined TRACON& Tower with Radar,0,14,15,0,29,0,0,0,0,0,0,14,15,0,29,0,0,0,29
10/26/2021,AZO,MI,AGL,CE,Combined TRACON& Tower with Radar,0,48,16,0,64,0,16,45,0,61,0,64,61,0,125,174,0,174,299
10/27/2021,AZO,MI,AGL,CE,Combined TRACON& Tower with Radar,0,32,22,0,54,0,1,27,0,28,0,33,49,0,82,42,0,42,124
10/28/2021,AZO,MI,AGL,CE,Combined TRACON& Tower with Radar,0,25,22,0,47,0,1,3,0,4,0,26,25,0,51,0,0,0,51
10/29/2021,AZO,MI,AGL,CE,Combined TRACON& Tower with Radar,0,18,11,0,29,0,0,0,0,0,0,18,11,0,29,0,0,0,29
10/30/2021,AZO,MI,AGL,CE,Combined TRACON& Tower with Radar,0,11,12,0,23,0,0,0,0,0,0,11,12,0,23,0,0,0,23
10/31/2021,AZO,MI,AGL,CE,Combined TRACON& Tower with Radar,0,11,13,0,24,0,0,12,0,12,0,11,25,0,36,28,0,28,64
11/01/2021,AZO,MI,AGL,CE,Combined TRACON& Tower with Radar,0,16,28,0,44,0,7,26,0,33,0,23,54,0,77,98,0,98,175
11/02/2021,AZO,MI,AGL,CE,Combined TRACON& Tower with Radar,0,25,24,0,49,0,5,9,0,14,0,30,33,0,63,28,0,28,91
11/03/2021,AZO,MI,AGL,CE,Combined TRACON& Tower with Radar,0,24,21,1,46,0,2,34,1,37,0,26,55,2,83,82,0,82,165
11/04/2021,AZO,MI,AGL,CE,Combined TRACON& Tower with Radar,0,33,16,0,49,0,4,47,0,51,0,37,63,0,100,82,0,82,182
11/05/2021,AZO,MI,AGL,CE,Combined TRACON& Tower with Radar,0,28,24,0,52,0,3,53,0,56,0,31,77,0,108,89,0,89,197
11/06/2021,AZO,MI,AGL,CE,Combined TRACON& Tower with Radar,0,21,14,0,35,0,0,29,0,29,0,21,43,0,64,16,0,16,80
11/07/2021,AZO,MI,AGL,CE,Combined TRACON& Tower with Radar,0,15,24,0,39,0,0,57,0,57,0,15,81,0,96,62,0,62,158
11/08/2021,AZO,MI,AGL,CE,Combined TRACON& Tower with Radar,0,22,28,0,50,0,19,37,0,56,0,41,65,0,106,190,0,190,296
11/09/2021,AZO,MI,AGL,CE,Combined TRACON& Tower with Radar,0,25,23,0,48,0,11,32,0,43,0,36,55,0,91,109,0,109,200
11/10/2021,AZO,MI,AGL,CE,Combined TRACON& Tower with Radar,0,38,28,0,66,0,18,37,0,55,0,56,65,0,121,81,0,81,202
11/11/2021,AZO,MI,AGL,CE,Combined TRACON& Tower with Radar,0,16,29,0,45,0,0,0,0,0,0,16,29,0,45,0,0,0,45
11/12/2021,AZO,MI,AGL,CE,Combined TRACON& Tower with Radar,0,18,20,0,38,0,2,11,0,13,0,20,31,0,51,7,0,7,58
11/13/2021,AZO,MI,AGL,CE,Combined TRACON& Tower with Radar,0,12,6,0,18,0,0,0,0,0,0,12,6,0,18,0,0,0,18
11/14/2021,AZO,MI,AGL,CE,Combined TRACON& Tower with Radar,0,14,9,0,23,0,0,0,0,0,0,14,9,0,23,0,0,0,23
11/15/2021,AZO,MI,AGL,CE,Combined TRACON& Tower with Radar,0,27,24,0,51,0,12,34,0,46,0,39,58,0,97,106,0,106,203
11/16/2021,AZO,MI,AGL,CE,Combined TRACON& Tower with Radar,0,29,22,0,51,0,13,44,3,60,0,42,66,3,111,101,0,101,212
11/17/2021,AZO,MI,AGL,CE,Combined TRACON& Tower with Radar,0,20,18,0,38,0,0,0,0,0,0,20,18,0,38,0,0,0,38
11/18/2021,AZO,MI,AGL,CE,Combined TRACON& Tower with Radar,0,13,24,0,37,0,0,10,0,10,0,13,34,0,47,14,0,14,61
11/19/2021,AZO,MI,AGL,CE,Combined TRACON& Tower with Radar,0,27,19,0,46,0,6,37,0,43,0,33,56,0,89,165,0,165,254
11/20/2021,AZO,MI,AGL,CE,Combined TRACON& Tower with Radar,0,20,16,0,36,0,4,28,0,32,0,24,44,0,68,43,0,43,111
11/21/2021,AZO,MI,AGL,CE,Combined TRACON& Tower with Radar,0,13,13,0,26,0,0,17,0,17,0,13,30,0,43,19,0,19,62
11/22/2021,AZO,MI,AGL,CE,Combined TRACON& Tower with Radar,0,21,21,0,42,0,4,27,0,31,0,25,48,0,73,40,0,40,113
11/23/2021,AZO,MI,AGL,CE,Combined TRACON& Tower with Radar,0,22,24,0,46,0,4,55,0,59,0,26,79,0,105,68,0,68,173
11/24/2021,AZO,MI,AGL,CE,Combined TRACON& Tower with Radar,0,17,7,2,26,0,0,7,0,7,0,17,14,2,33,0,0,0,33
11/25/2021,AZO,MI,AGL,CE,Combined TRACON& Tower with Radar,0,10,5,0,15,0,0,0,0,0,0,10,5,0,15,0,0,0,15
11/26/2021,AZO,MI,AGL,CE,Combined TRACON& Tower with Radar,0,13,10,0,23,0,0,7,0,7,0,13,17,0,30,8,0,8,38
11/27/2021,AZO,MI,AGL,CE,Combined TRACON& Tower with Radar,0,20,8,0,28,0,0,8,0,8,0,20,16,0,36,6,0,6,42
11/28/2021,AZO,MI,AGL,CE,Combined TRACON& Tower with Radar,0,17,20,0,37,0,0,2,0,2,0,17,22,0,39,0,0,0,39
11/29/2021,AZO,MI,AGL,CE,Combined TRACON& Tower with Radar,0,16,28,0,44,0,5,19,0,24,0,21,47,0,68,95,0,95,163
11/30/2021,AZO,MI,AGL,CE,Combined TRACON& Tower with Radar,0,19,13,0,32,0,6,10,0,16,0,25,23,0,48,42,0,42,90
12/01/2021,AZO,MI,AGL,CE,Combined TRACON& Tower with Radar,0,18,31,0,49,0,7,18,4,29,0,25,49,4,78,115,0,115,193
12/02/2021,AZO,MI,AGL,CE,Combined TRACON& Tower with Radar,0,24,15,0,39,0,2,9,0,11,0,26,24,0,50,22,0,22,72
12/03/2021,AZO,MI,AGL,CE,Combined TRACON& Tower with Radar,0,17,19,0,36,0,0,0,0,0,0,17,19,0,36,0,0,0,36
12/04/2021,AZO,MI,AGL,CE,Combined TRACON& Tower with Radar,0,30,8,0,38,0,2,31,0,33,0,32,39,0,71,8,0,8,79
12/05/2021,AZO,MI,AGL,CE,Combined TRACON& Tower with Radar,0,14,7,0,21,0,0,4,0,4,0,14,11,0,25,0,0,0,25
12/06/2021,AZO,MI,AGL,CE,Combined TRACON& Tower with Radar,0,15,18,0,33,0,0,1,0,1,0,15,19,0,34,0,0,0,34
12/07/2021,AZO,MI,AGL,CE,Combined TRACON& Tower with Radar,0,30,12,0,42,0,13,36,0,49,0,43,48,0,91,99,0,99,190
12/08/2021,AZO,MI,AGL,CE,Combined TRACON& Tower with Radar,0,20,25,0,45,0,3,8,0,11,0,23,33,0,56,52,0,52,108
12/09/2021,AZO,MI,AGL,CE,Combined TRACON& Tower with Radar,0,17,30,0,47,0,6,27,0,33,0,23,57,0,80,44,0,44,124
12/10/2021,AZO,MI,AGL,CE,Combined TRACON& Tower with Radar,0,20,24,0,44,0,0,28,0,28,0,20,52,0,72,70,0,70,142
12/11/2021,AZO,MI,AGL,CE,Combined TRACON& Tower with Radar,0,9,4,0,13,0,0,0,0,0,0,9,4,0,13,0,0,0,13
12/12/2021,AZO,MI,AGL,CE,Combined TRACON& Tower with Radar,0,18,11,0,29,0,0,21,0,21,0,18,32,0,50,13,0,13,63
12/13/2021,AZO,MI,AGL,CE,Combined TRACON& Tower with Radar,0,16,29,0,45,0,9,65,0,74,0,25,94,0,119,162,0,162,281
12/14/2021,AZO,MI,AGL,CE,Combined TRACON& Tower with Radar,0,32,32,0,64,0,12,50,1,63,0,44,82,1,127,95,0,95,222
12/15/2021,AZO,MI,AGL,CE,Combined TRACON& Tower with Radar,0,14,19,0,33,0,0,3,0,3,0,14,22,0,36,6,0,6,42
12/16/2021,AZO,MI,AGL,CE,Combined TRACON& Tower with Radar,0,13,9,0,22,0,0,2,0,2,0,13,11,0,24,0,0,0,24
12/17/2021,AZO,MI,AGL,CE,Combined TRACON& Tower with Radar,0,32,18,0,50,0,9,49,0,58,0,41,67,0,108,121,0,121,229
12/18/2021,AZO,MI,AGL,CE,Combined TRACON& Tower with Radar,0,9,2,0,11,0,0,0,0,0,0,9,2,0,11,0,0,0,11
12/19/2021,AZO,MI,AGL,CE,Combined TRACON& Tower with Radar,0,13,11,0,24,0,0,24,0,24,0,13,35,0,48,28,0,28,76
12/20/2021,AZO,MI,AGL,CE,Combined TRACON& Tower with Radar,0,22,16,0,38,0,1,13,0,14,0,23,29,0,52,33,0,33,85
12/21/2021,AZO,MI,AGL,CE,Combined TRACON& Tower with Radar,0,12,13,0,25,0,0,11,0,11,0,12,24,0,36,16,0,16,52
12/22/2021,AZO,MI,AGL,CE,Combined TRACON& Tower with Radar,0,16,16,0,32,0,0,6,0,6,0,16,22,0,38,57,0,57,95
12/23/2021,AZO,MI,AGL,CE,Combined TRACON& Tower with Radar,0,15,20,0,35,0,2,24,0,26,0,17,44,0,61,74,0,74,135
12/24/2021,AZO,MI,AGL,CE,Combined TRACON& Tower with Radar,0,9,4,0,13,0,0,0,0,0,0,9,4,0,13,0,0,0,13
12/25/2021,AZO,MI,AGL,CE,Combined TRACON& Tower with Radar,0,12,2,0,14,0,0,0,0,0,0,12,2,0,14,0,0,0,14
12/26/2021,AZO,MI,AGL,CE,Combined TRACON& Tower with Radar,0,12,20,0,32,0,0,17,0,17,0,12,37,0,49,39,0,39,88
12/27/2021,AZO,MI,AGL,CE,Combined TRACON& Tower with Radar,0,18,13,0,31,0,0,0,0,0,0,18,13,0,31,0,0,0,31
12/28/2021,AZO,MI,AGL,CE,Combined TRACON& Tower with Radar,0,11,16,0,27,0,0,12,0,12,0,11,28,0,39,19,0,19,58
12/29/2021,AZO,MI,AGL,CE,Combined TRACON& Tower with Radar,0,14,11,0,25,0,0,9,0,9,0,14,20,0,34,13,0,13,47
12/30/2021,AZO,MI,AGL,CE,Combined TRACON& Tower with Radar,0,14,12,0,26,0,0,7,0,7,0,14,19,0,33,40,0,40,73
12/31/2021,AZO,MI,AGL,CE,Combined TRACON& Tower with Radar,0,8,17,0,25,0,0,12,0,12,0,8,29,0,37,24,0,24,61
01/01/2022,AZO,MI,AGL,CE,Combined TRACON& Tower with Radar,0,8,1,0,9,0,0,0,0,0,0,8,1,0,9,0,0,0,9
01/02/2022,AZO,MI,AGL,CE,Combined TRACON& Tower with Radar,0,12,16,0,28,0,0,11,0,11,0,12,27,0,39,19,0,19,58
01/03/2022,AZO,MI,AGL,CE,Combined TRACON& Tower with Radar,0,12,20,0,32,0,0,24,0,24,0,12,44,0,56,34,0,34,90
01/04/2022,AZO,MI,AGL,CE,Combined TRACON& Tower with Radar,0,16,17,0,33,0,5,24,0,29,0,21,41,0,62,63,0,63,125
01/05/2022,AZO,MI,AGL,CE,Combined TRACON& Tower with Radar,0,15,7,0,22,0,0,0,0,0,0,15,7,0,22,0,0,0,22
01/06/2022,AZO,MI,AGL,CE,Combined TRACON& Tower with Radar,0,12,4,0,16,0,0,0,0,0,0,12,4,0,16,0,0,0,16
01/07/2022,AZO,MI,AGL,CE,Combined TRACON& Tower with Radar,0,12,12,0,24,0,0,1,0,1,0,12,13,0,25,0,0,0,25
01/08/2022,AZO,MI,AGL,CE,Combined TRACON& Tower with Radar,0,12,7,0,19,0,0,17,0,17,0,12,24,0,36,20,0,20,56
01/09/2022,AZO,MI,AGL,CE,Combined TRACON& Tower with Radar,1,12,9,0,22,0,0,0,2,2,1,12,9,2,24,0,0,0,24
01/10/2022,AZO,MI,AGL,CE,Combined TRACON& Tower with Radar,0,15,12,0,27,0,1,5,0,6,0,16,17,0,33,0,0,0,33
01/11/2022,AZO,MI,AGL,CE,Combined TRACON& Tower with Radar,0,13,10,0,23,0,4,20,3,27,0,17,30,3,50,57,0,57,107
01/12/2022,AZO,MI,AGL,CE,Combined TRACON& Tower with Radar,0,22,15,0,37,0,11,32,3,46,0,33,47,3,83,176,0,176,259
01/13/2022,AZO,MI,AGL,CE,Combined TRACON& Tower with Radar,0,12,27,0,39,0,0,0,0,0,0,12,27,0,39,26,0,26,65
01/14/2022,AZO,MI,AGL,CE,Combined TRACON& Tower with Radar,0,16,13,0,29,0,0,2,0,2,0,16,15,0,31,20,0,20,51
01/15/2022,AZO,MI,AGL,CE,Combined TRACON& Tower with Radar,0,21,11,0,32,0,9,44,0,53,0,30,55,0,85,46,0,46,131
01/16/2022,AZO,MI,AGL,CE,Combined TRACON& Tower with Radar,0,11,26,0,37,0,0,46,0,46,0,11,72,0,83,55,0,55,138
01/17/2022,AZO,MI,AGL,CE,Combined TRACON& Tower with Radar,0,12,10,0,22,0,0,0,0,0,0,12,10,0,22,18,0,18,40
01/18/2022,AZO,MI,AGL,CE,Combined TRACON& Tower with Radar,0,21,19,0,40,0,7,14,0,21,0,28,33,0,61,116,0,116,177
01/19/2022,AZO,MI,AGL,CE,Combined TRACON& Tower with Radar,2,12,16,0,30,0,0,1,0,1,2,12,17,0,31,6,0,6,37
01/20/2022,AZO,MI,AGL,CE,Combined TRACON& Tower with Radar,2,52,19,0,73,0,20,16,0,36,2,72,35,0,109,243,0,243,352
01/21/2022,AZO,MI,AGL,CE,Combined TRACON& Tower with Radar,0,20,20,0,40,0,9,58,0,67,0,29,78,0,107,159,0,159,266
01/22/2022,AZO,MI,AGL,CE,Combined TRACON& Tower with Radar,1,10,9,0,20,0,0,0,0,0,1,10,9,0,20,0,0,0,20
01/23/2022,AZO,MI,AGL,CE,Combined TRACON& Tower with Radar,0,14,10,0,24,0,0,6,0,6,0,14,16,0,30,15,0,15,45
01/24/2022,AZO,MI,AGL,CE,Combined TRACON& Tower with Radar,0,12,9,0,21,0,0,1,0,1,0,12,10,0,22,0,0,0,22
01/25/2022,AZO,MI,AGL,CE,Combined TRACON& Tower with Radar,0,14,17,0,31,0,0,0,0,0,0,14,17,0,31,0,0,0,31
01/26/2022,AZO,MI,AGL,CE,Combined TRACON& Tower with Radar,0,21,12,0,33,0,10,21,6,37,0,31,33,6,70,109,0,109,179
01/27/2022,AZO,MI,AGL,CE,Combined TRACON& Tower with Radar,0,18,12,0,30,0,2,6,0,8,0,20,18,0,38,26,0,26,64
01/28/2022,AZO,MI,AGL,CE,Combined TRACON& Tower with Radar,0,30,12,0,42,0,9,28,0,37,0,39,40,0,79,155,0,155,234
01/29/2022,AZO,MI,AGL,CE,Combined TRACON& Tower with Radar,0,18,7,0,25,0,5,16,0,21,0,23,23,0,46,20,0,20,66
01/30/2022,AZO,MI,AGL,CE,Combined TRACON& Tower with Radar,0,12,20,0,32,0,0,20,0,20,0,12,40,0,52,67,0,67,119
01/31/2022,AZO,MI,AGL,CE,Combined TRACON& Tower with Radar,0,21,13,0,34,0,12,24,0,36,0,33,37,0,70,170,0,170,240
02/01/2022,AZO,MI,AGL,CE,Combined TRACON& Tower with Radar,0,14,10,0,24,0,0,5,0,5,0,14,15,0,29,2,0,2,31
02/02/2022,AZO,MI,AGL,CE,Combined TRACON& Tower with Radar,0,0,0,0,0,0,0,0,0,0,0,0,0,0,0,0,0,0,0
02/03/2022,AZO,MI,AGL,CE,Combined TRACON& Tower with Radar,0,5,6,0,11,0,0,0,0,0,0,5,6,0,11,0,0,0,11
02/04/2022,AZO,MI,AGL,CE,Combined TRACON& Tower with Radar,0,11,9,0,20,0,2,27,0,29,0,13,36,0,49,28,0,28,77
02/05/2022,AZO,MI,AGL,CE,Combined TRACON& Tower with Radar,0,9,10,0,19,0,1,22,0,23,0,10,32,0,42,46,0,46,88
02/06/2022,AZO,MI,AGL,CE,Combined TRACON& Tower with Radar,0,11,22,0,33,0,0,15,0,15,0,11,37,0,48,19,0,19,67
02/07/2022,AZO,MI,AGL,CE,Combined TRACON& Tower with Radar,0,12,8,0,20,0,0,2,0,2,0,12,10,0,22,14,0,14,36
02/08/2022,AZO,MI,AGL,CE,Combined TRACON& Tower with Radar,0,20,17,0,37,0,6,40,1,47,0,26,57,1,84,115,0,115,199
02/09/2022,AZO,MI,AGL,CE,Combined TRACON& Tower with Radar,0,18,15,0,33,0,0,7,0,7,0,18,22,0,40,38,0,38,78
02/10/2022,AZO,MI,AGL,CE,Combined TRACON& Tower with Radar,0,14,18,0,32,0,0,2,0,2,0,14,20,0,34,25,0,25,59
02/11/2022,AZO,MI,AGL,CE,Combined TRACON& Tower with Radar,0,14,11,0,25,0,0,0,0,0,0,14,11,0,25,0,0,0,25
02/12/2022,AZO,MI,AGL,CE,Combined TRACON& Tower with Radar,0,19,11,0,30,0,5,8,0,13,0,24,19,0,43,30,0,30,73
02/13/2022,AZO,MI,AGL,CE,Combined TRACON& Tower with Radar,0,13,7,0,20,0,0,1,0,1,0,13,8,0,21,0,0,0,21
02/14/2022,AZO,MI,AGL,CE,Combined TRACON& Tower with Radar,0,24,16,0,40,0,17,23,0,40,0,41,39,0,80,69,0,69,149
02/15/2022,AZO,MI,AGL,CE,Combined TRACON& Tower with Radar,0,26,38,0,64,0,9,61,0,70,0,35,99,0,134,119,0,119,253
02/16/2022,AZO,MI,AGL,CE,Combined TRACON& Tower with Radar,0,12,16,0,28,0,0,0,0,0,0,12,16,0,28,0,0,0,28
02/17/2022,AZO,MI,AGL,CE,Combined TRACON& Tower with Radar,0,7,11,0,18,0,0,0,0,0,0,7,11,0,18,0,0,0,18
02/18/2022,AZO,MI,AGL,CE,Combined TRACON& Tower with Radar,0,11,19,0,30,0,4,22,0,26,0,15,41,0,56,59,0,59,115
02/19/2022,AZO,MI,AGL,CE,Combined TRACON& Tower with Radar,0,14,14,0,28,0,0,4,0,4,0,14,18,0,32,0,0,0,32
02/20/2022,AZO,MI,AGL,CE,Combined TRACON& Tower with Radar,0,10,16,0,26,0,0,3,0,3,0,10,19,0,29,0,0,0,29
02/21/2022,AZO,MI,AGL,CE,Combined TRACON& Tower with Radar,0,22,30,0,52,0,11,54,0,65,0,33,84,0,117,227,0,227,344
02/22/2022,AZO,MI,AGL,CE,Combined TRACON& Tower with Radar,0,14,12,0,26,0,0,0,0,0,0,14,12,0,26,0,0,0,26
02/23/2022,AZO,MI,AGL,CE,Combined TRACON& Tower with Radar,0,20,31,0,51,0,8,15,0,23,0,28,46,0,74,14,0,14,88
02/24/2022,AZO,MI,AGL,CE,Combined TRACON& Tower with Radar,0,18,17,0,35,0,9,15,0,24,0,27,32,0,59,112,0,112,171
02/25/2022,AZO,MI,AGL,CE,Combined TRACON& Tower with Radar,0,19,12,0,31,0,3,5,0,8,0,22,17,0,39,39,0,39,78
02/26/2022,AZO,MI,AGL,CE,Combined TRACON& Tower with Radar,0,12,8,0,20,0,2,18,0,20,0,14,26,0,40,6,0,6,46
02/27/2022,AZO,MI,AGL,CE,Combined TRACON& Tower with Radar,0,15,16,0,31,0,2,27,0,29,0,17,43,0,60,25,0,25,85
02/28/2022,AZO,MI,AGL,CE,Combined TRACON& Tower with Radar,0,25,17,0,42,0,23,44,2,69,0,48,61,2,111,149,0,149,260
03/01/2022,AZO,MI,AGL,CE,Combined TRACON& Tower with Radar,0,42,39,0,81,0,15,35,0,50,0,57,74,0,131,143,0,143,274
03/02/2022,AZO,MI,AGL,CE,Combined TRACON& Tower with Radar,0,14,23,0,37,0,5,30,0,35,0,19,53,0,72,50,0,50,122
03/03/2022,AZO,MI,AGL,CE,Combined TRACON& Tower with Radar,2,31,30,0,63,0,18,46,0,64,2,49,76,0,127,198,0,198,325
03/04/2022,AZO,MI,AGL,CE,Combined TRACON& Tower with Radar,0,26,13,0,39,0,7,56,0,63,0,33,69,0,102,129,0,129,231
03/05/2022,AZO,MI,AGL,CE,Combined TRACON& Tower with Radar,0,8,17,0,25,0,1,25,0,26,0,9,42,0,51,35,0,35,86
03/06/2022,AZO,MI,AGL,CE,Combined TRACON& Tower with Radar,0,9,12,0,21,0,0,0,0,0,0,9,12,0,21,0,0,0,21
03/07/2022,AZO,MI,AGL,CE,Combined TRACON& Tower with Radar,0,9,14,0,23,0,0,0,0,0,0,9,14,0,23,0,0,0,23
03/08/2022,AZO,MI,AGL,CE,Combined TRACON& Tower with Radar,0,15,23,0,38,0,6,22,0,28,0,21,45,0,66,67,0,67,133
03/09/2022,AZO,MI,AGL,CE,Combined TRACON& Tower with Radar,0,20,28,0,48,0,7,23,0,30,0,27,51,0,78,38,0,38,116
03/10/2022,AZO,MI,AGL,CE,Combined TRACON& Tower with Radar,0,21,16,0,37,0,6,27,0,33,0,27,43,0,70,67,0,67,137
03/11/2022,AZO,MI,AGL,CE,Combined TRACON& Tower with Radar,0,21,13,0,34,0,0,1,0,1,0,21,14,0,35,0,0,0,35
03/12/2022,AZO,MI,AGL,CE,Combined TRACON& Tower with Radar,0,9,4,0,13,0,0,0,0,0,0,9,4,0,13,0,0,0,13
03/13/2022,AZO,MI,AGL,CE,Combined TRACON& Tower with Radar,0,12,19,0,31,0,0,4,0,4,0,12,23,0,35,0,0,0,35
03/14/2022,AZO,MI,AGL,CE,Combined TRACON& Tower with Radar,0,21,13,0,34,0,13,30,0,43,0,34,43,0,77,95,0,95,172
03/15/2022,AZO,MI,AGL,CE,Combined TRACON& Tower with Radar,0,22,18,0,40,0,12,51,0,63,0,34,69,0,103,173,0,173,276
03/16/2022,AZO,MI,AGL,CE,Combined TRACON& Tower with Radar,0,17,19,0,36,0,8,40,0,48,0,25,59,0,84,134,0,134,218
03/17/2022,AZO,MI,AGL,CE,Combined TRACON& Tower with Radar,0,21,28,0,49,0,10,64,0,74,0,31,92,0,123,163,0,163,286
03/18/2022,AZO,MI,AGL,CE,Combined TRACON& Tower with Radar,0,13,14,0,27,0,3,12,0,15,0,16,26,0,42,50,0,50,92
03/19/2022,AZO,MI,AGL,CE,Combined TRACON& Tower with Radar,0,9,3,0,12,0,0,0,0,0,0,9,3,0,12,0,0,0,12
03/20/2022,AZO,MI,AGL,CE,Combined TRACON& Tower with Radar,0,12,23,1,36,0,0,48,1,49,0,12,71,2,85,87,0,87,172
03/21/2022,AZO,MI,AGL,CE,Combined TRACON& Tower with Radar,0,17,23,0,40,0,19,63,0,82,0,36,86,0,122,194,0,194,316
03/22/2022,AZO,MI,AGL,CE,Combined TRACON& Tower with Radar,0,14,9,0,23,0,4,10,0,14,0,18,19,0,37,23,0,23,60
03/23/2022,AZO,MI,AGL,CE,Combined TRACON& Tower with Radar,2,11,12,0,25,0,0,0,0,0,2,11,12,0,25,0,0,0,25
03/24/2022,AZO,MI,AGL,CE,Combined TRACON& Tower with Radar,0,13,25,0,38,0,0,1,0,1,0,13,26,0,39,7,0,7,46
03/25/2022,AZO,MI,AGL,CE,Combined TRACON& Tower with Radar,0,12,17,0,29,0,0,2,0,2,0,12,19,0,31,2,0,2,33
03/26/2022,AZO,MI,AGL,CE,Combined TRACON& Tower with Radar,0,8,7,0,15,0,0,0,0,0,0,8,7,0,15,0,0,0,15
03/27/2022,AZO,MI,AGL,CE,Combined TRACON& Tower with Radar,1,9,12,0,22,0,1,4,0,5,1,10,16,0,27,10,0,10,37
03/28/2022,AZO,MI,AGL,CE,Combined TRACON& Tower with Radar,1,83,28,0,112,0,38,37,0,75,1,121,65,0,187,227,0,227,414
03/29/2022,AZO,MI,AGL,CE,Combined TRACON& Tower with Radar,0,18,17,0,35,0,7,36,0,43,0,25,53,0,78,97,0,97,175
03/30/2022,AZO,MI,AGL,CE,Combined TRACON& Tower with Radar,0,10,4,0,14,0,0,2,0,2,0,10,6,0,16,0,0,0,16
03/31/2022,AZO,MI,AGL,CE,Combined TRACON& Tower with Radar,0,12,13,0,25,0,0,3,0,3,0,12,16,0,28,0,0,0,28
04/01/2022,AZO,MI,AGL,CE,Combined TRACON& Tower with Radar,0,33,15,0,48,0,13,19,0,32,0,46,34,0,80,29,0,29,109
04/02/2022,AZO,MI,AGL,CE,Combined TRACON& Tower with Radar,0,21,11,0,32,0,18,43,0,61,0,39,54,0,93,111,0,111,204
04/03/2022,AZO,MI,AGL,CE,Combined TRACON& Tower with Radar,0,11,31,0,42,0,0,20,0,20,0,11,51,0,62,84,0,84,146
04/04/2022,AZO,MI,AGL,CE,Combined TRACON& Tower with Radar,0,10,22,0,32,0,0,0,0,0,0,10,22,0,32,22,0,22,54
04/05/2022,AZO,MI,AGL,CE,Combined TRACON& Tower with Radar,3,23,22,2,50,0,10,33,0,43,3,33,55,2,93,132,0,132,225
04/06/2022,AZO,MI,AGL,CE,Combined TRACON& Tower with Radar,1,23,21,0,45,0,3,6,0,9,1,26,27,0,54,18,0,18,72
04/07/2022,AZO,MI,AGL,CE,Combined TRACON& Tower with Radar,0,11,21,0,32,0,1,14,0,15,0,12,35,0,47,33,0,33,80
04/08/2022,AZO,MI,AGL,CE,Combined TRACON& Tower with Radar,0,11,9,0,20,0,0,0,0,0,0,11,9,0,20,10,0,10,30
04/09/2022,AZO,MI,AGL,CE,Combined TRACON& Tower with Radar,0,13,9,0,22,0,3,7,0,10,0,16,16,0,32,0,0,0,32
04/10/2022,AZO,MI,AGL,CE,Combined TRACON& Tower with Radar,2,20,14,0,36,0,7,74,0,81,2,27,88,0,117,72,0,72,189
04/11/2022,AZO,MI,AGL,CE,Combined TRACON& Tower with Radar,2,42,28,0,72,0,13,25,0,38,2,55,53,0,110,66,0,66,176
04/12/2022,AZO,MI,AGL,CE,Combined TRACON& Tower with Radar,0,31,18,0,49,0,18,45,0,63,0,49,63,0,112,175,0,175,287
04/13/2022,AZO,MI,AGL,CE,Combined TRACON& Tower with Radar,2,6,17,0,25,0,2,0,0,2,2,8,17,0,27,6,0,6,33
04/14/2022,AZO,MI,AGL,CE,Combined TRACON& Tower with Radar,0,13,13,0,26,0,0,6,0,6,0,13,19,0,32,0,0,0,32
04/15/2022,AZO,MI,AGL,CE,Combined TRACON& Tower with Radar,0,17,14,0,31,0,3,4,0,7,0,20,18,0,38,8,0,8,46
04/16/2022,AZO,MI,AGL,CE,Combined TRACON& Tower with Radar,0,35,14,0,49,0,10,29,0,39,0,45,43,0,88,80,0,80,168
04/17/2022,AZO,MI,AGL,CE,Combined TRACON& Tower with Radar,0,11,15,0,26,0,0,43,0,43,0,11,58,0,69,57,0,57,126
04/18/2022,AZO,MI,AGL,CE,Combined TRACON& Tower with Radar,2,10,12,0,24,0,0,0,0,0,2,10,12,0,24,0,0,0,24
04/19/2022,AZO,MI,AGL,CE,Combined TRACON& Tower with Radar,1,46,23,0,70,0,14,20,0,34,1,60,43,0,104,60,0,60,164
04/20/2022,AZO,MI,AGL,CE,Combined TRACON& Tower with Radar,0,25,24,0,49,0,18,25,0,43,0,43,49,0,92,144,0,144,236
04/21/2022,AZO,MI,AGL,CE,Combined TRACON& Tower with Radar,0,26,25,0,51,0,11,32,0,43,0,37,57,0,94,55,0,55,149
04/22/2022,AZO,MI,AGL,CE,Combined TRACON& Tower with Radar,0,17,20,0,37,0,2,29,0,31,0,19,49,0,68,114,0,114,182
04/23/2022,AZO,MI,AGL,CE,Combined TRACON& Tower with Radar,3,24,9,0,36,0,12,36,2,50,3,36,45,2,86,67,0,67,153
04/24/2022,AZO,MI,AGL,CE,Combined TRACON& Tower with Radar,2,9,9,0,20,0,0,3,0,3,2,9,12,0,23,0,0,0,23
04/25/2022,AZO,MI,AGL,CE,Combined TRACON& Tower with Radar,0,33,22,0,55,0,23,37,0,60,0,56,59,0,115,78,0,78,193
04/26/2022,AZO,MI,AGL,CE,Combined TRACON& Tower with Radar,0,15,20,0,35,0,8,8,0,16,0,23,28,0,51,62,0,62,113
04/27/2022,AZO,MI,AGL,CE,Combined TRACON& Tower with Radar,2,54,21,0,77,0,28,38,0,66,2,82,59,0,143,185,0,185,328
04/28/2022,AZO,MI,AGL,CE,Combined TRACON& Tower with Radar,2,17,30,0,49,0,9,57,1,67,2,26,87,1,116,134,0,134,250
04/29/2022,AZO,MI,AGL,CE,Combined TRACON& Tower with Radar,2,17,23,4,46,0,14,48,1,63,2,31,71,5,109,105,0,105,214
04/30/2022,AZO,MI,AGL,CE,Combined TRACON& Tower with Radar,0,8,12,0,20,0,2,7,0,9,0,10,19,0,29,38,0,38,67
05/01/2022,AZO,MI,AGL,CE,Combined TRACON& Tower with Radar,2,8,19,0,29,0,0,7,0,7,2,8,26,0,36,17,0,17,53
05/02/2022,AZO,MI,AGL,CE,Combined TRACON& Tower with Radar,0,39,23,0,62,0,5,18,0,23,0,44,41,0,85,105,0,105,190
05/03/2022,AZO,MI,AGL,CE,Combined TRACON& Tower with Radar,2,11,17,0,30,0,0,1,0,1,2,11,18,0,31,11,0,11,42
05/04/2022,AZO,MI,AGL,CE,Combined TRACON& Tower with Radar,2,49,23,0,74,0,8,38,0,46,2,57,61,0,120,191,0,191,311
05/05/2022,AZO,MI,AGL,CE,Combined TRACON& Tower with Radar,2,21,28,0,51,0,8,39,0,47,2,29,67,0,98,131,0,131,229
05/06/2022,AZO,MI,AGL,CE,Combined TRACON& Tower with Radar,2,12,17,0,31,0,0,0,0,0,2,12,17,0,31,0,0,0,31
05/07/2022,AZO,MI,AGL,CE,Combined TRACON& Tower with Radar,0,28,18,0,46,0,8,68,1,77,0,36,86,1,123,58,0,58,181
05/08/2022,AZO,MI,AGL,CE,Combined TRACON& Tower with Radar,2,10,18,0,30,0,2,24,0,26,2,12,42,0,56,22,0,22,78
05/09/2022,AZO,MI,AGL,CE,Combined TRACON& Tower with Radar,0,12,20,0,32,0,7,27,0,34,0,19,47,0,66,20,0,20,86
05/10/2022,AZO,MI,AGL,CE,Combined TRACON& Tower with Radar,0,39,29,0,68,0,22,55,4,81,0,61,84,4,149,208,0,208,357
05/11/2022,AZO,MI,AGL,CE,Combined TRACON& Tower with Radar,0,25,38,1,64,0,13,59,0,72,0,38,97,1,136,258,0,258,394
05/12/2022,AZO,MI,AGL,CE,Combined TRACON& Tower with Radar,0,27,21,0,48,0,12,57,0,69,0,39,78,0,117,139,0,139,256
05/13/2022,AZO,MI,AGL,CE,Combined TRACON& Tower with Radar,0,25,13,0,38,0,16,57,0,73,0,41,70,0,111,168,0,168,279
05/14/2022,AZO,MI,AGL,CE,Combined TRACON& Tower with Radar,0,14,9,0,23,0,3,41,0,44,0,17,50,0,67,17,0,17,84
05/15/2022,AZO,MI,AGL,CE,Combined TRACON& Tower with Radar,0,12,17,0,29,0,0,19,0,19,0,12,36,0,48,25,0,25,73
05/16/2022,AZO,MI,AGL,CE,Combined TRACON& Tower with Radar,0,35,16,0,51,0,11,27,0,38,0,46,43,0,89,68,0,68,157
05/17/2022,AZO,MI,AGL,CE,Combined TRACON& Tower with Radar,0,51,16,0,67,0,18,42,0,60,0,69,58,0,127,210,0,210,337
05/18/2022,AZO,MI,AGL,CE,Combined TRACON& Tower with Radar,2,15,39,0,56,0,1,10,0,11,2,16,49,0,67,23,0,23,90
05/19/2022,AZO,MI,AGL,CE,Combined TRACON& Tower with Radar,0,27,17,0,44,0,14,24,0,38,0,41,41,0,82,110,0,110,192
05/20/2022,AZO,MI,AGL,CE,Combined TRACON& Tower with Radar,0,25,20,0,45,0,2,12,0,14,0,27,32,0,59,33,0,33,92
05/21/2022,AZO,MI,AGL,CE,Combined TRACON& Tower with Radar,0,17,6,0,23,0,1,1,1,3,0,18,7,1,26,2,0,2,28
05/22/2022,AZO,MI,AGL,CE,Combined TRACON& Tower with Radar,0,15,10,0,25,0,1,14,0,15,0,16,24,0,40,16,0,16,56
05/23/2022,AZO,MI,AGL,CE,Combined TRACON& Tower with Radar,0,41,14,0,55,0,18,55,0,73,0,59,69,0,128,136,0,136,264
05/24/2022,AZO,MI,AGL,CE,Combined TRACON& Tower with Radar,0,34,33,5,72,0,12,56,0,68,0,46,89,5,140,120,0,120,260
05/25/2022,AZO,MI,AGL,CE,Combined TRACON& Tower with Radar,0,12,10,0,22,0,0,4,0,4,0,12,14,0,26,8,0,8,34
05/26/2022,AZO,MI,AGL,CE,Combined TRACON& Tower with Radar,0,21,25,0,46,0,2,5,0,7,0,23,30,0,53,33,0,33,86
05/27/2022,AZO,MI,AGL,CE,Combined TRACON& Tower with Radar,0,13,7,0,20,0,0,0,0,0,0,13,7,0,20,20,0,20,40
05/28/2022,AZO,MI,AGL,CE,Combined TRACON& Tower with Radar,0,15,17,0,32,0,3,56,0,59,0,18,73,0,91,40,0,40,131
05/29/2022,AZO,MI,AGL,CE,Combined TRACON& Tower with Radar,0,9,6,0,15,0,0,23,0,23,0,9,29,0,38,36,0,36,74
05/30/2022,AZO,MI,AGL,CE,Combined TRACON& Tower with Radar,0,13,8,0,21,0,1,13,0,14,0,14,21,0,35,10,0,10,45
05/31/2022,AZO,MI,AGL,CE,Combined TRACON& Tower with Radar,0,24,15,0,39,0,13,32,4,49,0,37,47,4,88,96,0,96,184
06/01/2022,AZO,MI,AGL,CE,Combined TRACON& Tower with Radar,0,37,26,0,63,0,11,30,6,47,0,48,56,6,110,132,0,132,242
06/02/2022,AZO,MI,AGL,CE,Combined TRACON& Tower with Radar,0,39,26,0,65,0,10,56,0,66,0,49,82,0,131,113,0,113,244
06/03/2022,AZO,MI,AGL,CE,Combined TRACON& Tower with Radar,0,22,19,2,43,0,3,27,0,30,0,25,46,2,73,22,0,22,95
06/04/2022,AZO,MI,AGL,CE,Combined TRACON& Tower with Radar,0,19,14,0,33,0,10,46,0,56,0,29,60,0,89,51,0,51,140
06/05/2022,AZO,MI,AGL,CE,Combined TRACON& Tower with Radar,0,10,10,0,20,0,0,18,0,18,0,10,28,0,38,29,0,29,67
06/06/2022,AZO,MI,AGL,CE,Combined TRACON& Tower with Radar,0,13,33,0,46,0,3,33,0,36,0,16,66,0,82,88,0,88,170
06/07/2022,AZO,MI,AGL,CE,Combined TRACON& Tower with Radar,0,47,22,0,69,0,7,31,0,38,0,54,53,0,107,135,0,135,242
06/08/2022,AZO,MI,AGL,CE,Combined TRACON& Tower with Radar,0,22,18,0,40,0,6,43,0,49,0,28,61,0,89,92,0,92,181
06/09/2022,AZO,MI,AGL,CE,Combined TRACON& Tower with Radar,0,34,18,0,52,0,8,31,0,39,0,42,49,0,91,28,0,28,119
06/10/2022,AZO,MI,AGL,CE,Combined TRACON& Tower with Radar,0,24,21,0,45,0,7,66,1,74,0,31,87,1,119,113,0,113,232
06/11/2022,AZO,MI,AGL,CE,Combined TRACON& Tower with Radar,0,12,9,1,22,0,2,32,1,35,0,14,41,2,57,20,0,20,77
06/12/2022,AZO,MI,AGL,CE,Combined TRACON& Tower with Radar,0,15,13,0,28,0,0,13,0,13,0,15,26,0,41,67,0,67,108
06/13/2022,AZO,MI,AGL,CE,Combined TRACON& Tower with Radar,0,32,22,0,54,0,14,30,0,44,0,46,52,0,98,116,0,116,214
06/14/2022,AZO,MI,AGL,CE,Combined TRACON& Tower with Radar,0,33,28,2,63,0,8,30,0,38,0,41,58,2,101,78,0,78,179
06/15/2022,AZO,MI,AGL,CE,Combined TRACON& Tower with Radar,0,18,29,0,47,0,18,52,0,70,0,36,81,0,117,56,0,56,173
06/16/2022,AZO,MI,AGL,CE,Combined TRACON& Tower with Radar,1,26,23,0,50,0,3,29,0,32,1,29,52,0,82,49,0,49,131
06/17/2022,AZO,MI,AGL,CE,Combined TRACON& Tower with Radar,0,18,27,0,45,0,0,30,0,30,0,18,57,0,75,48,0,48,123
06/18/2022,AZO,MI,AGL,CE,Combined TRACON& Tower with Radar,3,23,6,0,32,0,5,33,0,38,3,28,39,0,70,127,0,127,197
06/19/2022,AZO,MI,AGL,CE,Combined TRACON& Tower with Radar,0,10,9,0,19,0,1,34,0,35,0,11,43,0,54,57,0,57,111
06/20/2022,AZO,MI,AGL,CE,Combined TRACON& Tower with Radar,0,28,25,0,53,0,20,44,0,64,0,48,69,0,117,130,0,130,247
06/21/2022,AZO,MI,AGL,CE,Combined TRACON& Tower with Radar,0,20,16,0,36,0,10,23,0,33,0,30,39,0,69,55,0,55,124
06/22/2022,AZO,MI,AGL,CE,Combined TRACON& Tower with Radar,0,16,19,0,35,0,7,47,0,54,0,23,66,0,89,59,0,59,148
06/23/2022,AZO,MI,AGL,CE,Combined TRACON& Tower with Radar,0,53,18,0,71,0,19,47,0,66,0,72,65,0,137,227,0,227,364
06/24/2022,AZO,MI,AGL,CE,Combined TRACON& Tower with Radar,0,29,17,0,46,0,10,64,0,74,0,39,81,0,120,134,0,134,254
06/25/2022,AZO,MI,AGL,CE,Combined TRACON& Tower with Radar,0,14,9,0,23,0,1,36,2,39,0,15,45,2,62,74,0,74,136
06/26/2022,AZO,MI,AGL,CE,Combined TRACON& Tower with Radar,0,11,20,0,31,0,0,15,0,15,0,11,35,0,46,10,0,10,56
06/27/2022,AZO,MI,AGL,CE,Combined TRACON& Tower with Radar,0,17,26,0,43,0,9,30,0,39,0,26,56,0,82,99,0,99,181
06/28/2022,AZO,MI,AGL,CE,Combined TRACON& Tower with Radar,0,28,16,0,44,0,10,59,2,71,0,38,75,2,115,288,0,288,403
06/29/2022,AZO,MI,AGL,CE,Combined TRACON& Tower with Radar,0,23,27,4,54,0,14,61,0,75,0,37,88,4,129,242,0,242,371
06/30/2022,AZO,MI,AGL,CE,Combined TRACON& Tower with Radar,0,22,26,0,48,0,9,33,2,44,0,31,59,2,92,107,0,107,199
07/01/2022,AZO,MI,AGL,CE,Combined TRACON& Tower with Radar,0,17,17,0,34,0,2,25,0,27,0,19,42,0,61,53,0,53,114
07/02/2022,AZO,MI,AGL,CE,Combined TRACON& Tower with Radar,0,15,10,2,27,0,3,41,0,44,0,18,51,2,71,16,0,16,87
07/03/2022,AZO,MI,AGL,CE,Combined TRACON& Tower with Radar,0,10,7,0,17,0,0,31,0,31,0,10,38,0,48,20,0,20,68
07/04/2022,AZO,MI,AGL,CE,Combined TRACON& Tower with Radar,0,14,11,0,25,0,1,22,0,23,0,15,33,0,48,2,0,2,50
07/05/2022,AZO,MI,AGL,CE,Combined TRACON& Tower with Radar,2,17,16,0,35,0,1,12,0,13,2,18,28,0,48,19,0,19,67
07/06/2022,AZO,MI,AGL,CE,Combined TRACON& Tower with Radar,0,31,19,0,50,0,1,0,0,1,0,32,19,0,51,36,0,36,87
07/07/2022,AZO,MI,AGL,CE,Combined TRACON& Tower with Radar,0,34,13,0,47,0,10,35,0,45,0,44,48,0,92,210,0,210,302
07/08/2022,AZO,MI,AGL,CE,Combined TRACON& Tower with Radar,0,26,23,0,49,0,2,27,0,29,0,28,50,0,78,178,0,178,256
07/09/2022,AZO,MI,AGL,CE,Combined TRACON& Tower with Radar,0,21,13,0,34,0,6,43,2,51,0,27,56,2,85,34,0,34,119
07/10/2022,AZO,MI,AGL,CE,Combined TRACON& Tower with Radar,0,14,19,0,33,0,0,27,0,27,0,14,46,0,60,33,0,33,93
07/11/2022,AZO,MI,AGL,CE,Combined TRACON& Tower with Radar,0,30,28,0,58,0,8,29,0,37,0,38,57,0,95,75,0,75,170
07/12/2022,AZO,MI,AGL,CE,Combined TRACON& Tower with Radar,0,28,18,0,46,0,11,26,0,37,0,39,44,0,83,158,0,158,241
07/13/2022,AZO,MI,AGL,CE,Combined TRACON& Tower with Radar,0,23,20,0,43,0,8,42,0,50,0,31,62,0,93,145,0,145,238
07/14/2022,AZO,MI,AGL,CE,Combined TRACON& Tower with Radar,0,28,28,0,56,0,12,60,0,72,0,40,88,0,128,297,0,297,425
07/15/2022,AZO,MI,AGL,CE,Combined TRACON& Tower with Radar,0,19,30,1,50,0,5,37,0,42,0,24,67,1,92,76,0,76,168
07/16/2022,AZO,MI,AGL,CE,Combined TRACON& Tower with Radar,0,10,24,1,35,0,0,16,1,17,0,10,40,2,52,28,0,28,80
07/17/2022,AZO,MI,AGL,CE,Combined TRACON& Tower with Radar,0,10,13,1,24,0,0,3,1,4,0,10,16,2,28,11,0,11,39
07/18/2022,AZO,MI,AGL,CE,Combined TRACON& Tower with Radar,0,34,16,3,53,0,21,45,0,66,0,55,61,3,119,201,0,201,320
07/19/2022,AZO,MI,AGL,CE,Combined TRACON& Tower with Radar,0,24,17,0,41,0,16,54,0,70,0,40,71,0,111,189,0,189,300
07/20/2022,AZO,MI,AGL,CE,Combined TRACON& Tower with Radar,0,16,27,0,43,0,0,20,1,21,0,16,47,1,64,35,0,35,99
07/21/2022,AZO,MI,AGL,CE,Combined TRACON& Tower with Radar,0,24,28,0,52,0,5,42,1,48,0,29,70,1,100,120,0,120,220
07/22/2022,AZO,MI,AGL,CE,Combined TRACON& Tower with Radar,0,31,18,0,49,0,14,46,0,60,0,45,64,0,109,161,0,161,270
07/23/2022,AZO,MI,AGL,CE,Combined TRACON& Tower with Radar,2,17,12,0,31,0,3,10,1,14,2,20,22,1,45,24,0,24,69
07/24/2022,AZO,MI,AGL,CE,Combined TRACON& Tower with Radar,0,10,16,0,26,0,0,9,0,9,0,10,25,0,35,15,0,15,50
07/25/2022,AZO,MI,AGL,CE,Combined TRACON& Tower with Radar,0,32,17,0,49,0,20,39,0,59,0,52,56,0,108,188,0,188,296
07/26/2022,AZO,MI,AGL,CE,Combined TRACON& Tower with Radar,0,19,25,0,44,0,13,60,0,73,0,32,85,0,117,106,0,106,223
07/27/2022,AZO,MI,AGL,CE,Combined TRACON& Tower with Radar,0,33,22,0,55,0,7,11,0,18,0,40,33,0,73,83,0,83,156
07/28/2022,AZO,MI,AGL,CE,Combined TRACON& Tower with Radar,0,45,24,0,69,0,8,25,0,33,0,53,49,0,102,74,0,74,176
07/29/2022,AZO,MI,AGL,CE,Combined TRACON& Tower with Radar,0,21,27,0,48,0,4,27,0,31,0,25,54,0,79,88,0,88,167
07/30/2022,AZO,MI,AGL,CE,Combined TRACON& Tower with Radar,0,15,12,0,27,0,2,34,0,36,0,17,46,0,63,29,0,29,92
07/31/2022,AZO,MI,AGL,CE,Combined TRACON& Tower with Radar,2,9,26,0,37,0,1,56,0,57,2,10,82,0,94,41,0,41,135
08/01/2022,AZO,MI,AGL,CE,Combined TRACON& Tower with Radar,2,15,28,0,45,0,4,7,1,12,2,19,35,1,57,23,0,23,80
08/02/2022,AZO,MI,AGL,CE,Combined TRACON& Tower with Radar,2,27,23,0,52,0,12,47,5,64,2,39,70,5,116,135,0,135,251
08/03/2022,AZO,MI,AGL,CE,Combined TRACON& Tower with Radar,0,9,20,0,29,0,3,19,3,25,0,12,39,3,54,9,0,9,63
08/04/2022,AZO,MI,AGL,CE,Combined TRACON& Tower with Radar,2,16,25,0,43,0,0,19,0,19,2,16,44,0,62,85,0,85,147
08/05/2022,AZO,MI,AGL,CE,Combined TRACON& Tower with Radar,2,14,36,0,52,0,3,22,0,25,2,17,58,0,77,56,0,56,133
08/06/2022,AZO,MI,AGL,CE,Combined TRACON& Tower with Radar,2,19,16,2,39,0,7,23,1,31,2,26,39,3,70,124,0,124,194
08/07/2022,AZO,MI,AGL,CE,Combined TRACON& Tower with Radar,2,8,4,0,14,0,0,1,0,1,2,8,5,0,15,0,0,0,15
08/08/2022,AZO,MI,AGL,CE,Combined TRACON& Tower with Radar,2,12,21,0,35,0,0,0,0,0,2,12,21,0,35,34,0,34,69
08/09/2022,AZO,MI,AGL,CE,Combined TRACON& Tower with Radar,2,49,41,0,92,0,26,72,3,101,2,75,113,3,193,283,0,283,476
08/10/2022,AZO,MI,AGL,CE,Combined TRACON& Tower with Radar,2,49,17,0,68,0,10,58,0,68,2,59,75,0,136,203,0,203,339
08/11/2022,AZO,MI,AGL,CE,Combined TRACON& Tower with Radar,2,17,23,0,42,0,8,56,0,64,2,25,79,0,106,140,0,140,246
08/12/2022,AZO,MI,AGL,CE,Combined TRACON& Tower with Radar,3,29,30,0,62,0,8,61,0,69,3,37,91,0,131,158,0,158,289
08/13/2022,AZO,MI,AGL,CE,Combined TRACON& Tower with Radar,3,11,16,0,30,0,0,10,0,10,3,11,26,0,40,16,0,16,56
08/14/2022,AZO,MI,AGL,CE,Combined TRACON& Tower with Radar,0,12,24,0,36,0,0,9,0,9,0,12,33,0,45,22,0,22,67
08/15/2022,AZO,MI,AGL,CE,Combined TRACON& Tower with Radar,0,41,25,0,66,0,24,54,0,78,0,65,79,0,144,323,0,323,467
08/16/2022,AZO,MI,AGL,CE,Combined TRACON& Tower with Radar,0,29,24,0,53,0,17,74,0,91,0,46,98,0,144,240,0,240,384
08/17/2022,AZO,MI,AGL,CE,Combined TRACON& Tower with Radar,0,38,27,0,65,0,8,46,1,55,0,46,73,1,120,164,0,164,284
08/18/2022,AZO,MI,AGL,CE,Combined TRACON& Tower with Radar,2,23,26,0,51,1,18,53,0,72,3,41,79,0,123,230,0,230,353
08/19/2022,AZO,MI,AGL,CE,Combined TRACON& Tower with Radar,2,18,23,0,43,0,6,51,0,57,2,24,74,0,100,77,0,77,177
08/20/2022,AZO,MI,AGL,CE,Combined TRACON& Tower with Radar,2,8,7,0,17,0,1,29,2,32,2,9,36,2,49,44,0,44,93
08/21/2022,AZO,MI,AGL,CE,Combined TRACON& Tower with Radar,2,7,23,0,32,0,0,8,0,8,2,7,31,0,40,8,0,8,48
08/22/2022,AZO,MI,AGL,CE,Combined TRACON& Tower with Radar,2,37,25,0,64,0,14,34,0,48,2,51,59,0,112,83,0,83,195
08/23/2022,AZO,MI,AGL,CE,Combined TRACON& Tower with Radar,0,44,24,0,68,0,31,71,0,102,0,75,95,0,170,192,0,192,362
08/24/2022,AZO,MI,AGL,CE,Combined TRACON& Tower with Radar,2,20,33,0,55,0,21,32,0,53,2,41,65,0,108,222,0,222,330
08/25/2022,AZO,MI,AGL,CE,Combined TRACON& Tower with Radar,2,22,18,0,42,0,5,26,2,33,2,27,44,2,75,164,0,164,239
08/26/2022,AZO,MI,AGL,CE,Combined TRACON& Tower with Radar,0,37,28,0,65,0,8,32,0,40,0,45,60,0,105,93,0,93,198
08/27/2022,AZO,MI,AGL,CE,Combined TRACON& Tower with Radar,4,10,18,0,32,9,7,37,0,53,13,17,55,0,85,34,0,34,119
08/28/2022,AZO,MI,AGL,CE,Combined TRACON& Tower with Radar,2,10,12,0,24,0,0,10,0,10,2,10,22,0,34,45,0,45,79
08/29/2022,AZO,MI,AGL,CE,Combined TRACON& Tower with Radar,0,12,10,0,22,0,0,6,0,6,0,12,16,0,28,32,0,32,60
08/30/2022,AZO,MI,AGL,CE,Combined TRACON& Tower with Radar,2,35,19,0,56,0,12,26,0,38,2,47,45,0,94,75,0,75,169
08/31/2022,AZO,MI,AGL,CE,Combined TRACON& Tower with Radar,0,36,16,0,52,0,19,41,0,60,0,55,57,0,112,125,0,125,237
09/01/2022,AZO,MI,AGL,CE,Combined TRACON& Tower with Radar,2,22,9,0,33,0,9,62,1,72,2,31,71,1,105,138,0,138,243
09/02/2022,AZO,MI,AGL,CE,Combined TRACON& Tower with Radar,0,24,18,0,42,0,7,49,0,56,0,31,67,0,98,186,0,186,284
09/03/2022,AZO,MI,AGL,CE,Combined TRACON& Tower with Radar,0,9,8,0,17,0,1,29,0,30,0,10,37,0,47,71,0,71,118
09/04/2022,AZO,MI,AGL,CE,Combined TRACON& Tower with Radar,0,9,16,0,25,0,0,0,0,0,0,9,16,0,25,0,0,0,25
09/05/2022,AZO,MI,AGL,CE,Combined TRACON& Tower with Radar,0,8,9,0,17,0,1,3,0,4,0,9,12,0,21,0,0,0,21
09/06/2022,AZO,MI,AGL,CE,Combined TRACON& Tower with Radar,0,30,15,0,45,0,6,34,0,40,0,36,49,0,85,175,0,175,260
09/07/2022,AZO,MI,AGL,CE,Combined TRACON& Tower with Radar,0,38,22,0,60,0,9,55,0,64,0,47,77,0,124,215,0,215,339
09/08/2022,AZO,MI,AGL,CE,Combined TRACON& Tower with Radar,0,26,26,1,53,0,14,41,1,56,0,40,67,2,109,250,0,250,359
09/09/2022,AZO,MI,AGL,CE,Combined TRACON& Tower with Radar,0,17,30,0,47,0,9,58,1,68,0,26,88,1,115,204,0,204,319
09/10/2022,AZO,MI,AGL,CE,Combined TRACON& Tower with Radar,0,17,13,0,30,0,9,37,0,46,0,26,50,0,76,34,0,34,110
09/11/2022,AZO,MI,AGL,CE,Combined TRACON& Tower with Radar,0,8,9,0,17,0,0,1,0,1,0,8,10,0,18,0,0,0,18
09/12/2022,AZO,MI,AGL,CE,Combined TRACON& Tower with Radar,2,15,26,0,43,0,3,8,0,11,2,18,34,0,54,60,0,60,114
09/13/2022,AZO,MI,AGL,CE,Combined TRACON& Tower with Radar,0,28,28,0,56,0,15,32,0,47,0,43,60,0,103,169,0,169,272
09/14/2022,AZO,MI,AGL,CE,Combined TRACON& Tower with Radar,0,26,23,0,49,0,9,55,0,64,0,35,78,0,113,158,0,158,271
09/15/2022,AZO,MI,AGL,CE,Combined TRACON& Tower with Radar,0,30,31,1,62,0,15,43,2,60,0,45,74,3,122,247,0,247,369
09/16/2022,AZO,MI,AGL,CE,Combined TRACON& Tower with Radar,0,25,21,0,46,0,10,50,0,60,0,35,71,0,106,115,0,115,221
09/17/2022,AZO,MI,AGL,CE,Combined TRACON& Tower with Radar,1,22,6,0,29,0,3,33,0,36,1,25,39,0,65,86,0,86,151
09/18/2022,AZO,MI,AGL,CE,Combined TRACON& Tower with Radar,0,12,10,0,22,0,3,13,0,16,0,15,23,0,38,20,0,20,58
09/19/2022,AZO,MI,AGL,CE,Combined TRACON& Tower with Radar,0,27,22,0,49,0,10,31,0,41,0,37,53,0,90,130,0,130,220
09/20/2022,AZO,MI,AGL,CE,Combined TRACON& Tower with Radar,2,12,26,0,40,0,4,20,0,24,2,16,46,0,64,14,0,14,78
09/21/2022,AZO,MI,AGL,CE,Combined TRACON& Tower with Radar,0,26,20,0,46,0,9,17,1,27,0,35,37,1,73,38,0,38,111
09/22/2022,AZO,MI,AGL,CE,Combined TRACON& Tower with Radar,0,36,17,0,53,0,6,9,0,15,0,42,26,0,68,46,0,46,114
09/23/2022,AZO,MI,AGL,CE,Combined TRACON& Tower with Radar,0,29,22,0,51,0,17,46,2,65,0,46,68,2,116,248,0,248,364
09/24/2022,AZO,MI,AGL,CE,Combined TRACON& Tower with Radar,0,18,10,0,28,1,3,18,0,22,1,21,28,0,50,22,0,22,72
09/25/2022,AZO,MI,AGL,CE,Combined TRACON& Tower with Radar,0,10,10,0,20,0,0,2,0,2,0,10,12,0,22,22,0,22,44
09/26/2022,AZO,MI,AGL,CE,Combined TRACON& Tower with Radar,0,16,23,0,39,0,0,2,0,2,0,16,25,0,41,0,0,0,41
09/27/2022,AZO,MI,AGL,CE,Combined TRACON& Tower with Radar,0,23,24,0,47,0,0,16,0,16,0,23,40,0,63,11,0,11,74
09/28/2022,AZO,MI,AGL,CE,Combined TRACON& Tower with Radar,2,37,27,0,66,0,9,23,0,32,2,46,50,0,98,143,0,143,241
09/29/2022,AZO,MI,AGL,CE,Combined TRACON& Tower with Radar,0,35,19,0,54,0,14,39,0,53,0,49,58,0,107,93,0,93,200
09/30/2022,AZO,MI,AGL,CE,Combined TRACON& Tower with Radar,1,30,26,0,57,0,16,55,0,71,1,46,81,0,128,180,0,180,308
10/01/2022,AZO,MI,AGL,CE,Combined TRACON& Tower with Radar,2,19,12,0,33,0,5,32,0,37,2,24,44,0,70,78,0,78,148
10/02/2022,AZO,MI,AGL,CE,Combined TRACON& Tower with Radar,0,11,19,0,30,0,2,32,0,34,0,13,51,0,64,32,0,32,96
10/03/2022,AZO,MI,AGL,CE,Combined TRACON& Tower with Radar,0,25,19,0,44,0,15,30,0,45,0,40,49,0,89,120,0,120,209
10/04/2022,AZO,MI,AGL,CE,Combined TRACON& Tower with Radar,0,31,19,0,50,0,14,59,0,73,0,45,78,0,123,183,0,183,306
10/05/2022,AZO,MI,AGL,CE,Combined TRACON& Tower with Radar,0,29,20,0,49,0,12,50,0,62,0,41,70,0,111,128,0,128,239
10/06/2022,AZO,MI,AGL,CE,Combined TRACON& Tower with Radar,2,21,11,1,35,0,6,18,1,25,2,27,29,2,60,66,0,66,126
10/07/2022,AZO,MI,AGL,CE,Combined TRACON& Tower with Radar,0,31,18,0,49,2,8,29,0,39,2,39,47,0,88,79,0,79,167
10/08/2022,AZO,MI,AGL,CE,Combined TRACON& Tower with Radar,0,13,14,0,27,0,3,22,0,25,0,16,36,0,52,10,0,10,62
10/09/2022,AZO,MI,AGL,CE,Combined TRACON& Tower with Radar,0,9,18,0,27,0,0,25,0,25,0,9,43,0,52,13,0,13,65
10/10/2022,AZO,MI,AGL,CE,Combined TRACON& Tower with Radar,0,29,9,0,38,0,11,30,0,41,0,40,39,0,79,174,0,174,253
10/11/2022,AZO,MI,AGL,CE,Combined TRACON& Tower with Radar,0,18,11,0,29,0,8,23,0,31,0,26,34,0,60,26,0,26,86
10/12/2022,AZO,MI,AGL,CE,Combined TRACON& Tower with Radar,0,14,11,0,25,0,0,1,0,1,0,14,12,0,26,0,0,0,26
10/13/2022,AZO,MI,AGL,CE,Combined TRACON& Tower with Radar,0,23,22,0,45,0,2,18,0,20,0,25,40,0,65,6,0,6,71
10/14/2022,AZO,MI,AGL,CE,Combined TRACON& Tower with Radar,1,25,17,0,43,0,10,24,0,34,1,35,41,0,77,69,0,69,146
10/15/2022,AZO,MI,AGL,CE,Combined TRACON& Tower with Radar,1,16,8,0,25,0,3,29,0,32,1,19,37,0,57,27,0,27,84
10/16/2022,AZO,MI,AGL,CE,Combined TRACON& Tower with Radar,0,12,27,0,39,0,1,20,0,21,0,13,47,0,60,64,0,64,124
10/17/2022,AZO,MI,AGL,CE,Combined TRACON& Tower with Radar,0,11,16,0,27,0,0,1,0,1,0,11,17,0,28,0,0,0,28
10/18/2022,AZO,MI,AGL,CE,Combined TRACON& Tower with Radar,0,8,11,0,19,0,0,1,0,1,0,8,12,0,20,0,0,0,20
10/19/2022,AZO,MI,AGL,CE,Combined TRACON& Tower with Radar,0,21,11,0,32,0,2,11,0,13,0,23,22,0,45,30,0,30,75
10/20/2022,AZO,MI,AGL,CE,Combined TRACON& Tower with Radar,0,32,17,0,49,1,32,37,0,70,1,64,54,0,119,129,0,129,248
10/21/2022,AZO,MI,AGL,CE,Combined TRACON& Tower with Radar,0,20,18,0,38,0,14,29,0,43,0,34,47,0,81,170,0,170,251
10/22/2022,AZO,MI,AGL,CE,Combined TRACON& Tower with Radar,3,14,8,0,25,0,3,29,0,32,3,17,37,0,57,26,0,26,83
10/23/2022,AZO,MI,AGL,CE,Combined TRACON& Tower with Radar,0,11,13,0,24,0,1,21,0,22,0,12,34,0,46,3,0,3,49
10/24/2022,AZO,MI,AGL,CE,Combined TRACON& Tower with Radar,0,27,14,0,41,0,24,26,0,50,0,51,40,0,91,214,0,214,305
10/25/2022,AZO,MI,AGL,CE,Combined TRACON& Tower with Radar,0,28,14,0,42,0,22,47,0,69,0,50,61,0,111,167,0,167,278
10/26/2022,AZO,MI,AGL,CE,Combined TRACON& Tower with Radar,2,25,14,0,41,0,2,2,0,4,2,27,16,0,45,0,0,0,45
10/27/2022,AZO,MI,AGL,CE,Combined TRACON& Tower with Radar,0,41,29,0,70,0,21,79,0,100,0,62,108,0,170,199,0,199,369
10/28/2022,AZO,MI,AGL,CE,Combined TRACON& Tower with Radar,2,31,19,0,52,0,11,51,0,62,2,42,70,0,114,188,0,188,302
10/29/2022,AZO,MI,AGL,CE,Combined TRACON& Tower with Radar,0,21,12,0,33,0,7,52,0,59,0,28,64,0,92,122,0,122,214
10/30/2022,AZO,MI,AGL,CE,Combined TRACON& Tower with Radar,0,10,8,0,18,0,3,17,0,20,0,13,25,0,38,40,0,40,78
10/31/2022,AZO,MI,AGL,CE,Combined TRACON& Tower with Radar,2,11,14,0,27,0,0,0,0,0,2,11,14,0,27,0,0,0,27
11/01/2022,AZO,MI,AGL,CE,Combined TRACON& Tower with Radar,0,32,27,0,59,0,14,28,0,42,0,46,55,0,101,114,0,114,215
11/02/2022,AZO,MI,AGL,CE,Combined TRACON& Tower with Radar,2,25,24,0,51,0,13,36,0,49,2,38,60,0,100,151,0,151,251
11/03/2022,AZO,MI,AGL,CE,Combined TRACON& Tower with Radar,0,22,21,0,43,0,18,35,0,53,0,40,56,0,96,131,0,131,227
11/04/2022,AZO,MI,AGL,CE,Combined TRACON& Tower with Radar,2,9,21,0,32,0,0,18,0,18,2,9,39,0,50,57,0,57,107
11/05/2022,AZO,MI,AGL,CE,Combined TRACON& Tower with Radar,0,5,3,0,8,0,0,0,0,0,0,5,3,0,8,0,0,0,8
11/06/2022,AZO,MI,AGL,CE,Combined TRACON& Tower with Radar,0,8,8,1,17,0,1,16,0,17,0,9,24,1,34,8,0,8,42
11/07/2022,AZO,MI,AGL,CE,Combined TRACON& Tower with Radar,2,57,24,0,83,0,24,50,0,74,2,81,74,0,157,99,0,99,256
11/08/2022,AZO,MI,AGL,CE,Combined TRACON& Tower with Radar,0,28,18,0,46,0,13,41,0,54,0,41,59,0,100,103,0,103,203
11/09/2022,AZO,MI,AGL,CE,Combined TRACON& Tower with Radar,2,27,32,0,61,0,13,45,0,58,2,40,77,0,119,216,0,216,335
11/10/2022,AZO,MI,AGL,CE,Combined TRACON& Tower with Radar,0,17,25,0,42,0,8,47,0,55,0,25,72,0,97,124,0,124,221
11/11/2022,AZO,MI,AGL,CE,Combined TRACON& Tower with Radar,2,25,21,0,48,0,4,29,0,33,2,29,50,0,81,98,0,98,179
11/12/2022,AZO,MI,AGL,CE,Combined TRACON& Tower with Radar,0,10,7,0,17,0,2,0,0,2,0,12,7,0,19,22,0,22,41
11/13/2022,AZO,MI,AGL,CE,Combined TRACON& Tower with Radar,0,12,8,0,20,0,0,0,0,0,0,12,8,0,20,0,0,0,20
11/14/2022,AZO,MI,AGL,CE,Combined TRACON& Tower with Radar,2,31,13,0,46,0,21,50,0,71,2,52,63,0,117,153,0,153,270
11/15/2022,AZO,MI,AGL,CE,Combined TRACON& Tower with Radar,0,10,14,0,24,0,0,1,0,1,0,10,15,0,25,0,0,0,25
11/16/2022,AZO,MI,AGL,CE,Combined TRACON& Tower with Radar,0,10,15,2,27,0,2,1,0,3,0,12,16,2,30,0,0,0,30
11/17/2022,AZO,MI,AGL,CE,Combined TRACON& Tower with Radar,0,10,10,0,20,0,0,0,0,0,0,10,10,0,20,0,0,0,20
11/18/2022,AZO,MI,AGL,CE,Combined TRACON& Tower with Radar,0,5,11,0,16,0,0,0,0,0,0,5,11,0,16,0,0,0,16
11/19/2022,AZO,MI,AGL,CE,Combined TRACON& Tower with Radar,0,4,11,0,15,0,0,0,0,0,0,4,11,0,15,2,0,2,17
11/20/2022,AZO,MI,AGL,CE,Combined TRACON& Tower with Radar,0,7,20,0,27,0,1,15,0,16,0,8,35,0,43,36,0,36,79
11/21/2022,AZO,MI,AGL,CE,Combined TRACON& Tower with Radar,2,22,16,0,40,0,13,15,0,28,2,35,31,0,68,84,0,84,152
11/22/2022,AZO,MI,AGL,CE,Combined TRACON& Tower with Radar,0,16,36,1,53,0,5,46,1,52,0,21,82,2,105,171,0,171,276
11/23/2022,AZO,MI,AGL,CE,Combined TRACON& Tower with Radar,0,21,22,0,43,0,5,44,0,49,0,26,66,0,92,186,0,186,278
11/24/2022,AZO,MI,AGL,CE,Combined TRACON& Tower with Radar,0,8,6,0,14,0,1,5,0,6,0,9,11,0,20,13,0,13,33
11/25/2022,AZO,MI,AGL,CE,Combined TRACON& Tower with Radar,2,11,14,0,27,1,4,21,0,26,3,15,35,0,53,26,0,26,79
11/26/2022,AZO,MI,AGL,CE,Combined TRACON& Tower with Radar,0,8,14,0,22,0,0,34,0,34,0,8,48,0,56,46,0,46,102
11/27/2022,AZO,MI,AGL,CE,Combined TRACON& Tower with Radar,0,8,13,0,21,0,0,0,0,0,0,8,13,0,21,0,0,0,21
11/28/2022,AZO,MI,AGL,CE,Combined TRACON& Tower with Radar,2,23,28,0,53,0,16,38,4,58,2,39,66,4,111,232,0,232,343
11/29/2022,AZO,MI,AGL,CE,Combined TRACON& Tower with Radar,0,9,14,0,23,0,0,5,0,5,0,9,19,0,28,18,0,18,46
11/30/2022,AZO,MI,AGL,CE,Combined TRACON& Tower with Radar,0,7,8,0,15,0,0,0,0,0,0,7,8,0,15,0,0,0,15
12/01/2022,AZO,MI,AGL,CE,Combined TRACON& Tower with Radar,0,20,19,0,39,0,11,34,0,45,0,31,53,0,84,153,0,153,237
12/02/2022,AZO,MI,AGL,CE,Combined TRACON& Tower with Radar,2,10,9,0,21,0,2,10,0,12,2,12,19,0,33,73,0,73,106
12/03/2022,AZO,MI,AGL,CE,Combined TRACON& Tower with Radar,0,17,4,0,21,0,0,1,0,1,0,17,5,0,22,20,0,20,42
12/04/2022,AZO,MI,AGL,CE,Combined TRACON& Tower with Radar,0,12,11,0,23,0,3,28,0,31,0,15,39,0,54,76,0,76,130
12/05/2022,AZO,MI,AGL,CE,Combined TRACON& Tower with Radar,2,32,14,0,48,0,19,17,0,36,2,51,31,0,84,192,0,192,276
12/06/2022,AZO,MI,AGL,CE,Combined TRACON& Tower with Radar,0,24,15,0,39,0,0,23,2,25,0,24,38,2,64,166,0,166,230
12/07/2022,AZO,MI,AGL,CE,Combined TRACON& Tower with Radar,0,18,24,0,42,0,3,13,0,16,0,21,37,0,58,111,0,111,169
12/08/2022,AZO,MI,AGL,CE,Combined TRACON& Tower with Radar,2,29,25,0,56,0,7,22,0,29,2,36,47,0,85,142,0,142,227
12/09/2022,AZO,MI,AGL,CE,Combined TRACON& Tower with Radar,4,13,14,0,31,0,0,2,0,2,4,13,16,0,33,30,0,30,63
12/10/2022,AZO,MI,AGL,CE,Combined TRACON& Tower with Radar,2,8,4,0,14,0,0,1,0,1,2,8,5,0,15,0,0,0,15
12/11/2022,AZO,MI,AGL,CE,Combined TRACON& Tower with Radar,0,11,5,0,16,0,0,0,0,0,0,11,5,0,16,0,0,0,16
12/12/2022,AZO,MI,AGL,CE,Combined TRACON& Tower with Radar,2,21,16,0,39,0,7,11,0,18,2,28,27,0,57,145,0,145,202
12/13/2022,AZO,MI,AGL,CE,Combined TRACON& Tower with Radar,0,15,22,0,37,0,3,9,0,12,0,18,31,0,49,53,0,53,102
12/14/2022,AZO,MI,AGL,CE,Combined TRACON& Tower with Radar,0,11,5,0,16,0,6,5,0,11,0,17,10,0,27,26,0,26,53
12/15/2022,AZO,MI,AGL,CE,Combined TRACON& Tower with Radar,0,9,27,0,36,0,3,5,0,8,0,12,32,0,44,18,0,18,62
12/16/2022,AZO,MI,AGL,CE,Combined TRACON& Tower with Radar,2,10,30,0,42,0,0,6,0,6,2,10,36,0,48,10,0,10,58
12/17/2022,AZO,MI,AGL,CE,Combined TRACON& Tower with Radar,0,10,12,0,22,0,0,0,0,0,0,10,12,0,22,0,0,0,22
12/18/2022,AZO,MI,AGL,CE,Combined TRACON& Tower with Radar,0,12,5,0,17,0,0,2,0,2,0,12,7,0,19,0,0,0,19
12/19/2022,AZO,MI,AGL,CE,Combined TRACON& Tower with Radar,2,11,21,0,34,0,0,0,0,0,2,11,21,0,34,0,0,0,34
12/20/2022,AZO,MI,AGL,CE,Combined TRACON& Tower with Radar,0,22,24,0,46,0,6,35,0,41,0,28,59,0,87,167,0,167,254
12/21/2022,AZO,MI,AGL,CE,Combined TRACON& Tower with Radar,0,13,34,0,47,0,3,30,0,33,0,16,64,0,80,131,0,131,211
12/22/2022,AZO,MI,AGL,CE,Combined TRACON& Tower with Radar,0,8,6,0,14,0,0,5,0,5,0,8,11,0,19,41,0,41,60
12/23/2022,AZO,MI,AGL,CE,Combined TRACON& Tower with Radar,0,0,0,0,0,0,0,0,0,0,0,0,0,0,0,0,0,0,0
12/24/2022,AZO,MI,AGL,CE,Combined TRACON& Tower with Radar,2,6,0,0,8,0,0,0,0,0,2,6,0,0,8,0,0,0,8
12/25/2022,AZO,MI,AGL,CE,Combined TRACON& Tower with Radar,0,14,1,0,15,0,0,1,0,1,0,14,2,0,16,0,0,0,16
12/26/2022,AZO,MI,AGL,CE,Combined TRACON& Tower with Radar,1,11,9,0,21,0,0,4,0,4,1,11,13,0,25,21,0,21,46
12/27/2022,AZO,MI,AGL,CE,Combined TRACON& Tower with Radar,0,9,24,0,33,0,0,19,0,19,0,9,43,0,52,71,0,71,123
12/28/2022,AZO,MI,AGL,CE,Combined TRACON& Tower with Radar,0,11,12,0,23,0,0,19,1,20,0,11,31,1,43,58,0,58,101
12/29/2022,AZO,MI,AGL,CE,Combined TRACON& Tower with Radar,0,10,5,0,15,0,0,2,0,2,0,10,7,0,17,0,0,0,17
12/30/2022,AZO,MI,AGL,CE,Combined TRACON& Tower with Radar,2,11,15,0,28,0,1,2,0,3,2,12,17,0,31,23,0,23,54
12/31/2022,AZO,MI,AGL,CE,Combined TRACON& Tower with Radar,0,7,5,0,12,0,0,0,0,0,0,7,5,0,12,16,0,16,28
01/01/2023,AZO,MI,AGL,CE,Combined TRACON& Tower with Radar,0,14,6,0,20,0,0,0,0,0,0,14,6,0,20,0,0,0,20
01/02/2023,AZO,MI,AGL,CE,Combined TRACON& Tower with Radar,2,11,20,0,33,0,0,0,0,0,2,11,20,0,33,0,0,0,33
01/03/2023,AZO,MI,AGL,CE,Combined TRACON& Tower with Radar,0,8,10,0,18,0,0,0,0,0,0,8,10,0,18,0,0,0,18
01/04/2023,AZO,MI,AGL,CE,Combined TRACON& Tower with Radar,0,10,12,0,22,0,4,28,0,32,0,14,40,0,54,72,0,72,126
01/05/2023,AZO,MI,AGL,CE,Combined TRACON& Tower with Radar,0,8,9,0,17,0,0,0,0,0,0,8,9,0,17,10,0,10,27
01/06/2023,AZO,MI,AGL,CE,Combined TRACON& Tower with Radar,2,8,7,0,17,0,0,0,0,0,2,8,7,0,17,0,0,0,17
01/07/2023,AZO,MI,AGL,CE,Combined TRACON& Tower with Radar,0,10,15,0,25,0,0,17,1,18,0,10,32,1,43,129,0,129,172
01/08/2023,AZO,MI,AGL,CE,Combined TRACON& Tower with Radar,2,10,11,0,23,0,2,14,0,16,2,12,25,0,39,55,0,55,94
01/09/2023,AZO,MI,AGL,CE,Combined TRACON& Tower with Radar,0,15,19,0,34,0,7,48,0,55,0,22,67,0,89,144,0,144,233
01/10/2023,AZO,MI,AGL,CE,Combined TRACON& Tower with Radar,0,6,19,2,27,0,2,10,0,12,0,8,29,2,39,116,0,116,155
01/11/2023,AZO,MI,AGL,CE,Combined TRACON& Tower with Radar,0,23,26,0,49,0,7,37,0,44,0,30,63,0,93,228,0,228,321
01/12/2023,AZO,MI,AGL,CE,Combined TRACON& Tower with Radar,2,11,15,0,28,0,0,0,0,0,2,11,15,0,28,0,0,0,28
01/13/2023,AZO,MI,AGL,CE,Combined TRACON& Tower with Radar,0,26,11,2,39,0,11,18,0,29,0,37,29,2,68,104,0,104,172
01/14/2023,AZO,MI,AGL,CE,Combined TRACON& Tower with Radar,0,23,20,0,43,0,14,52,0,66,0,37,72,0,109,163,0,163,272
01/15/2023,AZO,MI,AGL,CE,Combined TRACON& Tower with Radar,2,10,14,0,26,0,4,46,0,50,2,14,60,0,76,43,0,43,119
01/16/2023,AZO,MI,AGL,CE,Combined TRACON& Tower with Radar,0,6,11,0,17,0,2,16,0,18,0,8,27,0,35,34,0,34,69
01/17/2023,AZO,MI,AGL,CE,Combined TRACON& Tower with Radar,0,6,11,0,17,0,0,1,0,1,0,6,12,0,18,0,0,0,18
01/18/2023,AZO,MI,AGL,CE,Combined TRACON& Tower with Radar,0,8,22,0,30,0,0,2,0,2,0,8,24,0,32,23,0,23,55
01/19/2023,AZO,MI,AGL,CE,Combined TRACON& Tower with Radar,2,16,11,0,29,0,0,0,0,0,2,16,11,0,29,0,0,0,29
01/20/2023,AZO,MI,AGL,CE,Combined TRACON& Tower with Radar,0,9,11,0,20,0,0,0,0,0,0,9,11,0,20,0,0,0,20
01/21/2023,AZO,MI,AGL,CE,Combined TRACON& Tower with Radar,0,11,3,0,14,0,1,7,0,8,0,12,10,0,22,55,0,55,77
01/22/2023,AZO,MI,AGL,CE,Combined TRACON& Tower with Radar,4,10,13,0,27,0,0,0,0,0,4,10,13,0,27,0,0,0,27
01/23/2023,AZO,MI,AGL,CE,Combined TRACON& Tower with Radar,0,11,5,0,16,0,1,9,0,10,0,12,14,0,26,20,0,20,46
01/24/2023,AZO,MI,AGL,CE,Combined TRACON& Tower with Radar,0,11,16,0,27,0,1,11,0,12,0,12,27,0,39,100,0,100,139
01/25/2023,AZO,MI,AGL,CE,Combined TRACON& Tower with Radar,0,9,15,0,24,0,0,0,0,0,0,9,15,0,24,0,0,0,24
01/26/2023,AZO,MI,AGL,CE,Combined TRACON& Tower with Radar,2,8,8,0,18,0,0,0,0,0,2,8,8,0,18,0,0,0,18
01/27/2023,AZO,MI,AGL,CE,Combined TRACON& Tower with Radar,0,8,7,0,15,0,2,16,0,18,0,10,23,0,33,48,0,48,81
01/28/2023,AZO,MI,AGL,CE,Combined TRACON& Tower with Radar,0,8,4,0,12,0,0,10,0,10,0,8,14,0,22,51,0,51,73
01/29/2023,AZO,MI,AGL,CE,Combined TRACON& Tower with Radar,2,8,15,0,25,0,0,0,0,0,2,8,15,0,25,39,0,39,64
01/30/2023,AZO,MI,AGL,CE,Combined TRACON& Tower with Radar,0,23,5,0,28,0,3,3,0,6,0,26,8,0,34,24,0,24,58
01/31/2023,AZO,MI,AGL,CE,Combined TRACON& Tower with Radar,0,25,15,0,40,0,16,26,0,42,0,41,41,0,82,156,0,156,238
02/01/2023,AZO,MI,AGL,CE,Combined TRACON& Tower with Radar,0,26,15,0,41,10,18,50,0,78,10,44,65,0,119,137,0,137,256
02/02/2023,AZO,MI,AGL,CE,Combined TRACON& Tower with Radar,2,17,14,0,33,0,8,35,0,43,2,25,49,0,76,59,0,59,135
02/03/2023,AZO,MI,AGL,CE,Combined TRACON& Tower with Radar,0,34,19,0,53,0,16,23,1,40,0,50,42,1,93,136,0,136,229
02/04/2023,AZO,MI,AGL,CE,Combined TRACON& Tower with Radar,0,13,4,0,17,0,6,14,0,20,0,19,18,0,37,57,0,57,94
02/05/2023,AZO,MI,AGL,CE,Combined TRACON& Tower with Radar,2,9,19,0,30,0,0,18,0,18,2,9,37,0,48,26,0,26,74
02/06/2023,AZO,MI,AGL,CE,Combined TRACON& Tower with Radar,0,24,23,0,47,0,10,107,0,117,0,34,130,0,164,154,0,154,318
02/07/2023,AZO,MI,AGL,CE,Combined TRACON& Tower with Radar,0,13,6,0,19,0,0,7,0,7,0,13,13,0,26,28,0,28,54
02/08/2023,AZO,MI,AGL,CE,Combined TRACON& Tower with Radar,0,24,19,0,43,0,9,53,0,62,0,33,72,0,105,174,0,174,279
02/09/2023,AZO,MI,AGL,CE,Combined TRACON& Tower with Radar,2,7,11,0,20,0,0,0,0,0,2,7,11,0,20,0,0,0,20
02/10/2023,AZO,MI,AGL,CE,Combined TRACON& Tower with Radar,0,15,6,0,21,0,1,4,0,5,0,16,10,0,26,37,0,37,63
02/11/2023,AZO,MI,AGL,CE,Combined TRACON& Tower with Radar,0,14,19,0,33,0,4,61,0,65,0,18,80,0,98,102,0,102,200
02/12/2023,AZO,MI,AGL,CE,Combined TRACON& Tower with Radar,2,13,16,0,31,0,7,59,0,66,2,20,75,0,97,77,0,77,174
02/13/2023,AZO,MI,AGL,CE,Combined TRACON& Tower with Radar,0,37,14,0,51,0,14,32,0,46,0,51,46,0,97,117,0,117,214
02/14/2023,AZO,MI,AGL,CE,Combined TRACON& Tower with Radar,0,11,16,0,27,0,5,33,1,39,0,16,49,1,66,174,0,174,240
02/15/2023,AZO,MI,AGL,CE,Combined TRACON& Tower with Radar,0,13,21,0,34,0,0,6,0,6,0,13,27,0,40,12,0,12,52
02/16/2023,AZO,MI,AGL,CE,Combined TRACON& Tower with Radar,2,8,13,0,23,0,0,0,0,0,2,8,13,0,23,14,0,14,37
02/17/2023,AZO,MI,AGL,CE,Combined TRACON& Tower with Radar,0,18,22,0,40,0,3,12,0,15,0,21,34,0,55,23,0,23,78
02/18/2023,AZO,MI,AGL,CE,Combined TRACON& Tower with Radar,0,22,22,0,44,0,3,42,0,45,0,25,64,0,89,55,0,55,144
02/19/2023,AZO,MI,AGL,CE,Combined TRACON& Tower with Radar,2,12,14,0,28,0,1,8,0,9,2,13,22,0,37,8,0,8,45
02/20/2023,AZO,MI,AGL,CE,Combined TRACON& Tower with Radar,0,23,31,0,54,0,10,56,0,66,0,33,87,0,120,203,0,203,323
02/21/2023,AZO,MI,AGL,CE,Combined TRACON& Tower with Radar,2,20,11,0,33,0,5,8,0,13,2,25,19,0,46,38,0,38,84
02/22/2023,AZO,MI,AGL,CE,Combined TRACON& Tower with Radar,0,3,1,0,4,0,0,0,0,0,0,3,1,0,4,0,0,0,4
02/23/2023,AZO,MI,AGL,CE,Combined TRACON& Tower with Radar,2,5,12,0,19,0,0,0,0,0,2,5,12,0,19,0,0,0,19
02/24/2023,AZO,MI,AGL,CE,Combined TRACON& Tower with Radar,0,25,19,0,44,0,21,11,0,32,0,46,30,0,76,214,0,214,290
02/25/2023,AZO,MI,AGL,CE,Combined TRACON& Tower with Radar,0,9,8,0,17,0,0,12,0,12,0,9,20,0,29,82,0,82,111
02/26/2023,AZO,MI,AGL,CE,Combined TRACON& Tower with Radar,2,12,24,0,38,0,2,27,0,29,2,14,51,0,67,51,0,51,118
02/27/2023,AZO,MI,AGL,CE,Combined TRACON& Tower with Radar,0,10,8,0,18,0,0,0,0,0,0,10,8,0,18,0,0,0,18
02/28/2023,AZO,MI,AGL,CE,Combined TRACON& Tower with Radar,0,23,20,0,43,0,7,38,0,45,0,30,58,0,88,128,0,128,216
03/01/2023,AZO,MI,AGL,CE,Combined TRACON& Tower with Radar,0,23,16,0,39,0,12,28,0,40,0,35,44,0,79,132,0,132,211
03/02/2023,AZO,MI,AGL,CE,Combined TRACON& Tower with Radar,2,18,7,0,27,0,2,7,0,9,2,20,14,0,36,80,0,80,116
03/03/2023,AZO,MI,AGL,CE,Combined TRACON& Tower with Radar,0,8,3,0,11,0,1,0,0,1,0,9,3,0,12,13,0,13,25
03/04/2023,AZO,MI,AGL,CE,Combined TRACON& Tower with Radar,0,17,7,0,24,0,2,19,0,21,0,19,26,0,45,38,0,38,83
03/05/2023,AZO,MI,AGL,CE,Combined TRACON& Tower with Radar,2,11,21,0,34,2,0,31,0,33,4,11,52,0,67,64,0,64,131
03/06/2023,AZO,MI,AGL,CE,Combined TRACON& Tower with Radar,0,10,9,0,19,0,0,2,0,2,0,10,11,0,21,0,0,0,21
03/07/2023,AZO,MI,AGL,CE,Combined TRACON& Tower with Radar,0,40,25,0,65,0,13,63,0,76,0,53,88,0,141,145,0,145,286
03/08/2023,AZO,MI,AGL,CE,Combined TRACON& Tower with Radar,1,26,9,0,36,0,8,59,0,67,1,34,68,0,103,68,0,68,171
03/09/2023,AZO,MI,AGL,CE,Combined TRACON& Tower with Radar,5,13,25,0,43,0,3,36,0,39,5,16,61,0,82,24,0,24,106
03/10/2023,AZO,MI,AGL,CE,Combined TRACON& Tower with Radar,3,4,7,0,14,0,0,3,0,3,3,4,10,0,17,0,0,0,17
03/11/2023,AZO,MI,AGL,CE,Combined TRACON& Tower with Radar,4,4,11,0,19,0,1,22,0,23,4,5,33,0,42,59,0,59,101
03/12/2023,AZO,MI,AGL,CE,Combined TRACON& Tower with Radar,6,4,5,0,15,0,0,0,0,0,6,4,5,0,15,0,0,0,15
03/13/2023,AZO,MI,AGL,CE,Combined TRACON& Tower with Radar,3,6,12,0,21,0,0,0,0,0,3,6,12,0,21,0,0,0,21
03/14/2023,AZO,MI,AGL,CE,Combined TRACON& Tower with Radar,3,45,19,0,67,0,15,25,0,40,3,60,44,0,107,267,0,267,374
03/15/2023,AZO,MI,AGL,CE,Combined TRACON& Tower with Radar,4,29,26,0,59,1,12,54,0,67,5,41,80,0,126,160,0,160,286
03/16/2023,AZO,MI,AGL,CE,Combined TRACON& Tower with Radar,6,21,21,0,48,0,7,16,0,23,6,28,37,0,71,65,0,65,136
03/17/2023,AZO,MI,AGL,CE,Combined TRACON& Tower with Radar,4,4,5,0,13,0,0,0,0,0,4,4,5,0,13,0,0,0,13
03/18/2023,AZO,MI,AGL,CE,Combined TRACON& Tower with Radar,4,9,4,0,17,0,0,0,0,0,4,9,4,0,17,0,0,0,17
03/19/2023,AZO,MI,AGL,CE,Combined TRACON& Tower with Radar,5,6,15,0,26,0,1,11,0,12,5,7,26,0,38,2,0,2,40
03/20/2023,AZO,MI,AGL,CE,Combined TRACON& Tower with Radar,4,17,15,0,36,0,1,9,0,10,4,18,24,0,46,7,0,7,53
03/21/2023,AZO,MI,AGL,CE,Combined TRACON& Tower with Radar,6,25,18,0,49,0,14,65,0,79,6,39,83,0,128,177,0,177,305
03/22/2023,AZO,MI,AGL,CE,Combined TRACON& Tower with Radar,4,7,13,0,24,0,0,0,0,0,4,7,13,0,24,0,0,0,24
03/23/2023,AZO,MI,AGL,CE,Combined TRACON& Tower with Radar,6,18,21,0,45,0,8,7,0,15,6,26,28,0,60,72,0,72,132
03/24/2023,AZO,MI,AGL,CE,Combined TRACON& Tower with Radar,5,20,23,0,48,0,5,73,0,78,5,25,96,0,126,115,0,115,241
03/25/2023,AZO,MI,AGL,CE,Combined TRACON& Tower with Radar,4,10,2,0,16,0,0,0,0,0,4,10,2,0,16,0,0,0,16
03/26/2023,AZO,MI,AGL,CE,Combined TRACON& Tower with Radar,6,8,16,0,30,0,6,32,0,38,6,14,48,0,68,58,0,58,126
03/27/2023,AZO,MI,AGL,CE,Combined TRACON& Tower with Radar,3,31,4,0,38,0,16,21,0,37,3,47,25,0,75,110,0,110,185
03/28/2023,AZO,MI,AGL,CE,Combined TRACON& Tower with Radar,4,38,14,0,56,0,19,170,0,189,4,57,184,0,245,101,0,101,346
03/29/2023,AZO,MI,AGL,CE,Combined TRACON& Tower with Radar,4,17,18,0,39,0,5,9,0,14,4,22,27,0,53,32,0,32,85
03/30/2023,AZO,MI,AGL,CE,Combined TRACON& Tower with Radar,6,16,24,0,46,0,9,37,0,46,6,25,61,0,92,228,0,228,320
03/31/2023,AZO,MI,AGL,CE,Combined TRACON& Tower with Radar,3,3,8,0,14,0,0,0,0,0,3,3,8,0,14,0,0,0,14
04/01/2023,AZO,MI,AGL,CE,Combined TRACON& Tower with Radar,4,6,5,0,15,0,0,0,0,0,4,6,5,0,15,0,0,0,15
04/02/2023,AZO,MI,AGL,CE,Combined TRACON& Tower with Radar,6,11,19,0,36,0,1,45,0,46,6,12,64,0,82,35,0,35,117
04/03/2023,AZO,MI,AGL,CE,Combined TRACON& Tower with Radar,4,18,16,0,38,0,9,26,0,35,4,27,42,0,73,134,0,134,207
04/04/2023,AZO,MI,AGL,CE,Combined TRACON& Tower with Radar,3,2,6,0,11,0,0,3,0,3,3,2,9,0,14,0,0,0,14
04/05/2023,AZO,MI,AGL,CE,Combined TRACON& Tower with Radar,3,10,1,0,14,0,0,0,0,0,3,10,1,0,14,0,0,0,14
04/06/2023,AZO,MI,AGL,CE,Combined TRACON& Tower with Radar,6,32,11,0,49,0,12,33,0,45,6,44,44,0,94,78,0,78,172
04/07/2023,AZO,MI,AGL,CE,Combined TRACON& Tower with Radar,4,21,16,0,41,0,9,84,0,93,4,30,100,0,134,162,0,162,296
04/08/2023,AZO,MI,AGL,CE,Combined TRACON& Tower with Radar,4,7,9,0,20,0,0,57,0,57,4,7,66,0,77,42,0,42,119
04/09/2023,AZO,MI,AGL,CE,Combined TRACON& Tower with Radar,5,8,11,0,24,0,2,44,0,46,5,10,55,0,70,57,0,57,127
04/10/2023,AZO,MI,AGL,CE,Combined TRACON& Tower with Radar,3,28,16,0,47,0,25,54,0,79,3,53,70,0,126,184,0,184,310
04/11/2023,AZO,MI,AGL,CE,Combined TRACON& Tower with Radar,3,22,11,0,36,0,5,32,0,37,3,27,43,0,73,22,0,22,95
04/12/2023,AZO,MI,AGL,CE,Combined TRACON& Tower with Radar,4,11,22,0,37,0,2,15,0,17,4,13,37,0,54,25,0,25,79
04/13/2023,AZO,MI,AGL,CE,Combined TRACON& Tower with Radar,6,13,17,0,36,0,12,58,0,70,6,25,75,0,106,110,0,110,216
04/14/2023,AZO,MI,AGL,CE,Combined TRACON& Tower with Radar,3,16,31,0,50,1,20,77,0,98,4,36,108,0,148,202,0,202,350
04/15/2023,AZO,MI,AGL,CE,Combined TRACON& Tower with Radar,4,20,14,0,38,0,5,36,0,41,4,25,50,0,79,92,0,92,171
04/16/2023,AZO,MI,AGL,CE,Combined TRACON& Tower with Radar,5,5,8,0,18,0,0,3,0,3,5,5,11,0,21,0,0,0,21
04/17/2023,AZO,MI,AGL,CE,Combined TRACON& Tower with Radar,4,10,18,0,32,0,0,0,0,0,4,10,18,0,32,0,0,0,32
04/18/2023,AZO,MI,AGL,CE,Combined TRACON& Tower with Radar,4,21,20,1,46,0,7,24,1,32,4,28,44,2,78,48,0,48,126
04/19/2023,AZO,MI,AGL,CE,Combined TRACON& Tower with Radar,4,30,23,0,57,0,14,68,0,82,4,44,91,0,139,173,0,173,312
04/20/2023,AZO,MI,AGL,CE,Combined TRACON& Tower with Radar,6,14,14,0,34,0,3,9,0,12,6,17,23,0,46,26,0,26,72
04/21/2023,AZO,MI,AGL,CE,Combined TRACON& Tower with Radar,4,22,15,1,42,0,8,28,0,36,4,30,43,1,78,103,0,103,181
04/22/2023,AZO,MI,AGL,CE,Combined TRACON& Tower with Radar,4,6,7,0,17,0,3,14,0,17,4,9,21,0,34,26,0,26,60
04/23/2023,AZO,MI,AGL,CE,Combined TRACON& Tower with Radar,6,6,8,0,20,0,1,9,0,10,6,7,17,0,30,4,0,4,34
04/24/2023,AZO,MI,AGL,CE,Combined TRACON& Tower with Radar,4,25,15,0,44,0,12,33,0,45,4,37,48,0,89,245,0,245,334
04/25/2023,AZO,MI,AGL,CE,Combined TRACON& Tower with Radar,4,7,13,0,24,0,0,5,0,5,4,7,18,0,29,12,0,12,41
04/26/2023,AZO,MI,AGL,CE,Combined TRACON& Tower with Radar,3,44,21,0,68,0,20,62,0,82,3,64,83,0,150,219,0,219,369
04/27/2023,AZO,MI,AGL,CE,Combined TRACON& Tower with Radar,6,14,30,0,50,0,11,60,0,71,6,25,90,0,121,159,0,159,280
04/28/2023,AZO,MI,AGL,CE,Combined TRACON& Tower with Radar,4,13,7,0,24,0,2,1,0,3,4,15,8,0,27,26,0,26,53
04/29/2023,AZO,MI,AGL,CE,Combined TRACON& Tower with Radar,4,5,7,0,16,0,1,12,0,13,4,6,19,0,29,35,0,35,64
04/30/2023,AZO,MI,AGL,CE,Combined TRACON& Tower with Radar,6,9,11,0,26,0,0,6,0,6,6,9,17,0,32,0,0,0,32
05/01/2023,AZO,MI,AGL,CE,Combined TRACON& Tower with Radar,4,6,14,0,24,0,0,0,0,0,4,6,14,0,24,0,0,0,24
05/02/2023,AZO,MI,AGL,CE,Combined TRACON& Tower with Radar,4,5,9,0,18,0,0,1,0,1,4,5,10,0,19,0,0,0,19
05/03/2023,AZO,MI,AGL,CE,Combined TRACON& Tower with Radar,3,27,31,0,61,1,11,17,0,29,4,38,48,0,90,30,0,30,120
05/04/2023,AZO,MI,AGL,CE,Combined TRACON& Tower with Radar,5,20,23,0,48,0,8,58,0,66,5,28,81,0,114,161,0,161,275
05/05/2023,AZO,MI,AGL,CE,Combined TRACON& Tower with Radar,4,29,21,0,54,0,22,61,0,83,4,51,82,0,137,114,0,114,251
05/06/2023,AZO,MI,AGL,CE,Combined TRACON& Tower with Radar,4,12,15,0,31,0,3,20,0,23,4,15,35,0,54,8,0,8,62
05/07/2023,AZO,MI,AGL,CE,Combined TRACON& Tower with Radar,6,6,18,0,30,0,0,15,0,15,6,6,33,0,45,45,0,45,90
05/08/2023,AZO,MI,AGL,CE,Combined TRACON& Tower with Radar,4,19,29,0,52,0,0,0,0,0,4,19,29,0,52,0,0,0,52
05/09/2023,AZO,MI,AGL,CE,Combined TRACON& Tower with Radar,4,29,19,0,52,0,15,60,0,75,4,44,79,0,127,131,0,131,258
05/10/2023,AZO,MI,AGL,CE,Combined TRACON& Tower with Radar,4,20,24,0,48,0,19,56,0,75,4,39,80,0,123,213,0,213,336
05/11/2023,AZO,MI,AGL,CE,Combined TRACON& Tower with Radar,5,16,19,0,40,0,12,33,0,45,5,28,52,0,85,47,0,47,132
05/12/2023,AZO,MI,AGL,CE,Combined TRACON& Tower with Radar,3,9,24,0,36,0,3,14,0,17,3,12,38,0,53,105,0,105,158
05/13/2023,AZO,MI,AGL,CE,Combined TRACON& Tower with Radar,7,12,6,0,25,0,4,15,0,19,7,16,21,0,44,72,0,72,116
05/14/2023,AZO,MI,AGL,CE,Combined TRACON& Tower with Radar,6,5,1,0,12,0,0,21,0,21,6,5,22,0,33,34,0,34,67
05/15/2023,AZO,MI,AGL,CE,Combined TRACON& Tower with Radar,4,26,16,0,46,0,17,56,0,73,4,43,72,0,119,124,0,124,243
05/16/2023,AZO,MI,AGL,CE,Combined TRACON& Tower with Radar,4,23,27,0,54,0,12,38,0,50,4,35,65,0,104,89,0,89,193
05/17/2023,AZO,MI,AGL,CE,Combined TRACON& Tower with Radar,4,16,32,0,52,0,12,41,0,53,4,28,73,0,105,78,0,78,183
05/18/2023,AZO,MI,AGL,CE,Combined TRACON& Tower with Radar,6,13,24,0,43,0,7,47,0,54,6,20,71,0,97,152,0,152,249
05/19/2023,AZO,MI,AGL,CE,Combined TRACON& Tower with Radar,3,16,14,0,33,0,3,7,0,10,3,19,21,0,43,31,0,31,74
05/20/2023,AZO,MI,AGL,CE,Combined TRACON& Tower with Radar,4,6,15,0,25,0,0,10,0,10,4,6,25,0,35,34,0,34,69
05/21/2023,AZO,MI,AGL,CE,Combined TRACON& Tower with Radar,6,8,8,0,22,0,0,30,0,30,6,8,38,0,52,26,0,26,78
05/22/2023,AZO,MI,AGL,CE,Combined TRACON& Tower with Radar,4,22,24,0,50,0,19,56,1,76,4,41,80,1,126,118,0,118,244
05/23/2023,AZO,MI,AGL,CE,Combined TRACON& Tower with Radar,4,20,20,0,44,0,16,57,0,73,4,36,77,0,117,234,0,234,351
05/24/2023,AZO,MI,AGL,CE,Combined TRACON& Tower with Radar,4,26,25,0,55,0,5,44,0,49,4,31,69,0,104,58,0,58,162
05/25/2023,AZO,MI,AGL,CE,Combined TRACON& Tower with Radar,6,30,9,0,45,0,10,46,0,56,6,40,55,0,101,73,0,73,174
05/26/2023,AZO,MI,AGL,CE,Combined TRACON& Tower with Radar,3,24,16,0,43,0,5,42,0,47,3,29,58,0,90,92,0,92,182
05/27/2023,AZO,MI,AGL,CE,Combined TRACON& Tower with Radar,4,10,8,0,22,0,2,32,0,34,4,12,40,0,56,23,0,23,79
05/28/2023,AZO,MI,AGL,CE,Combined TRACON& Tower with Radar,6,5,11,0,22,0,0,24,0,24,6,5,35,0,46,24,0,24,70
05/29/2023,AZO,MI,AGL,CE,Combined TRACON& Tower with Radar,4,9,11,0,24,0,1,55,0,56,4,10,66,0,80,72,0,72,152
05/30/2023,AZO,MI,AGL,CE,Combined TRACON& Tower with Radar,4,18,21,0,43,0,7,52,0,59,4,25,73,0,102,88,0,88,190
05/31/2023,AZO,MI,AGL,CE,Combined TRACON& Tower with Radar,2,18,19,1,40,1,11,37,3,52,3,29,56,4,92,146,0,146,238
06/01/2023,AZO,MI,AGL,CE,Combined TRACON& Tower with Radar,6,14,23,0,43,0,9,48,0,57,6,23,71,0,100,126,0,126,226
06/02/2023,AZO,MI,AGL,CE,Combined TRACON& Tower with Radar,3,22,24,0,49,0,9,88,0,97,3,31,112,0,146,44,0,44,190
06/03/2023,AZO,MI,AGL,CE,Combined TRACON& Tower with Radar,4,11,16,0,31,0,3,43,0,46,4,14,59,0,77,64,0,64,141
06/04/2023,AZO,MI,AGL,CE,Combined TRACON& Tower with Radar,6,4,14,0,24,0,0,29,0,29,6,4,43,0,53,5,0,5,58
06/05/2023,AZO,MI,AGL,CE,Combined TRACON& Tower with Radar,4,15,26,0,45,0,9,44,1,54,4,24,70,1,99,146,0,146,245
06/06/2023,AZO,MI,AGL,CE,Combined TRACON& Tower with Radar,4,28,27,0,59,0,14,70,0,84,4,42,97,0,143,120,0,120,263
06/07/2023,AZO,MI,AGL,CE,Combined TRACON& Tower with Radar,6,30,21,0,57,0,10,64,0,74,6,40,85,0,131,57,0,57,188
06/08/2023,AZO,MI,AGL,CE,Combined TRACON& Tower with Radar,6,25,20,0,51,0,10,65,0,75,6,35,85,0,126,131,0,131,257
06/09/2023,AZO,MI,AGL,CE,Combined TRACON& Tower with Radar,4,28,18,0,50,0,5,43,0,48,4,33,61,0,98,117,0,117,215
06/10/2023,AZO,MI,AGL,CE,Combined TRACON& Tower with Radar,4,10,12,0,26,0,6,30,2,38,4,16,42,2,64,21,0,21,85
06/11/2023,AZO,MI,AGL,CE,Combined TRACON& Tower with Radar,6,5,16,0,27,0,0,15,0,15,6,5,31,0,42,2,0,2,44
06/12/2023,AZO,MI,AGL,CE,Combined TRACON& Tower with Radar,4,9,23,0,36,0,3,17,0,20,4,12,40,0,56,54,0,54,110
06/13/2023,AZO,MI,AGL,CE,Combined TRACON& Tower with Radar,6,13,20,0,39,0,2,21,0,23,6,15,41,0,62,39,0,39,101
06/14/2023,AZO,MI,AGL,CE,Combined TRACON& Tower with Radar,4,13,41,0,58,0,8,34,0,42,4,21,75,0,100,183,0,183,283
06/15/2023,AZO,MI,AGL,CE,Combined TRACON& Tower with Radar,6,12,33,0,51,0,7,27,2,36,6,19,60,2,87,104,0,104,191
06/16/2023,AZO,MI,AGL,CE,Combined TRACON& Tower with Radar,4,20,39,0,63,0,19,28,0,47,4,39,67,0,110,243,0,243,353
06/17/2023,AZO,MI,AGL,CE,Combined TRACON& Tower with Radar,4,7,8,0,19,0,6,36,0,42,4,13,44,0,61,41,0,41,102
06/18/2023,AZO,MI,AGL,CE,Combined TRACON& Tower with Radar,6,4,17,0,27,0,2,35,0,37,6,6,52,0,64,20,0,20,84
06/19/2023,AZO,MI,AGL,CE,Combined TRACON& Tower with Radar,4,20,20,0,44,0,14,58,0,72,4,34,78,0,116,212,0,212,328
06/20/2023,AZO,MI,AGL,CE,Combined TRACON& Tower with Radar,4,11,18,0,33,0,6,32,0,38,4,17,50,0,71,147,0,147,218
06/21/2023,AZO,MI,AGL,CE,Combined TRACON& Tower with Radar,4,18,29,0,51,1,6,42,0,49,5,24,71,0,100,96,0,96,196
06/22/2023,AZO,MI,AGL,CE,Combined TRACON& Tower with Radar,4,20,24,0,48,0,11,43,0,54,4,31,67,0,102,123,0,123,225
06/23/2023,AZO,MI,AGL,CE,Combined TRACON& Tower with Radar,4,18,29,0,51,0,6,64,0,70,4,24,93,0,121,110,0,110,231
06/24/2023,AZO,MI,AGL,CE,Combined TRACON& Tower with Radar,4,20,11,0,35,0,8,42,2,52,4,28,53,2,87,26,0,26,113
06/25/2023,AZO,MI,AGL,CE,Combined TRACON& Tower with Radar,5,8,12,0,25,0,0,4,0,4,5,8,16,0,29,0,0,0,29
06/26/2023,AZO,MI,AGL,CE,Combined TRACON& Tower with Radar,2,7,21,0,30,0,0,1,0,1,2,7,22,0,31,0,0,0,31
06/27/2023,AZO,MI,AGL,CE,Combined TRACON& Tower with Radar,3,10,15,0,28,0,0,0,0,0,3,10,15,0,28,0,0,0,28
06/28/2023,AZO,MI,AGL,CE,Combined TRACON& Tower with Radar,4,30,22,0,56,0,1,6,0,7,4,31,28,0,63,18,0,18,81
06/29/2023,AZO,MI,AGL,CE,Combined TRACON& Tower with Radar,6,16,36,0,58,0,0,7,0,7,6,16,43,0,65,16,0,16,81
06/30/2023,AZO,MI,AGL,CE,Combined TRACON& Tower with Radar,4,20,29,0,53,0,0,15,0,15,4,20,44,0,68,75,0,75,143
07/01/2023,AZO,MI,AGL,CE,Combined TRACON& Tower with Radar,4,11,17,0,32,0,0,17,0,17,4,11,34,0,49,36,0,36,85
07/02/2023,AZO,MI,AGL,CE,Combined TRACON& Tower with Radar,8,5,15,0,28,0,0,2,0,2,8,5,17,0,30,1,0,1,31
07/03/2023,AZO,MI,AGL,CE,Combined TRACON& Tower with Radar,4,12,11,0,27,0,0,16,0,16,4,12,27,0,43,81,0,81,124
07/04/2023,AZO,MI,AGL,CE,Combined TRACON& Tower with Radar,4,8,9,0,21,0,1,30,0,31,4,9,39,0,52,38,0,38,90
07/05/2023,AZO,MI,AGL,CE,Combined TRACON& Tower with Radar,4,10,6,0,20,0,3,27,0,30,4,13,33,0,50,83,0,83,133
07/06/2023,AZO,MI,AGL,CE,Combined TRACON& Tower with Radar,6,24,29,0,59,0,4,16,0,20,6,28,45,0,79,94,0,94,173
07/07/2023,AZO,MI,AGL,CE,Combined TRACON& Tower with Radar,4,22,21,0,47,0,19,42,0,61,4,41,63,0,108,200,0,200,308
07/08/2023,AZO,MI,AGL,CE,Combined TRACON& Tower with Radar,4,15,15,0,34,0,1,2,0,3,4,16,17,0,37,31,0,31,68
07/09/2023,AZO,MI,AGL,CE,Combined TRACON& Tower with Radar,6,7,15,0,28,0,0,34,0,34,6,7,49,0,62,52,0,52,114
07/10/2023,AZO,MI,AGL,CE,Combined TRACON& Tower with Radar,4,25,20,0,49,0,12,63,1,76,4,37,83,1,125,76,0,76,201
07/11/2023,AZO,MI,AGL,CE,Combined TRACON& Tower with Radar,4,12,26,0,42,0,5,35,0,40,4,17,61,0,82,88,0,88,170
07/12/2023,AZO,MI,AGL,CE,Combined TRACON& Tower with Radar,4,7,17,0,28,0,5,18,3,26,4,12,35,3,54,65,0,65,119
07/13/2023,AZO,MI,AGL,CE,Combined TRACON& Tower with Radar,6,20,35,0,61,0,3,19,0,22,6,23,54,0,83,61,0,61,144
07/14/2023,AZO,MI,AGL,CE,Combined TRACON& Tower with Radar,4,20,21,0,45,0,5,26,0,31,4,25,47,0,76,55,0,55,131
07/15/2023,AZO,MI,AGL,CE,Combined TRACON& Tower with Radar,4,8,9,0,21,0,1,12,0,13,4,9,21,0,34,0,0,0,34
07/16/2023,AZO,MI,AGL,CE,Combined TRACON& Tower with Radar,6,10,21,0,37,0,0,13,0,13,6,10,34,0,50,2,0,2,52
07/17/2023,AZO,MI,AGL,CE,Combined TRACON& Tower with Radar,4,21,22,0,47,0,4,43,0,47,4,25,65,0,94,100,0,100,194
07/18/2023,AZO,MI,AGL,CE,Combined TRACON& Tower with Radar,4,13,24,2,43,0,10,69,0,79,4,23,93,2,122,216,0,216,338
07/19/2023,AZO,MI,AGL,CE,Combined TRACON& Tower with Radar,4,26,27,0,57,0,10,50,0,60,4,36,77,0,117,255,0,255,372
07/20/2023,AZO,MI,AGL,CE,Combined TRACON& Tower with Radar,6,14,17,0,37,0,0,21,0,21,6,14,38,0,58,25,0,25,83
07/21/2023,AZO,MI,AGL,CE,Combined TRACON& Tower with Radar,4,15,33,0,52,0,3,31,1,35,4,18,64,1,87,94,0,94,181
07/22/2023,AZO,MI,AGL,CE,Combined TRACON& Tower with Radar,7,4,16,0,27,0,4,26,0,30,7,8,42,0,57,44,0,44,101
07/23/2023,AZO,MI,AGL,CE,Combined TRACON& Tower with Radar,7,6,8,0,21,0,0,15,0,15,7,6,23,0,36,21,0,21,57
07/24/2023,AZO,MI,AGL,CE,Combined TRACON& Tower with Radar,4,17,23,0,44,0,10,33,0,43,4,27,56,0,87,85,0,85,172
07/25/2023,AZO,MI,AGL,CE,Combined TRACON& Tower with Radar,4,14,34,0,52,0,5,21,0,26,4,19,55,0,78,41,0,41,119
07/26/2023,AZO,MI,AGL,CE,Combined TRACON& Tower with Radar,4,13,15,0,32,0,3,6,0,9,4,16,21,0,41,15,0,15,56
07/27/2023,AZO,MI,AGL,CE,Combined TRACON& Tower with Radar,6,11,25,0,42,0,11,22,0,33,6,22,47,0,75,52,0,52,127
07/28/2023,AZO,MI,AGL,CE,Combined TRACON& Tower with Radar,4,16,13,0,33,0,12,19,0,31,4,28,32,0,64,66,0,66,130
07/29/2023,AZO,MI,AGL,CE,Combined TRACON& Tower with Radar,4,14,10,0,28,0,1,22,1,24,4,15,32,1,52,17,0,17,69
07/30/2023,AZO,MI,AGL,CE,Combined TRACON& Tower with Radar,6,12,13,0,31,0,0,29,1,30,6,12,42,1,61,82,0,82,143
07/31/2023,AZO,MI,AGL,CE,Combined TRACON& Tower with Radar,4,33,24,0,61,0,9,108,2,119,4,42,132,2,180,131,0,131,311
08/01/2023,AZO,MI,AGL,CE,Combined TRACON& Tower with Radar,4,27,25,0,56,0,18,81,1,100,4,45,106,1,156,106,0,106,262
08/02/2023,AZO,MI,AGL,CE,Combined TRACON& Tower with Radar,4,11,32,0,47,0,8,66,0,74,4,19,98,0,121,142,0,142,263
08/03/2023,AZO,MI,AGL,CE,Combined TRACON& Tower with Radar,6,24,32,0,62,0,6,48,0,54,6,30,80,0,116,66,0,66,182
08/04/2023,AZO,MI,AGL,CE,Combined TRACON& Tower with Radar,4,17,9,0,30,0,3,33,0,36,4,20,42,0,66,51,0,51,117
08/05/2023,AZO,MI,AGL,CE,Combined TRACON& Tower with Radar,4,10,17,0,31,0,7,31,0,38,4,17,48,0,69,22,0,22,91
08/06/2023,AZO,MI,AGL,CE,Combined TRACON& Tower with Radar,6,7,16,0,29,0,0,0,0,0,6,7,16,0,29,0,0,0,29
08/07/2023,AZO,MI,AGL,CE,Combined TRACON& Tower with Radar,4,19,30,0,53,0,2,9,0,11,4,21,39,0,64,32,0,32,96
08/08/2023,AZO,MI,AGL,CE,Combined TRACON& Tower with Radar,4,17,21,0,42,0,6,55,0,61,4,23,76,0,103,88,0,88,191
08/09/2023,AZO,MI,AGL,CE,Combined TRACON& Tower with Radar,4,17,21,0,42,0,9,47,0,56,4,26,68,0,98,122,0,122,220
08/10/2023,AZO,MI,AGL,CE,Combined TRACON& Tower with Radar,6,31,27,0,64,0,6,22,0,28,6,37,49,0,92,22,0,22,114
08/11/2023,AZO,MI,AGL,CE,Combined TRACON& Tower with Radar,4,17,15,0,36,0,5,7,0,12,4,22,22,0,48,46,0,46,94
08/12/2023,AZO,MI,AGL,CE,Combined TRACON& Tower with Radar,4,5,9,0,18,0,2,20,0,22,4,7,29,0,40,5,0,5,45
08/13/2023,AZO,MI,AGL,CE,Combined TRACON& Tower with Radar,6,7,17,0,30,0,4,54,0,58,6,11,71,0,88,43,0,43,131
08/14/2023,AZO,MI,AGL,CE,Combined TRACON& Tower with Radar,4,17,19,0,40,0,3,19,0,22,4,20,38,0,62,79,0,79,141
08/15/2023,AZO,MI,AGL,CE,Combined TRACON& Tower with Radar,4,23,24,0,51,0,2,17,0,19,4,25,41,0,70,40,0,40,110
08/16/2023,AZO,MI,AGL,CE,Combined TRACON& Tower with Radar,3,22,16,0,41,0,11,85,0,96,3,33,101,0,137,148,0,148,285
08/17/2023,AZO,MI,AGL,CE,Combined TRACON& Tower with Radar,6,23,9,0,38,0,1,9,1,11,6,24,18,1,49,20,0,20,69
08/18/2023,AZO,MI,AGL,CE,Combined TRACON& Tower with Radar,4,24,20,0,48,0,14,55,0,69,4,38,75,0,117,135,0,135,252
08/19/2023,AZO,MI,AGL,CE,Combined TRACON& Tower with Radar,4,10,10,0,24,0,1,68,2,71,4,11,78,2,95,72,0,72,167
08/20/2023,AZO,MI,AGL,CE,Combined TRACON& Tower with Radar,6,8,9,0,23,0,2,38,0,40,6,10,47,0,63,15,0,15,78
08/21/2023,AZO,MI,AGL,CE,Combined TRACON& Tower with Radar,4,20,28,0,52,0,6,44,0,50,4,26,72,0,102,83,0,83,185
08/22/2023,AZO,MI,AGL,CE,Combined TRACON& Tower with Radar,4,22,17,0,43,0,6,60,0,66,4,28,77,0,109,92,0,92,201
08/23/2023,AZO,MI,AGL,CE,Combined TRACON& Tower with Radar,4,13,22,0,39,0,4,13,0,17,4,17,35,0,56,37,0,37,93
08/24/2023,AZO,MI,AGL,CE,Combined TRACON& Tower with Radar,6,15,15,0,36,0,0,4,2,6,6,15,19,2,42,18,0,18,60
08/25/2023,AZO,MI,AGL,CE,Combined TRACON& Tower with Radar,4,12,31,0,47,0,0,3,0,3,4,12,34,0,50,49,0,49,99
08/26/2023,AZO,MI,AGL,CE,Combined TRACON& Tower with Radar,4,12,9,0,25,0,1,13,0,14,4,13,22,0,39,24,0,24,63
08/27/2023,AZO,MI,AGL,CE,Combined TRACON& Tower with Radar,6,8,20,0,34,0,1,44,0,45,6,9,64,0,79,36,0,36,115
08/28/2023,AZO,MI,AGL,CE,Combined TRACON& Tower with Radar,4,17,15,0,36,0,13,62,0,75,4,30,77,0,111,76,0,76,187
08/29/2023,AZO,MI,AGL,CE,Combined TRACON& Tower with Radar,4,19,25,0,48,0,6,29,0,35,4,25,54,0,83,125,0,125,208
08/30/2023,AZO,MI,AGL,CE,Combined TRACON& Tower with Radar,4,22,21,0,47,0,11,46,0,57,4,33,67,0,104,132,0,132,236
08/31/2023,AZO,MI,AGL,CE,Combined TRACON& Tower with Radar,6,16,23,0,45,0,5,52,0,57,6,21,75,0,102,74,0,74,176
