01/01/2000,BAF,MA,ANE,EN,Federal Contract Tower,0,0,9,0,9,0,0,78,0,78,0,0,87,0,87,148,0,148,235
01/02/2000,BAF,MA,ANE,EN,Federal Contract Tower,0,0,4,1,5,0,0,9,0,9,0,0,13,1,14,14,0,14,28
01/03/2000,BAF,MA,ANE,EN,Federal Contract Tower,0,2,13,0,15,0,0,24,0,24,0,2,37,0,39,30,0,30,69
01/04/2000,BAF,MA,ANE,EN,Federal Contract Tower,0,1,3,0,4,0,1,0,0,1,0,2,3,0,5,0,0,0,5
01/05/2000,BAF,MA,ANE,EN,Federal Contract Tower,0,3,12,3,18,0,0,13,12,25,0,3,25,15,43,12,10,22,65
01/06/2000,BAF,MA,ANE,EN,Federal Contract Tower,0,1,22,6,29,0,0,73,7,80,0,1,95,13,109,178,4,182,291
01/07/2000,BAF,MA,ANE,EN,Federal Contract Tower,0,1,20,5,26,0,0,38,14,52,0,1,58,19,78,68,42,110,188
01/08/2000,BAF,MA,ANE,EN,Federal Contract Tower,0,2,20,5,27,4,0,138,8,150,4,2,158,13,177,148,22,170,347
01/09/2000,BAF,MA,ANE,EN,Federal Contract Tower,0,0,19,0,19,0,0,126,0,126,0,0,145,0,145,218,4,222,367
01/10/2000,BAF,MA,ANE,EN,Federal Contract Tower,0,0,4,0,4,0,0,7,0,7,0,0,11,0,11,32,0,32,43
01/11/2000,BAF,MA,ANE,EN,Federal Contract Tower,0,2,10,2,14,0,0,32,12,44,0,2,42,14,58,58,12,70,128
01/12/2000,BAF,MA,ANE,EN,Federal Contract Tower,0,2,15,4,21,0,1,14,16,31,0,3,29,20,52,12,18,30,82
01/13/2000,BAF,MA,ANE,EN,Federal Contract Tower,0,0,3,0,3,0,0,0,0,0,0,0,3,0,3,0,0,0,3
01/14/2000,BAF,MA,ANE,EN,Federal Contract Tower,0,0,9,2,11,0,3,2,3,8,0,3,11,5,19,0,2,2,21
01/15/2000,BAF,MA,ANE,EN,Federal Contract Tower,0,1,13,2,16,0,1,87,0,88,0,2,100,2,104,76,0,76,180
01/16/2000,BAF,MA,ANE,EN,Federal Contract Tower,0,0,5,0,5,0,0,23,0,23,0,0,28,0,28,26,0,26,54
01/17/2000,BAF,MA,ANE,EN,Federal Contract Tower,0,0,5,0,5,0,0,4,0,4,0,0,9,0,9,0,0,0,9
01/18/2000,BAF,MA,ANE,EN,Federal Contract Tower,0,1,11,2,14,0,0,28,6,34,0,1,39,8,48,104,14,118,166
01/19/2000,BAF,MA,ANE,EN,Federal Contract Tower,0,2,20,4,26,0,0,74,3,77,0,2,94,7,103,92,12,104,207
01/20/2000,BAF,MA,ANE,EN,Federal Contract Tower,0,0,6,1,7,0,5,2,2,9,0,5,8,3,16,0,0,0,16
01/21/2000,BAF,MA,ANE,EN,Federal Contract Tower,0,0,8,0,8,0,4,10,0,14,0,4,18,0,22,12,0,12,34
01/22/2000,BAF,MA,ANE,EN,Federal Contract Tower,0,0,6,1,7,0,1,13,3,17,0,1,19,4,24,12,12,24,48
01/23/2000,BAF,MA,ANE,EN,Federal Contract Tower,0,0,8,2,10,0,0,26,0,26,0,0,34,2,36,78,0,78,114
01/24/2000,BAF,MA,ANE,EN,Federal Contract Tower,0,1,14,0,15,0,0,53,0,53,0,1,67,0,68,88,0,88,156
01/25/2000,BAF,MA,ANE,EN,Federal Contract Tower,0,0,0,0,0,0,0,0,0,0,0,0,0,0,0,0,0,0,0
01/26/2000,BAF,MA,ANE,EN,Federal Contract Tower,0,1,18,1,20,0,1,21,0,22,0,2,39,1,42,46,2,48,90
01/27/2000,BAF,MA,ANE,EN,Federal Contract Tower,0,1,15,4,20,0,0,26,7,33,0,1,41,11,53,46,10,56,109
01/28/2000,BAF,MA,ANE,EN,Federal Contract Tower,0,1,12,3,16,0,0,31,6,37,0,1,43,9,53,40,6,46,99
01/29/2000,BAF,MA,ANE,EN,Federal Contract Tower,0,1,18,3,22,0,0,71,0,71,0,1,89,3,93,120,0,120,213
01/30/2000,BAF,MA,ANE,EN,Federal Contract Tower,0,0,19,1,20,0,0,123,0,123,0,0,142,1,143,126,0,126,269
01/31/2000,BAF,MA,ANE,EN,Federal Contract Tower,0,1,14,3,18,0,1,3,1,5,0,2,17,4,23,16,2,18,41
02/01/2000,BAF,MA,ANE,EN,Federal Contract Tower,0,1,28,7,36,0,0,34,8,42,0,1,62,15,78,92,2,94,172
02/02/2000,BAF,MA,ANE,EN,Federal Contract Tower,0,1,18,4,23,0,0,16,15,31,0,1,34,19,54,12,20,32,86
02/03/2000,BAF,MA,ANE,EN,Federal Contract Tower,0,2,24,6,32,0,0,22,8,30,0,2,46,14,62,28,8,36,98
02/04/2000,BAF,MA,ANE,EN,Federal Contract Tower,0,1,19,5,25,0,0,18,12,30,0,1,37,17,55,28,24,52,107
02/05/2000,BAF,MA,ANE,EN,Federal Contract Tower,0,2,19,0,21,0,1,77,0,78,0,3,96,0,99,66,0,66,165
02/06/2000,BAF,MA,ANE,EN,Federal Contract Tower,0,0,4,0,4,0,0,30,0,30,0,0,34,0,34,10,0,10,44
02/07/2000,BAF,MA,ANE,EN,Federal Contract Tower,0,1,9,0,10,0,1,20,0,21,0,2,29,0,31,16,0,16,47
02/08/2000,BAF,MA,ANE,EN,Federal Contract Tower,0,1,19,5,25,0,0,42,12,54,0,1,61,17,79,34,18,52,131
02/09/2000,BAF,MA,ANE,EN,Federal Contract Tower,0,1,33,9,43,0,0,37,16,53,0,1,70,25,96,104,16,120,216
02/10/2000,BAF,MA,ANE,EN,Federal Contract Tower,0,4,42,10,56,0,1,60,22,83,0,5,102,32,139,138,10,148,287
02/11/2000,BAF,MA,ANE,EN,Federal Contract Tower,0,1,3,0,4,0,0,0,0,0,0,1,3,0,4,0,0,0,4
02/12/2000,BAF,MA,ANE,EN,Federal Contract Tower,0,1,21,0,22,0,0,108,0,108,0,1,129,0,130,78,16,94,224
02/13/2000,BAF,MA,ANE,EN,Federal Contract Tower,0,1,14,0,15,0,0,92,0,92,0,1,106,0,107,118,2,120,227
02/14/2000,BAF,MA,ANE,EN,Federal Contract Tower,0,1,6,0,7,0,1,18,0,19,0,2,24,0,26,10,0,10,36
02/15/2000,BAF,MA,ANE,EN,Federal Contract Tower,0,1,15,4,20,0,0,42,6,48,0,1,57,10,68,90,18,108,176
02/16/2000,BAF,MA,ANE,EN,Federal Contract Tower,0,1,28,8,37,0,0,32,12,44,0,1,60,20,81,68,2,70,151
02/17/2000,BAF,MA,ANE,EN,Federal Contract Tower,0,0,12,3,15,0,2,61,11,74,0,2,73,14,89,54,22,76,165
02/18/2000,BAF,MA,ANE,EN,Federal Contract Tower,0,0,2,0,2,0,0,0,0,0,0,0,2,0,2,4,0,4,6
02/19/2000,BAF,MA,ANE,EN,Federal Contract Tower,0,0,3,0,3,0,1,0,0,1,0,1,3,0,4,0,0,0,4
02/20/2000,BAF,MA,ANE,EN,Federal Contract Tower,0,0,12,0,12,0,3,48,0,51,0,3,60,0,63,80,0,80,143
02/21/2000,BAF,MA,ANE,EN,Federal Contract Tower,0,0,19,0,19,0,0,83,0,83,0,0,102,0,102,138,0,138,240
02/22/2000,BAF,MA,ANE,EN,Federal Contract Tower,0,1,20,5,26,0,0,62,19,81,0,1,82,24,107,112,18,130,237
02/23/2000,BAF,MA,ANE,EN,Federal Contract Tower,0,2,47,11,60,0,0,59,19,78,0,2,106,30,138,98,24,122,260
02/24/2000,BAF,MA,ANE,EN,Federal Contract Tower,0,2,31,8,41,0,0,61,1,62,0,2,92,9,103,182,14,196,299
02/25/2000,BAF,MA,ANE,EN,Federal Contract Tower,0,0,10,3,13,0,1,0,0,1,0,1,10,3,14,0,2,2,16
02/26/2000,BAF,MA,ANE,EN,Federal Contract Tower,0,1,16,4,21,0,1,0,1,2,0,2,16,5,23,0,0,0,23
02/27/2000,BAF,MA,ANE,EN,Federal Contract Tower,0,1,14,3,18,0,1,0,5,6,0,2,14,8,24,0,0,0,24
02/28/2000,BAF,MA,ANE,EN,Federal Contract Tower,0,1,18,2,21,0,1,10,0,11,0,2,28,2,32,42,4,46,78
02/29/2000,BAF,MA,ANE,EN,Federal Contract Tower,0,1,19,0,20,0,1,34,0,35,0,2,53,0,55,64,0,64,119
03/01/2000,BAF,MA,ANE,EN,Federal Contract Tower,0,3,24,0,27,0,2,93,0,95,0,5,117,0,122,174,2,176,298
03/02/2000,BAF,MA,ANE,EN,Federal Contract Tower,0,2,13,3,18,0,2,22,2,26,0,4,35,5,44,28,6,34,78
03/03/2000,BAF,MA,ANE,EN,Federal Contract Tower,0,1,6,0,7,0,0,21,0,21,0,1,27,0,28,18,4,22,50
03/04/2000,BAF,MA,ANE,EN,Federal Contract Tower,0,1,18,5,24,0,0,143,3,146,0,1,161,8,170,172,10,182,352
03/05/2000,BAF,MA,ANE,EN,Federal Contract Tower,0,0,13,3,16,0,0,135,1,136,0,0,148,4,152,130,4,134,286
03/06/2000,BAF,MA,ANE,EN,Federal Contract Tower,0,2,11,0,13,0,0,37,0,37,0,2,48,0,50,40,0,40,90
03/07/2000,BAF,MA,ANE,EN,Federal Contract Tower,0,2,16,0,18,0,0,105,0,105,0,2,121,0,123,168,2,170,293
03/08/2000,BAF,MA,ANE,EN,Federal Contract Tower,0,2,32,4,38,0,0,124,0,124,0,2,156,4,162,144,12,156,318
03/09/2000,BAF,MA,ANE,EN,Federal Contract Tower,0,1,13,0,14,0,0,34,0,34,0,1,47,0,48,116,8,124,172
03/10/2000,BAF,MA,ANE,EN,Federal Contract Tower,0,2,18,5,25,0,0,54,5,59,0,2,72,10,84,64,22,86,170
03/11/2000,BAF,MA,ANE,EN,Federal Contract Tower,0,0,14,3,17,0,0,12,7,19,0,0,26,10,36,38,4,42,78
03/12/2000,BAF,MA,ANE,EN,Federal Contract Tower,0,1,8,3,12,0,0,3,1,4,0,1,11,4,16,16,0,16,32
03/13/2000,BAF,MA,ANE,EN,Federal Contract Tower,0,2,16,0,18,0,1,57,0,58,0,3,73,0,76,94,0,94,170
03/14/2000,BAF,MA,ANE,EN,Federal Contract Tower,0,1,35,9,45,0,0,56,14,70,0,1,91,23,115,108,8,116,231
03/15/2000,BAF,MA,ANE,EN,Federal Contract Tower,0,2,22,6,30,0,2,43,39,84,0,4,65,45,114,72,22,94,208
03/16/2000,BAF,MA,ANE,EN,Federal Contract Tower,0,1,20,6,27,0,1,52,0,53,0,2,72,6,80,102,4,106,186
03/17/2000,BAF,MA,ANE,EN,Federal Contract Tower,0,1,12,0,13,0,1,0,0,1,0,2,12,0,14,2,0,2,16
03/18/2000,BAF,MA,ANE,EN,Federal Contract Tower,0,2,23,6,31,0,0,101,3,104,0,2,124,9,135,144,48,192,327
03/19/2000,BAF,MA,ANE,EN,Federal Contract Tower,0,0,16,0,16,0,0,144,0,144,0,0,160,0,160,168,0,168,328
03/20/2000,BAF,MA,ANE,EN,Federal Contract Tower,0,1,20,1,22,0,0,36,1,37,0,1,56,2,59,128,6,134,193
03/21/2000,BAF,MA,ANE,EN,Federal Contract Tower,0,1,17,0,18,0,2,12,0,14,0,3,29,0,32,56,14,70,102
03/22/2000,BAF,MA,ANE,EN,Federal Contract Tower,0,1,25,6,32,0,0,39,12,51,0,1,64,18,83,78,20,98,181
03/23/2000,BAF,MA,ANE,EN,Federal Contract Tower,0,1,17,4,22,0,2,109,21,132,0,3,126,25,154,160,26,186,340
03/24/2000,BAF,MA,ANE,EN,Federal Contract Tower,0,1,20,5,26,0,0,101,11,112,0,1,121,16,138,144,8,152,290
03/25/2000,BAF,MA,ANE,EN,Federal Contract Tower,0,1,24,6,31,0,0,95,14,109,0,1,119,20,140,146,20,166,306
03/26/2000,BAF,MA,ANE,EN,Federal Contract Tower,0,0,5,1,6,0,0,108,0,108,0,0,113,1,114,96,0,96,210
03/27/2000,BAF,MA,ANE,EN,Federal Contract Tower,0,2,27,0,29,0,0,38,0,38,0,2,65,0,67,129,0,129,196
03/28/2000,BAF,MA,ANE,EN,Federal Contract Tower,0,1,17,4,22,0,0,0,14,14,0,1,17,18,36,4,8,12,48
03/29/2000,BAF,MA,ANE,EN,Federal Contract Tower,0,1,18,5,24,0,0,10,17,27,0,1,28,22,51,12,22,34,85
03/30/2000,BAF,MA,ANE,EN,Federal Contract Tower,0,2,23,5,30,0,2,75,21,98,0,4,98,26,128,120,10,130,258
03/31/2000,BAF,MA,ANE,EN,Federal Contract Tower,0,1,21,5,27,0,2,121,6,129,0,3,142,11,156,88,34,122,278
04/01/2000,BAF,MA,ANE,EN,Federal Contract Tower,0,2,7,2,11,0,0,202,0,202,0,2,209,2,213,204,20,224,437
04/02/2000,BAF,MA,ANE,EN,Federal Contract Tower,0,0,8,0,8,0,0,96,0,96,0,0,104,0,104,136,0,136,240
04/03/2000,BAF,MA,ANE,EN,Federal Contract Tower,0,1,16,0,17,0,0,12,0,12,0,1,28,0,29,4,0,4,33
04/04/2000,BAF,MA,ANE,EN,Federal Contract Tower,0,2,19,0,21,0,0,0,0,0,0,2,19,0,21,12,14,26,47
04/05/2000,BAF,MA,ANE,EN,Federal Contract Tower,0,1,19,8,28,0,0,2,34,36,0,1,21,42,64,14,30,44,108
04/06/2000,BAF,MA,ANE,EN,Federal Contract Tower,0,4,20,8,32,0,0,62,32,94,0,4,82,40,126,114,46,160,286
04/07/2000,BAF,MA,ANE,EN,Federal Contract Tower,0,1,9,4,14,0,0,120,10,130,0,1,129,14,144,116,18,134,278
04/08/2000,BAF,MA,ANE,EN,Federal Contract Tower,0,2,15,7,24,0,1,51,24,76,0,3,66,31,100,36,16,52,152
04/09/2000,BAF,MA,ANE,EN,Federal Contract Tower,0,0,4,2,6,0,0,1,0,1,0,0,5,2,7,0,0,0,7
04/10/2000,BAF,MA,ANE,EN,Federal Contract Tower,0,1,11,1,13,0,0,42,0,42,0,1,53,1,55,48,0,48,103
04/11/2000,BAF,MA,ANE,EN,Federal Contract Tower,0,1,20,7,28,0,0,35,11,46,0,1,55,18,74,66,12,78,152
04/12/2000,BAF,MA,ANE,EN,Federal Contract Tower,0,2,16,6,24,0,0,11,20,31,0,2,27,26,55,22,32,54,109
04/13/2000,BAF,MA,ANE,EN,Federal Contract Tower,0,1,12,5,18,0,3,95,6,104,0,4,107,11,122,110,22,132,254
04/14/2000,BAF,MA,ANE,EN,Federal Contract Tower,0,1,10,4,15,0,0,85,13,98,0,1,95,17,113,122,26,148,261
04/15/2000,BAF,MA,ANE,EN,Federal Contract Tower,0,0,16,0,16,0,0,71,0,71,0,0,87,0,87,118,0,118,205
04/16/2000,BAF,MA,ANE,EN,Federal Contract Tower,0,1,9,0,10,0,0,30,0,30,0,1,39,0,40,66,0,66,106
04/17/2000,BAF,MA,ANE,EN,Federal Contract Tower,0,1,22,0,23,0,0,40,0,40,0,1,62,0,63,44,0,44,107
04/18/2000,BAF,MA,ANE,EN,Federal Contract Tower,0,1,10,3,14,0,0,24,10,34,0,1,34,13,48,82,12,94,142
04/19/2000,BAF,MA,ANE,EN,Federal Contract Tower,0,4,39,15,58,0,0,14,8,22,0,4,53,23,80,42,10,52,132
04/20/2000,BAF,MA,ANE,EN,Federal Contract Tower,0,2,19,7,28,0,2,107,13,122,0,4,126,20,150,176,34,210,360
04/21/2000,BAF,MA,ANE,EN,Federal Contract Tower,0,1,16,6,23,0,0,18,3,21,0,1,34,9,44,108,54,162,206
04/22/2000,BAF,MA,ANE,EN,Federal Contract Tower,0,2,16,0,18,0,2,3,0,5,0,4,19,0,23,6,0,6,29
04/23/2000,BAF,MA,ANE,EN,Federal Contract Tower,0,0,10,0,10,0,0,5,0,5,0,0,15,0,15,24,0,24,39
04/24/2000,BAF,MA,ANE,EN,Federal Contract Tower,0,1,10,3,14,0,2,30,0,32,0,3,40,3,46,26,0,26,72
04/25/2000,BAF,MA,ANE,EN,Federal Contract Tower,0,2,20,7,29,0,3,85,17,105,0,5,105,24,134,108,26,134,268
04/26/2000,BAF,MA,ANE,EN,Federal Contract Tower,0,3,19,10,32,0,6,0,8,14,0,9,19,18,46,4,2,6,52
04/27/2000,BAF,MA,ANE,EN,Federal Contract Tower,0,2,18,6,26,0,1,17,6,24,0,3,35,12,50,36,24,60,110
04/28/2000,BAF,MA,ANE,EN,Federal Contract Tower,0,1,13,5,19,0,0,80,4,84,0,1,93,9,103,96,16,112,215
04/29/2000,BAF,MA,ANE,EN,Federal Contract Tower,0,1,11,2,14,0,4,125,0,129,0,5,136,2,143,152,6,158,301
04/30/2000,BAF,MA,ANE,EN,Federal Contract Tower,0,1,10,0,11,0,2,67,0,69,0,3,77,0,80,62,0,62,142
05/01/2000,BAF,MA,ANE,EN,Federal Contract Tower,0,1,24,1,26,0,0,44,0,44,0,1,68,1,70,94,2,96,166
05/02/2000,BAF,MA,ANE,EN,Federal Contract Tower,0,3,19,4,26,0,2,47,8,57,0,5,66,12,83,64,4,68,151
05/03/2000,BAF,MA,ANE,EN,Federal Contract Tower,0,1,17,4,22,0,0,145,14,159,0,1,162,18,181,152,16,168,349
05/04/2000,BAF,MA,ANE,EN,Federal Contract Tower,0,1,8,2,11,0,0,82,12,94,0,1,90,14,105,110,12,122,227
05/05/2000,BAF,MA,ANE,EN,Federal Contract Tower,0,1,19,3,23,0,0,104,3,107,0,1,123,6,130,108,14,122,252
05/06/2000,BAF,MA,ANE,EN,Federal Contract Tower,0,1,8,2,11,0,0,134,6,140,0,1,142,8,151,172,10,182,333
05/07/2000,BAF,MA,ANE,EN,Federal Contract Tower,0,0,12,2,14,0,0,110,0,110,0,0,122,2,124,180,2,182,306
05/08/2000,BAF,MA,ANE,EN,Federal Contract Tower,0,1,6,1,8,0,1,36,4,41,0,2,42,5,49,70,10,80,129
05/09/2000,BAF,MA,ANE,EN,Federal Contract Tower,0,1,19,4,24,0,0,43,20,63,0,1,62,24,87,108,22,130,217
05/10/2000,BAF,MA,ANE,EN,Federal Contract Tower,0,2,11,1,14,0,2,3,0,5,0,4,14,1,19,0,2,2,21
05/11/2000,BAF,MA,ANE,EN,Federal Contract Tower,0,1,18,4,23,0,0,52,16,68,0,1,70,20,91,96,32,128,219
05/12/2000,BAF,MA,ANE,EN,Federal Contract Tower,0,1,17,4,22,0,0,80,10,90,0,1,97,14,112,84,10,94,206
05/13/2000,BAF,MA,ANE,EN,Federal Contract Tower,0,0,22,0,22,0,0,12,0,12,0,0,34,0,34,18,0,18,52
05/14/2000,BAF,MA,ANE,EN,Federal Contract Tower,0,0,9,1,10,0,0,130,0,130,0,0,139,1,140,90,6,96,236
05/15/2000,BAF,MA,ANE,EN,Federal Contract Tower,0,1,6,0,7,0,0,77,0,77,0,1,83,0,84,134,0,134,218
05/16/2000,BAF,MA,ANE,EN,Federal Contract Tower,0,1,19,3,23,0,0,97,20,117,0,1,116,23,140,94,42,136,276
05/17/2000,BAF,MA,ANE,EN,Federal Contract Tower,0,1,19,4,24,0,0,109,20,129,0,1,128,24,153,90,10,100,253
05/18/2000,BAF,MA,ANE,EN,Federal Contract Tower,0,1,16,3,20,0,4,0,0,4,0,5,16,3,24,4,0,4,28
05/19/2000,BAF,MA,ANE,EN,Federal Contract Tower,0,1,29,0,30,0,0,14,0,14,0,1,43,0,44,28,4,32,76
05/20/2000,BAF,MA,ANE,EN,Federal Contract Tower,0,1,24,5,30,0,0,48,9,57,0,1,72,14,87,102,26,128,215
05/21/2000,BAF,MA,ANE,EN,Federal Contract Tower,0,2,24,0,26,0,2,0,0,2,0,4,24,0,28,18,0,18,46
05/22/2000,BAF,MA,ANE,EN,Federal Contract Tower,0,1,27,0,28,0,0,10,0,10,0,1,37,0,38,42,0,42,80
05/23/2000,BAF,MA,ANE,EN,Federal Contract Tower,0,1,42,8,51,0,0,39,3,42,0,1,81,11,93,90,0,90,183
05/24/2000,BAF,MA,ANE,EN,Federal Contract Tower,0,2,20,4,26,0,0,20,7,27,0,2,40,11,53,34,24,58,111
05/25/2000,BAF,MA,ANE,EN,Federal Contract Tower,0,2,31,6,39,0,0,47,14,61,0,2,78,20,100,46,20,66,166
05/26/2000,BAF,MA,ANE,EN,Federal Contract Tower,0,2,21,4,27,0,4,119,13,136,0,6,140,17,163,104,8,112,275
05/27/2000,BAF,MA,ANE,EN,Federal Contract Tower,0,1,11,0,12,0,4,135,0,139,0,5,146,0,151,162,0,162,313
05/28/2000,BAF,MA,ANE,EN,Federal Contract Tower,0,1,12,2,15,0,0,72,0,72,0,1,84,2,87,96,8,104,191
05/29/2000,BAF,MA,ANE,EN,Federal Contract Tower,0,1,15,3,19,0,8,97,12,117,0,9,112,15,136,140,22,162,298
05/30/2000,BAF,MA,ANE,EN,Federal Contract Tower,0,2,20,4,26,0,0,128,12,140,0,2,148,16,166,140,8,148,314
05/31/2000,BAF,MA,ANE,EN,Federal Contract Tower,0,1,19,4,24,0,3,87,6,96,0,4,106,10,120,146,12,158,278
06/01/2000,BAF,MA,ANE,EN,Federal Contract Tower,0,1,17,4,22,0,0,105,12,117,0,1,122,16,139,152,30,182,321
06/02/2000,BAF,MA,ANE,EN,Federal Contract Tower,0,2,12,0,14,0,0,51,0,51,0,2,63,0,65,66,0,66,131
06/03/2000,BAF,MA,ANE,EN,Federal Contract Tower,0,2,19,5,26,0,0,86,26,112,0,2,105,31,138,140,30,170,308
06/04/2000,BAF,MA,ANE,EN,Federal Contract Tower,0,2,11,1,14,0,5,134,0,139,0,7,145,1,153,124,0,124,277
06/05/2000,BAF,MA,ANE,EN,Federal Contract Tower,0,3,16,1,20,0,1,17,0,18,0,4,33,1,38,50,2,52,90
06/06/2000,BAF,MA,ANE,EN,Federal Contract Tower,0,2,10,0,12,0,0,3,0,3,0,2,13,0,15,2,0,2,17
06/07/2000,BAF,MA,ANE,EN,Federal Contract Tower,0,2,11,3,16,0,0,47,18,65,0,2,58,21,81,66,28,94,175
06/08/2000,BAF,MA,ANE,EN,Federal Contract Tower,0,2,12,3,17,0,0,138,19,157,0,2,150,22,174,118,40,158,332
06/09/2000,BAF,MA,ANE,EN,Federal Contract Tower,0,3,14,4,21,0,0,76,31,107,0,3,90,35,128,116,16,132,260
06/10/2000,BAF,MA,ANE,EN,Federal Contract Tower,0,2,8,0,10,0,2,139,0,141,0,4,147,0,151,230,0,230,381
06/11/2000,BAF,MA,ANE,EN,Federal Contract Tower,0,0,8,0,8,0,0,86,0,86,0,0,94,0,94,148,0,148,242
06/12/2000,BAF,MA,ANE,EN,Federal Contract Tower,0,2,12,4,18,0,0,0,5,5,0,2,12,9,23,14,0,14,37
06/13/2000,BAF,MA,ANE,EN,Federal Contract Tower,0,2,17,6,25,0,1,121,2,124,0,3,138,8,149,138,12,150,299
06/14/2000,BAF,MA,ANE,EN,Federal Contract Tower,0,3,29,8,40,0,0,89,8,97,0,3,118,16,137,116,14,130,267
06/15/2000,BAF,MA,ANE,EN,Federal Contract Tower,0,3,23,7,33,0,1,6,2,9,0,4,29,9,42,0,0,0,42
06/16/2000,BAF,MA,ANE,EN,Federal Contract Tower,0,1,26,8,35,0,0,38,3,41,0,1,64,11,76,64,10,74,150
06/17/2000,BAF,MA,ANE,EN,Federal Contract Tower,0,1,12,0,13,0,2,76,0,78,0,3,88,0,91,82,0,82,173
06/18/2000,BAF,MA,ANE,EN,Federal Contract Tower,0,1,13,0,14,0,0,75,0,75,0,1,88,0,89,112,0,112,201
06/19/2000,BAF,MA,ANE,EN,Federal Contract Tower,0,1,13,4,18,0,1,60,2,63,0,2,73,6,81,84,12,96,177
06/20/2000,BAF,MA,ANE,EN,Federal Contract Tower,0,2,15,4,21,0,3,127,11,141,0,5,142,15,162,166,26,192,354
06/21/2000,BAF,MA,ANE,EN,Federal Contract Tower,0,2,15,3,20,0,1,75,14,90,0,3,90,17,110,74,22,96,206
06/22/2000,BAF,MA,ANE,EN,Federal Contract Tower,0,1,12,3,16,0,0,62,20,82,0,1,74,23,98,88,52,140,238
06/23/2000,BAF,MA,ANE,EN,Federal Contract Tower,0,2,15,3,20,0,1,97,9,107,0,3,112,12,127,176,8,184,311
06/24/2000,BAF,MA,ANE,EN,Federal Contract Tower,0,1,10,1,12,0,0,126,0,126,0,1,136,1,138,174,0,174,312
06/25/2000,BAF,MA,ANE,EN,Federal Contract Tower,0,1,20,0,21,0,0,26,0,26,0,1,46,0,47,56,0,56,103
06/26/2000,BAF,MA,ANE,EN,Federal Contract Tower,0,2,15,3,20,0,0,27,5,32,0,2,42,8,52,68,0,68,120
06/27/2000,BAF,MA,ANE,EN,Federal Contract Tower,0,2,22,5,29,0,0,23,19,42,0,2,45,24,71,46,22,68,139
06/28/2000,BAF,MA,ANE,EN,Federal Contract Tower,0,2,15,4,21,0,4,132,13,149,0,6,147,17,170,156,32,188,358
06/29/2000,BAF,MA,ANE,EN,Federal Contract Tower,0,3,31,8,42,0,0,48,14,62,0,3,79,22,104,36,8,44,148
06/30/2000,BAF,MA,ANE,EN,Federal Contract Tower,0,1,15,4,20,0,0,100,5,105,0,1,115,9,125,70,0,70,195
07/01/2000,BAF,MA,ANE,EN,Federal Contract Tower,0,0,5,0,5,0,1,142,0,143,0,1,147,0,148,134,0,134,282
07/02/2000,BAF,MA,ANE,EN,Federal Contract Tower,0,0,5,0,5,0,0,130,0,130,0,0,135,0,135,76,0,76,211
07/03/2000,BAF,MA,ANE,EN,Federal Contract Tower,1,0,7,1,9,1,1,50,0,52,2,1,57,1,61,132,0,132,193
07/04/2000,BAF,MA,ANE,EN,Federal Contract Tower,0,1,18,3,22,0,0,49,6,55,0,1,67,9,77,104,22,126,203
07/05/2000,BAF,MA,ANE,EN,Federal Contract Tower,1,1,15,3,20,1,0,71,13,85,2,1,86,16,105,144,18,162,267
07/06/2000,BAF,MA,ANE,EN,Federal Contract Tower,0,1,10,1,12,0,0,117,8,125,0,1,127,9,137,208,8,216,353
07/07/2000,BAF,MA,ANE,EN,Federal Contract Tower,0,1,12,2,15,0,0,102,4,106,0,1,114,6,121,66,12,78,199
07/08/2000,BAF,MA,ANE,EN,Federal Contract Tower,0,2,10,1,13,0,0,111,1,112,0,2,121,2,125,118,28,146,271
07/09/2000,BAF,MA,ANE,EN,Federal Contract Tower,0,0,10,0,10,0,0,92,0,92,0,0,102,0,102,86,2,88,190
07/10/2000,BAF,MA,ANE,EN,Federal Contract Tower,0,2,15,1,18,0,3,48,0,51,0,5,63,1,69,76,0,76,145
07/11/2000,BAF,MA,ANE,EN,Federal Contract Tower,0,1,12,2,15,0,0,99,8,107,0,1,111,10,122,130,20,150,272
07/12/2000,BAF,MA,ANE,EN,Federal Contract Tower,0,1,15,3,19,0,0,89,10,99,0,1,104,13,118,44,32,76,194
07/13/2000,BAF,MA,ANE,EN,Federal Contract Tower,0,0,9,2,11,0,1,79,18,98,0,1,88,20,109,94,32,126,235
07/14/2000,BAF,MA,ANE,EN,Federal Contract Tower,0,0,8,1,9,0,2,57,8,67,0,2,65,9,76,52,16,68,144
07/15/2000,BAF,MA,ANE,EN,Federal Contract Tower,0,1,11,0,12,0,0,25,0,25,0,1,36,0,37,70,4,74,111
07/16/2000,BAF,MA,ANE,EN,Federal Contract Tower,0,1,34,0,35,0,0,49,0,49,0,1,83,0,84,60,0,60,144
07/17/2000,BAF,MA,ANE,EN,Federal Contract Tower,0,3,25,4,32,0,0,44,0,44,0,3,69,4,76,94,0,94,170
07/18/2000,BAF,MA,ANE,EN,Federal Contract Tower,0,2,15,2,19,0,0,125,10,135,0,2,140,12,154,200,30,230,384
07/19/2000,BAF,MA,ANE,EN,Federal Contract Tower,0,0,7,0,7,0,2,92,2,96,0,2,99,2,103,158,4,162,265
07/20/2000,BAF,MA,ANE,EN,Federal Contract Tower,0,2,13,2,17,0,3,154,3,160,0,5,167,5,177,126,18,144,321
07/21/2000,BAF,MA,ANE,EN,Federal Contract Tower,0,1,12,0,13,0,0,80,0,80,0,1,92,0,93,80,2,82,175
07/22/2000,BAF,MA,ANE,EN,Federal Contract Tower,0,2,22,0,24,2,0,79,0,81,2,2,101,0,105,162,0,162,267
07/23/2000,BAF,MA,ANE,EN,Federal Contract Tower,0,1,12,0,13,0,0,174,0,174,0,1,186,0,187,220,0,220,407
07/24/2000,BAF,MA,ANE,EN,Federal Contract Tower,0,1,11,1,13,0,1,93,1,95,0,2,104,2,108,154,4,158,266
07/25/2000,BAF,MA,ANE,EN,Federal Contract Tower,0,1,20,3,24,0,1,79,11,91,0,2,99,14,115,100,28,128,243
07/26/2000,BAF,MA,ANE,EN,Federal Contract Tower,0,1,8,2,11,0,2,0,3,5,0,3,8,5,16,0,0,0,16
07/27/2000,BAF,MA,ANE,EN,Federal Contract Tower,0,3,29,4,36,0,0,0,0,0,0,3,29,4,36,16,12,28,64
07/28/2000,BAF,MA,ANE,EN,Federal Contract Tower,0,2,35,4,41,0,0,29,0,29,0,2,64,4,70,84,2,86,156
07/29/2000,BAF,MA,ANE,EN,Federal Contract Tower,0,2,27,0,29,0,1,26,0,27,0,3,53,0,56,124,0,124,180
07/30/2000,BAF,MA,ANE,EN,Federal Contract Tower,0,0,38,0,38,0,0,11,0,11,0,0,49,0,49,16,0,16,65
07/31/2000,BAF,MA,ANE,EN,Federal Contract Tower,0,1,23,4,28,0,0,0,1,1,0,1,23,5,29,14,0,14,43
08/01/2000,BAF,MA,ANE,EN,Federal Contract Tower,0,0,6,0,6,0,2,5,0,7,0,2,11,0,13,0,16,16,29
08/02/2000,BAF,MA,ANE,EN,Federal Contract Tower,0,3,14,3,20,0,3,26,1,30,0,6,40,4,50,116,6,122,172
08/03/2000,BAF,MA,ANE,EN,Federal Contract Tower,0,2,22,4,28,0,0,12,14,26,0,2,34,18,54,70,6,76,130
08/04/2000,BAF,MA,ANE,EN,Federal Contract Tower,0,1,17,4,22,0,0,125,8,133,0,1,142,12,155,142,14,156,311
08/05/2000,BAF,MA,ANE,EN,Federal Contract Tower,0,1,5,2,8,0,0,158,0,158,0,1,163,2,166,192,4,196,362
08/06/2000,BAF,MA,ANE,EN,Federal Contract Tower,0,4,16,0,20,0,0,133,0,133,0,4,149,0,153,188,0,188,341
08/07/2000,BAF,MA,ANE,EN,Federal Contract Tower,0,1,13,3,17,0,0,28,0,28,0,1,41,3,45,56,8,64,109
08/08/2000,BAF,MA,ANE,EN,Federal Contract Tower,0,2,16,2,20,2,0,102,2,106,2,2,118,4,126,130,0,130,256
08/09/2000,BAF,MA,ANE,EN,Federal Contract Tower,0,1,23,3,27,0,0,64,11,75,0,1,87,14,102,82,24,106,208
08/10/2000,BAF,MA,ANE,EN,Federal Contract Tower,0,1,18,4,23,0,0,122,13,135,0,1,140,17,158,110,16,126,284
08/11/2000,BAF,MA,ANE,EN,Federal Contract Tower,0,1,26,5,32,0,0,92,5,97,0,1,118,10,129,170,0,170,299
08/12/2000,BAF,MA,ANE,EN,Federal Contract Tower,0,2,23,0,25,0,1,52,0,53,0,3,75,0,78,104,0,104,182
08/13/2000,BAF,MA,ANE,EN,Federal Contract Tower,0,0,16,2,18,0,0,46,0,46,0,0,62,2,64,98,14,112,176
08/14/2000,BAF,MA,ANE,EN,Federal Contract Tower,0,2,18,5,25,0,0,0,1,1,0,2,18,6,26,12,0,12,38
08/15/2000,BAF,MA,ANE,EN,Federal Contract Tower,0,3,27,6,36,0,0,59,12,71,0,3,86,18,107,168,12,180,287
08/16/2000,BAF,MA,ANE,EN,Federal Contract Tower,0,2,21,5,28,0,1,25,11,37,0,3,46,16,65,40,24,64,129
08/17/2000,BAF,MA,ANE,EN,Federal Contract Tower,0,1,12,2,15,0,3,128,12,143,0,4,140,14,158,182,36,218,376
08/18/2000,BAF,MA,ANE,EN,Federal Contract Tower,0,2,22,5,29,0,1,69,11,81,0,3,91,16,110,70,12,82,192
08/19/2000,BAF,MA,ANE,EN,Federal Contract Tower,0,0,6,0,6,0,3,214,0,217,0,3,220,0,223,58,0,58,281
08/20/2000,BAF,MA,ANE,EN,Federal Contract Tower,0,0,11,2,13,0,0,114,0,114,0,0,125,2,127,108,0,108,235
08/21/2000,BAF,MA,ANE,EN,Federal Contract Tower,0,0,6,2,8,0,4,123,3,130,0,4,129,5,138,106,18,124,262
08/22/2000,BAF,MA,ANE,EN,Federal Contract Tower,0,1,11,2,14,0,0,99,14,113,0,1,110,16,127,100,24,124,251
08/23/2000,BAF,MA,ANE,EN,Federal Contract Tower,0,3,26,5,34,0,0,27,14,41,0,3,53,19,75,36,38,74,149
08/24/2000,BAF,MA,ANE,EN,Federal Contract Tower,0,3,29,6,38,0,1,70,2,73,0,4,99,8,111,128,8,136,247
08/25/2000,BAF,MA,ANE,EN,Federal Contract Tower,0,0,6,2,8,0,4,128,2,134,0,4,134,4,142,146,0,146,288
08/26/2000,BAF,MA,ANE,EN,Federal Contract Tower,0,0,6,0,6,0,2,127,0,129,0,2,133,0,135,130,2,132,267
08/27/2000,BAF,MA,ANE,EN,Federal Contract Tower,0,1,21,3,25,0,0,138,0,138,0,1,159,3,163,126,0,126,289
08/28/2000,BAF,MA,ANE,EN,Federal Contract Tower,0,1,18,3,22,0,0,83,1,84,0,1,101,4,106,142,6,148,254
08/29/2000,BAF,MA,ANE,EN,Federal Contract Tower,0,1,9,1,11,0,0,108,8,116,0,1,117,9,127,112,22,134,261
08/30/2000,BAF,MA,ANE,EN,Federal Contract Tower,0,3,24,5,32,0,5,41,12,58,0,8,65,17,90,64,30,94,184
08/31/2000,BAF,MA,ANE,EN,Federal Contract Tower,0,3,26,5,34,0,0,62,23,85,0,3,88,28,119,74,42,116,235
09/01/2000,BAF,MA,ANE,EN,Federal Contract Tower,0,6,36,7,49,0,5,50,0,55,0,11,86,7,104,118,10,128,232
09/02/2000,BAF,MA,ANE,EN,Federal Contract Tower,0,1,10,0,11,0,0,16,0,16,0,1,26,0,27,38,0,38,65
09/03/2000,BAF,MA,ANE,EN,Federal Contract Tower,0,2,14,0,16,0,0,17,0,17,0,2,31,0,33,86,0,86,119
09/04/2000,BAF,MA,ANE,EN,Federal Contract Tower,0,2,21,0,23,0,0,33,0,33,0,2,54,0,56,66,0,66,122
09/05/2000,BAF,MA,ANE,EN,Federal Contract Tower,0,2,9,3,14,0,2,96,7,105,0,4,105,10,119,74,24,98,217
09/06/2000,BAF,MA,ANE,EN,Federal Contract Tower,0,2,10,4,16,0,1,109,12,122,0,3,119,16,138,114,24,138,276
09/07/2000,BAF,MA,ANE,EN,Federal Contract Tower,0,1,11,4,16,0,0,79,10,89,0,1,90,14,105,62,16,78,183
09/08/2000,BAF,MA,ANE,EN,Federal Contract Tower,0,1,12,4,17,0,0,60,16,76,0,1,72,20,93,124,16,140,233
09/09/2000,BAF,MA,ANE,EN,Federal Contract Tower,0,1,10,4,15,0,0,53,17,70,0,1,63,21,85,94,32,126,211
09/10/2000,BAF,MA,ANE,EN,Federal Contract Tower,0,3,14,4,21,0,1,156,8,165,0,4,170,12,186,144,20,164,350
09/11/2000,BAF,MA,ANE,EN,Federal Contract Tower,0,2,10,0,12,0,0,34,0,34,0,2,44,0,46,58,0,58,104
09/12/2000,BAF,MA,ANE,EN,Federal Contract Tower,0,0,27,8,35,0,0,52,14,66,0,0,79,22,101,78,28,106,207
09/13/2000,BAF,MA,ANE,EN,Federal Contract Tower,0,3,12,4,19,0,1,66,16,83,0,4,78,20,102,38,22,60,162
09/14/2000,BAF,MA,ANE,EN,Federal Contract Tower,0,2,13,3,18,0,1,120,21,142,0,3,133,24,160,152,34,186,346
09/15/2000,BAF,MA,ANE,EN,Federal Contract Tower,0,3,21,5,29,0,0,25,14,39,0,3,46,19,68,64,32,96,164
09/16/2000,BAF,MA,ANE,EN,Federal Contract Tower,0,0,2,0,2,0,1,126,0,127,0,1,128,0,129,126,2,128,257
09/17/2000,BAF,MA,ANE,EN,Federal Contract Tower,0,0,5,2,7,0,1,124,1,126,0,1,129,3,133,100,6,106,239
09/18/2000,BAF,MA,ANE,EN,Federal Contract Tower,0,0,4,1,5,0,1,94,3,98,0,1,98,4,103,118,12,130,233
09/19/2000,BAF,MA,ANE,EN,Federal Contract Tower,0,3,26,8,37,0,2,25,19,46,0,5,51,27,83,42,30,72,155
09/20/2000,BAF,MA,ANE,EN,Federal Contract Tower,0,2,27,8,37,0,0,77,18,95,0,2,104,26,132,94,20,114,246
09/21/2000,BAF,MA,ANE,EN,Federal Contract Tower,0,2,18,5,25,0,0,44,15,59,0,2,62,20,84,42,22,64,148
09/22/2000,BAF,MA,ANE,EN,Federal Contract Tower,0,1,16,5,22,0,0,153,8,161,0,1,169,13,183,230,12,242,425
09/23/2000,BAF,MA,ANE,EN,Federal Contract Tower,0,1,7,0,8,0,0,111,0,111,0,1,118,0,119,212,0,212,331
09/24/2000,BAF,MA,ANE,EN,Federal Contract Tower,0,0,17,0,17,0,0,36,0,36,0,0,53,0,53,52,0,52,105
09/25/2000,BAF,MA,ANE,EN,Federal Contract Tower,0,1,11,3,15,0,0,109,4,113,0,1,120,7,128,84,12,96,224
09/26/2000,BAF,MA,ANE,EN,Federal Contract Tower,0,2,14,6,22,0,0,0,22,22,0,2,14,28,44,6,16,22,66
09/27/2000,BAF,MA,ANE,EN,Federal Contract Tower,0,1,12,4,17,0,3,85,30,118,0,4,97,34,135,86,50,136,271
09/28/2000,BAF,MA,ANE,EN,Federal Contract Tower,0,4,28,9,41,0,2,64,17,83,0,6,92,26,124,92,90,182,306
09/29/2000,BAF,MA,ANE,EN,Federal Contract Tower,0,1,9,2,12,0,0,136,4,140,0,1,145,6,152,134,8,142,294
09/30/2000,BAF,MA,ANE,EN,Federal Contract Tower,0,0,7,0,7,0,2,123,0,125,0,2,130,0,132,110,2,112,244
10/01/2000,BAF,MA,ANE,EN,Federal Contract Tower,0,1,7,0,8,0,0,122,0,122,0,1,129,0,130,76,12,88,218
10/02/2000,BAF,MA,ANE,EN,Federal Contract Tower,0,2,13,0,15,0,0,46,0,46,0,2,59,0,61,42,2,44,105
10/03/2000,BAF,MA,ANE,EN,Federal Contract Tower,0,1,14,6,21,0,0,65,31,96,0,1,79,37,117,70,28,98,215
10/04/2000,BAF,MA,ANE,EN,Federal Contract Tower,0,2,20,7,29,0,0,45,18,63,0,2,65,25,92,52,30,82,174
10/05/2000,BAF,MA,ANE,EN,Federal Contract Tower,0,2,21,10,33,0,0,35,13,48,0,2,56,23,81,40,16,56,137
10/06/2000,BAF,MA,ANE,EN,Federal Contract Tower,0,3,16,0,19,0,0,9,0,9,0,3,25,0,28,0,0,0,28
10/07/2000,BAF,MA,ANE,EN,Federal Contract Tower,0,1,8,5,14,0,0,148,8,156,0,1,156,13,170,122,32,154,324
10/08/2000,BAF,MA,ANE,EN,Federal Contract Tower,0,2,6,0,8,0,2,113,0,115,0,4,119,0,123,92,0,92,215
10/09/2000,BAF,MA,ANE,EN,Federal Contract Tower,0,2,7,2,11,0,0,63,2,65,0,2,70,4,76,102,8,110,186
10/10/2000,BAF,MA,ANE,EN,Federal Contract Tower,0,3,16,6,25,0,0,35,4,39,0,3,51,10,64,48,20,68,132
10/11/2000,BAF,MA,ANE,EN,Federal Contract Tower,0,3,15,6,24,0,0,55,22,77,0,3,70,28,101,70,58,128,229
10/12/2000,BAF,MA,ANE,EN,Federal Contract Tower,0,4,16,6,26,0,0,123,29,152,0,4,139,35,178,90,56,146,324
10/13/2000,BAF,MA,ANE,EN,Federal Contract Tower,0,4,17,7,28,0,0,120,27,147,0,4,137,34,175,114,68,182,357
10/14/2000,BAF,MA,ANE,EN,Federal Contract Tower,0,2,14,5,21,0,0,171,31,202,0,2,185,36,223,104,35,139,362
10/15/2000,BAF,MA,ANE,EN,Federal Contract Tower,0,0,11,2,13,0,0,133,0,133,0,0,144,2,146,130,6,136,282
10/16/2000,BAF,MA,ANE,EN,Federal Contract Tower,0,1,11,0,12,0,0,8,0,8,0,1,19,0,20,0,0,0,20
10/17/2000,BAF,MA,ANE,EN,Federal Contract Tower,0,2,15,5,22,0,0,22,5,27,0,2,37,10,49,42,20,62,111
10/18/2000,BAF,MA,ANE,EN,Federal Contract Tower,0,2,15,1,18,0,2,2,0,4,0,4,17,1,22,0,0,0,22
10/19/2000,BAF,MA,ANE,EN,Federal Contract Tower,0,2,12,4,18,0,3,32,11,46,0,5,44,15,64,28,12,40,104
10/20/2000,BAF,MA,ANE,EN,Federal Contract Tower,0,1,10,4,15,0,0,163,4,167,0,1,173,8,182,104,2,106,288
10/21/2000,BAF,MA,ANE,EN,Federal Contract Tower,0,1,8,0,9,0,0,122,0,122,0,1,130,0,131,130,0,130,261
10/22/2000,BAF,MA,ANE,EN,Federal Contract Tower,0,1,11,3,15,0,0,137,0,137,0,1,148,3,152,196,18,214,366
10/23/2000,BAF,MA,ANE,EN,Federal Contract Tower,0,1,8,2,11,0,2,67,4,73,0,3,75,6,84,112,2,114,198
10/24/2000,BAF,MA,ANE,EN,Federal Contract Tower,0,2,13,4,19,0,0,95,13,108,0,2,108,17,127,138,28,166,293
10/25/2000,BAF,MA,ANE,EN,Federal Contract Tower,0,2,11,4,17,0,3,88,21,112,0,5,99,25,129,124,30,154,283
10/26/2000,BAF,MA,ANE,EN,Federal Contract Tower,0,1,10,4,15,0,3,59,12,74,0,4,69,16,89,36,24,60,149
10/27/2000,BAF,MA,ANE,EN,Federal Contract Tower,0,2,13,4,19,0,0,51,10,61,0,2,64,14,80,76,4,80,160
10/28/2000,BAF,MA,ANE,EN,Federal Contract Tower,0,0,6,0,6,0,4,66,0,70,0,4,72,0,76,74,0,74,150
10/29/2000,BAF,MA,ANE,EN,Federal Contract Tower,0,0,6,0,6,0,0,15,0,15,0,0,21,0,21,4,0,4,25
10/30/2000,BAF,MA,ANE,EN,Federal Contract Tower,0,1,10,4,15,0,1,15,0,16,0,2,25,4,31,20,2,22,53
10/31/2000,BAF,MA,ANE,EN,Federal Contract Tower,0,3,17,6,26,0,0,34,14,48,0,3,51,20,74,76,12,88,162
11/01/2000,BAF,MA,ANE,EN,Federal Contract Tower,0,3,14,6,23,0,1,48,14,63,0,4,62,20,86,46,16,62,148
11/02/2000,BAF,MA,ANE,EN,Federal Contract Tower,0,1,3,2,6,0,0,99,22,121,0,1,102,24,127,128,28,156,283
11/03/2000,BAF,MA,ANE,EN,Federal Contract Tower,0,2,14,5,21,0,0,96,16,112,0,2,110,21,133,94,36,130,263
11/04/2000,BAF,MA,ANE,EN,Federal Contract Tower,0,1,3,2,6,0,0,141,21,162,0,1,144,23,168,124,40,164,332
11/05/2000,BAF,MA,ANE,EN,Federal Contract Tower,0,0,6,0,6,0,0,35,0,35,0,0,41,0,41,40,10,50,91
11/06/2000,BAF,MA,ANE,EN,Federal Contract Tower,0,2,10,1,13,0,0,65,0,65,0,2,75,1,78,46,4,50,128
11/07/2000,BAF,MA,ANE,EN,Federal Contract Tower,0,3,10,5,18,0,1,62,30,93,0,4,72,35,111,68,16,84,195
11/08/2000,BAF,MA,ANE,EN,Federal Contract Tower,0,2,17,7,26,0,0,79,23,102,0,2,96,30,128,98,14,112,240
11/09/2000,BAF,MA,ANE,EN,Federal Contract Tower,0,3,9,3,15,0,2,59,10,71,0,5,68,13,86,52,0,52,138
11/10/2000,BAF,MA,ANE,EN,Federal Contract Tower,0,2,6,0,8,0,0,2,0,2,0,2,8,0,10,0,0,0,10
11/11/2000,BAF,MA,ANE,EN,Federal Contract Tower,0,1,15,0,16,1,0,18,0,19,1,1,33,0,35,8,0,8,43
11/12/2000,BAF,MA,ANE,EN,Federal Contract Tower,0,0,10,3,13,0,0,122,0,122,0,0,132,3,135,162,0,162,297
11/13/2000,BAF,MA,ANE,EN,Federal Contract Tower,0,1,22,2,25,0,0,13,0,13,0,1,35,2,38,12,0,12,50
11/14/2000,BAF,MA,ANE,EN,Federal Contract Tower,0,4,11,4,19,0,6,0,0,6,0,10,11,4,25,0,4,4,29
11/15/2000,BAF,MA,ANE,EN,Federal Contract Tower,0,2,18,8,28,0,0,25,14,39,0,2,43,22,67,42,24,66,133
11/16/2000,BAF,MA,ANE,EN,Federal Contract Tower,0,3,15,6,24,0,0,77,22,99,0,3,92,28,123,118,26,144,267
11/17/2000,BAF,MA,ANE,EN,Federal Contract Tower,0,2,12,5,19,0,1,51,19,71,0,3,63,24,90,72,20,92,182
11/18/2000,BAF,MA,ANE,EN,Federal Contract Tower,0,1,9,0,10,0,0,68,0,68,0,1,77,0,78,62,0,62,140
11/19/2000,BAF,MA,ANE,EN,Federal Contract Tower,0,0,5,0,5,0,2,171,0,173,0,2,176,0,178,176,0,176,354
11/20/2000,BAF,MA,ANE,EN,Federal Contract Tower,0,1,16,6,23,0,0,57,25,82,0,1,73,31,105,96,26,122,227
11/21/2000,BAF,MA,ANE,EN,Federal Contract Tower,0,1,16,7,24,0,0,59,9,68,0,1,75,16,92,72,18,90,182
11/22/2000,BAF,MA,ANE,EN,Federal Contract Tower,0,2,10,3,15,0,3,26,9,38,0,5,36,12,53,40,32,72,125
11/23/2000,BAF,MA,ANE,EN,Federal Contract Tower,0,0,2,0,2,0,2,29,0,31,0,2,31,0,33,14,0,14,47
11/24/2000,BAF,MA,ANE,EN,Federal Contract Tower,0,1,5,2,8,0,0,86,0,86,0,1,91,2,94,62,2,64,158
11/25/2000,BAF,MA,ANE,EN,Federal Contract Tower,0,0,5,0,5,0,1,89,0,90,0,1,94,0,95,146,0,146,241
11/26/2000,BAF,MA,ANE,EN,Federal Contract Tower,0,1,6,0,7,0,5,0,0,5,0,6,6,0,12,0,0,0,12
11/27/2000,BAF,MA,ANE,EN,Federal Contract Tower,0,4,18,4,26,0,1,33,0,34,0,5,51,4,60,92,0,92,152
11/28/2000,BAF,MA,ANE,EN,Federal Contract Tower,0,3,15,6,24,0,0,72,12,84,0,3,87,18,108,106,6,112,220
11/29/2000,BAF,MA,ANE,EN,Federal Contract Tower,0,3,15,5,23,0,2,77,10,89,0,5,92,15,112,130,8,138,250
11/30/2000,BAF,MA,ANE,EN,Federal Contract Tower,0,3,16,6,25,0,2,2,20,24,0,5,18,26,49,8,26,34,83
12/01/2000,BAF,MA,ANE,EN,Federal Contract Tower,0,1,10,5,16,0,0,93,19,112,0,1,103,24,128,166,32,198,326
12/02/2000,BAF,MA,ANE,EN,Federal Contract Tower,0,1,7,3,11,0,0,90,18,108,0,1,97,21,119,120,26,146,265
12/03/2000,BAF,MA,ANE,EN,Federal Contract Tower,0,0,8,0,8,0,0,151,0,151,0,0,159,0,159,156,0,156,315
12/04/2000,BAF,MA,ANE,EN,Federal Contract Tower,0,4,8,4,16,0,0,52,0,52,0,4,60,4,68,134,0,134,202
12/05/2000,BAF,MA,ANE,EN,Federal Contract Tower,0,2,9,5,16,0,0,85,3,88,0,2,94,8,104,116,10,126,230
12/06/2000,BAF,MA,ANE,EN,Federal Contract Tower,0,4,8,3,15,0,0,34,11,45,0,4,42,14,60,46,10,56,116
12/07/2000,BAF,MA,ANE,EN,Federal Contract Tower,0,2,8,4,14,0,0,33,6,39,0,2,41,10,53,76,20,96,149
12/08/2000,BAF,MA,ANE,EN,Federal Contract Tower,0,4,19,0,23,0,0,10,0,10,0,4,29,0,33,8,0,8,41
12/09/2000,BAF,MA,ANE,EN,Federal Contract Tower,0,1,4,0,5,0,0,68,0,68,0,1,72,0,73,92,0,92,165
12/10/2000,BAF,MA,ANE,EN,Federal Contract Tower,0,0,3,0,3,0,1,91,0,92,0,1,94,0,95,106,0,106,201
12/11/2000,BAF,MA,ANE,EN,Federal Contract Tower,0,1,4,0,5,0,0,9,0,9,0,1,13,0,14,0,0,0,14
12/12/2000,BAF,MA,ANE,EN,Federal Contract Tower,0,2,5,5,12,0,1,0,21,22,0,3,5,26,34,0,14,14,48
12/13/2000,BAF,MA,ANE,EN,Federal Contract Tower,0,2,10,4,16,0,0,62,21,83,0,2,72,25,99,114,10,124,223
12/14/2000,BAF,MA,ANE,EN,Federal Contract Tower,0,0,1,0,1,0,0,0,0,0,0,0,1,0,1,0,0,0,1
12/15/2000,BAF,MA,ANE,EN,Federal Contract Tower,0,1,7,3,11,0,1,93,16,110,0,2,100,19,121,74,20,94,215
12/16/2000,BAF,MA,ANE,EN,Federal Contract Tower,0,0,5,0,5,0,0,31,0,31,0,0,36,0,36,122,0,122,158
12/17/2000,BAF,MA,ANE,EN,Federal Contract Tower,0,0,2,0,2,0,0,0,0,0,0,0,2,0,2,0,0,0,2
12/18/2000,BAF,MA,ANE,EN,Federal Contract Tower,0,0,8,0,8,0,0,57,0,57,0,0,65,0,65,12,0,12,77
12/19/2000,BAF,MA,ANE,EN,Federal Contract Tower,0,1,5,2,8,0,0,94,11,105,0,1,99,13,113,92,24,116,229
12/20/2000,BAF,MA,ANE,EN,Federal Contract Tower,0,2,9,4,15,0,7,0,11,18,0,9,9,15,33,10,2,12,45
12/21/2000,BAF,MA,ANE,EN,Federal Contract Tower,0,2,14,5,21,0,0,86,16,102,0,2,100,21,123,92,12,104,227
12/22/2000,BAF,MA,ANE,EN,Federal Contract Tower,0,1,5,2,8,0,0,27,6,33,0,1,32,8,41,62,6,68,109
12/23/2000,BAF,MA,ANE,EN,Federal Contract Tower,0,0,4,0,4,0,1,33,0,34,0,1,37,0,38,32,0,32,70
12/24/2000,BAF,MA,ANE,EN,Federal Contract Tower,0,0,1,0,1,0,1,52,0,53,0,1,53,0,54,46,0,46,100
12/25/2000,BAF,MA,ANE,EN,Federal Contract Tower,0,0,1,0,1,0,1,1,0,2,0,1,2,0,3,0,0,0,3
12/26/2000,BAF,MA,ANE,EN,Federal Contract Tower,0,1,7,2,10,0,0,8,12,20,0,1,15,14,30,6,12,18,48
12/27/2000,BAF,MA,ANE,EN,Federal Contract Tower,0,1,7,2,10,0,0,29,19,48,0,1,36,21,58,56,30,86,144
12/28/2000,BAF,MA,ANE,EN,Federal Contract Tower,0,2,12,5,19,0,1,22,13,36,0,3,34,18,55,16,14,30,85
12/29/2000,BAF,MA,ANE,EN,Federal Contract Tower,0,1,6,2,9,0,1,142,8,151,0,2,148,10,160,154,10,164,324
12/30/2000,BAF,MA,ANE,EN,Federal Contract Tower,0,0,0,0,0,0,1,0,0,1,0,1,0,0,1,0,0,0,1
12/31/2000,BAF,MA,ANE,EN,Federal Contract Tower,0,0,2,0,2,0,0,3,0,3,0,0,5,0,5,0,0,0,5
01/01/2001,BAF,MA,ANE,EN,Federal Contract Tower,0,0,1,0,1,0,0,68,0,68,0,0,69,0,69,132,0,132,201
01/02/2001,BAF,MA,ANE,EN,Federal Contract Tower,0,4,9,4,17,0,0,52,10,62,0,4,61,14,79,78,44,122,201
01/03/2001,BAF,MA,ANE,EN,Federal Contract Tower,0,0,7,4,11,0,0,67,18,85,0,0,74,22,96,130,12,142,238
01/04/2001,BAF,MA,ANE,EN,Federal Contract Tower,0,3,12,4,19,0,0,44,20,64,0,3,56,24,83,62,32,94,177
01/05/2001,BAF,MA,ANE,EN,Federal Contract Tower,0,2,6,2,10,0,0,42,14,56,0,2,48,16,66,50,16,66,132
01/06/2001,BAF,MA,ANE,EN,Federal Contract Tower,0,0,4,2,6,0,0,56,14,70,0,0,60,16,76,66,74,140,216
01/07/2001,BAF,MA,ANE,EN,Federal Contract Tower,0,0,6,0,6,0,0,132,0,132,0,0,138,0,138,124,16,140,278
01/08/2001,BAF,MA,ANE,EN,Federal Contract Tower,0,1,4,2,7,0,0,29,0,29,0,1,33,2,36,76,0,76,112
01/09/2001,BAF,MA,ANE,EN,Federal Contract Tower,0,1,9,3,13,0,0,3,14,17,0,1,12,17,30,10,8,18,48
01/10/2001,BAF,MA,ANE,EN,Federal Contract Tower,0,0,10,4,14,0,0,40,20,60,0,0,50,24,74,30,36,66,140
01/11/2001,BAF,MA,ANE,EN,Federal Contract Tower,0,2,18,8,28,0,0,50,22,72,0,2,68,30,100,44,12,56,156
01/12/2001,BAF,MA,ANE,EN,Federal Contract Tower,0,1,6,3,10,0,0,116,17,133,0,1,122,20,143,104,2,106,249
01/13/2001,BAF,MA,ANE,EN,Federal Contract Tower,0,0,7,3,10,0,0,138,3,141,0,0,145,6,151,124,6,130,281
01/14/2001,BAF,MA,ANE,EN,Federal Contract Tower,0,3,8,0,11,0,0,109,0,109,0,3,117,0,120,120,0,120,240
01/15/2001,BAF,MA,ANE,EN,Federal Contract Tower,0,0,3,0,3,0,1,0,0,1,0,1,3,0,4,0,0,0,4
01/16/2001,BAF,MA,ANE,EN,Federal Contract Tower,0,1,6,0,7,0,0,3,0,3,0,1,9,0,10,32,2,34,44
01/17/2001,BAF,MA,ANE,EN,Federal Contract Tower,0,2,11,5,18,0,0,59,4,63,0,2,70,9,81,70,12,82,163
01/18/2001,BAF,MA,ANE,EN,Federal Contract Tower,0,2,9,3,14,0,0,64,1,65,0,2,73,4,79,34,0,34,113
01/19/2001,BAF,MA,ANE,EN,Federal Contract Tower,0,1,5,0,6,0,0,2,0,2,0,1,7,0,8,0,0,0,8
01/20/2001,BAF,MA,ANE,EN,Federal Contract Tower,0,0,4,0,4,0,1,7,0,8,0,1,11,0,12,0,0,0,12
01/21/2001,BAF,MA,ANE,EN,Federal Contract Tower,0,1,5,0,6,0,3,6,0,9,0,4,11,0,15,12,0,12,27
01/22/2001,BAF,MA,ANE,EN,Federal Contract Tower,0,1,6,0,7,0,1,47,0,48,0,2,53,0,55,40,0,40,95
01/23/2001,BAF,MA,ANE,EN,Federal Contract Tower,0,1,7,0,8,0,3,76,0,79,0,4,83,0,87,96,6,102,189
01/24/2001,BAF,MA,ANE,EN,Federal Contract Tower,0,1,7,3,11,0,3,51,0,54,0,4,58,3,65,50,6,56,121
01/25/2001,BAF,MA,ANE,EN,Federal Contract Tower,0,1,6,1,8,0,1,63,0,64,0,2,69,1,72,36,4,40,112
01/26/2001,BAF,MA,ANE,EN,Federal Contract Tower,0,0,4,2,6,0,0,97,2,99,0,0,101,4,105,84,2,86,191
01/27/2001,BAF,MA,ANE,EN,Federal Contract Tower,0,1,8,0,9,0,1,30,0,31,0,2,38,0,40,76,0,76,116
01/28/2001,BAF,MA,ANE,EN,Federal Contract Tower,0,2,10,2,14,0,3,69,0,72,0,5,79,2,86,72,2,74,160
01/29/2001,BAF,MA,ANE,EN,Federal Contract Tower,0,1,8,0,9,0,1,51,0,52,0,2,59,0,61,70,0,70,131
01/30/2001,BAF,MA,ANE,EN,Federal Contract Tower,0,1,5,0,6,0,2,0,0,2,0,3,5,0,8,0,0,0,8
01/31/2001,BAF,MA,ANE,EN,Federal Contract Tower,0,2,9,0,11,0,0,12,0,12,0,2,21,0,23,34,10,44,67
02/01/2001,BAF,MA,ANE,EN,Federal Contract Tower,0,3,9,2,14,0,4,56,0,60,0,7,65,2,74,50,14,64,138
02/02/2001,BAF,MA,ANE,EN,Federal Contract Tower,0,6,12,5,23,0,1,21,0,22,0,7,33,5,45,46,8,54,99
02/03/2001,BAF,MA,ANE,EN,Federal Contract Tower,0,2,5,0,7,0,0,45,0,45,0,2,50,0,52,56,4,60,112
02/04/2001,BAF,MA,ANE,EN,Federal Contract Tower,0,1,6,3,10,0,0,94,4,98,0,1,100,7,108,122,0,122,230
02/05/2001,BAF,MA,ANE,EN,Federal Contract Tower,0,2,2,1,5,0,0,0,1,1,0,2,2,2,6,0,0,0,6
02/06/2001,BAF,MA,ANE,EN,Federal Contract Tower,0,0,2,0,2,0,0,4,16,20,0,0,6,16,22,2,60,62,84
02/07/2001,BAF,MA,ANE,EN,Federal Contract Tower,0,3,7,3,13,0,0,37,2,39,0,3,44,5,52,36,2,38,90
02/08/2001,BAF,MA,ANE,EN,Federal Contract Tower,0,4,10,1,15,0,1,18,0,19,0,5,28,1,34,28,0,28,62
02/09/2001,BAF,MA,ANE,EN,Federal Contract Tower,0,2,6,0,8,0,2,1,0,3,0,4,7,0,11,0,0,0,11
02/10/2001,BAF,MA,ANE,EN,Federal Contract Tower,0,0,0,0,0,0,0,1,0,1,0,0,1,0,1,2,0,2,3
02/11/2001,BAF,MA,ANE,EN,Federal Contract Tower,0,0,1,0,1,0,0,10,0,10,0,0,11,0,11,4,0,4,15
02/12/2001,BAF,MA,ANE,EN,Federal Contract Tower,0,2,9,3,14,0,3,65,0,68,0,5,74,3,82,60,4,64,146
02/13/2001,BAF,MA,ANE,EN,Federal Contract Tower,0,5,18,8,31,0,0,73,15,88,0,5,91,23,119,96,8,104,223
02/14/2001,BAF,MA,ANE,EN,Federal Contract Tower,0,1,8,0,9,0,0,30,0,30,0,1,38,0,39,50,10,60,99
02/15/2001,BAF,MA,ANE,EN,Federal Contract Tower,0,4,18,7,29,0,0,45,15,60,0,4,63,22,89,91,10,101,190
02/16/2001,BAF,MA,ANE,EN,Federal Contract Tower,0,1,6,3,10,0,1,26,5,32,0,2,32,8,42,16,30,46,88
02/17/2001,BAF,MA,ANE,EN,Federal Contract Tower,0,0,3,0,3,0,0,7,3,10,0,0,10,3,13,0,0,0,13
02/18/2001,BAF,MA,ANE,EN,Federal Contract Tower,0,0,4,0,4,0,0,138,0,138,0,0,142,0,142,176,0,176,318
02/19/2001,BAF,MA,ANE,EN,Federal Contract Tower,0,2,9,0,11,0,4,88,0,92,0,6,97,0,103,162,0,162,265
02/20/2001,BAF,MA,ANE,EN,Federal Contract Tower,0,4,14,6,24,0,0,72,18,90,0,4,86,24,114,102,8,110,224
02/21/2001,BAF,MA,ANE,EN,Federal Contract Tower,0,2,13,6,21,0,0,1,12,13,0,2,14,18,34,4,26,30,64
02/22/2001,BAF,MA,ANE,EN,Federal Contract Tower,0,1,9,3,13,0,0,64,9,73,0,1,73,12,86,97,28,125,211
02/23/2001,BAF,MA,ANE,EN,Federal Contract Tower,0,4,17,7,28,0,0,28,5,33,0,4,45,12,61,32,0,32,93
02/24/2001,BAF,MA,ANE,EN,Federal Contract Tower,0,1,9,0,10,0,0,138,0,138,0,1,147,0,148,274,0,274,422
02/25/2001,BAF,MA,ANE,EN,Federal Contract Tower,0,0,0,0,0,0,0,0,0,0,0,0,0,0,0,0,0,0,0
02/26/2001,BAF,MA,ANE,EN,Federal Contract Tower,0,1,7,0,8,0,3,16,0,19,0,4,23,0,27,16,0,16,43
02/27/2001,BAF,MA,ANE,EN,Federal Contract Tower,0,2,16,6,24,0,0,58,16,74,0,2,74,22,98,76,10,86,184
02/28/2001,BAF,MA,ANE,EN,Federal Contract Tower,0,0,6,3,9,0,0,38,19,57,0,0,44,22,66,48,8,56,122
03/01/2001,BAF,MA,ANE,EN,Federal Contract Tower,0,1,18,6,25,0,0,44,27,71,0,1,62,33,96,86,10,96,192
03/02/2001,BAF,MA,ANE,EN,Federal Contract Tower,0,3,15,1,19,0,1,5,0,6,0,4,20,1,25,0,2,2,27
03/03/2001,BAF,MA,ANE,EN,Federal Contract Tower,0,0,8,0,8,0,0,54,0,54,0,0,62,0,62,156,0,156,218
03/04/2001,BAF,MA,ANE,EN,Federal Contract Tower,0,0,19,2,21,0,0,36,0,36,0,0,55,2,57,112,10,122,179
03/05/2001,BAF,MA,ANE,EN,Federal Contract Tower,0,0,0,0,0,0,0,0,0,0,0,0,0,0,0,0,0,0,0
03/06/2001,BAF,MA,ANE,EN,Federal Contract Tower,0,0,0,0,0,0,0,0,0,0,0,0,0,0,0,0,0,0,0
03/07/2001,BAF,MA,ANE,EN,Federal Contract Tower,0,1,13,5,19,0,0,35,13,48,0,1,48,18,67,38,8,46,113
03/08/2001,BAF,MA,ANE,EN,Federal Contract Tower,0,1,21,7,29,0,0,38,34,72,0,1,59,41,101,68,40,108,209
03/09/2001,BAF,MA,ANE,EN,Federal Contract Tower,0,0,7,2,9,0,0,10,2,12,0,0,17,4,21,20,0,20,41
03/10/2001,BAF,MA,ANE,EN,Federal Contract Tower,0,0,9,3,12,0,0,23,13,36,0,0,32,16,48,16,22,38,86
03/11/2001,BAF,MA,ANE,EN,Federal Contract Tower,0,0,3,0,3,0,0,131,0,131,0,0,134,0,134,90,0,90,224
03/12/2001,BAF,MA,ANE,EN,Federal Contract Tower,0,1,5,2,8,0,0,111,0,111,0,1,116,2,119,150,6,156,275
03/13/2001,BAF,MA,ANE,EN,Federal Contract Tower,0,2,8,2,12,0,5,0,0,5,0,7,8,2,17,0,2,2,19
03/14/2001,BAF,MA,ANE,EN,Federal Contract Tower,0,2,19,7,28,0,0,38,17,55,0,2,57,24,83,32,24,56,139
03/15/2001,BAF,MA,ANE,EN,Federal Contract Tower,0,2,12,4,18,0,1,72,15,88,0,3,84,19,106,68,6,74,180
03/16/2001,BAF,MA,ANE,EN,Federal Contract Tower,0,1,11,5,17,0,1,86,15,102,0,2,97,20,119,118,24,142,261
03/17/2001,BAF,MA,ANE,EN,Federal Contract Tower,0,0,1,1,2,0,0,140,7,147,0,0,141,8,149,188,32,220,369
03/18/2001,BAF,MA,ANE,EN,Federal Contract Tower,0,0,3,0,3,0,2,53,0,55,0,2,56,0,58,102,0,102,160
03/19/2001,BAF,MA,ANE,EN,Federal Contract Tower,0,0,4,0,4,0,0,68,0,68,0,0,72,0,72,110,0,110,182
03/20/2001,BAF,MA,ANE,EN,Federal Contract Tower,0,1,18,5,24,0,0,134,15,149,0,1,152,20,173,182,40,222,395
03/21/2001,BAF,MA,ANE,EN,Federal Contract Tower,0,0,13,5,18,0,0,42,9,51,0,0,55,14,69,76,30,106,175
03/22/2001,BAF,MA,ANE,EN,Federal Contract Tower,0,1,9,0,10,0,1,1,0,2,0,2,10,0,12,0,0,0,12
03/23/2001,BAF,MA,ANE,EN,Federal Contract Tower,0,1,20,6,27,0,0,4,17,21,0,1,24,23,48,14,12,26,74
03/24/2001,BAF,MA,ANE,EN,Federal Contract Tower,0,0,9,0,9,0,0,52,0,52,0,0,61,0,61,68,0,68,129
03/25/2001,BAF,MA,ANE,EN,Federal Contract Tower,0,1,8,0,9,0,2,103,0,105,0,3,111,0,114,114,0,114,228
03/26/2001,BAF,MA,ANE,EN,Federal Contract Tower,0,0,7,0,7,0,0,17,0,17,0,0,24,0,24,56,10,66,90
03/27/2001,BAF,MA,ANE,EN,Federal Contract Tower,0,1,13,4,18,0,0,50,25,75,0,1,63,29,93,66,12,78,171
03/28/2001,BAF,MA,ANE,EN,Federal Contract Tower,0,2,22,7,31,0,1,53,17,71,0,3,75,24,102,66,18,84,186
03/29/2001,BAF,MA,ANE,EN,Federal Contract Tower,0,2,15,5,22,0,4,89,8,101,0,6,104,13,123,32,30,62,185
03/30/2001,BAF,MA,ANE,EN,Federal Contract Tower,0,0,7,0,7,0,1,1,0,2,0,1,8,0,9,0,0,0,9
03/31/2001,BAF,MA,ANE,EN,Federal Contract Tower,0,1,8,0,9,0,1,97,0,98,0,2,105,0,107,144,0,144,251
04/01/2001,BAF,MA,ANE,EN,Federal Contract Tower,0,8,8,0,16,0,0,22,0,22,0,8,30,0,38,42,0,42,80
04/02/2001,BAF,MA,ANE,EN,Federal Contract Tower,0,2,14,1,17,0,0,43,1,44,0,2,57,2,61,92,0,92,153
04/03/2001,BAF,MA,ANE,EN,Federal Contract Tower,0,1,11,6,18,0,0,82,19,101,0,1,93,25,119,90,16,106,225
04/04/2001,BAF,MA,ANE,EN,Federal Contract Tower,0,2,14,7,23,0,4,109,21,134,0,6,123,28,157,78,30,108,265
04/05/2001,BAF,MA,ANE,EN,Federal Contract Tower,0,2,12,6,20,0,4,95,13,112,0,6,107,19,132,108,20,128,260
04/06/2001,BAF,MA,ANE,EN,Federal Contract Tower,0,0,11,6,17,0,0,32,7,39,0,0,43,13,56,46,16,62,118
04/07/2001,BAF,MA,ANE,EN,Federal Contract Tower,0,0,11,0,11,0,0,7,0,7,0,0,18,0,18,0,0,0,18
04/08/2001,BAF,MA,ANE,EN,Federal Contract Tower,0,0,3,0,3,0,0,75,0,75,0,0,78,0,78,86,0,86,164
04/09/2001,BAF,MA,ANE,EN,Federal Contract Tower,0,0,4,2,6,0,0,68,0,68,0,0,72,2,74,52,4,56,130
04/10/2001,BAF,MA,ANE,EN,Federal Contract Tower,0,1,7,2,10,0,0,89,18,107,0,1,96,20,117,122,14,136,253
04/11/2001,BAF,MA,ANE,EN,Federal Contract Tower,0,2,14,5,21,0,1,87,12,100,0,3,101,17,121,98,20,118,239
04/12/2001,BAF,MA,ANE,EN,Federal Contract Tower,0,0,7,2,9,0,0,2,0,2,0,0,9,2,11,0,0,0,11
04/13/2001,BAF,MA,ANE,EN,Federal Contract Tower,0,1,23,10,34,0,0,42,4,46,0,1,65,14,80,70,22,92,172
04/14/2001,BAF,MA,ANE,EN,Federal Contract Tower,0,0,8,0,8,0,0,100,0,100,0,0,108,0,108,112,0,112,220
04/15/2001,BAF,MA,ANE,EN,Federal Contract Tower,0,0,6,0,6,0,5,80,0,85,0,5,86,0,91,64,0,64,155
04/16/2001,BAF,MA,ANE,EN,Federal Contract Tower,0,1,10,2,13,0,0,64,0,64,0,1,74,2,77,130,0,130,207
04/17/2001,BAF,MA,ANE,EN,Federal Contract Tower,0,2,16,7,25,0,0,51,19,70,0,2,67,26,95,32,16,48,143
04/18/2001,BAF,MA,ANE,EN,Federal Contract Tower,0,1,7,3,11,0,0,16,33,49,0,1,23,36,60,14,20,34,94
04/19/2001,BAF,MA,ANE,EN,Federal Contract Tower,0,1,12,5,18,0,0,78,17,95,0,1,90,22,113,60,28,88,201
04/20/2001,BAF,MA,ANE,EN,Federal Contract Tower,0,3,20,8,31,0,0,110,16,126,0,3,130,24,157,136,14,150,307
04/21/2001,BAF,MA,ANE,EN,Federal Contract Tower,0,0,18,8,26,0,0,85,19,104,0,0,103,27,130,218,60,278,408
04/22/2001,BAF,MA,ANE,EN,Federal Contract Tower,0,2,11,0,13,0,1,68,0,69,0,3,79,0,82,122,0,122,204
04/23/2001,BAF,MA,ANE,EN,Federal Contract Tower,0,0,7,0,7,0,0,62,0,62,0,0,69,0,69,86,4,90,159
04/24/2001,BAF,MA,ANE,EN,Federal Contract Tower,0,2,2,3,7,0,0,24,8,32,0,2,26,11,39,58,6,64,103
04/25/2001,BAF,MA,ANE,EN,Federal Contract Tower,0,1,3,7,11,0,0,52,17,69,0,1,55,24,80,98,14,112,192
04/26/2001,BAF,MA,ANE,EN,Federal Contract Tower,0,1,9,4,14,0,0,88,24,112,0,1,97,28,126,122,12,134,260
04/27/2001,BAF,MA,ANE,EN,Federal Contract Tower,0,1,8,3,12,0,0,99,20,119,0,1,107,23,131,126,26,152,283
04/28/2001,BAF,MA,ANE,EN,Federal Contract Tower,0,0,4,0,4,0,0,84,0,84,0,0,88,0,88,66,0,66,154
04/29/2001,BAF,MA,ANE,EN,Federal Contract Tower,0,4,5,0,9,0,0,155,0,155,0,4,160,0,164,126,0,126,290
04/30/2001,BAF,MA,ANE,EN,Federal Contract Tower,0,2,6,0,8,0,0,72,0,72,0,2,78,0,80,82,0,82,162
05/01/2001,BAF,MA,ANE,EN,Federal Contract Tower,0,1,13,8,22,0,0,77,33,110,0,1,90,41,132,96,41,137,269
05/02/2001,BAF,MA,ANE,EN,Federal Contract Tower,0,2,4,6,12,0,0,63,12,75,0,2,67,18,87,34,10,44,131
05/03/2001,BAF,MA,ANE,EN,Federal Contract Tower,0,0,9,2,11,0,0,64,12,76,0,0,73,14,87,88,12,100,187
05/04/2001,BAF,MA,ANE,EN,Federal Contract Tower,0,1,23,5,29,0,0,73,8,81,0,1,96,13,110,112,16,128,238
05/05/2001,BAF,MA,ANE,EN,Federal Contract Tower,0,1,13,4,18,0,0,72,9,81,0,1,85,13,99,108,24,132,231
05/06/2001,BAF,MA,ANE,EN,Federal Contract Tower,0,1,6,0,7,0,0,129,0,129,0,1,135,0,136,86,4,90,226
05/07/2001,BAF,MA,ANE,EN,Federal Contract Tower,0,2,10,0,12,0,0,67,4,71,0,2,77,4,83,104,8,112,195
05/08/2001,BAF,MA,ANE,EN,Federal Contract Tower,0,2,5,6,13,0,0,124,25,149,0,2,129,31,162,112,34,146,308
05/09/2001,BAF,MA,ANE,EN,Federal Contract Tower,0,1,13,7,21,0,1,88,17,106,0,2,101,24,127,142,16,158,285
05/10/2001,BAF,MA,ANE,EN,Federal Contract Tower,0,1,21,5,27,0,3,98,18,119,0,4,119,23,146,108,26,134,280
05/11/2001,BAF,MA,ANE,EN,Federal Contract Tower,0,1,18,4,23,0,4,73,22,99,0,5,91,26,122,94,40,134,256
05/12/2001,BAF,MA,ANE,EN,Federal Contract Tower,0,0,9,0,9,0,0,86,2,88,0,0,95,2,97,112,0,112,209
05/13/2001,BAF,MA,ANE,EN,Federal Contract Tower,0,4,4,0,8,0,0,76,0,76,0,4,80,0,84,70,0,70,154
05/14/2001,BAF,MA,ANE,EN,Federal Contract Tower,0,3,12,2,17,0,0,46,0,46,0,3,58,2,63,78,0,78,141
05/15/2001,BAF,MA,ANE,EN,Federal Contract Tower,0,1,4,4,9,0,0,23,18,41,0,1,27,22,50,10,28,38,88
05/16/2001,BAF,MA,ANE,EN,Federal Contract Tower,0,1,33,8,42,0,0,34,13,47,0,1,67,21,89,132,24,156,245
05/17/2001,BAF,MA,ANE,EN,Federal Contract Tower,0,0,13,2,15,0,0,100,23,123,0,0,113,25,138,142,24,166,304
05/18/2001,BAF,MA,ANE,EN,Federal Contract Tower,0,3,47,0,50,0,0,34,0,34,0,3,81,0,84,52,0,52,136
05/19/2001,BAF,MA,ANE,EN,Federal Contract Tower,0,0,14,0,14,0,0,89,0,89,0,0,103,0,103,146,0,146,249
05/20/2001,BAF,MA,ANE,EN,Federal Contract Tower,0,3,17,0,20,0,0,137,0,137,0,3,154,0,157,116,0,116,273
05/21/2001,BAF,MA,ANE,EN,Federal Contract Tower,0,1,12,5,18,0,0,57,1,58,0,1,69,6,76,84,24,108,184
05/22/2001,BAF,MA,ANE,EN,Federal Contract Tower,0,2,30,1,33,0,0,0,0,0,0,2,30,1,33,14,0,14,47
05/23/2001,BAF,MA,ANE,EN,Federal Contract Tower,0,1,42,0,43,0,0,2,0,2,0,1,44,0,45,6,8,14,59
05/24/2001,BAF,MA,ANE,EN,Federal Contract Tower,0,0,28,0,28,0,0,0,2,2,0,0,28,2,30,26,2,28,58
05/25/2001,BAF,MA,ANE,EN,Federal Contract Tower,0,2,33,7,42,0,4,50,2,56,0,6,83,9,98,78,4,82,180
05/26/2001,BAF,MA,ANE,EN,Federal Contract Tower,0,0,11,0,11,0,0,17,0,17,0,0,28,0,28,68,4,72,100
05/27/2001,BAF,MA,ANE,EN,Federal Contract Tower,0,0,14,0,14,0,0,0,0,0,0,0,14,0,14,14,0,14,28
05/28/2001,BAF,MA,ANE,EN,Federal Contract Tower,0,1,15,1,17,0,0,12,11,23,0,1,27,12,40,26,36,62,102
05/29/2001,BAF,MA,ANE,EN,Federal Contract Tower,0,0,11,7,18,0,0,53,11,64,0,0,64,18,82,134,18,152,234
05/30/2001,BAF,MA,ANE,EN,Federal Contract Tower,0,0,6,3,9,0,0,32,8,40,0,0,38,11,49,20,4,24,73
05/31/2001,BAF,MA,ANE,EN,Federal Contract Tower,0,2,17,8,27,0,0,54,1,55,0,2,71,9,82,72,36,108,190
06/01/2001,BAF,MA,ANE,EN,Federal Contract Tower,0,1,15,7,23,0,0,102,14,116,0,1,117,21,139,74,36,110,249
06/02/2001,BAF,MA,ANE,EN,Federal Contract Tower,0,1,10,0,11,0,0,0,0,0,0,1,10,0,11,4,0,4,15
06/03/2001,BAF,MA,ANE,EN,Federal Contract Tower,0,2,11,0,13,0,0,1,0,1,0,2,12,0,14,0,0,0,14
06/04/2001,BAF,MA,ANE,EN,Federal Contract Tower,0,0,18,2,20,0,0,45,0,45,0,0,63,2,65,54,0,54,119
06/05/2001,BAF,MA,ANE,EN,Federal Contract Tower,0,1,16,6,23,0,0,92,15,107,0,1,108,21,130,160,20,180,310
06/06/2001,BAF,MA,ANE,EN,Federal Contract Tower,0,0,6,9,15,0,0,68,7,75,0,0,74,16,90,80,20,100,190
06/07/2001,BAF,MA,ANE,EN,Federal Contract Tower,0,1,10,5,16,0,0,119,7,126,0,1,129,12,142,118,16,134,276
06/08/2001,BAF,MA,ANE,EN,Federal Contract Tower,0,2,14,7,23,0,0,112,11,123,0,2,126,18,146,124,8,132,278
06/09/2001,BAF,MA,ANE,EN,Federal Contract Tower,0,0,10,0,10,0,0,146,0,146,0,0,156,0,156,44,0,44,200
06/10/2001,BAF,MA,ANE,EN,Federal Contract Tower,0,1,17,0,18,0,0,120,0,120,0,1,137,0,138,86,0,86,224
06/11/2001,BAF,MA,ANE,EN,Federal Contract Tower,0,4,10,0,14,0,0,22,0,22,0,4,32,0,36,20,0,20,56
06/12/2001,BAF,MA,ANE,EN,Federal Contract Tower,0,0,22,9,31,0,0,83,18,101,0,0,105,27,132,128,52,180,312
06/13/2001,BAF,MA,ANE,EN,Federal Contract Tower,0,3,13,5,21,0,0,72,9,81,0,3,85,14,102,86,6,92,194
06/14/2001,BAF,MA,ANE,EN,Federal Contract Tower,0,2,17,5,24,0,0,44,10,54,0,2,61,15,78,94,4,98,176
06/15/2001,BAF,MA,ANE,EN,Federal Contract Tower,0,1,18,4,23,0,0,39,9,48,0,1,57,13,71,48,6,54,125
06/16/2001,BAF,MA,ANE,EN,Federal Contract Tower,0,0,20,3,23,0,0,85,17,102,0,0,105,20,125,176,14,190,315
06/17/2001,BAF,MA,ANE,EN,Federal Contract Tower,0,1,16,0,17,0,0,5,0,5,0,1,21,0,22,10,0,10,32
06/18/2001,BAF,MA,ANE,EN,Federal Contract Tower,0,2,9,0,11,0,0,112,3,115,0,2,121,3,126,146,0,146,272
06/19/2001,BAF,MA,ANE,EN,Federal Contract Tower,0,0,3,8,11,0,0,123,6,129,0,0,126,14,140,88,6,94,234
06/20/2001,BAF,MA,ANE,EN,Federal Contract Tower,0,1,13,4,18,0,2,49,6,57,0,3,62,10,75,78,12,90,165
06/21/2001,BAF,MA,ANE,EN,Federal Contract Tower,0,0,10,7,17,0,0,51,7,58,0,0,61,14,75,65,4,69,144
06/22/2001,BAF,MA,ANE,EN,Federal Contract Tower,0,2,30,1,33,0,0,21,1,22,0,2,51,2,55,42,2,44,99
06/23/2001,BAF,MA,ANE,EN,Federal Contract Tower,0,0,7,0,7,0,0,7,0,7,0,0,14,0,14,38,0,38,52
06/24/2001,BAF,MA,ANE,EN,Federal Contract Tower,0,0,21,0,21,0,0,63,0,63,0,0,84,0,84,144,0,144,228
06/25/2001,BAF,MA,ANE,EN,Federal Contract Tower,0,0,15,0,15,0,0,126,0,126,0,0,141,0,141,154,0,154,295
06/26/2001,BAF,MA,ANE,EN,Federal Contract Tower,0,2,10,2,14,0,0,144,11,155,0,2,154,13,169,188,12,200,369
06/27/2001,BAF,MA,ANE,EN,Federal Contract Tower,0,1,8,4,13,0,0,111,7,118,0,1,119,11,131,88,0,88,219
06/28/2001,BAF,MA,ANE,EN,Federal Contract Tower,0,1,14,2,17,0,0,102,6,108,0,1,116,8,125,118,4,122,247
06/29/2001,BAF,MA,ANE,EN,Federal Contract Tower,0,1,15,3,19,0,0,112,2,114,0,1,127,5,133,108,4,112,245
06/30/2001,BAF,MA,ANE,EN,Federal Contract Tower,0,0,19,1,20,0,0,66,0,66,0,0,85,1,86,106,10,116,202
07/01/2001,BAF,MA,ANE,EN,Federal Contract Tower,0,0,9,0,9,0,0,54,0,54,0,0,63,0,63,98,0,98,161
07/02/2001,BAF,MA,ANE,EN,Federal Contract Tower,0,3,2,0,5,0,2,47,1,50,0,5,49,1,55,102,14,116,171
07/03/2001,BAF,MA,ANE,EN,Federal Contract Tower,0,0,7,2,9,0,1,121,10,132,0,1,128,12,141,258,10,268,409
07/04/2001,BAF,MA,ANE,EN,Federal Contract Tower,0,0,8,0,8,0,0,58,14,72,0,0,66,14,80,84,64,148,228
07/05/2001,BAF,MA,ANE,EN,Federal Contract Tower,0,7,12,6,25,0,0,68,14,82,0,7,80,20,107,98,2,100,207
07/06/2001,BAF,MA,ANE,EN,Federal Contract Tower,0,0,18,3,21,0,1,127,8,136,0,1,145,11,157,172,0,172,329
07/07/2001,BAF,MA,ANE,EN,Federal Contract Tower,0,3,2,0,5,0,0,152,6,158,0,3,154,6,163,184,0,184,347
07/08/2001,BAF,MA,ANE,EN,Federal Contract Tower,0,0,34,0,34,0,0,0,0,0,0,0,34,0,34,50,0,50,84
07/09/2001,BAF,MA,ANE,EN,Federal Contract Tower,0,0,12,1,13,0,0,99,2,101,0,0,111,3,114,154,6,160,274
07/10/2001,BAF,MA,ANE,EN,Federal Contract Tower,0,0,7,3,10,0,0,58,9,67,0,0,65,12,77,22,20,42,119
07/11/2001,BAF,MA,ANE,EN,Federal Contract Tower,0,0,17,7,24,0,0,50,9,59,0,0,67,16,83,68,12,80,163
07/12/2001,BAF,MA,ANE,EN,Federal Contract Tower,0,1,8,8,17,0,0,70,9,79,0,1,78,17,96,64,22,86,182
07/13/2001,BAF,MA,ANE,EN,Federal Contract Tower,0,2,11,4,17,0,0,130,7,137,0,2,141,11,154,168,2,170,324
07/14/2001,BAF,MA,ANE,EN,Federal Contract Tower,0,0,11,1,12,0,0,109,0,109,0,0,120,1,121,184,0,184,305
07/15/2001,BAF,MA,ANE,EN,Federal Contract Tower,0,0,7,1,8,0,0,139,0,139,0,0,146,1,147,106,0,106,253
07/16/2001,BAF,MA,ANE,EN,Federal Contract Tower,0,0,10,2,12,0,0,84,0,84,0,0,94,2,96,130,0,130,226
07/17/2001,BAF,MA,ANE,EN,Federal Contract Tower,0,3,12,9,24,0,0,21,3,24,0,3,33,12,48,40,2,42,90
07/18/2001,BAF,MA,ANE,EN,Federal Contract Tower,0,2,23,3,28,0,0,93,10,103,0,2,116,13,131,64,6,70,201
07/19/2001,BAF,MA,ANE,EN,Federal Contract Tower,0,2,19,4,25,0,1,93,4,98,0,3,112,8,123,160,12,172,295
07/20/2001,BAF,MA,ANE,EN,Federal Contract Tower,0,2,9,5,16,0,0,105,7,112,0,2,114,12,128,102,6,108,236
07/21/2001,BAF,MA,ANE,EN,Federal Contract Tower,0,0,12,0,12,0,0,155,0,155,0,0,167,0,167,110,0,110,277
07/22/2001,BAF,MA,ANE,EN,Federal Contract Tower,0,0,17,0,17,0,0,114,0,114,0,0,131,0,131,166,0,166,297
07/23/2001,BAF,MA,ANE,EN,Federal Contract Tower,0,5,6,0,11,0,0,54,4,58,0,5,60,4,69,84,12,96,165
07/24/2001,BAF,MA,ANE,EN,Federal Contract Tower,0,0,13,7,20,0,0,65,7,72,0,0,78,14,92,16,6,22,114
07/25/2001,BAF,MA,ANE,EN,Federal Contract Tower,0,2,8,6,16,0,0,57,7,64,0,2,65,13,80,128,18,146,226
07/26/2001,BAF,MA,ANE,EN,Federal Contract Tower,0,0,13,3,16,0,0,18,3,21,0,0,31,6,37,42,12,54,91
07/27/2001,BAF,MA,ANE,EN,Federal Contract Tower,0,2,20,2,24,0,0,128,4,132,0,2,148,6,156,94,6,100,256
07/28/2001,BAF,MA,ANE,EN,Federal Contract Tower,0,0,6,0,6,0,0,85,0,85,0,0,91,0,91,142,0,142,233
07/29/2001,BAF,MA,ANE,EN,Federal Contract Tower,0,0,12,0,12,0,0,87,0,87,0,0,99,0,99,122,0,122,221
07/30/2001,BAF,MA,ANE,EN,Federal Contract Tower,0,0,9,0,9,0,0,64,6,70,0,0,73,6,79,102,8,110,189
07/31/2001,BAF,MA,ANE,EN,Federal Contract Tower,0,2,0,3,5,0,0,99,11,110,0,2,99,14,115,136,14,150,265
08/01/2001,BAF,MA,ANE,EN,Federal Contract Tower,0,1,13,4,18,0,0,109,16,125,0,1,122,20,143,60,34,94,237
08/02/2001,BAF,MA,ANE,EN,Federal Contract Tower,0,0,5,3,8,0,0,75,9,84,0,0,80,12,92,128,8,136,228
08/03/2001,BAF,MA,ANE,EN,Federal Contract Tower,0,2,15,8,25,0,0,51,4,55,0,2,66,12,80,84,12,96,176
08/04/2001,BAF,MA,ANE,EN,Federal Contract Tower,0,0,27,0,27,0,0,25,0,25,0,0,52,0,52,88,0,88,140
08/05/2001,BAF,MA,ANE,EN,Federal Contract Tower,0,0,32,0,32,0,0,34,0,34,0,0,66,0,66,58,0,58,124
08/06/2001,BAF,MA,ANE,EN,Federal Contract Tower,0,0,10,0,10,0,0,64,0,64,0,0,74,0,74,88,8,96,170
08/07/2001,BAF,MA,ANE,EN,Federal Contract Tower,0,0,13,4,17,0,0,64,8,72,0,0,77,12,89,88,10,98,187
08/08/2001,BAF,MA,ANE,EN,Federal Contract Tower,0,3,16,5,24,0,0,96,5,101,0,3,112,10,125,70,12,82,207
08/09/2001,BAF,MA,ANE,EN,Federal Contract Tower,0,4,7,5,16,0,0,50,18,68,0,4,57,23,84,32,34,66,150
08/10/2001,BAF,MA,ANE,EN,Federal Contract Tower,0,3,12,3,18,0,0,34,4,38,0,3,46,7,56,50,0,50,106
08/11/2001,BAF,MA,ANE,EN,Federal Contract Tower,0,2,12,0,14,0,0,121,2,123,0,2,133,2,137,138,0,138,275
08/12/2001,BAF,MA,ANE,EN,Federal Contract Tower,0,0,26,0,26,0,0,0,0,0,0,0,26,0,26,4,0,4,30
08/13/2001,BAF,MA,ANE,EN,Federal Contract Tower,0,0,20,1,21,0,0,7,2,9,0,0,27,3,30,10,0,10,40
08/14/2001,BAF,MA,ANE,EN,Federal Contract Tower,0,3,20,6,29,0,0,71,8,79,0,3,91,14,108,92,8,100,208
08/15/2001,BAF,MA,ANE,EN,Federal Contract Tower,0,0,5,0,5,0,0,16,0,16,0,0,21,0,21,24,0,24,45
08/16/2001,BAF,MA,ANE,EN,Federal Contract Tower,0,5,13,3,21,0,2,95,6,103,0,7,108,9,124,86,14,100,224
08/17/2001,BAF,MA,ANE,EN,Federal Contract Tower,0,2,16,2,20,0,2,7,8,17,0,4,23,10,37,6,18,24,61
08/18/2001,BAF,MA,ANE,EN,Federal Contract Tower,0,0,10,0,10,0,0,267,0,267,0,0,277,0,277,160,6,166,443
08/19/2001,BAF,MA,ANE,EN,Federal Contract Tower,0,1,11,0,12,0,0,92,2,94,0,1,103,2,106,136,4,140,246
08/20/2001,BAF,MA,ANE,EN,Federal Contract Tower,0,1,23,0,24,0,1,3,0,4,0,2,26,0,28,8,0,8,36
08/21/2001,BAF,MA,ANE,EN,Federal Contract Tower,0,5,18,6,29,0,0,41,10,51,0,5,59,16,80,48,14,62,142
08/22/2001,BAF,MA,ANE,EN,Federal Contract Tower,0,2,6,3,11,0,0,87,12,99,0,2,93,15,110,84,16,100,210
08/23/2001,BAF,MA,ANE,EN,Federal Contract Tower,0,3,13,12,28,0,0,103,23,126,0,3,116,35,154,88,132,220,374
08/24/2001,BAF,MA,ANE,EN,Federal Contract Tower,0,1,16,25,42,0,0,181,62,243,0,1,197,87,285,106,262,368,653
08/25/2001,BAF,MA,ANE,EN,Federal Contract Tower,0,0,1,1,2,0,0,48,62,110,0,0,49,63,112,116,272,388,500
08/26/2001,BAF,MA,ANE,EN,Federal Contract Tower,0,0,2,12,14,0,0,63,99,162,0,0,65,111,176,80,362,442,618
08/27/2001,BAF,MA,ANE,EN,Federal Contract Tower,0,1,6,11,18,0,0,50,18,68,0,1,56,29,86,56,40,96,182
08/28/2001,BAF,MA,ANE,EN,Federal Contract Tower,0,2,13,10,25,0,0,73,19,92,0,2,86,29,117,74,28,102,219
08/29/2001,BAF,MA,ANE,EN,Federal Contract Tower,0,2,17,5,24,0,0,88,15,103,0,2,105,20,127,100,10,110,237
08/30/2001,BAF,MA,ANE,EN,Federal Contract Tower,0,0,6,5,11,0,0,86,12,98,0,0,92,17,109,110,48,158,267
08/31/2001,BAF,MA,ANE,EN,Federal Contract Tower,0,5,7,0,12,0,0,41,6,47,0,5,48,6,59,66,8,74,133
09/01/2001,BAF,MA,ANE,EN,Federal Contract Tower,0,0,12,0,12,0,0,82,0,82,0,0,94,0,94,124,0,124,218
09/02/2001,BAF,MA,ANE,EN,Federal Contract Tower,0,0,4,0,4,0,0,133,0,133,0,0,137,0,137,72,0,72,209
09/03/2001,BAF,MA,ANE,EN,Federal Contract Tower,0,1,2,0,3,0,1,115,0,116,0,2,117,0,119,102,0,102,221
09/04/2001,BAF,MA,ANE,EN,Federal Contract Tower,0,0,11,7,18,0,0,20,6,26,0,0,31,13,44,24,12,36,80
09/05/2001,BAF,MA,ANE,EN,Federal Contract Tower,0,0,6,2,8,0,0,105,10,115,0,0,111,12,123,110,22,132,255
09/06/2001,BAF,MA,ANE,EN,Federal Contract Tower,0,0,6,3,9,0,0,119,15,134,0,0,125,18,143,168,14,182,325
09/07/2001,BAF,MA,ANE,EN,Federal Contract Tower,2,1,13,4,20,0,0,117,7,124,2,1,130,11,144,160,14,174,318
09/08/2001,BAF,MA,ANE,EN,Federal Contract Tower,0,0,10,10,20,0,0,126,5,131,0,0,136,15,151,152,16,168,319
09/09/2001,BAF,MA,ANE,EN,Federal Contract Tower,0,3,10,1,14,0,0,135,7,142,0,3,145,8,156,68,2,70,226
09/10/2001,BAF,MA,ANE,EN,Federal Contract Tower,0,3,10,0,13,0,0,37,2,39,0,3,47,2,52,18,4,22,74
09/11/2001,BAF,MA,ANE,EN,Federal Contract Tower,0,0,1,0,1,0,0,13,0,13,0,0,14,0,14,0,0,0,14
09/12/2001,BAF,MA,ANE,EN,Federal Contract Tower,0,0,0,0,0,0,0,0,2,2,0,0,0,2,2,0,0,0,2
09/13/2001,BAF,MA,ANE,EN,Federal Contract Tower,0,5,0,0,5,0,0,0,0,0,0,5,0,0,5,0,0,0,5
09/14/2001,BAF,MA,ANE,EN,Federal Contract Tower,0,14,1,5,20,0,0,0,1,1,0,14,1,6,21,0,2,2,23
09/15/2001,BAF,MA,ANE,EN,Federal Contract Tower,0,0,14,2,16,0,0,0,0,0,0,0,14,2,16,16,0,16,32
09/16/2001,BAF,MA,ANE,EN,Federal Contract Tower,0,4,17,0,21,0,0,0,0,0,0,4,17,0,21,14,14,28,49
09/17/2001,BAF,MA,ANE,EN,Federal Contract Tower,0,0,25,5,30,0,0,0,1,1,0,0,25,6,31,12,2,14,45
09/18/2001,BAF,MA,ANE,EN,Federal Contract Tower,0,0,20,9,29,0,0,0,8,8,0,0,20,17,37,4,8,12,49
09/19/2001,BAF,MA,ANE,EN,Federal Contract Tower,0,0,34,15,49,0,0,0,5,5,0,0,34,20,54,22,56,78,132
09/20/2001,BAF,MA,ANE,EN,Federal Contract Tower,0,1,16,5,22,0,0,0,1,1,0,1,16,6,23,10,6,16,39
09/21/2001,BAF,MA,ANE,EN,Federal Contract Tower,0,2,34,10,46,0,0,0,4,4,0,2,34,14,50,22,16,38,88
09/22/2001,BAF,MA,ANE,EN,Federal Contract Tower,0,0,35,0,35,0,0,51,0,51,0,0,86,0,86,110,0,110,196
09/23/2001,BAF,MA,ANE,EN,Federal Contract Tower,0,2,22,0,24,0,0,114,0,114,0,2,136,0,138,222,0,222,360
09/24/2001,BAF,MA,ANE,EN,Federal Contract Tower,0,0,11,1,12,0,0,8,0,8,0,0,19,1,20,6,6,12,32
09/25/2001,BAF,MA,ANE,EN,Federal Contract Tower,0,6,11,6,23,0,0,0,12,12,0,6,11,18,35,4,10,14,49
09/26/2001,BAF,MA,ANE,EN,Federal Contract Tower,0,0,9,9,18,0,0,85,12,97,0,0,94,21,115,118,28,146,261
09/27/2001,BAF,MA,ANE,EN,Federal Contract Tower,0,2,16,7,25,0,0,64,10,74,0,2,80,17,99,92,24,116,215
09/28/2001,BAF,MA,ANE,EN,Federal Contract Tower,0,3,14,4,21,0,0,31,13,44,0,3,45,17,65,66,18,84,149
09/29/2001,BAF,MA,ANE,EN,Federal Contract Tower,0,0,9,0,9,0,0,37,0,37,0,0,46,0,46,108,0,108,154
09/30/2001,BAF,MA,ANE,EN,Federal Contract Tower,0,1,9,0,10,0,1,47,0,48,0,2,56,0,58,90,0,90,148
10/01/2001,BAF,MA,ANE,EN,Federal Contract Tower,0,0,11,0,11,0,1,45,0,46,0,1,56,0,57,68,0,68,125
10/02/2001,BAF,MA,ANE,EN,Federal Contract Tower,0,3,23,9,35,0,1,46,9,56,0,4,69,18,91,48,10,58,149
10/03/2001,BAF,MA,ANE,EN,Federal Contract Tower,0,0,11,8,19,0,0,71,9,80,0,0,82,17,99,100,24,124,223
10/04/2001,BAF,MA,ANE,EN,Federal Contract Tower,0,1,7,6,14,0,0,65,8,73,0,1,72,14,87,116,24,140,227
10/05/2001,BAF,MA,ANE,EN,Federal Contract Tower,0,0,11,3,14,0,0,98,7,105,0,0,109,10,119,56,4,60,179
10/06/2001,BAF,MA,ANE,EN,Federal Contract Tower,0,1,1,0,2,0,0,8,0,8,0,1,9,0,10,16,0,16,26
10/07/2001,BAF,MA,ANE,EN,Federal Contract Tower,0,3,11,0,14,0,0,85,0,85,0,3,96,0,99,62,0,62,161
10/08/2001,BAF,MA,ANE,EN,Federal Contract Tower,0,6,16,0,22,0,0,57,0,57,0,6,73,0,79,80,0,80,159
10/09/2001,BAF,MA,ANE,EN,Federal Contract Tower,0,1,8,5,14,0,0,84,13,97,0,1,92,18,111,50,8,58,169
10/10/2001,BAF,MA,ANE,EN,Federal Contract Tower,0,6,13,5,24,0,0,79,11,90,0,6,92,16,114,78,10,88,202
10/11/2001,BAF,MA,ANE,EN,Federal Contract Tower,0,2,17,11,30,0,0,107,7,114,0,2,124,18,144,104,24,128,272
10/12/2001,BAF,MA,ANE,EN,Federal Contract Tower,0,7,11,7,25,0,0,63,9,72,0,7,74,16,97,124,24,148,245
10/13/2001,BAF,MA,ANE,EN,Federal Contract Tower,0,0,12,8,20,0,0,105,28,133,0,0,117,36,153,80,36,116,269
10/14/2001,BAF,MA,ANE,EN,Federal Contract Tower,0,2,25,0,27,0,0,0,0,0,0,2,25,0,27,16,0,16,43
10/15/2001,BAF,MA,ANE,EN,Federal Contract Tower,0,6,3,0,9,0,0,47,0,47,0,6,50,0,56,52,0,52,108
10/16/2001,BAF,MA,ANE,EN,Federal Contract Tower,0,2,12,5,19,0,0,73,19,92,0,2,85,24,111,112,20,132,243
10/17/2001,BAF,MA,ANE,EN,Federal Contract Tower,0,0,10,4,14,0,0,5,18,23,0,0,15,22,37,10,6,16,53
10/18/2001,BAF,MA,ANE,EN,Federal Contract Tower,0,1,18,7,26,0,0,66,19,85,0,1,84,26,111,66,24,90,201
10/19/2001,BAF,MA,ANE,EN,Federal Contract Tower,0,3,7,4,14,0,0,124,18,142,0,3,131,22,156,106,38,144,300
10/20/2001,BAF,MA,ANE,EN,Federal Contract Tower,0,3,7,0,10,0,0,90,0,90,0,3,97,0,100,144,0,144,244
10/21/2001,BAF,MA,ANE,EN,Federal Contract Tower,0,3,2,0,5,0,0,150,0,150,0,3,152,0,155,198,0,198,353
10/22/2001,BAF,MA,ANE,EN,Federal Contract Tower,0,3,8,0,11,0,0,45,0,45,0,3,53,0,56,72,0,72,128
10/23/2001,BAF,MA,ANE,EN,Federal Contract Tower,0,4,7,9,20,0,0,46,7,53,0,4,53,16,73,64,4,68,141
10/24/2001,BAF,MA,ANE,EN,Federal Contract Tower,0,3,12,6,21,0,0,54,13,67,0,3,66,19,88,96,46,142,230
10/25/2001,BAF,MA,ANE,EN,Federal Contract Tower,0,8,7,9,24,0,0,17,0,17,0,8,24,9,41,6,12,18,59
10/26/2001,BAF,MA,ANE,EN,Federal Contract Tower,0,4,5,7,16,0,1,29,29,59,0,5,34,36,75,14,20,34,109
10/27/2001,BAF,MA,ANE,EN,Federal Contract Tower,0,2,5,0,7,0,0,50,0,50,0,2,55,0,57,74,2,76,133
10/28/2001,BAF,MA,ANE,EN,Federal Contract Tower,0,4,6,0,10,0,0,111,0,111,0,4,117,0,121,108,0,108,229
10/29/2001,BAF,MA,ANE,EN,Federal Contract Tower,0,1,3,1,5,0,0,68,0,68,0,1,71,1,73,110,0,110,183
10/30/2001,BAF,MA,ANE,EN,Federal Contract Tower,0,5,8,5,18,0,0,63,15,78,0,5,71,20,96,52,14,66,162
10/31/2001,BAF,MA,ANE,EN,Federal Contract Tower,0,0,7,3,10,0,0,41,14,55,0,0,48,17,65,46,4,50,115
11/01/2001,BAF,MA,ANE,EN,Federal Contract Tower,0,4,13,3,20,0,0,94,18,112,0,4,107,21,132,102,16,118,250
11/02/2001,BAF,MA,ANE,EN,Federal Contract Tower,0,3,11,2,16,0,0,55,10,65,0,3,66,12,81,98,26,124,205
11/03/2001,BAF,MA,ANE,EN,Federal Contract Tower,0,2,16,4,22,0,0,83,24,107,0,2,99,28,129,136,40,176,305
11/04/2001,BAF,MA,ANE,EN,Federal Contract Tower,0,7,6,0,13,0,0,157,0,157,0,7,163,0,170,140,0,140,310
11/05/2001,BAF,MA,ANE,EN,Federal Contract Tower,0,3,6,0,9,0,0,4,0,4,0,3,10,0,13,30,0,30,43
11/06/2001,BAF,MA,ANE,EN,Federal Contract Tower,0,0,4,8,12,0,0,29,14,43,0,0,33,22,55,12,12,24,79
11/07/2001,BAF,MA,ANE,EN,Federal Contract Tower,0,7,16,14,37,0,0,54,4,58,0,7,70,18,95,52,28,80,175
11/08/2001,BAF,MA,ANE,EN,Federal Contract Tower,0,4,10,9,23,0,0,59,13,72,0,4,69,22,95,82,28,110,205
11/09/2001,BAF,MA,ANE,EN,Federal Contract Tower,0,1,6,6,13,0,0,27,16,43,0,1,33,22,56,52,32,84,140
11/10/2001,BAF,MA,ANE,EN,Federal Contract Tower,0,4,13,0,17,0,0,98,0,98,0,4,111,0,115,220,0,220,335
11/11/2001,BAF,MA,ANE,EN,Federal Contract Tower,0,3,9,0,12,0,3,40,0,43,0,6,49,0,55,48,26,74,129
11/12/2001,BAF,MA,ANE,EN,Federal Contract Tower,0,1,16,0,17,0,0,54,2,56,0,1,70,2,73,80,0,80,153
11/13/2001,BAF,MA,ANE,EN,Federal Contract Tower,0,0,15,6,21,0,0,77,15,92,0,0,92,21,113,102,8,110,223
11/14/2001,BAF,MA,ANE,EN,Federal Contract Tower,0,0,10,15,25,0,0,61,7,68,0,0,71,22,93,120,18,138,231
11/15/2001,BAF,MA,ANE,EN,Federal Contract Tower,0,0,13,5,18,0,0,68,19,87,0,0,81,24,105,86,54,140,245
11/16/2001,BAF,MA,ANE,EN,Federal Contract Tower,0,2,13,1,16,0,0,88,8,96,0,2,101,9,112,124,14,138,250
11/17/2001,BAF,MA,ANE,EN,Federal Contract Tower,0,1,19,0,20,0,0,120,0,120,0,1,139,0,140,164,0,164,304
11/18/2001,BAF,MA,ANE,EN,Federal Contract Tower,0,0,5,0,5,0,0,135,0,135,0,0,140,0,140,184,4,188,328
11/19/2001,BAF,MA,ANE,EN,Federal Contract Tower,0,0,8,4,12,0,0,45,23,68,0,0,53,27,80,90,24,114,194
11/20/2001,BAF,MA,ANE,EN,Federal Contract Tower,0,4,9,7,20,0,0,41,26,67,0,4,50,33,87,78,36,114,201
11/21/2001,BAF,MA,ANE,EN,Federal Contract Tower,0,3,10,3,16,0,0,106,11,117,0,3,116,14,133,200,42,242,375
11/22/2001,BAF,MA,ANE,EN,Federal Contract Tower,0,0,6,0,6,0,0,39,0,39,0,0,45,0,45,24,0,24,69
11/23/2001,BAF,MA,ANE,EN,Federal Contract Tower,0,0,9,0,9,0,0,142,3,145,0,0,151,3,154,136,14,150,304
11/24/2001,BAF,MA,ANE,EN,Federal Contract Tower,0,0,20,0,20,0,0,0,0,0,0,0,20,0,20,36,0,36,56
11/25/2001,BAF,MA,ANE,EN,Federal Contract Tower,0,3,18,0,21,0,0,0,0,0,0,3,18,0,21,22,0,22,43
11/26/2001,BAF,MA,ANE,EN,Federal Contract Tower,0,4,13,0,17,0,0,35,0,35,0,4,48,0,52,30,0,30,82
11/27/2001,BAF,MA,ANE,EN,Federal Contract Tower,0,1,10,2,13,0,0,40,14,54,0,1,50,16,67,99,28,127,194
11/28/2001,BAF,MA,ANE,EN,Federal Contract Tower,0,0,17,10,27,0,0,60,12,72,0,0,77,22,99,30,18,48,147
11/29/2001,BAF,MA,ANE,EN,Federal Contract Tower,0,1,15,0,16,0,0,0,0,0,0,1,15,0,16,0,0,0,16
11/30/2001,BAF,MA,ANE,EN,Federal Contract Tower,0,0,6,0,6,0,0,2,0,2,0,0,8,0,8,0,0,0,8
12/01/2001,BAF,MA,ANE,EN,Federal Contract Tower,0,1,12,6,19,0,0,96,38,134,0,1,108,44,153,174,40,214,367
12/02/2001,BAF,MA,ANE,EN,Federal Contract Tower,0,0,3,0,3,0,0,127,0,127,0,0,130,0,130,216,0,216,346
12/03/2001,BAF,MA,ANE,EN,Federal Contract Tower,0,0,10,0,10,0,0,60,0,60,0,0,70,0,70,38,0,38,108
12/04/2001,BAF,MA,ANE,EN,Federal Contract Tower,0,1,16,13,30,0,0,62,14,76,0,1,78,27,106,98,16,114,220
12/05/2001,BAF,MA,ANE,EN,Federal Contract Tower,0,4,9,12,25,0,0,67,10,77,0,4,76,22,102,94,40,134,236
12/06/2001,BAF,MA,ANE,EN,Federal Contract Tower,0,4,12,6,22,0,0,61,14,75,0,4,73,20,97,40,30,70,167
12/07/2001,BAF,MA,ANE,EN,Federal Contract Tower,0,0,9,3,12,0,0,74,15,89,0,0,83,18,101,72,28,100,201
12/08/2001,BAF,MA,ANE,EN,Federal Contract Tower,0,0,5,0,5,0,0,140,0,140,0,0,145,0,145,92,0,92,237
12/09/2001,BAF,MA,ANE,EN,Federal Contract Tower,0,1,8,0,9,0,0,15,0,15,0,1,23,0,24,14,0,14,38
12/10/2001,BAF,MA,ANE,EN,Federal Contract Tower,0,2,8,1,11,0,0,23,7,30,0,2,31,8,41,22,4,26,67
12/11/2001,BAF,MA,ANE,EN,Federal Contract Tower,0,1,8,4,13,0,0,50,16,66,0,1,58,20,79,72,16,88,167
12/12/2001,BAF,MA,ANE,EN,Federal Contract Tower,0,0,21,4,25,0,0,49,10,59,0,0,70,14,84,78,8,86,170
12/13/2001,BAF,MA,ANE,EN,Federal Contract Tower,0,1,10,0,11,0,0,0,0,0,0,1,10,0,11,0,0,0,11
12/14/2001,BAF,MA,ANE,EN,Federal Contract Tower,0,1,13,4,18,0,3,7,0,10,0,4,20,4,28,38,0,38,66
12/15/2001,BAF,MA,ANE,EN,Federal Contract Tower,0,0,6,0,6,0,1,41,0,42,0,1,47,0,48,26,4,30,78
12/16/2001,BAF,MA,ANE,EN,Federal Contract Tower,0,0,6,0,6,0,0,159,0,159,0,0,165,0,165,160,0,160,325
12/17/2001,BAF,MA,ANE,EN,Federal Contract Tower,0,0,2,0,2,0,0,0,0,0,0,0,2,0,2,0,0,0,2
12/18/2001,BAF,MA,ANE,EN,Federal Contract Tower,0,0,6,2,8,0,2,6,13,21,0,2,12,15,29,10,6,16,45
12/19/2001,BAF,MA,ANE,EN,Federal Contract Tower,0,2,19,7,28,0,2,101,11,114,0,4,120,18,142,48,4,52,194
12/20/2001,BAF,MA,ANE,EN,Federal Contract Tower,0,9,9,0,18,0,0,19,0,19,0,9,28,0,37,44,4,48,85
12/21/2001,BAF,MA,ANE,EN,Federal Contract Tower,0,1,11,5,17,0,0,33,5,38,0,1,44,10,55,44,4,48,103
12/22/2001,BAF,MA,ANE,EN,Federal Contract Tower,0,2,1,0,3,0,0,152,0,152,0,2,153,0,155,166,0,166,321
12/23/2001,BAF,MA,ANE,EN,Federal Contract Tower,0,2,2,1,5,0,0,123,0,123,0,2,125,1,128,166,2,168,296
12/24/2001,BAF,MA,ANE,EN,Federal Contract Tower,0,2,3,0,5,0,0,12,0,12,0,2,15,0,17,8,0,8,25
12/25/2001,BAF,MA,ANE,EN,Federal Contract Tower,0,0,1,0,1,0,0,19,0,19,0,0,20,0,20,10,0,10,30
12/26/2001,BAF,MA,ANE,EN,Federal Contract Tower,0,0,3,0,3,0,0,84,0,84,0,0,87,0,87,84,0,84,171
12/27/2001,BAF,MA,ANE,EN,Federal Contract Tower,0,0,9,3,12,0,0,78,13,91,0,0,87,16,103,56,6,62,165
12/28/2001,BAF,MA,ANE,EN,Federal Contract Tower,0,0,7,4,11,0,0,79,12,91,0,0,86,16,102,76,18,94,196
12/29/2001,BAF,MA,ANE,EN,Federal Contract Tower,0,0,11,0,11,0,0,90,0,90,0,0,101,0,101,90,0,90,191
12/30/2001,BAF,MA,ANE,EN,Federal Contract Tower,0,0,1,0,1,0,0,113,2,115,0,0,114,2,116,142,8,150,266
12/31/2001,BAF,MA,ANE,EN,Federal Contract Tower,0,0,4,0,4,0,0,79,0,79,0,0,83,0,83,100,0,100,183
01/01/2002,BAF,MA,ANE,EN,Federal Contract Tower,0,0,2,0,2,0,1,53,0,54,0,1,55,0,56,44,0,44,100
01/02/2002,BAF,MA,ANE,EN,Federal Contract Tower,0,3,5,6,14,0,0,24,16,40,0,3,29,22,54,28,36,64,118
01/03/2002,BAF,MA,ANE,EN,Federal Contract Tower,0,2,3,6,11,0,1,84,10,95,0,3,87,16,106,134,12,146,252
01/04/2002,BAF,MA,ANE,EN,Federal Contract Tower,0,2,14,8,24,0,0,69,12,81,0,2,83,20,105,72,30,102,207
01/05/2002,BAF,MA,ANE,EN,Federal Contract Tower,0,6,4,0,10,0,0,133,0,133,0,6,137,0,143,244,0,244,387
01/06/2002,BAF,MA,ANE,EN,Federal Contract Tower,0,2,3,0,5,0,0,171,0,171,0,2,174,0,176,186,12,198,374
01/07/2002,BAF,MA,ANE,EN,Federal Contract Tower,0,4,7,0,11,0,1,0,0,1,0,5,7,0,12,0,0,0,12
01/08/2002,BAF,MA,ANE,EN,Federal Contract Tower,0,1,7,6,14,0,0,35,7,42,0,1,42,13,56,30,16,46,102
01/09/2002,BAF,MA,ANE,EN,Federal Contract Tower,0,5,6,2,13,0,0,23,3,26,0,5,29,5,39,18,18,36,75
01/10/2002,BAF,MA,ANE,EN,Federal Contract Tower,0,2,15,6,23,0,0,49,4,53,0,2,64,10,76,46,30,76,152
01/11/2002,BAF,MA,ANE,EN,Federal Contract Tower,0,2,9,4,15,0,0,21,2,23,0,2,30,6,38,50,4,54,92
01/12/2002,BAF,MA,ANE,EN,Federal Contract Tower,0,5,12,10,27,0,0,148,5,153,0,5,160,15,180,252,24,276,456
01/13/2002,BAF,MA,ANE,EN,Federal Contract Tower,0,2,4,3,9,0,0,0,0,0,0,2,4,3,9,0,0,0,9
01/14/2002,BAF,MA,ANE,EN,Federal Contract Tower,0,7,6,0,13,0,0,58,0,58,0,7,64,0,71,116,4,120,191
01/15/2002,BAF,MA,ANE,EN,Federal Contract Tower,0,1,11,15,27,0,0,2,6,8,0,1,13,21,35,0,6,6,41
01/16/2002,BAF,MA,ANE,EN,Federal Contract Tower,0,4,7,9,20,0,1,69,12,82,0,5,76,21,102,88,12,100,202
01/17/2002,BAF,MA,ANE,EN,Federal Contract Tower,0,2,8,6,16,0,0,30,8,38,0,2,38,14,54,48,20,68,122
01/18/2002,BAF,MA,ANE,EN,Federal Contract Tower,0,4,10,6,20,0,0,72,1,73,0,4,82,7,93,98,22,120,213
01/19/2002,BAF,MA,ANE,EN,Federal Contract Tower,0,0,2,6,8,0,0,50,4,54,0,0,52,10,62,106,36,142,204
01/20/2002,BAF,MA,ANE,EN,Federal Contract Tower,0,0,3,3,6,0,1,46,1,48,0,1,49,4,54,94,6,100,154
01/21/2002,BAF,MA,ANE,EN,Federal Contract Tower,0,4,11,0,15,0,0,13,0,13,0,4,24,0,28,66,0,66,94
01/22/2002,BAF,MA,ANE,EN,Federal Contract Tower,0,1,14,0,15,0,0,45,0,45,0,1,59,0,60,52,2,54,114
01/23/2002,BAF,MA,ANE,EN,Federal Contract Tower,0,1,11,1,13,0,0,40,0,40,0,1,51,1,53,62,2,64,117
01/24/2002,BAF,MA,ANE,EN,Federal Contract Tower,0,1,7,1,9,0,0,0,0,0,0,1,7,1,9,0,0,0,9
01/25/2002,BAF,MA,ANE,EN,Federal Contract Tower,0,3,13,1,17,0,0,63,0,63,0,3,76,1,80,88,0,88,168
01/26/2002,BAF,MA,ANE,EN,Federal Contract Tower,0,0,6,1,7,0,0,122,0,122,0,0,128,1,129,304,4,308,437
01/27/2002,BAF,MA,ANE,EN,Federal Contract Tower,0,0,4,4,8,0,0,113,0,113,0,0,117,4,121,200,0,200,321
01/28/2002,BAF,MA,ANE,EN,Federal Contract Tower,0,1,16,2,19,0,0,64,0,64,0,1,80,2,83,76,0,76,159
01/29/2002,BAF,MA,ANE,EN,Federal Contract Tower,0,1,10,0,11,0,0,86,0,86,0,1,96,0,97,144,4,148,245
01/30/2002,BAF,MA,ANE,EN,Federal Contract Tower,0,0,12,0,12,0,0,3,0,3,0,0,15,0,15,14,22,36,51
01/31/2002,BAF,MA,ANE,EN,Federal Contract Tower,0,0,11,0,11,0,0,0,0,0,0,0,11,0,11,0,0,0,11
02/01/2002,BAF,MA,ANE,EN,Federal Contract Tower,0,2,5,0,7,0,0,2,0,2,0,2,7,0,9,0,0,0,9
02/02/2002,BAF,MA,ANE,EN,Federal Contract Tower,0,0,4,7,11,0,0,38,8,46,0,0,42,15,57,80,18,98,155
02/03/2002,BAF,MA,ANE,EN,Federal Contract Tower,0,1,0,5,6,0,0,116,0,116,0,1,116,5,122,134,4,138,260
02/04/2002,BAF,MA,ANE,EN,Federal Contract Tower,0,5,6,0,11,0,0,43,0,43,0,5,49,0,54,62,0,62,116
02/05/2002,BAF,MA,ANE,EN,Federal Contract Tower,0,2,16,5,23,0,0,24,9,33,0,2,40,14,56,12,0,12,68
02/06/2002,BAF,MA,ANE,EN,Federal Contract Tower,0,1,9,9,19,0,0,67,19,86,0,1,76,28,105,98,10,108,213
02/07/2002,BAF,MA,ANE,EN,Federal Contract Tower,0,5,12,7,24,0,0,52,21,73,0,5,64,28,97,128,34,162,259
02/08/2002,BAF,MA,ANE,EN,Federal Contract Tower,0,0,5,6,11,0,0,47,9,56,0,0,52,15,67,76,14,90,157
02/09/2002,BAF,MA,ANE,EN,Federal Contract Tower,0,0,13,0,13,0,0,164,0,164,0,0,177,0,177,204,0,204,381
02/10/2002,BAF,MA,ANE,EN,Federal Contract Tower,0,0,4,0,4,0,0,12,0,12,0,0,16,0,16,52,0,52,68
02/11/2002,BAF,MA,ANE,EN,Federal Contract Tower,0,3,8,0,11,0,0,10,0,10,0,3,18,0,21,0,0,0,21
02/12/2002,BAF,MA,ANE,EN,Federal Contract Tower,0,2,11,5,18,0,0,28,24,52,0,2,39,29,70,32,36,68,138
02/13/2002,BAF,MA,ANE,EN,Federal Contract Tower,0,2,19,5,26,0,0,25,13,38,0,2,44,18,64,48,14,62,126
02/14/2002,BAF,MA,ANE,EN,Federal Contract Tower,0,2,4,6,12,0,0,52,12,64,0,2,56,18,76,76,12,88,164
02/15/2002,BAF,MA,ANE,EN,Federal Contract Tower,0,2,13,4,19,0,0,48,14,62,0,2,61,18,81,92,20,112,193
02/16/2002,BAF,MA,ANE,EN,Federal Contract Tower,0,0,0,0,0,0,0,135,0,135,0,0,135,0,135,222,0,222,357
02/17/2002,BAF,MA,ANE,EN,Federal Contract Tower,0,2,2,0,4,0,0,0,0,0,0,2,2,0,4,0,0,0,4
02/18/2002,BAF,MA,ANE,EN,Federal Contract Tower,0,0,4,0,4,0,0,66,0,66,0,0,70,0,70,46,0,46,116
02/19/2002,BAF,MA,ANE,EN,Federal Contract Tower,0,2,14,8,24,0,0,86,16,102,0,2,100,24,126,70,20,90,216
02/20/2002,BAF,MA,ANE,EN,Federal Contract Tower,0,0,2,4,6,0,0,66,4,70,0,0,68,8,76,72,20,92,168
02/21/2002,BAF,MA,ANE,EN,Federal Contract Tower,0,0,15,5,20,0,0,27,5,32,0,0,42,10,52,36,18,54,106
02/22/2002,BAF,MA,ANE,EN,Federal Contract Tower,0,1,7,10,18,0,0,47,16,63,0,1,54,26,81,58,36,94,175
02/23/2002,BAF,MA,ANE,EN,Federal Contract Tower,0,0,5,0,5,0,0,121,0,121,0,0,126,0,126,210,0,210,336
02/24/2002,BAF,MA,ANE,EN,Federal Contract Tower,0,1,10,0,11,0,2,166,0,168,0,3,176,0,179,216,0,216,395
02/25/2002,BAF,MA,ANE,EN,Federal Contract Tower,0,0,15,0,15,0,0,67,0,67,0,0,82,0,82,62,0,62,144
02/26/2002,BAF,MA,ANE,EN,Federal Contract Tower,0,2,12,14,28,0,0,35,13,48,0,2,47,27,76,46,8,54,130
02/27/2002,BAF,MA,ANE,EN,Federal Contract Tower,0,1,7,2,10,0,0,1,6,7,0,1,8,8,17,0,0,0,17
02/28/2002,BAF,MA,ANE,EN,Federal Contract Tower,0,7,12,5,24,0,1,33,17,51,0,8,45,22,75,10,12,22,97
03/01/2002,BAF,MA,ANE,EN,Federal Contract Tower,0,5,5,5,15,0,0,71,24,95,0,5,76,29,110,72,36,108,218
03/02/2002,BAF,MA,ANE,EN,Federal Contract Tower,0,0,6,0,6,0,0,145,0,145,0,0,151,0,151,190,16,206,357
03/03/2002,BAF,MA,ANE,EN,Federal Contract Tower,0,2,11,0,13,0,1,0,0,1,0,3,11,0,14,20,0,20,34
03/04/2002,BAF,MA,ANE,EN,Federal Contract Tower,0,0,7,0,7,0,0,25,0,25,0,0,32,0,32,40,0,40,72
03/05/2002,BAF,MA,ANE,EN,Federal Contract Tower,0,1,14,8,23,0,1,70,14,85,0,2,84,22,108,48,14,62,170
03/06/2002,BAF,MA,ANE,EN,Federal Contract Tower,0,2,5,6,13,0,0,49,17,66,0,2,54,23,79,92,14,106,185
03/07/2002,BAF,MA,ANE,EN,Federal Contract Tower,0,2,5,9,16,0,0,80,18,98,0,2,85,27,114,130,36,166,280
03/08/2002,BAF,MA,ANE,EN,Federal Contract Tower,0,1,4,7,12,0,1,67,17,85,0,2,71,24,97,126,30,156,253
03/09/2002,BAF,MA,ANE,EN,Federal Contract Tower,0,1,3,3,7,0,0,45,11,56,0,1,48,14,63,100,20,120,183
03/10/2002,BAF,MA,ANE,EN,Federal Contract Tower,0,0,8,0,8,0,0,19,0,19,0,0,27,0,27,42,10,52,79
03/11/2002,BAF,MA,ANE,EN,Federal Contract Tower,0,0,5,2,7,0,0,36,2,38,0,0,41,4,45,28,0,28,73
03/12/2002,BAF,MA,ANE,EN,Federal Contract Tower,0,0,16,7,23,0,0,36,23,59,0,0,52,30,82,18,6,24,106
03/13/2002,BAF,MA,ANE,EN,Federal Contract Tower,0,2,11,8,21,0,0,6,3,9,0,2,17,11,30,20,0,20,50
03/14/2002,BAF,MA,ANE,EN,Federal Contract Tower,0,5,8,7,20,0,0,109,13,122,0,5,117,20,142,102,18,120,262
03/15/2002,BAF,MA,ANE,EN,Federal Contract Tower,0,3,21,5,29,0,3,27,7,37,0,6,48,12,66,44,0,44,110
03/16/2002,BAF,MA,ANE,EN,Federal Contract Tower,0,0,15,0,15,0,0,23,8,31,0,0,38,8,46,28,36,64,110
03/17/2002,BAF,MA,ANE,EN,Federal Contract Tower,0,1,6,0,7,0,0,171,0,171,0,1,177,0,178,182,0,182,360
03/18/2002,BAF,MA,ANE,EN,Federal Contract Tower,0,3,9,0,12,0,0,0,0,0,0,3,9,0,12,0,0,0,12
03/19/2002,BAF,MA,ANE,EN,Federal Contract Tower,0,1,9,13,23,0,0,30,9,39,0,1,39,22,62,78,8,86,148
03/20/2002,BAF,MA,ANE,EN,Federal Contract Tower,0,2,4,0,6,0,0,0,0,0,0,2,4,0,6,0,0,0,6
03/21/2002,BAF,MA,ANE,EN,Federal Contract Tower,0,2,5,5,12,0,0,51,7,58,0,2,56,12,70,60,6,66,136
03/22/2002,BAF,MA,ANE,EN,Federal Contract Tower,0,3,6,10,19,0,0,29,14,43,0,3,35,24,62,24,12,36,98
03/23/2002,BAF,MA,ANE,EN,Federal Contract Tower,0,2,3,0,5,0,0,62,3,65,0,2,65,3,70,146,8,154,224
03/24/2002,BAF,MA,ANE,EN,Federal Contract Tower,0,2,4,0,6,0,0,95,0,95,0,2,99,0,101,126,0,126,227
03/25/2002,BAF,MA,ANE,EN,Federal Contract Tower,0,4,11,1,16,0,0,19,1,20,0,4,30,2,36,54,6,60,96
03/26/2002,BAF,MA,ANE,EN,Federal Contract Tower,0,5,7,0,12,0,0,9,0,9,0,5,16,0,21,4,0,4,25
03/27/2002,BAF,MA,ANE,EN,Federal Contract Tower,0,2,14,6,22,0,0,22,8,30,0,2,36,14,52,16,20,36,88
03/28/2002,BAF,MA,ANE,EN,Federal Contract Tower,0,3,2,8,13,0,0,87,20,107,0,3,89,28,120,50,32,82,202
03/29/2002,BAF,MA,ANE,EN,Federal Contract Tower,0,3,8,2,13,0,0,116,12,128,0,3,124,14,141,126,0,126,267
03/30/2002,BAF,MA,ANE,EN,Federal Contract Tower,0,0,21,0,21,0,0,81,0,81,0,0,102,0,102,148,10,158,260
03/31/2002,BAF,MA,ANE,EN,Federal Contract Tower,0,5,4,0,9,0,0,65,0,65,0,5,69,0,74,90,0,90,164
04/01/2002,BAF,MA,ANE,EN,Federal Contract Tower,0,4,12,0,16,0,0,26,0,26,0,4,38,0,42,0,0,0,42
04/02/2002,BAF,MA,ANE,EN,Federal Contract Tower,0,1,12,9,22,0,0,76,20,96,0,1,88,29,118,50,40,90,208
04/03/2002,BAF,MA,ANE,EN,Federal Contract Tower,0,1,15,3,19,0,0,19,9,28,0,1,34,12,47,56,4,60,107
04/04/2002,BAF,MA,ANE,EN,Federal Contract Tower,0,2,7,5,14,0,0,51,11,62,0,2,58,16,76,22,28,50,126
04/05/2002,BAF,MA,ANE,EN,Federal Contract Tower,0,4,14,1,19,0,0,60,1,61,0,4,74,2,80,120,8,128,208
04/06/2002,BAF,MA,ANE,EN,Federal Contract Tower,0,2,9,10,21,0,0,62,52,114,0,2,71,62,135,82,54,136,271
04/07/2002,BAF,MA,ANE,EN,Federal Contract Tower,0,3,0,13,16,0,0,180,47,227,0,3,180,60,243,228,54,282,525
04/08/2002,BAF,MA,ANE,EN,Federal Contract Tower,0,1,18,2,21,0,0,34,5,39,0,1,52,7,60,54,8,62,122
04/09/2002,BAF,MA,ANE,EN,Federal Contract Tower,0,1,8,14,23,0,0,19,12,31,0,1,27,26,54,4,30,34,88
04/10/2002,BAF,MA,ANE,EN,Federal Contract Tower,0,1,14,6,21,0,0,56,16,72,0,1,70,22,93,60,8,68,161
04/11/2002,BAF,MA,ANE,EN,Federal Contract Tower,0,0,11,5,16,0,0,74,17,91,0,0,85,22,107,70,14,84,191
04/12/2002,BAF,MA,ANE,EN,Federal Contract Tower,0,3,20,2,25,0,0,107,24,131,0,3,127,26,156,60,38,98,254
04/13/2002,BAF,MA,ANE,EN,Federal Contract Tower,0,1,27,3,31,0,0,18,9,27,0,1,45,12,58,66,2,68,126
04/14/2002,BAF,MA,ANE,EN,Federal Contract Tower,0,3,11,0,14,0,0,115,0,115,0,3,126,0,129,110,6,116,245
04/15/2002,BAF,MA,ANE,EN,Federal Contract Tower,0,0,20,1,21,0,0,30,3,33,0,0,50,4,54,32,0,32,86
04/16/2002,BAF,MA,ANE,EN,Federal Contract Tower,0,1,10,3,14,0,0,100,11,111,0,1,110,14,125,66,40,106,231
04/17/2002,BAF,MA,ANE,EN,Federal Contract Tower,0,1,6,7,14,0,0,80,3,83,0,1,86,10,97,70,20,90,187
04/18/2002,BAF,MA,ANE,EN,Federal Contract Tower,0,6,7,2,15,0,0,92,3,95,0,6,99,5,110,64,8,72,182
04/19/2002,BAF,MA,ANE,EN,Federal Contract Tower,0,1,8,3,12,0,0,53,3,56,0,1,61,6,68,54,0,54,122
04/20/2002,BAF,MA,ANE,EN,Federal Contract Tower,0,0,8,0,8,0,0,108,2,110,0,0,116,2,118,108,2,110,228
04/21/2002,BAF,MA,ANE,EN,Federal Contract Tower,0,1,7,0,8,0,0,115,0,115,0,1,122,0,123,72,0,72,195
04/22/2002,BAF,MA,ANE,EN,Federal Contract Tower,0,2,9,0,11,0,0,0,0,0,0,2,9,0,11,0,0,0,11
04/23/2002,BAF,MA,ANE,EN,Federal Contract Tower,0,0,11,5,16,0,0,55,12,67,0,0,66,17,83,84,12,96,179
04/24/2002,BAF,MA,ANE,EN,Federal Contract Tower,0,1,3,3,7,0,0,122,13,135,0,1,125,16,142,170,8,178,320
04/25/2002,BAF,MA,ANE,EN,Federal Contract Tower,0,5,15,8,28,0,0,13,5,18,0,5,28,13,46,8,24,32,78
04/26/2002,BAF,MA,ANE,EN,Federal Contract Tower,0,4,15,2,21,0,0,70,9,79,0,4,85,11,100,52,12,64,164
04/27/2002,BAF,MA,ANE,EN,Federal Contract Tower,0,4,3,0,7,0,0,142,0,142,0,4,145,0,149,126,0,126,275
04/28/2002,BAF,MA,ANE,EN,Federal Contract Tower,0,0,12,0,12,0,0,0,0,0,0,0,12,0,12,6,0,6,18
04/29/2002,BAF,MA,ANE,EN,Federal Contract Tower,0,0,2,3,5,0,0,8,2,10,0,0,10,5,15,6,2,8,23
04/30/2002,BAF,MA,ANE,EN,Federal Contract Tower,0,1,6,4,11,0,0,55,6,61,0,1,61,10,72,36,8,44,116
05/01/2002,BAF,MA,ANE,EN,Federal Contract Tower,0,3,9,4,16,0,3,96,9,108,0,6,105,13,124,112,26,138,262
05/02/2002,BAF,MA,ANE,EN,Federal Contract Tower,0,7,10,5,22,0,0,0,6,6,0,7,10,11,28,0,0,0,28
05/03/2002,BAF,MA,ANE,EN,Federal Contract Tower,0,7,17,4,28,0,1,30,5,36,0,8,47,9,64,0,10,10,74
05/04/2002,BAF,MA,ANE,EN,Federal Contract Tower,0,6,0,2,8,0,1,126,18,145,0,7,126,20,153,88,30,118,271
05/05/2002,BAF,MA,ANE,EN,Federal Contract Tower,0,6,12,1,19,0,0,174,1,175,0,6,186,2,194,158,2,160,354
05/06/2002,BAF,MA,ANE,EN,Federal Contract Tower,0,0,9,1,10,0,0,73,4,77,0,0,82,5,87,62,8,70,157
05/07/2002,BAF,MA,ANE,EN,Federal Contract Tower,0,2,14,7,23,0,0,87,8,95,0,2,101,15,118,108,26,134,252
05/08/2002,BAF,MA,ANE,EN,Federal Contract Tower,0,1,1,3,5,0,0,52,8,60,0,1,53,11,65,50,4,54,119
05/09/2002,BAF,MA,ANE,EN,Federal Contract Tower,0,4,9,6,19,0,0,41,14,55,0,4,50,20,74,34,10,44,118
05/10/2002,BAF,MA,ANE,EN,Federal Contract Tower,0,5,6,4,15,0,0,66,19,85,0,5,72,23,100,74,24,98,198
05/11/2002,BAF,MA,ANE,EN,Federal Contract Tower,0,0,7,0,7,0,1,101,0,102,0,1,108,0,109,136,4,140,249
05/12/2002,BAF,MA,ANE,EN,Federal Contract Tower,0,3,14,0,17,0,0,5,0,5,0,3,19,0,22,0,0,0,22
05/13/2002,BAF,MA,ANE,EN,Federal Contract Tower,0,5,7,0,12,0,0,0,0,0,0,5,7,0,12,0,0,0,12
05/14/2002,BAF,MA,ANE,EN,Federal Contract Tower,0,5,16,0,21,0,1,23,2,26,0,6,39,2,47,44,0,44,91
05/15/2002,BAF,MA,ANE,EN,Federal Contract Tower,0,4,5,4,13,0,0,34,18,52,0,4,39,22,65,8,24,32,97
05/16/2002,BAF,MA,ANE,EN,Federal Contract Tower,0,1,19,9,29,0,1,89,9,99,0,2,108,18,128,86,26,112,240
05/17/2002,BAF,MA,ANE,EN,Federal Contract Tower,0,4,11,0,15,0,1,55,4,60,0,5,66,4,75,62,20,82,157
05/18/2002,BAF,MA,ANE,EN,Federal Contract Tower,0,4,6,0,10,0,2,10,0,12,0,6,16,0,22,0,0,0,22
05/19/2002,BAF,MA,ANE,EN,Federal Contract Tower,0,3,7,0,10,0,0,96,8,104,0,3,103,8,114,88,16,104,218
05/20/2002,BAF,MA,ANE,EN,Federal Contract Tower,0,1,6,0,7,0,0,76,0,76,0,1,82,0,83,86,0,86,169
05/21/2002,BAF,MA,ANE,EN,Federal Contract Tower,0,2,3,7,12,0,0,75,16,91,0,2,78,23,103,110,34,144,247
05/22/2002,BAF,MA,ANE,EN,Federal Contract Tower,0,3,12,5,20,0,0,109,8,117,0,3,121,13,137,122,14,136,273
05/23/2002,BAF,MA,ANE,EN,Federal Contract Tower,0,3,6,3,12,0,0,91,11,102,0,3,97,14,114,50,16,66,180
05/24/2002,BAF,MA,ANE,EN,Federal Contract Tower,0,5,9,2,16,0,0,81,6,87,0,5,90,8,103,116,2,118,221
05/25/2002,BAF,MA,ANE,EN,Federal Contract Tower,0,0,12,0,12,0,0,110,0,110,0,0,122,0,122,106,0,106,228
05/26/2002,BAF,MA,ANE,EN,Federal Contract Tower,0,1,14,2,17,0,0,16,1,17,0,1,30,3,34,0,0,0,34
05/27/2002,BAF,MA,ANE,EN,Federal Contract Tower,0,4,34,2,40,0,0,50,12,62,0,4,84,14,102,48,38,86,188
05/28/2002,BAF,MA,ANE,EN,Federal Contract Tower,0,0,11,0,11,0,0,13,0,13,0,0,24,0,24,14,0,14,38
05/29/2002,BAF,MA,ANE,EN,Federal Contract Tower,0,2,17,4,23,0,0,15,4,19,0,2,32,8,42,38,6,44,86
05/30/2002,BAF,MA,ANE,EN,Federal Contract Tower,0,1,18,7,26,0,0,31,11,42,0,1,49,18,68,66,12,78,146
05/31/2002,BAF,MA,ANE,EN,Federal Contract Tower,0,1,15,2,18,0,0,34,7,41,0,1,49,9,59,36,8,44,103
06/01/2002,BAF,MA,ANE,EN,Federal Contract Tower,0,0,10,0,10,0,0,90,0,90,0,0,100,0,100,112,2,114,214
06/02/2002,BAF,MA,ANE,EN,Federal Contract Tower,0,5,7,0,12,0,0,70,1,71,0,5,77,1,83,52,0,52,135
06/03/2002,BAF,MA,ANE,EN,Federal Contract Tower,0,3,12,4,19,0,0,108,19,127,0,3,120,23,146,122,28,150,296
06/04/2002,BAF,MA,ANE,EN,Federal Contract Tower,0,4,12,8,24,0,1,129,8,138,0,5,141,16,162,156,8,164,326
06/05/2002,BAF,MA,ANE,EN,Federal Contract Tower,0,6,15,10,31,0,0,3,4,7,0,6,18,14,38,2,0,2,40
06/06/2002,BAF,MA,ANE,EN,Federal Contract Tower,0,6,5,5,16,0,0,8,5,13,0,6,13,10,29,6,0,6,35
06/07/2002,BAF,MA,ANE,EN,Federal Contract Tower,0,1,23,4,28,0,2,34,17,53,0,3,57,21,81,48,18,66,147
06/08/2002,BAF,MA,ANE,EN,Federal Contract Tower,0,1,7,0,8,0,0,111,0,111,0,1,118,0,119,156,0,156,275
06/09/2002,BAF,MA,ANE,EN,Federal Contract Tower,0,2,10,0,12,0,0,104,2,106,0,2,114,2,118,68,0,68,186
06/10/2002,BAF,MA,ANE,EN,Federal Contract Tower,0,3,9,0,12,0,2,108,0,110,0,5,117,0,122,136,2,138,260
06/11/2002,BAF,MA,ANE,EN,Federal Contract Tower,0,1,5,5,11,0,0,89,13,102,0,1,94,18,113,114,22,136,249
06/12/2002,BAF,MA,ANE,EN,Federal Contract Tower,0,4,24,12,40,0,0,4,1,5,0,4,28,13,45,10,0,10,55
06/13/2002,BAF,MA,ANE,EN,Federal Contract Tower,0,1,31,5,37,0,0,67,6,73,0,1,98,11,110,112,10,122,232
06/14/2002,BAF,MA,ANE,EN,Federal Contract Tower,0,2,20,2,24,0,0,15,3,18,0,2,35,5,42,34,0,34,76
06/15/2002,BAF,MA,ANE,EN,Federal Contract Tower,0,0,30,0,30,0,0,2,0,2,0,0,32,0,32,6,0,6,38
06/16/2002,BAF,MA,ANE,EN,Federal Contract Tower,0,2,19,1,22,0,0,2,0,2,0,2,21,1,24,0,2,2,26
06/17/2002,BAF,MA,ANE,EN,Federal Contract Tower,0,0,1,1,2,0,0,67,0,67,0,0,68,1,69,108,2,110,179
06/18/2002,BAF,MA,ANE,EN,Federal Contract Tower,0,3,4,7,14,0,0,83,8,91,0,3,87,15,105,110,4,114,219
06/19/2002,BAF,MA,ANE,EN,Federal Contract Tower,0,0,12,7,19,0,0,65,12,77,0,0,77,19,96,64,26,90,186
06/20/2002,BAF,MA,ANE,EN,Federal Contract Tower,0,2,9,2,13,0,0,87,7,94,0,2,96,9,107,102,12,114,221
06/21/2002,BAF,MA,ANE,EN,Federal Contract Tower,0,1,14,3,18,0,0,133,8,141,0,1,147,11,159,62,10,72,231
06/22/2002,BAF,MA,ANE,EN,Federal Contract Tower,0,2,7,3,12,0,0,58,13,71,0,2,65,16,83,96,36,132,215
06/23/2002,BAF,MA,ANE,EN,Federal Contract Tower,0,0,25,0,25,0,0,42,0,42,0,0,67,0,67,38,0,38,105
06/24/2002,BAF,MA,ANE,EN,Federal Contract Tower,0,0,15,0,15,0,0,111,4,115,0,0,126,4,130,120,2,122,252
06/25/2002,BAF,MA,ANE,EN,Federal Contract Tower,0,3,10,1,14,0,0,84,6,90,0,3,94,7,104,86,8,94,198
06/26/2002,BAF,MA,ANE,EN,Federal Contract Tower,0,1,9,1,11,0,0,50,4,54,0,1,59,5,65,38,2,40,105
06/27/2002,BAF,MA,ANE,EN,Federal Contract Tower,0,2,25,6,33,0,0,52,2,54,0,2,77,8,87,52,12,64,151
06/28/2002,BAF,MA,ANE,EN,Federal Contract Tower,0,1,24,4,29,0,0,72,12,84,0,1,96,16,113,88,32,120,233
06/29/2002,BAF,MA,ANE,EN,Federal Contract Tower,0,0,4,0,4,0,0,183,0,183,0,0,187,0,187,162,0,162,349
06/30/2002,BAF,MA,ANE,EN,Federal Contract Tower,0,7,13,0,20,0,0,120,0,120,0,7,133,0,140,128,0,128,268
07/01/2002,BAF,MA,ANE,EN,Federal Contract Tower,0,0,12,6,18,0,0,46,13,59,0,0,58,19,77,54,42,96,173
07/02/2002,BAF,MA,ANE,EN,Federal Contract Tower,0,1,17,12,30,0,0,54,25,79,0,1,71,37,109,22,16,38,147
07/03/2002,BAF,MA,ANE,EN,Federal Contract Tower,0,1,10,3,14,0,0,64,17,81,0,1,74,20,95,44,12,56,151
07/04/2002,BAF,MA,ANE,EN,Federal Contract Tower,0,1,10,0,11,0,0,44,14,58,0,1,54,14,69,30,18,48,117
07/05/2002,BAF,MA,ANE,EN,Federal Contract Tower,0,3,6,0,9,0,0,103,0,103,0,3,109,0,112,74,0,74,186
07/06/2002,BAF,MA,ANE,EN,Federal Contract Tower,0,0,8,0,8,0,0,92,0,92,0,0,100,0,100,136,0,136,236
07/07/2002,BAF,MA,ANE,EN,Federal Contract Tower,0,3,35,0,38,0,0,20,2,22,0,3,55,2,60,14,2,16,76
07/08/2002,BAF,MA,ANE,EN,Federal Contract Tower,0,7,17,0,24,0,0,71,0,71,0,7,88,0,95,102,0,102,197
07/09/2002,BAF,MA,ANE,EN,Federal Contract Tower,0,1,15,11,27,0,0,26,17,43,0,1,41,28,70,70,16,86,156
07/10/2002,BAF,MA,ANE,EN,Federal Contract Tower,0,1,8,6,15,0,0,53,18,71,0,1,61,24,86,64,14,78,164
07/11/2002,BAF,MA,ANE,EN,Federal Contract Tower,0,2,16,7,25,0,0,83,13,96,0,2,99,20,121,98,16,114,235
07/12/2002,BAF,MA,ANE,EN,Federal Contract Tower,0,6,14,5,25,0,0,113,22,135,0,6,127,27,160,94,36,130,290
07/13/2002,BAF,MA,ANE,EN,Federal Contract Tower,0,3,6,0,9,0,0,181,2,183,0,3,187,2,192,206,10,216,408
07/14/2002,BAF,MA,ANE,EN,Federal Contract Tower,0,1,13,0,14,0,0,115,2,117,0,1,128,2,131,94,0,94,225
07/15/2002,BAF,MA,ANE,EN,Federal Contract Tower,0,0,8,0,8,0,0,58,0,58,0,0,66,0,66,60,0,60,126
07/16/2002,BAF,MA,ANE,EN,Federal Contract Tower,0,0,17,4,21,0,0,52,24,76,0,0,69,28,97,50,20,70,167
07/17/2002,BAF,MA,ANE,EN,Federal Contract Tower,0,0,18,4,22,0,0,74,19,93,0,0,92,23,115,42,20,62,177
07/18/2002,BAF,MA,ANE,EN,Federal Contract Tower,0,2,20,5,27,0,0,58,17,75,0,2,78,22,102,74,42,116,218
07/19/2002,BAF,MA,ANE,EN,Federal Contract Tower,0,1,15,4,20,0,3,29,10,42,0,4,44,14,62,28,2,30,92
07/20/2002,BAF,MA,ANE,EN,Federal Contract Tower,0,2,22,2,26,0,2,68,0,70,0,4,90,2,96,76,6,82,178
07/21/2002,BAF,MA,ANE,EN,Federal Contract Tower,0,0,6,2,8,0,1,107,2,110,0,1,113,4,118,52,0,52,170
07/22/2002,BAF,MA,ANE,EN,Federal Contract Tower,0,0,9,2,11,0,0,56,1,57,0,0,65,3,68,54,6,60,128
07/23/2002,BAF,MA,ANE,EN,Federal Contract Tower,0,0,17,5,22,0,0,24,0,24,0,0,41,5,46,28,6,34,80
07/24/2002,BAF,MA,ANE,EN,Federal Contract Tower,0,0,16,7,23,0,0,94,18,112,0,0,110,25,135,78,36,114,249
07/25/2002,BAF,MA,ANE,EN,Federal Contract Tower,0,1,14,7,22,0,0,112,13,125,0,1,126,20,147,156,18,174,321
07/26/2002,BAF,MA,ANE,EN,Federal Contract Tower,0,0,16,4,20,0,0,89,13,102,0,0,105,17,122,150,16,166,288
07/27/2002,BAF,MA,ANE,EN,Federal Contract Tower,0,0,31,0,31,0,0,25,0,25,0,0,56,0,56,58,0,58,114
07/28/2002,BAF,MA,ANE,EN,Federal Contract Tower,0,2,26,0,28,0,0,2,0,2,0,2,28,0,30,8,0,8,38
07/29/2002,BAF,MA,ANE,EN,Federal Contract Tower,0,3,16,0,19,0,0,57,3,60,0,3,73,3,79,82,8,90,169
07/30/2002,BAF,MA,ANE,EN,Federal Contract Tower,0,4,6,8,18,0,0,80,8,88,0,4,86,16,106,94,24,118,224
07/31/2002,BAF,MA,ANE,EN,Federal Contract Tower,0,2,1,6,9,0,0,99,16,115,0,2,100,22,124,70,12,82,206
08/01/2002,BAF,MA,ANE,EN,Federal Contract Tower,0,2,11,6,19,0,1,53,20,74,0,3,64,26,93,62,6,68,161
08/02/2002,BAF,MA,ANE,EN,Federal Contract Tower,0,5,13,6,24,0,2,49,4,55,0,7,62,10,79,34,0,34,113
08/03/2002,BAF,MA,ANE,EN,Federal Contract Tower,0,1,6,0,7,0,0,91,0,91,0,1,97,0,98,108,0,108,206
08/04/2002,BAF,MA,ANE,EN,Federal Contract Tower,0,0,3,0,3,0,0,127,0,127,0,0,130,0,130,102,2,104,234
08/05/2002,BAF,MA,ANE,EN,Federal Contract Tower,0,2,10,0,12,0,0,45,0,45,0,2,55,0,57,86,4,90,147
08/06/2002,BAF,MA,ANE,EN,Federal Contract Tower,0,0,7,8,15,0,0,44,11,55,0,0,51,19,70,32,26,58,128
08/07/2002,BAF,MA,ANE,EN,Federal Contract Tower,0,2,18,6,26,0,0,80,18,98,0,2,98,24,124,40,14,54,178
08/08/2002,BAF,MA,ANE,EN,Federal Contract Tower,0,2,2,8,12,0,0,83,12,95,0,2,85,20,107,72,20,92,199
08/09/2002,BAF,MA,ANE,EN,Federal Contract Tower,0,1,10,5,16,0,0,107,15,122,0,1,117,20,138,98,34,132,270
08/10/2002,BAF,MA,ANE,EN,Federal Contract Tower,0,0,3,1,4,0,0,106,0,106,0,0,109,1,110,120,6,126,236
08/11/2002,BAF,MA,ANE,EN,Federal Contract Tower,0,4,11,0,15,0,0,95,0,95,0,4,106,0,110,40,4,44,154
08/12/2002,BAF,MA,ANE,EN,Federal Contract Tower,0,0,8,0,8,0,0,67,0,67,0,0,75,0,75,98,0,98,173
08/13/2002,BAF,MA,ANE,EN,Federal Contract Tower,0,1,13,2,16,0,0,38,10,48,0,1,51,12,64,62,14,76,140
08/14/2002,BAF,MA,ANE,EN,Federal Contract Tower,0,1,12,7,20,0,0,37,9,46,0,1,49,16,66,62,14,76,142
08/15/2002,BAF,MA,ANE,EN,Federal Contract Tower,0,5,19,5,29,0,0,69,14,83,0,5,88,19,112,46,26,72,184
08/16/2002,BAF,MA,ANE,EN,Federal Contract Tower,0,0,9,3,12,0,0,39,9,48,0,0,48,12,60,28,16,44,104
08/17/2002,BAF,MA,ANE,EN,Federal Contract Tower,0,1,5,0,6,0,0,87,0,87,0,1,92,0,93,52,0,52,145
08/18/2002,BAF,MA,ANE,EN,Federal Contract Tower,0,3,15,0,18,0,0,55,0,55,0,3,70,0,73,90,0,90,163
08/19/2002,BAF,MA,ANE,EN,Federal Contract Tower,0,1,11,1,13,0,0,67,0,67,0,1,78,1,80,90,0,90,170
08/20/2002,BAF,MA,ANE,EN,Federal Contract Tower,0,0,19,9,28,0,0,56,12,68,0,0,75,21,96,80,8,88,184
08/21/2002,BAF,MA,ANE,EN,Federal Contract Tower,0,2,7,3,12,0,0,110,13,123,0,2,117,16,135,68,18,86,221
08/22/2002,BAF,MA,ANE,EN,Federal Contract Tower,0,2,3,7,12,0,0,64,15,79,0,2,67,22,91,60,18,78,169
08/23/2002,BAF,MA,ANE,EN,Federal Contract Tower,0,3,12,6,21,0,0,52,14,66,0,3,64,20,87,110,22,132,219
08/24/2002,BAF,MA,ANE,EN,Federal Contract Tower,0,2,9,7,18,0,0,87,10,97,0,2,96,17,115,114,42,156,271
08/25/2002,BAF,MA,ANE,EN,Federal Contract Tower,0,0,8,2,10,0,0,101,0,101,0,0,109,2,111,94,0,94,205
08/26/2002,BAF,MA,ANE,EN,Federal Contract Tower,0,0,6,0,6,0,0,80,0,80,0,0,86,0,86,80,10,90,176
08/27/2002,BAF,MA,ANE,EN,Federal Contract Tower,0,2,6,8,16,0,0,73,10,83,0,2,79,18,99,62,22,84,183
08/28/2002,BAF,MA,ANE,EN,Federal Contract Tower,0,3,15,5,23,0,0,63,15,78,0,3,78,20,101,28,6,34,135
08/29/2002,BAF,MA,ANE,EN,Federal Contract Tower,0,4,15,0,19,0,0,2,0,2,0,4,17,0,21,0,0,0,21
08/30/2002,BAF,MA,ANE,EN,Federal Contract Tower,0,6,23,4,33,0,0,38,9,47,0,6,61,13,80,60,6,66,146
08/31/2002,BAF,MA,ANE,EN,Federal Contract Tower,0,0,10,0,10,0,0,36,0,36,0,0,46,0,46,58,0,58,104
09/01/2002,BAF,MA,ANE,EN,Federal Contract Tower,0,0,13,0,13,0,6,56,0,62,0,6,69,0,75,94,0,94,169
09/02/2002,BAF,MA,ANE,EN,Federal Contract Tower,0,1,23,0,24,0,0,0,0,0,0,1,23,0,24,16,0,16,40
09/03/2002,BAF,MA,ANE,EN,Federal Contract Tower,0,0,14,8,22,0,0,48,13,61,0,0,62,21,83,94,30,124,207
09/04/2002,BAF,MA,ANE,EN,Federal Contract Tower,0,2,25,5,32,0,1,52,15,68,0,3,77,20,100,72,12,84,184
09/05/2002,BAF,MA,ANE,EN,Federal Contract Tower,0,4,10,8,22,0,0,76,19,95,0,4,86,27,117,38,34,72,189
09/06/2002,BAF,MA,ANE,EN,Federal Contract Tower,0,5,7,3,15,0,0,113,12,125,0,5,120,15,140,126,12,138,278
09/07/2002,BAF,MA,ANE,EN,Federal Contract Tower,0,0,5,0,5,0,0,115,2,117,0,0,120,2,122,102,0,102,224
09/08/2002,BAF,MA,ANE,EN,Federal Contract Tower,0,8,6,0,14,0,0,106,2,108,0,8,112,2,122,96,0,96,218
09/09/2002,BAF,MA,ANE,EN,Federal Contract Tower,0,0,2,0,2,0,0,61,3,64,0,0,63,3,66,88,8,96,162
09/10/2002,BAF,MA,ANE,EN,Federal Contract Tower,0,1,7,5,13,0,0,53,10,63,0,1,60,15,76,104,20,124,200
09/11/2002,BAF,MA,ANE,EN,Federal Contract Tower,0,0,5,5,10,0,0,6,22,28,0,0,11,27,38,4,16,20,58
09/12/2002,BAF,MA,ANE,EN,Federal Contract Tower,0,0,10,6,16,0,0,74,21,95,0,0,84,27,111,30,24,54,165
09/13/2002,BAF,MA,ANE,EN,Federal Contract Tower,0,0,6,4,10,0,0,79,26,105,0,0,85,30,115,150,38,188,303
09/14/2002,BAF,MA,ANE,EN,Federal Contract Tower,0,1,3,6,10,0,0,108,31,139,0,1,111,37,149,114,38,152,301
09/15/2002,BAF,MA,ANE,EN,Federal Contract Tower,0,0,14,0,14,0,0,13,0,13,0,0,27,0,27,20,0,20,47
09/16/2002,BAF,MA,ANE,EN,Federal Contract Tower,0,0,11,1,12,0,0,26,6,32,0,0,37,7,44,32,4,36,80
09/17/2002,BAF,MA,ANE,EN,Federal Contract Tower,0,0,5,5,10,0,0,82,14,96,0,0,87,19,106,64,10,74,180
09/18/2002,BAF,MA,ANE,EN,Federal Contract Tower,0,4,13,4,21,0,0,147,24,171,0,4,160,28,192,116,44,160,352
09/19/2002,BAF,MA,ANE,EN,Federal Contract Tower,0,2,13,5,20,0,1,78,16,95,0,3,91,21,115,88,16,104,219
09/20/2002,BAF,MA,ANE,EN,Federal Contract Tower,0,0,10,3,13,0,0,84,19,103,0,0,94,22,116,74,18,92,208
09/21/2002,BAF,MA,ANE,EN,Federal Contract Tower,0,0,19,0,19,0,0,35,0,35,0,0,54,0,54,40,0,40,94
09/22/2002,BAF,MA,ANE,EN,Federal Contract Tower,0,0,18,0,18,0,0,55,0,55,0,0,73,0,73,62,0,62,135
09/23/2002,BAF,MA,ANE,EN,Federal Contract Tower,0,0,20,0,20,0,0,48,2,50,0,0,68,2,70,42,4,46,116
09/24/2002,BAF,MA,ANE,EN,Federal Contract Tower,0,2,14,5,21,0,0,77,24,101,0,2,91,29,122,124,18,142,264
09/25/2002,BAF,MA,ANE,EN,Federal Contract Tower,0,5,10,5,20,0,2,136,10,148,0,7,146,15,168,110,10,120,288
09/26/2002,BAF,MA,ANE,EN,Federal Contract Tower,0,1,16,4,21,0,0,18,7,25,0,1,34,11,46,30,0,30,76
09/27/2002,BAF,MA,ANE,EN,Federal Contract Tower,0,1,11,0,12,0,0,0,0,0,0,1,11,0,12,0,0,0,12
09/28/2002,BAF,MA,ANE,EN,Federal Contract Tower,0,1,5,0,6,0,0,52,0,52,0,1,57,0,58,30,0,30,88
09/29/2002,BAF,MA,ANE,EN,Federal Contract Tower,0,2,4,0,6,0,2,176,0,178,0,4,180,0,184,162,0,162,346
09/30/2002,BAF,MA,ANE,EN,Federal Contract Tower,0,3,11,0,14,0,0,62,0,62,0,3,73,0,76,64,0,64,140
10/01/2002,BAF,MA,ANE,EN,Federal Contract Tower,0,3,6,4,13,0,0,75,14,89,0,3,81,18,102,60,0,60,162
10/02/2002,BAF,MA,ANE,EN,Federal Contract Tower,0,1,14,7,22,0,0,73,15,88,0,1,87,22,110,56,20,76,186
10/03/2002,BAF,MA,ANE,EN,Federal Contract Tower,0,3,9,7,19,0,0,44,10,54,0,3,53,17,73,36,10,46,119
10/04/2002,BAF,MA,ANE,EN,Federal Contract Tower,0,3,15,4,22,0,0,15,3,18,0,3,30,7,40,8,2,10,50
10/05/2002,BAF,MA,ANE,EN,Federal Contract Tower,0,0,6,4,10,0,0,49,16,65,0,0,55,20,75,72,10,82,157
10/06/2002,BAF,MA,ANE,EN,Federal Contract Tower,0,1,9,2,12,0,1,182,6,189,0,2,191,8,201,172,26,198,399
10/07/2002,BAF,MA,ANE,EN,Federal Contract Tower,0,0,7,0,7,0,0,15,0,15,0,0,22,0,22,40,0,40,62
10/08/2002,BAF,MA,ANE,EN,Federal Contract Tower,0,2,9,5,16,0,0,71,9,80,0,2,80,14,96,70,10,80,176
10/09/2002,BAF,MA,ANE,EN,Federal Contract Tower,0,3,8,4,15,0,1,80,13,94,0,4,88,17,109,76,16,92,201
10/10/2002,BAF,MA,ANE,EN,Federal Contract Tower,0,2,17,3,22,0,0,42,9,51,0,2,59,12,73,56,6,62,135
10/11/2002,BAF,MA,ANE,EN,Federal Contract Tower,0,2,25,7,34,0,0,2,0,2,0,2,27,7,36,18,4,22,58
10/12/2002,BAF,MA,ANE,EN,Federal Contract Tower,0,0,10,2,12,0,0,1,0,1,0,0,11,2,13,4,0,4,17
10/13/2002,BAF,MA,ANE,EN,Federal Contract Tower,0,1,15,0,16,0,0,3,0,3,0,1,18,0,19,0,0,0,19
10/14/2002,BAF,MA,ANE,EN,Federal Contract Tower,0,0,12,0,12,0,0,74,0,74,0,0,86,0,86,58,0,58,144
10/15/2002,BAF,MA,ANE,EN,Federal Contract Tower,0,0,14,4,18,0,0,65,4,69,0,0,79,8,87,50,12,62,149
10/16/2002,BAF,MA,ANE,EN,Federal Contract Tower,0,2,12,0,14,0,0,0,0,0,0,2,12,0,14,0,0,0,14
10/17/2002,BAF,MA,ANE,EN,Federal Contract Tower,0,4,7,7,18,0,0,139,19,158,0,4,146,26,176,156,50,206,382
10/18/2002,BAF,MA,ANE,EN,Federal Contract Tower,0,0,5,7,12,0,0,110,7,117,0,0,115,14,129,90,2,92,221
10/19/2002,BAF,MA,ANE,EN,Federal Contract Tower,0,5,7,0,12,0,0,57,0,57,0,5,64,0,69,56,14,70,139
10/20/2002,BAF,MA,ANE,EN,Federal Contract Tower,0,0,7,1,8,0,0,134,0,134,0,0,141,1,142,116,0,116,258
10/21/2002,BAF,MA,ANE,EN,Federal Contract Tower,0,0,12,2,14,0,0,39,5,44,0,0,51,7,58,38,0,38,96
10/22/2002,BAF,MA,ANE,EN,Federal Contract Tower,0,0,5,3,8,0,0,95,1,96,0,0,100,4,104,104,2,106,210
10/23/2002,BAF,MA,ANE,EN,Federal Contract Tower,0,2,13,3,18,0,0,44,25,69,0,2,57,28,87,96,0,96,183
10/24/2002,BAF,MA,ANE,EN,Federal Contract Tower,0,0,5,5,10,0,0,100,15,115,0,0,105,20,125,136,16,152,277
10/25/2002,BAF,MA,ANE,EN,Federal Contract Tower,0,1,4,6,11,0,0,92,11,103,0,1,96,17,114,130,20,150,264
10/26/2002,BAF,MA,ANE,EN,Federal Contract Tower,0,0,5,0,5,0,0,1,0,1,0,0,6,0,6,4,0,4,10
10/27/2002,BAF,MA,ANE,EN,Federal Contract Tower,0,0,10,0,10,0,0,121,2,123,0,0,131,2,133,62,0,62,195
10/28/2002,BAF,MA,ANE,EN,Federal Contract Tower,0,0,15,0,15,0,0,45,1,46,0,0,60,1,61,74,0,74,135
10/29/2002,BAF,MA,ANE,EN,Federal Contract Tower,0,3,7,7,17,0,0,55,10,65,0,3,62,17,82,74,14,88,170
10/30/2002,BAF,MA,ANE,EN,Federal Contract Tower,0,0,6,6,12,0,0,31,25,56,0,0,37,31,68,108,8,116,184
10/31/2002,BAF,MA,ANE,EN,Federal Contract Tower,0,5,10,2,17,0,0,79,4,83,0,5,89,6,100,80,4,84,184
11/01/2002,BAF,MA,ANE,EN,Federal Contract Tower,0,0,8,5,13,0,0,62,16,78,0,0,70,21,91,62,10,72,163
11/02/2002,BAF,MA,ANE,EN,Federal Contract Tower,0,0,3,14,17,0,0,90,11,101,0,0,93,25,118,130,16,146,264
11/03/2002,BAF,MA,ANE,EN,Federal Contract Tower,0,2,7,0,9,0,0,98,0,98,0,2,105,0,107,80,4,84,191
11/04/2002,BAF,MA,ANE,EN,Federal Contract Tower,0,0,8,0,8,0,0,21,4,25,0,0,29,4,33,32,0,32,65
11/05/2002,BAF,MA,ANE,EN,Federal Contract Tower,0,2,6,13,21,0,0,94,30,124,0,2,100,43,145,96,18,114,259
11/06/2002,BAF,MA,ANE,EN,Federal Contract Tower,0,0,10,0,10,0,0,2,1,3,0,0,12,1,13,0,0,0,13
11/07/2002,BAF,MA,ANE,EN,Federal Contract Tower,0,0,2,5,7,0,0,17,24,41,0,0,19,29,48,0,28,28,76
11/08/2002,BAF,MA,ANE,EN,Federal Contract Tower,0,5,11,6,22,0,2,67,14,83,0,7,78,20,105,106,8,114,219
11/09/2002,BAF,MA,ANE,EN,Federal Contract Tower,0,0,8,0,8,0,0,140,0,140,0,0,148,0,148,142,2,144,292
11/10/2002,BAF,MA,ANE,EN,Federal Contract Tower,0,0,7,0,7,0,0,25,2,27,0,0,32,2,34,16,6,22,56
11/11/2002,BAF,MA,ANE,EN,Federal Contract Tower,0,1,16,0,17,0,0,4,0,4,0,1,20,0,21,0,0,0,21
11/12/2002,BAF,MA,ANE,EN,Federal Contract Tower,0,3,11,2,16,0,0,26,6,32,0,3,37,8,48,24,0,24,72
11/13/2002,BAF,MA,ANE,EN,Federal Contract Tower,0,0,6,3,9,0,0,29,11,40,0,0,35,14,49,66,0,66,115
11/14/2002,BAF,MA,ANE,EN,Federal Contract Tower,0,1,4,10,15,0,0,157,20,177,0,1,161,30,192,132,10,142,334
11/15/2002,BAF,MA,ANE,EN,Federal Contract Tower,0,0,11,16,27,0,0,91,19,110,0,0,102,35,137,140,50,190,327
11/16/2002,BAF,MA,ANE,EN,Federal Contract Tower,0,0,1,0,1,0,0,0,0,0,0,0,1,0,1,0,0,0,1
11/17/2002,BAF,MA,ANE,EN,Federal Contract Tower,0,0,4,0,4,0,0,0,0,0,0,0,4,0,4,0,0,0,4
11/18/2002,BAF,MA,ANE,EN,Federal Contract Tower,0,1,7,2,10,0,0,7,13,20,0,1,14,15,30,2,0,2,32
11/19/2002,BAF,MA,ANE,EN,Federal Contract Tower,0,0,15,4,19,0,0,59,15,74,0,0,74,19,93,72,2,74,167
11/20/2002,BAF,MA,ANE,EN,Federal Contract Tower,0,0,13,6,19,0,0,80,5,85,0,0,93,11,104,78,16,94,198
11/21/2002,BAF,MA,ANE,EN,Federal Contract Tower,0,0,1,0,1,0,3,0,0,3,0,3,1,0,4,0,0,0,4
11/22/2002,BAF,MA,ANE,EN,Federal Contract Tower,0,1,16,1,18,0,1,0,4,5,0,2,16,5,23,4,0,4,27
11/23/2002,BAF,MA,ANE,EN,Federal Contract Tower,0,1,1,0,2,0,0,0,0,0,0,1,1,0,2,0,0,0,2
11/24/2002,BAF,MA,ANE,EN,Federal Contract Tower,0,0,10,3,13,0,0,63,5,68,0,0,73,8,81,38,2,40,121
11/25/2002,BAF,MA,ANE,EN,Federal Contract Tower,0,2,6,10,18,0,0,67,16,83,0,2,73,26,101,130,18,148,249
11/26/2002,BAF,MA,ANE,EN,Federal Contract Tower,0,0,19,7,26,0,0,100,13,113,0,0,119,20,139,70,4,74,213
11/27/2002,BAF,MA,ANE,EN,Federal Contract Tower,0,1,3,0,4,0,0,18,0,18,0,1,21,0,22,6,0,6,28
11/28/2002,BAF,MA,ANE,EN,Federal Contract Tower,0,0,2,0,2,0,0,21,0,21,0,0,23,0,23,14,0,14,37
11/29/2002,BAF,MA,ANE,EN,Federal Contract Tower,0,0,9,0,9,0,0,21,0,21,0,0,30,0,30,18,4,22,52
11/30/2002,BAF,MA,ANE,EN,Federal Contract Tower,0,0,2,0,2,0,0,53,0,53,0,0,55,0,55,58,0,58,113
12/01/2002,BAF,MA,ANE,EN,Federal Contract Tower,0,0,12,2,14,0,0,1,4,5,0,0,13,6,19,0,0,0,19
12/02/2002,BAF,MA,ANE,EN,Federal Contract Tower,0,0,11,4,15,0,0,46,7,53,0,0,57,11,68,56,18,74,142
12/03/2002,BAF,MA,ANE,EN,Federal Contract Tower,0,0,5,11,16,0,0,13,12,25,0,0,18,23,41,8,22,30,71
12/04/2002,BAF,MA,ANE,EN,Federal Contract Tower,0,3,4,3,10,0,0,107,12,119,0,3,111,15,129,66,4,70,199
12/05/2002,BAF,MA,ANE,EN,Federal Contract Tower,0,0,16,1,17,0,0,0,0,0,0,0,16,1,17,0,0,0,17
12/06/2002,BAF,MA,ANE,EN,Federal Contract Tower,0,2,12,4,18,0,2,23,0,25,0,4,35,4,43,58,16,74,117
12/07/2002,BAF,MA,ANE,EN,Federal Contract Tower,0,0,7,4,11,0,0,137,6,143,0,0,144,10,154,162,14,176,330
12/08/2002,BAF,MA,ANE,EN,Federal Contract Tower,0,0,14,0,14,0,0,73,0,73,0,0,87,0,87,84,2,86,173
12/09/2002,BAF,MA,ANE,EN,Federal Contract Tower,0,0,21,1,22,0,1,52,1,54,0,1,73,2,76,36,2,38,114
12/10/2002,BAF,MA,ANE,EN,Federal Contract Tower,0,0,4,7,11,0,0,56,1,57,0,0,60,8,68,50,12,62,130
12/11/2002,BAF,MA,ANE,EN,Federal Contract Tower,0,5,4,4,13,0,2,27,11,40,0,7,31,15,53,18,0,18,71
12/12/2002,BAF,MA,ANE,EN,Federal Contract Tower,0,0,6,2,8,0,0,32,4,36,0,0,38,6,44,52,6,58,102
12/13/2002,BAF,MA,ANE,EN,Federal Contract Tower,0,1,22,1,24,0,0,69,3,72,0,1,91,4,96,84,4,88,184
12/14/2002,BAF,MA,ANE,EN,Federal Contract Tower,0,0,6,2,8,0,0,3,0,3,0,0,9,2,11,0,0,0,11
12/15/2002,BAF,MA,ANE,EN,Federal Contract Tower,0,0,8,0,8,0,0,59,0,59,0,0,67,0,67,44,0,44,111
12/16/2002,BAF,MA,ANE,EN,Federal Contract Tower,0,4,4,0,8,0,0,0,0,0,0,4,4,0,8,0,0,0,8
12/17/2002,BAF,MA,ANE,EN,Federal Contract Tower,0,4,8,8,20,0,0,65,16,81,0,4,73,24,101,84,0,84,185
12/18/2002,BAF,MA,ANE,EN,Federal Contract Tower,0,0,21,6,27,0,0,75,15,90,0,0,96,21,117,64,0,64,181
12/19/2002,BAF,MA,ANE,EN,Federal Contract Tower,0,2,11,11,24,0,0,89,27,116,0,2,100,38,140,70,22,92,232
12/20/2002,BAF,MA,ANE,EN,Federal Contract Tower,0,0,9,0,9,0,0,1,4,5,0,0,10,4,14,18,0,18,32
12/21/2002,BAF,MA,ANE,EN,Federal Contract Tower,0,0,3,0,3,0,0,20,0,20,0,0,23,0,23,14,0,14,37
12/22/2002,BAF,MA,ANE,EN,Federal Contract Tower,0,0,8,0,8,0,0,85,0,85,0,0,93,0,93,128,0,128,221
12/23/2002,BAF,MA,ANE,EN,Federal Contract Tower,0,3,9,8,20,0,0,60,18,78,0,3,69,26,98,78,10,88,186
12/24/2002,BAF,MA,ANE,EN,Federal Contract Tower,0,0,1,3,4,0,0,61,12,73,0,0,62,15,77,56,0,56,133
12/25/2002,BAF,MA,ANE,EN,Federal Contract Tower,0,0,0,0,0,0,0,0,0,0,0,0,0,0,0,0,0,0,0
12/26/2002,BAF,MA,ANE,EN,Federal Contract Tower,0,0,5,0,5,0,0,21,0,21,0,0,26,0,26,6,0,6,32
12/27/2002,BAF,MA,ANE,EN,Federal Contract Tower,0,2,14,6,22,0,0,73,14,87,0,2,87,20,109,122,12,134,243
12/28/2002,BAF,MA,ANE,EN,Federal Contract Tower,0,0,12,10,22,0,0,79,3,82,0,0,91,13,104,128,2,130,234
12/29/2002,BAF,MA,ANE,EN,Federal Contract Tower,0,0,3,0,3,0,0,92,0,92,0,0,95,0,95,46,0,46,141
12/30/2002,BAF,MA,ANE,EN,Federal Contract Tower,0,0,9,8,17,0,0,107,22,129,0,0,116,30,146,168,4,172,318
12/31/2002,BAF,MA,ANE,EN,Federal Contract Tower,0,0,3,0,3,0,0,0,0,0,0,0,3,0,3,0,0,0,3
01/01/2003,BAF,MA,ANE,EN,Federal Contract Tower,0,0,8,0,8,0,0,11,0,11,0,0,19,0,19,62,0,62,81
01/02/2003,BAF,MA,ANE,EN,Federal Contract Tower,0,1,2,0,3,0,0,1,1,2,0,1,3,1,5,0,2,2,7
01/03/2003,BAF,MA,ANE,EN,Federal Contract Tower,0,0,5,0,5,0,0,1,0,1,0,0,6,0,6,0,0,0,6
01/04/2003,BAF,MA,ANE,EN,Federal Contract Tower,0,0,6,2,8,0,0,0,1,1,0,0,6,3,9,0,0,0,9
01/05/2003,BAF,MA,ANE,EN,Federal Contract Tower,0,1,12,5,18,0,0,34,0,34,0,1,46,5,52,58,12,70,122
01/06/2003,BAF,MA,ANE,EN,Federal Contract Tower,0,0,12,0,12,0,0,0,0,0,0,0,12,0,12,0,0,0,12
01/07/2003,BAF,MA,ANE,EN,Federal Contract Tower,0,2,5,5,12,0,0,46,10,56,0,2,51,15,68,48,12,60,128
01/08/2003,BAF,MA,ANE,EN,Federal Contract Tower,0,0,11,5,16,0,0,12,17,29,0,0,23,22,45,40,4,44,89
01/09/2003,BAF,MA,ANE,EN,Federal Contract Tower,0,1,13,10,24,0,0,31,7,38,0,1,44,17,62,48,40,88,150
01/10/2003,BAF,MA,ANE,EN,Federal Contract Tower,0,0,18,10,28,0,0,41,4,45,0,0,59,14,73,40,14,54,127
01/11/2003,BAF,MA,ANE,EN,Federal Contract Tower,0,1,5,12,18,0,0,54,9,63,0,1,59,21,81,64,10,74,155
01/12/2003,BAF,MA,ANE,EN,Federal Contract Tower,0,0,4,0,4,0,0,55,3,58,0,0,59,3,62,32,0,32,94
01/13/2003,BAF,MA,ANE,EN,Federal Contract Tower,0,0,7,0,7,0,0,14,0,14,0,0,21,0,21,18,4,22,43
01/14/2003,BAF,MA,ANE,EN,Federal Contract Tower,0,4,6,7,17,0,5,33,13,51,0,9,39,20,68,24,4,28,96
01/15/2003,BAF,MA,ANE,EN,Federal Contract Tower,0,4,6,8,18,0,1,43,15,59,0,5,49,23,77,42,44,86,163
01/16/2003,BAF,MA,ANE,EN,Federal Contract Tower,0,0,8,8,16,0,0,91,22,113,0,0,99,30,129,90,90,180,309
01/17/2003,BAF,MA,ANE,EN,Federal Contract Tower,0,1,10,16,27,0,0,63,10,73,0,1,73,26,100,38,12,50,150
01/18/2003,BAF,MA,ANE,EN,Federal Contract Tower,0,0,8,0,8,0,0,119,1,120,0,0,127,1,128,134,4,138,266
01/19/2003,BAF,MA,ANE,EN,Federal Contract Tower,0,0,8,0,8,0,0,19,0,19,0,0,27,0,27,26,0,26,53
01/20/2003,BAF,MA,ANE,EN,Federal Contract Tower,0,1,11,0,12,0,0,11,0,11,0,1,22,0,23,16,0,16,39
01/21/2003,BAF,MA,ANE,EN,Federal Contract Tower,0,0,7,8,15,0,0,8,8,16,0,0,15,16,31,8,0,8,39
01/22/2003,BAF,MA,ANE,EN,Federal Contract Tower,0,2,7,6,15,0,0,30,24,54,0,2,37,30,69,8,28,36,105
01/23/2003,BAF,MA,ANE,EN,Federal Contract Tower,0,0,4,7,11,0,0,35,5,40,0,0,39,12,51,12,18,30,81
01/24/2003,BAF,MA,ANE,EN,Federal Contract Tower,0,4,5,5,14,0,0,32,6,38,0,4,37,11,52,22,2,24,76
01/25/2003,BAF,MA,ANE,EN,Federal Contract Tower,0,4,9,0,13,0,0,108,1,109,0,4,117,1,122,96,8,104,226
01/26/2003,BAF,MA,ANE,EN,Federal Contract Tower,0,0,2,0,2,0,0,45,0,45,0,0,47,0,47,74,2,76,123
01/27/2003,BAF,MA,ANE,EN,Federal Contract Tower,0,4,6,4,14,0,0,22,0,22,0,4,28,4,36,6,4,10,46
01/28/2003,BAF,MA,ANE,EN,Federal Contract Tower,0,0,4,18,22,0,0,30,25,55,0,0,34,43,77,36,14,50,127
01/29/2003,BAF,MA,ANE,EN,Federal Contract Tower,0,2,6,8,16,0,0,24,20,44,0,2,30,28,60,14,18,32,92
01/30/2003,BAF,MA,ANE,EN,Federal Contract Tower,0,5,7,7,19,0,1,97,20,118,0,6,104,27,137,86,26,112,249
01/31/2003,BAF,MA,ANE,EN,Federal Contract Tower,0,1,6,18,25,0,0,33,13,46,0,1,39,31,71,52,8,60,131
02/01/2003,BAF,MA,ANE,EN,Federal Contract Tower,0,0,6,0,6,0,1,4,0,5,0,1,10,0,11,4,0,4,15
02/02/2003,BAF,MA,ANE,EN,Federal Contract Tower,0,0,13,17,30,0,1,14,13,28,0,1,27,30,58,4,4,8,66
02/03/2003,BAF,MA,ANE,EN,Federal Contract Tower,0,2,5,12,19,0,0,90,13,103,0,2,95,25,122,68,6,74,196
02/04/2003,BAF,MA,ANE,EN,Federal Contract Tower,0,0,10,0,10,0,0,0,0,0,0,0,10,0,10,0,0,0,10
02/05/2003,BAF,MA,ANE,EN,Federal Contract Tower,0,2,10,9,21,0,1,21,31,53,0,3,31,40,74,14,14,28,102
02/06/2003,BAF,MA,ANE,EN,Federal Contract Tower,0,3,13,21,37,0,0,56,22,78,0,3,69,43,115,48,22,70,185
02/07/2003,BAF,MA,ANE,EN,Federal Contract Tower,0,2,5,0,7,0,0,0,0,0,0,2,5,0,7,0,0,0,7
02/08/2003,BAF,MA,ANE,EN,Federal Contract Tower,0,1,2,0,3,0,0,69,0,69,0,1,71,0,72,106,4,110,182
02/09/2003,BAF,MA,ANE,EN,Federal Contract Tower,0,0,8,0,8,0,0,82,0,82,0,0,90,0,90,94,0,94,184
02/10/2003,BAF,MA,ANE,EN,Federal Contract Tower,0,2,3,0,5,0,0,2,0,2,0,2,5,0,7,18,0,18,25
02/11/2003,BAF,MA,ANE,EN,Federal Contract Tower,0,0,1,7,8,0,0,26,20,46,0,0,27,27,54,2,18,20,74
02/12/2003,BAF,MA,ANE,EN,Federal Contract Tower,0,3,3,0,6,0,0,0,0,0,0,3,3,0,6,0,0,0,6
02/13/2003,BAF,MA,ANE,EN,Federal Contract Tower,0,4,4,3,11,0,0,3,9,12,0,4,7,12,23,6,2,8,31
02/14/2003,BAF,MA,ANE,EN,Federal Contract Tower,0,2,5,0,7,0,1,42,0,43,0,3,47,0,50,10,2,12,62
02/15/2003,BAF,MA,ANE,EN,Federal Contract Tower,0,0,4,3,7,0,0,73,11,84,0,0,77,14,91,20,52,72,163
02/16/2003,BAF,MA,ANE,EN,Federal Contract Tower,0,2,12,7,21,0,0,35,14,49,0,2,47,21,70,60,0,60,130
02/17/2003,BAF,MA,ANE,EN,Federal Contract Tower,0,0,0,0,0,0,0,0,0,0,0,0,0,0,0,0,0,0,0
02/18/2003,BAF,MA,ANE,EN,Federal Contract Tower,0,1,1,0,2,0,0,0,0,0,0,1,1,0,2,0,0,0,2
02/19/2003,BAF,MA,ANE,EN,Federal Contract Tower,0,8,10,0,18,0,0,52,0,52,0,8,62,0,70,48,0,48,118
02/20/2003,BAF,MA,ANE,EN,Federal Contract Tower,0,0,8,4,12,0,1,77,8,86,0,1,85,12,98,90,12,102,200
02/21/2003,BAF,MA,ANE,EN,Federal Contract Tower,0,6,8,12,26,0,1,110,14,125,0,7,118,26,151,94,8,102,253
02/22/2003,BAF,MA,ANE,EN,Federal Contract Tower,0,2,6,0,8,0,0,0,0,0,0,2,6,0,8,14,0,14,22
02/23/2003,BAF,MA,ANE,EN,Federal Contract Tower,0,4,2,1,7,0,0,0,0,0,0,4,2,1,7,0,0,0,7
02/24/2003,BAF,MA,ANE,EN,Federal Contract Tower,0,3,23,8,34,0,0,14,4,18,0,3,37,12,52,46,0,46,98
02/25/2003,BAF,MA,ANE,EN,Federal Contract Tower,0,1,10,6,17,0,0,52,12,64,0,1,62,18,81,2,8,10,91
02/26/2003,BAF,MA,ANE,EN,Federal Contract Tower,0,1,7,7,15,0,0,50,15,65,0,1,57,22,80,56,16,72,152
02/27/2003,BAF,MA,ANE,EN,Federal Contract Tower,0,0,6,8,14,0,2,53,6,61,0,2,59,14,75,86,14,100,175
02/28/2003,BAF,MA,ANE,EN,Federal Contract Tower,0,0,2,8,10,0,0,47,8,55,0,0,49,16,65,76,0,76,141
03/01/2003,BAF,MA,ANE,EN,Federal Contract Tower,0,0,6,1,7,0,0,79,0,79,0,0,85,1,86,34,0,34,120
03/02/2003,BAF,MA,ANE,EN,Federal Contract Tower,0,2,3,2,7,0,0,1,0,1,0,2,4,2,8,0,0,0,8
03/03/2003,BAF,MA,ANE,EN,Federal Contract Tower,0,1,2,3,6,0,0,24,3,27,0,1,26,6,33,12,0,12,45
03/04/2003,BAF,MA,ANE,EN,Federal Contract Tower,0,0,14,7,21,0,0,62,8,70,0,0,76,15,91,22,12,34,125
03/05/2003,BAF,MA,ANE,EN,Federal Contract Tower,0,3,8,0,11,0,0,0,0,0,0,3,8,0,11,2,4,6,17
03/06/2003,BAF,MA,ANE,EN,Federal Contract Tower,0,3,4,0,7,0,1,2,0,3,0,4,6,0,10,4,2,6,16
03/07/2003,BAF,MA,ANE,EN,Federal Contract Tower,0,4,8,0,12,0,3,55,0,58,0,7,63,0,70,56,0,56,126
03/08/2003,BAF,MA,ANE,EN,Federal Contract Tower,0,1,8,0,9,0,1,115,0,116,0,2,123,0,125,144,2,146,271
03/09/2003,BAF,MA,ANE,EN,Federal Contract Tower,1,2,1,2,6,0,0,14,0,14,1,2,15,2,20,42,2,44,64
03/10/2003,BAF,MA,ANE,EN,Federal Contract Tower,0,2,13,0,15,0,1,10,0,11,0,3,23,0,26,20,0,20,46
03/11/2003,BAF,MA,ANE,EN,Federal Contract Tower,0,1,7,2,10,0,0,73,0,73,0,1,80,2,83,70,2,72,155
03/12/2003,BAF,MA,ANE,EN,Federal Contract Tower,0,6,5,0,11,0,0,57,1,58,0,6,62,1,69,106,40,146,215
03/13/2003,BAF,MA,ANE,EN,Federal Contract Tower,0,0,6,1,7,0,1,2,0,3,0,1,8,1,10,12,0,12,22
03/14/2003,BAF,MA,ANE,EN,Federal Contract Tower,0,3,7,0,10,0,0,42,0,42,0,3,49,0,52,44,0,44,96
03/15/2003,BAF,MA,ANE,EN,Federal Contract Tower,0,0,4,1,5,0,0,122,0,122,0,0,126,1,127,154,2,156,283
03/16/2003,BAF,MA,ANE,EN,Federal Contract Tower,0,0,9,0,9,0,0,119,0,119,0,0,128,0,128,190,0,190,318
03/17/2003,BAF,MA,ANE,EN,Federal Contract Tower,0,0,12,0,12,0,0,50,0,50,0,0,62,0,62,114,0,114,176
03/18/2003,BAF,MA,ANE,EN,Federal Contract Tower,0,0,1,0,1,0,0,61,10,71,0,0,62,10,72,48,42,90,162
03/19/2003,BAF,MA,ANE,EN,Federal Contract Tower,0,2,5,6,13,0,0,99,2,101,0,2,104,8,114,92,38,130,244
03/20/2003,BAF,MA,ANE,EN,Federal Contract Tower,0,1,11,0,12,0,0,27,0,27,0,1,38,0,39,84,0,84,123
03/21/2003,BAF,MA,ANE,EN,Federal Contract Tower,0,0,7,0,7,0,0,20,0,20,0,0,27,0,27,62,2,64,91
03/22/2003,BAF,MA,ANE,EN,Federal Contract Tower,0,0,4,0,4,0,0,78,0,78,0,0,82,0,82,146,0,146,228
03/23/2003,BAF,MA,ANE,EN,Federal Contract Tower,0,2,14,0,16,0,0,65,0,65,0,2,79,0,81,68,0,68,149
03/24/2003,BAF,MA,ANE,EN,Federal Contract Tower,0,1,3,0,4,0,1,62,0,63,0,2,65,0,67,118,0,118,185
03/25/2003,BAF,MA,ANE,EN,Federal Contract Tower,0,2,12,0,14,0,1,49,0,50,0,3,61,0,64,76,14,90,154
03/26/2003,BAF,MA,ANE,EN,Federal Contract Tower,0,3,10,0,13,0,0,11,0,11,0,3,21,0,24,30,4,34,58
03/27/2003,BAF,MA,ANE,EN,Federal Contract Tower,0,0,12,0,12,0,0,64,0,64,0,0,76,0,76,70,0,70,146
03/28/2003,BAF,MA,ANE,EN,Federal Contract Tower,0,0,17,1,18,0,0,69,0,69,0,0,86,1,87,68,0,68,155
03/29/2003,BAF,MA,ANE,EN,Federal Contract Tower,0,0,3,0,3,0,0,0,0,0,0,0,3,0,3,4,0,4,7
03/30/2003,BAF,MA,ANE,EN,Federal Contract Tower,0,2,5,2,9,0,0,0,0,0,0,2,5,2,9,4,0,4,13
03/31/2003,BAF,MA,ANE,EN,Federal Contract Tower,0,0,7,0,7,0,0,15,0,15,0,0,22,0,22,28,0,28,50
04/01/2003,BAF,MA,ANE,EN,Federal Contract Tower,0,3,9,8,20,0,1,6,7,14,0,4,15,15,34,14,30,44,78
04/02/2003,BAF,MA,ANE,EN,Federal Contract Tower,13,3,14,4,34,13,1,31,0,45,26,4,45,4,79,38,36,74,153
04/03/2003,BAF,MA,ANE,EN,Federal Contract Tower,0,3,19,18,40,0,0,0,1,1,0,3,19,19,41,28,0,28,69
04/04/2003,BAF,MA,ANE,EN,Federal Contract Tower,0,1,8,0,9,0,3,0,0,3,0,4,8,0,12,0,0,0,12
04/05/2003,BAF,MA,ANE,EN,Federal Contract Tower,0,2,2,0,4,0,0,0,0,0,0,2,2,0,4,0,0,0,4
04/06/2003,BAF,MA,ANE,EN,Federal Contract Tower,0,3,13,0,16,0,0,9,0,9,0,3,22,0,25,30,0,30,55
04/07/2003,BAF,MA,ANE,EN,Federal Contract Tower,0,2,13,0,15,0,0,11,6,17,0,2,24,6,32,8,0,8,40
04/08/2003,BAF,MA,ANE,EN,Federal Contract Tower,0,0,8,0,8,0,0,2,0,2,0,0,10,0,10,0,0,0,10
04/09/2003,BAF,MA,ANE,EN,Federal Contract Tower,0,1,7,0,8,0,0,0,0,0,0,1,7,0,8,0,0,0,8
04/10/2003,BAF,MA,ANE,EN,Federal Contract Tower,0,1,12,1,14,0,5,103,0,108,0,6,115,1,122,168,8,176,298
04/11/2003,BAF,MA,ANE,EN,Federal Contract Tower,0,0,13,0,13,0,0,16,0,16,0,0,29,0,29,30,0,30,59
04/12/2003,BAF,MA,ANE,EN,Federal Contract Tower,0,0,3,0,3,0,0,33,0,33,0,0,36,0,36,68,0,68,104
04/13/2003,BAF,MA,ANE,EN,Federal Contract Tower,0,1,16,0,17,0,0,130,0,130,0,1,146,0,147,80,0,80,227
04/14/2003,BAF,MA,ANE,EN,Federal Contract Tower,0,0,8,0,8,0,0,87,0,87,0,0,95,0,95,66,6,72,167
04/15/2003,BAF,MA,ANE,EN,Federal Contract Tower,0,2,12,0,14,0,0,90,0,90,0,2,102,0,104,58,8,66,170
04/16/2003,BAF,MA,ANE,EN,Federal Contract Tower,0,1,3,0,4,0,0,48,0,48,0,1,51,0,52,14,10,24,76
04/17/2003,BAF,MA,ANE,EN,Federal Contract Tower,0,3,1,2,6,0,0,44,0,44,0,3,45,2,50,54,6,60,110
04/18/2003,BAF,MA,ANE,EN,Federal Contract Tower,0,4,16,0,20,0,0,48,0,48,0,4,64,0,68,124,0,124,192
04/19/2003,BAF,MA,ANE,EN,Federal Contract Tower,0,1,10,0,11,0,0,183,0,183,0,1,193,0,194,190,0,190,384
04/20/2003,BAF,MA,ANE,EN,Federal Contract Tower,0,1,1,0,2,0,0,59,0,59,0,1,60,0,61,22,0,22,83
04/21/2003,BAF,MA,ANE,EN,Federal Contract Tower,0,2,10,0,12,0,0,69,2,71,0,2,79,2,83,126,4,130,213
04/22/2003,BAF,MA,ANE,EN,Federal Contract Tower,0,6,17,0,23,0,0,0,0,0,0,6,17,0,23,18,0,18,41
04/23/2003,BAF,MA,ANE,EN,Federal Contract Tower,0,1,15,1,17,0,0,23,0,23,0,1,38,1,40,33,18,51,91
04/24/2003,BAF,MA,ANE,EN,Federal Contract Tower,0,1,6,0,7,0,0,17,0,17,0,1,23,0,24,24,0,24,48
04/25/2003,BAF,MA,ANE,EN,Federal Contract Tower,0,0,14,0,14,0,0,124,1,125,0,0,138,1,139,105,2,107,246
04/26/2003,BAF,MA,ANE,EN,Federal Contract Tower,0,2,15,0,17,0,0,0,0,0,0,2,15,0,17,16,0,16,33
04/27/2003,BAF,MA,ANE,EN,Federal Contract Tower,0,2,12,0,14,0,0,68,0,68,0,2,80,0,82,64,0,64,146
04/28/2003,BAF,MA,ANE,EN,Federal Contract Tower,0,5,11,0,16,0,0,72,0,72,0,5,83,0,88,94,0,94,182
04/29/2003,BAF,MA,ANE,EN,Federal Contract Tower,0,2,11,1,14,0,0,74,16,90,0,2,85,17,104,78,36,114,218
04/30/2003,BAF,MA,ANE,EN,Federal Contract Tower,0,2,13,3,18,0,0,87,0,87,0,2,100,3,105,110,2,112,217
05/01/2003,BAF,MA,ANE,EN,Federal Contract Tower,0,1,16,0,17,0,0,68,7,75,0,1,84,7,92,102,6,108,200
05/02/2003,BAF,MA,ANE,EN,Federal Contract Tower,0,1,0,0,1,0,0,23,11,34,0,1,23,11,35,24,0,24,59
05/03/2003,BAF,MA,ANE,EN,Federal Contract Tower,0,0,1,0,1,0,0,71,10,81,0,0,72,10,82,58,6,64,146
05/04/2003,BAF,MA,ANE,EN,Federal Contract Tower,0,3,0,0,3,0,0,178,12,190,0,3,178,12,193,118,2,120,313
05/05/2003,BAF,MA,ANE,EN,Federal Contract Tower,0,1,0,0,1,0,0,71,4,75,0,1,71,4,76,50,2,52,128
05/06/2003,BAF,MA,ANE,EN,Federal Contract Tower,0,0,6,0,6,0,0,8,0,8,0,0,14,0,14,34,22,56,70
05/07/2003,BAF,MA,ANE,EN,Federal Contract Tower,0,0,4,0,4,0,0,61,17,78,0,0,65,17,82,66,32,98,180
05/08/2003,BAF,MA,ANE,EN,Federal Contract Tower,0,4,0,0,4,0,0,17,6,23,0,4,17,6,27,20,14,34,61
05/09/2003,BAF,MA,ANE,EN,Federal Contract Tower,0,8,0,0,8,0,0,105,8,113,0,8,105,8,121,96,10,106,227
05/10/2003,BAF,MA,ANE,EN,Federal Contract Tower,0,1,0,0,1,0,0,116,2,118,0,1,116,2,119,98,4,102,221
05/11/2003,BAF,MA,ANE,EN,Federal Contract Tower,0,0,0,0,0,0,0,51,0,51,0,0,51,0,51,48,0,48,99
05/12/2003,BAF,MA,ANE,EN,Federal Contract Tower,0,3,0,0,3,0,0,46,0,46,0,3,46,0,49,16,0,16,65
05/13/2003,BAF,MA,ANE,EN,Federal Contract Tower,0,3,0,0,3,0,0,35,12,47,0,3,35,12,50,120,28,148,198
05/14/2003,BAF,MA,ANE,EN,Federal Contract Tower,0,0,13,0,13,0,0,57,86,143,0,0,70,86,156,126,74,200,356
05/15/2003,BAF,MA,ANE,EN,Federal Contract Tower,0,0,1,0,1,0,0,97,25,122,0,0,98,25,123,130,52,182,305
05/16/2003,BAF,MA,ANE,EN,Federal Contract Tower,0,0,15,0,15,0,0,46,14,60,0,0,61,14,75,74,104,178,253
05/17/2003,BAF,MA,ANE,EN,Federal Contract Tower,0,0,5,0,5,0,0,46,0,46,0,0,51,0,51,66,0,66,117
05/18/2003,BAF,MA,ANE,EN,Federal Contract Tower,0,0,8,0,8,0,0,150,0,150,0,0,158,0,158,94,0,94,252
05/19/2003,BAF,MA,ANE,EN,Federal Contract Tower,0,0,0,0,0,0,0,82,16,98,0,0,82,16,98,128,12,140,238
05/20/2003,BAF,MA,ANE,EN,Federal Contract Tower,0,1,0,0,1,0,0,126,22,148,0,1,126,22,149,146,16,162,311
05/21/2003,BAF,MA,ANE,EN,Federal Contract Tower,0,0,10,0,10,0,0,50,14,64,0,0,60,14,74,84,10,94,168
05/22/2003,BAF,MA,ANE,EN,Federal Contract Tower,0,0,25,0,25,0,0,27,14,41,0,0,52,14,66,66,8,74,140
05/23/2003,BAF,MA,ANE,EN,Federal Contract Tower,0,0,9,0,9,0,0,6,2,8,0,0,15,2,17,0,0,0,17
05/24/2003,BAF,MA,ANE,EN,Federal Contract Tower,0,0,12,0,12,0,0,2,0,2,0,0,14,0,14,10,0,10,24
05/25/2003,BAF,MA,ANE,EN,Federal Contract Tower,0,4,0,0,4,0,0,47,2,49,0,4,47,2,53,160,2,162,215
05/26/2003,BAF,MA,ANE,EN,Federal Contract Tower,0,2,0,0,2,0,0,12,0,12,0,2,12,0,14,6,0,6,20
05/27/2003,BAF,MA,ANE,EN,Federal Contract Tower,0,1,0,0,1,0,0,71,18,89,0,1,71,18,90,132,28,160,250
05/28/2003,BAF,MA,ANE,EN,Federal Contract Tower,0,1,0,0,1,0,0,25,11,36,0,1,25,11,37,6,6,12,49
05/29/2003,BAF,MA,ANE,EN,Federal Contract Tower,0,0,9,0,9,0,0,73,21,94,0,0,82,21,103,74,82,156,259
05/30/2003,BAF,MA,ANE,EN,Federal Contract Tower,0,2,0,0,2,0,0,83,12,95,0,2,83,12,97,72,4,76,173
05/31/2003,BAF,MA,ANE,EN,Federal Contract Tower,0,0,4,0,4,0,0,47,0,47,0,0,51,0,51,102,0,102,153
06/01/2003,BAF,MA,ANE,EN,Federal Contract Tower,0,0,6,0,6,0,1,2,0,3,0,1,8,0,9,0,0,0,9
06/02/2003,BAF,MA,ANE,EN,Federal Contract Tower,0,1,3,5,9,0,2,35,9,46,0,3,38,14,55,48,16,64,119
06/03/2003,BAF,MA,ANE,EN,Federal Contract Tower,0,1,8,9,18,0,1,116,11,128,0,2,124,20,146,152,30,182,328
06/04/2003,BAF,MA,ANE,EN,Federal Contract Tower,0,1,17,9,27,0,1,28,7,36,0,2,45,16,63,40,8,48,111
06/05/2003,BAF,MA,ANE,EN,Federal Contract Tower,0,1,29,11,41,0,0,0,7,7,0,1,29,18,48,12,10,22,70
06/06/2003,BAF,MA,ANE,EN,Federal Contract Tower,0,0,11,11,22,0,0,97,15,112,0,0,108,26,134,76,112,188,322
06/07/2003,BAF,MA,ANE,EN,Federal Contract Tower,0,0,14,9,23,0,0,25,6,31,0,0,39,15,54,42,0,42,96
06/08/2003,BAF,MA,ANE,EN,Federal Contract Tower,0,1,15,4,20,0,0,46,6,52,0,1,61,10,72,122,2,124,196
06/09/2003,BAF,MA,ANE,EN,Federal Contract Tower,0,4,30,0,34,0,0,35,4,39,0,4,65,4,73,90,86,176,249
06/10/2003,BAF,MA,ANE,EN,Federal Contract Tower,0,0,13,3,16,0,0,166,15,181,0,0,179,18,197,136,46,182,379
06/11/2003,BAF,MA,ANE,EN,Federal Contract Tower,0,3,19,3,25,0,0,45,2,47,0,3,64,5,72,2,0,2,74
06/12/2003,BAF,MA,ANE,EN,Federal Contract Tower,0,1,10,6,17,0,0,41,6,47,0,1,51,12,64,24,6,30,94
06/13/2003,BAF,MA,ANE,EN,Federal Contract Tower,0,3,31,1,35,0,0,0,0,0,0,3,31,1,35,2,0,2,37
06/14/2003,BAF,MA,ANE,EN,Federal Contract Tower,0,5,21,0,26,0,0,8,8,16,0,5,29,8,42,30,8,38,80
06/15/2003,BAF,MA,ANE,EN,Federal Contract Tower,0,3,2,0,5,0,0,93,0,93,0,3,95,0,98,80,0,80,178
06/16/2003,BAF,MA,ANE,EN,Federal Contract Tower,0,0,17,5,22,24,0,78,5,107,24,0,95,10,129,140,0,140,269
06/17/2003,BAF,MA,ANE,EN,Federal Contract Tower,0,3,18,3,24,0,0,90,7,97,0,3,108,10,121,134,6,140,261
06/18/2003,BAF,MA,ANE,EN,Federal Contract Tower,0,0,13,7,20,0,0,3,2,5,0,0,16,9,25,14,0,14,39
06/19/2003,BAF,MA,ANE,EN,Federal Contract Tower,0,1,17,14,32,0,0,45,0,45,0,1,62,14,77,86,20,106,183
06/20/2003,BAF,MA,ANE,EN,Federal Contract Tower,0,2,9,7,18,0,1,17,4,22,0,3,26,11,40,58,0,58,98
06/21/2003,BAF,MA,ANE,EN,Federal Contract Tower,0,1,8,5,14,0,0,56,10,66,0,1,64,15,80,68,6,74,154
06/22/2003,BAF,MA,ANE,EN,Federal Contract Tower,0,2,17,0,19,0,0,5,0,5,0,2,22,0,24,4,0,4,28
06/23/2003,BAF,MA,ANE,EN,Federal Contract Tower,0,0,10,1,11,0,0,39,39,78,0,0,49,40,89,60,0,60,149
06/24/2003,BAF,MA,ANE,EN,Federal Contract Tower,0,2,9,4,15,0,0,62,10,72,0,2,71,14,87,94,38,132,219
06/25/2003,BAF,MA,ANE,EN,Federal Contract Tower,0,0,19,1,20,0,0,81,3,84,0,0,100,4,104,56,14,70,174
06/26/2003,BAF,MA,ANE,EN,Federal Contract Tower,0,2,11,5,18,0,0,91,11,102,0,2,102,16,120,76,6,82,202
06/27/2003,BAF,MA,ANE,EN,Federal Contract Tower,0,2,13,2,17,0,0,41,4,45,0,2,54,6,62,68,0,68,130
06/28/2003,BAF,MA,ANE,EN,Federal Contract Tower,0,1,4,0,5,0,0,129,0,129,0,1,133,0,134,138,0,138,272
06/29/2003,BAF,MA,ANE,EN,Federal Contract Tower,0,4,11,0,15,0,0,142,0,142,0,4,153,0,157,156,0,156,313
06/30/2003,BAF,MA,ANE,EN,Federal Contract Tower,0,3,20,2,25,0,2,53,8,63,0,5,73,10,88,114,0,114,202
07/01/2003,BAF,MA,ANE,EN,Federal Contract Tower,0,1,4,0,5,0,0,123,14,137,0,1,127,14,142,154,4,158,300
07/02/2003,BAF,MA,ANE,EN,Federal Contract Tower,0,0,14,5,19,0,0,93,7,100,0,0,107,12,119,142,4,146,265
07/03/2003,BAF,MA,ANE,EN,Federal Contract Tower,0,2,20,3,25,0,0,76,13,89,0,2,96,16,114,98,48,146,260
07/04/2003,BAF,MA,ANE,EN,Federal Contract Tower,0,1,7,1,9,0,0,43,9,52,0,1,50,10,61,88,14,102,163
07/05/2003,BAF,MA,ANE,EN,Federal Contract Tower,0,1,6,0,7,0,0,52,0,52,0,1,58,0,59,66,0,66,125
07/06/2003,BAF,MA,ANE,EN,Federal Contract Tower,0,0,11,0,11,0,0,97,0,97,0,0,108,0,108,106,0,106,214
07/07/2003,BAF,MA,ANE,EN,Federal Contract Tower,0,3,8,0,11,0,0,62,0,62,0,3,70,0,73,82,0,82,155
07/08/2003,BAF,MA,ANE,EN,Federal Contract Tower,0,1,18,6,25,0,0,86,8,94,0,1,104,14,119,148,2,150,269
07/09/2003,BAF,MA,ANE,EN,Federal Contract Tower,0,1,13,5,19,0,0,65,13,78,0,1,78,18,97,92,8,100,197
07/10/2003,BAF,MA,ANE,EN,Federal Contract Tower,0,0,9,6,15,0,1,87,10,98,0,1,96,16,113,144,50,194,307
07/11/2003,BAF,MA,ANE,EN,Federal Contract Tower,0,3,12,0,15,0,0,1,0,1,0,3,13,0,16,2,0,2,18
07/12/2003,BAF,MA,ANE,EN,Federal Contract Tower,0,4,12,1,17,0,0,82,3,85,0,4,94,4,102,106,4,110,212
07/13/2003,BAF,MA,ANE,EN,Federal Contract Tower,0,2,13,2,17,0,0,119,0,119,0,2,132,2,136,106,8,114,250
07/14/2003,BAF,MA,ANE,EN,Federal Contract Tower,0,1,12,8,21,0,0,59,12,71,0,1,71,20,92,72,0,72,164
07/15/2003,BAF,MA,ANE,EN,Federal Contract Tower,0,2,16,6,24,0,0,51,7,58,0,2,67,13,82,102,16,118,200
07/16/2003,BAF,MA,ANE,EN,Federal Contract Tower,0,3,25,12,40,0,0,9,3,12,0,3,34,15,52,0,0,0,52
07/17/2003,BAF,MA,ANE,EN,Federal Contract Tower,0,4,9,3,16,0,0,92,4,96,0,4,101,7,112,80,6,86,198
07/18/2003,BAF,MA,ANE,EN,Federal Contract Tower,0,2,15,7,24,0,0,36,6,42,0,2,51,13,66,44,4,48,114
07/19/2003,BAF,MA,ANE,EN,Federal Contract Tower,0,0,11,0,11,0,0,107,0,107,0,0,118,0,118,76,0,76,194
07/20/2003,BAF,MA,ANE,EN,Federal Contract Tower,0,1,4,0,5,0,0,89,0,89,0,1,93,0,94,98,0,98,192
07/21/2003,BAF,MA,ANE,EN,Federal Contract Tower,0,3,12,0,15,0,0,20,0,20,0,3,32,0,35,20,0,20,55
07/22/2003,BAF,MA,ANE,EN,Federal Contract Tower,0,1,11,8,20,0,0,14,6,20,0,1,25,14,40,50,36,86,126
07/23/2003,BAF,MA,ANE,EN,Federal Contract Tower,0,1,14,7,22,0,0,6,3,9,0,1,20,10,31,18,8,26,57
07/24/2003,BAF,MA,ANE,EN,Federal Contract Tower,0,4,20,6,30,0,0,13,0,13,0,4,33,6,43,12,2,14,57
07/25/2003,BAF,MA,ANE,EN,Federal Contract Tower,0,3,18,1,22,0,1,83,7,91,0,4,101,8,113,72,8,80,193
07/26/2003,BAF,MA,ANE,EN,Federal Contract Tower,0,2,12,0,14,0,1,105,0,106,0,3,117,0,120,118,0,118,238
07/27/2003,BAF,MA,ANE,EN,Federal Contract Tower,0,0,8,0,8,0,0,42,0,42,0,0,50,0,50,40,0,40,90
07/28/2003,BAF,MA,ANE,EN,Federal Contract Tower,0,3,6,2,11,0,0,86,11,97,0,3,92,13,108,84,2,86,194
07/29/2003,BAF,MA,ANE,EN,Federal Contract Tower,0,2,10,3,15,0,0,145,7,152,0,2,155,10,167,170,4,174,341
07/30/2003,BAF,MA,ANE,EN,Federal Contract Tower,0,0,9,4,13,0,0,118,14,132,0,0,127,18,145,134,6,140,285
07/31/2003,BAF,MA,ANE,EN,Federal Contract Tower,0,2,4,4,10,0,0,84,5,89,0,2,88,9,99,110,4,114,213
08/01/2003,BAF,MA,ANE,EN,Federal Contract Tower,0,1,16,2,19,0,0,0,2,2,0,1,16,4,21,0,0,0,21
08/02/2003,BAF,MA,ANE,EN,Federal Contract Tower,0,2,16,0,18,0,0,0,0,0,0,2,16,0,18,10,0,10,28
08/03/2003,BAF,MA,ANE,EN,Federal Contract Tower,0,2,13,0,15,0,0,4,0,4,0,2,17,0,19,44,0,44,63
08/04/2003,BAF,MA,ANE,EN,Federal Contract Tower,0,6,7,4,17,0,0,4,0,4,0,6,11,4,21,2,0,2,23
08/05/2003,BAF,MA,ANE,EN,Federal Contract Tower,0,1,27,5,33,0,0,3,1,4,0,1,30,6,37,12,8,20,57
08/06/2003,BAF,MA,ANE,EN,Federal Contract Tower,0,2,17,5,24,0,1,29,1,31,0,3,46,6,55,56,4,60,115
08/07/2003,BAF,MA,ANE,EN,Federal Contract Tower,0,3,17,3,23,0,0,30,7,37,0,3,47,10,60,24,10,34,94
08/08/2003,BAF,MA,ANE,EN,Federal Contract Tower,0,2,28,3,33,0,0,0,3,3,0,2,28,6,36,26,4,30,66
08/09/2003,BAF,MA,ANE,EN,Federal Contract Tower,0,0,16,0,16,0,0,0,4,4,0,0,16,4,20,8,4,12,32
08/10/2003,BAF,MA,ANE,EN,Federal Contract Tower,0,0,19,0,19,0,0,22,0,22,0,0,41,0,41,56,0,56,97
08/11/2003,BAF,MA,ANE,EN,Federal Contract Tower,0,1,18,0,19,0,0,10,0,10,0,1,28,0,29,22,0,22,51
08/12/2003,BAF,MA,ANE,EN,Federal Contract Tower,0,1,17,7,25,0,0,28,8,36,0,1,45,15,61,88,4,92,153
08/13/2003,BAF,MA,ANE,EN,Federal Contract Tower,0,2,11,6,19,0,0,42,5,47,0,2,53,11,66,64,0,64,130
08/14/2003,BAF,MA,ANE,EN,Federal Contract Tower,0,1,13,8,22,0,0,76,41,117,0,1,89,49,139,72,228,300,439
08/15/2003,BAF,MA,ANE,EN,Federal Contract Tower,0,3,8,19,30,0,0,127,61,188,0,3,135,80,218,148,108,256,474
08/16/2003,BAF,MA,ANE,EN,Federal Contract Tower,1,0,1,0,2,0,0,93,67,160,1,0,94,67,162,140,176,316,478
08/17/2003,BAF,MA,ANE,EN,Federal Contract Tower,0,0,5,12,17,0,0,96,64,160,0,0,101,76,177,148,154,302,479
08/18/2003,BAF,MA,ANE,EN,Federal Contract Tower,1,2,18,26,47,0,0,118,18,136,1,2,136,44,183,204,4,208,391
08/19/2003,BAF,MA,ANE,EN,Federal Contract Tower,0,2,12,6,20,0,0,161,9,170,0,2,173,15,190,220,38,258,448
08/20/2003,BAF,MA,ANE,EN,Federal Contract Tower,0,1,6,5,12,0,0,117,5,122,0,1,123,10,134,148,0,148,282
08/21/2003,BAF,MA,ANE,EN,Federal Contract Tower,0,2,21,9,32,0,0,78,6,84,0,2,99,15,116,84,14,98,214
08/22/2003,BAF,MA,ANE,EN,Federal Contract Tower,0,2,23,0,25,0,0,41,0,41,0,2,64,0,66,74,2,76,142
08/23/2003,BAF,MA,ANE,EN,Federal Contract Tower,0,6,7,0,13,0,0,127,0,127,0,6,134,0,140,128,0,128,268
08/24/2003,BAF,MA,ANE,EN,Federal Contract Tower,0,3,6,0,9,0,0,166,0,166,0,3,172,0,175,158,2,160,335
08/25/2003,BAF,MA,ANE,EN,Federal Contract Tower,0,0,10,0,10,0,0,101,2,103,0,0,111,2,113,130,44,174,287
08/26/2003,BAF,MA,ANE,EN,Federal Contract Tower,0,2,12,5,19,0,0,81,10,91,0,2,93,15,110,88,38,126,236
08/27/2003,BAF,MA,ANE,EN,Federal Contract Tower,0,2,8,4,14,0,0,67,9,76,0,2,75,13,90,104,10,114,204
08/28/2003,BAF,MA,ANE,EN,Federal Contract Tower,0,3,2,5,10,0,0,92,6,98,0,3,94,11,108,132,8,140,248
08/29/2003,BAF,MA,ANE,EN,Federal Contract Tower,0,1,12,1,14,0,0,62,1,63,0,1,74,2,77,62,0,62,139
08/30/2003,BAF,MA,ANE,EN,Federal Contract Tower,0,2,6,0,8,0,0,53,0,53,0,2,59,0,61,100,0,100,161
08/31/2003,BAF,MA,ANE,EN,Federal Contract Tower,0,0,4,0,4,0,0,159,0,159,0,0,163,0,163,138,0,138,301
09/01/2003,BAF,MA,ANE,EN,Federal Contract Tower,0,3,25,0,28,0,0,14,2,16,0,3,39,2,44,32,0,32,76
09/02/2003,BAF,MA,ANE,EN,Federal Contract Tower,0,3,15,7,25,0,0,10,0,10,0,3,25,7,35,38,4,42,77
09/03/2003,BAF,MA,ANE,EN,Federal Contract Tower,0,3,13,4,20,0,0,10,0,10,0,3,23,4,30,26,0,26,56
09/04/2003,BAF,MA,ANE,EN,Federal Contract Tower,0,1,19,9,29,0,0,0,1,1,0,1,19,10,30,10,0,10,40
09/05/2003,BAF,MA,ANE,EN,Federal Contract Tower,0,5,15,2,22,0,1,112,2,115,0,6,127,4,137,158,0,158,295
09/06/2003,BAF,MA,ANE,EN,Federal Contract Tower,0,1,11,0,12,0,0,130,60,190,0,1,141,60,202,156,38,194,396
09/07/2003,BAF,MA,ANE,EN,Federal Contract Tower,0,0,10,0,10,0,0,170,2,172,0,0,180,2,182,158,0,158,340
09/08/2003,BAF,MA,ANE,EN,Federal Contract Tower,0,3,9,4,16,0,0,73,4,77,0,3,82,8,93,42,0,42,135
09/09/2003,BAF,MA,ANE,EN,Federal Contract Tower,0,4,10,5,19,0,0,72,4,76,0,4,82,9,95,124,10,134,229
09/10/2003,BAF,MA,ANE,EN,Federal Contract Tower,0,0,10,6,16,0,4,82,2,88,0,4,92,8,104,90,24,114,218
09/11/2003,BAF,MA,ANE,EN,Federal Contract Tower,0,4,10,4,18,0,0,47,12,59,0,4,57,16,77,90,14,104,181
09/12/2003,BAF,MA,ANE,EN,Federal Contract Tower,0,0,15,4,19,0,0,66,7,73,0,0,81,11,92,124,8,132,224
09/13/2003,BAF,MA,ANE,EN,Federal Contract Tower,0,0,24,6,30,0,0,3,2,5,0,0,27,8,35,22,0,22,57
09/14/2003,BAF,MA,ANE,EN,Federal Contract Tower,0,1,25,0,26,0,0,7,0,7,0,1,32,0,33,54,0,54,87
09/15/2003,BAF,MA,ANE,EN,Federal Contract Tower,0,2,11,5,18,0,0,41,0,41,0,2,52,5,59,40,14,54,113
09/16/2003,BAF,MA,ANE,EN,Federal Contract Tower,0,0,6,7,13,0,0,85,0,85,0,0,91,7,98,128,36,164,262
09/17/2003,BAF,MA,ANE,EN,Federal Contract Tower,0,5,10,3,18,0,1,117,1,119,0,6,127,4,137,140,24,164,301
09/18/2003,BAF,MA,ANE,EN,Federal Contract Tower,0,4,4,2,10,0,0,43,3,46,0,4,47,5,56,64,0,64,120
09/19/2003,BAF,MA,ANE,EN,Federal Contract Tower,0,1,8,0,9,0,0,0,3,3,0,1,8,3,12,0,0,0,12
09/20/2003,BAF,MA,ANE,EN,Federal Contract Tower,0,1,9,0,10,0,0,84,0,84,0,1,93,0,94,114,2,116,210
09/21/2003,BAF,MA,ANE,EN,Federal Contract Tower,0,0,8,0,8,0,0,93,0,93,0,0,101,0,101,174,0,174,275
09/22/2003,BAF,MA,ANE,EN,Federal Contract Tower,0,0,13,0,13,0,0,50,0,50,0,0,63,0,63,110,0,110,173
09/23/2003,BAF,MA,ANE,EN,Federal Contract Tower,0,2,3,0,5,0,0,2,0,2,0,2,5,0,7,0,0,0,7
09/24/2003,BAF,MA,ANE,EN,Federal Contract Tower,0,0,15,1,16,0,0,113,0,113,0,0,128,1,129,148,0,148,277
09/25/2003,BAF,MA,ANE,EN,Federal Contract Tower,0,3,26,3,32,0,0,54,5,59,0,3,80,8,91,110,0,110,201
09/26/2003,BAF,MA,ANE,EN,Federal Contract Tower,0,4,22,6,32,0,0,9,0,9,0,4,31,6,41,20,0,20,61
09/27/2003,BAF,MA,ANE,EN,Federal Contract Tower,0,1,11,0,12,0,0,25,0,25,0,1,36,0,37,52,0,52,89
09/28/2003,BAF,MA,ANE,EN,Federal Contract Tower,0,4,5,0,9,0,0,0,0,0,0,4,5,0,9,2,0,2,11
09/29/2003,BAF,MA,ANE,EN,Federal Contract Tower,0,10,15,0,25,0,0,51,0,51,0,10,66,0,76,114,0,114,190
09/30/2003,BAF,MA,ANE,EN,Federal Contract Tower,0,4,10,4,18,0,0,104,9,113,0,4,114,13,131,148,8,156,287
10/01/2003,BAF,MA,ANE,EN,Federal Contract Tower,0,1,9,3,13,0,6,39,10,55,0,7,48,13,68,74,4,78,146
10/02/2003,BAF,MA,ANE,EN,Federal Contract Tower,0,0,7,2,9,0,5,55,0,60,0,5,62,2,69,64,4,68,137
10/03/2003,BAF,MA,ANE,EN,Federal Contract Tower,0,3,15,5,23,0,1,94,2,97,0,4,109,7,120,110,2,112,232
10/04/2003,BAF,MA,ANE,EN,Federal Contract Tower,0,0,7,3,10,0,0,36,4,40,0,0,43,7,50,40,6,46,96
10/05/2003,BAF,MA,ANE,EN,Federal Contract Tower,0,2,10,2,14,0,1,86,0,87,0,3,96,2,101,110,0,110,211
10/06/2003,BAF,MA,ANE,EN,Federal Contract Tower,0,2,9,4,15,0,2,89,2,93,0,4,98,6,108,156,4,160,268
10/07/2003,BAF,MA,ANE,EN,Federal Contract Tower,0,1,4,3,8,0,0,79,3,82,0,1,83,6,90,114,6,120,210
10/08/2003,BAF,MA,ANE,EN,Federal Contract Tower,0,3,13,5,21,0,0,73,8,81,0,3,86,13,102,100,14,114,216
10/09/2003,BAF,MA,ANE,EN,Federal Contract Tower,0,4,17,5,26,0,8,49,9,66,0,12,66,14,92,68,20,88,180
10/10/2003,BAF,MA,ANE,EN,Federal Contract Tower,0,6,26,7,39,0,0,9,6,15,0,6,35,13,54,20,0,20,74
10/11/2003,BAF,MA,ANE,EN,Federal Contract Tower,0,2,5,1,8,0,0,86,0,86,0,2,91,1,94,100,0,100,194
10/12/2003,BAF,MA,ANE,EN,Federal Contract Tower,0,3,18,0,21,0,0,21,0,21,0,3,39,0,42,40,0,40,82
10/13/2003,BAF,MA,ANE,EN,Federal Contract Tower,0,2,6,0,8,0,2,105,0,107,0,4,111,0,115,96,0,96,211
10/14/2003,BAF,MA,ANE,EN,Federal Contract Tower,0,2,8,1,11,0,0,59,10,69,0,2,67,11,80,62,4,66,146
10/15/2003,BAF,MA,ANE,EN,Federal Contract Tower,0,2,7,0,9,0,2,5,0,7,0,4,12,0,16,4,0,4,20
10/16/2003,BAF,MA,ANE,EN,Federal Contract Tower,0,1,8,1,10,0,0,33,15,48,0,1,41,16,58,32,6,38,96
10/17/2003,BAF,MA,ANE,EN,Federal Contract Tower,0,3,10,2,15,0,0,82,15,97,0,3,92,17,112,128,10,138,250
10/18/2003,BAF,MA,ANE,EN,Federal Contract Tower,0,4,14,0,18,0,0,13,0,13,0,4,27,0,31,58,0,58,89
10/19/2003,BAF,MA,ANE,EN,Federal Contract Tower,0,2,10,0,12,0,1,13,0,14,0,3,23,0,26,6,0,6,32
10/20/2003,BAF,MA,ANE,EN,Federal Contract Tower,0,3,12,0,15,0,0,69,0,69,0,3,81,0,84,80,0,80,164
10/21/2003,BAF,MA,ANE,EN,Federal Contract Tower,0,2,11,2,15,0,0,44,14,58,0,2,55,16,73,74,2,76,149
10/22/2003,BAF,MA,ANE,EN,Federal Contract Tower,0,4,20,4,28,0,0,17,13,30,0,4,37,17,58,18,4,22,80
10/23/2003,BAF,MA,ANE,EN,Federal Contract Tower,0,2,11,2,15,0,0,15,10,25,0,2,26,12,40,24,6,30,70
10/24/2003,BAF,MA,ANE,EN,Federal Contract Tower,0,3,10,2,15,0,2,60,8,70,0,5,70,10,85,76,16,92,177
10/25/2003,BAF,MA,ANE,EN,Federal Contract Tower,0,3,11,2,16,0,3,134,6,143,0,6,145,8,159,160,14,174,333
10/26/2003,BAF,MA,ANE,EN,Federal Contract Tower,0,1,12,0,13,0,0,7,0,7,0,1,19,0,20,10,0,10,30
10/27/2003,BAF,MA,ANE,EN,Federal Contract Tower,0,1,12,0,13,0,0,1,0,1,0,1,13,0,14,6,0,6,20
10/28/2003,BAF,MA,ANE,EN,Federal Contract Tower,0,1,15,3,19,0,0,102,6,108,0,1,117,9,127,130,4,134,261
10/29/2003,BAF,MA,ANE,EN,Federal Contract Tower,0,2,10,0,12,0,0,6,0,6,0,2,16,0,18,6,6,12,30
10/30/2003,BAF,MA,ANE,EN,Federal Contract Tower,0,2,9,2,13,0,2,60,5,67,0,4,69,7,80,96,6,102,182
10/31/2003,BAF,MA,ANE,EN,Federal Contract Tower,0,1,12,2,15,0,0,116,18,134,0,1,128,20,149,114,12,126,275
11/01/2003,BAF,MA,ANE,EN,Federal Contract Tower,0,0,4,1,5,0,0,126,12,138,0,0,130,13,143,122,6,128,271
11/02/2003,BAF,MA,ANE,EN,Federal Contract Tower,0,4,12,0,16,0,3,123,0,126,0,7,135,0,142,148,0,148,290
11/03/2003,BAF,MA,ANE,EN,Federal Contract Tower,0,0,15,0,15,0,0,88,0,88,0,0,103,0,103,120,0,120,223
11/04/2003,BAF,MA,ANE,EN,Federal Contract Tower,0,2,10,3,15,0,0,2,0,2,0,2,12,3,17,0,0,0,17
11/05/2003,BAF,MA,ANE,EN,Federal Contract Tower,0,3,8,0,11,0,0,3,0,3,0,3,11,0,14,2,2,4,18
11/06/2003,BAF,MA,ANE,EN,Federal Contract Tower,0,5,19,5,29,0,0,64,26,90,0,5,83,31,119,102,26,128,247
11/07/2003,BAF,MA,ANE,EN,Federal Contract Tower,0,0,11,3,14,0,0,92,19,111,0,0,103,22,125,106,16,122,247
11/08/2003,BAF,MA,ANE,EN,Federal Contract Tower,0,0,6,1,7,0,0,83,3,86,0,0,89,4,93,38,10,48,141
11/09/2003,BAF,MA,ANE,EN,Federal Contract Tower,0,2,8,3,13,0,1,130,1,132,0,3,138,4,145,138,0,138,283
11/10/2003,BAF,MA,ANE,EN,Federal Contract Tower,0,2,8,3,13,0,0,122,13,135,0,2,130,16,148,122,8,130,278
11/11/2003,BAF,MA,ANE,EN,Federal Contract Tower,0,1,7,1,9,0,1,50,9,60,0,2,57,10,69,66,52,118,187
11/12/2003,BAF,MA,ANE,EN,Federal Contract Tower,0,3,17,5,25,0,1,11,9,21,0,4,28,14,46,16,6,22,68
11/13/2003,BAF,MA,ANE,EN,Federal Contract Tower,0,0,1,0,1,0,0,0,0,0,0,0,1,0,1,4,0,4,5
11/14/2003,BAF,MA,ANE,EN,Federal Contract Tower,0,0,8,0,8,0,0,5,0,5,0,0,13,0,13,0,0,0,13
11/15/2003,BAF,MA,ANE,EN,Federal Contract Tower,0,0,3,0,3,0,0,38,0,38,0,0,41,0,41,12,4,16,57
11/16/2003,BAF,MA,ANE,EN,Federal Contract Tower,0,1,9,0,10,0,0,134,0,134,0,1,143,0,144,160,0,160,304
11/17/2003,BAF,MA,ANE,EN,Federal Contract Tower,0,0,23,6,29,0,0,7,20,27,0,0,30,26,56,26,0,26,82
11/18/2003,BAF,MA,ANE,EN,Federal Contract Tower,0,3,20,5,28,0,0,82,19,101,0,3,102,24,129,148,0,148,277
11/19/2003,BAF,MA,ANE,EN,Federal Contract Tower,0,3,16,3,22,0,1,2,0,3,0,4,18,3,25,4,0,4,29
11/20/2003,BAF,MA,ANE,EN,Federal Contract Tower,0,3,9,5,17,0,5,0,15,20,0,8,9,20,37,4,4,8,45
11/21/2003,BAF,MA,ANE,EN,Federal Contract Tower,0,2,11,3,16,0,4,78,15,97,0,6,89,18,113,138,6,144,257
11/22/2003,BAF,MA,ANE,EN,Federal Contract Tower,0,2,12,0,14,0,0,172,0,172,0,2,184,0,186,126,0,126,312
11/23/2003,BAF,MA,ANE,EN,Federal Contract Tower,0,1,10,0,11,0,8,140,0,148,0,9,150,0,159,192,0,192,351
11/24/2003,BAF,MA,ANE,EN,Federal Contract Tower,0,2,11,3,16,0,0,74,19,93,0,2,85,22,109,78,8,86,195
11/25/2003,BAF,MA,ANE,EN,Federal Contract Tower,0,2,11,3,16,0,1,82,18,101,0,3,93,21,117,84,8,92,209
11/26/2003,BAF,MA,ANE,EN,Federal Contract Tower,0,4,20,5,29,0,1,70,7,78,0,5,90,12,107,96,0,96,203
11/27/2003,BAF,MA,ANE,EN,Federal Contract Tower,0,0,1,0,1,0,0,37,0,37,0,0,38,0,38,20,0,20,58
11/28/2003,BAF,MA,ANE,EN,Federal Contract Tower,0,0,5,0,5,0,0,0,0,0,0,0,5,0,5,0,0,0,5
11/29/2003,BAF,MA,ANE,EN,Federal Contract Tower,0,1,6,0,7,0,1,0,0,1,0,2,6,0,8,0,0,0,8
11/30/2003,BAF,MA,ANE,EN,Federal Contract Tower,0,1,9,0,10,0,3,56,0,59,0,4,65,0,69,90,0,90,159
12/01/2003,BAF,MA,ANE,EN,Federal Contract Tower,0,0,5,0,5,0,0,19,0,19,0,0,24,0,24,6,0,6,30
12/02/2003,BAF,MA,ANE,EN,Federal Contract Tower,0,2,10,3,15,0,0,17,11,28,0,2,27,14,43,30,4,34,77
12/03/2003,BAF,MA,ANE,EN,Federal Contract Tower,0,1,8,3,12,0,0,28,13,41,0,1,36,16,53,52,16,68,121
12/04/2003,BAF,MA,ANE,EN,Federal Contract Tower,0,3,14,5,22,0,1,70,12,83,0,4,84,17,105,164,16,180,285
12/05/2003,BAF,MA,ANE,EN,Federal Contract Tower,0,1,6,2,9,0,4,46,17,67,0,5,52,19,76,42,10,52,128
12/06/2003,BAF,MA,ANE,EN,Federal Contract Tower,0,0,0,0,0,0,0,1,0,1,0,0,1,0,1,0,0,0,1
12/07/2003,BAF,MA,ANE,EN,Federal Contract Tower,0,0,0,0,0,0,0,0,0,0,0,0,0,0,0,0,0,0,0
12/08/2003,BAF,MA,ANE,EN,Federal Contract Tower,0,3,11,0,14,0,0,37,0,37,0,3,48,0,51,18,0,18,69
12/09/2003,BAF,MA,ANE,EN,Federal Contract Tower,0,0,9,1,10,0,0,64,19,83,0,0,73,20,93,66,4,70,163
12/10/2003,BAF,MA,ANE,EN,Federal Contract Tower,0,0,19,6,25,0,0,2,14,16,0,0,21,20,41,18,2,20,61
12/11/2003,BAF,MA,ANE,EN,Federal Contract Tower,0,0,5,0,5,0,4,0,0,4,0,4,5,0,9,0,0,0,9
12/12/2003,BAF,MA,ANE,EN,Federal Contract Tower,0,1,14,5,20,0,0,34,12,46,0,1,48,17,66,38,14,52,118
12/13/2003,BAF,MA,ANE,EN,Federal Contract Tower,0,0,11,0,11,0,0,105,0,105,0,0,116,0,116,60,2,62,178
12/14/2003,BAF,MA,ANE,EN,Federal Contract Tower,0,0,3,0,3,0,0,15,0,15,0,0,18,0,18,24,0,24,42
12/15/2003,BAF,MA,ANE,EN,Federal Contract Tower,0,0,5,1,6,0,2,3,3,8,0,2,8,4,14,0,34,34,48
12/16/2003,BAF,MA,ANE,EN,Federal Contract Tower,0,2,15,5,22,0,0,43,11,54,0,2,58,16,76,40,2,42,118
12/17/2003,BAF,MA,ANE,EN,Federal Contract Tower,0,0,3,0,3,0,0,0,0,0,0,0,3,0,3,0,0,0,3
12/18/2003,BAF,MA,ANE,EN,Federal Contract Tower,0,0,6,2,8,0,0,13,9,22,0,0,19,11,30,10,4,14,44
12/19/2003,BAF,MA,ANE,EN,Federal Contract Tower,0,0,10,2,12,0,0,102,17,119,0,0,112,19,131,80,46,126,257
12/20/2003,BAF,MA,ANE,EN,Federal Contract Tower,0,1,12,4,17,0,0,62,8,70,0,1,74,12,87,68,14,82,169
12/21/2003,BAF,MA,ANE,EN,Federal Contract Tower,0,0,8,0,8,0,2,82,0,84,0,2,90,0,92,116,0,116,208
12/22/2003,BAF,MA,ANE,EN,Federal Contract Tower,0,0,19,5,24,0,0,87,2,89,0,0,106,7,113,98,6,104,217
12/23/2003,BAF,MA,ANE,EN,Federal Contract Tower,0,0,16,5,21,0,0,125,5,130,0,0,141,10,151,158,36,194,345
12/24/2003,BAF,MA,ANE,EN,Federal Contract Tower,0,0,5,0,5,0,2,0,0,2,0,2,5,0,7,0,0,0,7
12/25/2003,BAF,MA,ANE,EN,Federal Contract Tower,0,0,1,0,1,0,0,12,0,12,0,0,13,0,13,20,0,20,33
12/26/2003,BAF,MA,ANE,EN,Federal Contract Tower,0,0,5,0,5,0,1,28,0,29,0,1,33,0,34,12,0,12,46
12/27/2003,BAF,MA,ANE,EN,Federal Contract Tower,0,0,6,2,8,0,0,114,3,117,0,0,120,5,125,112,0,112,237
12/28/2003,BAF,MA,ANE,EN,Federal Contract Tower,0,0,6,2,8,0,2,166,5,173,0,2,172,7,181,168,10,178,359
12/29/2003,BAF,MA,ANE,EN,Federal Contract Tower,0,1,12,3,16,0,1,120,12,133,0,2,132,15,149,158,30,188,337
12/30/2003,BAF,MA,ANE,EN,Federal Contract Tower,0,0,8,3,11,0,2,8,6,16,0,2,16,9,27,16,16,32,59
12/31/2003,BAF,MA,ANE,EN,Federal Contract Tower,0,0,7,3,10,0,2,87,3,92,0,2,94,6,102,118,0,118,220
01/01/2004,BAF,MA,ANE,EN,Federal Contract Tower,0,1,4,0,5,0,0,44,0,44,0,1,48,0,49,72,0,72,121
01/02/2004,BAF,MA,ANE,EN,Federal Contract Tower,0,1,4,0,5,0,0,3,0,3,0,1,7,0,8,0,0,0,8
01/03/2004,BAF,MA,ANE,EN,Federal Contract Tower,0,1,3,0,4,0,0,0,0,0,0,1,3,0,4,0,0,0,4
01/04/2004,BAF,MA,ANE,EN,Federal Contract Tower,0,3,10,1,14,0,0,24,0,24,0,3,34,1,38,34,0,34,72
01/05/2004,BAF,MA,ANE,EN,Federal Contract Tower,0,2,7,1,10,0,0,3,0,3,0,2,10,1,13,0,0,0,13
01/06/2004,BAF,MA,ANE,EN,Federal Contract Tower,0,1,11,3,15,0,0,40,12,52,0,1,51,15,67,28,24,52,119
01/07/2004,BAF,MA,ANE,EN,Federal Contract Tower,0,3,14,1,18,0,4,14,0,18,0,7,28,1,36,30,0,30,66
01/08/2004,BAF,MA,ANE,EN,Federal Contract Tower,0,3,11,2,16,0,2,41,6,49,0,5,52,8,65,32,2,34,99
01/09/2004,BAF,MA,ANE,EN,Federal Contract Tower,0,0,7,1,8,0,0,33,8,41,0,0,40,9,49,58,10,68,117
01/10/2004,BAF,MA,ANE,EN,Federal Contract Tower,0,0,4,3,7,0,0,55,2,57,0,0,59,5,64,52,0,52,116
01/11/2004,BAF,MA,ANE,EN,Federal Contract Tower,0,0,16,4,20,0,0,52,9,61,0,0,68,13,81,92,14,106,187
01/12/2004,BAF,MA,ANE,EN,Federal Contract Tower,0,0,4,0,4,0,1,4,0,5,0,1,8,0,9,0,0,0,9
01/13/2004,BAF,MA,ANE,EN,Federal Contract Tower,0,0,5,1,6,0,0,10,3,13,0,0,15,4,19,8,10,18,37
01/14/2004,BAF,MA,ANE,EN,Federal Contract Tower,0,2,9,2,13,0,1,6,2,9,0,3,15,4,22,12,4,16,38
01/15/2004,BAF,MA,ANE,EN,Federal Contract Tower,0,2,9,2,13,0,0,1,8,9,0,2,10,10,22,0,2,2,24
01/16/2004,BAF,MA,ANE,EN,Federal Contract Tower,0,2,9,2,13,0,2,10,8,20,0,4,19,10,33,0,4,4,37
01/17/2004,BAF,MA,ANE,EN,Federal Contract Tower,0,0,5,0,5,0,0,59,0,59,0,0,64,0,64,28,0,28,92
01/18/2004,BAF,MA,ANE,EN,Federal Contract Tower,0,0,1,0,1,0,0,2,0,2,0,0,3,0,3,0,0,0,3
01/19/2004,BAF,MA,ANE,EN,Federal Contract Tower,0,1,6,0,7,0,0,13,0,13,0,1,19,0,20,6,0,6,26
01/20/2004,BAF,MA,ANE,EN,Federal Contract Tower,0,0,15,4,19,0,0,16,18,34,0,0,31,22,53,32,14,46,99
01/21/2004,BAF,MA,ANE,EN,Federal Contract Tower,0,1,8,2,11,0,0,51,30,81,0,1,59,32,92,32,4,36,128
01/22/2004,BAF,MA,ANE,EN,Federal Contract Tower,0,1,9,2,12,0,2,20,17,39,0,3,29,19,51,22,2,24,75
01/23/2004,BAF,MA,ANE,EN,Federal Contract Tower,0,1,10,3,14,0,0,18,26,44,0,1,28,29,58,38,16,54,112
01/24/2004,BAF,MA,ANE,EN,Federal Contract Tower,0,1,7,1,9,0,0,43,6,49,0,1,50,7,58,42,4,46,104
01/25/2004,BAF,MA,ANE,EN,Federal Contract Tower,0,1,10,0,11,0,3,43,0,46,0,4,53,0,57,52,0,52,109
01/26/2004,BAF,MA,ANE,EN,Federal Contract Tower,0,0,5,1,6,0,0,18,5,23,0,0,23,6,29,24,0,24,53
01/27/2004,BAF,MA,ANE,EN,Federal Contract Tower,0,1,8,2,11,0,0,21,12,33,0,1,29,14,44,16,10,26,70
01/28/2004,BAF,MA,ANE,EN,Federal Contract Tower,0,0,5,0,5,0,1,1,4,6,0,1,6,4,11,0,8,8,19
01/29/2004,BAF,MA,ANE,EN,Federal Contract Tower,0,1,7,1,9,0,0,2,6,8,0,1,9,7,17,2,2,4,21
01/30/2004,BAF,MA,ANE,EN,Federal Contract Tower,0,0,10,2,12,0,0,20,18,38,0,0,30,20,50,22,18,40,90
01/31/2004,BAF,MA,ANE,EN,Federal Contract Tower,0,0,5,0,5,0,1,38,0,39,0,1,43,0,44,30,0,30,74
02/01/2004,BAF,MA,ANE,EN,Federal Contract Tower,0,0,2,0,2,0,0,94,0,94,0,0,96,0,96,104,0,104,200
02/02/2004,BAF,MA,ANE,EN,Federal Contract Tower,0,2,7,3,12,0,0,96,0,96,0,2,103,3,108,168,0,168,276
02/03/2004,BAF,MA,ANE,EN,Federal Contract Tower,0,0,1,3,4,0,0,13,0,13,0,0,14,3,17,10,0,10,27
02/04/2004,BAF,MA,ANE,EN,Federal Contract Tower,0,1,6,3,10,0,0,11,22,33,0,1,17,25,43,28,8,36,79
02/05/2004,BAF,MA,ANE,EN,Federal Contract Tower,0,2,9,5,16,0,0,65,27,92,0,2,74,32,108,116,10,126,234
02/06/2004,BAF,MA,ANE,EN,Federal Contract Tower,0,0,2,0,2,0,0,0,0,0,0,0,2,0,2,0,0,0,2
02/07/2004,BAF,MA,ANE,EN,Federal Contract Tower,0,0,7,3,10,0,0,24,14,38,0,0,31,17,48,16,62,78,126
02/08/2004,BAF,MA,ANE,EN,Federal Contract Tower,0,3,10,4,17,0,1,21,4,26,0,4,31,8,43,60,16,76,119
02/09/2004,BAF,MA,ANE,EN,Federal Contract Tower,0,2,5,1,8,0,0,48,0,48,0,2,53,1,56,66,2,68,124
02/10/2004,BAF,MA,ANE,EN,Federal Contract Tower,0,3,16,8,27,0,0,107,16,123,0,3,123,24,150,110,6,116,266
02/11/2004,BAF,MA,ANE,EN,Federal Contract Tower,0,3,13,7,23,0,2,23,19,44,0,5,36,26,67,38,24,62,129
02/12/2004,BAF,MA,ANE,EN,Federal Contract Tower,0,1,5,3,9,0,0,66,28,94,0,1,71,31,103,178,38,216,319
02/13/2004,BAF,MA,ANE,EN,Federal Contract Tower,0,3,13,6,22,0,0,62,23,85,0,3,75,29,107,96,14,110,217
02/14/2004,BAF,MA,ANE,EN,Federal Contract Tower,0,0,4,0,4,0,0,129,0,129,0,0,133,0,133,130,0,130,263
02/15/2004,BAF,MA,ANE,EN,Federal Contract Tower,0,0,2,0,2,0,3,46,0,49,0,3,48,0,51,90,0,90,141
02/16/2004,BAF,MA,ANE,EN,Federal Contract Tower,0,2,7,0,9,0,1,78,0,79,0,3,85,0,88,124,0,124,212
02/17/2004,BAF,MA,ANE,EN,Federal Contract Tower,0,1,10,5,16,0,0,77,9,86,0,1,87,14,102,74,0,74,176
02/18/2004,BAF,MA,ANE,EN,Federal Contract Tower,0,0,4,2,6,0,0,14,21,35,0,0,18,23,41,22,38,60,101
02/19/2004,BAF,MA,ANE,EN,Federal Contract Tower,0,1,9,4,14,0,0,64,28,92,0,1,73,32,106,48,20,68,174
02/20/2004,BAF,MA,ANE,EN,Federal Contract Tower,0,1,11,5,17,0,0,78,13,91,0,1,89,18,108,140,34,174,282
02/21/2004,BAF,MA,ANE,EN,Federal Contract Tower,0,0,5,3,8,0,0,3,5,8,0,0,8,8,16,2,8,10,26
02/22/2004,BAF,MA,ANE,EN,Federal Contract Tower,0,0,5,0,5,0,0,53,0,53,0,0,58,0,58,40,0,40,98
02/23/2004,BAF,MA,ANE,EN,Federal Contract Tower,0,2,11,4,17,0,0,76,3,79,0,2,87,7,96,70,16,86,182
02/24/2004,BAF,MA,ANE,EN,Federal Contract Tower,0,1,11,4,16,0,0,61,13,74,0,1,72,17,90,104,12,116,206
02/25/2004,BAF,MA,ANE,EN,Federal Contract Tower,0,2,11,4,17,0,3,58,15,76,0,5,69,19,93,114,18,132,225
02/26/2004,BAF,MA,ANE,EN,Federal Contract Tower,0,1,10,5,16,0,0,111,15,126,0,1,121,20,142,76,8,84,226
02/27/2004,BAF,MA,ANE,EN,Federal Contract Tower,0,2,11,5,18,0,1,69,25,95,0,3,80,30,113,102,28,130,243
02/28/2004,BAF,MA,ANE,EN,Federal Contract Tower,0,1,7,0,8,0,2,124,0,126,0,3,131,0,134,100,0,100,234
02/29/2004,BAF,MA,ANE,EN,Federal Contract Tower,0,1,6,0,7,0,3,138,0,141,0,4,144,0,148,240,0,240,388
03/01/2004,BAF,MA,ANE,EN,Federal Contract Tower,0,1,4,0,5,0,2,101,0,103,0,3,105,0,108,122,0,122,230
03/02/2004,BAF,MA,ANE,EN,Federal Contract Tower,0,0,11,6,17,0,0,24,29,53,0,0,35,35,70,40,6,46,116
03/03/2004,BAF,MA,ANE,EN,Federal Contract Tower,0,0,8,3,11,0,0,24,26,50,0,0,32,29,61,48,36,84,145
03/04/2004,BAF,MA,ANE,EN,Federal Contract Tower,0,2,14,6,22,0,0,31,33,64,0,2,45,39,86,92,28,120,206
03/05/2004,BAF,MA,ANE,EN,Federal Contract Tower,0,2,4,0,6,0,0,1,0,1,0,2,5,0,7,4,0,4,11
03/06/2004,BAF,MA,ANE,EN,Federal Contract Tower,0,1,13,4,18,0,0,23,6,29,0,1,36,10,47,6,0,6,53
03/07/2004,BAF,MA,ANE,EN,Federal Contract Tower,0,0,10,4,14,0,0,111,34,145,0,0,121,38,159,120,10,130,289
03/08/2004,BAF,MA,ANE,EN,Federal Contract Tower,0,3,10,0,13,0,1,4,0,5,0,4,14,0,18,0,0,0,18
03/09/2004,BAF,MA,ANE,EN,Federal Contract Tower,0,1,6,5,12,0,0,0,8,8,0,1,6,13,20,0,0,0,20
03/10/2004,BAF,MA,ANE,EN,Federal Contract Tower,0,1,11,5,17,0,0,51,27,78,0,1,62,32,95,106,16,122,217
03/11/2004,BAF,MA,ANE,EN,Federal Contract Tower,0,2,9,3,14,0,0,56,30,86,0,2,65,33,100,116,50,166,266
03/12/2004,BAF,MA,ANE,EN,Federal Contract Tower,0,0,8,2,10,0,0,28,0,28,0,0,36,2,38,36,0,36,74
03/13/2004,BAF,MA,ANE,EN,Federal Contract Tower,0,0,3,1,4,0,0,18,0,18,0,0,21,1,22,26,0,26,48
03/14/2004,BAF,MA,ANE,EN,Federal Contract Tower,0,1,6,0,7,0,3,118,0,121,0,4,124,0,128,154,0,154,282
03/15/2004,BAF,MA,ANE,EN,Federal Contract Tower,0,1,11,0,12,0,0,26,0,26,0,1,37,0,38,35,0,35,73
03/16/2004,BAF,MA,ANE,EN,Federal Contract Tower,0,0,7,2,9,0,0,12,6,18,0,0,19,8,27,38,0,38,65
03/17/2004,BAF,MA,ANE,EN,Federal Contract Tower,0,0,5,0,5,0,0,3,0,3,0,0,8,0,8,0,0,0,8
03/18/2004,BAF,MA,ANE,EN,Federal Contract Tower,0,1,13,6,20,0,0,25,14,39,0,1,38,20,59,52,16,68,127
03/19/2004,BAF,MA,ANE,EN,Federal Contract Tower,0,1,9,4,14,0,2,8,10,20,0,3,17,14,34,34,16,50,84
03/20/2004,BAF,MA,ANE,EN,Federal Contract Tower,0,1,5,2,8,0,0,66,9,75,0,1,71,11,83,80,16,96,179
03/21/2004,BAF,MA,ANE,EN,Federal Contract Tower,0,1,5,0,6,0,0,22,0,22,0,1,27,0,28,20,0,20,48
03/22/2004,BAF,MA,ANE,EN,Federal Contract Tower,0,2,11,2,15,0,3,40,0,43,0,5,51,2,58,98,2,100,158
03/23/2004,BAF,MA,ANE,EN,Federal Contract Tower,0,0,10,4,14,0,0,59,24,83,0,0,69,28,97,118,4,122,219
03/24/2004,BAF,MA,ANE,EN,Federal Contract Tower,0,2,12,5,19,0,5,77,29,111,0,7,89,34,130,200,16,216,346
03/25/2004,BAF,MA,ANE,EN,Federal Contract Tower,0,3,16,7,26,0,1,40,27,68,0,4,56,34,94,54,10,64,158
03/26/2004,BAF,MA,ANE,EN,Federal Contract Tower,0,2,13,6,21,0,9,68,20,97,0,11,81,26,118,98,20,118,236
03/27/2004,BAF,MA,ANE,EN,Federal Contract Tower,0,2,12,5,19,0,0,74,2,76,0,2,86,7,95,126,0,126,221
03/28/2004,BAF,MA,ANE,EN,Federal Contract Tower,0,0,1,0,1,0,1,74,0,75,0,1,75,0,76,62,0,62,138
03/29/2004,BAF,MA,ANE,EN,Federal Contract Tower,0,0,5,0,5,0,3,77,0,80,0,3,82,0,85,161,0,161,246
03/30/2004,BAF,MA,ANE,EN,Federal Contract Tower,0,4,19,8,31,0,1,72,29,102,0,5,91,37,133,162,34,196,329
03/31/2004,BAF,MA,ANE,EN,Federal Contract Tower,0,1,5,1,7,0,4,0,0,4,0,5,5,1,11,0,0,0,11
04/01/2004,BAF,MA,ANE,EN,Federal Contract Tower,0,2,6,0,8,0,1,2,0,3,0,3,8,0,11,0,0,0,11
04/02/2004,BAF,MA,ANE,EN,Federal Contract Tower,0,3,21,8,32,0,0,12,5,17,0,3,33,13,49,38,14,52,101
04/03/2004,BAF,MA,ANE,EN,Federal Contract Tower,0,2,9,4,15,0,0,32,3,35,0,2,41,7,50,128,16,144,194
04/04/2004,BAF,MA,ANE,EN,Federal Contract Tower,0,3,8,0,11,0,1,1,0,2,0,4,9,0,13,8,0,8,21
04/05/2004,BAF,MA,ANE,EN,Federal Contract Tower,0,0,4,0,4,0,0,13,0,13,0,0,17,0,17,4,0,4,21
04/06/2004,BAF,MA,ANE,EN,Federal Contract Tower,0,5,17,6,28,0,2,31,16,49,0,7,48,22,77,14,8,22,99
04/07/2004,BAF,MA,ANE,EN,Federal Contract Tower,0,0,4,4,8,0,1,85,26,112,0,1,89,30,120,98,16,114,234
04/08/2004,BAF,MA,ANE,EN,Federal Contract Tower,0,2,16,6,24,0,0,88,23,111,0,2,104,29,135,92,4,96,231
04/09/2004,BAF,MA,ANE,EN,Federal Contract Tower,0,1,9,4,14,0,0,50,15,65,0,1,59,19,79,54,32,86,165
04/10/2004,BAF,MA,ANE,EN,Federal Contract Tower,0,0,4,0,4,0,0,108,0,108,0,0,112,0,112,58,0,58,170
04/11/2004,BAF,MA,ANE,EN,Federal Contract Tower,0,0,3,0,3,0,2,24,0,26,0,2,27,0,29,38,0,38,67
04/12/2004,BAF,MA,ANE,EN,Federal Contract Tower,0,0,4,0,4,0,0,46,2,48,0,0,50,2,52,58,2,60,112
04/13/2004,BAF,MA,ANE,EN,Federal Contract Tower,0,2,12,2,16,0,0,3,0,3,0,2,15,2,19,0,0,0,19
04/14/2004,BAF,MA,ANE,EN,Federal Contract Tower,0,3,12,2,17,0,1,1,0,2,0,4,13,2,19,0,0,0,19
04/15/2004,BAF,MA,ANE,EN,Federal Contract Tower,0,2,15,6,23,0,2,7,29,38,0,4,22,35,61,38,22,60,121
04/16/2004,BAF,MA,ANE,EN,Federal Contract Tower,0,1,8,3,12,0,1,74,24,99,0,2,82,27,111,88,12,100,211
04/17/2004,BAF,MA,ANE,EN,Federal Contract Tower,0,0,4,1,5,0,1,119,3,123,0,1,123,4,128,90,4,94,222
04/18/2004,BAF,MA,ANE,EN,Federal Contract Tower,0,0,8,0,8,0,0,90,0,90,0,0,98,0,98,116,0,116,214
04/19/2004,BAF,MA,ANE,EN,Federal Contract Tower,0,1,8,3,12,0,0,32,1,33,0,1,40,4,45,24,4,28,73
04/20/2004,BAF,MA,ANE,EN,Federal Contract Tower,0,0,6,2,8,0,0,56,31,87,0,0,62,33,95,80,18,98,193
04/21/2004,BAF,MA,ANE,EN,Federal Contract Tower,0,1,15,6,22,0,0,45,36,81,0,1,60,42,103,70,10,80,183
04/22/2004,BAF,MA,ANE,EN,Federal Contract Tower,0,2,13,4,19,0,0,58,24,82,0,2,71,28,101,96,36,132,233
04/23/2004,BAF,MA,ANE,EN,Federal Contract Tower,0,0,10,5,15,0,0,0,14,14,0,0,10,19,29,4,0,4,33
04/24/2004,BAF,MA,ANE,EN,Federal Contract Tower,0,1,6,2,9,0,1,32,7,40,0,2,38,9,49,12,0,12,61
04/25/2004,BAF,MA,ANE,EN,Federal Contract Tower,0,1,7,0,8,0,2,122,0,124,0,3,129,0,132,222,2,224,356
04/26/2004,BAF,MA,ANE,EN,Federal Contract Tower,0,1,8,0,9,0,1,4,0,5,0,2,12,0,14,0,0,0,14
04/27/2004,BAF,MA,ANE,EN,Federal Contract Tower,0,1,8,2,11,0,1,50,20,71,0,2,58,22,82,90,6,96,178
04/28/2004,BAF,MA,ANE,EN,Federal Contract Tower,0,1,10,4,15,0,1,17,25,43,0,2,27,29,58,40,18,58,116
04/29/2004,BAF,MA,ANE,EN,Federal Contract Tower,0,0,5,2,7,0,0,53,20,73,0,0,58,22,80,74,4,78,158
04/30/2004,BAF,MA,ANE,EN,Federal Contract Tower,0,1,10,3,14,0,0,71,16,87,0,1,81,19,101,116,18,134,235
05/01/2004,BAF,MA,ANE,EN,Federal Contract Tower,0,1,8,2,11,0,0,67,25,92,0,1,75,27,103,140,26,166,269
05/02/2004,BAF,MA,ANE,EN,Federal Contract Tower,0,1,13,7,21,0,0,0,5,5,0,1,13,12,26,4,2,6,32
05/03/2004,BAF,MA,ANE,EN,Federal Contract Tower,0,1,7,0,8,0,0,5,0,5,0,1,12,0,13,4,0,4,17
05/04/2004,BAF,MA,ANE,EN,Federal Contract Tower,0,0,9,4,13,0,0,31,20,51,0,0,40,24,64,58,32,90,154
05/05/2004,BAF,MA,ANE,EN,Federal Contract Tower,0,2,18,7,27,0,0,29,26,55,0,2,47,33,82,100,6,106,188
05/06/2004,BAF,MA,ANE,EN,Federal Contract Tower,0,2,19,7,28,0,0,79,32,111,0,2,98,39,139,140,48,188,327
05/07/2004,BAF,MA,ANE,EN,Federal Contract Tower,0,1,5,4,10,0,0,68,13,81,0,1,73,17,91,112,12,124,215
05/08/2004,BAF,MA,ANE,EN,Federal Contract Tower,0,0,4,0,4,0,0,111,0,111,0,0,115,0,115,190,0,190,305
05/09/2004,BAF,MA,ANE,EN,Federal Contract Tower,0,4,15,0,19,0,2,21,0,23,0,6,36,0,42,72,0,72,114
05/10/2004,BAF,MA,ANE,EN,Federal Contract Tower,0,0,8,0,8,0,0,21,0,21,0,0,29,0,29,56,0,56,85
05/11/2004,BAF,MA,ANE,EN,Federal Contract Tower,0,4,21,7,32,0,1,79,26,106,0,5,100,33,138,108,20,128,266
05/12/2004,BAF,MA,ANE,EN,Federal Contract Tower,0,3,20,7,30,0,5,94,13,112,0,8,114,20,142,72,16,88,230
05/13/2004,BAF,MA,ANE,EN,Federal Contract Tower,0,0,7,3,10,0,3,43,9,55,0,3,50,12,65,76,12,88,153
05/14/2004,BAF,MA,ANE,EN,Federal Contract Tower,0,2,17,5,24,0,0,46,5,51,0,2,63,10,75,88,6,94,169
05/15/2004,BAF,MA,ANE,EN,Federal Contract Tower,0,1,9,3,13,0,1,57,2,60,0,2,66,5,73,104,4,108,181
05/16/2004,BAF,MA,ANE,EN,Federal Contract Tower,0,1,12,4,17,0,4,70,3,77,0,5,82,7,94,156,10,166,260
05/17/2004,BAF,MA,ANE,EN,Federal Contract Tower,0,1,11,3,15,0,4,64,0,68,0,5,75,3,83,116,2,118,201
05/18/2004,BAF,MA,ANE,EN,Federal Contract Tower,0,0,14,5,19,0,0,5,14,19,0,0,19,19,38,36,4,40,78
05/19/2004,BAF,MA,ANE,EN,Federal Contract Tower,0,1,11,4,16,0,3,32,18,53,0,4,43,22,69,84,36,120,189
05/20/2004,BAF,MA,ANE,EN,Federal Contract Tower,0,1,12,4,17,0,0,64,18,82,0,1,76,22,99,80,46,126,225
05/21/2004,BAF,MA,ANE,EN,Federal Contract Tower,0,2,19,7,28,0,1,39,23,63,0,3,58,30,91,122,16,138,229
05/22/2004,BAF,MA,ANE,EN,Federal Contract Tower,0,1,17,6,24,0,0,7,8,15,0,1,24,14,39,56,0,56,95
05/23/2004,BAF,MA,ANE,EN,Federal Contract Tower,0,2,19,6,27,0,1,52,8,61,0,3,71,14,88,120,14,134,222
05/24/2004,BAF,MA,ANE,EN,Federal Contract Tower,0,0,11,3,14,0,0,7,2,9,0,0,18,5,23,16,2,18,41
05/25/2004,BAF,MA,ANE,EN,Federal Contract Tower,0,1,23,7,31,0,0,49,12,61,0,1,72,19,92,196,12,208,300
05/26/2004,BAF,MA,ANE,EN,Federal Contract Tower,0,0,6,0,6,0,1,1,0,2,0,1,7,0,8,0,0,0,8
05/27/2004,BAF,MA,ANE,EN,Federal Contract Tower,0,1,18,6,25,0,0,53,24,77,0,1,71,30,102,132,16,148,250
05/28/2004,BAF,MA,ANE,EN,Federal Contract Tower,0,1,14,2,17,0,1,14,0,15,0,2,28,2,32,32,0,32,64
05/29/2004,BAF,MA,ANE,EN,Federal Contract Tower,0,0,3,0,3,0,0,68,0,68,0,0,71,0,71,46,0,46,117
05/30/2004,BAF,MA,ANE,EN,Federal Contract Tower,0,0,3,0,3,0,0,91,12,103,0,0,94,12,106,71,4,75,181
05/31/2004,BAF,MA,ANE,EN,Federal Contract Tower,0,0,5,1,6,0,0,91,18,109,0,0,96,19,115,116,14,130,245
06/01/2004,BAF,MA,ANE,EN,Federal Contract Tower,0,0,31,9,40,0,0,14,5,19,0,0,45,14,59,64,20,84,143
06/02/2004,BAF,MA,ANE,EN,Federal Contract Tower,0,1,13,5,19,0,0,34,27,61,0,1,47,32,80,54,24,78,158
06/03/2004,BAF,MA,ANE,EN,Federal Contract Tower,0,3,17,5,25,0,0,41,29,70,0,3,58,34,95,66,18,84,179
06/04/2004,BAF,MA,ANE,EN,Federal Contract Tower,0,1,11,3,15,0,0,90,20,110,0,1,101,23,125,140,22,162,287
06/05/2004,BAF,MA,ANE,EN,Federal Contract Tower,0,4,23,4,31,0,3,3,0,6,0,7,26,4,37,64,16,80,117
06/06/2004,BAF,MA,ANE,EN,Federal Contract Tower,0,1,6,2,9,0,0,61,15,76,0,1,67,17,85,52,0,52,137
06/07/2004,BAF,MA,ANE,EN,Federal Contract Tower,0,1,7,3,11,0,2,63,5,70,0,3,70,8,81,64,0,64,145
06/08/2004,BAF,MA,ANE,EN,Federal Contract Tower,0,1,5,2,8,0,1,91,8,100,0,2,96,10,108,32,10,42,150
06/09/2004,BAF,MA,ANE,EN,Federal Contract Tower,0,2,12,4,18,0,1,90,15,106,0,3,102,19,124,134,6,140,264
06/10/2004,BAF,MA,ANE,EN,Federal Contract Tower,0,0,18,6,24,0,0,49,17,66,0,0,67,23,90,34,14,48,138
06/11/2004,BAF,MA,ANE,EN,Federal Contract Tower,0,2,12,4,18,0,0,91,3,94,0,2,103,7,112,88,0,88,200
06/12/2004,BAF,MA,ANE,EN,Federal Contract Tower,0,1,7,3,11,0,0,123,22,145,0,1,130,25,156,186,16,202,358
06/13/2004,BAF,MA,ANE,EN,Federal Contract Tower,0,2,10,3,15,0,4,90,0,94,0,6,100,3,109,126,0,126,235
06/14/2004,BAF,MA,ANE,EN,Federal Contract Tower,0,2,16,5,23,0,0,6,3,9,0,2,22,8,32,34,18,52,84
06/15/2004,BAF,MA,ANE,EN,Federal Contract Tower,0,0,12,4,16,0,0,35,20,55,0,0,47,24,71,98,14,112,183
06/16/2004,BAF,MA,ANE,EN,Federal Contract Tower,0,2,18,5,25,0,0,47,14,61,0,2,65,19,86,110,10,120,206
06/17/2004,BAF,MA,ANE,EN,Federal Contract Tower,0,1,15,5,21,0,0,41,22,63,0,1,56,27,84,68,10,78,162
06/18/2004,BAF,MA,ANE,EN,Federal Contract Tower,0,3,25,7,35,0,0,27,10,37,0,3,52,17,72,62,2,64,136
06/19/2004,BAF,MA,ANE,EN,Federal Contract Tower,0,1,11,3,15,0,0,69,0,69,0,1,80,3,84,84,0,84,168
06/20/2004,BAF,MA,ANE,EN,Federal Contract Tower,0,1,10,2,13,0,1,120,0,121,0,2,130,2,134,86,0,86,220
06/21/2004,BAF,MA,ANE,EN,Federal Contract Tower,0,0,8,3,11,0,1,64,5,70,0,1,72,8,81,50,0,50,131
06/22/2004,BAF,MA,ANE,EN,Federal Contract Tower,0,1,27,8,36,0,0,11,8,19,0,1,38,16,55,46,16,62,117
06/23/2004,BAF,MA,ANE,EN,Federal Contract Tower,0,0,9,2,11,0,0,95,33,128,0,0,104,35,139,72,22,94,233
06/24/2004,BAF,MA,ANE,EN,Federal Contract Tower,0,2,19,5,26,0,0,90,23,113,0,2,109,28,139,158,28,186,325
06/25/2004,BAF,MA,ANE,EN,Federal Contract Tower,0,0,21,7,28,0,0,17,9,26,0,0,38,16,54,88,4,92,146
06/26/2004,BAF,MA,ANE,EN,Federal Contract Tower,0,1,19,0,20,0,0,20,0,20,0,1,39,0,40,28,0,28,68
06/27/2004,BAF,MA,ANE,EN,Federal Contract Tower,0,0,7,0,7,0,6,120,0,126,0,6,127,0,133,144,0,144,277
06/28/2004,BAF,MA,ANE,EN,Federal Contract Tower,0,1,14,0,15,0,1,76,0,77,0,2,90,0,92,166,44,210,302
06/29/2004,BAF,MA,ANE,EN,Federal Contract Tower,0,2,19,6,27,0,2,67,18,87,0,4,86,24,114,136,24,160,274
06/30/2004,BAF,MA,ANE,EN,Federal Contract Tower,0,1,10,2,13,0,1,62,21,84,0,2,72,23,97,126,8,134,231
07/01/2004,BAF,MA,ANE,EN,Federal Contract Tower,0,0,13,5,18,0,0,39,18,57,0,0,52,23,75,32,38,70,145
07/02/2004,BAF,MA,ANE,EN,Federal Contract Tower,0,2,8,3,13,0,2,44,11,57,0,4,52,14,70,76,10,86,156
07/03/2004,BAF,MA,ANE,EN,Federal Contract Tower,0,0,6,2,8,0,0,143,15,158,0,0,149,17,166,174,72,246,412
07/04/2004,BAF,MA,ANE,EN,Federal Contract Tower,0,1,5,2,8,0,1,87,16,104,0,2,92,18,112,122,58,180,292
07/05/2004,BAF,MA,ANE,EN,Federal Contract Tower,0,0,15,4,19,0,0,9,0,9,0,0,24,4,28,2,0,2,30
07/06/2004,BAF,MA,ANE,EN,Federal Contract Tower,0,1,12,5,18,0,0,66,7,73,0,1,78,12,91,94,6,100,191
07/07/2004,BAF,MA,ANE,EN,Federal Contract Tower,0,2,11,4,17,0,2,75,23,100,0,4,86,27,117,88,42,130,247
07/08/2004,BAF,MA,ANE,EN,Federal Contract Tower,0,3,13,5,21,0,2,12,3,17,0,5,25,8,38,18,10,28,66
07/09/2004,BAF,MA,ANE,EN,Federal Contract Tower,0,3,15,6,24,0,1,85,20,106,0,4,100,26,130,100,12,112,242
07/10/2004,BAF,MA,ANE,EN,Federal Contract Tower,0,0,4,2,6,0,0,145,8,153,0,0,149,10,159,166,0,166,325
07/11/2004,BAF,MA,ANE,EN,Federal Contract Tower,0,2,9,3,14,0,1,110,16,127,0,3,119,19,141,146,16,162,303
07/12/2004,BAF,MA,ANE,EN,Federal Contract Tower,0,2,12,5,19,0,2,24,1,27,0,4,36,6,46,30,2,32,78
07/13/2004,BAF,MA,ANE,EN,Federal Contract Tower,0,2,18,10,30,0,0,0,3,3,0,2,18,13,33,12,6,18,51
07/14/2004,BAF,MA,ANE,EN,Federal Contract Tower,0,1,15,5,21,0,0,14,19,33,0,1,29,24,54,24,24,48,102
07/15/2004,BAF,MA,ANE,EN,Federal Contract Tower,0,1,9,2,12,0,0,21,38,59,0,1,30,40,71,18,48,66,137
07/16/2004,BAF,MA,ANE,EN,Federal Contract Tower,0,2,18,7,27,0,0,74,28,102,0,2,92,35,129,94,0,94,223
07/17/2004,BAF,MA,ANE,EN,Federal Contract Tower,0,1,10,4,15,0,4,102,13,119,0,5,112,17,134,208,20,228,362
07/18/2004,BAF,MA,ANE,EN,Federal Contract Tower,0,0,8,3,11,0,0,61,6,67,0,0,69,9,78,102,28,130,208
07/19/2004,BAF,MA,ANE,EN,Federal Contract Tower,0,0,19,7,26,0,0,17,8,25,0,0,36,15,51,62,4,66,117
07/20/2004,BAF,MA,ANE,EN,Federal Contract Tower,0,2,17,6,25,0,3,61,39,103,0,5,78,45,128,84,26,110,238
07/21/2004,BAF,MA,ANE,EN,Federal Contract Tower,0,1,14,4,19,0,0,59,24,83,0,1,73,28,102,90,22,112,214
07/22/2004,BAF,MA,ANE,EN,Federal Contract Tower,0,1,11,4,16,0,2,90,21,113,0,3,101,25,129,128,18,146,275
07/23/2004,BAF,MA,ANE,EN,Federal Contract Tower,0,3,23,9,35,0,0,0,16,16,0,3,23,25,51,16,10,26,77
07/24/2004,BAF,MA,ANE,EN,Federal Contract Tower,0,2,16,0,18,0,2,55,0,57,0,4,71,0,75,108,0,108,183
07/25/2004,BAF,MA,ANE,EN,Federal Contract Tower,0,1,9,1,11,0,1,96,0,97,0,2,105,1,108,122,0,122,230
07/26/2004,BAF,MA,ANE,EN,Federal Contract Tower,0,0,8,2,10,0,0,122,9,131,0,0,130,11,141,120,6,126,267
07/27/2004,BAF,MA,ANE,EN,Federal Contract Tower,0,1,13,5,19,0,1,34,17,52,0,2,47,22,71,86,66,152,223
07/28/2004,BAF,MA,ANE,EN,Federal Contract Tower,0,2,16,6,24,0,0,0,0,0,0,2,16,6,24,20,0,20,44
07/29/2004,BAF,MA,ANE,EN,Federal Contract Tower,0,2,18,7,27,0,2,82,40,124,0,4,100,47,151,100,12,112,263
07/30/2004,BAF,MA,ANE,EN,Federal Contract Tower,0,2,18,7,27,0,0,74,19,93,0,2,92,26,120,118,12,130,250
07/31/2004,BAF,MA,ANE,EN,Federal Contract Tower,0,0,13,0,13,0,0,56,0,56,0,0,69,0,69,66,0,66,135
08/01/2004,BAF,MA,ANE,EN,Federal Contract Tower,0,0,9,0,9,0,0,40,0,40,0,0,49,0,49,58,0,58,107
08/02/2004,BAF,MA,ANE,EN,Federal Contract Tower,0,2,6,2,10,0,0,73,7,80,0,2,79,9,90,36,0,36,126
08/03/2004,BAF,MA,ANE,EN,Federal Contract Tower,0,0,15,4,19,0,0,47,38,85,0,0,62,42,104,66,24,90,194
08/04/2004,BAF,MA,ANE,EN,Federal Contract Tower,0,3,21,6,30,0,0,61,33,94,0,3,82,39,124,40,12,52,176
08/05/2004,BAF,MA,ANE,EN,Federal Contract Tower,0,1,26,6,33,0,0,61,34,95,0,1,87,40,128,84,38,122,250
08/06/2004,BAF,MA,ANE,EN,Federal Contract Tower,0,0,10,3,13,0,0,91,23,114,0,0,101,26,127,162,8,170,297
08/07/2004,BAF,MA,ANE,EN,Federal Contract Tower,0,0,4,1,5,0,0,121,0,121,0,0,125,1,126,202,0,202,328
08/08/2004,BAF,MA,ANE,EN,Federal Contract Tower,0,0,6,0,6,0,0,128,0,128,0,0,134,0,134,158,0,158,292
08/09/2004,BAF,MA,ANE,EN,Federal Contract Tower,0,0,15,3,18,0,0,97,0,97,0,0,112,3,115,102,0,102,217
08/10/2004,BAF,MA,ANE,EN,Federal Contract Tower,0,0,17,4,21,0,0,73,23,96,0,0,90,27,117,70,6,76,193
08/11/2004,BAF,MA,ANE,EN,Federal Contract Tower,0,2,19,5,26,0,0,2,21,23,0,2,21,26,49,0,2,2,51
08/12/2004,BAF,MA,ANE,EN,Federal Contract Tower,0,1,8,1,10,0,1,21,10,32,0,2,29,11,42,26,8,34,76
08/13/2004,BAF,MA,ANE,EN,Federal Contract Tower,0,2,19,5,26,0,2,19,11,32,0,4,38,16,58,50,4,54,112
08/14/2004,BAF,MA,ANE,EN,Federal Contract Tower,0,2,15,4,21,0,2,102,1,105,0,4,117,5,126,114,0,114,240
08/15/2004,BAF,MA,ANE,EN,Federal Contract Tower,0,1,13,2,16,0,6,2,0,8,0,7,15,2,24,10,24,34,58
08/16/2004,BAF,MA,ANE,EN,Federal Contract Tower,0,0,19,5,24,0,0,2,3,5,0,0,21,8,29,0,0,0,29
08/17/2004,BAF,MA,ANE,EN,Federal Contract Tower,0,2,14,3,19,0,2,104,23,129,0,4,118,26,148,138,22,160,308
08/18/2004,BAF,MA,ANE,EN,Federal Contract Tower,0,3,35,9,47,0,0,58,27,85,0,3,93,36,132,88,30,118,250
08/19/2004,BAF,MA,ANE,EN,Federal Contract Tower,0,0,20,6,26,0,0,24,32,56,0,0,44,38,82,18,16,34,116
08/20/2004,BAF,MA,ANE,EN,Federal Contract Tower,0,2,20,6,28,0,1,50,16,67,0,3,70,22,95,88,4,92,187
08/21/2004,BAF,MA,ANE,EN,Federal Contract Tower,0,0,5,1,6,0,1,8,15,24,0,1,13,16,30,8,26,34,64
08/22/2004,BAF,MA,ANE,EN,Federal Contract Tower,0,0,5,2,7,0,2,119,5,126,0,2,124,7,133,146,8,154,287
08/23/2004,BAF,MA,ANE,EN,Federal Contract Tower,0,1,8,1,10,0,2,91,3,96,0,3,99,4,106,184,0,184,290
08/24/2004,BAF,MA,ANE,EN,Federal Contract Tower,0,1,8,1,10,0,1,68,21,90,0,2,76,22,100,56,6,62,162
08/25/2004,BAF,MA,ANE,EN,Federal Contract Tower,0,2,15,4,21,0,1,71,29,101,0,3,86,33,122,66,12,78,200
08/26/2004,BAF,MA,ANE,EN,Federal Contract Tower,0,2,17,4,23,0,5,91,35,131,0,7,108,39,154,160,38,198,352
08/27/2004,BAF,MA,ANE,EN,Federal Contract Tower,0,3,21,5,29,0,2,57,23,82,0,5,78,28,111,104,6,110,221
08/28/2004,BAF,MA,ANE,EN,Federal Contract Tower,0,1,10,0,11,0,2,68,0,70,0,3,78,0,81,104,0,104,185
08/29/2004,BAF,MA,ANE,EN,Federal Contract Tower,0,1,13,0,14,0,2,32,0,34,0,3,45,0,48,32,0,32,80
08/30/2004,BAF,MA,ANE,EN,Federal Contract Tower,0,2,16,4,22,0,0,43,1,44,0,2,59,5,66,90,6,96,162
08/31/2004,BAF,MA,ANE,EN,Federal Contract Tower,0,0,15,3,18,0,0,48,17,65,0,0,63,20,83,98,24,122,205
09/01/2004,BAF,MA,ANE,EN,Federal Contract Tower,0,0,13,4,17,0,0,112,16,128,0,0,125,20,145,76,14,90,235
09/02/2004,BAF,MA,ANE,EN,Federal Contract Tower,0,2,11,3,16,0,0,81,16,97,0,2,92,19,113,72,62,134,247
09/03/2004,BAF,MA,ANE,EN,Federal Contract Tower,0,4,17,5,26,0,0,106,5,111,0,4,123,10,137,124,4,128,265
09/04/2004,BAF,MA,ANE,EN,Federal Contract Tower,0,1,3,0,4,0,1,122,2,125,0,2,125,2,129,68,0,68,197
09/05/2004,BAF,MA,ANE,EN,Federal Contract Tower,0,0,9,1,10,0,0,95,0,95,0,0,104,1,105,130,0,130,235
09/06/2004,BAF,MA,ANE,EN,Federal Contract Tower,0,1,8,0,9,0,0,146,0,146,0,1,154,0,155,152,0,152,307
09/07/2004,BAF,MA,ANE,EN,Federal Contract Tower,0,3,23,7,33,0,0,35,12,47,0,3,58,19,80,40,16,56,136
09/08/2004,BAF,MA,ANE,EN,Federal Contract Tower,0,2,14,5,21,0,0,3,2,5,0,2,17,7,26,4,0,4,30
09/09/2004,BAF,MA,ANE,EN,Federal Contract Tower,0,2,6,1,9,0,0,1,0,1,0,2,7,1,10,4,0,4,14
09/10/2004,BAF,MA,ANE,EN,Federal Contract Tower,0,2,12,4,18,0,0,58,23,81,0,2,70,27,99,68,10,78,177
09/11/2004,BAF,MA,ANE,EN,Federal Contract Tower,0,2,8,3,13,0,0,150,16,166,0,2,158,19,179,272,44,316,495
09/12/2004,BAF,MA,ANE,EN,Federal Contract Tower,0,3,11,4,18,0,0,115,48,163,0,3,126,52,181,166,62,228,409
09/13/2004,BAF,MA,ANE,EN,Federal Contract Tower,0,1,5,1,7,0,2,70,5,77,0,3,75,6,84,108,2,110,194
09/14/2004,BAF,MA,ANE,EN,Federal Contract Tower,0,1,19,5,25,0,0,68,42,110,0,1,87,47,135,34,30,64,199
09/15/2004,BAF,MA,ANE,EN,Federal Contract Tower,0,5,24,6,35,0,2,70,34,106,0,7,94,40,141,102,12,114,255
09/16/2004,BAF,MA,ANE,EN,Federal Contract Tower,0,0,16,4,20,0,0,54,33,87,0,0,70,37,107,52,22,74,181
09/17/2004,BAF,MA,ANE,EN,Federal Contract Tower,0,1,9,3,13,0,1,11,7,19,0,2,20,10,32,22,0,22,54
09/18/2004,BAF,MA,ANE,EN,Federal Contract Tower,0,0,3,0,3,0,2,0,0,2,0,2,3,0,5,4,0,4,9
09/19/2004,BAF,MA,ANE,EN,Federal Contract Tower,0,0,5,0,5,0,0,72,0,72,0,0,77,0,77,96,0,96,173
09/20/2004,BAF,MA,ANE,EN,Federal Contract Tower,0,0,4,1,5,0,0,61,12,73,0,0,65,13,78,90,6,96,174
09/21/2004,BAF,MA,ANE,EN,Federal Contract Tower,0,0,4,2,6,0,0,105,19,124,0,0,109,21,130,144,4,148,278
09/22/2004,BAF,MA,ANE,EN,Federal Contract Tower,0,1,6,2,9,0,1,86,20,107,0,2,92,22,116,122,6,128,244
09/23/2004,BAF,MA,ANE,EN,Federal Contract Tower,0,2,12,4,18,0,3,103,18,124,0,5,115,22,142,158,16,174,316
09/24/2004,BAF,MA,ANE,EN,Federal Contract Tower,0,2,12,4,18,0,2,81,24,107,0,4,93,28,125,150,14,164,289
09/25/2004,BAF,MA,ANE,EN,Federal Contract Tower,0,0,5,2,7,0,1,103,0,104,0,1,108,2,111,104,0,104,215
09/26/2004,BAF,MA,ANE,EN,Federal Contract Tower,0,0,5,2,7,0,2,138,1,141,0,2,143,3,148,156,8,164,312
09/27/2004,BAF,MA,ANE,EN,Federal Contract Tower,0,2,11,3,16,0,1,61,1,63,0,3,72,4,79,96,4,100,179
09/28/2004,BAF,MA,ANE,EN,Federal Contract Tower,0,1,10,0,11,0,1,2,0,3,0,2,12,0,14,6,0,6,20
09/29/2004,BAF,MA,ANE,EN,Federal Contract Tower,0,1,10,3,14,0,2,31,1,34,0,3,41,4,48,30,10,40,88
09/30/2004,BAF,MA,ANE,EN,Federal Contract Tower,0,1,10,4,15,0,4,45,3,52,0,5,55,7,67,62,4,66,133
10/01/2004,BAF,MA,ANE,EN,Federal Contract Tower,0,2,23,5,30,0,0,105,21,126,0,2,128,26,156,156,20,176,332
10/02/2004,BAF,MA,ANE,EN,Federal Contract Tower,0,2,10,0,12,0,0,3,2,5,0,2,13,2,17,12,0,12,29
10/03/2004,BAF,MA,ANE,EN,Federal Contract Tower,0,2,4,0,6,0,0,117,4,121,0,2,121,4,127,194,0,194,321
10/04/2004,BAF,MA,ANE,EN,Federal Contract Tower,0,0,12,0,12,0,0,23,0,23,0,0,35,0,35,70,0,70,105
10/05/2004,BAF,MA,ANE,EN,Federal Contract Tower,0,3,4,5,12,0,0,48,22,70,0,3,52,27,82,68,4,72,154
10/06/2004,BAF,MA,ANE,EN,Federal Contract Tower,0,0,4,12,16,0,0,80,30,110,0,0,84,42,126,78,30,108,234
10/07/2004,BAF,MA,ANE,EN,Federal Contract Tower,0,3,15,8,26,0,0,101,40,141,0,3,116,48,167,130,34,164,331
10/08/2004,BAF,MA,ANE,EN,Federal Contract Tower,0,5,14,8,27,0,0,75,25,100,0,5,89,33,127,82,18,100,227
10/09/2004,BAF,MA,ANE,EN,Federal Contract Tower,0,0,16,0,16,0,0,37,0,37,0,0,53,0,53,58,0,58,111
10/10/2004,BAF,MA,ANE,EN,Federal Contract Tower,0,5,8,0,13,0,0,106,0,106,0,5,114,0,119,130,0,130,249
10/11/2004,BAF,MA,ANE,EN,Federal Contract Tower,0,0,15,0,15,0,0,80,0,80,0,0,95,0,95,86,0,86,181
10/12/2004,BAF,MA,ANE,EN,Federal Contract Tower,0,8,8,8,24,0,0,22,12,34,0,8,30,20,58,34,20,54,112
10/13/2004,BAF,MA,ANE,EN,Federal Contract Tower,0,4,5,9,18,0,0,93,28,121,0,4,98,37,139,122,26,148,287
10/14/2004,BAF,MA,ANE,EN,Federal Contract Tower,0,1,9,12,22,0,0,52,15,67,0,1,61,27,89,76,22,98,187
10/15/2004,BAF,MA,ANE,EN,Federal Contract Tower,0,2,9,1,12,0,0,0,0,0,0,2,9,1,12,0,0,0,12
10/16/2004,BAF,MA,ANE,EN,Federal Contract Tower,0,2,10,10,22,0,0,70,34,104,0,2,80,44,126,128,28,156,282
10/17/2004,BAF,MA,ANE,EN,Federal Contract Tower,0,0,6,0,6,0,0,121,8,129,0,0,127,8,135,200,4,204,339
10/18/2004,BAF,MA,ANE,EN,Federal Contract Tower,0,3,12,0,15,0,0,65,0,65,0,3,77,0,80,100,16,116,196
10/19/2004,BAF,MA,ANE,EN,Federal Contract Tower,0,1,13,0,14,0,0,5,2,7,0,1,18,2,21,0,0,0,21
10/20/2004,BAF,MA,ANE,EN,Federal Contract Tower,0,2,8,7,17,0,0,30,31,61,0,2,38,38,78,32,20,52,130
10/21/2004,BAF,MA,ANE,EN,Federal Contract Tower,0,0,15,11,26,0,0,66,32,98,0,0,81,43,124,96,32,128,252
10/22/2004,BAF,MA,ANE,EN,Federal Contract Tower,0,5,12,9,26,0,0,70,35,105,0,5,82,44,131,70,24,94,225
10/23/2004,BAF,MA,ANE,EN,Federal Contract Tower,0,2,22,0,24,0,0,97,0,97,0,2,119,0,121,190,0,190,311
10/24/2004,BAF,MA,ANE,EN,Federal Contract Tower,0,5,24,2,31,0,0,73,4,77,0,5,97,6,108,126,4,130,238
10/25/2004,BAF,MA,ANE,EN,Federal Contract Tower,0,0,10,2,12,0,0,62,2,64,0,0,72,4,76,110,2,112,188
10/26/2004,BAF,MA,ANE,EN,Federal Contract Tower,0,2,15,9,26,0,0,88,19,107,0,2,103,28,133,154,22,176,309
10/27/2004,BAF,MA,ANE,EN,Federal Contract Tower,0,0,10,5,15,0,0,98,23,121,0,0,108,28,136,82,12,94,230
10/28/2004,BAF,MA,ANE,EN,Federal Contract Tower,0,1,13,14,28,0,0,103,46,149,0,1,116,60,177,132,38,170,347
10/29/2004,BAF,MA,ANE,EN,Federal Contract Tower,0,2,13,6,21,0,0,80,22,102,0,2,93,28,123,156,24,180,303
10/30/2004,BAF,MA,ANE,EN,Federal Contract Tower,0,0,13,2,15,0,0,0,0,0,0,0,13,2,15,0,0,0,15
10/31/2004,BAF,MA,ANE,EN,Federal Contract Tower,0,0,3,0,3,0,0,66,1,67,0,0,69,1,70,70,0,70,140
11/01/2004,BAF,MA,ANE,EN,Federal Contract Tower,0,0,6,0,6,0,0,25,0,25,0,0,31,0,31,30,4,34,65
11/02/2004,BAF,MA,ANE,EN,Federal Contract Tower,0,5,5,4,14,0,0,36,10,46,0,5,41,14,60,58,8,66,126
11/03/2004,BAF,MA,ANE,EN,Federal Contract Tower,0,1,8,7,16,0,0,10,25,35,0,1,18,32,51,20,22,42,93
11/04/2004,BAF,MA,ANE,EN,Federal Contract Tower,0,4,4,5,13,0,2,48,20,70,0,6,52,25,83,72,18,90,173
11/05/2004,BAF,MA,ANE,EN,Federal Contract Tower,0,1,4,0,5,0,0,0,0,0,0,1,4,0,5,2,0,2,7
11/06/2004,BAF,MA,ANE,EN,Federal Contract Tower,0,2,10,14,26,0,0,62,36,98,0,2,72,50,124,106,16,122,246
11/07/2004,BAF,MA,ANE,EN,Federal Contract Tower,0,1,5,14,20,0,0,74,55,129,0,1,79,69,149,116,18,134,283
11/08/2004,BAF,MA,ANE,EN,Federal Contract Tower,0,7,8,9,24,0,0,29,4,33,0,7,37,13,57,28,26,54,111
11/09/2004,BAF,MA,ANE,EN,Federal Contract Tower,0,3,9,5,17,0,0,55,27,82,0,3,64,32,99,86,22,108,207
11/10/2004,BAF,MA,ANE,EN,Federal Contract Tower,0,2,9,4,15,0,0,81,26,107,0,2,90,30,122,110,28,138,260
11/11/2004,BAF,MA,ANE,EN,Federal Contract Tower,0,5,16,3,24,0,0,112,9,121,0,5,128,12,145,194,12,206,351
11/12/2004,BAF,MA,ANE,EN,Federal Contract Tower,0,2,6,0,8,0,0,0,0,0,0,2,6,0,8,2,0,2,10
11/13/2004,BAF,MA,ANE,EN,Federal Contract Tower,0,3,3,0,6,0,0,26,7,33,0,3,29,7,39,56,0,56,95
11/14/2004,BAF,MA,ANE,EN,Federal Contract Tower,0,3,7,0,10,0,0,81,0,81,0,3,88,0,91,110,0,110,201
11/15/2004,BAF,MA,ANE,EN,Federal Contract Tower,0,4,9,0,13,0,0,64,0,64,0,4,73,0,77,84,8,92,169
11/16/2004,BAF,MA,ANE,EN,Federal Contract Tower,0,1,6,7,14,0,0,64,30,94,0,1,70,37,108,114,18,132,240
11/17/2004,BAF,MA,ANE,EN,Federal Contract Tower,0,3,9,8,20,0,0,91,26,117,0,3,100,34,137,120,28,148,285
11/18/2004,BAF,MA,ANE,EN,Federal Contract Tower,0,2,13,15,30,0,0,71,33,104,0,2,84,48,134,114,50,164,298
11/19/2004,BAF,MA,ANE,EN,Federal Contract Tower,0,6,14,5,25,0,0,72,18,90,0,6,86,23,115,102,40,142,257
11/20/2004,BAF,MA,ANE,EN,Federal Contract Tower,0,6,7,0,13,0,0,56,0,56,0,6,63,0,69,122,0,122,191
11/21/2004,BAF,MA,ANE,EN,Federal Contract Tower,0,0,7,0,7,0,0,0,0,0,0,0,7,0,7,8,0,8,15
11/22/2004,BAF,MA,ANE,EN,Federal Contract Tower,0,0,11,8,19,0,0,54,12,66,0,0,65,20,85,78,22,100,185
11/23/2004,BAF,MA,ANE,EN,Federal Contract Tower,0,7,9,5,21,0,1,113,22,136,0,8,122,27,157,100,24,124,281
11/24/2004,BAF,MA,ANE,EN,Federal Contract Tower,0,3,18,0,21,0,0,3,2,5,0,3,21,2,26,10,0,10,36
11/25/2004,BAF,MA,ANE,EN,Federal Contract Tower,0,3,1,0,4,0,0,0,0,0,0,3,1,0,4,0,0,0,4
11/26/2004,BAF,MA,ANE,EN,Federal Contract Tower,0,5,2,0,7,0,0,78,10,88,0,5,80,10,95,104,10,114,209
11/27/2004,BAF,MA,ANE,EN,Federal Contract Tower,0,1,6,0,7,0,0,92,0,92,0,1,98,0,99,50,0,50,149
11/28/2004,BAF,MA,ANE,EN,Federal Contract Tower,0,3,4,0,7,0,0,0,0,0,0,3,4,0,7,0,0,0,7
11/29/2004,BAF,MA,ANE,EN,Federal Contract Tower,0,4,8,2,14,0,0,43,0,43,0,4,51,2,57,56,4,60,117
11/30/2004,BAF,MA,ANE,EN,Federal Contract Tower,0,1,6,6,13,0,0,85,21,106,0,1,91,27,119,84,8,92,211
12/01/2004,BAF,MA,ANE,EN,Federal Contract Tower,0,3,3,2,8,0,0,1,0,1,0,3,4,2,9,0,0,0,9
12/02/2004,BAF,MA,ANE,EN,Federal Contract Tower,0,1,13,8,22,0,0,54,34,88,0,1,67,42,110,48,34,82,192
12/03/2004,BAF,MA,ANE,EN,Federal Contract Tower,0,1,5,3,9,0,0,62,8,70,0,1,67,11,79,52,22,74,153
12/04/2004,BAF,MA,ANE,EN,Federal Contract Tower,0,0,8,2,10,0,0,124,0,124,0,0,132,2,134,100,0,100,234
12/05/2004,BAF,MA,ANE,EN,Federal Contract Tower,0,3,8,2,13,0,0,63,2,65,0,3,71,4,78,76,0,76,154
12/06/2004,BAF,MA,ANE,EN,Federal Contract Tower,0,2,8,0,10,0,0,25,0,25,0,2,33,0,35,38,0,38,73
12/07/2004,BAF,MA,ANE,EN,Federal Contract Tower,0,1,1,0,2,0,0,0,0,0,0,1,1,0,2,0,0,0,2
12/08/2004,BAF,MA,ANE,EN,Federal Contract Tower,0,3,10,6,19,0,0,30,35,65,0,3,40,41,84,22,4,26,110
12/09/2004,BAF,MA,ANE,EN,Federal Contract Tower,0,0,11,9,20,0,0,95,32,127,0,0,106,41,147,126,6,132,279
12/10/2004,BAF,MA,ANE,EN,Federal Contract Tower,0,0,9,0,9,0,0,0,0,0,0,0,9,0,9,0,0,0,9
12/11/2004,BAF,MA,ANE,EN,Federal Contract Tower,0,2,6,0,8,0,0,0,0,0,0,2,6,0,8,0,0,0,8
12/12/2004,BAF,MA,ANE,EN,Federal Contract Tower,0,0,6,0,6,0,0,84,4,88,0,0,90,4,94,88,0,88,182
12/13/2004,BAF,MA,ANE,EN,Federal Contract Tower,0,2,5,2,9,0,0,21,0,21,0,2,26,2,30,16,8,24,54
12/14/2004,BAF,MA,ANE,EN,Federal Contract Tower,0,3,3,7,13,0,0,71,15,86,0,3,74,22,99,60,20,80,179
12/15/2004,BAF,MA,ANE,EN,Federal Contract Tower,0,3,8,12,23,0,0,82,18,100,0,3,90,30,123,144,50,194,317
12/16/2004,BAF,MA,ANE,EN,Federal Contract Tower,0,0,11,7,18,0,0,87,30,117,0,0,98,37,135,114,8,122,257
12/17/2004,BAF,MA,ANE,EN,Federal Contract Tower,0,3,8,3,14,0,2,32,15,49,0,5,40,18,63,38,0,38,101
12/18/2004,BAF,MA,ANE,EN,Federal Contract Tower,0,0,12,0,12,0,0,98,0,98,0,0,110,0,110,84,0,84,194
12/19/2004,BAF,MA,ANE,EN,Federal Contract Tower,0,0,5,0,5,0,0,47,0,47,0,0,52,0,52,118,0,118,170
12/20/2004,BAF,MA,ANE,EN,Federal Contract Tower,0,0,4,0,4,0,0,0,0,0,0,0,4,0,4,0,0,0,4
12/21/2004,BAF,MA,ANE,EN,Federal Contract Tower,0,0,4,2,6,0,0,33,16,49,0,0,37,18,55,28,14,42,97
12/22/2004,BAF,MA,ANE,EN,Federal Contract Tower,0,2,9,6,17,0,0,52,11,63,0,2,61,17,80,42,16,58,138
12/23/2004,BAF,MA,ANE,EN,Federal Contract Tower,0,1,4,0,5,0,0,0,0,0,0,1,4,0,5,0,0,0,5
12/24/2004,BAF,MA,ANE,EN,Federal Contract Tower,0,2,2,0,4,0,0,33,0,33,0,2,35,0,37,46,0,46,83
12/25/2004,BAF,MA,ANE,EN,Federal Contract Tower,0,0,0,0,0,0,0,16,0,16,0,0,16,0,16,16,0,16,32
12/26/2004,BAF,MA,ANE,EN,Federal Contract Tower,0,0,2,0,2,0,0,11,0,11,0,0,13,0,13,18,0,18,31
12/27/2004,BAF,MA,ANE,EN,Federal Contract Tower,0,1,4,5,10,0,0,0,7,7,0,1,4,12,17,2,0,2,19
12/28/2004,BAF,MA,ANE,EN,Federal Contract Tower,0,4,11,3,18,0,0,50,18,68,0,4,61,21,86,32,8,40,126
12/29/2004,BAF,MA,ANE,EN,Federal Contract Tower,0,0,2,3,5,0,0,70,34,104,0,0,72,37,109,122,12,134,243
12/30/2004,BAF,MA,ANE,EN,Federal Contract Tower,0,0,5,0,5,0,0,110,11,121,0,0,115,11,126,152,4,156,282
12/31/2004,BAF,MA,ANE,EN,Federal Contract Tower,0,0,4,0,4,0,0,21,0,21,0,0,25,0,25,66,0,66,91
01/01/2005,BAF,MA,ANE,EN,Federal Contract Tower,0,1,4,0,5,0,0,28,0,28,0,1,32,0,33,56,0,56,89
01/02/2005,BAF,MA,ANE,EN,Federal Contract Tower,0,4,7,0,11,0,0,66,0,66,0,4,73,0,77,98,0,98,175
01/03/2005,BAF,MA,ANE,EN,Federal Contract Tower,0,1,11,0,12,0,0,39,0,39,0,1,50,0,51,80,0,80,131
01/04/2005,BAF,MA,ANE,EN,Federal Contract Tower,0,2,12,9,23,0,0,36,22,58,0,2,48,31,81,80,20,100,181
01/05/2005,BAF,MA,ANE,EN,Federal Contract Tower,0,2,8,0,10,0,0,0,0,0,0,2,8,0,10,0,0,0,10
01/06/2005,BAF,MA,ANE,EN,Federal Contract Tower,0,0,0,0,0,0,0,0,0,0,0,0,0,0,0,0,0,0,0
01/07/2005,BAF,MA,ANE,EN,Federal Contract Tower,0,1,9,2,12,0,0,30,19,49,0,1,39,21,61,30,38,68,129
01/08/2005,BAF,MA,ANE,EN,Federal Contract Tower,0,0,0,0,0,0,0,0,0,0,0,0,0,0,0,0,0,0,0
01/09/2005,BAF,MA,ANE,EN,Federal Contract Tower,0,0,4,1,5,0,0,55,26,81,0,0,59,27,86,62,54,116,202
01/10/2005,BAF,MA,ANE,EN,Federal Contract Tower,0,1,6,0,7,0,0,5,0,5,0,1,11,0,12,4,0,4,16
01/11/2005,BAF,MA,ANE,EN,Federal Contract Tower,0,0,6,11,17,0,0,35,12,47,0,0,41,23,64,88,16,104,168
01/12/2005,BAF,MA,ANE,EN,Federal Contract Tower,0,1,6,0,7,0,0,0,0,0,0,1,6,0,7,0,0,0,7
01/13/2005,BAF,MA,ANE,EN,Federal Contract Tower,0,1,5,0,6,0,0,1,0,1,0,1,6,0,7,0,0,0,7
01/14/2005,BAF,MA,ANE,EN,Federal Contract Tower,0,1,4,0,5,0,0,5,2,7,0,1,9,2,12,10,0,10,22
01/15/2005,BAF,MA,ANE,EN,Federal Contract Tower,0,0,5,0,5,0,0,119,0,119,0,0,124,0,124,190,0,190,314
01/16/2005,BAF,MA,ANE,EN,Federal Contract Tower,0,0,6,0,6,0,0,111,0,111,0,0,117,0,117,114,0,114,231
01/17/2005,BAF,MA,ANE,EN,Federal Contract Tower,0,0,9,0,9,0,0,35,0,35,0,0,44,0,44,30,0,30,74
01/18/2005,BAF,MA,ANE,EN,Federal Contract Tower,0,2,7,4,13,0,0,35,4,39,0,2,42,8,52,30,14,44,96
01/19/2005,BAF,MA,ANE,EN,Federal Contract Tower,0,1,11,9,21,0,1,11,7,19,0,2,22,16,40,8,6,14,54
01/20/2005,BAF,MA,ANE,EN,Federal Contract Tower,0,3,5,6,14,0,1,13,14,28,0,4,18,20,42,10,0,10,52
01/21/2005,BAF,MA,ANE,EN,Federal Contract Tower,0,3,5,5,13,0,1,32,14,47,0,4,37,19,60,46,10,56,116
01/22/2005,BAF,MA,ANE,EN,Federal Contract Tower,0,0,3,2,5,0,0,22,0,22,0,0,25,2,27,28,0,28,55
01/23/2005,BAF,MA,ANE,EN,Federal Contract Tower,0,1,1,0,2,0,0,2,0,2,0,1,3,0,4,20,0,20,24
01/24/2005,BAF,MA,ANE,EN,Federal Contract Tower,0,0,10,1,11,0,0,16,0,16,0,0,26,1,27,14,0,14,41
01/25/2005,BAF,MA,ANE,EN,Federal Contract Tower,0,1,14,1,16,0,0,51,7,58,0,1,65,8,74,68,0,68,142
01/26/2005,BAF,MA,ANE,EN,Federal Contract Tower,0,1,2,0,3,0,0,0,0,0,0,1,2,0,3,0,0,0,3
01/27/2005,BAF,MA,ANE,EN,Federal Contract Tower,0,2,13,3,18,0,0,31,18,49,0,2,44,21,67,20,46,66,133
01/28/2005,BAF,MA,ANE,EN,Federal Contract Tower,0,0,4,4,8,0,0,36,20,56,0,0,40,24,64,50,24,74,138
01/29/2005,BAF,MA,ANE,EN,Federal Contract Tower,0,1,10,0,11,0,0,110,5,115,0,1,120,5,126,68,2,70,196
01/30/2005,BAF,MA,ANE,EN,Federal Contract Tower,0,1,7,1,9,0,0,80,6,86,0,1,87,7,95,58,0,58,153
01/31/2005,BAF,MA,ANE,EN,Federal Contract Tower,0,2,3,0,5,0,0,59,0,59,0,2,62,0,64,64,0,64,128
02/01/2005,BAF,MA,ANE,EN,Federal Contract Tower,0,0,11,5,16,0,0,65,27,92,0,0,76,32,108,52,32,84,192
02/02/2005,BAF,MA,ANE,EN,Federal Contract Tower,0,0,8,10,18,0,1,109,22,132,0,1,117,32,150,104,30,134,284
02/03/2005,BAF,MA,ANE,EN,Federal Contract Tower,0,0,18,7,25,0,0,57,21,78,0,0,75,28,103,102,40,142,245
02/04/2005,BAF,MA,ANE,EN,Federal Contract Tower,0,2,12,7,21,0,0,11,23,34,0,2,23,30,55,16,20,36,91
02/05/2005,BAF,MA,ANE,EN,Federal Contract Tower,0,0,9,0,9,0,0,131,13,144,0,0,140,13,153,126,14,140,293
02/06/2005,BAF,MA,ANE,EN,Federal Contract Tower,0,0,6,0,6,0,0,163,16,179,0,0,169,16,185,190,4,194,379
02/07/2005,BAF,MA,ANE,EN,Federal Contract Tower,0,2,4,0,6,0,0,69,0,69,0,2,73,0,75,148,2,150,225
02/08/2005,BAF,MA,ANE,EN,Federal Contract Tower,0,2,21,7,30,0,0,50,18,68,0,2,71,25,98,120,12,132,230
02/09/2005,BAF,MA,ANE,EN,Federal Contract Tower,0,0,15,5,20,0,0,51,23,74,0,0,66,28,94,90,26,116,210
02/10/2005,BAF,MA,ANE,EN,Federal Contract Tower,0,1,5,0,6,0,0,0,0,0,0,1,5,0,6,0,0,0,6
02/11/2005,BAF,MA,ANE,EN,Federal Contract Tower,0,3,4,5,12,0,0,3,10,13,0,3,7,15,25,0,12,12,37
02/12/2005,BAF,MA,ANE,EN,Federal Contract Tower,0,1,9,9,19,0,0,34,8,42,0,1,43,17,61,32,0,32,93
02/13/2005,BAF,MA,ANE,EN,Federal Contract Tower,0,2,3,2,7,0,0,81,0,81,0,2,84,2,88,86,8,94,182
02/14/2005,BAF,MA,ANE,EN,Federal Contract Tower,0,1,6,0,7,0,0,28,0,28,0,1,34,0,35,52,0,52,87
02/15/2005,BAF,MA,ANE,EN,Federal Contract Tower,0,3,10,4,17,0,0,50,13,63,0,3,60,17,80,102,30,132,212
02/16/2005,BAF,MA,ANE,EN,Federal Contract Tower,0,5,8,5,18,0,0,26,11,37,0,5,34,16,55,36,14,50,105
02/17/2005,BAF,MA,ANE,EN,Federal Contract Tower,0,4,6,2,12,0,0,68,6,74,0,4,74,8,86,62,20,82,168
02/18/2005,BAF,MA,ANE,EN,Federal Contract Tower,0,1,12,6,19,0,0,23,7,30,0,1,35,13,49,20,8,28,77
02/19/2005,BAF,MA,ANE,EN,Federal Contract Tower,0,0,3,2,5,0,0,98,0,98,0,0,101,2,103,68,0,68,171
02/20/2005,BAF,MA,ANE,EN,Federal Contract Tower,0,1,2,1,4,0,0,100,1,101,0,1,102,2,105,82,0,82,187
02/21/2005,BAF,MA,ANE,EN,Federal Contract Tower,0,2,4,0,6,0,0,0,0,0,0,2,4,0,6,0,0,0,6
02/22/2005,BAF,MA,ANE,EN,Federal Contract Tower,0,1,10,1,12,0,0,30,2,32,0,1,40,3,44,56,0,56,100
02/23/2005,BAF,MA,ANE,EN,Federal Contract Tower,0,1,3,1,5,0,0,17,7,24,0,1,20,8,29,14,16,30,59
02/24/2005,BAF,MA,ANE,EN,Federal Contract Tower,0,3,12,1,16,0,2,49,18,69,0,5,61,19,85,38,16,54,139
02/25/2005,BAF,MA,ANE,EN,Federal Contract Tower,0,2,10,1,13,0,0,34,3,37,0,2,44,4,50,54,4,58,108
02/26/2005,BAF,MA,ANE,EN,Federal Contract Tower,0,0,11,4,15,0,0,82,10,92,0,0,93,14,107,156,18,174,281
02/27/2005,BAF,MA,ANE,EN,Federal Contract Tower,0,2,14,4,20,0,0,73,4,77,0,2,87,8,97,150,2,152,249
02/28/2005,BAF,MA,ANE,EN,Federal Contract Tower,0,0,10,0,10,0,0,27,0,27,0,0,37,0,37,64,0,64,101
03/01/2005,BAF,MA,ANE,EN,Federal Contract Tower,0,1,9,0,10,0,0,0,0,0,0,1,9,0,10,2,0,2,12
03/02/2005,BAF,MA,ANE,EN,Federal Contract Tower,0,2,4,7,13,0,0,6,17,23,0,2,10,24,36,12,16,28,64
03/03/2005,BAF,MA,ANE,EN,Federal Contract Tower,0,2,3,4,9,0,0,22,11,33,0,2,25,15,42,8,8,16,58
03/04/2005,BAF,MA,ANE,EN,Federal Contract Tower,0,0,9,2,11,0,0,42,13,55,0,0,51,15,66,70,4,74,140
03/05/2005,BAF,MA,ANE,EN,Federal Contract Tower,0,3,12,0,15,0,0,114,4,118,0,3,126,4,133,210,0,210,343
03/06/2005,BAF,MA,ANE,EN,Federal Contract Tower,0,0,2,2,4,0,0,47,13,60,0,0,49,15,64,76,4,80,144
03/07/2005,BAF,MA,ANE,EN,Federal Contract Tower,0,0,4,0,4,0,0,30,0,30,0,0,34,0,34,82,4,86,120
03/08/2005,BAF,MA,ANE,EN,Federal Contract Tower,0,0,3,0,3,0,0,0,0,0,0,0,3,0,3,0,0,0,3
03/09/2005,BAF,MA,ANE,EN,Federal Contract Tower,0,3,5,8,16,0,0,6,24,30,0,3,11,32,46,0,58,58,104
03/10/2005,BAF,MA,ANE,EN,Federal Contract Tower,0,3,10,6,19,0,0,26,22,48,0,3,36,28,67,78,36,114,181
03/11/2005,BAF,MA,ANE,EN,Federal Contract Tower,0,2,5,5,12,0,0,4,3,7,0,2,9,8,19,0,0,0,19
03/12/2005,BAF,MA,ANE,EN,Federal Contract Tower,0,1,4,0,5,0,0,0,8,8,0,1,4,8,13,0,0,0,13
03/13/2005,BAF,MA,ANE,EN,Federal Contract Tower,0,3,7,0,10,0,0,78,9,87,0,3,85,9,97,114,0,114,211
03/14/2005,BAF,MA,ANE,EN,Federal Contract Tower,0,2,2,0,4,0,0,39,3,42,0,2,41,3,46,94,2,96,142
03/15/2005,BAF,MA,ANE,EN,Federal Contract Tower,0,3,5,8,16,0,0,51,22,73,0,3,56,30,89,82,12,94,183
03/16/2005,BAF,MA,ANE,EN,Federal Contract Tower,0,3,9,7,19,0,0,75,20,95,0,3,84,27,114,138,60,198,312
03/17/2005,BAF,MA,ANE,EN,Federal Contract Tower,0,0,8,7,15,0,0,126,8,134,0,0,134,15,149,110,0,110,259
03/18/2005,BAF,MA,ANE,EN,Federal Contract Tower,0,0,14,6,20,0,0,50,2,52,0,0,64,8,72,68,0,68,140
03/19/2005,BAF,MA,ANE,EN,Federal Contract Tower,4,2,6,0,12,0,0,138,0,138,4,2,144,0,150,114,0,114,264
03/20/2005,BAF,MA,ANE,EN,Federal Contract Tower,0,0,6,0,6,0,0,18,0,18,0,0,24,0,24,22,0,22,46
03/21/2005,BAF,MA,ANE,EN,Federal Contract Tower,0,2,11,0,13,0,0,18,0,18,0,2,29,0,31,70,0,70,101
03/22/2005,BAF,MA,ANE,EN,Federal Contract Tower,0,0,7,0,7,0,0,83,16,99,0,0,90,16,106,108,32,140,246
03/23/2005,BAF,MA,ANE,EN,Federal Contract Tower,0,0,8,0,8,0,0,48,8,56,0,0,56,8,64,108,0,108,172
03/24/2005,BAF,MA,ANE,EN,Federal Contract Tower,0,0,14,2,16,0,0,12,4,16,0,0,26,6,32,10,0,10,42
03/25/2005,BAF,MA,ANE,EN,Federal Contract Tower,0,2,11,1,14,0,0,38,11,49,0,2,49,12,63,68,0,68,131
03/26/2005,BAF,MA,ANE,EN,Federal Contract Tower,0,2,9,1,12,0,0,154,7,161,0,2,163,8,173,156,0,156,329
03/27/2005,BAF,MA,ANE,EN,Federal Contract Tower,0,0,6,1,7,0,0,34,0,34,0,0,40,1,41,76,0,76,117
03/28/2005,BAF,MA,ANE,EN,Federal Contract Tower,0,2,10,0,12,0,0,0,0,0,0,2,10,0,12,0,0,0,12
03/29/2005,BAF,MA,ANE,EN,Federal Contract Tower,0,1,4,0,5,0,0,20,0,20,0,1,24,0,25,48,70,118,143
03/30/2005,BAF,MA,ANE,EN,Federal Contract Tower,0,1,19,0,20,0,0,107,17,124,0,1,126,17,144,194,0,194,338
03/31/2005,BAF,MA,ANE,EN,Federal Contract Tower,0,1,7,0,8,0,2,86,13,101,0,3,93,13,109,98,0,98,207
04/01/2005,BAF,MA,ANE,EN,Federal Contract Tower,0,0,18,0,18,0,0,20,10,30,0,0,38,10,48,34,12,46,94
04/02/2005,BAF,MA,ANE,EN,Federal Contract Tower,2,1,5,1,9,0,0,1,0,1,2,1,6,1,10,0,0,0,10
04/03/2005,BAF,MA,ANE,EN,Federal Contract Tower,0,1,5,11,17,0,0,12,7,19,0,1,17,18,36,24,12,36,72
04/04/2005,BAF,MA,ANE,EN,Federal Contract Tower,0,0,4,0,4,0,0,16,0,16,0,0,20,0,20,24,0,24,44
04/05/2005,BAF,MA,ANE,EN,Federal Contract Tower,0,1,8,3,12,0,0,46,16,62,0,1,54,19,74,100,6,106,180
04/06/2005,BAF,MA,ANE,EN,Federal Contract Tower,0,2,12,9,23,0,0,89,17,106,0,2,101,26,129,134,8,142,271
04/07/2005,BAF,MA,ANE,EN,Federal Contract Tower,0,0,7,7,14,0,0,57,29,86,0,0,64,36,100,86,60,146,246
04/08/2005,BAF,MA,ANE,EN,Federal Contract Tower,0,3,12,8,23,0,0,47,28,75,0,3,59,36,98,106,12,118,216
04/09/2005,BAF,MA,ANE,EN,Federal Contract Tower,0,0,7,0,7,0,0,145,0,145,0,0,152,0,152,180,0,180,332
04/10/2005,BAF,MA,ANE,EN,Federal Contract Tower,0,3,6,0,9,0,0,171,0,171,0,3,177,0,180,322,0,322,502
04/11/2005,BAF,MA,ANE,EN,Federal Contract Tower,0,3,6,2,11,0,0,46,0,46,0,3,52,2,57,42,10,52,109
04/12/2005,BAF,MA,ANE,EN,Federal Contract Tower,0,1,8,5,14,0,0,41,6,47,0,1,49,11,61,40,2,42,103
04/13/2005,BAF,MA,ANE,EN,Federal Contract Tower,0,1,12,5,18,0,0,52,26,78,0,1,64,31,96,36,14,50,146
04/14/2005,BAF,MA,ANE,EN,Federal Contract Tower,0,3,18,6,27,0,0,74,27,101,0,3,92,33,128,56,0,56,184
04/15/2005,BAF,MA,ANE,EN,Federal Contract Tower,0,0,10,4,14,0,0,63,25,88,0,0,73,29,102,94,16,110,212
04/16/2005,BAF,MA,ANE,EN,Federal Contract Tower,0,0,5,2,7,0,0,179,10,189,0,0,184,12,196,254,0,254,450
04/17/2005,BAF,MA,ANE,EN,Federal Contract Tower,0,4,5,0,9,0,0,173,0,173,0,4,178,0,182,162,0,162,344
04/18/2005,BAF,MA,ANE,EN,Federal Contract Tower,0,1,5,0,6,0,0,78,2,80,0,1,83,2,86,122,0,122,208
04/19/2005,BAF,MA,ANE,EN,Federal Contract Tower,0,0,8,9,17,0,0,139,13,152,0,0,147,22,169,166,40,206,375
04/20/2005,BAF,MA,ANE,EN,Federal Contract Tower,0,0,10,6,16,0,0,36,23,59,0,0,46,29,75,32,18,50,125
04/21/2005,BAF,MA,ANE,EN,Federal Contract Tower,0,3,10,4,17,0,0,89,23,112,0,3,99,27,129,104,14,118,247
04/22/2005,BAF,MA,ANE,EN,Federal Contract Tower,0,0,3,4,7,0,0,94,24,118,0,0,97,28,125,92,28,120,245
04/23/2005,BAF,MA,ANE,EN,Federal Contract Tower,0,1,4,0,5,0,0,0,0,0,0,1,4,0,5,0,0,0,5
04/24/2005,BAF,MA,ANE,EN,Federal Contract Tower,0,0,11,0,11,0,0,13,0,13,0,0,24,0,24,10,2,12,36
04/25/2005,BAF,MA,ANE,EN,Federal Contract Tower,0,2,10,0,12,0,1,33,3,37,0,3,43,3,49,44,0,44,93
04/26/2005,BAF,MA,ANE,EN,Federal Contract Tower,0,1,9,7,17,0,0,81,26,107,0,1,90,33,124,84,24,108,232
04/27/2005,BAF,MA,ANE,EN,Federal Contract Tower,0,1,2,0,3,0,0,2,0,2,0,1,4,0,5,0,0,0,5
04/28/2005,BAF,MA,ANE,EN,Federal Contract Tower,0,0,4,5,9,0,0,48,34,82,0,0,52,39,91,58,16,74,165
04/29/2005,BAF,MA,ANE,EN,Federal Contract Tower,0,3,11,2,16,0,1,70,17,88,0,4,81,19,104,120,12,132,236
04/30/2005,BAF,MA,ANE,EN,Federal Contract Tower,0,1,24,24,49,0,0,6,10,16,0,1,30,34,65,68,12,80,145
05/01/2005,BAF,MA,ANE,EN,Federal Contract Tower,0,1,24,14,39,0,0,60,43,103,0,1,84,57,142,82,0,82,224
05/02/2005,BAF,MA,ANE,EN,Federal Contract Tower,0,3,5,1,9,0,0,35,0,35,0,3,40,1,44,34,0,34,78
05/03/2005,BAF,MA,ANE,EN,Federal Contract Tower,0,0,13,19,32,0,0,80,19,99,0,0,93,38,131,154,26,180,311
05/04/2005,BAF,MA,ANE,EN,Federal Contract Tower,0,1,5,10,16,0,0,75,24,99,0,1,80,34,115,62,26,88,203
05/05/2005,BAF,MA,ANE,EN,Federal Contract Tower,0,3,12,5,20,0,1,109,18,128,0,4,121,23,148,126,8,134,282
05/06/2005,BAF,MA,ANE,EN,Federal Contract Tower,0,3,11,1,15,0,1,59,6,66,0,4,70,7,81,96,4,100,181
05/07/2005,BAF,MA,ANE,EN,Federal Contract Tower,0,1,7,5,13,0,0,0,3,3,0,1,7,8,16,0,0,0,16
05/08/2005,BAF,MA,ANE,EN,Federal Contract Tower,0,1,6,0,7,0,0,33,0,33,0,1,39,0,40,42,0,42,82
05/09/2005,BAF,MA,ANE,EN,Federal Contract Tower,0,0,9,0,9,0,0,72,0,72,0,0,81,0,81,104,0,104,185
05/10/2005,BAF,MA,ANE,EN,Federal Contract Tower,0,0,4,3,7,0,0,102,15,117,0,0,106,18,124,0,146,146,270
05/11/2005,BAF,MA,ANE,EN,Federal Contract Tower,0,1,7,4,12,0,0,102,17,119,0,1,109,21,131,138,32,170,301
05/12/2005,BAF,MA,ANE,EN,Federal Contract Tower,0,4,8,4,16,0,0,36,14,50,0,4,44,18,66,38,6,44,110
05/13/2005,BAF,MA,ANE,EN,Federal Contract Tower,0,1,9,3,13,0,3,99,13,115,0,4,108,16,128,102,22,124,252
05/14/2005,BAF,MA,ANE,EN,Federal Contract Tower,0,2,10,0,12,0,0,58,4,62,0,2,68,4,74,90,2,92,166
05/15/2005,BAF,MA,ANE,EN,Federal Contract Tower,0,2,23,5,30,0,0,19,1,20,0,2,42,6,50,18,6,24,74
05/16/2005,BAF,MA,ANE,EN,Federal Contract Tower,0,1,19,4,24,0,0,24,5,29,0,1,43,9,53,62,0,62,115
05/17/2005,BAF,MA,ANE,EN,Federal Contract Tower,0,3,9,7,19,0,1,103,18,122,0,4,112,25,141,122,16,138,279
05/18/2005,BAF,MA,ANE,EN,Federal Contract Tower,0,0,7,0,7,0,0,80,26,106,0,0,87,26,113,162,14,176,289
05/19/2005,BAF,MA,ANE,EN,Federal Contract Tower,0,1,7,4,12,0,0,66,20,86,0,1,73,24,98,100,52,152,250
05/20/2005,BAF,MA,ANE,EN,Federal Contract Tower,0,0,12,0,12,0,0,56,9,65,0,0,68,9,77,114,0,114,191
05/21/2005,BAF,MA,ANE,EN,Federal Contract Tower,0,1,10,0,11,0,0,123,3,126,0,1,133,3,137,126,0,126,263
05/22/2005,BAF,MA,ANE,EN,Federal Contract Tower,0,3,18,0,21,0,0,26,0,26,0,3,44,0,47,64,0,64,111
05/23/2005,BAF,MA,ANE,EN,Federal Contract Tower,0,4,13,0,17,0,0,32,0,32,0,4,45,0,49,62,0,62,111
05/24/2005,BAF,MA,ANE,EN,Federal Contract Tower,0,2,18,8,28,0,0,0,15,15,0,2,18,23,43,14,0,14,57
05/25/2005,BAF,MA,ANE,EN,Federal Contract Tower,0,5,22,10,37,0,0,0,10,10,0,5,22,20,47,2,0,2,49
05/26/2005,BAF,MA,ANE,EN,Federal Contract Tower,0,1,30,15,46,0,0,19,12,31,0,1,49,27,77,18,10,28,105
05/27/2005,BAF,MA,ANE,EN,Federal Contract Tower,0,1,16,4,21,0,0,84,10,94,0,1,100,14,115,178,8,186,301
05/28/2005,BAF,MA,ANE,EN,Federal Contract Tower,0,1,15,0,16,0,0,89,0,89,0,1,104,0,105,126,0,126,231
05/29/2005,BAF,MA,ANE,EN,Federal Contract Tower,0,0,8,0,8,0,0,42,0,42,0,0,50,0,50,42,0,42,92
05/30/2005,BAF,MA,ANE,EN,Federal Contract Tower,0,0,5,0,5,0,0,82,20,102,0,0,87,20,107,136,62,198,305
05/31/2005,BAF,MA,ANE,EN,Federal Contract Tower,0,3,10,4,17,0,0,65,8,73,0,3,75,12,90,136,12,148,238
06/01/2005,BAF,MA,ANE,EN,Federal Contract Tower,0,2,10,5,17,0,0,50,20,70,0,2,60,25,87,86,8,94,181
06/02/2005,BAF,MA,ANE,EN,Federal Contract Tower,0,0,19,8,27,0,0,74,16,90,0,0,93,24,117,110,4,114,231
06/03/2005,BAF,MA,ANE,EN,Federal Contract Tower,0,10,10,0,20,0,0,60,15,75,0,10,70,15,95,88,6,94,189
06/04/2005,BAF,MA,ANE,EN,Federal Contract Tower,0,3,14,0,17,0,1,89,3,93,0,4,103,3,110,124,0,124,234
06/05/2005,BAF,MA,ANE,EN,Federal Contract Tower,0,5,5,0,10,0,0,143,2,145,0,5,148,2,155,90,0,90,245
06/06/2005,BAF,MA,ANE,EN,Federal Contract Tower,0,5,14,0,19,0,0,34,0,34,0,5,48,0,53,76,2,78,131
06/07/2005,BAF,MA,ANE,EN,Federal Contract Tower,0,2,22,5,29,0,0,141,13,154,0,2,163,18,183,210,12,222,405
06/08/2005,BAF,MA,ANE,EN,Federal Contract Tower,0,2,10,4,16,0,1,165,13,179,0,3,175,17,195,206,8,214,409
06/09/2005,BAF,MA,ANE,EN,Federal Contract Tower,0,2,13,7,22,0,7,88,16,111,0,9,101,23,133,132,20,152,285
06/10/2005,BAF,MA,ANE,EN,Federal Contract Tower,0,0,6,2,8,0,2,64,17,83,0,2,70,19,91,76,2,78,169
06/11/2005,BAF,MA,ANE,EN,Federal Contract Tower,0,2,10,3,15,0,0,58,0,58,0,2,68,3,73,96,0,96,169
06/12/2005,BAF,MA,ANE,EN,Federal Contract Tower,0,8,36,16,60,0,0,17,10,27,0,8,53,26,87,46,12,58,145
06/13/2005,BAF,MA,ANE,EN,Federal Contract Tower,0,2,18,0,20,0,0,105,6,111,0,2,123,6,131,176,0,176,307
06/14/2005,BAF,MA,ANE,EN,Federal Contract Tower,0,2,3,7,12,0,0,44,22,66,0,2,47,29,78,68,26,94,172
06/15/2005,BAF,MA,ANE,EN,Federal Contract Tower,0,0,25,6,31,0,0,19,11,30,0,0,44,17,61,52,10,62,123
06/16/2005,BAF,MA,ANE,EN,Federal Contract Tower,0,3,8,4,15,0,0,0,3,3,0,3,8,7,18,0,0,0,18
06/17/2005,BAF,MA,ANE,EN,Federal Contract Tower,0,1,12,0,13,0,0,41,5,46,0,1,53,5,59,90,0,90,149
06/18/2005,BAF,MA,ANE,EN,Federal Contract Tower,0,0,20,0,20,0,0,56,7,63,0,0,76,7,83,138,0,138,221
06/19/2005,BAF,MA,ANE,EN,Federal Contract Tower,0,2,12,1,15,0,0,88,3,91,0,2,100,4,106,146,0,146,252
06/20/2005,BAF,MA,ANE,EN,Federal Contract Tower,0,3,11,2,16,0,0,72,2,74,0,3,83,4,90,94,6,100,190
06/21/2005,BAF,MA,ANE,EN,Federal Contract Tower,0,3,5,2,10,0,0,105,11,116,0,3,110,13,126,116,6,122,248
06/22/2005,BAF,MA,ANE,EN,Federal Contract Tower,0,0,14,1,15,0,0,56,19,75,0,0,70,20,90,130,22,152,242
06/23/2005,BAF,MA,ANE,EN,Federal Contract Tower,0,0,6,3,9,0,0,134,18,152,0,0,140,21,161,140,6,146,307
06/24/2005,BAF,MA,ANE,EN,Federal Contract Tower,0,0,10,3,13,0,0,92,12,104,0,0,102,15,117,108,10,118,235
06/25/2005,BAF,MA,ANE,EN,Federal Contract Tower,0,0,3,0,3,0,0,108,4,112,0,0,111,4,115,204,0,204,319
06/26/2005,BAF,MA,ANE,EN,Federal Contract Tower,0,3,8,0,11,0,0,91,0,91,0,3,99,0,102,102,0,102,204
06/27/2005,BAF,MA,ANE,EN,Federal Contract Tower,0,1,17,10,28,0,0,54,4,58,0,1,71,14,86,82,2,84,170
06/28/2005,BAF,MA,ANE,EN,Federal Contract Tower,0,3,19,6,28,0,0,0,0,0,0,3,19,6,28,24,4,28,56
06/29/2005,BAF,MA,ANE,EN,Federal Contract Tower,0,1,7,1,9,0,0,1,1,2,0,1,8,2,11,6,0,6,17
06/30/2005,BAF,MA,ANE,EN,Federal Contract Tower,0,0,4,8,12,0,1,35,0,36,0,1,39,8,48,22,60,82,130
07/01/2005,BAF,MA,ANE,EN,Federal Contract Tower,0,0,14,0,14,0,0,32,4,36,0,0,46,4,50,34,0,34,84
07/02/2005,BAF,MA,ANE,EN,Federal Contract Tower,0,2,4,0,6,0,0,158,10,168,0,2,162,10,174,130,0,130,304
07/03/2005,BAF,MA,ANE,EN,Federal Contract Tower,0,0,2,0,2,0,0,147,2,149,0,0,149,2,151,154,6,160,311
07/04/2005,BAF,MA,ANE,EN,Federal Contract Tower,0,0,5,0,5,0,0,82,34,116,0,0,87,34,121,66,20,86,207
07/05/2005,BAF,MA,ANE,EN,Federal Contract Tower,0,2,28,4,34,0,0,38,19,57,0,2,66,23,91,124,2,126,217
07/06/2005,BAF,MA,ANE,EN,Federal Contract Tower,0,1,14,6,21,0,0,0,8,8,0,1,14,14,29,4,12,16,45
07/07/2005,BAF,MA,ANE,EN,Federal Contract Tower,0,1,18,7,26,0,0,32,14,46,0,1,50,21,72,64,8,72,144
07/08/2005,BAF,MA,ANE,EN,Federal Contract Tower,0,1,7,1,9,0,0,0,0,0,0,1,7,1,9,4,0,4,13
07/09/2005,BAF,MA,ANE,EN,Federal Contract Tower,0,2,13,2,17,0,0,61,1,62,0,2,74,3,79,116,0,116,195
07/10/2005,BAF,MA,ANE,EN,Federal Contract Tower,0,3,8,0,11,0,0,159,2,161,0,3,167,2,172,156,0,156,328
07/11/2005,BAF,MA,ANE,EN,Federal Contract Tower,0,1,9,0,10,0,0,51,2,53,0,1,60,2,63,74,0,74,137
07/12/2005,BAF,MA,ANE,EN,Federal Contract Tower,0,3,12,9,24,0,0,90,14,104,0,3,102,23,128,98,24,122,250
07/13/2005,BAF,MA,ANE,EN,Federal Contract Tower,0,2,24,10,36,0,0,93,13,106,0,2,117,23,142,122,16,138,280
07/14/2005,BAF,MA,ANE,EN,Federal Contract Tower,0,1,20,9,30,0,0,24,13,37,0,1,44,22,67,68,22,90,157
07/15/2005,BAF,MA,ANE,EN,Federal Contract Tower,0,0,16,5,21,0,0,52,9,61,0,0,68,14,82,72,8,80,162
07/16/2005,BAF,MA,ANE,EN,Federal Contract Tower,0,2,31,0,33,0,0,29,4,33,0,2,60,4,66,84,0,84,150
07/17/2005,BAF,MA,ANE,EN,Federal Contract Tower,0,0,18,0,18,0,0,6,0,6,0,0,24,0,24,8,0,8,32
07/18/2005,BAF,MA,ANE,EN,Federal Contract Tower,0,1,18,0,19,0,0,1,0,1,0,1,19,0,20,0,0,0,20
07/19/2005,BAF,MA,ANE,EN,Federal Contract Tower,0,1,7,9,17,0,0,14,7,21,0,1,21,16,38,32,2,34,72
07/20/2005,BAF,MA,ANE,EN,Federal Contract Tower,0,0,5,5,10,0,0,106,18,124,0,0,111,23,134,128,12,140,274
07/21/2005,BAF,MA,ANE,EN,Federal Contract Tower,0,0,14,3,17,0,0,89,22,111,0,0,103,25,128,102,6,108,236
07/22/2005,BAF,MA,ANE,EN,Federal Contract Tower,0,1,16,6,23,0,0,79,13,92,0,1,95,19,115,92,20,112,227
07/23/2005,BAF,MA,ANE,EN,Federal Contract Tower,0,0,12,0,12,0,0,133,0,133,0,0,145,0,145,154,0,154,299
07/24/2005,BAF,MA,ANE,EN,Federal Contract Tower,0,4,10,0,14,0,0,133,0,133,0,4,143,0,147,156,2,158,305
07/25/2005,BAF,MA,ANE,EN,Federal Contract Tower,0,4,16,0,20,0,0,70,3,73,0,4,86,3,93,98,0,98,191
07/26/2005,BAF,MA,ANE,EN,Federal Contract Tower,0,1,5,5,11,0,0,88,18,106,0,1,93,23,117,124,14,138,255
07/27/2005,BAF,MA,ANE,EN,Federal Contract Tower,0,6,8,7,21,0,0,54,11,65,0,6,62,18,86,74,14,88,174
07/28/2005,BAF,MA,ANE,EN,Federal Contract Tower,0,2,16,4,22,0,0,63,19,82,0,2,79,23,104,134,6,140,244
07/29/2005,BAF,MA,ANE,EN,Federal Contract Tower,0,0,13,3,16,0,0,79,10,89,0,0,92,13,105,98,8,106,211
07/30/2005,BAF,MA,ANE,EN,Federal Contract Tower,0,3,12,0,15,0,0,77,2,79,0,3,89,2,94,98,0,98,192
07/31/2005,BAF,MA,ANE,EN,Federal Contract Tower,0,1,17,4,22,0,0,33,4,37,0,1,50,8,59,52,2,54,113
08/01/2005,BAF,MA,ANE,EN,Federal Contract Tower,0,11,19,1,31,0,0,30,0,30,0,11,49,1,61,94,2,96,157
08/02/2005,BAF,MA,ANE,EN,Federal Contract Tower,0,3,11,7,21,0,0,74,18,92,0,3,85,25,113,96,4,100,213
08/03/2005,BAF,MA,ANE,EN,Federal Contract Tower,0,0,7,8,15,0,0,92,15,107,0,0,99,23,122,82,8,90,212
08/04/2005,BAF,MA,ANE,EN,Federal Contract Tower,0,2,12,4,18,0,0,57,17,74,0,2,69,21,92,80,10,90,182
08/05/2005,BAF,MA,ANE,EN,Federal Contract Tower,0,1,18,4,23,18,0,32,11,61,18,1,50,15,84,64,10,74,158
08/06/2005,BAF,MA,ANE,EN,Federal Contract Tower,0,1,7,0,8,0,0,116,3,119,0,1,123,3,127,162,0,162,289
08/07/2005,BAF,MA,ANE,EN,Federal Contract Tower,0,3,17,0,20,0,0,83,0,83,0,3,100,0,103,130,0,130,233
08/08/2005,BAF,MA,ANE,EN,Federal Contract Tower,0,1,19,1,21,0,0,20,3,23,0,1,39,4,44,60,0,60,104
08/09/2005,BAF,MA,ANE,EN,Federal Contract Tower,0,2,7,9,18,0,0,46,9,55,0,2,53,18,73,98,12,110,183
08/10/2005,BAF,MA,ANE,EN,Federal Contract Tower,0,0,5,5,10,0,0,62,23,85,0,0,67,28,95,102,2,104,199
08/11/2005,BAF,MA,ANE,EN,Federal Contract Tower,0,2,12,8,22,0,0,92,24,116,0,2,104,32,138,138,26,164,302
08/12/2005,BAF,MA,ANE,EN,Federal Contract Tower,0,1,23,4,28,0,0,86,18,104,0,1,109,22,132,124,14,138,270
08/13/2005,BAF,MA,ANE,EN,Federal Contract Tower,0,1,4,0,5,0,1,73,0,74,0,2,77,0,79,66,0,66,145
08/14/2005,BAF,MA,ANE,EN,Federal Contract Tower,0,0,14,0,14,0,0,13,0,13,0,0,27,0,27,28,0,28,55
08/15/2005,BAF,MA,ANE,EN,Federal Contract Tower,0,1,22,12,35,0,0,27,7,34,0,1,49,19,69,86,18,104,173
08/16/2005,BAF,MA,ANE,EN,Federal Contract Tower,0,1,7,9,17,0,0,53,15,68,0,1,60,24,85,64,6,70,155
08/17/2005,BAF,MA,ANE,EN,Federal Contract Tower,0,1,6,5,12,0,0,72,14,86,0,1,78,19,98,76,10,86,184
08/18/2005,BAF,MA,ANE,EN,Federal Contract Tower,0,0,6,6,12,0,0,93,14,107,0,0,99,20,119,94,10,104,223
08/19/2005,BAF,MA,ANE,EN,Federal Contract Tower,0,0,9,1,10,0,0,86,4,90,0,0,95,5,100,72,0,72,172
08/20/2005,BAF,MA,ANE,EN,Federal Contract Tower,0,0,33,0,33,0,0,39,2,41,0,0,72,2,74,108,0,108,182
08/21/2005,BAF,MA,ANE,EN,Federal Contract Tower,0,1,15,0,16,0,0,46,0,46,0,1,61,0,62,122,0,122,184
08/22/2005,BAF,MA,ANE,EN,Federal Contract Tower,0,0,11,0,11,0,0,84,0,84,0,0,95,0,95,112,0,112,207
08/23/2005,BAF,MA,ANE,EN,Federal Contract Tower,0,0,16,11,27,0,0,112,18,130,0,0,128,29,157,144,44,188,345
08/24/2005,BAF,MA,ANE,EN,Federal Contract Tower,0,0,8,10,18,0,0,92,24,116,0,0,100,34,134,114,52,166,300
08/25/2005,BAF,MA,ANE,EN,Federal Contract Tower,0,2,8,6,16,0,0,100,41,141,0,2,108,47,157,112,132,244,401
08/26/2005,BAF,MA,ANE,EN,Federal Contract Tower,0,3,10,7,20,0,0,114,59,173,0,3,124,66,193,228,174,402,595
08/27/2005,BAF,MA,ANE,EN,Federal Contract Tower,0,0,1,3,4,0,0,136,45,181,0,0,137,48,185,336,190,526,711
08/28/2005,BAF,MA,ANE,EN,Federal Contract Tower,0,0,6,19,25,0,0,73,75,148,0,0,79,94,173,194,138,332,505
08/29/2005,BAF,MA,ANE,EN,Federal Contract Tower,0,1,18,6,25,0,0,61,6,67,0,1,79,12,92,116,2,118,210
08/30/2005,BAF,MA,ANE,EN,Federal Contract Tower,0,4,7,20,31,0,0,2,2,4,0,4,9,22,35,38,14,52,87
08/31/2005,BAF,MA,ANE,EN,Federal Contract Tower,0,0,16,3,19,0,0,12,3,15,0,0,28,6,34,6,16,22,56
09/01/2005,BAF,MA,ANE,EN,Federal Contract Tower,0,2,5,9,16,0,0,85,15,100,0,2,90,24,116,66,26,92,208
09/02/2005,BAF,MA,ANE,EN,Federal Contract Tower,0,1,10,0,11,0,0,81,1,82,0,1,91,1,93,58,0,58,151
09/03/2005,BAF,MA,ANE,EN,Federal Contract Tower,0,0,16,0,16,0,0,137,1,138,0,0,153,1,154,102,2,104,258
09/04/2005,BAF,MA,ANE,EN,Federal Contract Tower,0,0,5,0,5,0,0,73,0,73,0,0,78,0,78,134,0,134,212
09/05/2005,BAF,MA,ANE,EN,Federal Contract Tower,0,1,3,0,4,0,0,90,0,90,0,1,93,0,94,86,12,98,192
09/06/2005,BAF,MA,ANE,EN,Federal Contract Tower,0,2,8,9,19,0,0,98,17,115,0,2,106,26,134,74,8,82,216
09/07/2005,BAF,MA,ANE,EN,Federal Contract Tower,0,2,8,7,17,0,0,106,14,120,0,2,114,21,137,140,8,148,285
09/08/2005,BAF,MA,ANE,EN,Federal Contract Tower,0,2,11,6,19,0,0,76,22,98,0,2,87,28,117,76,19,95,212
09/09/2005,BAF,MA,ANE,EN,Federal Contract Tower,0,1,19,7,27,0,0,73,12,85,0,1,92,19,112,132,4,136,248
09/10/2005,BAF,MA,ANE,EN,Federal Contract Tower,0,0,5,0,5,0,0,77,0,77,0,0,82,0,82,66,2,68,150
09/11/2005,BAF,MA,ANE,EN,Federal Contract Tower,0,0,8,11,19,0,0,79,23,102,0,0,87,34,121,50,12,62,183
09/12/2005,BAF,MA,ANE,EN,Federal Contract Tower,0,2,7,2,11,0,0,53,2,55,0,2,60,4,66,80,0,80,146
09/13/2005,BAF,MA,ANE,EN,Federal Contract Tower,0,0,24,8,32,0,0,50,8,58,0,0,74,16,90,72,18,90,180
09/14/2005,BAF,MA,ANE,EN,Federal Contract Tower,0,2,6,7,15,0,0,67,27,94,0,2,73,34,109,56,30,86,195
09/15/2005,BAF,MA,ANE,EN,Federal Contract Tower,0,0,6,13,19,0,0,0,7,7,0,0,6,20,26,0,4,4,30
09/16/2005,BAF,MA,ANE,EN,Federal Contract Tower,0,1,14,9,24,0,0,0,1,1,0,1,14,10,25,4,0,4,29
09/17/2005,BAF,MA,ANE,EN,Federal Contract Tower,0,2,22,0,24,0,0,7,0,7,0,2,29,0,31,42,0,42,73
09/18/2005,BAF,MA,ANE,EN,Federal Contract Tower,0,1,12,1,14,0,0,79,0,79,0,1,91,1,93,146,2,148,241
09/19/2005,BAF,MA,ANE,EN,Federal Contract Tower,0,2,8,9,19,0,0,59,7,66,0,2,67,16,85,84,4,88,173
09/20/2005,BAF,MA,ANE,EN,Federal Contract Tower,0,1,11,7,19,0,1,22,5,28,0,2,33,12,47,16,2,18,65
09/21/2005,BAF,MA,ANE,EN,Federal Contract Tower,0,1,7,5,13,0,1,70,15,86,0,2,77,20,99,120,22,142,241
09/22/2005,BAF,MA,ANE,EN,Federal Contract Tower,0,0,11,5,16,0,0,90,18,108,0,0,101,23,124,92,12,104,228
09/23/2005,BAF,MA,ANE,EN,Federal Contract Tower,0,3,14,0,17,0,0,48,7,55,0,3,62,7,72,62,16,78,150
09/24/2005,BAF,MA,ANE,EN,Federal Contract Tower,0,1,3,0,4,0,0,83,0,83,0,1,86,0,87,90,0,90,177
09/25/2005,BAF,MA,ANE,EN,Federal Contract Tower,0,1,12,0,13,0,0,50,0,50,0,1,62,0,63,88,0,88,151
09/26/2005,BAF,MA,ANE,EN,Federal Contract Tower,0,0,5,2,7,0,0,36,2,38,0,0,41,4,45,52,0,52,97
09/27/2005,BAF,MA,ANE,EN,Federal Contract Tower,0,3,4,0,7,0,0,54,0,54,0,3,58,0,61,88,0,88,149
09/28/2005,BAF,MA,ANE,EN,Federal Contract Tower,0,0,9,1,10,0,0,101,3,104,0,0,110,4,114,112,0,112,226
09/29/2005,BAF,MA,ANE,EN,Federal Contract Tower,0,0,8,0,8,0,0,10,0,10,0,0,18,0,18,4,0,4,22
09/30/2005,BAF,MA,ANE,EN,Federal Contract Tower,0,1,6,2,9,0,0,49,1,50,0,1,55,3,59,74,0,74,133
10/01/2005,BAF,MA,ANE,EN,Federal Contract Tower,0,0,3,1,4,0,0,90,2,92,0,0,93,3,96,164,0,164,260
10/02/2005,BAF,MA,ANE,EN,Federal Contract Tower,0,0,8,0,8,0,0,89,2,91,0,0,97,2,99,98,22,120,219
10/03/2005,BAF,MA,ANE,EN,Federal Contract Tower,0,1,6,0,7,0,0,51,3,54,0,1,57,3,61,82,10,92,153
10/04/2005,BAF,MA,ANE,EN,Federal Contract Tower,0,0,9,5,14,0,0,48,11,59,0,0,57,16,73,76,26,102,175
10/05/2005,BAF,MA,ANE,EN,Federal Contract Tower,0,0,9,3,12,0,0,53,9,62,0,0,62,12,74,74,4,78,152
10/06/2005,BAF,MA,ANE,EN,Federal Contract Tower,0,0,16,4,20,0,0,55,16,71,0,0,71,20,91,106,14,120,211
10/07/2005,BAF,MA,ANE,EN,Federal Contract Tower,0,3,14,5,22,0,0,19,0,19,0,3,33,5,41,20,0,20,61
10/08/2005,BAF,MA,ANE,EN,Federal Contract Tower,0,1,7,0,8,0,0,0,0,0,0,1,7,0,8,10,0,10,18
10/09/2005,BAF,MA,ANE,EN,Federal Contract Tower,0,1,18,0,19,0,0,0,0,0,0,1,18,0,19,12,0,12,31
10/10/2005,BAF,MA,ANE,EN,Federal Contract Tower,0,2,3,0,5,0,0,0,0,0,0,2,3,0,5,0,0,0,5
10/11/2005,BAF,MA,ANE,EN,Federal Contract Tower,0,4,23,6,33,0,0,4,0,4,0,4,27,6,37,8,0,8,45
10/12/2005,BAF,MA,ANE,EN,Federal Contract Tower,0,0,9,12,21,0,0,1,5,6,0,0,10,17,27,0,2,2,29
10/13/2005,BAF,MA,ANE,EN,Federal Contract Tower,0,1,14,16,31,0,0,0,8,8,0,1,14,24,39,2,0,2,41
10/14/2005,BAF,MA,ANE,EN,Federal Contract Tower,0,3,7,0,10,0,0,0,0,0,0,3,7,0,10,0,0,0,10
10/15/2005,BAF,MA,ANE,EN,Federal Contract Tower,0,3,10,9,22,0,0,5,13,18,0,3,15,22,40,20,16,36,76
10/16/2005,BAF,MA,ANE,EN,Federal Contract Tower,0,0,9,0,9,0,0,13,0,13,0,0,22,0,22,6,0,6,28
10/17/2005,BAF,MA,ANE,EN,Federal Contract Tower,0,0,7,1,8,0,0,38,1,39,0,0,45,2,47,60,0,60,107
10/18/2005,BAF,MA,ANE,EN,Federal Contract Tower,0,1,12,7,20,0,0,58,10,68,0,1,70,17,88,74,6,80,168
10/19/2005,BAF,MA,ANE,EN,Federal Contract Tower,0,0,8,7,15,0,0,90,18,108,0,0,98,25,123,98,32,130,253
10/20/2005,BAF,MA,ANE,EN,Federal Contract Tower,0,6,10,14,30,0,4,75,26,105,0,10,85,40,135,118,53,171,306
10/21/2005,BAF,MA,ANE,EN,Federal Contract Tower,0,2,17,7,26,0,0,112,21,133,0,2,129,28,159,174,16,190,349
10/22/2005,BAF,MA,ANE,EN,Federal Contract Tower,0,1,22,0,23,0,0,23,0,23,0,1,45,0,46,68,0,68,114
10/23/2005,BAF,MA,ANE,EN,Federal Contract Tower,0,2,26,0,28,0,0,23,0,23,0,2,49,0,51,42,0,42,93
10/24/2005,BAF,MA,ANE,EN,Federal Contract Tower,0,0,8,2,10,0,0,31,0,31,0,0,39,2,41,50,0,50,91
10/25/2005,BAF,MA,ANE,EN,Federal Contract Tower,0,0,3,0,3,0,0,0,0,0,0,0,3,0,3,0,0,0,3
10/26/2005,BAF,MA,ANE,EN,Federal Contract Tower,0,2,7,6,15,0,0,52,18,70,0,2,59,24,85,26,38,64,149
10/27/2005,BAF,MA,ANE,EN,Federal Contract Tower,0,5,15,9,29,0,0,78,30,108,0,5,93,39,137,92,28,120,257
10/28/2005,BAF,MA,ANE,EN,Federal Contract Tower,0,0,15,7,22,0,0,67,13,80,0,0,82,20,102,72,14,86,188
10/29/2005,BAF,MA,ANE,EN,Federal Contract Tower,0,2,12,1,15,0,0,76,0,76,0,2,88,1,91,130,0,130,221
10/30/2005,BAF,MA,ANE,EN,Federal Contract Tower,0,2,5,0,7,0,0,117,0,117,0,2,122,0,124,96,0,96,220
10/31/2005,BAF,MA,ANE,EN,Federal Contract Tower,0,0,6,1,7,0,0,97,0,97,0,0,103,1,104,100,0,100,204
11/01/2005,BAF,MA,ANE,EN,Federal Contract Tower,0,2,8,9,19,0,0,78,12,90,0,2,86,21,109,116,8,124,233
11/02/2005,BAF,MA,ANE,EN,Federal Contract Tower,0,4,2,8,14,0,0,45,31,76,0,4,47,39,90,30,26,56,146
11/03/2005,BAF,MA,ANE,EN,Federal Contract Tower,0,2,7,5,14,0,0,56,13,69,0,2,63,18,83,90,30,120,203
11/04/2005,BAF,MA,ANE,EN,Federal Contract Tower,0,1,8,4,13,0,0,82,18,100,0,1,90,22,113,114,16,130,243
11/05/2005,BAF,MA,ANE,EN,Federal Contract Tower,0,3,6,0,9,0,0,84,8,92,0,3,90,8,101,134,0,134,235
11/06/2005,BAF,MA,ANE,EN,Federal Contract Tower,0,1,8,0,9,0,0,0,0,0,0,1,8,0,9,0,0,0,9
11/07/2005,BAF,MA,ANE,EN,Federal Contract Tower,0,0,10,0,10,0,0,24,1,25,0,0,34,1,35,36,2,38,73
11/08/2005,BAF,MA,ANE,EN,Federal Contract Tower,0,2,8,9,19,0,0,67,13,80,0,2,75,22,99,128,2,130,229
11/09/2005,BAF,MA,ANE,EN,Federal Contract Tower,0,0,4,4,8,0,0,20,6,26,0,0,24,10,34,26,0,26,60
11/10/2005,BAF,MA,ANE,EN,Federal Contract Tower,0,3,5,7,15,0,0,23,21,44,0,3,28,28,59,40,26,66,125
11/11/2005,BAF,MA,ANE,EN,Federal Contract Tower,0,2,7,0,9,0,0,56,4,60,0,2,63,4,69,92,8,100,169
11/12/2005,BAF,MA,ANE,EN,Federal Contract Tower,0,2,9,0,11,0,0,116,0,116,0,2,125,0,127,98,0,98,225
11/13/2005,BAF,MA,ANE,EN,Federal Contract Tower,0,0,0,0,0,0,123,0,0,123,0,123,0,0,123,124,0,124,247
11/14/2005,BAF,MA,ANE,EN,Federal Contract Tower,0,0,11,0,11,0,0,66,0,66,0,0,77,0,77,126,0,126,203
11/15/2005,BAF,MA,ANE,EN,Federal Contract Tower,0,0,7,0,7,0,0,0,0,0,0,0,7,0,7,0,0,0,7
11/16/2005,BAF,MA,ANE,EN,Federal Contract Tower,0,1,18,0,19,0,0,1,0,1,0,1,19,0,20,4,0,4,24
11/17/2005,BAF,MA,ANE,EN,Federal Contract Tower,0,3,16,5,24,0,0,41,5,46,0,3,57,10,70,102,0,102,172
11/18/2005,BAF,MA,ANE,EN,Federal Contract Tower,0,2,0,2,4,0,0,80,0,80,0,2,80,2,84,138,0,138,222
11/19/2005,BAF,MA,ANE,EN,Federal Contract Tower,0,1,6,17,24,0,0,111,23,134,0,1,117,40,158,74,0,74,232
11/20/2005,BAF,MA,ANE,EN,Federal Contract Tower,0,1,4,11,16,0,0,102,31,133,0,1,106,42,149,94,0,94,243
11/21/2005,BAF,MA,ANE,EN,Federal Contract Tower,0,0,14,11,25,0,0,53,13,66,0,0,67,24,91,122,12,134,225
11/22/2005,BAF,MA,ANE,EN,Federal Contract Tower,0,1,8,0,9,0,0,0,0,0,0,1,8,0,9,0,0,0,9
11/23/2005,BAF,MA,ANE,EN,Federal Contract Tower,0,0,13,4,17,0,0,43,12,55,0,0,56,16,72,62,0,62,134
11/24/2005,BAF,MA,ANE,EN,Federal Contract Tower,0,0,1,0,1,0,0,1,0,1,0,0,2,0,2,0,0,0,2
11/25/2005,BAF,MA,ANE,EN,Federal Contract Tower,0,1,5,0,6,0,0,41,2,43,0,1,46,2,49,54,0,54,103
11/26/2005,BAF,MA,ANE,EN,Federal Contract Tower,0,0,8,0,8,0,0,51,0,51,0,0,59,0,59,76,0,76,135
11/27/2005,BAF,MA,ANE,EN,Federal Contract Tower,0,2,19,0,21,0,0,91,0,91,0,2,110,0,112,130,0,130,242
11/28/2005,BAF,MA,ANE,EN,Federal Contract Tower,0,0,10,0,10,0,0,0,0,0,0,0,10,0,10,0,0,0,10
11/29/2005,BAF,MA,ANE,EN,Federal Contract Tower,0,0,9,0,9,0,0,0,17,17,0,0,9,17,26,0,0,0,26
11/30/2005,BAF,MA,ANE,EN,Federal Contract Tower,0,0,17,5,22,0,0,23,8,31,0,0,40,13,53,48,36,84,137
12/01/2005,BAF,MA,ANE,EN,Federal Contract Tower,0,1,13,4,18,0,0,60,18,78,0,1,73,22,96,132,8,140,236
12/02/2005,BAF,MA,ANE,EN,Federal Contract Tower,0,1,3,3,7,0,0,59,21,80,0,1,62,24,87,70,16,86,173
12/03/2005,BAF,MA,ANE,EN,Federal Contract Tower,0,1,4,2,7,0,0,29,0,29,0,1,33,2,36,46,0,46,82
12/04/2005,BAF,MA,ANE,EN,Federal Contract Tower,0,0,0,0,0,0,0,0,0,0,0,0,0,0,0,0,0,0,0
12/05/2005,BAF,MA,ANE,EN,Federal Contract Tower,0,2,11,0,13,0,0,35,0,35,0,2,46,0,48,38,2,40,88
12/06/2005,BAF,MA,ANE,EN,Federal Contract Tower,0,3,1,9,13,0,0,50,16,66,0,3,51,25,79,132,50,182,261
12/07/2005,BAF,MA,ANE,EN,Federal Contract Tower,0,4,11,9,24,0,0,42,14,56,0,4,53,23,80,66,34,100,180
12/08/2005,BAF,MA,ANE,EN,Federal Contract Tower,0,3,11,5,19,0,0,100,12,112,0,3,111,17,131,190,8,198,329
12/09/2005,BAF,MA,ANE,EN,Federal Contract Tower,0,0,0,0,0,0,0,0,0,0,0,0,0,0,0,0,0,0,0
12/10/2005,BAF,MA,ANE,EN,Federal Contract Tower,0,1,10,0,11,0,0,62,0,62,0,1,72,0,73,130,0,130,203
12/11/2005,BAF,MA,ANE,EN,Federal Contract Tower,0,3,7,0,10,0,0,97,0,97,0,3,104,0,107,140,0,140,247
12/12/2005,BAF,MA,ANE,EN,Federal Contract Tower,0,0,6,0,6,0,0,42,0,42,0,0,48,0,48,88,0,88,136
12/13/2005,BAF,MA,ANE,EN,Federal Contract Tower,0,1,11,8,20,0,0,40,13,53,0,1,51,21,73,110,0,110,183
12/14/2005,BAF,MA,ANE,EN,Federal Contract Tower,0,1,9,6,16,0,0,46,19,65,0,1,55,25,81,48,0,48,129
12/15/2005,BAF,MA,ANE,EN,Federal Contract Tower,0,1,7,6,14,0,0,62,18,80,0,1,69,24,94,96,12,108,202
12/16/2005,BAF,MA,ANE,EN,Federal Contract Tower,0,0,3,0,3,0,0,2,0,2,0,0,5,0,5,6,0,6,11
12/17/2005,BAF,MA,ANE,EN,Federal Contract Tower,0,0,0,0,0,0,0,97,0,97,0,0,97,0,97,114,0,114,211
12/18/2005,BAF,MA,ANE,EN,Federal Contract Tower,0,1,6,0,7,0,0,94,0,94,0,1,100,0,101,120,0,120,221
12/19/2005,BAF,MA,ANE,EN,Federal Contract Tower,0,4,9,3,16,0,0,27,9,36,0,4,36,12,52,42,0,42,94
12/20/2005,BAF,MA,ANE,EN,Federal Contract Tower,0,1,19,6,26,0,0,48,15,63,0,1,67,21,89,78,12,90,179
12/21/2005,BAF,MA,ANE,EN,Federal Contract Tower,0,0,2,5,7,0,2,57,24,83,0,2,59,29,90,68,10,78,168
12/22/2005,BAF,MA,ANE,EN,Federal Contract Tower,0,2,7,0,9,0,0,70,0,70,0,2,77,0,79,126,0,126,205
12/23/2005,BAF,MA,ANE,EN,Federal Contract Tower,0,0,8,0,8,0,0,45,0,45,0,0,53,0,53,58,0,58,111
12/24/2005,BAF,MA,ANE,EN,Federal Contract Tower,0,0,3,0,3,0,0,34,0,34,0,0,37,0,37,78,0,78,115
12/25/2005,BAF,MA,ANE,EN,Federal Contract Tower,0,0,5,0,5,0,0,0,0,0,0,0,5,0,5,2,0,2,7
12/26/2005,BAF,MA,ANE,EN,Federal Contract Tower,0,0,3,0,3,0,0,2,0,2,0,0,5,0,5,0,0,0,5
12/27/2005,BAF,MA,ANE,EN,Federal Contract Tower,0,0,8,4,12,0,0,51,12,63,0,0,59,16,75,62,8,70,145
12/28/2005,BAF,MA,ANE,EN,Federal Contract Tower,0,3,10,5,18,0,0,80,11,91,0,3,90,16,109,122,8,130,239
12/29/2005,BAF,MA,ANE,EN,Federal Contract Tower,0,2,2,0,4,0,0,0,0,0,0,2,2,0,4,0,0,0,4
12/30/2005,BAF,MA,ANE,EN,Federal Contract Tower,0,5,7,0,12,0,0,22,0,22,0,5,29,0,34,30,0,30,64
12/31/2005,BAF,MA,ANE,EN,Federal Contract Tower,0,0,8,0,8,0,0,24,0,24,0,0,32,0,32,72,0,72,104
01/01/2006,BAF,MA,ANE,EN,Federal Contract Tower,0,3,9,0,12,0,0,10,0,10,0,3,19,0,22,28,0,28,50
01/02/2006,BAF,MA,ANE,EN,Federal Contract Tower,0,2,10,0,12,0,0,20,0,20,0,2,30,0,32,70,0,70,102
01/03/2006,BAF,MA,ANE,EN,Federal Contract Tower,0,0,2,0,2,0,0,0,0,0,0,0,2,0,2,0,0,0,2
01/04/2006,BAF,MA,ANE,EN,Federal Contract Tower,0,2,11,3,16,0,0,56,6,62,0,2,67,9,78,74,2,76,154
01/05/2006,BAF,MA,ANE,EN,Federal Contract Tower,0,0,2,0,2,0,0,0,0,0,0,0,2,0,2,0,2,2,4
01/06/2006,BAF,MA,ANE,EN,Federal Contract Tower,0,1,10,8,19,0,0,24,12,36,0,1,34,20,55,36,0,36,91
01/07/2006,BAF,MA,ANE,EN,Federal Contract Tower,0,0,6,6,12,0,0,109,13,122,0,0,115,19,134,98,20,118,252
01/08/2006,BAF,MA,ANE,EN,Federal Contract Tower,0,0,6,0,6,0,0,53,0,53,0,0,59,0,59,96,0,96,155
01/09/2006,BAF,MA,ANE,EN,Federal Contract Tower,0,1,9,0,10,0,0,33,0,33,0,1,42,0,43,60,0,60,103
01/10/2006,BAF,MA,ANE,EN,Federal Contract Tower,0,2,8,6,16,0,0,70,16,86,0,2,78,22,102,138,22,160,262
01/11/2006,BAF,MA,ANE,EN,Federal Contract Tower,0,2,12,7,21,0,0,6,2,8,0,2,18,9,29,10,0,10,39
01/12/2006,BAF,MA,ANE,EN,Federal Contract Tower,0,3,4,6,13,0,1,115,17,133,0,4,119,23,146,100,18,118,264
01/13/2006,BAF,MA,ANE,EN,Federal Contract Tower,0,1,25,7,33,0,0,63,15,78,0,1,88,22,111,100,4,104,215
01/14/2006,BAF,MA,ANE,EN,Federal Contract Tower,0,1,8,0,9,0,0,0,0,0,0,1,8,0,9,4,0,4,13
01/15/2006,BAF,MA,ANE,EN,Federal Contract Tower,0,1,4,0,5,0,0,0,0,0,0,1,4,0,5,0,0,0,5
01/16/2006,BAF,MA,ANE,EN,Federal Contract Tower,0,1,2,0,3,0,0,27,0,27,0,1,29,0,30,24,0,24,54
01/17/2006,BAF,MA,ANE,EN,Federal Contract Tower,0,0,5,9,14,0,0,60,6,66,0,0,65,15,80,56,32,88,168
01/18/2006,BAF,MA,ANE,EN,Federal Contract Tower,0,0,8,2,10,0,0,2,1,3,0,0,10,3,13,4,0,4,17
01/19/2006,BAF,MA,ANE,EN,Federal Contract Tower,0,3,5,4,12,0,0,69,15,84,0,3,74,19,96,176,16,192,288
01/20/2006,BAF,MA,ANE,EN,Federal Contract Tower,0,0,17,4,21,0,0,71,20,91,0,0,88,24,112,104,20,124,236
01/21/2006,BAF,MA,ANE,EN,Federal Contract Tower,0,0,8,0,8,0,0,35,0,35,0,0,43,0,43,32,0,32,75
01/22/2006,BAF,MA,ANE,EN,Federal Contract Tower,0,0,11,0,11,0,0,142,0,142,0,0,153,0,153,98,0,98,251
01/23/2006,BAF,MA,ANE,EN,Federal Contract Tower,0,1,1,0,2,0,0,0,0,0,0,1,1,0,2,0,0,0,2
01/24/2006,BAF,MA,ANE,EN,Federal Contract Tower,0,0,5,6,11,0,0,66,12,78,0,0,71,18,89,140,20,160,249
01/25/2006,BAF,MA,ANE,EN,Federal Contract Tower,0,0,2,6,8,0,0,20,20,40,0,0,22,26,48,42,34,76,124
01/26/2006,BAF,MA,ANE,EN,Federal Contract Tower,0,0,16,5,21,0,0,29,22,51,0,0,45,27,72,44,34,78,150
01/27/2006,BAF,MA,ANE,EN,Federal Contract Tower,0,2,12,4,18,0,0,105,16,121,0,2,117,20,139,114,20,134,273
01/28/2006,BAF,MA,ANE,EN,Federal Contract Tower,0,0,13,0,13,0,0,136,14,150,0,0,149,14,163,156,12,168,331
01/29/2006,BAF,MA,ANE,EN,Federal Contract Tower,0,1,8,0,9,0,0,71,0,71,0,1,79,0,80,72,0,72,152
01/30/2006,BAF,MA,ANE,EN,Federal Contract Tower,0,2,2,0,4,0,0,0,0,0,0,2,2,0,4,0,0,0,4
01/31/2006,BAF,MA,ANE,EN,Federal Contract Tower,0,0,2,0,2,0,0,0,0,0,0,0,2,0,2,0,0,0,2
02/01/2006,BAF,MA,ANE,EN,Federal Contract Tower,0,2,12,4,18,0,0,40,29,69,0,2,52,33,87,70,16,86,173
02/02/2006,BAF,MA,ANE,EN,Federal Contract Tower,0,5,9,5,19,0,3,68,28,99,0,8,77,33,118,114,20,134,252
02/03/2006,BAF,MA,ANE,EN,Federal Contract Tower,0,6,7,0,13,0,0,0,0,0,0,6,7,0,13,14,0,14,27
02/04/2006,BAF,MA,ANE,EN,Federal Contract Tower,0,1,6,6,13,0,0,73,36,109,0,1,79,42,122,90,30,120,242
02/05/2006,BAF,MA,ANE,EN,Federal Contract Tower,0,1,8,0,9,0,0,23,0,23,0,1,31,0,32,56,0,56,88
02/06/2006,BAF,MA,ANE,EN,Federal Contract Tower,0,0,3,1,4,0,0,8,3,11,0,0,11,4,15,4,0,4,19
02/07/2006,BAF,MA,ANE,EN,Federal Contract Tower,0,0,11,6,17,0,0,45,15,60,0,0,56,21,77,56,14,70,147
02/08/2006,BAF,MA,ANE,EN,Federal Contract Tower,0,0,7,10,17,0,0,68,19,87,0,0,75,29,104,80,34,114,218
02/09/2006,BAF,MA,ANE,EN,Federal Contract Tower,0,3,6,7,16,0,0,53,16,69,0,3,59,23,85,56,18,74,159
02/10/2006,BAF,MA,ANE,EN,Federal Contract Tower,0,1,9,4,14,0,0,28,8,36,0,1,37,12,50,66,4,70,120
02/11/2006,BAF,MA,ANE,EN,Federal Contract Tower,0,0,4,0,4,0,0,103,0,103,0,0,107,0,107,126,0,126,233
02/12/2006,BAF,MA,ANE,EN,Federal Contract Tower,0,0,0,0,0,0,0,0,0,0,0,0,0,0,0,0,0,0,0
02/13/2006,BAF,MA,ANE,EN,Federal Contract Tower,0,2,5,0,7,0,0,34,0,34,0,2,39,0,41,110,0,110,151
02/14/2006,BAF,MA,ANE,EN,Federal Contract Tower,0,0,5,6,11,0,0,74,25,99,0,0,79,31,110,102,32,134,244
02/15/2006,BAF,MA,ANE,EN,Federal Contract Tower,0,1,18,5,24,0,0,89,13,102,0,1,107,18,126,102,18,120,246
02/16/2006,BAF,MA,ANE,EN,Federal Contract Tower,0,0,7,5,12,0,0,75,18,93,0,0,82,23,105,96,12,108,213
02/17/2006,BAF,MA,ANE,EN,Federal Contract Tower,0,0,3,1,4,0,0,4,1,5,0,0,7,2,9,0,4,4,13
02/18/2006,BAF,MA,ANE,EN,Federal Contract Tower,0,0,2,0,2,0,0,2,0,2,0,0,4,0,4,0,0,0,4
02/19/2006,BAF,MA,ANE,EN,Federal Contract Tower,0,0,6,0,6,0,0,34,0,34,0,0,40,0,40,48,0,48,88
02/20/2006,BAF,MA,ANE,EN,Federal Contract Tower,0,0,8,0,8,0,0,78,0,78,0,0,86,0,86,78,0,78,164
02/21/2006,BAF,MA,ANE,EN,Federal Contract Tower,0,1,8,5,14,0,0,52,9,61,0,1,60,14,75,78,4,82,157
02/22/2006,BAF,MA,ANE,EN,Federal Contract Tower,0,1,7,4,12,0,0,105,23,128,0,1,112,27,140,106,4,110,250
02/23/2006,BAF,MA,ANE,EN,Federal Contract Tower,0,0,8,6,14,0,0,7,11,18,0,0,15,17,32,1,12,13,45
02/24/2006,BAF,MA,ANE,EN,Federal Contract Tower,0,0,4,6,10,0,0,3,11,14,0,0,7,17,24,0,28,28,52
02/25/2006,BAF,MA,ANE,EN,Federal Contract Tower,0,0,8,0,8,0,0,7,0,7,0,0,15,0,15,14,0,14,29
02/26/2006,BAF,MA,ANE,EN,Federal Contract Tower,0,3,5,0,8,0,0,70,0,70,0,3,75,0,78,44,0,44,122
02/27/2006,BAF,MA,ANE,EN,Federal Contract Tower,0,2,4,0,6,0,0,4,0,4,0,2,8,0,10,8,0,8,18
02/28/2006,BAF,MA,ANE,EN,Federal Contract Tower,0,1,12,4,17,0,0,34,11,45,0,1,46,15,62,28,12,40,102
03/01/2006,BAF,MA,ANE,EN,Federal Contract Tower,0,4,14,5,23,0,0,39,8,47,0,4,53,13,70,52,2,54,124
03/02/2006,BAF,MA,ANE,EN,Federal Contract Tower,0,0,5,4,9,0,0,16,10,26,0,0,21,14,35,0,2,2,37
03/03/2006,BAF,MA,ANE,EN,Federal Contract Tower,0,1,5,5,11,0,0,14,6,20,0,1,19,11,31,16,4,20,51
03/04/2006,BAF,MA,ANE,EN,Federal Contract Tower,0,1,2,3,6,0,0,45,11,56,0,1,47,14,62,74,18,92,154
03/05/2006,BAF,MA,ANE,EN,Federal Contract Tower,0,1,3,1,5,0,0,88,3,91,0,1,91,4,96,118,0,118,214
03/06/2006,BAF,MA,ANE,EN,Federal Contract Tower,0,1,2,0,3,0,0,67,0,67,0,1,69,0,70,38,0,38,108
03/07/2006,BAF,MA,ANE,EN,Federal Contract Tower,0,2,7,10,19,0,0,78,18,96,0,2,85,28,115,156,40,196,311
03/08/2006,BAF,MA,ANE,EN,Federal Contract Tower,0,0,8,5,13,0,0,88,18,106,0,0,96,23,119,100,30,130,249
03/09/2006,BAF,MA,ANE,EN,Federal Contract Tower,0,1,8,4,13,0,0,20,7,27,0,1,28,11,40,28,8,36,76
03/10/2006,BAF,MA,ANE,EN,Federal Contract Tower,0,1,4,4,9,0,0,21,21,42,0,1,25,25,51,18,8,26,77
03/11/2006,BAF,MA,ANE,EN,Federal Contract Tower,0,1,2,0,3,0,0,134,4,138,0,1,136,4,141,122,4,126,267
03/12/2006,BAF,MA,ANE,EN,Federal Contract Tower,0,1,16,0,17,0,0,31,0,31,0,1,47,0,48,66,0,66,114
03/13/2006,BAF,MA,ANE,EN,Federal Contract Tower,0,0,10,2,12,0,0,1,0,1,0,0,11,2,13,0,0,0,13
03/14/2006,BAF,MA,ANE,EN,Federal Contract Tower,0,1,10,7,18,0,0,33,15,48,0,1,43,22,66,60,49,109,175
03/15/2006,BAF,MA,ANE,EN,Federal Contract Tower,0,2,8,8,18,0,0,26,0,26,0,2,34,8,44,10,12,22,66
03/16/2006,BAF,MA,ANE,EN,Federal Contract Tower,0,0,11,4,15,0,0,34,21,55,0,0,45,25,70,32,34,66,136
03/17/2006,BAF,MA,ANE,EN,Federal Contract Tower,0,0,13,1,14,0,0,41,5,46,0,0,54,6,60,72,12,84,144
03/18/2006,BAF,MA,ANE,EN,Federal Contract Tower,0,0,10,1,11,0,0,69,4,73,0,0,79,5,84,78,6,84,168
03/19/2006,BAF,MA,ANE,EN,Federal Contract Tower,0,0,11,0,11,0,0,65,0,65,0,0,76,0,76,128,0,128,204
03/20/2006,BAF,MA,ANE,EN,Federal Contract Tower,0,0,12,1,13,0,0,26,0,26,0,0,38,1,39,58,0,58,97
03/21/2006,BAF,MA,ANE,EN,Federal Contract Tower,0,0,5,5,10,0,0,55,6,61,0,0,60,11,71,98,4,102,173
03/22/2006,BAF,MA,ANE,EN,Federal Contract Tower,0,0,11,5,16,0,0,39,5,44,0,0,50,10,60,56,6,62,122
03/23/2006,BAF,MA,ANE,EN,Federal Contract Tower,0,2,2,4,8,0,0,68,15,83,0,2,70,19,91,42,12,54,145
03/24/2006,BAF,MA,ANE,EN,Federal Contract Tower,0,2,17,4,23,0,0,59,5,64,0,2,76,9,87,80,36,116,203
03/25/2006,BAF,MA,ANE,EN,Federal Contract Tower,0,1,6,0,7,0,0,56,0,56,0,1,62,0,63,126,0,126,189
03/26/2006,BAF,MA,ANE,EN,Federal Contract Tower,0,3,7,0,10,0,0,95,5,100,0,3,102,5,110,88,10,98,208
03/27/2006,BAF,MA,ANE,EN,Federal Contract Tower,0,2,8,2,12,0,0,42,0,42,0,2,50,2,54,88,0,88,142
03/28/2006,BAF,MA,ANE,EN,Federal Contract Tower,0,2,14,4,20,0,0,73,7,80,0,2,87,11,100,132,4,136,236
03/29/2006,BAF,MA,ANE,EN,Federal Contract Tower,0,2,6,7,15,0,0,47,17,64,0,2,53,24,79,96,12,108,187
03/30/2006,BAF,MA,ANE,EN,Federal Contract Tower,0,0,9,5,14,0,0,87,19,106,0,0,96,24,120,150,12,162,282
03/31/2006,BAF,MA,ANE,EN,Federal Contract Tower,0,1,13,6,20,0,1,60,16,77,0,2,73,22,97,112,20,132,229
04/01/2006,BAF,MA,ANE,EN,Federal Contract Tower,0,2,8,5,15,0,0,45,18,63,0,2,53,23,78,46,24,70,148
04/02/2006,BAF,MA,ANE,EN,Federal Contract Tower,0,2,9,3,14,0,0,78,13,91,0,2,87,16,105,60,2,62,167
04/03/2006,BAF,MA,ANE,EN,Federal Contract Tower,0,1,4,2,7,0,0,40,1,41,0,1,44,3,48,58,2,60,108
04/04/2006,BAF,MA,ANE,EN,Federal Contract Tower,0,2,4,6,12,0,0,10,4,14,0,2,14,10,26,26,0,26,52
04/05/2006,BAF,MA,ANE,EN,Federal Contract Tower,0,0,3,0,3,0,0,20,0,20,0,0,23,0,23,60,0,60,83
04/06/2006,BAF,MA,ANE,EN,Federal Contract Tower,0,3,2,6,11,0,2,44,9,55,0,5,46,15,66,58,6,64,130
04/07/2006,BAF,MA,ANE,EN,Federal Contract Tower,0,1,7,0,8,0,0,33,2,35,0,1,40,2,43,56,0,56,99
04/08/2006,BAF,MA,ANE,EN,Federal Contract Tower,0,0,0,0,0,0,0,0,0,0,0,0,0,0,0,64,0,64,64
04/09/2006,BAF,MA,ANE,EN,Federal Contract Tower,0,0,2,0,2,0,0,96,0,96,0,0,98,0,98,82,4,86,184
04/10/2006,BAF,MA,ANE,EN,Federal Contract Tower,0,4,12,0,16,0,0,60,2,62,0,4,72,2,78,78,0,78,156
04/11/2006,BAF,MA,ANE,EN,Federal Contract Tower,0,2,9,10,21,0,0,74,16,90,0,2,83,26,111,102,0,102,213
04/12/2006,BAF,MA,ANE,EN,Federal Contract Tower,0,2,6,11,19,0,0,67,14,81,0,2,73,25,100,82,36,118,218
04/13/2006,BAF,MA,ANE,EN,Federal Contract Tower,0,2,10,7,19,0,0,63,26,89,0,2,73,33,108,70,12,82,190
04/14/2006,BAF,MA,ANE,EN,Federal Contract Tower,0,0,11,6,17,0,0,74,5,79,0,0,85,11,96,188,2,190,286
04/15/2006,BAF,MA,ANE,EN,Federal Contract Tower,0,0,24,0,24,0,0,52,0,52,0,0,76,0,76,66,0,66,142
04/16/2006,BAF,MA,ANE,EN,Federal Contract Tower,0,0,4,0,4,0,0,53,0,53,0,0,57,0,57,70,0,70,127
04/17/2006,BAF,MA,ANE,EN,Federal Contract Tower,0,0,9,2,11,0,0,77,0,77,0,0,86,2,88,86,2,88,176
04/18/2006,BAF,MA,ANE,EN,Federal Contract Tower,0,0,7,5,12,0,0,67,13,80,0,0,74,18,92,68,12,80,172
04/19/2006,BAF,MA,ANE,EN,Federal Contract Tower,0,0,12,4,16,0,0,60,11,71,0,0,72,15,87,84,42,126,213
04/20/2006,BAF,MA,ANE,EN,Federal Contract Tower,0,2,4,2,8,0,0,104,8,112,0,2,108,10,120,166,34,200,320
04/21/2006,BAF,MA,ANE,EN,Federal Contract Tower,0,2,6,4,12,0,0,92,13,105,0,2,98,17,117,146,36,182,299
04/22/2006,BAF,MA,ANE,EN,Federal Contract Tower,0,3,9,4,16,0,0,40,1,41,0,3,49,5,57,88,0,88,145
04/23/2006,BAF,MA,ANE,EN,Federal Contract Tower,0,1,8,0,9,0,0,5,0,5,0,1,13,0,14,16,0,16,30
04/24/2006,BAF,MA,ANE,EN,Federal Contract Tower,0,2,13,0,15,0,0,33,0,33,0,2,46,0,48,44,0,44,92
04/25/2006,BAF,MA,ANE,EN,Federal Contract Tower,0,3,13,6,22,0,0,61,9,70,0,3,74,15,92,88,4,92,184
04/26/2006,BAF,MA,ANE,EN,Federal Contract Tower,0,1,7,6,14,0,0,67,13,80,0,1,74,19,94,58,10,68,162
04/27/2006,BAF,MA,ANE,EN,Federal Contract Tower,0,3,7,3,13,0,0,80,10,90,0,3,87,13,103,92,38,130,233
04/28/2006,BAF,MA,ANE,EN,Federal Contract Tower,0,3,9,2,14,0,0,86,5,91,0,3,95,7,105,100,12,112,217
04/29/2006,BAF,MA,ANE,EN,Federal Contract Tower,0,0,9,2,11,0,0,77,0,77,0,0,86,2,88,124,0,124,212
04/30/2006,BAF,MA,ANE,EN,Federal Contract Tower,0,1,13,5,19,0,0,98,5,103,0,1,111,10,122,132,0,132,254
05/01/2006,BAF,MA,ANE,EN,Federal Contract Tower,0,6,4,0,10,0,0,75,0,75,0,6,79,0,85,138,0,138,223
05/02/2006,BAF,MA,ANE,EN,Federal Contract Tower,0,0,15,10,25,0,0,7,6,13,0,0,22,16,38,20,0,20,58
05/03/2006,BAF,MA,ANE,EN,Federal Contract Tower,0,5,6,9,20,0,0,0,1,1,0,5,6,10,21,14,2,16,37
05/04/2006,BAF,MA,ANE,EN,Federal Contract Tower,0,2,15,7,24,0,0,102,9,111,0,2,117,16,135,160,24,184,319
05/05/2006,BAF,MA,ANE,EN,Federal Contract Tower,0,4,9,0,13,0,1,100,0,101,0,5,109,0,114,104,4,108,222
05/06/2006,BAF,MA,ANE,EN,Federal Contract Tower,0,0,16,2,18,0,0,93,1,94,0,0,109,3,112,136,6,142,254
05/07/2006,BAF,MA,ANE,EN,Federal Contract Tower,0,2,4,4,10,0,0,110,8,118,0,2,114,12,128,124,12,136,264
05/08/2006,BAF,MA,ANE,EN,Federal Contract Tower,0,1,8,1,10,0,0,68,2,70,0,1,76,3,80,112,12,124,204
05/09/2006,BAF,MA,ANE,EN,Federal Contract Tower,0,2,9,8,19,0,0,49,19,68,0,2,58,27,87,94,26,120,207
05/10/2006,BAF,MA,ANE,EN,Federal Contract Tower,0,1,16,11,28,0,0,16,3,19,0,1,32,14,47,12,2,14,61
05/11/2006,BAF,MA,ANE,EN,Federal Contract Tower,0,2,33,3,38,0,0,15,1,16,0,2,48,4,54,32,2,34,88
05/12/2006,BAF,MA,ANE,EN,Federal Contract Tower,0,2,10,0,12,0,0,0,0,0,0,2,10,0,12,12,0,12,24
05/13/2006,BAF,MA,ANE,EN,Federal Contract Tower,0,0,15,0,15,0,0,10,0,10,0,0,25,0,25,34,0,34,59
05/14/2006,BAF,MA,ANE,EN,Federal Contract Tower,0,2,14,0,16,0,0,0,0,0,0,2,14,0,16,6,2,8,24
05/15/2006,BAF,MA,ANE,EN,Federal Contract Tower,0,0,29,0,29,0,0,3,0,3,0,0,32,0,32,24,0,24,56
05/16/2006,BAF,MA,ANE,EN,Federal Contract Tower,0,2,4,3,9,0,1,3,1,5,0,3,7,4,14,24,0,24,38
05/17/2006,BAF,MA,ANE,EN,Federal Contract Tower,0,0,10,6,16,0,0,47,18,65,0,0,57,24,81,92,16,108,189
05/18/2006,BAF,MA,ANE,EN,Federal Contract Tower,0,0,10,4,14,0,0,75,19,94,0,0,85,23,108,122,18,140,248
05/19/2006,BAF,MA,ANE,EN,Federal Contract Tower,0,1,11,4,16,0,0,36,12,48,0,1,47,16,64,100,12,112,176
05/20/2006,BAF,MA,ANE,EN,Federal Contract Tower,0,2,10,0,12,0,0,89,0,89,0,2,99,0,101,178,14,192,293
05/21/2006,BAF,MA,ANE,EN,Federal Contract Tower,0,2,3,0,5,0,0,59,1,60,0,2,62,1,65,88,0,88,153
05/22/2006,BAF,MA,ANE,EN,Federal Contract Tower,0,1,10,0,11,0,0,35,0,35,0,1,45,0,46,54,0,54,100
05/23/2006,BAF,MA,ANE,EN,Federal Contract Tower,0,3,5,4,12,0,0,38,14,52,0,3,43,18,64,104,36,140,204
05/24/2006,BAF,MA,ANE,EN,Federal Contract Tower,0,1,4,3,8,0,0,99,11,110,0,1,103,14,118,132,30,162,280
05/25/2006,BAF,MA,ANE,EN,Federal Contract Tower,0,2,6,5,13,0,0,94,6,100,0,2,100,11,113,136,2,138,251
05/26/2006,BAF,MA,ANE,EN,Federal Contract Tower,0,4,20,1,25,0,0,35,5,40,0,4,55,6,65,82,2,84,149
05/27/2006,BAF,MA,ANE,EN,Federal Contract Tower,0,3,6,0,9,0,0,59,0,59,0,3,65,0,68,170,0,170,238
05/28/2006,BAF,MA,ANE,EN,Federal Contract Tower,0,3,3,0,6,0,0,113,0,113,0,3,116,0,119,202,0,202,321
05/29/2006,BAF,MA,ANE,EN,Federal Contract Tower,0,0,11,0,11,0,0,41,19,60,0,0,52,19,71,176,64,240,311
05/30/2006,BAF,MA,ANE,EN,Federal Contract Tower,0,1,5,0,6,0,0,53,4,57,0,1,58,4,63,158,0,158,221
05/31/2006,BAF,MA,ANE,EN,Federal Contract Tower,0,2,5,14,21,0,0,75,0,75,0,2,80,14,96,96,18,114,210
06/01/2006,BAF,MA,ANE,EN,Federal Contract Tower,0,2,9,4,15,0,0,46,16,62,0,2,55,20,77,102,0,102,179
06/02/2006,BAF,MA,ANE,EN,Federal Contract Tower,0,2,15,9,26,0,0,0,3,3,0,2,15,12,29,14,0,14,43
06/03/2006,BAF,MA,ANE,EN,Federal Contract Tower,0,2,5,0,7,0,0,0,0,0,0,2,5,0,7,6,0,6,13
06/04/2006,BAF,MA,ANE,EN,Federal Contract Tower,0,3,25,0,28,0,0,29,0,29,0,3,54,0,57,84,4,88,145
06/05/2006,BAF,MA,ANE,EN,Federal Contract Tower,0,0,14,0,14,0,0,59,0,59,0,0,73,0,73,162,0,162,235
06/06/2006,BAF,MA,ANE,EN,Federal Contract Tower,0,3,6,6,15,0,0,126,25,151,0,3,132,31,166,192,26,218,384
06/07/2006,BAF,MA,ANE,EN,Federal Contract Tower,0,4,10,12,26,0,0,0,7,7,0,4,10,19,33,0,4,4,37
06/08/2006,BAF,MA,ANE,EN,Federal Contract Tower,0,2,12,17,31,0,0,3,10,13,0,2,15,27,44,16,34,50,94
06/09/2006,BAF,MA,ANE,EN,Federal Contract Tower,0,2,16,4,22,0,0,23,7,30,0,2,39,11,52,66,4,70,122
06/10/2006,BAF,MA,ANE,EN,Federal Contract Tower,0,1,7,5,13,0,0,49,0,49,0,1,56,5,62,102,20,122,184
06/11/2006,BAF,MA,ANE,EN,Federal Contract Tower,0,2,4,0,6,0,0,77,0,77,0,2,81,0,83,210,2,212,295
06/12/2006,BAF,MA,ANE,EN,Federal Contract Tower,0,2,14,0,16,0,0,146,0,146,0,2,160,0,162,188,0,188,350
06/13/2006,BAF,MA,ANE,EN,Federal Contract Tower,0,0,7,5,12,0,0,110,20,130,0,0,117,25,142,134,10,144,286
06/14/2006,BAF,MA,ANE,EN,Federal Contract Tower,0,0,4,4,8,0,0,95,14,109,0,0,99,18,117,144,10,154,271
06/15/2006,BAF,MA,ANE,EN,Federal Contract Tower,0,3,10,7,20,0,0,78,24,102,0,3,88,31,122,116,24,140,262
06/16/2006,BAF,MA,ANE,EN,Federal Contract Tower,0,1,9,4,14,0,0,106,12,118,0,1,115,16,132,114,16,130,262
06/17/2006,BAF,MA,ANE,EN,Federal Contract Tower,0,1,12,0,13,0,0,70,0,70,0,1,82,0,83,114,0,114,197
06/18/2006,BAF,MA,ANE,EN,Federal Contract Tower,0,1,8,0,9,0,0,97,0,97,0,1,105,0,106,196,2,198,304
06/19/2006,BAF,MA,ANE,EN,Federal Contract Tower,0,3,10,0,13,0,0,22,0,22,0,3,32,0,35,46,4,50,85
06/20/2006,BAF,MA,ANE,EN,Federal Contract Tower,0,1,2,0,3,0,0,66,2,68,0,1,68,2,71,126,4,130,201
06/21/2006,BAF,MA,ANE,EN,Federal Contract Tower,0,1,17,5,23,0,0,115,17,132,0,1,132,22,155,206,50,256,411
06/22/2006,BAF,MA,ANE,EN,Federal Contract Tower,0,2,3,8,13,0,0,91,21,112,0,2,94,29,125,128,30,158,283
06/23/2006,BAF,MA,ANE,EN,Federal Contract Tower,0,0,0,0,0,0,7,170,51,228,0,7,170,51,228,164,274,438,666
06/24/2006,BAF,MA,ANE,EN,Federal Contract Tower,0,1,7,12,20,0,0,106,80,186,0,1,113,92,206,220,224,444,650
06/25/2006,BAF,MA,ANE,EN,Federal Contract Tower,0,1,2,28,31,0,0,54,51,105,0,1,56,79,136,280,294,574,710
06/26/2006,BAF,MA,ANE,EN,Federal Contract Tower,0,4,40,20,64,0,0,44,13,57,0,4,84,33,121,184,10,194,315
06/27/2006,BAF,MA,ANE,EN,Federal Contract Tower,0,3,25,9,37,0,0,67,20,87,0,3,92,29,124,158,24,182,306
06/28/2006,BAF,MA,ANE,EN,Federal Contract Tower,0,1,20,3,24,0,0,18,4,22,0,1,38,7,46,28,2,30,76
06/29/2006,BAF,MA,ANE,EN,Federal Contract Tower,0,8,14,2,24,0,0,33,14,47,0,8,47,16,71,72,22,94,165
06/30/2006,BAF,MA,ANE,EN,Federal Contract Tower,0,3,12,2,17,0,0,105,7,112,0,3,117,9,129,162,10,172,301
07/01/2006,BAF,MA,ANE,EN,Federal Contract Tower,0,0,8,0,8,0,0,124,0,124,0,0,132,0,132,208,0,208,340
07/02/2006,BAF,MA,ANE,EN,Federal Contract Tower,0,0,8,0,8,0,0,45,0,45,0,0,53,0,53,112,0,112,165
07/03/2006,BAF,MA,ANE,EN,Federal Contract Tower,0,1,2,1,4,0,0,94,7,101,0,1,96,8,105,108,28,136,241
07/04/2006,BAF,MA,ANE,EN,Federal Contract Tower,0,0,10,0,10,0,0,24,23,47,0,0,34,23,57,58,58,116,173
07/05/2006,BAF,MA,ANE,EN,Federal Contract Tower,0,1,22,3,26,0,0,92,11,103,0,1,114,14,129,146,20,166,295
07/06/2006,BAF,MA,ANE,EN,Federal Contract Tower,0,2,12,2,16,0,0,118,12,130,0,2,130,14,146,158,10,168,314
07/07/2006,BAF,MA,ANE,EN,Federal Contract Tower,0,1,7,3,11,0,0,91,12,103,0,1,98,15,114,176,14,190,304
07/08/2006,BAF,MA,ANE,EN,Federal Contract Tower,0,2,6,0,8,0,0,108,0,108,0,2,114,0,116,138,0,138,254
07/09/2006,BAF,MA,ANE,EN,Federal Contract Tower,0,5,8,0,13,0,0,157,0,157,0,5,165,0,170,164,0,164,334
07/10/2006,BAF,MA,ANE,EN,Federal Contract Tower,0,1,6,0,7,0,0,67,0,67,0,1,73,0,74,144,0,144,218
07/11/2006,BAF,MA,ANE,EN,Federal Contract Tower,0,4,12,9,25,0,0,22,13,35,0,4,34,22,60,70,4,74,134
07/12/2006,BAF,MA,ANE,EN,Federal Contract Tower,0,0,13,8,21,0,0,3,9,12,0,0,16,17,33,40,0,40,73
07/13/2006,BAF,MA,ANE,EN,Federal Contract Tower,0,0,21,13,34,0,0,41,15,56,0,0,62,28,90,64,24,88,178
07/14/2006,BAF,MA,ANE,EN,Federal Contract Tower,0,0,14,3,17,0,0,120,18,138,0,0,134,21,155,124,16,140,295
07/15/2006,BAF,MA,ANE,EN,Federal Contract Tower,0,4,8,0,12,0,0,94,2,96,0,4,102,2,108,196,0,196,304
07/16/2006,BAF,MA,ANE,EN,Federal Contract Tower,0,7,10,0,17,0,0,107,0,107,0,7,117,0,124,194,0,194,318
07/17/2006,BAF,MA,ANE,EN,Federal Contract Tower,0,3,6,1,10,0,0,78,1,79,0,3,84,2,89,112,0,112,201
07/18/2006,BAF,MA,ANE,EN,Federal Contract Tower,0,1,3,4,8,0,0,49,9,58,0,1,52,13,66,134,12,146,212
07/19/2006,BAF,MA,ANE,EN,Federal Contract Tower,0,1,5,7,13,0,0,91,13,104,0,1,96,20,117,68,8,76,193
07/20/2006,BAF,MA,ANE,EN,Federal Contract Tower,0,5,18,3,26,0,0,108,29,137,0,5,126,32,163,240,14,254,417
07/21/2006,BAF,MA,ANE,EN,Federal Contract Tower,0,3,12,4,19,0,0,51,18,69,0,3,63,22,88,64,14,78,166
07/22/2006,BAF,MA,ANE,EN,Federal Contract Tower,0,4,14,0,18,0,0,0,0,0,0,4,14,0,18,0,0,0,18
07/23/2006,BAF,MA,ANE,EN,Federal Contract Tower,0,12,15,0,27,0,0,49,0,49,0,12,64,0,76,148,0,148,224
07/24/2006,BAF,MA,ANE,EN,Federal Contract Tower,0,4,8,0,12,0,0,85,0,85,0,4,93,0,97,136,0,136,233
07/25/2006,BAF,MA,ANE,EN,Federal Contract Tower,0,3,2,5,10,0,0,79,12,91,0,3,81,17,101,202,0,202,303
07/26/2006,BAF,MA,ANE,EN,Federal Contract Tower,0,1,4,2,7,0,0,80,12,92,0,1,84,14,99,144,14,158,257
07/27/2006,BAF,MA,ANE,EN,Federal Contract Tower,0,0,19,1,20,0,0,37,11,48,0,0,56,12,68,114,14,128,196
07/28/2006,BAF,MA,ANE,EN,Federal Contract Tower,0,0,17,6,23,0,0,54,21,75,0,0,71,27,98,142,8,150,248
07/29/2006,BAF,MA,ANE,EN,Federal Contract Tower,0,5,8,0,13,0,0,98,0,98,0,5,106,0,111,116,0,116,227
07/30/2006,BAF,MA,ANE,EN,Federal Contract Tower,0,3,4,0,7,0,0,69,0,69,0,3,73,0,76,174,2,176,252
07/31/2006,BAF,MA,ANE,EN,Federal Contract Tower,0,0,11,0,11,0,0,64,1,65,0,0,75,1,76,166,0,166,242
08/01/2006,BAF,MA,ANE,EN,Federal Contract Tower,0,0,8,12,20,0,0,51,4,55,0,0,59,16,75,182,56,238,313
08/02/2006,BAF,MA,ANE,EN,Federal Contract Tower,0,3,5,8,16,0,0,62,13,75,0,3,67,21,91,124,20,144,235
08/03/2006,BAF,MA,ANE,EN,Federal Contract Tower,0,2,5,7,14,0,0,53,27,80,0,2,58,34,94,94,58,152,246
08/04/2006,BAF,MA,ANE,EN,Federal Contract Tower,0,2,17,5,24,0,0,64,10,74,0,2,81,15,98,62,12,74,172
08/05/2006,BAF,MA,ANE,EN,Federal Contract Tower,0,1,9,0,10,0,0,96,1,97,0,1,105,1,107,172,18,190,297
08/06/2006,BAF,MA,ANE,EN,Federal Contract Tower,0,1,6,0,7,0,0,70,0,70,0,1,76,0,77,128,0,128,205
08/07/2006,BAF,MA,ANE,EN,Federal Contract Tower,0,4,8,4,16,0,0,67,0,67,0,4,75,4,83,156,2,158,241
08/08/2006,BAF,MA,ANE,EN,Federal Contract Tower,0,2,6,5,13,0,0,134,17,151,0,2,140,22,164,138,16,154,318
08/09/2006,BAF,MA,ANE,EN,Federal Contract Tower,0,3,9,6,18,0,0,117,7,124,0,3,126,13,142,130,18,148,290
08/10/2006,BAF,MA,ANE,EN,Federal Contract Tower,0,1,16,6,23,0,0,80,28,108,0,1,96,34,131,108,0,108,239
08/11/2006,BAF,MA,ANE,EN,Federal Contract Tower,0,8,7,7,22,0,0,120,20,140,0,8,127,27,162,104,14,118,280
08/12/2006,BAF,MA,ANE,EN,Federal Contract Tower,0,1,3,5,9,0,0,120,21,141,0,1,123,26,150,116,10,126,276
08/13/2006,BAF,MA,ANE,EN,Federal Contract Tower,0,2,11,0,13,0,0,94,0,94,0,2,105,0,107,118,30,148,255
08/14/2006,BAF,MA,ANE,EN,Federal Contract Tower,0,3,6,5,14,0,0,96,11,107,0,3,102,16,121,176,4,180,301
08/15/2006,BAF,MA,ANE,EN,Federal Contract Tower,0,2,8,4,14,0,0,77,7,84,0,2,85,11,98,152,8,160,258
08/16/2006,BAF,MA,ANE,EN,Federal Contract Tower,0,1,10,6,17,0,0,105,14,119,0,1,115,20,136,94,24,118,254
08/17/2006,BAF,MA,ANE,EN,Federal Contract Tower,0,3,7,6,16,0,0,95,7,102,0,3,102,13,118,174,22,196,314
08/18/2006,BAF,MA,ANE,EN,Federal Contract Tower,0,3,8,0,11,0,0,104,1,105,0,3,112,1,116,118,0,118,234
08/19/2006,BAF,MA,ANE,EN,Federal Contract Tower,0,0,7,0,7,0,0,82,1,83,0,0,89,1,90,120,0,120,210
08/20/2006,BAF,MA,ANE,EN,Federal Contract Tower,0,2,6,0,8,0,0,50,2,52,0,2,56,2,60,100,0,100,160
08/21/2006,BAF,MA,ANE,EN,Federal Contract Tower,0,6,12,0,18,0,0,53,1,54,0,6,65,1,72,152,0,152,224
08/22/2006,BAF,MA,ANE,EN,Federal Contract Tower,0,3,13,4,20,0,0,108,12,120,0,3,121,16,140,154,10,164,304
08/23/2006,BAF,MA,ANE,EN,Federal Contract Tower,0,3,8,7,18,0,0,84,25,109,0,3,92,32,127,102,34,136,263
08/24/2006,BAF,MA,ANE,EN,Federal Contract Tower,0,1,7,3,11,0,2,90,36,128,0,3,97,39,139,88,10,98,237
08/25/2006,BAF,MA,ANE,EN,Federal Contract Tower,0,2,8,5,15,0,0,0,3,3,0,2,8,8,18,18,4,22,40
08/26/2006,BAF,MA,ANE,EN,Federal Contract Tower,0,3,31,0,34,0,1,43,0,44,0,4,74,0,78,102,0,102,180
08/27/2006,BAF,MA,ANE,EN,Federal Contract Tower,0,2,26,0,28,0,0,16,0,16,0,2,42,0,44,72,0,72,116
08/28/2006,BAF,MA,ANE,EN,Federal Contract Tower,0,2,17,2,21,0,0,11,0,11,0,2,28,2,32,60,2,62,94
08/29/2006,BAF,MA,ANE,EN,Federal Contract Tower,0,1,13,6,20,0,0,12,0,12,0,1,25,6,32,32,12,44,76
08/30/2006,BAF,MA,ANE,EN,Federal Contract Tower,0,1,28,8,37,0,0,77,15,92,0,1,105,23,129,126,22,148,277
08/31/2006,BAF,MA,ANE,EN,Federal Contract Tower,0,1,10,4,15,0,0,116,16,132,0,1,126,20,147,152,10,162,309
09/01/2006,BAF,MA,ANE,EN,Federal Contract Tower,0,0,10,0,10,0,0,81,1,82,0,0,91,1,92,88,0,88,180
09/02/2006,BAF,MA,ANE,EN,Federal Contract Tower,0,3,6,0,9,0,0,19,0,19,0,3,25,0,28,52,0,52,80
09/03/2006,BAF,MA,ANE,EN,Federal Contract Tower,0,0,10,0,10,0,0,0,0,0,0,0,10,0,10,4,0,4,14
09/04/2006,BAF,MA,ANE,EN,Federal Contract Tower,0,4,11,0,15,0,0,51,0,51,0,4,62,0,66,94,0,94,160
09/05/2006,BAF,MA,ANE,EN,Federal Contract Tower,0,1,22,2,25,0,0,49,3,52,0,1,71,5,77,110,2,112,189
09/06/2006,BAF,MA,ANE,EN,Federal Contract Tower,0,0,16,11,27,0,0,80,13,93,0,0,96,24,120,80,38,118,238
09/07/2006,BAF,MA,ANE,EN,Federal Contract Tower,0,1,20,7,28,0,0,86,25,111,0,1,106,32,139,122,64,186,325
09/08/2006,BAF,MA,ANE,EN,Federal Contract Tower,0,5,14,3,22,0,0,83,19,102,0,5,97,22,124,140,14,154,278
09/09/2006,BAF,MA,ANE,EN,Federal Contract Tower,0,2,17,0,19,0,0,79,0,79,0,2,96,0,98,168,0,168,266
09/10/2006,BAF,MA,ANE,EN,Federal Contract Tower,0,0,10,1,11,0,2,106,0,108,0,2,116,1,119,162,4,166,285
09/11/2006,BAF,MA,ANE,EN,Federal Contract Tower,0,1,12,0,13,0,0,64,6,70,0,1,76,6,83,156,0,156,239
09/12/2006,BAF,MA,ANE,EN,Federal Contract Tower,0,5,12,5,22,0,0,78,12,90,0,5,90,17,112,118,10,128,240
09/13/2006,BAF,MA,ANE,EN,Federal Contract Tower,0,0,9,6,15,0,0,52,21,73,0,0,61,27,88,56,38,94,182
09/14/2006,BAF,MA,ANE,EN,Federal Contract Tower,0,0,14,6,20,0,0,3,6,9,0,0,17,12,29,8,0,8,37
09/15/2006,BAF,MA,ANE,EN,Federal Contract Tower,0,0,6,5,11,0,0,29,5,34,0,0,35,10,45,146,0,146,191
09/16/2006,BAF,MA,ANE,EN,Federal Contract Tower,0,0,8,0,8,0,0,96,1,97,0,0,104,1,105,258,0,258,363
09/17/2006,BAF,MA,ANE,EN,Federal Contract Tower,0,2,9,0,11,0,0,103,0,103,0,2,112,0,114,176,0,176,290
09/18/2006,BAF,MA,ANE,EN,Federal Contract Tower,0,0,6,0,6,0,0,52,7,59,0,0,58,7,65,134,4,138,203
09/19/2006,BAF,MA,ANE,EN,Federal Contract Tower,0,1,21,5,27,0,0,29,13,42,0,1,50,18,69,68,8,76,145
09/20/2006,BAF,MA,ANE,EN,Federal Contract Tower,0,2,12,3,17,0,0,74,12,86,0,2,86,15,103,108,6,114,217
09/21/2006,BAF,MA,ANE,EN,Federal Contract Tower,0,5,18,2,25,0,0,123,12,135,0,5,141,14,160,204,6,210,370
09/22/2006,BAF,MA,ANE,EN,Federal Contract Tower,0,4,11,3,18,0,0,80,7,87,0,4,91,10,105,160,0,160,265
09/23/2006,BAF,MA,ANE,EN,Federal Contract Tower,0,2,29,0,31,0,0,10,0,10,0,2,39,0,41,26,0,26,67
09/24/2006,BAF,MA,ANE,EN,Federal Contract Tower,0,3,7,0,10,0,0,15,0,15,0,3,22,0,25,30,0,30,55
09/25/2006,BAF,MA,ANE,EN,Federal Contract Tower,0,6,7,1,14,0,0,47,0,47,0,6,54,1,61,184,2,186,247
09/26/2006,BAF,MA,ANE,EN,Federal Contract Tower,0,1,9,0,10,0,0,70,2,72,0,1,79,2,82,52,4,56,138
09/27/2006,BAF,MA,ANE,EN,Federal Contract Tower,0,1,10,2,13,0,0,122,14,136,0,1,132,16,149,150,12,162,311
09/28/2006,BAF,MA,ANE,EN,Federal Contract Tower,0,1,24,3,28,0,0,87,10,97,0,1,111,13,125,106,14,120,245
09/29/2006,BAF,MA,ANE,EN,Federal Contract Tower,0,4,15,0,19,0,0,26,1,27,0,4,41,1,46,62,0,62,108
09/30/2006,BAF,MA,ANE,EN,Federal Contract Tower,0,2,10,0,12,0,0,115,0,115,0,2,125,0,127,222,0,222,349
10/01/2006,BAF,MA,ANE,EN,Federal Contract Tower,0,0,11,0,11,0,0,0,0,0,0,0,11,0,11,14,0,14,25
10/02/2006,BAF,MA,ANE,EN,Federal Contract Tower,0,0,10,0,10,0,0,84,1,85,0,0,94,1,95,108,4,112,207
10/03/2006,BAF,MA,ANE,EN,Federal Contract Tower,0,0,9,6,15,0,0,114,19,133,0,0,123,25,148,110,8,118,266
10/04/2006,BAF,MA,ANE,EN,Federal Contract Tower,0,0,9,5,14,0,0,71,17,88,0,0,80,22,102,70,16,86,188
10/05/2006,BAF,MA,ANE,EN,Federal Contract Tower,0,5,11,11,27,0,0,68,24,92,0,5,79,35,119,44,44,88,207
10/06/2006,BAF,MA,ANE,EN,Federal Contract Tower,0,2,10,5,17,0,0,66,27,93,0,2,76,32,110,80,36,116,226
10/07/2006,BAF,MA,ANE,EN,Federal Contract Tower,0,0,9,0,9,0,0,93,0,93,0,0,102,0,102,206,0,206,308
10/08/2006,BAF,MA,ANE,EN,Federal Contract Tower,0,7,3,0,10,0,0,89,0,89,0,7,92,0,99,150,0,150,249
10/09/2006,BAF,MA,ANE,EN,Federal Contract Tower,0,4,8,0,12,0,0,99,0,99,0,4,107,0,111,130,0,130,241
10/10/2006,BAF,MA,ANE,EN,Federal Contract Tower,0,2,6,4,12,0,0,82,11,93,0,2,88,15,105,116,2,118,223
10/11/2006,BAF,MA,ANE,EN,Federal Contract Tower,0,5,19,11,35,0,0,49,23,72,0,5,68,34,107,48,28,76,183
10/12/2006,BAF,MA,ANE,EN,Federal Contract Tower,0,0,19,1,20,0,0,35,0,35,0,0,54,1,55,50,6,56,111
10/13/2006,BAF,MA,ANE,EN,Federal Contract Tower,0,1,12,4,17,0,0,60,16,76,0,1,72,20,93,44,20,64,157
10/14/2006,BAF,MA,ANE,EN,Federal Contract Tower,0,5,14,3,22,0,0,83,27,110,0,5,97,30,132,132,24,156,288
10/15/2006,BAF,MA,ANE,EN,Federal Contract Tower,0,3,10,1,14,0,0,116,3,119,0,3,126,4,133,110,0,110,243
10/16/2006,BAF,MA,ANE,EN,Federal Contract Tower,0,1,14,0,15,0,0,64,0,64,0,1,78,0,79,116,0,116,195
10/17/2006,BAF,MA,ANE,EN,Federal Contract Tower,0,0,11,5,16,0,0,14,2,16,0,0,25,7,32,54,0,54,86
10/18/2006,BAF,MA,ANE,EN,Federal Contract Tower,0,1,12,7,20,0,0,61,8,69,0,1,73,15,89,18,8,26,115
10/19/2006,BAF,MA,ANE,EN,Federal Contract Tower,0,3,24,9,36,0,0,48,10,58,0,3,72,19,94,80,12,92,186
10/20/2006,BAF,MA,ANE,EN,Federal Contract Tower,0,0,5,0,5,0,0,0,0,0,0,0,5,0,5,8,0,8,13
10/21/2006,BAF,MA,ANE,EN,Federal Contract Tower,0,0,3,0,3,0,0,55,0,55,0,0,58,0,58,62,0,62,120
10/22/2006,BAF,MA,ANE,EN,Federal Contract Tower,0,5,7,0,12,0,0,122,0,122,0,5,129,0,134,134,0,134,268
10/23/2006,BAF,MA,ANE,EN,Federal Contract Tower,0,0,8,0,8,0,0,40,0,40,0,0,48,0,48,54,0,54,102
10/24/2006,BAF,MA,ANE,EN,Federal Contract Tower,0,4,11,8,23,0,0,31,10,41,0,4,42,18,64,44,0,44,108
10/25/2006,BAF,MA,ANE,EN,Federal Contract Tower,0,0,5,8,13,0,0,55,13,68,0,0,60,21,81,64,28,92,173
10/26/2006,BAF,MA,ANE,EN,Federal Contract Tower,0,3,8,8,19,0,0,74,19,93,0,3,82,27,112,78,22,100,212
10/27/2006,BAF,MA,ANE,EN,Federal Contract Tower,0,0,19,6,25,0,0,81,7,88,0,0,100,13,113,104,10,114,227
10/28/2006,BAF,MA,ANE,EN,Federal Contract Tower,0,2,4,0,6,0,0,0,0,0,0,2,4,0,6,0,0,0,6
10/29/2006,BAF,MA,ANE,EN,Federal Contract Tower,0,1,7,2,10,0,0,4,1,5,0,1,11,3,15,2,0,2,17
10/30/2006,BAF,MA,ANE,EN,Federal Contract Tower,0,3,4,0,7,0,0,36,0,36,0,3,40,0,43,52,0,52,95
10/31/2006,BAF,MA,ANE,EN,Federal Contract Tower,0,1,8,3,12,0,0,74,9,83,0,1,82,12,95,150,6,156,251
11/01/2006,BAF,MA,ANE,EN,Federal Contract Tower,0,4,9,3,16,0,0,84,7,91,0,4,93,10,107,128,4,132,239
11/02/2006,BAF,MA,ANE,EN,Federal Contract Tower,0,0,9,4,13,0,0,53,32,85,0,0,62,36,98,30,20,50,148
11/03/2006,BAF,MA,ANE,EN,Federal Contract Tower,0,1,14,3,18,0,0,66,12,78,0,1,80,15,96,72,8,80,176
11/04/2006,BAF,MA,ANE,EN,Federal Contract Tower,0,3,9,0,12,0,0,108,0,108,0,3,117,0,120,134,0,134,254
11/05/2006,BAF,MA,ANE,EN,Federal Contract Tower,0,4,5,0,9,0,0,126,0,126,0,4,131,0,135,154,0,154,289
11/06/2006,BAF,MA,ANE,EN,Federal Contract Tower,0,0,10,0,10,0,0,31,0,31,0,0,41,0,41,46,0,46,87
11/07/2006,BAF,MA,ANE,EN,Federal Contract Tower,0,1,6,5,12,0,0,40,7,47,0,1,46,12,59,94,0,94,153
11/08/2006,BAF,MA,ANE,EN,Federal Contract Tower,0,0,5,0,5,0,0,0,0,0,0,0,5,0,5,0,0,0,5
11/09/2006,BAF,MA,ANE,EN,Federal Contract Tower,0,1,10,7,18,0,0,89,13,102,0,1,99,20,120,158,28,186,306
11/10/2006,BAF,MA,ANE,EN,Federal Contract Tower,0,1,19,0,20,0,0,110,9,119,0,1,129,9,139,158,14,172,311
11/11/2006,BAF,MA,ANE,EN,Federal Contract Tower,0,2,13,1,16,0,0,141,5,146,0,2,154,6,162,176,18,194,356
11/12/2006,BAF,MA,ANE,EN,Federal Contract Tower,0,4,7,2,13,0,0,0,0,0,0,4,7,2,13,0,0,0,13
11/13/2006,BAF,MA,ANE,EN,Federal Contract Tower,0,1,12,0,13,0,0,0,0,0,0,1,12,0,13,8,0,8,21
11/14/2006,BAF,MA,ANE,EN,Federal Contract Tower,0,2,17,2,21,0,0,0,8,8,0,2,17,10,29,12,4,16,45
11/15/2006,BAF,MA,ANE,EN,Federal Contract Tower,0,1,34,11,46,0,0,29,9,38,0,1,63,20,84,192,12,204,288
11/16/2006,BAF,MA,ANE,EN,Federal Contract Tower,0,1,8,2,11,0,0,0,2,2,0,1,8,4,13,4,0,4,17
11/17/2006,BAF,MA,ANE,EN,Federal Contract Tower,0,0,5,6,11,0,0,48,22,70,0,0,53,28,81,86,26,112,193
11/18/2006,BAF,MA,ANE,EN,Federal Contract Tower,0,2,13,9,24,0,0,85,18,103,0,2,98,27,127,154,28,182,309
11/19/2006,BAF,MA,ANE,EN,Federal Contract Tower,0,0,11,0,11,0,0,108,0,108,0,0,119,0,119,154,0,154,273
11/20/2006,BAF,MA,ANE,EN,Federal Contract Tower,0,0,5,8,13,0,0,49,15,64,0,0,54,23,77,132,12,144,221
11/21/2006,BAF,MA,ANE,EN,Federal Contract Tower,0,0,10,5,15,0,0,119,26,145,0,0,129,31,160,218,7,225,385
11/22/2006,BAF,MA,ANE,EN,Federal Contract Tower,0,1,4,3,8,0,0,85,7,92,0,1,89,10,100,190,6,196,296
11/23/2006,BAF,MA,ANE,EN,Federal Contract Tower,0,0,5,0,5,0,0,1,0,1,0,0,6,0,6,0,0,0,6
11/24/2006,BAF,MA,ANE,EN,Federal Contract Tower,0,0,2,0,2,0,0,102,0,102,0,0,104,0,104,150,0,150,254
11/25/2006,BAF,MA,ANE,EN,Federal Contract Tower,0,2,11,0,13,0,0,126,0,126,0,2,137,0,139,172,0,172,311
11/26/2006,BAF,MA,ANE,EN,Federal Contract Tower,0,4,15,0,19,0,0,101,0,101,0,4,116,0,120,130,0,130,250
11/27/2006,BAF,MA,ANE,EN,Federal Contract Tower,0,0,9,0,9,0,0,58,5,63,0,0,67,5,72,114,0,114,186
11/28/2006,BAF,MA,ANE,EN,Federal Contract Tower,0,0,10,15,25,0,0,3,8,11,0,0,13,23,36,0,0,0,36
11/29/2006,BAF,MA,ANE,EN,Federal Contract Tower,0,0,8,8,16,0,0,1,2,3,0,0,9,10,19,0,0,0,19
11/30/2006,BAF,MA,ANE,EN,Federal Contract Tower,0,0,18,11,29,0,0,21,12,33,0,0,39,23,62,92,14,106,168
12/01/2006,BAF,MA,ANE,EN,Federal Contract Tower,0,0,6,0,6,0,0,3,0,3,0,0,9,0,9,18,0,18,27
12/02/2006,BAF,MA,ANE,EN,Federal Contract Tower,0,0,5,4,9,0,0,35,8,43,0,0,40,12,52,30,8,38,90
12/03/2006,BAF,MA,ANE,EN,Federal Contract Tower,0,0,17,0,17,0,0,153,6,159,0,0,170,6,176,222,8,230,406
12/04/2006,BAF,MA,ANE,EN,Federal Contract Tower,0,0,6,0,6,0,0,54,0,54,0,0,60,0,60,58,0,58,118
12/05/2006,BAF,MA,ANE,EN,Federal Contract Tower,0,0,7,4,11,0,0,36,16,52,0,0,43,20,63,60,16,76,139
12/06/2006,BAF,MA,ANE,EN,Federal Contract Tower,0,0,5,5,10,0,0,56,13,69,0,0,61,18,79,60,22,82,161
12/07/2006,BAF,MA,ANE,EN,Federal Contract Tower,0,0,8,5,13,0,0,65,19,84,0,0,73,24,97,92,10,102,199
12/08/2006,BAF,MA,ANE,EN,Federal Contract Tower,0,2,5,7,14,0,0,21,17,38,0,2,26,24,52,6,20,26,78
12/09/2006,BAF,MA,ANE,EN,Federal Contract Tower,0,2,8,1,11,0,0,90,0,90,0,2,98,1,101,142,8,150,251
12/10/2006,BAF,MA,ANE,EN,Federal Contract Tower,0,0,6,0,6,0,0,134,0,134,0,0,140,0,140,210,0,210,350
12/11/2006,BAF,MA,ANE,EN,Federal Contract Tower,0,0,13,1,14,0,0,53,3,56,0,0,66,4,70,92,0,92,162
12/12/2006,BAF,MA,ANE,EN,Federal Contract Tower,0,1,21,8,30,0,0,40,6,46,0,1,61,14,76,124,16,140,216
12/13/2006,BAF,MA,ANE,EN,Federal Contract Tower,0,6,17,7,30,0,0,0,1,1,0,6,17,8,31,8,6,14,45
12/14/2006,BAF,MA,ANE,EN,Federal Contract Tower,0,1,7,8,16,0,0,68,20,88,0,1,75,28,104,118,40,158,262
12/15/2006,BAF,MA,ANE,EN,Federal Contract Tower,0,0,19,4,23,0,3,33,20,56,0,3,52,24,79,64,18,82,161
12/16/2006,BAF,MA,ANE,EN,Federal Contract Tower,0,0,2,0,2,0,0,104,0,104,0,0,106,0,106,88,0,88,194
12/17/2006,BAF,MA,ANE,EN,Federal Contract Tower,0,0,7,0,7,0,0,125,0,125,0,0,132,0,132,148,0,148,280
12/18/2006,BAF,MA,ANE,EN,Federal Contract Tower,0,2,8,5,15,0,0,58,11,69,0,2,66,16,84,130,20,150,234
12/19/2006,BAF,MA,ANE,EN,Federal Contract Tower,0,2,12,6,20,0,0,69,13,82,0,2,81,19,102,74,20,94,196
12/20/2006,BAF,MA,ANE,EN,Federal Contract Tower,0,0,23,6,29,0,0,106,38,144,0,0,129,44,173,94,48,142,315
12/21/2006,BAF,MA,ANE,EN,Federal Contract Tower,0,2,23,7,32,0,0,68,17,85,0,2,91,24,117,70,22,92,209
12/22/2006,BAF,MA,ANE,EN,Federal Contract Tower,0,0,4,0,4,0,0,51,0,51,0,0,55,0,55,74,0,74,129
12/23/2006,BAF,MA,ANE,EN,Federal Contract Tower,0,0,7,0,7,0,0,0,0,0,0,0,7,0,7,8,0,8,15
12/24/2006,BAF,MA,ANE,EN,Federal Contract Tower,0,0,3,0,3,0,0,22,0,22,0,0,25,0,25,18,0,18,43
12/25/2006,BAF,MA,ANE,EN,Federal Contract Tower,0,0,0,0,0,0,0,28,0,28,0,0,28,0,28,28,0,28,56
12/26/2006,BAF,MA,ANE,EN,Federal Contract Tower,0,3,7,0,10,0,0,0,0,0,0,3,7,0,10,2,0,2,12
12/27/2006,BAF,MA,ANE,EN,Federal Contract Tower,0,0,11,0,11,0,0,29,3,32,0,0,40,3,43,52,2,54,97
12/28/2006,BAF,MA,ANE,EN,Federal Contract Tower,0,0,7,0,7,0,0,106,9,115,0,0,113,9,122,120,6,126,248
12/29/2006,BAF,MA,ANE,EN,Federal Contract Tower,0,1,8,0,9,0,0,118,0,118,0,1,126,0,127,172,0,172,299
12/30/2006,BAF,MA,ANE,EN,Federal Contract Tower,0,1,3,0,4,0,0,67,0,67,0,1,70,0,71,138,0,138,209
12/31/2006,BAF,MA,ANE,EN,Federal Contract Tower,0,2,7,0,9,0,0,131,0,131,0,2,138,0,140,132,0,132,272
01/01/2007,BAF,MA,ANE,EN,Federal Contract Tower,0,2,2,0,4,0,0,0,0,0,0,2,2,0,4,0,0,0,4
01/02/2007,BAF,MA,ANE,EN,Federal Contract Tower,0,2,10,0,12,0,0,37,1,38,0,2,47,1,50,64,6,70,120
01/03/2007,BAF,MA,ANE,EN,Federal Contract Tower,0,1,7,2,10,0,0,83,7,90,0,1,90,9,100,132,24,156,256
01/04/2007,BAF,MA,ANE,EN,Federal Contract Tower,0,0,9,6,15,0,0,80,23,103,0,0,89,29,118,132,12,144,262
01/05/2007,BAF,MA,ANE,EN,Federal Contract Tower,0,0,21,4,25,0,0,30,16,46,0,0,51,20,71,86,14,100,171
01/06/2007,BAF,MA,ANE,EN,Federal Contract Tower,0,1,7,1,9,0,0,22,0,22,0,1,29,1,31,82,2,84,115
01/07/2007,BAF,MA,ANE,EN,Federal Contract Tower,0,2,12,0,14,0,0,131,7,138,0,2,143,7,152,178,0,178,330
01/08/2007,BAF,MA,ANE,EN,Federal Contract Tower,0,1,4,0,5,0,0,6,2,8,0,1,10,2,13,2,0,2,15
01/09/2007,BAF,MA,ANE,EN,Federal Contract Tower,0,0,9,4,13,0,0,42,17,59,0,0,51,21,72,70,6,76,148
01/10/2007,BAF,MA,ANE,EN,Federal Contract Tower,0,5,8,5,18,0,0,27,26,53,0,5,35,31,71,26,14,40,111
01/11/2007,BAF,MA,ANE,EN,Federal Contract Tower,0,0,16,11,27,0,0,82,22,104,0,0,98,33,131,90,18,108,239
01/12/2007,BAF,MA,ANE,EN,Federal Contract Tower,0,1,4,4,9,0,0,90,19,109,0,1,94,23,118,138,6,144,262
01/13/2007,BAF,MA,ANE,EN,Federal Contract Tower,0,0,10,14,24,0,0,4,18,22,0,0,14,32,46,2,8,10,56
01/14/2007,BAF,MA,ANE,EN,Federal Contract Tower,0,1,2,0,3,0,0,0,0,0,0,1,2,0,3,0,0,0,3
01/15/2007,BAF,MA,ANE,EN,Federal Contract Tower,0,1,5,0,6,0,0,0,0,0,0,1,5,0,6,0,0,0,6
01/16/2007,BAF,MA,ANE,EN,Federal Contract Tower,0,5,8,5,18,0,0,20,7,27,0,5,28,12,45,24,4,28,73
01/17/2007,BAF,MA,ANE,EN,Federal Contract Tower,0,9,9,4,22,0,0,42,7,49,0,9,51,11,71,38,2,40,111
01/18/2007,BAF,MA,ANE,EN,Federal Contract Tower,0,0,10,5,15,0,0,50,9,59,0,0,60,14,74,72,2,74,148
01/19/2007,BAF,MA,ANE,EN,Federal Contract Tower,0,0,4,5,9,0,0,6,13,19,0,0,10,18,28,18,0,18,46
01/20/2007,BAF,MA,ANE,EN,Federal Contract Tower,0,0,2,0,2,0,0,0,0,0,0,0,2,0,2,0,0,0,2
01/21/2007,BAF,MA,ANE,EN,Federal Contract Tower,0,2,4,4,10,0,0,104,0,104,0,2,108,4,114,176,22,198,312
01/22/2007,BAF,MA,ANE,EN,Federal Contract Tower,0,0,2,2,4,0,0,36,1,37,0,0,38,3,41,52,0,52,93
01/23/2007,BAF,MA,ANE,EN,Federal Contract Tower,0,0,8,7,15,0,0,72,16,88,0,0,80,23,103,104,32,136,239
01/24/2007,BAF,MA,ANE,EN,Federal Contract Tower,1,0,19,11,31,0,0,73,20,93,1,0,92,31,124,106,36,142,266
01/25/2007,BAF,MA,ANE,EN,Federal Contract Tower,0,2,11,9,22,0,0,54,11,65,0,2,65,20,87,78,20,98,185
01/26/2007,BAF,MA,ANE,EN,Federal Contract Tower,0,2,6,4,12,0,0,2,17,19,0,2,8,21,31,8,20,28,59
01/27/2007,BAF,MA,ANE,EN,Federal Contract Tower,0,0,13,0,13,0,0,16,0,16,0,0,29,0,29,32,0,32,61
01/28/2007,BAF,MA,ANE,EN,Federal Contract Tower,0,0,6,0,6,0,0,118,0,118,0,0,124,0,124,128,0,128,252
01/29/2007,BAF,MA,ANE,EN,Federal Contract Tower,0,0,3,0,3,0,0,44,0,44,0,0,47,0,47,44,0,44,91
01/30/2007,BAF,MA,ANE,EN,Federal Contract Tower,0,0,9,14,23,0,0,45,11,56,0,0,54,25,79,80,50,130,209
01/31/2007,BAF,MA,ANE,EN,Federal Contract Tower,0,0,4,6,10,0,0,60,19,79,0,0,64,25,89,90,26,116,205
02/01/2007,BAF,MA,ANE,EN,Federal Contract Tower,0,0,15,5,20,0,0,72,30,102,0,0,87,35,122,96,20,116,238
02/02/2007,BAF,MA,ANE,EN,Federal Contract Tower,0,0,10,6,16,0,0,47,16,63,0,0,57,22,79,106,18,124,203
02/03/2007,BAF,MA,ANE,EN,Federal Contract Tower,0,0,5,2,7,0,0,48,16,64,0,0,53,18,71,94,18,112,183
02/04/2007,BAF,MA,ANE,EN,Federal Contract Tower,0,0,5,3,8,0,0,43,14,57,0,0,48,17,65,62,12,74,139
02/05/2007,BAF,MA,ANE,EN,Federal Contract Tower,0,1,11,0,12,0,0,23,0,23,0,1,34,0,35,16,0,16,51
02/06/2007,BAF,MA,ANE,EN,Federal Contract Tower,0,0,16,10,26,0,0,41,21,62,0,0,57,31,88,64,18,82,170
02/07/2007,BAF,MA,ANE,EN,Federal Contract Tower,0,0,8,4,12,0,0,46,14,60,0,0,54,18,72,80,34,114,186
02/08/2007,BAF,MA,ANE,EN,Federal Contract Tower,0,0,5,3,8,0,0,18,23,41,0,0,23,26,49,30,18,48,97
02/09/2007,BAF,MA,ANE,EN,Federal Contract Tower,0,0,8,7,15,0,0,27,9,36,0,0,35,16,51,40,16,56,107
02/10/2007,BAF,MA,ANE,EN,Federal Contract Tower,0,0,10,0,10,0,0,87,0,87,0,0,97,0,97,184,4,188,285
02/11/2007,BAF,MA,ANE,EN,Federal Contract Tower,0,0,2,0,2,0,0,118,0,118,0,0,120,0,120,194,4,198,318
02/12/2007,BAF,MA,ANE,EN,Federal Contract Tower,0,1,5,1,7,0,0,44,9,53,0,1,49,10,60,92,10,102,162
02/13/2007,BAF,MA,ANE,EN,Federal Contract Tower,0,1,6,6,13,0,0,61,19,80,0,1,67,25,93,74,18,92,185
02/14/2007,BAF,MA,ANE,EN,Federal Contract Tower,0,0,0,0,0,0,0,0,0,0,0,0,0,0,0,0,0,0,0
02/15/2007,BAF,MA,ANE,EN,Federal Contract Tower,0,1,5,3,9,0,0,2,9,11,0,1,7,12,20,4,8,12,32
02/16/2007,BAF,MA,ANE,EN,Federal Contract Tower,0,0,6,3,9,0,0,18,6,24,0,0,24,9,33,10,4,14,47
02/17/2007,BAF,MA,ANE,EN,Federal Contract Tower,0,0,7,0,7,0,0,73,0,73,0,0,80,0,80,130,0,130,210
02/18/2007,BAF,MA,ANE,EN,Federal Contract Tower,0,0,6,0,6,0,0,30,0,30,0,0,36,0,36,60,0,60,96
02/19/2007,BAF,MA,ANE,EN,Federal Contract Tower,0,1,2,0,3,0,0,39,0,39,0,1,41,0,42,48,0,48,90
02/20/2007,BAF,MA,ANE,EN,Federal Contract Tower,0,3,2,6,11,0,0,85,12,97,0,3,87,18,108,96,10,106,214
02/21/2007,BAF,MA,ANE,EN,Federal Contract Tower,0,3,10,7,20,0,0,71,15,86,0,3,81,22,106,104,16,120,226
02/22/2007,BAF,MA,ANE,EN,Federal Contract Tower,0,0,9,9,18,0,0,24,10,34,0,0,33,19,52,36,4,40,92
02/23/2007,BAF,MA,ANE,EN,Federal Contract Tower,0,1,6,2,9,0,0,8,3,11,0,1,14,5,20,4,0,4,24
02/24/2007,BAF,MA,ANE,EN,Federal Contract Tower,0,2,5,0,7,0,0,35,5,40,0,2,40,5,47,34,4,38,85
02/25/2007,BAF,MA,ANE,EN,Federal Contract Tower,0,1,7,0,8,0,0,134,0,134,0,1,141,0,142,208,2,210,352
02/26/2007,BAF,MA,ANE,EN,Federal Contract Tower,0,0,4,0,4,0,0,2,0,2,0,0,6,0,6,14,0,14,20
02/27/2007,BAF,MA,ANE,EN,Federal Contract Tower,0,5,4,6,15,0,0,13,4,17,0,5,17,10,32,60,8,68,100
02/28/2007,BAF,MA,ANE,EN,Federal Contract Tower,0,1,10,10,21,0,0,93,16,109,0,1,103,26,130,140,50,190,320
03/01/2007,BAF,MA,ANE,EN,Federal Contract Tower,0,0,4,3,7,0,0,95,10,105,0,0,99,13,112,172,26,198,310
03/02/2007,BAF,MA,ANE,EN,Federal Contract Tower,0,0,6,1,7,0,0,3,0,3,0,0,9,1,10,4,0,4,14
03/03/2007,BAF,MA,ANE,EN,Federal Contract Tower,0,0,6,3,9,0,0,51,8,59,0,0,57,11,68,94,12,106,174
03/04/2007,BAF,MA,ANE,EN,Federal Contract Tower,0,0,6,3,9,0,0,53,3,56,0,0,59,6,65,50,0,50,115
03/05/2007,BAF,MA,ANE,EN,Federal Contract Tower,0,0,5,0,5,0,0,14,0,14,0,0,19,0,19,42,0,42,61
03/06/2007,BAF,MA,ANE,EN,Federal Contract Tower,0,2,9,2,13,0,0,1,1,2,0,2,10,3,15,6,0,6,21
03/07/2007,BAF,MA,ANE,EN,Federal Contract Tower,0,0,5,3,8,0,0,80,13,93,0,0,85,16,101,96,14,110,211
03/08/2007,BAF,MA,ANE,EN,Federal Contract Tower,0,3,3,4,10,0,0,48,11,59,0,3,51,15,69,44,22,66,135
03/09/2007,BAF,MA,ANE,EN,Federal Contract Tower,0,1,7,11,19,0,0,96,34,130,0,1,103,45,149,106,50,156,305
03/10/2007,BAF,MA,ANE,EN,Federal Contract Tower,0,0,14,0,14,0,0,42,2,44,0,0,56,2,58,88,6,94,152
03/11/2007,BAF,MA,ANE,EN,Federal Contract Tower,0,1,3,0,4,0,0,74,0,74,0,1,77,0,78,140,14,154,232
03/12/2007,BAF,MA,ANE,EN,Federal Contract Tower,0,0,14,0,14,0,0,60,0,60,0,0,74,0,74,206,0,206,280
03/13/2007,BAF,MA,ANE,EN,Federal Contract Tower,0,1,8,4,13,0,0,102,16,118,0,1,110,20,131,190,8,198,329
03/14/2007,BAF,MA,ANE,EN,Federal Contract Tower,0,0,18,7,25,0,0,52,19,71,0,0,70,26,96,74,42,116,212
03/15/2007,BAF,MA,ANE,EN,Federal Contract Tower,0,0,12,10,22,0,0,12,0,12,0,0,24,10,34,24,18,42,76
03/16/2007,BAF,MA,ANE,EN,Federal Contract Tower,0,0,1,3,4,0,0,9,3,12,0,0,10,6,16,22,2,24,40
03/17/2007,BAF,MA,ANE,EN,Federal Contract Tower,0,0,2,2,4,0,0,0,0,0,0,0,2,2,4,2,0,2,6
03/18/2007,BAF,MA,ANE,EN,Federal Contract Tower,0,3,7,0,10,0,0,8,0,8,0,3,15,0,18,74,2,76,94
03/19/2007,BAF,MA,ANE,EN,Federal Contract Tower,0,3,13,0,16,0,0,62,0,62,0,3,75,0,78,122,0,122,200
03/20/2007,BAF,MA,ANE,EN,Federal Contract Tower,0,1,3,4,8,0,0,19,18,37,0,1,22,22,45,14,4,18,63
03/21/2007,BAF,MA,ANE,EN,Federal Contract Tower,0,1,5,6,12,0,0,93,23,116,0,1,98,29,128,128,12,140,268
03/22/2007,BAF,MA,ANE,EN,Federal Contract Tower,0,3,20,6,29,0,0,50,12,62,0,3,70,18,91,116,44,160,251
03/23/2007,BAF,MA,ANE,EN,Federal Contract Tower,0,4,10,7,21,0,0,93,26,119,0,4,103,33,140,128,32,160,300
03/24/2007,BAF,MA,ANE,EN,Federal Contract Tower,0,0,7,0,7,0,0,131,3,134,0,0,138,3,141,184,0,184,325
03/25/2007,BAF,MA,ANE,EN,Federal Contract Tower,0,1,3,0,4,0,0,36,4,40,0,1,39,4,44,106,0,106,150
03/26/2007,BAF,MA,ANE,EN,Federal Contract Tower,0,0,11,1,12,0,0,23,0,23,0,0,34,1,35,50,0,50,85
03/27/2007,BAF,MA,ANE,EN,Federal Contract Tower,0,0,10,9,19,0,0,36,15,51,0,0,46,24,70,132,20,152,222
03/28/2007,BAF,MA,ANE,EN,Federal Contract Tower,0,0,7,6,13,0,0,55,35,90,0,0,62,41,103,72,10,82,185
03/29/2007,BAF,MA,ANE,EN,Federal Contract Tower,0,0,4,5,9,0,0,48,27,75,0,0,52,32,84,102,36,138,222
03/30/2007,BAF,MA,ANE,EN,Federal Contract Tower,0,1,8,9,18,0,0,63,14,77,0,1,71,23,95,150,24,174,269
03/31/2007,BAF,MA,ANE,EN,Federal Contract Tower,0,0,6,7,13,0,0,126,20,146,0,0,132,27,159,72,24,96,255
04/01/2007,BAF,MA,ANE,EN,Federal Contract Tower,0,1,8,0,9,0,0,134,0,134,0,1,142,0,143,102,0,102,245
04/02/2007,BAF,MA,ANE,EN,Federal Contract Tower,0,0,4,1,5,0,0,0,0,0,0,0,4,1,5,2,0,2,7
04/03/2007,BAF,MA,ANE,EN,Federal Contract Tower,0,0,8,16,24,0,0,2,3,5,0,0,10,19,29,10,20,30,59
04/04/2007,BAF,MA,ANE,EN,Federal Contract Tower,0,0,7,0,7,0,0,0,0,0,0,0,7,0,7,8,0,8,15
04/05/2007,BAF,MA,ANE,EN,Federal Contract Tower,0,3,7,8,18,0,0,28,7,35,0,3,35,15,53,34,24,58,111
04/06/2007,BAF,MA,ANE,EN,Federal Contract Tower,0,0,18,3,21,0,0,44,9,53,0,0,62,12,74,108,2,110,184
04/07/2007,BAF,MA,ANE,EN,Federal Contract Tower,0,0,5,0,5,0,0,91,0,91,0,0,96,0,96,162,0,162,258
04/08/2007,BAF,MA,ANE,EN,Federal Contract Tower,0,1,4,0,5,0,0,18,0,18,0,1,22,0,23,22,0,22,45
04/09/2007,BAF,MA,ANE,EN,Federal Contract Tower,0,2,6,1,9,0,0,44,1,45,0,2,50,2,54,120,6,126,180
04/10/2007,BAF,MA,ANE,EN,Federal Contract Tower,0,1,7,4,12,0,0,62,11,73,0,1,69,15,85,102,2,104,189
04/11/2007,BAF,MA,ANE,EN,Federal Contract Tower,0,2,8,5,15,0,0,94,16,110,0,2,102,21,125,130,40,170,295
04/12/2007,BAF,MA,ANE,EN,Federal Contract Tower,0,0,5,0,5,0,0,0,0,0,0,0,5,0,5,0,0,0,5
04/13/2007,BAF,MA,ANE,EN,Federal Contract Tower,0,2,6,4,12,0,0,36,10,46,0,2,42,14,58,58,4,62,120
04/14/2007,BAF,MA,ANE,EN,Federal Contract Tower,0,0,6,2,8,0,0,81,12,93,0,0,87,14,101,112,16,128,229
04/15/2007,BAF,MA,ANE,EN,Federal Contract Tower,0,0,1,0,1,0,0,0,1,1,0,0,1,1,2,0,0,0,2
04/16/2007,BAF,MA,ANE,EN,Federal Contract Tower,0,0,3,1,4,0,0,0,1,1,0,0,3,2,5,0,0,0,5
04/17/2007,BAF,MA,ANE,EN,Federal Contract Tower,0,0,12,10,22,0,0,0,3,3,0,0,12,13,25,0,0,0,25
04/18/2007,BAF,MA,ANE,EN,Federal Contract Tower,0,2,8,8,18,0,0,14,8,22,0,2,22,16,40,48,16,64,104
04/19/2007,BAF,MA,ANE,EN,Federal Contract Tower,0,2,12,4,18,0,0,56,22,78,0,2,68,26,96,94,22,116,212
04/20/2007,BAF,MA,ANE,EN,Federal Contract Tower,0,1,7,8,16,0,0,94,17,111,0,1,101,25,127,140,34,174,301
04/21/2007,BAF,MA,ANE,EN,Federal Contract Tower,0,1,5,0,6,0,0,114,2,116,0,1,119,2,122,194,0,194,316
04/22/2007,BAF,MA,ANE,EN,Federal Contract Tower,0,3,4,0,7,0,0,108,0,108,0,3,112,0,115,160,2,162,277
04/23/2007,BAF,MA,ANE,EN,Federal Contract Tower,0,2,3,0,5,0,0,64,0,64,0,2,67,0,69,110,0,110,179
04/24/2007,BAF,MA,ANE,EN,Federal Contract Tower,0,0,5,5,10,0,0,48,21,69,0,0,53,26,79,112,28,140,219
04/25/2007,BAF,MA,ANE,EN,Federal Contract Tower,0,2,3,6,11,0,0,55,19,74,0,2,58,25,85,54,34,88,173
04/26/2007,BAF,MA,ANE,EN,Federal Contract Tower,0,0,3,4,7,0,0,72,40,112,0,0,75,44,119,126,40,166,285
04/27/2007,BAF,MA,ANE,EN,Federal Contract Tower,0,2,8,0,10,0,0,0,0,0,0,2,8,0,10,0,0,0,10
04/28/2007,BAF,MA,ANE,EN,Federal Contract Tower,0,2,16,1,19,0,0,50,3,53,0,2,66,4,72,118,4,122,194
04/29/2007,BAF,MA,ANE,EN,Federal Contract Tower,0,0,22,0,22,0,0,78,0,78,0,0,100,0,100,154,0,154,254
04/30/2007,BAF,MA,ANE,EN,Federal Contract Tower,0,0,5,0,5,0,0,23,1,24,0,0,28,1,29,16,4,20,49
05/01/2007,BAF,MA,ANE,EN,Federal Contract Tower,0,1,10,5,16,0,0,41,20,61,0,1,51,25,77,88,36,124,201
05/02/2007,BAF,MA,ANE,EN,Federal Contract Tower,0,0,14,6,20,0,0,61,26,87,0,0,75,32,107,44,22,66,173
05/03/2007,BAF,MA,ANE,EN,Federal Contract Tower,0,0,6,5,11,0,0,79,23,102,0,0,85,28,113,146,26,172,285
05/04/2007,BAF,MA,ANE,EN,Federal Contract Tower,0,6,10,3,19,0,0,91,28,119,0,6,101,31,138,130,66,196,334
05/05/2007,BAF,MA,ANE,EN,Federal Contract Tower,0,0,5,2,7,0,0,105,19,124,0,0,110,21,131,104,38,142,273
05/06/2007,BAF,MA,ANE,EN,Federal Contract Tower,0,2,6,0,8,0,0,86,6,92,0,2,92,6,100,90,0,90,190
05/07/2007,BAF,MA,ANE,EN,Federal Contract Tower,0,0,13,0,13,0,0,95,0,95,0,0,108,0,108,214,0,214,322
05/08/2007,BAF,MA,ANE,EN,Federal Contract Tower,0,4,16,8,28,0,0,84,14,98,0,4,100,22,126,152,30,182,308
05/09/2007,BAF,MA,ANE,EN,Federal Contract Tower,0,0,10,4,14,0,0,97,27,124,0,0,107,31,138,144,48,192,330
05/10/2007,BAF,MA,ANE,EN,Federal Contract Tower,0,1,7,3,11,0,0,60,13,73,0,1,67,16,84,110,4,114,198
05/11/2007,BAF,MA,ANE,EN,Federal Contract Tower,0,0,10,4,14,0,0,35,6,41,0,0,45,10,55,158,0,158,213
05/12/2007,BAF,MA,ANE,EN,Federal Contract Tower,0,1,10,0,11,0,0,67,0,67,0,1,77,0,78,160,0,160,238
05/13/2007,BAF,MA,ANE,EN,Federal Contract Tower,0,1,5,0,6,0,0,49,2,51,0,1,54,2,57,6,0,6,63
05/14/2007,BAF,MA,ANE,EN,Federal Contract Tower,0,0,12,0,12,0,0,77,0,77,0,0,89,0,89,214,0,214,303
05/15/2007,BAF,MA,ANE,EN,Federal Contract Tower,0,1,13,5,19,0,0,46,15,61,0,1,59,20,80,122,18,140,220
05/16/2007,BAF,MA,ANE,EN,Federal Contract Tower,0,1,10,5,16,0,0,32,7,39,0,1,42,12,55,48,6,54,109
05/17/2007,BAF,MA,ANE,EN,Federal Contract Tower,0,1,23,4,28,0,0,67,11,78,0,1,90,15,106,154,8,162,268
05/18/2007,BAF,MA,ANE,EN,Federal Contract Tower,0,2,11,7,20,0,0,0,4,4,0,2,11,11,24,6,0,6,30
05/19/2007,BAF,MA,ANE,EN,Federal Contract Tower,0,0,21,0,21,0,0,0,1,1,0,0,21,1,22,48,0,48,70
05/20/2007,BAF,MA,ANE,EN,Federal Contract Tower,0,0,13,0,13,0,0,23,4,27,0,0,36,4,40,46,4,50,90
05/21/2007,BAF,MA,ANE,EN,Federal Contract Tower,0,0,12,2,14,0,0,39,0,39,0,0,51,2,53,130,0,130,183
05/22/2007,BAF,MA,ANE,EN,Federal Contract Tower,0,0,5,3,8,0,0,76,1,77,0,0,81,4,85,142,6,148,233
05/23/2007,BAF,MA,ANE,EN,Federal Contract Tower,0,2,10,4,16,0,0,90,14,104,0,2,100,18,120,146,36,182,302
05/24/2007,BAF,MA,ANE,EN,Federal Contract Tower,0,6,7,3,16,0,0,108,21,129,0,6,115,24,145,194,40,234,379
05/25/2007,BAF,MA,ANE,EN,Federal Contract Tower,0,5,14,9,28,0,0,90,19,109,0,5,104,28,137,143,12,155,292
05/26/2007,BAF,MA,ANE,EN,Federal Contract Tower,0,3,13,0,16,0,0,78,0,78,0,3,91,0,94,120,0,120,214
05/27/2007,BAF,MA,ANE,EN,Federal Contract Tower,0,2,4,0,6,0,1,61,6,68,0,3,65,6,74,58,8,66,140
05/28/2007,BAF,MA,ANE,EN,Federal Contract Tower,0,3,10,0,13,0,0,53,18,71,0,3,63,18,84,100,30,130,214
05/29/2007,BAF,MA,ANE,EN,Federal Contract Tower,0,1,6,5,12,0,0,88,9,97,0,1,94,14,109,130,8,138,247
05/30/2007,BAF,MA,ANE,EN,Federal Contract Tower,0,2,5,1,8,0,0,102,17,119,0,2,107,18,127,228,16,244,371
05/31/2007,BAF,MA,ANE,EN,Federal Contract Tower,0,3,12,2,17,0,0,36,11,47,0,3,48,13,64,102,24,126,190
06/01/2007,BAF,MA,ANE,EN,Federal Contract Tower,0,4,10,2,16,0,0,56,18,74,0,4,66,20,90,118,32,150,240
06/02/2007,BAF,MA,ANE,EN,Federal Contract Tower,0,0,4,1,5,0,0,71,17,88,0,0,75,18,93,110,16,126,219
06/03/2007,BAF,MA,ANE,EN,Federal Contract Tower,0,3,9,1,13,0,0,13,2,15,0,3,22,3,28,18,0,18,46
06/04/2007,BAF,MA,ANE,EN,Federal Contract Tower,0,0,15,1,16,0,0,0,3,3,0,0,15,4,19,4,0,4,23
06/05/2007,BAF,MA,ANE,EN,Federal Contract Tower,0,2,6,0,8,0,0,40,3,43,0,2,46,3,51,36,0,36,87
06/06/2007,BAF,MA,ANE,EN,Federal Contract Tower,0,2,7,2,11,0,0,88,9,97,0,2,95,11,108,200,6,206,314
06/07/2007,BAF,MA,ANE,EN,Federal Contract Tower,0,0,8,2,10,0,0,159,14,173,0,0,167,16,183,244,16,260,443
06/08/2007,BAF,MA,ANE,EN,Federal Contract Tower,0,1,8,1,10,0,0,97,13,110,0,1,105,14,120,134,4,138,258
06/09/2007,BAF,MA,ANE,EN,Federal Contract Tower,0,0,14,1,15,0,0,16,0,16,0,0,30,1,31,40,2,42,73
06/10/2007,BAF,MA,ANE,EN,Federal Contract Tower,0,3,7,0,10,0,0,89,0,89,0,3,96,0,99,204,0,204,303
06/11/2007,BAF,MA,ANE,EN,Federal Contract Tower,0,0,16,0,16,0,0,63,0,63,0,0,79,0,79,100,0,100,179
06/12/2007,BAF,MA,ANE,EN,Federal Contract Tower,0,1,0,1,2,0,0,66,410,476,0,1,66,411,478,102,0,102,580
06/13/2007,BAF,MA,ANE,EN,Federal Contract Tower,0,1,30,5,36,0,0,18,5,23,0,1,48,10,59,92,8,100,159
06/14/2007,BAF,MA,ANE,EN,Federal Contract Tower,0,0,7,3,10,0,0,76,34,110,0,0,83,37,120,128,34,162,282
06/15/2007,BAF,MA,ANE,EN,Federal Contract Tower,0,4,12,2,18,0,0,113,18,131,0,4,125,20,149,152,20,172,321
06/16/2007,BAF,MA,ANE,EN,Federal Contract Tower,0,0,7,0,7,0,0,70,0,70,0,0,77,0,77,104,0,104,181
06/17/2007,BAF,MA,ANE,EN,Federal Contract Tower,0,2,12,0,14,0,0,55,0,55,0,2,67,0,69,66,0,66,135
06/18/2007,BAF,MA,ANE,EN,Federal Contract Tower,0,0,13,0,13,0,0,78,2,80,0,0,91,2,93,148,0,148,241
06/19/2007,BAF,MA,ANE,EN,Federal Contract Tower,0,0,13,5,18,0,0,63,23,86,0,0,76,28,104,104,16,120,224
06/20/2007,BAF,MA,ANE,EN,Federal Contract Tower,0,1,20,2,23,0,0,23,4,27,0,1,43,6,50,74,6,80,130
06/21/2007,BAF,MA,ANE,EN,Federal Contract Tower,0,0,6,7,13,0,0,81,15,96,0,0,87,22,109,106,26,132,241
06/22/2007,BAF,MA,ANE,EN,Federal Contract Tower,0,1,17,4,22,0,0,38,14,52,0,1,55,18,74,40,34,74,148
06/23/2007,BAF,MA,ANE,EN,Federal Contract Tower,0,0,4,0,4,0,0,54,0,54,0,0,58,0,58,80,0,80,138
06/24/2007,BAF,MA,ANE,EN,Federal Contract Tower,0,3,13,0,16,0,0,76,1,77,0,3,89,1,93,98,0,98,191
06/25/2007,BAF,MA,ANE,EN,Federal Contract Tower,0,0,8,0,8,0,0,86,2,88,0,0,94,2,96,188,0,188,284
06/26/2007,BAF,MA,ANE,EN,Federal Contract Tower,0,1,7,6,14,0,0,83,11,94,0,1,90,17,108,132,24,156,264
06/27/2007,BAF,MA,ANE,EN,Federal Contract Tower,0,1,12,5,18,0,0,20,8,28,0,1,32,13,46,62,6,68,114
06/28/2007,BAF,MA,ANE,EN,Federal Contract Tower,0,0,9,3,12,0,0,48,11,59,0,0,57,14,71,116,2,118,189
06/29/2007,BAF,MA,ANE,EN,Federal Contract Tower,0,0,14,0,14,0,0,77,13,90,0,0,91,13,104,130,4,134,238
06/30/2007,BAF,MA,ANE,EN,Federal Contract Tower,1,0,4,0,5,0,0,94,0,94,1,0,98,0,99,88,0,88,187
07/01/2007,BAF,MA,ANE,EN,Federal Contract Tower,0,1,6,0,7,0,0,89,0,89,0,1,95,0,96,136,0,136,232
07/02/2007,BAF,MA,ANE,EN,Federal Contract Tower,0,0,6,0,6,0,0,80,14,94,0,0,86,14,100,100,0,100,200
07/03/2007,BAF,MA,ANE,EN,Federal Contract Tower,0,3,11,1,15,0,0,101,15,116,0,3,112,16,131,132,28,160,291
07/04/2007,BAF,MA,ANE,EN,Federal Contract Tower,0,3,4,2,9,0,0,37,6,43,0,3,41,8,52,56,24,80,132
07/05/2007,BAF,MA,ANE,EN,Federal Contract Tower,0,5,17,6,28,0,0,13,12,25,0,5,30,18,53,46,2,48,101
07/06/2007,BAF,MA,ANE,EN,Federal Contract Tower,0,1,8,3,12,0,0,69,9,78,0,1,77,12,90,98,20,118,208
07/07/2007,BAF,MA,ANE,EN,Federal Contract Tower,0,2,2,0,4,0,0,115,0,115,0,2,117,0,119,134,0,134,253
07/08/2007,BAF,MA,ANE,EN,Federal Contract Tower,0,3,10,0,13,0,1,102,0,103,0,4,112,0,116,136,0,136,252
07/09/2007,BAF,MA,ANE,EN,Federal Contract Tower,0,2,12,0,14,0,0,42,2,44,0,2,54,2,58,72,0,72,130
07/10/2007,BAF,MA,ANE,EN,Federal Contract Tower,0,0,11,6,17,0,0,44,5,49,0,0,55,11,66,80,0,80,146
07/11/2007,BAF,MA,ANE,EN,Federal Contract Tower,0,0,8,11,19,0,0,18,6,24,0,0,26,17,43,64,12,76,119
07/12/2007,BAF,MA,ANE,EN,Federal Contract Tower,0,2,8,7,17,0,0,97,15,112,0,2,105,22,129,142,6,148,277
07/13/2007,BAF,MA,ANE,EN,Federal Contract Tower,0,0,12,4,16,0,0,93,9,102,0,0,105,13,118,94,16,110,228
07/14/2007,BAF,MA,ANE,EN,Federal Contract Tower,0,1,11,0,12,0,0,131,0,131,0,1,142,0,143,234,0,234,377
07/15/2007,BAF,MA,ANE,EN,Federal Contract Tower,0,0,11,0,11,0,0,52,0,52,0,0,63,0,63,48,0,48,111
07/16/2007,BAF,MA,ANE,EN,Federal Contract Tower,0,0,14,0,14,0,0,93,2,95,0,0,107,2,109,132,0,132,241
07/17/2007,BAF,MA,ANE,EN,Federal Contract Tower,0,1,11,2,14,0,0,68,5,73,0,1,79,7,87,70,4,74,161
07/18/2007,BAF,MA,ANE,EN,Federal Contract Tower,0,4,4,5,13,0,0,0,0,0,0,4,4,5,13,12,8,20,33
07/19/2007,BAF,MA,ANE,EN,Federal Contract Tower,0,0,30,3,33,0,0,20,9,29,0,0,50,12,62,66,16,82,144
07/20/2007,BAF,MA,ANE,EN,Federal Contract Tower,0,3,10,2,15,0,0,89,10,99,0,3,99,12,114,124,14,138,252
07/21/2007,BAF,MA,ANE,EN,Federal Contract Tower,0,2,8,0,10,0,0,137,1,138,0,2,145,1,148,144,2,146,294
07/22/2007,BAF,MA,ANE,EN,Federal Contract Tower,0,2,6,1,9,0,0,126,7,133,0,2,132,8,142,92,0,92,234
07/23/2007,BAF,MA,ANE,EN,Federal Contract Tower,0,4,19,0,23,0,0,20,0,20,0,4,39,0,43,28,0,28,71
07/24/2007,BAF,MA,ANE,EN,Federal Contract Tower,0,2,11,2,15,0,0,64,15,79,0,2,75,17,94,158,14,172,266
07/25/2007,BAF,MA,ANE,EN,Federal Contract Tower,0,0,7,3,10,0,0,123,12,135,0,0,130,15,145,170,10,180,325
07/26/2007,BAF,MA,ANE,EN,Federal Contract Tower,0,4,7,3,14,0,0,114,16,130,0,4,121,19,144,214,14,228,372
07/27/2007,BAF,MA,ANE,EN,Federal Contract Tower,0,2,11,8,21,0,0,88,19,107,0,2,99,27,128,138,20,158,286
07/28/2007,BAF,MA,ANE,EN,Federal Contract Tower,0,0,9,3,12,0,0,4,1,5,0,0,13,4,17,2,0,2,19
07/29/2007,BAF,MA,ANE,EN,Federal Contract Tower,0,1,16,0,17,0,0,64,3,67,0,1,80,3,84,66,10,76,160
07/30/2007,BAF,MA,ANE,EN,Federal Contract Tower,0,0,9,0,9,0,0,56,4,60,0,0,65,4,69,144,0,144,213
07/31/2007,BAF,MA,ANE,EN,Federal Contract Tower,0,4,12,8,24,0,0,74,8,82,0,4,86,16,106,148,32,180,286
08/01/2007,BAF,MA,ANE,EN,Federal Contract Tower,0,3,6,2,11,0,0,90,8,98,0,3,96,10,109,190,0,190,299
08/02/2007,BAF,MA,ANE,EN,Federal Contract Tower,0,1,9,1,11,0,0,81,14,95,0,1,90,15,106,98,22,120,226
08/03/2007,BAF,MA,ANE,EN,Federal Contract Tower,0,1,8,3,12,0,0,53,13,66,0,1,61,16,78,50,12,62,140
08/04/2007,BAF,MA,ANE,EN,Federal Contract Tower,0,5,15,0,20,0,0,104,0,104,0,5,119,0,124,176,0,176,300
08/05/2007,BAF,MA,ANE,EN,Federal Contract Tower,0,2,10,0,12,0,0,136,0,136,0,2,146,0,148,114,0,114,262
08/06/2007,BAF,MA,ANE,EN,Federal Contract Tower,0,2,16,0,18,0,0,16,0,16,0,2,32,0,34,30,0,30,64
08/07/2007,BAF,MA,ANE,EN,Federal Contract Tower,0,1,11,2,14,0,0,61,5,66,0,1,72,7,80,105,0,105,185
08/08/2007,BAF,MA,ANE,EN,Federal Contract Tower,0,2,10,4,16,0,0,45,5,50,0,2,55,9,66,74,0,74,140
08/09/2007,BAF,MA,ANE,EN,Federal Contract Tower,0,2,15,1,18,0,0,106,14,120,0,2,121,15,138,152,0,152,290
08/10/2007,BAF,MA,ANE,EN,Federal Contract Tower,0,7,23,2,32,0,0,6,0,6,0,7,29,2,38,54,2,56,94
08/11/2007,BAF,MA,ANE,EN,Federal Contract Tower,0,1,14,1,16,0,1,132,0,133,0,2,146,1,149,138,2,140,289
08/12/2007,BAF,MA,ANE,EN,Federal Contract Tower,0,2,14,2,18,0,0,118,1,119,0,2,132,3,137,162,12,174,311
08/13/2007,BAF,MA,ANE,EN,Federal Contract Tower,0,3,11,0,14,0,0,59,3,62,0,3,70,3,76,86,0,86,162
08/14/2007,BAF,MA,ANE,EN,Federal Contract Tower,0,1,10,1,12,0,0,90,13,103,0,1,100,14,115,122,18,140,255
08/15/2007,BAF,MA,ANE,EN,Federal Contract Tower,0,2,7,3,12,0,0,98,7,105,0,2,105,10,117,186,10,196,313
08/16/2007,BAF,MA,ANE,EN,Federal Contract Tower,0,5,9,7,21,0,0,114,12,126,0,5,123,19,147,118,20,138,285
08/17/2007,BAF,MA,ANE,EN,Federal Contract Tower,0,1,9,2,12,0,0,108,22,130,0,1,117,24,142,162,43,205,347
08/18/2007,BAF,MA,ANE,EN,Federal Contract Tower,0,0,2,0,2,0,0,37,4,41,0,0,39,4,43,44,0,44,87
08/19/2007,BAF,MA,ANE,EN,Federal Contract Tower,0,4,7,0,11,0,0,111,5,116,0,4,118,5,127,100,2,102,229
08/20/2007,BAF,MA,ANE,EN,Federal Contract Tower,0,3,7,0,10,0,0,78,15,93,0,3,85,15,103,58,4,62,165
08/21/2007,BAF,MA,ANE,EN,Federal Contract Tower,0,2,11,1,14,0,0,45,11,56,0,2,56,12,70,151,18,169,239
08/22/2007,BAF,MA,ANE,EN,Federal Contract Tower,0,0,15,2,17,0,0,47,7,54,0,0,62,9,71,84,2,86,157
08/23/2007,BAF,MA,ANE,EN,Federal Contract Tower,0,4,23,2,29,0,0,55,13,68,0,4,78,15,97,94,38,132,229
08/24/2007,BAF,MA,ANE,EN,Federal Contract Tower,0,2,25,5,32,0,0,102,20,122,0,2,127,25,154,124,26,150,304
08/25/2007,BAF,MA,ANE,EN,Federal Contract Tower,0,3,29,1,33,0,0,20,1,21,0,3,49,2,54,54,0,54,108
08/26/2007,BAF,MA,ANE,EN,Federal Contract Tower,0,2,9,0,11,0,0,65,0,65,0,2,74,0,76,40,0,40,116
08/27/2007,BAF,MA,ANE,EN,Federal Contract Tower,0,2,11,0,13,0,0,64,1,65,0,2,75,1,78,154,0,154,232
08/28/2007,BAF,MA,ANE,EN,Federal Contract Tower,0,2,8,1,11,0,0,79,2,81,0,2,87,3,92,74,4,78,170
08/29/2007,BAF,MA,ANE,EN,Federal Contract Tower,0,3,11,3,17,0,0,96,6,102,0,3,107,9,119,120,18,138,257
08/30/2007,BAF,MA,ANE,EN,Federal Contract Tower,0,5,20,1,26,0,0,59,17,76,0,5,79,18,102,106,66,172,274
08/31/2007,BAF,MA,ANE,EN,Federal Contract Tower,0,2,27,0,29,0,0,58,6,64,0,2,85,6,93,138,4,142,235
09/01/2007,BAF,MA,ANE,EN,Federal Contract Tower,0,1,9,0,10,0,0,114,0,114,0,1,123,0,124,132,0,132,256
09/02/2007,BAF,MA,ANE,EN,Federal Contract Tower,0,1,4,0,5,0,0,123,0,123,0,1,127,0,128,188,0,188,316
09/03/2007,BAF,MA,ANE,EN,Federal Contract Tower,0,3,10,0,13,0,0,69,0,69,0,3,79,0,82,114,0,114,196
09/04/2007,BAF,MA,ANE,EN,Federal Contract Tower,0,1,5,0,6,0,0,68,5,73,0,1,73,5,79,84,0,84,163
09/05/2007,BAF,MA,ANE,EN,Federal Contract Tower,0,0,6,0,6,0,0,68,9,77,0,0,74,9,83,124,10,134,217
09/06/2007,BAF,MA,ANE,EN,Federal Contract Tower,0,0,8,4,12,0,0,89,9,98,0,0,97,13,110,120,18,138,248
09/07/2007,BAF,MA,ANE,EN,Federal Contract Tower,0,3,6,2,11,0,0,78,12,90,0,3,84,14,101,82,2,84,185
09/08/2007,BAF,MA,ANE,EN,Federal Contract Tower,0,5,11,3,19,0,0,83,9,92,0,5,94,12,111,148,4,152,263
09/09/2007,BAF,MA,ANE,EN,Federal Contract Tower,0,0,29,0,29,0,0,0,0,0,0,0,29,0,29,28,0,28,57
09/10/2007,BAF,MA,ANE,EN,Federal Contract Tower,0,4,15,0,19,0,0,4,0,4,0,4,19,0,23,6,0,6,29
09/11/2007,BAF,MA,ANE,EN,Federal Contract Tower,0,0,5,0,5,0,0,0,0,0,0,0,5,0,5,0,0,0,5
09/12/2007,BAF,MA,ANE,EN,Federal Contract Tower,0,2,19,1,22,0,0,68,9,77,0,2,87,10,99,90,2,92,191
09/13/2007,BAF,MA,ANE,EN,Federal Contract Tower,0,1,7,0,8,0,0,91,4,95,0,1,98,4,103,82,0,82,185
09/14/2007,BAF,MA,ANE,EN,Federal Contract Tower,0,1,16,0,17,0,0,74,5,79,0,1,90,5,96,108,2,110,206
09/15/2007,BAF,MA,ANE,EN,Federal Contract Tower,0,2,10,0,12,0,0,16,2,18,0,2,26,2,30,32,0,32,62
09/16/2007,BAF,MA,ANE,EN,Federal Contract Tower,0,2,4,0,6,0,0,114,0,114,0,2,118,0,120,116,4,120,240
09/17/2007,BAF,MA,ANE,EN,Federal Contract Tower,0,2,8,0,10,0,0,72,2,74,0,2,80,2,84,124,0,124,208
09/18/2007,BAF,MA,ANE,EN,Federal Contract Tower,0,0,14,1,15,0,0,87,2,89,0,0,101,3,104,124,2,126,230
09/19/2007,BAF,MA,ANE,EN,Federal Contract Tower,0,1,13,0,14,0,0,84,4,88,0,1,97,4,102,130,0,130,232
09/20/2007,BAF,MA,ANE,EN,Federal Contract Tower,0,0,19,4,23,0,0,102,4,106,0,0,121,8,129,136,4,140,269
09/21/2007,BAF,MA,ANE,EN,Federal Contract Tower,0,1,13,0,14,0,0,105,4,109,0,1,118,4,123,82,28,110,233
09/22/2007,BAF,MA,ANE,EN,Federal Contract Tower,0,1,21,1,23,0,0,31,2,33,0,1,52,3,56,164,4,168,224
09/23/2007,BAF,MA,ANE,EN,Federal Contract Tower,0,4,9,0,13,0,0,196,0,196,0,4,205,0,209,194,0,194,403
09/24/2007,BAF,MA,ANE,EN,Federal Contract Tower,0,1,10,0,11,0,0,65,0,65,0,1,75,0,76,172,0,172,248
09/25/2007,BAF,MA,ANE,EN,Federal Contract Tower,0,4,13,2,19,0,0,77,2,79,0,4,90,4,98,98,0,98,196
09/26/2007,BAF,MA,ANE,EN,Federal Contract Tower,0,1,12,0,13,0,2,84,5,91,0,3,96,5,104,98,2,100,204
09/27/2007,BAF,MA,ANE,EN,Federal Contract Tower,0,2,32,3,37,0,0,41,1,42,0,2,73,4,79,66,10,76,155
09/28/2007,BAF,MA,ANE,EN,Federal Contract Tower,0,2,11,0,13,0,0,68,2,70,0,2,79,2,83,68,0,68,151
09/29/2007,BAF,MA,ANE,EN,Federal Contract Tower,0,1,6,0,7,0,0,105,0,105,0,1,111,0,112,128,0,128,240
09/30/2007,BAF,MA,ANE,EN,Federal Contract Tower,0,0,10,1,11,0,0,113,1,114,0,0,123,2,125,170,0,170,295
10/01/2007,BAF,MA,ANE,EN,Federal Contract Tower,0,1,19,0,20,0,0,102,0,102,0,1,121,0,122,120,0,120,242
10/02/2007,BAF,MA,ANE,EN,Federal Contract Tower,0,1,25,0,26,0,0,64,0,64,0,1,89,0,90,84,0,84,174
10/03/2007,BAF,MA,ANE,EN,Federal Contract Tower,0,1,32,2,35,0,0,50,0,50,0,1,82,2,85,56,4,60,145
10/04/2007,BAF,MA,ANE,EN,Federal Contract Tower,0,1,20,0,21,0,0,65,9,74,0,1,85,9,95,34,4,38,133
10/05/2007,BAF,MA,ANE,EN,Federal Contract Tower,0,1,17,1,19,0,0,68,3,71,0,1,85,4,90,64,8,72,162
10/06/2007,BAF,MA,ANE,EN,Federal Contract Tower,0,2,36,0,38,0,0,23,0,23,0,2,59,0,61,86,0,86,147
10/07/2007,BAF,MA,ANE,EN,Federal Contract Tower,0,2,28,0,30,0,0,92,0,92,0,2,120,0,122,102,0,102,224
10/08/2007,BAF,MA,ANE,EN,Federal Contract Tower,0,2,28,0,30,0,0,41,0,41,0,2,69,0,71,68,0,68,139
10/09/2007,BAF,MA,ANE,EN,Federal Contract Tower,0,2,18,0,20,0,0,58,0,58,0,2,76,0,78,84,0,84,162
10/10/2007,BAF,MA,ANE,EN,Federal Contract Tower,0,0,17,1,18,0,0,0,0,0,0,0,17,1,18,4,2,6,24
10/11/2007,BAF,MA,ANE,EN,Federal Contract Tower,0,3,21,2,26,0,0,5,0,5,0,3,26,2,31,4,0,4,35
10/12/2007,BAF,MA,ANE,EN,Federal Contract Tower,0,2,13,1,16,0,0,16,5,21,0,2,29,6,37,2,0,2,39
10/13/2007,BAF,MA,ANE,EN,Federal Contract Tower,0,2,24,0,26,0,0,60,2,62,0,2,84,2,88,124,0,124,212
10/14/2007,BAF,MA,ANE,EN,Federal Contract Tower,0,1,23,0,24,0,0,112,5,117,0,1,135,5,141,74,0,74,215
10/15/2007,BAF,MA,ANE,EN,Federal Contract Tower,0,1,23,1,25,0,0,65,1,66,0,1,88,2,91,54,0,54,145
10/16/2007,BAF,MA,ANE,EN,Federal Contract Tower,0,0,16,0,16,0,0,79,5,84,0,0,95,5,100,96,2,98,198
10/17/2007,BAF,MA,ANE,EN,Federal Contract Tower,0,7,28,0,35,0,0,58,13,71,0,7,86,13,106,60,0,60,166
10/18/2007,BAF,MA,ANE,EN,Federal Contract Tower,0,3,22,2,27,0,0,10,4,14,0,3,32,6,41,14,16,30,71
10/19/2007,BAF,MA,ANE,EN,Federal Contract Tower,0,1,13,0,14,0,0,0,0,0,0,1,13,0,14,4,0,4,18
10/20/2007,BAF,MA,ANE,EN,Federal Contract Tower,0,3,15,0,18,0,0,75,0,75,0,3,90,0,93,78,0,78,171
10/21/2007,BAF,MA,ANE,EN,Federal Contract Tower,0,4,20,0,24,0,1,147,0,148,0,5,167,0,172,110,0,110,282
10/22/2007,BAF,MA,ANE,EN,Federal Contract Tower,0,1,37,0,38,0,0,108,0,108,0,1,145,0,146,112,0,112,258
10/23/2007,BAF,MA,ANE,EN,Federal Contract Tower,0,5,17,3,25,0,0,43,1,44,0,5,60,4,69,64,6,70,139
10/24/2007,BAF,MA,ANE,EN,Federal Contract Tower,0,1,20,2,23,0,0,5,9,14,0,1,25,11,37,16,2,18,55
10/25/2007,BAF,MA,ANE,EN,Federal Contract Tower,0,4,28,7,39,0,0,63,13,76,0,4,91,20,115,52,0,52,167
10/26/2007,BAF,MA,ANE,EN,Federal Contract Tower,0,7,29,2,38,0,0,107,8,115,0,7,136,10,153,60,2,62,215
10/27/2007,BAF,MA,ANE,EN,Federal Contract Tower,0,0,6,0,6,0,0,3,0,3,0,0,9,0,9,0,0,0,9
10/28/2007,BAF,MA,ANE,EN,Federal Contract Tower,0,1,24,0,25,0,1,84,0,85,0,2,108,0,110,58,0,58,168
10/29/2007,BAF,MA,ANE,EN,Federal Contract Tower,0,2,26,0,28,0,0,49,0,49,0,2,75,0,77,108,0,108,185
10/30/2007,BAF,MA,ANE,EN,Federal Contract Tower,0,2,29,1,32,0,0,108,5,113,0,2,137,6,145,108,0,108,253
10/31/2007,BAF,MA,ANE,EN,Federal Contract Tower,0,2,17,5,24,0,0,77,7,84,0,2,94,12,108,80,4,84,192
11/01/2007,BAF,MA,ANE,EN,Federal Contract Tower,0,3,11,2,16,0,0,35,2,37,0,3,46,4,53,56,0,56,109
11/02/2007,BAF,MA,ANE,EN,Federal Contract Tower,0,2,12,1,15,0,0,106,1,107,0,2,118,2,122,98,0,98,220
11/03/2007,BAF,MA,ANE,EN,Federal Contract Tower,0,3,0,1,4,0,0,0,3,3,0,3,0,4,7,0,0,0,7
11/04/2007,BAF,MA,ANE,EN,Federal Contract Tower,0,1,19,0,20,0,0,112,0,112,0,1,131,0,132,104,12,116,248
11/05/2007,BAF,MA,ANE,EN,Federal Contract Tower,0,0,12,0,12,0,1,69,1,71,0,1,81,1,83,104,0,104,187
11/06/2007,BAF,MA,ANE,EN,Federal Contract Tower,0,1,8,0,9,0,0,26,3,29,0,1,34,3,38,24,0,24,62
11/07/2007,BAF,MA,ANE,EN,Federal Contract Tower,0,0,11,0,11,0,0,60,0,60,0,0,71,0,71,28,0,28,99
11/08/2007,BAF,MA,ANE,EN,Federal Contract Tower,0,1,6,0,7,0,0,58,3,61,0,1,64,3,68,64,16,80,148
11/09/2007,BAF,MA,ANE,EN,Federal Contract Tower,0,0,12,2,14,0,0,40,9,49,0,0,52,11,63,42,2,44,107
11/10/2007,BAF,MA,ANE,EN,Federal Contract Tower,0,1,6,0,7,0,0,60,5,65,0,1,66,5,72,78,6,84,156
11/11/2007,BAF,MA,ANE,EN,Federal Contract Tower,0,1,3,0,4,0,0,119,2,121,0,1,122,2,125,136,0,136,261
11/12/2007,BAF,MA,ANE,EN,Federal Contract Tower,0,2,14,0,16,0,0,63,0,63,0,2,77,0,79,104,0,104,183
11/13/2007,BAF,MA,ANE,EN,Federal Contract Tower,0,0,5,0,5,0,0,50,0,50,0,0,55,0,55,46,0,46,101
11/14/2007,BAF,MA,ANE,EN,Federal Contract Tower,0,2,14,7,23,0,0,62,5,67,0,2,76,12,90,58,8,66,156
11/15/2007,BAF,MA,ANE,EN,Federal Contract Tower,0,1,9,0,10,0,0,2,1,3,0,1,11,1,13,0,8,8,21
11/16/2007,BAF,MA,ANE,EN,Federal Contract Tower,0,1,9,0,10,0,0,9,4,13,0,1,18,4,23,26,2,28,51
11/17/2007,BAF,MA,ANE,EN,Federal Contract Tower,0,2,10,1,13,0,0,101,0,101,0,2,111,1,114,166,0,166,280
11/18/2007,BAF,MA,ANE,EN,Federal Contract Tower,0,4,9,0,13,0,2,54,2,58,0,6,63,2,71,98,0,98,169
11/19/2007,BAF,MA,ANE,EN,Federal Contract Tower,0,0,7,0,7,0,0,49,3,52,0,0,56,3,59,68,0,68,127
11/20/2007,BAF,MA,ANE,EN,Federal Contract Tower,0,1,10,0,11,0,0,0,0,0,0,1,10,0,11,0,0,0,11
11/21/2007,BAF,MA,ANE,EN,Federal Contract Tower,0,2,17,0,19,0,0,2,0,2,0,2,19,0,21,0,0,0,21
11/22/2007,BAF,MA,ANE,EN,Federal Contract Tower,0,1,3,0,4,0,0,1,0,1,0,1,4,0,5,0,0,0,5
11/23/2007,BAF,MA,ANE,EN,Federal Contract Tower,0,0,5,0,5,0,0,67,0,67,0,0,72,0,72,38,0,38,110
11/24/2007,BAF,MA,ANE,EN,Federal Contract Tower,0,0,15,0,15,0,0,84,0,84,0,0,99,0,99,102,0,102,201
11/25/2007,BAF,MA,ANE,EN,Federal Contract Tower,0,5,13,0,18,0,0,159,0,159,0,5,172,0,177,150,0,150,327
11/26/2007,BAF,MA,ANE,EN,Federal Contract Tower,0,1,14,0,15,0,0,0,0,0,0,1,14,0,15,2,0,2,17
11/27/2007,BAF,MA,ANE,EN,Federal Contract Tower,0,1,9,3,13,0,0,30,7,37,0,1,39,10,50,24,2,26,76
11/28/2007,BAF,MA,ANE,EN,Federal Contract Tower,0,1,6,2,9,0,0,87,0,87,0,1,93,2,96,98,2,100,196
11/29/2007,BAF,MA,ANE,EN,Federal Contract Tower,0,2,7,5,14,0,0,64,0,64,0,2,71,5,78,78,4,82,160
11/30/2007,BAF,MA,ANE,EN,Federal Contract Tower,0,2,6,0,8,0,2,71,0,73,0,4,77,0,81,90,0,90,171
12/01/2007,BAF,MA,ANE,EN,Federal Contract Tower,0,0,3,0,3,0,0,25,1,26,0,0,28,1,29,28,2,30,59
12/02/2007,BAF,MA,ANE,EN,Federal Contract Tower,0,1,1,0,2,0,0,35,0,35,0,1,36,0,37,58,0,58,95
12/03/2007,BAF,MA,ANE,EN,Federal Contract Tower,0,4,5,0,9,0,0,0,0,0,0,4,5,0,9,0,0,0,9
12/04/2007,BAF,MA,ANE,EN,Federal Contract Tower,0,1,12,2,15,0,1,29,0,30,0,2,41,2,45,44,0,44,89
12/05/2007,BAF,MA,ANE,EN,Federal Contract Tower,0,4,9,0,13,0,2,49,2,53,0,6,58,2,66,60,4,64,130
12/06/2007,BAF,MA,ANE,EN,Federal Contract Tower,0,4,6,1,11,0,2,68,6,76,0,6,74,7,87,52,6,58,145
12/07/2007,BAF,MA,ANE,EN,Federal Contract Tower,0,2,12,2,16,0,0,26,0,26,0,2,38,2,42,36,2,38,80
12/08/2007,BAF,MA,ANE,EN,Federal Contract Tower,0,2,13,0,15,0,0,101,2,103,0,2,114,2,118,92,0,92,210
12/09/2007,BAF,MA,ANE,EN,Federal Contract Tower,0,0,8,0,8,0,0,51,0,51,0,0,59,0,59,90,0,90,149
12/10/2007,BAF,MA,ANE,EN,Federal Contract Tower,0,2,7,0,9,0,0,0,0,0,0,2,7,0,9,0,0,0,9
12/11/2007,BAF,MA,ANE,EN,Federal Contract Tower,0,1,27,0,28,0,0,49,5,54,0,1,76,5,82,38,0,38,120
12/12/2007,BAF,MA,ANE,EN,Federal Contract Tower,0,0,2,3,5,0,0,28,8,36,0,0,30,11,41,14,8,22,63
12/13/2007,BAF,MA,ANE,EN,Federal Contract Tower,0,2,3,2,7,0,0,8,1,9,0,2,11,3,16,22,6,28,44
12/14/2007,BAF,MA,ANE,EN,Federal Contract Tower,0,0,6,0,6,0,0,15,13,28,0,0,21,13,34,14,0,14,48
12/15/2007,BAF,MA,ANE,EN,Federal Contract Tower,0,1,3,0,4,0,0,95,3,98,0,1,98,3,102,96,0,96,198
12/16/2007,BAF,MA,ANE,EN,Federal Contract Tower,0,0,0,0,0,0,0,0,0,0,0,0,0,0,0,0,0,0,0
12/17/2007,BAF,MA,ANE,EN,Federal Contract Tower,0,1,2,0,3,0,0,0,0,0,0,1,2,0,3,0,0,0,3
12/18/2007,BAF,MA,ANE,EN,Federal Contract Tower,0,3,12,0,15,0,0,45,1,46,0,3,57,1,61,78,0,78,139
12/19/2007,BAF,MA,ANE,EN,Federal Contract Tower,0,2,9,0,11,0,0,20,7,27,0,2,29,7,38,48,8,56,94
12/20/2007,BAF,MA,ANE,EN,Federal Contract Tower,0,6,21,0,27,0,0,42,11,53,0,6,63,11,80,54,14,68,148
12/21/2007,BAF,MA,ANE,EN,Federal Contract Tower,0,3,9,0,12,0,0,20,0,20,0,3,29,0,32,28,0,28,60
12/22/2007,BAF,MA,ANE,EN,Federal Contract Tower,0,1,5,0,6,0,0,29,0,29,0,1,34,0,35,74,0,74,109
12/23/2007,BAF,MA,ANE,EN,Federal Contract Tower,0,2,4,0,6,0,0,0,0,0,0,2,4,0,6,2,0,2,8
12/24/2007,BAF,MA,ANE,EN,Federal Contract Tower,0,0,2,0,2,0,0,42,0,42,0,0,44,0,44,48,0,48,92
12/25/2007,BAF,MA,ANE,EN,Federal Contract Tower,0,1,0,0,1,0,2,16,0,18,0,3,16,0,19,14,8,22,41
12/26/2007,BAF,MA,ANE,EN,Federal Contract Tower,0,0,10,4,14,0,1,89,2,92,0,1,99,6,106,94,0,94,200
12/27/2007,BAF,MA,ANE,EN,Federal Contract Tower,0,1,5,0,6,0,0,0,0,0,0,1,5,0,6,0,0,0,6
12/28/2007,BAF,MA,ANE,EN,Federal Contract Tower,0,1,6,0,7,0,0,90,6,96,0,1,96,6,103,86,2,88,191
12/29/2007,BAF,MA,ANE,EN,Federal Contract Tower,0,0,2,0,2,0,0,24,0,24,0,0,26,0,26,88,0,88,114
12/30/2007,BAF,MA,ANE,EN,Federal Contract Tower,0,0,4,0,4,0,0,107,0,107,0,0,111,0,111,104,0,104,215
12/31/2007,BAF,MA,ANE,EN,Federal Contract Tower,0,2,4,0,6,0,0,13,0,13,0,2,17,0,19,0,0,0,19
01/01/2008,BAF,MA,ANE,EN,Federal Contract Tower,0,0,0,0,0,0,0,0,0,0,0,0,0,0,0,0,0,0,0
01/02/2008,BAF,MA,ANE,EN,Federal Contract Tower,0,2,14,5,21,0,0,3,2,5,0,2,17,7,26,10,14,24,50
01/03/2008,BAF,MA,ANE,EN,Federal Contract Tower,0,2,8,0,10,0,0,49,8,57,0,2,57,8,67,24,4,28,95
01/04/2008,BAF,MA,ANE,EN,Federal Contract Tower,0,3,8,1,12,0,0,59,15,74,0,3,67,16,86,54,2,56,142
01/05/2008,BAF,MA,ANE,EN,Federal Contract Tower,0,1,12,0,13,0,0,82,12,94,0,1,94,12,107,112,0,112,219
01/06/2008,BAF,MA,ANE,EN,Federal Contract Tower,0,1,9,0,10,0,0,101,9,110,0,1,110,9,120,140,14,154,274
01/07/2008,BAF,MA,ANE,EN,Federal Contract Tower,0,0,13,0,13,0,0,34,0,34,0,0,47,0,47,66,0,66,113
01/08/2008,BAF,MA,ANE,EN,Federal Contract Tower,0,0,12,3,15,0,0,64,12,76,0,0,76,15,91,38,0,38,129
01/09/2008,BAF,MA,ANE,EN,Federal Contract Tower,0,1,11,1,13,0,0,8,0,8,0,1,19,1,21,4,0,4,25
01/10/2008,BAF,MA,ANE,EN,Federal Contract Tower,0,0,3,0,3,0,0,116,8,124,0,0,119,8,127,166,0,166,293
01/11/2008,BAF,MA,ANE,EN,Federal Contract Tower,0,0,6,2,8,0,0,0,0,0,0,0,6,2,8,2,4,6,14
01/12/2008,BAF,MA,ANE,EN,Federal Contract Tower,0,0,9,0,9,0,0,163,8,171,0,0,172,8,180,192,6,198,378
01/13/2008,BAF,MA,ANE,EN,Federal Contract Tower,0,0,9,0,9,0,0,121,0,121,0,0,130,0,130,82,0,82,212
01/14/2008,BAF,MA,ANE,EN,Federal Contract Tower,0,0,5,0,5,0,0,0,0,0,0,0,5,0,5,0,0,0,5
01/15/2008,BAF,MA,ANE,EN,Federal Contract Tower,0,2,16,2,20,0,0,16,13,29,0,2,32,15,49,10,0,10,59
01/16/2008,BAF,MA,ANE,EN,Federal Contract Tower,0,3,14,0,17,0,0,60,7,67,0,3,74,7,84,22,8,30,114
01/17/2008,BAF,MA,ANE,EN,Federal Contract Tower,0,4,16,3,23,0,0,55,10,65,0,4,71,13,88,66,8,74,162
01/18/2008,BAF,MA,ANE,EN,Federal Contract Tower,0,0,10,2,12,0,0,20,4,24,0,0,30,6,36,10,2,12,48
01/19/2008,BAF,MA,ANE,EN,Federal Contract Tower,0,2,5,0,7,0,0,106,0,106,0,2,111,0,113,106,0,106,219
01/20/2008,BAF,MA,ANE,EN,Federal Contract Tower,0,1,9,0,10,0,0,12,0,12,0,1,21,0,22,6,0,6,28
01/21/2008,BAF,MA,ANE,EN,Federal Contract Tower,0,1,10,0,11,0,0,65,0,65,0,1,75,0,76,88,0,88,164
01/22/2008,BAF,MA,ANE,EN,Federal Contract Tower,0,1,12,4,17,0,0,25,2,27,0,1,37,6,44,4,4,8,52
01/23/2008,BAF,MA,ANE,EN,Federal Contract Tower,0,2,5,2,9,0,0,61,2,63,0,2,66,4,72,72,8,80,152
01/24/2008,BAF,MA,ANE,EN,Federal Contract Tower,0,3,17,1,21,0,0,41,19,60,0,3,58,20,81,82,2,84,165
01/25/2008,BAF,MA,ANE,EN,Federal Contract Tower,0,0,7,4,11,0,0,55,15,70,0,0,62,19,81,38,4,42,123
01/26/2008,BAF,MA,ANE,EN,Federal Contract Tower,0,4,11,3,18,0,0,112,13,125,0,4,123,16,143,86,10,96,239
01/27/2008,BAF,MA,ANE,EN,Federal Contract Tower,0,1,8,0,9,0,0,17,0,17,0,1,25,0,26,36,0,36,62
01/28/2008,BAF,MA,ANE,EN,Federal Contract Tower,0,3,5,0,8,0,1,41,0,42,0,4,46,0,50,74,0,74,124
01/29/2008,BAF,MA,ANE,EN,Federal Contract Tower,0,3,18,0,21,0,0,37,8,45,0,3,55,8,66,54,0,54,120
01/30/2008,BAF,MA,ANE,EN,Federal Contract Tower,0,3,7,0,10,0,0,9,2,11,0,3,16,2,21,18,6,24,45
01/31/2008,BAF,MA,ANE,EN,Federal Contract Tower,0,2,18,3,23,0,0,80,26,106,0,2,98,29,129,94,22,116,245
02/01/2008,BAF,MA,ANE,EN,Federal Contract Tower,0,0,1,0,1,0,0,0,0,0,0,0,1,0,1,0,0,0,1
02/02/2008,BAF,MA,ANE,EN,Federal Contract Tower,0,0,4,0,4,0,0,34,0,34,0,0,38,0,38,48,0,48,86
02/03/2008,BAF,MA,ANE,EN,Federal Contract Tower,0,0,6,0,6,0,0,112,0,112,0,0,118,0,118,132,0,132,250
02/04/2008,BAF,MA,ANE,EN,Federal Contract Tower,0,1,6,0,7,0,0,30,0,30,0,1,36,0,37,74,0,74,111
02/05/2008,BAF,MA,ANE,EN,Federal Contract Tower,0,0,5,0,5,0,0,0,0,0,0,0,5,0,5,0,0,0,5
02/06/2008,BAF,MA,ANE,EN,Federal Contract Tower,0,4,5,0,9,0,0,0,0,0,0,4,5,0,9,0,0,0,9
02/07/2008,BAF,MA,ANE,EN,Federal Contract Tower,0,3,1,1,5,0,0,2,0,2,0,3,3,1,7,0,0,0,7
02/08/2008,BAF,MA,ANE,EN,Federal Contract Tower,0,1,15,3,19,0,0,24,3,27,0,1,39,6,46,18,2,20,66
02/09/2008,BAF,MA,ANE,EN,Federal Contract Tower,0,0,6,0,6,0,0,48,11,59,0,0,54,11,65,68,8,76,141
02/10/2008,BAF,MA,ANE,EN,Federal Contract Tower,0,6,4,0,10,0,0,4,0,4,0,6,8,0,14,0,0,0,14
02/11/2008,BAF,MA,ANE,EN,Federal Contract Tower,0,0,10,0,10,0,0,12,2,14,0,0,22,2,24,18,0,18,42
02/12/2008,BAF,MA,ANE,EN,Federal Contract Tower,0,5,5,0,10,0,0,39,12,51,0,5,44,12,61,38,0,38,99
02/13/2008,BAF,MA,ANE,EN,Federal Contract Tower,0,2,3,0,5,0,0,0,0,0,0,2,3,0,5,0,0,0,5
02/14/2008,BAF,MA,ANE,EN,Federal Contract Tower,0,3,6,3,12,0,0,69,25,94,0,3,75,28,106,98,6,104,210
02/15/2008,BAF,MA,ANE,EN,Federal Contract Tower,0,2,9,2,13,0,0,69,12,81,0,2,78,14,94,42,8,50,144
02/16/2008,BAF,MA,ANE,EN,Federal Contract Tower,0,1,20,0,21,0,0,172,0,172,0,1,192,0,193,98,0,98,291
02/17/2008,BAF,MA,ANE,EN,Federal Contract Tower,0,0,5,0,5,0,0,118,0,118,0,0,123,0,123,72,0,72,195
02/18/2008,BAF,MA,ANE,EN,Federal Contract Tower,0,0,14,0,14,0,0,0,0,0,0,0,14,0,14,0,0,0,14
02/19/2008,BAF,MA,ANE,EN,Federal Contract Tower,0,5,1,1,7,0,0,30,0,30,0,5,31,1,37,46,4,50,87
02/20/2008,BAF,MA,ANE,EN,Federal Contract Tower,0,4,9,0,13,0,0,49,7,56,0,4,58,7,69,30,0,30,99
02/21/2008,BAF,MA,ANE,EN,Federal Contract Tower,0,0,18,3,21,0,0,94,21,115,0,0,112,24,136,40,4,44,180
02/22/2008,BAF,MA,ANE,EN,Federal Contract Tower,0,0,3,0,3,0,0,0,0,0,0,0,3,0,3,0,0,0,3
02/23/2008,BAF,MA,ANE,EN,Federal Contract Tower,0,3,11,0,14,0,0,30,5,35,0,3,41,5,49,36,0,36,85
02/24/2008,BAF,MA,ANE,EN,Federal Contract Tower,0,3,4,0,7,0,0,243,0,243,0,3,247,0,250,84,0,84,334
02/25/2008,BAF,MA,ANE,EN,Federal Contract Tower,0,1,4,0,5,0,2,59,0,61,0,3,63,0,66,60,0,60,126
02/26/2008,BAF,MA,ANE,EN,Federal Contract Tower,0,2,4,0,6,0,0,3,4,7,0,2,7,4,13,6,2,8,21
02/27/2008,BAF,MA,ANE,EN,Federal Contract Tower,0,4,8,3,15,0,0,28,3,31,0,4,36,6,46,60,10,70,116
02/28/2008,BAF,MA,ANE,EN,Federal Contract Tower,0,1,14,0,15,0,2,75,21,98,0,3,89,21,113,66,14,80,193
02/29/2008,BAF,MA,ANE,EN,Federal Contract Tower,0,2,13,2,17,0,0,61,4,65,0,2,74,6,82,56,0,56,138
03/01/2008,BAF,MA,ANE,EN,Federal Contract Tower,0,0,8,0,8,0,0,0,5,5,0,0,8,5,13,2,4,6,19
03/02/2008,BAF,MA,ANE,EN,Federal Contract Tower,0,1,10,3,14,0,0,131,26,157,0,1,141,29,171,36,10,46,217
03/03/2008,BAF,MA,ANE,EN,Federal Contract Tower,0,0,22,0,22,0,0,65,0,65,0,0,87,0,87,56,0,56,143
03/04/2008,BAF,MA,ANE,EN,Federal Contract Tower,0,1,7,0,8,0,1,3,0,4,0,2,10,0,12,10,0,10,22
03/05/2008,BAF,MA,ANE,EN,Federal Contract Tower,0,1,6,0,7,0,0,9,5,14,0,1,15,5,21,8,0,8,29
03/06/2008,BAF,MA,ANE,EN,Federal Contract Tower,0,2,15,0,17,0,0,84,20,104,0,2,99,20,121,126,16,142,263
03/07/2008,BAF,MA,ANE,EN,Federal Contract Tower,0,1,14,0,15,0,0,67,13,80,0,1,81,13,95,68,4,72,167
03/08/2008,BAF,MA,ANE,EN,Federal Contract Tower,0,1,8,0,9,0,0,0,0,0,0,1,8,0,9,2,0,2,11
03/09/2008,BAF,MA,ANE,EN,Federal Contract Tower,0,0,5,0,5,0,0,5,0,5,0,0,10,0,10,16,0,16,26
03/10/2008,BAF,MA,ANE,EN,Federal Contract Tower,0,1,7,0,8,0,0,65,0,65,0,1,72,0,73,60,0,60,133
03/11/2008,BAF,MA,ANE,EN,Federal Contract Tower,0,1,7,1,9,0,0,73,1,74,0,1,80,2,83,66,0,66,149
03/12/2008,BAF,MA,ANE,EN,Federal Contract Tower,0,0,10,14,24,0,0,23,2,25,0,0,33,16,49,24,0,24,73
03/13/2008,BAF,MA,ANE,EN,Federal Contract Tower,0,0,9,0,9,0,0,87,6,93,0,0,96,6,102,90,4,94,196
03/14/2008,BAF,MA,ANE,EN,Federal Contract Tower,0,2,7,4,13,0,0,70,13,83,0,2,77,17,96,32,2,34,130
03/15/2008,BAF,MA,ANE,EN,Federal Contract Tower,0,1,7,0,8,0,0,26,0,26,0,1,33,0,34,20,0,20,54
03/16/2008,BAF,MA,ANE,EN,Federal Contract Tower,0,1,13,0,14,0,0,25,0,25,0,1,38,0,39,46,0,46,85
03/17/2008,BAF,MA,ANE,EN,Federal Contract Tower,0,0,10,0,10,0,0,44,0,44,0,0,54,0,54,54,0,54,108
03/18/2008,BAF,MA,ANE,EN,Federal Contract Tower,0,5,6,2,13,0,1,87,4,92,0,6,93,6,105,62,0,62,167
03/19/2008,BAF,MA,ANE,EN,Federal Contract Tower,0,1,13,0,14,0,0,0,0,0,0,1,13,0,14,0,0,0,14
03/20/2008,BAF,MA,ANE,EN,Federal Contract Tower,0,2,11,0,13,0,0,25,6,31,0,2,36,6,44,16,4,20,64
03/21/2008,BAF,MA,ANE,EN,Federal Contract Tower,1,1,2,4,8,0,0,0,5,5,1,1,2,9,13,0,0,0,13
03/22/2008,BAF,MA,ANE,EN,Federal Contract Tower,0,0,10,0,10,0,0,125,0,125,0,0,135,0,135,134,0,134,269
03/23/2008,BAF,MA,ANE,EN,Federal Contract Tower,0,1,11,0,12,0,0,121,0,121,0,1,132,0,133,56,0,56,189
03/24/2008,BAF,MA,ANE,EN,Federal Contract Tower,0,2,12,0,14,0,0,67,0,67,0,2,79,0,81,124,0,124,205
03/25/2008,BAF,MA,ANE,EN,Federal Contract Tower,0,2,11,0,13,0,0,77,7,84,0,2,88,7,97,140,0,140,237
03/26/2008,BAF,MA,ANE,EN,Federal Contract Tower,0,1,7,4,12,0,0,31,6,37,0,1,38,10,49,38,6,44,93
03/27/2008,BAF,MA,ANE,EN,Federal Contract Tower,0,2,12,2,16,0,0,74,7,81,0,2,86,9,97,88,4,92,189
03/28/2008,BAF,MA,ANE,EN,Federal Contract Tower,0,1,7,0,8,0,0,0,2,2,0,1,7,2,10,0,20,20,30
03/29/2008,BAF,MA,ANE,EN,Federal Contract Tower,0,2,8,0,10,0,0,44,2,46,0,2,52,2,56,90,0,90,146
03/30/2008,BAF,MA,ANE,EN,Federal Contract Tower,0,1,7,0,8,0,0,184,0,184,0,1,191,0,192,160,0,160,352
03/31/2008,BAF,MA,ANE,EN,Federal Contract Tower,0,0,11,0,11,0,0,0,0,0,0,0,11,0,11,0,0,0,11
04/01/2008,BAF,MA,ANE,EN,Federal Contract Tower,0,2,5,2,9,0,0,0,0,0,0,2,5,2,9,0,0,0,9
04/02/2008,BAF,MA,ANE,EN,Federal Contract Tower,0,2,10,3,15,0,0,23,3,26,0,2,33,6,41,54,16,70,111
04/03/2008,BAF,MA,ANE,EN,Federal Contract Tower,0,1,4,2,7,0,0,128,14,142,0,1,132,16,149,200,10,210,359
04/04/2008,BAF,MA,ANE,EN,Federal Contract Tower,0,2,4,0,6,0,0,0,0,0,0,2,4,0,6,0,0,0,6
04/05/2008,BAF,MA,ANE,EN,Federal Contract Tower,0,3,23,2,28,0,0,60,2,62,0,3,83,4,90,42,0,42,132
04/06/2008,BAF,MA,ANE,EN,Federal Contract Tower,0,1,13,4,18,0,0,44,10,54,0,1,57,14,72,86,10,96,168
04/07/2008,BAF,MA,ANE,EN,Federal Contract Tower,0,3,6,0,9,0,0,48,0,48,0,3,54,0,57,42,0,42,99
04/08/2008,BAF,MA,ANE,EN,Federal Contract Tower,0,1,11,2,14,0,0,105,22,127,0,1,116,24,141,96,0,96,237
04/09/2008,BAF,MA,ANE,EN,Federal Contract Tower,0,1,8,0,9,0,0,84,8,92,0,1,92,8,101,108,18,126,227
04/10/2008,BAF,MA,ANE,EN,Federal Contract Tower,0,0,9,6,15,0,0,76,19,95,0,0,85,25,110,132,14,146,256
04/11/2008,BAF,MA,ANE,EN,Federal Contract Tower,0,2,12,1,15,0,0,29,2,31,0,2,41,3,46,42,0,42,88
04/12/2008,BAF,MA,ANE,EN,Federal Contract Tower,0,3,6,0,9,0,0,26,0,26,0,3,32,0,35,26,0,26,61
04/13/2008,BAF,MA,ANE,EN,Federal Contract Tower,0,4,19,2,25,0,0,65,0,65,0,4,84,2,90,50,0,50,140
04/14/2008,BAF,MA,ANE,EN,Federal Contract Tower,0,1,4,0,5,0,0,68,0,68,0,1,72,0,73,58,0,58,131
04/15/2008,BAF,MA,ANE,EN,Federal Contract Tower,0,5,15,4,24,0,0,113,15,128,0,5,128,19,152,124,16,140,292
04/16/2008,BAF,MA,ANE,EN,Federal Contract Tower,0,3,14,6,23,0,0,151,7,158,0,3,165,13,181,148,22,170,351
04/17/2008,BAF,MA,ANE,EN,Federal Contract Tower,0,1,5,6,12,0,0,114,18,132,0,1,119,24,144,120,16,136,280
04/18/2008,BAF,MA,ANE,EN,Federal Contract Tower,0,0,10,2,12,0,0,124,17,141,0,0,134,19,153,108,12,120,273
04/19/2008,BAF,MA,ANE,EN,Federal Contract Tower,0,3,8,0,11,0,0,122,12,134,0,3,130,12,145,116,0,116,261
04/20/2008,BAF,MA,ANE,EN,Federal Contract Tower,0,2,7,1,10,0,0,92,4,96,0,2,99,5,106,62,0,62,168
04/21/2008,BAF,MA,ANE,EN,Federal Contract Tower,0,0,8,1,9,0,0,89,3,92,0,0,97,4,101,90,14,104,205
04/22/2008,BAF,MA,ANE,EN,Federal Contract Tower,0,0,15,7,22,0,0,91,6,97,0,0,106,13,119,70,18,88,207
04/23/2008,BAF,MA,ANE,EN,Federal Contract Tower,0,0,11,2,13,0,0,103,3,106,0,0,114,5,119,107,6,113,232
04/24/2008,BAF,MA,ANE,EN,Federal Contract Tower,0,1,10,3,14,0,0,100,7,107,0,1,110,10,121,90,16,106,227
04/25/2008,BAF,MA,ANE,EN,Federal Contract Tower,0,7,23,3,33,0,0,62,10,72,0,7,85,13,105,30,4,34,139
04/26/2008,BAF,MA,ANE,EN,Federal Contract Tower,0,2,7,0,9,0,0,179,1,180,0,2,186,1,189,140,0,140,329
04/27/2008,BAF,MA,ANE,EN,Federal Contract Tower,0,1,24,0,25,0,0,72,0,72,0,1,96,0,97,94,0,94,191
04/28/2008,BAF,MA,ANE,EN,Federal Contract Tower,0,0,10,0,10,0,0,0,0,0,0,0,10,0,10,0,0,0,10
04/29/2008,BAF,MA,ANE,EN,Federal Contract Tower,0,1,17,0,18,0,0,17,5,22,0,1,34,5,40,2,0,2,42
04/30/2008,BAF,MA,ANE,EN,Federal Contract Tower,0,0,6,4,10,0,0,99,5,104,0,0,105,9,114,60,2,62,176
05/01/2008,BAF,MA,ANE,EN,Federal Contract Tower,0,4,8,4,16,0,0,116,13,129,0,4,124,17,145,50,6,56,201
05/02/2008,BAF,MA,ANE,EN,Federal Contract Tower,0,0,18,1,19,0,0,0,0,0,0,0,18,1,19,6,0,6,25
05/03/2008,BAF,MA,ANE,EN,Federal Contract Tower,0,4,22,5,31,0,0,12,9,21,0,4,34,14,52,54,14,68,120
05/04/2008,BAF,MA,ANE,EN,Federal Contract Tower,0,1,19,2,22,0,0,37,5,42,0,1,56,7,64,78,6,84,148
05/05/2008,BAF,MA,ANE,EN,Federal Contract Tower,0,0,7,0,7,0,0,88,3,91,0,0,95,3,98,94,2,96,194
05/06/2008,BAF,MA,ANE,EN,Federal Contract Tower,0,1,17,6,24,0,0,92,12,104,0,1,109,18,128,72,10,82,210
05/07/2008,BAF,MA,ANE,EN,Federal Contract Tower,0,1,10,6,17,0,0,96,19,115,0,1,106,25,132,174,12,186,318
05/08/2008,BAF,MA,ANE,EN,Federal Contract Tower,0,0,10,9,19,0,0,72,10,82,0,0,82,19,101,86,6,92,193
05/09/2008,BAF,MA,ANE,EN,Federal Contract Tower,0,5,24,2,31,0,0,14,13,27,0,5,38,15,58,6,10,16,74
05/10/2008,BAF,MA,ANE,EN,Federal Contract Tower,0,2,13,0,15,0,0,108,0,108,0,2,121,0,123,112,0,112,235
05/11/2008,BAF,MA,ANE,EN,Federal Contract Tower,0,3,8,0,11,0,0,150,0,150,0,3,158,0,161,112,0,112,273
05/12/2008,BAF,MA,ANE,EN,Federal Contract Tower,0,1,8,0,9,0,0,10,6,16,0,1,18,6,25,0,0,0,25
05/13/2008,BAF,MA,ANE,EN,Federal Contract Tower,0,1,10,3,14,0,0,61,15,76,0,1,71,18,90,42,10,52,142
05/14/2008,BAF,MA,ANE,EN,Federal Contract Tower,0,2,16,4,22,0,0,126,10,136,0,2,142,14,158,86,8,94,252
05/15/2008,BAF,MA,ANE,EN,Federal Contract Tower,0,3,12,4,19,0,0,97,6,103,0,3,109,10,122,82,4,86,208
05/16/2008,BAF,MA,ANE,EN,Federal Contract Tower,0,2,17,5,24,0,0,35,10,45,0,2,52,15,69,38,12,50,119
05/17/2008,BAF,MA,ANE,EN,Federal Contract Tower,0,2,13,0,15,0,0,78,4,82,0,2,91,4,97,82,0,82,179
05/18/2008,BAF,MA,ANE,EN,Federal Contract Tower,0,2,13,0,15,0,0,95,1,96,0,2,108,1,111,48,0,48,159
05/19/2008,BAF,MA,ANE,EN,Federal Contract Tower,0,5,16,0,21,0,0,33,0,33,0,5,49,0,54,70,0,70,124
05/20/2008,BAF,MA,ANE,EN,Federal Contract Tower,0,2,8,4,14,0,0,72,19,91,0,2,80,23,105,108,6,114,219
05/21/2008,BAF,MA,ANE,EN,Federal Contract Tower,0,2,15,8,25,0,0,64,8,72,0,2,79,16,97,78,12,90,187
05/22/2008,BAF,MA,ANE,EN,Federal Contract Tower,0,1,11,12,24,0,0,68,18,86,0,1,79,30,110,80,6,86,196
05/23/2008,BAF,MA,ANE,EN,Federal Contract Tower,0,4,13,3,20,0,0,66,12,78,0,4,79,15,98,78,12,90,188
05/24/2008,BAF,MA,ANE,EN,Federal Contract Tower,0,2,10,0,12,0,0,82,0,82,0,2,92,0,94,56,0,56,150
05/25/2008,BAF,MA,ANE,EN,Federal Contract Tower,0,0,6,1,7,0,0,187,8,195,0,0,193,9,202,98,4,102,304
05/26/2008,BAF,MA,ANE,EN,Federal Contract Tower,0,1,9,0,10,0,0,71,8,79,0,1,80,8,89,44,24,68,157
05/27/2008,BAF,MA,ANE,EN,Federal Contract Tower,0,0,16,3,19,0,0,43,0,43,0,0,59,3,62,18,0,18,80
05/28/2008,BAF,MA,ANE,EN,Federal Contract Tower,0,1,10,5,16,0,0,102,16,118,0,1,112,21,134,110,14,124,258
05/29/2008,BAF,MA,ANE,EN,Federal Contract Tower,0,6,10,2,18,0,0,99,12,111,0,6,109,14,129,126,6,132,261
05/30/2008,BAF,MA,ANE,EN,Federal Contract Tower,0,0,2,0,2,0,0,112,8,120,0,0,114,8,122,114,4,118,240
05/31/2008,BAF,MA,ANE,EN,Federal Contract Tower,0,7,9,2,18,0,0,16,2,18,0,7,25,4,36,24,4,28,64
06/01/2008,BAF,MA,ANE,EN,Federal Contract Tower,0,2,9,0,11,0,0,132,8,140,0,2,141,8,151,136,0,136,287
06/02/2008,BAF,MA,ANE,EN,Federal Contract Tower,0,1,7,0,8,0,0,119,0,119,0,1,126,0,127,102,0,102,229
06/03/2008,BAF,MA,ANE,EN,Federal Contract Tower,0,3,12,0,15,0,0,100,0,100,0,3,112,0,115,46,0,46,161
06/04/2008,BAF,MA,ANE,EN,Federal Contract Tower,0,1,20,0,21,0,0,0,1,1,0,1,20,1,22,0,2,2,24
06/05/2008,BAF,MA,ANE,EN,Federal Contract Tower,0,5,25,9,39,0,0,44,8,52,0,5,69,17,91,100,10,110,201
06/06/2008,BAF,MA,ANE,EN,Federal Contract Tower,0,2,12,0,14,0,0,0,0,0,0,2,12,0,14,2,0,2,16
06/07/2008,BAF,MA,ANE,EN,Federal Contract Tower,0,2,13,3,18,0,0,75,3,78,0,2,88,6,96,148,4,152,248
06/08/2008,BAF,MA,ANE,EN,Federal Contract Tower,0,7,13,1,21,0,0,87,19,106,0,7,100,20,127,66,4,70,197
06/09/2008,BAF,MA,ANE,EN,Federal Contract Tower,0,6,16,0,22,0,0,73,0,73,0,6,89,0,95,68,0,68,163
06/10/2008,BAF,MA,ANE,EN,Federal Contract Tower,0,1,11,2,14,0,0,58,2,60,0,1,69,4,74,80,0,80,154
06/11/2008,BAF,MA,ANE,EN,Federal Contract Tower,0,3,4,1,8,0,0,110,12,122,0,3,114,13,130,84,7,91,221
06/12/2008,BAF,MA,ANE,EN,Federal Contract Tower,0,2,6,1,9,0,0,159,17,176,0,2,165,18,185,112,6,118,303
06/13/2008,BAF,MA,ANE,EN,Federal Contract Tower,0,3,15,1,19,0,0,139,9,148,0,3,154,10,167,126,18,144,311
06/14/2008,BAF,MA,ANE,EN,Federal Contract Tower,0,0,8,0,8,0,0,56,0,56,0,0,64,0,64,80,0,80,144
06/15/2008,BAF,MA,ANE,EN,Federal Contract Tower,0,0,56,0,56,0,0,34,0,34,0,0,90,0,90,84,0,84,174
06/16/2008,BAF,MA,ANE,EN,Federal Contract Tower,0,0,11,1,12,0,0,1,3,4,0,0,12,4,16,2,0,2,18
06/17/2008,BAF,MA,ANE,EN,Federal Contract Tower,0,0,6,2,8,0,0,65,1,66,0,0,71,3,74,126,0,126,200
06/18/2008,BAF,MA,ANE,EN,Federal Contract Tower,0,2,17,0,19,0,0,48,1,49,0,2,65,1,68,84,0,84,152
06/19/2008,BAF,MA,ANE,EN,Federal Contract Tower,0,0,9,4,13,0,0,114,15,129,0,0,123,19,142,80,4,84,226
06/20/2008,BAF,MA,ANE,EN,Federal Contract Tower,0,2,9,2,13,0,0,87,9,96,0,2,96,11,109,118,24,142,251
06/21/2008,BAF,MA,ANE,EN,Federal Contract Tower,0,2,16,0,18,0,0,150,0,150,0,2,166,0,168,156,0,156,324
06/22/2008,BAF,MA,ANE,EN,Federal Contract Tower,0,0,18,0,18,0,0,12,0,12,0,0,30,0,30,18,0,18,48
06/23/2008,BAF,MA,ANE,EN,Federal Contract Tower,0,0,4,0,4,0,0,0,0,0,0,0,4,0,4,0,0,0,4
06/24/2008,BAF,MA,ANE,EN,Federal Contract Tower,0,3,9,0,12,0,2,66,4,72,0,5,75,4,84,78,6,84,168
06/25/2008,BAF,MA,ANE,EN,Federal Contract Tower,0,4,24,7,35,0,0,113,13,126,0,4,137,20,161,84,22,106,267
06/26/2008,BAF,MA,ANE,EN,Federal Contract Tower,0,0,20,2,22,0,0,59,8,67,0,0,79,10,89,50,2,52,141
06/27/2008,BAF,MA,ANE,EN,Federal Contract Tower,0,4,17,2,23,0,0,79,12,91,0,4,96,14,114,86,2,88,202
06/28/2008,BAF,MA,ANE,EN,Federal Contract Tower,0,0,12,0,12,0,0,81,0,81,0,0,93,0,93,126,0,126,219
06/29/2008,BAF,MA,ANE,EN,Federal Contract Tower,0,2,12,0,14,0,0,45,0,45,0,2,57,0,59,36,0,36,95
06/30/2008,BAF,MA,ANE,EN,Federal Contract Tower,0,2,19,2,23,0,0,76,16,92,0,2,95,18,115,146,4,150,265
07/01/2008,BAF,MA,ANE,EN,Federal Contract Tower,0,0,25,5,30,0,0,61,18,79,0,0,86,23,109,48,4,52,161
07/02/2008,BAF,MA,ANE,EN,Federal Contract Tower,0,0,20,3,23,0,0,141,15,156,0,0,161,18,179,105,26,131,310
07/03/2008,BAF,MA,ANE,EN,Federal Contract Tower,0,0,9,0,9,0,0,107,3,110,0,0,116,3,119,76,2,78,197
07/04/2008,BAF,MA,ANE,EN,Federal Contract Tower,0,0,26,4,30,0,0,54,7,61,0,0,80,11,91,48,18,66,157
07/05/2008,BAF,MA,ANE,EN,Federal Contract Tower,0,0,19,0,19,0,0,0,0,0,0,0,19,0,19,0,0,0,19
07/06/2008,BAF,MA,ANE,EN,Federal Contract Tower,0,0,30,0,30,0,0,76,0,76,0,0,106,0,106,78,0,78,184
07/07/2008,BAF,MA,ANE,EN,Federal Contract Tower,0,4,39,0,43,0,0,75,1,76,0,4,114,1,119,126,0,126,245
07/08/2008,BAF,MA,ANE,EN,Federal Contract Tower,0,1,41,2,44,0,0,51,6,57,0,1,92,8,101,134,0,134,235
07/09/2008,BAF,MA,ANE,EN,Federal Contract Tower,0,1,14,9,24,0,0,49,7,56,0,1,63,16,80,66,8,74,154
07/10/2008,BAF,MA,ANE,EN,Federal Contract Tower,0,1,26,2,29,0,0,128,15,143,0,1,154,17,172,132,16,148,320
07/11/2008,BAF,MA,ANE,EN,Federal Contract Tower,0,3,20,8,31,0,1,131,11,143,0,4,151,19,174,134,16,150,324
07/12/2008,BAF,MA,ANE,EN,Federal Contract Tower,0,0,14,0,14,0,0,203,0,203,0,0,217,0,217,86,0,86,303
07/13/2008,BAF,MA,ANE,EN,Federal Contract Tower,0,2,12,0,14,0,2,97,5,104,0,4,109,5,118,40,0,40,158
07/14/2008,BAF,MA,ANE,EN,Federal Contract Tower,0,3,13,3,19,0,0,53,6,59,0,3,66,9,78,56,2,58,136
07/15/2008,BAF,MA,ANE,EN,Federal Contract Tower,0,1,10,2,13,0,0,131,12,143,0,1,141,14,156,112,0,112,268
07/16/2008,BAF,MA,ANE,EN,Federal Contract Tower,0,3,10,3,16,0,0,149,15,164,0,3,159,18,180,96,10,106,286
07/17/2008,BAF,MA,ANE,EN,Federal Contract Tower,0,8,27,1,36,0,0,117,12,129,0,8,144,13,165,98,2,100,265
07/18/2008,BAF,MA,ANE,EN,Federal Contract Tower,0,2,7,3,12,0,0,80,8,88,0,2,87,11,100,52,6,58,158
07/19/2008,BAF,MA,ANE,EN,Federal Contract Tower,0,1,10,0,11,0,0,73,0,73,0,1,83,0,84,72,0,72,156
07/20/2008,BAF,MA,ANE,EN,Federal Contract Tower,0,5,32,0,37,0,1,80,0,81,0,6,112,0,118,84,0,84,202
07/21/2008,BAF,MA,ANE,EN,Federal Contract Tower,0,1,13,3,17,0,0,65,1,66,0,1,78,4,83,72,0,72,155
07/22/2008,BAF,MA,ANE,EN,Federal Contract Tower,0,0,19,8,27,0,0,41,1,42,0,0,60,9,69,108,8,116,185
07/23/2008,BAF,MA,ANE,EN,Federal Contract Tower,0,7,11,5,23,0,3,5,5,13,0,10,16,10,36,10,0,10,46
07/24/2008,BAF,MA,ANE,EN,Federal Contract Tower,0,3,13,2,18,0,0,1,7,8,0,3,14,9,26,4,12,16,42
07/25/2008,BAF,MA,ANE,EN,Federal Contract Tower,0,2,20,4,26,0,0,181,17,198,0,2,201,21,224,100,4,104,328
07/26/2008,BAF,MA,ANE,EN,Federal Contract Tower,0,1,11,1,13,0,0,137,6,143,0,1,148,7,156,60,4,64,220
07/27/2008,BAF,MA,ANE,EN,Federal Contract Tower,0,0,26,0,26,0,0,37,0,37,0,0,63,0,63,38,0,38,101
07/28/2008,BAF,MA,ANE,EN,Federal Contract Tower,0,4,16,2,22,0,0,82,2,84,0,4,98,4,106,116,4,120,226
07/29/2008,BAF,MA,ANE,EN,Federal Contract Tower,0,1,17,4,22,0,0,123,7,130,0,1,140,11,152,106,0,106,258
07/30/2008,BAF,MA,ANE,EN,Federal Contract Tower,0,5,10,6,21,0,0,83,8,91,0,5,93,14,112,82,10,92,204
07/31/2008,BAF,MA,ANE,EN,Federal Contract Tower,0,4,24,9,37,0,0,46,10,56,0,4,70,19,93,22,2,24,117
08/01/2008,BAF,MA,ANE,EN,Federal Contract Tower,0,4,15,4,23,0,2,121,5,128,0,6,136,9,151,90,4,94,245
08/02/2008,BAF,MA,ANE,EN,Federal Contract Tower,0,2,23,0,25,0,0,77,0,77,0,2,100,0,102,130,0,130,232
08/03/2008,BAF,MA,ANE,EN,Federal Contract Tower,0,2,14,2,18,0,0,99,2,101,0,2,113,4,119,82,20,102,221
08/04/2008,BAF,MA,ANE,EN,Federal Contract Tower,0,0,7,0,7,0,0,65,8,73,0,0,72,8,80,100,0,100,180
08/05/2008,BAF,MA,ANE,EN,Federal Contract Tower,0,5,22,2,29,0,0,96,10,106,0,5,118,12,135,122,10,132,267
08/06/2008,BAF,MA,ANE,EN,Federal Contract Tower,0,3,12,9,24,0,0,8,0,8,0,3,20,9,32,22,0,22,54
08/07/2008,BAF,MA,ANE,EN,Federal Contract Tower,0,0,14,2,16,0,0,25,5,30,0,0,39,7,46,30,8,38,84
08/08/2008,BAF,MA,ANE,EN,Federal Contract Tower,0,1,30,9,40,0,0,34,8,42,0,1,64,17,82,42,22,64,146
08/09/2008,BAF,MA,ANE,EN,Federal Contract Tower,0,1,13,1,15,0,0,114,4,118,0,1,127,5,133,146,2,148,281
08/10/2008,BAF,MA,ANE,EN,Federal Contract Tower,0,2,14,0,16,0,0,72,0,72,0,2,86,0,88,46,0,46,134
08/11/2008,BAF,MA,ANE,EN,Federal Contract Tower,0,2,29,4,35,0,0,0,0,0,0,2,29,4,35,2,0,2,37
08/12/2008,BAF,MA,ANE,EN,Federal Contract Tower,0,2,20,13,35,0,0,74,17,91,0,2,94,30,126,104,24,128,254
08/13/2008,BAF,MA,ANE,EN,Federal Contract Tower,0,0,21,5,26,0,0,150,7,157,0,0,171,12,183,154,8,162,345
08/14/2008,BAF,MA,ANE,EN,Federal Contract Tower,0,0,21,6,27,0,0,75,34,109,0,0,96,40,136,104,38,142,278
08/15/2008,BAF,MA,ANE,EN,Federal Contract Tower,0,3,19,5,27,0,0,72,9,81,0,3,91,14,108,42,16,58,166
08/16/2008,BAF,MA,ANE,EN,Federal Contract Tower,0,3,13,0,16,0,0,124,0,124,0,3,137,0,140,64,0,64,204
08/17/2008,BAF,MA,ANE,EN,Federal Contract Tower,0,0,26,1,27,0,0,209,0,209,0,0,235,1,236,94,0,94,330
08/18/2008,BAF,MA,ANE,EN,Federal Contract Tower,0,0,17,2,19,0,0,83,1,84,0,0,100,3,103,100,0,100,203
08/19/2008,BAF,MA,ANE,EN,Federal Contract Tower,0,1,9,0,10,0,0,61,8,69,0,1,70,8,79,88,0,88,167
08/20/2008,BAF,MA,ANE,EN,Federal Contract Tower,0,2,13,2,17,0,0,102,3,105,0,2,115,5,122,110,4,114,236
08/21/2008,BAF,MA,ANE,EN,Federal Contract Tower,0,5,10,4,19,0,1,149,17,167,0,6,159,21,186,168,14,182,368
08/22/2008,BAF,MA,ANE,EN,Federal Contract Tower,0,2,11,9,22,0,0,116,16,132,0,2,127,25,154,102,38,140,294
08/23/2008,BAF,MA,ANE,EN,Federal Contract Tower,0,2,14,7,23,0,0,158,14,172,0,2,172,21,195,96,38,134,329
08/24/2008,BAF,MA,ANE,EN,Federal Contract Tower,0,0,24,1,25,0,0,120,0,120,0,0,144,1,145,164,0,164,309
08/25/2008,BAF,MA,ANE,EN,Federal Contract Tower,0,1,19,6,26,0,0,61,13,74,0,1,80,19,100,36,2,38,138
08/26/2008,BAF,MA,ANE,EN,Federal Contract Tower,0,2,12,4,18,0,1,97,14,112,0,3,109,18,130,126,0,126,256
08/27/2008,BAF,MA,ANE,EN,Federal Contract Tower,0,2,26,4,32,0,0,123,15,138,0,2,149,19,170,106,8,114,284
08/28/2008,BAF,MA,ANE,EN,Federal Contract Tower,0,1,15,4,20,0,0,103,30,133,0,1,118,34,153,82,14,96,249
08/29/2008,BAF,MA,ANE,EN,Federal Contract Tower,0,4,10,0,14,0,2,84,10,96,0,6,94,10,110,46,0,46,156
08/30/2008,BAF,MA,ANE,EN,Federal Contract Tower,0,1,32,0,33,0,0,41,0,41,0,1,73,0,74,50,0,50,124
08/31/2008,BAF,MA,ANE,EN,Federal Contract Tower,0,3,14,0,17,0,0,139,0,139,0,3,153,0,156,118,0,118,274
09/01/2008,BAF,MA,ANE,EN,Federal Contract Tower,0,2,17,0,19,0,1,119,0,120,0,3,136,0,139,70,0,70,209
09/02/2008,BAF,MA,ANE,EN,Federal Contract Tower,0,4,9,2,15,0,2,83,10,95,0,6,92,12,110,68,0,68,178
09/03/2008,BAF,MA,ANE,EN,Federal Contract Tower,0,2,22,4,28,0,0,91,12,103,0,2,113,16,131,46,6,52,183
09/04/2008,BAF,MA,ANE,EN,Federal Contract Tower,0,1,16,9,26,0,0,88,22,110,0,1,104,31,136,76,20,96,232
09/05/2008,BAF,MA,ANE,EN,Federal Contract Tower,0,5,31,7,43,0,0,105,17,122,0,5,136,24,165,76,14,90,255
09/06/2008,BAF,MA,ANE,EN,Federal Contract Tower,0,8,17,0,25,0,0,0,0,0,0,8,17,0,25,0,0,0,25
09/07/2008,BAF,MA,ANE,EN,Federal Contract Tower,0,2,20,3,25,0,0,105,6,111,0,2,125,9,136,84,28,112,248
09/08/2008,BAF,MA,ANE,EN,Federal Contract Tower,0,3,9,1,13,0,0,63,5,68,0,3,72,6,81,68,0,68,149
09/09/2008,BAF,MA,ANE,EN,Federal Contract Tower,0,1,8,1,10,0,0,7,6,13,0,1,15,7,23,22,0,22,45
09/10/2008,BAF,MA,ANE,EN,Federal Contract Tower,0,7,9,5,21,0,0,78,5,83,0,7,87,10,104,96,8,104,208
09/11/2008,BAF,MA,ANE,EN,Federal Contract Tower,0,6,24,1,31,0,0,104,11,115,0,6,128,12,146,76,4,80,226
09/12/2008,BAF,MA,ANE,EN,Federal Contract Tower,1,1,26,11,39,0,0,61,23,84,1,1,87,34,123,88,22,110,233
09/13/2008,BAF,MA,ANE,EN,Federal Contract Tower,0,8,25,4,37,0,0,47,5,52,0,8,72,9,89,78,12,90,179
09/14/2008,BAF,MA,ANE,EN,Federal Contract Tower,0,0,39,2,41,0,0,5,0,5,0,0,44,2,46,0,4,4,50
09/15/2008,BAF,MA,ANE,EN,Federal Contract Tower,0,1,7,1,9,0,0,44,2,46,0,1,51,3,55,48,0,48,103
09/16/2008,BAF,MA,ANE,EN,Federal Contract Tower,0,3,22,4,29,0,0,78,10,88,0,3,100,14,117,96,6,102,219
09/17/2008,BAF,MA,ANE,EN,Federal Contract Tower,0,2,11,6,19,0,0,96,3,99,0,2,107,9,118,102,8,110,228
09/18/2008,BAF,MA,ANE,EN,Federal Contract Tower,0,4,17,6,27,0,0,79,13,92,0,4,96,19,119,78,26,104,223
09/19/2008,BAF,MA,ANE,EN,Federal Contract Tower,0,1,16,3,20,0,0,144,9,153,0,1,160,12,173,88,22,110,283
09/20/2008,BAF,MA,ANE,EN,Federal Contract Tower,0,3,12,0,15,0,0,124,2,126,0,3,136,2,141,176,0,176,317
09/21/2008,BAF,MA,ANE,EN,Federal Contract Tower,0,1,21,1,23,0,0,173,2,175,0,1,194,3,198,122,0,122,320
09/22/2008,BAF,MA,ANE,EN,Federal Contract Tower,0,1,33,6,40,0,0,92,5,97,0,1,125,11,137,50,2,52,189
09/23/2008,BAF,MA,ANE,EN,Federal Contract Tower,0,2,39,3,44,0,1,112,4,117,0,3,151,7,161,104,0,104,265
09/24/2008,BAF,MA,ANE,EN,Federal Contract Tower,0,1,6,0,7,0,0,123,6,129,0,1,129,6,136,90,0,90,226
09/25/2008,BAF,MA,ANE,EN,Federal Contract Tower,0,7,14,10,31,0,0,70,4,74,0,7,84,14,105,96,32,128,233
09/26/2008,BAF,MA,ANE,EN,Federal Contract Tower,0,3,6,0,9,0,0,0,0,0,0,3,6,0,9,0,0,0,9
09/27/2008,BAF,MA,ANE,EN,Federal Contract Tower,0,1,4,0,5,0,0,0,0,0,0,1,4,0,5,0,0,0,5
09/28/2008,BAF,MA,ANE,EN,Federal Contract Tower,0,4,41,0,45,0,0,41,0,41,0,4,82,0,86,58,0,58,144
09/29/2008,BAF,MA,ANE,EN,Federal Contract Tower,0,2,16,0,18,0,0,85,0,85,0,2,101,0,103,150,0,150,253
09/30/2008,BAF,MA,ANE,EN,Federal Contract Tower,0,1,31,8,40,0,1,83,4,88,0,2,114,12,128,96,4,100,228
10/01/2008,BAF,MA,ANE,EN,Federal Contract Tower,0,1,2,10,13,0,0,27,13,40,0,1,29,23,53,26,14,40,93
10/02/2008,BAF,MA,ANE,EN,Federal Contract Tower,0,2,20,1,23,0,0,55,7,62,0,2,75,8,85,52,4,56,141
10/03/2008,BAF,MA,ANE,EN,Federal Contract Tower,0,1,6,6,13,0,1,59,7,67,0,2,65,13,80,72,6,78,158
10/04/2008,BAF,MA,ANE,EN,Federal Contract Tower,0,2,12,4,18,0,1,96,10,107,0,3,108,14,125,88,0,88,213
10/05/2008,BAF,MA,ANE,EN,Federal Contract Tower,0,2,26,3,31,0,0,119,6,125,0,2,145,9,156,96,4,100,256
10/06/2008,BAF,MA,ANE,EN,Federal Contract Tower,0,2,9,0,11,0,0,61,0,61,0,2,70,0,72,82,0,82,154
10/07/2008,BAF,MA,ANE,EN,Federal Contract Tower,2,0,10,4,16,0,0,108,13,121,2,0,118,17,137,122,0,122,259
10/08/2008,BAF,MA,ANE,EN,Federal Contract Tower,1,2,17,3,23,0,0,99,6,105,1,2,116,9,128,164,8,172,300
10/09/2008,BAF,MA,ANE,EN,Federal Contract Tower,0,1,10,2,13,0,0,61,9,70,0,1,71,11,83,74,22,96,179
10/10/2008,BAF,MA,ANE,EN,Federal Contract Tower,0,2,15,6,23,0,0,102,5,107,0,2,117,11,130,78,0,78,208
10/11/2008,BAF,MA,ANE,EN,Federal Contract Tower,0,3,11,0,14,0,0,157,0,157,0,3,168,0,171,104,0,104,275
10/12/2008,BAF,MA,ANE,EN,Federal Contract Tower,0,1,16,0,17,0,0,157,0,157,0,1,173,0,174,86,0,86,260
10/13/2008,BAF,MA,ANE,EN,Federal Contract Tower,0,0,5,0,5,0,0,115,0,115,0,0,120,0,120,96,0,96,216
10/14/2008,BAF,MA,ANE,EN,Federal Contract Tower,0,6,12,5,23,0,3,49,0,52,0,9,61,5,75,86,0,86,161
10/15/2008,BAF,MA,ANE,EN,Federal Contract Tower,0,0,15,4,19,0,0,98,7,105,0,0,113,11,124,108,8,116,240
10/16/2008,BAF,MA,ANE,EN,Federal Contract Tower,0,2,15,9,26,0,2,10,4,16,0,4,25,13,42,10,14,24,66
10/17/2008,BAF,MA,ANE,EN,Federal Contract Tower,0,4,8,6,18,0,0,86,15,101,0,4,94,21,119,44,36,80,199
10/18/2008,BAF,MA,ANE,EN,Federal Contract Tower,0,1,14,2,17,0,0,138,0,138,0,1,152,2,155,90,4,94,249
10/19/2008,BAF,MA,ANE,EN,Federal Contract Tower,0,2,10,1,13,0,0,103,0,103,0,2,113,1,116,76,0,76,192
10/20/2008,BAF,MA,ANE,EN,Federal Contract Tower,0,2,9,0,11,0,0,88,4,92,0,2,97,4,103,88,0,88,191
10/21/2008,BAF,MA,ANE,EN,Federal Contract Tower,0,1,11,8,20,0,0,37,9,46,0,1,48,17,66,28,12,40,106
10/22/2008,BAF,MA,ANE,EN,Federal Contract Tower,0,7,14,6,27,0,1,36,6,43,0,8,50,12,70,56,14,70,140
10/23/2008,BAF,MA,ANE,EN,Federal Contract Tower,0,1,17,4,22,0,0,106,26,132,0,1,123,30,154,84,6,90,244
10/24/2008,BAF,MA,ANE,EN,Federal Contract Tower,0,0,30,8,38,0,0,103,13,116,0,0,133,21,154,162,6,168,322
10/25/2008,BAF,MA,ANE,EN,Federal Contract Tower,0,2,11,0,13,0,0,32,0,32,0,2,43,0,45,48,0,48,93
10/26/2008,BAF,MA,ANE,EN,Federal Contract Tower,0,0,15,0,15,0,0,171,0,171,0,0,186,0,186,122,0,122,308
10/27/2008,BAF,MA,ANE,EN,Federal Contract Tower,0,1,9,6,16,0,0,82,4,86,0,1,91,10,102,92,0,92,194
10/28/2008,BAF,MA,ANE,EN,Federal Contract Tower,0,3,8,2,13,0,0,0,0,0,0,3,8,2,13,0,0,0,13
10/29/2008,BAF,MA,ANE,EN,Federal Contract Tower,0,7,18,5,30,0,0,26,15,41,0,7,44,20,71,26,12,38,109
10/30/2008,BAF,MA,ANE,EN,Federal Contract Tower,0,1,18,7,26,0,0,73,14,87,0,1,91,21,113,74,10,84,197
10/31/2008,BAF,MA,ANE,EN,Federal Contract Tower,0,2,11,6,19,0,0,110,10,120,0,2,121,16,139,64,12,76,215
11/01/2008,BAF,MA,ANE,EN,Federal Contract Tower,0,1,18,6,25,0,0,114,24,138,0,1,132,30,163,106,6,112,275
11/02/2008,BAF,MA,ANE,EN,Federal Contract Tower,0,0,17,0,17,0,0,176,5,181,0,0,193,5,198,96,0,96,294
11/03/2008,BAF,MA,ANE,EN,Federal Contract Tower,0,2,17,0,19,0,1,36,1,38,0,3,53,1,57,88,0,88,145
11/04/2008,BAF,MA,ANE,EN,Federal Contract Tower,0,0,11,8,19,0,0,59,16,75,0,0,70,24,94,100,6,106,200
11/05/2008,BAF,MA,ANE,EN,Federal Contract Tower,0,0,11,4,15,0,0,56,2,58,0,0,67,6,73,54,12,66,139
11/06/2008,BAF,MA,ANE,EN,Federal Contract Tower,0,4,32,3,39,0,0,0,2,2,0,4,32,5,41,4,0,4,45
11/07/2008,BAF,MA,ANE,EN,Federal Contract Tower,0,2,27,9,38,0,0,9,0,9,0,2,36,9,47,18,0,18,65
11/08/2008,BAF,MA,ANE,EN,Federal Contract Tower,0,1,33,0,34,0,0,2,0,2,0,1,35,0,36,0,0,0,36
11/09/2008,BAF,MA,ANE,EN,Federal Contract Tower,0,4,16,0,20,0,0,159,0,159,0,4,175,0,179,88,0,88,267
11/10/2008,BAF,MA,ANE,EN,Federal Contract Tower,0,0,6,1,7,0,0,50,0,50,0,0,56,1,57,36,0,36,93
11/11/2008,BAF,MA,ANE,EN,Federal Contract Tower,0,1,4,1,6,0,0,65,6,71,0,1,69,7,77,60,8,68,145
11/12/2008,BAF,MA,ANE,EN,Federal Contract Tower,0,0,7,1,8,0,0,81,4,85,0,0,88,5,93,86,0,86,179
11/13/2008,BAF,MA,ANE,EN,Federal Contract Tower,0,2,15,8,25,0,0,12,0,12,0,2,27,8,37,12,4,16,53
11/14/2008,BAF,MA,ANE,EN,Federal Contract Tower,0,1,15,0,16,0,0,0,0,0,0,1,15,0,16,0,0,0,16
11/15/2008,BAF,MA,ANE,EN,Federal Contract Tower,0,1,4,0,5,0,0,0,0,0,0,1,4,0,5,0,0,0,5
11/16/2008,BAF,MA,ANE,EN,Federal Contract Tower,2,2,9,0,13,0,0,29,0,29,2,2,38,0,42,2,0,2,44
11/17/2008,BAF,MA,ANE,EN,Federal Contract Tower,0,2,31,6,39,0,0,72,2,74,0,2,103,8,113,88,2,90,203
11/18/2008,BAF,MA,ANE,EN,Federal Contract Tower,1,3,2,7,13,0,0,54,9,63,1,3,56,16,76,60,6,66,142
11/19/2008,BAF,MA,ANE,EN,Federal Contract Tower,0,2,16,0,18,0,0,53,3,56,0,2,69,3,74,30,4,34,108
11/20/2008,BAF,MA,ANE,EN,Federal Contract Tower,0,1,7,10,18,0,0,81,24,105,0,1,88,34,123,48,18,66,189
11/21/2008,BAF,MA,ANE,EN,Federal Contract Tower,0,3,14,4,21,0,0,86,6,92,0,3,100,10,113,64,4,68,181
11/22/2008,BAF,MA,ANE,EN,Federal Contract Tower,0,2,5,0,7,0,0,27,0,27,0,2,32,0,34,14,0,14,48
11/23/2008,BAF,MA,ANE,EN,Federal Contract Tower,0,1,16,0,17,0,0,173,0,173,0,1,189,0,190,104,0,104,294
11/24/2008,BAF,MA,ANE,EN,Federal Contract Tower,0,0,13,6,19,0,0,78,3,81,0,0,91,9,100,66,10,76,176
11/25/2008,BAF,MA,ANE,EN,Federal Contract Tower,0,2,9,4,15,0,0,6,6,12,0,2,15,10,27,0,0,0,27
11/26/2008,BAF,MA,ANE,EN,Federal Contract Tower,0,5,10,5,20,0,0,64,0,64,0,5,74,5,84,44,4,48,132
11/27/2008,BAF,MA,ANE,EN,Federal Contract Tower,0,1,1,0,2,0,0,24,0,24,0,1,25,0,26,14,0,14,40
11/28/2008,BAF,MA,ANE,EN,Federal Contract Tower,0,2,4,0,6,0,0,49,0,49,0,2,53,0,55,60,0,60,115
11/29/2008,BAF,MA,ANE,EN,Federal Contract Tower,0,3,18,0,21,0,2,208,1,211,0,5,226,1,232,122,0,122,354
11/30/2008,BAF,MA,ANE,EN,Federal Contract Tower,0,1,9,0,10,0,0,21,0,21,0,1,30,0,31,0,0,0,31
12/01/2008,BAF,MA,ANE,EN,Federal Contract Tower,0,12,9,0,21,0,0,21,0,21,0,12,30,0,42,14,0,14,56
12/02/2008,BAF,MA,ANE,EN,Federal Contract Tower,0,8,7,2,17,0,0,50,19,69,0,8,57,21,86,56,18,74,160
12/03/2008,BAF,MA,ANE,EN,Federal Contract Tower,0,1,12,4,17,0,0,127,12,139,0,1,139,16,156,112,20,132,288
12/04/2008,BAF,MA,ANE,EN,Federal Contract Tower,0,1,13,6,20,0,0,37,8,45,0,1,50,14,65,62,30,92,157
12/05/2008,BAF,MA,ANE,EN,Federal Contract Tower,0,3,9,4,16,0,0,70,22,92,0,3,79,26,108,70,12,82,190
12/06/2008,BAF,MA,ANE,EN,Federal Contract Tower,0,3,21,3,27,0,0,219,8,227,0,3,240,11,254,168,2,170,424
12/07/2008,BAF,MA,ANE,EN,Federal Contract Tower,0,5,9,0,14,0,0,0,0,0,0,5,9,0,14,0,0,0,14
12/08/2008,BAF,MA,ANE,EN,Federal Contract Tower,0,1,22,0,23,0,0,43,0,43,0,1,65,0,66,72,0,72,138
12/09/2008,BAF,MA,ANE,EN,Federal Contract Tower,0,1,8,5,14,0,0,34,8,42,0,1,42,13,56,22,4,26,82
12/10/2008,BAF,MA,ANE,EN,Federal Contract Tower,0,2,9,4,15,0,0,0,0,0,0,2,9,4,15,0,8,8,23
12/11/2008,BAF,MA,ANE,EN,Federal Contract Tower,0,2,4,0,6,0,0,0,0,0,0,2,4,0,6,0,0,0,6
12/12/2008,BAF,MA,ANE,EN,Federal Contract Tower,0,1,7,0,8,0,0,17,4,21,0,1,24,4,29,20,0,20,49
12/13/2008,BAF,MA,ANE,EN,Federal Contract Tower,0,0,16,0,16,0,0,98,1,99,0,0,114,1,115,58,2,60,175
12/14/2008,BAF,MA,ANE,EN,Federal Contract Tower,0,1,14,0,15,0,0,179,0,179,0,1,193,0,194,84,0,84,278
12/15/2008,BAF,MA,ANE,EN,Federal Contract Tower,0,4,8,9,21,0,0,33,8,41,0,4,41,17,62,36,6,42,104
12/16/2008,BAF,MA,ANE,EN,Federal Contract Tower,0,3,11,3,17,0,0,42,5,47,0,3,53,8,64,56,12,68,132
12/17/2008,BAF,MA,ANE,EN,Federal Contract Tower,0,2,16,0,18,0,0,0,0,0,0,2,16,0,18,0,0,0,18
12/18/2008,BAF,MA,ANE,EN,Federal Contract Tower,0,2,15,2,19,0,1,103,18,122,0,3,118,20,141,88,4,92,233
12/19/2008,BAF,MA,ANE,EN,Federal Contract Tower,0,0,3,1,4,0,0,7,5,12,0,0,10,6,16,20,4,24,40
12/20/2008,BAF,MA,ANE,EN,Federal Contract Tower,0,0,2,0,2,0,0,0,0,0,0,0,2,0,2,0,0,0,2
12/21/2008,BAF,MA,ANE,EN,Federal Contract Tower,0,0,1,0,1,0,0,0,0,0,0,0,1,0,1,0,0,0,1
12/22/2008,BAF,MA,ANE,EN,Federal Contract Tower,0,2,2,0,4,0,0,1,6,7,0,2,3,6,11,0,0,0,11
12/23/2008,BAF,MA,ANE,EN,Federal Contract Tower,0,3,12,2,17,0,0,100,12,112,0,3,112,14,129,84,10,94,223
12/24/2008,BAF,MA,ANE,EN,Federal Contract Tower,0,1,1,0,2,0,0,0,0,0,0,1,1,0,2,0,0,0,2
12/25/2008,BAF,MA,ANE,EN,Federal Contract Tower,0,1,0,0,1,0,0,6,0,6,0,1,6,0,7,4,0,4,11
12/26/2008,BAF,MA,ANE,EN,Federal Contract Tower,0,0,6,0,6,0,0,92,0,92,0,0,98,0,98,72,0,72,170
12/27/2008,BAF,MA,ANE,EN,Federal Contract Tower,0,3,9,0,12,0,0,0,0,0,0,3,9,0,12,4,0,4,16
12/28/2008,BAF,MA,ANE,EN,Federal Contract Tower,0,1,5,0,6,0,0,2,0,2,0,1,7,0,8,12,0,12,20
12/29/2008,BAF,MA,ANE,EN,Federal Contract Tower,0,1,4,2,7,0,0,99,8,107,0,1,103,10,114,116,4,120,234
12/30/2008,BAF,MA,ANE,EN,Federal Contract Tower,0,0,1,0,1,0,0,0,6,6,0,0,1,6,7,0,0,0,7
12/31/2008,BAF,MA,ANE,EN,Federal Contract Tower,0,0,4,0,4,0,0,0,0,0,0,0,4,0,4,0,0,0,4
01/01/2009,BAF,MA,ANE,EN,Federal Contract Tower,0,2,4,0,6,0,0,17,0,17,0,2,21,0,23,22,0,22,45
01/02/2009,BAF,MA,ANE,EN,Federal Contract Tower,0,0,12,10,22,0,0,39,7,46,0,0,51,17,68,56,12,68,136
01/03/2009,BAF,MA,ANE,EN,Federal Contract Tower,0,0,5,0,5,0,0,18,0,18,0,0,23,0,23,8,0,8,31
01/04/2009,BAF,MA,ANE,EN,Federal Contract Tower,0,1,12,0,13,0,0,147,2,149,0,1,159,2,162,196,0,196,358
01/05/2009,BAF,MA,ANE,EN,Federal Contract Tower,0,1,14,0,15,0,0,34,0,34,0,1,48,0,49,16,0,16,65
01/06/2009,BAF,MA,ANE,EN,Federal Contract Tower,0,4,7,6,17,0,0,72,5,77,0,4,79,11,94,46,14,60,154
01/07/2009,BAF,MA,ANE,EN,Federal Contract Tower,0,2,1,0,3,0,0,0,0,0,0,2,1,0,3,0,0,0,3
01/08/2009,BAF,MA,ANE,EN,Federal Contract Tower,0,1,8,2,11,0,0,15,2,17,0,1,23,4,28,2,10,12,40
01/09/2009,BAF,MA,ANE,EN,Federal Contract Tower,0,4,6,7,17,0,0,37,10,47,0,4,43,17,64,62,18,80,144
01/10/2009,BAF,MA,ANE,EN,Federal Contract Tower,0,3,11,5,19,0,0,95,10,105,0,3,106,15,124,78,18,96,220
01/11/2009,BAF,MA,ANE,EN,Federal Contract Tower,0,2,4,0,6,0,0,26,0,26,0,2,30,0,32,28,0,28,60
01/12/2009,BAF,MA,ANE,EN,Federal Contract Tower,0,1,10,0,11,0,0,63,2,65,0,1,73,2,76,52,0,52,128
01/13/2009,BAF,MA,ANE,EN,Federal Contract Tower,0,2,11,4,17,0,0,60,12,72,0,2,71,16,89,96,10,106,195
01/14/2009,BAF,MA,ANE,EN,Federal Contract Tower,0,3,9,6,18,0,0,35,15,50,0,3,44,21,68,20,16,36,104
01/15/2009,BAF,MA,ANE,EN,Federal Contract Tower,0,2,4,5,11,0,0,19,10,29,0,2,23,15,40,34,18,52,92
01/16/2009,BAF,MA,ANE,EN,Federal Contract Tower,0,2,10,4,16,0,1,43,12,56,0,3,53,16,72,14,8,22,94
01/17/2009,BAF,MA,ANE,EN,Federal Contract Tower,0,9,10,0,19,0,0,105,0,105,0,9,115,0,124,124,0,124,248
01/18/2009,BAF,MA,ANE,EN,Federal Contract Tower,0,0,6,0,6,0,0,0,0,0,0,0,6,0,6,0,0,0,6
01/19/2009,BAF,MA,ANE,EN,Federal Contract Tower,0,0,9,0,9,0,0,38,0,38,0,0,47,0,47,22,0,22,69
01/20/2009,BAF,MA,ANE,EN,Federal Contract Tower,0,3,14,3,20,0,0,33,6,39,0,3,47,9,59,42,14,56,115
01/21/2009,BAF,MA,ANE,EN,Federal Contract Tower,0,2,9,6,17,0,0,55,4,59,0,2,64,10,76,84,5,89,165
01/22/2009,BAF,MA,ANE,EN,Federal Contract Tower,0,1,8,5,14,0,1,65,8,74,0,2,73,13,88,148,22,170,258
01/23/2009,BAF,MA,ANE,EN,Federal Contract Tower,0,4,15,5,24,0,0,89,5,94,0,4,104,10,118,178,16,194,312
01/24/2009,BAF,MA,ANE,EN,Federal Contract Tower,0,0,3,1,4,0,0,44,0,44,0,0,47,1,48,60,0,60,108
01/25/2009,BAF,MA,ANE,EN,Federal Contract Tower,0,0,13,0,13,0,0,125,0,125,0,0,138,0,138,60,0,60,198
01/26/2009,BAF,MA,ANE,EN,Federal Contract Tower,0,5,4,0,9,0,0,57,0,57,0,5,61,0,66,74,0,74,140
01/27/2009,BAF,MA,ANE,EN,Federal Contract Tower,0,4,10,8,22,0,0,57,14,71,0,4,67,22,93,24,14,38,131
01/28/2009,BAF,MA,ANE,EN,Federal Contract Tower,0,0,0,0,0,0,0,0,0,0,0,0,0,0,0,0,0,0,0
01/29/2009,BAF,MA,ANE,EN,Federal Contract Tower,0,6,7,0,13,0,0,19,6,25,0,6,26,6,38,14,0,14,52
01/30/2009,BAF,MA,ANE,EN,Federal Contract Tower,0,3,7,9,19,0,0,42,3,45,0,3,49,12,64,60,8,68,132
01/31/2009,BAF,MA,ANE,EN,Federal Contract Tower,0,2,8,1,11,0,0,40,0,40,0,2,48,1,51,22,0,22,73
02/01/2009,BAF,MA,ANE,EN,Federal Contract Tower,0,2,14,0,16,0,0,164,0,164,0,2,178,0,180,62,0,62,242
02/02/2009,BAF,MA,ANE,EN,Federal Contract Tower,0,1,19,9,29,0,0,91,23,114,0,1,110,32,143,128,16,144,287
02/03/2009,BAF,MA,ANE,EN,Federal Contract Tower,0,0,6,0,6,0,0,0,0,0,0,0,6,0,6,0,0,0,6
02/04/2009,BAF,MA,ANE,EN,Federal Contract Tower,0,2,6,4,12,0,0,15,7,22,0,2,21,11,34,28,12,40,74
02/05/2009,BAF,MA,ANE,EN,Federal Contract Tower,0,2,9,9,20,0,0,61,11,72,0,2,70,20,92,74,8,82,174
02/06/2009,BAF,MA,ANE,EN,Federal Contract Tower,0,3,11,11,25,0,0,54,4,58,0,3,65,15,83,80,36,116,199
02/07/2009,BAF,MA,ANE,EN,Federal Contract Tower,0,3,12,5,20,0,0,118,18,136,0,3,130,23,156,82,14,96,252
02/08/2009,BAF,MA,ANE,EN,Federal Contract Tower,0,1,6,4,11,0,0,30,0,30,0,1,36,4,41,16,2,18,59
02/09/2009,BAF,MA,ANE,EN,Federal Contract Tower,0,5,8,0,13,0,0,44,3,47,0,5,52,3,60,78,2,80,140
02/10/2009,BAF,MA,ANE,EN,Federal Contract Tower,0,1,7,4,12,0,0,38,3,41,0,1,45,7,53,26,4,30,83
02/11/2009,BAF,MA,ANE,EN,Federal Contract Tower,0,2,13,8,23,0,0,76,8,84,0,2,89,16,107,88,14,102,209
02/12/2009,BAF,MA,ANE,EN,Federal Contract Tower,0,1,4,2,7,0,0,8,4,12,0,1,12,6,19,2,12,14,33
02/13/2009,BAF,MA,ANE,EN,Federal Contract Tower,2,1,4,8,15,0,0,35,9,44,2,1,39,17,59,34,10,44,103
02/14/2009,BAF,MA,ANE,EN,Federal Contract Tower,0,0,17,0,17,0,0,117,0,117,0,0,134,0,134,70,0,70,204
02/15/2009,BAF,MA,ANE,EN,Federal Contract Tower,1,1,8,0,10,0,0,147,0,147,1,1,155,0,157,90,0,90,247
02/16/2009,BAF,MA,ANE,EN,Federal Contract Tower,0,4,9,0,13,0,0,73,0,73,0,4,82,0,86,108,0,108,194
02/17/2009,BAF,MA,ANE,EN,Federal Contract Tower,0,1,9,7,17,0,0,100,1,101,0,1,109,8,118,108,8,116,234
02/18/2009,BAF,MA,ANE,EN,Federal Contract Tower,0,2,7,6,15,0,0,17,2,19,0,2,24,8,34,6,10,16,50
02/19/2009,BAF,MA,ANE,EN,Federal Contract Tower,0,0,3,4,7,0,0,4,4,8,0,0,7,8,15,8,0,8,23
02/20/2009,BAF,MA,ANE,EN,Federal Contract Tower,0,3,10,6,19,0,0,21,4,25,0,3,31,10,44,16,0,16,60
02/21/2009,BAF,MA,ANE,EN,Federal Contract Tower,0,5,10,0,15,0,0,91,0,91,0,5,101,0,106,80,0,80,186
02/22/2009,BAF,MA,ANE,EN,Federal Contract Tower,0,5,3,0,8,0,0,8,0,8,0,5,11,0,16,38,0,38,54
02/23/2009,BAF,MA,ANE,EN,Federal Contract Tower,0,0,4,0,4,0,0,1,2,3,0,0,5,2,7,0,0,0,7
02/24/2009,BAF,MA,ANE,EN,Federal Contract Tower,0,8,12,7,27,0,0,48,12,60,0,8,60,19,87,34,2,36,123
02/25/2009,BAF,MA,ANE,EN,Federal Contract Tower,0,1,8,7,16,0,0,97,29,126,0,1,105,36,142,12,8,20,162
02/26/2009,BAF,MA,ANE,EN,Federal Contract Tower,0,5,8,9,22,0,2,48,5,55,0,7,56,14,77,48,8,56,133
02/27/2009,BAF,MA,ANE,EN,Federal Contract Tower,0,1,10,4,15,0,0,37,4,41,0,1,47,8,56,20,14,34,90
02/28/2009,BAF,MA,ANE,EN,Federal Contract Tower,0,3,6,0,9,0,0,118,0,118,0,3,124,0,127,100,0,100,227
03/01/2009,BAF,MA,ANE,EN,Federal Contract Tower,0,1,14,0,15,0,0,12,0,12,0,1,26,0,27,10,0,10,37
03/02/2009,BAF,MA,ANE,EN,Federal Contract Tower,0,0,0,0,0,0,0,0,0,0,0,0,0,0,0,0,0,0,0
03/03/2009,BAF,MA,ANE,EN,Federal Contract Tower,0,3,6,4,13,0,0,34,5,39,0,3,40,9,52,8,2,10,62
03/04/2009,BAF,MA,ANE,EN,Federal Contract Tower,0,3,14,4,21,0,0,61,10,71,0,3,75,14,92,32,6,38,130
03/05/2009,BAF,MA,ANE,EN,Federal Contract Tower,0,3,12,0,15,0,0,105,0,105,0,3,117,0,120,138,0,138,258
03/06/2009,BAF,MA,ANE,EN,Federal Contract Tower,0,1,9,8,18,0,0,44,4,48,0,1,53,12,66,42,16,58,124
03/07/2009,BAF,MA,ANE,EN,Federal Contract Tower,0,0,17,6,23,0,0,189,9,198,0,0,206,15,221,162,0,162,383
03/08/2009,BAF,MA,ANE,EN,Federal Contract Tower,0,0,14,0,14,0,0,74,0,74,0,0,88,0,88,98,0,98,186
03/09/2009,BAF,MA,ANE,EN,Federal Contract Tower,0,0,4,0,4,0,0,0,0,0,0,0,4,0,4,0,0,0,4
03/10/2009,BAF,MA,ANE,EN,Federal Contract Tower,0,1,19,4,24,0,0,78,17,95,0,1,97,21,119,44,6,50,169
03/11/2009,BAF,MA,ANE,EN,Federal Contract Tower,0,3,12,5,20,0,0,10,14,24,0,3,22,19,44,24,14,38,82
03/12/2009,BAF,MA,ANE,EN,Federal Contract Tower,0,8,9,1,18,0,0,46,4,50,0,8,55,5,68,56,12,68,136
03/13/2009,BAF,MA,ANE,EN,Federal Contract Tower,0,4,15,4,23,0,0,102,5,107,0,4,117,9,130,78,0,78,208
03/14/2009,BAF,MA,ANE,EN,Federal Contract Tower,0,3,14,0,17,0,0,142,0,142,0,3,156,0,159,150,0,150,309
03/15/2009,BAF,MA,ANE,EN,Federal Contract Tower,0,1,6,2,9,0,0,175,0,175,0,1,181,2,184,176,0,176,360
03/16/2009,BAF,MA,ANE,EN,Federal Contract Tower,0,0,5,4,9,0,0,61,10,71,0,0,66,14,80,96,4,100,180
03/17/2009,BAF,MA,ANE,EN,Federal Contract Tower,0,4,10,1,15,0,1,76,7,84,0,5,86,8,99,70,22,92,191
03/18/2009,BAF,MA,ANE,EN,Federal Contract Tower,0,0,14,0,14,0,0,60,8,68,0,0,74,8,82,66,6,72,154
03/19/2009,BAF,MA,ANE,EN,Federal Contract Tower,0,3,9,1,13,0,0,22,0,22,0,3,31,1,35,50,0,50,85
03/20/2009,BAF,MA,ANE,EN,Federal Contract Tower,0,5,10,4,19,0,0,71,10,81,0,5,81,14,100,68,10,78,178
03/21/2009,BAF,MA,ANE,EN,Federal Contract Tower,0,0,10,6,16,0,0,159,0,159,0,0,169,6,175,132,0,132,307
03/22/2009,BAF,MA,ANE,EN,Federal Contract Tower,0,1,10,0,11,0,0,99,0,99,0,1,109,0,110,66,0,66,176
03/23/2009,BAF,MA,ANE,EN,Federal Contract Tower,0,2,9,0,11,0,0,37,2,39,0,2,46,2,50,12,0,12,62
03/24/2009,BAF,MA,ANE,EN,Federal Contract Tower,0,0,8,0,8,0,0,22,6,28,0,0,30,6,36,6,18,24,60
03/25/2009,BAF,MA,ANE,EN,Federal Contract Tower,0,2,13,6,21,0,0,127,16,143,0,2,140,22,164,142,20,162,326
03/26/2009,BAF,MA,ANE,EN,Federal Contract Tower,0,2,14,6,22,0,0,62,6,68,0,2,76,12,90,74,10,84,174
03/27/2009,BAF,MA,ANE,EN,Federal Contract Tower,0,0,6,9,15,0,0,80,26,106,0,0,86,35,121,118,22,140,261
03/28/2009,BAF,MA,ANE,EN,Federal Contract Tower,0,4,20,0,24,0,0,184,7,191,0,4,204,7,215,100,0,100,315
03/29/2009,BAF,MA,ANE,EN,Federal Contract Tower,0,2,21,0,23,0,0,0,0,0,0,2,21,0,23,0,0,0,23
03/30/2009,BAF,MA,ANE,EN,Federal Contract Tower,0,1,18,11,30,0,0,8,8,16,0,1,26,19,46,0,2,2,48
03/31/2009,BAF,MA,ANE,EN,Federal Contract Tower,0,0,10,10,20,0,0,112,16,128,0,0,122,26,148,108,12,120,268
04/01/2009,BAF,MA,ANE,EN,Federal Contract Tower,0,1,23,7,31,0,0,30,9,39,0,1,53,16,70,54,8,62,132
04/02/2009,BAF,MA,ANE,EN,Federal Contract Tower,0,3,3,6,12,0,0,45,13,58,0,3,48,19,70,88,20,108,178
04/03/2009,BAF,MA,ANE,EN,Federal Contract Tower,0,2,17,2,21,0,0,0,0,0,0,2,17,2,21,6,0,6,27
04/04/2009,BAF,MA,ANE,EN,Federal Contract Tower,0,1,9,10,20,0,0,6,2,8,0,1,15,12,28,30,6,36,64
04/05/2009,BAF,MA,ANE,EN,Federal Contract Tower,0,3,11,3,17,0,0,56,30,86,0,3,67,33,103,24,42,66,169
04/06/2009,BAF,MA,ANE,EN,Federal Contract Tower,0,1,10,0,11,0,0,22,0,22,0,1,32,0,33,32,0,32,65
04/07/2009,BAF,MA,ANE,EN,Federal Contract Tower,0,5,9,11,25,0,0,15,2,17,0,5,24,13,42,22,18,40,82
04/08/2009,BAF,MA,ANE,EN,Federal Contract Tower,0,1,7,5,13,0,0,60,23,83,0,1,67,28,96,100,12,112,208
04/09/2009,BAF,MA,ANE,EN,Federal Contract Tower,0,1,21,3,25,0,1,96,22,119,0,2,117,25,144,24,20,44,188
04/10/2009,BAF,MA,ANE,EN,Federal Contract Tower,0,1,9,3,13,0,0,94,8,102,0,1,103,11,115,120,12,132,247
04/11/2009,BAF,MA,ANE,EN,Federal Contract Tower,0,1,11,0,12,0,0,17,0,17,0,1,28,0,29,44,0,44,73
04/12/2009,BAF,MA,ANE,EN,Federal Contract Tower,0,1,5,0,6,0,0,31,0,31,0,1,36,0,37,22,0,22,59
04/13/2009,BAF,MA,ANE,EN,Federal Contract Tower,0,2,12,8,22,0,0,84,6,90,0,2,96,14,112,60,10,70,182
04/14/2009,BAF,MA,ANE,EN,Federal Contract Tower,0,1,12,7,20,0,0,115,17,132,0,1,127,24,152,132,26,158,310
04/15/2009,BAF,MA,ANE,EN,Federal Contract Tower,0,3,6,3,12,0,0,75,16,91,0,3,81,19,103,80,32,112,215
04/16/2009,BAF,MA,ANE,EN,Federal Contract Tower,0,1,16,7,24,0,0,97,22,119,0,1,113,29,143,166,16,182,325
04/17/2009,BAF,MA,ANE,EN,Federal Contract Tower,0,0,6,7,13,0,0,112,19,131,0,0,118,26,144,58,4,62,206
04/18/2009,BAF,MA,ANE,EN,Federal Contract Tower,0,2,21,1,24,0,0,118,1,119,0,2,139,2,143,128,2,130,273
04/19/2009,BAF,MA,ANE,EN,Federal Contract Tower,0,0,14,0,14,0,0,154,0,154,0,0,168,0,168,140,0,140,308
04/20/2009,BAF,MA,ANE,EN,Federal Contract Tower,0,0,2,3,5,0,0,24,4,28,0,0,26,7,33,10,30,40,73
04/21/2009,BAF,MA,ANE,EN,Federal Contract Tower,0,0,15,0,15,0,0,0,0,0,0,0,15,0,15,2,0,2,17
04/22/2009,BAF,MA,ANE,EN,Federal Contract Tower,0,0,11,11,22,0,0,26,11,37,0,0,37,22,59,46,20,66,125
04/23/2009,BAF,MA,ANE,EN,Federal Contract Tower,0,0,13,4,17,0,0,39,12,51,0,0,52,16,68,6,8,14,82
04/24/2009,BAF,MA,ANE,EN,Federal Contract Tower,0,0,16,5,21,0,1,125,15,141,0,1,141,20,162,82,8,90,252
04/25/2009,BAF,MA,ANE,EN,Federal Contract Tower,0,0,14,1,15,0,0,181,10,191,0,0,195,11,206,156,0,156,362
04/26/2009,BAF,MA,ANE,EN,Federal Contract Tower,0,0,7,0,7,0,0,125,0,125,0,0,132,0,132,128,0,128,260
04/27/2009,BAF,MA,ANE,EN,Federal Contract Tower,0,0,6,2,8,0,0,94,2,96,0,0,100,4,104,146,10,156,260
04/28/2009,BAF,MA,ANE,EN,Federal Contract Tower,0,0,16,7,23,0,0,85,26,111,0,0,101,33,134,104,28,132,266
04/29/2009,BAF,MA,ANE,EN,Federal Contract Tower,0,3,20,6,29,0,0,104,25,129,0,3,124,31,158,138,22,160,318
04/30/2009,BAF,MA,ANE,EN,Federal Contract Tower,0,1,25,10,36,0,0,92,24,116,0,1,117,34,152,72,18,90,242
05/01/2009,BAF,MA,ANE,EN,Federal Contract Tower,0,3,14,4,21,0,0,8,19,27,0,3,22,23,48,6,0,6,54
05/02/2009,BAF,MA,ANE,EN,Federal Contract Tower,0,1,20,11,32,0,0,100,34,134,0,1,120,45,166,92,18,110,276
05/03/2009,BAF,MA,ANE,EN,Federal Contract Tower,0,3,20,5,28,0,0,72,5,77,0,3,92,10,105,72,0,72,177
05/04/2009,BAF,MA,ANE,EN,Federal Contract Tower,0,2,12,0,14,0,0,42,6,48,0,2,54,6,62,62,0,62,124
05/05/2009,BAF,MA,ANE,EN,Federal Contract Tower,0,1,7,10,18,0,0,11,6,17,0,1,18,16,35,18,0,18,53
05/06/2009,BAF,MA,ANE,EN,Federal Contract Tower,0,2,41,9,52,0,0,112,10,122,0,2,153,19,174,78,0,78,252
05/07/2009,BAF,MA,ANE,EN,Federal Contract Tower,0,2,13,10,25,0,0,20,5,25,0,2,33,15,50,42,8,50,100
05/08/2009,BAF,MA,ANE,EN,Federal Contract Tower,0,2,9,9,20,0,2,92,13,107,0,4,101,22,127,110,0,110,237
05/09/2009,BAF,MA,ANE,EN,Federal Contract Tower,0,0,47,0,47,0,0,13,2,15,0,0,60,2,62,40,0,40,102
05/10/2009,BAF,MA,ANE,EN,Federal Contract Tower,0,1,10,0,11,0,0,32,0,32,0,1,42,0,43,18,0,18,61
05/11/2009,BAF,MA,ANE,EN,Federal Contract Tower,0,1,10,9,20,0,0,131,18,149,0,1,141,27,169,190,0,190,359
05/12/2009,BAF,MA,ANE,EN,Federal Contract Tower,0,2,11,6,19,0,0,58,12,70,0,2,69,18,89,78,6,84,173
05/13/2009,BAF,MA,ANE,EN,Federal Contract Tower,0,0,30,9,39,0,0,138,7,145,0,0,168,16,184,122,0,122,306
05/14/2009,BAF,MA,ANE,EN,Federal Contract Tower,0,1,15,4,20,0,0,6,5,11,0,1,21,9,31,8,16,24,55
05/15/2009,BAF,MA,ANE,EN,Federal Contract Tower,0,7,17,5,29,0,0,108,8,116,0,7,125,13,145,154,6,160,305
05/16/2009,BAF,MA,ANE,EN,Federal Contract Tower,0,2,21,0,23,0,0,92,1,93,0,2,113,1,116,114,0,114,230
05/17/2009,BAF,MA,ANE,EN,Federal Contract Tower,0,0,15,0,15,0,0,47,0,47,0,0,62,0,62,70,0,70,132
05/18/2009,BAF,MA,ANE,EN,Federal Contract Tower,0,0,21,13,34,0,0,108,23,131,0,0,129,36,165,74,2,76,241
05/19/2009,BAF,MA,ANE,EN,Federal Contract Tower,0,2,18,9,29,0,0,121,7,128,0,2,139,16,157,106,0,106,263
05/20/2009,BAF,MA,ANE,EN,Federal Contract Tower,0,0,14,10,24,0,0,147,19,166,0,0,161,29,190,120,12,132,322
05/21/2009,BAF,MA,ANE,EN,Federal Contract Tower,0,6,14,5,25,0,0,165,15,180,0,6,179,20,205,168,4,172,377
05/22/2009,BAF,MA,ANE,EN,Federal Contract Tower,0,1,11,0,12,0,0,124,4,128,0,1,135,4,140,102,2,104,244
05/23/2009,BAF,MA,ANE,EN,Federal Contract Tower,0,0,3,13,16,0,0,114,0,114,0,0,117,13,130,68,0,68,198
05/24/2009,BAF,MA,ANE,EN,Federal Contract Tower,0,0,8,0,8,0,0,61,0,61,0,0,69,0,69,96,0,96,165
05/25/2009,BAF,MA,ANE,EN,Federal Contract Tower,0,1,16,0,17,0,0,164,10,174,0,1,180,10,191,48,22,70,261
05/26/2009,BAF,MA,ANE,EN,Federal Contract Tower,0,2,7,0,9,0,0,70,3,73,0,2,77,3,82,70,0,70,152
05/27/2009,BAF,MA,ANE,EN,Federal Contract Tower,0,0,21,12,33,0,0,11,0,11,0,0,32,12,44,6,0,6,50
05/28/2009,BAF,MA,ANE,EN,Federal Contract Tower,0,0,13,4,17,0,0,1,0,1,0,0,14,4,18,0,0,0,18
05/29/2009,BAF,MA,ANE,EN,Federal Contract Tower,0,0,31,13,44,0,0,15,4,19,0,0,46,17,63,44,0,44,107
05/30/2009,BAF,MA,ANE,EN,Federal Contract Tower,0,0,4,0,4,0,0,125,0,125,0,0,129,0,129,118,0,118,247
05/31/2009,BAF,MA,ANE,EN,Federal Contract Tower,0,7,6,0,13,0,5,105,0,110,0,12,111,0,123,70,0,70,193
06/01/2009,BAF,MA,ANE,EN,Federal Contract Tower,0,2,5,9,16,0,2,86,13,101,0,4,91,22,117,144,16,160,277
06/02/2009,BAF,MA,ANE,EN,Federal Contract Tower,0,1,10,1,12,0,0,104,18,122,0,1,114,19,134,124,0,124,258
06/03/2009,BAF,MA,ANE,EN,Federal Contract Tower,0,1,7,0,8,0,0,49,5,54,0,1,56,5,62,90,0,90,152
06/04/2009,BAF,MA,ANE,EN,Federal Contract Tower,0,3,17,0,20,0,0,79,9,88,0,3,96,9,108,68,0,68,176
06/05/2009,BAF,MA,ANE,EN,Federal Contract Tower,0,1,29,0,30,0,0,47,0,47,0,1,76,0,77,42,0,42,119
06/06/2009,BAF,MA,ANE,EN,Federal Contract Tower,0,5,23,4,32,0,0,179,18,197,0,5,202,22,229,158,10,168,397
06/07/2009,BAF,MA,ANE,EN,Federal Contract Tower,0,2,16,0,18,0,0,192,7,199,0,2,208,7,217,124,0,124,341
06/08/2009,BAF,MA,ANE,EN,Federal Contract Tower,0,4,8,0,12,0,0,108,3,111,0,4,116,3,123,120,0,120,243
06/09/2009,BAF,MA,ANE,EN,Federal Contract Tower,0,1,5,8,14,0,0,0,0,0,0,1,5,8,14,0,0,0,14
06/10/2009,BAF,MA,ANE,EN,Federal Contract Tower,0,4,32,14,50,0,0,31,4,35,0,4,63,18,85,46,4,50,135
06/11/2009,BAF,MA,ANE,EN,Federal Contract Tower,0,2,40,18,60,0,0,2,0,2,0,2,42,18,62,8,0,8,70
06/12/2009,BAF,MA,ANE,EN,Federal Contract Tower,0,0,13,5,18,0,0,34,0,34,0,0,47,5,52,22,0,22,74
06/13/2009,BAF,MA,ANE,EN,Federal Contract Tower,0,2,14,1,17,0,1,150,15,166,0,3,164,16,183,114,4,118,301
06/14/2009,BAF,MA,ANE,EN,Federal Contract Tower,0,1,41,3,45,0,0,56,4,60,0,1,97,7,105,76,0,76,181
06/15/2009,BAF,MA,ANE,EN,Federal Contract Tower,0,0,9,4,13,0,0,34,4,38,0,0,43,8,51,16,4,20,71
06/16/2009,BAF,MA,ANE,EN,Federal Contract Tower,0,1,28,7,36,0,0,66,6,72,0,1,94,13,108,66,2,68,176
06/17/2009,BAF,MA,ANE,EN,Federal Contract Tower,0,0,16,7,23,0,0,143,7,150,0,0,159,14,173,96,0,96,269
06/18/2009,BAF,MA,ANE,EN,Federal Contract Tower,0,1,12,10,23,0,0,0,0,0,0,1,12,10,23,0,0,0,23
06/19/2009,BAF,MA,ANE,EN,Federal Contract Tower,0,1,18,10,29,0,0,36,0,36,0,1,54,10,65,40,0,40,105
06/20/2009,BAF,MA,ANE,EN,Federal Contract Tower,0,2,33,0,35,0,0,85,1,86,0,2,118,1,121,140,0,140,261
06/21/2009,BAF,MA,ANE,EN,Federal Contract Tower,0,0,10,2,12,0,0,10,0,10,0,0,20,2,22,38,0,38,60
06/22/2009,BAF,MA,ANE,EN,Federal Contract Tower,0,1,22,17,40,0,0,7,0,7,0,1,29,17,47,10,0,10,57
06/23/2009,BAF,MA,ANE,EN,Federal Contract Tower,0,3,15,18,36,0,0,64,6,70,0,3,79,24,106,88,8,96,202
06/24/2009,BAF,MA,ANE,EN,Federal Contract Tower,0,0,34,12,46,0,0,12,2,14,0,0,46,14,60,24,4,28,88
06/25/2009,BAF,MA,ANE,EN,Federal Contract Tower,0,2,30,10,42,0,1,113,17,131,0,3,143,27,173,136,16,152,325
06/26/2009,BAF,MA,ANE,EN,Federal Contract Tower,0,0,16,4,20,0,0,41,12,53,0,0,57,16,73,34,0,34,107
06/27/2009,BAF,MA,ANE,EN,Federal Contract Tower,0,4,20,0,24,0,0,109,0,109,0,4,129,0,133,84,0,84,217
06/28/2009,BAF,MA,ANE,EN,Federal Contract Tower,0,6,26,0,32,0,0,68,0,68,0,6,94,0,100,76,0,76,176
06/29/2009,BAF,MA,ANE,EN,Federal Contract Tower,0,1,24,7,32,0,0,60,13,73,0,1,84,20,105,64,8,72,177
06/30/2009,BAF,MA,ANE,EN,Federal Contract Tower,0,1,12,5,18,0,0,74,13,87,0,1,86,18,105,32,8,40,145
07/01/2009,BAF,MA,ANE,EN,Federal Contract Tower,0,3,11,0,14,0,0,4,0,4,0,3,15,0,18,14,0,14,32
07/02/2009,BAF,MA,ANE,EN,Federal Contract Tower,0,4,25,4,33,0,0,0,0,0,0,4,25,4,33,0,0,0,33
07/03/2009,BAF,MA,ANE,EN,Federal Contract Tower,0,0,11,0,11,0,0,91,0,91,0,0,102,0,102,120,0,120,222
07/04/2009,BAF,MA,ANE,EN,Federal Contract Tower,0,0,19,0,19,0,0,102,10,112,0,0,121,10,131,52,24,76,207
07/05/2009,BAF,MA,ANE,EN,Federal Contract Tower,0,1,5,0,6,0,0,163,0,163,0,1,168,0,169,86,0,86,255
07/06/2009,BAF,MA,ANE,EN,Federal Contract Tower,0,1,10,1,12,0,0,136,4,140,0,1,146,5,152,46,0,46,198
07/07/2009,BAF,MA,ANE,EN,Federal Contract Tower,0,2,7,7,16,0,0,35,16,51,0,2,42,23,67,18,8,26,93
07/08/2009,BAF,MA,ANE,EN,Federal Contract Tower,0,4,17,3,24,0,0,74,31,105,0,4,91,34,129,74,4,78,207
07/09/2009,BAF,MA,ANE,EN,Federal Contract Tower,0,0,35,13,48,0,0,111,10,121,0,0,146,23,169,154,20,174,343
07/10/2009,BAF,MA,ANE,EN,Federal Contract Tower,0,0,25,7,32,0,0,163,13,176,0,0,188,20,208,154,28,182,390
07/11/2009,BAF,MA,ANE,EN,Federal Contract Tower,0,5,13,0,18,0,0,106,0,106,0,5,119,0,124,94,0,94,218
07/12/2009,BAF,MA,ANE,EN,Federal Contract Tower,0,3,8,0,11,0,0,106,0,106,0,3,114,0,117,52,0,52,169
07/13/2009,BAF,MA,ANE,EN,Federal Contract Tower,0,4,9,9,22,0,2,97,10,109,0,6,106,19,131,90,2,92,223
07/14/2009,BAF,MA,ANE,EN,Federal Contract Tower,0,3,16,9,28,0,0,117,4,121,0,3,133,13,149,106,6,112,261
07/15/2009,BAF,MA,ANE,EN,Federal Contract Tower,0,2,10,7,19,0,0,99,17,116,0,2,109,24,135,70,8,78,213
07/16/2009,BAF,MA,ANE,EN,Federal Contract Tower,0,4,18,5,27,0,0,39,6,45,0,4,57,11,72,58,12,70,142
07/17/2009,BAF,MA,ANE,EN,Federal Contract Tower,0,3,12,4,19,0,0,100,10,110,0,3,112,14,129,90,20,110,239
07/18/2009,BAF,MA,ANE,EN,Federal Contract Tower,0,6,21,0,27,0,1,83,0,84,0,7,104,0,111,112,0,112,223
07/19/2009,BAF,MA,ANE,EN,Federal Contract Tower,0,3,10,0,13,0,2,167,0,169,0,5,177,0,182,68,0,68,250
07/20/2009,BAF,MA,ANE,EN,Federal Contract Tower,0,1,17,0,18,0,0,99,1,100,0,1,116,1,118,58,0,58,176
07/21/2009,BAF,MA,ANE,EN,Federal Contract Tower,0,0,20,2,22,0,0,4,1,5,0,0,24,3,27,2,0,2,29
07/22/2009,BAF,MA,ANE,EN,Federal Contract Tower,0,1,30,10,41,0,0,50,22,72,0,1,80,32,113,62,6,68,181
07/23/2009,BAF,MA,ANE,EN,Federal Contract Tower,0,2,16,4,22,0,0,15,7,22,0,2,31,11,44,4,14,18,62
07/24/2009,BAF,MA,ANE,EN,Federal Contract Tower,0,8,32,4,44,0,0,100,16,116,0,8,132,20,160,90,16,106,266
07/25/2009,BAF,MA,ANE,EN,Federal Contract Tower,0,3,14,1,18,0,0,136,1,137,0,3,150,2,155,90,0,90,245
07/26/2009,BAF,MA,ANE,EN,Federal Contract Tower,0,2,30,0,32,0,0,25,0,25,0,2,55,0,57,0,0,0,57
07/27/2009,BAF,MA,ANE,EN,Federal Contract Tower,0,3,21,8,32,0,0,63,12,75,0,3,84,20,107,48,14,62,169
07/28/2009,BAF,MA,ANE,EN,Federal Contract Tower,0,1,7,5,13,0,0,72,24,96,0,1,79,29,109,120,18,138,247
07/29/2009,BAF,MA,ANE,EN,Federal Contract Tower,0,3,18,10,31,0,0,12,5,17,0,3,30,15,48,4,0,4,52
07/30/2009,BAF,MA,ANE,EN,Federal Contract Tower,0,0,24,5,29,0,0,70,22,92,0,0,94,27,121,88,50,138,259
07/31/2009,BAF,MA,ANE,EN,Federal Contract Tower,0,5,16,0,21,0,0,9,0,9,0,5,25,0,30,4,0,4,34
08/01/2009,BAF,MA,ANE,EN,Federal Contract Tower,0,2,14,6,22,0,0,152,16,168,0,2,166,22,190,84,20,104,294
08/02/2009,BAF,MA,ANE,EN,Federal Contract Tower,0,4,17,5,26,0,0,5,0,5,0,4,22,5,31,8,0,8,39
08/03/2009,BAF,MA,ANE,EN,Federal Contract Tower,0,1,11,0,12,0,0,104,1,105,0,1,115,1,117,110,0,110,227
08/04/2009,BAF,MA,ANE,EN,Federal Contract Tower,0,1,15,12,28,0,0,125,10,135,0,1,140,22,163,102,0,102,265
08/05/2009,BAF,MA,ANE,EN,Federal Contract Tower,0,3,19,13,35,0,0,48,9,57,0,3,67,22,92,34,10,44,136
08/06/2009,BAF,MA,ANE,EN,Federal Contract Tower,0,5,17,8,30,0,0,121,16,137,0,5,138,24,167,104,8,112,279
08/07/2009,BAF,MA,ANE,EN,Federal Contract Tower,0,4,5,7,16,0,0,118,25,143,0,4,123,32,159,34,20,54,213
08/08/2009,BAF,MA,ANE,EN,Federal Contract Tower,0,5,8,0,13,0,0,130,0,130,0,5,138,0,143,82,0,82,225
08/09/2009,BAF,MA,ANE,EN,Federal Contract Tower,0,6,34,0,40,0,0,38,0,38,0,6,72,0,78,46,0,46,124
08/10/2009,BAF,MA,ANE,EN,Federal Contract Tower,0,1,10,4,15,0,0,43,15,58,0,1,53,19,73,30,0,30,103
08/11/2009,BAF,MA,ANE,EN,Federal Contract Tower,0,1,9,4,14,0,0,58,36,94,0,1,67,40,108,88,6,94,202
08/12/2009,BAF,MA,ANE,EN,Federal Contract Tower,0,1,28,4,33,0,0,41,10,51,0,1,69,14,84,48,12,60,144
08/13/2009,BAF,MA,ANE,EN,Federal Contract Tower,0,4,46,19,69,0,0,22,8,30,0,4,68,27,99,22,0,22,121
08/14/2009,BAF,MA,ANE,EN,Federal Contract Tower,0,3,8,4,15,0,0,122,21,143,0,3,130,25,158,60,6,66,224
08/15/2009,BAF,MA,ANE,EN,Federal Contract Tower,0,5,18,0,23,0,0,122,0,122,0,5,140,0,145,92,0,92,237
08/16/2009,BAF,MA,ANE,EN,Federal Contract Tower,0,5,20,0,25,0,0,107,0,107,0,5,127,0,132,90,0,90,222
08/17/2009,BAF,MA,ANE,EN,Federal Contract Tower,0,4,13,0,17,0,0,65,1,66,0,4,78,1,83,80,0,80,163
08/18/2009,BAF,MA,ANE,EN,Federal Contract Tower,0,3,6,5,14,0,0,75,4,79,0,3,81,9,93,38,8,46,139
08/19/2009,BAF,MA,ANE,EN,Federal Contract Tower,0,1,11,1,13,0,0,63,10,73,0,1,74,11,86,70,2,72,158
08/20/2009,BAF,MA,ANE,EN,Federal Contract Tower,0,0,11,2,13,0,0,68,10,78,0,0,79,12,91,102,6,108,199
08/21/2009,BAF,MA,ANE,EN,Federal Contract Tower,0,6,9,6,21,0,0,4,0,4,0,6,13,6,25,6,0,6,31
08/22/2009,BAF,MA,ANE,EN,Federal Contract Tower,0,1,11,3,15,0,0,18,0,18,0,1,29,3,33,56,0,56,89
08/23/2009,BAF,MA,ANE,EN,Federal Contract Tower,0,2,20,5,27,0,0,67,11,78,0,2,87,16,105,50,22,72,177
08/24/2009,BAF,MA,ANE,EN,Federal Contract Tower,0,3,13,0,16,0,0,71,5,76,0,3,84,5,92,82,24,106,198
08/25/2009,BAF,MA,ANE,EN,Federal Contract Tower,0,2,13,4,19,0,0,124,11,135,0,2,137,15,154,62,0,62,216
08/26/2009,BAF,MA,ANE,EN,Federal Contract Tower,0,4,8,0,12,0,0,74,8,82,0,4,82,8,94,70,0,70,164
08/27/2009,BAF,MA,ANE,EN,Federal Contract Tower,0,2,20,0,22,0,0,128,10,138,0,2,148,10,160,106,0,106,266
08/28/2009,BAF,MA,ANE,EN,Federal Contract Tower,0,2,16,0,18,0,0,63,2,65,0,2,79,2,83,72,0,72,155
08/29/2009,BAF,MA,ANE,EN,Federal Contract Tower,0,0,5,0,5,0,0,0,0,0,0,0,5,0,5,0,0,0,5
08/30/2009,BAF,MA,ANE,EN,Federal Contract Tower,0,3,18,0,21,0,0,64,0,64,0,3,82,0,85,46,0,46,131
08/31/2009,BAF,MA,ANE,EN,Federal Contract Tower,0,1,11,0,12,0,0,66,2,68,0,1,77,2,80,90,4,94,174
09/01/2009,BAF,MA,ANE,EN,Federal Contract Tower,0,0,13,0,13,0,0,106,5,111,0,0,119,5,124,60,0,60,184
09/02/2009,BAF,MA,ANE,EN,Federal Contract Tower,0,1,10,8,19,0,0,121,6,127,0,1,131,14,146,116,2,118,264
09/03/2009,BAF,MA,ANE,EN,Federal Contract Tower,0,2,13,2,17,0,0,116,13,129,0,2,129,15,146,100,0,100,246
09/04/2009,BAF,MA,ANE,EN,Federal Contract Tower,0,1,18,4,23,0,0,121,11,132,0,1,139,15,155,74,0,74,229
09/05/2009,BAF,MA,ANE,EN,Federal Contract Tower,0,2,6,3,11,0,0,140,0,140,0,2,146,3,151,80,0,80,231
09/06/2009,BAF,MA,ANE,EN,Federal Contract Tower,0,2,5,2,9,0,0,120,0,120,0,2,125,2,129,34,0,34,163
09/07/2009,BAF,MA,ANE,EN,Federal Contract Tower,0,4,21,0,25,0,0,151,0,151,0,4,172,0,176,92,0,92,268
09/08/2009,BAF,MA,ANE,EN,Federal Contract Tower,0,4,7,0,11,0,0,69,2,71,0,4,76,2,82,52,0,52,134
09/09/2009,BAF,MA,ANE,EN,Federal Contract Tower,0,2,12,1,15,0,0,80,10,90,0,2,92,11,105,16,0,16,121
09/10/2009,BAF,MA,ANE,EN,Federal Contract Tower,0,3,16,3,22,0,0,65,16,81,0,3,81,19,103,54,10,64,167
09/11/2009,BAF,MA,ANE,EN,Federal Contract Tower,0,0,16,6,22,0,0,1,1,2,0,0,17,7,24,0,0,0,24
09/12/2009,BAF,MA,ANE,EN,Federal Contract Tower,0,2,38,12,52,0,0,0,4,4,0,2,38,16,56,12,0,12,68
09/13/2009,BAF,MA,ANE,EN,Federal Contract Tower,0,0,33,4,37,0,0,126,10,136,0,0,159,14,173,50,8,58,231
09/14/2009,BAF,MA,ANE,EN,Federal Contract Tower,0,0,19,2,21,0,0,85,9,94,0,0,104,11,115,94,4,98,213
09/15/2009,BAF,MA,ANE,EN,Federal Contract Tower,0,1,11,5,17,0,0,92,20,112,0,1,103,25,129,98,0,98,227
09/16/2009,BAF,MA,ANE,EN,Federal Contract Tower,0,0,23,11,34,0,0,53,2,55,0,0,76,13,89,60,12,72,161
09/17/2009,BAF,MA,ANE,EN,Federal Contract Tower,0,0,9,12,21,0,0,47,13,60,0,0,56,25,81,52,18,70,151
09/18/2009,BAF,MA,ANE,EN,Federal Contract Tower,0,4,13,11,28,0,2,81,12,95,0,6,94,23,123,42,26,68,191
09/19/2009,BAF,MA,ANE,EN,Federal Contract Tower,0,0,9,0,9,0,0,94,0,94,0,0,103,0,103,112,0,112,215
09/20/2009,BAF,MA,ANE,EN,Federal Contract Tower,0,4,25,1,30,0,0,176,7,183,0,4,201,8,213,162,0,162,375
09/21/2009,BAF,MA,ANE,EN,Federal Contract Tower,0,2,23,21,46,0,0,84,20,104,0,2,107,41,150,68,10,78,228
09/22/2009,BAF,MA,ANE,EN,Federal Contract Tower,0,1,21,14,36,0,0,64,26,90,0,1,85,40,126,52,16,68,194
09/23/2009,BAF,MA,ANE,EN,Federal Contract Tower,0,2,18,19,39,0,0,52,35,87,0,2,70,54,126,68,58,126,252
09/24/2009,BAF,MA,ANE,EN,Federal Contract Tower,0,0,14,7,21,0,0,83,29,112,0,0,97,36,133,108,38,146,279
09/25/2009,BAF,MA,ANE,EN,Federal Contract Tower,0,3,12,12,27,0,0,93,32,125,0,3,105,44,152,24,18,42,194
09/26/2009,BAF,MA,ANE,EN,Federal Contract Tower,0,1,6,0,7,0,0,152,8,160,0,1,158,8,167,168,0,168,335
09/27/2009,BAF,MA,ANE,EN,Federal Contract Tower,0,2,22,0,24,0,0,0,0,0,0,2,22,0,24,0,0,0,24
09/28/2009,BAF,MA,ANE,EN,Federal Contract Tower,0,2,11,10,23,0,0,52,11,63,0,2,63,21,86,66,16,82,168
09/29/2009,BAF,MA,ANE,EN,Federal Contract Tower,0,0,10,7,17,0,0,49,13,62,0,0,59,20,79,76,22,98,177
09/30/2009,BAF,MA,ANE,EN,Federal Contract Tower,0,1,10,8,19,0,0,53,12,65,0,1,63,20,84,62,26,88,172
10/01/2009,BAF,MA,ANE,EN,Federal Contract Tower,0,0,21,12,33,0,0,98,17,115,0,0,119,29,148,62,18,80,228
10/02/2009,BAF,MA,ANE,EN,Federal Contract Tower,0,1,12,11,24,0,0,90,15,105,0,1,102,26,129,90,12,102,231
10/03/2009,BAF,MA,ANE,EN,Federal Contract Tower,0,1,16,0,17,0,0,0,0,0,0,1,16,0,17,0,0,0,17
10/04/2009,BAF,MA,ANE,EN,Federal Contract Tower,0,5,18,0,23,0,0,86,0,86,0,5,104,0,109,56,0,56,165
10/05/2009,BAF,MA,ANE,EN,Federal Contract Tower,0,0,8,0,8,0,0,57,0,57,0,0,65,0,65,78,0,78,143
10/06/2009,BAF,MA,ANE,EN,Federal Contract Tower,0,1,14,12,27,0,0,87,37,124,0,1,101,49,151,80,36,116,267
10/07/2009,BAF,MA,ANE,EN,Federal Contract Tower,0,1,3,4,8,0,0,10,12,22,0,1,13,16,30,12,8,20,50
10/08/2009,BAF,MA,ANE,EN,Federal Contract Tower,0,3,16,9,28,0,0,78,15,93,0,3,94,24,121,54,6,60,181
10/09/2009,BAF,MA,ANE,EN,Federal Contract Tower,0,1,17,15,33,0,0,28,3,31,0,1,45,18,64,48,0,48,112
10/10/2009,BAF,MA,ANE,EN,Federal Contract Tower,0,2,13,0,15,0,0,62,0,62,0,2,75,0,77,66,0,66,143
10/11/2009,BAF,MA,ANE,EN,Federal Contract Tower,0,4,11,0,15,0,0,158,0,158,0,4,169,0,173,110,0,110,283
10/12/2009,BAF,MA,ANE,EN,Federal Contract Tower,0,2,6,0,8,0,0,121,0,121,0,2,127,0,129,154,0,154,283
10/13/2009,BAF,MA,ANE,EN,Federal Contract Tower,0,4,11,2,17,0,0,2,2,4,0,4,13,4,21,0,2,2,23
10/14/2009,BAF,MA,ANE,EN,Federal Contract Tower,0,0,9,10,19,0,0,99,16,115,0,0,108,26,134,72,14,86,220
10/15/2009,BAF,MA,ANE,EN,Federal Contract Tower,0,2,11,19,32,0,0,62,15,77,0,2,73,34,109,70,8,78,187
10/16/2009,BAF,MA,ANE,EN,Federal Contract Tower,0,3,16,11,30,0,0,40,10,50,0,3,56,21,80,24,0,24,104
10/17/2009,BAF,MA,ANE,EN,Federal Contract Tower,0,2,8,9,19,0,2,83,7,92,0,4,91,16,111,90,14,104,215
10/18/2009,BAF,MA,ANE,EN,Federal Contract Tower,0,2,4,0,6,0,0,0,0,0,0,2,4,0,6,0,0,0,6
10/19/2009,BAF,MA,ANE,EN,Federal Contract Tower,0,0,7,0,7,0,0,82,0,82,0,0,89,0,89,10,0,10,99
10/20/2009,BAF,MA,ANE,EN,Federal Contract Tower,0,1,14,4,19,0,0,124,15,139,0,1,138,19,158,96,4,100,258
10/21/2009,BAF,MA,ANE,EN,Federal Contract Tower,0,0,18,8,26,0,0,108,25,133,0,0,126,33,159,106,34,140,299
10/22/2009,BAF,MA,ANE,EN,Federal Contract Tower,0,4,25,11,40,0,0,92,16,108,0,4,117,27,148,128,20,148,296
10/23/2009,BAF,MA,ANE,EN,Federal Contract Tower,0,2,22,9,33,0,0,60,2,62,0,2,82,11,95,52,12,64,159
10/24/2009,BAF,MA,ANE,EN,Federal Contract Tower,0,4,15,0,19,0,0,0,0,0,0,4,15,0,19,0,0,0,19
10/25/2009,BAF,MA,ANE,EN,Federal Contract Tower,0,0,12,0,12,0,0,131,0,131,0,0,143,0,143,126,0,126,269
10/26/2009,BAF,MA,ANE,EN,Federal Contract Tower,0,3,21,2,26,0,0,135,8,143,0,3,156,10,169,148,2,150,319
10/27/2009,BAF,MA,ANE,EN,Federal Contract Tower,2,29,14,0,45,0,0,15,11,26,2,29,29,11,71,2,18,20,91
10/28/2009,BAF,MA,ANE,EN,Federal Contract Tower,0,3,7,8,18,0,0,0,5,5,0,3,7,13,23,0,0,0,23
10/29/2009,BAF,MA,ANE,EN,Federal Contract Tower,0,0,15,4,19,0,0,109,19,128,0,0,124,23,147,114,24,138,285
10/30/2009,BAF,MA,ANE,EN,Federal Contract Tower,0,1,21,1,23,0,0,65,9,74,0,1,86,10,97,36,4,40,137
10/31/2009,BAF,MA,ANE,EN,Federal Contract Tower,0,2,13,0,15,0,0,0,0,0,0,2,13,0,15,0,0,0,15
11/01/2009,BAF,MA,ANE,EN,Federal Contract Tower,0,1,16,3,20,0,0,124,0,124,0,1,140,3,144,54,0,54,198
11/02/2009,BAF,MA,ANE,EN,Federal Contract Tower,0,1,10,1,12,0,0,60,0,60,0,1,70,1,72,64,0,64,136
11/03/2009,BAF,MA,ANE,EN,Federal Contract Tower,0,1,8,3,12,0,0,57,3,60,0,1,65,6,72,78,34,112,184
11/04/2009,BAF,MA,ANE,EN,Federal Contract Tower,0,3,16,0,19,0,1,92,2,95,0,4,108,2,114,112,0,112,226
11/05/2009,BAF,MA,ANE,EN,Federal Contract Tower,0,3,7,0,10,0,0,45,2,47,0,3,52,2,57,66,0,66,123
11/06/2009,BAF,MA,ANE,EN,Federal Contract Tower,0,5,14,0,19,0,0,70,2,72,0,5,84,2,91,50,2,52,143
11/07/2009,BAF,MA,ANE,EN,Federal Contract Tower,0,0,14,4,18,0,0,149,10,159,0,0,163,14,177,94,0,94,271
11/08/2009,BAF,MA,ANE,EN,Federal Contract Tower,0,3,17,0,20,0,0,206,6,212,0,3,223,6,232,162,0,162,394
11/09/2009,BAF,MA,ANE,EN,Federal Contract Tower,0,3,8,0,11,0,0,74,0,74,0,3,82,0,85,126,0,126,211
11/10/2009,BAF,MA,ANE,EN,Federal Contract Tower,0,0,18,8,26,0,0,69,5,74,0,0,87,13,100,88,8,96,196
11/11/2009,BAF,MA,ANE,EN,Federal Contract Tower,0,0,5,3,8,0,0,55,1,56,0,0,60,4,64,38,6,44,108
11/12/2009,BAF,MA,ANE,EN,Federal Contract Tower,0,2,9,7,18,0,0,68,9,77,0,2,77,16,95,80,0,80,175
11/13/2009,BAF,MA,ANE,EN,Federal Contract Tower,0,1,20,3,24,0,0,31,6,37,0,1,51,9,61,18,20,38,99
11/14/2009,BAF,MA,ANE,EN,Federal Contract Tower,0,0,10,0,10,0,0,0,0,0,0,0,10,0,10,0,0,0,10
11/15/2009,BAF,MA,ANE,EN,Federal Contract Tower,0,1,29,0,30,0,0,73,0,73,0,1,102,0,103,64,18,82,185
11/16/2009,BAF,MA,ANE,EN,Federal Contract Tower,0,4,9,6,19,0,0,62,0,62,0,4,71,6,81,96,0,96,177
11/17/2009,BAF,MA,ANE,EN,Federal Contract Tower,0,4,8,5,17,0,0,88,11,99,0,4,96,16,116,66,2,68,184
11/18/2009,BAF,MA,ANE,EN,Federal Contract Tower,0,0,14,8,22,0,0,79,9,88,0,0,93,17,110,64,6,70,180
11/19/2009,BAF,MA,ANE,EN,Federal Contract Tower,0,6,27,11,44,0,0,26,6,32,0,6,53,17,76,28,8,36,112
11/20/2009,BAF,MA,ANE,EN,Federal Contract Tower,0,3,27,5,35,0,0,46,9,55,0,3,73,14,90,38,22,60,150
11/21/2009,BAF,MA,ANE,EN,Federal Contract Tower,0,0,27,0,27,0,0,184,0,184,0,0,211,0,211,112,0,112,323
11/22/2009,BAF,MA,ANE,EN,Federal Contract Tower,0,1,16,1,18,0,0,197,0,197,0,1,213,1,215,80,0,80,295
11/23/2009,BAF,MA,ANE,EN,Federal Contract Tower,0,0,16,7,23,0,0,10,3,13,0,0,26,10,36,46,0,46,82
11/24/2009,BAF,MA,ANE,EN,Federal Contract Tower,0,2,19,7,28,0,0,0,4,4,0,2,19,11,32,2,16,18,50
11/25/2009,BAF,MA,ANE,EN,Federal Contract Tower,0,0,14,8,22,0,0,0,0,0,0,0,14,8,22,2,4,6,28
11/26/2009,BAF,MA,ANE,EN,Federal Contract Tower,0,0,3,0,3,0,0,2,0,2,0,0,5,0,5,0,0,0,5
11/27/2009,BAF,MA,ANE,EN,Federal Contract Tower,0,0,3,0,3,0,0,0,0,0,0,0,3,0,3,0,0,0,3
11/28/2009,BAF,MA,ANE,EN,Federal Contract Tower,0,2,0,0,2,0,0,2,0,2,0,2,2,0,4,0,0,0,4
11/29/2009,BAF,MA,ANE,EN,Federal Contract Tower,0,0,15,0,15,0,0,240,0,240,0,0,255,0,255,166,0,166,421
11/30/2009,BAF,MA,ANE,EN,Federal Contract Tower,0,3,11,10,24,0,0,14,5,19,0,3,25,15,43,22,14,36,79
12/01/2009,BAF,MA,ANE,EN,Federal Contract Tower,0,0,5,6,11,0,0,69,20,89,0,0,74,26,100,38,16,54,154
12/02/2009,BAF,MA,ANE,EN,Federal Contract Tower,0,3,15,6,24,0,0,54,14,68,0,3,69,20,92,46,6,52,144
12/03/2009,BAF,MA,ANE,EN,Federal Contract Tower,0,2,4,10,16,0,0,13,12,25,0,2,17,22,41,4,4,8,49
12/04/2009,BAF,MA,ANE,EN,Federal Contract Tower,0,2,24,8,34,0,0,108,16,124,0,2,132,24,158,102,4,106,264
12/05/2009,BAF,MA,ANE,EN,Federal Contract Tower,0,0,3,5,8,0,0,26,0,26,0,0,29,5,34,16,0,16,50
12/06/2009,BAF,MA,ANE,EN,Federal Contract Tower,0,0,4,0,4,0,0,134,0,134,0,0,138,0,138,58,0,58,196
12/07/2009,BAF,MA,ANE,EN,Federal Contract Tower,0,0,3,0,3,0,0,46,2,48,0,0,49,2,51,40,12,52,103
12/08/2009,BAF,MA,ANE,EN,Federal Contract Tower,0,5,17,10,32,0,0,97,23,120,0,5,114,33,152,78,8,86,238
12/09/2009,BAF,MA,ANE,EN,Federal Contract Tower,0,0,1,0,1,0,0,0,0,0,0,0,1,0,1,0,0,0,1
12/10/2009,BAF,MA,ANE,EN,Federal Contract Tower,0,2,10,10,22,0,2,42,15,59,0,4,52,25,81,22,0,22,103
12/11/2009,BAF,MA,ANE,EN,Federal Contract Tower,0,1,5,7,13,0,0,25,16,41,0,1,30,23,54,18,0,18,72
12/12/2009,BAF,MA,ANE,EN,Federal Contract Tower,0,0,12,0,12,0,0,90,0,90,0,0,102,0,102,96,0,96,198
12/13/2009,BAF,MA,ANE,EN,Federal Contract Tower,0,4,2,0,6,0,0,37,0,37,0,4,39,0,43,32,0,32,75
12/14/2009,BAF,MA,ANE,EN,Federal Contract Tower,0,2,4,4,10,0,0,64,0,64,0,2,68,4,74,34,0,34,108
12/15/2009,BAF,MA,ANE,EN,Federal Contract Tower,0,2,26,11,39,0,0,79,0,79,0,2,105,11,118,86,2,88,206
12/16/2009,BAF,MA,ANE,EN,Federal Contract Tower,1,1,8,8,18,0,0,38,14,52,1,1,46,22,70,24,12,36,106
12/17/2009,BAF,MA,ANE,EN,Federal Contract Tower,0,1,10,6,17,0,0,21,1,22,0,1,31,7,39,0,0,0,39
12/18/2009,BAF,MA,ANE,EN,Federal Contract Tower,0,1,8,3,12,0,0,62,0,62,0,1,70,3,74,92,6,98,172
12/19/2009,BAF,MA,ANE,EN,Federal Contract Tower,0,0,9,0,9,0,0,74,0,74,0,0,83,0,83,76,0,76,159
12/20/2009,BAF,MA,ANE,EN,Federal Contract Tower,0,0,1,0,1,0,0,13,0,13,0,0,14,0,14,0,4,4,18
12/21/2009,BAF,MA,ANE,EN,Federal Contract Tower,0,3,9,3,15,0,0,30,10,40,0,3,39,13,55,22,8,30,85
12/22/2009,BAF,MA,ANE,EN,Federal Contract Tower,0,2,6,4,12,0,0,25,28,53,0,2,31,32,65,22,4,26,91
12/23/2009,BAF,MA,ANE,EN,Federal Contract Tower,0,1,8,1,10,0,0,36,3,39,0,1,44,4,49,10,0,10,59
12/24/2009,BAF,MA,ANE,EN,Federal Contract Tower,0,6,3,0,9,0,0,38,0,38,0,6,41,0,47,40,0,40,87
12/25/2009,BAF,MA,ANE,EN,Federal Contract Tower,0,0,2,0,2,0,0,0,0,0,0,0,2,0,2,0,0,0,2
12/26/2009,BAF,MA,ANE,EN,Federal Contract Tower,0,0,0,0,0,0,0,0,0,0,0,0,0,0,0,0,0,0,0
12/27/2009,BAF,MA,ANE,EN,Federal Contract Tower,0,0,11,0,11,0,2,53,0,55,0,2,64,0,66,46,0,46,112
12/28/2009,BAF,MA,ANE,EN,Federal Contract Tower,0,1,4,4,9,0,0,2,0,2,0,1,6,4,11,0,0,0,11
12/29/2009,BAF,MA,ANE,EN,Federal Contract Tower,0,0,4,2,6,0,0,3,2,5,0,0,7,4,11,0,0,0,11
12/30/2009,BAF,MA,ANE,EN,Federal Contract Tower,0,2,15,8,25,0,1,96,4,101,0,3,111,12,126,116,12,128,254
12/31/2009,BAF,MA,ANE,EN,Federal Contract Tower,0,2,4,2,8,0,0,15,0,15,0,2,19,2,23,10,0,10,33
01/01/2010,BAF,MA,ANE,EN,Federal Contract Tower,0,0,6,0,6,0,0,22,0,22,0,0,28,0,28,0,26,26,54
01/02/2010,BAF,MA,ANE,EN,Federal Contract Tower,0,0,4,0,4,0,0,0,0,0,0,0,4,0,4,0,0,0,4
01/03/2010,BAF,MA,ANE,EN,Federal Contract Tower,0,4,14,0,18,0,0,0,0,0,0,4,14,0,18,0,0,0,18
01/04/2010,BAF,MA,ANE,EN,Federal Contract Tower,0,0,10,2,12,0,0,37,2,39,0,0,47,4,51,26,0,26,77
01/05/2010,BAF,MA,ANE,EN,Federal Contract Tower,0,1,8,4,13,0,0,37,1,38,0,1,45,5,51,32,2,34,85
01/06/2010,BAF,MA,ANE,EN,Federal Contract Tower,0,3,10,4,17,0,0,68,14,82,0,3,78,18,99,70,10,80,179
01/07/2010,BAF,MA,ANE,EN,Federal Contract Tower,0,2,13,7,22,0,0,77,17,94,0,2,90,24,116,58,4,62,178
01/08/2010,BAF,MA,ANE,EN,Federal Contract Tower,0,0,8,0,8,0,0,0,7,7,0,0,8,7,15,0,0,0,15
01/09/2010,BAF,MA,ANE,EN,Federal Contract Tower,0,0,7,0,7,0,0,81,11,92,0,0,88,11,99,40,6,46,145
01/10/2010,BAF,MA,ANE,EN,Federal Contract Tower,0,0,14,0,14,0,0,188,2,190,0,0,202,2,204,100,0,100,304
01/11/2010,BAF,MA,ANE,EN,Federal Contract Tower,0,0,9,8,17,0,0,50,11,61,0,0,59,19,78,50,4,54,132
01/12/2010,BAF,MA,ANE,EN,Federal Contract Tower,2,3,18,13,36,0,0,42,8,50,2,3,60,21,86,22,0,22,108
01/13/2010,BAF,MA,ANE,EN,Federal Contract Tower,0,0,18,14,32,0,0,68,12,80,0,0,86,26,112,32,10,42,154
01/14/2010,BAF,MA,ANE,EN,Federal Contract Tower,0,3,12,6,21,0,0,74,26,100,0,3,86,32,121,72,12,84,205
01/15/2010,BAF,MA,ANE,EN,Federal Contract Tower,0,2,9,11,22,0,0,65,34,99,0,2,74,45,121,48,12,60,181
01/16/2010,BAF,MA,ANE,EN,Federal Contract Tower,0,2,13,0,15,0,0,206,0,206,0,2,219,0,221,170,0,170,391
01/17/2010,BAF,MA,ANE,EN,Federal Contract Tower,0,0,10,0,10,0,0,47,0,47,0,0,57,0,57,52,0,52,109
01/18/2010,BAF,MA,ANE,EN,Federal Contract Tower,0,2,7,0,9,0,0,0,0,0,0,2,7,0,9,0,0,0,9
01/19/2010,BAF,MA,ANE,EN,Federal Contract Tower,0,0,6,0,6,0,0,0,0,0,0,0,6,0,6,0,0,0,6
01/20/2010,BAF,MA,ANE,EN,Federal Contract Tower,0,0,14,9,23,0,0,53,39,92,0,0,67,48,115,90,26,116,231
01/21/2010,BAF,MA,ANE,EN,Federal Contract Tower,0,2,17,12,31,0,0,108,25,133,0,2,125,37,164,54,10,64,228
01/22/2010,BAF,MA,ANE,EN,Federal Contract Tower,0,3,17,6,26,0,0,64,20,84,0,3,81,26,110,30,24,54,164
01/23/2010,BAF,MA,ANE,EN,Federal Contract Tower,0,0,6,0,6,0,0,212,0,212,0,0,218,0,218,74,0,74,292
01/24/2010,BAF,MA,ANE,EN,Federal Contract Tower,0,0,23,0,23,0,0,52,0,52,0,0,75,0,75,80,0,80,155
01/25/2010,BAF,MA,ANE,EN,Federal Contract Tower,0,2,1,0,3,0,0,0,0,0,0,2,1,0,3,0,0,0,3
01/26/2010,BAF,MA,ANE,EN,Federal Contract Tower,0,1,6,13,20,0,0,50,6,56,0,1,56,19,76,22,6,28,104
01/27/2010,BAF,MA,ANE,EN,Federal Contract Tower,0,2,17,6,25,0,0,77,31,108,0,2,94,37,133,60,34,94,227
01/28/2010,BAF,MA,ANE,EN,Federal Contract Tower,0,0,4,0,4,0,0,0,0,0,0,0,4,0,4,0,0,0,4
01/29/2010,BAF,MA,ANE,EN,Federal Contract Tower,0,3,10,1,14,0,0,5,2,7,0,3,15,3,21,0,0,0,21
01/30/2010,BAF,MA,ANE,EN,Federal Contract Tower,0,2,10,0,12,0,0,94,0,94,0,2,104,0,106,126,0,126,232
01/31/2010,BAF,MA,ANE,EN,Federal Contract Tower,0,0,13,0,13,0,0,148,0,148,0,0,161,0,161,112,0,112,273
02/01/2010,BAF,MA,ANE,EN,Federal Contract Tower,0,2,9,11,22,0,0,56,18,74,0,2,65,29,96,52,42,94,190
02/02/2010,BAF,MA,ANE,EN,Federal Contract Tower,0,1,7,8,16,0,0,60,16,76,0,1,67,24,92,66,16,82,174
02/03/2010,BAF,MA,ANE,EN,Federal Contract Tower,0,1,7,6,14,0,0,12,9,21,0,1,19,15,35,18,8,26,61
02/04/2010,BAF,MA,ANE,EN,Federal Contract Tower,0,1,8,7,16,0,0,46,17,63,0,1,54,24,79,30,18,48,127
02/05/2010,BAF,MA,ANE,EN,Federal Contract Tower,0,1,10,3,14,0,2,57,17,76,0,3,67,20,90,36,10,46,136
02/06/2010,BAF,MA,ANE,EN,Federal Contract Tower,0,1,5,5,11,0,0,45,27,72,0,1,50,32,83,34,36,70,153
02/07/2010,BAF,MA,ANE,EN,Federal Contract Tower,0,2,8,0,10,0,0,101,0,101,0,2,109,0,111,70,0,70,181
02/08/2010,BAF,MA,ANE,EN,Federal Contract Tower,0,4,5,0,9,0,0,27,0,27,0,4,32,0,36,36,0,36,72
02/09/2010,BAF,MA,ANE,EN,Federal Contract Tower,0,1,3,6,10,0,0,97,28,125,0,1,100,34,135,108,36,144,279
02/10/2010,BAF,MA,ANE,EN,Federal Contract Tower,0,2,0,0,2,0,0,0,0,0,0,2,0,0,2,0,0,0,2
02/11/2010,BAF,MA,ANE,EN,Federal Contract Tower,0,1,5,6,12,0,0,45,14,59,0,1,50,20,71,0,26,26,97
02/12/2010,BAF,MA,ANE,EN,Federal Contract Tower,0,3,3,15,21,0,0,65,30,95,0,3,68,45,116,56,40,96,212
02/13/2010,BAF,MA,ANE,EN,Federal Contract Tower,0,1,30,4,35,0,0,120,2,122,0,1,150,6,157,124,8,132,289
02/14/2010,BAF,MA,ANE,EN,Federal Contract Tower,0,0,5,0,5,0,0,70,0,70,0,0,75,0,75,24,0,24,99
02/15/2010,BAF,MA,ANE,EN,Federal Contract Tower,0,2,13,0,15,0,0,69,0,69,0,2,82,0,84,100,0,100,184
02/16/2010,BAF,MA,ANE,EN,Federal Contract Tower,0,0,3,0,3,0,0,0,0,0,0,0,3,0,3,0,0,0,3
02/17/2010,BAF,MA,ANE,EN,Federal Contract Tower,0,3,15,8,26,0,0,23,16,39,0,3,38,24,65,24,6,30,95
02/18/2010,BAF,MA,ANE,EN,Federal Contract Tower,0,1,12,18,31,0,0,31,29,60,0,1,43,47,91,8,16,24,115
02/19/2010,BAF,MA,ANE,EN,Federal Contract Tower,0,1,18,5,24,0,0,0,0,0,0,1,18,5,24,28,4,32,56
02/20/2010,BAF,MA,ANE,EN,Federal Contract Tower,0,3,12,0,15,0,0,107,0,107,0,3,119,0,122,96,0,96,218
02/21/2010,BAF,MA,ANE,EN,Federal Contract Tower,0,2,6,0,8,0,0,90,0,90,0,2,96,0,98,20,0,20,118
02/22/2010,BAF,MA,ANE,EN,Federal Contract Tower,0,1,18,0,19,0,0,104,10,114,0,1,122,10,133,130,14,144,277
02/23/2010,BAF,MA,ANE,EN,Federal Contract Tower,0,0,0,3,3,0,0,0,0,0,0,0,0,3,3,0,0,0,3
02/24/2010,BAF,MA,ANE,EN,Federal Contract Tower,0,1,4,0,5,0,0,0,0,0,0,1,4,0,5,0,0,0,5
02/25/2010,BAF,MA,ANE,EN,Federal Contract Tower,0,1,1,0,2,0,0,0,0,0,0,1,1,0,2,0,0,0,2
02/26/2010,BAF,MA,ANE,EN,Federal Contract Tower,0,4,5,0,9,0,0,0,0,0,0,4,5,0,9,2,0,2,11
02/27/2010,BAF,MA,ANE,EN,Federal Contract Tower,0,2,8,0,10,0,0,0,0,0,0,2,8,0,10,0,0,0,10
02/28/2010,BAF,MA,ANE,EN,Federal Contract Tower,0,2,14,0,16,0,0,24,0,24,0,2,38,0,40,44,0,44,84
03/01/2010,BAF,MA,ANE,EN,Federal Contract Tower,0,1,4,10,15,0,0,8,6,14,0,1,12,16,29,2,16,18,47
03/02/2010,BAF,MA,ANE,EN,Federal Contract Tower,0,2,10,10,22,0,0,74,19,93,0,2,84,29,115,78,8,86,201
03/03/2010,BAF,MA,ANE,EN,Federal Contract Tower,0,1,2,3,6,0,0,2,0,2,0,1,4,3,8,6,0,6,14
03/04/2010,BAF,MA,ANE,EN,Federal Contract Tower,0,1,18,9,28,0,0,0,0,0,0,1,18,9,28,60,36,96,124
03/05/2010,BAF,MA,ANE,EN,Federal Contract Tower,0,0,16,7,23,0,0,95,12,107,0,0,111,19,130,68,14,82,212
03/06/2010,BAF,MA,ANE,EN,Federal Contract Tower,0,1,16,0,17,0,0,204,23,227,0,1,220,23,244,180,10,190,434
03/07/2010,BAF,MA,ANE,EN,Federal Contract Tower,0,0,23,0,23,0,0,200,6,206,0,0,223,6,229,166,0,166,395
03/08/2010,BAF,MA,ANE,EN,Federal Contract Tower,0,0,13,0,13,0,0,84,4,88,0,0,97,4,101,42,0,42,143
03/09/2010,BAF,MA,ANE,EN,Federal Contract Tower,0,2,11,4,17,0,0,99,17,116,0,2,110,21,133,78,12,90,223
03/10/2010,BAF,MA,ANE,EN,Federal Contract Tower,0,4,39,6,49,0,0,137,30,167,0,4,176,36,216,221,6,227,443
03/11/2010,BAF,MA,ANE,EN,Federal Contract Tower,0,1,12,10,23,0,0,58,39,97,0,1,70,49,120,74,20,94,214
03/12/2010,BAF,MA,ANE,EN,Federal Contract Tower,0,1,20,2,23,0,0,32,17,49,0,1,52,19,72,36,22,58,130
03/13/2010,BAF,MA,ANE,EN,Federal Contract Tower,0,0,5,12,17,0,0,3,4,7,0,0,8,16,24,10,2,12,36
03/14/2010,BAF,MA,ANE,EN,Federal Contract Tower,0,0,7,0,7,0,0,0,0,0,0,0,7,0,7,0,0,0,7
03/15/2010,BAF,MA,ANE,EN,Federal Contract Tower,0,1,2,0,3,0,0,0,0,0,0,1,2,0,3,0,0,0,3
03/16/2010,BAF,MA,ANE,EN,Federal Contract Tower,0,3,14,8,25,0,0,78,13,91,0,3,92,21,116,26,14,40,156
03/17/2010,BAF,MA,ANE,EN,Federal Contract Tower,0,2,23,15,40,0,0,96,23,119,0,2,119,38,159,100,32,132,291
03/18/2010,BAF,MA,ANE,EN,Federal Contract Tower,0,0,9,11,20,0,0,69,35,104,0,0,78,46,124,94,26,120,244
03/19/2010,BAF,MA,ANE,EN,Federal Contract Tower,0,1,21,12,34,0,1,142,34,177,0,2,163,46,211,104,18,122,333
03/20/2010,BAF,MA,ANE,EN,Federal Contract Tower,0,1,19,0,20,0,0,165,0,165,0,1,184,0,185,116,0,116,301
03/21/2010,BAF,MA,ANE,EN,Federal Contract Tower,0,0,23,0,23,0,0,155,2,157,0,0,178,2,180,86,0,86,266
03/22/2010,BAF,MA,ANE,EN,Federal Contract Tower,0,1,10,6,17,0,0,0,8,8,0,1,10,14,25,0,6,6,31
03/23/2010,BAF,MA,ANE,EN,Federal Contract Tower,0,0,15,4,19,0,0,0,2,2,0,0,15,6,21,0,0,0,21
03/24/2010,BAF,MA,ANE,EN,Federal Contract Tower,0,1,6,18,25,0,0,20,21,41,0,1,26,39,66,0,10,10,76
03/25/2010,BAF,MA,ANE,EN,Federal Contract Tower,0,0,9,8,17,0,0,93,23,116,0,0,102,31,133,84,2,86,219
03/26/2010,BAF,MA,ANE,EN,Federal Contract Tower,0,2,7,7,16,0,0,18,26,44,0,2,25,33,60,0,18,18,78
03/27/2010,BAF,MA,ANE,EN,Federal Contract Tower,0,0,18,4,22,0,0,164,0,164,0,0,182,4,186,142,4,146,332
03/28/2010,BAF,MA,ANE,EN,Federal Contract Tower,0,1,13,0,14,0,0,37,0,37,0,1,50,0,51,42,0,42,93
03/29/2010,BAF,MA,ANE,EN,Federal Contract Tower,0,3,8,0,11,0,0,0,0,0,0,3,8,0,11,0,0,0,11
03/30/2010,BAF,MA,ANE,EN,Federal Contract Tower,0,0,2,0,2,0,0,0,0,0,0,0,2,0,2,0,0,0,2
03/31/2010,BAF,MA,ANE,EN,Federal Contract Tower,0,1,35,10,46,0,0,28,12,40,0,1,63,22,86,8,0,8,94
04/01/2010,BAF,MA,ANE,EN,Federal Contract Tower,0,0,47,5,52,0,0,111,25,136,0,0,158,30,188,140,0,140,328
04/02/2010,BAF,MA,ANE,EN,Federal Contract Tower,0,3,29,8,40,0,1,129,25,155,0,4,158,33,195,124,16,140,335
04/03/2010,BAF,MA,ANE,EN,Federal Contract Tower,0,0,36,0,36,0,0,177,0,177,0,0,213,0,213,238,0,238,451
04/04/2010,BAF,MA,ANE,EN,Federal Contract Tower,0,3,5,2,10,0,0,86,2,88,0,3,91,4,98,24,0,24,122
04/05/2010,BAF,MA,ANE,EN,Federal Contract Tower,0,3,13,6,22,0,0,83,18,101,0,3,96,24,123,104,12,116,239
04/06/2010,BAF,MA,ANE,EN,Federal Contract Tower,0,3,11,6,20,0,0,47,23,70,0,3,58,29,90,86,0,86,176
04/07/2010,BAF,MA,ANE,EN,Federal Contract Tower,0,6,6,6,18,0,0,62,26,88,0,6,68,32,106,84,21,105,211
04/08/2010,BAF,MA,ANE,EN,Federal Contract Tower,0,0,19,8,27,0,0,86,23,109,0,0,105,31,136,120,4,124,260
04/09/2010,BAF,MA,ANE,EN,Federal Contract Tower,0,0,23,8,31,0,0,26,8,34,0,0,49,16,65,22,0,22,87
04/10/2010,BAF,MA,ANE,EN,Federal Contract Tower,0,0,9,8,17,0,0,56,4,60,0,0,65,12,77,20,6,26,103
04/11/2010,BAF,MA,ANE,EN,Federal Contract Tower,0,1,19,6,26,0,0,0,0,0,0,1,19,6,26,148,16,164,190
04/12/2010,BAF,MA,ANE,EN,Federal Contract Tower,0,1,16,0,17,0,0,71,8,79,0,1,87,8,96,46,12,58,154
04/13/2010,BAF,MA,ANE,EN,Federal Contract Tower,0,1,12,7,20,0,0,87,18,105,0,1,99,25,125,120,58,178,303
04/14/2010,BAF,MA,ANE,EN,Federal Contract Tower,0,4,9,15,28,0,0,108,25,133,0,4,117,40,161,134,8,142,303
04/15/2010,BAF,MA,ANE,EN,Federal Contract Tower,0,4,12,11,27,0,0,106,14,120,0,4,118,25,147,126,18,144,291
04/16/2010,BAF,MA,ANE,EN,Federal Contract Tower,0,0,10,10,20,0,0,25,15,40,0,0,35,25,60,56,24,80,140
04/17/2010,BAF,MA,ANE,EN,Federal Contract Tower,0,0,18,0,18,0,0,2,2,4,0,0,20,2,22,26,0,26,48
04/18/2010,BAF,MA,ANE,EN,Federal Contract Tower,0,5,13,0,18,0,0,65,0,65,0,5,78,0,83,84,0,84,167
04/19/2010,BAF,MA,ANE,EN,Federal Contract Tower,0,1,9,4,14,0,0,50,8,58,0,1,59,12,72,66,8,74,146
04/20/2010,BAF,MA,ANE,EN,Federal Contract Tower,0,0,11,9,20,0,0,65,10,75,0,0,76,19,95,78,26,104,199
04/21/2010,BAF,MA,ANE,EN,Federal Contract Tower,0,1,6,4,11,0,0,75,10,85,0,1,81,14,96,86,10,96,192
04/22/2010,BAF,MA,ANE,EN,Federal Contract Tower,0,1,26,2,29,0,0,70,0,70,0,1,96,2,99,52,38,90,189
04/23/2010,BAF,MA,ANE,EN,Federal Contract Tower,0,1,19,0,20,0,0,75,2,77,0,1,94,2,97,38,0,38,135
04/24/2010,BAF,MA,ANE,EN,Federal Contract Tower,0,0,14,0,14,0,0,157,0,157,0,0,171,0,171,84,0,84,255
04/25/2010,BAF,MA,ANE,EN,Federal Contract Tower,0,1,27,0,28,0,0,6,0,6,0,1,33,0,34,20,0,20,54
04/26/2010,BAF,MA,ANE,EN,Federal Contract Tower,0,0,17,0,17,0,0,17,0,17,0,0,34,0,34,8,0,8,42
04/27/2010,BAF,MA,ANE,EN,Federal Contract Tower,0,2,4,0,6,0,0,7,5,12,0,2,11,5,18,26,16,42,60
04/28/2010,BAF,MA,ANE,EN,Federal Contract Tower,0,1,16,0,17,0,0,9,6,15,0,1,25,6,32,0,0,0,32
04/29/2010,BAF,MA,ANE,EN,Federal Contract Tower,0,4,10,1,15,0,1,22,8,31,0,5,32,9,46,0,0,0,46
04/30/2010,BAF,MA,ANE,EN,Federal Contract Tower,0,1,23,1,25,0,0,115,13,128,0,1,138,14,153,150,26,176,329
05/01/2010,BAF,MA,ANE,EN,Federal Contract Tower,0,4,18,3,25,0,0,164,12,176,0,4,182,15,201,54,14,68,269
05/02/2010,BAF,MA,ANE,EN,Federal Contract Tower,0,7,14,0,21,0,0,120,5,125,0,7,134,5,146,108,0,108,254
05/03/2010,BAF,MA,ANE,EN,Federal Contract Tower,0,1,12,0,13,0,0,16,2,18,0,1,28,2,31,8,0,8,39
05/04/2010,BAF,MA,ANE,EN,Federal Contract Tower,0,1,19,0,20,0,0,53,13,66,0,1,72,13,86,34,0,34,120
05/05/2010,BAF,MA,ANE,EN,Federal Contract Tower,0,1,10,9,20,0,0,115,19,134,0,1,125,28,154,84,8,92,246
05/06/2010,BAF,MA,ANE,EN,Federal Contract Tower,0,0,11,11,22,0,0,43,18,61,0,0,54,29,83,48,20,68,151
05/07/2010,BAF,MA,ANE,EN,Federal Contract Tower,0,0,21,1,22,0,0,87,0,87,0,0,108,1,109,122,0,122,231
05/08/2010,BAF,MA,ANE,EN,Federal Contract Tower,0,0,17,0,17,0,0,0,0,0,0,0,17,0,17,0,0,0,17
05/09/2010,BAF,MA,ANE,EN,Federal Contract Tower,0,0,9,1,10,0,2,4,0,6,0,2,13,1,16,0,0,0,16
05/10/2010,BAF,MA,ANE,EN,Federal Contract Tower,0,1,8,5,14,0,0,40,6,46,0,1,48,11,60,26,6,32,92
05/11/2010,BAF,MA,ANE,EN,Federal Contract Tower,0,0,23,8,31,0,0,121,9,130,0,0,144,17,161,108,4,112,273
05/12/2010,BAF,MA,ANE,EN,Federal Contract Tower,0,2,18,5,25,0,0,12,8,20,0,2,30,13,45,52,4,56,101
05/13/2010,BAF,MA,ANE,EN,Federal Contract Tower,0,1,12,4,17,0,0,96,13,109,0,1,108,17,126,96,2,98,224
05/14/2010,BAF,MA,ANE,EN,Federal Contract Tower,0,1,14,13,28,0,0,44,5,49,0,1,58,18,77,44,14,58,135
05/15/2010,BAF,MA,ANE,EN,Federal Contract Tower,0,0,5,4,9,0,0,63,2,65,0,0,68,6,74,50,4,54,128
05/16/2010,BAF,MA,ANE,EN,Federal Contract Tower,0,1,23,0,24,0,0,180,0,180,0,1,203,0,204,212,0,212,416
05/17/2010,BAF,MA,ANE,EN,Federal Contract Tower,0,2,19,0,21,0,0,116,0,116,0,2,135,0,137,150,0,150,287
05/18/2010,BAF,MA,ANE,EN,Federal Contract Tower,0,0,12,10,22,0,0,33,23,56,0,0,45,33,78,80,0,80,158
05/19/2010,BAF,MA,ANE,EN,Federal Contract Tower,0,0,18,12,30,0,0,5,5,10,0,0,23,17,40,8,58,66,106
05/20/2010,BAF,MA,ANE,EN,Federal Contract Tower,0,0,27,9,36,0,2,141,17,160,0,2,168,26,196,176,30,206,402
05/21/2010,BAF,MA,ANE,EN,Federal Contract Tower,0,2,12,4,18,0,0,98,8,106,0,2,110,12,124,136,30,166,290
05/22/2010,BAF,MA,ANE,EN,Federal Contract Tower,0,0,24,2,26,0,0,107,4,111,0,0,131,6,137,146,0,146,283
05/23/2010,BAF,MA,ANE,EN,Federal Contract Tower,0,2,46,1,49,0,0,57,0,57,0,2,103,1,106,114,0,114,220
05/24/2010,BAF,MA,ANE,EN,Federal Contract Tower,0,0,13,0,13,0,0,75,4,79,0,0,88,4,92,126,0,126,218
05/25/2010,BAF,MA,ANE,EN,Federal Contract Tower,0,2,12,12,26,0,0,108,14,122,0,2,120,26,148,144,0,144,292
05/26/2010,BAF,MA,ANE,EN,Federal Contract Tower,0,0,34,10,44,0,0,87,17,104,0,0,121,27,148,44,6,50,198
05/27/2010,BAF,MA,ANE,EN,Federal Contract Tower,0,0,10,10,20,0,0,68,9,77,0,0,78,19,97,118,4,122,219
05/28/2010,BAF,MA,ANE,EN,Federal Contract Tower,0,2,25,5,32,0,0,117,10,127,0,2,142,15,159,152,14,166,325
05/29/2010,BAF,MA,ANE,EN,Federal Contract Tower,0,1,25,0,26,0,1,85,0,86,0,2,110,0,112,102,0,102,214
05/30/2010,BAF,MA,ANE,EN,Federal Contract Tower,0,1,9,0,10,0,0,100,0,100,0,1,109,0,110,62,0,62,172
05/31/2010,BAF,MA,ANE,EN,Federal Contract Tower,0,0,14,2,16,0,0,75,7,82,0,0,89,9,98,32,0,32,130
06/01/2010,BAF,MA,ANE,EN,Federal Contract Tower,0,1,10,1,12,0,0,5,3,8,0,1,15,4,20,14,6,20,40
06/02/2010,BAF,MA,ANE,EN,Federal Contract Tower,0,6,6,9,21,0,0,143,18,161,0,6,149,27,182,114,6,120,302
06/03/2010,BAF,MA,ANE,EN,Federal Contract Tower,0,2,18,8,28,0,0,27,5,32,0,2,45,13,60,16,8,24,84
06/04/2010,BAF,MA,ANE,EN,Federal Contract Tower,0,1,23,4,28,0,0,0,0,0,0,1,23,4,28,106,6,112,140
06/05/2010,BAF,MA,ANE,EN,Federal Contract Tower,0,1,14,0,15,0,0,54,1,55,0,1,68,1,70,54,0,54,124
06/06/2010,BAF,MA,ANE,EN,Federal Contract Tower,0,0,8,0,8,0,0,22,0,22,0,0,30,0,30,0,0,0,30
06/07/2010,BAF,MA,ANE,EN,Federal Contract Tower,0,1,20,0,21,0,0,83,18,101,0,1,103,18,122,62,0,62,184
06/08/2010,BAF,MA,ANE,EN,Federal Contract Tower,0,3,10,7,20,0,2,81,21,104,0,5,91,28,124,38,12,50,174
06/09/2010,BAF,MA,ANE,EN,Federal Contract Tower,0,1,17,7,25,0,0,61,9,70,0,1,78,16,95,36,4,40,135
06/10/2010,BAF,MA,ANE,EN,Federal Contract Tower,0,2,15,10,27,0,0,6,2,8,0,2,21,12,35,56,20,76,111
06/11/2010,BAF,MA,ANE,EN,Federal Contract Tower,0,1,23,7,31,0,0,94,9,103,0,1,117,16,134,114,0,114,248
06/12/2010,BAF,MA,ANE,EN,Federal Contract Tower,0,2,24,2,28,0,0,0,0,0,0,2,24,2,28,2,0,2,30
06/13/2010,BAF,MA,ANE,EN,Federal Contract Tower,0,3,33,1,37,0,0,0,0,0,0,3,33,1,37,12,0,12,49
06/14/2010,BAF,MA,ANE,EN,Federal Contract Tower,0,1,25,9,35,0,0,62,8,70,0,1,87,17,105,130,0,130,235
06/15/2010,BAF,MA,ANE,EN,Federal Contract Tower,0,2,12,4,18,0,0,144,2,146,0,2,156,6,164,182,4,186,350
06/16/2010,BAF,MA,ANE,EN,Federal Contract Tower,0,4,27,6,37,0,0,32,4,36,0,4,59,10,73,74,8,82,155
06/17/2010,BAF,MA,ANE,EN,Federal Contract Tower,0,1,20,7,28,0,0,46,5,51,0,1,66,12,79,46,12,58,137
06/18/2010,BAF,MA,ANE,EN,Federal Contract Tower,0,0,14,4,18,0,0,103,3,106,0,0,117,7,124,92,5,97,221
06/19/2010,BAF,MA,ANE,EN,Federal Contract Tower,0,2,12,0,14,0,0,186,0,186,0,2,198,0,200,80,0,80,280
06/20/2010,BAF,MA,ANE,EN,Federal Contract Tower,0,1,16,6,23,0,0,67,3,70,0,1,83,9,93,40,6,46,139
06/21/2010,BAF,MA,ANE,EN,Federal Contract Tower,0,1,12,0,13,0,1,96,0,97,0,2,108,0,110,148,0,148,258
06/22/2010,BAF,MA,ANE,EN,Federal Contract Tower,0,0,9,7,16,0,0,67,18,85,0,0,76,25,101,100,0,100,201
06/23/2010,BAF,MA,ANE,EN,Federal Contract Tower,0,1,15,9,25,0,0,89,14,103,0,1,104,23,128,104,16,120,248
06/24/2010,BAF,MA,ANE,EN,Federal Contract Tower,0,2,10,7,19,0,0,56,7,63,0,2,66,14,82,74,8,82,164
06/25/2010,BAF,MA,ANE,EN,Federal Contract Tower,0,3,9,4,16,0,0,130,7,137,0,3,139,11,153,140,0,140,293
06/26/2010,BAF,MA,ANE,EN,Federal Contract Tower,0,3,17,0,20,0,0,103,0,103,0,3,120,0,123,74,0,74,197
06/27/2010,BAF,MA,ANE,EN,Federal Contract Tower,0,0,16,1,17,0,0,126,0,126,0,0,142,1,143,80,2,82,225
06/28/2010,BAF,MA,ANE,EN,Federal Contract Tower,0,1,14,6,21,0,0,28,0,28,0,1,42,6,49,82,0,82,131
06/29/2010,BAF,MA,ANE,EN,Federal Contract Tower,0,5,11,8,24,0,0,84,6,90,0,5,95,14,114,110,10,120,234
06/30/2010,BAF,MA,ANE,EN,Federal Contract Tower,0,3,12,11,26,0,0,110,9,119,0,3,122,20,145,130,4,134,279
07/01/2010,BAF,MA,ANE,EN,Federal Contract Tower,0,1,28,4,33,0,0,92,11,103,0,1,120,15,136,48,18,66,202
07/02/2010,BAF,MA,ANE,EN,Federal Contract Tower,0,2,6,4,12,0,0,123,14,137,0,2,129,18,149,78,14,92,241
07/03/2010,BAF,MA,ANE,EN,Federal Contract Tower,0,0,5,0,5,0,0,118,6,124,0,0,123,6,129,108,4,112,241
07/04/2010,BAF,MA,ANE,EN,Federal Contract Tower,0,0,9,1,10,0,0,86,12,98,0,0,95,13,108,50,0,50,158
07/05/2010,BAF,MA,ANE,EN,Federal Contract Tower,0,3,8,0,11,0,0,106,2,108,0,3,114,2,119,28,0,28,147
07/06/2010,BAF,MA,ANE,EN,Federal Contract Tower,0,0,6,9,15,0,0,60,8,68,0,0,66,17,83,56,8,64,147
07/07/2010,BAF,MA,ANE,EN,Federal Contract Tower,0,1,6,5,12,0,0,80,8,88,0,1,86,13,100,94,4,98,198
07/08/2010,BAF,MA,ANE,EN,Federal Contract Tower,0,0,8,6,14,0,0,44,11,55,0,0,52,17,69,148,0,148,217
07/09/2010,BAF,MA,ANE,EN,Federal Contract Tower,0,0,21,4,25,0,0,64,8,72,0,0,85,12,97,86,4,90,187
07/10/2010,BAF,MA,ANE,EN,Federal Contract Tower,0,0,21,0,21,0,0,8,0,8,0,0,29,0,29,12,0,12,41
07/11/2010,BAF,MA,ANE,EN,Federal Contract Tower,0,0,27,0,27,0,0,123,2,125,0,0,150,2,152,112,0,112,264
07/12/2010,BAF,MA,ANE,EN,Federal Contract Tower,0,2,12,0,14,0,0,64,1,65,0,2,76,1,79,106,0,106,185
07/13/2010,BAF,MA,ANE,EN,Federal Contract Tower,0,1,12,10,23,0,0,47,3,50,0,1,59,13,73,80,2,82,155
07/14/2010,BAF,MA,ANE,EN,Federal Contract Tower,0,3,14,7,24,0,0,0,2,2,0,3,14,9,26,6,0,6,32
07/15/2010,BAF,MA,ANE,EN,Federal Contract Tower,0,0,24,3,27,0,0,54,11,65,0,0,78,14,92,84,0,84,176
07/16/2010,BAF,MA,ANE,EN,Federal Contract Tower,0,3,24,8,35,0,0,64,8,72,0,3,88,16,107,54,4,58,165
07/17/2010,BAF,MA,ANE,EN,Federal Contract Tower,0,1,7,6,14,0,0,111,3,114,0,1,118,9,128,132,4,136,264
07/18/2010,BAF,MA,ANE,EN,Federal Contract Tower,0,2,20,4,26,0,0,115,3,118,0,2,135,7,144,176,8,184,328
07/19/2010,BAF,MA,ANE,EN,Federal Contract Tower,0,3,10,7,20,0,0,79,5,84,0,3,89,12,104,152,8,160,264
07/20/2010,BAF,MA,ANE,EN,Federal Contract Tower,0,0,5,7,12,0,0,85,0,85,0,0,90,7,97,102,12,114,211
07/21/2010,BAF,MA,ANE,EN,Federal Contract Tower,0,1,15,6,22,0,0,38,20,58,0,1,53,26,80,24,18,42,122
07/22/2010,BAF,MA,ANE,EN,Federal Contract Tower,0,3,14,7,24,0,0,89,17,106,0,3,103,24,130,86,22,108,238
07/23/2010,BAF,MA,ANE,EN,Federal Contract Tower,0,2,16,7,25,0,0,47,12,59,0,2,63,19,84,40,0,40,124
07/24/2010,BAF,MA,ANE,EN,Federal Contract Tower,0,0,36,0,36,0,0,87,0,87,0,0,123,0,123,114,0,114,237
07/25/2010,BAF,MA,ANE,EN,Federal Contract Tower,0,3,17,0,20,0,0,88,0,88,0,3,105,0,108,40,0,40,148
07/26/2010,BAF,MA,ANE,EN,Federal Contract Tower,0,3,19,0,22,0,0,94,5,99,0,3,113,5,121,96,0,96,217
07/27/2010,BAF,MA,ANE,EN,Federal Contract Tower,0,2,13,7,22,0,0,113,17,130,0,2,126,24,152,68,10,78,230
07/28/2010,BAF,MA,ANE,EN,Federal Contract Tower,0,0,11,8,19,0,0,70,10,80,0,0,81,18,99,88,6,94,193
07/29/2010,BAF,MA,ANE,EN,Federal Contract Tower,0,2,19,8,29,0,0,51,5,56,0,2,70,13,85,114,2,116,201
07/30/2010,BAF,MA,ANE,EN,Federal Contract Tower,0,1,11,3,15,0,0,123,5,128,0,1,134,8,143,102,0,102,245
07/31/2010,BAF,MA,ANE,EN,Federal Contract Tower,0,2,7,0,9,0,0,204,0,204,0,2,211,0,213,108,0,108,321
08/01/2010,BAF,MA,ANE,EN,Federal Contract Tower,0,0,20,1,21,0,0,72,3,75,0,0,92,4,96,56,8,64,160
08/02/2010,BAF,MA,ANE,EN,Federal Contract Tower,0,2,19,1,22,0,0,63,2,65,0,2,82,3,87,68,4,72,159
08/03/2010,BAF,MA,ANE,EN,Federal Contract Tower,0,4,15,9,28,0,0,55,8,63,0,4,70,17,91,36,0,36,127
08/04/2010,BAF,MA,ANE,EN,Federal Contract Tower,0,3,19,11,33,0,0,58,16,74,0,3,77,27,107,44,8,52,159
08/05/2010,BAF,MA,ANE,EN,Federal Contract Tower,0,3,8,5,16,0,0,44,5,49,0,3,52,10,65,60,0,60,125
08/06/2010,BAF,MA,ANE,EN,Federal Contract Tower,0,1,16,4,21,0,0,117,9,126,0,1,133,13,147,72,14,86,233
08/07/2010,BAF,MA,ANE,EN,Federal Contract Tower,0,0,14,0,14,0,0,193,0,193,0,0,207,0,207,186,0,186,393
08/08/2010,BAF,MA,ANE,EN,Federal Contract Tower,0,3,14,0,17,0,0,65,2,67,0,3,79,2,84,20,0,20,104
08/09/2010,BAF,MA,ANE,EN,Federal Contract Tower,0,1,10,2,13,0,0,75,8,83,0,1,85,10,96,74,0,74,170
08/10/2010,BAF,MA,ANE,EN,Federal Contract Tower,0,2,11,6,19,0,0,88,11,99,0,2,99,17,118,144,6,150,268
08/11/2010,BAF,MA,ANE,EN,Federal Contract Tower,0,5,15,10,30,0,0,99,14,113,0,5,114,24,143,58,8,66,209
08/12/2010,BAF,MA,ANE,EN,Federal Contract Tower,0,3,17,7,27,0,0,51,18,69,0,3,68,25,96,48,14,62,158
08/13/2010,BAF,MA,ANE,EN,Federal Contract Tower,0,4,11,7,22,0,0,101,13,114,0,4,112,20,136,96,12,108,244
08/14/2010,BAF,MA,ANE,EN,Federal Contract Tower,0,4,17,0,21,0,0,144,0,144,0,4,161,0,165,74,0,74,239
08/15/2010,BAF,MA,ANE,EN,Federal Contract Tower,0,8,23,1,32,0,0,91,0,91,0,8,114,1,123,86,2,88,211
08/16/2010,BAF,MA,ANE,EN,Federal Contract Tower,0,3,28,0,31,0,0,14,0,14,0,3,42,0,45,62,0,62,107
08/17/2010,BAF,MA,ANE,EN,Federal Contract Tower,0,0,13,7,20,0,0,112,15,127,0,0,125,22,147,156,26,182,329
08/18/2010,BAF,MA,ANE,EN,Federal Contract Tower,0,4,16,9,29,0,0,139,24,163,0,4,155,33,192,124,38,162,354
08/19/2010,BAF,MA,ANE,EN,Federal Contract Tower,0,3,5,8,16,0,0,114,28,142,0,3,119,36,158,192,86,278,436
08/20/2010,BAF,MA,ANE,EN,Federal Contract Tower,0,0,6,16,22,3,0,91,1,95,3,0,97,17,117,142,146,288,405
08/21/2010,BAF,MA,ANE,EN,Federal Contract Tower,0,0,2,2,4,0,0,179,73,252,0,0,181,75,256,192,178,370,626
08/22/2010,BAF,MA,ANE,EN,Federal Contract Tower,0,0,1,26,27,0,0,29,22,51,0,0,30,48,78,34,4,38,116
08/23/2010,BAF,MA,ANE,EN,Federal Contract Tower,0,4,24,23,51,0,0,13,0,13,0,4,37,23,64,52,0,52,116
08/24/2010,BAF,MA,ANE,EN,Federal Contract Tower,0,1,13,15,29,0,0,23,7,30,0,1,36,22,59,20,34,54,113
08/25/2010,BAF,MA,ANE,EN,Federal Contract Tower,0,4,23,17,44,0,0,7,9,16,0,4,30,26,60,8,78,86,146
08/26/2010,BAF,MA,ANE,EN,Federal Contract Tower,0,0,25,8,33,0,0,105,25,130,0,0,130,33,163,60,28,88,251
08/27/2010,BAF,MA,ANE,EN,Federal Contract Tower,0,2,11,7,20,0,0,120,16,136,0,2,131,23,156,46,4,50,206
08/28/2010,BAF,MA,ANE,EN,Federal Contract Tower,0,1,13,1,15,0,0,134,0,134,0,1,147,1,149,100,0,100,249
08/29/2010,BAF,MA,ANE,EN,Federal Contract Tower,0,0,8,1,9,0,0,144,0,144,0,0,152,1,153,114,0,114,267
08/30/2010,BAF,MA,ANE,EN,Federal Contract Tower,0,0,13,1,14,0,0,102,2,104,0,0,115,3,118,68,0,68,186
08/31/2010,BAF,MA,ANE,EN,Federal Contract Tower,0,3,12,3,18,0,0,100,18,118,0,3,112,21,136,146,0,146,282
09/01/2010,BAF,MA,ANE,EN,Federal Contract Tower,0,1,12,4,17,0,0,94,1,95,0,1,106,5,112,68,0,68,180
09/02/2010,BAF,MA,ANE,EN,Federal Contract Tower,0,3,8,6,17,0,5,57,5,67,0,8,65,11,84,138,10,148,232
09/03/2010,BAF,MA,ANE,EN,Federal Contract Tower,0,4,8,22,34,0,0,63,10,73,0,4,71,32,107,56,14,70,177
09/04/2010,BAF,MA,ANE,EN,Federal Contract Tower,2,4,11,1,18,0,0,35,0,35,2,4,46,1,53,12,0,12,65
09/05/2010,BAF,MA,ANE,EN,Federal Contract Tower,0,0,15,0,15,0,0,82,0,82,0,0,97,0,97,40,0,40,137
09/06/2010,BAF,MA,ANE,EN,Federal Contract Tower,0,0,14,0,14,0,0,133,0,133,0,0,147,0,147,120,0,120,267
09/07/2010,BAF,MA,ANE,EN,Federal Contract Tower,0,6,13,3,22,0,0,75,4,79,0,6,88,7,101,18,0,18,119
09/08/2010,BAF,MA,ANE,EN,Federal Contract Tower,0,1,14,7,22,0,0,55,16,71,0,1,69,23,93,28,12,40,133
09/09/2010,BAF,MA,ANE,EN,Federal Contract Tower,0,8,19,7,34,0,0,56,19,75,0,8,75,26,109,38,10,48,157
09/10/2010,BAF,MA,ANE,EN,Federal Contract Tower,0,5,14,5,24,0,0,68,12,80,0,5,82,17,104,90,14,104,208
09/11/2010,BAF,MA,ANE,EN,Federal Contract Tower,0,6,19,5,30,0,0,130,10,140,0,6,149,15,170,150,2,152,322
09/12/2010,BAF,MA,ANE,EN,Federal Contract Tower,0,2,49,6,57,0,0,83,2,85,0,2,132,8,142,134,8,142,284
09/13/2010,BAF,MA,ANE,EN,Federal Contract Tower,2,2,14,0,18,0,0,37,0,37,2,2,51,0,55,48,0,48,103
09/14/2010,BAF,MA,ANE,EN,Federal Contract Tower,0,0,8,7,15,0,0,81,14,95,0,0,89,21,110,48,6,54,164
09/15/2010,BAF,MA,ANE,EN,Federal Contract Tower,0,0,11,8,19,0,0,77,10,87,0,0,88,18,106,74,2,76,182
09/16/2010,BAF,MA,ANE,EN,Federal Contract Tower,0,0,17,8,25,0,0,40,7,47,0,0,57,15,72,72,0,72,144
09/17/2010,BAF,MA,ANE,EN,Federal Contract Tower,0,1,20,2,23,0,0,60,1,61,0,1,80,3,84,148,0,148,232
09/18/2010,BAF,MA,ANE,EN,Federal Contract Tower,0,1,12,0,13,0,0,107,0,107,0,1,119,0,120,114,0,114,234
09/19/2010,BAF,MA,ANE,EN,Federal Contract Tower,0,2,19,2,23,0,0,115,1,116,0,2,134,3,139,68,4,72,211
09/20/2010,BAF,MA,ANE,EN,Federal Contract Tower,0,4,18,7,29,0,0,70,16,86,0,4,88,23,115,60,16,76,191
09/21/2010,BAF,MA,ANE,EN,Federal Contract Tower,0,2,16,5,23,0,0,83,14,97,0,2,99,19,120,52,10,62,182
09/22/2010,BAF,MA,ANE,EN,Federal Contract Tower,0,3,11,2,16,0,0,63,8,71,0,3,74,10,87,110,4,114,201
09/23/2010,BAF,MA,ANE,EN,Federal Contract Tower,0,4,22,6,32,0,0,107,2,109,0,4,129,8,141,106,0,106,247
09/24/2010,BAF,MA,ANE,EN,Federal Contract Tower,0,0,16,5,21,0,0,72,1,73,0,0,88,6,94,150,4,154,248
09/25/2010,BAF,MA,ANE,EN,Federal Contract Tower,0,0,11,0,11,0,0,75,0,75,0,0,86,0,86,96,0,96,182
09/26/2010,BAF,MA,ANE,EN,Federal Contract Tower,0,4,20,0,24,0,0,144,0,144,0,4,164,0,168,152,0,152,320
09/27/2010,BAF,MA,ANE,EN,Federal Contract Tower,0,4,5,11,20,0,0,0,0,0,0,4,5,11,20,0,2,2,22
09/28/2010,BAF,MA,ANE,EN,Federal Contract Tower,0,1,8,17,26,0,0,0,0,0,0,1,8,17,26,0,2,2,28
09/29/2010,BAF,MA,ANE,EN,Federal Contract Tower,0,1,15,9,25,0,0,84,11,95,0,1,99,20,120,106,0,106,226
09/30/2010,BAF,MA,ANE,EN,Federal Contract Tower,0,5,2,1,8,0,0,0,0,0,0,5,2,1,8,0,0,0,8
10/01/2010,BAF,MA,ANE,EN,Federal Contract Tower,0,0,4,0,4,0,0,0,0,0,0,0,4,0,4,0,0,0,4
10/02/2010,BAF,MA,ANE,EN,Federal Contract Tower,0,0,6,1,7,0,0,127,5,132,0,0,133,6,139,136,0,136,275
10/03/2010,BAF,MA,ANE,EN,Federal Contract Tower,0,2,15,1,18,0,0,148,0,148,0,2,163,1,166,136,0,136,302
10/04/2010,BAF,MA,ANE,EN,Federal Contract Tower,0,1,12,7,20,0,0,14,8,22,0,1,26,15,42,16,20,36,78
10/05/2010,BAF,MA,ANE,EN,Federal Contract Tower,0,2,34,15,51,0,0,0,0,0,0,2,34,15,51,0,0,0,51
10/06/2010,BAF,MA,ANE,EN,Federal Contract Tower,0,3,6,7,16,0,0,0,0,0,0,3,6,7,16,0,0,0,16
10/07/2010,BAF,MA,ANE,EN,Federal Contract Tower,0,5,13,7,25,0,0,32,4,36,0,5,45,11,61,32,0,32,93
10/08/2010,BAF,MA,ANE,EN,Federal Contract Tower,0,6,12,1,19,0,0,85,0,85,0,6,97,1,104,66,0,66,170
10/09/2010,BAF,MA,ANE,EN,Federal Contract Tower,0,1,6,0,7,0,0,120,0,120,0,1,126,0,127,74,0,74,201
10/10/2010,BAF,MA,ANE,EN,Federal Contract Tower,0,2,14,0,16,0,0,130,0,130,0,2,144,0,146,62,0,62,208
10/11/2010,BAF,MA,ANE,EN,Federal Contract Tower,0,0,10,1,11,0,1,95,2,98,0,1,105,3,109,128,4,132,241
10/12/2010,BAF,MA,ANE,EN,Federal Contract Tower,0,2,14,1,17,0,0,55,0,55,0,2,69,1,72,90,0,90,162
10/13/2010,BAF,MA,ANE,EN,Federal Contract Tower,0,0,10,5,15,0,0,110,6,116,0,0,120,11,131,88,10,98,229
10/14/2010,BAF,MA,ANE,EN,Federal Contract Tower,0,4,11,12,27,0,0,74,6,80,0,4,85,18,107,74,10,84,191
10/15/2010,BAF,MA,ANE,EN,Federal Contract Tower,0,0,6,1,7,0,0,0,0,0,0,0,6,1,7,0,0,0,7
10/16/2010,BAF,MA,ANE,EN,Federal Contract Tower,0,1,7,0,8,0,0,9,2,11,0,1,16,2,19,10,0,10,29
10/17/2010,BAF,MA,ANE,EN,Federal Contract Tower,0,3,18,1,22,0,0,148,3,151,0,3,166,4,173,108,0,108,281
10/18/2010,BAF,MA,ANE,EN,Federal Contract Tower,0,2,9,0,11,0,0,66,0,66,0,2,75,0,77,84,0,84,161
10/19/2010,BAF,MA,ANE,EN,Federal Contract Tower,0,3,9,6,18,0,0,66,14,80,0,3,75,20,98,84,26,110,208
10/20/2010,BAF,MA,ANE,EN,Federal Contract Tower,0,1,12,5,18,0,0,88,8,96,0,1,100,13,114,96,8,104,218
10/21/2010,BAF,MA,ANE,EN,Federal Contract Tower,0,1,17,16,34,0,2,10,13,25,0,3,27,29,59,4,24,28,87
10/22/2010,BAF,MA,ANE,EN,Federal Contract Tower,0,4,11,10,25,0,0,66,11,77,0,4,77,21,102,54,12,66,168
10/23/2010,BAF,MA,ANE,EN,Federal Contract Tower,0,4,15,3,22,0,0,129,9,138,0,4,144,12,160,150,4,154,314
10/24/2010,BAF,MA,ANE,EN,Federal Contract Tower,0,6,25,0,31,0,0,96,0,96,0,6,121,0,127,62,0,62,189
10/25/2010,BAF,MA,ANE,EN,Federal Contract Tower,0,2,9,0,11,0,0,0,0,0,0,2,9,0,11,6,0,6,17
10/26/2010,BAF,MA,ANE,EN,Federal Contract Tower,0,0,13,7,20,0,0,55,14,69,0,0,68,21,89,90,30,120,209
10/27/2010,BAF,MA,ANE,EN,Federal Contract Tower,0,0,11,7,18,0,0,2,5,7,0,0,13,12,25,6,0,6,31
10/28/2010,BAF,MA,ANE,EN,Federal Contract Tower,0,0,9,16,25,0,0,66,15,81,0,0,75,31,106,46,26,72,178
10/29/2010,BAF,MA,ANE,EN,Federal Contract Tower,0,3,14,9,26,0,0,75,15,90,0,3,89,24,116,48,6,54,170
10/30/2010,BAF,MA,ANE,EN,Federal Contract Tower,0,2,14,1,17,0,0,91,2,93,0,2,105,3,110,78,0,78,188
10/31/2010,BAF,MA,ANE,EN,Federal Contract Tower,0,0,7,0,7,0,0,97,0,97,0,0,104,0,104,34,0,34,138
11/01/2010,BAF,MA,ANE,EN,Federal Contract Tower,0,4,12,9,25,0,0,66,5,71,0,4,78,14,96,114,30,144,240
11/02/2010,BAF,MA,ANE,EN,Federal Contract Tower,0,2,8,9,19,0,0,77,0,77,0,2,85,9,96,158,24,182,278
11/03/2010,BAF,MA,ANE,EN,Federal Contract Tower,0,2,15,11,28,0,0,104,2,106,0,2,119,13,134,128,10,138,272
11/04/2010,BAF,MA,ANE,EN,Federal Contract Tower,0,2,9,0,11,0,0,0,0,0,0,2,9,0,11,0,0,0,11
11/05/2010,BAF,MA,ANE,EN,Federal Contract Tower,0,1,11,5,17,0,0,0,5,5,0,1,11,10,22,2,4,6,28
11/06/2010,BAF,MA,ANE,EN,Federal Contract Tower,0,2,10,1,13,0,0,135,6,141,0,2,145,7,154,92,14,106,260
11/07/2010,BAF,MA,ANE,EN,Federal Contract Tower,0,0,13,1,14,0,0,136,0,136,0,0,149,1,150,42,0,42,192
11/08/2010,BAF,MA,ANE,EN,Federal Contract Tower,0,3,9,1,13,0,0,0,2,2,0,3,9,3,15,0,0,0,15
11/09/2010,BAF,MA,ANE,EN,Federal Contract Tower,0,0,13,0,13,0,0,43,3,46,0,0,56,3,59,54,14,68,127
11/10/2010,BAF,MA,ANE,EN,Federal Contract Tower,0,6,8,5,19,0,0,56,14,70,0,6,64,19,89,46,4,50,139
11/11/2010,BAF,MA,ANE,EN,Federal Contract Tower,0,0,14,0,14,0,0,113,0,113,0,0,127,0,127,116,0,116,243
11/12/2010,BAF,MA,ANE,EN,Federal Contract Tower,0,0,20,0,20,0,0,150,0,150,0,0,170,0,170,96,0,96,266
11/13/2010,BAF,MA,ANE,EN,Federal Contract Tower,0,0,18,0,18,0,0,172,0,172,0,0,190,0,190,118,0,118,308
11/14/2010,BAF,MA,ANE,EN,Federal Contract Tower,0,3,17,0,20,0,0,208,0,208,0,3,225,0,228,142,0,142,370
11/15/2010,BAF,MA,ANE,EN,Federal Contract Tower,0,2,13,4,19,0,0,11,0,11,0,2,24,4,30,18,12,30,60
11/16/2010,BAF,MA,ANE,EN,Federal Contract Tower,0,4,18,8,30,0,0,1,0,1,0,4,19,8,31,4,0,4,35
11/17/2010,BAF,MA,ANE,EN,Federal Contract Tower,0,2,2,5,9,0,0,7,1,8,0,2,9,6,17,28,10,38,55
11/18/2010,BAF,MA,ANE,EN,Federal Contract Tower,0,4,11,3,18,0,0,50,0,50,0,4,61,3,68,14,0,14,82
11/19/2010,BAF,MA,ANE,EN,Federal Contract Tower,0,2,18,2,22,0,1,130,2,133,0,3,148,4,155,66,0,66,221
11/20/2010,BAF,MA,ANE,EN,Federal Contract Tower,0,0,14,4,18,0,0,68,0,68,0,0,82,4,86,150,0,150,236
11/21/2010,BAF,MA,ANE,EN,Federal Contract Tower,0,5,29,2,36,0,0,194,3,197,0,5,223,5,233,86,0,86,319
11/22/2010,BAF,MA,ANE,EN,Federal Contract Tower,0,2,10,2,14,0,0,7,0,7,0,2,17,2,21,18,0,18,39
11/23/2010,BAF,MA,ANE,EN,Federal Contract Tower,0,2,24,7,33,0,0,47,8,55,0,2,71,15,88,54,18,72,160
11/24/2010,BAF,MA,ANE,EN,Federal Contract Tower,0,5,9,6,20,0,0,4,8,12,0,5,13,14,32,0,16,16,48
11/25/2010,BAF,MA,ANE,EN,Federal Contract Tower,0,2,5,0,7,0,0,9,0,9,0,2,14,0,16,24,0,24,40
11/26/2010,BAF,MA,ANE,EN,Federal Contract Tower,0,4,7,14,25,0,0,16,0,16,0,4,23,14,41,16,16,32,73
11/27/2010,BAF,MA,ANE,EN,Federal Contract Tower,0,3,10,0,13,0,0,43,0,43,0,3,53,0,56,62,0,62,118
11/28/2010,BAF,MA,ANE,EN,Federal Contract Tower,0,6,3,1,10,0,0,112,0,112,0,6,115,1,122,108,0,108,230
11/29/2010,BAF,MA,ANE,EN,Federal Contract Tower,0,3,10,8,21,0,0,95,16,111,0,3,105,24,132,76,14,90,222
11/30/2010,BAF,MA,ANE,EN,Federal Contract Tower,0,0,8,6,14,0,0,20,10,30,0,0,28,16,44,38,0,38,82
12/01/2010,BAF,MA,ANE,EN,Federal Contract Tower,0,2,9,0,11,0,0,0,0,0,0,2,9,0,11,0,0,0,11
12/02/2010,BAF,MA,ANE,EN,Federal Contract Tower,0,0,18,14,32,0,0,80,12,92,0,0,98,26,124,78,4,82,206
12/03/2010,BAF,MA,ANE,EN,Federal Contract Tower,0,0,8,3,11,0,0,48,4,52,0,0,56,7,63,94,0,94,157
12/04/2010,BAF,MA,ANE,EN,Federal Contract Tower,0,1,1,6,8,0,0,98,6,104,0,1,99,12,112,122,0,122,234
12/05/2010,BAF,MA,ANE,EN,Federal Contract Tower,0,0,14,0,14,0,0,84,0,84,0,0,98,0,98,78,0,78,176
12/06/2010,BAF,MA,ANE,EN,Federal Contract Tower,0,3,8,0,11,0,0,14,0,14,0,3,22,0,25,12,0,12,37
12/07/2010,BAF,MA,ANE,EN,Federal Contract Tower,0,6,14,8,28,0,0,38,14,52,0,6,52,22,80,50,16,66,146
12/08/2010,BAF,MA,ANE,EN,Federal Contract Tower,0,1,8,12,21,0,0,23,14,37,0,1,31,26,58,12,17,29,87
12/09/2010,BAF,MA,ANE,EN,Federal Contract Tower,0,1,9,6,16,0,0,57,15,72,0,1,66,21,88,46,8,54,142
12/10/2010,BAF,MA,ANE,EN,Federal Contract Tower,0,0,11,2,13,0,0,80,6,86,0,0,91,8,99,84,26,110,209
12/11/2010,BAF,MA,ANE,EN,Federal Contract Tower,0,1,6,0,7,0,0,183,0,183,0,1,189,0,190,100,0,100,290
12/12/2010,BAF,MA,ANE,EN,Federal Contract Tower,0,2,5,0,7,0,0,0,0,0,0,2,5,0,7,0,0,0,7
12/13/2010,BAF,MA,ANE,EN,Federal Contract Tower,0,0,10,9,19,0,0,2,7,9,0,0,12,16,28,16,4,20,48
12/14/2010,BAF,MA,ANE,EN,Federal Contract Tower,0,0,7,7,14,0,0,39,8,47,0,0,46,15,61,46,12,58,119
12/15/2010,BAF,MA,ANE,EN,Federal Contract Tower,0,0,8,14,22,0,0,29,7,36,0,0,37,21,58,34,8,42,100
12/16/2010,BAF,MA,ANE,EN,Federal Contract Tower,0,1,7,6,14,0,0,64,5,69,0,1,71,11,83,84,4,88,171
12/17/2010,BAF,MA,ANE,EN,Federal Contract Tower,0,0,5,1,6,0,0,79,0,79,0,0,84,1,85,58,0,58,143
12/18/2010,BAF,MA,ANE,EN,Federal Contract Tower,0,2,13,1,16,0,0,177,0,177,0,2,190,1,193,112,0,112,305
12/19/2010,BAF,MA,ANE,EN,Federal Contract Tower,0,0,5,0,5,0,0,99,0,99,0,0,104,0,104,84,0,84,188
12/20/2010,BAF,MA,ANE,EN,Federal Contract Tower,0,5,9,6,20,0,0,47,7,54,0,5,56,13,74,32,18,50,124
12/21/2010,BAF,MA,ANE,EN,Federal Contract Tower,0,4,7,10,21,0,0,31,12,43,0,4,38,22,64,38,12,50,114
12/22/2010,BAF,MA,ANE,EN,Federal Contract Tower,0,2,6,8,16,0,0,23,5,28,0,2,29,13,44,30,8,38,82
12/23/2010,BAF,MA,ANE,EN,Federal Contract Tower,0,0,4,3,7,0,0,13,2,15,0,0,17,5,22,0,0,0,22
12/24/2010,BAF,MA,ANE,EN,Federal Contract Tower,0,0,7,0,7,0,0,55,0,55,0,0,62,0,62,62,0,62,124
12/25/2010,BAF,MA,ANE,EN,Federal Contract Tower,0,1,0,0,1,0,0,8,0,8,0,1,8,0,9,8,0,8,17
12/26/2010,BAF,MA,ANE,EN,Federal Contract Tower,0,0,7,0,7,0,0,0,0,0,0,0,7,0,7,0,0,0,7
12/27/2010,BAF,MA,ANE,EN,Federal Contract Tower,0,1,1,0,2,0,0,1,0,1,0,1,2,0,3,0,0,0,3
12/28/2010,BAF,MA,ANE,EN,Federal Contract Tower,0,1,5,3,9,0,0,5,3,8,0,1,10,6,17,2,2,4,21
12/29/2010,BAF,MA,ANE,EN,Federal Contract Tower,0,5,15,1,21,0,0,35,4,39,0,5,50,5,60,38,4,42,102
12/30/2010,BAF,MA,ANE,EN,Federal Contract Tower,0,2,20,2,24,0,0,97,1,98,0,2,117,3,122,98,0,98,220
12/31/2010,BAF,MA,ANE,EN,Federal Contract Tower,0,1,9,0,10,0,0,142,0,142,0,1,151,0,152,58,0,58,210
01/01/2011,BAF,MA,ANE,EN,Federal Contract Tower,0,6,0,0,6,0,0,120,0,120,0,6,120,0,126,88,0,88,214
01/02/2011,BAF,MA,ANE,EN,Federal Contract Tower,0,5,13,0,18,0,0,45,0,45,0,5,58,0,63,28,0,28,91
01/03/2011,BAF,MA,ANE,EN,Federal Contract Tower,0,1,6,2,9,0,0,30,4,34,0,1,36,6,43,38,6,44,87
01/04/2011,BAF,MA,ANE,EN,Federal Contract Tower,0,2,3,6,11,0,0,41,12,53,0,2,44,18,64,74,14,88,152
01/05/2011,BAF,MA,ANE,EN,Federal Contract Tower,0,0,14,8,22,0,0,59,14,73,0,0,73,22,95,48,14,62,157
01/06/2011,BAF,MA,ANE,EN,Federal Contract Tower,0,0,7,7,14,0,0,46,4,50,0,0,53,11,64,108,0,108,172
01/07/2011,BAF,MA,ANE,EN,Federal Contract Tower,0,0,2,5,7,0,0,4,4,8,0,0,6,9,15,6,0,6,21
01/08/2011,BAF,MA,ANE,EN,Federal Contract Tower,0,1,2,4,7,0,0,0,6,6,0,1,2,10,13,2,22,24,37
01/09/2011,BAF,MA,ANE,EN,Federal Contract Tower,0,3,6,2,11,0,0,24,0,24,0,3,30,2,35,6,6,12,47
01/10/2011,BAF,MA,ANE,EN,Federal Contract Tower,0,1,7,0,8,0,0,38,0,38,0,1,45,0,46,8,0,8,54
01/11/2011,BAF,MA,ANE,EN,Federal Contract Tower,0,3,16,7,26,0,0,52,10,62,0,3,68,17,88,66,18,84,172
01/12/2011,BAF,MA,ANE,EN,Federal Contract Tower,0,0,0,0,0,0,0,0,0,0,0,0,0,0,0,0,0,0,0
01/13/2011,BAF,MA,ANE,EN,Federal Contract Tower,0,0,2,5,7,0,0,11,13,24,0,0,13,18,31,0,10,10,41
01/14/2011,BAF,MA,ANE,EN,Federal Contract Tower,0,2,15,6,23,0,0,53,13,66,0,2,68,19,89,84,14,98,187
01/15/2011,BAF,MA,ANE,EN,Federal Contract Tower,0,2,9,0,11,0,0,36,0,36,0,2,45,0,47,114,0,114,161
01/16/2011,BAF,MA,ANE,EN,Federal Contract Tower,0,2,17,0,19,0,0,65,0,65,0,2,82,0,84,82,0,82,166
01/17/2011,BAF,MA,ANE,EN,Federal Contract Tower,0,6,8,0,14,0,0,51,0,51,0,6,59,0,65,78,0,78,143
01/18/2011,BAF,MA,ANE,EN,Federal Contract Tower,0,0,0,0,0,0,0,0,0,0,0,0,0,0,0,0,0,0,0
01/19/2011,BAF,MA,ANE,EN,Federal Contract Tower,0,1,11,3,15,0,0,0,0,0,0,1,11,3,15,0,0,0,15
01/20/2011,BAF,MA,ANE,EN,Federal Contract Tower,0,1,10,15,26,0,0,55,13,68,0,1,65,28,94,48,26,74,168
01/21/2011,BAF,MA,ANE,EN,Federal Contract Tower,0,1,3,3,7,0,0,0,0,0,0,1,3,3,7,0,0,0,7
01/22/2011,BAF,MA,ANE,EN,Federal Contract Tower,0,2,7,2,11,0,0,47,0,47,0,2,54,2,58,106,0,106,164
01/23/2011,BAF,MA,ANE,EN,Federal Contract Tower,0,0,3,0,3,0,0,59,0,59,0,0,62,0,62,66,0,66,128
01/24/2011,BAF,MA,ANE,EN,Federal Contract Tower,0,4,9,0,13,0,0,37,0,37,0,4,46,0,50,54,0,54,104
01/25/2011,BAF,MA,ANE,EN,Federal Contract Tower,0,0,6,5,11,0,0,11,0,11,0,0,17,5,22,66,2,68,90
01/26/2011,BAF,MA,ANE,EN,Federal Contract Tower,0,0,3,8,11,0,0,11,0,11,0,0,14,8,22,10,0,10,32
01/27/2011,BAF,MA,ANE,EN,Federal Contract Tower,0,0,3,7,10,0,0,17,6,23,0,0,20,13,33,16,2,18,51
01/28/2011,BAF,MA,ANE,EN,Federal Contract Tower,0,0,14,3,17,0,0,4,1,5,0,0,18,4,22,2,0,2,24
01/29/2011,BAF,MA,ANE,EN,Federal Contract Tower,0,2,9,0,11,0,0,43,0,43,0,2,52,0,54,26,0,26,80
01/30/2011,BAF,MA,ANE,EN,Federal Contract Tower,0,5,24,0,29,0,0,147,0,147,0,5,171,0,176,90,0,90,266
01/31/2011,BAF,MA,ANE,EN,Federal Contract Tower,0,3,11,9,23,0,0,57,7,64,0,3,68,16,87,86,8,94,181
02/01/2011,BAF,MA,ANE,EN,Federal Contract Tower,0,0,0,0,0,0,0,0,0,0,0,0,0,0,0,0,0,0,0
02/02/2011,BAF,MA,ANE,EN,Federal Contract Tower,0,0,0,0,0,0,0,0,0,0,0,0,0,0,0,0,0,0,0
02/03/2011,BAF,MA,ANE,EN,Federal Contract Tower,0,10,2,3,15,0,0,23,5,28,0,10,25,8,43,8,0,8,51
02/04/2011,BAF,MA,ANE,EN,Federal Contract Tower,0,6,13,3,22,0,0,39,1,40,0,6,52,4,62,50,0,50,112
02/05/2011,BAF,MA,ANE,EN,Federal Contract Tower,0,0,3,1,4,0,0,4,0,4,0,0,7,1,8,0,0,0,8
02/06/2011,BAF,MA,ANE,EN,Federal Contract Tower,0,4,8,0,12,0,0,43,0,43,0,4,51,0,55,50,0,50,105
02/07/2011,BAF,MA,ANE,EN,Federal Contract Tower,0,5,11,0,16,0,0,39,2,41,0,5,50,2,57,166,8,174,231
02/08/2011,BAF,MA,ANE,EN,Federal Contract Tower,0,0,8,5,13,0,0,1,2,3,0,0,9,7,16,0,4,4,20
02/09/2011,BAF,MA,ANE,EN,Federal Contract Tower,0,2,5,0,7,0,0,32,2,34,0,2,37,2,41,0,2,2,43
02/10/2011,BAF,MA,ANE,EN,Federal Contract Tower,0,1,9,1,11,0,0,35,7,42,0,1,44,8,53,92,10,102,155
02/11/2011,BAF,MA,ANE,EN,Federal Contract Tower,0,3,11,7,21,0,0,82,18,100,0,3,93,25,121,150,24,174,295
02/12/2011,BAF,MA,ANE,EN,Federal Contract Tower,0,0,8,0,8,0,0,61,0,61,0,0,69,0,69,148,2,150,219
02/13/2011,BAF,MA,ANE,EN,Federal Contract Tower,0,2,7,0,9,0,0,50,2,52,0,2,57,2,61,88,0,88,149
02/14/2011,BAF,MA,ANE,EN,Federal Contract Tower,0,3,8,1,12,0,0,34,3,37,0,3,42,4,49,82,4,86,135
02/15/2011,BAF,MA,ANE,EN,Federal Contract Tower,0,5,1,2,8,0,0,4,4,8,0,5,5,6,16,2,2,4,20
02/16/2011,BAF,MA,ANE,EN,Federal Contract Tower,1,0,5,5,11,0,0,53,6,59,1,0,58,11,70,60,2,62,132
02/17/2011,BAF,MA,ANE,EN,Federal Contract Tower,0,2,16,2,20,0,0,77,4,81,0,2,93,6,101,142,8,150,251
02/18/2011,BAF,MA,ANE,EN,Federal Contract Tower,0,1,11,4,16,0,0,59,6,65,0,1,70,10,81,94,4,98,179
02/19/2011,BAF,MA,ANE,EN,Federal Contract Tower,0,0,3,0,3,0,0,0,0,0,0,0,3,0,3,0,0,0,3
02/20/2011,BAF,MA,ANE,EN,Federal Contract Tower,0,0,5,1,6,0,0,33,0,33,0,0,38,1,39,56,0,56,95
02/21/2011,BAF,MA,ANE,EN,Federal Contract Tower,0,1,4,0,5,0,0,2,0,2,0,1,6,0,7,10,0,10,17
02/22/2011,BAF,MA,ANE,EN,Federal Contract Tower,0,1,12,6,19,0,0,82,3,85,0,1,94,9,104,148,12,160,264
02/23/2011,BAF,MA,ANE,EN,Federal Contract Tower,0,2,4,8,14,0,0,81,7,88,0,2,85,15,102,76,8,84,186
02/24/2011,BAF,MA,ANE,EN,Federal Contract Tower,0,2,19,5,26,0,0,70,8,78,0,2,89,13,104,26,4,30,134
02/25/2011,BAF,MA,ANE,EN,Federal Contract Tower,0,0,2,0,2,0,0,0,0,0,0,0,2,0,2,0,0,0,2
02/26/2011,BAF,MA,ANE,EN,Federal Contract Tower,0,1,15,1,17,0,0,75,0,75,0,1,90,1,92,108,0,108,200
02/27/2011,BAF,MA,ANE,EN,Federal Contract Tower,0,3,10,0,13,0,0,7,0,7,0,3,17,0,20,20,0,20,40
02/28/2011,BAF,MA,ANE,EN,Federal Contract Tower,0,1,8,0,9,0,0,0,0,0,0,1,8,0,9,0,0,0,9
03/01/2011,BAF,MA,ANE,EN,Federal Contract Tower,0,3,12,16,31,0,0,49,11,60,0,3,61,27,91,60,26,86,177
03/02/2011,BAF,MA,ANE,EN,Federal Contract Tower,0,2,6,11,19,0,0,38,9,47,0,2,44,20,66,24,20,44,110
03/03/2011,BAF,MA,ANE,EN,Federal Contract Tower,0,1,21,5,27,0,0,80,6,86,0,1,101,11,113,140,4,144,257
03/04/2011,BAF,MA,ANE,EN,Federal Contract Tower,0,4,12,1,17,0,0,92,6,98,0,4,104,7,115,188,0,188,303
03/05/2011,BAF,MA,ANE,EN,Federal Contract Tower,0,2,24,1,27,0,0,18,1,19,0,2,42,2,46,34,0,34,80
03/06/2011,BAF,MA,ANE,EN,Federal Contract Tower,0,4,9,0,13,0,0,0,0,0,0,4,9,0,13,0,0,0,13
03/07/2011,BAF,MA,ANE,EN,Federal Contract Tower,0,4,8,0,12,0,0,8,0,8,0,4,16,0,20,10,0,10,30
03/08/2011,BAF,MA,ANE,EN,Federal Contract Tower,0,2,9,6,17,0,0,92,6,98,0,2,101,12,115,110,8,118,233
03/09/2011,BAF,MA,ANE,EN,Federal Contract Tower,2,3,8,7,20,0,0,73,15,88,2,3,81,22,108,100,10,110,218
03/10/2011,BAF,MA,ANE,EN,Federal Contract Tower,0,3,5,7,15,0,0,0,3,3,0,3,5,10,18,4,0,4,22
03/11/2011,BAF,MA,ANE,EN,Federal Contract Tower,0,0,5,2,7,0,0,2,10,12,0,0,7,12,19,10,0,10,29
03/12/2011,BAF,MA,ANE,EN,Federal Contract Tower,0,3,18,0,21,0,0,102,0,102,0,3,120,0,123,126,0,126,249
03/13/2011,BAF,MA,ANE,EN,Federal Contract Tower,0,3,14,0,17,0,0,58,0,58,0,3,72,0,75,64,0,64,139
03/14/2011,BAF,MA,ANE,EN,Federal Contract Tower,0,0,4,9,13,0,0,48,5,53,0,0,52,14,66,82,6,88,154
03/15/2011,BAF,MA,ANE,EN,Federal Contract Tower,0,1,18,9,28,0,0,64,3,67,0,1,82,12,95,122,8,130,225
03/16/2011,BAF,MA,ANE,EN,Federal Contract Tower,0,1,10,4,15,0,0,0,5,5,0,1,10,9,20,2,2,4,24
03/17/2011,BAF,MA,ANE,EN,Federal Contract Tower,0,3,14,12,29,0,0,119,15,134,0,3,133,27,163,134,8,142,305
03/18/2011,BAF,MA,ANE,EN,Federal Contract Tower,0,2,7,8,17,0,0,9,7,16,0,2,16,15,33,4,4,8,41
03/19/2011,BAF,MA,ANE,EN,Federal Contract Tower,0,0,5,8,13,2,0,70,11,83,2,0,75,19,96,36,18,54,150
03/20/2011,BAF,MA,ANE,EN,Federal Contract Tower,0,0,5,3,8,0,0,138,1,139,0,0,143,4,147,194,12,206,353
03/21/2011,BAF,MA,ANE,EN,Federal Contract Tower,0,2,3,0,5,0,0,0,0,0,0,2,3,0,5,0,0,0,5
03/22/2011,BAF,MA,ANE,EN,Federal Contract Tower,0,2,12,10,24,0,0,41,4,45,0,2,53,14,69,50,4,54,123
03/23/2011,BAF,MA,ANE,EN,Federal Contract Tower,0,0,13,4,17,0,0,13,2,15,0,0,26,6,32,40,0,40,72
03/24/2011,BAF,MA,ANE,EN,Federal Contract Tower,0,1,8,7,16,0,0,0,0,0,0,1,8,7,16,38,12,50,66
03/25/2011,BAF,MA,ANE,EN,Federal Contract Tower,0,6,12,0,18,0,0,55,2,57,0,6,67,2,75,122,0,122,197
03/26/2011,BAF,MA,ANE,EN,Federal Contract Tower,0,0,13,0,13,0,0,75,1,76,0,0,88,1,89,72,0,72,161
03/27/2011,BAF,MA,ANE,EN,Federal Contract Tower,0,1,10,0,11,0,0,96,2,98,0,1,106,2,109,20,0,20,129
03/28/2011,BAF,MA,ANE,EN,Federal Contract Tower,0,4,5,7,16,0,1,17,3,21,0,5,22,10,37,20,24,44,81
03/29/2011,BAF,MA,ANE,EN,Federal Contract Tower,0,3,11,11,25,0,0,36,4,40,0,3,47,15,65,24,14,38,103
03/30/2011,BAF,MA,ANE,EN,Federal Contract Tower,0,3,18,9,30,0,0,118,24,142,0,3,136,33,172,138,22,160,332
03/31/2011,BAF,MA,ANE,EN,Federal Contract Tower,0,4,9,7,20,0,0,22,11,33,0,4,31,18,53,44,18,62,115
04/01/2011,BAF,MA,ANE,EN,Federal Contract Tower,0,0,6,4,10,0,0,1,0,1,0,0,7,4,11,0,0,0,11
04/02/2011,BAF,MA,ANE,EN,Federal Contract Tower,0,0,4,7,11,0,0,35,3,38,0,0,39,10,49,56,0,56,105
04/03/2011,BAF,MA,ANE,EN,Federal Contract Tower,0,0,6,0,6,0,0,25,0,25,0,0,31,0,31,24,0,24,55
04/04/2011,BAF,MA,ANE,EN,Federal Contract Tower,0,3,5,1,9,0,0,5,0,5,0,3,10,1,14,22,0,22,36
04/05/2011,BAF,MA,ANE,EN,Federal Contract Tower,0,0,9,1,10,0,0,2,0,2,0,0,11,1,12,6,0,6,18
04/06/2011,BAF,MA,ANE,EN,Federal Contract Tower,0,1,6,4,11,0,0,34,1,35,0,1,40,5,46,20,10,30,76
04/07/2011,BAF,MA,ANE,EN,Federal Contract Tower,0,1,19,2,22,0,0,115,0,115,0,1,134,2,137,76,28,104,241
04/08/2011,BAF,MA,ANE,EN,Federal Contract Tower,0,0,12,0,12,0,0,90,0,90,0,0,102,0,102,138,0,138,240
04/09/2011,BAF,MA,ANE,EN,Federal Contract Tower,0,0,8,3,11,0,0,165,0,165,0,0,173,3,176,168,0,168,344
04/10/2011,BAF,MA,ANE,EN,Federal Contract Tower,0,0,18,0,18,0,0,91,0,91,0,0,109,0,109,60,0,60,169
04/11/2011,BAF,MA,ANE,EN,Federal Contract Tower,0,0,7,0,7,0,0,19,0,19,0,0,26,0,26,66,0,66,92
04/12/2011,BAF,MA,ANE,EN,Federal Contract Tower,0,0,9,4,13,0,0,26,0,26,0,0,35,4,39,54,0,54,93
04/13/2011,BAF,MA,ANE,EN,Federal Contract Tower,0,0,12,0,12,0,0,0,0,0,0,0,12,0,12,0,0,0,12
04/14/2011,BAF,MA,ANE,EN,Federal Contract Tower,0,0,20,0,20,0,0,96,0,96,0,0,116,0,116,84,0,84,200
04/15/2011,BAF,MA,ANE,EN,Federal Contract Tower,0,1,12,3,16,0,0,109,0,109,0,1,121,3,125,162,0,162,287
04/16/2011,BAF,MA,ANE,EN,Federal Contract Tower,0,1,6,0,7,0,0,32,0,32,0,1,38,0,39,72,0,72,111
04/17/2011,BAF,MA,ANE,EN,Federal Contract Tower,0,2,7,0,9,0,0,13,0,13,0,2,20,0,22,0,0,0,22
04/18/2011,BAF,MA,ANE,EN,Federal Contract Tower,0,0,7,0,7,0,0,35,2,37,0,0,42,2,44,51,0,51,95
04/19/2011,BAF,MA,ANE,EN,Federal Contract Tower,0,0,18,1,19,0,0,4,0,4,0,0,22,1,23,12,0,12,35
04/20/2011,BAF,MA,ANE,EN,Federal Contract Tower,0,1,8,0,9,0,0,0,0,0,0,1,8,0,9,0,0,0,9
04/21/2011,BAF,MA,ANE,EN,Federal Contract Tower,0,0,6,0,6,0,0,12,1,13,0,0,18,1,19,12,4,16,35
04/22/2011,BAF,MA,ANE,EN,Federal Contract Tower,0,1,17,4,22,0,0,128,13,141,0,1,145,17,163,124,8,132,295
04/23/2011,BAF,MA,ANE,EN,Federal Contract Tower,0,0,4,0,4,0,0,0,0,0,0,0,4,0,4,0,2,2,6
04/24/2011,BAF,MA,ANE,EN,Federal Contract Tower,0,2,13,0,15,0,0,20,0,20,0,2,33,0,35,24,0,24,59
04/25/2011,BAF,MA,ANE,EN,Federal Contract Tower,0,1,17,0,18,0,0,11,0,11,0,1,28,0,29,60,0,60,89
04/26/2011,BAF,MA,ANE,EN,Federal Contract Tower,0,3,7,0,10,0,0,25,0,25,0,3,32,0,35,60,0,60,95
04/27/2011,BAF,MA,ANE,EN,Federal Contract Tower,0,3,44,5,52,0,0,16,5,21,0,3,60,10,73,50,0,50,123
04/28/2011,BAF,MA,ANE,EN,Federal Contract Tower,0,5,8,0,13,0,0,0,0,0,0,5,8,0,13,0,0,0,13
04/29/2011,BAF,MA,ANE,EN,Federal Contract Tower,0,1,26,6,33,0,0,82,4,86,0,1,108,10,119,116,8,124,243
04/30/2011,BAF,MA,ANE,EN,Federal Contract Tower,0,4,9,0,13,0,0,118,0,118,0,4,127,0,131,132,0,132,263
05/01/2011,BAF,MA,ANE,EN,Federal Contract Tower,0,4,14,0,18,0,0,166,0,166,0,4,180,0,184,180,0,180,364
05/02/2011,BAF,MA,ANE,EN,Federal Contract Tower,0,1,20,7,28,0,0,61,6,67,0,1,81,13,95,128,14,142,237
05/03/2011,BAF,MA,ANE,EN,Federal Contract Tower,0,0,9,8,17,0,0,92,7,99,0,0,101,15,116,138,12,150,266
05/04/2011,BAF,MA,ANE,EN,Federal Contract Tower,0,2,6,6,14,0,0,2,4,6,0,2,8,10,20,0,0,0,20
05/05/2011,BAF,MA,ANE,EN,Federal Contract Tower,0,0,12,9,21,0,0,27,6,33,0,0,39,15,54,58,14,72,126
05/06/2011,BAF,MA,ANE,EN,Federal Contract Tower,0,2,10,4,16,0,0,71,3,74,0,2,81,7,90,196,8,204,294
05/07/2011,BAF,MA,ANE,EN,Federal Contract Tower,0,4,13,0,17,0,0,101,1,102,0,4,114,1,119,148,0,148,267
05/08/2011,BAF,MA,ANE,EN,Federal Contract Tower,0,5,13,0,18,0,0,59,0,59,0,5,72,0,77,134,0,134,211
05/09/2011,BAF,MA,ANE,EN,Federal Contract Tower,0,0,18,4,22,0,0,74,5,79,0,0,92,9,101,86,16,102,203
05/10/2011,BAF,MA,ANE,EN,Federal Contract Tower,0,2,10,4,16,0,0,49,10,59,0,2,59,14,75,40,10,50,125
05/11/2011,BAF,MA,ANE,EN,Federal Contract Tower,0,0,10,8,18,0,0,43,0,43,0,0,53,8,61,46,2,48,109
05/12/2011,BAF,MA,ANE,EN,Federal Contract Tower,0,6,15,3,24,0,0,110,15,125,0,6,125,18,149,108,0,108,257
05/13/2011,BAF,MA,ANE,EN,Federal Contract Tower,0,3,11,5,19,0,0,89,10,99,0,3,100,15,118,172,2,174,292
05/14/2011,BAF,MA,ANE,EN,Federal Contract Tower,0,3,25,9,37,0,0,96,16,112,0,3,121,25,149,204,18,222,371
05/15/2011,BAF,MA,ANE,EN,Federal Contract Tower,0,2,2,3,7,0,0,0,0,0,0,2,2,3,7,0,0,0,7
05/16/2011,BAF,MA,ANE,EN,Federal Contract Tower,0,7,13,0,20,0,0,0,0,0,0,7,13,0,20,0,0,0,20
05/17/2011,BAF,MA,ANE,EN,Federal Contract Tower,0,0,16,2,18,0,0,0,0,0,0,0,16,2,18,0,0,0,18
05/18/2011,BAF,MA,ANE,EN,Federal Contract Tower,0,8,14,6,28,0,0,0,0,0,0,8,14,6,28,0,2,2,30
05/19/2011,BAF,MA,ANE,EN,Federal Contract Tower,0,1,22,2,25,0,0,0,0,0,0,1,22,2,25,2,0,2,27
05/20/2011,BAF,MA,ANE,EN,Federal Contract Tower,0,6,21,7,34,0,0,22,0,22,0,6,43,7,56,68,4,72,128
05/21/2011,BAF,MA,ANE,EN,Federal Contract Tower,0,5,10,0,15,0,0,23,0,23,0,5,33,0,38,72,0,72,110
05/22/2011,BAF,MA,ANE,EN,Federal Contract Tower,0,5,30,0,35,0,0,51,0,51,0,5,81,0,86,126,0,126,212
05/23/2011,BAF,MA,ANE,EN,Federal Contract Tower,0,2,13,0,15,0,0,0,0,0,0,2,13,0,15,0,0,0,15
05/24/2011,BAF,MA,ANE,EN,Federal Contract Tower,0,1,11,6,18,0,0,28,6,34,0,1,39,12,52,58,12,70,122
05/25/2011,BAF,MA,ANE,EN,Federal Contract Tower,0,3,16,8,27,0,0,138,12,150,0,3,154,20,177,136,12,148,325
05/26/2011,BAF,MA,ANE,EN,Federal Contract Tower,0,2,14,11,27,0,0,55,11,66,0,2,69,22,93,118,2,120,213
05/27/2011,BAF,MA,ANE,EN,Federal Contract Tower,0,4,19,0,23,0,0,69,4,73,0,4,88,4,96,106,4,110,206
05/28/2011,BAF,MA,ANE,EN,Federal Contract Tower,0,2,15,0,17,0,0,18,0,18,0,2,33,0,35,10,0,10,45
05/29/2011,BAF,MA,ANE,EN,Federal Contract Tower,0,0,32,0,32,0,0,37,0,37,0,0,69,0,69,58,0,58,127
05/30/2011,BAF,MA,ANE,EN,Federal Contract Tower,0,0,10,3,13,0,0,51,9,60,0,0,61,12,73,28,24,52,125
05/31/2011,BAF,MA,ANE,EN,Federal Contract Tower,0,4,25,12,41,0,0,0,0,0,0,4,25,12,41,118,26,144,185
06/01/2011,BAF,MA,ANE,EN,Federal Contract Tower,0,3,11,7,21,0,0,28,5,33,0,3,39,12,54,0,8,8,62
06/02/2011,BAF,MA,ANE,EN,Federal Contract Tower,0,9,3,10,22,0,0,54,9,63,0,9,57,19,85,2,12,14,99
06/03/2011,BAF,MA,ANE,EN,Federal Contract Tower,0,6,21,8,35,0,0,90,29,119,0,6,111,37,154,72,0,72,226
06/04/2011,BAF,MA,ANE,EN,Federal Contract Tower,0,3,14,15,32,0,0,239,23,262,0,3,253,38,294,168,62,230,524
06/05/2011,BAF,MA,ANE,EN,Federal Contract Tower,0,4,28,0,32,0,0,161,0,161,0,4,189,0,193,68,0,68,261
06/06/2011,BAF,MA,ANE,EN,Federal Contract Tower,0,6,9,0,15,0,0,95,8,103,0,6,104,8,118,182,0,182,300
06/07/2011,BAF,MA,ANE,EN,Federal Contract Tower,0,8,14,8,30,0,0,163,17,180,0,8,177,25,210,116,24,140,350
06/08/2011,BAF,MA,ANE,EN,Federal Contract Tower,0,2,3,10,15,0,0,72,4,76,0,2,75,14,91,104,20,124,215
06/09/2011,BAF,MA,ANE,EN,Federal Contract Tower,0,1,9,7,17,0,0,29,9,38,0,1,38,16,55,18,0,18,73
06/10/2011,BAF,MA,ANE,EN,Federal Contract Tower,0,2,41,3,46,0,0,104,6,110,0,2,145,9,156,124,6,130,286
06/11/2011,BAF,MA,ANE,EN,Federal Contract Tower,0,0,25,4,29,0,0,2,0,2,0,0,27,4,31,12,6,18,49
06/12/2011,BAF,MA,ANE,EN,Federal Contract Tower,0,6,35,0,41,0,0,0,0,0,0,6,35,0,41,12,0,12,53
06/13/2011,BAF,MA,ANE,EN,Federal Contract Tower,0,2,21,1,24,0,0,123,0,123,0,2,144,1,147,120,0,120,267
06/14/2011,BAF,MA,ANE,EN,Federal Contract Tower,0,2,21,3,26,0,0,17,4,21,0,2,38,7,47,22,0,22,69
06/15/2011,BAF,MA,ANE,EN,Federal Contract Tower,0,6,17,6,29,0,0,122,11,133,0,6,139,17,162,62,18,80,242
06/16/2011,BAF,MA,ANE,EN,Federal Contract Tower,0,2,12,5,19,0,0,92,5,97,0,2,104,10,116,102,4,106,222
06/17/2011,BAF,MA,ANE,EN,Federal Contract Tower,0,0,9,2,11,0,0,0,7,7,0,0,9,9,18,0,0,0,18
06/18/2011,BAF,MA,ANE,EN,Federal Contract Tower,0,1,15,0,16,0,0,98,0,98,0,1,113,0,114,106,0,106,220
06/19/2011,BAF,MA,ANE,EN,Federal Contract Tower,0,2,11,0,13,0,0,106,0,106,0,2,117,0,119,100,0,100,219
06/20/2011,BAF,MA,ANE,EN,Federal Contract Tower,0,2,17,0,19,0,0,113,1,114,0,2,130,1,133,78,0,78,211
06/21/2011,BAF,MA,ANE,EN,Federal Contract Tower,0,7,10,2,19,0,0,67,4,71,0,7,77,6,90,134,8,142,232
06/22/2011,BAF,MA,ANE,EN,Federal Contract Tower,0,0,14,6,20,0,0,0,3,3,0,0,14,9,23,0,0,0,23
06/23/2011,BAF,MA,ANE,EN,Federal Contract Tower,0,4,5,4,13,0,0,0,0,0,0,4,5,4,13,0,0,0,13
06/24/2011,BAF,MA,ANE,EN,Federal Contract Tower,0,4,11,11,26,0,0,0,0,0,0,4,11,11,26,0,0,0,26
06/25/2011,BAF,MA,ANE,EN,Federal Contract Tower,0,6,14,15,35,0,0,31,25,56,0,6,45,40,91,66,16,82,173
06/26/2011,BAF,MA,ANE,EN,Federal Contract Tower,0,3,17,2,22,0,0,145,1,146,0,3,162,3,168,88,0,88,256
06/27/2011,BAF,MA,ANE,EN,Federal Contract Tower,0,4,16,5,25,0,0,93,3,96,0,4,109,8,121,100,4,104,225
06/28/2011,BAF,MA,ANE,EN,Federal Contract Tower,0,3,38,7,48,0,0,84,4,88,0,3,122,11,136,128,16,144,280
06/29/2011,BAF,MA,ANE,EN,Federal Contract Tower,0,1,12,7,20,0,0,89,10,99,0,1,101,17,119,70,22,92,211
06/30/2011,BAF,MA,ANE,EN,Federal Contract Tower,0,3,24,9,36,0,0,131,13,144,0,3,155,22,180,32,16,48,228
07/01/2011,BAF,MA,ANE,EN,Federal Contract Tower,0,4,6,0,10,0,0,69,0,69,0,4,75,0,79,78,0,78,157
07/02/2011,BAF,MA,ANE,EN,Federal Contract Tower,0,1,9,1,11,0,0,113,4,117,0,1,122,5,128,42,12,54,182
07/03/2011,BAF,MA,ANE,EN,Federal Contract Tower,0,0,7,0,7,0,0,4,0,4,0,0,11,0,11,8,0,8,19
07/04/2011,BAF,MA,ANE,EN,Federal Contract Tower,0,0,7,3,10,0,0,86,15,101,0,0,93,18,111,18,8,26,137
07/05/2011,BAF,MA,ANE,EN,Federal Contract Tower,0,3,10,8,21,0,0,105,9,114,0,3,115,17,135,72,2,74,209
07/06/2011,BAF,MA,ANE,EN,Federal Contract Tower,0,3,15,8,26,0,0,102,16,118,0,3,117,24,144,58,10,68,212
07/07/2011,BAF,MA,ANE,EN,Federal Contract Tower,0,0,12,14,26,0,0,77,18,95,0,0,89,32,121,94,22,116,237
07/08/2011,BAF,MA,ANE,EN,Federal Contract Tower,0,2,11,5,18,0,0,3,6,9,0,2,14,11,27,0,0,0,27
07/09/2011,BAF,MA,ANE,EN,Federal Contract Tower,0,3,13,2,18,0,0,88,0,88,0,3,101,2,106,106,0,106,212
07/10/2011,BAF,MA,ANE,EN,Federal Contract Tower,0,1,16,0,17,0,0,109,0,109,0,1,125,0,126,54,0,54,180
07/11/2011,BAF,MA,ANE,EN,Federal Contract Tower,0,2,3,2,7,0,0,63,2,65,0,2,66,4,72,88,0,88,160
07/12/2011,BAF,MA,ANE,EN,Federal Contract Tower,0,0,4,10,14,0,0,54,8,62,0,0,58,18,76,54,12,66,142
07/13/2011,BAF,MA,ANE,EN,Federal Contract Tower,0,2,7,11,20,0,0,66,8,74,0,2,73,19,94,124,14,138,232
07/14/2011,BAF,MA,ANE,EN,Federal Contract Tower,0,3,14,31,48,0,0,61,16,77,0,3,75,47,125,80,26,106,231
07/15/2011,BAF,MA,ANE,EN,Federal Contract Tower,0,0,8,4,12,0,0,107,7,114,0,0,115,11,126,152,16,168,294
07/16/2011,BAF,MA,ANE,EN,Federal Contract Tower,0,3,9,2,14,0,0,105,0,105,0,3,114,2,119,38,2,40,159
07/17/2011,BAF,MA,ANE,EN,Federal Contract Tower,0,1,11,0,12,0,0,122,4,126,0,1,133,4,138,46,0,46,184
07/18/2011,BAF,MA,ANE,EN,Federal Contract Tower,0,6,18,7,31,0,0,47,9,56,0,6,65,16,87,22,12,34,121
07/19/2011,BAF,MA,ANE,EN,Federal Contract Tower,0,1,15,8,24,0,0,89,17,106,0,1,104,25,130,104,8,112,242
07/20/2011,BAF,MA,ANE,EN,Federal Contract Tower,0,5,12,8,25,0,0,46,3,49,0,5,58,11,74,92,2,94,168
07/21/2011,BAF,MA,ANE,EN,Federal Contract Tower,0,2,6,8,16,0,0,45,2,47,0,2,51,10,63,112,2,114,177
07/22/2011,BAF,MA,ANE,EN,Federal Contract Tower,0,3,14,7,24,0,0,62,7,69,0,3,76,14,93,76,0,76,169
07/23/2011,BAF,MA,ANE,EN,Federal Contract Tower,0,6,4,0,10,0,0,66,0,66,0,6,70,0,76,40,0,40,116
07/24/2011,BAF,MA,ANE,EN,Federal Contract Tower,0,2,11,0,13,0,0,43,0,43,0,2,54,0,56,76,0,76,132
07/25/2011,BAF,MA,ANE,EN,Federal Contract Tower,0,1,1,0,2,0,0,23,1,24,0,1,24,1,26,78,0,78,104
07/26/2011,BAF,MA,ANE,EN,Federal Contract Tower,0,3,10,2,15,0,0,25,1,26,0,3,35,3,41,38,0,38,79
07/27/2011,BAF,MA,ANE,EN,Federal Contract Tower,0,0,19,2,21,0,0,96,11,107,0,0,115,13,128,48,26,74,202
07/28/2011,BAF,MA,ANE,EN,Federal Contract Tower,0,2,10,4,16,0,0,73,2,75,0,2,83,6,91,90,0,90,181
07/29/2011,BAF,MA,ANE,EN,Federal Contract Tower,0,0,22,5,27,0,0,0,4,4,0,0,22,9,31,6,0,6,37
07/30/2011,BAF,MA,ANE,EN,Federal Contract Tower,0,3,4,1,8,0,0,47,2,49,0,3,51,3,57,50,0,50,107
07/31/2011,BAF,MA,ANE,EN,Federal Contract Tower,0,4,9,0,13,0,0,109,0,109,0,4,118,0,122,58,0,58,180
08/01/2011,BAF,MA,ANE,EN,Federal Contract Tower,0,4,3,0,7,0,0,33,2,35,0,4,36,2,42,14,0,14,56
08/02/2011,BAF,MA,ANE,EN,Federal Contract Tower,0,2,8,0,10,0,0,86,2,88,0,2,94,2,98,62,0,62,160
08/03/2011,BAF,MA,ANE,EN,Federal Contract Tower,0,1,7,0,8,0,0,62,1,63,0,1,69,1,71,126,0,126,197
08/04/2011,BAF,MA,ANE,EN,Federal Contract Tower,0,1,10,0,11,0,0,68,2,70,0,1,78,2,81,46,0,46,127
08/05/2011,BAF,MA,ANE,EN,Federal Contract Tower,0,2,12,0,14,0,0,42,2,44,0,2,54,2,58,54,0,54,112
08/06/2011,BAF,MA,ANE,EN,Federal Contract Tower,0,0,17,0,17,0,0,64,0,64,0,0,81,0,81,136,0,136,217
08/07/2011,BAF,MA,ANE,EN,Federal Contract Tower,0,1,6,0,7,0,0,6,0,6,0,1,12,0,13,6,0,6,19
08/08/2011,BAF,MA,ANE,EN,Federal Contract Tower,0,2,10,0,12,0,0,25,3,28,0,2,35,3,40,80,0,80,120
08/09/2011,BAF,MA,ANE,EN,Federal Contract Tower,0,0,9,0,9,0,0,23,4,27,0,0,32,4,36,62,0,62,98
08/10/2011,BAF,MA,ANE,EN,Federal Contract Tower,0,1,12,3,16,0,0,48,6,54,0,1,60,9,70,44,12,56,126
08/11/2011,BAF,MA,ANE,EN,Federal Contract Tower,0,1,15,0,16,0,0,112,2,114,0,1,127,2,130,134,0,134,264
08/12/2011,BAF,MA,ANE,EN,Federal Contract Tower,0,0,13,1,14,0,0,90,2,92,0,0,103,3,106,196,0,196,302
08/13/2011,BAF,MA,ANE,EN,Federal Contract Tower,0,1,9,4,14,0,0,123,0,123,0,1,132,4,137,104,0,104,241
08/14/2011,BAF,MA,ANE,EN,Federal Contract Tower,0,2,16,2,20,0,0,0,0,0,0,2,16,2,20,0,0,0,20
08/15/2011,BAF,MA,ANE,EN,Federal Contract Tower,0,3,15,1,19,0,0,0,0,0,0,3,15,1,19,0,0,0,19
08/16/2011,BAF,MA,ANE,EN,Federal Contract Tower,0,0,48,2,50,0,0,31,3,34,0,0,79,5,84,32,4,36,120
08/17/2011,BAF,MA,ANE,EN,Federal Contract Tower,0,0,15,5,20,0,0,108,4,112,0,0,123,9,132,128,6,134,266
08/18/2011,BAF,MA,ANE,EN,Federal Contract Tower,0,0,11,8,19,0,0,76,6,82,0,0,87,14,101,100,8,108,209
08/19/2011,BAF,MA,ANE,EN,Federal Contract Tower,0,0,25,6,31,0,0,43,3,46,0,0,68,9,77,40,4,44,121
08/20/2011,BAF,MA,ANE,EN,Federal Contract Tower,0,6,18,0,24,0,0,106,0,106,0,6,124,0,130,90,0,90,220
08/21/2011,BAF,MA,ANE,EN,Federal Contract Tower,0,2,14,2,18,0,0,36,0,36,0,2,50,2,54,66,0,66,120
08/22/2011,BAF,MA,ANE,EN,Federal Contract Tower,0,4,12,0,16,0,0,74,4,78,0,4,86,4,94,112,0,112,206
08/23/2011,BAF,MA,ANE,EN,Federal Contract Tower,0,0,7,3,10,0,0,77,8,85,0,0,84,11,95,92,4,96,191
08/24/2011,BAF,MA,ANE,EN,Federal Contract Tower,0,2,11,4,17,0,0,61,3,64,0,2,72,7,81,62,4,66,147
08/25/2011,BAF,MA,ANE,EN,Federal Contract Tower,0,0,6,6,12,0,0,6,0,6,0,0,12,6,18,6,0,6,24
08/26/2011,BAF,MA,ANE,EN,Federal Contract Tower,0,3,12,8,23,0,0,83,1,84,0,3,95,9,107,40,0,40,147
08/27/2011,BAF,MA,ANE,EN,Federal Contract Tower,0,0,23,1,24,0,0,5,0,5,0,0,28,1,29,14,0,14,43
08/28/2011,BAF,MA,ANE,EN,Federal Contract Tower,0,0,0,0,0,0,0,0,0,0,0,0,0,0,0,2,0,2,2
08/29/2011,BAF,MA,ANE,EN,Federal Contract Tower,0,3,12,0,15,0,0,77,20,97,0,3,89,20,112,94,8,102,214
08/30/2011,BAF,MA,ANE,EN,Federal Contract Tower,0,1,8,6,15,0,0,86,24,110,0,1,94,30,125,92,24,116,241
08/31/2011,BAF,MA,ANE,EN,Federal Contract Tower,0,1,11,4,16,0,0,87,3,90,0,1,98,7,106,114,0,114,220
09/01/2011,BAF,MA,ANE,EN,Federal Contract Tower,0,3,9,10,22,0,0,74,14,88,0,3,83,24,110,68,8,76,186
09/02/2011,BAF,MA,ANE,EN,Federal Contract Tower,0,4,25,1,30,0,0,79,0,79,0,4,104,1,109,100,0,100,209
09/03/2011,BAF,MA,ANE,EN,Federal Contract Tower,0,0,18,0,18,0,0,76,0,76,0,0,94,0,94,50,0,50,144
09/04/2011,BAF,MA,ANE,EN,Federal Contract Tower,0,0,18,0,18,0,0,10,0,10,0,0,28,0,28,14,0,14,42
09/05/2011,BAF,MA,ANE,EN,Federal Contract Tower,0,6,9,0,15,0,0,43,0,43,0,6,52,0,58,66,0,66,124
09/06/2011,BAF,MA,ANE,EN,Federal Contract Tower,0,0,24,12,36,0,0,5,0,5,0,0,29,12,41,14,20,34,75
09/07/2011,BAF,MA,ANE,EN,Federal Contract Tower,0,2,18,0,20,0,0,0,0,0,0,2,18,0,20,10,10,20,40
09/08/2011,BAF,MA,ANE,EN,Federal Contract Tower,0,3,18,2,23,0,0,0,1,1,0,3,18,3,24,6,0,6,30
09/09/2011,BAF,MA,ANE,EN,Federal Contract Tower,0,2,18,3,23,0,0,62,9,71,0,2,80,12,94,102,16,118,212
09/10/2011,BAF,MA,ANE,EN,Federal Contract Tower,0,1,13,3,17,0,0,111,4,115,0,1,124,7,132,110,6,116,248
09/11/2011,BAF,MA,ANE,EN,Federal Contract Tower,0,4,22,16,42,0,0,104,12,116,0,4,126,28,158,46,16,62,220
09/12/2011,BAF,MA,ANE,EN,Federal Contract Tower,0,2,20,0,22,0,0,51,1,52,0,2,71,1,74,84,0,84,158
09/13/2011,BAF,MA,ANE,EN,Federal Contract Tower,0,0,16,8,24,0,0,60,21,81,0,0,76,29,105,58,16,74,179
09/14/2011,BAF,MA,ANE,EN,Federal Contract Tower,0,0,11,21,32,0,0,80,18,98,0,0,91,39,130,36,30,66,196
09/15/2011,BAF,MA,ANE,EN,Federal Contract Tower,0,1,2,16,19,0,0,10,6,16,0,1,12,22,35,0,4,4,39
09/16/2011,BAF,MA,ANE,EN,Federal Contract Tower,0,1,20,7,28,0,0,73,12,85,0,1,93,19,113,92,18,110,223
09/17/2011,BAF,MA,ANE,EN,Federal Contract Tower,0,3,11,0,14,0,0,103,2,105,0,3,114,2,119,136,0,136,255
09/18/2011,BAF,MA,ANE,EN,Federal Contract Tower,0,2,6,0,8,0,0,94,0,94,0,2,100,0,102,82,0,82,184
09/19/2011,BAF,MA,ANE,EN,Federal Contract Tower,0,0,18,7,25,0,1,82,10,93,0,1,100,17,118,86,20,106,224
09/20/2011,BAF,MA,ANE,EN,Federal Contract Tower,0,3,26,15,44,0,0,8,2,10,0,3,34,17,54,8,4,12,66
09/21/2011,BAF,MA,ANE,EN,Federal Contract Tower,0,0,26,5,31,0,0,50,10,60,0,0,76,15,91,48,10,58,149
09/22/2011,BAF,MA,ANE,EN,Federal Contract Tower,0,1,10,8,19,0,0,0,0,0,0,1,10,8,19,4,2,6,25
09/23/2011,BAF,MA,ANE,EN,Federal Contract Tower,0,0,10,0,10,0,0,0,0,0,0,0,10,0,10,2,0,2,12
09/24/2011,BAF,MA,ANE,EN,Federal Contract Tower,0,0,23,0,23,0,0,12,0,12,0,0,35,0,35,4,0,4,39
09/25/2011,BAF,MA,ANE,EN,Federal Contract Tower,0,3,19,1,23,0,0,51,1,52,0,3,70,2,75,112,0,112,187
09/26/2011,BAF,MA,ANE,EN,Federal Contract Tower,0,1,15,13,29,0,0,71,6,77,0,1,86,19,106,108,26,134,240
09/27/2011,BAF,MA,ANE,EN,Federal Contract Tower,0,1,21,5,27,0,0,51,14,65,0,1,72,19,92,26,12,38,130
09/28/2011,BAF,MA,ANE,EN,Federal Contract Tower,0,0,12,15,27,0,0,50,15,65,0,0,62,30,92,38,26,64,156
09/29/2011,BAF,MA,ANE,EN,Federal Contract Tower,0,5,5,8,18,0,0,0,0,0,0,5,5,8,18,2,0,2,20
09/30/2011,BAF,MA,ANE,EN,Federal Contract Tower,0,2,29,2,33,0,0,65,9,74,0,2,94,11,107,80,2,82,189
10/01/2011,BAF,MA,ANE,EN,Federal Contract Tower,0,1,15,8,24,0,0,0,0,0,0,1,15,8,24,0,0,0,24
10/02/2011,BAF,MA,ANE,EN,Federal Contract Tower,0,1,29,2,32,0,0,22,0,22,0,1,51,2,54,106,5,111,165
10/03/2011,BAF,MA,ANE,EN,Federal Contract Tower,0,0,10,0,10,0,0,57,0,57,0,0,67,0,67,110,0,110,177
10/04/2011,BAF,MA,ANE,EN,Federal Contract Tower,0,4,16,11,31,0,0,1,0,1,0,4,17,11,32,0,0,0,32
10/05/2011,BAF,MA,ANE,EN,Federal Contract Tower,0,3,12,8,23,0,0,36,8,44,0,3,48,16,67,56,2,58,125
10/06/2011,BAF,MA,ANE,EN,Federal Contract Tower,0,2,7,7,16,0,0,87,11,98,0,2,94,18,114,28,6,34,148
10/07/2011,BAF,MA,ANE,EN,Federal Contract Tower,0,2,22,10,34,0,0,100,10,110,0,2,122,20,144,106,0,106,250
10/08/2011,BAF,MA,ANE,EN,Federal Contract Tower,0,2,10,0,12,0,0,117,0,117,0,2,127,0,129,26,0,26,155
10/09/2011,BAF,MA,ANE,EN,Federal Contract Tower,0,4,14,0,18,0,0,126,0,126,0,4,140,0,144,32,0,32,176
10/10/2011,BAF,MA,ANE,EN,Federal Contract Tower,0,3,21,0,24,0,0,74,0,74,0,3,95,0,98,98,0,98,196
10/11/2011,BAF,MA,ANE,EN,Federal Contract Tower,0,0,17,11,28,0,0,90,17,107,0,0,107,28,135,126,22,148,283
10/12/2011,BAF,MA,ANE,EN,Federal Contract Tower,0,1,6,13,20,0,0,35,2,37,0,1,41,15,57,60,0,60,117
10/13/2011,BAF,MA,ANE,EN,Federal Contract Tower,0,8,9,11,28,0,0,0,0,0,0,8,9,11,28,0,0,0,28
10/14/2011,BAF,MA,ANE,EN,Federal Contract Tower,0,0,16,5,21,0,0,0,0,0,0,0,16,5,21,0,0,0,21
10/15/2011,BAF,MA,ANE,EN,Federal Contract Tower,0,3,10,0,13,0,0,35,0,35,0,3,45,0,48,22,0,22,70
10/16/2011,BAF,MA,ANE,EN,Federal Contract Tower,0,1,14,0,15,0,0,60,0,60,0,1,74,0,75,62,0,62,137
10/17/2011,BAF,MA,ANE,EN,Federal Contract Tower,0,1,14,4,19,0,0,66,4,70,0,1,80,8,89,50,0,50,139
10/18/2011,BAF,MA,ANE,EN,Federal Contract Tower,0,0,11,5,16,0,0,58,7,65,0,0,69,12,81,70,0,70,151
10/19/2011,BAF,MA,ANE,EN,Federal Contract Tower,0,2,7,0,9,0,0,0,0,0,0,2,7,0,9,0,0,0,9
10/20/2011,BAF,MA,ANE,EN,Federal Contract Tower,0,9,5,12,26,0,0,11,17,28,0,9,16,29,54,22,2,24,78
10/21/2011,BAF,MA,ANE,EN,Federal Contract Tower,0,10,11,5,26,0,0,53,30,83,0,10,64,35,109,67,2,69,178
10/22/2011,BAF,MA,ANE,EN,Federal Contract Tower,0,3,7,0,10,0,0,99,0,99,0,3,106,0,109,94,0,94,203
10/23/2011,BAF,MA,ANE,EN,Federal Contract Tower,0,1,10,0,11,0,0,128,0,128,0,1,138,0,139,122,0,122,261
10/24/2011,BAF,MA,ANE,EN,Federal Contract Tower,0,5,11,10,26,0,0,48,17,65,0,5,59,27,91,80,12,92,183
10/25/2011,BAF,MA,ANE,EN,Federal Contract Tower,0,5,3,6,14,0,0,50,12,62,0,5,53,18,76,30,0,30,106
10/26/2011,BAF,MA,ANE,EN,Federal Contract Tower,0,2,14,10,26,0,0,45,10,55,0,2,59,20,81,36,16,52,133
10/27/2011,BAF,MA,ANE,EN,Federal Contract Tower,0,0,3,0,3,0,0,0,0,0,0,0,3,0,3,0,0,0,3
10/28/2011,BAF,MA,ANE,EN,Federal Contract Tower,0,3,18,6,27,0,0,86,12,98,0,3,104,18,125,68,2,70,195
10/29/2011,BAF,MA,ANE,EN,Federal Contract Tower,0,0,4,0,4,0,0,8,0,8,0,0,12,0,12,14,0,14,26
10/30/2011,BAF,MA,ANE,EN,Federal Contract Tower,0,0,0,0,0,0,0,0,0,0,0,0,0,0,0,0,0,0,0
10/31/2011,BAF,MA,ANE,EN,Federal Contract Tower,0,0,1,0,1,0,0,16,0,16,0,0,17,0,17,6,0,6,23
11/01/2011,BAF,MA,ANE,EN,Federal Contract Tower,0,1,12,5,18,0,0,39,7,46,0,1,51,12,64,28,8,36,100
11/02/2011,BAF,MA,ANE,EN,Federal Contract Tower,0,2,13,10,25,0,0,74,19,93,0,2,87,29,118,68,32,100,218
11/03/2011,BAF,MA,ANE,EN,Federal Contract Tower,0,4,11,10,25,0,0,85,8,93,0,4,96,18,118,72,12,84,202
11/04/2011,BAF,MA,ANE,EN,Federal Contract Tower,0,7,9,7,23,0,0,62,16,78,0,7,71,23,101,64,0,64,165
11/05/2011,BAF,MA,ANE,EN,Federal Contract Tower,0,0,13,8,21,0,0,107,26,133,0,0,120,34,154,78,12,90,244
11/06/2011,BAF,MA,ANE,EN,Federal Contract Tower,0,1,8,4,13,0,0,121,7,128,0,1,129,11,141,80,14,94,235
11/07/2011,BAF,MA,ANE,EN,Federal Contract Tower,0,0,16,0,16,0,1,93,0,94,0,1,109,0,110,44,0,44,154
11/08/2011,BAF,MA,ANE,EN,Federal Contract Tower,0,0,16,8,24,0,0,94,11,105,0,0,110,19,129,80,16,96,225
11/09/2011,BAF,MA,ANE,EN,Federal Contract Tower,0,0,30,6,36,0,0,78,17,95,0,0,108,23,131,64,22,86,217
11/10/2011,BAF,MA,ANE,EN,Federal Contract Tower,0,1,26,2,29,0,0,0,0,0,0,1,26,2,29,4,2,6,35
11/11/2011,BAF,MA,ANE,EN,Federal Contract Tower,0,2,11,0,13,0,0,42,3,45,0,2,53,3,58,34,6,40,98
11/12/2011,BAF,MA,ANE,EN,Federal Contract Tower,0,1,10,0,11,0,0,68,0,68,0,1,78,0,79,76,0,76,155
11/13/2011,BAF,MA,ANE,EN,Federal Contract Tower,0,0,14,0,14,0,0,115,0,115,0,0,129,0,129,68,0,68,197
11/14/2011,BAF,MA,ANE,EN,Federal Contract Tower,0,0,16,12,28,0,0,45,5,50,0,0,61,17,78,104,14,118,196
11/15/2011,BAF,MA,ANE,EN,Federal Contract Tower,0,0,7,11,18,0,0,37,13,50,0,0,44,24,68,68,14,82,150
11/16/2011,BAF,MA,ANE,EN,Federal Contract Tower,0,2,17,7,26,0,0,10,0,10,0,2,27,7,36,26,0,26,62
11/17/2011,BAF,MA,ANE,EN,Federal Contract Tower,0,3,11,4,18,0,0,22,0,22,0,3,33,4,40,34,0,34,74
11/18/2011,BAF,MA,ANE,EN,Federal Contract Tower,0,3,13,2,18,0,0,56,7,63,0,3,69,9,81,88,0,88,169
11/19/2011,BAF,MA,ANE,EN,Federal Contract Tower,0,3,24,0,27,0,0,101,0,101,0,3,125,0,128,74,0,74,202
11/20/2011,BAF,MA,ANE,EN,Federal Contract Tower,0,3,10,0,13,0,0,102,2,104,0,3,112,2,117,92,0,92,209
11/21/2011,BAF,MA,ANE,EN,Federal Contract Tower,0,0,14,8,22,0,0,86,7,93,0,0,100,15,115,138,21,159,274
11/22/2011,BAF,MA,ANE,EN,Federal Contract Tower,0,0,14,8,22,0,0,51,13,64,0,0,65,21,86,74,6,80,166
11/23/2011,BAF,MA,ANE,EN,Federal Contract Tower,0,0,11,0,11,0,0,0,0,0,0,0,11,0,11,0,0,0,11
11/24/2011,BAF,MA,ANE,EN,Federal Contract Tower,0,0,2,0,2,0,0,28,0,28,0,0,30,0,30,2,0,2,32
11/25/2011,BAF,MA,ANE,EN,Federal Contract Tower,0,0,8,0,8,0,0,90,0,90,0,0,98,0,98,88,0,88,186
11/26/2011,BAF,MA,ANE,EN,Federal Contract Tower,0,0,7,0,7,0,0,99,0,99,0,0,106,0,106,112,0,112,218
11/27/2011,BAF,MA,ANE,EN,Federal Contract Tower,0,5,22,0,27,0,0,78,2,80,0,5,100,2,107,86,0,86,193
11/28/2011,BAF,MA,ANE,EN,Federal Contract Tower,0,4,8,9,21,0,0,54,4,58,0,4,62,13,79,66,8,74,153
11/29/2011,BAF,MA,ANE,EN,Federal Contract Tower,0,1,37,11,49,0,0,5,6,11,0,1,42,17,60,8,14,22,82
11/30/2011,BAF,MA,ANE,EN,Federal Contract Tower,0,1,8,10,19,0,0,37,18,55,0,1,45,28,74,72,20,92,166
12/01/2011,BAF,MA,ANE,EN,Federal Contract Tower,0,2,17,10,29,0,0,68,11,79,0,2,85,21,108,120,34,154,262
12/02/2011,BAF,MA,ANE,EN,Federal Contract Tower,0,1,10,5,16,0,0,78,18,96,0,1,88,23,112,124,10,134,246
12/03/2011,BAF,MA,ANE,EN,Federal Contract Tower,0,1,9,14,24,0,0,143,10,153,0,1,152,24,177,84,26,110,287
12/04/2011,BAF,MA,ANE,EN,Federal Contract Tower,0,1,21,3,25,0,0,96,5,101,0,1,117,8,126,130,6,136,262
12/05/2011,BAF,MA,ANE,EN,Federal Contract Tower,0,3,13,1,17,0,0,36,2,38,0,3,49,3,55,52,6,58,113
12/06/2011,BAF,MA,ANE,EN,Federal Contract Tower,0,2,17,1,20,0,0,0,2,2,0,2,17,3,22,0,18,18,40
12/07/2011,BAF,MA,ANE,EN,Federal Contract Tower,0,1,3,8,12,0,0,0,0,0,0,1,3,8,12,0,0,0,12
12/08/2011,BAF,MA,ANE,EN,Federal Contract Tower,0,2,3,9,14,0,0,25,10,35,0,2,28,19,49,26,8,34,83
12/09/2011,BAF,MA,ANE,EN,Federal Contract Tower,0,1,3,9,13,0,0,53,22,75,0,1,56,31,88,84,26,110,198
12/10/2011,BAF,MA,ANE,EN,Federal Contract Tower,0,1,29,0,30,0,0,114,0,114,0,1,143,0,144,100,0,100,244
12/11/2011,BAF,MA,ANE,EN,Federal Contract Tower,0,1,9,0,10,0,0,117,0,117,0,1,126,0,127,106,0,106,233
12/12/2011,BAF,MA,ANE,EN,Federal Contract Tower,0,5,9,0,14,0,0,41,2,43,0,5,50,2,57,64,0,64,121
12/13/2011,BAF,MA,ANE,EN,Federal Contract Tower,0,0,7,14,21,0,0,78,14,92,0,0,85,28,113,78,15,93,206
12/14/2011,BAF,MA,ANE,EN,Federal Contract Tower,0,1,17,10,28,0,0,79,26,105,0,1,96,36,133,112,40,152,285
12/15/2011,BAF,MA,ANE,EN,Federal Contract Tower,0,3,5,18,26,0,0,1,14,15,0,3,6,32,41,0,0,0,41
12/16/2011,BAF,MA,ANE,EN,Federal Contract Tower,0,2,8,5,15,0,0,7,4,11,0,2,15,9,26,2,18,20,46
12/17/2011,BAF,MA,ANE,EN,Federal Contract Tower,0,4,20,0,24,0,0,99,0,99,0,4,119,0,123,74,0,74,197
12/18/2011,BAF,MA,ANE,EN,Federal Contract Tower,0,0,15,0,15,0,0,144,0,144,0,0,159,0,159,132,0,132,291
12/19/2011,BAF,MA,ANE,EN,Federal Contract Tower,0,0,13,1,14,0,0,39,2,41,0,0,52,3,55,56,0,56,111
12/20/2011,BAF,MA,ANE,EN,Federal Contract Tower,0,0,20,12,32,0,0,67,12,79,0,0,87,24,111,88,26,114,225
12/21/2011,BAF,MA,ANE,EN,Federal Contract Tower,0,0,7,7,14,0,0,0,0,0,0,0,7,7,14,2,0,2,16
12/22/2011,BAF,MA,ANE,EN,Federal Contract Tower,0,1,9,13,23,0,0,57,10,67,0,1,66,23,90,100,22,122,212
12/23/2011,BAF,MA,ANE,EN,Federal Contract Tower,0,0,2,6,8,0,0,4,15,19,0,0,6,21,27,0,18,18,45
12/24/2011,BAF,MA,ANE,EN,Federal Contract Tower,0,0,2,0,2,0,0,46,0,46,0,0,48,0,48,24,0,24,72
12/25/2011,BAF,MA,ANE,EN,Federal Contract Tower,0,0,0,0,0,0,0,4,0,4,0,0,4,0,4,0,0,0,4
12/26/2011,BAF,MA,ANE,EN,Federal Contract Tower,0,2,4,0,6,0,0,47,0,47,0,2,51,0,53,44,0,44,97
12/27/2011,BAF,MA,ANE,EN,Federal Contract Tower,0,2,7,11,20,0,0,43,8,51,0,2,50,19,71,98,6,104,175
12/28/2011,BAF,MA,ANE,EN,Federal Contract Tower,0,3,4,8,15,0,0,9,3,12,0,3,13,11,27,6,2,8,35
12/29/2011,BAF,MA,ANE,EN,Federal Contract Tower,0,0,3,6,9,0,0,57,12,69,0,0,60,18,78,12,2,14,92
12/30/2011,BAF,MA,ANE,EN,Federal Contract Tower,0,0,12,8,20,0,0,61,3,64,0,0,73,11,84,96,2,98,182
12/31/2011,BAF,MA,ANE,EN,Federal Contract Tower,0,0,3,0,3,0,0,0,0,0,0,0,3,0,3,0,0,0,3
01/01/2012,BAF,MA,ANE,EN,Federal Contract Tower,0,2,8,0,10,0,0,107,0,107,0,2,115,0,117,130,0,130,247
01/02/2012,BAF,MA,ANE,EN,Federal Contract Tower,0,0,5,0,5,0,0,35,0,35,0,0,40,0,40,18,0,18,58
01/03/2012,BAF,MA,ANE,EN,Federal Contract Tower,0,2,5,9,16,0,0,11,6,17,0,2,16,15,33,0,12,12,45
01/04/2012,BAF,MA,ANE,EN,Federal Contract Tower,0,1,8,7,16,0,0,54,11,65,0,1,62,18,81,80,10,90,171
01/05/2012,BAF,MA,ANE,EN,Federal Contract Tower,0,2,0,13,15,0,0,38,6,44,0,2,38,19,59,32,12,44,103
01/06/2012,BAF,MA,ANE,EN,Federal Contract Tower,0,4,11,8,23,0,0,62,9,71,0,4,73,17,94,90,14,104,198
01/07/2012,BAF,MA,ANE,EN,Federal Contract Tower,0,0,30,0,30,0,0,130,0,130,0,0,160,0,160,90,0,90,250
01/08/2012,BAF,MA,ANE,EN,Federal Contract Tower,0,0,22,6,28,0,0,130,20,150,0,0,152,26,178,50,0,50,228
01/09/2012,BAF,MA,ANE,EN,Federal Contract Tower,0,2,9,1,12,0,0,50,1,51,0,2,59,2,63,56,0,56,119
01/10/2012,BAF,MA,ANE,EN,Federal Contract Tower,0,1,12,10,23,0,0,30,12,42,0,1,42,22,65,16,0,16,81
01/11/2012,BAF,MA,ANE,EN,Federal Contract Tower,0,0,11,8,19,0,0,84,20,104,0,0,95,28,123,80,24,104,227
01/12/2012,BAF,MA,ANE,EN,Federal Contract Tower,0,1,0,0,1,0,0,0,0,0,0,1,0,0,1,0,0,0,1
01/13/2012,BAF,MA,ANE,EN,Federal Contract Tower,0,2,4,6,12,0,0,18,6,24,0,2,22,12,36,0,0,0,36
01/14/2012,BAF,MA,ANE,EN,Federal Contract Tower,0,2,8,0,10,0,0,33,0,33,0,2,41,0,43,74,0,74,117
01/15/2012,BAF,MA,ANE,EN,Federal Contract Tower,0,1,15,0,16,0,0,104,0,104,0,1,119,0,120,92,0,92,212
01/16/2012,BAF,MA,ANE,EN,Federal Contract Tower,0,2,4,0,6,0,0,58,0,58,0,2,62,0,64,128,0,128,192
01/17/2012,BAF,MA,ANE,EN,Federal Contract Tower,0,3,2,1,6,0,0,2,1,3,0,3,4,2,9,0,14,14,23
01/18/2012,BAF,MA,ANE,EN,Federal Contract Tower,0,3,11,3,17,0,0,0,3,3,0,3,11,6,20,0,4,4,24
01/19/2012,BAF,MA,ANE,EN,Federal Contract Tower,0,2,7,9,18,0,0,47,2,49,0,2,54,11,67,88,2,90,157
01/20/2012,BAF,MA,ANE,EN,Federal Contract Tower,0,0,5,5,10,0,0,28,5,33,0,0,33,10,43,40,0,40,83
01/21/2012,BAF,MA,ANE,EN,Federal Contract Tower,0,0,0,0,0,0,0,0,0,0,0,0,0,0,0,0,0,0,0
01/22/2012,BAF,MA,ANE,EN,Federal Contract Tower,0,2,5,3,10,0,0,54,0,54,0,2,59,3,64,88,0,88,152
01/23/2012,BAF,MA,ANE,EN,Federal Contract Tower,0,1,2,2,5,0,0,0,0,0,0,1,2,2,5,0,0,0,5
01/24/2012,BAF,MA,ANE,EN,Federal Contract Tower,0,0,12,6,18,0,0,60,12,72,0,0,72,18,90,74,16,90,180
01/25/2012,BAF,MA,ANE,EN,Federal Contract Tower,0,1,14,0,15,0,0,48,10,58,0,1,62,10,73,72,8,80,153
01/26/2012,BAF,MA,ANE,EN,Federal Contract Tower,0,3,6,13,22,0,0,50,4,54,0,3,56,17,76,20,6,26,102
01/27/2012,BAF,MA,ANE,EN,Federal Contract Tower,0,5,5,5,15,0,0,0,2,2,0,5,5,7,17,2,0,2,19
01/28/2012,BAF,MA,ANE,EN,Federal Contract Tower,2,1,5,2,10,0,0,120,0,120,2,1,125,2,130,60,0,60,190
01/29/2012,BAF,MA,ANE,EN,Federal Contract Tower,0,3,15,0,18,0,0,155,0,155,0,3,170,0,173,72,0,72,245
01/30/2012,BAF,MA,ANE,EN,Federal Contract Tower,0,0,6,1,7,0,0,27,5,32,0,0,33,6,39,22,0,22,61
01/31/2012,BAF,MA,ANE,EN,Federal Contract Tower,0,2,13,4,19,0,0,63,7,70,0,2,76,11,89,72,4,76,165
02/01/2012,BAF,MA,ANE,EN,Federal Contract Tower,0,0,8,0,8,0,0,38,2,40,0,0,46,2,48,48,6,54,102
02/02/2012,BAF,MA,ANE,EN,Federal Contract Tower,0,1,10,4,15,0,0,54,5,59,0,1,64,9,74,42,0,42,116
02/03/2012,BAF,MA,ANE,EN,Federal Contract Tower,0,1,14,1,16,0,0,83,7,90,0,1,97,8,106,110,0,110,216
02/04/2012,BAF,MA,ANE,EN,Federal Contract Tower,0,1,16,0,17,0,0,112,0,112,0,1,128,0,129,138,0,138,267
02/05/2012,BAF,MA,ANE,EN,Federal Contract Tower,0,0,20,1,21,0,0,116,0,116,0,0,136,1,137,88,0,88,225
02/06/2012,BAF,MA,ANE,EN,Federal Contract Tower,0,6,14,0,20,0,0,56,4,60,0,6,70,4,80,118,0,118,198
02/07/2012,BAF,MA,ANE,EN,Federal Contract Tower,0,2,10,6,18,0,0,62,9,71,0,2,72,15,89,60,20,80,169
02/08/2012,BAF,MA,ANE,EN,Federal Contract Tower,0,1,2,13,16,0,0,59,29,88,0,1,61,42,104,72,16,88,192
02/09/2012,BAF,MA,ANE,EN,Federal Contract Tower,0,2,14,8,24,0,0,78,18,96,0,2,92,26,120,78,14,92,212
02/10/2012,BAF,MA,ANE,EN,Federal Contract Tower,0,1,13,13,27,0,0,97,25,122,0,1,110,38,149,86,8,94,243
02/11/2012,BAF,MA,ANE,EN,Federal Contract Tower,0,0,2,0,2,0,0,5,0,5,0,0,7,0,7,6,2,8,15
02/12/2012,BAF,MA,ANE,EN,Federal Contract Tower,0,2,5,2,9,0,0,11,0,11,0,2,16,2,20,2,0,2,22
02/13/2012,BAF,MA,ANE,EN,Federal Contract Tower,0,0,7,3,10,0,0,60,2,62,0,0,67,5,72,142,8,150,222
02/14/2012,BAF,MA,ANE,EN,Federal Contract Tower,0,0,7,1,8,0,0,68,4,72,0,0,75,5,80,146,4,150,230
02/15/2012,BAF,MA,ANE,EN,Federal Contract Tower,0,1,9,2,12,0,0,38,6,44,0,1,47,8,56,76,10,86,142
02/16/2012,BAF,MA,ANE,EN,Federal Contract Tower,0,5,9,0,14,0,0,40,5,45,0,5,49,5,59,72,0,72,131
02/17/2012,BAF,MA,ANE,EN,Federal Contract Tower,0,1,7,1,9,0,0,44,4,48,0,1,51,5,57,38,4,42,99
02/18/2012,BAF,MA,ANE,EN,Federal Contract Tower,0,0,15,1,16,0,0,154,1,155,0,0,169,2,171,90,4,94,265
02/19/2012,BAF,MA,ANE,EN,Federal Contract Tower,0,0,8,0,8,0,0,149,0,149,0,0,157,0,157,126,0,126,283
02/20/2012,BAF,MA,ANE,EN,Federal Contract Tower,0,1,9,0,10,0,0,70,0,70,0,1,79,0,80,98,0,98,178
02/21/2012,BAF,MA,ANE,EN,Federal Contract Tower,0,1,9,10,20,0,0,58,9,67,0,1,67,19,87,84,12,96,183
02/22/2012,BAF,MA,ANE,EN,Federal Contract Tower,0,1,7,5,13,0,0,44,33,77,0,1,51,38,90,36,46,82,172
02/23/2012,BAF,MA,ANE,EN,Federal Contract Tower,0,0,0,8,8,0,0,21,13,34,0,0,21,21,42,28,12,40,82
02/24/2012,BAF,MA,ANE,EN,Federal Contract Tower,0,2,6,0,8,0,0,0,0,0,0,2,6,0,8,0,0,0,8
02/25/2012,BAF,MA,ANE,EN,Federal Contract Tower,0,1,7,0,8,0,0,0,0,0,0,1,7,0,8,0,0,0,8
02/26/2012,BAF,MA,ANE,EN,Federal Contract Tower,0,1,8,0,9,0,0,53,0,53,0,1,61,0,62,58,0,58,120
02/27/2012,BAF,MA,ANE,EN,Federal Contract Tower,0,7,6,4,17,0,0,42,2,44,0,7,48,6,61,20,4,24,85
02/28/2012,BAF,MA,ANE,EN,Federal Contract Tower,0,1,4,13,18,0,0,37,11,48,0,1,41,24,66,54,16,70,136
02/29/2012,BAF,MA,ANE,EN,Federal Contract Tower,0,0,1,7,8,0,0,21,7,28,0,0,22,14,36,48,0,48,84
03/01/2012,BAF,MA,ANE,EN,Federal Contract Tower,0,3,3,0,6,0,0,0,0,0,0,3,3,0,6,0,8,8,14
03/02/2012,BAF,MA,ANE,EN,Federal Contract Tower,0,3,6,5,14,0,0,3,11,14,0,3,9,16,28,18,0,18,46
03/03/2012,BAF,MA,ANE,EN,Federal Contract Tower,0,1,6,0,7,0,0,0,0,0,0,1,6,0,7,0,0,0,7
03/04/2012,BAF,MA,ANE,EN,Federal Contract Tower,0,6,2,2,10,0,0,97,4,101,0,6,99,6,111,88,12,100,211
03/05/2012,BAF,MA,ANE,EN,Federal Contract Tower,0,1,8,2,11,0,0,56,2,58,0,1,64,4,69,94,0,94,163
03/06/2012,BAF,MA,ANE,EN,Federal Contract Tower,0,3,11,6,20,0,0,72,16,88,0,3,83,22,108,82,22,104,212
03/07/2012,BAF,MA,ANE,EN,Federal Contract Tower,0,3,8,6,17,0,0,53,24,77,0,3,61,30,94,116,30,146,240
03/08/2012,BAF,MA,ANE,EN,Federal Contract Tower,0,0,10,12,22,0,0,31,13,44,0,0,41,25,66,24,18,42,108
03/09/2012,BAF,MA,ANE,EN,Federal Contract Tower,0,2,8,3,13,0,0,64,10,74,0,2,72,13,87,76,4,80,167
03/10/2012,BAF,MA,ANE,EN,Federal Contract Tower,0,2,8,0,10,0,0,101,0,101,0,2,109,0,111,94,0,94,205
03/11/2012,BAF,MA,ANE,EN,Federal Contract Tower,0,1,14,0,15,0,0,132,0,132,0,1,146,0,147,84,0,84,231
03/12/2012,BAF,MA,ANE,EN,Federal Contract Tower,0,3,17,1,21,0,0,67,2,69,0,3,84,3,90,100,0,100,190
03/13/2012,BAF,MA,ANE,EN,Federal Contract Tower,0,2,17,13,32,0,0,56,10,66,0,2,73,23,98,116,24,140,238
03/14/2012,BAF,MA,ANE,EN,Federal Contract Tower,0,1,13,10,24,0,0,82,25,107,0,1,95,35,131,76,48,124,255
03/15/2012,BAF,MA,ANE,EN,Federal Contract Tower,0,4,33,14,51,0,0,25,16,41,0,4,58,30,92,16,10,26,118
03/16/2012,BAF,MA,ANE,EN,Federal Contract Tower,0,2,38,9,49,0,0,0,8,8,0,2,38,17,57,16,28,44,101
03/17/2012,BAF,MA,ANE,EN,Federal Contract Tower,0,0,30,0,30,0,0,53,2,55,0,0,83,2,85,104,0,104,189
03/18/2012,BAF,MA,ANE,EN,Federal Contract Tower,0,4,35,0,39,0,0,99,0,99,0,4,134,0,138,84,0,84,222
03/19/2012,BAF,MA,ANE,EN,Federal Contract Tower,0,0,6,4,10,0,0,65,12,77,0,0,71,16,87,60,18,78,165
03/20/2012,BAF,MA,ANE,EN,Federal Contract Tower,0,1,7,12,20,0,0,52,13,65,0,1,59,25,85,72,16,88,173
03/21/2012,BAF,MA,ANE,EN,Federal Contract Tower,0,1,11,9,21,0,0,48,10,58,0,1,59,19,79,88,16,104,183
03/22/2012,BAF,MA,ANE,EN,Federal Contract Tower,0,2,9,10,21,0,0,63,15,78,0,2,72,25,99,74,0,74,173
03/23/2012,BAF,MA,ANE,EN,Federal Contract Tower,0,1,19,7,27,0,0,88,17,105,0,1,107,24,132,108,34,142,274
03/24/2012,BAF,MA,ANE,EN,Federal Contract Tower,0,0,9,0,9,0,0,124,0,124,0,0,133,0,133,44,0,44,177
03/25/2012,BAF,MA,ANE,EN,Federal Contract Tower,0,1,49,0,50,0,0,16,0,16,0,1,65,0,66,18,0,18,84
03/26/2012,BAF,MA,ANE,EN,Federal Contract Tower,0,2,10,0,12,0,0,4,0,4,0,2,14,0,16,0,0,0,16
03/27/2012,BAF,MA,ANE,EN,Federal Contract Tower,0,1,4,2,7,0,2,24,6,32,0,3,28,8,39,30,0,30,69
03/28/2012,BAF,MA,ANE,EN,Federal Contract Tower,0,3,10,5,18,0,0,33,10,43,0,3,43,15,61,42,56,98,159
03/29/2012,BAF,MA,ANE,EN,Federal Contract Tower,0,2,9,12,23,0,0,39,15,54,0,2,48,27,77,32,20,52,129
03/30/2012,BAF,MA,ANE,EN,Federal Contract Tower,0,1,12,5,18,0,0,72,10,82,0,1,84,15,100,94,4,98,198
03/31/2012,BAF,MA,ANE,EN,Federal Contract Tower,0,1,11,0,12,0,0,7,0,7,0,1,18,0,19,16,0,16,35
04/01/2012,BAF,MA,ANE,EN,Federal Contract Tower,0,0,20,0,20,0,0,54,0,54,0,0,74,0,74,86,0,86,160
04/02/2012,BAF,MA,ANE,EN,Federal Contract Tower,0,3,13,3,19,0,0,22,4,26,0,3,35,7,45,32,14,46,91
04/03/2012,BAF,MA,ANE,EN,Federal Contract Tower,0,1,10,5,16,0,0,62,4,66,0,1,72,9,82,62,6,68,150
04/04/2012,BAF,MA,ANE,EN,Federal Contract Tower,1,2,13,3,19,0,0,37,10,47,1,2,50,13,66,20,8,28,94
04/05/2012,BAF,MA,ANE,EN,Federal Contract Tower,0,1,10,6,17,0,0,39,8,47,0,1,49,14,64,2,4,6,70
04/06/2012,BAF,MA,ANE,EN,Federal Contract Tower,0,3,11,4,18,0,0,107,9,116,0,3,118,13,134,78,6,84,218
04/07/2012,BAF,MA,ANE,EN,Federal Contract Tower,0,2,10,0,12,0,0,88,0,88,0,2,98,0,100,92,0,92,192
04/08/2012,BAF,MA,ANE,EN,Federal Contract Tower,0,0,4,0,4,0,0,50,0,50,0,0,54,0,54,48,0,48,102
04/09/2012,BAF,MA,ANE,EN,Federal Contract Tower,0,2,12,0,14,0,0,19,0,19,0,2,31,0,33,6,0,6,39
04/10/2012,BAF,MA,ANE,EN,Federal Contract Tower,0,4,7,9,20,0,0,58,5,63,0,4,65,14,83,66,12,78,161
04/11/2012,BAF,MA,ANE,EN,Federal Contract Tower,0,1,7,2,10,0,0,42,19,61,0,1,49,21,71,58,16,74,145
04/12/2012,BAF,MA,ANE,EN,Federal Contract Tower,0,0,6,4,10,0,0,35,6,41,0,0,41,10,51,10,10,20,71
04/13/2012,BAF,MA,ANE,EN,Federal Contract Tower,0,0,17,2,19,0,0,85,3,88,0,0,102,5,107,68,2,70,177
04/14/2012,BAF,MA,ANE,EN,Federal Contract Tower,0,0,16,3,19,0,0,106,18,124,0,0,122,21,143,148,0,148,291
04/15/2012,BAF,MA,ANE,EN,Federal Contract Tower,0,1,15,0,16,0,0,81,14,95,0,1,96,14,111,84,0,84,195
04/16/2012,BAF,MA,ANE,EN,Federal Contract Tower,0,0,8,2,10,0,0,46,0,46,0,0,54,2,56,40,0,40,96
04/17/2012,BAF,MA,ANE,EN,Federal Contract Tower,0,4,12,6,22,0,0,55,10,65,0,4,67,16,87,70,4,74,161
04/18/2012,BAF,MA,ANE,EN,Federal Contract Tower,0,5,20,2,27,0,0,88,14,102,0,5,108,16,129,64,8,72,201
04/19/2012,BAF,MA,ANE,EN,Federal Contract Tower,0,2,3,6,11,0,0,95,12,107,0,2,98,18,118,28,14,42,160
04/20/2012,BAF,MA,ANE,EN,Federal Contract Tower,0,1,14,0,15,0,0,58,4,62,0,1,72,4,77,58,0,58,135
04/21/2012,BAF,MA,ANE,EN,Federal Contract Tower,0,1,19,5,25,0,0,48,1,49,0,1,67,6,74,84,0,84,158
04/22/2012,BAF,MA,ANE,EN,Federal Contract Tower,0,2,26,2,30,0,0,6,0,6,0,2,32,2,36,20,4,24,60
04/23/2012,BAF,MA,ANE,EN,Federal Contract Tower,0,2,15,0,17,0,0,0,0,0,0,2,15,0,17,0,0,0,17
04/24/2012,BAF,MA,ANE,EN,Federal Contract Tower,0,1,6,2,9,0,0,13,13,26,0,1,19,15,35,6,38,44,79
04/25/2012,BAF,MA,ANE,EN,Federal Contract Tower,0,1,13,5,19,0,0,50,11,61,0,1,63,16,80,42,22,64,144
04/26/2012,BAF,MA,ANE,EN,Federal Contract Tower,0,1,10,7,18,0,0,41,10,51,0,1,51,17,69,8,12,20,89
04/27/2012,BAF,MA,ANE,EN,Federal Contract Tower,0,4,7,0,11,0,0,9,3,12,0,4,16,3,23,4,0,4,27
04/28/2012,BAF,MA,ANE,EN,Federal Contract Tower,0,0,12,0,12,0,0,62,0,62,0,0,74,0,74,30,0,30,104
04/29/2012,BAF,MA,ANE,EN,Federal Contract Tower,0,6,9,0,15,0,0,113,0,113,0,6,122,0,128,10,0,10,138
04/30/2012,BAF,MA,ANE,EN,Federal Contract Tower,0,9,7,3,19,0,2,75,3,80,0,11,82,6,99,110,8,118,217
05/01/2012,BAF,MA,ANE,EN,Federal Contract Tower,0,1,15,2,18,0,0,1,0,1,0,1,16,2,19,4,0,4,23
05/02/2012,BAF,MA,ANE,EN,Federal Contract Tower,0,1,17,5,23,0,0,1,3,4,0,1,18,8,27,2,0,2,29
05/03/2012,BAF,MA,ANE,EN,Federal Contract Tower,0,1,17,4,22,0,0,1,0,1,0,1,18,4,23,2,0,2,25
05/04/2012,BAF,MA,ANE,EN,Federal Contract Tower,0,1,19,5,25,0,0,31,2,33,0,1,50,7,58,10,0,10,68
05/05/2012,BAF,MA,ANE,EN,Federal Contract Tower,0,5,24,4,33,0,0,32,7,39,0,5,56,11,72,10,8,18,90
05/06/2012,BAF,MA,ANE,EN,Federal Contract Tower,0,3,31,1,35,0,0,147,6,153,0,3,178,7,188,52,0,52,240
05/07/2012,BAF,MA,ANE,EN,Federal Contract Tower,0,3,15,0,18,0,0,80,0,80,0,3,95,0,98,108,0,108,206
05/08/2012,BAF,MA,ANE,EN,Federal Contract Tower,0,1,21,8,30,0,0,3,0,3,0,1,24,8,33,6,0,6,39
05/09/2012,BAF,MA,ANE,EN,Federal Contract Tower,0,1,15,2,18,0,0,0,0,0,0,1,15,2,18,6,0,6,24
05/10/2012,BAF,MA,ANE,EN,Federal Contract Tower,0,1,10,7,18,0,0,26,6,32,0,1,36,13,50,24,10,34,84
05/11/2012,BAF,MA,ANE,EN,Federal Contract Tower,0,0,11,0,11,0,0,33,2,35,0,0,44,2,46,40,0,40,86
05/12/2012,BAF,MA,ANE,EN,Federal Contract Tower,0,0,6,0,6,0,0,188,0,188,0,0,194,0,194,116,0,116,310
05/13/2012,BAF,MA,ANE,EN,Federal Contract Tower,0,2,2,0,4,0,0,65,0,65,0,2,67,0,69,42,0,42,111
05/14/2012,BAF,MA,ANE,EN,Federal Contract Tower,0,1,17,1,19,0,0,19,2,21,0,1,36,3,40,50,0,50,90
05/15/2012,BAF,MA,ANE,EN,Federal Contract Tower,0,0,21,4,25,0,0,23,5,28,0,0,44,9,53,36,12,48,101
05/16/2012,BAF,MA,ANE,EN,Federal Contract Tower,0,4,10,0,14,0,0,30,0,30,0,4,40,0,44,10,0,10,54
05/17/2012,BAF,MA,ANE,EN,Federal Contract Tower,0,1,5,5,11,0,0,87,5,92,0,1,92,10,103,60,0,60,163
05/18/2012,BAF,MA,ANE,EN,Federal Contract Tower,0,5,5,1,11,0,0,161,2,163,0,5,166,3,174,142,0,142,316
05/19/2012,BAF,MA,ANE,EN,Federal Contract Tower,0,0,11,0,11,0,0,165,1,166,0,0,176,1,177,80,0,80,257
05/20/2012,BAF,MA,ANE,EN,Federal Contract Tower,0,2,10,0,12,0,0,130,0,130,0,2,140,0,142,82,0,82,224
05/21/2012,BAF,MA,ANE,EN,Federal Contract Tower,0,0,10,0,10,0,0,6,3,9,0,0,16,3,19,24,14,38,57
05/22/2012,BAF,MA,ANE,EN,Federal Contract Tower,0,3,30,8,41,0,0,2,1,3,0,3,32,9,44,2,14,16,60
05/23/2012,BAF,MA,ANE,EN,Federal Contract Tower,0,2,11,0,13,0,0,50,9,59,0,2,61,9,72,44,2,46,118
05/24/2012,BAF,MA,ANE,EN,Federal Contract Tower,0,4,5,5,14,0,0,81,9,90,0,4,86,14,104,78,2,80,184
05/25/2012,BAF,MA,ANE,EN,Federal Contract Tower,0,5,13,2,20,0,0,19,0,19,0,5,32,2,39,26,0,26,65
05/26/2012,BAF,MA,ANE,EN,Federal Contract Tower,0,5,22,0,27,0,0,85,0,85,0,5,107,0,112,40,0,40,152
05/27/2012,BAF,MA,ANE,EN,Federal Contract Tower,0,2,13,0,15,0,0,108,0,108,0,2,121,0,123,66,0,66,189
05/28/2012,BAF,MA,ANE,EN,Federal Contract Tower,0,1,22,0,23,0,0,84,0,84,0,1,106,0,107,46,0,46,153
05/29/2012,BAF,MA,ANE,EN,Federal Contract Tower,0,1,14,6,21,0,0,53,7,60,0,1,67,13,81,48,6,54,135
05/30/2012,BAF,MA,ANE,EN,Federal Contract Tower,0,2,6,1,9,0,0,96,6,102,0,2,102,7,111,40,16,56,167
05/31/2012,BAF,MA,ANE,EN,Federal Contract Tower,0,4,8,4,16,0,0,86,9,95,0,4,94,13,111,38,4,42,153
06/01/2012,BAF,MA,ANE,EN,Federal Contract Tower,0,1,9,1,11,0,0,80,1,81,0,1,89,2,92,46,0,46,138
06/02/2012,BAF,MA,ANE,EN,Federal Contract Tower,0,1,4,1,6,0,0,4,2,6,0,1,8,3,12,14,4,18,30
06/03/2012,BAF,MA,ANE,EN,Federal Contract Tower,0,0,12,2,14,0,0,71,2,73,0,0,83,4,87,122,36,158,245
06/04/2012,BAF,MA,ANE,EN,Federal Contract Tower,0,1,14,3,18,0,0,2,0,2,0,1,16,3,20,0,14,14,34
06/05/2012,BAF,MA,ANE,EN,Federal Contract Tower,0,0,11,4,15,0,0,62,5,67,0,0,73,9,82,70,6,76,158
06/06/2012,BAF,MA,ANE,EN,Federal Contract Tower,0,2,19,0,21,0,0,86,5,91,0,2,105,5,112,36,2,38,150
06/07/2012,BAF,MA,ANE,EN,Federal Contract Tower,0,1,14,6,21,0,0,67,15,82,0,1,81,21,103,88,0,88,191
06/08/2012,BAF,MA,ANE,EN,Federal Contract Tower,0,2,12,0,14,0,0,95,10,105,0,2,107,10,119,50,0,50,169
06/09/2012,BAF,MA,ANE,EN,Federal Contract Tower,0,0,10,0,10,0,0,67,7,74,0,0,77,7,84,78,0,78,162
06/10/2012,BAF,MA,ANE,EN,Federal Contract Tower,0,0,10,0,10,0,0,102,2,104,0,0,112,2,114,94,2,96,210
06/11/2012,BAF,MA,ANE,EN,Federal Contract Tower,0,0,16,0,16,0,0,73,4,77,0,0,89,4,93,106,8,114,207
06/12/2012,BAF,MA,ANE,EN,Federal Contract Tower,0,2,24,10,36,0,0,18,3,21,0,2,42,13,57,4,6,10,67
06/13/2012,BAF,MA,ANE,EN,Federal Contract Tower,0,1,13,0,14,0,0,34,0,34,0,1,47,0,48,78,0,78,126
06/14/2012,BAF,MA,ANE,EN,Federal Contract Tower,0,1,20,4,25,0,0,97,15,112,0,1,117,19,137,70,0,70,207
06/15/2012,BAF,MA,ANE,EN,Federal Contract Tower,0,2,12,0,14,0,0,87,0,87,0,2,99,0,101,70,0,70,171
06/16/2012,BAF,MA,ANE,EN,Federal Contract Tower,0,0,4,0,4,0,0,130,3,133,0,0,134,3,137,76,0,76,213
06/17/2012,BAF,MA,ANE,EN,Federal Contract Tower,0,2,20,0,22,0,0,99,0,99,0,2,119,0,121,42,0,42,163
06/18/2012,BAF,MA,ANE,EN,Federal Contract Tower,0,2,10,0,12,0,0,68,0,68,0,2,78,0,80,80,0,80,160
06/19/2012,BAF,MA,ANE,EN,Federal Contract Tower,0,2,22,8,32,0,0,38,4,42,0,2,60,12,74,112,0,112,186
06/20/2012,BAF,MA,ANE,EN,Federal Contract Tower,0,2,8,0,10,0,0,53,2,55,0,2,61,2,65,56,2,58,123
06/21/2012,BAF,MA,ANE,EN,Federal Contract Tower,0,1,11,3,15,0,0,80,19,99,0,1,91,22,114,110,4,114,228
06/22/2012,BAF,MA,ANE,EN,Federal Contract Tower,0,4,11,0,15,0,0,50,0,50,0,4,61,0,65,44,0,44,109
06/23/2012,BAF,MA,ANE,EN,Federal Contract Tower,0,1,14,2,17,0,0,74,0,74,0,1,88,2,91,44,0,44,135
06/24/2012,BAF,MA,ANE,EN,Federal Contract Tower,0,2,17,0,19,0,0,115,0,115,0,2,132,0,134,114,0,114,248
06/25/2012,BAF,MA,ANE,EN,Federal Contract Tower,0,2,6,0,8,0,0,5,0,5,0,2,11,0,13,14,0,14,27
06/26/2012,BAF,MA,ANE,EN,Federal Contract Tower,0,2,15,11,28,0,0,54,13,67,0,2,69,24,95,64,20,84,179
06/27/2012,BAF,MA,ANE,EN,Federal Contract Tower,0,1,14,3,18,0,0,66,12,78,0,1,80,15,96,34,32,66,162
06/28/2012,BAF,MA,ANE,EN,Federal Contract Tower,0,3,18,2,23,0,0,89,11,100,0,3,107,13,123,84,26,110,233
06/29/2012,BAF,MA,ANE,EN,Federal Contract Tower,0,2,20,0,22,0,0,58,10,68,0,2,78,10,90,36,0,36,126
06/30/2012,BAF,MA,ANE,EN,Federal Contract Tower,0,0,14,0,14,0,0,69,0,69,0,0,83,0,83,48,0,48,131
07/01/2012,BAF,MA,ANE,EN,Federal Contract Tower,0,0,9,0,9,0,0,62,0,62,0,0,71,0,71,112,0,112,183
07/02/2012,BAF,MA,ANE,EN,Federal Contract Tower,0,3,13,1,17,0,0,77,6,83,0,3,90,7,100,40,6,46,146
07/03/2012,BAF,MA,ANE,EN,Federal Contract Tower,0,1,16,6,23,0,0,85,4,89,0,1,101,10,112,52,6,58,170
07/04/2012,BAF,MA,ANE,EN,Federal Contract Tower,0,0,7,0,7,0,0,38,4,42,0,0,45,4,49,20,0,20,69
07/05/2012,BAF,MA,ANE,EN,Federal Contract Tower,0,2,7,0,9,0,0,72,1,73,0,2,79,1,82,88,6,94,176
07/06/2012,BAF,MA,ANE,EN,Federal Contract Tower,0,2,12,0,14,0,0,71,1,72,0,2,83,1,86,86,0,86,172
07/07/2012,BAF,MA,ANE,EN,Federal Contract Tower,0,2,5,1,8,0,0,43,4,47,0,2,48,5,55,34,0,34,89
07/08/2012,BAF,MA,ANE,EN,Federal Contract Tower,0,3,11,0,14,0,0,102,0,102,0,3,113,0,116,90,0,90,206
07/09/2012,BAF,MA,ANE,EN,Federal Contract Tower,0,2,3,4,9,0,0,86,9,95,0,2,89,13,104,54,14,68,172
07/10/2012,BAF,MA,ANE,EN,Federal Contract Tower,2,1,13,3,19,0,0,99,5,104,2,1,112,8,123,104,0,104,227
07/11/2012,BAF,MA,ANE,EN,Federal Contract Tower,0,0,7,0,7,0,0,70,2,72,0,0,77,2,79,50,0,50,129
07/12/2012,BAF,MA,ANE,EN,Federal Contract Tower,0,4,17,5,26,0,0,131,22,153,0,4,148,27,179,104,12,116,295
07/13/2012,BAF,MA,ANE,EN,Federal Contract Tower,0,0,10,0,10,0,0,80,6,86,0,0,90,6,96,50,12,62,158
07/14/2012,BAF,MA,ANE,EN,Federal Contract Tower,0,3,5,2,10,0,0,60,2,62,0,3,65,4,72,72,0,72,144
07/15/2012,BAF,MA,ANE,EN,Federal Contract Tower,0,2,14,0,16,0,0,50,0,50,0,2,64,0,66,38,0,38,104
07/16/2012,BAF,MA,ANE,EN,Federal Contract Tower,0,3,8,1,12,0,0,73,3,76,0,3,81,4,88,92,0,92,180
07/17/2012,BAF,MA,ANE,EN,Federal Contract Tower,0,0,8,4,12,0,0,74,11,85,0,0,82,15,97,50,2,52,149
07/18/2012,BAF,MA,ANE,EN,Federal Contract Tower,0,2,9,0,11,0,0,26,6,32,0,2,35,6,43,6,0,6,49
07/19/2012,BAF,MA,ANE,EN,Federal Contract Tower,0,4,6,4,14,0,0,81,14,95,0,4,87,18,109,46,8,54,163
07/20/2012,BAF,MA,ANE,EN,Federal Contract Tower,0,1,25,0,26,0,0,48,3,51,0,1,73,3,77,60,0,60,137
07/21/2012,BAF,MA,ANE,EN,Federal Contract Tower,0,0,7,0,7,0,0,100,0,100,0,0,107,0,107,88,0,88,195
07/22/2012,BAF,MA,ANE,EN,Federal Contract Tower,0,2,15,0,17,0,0,105,0,105,0,2,120,0,122,40,0,40,162
07/23/2012,BAF,MA,ANE,EN,Federal Contract Tower,0,3,11,4,18,0,0,19,2,21,0,3,30,6,39,20,8,28,67
07/24/2012,BAF,MA,ANE,EN,Federal Contract Tower,0,0,8,8,16,0,0,43,17,60,0,0,51,25,76,48,12,60,136
07/25/2012,BAF,MA,ANE,EN,Federal Contract Tower,0,0,12,2,14,0,0,99,7,106,0,0,111,9,120,96,6,102,222
07/26/2012,BAF,MA,ANE,EN,Federal Contract Tower,0,3,13,5,21,0,0,43,3,46,0,3,56,8,67,44,20,64,131
07/27/2012,BAF,MA,ANE,EN,Federal Contract Tower,0,5,17,3,25,0,0,72,7,79,0,5,89,10,104,76,18,94,198
07/28/2012,BAF,MA,ANE,EN,Federal Contract Tower,0,0,4,0,4,0,0,16,0,16,0,0,20,0,20,30,0,30,50
07/29/2012,BAF,MA,ANE,EN,Federal Contract Tower,0,4,22,0,26,0,0,17,0,17,0,4,39,0,43,6,0,6,49
07/30/2012,BAF,MA,ANE,EN,Federal Contract Tower,0,1,14,0,15,0,0,87,9,96,0,1,101,9,111,168,14,182,293
07/31/2012,BAF,MA,ANE,EN,Federal Contract Tower,0,0,22,6,28,0,0,71,13,84,0,0,93,19,112,104,10,114,226
08/01/2012,BAF,MA,ANE,EN,Federal Contract Tower,0,0,22,4,26,0,0,54,11,65,0,0,76,15,91,114,0,114,205
08/02/2012,BAF,MA,ANE,EN,Federal Contract Tower,0,0,19,5,24,0,0,104,17,121,0,0,123,22,145,72,54,126,271
08/03/2012,BAF,MA,ANE,EN,Federal Contract Tower,2,1,13,4,20,0,0,66,4,70,2,1,79,8,90,64,8,72,162
08/04/2012,BAF,MA,ANE,EN,Federal Contract Tower,0,1,12,1,14,0,0,40,3,43,0,1,52,4,57,14,4,18,75
08/05/2012,BAF,MA,ANE,EN,Federal Contract Tower,0,0,15,2,17,0,0,20,6,26,0,0,35,8,43,10,6,16,59
08/06/2012,BAF,MA,ANE,EN,Federal Contract Tower,0,0,12,2,14,0,0,54,6,60,0,0,66,8,74,30,4,34,108
08/07/2012,BAF,MA,ANE,EN,Federal Contract Tower,0,0,7,6,13,0,0,110,7,117,0,0,117,13,130,18,54,72,202
08/08/2012,BAF,MA,ANE,EN,Federal Contract Tower,0,0,18,9,27,0,0,91,9,100,0,0,109,18,127,48,14,62,189
08/09/2012,BAF,MA,ANE,EN,Federal Contract Tower,0,3,19,6,28,0,0,39,4,43,0,3,58,10,71,30,22,52,123
08/10/2012,BAF,MA,ANE,EN,Federal Contract Tower,0,1,10,2,13,0,0,0,1,1,0,1,10,3,14,0,14,14,28
08/11/2012,BAF,MA,ANE,EN,Federal Contract Tower,0,0,11,1,12,0,0,4,0,4,0,0,15,1,16,0,0,0,16
08/12/2012,BAF,MA,ANE,EN,Federal Contract Tower,0,1,31,4,36,0,0,74,5,79,0,1,105,9,115,66,6,72,187
08/13/2012,BAF,MA,ANE,EN,Federal Contract Tower,0,0,20,0,20,0,0,108,7,115,0,0,128,7,135,100,0,100,235
08/14/2012,BAF,MA,ANE,EN,Federal Contract Tower,0,2,13,10,25,0,0,71,12,83,0,2,84,22,108,60,12,72,180
08/15/2012,BAF,MA,ANE,EN,Federal Contract Tower,0,1,15,10,26,0,0,27,16,43,0,1,42,26,69,28,28,56,125
08/16/2012,BAF,MA,ANE,EN,Federal Contract Tower,0,2,8,4,14,0,0,92,13,105,0,2,100,17,119,90,2,92,211
08/17/2012,BAF,MA,ANE,EN,Federal Contract Tower,0,2,15,6,23,0,0,93,6,99,0,2,108,12,122,102,8,110,232
08/18/2012,BAF,MA,ANE,EN,Federal Contract Tower,0,0,9,0,9,0,0,64,0,64,0,0,73,0,73,88,0,88,161
08/19/2012,BAF,MA,ANE,EN,Federal Contract Tower,0,0,7,0,7,0,0,99,0,99,0,0,106,0,106,102,2,104,210
08/20/2012,BAF,MA,ANE,EN,Federal Contract Tower,0,3,13,5,21,0,0,76,15,91,0,3,89,20,112,86,12,98,210
08/21/2012,BAF,MA,ANE,EN,Federal Contract Tower,0,1,6,9,16,0,0,94,11,105,0,1,100,20,121,100,32,132,253
08/22/2012,BAF,MA,ANE,EN,Federal Contract Tower,0,0,15,8,23,0,0,81,19,100,0,0,96,27,123,90,46,136,259
08/23/2012,BAF,MA,ANE,EN,Federal Contract Tower,0,5,10,10,25,0,0,104,11,115,0,5,114,21,140,144,28,172,312
08/24/2012,BAF,MA,ANE,EN,Federal Contract Tower,0,4,14,7,25,0,0,54,9,63,0,4,68,16,88,34,20,54,142
08/25/2012,BAF,MA,ANE,EN,Federal Contract Tower,0,1,14,1,16,0,0,61,0,61,0,1,75,1,77,54,0,54,131
08/26/2012,BAF,MA,ANE,EN,Federal Contract Tower,0,2,9,3,14,0,0,91,0,91,0,2,100,3,105,80,0,80,185
08/27/2012,BAF,MA,ANE,EN,Federal Contract Tower,0,1,23,2,26,0,0,67,5,72,0,1,90,7,98,52,6,58,156
08/28/2012,BAF,MA,ANE,EN,Federal Contract Tower,0,0,21,2,23,0,0,65,7,72,0,0,86,9,95,48,44,92,187
08/29/2012,BAF,MA,ANE,EN,Federal Contract Tower,0,0,15,9,24,0,0,99,18,117,0,0,114,27,141,54,22,76,217
08/30/2012,BAF,MA,ANE,EN,Federal Contract Tower,0,2,13,8,23,0,0,85,11,96,0,2,98,19,119,60,20,80,199
08/31/2012,BAF,MA,ANE,EN,Federal Contract Tower,0,2,16,8,26,0,0,73,9,82,0,2,89,17,108,28,17,45,153
09/01/2012,BAF,MA,ANE,EN,Federal Contract Tower,0,1,13,0,14,0,0,129,2,131,0,1,142,2,145,82,0,82,227
09/02/2012,BAF,MA,ANE,EN,Federal Contract Tower,0,3,9,0,12,0,0,73,0,73,0,3,82,0,85,34,0,34,119
09/03/2012,BAF,MA,ANE,EN,Federal Contract Tower,0,1,17,0,18,0,0,61,0,61,0,1,78,0,79,12,0,12,91
09/04/2012,BAF,MA,ANE,EN,Federal Contract Tower,0,1,24,13,38,0,0,3,0,3,0,1,27,13,41,6,0,6,47
09/05/2012,BAF,MA,ANE,EN,Federal Contract Tower,0,2,14,12,28,0,0,36,6,42,0,2,50,18,70,74,4,78,148
09/06/2012,BAF,MA,ANE,EN,Federal Contract Tower,0,6,18,10,34,0,0,43,13,56,0,6,61,23,90,26,16,42,132
09/07/2012,BAF,MA,ANE,EN,Federal Contract Tower,0,4,28,6,38,0,0,76,20,96,0,4,104,26,134,76,26,102,236
09/08/2012,BAF,MA,ANE,EN,Federal Contract Tower,0,3,14,9,26,0,0,11,4,15,0,3,25,13,41,12,0,12,53
09/09/2012,BAF,MA,ANE,EN,Federal Contract Tower,0,1,20,2,23,0,1,96,9,106,0,2,116,11,129,82,0,82,211
09/10/2012,BAF,MA,ANE,EN,Federal Contract Tower,0,0,10,2,12,0,0,53,2,55,0,0,63,4,67,42,8,50,117
09/11/2012,BAF,MA,ANE,EN,Federal Contract Tower,0,0,14,9,23,0,0,86,23,109,0,0,100,32,132,56,12,68,200
09/12/2012,BAF,MA,ANE,EN,Federal Contract Tower,0,2,3,9,14,0,0,64,13,77,0,2,67,22,91,76,24,100,191
09/13/2012,BAF,MA,ANE,EN,Federal Contract Tower,0,0,7,3,10,0,0,91,20,111,0,0,98,23,121,52,4,56,177
09/14/2012,BAF,MA,ANE,EN,Federal Contract Tower,0,0,24,8,32,0,0,96,19,115,0,0,120,27,147,42,0,42,189
09/15/2012,BAF,MA,ANE,EN,Federal Contract Tower,0,1,15,0,16,0,0,73,0,73,0,1,88,0,89,40,0,40,129
09/16/2012,BAF,MA,ANE,EN,Federal Contract Tower,0,3,16,2,21,0,0,125,0,125,0,3,141,2,146,90,8,98,244
09/17/2012,BAF,MA,ANE,EN,Federal Contract Tower,0,2,12,9,23,0,0,76,16,92,0,2,88,25,115,98,30,128,243
09/18/2012,BAF,MA,ANE,EN,Federal Contract Tower,0,2,11,10,23,0,0,0,0,0,0,2,11,10,23,0,0,0,23
09/19/2012,BAF,MA,ANE,EN,Federal Contract Tower,0,2,13,4,19,0,0,49,19,68,0,2,62,23,87,32,26,58,145
09/20/2012,BAF,MA,ANE,EN,Federal Contract Tower,0,7,17,7,31,0,0,87,8,95,0,7,104,15,126,116,8,124,250
09/21/2012,BAF,MA,ANE,EN,Federal Contract Tower,0,1,8,5,14,0,0,85,14,99,0,1,93,19,113,54,16,70,183
09/22/2012,BAF,MA,ANE,EN,Federal Contract Tower,0,1,18,0,19,0,0,43,0,43,0,1,61,0,62,42,0,42,104
09/23/2012,BAF,MA,ANE,EN,Federal Contract Tower,0,4,10,1,15,0,0,118,4,122,0,4,128,5,137,20,0,20,157
09/24/2012,BAF,MA,ANE,EN,Federal Contract Tower,0,4,18,2,24,0,0,70,8,78,0,4,88,10,102,24,8,32,134
09/25/2012,BAF,MA,ANE,EN,Federal Contract Tower,0,6,7,4,17,0,0,88,8,96,0,6,95,12,113,70,14,84,197
09/26/2012,BAF,MA,ANE,EN,Federal Contract Tower,0,3,24,8,35,0,0,34,10,44,0,3,58,18,79,54,22,76,155
09/27/2012,BAF,MA,ANE,EN,Federal Contract Tower,0,9,11,7,27,0,0,86,14,100,0,9,97,21,127,86,6,92,219
09/28/2012,BAF,MA,ANE,EN,Federal Contract Tower,0,7,16,0,23,0,0,0,0,0,0,7,16,0,23,0,0,0,23
09/29/2012,BAF,MA,ANE,EN,Federal Contract Tower,0,4,30,0,34,0,0,12,0,12,0,4,42,0,46,14,0,14,60
09/30/2012,BAF,MA,ANE,EN,Federal Contract Tower,0,3,24,0,27,0,0,33,0,33,0,3,57,0,60,28,0,28,88
10/01/2012,BAF,MA,ANE,EN,Federal Contract Tower,0,0,8,5,13,0,0,42,8,50,0,0,50,13,63,60,16,76,139
10/02/2012,BAF,MA,ANE,EN,Federal Contract Tower,0,6,15,8,29,0,0,39,8,47,0,6,54,16,76,44,6,50,126
10/03/2012,BAF,MA,ANE,EN,Federal Contract Tower,0,2,5,0,7,0,0,0,0,0,0,2,5,0,7,0,0,0,7
10/04/2012,BAF,MA,ANE,EN,Federal Contract Tower,0,4,16,2,22,0,0,0,0,0,0,4,16,2,22,0,2,2,24
10/05/2012,BAF,MA,ANE,EN,Federal Contract Tower,0,0,9,1,10,0,0,105,15,120,0,0,114,16,130,88,12,100,230
10/06/2012,BAF,MA,ANE,EN,Federal Contract Tower,0,2,14,0,16,0,0,53,0,53,0,2,67,0,69,66,0,66,135
10/07/2012,BAF,MA,ANE,EN,Federal Contract Tower,0,1,10,0,11,0,0,57,0,57,0,1,67,0,68,46,0,46,114
10/08/2012,BAF,MA,ANE,EN,Federal Contract Tower,0,3,18,0,21,0,0,76,0,76,0,3,94,0,97,84,0,84,181
10/09/2012,BAF,MA,ANE,EN,Federal Contract Tower,0,3,15,5,23,0,0,29,11,40,0,3,44,16,63,38,8,46,109
10/10/2012,BAF,MA,ANE,EN,Federal Contract Tower,0,7,10,5,22,0,0,1,9,10,0,7,11,14,32,4,18,22,54
10/11/2012,BAF,MA,ANE,EN,Federal Contract Tower,0,2,11,10,23,0,2,90,17,109,0,4,101,27,132,60,38,98,230
10/12/2012,BAF,MA,ANE,EN,Federal Contract Tower,0,3,9,7,19,0,0,92,15,107,0,3,101,22,126,242,0,242,368
10/13/2012,BAF,MA,ANE,EN,Federal Contract Tower,0,9,7,9,25,0,0,161,15,176,0,9,168,24,201,252,9,261,462
10/14/2012,BAF,MA,ANE,EN,Federal Contract Tower,0,1,10,4,15,0,0,45,12,57,0,1,55,16,72,22,8,30,102
10/15/2012,BAF,MA,ANE,EN,Federal Contract Tower,0,2,12,0,14,0,0,22,0,22,0,2,34,0,36,18,0,18,54
10/16/2012,BAF,MA,ANE,EN,Federal Contract Tower,0,1,9,7,17,0,0,37,6,43,0,1,46,13,60,34,14,48,108
10/17/2012,BAF,MA,ANE,EN,Federal Contract Tower,0,2,12,10,24,0,0,83,6,89,0,2,95,16,113,82,8,90,203
10/18/2012,BAF,MA,ANE,EN,Federal Contract Tower,0,1,9,7,17,0,0,97,9,106,0,1,106,16,123,110,10,120,243
10/19/2012,BAF,MA,ANE,EN,Federal Contract Tower,0,8,21,4,33,0,0,0,0,0,0,8,21,4,33,0,4,4,37
10/20/2012,BAF,MA,ANE,EN,Federal Contract Tower,0,2,24,0,26,0,0,76,0,76,0,2,100,0,102,76,0,76,178
10/21/2012,BAF,MA,ANE,EN,Federal Contract Tower,0,7,18,0,25,0,0,92,4,96,0,7,110,4,121,40,0,40,161
10/22/2012,BAF,MA,ANE,EN,Federal Contract Tower,0,2,2,1,5,0,0,44,8,52,0,2,46,9,57,44,6,50,107
10/23/2012,BAF,MA,ANE,EN,Federal Contract Tower,0,1,11,11,23,0,0,57,21,78,0,1,68,32,101,46,42,88,189
10/24/2012,BAF,MA,ANE,EN,Federal Contract Tower,0,1,11,14,26,0,0,35,8,43,0,1,46,22,69,70,6,76,145
10/25/2012,BAF,MA,ANE,EN,Federal Contract Tower,0,1,23,12,36,0,0,82,16,98,0,1,105,28,134,94,10,104,238
10/26/2012,BAF,MA,ANE,EN,Federal Contract Tower,0,0,45,4,49,0,0,78,13,91,0,0,123,17,140,88,6,94,234
10/27/2012,BAF,MA,ANE,EN,Federal Contract Tower,0,5,39,0,44,0,0,27,0,27,0,5,66,0,71,42,0,42,113
10/28/2012,BAF,MA,ANE,EN,Federal Contract Tower,0,5,22,0,27,0,0,16,0,16,0,5,38,0,43,20,0,20,63
10/29/2012,BAF,MA,ANE,EN,Federal Contract Tower,0,0,0,0,0,0,0,0,0,0,0,0,0,0,0,0,0,0,0
10/30/2012,BAF,MA,ANE,EN,Federal Contract Tower,0,0,0,0,0,0,0,3,8,11,0,0,3,8,11,0,0,0,11
10/31/2012,BAF,MA,ANE,EN,Federal Contract Tower,0,1,7,0,8,0,0,18,4,22,0,1,25,4,30,24,0,24,54
11/01/2012,BAF,MA,ANE,EN,Federal Contract Tower,0,1,7,0,8,0,0,31,5,36,0,1,38,5,44,38,0,38,82
11/02/2012,BAF,MA,ANE,EN,Federal Contract Tower,0,4,7,20,31,0,0,42,22,64,0,4,49,42,95,72,6,78,173
11/03/2012,BAF,MA,ANE,EN,Federal Contract Tower,0,0,7,16,23,0,0,104,15,119,0,0,111,31,142,104,24,128,270
11/04/2012,BAF,MA,ANE,EN,Federal Contract Tower,0,2,13,0,15,0,0,109,4,113,0,2,122,4,128,78,0,78,206
11/05/2012,BAF,MA,ANE,EN,Federal Contract Tower,0,5,3,0,8,0,0,48,0,48,0,5,51,0,56,78,0,78,134
11/06/2012,BAF,MA,ANE,EN,Federal Contract Tower,0,4,11,12,27,0,0,79,16,95,0,4,90,28,122,84,16,100,222
11/07/2012,BAF,MA,ANE,EN,Federal Contract Tower,0,3,5,5,13,0,0,2,14,16,0,3,7,19,29,0,12,12,41
11/08/2012,BAF,MA,ANE,EN,Federal Contract Tower,0,2,5,11,18,0,0,0,9,9,0,2,5,20,27,0,20,20,47
11/09/2012,BAF,MA,ANE,EN,Federal Contract Tower,0,1,8,4,13,0,0,59,14,73,0,1,67,18,86,62,20,82,168
11/10/2012,BAF,MA,ANE,EN,Federal Contract Tower,0,0,7,1,8,0,0,87,0,87,0,0,94,1,95,60,0,60,155
11/11/2012,BAF,MA,ANE,EN,Federal Contract Tower,0,3,9,2,14,0,0,118,0,118,0,3,127,2,132,66,0,66,198
11/12/2012,BAF,MA,ANE,EN,Federal Contract Tower,0,2,19,2,23,0,0,28,0,28,0,2,47,2,51,30,0,30,81
11/13/2012,BAF,MA,ANE,EN,Federal Contract Tower,0,1,15,11,27,0,0,4,10,14,0,1,19,21,41,2,28,30,71
11/14/2012,BAF,MA,ANE,EN,Federal Contract Tower,0,3,16,20,39,0,0,63,27,90,0,3,79,47,129,72,32,104,233
11/15/2012,BAF,MA,ANE,EN,Federal Contract Tower,0,0,12,10,22,0,0,1,0,1,0,0,13,10,23,44,8,52,75
11/16/2012,BAF,MA,ANE,EN,Federal Contract Tower,0,2,9,7,18,0,0,64,16,80,0,2,73,23,98,52,12,64,162
11/17/2012,BAF,MA,ANE,EN,Federal Contract Tower,0,3,13,1,17,0,0,99,0,99,0,3,112,1,116,60,0,60,176
11/18/2012,BAF,MA,ANE,EN,Federal Contract Tower,0,0,7,0,7,0,0,92,0,92,0,0,99,0,99,98,0,98,197
11/19/2012,BAF,MA,ANE,EN,Federal Contract Tower,0,0,9,16,25,0,0,43,21,64,0,0,52,37,89,34,12,46,135
11/20/2012,BAF,MA,ANE,EN,Federal Contract Tower,0,0,11,11,22,0,0,56,12,68,0,0,67,23,90,80,22,102,192
11/21/2012,BAF,MA,ANE,EN,Federal Contract Tower,0,2,5,11,18,0,1,95,9,105,0,3,100,20,123,78,14,92,215
11/22/2012,BAF,MA,ANE,EN,Federal Contract Tower,0,0,0,0,0,0,0,20,0,20,0,0,20,0,20,30,0,30,50
11/23/2012,BAF,MA,ANE,EN,Federal Contract Tower,0,0,19,1,20,0,0,107,1,108,0,0,126,2,128,80,0,80,208
11/24/2012,BAF,MA,ANE,EN,Federal Contract Tower,0,1,2,0,3,0,0,16,0,16,0,1,18,0,19,24,0,24,43
11/25/2012,BAF,MA,ANE,EN,Federal Contract Tower,0,2,24,0,26,0,0,44,0,44,0,2,68,0,70,22,0,22,92
11/26/2012,BAF,MA,ANE,EN,Federal Contract Tower,0,0,11,10,21,0,0,51,13,64,0,0,62,23,85,44,8,52,137
11/27/2012,BAF,MA,ANE,EN,Federal Contract Tower,0,3,7,6,16,0,0,0,0,0,0,3,7,6,16,0,0,0,16
11/28/2012,BAF,MA,ANE,EN,Federal Contract Tower,0,4,6,13,23,0,0,48,14,62,0,4,54,27,85,50,22,72,157
11/29/2012,BAF,MA,ANE,EN,Federal Contract Tower,0,0,5,12,17,0,2,56,6,64,0,2,61,18,81,48,8,56,137
11/30/2012,BAF,MA,ANE,EN,Federal Contract Tower,0,1,16,3,20,0,0,49,13,62,0,1,65,16,82,60,10,70,152
12/01/2012,BAF,MA,ANE,EN,Federal Contract Tower,0,1,6,12,19,0,0,0,29,29,0,1,6,41,48,0,34,34,82
12/02/2012,BAF,MA,ANE,EN,Federal Contract Tower,0,1,3,0,4,0,0,0,0,0,0,1,3,0,4,2,0,2,6
12/03/2012,BAF,MA,ANE,EN,Federal Contract Tower,0,2,11,0,13,0,0,68,2,70,0,2,79,2,83,70,0,70,153
12/04/2012,BAF,MA,ANE,EN,Federal Contract Tower,0,2,34,6,42,0,0,11,3,14,0,2,45,9,56,26,6,32,88
12/05/2012,BAF,MA,ANE,EN,Federal Contract Tower,0,0,8,4,12,0,0,36,16,52,0,0,44,20,64,64,10,74,138
12/06/2012,BAF,MA,ANE,EN,Federal Contract Tower,0,7,9,8,24,0,0,68,7,75,0,7,77,15,99,32,4,36,135
12/07/2012,BAF,MA,ANE,EN,Federal Contract Tower,0,3,18,8,29,0,0,15,4,19,0,3,33,12,48,22,0,22,70
12/08/2012,BAF,MA,ANE,EN,Federal Contract Tower,0,1,10,0,11,0,0,0,0,0,0,1,10,0,11,0,0,0,11
12/09/2012,BAF,MA,ANE,EN,Federal Contract Tower,0,1,17,0,18,0,0,78,0,78,0,1,95,0,96,50,0,50,146
12/10/2012,BAF,MA,ANE,EN,Federal Contract Tower,0,0,3,0,3,0,0,0,0,0,0,0,3,0,3,0,0,0,3
12/11/2012,BAF,MA,ANE,EN,Federal Contract Tower,0,4,9,12,25,0,0,54,26,80,0,4,63,38,105,52,6,58,163
12/12/2012,BAF,MA,ANE,EN,Federal Contract Tower,0,2,2,12,16,0,0,59,27,86,0,2,61,39,102,70,4,74,176
12/13/2012,BAF,MA,ANE,EN,Federal Contract Tower,0,1,13,13,27,0,0,87,13,100,0,1,100,26,127,96,0,96,223
12/14/2012,BAF,MA,ANE,EN,Federal Contract Tower,0,1,10,0,11,0,2,61,7,70,0,3,71,7,81,54,2,56,137
12/15/2012,BAF,MA,ANE,EN,Federal Contract Tower,0,2,17,0,19,0,0,118,0,118,0,2,135,0,137,82,0,82,219
12/16/2012,BAF,MA,ANE,EN,Federal Contract Tower,0,0,1,0,1,0,0,0,0,0,0,0,1,0,1,0,0,0,1
12/17/2012,BAF,MA,ANE,EN,Federal Contract Tower,1,4,2,0,7,0,0,0,0,0,1,4,2,0,7,0,0,0,7
12/18/2012,BAF,MA,ANE,EN,Federal Contract Tower,0,0,2,12,14,0,0,0,3,3,0,0,2,15,17,0,0,0,17
12/19/2012,BAF,MA,ANE,EN,Federal Contract Tower,0,3,10,16,29,0,0,45,29,74,0,3,55,45,103,32,26,58,161
12/20/2012,BAF,MA,ANE,EN,Federal Contract Tower,0,2,14,10,26,0,0,48,9,57,0,2,62,19,83,80,18,98,181
12/21/2012,BAF,MA,ANE,EN,Federal Contract Tower,0,1,8,0,9,0,0,0,0,0,0,1,8,0,9,0,0,0,9
12/22/2012,BAF,MA,ANE,EN,Federal Contract Tower,0,1,1,0,2,0,0,1,0,1,0,1,2,0,3,6,0,6,9
12/23/2012,BAF,MA,ANE,EN,Federal Contract Tower,0,1,12,0,13,0,0,63,0,63,0,1,75,0,76,26,0,26,102
12/24/2012,BAF,MA,ANE,EN,Federal Contract Tower,0,1,0,0,1,0,0,61,0,61,0,1,61,0,62,80,0,80,142
12/25/2012,BAF,MA,ANE,EN,Federal Contract Tower,0,0,0,0,0,0,0,6,0,6,0,0,6,0,6,0,0,0,6
12/26/2012,BAF,MA,ANE,EN,Federal Contract Tower,0,0,1,6,7,0,0,23,20,43,0,0,24,26,50,40,0,40,90
12/27/2012,BAF,MA,ANE,EN,Federal Contract Tower,0,3,1,0,4,0,0,0,0,0,0,3,1,0,4,0,0,0,4
12/28/2012,BAF,MA,ANE,EN,Federal Contract Tower,0,0,9,0,9,0,0,37,0,37,0,0,46,0,46,68,0,68,114
12/29/2012,BAF,MA,ANE,EN,Federal Contract Tower,0,0,2,0,2,0,0,2,0,2,0,0,4,0,4,6,0,6,10
12/30/2012,BAF,MA,ANE,EN,Federal Contract Tower,0,0,1,0,1,0,0,7,0,7,0,0,8,0,8,0,0,0,8
12/31/2012,BAF,MA,ANE,EN,Federal Contract Tower,0,0,3,0,3,0,0,25,8,33,0,0,28,8,36,22,28,50,86
01/01/2013,BAF,MA,ANE,EN,Federal Contract Tower,0,1,4,0,5,0,0,17,0,17,0,1,21,0,22,24,0,24,46
01/02/2013,BAF,MA,ANE,EN,Federal Contract Tower,0,2,6,2,10,0,0,38,5,43,0,2,44,7,53,46,2,48,101
01/03/2013,BAF,MA,ANE,EN,Federal Contract Tower,0,1,3,11,15,0,0,39,13,52,0,1,42,24,67,18,10,28,95
01/04/2013,BAF,MA,ANE,EN,Federal Contract Tower,0,3,7,6,16,0,0,37,11,48,0,3,44,17,64,42,0,42,106
01/05/2013,BAF,MA,ANE,EN,Federal Contract Tower,0,2,3,5,10,0,0,48,2,50,0,2,51,7,60,30,0,30,90
01/06/2013,BAF,MA,ANE,EN,Federal Contract Tower,0,4,11,8,23,0,0,62,9,71,0,4,73,17,94,90,14,104,198
01/07/2013,BAF,MA,ANE,EN,Federal Contract Tower,0,1,4,11,16,0,0,56,19,75,0,1,60,30,91,42,6,48,139
01/08/2013,BAF,MA,ANE,EN,Federal Contract Tower,0,1,10,1,12,0,0,76,10,86,0,1,86,11,98,56,10,66,164
01/09/2013,BAF,MA,ANE,EN,Federal Contract Tower,0,2,6,2,10,0,0,2,0,2,0,2,8,2,12,26,0,26,38
01/10/2013,BAF,MA,ANE,EN,Federal Contract Tower,0,3,8,3,14,0,0,58,10,68,0,3,66,13,82,36,0,36,118
01/11/2013,BAF,MA,ANE,EN,Federal Contract Tower,0,0,22,0,22,0,0,29,3,32,0,0,51,3,54,82,0,82,136
01/12/2013,BAF,MA,ANE,EN,Federal Contract Tower,0,1,6,0,7,0,0,0,0,0,0,1,6,0,7,0,0,0,7
01/13/2013,BAF,MA,ANE,EN,Federal Contract Tower,0,1,5,0,6,0,0,0,0,0,0,1,5,0,6,4,0,4,10
01/14/2013,BAF,MA,ANE,EN,Federal Contract Tower,0,2,11,1,14,0,0,36,2,38,0,2,47,3,52,4,0,4,56
01/15/2013,BAF,MA,ANE,EN,Federal Contract Tower,0,0,10,10,20,0,0,67,8,75,0,0,77,18,95,72,14,86,181
01/16/2013,BAF,MA,ANE,EN,Federal Contract Tower,0,3,8,6,17,0,0,0,0,0,0,3,8,6,17,0,0,0,17
01/17/2013,BAF,MA,ANE,EN,Federal Contract Tower,0,1,5,12,18,0,0,33,19,52,0,1,38,31,70,38,18,56,126
01/18/2013,BAF,MA,ANE,EN,Federal Contract Tower,0,1,8,3,12,0,0,37,20,57,0,1,45,23,69,28,16,44,113
01/19/2013,BAF,MA,ANE,EN,Federal Contract Tower,0,2,9,0,11,0,0,76,0,76,0,2,85,0,87,66,0,66,153
01/20/2013,BAF,MA,ANE,EN,Federal Contract Tower,0,0,9,0,9,0,0,49,0,49,0,0,58,0,58,22,0,22,80
01/21/2013,BAF,MA,ANE,EN,Federal Contract Tower,0,0,9,0,9,0,0,48,0,48,0,0,57,0,57,96,0,96,153
01/22/2013,BAF,MA,ANE,EN,Federal Contract Tower,0,4,6,11,21,0,0,18,14,32,0,4,24,25,53,0,14,14,67
01/23/2013,BAF,MA,ANE,EN,Federal Contract Tower,0,2,9,11,22,0,0,35,15,50,0,2,44,26,72,2,22,24,96
01/24/2013,BAF,MA,ANE,EN,Federal Contract Tower,0,7,5,15,27,0,0,20,13,33,0,7,25,28,60,2,10,12,72
01/25/2013,BAF,MA,ANE,EN,Federal Contract Tower,0,1,4,3,8,0,0,51,6,57,0,1,55,9,65,54,8,62,127
01/26/2013,BAF,MA,ANE,EN,Federal Contract Tower,0,1,1,0,2,0,0,54,0,54,0,1,55,0,56,58,0,58,114
01/27/2013,BAF,MA,ANE,EN,Federal Contract Tower,0,4,1,0,5,0,0,81,0,81,0,4,82,0,86,76,0,76,162
01/28/2013,BAF,MA,ANE,EN,Federal Contract Tower,0,0,3,0,3,0,0,6,0,6,0,0,9,0,9,0,0,0,9
01/29/2013,BAF,MA,ANE,EN,Federal Contract Tower,0,0,9,6,15,0,0,3,1,4,0,0,12,7,19,18,0,18,37
01/30/2013,BAF,MA,ANE,EN,Federal Contract Tower,0,0,1,0,1,0,0,0,0,0,0,0,1,0,1,0,0,0,1
01/31/2013,BAF,MA,ANE,EN,Federal Contract Tower,0,6,2,3,11,0,1,3,8,12,0,7,5,11,23,6,12,18,41
02/01/2013,BAF,MA,ANE,EN,Federal Contract Tower,0,1,10,6,17,0,0,13,14,27,0,1,23,20,44,4,22,26,70
02/02/2013,BAF,MA,ANE,EN,Federal Contract Tower,0,1,18,0,19,0,0,126,0,126,0,1,144,0,145,92,0,92,237
02/03/2013,BAF,MA,ANE,EN,Federal Contract Tower,0,0,5,0,5,0,0,36,0,36,0,0,41,0,41,62,0,62,103
02/04/2013,BAF,MA,ANE,EN,Federal Contract Tower,0,2,6,10,18,0,0,33,11,44,0,2,39,21,62,44,22,66,128
02/05/2013,BAF,MA,ANE,EN,Federal Contract Tower,0,0,13,2,15,0,0,57,12,69,0,0,70,14,84,80,0,80,164
02/06/2013,BAF,MA,ANE,EN,Federal Contract Tower,0,2,12,7,21,0,0,45,19,64,0,2,57,26,85,42,24,66,151
02/07/2013,BAF,MA,ANE,EN,Federal Contract Tower,0,3,4,5,12,0,0,73,24,97,0,3,77,29,109,86,6,92,201
02/08/2013,BAF,MA,ANE,EN,Federal Contract Tower,0,0,1,0,1,0,0,0,0,0,0,0,1,0,1,0,0,0,1
02/09/2013,BAF,MA,ANE,EN,Federal Contract Tower,0,0,0,0,0,0,0,0,0,0,0,0,0,0,0,0,0,0,0
02/10/2013,BAF,MA,ANE,EN,Federal Contract Tower,0,1,4,0,5,0,0,5,0,5,0,1,9,0,10,8,0,8,18
02/11/2013,BAF,MA,ANE,EN,Federal Contract Tower,0,0,0,0,0,0,0,0,0,0,0,0,0,0,0,0,0,0,0
02/12/2013,BAF,MA,ANE,EN,Federal Contract Tower,0,2,7,16,25,0,0,2,13,15,0,2,9,29,40,0,0,0,40
02/13/2013,BAF,MA,ANE,EN,Federal Contract Tower,0,5,21,11,37,0,0,67,26,93,0,5,88,37,130,56,26,82,212
02/14/2013,BAF,MA,ANE,EN,Federal Contract Tower,0,1,11,10,22,0,0,57,17,74,0,1,68,27,96,46,6,52,148
02/15/2013,BAF,MA,ANE,EN,Federal Contract Tower,0,3,8,6,17,0,0,57,16,73,0,3,65,22,90,70,8,78,168
02/16/2013,BAF,MA,ANE,EN,Federal Contract Tower,0,1,1,0,2,0,0,36,2,38,0,1,37,2,40,90,10,100,140
02/17/2013,BAF,MA,ANE,EN,Federal Contract Tower,0,3,1,0,4,0,0,0,0,0,0,3,1,0,4,4,0,4,8
02/18/2013,BAF,MA,ANE,EN,Federal Contract Tower,0,3,4,0,7,0,0,23,0,23,0,3,27,0,30,6,0,6,36
02/19/2013,BAF,MA,ANE,EN,Federal Contract Tower,0,1,6,9,16,0,0,26,15,41,0,1,32,24,57,28,48,76,133
02/20/2013,BAF,MA,ANE,EN,Federal Contract Tower,0,2,2,9,13,0,0,11,10,21,0,2,13,19,34,8,12,20,54
02/21/2013,BAF,MA,ANE,EN,Federal Contract Tower,0,2,12,10,24,0,0,37,14,51,0,2,49,24,75,42,42,84,159
02/22/2013,BAF,MA,ANE,EN,Federal Contract Tower,0,3,10,5,18,0,0,55,12,67,0,3,65,17,85,54,10,64,149
02/23/2013,BAF,MA,ANE,EN,Federal Contract Tower,0,3,3,0,6,0,0,0,0,0,0,3,3,0,6,0,0,0,6
02/24/2013,BAF,MA,ANE,EN,Federal Contract Tower,0,6,2,0,8,0,0,2,0,2,0,6,4,0,10,8,0,8,18
02/25/2013,BAF,MA,ANE,EN,Federal Contract Tower,0,6,6,9,21,0,0,71,11,82,0,6,77,20,103,76,18,94,197
02/26/2013,BAF,MA,ANE,EN,Federal Contract Tower,0,1,16,9,26,0,0,60,20,80,0,1,76,29,106,98,18,116,222
02/27/2013,BAF,MA,ANE,EN,Federal Contract Tower,0,3,2,0,5,0,0,0,0,0,0,3,2,0,5,0,0,0,5
02/28/2013,BAF,MA,ANE,EN,Federal Contract Tower,0,1,12,4,17,0,0,4,11,15,0,1,16,15,32,0,12,12,44
03/01/2013,BAF,MA,ANE,EN,Federal Contract Tower,0,1,11,7,19,0,0,39,1,40,0,1,50,8,59,48,6,54,113
03/02/2013,BAF,MA,ANE,EN,Federal Contract Tower,0,0,9,0,9,0,0,73,4,77,0,0,82,4,86,80,8,88,174
03/03/2013,BAF,MA,ANE,EN,Federal Contract Tower,0,1,26,4,31,0,0,51,1,52,0,1,77,5,83,140,0,140,223
03/04/2013,BAF,MA,ANE,EN,Federal Contract Tower,0,2,4,2,8,0,0,32,7,39,0,2,36,9,47,44,22,66,113
03/05/2013,BAF,MA,ANE,EN,Federal Contract Tower,0,0,2,8,10,0,0,83,16,99,0,0,85,24,109,74,12,86,195
03/06/2013,BAF,MA,ANE,EN,Federal Contract Tower,0,3,2,8,13,0,0,12,11,23,0,3,14,19,36,10,14,24,60
03/07/2013,BAF,MA,ANE,EN,Federal Contract Tower,0,1,4,4,9,0,0,0,0,0,0,1,4,4,9,0,0,0,9
03/08/2013,BAF,MA,ANE,EN,Federal Contract Tower,0,2,6,2,10,0,0,2,13,15,0,2,8,15,25,0,0,0,25
03/09/2013,BAF,MA,ANE,EN,Federal Contract Tower,0,0,6,2,8,0,0,113,24,137,0,0,119,26,145,116,10,126,271
03/10/2013,BAF,MA,ANE,EN,Federal Contract Tower,0,1,11,0,12,0,0,132,2,134,0,1,143,2,146,206,0,206,352
03/11/2013,BAF,MA,ANE,EN,Federal Contract Tower,0,0,25,2,27,0,0,52,6,58,0,0,77,8,85,128,24,152,237
03/12/2013,BAF,MA,ANE,EN,Federal Contract Tower,0,2,3,2,7,0,0,0,0,0,0,2,3,2,7,0,0,0,7
03/13/2013,BAF,MA,ANE,EN,Federal Contract Tower,0,0,9,15,24,0,0,73,32,105,0,0,82,47,129,34,46,80,209
03/14/2013,BAF,MA,ANE,EN,Federal Contract Tower,0,0,5,7,12,0,0,29,15,44,0,0,34,22,56,20,24,44,100
03/15/2013,BAF,MA,ANE,EN,Federal Contract Tower,0,4,6,4,14,0,0,44,12,56,0,4,50,16,70,40,4,44,114
03/16/2013,BAF,MA,ANE,EN,Federal Contract Tower,0,0,8,0,8,0,0,98,0,98,0,0,106,0,106,120,0,120,226
03/17/2013,BAF,MA,ANE,EN,Federal Contract Tower,0,1,5,0,6,0,0,78,0,78,0,1,83,0,84,68,0,68,152
03/18/2013,BAF,MA,ANE,EN,Federal Contract Tower,0,2,7,3,12,0,0,38,7,45,0,2,45,10,57,34,10,44,101
03/19/2013,BAF,MA,ANE,EN,Federal Contract Tower,0,0,1,0,1,0,0,0,0,0,0,0,1,0,1,0,0,0,1
03/20/2013,BAF,MA,ANE,EN,Federal Contract Tower,0,0,18,22,40,0,0,56,24,80,0,0,74,46,120,90,22,112,232
03/21/2013,BAF,MA,ANE,EN,Federal Contract Tower,0,1,8,8,17,0,0,72,30,102,0,1,80,38,119,80,38,118,237
03/22/2013,BAF,MA,ANE,EN,Federal Contract Tower,0,2,9,4,15,0,1,63,11,75,0,3,72,15,90,70,0,70,160
03/23/2013,BAF,MA,ANE,EN,Federal Contract Tower,0,0,1,0,1,0,0,43,0,43,0,0,44,0,44,44,0,44,88
03/24/2013,BAF,MA,ANE,EN,Federal Contract Tower,0,4,16,0,20,0,0,135,0,135,0,4,151,0,155,96,0,96,251
03/25/2013,BAF,MA,ANE,EN,Federal Contract Tower,0,1,8,0,9,0,0,29,9,38,0,1,37,9,47,18,0,18,65
03/26/2013,BAF,MA,ANE,EN,Federal Contract Tower,0,1,16,12,29,0,0,39,40,79,0,1,55,52,108,16,82,98,206
03/27/2013,BAF,MA,ANE,EN,Federal Contract Tower,0,0,10,11,21,0,0,59,24,83,0,0,69,35,104,50,42,92,196
03/28/2013,BAF,MA,ANE,EN,Federal Contract Tower,0,3,4,11,18,0,0,57,26,83,0,3,61,37,101,48,28,76,177
03/29/2013,BAF,MA,ANE,EN,Federal Contract Tower,0,1,16,7,24,0,0,97,13,110,0,1,113,20,134,94,16,110,244
03/30/2013,BAF,MA,ANE,EN,Federal Contract Tower,0,0,8,0,8,0,0,116,0,116,0,0,124,0,124,102,0,102,226
03/31/2013,BAF,MA,ANE,EN,Federal Contract Tower,0,3,2,0,5,0,0,58,0,58,0,3,60,0,63,8,0,8,71
04/01/2013,BAF,MA,ANE,EN,Federal Contract Tower,0,1,5,12,18,0,0,34,19,53,0,1,39,31,71,6,32,38,109
04/02/2013,BAF,MA,ANE,EN,Federal Contract Tower,0,1,9,10,20,0,0,29,16,45,0,1,38,26,65,14,40,54,119
04/03/2013,BAF,MA,ANE,EN,Federal Contract Tower,0,4,6,14,24,0,0,23,17,40,0,4,29,31,64,30,28,58,122
04/04/2013,BAF,MA,ANE,EN,Federal Contract Tower,0,6,8,14,28,0,0,95,11,106,0,6,103,25,134,60,14,74,208
04/05/2013,BAF,MA,ANE,EN,Federal Contract Tower,0,6,12,4,22,0,0,57,5,62,0,6,69,9,84,110,6,116,200
04/06/2013,BAF,MA,ANE,EN,Federal Contract Tower,0,8,8,0,16,0,0,73,14,87,0,8,81,14,103,60,0,60,163
04/07/2013,BAF,MA,ANE,EN,Federal Contract Tower,0,1,16,8,25,0,0,73,25,98,0,1,89,33,123,38,16,54,177
04/08/2013,BAF,MA,ANE,EN,Federal Contract Tower,0,2,9,3,14,0,0,33,5,38,0,2,42,8,52,8,2,10,62
04/09/2013,BAF,MA,ANE,EN,Federal Contract Tower,0,1,9,8,18,0,0,62,16,78,0,1,71,24,96,36,16,52,148
04/10/2013,BAF,MA,ANE,EN,Federal Contract Tower,0,7,8,12,27,0,0,46,5,51,0,7,54,17,78,134,32,166,244
04/11/2013,BAF,MA,ANE,EN,Federal Contract Tower,0,2,10,10,22,0,0,49,13,62,0,2,59,23,84,44,12,56,140
04/12/2013,BAF,MA,ANE,EN,Federal Contract Tower,0,3,5,5,13,0,0,0,0,0,0,3,5,5,13,0,0,0,13
04/13/2013,BAF,MA,ANE,EN,Federal Contract Tower,0,0,15,0,15,0,0,75,0,75,0,0,90,0,90,72,0,72,162
04/14/2013,BAF,MA,ANE,EN,Federal Contract Tower,0,0,8,0,8,0,0,78,0,78,0,0,86,0,86,48,0,48,134
04/15/2013,BAF,MA,ANE,EN,Federal Contract Tower,2,0,11,15,28,0,0,83,11,94,2,0,94,26,122,54,0,54,176
04/16/2013,BAF,MA,ANE,EN,Federal Contract Tower,0,2,6,10,18,0,0,43,8,51,0,2,49,18,69,88,0,88,157
04/17/2013,BAF,MA,ANE,EN,Federal Contract Tower,0,0,13,1,14,0,0,79,11,90,0,0,92,12,104,54,26,80,184
04/18/2013,BAF,MA,ANE,EN,Federal Contract Tower,0,0,21,9,30,0,0,57,19,76,0,0,78,28,106,94,22,116,222
04/19/2013,BAF,MA,ANE,EN,Federal Contract Tower,0,0,10,11,21,0,0,13,12,25,0,0,23,23,46,20,0,20,66
04/20/2013,BAF,MA,ANE,EN,Federal Contract Tower,0,3,5,0,8,0,0,53,0,53,0,3,58,0,61,20,0,20,81
04/21/2013,BAF,MA,ANE,EN,Federal Contract Tower,0,2,18,0,20,0,0,123,0,123,0,2,141,0,143,172,0,172,315
04/22/2013,BAF,MA,ANE,EN,Federal Contract Tower,0,4,11,5,20,0,0,54,3,57,0,4,65,8,77,116,30,146,223
04/23/2013,BAF,MA,ANE,EN,Federal Contract Tower,0,2,19,14,35,0,0,22,4,26,0,2,41,18,61,46,2,48,109
04/24/2013,BAF,MA,ANE,EN,Federal Contract Tower,0,4,17,7,28,0,0,76,13,89,0,4,93,20,117,40,14,54,171
04/25/2013,BAF,MA,ANE,EN,Federal Contract Tower,0,0,9,1,10,0,0,96,3,99,0,0,105,4,109,20,2,22,131
04/26/2013,BAF,MA,ANE,EN,Federal Contract Tower,0,3,14,7,24,0,0,129,9,138,0,3,143,16,162,84,10,94,256
04/27/2013,BAF,MA,ANE,EN,Federal Contract Tower,0,3,13,0,16,0,0,130,0,130,0,3,143,0,146,94,0,94,240
04/28/2013,BAF,MA,ANE,EN,Federal Contract Tower,0,4,7,0,11,0,0,121,0,121,0,4,128,0,132,132,0,132,264
04/29/2013,BAF,MA,ANE,EN,Federal Contract Tower,0,0,12,2,14,0,0,67,7,74,0,0,79,9,88,64,4,68,156
04/30/2013,BAF,MA,ANE,EN,Federal Contract Tower,0,7,16,2,25,0,0,95,5,100,0,7,111,7,125,52,24,76,201
05/01/2013,BAF,MA,ANE,EN,Federal Contract Tower,0,3,18,1,22,0,0,150,7,157,0,3,168,8,179,44,16,60,239
05/02/2013,BAF,MA,ANE,EN,Federal Contract Tower,0,5,7,3,15,0,0,90,15,105,0,5,97,18,120,86,22,108,228
05/03/2013,BAF,MA,ANE,EN,Federal Contract Tower,0,3,11,5,19,0,0,82,5,87,0,3,93,10,106,64,2,66,172
05/04/2013,BAF,MA,ANE,EN,Federal Contract Tower,0,4,9,0,13,0,0,85,0,85,0,4,94,0,98,76,0,76,174
05/05/2013,BAF,MA,ANE,EN,Federal Contract Tower,0,3,12,1,16,0,0,105,0,105,0,3,117,1,121,100,0,100,221
05/06/2013,BAF,MA,ANE,EN,Federal Contract Tower,0,1,16,5,22,0,0,55,2,57,0,1,71,7,79,68,28,96,175
05/07/2013,BAF,MA,ANE,EN,Federal Contract Tower,0,2,10,9,21,0,0,96,3,99,0,2,106,12,120,82,12,94,214
05/08/2013,BAF,MA,ANE,EN,Federal Contract Tower,0,2,22,3,27,0,0,8,8,16,0,2,30,11,43,0,18,18,61
05/09/2013,BAF,MA,ANE,EN,Federal Contract Tower,0,6,11,8,25,0,0,15,1,16,0,6,26,9,41,32,0,32,73
05/10/2013,BAF,MA,ANE,EN,Federal Contract Tower,0,3,17,6,26,0,0,93,10,103,0,3,110,16,129,42,2,44,173
05/11/2013,BAF,MA,ANE,EN,Federal Contract Tower,0,4,15,2,21,0,0,0,0,0,0,4,15,2,21,2,0,2,23
05/12/2013,BAF,MA,ANE,EN,Federal Contract Tower,0,4,19,0,23,0,0,92,8,100,0,4,111,8,123,34,0,34,157
05/13/2013,BAF,MA,ANE,EN,Federal Contract Tower,0,3,8,9,20,0,0,44,14,58,0,3,52,23,78,70,8,78,156
05/14/2013,BAF,MA,ANE,EN,Federal Contract Tower,0,4,13,7,24,0,0,93,22,115,0,4,106,29,139,112,32,144,283
05/15/2013,BAF,MA,ANE,EN,Federal Contract Tower,0,4,9,11,24,0,0,39,11,50,0,4,48,22,74,34,22,56,130
05/16/2013,BAF,MA,ANE,EN,Federal Contract Tower,0,5,8,10,23,0,0,75,24,99,0,5,83,34,122,28,20,48,170
05/17/2013,BAF,MA,ANE,EN,Federal Contract Tower,0,2,9,6,17,0,0,72,10,82,0,2,81,16,99,54,0,54,153
05/18/2013,BAF,MA,ANE,EN,Federal Contract Tower,0,0,13,0,13,0,0,118,0,118,0,0,131,0,131,28,0,28,159
05/19/2013,BAF,MA,ANE,EN,Federal Contract Tower,0,1,21,0,22,0,0,38,0,38,0,1,59,0,60,48,0,48,108
05/20/2013,BAF,MA,ANE,EN,Federal Contract Tower,0,3,13,2,18,0,0,46,1,47,0,3,59,3,65,38,0,38,103
05/21/2013,BAF,MA,ANE,EN,Federal Contract Tower,0,2,10,8,20,0,0,28,9,37,0,2,38,17,57,34,28,62,119
05/22/2013,BAF,MA,ANE,EN,Federal Contract Tower,0,2,17,17,36,0,0,10,0,10,0,2,27,17,46,6,0,6,52
05/23/2013,BAF,MA,ANE,EN,Federal Contract Tower,0,1,10,12,23,0,0,0,2,2,0,1,10,14,25,0,0,0,25
05/24/2013,BAF,MA,ANE,EN,Federal Contract Tower,0,7,17,4,28,0,0,21,7,28,0,7,38,11,56,20,0,20,76
05/25/2013,BAF,MA,ANE,EN,Federal Contract Tower,0,2,16,0,18,0,0,5,0,5,0,2,21,0,23,16,0,16,39
05/26/2013,BAF,MA,ANE,EN,Federal Contract Tower,0,3,5,0,8,0,0,15,0,15,0,3,20,0,23,6,0,6,29
05/27/2013,BAF,MA,ANE,EN,Federal Contract Tower,0,3,6,0,9,0,0,120,0,120,0,3,126,0,129,120,0,120,249
05/28/2013,BAF,MA,ANE,EN,Federal Contract Tower,0,2,23,6,31,0,0,112,10,122,0,2,135,16,153,166,10,176,329
05/29/2013,BAF,MA,ANE,EN,Federal Contract Tower,0,1,15,13,29,0,0,12,3,15,0,1,27,16,44,22,0,22,66
05/30/2013,BAF,MA,ANE,EN,Federal Contract Tower,0,1,5,4,10,0,0,54,10,64,0,1,59,14,74,66,20,86,160
05/31/2013,BAF,MA,ANE,EN,Federal Contract Tower,0,3,5,2,10,0,0,86,10,96,0,3,91,12,106,88,12,100,206
06/01/2013,BAF,MA,ANE,EN,Federal Contract Tower,0,1,6,0,7,0,0,106,9,115,0,1,112,9,122,142,0,142,264
06/02/2013,BAF,MA,ANE,EN,Federal Contract Tower,0,1,6,9,16,0,0,59,19,78,0,1,65,28,94,94,8,102,196
06/03/2013,BAF,MA,ANE,EN,Federal Contract Tower,0,0,10,0,10,0,0,28,7,35,0,0,38,7,45,16,6,22,67
06/04/2013,BAF,MA,ANE,EN,Federal Contract Tower,0,1,14,6,21,0,4,88,15,107,0,5,102,21,128,62,6,68,196
06/05/2013,BAF,MA,ANE,EN,Federal Contract Tower,0,0,4,11,15,0,0,95,16,111,0,0,99,27,126,70,32,102,228
06/06/2013,BAF,MA,ANE,EN,Federal Contract Tower,0,3,13,15,31,0,0,49,11,60,0,3,62,26,91,104,16,120,211
06/07/2013,BAF,MA,ANE,EN,Federal Contract Tower,0,1,6,4,11,0,0,0,0,0,0,1,6,4,11,0,0,0,11
06/08/2013,BAF,MA,ANE,EN,Federal Contract Tower,0,0,17,0,17,0,0,40,2,42,0,0,57,2,59,32,0,32,91
06/09/2013,BAF,MA,ANE,EN,Federal Contract Tower,0,2,11,0,13,0,0,124,2,126,0,2,135,2,139,106,0,106,245
06/10/2013,BAF,MA,ANE,EN,Federal Contract Tower,0,10,13,7,30,0,0,19,10,29,0,10,32,17,59,30,0,30,89
06/11/2013,BAF,MA,ANE,EN,Federal Contract Tower,0,1,13,13,27,0,0,0,3,3,0,1,13,16,30,0,0,0,30
06/12/2013,BAF,MA,ANE,EN,Federal Contract Tower,0,1,13,9,23,0,0,24,15,39,0,1,37,24,62,16,40,56,118
06/13/2013,BAF,MA,ANE,EN,Federal Contract Tower,0,1,15,10,26,0,0,5,9,14,0,1,20,19,40,0,4,4,44
06/14/2013,BAF,MA,ANE,EN,Federal Contract Tower,0,1,15,6,22,0,0,50,20,70,0,1,65,26,92,56,8,64,156
06/15/2013,BAF,MA,ANE,EN,Federal Contract Tower,0,0,8,0,8,0,0,129,2,131,0,0,137,2,139,100,0,100,239
06/16/2013,BAF,MA,ANE,EN,Federal Contract Tower,0,0,7,0,7,0,0,66,0,66,0,0,73,0,73,52,4,56,129
06/17/2013,BAF,MA,ANE,EN,Federal Contract Tower,0,4,10,0,14,0,0,71,1,72,0,4,81,1,86,60,6,66,152
06/18/2013,BAF,MA,ANE,EN,Federal Contract Tower,0,2,11,8,21,0,0,12,2,14,0,2,23,10,35,26,4,30,65
06/19/2013,BAF,MA,ANE,EN,Federal Contract Tower,0,3,12,2,17,0,0,111,27,138,0,3,123,29,155,54,0,54,209
06/20/2013,BAF,MA,ANE,EN,Federal Contract Tower,0,3,6,8,17,0,0,87,21,108,0,3,93,29,125,94,26,120,245
06/21/2013,BAF,MA,ANE,EN,Federal Contract Tower,0,3,9,5,17,0,0,84,20,104,0,3,93,25,121,38,10,48,169
06/22/2013,BAF,MA,ANE,EN,Federal Contract Tower,0,1,3,0,4,0,0,101,0,101,0,1,104,0,105,56,0,56,161
06/23/2013,BAF,MA,ANE,EN,Federal Contract Tower,0,4,17,0,21,0,0,98,0,98,0,4,115,0,119,70,0,70,189
06/24/2013,BAF,MA,ANE,EN,Federal Contract Tower,0,3,9,8,20,0,0,35,16,51,0,3,44,24,71,24,16,40,111
06/25/2013,BAF,MA,ANE,EN,Federal Contract Tower,0,2,11,11,24,0,0,49,12,61,0,2,60,23,85,44,18,62,147
06/26/2013,BAF,MA,ANE,EN,Federal Contract Tower,0,4,6,11,21,0,0,44,18,62,0,4,50,29,83,44,28,72,155
06/27/2013,BAF,MA,ANE,EN,Federal Contract Tower,0,1,15,8,24,0,0,2,4,6,0,1,17,12,30,10,14,24,54
06/28/2013,BAF,MA,ANE,EN,Federal Contract Tower,0,2,11,7,20,0,0,4,4,8,0,2,15,11,28,20,6,26,54
06/29/2013,BAF,MA,ANE,EN,Federal Contract Tower,0,3,19,0,22,0,0,44,0,44,0,3,63,0,66,70,0,70,136
06/30/2013,BAF,MA,ANE,EN,Federal Contract Tower,0,1,31,0,32,0,0,55,0,55,0,1,86,0,87,92,0,92,179
07/01/2013,BAF,MA,ANE,EN,Federal Contract Tower,0,4,13,2,19,0,0,0,0,0,0,4,13,2,19,0,4,4,23
07/02/2013,BAF,MA,ANE,EN,Federal Contract Tower,0,5,21,7,33,0,0,12,10,22,0,5,33,17,55,30,8,38,93
07/03/2013,BAF,MA,ANE,EN,Federal Contract Tower,0,1,17,0,18,0,0,55,7,62,0,1,72,7,80,100,14,114,194
07/04/2013,BAF,MA,ANE,EN,Federal Contract Tower,0,1,9,0,10,0,0,44,0,44,0,1,53,0,54,26,0,26,80
07/05/2013,BAF,MA,ANE,EN,Federal Contract Tower,0,2,16,0,18,0,0,59,3,62,0,2,75,3,80,78,0,78,158
07/06/2013,BAF,MA,ANE,EN,Federal Contract Tower,0,2,2,0,4,0,0,54,0,54,0,2,56,0,58,24,0,24,82
07/07/2013,BAF,MA,ANE,EN,Federal Contract Tower,0,6,8,1,15,0,0,66,6,72,0,6,74,7,87,16,18,34,121
07/08/2013,BAF,MA,ANE,EN,Federal Contract Tower,0,2,11,0,13,0,2,62,2,66,0,4,73,2,79,26,0,26,105
07/09/2013,BAF,MA,ANE,EN,Federal Contract Tower,0,2,29,2,33,0,0,14,3,17,0,2,43,5,50,12,0,12,62
07/10/2013,BAF,MA,ANE,EN,Federal Contract Tower,0,4,14,7,25,0,0,12,11,23,0,4,26,18,48,6,6,12,60
07/11/2013,BAF,MA,ANE,EN,Federal Contract Tower,0,7,13,9,29,0,0,36,25,61,0,7,49,34,90,42,12,54,144
07/12/2013,BAF,MA,ANE,EN,Federal Contract Tower,0,4,10,7,21,0,2,82,10,94,0,6,92,17,115,42,18,60,175
07/13/2013,BAF,MA,ANE,EN,Federal Contract Tower,0,1,27,0,28,0,0,3,0,3,0,1,30,0,31,0,0,0,31
07/14/2013,BAF,MA,ANE,EN,Federal Contract Tower,0,3,20,1,24,0,0,69,0,69,0,3,89,1,93,16,0,16,109
07/15/2013,BAF,MA,ANE,EN,Federal Contract Tower,0,0,1,0,1,0,0,74,4,78,0,0,75,4,79,60,0,60,139
07/16/2013,BAF,MA,ANE,EN,Federal Contract Tower,0,2,5,3,10,0,0,90,15,105,0,2,95,18,115,100,6,106,221
07/17/2013,BAF,MA,ANE,EN,Federal Contract Tower,0,4,14,6,24,0,0,73,15,88,0,4,87,21,112,58,16,74,186
07/18/2013,BAF,MA,ANE,EN,Federal Contract Tower,0,5,16,11,32,0,0,54,14,68,0,5,70,25,100,120,26,146,246
07/19/2013,BAF,MA,ANE,EN,Federal Contract Tower,0,1,12,5,18,0,0,54,15,69,0,1,66,20,87,88,20,108,195
07/20/2013,BAF,MA,ANE,EN,Federal Contract Tower,0,2,8,0,10,0,0,25,0,25,0,2,33,0,35,26,0,26,61
07/21/2013,BAF,MA,ANE,EN,Federal Contract Tower,0,1,13,0,14,0,0,101,0,101,0,1,114,0,115,66,0,66,181
07/22/2013,BAF,MA,ANE,EN,Federal Contract Tower,0,0,11,0,11,0,0,42,0,42,0,0,53,0,53,52,0,52,105
07/23/2013,BAF,MA,ANE,EN,Federal Contract Tower,0,2,19,9,30,0,0,13,2,15,0,2,32,11,45,20,8,28,73
07/24/2013,BAF,MA,ANE,EN,Federal Contract Tower,0,2,18,8,28,0,0,101,18,119,0,2,119,26,147,38,32,70,217
07/25/2013,BAF,MA,ANE,EN,Federal Contract Tower,0,3,15,6,24,0,0,39,19,58,0,3,54,25,82,14,18,32,114
07/26/2013,BAF,MA,ANE,EN,Federal Contract Tower,0,2,11,0,13,0,0,46,4,50,0,2,57,4,63,60,30,90,153
07/27/2013,BAF,MA,ANE,EN,Federal Contract Tower,0,0,5,0,5,0,0,78,0,78,0,0,83,0,83,88,0,88,171
07/28/2013,BAF,MA,ANE,EN,Federal Contract Tower,0,0,5,0,5,0,0,28,0,28,0,0,33,0,33,34,0,34,67
07/29/2013,BAF,MA,ANE,EN,Federal Contract Tower,0,0,20,0,20,0,0,60,0,60,0,0,80,0,80,62,0,62,142
07/30/2013,BAF,MA,ANE,EN,Federal Contract Tower,0,1,10,7,18,0,0,73,14,87,0,1,83,21,105,90,28,118,223
07/31/2013,BAF,MA,ANE,EN,Federal Contract Tower,0,0,17,3,20,0,1,79,5,85,0,1,96,8,105,78,6,84,189
08/01/2013,BAF,MA,ANE,EN,Federal Contract Tower,0,0,9,2,11,0,0,22,2,24,0,0,31,4,35,16,2,18,53
08/02/2013,BAF,MA,ANE,EN,Federal Contract Tower,0,3,16,0,19,0,0,71,6,77,0,3,87,6,96,80,8,88,184
08/03/2013,BAF,MA,ANE,EN,Federal Contract Tower,0,2,11,0,13,0,0,52,0,52,0,2,63,0,65,56,0,56,121
08/04/2013,BAF,MA,ANE,EN,Federal Contract Tower,0,0,9,0,9,0,0,79,3,82,0,0,88,3,91,66,2,68,159
08/05/2013,BAF,MA,ANE,EN,Federal Contract Tower,0,0,5,0,5,0,0,68,0,68,0,0,73,0,73,78,0,78,151
08/06/2013,BAF,MA,ANE,EN,Federal Contract Tower,0,2,15,0,17,0,0,94,3,97,0,2,109,3,114,56,0,56,170
08/07/2013,BAF,MA,ANE,EN,Federal Contract Tower,0,0,15,6,21,0,0,58,7,65,0,0,73,13,86,66,0,66,152
08/08/2013,BAF,MA,ANE,EN,Federal Contract Tower,0,4,10,0,14,0,0,20,0,20,0,4,30,0,34,28,0,28,62
08/09/2013,BAF,MA,ANE,EN,Federal Contract Tower,0,3,4,0,7,0,0,0,0,0,0,3,4,0,7,0,0,0,7
08/10/2013,BAF,MA,ANE,EN,Federal Contract Tower,0,0,4,0,4,0,0,81,0,81,0,0,85,0,85,24,0,24,109
08/11/2013,BAF,MA,ANE,EN,Federal Contract Tower,0,0,8,0,8,0,0,115,0,115,0,0,123,0,123,42,0,42,165
08/12/2013,BAF,MA,ANE,EN,Federal Contract Tower,0,2,6,0,8,0,0,67,4,71,0,2,73,4,79,18,0,18,97
08/13/2013,BAF,MA,ANE,EN,Federal Contract Tower,0,0,6,0,6,0,0,2,0,2,0,0,8,0,8,0,0,0,8
08/14/2013,BAF,MA,ANE,EN,Federal Contract Tower,0,1,8,2,11,0,0,60,7,67,0,1,68,9,78,60,0,60,138
08/15/2013,BAF,MA,ANE,EN,Federal Contract Tower,0,0,8,0,8,0,0,95,1,96,0,0,103,1,104,44,0,44,148
08/16/2013,BAF,MA,ANE,EN,Federal Contract Tower,0,1,7,1,9,0,0,97,6,103,0,1,104,7,112,80,6,86,198
08/17/2013,BAF,MA,ANE,EN,Federal Contract Tower,0,2,8,0,10,0,0,118,0,118,0,2,126,0,128,64,0,64,192
08/18/2013,BAF,MA,ANE,EN,Federal Contract Tower,0,2,11,0,13,0,0,83,0,83,0,2,94,0,96,88,0,88,184
08/19/2013,BAF,MA,ANE,EN,Federal Contract Tower,0,0,6,0,6,0,0,57,9,66,0,0,63,9,72,56,10,66,138
08/20/2013,BAF,MA,ANE,EN,Federal Contract Tower,0,0,8,0,8,0,0,76,8,84,0,0,84,8,92,34,0,34,126
08/21/2013,BAF,MA,ANE,EN,Federal Contract Tower,0,1,17,0,18,0,0,96,11,107,0,1,113,11,125,46,2,48,173
08/22/2013,BAF,MA,ANE,EN,Federal Contract Tower,0,3,4,0,7,0,0,41,6,47,0,3,45,6,54,18,0,18,72
08/23/2013,BAF,MA,ANE,EN,Federal Contract Tower,0,5,12,1,18,0,0,43,6,49,0,5,55,7,67,26,2,28,95
08/24/2013,BAF,MA,ANE,EN,Federal Contract Tower,0,1,4,0,5,0,0,76,0,76,0,1,80,0,81,28,0,28,109
08/25/2013,BAF,MA,ANE,EN,Federal Contract Tower,0,1,12,0,13,0,0,94,0,94,0,1,106,0,107,100,0,100,207
08/26/2013,BAF,MA,ANE,EN,Federal Contract Tower,0,4,8,0,12,0,0,57,6,63,0,4,65,6,75,52,16,68,143
08/27/2013,BAF,MA,ANE,EN,Federal Contract Tower,0,1,8,2,11,0,0,27,6,33,0,1,35,8,44,36,2,38,82
08/28/2013,BAF,MA,ANE,EN,Federal Contract Tower,0,0,3,2,5,0,0,46,8,54,0,0,49,10,59,78,2,80,139
08/29/2013,BAF,MA,ANE,EN,Federal Contract Tower,0,0,20,0,20,0,0,20,20,40,0,0,40,20,60,32,70,102,162
08/30/2013,BAF,MA,ANE,EN,Federal Contract Tower,0,3,21,0,24,0,0,58,4,62,0,3,79,4,86,74,0,74,160
08/31/2013,BAF,MA,ANE,EN,Federal Contract Tower,0,0,8,0,8,0,0,9,0,9,0,0,17,0,17,8,0,8,25
09/01/2013,BAF,MA,ANE,EN,Federal Contract Tower,0,1,4,0,5,0,0,5,0,5,0,1,9,0,10,6,0,6,16
09/02/2013,BAF,MA,ANE,EN,Federal Contract Tower,0,2,21,0,23,0,0,2,0,2,0,2,23,0,25,0,0,0,25
09/03/2013,BAF,MA,ANE,EN,Federal Contract Tower,0,5,18,0,23,0,0,65,2,67,0,5,83,2,90,28,0,28,118
09/04/2013,BAF,MA,ANE,EN,Federal Contract Tower,0,0,21,1,22,0,0,83,7,90,0,0,104,8,112,24,0,24,136
09/05/2013,BAF,MA,ANE,EN,Federal Contract Tower,0,2,24,2,28,0,0,44,5,49,0,2,68,7,77,94,4,98,175
09/06/2013,BAF,MA,ANE,EN,Federal Contract Tower,0,4,13,0,17,0,0,101,7,108,0,4,114,7,125,46,0,46,171
09/07/2013,BAF,MA,ANE,EN,Federal Contract Tower,0,1,18,0,19,0,0,84,2,86,0,1,102,2,105,26,0,26,131
09/08/2013,BAF,MA,ANE,EN,Federal Contract Tower,0,3,23,0,26,0,0,55,0,55,0,3,78,0,81,56,0,56,137
09/09/2013,BAF,MA,ANE,EN,Federal Contract Tower,0,3,10,0,13,0,0,73,4,77,0,3,83,4,90,30,8,38,128
09/10/2013,BAF,MA,ANE,EN,Federal Contract Tower,0,6,15,2,23,0,0,22,13,35,0,6,37,15,58,32,40,72,130
09/11/2013,BAF,MA,ANE,EN,Federal Contract Tower,0,0,8,0,8,0,0,46,8,54,0,0,54,8,62,32,2,34,96
09/12/2013,BAF,MA,ANE,EN,Federal Contract Tower,0,0,7,0,7,0,0,7,0,7,0,0,14,0,14,0,18,18,32
09/13/2013,BAF,MA,ANE,EN,Federal Contract Tower,0,2,15,2,19,0,0,47,9,56,0,2,62,11,75,44,10,54,129
09/14/2013,BAF,MA,ANE,EN,Federal Contract Tower,0,1,8,0,9,0,0,58,12,70,0,1,66,12,79,58,8,66,145
09/15/2013,BAF,MA,ANE,EN,Federal Contract Tower,0,3,9,0,12,0,0,105,4,109,0,3,114,4,121,70,0,70,191
09/16/2013,BAF,MA,ANE,EN,Federal Contract Tower,0,1,11,2,14,0,0,41,4,45,0,1,52,6,59,30,0,30,89
09/17/2013,BAF,MA,ANE,EN,Federal Contract Tower,0,3,7,0,10,0,0,64,12,76,0,3,71,12,86,48,0,48,134
09/18/2013,BAF,MA,ANE,EN,Federal Contract Tower,0,4,7,2,13,0,0,42,4,46,0,4,49,6,59,48,0,48,107
09/19/2013,BAF,MA,ANE,EN,Federal Contract Tower,0,1,8,0,9,0,0,44,5,49,0,1,52,5,58,54,4,58,116
09/20/2013,BAF,MA,ANE,EN,Federal Contract Tower,0,4,16,0,20,0,0,69,3,72,0,4,85,3,92,60,4,64,156
09/21/2013,BAF,MA,ANE,EN,Federal Contract Tower,0,4,18,0,22,0,0,31,0,31,0,4,49,0,53,14,0,14,67
09/22/2013,BAF,MA,ANE,EN,Federal Contract Tower,0,1,10,0,11,0,0,61,0,61,0,1,71,0,72,24,0,24,96
09/23/2013,BAF,MA,ANE,EN,Federal Contract Tower,0,1,9,0,10,0,0,41,3,44,0,1,50,3,54,25,0,25,79
09/24/2013,BAF,MA,ANE,EN,Federal Contract Tower,0,5,6,1,12,0,0,70,5,75,0,5,76,6,87,82,0,82,169
09/25/2013,BAF,MA,ANE,EN,Federal Contract Tower,0,6,4,0,10,0,0,53,10,63,0,6,57,10,73,42,4,46,119
09/26/2013,BAF,MA,ANE,EN,Federal Contract Tower,0,1,14,0,15,0,0,61,5,66,0,1,75,5,81,68,4,72,153
09/27/2013,BAF,MA,ANE,EN,Federal Contract Tower,0,4,14,0,18,0,0,55,2,57,0,4,69,2,75,40,0,40,115
09/28/2013,BAF,MA,ANE,EN,Federal Contract Tower,0,3,13,0,16,0,0,92,0,92,0,3,105,0,108,30,0,30,138
09/29/2013,BAF,MA,ANE,EN,Federal Contract Tower,0,3,12,0,15,0,0,75,0,75,0,3,87,0,90,80,0,80,170
09/30/2013,BAF,MA,ANE,EN,Federal Contract Tower,0,4,5,0,9,0,0,49,2,51,0,4,54,2,60,48,4,52,112
10/01/2013,BAF,MA,ANE,EN,Federal Contract Tower,0,2,6,0,8,0,0,37,0,37,0,2,43,0,45,24,0,24,69
10/02/2013,BAF,MA,ANE,EN,Federal Contract Tower,0,2,11,0,13,0,0,62,0,62,0,2,73,0,75,6,0,6,81
10/03/2013,BAF,MA,ANE,EN,Federal Contract Tower,0,0,6,0,6,0,0,53,0,53,0,0,59,0,59,36,0,36,95
10/04/2013,BAF,MA,ANE,EN,Federal Contract Tower,0,1,14,0,15,0,0,38,0,38,0,1,52,0,53,28,0,28,81
10/05/2013,BAF,MA,ANE,EN,Federal Contract Tower,2,3,8,0,13,0,0,38,0,38,2,3,46,0,51,54,0,54,105
10/06/2013,BAF,MA,ANE,EN,Federal Contract Tower,0,0,3,0,3,0,0,0,0,0,0,0,3,0,3,0,0,0,3
10/07/2013,BAF,MA,ANE,EN,Federal Contract Tower,0,1,3,0,4,0,0,0,0,0,0,1,3,0,4,0,0,0,4
10/08/2013,BAF,MA,ANE,EN,Federal Contract Tower,0,0,7,0,7,0,0,44,0,44,0,0,51,0,51,88,0,88,139
10/09/2013,BAF,MA,ANE,EN,Federal Contract Tower,0,5,5,0,10,0,0,66,2,68,0,5,71,2,78,62,0,62,140
10/10/2013,BAF,MA,ANE,EN,Federal Contract Tower,0,4,1,0,5,0,0,28,0,28,0,4,29,0,33,2,0,2,35
10/11/2013,BAF,MA,ANE,EN,Federal Contract Tower,0,3,14,0,17,0,0,72,0,72,0,3,86,0,89,68,0,68,157
10/12/2013,BAF,MA,ANE,EN,Federal Contract Tower,0,0,11,0,11,0,0,54,0,54,0,0,65,0,65,80,0,80,145
10/13/2013,BAF,MA,ANE,EN,Federal Contract Tower,0,0,18,0,18,0,0,63,0,63,0,0,81,0,81,72,0,72,153
10/14/2013,BAF,MA,ANE,EN,Federal Contract Tower,0,3,10,0,13,0,0,61,0,61,0,3,71,0,74,42,0,42,116
10/15/2013,BAF,MA,ANE,EN,Federal Contract Tower,0,3,15,0,18,0,1,65,0,66,0,4,80,0,84,52,0,52,136
10/16/2013,BAF,MA,ANE,EN,Federal Contract Tower,0,2,19,0,21,0,0,33,0,33,0,2,52,0,54,10,0,10,64
10/17/2013,BAF,MA,ANE,EN,Federal Contract Tower,0,7,4,0,11,0,0,46,0,46,0,7,50,0,57,6,0,6,63
10/18/2013,BAF,MA,ANE,EN,Federal Contract Tower,0,3,12,0,15,0,0,49,0,49,0,3,61,0,64,44,0,44,108
10/19/2013,BAF,MA,ANE,EN,Federal Contract Tower,0,5,13,0,18,0,0,83,0,83,0,5,96,0,101,50,0,50,151
10/20/2013,BAF,MA,ANE,EN,Federal Contract Tower,0,3,8,0,11,0,0,70,0,70,0,3,78,0,81,28,0,28,109
10/21/2013,BAF,MA,ANE,EN,Federal Contract Tower,0,0,2,0,2,0,0,71,0,71,0,0,73,0,73,64,0,64,137
10/22/2013,BAF,MA,ANE,EN,Federal Contract Tower,0,0,10,2,12,0,0,55,6,61,0,0,65,8,73,72,0,72,145
10/23/2013,BAF,MA,ANE,EN,Federal Contract Tower,0,4,7,0,11,0,0,45,2,47,0,4,52,2,58,66,10,76,134
10/24/2013,BAF,MA,ANE,EN,Federal Contract Tower,0,4,7,1,12,0,0,58,5,63,0,4,65,6,75,4,6,10,85
10/25/2013,BAF,MA,ANE,EN,Federal Contract Tower,0,4,10,0,14,0,0,53,0,53,0,4,63,0,67,18,0,18,85
10/26/2013,BAF,MA,ANE,EN,Federal Contract Tower,0,0,3,0,3,0,0,47,0,47,0,0,50,0,50,50,0,50,100
10/27/2013,BAF,MA,ANE,EN,Federal Contract Tower,0,1,12,0,13,0,0,80,0,80,0,1,92,0,93,22,0,22,115
10/28/2013,BAF,MA,ANE,EN,Federal Contract Tower,0,2,5,0,7,0,0,47,0,47,0,2,52,0,54,28,0,28,82
10/29/2013,BAF,MA,ANE,EN,Federal Contract Tower,0,4,12,3,19,0,0,57,5,62,0,4,69,8,81,84,10,94,175
10/30/2013,BAF,MA,ANE,EN,Federal Contract Tower,0,4,11,5,20,0,0,43,2,45,0,4,54,7,65,20,0,20,85
10/31/2013,BAF,MA,ANE,EN,Federal Contract Tower,0,6,0,0,6,0,0,0,0,0,0,6,0,0,6,0,0,0,6
11/01/2013,BAF,MA,ANE,EN,Federal Contract Tower,0,4,5,0,9,0,0,18,4,22,0,4,23,4,31,32,0,32,63
11/02/2013,BAF,MA,ANE,EN,Federal Contract Tower,0,4,5,0,9,0,0,110,8,118,0,4,115,8,127,98,0,98,225
11/03/2013,BAF,MA,ANE,EN,Federal Contract Tower,0,1,5,0,6,0,0,56,1,57,0,1,61,1,63,20,0,20,83
11/04/2013,BAF,MA,ANE,EN,Federal Contract Tower,0,0,5,0,5,0,0,67,0,67,0,0,72,0,72,74,0,74,146
11/05/2013,BAF,MA,ANE,EN,Federal Contract Tower,0,2,6,2,10,0,0,44,3,47,0,2,50,5,57,108,0,108,165
11/06/2013,BAF,MA,ANE,EN,Federal Contract Tower,0,2,4,0,6,0,0,35,2,37,0,2,39,2,43,10,0,10,53
11/07/2013,BAF,MA,ANE,EN,Federal Contract Tower,0,1,5,4,10,0,0,0,2,2,0,1,5,6,12,6,0,6,18
11/08/2013,BAF,MA,ANE,EN,Federal Contract Tower,0,0,2,4,6,0,0,37,3,40,0,0,39,7,46,16,0,16,62
11/09/2013,BAF,MA,ANE,EN,Federal Contract Tower,0,0,10,0,10,0,0,94,0,94,0,0,104,0,104,136,0,136,240
11/10/2013,BAF,MA,ANE,EN,Federal Contract Tower,0,2,9,0,11,0,0,39,0,39,0,2,48,0,50,48,0,48,98
11/11/2013,BAF,MA,ANE,EN,Federal Contract Tower,0,1,7,0,8,0,0,31,0,31,0,1,38,0,39,60,0,60,99
11/12/2013,BAF,MA,ANE,EN,Federal Contract Tower,0,0,12,0,12,0,0,31,4,35,0,0,43,4,47,16,0,16,63
11/13/2013,BAF,MA,ANE,EN,Federal Contract Tower,0,0,7,1,8,0,0,55,6,61,0,0,62,7,69,26,18,44,113
11/14/2013,BAF,MA,ANE,EN,Federal Contract Tower,0,1,9,0,10,0,0,12,2,14,0,1,21,2,24,20,0,20,44
11/15/2013,BAF,MA,ANE,EN,Federal Contract Tower,0,1,9,1,11,0,0,78,5,83,0,1,87,6,94,56,4,60,154
11/16/2013,BAF,MA,ANE,EN,Federal Contract Tower,0,1,6,0,7,0,0,81,0,81,0,1,87,0,88,150,0,150,238
11/17/2013,BAF,MA,ANE,EN,Federal Contract Tower,0,2,10,2,14,0,0,0,0,0,0,2,10,2,14,0,0,0,14
11/18/2013,BAF,MA,ANE,EN,Federal Contract Tower,0,1,5,2,8,0,0,40,0,40,0,1,45,2,48,28,6,34,82
11/19/2013,BAF,MA,ANE,EN,Federal Contract Tower,0,0,8,0,8,0,0,12,4,16,0,0,20,4,24,6,0,6,30
11/20/2013,BAF,MA,ANE,EN,Federal Contract Tower,0,0,6,1,7,0,0,54,7,61,0,0,60,8,68,14,4,18,86
11/21/2013,BAF,MA,ANE,EN,Federal Contract Tower,0,4,5,1,10,0,0,42,13,55,0,4,47,14,65,40,2,42,107
11/22/2013,BAF,MA,ANE,EN,Federal Contract Tower,0,2,6,0,8,0,0,0,0,0,0,2,6,0,8,2,0,2,10
11/23/2013,BAF,MA,ANE,EN,Federal Contract Tower,0,0,4,0,4,0,0,31,0,31,0,0,35,0,35,48,0,48,83
11/24/2013,BAF,MA,ANE,EN,Federal Contract Tower,0,1,0,0,1,0,0,10,0,10,0,1,10,0,11,52,0,52,63
11/25/2013,BAF,MA,ANE,EN,Federal Contract Tower,0,1,7,2,10,0,0,55,6,61,0,1,62,8,71,12,24,36,107
11/26/2013,BAF,MA,ANE,EN,Federal Contract Tower,0,1,13,1,15,0,0,30,4,34,0,1,43,5,49,6,12,18,67
11/27/2013,BAF,MA,ANE,EN,Federal Contract Tower,0,5,2,0,7,0,0,2,0,2,0,5,4,0,9,0,0,0,9
11/28/2013,BAF,MA,ANE,EN,Federal Contract Tower,0,2,2,0,4,0,0,1,0,1,0,2,3,0,5,0,0,0,5
11/29/2013,BAF,MA,ANE,EN,Federal Contract Tower,1,0,5,0,6,0,0,69,0,69,1,0,74,0,75,8,0,8,83
11/30/2013,BAF,MA,ANE,EN,Federal Contract Tower,0,0,7,0,7,0,0,71,0,71,0,0,78,0,78,24,0,24,102
12/01/2013,BAF,MA,ANE,EN,Federal Contract Tower,0,2,9,0,11,0,0,28,0,28,0,2,37,0,39,38,0,38,77
12/02/2013,BAF,MA,ANE,EN,Federal Contract Tower,0,2,6,4,12,0,0,2,1,3,0,2,8,5,15,10,0,10,25
12/03/2013,BAF,MA,ANE,EN,Federal Contract Tower,0,0,7,2,9,0,0,38,9,47,0,0,45,11,56,0,30,30,86
12/04/2013,BAF,MA,ANE,EN,Federal Contract Tower,0,0,8,3,11,0,0,99,2,101,0,0,107,5,112,62,6,68,180
12/05/2013,BAF,MA,ANE,EN,Federal Contract Tower,0,1,4,0,5,0,0,0,0,0,0,1,4,0,5,0,0,0,5
12/06/2013,BAF,MA,ANE,EN,Federal Contract Tower,0,5,9,0,14,0,0,15,1,16,0,5,24,1,30,6,0,6,36
12/07/2013,BAF,MA,ANE,EN,Federal Contract Tower,0,2,2,0,4,0,0,46,4,50,0,2,48,4,54,18,4,22,76
12/08/2013,BAF,MA,ANE,EN,Federal Contract Tower,0,1,3,0,4,0,0,65,1,66,0,1,68,1,70,66,6,72,142
12/09/2013,BAF,MA,ANE,EN,Federal Contract Tower,0,1,5,0,6,0,0,0,0,0,0,1,5,0,6,0,0,0,6
12/10/2013,BAF,MA,ANE,EN,Federal Contract Tower,0,0,5,0,5,0,0,0,1,1,0,0,5,1,6,0,0,0,6
12/11/2013,BAF,MA,ANE,EN,Federal Contract Tower,0,0,5,0,5,0,0,46,2,48,0,0,51,2,53,72,2,74,127
12/12/2013,BAF,MA,ANE,EN,Federal Contract Tower,0,0,7,0,7,0,0,42,16,58,0,0,49,16,65,14,0,14,79
12/13/2013,BAF,MA,ANE,EN,Federal Contract Tower,0,2,8,8,18,0,0,39,10,49,0,2,47,18,67,26,2,28,95
12/14/2013,BAF,MA,ANE,EN,Federal Contract Tower,0,0,4,0,4,0,0,7,0,7,0,0,11,0,11,12,0,12,23
12/15/2013,BAF,MA,ANE,EN,Federal Contract Tower,0,0,3,0,3,0,0,0,0,0,0,0,3,0,3,0,0,0,3
12/16/2013,BAF,MA,ANE,EN,Federal Contract Tower,0,3,12,1,16,0,0,28,4,32,0,3,40,5,48,4,0,4,52
12/17/2013,BAF,MA,ANE,EN,Federal Contract Tower,0,2,2,0,4,0,0,0,0,0,0,2,2,0,4,0,0,0,4
12/18/2013,BAF,MA,ANE,EN,Federal Contract Tower,0,2,11,1,14,0,0,35,8,43,0,2,46,9,57,108,2,110,167
12/19/2013,BAF,MA,ANE,EN,Federal Contract Tower,0,3,9,0,12,0,0,57,6,63,0,3,66,6,75,80,0,80,155
12/20/2013,BAF,MA,ANE,EN,Federal Contract Tower,0,2,6,5,13,0,0,60,6,66,0,2,66,11,79,60,10,70,149
12/21/2013,BAF,MA,ANE,EN,Federal Contract Tower,0,4,11,2,17,0,0,76,0,76,0,4,87,2,93,34,0,34,127
12/22/2013,BAF,MA,ANE,EN,Federal Contract Tower,0,3,3,0,6,0,0,5,0,5,0,3,8,0,11,8,0,8,19
12/23/2013,BAF,MA,ANE,EN,Federal Contract Tower,0,6,5,0,11,0,0,0,0,0,0,6,5,0,11,0,0,0,11
12/24/2013,BAF,MA,ANE,EN,Federal Contract Tower,0,2,2,4,8,0,0,43,3,46,0,2,45,7,54,22,14,36,90
12/25/2013,BAF,MA,ANE,EN,Federal Contract Tower,0,0,0,0,0,0,0,10,0,10,0,0,10,0,10,4,0,4,14
12/26/2013,BAF,MA,ANE,EN,Federal Contract Tower,0,0,5,0,5,0,0,2,0,2,0,0,7,0,7,12,0,12,19
12/27/2013,BAF,MA,ANE,EN,Federal Contract Tower,0,3,17,0,20,0,0,52,6,58,0,3,69,6,78,92,0,92,170
12/28/2013,BAF,MA,ANE,EN,Federal Contract Tower,0,1,15,0,16,0,0,70,1,71,0,1,85,1,87,82,0,82,169
12/29/2013,BAF,MA,ANE,EN,Federal Contract Tower,0,0,0,0,0,0,0,16,0,16,0,0,16,0,16,36,0,36,52
12/30/2013,BAF,MA,ANE,EN,Federal Contract Tower,0,2,5,0,7,0,5,45,1,51,0,7,50,1,58,74,0,74,132
12/31/2013,BAF,MA,ANE,EN,Federal Contract Tower,0,3,7,0,10,0,0,32,6,38,0,3,39,6,48,34,4,38,86
01/01/2014,BAF,MA,ANE,EN,Federal Contract Tower,0,0,8,0,8,0,0,13,0,13,0,0,21,0,21,18,0,18,39
01/02/2014,BAF,MA,ANE,EN,Federal Contract Tower,0,7,6,0,13,0,0,0,0,0,0,7,6,0,13,0,0,0,13
01/03/2014,BAF,MA,ANE,EN,Federal Contract Tower,0,2,3,0,5,0,0,0,2,2,0,2,3,2,7,0,0,0,7
01/04/2014,BAF,MA,ANE,EN,Federal Contract Tower,0,3,7,0,10,0,0,20,0,20,0,3,27,0,30,32,0,32,62
01/05/2014,BAF,MA,ANE,EN,Federal Contract Tower,0,1,11,0,12,0,0,28,0,28,0,1,39,0,40,74,0,74,114
01/06/2014,BAF,MA,ANE,EN,Federal Contract Tower,0,4,7,2,13,0,0,8,4,12,0,4,15,6,25,4,8,12,37
01/07/2014,BAF,MA,ANE,EN,Federal Contract Tower,0,1,7,13,21,0,0,13,19,32,0,1,20,32,53,0,28,28,81
01/08/2014,BAF,MA,ANE,EN,Federal Contract Tower,0,4,9,10,23,0,0,29,19,48,0,4,38,29,71,14,12,26,97
01/09/2014,BAF,MA,ANE,EN,Federal Contract Tower,0,0,3,9,12,0,0,48,35,83,0,0,51,44,95,10,20,30,125
01/10/2014,BAF,MA,ANE,EN,Federal Contract Tower,0,4,5,5,14,0,0,0,4,4,0,4,5,9,18,0,0,0,18
01/11/2014,BAF,MA,ANE,EN,Federal Contract Tower,0,1,3,0,4,0,0,0,0,0,0,1,3,0,4,0,0,0,4
01/12/2014,BAF,MA,ANE,EN,Federal Contract Tower,0,3,6,2,11,0,0,22,13,35,0,3,28,15,46,20,14,34,80
01/13/2014,BAF,MA,ANE,EN,Federal Contract Tower,0,0,9,0,9,0,0,60,1,61,0,0,69,1,70,26,0,26,96
01/14/2014,BAF,MA,ANE,EN,Federal Contract Tower,0,2,2,5,9,0,0,1,0,1,0,2,3,5,10,0,0,0,10
01/15/2014,BAF,MA,ANE,EN,Federal Contract Tower,0,4,12,20,36,0,0,56,19,75,0,4,68,39,111,84,36,120,231
01/16/2014,BAF,MA,ANE,EN,Federal Contract Tower,0,3,10,12,25,0,0,7,7,14,0,3,17,19,39,14,2,16,55
01/17/2014,BAF,MA,ANE,EN,Federal Contract Tower,0,1,6,6,13,0,0,77,19,96,0,1,83,25,109,66,20,86,195
01/18/2014,BAF,MA,ANE,EN,Federal Contract Tower,0,4,2,0,6,0,0,0,0,0,0,4,2,0,6,0,0,0,6
01/19/2014,BAF,MA,ANE,EN,Federal Contract Tower,0,3,14,0,17,0,0,18,0,18,0,3,32,0,35,48,0,48,83
01/20/2014,BAF,MA,ANE,EN,Federal Contract Tower,0,3,10,0,13,0,0,24,0,24,0,3,34,0,37,50,0,50,87
01/21/2014,BAF,MA,ANE,EN,Federal Contract Tower,2,0,4,9,15,0,0,14,7,21,2,0,18,16,36,46,12,58,94
01/22/2014,BAF,MA,ANE,EN,Federal Contract Tower,0,0,6,5,11,0,0,17,7,24,0,0,23,12,35,18,20,38,73
01/23/2014,BAF,MA,ANE,EN,Federal Contract Tower,0,0,11,7,18,0,0,28,20,48,0,0,39,27,66,58,6,64,130
01/24/2014,BAF,MA,ANE,EN,Federal Contract Tower,1,3,15,5,24,0,0,35,6,41,1,3,50,11,65,4,0,4,69
01/25/2014,BAF,MA,ANE,EN,Federal Contract Tower,0,5,3,0,8,0,0,23,0,23,0,5,26,0,31,24,0,24,55
01/26/2014,BAF,MA,ANE,EN,Federal Contract Tower,0,0,3,0,3,0,0,33,0,33,0,0,36,0,36,64,0,64,100
01/27/2014,BAF,MA,ANE,EN,Federal Contract Tower,1,2,8,6,17,0,0,9,7,16,1,2,17,13,33,26,8,34,67
01/28/2014,BAF,MA,ANE,EN,Federal Contract Tower,1,1,10,11,23,0,0,33,12,45,1,1,43,23,68,82,18,100,168
01/29/2014,BAF,MA,ANE,EN,Federal Contract Tower,0,0,9,8,17,0,0,37,1,38,0,0,46,9,55,64,16,80,135
01/30/2014,BAF,MA,ANE,EN,Federal Contract Tower,0,8,5,7,20,0,0,59,19,78,0,8,64,26,98,52,4,56,154
01/31/2014,BAF,MA,ANE,EN,Federal Contract Tower,0,4,11,8,23,0,0,38,4,42,0,4,49,12,65,64,0,64,129
02/01/2014,BAF,MA,ANE,EN,Federal Contract Tower,0,2,3,6,11,0,0,65,24,89,0,2,68,30,100,60,12,72,172
02/02/2014,BAF,MA,ANE,EN,Federal Contract Tower,0,1,2,0,3,0,0,30,0,30,0,1,32,0,33,46,0,46,79
02/03/2014,BAF,MA,ANE,EN,Federal Contract Tower,0,7,3,0,10,0,0,0,0,0,0,7,3,0,10,0,0,0,10
02/04/2014,BAF,MA,ANE,EN,Federal Contract Tower,0,5,10,10,25,0,0,35,12,47,0,5,45,22,72,26,10,36,108
02/05/2014,BAF,MA,ANE,EN,Federal Contract Tower,0,0,0,0,0,0,0,0,0,0,0,0,0,0,0,0,0,0,0
02/06/2014,BAF,MA,ANE,EN,Federal Contract Tower,0,4,10,10,24,0,0,36,18,54,0,4,46,28,78,44,24,68,146
02/07/2014,BAF,MA,ANE,EN,Federal Contract Tower,0,3,5,2,10,0,0,40,11,51,0,3,45,13,61,56,4,60,121
02/08/2014,BAF,MA,ANE,EN,Federal Contract Tower,0,2,1,1,4,0,0,72,14,86,0,2,73,15,90,58,16,74,164
02/09/2014,BAF,MA,ANE,EN,Federal Contract Tower,0,3,7,0,10,0,0,55,0,55,0,3,62,0,65,62,0,62,127
02/10/2014,BAF,MA,ANE,EN,Federal Contract Tower,0,3,6,0,9,0,0,36,0,36,0,3,42,0,45,74,0,74,119
02/11/2014,BAF,MA,ANE,EN,Federal Contract Tower,0,2,13,8,23,0,0,57,17,74,0,2,70,25,97,30,6,36,133
02/12/2014,BAF,MA,ANE,EN,Federal Contract Tower,0,2,10,11,23,0,0,48,34,82,0,2,58,45,105,44,18,62,167
02/13/2014,BAF,MA,ANE,EN,Federal Contract Tower,0,0,1,0,1,0,0,0,0,0,0,0,1,0,1,0,0,0,1
02/14/2014,BAF,MA,ANE,EN,Federal Contract Tower,0,1,8,3,12,0,0,0,12,12,0,1,8,15,24,0,2,2,26
02/15/2014,BAF,MA,ANE,EN,Federal Contract Tower,0,1,4,0,5,0,0,0,0,0,0,1,4,0,5,0,0,0,5
02/16/2014,BAF,MA,ANE,EN,Federal Contract Tower,0,0,4,0,4,0,0,0,0,0,0,0,4,0,4,8,0,8,12
02/17/2014,BAF,MA,ANE,EN,Federal Contract Tower,0,6,1,2,9,0,0,45,0,45,0,6,46,2,54,58,0,58,112
02/18/2014,BAF,MA,ANE,EN,Federal Contract Tower,0,2,4,0,6,0,0,0,0,0,0,2,4,0,6,0,0,0,6
02/19/2014,BAF,MA,ANE,EN,Federal Contract Tower,0,3,9,9,21,0,0,2,5,7,0,3,11,14,28,16,8,24,52
02/20/2014,BAF,MA,ANE,EN,Federal Contract Tower,0,5,2,11,18,0,0,39,13,52,0,5,41,24,70,46,2,48,118
02/21/2014,BAF,MA,ANE,EN,Federal Contract Tower,0,2,3,0,5,0,0,0,0,0,0,2,3,0,5,0,0,0,5
02/22/2014,BAF,MA,ANE,EN,Federal Contract Tower,0,9,10,0,19,0,0,66,0,66,0,9,76,0,85,72,0,72,157
02/23/2014,BAF,MA,ANE,EN,Federal Contract Tower,0,2,2,0,4,0,0,42,0,42,0,2,44,0,46,46,0,46,92
02/24/2014,BAF,MA,ANE,EN,Federal Contract Tower,0,2,10,11,23,0,0,35,13,48,0,2,45,24,71,10,24,34,105
02/25/2014,BAF,MA,ANE,EN,Federal Contract Tower,0,1,7,10,18,0,0,32,17,49,0,1,39,27,67,30,32,62,129
02/26/2014,BAF,MA,ANE,EN,Federal Contract Tower,0,2,8,8,18,0,0,39,13,52,0,2,47,21,70,16,36,52,122
02/27/2014,BAF,MA,ANE,EN,Federal Contract Tower,0,1,3,4,8,0,0,30,4,34,0,1,33,8,42,38,2,40,82
02/28/2014,BAF,MA,ANE,EN,Federal Contract Tower,0,0,14,0,14,0,0,34,6,40,0,0,48,6,54,12,0,12,66
03/01/2014,BAF,MA,ANE,EN,Federal Contract Tower,0,0,9,1,10,0,0,61,36,97,0,0,70,37,107,56,6,62,169
03/02/2014,BAF,MA,ANE,EN,Federal Contract Tower,0,0,1,4,5,0,0,43,15,58,0,0,44,19,63,18,6,24,87
03/03/2014,BAF,MA,ANE,EN,Federal Contract Tower,0,0,2,2,4,0,0,41,0,41,0,0,43,2,45,68,0,68,113
03/04/2014,BAF,MA,ANE,EN,Federal Contract Tower,0,1,10,2,13,0,0,45,6,51,0,1,55,8,64,32,20,52,116
03/05/2014,BAF,MA,ANE,EN,Federal Contract Tower,0,1,4,3,8,0,0,15,4,19,0,1,19,7,27,6,4,10,37
03/06/2014,BAF,MA,ANE,EN,Federal Contract Tower,0,0,12,2,14,0,0,35,6,41,0,0,47,8,55,52,14,66,121
03/07/2014,BAF,MA,ANE,EN,Federal Contract Tower,0,3,8,2,13,0,0,28,6,34,0,3,36,8,47,34,0,34,81
03/08/2014,BAF,MA,ANE,EN,Federal Contract Tower,0,2,8,0,10,0,0,70,0,70,0,2,78,0,80,52,2,54,134
03/09/2014,BAF,MA,ANE,EN,Federal Contract Tower,0,3,144,0,147,0,0,74,0,74,0,3,218,0,221,46,0,46,267
03/10/2014,BAF,MA,ANE,EN,Federal Contract Tower,0,2,3,0,5,0,0,25,4,29,0,2,28,4,34,28,8,36,70
03/11/2014,BAF,MA,ANE,EN,Federal Contract Tower,0,4,9,3,16,0,0,42,4,46,0,4,51,7,62,12,8,20,82
03/12/2014,BAF,MA,ANE,EN,Federal Contract Tower,0,0,8,0,8,0,0,0,0,0,0,0,8,0,8,2,0,2,10
03/13/2014,BAF,MA,ANE,EN,Federal Contract Tower,0,2,3,3,8,0,0,1,2,3,0,2,4,5,11,2,18,20,31
03/14/2014,BAF,MA,ANE,EN,Federal Contract Tower,0,2,8,4,14,0,0,25,1,26,0,2,33,5,40,16,0,16,56
03/15/2014,BAF,MA,ANE,EN,Federal Contract Tower,0,0,8,0,8,0,0,45,0,45,0,0,53,0,53,28,0,28,81
03/16/2014,BAF,MA,ANE,EN,Federal Contract Tower,0,1,6,0,7,0,0,37,0,37,0,1,43,0,44,52,0,52,96
03/17/2014,BAF,MA,ANE,EN,Federal Contract Tower,0,1,3,1,5,0,0,34,1,35,0,1,37,2,40,42,2,44,84
03/18/2014,BAF,MA,ANE,EN,Federal Contract Tower,0,0,8,2,10,0,0,72,8,80,0,0,80,10,90,74,2,76,166
03/19/2014,BAF,MA,ANE,EN,Federal Contract Tower,1,2,10,0,13,0,0,4,0,4,1,2,14,0,17,32,32,64,81
03/20/2014,BAF,MA,ANE,EN,Federal Contract Tower,0,4,7,7,18,0,0,24,19,43,0,4,31,26,61,22,6,28,89
03/21/2014,BAF,MA,ANE,EN,Federal Contract Tower,0,5,12,3,20,0,0,23,2,25,0,5,35,5,45,26,0,26,71
03/22/2014,BAF,MA,ANE,EN,Federal Contract Tower,0,1,4,3,8,0,0,52,0,52,0,1,56,3,60,62,0,62,122
03/23/2014,BAF,MA,ANE,EN,Federal Contract Tower,0,4,11,3,18,0,0,63,3,66,0,4,74,6,84,148,0,148,232
03/24/2014,BAF,MA,ANE,EN,Federal Contract Tower,0,1,9,7,17,0,0,58,12,70,0,1,67,19,87,80,22,102,189
03/25/2014,BAF,MA,ANE,EN,Federal Contract Tower,0,5,6,12,23,0,0,44,25,69,0,5,50,37,92,48,28,76,168
03/26/2014,BAF,MA,ANE,EN,Federal Contract Tower,0,1,1,13,15,0,0,13,21,34,0,1,14,34,49,16,44,60,109
03/27/2014,BAF,MA,ANE,EN,Federal Contract Tower,0,5,12,14,31,0,0,58,13,71,0,5,70,27,102,82,30,112,214
03/28/2014,BAF,MA,ANE,EN,Federal Contract Tower,0,8,8,10,26,0,0,5,7,12,0,8,13,17,38,18,2,20,58
03/29/2014,BAF,MA,ANE,EN,Federal Contract Tower,0,0,7,0,7,0,0,37,0,37,0,0,44,0,44,48,0,48,92
03/30/2014,BAF,MA,ANE,EN,Federal Contract Tower,0,2,3,0,5,0,0,0,0,0,0,2,3,0,5,0,0,0,5
03/31/2014,BAF,MA,ANE,EN,Federal Contract Tower,0,1,11,0,12,0,0,28,1,29,0,1,39,1,41,24,8,32,73
04/01/2014,BAF,MA,ANE,EN,Federal Contract Tower,0,4,6,17,27,0,0,58,13,71,0,4,64,30,98,60,24,84,182
04/02/2014,BAF,MA,ANE,EN,Federal Contract Tower,0,2,12,9,23,0,0,64,24,88,0,2,76,33,111,50,26,76,187
04/03/2014,BAF,MA,ANE,EN,Federal Contract Tower,0,2,9,1,12,0,0,60,3,63,0,2,69,4,75,36,10,46,121
04/04/2014,BAF,MA,ANE,EN,Federal Contract Tower,0,0,8,15,23,0,0,18,31,49,0,0,26,46,72,28,12,40,112
04/05/2014,BAF,MA,ANE,EN,Federal Contract Tower,0,2,11,12,25,0,0,35,32,67,0,2,46,44,92,44,0,44,136
04/06/2014,BAF,MA,ANE,EN,Federal Contract Tower,0,6,11,0,17,0,0,104,9,113,0,6,115,9,130,76,0,76,206
04/07/2014,BAF,MA,ANE,EN,Federal Contract Tower,0,5,5,0,10,0,0,61,2,63,0,5,66,2,73,62,0,62,135
04/08/2014,BAF,MA,ANE,EN,Federal Contract Tower,0,0,12,11,23,0,0,3,14,17,0,0,15,25,40,22,0,22,62
04/09/2014,BAF,MA,ANE,EN,Federal Contract Tower,0,0,7,11,18,0,0,45,18,63,0,0,52,29,81,30,30,60,141
04/10/2014,BAF,MA,ANE,EN,Federal Contract Tower,0,1,6,16,23,0,0,43,32,75,0,1,49,48,98,26,44,70,168
04/11/2014,BAF,MA,ANE,EN,Federal Contract Tower,0,2,10,11,23,0,0,52,10,62,0,2,62,21,85,100,22,122,207
04/12/2014,BAF,MA,ANE,EN,Federal Contract Tower,0,2,7,0,9,0,0,83,0,83,0,2,90,0,92,44,0,44,136
04/13/2014,BAF,MA,ANE,EN,Federal Contract Tower,0,0,5,0,5,0,0,34,0,34,0,0,39,0,39,24,4,28,67
04/14/2014,BAF,MA,ANE,EN,Federal Contract Tower,0,0,2,10,12,0,0,30,0,30,0,0,32,10,42,20,0,20,62
04/15/2014,BAF,MA,ANE,EN,Federal Contract Tower,0,1,3,2,6,0,0,0,0,0,0,1,3,2,6,0,0,0,6
04/16/2014,BAF,MA,ANE,EN,Federal Contract Tower,0,1,6,12,19,0,0,34,23,57,0,1,40,35,76,2,6,8,84
04/17/2014,BAF,MA,ANE,EN,Federal Contract Tower,0,0,10,7,17,0,0,67,30,97,0,0,77,37,114,24,4,28,142
04/18/2014,BAF,MA,ANE,EN,Federal Contract Tower,0,3,20,3,26,0,0,69,21,90,0,3,89,24,116,14,20,34,150
04/19/2014,BAF,MA,ANE,EN,Federal Contract Tower,0,0,8,0,8,0,0,51,0,51,0,0,59,0,59,20,0,20,79
04/20/2014,BAF,MA,ANE,EN,Federal Contract Tower,0,2,5,0,7,0,0,43,0,43,0,2,48,0,50,22,0,22,72
04/21/2014,BAF,MA,ANE,EN,Federal Contract Tower,0,0,8,0,8,0,0,94,11,105,0,0,102,11,113,44,2,46,159
04/22/2014,BAF,MA,ANE,EN,Federal Contract Tower,0,2,12,13,27,0,3,29,17,49,0,5,41,30,76,40,42,82,158
04/23/2014,BAF,MA,ANE,EN,Federal Contract Tower,0,1,7,10,18,0,0,18,7,25,0,1,25,17,43,2,24,26,69
04/24/2014,BAF,MA,ANE,EN,Federal Contract Tower,0,2,5,5,12,0,0,26,17,43,0,2,31,22,55,10,40,50,105
04/25/2014,BAF,MA,ANE,EN,Federal Contract Tower,0,6,13,10,29,0,0,82,1,83,0,6,95,11,112,56,12,68,180
04/26/2014,BAF,MA,ANE,EN,Federal Contract Tower,0,3,8,0,11,0,0,2,0,2,0,3,10,0,13,6,0,6,19
04/27/2014,BAF,MA,ANE,EN,Federal Contract Tower,0,5,5,0,10,0,0,51,0,51,0,5,56,0,61,26,0,26,87
04/28/2014,BAF,MA,ANE,EN,Federal Contract Tower,0,0,15,11,26,0,0,58,13,71,0,0,73,24,97,18,18,36,133
04/29/2014,BAF,MA,ANE,EN,Federal Contract Tower,0,0,7,11,18,0,0,45,13,58,0,0,52,24,76,46,22,68,144
04/30/2014,BAF,MA,ANE,EN,Federal Contract Tower,0,0,16,0,16,0,0,0,0,0,0,0,16,0,16,0,0,0,16
05/01/2014,BAF,MA,ANE,EN,Federal Contract Tower,0,2,17,2,21,0,0,32,1,33,0,2,49,3,54,42,10,52,106
05/02/2014,BAF,MA,ANE,EN,Federal Contract Tower,0,3,9,4,16,0,56,9,0,65,0,59,18,4,81,12,10,22,103
05/03/2014,BAF,MA,ANE,EN,Federal Contract Tower,0,0,8,8,16,0,0,75,22,97,0,0,83,30,113,58,24,82,195
05/04/2014,BAF,MA,ANE,EN,Federal Contract Tower,0,2,6,0,8,0,0,27,2,29,0,2,33,2,37,22,0,22,59
05/05/2014,BAF,MA,ANE,EN,Federal Contract Tower,0,0,10,0,10,0,0,47,0,47,0,0,57,0,57,40,0,40,97
05/06/2014,BAF,MA,ANE,EN,Federal Contract Tower,0,2,3,0,5,0,0,72,2,74,0,2,75,2,79,24,0,24,103
05/07/2014,BAF,MA,ANE,EN,Federal Contract Tower,0,3,8,11,22,0,0,110,30,140,0,3,118,41,162,68,62,130,292
05/08/2014,BAF,MA,ANE,EN,Federal Contract Tower,0,1,23,8,32,0,0,43,21,64,0,1,66,29,96,94,20,114,210
05/09/2014,BAF,MA,ANE,EN,Federal Contract Tower,0,2,21,12,35,0,0,0,13,13,0,2,21,25,48,4,0,4,52
05/10/2014,BAF,MA,ANE,EN,Federal Contract Tower,0,0,10,0,10,0,0,18,0,18,0,0,28,0,28,50,0,50,78
05/11/2014,BAF,MA,ANE,EN,Federal Contract Tower,0,0,1,0,1,0,0,79,0,79,0,0,80,0,80,22,0,22,102
05/12/2014,BAF,MA,ANE,EN,Federal Contract Tower,0,0,5,13,18,0,0,132,30,162,0,0,137,43,180,52,34,86,266
05/13/2014,BAF,MA,ANE,EN,Federal Contract Tower,0,0,11,11,22,0,0,49,21,70,0,0,60,32,92,52,21,73,165
05/14/2014,BAF,MA,ANE,EN,Federal Contract Tower,0,0,12,14,26,0,0,63,17,80,0,0,75,31,106,82,40,122,228
05/15/2014,BAF,MA,ANE,EN,Federal Contract Tower,0,2,14,16,32,0,0,26,13,39,0,2,40,29,71,32,14,46,117
05/16/2014,BAF,MA,ANE,EN,Federal Contract Tower,0,4,14,9,27,0,0,0,11,11,0,4,14,20,38,0,0,0,38
05/17/2014,BAF,MA,ANE,EN,Federal Contract Tower,0,0,8,1,9,0,0,92,0,92,0,0,100,1,101,44,6,50,151
05/18/2014,BAF,MA,ANE,EN,Federal Contract Tower,0,3,9,1,13,0,2,97,13,112,0,5,106,14,125,42,18,60,185
05/19/2014,BAF,MA,ANE,EN,Federal Contract Tower,0,0,4,0,4,0,0,46,7,53,0,0,50,7,57,36,0,36,93
05/20/2014,BAF,MA,ANE,EN,Federal Contract Tower,0,4,17,13,34,0,0,76,11,87,0,4,93,24,121,24,24,48,169
05/21/2014,BAF,MA,ANE,EN,Federal Contract Tower,0,2,14,9,25,0,0,87,17,104,0,2,101,26,129,156,36,192,321
05/22/2014,BAF,MA,ANE,EN,Federal Contract Tower,0,3,17,17,37,0,0,6,17,23,0,3,23,34,60,2,26,28,88
05/23/2014,BAF,MA,ANE,EN,Federal Contract Tower,0,5,28,18,51,0,0,16,6,22,0,5,44,24,73,50,4,54,127
05/24/2014,BAF,MA,ANE,EN,Federal Contract Tower,0,4,16,0,20,0,0,36,0,36,0,4,52,0,56,50,0,50,106
05/25/2014,BAF,MA,ANE,EN,Federal Contract Tower,0,3,18,0,21,0,0,80,0,80,0,3,98,0,101,50,0,50,151
05/26/2014,BAF,MA,ANE,EN,Federal Contract Tower,0,2,5,0,7,0,0,62,0,62,0,2,67,0,69,50,0,50,119
05/27/2014,BAF,MA,ANE,EN,Federal Contract Tower,0,2,14,6,22,0,0,55,17,72,0,2,69,23,94,50,18,68,162
05/28/2014,BAF,MA,ANE,EN,Federal Contract Tower,0,9,24,2,35,0,0,8,0,8,0,9,32,2,43,8,0,8,51
05/29/2014,BAF,MA,ANE,EN,Federal Contract Tower,0,4,24,3,31,0,0,95,12,107,0,4,119,15,138,52,24,76,214
05/30/2014,BAF,MA,ANE,EN,Federal Contract Tower,0,2,17,4,23,0,0,41,6,47,0,2,58,10,70,30,0,30,100
05/31/2014,BAF,MA,ANE,EN,Federal Contract Tower,0,4,15,5,24,0,0,145,0,145,0,4,160,5,169,72,0,72,241
06/01/2014,BAF,MA,ANE,EN,Federal Contract Tower,0,4,15,0,19,0,0,182,0,182,0,4,197,0,201,88,0,88,289
06/02/2014,BAF,MA,ANE,EN,Federal Contract Tower,0,0,17,1,18,0,0,97,4,101,0,0,114,5,119,62,8,70,189
06/03/2014,BAF,MA,ANE,EN,Federal Contract Tower,0,1,15,5,21,0,0,58,5,63,0,1,73,10,84,42,6,48,132
06/04/2014,BAF,MA,ANE,EN,Federal Contract Tower,0,0,23,3,26,0,0,28,10,38,0,0,51,13,64,34,6,40,104
06/05/2014,BAF,MA,ANE,EN,Federal Contract Tower,0,2,11,2,15,0,0,19,0,19,0,2,30,2,34,18,0,18,52
06/06/2014,BAF,MA,ANE,EN,Federal Contract Tower,0,4,21,2,27,0,0,74,10,84,0,4,95,12,111,68,0,68,179
06/07/2014,BAF,MA,ANE,EN,Federal Contract Tower,0,1,4,1,6,0,0,157,0,157,0,1,161,1,163,104,0,104,267
06/08/2014,BAF,MA,ANE,EN,Federal Contract Tower,0,1,13,0,14,0,0,128,0,128,0,1,141,0,142,76,2,78,220
06/09/2014,BAF,MA,ANE,EN,Federal Contract Tower,0,1,18,5,24,0,0,32,3,35,0,1,50,8,59,46,16,62,121
06/10/2014,BAF,MA,ANE,EN,Federal Contract Tower,0,0,13,7,20,0,0,14,2,16,0,0,27,9,36,2,0,2,38
06/11/2014,BAF,MA,ANE,EN,Federal Contract Tower,0,1,23,3,27,0,0,33,6,39,0,1,56,9,66,26,0,26,92
06/12/2014,BAF,MA,ANE,EN,Federal Contract Tower,0,2,18,0,20,0,0,0,0,0,0,2,18,0,20,0,0,0,20
06/13/2014,BAF,MA,ANE,EN,Federal Contract Tower,0,3,15,3,21,0,0,0,0,0,0,3,15,3,21,0,0,0,21
06/14/2014,BAF,MA,ANE,EN,Federal Contract Tower,0,1,13,1,15,0,0,68,2,70,0,1,81,3,85,106,0,106,191
06/15/2014,BAF,MA,ANE,EN,Federal Contract Tower,0,4,11,1,16,0,0,67,0,67,0,4,78,1,83,44,0,44,127
06/16/2014,BAF,MA,ANE,EN,Federal Contract Tower,0,3,18,2,23,0,0,101,3,104,0,3,119,5,127,64,4,68,195
06/17/2014,BAF,MA,ANE,EN,Federal Contract Tower,0,2,11,5,18,0,0,81,4,85,0,2,92,9,103,58,28,86,189
06/18/2014,BAF,MA,ANE,EN,Federal Contract Tower,0,2,8,1,11,0,0,57,10,67,0,2,65,11,78,36,6,42,120
06/19/2014,BAF,MA,ANE,EN,Federal Contract Tower,0,0,7,0,7,0,0,40,13,53,0,0,47,13,60,22,0,22,82
06/20/2014,BAF,MA,ANE,EN,Federal Contract Tower,0,1,9,0,10,0,0,60,10,70,0,1,69,10,80,72,2,74,154
06/21/2014,BAF,MA,ANE,EN,Federal Contract Tower,0,1,14,0,15,0,0,102,0,102,0,1,116,0,117,72,0,72,189
06/22/2014,BAF,MA,ANE,EN,Federal Contract Tower,0,1,8,0,9,0,0,78,0,78,0,1,86,0,87,24,0,24,111
06/23/2014,BAF,MA,ANE,EN,Federal Contract Tower,0,0,10,4,14,0,0,66,8,74,0,0,76,12,88,72,6,78,166
06/24/2014,BAF,MA,ANE,EN,Federal Contract Tower,0,0,12,2,14,0,0,64,5,69,0,0,76,7,83,36,2,38,121
06/25/2014,BAF,MA,ANE,EN,Federal Contract Tower,0,0,17,1,18,0,0,41,12,53,0,0,58,13,71,30,22,52,123
06/26/2014,BAF,MA,ANE,EN,Federal Contract Tower,0,0,12,2,14,0,0,32,4,36,0,0,44,6,50,12,2,14,64
06/27/2014,BAF,MA,ANE,EN,Federal Contract Tower,0,3,14,4,21,0,0,55,16,71,0,3,69,20,92,46,0,46,138
06/28/2014,BAF,MA,ANE,EN,Federal Contract Tower,0,1,8,1,10,0,0,86,0,86,0,1,94,1,96,108,0,108,204
06/29/2014,BAF,MA,ANE,EN,Federal Contract Tower,0,0,17,2,19,0,0,107,0,107,0,0,124,2,126,70,0,70,196
06/30/2014,BAF,MA,ANE,EN,Federal Contract Tower,0,4,16,0,20,0,1,71,11,83,0,5,87,11,103,52,0,52,155
07/01/2014,BAF,MA,ANE,EN,Federal Contract Tower,0,0,8,17,25,0,0,49,22,71,0,0,57,39,96,46,42,88,184
07/02/2014,BAF,MA,ANE,EN,Federal Contract Tower,0,1,2,11,14,0,0,27,14,41,0,1,29,25,55,12,16,28,83
07/03/2014,BAF,MA,ANE,EN,Federal Contract Tower,0,2,7,9,18,0,0,18,10,28,0,2,25,19,46,20,42,62,108
07/04/2014,BAF,MA,ANE,EN,Federal Contract Tower,0,0,6,0,6,0,0,4,0,4,0,0,10,0,10,2,0,2,12
07/05/2014,BAF,MA,ANE,EN,Federal Contract Tower,0,0,11,0,11,0,0,45,0,45,0,0,56,0,56,16,0,16,72
07/06/2014,BAF,MA,ANE,EN,Federal Contract Tower,0,3,8,0,11,0,0,81,0,81,0,3,89,0,92,32,0,32,124
07/07/2014,BAF,MA,ANE,EN,Federal Contract Tower,0,0,15,0,15,0,0,43,6,49,0,0,58,6,64,30,0,30,94
07/08/2014,BAF,MA,ANE,EN,Federal Contract Tower,0,4,4,10,18,0,0,46,36,82,0,4,50,46,100,48,20,68,168
07/09/2014,BAF,MA,ANE,EN,Federal Contract Tower,0,1,8,7,16,0,0,67,15,82,0,1,75,22,98,54,6,60,158
07/10/2014,BAF,MA,ANE,EN,Federal Contract Tower,0,2,3,5,10,0,0,71,14,85,0,2,74,19,95,68,20,88,183
07/11/2014,BAF,MA,ANE,EN,Federal Contract Tower,0,0,14,4,18,0,0,80,7,87,0,0,94,11,105,84,4,88,193
07/12/2014,BAF,MA,ANE,EN,Federal Contract Tower,0,0,10,0,10,0,0,95,0,95,0,0,105,0,105,60,0,60,165
07/13/2014,BAF,MA,ANE,EN,Federal Contract Tower,0,2,15,0,17,0,0,63,0,63,0,2,78,0,80,28,0,28,108
07/14/2014,BAF,MA,ANE,EN,Federal Contract Tower,0,1,14,9,24,0,0,24,11,35,0,1,38,20,59,36,0,36,95
07/15/2014,BAF,MA,ANE,EN,Federal Contract Tower,0,0,7,20,27,0,0,4,19,23,0,0,11,39,50,12,24,36,86
07/16/2014,BAF,MA,ANE,EN,Federal Contract Tower,0,1,10,4,15,0,0,26,7,33,0,1,36,11,48,38,14,52,100
07/17/2014,BAF,MA,ANE,EN,Federal Contract Tower,0,5,9,6,20,0,0,90,13,103,0,5,99,19,123,56,26,82,205
07/18/2014,BAF,MA,ANE,EN,Federal Contract Tower,0,0,10,4,14,0,0,76,17,93,0,0,86,21,107,62,18,80,187
07/19/2014,BAF,MA,ANE,EN,Federal Contract Tower,0,0,12,0,12,0,0,121,0,121,0,0,133,0,133,58,0,58,191
07/20/2014,BAF,MA,ANE,EN,Federal Contract Tower,0,3,18,0,21,0,1,94,0,95,0,4,112,0,116,76,2,78,194
07/21/2014,BAF,MA,ANE,EN,Federal Contract Tower,0,4,10,0,14,0,0,68,0,68,0,4,78,0,82,30,0,30,112
07/22/2014,BAF,MA,ANE,EN,Federal Contract Tower,0,4,13,10,27,0,0,88,21,109,0,4,101,31,136,48,10,58,194
07/23/2014,BAF,MA,ANE,EN,Federal Contract Tower,0,1,17,6,24,0,0,55,15,70,0,1,72,21,94,30,0,30,124
07/24/2014,BAF,MA,ANE,EN,Federal Contract Tower,0,3,16,6,25,0,0,50,28,78,0,3,66,34,103,52,2,54,157
07/25/2014,BAF,MA,ANE,EN,Federal Contract Tower,0,4,9,6,19,0,0,62,13,75,0,4,71,19,94,66,0,66,160
07/26/2014,BAF,MA,ANE,EN,Federal Contract Tower,0,0,8,0,8,0,0,88,0,88,0,0,96,0,96,84,0,84,180
07/27/2014,BAF,MA,ANE,EN,Federal Contract Tower,0,3,15,0,18,0,0,10,0,10,0,3,25,0,28,0,0,0,28
07/28/2014,BAF,MA,ANE,EN,Federal Contract Tower,0,1,9,2,12,0,0,2,3,5,0,1,11,5,17,0,4,4,21
07/29/2014,BAF,MA,ANE,EN,Federal Contract Tower,0,1,6,11,18,0,0,76,16,92,0,1,82,27,110,28,20,48,158
07/30/2014,BAF,MA,ANE,EN,Federal Contract Tower,0,0,20,9,29,0,0,84,24,108,0,0,104,33,137,44,8,52,189
07/31/2014,BAF,MA,ANE,EN,Federal Contract Tower,0,0,8,6,14,0,0,44,32,76,0,0,52,38,90,50,2,52,142
08/01/2014,BAF,MA,ANE,EN,Federal Contract Tower,0,2,9,4,15,0,0,24,32,56,0,2,33,36,71,42,2,44,115
08/02/2014,BAF,MA,ANE,EN,Federal Contract Tower,0,0,9,6,15,0,0,17,20,37,0,0,26,26,52,34,4,38,90
08/03/2014,BAF,MA,ANE,EN,Federal Contract Tower,0,1,15,0,16,0,0,52,0,52,0,1,67,0,68,66,0,66,134
08/04/2014,BAF,MA,ANE,EN,Federal Contract Tower,0,0,5,10,15,0,0,38,6,44,0,0,43,16,59,46,24,70,129
08/05/2014,BAF,MA,ANE,EN,Federal Contract Tower,0,3,7,16,26,0,0,67,18,85,0,3,74,34,111,178,26,204,315
08/06/2014,BAF,MA,ANE,EN,Federal Contract Tower,0,3,7,8,18,0,0,59,17,76,0,3,66,25,94,14,20,34,128
08/07/2014,BAF,MA,ANE,EN,Federal Contract Tower,0,3,11,8,22,0,0,86,16,102,0,3,97,24,124,28,18,46,170
08/08/2014,BAF,MA,ANE,EN,Federal Contract Tower,0,6,13,0,19,0,0,105,0,105,0,6,118,0,124,42,0,42,166
08/09/2014,BAF,MA,ANE,EN,Federal Contract Tower,0,2,5,0,7,0,0,103,4,107,0,2,108,4,114,22,0,22,136
08/10/2014,BAF,MA,ANE,EN,Federal Contract Tower,0,3,12,0,15,0,0,67,0,67,0,3,79,0,82,78,0,78,160
08/11/2014,BAF,MA,ANE,EN,Federal Contract Tower,0,1,12,0,13,0,0,48,5,53,0,1,60,5,66,24,0,24,90
08/12/2014,BAF,MA,ANE,EN,Federal Contract Tower,0,2,17,8,27,0,0,30,16,46,0,2,47,24,73,38,16,54,127
08/13/2014,BAF,MA,ANE,EN,Federal Contract Tower,0,1,7,4,12,0,0,0,0,0,0,1,7,4,12,0,0,0,12
08/14/2014,BAF,MA,ANE,EN,Federal Contract Tower,0,3,7,9,19,0,0,91,15,106,0,3,98,24,125,38,12,50,175
08/15/2014,BAF,MA,ANE,EN,Federal Contract Tower,0,3,20,2,25,0,0,84,17,101,0,3,104,19,126,128,8,136,262
08/16/2014,BAF,MA,ANE,EN,Federal Contract Tower,0,1,11,0,12,0,0,75,0,75,0,1,86,0,87,64,0,64,151
08/17/2014,BAF,MA,ANE,EN,Federal Contract Tower,0,1,15,0,16,0,0,61,0,61,0,1,76,0,77,52,0,52,129
08/18/2014,BAF,MA,ANE,EN,Federal Contract Tower,0,0,8,11,19,0,0,71,16,87,0,0,79,27,106,16,26,42,148
08/19/2014,BAF,MA,ANE,EN,Federal Contract Tower,0,0,13,7,20,0,0,88,17,105,0,0,101,24,125,80,32,112,237
08/20/2014,BAF,MA,ANE,EN,Federal Contract Tower,0,1,8,8,17,0,5,44,12,61,0,6,52,20,78,50,26,76,154
08/21/2014,BAF,MA,ANE,EN,Federal Contract Tower,0,0,10,8,18,0,0,24,13,37,0,0,34,21,55,54,12,66,121
08/22/2014,BAF,MA,ANE,EN,Federal Contract Tower,0,3,25,4,32,0,0,5,6,11,0,3,30,10,43,6,0,6,49
08/23/2014,BAF,MA,ANE,EN,Federal Contract Tower,0,0,21,0,21,0,0,51,0,51,0,0,72,0,72,24,0,24,96
08/24/2014,BAF,MA,ANE,EN,Federal Contract Tower,0,0,8,0,8,0,0,108,0,108,0,0,116,0,116,82,0,82,198
08/25/2014,BAF,MA,ANE,EN,Federal Contract Tower,0,2,13,1,16,0,0,73,2,75,0,2,86,3,91,50,4,54,145
08/26/2014,BAF,MA,ANE,EN,Federal Contract Tower,0,0,8,8,16,0,0,21,28,49,0,0,29,36,65,60,88,148,213
08/27/2014,BAF,MA,ANE,EN,Federal Contract Tower,0,1,20,2,23,0,0,41,16,57,0,1,61,18,80,18,0,18,98
08/28/2014,BAF,MA,ANE,EN,Federal Contract Tower,0,3,17,3,23,0,0,61,9,70,0,3,78,12,93,46,0,46,139
08/29/2014,BAF,MA,ANE,EN,Federal Contract Tower,0,5,22,2,29,0,0,89,1,90,0,5,111,3,119,40,0,40,159
08/30/2014,BAF,MA,ANE,EN,Federal Contract Tower,0,2,14,0,16,0,0,71,0,71,0,2,85,0,87,60,0,60,147
08/31/2014,BAF,MA,ANE,EN,Federal Contract Tower,0,1,7,0,8,0,0,8,0,8,0,1,15,0,16,18,0,18,34
09/01/2014,BAF,MA,ANE,EN,Federal Contract Tower,0,1,13,0,14,0,0,56,0,56,0,1,69,0,70,10,0,10,80
09/02/2014,BAF,MA,ANE,EN,Federal Contract Tower,0,2,20,1,23,0,1,50,13,64,0,3,70,14,87,30,6,36,123
09/03/2014,BAF,MA,ANE,EN,Federal Contract Tower,0,0,8,4,12,0,0,92,14,106,0,0,100,18,118,6,22,28,146
09/04/2014,BAF,MA,ANE,EN,Federal Contract Tower,0,2,10,11,23,0,0,68,28,96,0,2,78,39,119,88,38,126,245
09/05/2014,BAF,MA,ANE,EN,Federal Contract Tower,0,3,10,8,21,0,0,53,14,67,0,3,63,22,88,26,14,40,128
09/06/2014,BAF,MA,ANE,EN,Federal Contract Tower,0,0,9,4,13,0,0,56,8,64,0,0,65,12,77,82,18,100,177
09/07/2014,BAF,MA,ANE,EN,Federal Contract Tower,0,2,7,1,10,0,0,65,4,69,0,2,72,5,79,12,8,20,99
09/08/2014,BAF,MA,ANE,EN,Federal Contract Tower,0,1,1,0,2,0,0,55,0,55,0,1,56,0,57,46,0,46,103
09/09/2014,BAF,MA,ANE,EN,Federal Contract Tower,0,1,15,7,23,0,0,60,18,78,0,1,75,25,101,22,10,32,133
09/10/2014,BAF,MA,ANE,EN,Federal Contract Tower,0,1,6,16,23,0,0,59,28,87,0,1,65,44,110,32,10,42,152
09/11/2014,BAF,MA,ANE,EN,Federal Contract Tower,0,6,19,9,34,0,0,13,11,24,0,6,32,20,58,22,36,58,116
09/12/2014,BAF,MA,ANE,EN,Federal Contract Tower,0,5,12,4,21,0,0,60,12,72,0,5,72,16,93,26,16,42,135
09/13/2014,BAF,MA,ANE,EN,Federal Contract Tower,0,3,5,0,8,0,0,32,0,32,0,3,37,0,40,22,0,22,62
09/14/2014,BAF,MA,ANE,EN,Federal Contract Tower,0,1,13,1,15,0,0,100,2,102,0,1,113,3,117,64,4,68,185
09/15/2014,BAF,MA,ANE,EN,Federal Contract Tower,0,0,17,12,29,0,0,107,12,119,0,0,124,24,148,86,18,104,252
09/16/2014,BAF,MA,ANE,EN,Federal Contract Tower,0,8,26,11,45,0,0,55,12,67,0,8,81,23,112,6,8,14,126
09/17/2014,BAF,MA,ANE,EN,Federal Contract Tower,0,2,10,10,22,0,0,78,14,92,0,2,88,24,114,42,40,82,196
09/18/2014,BAF,MA,ANE,EN,Federal Contract Tower,0,0,14,12,26,0,0,88,17,105,0,0,102,29,131,48,70,118,249
09/19/2014,BAF,MA,ANE,EN,Federal Contract Tower,2,4,19,7,32,0,0,70,18,88,2,4,89,25,120,28,12,40,160
09/20/2014,BAF,MA,ANE,EN,Federal Contract Tower,1,0,29,0,30,0,0,63,0,63,1,0,92,0,93,54,0,54,147
09/21/2014,BAF,MA,ANE,EN,Federal Contract Tower,0,1,16,0,17,0,0,13,0,13,0,1,29,0,30,6,0,6,36
09/22/2014,BAF,MA,ANE,EN,Federal Contract Tower,0,1,8,0,9,0,0,24,5,29,0,1,32,5,38,14,0,14,52
09/23/2014,BAF,MA,ANE,EN,Federal Contract Tower,0,0,10,8,18,0,0,51,16,67,0,0,61,24,85,12,22,34,119
09/24/2014,BAF,MA,ANE,EN,Federal Contract Tower,2,1,19,8,30,0,0,63,26,89,2,1,82,34,119,38,16,54,173
09/25/2014,BAF,MA,ANE,EN,Federal Contract Tower,0,0,13,10,23,0,0,13,13,26,0,0,26,23,49,32,14,46,95
09/26/2014,BAF,MA,ANE,EN,Federal Contract Tower,0,2,16,5,23,0,0,65,12,77,0,2,81,17,100,30,10,40,140
09/27/2014,BAF,MA,ANE,EN,Federal Contract Tower,0,0,11,0,11,0,0,70,0,70,0,0,81,0,81,52,0,52,133
09/28/2014,BAF,MA,ANE,EN,Federal Contract Tower,0,3,10,0,13,0,0,115,0,115,0,3,125,0,128,70,0,70,198
09/29/2014,BAF,MA,ANE,EN,Federal Contract Tower,0,2,12,7,21,0,0,40,14,54,0,2,52,21,75,50,26,76,151
09/30/2014,BAF,MA,ANE,EN,Federal Contract Tower,0,1,22,8,31,0,0,1,6,7,0,1,23,14,38,0,0,0,38
10/01/2014,BAF,MA,ANE,EN,Federal Contract Tower,0,1,26,1,28,0,0,0,0,0,0,1,26,1,28,0,0,0,28
10/02/2014,BAF,MA,ANE,EN,Federal Contract Tower,0,0,26,0,26,0,0,8,0,8,0,0,34,0,34,10,2,12,46
10/03/2014,BAF,MA,ANE,EN,Federal Contract Tower,0,2,17,0,19,0,0,102,12,114,0,2,119,12,133,94,15,109,242
10/04/2014,BAF,MA,ANE,EN,Federal Contract Tower,0,1,11,0,12,0,0,0,0,0,0,1,11,0,12,4,0,4,16
10/05/2014,BAF,MA,ANE,EN,Federal Contract Tower,0,1,15,2,18,0,0,102,10,112,0,1,117,12,130,58,14,72,202
10/06/2014,BAF,MA,ANE,EN,Federal Contract Tower,0,0,11,0,11,0,0,52,2,54,0,0,63,2,65,58,0,58,123
10/07/2014,BAF,MA,ANE,EN,Federal Contract Tower,0,0,8,5,13,0,0,15,1,16,0,0,23,6,29,18,0,18,47
10/08/2014,BAF,MA,ANE,EN,Federal Contract Tower,0,7,7,9,23,0,0,46,11,57,0,7,53,20,80,10,20,30,110
10/09/2014,BAF,MA,ANE,EN,Federal Contract Tower,0,3,18,4,25,0,0,80,6,86,0,3,98,10,111,64,0,64,175
10/10/2014,BAF,MA,ANE,EN,Federal Contract Tower,1,8,11,4,24,0,0,77,5,82,1,8,88,9,106,60,8,68,174
10/11/2014,BAF,MA,ANE,EN,Federal Contract Tower,2,1,11,0,14,0,0,13,0,13,2,1,24,0,27,2,0,2,29
10/12/2014,BAF,MA,ANE,EN,Federal Contract Tower,0,0,14,0,14,0,0,109,0,109,0,0,123,0,123,52,0,52,175
10/13/2014,BAF,MA,ANE,EN,Federal Contract Tower,0,3,35,0,38,0,0,51,0,51,0,3,86,0,89,44,0,44,133
10/14/2014,BAF,MA,ANE,EN,Federal Contract Tower,0,2,28,10,40,0,1,39,7,47,0,3,67,17,87,16,12,28,115
10/15/2014,BAF,MA,ANE,EN,Federal Contract Tower,0,1,25,9,35,0,0,25,10,35,0,1,50,19,70,6,6,12,82
10/16/2014,BAF,MA,ANE,EN,Federal Contract Tower,0,2,11,0,13,0,0,1,0,1,0,2,12,0,14,0,0,0,14
10/17/2014,BAF,MA,ANE,EN,Federal Contract Tower,0,0,14,8,22,0,0,83,13,96,0,0,97,21,118,108,18,126,244
10/18/2014,BAF,MA,ANE,EN,Federal Contract Tower,0,3,13,0,16,0,0,26,0,26,0,3,39,0,42,34,0,34,76
10/19/2014,BAF,MA,ANE,EN,Federal Contract Tower,0,2,13,0,15,0,0,32,0,32,0,2,45,0,47,40,0,40,87
10/20/2014,BAF,MA,ANE,EN,Federal Contract Tower,0,1,12,2,15,0,0,76,0,76,0,1,88,2,91,80,2,82,173
10/21/2014,BAF,MA,ANE,EN,Federal Contract Tower,0,2,11,7,20,0,0,36,18,54,0,2,47,25,74,44,16,60,134
10/22/2014,BAF,MA,ANE,EN,Federal Contract Tower,0,3,20,13,36,0,0,1,3,4,0,3,21,16,40,10,20,30,70
10/23/2014,BAF,MA,ANE,EN,Federal Contract Tower,0,0,5,6,11,0,0,0,2,2,0,0,5,8,13,0,12,12,25
10/24/2014,BAF,MA,ANE,EN,Federal Contract Tower,2,7,18,6,33,0,0,26,5,31,2,7,44,11,64,8,10,18,82
10/25/2014,BAF,MA,ANE,EN,Federal Contract Tower,2,5,11,0,18,0,0,88,0,88,2,5,99,0,106,88,0,88,194
10/26/2014,BAF,MA,ANE,EN,Federal Contract Tower,0,5,13,0,18,0,0,11,0,11,0,5,24,0,29,10,0,10,39
10/27/2014,BAF,MA,ANE,EN,Federal Contract Tower,0,2,18,8,28,0,0,48,5,53,0,2,66,13,81,50,4,54,135
10/28/2014,BAF,MA,ANE,EN,Federal Contract Tower,0,2,9,16,27,0,0,60,17,77,0,2,69,33,104,92,28,120,224
10/29/2014,BAF,MA,ANE,EN,Federal Contract Tower,0,2,15,6,23,0,0,18,13,31,0,2,33,19,54,6,20,26,80
10/30/2014,BAF,MA,ANE,EN,Federal Contract Tower,0,1,11,17,29,0,0,69,18,87,0,1,80,35,116,86,20,106,222
10/31/2014,BAF,MA,ANE,EN,Federal Contract Tower,0,3,12,10,25,0,0,63,20,83,0,3,75,30,108,88,30,118,226
11/01/2014,BAF,MA,ANE,EN,Federal Contract Tower,0,0,7,12,19,0,0,9,24,33,0,0,16,36,52,0,18,18,70
11/02/2014,BAF,MA,ANE,EN,Federal Contract Tower,0,2,9,1,12,0,0,6,3,9,0,2,15,4,21,0,0,0,21
11/03/2014,BAF,MA,ANE,EN,Federal Contract Tower,0,0,14,0,14,0,0,40,0,40,0,0,54,0,54,14,0,14,68
11/04/2014,BAF,MA,ANE,EN,Federal Contract Tower,0,1,11,3,15,0,0,81,10,91,0,1,92,13,106,54,12,66,172
11/05/2014,BAF,MA,ANE,EN,Federal Contract Tower,0,0,16,8,24,0,0,65,30,95,0,0,81,38,119,42,30,72,191
11/06/2014,BAF,MA,ANE,EN,Federal Contract Tower,0,2,12,5,19,0,0,2,5,7,0,2,14,10,26,0,12,12,38
11/07/2014,BAF,MA,ANE,EN,Federal Contract Tower,0,4,17,5,26,0,0,24,16,40,0,4,41,21,66,0,0,0,66
11/08/2014,BAF,MA,ANE,EN,Federal Contract Tower,0,0,15,0,15,0,0,63,0,63,0,0,78,0,78,40,0,40,118
11/09/2014,BAF,MA,ANE,EN,Federal Contract Tower,0,2,7,0,9,0,0,105,0,105,0,2,112,0,114,42,0,42,156
11/10/2014,BAF,MA,ANE,EN,Federal Contract Tower,0,0,8,9,17,0,0,55,14,69,0,0,63,23,86,26,20,46,132
11/11/2014,BAF,MA,ANE,EN,Federal Contract Tower,0,1,16,0,17,0,0,38,0,38,0,1,54,0,55,48,0,48,103
11/12/2014,BAF,MA,ANE,EN,Federal Contract Tower,0,1,16,12,29,0,0,35,11,46,0,1,51,23,75,12,18,30,105
11/13/2014,BAF,MA,ANE,EN,Federal Contract Tower,0,6,15,8,29,0,0,68,11,79,0,6,83,19,108,60,18,78,186
11/14/2014,BAF,MA,ANE,EN,Federal Contract Tower,0,0,14,2,16,0,0,40,10,50,0,0,54,12,66,46,4,50,116
11/15/2014,BAF,MA,ANE,EN,Federal Contract Tower,0,4,15,0,19,0,0,97,0,97,0,4,112,0,116,100,0,100,216
11/16/2014,BAF,MA,ANE,EN,Federal Contract Tower,0,6,5,0,11,0,0,43,0,43,0,6,48,0,54,30,0,30,84
11/17/2014,BAF,MA,ANE,EN,Federal Contract Tower,2,3,13,0,18,0,0,0,0,0,2,3,13,0,18,0,0,0,18
11/18/2014,BAF,MA,ANE,EN,Federal Contract Tower,0,1,14,9,24,0,0,4,9,13,0,1,18,18,37,4,10,14,51
11/19/2014,BAF,MA,ANE,EN,Federal Contract Tower,0,4,7,13,24,0,0,38,19,57,0,4,45,32,81,66,20,86,167
11/20/2014,BAF,MA,ANE,EN,Federal Contract Tower,0,2,16,12,30,0,0,28,14,42,0,2,44,26,72,16,16,32,104
11/21/2014,BAF,MA,ANE,EN,Federal Contract Tower,0,2,9,4,15,0,0,23,15,38,0,2,32,19,53,16,8,24,77
11/22/2014,BAF,MA,ANE,EN,Federal Contract Tower,0,0,6,0,6,0,0,78,0,78,0,0,84,0,84,82,0,82,166
11/23/2014,BAF,MA,ANE,EN,Federal Contract Tower,0,1,15,2,18,0,0,86,2,88,0,1,101,4,106,52,4,56,162
11/24/2014,BAF,MA,ANE,EN,Federal Contract Tower,0,1,10,6,17,0,0,0,0,0,0,1,10,6,17,0,0,0,17
11/25/2014,BAF,MA,ANE,EN,Federal Contract Tower,0,3,9,13,25,0,0,33,23,56,0,3,42,36,81,46,36,82,163
11/26/2014,BAF,MA,ANE,EN,Federal Contract Tower,0,0,2,0,2,0,0,0,0,0,0,0,2,0,2,0,0,0,2
11/27/2014,BAF,MA,ANE,EN,Federal Contract Tower,0,0,4,0,4,0,0,0,0,0,0,0,4,0,4,0,0,0,4
11/28/2014,BAF,MA,ANE,EN,Federal Contract Tower,0,0,4,0,4,0,0,30,0,30,0,0,34,0,34,4,0,4,38
11/29/2014,BAF,MA,ANE,EN,Federal Contract Tower,0,0,7,0,7,0,0,57,0,57,0,0,64,0,64,22,0,22,86
11/30/2014,BAF,MA,ANE,EN,Federal Contract Tower,0,2,16,0,18,0,0,46,0,46,0,2,62,0,64,38,0,38,102
12/01/2014,BAF,MA,ANE,EN,Federal Contract Tower,0,3,15,8,26,0,0,24,10,34,0,3,39,18,60,50,16,66,126
12/02/2014,BAF,MA,ANE,EN,Federal Contract Tower,0,2,11,7,20,0,0,26,8,34,0,2,37,15,54,6,10,16,70
12/03/2014,BAF,MA,ANE,EN,Federal Contract Tower,0,1,13,0,14,0,0,0,4,4,0,1,13,4,18,0,18,18,36
12/04/2014,BAF,MA,ANE,EN,Federal Contract Tower,1,5,14,6,26,0,0,30,20,50,1,5,44,26,76,6,18,24,100
12/05/2014,BAF,MA,ANE,EN,Federal Contract Tower,1,2,12,6,21,0,0,34,12,46,1,2,46,18,67,14,18,32,99
12/06/2014,BAF,MA,ANE,EN,Federal Contract Tower,0,0,9,5,14,0,0,0,0,0,0,0,9,5,14,0,0,0,14
12/07/2014,BAF,MA,ANE,EN,Federal Contract Tower,0,0,15,0,15,0,0,28,0,28,0,0,43,0,43,40,0,40,83
12/08/2014,BAF,MA,ANE,EN,Federal Contract Tower,0,2,12,0,14,0,0,9,0,9,0,2,21,0,23,44,0,44,67
12/09/2014,BAF,MA,ANE,EN,Federal Contract Tower,0,1,1,0,2,0,0,0,0,0,0,1,1,0,2,0,0,0,2
12/10/2014,BAF,MA,ANE,EN,Federal Contract Tower,0,1,7,10,18,0,0,0,13,13,0,1,7,23,31,0,0,0,31
12/11/2014,BAF,MA,ANE,EN,Federal Contract Tower,0,6,8,13,27,0,0,0,11,11,0,6,8,24,38,0,8,8,46
12/12/2014,BAF,MA,ANE,EN,Federal Contract Tower,0,2,8,0,10,0,0,21,3,24,0,2,29,3,34,8,4,12,46
12/13/2014,BAF,MA,ANE,EN,Federal Contract Tower,0,4,10,0,14,0,0,64,0,64,0,4,74,0,78,54,6,60,138
12/14/2014,BAF,MA,ANE,EN,Federal Contract Tower,0,0,10,0,10,0,0,35,0,35,0,0,45,0,45,56,0,56,101
12/15/2014,BAF,MA,ANE,EN,Federal Contract Tower,0,1,7,15,23,0,0,32,14,46,0,1,39,29,69,4,28,32,101
12/16/2014,BAF,MA,ANE,EN,Federal Contract Tower,0,1,11,13,25,0,0,0,22,22,0,1,11,35,47,0,2,2,49
12/17/2014,BAF,MA,ANE,EN,Federal Contract Tower,0,3,9,7,19,0,0,15,23,38,0,3,24,30,57,2,16,18,75
12/18/2014,BAF,MA,ANE,EN,Federal Contract Tower,0,3,12,9,24,0,0,19,27,46,0,3,31,36,70,8,16,24,94
12/19/2014,BAF,MA,ANE,EN,Federal Contract Tower,0,4,15,5,24,0,0,36,13,49,0,4,51,18,73,40,16,56,129
12/20/2014,BAF,MA,ANE,EN,Federal Contract Tower,0,3,4,0,7,0,0,43,0,43,0,3,47,0,50,40,0,40,90
12/21/2014,BAF,MA,ANE,EN,Federal Contract Tower,0,0,7,0,7,0,0,0,0,0,0,0,7,0,7,0,0,0,7
12/22/2014,BAF,MA,ANE,EN,Federal Contract Tower,0,2,6,8,16,0,4,10,8,22,0,6,16,16,38,14,12,26,64
12/23/2014,BAF,MA,ANE,EN,Federal Contract Tower,0,1,15,3,19,0,0,0,3,3,0,1,15,6,22,0,0,0,22
12/24/2014,BAF,MA,ANE,EN,Federal Contract Tower,0,0,2,0,2,0,0,0,0,0,0,0,2,0,2,0,0,0,2
12/25/2014,BAF,MA,ANE,EN,Federal Contract Tower,0,0,3,0,3,0,0,0,0,0,0,0,3,0,3,0,0,0,3
12/26/2014,BAF,MA,ANE,EN,Federal Contract Tower,0,2,10,0,12,0,0,68,0,68,0,2,78,0,80,38,0,38,118
12/27/2014,BAF,MA,ANE,EN,Federal Contract Tower,0,2,11,0,13,0,0,106,1,107,0,2,117,1,120,56,0,56,176
12/28/2014,BAF,MA,ANE,EN,Federal Contract Tower,0,2,7,0,9,0,0,21,0,21,0,2,28,0,30,36,0,36,66
12/29/2014,BAF,MA,ANE,EN,Federal Contract Tower,0,4,5,6,15,0,0,26,9,35,0,4,31,15,50,26,22,48,98
12/30/2014,BAF,MA,ANE,EN,Federal Contract Tower,0,1,10,11,22,0,0,51,20,71,0,1,61,31,93,14,24,38,131
12/31/2014,BAF,MA,ANE,EN,Federal Contract Tower,0,0,2,2,4,0,0,29,2,31,0,0,31,4,35,10,6,16,51
01/01/2015,BAF,MA,ANE,EN,Federal Contract Tower,0,0,0,0,0,0,0,37,0,37,0,0,37,0,37,6,0,6,43
01/02/2015,BAF,MA,ANE,EN,Federal Contract Tower,0,0,5,0,5,0,0,32,1,33,0,0,37,1,38,22,0,22,60
01/03/2015,BAF,MA,ANE,EN,Federal Contract Tower,0,1,2,0,3,0,0,41,0,41,0,1,43,0,44,76,0,76,120
01/04/2015,BAF,MA,ANE,EN,Federal Contract Tower,0,0,10,0,10,0,0,0,0,0,0,0,10,0,10,0,0,0,10
01/05/2015,BAF,MA,ANE,EN,Federal Contract Tower,0,3,6,2,11,0,0,1,5,6,0,3,7,7,17,0,4,4,21
01/06/2015,BAF,MA,ANE,EN,Federal Contract Tower,0,2,6,6,14,0,0,0,4,4,0,2,6,10,18,0,0,0,18
01/07/2015,BAF,MA,ANE,EN,Federal Contract Tower,0,4,8,10,22,0,0,9,11,20,0,4,17,21,42,4,46,50,92
01/08/2015,BAF,MA,ANE,EN,Federal Contract Tower,0,2,11,9,22,0,0,34,23,57,0,2,45,32,79,14,34,48,127
01/09/2015,BAF,MA,ANE,EN,Federal Contract Tower,0,3,13,2,18,0,0,1,5,6,0,3,14,7,24,0,0,0,24
01/10/2015,BAF,MA,ANE,EN,Federal Contract Tower,0,1,5,3,9,0,0,30,23,53,0,1,35,26,62,26,8,34,96
01/11/2015,BAF,MA,ANE,EN,Federal Contract Tower,0,4,5,0,9,0,0,50,10,60,0,4,55,10,69,56,12,68,137
01/12/2015,BAF,MA,ANE,EN,Federal Contract Tower,0,0,3,0,3,0,0,0,0,0,0,0,3,0,3,0,0,0,3
01/13/2015,BAF,MA,ANE,EN,Federal Contract Tower,0,0,10,2,12,0,0,23,4,27,0,0,33,6,39,14,0,14,53
01/14/2015,BAF,MA,ANE,EN,Federal Contract Tower,0,4,10,9,23,0,0,21,7,28,0,4,31,16,51,0,6,6,57
01/15/2015,BAF,MA,ANE,EN,Federal Contract Tower,0,2,13,5,20,0,0,39,18,57,0,2,52,23,77,34,20,54,131
01/16/2015,BAF,MA,ANE,EN,Federal Contract Tower,0,4,8,5,17,0,0,10,4,14,0,4,18,9,31,2,0,2,33
01/17/2015,BAF,MA,ANE,EN,Federal Contract Tower,0,1,7,0,8,0,0,46,0,46,0,1,53,0,54,76,0,76,130
01/18/2015,BAF,MA,ANE,EN,Federal Contract Tower,0,0,1,0,1,0,0,3,0,3,0,0,4,0,4,0,0,0,4
01/19/2015,BAF,MA,ANE,EN,Federal Contract Tower,0,3,11,0,14,0,0,11,4,15,0,3,22,4,29,2,16,18,47
01/20/2015,BAF,MA,ANE,EN,Federal Contract Tower,0,0,17,1,18,0,0,27,4,31,0,0,44,5,49,6,8,14,63
01/21/2015,BAF,MA,ANE,EN,Federal Contract Tower,0,2,11,3,16,0,1,34,4,39,0,3,45,7,55,20,2,22,77
01/22/2015,BAF,MA,ANE,EN,Federal Contract Tower,0,3,10,2,15,0,0,29,2,31,0,3,39,4,46,48,4,52,98
01/23/2015,BAF,MA,ANE,EN,Federal Contract Tower,0,0,9,2,11,0,0,45,6,51,0,0,54,8,62,72,8,80,142
01/24/2015,BAF,MA,ANE,EN,Federal Contract Tower,0,0,2,0,2,0,0,0,0,0,0,0,2,0,2,0,0,0,2
01/25/2015,BAF,MA,ANE,EN,Federal Contract Tower,0,6,6,0,12,0,0,22,0,22,0,6,28,0,34,2,0,2,36
01/26/2015,BAF,MA,ANE,EN,Federal Contract Tower,0,0,5,0,5,0,0,0,2,2,0,0,5,2,7,0,0,0,7
01/27/2015,BAF,MA,ANE,EN,Federal Contract Tower,0,0,0,0,0,0,0,0,0,0,0,0,0,0,0,0,0,0,0
01/28/2015,BAF,MA,ANE,EN,Federal Contract Tower,0,0,3,2,5,0,0,20,1,21,0,0,23,3,26,8,4,12,38
01/29/2015,BAF,MA,ANE,EN,Federal Contract Tower,0,0,10,0,10,0,0,17,16,33,0,0,27,16,43,34,48,82,125
01/30/2015,BAF,MA,ANE,EN,Federal Contract Tower,0,9,7,1,17,0,0,0,4,4,0,9,7,5,21,0,0,0,21
01/31/2015,BAF,MA,ANE,EN,Federal Contract Tower,0,2,2,3,7,0,0,9,0,9,0,2,11,3,16,10,0,10,26
02/01/2015,BAF,MA,ANE,EN,Federal Contract Tower,0,5,11,0,16,0,0,56,0,56,0,5,67,0,72,102,0,102,174
02/02/2015,BAF,MA,ANE,EN,Federal Contract Tower,0,0,1,0,1,0,0,0,0,0,0,0,1,0,1,0,0,0,1
02/03/2015,BAF,MA,ANE,EN,Federal Contract Tower,0,3,9,3,15,0,0,14,10,24,0,3,23,13,39,0,18,18,57
02/04/2015,BAF,MA,ANE,EN,Federal Contract Tower,0,2,5,0,7,0,0,10,5,15,0,2,15,5,22,8,2,10,32
02/05/2015,BAF,MA,ANE,EN,Federal Contract Tower,0,5,7,1,13,0,0,5,10,15,0,5,12,11,28,0,10,10,38
02/06/2015,BAF,MA,ANE,EN,Federal Contract Tower,0,0,11,1,12,0,0,25,14,39,0,0,36,15,51,20,10,30,81
02/07/2015,BAF,MA,ANE,EN,Federal Contract Tower,0,0,5,3,8,0,0,9,18,27,0,0,14,21,35,0,90,90,125
02/08/2015,BAF,MA,ANE,EN,Federal Contract Tower,0,1,2,0,3,0,0,0,0,0,0,1,2,0,3,0,0,0,3
02/09/2015,BAF,MA,ANE,EN,Federal Contract Tower,0,0,0,0,0,0,0,0,0,0,0,0,0,0,0,0,0,0,0
02/10/2015,BAF,MA,ANE,EN,Federal Contract Tower,0,4,8,3,15,0,0,25,2,27,0,4,33,5,42,10,16,26,68
02/11/2015,BAF,MA,ANE,EN,Federal Contract Tower,0,3,9,7,19,0,0,63,10,73,0,3,72,17,92,22,26,48,140
02/12/2015,BAF,MA,ANE,EN,Federal Contract Tower,0,5,4,3,12,0,0,3,14,17,0,5,7,17,29,0,22,22,51
02/13/2015,BAF,MA,ANE,EN,Federal Contract Tower,0,2,14,3,19,0,0,15,5,20,0,2,29,8,39,10,18,28,67
02/14/2015,BAF,MA,ANE,EN,Federal Contract Tower,0,4,4,0,8,0,0,4,0,4,0,4,8,0,12,8,0,8,20
02/16/2015,BAF,MA,ANE,EN,Federal Contract Tower,0,1,7,0,8,0,0,8,0,8,0,1,15,0,16,0,0,0,16
02/17/2015,BAF,MA,ANE,EN,Federal Contract Tower,0,1,9,11,21,0,0,11,13,24,0,1,20,24,45,10,18,28,73
02/18/2015,BAF,MA,ANE,EN,Federal Contract Tower,0,5,15,10,30,0,0,38,8,46,0,5,53,18,76,18,14,32,108
02/19/2015,BAF,MA,ANE,EN,Federal Contract Tower,0,5,7,12,24,0,0,2,11,13,0,5,9,23,37,0,8,8,45
02/20/2015,BAF,MA,ANE,EN,Federal Contract Tower,0,4,7,5,16,0,0,5,11,16,0,4,12,16,32,2,8,10,42
02/21/2015,BAF,MA,ANE,EN,Federal Contract Tower,0,3,1,0,4,0,0,18,0,18,0,3,19,0,22,6,0,6,28
02/22/2015,BAF,MA,ANE,EN,Federal Contract Tower,0,4,5,0,9,0,0,12,0,12,0,4,17,0,21,52,0,52,73
02/23/2015,BAF,MA,ANE,EN,Federal Contract Tower,0,1,4,0,5,0,0,2,0,2,0,1,6,0,7,0,0,0,7
02/24/2015,BAF,MA,ANE,EN,Federal Contract Tower,0,1,10,7,18,0,0,24,15,39,0,1,34,22,57,30,8,38,95
02/25/2015,BAF,MA,ANE,EN,Federal Contract Tower,1,2,3,11,17,0,1,28,26,55,1,3,31,37,72,6,10,16,88
02/26/2015,BAF,MA,ANE,EN,Federal Contract Tower,0,2,18,11,31,0,0,12,17,29,0,2,30,28,60,12,14,26,86
02/27/2015,BAF,MA,ANE,EN,Federal Contract Tower,0,2,5,5,12,0,0,36,10,46,0,2,41,15,58,18,8,26,84
02/28/2015,BAF,MA,ANE,EN,Federal Contract Tower,0,5,7,0,12,0,0,62,0,62,0,5,69,0,74,44,0,44,118
03/01/2015,BAF,MA,ANE,EN,Federal Contract Tower,0,0,6,0,6,0,0,5,0,5,0,0,11,0,11,4,0,4,15
03/02/2015,BAF,MA,ANE,EN,Federal Contract Tower,0,1,6,9,16,0,0,3,14,17,0,1,9,23,33,4,60,64,97
03/03/2015,BAF,MA,ANE,EN,Federal Contract Tower,0,2,1,10,13,0,0,6,13,19,0,2,7,23,32,0,22,22,54
03/04/2015,BAF,MA,ANE,EN,Federal Contract Tower,0,1,3,6,10,0,0,7,8,15,0,1,10,14,25,2,16,18,43
03/05/2015,BAF,MA,ANE,EN,Federal Contract Tower,0,0,2,6,8,0,0,18,12,30,0,0,20,18,38,6,16,22,60
03/06/2015,BAF,MA,ANE,EN,Federal Contract Tower,0,5,12,5,22,0,0,40,17,57,0,5,52,22,79,34,10,44,123
03/07/2015,BAF,MA,ANE,EN,Federal Contract Tower,0,0,5,3,8,0,0,40,12,52,0,0,45,15,60,32,6,38,98
03/08/2015,BAF,MA,ANE,EN,Federal Contract Tower,0,1,7,3,11,0,3,26,0,29,0,4,33,3,40,10,0,10,50
03/09/2015,BAF,MA,ANE,EN,Federal Contract Tower,0,1,5,0,6,0,0,46,0,46,0,1,51,0,52,26,0,26,78
03/10/2015,BAF,MA,ANE,EN,Federal Contract Tower,0,5,5,9,19,0,0,35,11,46,0,5,40,20,65,50,10,60,125
03/11/2015,BAF,MA,ANE,EN,Federal Contract Tower,0,3,7,9,19,0,0,40,22,62,0,3,47,31,81,16,10,26,107
03/12/2015,BAF,MA,ANE,EN,Federal Contract Tower,0,2,0,5,7,0,0,35,23,58,0,2,35,28,65,10,10,20,85
03/13/2015,BAF,MA,ANE,EN,Federal Contract Tower,0,0,8,4,12,0,0,58,10,68,0,0,66,14,80,48,10,58,138
03/14/2015,BAF,MA,ANE,EN,Federal Contract Tower,0,2,6,0,8,0,0,0,0,0,0,2,6,0,8,0,0,0,8
03/15/2015,BAF,MA,ANE,EN,Federal Contract Tower,0,0,11,0,11,0,0,17,0,17,0,0,28,0,28,2,0,2,30
03/16/2015,BAF,MA,ANE,EN,Federal Contract Tower,0,0,7,9,16,0,0,41,7,48,0,0,48,16,64,64,16,80,144
03/17/2015,BAF,MA,ANE,EN,Federal Contract Tower,0,0,11,9,20,0,0,2,6,8,0,0,13,15,28,0,12,12,40
03/18/2015,BAF,MA,ANE,EN,Federal Contract Tower,0,0,1,1,2,0,0,7,0,7,0,0,8,1,9,2,0,2,11
03/19/2015,BAF,MA,ANE,EN,Federal Contract Tower,0,1,9,10,20,0,2,35,16,53,0,3,44,26,73,14,8,22,95
03/20/2015,BAF,MA,ANE,EN,Federal Contract Tower,0,2,6,4,12,0,0,13,12,25,0,2,19,16,37,12,2,14,51
03/21/2015,BAF,MA,ANE,EN,Federal Contract Tower,0,0,8,0,8,0,0,11,0,11,0,0,19,0,19,18,0,18,37
03/23/2015,BAF,MA,ANE,EN,Federal Contract Tower,0,7,3,0,10,0,0,22,3,25,0,7,25,3,35,0,3,3,38
03/24/2015,BAF,MA,ANE,EN,Federal Contract Tower,0,1,15,11,27,0,0,49,19,68,0,1,64,30,95,54,22,76,171
03/25/2015,BAF,MA,ANE,EN,Federal Contract Tower,0,0,9,9,18,0,0,30,22,52,0,0,39,31,70,16,30,46,116
03/26/2015,BAF,MA,ANE,EN,Federal Contract Tower,0,2,11,8,21,0,0,0,0,0,0,2,11,8,21,0,0,0,21
03/27/2015,BAF,MA,ANE,EN,Federal Contract Tower,0,4,7,8,19,0,0,29,7,36,0,4,36,15,55,10,0,10,65
03/28/2015,BAF,MA,ANE,EN,Federal Contract Tower,0,0,4,0,4,0,0,0,0,0,0,0,4,0,4,0,0,0,4
03/29/2015,BAF,MA,ANE,EN,Federal Contract Tower,0,3,10,0,13,0,0,101,2,103,0,3,111,2,116,42,0,42,158
03/30/2015,BAF,MA,ANE,EN,Federal Contract Tower,0,2,7,9,18,0,0,10,4,14,0,2,17,13,32,2,24,26,58
03/31/2015,BAF,MA,ANE,EN,Federal Contract Tower,0,1,16,9,26,0,0,44,24,68,0,1,60,33,94,18,20,38,132
04/01/2015,BAF,MA,ANE,EN,Federal Contract Tower,0,0,18,7,25,0,0,45,32,77,0,0,63,39,102,66,26,92,194
04/02/2015,BAF,MA,ANE,EN,Federal Contract Tower,0,1,16,10,27,0,0,37,15,52,0,1,53,25,79,32,44,76,155
04/03/2015,BAF,MA,ANE,EN,Federal Contract Tower,0,4,10,7,21,0,0,35,17,52,0,4,45,24,73,56,16,72,145
04/04/2015,BAF,MA,ANE,EN,Federal Contract Tower,0,1,4,1,6,0,0,0,0,0,0,1,4,1,6,0,0,0,6
04/05/2015,BAF,MA,ANE,EN,Federal Contract Tower,0,0,5,0,5,0,0,15,0,15,0,0,20,0,20,8,0,8,28
04/06/2015,BAF,MA,ANE,EN,Federal Contract Tower,0,2,13,2,17,0,0,31,12,43,0,2,44,14,60,24,0,24,84
04/07/2015,BAF,MA,ANE,EN,Federal Contract Tower,0,4,10,10,24,0,0,18,20,38,0,4,28,30,62,10,46,56,118
04/08/2015,BAF,MA,ANE,EN,Federal Contract Tower,0,1,9,8,18,0,0,2,16,18,0,1,11,24,36,0,20,20,56
04/09/2015,BAF,MA,ANE,EN,Federal Contract Tower,0,2,8,14,24,0,0,0,5,5,0,2,8,19,29,0,0,0,29
04/10/2015,BAF,MA,ANE,EN,Federal Contract Tower,0,2,14,0,16,0,0,0,0,0,0,2,14,0,16,0,0,0,16
04/11/2015,BAF,MA,ANE,EN,Federal Contract Tower,0,5,5,0,10,0,0,21,0,21,0,5,26,0,31,0,0,0,31
04/12/2015,BAF,MA,ANE,EN,Federal Contract Tower,0,0,27,1,28,0,0,159,2,161,0,0,186,3,189,76,4,80,269
04/13/2015,BAF,MA,ANE,EN,Federal Contract Tower,0,0,26,10,36,0,0,53,18,71,0,0,79,28,107,54,4,58,165
04/14/2015,BAF,MA,ANE,EN,Federal Contract Tower,0,0,21,10,31,0,0,40,4,44,0,0,61,14,75,72,15,87,162
04/15/2015,BAF,MA,ANE,EN,Federal Contract Tower,0,6,10,10,26,0,0,60,24,84,0,6,70,34,110,44,2,46,156
04/16/2015,BAF,MA,ANE,EN,Federal Contract Tower,0,3,13,5,21,0,0,97,21,118,0,3,110,26,139,60,0,60,199
04/17/2015,BAF,MA,ANE,EN,Federal Contract Tower,0,5,7,4,16,0,0,21,16,37,0,5,28,20,53,18,0,18,71
04/18/2015,BAF,MA,ANE,EN,Federal Contract Tower,0,0,6,0,6,0,0,58,0,58,0,0,64,0,64,26,0,26,90
04/19/2015,BAF,MA,ANE,EN,Federal Contract Tower,0,2,7,0,9,0,0,97,0,97,0,2,104,0,106,58,0,58,164
04/20/2015,BAF,MA,ANE,EN,Federal Contract Tower,0,0,3,0,3,0,0,0,0,0,0,0,3,0,3,0,0,0,3
04/21/2015,BAF,MA,ANE,EN,Federal Contract Tower,0,2,12,5,19,0,0,24,13,37,0,2,36,18,56,16,12,28,84
04/22/2015,BAF,MA,ANE,EN,Federal Contract Tower,0,0,14,12,26,0,0,15,19,34,0,0,29,31,60,8,76,84,144
04/23/2015,BAF,MA,ANE,EN,Federal Contract Tower,0,2,11,9,22,0,0,12,12,24,0,2,23,21,46,18,12,30,76
04/24/2015,BAF,MA,ANE,EN,Federal Contract Tower,0,0,11,3,14,0,0,36,26,62,0,0,47,29,76,2,0,2,78
04/25/2015,BAF,MA,ANE,EN,Federal Contract Tower,0,2,10,0,12,0,0,67,0,67,0,2,77,0,79,28,0,28,107
04/26/2015,BAF,MA,ANE,EN,Federal Contract Tower,0,3,10,1,14,0,0,67,1,68,0,3,77,2,82,90,0,90,172
04/27/2015,BAF,MA,ANE,EN,Federal Contract Tower,0,3,10,7,20,0,0,17,16,33,0,3,27,23,53,8,22,30,83
04/28/2015,BAF,MA,ANE,EN,Federal Contract Tower,0,6,9,9,24,0,62,22,0,84,0,68,31,9,108,16,22,38,146
04/29/2015,BAF,MA,ANE,EN,Federal Contract Tower,0,1,5,3,9,0,0,107,12,119,0,1,112,15,128,14,30,44,172
04/30/2015,BAF,MA,ANE,EN,Federal Contract Tower,0,1,8,7,16,0,0,67,13,80,0,1,75,20,96,54,30,84,180
05/01/2015,BAF,MA,ANE,EN,Federal Contract Tower,0,5,6,2,13,0,0,43,15,58,0,5,49,17,71,54,0,54,125
05/02/2015,BAF,MA,ANE,EN,Federal Contract Tower,0,0,19,9,28,0,0,100,35,135,0,0,119,44,163,24,70,94,257
05/03/2015,BAF,MA,ANE,EN,Federal Contract Tower,0,0,15,3,18,0,0,98,30,128,0,0,113,33,146,56,36,92,238
05/04/2015,BAF,MA,ANE,EN,Federal Contract Tower,0,0,9,0,9,0,0,35,0,35,0,0,44,0,44,20,0,20,64
05/05/2015,BAF,MA,ANE,EN,Federal Contract Tower,0,1,9,8,18,0,0,64,5,69,0,1,73,13,87,46,26,72,159
05/06/2015,BAF,MA,ANE,EN,Federal Contract Tower,0,0,10,6,16,0,0,59,17,76,0,0,69,23,92,54,16,70,162
05/07/2015,BAF,MA,ANE,EN,Federal Contract Tower,0,7,9,2,18,0,0,60,6,66,0,7,69,8,84,26,2,28,112
05/08/2015,BAF,MA,ANE,EN,Federal Contract Tower,0,3,9,2,14,0,0,65,10,75,0,3,74,12,89,32,16,48,137
05/09/2015,BAF,MA,ANE,EN,Federal Contract Tower,0,3,15,0,18,0,0,38,0,38,0,3,53,0,56,22,0,22,78
05/10/2015,BAF,MA,ANE,EN,Federal Contract Tower,0,3,8,0,11,0,0,46,0,46,0,3,54,0,57,28,0,28,85
05/11/2015,BAF,MA,ANE,EN,Federal Contract Tower,0,0,3,7,10,0,0,18,23,41,0,0,21,30,51,4,12,16,67
05/12/2015,BAF,MA,ANE,EN,Federal Contract Tower,0,4,6,12,22,0,0,30,16,46,0,4,36,28,68,8,24,32,100
05/13/2015,BAF,MA,ANE,EN,Federal Contract Tower,0,6,13,7,26,0,0,33,16,49,0,6,46,23,75,10,18,28,103
05/14/2015,BAF,MA,ANE,EN,Federal Contract Tower,0,3,14,4,21,0,0,66,5,71,0,3,80,9,92,60,8,68,160
05/15/2015,BAF,MA,ANE,EN,Federal Contract Tower,0,3,16,4,23,0,0,52,9,61,0,3,68,13,84,42,0,42,126
05/16/2015,BAF,MA,ANE,EN,Federal Contract Tower,0,1,10,0,11,0,0,33,0,33,0,1,43,0,44,12,0,12,56
05/17/2015,BAF,MA,ANE,EN,Federal Contract Tower,0,6,8,0,14,0,0,56,2,58,0,6,64,2,72,10,0,10,82
05/18/2015,BAF,MA,ANE,EN,Federal Contract Tower,0,0,4,1,5,0,0,27,0,27,0,0,31,1,32,34,0,34,66
05/19/2015,BAF,MA,ANE,EN,Federal Contract Tower,0,0,15,14,29,0,0,13,6,19,0,0,28,20,48,4,10,14,62
05/20/2015,BAF,MA,ANE,EN,Federal Contract Tower,0,6,17,3,26,0,0,32,10,42,0,6,49,13,68,20,12,32,100
05/21/2015,BAF,MA,ANE,EN,Federal Contract Tower,0,3,2,8,13,0,0,55,17,72,0,3,57,25,85,60,18,78,163
05/22/2015,BAF,MA,ANE,EN,Federal Contract Tower,0,0,21,7,28,0,0,50,8,58,0,0,71,15,86,18,0,18,104
05/23/2015,BAF,MA,ANE,EN,Federal Contract Tower,0,1,8,1,10,0,0,49,0,49,0,1,57,1,59,16,0,16,75
05/24/2015,BAF,MA,ANE,EN,Federal Contract Tower,0,0,12,0,12,0,0,56,0,56,0,0,68,0,68,52,0,52,120
05/25/2015,BAF,MA,ANE,EN,Federal Contract Tower,0,0,10,4,14,0,0,63,0,63,0,0,73,4,77,36,0,36,113
05/26/2015,BAF,MA,ANE,EN,Federal Contract Tower,0,0,10,8,18,0,0,45,1,46,0,0,55,9,64,2,2,4,68
05/27/2015,BAF,MA,ANE,EN,Federal Contract Tower,0,1,19,8,28,0,0,35,9,44,0,1,54,17,72,12,12,24,96
05/28/2015,BAF,MA,ANE,EN,Federal Contract Tower,0,4,18,7,29,0,0,11,7,18,0,4,29,14,47,6,2,8,55
05/29/2015,BAF,MA,ANE,EN,Federal Contract Tower,0,2,13,3,18,0,0,112,13,125,0,2,125,16,143,0,0,0,143
05/30/2015,BAF,MA,ANE,EN,Federal Contract Tower,0,0,19,0,19,0,0,112,0,112,0,0,131,0,131,24,0,24,155
05/31/2015,BAF,MA,ANE,EN,Federal Contract Tower,0,3,8,1,12,0,0,10,0,10,0,3,18,1,22,0,0,0,22
06/01/2015,BAF,MA,ANE,EN,Federal Contract Tower,0,1,5,9,15,0,0,0,0,0,0,1,5,9,15,0,0,0,15
06/02/2015,BAF,MA,ANE,EN,Federal Contract Tower,0,0,9,14,23,0,0,5,4,9,0,0,14,18,32,0,22,22,54
06/03/2015,BAF,MA,ANE,EN,Federal Contract Tower,0,2,16,9,27,0,0,78,8,86,0,2,94,17,113,40,24,64,177
06/04/2015,BAF,MA,ANE,EN,Federal Contract Tower,0,4,19,13,36,0,0,44,10,54,0,4,63,23,90,38,2,40,130
06/05/2015,BAF,MA,ANE,EN,Federal Contract Tower,0,0,10,4,14,0,0,57,10,67,0,0,67,14,81,44,24,68,149
06/06/2015,BAF,MA,ANE,EN,Federal Contract Tower,0,0,11,5,16,0,1,61,11,73,0,1,72,16,89,26,18,44,133
06/07/2015,BAF,MA,ANE,EN,Federal Contract Tower,0,3,16,2,21,0,0,110,4,114,0,3,126,6,135,50,0,50,185
06/08/2015,BAF,MA,ANE,EN,Federal Contract Tower,0,0,11,9,20,0,0,12,17,29,0,0,23,26,49,20,20,40,89
06/09/2015,BAF,MA,ANE,EN,Federal Contract Tower,0,0,20,7,27,0,0,5,3,8,0,0,25,10,35,2,0,2,37
06/10/2015,BAF,MA,ANE,EN,Federal Contract Tower,0,0,5,7,12,0,0,65,12,77,0,0,70,19,89,78,10,88,177
06/11/2015,BAF,MA,ANE,EN,Federal Contract Tower,0,1,7,5,13,0,0,55,8,63,0,1,62,13,76,50,12,62,138
06/12/2015,BAF,MA,ANE,EN,Federal Contract Tower,0,4,8,0,12,0,0,47,7,54,0,4,55,7,66,18,0,18,84
06/13/2015,BAF,MA,ANE,EN,Federal Contract Tower,0,3,9,0,12,0,0,59,4,63,0,3,68,4,75,114,0,114,189
06/14/2015,BAF,MA,ANE,EN,Federal Contract Tower,0,1,11,2,14,0,0,91,0,91,0,1,102,2,105,2,0,2,107
06/15/2015,BAF,MA,ANE,EN,Federal Contract Tower,0,2,12,2,16,0,0,0,0,0,0,2,12,2,16,0,0,0,16
06/16/2015,BAF,MA,ANE,EN,Federal Contract Tower,0,0,10,13,23,0,0,3,0,3,0,0,13,13,26,6,0,6,32
06/17/2015,BAF,MA,ANE,EN,Federal Contract Tower,0,1,9,14,24,0,0,68,17,85,0,1,77,31,109,6,24,30,139
06/18/2015,BAF,MA,ANE,EN,Federal Contract Tower,0,2,13,11,26,0,0,63,15,78,0,2,76,26,104,14,42,56,160
06/19/2015,BAF,MA,ANE,EN,Federal Contract Tower,0,4,9,5,18,0,0,46,6,52,0,4,55,11,70,28,10,38,108
06/20/2015,BAF,MA,ANE,EN,Federal Contract Tower,0,0,17,2,19,0,0,74,0,74,0,0,91,2,93,48,2,50,143
06/21/2015,BAF,MA,ANE,EN,Federal Contract Tower,0,0,11,0,11,0,0,9,0,9,0,0,20,0,20,0,0,0,20
06/22/2015,BAF,MA,ANE,EN,Federal Contract Tower,0,2,12,7,21,0,0,76,12,88,0,2,88,19,109,48,18,66,175
06/23/2015,BAF,MA,ANE,EN,Federal Contract Tower,0,2,4,2,8,0,0,10,9,19,0,2,14,11,27,6,8,14,41
06/24/2015,BAF,MA,ANE,EN,Federal Contract Tower,0,1,12,12,25,0,0,89,19,108,0,1,101,31,133,26,16,42,175
06/25/2015,BAF,MA,ANE,EN,Federal Contract Tower,0,9,11,2,22,0,0,84,4,88,0,9,95,6,110,24,0,24,134
06/26/2015,BAF,MA,ANE,EN,Federal Contract Tower,0,1,12,2,15,0,0,59,4,63,0,1,71,6,78,68,4,72,150
06/27/2015,BAF,MA,ANE,EN,Federal Contract Tower,0,2,8,2,12,0,0,64,0,64,0,2,72,2,76,56,0,56,132
06/28/2015,BAF,MA,ANE,EN,Federal Contract Tower,0,0,22,0,22,0,0,0,0,0,0,0,22,0,22,0,0,0,22
06/29/2015,BAF,MA,ANE,EN,Federal Contract Tower,0,3,21,3,27,0,0,46,1,47,0,3,67,4,74,40,0,40,114
06/30/2015,BAF,MA,ANE,EN,Federal Contract Tower,0,1,12,6,19,0,0,74,14,88,0,1,86,20,107,90,14,104,211
07/01/2015,BAF,MA,ANE,EN,Federal Contract Tower,0,1,6,7,14,0,0,17,13,30,0,1,23,20,44,2,0,2,46
07/02/2015,BAF,MA,ANE,EN,Federal Contract Tower,0,2,13,5,20,0,0,77,11,88,0,2,90,16,108,28,8,36,144
07/03/2015,BAF,MA,ANE,EN,Federal Contract Tower,0,0,18,0,18,0,0,73,0,73,0,0,91,0,91,30,0,30,121
07/04/2015,BAF,MA,ANE,EN,Federal Contract Tower,0,0,8,0,8,0,0,49,7,56,0,0,57,7,64,26,4,30,94
07/05/2015,BAF,MA,ANE,EN,Federal Contract Tower,0,0,8,0,8,0,0,57,0,57,0,0,65,0,65,6,2,8,73
07/06/2015,BAF,MA,ANE,EN,Federal Contract Tower,0,4,6,8,18,0,0,49,3,52,0,4,55,11,70,16,10,26,96
07/07/2015,BAF,MA,ANE,EN,Federal Contract Tower,0,1,17,10,28,0,0,7,3,10,0,1,24,13,38,6,4,10,48
07/08/2015,BAF,MA,ANE,EN,Federal Contract Tower,0,11,8,14,33,0,0,36,18,54,0,11,44,32,87,30,30,60,147
07/09/2015,BAF,MA,ANE,EN,Federal Contract Tower,0,4,17,15,36,0,0,45,16,61,0,4,62,31,97,36,26,62,159
07/10/2015,BAF,MA,ANE,EN,Federal Contract Tower,0,6,13,3,22,0,0,79,7,86,0,6,92,10,108,26,20,46,154
07/11/2015,BAF,MA,ANE,EN,Federal Contract Tower,0,0,7,0,7,0,0,87,0,87,0,0,94,0,94,54,0,54,148
07/12/2015,BAF,MA,ANE,EN,Federal Contract Tower,0,0,11,0,11,0,0,64,0,64,0,0,75,0,75,14,0,14,89
07/13/2015,BAF,MA,ANE,EN,Federal Contract Tower,0,1,7,1,9,0,0,35,2,37,0,1,42,3,46,36,0,36,82
07/14/2015,BAF,MA,ANE,EN,Federal Contract Tower,0,1,21,6,28,0,0,18,4,22,0,1,39,10,50,12,20,32,82
07/15/2015,BAF,MA,ANE,EN,Federal Contract Tower,0,2,20,11,33,0,0,20,10,30,0,2,40,21,63,8,22,30,93
07/16/2015,BAF,MA,ANE,EN,Federal Contract Tower,0,5,7,15,27,0,0,78,14,92,0,5,85,29,119,26,32,58,177
07/17/2015,BAF,MA,ANE,EN,Federal Contract Tower,0,0,9,3,12,0,0,56,6,62,0,0,65,9,74,42,26,68,142
07/18/2015,BAF,MA,ANE,EN,Federal Contract Tower,0,0,6,0,6,0,0,11,0,11,0,0,17,0,17,8,0,8,25
07/19/2015,BAF,MA,ANE,EN,Federal Contract Tower,0,5,20,0,25,0,0,60,0,60,0,5,80,0,85,48,0,48,133
07/20/2015,BAF,MA,ANE,EN,Federal Contract Tower,0,3,6,7,16,0,0,35,10,45,0,3,41,17,61,25,16,41,102
07/21/2015,BAF,MA,ANE,EN,Federal Contract Tower,0,1,4,9,14,0,0,53,25,78,0,1,57,34,92,106,26,132,224
07/22/2015,BAF,MA,ANE,EN,Federal Contract Tower,0,5,12,13,30,0,0,67,24,91,0,5,79,37,121,32,22,54,175
07/23/2015,BAF,MA,ANE,EN,Federal Contract Tower,0,2,1,10,13,0,0,55,10,65,0,2,56,20,78,58,8,66,144
07/24/2015,BAF,MA,ANE,EN,Federal Contract Tower,0,4,7,9,20,0,0,40,2,42,0,4,47,11,62,30,10,40,102
07/25/2015,BAF,MA,ANE,EN,Federal Contract Tower,0,1,9,0,10,0,0,72,0,72,0,1,81,0,82,40,0,40,122
07/26/2015,BAF,MA,ANE,EN,Federal Contract Tower,0,1,17,0,18,0,0,7,1,8,0,1,24,1,26,2,0,2,28
07/27/2015,BAF,MA,ANE,EN,Federal Contract Tower,0,2,7,7,16,0,0,18,7,25,0,2,25,14,41,4,14,18,59
07/28/2015,BAF,MA,ANE,EN,Federal Contract Tower,0,0,11,17,28,0,0,52,21,73,0,0,63,38,101,54,30,84,185
07/29/2015,BAF,MA,ANE,EN,Federal Contract Tower,0,0,4,15,19,0,0,67,21,88,0,0,71,36,107,48,26,74,181
07/30/2015,BAF,MA,ANE,EN,Federal Contract Tower,0,3,10,7,20,0,0,35,2,37,0,3,45,9,57,8,0,8,65
07/31/2015,BAF,MA,ANE,EN,Federal Contract Tower,0,4,10,8,22,0,0,70,14,84,0,4,80,22,106,60,22,82,188
08/01/2015,BAF,MA,ANE,EN,Federal Contract Tower,0,1,9,3,13,0,0,68,10,78,0,1,77,13,91,44,2,46,137
08/03/2015,BAF,MA,ANE,EN,Federal Contract Tower,0,0,6,0,6,0,0,53,0,53,0,0,59,0,59,36,0,36,95
08/05/2015,BAF,MA,ANE,EN,Federal Contract Tower,0,3,7,9,19,0,0,79,18,97,0,3,86,27,116,52,20,72,188
08/06/2015,BAF,MA,ANE,EN,Federal Contract Tower,0,0,7,11,18,0,0,72,8,80,0,0,79,19,98,28,12,40,138
08/07/2015,BAF,MA,ANE,EN,Federal Contract Tower,0,2,11,4,17,0,0,58,8,66,0,2,69,12,83,54,8,62,145
08/08/2015,BAF,MA,ANE,EN,Federal Contract Tower,0,4,14,0,18,0,0,59,0,59,0,4,73,0,77,48,0,48,125
08/09/2015,BAF,MA,ANE,EN,Federal Contract Tower,0,6,7,0,13,0,0,40,0,40,0,6,47,0,53,30,0,30,83
08/10/2015,BAF,MA,ANE,EN,Federal Contract Tower,0,2,9,1,12,0,0,47,1,48,0,2,56,2,60,20,0,20,80
08/11/2015,BAF,MA,ANE,EN,Federal Contract Tower,0,0,4,3,7,0,0,0,10,10,0,0,4,13,17,0,30,30,47
08/12/2015,BAF,MA,ANE,EN,Federal Contract Tower,0,1,6,2,9,0,0,80,6,86,0,1,86,8,95,52,4,56,151
08/13/2015,BAF,MA,ANE,EN,Federal Contract Tower,0,4,7,6,17,0,0,82,10,92,0,4,89,16,109,28,6,34,143
08/14/2015,BAF,MA,ANE,EN,Federal Contract Tower,0,2,11,8,21,0,0,76,1,77,0,2,87,9,98,66,0,66,164
08/15/2015,BAF,MA,ANE,EN,Federal Contract Tower,0,4,1,1,6,0,0,53,4,57,0,4,54,5,63,14,0,14,77
08/16/2015,BAF,MA,ANE,EN,Federal Contract Tower,0,2,11,0,13,0,0,50,0,50,0,2,61,0,63,14,0,14,77
08/17/2015,BAF,MA,ANE,EN,Federal Contract Tower,0,2,13,1,16,0,0,38,0,38,0,2,51,1,54,46,0,46,100
08/18/2015,BAF,MA,ANE,EN,Federal Contract Tower,0,4,8,1,13,0,0,35,3,38,0,4,43,4,51,0,0,0,51
08/19/2015,BAF,MA,ANE,EN,Federal Contract Tower,0,1,25,6,32,0,0,79,17,96,0,1,104,23,128,70,58,128,256
08/20/2015,BAF,MA,ANE,EN,Federal Contract Tower,0,0,9,1,10,0,0,43,9,52,0,0,52,10,62,34,15,49,111
08/21/2015,BAF,MA,ANE,EN,Federal Contract Tower,0,1,19,1,21,0,0,8,0,8,0,1,27,1,29,18,0,18,47
08/22/2015,BAF,MA,ANE,EN,Federal Contract Tower,0,2,15,0,17,0,0,81,0,81,0,2,96,0,98,74,0,74,172
08/23/2015,BAF,MA,ANE,EN,Federal Contract Tower,0,2,21,2,25,0,0,25,0,25,0,2,46,2,50,16,0,16,66
08/24/2015,BAF,MA,ANE,EN,Federal Contract Tower,0,1,10,0,11,0,0,20,0,20,0,1,30,0,31,6,0,6,37
08/25/2015,BAF,MA,ANE,EN,Federal Contract Tower,0,6,7,2,15,0,0,5,2,7,0,6,12,4,22,4,0,4,26
08/26/2015,BAF,MA,ANE,EN,Federal Contract Tower,0,3,2,2,7,0,0,126,18,144,0,3,128,20,151,30,0,30,181
08/27/2015,BAF,MA,ANE,EN,Federal Contract Tower,0,5,9,6,20,0,0,93,18,111,0,5,102,24,131,50,12,62,193
08/28/2015,BAF,MA,ANE,EN,Federal Contract Tower,0,4,19,6,29,0,2,95,30,127,0,6,114,36,156,72,10,82,238
08/30/2015,BAF,MA,ANE,EN,Federal Contract Tower,0,1,19,1,21,0,0,73,2,75,0,1,92,3,96,50,0,50,146
08/31/2015,BAF,MA,ANE,EN,Federal Contract Tower,0,1,16,4,21,0,0,54,2,56,0,1,70,6,77,66,2,68,145
09/01/2015,BAF,MA,ANE,EN,Federal Contract Tower,0,0,13,6,19,0,0,60,27,87,0,0,73,33,106,46,12,58,164
09/02/2015,BAF,MA,ANE,EN,Federal Contract Tower,0,0,8,15,23,0,0,49,20,69,0,0,57,35,92,36,10,46,138
09/03/2015,BAF,MA,ANE,EN,Federal Contract Tower,0,2,13,11,26,0,0,55,19,74,0,2,68,30,100,30,8,38,138
09/04/2015,BAF,MA,ANE,EN,Federal Contract Tower,0,2,12,5,19,0,0,55,13,68,0,2,67,18,87,60,2,62,149
09/05/2015,BAF,MA,ANE,EN,Federal Contract Tower,0,0,17,0,17,0,0,94,0,94,0,0,111,0,111,70,0,70,181
09/06/2015,BAF,MA,ANE,EN,Federal Contract Tower,0,2,6,0,8,0,0,66,0,66,0,2,72,0,74,26,0,26,100
09/07/2015,BAF,MA,ANE,EN,Federal Contract Tower,0,4,8,0,12,0,0,79,0,79,0,4,87,0,91,22,0,22,113
09/08/2015,BAF,MA,ANE,EN,Federal Contract Tower,0,2,12,8,22,0,0,58,9,67,0,2,70,17,89,12,18,30,119
09/09/2015,BAF,MA,ANE,EN,Federal Contract Tower,0,8,16,8,32,0,1,78,22,101,0,9,94,30,133,28,24,52,185
09/10/2015,BAF,MA,ANE,EN,Federal Contract Tower,2,6,24,6,38,0,0,4,5,9,2,6,28,11,47,8,0,8,55
09/11/2015,BAF,MA,ANE,EN,Federal Contract Tower,0,13,21,8,42,0,0,35,11,46,0,13,56,19,88,64,4,68,156
09/12/2015,BAF,MA,ANE,EN,Federal Contract Tower,0,2,11,7,20,0,0,69,14,83,0,2,80,21,103,54,10,64,167
09/13/2015,BAF,MA,ANE,EN,Federal Contract Tower,0,7,26,4,37,0,0,4,0,4,0,7,30,4,41,6,2,8,49
09/14/2015,BAF,MA,ANE,EN,Federal Contract Tower,0,1,6,1,8,0,2,26,5,33,0,3,32,6,41,14,16,30,71
09/15/2015,BAF,MA,ANE,EN,Federal Contract Tower,0,4,15,9,28,0,0,82,22,104,0,4,97,31,132,100,4,104,236
09/16/2015,BAF,MA,ANE,EN,Federal Contract Tower,0,0,13,8,21,0,0,40,18,58,0,0,53,26,79,22,20,42,121
09/17/2015,BAF,MA,ANE,EN,Federal Contract Tower,0,0,7,6,13,0,0,74,15,89,0,0,81,21,102,24,36,60,162
09/18/2015,BAF,MA,ANE,EN,Federal Contract Tower,0,2,10,6,18,0,0,48,3,51,0,2,58,9,69,66,2,68,137
09/19/2015,BAF,MA,ANE,EN,Federal Contract Tower,0,0,10,1,11,0,0,58,0,58,0,0,68,1,69,64,0,64,133
09/20/2015,BAF,MA,ANE,EN,Federal Contract Tower,0,0,7,0,7,0,0,52,1,53,0,0,59,1,60,22,0,22,82
09/21/2015,BAF,MA,ANE,EN,Federal Contract Tower,0,0,14,1,15,0,0,36,0,36,0,0,50,1,51,42,0,42,93
09/22/2015,BAF,MA,ANE,EN,Federal Contract Tower,0,6,7,8,21,0,0,75,29,104,0,6,82,37,125,60,28,88,213
09/23/2015,BAF,MA,ANE,EN,Federal Contract Tower,0,0,9,11,20,0,0,62,20,82,0,0,71,31,102,32,30,62,164
09/24/2015,BAF,MA,ANE,EN,Federal Contract Tower,0,3,13,6,22,0,0,53,9,62,0,3,66,15,84,54,34,88,172
09/25/2015,BAF,MA,ANE,EN,Federal Contract Tower,2,3,12,1,18,0,0,64,6,70,2,3,76,7,88,56,4,60,148
09/26/2015,BAF,MA,ANE,EN,Federal Contract Tower,0,7,11,0,18,0,0,62,0,62,0,7,73,0,80,14,0,14,94
09/28/2015,BAF,MA,ANE,EN,Federal Contract Tower,0,2,13,6,21,0,0,42,9,51,0,2,55,15,72,38,8,46,118
09/29/2015,BAF,MA,ANE,EN,Federal Contract Tower,0,5,15,14,34,0,0,9,9,18,0,5,24,23,52,6,56,62,114
09/30/2015,BAF,MA,ANE,EN,Federal Contract Tower,0,6,6,3,15,0,0,0,8,8,0,6,6,11,23,52,0,52,75
10/01/2015,BAF,MA,ANE,EN,Federal Contract Tower,0,2,15,9,26,0,0,25,13,38,0,2,40,22,64,24,0,24,88
10/02/2015,BAF,MA,ANE,EN,Federal Contract Tower,0,1,6,9,16,0,0,18,13,31,0,1,24,22,47,12,0,12,59
10/03/2015,BAF,MA,ANE,EN,Federal Contract Tower,0,3,7,18,28,0,0,0,22,22,0,3,7,40,50,8,24,32,82
10/04/2015,BAF,MA,ANE,EN,Federal Contract Tower,0,3,12,1,16,0,0,55,0,55,0,3,67,1,71,30,0,30,101
10/05/2015,BAF,MA,ANE,EN,Federal Contract Tower,0,1,15,0,16,0,0,40,0,40,0,1,55,0,56,50,0,50,106
10/06/2015,BAF,MA,ANE,EN,Federal Contract Tower,0,1,20,6,27,0,0,79,0,79,0,1,99,6,106,44,14,58,164
10/07/2015,BAF,MA,ANE,EN,Federal Contract Tower,1,2,20,11,34,0,0,67,23,90,1,2,87,34,124,30,46,76,200
10/08/2015,BAF,MA,ANE,EN,Federal Contract Tower,2,1,10,14,27,0,0,65,25,90,2,1,75,39,117,8,20,28,145
10/09/2015,BAF,MA,ANE,EN,Federal Contract Tower,1,3,20,7,31,0,0,1,8,9,1,3,21,15,40,2,20,22,62
10/10/2015,BAF,MA,ANE,EN,Federal Contract Tower,1,2,11,0,14,0,0,80,0,80,1,2,91,0,94,40,0,40,134
10/11/2015,BAF,MA,ANE,EN,Federal Contract Tower,0,2,9,0,11,0,0,90,0,90,0,2,99,0,101,52,0,52,153
10/12/2015,BAF,MA,ANE,EN,Federal Contract Tower,0,1,9,0,10,0,0,77,0,77,0,1,86,0,87,64,0,64,151
10/13/2015,BAF,MA,ANE,EN,Federal Contract Tower,0,0,9,10,19,0,0,14,8,22,0,0,23,18,41,8,18,26,67
10/14/2015,BAF,MA,ANE,EN,Federal Contract Tower,0,4,6,12,22,0,0,40,29,69,0,4,46,41,91,48,30,78,169
10/15/2015,BAF,MA,ANE,EN,Federal Contract Tower,0,0,12,10,22,0,0,61,16,77,0,0,73,26,99,52,10,62,161
10/17/2015,BAF,MA,ANE,EN,Federal Contract Tower,0,1,11,0,12,0,0,78,0,78,0,1,89,0,90,10,0,10,100
10/18/2015,BAF,MA,ANE,EN,Federal Contract Tower,0,3,9,0,12,0,0,82,0,82,0,3,91,0,94,28,2,30,124
10/19/2015,BAF,MA,ANE,EN,Federal Contract Tower,0,0,9,0,9,0,0,45,3,48,0,0,54,3,57,56,0,56,113
10/20/2015,BAF,MA,ANE,EN,Federal Contract Tower,0,4,7,10,21,0,0,48,19,67,0,4,55,29,88,20,24,44,132
10/21/2015,BAF,MA,ANE,EN,Federal Contract Tower,0,0,16,11,27,0,0,42,20,62,0,0,58,31,89,32,22,54,143
10/22/2015,BAF,MA,ANE,EN,Federal Contract Tower,0,6,20,11,37,0,2,51,10,63,0,8,71,21,100,30,0,30,130
10/23/2015,BAF,MA,ANE,EN,Federal Contract Tower,0,5,15,3,23,0,0,46,23,69,0,5,61,26,92,38,4,42,134
10/24/2015,BAF,MA,ANE,EN,Federal Contract Tower,0,3,5,0,8,0,0,98,0,98,0,3,103,0,106,62,0,62,168
10/25/2015,BAF,MA,ANE,EN,Federal Contract Tower,0,4,21,0,25,0,0,18,0,18,0,4,39,0,43,18,0,18,61
10/26/2015,BAF,MA,ANE,EN,Federal Contract Tower,0,4,6,11,21,0,0,62,8,70,0,4,68,19,91,42,24,66,157
10/27/2015,BAF,MA,ANE,EN,Federal Contract Tower,0,3,18,12,33,0,2,78,27,107,0,5,96,39,140,74,4,78,218
10/28/2015,BAF,MA,ANE,EN,Federal Contract Tower,0,1,4,5,10,0,0,12,3,15,0,1,16,8,25,54,0,54,79
10/29/2015,BAF,MA,ANE,EN,Federal Contract Tower,1,4,11,3,19,0,0,9,20,29,1,4,20,23,48,8,12,20,68
10/30/2015,BAF,MA,ANE,EN,Federal Contract Tower,1,1,13,3,18,0,0,31,10,41,1,1,44,13,59,8,14,22,81
10/31/2015,BAF,MA,ANE,EN,Federal Contract Tower,1,0,7,0,8,0,0,88,0,88,1,0,95,0,96,42,0,42,138
11/01/2015,BAF,MA,ANE,EN,Federal Contract Tower,1,11,12,0,24,0,0,39,0,39,1,11,51,0,63,34,0,34,97
11/02/2015,BAF,MA,ANE,EN,Federal Contract Tower,0,1,12,0,13,0,0,29,0,29,0,1,41,0,42,32,0,32,74
11/03/2015,BAF,MA,ANE,EN,Federal Contract Tower,0,0,7,2,9,0,0,78,9,87,0,0,85,11,96,28,22,50,146
11/04/2015,BAF,MA,ANE,EN,Federal Contract Tower,0,0,16,0,16,0,0,82,12,94,0,0,98,12,110,100,2,102,212
11/05/2015,BAF,MA,ANE,EN,Federal Contract Tower,0,2,7,0,9,0,0,31,19,50,0,2,38,19,59,10,0,10,69
11/06/2015,BAF,MA,ANE,EN,Federal Contract Tower,0,4,25,1,30,0,0,38,5,43,0,4,63,6,73,38,0,38,111
11/07/2015,BAF,MA,ANE,EN,Federal Contract Tower,0,2,9,1,12,0,0,62,18,80,0,2,71,19,92,38,10,48,140
11/08/2015,BAF,MA,ANE,EN,Federal Contract Tower,0,1,14,0,15,0,0,62,2,64,0,1,76,2,79,28,0,28,107
11/09/2015,BAF,MA,ANE,EN,Federal Contract Tower,0,5,9,0,14,0,0,65,0,65,0,5,74,0,79,40,0,40,119
11/10/2015,BAF,MA,ANE,EN,Federal Contract Tower,0,0,10,6,16,0,0,19,0,19,0,0,29,6,35,34,20,54,89
11/11/2015,BAF,MA,ANE,EN,Federal Contract Tower,0,1,7,2,10,0,0,0,0,0,0,1,7,2,10,0,0,0,10
11/12/2015,BAF,MA,ANE,EN,Federal Contract Tower,0,3,18,0,21,0,0,0,0,0,0,3,18,0,21,0,0,0,21
11/13/2015,BAF,MA,ANE,EN,Federal Contract Tower,2,0,12,0,14,0,0,43,7,50,2,0,55,7,64,42,4,46,110
11/14/2015,BAF,MA,ANE,EN,Federal Contract Tower,1,3,7,3,14,0,0,56,0,56,1,3,63,3,70,8,14,22,92
11/15/2015,BAF,MA,ANE,EN,Federal Contract Tower,0,0,3,3,6,0,0,61,0,61,0,0,64,3,67,36,2,38,105
11/16/2015,BAF,MA,ANE,EN,Federal Contract Tower,0,0,13,1,14,0,0,41,0,41,0,0,54,1,55,12,0,12,67
11/17/2015,BAF,MA,ANE,EN,Federal Contract Tower,0,1,10,12,23,0,0,72,29,101,0,1,82,41,124,22,54,76,200
11/18/2015,BAF,MA,ANE,EN,Federal Contract Tower,0,0,16,11,27,0,0,41,23,64,0,0,57,34,91,30,26,56,147
11/19/2015,BAF,MA,ANE,EN,Federal Contract Tower,0,0,13,5,18,0,0,0,10,10,0,0,13,15,28,0,0,0,28
11/20/2015,BAF,MA,ANE,EN,Federal Contract Tower,1,0,12,7,20,0,0,47,9,56,1,0,59,16,76,32,12,44,120
11/21/2015,BAF,MA,ANE,EN,Federal Contract Tower,1,0,10,0,11,0,0,81,6,87,1,0,91,6,98,50,0,50,148
11/22/2015,BAF,MA,ANE,EN,Federal Contract Tower,0,0,35,0,35,0,0,35,0,35,0,0,70,0,70,4,26,30,100
11/23/2015,BAF,MA,ANE,EN,Federal Contract Tower,0,4,11,9,24,0,0,41,13,54,0,4,52,22,78,6,18,24,102
11/24/2015,BAF,MA,ANE,EN,Federal Contract Tower,0,4,11,8,23,0,0,73,18,91,0,4,84,26,114,76,20,96,210
11/25/2015,BAF,MA,ANE,EN,Federal Contract Tower,0,4,9,6,19,0,0,67,7,74,0,4,76,13,93,28,18,46,139
11/26/2015,BAF,MA,ANE,EN,Federal Contract Tower,2,0,0,0,2,0,0,10,0,10,2,0,10,0,12,22,0,22,34
11/27/2015,BAF,MA,ANE,EN,Federal Contract Tower,0,1,10,1,12,0,0,36,1,37,0,1,46,2,49,46,6,52,101
11/28/2015,BAF,MA,ANE,EN,Federal Contract Tower,0,1,14,0,15,0,0,7,0,7,0,1,21,0,22,4,2,6,28
11/29/2015,BAF,MA,ANE,EN,Federal Contract Tower,0,3,18,0,21,0,0,135,0,135,0,3,153,0,156,72,0,72,228
11/30/2015,BAF,MA,ANE,EN,Federal Contract Tower,0,5,12,5,22,0,0,16,4,20,0,5,28,9,42,48,8,56,98
12/01/2015,BAF,MA,ANE,EN,Federal Contract Tower,0,7,4,6,17,0,0,1,7,8,0,7,5,13,25,2,36,38,63
12/02/2015,BAF,MA,ANE,EN,Federal Contract Tower,0,0,10,0,10,0,0,0,0,0,0,0,10,0,10,0,0,0,10
12/03/2015,BAF,MA,ANE,EN,Federal Contract Tower,0,2,8,13,23,0,0,19,12,31,0,2,27,25,54,6,24,30,84
12/04/2015,BAF,MA,ANE,EN,Federal Contract Tower,0,1,8,6,15,0,0,53,3,56,0,1,61,9,71,40,16,56,127
12/05/2015,BAF,MA,ANE,EN,Federal Contract Tower,1,4,12,6,23,0,0,76,12,88,1,4,88,18,111,38,22,60,171
12/06/2015,BAF,MA,ANE,EN,Federal Contract Tower,0,2,17,1,20,0,0,58,2,60,0,2,75,3,80,48,4,52,132
12/07/2015,BAF,MA,ANE,EN,Federal Contract Tower,0,0,9,0,9,0,0,34,0,34,0,0,43,0,43,16,0,16,59
12/08/2015,BAF,MA,ANE,EN,Federal Contract Tower,0,2,7,2,11,0,0,36,5,41,0,2,43,7,52,4,10,14,66
12/09/2015,BAF,MA,ANE,EN,Federal Contract Tower,0,0,10,11,21,0,0,15,23,38,0,0,25,34,59,20,32,52,111
12/10/2015,BAF,MA,ANE,EN,Federal Contract Tower,0,0,11,5,16,0,0,25,4,29,0,0,36,9,45,2,2,4,49
12/11/2015,BAF,MA,ANE,EN,Federal Contract Tower,0,6,4,0,10,0,0,29,2,31,0,6,33,2,41,4,0,4,45
12/12/2015,BAF,MA,ANE,EN,Federal Contract Tower,0,3,7,0,10,0,0,81,0,81,0,3,88,0,91,52,0,52,143
12/13/2015,BAF,MA,ANE,EN,Federal Contract Tower,0,5,27,0,32,0,0,38,0,38,0,5,65,0,70,34,0,34,104
12/14/2015,BAF,MA,ANE,EN,Federal Contract Tower,0,1,7,0,8,0,0,0,0,0,0,1,7,0,8,0,0,0,8
12/15/2015,BAF,MA,ANE,EN,Federal Contract Tower,0,2,9,9,20,0,0,6,14,20,0,2,15,23,40,2,0,2,42
12/16/2015,BAF,MA,ANE,EN,Federal Contract Tower,0,0,19,11,30,0,0,66,52,118,0,0,85,63,148,54,28,82,230
12/17/2015,BAF,MA,ANE,EN,Federal Contract Tower,0,6,8,0,14,0,0,0,0,0,0,6,8,0,14,0,0,0,14
12/18/2015,BAF,MA,ANE,EN,Federal Contract Tower,0,2,11,4,17,0,0,37,22,59,0,2,48,26,76,36,0,36,112
12/19/2015,BAF,MA,ANE,EN,Federal Contract Tower,0,2,6,0,8,0,2,20,0,22,0,4,26,0,30,12,0,12,42
12/20/2015,BAF,MA,ANE,EN,Federal Contract Tower,0,0,2,0,2,0,0,96,0,96,0,0,98,0,98,54,0,54,152
12/21/2015,BAF,MA,ANE,EN,Federal Contract Tower,0,0,11,12,23,0,0,33,1,34,0,0,44,13,57,36,12,48,105
12/22/2015,BAF,MA,ANE,EN,Federal Contract Tower,0,3,9,0,12,0,0,0,0,0,0,3,9,0,12,0,0,0,12
12/23/2015,BAF,MA,ANE,EN,Federal Contract Tower,0,5,8,0,13,0,0,0,0,0,0,5,8,0,13,0,0,0,13
12/24/2015,BAF,MA,ANE,EN,Federal Contract Tower,0,1,4,0,5,0,0,7,0,7,0,1,11,0,12,2,0,2,14
12/25/2015,BAF,MA,ANE,EN,Federal Contract Tower,0,1,0,0,1,0,1,29,2,32,0,2,29,2,33,40,0,40,73
12/26/2015,BAF,MA,ANE,EN,Federal Contract Tower,0,0,3,0,3,0,0,67,0,67,0,0,70,0,70,60,0,60,130
12/27/2015,BAF,MA,ANE,EN,Federal Contract Tower,0,2,3,0,5,0,0,0,0,0,0,2,3,0,5,0,0,0,5
12/28/2015,BAF,MA,ANE,EN,Federal Contract Tower,0,1,1,2,4,0,0,32,2,34,0,1,33,4,38,18,2,20,58
12/29/2015,BAF,MA,ANE,EN,Federal Contract Tower,0,0,2,0,2,0,0,0,0,0,0,0,2,0,2,0,0,0,2
12/30/2015,BAF,MA,ANE,EN,Federal Contract Tower,0,3,2,5,10,0,0,0,0,0,0,3,2,5,10,0,0,0,10
12/31/2015,BAF,MA,ANE,EN,Federal Contract Tower,0,4,2,5,11,0,2,23,8,33,0,6,25,13,44,6,8,14,58
01/01/2016,BAF,MA,ANE,EN,Federal Contract Tower,0,0,1,0,1,0,0,16,0,16,0,0,17,0,17,46,0,46,63
01/02/2016,BAF,MA,ANE,EN,Federal Contract Tower,0,1,5,0,6,0,0,109,0,109,0,1,114,0,115,38,0,38,153
01/03/2016,BAF,MA,ANE,EN,Federal Contract Tower,0,3,16,0,19,0,0,76,0,76,0,3,92,0,95,72,0,72,167
01/04/2016,BAF,MA,ANE,EN,Federal Contract Tower,0,2,11,6,19,0,0,19,0,19,0,2,30,6,38,2,0,2,40
01/05/2016,BAF,MA,ANE,EN,Federal Contract Tower,0,5,4,11,20,0,0,50,27,77,0,5,54,38,97,56,10,66,163
01/06/2016,BAF,MA,ANE,EN,Federal Contract Tower,0,5,1,8,14,0,0,56,27,83,0,5,57,35,97,60,6,66,163
01/07/2016,BAF,MA,ANE,EN,Federal Contract Tower,0,0,6,7,13,0,0,66,24,90,0,0,72,31,103,68,4,72,175
01/08/2016,BAF,MA,ANE,EN,Federal Contract Tower,0,0,19,2,21,0,0,32,18,50,0,0,51,20,71,54,0,54,125
01/09/2016,BAF,MA,ANE,EN,Federal Contract Tower,0,2,6,4,12,0,0,10,12,22,0,2,16,16,34,56,0,56,90
01/10/2016,BAF,MA,ANE,EN,Federal Contract Tower,0,1,7,0,8,0,0,0,0,0,0,1,7,0,8,0,0,0,8
01/11/2016,BAF,MA,ANE,EN,Federal Contract Tower,0,2,6,1,9,0,0,16,8,24,0,2,22,9,33,8,0,8,41
01/12/2016,BAF,MA,ANE,EN,Federal Contract Tower,0,0,2,15,17,0,0,24,22,46,0,0,26,37,63,32,44,76,139
01/13/2016,BAF,MA,ANE,EN,Federal Contract Tower,0,4,8,1,13,0,0,7,10,17,0,4,15,11,30,0,24,24,54
01/14/2016,BAF,MA,ANE,EN,Federal Contract Tower,0,4,10,9,23,0,0,41,17,58,0,4,51,26,81,58,0,58,139
01/15/2016,BAF,MA,ANE,EN,Federal Contract Tower,0,3,16,8,27,0,0,58,24,82,0,3,74,32,109,52,4,56,165
01/16/2016,BAF,MA,ANE,EN,Federal Contract Tower,0,0,8,0,8,0,0,0,0,0,0,0,8,0,8,0,0,0,8
01/17/2016,BAF,MA,ANE,EN,Federal Contract Tower,0,3,11,0,14,0,2,79,0,81,0,5,90,0,95,74,0,74,169
01/18/2016,BAF,MA,ANE,EN,Federal Contract Tower,0,4,5,0,9,0,0,1,0,1,0,4,6,0,10,0,0,0,10
01/19/2016,BAF,MA,ANE,EN,Federal Contract Tower,0,2,4,0,6,0,0,3,0,3,0,2,7,0,9,12,0,12,21
01/20/2016,BAF,MA,ANE,EN,Federal Contract Tower,0,0,11,5,16,0,0,27,15,42,0,0,38,20,58,10,6,16,74
01/21/2016,BAF,MA,ANE,EN,Federal Contract Tower,0,2,4,7,13,0,0,28,9,37,0,2,32,16,50,50,14,64,114
01/22/2016,BAF,MA,ANE,EN,Federal Contract Tower,0,3,6,5,14,0,0,52,12,64,0,3,58,17,78,20,0,20,98
01/23/2016,BAF,MA,ANE,EN,Federal Contract Tower,0,1,0,0,1,0,0,2,0,2,0,1,2,0,3,4,0,4,7
01/24/2016,BAF,MA,ANE,EN,Federal Contract Tower,0,3,1,0,4,0,0,39,0,39,0,3,40,0,43,14,0,14,57
01/25/2016,BAF,MA,ANE,EN,Federal Contract Tower,0,2,0,2,4,0,0,39,1,40,0,2,39,3,44,42,2,44,88
01/26/2016,BAF,MA,ANE,EN,Federal Contract Tower,0,0,7,1,8,0,0,31,9,40,0,0,38,10,48,40,0,40,88
01/27/2016,BAF,MA,ANE,EN,Federal Contract Tower,0,3,6,4,13,0,0,19,12,31,0,3,25,16,44,12,28,40,84
01/28/2016,BAF,MA,ANE,EN,Federal Contract Tower,0,0,12,1,13,0,0,52,11,63,0,0,64,12,76,36,6,42,118
01/29/2016,BAF,MA,ANE,EN,Federal Contract Tower,0,3,11,0,14,0,0,28,2,30,0,3,39,2,44,38,4,42,86
01/30/2016,BAF,MA,ANE,EN,Federal Contract Tower,0,1,11,0,12,0,0,67,0,67,0,1,78,0,79,68,0,68,147
01/31/2016,BAF,MA,ANE,EN,Federal Contract Tower,0,2,5,2,9,0,0,59,0,59,0,2,64,2,68,52,0,52,120
02/01/2016,BAF,MA,ANE,EN,Federal Contract Tower,0,1,7,0,8,0,0,21,0,21,0,1,28,0,29,12,0,12,41
02/02/2016,BAF,MA,ANE,EN,Federal Contract Tower,0,3,9,0,12,0,0,55,7,62,0,3,64,7,74,26,0,26,100
02/03/2016,BAF,MA,ANE,EN,Federal Contract Tower,0,3,3,0,6,0,0,0,0,0,0,3,3,0,6,0,0,0,6
02/04/2016,BAF,MA,ANE,EN,Federal Contract Tower,0,8,10,2,20,0,0,50,5,55,0,8,60,7,75,42,2,44,119
02/05/2016,BAF,MA,ANE,EN,Federal Contract Tower,0,3,2,0,5,0,0,0,0,0,0,3,2,0,5,0,0,0,5
02/06/2016,BAF,MA,ANE,EN,Federal Contract Tower,0,3,6,4,13,0,0,56,4,60,0,3,62,8,73,12,4,16,89
02/07/2016,BAF,MA,ANE,EN,Federal Contract Tower,0,3,4,3,10,0,0,74,4,78,0,3,78,7,88,46,22,68,156
02/08/2016,BAF,MA,ANE,EN,Federal Contract Tower,0,2,6,0,8,0,0,3,0,3,0,2,9,0,11,0,0,0,11
02/09/2016,BAF,MA,ANE,EN,Federal Contract Tower,0,1,13,4,18,0,0,0,7,7,0,1,13,11,25,8,0,8,33
02/10/2016,BAF,MA,ANE,EN,Federal Contract Tower,0,3,9,0,12,0,0,3,11,14,0,3,12,11,26,0,10,10,36
02/11/2016,BAF,MA,ANE,EN,Federal Contract Tower,0,7,4,2,13,0,0,11,4,15,0,7,15,6,28,6,6,12,40
02/12/2016,BAF,MA,ANE,EN,Federal Contract Tower,0,4,3,2,9,0,0,35,0,35,0,4,38,2,44,18,0,18,62
02/13/2016,BAF,MA,ANE,EN,Federal Contract Tower,0,1,2,5,8,0,0,21,0,21,0,1,23,5,29,0,0,0,29
02/14/2016,BAF,MA,ANE,EN,Federal Contract Tower,0,1,7,1,9,0,0,57,0,57,0,1,64,1,66,34,0,34,100
02/15/2016,BAF,MA,ANE,EN,Federal Contract Tower,0,3,9,0,12,0,0,6,0,6,0,3,15,0,18,0,0,0,18
02/16/2016,BAF,MA,ANE,EN,Federal Contract Tower,0,1,2,0,3,0,0,0,0,0,0,1,2,0,3,0,0,0,3
02/17/2016,BAF,MA,ANE,EN,Federal Contract Tower,0,1,15,10,26,0,0,29,19,48,0,1,44,29,74,8,18,26,100
02/18/2016,BAF,MA,ANE,EN,Federal Contract Tower,0,0,4,8,12,0,0,41,4,45,0,0,45,12,57,18,8,26,83
02/19/2016,BAF,MA,ANE,EN,Federal Contract Tower,0,5,9,4,18,0,0,50,4,54,0,5,59,8,72,54,8,62,134
02/20/2016,BAF,MA,ANE,EN,Federal Contract Tower,0,4,5,0,9,0,0,49,2,51,0,4,54,2,60,102,0,102,162
02/21/2016,BAF,MA,ANE,EN,Federal Contract Tower,0,6,14,2,22,0,0,97,0,97,0,6,111,2,119,86,2,88,207
02/22/2016,BAF,MA,ANE,EN,Federal Contract Tower,0,2,11,0,13,0,0,46,3,49,0,2,57,3,62,0,0,0,62
02/23/2016,BAF,MA,ANE,EN,Federal Contract Tower,0,1,8,8,17,0,0,19,18,37,0,1,27,26,54,40,20,60,114
02/24/2016,BAF,MA,ANE,EN,Federal Contract Tower,0,3,1,0,4,0,0,0,0,0,0,3,1,0,4,0,0,0,4
02/25/2016,BAF,MA,ANE,EN,Federal Contract Tower,0,1,4,5,10,0,0,4,13,17,0,1,8,18,27,0,34,34,61
02/26/2016,BAF,MA,ANE,EN,Federal Contract Tower,0,2,7,7,16,0,0,19,16,35,0,2,26,23,51,10,8,18,69
02/27/2016,BAF,MA,ANE,EN,Federal Contract Tower,0,0,9,0,9,0,0,86,0,86,0,0,95,0,95,74,0,74,169
02/28/2016,BAF,MA,ANE,EN,Federal Contract Tower,0,2,21,0,23,0,0,89,0,89,0,2,110,0,112,98,0,98,210
02/29/2016,BAF,MA,ANE,EN,Federal Contract Tower,0,1,13,3,17,0,0,18,10,28,0,1,31,13,45,30,12,42,87
03/01/2016,BAF,MA,ANE,EN,Federal Contract Tower,0,1,3,5,9,0,0,58,22,80,0,1,61,27,89,28,10,38,127
03/02/2016,BAF,MA,ANE,EN,Federal Contract Tower,0,0,5,2,7,0,0,10,16,26,0,0,15,18,33,0,26,26,59
03/03/2016,BAF,MA,ANE,EN,Federal Contract Tower,0,0,9,7,16,0,0,34,25,59,0,0,43,32,75,20,14,34,109
03/04/2016,BAF,MA,ANE,EN,Federal Contract Tower,0,1,17,5,23,0,0,31,19,50,0,1,48,24,73,16,22,38,111
03/05/2016,BAF,MA,ANE,EN,Federal Contract Tower,0,0,5,0,5,0,0,69,2,71,0,0,74,2,76,28,0,28,104
03/06/2016,BAF,MA,ANE,EN,Federal Contract Tower,0,1,10,2,13,0,0,89,9,98,0,1,99,11,111,54,10,64,175
03/07/2016,BAF,MA,ANE,EN,Federal Contract Tower,0,0,12,1,13,0,0,33,3,36,0,0,45,4,49,38,2,40,89
03/08/2016,BAF,MA,ANE,EN,Federal Contract Tower,0,1,11,4,16,0,0,60,23,83,0,1,71,27,99,62,18,80,179
03/09/2016,BAF,MA,ANE,EN,Federal Contract Tower,0,6,8,13,27,0,0,49,26,75,0,6,57,39,102,38,16,54,156
03/10/2016,BAF,MA,ANE,EN,Federal Contract Tower,0,3,6,10,19,0,0,19,6,25,0,3,25,16,44,36,22,58,102
03/11/2016,BAF,MA,ANE,EN,Federal Contract Tower,0,4,8,6,18,0,0,51,7,58,0,4,59,13,76,40,12,52,128
03/12/2016,BAF,MA,ANE,EN,Federal Contract Tower,0,5,7,0,12,0,0,84,0,84,0,5,91,0,96,90,0,90,186
03/13/2016,BAF,MA,ANE,EN,Federal Contract Tower,0,0,10,0,10,0,0,95,0,95,0,0,105,0,105,76,0,76,181
03/14/2016,BAF,MA,ANE,EN,Federal Contract Tower,0,0,1,0,1,0,0,2,0,2,0,0,3,0,3,8,0,8,11
03/15/2016,BAF,MA,ANE,EN,Federal Contract Tower,0,6,8,0,14,0,0,0,0,0,0,6,8,0,14,0,0,0,14
03/16/2016,BAF,MA,ANE,EN,Federal Contract Tower,0,0,13,8,21,0,0,60,19,79,0,0,73,27,100,68,22,90,190
03/17/2016,BAF,MA,ANE,EN,Federal Contract Tower,0,3,8,8,19,0,0,27,22,49,0,3,35,30,68,0,22,22,90
03/18/2016,BAF,MA,ANE,EN,Federal Contract Tower,0,7,6,6,19,0,0,7,10,17,0,7,13,16,36,8,12,20,56
03/19/2016,BAF,MA,ANE,EN,Federal Contract Tower,0,0,4,0,4,0,0,86,0,86,0,0,90,0,90,58,0,58,148
03/20/2016,BAF,MA,ANE,EN,Federal Contract Tower,0,2,8,2,12,0,0,48,0,48,0,2,56,2,60,48,0,48,108
03/21/2016,BAF,MA,ANE,EN,Federal Contract Tower,0,0,9,0,9,0,0,24,1,25,0,0,33,1,34,28,0,28,62
03/22/2016,BAF,MA,ANE,EN,Federal Contract Tower,0,0,11,8,19,0,0,37,27,64,0,0,48,35,83,32,14,46,129
03/23/2016,BAF,MA,ANE,EN,Federal Contract Tower,0,0,13,6,19,0,0,31,16,47,0,0,44,22,66,28,22,50,116
03/24/2016,BAF,MA,ANE,EN,Federal Contract Tower,0,1,13,9,23,0,0,60,14,74,0,1,73,23,97,34,50,84,181
03/25/2016,BAF,MA,ANE,EN,Federal Contract Tower,0,0,7,6,13,0,0,13,9,22,0,0,20,15,35,26,0,26,61
03/26/2016,BAF,MA,ANE,EN,Federal Contract Tower,0,2,7,2,11,0,0,73,2,75,0,2,80,4,86,104,0,104,190
03/27/2016,BAF,MA,ANE,EN,Federal Contract Tower,0,0,17,0,17,0,0,37,0,37,0,0,54,0,54,16,0,16,70
03/28/2016,BAF,MA,ANE,EN,Federal Contract Tower,0,8,19,11,38,0,0,0,0,0,0,8,19,11,38,2,0,2,40
03/29/2016,BAF,MA,ANE,EN,Federal Contract Tower,0,5,13,2,20,0,0,17,1,18,0,5,30,3,38,4,0,4,42
03/30/2016,BAF,MA,ANE,EN,Federal Contract Tower,0,11,13,9,33,0,0,81,29,110,0,11,94,38,143,48,10,58,201
03/31/2016,BAF,MA,ANE,EN,Federal Contract Tower,0,6,5,3,14,0,0,30,2,32,0,6,35,5,46,10,2,12,58
04/01/2016,BAF,MA,ANE,EN,Federal Contract Tower,0,5,6,0,11,0,0,13,0,13,0,5,19,0,24,22,0,22,46
04/02/2016,BAF,MA,ANE,EN,Federal Contract Tower,0,0,13,7,20,0,0,19,11,30,0,0,32,18,50,40,6,46,96
04/03/2016,BAF,MA,ANE,EN,Federal Contract Tower,0,6,3,1,10,0,0,3,0,3,0,6,6,1,13,0,0,0,13
04/04/2016,BAF,MA,ANE,EN,Federal Contract Tower,0,0,2,0,2,0,0,0,0,0,0,0,2,0,2,0,0,0,2
04/05/2016,BAF,MA,ANE,EN,Federal Contract Tower,0,1,9,4,14,0,0,45,14,59,0,1,54,18,73,64,28,92,165
04/06/2016,BAF,MA,ANE,EN,Federal Contract Tower,0,3,4,2,9,0,0,32,3,35,0,3,36,5,44,56,6,62,106
04/07/2016,BAF,MA,ANE,EN,Federal Contract Tower,0,2,6,1,9,0,0,18,1,19,0,2,24,2,28,10,18,28,56
04/08/2016,BAF,MA,ANE,EN,Federal Contract Tower,0,2,6,0,8,0,0,52,0,52,0,2,58,0,60,78,0,78,138
04/09/2016,BAF,MA,ANE,EN,Federal Contract Tower,0,0,25,0,25,0,0,90,0,90,0,0,115,0,115,66,0,66,181
04/10/2016,BAF,MA,ANE,EN,Federal Contract Tower,0,1,8,0,9,0,0,85,4,89,0,1,93,4,98,40,0,40,138
04/11/2016,BAF,MA,ANE,EN,Federal Contract Tower,0,0,10,0,10,0,0,26,4,30,0,0,36,4,40,50,2,52,92
04/12/2016,BAF,MA,ANE,EN,Federal Contract Tower,0,6,12,3,21,0,0,4,0,4,0,6,16,3,25,0,0,0,25
04/13/2016,BAF,MA,ANE,EN,Federal Contract Tower,0,1,11,2,14,0,0,75,22,97,0,1,86,24,111,92,6,98,209
04/14/2016,BAF,MA,ANE,EN,Federal Contract Tower,0,0,11,1,12,0,0,71,6,77,0,0,82,7,89,80,6,86,175
04/15/2016,BAF,MA,ANE,EN,Federal Contract Tower,0,3,5,3,11,0,0,69,12,81,0,3,74,15,92,76,4,80,172
04/16/2016,BAF,MA,ANE,EN,Federal Contract Tower,0,2,6,0,8,0,0,62,0,62,0,2,68,0,70,48,0,48,118
04/17/2016,BAF,MA,ANE,EN,Federal Contract Tower,0,2,0,0,2,0,0,71,0,71,0,2,71,0,73,60,0,60,133
04/18/2016,BAF,MA,ANE,EN,Federal Contract Tower,0,0,10,0,10,0,0,52,0,52,0,0,62,0,62,94,0,94,156
04/19/2016,BAF,MA,ANE,EN,Federal Contract Tower,0,0,16,3,19,0,0,29,5,34,0,0,45,8,53,14,0,14,67
04/20/2016,BAF,MA,ANE,EN,Federal Contract Tower,0,2,17,2,21,0,0,44,20,64,0,2,61,22,85,64,0,64,149
04/21/2016,BAF,MA,ANE,EN,Federal Contract Tower,0,1,7,3,11,0,0,70,12,82,0,1,77,15,93,104,2,106,199
04/22/2016,BAF,MA,ANE,EN,Federal Contract Tower,0,0,2,3,5,0,0,51,3,54,0,0,53,6,59,82,2,84,143
04/23/2016,BAF,MA,ANE,EN,Federal Contract Tower,0,2,7,0,9,0,0,69,0,69,0,2,76,0,78,34,0,34,112
04/24/2016,BAF,MA,ANE,EN,Federal Contract Tower,0,5,10,0,15,0,0,110,0,110,0,5,120,0,125,62,0,62,187
04/25/2016,BAF,MA,ANE,EN,Federal Contract Tower,0,3,7,3,13,0,0,71,3,74,0,3,78,6,87,8,0,8,95
04/26/2016,BAF,MA,ANE,EN,Federal Contract Tower,0,0,8,2,10,0,0,3,0,3,0,0,11,2,13,20,0,20,33
04/27/2016,BAF,MA,ANE,EN,Federal Contract Tower,0,3,5,6,14,0,0,102,19,121,0,3,107,25,135,36,12,48,183
04/28/2016,BAF,MA,ANE,EN,Federal Contract Tower,0,4,3,0,7,0,0,89,16,105,0,4,92,16,112,64,2,66,178
04/29/2016,BAF,MA,ANE,EN,Federal Contract Tower,0,4,13,0,17,0,0,55,0,55,0,4,68,0,72,40,0,40,112
04/30/2016,BAF,MA,ANE,EN,Federal Contract Tower,0,2,5,0,7,0,0,80,0,80,0,2,85,0,87,32,0,32,119
05/01/2016,BAF,MA,ANE,EN,Federal Contract Tower,0,4,6,0,10,0,0,12,0,12,0,4,18,0,22,16,0,16,38
05/02/2016,BAF,MA,ANE,EN,Federal Contract Tower,0,1,9,0,10,0,0,0,0,0,0,1,9,0,10,0,0,0,10
05/03/2016,BAF,MA,ANE,EN,Federal Contract Tower,0,1,11,3,15,0,0,1,1,2,0,1,12,4,17,0,0,0,17
05/04/2016,BAF,MA,ANE,EN,Federal Contract Tower,0,2,9,11,22,0,0,1,3,4,0,2,10,14,26,4,12,16,42
05/05/2016,BAF,MA,ANE,EN,Federal Contract Tower,0,8,23,1,32,0,0,13,7,20,0,8,36,8,52,20,8,28,80
05/06/2016,BAF,MA,ANE,EN,Federal Contract Tower,0,4,11,0,15,0,0,14,0,14,0,4,25,0,29,36,0,36,65
05/07/2016,BAF,MA,ANE,EN,Federal Contract Tower,0,2,16,0,18,0,0,7,0,7,0,2,23,0,25,10,0,10,35
05/08/2016,BAF,MA,ANE,EN,Federal Contract Tower,0,2,5,0,7,0,0,4,0,4,0,2,9,0,11,4,0,4,15
05/09/2016,BAF,MA,ANE,EN,Federal Contract Tower,0,0,10,1,11,0,1,48,2,51,0,1,58,3,62,40,0,40,102
05/10/2016,BAF,MA,ANE,EN,Federal Contract Tower,0,0,17,5,22,0,0,84,9,93,0,0,101,14,115,94,6,100,215
05/11/2016,BAF,MA,ANE,EN,Federal Contract Tower,0,0,11,7,18,0,0,81,18,99,0,0,92,25,117,116,10,126,243
05/12/2016,BAF,MA,ANE,EN,Federal Contract Tower,0,3,14,3,20,0,0,135,2,137,0,3,149,5,157,88,2,90,247
05/13/2016,BAF,MA,ANE,EN,Federal Contract Tower,0,2,13,0,15,0,0,28,7,35,0,2,41,7,50,34,0,34,84
05/14/2016,BAF,MA,ANE,EN,Federal Contract Tower,0,0,11,2,13,0,0,95,17,112,0,0,106,19,125,76,6,82,207
05/15/2016,BAF,MA,ANE,EN,Federal Contract Tower,0,0,6,0,6,0,0,60,0,60,0,0,66,0,66,4,0,4,70
05/16/2016,BAF,MA,ANE,EN,Federal Contract Tower,0,3,9,0,12,0,0,23,0,23,0,3,32,0,35,12,0,12,47
05/17/2016,BAF,MA,ANE,EN,Federal Contract Tower,0,1,10,1,12,0,0,44,2,46,0,1,54,3,58,38,0,38,96
05/18/2016,BAF,MA,ANE,EN,Federal Contract Tower,0,0,7,1,8,0,0,64,5,69,0,0,71,6,77,112,0,112,189
05/19/2016,BAF,MA,ANE,EN,Federal Contract Tower,0,3,4,1,8,0,0,54,6,60,0,3,58,7,68,58,0,58,126
05/20/2016,BAF,MA,ANE,EN,Federal Contract Tower,0,5,14,0,19,0,0,83,0,83,0,5,97,0,102,38,0,38,140
05/21/2016,BAF,MA,ANE,EN,Federal Contract Tower,0,1,19,0,20,0,0,128,0,128,0,1,147,0,148,52,0,52,200
05/22/2016,BAF,MA,ANE,EN,Federal Contract Tower,0,4,14,1,19,0,0,78,4,82,0,4,92,5,101,66,4,70,171
05/23/2016,BAF,MA,ANE,EN,Federal Contract Tower,0,1,8,0,9,0,0,71,0,71,0,1,79,0,80,36,0,36,116
05/24/2016,BAF,MA,ANE,EN,Federal Contract Tower,0,1,10,2,13,0,0,20,6,26,0,1,30,8,39,26,6,32,71
05/25/2016,BAF,MA,ANE,EN,Federal Contract Tower,0,0,14,2,16,0,0,59,13,72,0,0,73,15,88,38,0,38,126
05/26/2016,BAF,MA,ANE,EN,Federal Contract Tower,0,3,4,5,12,0,0,45,14,59,0,3,49,19,71,78,16,94,165
05/27/2016,BAF,MA,ANE,EN,Federal Contract Tower,0,4,10,1,15,0,0,48,2,50,0,4,58,3,65,56,0,56,121
05/28/2016,BAF,MA,ANE,EN,Federal Contract Tower,0,3,8,0,11,0,0,72,0,72,0,3,80,0,83,38,0,38,121
05/29/2016,BAF,MA,ANE,EN,Federal Contract Tower,0,9,9,0,18,0,0,42,0,42,0,9,51,0,60,92,0,92,152
05/30/2016,BAF,MA,ANE,EN,Federal Contract Tower,0,0,12,1,13,0,0,18,1,19,0,0,30,2,32,4,8,12,44
05/31/2016,BAF,MA,ANE,EN,Federal Contract Tower,0,2,7,0,9,0,0,59,0,59,0,2,66,0,68,38,2,40,108
06/01/2016,BAF,MA,ANE,EN,Federal Contract Tower,0,1,5,6,12,0,0,68,9,77,0,1,73,15,89,92,12,104,193
06/02/2016,BAF,MA,ANE,EN,Federal Contract Tower,0,2,11,4,17,0,0,68,7,75,0,2,79,11,92,46,0,46,138
06/03/2016,BAF,MA,ANE,EN,Federal Contract Tower,0,4,13,0,17,0,0,30,0,30,0,4,43,0,47,58,0,58,105
06/04/2016,BAF,MA,ANE,EN,Federal Contract Tower,0,3,8,3,14,0,0,96,5,101,0,3,104,8,115,142,6,148,263
06/05/2016,BAF,MA,ANE,EN,Federal Contract Tower,0,0,9,0,9,0,0,0,0,0,0,0,9,0,9,0,0,0,9
06/06/2016,BAF,MA,ANE,EN,Federal Contract Tower,0,0,8,0,8,0,0,37,16,53,0,0,45,16,61,66,18,84,145
06/07/2016,BAF,MA,ANE,EN,Federal Contract Tower,0,3,6,3,12,0,0,30,1,31,0,3,36,4,43,60,2,62,105
06/08/2016,BAF,MA,ANE,EN,Federal Contract Tower,0,3,12,0,15,0,0,26,3,29,0,3,38,3,44,14,2,16,60
06/09/2016,BAF,MA,ANE,EN,Federal Contract Tower,0,2,5,2,9,0,0,18,4,22,0,2,23,6,31,0,6,6,37
06/10/2016,BAF,MA,ANE,EN,Federal Contract Tower,0,0,10,0,10,0,0,46,2,48,0,0,56,2,58,108,0,108,166
06/11/2016,BAF,MA,ANE,EN,Federal Contract Tower,0,0,9,1,10,0,0,32,4,36,0,0,41,5,46,22,0,22,68
06/12/2016,BAF,MA,ANE,EN,Federal Contract Tower,0,0,7,6,13,0,0,28,7,35,0,0,35,13,48,8,18,26,74
06/13/2016,BAF,MA,ANE,EN,Federal Contract Tower,0,1,7,0,8,0,0,16,0,16,0,1,23,0,24,62,0,62,86
06/14/2016,BAF,MA,ANE,EN,Federal Contract Tower,0,0,8,0,8,0,0,41,4,45,0,0,49,4,53,38,2,40,93
06/15/2016,BAF,MA,ANE,EN,Federal Contract Tower,0,0,2,0,2,0,0,78,14,92,0,0,80,14,94,22,36,58,152
06/16/2016,BAF,MA,ANE,EN,Federal Contract Tower,0,0,16,1,17,0,0,80,7,87,0,0,96,8,104,42,0,42,146
06/17/2016,BAF,MA,ANE,EN,Federal Contract Tower,0,0,19,5,24,0,0,79,8,87,0,0,98,13,111,48,20,68,179
06/18/2016,BAF,MA,ANE,EN,Federal Contract Tower,0,0,7,0,7,0,0,105,0,105,0,0,112,0,112,74,0,74,186
06/19/2016,BAF,MA,ANE,EN,Federal Contract Tower,0,0,8,0,8,0,0,96,0,96,0,0,104,0,104,74,0,74,178
06/20/2016,BAF,MA,ANE,EN,Federal Contract Tower,0,0,11,0,11,0,0,52,0,52,0,0,63,0,63,28,0,28,91
06/21/2016,BAF,MA,ANE,EN,Federal Contract Tower,0,2,7,7,16,0,0,59,6,65,0,2,66,13,81,54,22,76,157
06/22/2016,BAF,MA,ANE,EN,Federal Contract Tower,0,7,4,0,11,0,0,49,16,65,0,7,53,16,76,54,6,60,136
06/23/2016,BAF,MA,ANE,EN,Federal Contract Tower,0,2,6,0,8,0,0,63,2,65,0,2,69,2,73,72,2,74,147
06/24/2016,BAF,MA,ANE,EN,Federal Contract Tower,0,2,17,0,19,0,0,80,1,81,0,2,97,1,100,80,0,80,180
06/25/2016,BAF,MA,ANE,EN,Federal Contract Tower,0,0,10,0,10,0,0,82,0,82,0,0,92,0,92,104,0,104,196
06/26/2016,BAF,MA,ANE,EN,Federal Contract Tower,0,4,13,0,17,0,0,132,0,132,0,4,145,0,149,52,0,52,201
06/27/2016,BAF,MA,ANE,EN,Federal Contract Tower,0,3,12,1,16,0,0,42,2,44,0,3,54,3,60,66,16,82,142
06/28/2016,BAF,MA,ANE,EN,Federal Contract Tower,0,3,17,6,26,0,0,14,7,21,0,3,31,13,47,38,0,38,85
06/29/2016,BAF,MA,ANE,EN,Federal Contract Tower,0,4,14,1,19,0,0,39,2,41,0,4,53,3,60,64,4,68,128
06/30/2016,BAF,MA,ANE,EN,Federal Contract Tower,0,0,6,0,6,0,0,96,9,105,0,0,102,9,111,86,10,96,207
07/01/2016,BAF,MA,ANE,EN,Federal Contract Tower,2,1,12,0,15,0,0,43,0,43,2,1,55,0,58,34,0,34,92
07/02/2016,BAF,MA,ANE,EN,Federal Contract Tower,0,3,4,0,7,0,0,53,0,53,0,3,57,0,60,16,0,16,76
07/03/2016,BAF,MA,ANE,EN,Federal Contract Tower,0,2,12,0,14,0,0,86,0,86,0,2,98,0,100,42,0,42,142
07/04/2016,BAF,MA,ANE,EN,Federal Contract Tower,0,1,7,0,8,0,0,88,4,92,0,1,95,4,100,62,0,62,162
07/05/2016,BAF,MA,ANE,EN,Federal Contract Tower,0,0,16,2,18,0,0,37,0,37,0,0,53,2,55,38,0,38,93
07/06/2016,BAF,MA,ANE,EN,Federal Contract Tower,0,0,5,7,12,0,0,94,6,100,0,0,99,13,112,24,4,28,140
07/07/2016,BAF,MA,ANE,EN,Federal Contract Tower,0,0,8,2,10,0,0,42,6,48,0,0,50,8,58,22,4,26,84
07/08/2016,BAF,MA,ANE,EN,Federal Contract Tower,0,5,15,3,23,0,0,31,3,34,0,5,46,6,57,50,2,52,109
07/09/2016,BAF,MA,ANE,EN,Federal Contract Tower,0,3,8,0,11,0,0,18,0,18,0,3,26,0,29,42,0,42,71
07/10/2016,BAF,MA,ANE,EN,Federal Contract Tower,0,3,31,0,34,0,0,4,0,4,0,3,35,0,38,2,0,2,40
07/11/2016,BAF,MA,ANE,EN,Federal Contract Tower,0,1,15,1,17,0,0,84,3,87,0,1,99,4,104,80,0,80,184
07/12/2016,BAF,MA,ANE,EN,Federal Contract Tower,0,0,10,0,10,0,0,121,12,133,0,0,131,12,143,114,0,114,257
07/13/2016,BAF,MA,ANE,EN,Federal Contract Tower,0,2,5,5,12,0,0,70,4,74,0,2,75,9,86,60,18,78,164
07/14/2016,BAF,MA,ANE,EN,Federal Contract Tower,0,4,19,0,23,0,0,9,0,9,0,4,28,0,32,6,0,6,38
07/15/2016,BAF,MA,ANE,EN,Federal Contract Tower,0,0,8,0,8,0,0,53,8,61,0,0,61,8,69,32,2,34,103
07/16/2016,BAF,MA,ANE,EN,Federal Contract Tower,0,0,1,0,1,0,0,57,0,57,0,0,58,0,58,32,0,32,90
07/17/2016,BAF,MA,ANE,EN,Federal Contract Tower,0,0,14,0,14,0,0,70,0,70,0,0,84,0,84,30,0,30,114
07/18/2016,BAF,MA,ANE,EN,Federal Contract Tower,0,0,11,3,14,0,0,44,3,47,0,0,55,6,61,54,4,58,119
07/19/2016,BAF,MA,ANE,EN,Federal Contract Tower,0,1,10,5,16,0,0,61,10,71,0,1,71,15,87,56,6,62,149
07/20/2016,BAF,MA,ANE,EN,Federal Contract Tower,0,0,11,2,13,0,0,96,11,107,0,0,107,13,120,32,2,34,154
07/21/2016,BAF,MA,ANE,EN,Federal Contract Tower,0,4,4,3,11,0,0,114,10,124,0,4,118,13,135,82,0,82,217
07/22/2016,BAF,MA,ANE,EN,Federal Contract Tower,0,0,16,1,17,0,0,50,31,81,0,0,66,32,98,32,10,42,140
07/23/2016,BAF,MA,ANE,EN,Federal Contract Tower,0,0,6,0,6,0,0,34,0,34,0,0,40,0,40,38,4,42,82
07/24/2016,BAF,MA,ANE,EN,Federal Contract Tower,0,2,7,0,9,0,0,81,1,82,0,2,88,1,91,4,6,10,101
07/25/2016,BAF,MA,ANE,EN,Federal Contract Tower,0,0,17,0,17,0,0,58,0,58,0,0,75,0,75,30,0,30,105
07/26/2016,BAF,MA,ANE,EN,Federal Contract Tower,0,0,6,3,9,0,0,60,10,70,0,0,66,13,79,42,12,54,133
07/27/2016,BAF,MA,ANE,EN,Federal Contract Tower,0,2,11,6,19,0,0,78,9,87,0,2,89,15,106,64,8,72,178
07/28/2016,BAF,MA,ANE,EN,Federal Contract Tower,0,0,7,4,11,0,0,61,24,85,0,0,68,28,96,58,34,92,188
07/29/2016,BAF,MA,ANE,EN,Federal Contract Tower,0,5,6,2,13,0,0,48,4,52,0,5,54,6,65,40,0,40,105
07/30/2016,BAF,MA,ANE,EN,Federal Contract Tower,0,0,11,0,11,0,0,87,1,88,0,0,98,1,99,56,0,56,155
07/31/2016,BAF,MA,ANE,EN,Federal Contract Tower,0,0,29,0,29,0,0,3,0,3,0,0,32,0,32,0,0,0,32
08/01/2016,BAF,MA,ANE,EN,Federal Contract Tower,0,0,9,2,11,0,0,22,3,25,0,0,31,5,36,54,6,60,96
08/02/2016,BAF,MA,ANE,EN,Federal Contract Tower,0,1,15,6,22,0,0,32,2,34,0,1,47,8,56,54,2,56,112
08/03/2016,BAF,MA,ANE,EN,Federal Contract Tower,0,3,11,4,18,0,0,81,13,94,0,3,92,17,112,54,4,58,170
08/04/2016,BAF,MA,ANE,EN,Federal Contract Tower,0,4,11,5,20,0,0,90,9,99,0,4,101,14,119,36,2,38,157
08/05/2016,BAF,MA,ANE,EN,Federal Contract Tower,0,1,10,2,13,0,0,71,7,78,0,1,81,9,91,92,12,104,195
08/06/2016,BAF,MA,ANE,EN,Federal Contract Tower,0,2,3,0,5,0,0,28,2,30,0,2,31,2,35,26,0,26,61
08/07/2016,BAF,MA,ANE,EN,Federal Contract Tower,0,2,5,0,7,0,0,73,11,84,0,2,78,11,91,68,0,68,159
08/08/2016,BAF,MA,ANE,EN,Federal Contract Tower,0,2,6,2,10,0,0,65,2,67,0,2,71,4,77,46,12,58,135
08/09/2016,BAF,MA,ANE,EN,Federal Contract Tower,0,3,13,8,24,0,0,85,15,100,0,3,98,23,124,112,18,130,254
08/10/2016,BAF,MA,ANE,EN,Federal Contract Tower,0,4,11,4,19,0,0,11,0,11,0,4,22,4,30,40,18,58,88
08/11/2016,BAF,MA,ANE,EN,Federal Contract Tower,0,3,12,9,24,0,0,42,3,45,0,3,54,12,69,64,14,78,147
08/12/2016,BAF,MA,ANE,EN,Federal Contract Tower,0,3,7,5,15,0,0,26,3,29,0,3,33,8,44,16,16,32,76
08/13/2016,BAF,MA,ANE,EN,Federal Contract Tower,0,3,21,2,26,0,0,35,6,41,0,3,56,8,67,28,4,32,99
08/14/2016,BAF,MA,ANE,EN,Federal Contract Tower,0,0,14,4,18,0,0,54,4,58,0,0,68,8,76,12,36,48,124
08/15/2016,BAF,MA,ANE,EN,Federal Contract Tower,0,4,19,0,23,0,0,54,1,55,0,4,73,1,78,46,0,46,124
08/16/2016,BAF,MA,ANE,EN,Federal Contract Tower,0,0,11,1,12,0,0,34,2,36,0,0,45,3,48,54,0,54,102
08/17/2016,BAF,MA,ANE,EN,Federal Contract Tower,0,0,1,5,6,0,0,50,17,67,0,0,51,22,73,22,14,36,109
08/18/2016,BAF,MA,ANE,EN,Federal Contract Tower,0,0,3,6,9,0,0,73,14,87,0,0,76,20,96,66,12,78,174
08/19/2016,BAF,MA,ANE,EN,Federal Contract Tower,0,1,15,2,18,0,0,69,3,72,0,1,84,5,90,78,8,86,176
08/20/2016,BAF,MA,ANE,EN,Federal Contract Tower,0,1,11,1,13,0,0,72,6,78,0,1,83,7,91,44,2,46,137
08/21/2016,BAF,MA,ANE,EN,Federal Contract Tower,0,0,11,0,11,0,0,39,0,39,0,0,50,0,50,24,0,24,74
08/22/2016,BAF,MA,ANE,EN,Federal Contract Tower,0,0,11,6,17,0,0,56,2,58,0,0,67,8,75,58,14,72,147
08/23/2016,BAF,MA,ANE,EN,Federal Contract Tower,0,0,7,6,13,0,0,3,0,3,0,0,10,6,16,70,18,88,104
08/24/2016,BAF,MA,ANE,EN,Federal Contract Tower,0,1,15,6,22,0,0,86,11,97,0,1,101,17,119,80,22,102,221
08/25/2016,BAF,MA,ANE,EN,Federal Contract Tower,0,3,9,9,21,0,0,60,4,64,0,3,69,13,85,26,20,46,131
08/26/2016,BAF,MA,ANE,EN,Federal Contract Tower,0,3,21,3,27,0,0,33,4,37,0,3,54,7,64,78,8,86,150
08/27/2016,BAF,MA,ANE,EN,Federal Contract Tower,0,1,7,0,8,0,0,80,0,80,0,1,87,0,88,24,0,24,112
08/28/2016,BAF,MA,ANE,EN,Federal Contract Tower,0,0,11,0,11,0,0,101,0,101,0,0,112,0,112,40,0,40,152
08/29/2016,BAF,MA,ANE,EN,Federal Contract Tower,0,4,12,6,22,0,0,53,6,59,0,4,65,12,81,2,20,22,103
08/30/2016,BAF,MA,ANE,EN,Federal Contract Tower,0,1,16,6,23,0,0,72,6,78,0,1,88,12,101,72,6,78,179
08/31/2016,BAF,MA,ANE,EN,Federal Contract Tower,0,2,11,6,19,0,0,50,8,58,0,2,61,14,77,40,10,50,127
09/01/2016,BAF,MA,ANE,EN,Federal Contract Tower,0,1,7,5,13,0,0,54,8,62,0,1,61,13,75,80,16,96,171
09/02/2016,BAF,MA,ANE,EN,Federal Contract Tower,2,3,3,4,12,0,0,84,2,86,2,3,87,6,98,54,8,62,160
09/03/2016,BAF,MA,ANE,EN,Federal Contract Tower,0,2,6,0,8,0,0,75,0,75,0,2,81,0,83,48,0,48,131
09/04/2016,BAF,MA,ANE,EN,Federal Contract Tower,0,1,4,0,5,0,0,62,0,62,0,1,66,0,67,28,0,28,95
09/05/2016,BAF,MA,ANE,EN,Federal Contract Tower,0,0,10,0,10,0,0,52,0,52,0,0,62,0,62,24,0,24,86
09/06/2016,BAF,MA,ANE,EN,Federal Contract Tower,0,6,21,6,33,0,0,28,13,41,0,6,49,19,74,20,22,42,116
09/07/2016,BAF,MA,ANE,EN,Federal Contract Tower,0,3,23,11,37,0,0,33,4,37,0,3,56,15,74,38,18,56,130
09/08/2016,BAF,MA,ANE,EN,Federal Contract Tower,0,10,10,5,25,0,0,47,17,64,0,10,57,22,89,24,6,30,119
09/09/2016,BAF,MA,ANE,EN,Federal Contract Tower,0,6,19,6,31,0,0,71,6,77,0,6,90,12,108,42,10,52,160
09/10/2016,BAF,MA,ANE,EN,Federal Contract Tower,0,0,2,4,6,0,0,66,13,79,0,0,68,17,85,36,34,70,155
09/11/2016,BAF,MA,ANE,EN,Federal Contract Tower,0,0,5,4,9,0,0,34,5,39,0,0,39,9,48,2,16,18,66
09/12/2016,BAF,MA,ANE,EN,Federal Contract Tower,0,1,6,1,8,0,0,73,2,75,0,1,79,3,83,16,0,16,99
09/13/2016,BAF,MA,ANE,EN,Federal Contract Tower,0,1,16,17,34,0,0,86,20,106,0,1,102,37,140,52,26,78,218
09/14/2016,BAF,MA,ANE,EN,Federal Contract Tower,0,0,8,9,17,0,0,81,14,95,0,0,89,23,112,34,28,62,174
09/15/2016,BAF,MA,ANE,EN,Federal Contract Tower,0,2,9,6,17,0,0,100,5,105,0,2,109,11,122,46,8,54,176
09/16/2016,BAF,MA,ANE,EN,Federal Contract Tower,0,2,11,5,18,0,0,84,10,94,0,2,95,15,112,40,18,58,170
09/17/2016,BAF,MA,ANE,EN,Federal Contract Tower,0,0,3,0,3,0,0,66,0,66,0,0,69,0,69,56,0,56,125
09/18/2016,BAF,MA,ANE,EN,Federal Contract Tower,0,0,10,2,12,0,0,12,0,12,0,0,22,2,24,2,0,2,26
09/19/2016,BAF,MA,ANE,EN,Federal Contract Tower,0,3,5,2,10,0,0,1,1,2,0,3,6,3,12,0,0,0,12
09/20/2016,BAF,MA,ANE,EN,Federal Contract Tower,0,2,19,10,31,0,0,82,38,120,0,2,101,48,151,126,60,186,337
09/21/2016,BAF,MA,ANE,EN,Federal Contract Tower,0,1,4,8,13,0,0,81,29,110,0,1,85,37,123,64,32,96,219
09/22/2016,BAF,MA,ANE,EN,Federal Contract Tower,0,1,22,9,32,0,0,95,10,105,0,1,117,19,137,66,28,94,231
09/23/2016,BAF,MA,ANE,EN,Federal Contract Tower,0,5,21,5,31,0,0,62,12,74,0,5,83,17,105,44,8,52,157
09/24/2016,BAF,MA,ANE,EN,Federal Contract Tower,0,0,18,1,19,0,0,89,2,91,0,0,107,3,110,66,0,66,176
09/25/2016,BAF,MA,ANE,EN,Federal Contract Tower,0,2,8,3,13,0,0,115,8,123,0,2,123,11,136,10,18,28,164
09/26/2016,BAF,MA,ANE,EN,Federal Contract Tower,0,1,9,5,15,0,0,58,7,65,0,1,67,12,80,52,8,60,140
09/27/2016,BAF,MA,ANE,EN,Federal Contract Tower,0,1,12,5,18,0,0,45,13,58,0,1,57,18,76,24,42,66,142
09/28/2016,BAF,MA,ANE,EN,Federal Contract Tower,0,1,18,11,30,0,0,28,27,55,0,1,46,38,85,2,20,22,107
09/29/2016,BAF,MA,ANE,EN,Federal Contract Tower,0,3,8,9,20,0,0,40,15,55,0,3,48,24,75,28,28,56,131
09/30/2016,BAF,MA,ANE,EN,Federal Contract Tower,0,2,10,3,15,0,0,6,15,21,0,2,16,18,36,6,0,6,42
10/01/2016,BAF,MA,ANE,EN,Federal Contract Tower,0,1,4,2,7,0,0,0,0,0,0,1,4,2,7,0,0,0,7
10/02/2016,BAF,MA,ANE,EN,Federal Contract Tower,0,3,8,2,13,0,0,0,9,9,0,3,8,11,22,0,0,0,22
10/03/2016,BAF,MA,ANE,EN,Federal Contract Tower,0,8,33,0,41,0,0,37,0,37,0,8,70,0,78,26,0,26,104
10/04/2016,BAF,MA,ANE,EN,Federal Contract Tower,0,0,18,12,30,0,0,35,1,36,0,0,53,13,66,74,0,74,140
10/05/2016,BAF,MA,ANE,EN,Federal Contract Tower,0,1,18,9,28,0,0,86,19,105,0,1,104,28,133,74,18,92,225
10/06/2016,BAF,MA,ANE,EN,Federal Contract Tower,2,5,15,15,37,0,0,77,14,91,2,5,92,29,128,36,8,44,172
10/07/2016,BAF,MA,ANE,EN,Federal Contract Tower,0,4,5,6,15,0,9,45,9,63,0,13,50,15,78,32,14,46,124
10/08/2016,BAF,MA,ANE,EN,Federal Contract Tower,0,0,4,0,4,0,0,25,1,26,0,0,29,1,30,56,0,56,86
10/09/2016,BAF,MA,ANE,EN,Federal Contract Tower,0,2,10,0,12,0,0,3,0,3,0,2,13,0,15,18,0,18,33
10/10/2016,BAF,MA,ANE,EN,Federal Contract Tower,0,6,6,0,12,0,0,37,0,37,0,6,43,0,49,36,0,36,85
10/11/2016,BAF,MA,ANE,EN,Federal Contract Tower,0,0,13,14,27,0,0,86,3,89,0,0,99,17,116,90,44,134,250
10/12/2016,BAF,MA,ANE,EN,Federal Contract Tower,0,0,12,14,26,0,0,62,22,84,0,0,74,36,110,32,28,60,170
10/13/2016,BAF,MA,ANE,EN,Federal Contract Tower,0,7,10,11,28,0,0,44,16,60,0,7,54,27,88,42,14,56,144
10/14/2016,BAF,MA,ANE,EN,Federal Contract Tower,0,4,10,6,20,0,0,67,22,89,0,4,77,28,109,34,6,40,149
10/15/2016,BAF,MA,ANE,EN,Federal Contract Tower,0,1,4,11,16,0,0,58,14,72,0,1,62,25,88,28,26,54,142
10/16/2016,BAF,MA,ANE,EN,Federal Contract Tower,0,1,11,4,16,0,0,39,4,43,0,1,50,8,59,36,8,44,103
10/17/2016,BAF,MA,ANE,EN,Federal Contract Tower,0,0,13,0,13,0,0,31,0,31,0,0,44,0,44,52,0,52,96
10/18/2016,BAF,MA,ANE,EN,Federal Contract Tower,0,0,12,15,27,0,0,63,16,79,0,0,75,31,106,20,2,22,128
10/19/2016,BAF,MA,ANE,EN,Federal Contract Tower,0,0,1,12,13,0,0,64,26,90,0,0,65,38,103,32,30,62,165
10/20/2016,BAF,MA,ANE,EN,Federal Contract Tower,0,3,8,12,23,0,0,44,20,64,0,3,52,32,87,50,10,60,147
10/21/2016,BAF,MA,ANE,EN,Federal Contract Tower,2,5,13,4,24,0,0,0,4,4,2,5,13,8,28,0,0,0,28
10/22/2016,BAF,MA,ANE,EN,Federal Contract Tower,2,4,5,0,11,0,0,7,0,7,2,4,12,0,18,0,0,0,18
10/23/2016,BAF,MA,ANE,EN,Federal Contract Tower,0,3,4,2,9,0,0,13,4,17,0,3,17,6,26,0,0,0,26
10/24/2016,BAF,MA,ANE,EN,Federal Contract Tower,0,1,7,9,17,0,0,13,14,27,0,1,20,23,44,2,24,26,70
10/25/2016,BAF,MA,ANE,EN,Federal Contract Tower,0,2,6,11,19,0,0,54,23,77,0,2,60,34,96,16,26,42,138
10/26/2016,BAF,MA,ANE,EN,Federal Contract Tower,0,0,11,18,29,0,0,30,19,49,0,0,41,37,78,36,36,72,150
10/27/2016,BAF,MA,ANE,EN,Federal Contract Tower,0,0,8,6,14,0,0,3,0,3,0,0,11,6,17,2,10,12,29
10/28/2016,BAF,MA,ANE,EN,Federal Contract Tower,0,3,14,5,22,0,0,19,10,29,0,3,33,15,51,16,0,16,67
10/29/2016,BAF,MA,ANE,EN,Federal Contract Tower,0,0,4,2,6,0,0,79,0,79,0,0,83,2,85,82,0,82,167
10/30/2016,BAF,MA,ANE,EN,Federal Contract Tower,0,4,11,0,15,0,0,56,0,56,0,4,67,0,71,34,0,34,105
10/31/2016,BAF,MA,ANE,EN,Federal Contract Tower,0,2,2,5,9,0,0,39,2,41,0,2,41,7,50,18,6,24,74
11/01/2016,BAF,MA,ANE,EN,Federal Contract Tower,0,0,13,2,15,0,0,68,6,74,0,0,81,8,89,42,20,62,151
11/02/2016,BAF,MA,ANE,EN,Federal Contract Tower,0,1,5,2,8,0,0,55,8,63,0,1,60,10,71,60,4,64,135
11/03/2016,BAF,MA,ANE,EN,Federal Contract Tower,0,8,6,15,29,0,0,12,0,12,0,8,18,15,41,20,0,20,61
11/04/2016,BAF,MA,ANE,EN,Federal Contract Tower,2,3,10,24,39,0,0,55,19,74,2,3,65,43,113,38,32,70,183
11/05/2016,BAF,MA,ANE,EN,Federal Contract Tower,0,0,13,11,24,0,0,67,10,77,0,0,80,21,101,56,18,74,175
11/06/2016,BAF,MA,ANE,EN,Federal Contract Tower,0,1,11,1,13,0,0,36,5,41,0,1,47,6,54,20,0,20,74
11/07/2016,BAF,MA,ANE,EN,Federal Contract Tower,0,2,12,2,16,0,0,40,0,40,0,2,52,2,56,48,0,48,104
11/08/2016,BAF,MA,ANE,EN,Federal Contract Tower,0,4,11,4,19,0,0,82,16,98,0,4,93,20,117,72,6,78,195
11/09/2016,BAF,MA,ANE,EN,Federal Contract Tower,0,4,14,10,28,0,0,8,13,21,0,4,22,23,49,6,46,52,101
11/10/2016,BAF,MA,ANE,EN,Federal Contract Tower,0,2,8,9,19,0,0,43,9,52,0,2,51,18,71,44,12,56,127
11/11/2016,BAF,MA,ANE,EN,Federal Contract Tower,0,0,8,0,8,0,0,26,3,29,0,0,34,3,37,26,0,26,63
11/12/2016,BAF,MA,ANE,EN,Federal Contract Tower,0,1,3,0,4,0,0,61,5,66,0,1,64,5,70,50,0,50,120
11/13/2016,BAF,MA,ANE,EN,Federal Contract Tower,0,0,11,0,11,0,1,75,0,76,0,1,86,0,87,40,0,40,127
11/14/2016,BAF,MA,ANE,EN,Federal Contract Tower,0,2,5,8,15,0,1,60,4,65,0,3,65,12,80,30,0,30,110
11/15/2016,BAF,MA,ANE,EN,Federal Contract Tower,0,3,9,5,17,0,0,4,5,9,0,3,13,10,26,8,2,10,36
11/16/2016,BAF,MA,ANE,EN,Federal Contract Tower,0,0,14,9,23,0,0,40,28,68,0,0,54,37,91,46,18,64,155
11/17/2016,BAF,MA,ANE,EN,Federal Contract Tower,2,6,7,11,26,0,0,45,10,55,2,6,52,21,81,78,14,92,173
11/18/2016,BAF,MA,ANE,EN,Federal Contract Tower,0,1,4,5,10,0,0,85,18,103,0,1,89,23,113,70,0,70,183
11/19/2016,BAF,MA,ANE,EN,Federal Contract Tower,0,2,8,0,10,0,0,106,0,106,0,2,114,0,116,94,0,94,210
11/20/2016,BAF,MA,ANE,EN,Federal Contract Tower,0,3,4,0,7,0,0,0,0,0,0,3,4,0,7,0,0,0,7
11/21/2016,BAF,MA,ANE,EN,Federal Contract Tower,0,2,2,9,13,0,0,0,3,3,0,2,2,12,16,0,0,0,16
11/22/2016,BAF,MA,ANE,EN,Federal Contract Tower,0,7,6,15,28,0,1,7,14,22,0,8,13,29,50,0,8,8,58
11/23/2016,BAF,MA,ANE,EN,Federal Contract Tower,0,1,8,6,15,0,0,75,6,81,0,1,83,12,96,104,0,104,200
11/24/2016,BAF,MA,ANE,EN,Federal Contract Tower,0,1,0,0,1,0,0,0,0,0,0,1,0,0,1,0,0,0,1
11/25/2016,BAF,MA,ANE,EN,Federal Contract Tower,0,5,12,0,17,0,0,0,0,0,0,5,12,0,17,0,0,0,17
11/26/2016,BAF,MA,ANE,EN,Federal Contract Tower,0,0,6,0,6,0,0,10,0,10,0,0,16,0,16,2,0,2,18
11/27/2016,BAF,MA,ANE,EN,Federal Contract Tower,4,2,1,0,7,0,0,59,0,59,4,2,60,0,66,56,0,56,122
11/28/2016,BAF,MA,ANE,EN,Federal Contract Tower,0,8,12,9,29,0,0,69,12,81,0,8,81,21,110,60,26,86,196
11/29/2016,BAF,MA,ANE,EN,Federal Contract Tower,0,2,8,8,18,0,0,0,0,0,0,2,8,8,18,0,0,0,18
11/30/2016,BAF,MA,ANE,EN,Federal Contract Tower,0,2,6,14,22,0,0,0,9,9,0,2,6,23,31,0,6,6,37
12/01/2016,BAF,MA,ANE,EN,Federal Contract Tower,0,2,6,13,21,0,0,47,32,79,0,2,53,45,100,54,30,84,184
12/02/2016,BAF,MA,ANE,EN,Federal Contract Tower,0,4,8,10,22,0,0,55,30,85,0,4,63,40,107,34,32,66,173
12/03/2016,BAF,MA,ANE,EN,Federal Contract Tower,0,0,0,12,12,0,0,27,16,43,0,0,27,28,55,20,32,52,107
12/04/2016,BAF,MA,ANE,EN,Federal Contract Tower,0,4,17,3,24,0,0,110,14,124,0,4,127,17,148,76,0,76,224
12/05/2016,BAF,MA,ANE,EN,Federal Contract Tower,0,0,9,0,9,0,0,4,0,4,0,0,13,0,13,6,0,6,19
12/06/2016,BAF,MA,ANE,EN,Federal Contract Tower,0,1,8,10,19,0,0,45,18,63,0,1,53,28,82,20,20,40,122
12/07/2016,BAF,MA,ANE,EN,Federal Contract Tower,0,0,4,6,10,0,0,0,0,0,0,0,4,6,10,4,4,8,18
12/08/2016,BAF,MA,ANE,EN,Federal Contract Tower,0,0,9,11,20,0,0,28,10,38,0,0,37,21,58,34,4,38,96
12/09/2016,BAF,MA,ANE,EN,Federal Contract Tower,0,2,7,0,9,0,0,25,2,27,0,2,32,2,36,2,10,12,48
12/10/2016,BAF,MA,ANE,EN,Federal Contract Tower,0,0,7,0,7,0,0,56,0,56,0,0,63,0,63,58,0,58,121
12/11/2016,BAF,MA,ANE,EN,Federal Contract Tower,0,1,14,0,15,0,0,63,0,63,0,1,77,0,78,60,0,60,138
12/12/2016,BAF,MA,ANE,EN,Federal Contract Tower,0,11,9,3,23,0,0,0,4,4,0,11,9,7,27,0,8,8,35
12/13/2016,BAF,MA,ANE,EN,Federal Contract Tower,0,0,8,7,15,0,0,64,20,84,0,0,72,27,99,16,20,36,135
12/14/2016,BAF,MA,ANE,EN,Federal Contract Tower,0,5,16,13,34,0,0,47,13,60,0,5,63,26,94,40,42,82,176
12/15/2016,BAF,MA,ANE,EN,Federal Contract Tower,0,2,6,4,12,0,0,4,4,8,0,2,10,8,20,0,0,0,20
12/16/2016,BAF,MA,ANE,EN,Federal Contract Tower,0,0,12,7,19,0,0,33,7,40,0,0,45,14,59,36,2,38,97
12/17/2016,BAF,MA,ANE,EN,Federal Contract Tower,0,0,0,0,0,0,0,0,0,0,0,0,0,0,0,0,0,0,0
12/18/2016,BAF,MA,ANE,EN,Federal Contract Tower,0,0,0,0,0,0,0,0,0,0,0,0,0,0,0,0,0,0,0
12/19/2016,BAF,MA,ANE,EN,Federal Contract Tower,0,2,6,11,19,0,0,17,1,18,0,2,23,12,37,8,4,12,49
12/20/2016,BAF,MA,ANE,EN,Federal Contract Tower,0,0,6,7,13,0,0,52,23,75,0,0,58,30,88,64,18,82,170
12/21/2016,BAF,MA,ANE,EN,Federal Contract Tower,0,2,8,16,26,0,0,51,51,102,0,2,59,67,128,28,26,54,182
12/22/2016,BAF,MA,ANE,EN,Federal Contract Tower,0,2,16,12,30,0,0,22,8,30,0,2,38,20,60,20,10,30,90
12/23/2016,BAF,MA,ANE,EN,Federal Contract Tower,0,1,3,0,4,0,0,38,1,39,0,1,41,1,43,42,0,42,85
12/24/2016,BAF,MA,ANE,EN,Federal Contract Tower,0,1,0,0,1,0,0,0,0,0,0,1,0,0,1,0,0,0,1
12/25/2016,BAF,MA,ANE,EN,Federal Contract Tower,0,0,1,0,1,0,0,7,0,7,0,0,8,0,8,6,0,6,14
12/26/2016,BAF,MA,ANE,EN,Federal Contract Tower,0,0,3,0,3,0,0,19,0,19,0,0,22,0,22,12,0,12,34
12/27/2016,BAF,MA,ANE,EN,Federal Contract Tower,0,2,2,0,4,0,0,8,0,8,0,2,10,0,12,10,6,16,28
12/28/2016,BAF,MA,ANE,EN,Federal Contract Tower,0,3,8,2,13,0,0,24,8,32,0,3,32,10,45,24,2,26,71
12/29/2016,BAF,MA,ANE,EN,Federal Contract Tower,0,0,3,0,3,0,0,0,0,0,0,0,3,0,3,0,0,0,3
12/30/2016,BAF,MA,ANE,EN,Federal Contract Tower,0,1,3,0,4,0,0,13,3,16,0,1,16,3,20,4,6,10,30
12/31/2016,BAF,MA,ANE,EN,Federal Contract Tower,0,0,1,0,1,0,0,46,0,46,0,0,47,0,47,26,0,26,73
01/01/2017,BAF,MA,ANE,EN,Federal Contract Tower,0,2,4,0,6,0,0,28,0,28,0,2,32,0,34,2,0,2,36
01/02/2017,BAF,MA,ANE,EN,Federal Contract Tower,0,2,4,0,6,0,0,48,0,48,0,2,52,0,54,58,0,58,112
01/03/2017,BAF,MA,ANE,EN,Federal Contract Tower,0,1,8,0,9,0,0,0,0,0,0,1,8,0,9,0,0,0,9
01/04/2017,BAF,MA,ANE,EN,Federal Contract Tower,0,0,15,7,22,0,0,10,8,18,0,0,25,15,40,38,14,52,92
01/05/2017,BAF,MA,ANE,EN,Federal Contract Tower,0,1,8,9,18,0,0,31,13,44,0,1,39,22,62,24,2,26,88
01/06/2017,BAF,MA,ANE,EN,Federal Contract Tower,0,1,3,3,7,0,0,24,9,33,0,1,27,12,40,22,6,28,68
01/07/2017,BAF,MA,ANE,EN,Federal Contract Tower,0,0,0,3,3,0,0,10,12,22,0,0,10,15,25,8,0,8,33
01/08/2017,BAF,MA,ANE,EN,Federal Contract Tower,0,1,10,0,11,0,0,30,2,32,0,1,40,2,43,58,0,58,101
01/09/2017,BAF,MA,ANE,EN,Federal Contract Tower,0,1,6,6,13,0,0,19,1,20,0,1,25,7,33,32,12,44,77
01/10/2017,BAF,MA,ANE,EN,Federal Contract Tower,2,2,7,9,20,0,0,21,13,34,2,2,28,22,54,4,0,4,58
01/11/2017,BAF,MA,ANE,EN,Federal Contract Tower,0,1,10,9,20,0,0,46,27,73,0,1,56,36,93,46,26,72,165
01/12/2017,BAF,MA,ANE,EN,Federal Contract Tower,0,2,9,12,23,0,0,20,10,30,0,2,29,22,53,16,4,20,73
01/13/2017,BAF,MA,ANE,EN,Federal Contract Tower,0,3,11,7,21,0,0,31,11,42,0,3,42,18,63,14,12,26,89
01/14/2017,BAF,MA,ANE,EN,Federal Contract Tower,0,0,3,0,3,0,0,46,1,47,0,0,49,1,50,32,0,32,82
01/15/2017,BAF,MA,ANE,EN,Federal Contract Tower,0,0,7,1,8,0,0,95,1,96,0,0,102,2,104,92,0,92,196
01/16/2017,BAF,MA,ANE,EN,Federal Contract Tower,0,3,12,1,16,0,0,61,0,61,0,3,73,1,77,42,0,42,119
01/17/2017,BAF,MA,ANE,EN,Federal Contract Tower,0,2,10,10,22,0,0,15,13,28,0,2,25,23,50,20,28,48,98
01/18/2017,BAF,MA,ANE,EN,Federal Contract Tower,0,1,7,2,10,0,0,0,2,2,0,1,7,4,12,0,10,10,22
01/19/2017,BAF,MA,ANE,EN,Federal Contract Tower,0,2,1,5,8,0,0,31,16,47,0,2,32,21,55,8,8,16,71
01/20/2017,BAF,MA,ANE,EN,Federal Contract Tower,0,1,14,4,19,0,0,34,9,43,0,1,48,13,62,30,0,30,92
01/21/2017,BAF,MA,ANE,EN,Federal Contract Tower,0,0,15,0,15,0,0,55,0,55,0,0,70,0,70,66,0,66,136
01/22/2017,BAF,MA,ANE,EN,Federal Contract Tower,0,1,8,0,9,0,0,5,0,5,0,1,13,0,14,0,0,0,14
01/23/2017,BAF,MA,ANE,EN,Federal Contract Tower,0,1,3,0,4,0,0,4,0,4,0,1,7,0,8,0,0,0,8
01/24/2017,BAF,MA,ANE,EN,Federal Contract Tower,0,5,1,2,8,0,0,0,0,0,0,5,1,2,8,0,0,0,8
01/25/2017,BAF,MA,ANE,EN,Federal Contract Tower,0,3,3,2,8,0,0,14,5,19,0,3,17,7,27,24,0,24,51
01/26/2017,BAF,MA,ANE,EN,Federal Contract Tower,2,1,4,2,9,0,0,18,8,26,2,1,22,10,35,0,4,4,39
01/27/2017,BAF,MA,ANE,EN,Federal Contract Tower,0,0,2,1,3,0,0,18,2,20,0,0,20,3,23,2,0,2,25
01/28/2017,BAF,MA,ANE,EN,Federal Contract Tower,1,1,10,0,12,0,0,63,0,63,1,1,73,0,75,52,0,52,127
01/29/2017,BAF,MA,ANE,EN,Federal Contract Tower,0,1,17,0,18,0,0,92,0,92,0,1,109,0,110,58,0,58,168
01/30/2017,BAF,MA,ANE,EN,Federal Contract Tower,0,2,5,0,7,0,0,31,2,33,0,2,36,2,40,32,0,32,72
01/31/2017,BAF,MA,ANE,EN,Federal Contract Tower,0,0,10,2,12,0,0,3,1,4,0,0,13,3,16,26,4,30,46
02/01/2017,BAF,MA,ANE,EN,Federal Contract Tower,0,3,4,0,7,0,0,14,2,16,0,3,18,2,23,6,16,22,45
02/02/2017,BAF,MA,ANE,EN,Federal Contract Tower,0,4,12,5,21,0,0,12,3,15,0,4,24,8,36,6,22,28,64
02/03/2017,BAF,MA,ANE,EN,Federal Contract Tower,0,4,11,4,19,0,0,54,8,62,0,4,65,12,81,32,0,32,113
02/04/2017,BAF,MA,ANE,EN,Federal Contract Tower,0,3,7,6,16,0,0,50,6,56,0,3,57,12,72,40,0,40,112
02/05/2017,BAF,MA,ANE,EN,Federal Contract Tower,0,2,7,1,10,0,0,37,0,37,0,2,44,1,47,12,0,12,59
02/06/2017,BAF,MA,ANE,EN,Federal Contract Tower,0,5,10,2,17,0,2,35,0,37,0,7,45,2,54,16,0,16,70
02/07/2017,BAF,MA,ANE,EN,Federal Contract Tower,0,1,3,0,4,0,0,0,0,0,0,1,3,0,4,0,0,0,4
02/08/2017,BAF,MA,ANE,EN,Federal Contract Tower,0,1,4,7,12,0,0,21,3,24,0,1,25,10,36,6,8,14,50
02/09/2017,BAF,MA,ANE,EN,Federal Contract Tower,0,0,0,0,0,0,0,0,0,0,0,0,0,0,0,0,0,0,0
02/10/2017,BAF,MA,ANE,EN,Federal Contract Tower,0,3,2,0,5,0,0,4,0,4,0,3,6,0,9,0,0,0,9
02/11/2017,BAF,MA,ANE,EN,Federal Contract Tower,0,2,6,5,13,0,0,2,6,8,0,2,8,11,21,0,4,4,25
02/12/2017,BAF,MA,ANE,EN,Federal Contract Tower,0,0,2,1,3,0,0,0,4,4,0,0,2,5,7,0,0,0,7
02/13/2017,BAF,MA,ANE,EN,Federal Contract Tower,0,0,5,2,7,0,0,0,6,6,0,0,5,8,13,0,0,0,13
02/14/2017,BAF,MA,ANE,EN,Federal Contract Tower,0,3,16,1,20,0,0,50,8,58,0,3,66,9,78,56,10,66,144
02/15/2017,BAF,MA,ANE,EN,Federal Contract Tower,0,0,8,4,12,0,0,1,9,10,0,0,9,13,22,8,0,8,30
02/16/2017,BAF,MA,ANE,EN,Federal Contract Tower,0,4,4,7,15,0,0,10,6,16,0,4,14,13,31,10,10,20,51
02/17/2017,BAF,MA,ANE,EN,Federal Contract Tower,0,0,5,2,7,0,0,35,2,37,0,0,40,4,44,44,4,48,92
02/18/2017,BAF,MA,ANE,EN,Federal Contract Tower,0,1,11,1,13,0,0,64,0,64,0,1,75,1,77,58,0,58,135
02/19/2017,BAF,MA,ANE,EN,Federal Contract Tower,0,0,4,0,4,0,0,90,0,90,0,0,94,0,94,68,0,68,162
02/20/2017,BAF,MA,ANE,EN,Federal Contract Tower,0,0,10,0,10,0,0,85,0,85,0,0,95,0,95,44,0,44,139
02/21/2017,BAF,MA,ANE,EN,Federal Contract Tower,0,4,18,6,28,0,0,56,9,65,0,4,74,15,93,42,10,52,145
02/22/2017,BAF,MA,ANE,EN,Federal Contract Tower,0,2,9,9,20,0,0,71,11,82,0,2,80,20,102,72,20,92,194
02/23/2017,BAF,MA,ANE,EN,Federal Contract Tower,0,1,14,7,22,0,4,95,10,109,0,5,109,17,131,66,4,70,201
02/24/2017,BAF,MA,ANE,EN,Federal Contract Tower,0,2,6,6,14,0,0,26,15,41,0,2,32,21,55,20,28,48,103
02/25/2017,BAF,MA,ANE,EN,Federal Contract Tower,0,1,11,0,12,0,0,4,0,4,0,1,15,0,16,0,0,0,16
02/26/2017,BAF,MA,ANE,EN,Federal Contract Tower,0,5,1,0,6,0,0,19,0,19,0,5,20,0,25,20,0,20,45
02/27/2017,BAF,MA,ANE,EN,Federal Contract Tower,0,1,7,0,8,0,0,20,0,20,0,1,27,0,28,30,0,30,58
02/28/2017,BAF,MA,ANE,EN,Federal Contract Tower,1,2,11,8,22,0,0,44,19,63,1,2,55,27,85,58,16,74,159
03/01/2017,BAF,MA,ANE,EN,Federal Contract Tower,0,0,3,7,10,0,0,0,3,3,0,0,3,10,13,0,0,0,13
03/02/2017,BAF,MA,ANE,EN,Federal Contract Tower,0,0,10,0,10,0,0,0,0,0,0,0,10,0,10,0,2,2,12
03/03/2017,BAF,MA,ANE,EN,Federal Contract Tower,0,0,5,3,8,0,0,16,13,29,0,0,21,16,37,4,12,16,53
03/04/2017,BAF,MA,ANE,EN,Federal Contract Tower,0,2,6,0,8,0,0,9,0,9,0,2,15,0,17,2,0,2,19
03/05/2017,BAF,MA,ANE,EN,Federal Contract Tower,0,0,14,0,14,0,0,35,5,40,0,0,49,5,54,34,0,34,88
03/06/2017,BAF,MA,ANE,EN,Federal Contract Tower,0,4,7,0,11,0,0,81,0,81,0,4,88,0,92,48,0,48,140
03/07/2017,BAF,MA,ANE,EN,Federal Contract Tower,0,0,17,8,25,0,0,0,0,0,0,0,17,8,25,0,0,0,25
03/08/2017,BAF,MA,ANE,EN,Federal Contract Tower,0,1,13,6,20,0,0,40,10,50,0,1,53,16,70,22,6,28,98
03/09/2017,BAF,MA,ANE,EN,Federal Contract Tower,0,1,3,6,10,0,0,13,16,29,0,1,16,22,39,22,0,22,61
03/10/2017,BAF,MA,ANE,EN,Federal Contract Tower,0,0,13,0,13,0,0,7,2,9,0,0,20,2,22,20,0,20,42
03/11/2017,BAF,MA,ANE,EN,Federal Contract Tower,0,0,9,0,9,0,0,11,8,19,0,0,20,8,28,4,0,4,32
03/12/2017,BAF,MA,ANE,EN,Federal Contract Tower,0,1,5,0,6,0,0,36,0,36,0,1,41,0,42,8,0,8,50
03/13/2017,BAF,MA,ANE,EN,Federal Contract Tower,0,0,26,7,33,0,0,67,12,79,0,0,93,19,112,52,16,68,180
03/14/2017,BAF,MA,ANE,EN,Federal Contract Tower,0,0,0,0,0,0,0,0,0,0,0,0,0,0,0,0,0,0,0
03/15/2017,BAF,MA,ANE,EN,Federal Contract Tower,0,2,1,4,7,0,0,0,0,0,0,2,1,4,7,0,0,0,7
03/16/2017,BAF,MA,ANE,EN,Federal Contract Tower,0,1,2,11,14,0,0,11,0,11,0,1,13,11,25,12,6,18,43
03/17/2017,BAF,MA,ANE,EN,Federal Contract Tower,0,1,12,8,21,0,0,34,13,47,0,1,46,21,68,6,0,6,74
03/18/2017,BAF,MA,ANE,EN,Federal Contract Tower,0,0,6,0,6,0,0,58,3,61,0,0,64,3,67,50,0,50,117
03/19/2017,BAF,MA,ANE,EN,Federal Contract Tower,0,2,2,0,4,0,0,33,0,33,0,2,35,0,37,26,0,26,63
03/20/2017,BAF,MA,ANE,EN,Federal Contract Tower,0,4,6,0,10,0,0,58,0,58,0,4,64,0,68,84,0,84,152
03/21/2017,BAF,MA,ANE,EN,Federal Contract Tower,0,2,17,7,26,0,0,105,9,114,0,2,122,16,140,96,8,104,244
03/22/2017,BAF,MA,ANE,EN,Federal Contract Tower,0,1,2,9,12,0,0,2,10,12,0,1,4,19,24,0,0,0,24
03/23/2017,BAF,MA,ANE,EN,Federal Contract Tower,0,3,10,6,19,0,0,79,15,94,0,3,89,21,113,66,2,68,181
03/24/2017,BAF,MA,ANE,EN,Federal Contract Tower,0,1,4,6,11,0,0,13,18,31,0,1,17,24,42,32,36,68,110
03/25/2017,BAF,MA,ANE,EN,Federal Contract Tower,0,0,6,0,6,0,0,19,0,19,0,0,25,0,25,18,0,18,43
03/26/2017,BAF,MA,ANE,EN,Federal Contract Tower,0,1,3,0,4,0,0,16,0,16,0,1,19,0,20,4,0,4,24
03/27/2017,BAF,MA,ANE,EN,Federal Contract Tower,0,2,4,2,8,0,0,0,0,0,0,2,4,2,8,0,0,0,8
03/28/2017,BAF,MA,ANE,EN,Federal Contract Tower,0,0,7,0,7,0,0,0,0,0,0,0,7,0,7,0,0,0,7
03/29/2017,BAF,MA,ANE,EN,Federal Contract Tower,0,2,11,12,25,0,0,41,28,69,0,2,52,40,94,44,28,72,166
03/30/2017,BAF,MA,ANE,EN,Federal Contract Tower,0,1,15,7,23,0,0,64,14,78,0,1,79,21,101,30,12,42,143
03/31/2017,BAF,MA,ANE,EN,Federal Contract Tower,0,0,3,0,3,0,0,0,0,0,0,0,3,0,3,0,0,0,3
04/01/2017,BAF,MA,ANE,EN,Federal Contract Tower,0,0,2,0,2,0,0,0,0,0,0,0,2,0,2,0,0,0,2
04/02/2017,BAF,MA,ANE,EN,Federal Contract Tower,0,0,8,6,14,0,0,100,15,115,0,0,108,21,129,38,22,60,189
04/03/2017,BAF,MA,ANE,EN,Federal Contract Tower,0,2,14,2,18,0,0,63,3,66,0,2,77,5,84,68,4,72,156
04/04/2017,BAF,MA,ANE,EN,Federal Contract Tower,0,3,12,11,26,0,0,0,0,0,0,3,12,11,26,0,0,0,26
04/05/2017,BAF,MA,ANE,EN,Federal Contract Tower,0,0,25,12,37,0,0,46,13,59,0,0,71,25,96,44,8,52,148
04/06/2017,BAF,MA,ANE,EN,Federal Contract Tower,0,0,6,6,12,0,0,0,6,6,0,0,6,12,18,0,0,0,18
04/07/2017,BAF,MA,ANE,EN,Federal Contract Tower,0,1,9,9,19,0,0,20,15,35,0,1,29,24,54,46,4,50,104
04/08/2017,BAF,MA,ANE,EN,Federal Contract Tower,0,1,6,0,7,0,0,40,0,40,0,1,46,0,47,6,0,6,53
04/09/2017,BAF,MA,ANE,EN,Federal Contract Tower,0,0,8,0,8,0,0,120,0,120,0,0,128,0,128,120,0,120,248
04/10/2017,BAF,MA,ANE,EN,Federal Contract Tower,0,0,8,8,16,0,0,72,14,86,0,0,80,22,102,28,22,50,152
04/11/2017,BAF,MA,ANE,EN,Federal Contract Tower,0,0,5,13,18,0,0,100,24,124,0,0,105,37,142,120,16,136,278
04/12/2017,BAF,MA,ANE,EN,Federal Contract Tower,0,1,9,7,17,0,0,31,8,39,0,1,40,15,56,26,20,46,102
04/13/2017,BAF,MA,ANE,EN,Federal Contract Tower,0,3,9,8,20,0,0,42,10,52,0,3,51,18,72,14,6,20,92
04/14/2017,BAF,MA,ANE,EN,Federal Contract Tower,0,2,5,5,12,0,0,77,4,81,0,2,82,9,93,60,4,64,157
04/15/2017,BAF,MA,ANE,EN,Federal Contract Tower,0,1,22,0,23,0,0,80,0,80,0,1,102,0,103,36,0,36,139
04/16/2017,BAF,MA,ANE,EN,Federal Contract Tower,0,0,1,0,1,0,0,18,0,18,0,0,19,0,19,14,0,14,33
04/17/2017,BAF,MA,ANE,EN,Federal Contract Tower,0,1,10,2,13,0,0,44,0,44,0,1,54,2,57,28,0,28,85
04/18/2017,BAF,MA,ANE,EN,Federal Contract Tower,0,0,11,6,17,0,0,79,12,91,0,0,90,18,108,74,18,92,200
04/19/2017,BAF,MA,ANE,EN,Federal Contract Tower,0,2,12,6,20,0,0,31,5,36,0,2,43,11,56,18,4,22,78
04/20/2017,BAF,MA,ANE,EN,Federal Contract Tower,0,0,15,5,20,0,0,39,4,43,0,0,54,9,63,40,0,40,103
04/21/2017,BAF,MA,ANE,EN,Federal Contract Tower,0,3,4,3,10,0,0,0,2,2,0,3,4,5,12,0,4,4,16
04/22/2017,BAF,MA,ANE,EN,Federal Contract Tower,0,0,16,0,16,0,0,45,5,50,0,0,61,5,66,64,6,70,136
04/23/2017,BAF,MA,ANE,EN,Federal Contract Tower,0,1,13,0,14,0,0,120,5,125,0,1,133,5,139,70,28,98,237
04/24/2017,BAF,MA,ANE,EN,Federal Contract Tower,0,2,8,6,16,0,0,65,1,66,0,2,73,7,82,58,14,72,154
04/25/2017,BAF,MA,ANE,EN,Federal Contract Tower,0,3,4,7,14,0,0,0,0,0,0,3,4,7,14,4,0,4,18
04/26/2017,BAF,MA,ANE,EN,Federal Contract Tower,0,2,11,9,22,0,0,0,16,16,0,2,11,25,38,2,14,16,54
04/27/2017,BAF,MA,ANE,EN,Federal Contract Tower,0,0,15,20,35,0,0,12,11,23,0,0,27,31,58,32,0,32,90
04/28/2017,BAF,MA,ANE,EN,Federal Contract Tower,0,3,8,1,12,0,0,48,1,49,0,3,56,2,61,106,6,112,173
04/29/2017,BAF,MA,ANE,EN,Federal Contract Tower,0,0,1,0,1,0,0,86,0,86,0,0,87,0,87,60,2,62,149
04/30/2017,BAF,MA,ANE,EN,Federal Contract Tower,0,4,14,0,18,0,0,80,0,80,0,4,94,0,98,54,0,54,152
05/01/2017,BAF,MA,ANE,EN,Federal Contract Tower,0,1,11,8,20,0,0,4,8,12,0,1,15,16,32,16,4,20,52
05/02/2017,BAF,MA,ANE,EN,Federal Contract Tower,0,0,7,2,9,0,0,18,5,23,0,0,25,7,32,2,0,2,34
05/03/2017,BAF,MA,ANE,EN,Federal Contract Tower,0,3,8,9,20,0,0,119,17,136,0,3,127,26,156,74,22,96,252
05/04/2017,BAF,MA,ANE,EN,Federal Contract Tower,0,1,8,6,15,0,0,88,6,94,0,1,96,12,109,110,4,114,223
05/05/2017,BAF,MA,ANE,EN,Federal Contract Tower,0,0,2,0,2,0,0,0,0,0,0,0,2,0,2,0,0,0,2
05/06/2017,BAF,MA,ANE,EN,Federal Contract Tower,0,1,10,6,17,0,0,43,14,57,0,1,53,20,74,26,28,54,128
05/07/2017,BAF,MA,ANE,EN,Federal Contract Tower,0,2,7,1,10,0,0,41,4,45,0,2,48,5,55,54,16,70,125
05/08/2017,BAF,MA,ANE,EN,Federal Contract Tower,0,0,9,0,9,0,0,20,0,20,0,0,29,0,29,72,0,72,101
05/09/2017,BAF,MA,ANE,EN,Federal Contract Tower,0,0,8,12,20,0,0,80,1,81,0,0,88,13,101,84,0,84,185
05/10/2017,BAF,MA,ANE,EN,Federal Contract Tower,0,0,16,6,22,0,0,105,9,114,0,0,121,15,136,68,8,76,212
05/11/2017,BAF,MA,ANE,EN,Federal Contract Tower,0,5,11,6,22,0,0,103,11,114,0,5,114,17,136,138,8,146,282
05/12/2017,BAF,MA,ANE,EN,Federal Contract Tower,0,6,9,5,20,0,0,56,14,70,0,6,65,19,90,72,2,74,164
05/13/2017,BAF,MA,ANE,EN,Federal Contract Tower,0,3,15,0,18,0,0,14,0,14,0,3,29,0,32,22,0,22,54
05/14/2017,BAF,MA,ANE,EN,Federal Contract Tower,0,1,4,0,5,0,0,18,0,18,0,1,22,0,23,16,0,16,39
05/15/2017,BAF,MA,ANE,EN,Federal Contract Tower,0,0,8,4,12,0,0,1,0,1,0,0,9,4,13,0,0,0,13
05/16/2017,BAF,MA,ANE,EN,Federal Contract Tower,0,2,2,8,12,0,0,84,11,95,0,2,86,19,107,78,16,94,201
05/17/2017,BAF,MA,ANE,EN,Federal Contract Tower,0,1,13,6,20,0,0,84,14,98,0,1,97,20,118,146,20,166,284
05/18/2017,BAF,MA,ANE,EN,Federal Contract Tower,0,5,11,8,24,0,0,58,15,73,0,5,69,23,97,56,16,72,169
05/19/2017,BAF,MA,ANE,EN,Federal Contract Tower,0,2,7,7,16,0,0,45,17,62,0,2,52,24,78,68,12,80,158
05/20/2017,BAF,MA,ANE,EN,Federal Contract Tower,0,5,4,0,9,0,0,59,0,59,0,5,63,0,68,30,0,30,98
05/21/2017,BAF,MA,ANE,EN,Federal Contract Tower,0,10,20,0,30,0,0,85,4,89,0,10,105,4,119,76,0,76,195
05/22/2017,BAF,MA,ANE,EN,Federal Contract Tower,0,0,12,1,13,0,0,10,0,10,0,0,22,1,23,10,0,10,33
05/23/2017,BAF,MA,ANE,EN,Federal Contract Tower,0,3,10,7,20,0,0,54,7,61,0,3,64,14,81,66,20,86,167
05/24/2017,BAF,MA,ANE,EN,Federal Contract Tower,0,1,6,5,12,0,0,41,4,45,0,1,47,9,57,56,4,60,117
05/25/2017,BAF,MA,ANE,EN,Federal Contract Tower,0,3,8,8,19,0,0,0,0,0,0,3,8,8,19,0,8,8,27
05/26/2017,BAF,MA,ANE,EN,Federal Contract Tower,0,5,17,5,27,0,0,6,4,10,0,5,23,9,37,14,6,20,57
05/27/2017,BAF,MA,ANE,EN,Federal Contract Tower,0,1,13,1,15,0,0,94,2,96,0,1,107,3,111,94,0,94,205
05/28/2017,BAF,MA,ANE,EN,Federal Contract Tower,0,5,25,2,32,0,0,53,2,55,0,5,78,4,87,34,12,46,133
05/29/2017,BAF,MA,ANE,EN,Federal Contract Tower,0,2,13,1,16,0,0,3,0,3,0,2,16,1,19,0,0,0,19
05/30/2017,BAF,MA,ANE,EN,Federal Contract Tower,0,5,16,8,29,0,0,6,0,6,0,5,22,8,35,0,0,0,35
05/31/2017,BAF,MA,ANE,EN,Federal Contract Tower,0,1,0,5,6,0,0,8,0,8,0,1,8,5,14,16,2,18,32
06/01/2017,BAF,MA,ANE,EN,Federal Contract Tower,0,0,5,5,10,0,0,68,3,71,0,0,73,8,81,70,4,74,155
06/02/2017,BAF,MA,ANE,EN,Federal Contract Tower,0,3,16,4,23,0,0,61,1,62,0,3,77,5,85,10,0,10,95
06/03/2017,BAF,MA,ANE,EN,Federal Contract Tower,0,0,9,8,17,0,0,110,12,122,0,0,119,20,139,90,22,112,251
06/04/2017,BAF,MA,ANE,EN,Federal Contract Tower,0,0,14,0,14,0,0,70,7,77,0,0,84,7,91,28,0,28,119
06/05/2017,BAF,MA,ANE,EN,Federal Contract Tower,0,3,15,11,29,0,0,0,0,0,0,3,15,11,29,0,0,0,29
06/06/2017,BAF,MA,ANE,EN,Federal Contract Tower,0,3,13,6,22,0,0,0,0,0,0,3,13,6,22,0,0,0,22
06/07/2017,BAF,MA,ANE,EN,Federal Contract Tower,0,0,8,9,17,0,0,59,8,67,0,0,67,17,84,52,2,54,138
06/08/2017,BAF,MA,ANE,EN,Federal Contract Tower,0,2,10,6,18,0,0,61,6,67,0,2,71,12,85,50,4,54,139
06/09/2017,BAF,MA,ANE,EN,Federal Contract Tower,0,3,16,6,25,0,0,47,8,55,0,3,63,14,80,56,6,62,142
06/10/2017,BAF,MA,ANE,EN,Federal Contract Tower,0,0,12,3,15,0,0,87,6,93,0,0,99,9,108,78,2,80,188
06/11/2017,BAF,MA,ANE,EN,Federal Contract Tower,0,0,5,2,7,0,0,126,5,131,0,0,131,7,138,62,0,62,200
06/12/2017,BAF,MA,ANE,EN,Federal Contract Tower,0,1,6,7,14,0,0,36,7,43,0,1,42,14,57,26,0,26,83
06/13/2017,BAF,MA,ANE,EN,Federal Contract Tower,0,2,3,10,15,0,0,29,14,43,0,2,32,24,58,32,0,32,90
06/14/2017,BAF,MA,ANE,EN,Federal Contract Tower,0,2,8,8,18,0,0,73,7,80,0,2,81,15,98,68,8,76,174
06/15/2017,BAF,MA,ANE,EN,Federal Contract Tower,0,3,7,9,19,0,0,56,0,56,0,3,63,9,75,90,10,100,175
06/16/2017,BAF,MA,ANE,EN,Federal Contract Tower,0,0,17,4,21,0,0,9,6,15,0,0,26,10,36,22,8,30,66
06/17/2017,BAF,MA,ANE,EN,Federal Contract Tower,0,6,4,2,12,0,0,0,0,0,0,6,4,2,12,2,0,2,14
06/18/2017,BAF,MA,ANE,EN,Federal Contract Tower,0,4,15,0,19,0,0,14,0,14,0,4,29,0,33,6,0,6,39
06/19/2017,BAF,MA,ANE,EN,Federal Contract Tower,0,0,8,0,8,0,0,1,0,1,0,0,9,0,9,0,0,0,9
06/20/2017,BAF,MA,ANE,EN,Federal Contract Tower,0,0,6,6,12,0,0,58,8,66,0,0,64,14,78,70,2,72,150
06/21/2017,BAF,MA,ANE,EN,Federal Contract Tower,0,0,13,11,24,0,0,84,45,129,0,0,97,56,153,52,20,72,225
06/22/2017,BAF,MA,ANE,EN,Federal Contract Tower,0,0,14,11,25,0,0,84,45,129,0,0,98,56,154,52,20,72,226
06/23/2017,BAF,MA,ANE,EN,Federal Contract Tower,0,2,8,9,19,0,0,57,9,66,0,2,65,18,85,104,4,108,193
06/24/2017,BAF,MA,ANE,EN,Federal Contract Tower,0,2,17,0,19,0,0,54,0,54,0,2,71,0,73,76,0,76,149
06/25/2017,BAF,MA,ANE,EN,Federal Contract Tower,0,1,7,0,8,0,0,68,0,68,0,1,75,0,76,48,0,48,124
06/26/2017,BAF,MA,ANE,EN,Federal Contract Tower,0,2,7,5,14,0,0,48,7,55,0,2,55,12,69,34,0,34,103
06/27/2017,BAF,MA,ANE,EN,Federal Contract Tower,0,1,2,3,6,0,0,57,5,62,0,1,59,8,68,76,0,76,144
06/28/2017,BAF,MA,ANE,EN,Federal Contract Tower,0,2,13,15,30,0,0,88,25,113,0,2,101,40,143,86,26,112,255
06/29/2017,BAF,MA,ANE,EN,Federal Contract Tower,0,5,8,9,22,0,0,64,18,82,0,5,72,27,104,60,30,90,194
06/30/2017,BAF,MA,ANE,EN,Federal Contract Tower,0,1,12,7,20,0,0,47,13,60,0,1,59,20,80,46,32,78,158
07/01/2017,BAF,MA,ANE,EN,Federal Contract Tower,0,1,3,0,4,0,0,16,0,16,0,1,19,0,20,24,0,24,44
07/02/2017,BAF,MA,ANE,EN,Federal Contract Tower,0,0,5,0,5,0,0,84,0,84,0,0,89,0,89,50,0,50,139
07/03/2017,BAF,MA,ANE,EN,Federal Contract Tower,0,2,2,1,5,0,0,53,1,54,0,2,55,2,59,50,0,50,109
07/04/2017,BAF,MA,ANE,EN,Federal Contract Tower,0,0,2,0,2,0,0,61,8,69,0,0,63,8,71,64,0,64,135
07/05/2017,BAF,MA,ANE,EN,Federal Contract Tower,0,0,4,2,6,0,0,59,4,63,0,0,63,6,69,56,6,62,131
07/06/2017,BAF,MA,ANE,EN,Federal Contract Tower,0,0,7,6,13,0,0,42,8,50,0,0,49,14,63,70,14,84,147
07/07/2017,BAF,MA,ANE,EN,Federal Contract Tower,0,1,11,5,17,0,0,7,6,13,0,1,18,11,30,20,0,20,50
07/08/2017,BAF,MA,ANE,EN,Federal Contract Tower,0,0,10,0,10,0,0,23,0,23,0,0,33,0,33,52,0,52,85
07/09/2017,BAF,MA,ANE,EN,Federal Contract Tower,0,0,9,0,9,0,0,98,0,98,0,0,107,0,107,76,0,76,183
07/10/2017,BAF,MA,ANE,EN,Federal Contract Tower,0,2,11,5,18,0,0,56,4,60,0,2,67,9,78,24,12,36,114
07/11/2017,BAF,MA,ANE,EN,Federal Contract Tower,0,1,7,17,25,0,0,22,5,27,0,1,29,22,52,44,12,56,108
07/12/2017,BAF,MA,ANE,EN,Federal Contract Tower,0,0,11,7,18,0,0,23,5,28,0,0,34,12,46,56,18,74,120
07/13/2017,BAF,MA,ANE,EN,Federal Contract Tower,0,0,17,4,21,0,0,10,6,16,0,0,27,10,37,0,10,10,47
07/14/2017,BAF,MA,ANE,EN,Federal Contract Tower,0,7,11,6,24,0,0,0,4,4,0,7,11,10,28,0,0,0,28
07/15/2017,BAF,MA,ANE,EN,Federal Contract Tower,0,2,13,3,18,0,0,60,6,66,0,2,73,9,84,66,8,74,158
07/16/2017,BAF,MA,ANE,EN,Federal Contract Tower,0,3,9,0,12,0,0,113,0,113,0,3,122,0,125,72,0,72,197
07/17/2017,BAF,MA,ANE,EN,Federal Contract Tower,0,0,13,0,13,0,0,73,0,73,0,0,86,0,86,104,0,104,190
07/18/2017,BAF,MA,ANE,EN,Federal Contract Tower,0,3,6,19,28,0,0,21,5,26,0,3,27,24,54,18,0,18,72
07/19/2017,BAF,MA,ANE,EN,Federal Contract Tower,0,0,11,9,20,0,0,47,12,59,0,0,58,21,79,28,18,46,125
07/20/2017,BAF,MA,ANE,EN,Federal Contract Tower,0,0,5,8,13,0,0,43,2,45,0,0,48,10,58,34,14,48,106
07/21/2017,BAF,MA,ANE,EN,Federal Contract Tower,0,2,6,7,15,0,0,48,12,60,0,2,54,19,75,42,12,54,129
07/22/2017,BAF,MA,ANE,EN,Federal Contract Tower,0,0,10,0,10,0,0,78,0,78,0,0,88,0,88,84,0,84,172
07/23/2017,BAF,MA,ANE,EN,Federal Contract Tower,0,1,7,0,8,0,0,68,1,69,0,1,75,1,77,84,4,88,165
07/24/2017,BAF,MA,ANE,EN,Federal Contract Tower,0,0,10,3,13,0,0,0,1,1,0,0,10,4,14,0,0,0,14
07/25/2017,BAF,MA,ANE,EN,Federal Contract Tower,0,2,14,10,26,0,0,21,14,35,0,2,35,24,61,40,8,48,109
07/26/2017,BAF,MA,ANE,EN,Federal Contract Tower,0,0,10,11,21,0,0,114,18,132,0,0,124,29,153,96,22,118,271
07/27/2017,BAF,MA,ANE,EN,Federal Contract Tower,0,0,14,10,24,0,0,36,8,44,0,0,50,18,68,60,0,60,128
07/28/2017,BAF,MA,ANE,EN,Federal Contract Tower,0,2,4,4,10,0,0,63,10,73,0,2,67,14,83,68,0,68,151
07/29/2017,BAF,MA,ANE,EN,Federal Contract Tower,0,0,13,0,13,0,0,59,0,59,0,0,72,0,72,112,0,112,184
07/30/2017,BAF,MA,ANE,EN,Federal Contract Tower,0,0,6,0,6,0,0,61,0,61,0,0,67,0,67,32,0,32,99
07/31/2017,BAF,MA,ANE,EN,Federal Contract Tower,0,3,11,1,15,0,0,55,1,56,0,3,66,2,71,92,0,92,163
08/01/2017,BAF,MA,ANE,EN,Federal Contract Tower,0,0,12,11,23,0,0,56,5,61,0,0,68,16,84,114,34,148,232
08/02/2017,BAF,MA,ANE,EN,Federal Contract Tower,0,0,5,9,14,0,0,54,9,63,0,0,59,18,77,16,24,40,117
08/03/2017,BAF,MA,ANE,EN,Federal Contract Tower,0,2,8,8,18,0,0,35,16,51,0,2,43,24,69,22,30,52,121
08/04/2017,BAF,MA,ANE,EN,Federal Contract Tower,0,1,11,6,18,0,0,30,8,38,0,1,41,14,56,82,0,82,138
08/05/2017,BAF,MA,ANE,EN,Federal Contract Tower,0,0,7,0,7,0,0,5,0,5,0,0,12,0,12,6,0,6,18
08/06/2017,BAF,MA,ANE,EN,Federal Contract Tower,0,2,6,0,8,0,0,44,0,44,0,2,50,0,52,56,0,56,108
08/07/2017,BAF,MA,ANE,EN,Federal Contract Tower,0,1,10,9,20,0,0,14,4,18,0,1,24,13,38,12,30,42,80
08/08/2017,BAF,MA,ANE,EN,Federal Contract Tower,0,1,17,5,23,0,0,44,14,58,0,1,61,19,81,60,0,60,141
08/09/2017,BAF,MA,ANE,EN,Federal Contract Tower,0,0,18,3,21,0,0,92,18,110,0,0,110,21,131,70,8,78,209
08/10/2017,BAF,MA,ANE,EN,Federal Contract Tower,0,5,8,8,21,0,0,81,28,109,0,5,89,36,130,54,56,110,240
08/11/2017,BAF,MA,ANE,EN,Federal Contract Tower,0,1,4,3,8,0,0,156,29,185,0,1,160,32,193,280,84,364,557
08/12/2017,BAF,MA,ANE,EN,Federal Contract Tower,0,0,0,1,1,0,0,77,54,131,0,0,77,55,132,252,208,460,592
08/13/2017,BAF,MA,ANE,EN,Federal Contract Tower,0,0,7,3,10,0,0,131,1,132,0,0,138,4,142,246,234,480,622
08/14/2017,BAF,MA,ANE,EN,Federal Contract Tower,0,1,10,10,21,0,0,77,26,103,0,1,87,36,124,58,0,58,182
08/15/2017,BAF,MA,ANE,EN,Federal Contract Tower,0,0,5,9,14,0,0,29,16,45,0,0,34,25,59,38,8,46,105
08/16/2017,BAF,MA,ANE,EN,Federal Contract Tower,0,0,6,5,11,0,0,73,9,82,0,0,79,14,93,50,8,58,151
08/17/2017,BAF,MA,ANE,EN,Federal Contract Tower,0,2,14,5,21,0,0,59,11,70,0,2,73,16,91,30,2,32,123
08/18/2017,BAF,MA,ANE,EN,Federal Contract Tower,0,2,13,0,15,0,0,4,0,4,0,2,17,0,19,22,0,22,41
08/19/2017,BAF,MA,ANE,EN,Federal Contract Tower,0,6,22,0,28,0,0,80,3,83,0,6,102,3,111,70,6,76,187
08/20/2017,BAF,MA,ANE,EN,Federal Contract Tower,0,2,13,2,17,0,0,89,5,94,0,2,102,7,111,104,0,104,215
08/21/2017,BAF,MA,ANE,EN,Federal Contract Tower,0,2,17,0,19,0,0,66,0,66,0,2,83,0,85,70,0,70,155
08/22/2017,BAF,MA,ANE,EN,Federal Contract Tower,0,6,16,25,47,0,0,34,13,47,0,6,50,38,94,48,54,102,196
08/23/2017,BAF,MA,ANE,EN,Federal Contract Tower,0,0,2,4,6,0,0,50,10,60,0,0,52,14,66,42,26,68,134
08/24/2017,BAF,MA,ANE,EN,Federal Contract Tower,0,2,8,7,17,0,0,72,2,74,0,2,80,9,91,82,2,84,175
08/25/2017,BAF,MA,ANE,EN,Federal Contract Tower,0,1,12,3,16,0,0,67,0,67,0,1,79,3,83,52,8,60,143
08/26/2017,BAF,MA,ANE,EN,Federal Contract Tower,0,0,15,0,15,0,0,118,0,118,0,0,133,0,133,74,0,74,207
08/27/2017,BAF,MA,ANE,EN,Federal Contract Tower,0,0,15,0,15,0,0,121,0,121,0,0,136,0,136,96,0,96,232
08/28/2017,BAF,MA,ANE,EN,Federal Contract Tower,0,1,10,9,20,0,0,79,9,88,0,1,89,18,108,86,0,86,194
08/29/2017,BAF,MA,ANE,EN,Federal Contract Tower,0,2,4,11,17,0,0,57,29,86,0,2,61,40,103,88,12,100,203
08/30/2017,BAF,MA,ANE,EN,Federal Contract Tower,0,3,19,10,32,0,0,78,27,105,0,3,97,37,137,114,30,144,281
08/31/2017,BAF,MA,ANE,EN,Federal Contract Tower,0,3,8,7,18,0,0,43,7,50,0,3,51,14,68,38,16,54,122
09/01/2017,BAF,MA,ANE,EN,Federal Contract Tower,2,1,7,0,10,0,0,52,0,52,2,1,59,0,62,38,0,38,100
09/02/2017,BAF,MA,ANE,EN,Federal Contract Tower,0,1,4,0,5,0,0,68,0,68,0,1,72,0,73,82,0,82,155
09/03/2017,BAF,MA,ANE,EN,Federal Contract Tower,0,0,14,0,14,0,0,2,0,2,0,0,16,0,16,6,0,6,22
09/04/2017,BAF,MA,ANE,EN,Federal Contract Tower,0,0,6,0,6,0,0,59,0,59,0,0,65,0,65,20,0,20,85
09/05/2017,BAF,MA,ANE,EN,Federal Contract Tower,0,6,15,2,23,0,0,38,2,40,0,6,53,4,63,24,6,30,93
09/06/2017,BAF,MA,ANE,EN,Federal Contract Tower,0,4,10,1,15,0,0,0,0,0,0,4,10,1,15,0,0,0,15
09/07/2017,BAF,MA,ANE,EN,Federal Contract Tower,0,3,9,2,14,0,0,33,5,38,0,3,42,7,52,36,10,46,98
09/08/2017,BAF,MA,ANE,EN,Federal Contract Tower,0,7,9,0,16,0,0,67,3,70,0,7,76,3,86,64,12,76,162
09/09/2017,BAF,MA,ANE,EN,Federal Contract Tower,0,1,13,3,17,0,0,68,6,74,0,1,81,9,91,56,6,62,153
09/10/2017,BAF,MA,ANE,EN,Federal Contract Tower,0,3,8,0,11,0,0,76,3,79,0,3,84,3,90,24,24,48,138
09/11/2017,BAF,MA,ANE,EN,Federal Contract Tower,0,0,14,0,14,0,0,81,2,83,0,0,95,2,97,106,0,106,203
09/12/2017,BAF,MA,ANE,EN,Federal Contract Tower,0,0,12,5,17,0,0,53,15,68,0,0,65,20,85,84,4,88,173
09/13/2017,BAF,MA,ANE,EN,Federal Contract Tower,0,1,13,7,21,0,0,60,15,75,0,1,73,22,96,42,14,56,152
09/14/2017,BAF,MA,ANE,EN,Federal Contract Tower,2,1,17,10,30,0,0,64,20,84,2,1,81,30,114,96,18,114,228
09/15/2017,BAF,MA,ANE,EN,Federal Contract Tower,0,0,25,8,33,0,0,40,4,44,0,0,65,12,77,58,18,76,153
09/16/2017,BAF,MA,ANE,EN,Federal Contract Tower,0,2,14,0,16,0,0,16,0,16,0,2,30,0,32,24,0,24,56
09/17/2017,BAF,MA,ANE,EN,Federal Contract Tower,0,6,17,0,23,0,0,50,0,50,0,6,67,0,73,24,0,24,97
09/18/2017,BAF,MA,ANE,EN,Federal Contract Tower,0,2,8,12,22,0,0,13,0,13,0,2,21,12,35,30,0,30,65
09/19/2017,BAF,MA,ANE,EN,Federal Contract Tower,0,1,17,7,25,0,0,10,2,12,0,1,27,9,37,10,10,20,57
09/20/2017,BAF,MA,ANE,EN,Federal Contract Tower,0,2,12,9,23,0,0,19,2,21,0,2,31,11,44,4,18,22,66
09/21/2017,BAF,MA,ANE,EN,Federal Contract Tower,0,2,6,12,20,0,0,67,4,71,0,2,73,16,91,26,6,32,123
09/22/2017,BAF,MA,ANE,EN,Federal Contract Tower,2,1,7,6,16,0,0,37,6,43,2,1,44,12,59,28,0,28,87
09/23/2017,BAF,MA,ANE,EN,Federal Contract Tower,2,0,1,0,3,0,0,73,0,73,2,0,74,0,76,68,0,68,144
09/24/2017,BAF,MA,ANE,EN,Federal Contract Tower,0,4,4,1,9,0,0,76,1,77,0,4,80,2,86,38,6,44,130
09/25/2017,BAF,MA,ANE,EN,Federal Contract Tower,0,2,3,0,5,0,0,39,0,39,0,2,42,0,44,100,0,100,144
09/26/2017,BAF,MA,ANE,EN,Federal Contract Tower,0,4,6,8,18,0,0,50,6,56,0,4,56,14,74,36,8,44,118
09/27/2017,BAF,MA,ANE,EN,Federal Contract Tower,0,3,11,3,17,0,0,52,13,65,0,3,63,16,82,44,6,50,132
09/28/2017,BAF,MA,ANE,EN,Federal Contract Tower,0,1,16,6,23,0,0,31,8,39,0,1,47,14,62,4,18,22,84
09/29/2017,BAF,MA,ANE,EN,Federal Contract Tower,1,0,11,5,17,0,0,62,1,63,1,0,73,6,80,64,0,64,144
09/30/2017,BAF,MA,ANE,EN,Federal Contract Tower,0,2,10,5,17,0,0,2,0,2,0,2,12,5,19,4,0,4,23
10/01/2017,BAF,MA,ANE,EN,Federal Contract Tower,0,0,9,0,9,0,0,96,6,102,0,0,105,6,111,66,8,74,185
10/02/2017,BAF,MA,ANE,EN,Federal Contract Tower,0,1,2,0,3,0,0,42,0,42,0,1,44,0,45,30,0,30,75
10/03/2017,BAF,MA,ANE,EN,Federal Contract Tower,0,2,12,7,21,0,0,100,4,104,0,2,112,11,125,84,0,84,209
10/04/2017,BAF,MA,ANE,EN,Federal Contract Tower,0,0,11,11,22,0,0,66,6,72,0,0,77,17,94,22,4,26,120
10/05/2017,BAF,MA,ANE,EN,Federal Contract Tower,0,0,6,9,15,0,0,53,1,54,0,0,59,10,69,38,2,40,109
10/06/2017,BAF,MA,ANE,EN,Federal Contract Tower,0,2,13,3,18,0,0,70,4,74,0,2,83,7,92,38,8,46,138
10/07/2017,BAF,MA,ANE,EN,Federal Contract Tower,0,0,14,0,14,0,0,51,0,51,0,0,65,0,65,18,0,18,83
10/08/2017,BAF,MA,ANE,EN,Federal Contract Tower,0,1,23,0,24,0,0,0,0,0,0,1,23,0,24,0,0,0,24
10/09/2017,BAF,MA,ANE,EN,Federal Contract Tower,0,5,8,0,13,0,0,0,0,0,0,5,8,0,13,0,0,0,13
10/10/2017,BAF,MA,ANE,EN,Federal Contract Tower,0,0,5,8,13,0,0,64,8,72,0,0,69,16,85,42,26,68,153
10/11/2017,BAF,MA,ANE,EN,Federal Contract Tower,0,0,14,10,24,0,0,61,23,84,0,0,75,33,108,54,44,98,206
10/12/2017,BAF,MA,ANE,EN,Federal Contract Tower,0,2,8,6,16,0,0,50,15,65,0,2,58,21,81,36,6,42,123
10/13/2017,BAF,MA,ANE,EN,Federal Contract Tower,0,0,12,0,12,0,0,71,2,73,0,0,83,2,85,54,0,54,139
10/14/2017,BAF,MA,ANE,EN,Federal Contract Tower,0,1,21,11,33,0,0,34,23,57,0,1,55,34,90,40,4,44,134
10/15/2017,BAF,MA,ANE,EN,Federal Contract Tower,0,0,15,0,15,0,0,16,0,16,0,0,31,0,31,16,0,16,47
10/16/2017,BAF,MA,ANE,EN,Federal Contract Tower,0,0,14,0,14,0,0,19,4,23,0,0,33,4,37,34,0,34,71
10/17/2017,BAF,MA,ANE,EN,Federal Contract Tower,0,0,10,10,20,0,0,72,8,80,0,0,82,18,100,54,32,86,186
10/18/2017,BAF,MA,ANE,EN,Federal Contract Tower,0,1,11,10,22,0,0,82,8,90,0,1,93,18,112,56,50,106,218
10/19/2017,BAF,MA,ANE,EN,Federal Contract Tower,0,0,7,5,12,0,0,46,11,57,0,0,53,16,69,34,6,40,109
10/20/2017,BAF,MA,ANE,EN,Federal Contract Tower,0,4,3,12,19,0,0,54,9,63,0,4,57,21,82,64,22,86,168
10/21/2017,BAF,MA,ANE,EN,Federal Contract Tower,0,0,5,0,5,0,0,93,1,94,0,0,98,1,99,52,0,52,151
10/22/2017,BAF,MA,ANE,EN,Federal Contract Tower,0,0,10,0,10,0,0,59,0,59,0,0,69,0,69,43,0,43,112
10/23/2017,BAF,MA,ANE,EN,Federal Contract Tower,0,3,16,10,29,0,0,9,9,18,0,3,25,19,47,10,8,18,65
10/24/2017,BAF,MA,ANE,EN,Federal Contract Tower,0,0,10,4,14,0,0,0,0,0,0,0,10,4,14,0,0,0,14
10/25/2017,BAF,MA,ANE,EN,Federal Contract Tower,0,1,8,12,21,0,0,28,16,44,0,1,36,28,65,30,20,50,115
10/26/2017,BAF,MA,ANE,EN,Federal Contract Tower,0,0,10,13,23,0,0,15,21,36,0,0,25,34,59,6,10,16,75
10/27/2017,BAF,MA,ANE,EN,Federal Contract Tower,1,2,9,3,15,0,0,64,14,78,1,2,73,17,93,82,2,84,177
10/28/2017,BAF,MA,ANE,EN,Federal Contract Tower,1,2,9,0,12,0,0,62,0,62,1,2,71,0,74,50,0,50,124
10/29/2017,BAF,MA,ANE,EN,Federal Contract Tower,0,3,9,0,12,0,0,0,0,0,0,3,9,0,12,0,0,0,12
10/30/2017,BAF,MA,ANE,EN,Federal Contract Tower,0,1,3,0,4,0,0,3,0,3,0,1,6,0,7,0,0,0,7
10/31/2017,BAF,MA,ANE,EN,Federal Contract Tower,0,1,4,7,12,0,0,43,5,48,0,1,47,12,60,84,8,92,152
11/01/2017,BAF,MA,ANE,EN,Federal Contract Tower,0,0,13,1,14,0,0,38,1,39,0,0,51,2,53,28,0,28,81
11/02/2017,BAF,MA,ANE,EN,Federal Contract Tower,0,1,16,9,26,0,0,20,5,25,0,1,36,14,51,10,0,10,61
11/03/2017,BAF,MA,ANE,EN,Federal Contract Tower,2,1,7,0,10,0,0,41,6,47,2,1,48,6,57,52,0,52,109
11/04/2017,BAF,MA,ANE,EN,Federal Contract Tower,2,0,7,0,9,0,0,61,8,69,2,0,68,8,78,42,0,42,120
11/05/2017,BAF,MA,ANE,EN,Federal Contract Tower,0,4,13,0,17,0,0,11,2,13,0,4,24,2,30,28,2,30,60
11/06/2017,BAF,MA,ANE,EN,Federal Contract Tower,0,1,6,0,7,0,0,0,0,0,0,1,6,0,7,0,0,0,7
11/07/2017,BAF,MA,ANE,EN,Federal Contract Tower,0,0,7,0,7,0,0,56,2,58,0,0,63,2,65,22,0,22,87
11/08/2017,BAF,MA,ANE,EN,Federal Contract Tower,0,0,2,1,3,0,0,39,3,42,0,0,41,4,45,34,26,60,105
11/09/2017,BAF,MA,ANE,EN,Federal Contract Tower,0,2,3,0,5,0,0,72,2,74,0,2,75,2,79,68,0,68,147
11/10/2017,BAF,MA,ANE,EN,Federal Contract Tower,0,0,6,0,6,0,0,32,0,32,0,0,38,0,38,14,0,14,52
11/11/2017,BAF,MA,ANE,EN,Federal Contract Tower,0,0,12,0,12,0,0,74,0,74,0,0,86,0,86,58,0,58,144
11/12/2017,BAF,MA,ANE,EN,Federal Contract Tower,0,0,7,0,7,0,6,86,0,92,0,6,93,0,99,110,0,110,209
11/13/2017,BAF,MA,ANE,EN,Federal Contract Tower,0,1,17,4,22,0,0,39,2,41,0,1,56,6,63,54,0,54,117
11/14/2017,BAF,MA,ANE,EN,Federal Contract Tower,0,0,9,0,9,0,0,0,0,0,0,0,9,0,9,0,0,0,9
11/15/2017,BAF,MA,ANE,EN,Federal Contract Tower,0,0,4,1,5,0,0,37,3,40,0,0,41,4,45,34,4,38,83
11/16/2017,BAF,MA,ANE,EN,Federal Contract Tower,1,1,4,2,8,0,0,0,2,2,1,1,4,4,10,0,4,4,14
11/17/2017,BAF,MA,ANE,EN,Federal Contract Tower,0,2,11,0,13,0,0,30,10,40,0,2,41,10,53,50,4,54,107
11/18/2017,BAF,MA,ANE,EN,Federal Contract Tower,0,3,6,4,13,0,0,55,1,56,0,3,61,5,69,84,0,84,153
11/19/2017,BAF,MA,ANE,EN,Federal Contract Tower,0,2,2,0,4,0,0,11,0,11,0,2,13,0,15,4,0,4,19
11/20/2017,BAF,MA,ANE,EN,Federal Contract Tower,0,0,17,3,20,0,0,25,3,28,0,0,42,6,48,24,0,24,72
11/21/2017,BAF,MA,ANE,EN,Federal Contract Tower,0,1,10,14,25,0,1,53,28,82,0,2,63,42,107,38,22,60,167
11/22/2017,BAF,MA,ANE,EN,Federal Contract Tower,0,3,13,2,18,0,0,12,0,12,0,3,25,2,30,4,0,4,34
11/23/2017,BAF,MA,ANE,EN,Federal Contract Tower,0,3,0,0,3,0,0,6,0,6,0,3,6,0,9,2,0,2,11
11/24/2017,BAF,MA,ANE,EN,Federal Contract Tower,0,2,0,0,2,0,0,82,0,82,0,2,82,0,84,80,0,80,164
11/25/2017,BAF,MA,ANE,EN,Federal Contract Tower,0,3,6,0,9,0,0,62,0,62,0,3,68,0,71,86,0,86,157
11/26/2017,BAF,MA,ANE,EN,Federal Contract Tower,0,3,8,0,11,0,3,21,0,24,0,6,29,0,35,22,0,22,57
11/27/2017,BAF,MA,ANE,EN,Federal Contract Tower,0,0,8,8,16,0,0,48,4,52,0,0,56,12,68,68,8,76,144
11/28/2017,BAF,MA,ANE,EN,Federal Contract Tower,0,1,10,8,19,0,0,53,3,56,0,1,63,11,75,40,12,52,127
11/29/2017,BAF,MA,ANE,EN,Federal Contract Tower,0,1,11,12,24,0,0,65,16,81,0,1,76,28,105,52,6,58,163
11/30/2017,BAF,MA,ANE,EN,Federal Contract Tower,2,3,5,4,14,0,0,51,17,68,2,3,56,21,82,114,18,132,214
12/01/2017,BAF,MA,ANE,EN,Federal Contract Tower,0,6,4,3,13,0,0,32,7,39,0,6,36,10,52,34,34,68,120
12/02/2017,BAF,MA,ANE,EN,Federal Contract Tower,1,0,9,7,17,0,0,81,16,97,1,0,90,23,114,114,4,118,232
12/03/2017,BAF,MA,ANE,EN,Federal Contract Tower,0,5,10,0,15,0,0,54,0,54,0,5,64,0,69,42,0,42,111
12/04/2017,BAF,MA,ANE,EN,Federal Contract Tower,0,0,8,0,8,0,0,38,2,40,0,0,46,2,48,16,0,16,64
12/05/2017,BAF,MA,ANE,EN,Federal Contract Tower,0,2,1,3,6,0,0,0,0,0,0,2,1,3,6,0,0,0,6
12/06/2017,BAF,MA,ANE,EN,Federal Contract Tower,0,1,7,12,20,0,0,59,12,71,0,1,66,24,91,32,8,40,131
12/07/2017,BAF,MA,ANE,EN,Federal Contract Tower,0,0,4,11,15,0,2,51,30,83,0,2,55,41,98,42,14,56,154
12/08/2017,BAF,MA,ANE,EN,Federal Contract Tower,0,2,8,12,22,0,0,36,12,48,0,2,44,24,70,32,0,32,102
12/09/2017,BAF,MA,ANE,EN,Federal Contract Tower,0,0,0,0,0,0,0,7,0,7,0,0,7,0,7,18,0,18,25
12/10/2017,BAF,MA,ANE,EN,Federal Contract Tower,0,2,6,0,8,0,0,25,0,25,0,2,31,0,33,18,0,18,51
12/11/2017,BAF,MA,ANE,EN,Federal Contract Tower,0,2,5,6,13,0,0,16,6,22,0,2,21,12,35,52,0,52,87
12/12/2017,BAF,MA,ANE,EN,Federal Contract Tower,0,8,6,0,14,0,0,0,0,0,0,8,6,0,14,0,0,0,14
12/13/2017,BAF,MA,ANE,EN,Federal Contract Tower,0,0,3,9,12,0,0,2,21,23,0,0,5,30,35,12,6,18,53
12/14/2017,BAF,MA,ANE,EN,Federal Contract Tower,0,3,13,11,27,0,1,35,22,58,0,4,48,33,85,40,6,46,131
12/15/2017,BAF,MA,ANE,EN,Federal Contract Tower,0,1,15,2,18,0,0,38,4,42,0,1,53,6,60,6,0,6,66
12/16/2017,BAF,MA,ANE,EN,Federal Contract Tower,0,1,7,0,8,0,0,27,0,27,0,1,34,0,35,30,0,30,65
12/17/2017,BAF,MA,ANE,EN,Federal Contract Tower,0,0,11,0,11,0,0,70,0,70,0,0,81,0,81,62,0,62,143
12/18/2017,BAF,MA,ANE,EN,Federal Contract Tower,0,7,6,5,18,0,0,6,11,17,0,7,12,16,35,54,4,58,93
12/19/2017,BAF,MA,ANE,EN,Federal Contract Tower,0,0,7,10,17,0,0,52,21,73,0,0,59,31,90,78,50,128,218
12/20/2017,BAF,MA,ANE,EN,Federal Contract Tower,0,0,5,8,13,0,0,52,18,70,0,0,57,26,83,12,28,40,123
12/21/2017,BAF,MA,ANE,EN,Federal Contract Tower,0,0,4,2,6,0,0,54,2,56,0,0,58,4,62,72,0,72,134
12/22/2017,BAF,MA,ANE,EN,Federal Contract Tower,0,2,6,2,10,0,0,12,0,12,0,2,18,2,22,16,0,16,38
12/23/2017,BAF,MA,ANE,EN,Federal Contract Tower,0,0,3,0,3,0,0,0,0,0,0,0,3,0,3,0,0,0,3
12/24/2017,BAF,MA,ANE,EN,Federal Contract Tower,0,0,2,0,2,0,0,12,0,12,0,0,14,0,14,6,0,6,20
12/25/2017,BAF,MA,ANE,EN,Federal Contract Tower,0,0,0,0,0,0,0,0,0,0,0,0,0,0,0,0,0,0,0
12/26/2017,BAF,MA,ANE,EN,Federal Contract Tower,0,0,8,2,10,0,0,18,0,18,0,0,26,2,28,14,2,16,44
12/27/2017,BAF,MA,ANE,EN,Federal Contract Tower,0,1,5,1,7,0,0,45,5,50,0,1,50,6,57,56,2,58,115
12/28/2017,BAF,MA,ANE,EN,Federal Contract Tower,0,0,3,0,3,0,0,13,6,19,0,0,16,6,22,2,6,8,30
12/29/2017,BAF,MA,ANE,EN,Federal Contract Tower,0,0,11,0,11,0,0,52,3,55,0,0,63,3,66,34,0,34,100
12/30/2017,BAF,MA,ANE,EN,Federal Contract Tower,0,4,1,0,5,0,0,7,0,7,0,4,8,0,12,4,0,4,16
12/31/2017,BAF,MA,ANE,EN,Federal Contract Tower,0,0,5,0,5,0,1,11,0,12,0,1,16,0,17,0,0,0,17
01/01/2018,BAF,MA,ANE,EN,Federal Contract Tower,0,2,3,0,5,0,0,0,0,0,0,2,3,0,5,0,0,0,5
01/02/2018,BAF,MA,ANE,EN,Federal Contract Tower,0,3,11,7,21,0,0,59,3,62,0,3,70,10,83,42,10,52,135
01/03/2018,BAF,MA,ANE,EN,Federal Contract Tower,0,3,5,13,21,0,0,64,4,68,0,3,69,17,89,76,0,76,165
01/04/2018,BAF,MA,ANE,EN,Federal Contract Tower,0,0,0,0,0,0,0,0,0,0,0,0,0,0,0,0,0,0,0
01/05/2018,BAF,MA,ANE,EN,Federal Contract Tower,0,2,1,4,7,0,0,0,4,4,0,2,1,8,11,12,0,12,23
01/06/2018,BAF,MA,ANE,EN,Federal Contract Tower,0,0,7,1,8,0,0,3,8,11,0,0,10,9,19,10,0,10,29
01/07/2018,BAF,MA,ANE,EN,Federal Contract Tower,0,0,4,3,7,0,0,12,15,27,0,0,16,18,34,12,12,24,58
01/08/2018,BAF,MA,ANE,EN,Federal Contract Tower,0,0,7,0,7,0,0,16,0,16,0,0,23,0,23,18,0,18,41
01/09/2018,BAF,MA,ANE,EN,Federal Contract Tower,0,2,3,8,13,0,0,25,10,35,0,2,28,18,48,20,0,20,68
01/10/2018,BAF,MA,ANE,EN,Federal Contract Tower,1,0,5,9,15,0,0,58,19,77,1,0,63,28,92,22,20,42,134
01/11/2018,BAF,MA,ANE,EN,Federal Contract Tower,0,0,2,12,14,0,0,22,4,26,0,0,24,16,40,20,12,32,72
01/12/2018,BAF,MA,ANE,EN,Federal Contract Tower,0,1,14,2,17,0,0,0,0,0,0,1,14,2,17,0,0,0,17
01/13/2018,BAF,MA,ANE,EN,Federal Contract Tower,0,4,2,0,6,0,0,10,0,10,0,4,12,0,16,0,0,0,16
01/14/2018,BAF,MA,ANE,EN,Federal Contract Tower,0,0,8,0,8,0,0,74,0,74,0,0,82,0,82,32,0,32,114
01/15/2018,BAF,MA,ANE,EN,Federal Contract Tower,0,5,4,0,9,0,1,9,0,10,0,6,13,0,19,0,0,0,19
01/16/2018,BAF,MA,ANE,EN,Federal Contract Tower,0,1,0,4,5,0,0,12,0,12,0,1,12,4,17,26,0,26,43
01/17/2018,BAF,MA,ANE,EN,Federal Contract Tower,0,3,4,0,7,0,0,0,0,0,0,3,4,0,7,0,0,0,7
01/18/2018,BAF,MA,ANE,EN,Federal Contract Tower,0,2,5,5,12,0,0,63,9,72,0,2,68,14,84,12,10,22,106
01/19/2018,BAF,MA,ANE,EN,Federal Contract Tower,1,5,6,0,12,0,0,64,14,78,1,5,70,14,90,44,8,52,142
01/20/2018,BAF,MA,ANE,EN,Federal Contract Tower,0,4,7,2,13,0,3,56,0,59,0,7,63,2,72,88,0,88,160
01/21/2018,BAF,MA,ANE,EN,Federal Contract Tower,0,1,9,0,10,0,0,67,0,67,0,1,76,0,77,68,0,68,145
01/22/2018,BAF,MA,ANE,EN,Federal Contract Tower,0,4,9,0,13,0,0,0,0,0,0,4,9,0,13,0,0,0,13
01/23/2018,BAF,MA,ANE,EN,Federal Contract Tower,0,4,1,0,5,0,0,0,0,0,0,4,1,0,5,0,0,0,5
01/24/2018,BAF,MA,ANE,EN,Federal Contract Tower,0,2,18,11,31,0,0,40,29,69,0,2,58,40,100,30,16,46,146
01/25/2018,BAF,MA,ANE,EN,Federal Contract Tower,0,0,6,5,11,0,0,40,17,57,0,0,46,22,68,30,6,36,104
01/26/2018,BAF,MA,ANE,EN,Federal Contract Tower,0,0,9,1,10,0,0,77,11,88,0,0,86,12,98,70,10,80,178
01/27/2018,BAF,MA,ANE,EN,Federal Contract Tower,0,0,12,0,12,0,0,82,4,86,0,0,94,4,98,86,0,86,184
01/28/2018,BAF,MA,ANE,EN,Federal Contract Tower,0,0,28,0,28,0,0,68,0,68,0,0,96,0,96,58,0,58,154
01/29/2018,BAF,MA,ANE,EN,Federal Contract Tower,0,3,7,7,17,0,0,69,7,76,0,3,76,14,93,88,0,88,181
01/30/2018,BAF,MA,ANE,EN,Federal Contract Tower,0,0,5,7,12,0,0,36,14,50,0,0,41,21,62,58,0,58,120
01/31/2018,BAF,MA,ANE,EN,Federal Contract Tower,0,5,11,3,19,0,0,47,2,49,0,5,58,5,68,22,16,38,106
02/01/2018,BAF,MA,ANE,EN,Federal Contract Tower,0,5,5,10,20,0,0,33,5,38,0,5,38,15,58,58,0,58,116
02/02/2018,BAF,MA,ANE,EN,Federal Contract Tower,1,3,2,3,9,0,0,4,8,12,1,3,6,11,21,2,6,8,29
02/03/2018,BAF,MA,ANE,EN,Federal Contract Tower,0,3,10,8,21,0,0,72,22,94,0,3,82,30,115,48,21,69,184
02/05/2018,BAF,MA,ANE,EN,Federal Contract Tower,0,4,3,0,7,0,0,29,0,29,0,4,32,0,36,0,0,0,36
02/06/2018,BAF,MA,ANE,EN,Federal Contract Tower,0,5,4,8,17,0,0,40,5,45,0,5,44,13,62,86,4,90,152
02/07/2018,BAF,MA,ANE,EN,Federal Contract Tower,0,0,0,0,0,0,0,0,0,0,0,0,0,0,0,0,0,0,0
02/08/2018,BAF,MA,ANE,EN,Federal Contract Tower,0,0,8,2,10,0,0,0,0,0,0,0,8,2,10,4,4,8,18
02/09/2018,BAF,MA,ANE,EN,Federal Contract Tower,0,0,7,4,11,0,0,14,0,14,0,0,21,4,25,22,0,22,47
02/10/2018,BAF,MA,ANE,EN,Federal Contract Tower,0,0,5,0,5,0,0,0,0,0,0,0,5,0,5,0,0,0,5
02/11/2018,BAF,MA,ANE,EN,Federal Contract Tower,0,0,4,0,4,0,0,0,0,0,0,0,4,0,4,0,0,0,4
02/12/2018,BAF,MA,ANE,EN,Federal Contract Tower,0,1,4,4,9,0,0,23,4,27,0,1,27,8,36,28,8,36,72
02/13/2018,BAF,MA,ANE,EN,Federal Contract Tower,0,0,4,10,14,0,0,60,7,67,0,0,64,17,81,40,14,54,135
02/14/2018,BAF,MA,ANE,EN,Federal Contract Tower,0,1,3,7,11,0,0,69,20,89,0,1,72,27,100,100,4,104,204
02/15/2018,BAF,MA,ANE,EN,Federal Contract Tower,0,1,17,7,25,0,0,0,0,0,0,1,17,7,25,0,0,0,25
02/16/2018,BAF,MA,ANE,EN,Federal Contract Tower,0,3,13,0,16,0,0,16,1,17,0,3,29,1,33,22,0,22,55
02/17/2018,BAF,MA,ANE,EN,Federal Contract Tower,0,0,0,0,0,0,1,60,0,61,0,1,60,0,61,96,0,96,157
02/18/2018,BAF,MA,ANE,EN,Federal Contract Tower,0,0,4,0,4,0,0,30,0,30,0,0,34,0,34,32,0,32,66
02/19/2018,BAF,MA,ANE,EN,Federal Contract Tower,0,0,7,0,7,0,0,33,0,33,0,0,40,0,40,52,0,52,92
02/20/2018,BAF,MA,ANE,EN,Federal Contract Tower,0,3,17,4,24,0,0,80,4,84,0,3,97,8,108,94,0,94,202
02/21/2018,BAF,MA,ANE,EN,Federal Contract Tower,0,0,7,4,11,0,0,37,4,41,0,0,44,8,52,66,8,74,126
02/22/2018,BAF,MA,ANE,EN,Federal Contract Tower,0,4,4,0,8,0,0,0,2,2,0,4,4,2,10,0,6,6,16
02/23/2018,BAF,MA,ANE,EN,Federal Contract Tower,0,1,3,6,10,0,0,7,0,7,0,1,10,6,17,0,18,18,35
02/24/2018,BAF,MA,ANE,EN,Federal Contract Tower,0,3,11,0,14,0,0,66,0,66,0,3,77,0,80,80,0,80,160
02/25/2018,BAF,MA,ANE,EN,Federal Contract Tower,0,3,1,0,4,3,2,0,0,5,3,5,1,0,9,0,0,0,9
02/26/2018,BAF,MA,ANE,EN,Federal Contract Tower,0,0,4,0,4,0,0,39,0,39,0,0,43,0,43,92,0,92,135
02/27/2018,BAF,MA,ANE,EN,Federal Contract Tower,2,2,12,9,25,0,1,80,0,81,2,3,92,9,106,98,0,98,204
02/28/2018,BAF,MA,ANE,EN,Federal Contract Tower,0,0,15,14,29,0,0,91,14,105,0,0,106,28,134,80,28,108,242
03/01/2018,BAF,MA,ANE,EN,Federal Contract Tower,0,3,9,11,23,0,0,52,21,73,0,3,61,32,96,28,4,32,128
03/02/2018,BAF,MA,ANE,EN,Federal Contract Tower,0,3,4,0,7,0,0,0,0,0,0,3,4,0,7,0,0,0,7
03/03/2018,BAF,MA,ANE,EN,Federal Contract Tower,0,1,3,0,4,0,0,31,3,34,0,1,34,3,38,30,12,42,80
03/04/2018,BAF,MA,ANE,EN,Federal Contract Tower,0,2,10,0,12,0,0,46,8,54,0,2,56,8,66,44,0,44,110
03/05/2018,BAF,MA,ANE,EN,Federal Contract Tower,0,0,3,0,3,0,0,32,7,39,0,0,35,7,42,60,0,60,102
03/06/2018,BAF,MA,ANE,EN,Federal Contract Tower,0,0,19,11,30,0,0,74,10,84,0,0,93,21,114,118,4,122,236
03/07/2018,BAF,MA,ANE,EN,Federal Contract Tower,0,0,0,4,4,0,0,0,0,0,0,0,0,4,4,0,0,0,4
03/08/2018,BAF,MA,ANE,EN,Federal Contract Tower,0,2,1,3,6,0,0,6,12,18,0,2,7,15,24,12,12,24,48
03/09/2018,BAF,MA,ANE,EN,Federal Contract Tower,0,5,1,8,14,0,0,44,17,61,0,5,45,25,75,46,14,60,135
03/10/2018,BAF,MA,ANE,EN,Federal Contract Tower,0,6,6,0,12,0,0,39,0,39,0,6,45,0,51,54,0,54,105
03/11/2018,BAF,MA,ANE,EN,Federal Contract Tower,0,3,9,0,12,0,0,86,0,86,0,3,95,0,98,76,0,76,174
03/12/2018,BAF,MA,ANE,EN,Federal Contract Tower,0,0,10,2,12,0,0,46,1,47,0,0,56,3,59,34,0,34,93
03/13/2018,BAF,MA,ANE,EN,Federal Contract Tower,0,0,0,0,0,0,0,0,0,0,0,0,0,0,0,0,0,0,0
03/14/2018,BAF,MA,ANE,EN,Federal Contract Tower,0,0,4,6,10,0,0,7,0,7,0,0,11,6,17,10,0,10,27
03/15/2018,BAF,MA,ANE,EN,Federal Contract Tower,0,2,9,6,17,0,0,42,6,48,0,2,51,12,65,32,2,34,99
03/16/2018,BAF,MA,ANE,EN,Federal Contract Tower,0,3,4,5,12,0,0,33,0,33,0,3,37,5,45,16,0,16,61
03/17/2018,BAF,MA,ANE,EN,Federal Contract Tower,0,0,7,0,7,0,0,43,0,43,0,0,50,0,50,38,0,38,88
03/18/2018,BAF,MA,ANE,EN,Federal Contract Tower,0,2,7,0,9,0,0,68,0,68,0,2,75,0,77,58,0,58,135
03/19/2018,BAF,MA,ANE,EN,Federal Contract Tower,0,0,12,0,12,0,0,61,0,61,0,0,73,0,73,38,0,38,111
03/20/2018,BAF,MA,ANE,EN,Federal Contract Tower,0,0,4,8,12,0,0,64,18,82,0,0,68,26,94,52,4,56,150
03/21/2018,BAF,MA,ANE,EN,Federal Contract Tower,0,0,1,2,3,0,0,8,13,21,0,0,9,15,24,20,12,32,56
03/22/2018,BAF,MA,ANE,EN,Federal Contract Tower,0,1,9,6,16,0,0,24,25,49,0,1,33,31,65,4,0,4,69
03/23/2018,BAF,MA,ANE,EN,Federal Contract Tower,0,1,10,9,20,0,0,67,14,81,0,1,77,23,101,40,20,60,161
03/24/2018,BAF,MA,ANE,EN,Federal Contract Tower,0,0,6,0,6,0,0,63,0,63,0,0,69,0,69,40,0,40,109
03/25/2018,BAF,MA,ANE,EN,Federal Contract Tower,0,0,11,0,11,0,0,60,0,60,0,0,71,0,71,84,0,84,155
03/26/2018,BAF,MA,ANE,EN,Federal Contract Tower,0,0,13,9,22,0,0,87,0,87,0,0,100,9,109,52,0,52,161
03/27/2018,BAF,MA,ANE,EN,Federal Contract Tower,0,4,1,11,16,0,0,98,15,113,0,4,99,26,129,142,32,174,303
03/28/2018,BAF,MA,ANE,EN,Federal Contract Tower,0,4,10,10,24,0,0,21,20,41,0,4,31,30,65,18,32,50,115
03/29/2018,BAF,MA,ANE,EN,Federal Contract Tower,0,5,3,9,17,0,0,26,20,46,0,5,29,29,63,24,0,24,87
03/30/2018,BAF,MA,ANE,EN,Federal Contract Tower,0,3,12,3,18,0,0,21,12,33,0,3,33,15,51,48,14,62,113
03/31/2018,BAF,MA,ANE,EN,Federal Contract Tower,0,1,4,0,5,0,0,83,0,83,0,1,87,0,88,112,0,112,200
04/01/2018,BAF,MA,ANE,EN,Federal Contract Tower,0,2,3,0,5,0,0,43,0,43,0,2,46,0,48,38,0,38,86
04/02/2018,BAF,MA,ANE,EN,Federal Contract Tower,0,13,7,0,20,0,0,22,7,29,0,13,29,7,49,26,4,30,79
04/03/2018,BAF,MA,ANE,EN,Federal Contract Tower,0,1,3,6,10,0,0,24,5,29,0,1,27,11,39,44,16,60,99
04/04/2018,BAF,MA,ANE,EN,Federal Contract Tower,0,2,1,0,3,0,0,14,0,14,0,2,15,0,17,4,0,4,21
04/05/2018,BAF,MA,ANE,EN,Federal Contract Tower,0,0,5,4,9,0,0,35,10,45,0,0,40,14,54,20,18,38,92
04/06/2018,BAF,MA,ANE,EN,Federal Contract Tower,0,3,4,2,9,0,0,8,6,14,0,3,12,8,23,34,0,34,57
04/07/2018,BAF,MA,ANE,EN,Federal Contract Tower,0,2,12,10,24,0,0,85,24,109,0,2,97,34,133,98,22,120,253
04/08/2018,BAF,MA,ANE,EN,Federal Contract Tower,0,4,6,8,18,0,0,62,30,92,0,4,68,38,110,50,2,52,162
04/09/2018,BAF,MA,ANE,EN,Federal Contract Tower,0,1,9,0,10,0,0,47,0,47,0,1,56,0,57,106,2,108,165
04/10/2018,BAF,MA,ANE,EN,Federal Contract Tower,0,0,4,3,7,0,0,4,3,7,0,0,8,6,14,22,0,22,36
04/11/2018,BAF,MA,ANE,EN,Federal Contract Tower,0,2,10,10,22,0,0,66,15,81,0,2,76,25,103,82,10,92,195
04/12/2018,BAF,MA,ANE,EN,Federal Contract Tower,0,7,8,10,25,0,2,71,27,100,0,9,79,37,125,50,52,102,227
04/13/2018,BAF,MA,ANE,EN,Federal Contract Tower,0,6,13,5,24,0,0,80,11,91,0,6,93,16,115,100,0,100,215
04/14/2018,BAF,MA,ANE,EN,Federal Contract Tower,0,3,9,0,12,0,0,40,0,40,0,3,49,0,52,80,0,80,132
04/15/2018,BAF,MA,ANE,EN,Federal Contract Tower,0,5,1,0,6,0,0,20,0,20,0,5,21,0,26,0,0,0,26
04/16/2018,BAF,MA,ANE,EN,Federal Contract Tower,0,0,4,0,4,0,0,0,0,0,0,0,4,0,4,0,0,0,4
04/17/2018,BAF,MA,ANE,EN,Federal Contract Tower,0,5,10,19,34,0,0,14,8,22,0,5,24,27,56,26,30,56,112
04/18/2018,BAF,MA,ANE,EN,Federal Contract Tower,0,1,11,11,23,0,0,77,15,92,0,1,88,26,115,50,34,84,199
04/19/2018,BAF,MA,ANE,EN,Federal Contract Tower,0,2,10,3,15,0,1,11,8,20,0,3,21,11,35,34,22,56,91
04/20/2018,BAF,MA,ANE,EN,Federal Contract Tower,0,6,7,9,22,0,55,29,0,84,0,61,36,9,106,38,34,72,178
04/21/2018,BAF,MA,ANE,EN,Federal Contract Tower,0,1,7,0,8,0,0,64,0,64,0,1,71,0,72,64,0,64,136
04/22/2018,BAF,MA,ANE,EN,Federal Contract Tower,0,5,16,0,21,0,0,96,0,96,0,5,112,0,117,46,0,46,163
04/23/2018,BAF,MA,ANE,EN,Federal Contract Tower,0,0,17,2,19,0,0,79,0,79,0,0,96,2,98,124,4,128,226
04/24/2018,BAF,MA,ANE,EN,Federal Contract Tower,0,1,17,14,32,0,0,84,8,92,0,1,101,22,124,108,18,126,250
04/25/2018,BAF,MA,ANE,EN,Federal Contract Tower,0,2,9,0,11,0,0,0,0,0,0,2,9,0,11,0,0,0,11
04/26/2018,BAF,MA,ANE,EN,Federal Contract Tower,0,1,13,8,22,0,0,45,24,69,0,1,58,32,91,68,14,82,173
04/27/2018,BAF,MA,ANE,EN,Federal Contract Tower,0,1,15,0,16,0,0,24,4,28,0,1,39,4,44,30,10,40,84
04/28/2018,BAF,MA,ANE,EN,Federal Contract Tower,0,2,6,0,8,0,0,71,0,71,0,2,77,0,79,86,0,86,165
04/29/2018,BAF,MA,ANE,EN,Federal Contract Tower,0,2,9,0,11,0,0,17,0,17,0,2,26,0,28,10,2,12,40
04/30/2018,BAF,MA,ANE,EN,Federal Contract Tower,0,0,6,0,6,0,0,23,12,35,0,0,29,12,41,26,22,48,89
05/01/2018,BAF,MA,ANE,EN,Federal Contract Tower,0,3,15,8,26,0,0,70,11,81,0,3,85,19,107,52,40,92,199
05/02/2018,BAF,MA,ANE,EN,Federal Contract Tower,0,0,4,7,11,0,0,83,10,93,0,0,87,17,104,68,16,84,188
05/03/2018,BAF,MA,ANE,EN,Federal Contract Tower,0,2,4,7,13,0,0,40,8,48,0,2,44,15,61,44,0,44,105
05/04/2018,BAF,MA,ANE,EN,Federal Contract Tower,0,2,15,2,19,0,0,38,25,63,0,2,53,27,82,36,22,58,140
05/05/2018,BAF,MA,ANE,EN,Federal Contract Tower,0,7,10,7,24,0,0,74,19,93,0,7,84,26,117,62,6,68,185
05/06/2018,BAF,MA,ANE,EN,Federal Contract Tower,0,4,9,0,13,0,0,5,21,26,0,4,14,21,39,4,0,4,43
05/07/2018,BAF,MA,ANE,EN,Federal Contract Tower,0,0,8,0,8,0,0,80,0,80,0,0,88,0,88,64,0,64,152
05/08/2018,BAF,MA,ANE,EN,Federal Contract Tower,0,2,1,11,14,0,0,80,7,87,0,2,81,18,101,60,30,90,191
05/09/2018,BAF,MA,ANE,EN,Federal Contract Tower,0,6,15,13,34,0,0,86,15,101,0,6,101,28,135,60,56,116,251
05/10/2018,BAF,MA,ANE,EN,Federal Contract Tower,0,0,5,12,17,0,0,48,4,52,0,0,53,16,69,76,32,108,177
05/11/2018,BAF,MA,ANE,EN,Federal Contract Tower,0,3,11,6,20,0,0,69,23,92,0,3,80,29,112,62,8,70,182
05/12/2018,BAF,MA,ANE,EN,Federal Contract Tower,0,0,11,0,11,0,0,7,0,7,0,0,18,0,18,2,0,2,20
05/13/2018,BAF,MA,ANE,EN,Federal Contract Tower,0,1,14,0,15,0,0,46,0,46,0,1,60,0,61,56,0,56,117
05/14/2018,BAF,MA,ANE,EN,Federal Contract Tower,0,1,8,16,25,0,0,39,4,43,0,1,47,20,68,16,16,32,100
05/15/2018,BAF,MA,ANE,EN,Federal Contract Tower,0,0,0,5,5,0,0,8,3,11,0,0,8,8,16,0,18,18,34
05/16/2018,BAF,MA,ANE,EN,Federal Contract Tower,0,2,9,12,23,0,0,55,35,90,0,2,64,47,113,56,6,62,175
05/17/2018,BAF,MA,ANE,EN,Federal Contract Tower,0,1,21,11,33,0,0,39,4,43,0,1,60,15,76,50,0,50,126
05/18/2018,BAF,MA,ANE,EN,Federal Contract Tower,0,11,2,0,13,0,0,40,9,49,0,11,42,9,62,42,4,46,108
05/19/2018,BAF,MA,ANE,EN,Federal Contract Tower,0,3,11,0,14,0,0,4,0,4,0,3,15,0,18,0,0,0,18
05/20/2018,BAF,MA,ANE,EN,Federal Contract Tower,0,5,11,0,16,0,0,29,0,29,0,5,40,0,45,44,0,44,89
05/21/2018,BAF,MA,ANE,EN,Federal Contract Tower,0,1,4,10,15,0,0,73,10,83,0,1,77,20,98,120,8,128,226
05/22/2018,BAF,MA,ANE,EN,Federal Contract Tower,0,0,21,15,36,0,0,45,21,66,0,0,66,36,102,30,12,42,144
05/23/2018,BAF,MA,ANE,EN,Federal Contract Tower,0,1,7,14,22,0,0,64,23,87,0,1,71,37,109,72,18,90,199
05/24/2018,BAF,MA,ANE,EN,Federal Contract Tower,0,2,13,6,21,0,0,148,21,169,0,2,161,27,190,36,0,36,226
05/25/2018,BAF,MA,ANE,EN,Federal Contract Tower,0,4,4,0,8,0,0,53,8,61,0,4,57,8,69,40,0,40,109
05/26/2018,BAF,MA,ANE,EN,Federal Contract Tower,0,5,4,0,9,0,0,74,0,74,0,5,78,0,83,66,0,66,149
05/27/2018,BAF,MA,ANE,EN,Federal Contract Tower,0,2,4,0,6,0,0,1,1,2,0,2,5,1,8,0,0,0,8
05/28/2018,BAF,MA,ANE,EN,Federal Contract Tower,0,3,11,0,14,0,0,34,0,34,0,3,45,0,48,42,0,42,90
05/29/2018,BAF,MA,ANE,EN,Federal Contract Tower,0,4,14,7,25,0,0,77,11,88,0,4,91,18,113,78,4,82,195
05/30/2018,BAF,MA,ANE,EN,Federal Contract Tower,0,2,9,9,20,0,0,64,19,83,0,2,73,28,103,44,6,50,153
05/31/2018,BAF,MA,ANE,EN,Federal Contract Tower,0,2,10,11,23,0,0,33,20,53,0,2,43,31,76,38,8,46,122
06/01/2018,BAF,MA,ANE,EN,Federal Contract Tower,0,4,20,8,32,0,0,18,0,18,0,4,38,8,50,28,0,28,78
06/02/2018,BAF,MA,ANE,EN,Federal Contract Tower,0,3,16,1,20,0,0,74,14,88,0,3,90,15,108,46,0,46,154
06/03/2018,BAF,MA,ANE,EN,Federal Contract Tower,0,0,6,12,18,0,0,87,29,116,0,0,93,41,134,20,0,20,154
06/04/2018,BAF,MA,ANE,EN,Federal Contract Tower,0,0,7,0,7,0,0,0,0,0,0,0,7,0,7,0,0,0,7
06/05/2018,BAF,MA,ANE,EN,Federal Contract Tower,0,0,8,8,16,0,0,38,12,50,0,0,46,20,66,28,14,42,108
06/06/2018,BAF,MA,ANE,EN,Federal Contract Tower,0,0,15,13,28,0,0,81,1,82,0,0,96,14,110,66,14,80,190
06/07/2018,BAF,MA,ANE,EN,Federal Contract Tower,0,3,22,11,36,0,0,65,5,70,0,3,87,16,106,64,2,66,172
06/08/2018,BAF,MA,ANE,EN,Federal Contract Tower,1,4,9,1,15,0,0,89,1,90,1,4,98,2,105,122,2,124,229
06/09/2018,BAF,MA,ANE,EN,Federal Contract Tower,1,2,9,1,13,0,0,95,0,95,1,2,104,1,108,68,0,68,176
06/10/2018,BAF,MA,ANE,EN,Federal Contract Tower,0,8,4,0,12,0,0,86,3,89,0,8,90,3,101,44,0,44,145
06/11/2018,BAF,MA,ANE,EN,Federal Contract Tower,0,2,7,4,13,0,0,97,5,102,0,2,104,9,115,84,10,94,209
06/12/2018,BAF,MA,ANE,EN,Federal Contract Tower,0,1,1,6,8,0,0,72,6,78,0,1,73,12,86,48,4,52,138
06/13/2018,BAF,MA,ANE,EN,Federal Contract Tower,0,1,8,2,11,0,0,16,4,20,0,1,24,6,31,2,16,18,49
06/14/2018,BAF,MA,ANE,EN,Federal Contract Tower,0,2,10,0,12,0,0,37,21,58,0,2,47,21,70,22,0,22,92
06/15/2018,BAF,MA,ANE,EN,Federal Contract Tower,0,0,19,4,23,0,0,75,10,85,0,0,94,14,108,100,0,100,208
06/16/2018,BAF,MA,ANE,EN,Federal Contract Tower,0,2,3,0,5,0,0,83,0,83,0,2,86,0,88,38,0,38,126
06/17/2018,BAF,MA,ANE,EN,Federal Contract Tower,0,5,6,2,13,0,0,96,0,96,0,5,102,2,109,74,0,74,183
06/18/2018,BAF,MA,ANE,EN,Federal Contract Tower,0,4,6,0,10,0,0,41,0,41,0,4,47,0,51,66,0,66,117
06/19/2018,BAF,MA,ANE,EN,Federal Contract Tower,0,0,10,4,14,0,1,59,11,71,0,1,69,15,85,54,22,76,161
06/20/2018,BAF,MA,ANE,EN,Federal Contract Tower,0,3,8,1,12,0,0,76,3,79,0,3,84,4,91,62,6,68,159
06/21/2018,BAF,MA,ANE,EN,Federal Contract Tower,0,1,14,1,16,0,0,65,0,65,0,1,79,1,81,30,4,34,115
06/22/2018,BAF,MA,ANE,EN,Federal Contract Tower,0,0,6,2,8,0,0,84,0,84,0,0,90,2,92,92,0,92,184
06/23/2018,BAF,MA,ANE,EN,Federal Contract Tower,0,2,8,0,10,0,0,20,0,20,0,2,28,0,30,28,0,28,58
06/24/2018,BAF,MA,ANE,EN,Federal Contract Tower,0,2,11,0,13,0,0,18,0,18,0,2,29,0,31,40,0,40,71
06/25/2018,BAF,MA,ANE,EN,Federal Contract Tower,0,0,12,2,14,0,0,67,3,70,0,0,79,5,84,30,6,36,120
06/26/2018,BAF,MA,ANE,EN,Federal Contract Tower,0,0,10,1,11,0,0,92,9,101,0,0,102,10,112,48,0,48,160
06/27/2018,BAF,MA,ANE,EN,Federal Contract Tower,0,3,2,4,9,0,0,42,12,54,0,3,44,16,63,22,8,30,93
06/28/2018,BAF,MA,ANE,EN,Federal Contract Tower,0,3,9,0,12,0,0,3,0,3,0,3,12,0,15,2,0,2,17
06/29/2018,BAF,MA,ANE,EN,Federal Contract Tower,0,2,8,0,10,0,0,65,5,70,0,2,73,5,80,90,0,90,170
06/30/2018,BAF,MA,ANE,EN,Federal Contract Tower,0,3,2,0,5,0,0,105,0,105,0,3,107,0,110,100,0,100,210
07/01/2018,BAF,MA,ANE,EN,Federal Contract Tower,0,2,5,0,7,0,2,68,0,70,0,4,73,0,77,40,0,40,117
07/02/2018,BAF,MA,ANE,EN,Federal Contract Tower,0,0,16,0,16,0,0,76,7,83,0,0,92,7,99,34,18,52,151
07/03/2018,BAF,MA,ANE,EN,Federal Contract Tower,0,0,10,0,10,0,0,41,1,42,0,0,51,1,52,64,0,64,116
07/04/2018,BAF,MA,ANE,EN,Federal Contract Tower,0,1,5,0,6,0,0,51,0,51,0,1,56,0,57,8,0,8,65
07/05/2018,BAF,MA,ANE,EN,Federal Contract Tower,0,4,11,0,15,0,0,58,2,60,0,4,69,2,75,64,0,64,139
07/06/2018,BAF,MA,ANE,EN,Federal Contract Tower,0,0,2,0,2,0,0,34,3,37,0,0,36,3,39,30,0,30,69
07/07/2018,BAF,MA,ANE,EN,Federal Contract Tower,0,1,7,2,10,0,0,90,0,90,0,1,97,2,100,96,0,96,196
07/08/2018,BAF,MA,ANE,EN,Federal Contract Tower,0,6,4,0,10,0,0,99,0,99,0,6,103,0,109,106,0,106,215
07/09/2018,BAF,MA,ANE,EN,Federal Contract Tower,0,5,13,3,21,0,2,97,5,104,0,7,110,8,125,82,0,82,207
07/10/2018,BAF,MA,ANE,EN,Federal Contract Tower,0,1,10,0,11,0,0,85,11,96,0,1,95,11,107,108,16,124,231
07/11/2018,BAF,MA,ANE,EN,Federal Contract Tower,0,2,5,3,10,0,0,78,11,89,0,2,83,14,99,48,4,52,151
07/12/2018,BAF,MA,ANE,EN,Federal Contract Tower,0,2,2,4,8,0,0,89,9,98,0,2,91,13,106,30,0,30,136
07/13/2018,BAF,MA,ANE,EN,Federal Contract Tower,0,8,7,2,17,0,0,100,15,115,0,8,107,17,132,52,4,56,188
07/14/2018,BAF,MA,ANE,EN,Federal Contract Tower,0,7,15,0,22,0,0,65,0,65,0,7,80,0,87,18,0,18,105
07/15/2018,BAF,MA,ANE,EN,Federal Contract Tower,0,3,15,0,18,0,2,68,0,70,0,5,83,0,88,78,0,78,166
07/16/2018,BAF,MA,ANE,EN,Federal Contract Tower,0,3,9,0,12,0,0,50,4,54,0,3,59,4,66,54,0,54,120
07/17/2018,BAF,MA,ANE,EN,Federal Contract Tower,0,0,4,4,8,0,0,27,0,27,0,0,31,4,35,10,0,10,45
07/18/2018,BAF,MA,ANE,EN,Federal Contract Tower,0,4,12,2,18,0,0,67,10,77,0,4,79,12,95,110,2,112,207
07/19/2018,BAF,MA,ANE,EN,Federal Contract Tower,0,4,3,3,10,0,0,69,15,84,0,4,72,18,94,76,24,100,194
07/20/2018,BAF,MA,ANE,EN,Federal Contract Tower,0,3,24,0,27,0,0,87,8,95,0,3,111,8,122,106,2,108,230
07/21/2018,BAF,MA,ANE,EN,Federal Contract Tower,0,3,12,1,16,0,0,75,4,79,0,3,87,5,95,32,0,32,127
07/22/2018,BAF,MA,ANE,EN,Federal Contract Tower,0,2,19,3,24,0,0,8,2,10,0,2,27,5,34,6,0,6,40
07/23/2018,BAF,MA,ANE,EN,Federal Contract Tower,0,4,10,2,16,0,0,0,0,0,0,4,10,2,16,0,0,0,16
07/24/2018,BAF,MA,ANE,EN,Federal Contract Tower,0,1,10,3,14,0,4,48,0,52,0,5,58,3,66,64,4,68,134
07/25/2018,BAF,MA,ANE,EN,Federal Contract Tower,0,0,16,0,16,0,0,1,4,5,0,0,17,4,21,14,0,14,35
07/26/2018,BAF,MA,ANE,EN,Federal Contract Tower,0,0,11,2,13,0,0,47,3,50,0,0,58,5,63,42,0,42,105
07/27/2018,BAF,MA,ANE,EN,Federal Contract Tower,0,0,8,0,8,0,0,45,2,47,0,0,53,2,55,82,0,82,137
07/28/2018,BAF,MA,ANE,EN,Federal Contract Tower,0,3,13,3,19,0,0,62,2,64,0,3,75,5,83,90,0,90,173
07/29/2018,BAF,MA,ANE,EN,Federal Contract Tower,0,1,4,1,6,0,0,97,4,101,0,1,101,5,107,116,0,116,223
07/30/2018,BAF,MA,ANE,EN,Federal Contract Tower,0,3,17,0,20,0,0,64,2,66,0,3,81,2,86,116,0,116,202
07/31/2018,BAF,MA,ANE,EN,Federal Contract Tower,0,0,4,2,6,0,0,104,2,106,0,0,108,4,112,138,0,138,250
08/01/2018,BAF,MA,ANE,EN,Federal Contract Tower,0,2,14,0,16,0,0,14,0,14,0,2,28,0,30,6,0,6,36
08/02/2018,BAF,MA,ANE,EN,Federal Contract Tower,0,0,5,3,8,0,0,47,7,54,0,0,52,10,62,64,0,64,126
08/03/2018,BAF,MA,ANE,EN,Federal Contract Tower,0,3,7,2,12,0,0,26,4,30,0,3,33,6,42,64,2,66,108
08/04/2018,BAF,MA,ANE,EN,Federal Contract Tower,0,0,3,0,3,0,0,0,0,0,0,0,3,0,3,6,0,6,9
08/05/2018,BAF,MA,ANE,EN,Federal Contract Tower,0,0,7,1,8,0,1,87,2,90,0,1,94,3,98,66,0,66,164
08/06/2018,BAF,MA,ANE,EN,Federal Contract Tower,0,0,8,0,8,0,0,49,0,49,0,0,57,0,57,24,0,24,81
08/07/2018,BAF,MA,ANE,EN,Federal Contract Tower,0,3,5,0,8,0,0,69,7,76,0,3,74,7,84,62,0,62,146
08/08/2018,BAF,MA,ANE,EN,Federal Contract Tower,0,0,6,0,6,0,0,41,4,45,0,0,47,4,51,46,10,56,107
08/09/2018,BAF,MA,ANE,EN,Federal Contract Tower,0,1,10,7,18,0,1,63,9,73,0,2,73,16,91,82,22,104,195
08/10/2018,BAF,MA,ANE,EN,Federal Contract Tower,0,0,6,2,8,0,0,67,4,71,0,0,73,6,79,80,0,80,159
08/11/2018,BAF,MA,ANE,EN,Federal Contract Tower,0,0,16,2,18,0,0,12,2,14,0,0,28,4,32,10,0,10,42
08/12/2018,BAF,MA,ANE,EN,Federal Contract Tower,0,7,4,2,13,0,0,4,0,4,0,7,8,2,17,28,0,28,45
08/13/2018,BAF,MA,ANE,EN,Federal Contract Tower,0,5,11,3,19,0,0,0,0,0,0,5,11,3,19,0,0,0,19
08/14/2018,BAF,MA,ANE,EN,Federal Contract Tower,0,6,12,2,20,0,0,2,0,2,0,6,14,2,22,24,0,24,46
08/15/2018,BAF,MA,ANE,EN,Federal Contract Tower,0,1,10,7,18,0,0,87,9,96,0,1,97,16,114,88,4,92,206
08/16/2018,BAF,MA,ANE,EN,Federal Contract Tower,0,1,10,3,14,0,0,81,17,98,0,1,91,20,112,68,4,72,184
08/17/2018,BAF,MA,ANE,EN,Federal Contract Tower,0,0,17,3,20,0,0,28,3,31,0,0,45,6,51,12,0,12,63
08/18/2018,BAF,MA,ANE,EN,Federal Contract Tower,0,0,9,1,10,0,0,21,2,23,0,0,30,3,33,12,0,12,45
08/19/2018,BAF,MA,ANE,EN,Federal Contract Tower,0,0,10,1,11,0,0,68,4,72,0,0,78,5,83,28,0,28,111
08/20/2018,BAF,MA,ANE,EN,Federal Contract Tower,0,0,9,0,9,0,0,64,0,64,0,0,73,0,73,82,0,82,155
08/21/2018,BAF,MA,ANE,EN,Federal Contract Tower,0,0,8,6,14,0,0,63,24,87,0,0,71,30,101,78,0,78,179
08/22/2018,BAF,MA,ANE,EN,Federal Contract Tower,0,3,3,2,8,0,0,25,13,38,0,3,28,15,46,24,0,24,70
08/23/2018,BAF,MA,ANE,EN,Federal Contract Tower,0,5,4,1,10,0,0,75,18,93,0,5,79,19,103,32,4,36,139
08/24/2018,BAF,MA,ANE,EN,Federal Contract Tower,0,2,8,1,11,0,2,83,1,86,0,4,91,2,97,62,0,62,159
08/25/2018,BAF,MA,ANE,EN,Federal Contract Tower,0,0,2,0,2,0,0,55,0,55,0,0,57,0,57,44,0,44,101
08/26/2018,BAF,MA,ANE,EN,Federal Contract Tower,0,2,6,0,8,0,0,39,0,39,0,2,45,0,47,102,0,102,149
08/27/2018,BAF,MA,ANE,EN,Federal Contract Tower,0,0,17,0,17,0,0,69,4,73,0,0,86,4,90,88,0,88,178
08/28/2018,BAF,MA,ANE,EN,Federal Contract Tower,0,1,20,0,21,0,6,83,0,89,0,7,103,0,110,76,14,90,200
08/29/2018,BAF,MA,ANE,EN,Federal Contract Tower,0,2,7,4,13,0,0,39,4,43,0,2,46,8,56,44,44,88,144
08/30/2018,BAF,MA,ANE,EN,Federal Contract Tower,0,0,1,3,4,0,0,53,0,53,0,0,54,3,57,32,10,42,99
08/31/2018,BAF,MA,ANE,EN,Federal Contract Tower,0,2,15,1,18,0,2,63,0,65,0,4,78,1,83,38,0,38,121
09/01/2018,BAF,MA,ANE,EN,Federal Contract Tower,0,3,13,0,16,0,0,82,0,82,0,3,95,0,98,102,0,102,200
09/02/2018,BAF,MA,ANE,EN,Federal Contract Tower,0,2,12,0,14,0,0,63,0,63,0,2,75,0,77,28,0,28,105
09/03/2018,BAF,MA,ANE,EN,Federal Contract Tower,0,3,9,0,12,0,0,71,0,71,0,3,80,0,83,58,0,58,141
09/04/2018,BAF,MA,ANE,EN,Federal Contract Tower,0,2,4,2,8,0,0,46,5,51,0,2,50,7,59,64,2,66,125
09/05/2018,BAF,MA,ANE,EN,Federal Contract Tower,0,2,8,3,13,0,0,73,4,77,0,2,81,7,90,112,0,112,202
09/06/2018,BAF,MA,ANE,EN,Federal Contract Tower,1,2,7,3,13,0,0,24,7,31,1,2,31,10,44,6,28,34,78
09/07/2018,BAF,MA,ANE,EN,Federal Contract Tower,1,1,10,0,12,0,0,42,0,42,1,1,52,0,54,24,2,26,80
09/08/2018,BAF,MA,ANE,EN,Federal Contract Tower,0,0,21,1,22,0,0,110,3,113,0,0,131,4,135,56,0,56,191
09/09/2018,BAF,MA,ANE,EN,Federal Contract Tower,0,0,8,0,8,0,0,48,17,65,0,0,56,17,73,22,8,30,103
09/10/2018,BAF,MA,ANE,EN,Federal Contract Tower,0,0,10,0,10,0,0,0,0,0,0,0,10,0,10,0,0,0,10
09/11/2018,BAF,MA,ANE,EN,Federal Contract Tower,0,0,11,0,11,0,0,22,3,25,0,0,33,3,36,30,6,36,72
09/12/2018,BAF,MA,ANE,EN,Federal Contract Tower,0,2,4,0,6,0,0,0,0,0,0,2,4,0,6,0,0,0,6
09/13/2018,BAF,MA,ANE,EN,Federal Contract Tower,0,2,17,5,24,0,0,14,5,19,0,2,31,10,43,18,8,26,69
09/14/2018,BAF,MA,ANE,EN,Federal Contract Tower,2,2,24,0,28,0,0,41,2,43,2,2,65,2,71,66,0,66,137
09/15/2018,BAF,MA,ANE,EN,Federal Contract Tower,0,0,9,0,9,0,0,65,2,67,0,0,74,2,76,80,0,80,156
09/16/2018,BAF,MA,ANE,EN,Federal Contract Tower,0,4,16,0,20,0,0,103,3,106,0,4,119,3,126,90,0,90,216
09/17/2018,BAF,MA,ANE,EN,Federal Contract Tower,0,2,3,1,6,0,0,45,0,45,0,2,48,1,51,82,2,84,135
09/18/2018,BAF,MA,ANE,EN,Federal Contract Tower,0,8,6,0,14,0,0,5,0,5,0,8,11,0,19,14,0,14,33
09/19/2018,BAF,MA,ANE,EN,Federal Contract Tower,0,4,25,3,32,0,0,43,2,45,0,4,68,5,77,62,2,64,141
09/20/2018,BAF,MA,ANE,EN,Federal Contract Tower,0,0,19,2,21,0,0,55,2,57,0,0,74,4,78,84,8,92,170
09/21/2018,BAF,MA,ANE,EN,Federal Contract Tower,1,3,9,5,18,0,0,20,8,28,1,3,29,13,46,36,0,36,82
09/22/2018,BAF,MA,ANE,EN,Federal Contract Tower,1,0,3,0,4,0,2,53,1,56,1,2,56,1,60,58,0,58,118
09/23/2018,BAF,MA,ANE,EN,Federal Contract Tower,0,2,15,0,17,0,0,78,0,78,0,2,93,0,95,52,0,52,147
09/24/2018,BAF,MA,ANE,EN,Federal Contract Tower,0,0,6,0,6,0,2,14,0,16,0,2,20,0,22,20,0,20,42
09/25/2018,BAF,MA,ANE,EN,Federal Contract Tower,0,3,7,2,12,0,0,0,0,0,0,3,7,2,12,0,0,0,12
09/26/2018,BAF,MA,ANE,EN,Federal Contract Tower,0,4,6,2,12,0,0,1,2,3,0,4,7,4,15,2,4,6,21
09/27/2018,BAF,MA,ANE,EN,Federal Contract Tower,0,3,19,3,25,0,2,77,26,105,0,5,96,29,130,70,2,72,202
09/28/2018,BAF,MA,ANE,EN,Federal Contract Tower,2,1,4,7,14,0,0,0,6,6,2,1,4,13,20,0,0,0,20
09/29/2018,BAF,MA,ANE,EN,Federal Contract Tower,0,1,5,0,6,0,0,81,0,81,0,1,86,0,87,68,0,68,155
09/30/2018,BAF,MA,ANE,EN,Federal Contract Tower,0,0,15,9,24,0,0,63,6,69,0,0,78,15,93,38,0,38,131
10/01/2018,BAF,MA,ANE,EN,Federal Contract Tower,0,2,8,0,10,0,0,12,0,12,0,2,20,0,22,14,0,14,36
10/02/2018,BAF,MA,ANE,EN,Federal Contract Tower,0,3,8,2,13,0,0,0,0,0,0,3,8,2,13,0,0,0,13
10/03/2018,BAF,MA,ANE,EN,Federal Contract Tower,0,2,22,5,29,0,0,43,11,54,0,2,65,16,83,74,12,86,169
10/04/2018,BAF,MA,ANE,EN,Federal Contract Tower,0,2,10,2,14,0,1,28,11,40,0,3,38,13,54,32,0,32,86
10/05/2018,BAF,MA,ANE,EN,Federal Contract Tower,0,0,7,3,10,0,0,69,0,69,0,0,76,3,79,68,8,76,155
10/06/2018,BAF,MA,ANE,EN,Federal Contract Tower,0,0,7,0,7,0,0,20,0,20,0,0,27,0,27,26,0,26,53
10/07/2018,BAF,MA,ANE,EN,Federal Contract Tower,0,0,7,0,7,0,0,57,0,57,0,0,64,0,64,70,0,70,134
10/08/2018,BAF,MA,ANE,EN,Federal Contract Tower,0,1,21,0,22,0,0,0,0,0,0,1,21,0,22,0,0,0,22
10/09/2018,BAF,MA,ANE,EN,Federal Contract Tower,0,0,11,4,15,0,0,16,0,16,0,0,27,4,31,66,0,66,97
10/10/2018,BAF,MA,ANE,EN,Federal Contract Tower,0,0,11,1,12,0,0,53,8,61,0,0,64,9,73,60,14,74,147
10/11/2018,BAF,MA,ANE,EN,Federal Contract Tower,0,1,16,5,22,0,0,1,0,1,0,1,17,5,23,10,0,10,33
10/12/2018,BAF,MA,ANE,EN,Federal Contract Tower,0,2,7,1,10,0,4,25,7,36,0,6,32,8,46,48,0,48,94
10/13/2018,BAF,MA,ANE,EN,Federal Contract Tower,0,0,10,4,14,0,0,22,8,30,0,0,32,12,44,24,4,28,72
10/14/2018,BAF,MA,ANE,EN,Federal Contract Tower,0,0,16,0,16,0,0,81,0,81,0,0,97,0,97,74,0,74,171
10/15/2018,BAF,MA,ANE,EN,Federal Contract Tower,0,0,5,0,5,0,0,0,0,0,0,0,5,0,5,0,0,0,5
10/16/2018,BAF,MA,ANE,EN,Federal Contract Tower,0,0,16,7,23,0,0,65,5,70,0,0,81,12,93,64,26,90,183
10/17/2018,BAF,MA,ANE,EN,Federal Contract Tower,0,0,6,7,13,0,1,25,14,40,0,1,31,21,53,16,26,42,95
10/18/2018,BAF,MA,ANE,EN,Federal Contract Tower,0,1,3,13,17,0,1,30,2,33,0,2,33,15,50,20,4,24,74
10/19/2018,BAF,MA,ANE,EN,Federal Contract Tower,1,2,6,2,11,0,1,67,4,72,1,3,73,6,83,62,4,66,149
10/20/2018,BAF,MA,ANE,EN,Federal Contract Tower,1,0,17,0,18,0,0,65,21,86,1,0,82,21,104,62,0,62,166
10/21/2018,BAF,MA,ANE,EN,Federal Contract Tower,0,4,3,0,7,0,0,49,9,58,0,4,52,9,65,26,2,28,93
10/22/2018,BAF,MA,ANE,EN,Federal Contract Tower,0,6,16,9,31,0,0,71,3,74,0,6,87,12,105,68,22,90,195
10/23/2018,BAF,MA,ANE,EN,Federal Contract Tower,0,3,6,6,15,0,0,49,11,60,0,3,55,17,75,24,12,36,111
10/24/2018,BAF,MA,ANE,EN,Federal Contract Tower,0,2,8,6,16,0,0,44,21,65,0,2,52,27,81,26,10,36,117
10/25/2018,BAF,MA,ANE,EN,Federal Contract Tower,0,1,4,5,10,0,0,39,17,56,0,1,43,22,66,18,6,24,90
10/26/2018,BAF,MA,ANE,EN,Federal Contract Tower,0,8,5,7,20,0,0,72,26,98,0,8,77,33,118,82,30,112,230
10/27/2018,BAF,MA,ANE,EN,Federal Contract Tower,0,1,0,0,1,0,0,0,0,0,0,1,0,0,1,0,0,0,1
10/28/2018,BAF,MA,ANE,EN,Federal Contract Tower,0,5,8,1,14,0,0,2,0,2,0,5,10,1,16,0,0,0,16
10/29/2018,BAF,MA,ANE,EN,Federal Contract Tower,0,0,3,5,8,0,0,5,0,5,0,0,8,5,13,4,0,4,17
10/30/2018,BAF,MA,ANE,EN,Federal Contract Tower,0,0,7,7,14,0,0,53,27,80,0,0,60,34,94,54,32,86,180
10/31/2018,BAF,MA,ANE,EN,Federal Contract Tower,0,2,6,0,8,0,0,86,3,89,0,2,92,3,97,114,0,114,211
11/01/2018,BAF,MA,ANE,EN,Federal Contract Tower,0,3,2,2,7,0,0,38,0,38,0,3,40,2,45,54,0,54,99
11/02/2018,BAF,MA,ANE,EN,Federal Contract Tower,1,0,2,12,15,0,9,8,0,17,1,9,10,12,32,14,0,14,46
11/03/2018,BAF,MA,ANE,EN,Federal Contract Tower,0,1,1,0,2,0,0,6,0,6,0,1,7,0,8,2,0,2,10
11/04/2018,BAF,MA,ANE,EN,Federal Contract Tower,0,0,9,14,23,0,1,105,9,115,0,1,114,23,138,76,4,80,218
11/06/2018,BAF,MA,ANE,EN,Federal Contract Tower,0,0,5,5,10,0,0,0,0,0,0,0,5,5,10,0,0,0,10
11/07/2018,BAF,MA,ANE,EN,Federal Contract Tower,0,2,5,7,14,0,0,68,26,94,0,2,73,33,108,72,10,82,190
11/08/2018,BAF,MA,ANE,EN,Federal Contract Tower,0,2,3,4,9,0,0,46,8,54,0,2,49,12,63,34,8,42,105
11/09/2018,BAF,MA,ANE,EN,Federal Contract Tower,0,2,5,3,10,0,0,31,16,47,0,2,36,19,57,26,0,26,83
11/10/2018,BAF,MA,ANE,EN,Federal Contract Tower,0,0,6,1,7,0,1,15,7,23,0,1,21,8,30,10,6,16,46
11/11/2018,BAF,MA,ANE,EN,Federal Contract Tower,0,0,7,1,8,0,0,47,0,47,0,0,54,1,55,58,0,58,113
11/12/2018,BAF,MA,ANE,EN,Federal Contract Tower,0,0,10,0,10,0,0,82,0,82,0,0,92,0,92,92,0,92,184
11/13/2018,BAF,MA,ANE,EN,Federal Contract Tower,0,0,6,4,10,0,0,1,6,7,0,0,7,10,17,0,0,0,17
11/14/2018,BAF,MA,ANE,EN,Federal Contract Tower,0,5,1,8,14,0,0,32,17,49,0,5,33,25,63,12,0,12,75
11/15/2018,BAF,MA,ANE,EN,Federal Contract Tower,0,1,13,8,22,0,0,40,18,58,0,1,53,26,80,42,18,60,140
11/16/2018,BAF,MA,ANE,EN,Federal Contract Tower,2,4,2,3,11,0,0,4,8,12,2,4,6,11,23,0,0,0,23
11/17/2018,BAF,MA,ANE,EN,Federal Contract Tower,0,1,5,1,7,0,3,35,2,40,0,4,40,3,47,60,0,60,107
11/18/2018,BAF,MA,ANE,EN,Federal Contract Tower,0,2,11,0,13,0,0,91,0,91,0,2,102,0,104,70,0,70,174
11/19/2018,BAF,MA,ANE,EN,Federal Contract Tower,0,0,5,0,5,0,0,0,0,0,0,0,5,0,5,0,0,0,5
11/20/2018,BAF,MA,ANE,EN,Federal Contract Tower,0,1,5,0,6,0,0,0,0,0,0,1,5,0,6,0,0,0,6
11/21/2018,BAF,MA,ANE,EN,Federal Contract Tower,0,4,3,8,15,0,0,22,10,32,0,4,25,18,47,68,0,68,115
11/22/2018,BAF,MA,ANE,EN,Federal Contract Tower,0,0,0,0,0,0,0,11,0,11,0,0,11,0,11,0,0,0,11
11/23/2018,BAF,MA,ANE,EN,Federal Contract Tower,0,0,3,2,5,0,0,48,1,49,0,0,51,3,54,72,2,74,128
11/24/2018,BAF,MA,ANE,EN,Federal Contract Tower,0,3,16,0,19,0,0,44,0,44,0,3,60,0,63,28,0,28,91
11/25/2018,BAF,MA,ANE,EN,Federal Contract Tower,0,3,14,0,17,0,0,57,0,57,0,3,71,0,74,40,0,40,114
11/26/2018,BAF,MA,ANE,EN,Federal Contract Tower,0,4,9,8,21,0,0,0,3,3,0,4,9,11,24,0,0,0,24
11/27/2018,BAF,MA,ANE,EN,Federal Contract Tower,0,4,4,6,14,0,0,32,30,62,0,4,36,36,76,44,18,62,138
11/28/2018,BAF,MA,ANE,EN,Federal Contract Tower,0,0,6,9,15,0,0,48,18,66,0,0,54,27,81,32,2,34,115
11/29/2018,BAF,MA,ANE,EN,Federal Contract Tower,0,1,10,11,22,0,0,35,18,53,0,1,45,29,75,30,6,36,111
11/30/2018,BAF,MA,ANE,EN,Federal Contract Tower,0,6,2,10,18,0,0,39,16,55,0,6,41,26,73,44,14,58,131
12/01/2018,BAF,MA,ANE,EN,Federal Contract Tower,0,0,4,9,13,0,0,91,42,133,0,0,95,51,146,78,22,100,246
12/02/2018,BAF,MA,ANE,EN,Federal Contract Tower,0,0,2,0,2,0,0,0,0,0,0,0,2,0,2,0,0,0,2
12/03/2018,BAF,MA,ANE,EN,Federal Contract Tower,0,0,6,0,6,0,0,36,0,36,0,0,42,0,42,16,0,16,58
12/04/2018,BAF,MA,ANE,EN,Federal Contract Tower,0,0,4,8,12,0,1,32,10,43,0,1,36,18,55,26,12,38,93
12/05/2018,BAF,MA,ANE,EN,Federal Contract Tower,0,3,8,2,13,0,0,56,1,57,0,3,64,3,70,28,0,28,98
12/06/2018,BAF,MA,ANE,EN,Federal Contract Tower,0,2,1,12,15,0,0,46,6,52,0,2,47,18,67,62,6,68,135
12/07/2018,BAF,MA,ANE,EN,Federal Contract Tower,0,7,13,5,25,0,2,39,10,51,0,9,52,15,76,14,4,18,94
12/08/2018,BAF,MA,ANE,EN,Federal Contract Tower,0,2,4,0,6,0,0,56,0,56,0,2,60,0,62,62,0,62,124
12/09/2018,BAF,MA,ANE,EN,Federal Contract Tower,0,1,10,0,11,0,0,75,0,75,0,1,85,0,86,66,0,66,152
12/10/2018,BAF,MA,ANE,EN,Federal Contract Tower,0,0,5,2,7,0,1,43,4,48,0,1,48,6,55,30,0,30,85
12/11/2018,BAF,MA,ANE,EN,Federal Contract Tower,0,6,18,9,33,0,0,67,26,93,0,6,85,35,126,62,14,76,202
12/12/2018,BAF,MA,ANE,EN,Federal Contract Tower,0,0,7,7,14,0,0,55,21,76,0,0,62,28,90,6,2,8,98
12/13/2018,BAF,MA,ANE,EN,Federal Contract Tower,0,0,3,5,8,0,0,7,0,7,0,0,10,5,15,0,0,0,15
12/14/2018,BAF,MA,ANE,EN,Federal Contract Tower,0,3,11,1,15,0,3,29,4,36,0,6,40,5,51,20,0,20,71
12/15/2018,BAF,MA,ANE,EN,Federal Contract Tower,0,1,8,0,9,0,0,55,0,55,0,1,63,0,64,88,0,88,152
12/16/2018,BAF,MA,ANE,EN,Federal Contract Tower,0,2,1,0,3,0,0,5,0,5,0,2,6,0,8,2,0,2,10
12/17/2018,BAF,MA,ANE,EN,Federal Contract Tower,0,1,8,4,13,0,0,24,12,36,0,1,32,16,49,4,0,4,53
12/18/2018,BAF,MA,ANE,EN,Federal Contract Tower,0,4,10,8,22,0,2,26,16,44,0,6,36,24,66,14,0,14,80
12/19/2018,BAF,MA,ANE,EN,Federal Contract Tower,0,0,4,10,14,0,0,97,22,119,0,0,101,32,133,72,20,92,225
12/20/2018,BAF,MA,ANE,EN,Federal Contract Tower,0,0,4,6,10,0,0,83,14,97,0,0,87,20,107,84,10,94,201
12/21/2018,BAF,MA,ANE,EN,Federal Contract Tower,0,2,3,1,6,0,0,0,0,0,0,2,3,1,6,0,0,0,6
12/22/2018,BAF,MA,ANE,EN,Federal Contract Tower,0,0,2,0,2,0,0,16,0,16,0,0,18,0,18,10,0,10,28
12/23/2018,BAF,MA,ANE,EN,Federal Contract Tower,0,0,2,0,2,0,2,59,0,61,0,2,61,0,63,38,0,38,101
12/24/2018,BAF,MA,ANE,EN,Federal Contract Tower,0,0,3,0,3,0,2,0,0,2,0,2,3,0,5,14,0,14,19
12/25/2018,BAF,MA,ANE,EN,Federal Contract Tower,0,0,0,0,0,0,0,4,0,4,0,0,4,0,4,0,0,0,4
12/26/2018,BAF,MA,ANE,EN,Federal Contract Tower,0,0,5,4,9,0,0,61,0,61,0,0,66,4,70,54,0,54,124
12/27/2018,BAF,MA,ANE,EN,Federal Contract Tower,0,1,11,10,22,0,0,84,25,109,0,1,95,35,131,90,36,126,257
12/28/2018,BAF,MA,ANE,EN,Federal Contract Tower,0,2,12,0,14,0,0,0,0,0,0,2,12,0,14,2,0,2,16
12/29/2018,BAF,MA,ANE,EN,Federal Contract Tower,0,1,5,0,6,0,2,35,0,37,0,3,40,0,43,20,0,20,63
12/30/2018,BAF,MA,ANE,EN,Federal Contract Tower,0,0,3,0,3,0,1,56,0,57,0,1,59,0,60,62,0,62,122
12/31/2018,BAF,MA,ANE,EN,Federal Contract Tower,0,1,6,0,7,0,0,56,0,56,0,1,62,0,63,120,0,120,183
01/01/2019,BAF,MA,ANE,EN,Federal Contract Tower,0,0,0,0,0,0,0,0,0,0,0,0,0,0,0,0,0,0,0
01/02/2019,BAF,MA,ANE,EN,Federal Contract Tower,0,0,6,3,9,0,0,65,4,69,0,0,71,7,78,44,2,46,124
01/03/2019,BAF,MA,ANE,EN,Federal Contract Tower,0,2,6,5,13,0,0,33,8,41,0,2,39,13,54,24,6,30,84
01/04/2019,BAF,MA,ANE,EN,Federal Contract Tower,0,0,4,3,7,0,0,66,13,79,0,0,70,16,86,74,2,76,162
01/05/2019,BAF,MA,ANE,EN,Federal Contract Tower,0,0,6,0,6,0,0,0,0,0,0,0,6,0,6,0,0,0,6
01/06/2019,BAF,MA,ANE,EN,Federal Contract Tower,0,0,3,0,3,0,2,44,28,74,0,2,47,28,77,34,50,84,161
01/07/2019,BAF,MA,ANE,EN,Federal Contract Tower,0,1,2,5,8,0,1,52,0,53,0,2,54,5,61,32,12,44,105
01/08/2019,BAF,MA,ANE,EN,Federal Contract Tower,0,5,9,0,14,0,0,0,0,0,0,5,9,0,14,0,0,0,14
01/09/2019,BAF,MA,ANE,EN,Federal Contract Tower,0,2,2,5,9,0,0,8,15,23,0,2,10,20,32,0,10,10,42
01/10/2019,BAF,MA,ANE,EN,Federal Contract Tower,0,2,2,7,11,0,0,28,20,48,0,2,30,27,59,18,6,24,83
01/11/2019,BAF,MA,ANE,EN,Federal Contract Tower,0,0,1,9,10,0,0,32,6,38,0,0,33,15,48,65,2,67,115
01/12/2019,BAF,MA,ANE,EN,Federal Contract Tower,0,4,1,8,13,0,2,75,17,94,0,6,76,25,107,76,14,90,197
01/13/2019,BAF,MA,ANE,EN,Federal Contract Tower,0,0,4,2,6,0,1,75,0,76,0,1,79,2,82,64,2,66,148
01/14/2019,BAF,MA,ANE,EN,Federal Contract Tower,0,4,6,0,10,0,1,53,5,59,0,5,59,5,69,36,0,36,105
01/15/2019,BAF,MA,ANE,EN,Federal Contract Tower,0,2,6,6,14,0,2,61,13,76,0,4,67,19,90,86,0,86,176
01/16/2019,BAF,MA,ANE,EN,Federal Contract Tower,0,1,12,5,18,0,2,55,21,78,0,3,67,26,96,64,30,94,190
01/17/2019,BAF,MA,ANE,EN,Federal Contract Tower,0,1,5,10,16,0,2,60,10,72,0,3,65,20,88,46,2,48,136
01/18/2019,BAF,MA,ANE,EN,Federal Contract Tower,0,3,2,6,11,0,0,20,9,29,0,3,22,15,40,16,4,20,60
01/19/2019,BAF,MA,ANE,EN,Federal Contract Tower,0,0,7,0,7,0,0,51,0,51,0,0,58,0,58,44,0,44,102
01/20/2019,BAF,MA,ANE,EN,Federal Contract Tower,0,0,0,0,0,0,0,0,0,0,0,0,0,0,0,0,0,0,0
01/21/2019,BAF,MA,ANE,EN,Federal Contract Tower,0,0,5,0,5,0,0,0,0,0,0,0,5,0,5,0,0,0,5
01/22/2019,BAF,MA,ANE,EN,Federal Contract Tower,0,7,7,7,21,0,2,24,0,26,0,9,31,7,47,10,8,18,65
01/23/2019,BAF,MA,ANE,EN,Federal Contract Tower,0,3,6,11,20,0,0,35,17,52,0,3,41,28,72,48,2,50,122
01/24/2019,BAF,MA,ANE,EN,Federal Contract Tower,0,0,8,2,10,0,0,4,0,4,0,0,12,2,14,6,0,6,20
01/25/2019,BAF,MA,ANE,EN,Federal Contract Tower,0,4,5,3,12,0,3,67,21,91,0,7,72,24,103,38,8,46,149
01/26/2019,BAF,MA,ANE,EN,Federal Contract Tower,0,0,7,0,7,0,13,79,0,92,0,13,86,0,99,60,0,60,159
01/27/2019,BAF,MA,ANE,EN,Federal Contract Tower,0,0,7,0,7,0,1,30,0,31,0,1,37,0,38,26,0,26,64
01/28/2019,BAF,MA,ANE,EN,Federal Contract Tower,0,2,10,2,14,0,0,87,3,90,0,2,97,5,104,66,0,66,170
01/29/2019,BAF,MA,ANE,EN,Federal Contract Tower,0,0,11,7,18,0,0,12,4,16,0,0,23,11,34,0,32,32,66
01/30/2019,BAF,MA,ANE,EN,Federal Contract Tower,0,0,0,1,1,0,0,16,7,23,0,0,16,8,24,10,8,18,42
01/31/2019,BAF,MA,ANE,EN,Federal Contract Tower,0,0,5,2,7,0,0,11,28,39,0,0,16,30,46,8,10,18,64
02/01/2019,BAF,MA,ANE,EN,Federal Contract Tower,0,0,5,2,7,1,0,53,5,59,1,0,58,7,66,52,8,60,126
02/02/2019,BAF,MA,ANE,EN,Federal Contract Tower,0,0,5,0,5,0,0,47,0,47,0,0,52,0,52,44,0,44,96
02/03/2019,BAF,MA,ANE,EN,Federal Contract Tower,0,2,3,0,5,0,0,54,0,54,0,2,57,0,59,34,0,34,93
02/04/2019,BAF,MA,ANE,EN,Federal Contract Tower,0,1,7,1,9,0,0,69,6,75,0,1,76,7,84,70,10,80,164
02/05/2019,BAF,MA,ANE,EN,Federal Contract Tower,0,1,4,2,7,0,6,70,2,78,0,7,74,4,85,90,8,98,183
02/06/2019,BAF,MA,ANE,EN,Federal Contract Tower,0,2,6,2,10,0,0,58,18,76,0,2,64,20,86,42,44,86,172
02/07/2019,BAF,MA,ANE,EN,Federal Contract Tower,0,3,10,0,13,0,0,0,0,0,0,3,10,0,13,0,0,0,13
02/08/2019,BAF,MA,ANE,EN,Federal Contract Tower,0,1,6,4,11,0,0,43,7,50,0,1,49,11,61,28,0,28,89
02/09/2019,BAF,MA,ANE,EN,Federal Contract Tower,1,0,0,1,2,0,0,20,2,22,1,0,20,3,24,10,0,10,34
02/10/2019,BAF,MA,ANE,EN,Federal Contract Tower,0,2,2,2,6,0,0,66,15,81,0,2,68,17,87,74,30,104,191
02/11/2019,BAF,MA,ANE,EN,Federal Contract Tower,0,2,5,0,7,0,0,49,0,49,0,2,54,0,56,52,0,52,108
02/12/2019,BAF,MA,ANE,EN,Federal Contract Tower,0,4,0,9,13,0,0,15,8,23,0,4,15,17,36,26,12,38,74
02/13/2019,BAF,MA,ANE,EN,Federal Contract Tower,0,2,4,2,8,0,0,0,9,9,0,2,4,11,17,0,14,14,31
02/14/2019,BAF,MA,ANE,EN,Federal Contract Tower,0,0,10,10,20,0,1,40,13,54,0,1,50,23,74,24,0,24,98
02/15/2019,BAF,MA,ANE,EN,Federal Contract Tower,0,1,12,3,16,0,0,20,12,32,0,1,32,15,48,13,2,15,63
02/16/2019,BAF,MA,ANE,EN,Federal Contract Tower,0,0,8,0,8,0,1,67,0,68,0,1,75,0,76,26,0,26,102
02/17/2019,BAF,MA,ANE,EN,Federal Contract Tower,0,1,2,0,3,0,2,82,0,84,0,3,84,0,87,86,0,86,173
02/18/2019,BAF,MA,ANE,EN,Federal Contract Tower,0,3,0,0,3,0,0,2,0,2,0,3,2,0,5,0,0,0,5
02/19/2019,BAF,MA,ANE,EN,Federal Contract Tower,0,1,8,9,18,0,2,6,12,20,0,3,14,21,38,50,8,58,96
02/20/2019,BAF,MA,ANE,EN,Federal Contract Tower,0,2,3,4,9,0,3,28,7,38,0,5,31,11,47,38,2,40,87
02/21/2019,BAF,MA,ANE,EN,Federal Contract Tower,0,1,9,8,18,0,0,0,0,0,0,1,9,8,18,24,0,24,42
02/22/2019,BAF,MA,ANE,EN,Federal Contract Tower,0,1,10,5,16,0,2,55,0,57,0,3,65,5,73,92,0,92,165
02/23/2019,BAF,MA,ANE,EN,Federal Contract Tower,0,0,6,0,6,0,3,140,0,143,0,3,146,0,149,142,0,142,291
02/24/2019,BAF,MA,ANE,EN,Federal Contract Tower,0,0,1,0,1,0,0,0,0,0,0,0,1,0,1,0,0,0,1
02/25/2019,BAF,MA,ANE,EN,Federal Contract Tower,0,4,3,0,7,0,0,0,0,0,0,4,3,0,7,0,0,0,7
02/26/2019,BAF,MA,ANE,EN,Federal Contract Tower,0,3,3,7,13,0,1,10,19,30,0,4,13,26,43,0,22,22,65
02/27/2019,BAF,MA,ANE,EN,Federal Contract Tower,0,0,5,21,26,0,2,47,12,61,0,2,52,33,87,50,28,78,165
02/28/2019,BAF,MA,ANE,EN,Federal Contract Tower,0,4,9,4,17,0,0,44,15,59,0,4,53,19,76,50,8,58,134
03/01/2019,BAF,MA,ANE,EN,Federal Contract Tower,0,0,15,6,21,0,0,49,13,62,0,0,64,19,83,64,6,70,153
03/02/2019,BAF,MA,ANE,EN,Federal Contract Tower,0,2,1,12,15,0,2,9,21,32,0,4,10,33,47,12,0,12,59
03/03/2019,BAF,MA,ANE,EN,Federal Contract Tower,0,0,4,0,4,0,0,76,10,86,0,0,80,10,90,54,6,60,150
03/04/2019,BAF,MA,ANE,EN,Federal Contract Tower,0,1,3,0,4,0,0,37,0,37,0,1,40,0,41,52,0,52,93
03/05/2019,BAF,MA,ANE,EN,Federal Contract Tower,0,3,6,7,16,0,0,55,16,71,0,3,61,23,87,18,28,46,133
03/06/2019,BAF,MA,ANE,EN,Federal Contract Tower,0,0,6,9,15,0,1,54,13,68,0,1,60,22,83,40,14,54,137
03/07/2019,BAF,MA,ANE,EN,Federal Contract Tower,0,0,4,7,11,0,2,36,9,47,0,2,40,16,58,42,2,44,102
03/08/2019,BAF,MA,ANE,EN,Federal Contract Tower,0,2,7,9,18,0,2,52,0,54,0,4,59,9,72,54,0,54,126
03/09/2019,BAF,MA,ANE,EN,Federal Contract Tower,0,0,11,2,13,0,1,87,4,92,0,1,98,6,105,60,0,60,165
03/10/2019,BAF,MA,ANE,EN,Federal Contract Tower,0,2,0,0,2,0,0,0,0,0,0,2,0,0,2,0,0,0,2
03/11/2019,BAF,MA,ANE,EN,Federal Contract Tower,0,1,5,7,13,0,0,40,10,50,0,1,45,17,63,52,0,52,115
03/12/2019,BAF,MA,ANE,EN,Federal Contract Tower,0,2,1,14,17,0,2,38,47,87,0,4,39,61,104,70,28,98,202
03/13/2019,BAF,MA,ANE,EN,Federal Contract Tower,0,4,12,14,30,0,3,74,33,110,0,7,86,47,140,88,10,98,238
03/14/2019,BAF,MA,ANE,EN,Federal Contract Tower,0,2,6,9,17,0,0,72,23,95,0,2,78,32,112,36,0,36,148
03/15/2019,BAF,MA,ANE,EN,Federal Contract Tower,0,5,5,5,15,0,6,24,2,32,0,11,29,7,47,36,6,42,89
03/16/2019,BAF,MA,ANE,EN,Federal Contract Tower,0,0,4,0,4,0,1,25,0,26,0,1,29,0,30,56,0,56,86
03/17/2019,BAF,MA,ANE,EN,Federal Contract Tower,0,2,3,1,6,0,0,56,0,56,0,2,59,1,62,46,0,46,108
03/18/2019,BAF,MA,ANE,EN,Federal Contract Tower,0,2,11,0,13,0,1,49,0,50,0,3,60,0,63,36,0,36,99
03/19/2019,BAF,MA,ANE,EN,Federal Contract Tower,0,3,7,5,15,0,0,59,5,64,0,3,66,10,79,52,0,52,131
03/20/2019,BAF,MA,ANE,EN,Federal Contract Tower,0,4,5,7,16,0,2,76,7,85,0,6,81,14,101,58,10,68,169
03/21/2019,BAF,MA,ANE,EN,Federal Contract Tower,0,1,11,10,22,0,0,40,9,49,0,1,51,19,71,26,2,28,99
03/22/2019,BAF,MA,ANE,EN,Federal Contract Tower,0,0,3,4,7,0,0,0,0,0,0,0,3,4,7,0,0,0,7
03/23/2019,BAF,MA,ANE,EN,Federal Contract Tower,0,0,1,0,1,0,2,17,0,19,0,2,18,0,20,10,0,10,30
03/24/2019,BAF,MA,ANE,EN,Federal Contract Tower,0,2,11,0,13,0,1,88,0,89,0,3,99,0,102,56,0,56,158
03/25/2019,BAF,MA,ANE,EN,Federal Contract Tower,0,3,4,4,11,0,1,56,2,59,0,4,60,6,70,66,0,66,136
03/26/2019,BAF,MA,ANE,EN,Federal Contract Tower,0,2,11,0,13,0,2,62,11,75,0,4,73,11,88,60,2,62,150
03/27/2019,BAF,MA,ANE,EN,Federal Contract Tower,0,2,14,8,24,0,0,69,8,77,0,2,83,16,101,114,2,116,217
03/28/2019,BAF,MA,ANE,EN,Federal Contract Tower,0,2,2,13,17,0,1,48,19,68,0,3,50,32,85,46,8,54,139
03/29/2019,BAF,MA,ANE,EN,Federal Contract Tower,0,2,13,5,20,0,0,11,0,11,0,2,24,5,31,24,0,24,55
03/30/2019,BAF,MA,ANE,EN,Federal Contract Tower,0,2,11,0,13,0,0,45,0,45,0,2,56,0,58,50,0,50,108
03/31/2019,BAF,MA,ANE,EN,Federal Contract Tower,0,0,7,0,7,0,1,9,0,10,0,1,16,0,17,4,0,4,21
04/01/2019,BAF,MA,ANE,EN,Federal Contract Tower,0,0,7,7,14,0,0,14,0,14,0,0,21,7,28,28,0,28,56
04/02/2019,BAF,MA,ANE,EN,Federal Contract Tower,0,2,11,7,20,0,7,76,4,87,0,9,87,11,107,52,0,52,159
04/03/2019,BAF,MA,ANE,EN,Federal Contract Tower,0,0,9,7,16,0,1,53,2,56,0,1,62,9,72,38,16,54,126
04/04/2019,BAF,MA,ANE,EN,Federal Contract Tower,0,0,4,8,12,0,0,54,2,56,0,0,58,10,68,44,2,46,114
04/05/2019,BAF,MA,ANE,EN,Federal Contract Tower,0,0,4,6,10,0,0,42,12,54,0,0,46,18,64,70,4,74,138
04/06/2019,BAF,MA,ANE,EN,Federal Contract Tower,0,0,16,20,36,0,0,55,20,75,0,0,71,40,111,26,0,26,137
04/07/2019,BAF,MA,ANE,EN,Federal Contract Tower,0,0,5,0,5,0,0,105,8,113,0,0,110,8,118,112,16,128,246
04/08/2019,BAF,MA,ANE,EN,Federal Contract Tower,0,0,10,0,10,0,0,0,0,0,0,0,10,0,10,0,0,0,10
04/09/2019,BAF,MA,ANE,EN,Federal Contract Tower,2,0,7,6,15,0,0,0,0,0,2,0,7,6,15,0,0,0,15
04/10/2019,BAF,MA,ANE,EN,Federal Contract Tower,0,1,6,5,12,0,1,39,12,52,0,2,45,17,64,28,2,30,94
04/11/2019,BAF,MA,ANE,EN,Federal Contract Tower,0,0,1,6,7,0,0,68,8,76,0,0,69,14,83,78,16,94,177
04/12/2019,BAF,MA,ANE,EN,Federal Contract Tower,0,1,7,2,10,0,0,48,2,50,0,1,55,4,60,42,0,42,102
04/13/2019,BAF,MA,ANE,EN,Federal Contract Tower,0,0,19,0,19,0,1,57,0,58,0,1,76,0,77,58,0,58,135
04/14/2019,BAF,MA,ANE,EN,Federal Contract Tower,0,4,7,0,11,0,1,50,0,51,0,5,57,0,62,64,0,64,126
04/15/2019,BAF,MA,ANE,EN,Federal Contract Tower,0,0,3,4,7,0,0,0,4,4,0,0,3,8,11,0,16,16,27
04/16/2019,BAF,MA,ANE,EN,Federal Contract Tower,0,0,5,4,9,0,0,14,1,15,0,0,19,5,24,14,0,14,38
04/17/2019,BAF,MA,ANE,EN,Federal Contract Tower,0,5,11,3,19,0,2,80,20,102,0,7,91,23,121,96,38,134,255
04/18/2019,BAF,MA,ANE,EN,Federal Contract Tower,0,1,12,5,18,0,0,20,1,21,0,1,32,6,39,16,2,18,57
04/19/2019,BAF,MA,ANE,EN,Federal Contract Tower,0,0,6,4,10,0,0,27,3,30,0,0,33,7,40,46,0,46,86
04/20/2019,BAF,MA,ANE,EN,Federal Contract Tower,0,2,6,0,8,0,0,0,0,0,0,2,6,0,8,0,0,0,8
04/21/2019,BAF,MA,ANE,EN,Federal Contract Tower,0,0,6,0,6,0,2,26,0,28,0,2,32,0,34,18,0,18,52
04/22/2019,BAF,MA,ANE,EN,Federal Contract Tower,0,2,7,2,11,0,0,29,0,29,0,2,36,2,40,24,0,24,64
04/23/2019,BAF,MA,ANE,EN,Federal Contract Tower,0,2,4,4,10,0,0,87,15,102,0,2,91,19,112,98,18,116,228
04/24/2019,BAF,MA,ANE,EN,Federal Contract Tower,0,1,9,12,22,0,0,66,38,104,0,1,75,50,126,44,4,48,174
04/25/2019,BAF,MA,ANE,EN,Federal Contract Tower,0,1,13,11,25,0,2,101,16,119,0,3,114,27,144,82,20,102,246
04/26/2019,BAF,MA,ANE,EN,Federal Contract Tower,0,0,12,4,16,0,0,0,0,0,0,0,12,4,16,0,0,0,16
04/27/2019,BAF,MA,ANE,EN,Federal Contract Tower,0,1,6,0,7,0,1,44,0,45,0,2,50,0,52,28,0,28,80
04/28/2019,BAF,MA,ANE,EN,Federal Contract Tower,0,1,6,0,7,0,0,29,0,29,0,1,35,0,36,34,0,34,70
04/29/2019,BAF,MA,ANE,EN,Federal Contract Tower,0,1,2,2,5,0,0,72,9,81,0,1,74,11,86,100,2,102,188
04/30/2019,BAF,MA,ANE,EN,Federal Contract Tower,0,1,10,0,11,0,2,15,0,17,0,3,25,0,28,38,0,38,66
05/01/2019,BAF,MA,ANE,EN,Federal Contract Tower,0,4,15,6,25,0,0,70,13,83,0,4,85,19,108,48,6,54,162
05/02/2019,BAF,MA,ANE,EN,Federal Contract Tower,0,1,15,7,23,0,0,0,0,0,0,1,15,7,23,6,0,6,29
05/03/2019,BAF,MA,ANE,EN,Federal Contract Tower,0,4,9,6,19,0,0,0,0,0,0,4,9,6,19,0,0,0,19
05/04/2019,BAF,MA,ANE,EN,Federal Contract Tower,0,0,28,0,28,0,0,15,0,15,0,0,43,0,43,0,0,0,43
05/05/2019,BAF,MA,ANE,EN,Federal Contract Tower,0,4,18,0,22,0,0,0,0,0,0,4,18,0,22,0,0,0,22
05/06/2019,BAF,MA,ANE,EN,Federal Contract Tower,0,4,5,1,10,0,5,74,6,85,0,9,79,7,95,166,0,166,261
05/07/2019,BAF,MA,ANE,EN,Federal Contract Tower,0,0,2,9,11,0,1,61,10,72,0,1,63,19,83,76,0,76,159
05/08/2019,BAF,MA,ANE,EN,Federal Contract Tower,0,1,3,5,9,0,3,58,8,69,0,4,61,13,78,148,0,148,226
05/09/2019,BAF,MA,ANE,EN,Federal Contract Tower,0,1,7,6,14,0,0,52,11,63,0,1,59,17,77,50,18,68,145
05/10/2019,BAF,MA,ANE,EN,Federal Contract Tower,0,1,9,5,15,0,0,1,0,1,0,1,10,5,16,4,0,4,20
05/11/2019,BAF,MA,ANE,EN,Federal Contract Tower,0,1,9,0,10,0,2,75,2,79,0,3,84,2,89,48,0,48,137
05/12/2019,BAF,MA,ANE,EN,Federal Contract Tower,0,1,4,0,5,0,0,0,0,0,0,1,4,0,5,5,0,5,10
05/13/2019,BAF,MA,ANE,EN,Federal Contract Tower,0,1,4,11,16,0,0,38,2,40,0,1,42,13,56,28,0,28,84
05/14/2019,BAF,MA,ANE,EN,Federal Contract Tower,0,0,5,10,15,0,0,12,0,12,0,0,17,10,27,20,0,20,47
05/15/2019,BAF,MA,ANE,EN,Federal Contract Tower,0,3,6,3,12,0,1,68,0,69,0,4,74,3,81,84,2,86,167
05/16/2019,BAF,MA,ANE,EN,Federal Contract Tower,0,0,5,4,9,0,0,58,5,63,0,0,63,9,72,68,0,68,140
05/17/2019,BAF,MA,ANE,EN,Federal Contract Tower,0,1,8,4,13,0,1,26,7,34,0,2,34,11,47,36,10,46,93
05/18/2019,BAF,MA,ANE,EN,Federal Contract Tower,0,2,7,8,17,0,2,83,21,106,0,4,90,29,123,64,0,64,187
05/19/2019,BAF,MA,ANE,EN,Federal Contract Tower,0,0,13,0,13,0,4,72,11,87,0,4,85,11,100,38,10,48,148
05/20/2019,BAF,MA,ANE,EN,Federal Contract Tower,0,1,9,0,10,0,2,40,2,44,0,3,49,2,54,42,0,42,96
05/21/2019,BAF,MA,ANE,EN,Federal Contract Tower,0,4,6,0,10,0,3,21,0,24,0,7,27,0,34,20,0,20,54
05/22/2019,BAF,MA,ANE,EN,Federal Contract Tower,0,1,4,3,8,0,4,70,24,98,0,5,74,27,106,142,4,146,252
05/23/2019,BAF,MA,ANE,EN,Federal Contract Tower,0,2,7,0,9,0,1,48,7,56,0,3,55,7,65,46,10,56,121
05/24/2019,BAF,MA,ANE,EN,Federal Contract Tower,0,3,2,2,7,0,1,50,0,51,0,4,52,2,58,44,0,44,102
05/25/2019,BAF,MA,ANE,EN,Federal Contract Tower,0,1,4,0,5,0,3,70,0,73,0,4,74,0,78,68,0,68,146
05/26/2019,BAF,MA,ANE,EN,Federal Contract Tower,0,0,6,0,6,0,5,47,0,52,0,5,53,0,58,72,0,72,130
05/27/2019,BAF,MA,ANE,EN,Federal Contract Tower,0,1,7,0,8,0,4,71,1,76,0,5,78,1,84,60,4,64,148
05/28/2019,BAF,MA,ANE,EN,Federal Contract Tower,0,5,7,2,14,0,0,18,0,18,0,5,25,2,32,22,0,22,54
05/29/2019,BAF,MA,ANE,EN,Federal Contract Tower,0,4,18,6,28,0,0,24,3,27,0,4,42,9,55,52,6,58,113
05/30/2019,BAF,MA,ANE,EN,Federal Contract Tower,0,1,13,0,14,0,0,0,0,0,0,1,13,0,14,0,0,0,14
05/31/2019,BAF,MA,ANE,EN,Federal Contract Tower,0,4,12,0,16,0,1,93,16,110,0,5,105,16,126,120,0,120,246
06/01/2019,BAF,MA,ANE,EN,Federal Contract Tower,0,1,10,0,11,0,2,146,0,148,0,3,156,0,159,148,0,148,307
06/02/2019,BAF,MA,ANE,EN,Federal Contract Tower,0,0,15,2,17,0,0,21,0,21,0,0,36,2,38,18,0,18,56
06/03/2019,BAF,MA,ANE,EN,Federal Contract Tower,0,4,10,0,14,0,1,50,2,53,0,5,60,2,67,28,0,28,95
06/04/2019,BAF,MA,ANE,EN,Federal Contract Tower,0,3,11,0,14,0,2,109,11,122,0,5,120,11,136,90,0,90,226
06/05/2019,BAF,MA,ANE,EN,Federal Contract Tower,0,3,9,4,16,0,0,68,20,88,0,3,77,24,104,100,26,126,230
06/06/2019,BAF,MA,ANE,EN,Federal Contract Tower,0,1,3,2,6,0,9,49,6,64,0,10,52,8,70,84,6,90,160
06/07/2019,BAF,MA,ANE,EN,Federal Contract Tower,0,2,8,4,14,0,12,88,1,101,0,14,96,5,115,86,0,86,201
06/08/2019,BAF,MA,ANE,EN,Federal Contract Tower,0,3,8,9,20,0,3,90,11,104,0,6,98,20,124,58,10,68,192
06/09/2019,BAF,MA,ANE,EN,Federal Contract Tower,0,4,7,1,12,0,2,69,0,71,0,6,76,1,83,36,0,36,119
06/10/2019,BAF,MA,ANE,EN,Federal Contract Tower,0,1,9,7,17,0,2,43,5,50,0,3,52,12,67,78,0,78,145
06/11/2019,BAF,MA,ANE,EN,Federal Contract Tower,0,5,12,11,28,0,0,33,0,33,0,5,45,11,61,16,6,22,83
06/12/2019,BAF,MA,ANE,EN,Federal Contract Tower,0,4,10,8,22,0,9,73,4,86,0,13,83,12,108,62,2,64,172
06/13/2019,BAF,MA,ANE,EN,Federal Contract Tower,0,0,9,7,16,0,0,8,0,8,0,0,17,7,24,6,0,6,30
06/14/2019,BAF,MA,ANE,EN,Federal Contract Tower,0,2,7,2,11,0,1,49,7,57,0,3,56,9,68,92,0,92,160
06/15/2019,BAF,MA,ANE,EN,Federal Contract Tower,0,4,10,0,14,0,2,61,0,63,0,6,71,0,77,36,0,36,113
06/16/2019,BAF,MA,ANE,EN,Federal Contract Tower,0,5,10,0,15,0,0,17,0,17,0,5,27,0,32,14,0,14,46
06/17/2019,BAF,MA,ANE,EN,Federal Contract Tower,0,0,6,2,8,0,2,51,4,57,0,2,57,6,65,50,0,50,115
06/18/2019,BAF,MA,ANE,EN,Federal Contract Tower,0,4,5,0,9,0,0,14,4,18,0,4,19,4,27,62,8,70,97
06/19/2019,BAF,MA,ANE,EN,Federal Contract Tower,0,2,13,2,17,0,1,24,13,38,0,3,37,15,55,64,4,68,123
06/20/2019,BAF,MA,ANE,EN,Federal Contract Tower,0,0,1,0,1,0,0,0,0,0,0,0,1,0,1,0,0,0,1
06/21/2019,BAF,MA,ANE,EN,Federal Contract Tower,0,3,15,0,18,0,0,31,0,31,0,3,46,0,49,50,0,50,99
06/22/2019,BAF,MA,ANE,EN,Federal Contract Tower,0,0,4,0,4,0,0,72,0,72,0,0,76,0,76,56,2,58,134
06/23/2019,BAF,MA,ANE,EN,Federal Contract Tower,0,1,7,0,8,0,1,81,0,82,0,2,88,0,90,16,0,16,106
06/24/2019,BAF,MA,ANE,EN,Federal Contract Tower,0,0,4,1,5,0,4,73,1,78,0,4,77,2,83,66,0,66,149
06/25/2019,BAF,MA,ANE,EN,Federal Contract Tower,0,0,5,0,5,0,3,5,0,8,0,3,10,0,13,2,0,2,15
06/26/2019,BAF,MA,ANE,EN,Federal Contract Tower,0,2,18,4,24,0,2,82,7,91,0,4,100,11,115,62,0,62,177
06/27/2019,BAF,MA,ANE,EN,Federal Contract Tower,0,1,5,3,9,0,2,69,8,79,0,3,74,11,88,48,0,48,136
06/28/2019,BAF,MA,ANE,EN,Federal Contract Tower,0,0,4,0,4,0,3,84,7,94,0,3,88,7,98,66,12,78,176
06/29/2019,BAF,MA,ANE,EN,Federal Contract Tower,0,0,8,0,8,0,1,75,0,76,0,1,83,0,84,54,4,58,142
06/30/2019,BAF,MA,ANE,EN,Federal Contract Tower,0,3,3,0,6,0,0,29,0,29,0,3,32,0,35,18,0,18,53
07/01/2019,BAF,MA,ANE,EN,Federal Contract Tower,0,1,9,3,13,0,1,65,3,69,0,2,74,6,82,36,0,36,118
07/02/2019,BAF,MA,ANE,EN,Federal Contract Tower,0,1,14,3,18,0,6,58,10,74,0,7,72,13,92,60,8,68,160
07/03/2019,BAF,MA,ANE,EN,Federal Contract Tower,0,1,7,2,10,0,3,66,2,71,0,4,73,4,81,32,0,32,113
07/04/2019,BAF,MA,ANE,EN,Federal Contract Tower,0,0,6,1,7,0,4,71,4,79,0,4,77,5,86,46,0,46,132
07/05/2019,BAF,MA,ANE,EN,Federal Contract Tower,0,6,3,0,9,0,0,40,0,40,0,6,43,0,49,56,0,56,105
07/06/2019,BAF,MA,ANE,EN,Federal Contract Tower,0,3,7,0,10,0,0,36,0,36,0,3,43,0,46,72,0,72,118
07/07/2019,BAF,MA,ANE,EN,Federal Contract Tower,0,1,10,0,11,0,2,94,0,96,0,3,104,0,107,70,0,70,177
07/08/2019,BAF,MA,ANE,EN,Federal Contract Tower,0,2,3,0,5,0,2,54,4,60,0,4,57,4,65,18,0,18,83
07/09/2019,BAF,MA,ANE,EN,Federal Contract Tower,0,2,10,7,19,0,3,83,36,122,0,5,93,43,141,76,42,118,259
07/10/2019,BAF,MA,ANE,EN,Federal Contract Tower,0,2,6,13,21,0,0,54,9,63,0,2,60,22,84,50,2,52,136
07/11/2019,BAF,MA,ANE,EN,Federal Contract Tower,0,4,3,22,29,0,4,22,13,39,0,8,25,35,68,30,0,30,98
07/12/2019,BAF,MA,ANE,EN,Federal Contract Tower,0,3,15,4,22,0,0,53,15,68,0,3,68,19,90,54,0,54,144
07/13/2019,BAF,MA,ANE,EN,Federal Contract Tower,0,2,3,0,5,0,3,70,0,73,0,5,73,0,78,50,0,50,128
07/14/2019,BAF,MA,ANE,EN,Federal Contract Tower,0,2,4,0,6,0,3,74,0,77,0,5,78,0,83,68,0,68,151
07/15/2019,BAF,MA,ANE,EN,Federal Contract Tower,0,2,11,2,15,0,4,37,7,48,0,6,48,9,63,46,10,56,119
07/16/2019,BAF,MA,ANE,EN,Federal Contract Tower,0,0,7,9,16,0,0,63,13,76,0,0,70,22,92,24,6,30,122
07/17/2019,BAF,MA,ANE,EN,Federal Contract Tower,0,1,9,5,15,0,0,33,9,42,0,1,42,14,57,44,8,52,109
07/18/2019,BAF,MA,ANE,EN,Federal Contract Tower,0,0,18,13,31,0,0,14,1,15,0,0,32,14,46,18,2,20,66
07/19/2019,BAF,MA,ANE,EN,Federal Contract Tower,0,0,10,7,17,0,2,56,3,61,0,2,66,10,78,20,2,22,100
07/20/2019,BAF,MA,ANE,EN,Federal Contract Tower,0,1,5,2,8,0,2,44,0,46,0,3,49,2,54,24,4,28,82
07/21/2019,BAF,MA,ANE,EN,Federal Contract Tower,0,1,3,2,6,0,2,28,0,30,0,3,31,2,36,48,0,48,84
07/22/2019,BAF,MA,ANE,EN,Federal Contract Tower,0,1,8,14,23,0,0,41,3,44,0,1,49,17,67,40,0,40,107
07/23/2019,BAF,MA,ANE,EN,Federal Contract Tower,0,3,16,7,26,0,7,9,7,23,0,10,25,14,49,12,12,24,73
07/24/2019,BAF,MA,ANE,EN,Federal Contract Tower,0,1,12,10,23,0,1,51,11,63,0,2,63,21,86,62,26,88,174
07/25/2019,BAF,MA,ANE,EN,Federal Contract Tower,0,2,7,10,19,0,1,93,11,105,0,3,100,21,124,58,6,64,188
07/26/2019,BAF,MA,ANE,EN,Federal Contract Tower,0,1,12,5,18,0,2,53,4,59,0,3,65,9,77,36,6,42,119
07/27/2019,BAF,MA,ANE,EN,Federal Contract Tower,0,1,5,2,8,0,1,54,0,55,0,2,59,2,63,20,0,20,83
07/28/2019,BAF,MA,ANE,EN,Federal Contract Tower,0,0,9,1,10,0,1,76,0,77,0,1,85,1,87,58,0,58,145
07/29/2019,BAF,MA,ANE,EN,Federal Contract Tower,0,1,4,1,6,0,8,59,1,68,0,9,63,2,74,64,0,64,138
07/30/2019,BAF,MA,ANE,EN,Federal Contract Tower,0,0,6,9,15,0,2,45,14,61,0,2,51,23,76,40,10,50,126
07/31/2019,BAF,MA,ANE,EN,Federal Contract Tower,0,0,11,4,15,0,1,35,2,38,0,1,46,6,53,28,0,28,81
08/01/2019,BAF,MA,ANE,EN,Federal Contract Tower,0,1,10,12,23,0,1,62,0,63,0,2,72,12,86,80,10,90,176
08/02/2019,BAF,MA,ANE,EN,Federal Contract Tower,0,0,5,6,11,0,0,73,4,77,0,0,78,10,88,54,0,54,142
08/03/2019,BAF,MA,ANE,EN,Federal Contract Tower,0,3,6,0,9,0,0,34,0,34,0,3,40,0,43,14,0,14,57
08/04/2019,BAF,MA,ANE,EN,Federal Contract Tower,0,0,10,0,10,0,1,84,0,85,0,1,94,0,95,70,0,70,165
08/05/2019,BAF,MA,ANE,EN,Federal Contract Tower,0,1,5,2,8,0,3,67,6,76,0,4,72,8,84,24,0,24,108
08/06/2019,BAF,MA,ANE,EN,Federal Contract Tower,0,2,16,10,28,0,4,37,6,47,0,6,53,16,75,36,0,36,111
08/07/2019,BAF,MA,ANE,EN,Federal Contract Tower,0,0,10,8,18,0,0,14,6,20,0,0,24,14,38,10,22,32,70
08/08/2019,BAF,MA,ANE,EN,Federal Contract Tower,0,0,5,10,15,0,1,51,10,62,0,1,56,20,77,68,6,74,151
08/09/2019,BAF,MA,ANE,EN,Federal Contract Tower,0,2,9,6,17,0,4,71,3,78,0,6,80,9,95,82,6,88,183
08/10/2019,BAF,MA,ANE,EN,Federal Contract Tower,0,2,4,0,6,0,1,68,0,69,0,3,72,0,75,34,0,34,109
08/11/2019,BAF,MA,ANE,EN,Federal Contract Tower,0,1,9,0,10,0,3,73,0,76,0,4,82,0,86,86,0,86,172
08/12/2019,BAF,MA,ANE,EN,Federal Contract Tower,0,5,4,3,12,0,2,83,1,86,0,7,87,4,98,82,0,82,180
08/13/2019,BAF,MA,ANE,EN,Federal Contract Tower,0,0,9,4,13,0,0,54,2,56,0,0,63,6,69,74,0,74,143
08/14/2019,BAF,MA,ANE,EN,Federal Contract Tower,0,1,9,9,19,0,6,72,10,88,0,7,81,19,107,70,2,72,179
08/15/2019,BAF,MA,ANE,EN,Federal Contract Tower,0,1,7,11,19,0,3,70,18,91,0,4,77,29,110,58,8,66,176
08/16/2019,BAF,MA,ANE,EN,Federal Contract Tower,0,1,5,2,8,0,10,58,9,77,0,11,63,11,85,54,0,54,139
08/17/2019,BAF,MA,ANE,EN,Federal Contract Tower,0,5,24,8,37,0,1,28,0,29,0,6,52,8,66,36,0,36,102
08/18/2019,BAF,MA,ANE,EN,Federal Contract Tower,0,0,14,0,14,0,0,44,0,44,0,0,58,0,58,44,0,44,102
08/19/2019,BAF,MA,ANE,EN,Federal Contract Tower,0,0,3,0,3,0,2,53,2,57,0,2,56,2,60,42,0,42,102
08/20/2019,BAF,MA,ANE,EN,Federal Contract Tower,0,1,6,10,17,0,0,83,11,94,0,1,89,21,111,32,8,40,151
08/21/2019,BAF,MA,ANE,EN,Federal Contract Tower,0,0,11,5,16,0,0,1,2,3,0,0,12,7,19,4,0,4,23
08/22/2019,BAF,MA,ANE,EN,Federal Contract Tower,0,0,7,4,11,0,0,59,25,84,0,0,66,29,95,70,0,70,165
08/23/2019,BAF,MA,ANE,EN,Federal Contract Tower,0,0,10,4,14,0,10,77,5,92,0,10,87,9,106,88,12,100,206
08/24/2019,BAF,MA,ANE,EN,Federal Contract Tower,0,1,6,0,7,0,2,77,4,83,0,3,83,4,90,104,0,104,194
08/25/2019,BAF,MA,ANE,EN,Federal Contract Tower,0,1,12,0,13,0,1,71,7,79,0,2,83,7,92,26,20,46,138
08/26/2019,BAF,MA,ANE,EN,Federal Contract Tower,0,2,2,3,7,0,1,62,4,67,0,3,64,7,74,48,0,48,122
08/27/2019,BAF,MA,ANE,EN,Federal Contract Tower,0,2,10,9,21,0,2,78,5,85,0,4,88,14,106,72,0,72,178
08/28/2019,BAF,MA,ANE,EN,Federal Contract Tower,0,3,14,7,24,0,0,32,5,37,0,3,46,12,61,28,2,30,91
08/29/2019,BAF,MA,ANE,EN,Federal Contract Tower,0,4,4,5,13,0,0,2,0,2,0,4,6,5,15,78,0,78,93
08/30/2019,BAF,MA,ANE,EN,Federal Contract Tower,0,1,14,2,17,0,0,101,6,107,0,1,115,8,124,94,0,94,218
08/31/2019,BAF,MA,ANE,EN,Federal Contract Tower,0,0,4,0,4,0,9,91,0,100,0,9,95,0,104,38,0,38,142
09/01/2019,BAF,MA,ANE,EN,Federal Contract Tower,0,2,4,0,6,0,4,87,0,91,0,6,91,0,97,58,0,58,155
09/02/2019,BAF,MA,ANE,EN,Federal Contract Tower,0,5,2,0,7,0,0,1,0,1,0,5,3,0,8,0,0,0,8
09/03/2019,BAF,MA,ANE,EN,Federal Contract Tower,0,3,6,5,14,0,2,67,0,69,0,5,73,5,83,76,2,78,161
09/04/2019,BAF,MA,ANE,EN,Federal Contract Tower,0,2,12,12,26,0,2,32,4,38,0,4,44,16,64,22,10,32,96
09/05/2019,BAF,MA,ANE,EN,Federal Contract Tower,0,2,10,7,19,0,2,74,13,89,0,4,84,20,108,88,4,92,200
09/06/2019,BAF,MA,ANE,EN,Federal Contract Tower,2,2,14,11,29,0,0,53,23,76,2,2,67,34,105,90,6,96,201
09/07/2019,BAF,MA,ANE,EN,Federal Contract Tower,2,2,6,10,20,0,0,75,36,111,2,2,81,46,131,82,18,100,231
09/08/2019,BAF,MA,ANE,EN,Federal Contract Tower,0,0,12,0,12,0,3,58,0,61,0,3,70,0,73,66,0,66,139
09/09/2019,BAF,MA,ANE,EN,Federal Contract Tower,0,0,6,3,9,0,2,72,1,75,0,2,78,4,84,52,0,52,136
09/10/2019,BAF,MA,ANE,EN,Federal Contract Tower,0,0,8,6,14,0,1,55,11,67,0,1,63,17,81,52,10,62,143
09/11/2019,BAF,MA,ANE,EN,Federal Contract Tower,0,0,6,6,12,0,1,53,17,71,0,1,59,23,83,70,2,72,155
09/12/2019,BAF,MA,ANE,EN,Federal Contract Tower,0,0,9,14,23,0,0,1,9,10,0,0,10,23,33,0,24,24,57
09/13/2019,BAF,MA,ANE,EN,Federal Contract Tower,0,0,11,6,17,0,0,88,3,91,0,0,99,9,108,96,0,96,204
09/14/2019,BAF,MA,ANE,EN,Federal Contract Tower,0,0,14,0,14,0,0,41,0,41,0,0,55,0,55,76,0,76,131
09/15/2019,BAF,MA,ANE,EN,Federal Contract Tower,0,0,10,1,11,0,4,81,0,85,0,4,91,1,96,88,0,88,184
09/16/2019,BAF,MA,ANE,EN,Federal Contract Tower,0,4,4,5,13,0,0,48,9,57,0,4,52,14,70,102,0,102,172
09/17/2019,BAF,MA,ANE,EN,Federal Contract Tower,0,3,4,7,14,0,2,82,7,91,0,5,86,14,105,70,2,72,177
09/18/2019,BAF,MA,ANE,EN,Federal Contract Tower,0,4,14,13,31,0,8,60,8,76,0,12,74,21,107,58,0,58,165
09/19/2019,BAF,MA,ANE,EN,Federal Contract Tower,0,2,11,15,28,0,1,106,5,112,0,3,117,20,140,124,18,142,282
09/20/2019,BAF,MA,ANE,EN,Federal Contract Tower,1,4,12,0,17,0,2,78,3,83,1,6,90,3,100,96,0,96,196
09/21/2019,BAF,MA,ANE,EN,Federal Contract Tower,1,0,5,0,6,0,1,70,0,71,1,1,75,0,77,92,0,92,169
09/22/2019,BAF,MA,ANE,EN,Federal Contract Tower,0,0,12,1,13,0,0,80,2,82,0,0,92,3,95,88,4,92,187
09/23/2019,BAF,MA,ANE,EN,Federal Contract Tower,0,2,10,1,13,0,0,62,2,64,0,2,72,3,77,52,0,52,129
09/24/2019,BAF,MA,ANE,EN,Federal Contract Tower,0,0,8,9,17,0,0,65,11,76,0,0,73,20,93,68,20,88,181
09/25/2019,BAF,MA,ANE,EN,Federal Contract Tower,0,0,8,11,19,0,2,72,18,92,0,2,80,29,111,98,8,106,217
09/26/2019,BAF,MA,ANE,EN,Federal Contract Tower,0,3,11,9,23,0,2,39,12,53,0,5,50,21,76,16,24,40,116
09/27/2019,BAF,MA,ANE,EN,Federal Contract Tower,0,4,11,6,21,0,3,55,0,58,0,7,66,6,79,108,0,108,187
09/28/2019,BAF,MA,ANE,EN,Federal Contract Tower,0,1,3,0,4,0,2,78,0,80,0,3,81,0,84,84,0,84,168
09/29/2019,BAF,MA,ANE,EN,Federal Contract Tower,0,0,12,0,12,0,0,71,0,71,0,0,83,0,83,61,0,61,144
09/30/2019,BAF,MA,ANE,EN,Federal Contract Tower,0,4,8,4,16,0,5,16,5,26,0,9,24,9,42,106,2,108,150
10/01/2019,BAF,MA,ANE,EN,Federal Contract Tower,0,5,21,12,38,0,1,17,4,22,0,6,38,16,60,10,22,32,92
10/02/2019,BAF,MA,ANE,EN,Federal Contract Tower,0,5,19,8,32,0,4,35,5,44,0,9,54,13,76,52,4,56,132
10/03/2019,BAF,MA,ANE,EN,Federal Contract Tower,0,3,17,8,28,0,0,36,7,43,0,3,53,15,71,50,32,82,153
10/04/2019,BAF,MA,ANE,EN,Federal Contract Tower,0,2,6,3,11,0,2,36,20,58,0,4,42,23,69,26,12,38,107
10/05/2019,BAF,MA,ANE,EN,Federal Contract Tower,0,0,5,10,15,0,2,75,24,101,0,2,80,34,116,92,44,136,252
10/06/2019,BAF,MA,ANE,EN,Federal Contract Tower,0,4,25,0,29,0,2,43,9,54,0,6,68,9,83,86,0,86,169
10/07/2019,BAF,MA,ANE,EN,Federal Contract Tower,0,1,8,2,11,0,2,24,0,26,0,3,32,2,37,42,0,42,79
10/08/2019,BAF,MA,ANE,EN,Federal Contract Tower,0,1,7,9,17,0,0,57,5,62,0,1,64,14,79,132,4,136,215
10/09/2019,BAF,MA,ANE,EN,Federal Contract Tower,0,3,6,6,15,0,1,29,7,37,0,4,35,13,52,34,2,36,88
10/10/2019,BAF,MA,ANE,EN,Federal Contract Tower,0,4,7,11,22,0,1,28,5,34,0,5,35,16,56,24,4,28,84
10/11/2019,BAF,MA,ANE,EN,Federal Contract Tower,0,0,9,3,12,0,1,27,1,29,0,1,36,4,41,22,0,22,63
10/12/2019,BAF,MA,ANE,EN,Federal Contract Tower,0,0,11,0,11,0,3,59,1,63,0,3,70,1,74,114,0,114,188
10/13/2019,BAF,MA,ANE,EN,Federal Contract Tower,0,0,10,0,10,0,0,107,2,109,0,0,117,2,119,72,0,72,191
10/14/2019,BAF,MA,ANE,EN,Federal Contract Tower,0,3,14,0,17,0,1,63,0,64,0,4,77,0,81,114,0,114,195
10/15/2019,BAF,MA,ANE,EN,Federal Contract Tower,0,7,10,0,17,0,2,91,1,94,0,9,101,1,111,110,0,110,221
10/16/2019,BAF,MA,ANE,EN,Federal Contract Tower,0,1,3,4,8,0,0,38,4,42,0,1,41,8,50,40,4,44,94
10/17/2019,BAF,MA,ANE,EN,Federal Contract Tower,0,4,4,2,10,0,0,16,0,16,0,4,20,2,26,8,0,8,34
10/18/2019,BAF,MA,ANE,EN,Federal Contract Tower,0,6,5,4,15,0,3,27,11,41,0,9,32,15,56,36,8,44,100
10/19/2019,BAF,MA,ANE,EN,Federal Contract Tower,0,2,6,0,8,0,0,84,0,84,0,2,90,0,92,78,0,78,170
10/20/2019,BAF,MA,ANE,EN,Federal Contract Tower,0,2,10,0,12,0,4,93,0,97,0,6,103,0,109,78,0,78,187
10/21/2019,BAF,MA,ANE,EN,Federal Contract Tower,0,0,5,1,6,0,0,39,6,45,0,0,44,7,51,82,12,94,145
10/22/2019,BAF,MA,ANE,EN,Federal Contract Tower,0,0,11,10,21,0,5,14,0,19,0,5,25,10,40,44,4,48,88
10/23/2019,BAF,MA,ANE,EN,Federal Contract Tower,0,2,2,5,9,0,3,56,4,63,0,5,58,9,72,70,0,70,142
10/24/2019,BAF,MA,ANE,EN,Federal Contract Tower,0,1,1,7,9,0,3,62,10,75,0,4,63,17,84,80,0,80,164
10/25/2019,BAF,MA,ANE,EN,Federal Contract Tower,0,1,7,4,12,0,7,49,6,62,0,8,56,10,74,44,0,44,118
10/26/2019,BAF,MA,ANE,EN,Federal Contract Tower,0,1,11,0,12,0,2,69,1,72,0,3,80,1,84,88,0,88,172
10/27/2019,BAF,MA,ANE,EN,Federal Contract Tower,0,4,9,0,13,0,0,0,0,0,0,4,9,0,13,0,0,0,13
10/28/2019,BAF,MA,ANE,EN,Federal Contract Tower,0,0,6,8,14,0,0,47,2,49,0,0,53,10,63,56,2,58,121
10/29/2019,BAF,MA,ANE,EN,Federal Contract Tower,0,1,8,8,17,0,0,0,2,2,0,1,8,10,19,0,0,0,19
10/30/2019,BAF,MA,ANE,EN,Federal Contract Tower,0,6,5,4,15,0,0,0,0,0,0,6,5,4,15,0,0,0,15
10/31/2019,BAF,MA,ANE,EN,Federal Contract Tower,0,1,2,0,3,0,0,0,0,0,0,1,2,0,3,0,0,0,3
11/01/2019,BAF,MA,ANE,EN,Federal Contract Tower,0,0,2,13,15,0,1,15,1,17,0,1,17,14,32,14,0,14,46
11/02/2019,BAF,MA,ANE,EN,Federal Contract Tower,0,0,14,13,27,0,1,107,1,109,0,1,121,14,136,120,4,124,260
11/03/2019,BAF,MA,ANE,EN,Federal Contract Tower,0,0,8,0,8,0,0,75,2,77,0,0,83,2,85,88,0,88,173
11/04/2019,BAF,MA,ANE,EN,Federal Contract Tower,0,2,8,2,12,0,0,48,5,53,0,2,56,7,65,94,0,94,159
11/05/2019,BAF,MA,ANE,EN,Federal Contract Tower,0,0,4,3,7,0,1,49,16,66,0,1,53,19,73,100,18,118,191
11/06/2019,BAF,MA,ANE,EN,Federal Contract Tower,0,2,3,6,11,0,1,84,6,91,0,3,87,12,102,100,42,142,244
11/07/2019,BAF,MA,ANE,EN,Federal Contract Tower,0,0,4,13,17,0,0,31,5,36,0,0,35,18,53,40,20,60,113
11/08/2019,BAF,MA,ANE,EN,Federal Contract Tower,0,1,4,3,8,0,0,32,6,38,0,1,36,9,46,28,0,28,74
11/09/2019,BAF,MA,ANE,EN,Federal Contract Tower,0,2,2,0,4,0,0,74,0,74,0,2,76,0,78,100,0,100,178
11/10/2019,BAF,MA,ANE,EN,Federal Contract Tower,0,0,11,0,11,0,0,90,0,90,0,0,101,0,101,100,0,100,201
11/11/2019,BAF,MA,ANE,EN,Federal Contract Tower,0,2,6,0,8,0,3,51,0,54,0,5,57,0,62,108,0,108,170
11/12/2019,BAF,MA,ANE,EN,Federal Contract Tower,0,0,1,9,10,0,4,4,1,9,0,4,5,10,19,0,0,0,19
11/13/2019,BAF,MA,ANE,EN,Federal Contract Tower,0,0,2,5,7,0,0,12,5,17,0,0,14,10,24,0,0,0,24
11/14/2019,BAF,MA,ANE,EN,Federal Contract Tower,0,2,4,1,7,0,1,28,4,33,0,3,32,5,40,58,0,58,98
11/15/2019,BAF,MA,ANE,EN,Federal Contract Tower,0,2,4,1,7,0,0,55,0,55,0,2,59,1,62,84,0,84,146
11/16/2019,BAF,MA,ANE,EN,Federal Contract Tower,0,1,8,0,9,0,0,65,0,65,0,1,73,0,74,64,6,70,144
11/17/2019,BAF,MA,ANE,EN,Federal Contract Tower,0,0,14,0,14,0,1,44,0,45,0,1,58,0,59,44,0,44,103
11/18/2019,BAF,MA,ANE,EN,Federal Contract Tower,0,0,4,0,4,0,0,4,8,12,0,0,8,8,16,0,4,4,20
11/19/2019,BAF,MA,ANE,EN,Federal Contract Tower,0,0,2,4,6,0,0,30,22,52,0,0,32,26,58,34,10,44,102
11/20/2019,BAF,MA,ANE,EN,Federal Contract Tower,0,0,9,6,15,0,0,17,14,31,0,0,26,20,46,0,20,20,66
11/21/2019,BAF,MA,ANE,EN,Federal Contract Tower,0,0,10,7,17,0,0,78,13,91,0,0,88,20,108,94,30,124,232
11/22/2019,BAF,MA,ANE,EN,Federal Contract Tower,0,2,6,4,12,0,0,25,14,39,0,2,31,18,51,54,2,56,107
11/23/2019,BAF,MA,ANE,EN,Federal Contract Tower,0,3,9,1,13,0,0,63,8,71,0,3,72,9,84,68,0,68,152
11/24/2019,BAF,MA,ANE,EN,Federal Contract Tower,0,0,1,2,3,0,0,0,0,0,0,0,1,2,3,0,0,0,3
11/25/2019,BAF,MA,ANE,EN,Federal Contract Tower,0,0,7,8,15,0,1,38,1,40,0,1,45,9,55,56,0,56,111
11/26/2019,BAF,MA,ANE,EN,Federal Contract Tower,0,1,14,16,31,0,1,79,2,82,0,2,93,18,113,72,12,84,197
11/27/2019,BAF,MA,ANE,EN,Federal Contract Tower,0,0,9,0,9,0,0,25,0,25,0,0,34,0,34,30,0,30,64
11/28/2019,BAF,MA,ANE,EN,Federal Contract Tower,0,0,0,0,0,0,0,0,0,0,0,0,0,0,0,0,0,0,0
11/29/2019,BAF,MA,ANE,EN,Federal Contract Tower,0,0,0,0,0,0,0,43,0,43,0,0,43,0,43,64,0,64,107
11/30/2019,BAF,MA,ANE,EN,Federal Contract Tower,0,0,5,0,5,0,2,53,1,56,0,2,58,1,61,46,6,52,113
12/01/2019,BAF,MA,ANE,EN,Federal Contract Tower,0,1,6,0,7,0,1,19,0,20,0,2,25,0,27,18,0,18,45
12/02/2019,BAF,MA,ANE,EN,Federal Contract Tower,0,0,1,0,1,0,0,0,0,0,0,0,1,0,1,0,0,0,1
12/03/2019,BAF,MA,ANE,EN,Federal Contract Tower,0,1,6,2,9,0,0,2,16,18,0,1,8,18,27,26,0,26,53
12/04/2019,BAF,MA,ANE,EN,Federal Contract Tower,0,3,4,8,15,0,2,40,30,72,0,5,44,38,87,52,8,60,147
12/05/2019,BAF,MA,ANE,EN,Federal Contract Tower,0,1,5,7,13,0,0,23,7,30,0,1,28,14,43,12,14,26,69
12/06/2019,BAF,MA,ANE,EN,Federal Contract Tower,0,0,3,4,7,0,0,12,0,12,0,0,15,4,19,18,0,18,37
12/07/2019,BAF,MA,ANE,EN,Federal Contract Tower,0,4,11,9,24,0,2,49,19,70,0,6,60,28,94,42,0,42,136
12/08/2019,BAF,MA,ANE,EN,Federal Contract Tower,0,3,5,0,8,0,4,55,0,59,0,7,60,0,67,34,0,34,101
12/09/2019,BAF,MA,ANE,EN,Federal Contract Tower,0,0,1,0,1,0,0,0,0,0,0,0,1,0,1,0,0,0,1
12/10/2019,BAF,MA,ANE,EN,Federal Contract Tower,0,1,2,7,10,0,0,0,12,12,0,1,2,19,22,0,0,0,22
12/11/2019,BAF,MA,ANE,EN,Federal Contract Tower,0,0,5,4,9,0,2,14,13,29,0,2,19,17,38,16,4,20,58
12/12/2019,BAF,MA,ANE,EN,Federal Contract Tower,0,0,1,12,13,0,2,58,14,74,0,2,59,26,87,82,10,92,179
12/13/2019,BAF,MA,ANE,EN,Federal Contract Tower,0,4,7,0,11,0,0,13,0,13,0,4,20,0,24,18,0,18,42
12/14/2019,BAF,MA,ANE,EN,Federal Contract Tower,0,0,6,0,6,0,0,0,0,0,0,0,6,0,6,0,0,0,6
12/15/2019,BAF,MA,ANE,EN,Federal Contract Tower,0,1,0,0,1,0,0,15,0,15,0,1,15,0,16,10,0,10,26
12/16/2019,BAF,MA,ANE,EN,Federal Contract Tower,0,1,4,9,14,0,0,50,20,70,0,1,54,29,84,38,32,70,154
12/17/2019,BAF,MA,ANE,EN,Federal Contract Tower,0,0,0,0,0,0,0,0,0,0,0,0,0,0,0,0,0,0,0
12/18/2019,BAF,MA,ANE,EN,Federal Contract Tower,0,0,13,9,22,0,0,32,8,40,0,0,45,17,62,54,28,82,144
12/19/2019,BAF,MA,ANE,EN,Federal Contract Tower,0,0,6,6,12,0,4,21,5,30,0,4,27,11,42,14,14,28,70
12/20/2019,BAF,MA,ANE,EN,Federal Contract Tower,0,3,6,6,15,0,0,52,0,52,0,3,58,6,67,56,6,62,129
12/21/2019,BAF,MA,ANE,EN,Federal Contract Tower,0,0,4,0,4,0,0,22,0,22,0,0,26,0,26,38,0,38,64
12/22/2019,BAF,MA,ANE,EN,Federal Contract Tower,0,0,7,0,7,0,2,41,0,43,0,2,48,0,50,22,0,22,72
12/23/2019,BAF,MA,ANE,EN,Federal Contract Tower,0,3,10,8,21,0,0,65,12,77,0,3,75,20,98,82,8,90,188
12/24/2019,BAF,MA,ANE,EN,Federal Contract Tower,0,2,0,0,2,0,1,51,0,52,0,3,51,0,54,24,0,24,78
12/25/2019,BAF,MA,ANE,EN,Federal Contract Tower,0,1,0,0,1,0,1,53,0,54,0,2,53,0,55,28,0,28,83
12/26/2019,BAF,MA,ANE,EN,Federal Contract Tower,0,2,5,0,7,0,1,9,0,10,0,3,14,0,17,12,0,12,29
12/27/2019,BAF,MA,ANE,EN,Federal Contract Tower,0,2,8,0,10,0,0,28,0,28,0,2,36,0,38,12,0,12,50
12/28/2019,BAF,MA,ANE,EN,Federal Contract Tower,0,0,9,0,9,0,0,64,0,64,0,0,73,0,73,38,0,38,111
12/29/2019,BAF,MA,ANE,EN,Federal Contract Tower,0,0,4,0,4,0,0,73,0,73,0,0,77,0,77,56,0,56,133
12/30/2019,BAF,MA,ANE,EN,Federal Contract Tower,0,0,0,0,0,0,0,0,0,0,0,0,0,0,0,0,0,0,0
12/31/2019,BAF,MA,ANE,EN,Federal Contract Tower,0,0,3,0,3,0,0,0,0,0,0,0,3,0,3,0,0,0,3
01/01/2020,BAF,MA,ANE,EN,Federal Contract Tower,0,0,6,0,6,0,0,14,0,14,0,0,20,0,20,14,0,14,34
01/02/2020,BAF,MA,ANE,EN,Federal Contract Tower,0,0,3,0,3,0,0,52,3,55,0,0,55,3,58,28,0,28,86
01/03/2020,BAF,MA,ANE,EN,Federal Contract Tower,0,2,6,7,15,0,4,30,16,50,0,6,36,23,65,64,4,68,133
01/04/2020,BAF,MA,ANE,EN,Federal Contract Tower,0,2,5,0,7,0,0,0,0,0,0,2,5,0,7,0,0,0,7
01/05/2020,BAF,MA,ANE,EN,Federal Contract Tower,0,3,10,0,13,0,2,34,0,36,0,5,44,0,49,30,0,30,79
01/06/2020,BAF,MA,ANE,EN,Federal Contract Tower,0,0,3,8,11,0,0,8,0,8,0,0,11,8,19,14,2,16,35
01/07/2020,BAF,MA,ANE,EN,Federal Contract Tower,0,0,12,13,25,0,0,40,6,46,0,0,52,19,71,52,16,68,139
01/08/2020,BAF,MA,ANE,EN,Federal Contract Tower,0,0,2,12,14,0,0,35,3,38,0,0,37,15,52,18,2,20,72
01/09/2020,BAF,MA,ANE,EN,Federal Contract Tower,0,1,5,8,14,0,2,56,12,70,0,3,61,20,84,78,10,88,172
01/10/2020,BAF,MA,ANE,EN,Federal Contract Tower,0,5,7,6,18,0,0,45,16,61,0,5,52,22,79,82,0,82,161
01/11/2020,BAF,MA,ANE,EN,Federal Contract Tower,0,4,5,5,14,0,2,31,26,59,0,6,36,31,73,36,0,36,109
01/12/2020,BAF,MA,ANE,EN,Federal Contract Tower,0,0,1,0,1,0,0,9,6,15,0,0,10,6,16,8,6,14,30
01/13/2020,BAF,MA,ANE,EN,Federal Contract Tower,0,1,14,0,15,0,0,2,0,2,0,1,16,0,17,0,0,0,17
01/14/2020,BAF,MA,ANE,EN,Federal Contract Tower,0,0,11,11,22,0,0,33,9,42,0,0,44,20,64,12,56,68,132
01/15/2020,BAF,MA,ANE,EN,Federal Contract Tower,0,3,14,8,25,0,0,60,13,73,0,3,74,21,98,86,0,86,184
01/16/2020,BAF,MA,ANE,EN,Federal Contract Tower,0,1,2,10,13,0,0,2,3,5,0,1,4,13,18,0,24,24,42
01/17/2020,BAF,MA,ANE,EN,Federal Contract Tower,0,1,8,6,15,0,4,14,4,22,0,5,22,10,37,16,0,16,53
01/18/2020,BAF,MA,ANE,EN,Federal Contract Tower,0,0,4,1,5,0,4,26,4,34,0,4,30,5,39,46,0,46,85
01/19/2020,BAF,MA,ANE,EN,Federal Contract Tower,0,0,7,0,7,0,0,8,0,8,0,0,15,0,15,6,0,6,21
01/20/2020,BAF,MA,ANE,EN,Federal Contract Tower,0,1,8,0,9,0,0,40,0,40,0,1,48,0,49,78,0,78,127
01/21/2020,BAF,MA,ANE,EN,Federal Contract Tower,0,3,22,7,32,0,2,37,21,60,0,5,59,28,92,36,0,36,128
01/22/2020,BAF,MA,ANE,EN,Federal Contract Tower,0,0,3,10,13,0,0,42,17,59,0,0,45,27,72,66,0,66,138
01/23/2020,BAF,MA,ANE,EN,Federal Contract Tower,0,6,5,4,15,0,0,90,2,92,0,6,95,6,107,120,0,120,227
01/24/2020,BAF,MA,ANE,EN,Federal Contract Tower,0,2,6,4,12,0,0,77,1,78,0,2,83,5,90,102,0,102,192
01/25/2020,BAF,MA,ANE,EN,Federal Contract Tower,0,3,4,0,7,0,0,0,0,0,0,3,4,0,7,0,0,0,7
01/26/2020,BAF,MA,ANE,EN,Federal Contract Tower,0,2,9,3,14,0,0,56,1,57,0,2,65,4,71,72,0,72,143
01/27/2020,BAF,MA,ANE,EN,Federal Contract Tower,0,2,5,1,8,0,2,42,12,56,0,4,47,13,64,32,4,36,100
01/28/2020,BAF,MA,ANE,EN,Federal Contract Tower,0,1,6,8,15,0,4,34,18,56,0,5,40,26,71,48,8,56,127
01/29/2020,BAF,MA,ANE,EN,Federal Contract Tower,0,1,13,11,25,0,0,53,32,85,0,1,66,43,110,32,12,44,154
01/30/2020,BAF,MA,ANE,EN,Federal Contract Tower,0,0,9,9,18,0,4,74,1,79,0,4,83,10,97,90,4,94,191
01/31/2020,BAF,MA,ANE,EN,Federal Contract Tower,0,2,6,8,16,0,0,57,0,57,0,2,63,8,73,34,0,34,107
02/01/2020,BAF,MA,ANE,EN,Federal Contract Tower,0,0,6,12,18,0,0,0,0,0,0,0,6,12,18,0,0,0,18
02/02/2020,BAF,MA,ANE,EN,Federal Contract Tower,0,1,3,4,8,0,0,63,0,63,0,1,66,4,71,62,0,62,133
02/03/2020,BAF,MA,ANE,EN,Federal Contract Tower,0,0,3,0,3,0,0,39,2,41,0,0,42,2,44,32,0,32,76
02/04/2020,BAF,MA,ANE,EN,Federal Contract Tower,0,3,4,8,15,0,0,42,18,60,0,3,46,26,75,74,0,74,149
02/05/2020,BAF,MA,ANE,EN,Federal Contract Tower,0,1,8,7,16,0,8,51,24,83,0,9,59,31,99,74,2,76,175
02/06/2020,BAF,MA,ANE,EN,Federal Contract Tower,0,1,1,0,2,0,0,0,0,0,0,1,1,0,2,0,0,0,2
02/07/2020,BAF,MA,ANE,EN,Federal Contract Tower,0,0,0,0,0,0,0,0,0,0,0,0,0,0,0,0,0,0,0
02/08/2020,BAF,MA,ANE,EN,Federal Contract Tower,0,2,11,0,13,0,0,31,17,48,0,2,42,17,61,38,18,56,117
02/09/2020,BAF,MA,ANE,EN,Federal Contract Tower,0,3,6,0,9,0,0,30,0,30,0,3,36,0,39,44,0,44,83
02/10/2020,BAF,MA,ANE,EN,Federal Contract Tower,0,0,12,12,24,0,0,9,0,9,0,0,21,12,33,22,0,22,55
02/11/2020,BAF,MA,ANE,EN,Federal Contract Tower,0,3,2,4,9,0,0,0,0,0,0,3,2,4,9,0,0,0,9
02/12/2020,BAF,MA,ANE,EN,Federal Contract Tower,0,1,19,13,33,0,3,45,5,53,0,4,64,18,86,52,6,58,144
02/13/2020,BAF,MA,ANE,EN,Federal Contract Tower,0,1,7,0,8,0,0,0,0,0,0,1,7,0,8,0,0,0,8
02/14/2020,BAF,MA,ANE,EN,Federal Contract Tower,0,1,12,5,18,0,2,29,0,31,0,3,41,5,49,32,2,34,83
02/15/2020,BAF,MA,ANE,EN,Federal Contract Tower,0,3,8,0,11,0,0,85,0,85,0,3,93,0,96,80,0,80,176
02/16/2020,BAF,MA,ANE,EN,Federal Contract Tower,0,2,3,0,5,0,0,44,0,44,0,2,47,0,49,48,0,48,97
02/17/2020,BAF,MA,ANE,EN,Federal Contract Tower,0,0,8,0,8,0,4,73,0,77,0,4,81,0,85,76,0,76,161
02/18/2020,BAF,MA,ANE,EN,Federal Contract Tower,0,1,4,4,9,0,0,22,8,30,0,1,26,12,39,10,6,16,55
02/19/2020,BAF,MA,ANE,EN,Federal Contract Tower,0,4,6,9,19,0,0,39,20,59,0,4,45,29,78,14,2,16,94
02/20/2020,BAF,MA,ANE,EN,Federal Contract Tower,0,0,8,9,17,0,1,50,1,52,0,1,58,10,69,38,6,44,113
02/21/2020,BAF,MA,ANE,EN,Federal Contract Tower,0,0,8,4,12,0,0,66,3,69,0,0,74,7,81,74,0,74,155
02/22/2020,BAF,MA,ANE,EN,Federal Contract Tower,0,1,8,0,9,0,1,55,0,56,0,2,63,0,65,60,0,60,125
02/23/2020,BAF,MA,ANE,EN,Federal Contract Tower,0,4,2,0,6,0,0,81,0,81,0,4,83,0,87,110,0,110,197
02/24/2020,BAF,MA,ANE,EN,Federal Contract Tower,0,0,6,4,10,0,1,69,1,71,0,1,75,5,81,88,8,96,177
02/25/2020,BAF,MA,ANE,EN,Federal Contract Tower,0,2,3,14,19,0,0,23,6,29,0,2,26,20,48,48,14,62,110
02/26/2020,BAF,MA,ANE,EN,Federal Contract Tower,0,2,8,21,31,0,0,8,5,13,0,2,16,26,44,18,16,34,78
02/27/2020,BAF,MA,ANE,EN,Federal Contract Tower,0,0,3,10,13,0,0,7,4,11,0,0,10,14,24,8,14,22,46
02/28/2020,BAF,MA,ANE,EN,Federal Contract Tower,0,0,7,2,9,0,1,33,14,48,0,1,40,16,57,36,4,40,97
02/29/2020,BAF,MA,ANE,EN,Federal Contract Tower,0,0,4,0,4,0,2,35,2,39,0,2,39,2,43,56,2,58,101
03/01/2020,BAF,MA,ANE,EN,Federal Contract Tower,0,2,6,0,8,0,2,33,0,35,0,4,39,0,43,28,0,28,71
03/02/2020,BAF,MA,ANE,EN,Federal Contract Tower,0,0,11,13,24,0,6,69,0,75,0,6,80,13,99,88,4,92,191
03/03/2020,BAF,MA,ANE,EN,Federal Contract Tower,0,0,7,9,16,0,3,41,9,53,0,3,48,18,69,54,8,62,131
03/04/2020,BAF,MA,ANE,EN,Federal Contract Tower,0,0,5,5,10,0,0,20,4,24,0,0,25,9,34,0,16,16,50
03/05/2020,BAF,MA,ANE,EN,Federal Contract Tower,0,0,4,12,16,0,4,57,8,69,0,4,61,20,85,84,14,98,183
03/06/2020,BAF,MA,ANE,EN,Federal Contract Tower,0,1,3,12,16,0,0,28,2,30,0,1,31,14,46,54,2,56,102
03/07/2020,BAF,MA,ANE,EN,Federal Contract Tower,0,2,0,0,2,0,2,36,0,38,0,4,36,0,40,58,0,58,98
03/08/2020,BAF,MA,ANE,EN,Federal Contract Tower,0,0,13,0,13,0,2,99,0,101,0,2,112,0,114,104,0,104,218
03/09/2020,BAF,MA,ANE,EN,Federal Contract Tower,0,0,6,0,6,0,0,53,11,64,0,0,59,11,70,78,4,82,152
03/10/2020,BAF,MA,ANE,EN,Federal Contract Tower,0,1,11,7,19,0,2,22,5,29,0,3,33,12,48,46,12,58,106
03/11/2020,BAF,MA,ANE,EN,Federal Contract Tower,0,0,6,8,14,0,0,50,11,61,0,0,56,19,75,52,2,54,129
03/12/2020,BAF,MA,ANE,EN,Federal Contract Tower,0,0,9,10,19,0,0,49,15,64,0,0,58,25,83,48,8,56,139
03/13/2020,BAF,MA,ANE,EN,Federal Contract Tower,0,2,4,0,6,0,0,0,0,0,0,2,4,0,6,0,0,0,6
03/14/2020,BAF,MA,ANE,EN,Federal Contract Tower,0,0,9,0,9,0,0,39,0,39,0,0,48,0,48,36,0,36,84
03/15/2020,BAF,MA,ANE,EN,Federal Contract Tower,0,0,15,0,15,0,0,88,0,88,0,0,103,0,103,110,4,114,217
03/16/2020,BAF,MA,ANE,EN,Federal Contract Tower,0,1,7,0,8,0,0,36,0,36,0,1,43,0,44,72,0,72,116
03/17/2020,BAF,MA,ANE,EN,Federal Contract Tower,0,3,3,0,6,0,0,8,0,8,0,3,11,0,14,20,0,20,34
03/18/2020,BAF,MA,ANE,EN,Federal Contract Tower,0,1,7,0,8,0,0,59,0,59,0,1,66,0,67,72,0,72,139
03/19/2020,BAF,MA,ANE,EN,Federal Contract Tower,0,0,1,5,6,0,0,0,0,0,0,0,1,5,6,0,0,0,6
03/20/2020,BAF,MA,ANE,EN,Federal Contract Tower,0,0,2,0,2,0,0,0,0,0,0,0,2,0,2,0,0,0,2
03/21/2020,BAF,MA,ANE,EN,Federal Contract Tower,0,0,3,0,3,0,2,53,0,55,0,2,56,0,58,84,0,84,142
03/22/2020,BAF,MA,ANE,EN,Federal Contract Tower,0,0,8,0,8,0,2,47,0,49,0,2,55,0,57,50,0,50,107
03/23/2020,BAF,MA,ANE,EN,Federal Contract Tower,0,1,2,0,3,0,0,0,0,0,0,1,2,0,3,0,0,0,3
03/24/2020,BAF,MA,ANE,EN,Federal Contract Tower,0,0,7,0,7,0,0,24,0,24,0,0,31,0,31,14,0,14,45
03/25/2020,BAF,MA,ANE,EN,Federal Contract Tower,0,0,1,0,1,0,0,24,0,24,0,0,25,0,25,30,0,30,55
03/26/2020,BAF,MA,ANE,EN,Federal Contract Tower,0,1,2,0,3,0,0,43,6,49,0,1,45,6,52,48,0,48,100
03/27/2020,BAF,MA,ANE,EN,Federal Contract Tower,0,4,3,0,7,0,4,37,0,41,0,8,40,0,48,36,0,36,84
03/28/2020,BAF,MA,ANE,EN,Federal Contract Tower,0,0,9,0,9,0,0,24,0,24,0,0,33,0,33,30,0,30,63
03/29/2020,BAF,MA,ANE,EN,Federal Contract Tower,0,1,2,0,3,0,0,0,0,0,0,1,2,0,3,0,0,0,3
03/30/2020,BAF,MA,ANE,EN,Federal Contract Tower,0,1,12,4,17,0,0,4,0,4,0,1,16,4,21,2,0,2,23
03/31/2020,BAF,MA,ANE,EN,Federal Contract Tower,0,0,9,7,16,0,0,12,16,28,0,0,21,23,44,10,22,32,76
04/01/2020,BAF,MA,ANE,EN,Federal Contract Tower,0,2,4,0,6,0,0,22,5,27,0,2,26,5,33,18,0,18,51
04/02/2020,BAF,MA,ANE,EN,Federal Contract Tower,0,0,1,2,3,0,0,16,0,16,0,0,17,2,19,26,4,30,49
04/03/2020,BAF,MA,ANE,EN,Federal Contract Tower,0,4,5,2,11,0,0,3,0,3,0,4,8,2,14,2,0,2,16
04/04/2020,BAF,MA,ANE,EN,Federal Contract Tower,0,0,3,0,3,0,0,14,0,14,0,0,17,0,17,10,0,10,27
04/05/2020,BAF,MA,ANE,EN,Federal Contract Tower,0,0,5,1,6,0,1,24,1,26,0,1,29,2,32,26,0,26,58
04/06/2020,BAF,MA,ANE,EN,Federal Contract Tower,0,2,4,0,6,0,0,32,5,37,0,2,36,5,43,30,0,30,73
04/07/2020,BAF,MA,ANE,EN,Federal Contract Tower,0,0,7,8,15,0,4,30,1,35,0,4,37,9,50,20,2,22,72
04/08/2020,BAF,MA,ANE,EN,Federal Contract Tower,0,0,2,0,2,0,1,27,0,28,0,1,29,0,30,32,0,32,62
04/09/2020,BAF,MA,ANE,EN,Federal Contract Tower,0,1,0,7,8,0,0,0,0,0,0,1,0,7,8,0,0,0,8
04/10/2020,BAF,MA,ANE,EN,Federal Contract Tower,0,0,0,0,0,0,0,2,0,2,0,0,2,0,2,0,0,0,2
04/11/2020,BAF,MA,ANE,EN,Federal Contract Tower,0,0,4,0,4,0,2,10,0,12,0,2,14,0,16,6,0,6,22
04/12/2020,BAF,MA,ANE,EN,Federal Contract Tower,0,0,3,0,3,0,0,40,0,40,0,0,43,0,43,26,0,26,69
04/13/2020,BAF,MA,ANE,EN,Federal Contract Tower,0,0,0,0,0,0,0,0,0,0,0,0,0,0,0,0,0,0,0
04/14/2020,BAF,MA,ANE,EN,Federal Contract Tower,0,1,2,6,9,0,2,39,2,43,0,3,41,8,52,56,0,56,108
04/15/2020,BAF,MA,ANE,EN,Federal Contract Tower,0,1,0,0,1,0,4,25,2,31,0,5,25,2,32,36,10,46,78
04/16/2020,BAF,MA,ANE,EN,Federal Contract Tower,0,0,0,5,5,0,0,11,0,11,0,0,11,5,16,0,0,0,16
04/17/2020,BAF,MA,ANE,EN,Federal Contract Tower,0,0,0,0,0,0,0,21,0,21,0,0,21,0,21,18,0,18,39
04/18/2020,BAF,MA,ANE,EN,Federal Contract Tower,0,1,0,0,1,0,0,9,0,9,0,1,9,0,10,8,0,8,18
04/19/2020,BAF,MA,ANE,EN,Federal Contract Tower,0,0,6,0,6,0,0,62,0,62,0,0,68,0,68,32,0,32,100
04/20/2020,BAF,MA,ANE,EN,Federal Contract Tower,0,0,8,0,8,0,4,61,1,66,0,4,69,1,74,90,0,90,164
04/21/2020,BAF,MA,ANE,EN,Federal Contract Tower,0,0,5,7,12,0,4,1,8,13,0,4,6,15,25,0,0,0,25
04/22/2020,BAF,MA,ANE,EN,Federal Contract Tower,0,0,1,0,1,0,2,29,6,37,0,2,30,6,38,20,2,22,60
04/23/2020,BAF,MA,ANE,EN,Federal Contract Tower,0,0,3,2,5,0,1,50,14,65,0,1,53,16,70,26,14,40,110
04/24/2020,BAF,MA,ANE,EN,Federal Contract Tower,0,0,2,0,2,0,0,0,0,0,0,0,2,0,2,0,0,0,2
04/26/2020,BAF,MA,ANE,EN,Federal Contract Tower,0,3,7,0,10,0,0,19,0,19,0,3,26,0,29,26,0,26,55
04/27/2020,BAF,MA,ANE,EN,Federal Contract Tower,0,0,2,0,2,0,0,4,0,4,0,0,6,0,6,2,0,2,8
04/28/2020,BAF,MA,ANE,EN,Federal Contract Tower,0,1,1,7,9,0,0,0,0,0,0,1,1,7,9,72,16,88,97
04/29/2020,BAF,MA,ANE,EN,Federal Contract Tower,0,0,1,0,1,0,0,46,0,46,0,0,47,0,47,50,2,52,99
04/30/2020,BAF,MA,ANE,EN,Federal Contract Tower,0,1,4,6,11,0,0,0,8,8,0,1,4,14,19,0,0,0,19
05/01/2020,BAF,MA,ANE,EN,Federal Contract Tower,0,3,4,0,7,0,0,0,0,0,0,3,4,0,7,0,0,0,7
05/02/2020,BAF,MA,ANE,EN,Federal Contract Tower,0,0,3,0,3,0,0,55,0,55,0,0,58,0,58,62,0,62,120
05/03/2020,BAF,MA,ANE,EN,Federal Contract Tower,0,0,3,0,3,0,0,52,0,52,0,0,55,0,55,34,0,34,89
05/04/2020,BAF,MA,ANE,EN,Federal Contract Tower,0,2,2,10,14,0,1,26,0,27,0,3,28,10,41,24,8,32,73
05/05/2020,BAF,MA,ANE,EN,Federal Contract Tower,0,2,2,1,5,0,1,49,4,54,0,3,51,5,59,70,0,70,129
05/06/2020,BAF,MA,ANE,EN,Federal Contract Tower,0,1,2,6,9,0,1,57,8,66,0,2,59,14,75,46,10,56,131
05/07/2020,BAF,MA,ANE,EN,Federal Contract Tower,0,0,0,3,3,0,0,49,7,56,0,0,49,10,59,44,4,48,107
05/08/2020,BAF,MA,ANE,EN,Federal Contract Tower,0,0,3,8,11,0,0,38,2,40,0,0,41,10,51,29,4,33,84
05/09/2020,BAF,MA,ANE,EN,Federal Contract Tower,0,0,1,0,1,0,0,0,0,0,0,0,1,0,1,0,0,0,1
05/10/2020,BAF,MA,ANE,EN,Federal Contract Tower,0,2,4,0,6,0,0,26,0,26,0,2,30,0,32,10,0,10,42
05/11/2020,BAF,MA,ANE,EN,Federal Contract Tower,0,0,6,9,15,0,0,22,0,22,0,0,28,9,37,20,0,20,57
05/12/2020,BAF,MA,ANE,EN,Federal Contract Tower,0,0,7,2,9,0,0,41,5,46,0,0,48,7,55,42,8,50,105
05/13/2020,BAF,MA,ANE,EN,Federal Contract Tower,0,1,4,7,12,0,0,36,6,42,0,1,40,13,54,60,0,60,114
05/14/2020,BAF,MA,ANE,EN,Federal Contract Tower,0,0,3,1,4,0,0,77,2,79,0,0,80,3,83,58,2,60,143
05/15/2020,BAF,MA,ANE,EN,Federal Contract Tower,0,0,4,8,12,0,0,41,4,45,0,0,45,12,57,60,0,60,117
05/16/2020,BAF,MA,ANE,EN,Federal Contract Tower,0,1,9,0,10,0,4,45,0,49,0,5,54,0,59,78,0,78,137
05/17/2020,BAF,MA,ANE,EN,Federal Contract Tower,0,1,7,0,8,0,4,42,0,46,0,5,49,0,54,60,0,60,114
05/18/2020,BAF,MA,ANE,EN,Federal Contract Tower,0,2,4,14,20,0,2,31,0,33,0,4,35,14,53,36,0,36,89
05/19/2020,BAF,MA,ANE,EN,Federal Contract Tower,0,2,4,3,9,0,0,47,2,49,0,2,51,5,58,32,0,32,90
05/20/2020,BAF,MA,ANE,EN,Federal Contract Tower,0,1,5,10,16,0,3,56,12,71,0,4,61,22,87,84,12,96,183
05/21/2020,BAF,MA,ANE,EN,Federal Contract Tower,0,3,7,2,12,0,0,56,4,60,0,3,63,6,72,52,0,52,124
05/22/2020,BAF,MA,ANE,EN,Federal Contract Tower,0,1,5,11,17,0,2,38,5,45,0,3,43,16,62,68,4,72,134
05/23/2020,BAF,MA,ANE,EN,Federal Contract Tower,0,0,10,0,10,0,2,8,2,12,0,2,18,2,22,2,2,4,26
05/24/2020,BAF,MA,ANE,EN,Federal Contract Tower,0,0,5,0,5,0,1,57,0,58,0,1,62,0,63,40,0,40,103
05/25/2020,BAF,MA,ANE,EN,Federal Contract Tower,0,0,12,5,17,0,0,19,0,19,0,0,31,5,36,28,0,28,64
05/26/2020,BAF,MA,ANE,EN,Federal Contract Tower,0,1,8,2,11,0,0,54,0,54,0,1,62,2,65,36,0,36,101
05/27/2020,BAF,MA,ANE,EN,Federal Contract Tower,0,0,11,8,19,0,2,75,6,83,0,2,86,14,102,68,0,68,170
05/28/2020,BAF,MA,ANE,EN,Federal Contract Tower,0,0,7,4,11,0,0,15,0,15,0,0,22,4,26,8,0,8,34
05/29/2020,BAF,MA,ANE,EN,Federal Contract Tower,0,0,6,15,21,0,0,13,0,13,0,0,19,15,34,10,0,10,44
05/30/2020,BAF,MA,ANE,EN,Federal Contract Tower,0,1,10,0,11,0,2,59,2,63,0,3,69,2,74,40,6,46,120
05/31/2020,BAF,MA,ANE,EN,Federal Contract Tower,0,2,3,0,5,0,0,45,1,46,0,2,48,1,51,12,0,12,63
06/01/2020,BAF,MA,ANE,EN,Federal Contract Tower,0,0,5,5,10,0,2,39,12,53,0,2,44,17,63,58,0,58,121
06/02/2020,BAF,MA,ANE,EN,Federal Contract Tower,0,1,4,3,8,0,4,49,2,55,0,5,53,5,63,80,0,80,143
06/03/2020,BAF,MA,ANE,EN,Federal Contract Tower,0,0,5,2,7,0,3,65,0,68,0,3,70,2,75,136,0,136,211
06/04/2020,BAF,MA,ANE,EN,Federal Contract Tower,0,7,3,9,19,0,0,68,1,69,0,7,71,10,88,84,0,84,172
06/05/2020,BAF,MA,ANE,EN,Federal Contract Tower,0,0,5,12,17,0,2,10,0,12,0,2,15,12,29,19,6,25,54
06/06/2020,BAF,MA,ANE,EN,Federal Contract Tower,0,1,8,0,9,0,3,32,0,35,0,4,40,0,44,50,0,50,94
06/07/2020,BAF,MA,ANE,EN,Federal Contract Tower,0,0,5,1,6,0,3,30,1,34,0,3,35,2,40,28,8,36,76
06/08/2020,BAF,MA,ANE,EN,Federal Contract Tower,0,0,7,6,13,0,2,67,3,72,0,2,74,9,85,56,0,56,141
06/09/2020,BAF,MA,ANE,EN,Federal Contract Tower,0,0,7,12,19,0,2,72,15,89,0,2,79,27,108,100,4,104,212
06/10/2020,BAF,MA,ANE,EN,Federal Contract Tower,0,1,21,16,38,0,5,64,41,110,0,6,85,57,148,148,6,154,302
06/11/2020,BAF,MA,ANE,EN,Federal Contract Tower,0,0,3,5,8,0,0,0,0,0,0,0,3,5,8,4,0,4,12
06/12/2020,BAF,MA,ANE,EN,Federal Contract Tower,0,0,9,12,21,0,0,62,0,62,0,0,71,12,83,104,8,112,195
06/13/2020,BAF,MA,ANE,EN,Federal Contract Tower,0,0,7,0,7,0,3,60,0,63,0,3,67,0,70,90,0,90,160
06/14/2020,BAF,MA,ANE,EN,Federal Contract Tower,0,0,13,0,13,0,2,80,0,82,0,2,93,0,95,52,0,52,147
06/15/2020,BAF,MA,ANE,EN,Federal Contract Tower,0,0,16,16,32,0,3,58,0,61,0,3,74,16,93,70,0,70,163
06/16/2020,BAF,MA,ANE,EN,Federal Contract Tower,0,0,6,16,22,0,0,67,32,99,0,0,73,48,121,96,16,112,233
06/17/2020,BAF,MA,ANE,EN,Federal Contract Tower,0,0,19,19,38,0,2,53,27,82,0,2,72,46,120,136,18,154,274
06/18/2020,BAF,MA,ANE,EN,Federal Contract Tower,0,1,4,10,15,0,2,65,12,79,0,3,69,22,94,108,8,116,210
06/19/2020,BAF,MA,ANE,EN,Federal Contract Tower,0,0,7,6,13,0,0,62,0,62,0,0,69,6,75,86,0,86,161
06/20/2020,BAF,MA,ANE,EN,Federal Contract Tower,0,1,5,0,6,0,2,68,0,70,0,3,73,0,76,84,0,84,160
06/21/2020,BAF,MA,ANE,EN,Federal Contract Tower,0,0,6,0,6,0,2,58,0,60,0,2,64,0,66,76,0,76,142
06/22/2020,BAF,MA,ANE,EN,Federal Contract Tower,0,0,14,7,21,0,0,41,5,46,0,0,55,12,67,82,0,82,149
06/23/2020,BAF,MA,ANE,EN,Federal Contract Tower,0,4,7,9,20,0,1,45,13,59,0,5,52,22,79,76,2,78,157
06/24/2020,BAF,MA,ANE,EN,Federal Contract Tower,0,0,7,5,12,0,1,37,3,41,0,1,44,8,53,28,0,28,81
06/25/2020,BAF,MA,ANE,EN,Federal Contract Tower,0,3,10,6,19,0,0,69,0,69,0,3,79,6,88,74,16,90,178
06/26/2020,BAF,MA,ANE,EN,Federal Contract Tower,0,1,6,15,22,0,0,57,2,59,0,1,63,17,81,70,16,86,167
06/27/2020,BAF,MA,ANE,EN,Federal Contract Tower,0,0,1,0,1,0,4,31,0,35,0,4,32,0,36,58,0,58,94
06/28/2020,BAF,MA,ANE,EN,Federal Contract Tower,0,2,16,0,18,0,2,21,0,23,0,4,37,0,41,40,0,40,81
06/29/2020,BAF,MA,ANE,EN,Federal Contract Tower,0,2,10,9,21,0,0,0,0,0,0,2,10,9,21,0,10,10,31
06/30/2020,BAF,MA,ANE,EN,Federal Contract Tower,0,0,12,16,28,0,0,4,4,8,0,0,16,20,36,6,64,70,106
07/01/2020,BAF,MA,ANE,EN,Federal Contract Tower,0,3,10,13,26,0,0,21,2,23,0,3,31,15,49,48,18,66,115
07/02/2020,BAF,MA,ANE,EN,Federal Contract Tower,0,1,12,0,13,0,0,100,5,105,0,1,112,5,118,88,6,94,212
07/03/2020,BAF,MA,ANE,EN,Federal Contract Tower,0,0,3,0,3,0,0,16,0,16,0,0,19,0,19,48,0,48,67
07/04/2020,BAF,MA,ANE,EN,Federal Contract Tower,0,0,8,0,8,0,4,69,0,73,0,4,77,0,81,72,0,72,153
07/05/2020,BAF,MA,ANE,EN,Federal Contract Tower,0,0,15,0,15,0,1,60,0,61,0,1,75,0,76,56,0,56,132
07/06/2020,BAF,MA,ANE,EN,Federal Contract Tower,0,2,12,0,14,0,0,54,4,58,0,2,66,4,72,68,0,68,140
07/07/2020,BAF,MA,ANE,EN,Federal Contract Tower,0,0,16,18,34,0,4,35,4,43,0,4,51,22,77,82,24,106,183
07/08/2020,BAF,MA,ANE,EN,Federal Contract Tower,0,4,10,12,26,0,4,22,24,50,0,8,32,36,76,56,30,86,162
07/09/2020,BAF,MA,ANE,EN,Federal Contract Tower,0,0,13,12,25,0,0,76,25,101,0,0,89,37,126,82,12,94,220
07/10/2020,BAF,MA,ANE,EN,Federal Contract Tower,0,7,21,8,36,0,4,12,0,16,0,11,33,8,52,60,0,60,112
07/11/2020,BAF,MA,ANE,EN,Federal Contract Tower,0,0,11,0,11,0,4,18,0,22,0,4,29,0,33,54,0,54,87
07/12/2020,BAF,MA,ANE,EN,Federal Contract Tower,0,0,7,0,7,0,2,87,0,89,0,2,94,0,96,70,0,70,166
07/13/2020,BAF,MA,ANE,EN,Federal Contract Tower,0,3,5,11,19,0,4,83,10,97,0,7,88,21,116,128,4,132,248
07/14/2020,BAF,MA,ANE,EN,Federal Contract Tower,0,2,7,10,19,0,2,52,7,61,0,4,59,17,80,80,44,124,204
07/15/2020,BAF,MA,ANE,EN,Federal Contract Tower,0,2,15,16,33,0,0,139,2,141,0,2,154,18,174,154,0,154,328
07/16/2020,BAF,MA,ANE,EN,Federal Contract Tower,0,0,9,11,20,0,0,88,23,111,0,0,97,34,131,134,14,148,279
07/17/2020,BAF,MA,ANE,EN,Federal Contract Tower,0,0,18,9,27,0,0,16,0,16,0,0,34,9,43,6,0,6,49
07/18/2020,BAF,MA,ANE,EN,Federal Contract Tower,0,0,2,0,2,0,2,90,3,95,0,2,92,3,97,118,10,128,225
07/19/2020,BAF,MA,ANE,EN,Federal Contract Tower,0,0,9,2,11,0,2,99,4,105,0,2,108,6,116,90,6,96,212
07/20/2020,BAF,MA,ANE,EN,Federal Contract Tower,0,0,8,0,8,0,4,65,5,74,0,4,73,5,82,130,6,136,218
07/21/2020,BAF,MA,ANE,EN,Federal Contract Tower,0,0,14,13,27,0,0,91,3,94,0,0,105,16,121,96,21,117,238
07/22/2020,BAF,MA,ANE,EN,Federal Contract Tower,0,0,7,9,16,0,0,69,0,69,0,0,76,9,85,84,0,84,169
07/23/2020,BAF,MA,ANE,EN,Federal Contract Tower,0,0,5,5,10,0,0,52,4,56,0,0,57,9,66,64,14,78,144
07/24/2020,BAF,MA,ANE,EN,Federal Contract Tower,0,1,9,6,16,0,0,60,13,73,0,1,69,19,89,72,16,88,177
07/25/2020,BAF,MA,ANE,EN,Federal Contract Tower,0,1,5,6,12,0,5,77,5,87,0,6,82,11,99,194,0,194,293
07/26/2020,BAF,MA,ANE,EN,Federal Contract Tower,0,1,4,5,10,0,4,90,4,98,0,5,94,9,108,152,0,152,260
07/27/2020,BAF,MA,ANE,EN,Federal Contract Tower,0,3,4,6,13,0,3,54,8,65,0,6,58,14,78,70,20,90,168
07/28/2020,BAF,MA,ANE,EN,Federal Contract Tower,0,1,7,15,23,0,0,52,7,59,0,1,59,22,82,94,10,104,186
07/29/2020,BAF,MA,ANE,EN,Federal Contract Tower,0,0,13,10,23,0,0,65,8,73,0,0,78,18,96,86,42,128,224
07/30/2020,BAF,MA,ANE,EN,Federal Contract Tower,0,1,7,15,23,0,0,57,15,72,0,1,64,30,95,92,12,104,199
07/31/2020,BAF,MA,ANE,EN,Federal Contract Tower,0,4,7,0,11,0,0,72,4,76,0,4,79,4,87,108,0,108,195
08/01/2020,BAF,MA,ANE,EN,Federal Contract Tower,0,0,6,0,6,0,4,75,0,79,0,4,81,0,85,136,0,136,221
08/02/2020,BAF,MA,ANE,EN,Federal Contract Tower,0,0,8,0,8,0,0,2,0,2,0,0,10,0,10,36,0,36,46
08/03/2020,BAF,MA,ANE,EN,Federal Contract Tower,0,0,4,13,17,0,0,68,17,85,0,0,72,30,102,82,22,104,206
08/05/2020,BAF,MA,ANE,EN,Federal Contract Tower,0,1,7,7,15,0,0,70,6,76,0,1,77,13,91,66,14,80,171
08/06/2020,BAF,MA,ANE,EN,Federal Contract Tower,0,0,22,3,25,0,0,70,4,74,0,0,92,7,99,102,2,104,203
08/07/2020,BAF,MA,ANE,EN,Federal Contract Tower,0,0,7,7,14,0,2,39,4,45,0,2,46,11,59,34,10,44,103
08/08/2020,BAF,MA,ANE,EN,Federal Contract Tower,0,0,6,7,13,0,2,72,7,81,0,2,78,14,94,116,0,116,210
08/09/2020,BAF,MA,ANE,EN,Federal Contract Tower,0,3,12,5,20,0,2,85,2,89,0,5,97,7,109,74,0,74,183
08/10/2020,BAF,MA,ANE,EN,Federal Contract Tower,0,0,8,8,16,0,0,86,4,90,0,0,94,12,106,104,12,116,222
08/11/2020,BAF,MA,ANE,EN,Federal Contract Tower,0,0,6,7,13,0,0,75,9,84,0,0,81,16,97,98,0,98,195
08/12/2020,BAF,MA,ANE,EN,Federal Contract Tower,0,0,4,5,9,0,0,68,8,76,0,0,72,13,85,124,14,138,223
08/13/2020,BAF,MA,ANE,EN,Federal Contract Tower,0,0,1,13,14,0,0,61,7,68,0,0,62,20,82,58,22,80,162
08/14/2020,BAF,MA,ANE,EN,Federal Contract Tower,0,0,7,6,13,0,0,91,5,96,0,0,98,11,109,72,16,88,197
08/15/2020,BAF,MA,ANE,EN,Federal Contract Tower,0,0,6,4,10,0,2,27,8,37,0,2,33,12,47,51,28,79,126
08/16/2020,BAF,MA,ANE,EN,Federal Contract Tower,0,0,12,4,16,0,2,26,0,28,0,2,38,4,44,58,0,58,102
08/17/2020,BAF,MA,ANE,EN,Federal Contract Tower,0,0,16,7,23,0,4,48,19,71,0,4,64,26,94,94,40,134,228
08/18/2020,BAF,MA,ANE,EN,Federal Contract Tower,0,0,8,12,20,0,2,66,6,74,0,2,74,18,94,116,44,160,254
08/19/2020,BAF,MA,ANE,EN,Federal Contract Tower,0,0,9,5,14,0,0,100,6,106,0,0,109,11,120,132,38,170,290
08/20/2020,BAF,MA,ANE,EN,Federal Contract Tower,0,2,16,12,30,0,0,80,9,89,0,2,96,21,119,84,8,92,211
08/21/2020,BAF,MA,ANE,EN,Federal Contract Tower,0,0,5,7,12,0,0,78,1,79,0,0,83,8,91,46,0,46,137
08/22/2020,BAF,MA,ANE,EN,Federal Contract Tower,0,0,1,0,1,0,2,61,2,65,0,2,62,2,66,138,0,138,204
08/23/2020,BAF,MA,ANE,EN,Federal Contract Tower,0,0,10,0,10,0,0,78,2,80,0,0,88,2,90,64,0,64,154
08/24/2020,BAF,MA,ANE,EN,Federal Contract Tower,0,0,10,2,12,0,1,35,4,40,0,1,45,6,52,72,0,72,124
08/25/2020,BAF,MA,ANE,EN,Federal Contract Tower,0,1,5,8,14,0,2,63,3,68,0,3,68,11,82,80,14,94,176
08/26/2020,BAF,MA,ANE,EN,Federal Contract Tower,0,0,6,13,19,0,2,90,2,94,0,2,96,15,113,58,16,74,187
08/27/2020,BAF,MA,ANE,EN,Federal Contract Tower,0,1,3,8,12,0,0,28,8,36,0,1,31,16,48,36,8,44,92
08/28/2020,BAF,MA,ANE,EN,Federal Contract Tower,0,0,16,10,26,0,0,65,20,85,0,0,81,30,111,76,14,90,201
08/29/2020,BAF,MA,ANE,EN,Federal Contract Tower,0,0,5,0,5,0,0,0,0,0,0,0,5,0,5,4,0,4,9
08/30/2020,BAF,MA,ANE,EN,Federal Contract Tower,0,0,5,0,5,0,2,88,0,90,0,2,93,0,95,86,0,86,181
08/31/2020,BAF,MA,ANE,EN,Federal Contract Tower,0,0,8,0,8,0,0,75,7,82,0,0,83,7,90,98,0,98,188
09/01/2020,BAF,MA,ANE,EN,Federal Contract Tower,0,2,10,12,24,0,0,67,8,75,0,2,77,20,99,90,18,108,207
09/02/2020,BAF,MA,ANE,EN,Federal Contract Tower,0,2,23,13,38,0,0,0,0,0,0,2,23,13,38,0,0,0,38
09/03/2020,BAF,MA,ANE,EN,Federal Contract Tower,0,0,10,16,26,0,0,62,15,77,0,0,72,31,103,76,6,82,185
09/04/2020,BAF,MA,ANE,EN,Federal Contract Tower,0,2,10,0,12,0,0,87,0,87,0,2,97,0,99,90,0,90,189
09/05/2020,BAF,MA,ANE,EN,Federal Contract Tower,0,0,4,0,4,0,4,81,0,85,0,4,85,0,89,160,0,160,249
09/06/2020,BAF,MA,ANE,EN,Federal Contract Tower,0,0,7,0,7,0,0,107,0,107,0,0,114,0,114,140,0,140,254
09/07/2020,BAF,MA,ANE,EN,Federal Contract Tower,0,0,7,0,7,0,2,65,0,67,0,2,72,0,74,98,0,98,172
09/08/2020,BAF,MA,ANE,EN,Federal Contract Tower,0,1,10,15,26,0,0,49,5,54,0,1,59,20,80,104,0,104,184
09/09/2020,BAF,MA,ANE,EN,Federal Contract Tower,0,3,8,15,26,0,0,41,3,44,0,3,49,18,70,100,12,112,182
09/10/2020,BAF,MA,ANE,EN,Federal Contract Tower,0,1,10,5,16,0,0,0,0,0,0,1,10,5,16,0,0,0,16
09/11/2020,BAF,MA,ANE,EN,Federal Contract Tower,0,0,5,8,13,0,0,65,2,67,0,0,70,10,80,110,12,122,202
09/12/2020,BAF,MA,ANE,EN,Federal Contract Tower,0,0,4,0,4,0,4,93,5,102,0,4,97,5,106,102,0,102,208
09/13/2020,BAF,MA,ANE,EN,Federal Contract Tower,0,2,13,0,15,0,4,89,0,93,0,6,102,0,108,120,0,120,228
09/14/2020,BAF,MA,ANE,EN,Federal Contract Tower,0,0,10,1,11,0,2,67,2,71,0,2,77,3,82,96,0,96,178
09/15/2020,BAF,MA,ANE,EN,Federal Contract Tower,0,1,3,17,21,0,0,70,8,78,0,1,73,25,99,50,8,58,157
09/16/2020,BAF,MA,ANE,EN,Federal Contract Tower,0,2,4,9,15,0,1,70,16,87,0,3,74,25,102,88,44,132,234
09/17/2020,BAF,MA,ANE,EN,Federal Contract Tower,0,0,5,10,15,0,0,77,16,93,0,0,82,26,108,72,14,86,194
09/18/2020,BAF,MA,ANE,EN,Federal Contract Tower,0,2,7,8,17,0,0,35,2,37,0,2,42,10,54,38,4,42,96
09/19/2020,BAF,MA,ANE,EN,Federal Contract Tower,0,4,5,0,9,0,2,98,0,100,0,6,103,0,109,82,0,82,191
09/20/2020,BAF,MA,ANE,EN,Federal Contract Tower,0,0,5,0,5,0,3,70,2,75,0,3,75,2,80,54,0,54,134
09/21/2020,BAF,MA,ANE,EN,Federal Contract Tower,0,0,5,7,12,0,0,60,5,65,0,0,65,12,77,92,4,96,173
09/22/2020,BAF,MA,ANE,EN,Federal Contract Tower,0,1,3,13,17,0,0,58,4,62,0,1,61,17,79,70,14,84,163
09/23/2020,BAF,MA,ANE,EN,Federal Contract Tower,0,0,7,12,19,0,0,52,5,57,0,0,59,17,76,40,18,58,134
09/24/2020,BAF,MA,ANE,EN,Federal Contract Tower,0,0,3,15,18,0,0,55,7,62,0,0,58,22,80,82,8,90,170
09/25/2020,BAF,MA,ANE,EN,Federal Contract Tower,0,1,5,6,12,0,4,99,3,106,0,5,104,9,118,76,2,78,196
09/26/2020,BAF,MA,ANE,EN,Federal Contract Tower,0,0,17,0,17,0,4,34,4,42,0,4,51,4,59,68,14,82,141
09/27/2020,BAF,MA,ANE,EN,Federal Contract Tower,0,0,17,0,17,0,2,25,0,27,0,2,42,0,44,68,0,68,112
09/28/2020,BAF,MA,ANE,EN,Federal Contract Tower,0,5,9,10,24,0,0,34,3,37,0,5,43,13,61,62,8,70,131
09/29/2020,BAF,MA,ANE,EN,Federal Contract Tower,0,0,8,10,18,0,0,7,2,9,0,0,15,12,27,42,0,42,69
09/30/2020,BAF,MA,ANE,EN,Federal Contract Tower,0,0,4,11,15,0,1,25,14,40,0,1,29,25,55,16,4,20,75
10/01/2020,BAF,MA,ANE,EN,Federal Contract Tower,0,1,4,1,6,0,2,74,7,83,0,3,78,8,89,70,16,86,175
10/03/2020,BAF,MA,ANE,EN,Federal Contract Tower,0,1,13,0,14,0,2,92,0,94,0,3,105,0,108,99,0,99,207
10/04/2020,BAF,MA,ANE,EN,Federal Contract Tower,0,0,6,3,9,0,6,91,0,97,0,6,97,3,106,30,0,30,136
10/05/2020,BAF,MA,ANE,EN,Federal Contract Tower,0,0,9,1,10,0,2,66,3,71,0,2,75,4,81,98,0,98,179
10/06/2020,BAF,MA,ANE,EN,Federal Contract Tower,0,0,3,0,3,0,0,24,4,28,0,0,27,4,31,10,2,12,43
10/07/2020,BAF,MA,ANE,EN,Federal Contract Tower,0,0,3,1,4,0,0,11,12,23,0,0,14,13,27,44,6,50,77
10/08/2020,BAF,MA,ANE,EN,Federal Contract Tower,0,0,1,1,2,0,0,25,0,25,0,0,26,1,27,32,0,32,59
10/09/2020,BAF,MA,ANE,EN,Federal Contract Tower,0,0,10,0,10,0,0,78,6,84,0,0,88,6,94,114,0,114,208
10/10/2020,BAF,MA,ANE,EN,Federal Contract Tower,0,0,9,0,9,0,0,51,0,51,0,0,60,0,60,66,0,66,126
10/11/2020,BAF,MA,ANE,EN,Federal Contract Tower,0,0,13,0,13,0,6,61,0,67,0,6,74,0,80,42,0,42,122
10/12/2020,BAF,MA,ANE,EN,Federal Contract Tower,0,0,13,0,13,0,2,16,0,18,0,2,29,0,31,36,0,36,67
10/13/2020,BAF,MA,ANE,EN,Federal Contract Tower,0,0,15,4,19,0,0,0,0,0,0,0,15,4,19,0,30,30,49
10/14/2020,BAF,MA,ANE,EN,Federal Contract Tower,0,0,19,12,31,0,0,126,2,128,0,0,145,14,159,130,4,134,293
10/15/2020,BAF,MA,ANE,EN,Federal Contract Tower,0,0,14,11,25,0,0,77,16,93,0,0,91,27,118,106,36,142,260
10/16/2020,BAF,MA,ANE,EN,Federal Contract Tower,0,0,14,9,23,0,0,12,6,18,0,0,26,15,41,4,0,4,45
10/17/2020,BAF,MA,ANE,EN,Federal Contract Tower,0,2,3,11,16,0,0,58,22,80,0,2,61,33,96,72,2,74,170
10/18/2020,BAF,MA,ANE,EN,Federal Contract Tower,0,1,5,0,6,0,5,110,2,117,0,6,115,2,123,84,2,86,209
10/19/2020,BAF,MA,ANE,EN,Federal Contract Tower,0,1,8,1,10,0,2,45,8,55,0,3,53,9,65,80,0,80,145
10/20/2020,BAF,MA,ANE,EN,Federal Contract Tower,0,2,8,11,21,0,2,24,2,28,0,4,32,13,49,68,4,72,121
10/21/2020,BAF,MA,ANE,EN,Federal Contract Tower,0,1,16,16,33,0,6,34,3,43,0,7,50,19,76,70,0,70,146
10/22/2020,BAF,MA,ANE,EN,Federal Contract Tower,0,3,8,15,26,0,1,153,11,165,0,4,161,26,191,202,0,202,393
10/23/2020,BAF,MA,ANE,EN,Federal Contract Tower,0,0,19,9,28,0,0,13,0,13,0,0,32,9,41,32,0,32,73
10/24/2020,BAF,MA,ANE,EN,Federal Contract Tower,0,0,8,0,8,0,0,57,12,69,0,0,65,12,77,72,0,72,149
10/25/2020,BAF,MA,ANE,EN,Federal Contract Tower,0,2,6,0,8,0,2,99,0,101,0,4,105,0,109,98,0,98,207
10/26/2020,BAF,MA,ANE,EN,Federal Contract Tower,0,2,6,0,8,0,0,0,0,0,0,2,6,0,8,0,0,0,8
10/27/2020,BAF,MA,ANE,EN,Federal Contract Tower,0,0,11,13,24,0,2,76,8,86,0,2,87,21,110,142,24,166,276
10/28/2020,BAF,MA,ANE,EN,Federal Contract Tower,0,1,18,9,28,0,0,0,0,0,0,1,18,9,28,2,0,2,30
10/29/2020,BAF,MA,ANE,EN,Federal Contract Tower,0,1,2,10,13,0,0,0,0,0,0,1,2,10,13,0,0,0,13
10/30/2020,BAF,MA,ANE,EN,Federal Contract Tower,0,0,1,0,1,0,0,3,0,3,0,0,4,0,4,8,0,8,12
10/31/2020,BAF,MA,ANE,EN,Federal Contract Tower,0,0,6,0,6,0,1,82,0,83,0,1,88,0,89,146,0,146,235
11/01/2020,BAF,MA,ANE,EN,Federal Contract Tower,0,1,10,0,11,0,0,25,0,25,0,1,35,0,36,30,0,30,66
11/02/2020,BAF,MA,ANE,EN,Federal Contract Tower,0,0,2,0,2,0,0,2,1,3,0,0,4,1,5,0,0,0,5
11/03/2020,BAF,MA,ANE,EN,Federal Contract Tower,0,1,0,15,16,0,8,11,3,22,0,9,11,18,38,22,26,48,86
11/04/2020,BAF,MA,ANE,EN,Federal Contract Tower,0,3,4,11,18,0,0,67,5,72,0,3,71,16,90,70,0,70,160
11/05/2020,BAF,MA,ANE,EN,Federal Contract Tower,0,2,10,9,21,0,0,70,2,72,0,2,80,11,93,114,10,124,217
11/06/2020,BAF,MA,ANE,EN,Federal Contract Tower,0,1,5,8,14,0,0,70,2,72,0,1,75,10,86,112,2,114,200
11/07/2020,BAF,MA,ANE,EN,Federal Contract Tower,2,1,2,0,5,0,0,69,0,69,2,1,71,0,74,134,0,134,208
11/08/2020,BAF,MA,ANE,EN,Federal Contract Tower,0,0,2,0,2,0,2,95,0,97,0,2,97,0,99,56,0,56,155
11/09/2020,BAF,MA,ANE,EN,Federal Contract Tower,0,0,7,1,8,0,0,84,4,88,0,0,91,5,96,148,0,148,244
11/10/2020,BAF,MA,ANE,EN,Federal Contract Tower,0,0,12,15,27,0,2,135,13,150,0,2,147,28,177,206,0,206,383
11/11/2020,BAF,MA,ANE,EN,Federal Contract Tower,0,0,4,0,4,0,0,14,0,14,0,0,18,0,18,46,0,46,64
11/12/2020,BAF,MA,ANE,EN,Federal Contract Tower,0,0,9,10,19,0,0,37,22,59,0,0,46,32,78,72,0,72,150
11/13/2020,BAF,MA,ANE,EN,Federal Contract Tower,0,2,4,5,11,0,0,4,0,4,0,2,8,5,15,2,0,2,17
11/14/2020,BAF,MA,ANE,EN,Federal Contract Tower,0,0,4,12,16,0,0,65,0,65,0,0,69,12,81,72,2,74,155
11/15/2020,BAF,MA,ANE,EN,Federal Contract Tower,0,0,5,0,5,0,2,48,2,52,0,2,53,2,57,82,0,82,139
11/16/2020,BAF,MA,ANE,EN,Federal Contract Tower,0,0,6,0,6,0,0,45,6,51,0,0,51,6,57,56,22,78,135
11/17/2020,BAF,MA,ANE,EN,Federal Contract Tower,0,1,7,12,20,0,4,51,8,63,0,5,58,20,83,112,32,144,227
11/18/2020,BAF,MA,ANE,EN,Federal Contract Tower,0,2,8,9,19,0,2,42,14,58,0,4,50,23,77,30,28,58,135
11/19/2020,BAF,MA,ANE,EN,Federal Contract Tower,2,1,17,19,39,0,1,64,4,69,2,2,81,23,108,98,22,120,228
11/20/2020,BAF,MA,ANE,EN,Federal Contract Tower,0,0,13,15,28,0,0,76,5,81,0,0,89,20,109,144,0,144,253
11/21/2020,BAF,MA,ANE,EN,Federal Contract Tower,0,0,8,1,9,0,0,63,0,63,0,0,71,1,72,122,0,122,194
11/22/2020,BAF,MA,ANE,EN,Federal Contract Tower,0,0,2,0,2,0,0,38,0,38,0,0,40,0,40,82,0,82,122
11/23/2020,BAF,MA,ANE,EN,Federal Contract Tower,0,2,10,0,12,0,2,6,4,12,0,4,16,4,24,0,0,0,24
11/24/2020,BAF,MA,ANE,EN,Federal Contract Tower,0,0,5,11,16,0,2,67,2,71,0,2,72,13,87,82,14,96,183
11/25/2020,BAF,MA,ANE,EN,Federal Contract Tower,0,0,4,10,14,0,0,37,2,39,0,0,41,12,53,66,6,72,125
11/26/2020,BAF,MA,ANE,EN,Federal Contract Tower,2,0,0,0,2,0,0,0,0,0,2,0,0,0,2,0,0,0,2
11/27/2020,BAF,MA,ANE,EN,Federal Contract Tower,2,0,4,0,6,0,0,54,0,54,2,0,58,0,60,136,0,136,196
11/28/2020,BAF,MA,ANE,EN,Federal Contract Tower,0,0,3,0,3,0,0,52,0,52,0,0,55,0,55,128,0,128,183
11/29/2020,BAF,MA,ANE,EN,Federal Contract Tower,0,1,4,0,5,0,4,74,0,78,0,5,78,0,83,116,0,116,199
11/30/2020,BAF,MA,ANE,EN,Federal Contract Tower,0,0,2,0,2,0,0,0,0,0,0,0,2,0,2,0,0,0,2
12/01/2020,BAF,MA,ANE,EN,Federal Contract Tower,0,11,2,19,32,0,0,17,11,28,0,11,19,30,60,30,46,76,136
12/02/2020,BAF,MA,ANE,EN,Federal Contract Tower,0,3,9,15,27,0,1,56,16,73,0,4,65,31,100,50,22,72,172
12/03/2020,BAF,MA,ANE,EN,Federal Contract Tower,0,0,9,7,16,0,0,81,23,104,0,0,90,30,120,174,10,184,304
12/04/2020,BAF,MA,ANE,EN,Federal Contract Tower,0,0,0,8,8,0,0,54,20,74,0,0,54,28,82,90,8,98,180
12/05/2020,BAF,MA,ANE,EN,Federal Contract Tower,0,0,0,0,0,0,0,0,0,0,0,0,0,0,0,0,0,0,0
12/06/2020,BAF,MA,ANE,EN,Federal Contract Tower,0,3,1,0,4,0,0,18,0,18,0,3,19,0,22,32,0,32,54
12/07/2020,BAF,MA,ANE,EN,Federal Contract Tower,0,0,3,4,7,0,2,56,8,66,0,2,59,12,73,78,2,80,153
12/08/2020,BAF,MA,ANE,EN,Federal Contract Tower,0,0,2,12,14,0,0,21,4,25,0,0,23,16,39,38,2,40,79
12/09/2020,BAF,MA,ANE,EN,Federal Contract Tower,0,2,3,12,17,0,2,38,3,43,0,4,41,15,60,22,14,36,96
12/10/2020,BAF,MA,ANE,EN,Federal Contract Tower,0,1,8,12,21,0,3,58,5,66,0,4,66,17,87,104,0,104,191
12/11/2020,BAF,MA,ANE,EN,Federal Contract Tower,0,0,6,8,14,0,0,71,6,77,0,0,77,14,91,124,0,124,215
12/12/2020,BAF,MA,ANE,EN,Federal Contract Tower,0,1,1,0,2,0,0,0,0,0,0,1,1,0,2,0,0,0,2
12/13/2020,BAF,MA,ANE,EN,Federal Contract Tower,0,0,9,0,9,0,1,39,0,40,0,1,48,0,49,50,0,50,99
12/14/2020,BAF,MA,ANE,EN,Federal Contract Tower,0,0,2,0,2,0,0,0,0,0,0,0,2,0,2,0,0,0,2
12/15/2020,BAF,MA,ANE,EN,Federal Contract Tower,0,0,8,13,21,0,0,59,29,88,0,0,67,42,109,68,18,86,195
12/16/2020,BAF,MA,ANE,EN,Federal Contract Tower,0,2,7,8,17,0,0,46,6,52,0,2,53,14,69,66,16,82,151
12/17/2020,BAF,MA,ANE,EN,Federal Contract Tower,0,0,0,5,5,0,0,0,0,0,0,0,0,5,5,0,0,0,5
12/18/2020,BAF,MA,ANE,EN,Federal Contract Tower,0,7,4,6,17,0,0,27,0,27,0,7,31,6,44,26,0,26,70
12/19/2020,BAF,MA,ANE,EN,Federal Contract Tower,0,0,4,0,4,0,0,51,0,51,0,0,55,0,55,88,0,88,143
12/20/2020,BAF,MA,ANE,EN,Federal Contract Tower,0,0,4,0,4,0,0,30,0,30,0,0,34,0,34,62,0,62,96
12/21/2020,BAF,MA,ANE,EN,Federal Contract Tower,0,0,7,10,17,0,0,6,3,9,0,0,13,13,26,30,0,30,56
12/22/2020,BAF,MA,ANE,EN,Federal Contract Tower,0,2,8,17,27,0,0,51,3,54,0,2,59,20,81,60,4,64,145
12/23/2020,BAF,MA,ANE,EN,Federal Contract Tower,0,3,11,2,16,0,0,135,3,138,0,3,146,5,154,206,0,206,360
12/24/2020,BAF,MA,ANE,EN,Federal Contract Tower,0,0,0,0,0,0,1,4,0,5,0,1,4,0,5,6,0,6,11
12/25/2020,BAF,MA,ANE,EN,Federal Contract Tower,0,0,0,0,0,0,0,0,0,0,0,0,0,0,0,0,0,0,0
12/26/2020,BAF,MA,ANE,EN,Federal Contract Tower,0,0,1,0,1,0,0,50,0,50,0,0,51,0,51,122,0,122,173
12/27/2020,BAF,MA,ANE,EN,Federal Contract Tower,0,0,9,0,9,0,4,93,0,97,0,4,102,0,106,86,16,102,208
12/28/2020,BAF,MA,ANE,EN,Federal Contract Tower,0,0,8,0,8,0,2,20,0,22,0,2,28,0,30,36,0,36,66
12/29/2020,BAF,MA,ANE,EN,Federal Contract Tower,0,0,1,2,3,0,0,29,5,34,0,0,30,7,37,20,0,20,57
12/30/2020,BAF,MA,ANE,EN,Federal Contract Tower,0,3,7,4,14,0,2,55,2,59,0,5,62,6,73,68,0,68,141
12/31/2020,BAF,MA,ANE,EN,Federal Contract Tower,0,0,3,0,3,0,0,36,0,36,0,0,39,0,39,12,0,12,51
01/01/2021,BAF,MA,ANE,EN,Federal Contract Tower,0,0,1,0,1,0,0,61,0,61,0,0,62,0,62,92,0,92,154
01/02/2021,BAF,MA,ANE,EN,Federal Contract Tower,0,0,6,0,6,0,0,9,0,9,0,0,15,0,15,8,0,8,23
01/03/2021,BAF,MA,ANE,EN,Federal Contract Tower,0,0,1,0,1,0,0,10,0,10,0,0,11,0,11,36,0,36,47
01/04/2021,BAF,MA,ANE,EN,Federal Contract Tower,0,2,9,10,21,0,0,22,0,22,0,2,31,10,43,38,0,38,81
01/05/2021,BAF,MA,ANE,EN,Federal Contract Tower,0,3,6,9,18,0,0,36,7,43,0,3,42,16,61,105,30,135,196
01/06/2021,BAF,MA,ANE,EN,Federal Contract Tower,0,1,9,11,21,0,0,44,7,51,0,1,53,18,72,46,14,60,132
01/07/2021,BAF,MA,ANE,EN,Federal Contract Tower,0,2,2,11,15,0,5,54,17,76,0,7,56,28,91,88,12,100,191
01/08/2021,BAF,MA,ANE,EN,Federal Contract Tower,0,1,2,12,15,0,0,51,16,67,0,1,53,28,82,76,6,82,164
01/09/2021,BAF,MA,ANE,EN,Federal Contract Tower,0,0,1,0,1,0,0,68,11,79,0,0,69,11,80,118,10,128,208
01/10/2021,BAF,MA,ANE,EN,Federal Contract Tower,0,2,5,0,7,0,2,81,0,83,0,4,86,0,90,84,0,84,174
01/11/2021,BAF,MA,ANE,EN,Federal Contract Tower,0,1,5,0,6,0,4,22,0,26,0,5,27,0,32,52,0,52,84
01/12/2021,BAF,MA,ANE,EN,Federal Contract Tower,0,2,12,14,28,0,0,56,5,61,0,2,68,19,89,54,0,54,143
01/13/2021,BAF,MA,ANE,EN,Federal Contract Tower,0,0,7,11,18,3,2,83,2,90,3,2,90,13,108,86,2,88,196
01/14/2021,BAF,MA,ANE,EN,Federal Contract Tower,0,3,4,7,14,0,0,2,0,2,0,3,6,7,16,2,0,2,18
01/15/2021,BAF,MA,ANE,EN,Federal Contract Tower,0,6,4,11,21,0,0,3,0,3,0,6,7,11,24,0,0,0,24
01/16/2021,BAF,MA,ANE,EN,Federal Contract Tower,0,1,3,0,4,0,0,0,0,0,0,1,3,0,4,0,0,0,4
01/17/2021,BAF,MA,ANE,EN,Federal Contract Tower,0,5,5,0,10,0,2,28,0,30,0,7,33,0,40,40,0,40,80
01/18/2021,BAF,MA,ANE,EN,Federal Contract Tower,0,2,3,0,5,0,0,26,0,26,0,2,29,0,31,58,0,58,89
01/19/2021,BAF,MA,ANE,EN,Federal Contract Tower,0,1,13,12,26,0,2,56,0,58,0,3,69,12,84,68,0,68,152
01/20/2021,BAF,MA,ANE,EN,Federal Contract Tower,0,1,13,10,24,0,0,19,1,20,0,1,32,11,44,0,0,0,44
01/21/2021,BAF,MA,ANE,EN,Federal Contract Tower,0,5,2,9,16,0,2,40,11,53,0,7,42,20,69,56,18,74,143
01/22/2021,BAF,MA,ANE,EN,Federal Contract Tower,0,2,5,6,13,0,0,69,19,88,0,2,74,25,101,134,18,152,253
01/23/2021,BAF,MA,ANE,EN,Federal Contract Tower,0,2,2,0,4,0,0,24,0,24,0,2,26,0,28,17,0,17,45
01/24/2021,BAF,MA,ANE,EN,Federal Contract Tower,0,1,4,0,5,0,2,22,0,24,0,3,26,0,29,4,0,4,33
01/25/2021,BAF,MA,ANE,EN,Federal Contract Tower,0,4,6,0,10,0,0,53,2,55,0,4,59,2,65,60,0,60,125
01/26/2021,BAF,MA,ANE,EN,Federal Contract Tower,0,0,5,8,13,0,0,9,2,11,0,0,14,10,24,32,0,32,56
01/27/2021,BAF,MA,ANE,EN,Federal Contract Tower,0,0,4,7,11,0,0,18,8,26,0,0,22,15,37,80,14,94,131
01/28/2021,BAF,MA,ANE,EN,Federal Contract Tower,0,0,5,15,20,0,2,41,16,59,0,2,46,31,79,42,6,48,127
01/29/2021,BAF,MA,ANE,EN,Federal Contract Tower,0,1,2,4,7,0,2,15,12,29,0,3,17,16,36,12,2,14,50
01/30/2021,BAF,MA,ANE,EN,Federal Contract Tower,0,0,7,0,7,0,1,60,0,61,0,1,67,0,68,54,0,54,122
01/31/2021,BAF,MA,ANE,EN,Federal Contract Tower,0,3,4,0,7,0,2,70,1,73,0,5,74,1,80,132,0,132,212
02/01/2021,BAF,MA,ANE,EN,Federal Contract Tower,0,0,0,0,0,0,0,0,0,0,0,0,0,0,0,0,0,0,0
02/02/2021,BAF,MA,ANE,EN,Federal Contract Tower,0,0,1,5,6,0,0,0,0,0,0,0,1,5,6,0,0,0,6
02/03/2021,BAF,MA,ANE,EN,Federal Contract Tower,0,0,1,5,6,0,0,19,1,20,0,0,20,6,26,42,2,44,70
02/04/2021,BAF,MA,ANE,EN,Federal Contract Tower,0,0,6,7,13,0,0,62,12,74,0,0,68,19,87,50,6,56,143
02/05/2021,BAF,MA,ANE,EN,Federal Contract Tower,0,2,5,2,9,0,0,21,0,21,0,2,26,2,30,6,0,6,36
02/06/2021,BAF,MA,ANE,EN,Federal Contract Tower,0,3,3,0,6,0,2,45,0,47,0,5,48,0,53,58,0,58,111
02/07/2021,BAF,MA,ANE,EN,Federal Contract Tower,2,1,1,0,4,0,0,0,0,0,2,1,1,0,4,0,0,0,4
02/08/2021,BAF,MA,ANE,EN,Federal Contract Tower,0,0,4,0,4,0,2,43,0,45,0,2,47,0,49,48,0,48,97
02/10/2021,BAF,MA,ANE,EN,Federal Contract Tower,0,1,7,15,23,0,4,81,12,97,0,5,88,27,120,64,14,78,198
02/11/2021,BAF,MA,ANE,EN,Federal Contract Tower,0,2,8,12,22,0,0,65,9,74,0,2,73,21,96,82,16,98,194
02/12/2021,BAF,MA,ANE,EN,Federal Contract Tower,0,0,5,5,10,0,0,72,3,75,0,0,77,8,85,80,0,80,165
02/13/2021,BAF,MA,ANE,EN,Federal Contract Tower,0,3,8,0,11,0,0,79,0,79,0,3,87,0,90,76,0,76,166
02/14/2021,BAF,MA,ANE,EN,Federal Contract Tower,0,1,0,0,1,0,2,50,0,52,0,3,50,0,53,72,0,72,125
02/15/2021,BAF,MA,ANE,EN,Federal Contract Tower,0,0,1,0,1,0,0,6,0,6,0,0,7,0,7,18,0,18,25
02/16/2021,BAF,MA,ANE,EN,Federal Contract Tower,0,0,4,0,4,0,0,0,0,0,0,0,4,0,4,0,0,0,4
02/17/2021,BAF,MA,ANE,EN,Federal Contract Tower,0,3,11,13,27,0,0,56,18,74,0,3,67,31,101,70,6,76,177
02/18/2021,BAF,MA,ANE,EN,Federal Contract Tower,0,1,2,9,12,0,1,10,2,13,0,2,12,11,25,34,12,46,71
02/19/2021,BAF,MA,ANE,EN,Federal Contract Tower,0,0,1,0,1,0,0,0,0,0,0,0,1,0,1,0,0,0,1
02/20/2021,BAF,MA,ANE,EN,Federal Contract Tower,0,0,5,0,5,0,0,39,4,43,0,0,44,4,48,38,24,62,110
02/21/2021,BAF,MA,ANE,EN,Federal Contract Tower,0,3,10,0,13,0,4,95,2,101,0,7,105,2,114,108,12,120,234
02/22/2021,BAF,MA,ANE,EN,Federal Contract Tower,0,2,3,0,5,0,0,2,0,2,0,2,5,0,7,0,0,0,7
02/23/2021,BAF,MA,ANE,EN,Federal Contract Tower,0,3,16,15,34,0,0,51,16,67,0,3,67,31,101,94,22,116,217
02/24/2021,BAF,MA,ANE,EN,Federal Contract Tower,0,2,14,12,28,0,80,17,0,97,0,82,31,12,125,78,12,90,215
02/25/2021,BAF,MA,ANE,EN,Federal Contract Tower,0,6,10,0,16,0,0,17,5,22,0,6,27,5,38,24,10,34,72
02/26/2021,BAF,MA,ANE,EN,Federal Contract Tower,0,1,7,6,14,0,0,92,0,92,0,1,99,6,106,122,0,122,228
02/27/2021,BAF,MA,ANE,EN,Federal Contract Tower,0,0,0,0,0,0,0,0,0,0,0,0,0,0,0,0,0,0,0
02/28/2021,BAF,MA,ANE,EN,Federal Contract Tower,0,0,7,0,7,0,2,62,0,64,0,2,69,0,71,102,0,102,173
03/01/2021,BAF,MA,ANE,EN,Federal Contract Tower,0,1,1,0,2,0,0,4,2,6,0,1,5,2,8,6,0,6,14
03/02/2021,BAF,MA,ANE,EN,Federal Contract Tower,0,0,2,4,6,0,0,11,10,21,0,0,13,14,27,0,0,0,27
03/04/2021,BAF,MA,ANE,EN,Federal Contract Tower,0,0,2,6,8,0,0,7,6,13,0,0,9,12,21,0,0,0,21
03/05/2021,BAF,MA,ANE,EN,Federal Contract Tower,0,0,8,4,12,0,0,20,7,27,0,0,28,11,39,8,8,16,55
03/06/2021,BAF,MA,ANE,EN,Federal Contract Tower,0,1,5,0,6,0,0,61,8,69,0,1,66,8,75,82,2,84,159
03/07/2021,BAF,MA,ANE,EN,Federal Contract Tower,0,5,11,0,16,0,2,78,4,84,0,7,89,4,100,162,0,162,262
03/08/2021,BAF,MA,ANE,EN,Federal Contract Tower,0,0,3,3,6,0,2,60,9,71,0,2,63,12,77,108,12,120,197
03/09/2021,BAF,MA,ANE,EN,Federal Contract Tower,0,1,5,5,11,0,4,72,11,87,0,5,77,16,98,116,12,128,226
03/10/2021,BAF,MA,ANE,EN,Federal Contract Tower,0,2,16,4,22,0,2,100,9,111,0,4,116,13,133,122,6,128,261
03/11/2021,BAF,MA,ANE,EN,Federal Contract Tower,0,1,10,9,20,0,0,61,3,64,0,1,71,12,84,58,0,58,142
03/12/2021,BAF,MA,ANE,EN,Federal Contract Tower,0,0,3,7,10,0,0,41,10,51,0,0,44,17,61,30,0,30,91
03/13/2021,BAF,MA,ANE,EN,Federal Contract Tower,0,0,1,8,9,0,0,55,0,55,0,0,56,8,64,58,0,58,122
03/14/2021,BAF,MA,ANE,EN,Federal Contract Tower,0,2,2,0,4,0,2,39,0,41,0,4,41,0,45,42,0,42,87
03/15/2021,BAF,MA,ANE,EN,Federal Contract Tower,0,3,14,1,18,0,2,21,3,26,0,5,35,4,44,8,0,8,52
03/16/2021,BAF,MA,ANE,EN,Federal Contract Tower,0,4,14,12,30,0,2,82,20,104,0,6,96,32,134,122,12,134,268
03/17/2021,BAF,MA,ANE,EN,Federal Contract Tower,0,0,14,17,31,0,2,89,26,117,0,2,103,43,148,134,18,152,300
03/18/2021,BAF,MA,ANE,EN,Federal Contract Tower,0,2,2,13,17,0,0,0,0,0,0,2,2,13,17,0,0,0,17
03/19/2021,BAF,MA,ANE,EN,Federal Contract Tower,0,2,2,7,11,0,0,17,2,19,0,2,19,9,30,22,0,22,52
03/20/2021,BAF,MA,ANE,EN,Federal Contract Tower,0,1,4,0,5,0,2,99,4,105,0,3,103,4,110,102,0,102,212
03/21/2021,BAF,MA,ANE,EN,Federal Contract Tower,0,0,7,0,7,0,2,127,2,131,0,2,134,2,138,184,6,190,328
03/22/2021,BAF,MA,ANE,EN,Federal Contract Tower,0,2,8,2,12,0,4,68,6,78,0,6,76,8,90,108,6,114,204
03/23/2021,BAF,MA,ANE,EN,Federal Contract Tower,0,0,9,13,22,0,3,139,24,166,0,3,148,37,188,190,14,204,392
03/24/2021,BAF,MA,ANE,EN,Federal Contract Tower,0,2,9,15,26,0,0,72,19,91,0,2,81,34,117,126,28,154,271
03/25/2021,BAF,MA,ANE,EN,Federal Contract Tower,0,0,12,6,18,0,0,21,9,30,0,0,33,15,48,60,12,72,120
03/26/2021,BAF,MA,ANE,EN,Federal Contract Tower,0,0,7,4,11,0,0,0,0,0,0,0,7,4,11,0,0,0,11
03/27/2021,BAF,MA,ANE,EN,Federal Contract Tower,0,4,10,0,14,0,0,82,0,82,0,4,92,0,96,239,0,239,335
03/28/2021,BAF,MA,ANE,EN,Federal Contract Tower,0,2,4,2,8,0,0,1,0,1,0,2,5,2,9,6,0,6,15
03/29/2021,BAF,MA,ANE,EN,Federal Contract Tower,0,5,0,0,5,0,2,12,4,18,0,7,12,4,23,2,0,2,25
03/30/2021,BAF,MA,ANE,EN,Federal Contract Tower,0,1,5,19,25,0,2,65,18,85,0,3,70,37,110,78,30,108,218
03/31/2021,BAF,MA,ANE,EN,Federal Contract Tower,0,1,7,21,29,0,0,1,4,5,0,1,8,25,34,10,22,32,66
04/01/2021,BAF,MA,ANE,EN,Federal Contract Tower,0,2,9,12,23,0,0,3,3,6,0,2,12,15,29,0,0,0,29
04/02/2021,BAF,MA,ANE,EN,Federal Contract Tower,0,1,1,11,13,0,2,44,3,49,0,3,45,14,62,76,0,76,138
04/03/2021,BAF,MA,ANE,EN,Federal Contract Tower,0,2,2,0,4,0,0,70,0,70,0,2,72,0,74,140,0,140,214
04/04/2021,BAF,MA,ANE,EN,Federal Contract Tower,0,0,0,0,0,0,4,56,0,60,0,4,56,0,60,120,0,120,180
04/05/2021,BAF,MA,ANE,EN,Federal Contract Tower,0,5,5,1,11,0,0,31,2,33,0,5,36,3,44,40,4,44,88
04/06/2021,BAF,MA,ANE,EN,Federal Contract Tower,0,1,12,15,28,0,2,74,16,92,0,3,86,31,120,116,0,116,236
04/07/2021,BAF,MA,ANE,EN,Federal Contract Tower,0,0,6,12,18,0,1,95,10,106,0,1,101,22,124,84,16,100,224
04/08/2021,BAF,MA,ANE,EN,Federal Contract Tower,0,2,4,5,11,0,0,72,2,74,0,2,76,7,85,128,0,128,213
04/09/2021,BAF,MA,ANE,EN,Federal Contract Tower,0,1,10,2,13,0,2,75,5,82,0,3,85,7,95,72,0,72,167
04/10/2021,BAF,MA,ANE,EN,Federal Contract Tower,0,0,10,0,10,0,0,84,5,89,0,0,94,5,99,124,0,124,223
04/11/2021,BAF,MA,ANE,EN,Federal Contract Tower,2,6,10,0,18,0,0,10,0,10,2,6,20,0,28,18,0,18,46
04/12/2021,BAF,MA,ANE,EN,Federal Contract Tower,0,3,5,2,10,0,2,5,0,7,0,5,10,2,17,6,0,6,23
04/13/2021,BAF,MA,ANE,EN,Federal Contract Tower,0,6,5,1,12,0,0,68,2,70,0,6,73,3,82,78,0,78,160
04/14/2021,BAF,MA,ANE,EN,Federal Contract Tower,0,4,16,2,22,0,4,93,13,110,0,8,109,15,132,130,24,154,286
04/15/2021,BAF,MA,ANE,EN,Federal Contract Tower,0,3,6,2,11,0,0,0,0,0,0,3,6,2,11,0,0,0,11
04/16/2021,BAF,MA,ANE,EN,Federal Contract Tower,0,1,5,0,6,0,0,0,0,0,0,1,5,0,6,0,0,0,6
04/17/2021,BAF,MA,ANE,EN,Federal Contract Tower,0,0,5,0,5,0,0,31,10,41,0,0,36,10,46,74,0,74,120
04/18/2021,BAF,MA,ANE,EN,Federal Contract Tower,0,0,13,0,13,0,2,89,0,91,0,2,102,0,104,66,0,66,170
04/19/2021,BAF,MA,ANE,EN,Federal Contract Tower,0,2,4,3,9,0,1,47,2,50,0,3,51,5,59,78,0,78,137
04/20/2021,BAF,MA,ANE,EN,Federal Contract Tower,0,1,15,1,17,0,2,44,11,57,0,3,59,12,74,52,4,56,130
04/21/2021,BAF,MA,ANE,EN,Federal Contract Tower,0,1,6,8,15,0,0,20,6,26,0,1,26,14,41,12,6,18,59
04/22/2021,BAF,MA,ANE,EN,Federal Contract Tower,0,1,5,4,10,0,0,1,7,8,0,1,6,11,18,0,4,4,22
04/23/2021,BAF,MA,ANE,EN,Federal Contract Tower,0,0,9,3,12,0,3,16,5,24,0,3,25,8,36,0,0,0,36
04/24/2021,BAF,MA,ANE,EN,Federal Contract Tower,0,0,4,8,12,0,0,59,0,59,0,0,63,8,71,42,0,42,113
04/25/2021,BAF,MA,ANE,EN,Federal Contract Tower,0,6,15,2,23,0,0,23,0,23,0,6,38,2,46,38,0,38,84
04/26/2021,BAF,MA,ANE,EN,Federal Contract Tower,0,3,6,1,10,0,0,3,3,6,0,3,9,4,16,6,0,6,22
04/27/2021,BAF,MA,ANE,EN,Federal Contract Tower,0,0,7,6,13,0,0,74,10,84,0,0,81,16,97,176,0,176,273
04/28/2021,BAF,MA,ANE,EN,Federal Contract Tower,0,2,12,8,22,0,2,96,18,116,0,4,108,26,138,118,18,136,274
04/29/2021,BAF,MA,ANE,EN,Federal Contract Tower,0,3,12,7,22,0,0,0,0,0,0,3,12,7,22,0,0,0,22
04/30/2021,BAF,MA,ANE,EN,Federal Contract Tower,0,2,6,4,12,0,0,2,14,16,0,2,8,18,28,10,16,26,54
05/01/2021,BAF,MA,ANE,EN,Federal Contract Tower,0,2,6,0,8,0,0,44,5,49,0,2,50,5,57,38,0,38,95
05/02/2021,BAF,MA,ANE,EN,Federal Contract Tower,0,0,8,0,8,0,0,69,3,72,0,0,77,3,80,64,0,64,144
05/03/2021,BAF,MA,ANE,EN,Federal Contract Tower,0,1,8,4,13,0,0,58,3,61,0,1,66,7,74,98,18,116,190
05/04/2021,BAF,MA,ANE,EN,Federal Contract Tower,0,2,7,9,18,0,2,3,5,10,0,4,10,14,28,2,12,14,42
05/05/2021,BAF,MA,ANE,EN,Federal Contract Tower,0,2,13,5,20,0,0,0,0,0,0,2,13,5,20,2,0,2,22
05/06/2021,BAF,MA,ANE,EN,Federal Contract Tower,0,0,10,8,18,0,0,53,11,64,0,0,63,19,82,86,16,102,184
05/07/2021,BAF,MA,ANE,EN,Federal Contract Tower,0,0,7,3,10,0,0,71,0,71,0,0,78,3,81,110,0,110,191
05/08/2021,BAF,MA,ANE,EN,Federal Contract Tower,0,0,8,0,8,0,0,73,0,73,0,0,81,0,81,64,0,64,145
05/09/2021,BAF,MA,ANE,EN,Federal Contract Tower,0,0,6,0,6,0,0,68,0,68,0,0,74,0,74,66,0,66,140
05/10/2021,BAF,MA,ANE,EN,Federal Contract Tower,0,4,8,2,14,0,0,42,3,45,0,4,50,5,59,104,0,104,163
05/11/2021,BAF,MA,ANE,EN,Federal Contract Tower,0,2,6,9,17,0,8,46,14,68,0,10,52,23,85,20,8,28,113
05/12/2021,BAF,MA,ANE,EN,Federal Contract Tower,0,0,11,18,29,0,0,58,32,90,0,0,69,50,119,80,10,90,209
05/13/2021,BAF,MA,ANE,EN,Federal Contract Tower,0,2,12,13,27,0,2,81,17,100,0,4,93,30,127,132,4,136,263
05/14/2021,BAF,MA,ANE,EN,Federal Contract Tower,0,0,5,7,12,0,2,65,5,72,0,2,70,12,84,112,2,114,198
05/15/2021,BAF,MA,ANE,EN,Federal Contract Tower,0,0,2,7,9,0,0,75,9,84,0,0,77,16,93,156,6,162,255
05/16/2021,BAF,MA,ANE,EN,Federal Contract Tower,0,0,2,0,2,0,0,68,0,68,0,0,70,0,70,106,0,106,176
05/17/2021,BAF,MA,ANE,EN,Federal Contract Tower,0,0,9,2,11,0,2,64,4,70,0,2,73,6,81,112,12,124,205
05/18/2021,BAF,MA,ANE,EN,Federal Contract Tower,0,4,10,14,28,0,1,66,7,74,0,5,76,21,102,54,24,78,180
05/19/2021,BAF,MA,ANE,EN,Federal Contract Tower,0,2,9,11,22,0,3,100,6,109,0,5,109,17,131,146,0,146,277
05/20/2021,BAF,MA,ANE,EN,Federal Contract Tower,0,2,6,9,17,0,6,67,8,81,0,8,73,17,98,128,10,138,236
05/21/2021,BAF,MA,ANE,EN,Federal Contract Tower,0,0,11,5,16,0,0,95,6,101,0,0,106,11,117,162,4,166,283
05/22/2021,BAF,MA,ANE,EN,Federal Contract Tower,0,2,9,0,11,0,0,73,0,73,0,2,82,0,84,78,0,78,162
05/23/2021,BAF,MA,ANE,EN,Federal Contract Tower,0,1,7,0,8,0,4,40,1,45,0,5,47,1,53,32,0,32,85
05/24/2021,BAF,MA,ANE,EN,Federal Contract Tower,0,7,13,0,20,0,4,74,0,78,0,11,87,0,98,120,0,120,218
05/25/2021,BAF,MA,ANE,EN,Federal Contract Tower,0,1,12,11,24,0,3,76,14,93,0,4,88,25,117,54,8,62,179
05/26/2021,BAF,MA,ANE,EN,Federal Contract Tower,0,0,12,11,23,0,1,21,28,50,0,1,33,39,73,26,0,26,99
05/27/2021,BAF,MA,ANE,EN,Federal Contract Tower,0,0,9,8,17,0,0,44,8,52,0,0,53,16,69,58,2,60,129
05/28/2021,BAF,MA,ANE,EN,Federal Contract Tower,0,6,9,4,19,0,0,61,4,65,0,6,70,8,84,64,10,74,158
05/29/2021,BAF,MA,ANE,EN,Federal Contract Tower,0,2,6,0,8,0,0,0,0,0,0,2,6,0,8,0,0,0,8
05/30/2021,BAF,MA,ANE,EN,Federal Contract Tower,0,1,4,0,5,0,0,2,0,2,0,1,6,0,7,18,0,18,25
05/31/2021,BAF,MA,ANE,EN,Federal Contract Tower,0,9,31,0,40,0,2,28,4,34,0,11,59,4,74,48,6,54,128
06/01/2021,BAF,MA,ANE,EN,Federal Contract Tower,0,0,11,10,21,0,1,72,12,85,0,1,83,22,106,96,0,96,202
06/02/2021,BAF,MA,ANE,EN,Federal Contract Tower,0,4,12,13,29,0,0,74,7,81,0,4,86,20,110,68,14,82,192
06/03/2021,BAF,MA,ANE,EN,Federal Contract Tower,0,0,10,14,24,0,0,19,4,23,0,0,29,18,47,56,14,70,117
06/04/2021,BAF,MA,ANE,EN,Federal Contract Tower,0,0,4,6,10,0,0,21,12,33,0,0,25,18,43,74,0,74,117
06/05/2021,BAF,MA,ANE,EN,Federal Contract Tower,0,1,7,0,8,0,4,79,9,92,0,5,86,9,100,88,0,88,188
06/06/2021,BAF,MA,ANE,EN,Federal Contract Tower,0,2,7,0,9,0,0,82,4,86,0,2,89,4,95,124,0,124,219
06/07/2021,BAF,MA,ANE,EN,Federal Contract Tower,0,1,9,0,10,0,0,51,10,61,0,1,60,10,71,48,6,54,125
06/08/2021,BAF,MA,ANE,EN,Federal Contract Tower,0,0,10,2,12,0,0,25,3,28,0,0,35,5,40,30,0,30,70
06/09/2021,BAF,MA,ANE,EN,Federal Contract Tower,0,0,11,5,16,0,2,45,8,55,0,2,56,13,71,30,0,30,101
06/10/2021,BAF,MA,ANE,EN,Federal Contract Tower,0,1,6,15,22,0,0,69,4,73,0,1,75,19,95,66,6,72,167
06/11/2021,BAF,MA,ANE,EN,Federal Contract Tower,0,0,11,13,24,0,1,84,14,99,0,1,95,27,123,92,6,98,221
06/12/2021,BAF,MA,ANE,EN,Federal Contract Tower,0,2,12,10,24,0,0,59,16,75,0,2,71,26,99,116,8,124,223
06/13/2021,BAF,MA,ANE,EN,Federal Contract Tower,0,0,5,0,5,0,0,66,2,68,0,0,71,2,73,72,0,72,145
06/14/2021,BAF,MA,ANE,EN,Federal Contract Tower,0,2,1,3,6,0,0,2,2,4,0,2,3,5,10,6,20,26,36
06/15/2021,BAF,MA,ANE,EN,Federal Contract Tower,0,1,1,13,15,0,2,42,20,64,0,3,43,33,79,86,0,86,165
06/16/2021,BAF,MA,ANE,EN,Federal Contract Tower,0,0,13,17,30,0,2,100,29,131,0,2,113,46,161,82,4,86,247
06/17/2021,BAF,MA,ANE,EN,Federal Contract Tower,0,3,8,21,32,0,2,99,1,102,0,5,107,22,134,94,0,94,228
06/18/2021,BAF,MA,ANE,EN,Federal Contract Tower,0,0,4,0,4,0,0,86,0,86,0,0,90,0,90,104,0,104,194
06/19/2021,BAF,MA,ANE,EN,Federal Contract Tower,0,0,7,0,7,0,0,109,0,109,0,0,116,0,116,92,2,94,210
06/20/2021,BAF,MA,ANE,EN,Federal Contract Tower,0,0,5,0,5,0,0,0,0,0,0,0,5,0,5,72,0,72,77
06/21/2021,BAF,MA,ANE,EN,Federal Contract Tower,0,0,10,0,10,0,0,44,0,44,0,0,54,0,54,60,2,62,116
06/22/2021,BAF,MA,ANE,EN,Federal Contract Tower,0,3,8,20,31,0,0,5,20,25,0,3,13,40,56,4,44,48,104
06/23/2021,BAF,MA,ANE,EN,Federal Contract Tower,0,3,10,16,29,0,2,77,30,109,0,5,87,46,138,106,12,118,256
06/24/2021,BAF,MA,ANE,EN,Federal Contract Tower,0,2,4,28,34,0,2,74,11,87,0,4,78,39,121,88,16,104,225
06/25/2021,BAF,MA,ANE,EN,Federal Contract Tower,0,4,15,1,20,0,0,19,0,19,0,4,34,1,39,36,0,36,75
06/26/2021,BAF,MA,ANE,EN,Federal Contract Tower,0,1,15,1,17,0,1,38,0,39,0,2,53,1,56,62,0,62,118
06/27/2021,BAF,MA,ANE,EN,Federal Contract Tower,0,2,20,1,23,0,5,52,1,58,0,7,72,2,81,56,0,56,137
06/28/2021,BAF,MA,ANE,EN,Federal Contract Tower,0,0,5,1,6,0,6,57,10,73,0,6,62,11,79,126,38,164,243
06/29/2021,BAF,MA,ANE,EN,Federal Contract Tower,0,3,3,13,19,0,0,58,17,75,0,3,61,30,94,30,0,30,124
06/30/2021,BAF,MA,ANE,EN,Federal Contract Tower,0,1,4,6,11,0,2,39,12,53,0,3,43,18,64,38,4,42,106
07/01/2021,BAF,MA,ANE,EN,Federal Contract Tower,0,1,13,10,24,0,1,22,2,25,0,2,35,12,49,32,0,32,81
07/02/2021,BAF,MA,ANE,EN,Federal Contract Tower,0,1,8,0,9,0,0,0,0,0,0,1,8,0,9,0,0,0,9
07/03/2021,BAF,MA,ANE,EN,Federal Contract Tower,0,1,4,0,5,0,0,0,0,0,0,1,4,0,5,0,0,0,5
07/04/2021,BAF,MA,ANE,EN,Federal Contract Tower,0,1,15,2,18,0,2,12,0,14,0,3,27,2,32,6,4,10,42
07/05/2021,BAF,MA,ANE,EN,Federal Contract Tower,0,1,14,0,15,0,0,16,0,16,0,1,30,0,31,24,0,24,55
07/06/2021,BAF,MA,ANE,EN,Federal Contract Tower,0,0,7,11,18,0,2,36,1,39,0,2,43,12,57,34,0,34,91
07/07/2021,BAF,MA,ANE,EN,Federal Contract Tower,0,1,13,12,26,0,2,54,3,59,0,3,67,15,85,70,0,70,155
07/08/2021,BAF,MA,ANE,EN,Federal Contract Tower,0,1,7,9,17,0,0,3,0,3,0,1,10,9,20,10,4,14,34
07/09/2021,BAF,MA,ANE,EN,Federal Contract Tower,0,0,2,1,3,0,0,14,0,14,0,0,16,1,17,44,0,44,61
07/10/2021,BAF,MA,ANE,EN,Federal Contract Tower,0,0,13,2,15,0,0,117,1,118,0,0,130,3,133,176,0,176,309
07/11/2021,BAF,MA,ANE,EN,Federal Contract Tower,0,0,15,0,15,0,0,35,0,35,0,0,50,0,50,54,0,54,104
07/12/2021,BAF,MA,ANE,EN,Federal Contract Tower,0,0,9,2,11,0,0,13,5,18,0,0,22,7,29,10,0,10,39
07/13/2021,BAF,MA,ANE,EN,Federal Contract Tower,0,2,6,14,22,0,0,0,0,0,0,2,6,14,22,0,0,0,22
07/14/2021,BAF,MA,ANE,EN,Federal Contract Tower,0,3,10,22,35,0,0,21,2,23,0,3,31,24,58,42,6,48,106
07/15/2021,BAF,MA,ANE,EN,Federal Contract Tower,0,4,9,18,31,0,4,97,2,103,0,8,106,20,134,88,0,88,222
07/16/2021,BAF,MA,ANE,EN,Federal Contract Tower,0,0,14,7,21,0,4,61,0,65,0,4,75,7,86,90,0,90,176
07/17/2021,BAF,MA,ANE,EN,Federal Contract Tower,0,1,4,0,5,0,0,53,1,54,0,1,57,1,59,66,0,66,125
07/18/2021,BAF,MA,ANE,EN,Federal Contract Tower,0,7,15,0,22,0,0,2,0,2,0,7,17,0,24,6,0,6,30
07/19/2021,BAF,MA,ANE,EN,Federal Contract Tower,0,1,11,2,14,0,0,28,6,34,0,1,39,8,48,50,20,70,118
07/20/2021,BAF,MA,ANE,EN,Federal Contract Tower,0,3,15,20,38,0,0,0,0,0,0,3,15,20,38,70,20,90,128
07/21/2021,BAF,MA,ANE,EN,Federal Contract Tower,0,2,6,11,19,0,0,52,14,66,0,2,58,25,85,120,58,178,263
07/22/2021,BAF,MA,ANE,EN,Federal Contract Tower,0,2,6,10,18,0,4,83,8,95,0,6,89,18,113,110,38,148,261
07/23/2021,BAF,MA,ANE,EN,Federal Contract Tower,0,3,8,2,13,0,2,72,0,74,0,5,80,2,87,124,0,124,211
07/24/2021,BAF,MA,ANE,EN,Federal Contract Tower,0,1,3,0,4,0,0,93,0,93,0,1,96,0,97,124,0,124,221
07/25/2021,BAF,MA,ANE,EN,Federal Contract Tower,0,1,6,0,7,0,0,4,0,4,0,1,10,0,11,4,0,4,15
07/26/2021,BAF,MA,ANE,EN,Federal Contract Tower,0,6,8,3,17,0,0,17,0,17,0,6,25,3,34,28,0,28,62
07/27/2021,BAF,MA,ANE,EN,Federal Contract Tower,0,0,0,0,0,0,3,66,5,74,0,3,66,5,74,58,22,80,154
07/28/2021,BAF,MA,ANE,EN,Federal Contract Tower,0,1,10,11,22,0,1,60,10,71,0,2,70,21,93,82,10,92,185
07/29/2021,BAF,MA,ANE,EN,Federal Contract Tower,0,3,18,9,30,0,0,35,8,43,0,3,53,17,73,52,4,56,129
07/30/2021,BAF,MA,ANE,EN,Federal Contract Tower,0,3,9,6,18,0,0,62,1,63,0,3,71,7,81,40,0,40,121
07/31/2021,BAF,MA,ANE,EN,Federal Contract Tower,0,1,2,0,3,0,4,98,0,102,0,5,100,0,105,132,0,132,237
08/01/2021,BAF,MA,ANE,EN,Federal Contract Tower,2,0,5,0,7,0,4,65,0,69,2,4,70,0,76,64,0,64,140
08/02/2021,BAF,MA,ANE,EN,Federal Contract Tower,0,2,14,0,16,0,6,60,0,66,0,8,74,0,82,118,0,118,200
08/03/2021,BAF,MA,ANE,EN,Federal Contract Tower,0,0,6,0,6,0,0,84,0,84,0,0,90,0,90,110,0,110,200
08/04/2021,BAF,MA,ANE,EN,Federal Contract Tower,0,1,10,8,19,0,1,93,4,98,0,2,103,12,117,66,12,78,195
08/05/2021,BAF,MA,ANE,EN,Federal Contract Tower,0,3,10,11,24,0,0,15,5,20,0,3,25,16,44,50,11,61,105
08/06/2021,BAF,MA,ANE,EN,Federal Contract Tower,0,0,13,4,17,0,0,79,5,84,0,0,92,9,101,72,0,72,173
08/07/2021,BAF,MA,ANE,EN,Federal Contract Tower,0,7,0,0,7,0,4,135,0,139,0,11,135,0,146,86,0,86,232
08/08/2021,BAF,MA,ANE,EN,Federal Contract Tower,0,3,2,2,7,0,0,92,0,92,0,3,94,2,99,78,4,82,181
08/09/2021,BAF,MA,ANE,EN,Federal Contract Tower,0,6,10,2,18,0,2,37,0,39,0,8,47,2,57,74,2,76,133
08/10/2021,BAF,MA,ANE,EN,Federal Contract Tower,0,1,20,3,24,0,1,26,6,33,0,2,46,9,57,80,16,96,153
08/11/2021,BAF,MA,ANE,EN,Federal Contract Tower,0,1,13,4,18,0,6,79,5,90,0,7,92,9,108,74,2,76,184
08/12/2021,BAF,MA,ANE,EN,Federal Contract Tower,0,0,7,15,22,0,4,49,1,54,0,4,56,16,76,8,0,8,84
08/13/2021,BAF,MA,ANE,EN,Federal Contract Tower,0,1,11,0,12,0,0,55,4,59,0,1,66,4,71,90,8,98,169
08/14/2021,BAF,MA,ANE,EN,Federal Contract Tower,0,0,8,9,17,0,0,38,0,38,0,0,46,9,55,52,6,58,113
08/15/2021,BAF,MA,ANE,EN,Federal Contract Tower,0,0,4,3,7,0,2,78,1,81,0,2,82,4,88,88,2,90,178
08/16/2021,BAF,MA,ANE,EN,Federal Contract Tower,0,0,4,0,4,0,0,66,3,69,0,0,70,3,73,104,0,104,177
08/17/2021,BAF,MA,ANE,EN,Federal Contract Tower,0,2,14,8,24,0,0,59,21,80,0,2,73,29,104,90,26,116,220
08/18/2021,BAF,MA,ANE,EN,Federal Contract Tower,0,1,11,7,19,0,0,53,5,58,0,1,64,12,77,58,20,78,155
08/19/2021,BAF,MA,ANE,EN,Federal Contract Tower,0,1,9,8,18,0,0,4,2,6,0,1,13,10,24,8,16,24,48
08/20/2021,BAF,MA,ANE,EN,Federal Contract Tower,0,1,12,9,22,0,0,66,2,68,0,1,78,11,90,126,2,128,218
08/21/2021,BAF,MA,ANE,EN,Federal Contract Tower,0,0,6,0,6,0,0,32,0,32,0,0,38,0,38,38,0,38,76
08/22/2021,BAF,MA,ANE,EN,Federal Contract Tower,0,0,0,0,0,0,0,0,0,0,0,0,0,0,0,0,0,0,0
08/23/2021,BAF,MA,ANE,EN,Federal Contract Tower,0,0,5,0,5,0,0,0,0,0,0,0,5,0,5,0,0,0,5
08/24/2021,BAF,MA,ANE,EN,Federal Contract Tower,0,0,7,6,13,0,2,88,4,94,0,2,95,10,107,104,0,104,211
08/25/2021,BAF,MA,ANE,EN,Federal Contract Tower,0,5,12,9,26,0,0,101,4,105,0,5,113,13,131,74,10,84,215
08/26/2021,BAF,MA,ANE,EN,Federal Contract Tower,0,2,11,11,24,0,0,69,7,76,0,2,80,18,100,78,0,78,178
08/27/2021,BAF,MA,ANE,EN,Federal Contract Tower,0,2,6,7,15,0,3,58,4,65,0,5,64,11,80,76,8,84,164
08/28/2021,BAF,MA,ANE,EN,Federal Contract Tower,0,0,9,0,9,0,0,72,0,72,0,0,81,0,81,154,0,154,235
08/29/2021,BAF,MA,ANE,EN,Federal Contract Tower,0,1,17,0,18,0,3,41,0,44,0,4,58,0,62,114,0,114,176
08/30/2021,BAF,MA,ANE,EN,Federal Contract Tower,0,4,14,0,18,0,0,34,9,43,0,4,48,9,61,48,18,66,127
08/31/2021,BAF,MA,ANE,EN,Federal Contract Tower,0,2,7,10,19,0,1,84,13,98,0,3,91,23,117,86,24,110,227
09/01/2021,BAF,MA,ANE,EN,Federal Contract Tower,0,1,13,8,22,0,0,2,0,2,0,1,15,8,24,6,0,6,30
09/02/2021,BAF,MA,ANE,EN,Federal Contract Tower,0,0,4,11,15,0,1,52,8,61,0,1,56,19,76,65,12,77,153
09/03/2021,BAF,MA,ANE,EN,Federal Contract Tower,0,0,12,3,15,0,5,74,0,79,0,5,86,3,94,70,2,72,166
09/04/2021,BAF,MA,ANE,EN,Federal Contract Tower,0,0,2,0,2,0,0,100,0,100,0,0,102,0,102,84,0,84,186
09/05/2021,BAF,MA,ANE,EN,Federal Contract Tower,0,0,9,0,9,0,0,39,1,40,0,0,48,1,49,24,0,24,73
09/06/2021,BAF,MA,ANE,EN,Federal Contract Tower,0,0,3,0,3,0,6,88,0,94,0,6,91,0,97,132,0,132,229
09/07/2021,BAF,MA,ANE,EN,Federal Contract Tower,0,1,13,10,24,0,2,89,17,108,0,3,102,27,132,66,8,74,206
09/08/2021,BAF,MA,ANE,EN,Federal Contract Tower,0,2,7,7,16,0,6,47,17,70,0,8,54,24,86,46,18,64,150
09/09/2021,BAF,MA,ANE,EN,Federal Contract Tower,0,8,11,15,34,0,0,8,0,8,0,8,19,15,42,0,0,0,42
09/10/2021,BAF,MA,ANE,EN,Federal Contract Tower,0,12,8,3,23,0,0,73,4,77,0,12,81,7,100,42,0,42,142
09/11/2021,BAF,MA,ANE,EN,Federal Contract Tower,0,0,25,1,26,0,2,133,8,143,0,2,158,9,169,66,0,66,235
09/12/2021,BAF,MA,ANE,EN,Federal Contract Tower,0,11,11,0,22,0,0,78,3,81,0,11,89,3,103,88,0,88,191
09/13/2021,BAF,MA,ANE,EN,Federal Contract Tower,0,5,10,5,20,0,0,40,2,42,0,5,50,7,62,58,8,66,128
09/14/2021,BAF,MA,ANE,EN,Federal Contract Tower,0,5,14,10,29,0,2,75,2,79,0,7,89,12,108,86,20,106,214
09/15/2021,BAF,MA,ANE,EN,Federal Contract Tower,0,1,11,11,23,0,0,25,3,28,0,1,36,14,51,42,20,62,113
09/16/2021,BAF,MA,ANE,EN,Federal Contract Tower,0,0,18,7,25,0,0,19,10,29,0,0,37,17,54,32,48,80,134
09/17/2021,BAF,MA,ANE,EN,Federal Contract Tower,0,2,23,4,29,0,0,5,0,5,0,2,28,4,34,18,0,18,52
09/18/2021,BAF,MA,ANE,EN,Federal Contract Tower,1,5,21,10,37,0,0,74,0,74,1,5,95,10,111,46,32,78,189
09/19/2021,BAF,MA,ANE,EN,Federal Contract Tower,0,5,12,0,17,0,0,101,0,101,0,5,113,0,118,76,0,76,194
09/20/2021,BAF,MA,ANE,EN,Federal Contract Tower,0,3,7,1,11,0,0,83,5,88,0,3,90,6,99,100,0,100,199
09/21/2021,BAF,MA,ANE,EN,Federal Contract Tower,0,5,14,12,31,0,0,84,16,100,0,5,98,28,131,100,14,114,245
09/22/2021,BAF,MA,ANE,EN,Federal Contract Tower,0,0,5,10,15,0,0,5,2,7,0,0,10,12,22,2,8,10,32
09/23/2021,BAF,MA,ANE,EN,Federal Contract Tower,0,2,4,2,8,0,0,7,1,8,0,2,11,3,16,0,0,0,16
09/24/2021,BAF,MA,ANE,EN,Federal Contract Tower,2,5,5,2,14,0,2,30,0,32,2,7,35,2,46,44,0,44,90
09/25/2021,BAF,MA,ANE,EN,Federal Contract Tower,2,0,13,0,15,0,0,113,1,114,2,0,126,1,129,136,0,136,265
09/26/2021,BAF,MA,ANE,EN,Federal Contract Tower,0,3,8,0,11,0,3,75,1,79,0,6,83,1,90,88,0,88,178
09/27/2021,BAF,MA,ANE,EN,Federal Contract Tower,0,0,13,1,14,0,3,73,4,80,0,3,86,5,94,76,14,90,184
09/28/2021,BAF,MA,ANE,EN,Federal Contract Tower,0,0,14,3,17,0,0,38,13,51,0,0,52,16,68,44,0,44,112
09/29/2021,BAF,MA,ANE,EN,Federal Contract Tower,0,0,13,1,14,0,0,99,9,108,0,0,112,10,122,92,2,94,216
09/30/2021,BAF,MA,ANE,EN,Federal Contract Tower,0,4,8,1,13,0,1,53,5,59,0,5,61,6,72,78,0,78,150
10/01/2021,BAF,MA,ANE,EN,Federal Contract Tower,0,1,3,4,8,0,1,72,0,73,0,2,75,4,81,104,0,104,185
10/02/2021,BAF,MA,ANE,EN,Federal Contract Tower,1,0,4,0,5,0,0,90,0,90,1,0,94,0,95,102,0,102,197
10/03/2021,BAF,MA,ANE,EN,Federal Contract Tower,0,2,13,0,15,0,0,76,0,76,0,2,89,0,91,80,0,80,171
10/04/2021,BAF,MA,ANE,EN,Federal Contract Tower,0,1,17,5,23,0,0,0,0,0,0,1,17,5,23,0,0,0,23
10/05/2021,BAF,MA,ANE,EN,Federal Contract Tower,0,0,5,10,15,0,0,10,0,10,0,0,15,10,25,26,0,26,51
10/06/2021,BAF,MA,ANE,EN,Federal Contract Tower,0,1,29,11,41,0,0,107,14,121,0,1,136,25,162,114,8,122,284
10/07/2021,BAF,MA,ANE,EN,Federal Contract Tower,0,2,24,2,28,0,0,61,11,72,0,2,85,13,100,98,22,120,220
10/08/2021,BAF,MA,ANE,EN,Federal Contract Tower,0,2,17,9,28,0,0,62,0,62,0,2,79,9,90,89,12,101,191
10/09/2021,BAF,MA,ANE,EN,Federal Contract Tower,0,5,7,0,12,0,0,31,0,31,0,5,38,0,43,62,0,62,105
10/10/2021,BAF,MA,ANE,EN,Federal Contract Tower,0,7,12,0,19,0,0,5,0,5,0,7,17,0,24,20,0,20,44
10/11/2021,BAF,MA,ANE,EN,Federal Contract Tower,0,6,14,7,27,0,2,40,1,43,0,8,54,8,70,84,0,84,154
10/12/2021,BAF,MA,ANE,EN,Federal Contract Tower,0,3,3,9,15,0,1,50,2,53,0,4,53,11,68,52,0,52,120
10/13/2021,BAF,MA,ANE,EN,Federal Contract Tower,0,0,17,9,26,0,0,48,1,49,0,0,65,10,75,100,0,100,175
10/14/2021,BAF,MA,ANE,EN,Federal Contract Tower,0,3,8,8,19,0,0,62,5,67,0,3,70,13,86,88,4,92,178
10/15/2021,BAF,MA,ANE,EN,Federal Contract Tower,0,2,15,6,23,0,0,13,0,13,0,2,28,6,36,18,0,18,54
10/16/2021,BAF,MA,ANE,EN,Federal Contract Tower,0,0,7,10,17,0,0,12,3,15,0,0,19,13,32,36,10,46,78
10/17/2021,BAF,MA,ANE,EN,Federal Contract Tower,0,5,8,0,13,0,0,83,1,84,0,5,91,1,97,82,0,82,179
10/18/2021,BAF,MA,ANE,EN,Federal Contract Tower,0,0,3,0,3,0,2,35,2,39,0,2,38,2,42,46,0,46,88
10/20/2021,BAF,MA,ANE,EN,Federal Contract Tower,0,2,7,9,18,0,3,70,6,79,0,5,77,15,97,90,0,90,187
10/21/2021,BAF,MA,ANE,EN,Federal Contract Tower,0,6,10,15,31,0,4,82,9,95,0,10,92,24,126,144,0,144,270
10/22/2021,BAF,MA,ANE,EN,Federal Contract Tower,2,11,7,5,25,0,2,74,3,79,2,13,81,8,104,66,0,66,170
10/23/2021,BAF,MA,ANE,EN,Federal Contract Tower,1,5,8,0,14,0,2,95,0,97,1,7,103,0,111,112,0,112,223
10/24/2021,BAF,MA,ANE,EN,Federal Contract Tower,0,1,12,0,13,0,6,100,0,106,0,7,112,0,119,70,0,70,189
10/25/2021,BAF,MA,ANE,EN,Federal Contract Tower,0,2,14,0,16,0,0,0,0,0,0,2,14,0,16,0,0,0,16
10/26/2021,BAF,MA,ANE,EN,Federal Contract Tower,0,4,5,1,10,0,0,0,0,0,0,4,5,1,10,0,0,0,10
10/27/2021,BAF,MA,ANE,EN,Federal Contract Tower,0,3,4,10,17,0,0,2,13,15,0,3,6,23,32,16,22,38,70
10/28/2021,BAF,MA,ANE,EN,Federal Contract Tower,1,2,11,13,27,0,0,68,2,70,1,2,79,15,97,72,2,74,171
10/29/2021,BAF,MA,ANE,EN,Federal Contract Tower,1,2,7,6,16,0,3,22,2,27,1,5,29,8,43,52,12,64,107
10/30/2021,BAF,MA,ANE,EN,Federal Contract Tower,2,2,8,0,12,0,0,0,0,0,2,2,8,0,12,0,0,0,12
10/31/2021,BAF,MA,ANE,EN,Federal Contract Tower,0,4,6,0,10,0,0,43,2,45,0,4,49,2,55,58,6,64,119
11/01/2021,BAF,MA,ANE,EN,Federal Contract Tower,0,3,8,2,13,0,2,41,11,54,0,5,49,13,67,22,0,22,89
11/02/2021,BAF,MA,ANE,EN,Federal Contract Tower,0,0,14,1,15,0,1,72,8,81,0,1,86,9,96,44,8,52,148
11/03/2021,BAF,MA,ANE,EN,Federal Contract Tower,0,6,5,5,16,0,6,67,3,76,0,12,72,8,92,70,12,82,174
11/04/2021,BAF,MA,ANE,EN,Federal Contract Tower,0,0,7,16,23,0,1,67,8,76,0,1,74,24,99,102,20,122,221
11/05/2021,BAF,MA,ANE,EN,Federal Contract Tower,0,3,6,18,27,0,4,84,4,92,0,7,90,22,119,128,0,128,247
11/06/2021,BAF,MA,ANE,EN,Federal Contract Tower,0,0,2,8,10,0,0,105,2,107,0,0,107,10,117,96,0,96,213
11/07/2021,BAF,MA,ANE,EN,Federal Contract Tower,0,2,12,0,14,0,4,92,1,97,0,6,104,1,111,62,6,68,179
11/08/2021,BAF,MA,ANE,EN,Federal Contract Tower,0,3,5,2,10,0,2,42,6,50,0,5,47,8,60,60,10,70,130
11/09/2021,BAF,MA,ANE,EN,Federal Contract Tower,0,3,4,10,17,0,2,73,14,89,0,5,77,24,106,54,0,54,160
11/10/2021,BAF,MA,ANE,EN,Federal Contract Tower,0,2,8,10,20,0,2,76,4,82,0,4,84,14,102,64,14,78,180
11/11/2021,BAF,MA,ANE,EN,Federal Contract Tower,0,0,15,0,15,0,1,76,0,77,0,1,91,0,92,74,0,74,166
11/12/2021,BAF,MA,ANE,EN,Federal Contract Tower,0,5,6,0,11,0,0,4,0,4,0,5,10,0,15,2,0,2,17
11/13/2021,BAF,MA,ANE,EN,Federal Contract Tower,0,5,8,0,13,0,0,17,0,17,0,5,25,0,30,22,0,22,52
11/14/2021,BAF,MA,ANE,EN,Federal Contract Tower,1,4,7,1,13,0,0,69,0,69,1,4,76,1,82,70,0,70,152
11/15/2021,BAF,MA,ANE,EN,Federal Contract Tower,0,6,7,9,22,0,0,37,18,55,0,6,44,27,77,44,0,44,121
11/16/2021,BAF,MA,ANE,EN,Federal Contract Tower,0,0,5,8,13,0,1,34,12,47,0,1,39,20,60,40,0,40,100
11/17/2021,BAF,MA,ANE,EN,Federal Contract Tower,0,1,8,10,19,0,0,86,8,94,0,1,94,18,113,78,8,86,199
11/18/2021,BAF,MA,ANE,EN,Federal Contract Tower,0,3,6,14,23,0,0,0,0,0,0,3,6,14,23,76,0,76,99
11/19/2021,BAF,MA,ANE,EN,Federal Contract Tower,0,2,10,7,19,0,32,2,0,34,0,34,12,7,53,16,0,16,69
11/20/2021,BAF,MA,ANE,EN,Federal Contract Tower,0,1,10,0,11,0,0,103,3,106,0,1,113,3,117,102,0,102,219
11/21/2021,BAF,MA,ANE,EN,Federal Contract Tower,0,2,2,0,4,0,0,68,0,68,0,2,70,0,72,68,0,68,140
11/22/2021,BAF,MA,ANE,EN,Federal Contract Tower,0,1,15,10,26,0,0,31,13,44,0,1,46,23,70,14,6,20,90
11/23/2021,BAF,MA,ANE,EN,Federal Contract Tower,0,12,12,11,35,0,0,50,11,61,0,12,62,22,96,66,0,66,162
11/24/2021,BAF,MA,ANE,EN,Federal Contract Tower,0,2,3,4,9,0,0,59,6,65,0,2,62,10,74,102,2,104,178
11/25/2021,BAF,MA,ANE,EN,Federal Contract Tower,0,0,5,2,7,0,0,10,1,11,0,0,15,3,18,6,0,6,24
11/26/2021,BAF,MA,ANE,EN,Federal Contract Tower,0,2,7,0,9,0,1,0,0,1,0,3,7,0,10,0,0,0,10
11/27/2021,BAF,MA,ANE,EN,Federal Contract Tower,0,2,5,0,7,0,0,15,0,15,0,2,20,0,22,6,0,6,28
11/28/2021,BAF,MA,ANE,EN,Federal Contract Tower,0,3,12,2,17,0,0,44,4,48,0,3,56,6,65,60,10,70,135
11/29/2021,BAF,MA,ANE,EN,Federal Contract Tower,0,6,9,2,17,0,0,21,8,29,0,6,30,10,46,26,12,38,84
11/30/2021,BAF,MA,ANE,EN,Federal Contract Tower,0,4,5,8,17,0,1,50,12,63,0,5,55,20,80,104,32,136,216
12/01/2021,BAF,MA,ANE,EN,Federal Contract Tower,0,0,5,17,22,0,0,59,6,65,0,0,64,23,87,38,28,66,153
12/02/2021,BAF,MA,ANE,EN,Federal Contract Tower,0,0,1,8,9,0,1,4,4,9,0,1,5,12,18,0,0,0,18
12/03/2021,BAF,MA,ANE,EN,Federal Contract Tower,0,1,8,4,13,0,0,7,4,11,0,1,15,8,24,36,6,42,66
12/04/2021,BAF,MA,ANE,EN,Federal Contract Tower,0,1,7,9,17,0,0,77,5,82,0,1,84,14,99,80,2,82,181
12/05/2021,BAF,MA,ANE,EN,Federal Contract Tower,0,2,14,0,16,0,1,70,1,72,0,3,84,1,88,106,0,106,194
12/06/2021,BAF,MA,ANE,EN,Federal Contract Tower,0,4,8,0,12,0,0,0,0,0,0,4,8,0,12,0,0,0,12
12/07/2021,BAF,MA,ANE,EN,Federal Contract Tower,0,0,9,9,18,0,0,49,22,71,0,0,58,31,89,44,20,64,153
12/08/2021,BAF,MA,ANE,EN,Federal Contract Tower,0,2,10,0,12,0,0,21,11,32,0,2,31,11,44,26,8,34,78
12/09/2021,BAF,MA,ANE,EN,Federal Contract Tower,0,5,2,8,15,0,1,17,6,24,0,6,19,14,39,46,4,50,89
12/10/2021,BAF,MA,ANE,EN,Federal Contract Tower,0,3,10,4,17,0,0,55,1,56,0,3,65,5,73,76,0,76,149
12/11/2021,BAF,MA,ANE,EN,Federal Contract Tower,0,0,3,0,3,0,0,0,0,0,0,0,3,0,3,0,0,0,3
12/12/2021,BAF,MA,ANE,EN,Federal Contract Tower,0,4,4,0,8,0,0,30,1,31,0,4,34,1,39,38,6,44,83
12/13/2021,BAF,MA,ANE,EN,Federal Contract Tower,0,6,8,7,21,0,1,38,19,58,0,7,46,26,79,58,20,78,157
12/14/2021,BAF,MA,ANE,EN,Federal Contract Tower,0,4,10,11,25,0,6,83,22,111,0,10,93,33,136,128,30,158,294
12/15/2021,BAF,MA,ANE,EN,Federal Contract Tower,0,1,8,6,15,0,2,45,9,56,0,3,53,15,71,98,0,98,169
12/16/2021,BAF,MA,ANE,EN,Federal Contract Tower,0,3,7,8,18,0,0,28,5,33,0,3,35,13,51,52,8,60,111
12/17/2021,BAF,MA,ANE,EN,Federal Contract Tower,0,4,8,0,12,0,0,28,0,28,0,4,36,0,40,32,0,32,72
12/18/2021,BAF,MA,ANE,EN,Federal Contract Tower,0,0,0,2,2,0,0,5,1,6,0,0,5,3,8,0,4,4,12
12/19/2021,BAF,MA,ANE,EN,Federal Contract Tower,0,0,2,0,2,0,2,17,1,20,0,2,19,1,22,26,0,26,48
12/20/2021,BAF,MA,ANE,EN,Federal Contract Tower,0,4,7,10,21,0,0,51,28,79,0,4,58,38,100,52,28,80,180
12/21/2021,BAF,MA,ANE,EN,Federal Contract Tower,0,5,8,10,23,0,0,85,74,159,0,5,93,84,182,128,26,154,336
12/22/2021,BAF,MA,ANE,EN,Federal Contract Tower,0,2,9,0,11,0,0,9,7,16,0,2,18,7,27,4,6,10,37
12/23/2021,BAF,MA,ANE,EN,Federal Contract Tower,0,3,3,0,6,0,0,32,6,38,0,3,35,6,44,34,0,34,78
12/24/2021,BAF,MA,ANE,EN,Federal Contract Tower,0,0,1,0,1,0,0,2,0,2,0,0,3,0,3,38,0,38,41
12/25/2021,BAF,MA,ANE,EN,Federal Contract Tower,0,0,0,0,0,0,0,0,0,0,0,0,0,0,0,0,0,0,0
12/26/2021,BAF,MA,ANE,EN,Federal Contract Tower,0,0,0,0,0,0,0,19,0,19,0,0,19,0,19,30,0,30,49
12/27/2021,BAF,MA,ANE,EN,Federal Contract Tower,0,1,3,0,4,0,0,59,0,59,0,1,62,0,63,108,0,108,171
12/28/2021,BAF,MA,ANE,EN,Federal Contract Tower,0,0,18,4,22,0,0,35,3,38,0,0,53,7,60,26,0,26,86
12/29/2021,BAF,MA,ANE,EN,Federal Contract Tower,0,1,3,0,4,0,0,0,0,0,0,1,3,0,4,0,0,0,4
12/30/2021,BAF,MA,ANE,EN,Federal Contract Tower,0,0,8,2,10,0,0,2,0,2,0,0,10,2,12,2,0,2,14
12/31/2021,BAF,MA,ANE,EN,Federal Contract Tower,0,1,6,0,7,0,0,0,0,0,0,1,6,0,7,0,0,0,7
01/01/2022,BAF,MA,ANE,EN,Federal Contract Tower,0,0,3,0,3,0,0,0,0,0,0,0,3,0,3,0,0,0,3
01/02/2022,BAF,MA,ANE,EN,Federal Contract Tower,0,2,2,0,4,0,0,2,0,2,0,2,4,0,6,6,0,6,12
01/03/2022,BAF,MA,ANE,EN,Federal Contract Tower,0,2,2,2,6,0,2,34,0,36,0,4,36,2,42,34,0,34,76
01/04/2022,BAF,MA,ANE,EN,Federal Contract Tower,0,1,10,5,16,0,3,82,7,92,0,4,92,12,108,128,0,128,236
01/05/2022,BAF,MA,ANE,EN,Federal Contract Tower,0,0,1,2,3,0,0,0,0,0,0,0,1,2,3,0,0,0,3
01/06/2022,BAF,MA,ANE,EN,Federal Contract Tower,0,0,9,2,11,0,0,41,8,49,0,0,50,10,60,30,0,30,90
01/07/2022,BAF,MA,ANE,EN,Federal Contract Tower,0,2,1,2,5,0,0,1,0,1,0,2,2,2,6,0,0,0,6
01/08/2022,BAF,MA,ANE,EN,Federal Contract Tower,0,2,3,0,5,0,0,72,7,79,0,2,75,7,84,98,0,98,182
01/09/2022,BAF,MA,ANE,EN,Federal Contract Tower,0,2,2,0,4,0,0,0,0,0,0,2,2,0,4,0,0,0,4
01/10/2022,BAF,MA,ANE,EN,Federal Contract Tower,0,7,4,2,13,0,4,15,3,22,0,11,19,5,35,44,12,56,91
01/11/2022,BAF,MA,ANE,EN,Federal Contract Tower,0,2,5,3,10,0,4,24,9,37,0,6,29,12,47,40,12,52,99
01/12/2022,BAF,MA,ANE,EN,Federal Contract Tower,0,3,6,4,13,0,1,37,6,44,0,4,43,10,57,78,18,96,153
01/13/2022,BAF,MA,ANE,EN,Federal Contract Tower,0,4,5,6,15,0,0,46,2,48,0,4,51,8,63,68,0,68,131
01/14/2022,BAF,MA,ANE,EN,Federal Contract Tower,0,2,3,3,8,0,0,20,1,21,0,2,23,4,29,36,0,36,65
01/15/2022,BAF,MA,ANE,EN,Federal Contract Tower,0,0,1,0,1,0,0,20,0,20,0,0,21,0,21,14,0,14,35
01/16/2022,BAF,MA,ANE,EN,Federal Contract Tower,0,2,7,2,11,0,1,50,1,52,0,3,57,3,63,54,0,54,117
01/17/2022,BAF,MA,ANE,EN,Federal Contract Tower,0,1,2,0,3,0,0,0,0,0,0,1,2,0,3,0,0,0,3
01/18/2022,BAF,MA,ANE,EN,Federal Contract Tower,2,0,5,3,10,0,2,15,6,23,2,2,20,9,33,24,8,32,65
01/19/2022,BAF,MA,ANE,EN,Federal Contract Tower,0,2,10,12,24,0,0,36,8,44,0,2,46,20,68,54,28,82,150
01/20/2022,BAF,MA,ANE,EN,Federal Contract Tower,0,0,5,3,8,0,0,30,11,41,0,0,35,14,49,50,40,90,139
01/21/2022,BAF,MA,ANE,EN,Federal Contract Tower,0,5,8,6,19,0,0,47,3,50,0,5,55,9,69,70,8,78,147
01/22/2022,BAF,MA,ANE,EN,Federal Contract Tower,0,2,7,1,10,0,0,72,2,74,0,2,79,3,84,84,0,84,168
01/23/2022,BAF,MA,ANE,EN,Federal Contract Tower,0,2,5,0,7,0,0,74,0,74,0,2,79,0,81,74,0,74,155
01/24/2022,BAF,MA,ANE,EN,Federal Contract Tower,0,2,4,0,6,0,3,45,3,51,0,5,49,3,57,58,0,58,115
01/25/2022,BAF,MA,ANE,EN,Federal Contract Tower,0,3,4,10,17,0,0,48,2,50,0,3,52,12,67,60,0,60,127
01/26/2022,BAF,MA,ANE,EN,Federal Contract Tower,0,5,5,14,24,0,1,33,5,39,0,6,38,19,63,52,32,84,147
01/27/2022,BAF,MA,ANE,EN,Federal Contract Tower,0,2,2,12,16,0,0,43,4,47,0,2,45,16,63,52,0,52,115
01/28/2022,BAF,MA,ANE,EN,Federal Contract Tower,2,1,6,3,12,0,0,36,3,39,2,1,42,6,51,78,0,78,129
01/29/2022,BAF,MA,ANE,EN,Federal Contract Tower,0,0,0,0,0,0,0,0,0,0,0,0,0,0,0,0,0,0,0
01/30/2022,BAF,MA,ANE,EN,Federal Contract Tower,0,3,4,0,7,0,4,36,2,42,0,7,40,2,49,54,2,56,105
01/31/2022,BAF,MA,ANE,EN,Federal Contract Tower,0,7,3,12,22,0,0,40,23,63,0,7,43,35,85,36,22,58,143
02/01/2022,BAF,MA,ANE,EN,Federal Contract Tower,0,5,4,14,23,0,1,56,10,67,0,6,60,24,90,180,14,194,284
02/02/2022,BAF,MA,ANE,EN,Federal Contract Tower,0,3,6,14,23,0,1,20,8,29,0,4,26,22,52,48,22,70,122
02/03/2022,BAF,MA,ANE,EN,Federal Contract Tower,0,4,2,0,6,0,0,0,0,0,0,4,2,0,6,0,0,0,6
02/04/2022,BAF,MA,ANE,EN,Federal Contract Tower,0,0,1,0,1,0,0,0,0,0,0,0,1,0,1,0,0,0,1
02/05/2022,BAF,MA,ANE,EN,Federal Contract Tower,0,0,1,7,8,0,0,27,24,51,0,0,28,31,59,2,10,12,71
02/06/2022,BAF,MA,ANE,EN,Federal Contract Tower,0,0,9,0,9,0,2,101,0,103,0,2,110,0,112,50,0,50,162
02/07/2022,BAF,MA,ANE,EN,Federal Contract Tower,0,10,6,0,16,0,0,0,0,0,0,10,6,0,16,0,0,0,16
02/08/2022,BAF,MA,ANE,EN,Federal Contract Tower,0,2,2,14,18,0,0,33,13,46,0,2,35,27,64,56,8,64,128
02/09/2022,BAF,MA,ANE,EN,Federal Contract Tower,0,3,10,14,27,0,2,90,11,103,0,5,100,25,130,118,16,134,264
02/10/2022,BAF,MA,ANE,EN,Federal Contract Tower,1,5,6,9,21,0,0,47,1,48,1,5,53,10,69,64,0,64,133
02/11/2022,BAF,MA,ANE,EN,Federal Contract Tower,0,2,4,7,13,0,0,68,0,68,0,2,72,7,81,104,0,104,185
02/12/2022,BAF,MA,ANE,EN,Federal Contract Tower,1,0,0,0,1,0,0,59,0,59,1,0,59,0,60,74,0,74,134
02/13/2022,BAF,MA,ANE,EN,Federal Contract Tower,0,2,1,0,3,0,0,3,0,3,0,2,4,0,6,12,0,12,18
02/14/2022,BAF,MA,ANE,EN,Federal Contract Tower,0,0,4,4,8,0,4,11,7,22,0,4,15,11,30,2,8,10,40
02/15/2022,BAF,MA,ANE,EN,Federal Contract Tower,0,3,7,16,26,0,2,71,13,86,0,5,78,29,112,86,30,116,228
02/16/2022,BAF,MA,ANE,EN,Federal Contract Tower,0,0,7,12,19,0,2,30,13,45,0,2,37,25,64,40,24,64,128
02/17/2022,BAF,MA,ANE,EN,Federal Contract Tower,0,5,6,19,30,0,0,24,8,32,0,5,30,27,62,14,28,42,104
02/18/2022,BAF,MA,ANE,EN,Federal Contract Tower,0,5,3,3,11,0,1,2,1,4,0,6,5,4,15,2,2,4,19
02/19/2022,BAF,MA,ANE,EN,Federal Contract Tower,2,1,4,0,7,0,0,38,0,38,2,1,42,0,45,48,0,48,93
02/20/2022,BAF,MA,ANE,EN,Federal Contract Tower,0,5,14,1,20,0,0,121,3,124,0,5,135,4,144,118,0,118,262
02/21/2022,BAF,MA,ANE,EN,Federal Contract Tower,0,3,11,2,16,0,2,108,4,114,0,5,119,6,130,102,0,102,232
02/22/2022,BAF,MA,ANE,EN,Federal Contract Tower,0,3,7,14,24,0,0,4,0,4,0,3,11,14,28,2,0,2,30
02/23/2022,BAF,MA,ANE,EN,Federal Contract Tower,1,3,6,12,22,0,2,30,7,39,1,5,36,19,61,26,0,26,87
02/24/2022,BAF,MA,ANE,EN,Federal Contract Tower,2,7,11,16,36,0,2,69,8,79,2,9,80,24,115,108,2,110,225
02/25/2022,BAF,MA,ANE,EN,Federal Contract Tower,0,0,1,0,1,0,0,0,0,0,0,0,1,0,1,0,0,0,1
02/26/2022,BAF,MA,ANE,EN,Federal Contract Tower,2,2,8,0,12,0,1,60,0,61,2,3,68,0,73,92,0,92,165
02/27/2022,BAF,MA,ANE,EN,Federal Contract Tower,0,2,2,0,4,0,0,24,0,24,0,2,26,0,28,12,0,12,40
02/28/2022,BAF,MA,ANE,EN,Federal Contract Tower,0,7,4,0,11,0,2,42,9,53,0,9,46,9,64,98,12,110,174
03/01/2022,BAF,MA,ANE,EN,Federal Contract Tower,0,2,5,17,24,0,3,40,2,45,0,5,45,19,69,52,18,70,139
03/02/2022,BAF,MA,ANE,EN,Federal Contract Tower,0,2,11,9,22,0,0,68,10,78,0,2,79,19,100,108,6,114,214
03/03/2022,BAF,MA,ANE,EN,Federal Contract Tower,0,0,4,14,18,0,0,35,9,44,0,0,39,23,62,46,0,46,108
03/04/2022,BAF,MA,ANE,EN,Federal Contract Tower,0,9,7,2,18,0,2,70,0,72,0,11,77,2,90,80,2,82,172
03/05/2022,BAF,MA,ANE,EN,Federal Contract Tower,0,2,6,0,8,0,2,82,2,86,0,4,88,2,94,76,0,76,170
03/06/2022,BAF,MA,ANE,EN,Federal Contract Tower,0,1,9,0,10,0,0,2,0,2,0,1,11,0,12,14,0,14,26
03/07/2022,BAF,MA,ANE,EN,Federal Contract Tower,0,1,5,0,6,0,1,6,1,8,0,2,11,1,14,10,0,10,24
03/08/2022,BAF,MA,ANE,EN,Federal Contract Tower,0,3,4,12,19,0,2,5,2,9,0,5,9,14,28,4,0,4,32
03/09/2022,BAF,MA,ANE,EN,Federal Contract Tower,0,3,5,5,13,0,0,11,0,11,0,3,16,5,24,20,0,20,44
03/10/2022,BAF,MA,ANE,EN,Federal Contract Tower,0,6,9,11,26,0,2,66,4,72,0,8,75,15,98,104,0,104,202
03/11/2022,BAF,MA,ANE,EN,Federal Contract Tower,0,3,3,7,13,0,0,73,0,73,0,3,76,7,86,92,0,92,178
03/12/2022,BAF,MA,ANE,EN,Federal Contract Tower,0,2,0,0,2,0,0,0,0,0,0,2,0,0,2,0,0,0,2
03/13/2022,BAF,MA,ANE,EN,Federal Contract Tower,0,5,7,0,12,0,0,1,0,1,0,5,8,0,13,0,0,0,13
03/14/2022,BAF,MA,ANE,EN,Federal Contract Tower,0,1,2,13,16,0,5,36,8,49,0,6,38,21,65,20,60,80,145
03/15/2022,BAF,MA,ANE,EN,Federal Contract Tower,0,2,7,17,26,0,3,93,10,106,0,5,100,27,132,64,26,90,222
03/16/2022,BAF,MA,ANE,EN,Federal Contract Tower,0,0,12,21,33,0,0,82,31,113,0,0,94,52,146,132,42,174,320
03/17/2022,BAF,MA,ANE,EN,Federal Contract Tower,0,3,8,0,11,0,0,0,0,0,0,3,8,0,11,0,0,0,11
03/18/2022,BAF,MA,ANE,EN,Federal Contract Tower,0,0,7,8,15,0,3,77,0,80,0,3,84,8,95,116,0,116,211
03/19/2022,BAF,MA,ANE,EN,Federal Contract Tower,0,1,5,0,6,0,0,0,0,0,0,1,5,0,6,0,0,0,6
03/20/2022,BAF,MA,ANE,EN,Federal Contract Tower,2,7,17,1,27,0,0,58,1,59,2,7,75,2,86,88,0,88,174
03/21/2022,BAF,MA,ANE,EN,Federal Contract Tower,0,2,1,1,4,0,2,10,6,18,0,4,11,7,22,0,2,2,24
03/22/2022,BAF,MA,ANE,EN,Federal Contract Tower,0,4,4,21,29,0,3,43,6,52,0,7,47,27,81,60,0,60,141
03/23/2022,BAF,MA,ANE,EN,Federal Contract Tower,0,3,6,13,22,0,1,93,2,96,0,4,99,15,118,164,0,164,282
03/24/2022,BAF,MA,ANE,EN,Federal Contract Tower,0,1,5,14,20,0,0,0,0,0,0,1,5,14,20,0,0,0,20
03/25/2022,BAF,MA,ANE,EN,Federal Contract Tower,0,2,13,10,25,0,2,74,5,81,0,4,87,15,106,104,26,130,236
03/26/2022,BAF,MA,ANE,EN,Federal Contract Tower,0,0,4,1,5,0,0,47,4,51,0,0,51,5,56,58,22,80,136
03/27/2022,BAF,MA,ANE,EN,Federal Contract Tower,0,1,5,0,6,0,0,4,3,7,0,1,9,3,13,0,0,0,13
03/28/2022,BAF,MA,ANE,EN,Federal Contract Tower,0,0,0,1,1,0,0,0,1,1,0,0,0,2,2,0,0,0,2
03/29/2022,BAF,MA,ANE,EN,Federal Contract Tower,0,0,4,17,21,0,2,13,11,26,0,2,17,28,47,6,12,18,65
03/30/2022,BAF,MA,ANE,EN,Federal Contract Tower,0,2,5,20,27,0,0,104,4,108,0,2,109,24,135,138,0,138,273
03/31/2022,BAF,MA,ANE,EN,Federal Contract Tower,0,0,3,6,9,0,0,2,0,2,0,0,5,6,11,0,0,0,11
04/01/2022,BAF,MA,ANE,EN,Federal Contract Tower,0,2,9,5,16,0,0,9,3,12,0,2,18,8,28,2,0,2,30
04/02/2022,BAF,MA,ANE,EN,Federal Contract Tower,0,0,1,15,16,0,0,41,1,42,0,0,42,16,58,34,0,34,92
04/03/2022,BAF,MA,ANE,EN,Federal Contract Tower,0,1,8,0,9,0,0,28,0,28,0,1,36,0,37,46,0,46,83
04/04/2022,BAF,MA,ANE,EN,Federal Contract Tower,0,4,7,0,11,0,0,27,10,37,0,4,34,10,48,20,22,42,90
04/05/2022,BAF,MA,ANE,EN,Federal Contract Tower,0,1,11,16,28,0,2,108,5,115,0,3,119,21,143,134,8,142,285
04/06/2022,BAF,MA,ANE,EN,Federal Contract Tower,0,2,11,0,13,0,0,0,0,0,0,2,11,0,13,0,0,0,13
04/07/2022,BAF,MA,ANE,EN,Federal Contract Tower,0,0,3,8,11,0,0,0,0,0,0,0,3,8,11,0,0,0,11
04/08/2022,BAF,MA,ANE,EN,Federal Contract Tower,0,1,9,1,11,0,0,22,6,28,0,1,31,7,39,36,20,56,95
04/09/2022,BAF,MA,ANE,EN,Federal Contract Tower,0,2,8,4,14,0,0,0,0,0,0,2,8,4,14,0,0,0,14
04/10/2022,BAF,MA,ANE,EN,Federal Contract Tower,0,1,7,0,8,0,4,43,2,49,0,5,50,2,57,52,0,52,109
04/11/2022,BAF,MA,ANE,EN,Federal Contract Tower,0,2,3,0,5,0,6,93,3,102,0,8,96,3,107,128,0,128,235
04/12/2022,BAF,MA,ANE,EN,Federal Contract Tower,0,0,9,14,23,0,0,43,0,43,0,0,52,14,66,124,0,124,190
04/13/2022,BAF,MA,ANE,EN,Federal Contract Tower,0,5,15,9,29,0,0,89,3,92,0,5,104,12,121,140,12,152,273
04/14/2022,BAF,MA,ANE,EN,Federal Contract Tower,0,4,1,6,11,0,2,20,2,24,0,6,21,8,35,60,0,60,95
04/15/2022,BAF,MA,ANE,EN,Federal Contract Tower,0,0,5,5,10,0,2,62,2,66,0,2,67,7,76,38,8,46,122
04/16/2022,BAF,MA,ANE,EN,Federal Contract Tower,0,1,2,0,3,0,0,21,0,21,0,1,23,0,24,28,0,28,52
04/17/2022,BAF,MA,ANE,EN,Federal Contract Tower,0,3,4,0,7,0,1,16,0,17,0,4,20,0,24,0,0,0,24
04/18/2022,BAF,MA,ANE,EN,Federal Contract Tower,0,3,10,0,13,0,2,64,0,66,0,5,74,0,79,94,0,94,173
04/19/2022,BAF,MA,ANE,EN,Federal Contract Tower,0,0,6,9,15,0,0,3,4,7,0,0,9,13,22,0,0,0,22
04/20/2022,BAF,MA,ANE,EN,Federal Contract Tower,0,0,7,6,13,0,4,20,6,30,0,4,27,12,43,28,4,32,75
04/21/2022,BAF,MA,ANE,EN,Federal Contract Tower,0,7,4,12,23,0,0,45,4,49,0,7,49,16,72,66,0,66,138
04/22/2022,BAF,MA,ANE,EN,Federal Contract Tower,0,7,4,4,15,0,0,60,1,61,0,7,64,5,76,32,0,32,108
04/23/2022,BAF,MA,ANE,EN,Federal Contract Tower,0,1,14,1,16,0,1,106,9,116,0,2,120,10,132,122,0,122,254
04/24/2022,BAF,MA,ANE,EN,Federal Contract Tower,0,0,9,0,9,0,0,82,0,82,0,0,91,0,91,112,0,112,203
04/25/2022,BAF,MA,ANE,EN,Federal Contract Tower,0,2,14,0,16,0,5,52,2,59,0,7,66,2,75,88,0,88,163
04/26/2022,BAF,MA,ANE,EN,Federal Contract Tower,0,3,10,8,21,0,2,4,2,8,0,5,14,10,29,32,14,46,75
04/27/2022,BAF,MA,ANE,EN,Federal Contract Tower,0,6,7,0,13,0,2,12,11,25,0,8,19,11,38,10,0,10,48
04/28/2022,BAF,MA,ANE,EN,Federal Contract Tower,0,5,7,15,27,0,1,13,6,20,0,6,20,21,47,4,0,4,51
04/29/2022,BAF,MA,ANE,EN,Federal Contract Tower,0,0,3,5,8,0,2,20,10,32,0,2,23,15,40,28,0,28,68
04/30/2022,BAF,MA,ANE,EN,Federal Contract Tower,0,2,11,0,13,0,0,56,0,56,0,2,67,0,69,90,0,90,159
05/01/2022,BAF,MA,ANE,EN,Federal Contract Tower,0,5,13,0,18,0,2,143,0,145,0,7,156,0,163,160,0,160,323
05/02/2022,BAF,MA,ANE,EN,Federal Contract Tower,0,6,18,9,33,0,0,24,2,26,0,6,42,11,59,48,2,50,109
05/03/2022,BAF,MA,ANE,EN,Federal Contract Tower,0,3,24,13,40,0,0,17,1,18,0,3,41,14,58,72,0,72,130
05/04/2022,BAF,MA,ANE,EN,Federal Contract Tower,0,3,19,4,26,0,0,0,0,0,0,3,19,4,26,0,0,0,26
05/05/2022,BAF,MA,ANE,EN,Federal Contract Tower,0,3,10,4,17,0,2,86,1,89,0,5,96,5,106,122,0,122,228
05/06/2022,BAF,MA,ANE,EN,Federal Contract Tower,0,3,6,7,16,0,0,66,0,66,0,3,72,7,82,130,0,130,212
05/07/2022,BAF,MA,ANE,EN,Federal Contract Tower,0,1,7,0,8,0,0,11,0,11,0,1,18,0,19,0,0,0,19
05/08/2022,BAF,MA,ANE,EN,Federal Contract Tower,0,2,2,1,5,0,2,9,1,12,0,4,11,2,17,10,0,10,27
05/09/2022,BAF,MA,ANE,EN,Federal Contract Tower,0,4,12,0,16,0,2,19,1,22,0,6,31,1,38,18,0,18,56
05/10/2022,BAF,MA,ANE,EN,Federal Contract Tower,0,0,4,2,6,0,2,46,5,53,0,2,50,7,59,124,14,138,197
05/11/2022,BAF,MA,ANE,EN,Federal Contract Tower,0,2,4,1,7,0,0,49,7,56,0,2,53,8,63,82,2,84,147
05/12/2022,BAF,MA,ANE,EN,Federal Contract Tower,0,3,17,6,26,0,2,59,4,65,0,5,76,10,91,58,20,78,169
05/13/2022,BAF,MA,ANE,EN,Federal Contract Tower,0,1,5,1,7,0,0,29,0,29,0,1,34,1,36,42,0,42,78
05/14/2022,BAF,MA,ANE,EN,Federal Contract Tower,0,0,9,1,10,0,0,43,0,43,0,0,52,1,53,58,0,58,111
05/15/2022,BAF,MA,ANE,EN,Federal Contract Tower,0,1,7,1,9,0,0,23,0,23,0,1,30,1,32,26,0,26,58
05/16/2022,BAF,MA,ANE,EN,Federal Contract Tower,0,5,8,0,13,0,0,23,0,23,0,5,31,0,36,80,0,80,116
05/17/2022,BAF,MA,ANE,EN,Federal Contract Tower,0,3,3,0,6,0,4,15,11,30,0,7,18,11,36,4,0,4,40
05/18/2022,BAF,MA,ANE,EN,Federal Contract Tower,0,0,5,0,5,0,4,59,10,73,0,4,64,10,78,34,4,38,116
05/19/2022,BAF,MA,ANE,EN,Federal Contract Tower,0,1,3,2,6,0,0,0,0,0,0,1,3,2,6,0,0,0,6
05/20/2022,BAF,MA,ANE,EN,Federal Contract Tower,0,4,13,5,22,0,0,58,2,60,0,4,71,7,82,106,4,110,192
05/21/2022,BAF,MA,ANE,EN,Federal Contract Tower,0,0,14,4,18,0,0,48,0,48,0,0,62,4,66,32,0,32,98
05/22/2022,BAF,MA,ANE,EN,Federal Contract Tower,0,1,14,3,18,0,0,47,21,68,0,1,61,24,86,78,0,78,164
05/23/2022,BAF,MA,ANE,EN,Federal Contract Tower,0,3,18,2,23,0,7,75,4,86,0,10,93,6,109,52,0,52,161
05/24/2022,BAF,MA,ANE,EN,Federal Contract Tower,0,2,2,13,17,0,2,73,10,85,0,4,75,23,102,58,6,64,166
05/25/2022,BAF,MA,ANE,EN,Federal Contract Tower,0,3,13,15,31,0,4,104,3,111,0,7,117,18,142,142,4,146,288
05/26/2022,BAF,MA,ANE,EN,Federal Contract Tower,0,0,7,11,18,0,0,70,8,78,0,0,77,19,96,58,20,78,174
05/27/2022,BAF,MA,ANE,EN,Federal Contract Tower,0,0,9,2,11,0,0,2,0,2,0,0,11,2,13,22,0,22,35
05/28/2022,BAF,MA,ANE,EN,Federal Contract Tower,0,3,0,0,3,0,0,2,0,2,0,3,2,0,5,0,0,0,5
05/29/2022,BAF,MA,ANE,EN,Federal Contract Tower,0,3,10,0,13,0,3,96,4,103,0,6,106,4,116,180,0,180,296
05/30/2022,BAF,MA,ANE,EN,Federal Contract Tower,0,3,6,0,9,0,4,60,0,64,0,7,66,0,73,48,0,48,121
05/31/2022,BAF,MA,ANE,EN,Federal Contract Tower,0,3,5,12,20,0,1,31,9,41,0,4,36,21,61,24,20,44,105
06/01/2022,BAF,MA,ANE,EN,Federal Contract Tower,0,1,7,12,20,0,0,21,1,22,0,1,28,13,42,38,0,38,80
06/02/2022,BAF,MA,ANE,EN,Federal Contract Tower,0,1,7,15,23,0,0,17,4,21,0,1,24,19,44,32,0,32,76
06/03/2022,BAF,MA,ANE,EN,Federal Contract Tower,0,0,8,6,14,0,0,49,2,51,0,0,57,8,65,72,12,84,149
06/04/2022,BAF,MA,ANE,EN,Federal Contract Tower,0,2,12,0,14,0,0,77,0,77,0,2,89,0,91,96,0,96,187
06/05/2022,BAF,MA,ANE,EN,Federal Contract Tower,0,2,14,0,16,0,1,81,2,84,0,3,95,2,100,94,4,98,198
06/06/2022,BAF,MA,ANE,EN,Federal Contract Tower,0,0,16,0,16,0,6,77,6,89,0,6,93,6,105,144,0,144,249
06/07/2022,BAF,MA,ANE,EN,Federal Contract Tower,0,0,5,18,23,0,4,42,6,52,0,4,47,24,75,28,4,32,107
06/08/2022,BAF,MA,ANE,EN,Federal Contract Tower,0,2,12,13,27,0,2,41,2,45,0,4,53,15,72,56,4,60,132
06/09/2022,BAF,MA,ANE,EN,Federal Contract Tower,0,3,11,5,19,0,0,15,10,25,0,3,26,15,44,0,0,0,44
06/10/2022,BAF,MA,ANE,EN,Federal Contract Tower,0,1,8,5,14,0,8,70,6,84,0,9,78,11,98,112,2,114,212
06/11/2022,BAF,MA,ANE,EN,Federal Contract Tower,0,1,10,10,21,0,0,72,29,101,0,1,82,39,122,130,2,132,254
06/12/2022,BAF,MA,ANE,EN,Federal Contract Tower,0,1,10,0,11,0,8,46,10,64,0,9,56,10,75,80,0,80,155
06/13/2022,BAF,MA,ANE,EN,Federal Contract Tower,0,0,19,0,19,0,4,38,6,48,0,4,57,6,67,76,0,76,143
06/14/2022,BAF,MA,ANE,EN,Federal Contract Tower,0,1,8,12,21,0,4,80,4,88,0,5,88,16,109,160,18,178,287
06/15/2022,BAF,MA,ANE,EN,Federal Contract Tower,0,0,5,13,18,0,1,89,7,97,0,1,94,20,115,178,12,190,305
06/16/2022,BAF,MA,ANE,EN,Federal Contract Tower,0,3,9,9,21,0,0,33,5,38,0,3,42,14,59,36,0,36,95
06/17/2022,BAF,MA,ANE,EN,Federal Contract Tower,0,3,9,3,15,0,2,36,3,41,0,5,45,6,56,48,0,48,104
06/18/2022,BAF,MA,ANE,EN,Federal Contract Tower,0,1,6,1,8,0,0,8,2,10,0,1,14,3,18,2,0,2,20
06/19/2022,BAF,MA,ANE,EN,Federal Contract Tower,0,1,7,1,9,0,1,17,1,19,0,2,24,2,28,6,0,6,34
06/20/2022,BAF,MA,ANE,EN,Federal Contract Tower,0,3,17,2,22,0,2,70,0,72,0,5,87,2,94,64,0,64,158
06/21/2022,BAF,MA,ANE,EN,Federal Contract Tower,0,0,7,16,23,0,1,54,2,57,0,1,61,18,80,112,6,118,198
06/22/2022,BAF,MA,ANE,EN,Federal Contract Tower,0,3,11,18,32,0,0,17,0,17,0,3,28,18,49,44,0,44,93
06/23/2022,BAF,MA,ANE,EN,Federal Contract Tower,0,4,17,19,40,0,0,37,4,41,0,4,54,23,81,122,0,122,203
06/24/2022,BAF,MA,ANE,EN,Federal Contract Tower,0,1,9,7,17,0,2,59,0,61,0,3,68,7,78,84,6,90,168
06/25/2022,BAF,MA,ANE,EN,Federal Contract Tower,0,0,15,1,16,0,0,100,4,104,0,0,115,5,120,84,0,84,204
06/26/2022,BAF,MA,ANE,EN,Federal Contract Tower,0,0,15,0,15,0,2,77,3,82,0,2,92,3,97,118,0,118,215
06/27/2022,BAF,MA,ANE,EN,Federal Contract Tower,0,0,2,0,2,0,2,20,2,24,0,2,22,2,26,82,0,82,108
06/28/2022,BAF,MA,ANE,EN,Federal Contract Tower,0,1,18,13,32,0,0,85,11,96,0,1,103,24,128,110,4,114,242
06/29/2022,BAF,MA,ANE,EN,Federal Contract Tower,0,1,13,7,21,0,2,103,7,112,0,3,116,14,133,132,6,138,271
06/30/2022,BAF,MA,ANE,EN,Federal Contract Tower,0,0,8,5,13,0,2,63,7,72,0,2,71,12,85,162,0,162,247
07/01/2022,BAF,MA,ANE,EN,Federal Contract Tower,0,0,11,2,13,0,0,52,0,52,0,0,63,2,65,48,0,48,113
07/02/2022,BAF,MA,ANE,EN,Federal Contract Tower,0,1,8,5,14,0,0,16,0,16,0,1,24,5,30,54,0,54,84
07/03/2022,BAF,MA,ANE,EN,Federal Contract Tower,0,3,8,5,16,0,3,61,0,64,0,6,69,5,80,64,6,70,150
07/04/2022,BAF,MA,ANE,EN,Federal Contract Tower,0,1,6,1,8,0,2,46,4,52,0,3,52,5,60,52,4,56,116
07/05/2022,BAF,MA,ANE,EN,Federal Contract Tower,0,1,5,1,7,0,0,29,2,31,0,1,34,3,38,38,0,38,76
07/06/2022,BAF,MA,ANE,EN,Federal Contract Tower,0,0,12,6,18,0,0,55,14,69,0,0,67,20,87,108,0,108,195
07/07/2022,BAF,MA,ANE,EN,Federal Contract Tower,0,2,8,5,15,0,0,76,6,82,0,2,84,11,97,196,4,200,297
07/08/2022,BAF,MA,ANE,EN,Federal Contract Tower,0,2,23,1,26,0,2,68,1,71,0,4,91,2,97,98,0,98,195
07/09/2022,BAF,MA,ANE,EN,Federal Contract Tower,0,0,3,4,7,0,2,67,6,75,0,2,70,10,82,96,0,96,178
07/10/2022,BAF,MA,ANE,EN,Federal Contract Tower,0,2,9,4,15,0,2,98,5,105,0,4,107,9,120,78,0,78,198
07/11/2022,BAF,MA,ANE,EN,Federal Contract Tower,0,2,12,0,14,0,2,42,1,45,0,4,54,1,59,76,0,76,135
07/12/2022,BAF,MA,ANE,EN,Federal Contract Tower,0,0,9,13,22,0,0,22,6,28,0,0,31,19,50,82,0,82,132
07/13/2022,BAF,MA,ANE,EN,Federal Contract Tower,0,2,6,10,18,0,5,56,10,71,0,7,62,20,89,64,0,64,153
07/14/2022,BAF,MA,ANE,EN,Federal Contract Tower,0,4,13,12,29,0,3,61,7,71,0,7,74,19,100,124,2,126,226
07/15/2022,BAF,MA,ANE,EN,Federal Contract Tower,0,0,11,6,17,0,0,94,0,94,0,0,105,6,111,132,0,132,243
07/16/2022,BAF,MA,ANE,EN,Federal Contract Tower,0,0,10,4,14,0,0,64,1,65,0,0,74,5,79,90,0,90,169
07/17/2022,BAF,MA,ANE,EN,Federal Contract Tower,0,0,4,0,4,0,3,47,8,58,0,3,51,8,62,44,0,44,106
07/18/2022,BAF,MA,ANE,EN,Federal Contract Tower,0,3,3,0,6,0,0,0,0,0,0,3,3,0,6,0,0,0,6
07/19/2022,BAF,MA,ANE,EN,Federal Contract Tower,0,1,4,20,25,0,0,75,9,84,0,1,79,29,109,62,22,84,193
07/20/2022,BAF,MA,ANE,EN,Federal Contract Tower,0,2,7,15,24,0,2,83,8,93,0,4,90,23,117,74,2,76,193
07/21/2022,BAF,MA,ANE,EN,Federal Contract Tower,0,0,8,3,11,0,0,64,1,65,0,0,72,4,76,86,0,86,162
07/22/2022,BAF,MA,ANE,EN,Federal Contract Tower,0,0,5,5,10,0,2,64,14,80,0,2,69,19,90,76,4,80,170
07/23/2022,BAF,MA,ANE,EN,Federal Contract Tower,0,0,8,0,8,0,0,70,0,70,0,0,78,0,78,146,0,146,224
07/24/2022,BAF,MA,ANE,EN,Federal Contract Tower,0,1,5,0,6,0,1,44,0,45,0,2,49,0,51,98,0,98,149
07/25/2022,BAF,MA,ANE,EN,Federal Contract Tower,0,0,12,0,12,0,0,3,2,5,0,0,15,2,17,56,0,56,73
07/26/2022,BAF,MA,ANE,EN,Federal Contract Tower,0,3,14,13,30,0,0,91,16,107,0,3,105,29,137,80,6,86,223
07/27/2022,BAF,MA,ANE,EN,Federal Contract Tower,0,2,4,7,13,0,2,75,0,77,0,4,79,7,90,100,2,102,192
07/28/2022,BAF,MA,ANE,EN,Federal Contract Tower,0,2,9,1,12,0,0,46,8,54,0,2,55,9,66,88,18,106,172
07/29/2022,BAF,MA,ANE,EN,Federal Contract Tower,0,3,8,0,11,0,2,56,0,58,0,5,64,0,69,116,0,116,185
07/30/2022,BAF,MA,ANE,EN,Federal Contract Tower,0,3,2,0,5,0,0,53,1,54,0,3,55,1,59,70,0,70,129
07/31/2022,BAF,MA,ANE,EN,Federal Contract Tower,0,0,16,0,16,0,0,72,0,72,0,0,88,0,88,126,0,126,214
08/01/2022,BAF,MA,ANE,EN,Federal Contract Tower,0,1,12,7,20,0,4,47,2,53,0,5,59,9,73,160,6,166,239
08/02/2022,BAF,MA,ANE,EN,Federal Contract Tower,0,0,7,13,20,0,0,40,4,44,0,0,47,17,64,70,12,82,146
08/03/2022,BAF,MA,ANE,EN,Federal Contract Tower,0,5,7,0,12,0,3,84,6,93,0,8,91,6,105,114,6,120,225
08/04/2022,BAF,MA,ANE,EN,Federal Contract Tower,0,0,8,2,10,0,1,49,16,66,0,1,57,18,76,76,24,100,176
08/05/2022,BAF,MA,ANE,EN,Federal Contract Tower,0,0,6,0,6,0,2,51,4,57,0,2,57,4,63,106,0,106,169
08/06/2022,BAF,MA,ANE,EN,Federal Contract Tower,0,0,8,0,8,0,0,0,0,0,0,0,8,0,8,98,0,98,106
08/07/2022,BAF,MA,ANE,EN,Federal Contract Tower,0,0,13,6,19,0,0,41,2,43,0,0,54,8,62,40,0,40,102
08/08/2022,BAF,MA,ANE,EN,Federal Contract Tower,0,5,7,3,15,0,4,16,2,22,0,9,23,5,37,62,0,62,99
08/09/2022,BAF,MA,ANE,EN,Federal Contract Tower,0,4,4,0,8,0,0,44,1,45,0,4,48,1,53,92,0,92,145
08/10/2022,BAF,MA,ANE,EN,Federal Contract Tower,0,0,11,3,14,0,2,65,7,74,0,2,76,10,88,134,0,134,222
08/11/2022,BAF,MA,ANE,EN,Federal Contract Tower,0,0,9,7,16,0,0,68,4,72,0,0,77,11,88,148,0,148,236
08/12/2022,BAF,MA,ANE,EN,Federal Contract Tower,0,1,7,6,14,0,1,66,3,70,0,2,73,9,84,100,2,102,186
08/13/2022,BAF,MA,ANE,EN,Federal Contract Tower,0,0,3,4,7,0,0,81,2,83,0,0,84,6,90,142,0,142,232
08/14/2022,BAF,MA,ANE,EN,Federal Contract Tower,0,1,8,5,14,0,1,85,1,87,0,2,93,6,101,92,4,96,197
08/15/2022,BAF,MA,ANE,EN,Federal Contract Tower,0,3,8,5,16,0,0,65,13,78,0,3,73,18,94,56,0,56,150
08/16/2022,BAF,MA,ANE,EN,Federal Contract Tower,0,1,10,5,16,0,2,41,5,48,0,3,51,10,64,54,0,54,118
08/17/2022,BAF,MA,ANE,EN,Federal Contract Tower,0,2,2,7,11,0,0,29,7,36,0,2,31,14,47,52,8,60,107
08/19/2022,BAF,MA,ANE,EN,Federal Contract Tower,0,2,10,6,18,0,2,66,0,68,0,4,76,6,86,102,0,102,188
08/20/2022,BAF,MA,ANE,EN,Federal Contract Tower,0,0,6,4,10,0,2,57,11,70,0,2,63,15,80,70,0,70,150
08/21/2022,BAF,MA,ANE,EN,Federal Contract Tower,0,1,6,5,12,0,1,55,3,59,0,2,61,8,71,50,0,50,121
08/22/2022,BAF,MA,ANE,EN,Federal Contract Tower,0,0,9,5,14,0,0,5,9,14,0,0,14,14,28,0,36,36,64
08/23/2022,BAF,MA,ANE,EN,Federal Contract Tower,0,2,3,5,10,0,0,0,0,0,0,2,3,5,10,0,0,0,10
08/24/2022,BAF,MA,ANE,EN,Federal Contract Tower,0,3,10,4,17,0,0,86,5,91,0,3,96,9,108,158,0,158,266
08/25/2022,BAF,MA,ANE,EN,Federal Contract Tower,0,0,19,3,22,0,1,89,8,98,0,1,108,11,120,88,6,94,214
08/26/2022,BAF,MA,ANE,EN,Federal Contract Tower,0,0,5,4,9,0,0,31,0,31,0,0,36,4,40,54,0,54,94
08/27/2022,BAF,MA,ANE,EN,Federal Contract Tower,0,0,16,3,19,0,0,80,2,82,0,0,96,5,101,122,0,122,223
08/28/2022,BAF,MA,ANE,EN,Federal Contract Tower,0,2,23,5,30,0,1,38,1,40,0,3,61,6,70,94,0,94,164
08/29/2022,BAF,MA,ANE,EN,Federal Contract Tower,0,5,6,6,17,0,0,36,6,42,0,5,42,12,59,106,14,120,179
08/30/2022,BAF,MA,ANE,EN,Federal Contract Tower,0,7,8,13,28,0,0,59,11,70,0,7,67,24,98,62,6,68,166
08/31/2022,BAF,MA,ANE,EN,Federal Contract Tower,0,0,2,5,7,0,0,58,12,70,0,0,60,17,77,132,2,134,211
09/01/2022,BAF,MA,ANE,EN,Federal Contract Tower,0,0,2,3,5,0,0,87,9,96,0,0,89,12,101,94,12,106,207
09/02/2022,BAF,MA,ANE,EN,Federal Contract Tower,0,5,3,2,10,0,0,81,2,83,0,5,84,4,93,132,0,132,225
09/03/2022,BAF,MA,ANE,EN,Federal Contract Tower,0,1,10,4,15,0,6,91,5,102,0,7,101,9,117,86,0,86,203
09/04/2022,BAF,MA,ANE,EN,Federal Contract Tower,0,1,4,4,9,0,0,35,1,36,0,1,39,5,45,76,0,76,121
09/05/2022,BAF,MA,ANE,EN,Federal Contract Tower,0,4,3,1,8,0,0,0,0,0,0,4,3,1,8,0,0,0,8
09/06/2022,BAF,MA,ANE,EN,Federal Contract Tower,0,1,3,0,4,0,0,0,0,0,0,1,3,0,4,0,0,0,4
09/07/2022,BAF,MA,ANE,EN,Federal Contract Tower,0,5,8,14,27,0,0,39,6,45,0,5,47,20,72,70,0,70,142
09/08/2022,BAF,MA,ANE,EN,Federal Contract Tower,0,1,9,12,22,0,3,50,6,59,0,4,59,18,81,26,0,26,107
09/09/2022,BAF,MA,ANE,EN,Federal Contract Tower,0,1,10,5,16,0,1,74,2,77,0,2,84,7,93,128,0,128,221
09/10/2022,BAF,MA,ANE,EN,Federal Contract Tower,0,2,7,4,13,0,3,64,15,82,0,5,71,19,95,98,2,100,195
09/11/2022,BAF,MA,ANE,EN,Federal Contract Tower,0,3,9,1,13,0,4,42,2,48,0,7,51,3,61,76,10,86,147
09/12/2022,BAF,MA,ANE,EN,Federal Contract Tower,0,1,8,4,13,0,3,34,3,40,0,4,42,7,53,44,6,50,103
09/13/2022,BAF,MA,ANE,EN,Federal Contract Tower,0,1,8,12,21,0,0,0,3,3,0,1,8,15,24,0,6,6,30
09/14/2022,BAF,MA,ANE,EN,Federal Contract Tower,0,2,9,11,22,0,2,58,6,66,0,4,67,17,88,78,14,92,180
09/15/2022,BAF,MA,ANE,EN,Federal Contract Tower,0,0,7,12,19,0,1,63,8,72,0,1,70,20,91,84,28,112,203
09/16/2022,BAF,MA,ANE,EN,Federal Contract Tower,0,2,10,0,12,0,3,65,0,68,0,5,75,0,80,90,0,90,170
09/17/2022,BAF,MA,ANE,EN,Federal Contract Tower,0,1,10,1,12,0,1,80,3,84,0,2,90,4,96,104,0,104,200
09/18/2022,BAF,MA,ANE,EN,Federal Contract Tower,0,3,10,0,13,0,4,77,5,86,0,7,87,5,99,98,0,98,197
09/19/2022,BAF,MA,ANE,EN,Federal Contract Tower,0,1,10,3,14,0,2,16,8,26,0,3,26,11,40,22,38,60,100
09/20/2022,BAF,MA,ANE,EN,Federal Contract Tower,0,0,14,7,21,0,0,54,7,61,0,0,68,14,82,124,0,124,206
09/21/2022,BAF,MA,ANE,EN,Federal Contract Tower,0,0,16,14,30,0,2,78,8,88,0,2,94,22,118,136,8,144,262
09/22/2022,BAF,MA,ANE,EN,Federal Contract Tower,0,2,4,11,17,0,4,6,7,17,0,6,10,18,34,4,2,6,40
09/23/2022,BAF,MA,ANE,EN,Federal Contract Tower,0,5,8,0,13,0,3,9,0,12,0,8,17,0,25,14,0,14,39
09/24/2022,BAF,MA,ANE,EN,Federal Contract Tower,0,1,6,3,10,0,1,62,3,66,0,2,68,6,76,24,0,24,100
09/25/2022,BAF,MA,ANE,EN,Federal Contract Tower,0,3,9,7,19,0,4,83,11,98,0,7,92,18,117,62,16,78,195
09/26/2022,BAF,MA,ANE,EN,Federal Contract Tower,0,2,9,1,12,0,2,24,3,29,0,4,33,4,41,80,0,80,121
09/27/2022,BAF,MA,ANE,EN,Federal Contract Tower,0,1,5,11,17,0,2,87,11,100,0,3,92,22,117,142,20,162,279
09/28/2022,BAF,MA,ANE,EN,Federal Contract Tower,0,0,14,4,18,0,1,70,8,79,0,1,84,12,97,108,16,124,221
09/29/2022,BAF,MA,ANE,EN,Federal Contract Tower,0,2,13,3,18,0,0,60,13,73,0,2,73,16,91,96,4,100,191
09/30/2022,BAF,MA,ANE,EN,Federal Contract Tower,0,3,12,9,24,0,5,75,5,85,0,8,87,14,109,147,28,175,284
10/01/2022,BAF,MA,ANE,EN,Federal Contract Tower,1,0,7,0,8,0,0,34,0,34,1,0,41,0,42,90,0,90,132
10/02/2022,BAF,MA,ANE,EN,Federal Contract Tower,0,1,3,0,4,0,2,4,0,6,0,3,7,0,10,36,0,36,46
10/03/2022,BAF,MA,ANE,EN,Federal Contract Tower,0,0,6,0,6,0,4,41,6,51,0,4,47,6,57,90,0,90,147
10/04/2022,BAF,MA,ANE,EN,Federal Contract Tower,0,1,6,9,16,0,0,5,2,7,0,1,11,11,23,16,0,16,39
10/05/2022,BAF,MA,ANE,EN,Federal Contract Tower,0,2,5,9,16,0,0,4,0,4,0,2,9,9,20,8,0,8,28
10/06/2022,BAF,MA,ANE,EN,Federal Contract Tower,0,3,11,7,21,0,2,59,5,66,0,5,70,12,87,96,4,100,187
10/07/2022,BAF,MA,ANE,EN,Federal Contract Tower,0,3,5,0,8,0,0,48,3,51,0,3,53,3,59,62,0,62,121
10/08/2022,BAF,MA,ANE,EN,Federal Contract Tower,0,1,12,0,13,0,3,48,0,51,0,4,60,0,64,82,0,82,146
10/09/2022,BAF,MA,ANE,EN,Federal Contract Tower,0,2,14,0,16,0,2,77,0,79,0,4,91,0,95,112,0,112,207
10/10/2022,BAF,MA,ANE,EN,Federal Contract Tower,0,0,1,11,12,0,2,64,0,66,0,2,65,11,78,66,0,66,144
10/11/2022,BAF,MA,ANE,EN,Federal Contract Tower,0,3,5,10,18,0,2,87,8,97,0,5,92,18,115,126,0,126,241
10/12/2022,BAF,MA,ANE,EN,Federal Contract Tower,0,1,6,11,18,0,0,68,10,78,0,1,74,21,96,80,4,84,180
10/13/2022,BAF,MA,ANE,EN,Federal Contract Tower,0,7,6,11,24,0,0,2,2,4,0,7,8,13,28,16,0,16,44
10/14/2022,BAF,MA,ANE,EN,Federal Contract Tower,0,2,14,2,18,0,0,24,0,24,0,2,38,2,42,124,0,124,166
10/15/2022,BAF,MA,ANE,EN,Federal Contract Tower,0,3,4,0,7,0,0,94,0,94,0,3,98,0,101,74,0,74,175
10/16/2022,BAF,MA,ANE,EN,Federal Contract Tower,0,2,6,0,8,0,1,61,6,68,0,3,67,6,76,112,0,112,188
10/17/2022,BAF,MA,ANE,EN,Federal Contract Tower,0,6,9,2,17,0,0,0,2,2,0,6,9,4,19,0,0,0,19
10/18/2022,BAF,MA,ANE,EN,Federal Contract Tower,0,2,3,14,19,0,1,62,4,67,0,3,65,18,86,88,4,92,178
10/19/2022,BAF,MA,ANE,EN,Federal Contract Tower,0,1,7,13,21,0,2,59,3,64,0,3,66,16,85,78,0,78,163
10/20/2022,BAF,MA,ANE,EN,Federal Contract Tower,0,3,7,4,14,0,0,57,7,64,0,3,64,11,78,70,0,70,148
10/21/2022,BAF,MA,ANE,EN,Federal Contract Tower,0,2,6,2,10,0,0,78,14,92,0,2,84,16,102,120,24,144,246
10/22/2022,BAF,MA,ANE,EN,Federal Contract Tower,0,3,8,0,11,0,0,110,0,110,0,3,118,0,121,154,0,154,275
10/23/2022,BAF,MA,ANE,EN,Federal Contract Tower,0,3,4,0,7,0,0,64,2,66,0,3,68,2,73,130,6,136,209
10/24/2022,BAF,MA,ANE,EN,Federal Contract Tower,0,1,5,2,8,0,0,0,0,0,0,1,5,2,8,0,0,0,8
10/25/2022,BAF,MA,ANE,EN,Federal Contract Tower,0,0,5,2,7,0,0,0,0,0,0,0,5,2,7,0,0,0,7
10/26/2022,BAF,MA,ANE,EN,Federal Contract Tower,0,3,3,12,18,0,0,0,1,1,0,3,3,13,19,0,2,2,21
10/27/2022,BAF,MA,ANE,EN,Federal Contract Tower,0,3,9,8,20,0,5,59,10,74,0,8,68,18,94,104,6,110,204
10/28/2022,BAF,MA,ANE,EN,Federal Contract Tower,1,2,11,5,19,0,0,58,4,62,1,2,69,9,81,128,0,128,209
10/30/2022,BAF,MA,ANE,EN,Federal Contract Tower,0,0,10,0,10,0,6,107,1,114,0,6,117,1,124,158,0,158,282
10/31/2022,BAF,MA,ANE,EN,Federal Contract Tower,0,0,4,1,5,0,6,45,8,59,0,6,49,9,64,72,0,72,136
11/01/2022,BAF,MA,ANE,EN,Federal Contract Tower,0,0,4,14,18,0,0,8,2,10,0,0,12,16,28,40,0,40,68
11/02/2022,BAF,MA,ANE,EN,Federal Contract Tower,0,0,20,8,28,0,0,97,9,106,0,0,117,17,134,144,4,148,282
11/03/2022,BAF,MA,ANE,EN,Federal Contract Tower,0,2,5,0,7,0,4,71,0,75,0,6,76,0,82,104,0,104,186
11/04/2022,BAF,MA,ANE,EN,Federal Contract Tower,0,3,7,9,19,0,1,51,7,59,0,4,58,16,78,102,14,116,194
11/05/2022,BAF,MA,ANE,EN,Federal Contract Tower,0,0,7,8,15,0,0,41,1,42,0,0,48,9,57,46,0,46,103
11/06/2022,BAF,MA,ANE,EN,Federal Contract Tower,0,0,10,7,17,0,4,22,5,31,0,4,32,12,48,32,6,38,86
11/07/2022,BAF,MA,ANE,EN,Federal Contract Tower,0,1,9,0,10,0,0,37,9,46,0,1,46,9,56,28,8,36,92
11/08/2022,BAF,MA,ANE,EN,Federal Contract Tower,0,0,9,18,27,0,0,41,12,53,0,0,50,30,80,30,8,38,118
11/09/2022,BAF,MA,ANE,EN,Federal Contract Tower,0,2,11,13,26,0,0,93,18,111,0,2,104,31,137,96,0,96,233
11/10/2022,BAF,MA,ANE,EN,Federal Contract Tower,1,4,9,9,23,0,0,51,0,51,1,4,60,9,74,46,0,46,120
11/11/2022,BAF,MA,ANE,EN,Federal Contract Tower,1,2,5,1,9,0,0,32,0,32,1,2,37,1,41,48,0,48,89
11/12/2022,BAF,MA,ANE,EN,Federal Contract Tower,0,0,1,0,1,0,2,8,0,10,0,2,9,0,11,6,0,6,17
11/13/2022,BAF,MA,ANE,EN,Federal Contract Tower,0,0,7,1,8,0,0,15,0,15,0,0,22,1,23,82,0,82,105
11/14/2022,BAF,MA,ANE,EN,Federal Contract Tower,0,1,8,1,10,0,1,27,17,45,0,2,35,18,55,46,2,48,103
11/15/2022,BAF,MA,ANE,EN,Federal Contract Tower,0,3,8,15,26,0,2,59,11,72,0,5,67,26,98,76,12,88,186
11/16/2022,BAF,MA,ANE,EN,Federal Contract Tower,0,1,8,9,18,0,0,4,5,9,0,1,12,14,27,20,0,20,47
11/17/2022,BAF,MA,ANE,EN,Federal Contract Tower,0,1,6,15,22,0,0,41,10,51,0,1,47,25,73,32,0,32,105
11/18/2022,BAF,MA,ANE,EN,Federal Contract Tower,1,0,2,6,9,0,0,43,5,48,1,0,45,11,57,70,0,70,127
11/19/2022,BAF,MA,ANE,EN,Federal Contract Tower,2,2,28,0,32,0,2,100,0,102,2,4,128,0,134,96,0,96,230
11/20/2022,BAF,MA,ANE,EN,Federal Contract Tower,0,1,3,0,4,0,0,0,0,0,0,1,3,0,4,0,0,0,4
11/21/2022,BAF,MA,ANE,EN,Federal Contract Tower,0,5,13,12,30,0,2,26,10,38,0,7,39,22,68,86,10,96,164
11/22/2022,BAF,MA,ANE,EN,Federal Contract Tower,0,2,10,12,24,0,2,118,8,128,0,4,128,20,152,122,16,138,290
11/23/2022,BAF,MA,ANE,EN,Federal Contract Tower,0,0,9,0,9,0,4,110,0,114,0,4,119,0,123,140,4,144,267
11/24/2022,BAF,MA,ANE,EN,Federal Contract Tower,0,0,2,0,2,0,4,15,0,19,0,4,17,0,21,12,0,12,33
11/25/2022,BAF,MA,ANE,EN,Federal Contract Tower,0,0,6,0,6,0,0,7,0,7,0,0,13,0,13,38,0,38,51
11/26/2022,BAF,MA,ANE,EN,Federal Contract Tower,0,2,3,0,5,0,2,45,3,50,0,4,48,3,55,68,2,70,125
11/27/2022,BAF,MA,ANE,EN,Federal Contract Tower,0,1,7,0,8,0,0,44,0,44,0,1,51,0,52,66,0,66,118
11/28/2022,BAF,MA,ANE,EN,Federal Contract Tower,0,0,6,3,9,0,4,29,7,40,0,4,35,10,49,34,0,34,83
11/29/2022,BAF,MA,ANE,EN,Federal Contract Tower,0,0,2,6,8,0,2,119,21,142,0,2,121,27,150,166,32,198,348
11/30/2022,BAF,MA,ANE,EN,Federal Contract Tower,0,0,4,8,12,0,0,0,0,0,0,0,4,8,12,0,0,0,12
12/01/2022,BAF,MA,ANE,EN,Federal Contract Tower,0,1,7,14,22,0,2,2,2,6,0,3,9,16,28,0,0,0,28
12/02/2022,BAF,MA,ANE,EN,Federal Contract Tower,0,1,3,2,6,0,1,54,4,59,0,2,57,6,65,162,14,176,241
12/03/2022,BAF,MA,ANE,EN,Federal Contract Tower,0,2,0,3,5,0,0,0,0,0,0,2,0,3,5,0,0,0,5
12/04/2022,BAF,MA,ANE,EN,Federal Contract Tower,0,0,11,0,11,0,0,63,2,65,0,0,74,2,76,132,6,138,214
12/05/2022,BAF,MA,ANE,EN,Federal Contract Tower,0,2,4,5,11,0,2,51,19,72,0,4,55,24,83,62,28,90,173
12/06/2022,BAF,MA,ANE,EN,Federal Contract Tower,0,4,8,9,21,0,0,2,13,15,0,4,10,22,36,34,4,38,74
12/07/2022,BAF,MA,ANE,EN,Federal Contract Tower,0,3,0,0,3,0,0,0,0,0,0,3,0,0,3,0,0,0,3
12/08/2022,BAF,MA,ANE,EN,Federal Contract Tower,0,2,6,13,21,0,3,55,9,67,0,5,61,22,88,52,10,62,150
12/09/2022,BAF,MA,ANE,EN,Federal Contract Tower,0,6,8,0,14,0,2,51,0,53,0,8,59,0,67,62,0,62,129
12/10/2022,BAF,MA,ANE,EN,Federal Contract Tower,0,0,14,0,14,0,1,67,1,69,0,1,81,1,83,58,0,58,141
12/11/2022,BAF,MA,ANE,EN,Federal Contract Tower,0,2,0,0,2,0,0,4,0,4,0,2,4,0,6,6,0,6,12
12/12/2022,BAF,MA,ANE,EN,Federal Contract Tower,0,2,5,1,8,0,0,11,6,17,0,2,16,7,25,34,4,38,63
12/14/2022,BAF,MA,ANE,EN,Federal Contract Tower,0,0,5,17,22,0,2,21,8,31,0,2,26,25,53,4,0,4,57
12/15/2022,BAF,MA,ANE,EN,Federal Contract Tower,0,3,6,10,19,0,0,30,7,37,0,3,36,17,56,48,28,76,132
12/16/2022,BAF,MA,ANE,EN,Federal Contract Tower,0,0,5,0,5,0,0,0,0,0,0,0,5,0,5,0,0,0,5
12/17/2022,BAF,MA,ANE,EN,Federal Contract Tower,0,0,5,0,5,0,0,19,3,22,0,0,24,3,27,34,0,34,61
12/18/2022,BAF,MA,ANE,EN,Federal Contract Tower,0,0,12,0,12,0,3,84,2,89,0,3,96,2,101,166,0,166,267
12/19/2022,BAF,MA,ANE,EN,Federal Contract Tower,0,3,6,0,9,0,4,22,10,36,0,7,28,10,45,30,16,46,91
12/20/2022,BAF,MA,ANE,EN,Federal Contract Tower,0,0,10,15,25,0,4,61,12,77,0,4,71,27,102,60,14,74,176
12/21/2022,BAF,MA,ANE,EN,Federal Contract Tower,0,1,6,13,20,0,2,87,4,93,0,3,93,17,113,154,8,162,275
12/22/2022,BAF,MA,ANE,EN,Federal Contract Tower,0,1,7,7,15,0,1,34,3,38,0,2,41,10,53,50,16,66,119
12/23/2022,BAF,MA,ANE,EN,Federal Contract Tower,0,0,0,0,0,0,0,0,0,0,0,0,0,0,0,0,0,0,0
12/24/2022,BAF,MA,ANE,EN,Federal Contract Tower,0,0,1,0,1,0,0,6,0,6,0,0,7,0,7,2,0,2,9
12/25/2022,BAF,MA,ANE,EN,Federal Contract Tower,0,2,0,0,2,0,2,6,0,8,0,4,6,0,10,2,0,2,12
12/26/2022,BAF,MA,ANE,EN,Federal Contract Tower,0,1,5,0,6,0,2,51,1,54,0,3,56,1,60,80,0,80,140
12/27/2022,BAF,MA,ANE,EN,Federal Contract Tower,0,0,8,0,8,0,0,59,0,59,0,0,67,0,67,62,0,62,129
12/28/2022,BAF,MA,ANE,EN,Federal Contract Tower,0,2,1,0,3,0,2,67,2,71,0,4,68,2,74,120,0,120,194
12/29/2022,BAF,MA,ANE,EN,Federal Contract Tower,0,6,11,1,18,0,0,82,0,82,0,6,93,1,100,90,0,90,190
12/30/2022,BAF,MA,ANE,EN,Federal Contract Tower,0,3,10,0,13,0,5,71,0,76,0,8,81,0,89,162,0,162,251
12/31/2022,BAF,MA,ANE,EN,Federal Contract Tower,0,0,3,0,3,0,0,0,0,0,0,0,3,0,3,0,0,0,3
01/01/2023,BAF,MA,ANE,EN,Federal Contract Tower,0,0,2,0,2,0,2,12,0,14,0,2,14,0,16,4,0,4,20
01/02/2023,BAF,MA,ANE,EN,Federal Contract Tower,0,3,20,1,24,0,2,80,2,84,0,5,100,3,108,122,10,132,240
01/03/2023,BAF,MA,ANE,EN,Federal Contract Tower,0,3,3,5,11,0,0,0,0,0,0,3,3,5,11,0,0,0,11
01/04/2023,BAF,MA,ANE,EN,Federal Contract Tower,0,0,3,15,18,0,0,0,0,0,0,0,3,15,18,0,0,0,18
01/05/2023,BAF,MA,ANE,EN,Federal Contract Tower,0,2,5,11,18,0,0,0,0,0,0,2,5,11,18,0,0,0,18
01/06/2023,BAF,MA,ANE,EN,Federal Contract Tower,0,0,7,0,7,0,0,0,0,0,0,0,7,0,7,0,0,0,7
01/07/2023,BAF,MA,ANE,EN,Federal Contract Tower,0,2,2,10,14,0,0,41,3,44,0,2,43,13,58,76,8,84,142
01/08/2023,BAF,MA,ANE,EN,Federal Contract Tower,0,1,9,0,10,0,0,102,5,107,0,1,111,5,117,58,8,66,183
01/09/2023,BAF,MA,ANE,EN,Federal Contract Tower,0,1,6,0,7,0,2,39,8,49,0,3,45,8,56,86,0,86,142
01/10/2023,BAF,MA,ANE,EN,Federal Contract Tower,0,1,8,8,17,0,0,53,12,65,0,1,61,20,82,58,48,106,188
01/11/2023,BAF,MA,ANE,EN,Federal Contract Tower,0,0,5,12,17,0,1,104,15,120,0,1,109,27,137,130,38,168,305
01/12/2023,BAF,MA,ANE,EN,Federal Contract Tower,0,0,5,2,7,0,0,0,0,0,0,0,5,2,7,0,0,0,7
01/13/2023,BAF,MA,ANE,EN,Federal Contract Tower,0,3,12,0,15,0,0,0,0,0,0,3,12,0,15,0,0,0,15
01/14/2023,BAF,MA,ANE,EN,Federal Contract Tower,0,2,2,0,4,0,0,25,0,25,0,2,27,0,29,100,0,100,129
01/15/2023,BAF,MA,ANE,EN,Federal Contract Tower,0,4,3,0,7,0,2,17,0,19,0,6,20,0,26,26,0,26,52
01/16/2023,BAF,MA,ANE,EN,Federal Contract Tower,0,3,9,0,12,0,2,32,0,34,0,5,41,0,46,38,0,38,84
01/17/2023,BAF,MA,ANE,EN,Federal Contract Tower,0,0,7,8,15,0,2,65,12,79,0,2,72,20,94,76,20,96,190
01/18/2023,BAF,MA,ANE,EN,Federal Contract Tower,0,2,11,14,27,0,0,26,11,37,0,2,37,25,64,10,26,36,100
01/19/2023,BAF,MA,ANE,EN,Federal Contract Tower,0,1,3,6,10,0,0,17,6,23,0,1,20,12,33,16,16,32,65
01/20/2023,BAF,MA,ANE,EN,Federal Contract Tower,0,2,2,6,10,0,0,0,0,0,0,2,2,6,10,0,0,0,10
01/21/2023,BAF,MA,ANE,EN,Federal Contract Tower,0,0,4,5,9,0,0,43,5,48,0,0,47,10,57,158,4,162,219
01/22/2023,BAF,MA,ANE,EN,Federal Contract Tower,0,1,8,0,9,0,0,37,3,40,0,1,45,3,49,148,6,154,203
01/23/2023,BAF,MA,ANE,EN,Federal Contract Tower,0,0,3,0,3,0,0,0,0,0,0,0,3,0,3,0,0,0,3
01/24/2023,BAF,MA,ANE,EN,Federal Contract Tower,0,1,12,12,25,0,2,31,28,61,0,3,43,40,86,10,30,40,126
01/25/2023,BAF,MA,ANE,EN,Federal Contract Tower,0,3,3,8,14,0,0,12,5,17,0,3,15,13,31,36,4,40,71
01/26/2023,BAF,MA,ANE,EN,Federal Contract Tower,0,2,6,11,19,0,2,4,6,12,0,4,10,17,31,4,38,42,73
01/27/2023,BAF,MA,ANE,EN,Federal Contract Tower,0,4,7,5,16,0,4,56,19,79,0,8,63,24,95,54,16,70,165
01/28/2023,BAF,MA,ANE,EN,Federal Contract Tower,0,3,11,0,14,0,1,70,0,71,0,4,81,0,85,110,0,110,195
01/29/2023,BAF,MA,ANE,EN,Federal Contract Tower,0,3,7,0,10,0,2,103,16,121,0,5,110,16,131,174,0,174,305
01/30/2023,BAF,MA,ANE,EN,Federal Contract Tower,0,1,6,0,7,0,2,36,2,40,0,3,42,2,47,48,0,48,95
01/31/2023,BAF,MA,ANE,EN,Federal Contract Tower,1,0,10,10,21,0,2,46,3,51,1,2,56,13,72,84,4,88,160
02/01/2023,BAF,MA,ANE,EN,Federal Contract Tower,0,1,7,1,9,0,2,72,2,76,0,3,79,3,85,124,8,132,217
02/02/2023,BAF,MA,ANE,EN,Federal Contract Tower,1,5,8,8,22,0,1,54,1,56,1,6,62,9,78,92,28,120,198
02/03/2023,BAF,MA,ANE,EN,Federal Contract Tower,0,0,2,3,5,0,0,0,0,0,0,0,2,3,5,0,0,0,5
02/04/2023,BAF,MA,ANE,EN,Federal Contract Tower,0,0,4,4,8,0,0,9,1,10,0,0,13,5,18,0,0,0,18
02/05/2023,BAF,MA,ANE,EN,Federal Contract Tower,0,0,7,2,9,0,0,2,53,55,0,0,9,55,64,118,0,118,182
02/06/2023,BAF,MA,ANE,EN,Federal Contract Tower,0,9,9,4,22,0,2,32,6,40,0,11,41,10,62,34,0,34,96
02/07/2023,BAF,MA,ANE,EN,Federal Contract Tower,0,2,3,7,12,0,0,50,11,61,0,2,53,18,73,58,14,72,145
02/08/2023,BAF,MA,ANE,EN,Federal Contract Tower,1,2,8,3,14,0,4,23,2,29,1,6,31,5,43,26,6,32,75
02/09/2023,BAF,MA,ANE,EN,Federal Contract Tower,0,3,7,3,13,0,2,27,4,33,0,5,34,7,46,24,8,32,78
02/10/2023,BAF,MA,ANE,EN,Federal Contract Tower,0,3,3,1,7,0,2,10,3,15,0,5,13,4,22,4,0,4,26
02/11/2023,BAF,MA,ANE,EN,Federal Contract Tower,0,2,8,0,10,0,3,40,4,47,0,5,48,4,57,58,4,62,119
02/12/2023,BAF,MA,ANE,EN,Federal Contract Tower,0,3,16,0,19,0,6,111,5,122,0,9,127,5,141,138,0,138,279
02/13/2023,BAF,MA,ANE,EN,Federal Contract Tower,0,4,15,0,19,0,2,46,0,48,0,6,61,0,67,94,0,94,161
02/14/2023,BAF,MA,ANE,EN,Federal Contract Tower,0,0,5,2,7,0,0,37,0,37,0,0,42,2,44,38,0,38,82
02/15/2023,BAF,MA,ANE,EN,Federal Contract Tower,0,0,4,9,13,0,3,14,8,25,0,3,18,17,38,0,30,30,68
02/16/2023,BAF,MA,ANE,EN,Federal Contract Tower,0,0,8,4,12,0,0,50,3,53,0,0,58,7,65,106,30,136,201
02/17/2023,BAF,MA,ANE,EN,Federal Contract Tower,0,3,6,3,12,0,0,0,2,2,0,3,6,5,14,0,0,0,14
02/18/2023,BAF,MA,ANE,EN,Federal Contract Tower,0,2,7,0,9,0,1,71,2,74,0,3,78,2,83,102,0,102,185
02/19/2023,BAF,MA,ANE,EN,Federal Contract Tower,0,0,10,0,10,0,0,92,2,94,0,0,102,2,104,116,0,116,220
02/20/2023,BAF,MA,ANE,EN,Federal Contract Tower,0,4,14,0,18,0,0,46,8,54,0,4,60,8,72,78,6,84,156
02/21/2023,BAF,MA,ANE,EN,Federal Contract Tower,1,1,3,5,10,0,0,0,0,0,1,1,3,5,10,0,0,0,10
02/22/2023,BAF,MA,ANE,EN,Federal Contract Tower,0,2,15,7,24,0,2,49,3,54,0,4,64,10,78,68,22,90,168
02/23/2023,BAF,MA,ANE,EN,Federal Contract Tower,1,2,2,6,11,0,0,0,0,0,1,2,2,6,11,0,0,0,11
02/24/2023,BAF,MA,ANE,EN,Federal Contract Tower,0,2,6,0,8,0,0,2,0,2,0,2,8,0,10,0,0,0,10
02/25/2023,BAF,MA,ANE,EN,Federal Contract Tower,0,7,1,0,8,0,0,7,0,7,0,7,8,0,15,12,0,12,27
02/26/2023,BAF,MA,ANE,EN,Federal Contract Tower,0,0,3,0,3,0,0,11,0,11,0,0,14,0,14,48,0,48,62
02/27/2023,BAF,MA,ANE,EN,Federal Contract Tower,0,3,5,0,8,0,3,46,6,55,0,6,51,6,63,88,12,100,163
02/28/2023,BAF,MA,ANE,EN,Federal Contract Tower,0,0,1,0,1,0,0,0,0,0,0,0,1,0,1,0,0,0,1
03/01/2023,BAF,MA,ANE,EN,Federal Contract Tower,0,3,3,11,17,0,2,31,5,38,0,5,34,16,55,50,0,50,105
03/02/2023,BAF,MA,ANE,EN,Federal Contract Tower,0,3,4,10,17,0,0,2,0,2,0,3,6,10,19,12,0,12,31
03/03/2023,BAF,MA,ANE,EN,Federal Contract Tower,0,4,2,8,14,0,0,52,3,55,0,4,54,11,69,130,18,148,217
03/04/2023,BAF,MA,ANE,EN,Federal Contract Tower,0,0,3,0,3,0,0,0,0,0,0,0,3,0,3,0,0,0,3
03/05/2023,BAF,MA,ANE,EN,Federal Contract Tower,0,3,19,0,22,0,0,56,0,56,0,3,75,0,78,138,0,138,216
03/06/2023,BAF,MA,ANE,EN,Federal Contract Tower,0,2,4,0,6,0,4,23,0,27,0,6,27,0,33,28,0,28,61
03/07/2023,BAF,MA,ANE,EN,Federal Contract Tower,0,1,0,14,15,0,2,13,4,19,0,3,13,18,34,8,10,18,52
03/08/2023,BAF,MA,ANE,EN,Federal Contract Tower,0,2,3,17,22,0,1,13,1,15,0,3,16,18,37,8,14,22,59
03/09/2023,BAF,MA,ANE,EN,Federal Contract Tower,0,0,9,11,20,0,0,52,10,62,0,0,61,21,82,94,12,106,188
03/10/2023,BAF,MA,ANE,EN,Federal Contract Tower,0,1,4,6,11,0,0,62,8,70,0,1,66,14,81,122,0,122,203
03/11/2023,BAF,MA,ANE,EN,Federal Contract Tower,0,0,1,0,1,0,7,7,0,14,0,7,8,0,15,79,0,79,94
03/12/2023,BAF,MA,ANE,EN,Federal Contract Tower,0,2,18,0,20,0,4,145,18,167,0,6,163,18,187,148,0,148,335
03/13/2023,BAF,MA,ANE,EN,Federal Contract Tower,0,2,2,0,4,0,0,2,0,2,0,2,4,0,6,20,0,20,26
03/16/2023,BAF,MA,ANE,EN,Federal Contract Tower,0,5,17,15,37,0,0,48,6,54,0,5,65,21,91,78,0,78,169
03/17/2023,BAF,MA,ANE,EN,Federal Contract Tower,0,2,9,5,16,0,0,48,2,50,0,2,57,7,66,120,6,126,192
03/18/2023,BAF,MA,ANE,EN,Federal Contract Tower,0,0,8,0,8,0,1,62,0,63,0,1,70,0,71,82,0,82,153
03/19/2023,BAF,MA,ANE,EN,Federal Contract Tower,0,3,3,0,6,0,0,6,0,6,0,3,9,0,12,6,0,6,18
03/20/2023,BAF,MA,ANE,EN,Federal Contract Tower,0,7,10,2,19,0,5,46,4,55,0,12,56,6,74,76,0,76,150
03/21/2023,BAF,MA,ANE,EN,Federal Contract Tower,0,4,9,10,23,0,4,71,0,75,0,8,80,10,98,84,0,84,182
03/22/2023,BAF,MA,ANE,EN,Federal Contract Tower,0,4,3,9,16,0,7,100,0,107,0,11,103,9,123,150,6,156,279
03/23/2023,BAF,MA,ANE,EN,Federal Contract Tower,0,2,2,12,16,0,0,5,0,5,0,2,7,12,21,42,0,42,63
03/24/2023,BAF,MA,ANE,EN,Federal Contract Tower,0,1,3,2,6,0,1,72,3,76,0,2,75,5,82,106,2,108,190
03/25/2023,BAF,MA,ANE,EN,Federal Contract Tower,0,0,2,0,2,0,0,8,0,8,0,0,10,0,10,8,0,8,18
03/26/2023,BAF,MA,ANE,EN,Federal Contract Tower,0,1,4,0,5,0,0,19,0,19,0,1,23,0,24,6,0,6,30
03/27/2023,BAF,MA,ANE,EN,Federal Contract Tower,0,0,12,0,12,0,4,56,2,62,0,4,68,2,74,66,0,66,140
03/28/2023,BAF,MA,ANE,EN,Federal Contract Tower,0,2,4,12,18,0,2,44,2,48,0,4,48,14,66,6,90,96,162
03/29/2023,BAF,MA,ANE,EN,Federal Contract Tower,0,15,11,0,26,0,0,116,2,118,0,15,127,2,144,146,8,154,298
03/30/2023,BAF,MA,ANE,EN,Federal Contract Tower,0,2,3,11,16,0,5,29,0,34,0,7,32,11,50,32,2,34,84
03/31/2023,BAF,MA,ANE,EN,Federal Contract Tower,0,2,2,4,8,0,0,45,7,52,0,2,47,11,60,72,16,88,148
04/01/2023,BAF,MA,ANE,EN,Federal Contract Tower,0,0,15,0,15,0,0,5,0,5,0,0,20,0,20,24,0,24,44
04/02/2023,BAF,MA,ANE,EN,Federal Contract Tower,0,0,2,0,2,0,1,34,1,36,0,1,36,1,38,28,0,28,66
04/03/2023,BAF,MA,ANE,EN,Federal Contract Tower,0,1,8,0,9,0,2,40,2,44,0,3,48,2,53,36,0,36,89
04/04/2023,BAF,MA,ANE,EN,Federal Contract Tower,0,2,9,9,20,0,0,121,0,121,0,2,130,9,141,168,4,172,313
04/05/2023,BAF,MA,ANE,EN,Federal Contract Tower,0,0,4,14,18,0,0,8,3,11,0,0,12,17,29,32,12,44,73
04/06/2023,BAF,MA,ANE,EN,Federal Contract Tower,0,7,9,4,20,0,0,28,0,28,0,7,37,4,48,44,0,44,92
04/07/2023,BAF,MA,ANE,EN,Federal Contract Tower,0,2,5,4,11,0,0,6,2,8,0,2,11,6,19,0,8,8,27
04/08/2023,BAF,MA,ANE,EN,Federal Contract Tower,0,4,6,2,12,0,3,116,1,120,0,7,122,3,132,132,0,132,264
04/09/2023,BAF,MA,ANE,EN,Federal Contract Tower,0,1,7,0,8,0,6,66,2,74,0,7,73,2,82,100,2,102,184
04/10/2023,BAF,MA,ANE,EN,Federal Contract Tower,0,2,6,0,8,0,0,67,5,72,0,2,73,5,80,134,4,138,218
04/11/2023,BAF,MA,ANE,EN,Federal Contract Tower,0,1,4,10,15,0,0,46,3,49,0,1,50,13,64,60,6,66,130
04/12/2023,BAF,MA,ANE,EN,Federal Contract Tower,0,3,6,8,17,0,18,3,0,21,0,21,9,8,38,0,24,24,62
04/13/2023,BAF,MA,ANE,EN,Federal Contract Tower,0,2,6,8,16,0,2,51,1,54,0,4,57,9,70,68,14,82,152
04/14/2023,BAF,MA,ANE,EN,Federal Contract Tower,0,1,7,4,12,0,2,98,8,108,0,3,105,12,120,110,14,124,244
04/15/2023,BAF,MA,ANE,EN,Federal Contract Tower,0,0,12,1,13,0,0,56,0,56,0,0,68,1,69,116,0,116,185
04/16/2023,BAF,MA,ANE,EN,Federal Contract Tower,0,0,37,0,37,0,2,13,0,15,0,2,50,0,52,50,0,50,102
04/17/2023,BAF,MA,ANE,EN,Federal Contract Tower,0,3,10,0,13,0,0,3,6,9,0,3,13,6,22,6,10,16,38
04/18/2023,BAF,MA,ANE,EN,Federal Contract Tower,0,4,9,0,13,0,2,39,1,42,0,6,48,1,55,62,0,62,117
04/19/2023,BAF,MA,ANE,EN,Federal Contract Tower,0,0,2,4,6,0,2,27,10,39,0,2,29,14,45,12,12,24,69
04/20/2023,BAF,MA,ANE,EN,Federal Contract Tower,0,5,3,6,14,0,2,82,4,88,0,7,85,10,102,138,4,142,244
04/21/2023,BAF,MA,ANE,EN,Federal Contract Tower,0,1,9,2,12,0,3,74,0,77,0,4,83,2,89,86,0,86,175
04/22/2023,BAF,MA,ANE,EN,Federal Contract Tower,0,4,7,4,15,0,0,3,0,3,0,4,10,4,18,56,0,56,74
04/23/2023,BAF,MA,ANE,EN,Federal Contract Tower,0,0,6,2,8,0,0,0,0,0,0,0,6,2,8,0,0,0,8
04/24/2023,BAF,MA,ANE,EN,Federal Contract Tower,0,9,33,2,44,0,2,40,4,46,0,11,73,6,90,134,5,139,229
04/25/2023,BAF,MA,ANE,EN,Federal Contract Tower,0,3,23,3,29,0,8,82,1,91,0,11,105,4,120,124,0,124,244
04/26/2023,BAF,MA,ANE,EN,Federal Contract Tower,0,1,12,7,20,0,0,107,12,119,0,1,119,19,139,154,32,186,325
04/27/2023,BAF,MA,ANE,EN,Federal Contract Tower,0,5,18,7,30,0,2,18,18,38,0,7,36,25,68,68,0,68,136
04/28/2023,BAF,MA,ANE,EN,Federal Contract Tower,0,1,18,7,26,0,0,40,3,43,0,1,58,10,69,102,4,106,175
04/29/2023,BAF,MA,ANE,EN,Federal Contract Tower,0,0,5,0,5,0,0,5,0,5,0,0,10,0,10,6,0,6,16
04/30/2023,BAF,MA,ANE,EN,Federal Contract Tower,0,7,4,0,11,0,0,0,0,0,0,7,4,0,11,0,0,0,11
05/01/2023,BAF,MA,ANE,EN,Federal Contract Tower,0,2,3,2,7,0,4,4,2,10,0,6,7,4,17,2,14,16,33
05/02/2023,BAF,MA,ANE,EN,Federal Contract Tower,0,1,4,12,17,0,0,4,0,4,0,1,8,12,21,0,0,0,21
05/03/2023,BAF,MA,ANE,EN,Federal Contract Tower,0,1,7,11,19,0,0,31,0,31,0,1,38,11,50,72,18,90,140
05/04/2023,BAF,MA,ANE,EN,Federal Contract Tower,0,2,3,6,11,0,0,24,0,24,0,2,27,6,35,44,0,44,79
05/05/2023,BAF,MA,ANE,EN,Federal Contract Tower,0,0,8,8,16,0,3,67,0,70,0,3,75,8,86,96,14,110,196
05/06/2023,BAF,MA,ANE,EN,Federal Contract Tower,0,1,3,0,4,0,3,103,6,112,0,4,106,6,116,100,4,104,220
05/07/2023,BAF,MA,ANE,EN,Federal Contract Tower,0,0,13,0,13,0,0,75,0,75,0,0,88,0,88,112,0,112,200
05/08/2023,BAF,MA,ANE,EN,Federal Contract Tower,0,0,6,1,7,0,4,36,0,40,0,4,42,1,47,26,2,28,75
05/09/2023,BAF,MA,ANE,EN,Federal Contract Tower,0,1,6,2,9,0,5,90,1,96,0,6,96,3,105,126,4,130,235
05/10/2023,BAF,MA,ANE,EN,Federal Contract Tower,0,0,6,2,8,0,0,78,3,81,0,0,84,5,89,162,0,162,251
05/11/2023,BAF,MA,ANE,EN,Federal Contract Tower,0,5,3,5,13,0,3,29,6,38,0,8,32,11,51,0,0,0,51
05/12/2023,BAF,MA,ANE,EN,Federal Contract Tower,0,2,1,1,4,0,0,14,4,18,0,2,15,5,22,0,10,10,32
05/13/2023,BAF,MA,ANE,EN,Federal Contract Tower,0,0,1,0,1,0,0,31,4,35,0,0,32,4,36,10,4,14,50
05/14/2023,BAF,MA,ANE,EN,Federal Contract Tower,0,0,0,1,1,0,1,41,5,47,0,1,41,6,48,0,20,20,68
05/15/2023,BAF,MA,ANE,EN,Federal Contract Tower,0,0,7,10,17,0,4,21,5,30,0,4,28,15,47,0,0,0,47
05/16/2023,BAF,MA,ANE,EN,Federal Contract Tower,0,5,5,0,10,0,0,60,1,61,0,5,65,1,71,0,0,0,71
05/17/2023,BAF,MA,ANE,EN,Federal Contract Tower,0,3,7,4,14,0,3,10,3,16,0,6,17,7,30,12,0,12,42
05/18/2023,BAF,MA,ANE,EN,Federal Contract Tower,0,1,14,4,19,0,1,76,2,79,0,2,90,6,98,84,12,96,194
05/19/2023,BAF,MA,ANE,EN,Federal Contract Tower,0,4,15,6,25,0,1,57,4,62,0,5,72,10,87,80,2,82,169
05/20/2023,BAF,MA,ANE,EN,Federal Contract Tower,0,1,8,0,9,0,0,0,0,0,0,1,8,0,9,0,0,0,9
05/21/2023,BAF,MA,ANE,EN,Federal Contract Tower,0,5,7,0,12,0,0,43,1,44,0,5,50,1,56,70,0,70,126
05/22/2023,BAF,MA,ANE,EN,Federal Contract Tower,0,2,14,0,16,0,5,65,2,72,0,7,79,2,88,70,2,72,160
05/23/2023,BAF,MA,ANE,EN,Federal Contract Tower,0,7,14,4,25,0,3,84,0,87,0,10,98,4,112,164,10,174,286
05/24/2023,BAF,MA,ANE,EN,Federal Contract Tower,0,4,8,14,26,0,2,80,0,82,0,6,88,14,108,62,8,70,178
05/25/2023,BAF,MA,ANE,EN,Federal Contract Tower,0,7,10,6,23,0,3,62,0,65,0,10,72,6,88,90,0,90,178
05/26/2023,BAF,MA,ANE,EN,Federal Contract Tower,0,2,6,1,9,0,1,65,2,68,0,3,71,3,77,114,0,114,191
05/27/2023,BAF,MA,ANE,EN,Federal Contract Tower,0,5,5,2,12,0,2,78,0,80,0,7,83,2,92,100,0,100,192
05/28/2023,BAF,MA,ANE,EN,Federal Contract Tower,0,4,2,0,6,0,6,69,17,92,0,10,71,17,98,74,0,74,172
05/29/2023,BAF,MA,ANE,EN,Federal Contract Tower,0,7,1,0,8,0,6,48,0,54,0,13,49,0,62,50,0,50,112
05/30/2023,BAF,MA,ANE,EN,Federal Contract Tower,0,1,10,0,11,0,2,81,0,83,0,3,91,0,94,148,0,148,242
05/31/2023,BAF,MA,ANE,EN,Federal Contract Tower,0,5,6,3,14,0,3,87,5,95,0,8,93,8,109,146,0,146,255
06/01/2023,BAF,MA,ANE,EN,Federal Contract Tower,0,2,7,7,16,0,3,69,0,72,0,5,76,7,88,120,0,120,208
06/02/2023,BAF,MA,ANE,EN,Federal Contract Tower,0,3,8,4,15,0,0,52,8,60,0,3,60,12,75,86,22,108,183
06/03/2023,BAF,MA,ANE,EN,Federal Contract Tower,0,1,13,6,20,0,0,8,0,8,0,1,21,6,28,46,0,46,74
06/04/2023,BAF,MA,ANE,EN,Federal Contract Tower,0,0,12,2,14,0,0,31,3,34,0,0,43,5,48,66,28,94,142
06/05/2023,BAF,MA,ANE,EN,Federal Contract Tower,0,1,6,6,13,0,0,48,4,52,0,1,54,10,65,124,0,124,189
06/06/2023,BAF,MA,ANE,EN,Federal Contract Tower,0,0,3,4,7,0,0,27,1,28,0,0,30,5,35,78,2,80,115
06/07/2023,BAF,MA,ANE,EN,Federal Contract Tower,0,0,11,1,12,0,0,24,1,25,0,0,35,2,37,92,50,142,179
06/08/2023,BAF,MA,ANE,EN,Federal Contract Tower,0,4,5,2,11,0,0,18,2,20,0,4,23,4,31,88,0,88,119
06/09/2023,BAF,MA,ANE,EN,Federal Contract Tower,0,1,7,1,9,0,0,32,0,32,0,1,39,1,41,100,0,100,141
06/10/2023,BAF,MA,ANE,EN,Federal Contract Tower,0,3,19,3,25,0,0,85,2,87,0,3,104,5,112,90,0,90,202
06/11/2023,BAF,MA,ANE,EN,Federal Contract Tower,0,5,14,4,23,0,6,153,21,180,0,11,167,25,203,128,0,128,331
06/12/2023,BAF,MA,ANE,EN,Federal Contract Tower,0,4,19,2,25,0,2,36,6,44,0,6,55,8,69,92,6,98,167
06/13/2023,BAF,MA,ANE,EN,Federal Contract Tower,0,3,10,4,17,0,2,63,4,69,0,5,73,8,86,122,0,122,208
06/14/2023,BAF,MA,ANE,EN,Federal Contract Tower,0,2,11,4,17,0,0,32,0,32,0,2,43,4,49,74,0,74,123
06/15/2023,BAF,MA,ANE,EN,Federal Contract Tower,0,1,15,2,18,0,2,64,4,70,0,3,79,6,88,146,4,150,238
06/16/2023,BAF,MA,ANE,EN,Federal Contract Tower,0,3,3,0,6,0,1,27,0,28,0,4,30,0,34,60,30,90,124
06/17/2023,BAF,MA,ANE,EN,Federal Contract Tower,0,0,5,0,5,0,0,23,0,23,0,0,28,0,28,68,0,68,96
06/18/2023,BAF,MA,ANE,EN,Federal Contract Tower,0,5,6,0,11,0,2,33,0,35,0,7,39,0,46,56,0,56,102
06/19/2023,BAF,MA,ANE,EN,Federal Contract Tower,0,1,13,0,14,0,5,62,0,67,0,6,75,0,81,114,0,114,195
06/20/2023,BAF,MA,ANE,EN,Federal Contract Tower,0,2,2,9,13,0,2,77,6,85,0,4,79,15,98,244,0,244,342
06/21/2023,BAF,MA,ANE,EN,Federal Contract Tower,0,2,5,1,8,0,3,107,5,115,0,5,112,6,123,188,4,192,315
06/22/2023,BAF,MA,ANE,EN,Federal Contract Tower,0,0,3,5,8,0,5,120,9,134,0,5,123,14,142,128,16,144,286
06/23/2023,BAF,MA,ANE,EN,Federal Contract Tower,0,1,17,0,18,0,0,53,0,53,0,1,70,0,71,112,0,112,183
06/24/2023,BAF,MA,ANE,EN,Federal Contract Tower,0,0,4,9,13,0,0,0,0,0,0,0,4,9,13,0,0,0,13
06/25/2023,BAF,MA,ANE,EN,Federal Contract Tower,0,1,7,4,12,0,2,20,0,22,0,3,27,4,34,56,4,60,94
06/26/2023,BAF,MA,ANE,EN,Federal Contract Tower,0,1,6,5,12,0,0,2,0,2,0,1,8,5,14,12,6,18,32
06/27/2023,BAF,MA,ANE,EN,Federal Contract Tower,0,3,9,6,18,0,2,32,2,36,0,5,41,8,54,88,20,108,162
06/28/2023,BAF,MA,ANE,EN,Federal Contract Tower,0,4,11,2,17,0,0,4,0,4,0,4,15,2,21,6,0,6,27
06/29/2023,BAF,MA,ANE,EN,Federal Contract Tower,0,0,19,2,21,0,1,77,4,82,0,1,96,6,103,118,16,134,237
06/30/2023,BAF,MA,ANE,EN,Federal Contract Tower,0,3,22,3,28,0,0,47,1,48,0,3,69,4,76,78,0,78,154
07/01/2023,BAF,MA,ANE,EN,Federal Contract Tower,0,0,29,0,29,0,0,18,0,18,0,0,47,0,47,100,0,100,147
07/02/2023,BAF,MA,ANE,EN,Federal Contract Tower,0,5,3,0,8,0,0,0,0,0,0,5,3,0,8,0,0,0,8
07/03/2023,BAF,MA,ANE,EN,Federal Contract Tower,0,2,22,0,24,0,2,18,0,20,0,4,40,0,44,46,0,46,90
07/04/2023,BAF,MA,ANE,EN,Federal Contract Tower,0,0,4,0,4,0,0,2,0,2,0,0,6,0,6,0,0,0,6
07/05/2023,BAF,MA,ANE,EN,Federal Contract Tower,0,1,20,5,26,0,7,113,10,130,0,8,133,15,156,152,10,162,318
07/06/2023,BAF,MA,ANE,EN,Federal Contract Tower,0,3,4,6,13,0,4,75,4,83,0,7,79,10,96,116,2,118,214
07/07/2023,BAF,MA,ANE,EN,Federal Contract Tower,0,0,13,5,18,0,0,67,0,67,0,0,80,5,85,100,6,106,191
07/08/2023,BAF,MA,ANE,EN,Federal Contract Tower,0,0,12,2,14,0,0,59,1,60,0,0,71,3,74,106,0,106,180
07/09/2023,BAF,MA,ANE,EN,Federal Contract Tower,0,2,8,0,10,0,1,8,0,9,0,3,16,0,19,26,0,26,45
07/10/2023,BAF,MA,ANE,EN,Federal Contract Tower,0,0,12,0,12,0,2,11,0,13,0,2,23,0,25,50,0,50,75
07/11/2023,BAF,MA,ANE,EN,Federal Contract Tower,0,0,13,7,20,0,3,86,6,95,0,3,99,13,115,120,0,120,235
07/12/2023,BAF,MA,ANE,EN,Federal Contract Tower,0,1,11,5,17,0,4,85,7,96,0,5,96,12,113,90,12,102,215
07/13/2023,BAF,MA,ANE,EN,Federal Contract Tower,0,0,2,6,8,0,0,52,0,52,0,0,54,6,60,102,12,114,174
07/14/2023,BAF,MA,ANE,EN,Federal Contract Tower,0,2,7,3,12,0,0,11,0,11,0,2,18,3,23,50,2,52,75
07/15/2023,BAF,MA,ANE,EN,Federal Contract Tower,0,5,11,0,16,0,2,42,1,45,0,7,53,1,61,98,0,98,159
07/16/2023,BAF,MA,ANE,EN,Federal Contract Tower,0,2,3,0,5,0,0,0,0,0,0,2,3,0,5,0,0,0,5
07/17/2023,BAF,MA,ANE,EN,Federal Contract Tower,0,4,17,0,21,0,2,63,0,65,0,6,80,0,86,122,0,122,208
07/18/2023,BAF,MA,ANE,EN,Federal Contract Tower,0,2,9,6,17,0,2,11,0,13,0,4,20,6,30,36,0,36,66
07/19/2023,BAF,MA,ANE,EN,Federal Contract Tower,0,0,11,5,16,0,2,75,4,81,0,2,86,9,97,108,0,108,205
07/20/2023,BAF,MA,ANE,EN,Federal Contract Tower,0,0,7,9,16,0,4,83,8,95,0,4,90,17,111,156,10,166,277
07/21/2023,BAF,MA,ANE,EN,Federal Contract Tower,0,1,12,6,19,0,0,3,2,5,0,1,15,8,24,20,0,20,44
07/22/2023,BAF,MA,ANE,EN,Federal Contract Tower,0,2,8,2,12,0,0,70,7,77,0,2,78,9,89,68,8,76,165
07/23/2023,BAF,MA,ANE,EN,Federal Contract Tower,0,0,4,0,4,0,2,75,2,79,0,2,79,2,83,138,0,138,221
07/24/2023,BAF,MA,ANE,EN,Federal Contract Tower,0,1,10,1,12,0,2,41,4,47,0,3,51,5,59,46,14,60,119
07/25/2023,BAF,MA,ANE,EN,Federal Contract Tower,0,3,12,9,24,0,0,37,2,39,0,3,49,11,63,68,4,72,135
07/26/2023,BAF,MA,ANE,EN,Federal Contract Tower,0,1,6,11,18,0,4,81,4,89,0,5,87,15,107,144,18,162,269
07/27/2023,BAF,MA,ANE,EN,Federal Contract Tower,0,4,9,4,17,0,0,43,4,47,0,4,52,8,64,76,6,82,146
07/28/2023,BAF,MA,ANE,EN,Federal Contract Tower,0,1,6,2,9,0,1,82,5,88,0,2,88,7,97,138,0,138,235
07/29/2023,BAF,MA,ANE,EN,Federal Contract Tower,0,0,10,0,10,0,0,49,0,49,0,0,59,0,59,74,0,74,133
07/30/2023,BAF,MA,ANE,EN,Federal Contract Tower,0,1,11,0,12,0,5,92,1,98,0,6,103,1,110,136,0,136,246
07/31/2023,BAF,MA,ANE,EN,Federal Contract Tower,0,0,4,1,5,0,6,62,2,70,0,6,66,3,75,56,0,56,131
08/01/2023,BAF,MA,ANE,EN,Federal Contract Tower,0,1,7,4,12,0,0,61,5,66,0,1,68,9,78,96,12,108,186
08/02/2023,BAF,MA,ANE,EN,Federal Contract Tower,0,0,6,2,8,0,0,88,4,92,0,0,94,6,100,170,2,172,272
08/03/2023,BAF,MA,ANE,EN,Federal Contract Tower,0,0,3,5,8,0,3,48,7,58,0,3,51,12,66,58,6,64,130
08/04/2023,BAF,MA,ANE,EN,Federal Contract Tower,0,1,8,8,17,0,1,38,1,40,0,2,46,9,57,104,0,104,161
08/06/2023,BAF,MA,ANE,EN,Federal Contract Tower,0,0,12,0,12,0,0,63,0,63,0,0,75,0,75,78,0,78,153
08/07/2023,BAF,MA,ANE,EN,Federal Contract Tower,0,1,6,4,11,0,0,0,0,0,0,1,6,4,11,0,0,0,11
08/08/2023,BAF,MA,ANE,EN,Federal Contract Tower,0,1,13,13,27,0,0,35,9,44,0,1,48,22,71,82,36,118,189
08/09/2023,BAF,MA,ANE,EN,Federal Contract Tower,0,1,4,7,12,0,4,27,1,32,0,5,31,8,44,30,0,30,74
08/10/2023,BAF,MA,ANE,EN,Federal Contract Tower,0,0,6,8,14,0,2,60,0,62,0,2,66,8,76,168,0,168,244
08/11/2023,BAF,MA,ANE,EN,Federal Contract Tower,0,2,8,6,16,0,4,73,7,84,0,6,81,13,100,144,0,144,244
08/12/2023,BAF,MA,ANE,EN,Federal Contract Tower,0,1,12,0,13,0,0,54,0,54,0,1,66,0,67,90,0,90,157
08/13/2023,BAF,MA,ANE,EN,Federal Contract Tower,0,2,16,0,18,0,0,34,0,34,0,2,50,0,52,72,0,72,124
08/14/2023,BAF,MA,ANE,EN,Federal Contract Tower,0,3,10,1,14,0,8,72,2,82,0,11,82,3,96,122,0,122,218
08/15/2023,BAF,MA,ANE,EN,Federal Contract Tower,0,2,5,11,18,0,0,0,0,0,0,2,5,11,18,0,0,0,18
08/16/2023,BAF,MA,ANE,EN,Federal Contract Tower,0,1,7,10,18,0,2,17,2,21,0,3,24,12,39,40,10,50,89
08/17/2023,BAF,MA,ANE,EN,Federal Contract Tower,0,4,14,3,21,0,0,25,0,25,0,4,39,3,46,88,0,88,134
08/18/2023,BAF,MA,ANE,EN,Federal Contract Tower,0,3,7,1,11,0,0,31,0,31,0,3,38,1,42,34,0,34,76
08/19/2023,BAF,MA,ANE,EN,Federal Contract Tower,0,0,10,0,10,0,0,48,0,48,0,0,58,0,58,48,0,48,106
08/20/2023,BAF,MA,ANE,EN,Federal Contract Tower,0,3,6,0,9,0,11,96,4,111,0,14,102,4,120,162,0,162,282
08/21/2023,BAF,MA,ANE,EN,Federal Contract Tower,0,4,10,0,14,0,5,66,2,73,0,9,76,2,87,146,0,146,233
08/22/2023,BAF,MA,ANE,EN,Federal Contract Tower,0,1,4,11,16,0,2,77,9,88,0,3,81,20,104,118,8,126,230
08/23/2023,BAF,MA,ANE,EN,Federal Contract Tower,0,0,5,6,11,0,5,114,6,125,0,5,119,12,136,146,8,154,290
08/24/2023,BAF,MA,ANE,EN,Federal Contract Tower,0,1,7,11,19,0,1,56,2,59,0,2,63,13,78,156,8,164,242
08/25/2023,BAF,MA,ANE,EN,Federal Contract Tower,2,2,2,8,14,0,0,0,0,0,2,2,2,8,14,2,0,2,16
08/26/2023,BAF,MA,ANE,EN,Federal Contract Tower,0,0,6,2,8,0,0,67,7,74,0,0,73,9,82,197,32,229,311
08/27/2023,BAF,MA,ANE,EN,Federal Contract Tower,0,2,12,1,15,0,2,76,2,80,0,4,88,3,95,142,0,142,237
08/28/2023,BAF,MA,ANE,EN,Federal Contract Tower,0,1,11,6,18,0,0,49,1,50,0,1,60,7,68,212,12,224,292
08/29/2023,BAF,MA,ANE,EN,Federal Contract Tower,0,8,7,9,24,0,2,78,4,84,0,10,85,13,108,114,34,148,256
08/30/2023,BAF,MA,ANE,EN,Federal Contract Tower,0,0,0,11,11,0,0,36,0,36,0,0,36,11,47,42,0,42,89
08/31/2023,BAF,MA,ANE,EN,Federal Contract Tower,0,0,11,8,19,0,4,83,5,92,0,4,94,13,111,112,6,118,229
