08/01/2001,BAK,IN,AGL,CE,Federal Contract Tower,0,0,18,0,18,0,0,35,0,35,0,0,53,0,53,30,0,30,83
08/02/2001,BAK,IN,AGL,CE,Federal Contract Tower,0,1,18,1,20,0,1,25,3,29,0,2,43,4,49,48,0,48,97
08/03/2001,BAK,IN,AGL,CE,Federal Contract Tower,0,1,16,1,18,0,1,20,5,26,0,2,36,6,44,34,0,34,78
08/04/2001,BAK,IN,AGL,CE,Federal Contract Tower,0,0,10,1,11,0,1,166,1,168,0,1,176,2,179,42,0,42,221
08/05/2001,BAK,IN,AGL,CE,Federal Contract Tower,0,0,4,0,4,0,0,53,0,53,0,0,57,0,57,40,0,40,97
08/06/2001,BAK,IN,AGL,CE,Federal Contract Tower,0,1,14,0,15,0,1,30,0,31,0,2,44,0,46,90,0,90,136
08/07/2001,BAK,IN,AGL,CE,Federal Contract Tower,0,2,24,1,27,0,4,29,1,34,0,6,53,2,61,10,4,14,75
08/08/2001,BAK,IN,AGL,CE,Federal Contract Tower,0,2,23,1,26,0,3,37,3,43,0,5,60,4,69,42,8,50,119
08/09/2001,BAK,IN,AGL,CE,Federal Contract Tower,1,2,19,0,22,0,3,2,0,5,1,5,21,0,27,30,0,30,57
08/10/2001,BAK,IN,AGL,CE,Federal Contract Tower,0,1,13,0,14,0,1,16,0,17,0,2,29,0,31,36,0,36,67
08/11/2001,BAK,IN,AGL,CE,Federal Contract Tower,0,0,11,0,11,0,0,35,10,45,0,0,46,10,56,16,4,20,76
08/12/2001,BAK,IN,AGL,CE,Federal Contract Tower,0,0,4,0,4,0,1,58,2,61,0,1,62,2,65,38,2,40,105
08/13/2001,BAK,IN,AGL,CE,Federal Contract Tower,1,1,21,0,23,0,0,34,2,36,1,1,55,2,59,20,2,22,81
08/14/2001,BAK,IN,AGL,CE,Federal Contract Tower,1,0,20,0,21,1,0,68,2,71,2,0,88,2,92,40,0,40,132
08/15/2001,BAK,IN,AGL,CE,Federal Contract Tower,0,1,21,0,22,0,0,45,0,45,0,1,66,0,67,38,6,44,111
08/16/2001,BAK,IN,AGL,CE,Federal Contract Tower,1,2,20,0,23,0,0,25,0,25,1,2,45,0,48,8,0,8,56
08/17/2001,BAK,IN,AGL,CE,Federal Contract Tower,0,0,14,0,14,0,0,75,4,79,0,0,89,4,93,46,0,46,139
08/18/2001,BAK,IN,AGL,CE,Federal Contract Tower,0,0,13,0,13,0,0,29,6,35,0,0,42,6,48,56,2,58,106
08/19/2001,BAK,IN,AGL,CE,Federal Contract Tower,0,0,6,0,6,0,1,37,0,38,0,1,43,0,44,54,0,54,98
08/20/2001,BAK,IN,AGL,CE,Federal Contract Tower,0,1,15,0,16,3,0,43,0,46,3,1,58,0,62,50,0,50,112
08/21/2001,BAK,IN,AGL,CE,Federal Contract Tower,0,2,16,0,18,1,0,47,0,48,1,2,63,0,66,72,0,72,138
08/22/2001,BAK,IN,AGL,CE,Federal Contract Tower,0,2,14,0,16,5,1,23,0,29,5,3,37,0,45,32,0,32,77
08/23/2001,BAK,IN,AGL,CE,Federal Contract Tower,0,2,13,0,15,3,0,23,0,26,3,2,36,0,41,28,0,28,69
08/24/2001,BAK,IN,AGL,CE,Federal Contract Tower,0,3,22,1,26,0,1,51,7,59,0,4,73,8,85,18,0,18,103
08/25/2001,BAK,IN,AGL,CE,Federal Contract Tower,0,0,10,0,10,0,0,27,0,27,0,0,37,0,37,20,0,20,57
08/26/2001,BAK,IN,AGL,CE,Federal Contract Tower,0,0,11,1,12,0,0,22,3,25,0,0,33,4,37,28,0,28,65
08/27/2001,BAK,IN,AGL,CE,Federal Contract Tower,0,2,25,0,27,1,0,54,0,55,1,2,79,0,82,64,0,64,146
08/28/2001,BAK,IN,AGL,CE,Federal Contract Tower,0,1,18,1,20,0,0,23,7,30,0,1,41,8,50,28,0,28,78
08/29/2001,BAK,IN,AGL,CE,Federal Contract Tower,0,3,24,0,27,0,2,46,0,48,0,5,70,0,75,14,0,14,89
08/30/2001,BAK,IN,AGL,CE,Federal Contract Tower,0,3,19,1,23,0,4,27,8,39,0,7,46,9,62,16,0,16,78
08/31/2001,BAK,IN,AGL,CE,Federal Contract Tower,0,3,20,1,24,1,1,14,3,19,1,4,34,4,43,10,0,10,53
09/01/2001,BAK,IN,AGL,CE,Federal Contract Tower,0,0,15,0,15,0,0,78,2,80,0,0,93,2,95,74,0,74,169
09/02/2001,BAK,IN,AGL,CE,Federal Contract Tower,0,0,0,0,0,0,0,75,0,75,0,0,75,0,75,32,0,32,107
09/03/2001,BAK,IN,AGL,CE,Federal Contract Tower,0,0,8,0,8,0,0,72,0,72,0,0,80,0,80,72,0,72,152
09/04/2001,BAK,IN,AGL,CE,Federal Contract Tower,1,4,27,0,32,0,0,50,0,50,1,4,77,0,82,38,0,38,120
09/05/2001,BAK,IN,AGL,CE,Federal Contract Tower,1,1,12,0,14,0,1,53,4,58,1,2,65,4,72,20,24,44,116
09/06/2001,BAK,IN,AGL,CE,Federal Contract Tower,0,0,12,0,12,0,0,39,4,43,0,0,51,4,55,26,0,26,81
09/07/2001,BAK,IN,AGL,CE,Federal Contract Tower,1,0,14,0,15,1,0,33,0,34,2,0,47,0,49,12,0,12,61
09/08/2001,BAK,IN,AGL,CE,Federal Contract Tower,0,0,3,0,3,0,0,25,32,57,0,0,28,32,60,8,0,8,68
09/09/2001,BAK,IN,AGL,CE,Federal Contract Tower,0,0,3,0,3,0,0,9,2,11,0,0,12,2,14,0,0,0,14
09/10/2001,BAK,IN,AGL,CE,Federal Contract Tower,0,0,12,0,12,0,0,59,6,65,0,0,71,6,77,28,0,28,105
09/11/2001,BAK,IN,AGL,CE,Federal Contract Tower,0,0,1,0,1,0,0,5,0,5,0,0,6,0,6,0,0,0,6
09/12/2001,BAK,IN,AGL,CE,Federal Contract Tower,0,0,0,0,0,0,0,0,0,0,0,0,0,0,0,0,0,0,0
09/13/2001,BAK,IN,AGL,CE,Federal Contract Tower,0,0,0,0,0,0,0,0,0,0,0,0,0,0,0,0,0,0,0
09/14/2001,BAK,IN,AGL,CE,Federal Contract Tower,0,0,2,0,2,0,4,0,0,4,0,4,2,0,6,0,0,0,6
09/15/2001,BAK,IN,AGL,CE,Federal Contract Tower,0,4,24,0,28,0,1,0,0,1,0,5,24,0,29,0,0,0,29
09/16/2001,BAK,IN,AGL,CE,Federal Contract Tower,0,0,8,0,8,1,0,0,0,1,1,0,8,0,9,0,0,0,9
09/17/2001,BAK,IN,AGL,CE,Federal Contract Tower,0,2,15,0,17,1,3,0,0,4,1,5,15,0,21,0,0,0,21
09/18/2001,BAK,IN,AGL,CE,Federal Contract Tower,0,3,18,0,21,2,1,0,0,3,2,4,18,0,24,0,0,0,24
09/19/2001,BAK,IN,AGL,CE,Federal Contract Tower,0,3,17,0,20,0,2,0,0,2,0,5,17,0,22,0,0,0,22
09/20/2001,BAK,IN,AGL,CE,Federal Contract Tower,0,4,29,0,33,0,6,16,0,22,0,10,45,0,55,0,0,0,55
09/21/2001,BAK,IN,AGL,CE,Federal Contract Tower,0,3,25,0,28,2,0,49,0,51,2,3,74,0,79,0,0,0,79
09/22/2001,BAK,IN,AGL,CE,Federal Contract Tower,0,1,10,0,11,0,0,141,0,141,0,1,151,0,152,58,0,58,210
09/23/2001,BAK,IN,AGL,CE,Federal Contract Tower,0,0,9,0,9,0,1,75,0,76,0,1,84,0,85,56,0,56,141
09/24/2001,BAK,IN,AGL,CE,Federal Contract Tower,0,3,20,0,23,0,1,43,0,44,0,4,63,0,67,32,0,32,99
09/25/2001,BAK,IN,AGL,CE,Federal Contract Tower,0,2,30,0,32,0,0,67,12,79,0,2,97,12,111,18,0,18,129
09/26/2001,BAK,IN,AGL,CE,Federal Contract Tower,0,0,26,0,26,1,0,46,0,47,1,0,72,0,73,24,0,24,97
09/27/2001,BAK,IN,AGL,CE,Federal Contract Tower,0,0,27,0,27,1,0,48,0,49,1,0,75,0,76,26,0,26,102
09/28/2001,BAK,IN,AGL,CE,Federal Contract Tower,0,2,24,0,26,1,0,39,2,42,1,2,63,2,68,4,2,6,74
09/29/2001,BAK,IN,AGL,CE,Federal Contract Tower,0,2,14,0,16,0,1,148,0,149,0,3,162,0,165,48,0,48,213
09/30/2001,BAK,IN,AGL,CE,Federal Contract Tower,0,0,13,0,13,0,0,77,0,77,0,0,90,0,90,84,0,84,174
10/01/2001,BAK,IN,AGL,CE,Federal Contract Tower,0,1,13,0,14,0,0,72,4,76,0,1,85,4,90,22,0,22,112
10/02/2001,BAK,IN,AGL,CE,Federal Contract Tower,2,0,18,0,20,0,0,51,0,51,2,0,69,0,71,46,0,46,117
10/03/2001,BAK,IN,AGL,CE,Federal Contract Tower,3,0,13,0,16,2,0,50,2,54,5,0,63,2,70,14,4,18,88
10/04/2001,BAK,IN,AGL,CE,Federal Contract Tower,2,1,18,0,21,1,0,31,0,32,3,1,49,0,53,12,0,12,65
10/05/2001,BAK,IN,AGL,CE,Federal Contract Tower,1,0,14,0,15,0,0,8,0,8,1,0,22,0,23,4,0,4,27
10/06/2001,BAK,IN,AGL,CE,Federal Contract Tower,0,0,4,0,4,0,2,140,0,142,0,2,144,0,146,36,0,36,182
10/07/2001,BAK,IN,AGL,CE,Federal Contract Tower,0,0,15,0,15,0,0,61,0,61,0,0,76,0,76,76,0,76,152
10/08/2001,BAK,IN,AGL,CE,Federal Contract Tower,0,1,21,0,22,0,0,47,0,47,0,1,68,0,69,14,0,14,83
10/09/2001,BAK,IN,AGL,CE,Federal Contract Tower,0,2,21,0,23,0,1,66,2,69,0,3,87,2,92,42,4,46,138
10/10/2001,BAK,IN,AGL,CE,Federal Contract Tower,2,2,24,0,28,0,1,48,0,49,2,3,72,0,77,12,0,12,89
10/11/2001,BAK,IN,AGL,CE,Federal Contract Tower,1,4,27,0,32,1,0,1,0,2,2,4,28,0,34,0,0,0,34
10/12/2001,BAK,IN,AGL,CE,Federal Contract Tower,1,2,21,0,24,1,0,31,4,36,2,2,52,4,60,40,16,56,116
10/13/2001,BAK,IN,AGL,CE,Federal Contract Tower,0,0,11,0,11,0,0,1,0,1,0,0,12,0,12,28,0,28,40
10/14/2001,BAK,IN,AGL,CE,Federal Contract Tower,0,0,5,1,6,0,0,20,3,23,0,0,25,4,29,36,0,36,65
10/15/2001,BAK,IN,AGL,CE,Federal Contract Tower,0,0,15,0,15,0,0,34,2,36,0,0,49,2,51,14,0,14,65
10/16/2001,BAK,IN,AGL,CE,Federal Contract Tower,1,1,16,0,18,3,2,31,0,36,4,3,47,0,54,18,0,18,72
10/17/2001,BAK,IN,AGL,CE,Federal Contract Tower,0,2,26,0,28,0,0,76,12,88,0,2,102,12,116,62,0,62,178
10/18/2001,BAK,IN,AGL,CE,Federal Contract Tower,1,1,21,0,23,4,0,62,8,74,5,1,83,8,97,52,12,64,161
10/19/2001,BAK,IN,AGL,CE,Federal Contract Tower,0,1,15,0,16,0,1,43,4,48,0,2,58,4,64,44,0,44,108
10/20/2001,BAK,IN,AGL,CE,Federal Contract Tower,0,0,5,0,5,0,0,96,0,96,0,0,101,0,101,2,0,2,103
10/21/2001,BAK,IN,AGL,CE,Federal Contract Tower,0,0,7,0,7,0,0,56,2,58,0,0,63,2,65,32,0,32,97
10/22/2001,BAK,IN,AGL,CE,Federal Contract Tower,1,2,20,0,23,3,1,22,2,28,4,3,42,2,51,6,0,6,57
10/23/2001,BAK,IN,AGL,CE,Federal Contract Tower,1,2,26,0,29,3,0,31,10,44,4,2,57,10,73,44,0,44,117
10/24/2001,BAK,IN,AGL,CE,Federal Contract Tower,0,0,15,0,15,0,0,14,0,14,0,0,29,0,29,0,0,0,29
10/25/2001,BAK,IN,AGL,CE,Federal Contract Tower,0,1,16,0,17,0,0,44,4,48,0,1,60,4,65,18,0,18,83
10/26/2001,BAK,IN,AGL,CE,Federal Contract Tower,0,0,16,0,16,0,0,33,0,33,0,0,49,0,49,0,0,0,49
10/27/2001,BAK,IN,AGL,CE,Federal Contract Tower,0,0,2,0,2,0,2,169,0,171,0,2,171,0,173,68,0,68,241
10/28/2001,BAK,IN,AGL,CE,Federal Contract Tower,0,0,4,0,4,0,0,67,0,67,0,0,71,0,71,74,0,74,145
10/29/2001,BAK,IN,AGL,CE,Federal Contract Tower,0,1,19,0,20,0,2,47,0,49,0,3,66,0,69,8,0,8,77
10/30/2001,BAK,IN,AGL,CE,Federal Contract Tower,0,3,26,0,29,0,2,36,0,38,0,5,62,0,67,8,0,8,75
10/31/2001,BAK,IN,AGL,CE,Federal Contract Tower,0,0,20,0,20,0,0,74,0,74,0,0,94,0,94,42,0,42,136
11/01/2001,BAK,IN,AGL,CE,Federal Contract Tower,1,0,17,0,18,1,0,51,0,52,2,0,68,0,70,4,0,4,74
11/02/2001,BAK,IN,AGL,CE,Federal Contract Tower,0,2,14,0,16,0,0,20,0,20,0,2,34,0,36,24,0,24,60
11/03/2001,BAK,IN,AGL,CE,Federal Contract Tower,1,1,9,0,11,0,0,223,30,253,1,1,232,30,264,58,8,66,330
11/04/2001,BAK,IN,AGL,CE,Federal Contract Tower,0,1,6,0,7,0,4,67,0,71,0,5,73,0,78,82,0,82,160
11/05/2001,BAK,IN,AGL,CE,Federal Contract Tower,0,3,20,0,23,0,3,36,4,43,0,6,56,4,66,10,0,10,76
11/06/2001,BAK,IN,AGL,CE,Federal Contract Tower,0,4,22,0,26,0,2,47,0,49,0,6,69,0,75,22,0,22,97
11/07/2001,BAK,IN,AGL,CE,Federal Contract Tower,1,4,25,0,30,1,0,62,8,71,2,4,87,8,101,30,0,30,131
11/08/2001,BAK,IN,AGL,CE,Federal Contract Tower,0,2,18,0,20,0,0,39,0,39,0,2,57,0,59,4,0,4,63
11/09/2001,BAK,IN,AGL,CE,Federal Contract Tower,0,4,20,0,24,0,0,54,0,54,0,4,74,0,78,16,0,16,94
11/10/2001,BAK,IN,AGL,CE,Federal Contract Tower,0,1,9,0,10,0,1,176,0,177,0,2,185,0,187,48,0,48,235
11/11/2001,BAK,IN,AGL,CE,Federal Contract Tower,0,0,6,0,6,0,1,45,2,48,0,1,51,2,54,86,2,88,142
11/12/2001,BAK,IN,AGL,CE,Federal Contract Tower,0,3,17,0,20,0,1,33,0,34,0,4,50,0,54,0,0,0,54
11/13/2001,BAK,IN,AGL,CE,Federal Contract Tower,0,2,20,0,22,2,0,37,4,43,2,2,57,4,65,8,0,8,73
11/14/2001,BAK,IN,AGL,CE,Federal Contract Tower,0,0,14,1,15,0,0,28,3,31,0,0,42,4,46,42,0,42,88
11/15/2001,BAK,IN,AGL,CE,Federal Contract Tower,0,4,25,1,30,0,1,56,13,70,0,5,81,14,100,8,0,8,108
11/16/2001,BAK,IN,AGL,CE,Federal Contract Tower,0,1,19,1,21,0,0,47,3,50,0,1,66,4,71,28,2,30,101
11/17/2001,BAK,IN,AGL,CE,Federal Contract Tower,0,1,8,1,10,0,1,23,3,27,0,2,31,4,37,20,2,22,59
11/18/2001,BAK,IN,AGL,CE,Federal Contract Tower,0,0,9,0,9,0,0,35,4,39,0,0,44,4,48,88,0,88,136
11/19/2001,BAK,IN,AGL,CE,Federal Contract Tower,0,1,15,0,16,1,0,7,0,8,1,1,22,0,24,0,0,0,24
11/20/2001,BAK,IN,AGL,CE,Federal Contract Tower,0,4,24,0,28,2,0,41,0,43,2,4,65,0,71,24,0,24,95
11/21/2001,BAK,IN,AGL,CE,Federal Contract Tower,0,1,15,0,16,0,0,35,8,43,0,1,50,8,59,48,0,48,107
11/22/2001,BAK,IN,AGL,CE,Federal Contract Tower,0,0,2,0,2,0,0,36,0,36,0,0,38,0,38,14,0,14,52
11/23/2001,BAK,IN,AGL,CE,Federal Contract Tower,0,0,7,0,7,2,0,71,0,73,2,0,78,0,80,38,0,38,118
11/24/2001,BAK,IN,AGL,CE,Federal Contract Tower,0,0,3,0,3,0,0,1,0,1,0,0,4,0,4,0,0,0,4
11/25/2001,BAK,IN,AGL,CE,Federal Contract Tower,0,2,14,0,16,0,0,18,0,18,0,2,32,0,34,0,0,0,34
11/26/2001,BAK,IN,AGL,CE,Federal Contract Tower,0,0,12,0,12,0,0,41,0,41,0,0,53,0,53,44,0,44,97
11/27/2001,BAK,IN,AGL,CE,Federal Contract Tower,0,3,18,0,21,0,0,17,2,19,0,3,35,2,40,0,0,0,40
11/28/2001,BAK,IN,AGL,CE,Federal Contract Tower,0,2,9,0,11,0,4,0,0,4,0,6,9,0,15,0,0,0,15
11/29/2001,BAK,IN,AGL,CE,Federal Contract Tower,0,1,15,0,16,0,0,2,0,2,0,1,17,0,18,0,0,0,18
11/30/2001,BAK,IN,AGL,CE,Federal Contract Tower,0,3,17,0,20,0,0,18,0,18,0,3,35,0,38,0,0,0,38
12/01/2001,BAK,IN,AGL,CE,Federal Contract Tower,0,0,11,0,11,0,0,56,0,56,0,0,67,0,67,54,0,54,121
12/02/2001,BAK,IN,AGL,CE,Federal Contract Tower,0,2,11,0,13,0,1,62,20,83,0,3,73,20,96,30,0,30,126
12/03/2001,BAK,IN,AGL,CE,Federal Contract Tower,0,2,17,0,19,0,0,58,32,90,0,2,75,32,109,28,2,30,139
12/04/2001,BAK,IN,AGL,CE,Federal Contract Tower,2,5,26,1,34,0,0,33,31,64,2,5,59,32,98,24,0,24,122
12/05/2001,BAK,IN,AGL,CE,Federal Contract Tower,2,5,23,1,31,0,5,21,19,45,2,10,44,20,76,2,0,2,78
12/06/2001,BAK,IN,AGL,CE,Federal Contract Tower,1,4,19,2,26,0,1,0,8,9,1,5,19,10,35,0,0,0,35
12/07/2001,BAK,IN,AGL,CE,Federal Contract Tower,0,2,23,2,27,0,0,32,56,88,0,2,55,58,115,16,0,16,131
12/08/2001,BAK,IN,AGL,CE,Federal Contract Tower,0,3,10,1,14,0,0,9,1,10,0,3,19,2,24,22,12,34,58
12/09/2001,BAK,IN,AGL,CE,Federal Contract Tower,0,1,5,1,7,0,2,89,21,112,0,3,94,22,119,58,0,58,177
12/10/2001,BAK,IN,AGL,CE,Federal Contract Tower,0,4,18,3,25,1,0,35,61,97,1,4,53,64,122,2,18,20,142
12/11/2001,BAK,IN,AGL,CE,Federal Contract Tower,2,4,21,2,29,1,1,48,82,132,3,5,69,84,161,30,0,30,191
12/12/2001,BAK,IN,AGL,CE,Federal Contract Tower,1,5,24,2,32,4,0,0,12,16,5,5,24,14,48,0,0,0,48
12/13/2001,BAK,IN,AGL,CE,Federal Contract Tower,0,5,23,2,30,0,0,2,12,14,0,5,25,14,44,0,10,10,54
12/14/2001,BAK,IN,AGL,CE,Federal Contract Tower,0,4,17,3,24,0,4,0,5,9,0,8,17,8,33,0,0,0,33
12/15/2001,BAK,IN,AGL,CE,Federal Contract Tower,0,0,17,0,17,0,0,81,6,87,0,0,98,6,104,22,0,22,126
12/16/2001,BAK,IN,AGL,CE,Federal Contract Tower,0,2,8,0,10,0,3,16,4,23,0,5,24,4,33,0,0,0,33
12/17/2001,BAK,IN,AGL,CE,Federal Contract Tower,0,2,12,0,14,0,0,1,0,1,0,2,13,0,15,0,0,0,15
12/18/2001,BAK,IN,AGL,CE,Federal Contract Tower,0,1,20,0,21,1,0,85,0,86,1,1,105,0,107,24,0,24,131
12/19/2001,BAK,IN,AGL,CE,Federal Contract Tower,1,4,23,1,29,0,1,38,3,42,1,5,61,4,71,14,0,14,85
12/20/2001,BAK,IN,AGL,CE,Federal Contract Tower,0,1,18,0,19,0,0,36,0,36,0,1,54,0,55,88,0,88,143
12/21/2001,BAK,IN,AGL,CE,Federal Contract Tower,0,3,16,0,19,2,0,56,0,58,2,3,72,0,77,36,0,36,113
12/22/2001,BAK,IN,AGL,CE,Federal Contract Tower,0,0,4,0,4,0,0,120,0,120,0,0,124,0,124,52,0,52,176
12/23/2001,BAK,IN,AGL,CE,Federal Contract Tower,0,0,0,0,0,0,0,18,2,20,0,0,18,2,20,42,0,42,62
12/24/2001,BAK,IN,AGL,CE,Federal Contract Tower,0,0,6,0,6,0,1,25,0,26,0,1,31,0,32,12,0,12,44
12/25/2001,BAK,IN,AGL,CE,Federal Contract Tower,0,0,0,0,0,0,0,2,0,2,0,0,2,0,2,0,0,0,2
12/26/2001,BAK,IN,AGL,CE,Federal Contract Tower,0,0,1,0,1,0,1,9,0,10,0,1,10,0,11,10,0,10,21
12/27/2001,BAK,IN,AGL,CE,Federal Contract Tower,0,0,5,0,5,0,1,36,8,45,0,1,41,8,50,42,0,42,92
12/28/2001,BAK,IN,AGL,CE,Federal Contract Tower,0,0,7,0,7,0,0,16,2,18,0,0,23,2,25,18,2,20,45
12/29/2001,BAK,IN,AGL,CE,Federal Contract Tower,0,0,5,0,5,0,1,15,0,16,0,1,20,0,21,4,0,4,25
12/30/2001,BAK,IN,AGL,CE,Federal Contract Tower,0,0,2,0,2,0,0,40,0,40,0,0,42,0,42,88,0,88,130
12/31/2001,BAK,IN,AGL,CE,Federal Contract Tower,0,0,4,0,4,0,0,30,0,30,0,0,34,0,34,96,0,96,130
01/01/2002,BAK,IN,AGL,CE,Federal Contract Tower,0,0,0,0,0,0,0,11,0,11,0,0,11,0,11,48,0,48,59
01/02/2002,BAK,IN,AGL,CE,Federal Contract Tower,0,0,3,0,3,0,1,46,0,47,0,1,49,0,50,44,0,44,94
01/03/2002,BAK,IN,AGL,CE,Federal Contract Tower,0,2,21,0,23,0,1,40,2,43,0,3,61,2,66,52,0,52,118
01/04/2002,BAK,IN,AGL,CE,Federal Contract Tower,1,1,12,0,14,1,1,43,6,51,2,2,55,6,65,82,14,96,161
01/05/2002,BAK,IN,AGL,CE,Federal Contract Tower,0,0,3,0,3,0,0,104,10,114,0,0,107,10,117,54,0,54,171
01/06/2002,BAK,IN,AGL,CE,Federal Contract Tower,0,0,0,0,0,0,0,0,0,0,0,0,0,0,0,0,0,0,0
01/07/2002,BAK,IN,AGL,CE,Federal Contract Tower,1,1,15,0,17,1,1,39,0,41,2,2,54,0,58,34,0,34,92
01/08/2002,BAK,IN,AGL,CE,Federal Contract Tower,0,1,12,0,13,0,0,45,6,51,0,1,57,6,64,36,6,42,106
01/09/2002,BAK,IN,AGL,CE,Federal Contract Tower,0,3,21,0,24,0,5,54,4,63,0,8,75,4,87,58,6,64,151
01/10/2002,BAK,IN,AGL,CE,Federal Contract Tower,0,1,11,0,12,0,0,42,0,42,0,1,53,0,54,28,0,28,82
01/11/2002,BAK,IN,AGL,CE,Federal Contract Tower,1,0,12,0,13,1,0,29,0,30,2,0,41,0,43,16,0,16,59
01/12/2002,BAK,IN,AGL,CE,Federal Contract Tower,0,0,8,0,8,0,0,120,10,130,0,0,128,10,138,68,0,68,206
01/13/2002,BAK,IN,AGL,CE,Federal Contract Tower,0,0,4,0,4,0,2,42,34,78,0,2,46,34,82,64,0,64,146
01/14/2002,BAK,IN,AGL,CE,Federal Contract Tower,0,1,8,0,9,0,0,33,0,33,0,1,41,0,42,8,0,8,50
01/15/2002,BAK,IN,AGL,CE,Federal Contract Tower,0,2,11,1,14,0,0,18,1,19,0,2,29,2,33,44,0,44,77
01/16/2002,BAK,IN,AGL,CE,Federal Contract Tower,0,0,21,1,22,0,0,48,7,55,0,0,69,8,77,12,6,18,95
01/17/2002,BAK,IN,AGL,CE,Federal Contract Tower,0,3,20,0,23,0,3,33,0,36,0,6,53,0,59,24,0,24,83
01/18/2002,BAK,IN,AGL,CE,Federal Contract Tower,0,2,17,0,19,1,0,70,0,71,1,2,87,0,90,46,0,46,136
01/19/2002,BAK,IN,AGL,CE,Federal Contract Tower,0,0,5,0,5,0,0,5,0,5,0,0,10,0,10,10,0,10,20
01/20/2002,BAK,IN,AGL,CE,Federal Contract Tower,0,0,6,0,6,0,2,7,0,9,0,2,13,0,15,20,0,20,35
01/21/2002,BAK,IN,AGL,CE,Federal Contract Tower,0,0,16,0,16,0,0,67,0,67,0,0,83,0,83,52,0,52,135
01/22/2002,BAK,IN,AGL,CE,Federal Contract Tower,0,2,16,0,18,0,0,45,0,45,0,2,61,0,63,44,0,44,107
01/23/2002,BAK,IN,AGL,CE,Federal Contract Tower,0,0,18,0,18,2,0,13,0,15,2,0,31,0,33,0,0,0,33
01/24/2002,BAK,IN,AGL,CE,Federal Contract Tower,0,1,18,0,19,2,0,16,2,20,2,1,34,2,39,14,0,14,53
01/25/2002,BAK,IN,AGL,CE,Federal Contract Tower,0,1,13,0,14,0,0,74,0,74,0,1,87,0,88,14,0,14,102
01/26/2002,BAK,IN,AGL,CE,Federal Contract Tower,0,0,1,0,1,0,0,225,6,231,0,0,226,6,232,50,2,52,284
01/27/2002,BAK,IN,AGL,CE,Federal Contract Tower,0,0,9,0,9,0,0,50,8,58,0,0,59,8,67,66,4,70,137
01/28/2002,BAK,IN,AGL,CE,Federal Contract Tower,0,1,12,0,13,0,0,54,8,62,0,1,66,8,75,30,0,30,105
01/29/2002,BAK,IN,AGL,CE,Federal Contract Tower,0,2,29,0,31,0,0,42,4,46,0,2,71,4,77,48,4,52,129
01/30/2002,BAK,IN,AGL,CE,Federal Contract Tower,0,3,18,0,21,0,1,9,0,10,0,4,27,0,31,0,0,0,31
01/31/2002,BAK,IN,AGL,CE,Federal Contract Tower,0,2,14,0,16,0,1,0,0,1,0,3,14,0,17,0,0,0,17
02/01/2002,BAK,IN,AGL,CE,Federal Contract Tower,0,2,17,0,19,0,0,30,2,32,0,2,47,2,51,8,2,10,61
02/02/2002,BAK,IN,AGL,CE,Federal Contract Tower,0,0,4,0,4,0,0,142,14,156,0,0,146,14,160,108,8,116,276
02/03/2002,BAK,IN,AGL,CE,Federal Contract Tower,0,3,24,0,27,0,0,23,4,27,0,3,47,4,54,42,0,42,96
02/04/2002,BAK,IN,AGL,CE,Federal Contract Tower,0,1,14,0,15,0,0,5,0,5,0,1,19,0,20,32,0,32,52
02/05/2002,BAK,IN,AGL,CE,Federal Contract Tower,1,3,20,0,24,0,3,52,0,55,1,6,72,0,79,48,0,48,127
02/06/2002,BAK,IN,AGL,CE,Federal Contract Tower,1,1,16,0,18,0,0,41,0,41,1,1,57,0,59,52,0,52,111
02/07/2002,BAK,IN,AGL,CE,Federal Contract Tower,0,1,15,0,16,0,0,68,0,68,0,1,83,0,84,62,0,62,146
02/08/2002,BAK,IN,AGL,CE,Federal Contract Tower,0,3,22,0,25,0,2,56,4,62,0,5,78,4,87,56,2,58,145
02/09/2002,BAK,IN,AGL,CE,Federal Contract Tower,0,3,14,0,17,0,0,187,4,191,0,3,201,4,208,88,0,88,296
02/10/2002,BAK,IN,AGL,CE,Federal Contract Tower,0,1,8,0,9,0,0,4,4,8,0,1,12,4,17,0,2,2,19
02/11/2002,BAK,IN,AGL,CE,Federal Contract Tower,0,3,25,0,28,0,0,16,8,24,0,3,41,8,52,76,20,96,148
02/12/2002,BAK,IN,AGL,CE,Federal Contract Tower,0,2,24,0,26,0,0,21,6,27,0,2,45,6,53,26,0,26,79
02/13/2002,BAK,IN,AGL,CE,Federal Contract Tower,0,0,16,0,16,0,0,43,4,47,0,0,59,4,63,36,14,50,113
02/14/2002,BAK,IN,AGL,CE,Federal Contract Tower,0,1,20,1,22,0,0,73,25,98,0,1,93,26,120,24,12,36,156
02/15/2002,BAK,IN,AGL,CE,Federal Contract Tower,0,2,14,0,16,2,1,39,0,42,2,3,53,0,58,12,0,12,70
02/16/2002,BAK,IN,AGL,CE,Federal Contract Tower,0,0,6,0,6,0,2,72,0,74,0,2,78,0,80,30,0,30,110
02/17/2002,BAK,IN,AGL,CE,Federal Contract Tower,0,1,9,0,10,0,2,42,0,44,0,3,51,0,54,66,0,66,120
02/18/2002,BAK,IN,AGL,CE,Federal Contract Tower,0,1,20,0,21,2,0,53,12,67,2,1,73,12,88,72,0,72,160
02/19/2002,BAK,IN,AGL,CE,Federal Contract Tower,0,3,21,0,24,2,1,4,2,9,2,4,25,2,33,34,0,34,67
02/20/2002,BAK,IN,AGL,CE,Federal Contract Tower,0,2,18,0,20,0,0,13,6,19,0,2,31,6,39,0,2,2,41
02/21/2002,BAK,IN,AGL,CE,Federal Contract Tower,0,3,22,0,25,0,3,5,15,23,0,6,27,15,48,0,0,0,48
02/22/2002,BAK,IN,AGL,CE,Federal Contract Tower,0,3,22,0,25,0,3,23,1,27,0,6,45,1,52,0,0,0,52
02/23/2002,BAK,IN,AGL,CE,Federal Contract Tower,0,1,7,0,8,0,0,204,4,208,0,1,211,4,216,40,8,48,264
02/24/2002,BAK,IN,AGL,CE,Federal Contract Tower,0,1,12,0,13,0,5,31,14,50,0,6,43,14,63,38,8,46,109
02/25/2002,BAK,IN,AGL,CE,Federal Contract Tower,0,0,12,0,12,0,0,16,0,16,0,0,28,0,28,0,10,10,38
02/26/2002,BAK,IN,AGL,CE,Federal Contract Tower,0,0,13,0,13,0,0,2,0,2,0,0,15,0,15,0,0,0,15
02/27/2002,BAK,IN,AGL,CE,Federal Contract Tower,0,2,12,0,14,0,0,4,0,4,0,2,16,0,18,0,0,0,18
02/28/2002,BAK,IN,AGL,CE,Federal Contract Tower,0,1,18,0,19,0,0,44,4,48,0,1,62,4,67,18,0,18,85
03/01/2002,BAK,IN,AGL,CE,Federal Contract Tower,0,0,8,0,8,1,1,49,0,51,1,1,57,0,59,18,0,18,77
03/02/2002,BAK,IN,AGL,CE,Federal Contract Tower,0,0,1,1,2,0,0,6,1,7,0,0,7,2,9,4,0,4,13
03/03/2002,BAK,IN,AGL,CE,Federal Contract Tower,0,0,2,1,3,0,1,3,1,5,0,1,5,2,8,0,0,0,8
03/04/2002,BAK,IN,AGL,CE,Federal Contract Tower,0,3,13,1,17,0,1,31,3,35,0,4,44,4,52,4,4,8,60
03/05/2002,BAK,IN,AGL,CE,Federal Contract Tower,0,1,18,1,20,0,0,56,5,61,0,1,74,6,81,16,20,36,117
03/06/2002,BAK,IN,AGL,CE,Federal Contract Tower,0,2,15,1,18,1,0,25,5,31,1,2,40,6,49,20,6,26,75
03/07/2002,BAK,IN,AGL,CE,Federal Contract Tower,0,2,13,1,16,1,0,42,21,64,1,2,55,22,80,24,14,38,118
03/08/2002,BAK,IN,AGL,CE,Federal Contract Tower,0,2,18,0,20,0,2,28,0,30,0,4,46,0,50,6,0,6,56
03/09/2002,BAK,IN,AGL,CE,Federal Contract Tower,0,0,0,0,0,0,0,0,0,0,0,0,0,0,0,0,0,0,0
03/10/2002,BAK,IN,AGL,CE,Federal Contract Tower,0,2,8,0,10,0,0,19,0,19,0,2,27,0,29,32,0,32,61
03/11/2002,BAK,IN,AGL,CE,Federal Contract Tower,0,3,21,0,24,0,0,21,6,27,0,3,42,6,51,28,2,30,81
03/12/2002,BAK,IN,AGL,CE,Federal Contract Tower,0,3,25,0,28,0,0,8,6,14,0,3,33,6,42,2,0,2,44
03/13/2002,BAK,IN,AGL,CE,Federal Contract Tower,0,4,21,0,25,0,2,33,16,51,0,6,54,16,76,22,0,22,98
03/14/2002,BAK,IN,AGL,CE,Federal Contract Tower,1,3,20,0,24,0,0,41,2,43,1,3,61,2,67,28,0,28,95
03/15/2002,BAK,IN,AGL,CE,Federal Contract Tower,0,0,16,0,16,0,0,7,2,9,0,0,23,2,25,4,2,6,31
03/16/2002,BAK,IN,AGL,CE,Federal Contract Tower,0,1,7,0,8,0,2,25,6,33,0,3,32,6,41,8,0,8,49
03/17/2002,BAK,IN,AGL,CE,Federal Contract Tower,0,0,6,0,6,0,1,0,0,1,0,1,6,0,7,0,0,0,7
03/18/2002,BAK,IN,AGL,CE,Federal Contract Tower,0,0,11,0,11,0,0,23,0,23,0,0,34,0,34,44,0,44,78
03/19/2002,BAK,IN,AGL,CE,Federal Contract Tower,0,2,11,0,13,1,1,0,0,2,1,3,11,0,15,0,0,0,15
03/20/2002,BAK,IN,AGL,CE,Federal Contract Tower,0,3,20,0,23,2,1,0,2,5,2,4,20,2,28,48,20,68,96
03/21/2002,BAK,IN,AGL,CE,Federal Contract Tower,2,3,24,0,29,3,0,7,0,10,5,3,31,0,39,0,0,0,39
03/22/2002,BAK,IN,AGL,CE,Federal Contract Tower,0,3,19,0,22,2,0,68,2,72,2,3,87,2,94,38,2,40,134
03/23/2002,BAK,IN,AGL,CE,Federal Contract Tower,0,0,7,0,7,1,3,134,22,160,1,3,141,22,167,48,12,60,227
03/24/2002,BAK,IN,AGL,CE,Federal Contract Tower,0,0,6,0,6,0,1,43,0,44,0,1,49,0,50,144,0,144,194
03/25/2002,BAK,IN,AGL,CE,Federal Contract Tower,0,1,10,0,11,1,0,0,2,3,1,1,10,2,14,0,0,0,14
03/26/2002,BAK,IN,AGL,CE,Federal Contract Tower,0,2,13,0,15,0,1,1,0,2,0,3,14,0,17,0,0,0,17
03/27/2002,BAK,IN,AGL,CE,Federal Contract Tower,0,2,19,0,21,0,0,58,10,68,0,2,77,10,89,64,14,78,167
03/28/2002,BAK,IN,AGL,CE,Federal Contract Tower,0,2,20,0,22,0,0,40,4,44,0,2,60,4,66,44,0,44,110
03/29/2002,BAK,IN,AGL,CE,Federal Contract Tower,0,0,7,0,7,0,0,39,0,39,0,0,46,0,46,40,0,40,86
03/30/2002,BAK,IN,AGL,CE,Federal Contract Tower,0,2,10,0,12,1,6,126,0,133,1,8,136,0,145,38,0,38,183
03/31/2002,BAK,IN,AGL,CE,Federal Contract Tower,0,0,5,0,5,0,3,62,0,65,0,3,67,0,70,52,0,52,122
04/01/2002,BAK,IN,AGL,CE,Federal Contract Tower,0,2,15,0,17,0,4,54,0,58,0,6,69,0,75,54,0,54,129
04/02/2002,BAK,IN,AGL,CE,Federal Contract Tower,0,0,14,0,14,0,0,35,0,35,0,0,49,0,49,0,0,0,49
04/03/2002,BAK,IN,AGL,CE,Federal Contract Tower,0,4,20,0,24,0,1,15,22,38,0,5,35,22,62,0,4,4,66
04/04/2002,BAK,IN,AGL,CE,Federal Contract Tower,0,1,16,0,17,0,0,56,2,58,0,1,72,2,75,38,32,70,145
04/05/2002,BAK,IN,AGL,CE,Federal Contract Tower,0,2,12,0,14,0,0,52,2,54,0,2,64,2,68,64,2,66,134
04/06/2002,BAK,IN,AGL,CE,Federal Contract Tower,0,0,5,0,5,0,4,143,6,153,0,4,148,6,158,82,0,82,240
04/07/2002,BAK,IN,AGL,CE,Federal Contract Tower,0,1,11,0,12,0,3,31,18,52,0,4,42,18,64,64,0,64,128
04/08/2002,BAK,IN,AGL,CE,Federal Contract Tower,0,2,14,0,16,0,0,21,6,27,0,2,35,6,43,20,4,24,67
04/09/2002,BAK,IN,AGL,CE,Federal Contract Tower,0,3,19,0,22,1,0,16,8,25,1,3,35,8,47,48,2,50,97
04/10/2002,BAK,IN,AGL,CE,Federal Contract Tower,0,2,22,0,24,0,0,46,4,50,0,2,68,4,74,52,4,56,130
04/11/2002,BAK,IN,AGL,CE,Federal Contract Tower,0,1,16,0,17,0,0,137,12,149,0,1,153,12,166,68,0,68,234
04/12/2002,BAK,IN,AGL,CE,Federal Contract Tower,0,0,18,1,19,0,0,19,1,20,0,0,37,2,39,8,0,8,47
04/13/2002,BAK,IN,AGL,CE,Federal Contract Tower,0,1,10,1,12,1,1,11,13,26,1,2,21,14,38,2,4,6,44
04/14/2002,BAK,IN,AGL,CE,Federal Contract Tower,0,0,7,1,8,0,1,30,15,46,0,1,37,16,54,44,0,44,98
04/15/2002,BAK,IN,AGL,CE,Federal Contract Tower,0,2,14,0,16,2,3,62,0,67,2,5,76,0,83,44,0,44,127
04/16/2002,BAK,IN,AGL,CE,Federal Contract Tower,0,1,21,1,23,3,0,32,5,40,3,1,53,6,63,10,16,26,89
04/17/2002,BAK,IN,AGL,CE,Federal Contract Tower,0,1,23,0,24,0,0,37,18,55,0,1,60,18,79,16,6,22,101
04/18/2002,BAK,IN,AGL,CE,Federal Contract Tower,0,2,14,0,16,1,0,69,6,76,1,2,83,6,92,24,4,28,120
04/19/2002,BAK,IN,AGL,CE,Federal Contract Tower,0,2,19,0,21,0,0,47,0,47,0,2,66,0,68,12,0,12,80
04/20/2002,BAK,IN,AGL,CE,Federal Contract Tower,0,0,8,0,8,0,0,65,26,91,0,0,73,26,99,36,4,40,139
04/21/2002,BAK,IN,AGL,CE,Federal Contract Tower,0,0,5,0,5,0,1,2,0,3,0,1,7,0,8,0,0,0,8
04/22/2002,BAK,IN,AGL,CE,Federal Contract Tower,0,0,12,0,12,0,0,52,8,60,0,0,64,8,72,28,0,28,100
04/23/2002,BAK,IN,AGL,CE,Federal Contract Tower,0,0,18,0,18,0,0,134,8,142,0,0,152,8,160,28,0,28,188
04/24/2002,BAK,IN,AGL,CE,Federal Contract Tower,0,3,19,0,22,0,2,46,2,50,0,5,65,2,72,0,0,0,72
04/25/2002,BAK,IN,AGL,CE,Federal Contract Tower,0,1,21,0,22,0,0,75,14,89,0,1,96,14,111,32,6,38,149
04/26/2002,BAK,IN,AGL,CE,Federal Contract Tower,0,2,16,0,18,1,0,111,2,114,1,2,127,2,132,40,0,40,172
04/27/2002,BAK,IN,AGL,CE,Federal Contract Tower,0,0,3,0,3,0,1,26,0,27,0,1,29,0,30,8,0,8,38
04/28/2002,BAK,IN,AGL,CE,Federal Contract Tower,0,0,8,0,8,0,2,9,0,11,0,2,17,0,19,6,0,6,25
04/29/2002,BAK,IN,AGL,CE,Federal Contract Tower,0,2,15,0,17,0,1,42,8,51,0,3,57,8,68,14,0,14,82
04/30/2002,BAK,IN,AGL,CE,Federal Contract Tower,0,2,16,0,18,0,2,65,2,69,0,4,81,2,87,24,0,24,111
05/01/2002,BAK,IN,AGL,CE,Federal Contract Tower,0,2,19,0,21,0,1,42,0,43,0,3,61,0,64,12,0,12,76
05/02/2002,BAK,IN,AGL,CE,Federal Contract Tower,0,0,14,0,14,0,0,23,0,23,0,0,37,0,37,16,0,16,53
05/03/2002,BAK,IN,AGL,CE,Federal Contract Tower,1,1,20,0,22,0,0,64,10,74,1,1,84,10,96,30,0,30,126
05/04/2002,BAK,IN,AGL,CE,Federal Contract Tower,0,0,4,0,4,0,0,125,4,129,0,0,129,4,133,28,0,28,161
05/05/2002,BAK,IN,AGL,CE,Federal Contract Tower,0,1,7,0,8,0,1,68,0,69,0,2,75,0,77,34,0,34,111
05/06/2002,BAK,IN,AGL,CE,Federal Contract Tower,1,3,21,0,25,3,0,19,0,22,4,3,40,0,47,0,0,0,47
05/07/2002,BAK,IN,AGL,CE,Federal Contract Tower,0,2,16,0,18,0,1,18,0,19,0,3,34,0,37,4,0,4,41
05/08/2002,BAK,IN,AGL,CE,Federal Contract Tower,1,2,16,0,19,0,3,10,0,13,1,5,26,0,32,12,0,12,44
05/09/2002,BAK,IN,AGL,CE,Federal Contract Tower,0,3,16,0,19,0,0,22,0,22,0,3,38,0,41,20,0,20,61
05/10/2002,BAK,IN,AGL,CE,Federal Contract Tower,1,4,23,0,28,0,0,101,2,103,1,4,124,2,131,94,0,94,225
05/11/2002,BAK,IN,AGL,CE,Federal Contract Tower,0,0,8,0,8,0,0,51,0,51,0,0,59,0,59,74,0,74,133
05/12/2002,BAK,IN,AGL,CE,Federal Contract Tower,0,1,7,0,8,0,1,2,0,3,0,2,9,0,11,0,0,0,11
05/13/2002,BAK,IN,AGL,CE,Federal Contract Tower,0,4,22,0,26,0,0,7,0,7,0,4,29,0,33,0,0,0,33
05/14/2002,BAK,IN,AGL,CE,Federal Contract Tower,2,4,27,0,33,0,3,146,0,149,2,7,173,0,182,56,0,56,238
05/15/2002,BAK,IN,AGL,CE,Federal Contract Tower,0,3,27,0,30,0,0,144,12,156,0,3,171,12,186,36,6,42,228
05/16/2002,BAK,IN,AGL,CE,Federal Contract Tower,0,3,22,0,25,0,1,43,0,44,0,4,65,0,69,18,0,18,87
05/17/2002,BAK,IN,AGL,CE,Federal Contract Tower,0,1,28,0,29,0,0,5,0,5,0,1,33,0,34,0,0,0,34
05/18/2002,BAK,IN,AGL,CE,Federal Contract Tower,0,0,6,0,6,1,0,99,22,122,1,0,105,22,128,14,4,18,146
05/19/2002,BAK,IN,AGL,CE,Federal Contract Tower,0,0,1,0,1,0,0,68,2,70,0,0,69,2,71,0,10,10,81
05/20/2002,BAK,IN,AGL,CE,Federal Contract Tower,0,3,17,0,20,0,1,30,4,35,0,4,47,4,55,14,0,14,69
05/21/2002,BAK,IN,AGL,CE,Federal Contract Tower,0,1,27,0,28,0,0,82,8,90,0,1,109,8,118,28,0,28,146
05/22/2002,BAK,IN,AGL,CE,Federal Contract Tower,0,1,21,0,22,0,0,97,14,111,0,1,118,14,133,30,0,30,163
05/23/2002,BAK,IN,AGL,CE,Federal Contract Tower,0,2,24,0,26,1,0,57,12,70,1,2,81,12,96,22,0,22,118
05/24/2002,BAK,IN,AGL,CE,Federal Contract Tower,0,2,14,0,16,1,0,42,4,47,1,2,56,4,63,26,4,30,93
05/25/2002,BAK,IN,AGL,CE,Federal Contract Tower,0,0,3,0,3,0,2,12,0,14,0,2,15,0,17,6,0,6,23
05/26/2002,BAK,IN,AGL,CE,Federal Contract Tower,0,0,4,0,4,0,1,70,0,71,0,1,74,0,75,28,0,28,103
05/27/2002,BAK,IN,AGL,CE,Federal Contract Tower,0,0,4,0,4,0,1,74,0,75,0,1,78,0,79,16,0,16,95
05/28/2002,BAK,IN,AGL,CE,Federal Contract Tower,0,0,21,0,21,0,0,17,0,17,0,0,38,0,38,0,0,0,38
05/29/2002,BAK,IN,AGL,CE,Federal Contract Tower,0,2,12,0,14,0,2,36,0,38,0,4,48,0,52,10,0,10,62
05/30/2002,BAK,IN,AGL,CE,Federal Contract Tower,0,3,20,0,23,0,2,46,4,52,0,5,66,4,75,36,4,40,115
05/31/2002,BAK,IN,AGL,CE,Federal Contract Tower,1,1,31,0,33,7,0,39,0,46,8,1,70,0,79,38,0,38,117
06/01/2002,BAK,IN,AGL,CE,Federal Contract Tower,0,0,5,0,5,0,0,54,14,68,0,0,59,14,73,24,40,64,137
06/02/2002,BAK,IN,AGL,CE,Federal Contract Tower,0,0,0,0,0,0,0,25,0,25,0,0,25,0,25,46,0,46,71
06/03/2002,BAK,IN,AGL,CE,Federal Contract Tower,1,0,14,0,15,0,0,30,2,32,1,0,44,2,47,36,0,36,83
06/04/2002,BAK,IN,AGL,CE,Federal Contract Tower,0,2,14,0,16,0,0,35,2,37,0,2,49,2,53,80,10,90,143
06/05/2002,BAK,IN,AGL,CE,Federal Contract Tower,0,1,14,0,15,0,0,20,0,20,0,1,34,0,35,14,0,14,49
06/06/2002,BAK,IN,AGL,CE,Federal Contract Tower,1,1,12,0,14,2,0,15,2,19,3,1,27,2,33,8,2,10,43
06/07/2002,BAK,IN,AGL,CE,Federal Contract Tower,0,3,21,0,24,0,1,55,0,56,0,4,76,0,80,48,0,48,128
06/08/2002,BAK,IN,AGL,CE,Federal Contract Tower,0,0,6,0,6,0,0,105,18,123,0,0,111,18,129,74,10,84,213
06/09/2002,BAK,IN,AGL,CE,Federal Contract Tower,0,1,9,0,10,0,3,51,6,60,0,4,60,6,70,2,42,44,114
06/10/2002,BAK,IN,AGL,CE,Federal Contract Tower,0,2,15,0,17,0,0,29,0,29,0,2,44,0,46,32,0,32,78
06/11/2002,BAK,IN,AGL,CE,Federal Contract Tower,0,1,14,0,15,0,0,31,0,31,0,1,45,0,46,40,0,40,86
06/12/2002,BAK,IN,AGL,CE,Federal Contract Tower,0,2,21,0,23,0,1,17,0,18,0,3,38,0,41,34,0,34,75
06/13/2002,BAK,IN,AGL,CE,Federal Contract Tower,0,1,23,0,24,2,0,24,0,26,2,1,47,0,50,38,0,38,88
06/14/2002,BAK,IN,AGL,CE,Federal Contract Tower,0,2,24,1,27,0,0,52,2,54,0,2,76,3,81,22,4,26,107
06/15/2002,BAK,IN,AGL,CE,Federal Contract Tower,0,0,20,1,21,1,0,88,3,92,1,0,108,4,113,38,18,56,169
06/16/2002,BAK,IN,AGL,CE,Federal Contract Tower,0,0,10,0,10,0,2,55,0,57,0,2,65,0,67,122,0,122,189
06/17/2002,BAK,IN,AGL,CE,Federal Contract Tower,0,1,11,0,12,0,2,49,4,55,0,3,60,4,67,36,6,42,109
06/18/2002,BAK,IN,AGL,CE,Federal Contract Tower,0,2,21,0,23,0,1,49,4,54,0,3,70,4,77,60,0,60,137
06/19/2002,BAK,IN,AGL,CE,Federal Contract Tower,0,1,15,0,16,0,1,72,6,79,0,2,87,6,95,74,14,88,183
06/20/2002,BAK,IN,AGL,CE,Federal Contract Tower,0,3,23,0,26,0,0,55,12,67,0,3,78,12,93,18,6,24,117
06/21/2002,BAK,IN,AGL,CE,Federal Contract Tower,0,2,19,0,21,0,0,76,4,80,0,2,95,4,101,76,0,76,177
06/22/2002,BAK,IN,AGL,CE,Federal Contract Tower,0,2,20,0,22,0,0,113,2,115,0,2,133,2,137,52,2,54,191
06/23/2002,BAK,IN,AGL,CE,Federal Contract Tower,0,0,8,0,8,0,2,59,12,73,0,2,67,12,81,28,10,38,119
06/24/2002,BAK,IN,AGL,CE,Federal Contract Tower,0,2,18,0,20,1,0,30,0,31,1,2,48,0,51,12,0,12,63
06/25/2002,BAK,IN,AGL,CE,Federal Contract Tower,0,3,24,0,27,0,0,28,0,28,0,3,52,0,55,10,0,10,65
06/26/2002,BAK,IN,AGL,CE,Federal Contract Tower,0,1,22,0,23,0,0,60,2,62,0,1,82,2,85,54,16,70,155
06/27/2002,BAK,IN,AGL,CE,Federal Contract Tower,0,5,40,0,45,0,0,60,10,70,0,5,100,10,115,16,0,16,131
06/28/2002,BAK,IN,AGL,CE,Federal Contract Tower,0,1,21,0,22,0,0,76,12,88,0,1,97,12,110,18,0,18,128
06/29/2002,BAK,IN,AGL,CE,Federal Contract Tower,0,0,10,0,10,0,0,178,0,178,0,0,188,0,188,64,0,64,252
06/30/2002,BAK,IN,AGL,CE,Federal Contract Tower,0,1,12,0,13,0,0,64,0,64,0,1,76,0,77,80,0,80,157
07/01/2002,BAK,IN,AGL,CE,Federal Contract Tower,0,0,5,0,5,0,1,79,2,82,0,1,84,2,87,24,4,28,115
07/02/2002,BAK,IN,AGL,CE,Federal Contract Tower,0,0,0,0,0,0,0,64,24,88,0,0,64,24,88,74,0,74,162
07/03/2002,BAK,IN,AGL,CE,Federal Contract Tower,1,1,14,0,16,0,0,53,2,55,1,1,67,2,71,64,4,68,139
07/04/2002,BAK,IN,AGL,CE,Federal Contract Tower,0,0,14,0,14,0,0,28,0,28,0,0,42,0,42,50,0,50,92
07/05/2002,BAK,IN,AGL,CE,Federal Contract Tower,0,0,14,0,14,0,0,100,0,100,0,0,114,0,114,62,0,62,176
07/06/2002,BAK,IN,AGL,CE,Federal Contract Tower,0,1,11,0,12,0,0,162,0,162,0,1,173,0,174,36,0,36,210
07/07/2002,BAK,IN,AGL,CE,Federal Contract Tower,0,0,21,0,21,0,0,81,0,81,0,0,102,0,102,32,0,32,134
07/08/2002,BAK,IN,AGL,CE,Federal Contract Tower,0,0,6,0,6,0,0,69,0,69,0,0,75,0,75,70,0,70,145
07/09/2002,BAK,IN,AGL,CE,Federal Contract Tower,0,0,9,0,9,0,0,34,0,34,0,0,43,0,43,0,0,0,43
07/10/2002,BAK,IN,AGL,CE,Federal Contract Tower,0,2,15,0,17,0,2,48,8,58,0,4,63,8,75,34,0,34,109
07/11/2002,BAK,IN,AGL,CE,Federal Contract Tower,0,1,14,1,16,0,0,77,7,84,0,1,91,8,100,62,0,62,162
07/12/2002,BAK,IN,AGL,CE,Federal Contract Tower,0,0,21,1,22,0,0,35,1,36,0,0,56,2,58,44,0,44,102
07/13/2002,BAK,IN,AGL,CE,Federal Contract Tower,0,0,23,1,24,0,0,113,13,126,0,0,136,14,150,18,4,22,172
07/14/2002,BAK,IN,AGL,CE,Federal Contract Tower,0,0,24,1,25,0,0,32,11,43,0,0,56,12,68,38,0,38,106
07/15/2002,BAK,IN,AGL,CE,Federal Contract Tower,0,0,2,1,3,0,0,0,60,60,0,0,2,61,63,44,0,44,107
07/16/2002,BAK,IN,AGL,CE,Federal Contract Tower,0,0,10,0,10,0,2,68,2,72,0,2,78,2,82,42,4,46,128
07/17/2002,BAK,IN,AGL,CE,Federal Contract Tower,0,1,11,0,12,0,3,29,0,32,0,4,40,0,44,42,0,42,86
07/18/2002,BAK,IN,AGL,CE,Federal Contract Tower,0,1,21,0,22,0,0,4,2,6,0,1,25,2,28,8,0,8,36
07/19/2002,BAK,IN,AGL,CE,Federal Contract Tower,0,1,15,0,16,0,2,81,8,91,0,3,96,8,107,74,6,80,187
07/20/2002,BAK,IN,AGL,CE,Federal Contract Tower,0,0,23,0,23,0,0,49,2,51,0,0,72,2,74,14,2,16,90
07/21/2002,BAK,IN,AGL,CE,Federal Contract Tower,0,0,19,0,19,0,0,49,26,75,0,0,68,26,94,44,0,44,138
07/22/2002,BAK,IN,AGL,CE,Federal Contract Tower,0,2,20,0,22,0,0,11,0,11,0,2,31,0,33,4,0,4,37
07/23/2002,BAK,IN,AGL,CE,Federal Contract Tower,0,0,8,0,8,0,4,50,4,58,0,4,58,4,66,2,0,2,68
07/24/2002,BAK,IN,AGL,CE,Federal Contract Tower,0,2,18,0,20,0,6,70,8,84,0,8,88,8,104,22,8,30,134
07/25/2002,BAK,IN,AGL,CE,Federal Contract Tower,0,1,24,0,25,0,0,84,10,94,0,1,108,10,119,38,56,94,213
07/26/2002,BAK,IN,AGL,CE,Federal Contract Tower,0,2,22,0,24,0,4,61,0,65,0,6,83,0,89,4,0,4,93
07/27/2002,BAK,IN,AGL,CE,Federal Contract Tower,0,0,40,0,40,0,0,26,8,34,0,0,66,8,74,14,8,22,96
07/28/2002,BAK,IN,AGL,CE,Federal Contract Tower,0,2,21,0,23,0,5,29,4,38,0,7,50,4,61,16,8,24,85
07/29/2002,BAK,IN,AGL,CE,Federal Contract Tower,0,0,10,0,10,2,2,29,4,37,2,2,39,4,47,8,0,8,55
07/30/2002,BAK,IN,AGL,CE,Federal Contract Tower,0,1,12,0,13,0,0,110,2,112,0,1,122,2,125,72,0,72,197
07/31/2002,BAK,IN,AGL,CE,Federal Contract Tower,0,2,21,0,23,0,1,94,8,103,0,3,115,8,126,50,8,58,184
08/01/2002,BAK,IN,AGL,CE,Federal Contract Tower,0,3,19,0,22,0,3,67,4,74,0,6,86,4,96,70,0,70,166
08/02/2002,BAK,IN,AGL,CE,Federal Contract Tower,0,0,11,0,11,0,0,52,0,52,0,0,63,0,63,0,0,0,63
08/03/2002,BAK,IN,AGL,CE,Federal Contract Tower,0,0,2,0,2,0,0,181,0,181,0,0,183,0,183,16,0,16,199
08/04/2002,BAK,IN,AGL,CE,Federal Contract Tower,0,0,7,0,7,0,0,86,0,86,0,0,93,0,93,22,0,22,115
08/05/2002,BAK,IN,AGL,CE,Federal Contract Tower,0,0,13,0,13,0,0,76,6,82,0,0,89,6,95,126,0,126,221
08/06/2002,BAK,IN,AGL,CE,Federal Contract Tower,0,1,9,0,10,0,0,42,2,44,0,1,51,2,54,38,2,40,94
08/07/2002,BAK,IN,AGL,CE,Federal Contract Tower,0,1,8,0,9,0,1,103,0,104,0,2,111,0,113,64,0,64,177
08/08/2002,BAK,IN,AGL,CE,Federal Contract Tower,0,1,14,0,15,0,0,164,4,168,0,1,178,4,183,52,14,66,249
08/09/2002,BAK,IN,AGL,CE,Federal Contract Tower,0,0,21,0,21,0,0,160,0,160,0,0,181,0,181,24,0,24,205
08/10/2002,BAK,IN,AGL,CE,Federal Contract Tower,0,0,6,0,6,0,0,146,28,174,0,0,152,28,180,48,0,48,228
08/11/2002,BAK,IN,AGL,CE,Federal Contract Tower,0,0,8,0,8,0,0,33,2,35,0,0,41,2,43,2,4,6,49
08/12/2002,BAK,IN,AGL,CE,Federal Contract Tower,0,1,14,0,15,0,0,34,0,34,0,1,48,0,49,24,0,24,73
08/13/2002,BAK,IN,AGL,CE,Federal Contract Tower,0,1,12,1,14,0,1,53,3,57,0,2,65,4,71,32,4,36,107
08/14/2002,BAK,IN,AGL,CE,Federal Contract Tower,0,2,16,0,18,0,1,18,0,19,0,3,34,0,37,16,0,16,53
08/15/2002,BAK,IN,AGL,CE,Federal Contract Tower,0,1,24,0,25,0,0,42,0,42,0,1,66,0,67,34,0,34,101
08/16/2002,BAK,IN,AGL,CE,Federal Contract Tower,0,3,24,1,28,0,0,43,11,54,0,3,67,12,82,22,8,30,112
08/17/2002,BAK,IN,AGL,CE,Federal Contract Tower,0,0,4,1,5,0,0,8,1,9,0,0,12,2,14,0,0,0,14
08/18/2002,BAK,IN,AGL,CE,Federal Contract Tower,0,0,3,0,3,0,0,17,0,17,0,0,20,0,20,24,0,24,44
08/19/2002,BAK,IN,AGL,CE,Federal Contract Tower,0,2,15,0,17,0,3,24,30,57,0,5,39,30,74,64,0,64,138
08/20/2002,BAK,IN,AGL,CE,Federal Contract Tower,0,1,23,0,24,0,0,80,48,128,0,1,103,48,152,30,0,30,182
08/21/2002,BAK,IN,AGL,CE,Federal Contract Tower,0,1,19,0,20,0,0,58,8,66,0,1,77,8,86,16,0,16,102
08/22/2002,BAK,IN,AGL,CE,Federal Contract Tower,0,2,19,0,21,0,2,55,16,73,0,4,74,16,94,48,0,48,142
08/23/2002,BAK,IN,AGL,CE,Federal Contract Tower,0,2,17,0,19,0,0,35,4,39,0,2,52,4,58,28,6,34,92
08/24/2002,BAK,IN,AGL,CE,Federal Contract Tower,0,0,9,0,9,0,1,34,6,41,0,1,43,6,50,52,26,78,128
08/25/2002,BAK,IN,AGL,CE,Federal Contract Tower,0,0,5,0,5,0,0,54,0,54,0,0,59,0,59,66,0,66,125
08/26/2002,BAK,IN,AGL,CE,Federal Contract Tower,0,2,20,0,22,0,4,62,2,68,0,6,82,2,90,38,4,42,132
08/27/2002,BAK,IN,AGL,CE,Federal Contract Tower,0,0,22,0,22,0,0,49,14,63,0,0,71,14,85,56,0,56,141
08/28/2002,BAK,IN,AGL,CE,Federal Contract Tower,0,1,13,0,14,0,1,48,4,53,0,2,61,4,67,12,4,16,83
08/29/2002,BAK,IN,AGL,CE,Federal Contract Tower,0,2,23,0,25,0,2,66,18,86,0,4,89,18,111,16,6,22,133
08/30/2002,BAK,IN,AGL,CE,Federal Contract Tower,0,2,17,0,19,0,2,59,0,61,0,4,76,0,80,20,0,20,100
08/31/2002,BAK,IN,AGL,CE,Federal Contract Tower,0,0,3,0,3,0,2,110,2,114,0,2,113,2,117,12,0,12,129
09/01/2002,BAK,IN,AGL,CE,Federal Contract Tower,0,0,3,0,3,0,0,81,0,81,0,0,84,0,84,32,0,32,116
09/02/2002,BAK,IN,AGL,CE,Federal Contract Tower,0,2,7,0,9,0,0,51,0,51,0,2,58,0,60,16,0,16,76
09/03/2002,BAK,IN,AGL,CE,Federal Contract Tower,0,3,8,1,12,0,4,43,3,50,0,7,51,4,62,6,0,6,68
09/04/2002,BAK,IN,AGL,CE,Federal Contract Tower,0,3,15,1,19,0,0,94,23,117,0,3,109,24,136,24,0,24,160
09/05/2002,BAK,IN,AGL,CE,Federal Contract Tower,0,0,10,0,10,0,0,78,0,78,0,0,88,0,88,14,0,14,102
09/06/2002,BAK,IN,AGL,CE,Federal Contract Tower,0,2,13,1,16,0,0,58,3,61,0,2,71,4,77,14,2,16,93
09/07/2002,BAK,IN,AGL,CE,Federal Contract Tower,0,0,3,0,3,0,0,101,0,101,0,0,104,0,104,14,0,14,118
09/08/2002,BAK,IN,AGL,CE,Federal Contract Tower,0,1,5,0,6,0,1,47,0,48,0,2,52,0,54,12,0,12,66
09/09/2002,BAK,IN,AGL,CE,Federal Contract Tower,0,0,2,0,2,0,0,0,80,80,0,0,2,80,82,32,0,32,114
09/10/2002,BAK,IN,AGL,CE,Federal Contract Tower,0,4,31,0,35,0,0,63,0,63,0,4,94,0,98,30,0,30,128
09/11/2002,BAK,IN,AGL,CE,Federal Contract Tower,0,6,31,0,37,0,0,67,0,67,0,6,98,0,104,38,0,38,142
09/12/2002,BAK,IN,AGL,CE,Federal Contract Tower,0,4,16,0,20,0,2,62,0,64,0,6,78,0,84,66,0,66,150
09/13/2002,BAK,IN,AGL,CE,Federal Contract Tower,0,2,11,0,13,0,1,53,1,55,0,3,64,1,68,42,0,42,110
09/14/2002,BAK,IN,AGL,CE,Federal Contract Tower,0,2,8,0,10,0,1,41,14,56,0,3,49,14,66,8,14,22,88
09/15/2002,BAK,IN,AGL,CE,Federal Contract Tower,0,0,4,0,4,0,0,10,0,10,0,0,14,0,14,22,0,22,36
09/16/2002,BAK,IN,AGL,CE,Federal Contract Tower,0,4,20,0,24,0,2,35,0,37,0,6,55,0,61,12,0,12,73
09/17/2002,BAK,IN,AGL,CE,Federal Contract Tower,0,7,32,0,39,0,4,55,0,59,0,11,87,0,98,18,4,22,120
09/18/2002,BAK,IN,AGL,CE,Federal Contract Tower,0,7,30,0,37,0,3,38,12,53,0,10,68,12,90,12,2,14,104
09/19/2002,BAK,IN,AGL,CE,Federal Contract Tower,0,6,25,0,31,0,1,26,6,33,0,7,51,6,64,0,0,0,64
09/20/2002,BAK,IN,AGL,CE,Federal Contract Tower,0,1,10,0,11,0,0,21,0,21,0,1,31,0,32,0,0,0,32
09/21/2002,BAK,IN,AGL,CE,Federal Contract Tower,0,2,8,0,10,0,2,103,8,113,0,4,111,8,123,8,16,24,147
09/22/2002,BAK,IN,AGL,CE,Federal Contract Tower,0,1,9,0,10,0,0,45,0,45,0,1,54,0,55,4,0,4,59
09/23/2002,BAK,IN,AGL,CE,Federal Contract Tower,0,0,15,0,15,0,0,32,4,36,0,0,47,4,51,4,8,12,63
09/24/2002,BAK,IN,AGL,CE,Federal Contract Tower,0,5,20,0,25,0,0,66,12,78,0,5,86,12,103,26,0,26,129
09/25/2002,BAK,IN,AGL,CE,Federal Contract Tower,0,2,16,0,18,0,0,78,2,80,0,2,94,2,98,48,0,48,146
09/26/2002,BAK,IN,AGL,CE,Federal Contract Tower,0,4,16,0,20,0,2,25,0,27,0,6,41,0,47,0,0,0,47
09/27/2002,BAK,IN,AGL,CE,Federal Contract Tower,0,3,15,0,18,0,2,14,0,16,0,5,29,0,34,14,0,14,48
09/28/2002,BAK,IN,AGL,CE,Federal Contract Tower,0,0,8,0,8,0,0,67,0,67,0,0,75,0,75,22,0,22,97
09/29/2002,BAK,IN,AGL,CE,Federal Contract Tower,0,1,8,0,9,0,1,64,0,65,0,2,72,0,74,38,0,38,112
09/30/2002,BAK,IN,AGL,CE,Federal Contract Tower,0,7,32,0,39,1,4,43,2,50,1,11,75,2,89,14,2,16,105
10/01/2002,BAK,IN,AGL,CE,Federal Contract Tower,0,3,24,0,27,0,2,26,4,32,0,5,50,4,59,26,8,34,93
10/02/2002,BAK,IN,AGL,CE,Federal Contract Tower,0,0,16,0,16,0,0,12,0,12,0,0,28,0,28,0,6,6,34
10/03/2002,BAK,IN,AGL,CE,Federal Contract Tower,0,3,20,0,23,0,3,31,8,42,0,6,51,8,65,4,4,8,73
10/04/2002,BAK,IN,AGL,CE,Federal Contract Tower,0,2,8,0,10,0,1,11,10,22,0,3,19,10,32,16,6,22,54
10/05/2002,BAK,IN,AGL,CE,Federal Contract Tower,0,1,5,0,6,0,3,175,8,186,0,4,180,8,192,8,0,8,200
10/06/2002,BAK,IN,AGL,CE,Federal Contract Tower,0,1,5,0,6,0,2,47,22,71,0,3,52,22,77,22,20,42,119
10/07/2002,BAK,IN,AGL,CE,Federal Contract Tower,0,3,22,0,25,0,0,71,4,75,0,3,93,4,100,54,8,62,162
10/08/2002,BAK,IN,AGL,CE,Federal Contract Tower,0,5,29,0,34,0,4,62,4,70,0,9,91,4,104,24,0,24,128
10/09/2002,BAK,IN,AGL,CE,Federal Contract Tower,0,0,13,0,13,0,0,41,12,53,0,0,54,12,66,16,0,16,82
10/10/2002,BAK,IN,AGL,CE,Federal Contract Tower,0,3,18,0,21,0,2,19,0,21,0,5,37,0,42,14,0,14,56
10/11/2002,BAK,IN,AGL,CE,Federal Contract Tower,0,2,15,0,17,0,0,17,2,19,0,2,32,2,36,0,0,0,36
10/12/2002,BAK,IN,AGL,CE,Federal Contract Tower,0,1,5,0,6,0,0,16,0,16,0,1,21,0,22,0,0,0,22
10/13/2002,BAK,IN,AGL,CE,Federal Contract Tower,0,0,15,0,15,0,0,22,6,28,0,0,37,6,43,10,2,12,55
10/14/2002,BAK,IN,AGL,CE,Federal Contract Tower,0,2,13,0,15,0,0,36,4,40,0,2,49,4,55,4,0,4,59
10/15/2002,BAK,IN,AGL,CE,Federal Contract Tower,0,1,19,0,20,0,0,55,0,55,0,1,74,0,75,16,0,16,91
10/16/2002,BAK,IN,AGL,CE,Federal Contract Tower,0,2,23,1,26,0,0,24,2,26,0,2,47,3,52,16,0,16,68
10/17/2002,BAK,IN,AGL,CE,Federal Contract Tower,0,0,24,0,24,1,0,34,6,41,1,0,58,6,65,14,2,16,81
10/18/2002,BAK,IN,AGL,CE,Federal Contract Tower,0,2,19,0,21,1,0,32,26,59,1,2,51,26,80,6,4,10,90
10/19/2002,BAK,IN,AGL,CE,Federal Contract Tower,0,0,2,0,2,0,0,13,0,13,0,0,15,0,15,12,0,12,27
10/20/2002,BAK,IN,AGL,CE,Federal Contract Tower,0,1,9,0,10,0,2,62,8,72,0,3,71,8,82,36,12,48,130
10/21/2002,BAK,IN,AGL,CE,Federal Contract Tower,0,0,10,0,10,0,0,44,0,44,0,0,54,0,54,38,0,38,92
10/22/2002,BAK,IN,AGL,CE,Federal Contract Tower,0,0,12,0,12,0,0,40,4,44,0,0,52,4,56,38,0,38,94
10/23/2002,BAK,IN,AGL,CE,Federal Contract Tower,0,2,25,0,27,0,0,38,4,42,0,2,63,4,69,8,0,8,77
10/24/2002,BAK,IN,AGL,CE,Federal Contract Tower,0,2,2,0,4,0,0,0,57,57,0,2,2,57,61,6,0,6,67
10/25/2002,BAK,IN,AGL,CE,Federal Contract Tower,0,0,10,0,10,0,0,8,0,8,0,0,18,0,18,0,0,0,18
10/26/2002,BAK,IN,AGL,CE,Federal Contract Tower,0,0,7,0,7,1,0,9,0,10,1,0,16,0,17,0,0,0,17
10/27/2002,BAK,IN,AGL,CE,Federal Contract Tower,0,0,2,0,2,0,0,48,0,48,0,0,50,0,50,22,0,22,72
10/28/2002,BAK,IN,AGL,CE,Federal Contract Tower,0,0,14,0,14,0,0,9,0,9,0,0,23,0,23,8,2,10,33
10/29/2002,BAK,IN,AGL,CE,Federal Contract Tower,0,1,17,0,18,0,0,1,0,1,0,1,18,0,19,0,0,0,19
10/30/2002,BAK,IN,AGL,CE,Federal Contract Tower,0,3,23,0,26,0,3,8,4,15,0,6,31,4,41,0,4,4,45
10/31/2002,BAK,IN,AGL,CE,Federal Contract Tower,0,4,30,0,34,0,1,14,6,21,0,5,44,6,55,18,0,18,73
11/01/2002,BAK,IN,AGL,CE,Federal Contract Tower,1,1,16,0,18,1,0,47,2,50,2,1,63,2,68,12,0,12,80
11/02/2002,BAK,IN,AGL,CE,Federal Contract Tower,0,0,3,0,3,0,0,118,4,122,0,0,121,4,125,32,2,34,159
11/03/2002,BAK,IN,AGL,CE,Federal Contract Tower,0,0,4,0,4,0,1,35,12,48,0,1,39,12,52,32,0,32,84
11/04/2002,BAK,IN,AGL,CE,Federal Contract Tower,0,2,12,0,14,0,0,35,2,37,0,2,47,2,51,14,0,14,65
11/05/2002,BAK,IN,AGL,CE,Federal Contract Tower,0,1,14,0,15,0,0,2,2,4,0,1,16,2,19,0,0,0,19
11/06/2002,BAK,IN,AGL,CE,Federal Contract Tower,0,2,18,0,20,0,0,14,2,16,0,2,32,2,36,36,10,46,82
11/07/2002,BAK,IN,AGL,CE,Federal Contract Tower,0,0,26,0,26,0,0,82,2,84,0,0,108,2,110,24,0,24,134
11/08/2002,BAK,IN,AGL,CE,Federal Contract Tower,0,4,22,0,26,2,0,50,4,56,2,4,72,4,82,46,0,46,128
11/09/2002,BAK,IN,AGL,CE,Federal Contract Tower,0,1,4,0,5,0,0,45,4,49,0,1,49,4,54,30,8,38,92
11/10/2002,BAK,IN,AGL,CE,Federal Contract Tower,0,0,6,0,6,0,0,17,4,21,0,0,23,4,27,18,8,26,53
11/11/2002,BAK,IN,AGL,CE,Federal Contract Tower,0,1,11,0,12,0,0,61,0,61,0,1,72,0,73,12,0,12,85
11/12/2002,BAK,IN,AGL,CE,Federal Contract Tower,0,3,16,0,19,0,0,16,0,16,0,3,32,0,35,36,0,36,71
11/13/2002,BAK,IN,AGL,CE,Federal Contract Tower,0,3,20,1,24,0,0,93,3,96,0,3,113,4,120,46,2,48,168
11/14/2002,BAK,IN,AGL,CE,Federal Contract Tower,0,2,17,1,20,0,4,94,21,119,0,6,111,22,139,44,0,44,183
11/15/2002,BAK,IN,AGL,CE,Federal Contract Tower,0,3,21,0,24,0,1,3,0,4,0,4,24,0,28,16,0,16,44
11/16/2002,BAK,IN,AGL,CE,Federal Contract Tower,0,0,4,1,5,0,0,89,15,104,0,0,93,16,109,8,10,18,127
11/17/2002,BAK,IN,AGL,CE,Federal Contract Tower,0,0,2,1,3,0,0,107,3,110,0,0,109,4,113,52,6,58,171
11/18/2002,BAK,IN,AGL,CE,Federal Contract Tower,0,2,19,0,21,0,0,78,0,78,0,2,97,0,99,46,0,46,145
11/19/2002,BAK,IN,AGL,CE,Federal Contract Tower,0,3,19,0,22,0,0,72,0,72,0,3,91,0,94,44,0,44,138
11/20/2002,BAK,IN,AGL,CE,Federal Contract Tower,0,0,12,0,12,0,0,63,2,65,0,0,75,2,77,42,12,54,131
11/21/2002,BAK,IN,AGL,CE,Federal Contract Tower,0,2,15,0,17,0,2,4,0,6,0,4,19,0,23,0,0,0,23
11/22/2002,BAK,IN,AGL,CE,Federal Contract Tower,0,2,16,0,18,0,1,8,20,29,0,3,24,20,47,22,0,22,69
11/23/2002,BAK,IN,AGL,CE,Federal Contract Tower,0,0,8,0,8,0,2,182,6,190,0,2,190,6,198,34,4,38,236
11/24/2002,BAK,IN,AGL,CE,Federal Contract Tower,0,0,4,0,4,0,0,56,4,60,0,0,60,4,64,56,2,58,122
11/25/2002,BAK,IN,AGL,CE,Federal Contract Tower,0,2,19,0,21,2,0,39,0,41,2,2,58,0,62,22,0,22,84
11/26/2002,BAK,IN,AGL,CE,Federal Contract Tower,0,3,20,0,23,0,1,41,4,46,0,4,61,4,69,18,2,20,89
11/27/2002,BAK,IN,AGL,CE,Federal Contract Tower,0,0,7,0,7,0,2,47,0,49,0,2,54,0,56,66,0,66,122
11/28/2002,BAK,IN,AGL,CE,Federal Contract Tower,0,0,1,0,1,0,0,17,0,17,0,0,18,0,18,42,0,42,60
11/29/2002,BAK,IN,AGL,CE,Federal Contract Tower,0,0,6,0,6,0,2,72,4,78,0,2,78,4,84,32,2,34,118
11/30/2002,BAK,IN,AGL,CE,Federal Contract Tower,0,0,2,0,2,0,2,19,16,37,0,2,21,16,39,12,4,16,55
12/01/2002,BAK,IN,AGL,CE,Federal Contract Tower,0,0,7,0,7,0,2,59,6,67,0,2,66,6,74,26,20,46,120
12/02/2002,BAK,IN,AGL,CE,Federal Contract Tower,0,2,14,0,16,0,0,2,0,2,0,2,16,0,18,0,0,0,18
12/03/2002,BAK,IN,AGL,CE,Federal Contract Tower,0,3,27,0,30,0,0,51,24,75,0,3,78,24,105,0,4,4,109
12/04/2002,BAK,IN,AGL,CE,Federal Contract Tower,0,3,20,0,23,0,0,16,14,30,0,3,36,14,53,0,53,53,106
12/05/2002,BAK,IN,AGL,CE,Federal Contract Tower,1,2,16,0,19,1,0,50,54,105,2,2,66,54,124,44,8,52,176
12/06/2002,BAK,IN,AGL,CE,Federal Contract Tower,0,0,14,0,14,0,0,61,4,65,0,0,75,4,79,10,2,12,91
12/07/2002,BAK,IN,AGL,CE,Federal Contract Tower,1,0,7,0,8,0,0,82,24,106,1,0,89,24,114,34,6,40,154
12/08/2002,BAK,IN,AGL,CE,Federal Contract Tower,0,0,0,1,1,0,0,51,3,54,0,0,51,4,55,52,0,52,107
12/09/2002,BAK,IN,AGL,CE,Federal Contract Tower,0,3,20,0,23,0,3,70,0,73,0,6,90,0,96,30,0,30,126
12/10/2002,BAK,IN,AGL,CE,Federal Contract Tower,0,2,14,0,16,0,0,51,0,51,0,2,65,0,67,34,0,34,101
12/11/2002,BAK,IN,AGL,CE,Federal Contract Tower,0,3,17,1,21,0,0,14,3,17,0,3,31,4,38,0,0,0,38
12/12/2002,BAK,IN,AGL,CE,Federal Contract Tower,0,1,16,0,17,0,0,16,0,16,0,1,32,0,33,0,0,0,33
12/13/2002,BAK,IN,AGL,CE,Federal Contract Tower,0,2,14,0,16,0,1,16,0,17,0,3,30,0,33,0,0,0,33
12/14/2002,BAK,IN,AGL,CE,Federal Contract Tower,0,0,4,1,5,0,0,22,7,29,0,0,26,8,34,14,2,16,50
12/15/2002,BAK,IN,AGL,CE,Federal Contract Tower,0,0,1,1,2,0,0,71,5,76,0,0,72,6,78,0,0,0,78
12/16/2002,BAK,IN,AGL,CE,Federal Contract Tower,0,3,18,0,21,3,0,74,0,77,3,3,92,0,98,48,0,48,146
12/17/2002,BAK,IN,AGL,CE,Federal Contract Tower,0,0,12,0,12,0,0,2,0,2,0,0,14,0,14,6,0,6,20
12/18/2002,BAK,IN,AGL,CE,Federal Contract Tower,0,2,18,0,20,0,0,21,6,27,0,2,39,6,47,26,0,26,73
12/19/2002,BAK,IN,AGL,CE,Federal Contract Tower,0,3,22,0,25,0,3,2,22,27,0,6,24,22,52,4,0,4,56
12/20/2002,BAK,IN,AGL,CE,Federal Contract Tower,0,1,11,0,12,0,1,36,4,41,0,2,47,4,53,26,8,34,87
12/21/2002,BAK,IN,AGL,CE,Federal Contract Tower,0,0,6,0,6,1,2,101,6,110,1,2,107,6,116,42,4,46,162
12/22/2002,BAK,IN,AGL,CE,Federal Contract Tower,0,1,9,0,10,0,4,45,18,67,0,5,54,18,77,38,2,40,117
12/23/2002,BAK,IN,AGL,CE,Federal Contract Tower,0,0,3,0,3,0,0,82,0,82,0,0,85,0,85,94,0,94,179
12/24/2002,BAK,IN,AGL,CE,Federal Contract Tower,0,0,1,0,1,0,0,7,2,9,0,0,8,2,10,12,4,16,26
12/25/2002,BAK,IN,AGL,CE,Federal Contract Tower,0,0,0,0,0,0,0,2,0,2,0,0,2,0,2,0,0,0,2
12/26/2002,BAK,IN,AGL,CE,Federal Contract Tower,0,1,12,0,13,0,0,75,12,87,0,1,87,12,100,22,4,26,126
12/27/2002,BAK,IN,AGL,CE,Federal Contract Tower,0,0,6,0,6,0,1,33,0,34,0,1,39,0,40,52,0,52,92
12/28/2002,BAK,IN,AGL,CE,Federal Contract Tower,0,0,8,0,8,0,0,73,0,73,0,0,81,0,81,44,0,44,125
12/29/2002,BAK,IN,AGL,CE,Federal Contract Tower,0,0,9,0,9,0,0,1,0,1,0,0,10,0,10,8,0,8,18
12/30/2002,BAK,IN,AGL,CE,Federal Contract Tower,0,0,7,0,7,0,0,0,0,0,0,0,7,0,7,0,0,0,7
12/31/2002,BAK,IN,AGL,CE,Federal Contract Tower,0,0,10,0,10,0,0,1,0,1,0,0,11,0,11,0,0,0,11
01/01/2003,BAK,IN,AGL,CE,Federal Contract Tower,0,0,0,0,0,0,1,0,0,1,0,1,0,0,1,0,0,0,1
01/02/2003,BAK,IN,AGL,CE,Federal Contract Tower,1,1,10,0,12,1,0,3,0,4,2,1,13,0,16,0,0,0,16
01/03/2003,BAK,IN,AGL,CE,Federal Contract Tower,0,2,8,0,10,0,0,49,0,49,0,2,57,0,59,0,0,0,59
01/04/2003,BAK,IN,AGL,CE,Federal Contract Tower,0,1,8,0,9,0,0,169,18,187,0,1,177,18,196,16,0,16,212
01/05/2003,BAK,IN,AGL,CE,Federal Contract Tower,0,0,1,0,1,0,0,1,0,1,0,0,2,0,2,0,0,0,2
01/06/2003,BAK,IN,AGL,CE,Federal Contract Tower,0,3,15,0,18,0,0,18,0,18,0,3,33,0,36,50,0,50,86
01/07/2003,BAK,IN,AGL,CE,Federal Contract Tower,1,0,20,0,21,0,0,29,0,29,1,0,49,0,50,40,0,40,90
01/08/2003,BAK,IN,AGL,CE,Federal Contract Tower,0,3,17,0,20,0,2,63,0,65,0,5,80,0,85,32,0,32,117
01/09/2003,BAK,IN,AGL,CE,Federal Contract Tower,0,2,14,0,16,0,1,65,6,72,0,3,79,6,88,38,12,50,138
01/10/2003,BAK,IN,AGL,CE,Federal Contract Tower,0,2,13,1,16,0,0,14,9,23,0,2,27,10,39,48,0,48,87
01/11/2003,BAK,IN,AGL,CE,Federal Contract Tower,0,0,3,1,4,0,2,91,15,108,0,2,94,16,112,48,0,48,160
01/12/2003,BAK,IN,AGL,CE,Federal Contract Tower,0,0,0,1,1,0,0,95,13,108,0,0,95,14,109,24,16,40,149
01/13/2003,BAK,IN,AGL,CE,Federal Contract Tower,0,2,16,0,18,0,2,32,2,36,0,4,48,2,54,30,2,32,86
01/14/2003,BAK,IN,AGL,CE,Federal Contract Tower,0,2,12,0,14,0,0,5,0,5,0,2,17,0,19,0,0,0,19
01/15/2003,BAK,IN,AGL,CE,Federal Contract Tower,0,2,15,0,17,0,2,35,6,43,0,4,50,6,60,18,2,20,80
01/16/2003,BAK,IN,AGL,CE,Federal Contract Tower,0,1,6,0,7,0,3,0,0,3,0,4,6,0,10,0,0,0,10
01/17/2003,BAK,IN,AGL,CE,Federal Contract Tower,0,2,12,0,14,4,1,34,2,41,4,3,46,2,55,16,0,16,71
01/18/2003,BAK,IN,AGL,CE,Federal Contract Tower,0,0,4,0,4,0,0,70,0,70,0,0,74,0,74,22,0,22,96
01/19/2003,BAK,IN,AGL,CE,Federal Contract Tower,0,0,5,0,5,0,1,14,0,15,0,1,19,0,20,2,0,2,22
01/20/2003,BAK,IN,AGL,CE,Federal Contract Tower,0,1,12,0,13,0,0,51,0,51,0,1,63,0,64,34,0,34,98
01/21/2003,BAK,IN,AGL,CE,Federal Contract Tower,0,2,15,0,17,0,2,29,2,33,0,4,44,2,50,42,0,42,92
01/22/2003,BAK,IN,AGL,CE,Federal Contract Tower,0,3,17,0,20,0,2,33,4,39,0,5,50,4,59,50,4,54,113
01/23/2003,BAK,IN,AGL,CE,Federal Contract Tower,0,0,18,0,18,0,0,14,0,14,0,0,32,0,32,36,0,36,68
01/24/2003,BAK,IN,AGL,CE,Federal Contract Tower,0,3,25,0,28,0,0,56,2,58,0,3,81,2,86,4,0,4,90
01/25/2003,BAK,IN,AGL,CE,Federal Contract Tower,0,0,3,0,3,0,0,113,24,137,0,0,116,24,140,62,0,62,202
01/26/2003,BAK,IN,AGL,CE,Federal Contract Tower,0,0,9,0,9,0,0,22,2,24,0,0,31,2,33,4,4,8,41
01/27/2003,BAK,IN,AGL,CE,Federal Contract Tower,0,0,14,0,14,0,0,18,4,22,0,0,32,4,36,40,14,54,90
01/28/2003,BAK,IN,AGL,CE,Federal Contract Tower,0,1,16,0,17,0,0,15,4,19,0,1,31,4,36,46,2,48,84
01/29/2003,BAK,IN,AGL,CE,Federal Contract Tower,0,2,20,0,22,0,0,8,2,10,0,2,28,2,32,0,0,0,32
01/30/2003,BAK,IN,AGL,CE,Federal Contract Tower,0,5,31,0,36,2,5,10,4,21,2,10,41,4,57,16,0,16,73
01/31/2003,BAK,IN,AGL,CE,Federal Contract Tower,0,2,18,0,20,0,0,20,0,20,0,2,38,0,40,24,0,24,64
02/01/2003,BAK,IN,AGL,CE,Federal Contract Tower,0,0,4,0,4,0,1,22,6,29,0,1,26,6,33,0,0,0,33
02/02/2003,BAK,IN,AGL,CE,Federal Contract Tower,0,0,5,1,6,0,0,40,5,45,0,0,45,6,51,78,2,80,131
02/03/2003,BAK,IN,AGL,CE,Federal Contract Tower,0,2,13,0,15,0,5,15,0,20,0,7,28,0,35,0,0,0,35
02/04/2003,BAK,IN,AGL,CE,Federal Contract Tower,0,0,11,1,12,0,0,16,1,17,0,0,27,2,29,46,4,50,79
02/05/2003,BAK,IN,AGL,CE,Federal Contract Tower,0,2,15,1,18,0,0,76,3,79,0,2,91,4,97,88,14,102,199
02/06/2003,BAK,IN,AGL,CE,Federal Contract Tower,0,3,13,0,16,2,0,0,0,2,2,3,13,0,18,0,0,0,18
02/07/2003,BAK,IN,AGL,CE,Federal Contract Tower,0,0,10,0,10,1,0,10,6,17,1,0,20,6,27,70,0,70,97
02/08/2003,BAK,IN,AGL,CE,Federal Contract Tower,0,0,7,0,7,0,0,35,12,47,0,0,42,12,54,58,0,58,112
02/09/2003,BAK,IN,AGL,CE,Federal Contract Tower,0,0,7,0,7,0,0,42,2,44,0,0,49,2,51,32,0,32,83
02/10/2003,BAK,IN,AGL,CE,Federal Contract Tower,0,2,15,0,17,0,2,31,0,33,0,4,46,0,50,24,0,24,74
02/11/2003,BAK,IN,AGL,CE,Federal Contract Tower,0,5,27,0,32,0,2,41,0,43,0,7,68,0,75,42,0,42,117
02/12/2003,BAK,IN,AGL,CE,Federal Contract Tower,0,4,21,0,25,2,0,31,16,49,2,4,52,16,74,22,2,24,98
02/13/2003,BAK,IN,AGL,CE,Federal Contract Tower,5,4,22,0,31,0,0,47,16,63,5,4,69,16,94,54,0,54,148
02/14/2003,BAK,IN,AGL,CE,Federal Contract Tower,0,2,12,0,14,1,1,5,2,9,1,3,17,2,23,36,0,36,59
02/15/2003,BAK,IN,AGL,CE,Federal Contract Tower,0,0,0,0,0,0,0,0,0,0,0,0,0,0,0,0,0,0,0
02/16/2003,BAK,IN,AGL,CE,Federal Contract Tower,0,0,0,0,0,0,1,0,0,1,0,1,0,0,1,0,0,0,1
02/17/2003,BAK,IN,AGL,CE,Federal Contract Tower,0,0,6,0,6,0,1,11,0,12,0,1,17,0,18,12,0,12,30
02/18/2003,BAK,IN,AGL,CE,Federal Contract Tower,0,4,20,0,24,0,0,0,4,4,0,4,20,4,28,0,2,2,30
02/19/2003,BAK,IN,AGL,CE,Federal Contract Tower,0,1,15,0,16,0,0,2,4,6,0,1,17,4,22,0,6,6,28
02/20/2003,BAK,IN,AGL,CE,Federal Contract Tower,0,2,15,0,17,0,2,57,0,59,0,4,72,0,76,90,0,90,166
02/21/2003,BAK,IN,AGL,CE,Federal Contract Tower,0,3,20,0,23,0,0,1,0,1,0,3,21,0,24,10,0,10,34
02/22/2003,BAK,IN,AGL,CE,Federal Contract Tower,0,0,0,0,0,0,1,0,0,1,0,1,0,0,1,0,0,0,1
02/23/2003,BAK,IN,AGL,CE,Federal Contract Tower,0,0,8,0,8,0,0,15,8,23,0,0,23,8,31,0,4,4,35
02/24/2003,BAK,IN,AGL,CE,Federal Contract Tower,0,1,15,0,16,0,0,9,0,9,0,1,24,0,25,8,0,8,33
02/25/2003,BAK,IN,AGL,CE,Federal Contract Tower,0,1,19,0,20,0,0,30,0,30,0,1,49,0,50,32,2,34,84
02/26/2003,BAK,IN,AGL,CE,Federal Contract Tower,0,3,18,0,21,1,0,28,14,43,1,3,46,14,64,72,18,90,154
02/27/2003,BAK,IN,AGL,CE,Federal Contract Tower,0,3,18,0,21,0,1,3,8,12,0,4,21,8,33,36,32,68,101
02/28/2003,BAK,IN,AGL,CE,Federal Contract Tower,0,0,15,0,15,0,0,17,0,17,0,0,32,0,32,36,0,36,68
03/01/2003,BAK,IN,AGL,CE,Federal Contract Tower,0,0,6,0,6,0,1,0,0,1,0,1,6,0,7,0,0,0,7
03/02/2003,BAK,IN,AGL,CE,Federal Contract Tower,0,0,3,0,3,0,0,4,0,4,0,0,7,0,7,32,0,32,39
03/03/2003,BAK,IN,AGL,CE,Federal Contract Tower,0,2,20,0,22,0,3,41,8,52,0,5,61,8,74,42,4,46,120
03/04/2003,BAK,IN,AGL,CE,Federal Contract Tower,0,2,21,1,24,0,0,77,5,82,0,2,98,6,106,14,2,16,122
03/05/2003,BAK,IN,AGL,CE,Federal Contract Tower,0,2,14,1,17,0,2,18,3,23,0,4,32,4,40,14,18,32,72
03/06/2003,BAK,IN,AGL,CE,Federal Contract Tower,0,1,15,1,17,1,0,33,3,37,1,1,48,4,54,88,2,90,144
03/07/2003,BAK,IN,AGL,CE,Federal Contract Tower,0,3,19,1,23,1,1,69,3,74,1,4,88,4,97,34,0,34,131
03/08/2003,BAK,IN,AGL,CE,Federal Contract Tower,0,0,8,1,9,0,2,154,5,161,0,2,162,6,170,30,4,34,204
03/09/2003,BAK,IN,AGL,CE,Federal Contract Tower,0,0,8,1,9,0,0,62,1,63,0,0,70,2,72,60,0,60,132
03/10/2003,BAK,IN,AGL,CE,Federal Contract Tower,0,1,17,1,19,0,0,62,7,69,0,1,79,8,88,46,26,72,160
03/11/2003,BAK,IN,AGL,CE,Federal Contract Tower,0,3,23,0,26,0,0,69,0,69,0,3,92,0,95,38,0,38,133
03/12/2003,BAK,IN,AGL,CE,Federal Contract Tower,0,2,11,1,14,1,1,12,3,17,1,3,23,4,31,68,16,84,115
03/13/2003,BAK,IN,AGL,CE,Federal Contract Tower,0,1,14,1,16,0,0,13,1,14,0,1,27,2,30,34,2,36,66
03/14/2003,BAK,IN,AGL,CE,Federal Contract Tower,0,4,24,1,29,0,0,65,1,66,0,4,89,2,95,46,0,46,141
03/15/2003,BAK,IN,AGL,CE,Federal Contract Tower,0,2,13,0,15,0,1,171,0,172,0,3,184,0,187,38,0,38,225
03/16/2003,BAK,IN,AGL,CE,Federal Contract Tower,0,0,4,0,4,0,0,119,0,119,0,0,123,0,123,58,0,58,181
03/17/2003,BAK,IN,AGL,CE,Federal Contract Tower,0,0,19,0,19,0,0,120,0,120,0,0,139,0,139,40,0,40,179
03/18/2003,BAK,IN,AGL,CE,Federal Contract Tower,0,0,19,1,20,0,0,23,1,24,0,0,42,2,44,24,14,38,82
03/19/2003,BAK,IN,AGL,CE,Federal Contract Tower,0,2,20,0,22,0,0,18,4,22,0,2,38,4,44,38,0,38,82
03/20/2003,BAK,IN,AGL,CE,Federal Contract Tower,0,2,16,0,18,0,0,15,4,19,0,2,31,4,37,6,2,8,45
03/21/2003,BAK,IN,AGL,CE,Federal Contract Tower,0,1,19,0,20,0,0,12,0,12,0,1,31,0,32,34,0,34,66
03/22/2003,BAK,IN,AGL,CE,Federal Contract Tower,0,0,7,0,7,0,1,86,0,87,0,1,93,0,94,34,0,34,128
03/23/2003,BAK,IN,AGL,CE,Federal Contract Tower,0,0,2,0,2,0,0,48,0,48,0,0,50,0,50,44,0,44,94
03/24/2003,BAK,IN,AGL,CE,Federal Contract Tower,0,0,9,0,9,0,1,25,0,26,0,1,34,0,35,26,0,26,61
03/25/2003,BAK,IN,AGL,CE,Federal Contract Tower,0,2,18,0,20,2,0,65,4,71,2,2,83,4,91,2,4,6,97
03/26/2003,BAK,IN,AGL,CE,Federal Contract Tower,0,1,15,0,16,0,0,37,2,39,0,1,52,2,55,18,0,18,73
03/27/2003,BAK,IN,AGL,CE,Federal Contract Tower,0,0,13,0,13,0,0,63,6,69,0,0,76,6,82,40,2,42,124
03/28/2003,BAK,IN,AGL,CE,Federal Contract Tower,0,3,24,0,27,0,2,17,2,21,0,5,41,2,48,26,0,26,74
03/29/2003,BAK,IN,AGL,CE,Federal Contract Tower,0,2,12,0,14,0,0,49,16,65,0,2,61,16,79,24,0,24,103
03/30/2003,BAK,IN,AGL,CE,Federal Contract Tower,0,0,9,0,9,0,0,79,2,81,0,0,88,2,90,34,2,36,126
03/31/2003,BAK,IN,AGL,CE,Federal Contract Tower,0,2,16,0,18,0,4,18,0,22,0,6,34,0,40,42,0,42,82
04/01/2003,BAK,IN,AGL,CE,Federal Contract Tower,0,1,14,0,15,0,1,50,4,55,0,2,64,4,70,34,8,42,112
04/02/2003,BAK,IN,AGL,CE,Federal Contract Tower,0,0,10,0,10,0,2,37,2,41,0,2,47,2,51,18,4,22,73
04/03/2003,BAK,IN,AGL,CE,Federal Contract Tower,0,2,15,0,17,0,0,29,0,29,0,2,44,0,46,8,0,8,54
04/04/2003,BAK,IN,AGL,CE,Federal Contract Tower,0,0,10,0,10,0,0,17,0,17,0,0,27,0,27,4,0,4,31
04/05/2003,BAK,IN,AGL,CE,Federal Contract Tower,0,0,2,0,2,0,0,36,24,60,0,0,38,24,62,14,0,14,76
04/06/2003,BAK,IN,AGL,CE,Federal Contract Tower,0,0,10,0,10,0,4,38,14,56,0,4,48,14,66,26,12,38,104
04/07/2003,BAK,IN,AGL,CE,Federal Contract Tower,1,4,19,0,24,1,0,7,0,8,2,4,26,0,32,24,0,24,56
04/08/2003,BAK,IN,AGL,CE,Federal Contract Tower,0,1,13,0,14,0,0,5,6,11,0,1,18,6,25,0,0,0,25
04/09/2003,BAK,IN,AGL,CE,Federal Contract Tower,0,3,16,0,19,0,2,12,0,14,0,5,28,0,33,26,0,26,59
04/10/2003,BAK,IN,AGL,CE,Federal Contract Tower,0,2,21,0,23,0,0,32,0,32,0,2,53,0,55,10,0,10,65
04/11/2003,BAK,IN,AGL,CE,Federal Contract Tower,0,3,13,0,16,0,1,100,5,106,0,4,113,5,122,36,2,38,160
04/12/2003,BAK,IN,AGL,CE,Federal Contract Tower,0,0,5,0,5,0,1,159,0,160,0,1,164,0,165,18,0,18,183
04/13/2003,BAK,IN,AGL,CE,Federal Contract Tower,0,0,2,0,2,0,0,81,10,91,0,0,83,10,93,66,0,66,159
04/14/2003,BAK,IN,AGL,CE,Federal Contract Tower,0,4,19,0,23,0,0,47,4,51,0,4,66,4,74,8,26,34,108
04/15/2003,BAK,IN,AGL,CE,Federal Contract Tower,0,3,14,0,17,0,1,36,0,37,0,4,50,0,54,16,0,16,70
04/16/2003,BAK,IN,AGL,CE,Federal Contract Tower,0,1,8,0,9,0,0,29,10,39,0,1,37,10,48,22,6,28,76
04/17/2003,BAK,IN,AGL,CE,Federal Contract Tower,0,2,21,0,23,0,0,71,0,71,0,2,92,0,94,16,0,16,110
04/18/2003,BAK,IN,AGL,CE,Federal Contract Tower,0,0,4,1,5,0,0,39,1,40,0,0,43,2,45,16,0,16,61
04/19/2003,BAK,IN,AGL,CE,Federal Contract Tower,0,0,1,0,1,0,0,123,0,123,0,0,124,0,124,30,0,30,154
04/20/2003,BAK,IN,AGL,CE,Federal Contract Tower,0,0,6,0,6,0,0,5,0,5,0,0,11,0,11,18,0,18,29
04/21/2003,BAK,IN,AGL,CE,Federal Contract Tower,0,0,11,1,12,2,0,30,1,33,2,0,41,2,45,24,0,24,69
04/22/2003,BAK,IN,AGL,CE,Federal Contract Tower,0,1,23,0,24,10,0,75,0,85,10,1,98,0,109,24,0,24,133
04/23/2003,BAK,IN,AGL,CE,Federal Contract Tower,0,3,19,1,23,2,1,59,3,65,2,4,78,4,88,64,0,64,152
04/24/2003,BAK,IN,AGL,CE,Federal Contract Tower,0,1,14,0,15,0,0,54,0,54,0,1,68,0,69,32,0,32,101
04/25/2003,BAK,IN,AGL,CE,Federal Contract Tower,0,3,15,1,19,0,1,18,5,24,0,4,33,6,43,8,0,8,51
04/26/2003,BAK,IN,AGL,CE,Federal Contract Tower,0,1,9,0,10,0,0,295,2,297,0,1,304,2,307,84,0,84,391
04/27/2003,BAK,IN,AGL,CE,Federal Contract Tower,0,0,10,0,10,0,0,125,0,125,0,0,135,0,135,56,0,56,191
04/28/2003,BAK,IN,AGL,CE,Federal Contract Tower,0,3,14,0,17,0,2,78,0,80,0,5,92,0,97,66,0,66,163
04/29/2003,BAK,IN,AGL,CE,Federal Contract Tower,0,3,21,0,24,0,0,39,0,39,0,3,60,0,63,34,0,34,97
04/30/2003,BAK,IN,AGL,CE,Federal Contract Tower,0,1,16,0,17,0,0,24,0,24,0,1,40,0,41,24,8,32,73
05/01/2003,BAK,IN,AGL,CE,Federal Contract Tower,0,1,18,0,19,0,0,66,0,66,0,1,84,0,85,46,0,46,131
05/02/2003,BAK,IN,AGL,CE,Federal Contract Tower,0,0,13,0,13,0,0,19,2,21,0,0,32,2,34,6,0,6,40
05/03/2003,BAK,IN,AGL,CE,Federal Contract Tower,0,0,13,0,13,0,0,65,12,77,0,0,78,12,90,38,4,42,132
05/04/2003,BAK,IN,AGL,CE,Federal Contract Tower,0,1,0,0,1,0,0,0,45,45,0,1,0,45,46,48,0,48,94
05/05/2003,BAK,IN,AGL,CE,Federal Contract Tower,0,2,12,0,14,0,2,36,0,38,0,4,48,0,52,26,0,26,78
05/06/2003,BAK,IN,AGL,CE,Federal Contract Tower,0,3,19,0,22,0,1,68,4,73,0,4,87,4,95,44,0,44,139
05/07/2003,BAK,IN,AGL,CE,Federal Contract Tower,0,2,15,0,17,0,0,33,0,33,0,2,48,0,50,16,0,16,66
05/08/2003,BAK,IN,AGL,CE,Federal Contract Tower,0,2,26,0,28,0,0,4,2,6,0,2,30,2,34,16,0,16,50
05/09/2003,BAK,IN,AGL,CE,Federal Contract Tower,0,2,17,1,20,0,2,43,1,46,0,4,60,2,66,12,0,12,78
05/10/2003,BAK,IN,AGL,CE,Federal Contract Tower,0,2,35,0,37,0,0,4,0,4,0,2,39,0,41,24,0,24,65
05/11/2003,BAK,IN,AGL,CE,Federal Contract Tower,0,0,9,0,9,0,0,13,0,13,0,0,22,0,22,42,0,42,64
05/12/2003,BAK,IN,AGL,CE,Federal Contract Tower,0,2,17,1,20,0,4,29,5,38,0,6,46,6,58,36,14,50,108
05/13/2003,BAK,IN,AGL,CE,Federal Contract Tower,0,3,24,1,28,0,0,80,5,85,0,3,104,6,113,52,28,80,193
05/14/2003,BAK,IN,AGL,CE,Federal Contract Tower,0,1,20,1,22,0,0,31,3,34,0,1,51,4,56,36,0,36,92
05/15/2003,BAK,IN,AGL,CE,Federal Contract Tower,0,1,19,1,21,0,0,49,7,56,0,1,68,8,77,40,8,48,125
05/16/2003,BAK,IN,AGL,CE,Federal Contract Tower,0,2,13,0,15,1,1,55,0,57,1,3,68,0,72,88,2,90,162
05/17/2003,BAK,IN,AGL,CE,Federal Contract Tower,0,0,4,1,5,0,0,10,1,11,0,0,14,2,16,0,0,0,16
05/18/2003,BAK,IN,AGL,CE,Federal Contract Tower,0,0,7,0,7,0,0,96,0,96,0,0,103,0,103,82,0,82,185
05/19/2003,BAK,IN,AGL,CE,Federal Contract Tower,0,2,14,0,16,0,0,39,2,41,0,2,53,2,57,16,8,24,81
05/20/2003,BAK,IN,AGL,CE,Federal Contract Tower,0,3,25,0,28,0,0,22,2,24,0,3,47,2,52,16,12,28,80
05/21/2003,BAK,IN,AGL,CE,Federal Contract Tower,0,3,21,0,24,0,1,62,4,67,0,4,83,4,91,32,8,40,131
05/22/2003,BAK,IN,AGL,CE,Federal Contract Tower,0,3,29,0,32,0,0,59,4,63,0,3,88,4,95,16,0,16,111
05/23/2003,BAK,IN,AGL,CE,Federal Contract Tower,0,2,16,0,18,2,0,95,0,97,2,2,111,0,115,28,0,28,143
05/24/2003,BAK,IN,AGL,CE,Federal Contract Tower,0,0,8,0,8,0,1,146,0,147,0,1,154,0,155,64,0,64,219
05/25/2003,BAK,IN,AGL,CE,Federal Contract Tower,0,1,10,0,11,0,0,36,0,36,0,1,46,0,47,32,0,32,79
05/26/2003,BAK,IN,AGL,CE,Federal Contract Tower,0,0,2,0,2,0,0,89,0,89,0,0,91,0,91,24,0,24,115
05/27/2003,BAK,IN,AGL,CE,Federal Contract Tower,0,1,14,0,15,0,2,58,0,60,0,3,72,0,75,16,0,16,91
05/28/2003,BAK,IN,AGL,CE,Federal Contract Tower,0,1,12,0,13,0,3,41,2,46,0,4,53,2,59,6,8,14,73
05/29/2003,BAK,IN,AGL,CE,Federal Contract Tower,0,3,22,0,25,0,5,45,4,54,0,8,67,4,79,20,0,20,99
05/30/2003,BAK,IN,AGL,CE,Federal Contract Tower,0,2,18,0,20,0,1,75,0,76,0,3,93,0,96,26,0,26,122
05/31/2003,BAK,IN,AGL,CE,Federal Contract Tower,0,0,6,0,6,0,0,57,4,61,0,0,63,4,67,28,0,28,95
06/01/2003,BAK,IN,AGL,CE,Federal Contract Tower,0,0,3,0,3,0,0,88,8,96,0,0,91,8,99,44,0,44,143
06/02/2003,BAK,IN,AGL,CE,Federal Contract Tower,0,1,8,0,9,0,0,68,0,68,0,1,76,0,77,18,0,18,95
06/03/2003,BAK,IN,AGL,CE,Federal Contract Tower,0,1,18,0,19,0,0,6,0,6,0,1,24,0,25,48,0,48,73
06/04/2003,BAK,IN,AGL,CE,Federal Contract Tower,0,5,25,0,30,0,3,47,0,50,0,8,72,0,80,32,0,32,112
06/05/2003,BAK,IN,AGL,CE,Federal Contract Tower,0,0,7,1,8,0,0,79,1,80,0,0,86,2,88,36,12,48,136
06/06/2003,BAK,IN,AGL,CE,Federal Contract Tower,0,1,11,0,12,0,0,68,0,68,0,1,79,0,80,12,0,12,92
06/07/2003,BAK,IN,AGL,CE,Federal Contract Tower,0,0,9,1,10,0,0,129,1,130,0,0,138,2,140,4,0,4,144
06/08/2003,BAK,IN,AGL,CE,Federal Contract Tower,0,1,7,1,9,0,0,27,1,28,0,1,34,2,37,16,0,16,53
06/09/2003,BAK,IN,AGL,CE,Federal Contract Tower,0,0,14,0,14,0,0,82,0,82,0,0,96,0,96,52,0,52,148
06/10/2003,BAK,IN,AGL,CE,Federal Contract Tower,0,1,14,0,15,0,0,53,0,53,0,1,67,0,68,32,0,32,100
06/11/2003,BAK,IN,AGL,CE,Federal Contract Tower,0,3,19,0,22,2,0,26,2,30,2,3,45,2,52,22,2,24,76
06/12/2003,BAK,IN,AGL,CE,Federal Contract Tower,0,3,27,0,30,0,0,40,2,42,0,3,67,2,72,12,4,16,88
06/13/2003,BAK,IN,AGL,CE,Federal Contract Tower,0,1,9,0,10,2,7,42,0,51,2,8,51,0,61,14,0,14,75
06/14/2003,BAK,IN,AGL,CE,Federal Contract Tower,0,0,7,0,7,0,1,59,0,60,0,1,66,0,67,24,0,24,91
06/15/2003,BAK,IN,AGL,CE,Federal Contract Tower,0,0,5,0,5,0,0,42,1,43,0,0,47,1,48,4,0,4,52
06/16/2003,BAK,IN,AGL,CE,Federal Contract Tower,0,0,12,0,12,0,0,51,1,52,0,0,63,1,64,38,0,38,102
06/17/2003,BAK,IN,AGL,CE,Federal Contract Tower,0,2,16,0,18,0,3,91,4,98,0,5,107,4,116,46,4,50,166
06/18/2003,BAK,IN,AGL,CE,Federal Contract Tower,0,0,19,0,19,0,0,65,0,65,0,0,84,0,84,32,16,48,132
06/19/2003,BAK,IN,AGL,CE,Federal Contract Tower,0,0,18,0,18,0,0,28,2,30,0,0,46,2,48,36,10,46,94
06/20/2003,BAK,IN,AGL,CE,Federal Contract Tower,0,0,6,0,6,0,1,86,0,87,0,1,92,0,93,54,0,54,147
06/21/2003,BAK,IN,AGL,CE,Federal Contract Tower,0,2,16,0,18,0,2,96,0,98,0,4,112,0,116,52,0,52,168
06/22/2003,BAK,IN,AGL,CE,Federal Contract Tower,0,0,6,0,6,0,2,66,0,68,0,2,72,0,74,40,0,40,114
06/23/2003,BAK,IN,AGL,CE,Federal Contract Tower,0,1,11,0,12,0,0,142,0,142,0,1,153,0,154,28,0,28,182
06/24/2003,BAK,IN,AGL,CE,Federal Contract Tower,0,2,29,0,31,0,0,109,12,121,0,2,138,12,152,22,10,32,184
06/25/2003,BAK,IN,AGL,CE,Federal Contract Tower,0,1,13,0,14,0,1,66,0,67,0,2,79,0,81,16,0,16,97
06/26/2003,BAK,IN,AGL,CE,Federal Contract Tower,0,1,19,0,20,0,0,33,0,33,0,1,52,0,53,26,0,26,79
06/27/2003,BAK,IN,AGL,CE,Federal Contract Tower,0,0,14,0,14,0,0,80,4,84,0,0,94,4,98,42,10,52,150
06/28/2003,BAK,IN,AGL,CE,Federal Contract Tower,0,1,9,0,10,0,1,157,0,158,0,2,166,0,168,30,0,30,198
06/29/2003,BAK,IN,AGL,CE,Federal Contract Tower,0,0,6,0,6,0,1,56,4,61,0,1,62,4,67,28,0,28,95
06/30/2003,BAK,IN,AGL,CE,Federal Contract Tower,0,3,25,0,28,0,2,58,2,62,0,5,83,2,90,22,0,22,112
07/01/2003,BAK,IN,AGL,CE,Federal Contract Tower,0,1,13,0,14,0,0,45,0,45,0,1,58,0,59,18,0,18,77
07/02/2003,BAK,IN,AGL,CE,Federal Contract Tower,0,1,17,0,18,0,0,89,10,99,0,1,106,10,117,46,14,60,177
07/03/2003,BAK,IN,AGL,CE,Federal Contract Tower,0,0,15,0,15,0,0,63,0,63,0,0,78,0,78,46,0,46,124
07/04/2003,BAK,IN,AGL,CE,Federal Contract Tower,0,0,1,0,1,0,0,62,0,62,0,0,63,0,63,52,0,52,115
07/05/2003,BAK,IN,AGL,CE,Federal Contract Tower,0,1,5,0,6,0,0,82,0,82,0,1,87,0,88,24,0,24,112
07/06/2003,BAK,IN,AGL,CE,Federal Contract Tower,0,0,8,0,8,0,0,42,0,42,0,0,50,0,50,30,0,30,80
07/07/2003,BAK,IN,AGL,CE,Federal Contract Tower,0,3,21,0,24,0,2,35,0,37,0,5,56,0,61,26,0,26,87
07/08/2003,BAK,IN,AGL,CE,Federal Contract Tower,0,3,21,0,24,0,5,63,0,68,0,8,84,0,92,0,0,0,92
07/09/2003,BAK,IN,AGL,CE,Federal Contract Tower,0,1,18,1,20,0,0,71,15,86,0,1,89,16,106,36,32,68,174
07/10/2003,BAK,IN,AGL,CE,Federal Contract Tower,0,3,21,1,25,0,1,53,1,55,0,4,74,2,80,26,2,28,108
07/11/2003,BAK,IN,AGL,CE,Federal Contract Tower,0,4,26,1,31,2,0,62,3,67,2,4,88,4,98,16,0,16,114
07/12/2003,BAK,IN,AGL,CE,Federal Contract Tower,0,0,9,1,10,0,0,320,5,325,0,0,329,6,335,68,0,68,403
07/13/2003,BAK,IN,AGL,CE,Federal Contract Tower,0,0,5,0,5,0,0,96,0,96,0,0,101,0,101,42,0,42,143
07/14/2003,BAK,IN,AGL,CE,Federal Contract Tower,0,1,19,0,20,0,0,75,0,75,0,1,94,0,95,10,0,10,105
07/15/2003,BAK,IN,AGL,CE,Federal Contract Tower,0,0,6,0,6,0,0,20,0,20,0,0,26,0,26,8,0,8,34
07/16/2003,BAK,IN,AGL,CE,Federal Contract Tower,0,1,13,0,14,0,1,115,0,116,0,2,128,0,130,32,0,32,162
07/17/2003,BAK,IN,AGL,CE,Federal Contract Tower,0,0,10,0,10,0,0,58,0,58,0,0,68,0,68,52,0,52,120
07/18/2003,BAK,IN,AGL,CE,Federal Contract Tower,0,1,13,0,14,0,0,51,4,55,0,1,64,4,69,18,0,18,87
07/19/2003,BAK,IN,AGL,CE,Federal Contract Tower,0,1,12,0,13,0,4,125,8,137,0,5,137,8,150,56,14,70,220
07/20/2003,BAK,IN,AGL,CE,Federal Contract Tower,0,0,9,0,9,0,0,55,4,59,0,0,64,4,68,52,0,52,120
07/21/2003,BAK,IN,AGL,CE,Federal Contract Tower,0,0,11,0,11,0,0,5,0,5,0,0,16,0,16,0,0,0,16
07/22/2003,BAK,IN,AGL,CE,Federal Contract Tower,0,1,12,0,13,0,1,58,2,61,0,2,70,2,74,54,2,56,130
07/23/2003,BAK,IN,AGL,CE,Federal Contract Tower,0,0,13,0,13,0,0,39,8,47,0,0,52,8,60,38,18,56,116
07/24/2003,BAK,IN,AGL,CE,Federal Contract Tower,0,4,27,0,31,0,8,76,2,86,0,12,103,2,117,38,0,38,155
07/25/2003,BAK,IN,AGL,CE,Federal Contract Tower,0,1,16,0,17,0,0,108,4,112,0,1,124,4,129,46,8,54,183
07/26/2003,BAK,IN,AGL,CE,Federal Contract Tower,0,0,10,0,10,0,0,91,6,97,0,0,101,6,107,28,0,28,135
07/27/2003,BAK,IN,AGL,CE,Federal Contract Tower,0,0,15,0,15,0,0,101,16,117,0,0,116,16,132,34,12,46,178
07/28/2003,BAK,IN,AGL,CE,Federal Contract Tower,0,1,13,0,14,0,2,42,8,52,0,3,55,8,66,22,0,22,88
07/29/2003,BAK,IN,AGL,CE,Federal Contract Tower,0,3,26,0,29,0,0,112,4,116,0,3,138,4,145,80,4,84,229
07/30/2003,BAK,IN,AGL,CE,Federal Contract Tower,0,3,23,0,26,0,1,90,0,91,0,4,113,0,117,16,4,20,137
07/31/2003,BAK,IN,AGL,CE,Federal Contract Tower,0,0,19,0,19,0,0,72,0,72,0,0,91,0,91,14,0,14,105
08/01/2003,BAK,IN,AGL,CE,Federal Contract Tower,0,1,9,0,10,0,3,110,4,117,0,4,119,4,127,18,2,20,147
08/02/2003,BAK,IN,AGL,CE,Federal Contract Tower,0,1,10,0,11,0,0,70,8,78,0,1,80,8,89,10,4,14,103
08/03/2003,BAK,IN,AGL,CE,Federal Contract Tower,0,1,9,0,10,0,0,34,0,34,0,1,43,0,44,18,0,18,62
08/04/2003,BAK,IN,AGL,CE,Federal Contract Tower,0,2,18,0,20,0,0,24,12,36,0,2,42,12,56,14,0,14,70
08/05/2003,BAK,IN,AGL,CE,Federal Contract Tower,0,4,27,1,32,0,2,47,7,56,0,6,74,8,88,0,0,0,88
08/06/2003,BAK,IN,AGL,CE,Federal Contract Tower,0,4,27,0,31,0,1,63,0,64,0,5,90,0,95,20,16,36,131
08/07/2003,BAK,IN,AGL,CE,Federal Contract Tower,0,3,26,1,30,2,0,107,7,116,2,3,133,8,146,32,10,42,188
08/08/2003,BAK,IN,AGL,CE,Federal Contract Tower,0,2,21,1,24,0,0,36,7,43,0,2,57,8,67,22,0,22,89
08/09/2003,BAK,IN,AGL,CE,Federal Contract Tower,0,0,13,1,14,0,0,22,3,25,0,0,35,4,39,52,0,52,91
08/10/2003,BAK,IN,AGL,CE,Federal Contract Tower,0,0,3,0,3,0,0,43,0,43,0,0,46,0,46,70,0,70,116
08/11/2003,BAK,IN,AGL,CE,Federal Contract Tower,0,4,25,0,29,0,0,57,0,57,0,4,82,0,86,26,0,26,112
08/12/2003,BAK,IN,AGL,CE,Federal Contract Tower,0,5,33,0,38,0,0,67,4,71,0,5,100,4,109,60,0,60,169
08/13/2003,BAK,IN,AGL,CE,Federal Contract Tower,0,0,22,0,22,0,0,43,0,43,0,0,65,0,65,40,0,40,105
08/14/2003,BAK,IN,AGL,CE,Federal Contract Tower,0,3,20,0,23,0,1,48,0,49,0,4,68,0,72,18,0,18,90
08/15/2003,BAK,IN,AGL,CE,Federal Contract Tower,0,0,16,0,16,0,0,63,6,69,0,0,79,6,85,22,8,30,115
08/16/2003,BAK,IN,AGL,CE,Federal Contract Tower,0,1,12,0,13,0,0,102,0,102,0,1,114,0,115,54,0,54,169
08/17/2003,BAK,IN,AGL,CE,Federal Contract Tower,0,0,2,0,2,0,0,55,0,55,0,0,57,0,57,96,0,96,153
08/18/2003,BAK,IN,AGL,CE,Federal Contract Tower,0,1,13,0,14,0,0,50,8,58,0,1,63,8,72,54,18,72,144
08/19/2003,BAK,IN,AGL,CE,Federal Contract Tower,0,5,30,0,35,0,1,44,6,51,0,6,74,6,86,80,6,86,172
08/20/2003,BAK,IN,AGL,CE,Federal Contract Tower,0,4,26,0,30,0,0,44,2,46,0,4,70,2,76,96,0,96,172
08/21/2003,BAK,IN,AGL,CE,Federal Contract Tower,0,2,12,0,14,0,4,25,0,29,0,6,37,0,43,22,0,22,65
08/22/2003,BAK,IN,AGL,CE,Federal Contract Tower,0,2,13,0,15,0,0,49,4,53,0,2,62,4,68,0,0,0,68
08/23/2003,BAK,IN,AGL,CE,Federal Contract Tower,0,0,3,0,3,0,1,100,4,105,0,1,103,4,108,32,2,34,142
08/24/2003,BAK,IN,AGL,CE,Federal Contract Tower,0,0,2,0,2,0,2,79,18,99,0,2,81,18,101,54,6,60,161
08/25/2003,BAK,IN,AGL,CE,Federal Contract Tower,0,1,13,0,14,0,0,42,6,48,0,1,55,6,62,36,6,42,104
08/26/2003,BAK,IN,AGL,CE,Federal Contract Tower,0,4,25,0,29,0,2,54,2,58,0,6,79,2,87,26,0,26,113
08/27/2003,BAK,IN,AGL,CE,Federal Contract Tower,0,3,24,0,27,0,4,71,5,80,0,7,95,5,107,32,0,32,139
08/28/2003,BAK,IN,AGL,CE,Federal Contract Tower,0,3,23,0,26,0,1,67,0,68,0,4,90,0,94,34,0,34,128
08/29/2003,BAK,IN,AGL,CE,Federal Contract Tower,0,0,12,0,12,0,0,40,0,40,0,0,52,0,52,12,0,12,64
08/30/2003,BAK,IN,AGL,CE,Federal Contract Tower,0,0,9,0,9,0,0,17,4,21,0,0,26,4,30,8,0,8,38
08/31/2003,BAK,IN,AGL,CE,Federal Contract Tower,0,0,4,0,4,0,3,4,0,7,0,3,8,0,11,0,0,0,11
09/01/2003,BAK,IN,AGL,CE,Federal Contract Tower,0,0,1,0,1,0,0,38,0,38,0,0,39,0,39,18,0,18,57
09/02/2003,BAK,IN,AGL,CE,Federal Contract Tower,0,0,12,0,12,0,1,19,0,20,0,1,31,0,32,26,0,26,58
09/03/2003,BAK,IN,AGL,CE,Federal Contract Tower,0,0,21,0,21,0,0,34,0,34,0,0,55,0,55,10,2,12,67
09/04/2003,BAK,IN,AGL,CE,Federal Contract Tower,0,0,19,0,19,0,0,79,6,85,0,0,98,6,104,40,0,40,144
09/05/2003,BAK,IN,AGL,CE,Federal Contract Tower,0,0,14,0,14,0,0,77,4,81,0,0,91,4,95,42,16,58,153
09/06/2003,BAK,IN,AGL,CE,Federal Contract Tower,0,0,8,0,8,0,0,186,8,194,0,0,194,8,202,82,2,84,286
09/07/2003,BAK,IN,AGL,CE,Federal Contract Tower,0,0,6,0,6,0,0,95,0,95,0,0,101,0,101,24,0,24,125
09/08/2003,BAK,IN,AGL,CE,Federal Contract Tower,0,0,7,0,7,0,0,67,2,69,0,0,74,2,76,24,8,32,108
09/09/2003,BAK,IN,AGL,CE,Federal Contract Tower,0,0,15,0,15,0,0,53,4,57,0,0,68,4,72,50,8,58,130
09/10/2003,BAK,IN,AGL,CE,Federal Contract Tower,0,2,20,8,30,0,0,93,0,93,0,2,113,8,123,36,30,66,189
09/11/2003,BAK,IN,AGL,CE,Federal Contract Tower,0,0,16,0,16,0,0,98,0,98,0,0,114,0,114,22,0,22,136
09/12/2003,BAK,IN,AGL,CE,Federal Contract Tower,0,0,27,0,27,0,0,73,2,75,0,0,100,2,102,36,18,54,156
09/13/2003,BAK,IN,AGL,CE,Federal Contract Tower,0,0,14,0,14,0,0,104,8,112,0,0,118,8,126,32,0,32,158
09/14/2003,BAK,IN,AGL,CE,Federal Contract Tower,0,0,7,0,7,0,2,19,1,22,0,2,26,1,29,10,0,10,39
09/15/2003,BAK,IN,AGL,CE,Federal Contract Tower,0,0,18,0,18,0,2,61,4,67,0,2,79,4,85,12,0,12,97
09/16/2003,BAK,IN,AGL,CE,Federal Contract Tower,0,0,24,0,24,0,0,79,6,85,0,0,103,6,109,68,6,74,183
09/17/2003,BAK,IN,AGL,CE,Federal Contract Tower,0,2,19,0,21,0,1,59,8,68,0,3,78,8,89,24,12,36,125
09/18/2003,BAK,IN,AGL,CE,Federal Contract Tower,0,0,17,0,17,0,0,61,12,73,0,0,78,12,90,62,16,78,168
09/19/2003,BAK,IN,AGL,CE,Federal Contract Tower,0,0,2,0,2,0,0,0,38,38,0,0,2,38,40,0,0,0,40
09/20/2003,BAK,IN,AGL,CE,Federal Contract Tower,0,0,6,0,6,0,0,139,0,139,0,0,145,0,145,52,0,52,197
09/21/2003,BAK,IN,AGL,CE,Federal Contract Tower,0,0,7,0,7,0,0,64,4,68,0,0,71,4,75,4,8,12,87
09/22/2003,BAK,IN,AGL,CE,Federal Contract Tower,0,0,13,0,13,0,2,23,2,27,0,2,36,2,40,12,2,14,54
09/23/2003,BAK,IN,AGL,CE,Federal Contract Tower,0,0,18,0,18,0,1,43,2,46,0,1,61,2,64,42,0,42,106
09/24/2003,BAK,IN,AGL,CE,Federal Contract Tower,0,2,24,0,26,0,0,60,2,62,0,2,84,2,88,30,0,30,118
09/25/2003,BAK,IN,AGL,CE,Federal Contract Tower,0,2,22,0,24,0,3,60,12,75,0,5,82,12,99,26,8,34,133
09/26/2003,BAK,IN,AGL,CE,Federal Contract Tower,0,0,11,0,11,0,0,45,6,51,0,0,56,6,62,24,4,28,90
09/27/2003,BAK,IN,AGL,CE,Federal Contract Tower,0,0,8,0,8,0,1,111,2,114,0,1,119,2,122,34,4,38,160
09/28/2003,BAK,IN,AGL,CE,Federal Contract Tower,0,0,9,0,9,0,0,47,0,47,0,0,56,0,56,8,0,8,64
09/29/2003,BAK,IN,AGL,CE,Federal Contract Tower,0,0,18,0,18,0,2,41,0,43,0,2,59,0,61,10,0,10,71
09/30/2003,BAK,IN,AGL,CE,Federal Contract Tower,0,0,16,0,16,0,1,48,12,61,0,1,64,12,77,8,0,8,85
10/01/2003,BAK,IN,AGL,CE,Federal Contract Tower,0,0,15,0,15,0,0,74,2,76,0,0,89,2,91,42,4,46,137
10/02/2003,BAK,IN,AGL,CE,Federal Contract Tower,1,0,15,0,16,1,0,73,2,76,2,0,88,2,92,44,2,46,138
10/03/2003,BAK,IN,AGL,CE,Federal Contract Tower,0,2,18,0,20,0,0,67,4,71,0,2,85,4,91,24,8,32,123
10/04/2003,BAK,IN,AGL,CE,Federal Contract Tower,0,0,2,0,2,0,0,98,4,102,0,0,100,4,104,46,14,60,164
10/05/2003,BAK,IN,AGL,CE,Federal Contract Tower,1,2,13,0,16,0,0,61,14,75,1,2,74,14,91,28,4,32,123
10/06/2003,BAK,IN,AGL,CE,Federal Contract Tower,0,3,18,0,21,0,4,45,0,49,0,7,63,0,70,22,0,22,92
10/07/2003,BAK,IN,AGL,CE,Federal Contract Tower,0,0,16,0,16,0,0,76,0,76,0,0,92,0,92,42,0,42,134
10/08/2003,BAK,IN,AGL,CE,Federal Contract Tower,0,1,15,0,16,0,0,59,4,63,0,1,74,4,79,48,8,56,135
10/09/2003,BAK,IN,AGL,CE,Federal Contract Tower,0,5,25,0,30,0,1,70,6,77,0,6,95,6,107,54,12,66,173
10/10/2003,BAK,IN,AGL,CE,Federal Contract Tower,0,0,18,0,18,0,0,74,0,74,0,0,92,0,92,38,0,38,130
10/11/2003,BAK,IN,AGL,CE,Federal Contract Tower,0,0,3,0,3,0,0,87,0,87,0,0,90,0,90,22,0,22,112
10/12/2003,BAK,IN,AGL,CE,Federal Contract Tower,0,0,10,1,11,0,0,77,25,102,0,0,87,26,113,0,0,0,113
10/13/2003,BAK,IN,AGL,CE,Federal Contract Tower,0,0,14,0,14,0,0,79,0,79,0,0,93,0,93,22,0,22,115
10/14/2003,BAK,IN,AGL,CE,Federal Contract Tower,0,1,12,1,14,0,0,7,3,10,0,1,19,4,24,4,28,32,56
10/15/2003,BAK,IN,AGL,CE,Federal Contract Tower,0,3,19,1,23,2,3,27,5,37,2,6,46,6,60,6,0,6,66
10/16/2003,BAK,IN,AGL,CE,Federal Contract Tower,0,2,23,1,26,0,0,53,3,56,0,2,76,4,82,44,0,44,126
10/17/2003,BAK,IN,AGL,CE,Federal Contract Tower,0,0,16,0,16,0,0,71,14,85,0,0,87,14,101,22,0,22,123
10/18/2003,BAK,IN,AGL,CE,Federal Contract Tower,0,0,3,0,3,0,0,191,18,209,0,0,194,18,212,58,10,68,280
10/19/2003,BAK,IN,AGL,CE,Federal Contract Tower,0,0,6,0,6,0,1,80,2,83,0,1,86,2,89,12,2,14,103
10/20/2003,BAK,IN,AGL,CE,Federal Contract Tower,0,2,14,0,16,0,1,56,0,57,0,3,70,0,73,8,0,8,81
10/21/2003,BAK,IN,AGL,CE,Federal Contract Tower,0,2,13,0,15,0,2,34,6,42,0,4,47,6,57,8,2,10,67
10/22/2003,BAK,IN,AGL,CE,Federal Contract Tower,0,3,25,0,28,0,4,44,6,54,0,7,69,6,82,62,0,62,144
10/23/2003,BAK,IN,AGL,CE,Federal Contract Tower,0,5,33,0,38,0,0,73,2,75,0,5,106,2,113,38,2,40,153
10/24/2003,BAK,IN,AGL,CE,Federal Contract Tower,0,1,13,0,14,0,1,94,2,97,0,2,107,2,111,24,4,28,139
10/25/2003,BAK,IN,AGL,CE,Federal Contract Tower,0,0,7,0,7,0,2,30,2,34,0,2,37,2,41,14,2,16,57
10/26/2003,BAK,IN,AGL,CE,Federal Contract Tower,0,1,11,0,12,0,1,34,12,47,0,2,45,12,59,48,0,48,107
10/27/2003,BAK,IN,AGL,CE,Federal Contract Tower,0,4,27,0,31,0,3,51,0,54,0,7,78,0,85,58,0,58,143
10/28/2003,BAK,IN,AGL,CE,Federal Contract Tower,0,2,28,0,30,0,0,21,2,23,0,2,49,2,53,40,0,40,93
10/29/2003,BAK,IN,AGL,CE,Federal Contract Tower,0,1,12,0,13,0,1,52,32,85,0,2,64,32,98,28,4,32,130
10/30/2003,BAK,IN,AGL,CE,Federal Contract Tower,0,2,19,0,21,0,0,42,8,50,0,2,61,8,71,28,4,32,103
10/31/2003,BAK,IN,AGL,CE,Federal Contract Tower,0,2,17,0,19,0,0,54,2,56,0,2,71,2,75,52,18,70,145
11/01/2003,BAK,IN,AGL,CE,Federal Contract Tower,0,0,13,0,13,0,0,43,8,51,0,0,56,8,64,10,0,10,74
11/02/2003,BAK,IN,AGL,CE,Federal Contract Tower,0,0,6,1,7,0,1,76,11,88,0,1,82,12,95,42,0,42,137
11/03/2003,BAK,IN,AGL,CE,Federal Contract Tower,0,3,18,1,22,0,0,56,15,71,0,3,74,16,93,60,26,86,179
11/04/2003,BAK,IN,AGL,CE,Federal Contract Tower,0,0,15,1,16,0,0,58,23,81,0,0,73,24,97,62,0,62,159
11/05/2003,BAK,IN,AGL,CE,Federal Contract Tower,0,3,16,1,20,0,0,15,3,18,0,3,31,4,38,24,0,24,62
11/06/2003,BAK,IN,AGL,CE,Federal Contract Tower,0,3,21,1,25,0,0,20,11,31,0,3,41,12,56,18,16,34,90
11/07/2003,BAK,IN,AGL,CE,Federal Contract Tower,0,2,23,2,27,0,0,59,12,71,0,2,82,14,98,26,0,26,124
11/08/2003,BAK,IN,AGL,CE,Federal Contract Tower,0,0,6,1,7,0,2,132,1,135,0,2,138,2,142,52,0,52,194
11/09/2003,BAK,IN,AGL,CE,Federal Contract Tower,0,0,2,1,3,0,0,70,5,75,0,0,72,6,78,82,4,86,164
11/10/2003,BAK,IN,AGL,CE,Federal Contract Tower,0,0,24,0,24,0,0,66,0,66,0,0,90,0,90,26,0,26,116
11/11/2003,BAK,IN,AGL,CE,Federal Contract Tower,0,3,24,0,27,0,5,5,0,10,0,8,29,0,37,10,0,10,47
11/12/2003,BAK,IN,AGL,CE,Federal Contract Tower,0,1,19,1,21,0,0,27,1,28,0,1,46,2,49,18,0,18,67
11/13/2003,BAK,IN,AGL,CE,Federal Contract Tower,0,1,15,1,17,0,0,39,3,42,0,1,54,4,59,0,2,2,61
11/14/2003,BAK,IN,AGL,CE,Federal Contract Tower,0,3,17,1,21,0,0,59,3,62,0,3,76,4,83,62,4,66,149
11/15/2003,BAK,IN,AGL,CE,Federal Contract Tower,0,0,7,1,8,0,0,12,1,13,0,0,19,2,21,4,2,6,27
11/16/2003,BAK,IN,AGL,CE,Federal Contract Tower,0,0,7,0,7,0,2,41,0,43,0,2,48,0,50,32,0,32,82
11/17/2003,BAK,IN,AGL,CE,Federal Contract Tower,0,0,14,0,14,0,0,45,10,55,0,0,59,10,69,20,0,20,89
11/18/2003,BAK,IN,AGL,CE,Federal Contract Tower,0,3,16,0,19,0,3,0,2,5,0,6,16,2,24,0,0,0,24
11/19/2003,BAK,IN,AGL,CE,Federal Contract Tower,0,3,20,0,23,0,0,41,6,47,0,3,61,6,70,30,10,40,110
11/20/2003,BAK,IN,AGL,CE,Federal Contract Tower,0,3,16,0,19,0,0,93,8,101,0,3,109,8,120,56,2,58,178
11/21/2003,BAK,IN,AGL,CE,Federal Contract Tower,0,1,18,0,19,1,0,143,8,152,1,1,161,8,171,14,22,36,207
11/22/2003,BAK,IN,AGL,CE,Federal Contract Tower,0,0,0,0,0,0,0,146,6,152,0,0,146,6,152,56,0,56,208
11/23/2003,BAK,IN,AGL,CE,Federal Contract Tower,0,0,6,0,6,0,1,26,4,31,0,1,32,4,37,34,8,42,79
11/24/2003,BAK,IN,AGL,CE,Federal Contract Tower,0,2,15,0,17,0,1,30,0,31,0,3,45,0,48,12,0,12,60
11/25/2003,BAK,IN,AGL,CE,Federal Contract Tower,0,2,14,0,16,0,2,46,0,48,0,4,60,0,64,14,0,14,78
11/26/2003,BAK,IN,AGL,CE,Federal Contract Tower,0,2,15,0,17,0,0,51,0,51,0,2,66,0,68,28,0,28,96
11/27/2003,BAK,IN,AGL,CE,Federal Contract Tower,0,0,1,0,1,0,1,0,0,1,0,1,1,0,2,0,0,0,2
11/28/2003,BAK,IN,AGL,CE,Federal Contract Tower,0,0,2,0,2,0,1,9,0,10,0,1,11,0,12,46,0,46,58
11/29/2003,BAK,IN,AGL,CE,Federal Contract Tower,0,0,7,0,7,0,2,27,0,29,0,2,34,0,36,10,0,10,46
11/30/2003,BAK,IN,AGL,CE,Federal Contract Tower,0,1,10,0,11,0,3,43,0,46,0,4,53,0,57,14,0,14,71
12/01/2003,BAK,IN,AGL,CE,Federal Contract Tower,0,1,10,0,11,0,0,9,6,15,0,1,19,6,26,2,6,8,34
12/02/2003,BAK,IN,AGL,CE,Federal Contract Tower,0,1,13,0,14,0,1,60,6,67,0,2,73,6,81,16,2,18,99
12/03/2003,BAK,IN,AGL,CE,Federal Contract Tower,0,3,19,0,22,0,0,35,10,45,0,3,54,10,67,34,4,38,105
12/04/2003,BAK,IN,AGL,CE,Federal Contract Tower,0,2,20,0,22,0,2,2,0,4,0,4,22,0,26,2,0,2,28
12/05/2003,BAK,IN,AGL,CE,Federal Contract Tower,0,2,12,0,14,0,3,6,0,9,0,5,18,0,23,16,0,16,39
12/06/2003,BAK,IN,AGL,CE,Federal Contract Tower,0,0,8,0,8,0,0,40,2,42,0,0,48,2,50,26,2,28,78
12/07/2003,BAK,IN,AGL,CE,Federal Contract Tower,0,0,3,0,3,0,0,45,12,57,0,0,48,12,60,44,0,44,104
12/08/2003,BAK,IN,AGL,CE,Federal Contract Tower,0,3,23,3,29,0,2,44,1,47,0,5,67,4,76,2,4,6,82
12/09/2003,BAK,IN,AGL,CE,Federal Contract Tower,0,2,21,2,25,0,2,16,0,18,0,4,37,2,43,6,2,8,51
12/10/2003,BAK,IN,AGL,CE,Federal Contract Tower,0,3,22,1,26,0,1,6,0,7,0,4,28,1,33,0,2,2,35
12/11/2003,BAK,IN,AGL,CE,Federal Contract Tower,0,3,23,3,29,0,0,17,5,22,0,3,40,8,51,10,8,18,69
12/12/2003,BAK,IN,AGL,CE,Federal Contract Tower,0,3,19,0,22,0,2,63,0,65,0,5,82,0,87,26,0,26,113
12/13/2003,BAK,IN,AGL,CE,Federal Contract Tower,0,0,6,0,6,2,0,28,14,44,2,0,34,14,50,6,0,6,56
12/14/2003,BAK,IN,AGL,CE,Federal Contract Tower,0,0,3,0,3,0,0,0,0,0,0,0,3,0,3,0,0,0,3
12/15/2003,BAK,IN,AGL,CE,Federal Contract Tower,0,1,27,0,28,2,0,8,0,10,2,1,35,0,38,6,0,6,44
12/16/2003,BAK,IN,AGL,CE,Federal Contract Tower,0,2,19,0,21,0,0,7,4,11,0,2,26,4,32,0,0,0,32
12/17/2003,BAK,IN,AGL,CE,Federal Contract Tower,0,0,17,0,17,3,0,25,16,44,3,0,42,16,61,10,0,10,71
12/18/2003,BAK,IN,AGL,CE,Federal Contract Tower,0,0,10,0,10,1,0,2,0,3,1,0,12,0,13,0,0,0,13
12/19/2003,BAK,IN,AGL,CE,Federal Contract Tower,0,2,11,0,13,0,0,6,2,8,0,2,17,2,21,10,2,12,33
12/20/2003,BAK,IN,AGL,CE,Federal Contract Tower,0,0,5,0,5,0,0,86,0,86,0,0,91,0,91,34,0,34,125
12/21/2003,BAK,IN,AGL,CE,Federal Contract Tower,0,0,5,0,5,0,0,57,2,59,0,0,62,2,64,14,0,14,78
12/22/2003,BAK,IN,AGL,CE,Federal Contract Tower,0,0,10,0,10,2,0,21,0,23,2,0,31,0,33,12,0,12,45
12/23/2003,BAK,IN,AGL,CE,Federal Contract Tower,0,1,8,0,9,0,0,0,2,2,0,1,8,2,11,0,0,0,11
12/24/2003,BAK,IN,AGL,CE,Federal Contract Tower,0,0,2,0,2,0,1,11,2,14,0,1,13,2,16,0,0,0,16
12/25/2003,BAK,IN,AGL,CE,Federal Contract Tower,0,0,2,0,2,0,2,12,0,14,0,2,14,0,16,0,0,0,16
12/26/2003,BAK,IN,AGL,CE,Federal Contract Tower,0,2,15,0,17,0,0,65,0,65,0,2,80,0,82,10,0,10,92
12/27/2003,BAK,IN,AGL,CE,Federal Contract Tower,0,0,2,0,2,0,1,79,0,80,0,1,81,0,82,14,0,14,96
12/28/2003,BAK,IN,AGL,CE,Federal Contract Tower,0,0,0,0,0,0,0,43,0,43,0,0,43,0,43,18,0,18,61
12/29/2003,BAK,IN,AGL,CE,Federal Contract Tower,0,0,0,0,0,0,1,0,0,1,0,1,0,0,1,0,0,0,1
12/30/2003,BAK,IN,AGL,CE,Federal Contract Tower,0,0,3,0,3,0,0,36,4,40,0,0,39,4,43,28,4,32,75
12/31/2003,BAK,IN,AGL,CE,Federal Contract Tower,0,0,7,0,7,0,0,60,4,64,0,0,67,4,71,28,4,32,103
01/01/2004,BAK,IN,AGL,CE,Federal Contract Tower,0,0,0,0,0,0,1,23,0,24,0,1,23,0,24,12,0,12,36
01/02/2004,BAK,IN,AGL,CE,Federal Contract Tower,0,0,7,0,7,0,0,9,0,9,0,0,16,0,16,0,0,0,16
01/03/2004,BAK,IN,AGL,CE,Federal Contract Tower,0,0,7,0,7,0,0,2,0,2,0,0,9,0,9,0,0,0,9
01/04/2004,BAK,IN,AGL,CE,Federal Contract Tower,0,1,9,0,10,0,0,0,4,4,0,1,9,4,14,2,0,2,16
01/05/2004,BAK,IN,AGL,CE,Federal Contract Tower,0,1,11,0,12,0,0,34,2,36,0,1,45,2,48,0,0,0,48
01/06/2004,BAK,IN,AGL,CE,Federal Contract Tower,0,0,15,0,15,0,0,36,5,41,0,0,51,5,56,14,0,14,70
01/07/2004,BAK,IN,AGL,CE,Federal Contract Tower,0,2,16,0,18,0,0,26,2,28,0,2,42,2,46,34,4,38,84
01/08/2004,BAK,IN,AGL,CE,Federal Contract Tower,0,0,5,0,5,0,2,11,0,13,0,2,16,0,18,26,0,26,44
01/09/2004,BAK,IN,AGL,CE,Federal Contract Tower,0,3,16,0,19,0,2,1,0,3,0,5,17,0,22,4,0,4,26
01/10/2004,BAK,IN,AGL,CE,Federal Contract Tower,0,0,6,0,6,0,0,96,28,124,0,0,102,28,130,36,4,40,170
01/11/2004,BAK,IN,AGL,CE,Federal Contract Tower,0,0,2,0,2,0,0,45,0,45,0,0,47,0,47,16,0,16,63
01/12/2004,BAK,IN,AGL,CE,Federal Contract Tower,0,1,15,0,16,0,0,23,0,23,0,1,38,0,39,16,0,16,55
01/13/2004,BAK,IN,AGL,CE,Federal Contract Tower,0,4,19,0,23,0,0,54,0,54,0,4,73,0,77,22,0,22,99
01/14/2004,BAK,IN,AGL,CE,Federal Contract Tower,0,3,18,2,23,2,0,23,0,25,2,3,41,2,48,50,2,52,100
01/15/2004,BAK,IN,AGL,CE,Federal Contract Tower,0,4,17,0,21,0,4,31,8,43,0,8,48,8,64,38,10,48,112
01/16/2004,BAK,IN,AGL,CE,Federal Contract Tower,0,3,14,0,17,0,2,50,2,54,0,5,64,2,71,16,0,16,87
01/17/2004,BAK,IN,AGL,CE,Federal Contract Tower,0,0,4,0,4,0,1,0,0,1,0,1,4,0,5,0,0,0,5
01/18/2004,BAK,IN,AGL,CE,Federal Contract Tower,0,0,7,0,7,0,0,18,8,26,0,0,25,8,33,24,0,24,57
01/19/2004,BAK,IN,AGL,CE,Federal Contract Tower,0,2,16,0,18,0,0,60,0,60,0,2,76,0,78,22,0,22,100
01/20/2004,BAK,IN,AGL,CE,Federal Contract Tower,0,2,17,2,21,0,0,36,0,36,0,2,53,2,57,20,0,20,77
01/21/2004,BAK,IN,AGL,CE,Federal Contract Tower,0,4,17,4,25,1,1,14,4,20,1,5,31,8,45,6,0,6,51
01/22/2004,BAK,IN,AGL,CE,Federal Contract Tower,0,3,15,0,18,0,2,12,2,16,0,5,27,2,34,4,2,6,40
01/23/2004,BAK,IN,AGL,CE,Federal Contract Tower,0,2,18,0,20,2,0,25,0,27,2,2,43,0,47,18,0,18,65
01/24/2004,BAK,IN,AGL,CE,Federal Contract Tower,0,0,5,0,5,0,0,85,2,87,0,0,90,2,92,54,2,56,148
01/25/2004,BAK,IN,AGL,CE,Federal Contract Tower,0,0,0,0,0,0,0,0,0,0,0,0,0,0,0,0,0,0,0
01/26/2004,BAK,IN,AGL,CE,Federal Contract Tower,0,2,8,0,10,0,4,0,0,4,0,6,8,0,14,0,0,0,14
01/27/2004,BAK,IN,AGL,CE,Federal Contract Tower,0,2,5,0,7,0,3,0,0,3,0,5,5,0,10,0,0,0,10
01/28/2004,BAK,IN,AGL,CE,Federal Contract Tower,0,2,13,0,15,0,0,28,0,28,0,2,41,0,43,4,0,4,47
01/29/2004,BAK,IN,AGL,CE,Federal Contract Tower,0,3,12,0,15,0,0,16,0,16,0,3,28,0,31,24,0,24,55
01/30/2004,BAK,IN,AGL,CE,Federal Contract Tower,0,1,20,0,21,0,0,11,6,17,0,1,31,6,38,20,0,20,58
01/31/2004,BAK,IN,AGL,CE,Federal Contract Tower,0,0,2,0,2,0,2,25,2,29,0,2,27,2,31,24,0,24,55
02/01/2004,BAK,IN,AGL,CE,Federal Contract Tower,0,0,4,0,4,0,4,30,0,34,0,4,34,0,38,10,0,10,48
02/02/2004,BAK,IN,AGL,CE,Federal Contract Tower,0,1,9,0,10,0,0,3,0,3,0,1,12,0,13,0,0,0,13
02/03/2004,BAK,IN,AGL,CE,Federal Contract Tower,0,4,18,0,22,0,0,1,0,1,0,4,19,0,23,0,0,0,23
02/04/2004,BAK,IN,AGL,CE,Federal Contract Tower,0,5,31,0,36,0,0,53,4,57,0,5,84,4,93,12,0,12,105
02/05/2004,BAK,IN,AGL,CE,Federal Contract Tower,0,2,13,0,15,0,2,0,4,6,0,4,13,4,21,0,0,0,21
02/06/2004,BAK,IN,AGL,CE,Federal Contract Tower,0,3,18,0,21,0,1,20,0,21,0,4,38,0,42,0,0,0,42
02/07/2004,BAK,IN,AGL,CE,Federal Contract Tower,0,0,0,0,0,0,0,1,0,1,0,0,1,0,1,0,0,0,1
02/08/2004,BAK,IN,AGL,CE,Federal Contract Tower,0,2,11,0,13,0,0,3,0,3,0,2,14,0,16,0,0,0,16
02/09/2004,BAK,IN,AGL,CE,Federal Contract Tower,0,0,19,1,20,0,0,10,1,11,0,0,29,2,31,12,0,12,43
02/10/2004,BAK,IN,AGL,CE,Federal Contract Tower,0,4,24,0,28,0,5,34,0,39,0,9,58,0,67,0,0,0,67
02/11/2004,BAK,IN,AGL,CE,Federal Contract Tower,0,2,18,1,21,0,0,71,9,80,0,2,89,10,101,26,2,28,129
02/12/2004,BAK,IN,AGL,CE,Federal Contract Tower,0,0,15,1,16,0,0,47,7,54,0,0,62,8,70,28,4,32,102
02/13/2004,BAK,IN,AGL,CE,Federal Contract Tower,0,1,10,0,11,0,0,11,0,11,0,1,21,0,22,4,0,4,26
02/14/2004,BAK,IN,AGL,CE,Federal Contract Tower,0,0,3,0,3,0,0,81,0,81,0,0,84,0,84,42,0,42,126
02/15/2004,BAK,IN,AGL,CE,Federal Contract Tower,0,0,2,0,2,0,1,36,0,37,0,1,38,0,39,14,0,14,53
02/16/2004,BAK,IN,AGL,CE,Federal Contract Tower,0,2,14,0,16,0,0,23,0,23,0,2,37,0,39,4,0,4,43
02/17/2004,BAK,IN,AGL,CE,Federal Contract Tower,0,2,15,0,17,0,0,39,0,39,0,2,54,0,56,22,0,22,78
02/18/2004,BAK,IN,AGL,CE,Federal Contract Tower,0,0,11,0,11,4,0,65,2,71,4,0,76,2,82,34,0,34,116
02/19/2004,BAK,IN,AGL,CE,Federal Contract Tower,0,2,15,0,17,0,0,57,16,73,0,2,72,16,90,8,0,8,98
02/20/2004,BAK,IN,AGL,CE,Federal Contract Tower,0,2,13,0,15,0,0,24,0,24,0,2,37,0,39,8,0,8,47
02/21/2004,BAK,IN,AGL,CE,Federal Contract Tower,0,0,7,0,7,0,0,60,0,60,0,0,67,0,67,32,0,32,99
02/22/2004,BAK,IN,AGL,CE,Federal Contract Tower,0,0,4,0,4,0,0,8,4,12,0,0,12,4,16,10,8,18,34
02/23/2004,BAK,IN,AGL,CE,Federal Contract Tower,0,2,15,0,17,0,0,26,0,26,0,2,41,0,43,12,0,12,55
02/24/2004,BAK,IN,AGL,CE,Federal Contract Tower,0,3,34,0,37,0,0,7,0,7,0,3,41,0,44,0,0,0,44
02/25/2004,BAK,IN,AGL,CE,Federal Contract Tower,0,4,33,0,37,4,0,34,4,42,4,4,67,4,79,32,4,36,115
02/26/2004,BAK,IN,AGL,CE,Federal Contract Tower,0,3,16,0,19,0,1,43,8,52,0,4,59,8,71,22,0,22,93
02/27/2004,BAK,IN,AGL,CE,Federal Contract Tower,0,2,13,0,15,0,1,104,10,115,0,3,117,10,130,38,0,38,168
02/28/2004,BAK,IN,AGL,CE,Federal Contract Tower,0,0,7,0,7,0,0,181,2,183,0,0,188,2,190,106,2,108,298
02/29/2004,BAK,IN,AGL,CE,Federal Contract Tower,0,0,4,0,4,0,1,74,0,75,0,1,78,0,79,32,0,32,111
03/01/2004,BAK,IN,AGL,CE,Federal Contract Tower,0,0,21,0,21,0,0,4,0,4,0,0,25,0,25,2,0,2,27
03/02/2004,BAK,IN,AGL,CE,Federal Contract Tower,0,2,20,0,22,0,0,31,4,35,0,2,51,4,57,10,0,10,67
03/03/2004,BAK,IN,AGL,CE,Federal Contract Tower,0,3,21,0,24,0,2,0,2,4,0,5,21,2,28,24,0,24,52
03/04/2004,BAK,IN,AGL,CE,Federal Contract Tower,0,0,19,0,19,0,0,7,0,7,0,0,26,0,26,0,4,4,30
03/05/2004,BAK,IN,AGL,CE,Federal Contract Tower,0,2,13,0,15,0,0,4,4,8,0,2,17,4,23,0,0,0,23
03/06/2004,BAK,IN,AGL,CE,Federal Contract Tower,0,0,2,0,2,0,0,41,30,71,0,0,43,30,73,14,0,14,87
03/07/2004,BAK,IN,AGL,CE,Federal Contract Tower,0,0,5,0,5,0,2,16,12,30,0,2,21,12,35,14,0,14,49
03/08/2004,BAK,IN,AGL,CE,Federal Contract Tower,0,2,17,0,19,0,0,25,2,27,0,2,42,2,46,26,2,28,74
03/09/2004,BAK,IN,AGL,CE,Federal Contract Tower,0,1,18,0,19,0,0,40,10,50,0,1,58,10,69,4,0,4,73
03/10/2004,BAK,IN,AGL,CE,Federal Contract Tower,1,1,19,0,21,3,0,58,6,67,4,1,77,6,88,12,0,12,100
03/11/2004,BAK,IN,AGL,CE,Federal Contract Tower,0,2,15,0,17,0,0,33,14,47,0,2,48,14,64,24,0,24,88
03/12/2004,BAK,IN,AGL,CE,Federal Contract Tower,0,3,14,0,17,0,0,83,14,97,0,3,97,14,114,52,0,52,166
03/13/2004,BAK,IN,AGL,CE,Federal Contract Tower,0,1,9,1,11,0,1,118,7,126,0,2,127,8,137,32,10,42,179
03/14/2004,BAK,IN,AGL,CE,Federal Contract Tower,0,0,4,0,4,0,0,17,0,17,0,0,21,0,21,4,0,4,25
03/15/2004,BAK,IN,AGL,CE,Federal Contract Tower,0,0,14,0,14,0,0,33,0,33,0,0,47,0,47,2,0,2,49
03/16/2004,BAK,IN,AGL,CE,Federal Contract Tower,0,3,15,0,18,0,5,0,0,5,0,8,15,0,23,0,0,0,23
03/17/2004,BAK,IN,AGL,CE,Federal Contract Tower,0,2,15,0,17,4,0,0,0,4,4,2,15,0,21,0,0,0,21
03/18/2004,BAK,IN,AGL,CE,Federal Contract Tower,0,0,13,0,13,0,0,15,0,15,0,0,28,0,28,48,0,48,76
03/19/2004,BAK,IN,AGL,CE,Federal Contract Tower,0,2,13,1,16,0,2,74,7,83,0,4,87,8,99,24,0,24,123
03/20/2004,BAK,IN,AGL,CE,Federal Contract Tower,0,1,8,1,10,0,2,72,15,89,0,3,80,16,99,34,0,34,133
03/21/2004,BAK,IN,AGL,CE,Federal Contract Tower,0,2,12,0,14,0,3,12,8,23,0,5,24,8,37,8,0,8,45
03/22/2004,BAK,IN,AGL,CE,Federal Contract Tower,0,2,14,0,16,0,1,26,6,33,0,3,40,6,49,16,0,16,65
03/23/2004,BAK,IN,AGL,CE,Federal Contract Tower,0,4,24,0,28,0,0,40,8,48,0,4,64,8,76,12,0,12,88
03/24/2004,BAK,IN,AGL,CE,Federal Contract Tower,0,3,15,0,18,0,6,19,0,25,0,9,34,0,43,34,0,34,77
03/25/2004,BAK,IN,AGL,CE,Federal Contract Tower,0,3,20,0,23,0,0,12,4,16,0,3,32,4,39,10,2,12,51
03/26/2004,BAK,IN,AGL,CE,Federal Contract Tower,0,0,4,0,4,0,0,0,4,4,0,0,4,4,8,0,0,0,8
03/27/2004,BAK,IN,AGL,CE,Federal Contract Tower,0,0,7,0,7,0,0,44,2,46,0,0,51,2,53,38,0,38,91
03/28/2004,BAK,IN,AGL,CE,Federal Contract Tower,0,0,7,0,7,0,2,99,0,101,0,2,106,0,108,42,0,42,150
03/29/2004,BAK,IN,AGL,CE,Federal Contract Tower,0,0,18,0,18,0,0,29,0,29,0,0,47,0,47,18,0,18,65
03/30/2004,BAK,IN,AGL,CE,Federal Contract Tower,0,1,17,0,18,0,0,4,0,4,0,1,21,0,22,0,0,0,22
03/31/2004,BAK,IN,AGL,CE,Federal Contract Tower,0,4,19,0,23,4,0,0,4,8,4,4,19,4,31,8,20,28,59
04/01/2004,BAK,IN,AGL,CE,Federal Contract Tower,0,3,21,2,26,0,3,25,6,34,0,6,46,8,60,18,0,18,78
04/02/2004,BAK,IN,AGL,CE,Federal Contract Tower,0,2,19,1,22,0,4,33,1,38,0,6,52,2,60,16,2,18,78
04/03/2004,BAK,IN,AGL,CE,Federal Contract Tower,0,0,3,0,3,0,1,105,2,108,0,1,108,2,111,36,0,36,147
04/04/2004,BAK,IN,AGL,CE,Federal Contract Tower,0,0,2,0,2,0,2,56,6,64,0,2,58,6,66,18,0,18,84
04/05/2004,BAK,IN,AGL,CE,Federal Contract Tower,2,2,25,0,29,0,0,71,0,71,2,2,96,0,100,28,0,28,128
04/06/2004,BAK,IN,AGL,CE,Federal Contract Tower,0,4,24,1,29,0,1,62,5,68,0,5,86,6,97,18,0,18,115
04/07/2004,BAK,IN,AGL,CE,Federal Contract Tower,1,4,18,1,24,1,0,33,1,35,2,4,51,2,59,24,0,24,83
04/08/2004,BAK,IN,AGL,CE,Federal Contract Tower,0,4,20,1,25,0,0,26,9,35,0,4,46,10,60,20,4,24,84
04/09/2004,BAK,IN,AGL,CE,Federal Contract Tower,0,0,2,0,2,0,2,52,8,62,0,2,54,8,64,20,2,22,86
04/10/2004,BAK,IN,AGL,CE,Federal Contract Tower,0,0,3,0,3,0,0,139,0,139,0,0,142,0,142,12,0,12,154
04/11/2004,BAK,IN,AGL,CE,Federal Contract Tower,0,1,5,0,6,0,1,14,0,15,0,2,19,0,21,14,0,14,35
04/12/2004,BAK,IN,AGL,CE,Federal Contract Tower,0,2,10,0,12,0,3,33,0,36,0,5,43,0,48,10,0,10,58
04/13/2004,BAK,IN,AGL,CE,Federal Contract Tower,0,4,16,0,20,0,4,5,0,9,0,8,21,0,29,0,0,0,29
04/14/2004,BAK,IN,AGL,CE,Federal Contract Tower,1,2,13,0,16,3,0,58,2,63,4,2,71,2,79,32,4,36,115
04/15/2004,BAK,IN,AGL,CE,Federal Contract Tower,0,4,31,2,37,0,0,70,28,98,0,4,101,30,135,6,16,22,157
04/16/2004,BAK,IN,AGL,CE,Federal Contract Tower,0,1,18,2,21,0,0,77,22,99,0,1,95,24,120,22,0,22,142
04/17/2004,BAK,IN,AGL,CE,Federal Contract Tower,0,1,7,1,9,0,0,57,15,72,0,1,64,16,81,10,10,20,101
04/18/2004,BAK,IN,AGL,CE,Federal Contract Tower,0,0,2,1,3,0,0,26,5,31,0,0,28,6,34,8,0,8,42
04/19/2004,BAK,IN,AGL,CE,Federal Contract Tower,0,1,14,1,16,0,0,53,2,55,0,1,67,3,71,12,0,12,83
04/20/2004,BAK,IN,AGL,CE,Federal Contract Tower,0,3,12,1,16,0,0,32,5,37,0,3,44,6,53,14,6,20,73
04/21/2004,BAK,IN,AGL,CE,Federal Contract Tower,0,3,24,0,27,4,0,7,0,11,4,3,31,0,38,0,0,0,38
04/22/2004,BAK,IN,AGL,CE,Federal Contract Tower,0,4,20,3,27,0,0,12,9,21,0,4,32,12,48,0,0,0,48
04/23/2004,BAK,IN,AGL,CE,Federal Contract Tower,0,0,15,1,16,0,0,4,15,19,0,0,19,16,35,2,0,2,37
04/24/2004,BAK,IN,AGL,CE,Federal Contract Tower,0,2,7,1,10,0,0,287,15,302,0,2,294,16,312,70,0,70,382
04/25/2004,BAK,IN,AGL,CE,Federal Contract Tower,0,0,5,1,6,0,0,39,11,50,0,0,44,12,56,2,0,2,58
04/26/2004,BAK,IN,AGL,CE,Federal Contract Tower,0,3,15,0,18,2,0,39,14,55,2,3,54,14,73,12,6,18,91
04/27/2004,BAK,IN,AGL,CE,Federal Contract Tower,0,1,17,0,18,2,0,51,0,53,2,1,68,0,71,4,0,4,75
04/28/2004,BAK,IN,AGL,CE,Federal Contract Tower,0,0,13,0,13,2,0,60,24,86,2,0,73,24,99,18,36,54,153
04/29/2004,BAK,IN,AGL,CE,Federal Contract Tower,0,2,18,1,21,0,0,76,13,89,0,2,94,14,110,46,2,48,158
04/30/2004,BAK,IN,AGL,CE,Federal Contract Tower,0,3,13,0,16,0,3,23,0,26,0,6,36,0,42,10,0,10,52
05/01/2004,BAK,IN,AGL,CE,Federal Contract Tower,0,0,3,0,3,2,0,0,0,2,2,0,3,0,5,2,0,2,7
05/02/2004,BAK,IN,AGL,CE,Federal Contract Tower,0,0,2,0,2,0,0,10,0,10,0,0,12,0,12,0,0,0,12
05/03/2004,BAK,IN,AGL,CE,Federal Contract Tower,0,1,12,0,13,0,0,46,0,46,0,1,58,0,59,26,0,26,85
05/04/2004,BAK,IN,AGL,CE,Federal Contract Tower,0,6,20,1,27,0,2,27,3,32,0,8,47,4,59,8,0,8,67
05/05/2004,BAK,IN,AGL,CE,Federal Contract Tower,2,1,16,0,19,2,0,79,6,87,4,1,95,6,106,34,12,46,152
05/06/2004,BAK,IN,AGL,CE,Federal Contract Tower,0,6,24,0,30,0,0,83,0,83,0,6,107,0,113,72,0,72,185
05/07/2004,BAK,IN,AGL,CE,Federal Contract Tower,0,2,11,0,13,0,0,39,4,43,0,2,50,4,56,26,8,34,90
05/08/2004,BAK,IN,AGL,CE,Federal Contract Tower,0,1,4,0,5,0,0,127,0,127,0,1,131,0,132,20,0,20,152
05/09/2004,BAK,IN,AGL,CE,Federal Contract Tower,0,1,4,0,5,0,1,40,6,47,0,2,44,6,52,30,0,30,82
05/10/2004,BAK,IN,AGL,CE,Federal Contract Tower,0,5,20,0,25,0,0,31,22,53,0,5,51,22,78,44,0,44,122
05/11/2004,BAK,IN,AGL,CE,Federal Contract Tower,0,9,30,3,42,0,1,72,19,92,0,10,102,22,134,48,6,54,188
05/12/2004,BAK,IN,AGL,CE,Federal Contract Tower,2,4,16,0,22,0,0,25,0,25,2,4,41,0,47,8,0,8,55
05/13/2004,BAK,IN,AGL,CE,Federal Contract Tower,0,5,16,0,21,0,0,33,2,35,0,5,49,2,56,0,0,0,56
05/14/2004,BAK,IN,AGL,CE,Federal Contract Tower,0,2,6,0,8,0,0,7,6,13,0,2,13,6,21,10,4,14,35
05/15/2004,BAK,IN,AGL,CE,Federal Contract Tower,2,3,16,0,21,4,0,2,2,8,6,3,18,2,29,8,2,10,39
05/16/2004,BAK,IN,AGL,CE,Federal Contract Tower,0,0,5,0,5,0,0,52,0,52,0,0,57,0,57,22,0,22,79
05/17/2004,BAK,IN,AGL,CE,Federal Contract Tower,0,3,10,0,13,0,1,35,0,36,0,4,45,0,49,0,0,0,49
05/18/2004,BAK,IN,AGL,CE,Federal Contract Tower,2,5,15,0,22,0,4,29,14,47,2,9,44,14,69,10,12,22,91
05/19/2004,BAK,IN,AGL,CE,Federal Contract Tower,4,9,31,0,44,4,0,68,0,72,8,9,99,0,116,4,0,4,120
05/20/2004,BAK,IN,AGL,CE,Federal Contract Tower,3,7,22,3,35,0,0,67,5,72,3,7,89,8,107,10,4,14,121
05/21/2004,BAK,IN,AGL,CE,Federal Contract Tower,1,3,12,0,16,0,0,36,6,42,1,3,48,6,58,32,0,32,90
05/22/2004,BAK,IN,AGL,CE,Federal Contract Tower,0,2,7,0,9,0,2,99,0,101,0,4,106,0,110,62,0,62,172
05/23/2004,BAK,IN,AGL,CE,Federal Contract Tower,0,3,7,0,10,3,4,23,0,30,3,7,30,0,40,54,0,54,94
05/24/2004,BAK,IN,AGL,CE,Federal Contract Tower,0,2,11,0,13,0,0,39,4,43,0,2,50,4,56,44,0,44,100
05/25/2004,BAK,IN,AGL,CE,Federal Contract Tower,2,5,21,0,28,1,0,27,0,28,3,5,48,0,56,4,0,4,60
05/26/2004,BAK,IN,AGL,CE,Federal Contract Tower,1,6,17,0,24,1,1,24,0,26,2,7,41,0,50,36,0,36,86
05/27/2004,BAK,IN,AGL,CE,Federal Contract Tower,2,6,20,0,28,0,5,19,8,32,2,11,39,8,60,6,0,6,66
05/28/2004,BAK,IN,AGL,CE,Federal Contract Tower,2,6,18,0,26,1,5,188,0,194,3,11,206,0,220,68,0,68,288
05/29/2004,BAK,IN,AGL,CE,Federal Contract Tower,0,2,6,0,8,0,0,140,0,140,0,2,146,0,148,26,0,26,174
05/30/2004,BAK,IN,AGL,CE,Federal Contract Tower,0,0,1,0,1,0,0,0,2,2,0,0,1,2,3,0,0,0,3
05/31/2004,BAK,IN,AGL,CE,Federal Contract Tower,0,1,4,0,5,1,0,45,2,48,1,1,49,2,53,0,0,0,53
06/01/2004,BAK,IN,AGL,CE,Federal Contract Tower,0,1,10,0,11,0,0,40,0,40,0,1,50,0,51,12,0,12,63
06/02/2004,BAK,IN,AGL,CE,Federal Contract Tower,0,0,8,1,9,0,0,26,17,43,0,0,34,18,52,12,6,18,70
06/03/2004,BAK,IN,AGL,CE,Federal Contract Tower,0,2,14,2,18,0,2,72,12,86,0,4,86,14,104,18,6,24,128
06/04/2004,BAK,IN,AGL,CE,Federal Contract Tower,4,1,10,0,15,0,0,60,0,60,4,1,70,0,75,34,0,34,109
06/05/2004,BAK,IN,AGL,CE,Federal Contract Tower,0,0,4,0,4,1,2,142,0,145,1,2,146,0,149,116,0,116,265
06/06/2004,BAK,IN,AGL,CE,Federal Contract Tower,0,0,5,1,6,0,2,53,7,62,0,2,58,8,68,32,0,32,100
06/07/2004,BAK,IN,AGL,CE,Federal Contract Tower,0,0,14,2,16,0,0,59,2,61,0,0,73,4,77,38,0,38,115
06/08/2004,BAK,IN,AGL,CE,Federal Contract Tower,0,4,16,2,22,0,5,57,8,70,0,9,73,10,92,96,2,98,190
06/09/2004,BAK,IN,AGL,CE,Federal Contract Tower,0,0,6,1,7,0,0,71,3,74,0,0,77,4,81,12,0,12,93
06/10/2004,BAK,IN,AGL,CE,Federal Contract Tower,0,5,17,0,22,0,0,19,0,19,0,5,36,0,41,34,2,36,77
06/11/2004,BAK,IN,AGL,CE,Federal Contract Tower,0,3,10,2,15,0,0,50,0,50,0,3,60,2,65,8,2,10,75
06/12/2004,BAK,IN,AGL,CE,Federal Contract Tower,0,0,4,1,5,0,0,19,1,20,0,0,23,2,25,20,0,20,45
06/13/2004,BAK,IN,AGL,CE,Federal Contract Tower,1,2,7,0,10,1,0,14,0,15,2,2,21,0,25,34,0,34,59
06/14/2004,BAK,IN,AGL,CE,Federal Contract Tower,0,4,12,2,18,0,3,28,0,31,0,7,40,2,49,20,0,20,69
06/15/2004,BAK,IN,AGL,CE,Federal Contract Tower,1,5,16,2,24,0,5,14,2,21,1,10,30,4,45,82,0,82,127
06/16/2004,BAK,IN,AGL,CE,Federal Contract Tower,4,3,22,1,30,6,0,14,9,29,10,3,36,10,59,50,0,50,109
06/17/2004,BAK,IN,AGL,CE,Federal Contract Tower,4,6,18,1,29,2,0,45,17,64,6,6,63,18,93,32,14,46,139
06/18/2004,BAK,IN,AGL,CE,Federal Contract Tower,3,7,24,2,36,0,1,90,6,97,3,8,114,8,133,226,4,230,363
06/19/2004,BAK,IN,AGL,CE,Federal Contract Tower,3,3,10,0,16,3,0,83,4,90,6,3,93,4,106,64,2,66,172
06/20/2004,BAK,IN,AGL,CE,Federal Contract Tower,0,2,6,0,8,0,2,127,0,129,0,4,133,0,137,28,0,28,165
06/21/2004,BAK,IN,AGL,CE,Federal Contract Tower,2,2,14,1,19,0,0,79,1,80,2,2,93,2,99,14,0,14,113
06/22/2004,BAK,IN,AGL,CE,Federal Contract Tower,4,6,19,0,29,0,4,48,0,52,4,10,67,0,81,48,0,48,129
06/23/2004,BAK,IN,AGL,CE,Federal Contract Tower,5,7,23,0,35,6,1,77,0,84,11,8,100,0,119,128,0,128,247
06/24/2004,BAK,IN,AGL,CE,Federal Contract Tower,4,3,21,1,29,7,0,60,15,82,11,3,81,16,111,58,10,68,179
06/25/2004,BAK,IN,AGL,CE,Federal Contract Tower,4,1,19,1,25,6,0,85,17,108,10,1,104,18,133,82,4,86,219
06/26/2004,BAK,IN,AGL,CE,Federal Contract Tower,2,3,12,0,17,8,0,199,0,207,10,3,211,0,224,96,0,96,320
06/27/2004,BAK,IN,AGL,CE,Federal Contract Tower,0,0,0,0,0,0,0,57,0,57,0,0,57,0,57,182,0,182,239
06/28/2004,BAK,IN,AGL,CE,Federal Contract Tower,2,3,15,0,20,0,0,53,0,53,2,3,68,0,73,32,0,32,105
06/29/2004,BAK,IN,AGL,CE,Federal Contract Tower,4,2,20,1,27,0,0,94,3,97,4,2,114,4,124,62,0,62,186
06/30/2004,BAK,IN,AGL,CE,Federal Contract Tower,0,2,10,0,12,0,0,94,4,98,0,2,104,4,110,50,0,50,160
07/01/2004,BAK,IN,AGL,CE,Federal Contract Tower,0,0,7,0,7,0,0,54,14,68,0,0,61,14,75,48,0,48,123
07/02/2004,BAK,IN,AGL,CE,Federal Contract Tower,0,2,12,0,14,0,0,78,0,78,0,2,90,0,92,54,0,54,146
07/03/2004,BAK,IN,AGL,CE,Federal Contract Tower,0,0,2,0,2,0,0,154,4,158,0,0,156,4,160,80,2,82,242
07/04/2004,BAK,IN,AGL,CE,Federal Contract Tower,0,0,4,0,4,0,0,77,0,77,0,0,81,0,81,40,0,40,121
07/05/2004,BAK,IN,AGL,CE,Federal Contract Tower,0,0,7,0,7,0,0,79,4,83,0,0,86,4,90,136,0,136,226
07/06/2004,BAK,IN,AGL,CE,Federal Contract Tower,0,2,8,0,10,0,0,59,28,87,0,2,67,28,97,0,0,0,97
07/07/2004,BAK,IN,AGL,CE,Federal Contract Tower,0,3,19,1,23,0,0,29,0,29,0,3,48,1,52,2,0,2,54
07/08/2004,BAK,IN,AGL,CE,Federal Contract Tower,1,3,17,2,23,1,0,121,21,143,2,3,138,23,166,20,0,20,186
07/09/2004,BAK,IN,AGL,CE,Federal Contract Tower,0,2,14,2,18,0,0,78,12,90,0,2,92,14,108,20,32,52,160
07/10/2004,BAK,IN,AGL,CE,Federal Contract Tower,0,0,5,0,5,2,0,84,11,97,2,0,89,11,102,56,4,60,162
07/11/2004,BAK,IN,AGL,CE,Federal Contract Tower,0,1,6,0,7,0,1,64,2,67,0,2,70,2,74,34,0,34,108
07/12/2004,BAK,IN,AGL,CE,Federal Contract Tower,0,2,20,2,24,2,0,51,0,53,2,2,71,2,77,26,2,28,105
07/13/2004,BAK,IN,AGL,CE,Federal Contract Tower,0,4,28,3,35,0,0,46,0,46,0,4,74,3,81,94,2,96,177
07/14/2004,BAK,IN,AGL,CE,Federal Contract Tower,0,6,24,3,33,0,0,60,1,61,0,6,84,4,94,26,0,26,120
07/15/2004,BAK,IN,AGL,CE,Federal Contract Tower,0,4,17,2,23,1,4,64,0,69,1,8,81,2,92,82,0,82,174
07/16/2004,BAK,IN,AGL,CE,Federal Contract Tower,0,4,19,2,25,0,0,81,10,91,0,4,100,12,116,42,0,42,158
07/17/2004,BAK,IN,AGL,CE,Federal Contract Tower,0,2,8,0,10,0,2,24,0,26,0,4,32,0,36,0,0,0,36
07/18/2004,BAK,IN,AGL,CE,Federal Contract Tower,0,2,8,0,10,0,1,33,0,34,0,3,41,0,44,24,0,24,68
07/19/2004,BAK,IN,AGL,CE,Federal Contract Tower,0,4,17,0,21,0,1,63,0,64,0,5,80,0,85,28,0,28,113
07/20/2004,BAK,IN,AGL,CE,Federal Contract Tower,0,3,15,0,18,0,0,57,0,57,0,3,72,0,75,22,0,22,97
07/21/2004,BAK,IN,AGL,CE,Federal Contract Tower,0,4,23,2,29,0,0,46,7,53,0,4,69,9,82,32,0,32,114
07/22/2004,BAK,IN,AGL,CE,Federal Contract Tower,0,2,21,2,25,0,0,35,5,40,0,2,56,7,65,38,0,38,103
07/23/2004,BAK,IN,AGL,CE,Federal Contract Tower,0,4,14,0,18,0,1,34,0,35,0,5,48,0,53,14,0,14,67
07/24/2004,BAK,IN,AGL,CE,Federal Contract Tower,0,1,6,0,7,0,4,141,0,145,0,5,147,0,152,42,0,42,194
07/25/2004,BAK,IN,AGL,CE,Federal Contract Tower,0,2,9,0,11,0,3,15,0,18,0,5,24,0,29,24,0,24,53
07/26/2004,BAK,IN,AGL,CE,Federal Contract Tower,0,4,17,0,21,0,0,20,0,20,0,4,37,0,41,4,0,4,45
07/27/2004,BAK,IN,AGL,CE,Federal Contract Tower,0,3,15,1,19,0,0,78,10,88,0,3,93,11,107,126,0,126,233
07/28/2004,BAK,IN,AGL,CE,Federal Contract Tower,0,2,23,1,26,0,0,79,3,82,0,2,102,4,108,36,0,36,144
07/29/2004,BAK,IN,AGL,CE,Federal Contract Tower,0,8,32,2,42,0,5,48,7,60,0,13,80,9,102,34,4,38,140
07/30/2004,BAK,IN,AGL,CE,Federal Contract Tower,0,3,19,0,22,0,0,42,0,42,0,3,61,0,64,42,0,42,106
07/31/2004,BAK,IN,AGL,CE,Federal Contract Tower,0,2,17,1,20,0,0,49,3,52,0,2,66,4,72,18,0,18,90
08/01/2004,BAK,IN,AGL,CE,Federal Contract Tower,0,0,4,0,4,0,0,79,0,79,0,0,83,0,83,44,0,44,127
08/02/2004,BAK,IN,AGL,CE,Federal Contract Tower,0,2,10,0,12,0,0,76,11,87,0,2,86,11,99,32,0,32,131
08/03/2004,BAK,IN,AGL,CE,Federal Contract Tower,0,3,18,0,21,0,0,63,0,63,0,3,81,0,84,38,0,38,122
08/04/2004,BAK,IN,AGL,CE,Federal Contract Tower,0,2,18,0,20,0,0,104,0,104,0,2,122,0,124,28,0,28,152
08/05/2004,BAK,IN,AGL,CE,Federal Contract Tower,0,2,17,0,19,0,0,66,4,70,0,2,83,4,89,36,2,38,127
08/06/2004,BAK,IN,AGL,CE,Federal Contract Tower,0,3,17,0,20,0,1,123,0,124,0,4,140,0,144,66,0,66,210
08/07/2004,BAK,IN,AGL,CE,Federal Contract Tower,0,0,8,0,8,0,0,160,0,160,0,0,168,0,168,76,0,76,244
08/08/2004,BAK,IN,AGL,CE,Federal Contract Tower,0,3,14,0,17,0,0,62,0,62,0,3,76,0,79,60,0,60,139
08/09/2004,BAK,IN,AGL,CE,Federal Contract Tower,0,1,18,0,19,0,0,44,0,44,0,1,62,0,63,58,0,58,121
08/10/2004,BAK,IN,AGL,CE,Federal Contract Tower,0,4,20,0,24,0,0,51,0,51,0,4,71,0,75,12,0,12,87
08/11/2004,BAK,IN,AGL,CE,Federal Contract Tower,0,3,18,0,21,0,0,96,2,98,0,3,114,2,119,34,2,36,155
08/12/2004,BAK,IN,AGL,CE,Federal Contract Tower,0,4,28,5,37,0,6,61,3,70,0,10,89,8,107,114,8,122,229
08/13/2004,BAK,IN,AGL,CE,Federal Contract Tower,0,2,18,0,20,0,0,61,10,71,0,2,79,10,91,32,0,32,123
08/14/2004,BAK,IN,AGL,CE,Federal Contract Tower,0,0,5,0,5,0,0,163,6,169,0,0,168,6,174,48,0,48,222
08/15/2004,BAK,IN,AGL,CE,Federal Contract Tower,0,0,3,0,3,0,0,51,6,57,0,0,54,6,60,24,6,30,90
08/16/2004,BAK,IN,AGL,CE,Federal Contract Tower,0,0,15,0,15,0,0,74,14,88,0,0,89,14,103,38,2,40,143
08/17/2004,BAK,IN,AGL,CE,Federal Contract Tower,0,3,19,0,22,0,0,42,8,50,0,3,61,8,72,38,12,50,122
08/18/2004,BAK,IN,AGL,CE,Federal Contract Tower,0,1,19,4,24,0,4,69,0,73,0,5,88,4,97,12,4,16,113
08/19/2004,BAK,IN,AGL,CE,Federal Contract Tower,0,2,23,5,30,2,5,65,13,85,2,7,88,18,115,52,14,66,181
08/20/2004,BAK,IN,AGL,CE,Federal Contract Tower,0,4,18,0,22,0,0,0,2,2,0,4,18,2,24,0,0,0,24
08/21/2004,BAK,IN,AGL,CE,Federal Contract Tower,0,3,18,0,21,2,1,72,0,75,2,4,90,0,96,12,0,12,108
08/22/2004,BAK,IN,AGL,CE,Federal Contract Tower,0,1,8,0,9,0,0,69,3,72,0,1,77,3,81,34,2,36,117
08/23/2004,BAK,IN,AGL,CE,Federal Contract Tower,0,1,18,0,19,0,0,52,8,60,0,1,70,8,79,28,20,48,127
08/24/2004,BAK,IN,AGL,CE,Federal Contract Tower,0,0,14,0,14,0,0,37,0,37,0,0,51,0,51,12,0,12,63
08/25/2004,BAK,IN,AGL,CE,Federal Contract Tower,0,2,14,0,16,0,0,15,2,17,0,2,29,2,33,0,4,4,37
08/26/2004,BAK,IN,AGL,CE,Federal Contract Tower,0,4,19,0,23,0,0,71,0,71,0,4,90,0,94,14,0,14,108
08/27/2004,BAK,IN,AGL,CE,Federal Contract Tower,0,2,18,0,20,0,5,64,0,69,0,7,82,0,89,28,0,28,117
08/28/2004,BAK,IN,AGL,CE,Federal Contract Tower,0,0,4,0,4,0,2,38,2,42,0,2,42,2,46,2,0,2,48
08/29/2004,BAK,IN,AGL,CE,Federal Contract Tower,0,2,11,0,13,0,0,7,0,7,0,2,18,0,20,0,0,0,20
08/30/2004,BAK,IN,AGL,CE,Federal Contract Tower,0,3,21,0,24,0,4,38,0,42,0,7,59,0,66,10,0,10,76
08/31/2004,BAK,IN,AGL,CE,Federal Contract Tower,0,2,11,0,13,4,2,61,0,67,4,4,72,0,80,58,0,58,138
09/01/2004,BAK,IN,AGL,CE,Federal Contract Tower,5,4,24,0,33,3,4,61,4,72,8,8,85,4,105,42,8,50,155
09/02/2004,BAK,IN,AGL,CE,Federal Contract Tower,5,4,22,0,31,1,0,64,0,65,6,4,86,0,96,50,2,52,148
09/03/2004,BAK,IN,AGL,CE,Federal Contract Tower,4,3,17,0,24,0,0,22,4,26,4,3,39,4,50,4,2,6,56
09/04/2004,BAK,IN,AGL,CE,Federal Contract Tower,2,0,7,0,9,2,0,50,0,52,4,0,57,0,61,20,0,20,81
09/05/2004,BAK,IN,AGL,CE,Federal Contract Tower,1,0,1,0,2,0,0,34,0,34,1,0,35,0,36,10,0,10,46
09/06/2004,BAK,IN,AGL,CE,Federal Contract Tower,0,2,4,0,6,0,0,43,0,43,0,2,47,0,49,4,0,4,53
09/07/2004,BAK,IN,AGL,CE,Federal Contract Tower,0,2,17,0,19,0,0,36,6,42,0,2,53,6,61,10,8,18,79
09/08/2004,BAK,IN,AGL,CE,Federal Contract Tower,0,2,11,0,13,0,2,40,0,42,0,4,51,0,55,34,0,34,89
09/09/2004,BAK,IN,AGL,CE,Federal Contract Tower,0,4,14,0,18,0,1,55,12,68,0,5,69,12,86,20,14,34,120
09/10/2004,BAK,IN,AGL,CE,Federal Contract Tower,0,6,26,0,32,0,10,69,0,79,0,16,95,0,111,42,0,42,153
09/11/2004,BAK,IN,AGL,CE,Federal Contract Tower,0,0,5,0,5,0,0,170,0,170,0,0,175,0,175,62,0,62,237
09/12/2004,BAK,IN,AGL,CE,Federal Contract Tower,0,2,7,0,9,0,0,66,12,78,0,2,73,12,87,14,0,14,101
09/13/2004,BAK,IN,AGL,CE,Federal Contract Tower,5,5,21,0,31,0,2,42,1,45,5,7,63,1,76,20,0,20,96
09/14/2004,BAK,IN,AGL,CE,Federal Contract Tower,4,3,21,0,28,2,0,66,2,70,6,3,87,2,98,4,8,12,110
09/15/2004,BAK,IN,AGL,CE,Federal Contract Tower,4,3,16,0,23,1,1,42,4,48,5,4,58,4,71,20,6,26,97
09/16/2004,BAK,IN,AGL,CE,Federal Contract Tower,2,2,14,0,18,1,0,60,0,61,3,2,74,0,79,40,0,40,119
09/17/2004,BAK,IN,AGL,CE,Federal Contract Tower,2,0,14,1,17,2,0,65,5,72,4,0,79,6,89,4,6,10,99
09/18/2004,BAK,IN,AGL,CE,Federal Contract Tower,1,0,11,0,12,9,0,332,0,341,10,0,343,0,353,40,0,40,393
09/19/2004,BAK,IN,AGL,CE,Federal Contract Tower,2,3,15,0,20,1,1,77,4,83,3,4,92,4,103,32,12,44,147
09/20/2004,BAK,IN,AGL,CE,Federal Contract Tower,3,1,20,0,24,1,0,49,0,50,4,1,69,0,74,36,0,36,110
09/21/2004,BAK,IN,AGL,CE,Federal Contract Tower,3,5,22,0,30,1,0,67,0,68,4,5,89,0,98,8,0,8,106
09/22/2004,BAK,IN,AGL,CE,Federal Contract Tower,4,4,23,0,31,3,0,55,0,58,7,4,78,0,89,12,0,12,101
09/23/2004,BAK,IN,AGL,CE,Federal Contract Tower,3,5,21,0,29,0,2,62,10,74,3,7,83,10,103,12,8,20,123
09/24/2004,BAK,IN,AGL,CE,Federal Contract Tower,2,4,20,0,26,0,0,86,4,90,2,4,106,4,116,44,0,44,160
09/25/2004,BAK,IN,AGL,CE,Federal Contract Tower,0,0,9,0,9,0,0,116,2,118,0,0,125,2,127,30,4,34,161
09/26/2004,BAK,IN,AGL,CE,Federal Contract Tower,0,0,1,0,1,0,0,43,0,43,0,0,44,0,44,16,0,16,60
09/27/2004,BAK,IN,AGL,CE,Federal Contract Tower,0,2,12,0,14,0,2,72,0,74,0,4,84,0,88,22,0,22,110
09/28/2004,BAK,IN,AGL,CE,Federal Contract Tower,0,4,16,0,20,0,0,57,0,57,0,4,73,0,77,2,0,2,79
09/29/2004,BAK,IN,AGL,CE,Federal Contract Tower,2,2,18,0,22,0,0,53,0,53,2,2,71,0,75,6,0,6,81
09/30/2004,BAK,IN,AGL,CE,Federal Contract Tower,2,2,19,0,23,0,0,58,0,58,2,2,77,0,81,40,0,40,121
10/01/2004,BAK,IN,AGL,CE,Federal Contract Tower,0,2,14,0,16,0,0,47,0,47,0,2,61,0,63,12,0,12,75
10/02/2004,BAK,IN,AGL,CE,Federal Contract Tower,0,5,14,0,19,0,0,48,0,48,0,5,62,0,67,6,8,14,81
10/03/2004,BAK,IN,AGL,CE,Federal Contract Tower,0,2,4,2,8,0,0,60,0,60,0,2,64,2,68,32,0,32,100
10/04/2004,BAK,IN,AGL,CE,Federal Contract Tower,0,1,18,0,19,0,0,74,0,74,0,1,92,0,93,22,0,22,115
10/05/2004,BAK,IN,AGL,CE,Federal Contract Tower,0,2,11,0,13,0,0,69,4,73,0,2,80,4,86,12,0,12,98
10/06/2004,BAK,IN,AGL,CE,Federal Contract Tower,0,8,14,0,22,0,0,46,0,46,0,8,60,0,68,6,0,6,74
10/07/2004,BAK,IN,AGL,CE,Federal Contract Tower,0,5,16,2,23,0,0,56,12,68,0,5,72,14,91,36,8,44,135
10/08/2004,BAK,IN,AGL,CE,Federal Contract Tower,0,6,18,2,26,0,0,41,2,43,0,6,59,4,69,56,0,56,125
10/09/2004,BAK,IN,AGL,CE,Federal Contract Tower,0,1,12,0,13,0,0,26,0,26,0,1,38,0,39,32,0,32,71
10/10/2004,BAK,IN,AGL,CE,Federal Contract Tower,0,4,16,0,20,0,0,80,0,80,0,4,96,0,100,28,0,28,128
10/11/2004,BAK,IN,AGL,CE,Federal Contract Tower,0,3,10,0,13,0,0,49,0,49,0,3,59,0,62,22,0,22,84
10/12/2004,BAK,IN,AGL,CE,Federal Contract Tower,0,6,19,0,25,0,2,24,0,26,0,8,43,0,51,0,0,0,51
10/13/2004,BAK,IN,AGL,CE,Federal Contract Tower,0,9,27,0,36,0,0,0,0,0,0,9,27,0,36,2,0,2,38
10/14/2004,BAK,IN,AGL,CE,Federal Contract Tower,2,2,20,0,24,0,0,9,0,9,2,2,29,0,33,0,0,0,33
10/15/2004,BAK,IN,AGL,CE,Federal Contract Tower,1,4,15,2,22,0,0,16,2,18,1,4,31,4,40,0,4,4,44
10/16/2004,BAK,IN,AGL,CE,Federal Contract Tower,0,0,2,2,4,0,0,57,0,57,0,0,59,2,61,6,0,6,67
10/17/2004,BAK,IN,AGL,CE,Federal Contract Tower,0,0,1,1,2,0,0,86,5,91,0,0,87,6,93,48,0,48,141
10/18/2004,BAK,IN,AGL,CE,Federal Contract Tower,0,5,14,2,21,0,0,0,0,0,0,5,14,2,21,0,0,0,21
10/19/2004,BAK,IN,AGL,CE,Federal Contract Tower,0,6,19,0,25,0,0,2,2,4,0,6,21,2,29,2,0,2,31
10/20/2004,BAK,IN,AGL,CE,Federal Contract Tower,0,4,29,0,33,0,0,0,0,0,0,4,29,0,33,0,0,0,33
10/21/2004,BAK,IN,AGL,CE,Federal Contract Tower,0,6,18,0,24,0,1,34,0,35,0,7,52,0,59,60,0,60,119
10/22/2004,BAK,IN,AGL,CE,Federal Contract Tower,0,4,21,0,25,0,0,45,0,45,0,4,66,0,70,14,0,14,84
10/23/2004,BAK,IN,AGL,CE,Federal Contract Tower,0,0,6,0,6,0,0,0,0,0,0,0,6,0,6,0,0,0,6
10/24/2004,BAK,IN,AGL,CE,Federal Contract Tower,0,0,13,0,13,0,0,113,0,113,0,0,126,0,126,30,0,30,156
10/25/2004,BAK,IN,AGL,CE,Federal Contract Tower,0,4,14,2,20,0,1,72,2,75,0,5,86,4,95,48,0,48,143
10/26/2004,BAK,IN,AGL,CE,Federal Contract Tower,0,4,23,0,27,0,0,67,2,69,0,4,90,2,96,20,2,22,118
10/27/2004,BAK,IN,AGL,CE,Federal Contract Tower,0,9,27,2,38,0,0,0,4,4,0,9,27,6,42,0,0,0,42
10/28/2004,BAK,IN,AGL,CE,Federal Contract Tower,0,9,24,0,33,0,0,11,4,15,0,9,35,4,48,0,0,0,48
10/29/2004,BAK,IN,AGL,CE,Federal Contract Tower,0,8,13,0,21,0,0,11,4,15,0,8,24,4,36,2,0,2,38
10/30/2004,BAK,IN,AGL,CE,Federal Contract Tower,2,1,1,0,4,0,0,16,0,16,2,1,17,0,20,2,0,2,22
10/31/2004,BAK,IN,AGL,CE,Federal Contract Tower,0,0,14,0,14,0,0,55,0,55,0,0,69,0,69,36,0,36,105
11/01/2004,BAK,IN,AGL,CE,Federal Contract Tower,0,3,11,0,14,0,0,21,0,21,0,3,32,0,35,0,0,0,35
11/02/2004,BAK,IN,AGL,CE,Federal Contract Tower,2,0,18,0,20,0,0,0,0,0,2,0,18,0,20,0,0,0,20
11/03/2004,BAK,IN,AGL,CE,Federal Contract Tower,0,4,18,2,24,0,0,32,6,38,0,4,50,8,62,10,12,22,84
11/04/2004,BAK,IN,AGL,CE,Federal Contract Tower,0,8,28,0,36,0,0,4,0,4,0,8,32,0,40,0,0,0,40
11/05/2004,BAK,IN,AGL,CE,Federal Contract Tower,0,3,13,0,16,0,0,85,6,91,0,3,98,6,107,22,0,22,129
11/06/2004,BAK,IN,AGL,CE,Federal Contract Tower,0,1,5,0,6,0,0,140,9,149,0,1,145,9,155,40,2,42,197
11/07/2004,BAK,IN,AGL,CE,Federal Contract Tower,0,1,4,2,7,0,0,79,2,81,0,1,83,4,88,54,4,58,146
11/08/2004,BAK,IN,AGL,CE,Federal Contract Tower,0,1,15,0,16,0,0,66,4,70,0,1,81,4,86,28,6,34,120
11/09/2004,BAK,IN,AGL,CE,Federal Contract Tower,0,11,24,2,37,0,0,62,6,68,0,11,86,8,105,28,4,32,137
11/10/2004,BAK,IN,AGL,CE,Federal Contract Tower,0,5,27,4,36,0,0,73,2,75,0,5,100,6,111,34,0,34,145
11/11/2004,BAK,IN,AGL,CE,Federal Contract Tower,0,3,26,0,29,0,0,1,0,1,0,3,27,0,30,2,0,2,32
11/12/2004,BAK,IN,AGL,CE,Federal Contract Tower,0,1,29,0,30,0,0,28,2,30,0,1,57,2,60,12,2,14,74
11/13/2004,BAK,IN,AGL,CE,Federal Contract Tower,0,0,4,0,4,0,0,98,0,98,0,0,102,0,102,60,0,60,162
11/14/2004,BAK,IN,AGL,CE,Federal Contract Tower,0,0,8,0,8,0,0,50,0,50,0,0,58,0,58,46,0,46,104
11/15/2004,BAK,IN,AGL,CE,Federal Contract Tower,0,1,24,0,25,0,0,28,0,28,0,1,52,0,53,20,0,20,73
11/16/2004,BAK,IN,AGL,CE,Federal Contract Tower,0,1,35,0,36,0,0,7,0,7,0,1,42,0,43,0,0,0,43
11/17/2004,BAK,IN,AGL,CE,Federal Contract Tower,0,5,22,0,27,0,0,36,0,36,0,5,58,0,63,42,0,42,105
11/18/2004,BAK,IN,AGL,CE,Federal Contract Tower,0,4,26,0,30,0,0,37,0,37,0,4,63,0,67,6,24,30,97
11/19/2004,BAK,IN,AGL,CE,Federal Contract Tower,0,6,19,0,25,0,0,24,0,24,0,6,43,0,49,0,0,0,49
11/20/2004,BAK,IN,AGL,CE,Federal Contract Tower,0,0,9,0,9,0,0,7,0,7,0,0,16,0,16,4,0,4,20
11/21/2004,BAK,IN,AGL,CE,Federal Contract Tower,0,0,13,0,13,0,0,43,0,43,0,0,56,0,56,52,0,52,108
11/22/2004,BAK,IN,AGL,CE,Federal Contract Tower,0,3,14,2,19,0,0,37,0,37,0,3,51,2,56,2,0,2,58
11/23/2004,BAK,IN,AGL,CE,Federal Contract Tower,0,5,22,0,27,0,0,20,0,20,0,5,42,0,47,0,0,0,47
11/24/2004,BAK,IN,AGL,CE,Federal Contract Tower,0,2,13,0,15,0,0,2,0,2,0,2,15,0,17,0,0,0,17
11/25/2004,BAK,IN,AGL,CE,Federal Contract Tower,0,0,2,0,2,0,0,34,0,34,0,0,36,0,36,48,0,48,84
11/26/2004,BAK,IN,AGL,CE,Federal Contract Tower,0,1,8,0,9,0,0,36,0,36,0,1,44,0,45,74,0,74,119
11/27/2004,BAK,IN,AGL,CE,Federal Contract Tower,0,0,2,0,2,0,0,9,0,9,0,0,11,0,11,20,0,20,31
11/28/2004,BAK,IN,AGL,CE,Federal Contract Tower,0,3,5,0,8,0,0,33,0,33,0,3,38,0,41,24,0,24,65
11/29/2004,BAK,IN,AGL,CE,Federal Contract Tower,0,1,12,0,13,0,0,17,0,17,0,1,29,0,30,4,0,4,34
11/30/2004,BAK,IN,AGL,CE,Federal Contract Tower,0,4,14,0,18,0,0,6,0,6,0,4,20,0,24,0,0,0,24
12/01/2004,BAK,IN,AGL,CE,Federal Contract Tower,0,1,13,0,14,0,0,41,0,41,0,1,54,0,55,22,0,22,77
12/02/2004,BAK,IN,AGL,CE,Federal Contract Tower,0,4,18,0,22,0,0,70,16,86,0,4,88,16,108,20,16,36,144
12/03/2004,BAK,IN,AGL,CE,Federal Contract Tower,0,4,17,0,21,0,0,76,2,78,0,4,93,2,99,58,0,58,157
12/04/2004,BAK,IN,AGL,CE,Federal Contract Tower,0,2,8,0,10,0,0,8,0,8,0,2,16,0,18,8,0,8,26
12/05/2004,BAK,IN,AGL,CE,Federal Contract Tower,0,1,5,1,7,0,0,40,14,54,0,1,45,15,61,48,12,60,121
12/06/2004,BAK,IN,AGL,CE,Federal Contract Tower,0,4,15,0,19,0,0,46,3,49,0,4,61,3,68,46,8,54,122
12/07/2004,BAK,IN,AGL,CE,Federal Contract Tower,0,4,31,1,36,0,0,14,0,14,0,4,45,1,50,28,0,28,78
12/08/2004,BAK,IN,AGL,CE,Federal Contract Tower,0,3,18,1,22,0,0,44,0,44,0,3,62,1,66,32,38,70,136
12/09/2004,BAK,IN,AGL,CE,Federal Contract Tower,1,3,26,1,31,0,0,2,0,2,1,3,28,1,33,8,0,8,41
12/10/2004,BAK,IN,AGL,CE,Federal Contract Tower,0,0,29,0,29,0,0,5,0,5,0,0,34,0,34,0,0,0,34
12/11/2004,BAK,IN,AGL,CE,Federal Contract Tower,0,2,4,0,6,0,0,13,2,15,0,2,17,2,21,30,0,30,51
12/12/2004,BAK,IN,AGL,CE,Federal Contract Tower,0,0,4,0,4,0,0,14,2,16,0,0,18,2,20,34,0,34,54
12/13/2004,BAK,IN,AGL,CE,Federal Contract Tower,1,2,18,0,21,0,0,0,0,0,1,2,18,0,21,0,0,0,21
12/14/2004,BAK,IN,AGL,CE,Federal Contract Tower,0,1,25,0,26,0,0,42,0,42,0,1,67,0,68,32,0,32,100
12/15/2004,BAK,IN,AGL,CE,Federal Contract Tower,0,6,25,0,31,0,0,45,6,51,0,6,70,6,82,46,2,48,130
12/16/2004,BAK,IN,AGL,CE,Federal Contract Tower,0,2,17,1,20,0,0,59,3,62,0,2,76,4,82,104,0,104,186
12/17/2004,BAK,IN,AGL,CE,Federal Contract Tower,0,2,12,1,15,0,0,64,2,66,0,2,76,3,81,44,6,50,131
12/18/2004,BAK,IN,AGL,CE,Federal Contract Tower,0,4,5,0,9,0,0,57,0,57,0,4,62,0,66,84,0,84,150
12/19/2004,BAK,IN,AGL,CE,Federal Contract Tower,0,0,4,0,4,0,0,8,0,8,0,0,12,0,12,36,0,36,48
12/20/2004,BAK,IN,AGL,CE,Federal Contract Tower,0,0,18,0,18,0,0,48,2,50,0,0,66,2,68,50,0,50,118
12/21/2004,BAK,IN,AGL,CE,Federal Contract Tower,0,2,24,0,26,0,0,59,0,59,0,2,83,0,85,68,0,68,153
12/22/2004,BAK,IN,AGL,CE,Federal Contract Tower,0,0,2,0,2,0,0,32,0,32,0,0,34,0,34,30,0,30,64
12/23/2004,BAK,IN,AGL,CE,Federal Contract Tower,0,0,0,0,0,0,0,32,4,36,0,0,32,4,36,18,2,20,56
12/24/2004,BAK,IN,AGL,CE,Federal Contract Tower,0,0,0,0,0,0,0,0,0,0,0,0,0,0,0,0,0,0,0
12/25/2004,BAK,IN,AGL,CE,Federal Contract Tower,0,0,0,0,0,0,0,0,0,0,0,0,0,0,0,0,0,0,0
12/26/2004,BAK,IN,AGL,CE,Federal Contract Tower,0,0,0,0,0,0,0,0,0,0,0,0,0,0,0,0,0,0,0
12/27/2004,BAK,IN,AGL,CE,Federal Contract Tower,0,1,3,0,4,0,0,40,0,40,0,1,43,0,44,32,0,32,76
12/28/2004,BAK,IN,AGL,CE,Federal Contract Tower,0,0,1,0,1,0,0,49,2,51,0,0,50,2,52,34,2,36,88
12/29/2004,BAK,IN,AGL,CE,Federal Contract Tower,0,1,4,0,5,0,0,31,0,31,0,1,35,0,36,46,0,46,82
12/30/2004,BAK,IN,AGL,CE,Federal Contract Tower,0,4,7,0,11,0,0,34,0,34,0,4,41,0,45,6,0,6,51
12/31/2004,BAK,IN,AGL,CE,Federal Contract Tower,0,0,5,0,5,0,0,0,0,0,0,0,5,0,5,0,0,0,5
01/01/2005,BAK,IN,AGL,CE,Federal Contract Tower,0,0,0,0,0,0,0,0,0,0,0,0,0,0,0,0,0,0,0
01/02/2005,BAK,IN,AGL,CE,Federal Contract Tower,0,1,11,0,12,0,0,0,0,0,0,1,11,0,12,0,0,0,12
01/03/2005,BAK,IN,AGL,CE,Federal Contract Tower,0,1,13,0,14,0,0,0,0,0,0,1,13,0,14,0,0,0,14
01/04/2005,BAK,IN,AGL,CE,Federal Contract Tower,0,12,21,0,33,0,0,0,0,0,0,12,21,0,33,0,0,0,33
01/05/2005,BAK,IN,AGL,CE,Federal Contract Tower,0,4,7,0,11,0,0,0,0,0,0,4,7,0,11,0,0,0,11
01/06/2005,BAK,IN,AGL,CE,Federal Contract Tower,0,4,12,0,16,0,0,25,0,25,0,4,37,0,41,46,4,50,91
01/07/2005,BAK,IN,AGL,CE,Federal Contract Tower,0,5,11,0,16,0,0,0,0,0,0,5,11,0,16,0,0,0,16
01/08/2005,BAK,IN,AGL,CE,Federal Contract Tower,0,0,4,0,4,0,0,20,4,24,0,0,24,4,28,26,2,28,56
01/09/2005,BAK,IN,AGL,CE,Federal Contract Tower,0,0,8,0,8,0,0,60,2,62,0,0,68,2,70,58,2,60,130
01/10/2005,BAK,IN,AGL,CE,Federal Contract Tower,0,9,22,0,31,0,0,2,10,12,0,9,24,10,43,0,2,2,45
01/11/2005,BAK,IN,AGL,CE,Federal Contract Tower,0,5,12,0,17,0,0,0,0,0,0,5,12,0,17,0,0,0,17
01/12/2005,BAK,IN,AGL,CE,Federal Contract Tower,0,0,17,0,17,0,0,4,0,4,0,0,21,0,21,8,0,8,29
01/13/2005,BAK,IN,AGL,CE,Federal Contract Tower,0,6,12,0,18,0,0,0,0,0,0,6,12,0,18,0,0,0,18
01/14/2005,BAK,IN,AGL,CE,Federal Contract Tower,0,3,25,0,28,0,0,76,0,76,0,3,101,0,104,52,0,52,156
01/15/2005,BAK,IN,AGL,CE,Federal Contract Tower,0,0,3,0,3,0,0,63,0,63,0,0,66,0,66,50,0,50,116
01/16/2005,BAK,IN,AGL,CE,Federal Contract Tower,0,1,6,0,7,0,0,5,6,11,0,1,11,6,18,0,6,6,24
01/17/2005,BAK,IN,AGL,CE,Federal Contract Tower,0,0,0,0,0,88,1,0,0,89,88,1,0,0,89,50,0,50,139
01/18/2005,BAK,IN,AGL,CE,Federal Contract Tower,0,4,18,2,24,0,0,31,0,31,0,4,49,2,55,2,0,2,57
01/19/2005,BAK,IN,AGL,CE,Federal Contract Tower,0,1,14,0,15,0,0,28,0,28,0,1,42,0,43,0,0,0,43
01/20/2005,BAK,IN,AGL,CE,Federal Contract Tower,0,5,20,0,25,0,0,0,0,0,0,5,20,0,25,0,0,0,25
01/21/2005,BAK,IN,AGL,CE,Federal Contract Tower,0,5,17,0,22,0,0,23,0,23,0,5,40,0,45,20,0,20,65
01/22/2005,BAK,IN,AGL,CE,Federal Contract Tower,0,0,4,0,4,0,0,0,0,0,0,0,4,0,4,0,0,0,4
01/23/2005,BAK,IN,AGL,CE,Federal Contract Tower,0,0,0,0,0,0,0,22,2,24,0,0,22,2,24,10,0,10,34
01/24/2005,BAK,IN,AGL,CE,Federal Contract Tower,0,0,22,2,24,2,0,64,0,66,2,0,86,2,90,60,0,60,150
01/25/2005,BAK,IN,AGL,CE,Federal Contract Tower,0,1,19,0,20,0,0,40,0,40,0,1,59,0,60,54,0,54,114
01/26/2005,BAK,IN,AGL,CE,Federal Contract Tower,1,2,15,3,21,0,0,4,8,12,1,2,19,11,33,2,0,2,35
01/27/2005,BAK,IN,AGL,CE,Federal Contract Tower,2,2,21,0,25,0,0,70,6,76,2,2,91,6,101,96,10,106,207
01/28/2005,BAK,IN,AGL,CE,Federal Contract Tower,0,0,14,0,14,0,0,26,0,26,0,0,40,0,40,12,0,12,52
01/29/2005,BAK,IN,AGL,CE,Federal Contract Tower,0,0,3,0,3,0,0,0,0,0,0,0,3,0,3,0,0,0,3
01/30/2005,BAK,IN,AGL,CE,Federal Contract Tower,0,0,7,0,7,0,0,10,0,10,0,0,17,0,17,6,0,6,23
01/31/2005,BAK,IN,AGL,CE,Federal Contract Tower,0,13,20,0,33,0,0,52,0,52,0,13,72,0,85,52,0,52,137
02/01/2005,BAK,IN,AGL,CE,Federal Contract Tower,0,4,25,0,29,0,0,28,0,28,0,4,53,0,57,54,0,54,111
02/02/2005,BAK,IN,AGL,CE,Federal Contract Tower,0,2,21,0,23,0,0,22,4,26,0,2,43,4,49,14,0,14,63
02/03/2005,BAK,IN,AGL,CE,Federal Contract Tower,0,2,11,0,13,0,0,52,0,52,0,2,63,0,65,54,0,54,119
02/04/2005,BAK,IN,AGL,CE,Federal Contract Tower,0,2,15,0,17,0,0,74,0,74,0,2,89,0,91,30,0,30,121
02/05/2005,BAK,IN,AGL,CE,Federal Contract Tower,0,0,10,0,10,0,0,67,18,85,0,0,77,18,95,72,0,72,167
02/06/2005,BAK,IN,AGL,CE,Federal Contract Tower,1,0,7,0,8,0,0,80,16,96,1,0,87,16,104,52,0,52,156
02/07/2005,BAK,IN,AGL,CE,Federal Contract Tower,0,1,16,0,17,0,0,0,0,0,0,1,16,0,17,0,0,0,17
02/08/2005,BAK,IN,AGL,CE,Federal Contract Tower,2,6,17,0,25,0,0,0,0,0,2,6,17,0,25,0,0,0,25
02/09/2005,BAK,IN,AGL,CE,Federal Contract Tower,0,3,11,0,14,0,0,0,0,0,0,3,11,0,14,0,0,0,14
02/10/2005,BAK,IN,AGL,CE,Federal Contract Tower,0,4,16,1,21,0,0,50,10,60,0,4,66,11,81,28,16,44,125
02/11/2005,BAK,IN,AGL,CE,Federal Contract Tower,0,10,21,0,31,0,0,78,0,78,0,10,99,0,109,54,0,54,163
02/12/2005,BAK,IN,AGL,CE,Federal Contract Tower,0,0,4,4,8,0,0,180,1,181,0,0,184,5,189,14,0,14,203
02/13/2005,BAK,IN,AGL,CE,Federal Contract Tower,1,0,10,0,11,0,0,33,0,33,1,0,43,0,44,16,0,16,60
02/14/2005,BAK,IN,AGL,CE,Federal Contract Tower,0,1,11,0,12,0,0,2,2,4,0,1,13,2,16,0,0,0,16
02/15/2005,BAK,IN,AGL,CE,Federal Contract Tower,0,2,13,3,18,0,0,62,1,63,0,2,75,4,81,62,12,74,155
02/16/2005,BAK,IN,AGL,CE,Federal Contract Tower,0,7,20,2,29,0,0,40,15,55,0,7,60,17,84,36,6,42,126
02/17/2005,BAK,IN,AGL,CE,Federal Contract Tower,0,1,19,1,21,0,0,23,3,26,0,1,42,4,47,12,2,14,61
02/18/2005,BAK,IN,AGL,CE,Federal Contract Tower,0,1,15,0,16,0,0,76,0,76,0,1,91,0,92,22,2,24,116
02/19/2005,BAK,IN,AGL,CE,Federal Contract Tower,0,0,4,0,4,0,0,134,0,134,0,0,138,0,138,60,0,60,198
02/20/2005,BAK,IN,AGL,CE,Federal Contract Tower,0,1,2,0,3,0,0,0,0,0,0,1,2,0,3,0,0,0,3
02/21/2005,BAK,IN,AGL,CE,Federal Contract Tower,0,6,14,0,20,0,0,0,0,0,0,6,14,0,20,2,0,2,22
02/22/2005,BAK,IN,AGL,CE,Federal Contract Tower,0,6,17,0,23,0,0,50,6,56,0,6,67,6,79,38,8,46,125
02/23/2005,BAK,IN,AGL,CE,Federal Contract Tower,0,11,21,0,32,0,0,65,0,65,0,11,86,0,97,64,0,64,161
02/24/2005,BAK,IN,AGL,CE,Federal Contract Tower,0,9,11,0,20,0,0,18,0,18,0,9,29,0,38,2,4,6,44
02/25/2005,BAK,IN,AGL,CE,Federal Contract Tower,0,8,18,0,26,0,0,47,4,51,0,8,65,4,77,46,0,46,123
02/26/2005,BAK,IN,AGL,CE,Federal Contract Tower,0,8,8,0,16,0,0,132,0,132,0,8,140,0,148,64,0,64,212
02/27/2005,BAK,IN,AGL,CE,Federal Contract Tower,0,0,4,0,4,0,0,5,6,11,0,0,9,6,15,6,0,6,21
02/28/2005,BAK,IN,AGL,CE,Federal Contract Tower,0,1,10,0,11,0,0,0,0,0,0,1,10,0,11,6,0,6,17
03/01/2005,BAK,IN,AGL,CE,Federal Contract Tower,0,5,16,0,21,0,0,15,14,29,0,5,31,14,50,0,6,6,56
03/02/2005,BAK,IN,AGL,CE,Federal Contract Tower,0,4,15,2,21,0,0,49,8,57,0,4,64,10,78,46,14,60,138
03/03/2005,BAK,IN,AGL,CE,Federal Contract Tower,0,8,29,1,38,0,3,87,1,91,0,11,116,2,129,70,0,70,199
03/04/2005,BAK,IN,AGL,CE,Federal Contract Tower,0,6,26,0,32,0,0,39,0,39,0,6,65,0,71,58,2,60,131
03/05/2005,BAK,IN,AGL,CE,Federal Contract Tower,0,3,8,4,15,0,0,0,4,4,0,3,8,8,19,28,0,28,47
03/06/2005,BAK,IN,AGL,CE,Federal Contract Tower,0,1,14,0,15,0,0,59,2,61,0,1,73,2,76,76,0,76,152
03/07/2005,BAK,IN,AGL,CE,Federal Contract Tower,0,3,11,0,14,0,0,14,0,14,0,3,25,0,28,20,0,20,48
03/08/2005,BAK,IN,AGL,CE,Federal Contract Tower,0,4,15,0,19,0,0,17,3,20,0,4,32,3,39,24,2,26,65
03/09/2005,BAK,IN,AGL,CE,Federal Contract Tower,0,1,22,1,24,0,0,63,21,84,0,1,85,22,108,26,4,30,138
03/10/2005,BAK,IN,AGL,CE,Federal Contract Tower,0,3,14,0,17,0,0,34,0,34,0,3,48,0,51,12,0,12,63
03/11/2005,BAK,IN,AGL,CE,Federal Contract Tower,0,2,16,2,20,0,0,16,3,19,0,2,32,5,39,4,0,4,43
03/12/2005,BAK,IN,AGL,CE,Federal Contract Tower,0,2,2,0,4,0,0,14,0,14,0,2,16,0,18,12,0,12,30
03/13/2005,BAK,IN,AGL,CE,Federal Contract Tower,0,2,9,0,11,0,0,58,4,62,0,2,67,4,73,68,0,68,141
03/14/2005,BAK,IN,AGL,CE,Federal Contract Tower,0,6,11,0,17,0,0,79,0,79,0,6,90,0,96,58,0,58,154
03/15/2005,BAK,IN,AGL,CE,Federal Contract Tower,0,5,28,0,33,0,0,96,22,118,0,5,124,22,151,78,4,82,233
03/16/2005,BAK,IN,AGL,CE,Federal Contract Tower,0,0,16,3,19,0,0,47,35,82,0,0,63,38,101,52,0,52,153
03/17/2005,BAK,IN,AGL,CE,Federal Contract Tower,0,2,21,0,23,0,0,94,2,96,0,2,115,2,119,82,0,82,201
03/18/2005,BAK,IN,AGL,CE,Federal Contract Tower,0,3,13,0,16,0,0,61,4,65,0,3,74,4,81,40,0,40,121
03/19/2005,BAK,IN,AGL,CE,Federal Contract Tower,0,1,2,0,3,0,0,8,0,8,0,1,10,0,11,22,0,22,33
03/20/2005,BAK,IN,AGL,CE,Federal Contract Tower,0,0,6,0,6,0,0,28,0,28,0,0,34,0,34,90,0,90,124
03/21/2005,BAK,IN,AGL,CE,Federal Contract Tower,0,4,16,1,21,0,0,41,19,60,0,4,57,20,81,54,0,54,135
03/22/2005,BAK,IN,AGL,CE,Federal Contract Tower,0,4,17,0,21,0,0,34,10,44,0,4,51,10,65,22,6,28,93
03/23/2005,BAK,IN,AGL,CE,Federal Contract Tower,0,3,14,0,17,0,0,0,0,0,0,3,14,0,17,0,0,0,17
03/24/2005,BAK,IN,AGL,CE,Federal Contract Tower,0,0,10,0,10,0,0,68,2,70,0,0,78,2,80,36,2,38,118
03/25/2005,BAK,IN,AGL,CE,Federal Contract Tower,0,0,2,2,4,0,0,0,0,0,0,0,2,2,4,0,0,0,4
03/26/2005,BAK,IN,AGL,CE,Federal Contract Tower,0,4,3,0,7,0,1,11,0,12,0,5,14,0,19,24,0,24,43
03/27/2005,BAK,IN,AGL,CE,Federal Contract Tower,0,0,4,0,4,0,0,1,0,1,0,0,5,0,5,0,0,0,5
03/28/2005,BAK,IN,AGL,CE,Federal Contract Tower,0,5,19,0,24,0,0,7,0,7,0,5,26,0,31,50,2,52,83
03/29/2005,BAK,IN,AGL,CE,Federal Contract Tower,0,0,26,0,26,0,0,111,0,111,0,0,137,0,137,70,0,70,207
03/30/2005,BAK,IN,AGL,CE,Federal Contract Tower,0,1,16,0,17,0,0,52,0,52,0,1,68,0,69,34,4,38,107
03/31/2005,BAK,IN,AGL,CE,Federal Contract Tower,0,2,18,0,20,0,0,17,8,25,0,2,35,8,45,0,4,4,49
04/01/2005,BAK,IN,AGL,CE,Federal Contract Tower,0,4,6,0,10,0,0,50,6,56,0,4,56,6,66,42,0,42,108
04/02/2005,BAK,IN,AGL,CE,Federal Contract Tower,0,1,5,1,7,0,0,20,23,43,0,1,25,24,50,18,4,22,72
04/03/2005,BAK,IN,AGL,CE,Federal Contract Tower,0,0,8,0,8,0,0,83,4,87,0,0,91,4,95,122,14,136,231
04/04/2005,BAK,IN,AGL,CE,Federal Contract Tower,0,4,18,0,22,0,0,81,0,81,0,4,99,0,103,52,0,52,155
04/05/2005,BAK,IN,AGL,CE,Federal Contract Tower,0,2,20,0,22,0,0,55,0,55,0,2,75,0,77,48,6,54,131
04/06/2005,BAK,IN,AGL,CE,Federal Contract Tower,0,3,22,0,25,0,0,33,0,33,0,3,55,0,58,28,4,32,90
04/07/2005,BAK,IN,AGL,CE,Federal Contract Tower,0,2,17,0,19,0,0,14,8,22,0,2,31,8,41,32,0,32,73
04/08/2005,BAK,IN,AGL,CE,Federal Contract Tower,0,3,20,0,23,0,0,50,4,54,0,3,70,4,77,72,2,74,151
04/09/2005,BAK,IN,AGL,CE,Federal Contract Tower,0,1,5,0,6,0,0,83,0,83,0,1,88,0,89,56,0,56,145
04/10/2005,BAK,IN,AGL,CE,Federal Contract Tower,0,2,3,0,5,0,0,42,0,42,0,2,45,0,47,26,2,28,75
04/11/2005,BAK,IN,AGL,CE,Federal Contract Tower,0,3,27,0,30,0,0,60,16,76,0,3,87,16,106,32,6,38,144
04/12/2005,BAK,IN,AGL,CE,Federal Contract Tower,0,2,19,0,21,0,0,19,0,19,0,2,38,0,40,0,8,8,48
04/13/2005,BAK,IN,AGL,CE,Federal Contract Tower,0,4,17,0,21,0,0,19,0,19,0,4,36,0,40,8,12,20,60
04/14/2005,BAK,IN,AGL,CE,Federal Contract Tower,0,1,13,0,14,0,0,61,12,73,0,1,74,12,87,64,28,92,179
04/15/2005,BAK,IN,AGL,CE,Federal Contract Tower,0,4,9,0,13,0,0,51,6,57,0,4,60,6,70,44,18,62,132
04/16/2005,BAK,IN,AGL,CE,Federal Contract Tower,0,0,4,0,4,0,0,37,8,45,0,0,41,8,49,10,8,18,67
04/17/2005,BAK,IN,AGL,CE,Federal Contract Tower,0,1,3,0,4,0,0,32,12,44,0,1,35,12,48,54,0,54,102
04/18/2005,BAK,IN,AGL,CE,Federal Contract Tower,0,1,16,0,17,0,0,45,0,45,0,1,61,0,62,40,0,40,102
04/19/2005,BAK,IN,AGL,CE,Federal Contract Tower,0,10,20,0,30,0,0,46,0,46,0,10,66,0,76,12,4,16,92
04/20/2005,BAK,IN,AGL,CE,Federal Contract Tower,0,4,17,1,22,0,0,25,5,30,0,4,42,6,52,30,24,54,106
04/21/2005,BAK,IN,AGL,CE,Federal Contract Tower,0,0,17,0,17,0,0,3,0,3,0,0,20,0,20,0,0,0,20
04/22/2005,BAK,IN,AGL,CE,Federal Contract Tower,0,2,10,0,12,0,0,0,0,0,0,2,10,0,12,0,0,0,12
04/23/2005,BAK,IN,AGL,CE,Federal Contract Tower,0,0,2,0,2,0,0,1,0,1,0,0,3,0,3,2,0,2,5
04/24/2005,BAK,IN,AGL,CE,Federal Contract Tower,0,1,4,0,5,0,0,28,0,28,0,1,32,0,33,28,0,28,61
04/25/2005,BAK,IN,AGL,CE,Federal Contract Tower,0,0,15,0,15,0,0,39,0,39,0,0,54,0,54,34,0,34,88
04/26/2005,BAK,IN,AGL,CE,Federal Contract Tower,0,1,18,0,19,0,1,7,0,8,0,2,25,0,27,10,22,32,59
04/27/2005,BAK,IN,AGL,CE,Federal Contract Tower,0,4,24,3,31,0,0,48,27,75,0,4,72,30,106,52,16,68,174
04/28/2005,BAK,IN,AGL,CE,Federal Contract Tower,0,4,27,0,31,0,0,16,0,16,0,4,43,0,47,44,26,70,117
04/29/2005,BAK,IN,AGL,CE,Federal Contract Tower,0,2,29,0,31,0,0,10,0,10,0,2,39,0,41,14,0,14,55
04/30/2005,BAK,IN,AGL,CE,Federal Contract Tower,0,0,13,0,13,0,0,38,0,38,0,0,51,0,51,44,0,44,95
05/01/2005,BAK,IN,AGL,CE,Federal Contract Tower,0,1,6,0,7,0,0,81,10,91,0,1,87,10,98,70,0,70,168
05/02/2005,BAK,IN,AGL,CE,Federal Contract Tower,0,3,18,0,21,0,0,53,20,73,0,3,71,20,94,40,0,40,134
05/03/2005,BAK,IN,AGL,CE,Federal Contract Tower,0,0,14,0,14,0,0,40,0,40,0,0,54,0,54,34,4,38,92
05/04/2005,BAK,IN,AGL,CE,Federal Contract Tower,0,3,24,3,30,0,0,46,0,46,0,3,70,3,76,22,0,22,98
05/05/2005,BAK,IN,AGL,CE,Federal Contract Tower,0,0,26,0,26,0,0,55,0,55,0,0,81,0,81,42,10,52,133
05/06/2005,BAK,IN,AGL,CE,Federal Contract Tower,0,6,14,0,20,0,0,93,0,93,0,6,107,0,113,44,0,44,157
05/07/2005,BAK,IN,AGL,CE,Federal Contract Tower,0,0,10,0,10,0,0,82,0,82,0,0,92,0,92,12,0,12,104
05/08/2005,BAK,IN,AGL,CE,Federal Contract Tower,0,1,5,0,6,0,0,53,0,53,0,1,58,0,59,38,0,38,97
05/09/2005,BAK,IN,AGL,CE,Federal Contract Tower,2,3,21,0,26,0,0,33,0,33,2,3,54,0,59,22,0,22,81
05/10/2005,BAK,IN,AGL,CE,Federal Contract Tower,0,2,21,1,24,0,0,63,3,66,0,2,84,4,90,66,0,66,156
05/11/2005,BAK,IN,AGL,CE,Federal Contract Tower,0,1,13,0,14,0,0,28,0,28,0,1,41,0,42,20,4,24,66
05/12/2005,BAK,IN,AGL,CE,Federal Contract Tower,0,6,15,0,21,0,0,28,0,28,0,6,43,0,49,26,0,26,75
05/13/2005,BAK,IN,AGL,CE,Federal Contract Tower,0,2,18,0,20,0,0,34,0,34,0,2,52,0,54,34,0,34,88
05/14/2005,BAK,IN,AGL,CE,Federal Contract Tower,0,4,1,0,5,0,0,4,0,4,0,4,5,0,9,0,0,0,9
05/15/2005,BAK,IN,AGL,CE,Federal Contract Tower,0,0,3,0,3,0,0,19,0,19,0,0,22,0,22,36,0,36,58
05/16/2005,BAK,IN,AGL,CE,Federal Contract Tower,0,2,15,0,17,0,0,15,0,15,0,2,30,0,32,20,0,20,52
05/17/2005,BAK,IN,AGL,CE,Federal Contract Tower,0,2,21,0,23,0,0,53,2,55,0,2,74,2,78,30,32,62,140
05/18/2005,BAK,IN,AGL,CE,Federal Contract Tower,0,0,21,6,27,0,0,75,0,75,0,0,96,6,102,74,0,74,176
05/19/2005,BAK,IN,AGL,CE,Federal Contract Tower,0,5,14,3,22,0,0,32,0,32,0,5,46,3,54,10,0,10,64
05/20/2005,BAK,IN,AGL,CE,Federal Contract Tower,0,0,29,0,29,0,0,25,12,37,0,0,54,12,66,50,0,50,116
05/21/2005,BAK,IN,AGL,CE,Federal Contract Tower,0,0,14,1,15,0,0,96,3,99,0,0,110,4,114,58,12,70,184
05/22/2005,BAK,IN,AGL,CE,Federal Contract Tower,0,1,6,0,7,0,0,26,0,26,0,1,32,0,33,52,0,52,85
05/23/2005,BAK,IN,AGL,CE,Federal Contract Tower,0,3,27,0,30,0,0,32,10,42,0,3,59,10,72,34,0,34,106
05/24/2005,BAK,IN,AGL,CE,Federal Contract Tower,0,7,25,0,32,0,0,66,0,66,0,7,91,0,98,36,0,36,134
05/25/2005,BAK,IN,AGL,CE,Federal Contract Tower,0,2,17,0,19,0,0,64,0,64,0,2,81,0,83,44,2,46,129
05/26/2005,BAK,IN,AGL,CE,Federal Contract Tower,0,3,11,0,14,0,0,87,4,91,0,3,98,4,105,56,4,60,165
05/27/2005,BAK,IN,AGL,CE,Federal Contract Tower,0,0,18,0,18,0,0,56,14,70,0,0,74,14,88,28,12,40,128
05/28/2005,BAK,IN,AGL,CE,Federal Contract Tower,0,1,2,0,3,0,0,27,0,27,0,1,29,0,30,4,0,4,34
05/29/2005,BAK,IN,AGL,CE,Federal Contract Tower,0,1,1,0,2,0,0,34,0,34,0,1,35,0,36,16,0,16,52
05/30/2005,BAK,IN,AGL,CE,Federal Contract Tower,0,0,4,0,4,0,0,17,0,17,0,0,21,0,21,2,0,2,23
05/31/2005,BAK,IN,AGL,CE,Federal Contract Tower,0,0,24,0,24,0,0,32,4,36,0,0,56,4,60,34,0,34,94
06/01/2005,BAK,IN,AGL,CE,Federal Contract Tower,0,3,20,0,23,0,0,27,2,29,0,3,47,2,52,30,0,30,82
06/02/2005,BAK,IN,AGL,CE,Federal Contract Tower,0,4,22,0,26,0,0,34,0,34,0,4,56,0,60,66,0,66,126
06/03/2005,BAK,IN,AGL,CE,Federal Contract Tower,0,6,19,0,25,0,0,39,18,57,0,6,58,18,82,2,0,2,84
06/04/2005,BAK,IN,AGL,CE,Federal Contract Tower,0,1,4,4,9,0,0,79,2,81,0,1,83,6,90,18,0,18,108
06/05/2005,BAK,IN,AGL,CE,Federal Contract Tower,0,0,5,0,5,0,0,24,0,24,0,0,29,0,29,40,0,40,69
06/06/2005,BAK,IN,AGL,CE,Federal Contract Tower,0,2,18,0,20,0,0,37,4,41,0,2,55,4,61,58,0,58,119
06/07/2005,BAK,IN,AGL,CE,Federal Contract Tower,0,4,17,0,21,0,0,62,17,79,0,4,79,17,100,32,0,32,132
06/08/2005,BAK,IN,AGL,CE,Federal Contract Tower,0,5,11,0,16,0,0,48,8,56,0,5,59,8,72,12,0,12,84
06/09/2005,BAK,IN,AGL,CE,Federal Contract Tower,0,1,16,0,17,0,0,45,8,53,0,1,61,8,70,46,8,54,124
06/10/2005,BAK,IN,AGL,CE,Federal Contract Tower,0,2,22,0,24,0,0,40,0,40,0,2,62,0,64,46,0,46,110
06/11/2005,BAK,IN,AGL,CE,Federal Contract Tower,0,4,5,0,9,0,0,48,0,48,0,4,53,0,57,36,0,36,93
06/12/2005,BAK,IN,AGL,CE,Federal Contract Tower,0,0,8,0,8,0,0,16,4,20,0,0,24,4,28,18,6,24,52
06/13/2005,BAK,IN,AGL,CE,Federal Contract Tower,0,3,14,4,21,0,0,58,30,88,0,3,72,34,109,112,4,116,225
06/14/2005,BAK,IN,AGL,CE,Federal Contract Tower,0,4,24,0,28,0,0,0,16,16,0,4,24,16,44,46,8,54,98
06/15/2005,BAK,IN,AGL,CE,Federal Contract Tower,0,0,19,1,20,0,0,49,9,58,0,0,68,10,78,40,16,56,134
06/16/2005,BAK,IN,AGL,CE,Federal Contract Tower,0,3,17,0,20,0,0,79,26,105,0,3,96,26,125,44,16,60,185
06/17/2005,BAK,IN,AGL,CE,Federal Contract Tower,0,6,20,0,26,0,0,116,40,156,0,6,136,40,182,36,10,46,228
06/18/2005,BAK,IN,AGL,CE,Federal Contract Tower,0,0,12,2,14,0,0,77,8,85,0,0,89,10,99,60,2,62,161
06/19/2005,BAK,IN,AGL,CE,Federal Contract Tower,0,0,14,2,16,0,0,49,0,49,0,0,63,2,65,14,0,14,79
06/20/2005,BAK,IN,AGL,CE,Federal Contract Tower,0,1,19,0,20,0,0,72,14,86,0,1,91,14,106,58,2,60,166
06/21/2005,BAK,IN,AGL,CE,Federal Contract Tower,0,0,16,0,16,0,0,54,5,59,0,0,70,5,75,46,4,50,125
06/22/2005,BAK,IN,AGL,CE,Federal Contract Tower,0,5,17,2,24,0,0,57,6,63,0,5,74,8,87,45,0,45,132
06/23/2005,BAK,IN,AGL,CE,Federal Contract Tower,0,6,25,2,33,0,0,57,2,59,0,6,82,4,92,122,10,132,224
06/24/2005,BAK,IN,AGL,CE,Federal Contract Tower,0,6,30,0,36,0,0,72,2,74,0,6,102,2,110,26,0,26,136
06/25/2005,BAK,IN,AGL,CE,Federal Contract Tower,0,2,9,1,12,0,0,56,1,57,0,2,65,2,69,18,2,20,89
06/26/2005,BAK,IN,AGL,CE,Federal Contract Tower,0,2,16,2,20,0,0,24,0,24,0,2,40,2,44,56,4,60,104
06/27/2005,BAK,IN,AGL,CE,Federal Contract Tower,0,4,17,0,21,0,0,11,8,19,0,4,28,8,40,0,0,0,40
06/28/2005,BAK,IN,AGL,CE,Federal Contract Tower,0,2,8,0,10,0,0,49,2,51,0,2,57,2,61,24,2,26,87
06/29/2005,BAK,IN,AGL,CE,Federal Contract Tower,0,4,28,0,32,0,0,38,8,46,0,4,66,8,78,34,12,46,124
06/30/2005,BAK,IN,AGL,CE,Federal Contract Tower,0,12,15,0,27,0,0,64,0,64,0,12,79,0,91,62,0,62,153
07/01/2005,BAK,IN,AGL,CE,Federal Contract Tower,0,3,10,0,13,0,0,155,0,155,0,3,165,0,168,90,0,90,258
07/02/2005,BAK,IN,AGL,CE,Federal Contract Tower,0,0,7,0,7,0,0,124,0,124,0,0,131,0,131,38,0,38,169
07/03/2005,BAK,IN,AGL,CE,Federal Contract Tower,0,0,0,0,0,0,0,110,6,116,0,0,110,6,116,48,0,48,164
07/04/2005,BAK,IN,AGL,CE,Federal Contract Tower,0,0,1,0,1,0,0,81,0,81,0,0,82,0,82,20,0,20,102
07/05/2005,BAK,IN,AGL,CE,Federal Contract Tower,0,0,16,0,16,0,0,47,0,47,0,0,63,0,63,46,0,46,109
07/06/2005,BAK,IN,AGL,CE,Federal Contract Tower,0,2,18,0,20,0,0,136,2,138,0,2,154,2,158,100,4,104,262
07/07/2005,BAK,IN,AGL,CE,Federal Contract Tower,0,6,15,3,24,0,0,137,0,137,0,6,152,3,161,86,2,88,249
07/08/2005,BAK,IN,AGL,CE,Federal Contract Tower,0,3,17,0,20,0,0,169,0,169,0,3,186,0,189,64,2,66,255
07/09/2005,BAK,IN,AGL,CE,Federal Contract Tower,0,4,7,0,11,0,0,104,0,104,0,4,111,0,115,36,0,36,151
07/10/2005,BAK,IN,AGL,CE,Federal Contract Tower,0,4,9,1,14,0,0,52,0,52,0,4,61,1,66,30,6,36,102
07/11/2005,BAK,IN,AGL,CE,Federal Contract Tower,0,6,20,0,26,0,0,23,0,23,0,6,43,0,49,20,0,20,69
07/12/2005,BAK,IN,AGL,CE,Federal Contract Tower,0,2,21,0,23,0,0,3,2,5,0,2,24,2,28,0,0,0,28
07/13/2005,BAK,IN,AGL,CE,Federal Contract Tower,0,3,27,2,32,0,0,4,0,4,0,3,31,2,36,32,0,32,68
07/14/2005,BAK,IN,AGL,CE,Federal Contract Tower,0,5,14,0,19,0,0,33,2,35,0,5,47,2,54,24,2,26,80
07/15/2005,BAK,IN,AGL,CE,Federal Contract Tower,0,2,18,0,20,0,0,37,12,49,0,2,55,12,69,10,0,10,79
07/16/2005,BAK,IN,AGL,CE,Federal Contract Tower,0,2,11,1,14,0,0,0,4,4,0,2,11,5,18,0,0,0,18
07/17/2005,BAK,IN,AGL,CE,Federal Contract Tower,0,12,6,0,18,0,0,4,0,4,0,12,10,0,22,10,0,10,32
07/18/2005,BAK,IN,AGL,CE,Federal Contract Tower,0,3,16,0,19,0,0,10,1,11,0,3,26,1,30,4,0,4,34
07/19/2005,BAK,IN,AGL,CE,Federal Contract Tower,0,6,13,0,19,0,0,82,12,94,0,6,95,12,113,50,0,50,163
07/20/2005,BAK,IN,AGL,CE,Federal Contract Tower,0,1,25,0,26,0,0,38,6,44,0,1,63,6,70,52,6,58,128
07/21/2005,BAK,IN,AGL,CE,Federal Contract Tower,0,1,13,2,16,0,0,67,0,67,0,1,80,2,83,46,4,50,133
07/22/2005,BAK,IN,AGL,CE,Federal Contract Tower,0,5,19,1,25,0,0,36,3,39,0,5,55,4,64,30,2,32,96
07/23/2005,BAK,IN,AGL,CE,Federal Contract Tower,0,0,14,4,18,0,0,88,2,90,0,0,102,6,108,58,8,66,174
07/24/2005,BAK,IN,AGL,CE,Federal Contract Tower,0,0,10,0,10,0,0,51,0,51,0,0,61,0,61,4,0,4,65
07/25/2005,BAK,IN,AGL,CE,Federal Contract Tower,0,0,27,0,27,0,0,36,10,46,0,0,63,10,73,12,0,12,85
07/26/2005,BAK,IN,AGL,CE,Federal Contract Tower,0,0,18,0,18,0,0,59,4,63,0,0,77,4,81,24,42,66,147
07/27/2005,BAK,IN,AGL,CE,Federal Contract Tower,0,0,17,0,17,0,0,22,0,22,0,0,39,0,39,6,4,10,49
07/28/2005,BAK,IN,AGL,CE,Federal Contract Tower,0,1,16,0,17,0,0,74,0,74,0,1,90,0,91,88,0,88,179
07/29/2005,BAK,IN,AGL,CE,Federal Contract Tower,0,2,18,0,20,0,0,75,12,87,0,2,93,12,107,68,4,72,179
07/30/2005,BAK,IN,AGL,CE,Federal Contract Tower,0,0,8,2,10,0,0,69,6,75,0,0,77,8,85,16,2,18,103
07/31/2005,BAK,IN,AGL,CE,Federal Contract Tower,0,0,13,0,13,0,0,90,0,90,0,0,103,0,103,80,0,80,183
08/01/2005,BAK,IN,AGL,CE,Federal Contract Tower,0,4,18,0,22,0,0,92,4,96,0,4,110,4,118,52,4,56,174
08/02/2005,BAK,IN,AGL,CE,Federal Contract Tower,0,0,2,0,2,0,0,70,2,72,0,0,72,2,74,24,8,32,106
08/03/2005,BAK,IN,AGL,CE,Federal Contract Tower,0,1,15,0,16,0,0,49,0,49,0,1,64,0,65,35,0,35,100
08/04/2005,BAK,IN,AGL,CE,Federal Contract Tower,0,2,7,0,9,0,0,28,4,32,0,2,35,4,41,16,0,16,57
08/05/2005,BAK,IN,AGL,CE,Federal Contract Tower,0,6,22,0,28,0,0,15,0,15,0,6,37,0,43,0,0,0,43
08/06/2005,BAK,IN,AGL,CE,Federal Contract Tower,0,0,4,0,4,0,0,30,0,30,0,0,34,0,34,0,0,0,34
08/07/2005,BAK,IN,AGL,CE,Federal Contract Tower,0,1,10,0,11,0,0,89,0,89,0,1,99,0,100,30,0,30,130
08/08/2005,BAK,IN,AGL,CE,Federal Contract Tower,0,9,15,0,24,0,0,49,0,49,0,9,64,0,73,2,0,2,75
08/09/2005,BAK,IN,AGL,CE,Federal Contract Tower,0,0,12,2,14,0,0,101,10,111,0,0,113,12,125,16,6,22,147
08/10/2005,BAK,IN,AGL,CE,Federal Contract Tower,0,2,18,2,22,0,0,49,0,49,0,2,67,2,71,6,0,6,77
08/11/2005,BAK,IN,AGL,CE,Federal Contract Tower,0,7,10,0,17,0,0,20,0,20,0,7,30,0,37,68,0,68,105
08/12/2005,BAK,IN,AGL,CE,Federal Contract Tower,0,4,12,0,16,0,0,47,0,47,0,4,59,0,63,46,0,46,109
08/13/2005,BAK,IN,AGL,CE,Federal Contract Tower,0,2,8,0,10,0,0,94,4,98,0,2,102,4,108,48,4,52,160
08/14/2005,BAK,IN,AGL,CE,Federal Contract Tower,0,3,6,0,9,0,0,49,6,55,0,3,55,6,64,66,0,66,130
08/15/2005,BAK,IN,AGL,CE,Federal Contract Tower,0,4,23,2,29,0,0,35,12,47,0,4,58,14,76,28,10,38,114
08/16/2005,BAK,IN,AGL,CE,Federal Contract Tower,0,2,17,0,19,0,0,16,0,16,0,2,33,0,35,14,0,14,49
08/17/2005,BAK,IN,AGL,CE,Federal Contract Tower,0,1,25,0,26,0,0,47,0,47,0,1,72,0,73,30,2,32,105
08/18/2005,BAK,IN,AGL,CE,Federal Contract Tower,0,0,8,2,10,0,0,17,6,23,0,0,25,8,33,40,10,50,83
08/19/2005,BAK,IN,AGL,CE,Federal Contract Tower,0,0,22,2,24,0,0,22,0,22,0,0,44,2,46,18,0,18,64
08/20/2005,BAK,IN,AGL,CE,Federal Contract Tower,0,0,7,0,7,0,0,35,4,39,0,0,42,4,46,32,14,46,92
08/21/2005,BAK,IN,AGL,CE,Federal Contract Tower,0,0,4,0,4,0,0,98,2,100,0,0,102,2,104,46,0,46,150
08/22/2005,BAK,IN,AGL,CE,Federal Contract Tower,0,0,19,0,19,0,0,65,0,65,0,0,84,0,84,50,0,50,134
08/23/2005,BAK,IN,AGL,CE,Federal Contract Tower,0,1,11,1,13,0,0,50,13,63,0,1,61,14,76,48,22,70,146
08/24/2005,BAK,IN,AGL,CE,Federal Contract Tower,0,0,24,0,24,0,0,33,2,35,0,0,57,2,59,40,2,42,101
08/25/2005,BAK,IN,AGL,CE,Federal Contract Tower,0,2,23,4,29,0,0,44,2,46,0,2,67,6,75,12,0,12,87
08/26/2005,BAK,IN,AGL,CE,Federal Contract Tower,0,1,19,0,20,0,0,4,0,4,0,1,23,0,24,0,0,0,24
08/27/2005,BAK,IN,AGL,CE,Federal Contract Tower,0,3,9,0,12,0,0,45,2,47,0,3,54,2,59,28,6,34,93
08/28/2005,BAK,IN,AGL,CE,Federal Contract Tower,0,1,14,2,17,0,0,68,0,68,0,1,82,2,85,68,0,68,153
08/29/2005,BAK,IN,AGL,CE,Federal Contract Tower,0,4,21,2,27,0,0,45,8,53,0,4,66,10,80,36,0,36,116
08/30/2005,BAK,IN,AGL,CE,Federal Contract Tower,0,2,14,0,16,0,0,4,0,4,0,2,18,0,20,0,0,0,20
08/31/2005,BAK,IN,AGL,CE,Federal Contract Tower,0,6,21,1,28,0,0,62,1,63,0,6,83,2,91,34,16,50,141
09/01/2005,BAK,IN,AGL,CE,Federal Contract Tower,0,2,17,0,19,0,0,33,0,33,0,2,50,0,52,26,0,26,78
09/02/2005,BAK,IN,AGL,CE,Federal Contract Tower,0,0,12,0,12,0,0,52,0,52,0,0,64,0,64,32,0,32,96
09/03/2005,BAK,IN,AGL,CE,Federal Contract Tower,0,0,2,0,2,0,0,119,0,119,0,0,121,0,121,56,0,56,177
09/04/2005,BAK,IN,AGL,CE,Federal Contract Tower,0,0,3,0,3,0,0,40,12,52,0,0,43,12,55,34,0,34,89
09/05/2005,BAK,IN,AGL,CE,Federal Contract Tower,0,0,4,0,4,0,0,69,0,69,0,0,73,0,73,18,0,18,91
09/06/2005,BAK,IN,AGL,CE,Federal Contract Tower,0,2,11,0,13,0,0,53,0,53,0,2,64,0,66,4,0,4,70
09/07/2005,BAK,IN,AGL,CE,Federal Contract Tower,0,4,22,1,27,0,0,63,16,79,0,4,85,17,106,14,42,56,162
09/08/2005,BAK,IN,AGL,CE,Federal Contract Tower,0,3,18,2,23,0,0,9,9,18,0,3,27,11,41,2,0,2,43
09/09/2005,BAK,IN,AGL,CE,Federal Contract Tower,0,7,19,0,26,0,0,18,0,18,0,7,37,0,44,8,0,8,52
09/10/2005,BAK,IN,AGL,CE,Federal Contract Tower,0,2,11,0,13,0,0,70,0,70,0,2,81,0,83,4,0,4,87
09/11/2005,BAK,IN,AGL,CE,Federal Contract Tower,0,4,9,0,13,0,0,62,0,62,0,4,71,0,75,18,0,18,93
09/12/2005,BAK,IN,AGL,CE,Federal Contract Tower,0,0,15,0,15,0,0,72,48,120,0,0,87,48,135,0,4,4,139
09/13/2005,BAK,IN,AGL,CE,Federal Contract Tower,0,5,26,0,31,0,0,29,20,49,0,5,55,20,80,4,0,4,84
09/14/2005,BAK,IN,AGL,CE,Federal Contract Tower,0,4,10,0,14,0,0,48,0,48,0,4,58,0,62,4,0,4,66
09/15/2005,BAK,IN,AGL,CE,Federal Contract Tower,0,6,19,0,25,0,0,59,0,59,0,6,78,0,84,32,0,32,116
09/16/2005,BAK,IN,AGL,CE,Federal Contract Tower,0,2,20,2,24,0,0,68,0,68,0,2,88,2,92,46,0,46,138
09/17/2005,BAK,IN,AGL,CE,Federal Contract Tower,0,3,12,0,15,0,0,216,4,220,0,3,228,4,235,38,8,46,281
09/18/2005,BAK,IN,AGL,CE,Federal Contract Tower,0,1,6,0,7,0,0,37,6,43,0,1,43,6,50,10,10,20,70
09/19/2005,BAK,IN,AGL,CE,Federal Contract Tower,0,7,28,0,35,0,0,75,8,83,0,7,103,8,118,44,0,44,162
09/20/2005,BAK,IN,AGL,CE,Federal Contract Tower,0,4,17,0,21,0,0,43,0,43,0,4,60,0,64,20,0,20,84
09/21/2005,BAK,IN,AGL,CE,Federal Contract Tower,6,1,24,0,31,0,0,23,0,23,6,1,47,0,54,16,0,16,70
09/22/2005,BAK,IN,AGL,CE,Federal Contract Tower,2,6,18,0,26,0,0,48,0,48,2,6,66,0,74,12,2,14,88
09/23/2005,BAK,IN,AGL,CE,Federal Contract Tower,2,6,15,0,23,0,0,69,14,83,2,6,84,14,106,62,18,80,186
09/24/2005,BAK,IN,AGL,CE,Federal Contract Tower,2,5,12,0,19,0,0,54,0,54,2,5,66,0,73,48,0,48,121
09/25/2005,BAK,IN,AGL,CE,Federal Contract Tower,0,0,19,0,19,0,0,43,8,51,0,0,62,8,70,36,10,46,116
09/26/2005,BAK,IN,AGL,CE,Federal Contract Tower,0,2,16,0,18,0,0,43,6,49,0,2,59,6,67,12,0,12,79
09/27/2005,BAK,IN,AGL,CE,Federal Contract Tower,0,2,76,1,79,0,0,27,2,29,0,2,103,3,108,92,0,92,200
09/28/2005,BAK,IN,AGL,CE,Federal Contract Tower,2,4,10,0,16,0,0,45,0,45,2,4,55,0,61,44,0,44,105
09/29/2005,BAK,IN,AGL,CE,Federal Contract Tower,0,4,21,0,25,0,0,55,6,61,0,4,76,6,86,36,10,46,132
09/30/2005,BAK,IN,AGL,CE,Federal Contract Tower,3,2,16,0,21,0,0,38,8,46,3,2,54,8,67,20,6,26,93
10/01/2005,BAK,IN,AGL,CE,Federal Contract Tower,0,1,9,0,10,0,0,65,0,65,0,1,74,0,75,62,0,62,137
10/02/2005,BAK,IN,AGL,CE,Federal Contract Tower,0,0,12,0,12,0,0,63,0,63,0,0,75,0,75,20,0,20,95
10/03/2005,BAK,IN,AGL,CE,Federal Contract Tower,0,0,25,2,27,0,0,68,0,68,0,0,93,2,95,44,0,44,139
10/04/2005,BAK,IN,AGL,CE,Federal Contract Tower,0,9,18,0,27,0,0,43,0,43,0,9,61,0,70,32,28,60,130
10/05/2005,BAK,IN,AGL,CE,Federal Contract Tower,2,9,15,4,30,0,0,25,0,25,2,9,40,4,55,2,18,20,75
10/06/2005,BAK,IN,AGL,CE,Federal Contract Tower,0,6,21,0,27,0,0,60,12,72,0,6,81,12,99,50,0,50,149
10/07/2005,BAK,IN,AGL,CE,Federal Contract Tower,0,4,17,0,21,0,0,75,0,75,0,4,92,0,96,34,0,34,130
10/08/2005,BAK,IN,AGL,CE,Federal Contract Tower,0,0,15,0,15,0,0,42,0,42,0,0,57,0,57,22,0,22,79
10/09/2005,BAK,IN,AGL,CE,Federal Contract Tower,0,0,15,0,15,0,0,33,0,33,0,0,48,0,48,10,0,10,58
10/10/2005,BAK,IN,AGL,CE,Federal Contract Tower,0,4,20,0,24,0,0,32,0,32,0,4,52,0,56,14,0,14,70
10/11/2005,BAK,IN,AGL,CE,Federal Contract Tower,0,5,21,0,26,0,0,38,0,38,0,5,59,0,64,60,2,62,126
10/12/2005,BAK,IN,AGL,CE,Federal Contract Tower,1,4,21,0,26,0,1,7,0,8,1,5,28,0,34,2,8,10,44
10/13/2005,BAK,IN,AGL,CE,Federal Contract Tower,0,6,13,2,21,0,0,71,8,79,0,6,84,10,100,38,0,38,138
10/14/2005,BAK,IN,AGL,CE,Federal Contract Tower,0,3,15,1,19,0,0,55,9,64,0,3,70,10,83,42,16,58,141
10/15/2005,BAK,IN,AGL,CE,Federal Contract Tower,0,0,6,2,8,0,0,87,0,87,0,0,93,2,95,22,12,34,129
10/16/2005,BAK,IN,AGL,CE,Federal Contract Tower,0,3,11,0,14,0,0,114,0,114,0,3,125,0,128,36,0,36,164
10/17/2005,BAK,IN,AGL,CE,Federal Contract Tower,1,0,12,2,15,0,0,44,0,44,1,0,56,2,59,22,40,62,121
10/18/2005,BAK,IN,AGL,CE,Federal Contract Tower,0,0,12,0,12,1,0,47,6,54,1,0,59,6,66,2,12,14,80
10/19/2005,BAK,IN,AGL,CE,Federal Contract Tower,0,3,16,4,23,0,0,43,0,43,0,3,59,4,66,34,0,34,100
10/20/2005,BAK,IN,AGL,CE,Federal Contract Tower,2,4,21,2,29,0,0,61,4,65,2,4,82,6,94,32,0,32,126
10/21/2005,BAK,IN,AGL,CE,Federal Contract Tower,0,5,23,0,28,0,0,0,0,0,0,5,23,0,28,0,0,0,28
10/22/2005,BAK,IN,AGL,CE,Federal Contract Tower,0,1,4,0,5,0,0,60,0,60,0,1,64,0,65,22,0,22,87
10/23/2005,BAK,IN,AGL,CE,Federal Contract Tower,0,0,6,0,6,0,0,20,0,20,0,0,26,0,26,22,0,22,48
10/24/2005,BAK,IN,AGL,CE,Federal Contract Tower,0,6,17,2,25,0,0,6,0,6,0,6,23,2,31,0,0,0,31
10/25/2005,BAK,IN,AGL,CE,Federal Contract Tower,0,3,31,0,34,0,0,48,16,64,0,3,79,16,98,22,8,30,128
10/26/2005,BAK,IN,AGL,CE,Federal Contract Tower,0,5,17,0,22,0,0,63,0,63,0,5,80,0,85,20,4,24,109
10/27/2005,BAK,IN,AGL,CE,Federal Contract Tower,0,0,20,0,20,1,0,28,8,37,1,0,48,8,57,36,2,38,95
10/28/2005,BAK,IN,AGL,CE,Federal Contract Tower,2,0,15,0,17,0,0,56,1,57,2,0,71,1,74,40,0,40,114
10/29/2005,BAK,IN,AGL,CE,Federal Contract Tower,0,0,4,0,4,0,0,69,0,69,0,0,73,0,73,26,0,26,99
10/30/2005,BAK,IN,AGL,CE,Federal Contract Tower,0,0,4,2,6,0,0,82,0,82,0,0,86,2,88,14,0,14,102
10/31/2005,BAK,IN,AGL,CE,Federal Contract Tower,2,0,10,0,12,0,0,6,0,6,2,0,16,0,18,24,20,44,62
11/01/2005,BAK,IN,AGL,CE,Federal Contract Tower,0,2,12,0,14,0,0,52,8,60,0,2,64,8,74,42,6,48,122
11/02/2005,BAK,IN,AGL,CE,Federal Contract Tower,0,1,17,0,18,0,0,93,2,95,0,1,110,2,113,102,8,110,223
11/03/2005,BAK,IN,AGL,CE,Federal Contract Tower,0,1,18,0,19,0,0,43,0,43,0,1,61,0,62,24,2,26,88
11/04/2005,BAK,IN,AGL,CE,Federal Contract Tower,0,1,11,0,12,0,0,36,0,36,0,1,47,0,48,12,0,12,60
11/05/2005,BAK,IN,AGL,CE,Federal Contract Tower,0,0,10,0,10,0,0,38,4,42,0,0,48,4,52,6,2,8,60
11/06/2005,BAK,IN,AGL,CE,Federal Contract Tower,0,1,3,0,4,0,0,2,2,4,0,1,5,2,8,10,8,18,26
11/07/2005,BAK,IN,AGL,CE,Federal Contract Tower,0,0,14,2,16,0,0,34,2,36,0,0,48,4,52,6,0,6,58
11/08/2005,BAK,IN,AGL,CE,Federal Contract Tower,0,0,17,0,17,0,0,47,6,53,0,0,64,6,70,16,8,24,94
11/09/2005,BAK,IN,AGL,CE,Federal Contract Tower,0,0,16,6,22,0,0,37,4,41,0,0,53,10,63,10,8,18,81
11/10/2005,BAK,IN,AGL,CE,Federal Contract Tower,0,0,25,0,25,0,0,68,0,68,0,0,93,0,93,34,0,34,127
11/11/2005,BAK,IN,AGL,CE,Federal Contract Tower,0,1,15,0,16,0,0,78,0,78,0,1,93,0,94,26,0,26,120
11/12/2005,BAK,IN,AGL,CE,Federal Contract Tower,0,0,5,0,5,0,0,72,0,72,0,0,77,0,77,26,0,26,103
11/13/2005,BAK,IN,AGL,CE,Federal Contract Tower,0,1,4,7,12,0,0,11,0,11,0,1,15,7,23,6,0,6,29
11/14/2005,BAK,IN,AGL,CE,Federal Contract Tower,0,0,11,0,11,0,0,22,0,22,0,0,33,0,33,18,0,18,51
11/15/2005,BAK,IN,AGL,CE,Federal Contract Tower,0,0,16,1,17,0,0,9,0,9,0,0,25,1,26,0,0,0,26
11/16/2005,BAK,IN,AGL,CE,Federal Contract Tower,0,1,21,1,23,0,0,77,30,107,0,1,98,31,130,28,10,38,168
11/17/2005,BAK,IN,AGL,CE,Federal Contract Tower,0,4,18,0,22,0,0,54,0,54,0,4,72,0,76,30,0,30,106
11/18/2005,BAK,IN,AGL,CE,Federal Contract Tower,0,2,24,0,26,0,0,54,0,54,0,2,78,0,80,62,0,62,142
11/19/2005,BAK,IN,AGL,CE,Federal Contract Tower,0,0,4,0,4,0,0,52,2,54,0,0,56,2,58,36,10,46,104
11/20/2005,BAK,IN,AGL,CE,Federal Contract Tower,0,1,5,0,6,0,0,72,0,72,0,1,77,0,78,98,2,100,178
11/21/2005,BAK,IN,AGL,CE,Federal Contract Tower,0,2,22,0,24,0,0,30,0,30,0,2,52,0,54,6,0,6,60
11/22/2005,BAK,IN,AGL,CE,Federal Contract Tower,0,1,18,0,19,0,0,44,10,54,0,1,62,10,73,22,8,30,103
11/23/2005,BAK,IN,AGL,CE,Federal Contract Tower,0,2,21,0,23,0,0,27,0,27,0,2,48,0,50,12,0,12,62
11/24/2005,BAK,IN,AGL,CE,Federal Contract Tower,0,1,4,0,5,0,0,28,0,28,0,1,32,0,33,36,0,36,69
11/25/2005,BAK,IN,AGL,CE,Federal Contract Tower,0,1,4,0,5,0,0,28,0,28,0,1,32,0,33,36,0,36,69
11/26/2005,BAK,IN,AGL,CE,Federal Contract Tower,0,1,16,0,17,0,0,45,0,45,0,1,61,0,62,18,0,18,80
11/27/2005,BAK,IN,AGL,CE,Federal Contract Tower,0,2,7,0,9,0,0,11,0,11,0,2,18,0,20,16,0,16,36
11/28/2005,BAK,IN,AGL,CE,Federal Contract Tower,0,4,21,0,25,0,0,5,0,5,0,4,26,0,30,0,0,0,30
11/29/2005,BAK,IN,AGL,CE,Federal Contract Tower,0,2,2,1,5,0,0,28,15,43,0,2,30,16,48,0,0,0,48
11/30/2005,BAK,IN,AGL,CE,Federal Contract Tower,0,3,15,2,20,0,0,81,16,97,0,3,96,18,117,16,22,38,155
12/01/2005,BAK,IN,AGL,CE,Federal Contract Tower,0,0,16,0,16,0,0,7,2,9,0,0,23,2,25,0,0,0,25
12/02/2005,BAK,IN,AGL,CE,Federal Contract Tower,0,4,21,0,25,0,0,37,4,41,0,4,58,4,66,36,10,46,112
12/03/2005,BAK,IN,AGL,CE,Federal Contract Tower,0,0,8,0,8,0,0,31,10,41,0,0,39,10,49,22,6,28,77
12/04/2005,BAK,IN,AGL,CE,Federal Contract Tower,0,2,7,0,9,0,0,3,0,3,0,2,10,0,12,0,0,0,12
12/05/2005,BAK,IN,AGL,CE,Federal Contract Tower,0,1,18,1,20,0,0,59,55,114,0,1,77,56,134,24,22,46,180
12/06/2005,BAK,IN,AGL,CE,Federal Contract Tower,0,0,14,2,16,0,0,33,7,40,0,0,47,9,56,30,6,36,92
12/07/2005,BAK,IN,AGL,CE,Federal Contract Tower,0,1,12,3,16,0,0,48,13,61,0,1,60,16,77,36,46,82,159
12/08/2005,BAK,IN,AGL,CE,Federal Contract Tower,0,1,9,0,10,0,0,6,0,6,0,1,15,0,16,0,0,0,16
12/09/2005,BAK,IN,AGL,CE,Federal Contract Tower,0,0,20,0,20,0,0,0,0,0,0,0,20,0,20,0,0,0,20
12/10/2005,BAK,IN,AGL,CE,Federal Contract Tower,0,3,11,0,14,0,0,54,14,68,0,3,65,14,82,40,14,54,136
12/11/2005,BAK,IN,AGL,CE,Federal Contract Tower,0,0,7,0,7,0,0,27,0,27,0,0,34,0,34,30,0,30,64
12/12/2005,BAK,IN,AGL,CE,Federal Contract Tower,0,1,23,3,27,0,0,48,33,81,0,1,71,36,108,40,38,78,186
12/13/2005,BAK,IN,AGL,CE,Federal Contract Tower,0,0,21,2,23,0,0,43,0,43,0,0,64,2,66,6,0,6,72
12/14/2005,BAK,IN,AGL,CE,Federal Contract Tower,0,0,14,0,14,0,0,0,0,0,0,0,14,0,14,0,0,0,14
12/15/2005,BAK,IN,AGL,CE,Federal Contract Tower,0,4,14,2,20,0,0,1,2,3,0,4,15,4,23,0,0,0,23
12/16/2005,BAK,IN,AGL,CE,Federal Contract Tower,0,1,16,0,17,0,0,7,0,7,0,1,23,0,24,20,0,20,44
12/17/2005,BAK,IN,AGL,CE,Federal Contract Tower,0,2,7,0,9,0,0,27,0,27,0,2,34,0,36,32,0,32,68
12/18/2005,BAK,IN,AGL,CE,Federal Contract Tower,0,0,13,0,13,0,0,15,0,15,0,0,28,0,28,10,0,10,38
12/19/2005,BAK,IN,AGL,CE,Federal Contract Tower,0,4,14,0,18,0,0,43,18,61,0,4,57,18,79,26,10,36,115
12/20/2005,BAK,IN,AGL,CE,Federal Contract Tower,0,0,11,0,11,0,0,45,0,45,0,0,56,0,56,40,0,40,96
12/21/2005,BAK,IN,AGL,CE,Federal Contract Tower,0,1,17,2,20,0,0,48,5,53,0,1,65,7,73,30,6,36,109
12/22/2005,BAK,IN,AGL,CE,Federal Contract Tower,0,0,8,0,8,0,0,42,0,42,0,0,50,0,50,8,0,8,58
12/23/2005,BAK,IN,AGL,CE,Federal Contract Tower,0,3,1,0,4,0,0,25,0,25,0,3,26,0,29,8,0,8,37
12/24/2005,BAK,IN,AGL,CE,Federal Contract Tower,0,2,3,0,5,0,0,41,0,41,0,2,44,0,46,0,0,0,46
12/25/2005,BAK,IN,AGL,CE,Federal Contract Tower,0,0,2,0,2,0,0,0,0,0,0,0,2,0,2,0,0,0,2
12/26/2005,BAK,IN,AGL,CE,Federal Contract Tower,0,2,9,1,12,0,0,65,0,65,0,2,74,1,77,44,0,44,121
12/27/2005,BAK,IN,AGL,CE,Federal Contract Tower,0,2,12,0,14,0,0,87,1,88,0,2,99,1,102,46,2,48,150
12/28/2005,BAK,IN,AGL,CE,Federal Contract Tower,0,0,4,0,4,0,0,22,0,22,0,0,26,0,26,6,0,6,32
12/29/2005,BAK,IN,AGL,CE,Federal Contract Tower,0,0,2,0,2,0,0,0,0,0,0,0,2,0,2,0,0,0,2
12/30/2005,BAK,IN,AGL,CE,Federal Contract Tower,0,1,3,0,4,0,0,0,0,0,0,1,3,0,4,2,0,2,6
12/31/2005,BAK,IN,AGL,CE,Federal Contract Tower,0,0,0,0,0,0,0,20,0,20,0,0,20,0,20,42,0,42,62
01/01/2006,BAK,IN,AGL,CE,Federal Contract Tower,0,1,3,0,4,0,0,49,0,49,0,1,52,0,53,34,0,34,87
01/02/2006,BAK,IN,AGL,CE,Federal Contract Tower,0,2,2,0,4,0,0,14,0,14,0,2,16,0,18,0,0,0,18
01/03/2006,BAK,IN,AGL,CE,Federal Contract Tower,0,2,14,0,16,0,0,0,0,0,0,2,14,0,16,10,0,10,26
01/04/2006,BAK,IN,AGL,CE,Federal Contract Tower,0,3,17,1,21,0,0,30,0,30,0,3,47,1,51,30,2,32,83
01/05/2006,BAK,IN,AGL,CE,Federal Contract Tower,0,1,17,0,18,0,0,0,0,0,0,1,17,0,18,4,10,14,32
01/06/2006,BAK,IN,AGL,CE,Federal Contract Tower,0,0,21,0,21,0,0,8,8,16,0,0,29,8,37,0,0,0,37
01/07/2006,BAK,IN,AGL,CE,Federal Contract Tower,0,1,9,0,10,0,0,83,16,99,0,1,92,16,109,22,0,22,131
01/08/2006,BAK,IN,AGL,CE,Federal Contract Tower,0,2,2,0,4,0,0,94,12,106,0,2,96,12,110,52,24,76,186
01/09/2006,BAK,IN,AGL,CE,Federal Contract Tower,0,2,15,1,18,0,0,65,23,88,0,2,80,24,106,18,16,34,140
01/10/2006,BAK,IN,AGL,CE,Federal Contract Tower,0,4,15,0,19,0,0,2,0,2,0,4,17,0,21,0,0,0,21
01/11/2006,BAK,IN,AGL,CE,Federal Contract Tower,0,0,19,0,19,0,0,13,2,15,0,0,32,2,34,8,0,8,42
01/12/2006,BAK,IN,AGL,CE,Federal Contract Tower,0,1,14,0,15,0,0,38,8,46,0,1,52,8,61,56,0,56,117
01/13/2006,BAK,IN,AGL,CE,Federal Contract Tower,0,1,15,0,16,0,0,0,0,0,0,1,15,0,16,0,0,0,16
01/14/2006,BAK,IN,AGL,CE,Federal Contract Tower,0,0,2,0,2,0,0,44,0,44,0,0,46,0,46,20,0,20,66
01/15/2006,BAK,IN,AGL,CE,Federal Contract Tower,0,0,7,0,7,0,0,104,0,104,0,0,111,0,111,40,0,40,151
01/16/2006,BAK,IN,AGL,CE,Federal Contract Tower,0,2,18,0,20,0,0,61,0,61,0,2,79,0,81,26,0,26,107
01/17/2006,BAK,IN,AGL,CE,Federal Contract Tower,0,0,13,0,13,0,0,0,0,0,0,0,13,0,13,0,0,0,13
01/18/2006,BAK,IN,AGL,CE,Federal Contract Tower,0,2,17,0,19,0,0,2,2,4,0,2,19,2,23,0,6,6,29
01/19/2006,BAK,IN,AGL,CE,Federal Contract Tower,0,1,17,0,18,0,0,24,6,30,0,1,41,6,48,0,14,14,62
01/20/2006,BAK,IN,AGL,CE,Federal Contract Tower,0,0,18,1,19,0,0,36,9,45,0,0,54,10,64,0,0,0,64
01/21/2006,BAK,IN,AGL,CE,Federal Contract Tower,0,2,7,0,9,0,0,15,0,15,0,2,22,0,24,10,0,10,34
01/22/2006,BAK,IN,AGL,CE,Federal Contract Tower,0,1,0,0,1,0,0,0,68,68,0,1,0,68,69,40,0,40,109
01/23/2006,BAK,IN,AGL,CE,Federal Contract Tower,0,2,27,0,29,0,0,31,0,31,0,2,58,0,60,4,0,4,64
01/24/2006,BAK,IN,AGL,CE,Federal Contract Tower,0,3,11,0,14,0,0,11,0,11,0,3,22,0,25,0,0,0,25
01/25/2006,BAK,IN,AGL,CE,Federal Contract Tower,0,2,18,0,20,0,0,16,0,16,0,2,34,0,36,10,0,10,46
01/26/2006,BAK,IN,AGL,CE,Federal Contract Tower,0,3,13,0,16,0,0,80,6,86,0,3,93,6,102,48,4,52,154
01/27/2006,BAK,IN,AGL,CE,Federal Contract Tower,0,0,18,0,18,0,0,85,0,85,0,0,103,0,103,38,0,38,141
01/28/2006,BAK,IN,AGL,CE,Federal Contract Tower,0,2,6,0,8,0,0,124,6,130,0,2,130,6,138,54,16,70,208
01/29/2006,BAK,IN,AGL,CE,Federal Contract Tower,0,0,5,0,5,0,0,5,6,11,0,0,10,6,16,2,12,14,30
01/30/2006,BAK,IN,AGL,CE,Federal Contract Tower,0,0,13,0,13,0,0,12,0,12,0,0,25,0,25,0,0,0,25
01/31/2006,BAK,IN,AGL,CE,Federal Contract Tower,0,0,21,0,21,0,0,17,10,27,0,0,38,10,48,0,10,10,58
02/01/2006,BAK,IN,AGL,CE,Federal Contract Tower,0,0,25,0,25,0,0,29,6,35,0,0,54,6,60,8,0,8,68
02/02/2006,BAK,IN,AGL,CE,Federal Contract Tower,0,2,18,1,21,0,0,0,0,0,0,2,18,1,21,0,0,0,21
02/03/2006,BAK,IN,AGL,CE,Federal Contract Tower,0,5,17,2,24,0,0,41,0,41,0,5,58,2,65,0,0,0,65
02/04/2006,BAK,IN,AGL,CE,Federal Contract Tower,0,1,5,0,6,0,0,1,1,2,0,1,6,1,8,0,0,0,8
02/05/2006,BAK,IN,AGL,CE,Federal Contract Tower,0,2,5,2,9,0,0,2,4,6,0,2,7,6,15,4,10,14,29
02/06/2006,BAK,IN,AGL,CE,Federal Contract Tower,0,3,22,2,27,0,0,50,0,50,0,3,72,2,77,16,0,16,93
02/07/2006,BAK,IN,AGL,CE,Federal Contract Tower,0,4,11,0,15,0,0,60,14,74,0,4,71,14,89,24,4,28,117
02/08/2006,BAK,IN,AGL,CE,Federal Contract Tower,0,4,17,0,21,0,0,61,6,67,0,4,78,6,88,30,24,54,142
02/09/2006,BAK,IN,AGL,CE,Federal Contract Tower,0,1,18,0,19,0,0,51,0,51,0,1,69,0,70,4,14,18,88
02/10/2006,BAK,IN,AGL,CE,Federal Contract Tower,0,2,20,0,22,0,0,82,14,96,0,2,102,14,118,48,0,48,166
02/11/2006,BAK,IN,AGL,CE,Federal Contract Tower,0,0,5,0,5,0,0,0,0,0,0,0,5,0,5,0,0,0,5
02/12/2006,BAK,IN,AGL,CE,Federal Contract Tower,0,0,7,0,7,0,0,21,0,21,0,0,28,0,28,106,0,106,134
02/13/2006,BAK,IN,AGL,CE,Federal Contract Tower,0,0,20,0,20,0,2,32,0,34,0,2,52,0,54,20,10,30,84
02/14/2006,BAK,IN,AGL,CE,Federal Contract Tower,0,0,20,0,20,0,0,46,6,52,0,0,66,6,72,68,10,78,150
02/15/2006,BAK,IN,AGL,CE,Federal Contract Tower,0,1,17,2,20,0,0,35,4,39,0,1,52,6,59,22,0,22,81
02/16/2006,BAK,IN,AGL,CE,Federal Contract Tower,0,4,19,0,23,0,0,43,0,43,0,4,62,0,66,0,0,0,66
02/17/2006,BAK,IN,AGL,CE,Federal Contract Tower,0,0,14,0,14,0,0,68,18,86,0,0,82,18,100,56,10,66,166
02/18/2006,BAK,IN,AGL,CE,Federal Contract Tower,0,0,1,0,1,0,0,8,0,8,0,0,9,0,9,16,0,16,25
02/19/2006,BAK,IN,AGL,CE,Federal Contract Tower,0,1,5,0,6,0,1,47,0,48,0,2,52,0,54,34,0,34,88
02/20/2006,BAK,IN,AGL,CE,Federal Contract Tower,0,6,16,0,22,0,0,25,0,25,0,6,41,0,47,16,0,16,63
02/21/2006,BAK,IN,AGL,CE,Federal Contract Tower,0,2,12,0,14,0,0,54,2,56,0,2,66,2,70,36,0,36,106
02/22/2006,BAK,IN,AGL,CE,Federal Contract Tower,0,4,17,2,23,0,0,38,0,38,0,4,55,2,61,8,0,8,69
02/23/2006,BAK,IN,AGL,CE,Federal Contract Tower,0,0,20,0,20,0,0,30,2,32,0,0,50,2,52,12,0,12,64
02/24/2006,BAK,IN,AGL,CE,Federal Contract Tower,0,0,18,0,18,0,0,44,0,44,0,0,62,0,62,14,0,14,76
02/25/2006,BAK,IN,AGL,CE,Federal Contract Tower,0,2,8,0,10,0,0,34,6,40,0,2,42,6,50,12,18,30,80
02/26/2006,BAK,IN,AGL,CE,Federal Contract Tower,0,2,6,0,8,0,0,77,6,83,0,2,83,6,91,48,0,48,139
02/27/2006,BAK,IN,AGL,CE,Federal Contract Tower,0,2,13,0,15,0,0,11,0,11,0,2,24,0,26,18,0,18,44
02/28/2006,BAK,IN,AGL,CE,Federal Contract Tower,0,0,19,0,19,0,0,44,4,48,0,0,63,4,67,70,0,70,137
03/01/2006,BAK,IN,AGL,CE,Federal Contract Tower,0,0,20,0,20,0,0,46,0,46,0,0,66,0,66,24,0,24,90
03/02/2006,BAK,IN,AGL,CE,Federal Contract Tower,0,0,20,0,20,0,1,4,0,5,0,1,24,0,25,2,0,2,27
03/03/2006,BAK,IN,AGL,CE,Federal Contract Tower,0,1,23,0,24,0,0,53,0,53,0,1,76,0,77,62,2,64,141
03/04/2006,BAK,IN,AGL,CE,Federal Contract Tower,0,0,8,0,8,0,0,76,0,76,0,0,84,0,84,22,2,24,108
03/05/2006,BAK,IN,AGL,CE,Federal Contract Tower,0,1,4,0,5,0,0,6,0,6,0,1,10,0,11,22,0,22,33
03/06/2006,BAK,IN,AGL,CE,Federal Contract Tower,0,0,16,0,16,0,0,0,0,0,0,0,16,0,16,0,0,0,16
03/07/2006,BAK,IN,AGL,CE,Federal Contract Tower,0,4,17,0,21,0,0,112,16,128,0,4,129,16,149,42,20,62,211
03/08/2006,BAK,IN,AGL,CE,Federal Contract Tower,0,2,22,0,24,0,0,4,0,4,0,2,26,0,28,10,0,10,38
03/09/2006,BAK,IN,AGL,CE,Federal Contract Tower,0,3,16,2,21,0,0,0,0,0,0,3,16,2,21,0,0,0,21
03/10/2006,BAK,IN,AGL,CE,Federal Contract Tower,0,9,26,0,35,0,0,28,0,28,0,9,54,0,63,28,0,28,91
03/11/2006,BAK,IN,AGL,CE,Federal Contract Tower,0,0,6,2,8,0,0,0,0,0,0,0,6,2,8,0,0,0,8
03/12/2006,BAK,IN,AGL,CE,Federal Contract Tower,0,3,7,0,10,0,0,2,0,2,0,3,9,0,12,0,0,0,12
03/13/2006,BAK,IN,AGL,CE,Federal Contract Tower,0,0,10,0,10,0,0,9,0,9,0,0,19,0,19,0,0,0,19
03/14/2006,BAK,IN,AGL,CE,Federal Contract Tower,0,2,23,0,25,0,0,30,18,48,0,2,53,18,73,28,76,104,177
03/15/2006,BAK,IN,AGL,CE,Federal Contract Tower,0,1,20,0,21,0,0,107,2,109,0,1,127,2,130,80,6,86,216
03/16/2006,BAK,IN,AGL,CE,Federal Contract Tower,0,2,11,2,15,0,0,38,0,38,0,2,49,2,53,0,2,2,55
03/17/2006,BAK,IN,AGL,CE,Federal Contract Tower,0,4,24,0,28,0,0,32,0,32,0,4,56,0,60,10,0,10,70
03/18/2006,BAK,IN,AGL,CE,Federal Contract Tower,0,0,18,0,18,0,0,96,0,96,0,0,114,0,114,16,0,16,130
03/19/2006,BAK,IN,AGL,CE,Federal Contract Tower,0,0,7,0,7,0,0,89,0,89,0,0,96,0,96,64,0,64,160
03/20/2006,BAK,IN,AGL,CE,Federal Contract Tower,0,0,14,1,15,0,0,7,3,10,0,0,21,4,25,6,18,24,49
03/21/2006,BAK,IN,AGL,CE,Federal Contract Tower,0,1,5,0,6,0,0,2,0,2,0,1,7,0,8,0,0,0,8
03/22/2006,BAK,IN,AGL,CE,Federal Contract Tower,0,2,14,0,16,0,0,50,8,58,0,2,64,8,74,48,32,80,154
03/23/2006,BAK,IN,AGL,CE,Federal Contract Tower,0,4,15,0,19,0,0,36,20,56,0,4,51,20,75,56,0,56,131
03/24/2006,BAK,IN,AGL,CE,Federal Contract Tower,0,3,17,0,20,0,0,14,0,14,0,3,31,0,34,0,0,0,34
03/25/2006,BAK,IN,AGL,CE,Federal Contract Tower,0,1,8,1,10,0,0,39,5,44,0,1,47,6,54,22,6,28,82
03/26/2006,BAK,IN,AGL,CE,Federal Contract Tower,0,0,6,0,6,0,0,68,2,70,0,0,74,2,76,38,10,48,124
03/27/2006,BAK,IN,AGL,CE,Federal Contract Tower,2,2,14,0,18,0,2,74,8,84,2,4,88,8,102,30,0,30,132
03/28/2006,BAK,IN,AGL,CE,Federal Contract Tower,0,2,22,4,28,0,0,20,8,28,0,2,42,12,56,24,12,36,92
03/29/2006,BAK,IN,AGL,CE,Federal Contract Tower,0,0,36,0,36,0,0,56,4,60,0,0,92,4,96,40,8,48,144
03/30/2006,BAK,IN,AGL,CE,Federal Contract Tower,0,2,36,5,43,0,0,60,0,60,0,2,96,5,103,58,10,68,171
03/31/2006,BAK,IN,AGL,CE,Federal Contract Tower,0,0,13,0,13,0,0,9,0,9,0,0,22,0,22,30,0,30,52
04/01/2006,BAK,IN,AGL,CE,Federal Contract Tower,0,0,20,1,21,0,0,34,2,36,0,0,54,3,57,8,0,8,65
04/02/2006,BAK,IN,AGL,CE,Federal Contract Tower,0,2,6,0,8,0,0,17,0,17,0,2,23,0,25,6,0,6,31
04/03/2006,BAK,IN,AGL,CE,Federal Contract Tower,0,0,13,0,13,0,0,7,0,7,0,0,20,0,20,4,0,4,24
04/04/2006,BAK,IN,AGL,CE,Federal Contract Tower,0,0,15,0,15,0,0,63,16,79,0,0,78,16,94,32,24,56,150
04/05/2006,BAK,IN,AGL,CE,Federal Contract Tower,0,0,26,0,26,0,0,85,12,97,0,0,111,12,123,52,20,72,195
04/06/2006,BAK,IN,AGL,CE,Federal Contract Tower,0,2,24,0,26,0,0,8,20,28,0,2,32,20,54,0,0,0,54
04/07/2006,BAK,IN,AGL,CE,Federal Contract Tower,0,2,21,0,23,0,0,33,0,33,0,2,54,0,56,6,0,6,62
04/08/2006,BAK,IN,AGL,CE,Federal Contract Tower,0,0,5,0,5,0,0,40,0,40,0,0,45,0,45,20,4,24,69
04/09/2006,BAK,IN,AGL,CE,Federal Contract Tower,0,0,8,0,8,0,0,87,4,91,0,0,95,4,99,20,0,20,119
04/10/2006,BAK,IN,AGL,CE,Federal Contract Tower,0,0,29,2,31,0,0,65,0,65,0,0,94,2,96,56,0,56,152
04/11/2006,BAK,IN,AGL,CE,Federal Contract Tower,0,1,21,0,22,0,0,42,0,42,0,1,63,0,64,8,6,14,78
04/12/2006,BAK,IN,AGL,CE,Federal Contract Tower,0,0,20,0,20,0,0,21,0,21,0,0,41,0,41,12,0,12,53
04/13/2006,BAK,IN,AGL,CE,Federal Contract Tower,0,2,23,0,25,0,0,65,0,65,0,2,88,0,90,22,2,24,114
04/14/2006,BAK,IN,AGL,CE,Federal Contract Tower,0,0,6,3,9,0,0,22,6,28,0,0,28,9,37,8,30,38,75
04/15/2006,BAK,IN,AGL,CE,Federal Contract Tower,0,2,3,0,5,0,0,31,2,33,0,2,34,2,38,16,0,16,54
04/16/2006,BAK,IN,AGL,CE,Federal Contract Tower,0,0,1,0,1,0,0,13,0,13,0,0,14,0,14,0,0,0,14
04/17/2006,BAK,IN,AGL,CE,Federal Contract Tower,0,0,19,2,21,0,0,40,0,40,0,0,59,2,61,34,28,62,123
04/18/2006,BAK,IN,AGL,CE,Federal Contract Tower,0,7,12,0,19,0,0,61,24,85,0,7,73,24,104,10,14,24,128
04/19/2006,BAK,IN,AGL,CE,Federal Contract Tower,0,3,17,2,22,0,0,44,0,44,0,3,61,2,66,16,50,66,132
04/20/2006,BAK,IN,AGL,CE,Federal Contract Tower,0,4,23,0,27,0,0,5,8,13,0,4,28,8,40,6,0,6,46
04/21/2006,BAK,IN,AGL,CE,Federal Contract Tower,0,4,20,0,24,0,0,5,2,7,0,4,25,2,31,8,0,8,39
04/22/2006,BAK,IN,AGL,CE,Federal Contract Tower,0,0,10,0,10,0,0,66,0,66,0,0,76,0,76,48,0,48,124
04/23/2006,BAK,IN,AGL,CE,Federal Contract Tower,0,2,6,0,8,0,0,118,10,128,0,2,124,10,136,74,4,78,214
04/24/2006,BAK,IN,AGL,CE,Federal Contract Tower,0,3,11,1,15,0,0,83,3,86,0,3,94,4,101,46,16,62,163
04/25/2006,BAK,IN,AGL,CE,Federal Contract Tower,3,5,11,0,19,0,0,23,0,23,3,5,34,0,42,0,0,0,42
04/26/2006,BAK,IN,AGL,CE,Federal Contract Tower,0,6,20,0,26,0,0,57,3,60,0,6,77,3,86,72,10,82,168
04/27/2006,BAK,IN,AGL,CE,Federal Contract Tower,0,8,18,0,26,0,0,54,52,106,0,8,72,52,132,40,12,52,184
04/28/2006,BAK,IN,AGL,CE,Federal Contract Tower,0,2,24,0,26,0,0,83,22,105,0,2,107,22,131,52,0,52,183
04/29/2006,BAK,IN,AGL,CE,Federal Contract Tower,0,1,6,0,7,0,0,22,4,26,0,1,28,4,33,24,4,28,61
04/30/2006,BAK,IN,AGL,CE,Federal Contract Tower,0,1,13,0,14,0,0,9,2,11,0,1,22,2,25,14,0,14,39
05/01/2006,BAK,IN,AGL,CE,Federal Contract Tower,0,2,19,0,21,0,0,15,2,17,0,2,34,2,38,46,0,46,84
05/02/2006,BAK,IN,AGL,CE,Federal Contract Tower,0,0,18,0,18,0,0,13,0,13,0,0,31,0,31,34,0,34,65
05/03/2006,BAK,IN,AGL,CE,Federal Contract Tower,0,6,20,0,26,0,0,56,16,72,0,6,76,16,98,44,26,70,168
05/04/2006,BAK,IN,AGL,CE,Federal Contract Tower,0,5,25,0,30,0,0,36,0,36,0,5,61,0,66,10,8,18,84
05/05/2006,BAK,IN,AGL,CE,Federal Contract Tower,0,2,15,2,19,0,0,49,12,61,0,2,64,14,80,32,32,64,144
05/06/2006,BAK,IN,AGL,CE,Federal Contract Tower,0,2,9,0,11,0,0,54,4,58,0,2,63,4,69,18,8,26,95
05/07/2006,BAK,IN,AGL,CE,Federal Contract Tower,0,0,7,0,7,0,0,107,28,135,0,0,114,28,142,40,0,40,182
05/08/2006,BAK,IN,AGL,CE,Federal Contract Tower,0,0,15,0,15,0,0,80,6,86,0,0,95,6,101,54,16,70,171
05/09/2006,BAK,IN,AGL,CE,Federal Contract Tower,0,1,19,0,20,0,0,30,0,30,0,1,49,0,50,44,2,46,96
05/10/2006,BAK,IN,AGL,CE,Federal Contract Tower,0,2,18,0,20,0,0,0,0,0,0,2,18,0,20,0,0,0,20
05/11/2006,BAK,IN,AGL,CE,Federal Contract Tower,0,4,14,0,18,0,0,0,0,0,0,4,14,0,18,0,20,20,38
05/12/2006,BAK,IN,AGL,CE,Federal Contract Tower,0,2,19,0,21,0,0,0,0,0,0,2,19,0,21,0,4,4,25
05/13/2006,BAK,IN,AGL,CE,Federal Contract Tower,0,0,6,0,6,0,0,20,6,26,0,0,26,6,32,0,10,10,42
05/14/2006,BAK,IN,AGL,CE,Federal Contract Tower,0,0,2,0,2,0,0,13,0,13,0,0,15,0,15,0,0,0,15
05/15/2006,BAK,IN,AGL,CE,Federal Contract Tower,0,3,18,2,23,0,0,45,8,53,0,3,63,10,76,32,24,56,132
05/16/2006,BAK,IN,AGL,CE,Federal Contract Tower,0,1,19,0,20,0,0,34,8,42,0,1,53,8,62,46,10,56,118
05/17/2006,BAK,IN,AGL,CE,Federal Contract Tower,0,2,19,2,23,0,0,39,0,39,0,2,58,2,62,26,8,34,96
05/18/2006,BAK,IN,AGL,CE,Federal Contract Tower,0,5,31,0,36,0,0,0,0,0,0,5,31,0,36,14,0,14,50
05/19/2006,BAK,IN,AGL,CE,Federal Contract Tower,0,1,31,0,32,0,0,53,2,55,0,1,84,2,87,80,0,80,167
05/20/2006,BAK,IN,AGL,CE,Federal Contract Tower,0,1,10,0,11,0,0,133,0,133,0,1,143,0,144,30,0,30,174
05/21/2006,BAK,IN,AGL,CE,Federal Contract Tower,0,0,8,2,10,0,0,123,0,123,0,0,131,2,133,62,0,62,195
05/22/2006,BAK,IN,AGL,CE,Federal Contract Tower,0,1,13,0,14,0,0,35,2,37,0,1,48,2,51,10,0,10,61
05/23/2006,BAK,IN,AGL,CE,Federal Contract Tower,0,4,22,0,26,0,0,59,0,59,0,4,81,0,85,36,0,36,121
05/24/2006,BAK,IN,AGL,CE,Federal Contract Tower,0,4,19,0,23,0,0,62,4,66,0,4,81,4,89,66,0,66,155
05/25/2006,BAK,IN,AGL,CE,Federal Contract Tower,0,5,23,0,28,0,0,60,0,60,0,5,83,0,88,14,0,14,102
05/26/2006,BAK,IN,AGL,CE,Federal Contract Tower,0,3,22,0,25,0,0,76,14,90,0,3,98,14,115,34,0,34,149
05/27/2006,BAK,IN,AGL,CE,Federal Contract Tower,0,1,7,0,8,0,0,85,0,85,0,1,92,0,93,4,0,4,97
05/28/2006,BAK,IN,AGL,CE,Federal Contract Tower,0,0,6,0,6,0,0,73,0,73,0,0,79,0,79,42,0,42,121
05/29/2006,BAK,IN,AGL,CE,Federal Contract Tower,0,0,5,0,5,0,0,71,0,71,0,0,76,0,76,36,0,36,112
05/30/2006,BAK,IN,AGL,CE,Federal Contract Tower,0,0,11,0,11,0,0,29,4,33,0,0,40,4,44,10,20,30,74
05/31/2006,BAK,IN,AGL,CE,Federal Contract Tower,0,4,18,5,27,0,0,50,0,50,0,4,68,5,77,120,16,136,213
06/01/2006,BAK,IN,AGL,CE,Federal Contract Tower,0,1,28,1,30,0,0,64,1,65,0,1,92,2,95,64,0,64,159
06/02/2006,BAK,IN,AGL,CE,Federal Contract Tower,0,2,22,0,24,0,0,38,0,38,0,2,60,0,62,0,0,0,62
06/03/2006,BAK,IN,AGL,CE,Federal Contract Tower,0,4,8,0,12,0,0,164,0,164,0,4,172,0,176,96,0,96,272
06/04/2006,BAK,IN,AGL,CE,Federal Contract Tower,0,0,2,0,2,0,0,108,0,108,0,0,110,0,110,38,0,38,148
06/05/2006,BAK,IN,AGL,CE,Federal Contract Tower,0,1,18,0,19,0,0,74,0,74,0,1,92,0,93,34,0,34,127
06/06/2006,BAK,IN,AGL,CE,Federal Contract Tower,0,7,20,2,29,0,0,64,10,74,0,7,84,12,103,20,0,20,123
06/07/2006,BAK,IN,AGL,CE,Federal Contract Tower,0,2,18,0,20,0,0,46,2,48,0,2,64,2,68,12,10,22,90
06/08/2006,BAK,IN,AGL,CE,Federal Contract Tower,2,1,13,0,16,0,0,71,2,73,2,1,84,2,89,90,0,90,179
06/09/2006,BAK,IN,AGL,CE,Federal Contract Tower,0,7,14,0,21,0,0,78,4,82,0,7,92,4,103,128,8,136,239
06/10/2006,BAK,IN,AGL,CE,Federal Contract Tower,0,3,15,0,18,0,0,40,2,42,0,3,55,2,60,24,0,24,84
06/11/2006,BAK,IN,AGL,CE,Federal Contract Tower,0,0,16,0,16,0,0,16,0,16,0,0,32,0,32,76,0,76,108
06/12/2006,BAK,IN,AGL,CE,Federal Contract Tower,0,3,25,0,28,0,0,66,6,72,0,3,91,6,100,68,2,70,170
06/13/2006,BAK,IN,AGL,CE,Federal Contract Tower,0,6,24,1,31,0,0,77,15,92,0,6,101,16,123,128,8,136,259
06/14/2006,BAK,IN,AGL,CE,Federal Contract Tower,0,5,19,5,29,0,0,84,4,88,0,5,103,9,117,114,24,138,255
06/15/2006,BAK,IN,AGL,CE,Federal Contract Tower,0,1,18,1,20,0,0,69,6,75,0,1,87,7,95,86,24,110,205
06/16/2006,BAK,IN,AGL,CE,Federal Contract Tower,0,0,22,0,22,0,0,79,6,85,0,0,101,6,107,112,40,152,259
06/17/2006,BAK,IN,AGL,CE,Federal Contract Tower,0,2,11,0,13,0,0,72,10,82,0,2,83,10,95,18,18,36,131
06/18/2006,BAK,IN,AGL,CE,Federal Contract Tower,0,2,8,0,10,0,0,12,0,12,0,2,20,0,22,0,0,0,22
06/19/2006,BAK,IN,AGL,CE,Federal Contract Tower,0,1,15,0,16,0,0,31,4,35,0,1,46,4,51,36,0,36,87
06/20/2006,BAK,IN,AGL,CE,Federal Contract Tower,0,5,32,0,37,0,0,62,28,90,0,5,94,28,127,86,8,94,221
06/21/2006,BAK,IN,AGL,CE,Federal Contract Tower,0,3,31,0,34,0,0,55,4,59,0,3,86,4,93,18,0,18,111
06/22/2006,BAK,IN,AGL,CE,Federal Contract Tower,0,4,23,0,27,0,0,41,0,41,0,4,64,0,68,16,0,16,84
06/23/2006,BAK,IN,AGL,CE,Federal Contract Tower,0,10,18,0,28,0,0,47,0,47,0,10,65,0,75,134,0,134,209
06/24/2006,BAK,IN,AGL,CE,Federal Contract Tower,0,0,11,0,11,0,0,111,0,111,0,0,122,0,122,48,0,48,170
06/25/2006,BAK,IN,AGL,CE,Federal Contract Tower,0,1,15,0,16,0,0,90,0,90,0,1,105,0,106,2,0,2,108
06/26/2006,BAK,IN,AGL,CE,Federal Contract Tower,0,0,20,0,20,0,0,28,0,28,0,0,48,0,48,50,0,50,98
06/27/2006,BAK,IN,AGL,CE,Federal Contract Tower,0,3,25,0,28,0,0,34,2,36,0,3,59,2,64,74,40,114,178
06/28/2006,BAK,IN,AGL,CE,Federal Contract Tower,0,7,24,4,35,0,0,47,0,47,0,7,71,4,82,24,8,32,114
06/29/2006,BAK,IN,AGL,CE,Federal Contract Tower,0,3,23,0,26,0,0,84,4,88,0,3,107,4,114,140,8,148,262
06/30/2006,BAK,IN,AGL,CE,Federal Contract Tower,0,5,17,0,22,0,0,123,0,123,0,5,140,0,145,86,0,86,231
07/01/2006,BAK,IN,AGL,CE,Federal Contract Tower,0,1,2,0,3,0,1,55,0,56,0,2,57,0,59,136,0,136,195
07/02/2006,BAK,IN,AGL,CE,Federal Contract Tower,0,1,1,0,2,0,0,58,0,58,0,1,59,0,60,20,0,20,80
07/03/2006,BAK,IN,AGL,CE,Federal Contract Tower,0,5,1,0,6,0,0,29,0,29,0,5,30,0,35,18,0,18,53
07/04/2006,BAK,IN,AGL,CE,Federal Contract Tower,0,0,0,0,0,0,0,8,0,8,0,0,8,0,8,38,0,38,46
07/05/2006,BAK,IN,AGL,CE,Federal Contract Tower,2,5,12,0,19,0,0,57,4,61,2,5,69,4,80,86,0,86,166
07/06/2006,BAK,IN,AGL,CE,Federal Contract Tower,0,2,12,0,14,0,0,79,8,87,0,2,91,8,101,26,8,34,135
07/07/2006,BAK,IN,AGL,CE,Federal Contract Tower,0,1,16,1,18,0,0,63,1,64,0,1,79,2,82,10,0,10,92
07/08/2006,BAK,IN,AGL,CE,Federal Contract Tower,0,0,6,0,6,0,0,90,2,92,0,0,96,2,98,22,0,22,120
07/09/2006,BAK,IN,AGL,CE,Federal Contract Tower,0,0,11,0,11,0,0,67,2,69,0,0,78,2,80,22,0,22,102
07/10/2006,BAK,IN,AGL,CE,Federal Contract Tower,0,6,10,0,16,0,0,46,6,52,0,6,56,6,68,0,0,0,68
07/11/2006,BAK,IN,AGL,CE,Federal Contract Tower,0,1,12,0,13,0,0,4,0,4,0,1,16,0,17,38,0,38,55
07/12/2006,BAK,IN,AGL,CE,Federal Contract Tower,0,6,12,4,22,0,0,11,4,15,0,6,23,8,37,44,10,54,91
07/13/2006,BAK,IN,AGL,CE,Federal Contract Tower,0,0,16,0,16,0,0,22,4,26,0,0,38,4,42,86,2,88,130
07/14/2006,BAK,IN,AGL,CE,Federal Contract Tower,0,2,18,0,20,0,0,47,0,47,0,2,65,0,67,100,0,100,167
07/15/2006,BAK,IN,AGL,CE,Federal Contract Tower,0,3,5,0,8,0,1,65,0,66,0,4,70,0,74,104,0,104,178
07/16/2006,BAK,IN,AGL,CE,Federal Contract Tower,0,0,11,0,11,0,0,75,12,87,0,0,86,12,98,106,0,106,204
07/17/2006,BAK,IN,AGL,CE,Federal Contract Tower,0,1,22,4,27,0,0,70,2,72,0,1,92,6,99,132,0,132,231
07/18/2006,BAK,IN,AGL,CE,Federal Contract Tower,0,2,8,4,14,0,0,66,18,84,0,2,74,22,98,36,0,36,134
07/19/2006,BAK,IN,AGL,CE,Federal Contract Tower,0,1,22,0,23,0,0,51,24,75,0,1,73,24,98,70,0,70,168
07/20/2006,BAK,IN,AGL,CE,Federal Contract Tower,0,3,25,6,34,0,0,49,27,76,0,3,74,33,110,116,4,120,230
07/21/2006,BAK,IN,AGL,CE,Federal Contract Tower,0,2,19,0,21,0,1,8,20,29,0,3,27,20,50,40,0,40,90
07/22/2006,BAK,IN,AGL,CE,Federal Contract Tower,0,2,2,1,5,0,0,65,41,106,0,2,67,42,111,68,0,68,179
07/23/2006,BAK,IN,AGL,CE,Federal Contract Tower,0,0,5,0,5,0,0,105,4,109,0,0,110,4,114,66,0,66,180
07/24/2006,BAK,IN,AGL,CE,Federal Contract Tower,2,5,18,2,27,0,0,99,4,103,2,5,117,6,130,18,0,18,148
07/25/2006,BAK,IN,AGL,CE,Federal Contract Tower,4,1,12,2,19,0,0,120,15,135,4,1,132,17,154,56,0,56,210
07/26/2006,BAK,IN,AGL,CE,Federal Contract Tower,0,1,24,2,27,0,0,65,2,67,0,1,89,4,94,64,8,72,166
07/27/2006,BAK,IN,AGL,CE,Federal Contract Tower,0,2,21,4,27,0,2,16,3,21,0,4,37,7,48,44,8,52,100
07/28/2006,BAK,IN,AGL,CE,Federal Contract Tower,0,7,10,2,19,0,0,99,16,115,0,7,109,18,134,50,8,58,192
07/29/2006,BAK,IN,AGL,CE,Federal Contract Tower,0,2,14,2,18,0,0,52,0,52,0,2,66,2,70,10,0,10,80
07/30/2006,BAK,IN,AGL,CE,Federal Contract Tower,0,2,13,0,15,0,0,21,0,21,0,2,34,0,36,12,0,12,48
07/31/2006,BAK,IN,AGL,CE,Federal Contract Tower,0,0,10,0,10,0,0,82,0,82,0,0,92,0,92,162,0,162,254
08/01/2006,BAK,IN,AGL,CE,Federal Contract Tower,0,2,10,0,12,0,0,76,4,80,0,2,86,4,92,230,0,230,322
08/02/2006,BAK,IN,AGL,CE,Federal Contract Tower,0,0,18,0,18,0,0,118,8,126,0,0,136,8,144,106,32,138,282
08/03/2006,BAK,IN,AGL,CE,Federal Contract Tower,0,0,22,0,22,0,4,97,0,101,0,4,119,0,123,136,0,136,259
08/04/2006,BAK,IN,AGL,CE,Federal Contract Tower,0,2,13,0,15,0,6,102,4,112,0,8,115,4,127,64,6,70,197
08/05/2006,BAK,IN,AGL,CE,Federal Contract Tower,0,3,19,0,22,0,0,115,0,115,0,3,134,0,137,0,0,0,137
08/06/2006,BAK,IN,AGL,CE,Federal Contract Tower,0,0,8,0,8,0,0,68,0,68,0,0,76,0,76,18,0,18,94
08/07/2006,BAK,IN,AGL,CE,Federal Contract Tower,0,5,15,0,20,0,0,35,0,35,0,5,50,0,55,4,0,4,59
08/08/2006,BAK,IN,AGL,CE,Federal Contract Tower,0,4,9,2,15,0,1,54,4,59,0,5,63,6,74,156,0,156,230
08/09/2006,BAK,IN,AGL,CE,Federal Contract Tower,0,0,16,0,16,0,0,32,16,48,0,0,48,16,64,80,0,80,144
08/10/2006,BAK,IN,AGL,CE,Federal Contract Tower,0,9,17,0,26,0,2,23,0,25,0,11,40,0,51,148,0,148,199
08/11/2006,BAK,IN,AGL,CE,Federal Contract Tower,0,4,16,0,20,0,0,45,2,47,0,4,61,2,67,192,0,192,259
08/12/2006,BAK,IN,AGL,CE,Federal Contract Tower,0,1,0,0,1,0,0,89,0,89,0,1,89,0,90,48,0,48,138
08/13/2006,BAK,IN,AGL,CE,Federal Contract Tower,0,0,6,0,6,0,0,78,18,96,0,0,84,18,102,34,0,34,136
08/14/2006,BAK,IN,AGL,CE,Federal Contract Tower,0,2,24,0,26,0,0,11,4,15,0,2,35,4,41,26,12,38,79
08/15/2006,BAK,IN,AGL,CE,Federal Contract Tower,0,2,15,0,17,0,0,84,18,102,0,2,99,18,119,64,4,68,187
08/16/2006,BAK,IN,AGL,CE,Federal Contract Tower,0,4,16,0,20,0,0,69,16,85,0,4,85,16,105,194,10,204,309
08/17/2006,BAK,IN,AGL,CE,Federal Contract Tower,0,1,13,0,14,0,0,89,36,125,0,1,102,36,139,78,2,80,219
08/18/2006,BAK,IN,AGL,CE,Federal Contract Tower,0,3,9,0,12,0,0,34,8,42,0,3,43,8,54,122,0,122,176
08/19/2006,BAK,IN,AGL,CE,Federal Contract Tower,0,0,5,0,5,0,0,39,0,39,0,0,44,0,44,40,0,40,84
08/20/2006,BAK,IN,AGL,CE,Federal Contract Tower,0,1,7,0,8,0,0,54,0,54,0,1,61,0,62,66,0,66,128
08/21/2006,BAK,IN,AGL,CE,Federal Contract Tower,0,2,17,0,19,0,0,47,0,47,0,2,64,0,66,74,0,74,140
08/22/2006,BAK,IN,AGL,CE,Federal Contract Tower,0,2,18,0,20,0,0,63,4,67,0,2,81,4,87,26,0,26,113
08/23/2006,BAK,IN,AGL,CE,Federal Contract Tower,0,1,25,2,28,0,0,56,4,60,0,1,81,6,88,70,16,86,174
08/24/2006,BAK,IN,AGL,CE,Federal Contract Tower,0,3,18,0,21,0,0,85,0,85,0,3,103,0,106,54,0,54,160
08/25/2006,BAK,IN,AGL,CE,Federal Contract Tower,0,2,13,0,15,0,0,39,4,43,0,2,52,4,58,24,2,26,84
08/26/2006,BAK,IN,AGL,CE,Federal Contract Tower,0,1,8,0,9,0,0,37,0,37,0,1,45,0,46,10,0,10,56
08/27/2006,BAK,IN,AGL,CE,Federal Contract Tower,0,0,5,0,5,0,0,14,2,16,0,0,19,2,21,22,0,22,43
08/28/2006,BAK,IN,AGL,CE,Federal Contract Tower,0,6,15,2,23,0,0,57,0,57,0,6,72,2,80,48,0,48,128
08/29/2006,BAK,IN,AGL,CE,Federal Contract Tower,0,2,14,0,16,0,0,5,2,7,0,2,19,2,23,0,6,6,29
08/30/2006,BAK,IN,AGL,CE,Federal Contract Tower,0,2,28,3,33,0,0,25,5,30,0,2,53,8,63,4,6,10,73
08/31/2006,BAK,IN,AGL,CE,Federal Contract Tower,0,2,20,0,22,0,0,4,0,4,0,2,24,0,26,0,0,0,26
09/01/2006,BAK,IN,AGL,CE,Federal Contract Tower,0,6,20,2,28,0,0,14,0,14,0,6,34,2,42,32,0,32,74
09/02/2006,BAK,IN,AGL,CE,Federal Contract Tower,0,0,0,0,0,0,88,0,0,88,0,88,0,0,88,48,0,48,136
09/03/2006,BAK,IN,AGL,CE,Federal Contract Tower,0,0,1,0,1,0,0,65,0,65,0,0,66,0,66,38,0,38,104
09/04/2006,BAK,IN,AGL,CE,Federal Contract Tower,0,0,6,2,8,0,0,103,0,103,0,0,109,2,111,128,0,128,239
09/05/2006,BAK,IN,AGL,CE,Federal Contract Tower,2,1,15,4,22,0,0,60,14,74,2,1,75,18,96,58,0,58,154
09/06/2006,BAK,IN,AGL,CE,Federal Contract Tower,0,2,33,0,35,0,0,69,18,87,0,2,102,18,122,12,2,14,136
09/07/2006,BAK,IN,AGL,CE,Federal Contract Tower,0,3,29,0,32,0,0,51,14,65,0,3,80,14,97,104,0,104,201
09/08/2006,BAK,IN,AGL,CE,Federal Contract Tower,0,0,16,0,16,0,0,94,24,118,0,0,110,24,134,64,0,64,198
09/09/2006,BAK,IN,AGL,CE,Federal Contract Tower,0,0,7,0,7,0,0,118,0,118,0,0,125,0,125,42,0,42,167
09/10/2006,BAK,IN,AGL,CE,Federal Contract Tower,0,0,11,0,11,0,0,31,20,51,0,0,42,20,62,66,24,90,152
09/11/2006,BAK,IN,AGL,CE,Federal Contract Tower,0,3,21,0,24,0,0,2,18,20,0,3,23,18,44,0,28,28,72
09/12/2006,BAK,IN,AGL,CE,Federal Contract Tower,0,2,18,2,22,0,0,8,0,8,0,2,26,2,30,0,0,0,30
09/13/2006,BAK,IN,AGL,CE,Federal Contract Tower,0,5,15,2,22,0,0,9,12,21,0,5,24,14,43,14,0,14,57
09/14/2006,BAK,IN,AGL,CE,Federal Contract Tower,0,3,22,0,25,0,0,19,20,39,0,3,41,20,64,0,0,0,64
09/15/2006,BAK,IN,AGL,CE,Federal Contract Tower,0,5,18,0,23,0,0,78,16,94,0,5,96,16,117,120,0,120,237
09/16/2006,BAK,IN,AGL,CE,Federal Contract Tower,0,3,6,0,9,0,0,90,2,92,0,3,96,2,101,42,0,42,143
09/17/2006,BAK,IN,AGL,CE,Federal Contract Tower,0,2,12,0,14,0,0,58,16,74,0,2,70,16,88,56,18,74,162
09/18/2006,BAK,IN,AGL,CE,Federal Contract Tower,0,6,16,0,22,0,0,8,0,8,0,6,24,0,30,0,0,0,30
09/19/2006,BAK,IN,AGL,CE,Federal Contract Tower,0,2,13,0,15,0,0,62,10,72,0,2,75,10,87,36,18,54,141
09/20/2006,BAK,IN,AGL,CE,Federal Contract Tower,0,2,22,1,25,0,0,80,17,97,0,2,102,18,122,68,56,124,246
09/21/2006,BAK,IN,AGL,CE,Federal Contract Tower,0,5,23,0,28,0,0,71,12,83,0,5,94,12,111,64,0,64,175
09/22/2006,BAK,IN,AGL,CE,Federal Contract Tower,0,1,16,1,18,0,0,0,1,1,0,1,16,2,19,0,0,0,19
09/23/2006,BAK,IN,AGL,CE,Federal Contract Tower,0,0,1,0,1,0,0,0,0,0,0,0,1,0,1,0,0,0,1
09/24/2006,BAK,IN,AGL,CE,Federal Contract Tower,0,4,6,0,10,0,0,110,26,136,0,4,116,26,146,58,42,100,246
09/25/2006,BAK,IN,AGL,CE,Federal Contract Tower,0,4,18,0,22,0,0,73,20,93,0,4,91,20,115,32,24,56,171
09/26/2006,BAK,IN,AGL,CE,Federal Contract Tower,0,4,17,4,25,0,0,79,12,91,0,4,96,16,116,40,40,80,196
09/27/2006,BAK,IN,AGL,CE,Federal Contract Tower,0,1,27,3,31,0,0,67,33,100,0,1,94,36,131,14,50,64,195
09/28/2006,BAK,IN,AGL,CE,Federal Contract Tower,0,1,24,2,27,0,0,43,50,93,0,1,67,52,120,12,42,54,174
09/29/2006,BAK,IN,AGL,CE,Federal Contract Tower,0,3,23,4,30,0,0,72,11,83,0,3,95,15,113,40,0,40,153
09/30/2006,BAK,IN,AGL,CE,Federal Contract Tower,0,3,1,1,5,0,0,60,12,72,0,3,61,13,77,18,34,52,129
10/01/2006,BAK,IN,AGL,CE,Federal Contract Tower,0,1,6,0,7,0,0,110,20,130,0,1,116,20,137,20,104,124,261
10/02/2006,BAK,IN,AGL,CE,Federal Contract Tower,0,0,29,0,29,0,0,51,14,65,0,0,80,14,94,8,22,30,124
10/03/2006,BAK,IN,AGL,CE,Federal Contract Tower,0,2,12,0,14,0,0,66,28,94,0,2,78,28,108,70,0,70,178
10/04/2006,BAK,IN,AGL,CE,Federal Contract Tower,0,2,15,0,17,0,0,43,68,111,0,2,58,68,128,20,40,60,188
10/05/2006,BAK,IN,AGL,CE,Federal Contract Tower,0,3,23,3,29,0,0,19,17,36,0,3,42,20,65,0,0,0,65
10/06/2006,BAK,IN,AGL,CE,Federal Contract Tower,0,1,16,2,19,0,2,98,54,154,0,3,114,56,173,16,20,36,209
10/07/2006,BAK,IN,AGL,CE,Federal Contract Tower,0,0,9,0,9,0,0,72,0,72,0,0,81,0,81,46,0,46,127
10/08/2006,BAK,IN,AGL,CE,Federal Contract Tower,0,1,5,10,16,0,0,120,0,120,0,1,125,10,136,20,0,20,156
10/09/2006,BAK,IN,AGL,CE,Federal Contract Tower,0,2,20,0,22,0,0,95,0,95,0,2,115,0,117,44,0,44,161
10/10/2006,BAK,IN,AGL,CE,Federal Contract Tower,0,10,11,0,21,0,0,35,0,35,0,10,46,0,56,28,0,28,84
10/11/2006,BAK,IN,AGL,CE,Federal Contract Tower,0,1,16,0,17,0,0,0,2,2,0,1,16,2,19,0,40,40,59
10/12/2006,BAK,IN,AGL,CE,Federal Contract Tower,0,1,19,2,22,0,0,23,12,35,0,1,42,14,57,54,30,84,141
10/13/2006,BAK,IN,AGL,CE,Federal Contract Tower,0,1,18,5,24,0,0,53,19,72,0,1,71,24,96,34,8,42,138
10/14/2006,BAK,IN,AGL,CE,Federal Contract Tower,0,0,9,0,9,0,0,77,2,79,0,0,86,2,88,2,0,2,90
10/15/2006,BAK,IN,AGL,CE,Federal Contract Tower,0,0,10,0,10,0,0,109,0,109,0,0,119,0,119,50,0,50,169
10/16/2006,BAK,IN,AGL,CE,Federal Contract Tower,0,0,15,5,20,0,0,29,11,40,0,0,44,16,60,6,0,6,66
10/17/2006,BAK,IN,AGL,CE,Federal Contract Tower,0,2,14,2,18,0,0,0,2,2,0,2,14,4,20,6,22,28,48
10/18/2006,BAK,IN,AGL,CE,Federal Contract Tower,0,2,11,0,13,0,0,41,30,71,0,2,52,30,84,44,0,44,128
10/19/2006,BAK,IN,AGL,CE,Federal Contract Tower,0,0,8,1,9,0,0,0,0,0,0,0,8,1,9,0,0,0,9
10/20/2006,BAK,IN,AGL,CE,Federal Contract Tower,2,0,20,3,25,0,0,56,0,56,2,0,76,3,81,90,0,90,171
10/21/2006,BAK,IN,AGL,CE,Federal Contract Tower,0,3,14,0,17,0,0,63,4,67,0,3,77,4,84,0,0,0,84
10/22/2006,BAK,IN,AGL,CE,Federal Contract Tower,0,0,5,0,5,0,0,20,0,20,0,0,25,0,25,18,0,18,43
10/23/2006,BAK,IN,AGL,CE,Federal Contract Tower,0,0,12,0,12,0,0,9,0,9,0,0,21,0,21,4,0,4,25
10/24/2006,BAK,IN,AGL,CE,Federal Contract Tower,0,0,16,2,18,0,0,46,24,70,0,0,62,26,88,18,30,48,136
10/25/2006,BAK,IN,AGL,CE,Federal Contract Tower,0,0,18,2,20,0,0,80,18,98,0,0,98,20,118,42,22,64,182
10/26/2006,BAK,IN,AGL,CE,Federal Contract Tower,0,2,22,0,24,0,0,0,0,0,0,2,22,0,24,0,0,0,24
10/27/2006,BAK,IN,AGL,CE,Federal Contract Tower,0,2,18,0,20,0,0,0,0,0,0,2,18,0,20,0,0,0,20
10/28/2006,BAK,IN,AGL,CE,Federal Contract Tower,0,0,5,0,5,0,0,11,8,19,0,0,16,8,24,18,22,40,64
10/29/2006,BAK,IN,AGL,CE,Federal Contract Tower,0,0,4,0,4,0,0,109,0,109,0,0,113,0,113,26,0,26,139
10/30/2006,BAK,IN,AGL,CE,Federal Contract Tower,0,8,12,0,20,0,0,77,0,77,0,8,89,0,97,62,0,62,159
10/31/2006,BAK,IN,AGL,CE,Federal Contract Tower,0,2,11,2,15,0,0,4,20,24,0,2,15,22,39,32,24,56,95
11/01/2006,BAK,IN,AGL,CE,Federal Contract Tower,0,1,14,1,16,0,0,29,7,36,0,1,43,8,52,32,24,56,108
11/02/2006,BAK,IN,AGL,CE,Federal Contract Tower,0,2,25,0,27,0,0,45,14,59,0,2,70,14,86,44,0,44,130
11/03/2006,BAK,IN,AGL,CE,Federal Contract Tower,0,4,17,0,21,0,0,89,32,121,0,4,106,32,142,48,0,48,190
11/04/2006,BAK,IN,AGL,CE,Federal Contract Tower,0,0,5,0,5,0,0,85,0,85,0,0,90,0,90,38,0,38,128
11/05/2006,BAK,IN,AGL,CE,Federal Contract Tower,0,1,7,0,8,0,0,79,10,89,0,1,86,10,97,34,10,44,141
11/06/2006,BAK,IN,AGL,CE,Federal Contract Tower,0,5,13,4,22,0,0,27,10,37,0,5,40,14,59,14,44,58,117
11/07/2006,BAK,IN,AGL,CE,Federal Contract Tower,0,2,17,0,19,0,0,9,0,9,0,2,26,0,28,0,0,0,28
11/08/2006,BAK,IN,AGL,CE,Federal Contract Tower,0,3,14,1,18,0,0,62,27,89,0,3,76,28,107,24,36,60,167
11/09/2006,BAK,IN,AGL,CE,Federal Contract Tower,0,0,25,0,25,0,0,86,14,100,0,0,111,14,125,38,12,50,175
11/10/2006,BAK,IN,AGL,CE,Federal Contract Tower,0,1,28,0,29,0,0,31,3,34,0,1,59,3,63,32,0,32,95
11/11/2006,BAK,IN,AGL,CE,Federal Contract Tower,0,2,2,0,4,0,0,2,2,4,0,2,4,2,8,0,0,0,8
11/12/2006,BAK,IN,AGL,CE,Federal Contract Tower,0,0,10,0,10,0,0,74,0,74,0,0,84,0,84,68,0,68,152
11/13/2006,BAK,IN,AGL,CE,Federal Contract Tower,0,1,20,0,21,0,0,0,4,4,0,1,20,4,25,0,60,60,85
11/14/2006,BAK,IN,AGL,CE,Federal Contract Tower,0,3,32,2,37,0,0,73,16,89,0,3,105,18,126,56,12,68,194
11/15/2006,BAK,IN,AGL,CE,Federal Contract Tower,0,1,18,0,19,0,0,8,0,8,0,1,26,0,27,40,0,40,67
11/16/2006,BAK,IN,AGL,CE,Federal Contract Tower,0,2,20,0,22,0,0,0,0,0,0,2,20,0,22,0,0,0,22
11/17/2006,BAK,IN,AGL,CE,Federal Contract Tower,0,2,37,0,39,0,0,45,0,45,0,2,82,0,84,27,0,27,111
11/18/2006,BAK,IN,AGL,CE,Federal Contract Tower,0,0,6,0,6,0,0,40,2,42,0,0,46,2,48,14,0,14,62
11/19/2006,BAK,IN,AGL,CE,Federal Contract Tower,0,2,4,0,6,0,0,2,0,2,0,2,6,0,8,0,0,0,8
11/20/2006,BAK,IN,AGL,CE,Federal Contract Tower,0,1,17,4,22,0,0,72,2,74,0,1,89,6,96,50,0,50,146
11/21/2006,BAK,IN,AGL,CE,Federal Contract Tower,0,4,17,1,22,0,0,82,5,87,0,4,99,6,109,40,28,68,177
11/22/2006,BAK,IN,AGL,CE,Federal Contract Tower,0,3,20,0,23,0,0,80,0,80,0,3,100,0,103,54,0,54,157
11/23/2006,BAK,IN,AGL,CE,Federal Contract Tower,0,0,3,0,3,0,0,21,0,21,0,0,24,0,24,20,0,20,44
11/24/2006,BAK,IN,AGL,CE,Federal Contract Tower,0,0,3,0,3,0,0,89,0,89,0,0,92,0,92,126,0,126,218
11/25/2006,BAK,IN,AGL,CE,Federal Contract Tower,0,0,3,0,3,0,0,77,0,77,0,0,80,0,80,38,0,38,118
11/26/2006,BAK,IN,AGL,CE,Federal Contract Tower,0,0,3,0,3,0,0,124,0,124,0,0,127,0,127,128,0,128,255
11/27/2006,BAK,IN,AGL,CE,Federal Contract Tower,0,0,17,0,17,0,0,63,6,69,0,0,80,6,86,30,14,44,130
11/28/2006,BAK,IN,AGL,CE,Federal Contract Tower,0,0,17,0,17,0,0,62,2,64,0,0,79,2,81,24,0,24,105
11/29/2006,BAK,IN,AGL,CE,Federal Contract Tower,0,0,25,2,27,0,0,21,4,25,0,0,46,6,52,10,8,18,70
11/30/2006,BAK,IN,AGL,CE,Federal Contract Tower,0,0,14,0,14,0,0,0,0,0,0,0,14,0,14,0,0,0,14
12/01/2006,BAK,IN,AGL,CE,Federal Contract Tower,0,0,7,0,7,0,0,0,0,0,0,0,7,0,7,0,0,0,7
12/02/2006,BAK,IN,AGL,CE,Federal Contract Tower,0,0,9,0,9,0,0,19,0,19,0,0,28,0,28,10,0,10,38
12/03/2006,BAK,IN,AGL,CE,Federal Contract Tower,0,0,11,0,11,0,0,75,0,75,0,0,86,0,86,66,0,66,152
12/04/2006,BAK,IN,AGL,CE,Federal Contract Tower,0,1,18,1,20,0,0,27,1,28,0,1,45,2,48,20,20,40,88
12/05/2006,BAK,IN,AGL,CE,Federal Contract Tower,0,0,16,0,16,0,0,73,2,75,0,0,89,2,91,36,0,36,127
12/06/2006,BAK,IN,AGL,CE,Federal Contract Tower,0,4,23,0,27,0,0,23,4,27,0,4,46,4,54,16,20,36,90
12/07/2006,BAK,IN,AGL,CE,Federal Contract Tower,0,5,21,0,26,0,0,23,12,35,0,5,44,12,61,0,0,0,61
12/08/2006,BAK,IN,AGL,CE,Federal Contract Tower,2,2,23,0,27,0,0,51,22,73,2,2,74,22,100,78,0,78,178
12/09/2006,BAK,IN,AGL,CE,Federal Contract Tower,0,4,9,0,13,0,0,50,0,50,0,4,59,0,63,12,0,12,75
12/10/2006,BAK,IN,AGL,CE,Federal Contract Tower,0,0,8,0,8,0,0,133,0,133,0,0,141,0,141,74,0,74,215
12/11/2006,BAK,IN,AGL,CE,Federal Contract Tower,0,0,20,0,20,0,0,43,0,43,0,0,63,0,63,0,0,0,63
12/12/2006,BAK,IN,AGL,CE,Federal Contract Tower,0,7,18,0,25,0,0,4,0,4,0,7,22,0,29,0,0,0,29
12/13/2006,BAK,IN,AGL,CE,Federal Contract Tower,0,2,15,0,17,0,0,55,8,63,0,2,70,8,80,60,10,70,150
12/14/2006,BAK,IN,AGL,CE,Federal Contract Tower,0,4,20,4,28,0,0,72,0,72,0,4,92,4,100,20,0,20,120
12/15/2006,BAK,IN,AGL,CE,Federal Contract Tower,0,2,15,0,17,0,0,99,16,115,0,2,114,16,132,50,0,50,182
12/16/2006,BAK,IN,AGL,CE,Federal Contract Tower,0,2,7,0,9,0,0,46,2,48,0,2,53,2,57,12,0,12,69
12/17/2006,BAK,IN,AGL,CE,Federal Contract Tower,0,0,7,0,7,0,0,62,0,62,0,0,69,0,69,18,0,18,87
12/18/2006,BAK,IN,AGL,CE,Federal Contract Tower,0,3,16,2,21,0,0,58,6,64,0,3,74,8,85,62,30,92,177
12/19/2006,BAK,IN,AGL,CE,Federal Contract Tower,0,2,24,0,26,0,0,61,3,64,0,2,85,3,90,10,4,14,104
12/20/2006,BAK,IN,AGL,CE,Federal Contract Tower,0,6,14,0,20,0,0,46,14,60,0,6,60,14,80,20,12,32,112
12/21/2006,BAK,IN,AGL,CE,Federal Contract Tower,0,0,23,0,23,0,0,0,0,0,0,0,23,0,23,0,0,0,23
12/22/2006,BAK,IN,AGL,CE,Federal Contract Tower,0,0,8,0,8,0,0,5,9,14,0,0,13,9,22,6,0,6,28
12/23/2006,BAK,IN,AGL,CE,Federal Contract Tower,0,0,8,0,8,0,0,22,0,22,0,0,30,0,30,0,0,0,30
12/24/2006,BAK,IN,AGL,CE,Federal Contract Tower,0,0,2,0,2,0,0,48,0,48,0,0,50,0,50,16,0,16,66
12/25/2006,BAK,IN,AGL,CE,Federal Contract Tower,0,1,0,0,1,0,0,0,0,0,0,1,0,0,1,0,0,0,1
12/26/2006,BAK,IN,AGL,CE,Federal Contract Tower,0,2,3,0,5,0,0,42,0,42,0,2,45,0,47,0,0,0,47
12/27/2006,BAK,IN,AGL,CE,Federal Contract Tower,0,2,4,0,6,0,0,75,0,75,0,2,79,0,81,34,0,34,115
12/28/2006,BAK,IN,AGL,CE,Federal Contract Tower,0,1,8,0,9,0,0,63,8,71,0,1,71,8,80,70,0,70,150
12/29/2006,BAK,IN,AGL,CE,Federal Contract Tower,0,0,2,0,2,0,0,92,0,92,0,0,94,0,94,38,0,38,132
12/30/2006,BAK,IN,AGL,CE,Federal Contract Tower,0,0,2,0,2,0,0,96,0,96,0,0,98,0,98,36,0,36,134
12/31/2006,BAK,IN,AGL,CE,Federal Contract Tower,0,0,2,0,2,0,0,0,0,0,0,0,2,0,2,0,0,0,2
01/01/2007,BAK,IN,AGL,CE,Federal Contract Tower,0,0,0,0,0,0,0,1,0,1,0,0,1,0,1,0,0,0,1
01/02/2007,BAK,IN,AGL,CE,Federal Contract Tower,0,1,5,0,6,0,0,47,0,47,0,1,52,0,53,46,0,46,99
01/03/2007,BAK,IN,AGL,CE,Federal Contract Tower,0,0,15,1,16,0,0,96,1,97,0,0,111,2,113,50,0,50,163
01/04/2007,BAK,IN,AGL,CE,Federal Contract Tower,0,0,15,0,15,0,0,43,0,43,0,0,58,0,58,6,0,6,64
01/05/2007,BAK,IN,AGL,CE,Federal Contract Tower,0,2,13,0,15,0,0,0,0,0,0,2,13,0,15,0,0,0,15
01/06/2007,BAK,IN,AGL,CE,Federal Contract Tower,0,0,8,0,8,0,0,14,0,14,0,0,22,0,22,8,0,8,30
01/07/2007,BAK,IN,AGL,CE,Federal Contract Tower,0,0,7,0,7,0,0,9,2,11,0,0,16,2,18,0,0,0,18
01/08/2007,BAK,IN,AGL,CE,Federal Contract Tower,0,0,14,0,14,0,0,40,10,50,0,0,54,10,64,15,0,15,79
01/09/2007,BAK,IN,AGL,CE,Federal Contract Tower,0,0,7,0,7,0,0,15,0,15,0,0,22,0,22,0,0,0,22
01/10/2007,BAK,IN,AGL,CE,Federal Contract Tower,0,0,18,0,18,0,0,52,0,52,0,0,70,0,70,36,0,36,106
01/11/2007,BAK,IN,AGL,CE,Federal Contract Tower,0,0,19,0,19,0,0,55,26,81,0,0,74,26,100,40,0,40,140
01/12/2007,BAK,IN,AGL,CE,Federal Contract Tower,0,2,15,0,17,0,0,0,0,0,0,2,15,0,17,0,0,0,17
01/13/2007,BAK,IN,AGL,CE,Federal Contract Tower,0,0,5,0,5,0,0,0,0,0,0,0,5,0,5,0,0,0,5
01/14/2007,BAK,IN,AGL,CE,Federal Contract Tower,0,0,3,0,3,0,0,0,0,0,0,0,3,0,3,0,0,0,3
01/15/2007,BAK,IN,AGL,CE,Federal Contract Tower,0,0,16,0,16,0,0,0,0,0,0,0,16,0,16,0,0,0,16
01/16/2007,BAK,IN,AGL,CE,Federal Contract Tower,0,3,11,0,14,0,0,21,0,21,0,3,32,0,35,0,0,0,35
01/17/2007,BAK,IN,AGL,CE,Federal Contract Tower,0,2,19,0,21,0,0,59,0,59,0,2,78,0,80,32,0,32,112
01/18/2007,BAK,IN,AGL,CE,Federal Contract Tower,0,0,24,2,26,0,0,48,4,52,0,0,72,6,78,6,2,8,86
01/19/2007,BAK,IN,AGL,CE,Federal Contract Tower,0,0,19,0,19,0,0,58,0,58,0,0,77,0,77,42,0,42,119
01/20/2007,BAK,IN,AGL,CE,Federal Contract Tower,0,0,5,0,5,0,0,74,0,74,0,0,79,0,79,40,0,40,119
01/21/2007,BAK,IN,AGL,CE,Federal Contract Tower,0,0,2,0,2,0,0,0,0,0,0,0,2,0,2,0,0,0,2
01/22/2007,BAK,IN,AGL,CE,Federal Contract Tower,0,0,14,0,14,0,0,0,0,0,0,0,14,0,14,0,0,0,14
01/23/2007,BAK,IN,AGL,CE,Federal Contract Tower,0,0,13,0,13,0,0,33,4,37,0,0,46,4,50,12,0,12,62
01/24/2007,BAK,IN,AGL,CE,Federal Contract Tower,0,0,21,1,22,0,0,26,9,35,0,0,47,10,57,22,20,42,99
01/25/2007,BAK,IN,AGL,CE,Federal Contract Tower,0,0,13,0,13,0,0,48,0,48,0,0,61,0,61,72,0,72,133
01/26/2007,BAK,IN,AGL,CE,Federal Contract Tower,0,0,16,0,16,0,0,58,0,58,0,0,74,0,74,48,0,48,122
01/27/2007,BAK,IN,AGL,CE,Federal Contract Tower,0,0,1,0,1,0,0,26,0,26,0,0,27,0,27,8,0,8,35
01/28/2007,BAK,IN,AGL,CE,Federal Contract Tower,0,0,6,0,6,0,0,21,8,29,0,0,27,8,35,0,0,0,35
01/29/2007,BAK,IN,AGL,CE,Federal Contract Tower,0,0,15,0,15,0,0,63,8,71,0,0,78,8,86,10,0,10,96
01/30/2007,BAK,IN,AGL,CE,Federal Contract Tower,0,1,10,0,11,0,0,44,20,64,0,1,54,20,75,14,12,26,101
01/31/2007,BAK,IN,AGL,CE,Federal Contract Tower,0,0,12,0,12,0,0,32,0,32,0,0,44,0,44,18,0,18,62
02/01/2007,BAK,IN,AGL,CE,Federal Contract Tower,0,0,22,0,22,0,0,0,0,0,0,0,22,0,22,0,0,0,22
02/02/2007,BAK,IN,AGL,CE,Federal Contract Tower,0,0,10,0,10,0,0,11,0,11,0,0,21,0,21,12,0,12,33
02/03/2007,BAK,IN,AGL,CE,Federal Contract Tower,0,0,6,0,6,0,0,13,0,13,0,0,19,0,19,0,0,0,19
02/04/2007,BAK,IN,AGL,CE,Federal Contract Tower,0,0,4,0,4,0,0,6,0,6,0,0,10,0,10,4,0,4,14
02/05/2007,BAK,IN,AGL,CE,Federal Contract Tower,0,0,10,0,10,0,0,34,0,34,0,0,44,0,44,0,0,0,44
02/06/2007,BAK,IN,AGL,CE,Federal Contract Tower,0,1,13,0,14,0,0,17,4,21,0,1,30,4,35,0,0,0,35
02/07/2007,BAK,IN,AGL,CE,Federal Contract Tower,0,2,18,2,22,0,0,36,24,60,0,2,54,26,82,34,0,34,116
02/08/2007,BAK,IN,AGL,CE,Federal Contract Tower,0,0,16,0,16,0,0,54,34,88,0,0,70,34,104,26,0,26,130
02/09/2007,BAK,IN,AGL,CE,Federal Contract Tower,0,0,12,0,12,0,0,56,16,72,0,0,68,16,84,30,4,34,118
02/10/2007,BAK,IN,AGL,CE,Federal Contract Tower,0,0,2,0,2,0,0,38,0,38,0,0,40,0,40,16,0,16,56
02/11/2007,BAK,IN,AGL,CE,Federal Contract Tower,0,0,8,0,8,0,0,62,2,64,0,0,70,2,72,30,0,30,102
02/12/2007,BAK,IN,AGL,CE,Federal Contract Tower,0,2,18,2,22,0,0,42,8,50,0,2,60,10,72,22,0,22,94
02/13/2007,BAK,IN,AGL,CE,Federal Contract Tower,0,0,3,0,3,0,0,6,0,6,0,0,9,0,9,0,0,0,9
02/14/2007,BAK,IN,AGL,CE,Federal Contract Tower,0,0,4,0,4,0,0,0,0,0,0,0,4,0,4,0,0,0,4
02/15/2007,BAK,IN,AGL,CE,Federal Contract Tower,0,0,23,0,23,0,0,24,6,30,0,0,47,6,53,6,0,6,59
02/16/2007,BAK,IN,AGL,CE,Federal Contract Tower,0,0,11,0,11,0,0,41,4,45,0,0,52,4,56,24,0,24,80
02/17/2007,BAK,IN,AGL,CE,Federal Contract Tower,0,2,6,0,8,0,0,0,0,0,0,2,6,0,8,0,0,0,8
02/18/2007,BAK,IN,AGL,CE,Federal Contract Tower,0,0,3,0,3,0,0,45,0,45,0,0,48,0,48,56,0,56,104
02/19/2007,BAK,IN,AGL,CE,Federal Contract Tower,0,1,11,0,12,0,0,24,0,24,0,1,35,0,36,40,0,40,76
02/20/2007,BAK,IN,AGL,CE,Federal Contract Tower,0,2,16,0,18,0,0,21,0,21,0,2,37,0,39,0,0,0,39
02/21/2007,BAK,IN,AGL,CE,Federal Contract Tower,0,0,11,0,11,0,0,0,0,0,0,0,11,0,11,0,0,0,11
02/22/2007,BAK,IN,AGL,CE,Federal Contract Tower,0,2,13,0,15,0,0,25,6,31,0,2,38,6,46,14,0,14,60
02/23/2007,BAK,IN,AGL,CE,Federal Contract Tower,0,0,18,2,20,0,0,70,6,76,0,0,88,8,96,32,10,42,138
02/24/2007,BAK,IN,AGL,CE,Federal Contract Tower,0,2,1,0,3,0,0,19,8,27,0,2,20,8,30,22,28,50,80
02/25/2007,BAK,IN,AGL,CE,Federal Contract Tower,0,3,5,2,10,0,0,3,0,3,0,3,8,2,13,6,0,6,19
02/26/2007,BAK,IN,AGL,CE,Federal Contract Tower,0,0,13,0,13,0,0,19,0,19,0,0,32,0,32,0,0,0,32
02/27/2007,BAK,IN,AGL,CE,Federal Contract Tower,0,0,21,0,21,0,0,65,4,69,0,0,86,4,90,78,16,94,184
02/28/2007,BAK,IN,AGL,CE,Federal Contract Tower,0,0,16,0,16,0,0,36,6,42,0,0,52,6,58,4,0,4,62
03/01/2007,BAK,IN,AGL,CE,Federal Contract Tower,0,4,13,0,17,0,0,19,0,19,0,4,32,0,36,30,0,30,66
03/02/2007,BAK,IN,AGL,CE,Federal Contract Tower,0,1,17,2,20,0,0,6,12,18,0,1,23,14,38,0,18,18,56
03/03/2007,BAK,IN,AGL,CE,Federal Contract Tower,0,0,2,0,2,0,0,28,0,28,0,0,30,0,30,22,0,22,52
03/04/2007,BAK,IN,AGL,CE,Federal Contract Tower,0,0,7,0,7,0,0,107,4,111,0,0,114,4,118,22,38,60,178
03/05/2007,BAK,IN,AGL,CE,Federal Contract Tower,0,0,19,0,19,0,0,49,0,49,0,0,68,0,68,32,0,32,100
03/06/2007,BAK,IN,AGL,CE,Federal Contract Tower,0,4,12,0,16,0,0,76,4,80,0,4,88,4,96,40,2,42,138
03/07/2007,BAK,IN,AGL,CE,Federal Contract Tower,1,1,13,0,15,0,0,53,6,59,1,1,66,6,74,30,0,30,104
03/08/2007,BAK,IN,AGL,CE,Federal Contract Tower,0,0,21,0,21,0,0,122,0,122,0,0,143,0,143,52,0,52,195
03/09/2007,BAK,IN,AGL,CE,Federal Contract Tower,0,0,27,4,31,0,0,119,0,119,0,0,146,4,150,54,0,54,204
03/10/2007,BAK,IN,AGL,CE,Federal Contract Tower,0,0,6,0,6,0,0,13,0,13,0,0,19,0,19,0,0,0,19
03/11/2007,BAK,IN,AGL,CE,Federal Contract Tower,0,0,9,0,9,0,0,141,0,141,0,0,150,0,150,20,0,20,170
03/12/2007,BAK,IN,AGL,CE,Federal Contract Tower,0,0,10,0,10,0,0,60,0,60,0,0,70,0,70,26,0,26,96
03/13/2007,BAK,IN,AGL,CE,Federal Contract Tower,0,0,24,0,24,0,0,82,0,82,0,0,106,0,106,24,0,24,130
03/14/2007,BAK,IN,AGL,CE,Federal Contract Tower,1,0,24,0,25,0,0,41,9,50,1,0,65,9,75,20,8,28,103
03/15/2007,BAK,IN,AGL,CE,Federal Contract Tower,0,0,10,0,10,0,0,16,6,22,0,0,26,6,32,0,14,14,46
03/16/2007,BAK,IN,AGL,CE,Federal Contract Tower,0,0,25,0,25,0,0,53,0,53,0,0,78,0,78,0,0,0,78
03/17/2007,BAK,IN,AGL,CE,Federal Contract Tower,2,0,2,2,6,0,0,17,4,21,2,0,19,6,27,10,0,10,37
03/18/2007,BAK,IN,AGL,CE,Federal Contract Tower,0,0,2,0,2,0,0,136,0,136,0,0,138,0,138,36,0,36,174
03/19/2007,BAK,IN,AGL,CE,Federal Contract Tower,0,0,20,0,20,0,0,2,0,2,0,0,22,0,22,0,0,0,22
03/20/2007,BAK,IN,AGL,CE,Federal Contract Tower,0,3,15,1,19,0,0,34,0,34,0,3,49,1,53,0,0,0,53
03/21/2007,BAK,IN,AGL,CE,Federal Contract Tower,0,0,34,0,34,0,0,60,16,76,0,0,94,16,110,40,34,74,184
03/22/2007,BAK,IN,AGL,CE,Federal Contract Tower,0,0,11,0,11,0,0,0,0,0,0,0,11,0,11,0,0,0,11
03/23/2007,BAK,IN,AGL,CE,Federal Contract Tower,0,0,9,0,9,0,0,4,0,4,0,0,13,0,13,0,0,0,13
03/24/2007,BAK,IN,AGL,CE,Federal Contract Tower,0,3,3,0,6,0,0,56,0,56,0,3,59,0,62,40,0,40,102
03/25/2007,BAK,IN,AGL,CE,Federal Contract Tower,0,0,4,0,4,0,0,136,0,136,0,0,140,0,140,14,0,14,154
03/26/2007,BAK,IN,AGL,CE,Federal Contract Tower,2,0,23,0,25,0,0,47,0,47,2,0,70,0,72,24,0,24,96
03/27/2007,BAK,IN,AGL,CE,Federal Contract Tower,0,0,13,0,13,0,0,89,40,129,0,0,102,40,142,8,30,38,180
03/28/2007,BAK,IN,AGL,CE,Federal Contract Tower,0,0,21,0,21,0,0,6,0,6,0,0,27,0,27,0,0,0,27
03/29/2007,BAK,IN,AGL,CE,Federal Contract Tower,0,2,24,2,28,0,0,55,0,55,0,2,79,2,83,0,0,0,83
03/30/2007,BAK,IN,AGL,CE,Federal Contract Tower,0,0,16,2,18,0,0,112,2,114,0,0,128,4,132,28,0,28,160
03/31/2007,BAK,IN,AGL,CE,Federal Contract Tower,0,0,5,3,8,0,0,5,19,24,0,0,10,22,32,0,0,0,32
04/01/2007,BAK,IN,AGL,CE,Federal Contract Tower,2,0,8,1,11,0,0,61,11,72,2,0,69,12,83,26,18,44,127
04/02/2007,BAK,IN,AGL,CE,Federal Contract Tower,0,2,24,0,26,0,0,92,0,92,0,2,116,0,118,68,0,68,186
04/03/2007,BAK,IN,AGL,CE,Federal Contract Tower,0,0,20,0,20,0,0,35,0,35,0,0,55,0,55,0,0,0,55
04/04/2007,BAK,IN,AGL,CE,Federal Contract Tower,0,0,17,0,17,0,0,39,0,39,0,0,56,0,56,10,0,10,66
04/05/2007,BAK,IN,AGL,CE,Federal Contract Tower,0,2,21,0,23,0,0,17,2,19,0,2,38,2,42,0,0,0,42
04/06/2007,BAK,IN,AGL,CE,Federal Contract Tower,0,1,5,0,6,0,0,57,2,59,0,1,62,2,65,8,0,8,73
04/07/2007,BAK,IN,AGL,CE,Federal Contract Tower,0,0,4,0,4,0,0,14,0,14,0,0,18,0,18,8,0,8,26
04/08/2007,BAK,IN,AGL,CE,Federal Contract Tower,0,2,9,0,11,0,0,35,0,35,0,2,44,0,46,2,0,2,48
04/09/2007,BAK,IN,AGL,CE,Federal Contract Tower,0,0,18,0,18,0,0,93,0,93,0,0,111,0,111,8,0,8,119
04/10/2007,BAK,IN,AGL,CE,Federal Contract Tower,0,0,17,0,17,0,0,49,0,49,0,0,66,0,66,2,0,2,68
04/11/2007,BAK,IN,AGL,CE,Federal Contract Tower,0,3,19,0,22,0,0,11,4,15,0,3,30,4,37,0,0,0,37
04/12/2007,BAK,IN,AGL,CE,Federal Contract Tower,0,2,15,0,17,0,0,36,0,36,0,2,51,0,53,24,0,24,77
04/13/2007,BAK,IN,AGL,CE,Federal Contract Tower,0,2,20,0,22,0,0,85,0,85,0,2,105,0,107,48,0,48,155
04/14/2007,BAK,IN,AGL,CE,Federal Contract Tower,0,0,4,0,4,0,0,142,0,142,0,0,146,0,146,14,0,14,160
04/15/2007,BAK,IN,AGL,CE,Federal Contract Tower,0,0,9,0,9,0,0,70,11,81,0,0,79,11,90,8,0,8,98
04/16/2007,BAK,IN,AGL,CE,Federal Contract Tower,0,0,12,0,12,0,0,27,9,36,0,0,39,9,48,0,0,0,48
04/17/2007,BAK,IN,AGL,CE,Federal Contract Tower,0,2,20,1,23,0,0,130,27,157,0,2,150,28,180,58,0,58,238
04/18/2007,BAK,IN,AGL,CE,Federal Contract Tower,0,0,18,2,20,0,0,50,20,70,0,0,68,22,90,0,0,0,90
04/19/2007,BAK,IN,AGL,CE,Federal Contract Tower,0,0,22,2,24,0,0,40,18,58,0,0,62,20,82,18,22,40,122
04/20/2007,BAK,IN,AGL,CE,Federal Contract Tower,0,6,20,0,26,0,0,116,0,116,0,6,136,0,142,58,0,58,200
04/21/2007,BAK,IN,AGL,CE,Federal Contract Tower,0,0,5,0,5,0,0,69,8,77,0,0,74,8,82,34,0,34,116
04/22/2007,BAK,IN,AGL,CE,Federal Contract Tower,0,0,10,1,11,0,0,86,17,103,0,0,96,18,114,8,0,8,122
04/23/2007,BAK,IN,AGL,CE,Federal Contract Tower,0,0,14,0,14,0,0,26,26,52,0,0,40,26,66,0,0,0,66
04/24/2007,BAK,IN,AGL,CE,Federal Contract Tower,0,0,13,0,13,0,0,69,78,147,0,0,82,78,160,14,0,14,174
04/25/2007,BAK,IN,AGL,CE,Federal Contract Tower,0,0,25,1,26,0,0,52,66,118,0,0,77,67,144,18,4,22,166
04/26/2007,BAK,IN,AGL,CE,Federal Contract Tower,0,2,23,0,25,0,0,9,6,15,0,2,32,6,40,4,12,16,56
04/27/2007,BAK,IN,AGL,CE,Federal Contract Tower,0,2,14,0,16,0,0,47,4,51,0,2,61,4,67,0,24,24,91
04/28/2007,BAK,IN,AGL,CE,Federal Contract Tower,0,0,4,0,4,0,0,142,0,142,0,0,146,0,146,14,0,14,160
04/29/2007,BAK,IN,AGL,CE,Federal Contract Tower,0,0,4,0,4,0,0,160,0,160,0,0,164,0,164,20,0,20,184
04/30/2007,BAK,IN,AGL,CE,Federal Contract Tower,0,0,24,0,24,0,0,92,0,92,0,0,116,0,116,30,0,30,146
05/01/2007,BAK,IN,AGL,CE,Federal Contract Tower,0,0,15,0,15,0,0,53,4,57,0,0,68,4,72,66,0,66,138
05/02/2007,BAK,IN,AGL,CE,Federal Contract Tower,0,2,16,0,18,0,0,53,0,53,0,2,69,0,71,20,0,20,91
05/03/2007,BAK,IN,AGL,CE,Federal Contract Tower,0,0,30,0,30,0,0,54,0,54,0,0,84,0,84,16,0,16,100
05/04/2007,BAK,IN,AGL,CE,Federal Contract Tower,0,0,18,0,18,0,0,33,0,33,0,0,51,0,51,0,0,0,51
05/05/2007,BAK,IN,AGL,CE,Federal Contract Tower,0,0,9,0,9,0,0,9,0,9,0,0,18,0,18,0,0,0,18
05/06/2007,BAK,IN,AGL,CE,Federal Contract Tower,0,0,2,0,2,0,0,38,0,38,0,0,40,0,40,14,0,14,54
05/07/2007,BAK,IN,AGL,CE,Federal Contract Tower,0,0,15,0,15,0,0,59,2,61,0,0,74,2,76,0,0,0,76
05/08/2007,BAK,IN,AGL,CE,Federal Contract Tower,0,1,17,0,18,0,0,86,24,110,0,1,103,24,128,54,2,56,184
05/09/2007,BAK,IN,AGL,CE,Federal Contract Tower,0,2,20,0,22,0,0,53,0,53,0,2,73,0,75,34,0,34,109
05/10/2007,BAK,IN,AGL,CE,Federal Contract Tower,0,0,30,0,30,0,0,95,0,95,0,0,125,0,125,52,32,84,209
05/11/2007,BAK,IN,AGL,CE,Federal Contract Tower,0,2,11,2,15,0,0,91,26,117,0,2,102,28,132,54,10,64,196
05/12/2007,BAK,IN,AGL,CE,Federal Contract Tower,0,0,5,7,12,0,0,101,73,174,0,0,106,80,186,10,0,10,196
05/13/2007,BAK,IN,AGL,CE,Federal Contract Tower,0,0,11,1,12,0,0,81,11,92,0,0,92,12,104,62,0,62,166
05/14/2007,BAK,IN,AGL,CE,Federal Contract Tower,2,0,22,1,25,0,0,99,43,142,2,0,121,44,167,46,36,82,249
05/15/2007,BAK,IN,AGL,CE,Federal Contract Tower,0,0,20,0,20,0,0,60,10,70,0,0,80,10,90,34,0,34,124
05/16/2007,BAK,IN,AGL,CE,Federal Contract Tower,0,0,17,0,17,0,0,59,20,79,0,0,76,20,96,18,10,28,124
05/17/2007,BAK,IN,AGL,CE,Federal Contract Tower,0,2,21,0,23,0,0,47,0,47,0,2,68,0,70,12,0,12,82
05/18/2007,BAK,IN,AGL,CE,Federal Contract Tower,0,0,14,0,14,0,0,68,0,68,0,0,82,0,82,20,0,20,102
05/19/2007,BAK,IN,AGL,CE,Federal Contract Tower,2,2,8,0,12,0,0,126,0,126,2,2,134,0,138,58,0,58,196
05/20/2007,BAK,IN,AGL,CE,Federal Contract Tower,0,0,18,0,18,0,0,99,0,99,0,0,117,0,117,48,0,48,165
05/21/2007,BAK,IN,AGL,CE,Federal Contract Tower,0,0,14,0,14,0,0,104,0,104,0,0,118,0,118,48,0,48,166
05/22/2007,BAK,IN,AGL,CE,Federal Contract Tower,0,0,12,0,12,0,0,95,6,101,0,0,107,6,113,37,12,49,162
05/23/2007,BAK,IN,AGL,CE,Federal Contract Tower,0,2,13,0,15,0,0,79,18,97,0,2,92,18,112,46,0,46,158
05/24/2007,BAK,IN,AGL,CE,Federal Contract Tower,3,0,22,0,25,0,0,78,2,80,3,0,100,2,105,4,0,4,109
05/25/2007,BAK,IN,AGL,CE,Federal Contract Tower,2,2,8,0,12,0,0,78,4,82,2,2,86,4,94,74,18,92,186
05/26/2007,BAK,IN,AGL,CE,Federal Contract Tower,0,0,2,0,2,0,0,43,0,43,0,0,45,0,45,22,0,22,67
05/27/2007,BAK,IN,AGL,CE,Federal Contract Tower,0,0,2,0,2,0,0,3,0,3,0,0,5,0,5,0,0,0,5
05/28/2007,BAK,IN,AGL,CE,Federal Contract Tower,0,0,7,0,7,0,0,11,0,11,0,0,18,0,18,10,0,10,28
05/29/2007,BAK,IN,AGL,CE,Federal Contract Tower,0,0,24,0,24,0,0,72,2,74,0,0,96,2,98,50,0,50,148
05/30/2007,BAK,IN,AGL,CE,Federal Contract Tower,0,0,16,2,18,0,0,60,10,70,0,0,76,12,88,40,2,42,130
05/31/2007,BAK,IN,AGL,CE,Federal Contract Tower,2,2,23,0,27,0,0,85,0,85,2,2,108,0,112,10,86,96,208
06/01/2007,BAK,IN,AGL,CE,Federal Contract Tower,0,2,19,0,21,0,0,83,2,85,0,2,102,2,106,38,0,38,144
06/02/2007,BAK,IN,AGL,CE,Federal Contract Tower,0,0,9,0,9,0,0,68,8,76,0,0,77,8,85,46,0,46,131
06/03/2007,BAK,IN,AGL,CE,Federal Contract Tower,0,0,7,0,7,0,0,81,0,81,0,0,88,0,88,26,0,26,114
06/04/2007,BAK,IN,AGL,CE,Federal Contract Tower,0,2,18,4,24,0,0,16,0,16,0,2,34,4,40,2,0,2,42
06/05/2007,BAK,IN,AGL,CE,Federal Contract Tower,0,2,12,2,16,0,0,58,2,60,0,2,70,4,76,24,0,24,100
06/06/2007,BAK,IN,AGL,CE,Federal Contract Tower,0,1,14,2,17,0,0,84,0,84,0,1,98,2,101,24,0,24,125
06/07/2007,BAK,IN,AGL,CE,Federal Contract Tower,0,0,16,0,16,0,0,14,8,22,0,0,30,8,38,2,0,2,40
06/08/2007,BAK,IN,AGL,CE,Federal Contract Tower,0,0,23,0,23,0,0,26,0,26,0,0,49,0,49,16,0,16,65
06/09/2007,BAK,IN,AGL,CE,Federal Contract Tower,0,0,15,0,15,0,0,123,0,123,0,0,138,0,138,22,0,22,160
06/10/2007,BAK,IN,AGL,CE,Federal Contract Tower,0,0,4,1,5,0,0,130,7,137,0,0,134,8,142,72,0,72,214
06/11/2007,BAK,IN,AGL,CE,Federal Contract Tower,0,0,14,0,14,0,0,86,0,86,0,0,100,0,100,30,0,30,130
06/12/2007,BAK,IN,AGL,CE,Federal Contract Tower,0,4,14,0,18,0,0,132,2,134,0,4,146,2,152,60,0,60,212
06/13/2007,BAK,IN,AGL,CE,Federal Contract Tower,5,6,19,0,30,0,0,158,0,158,5,6,177,0,188,54,14,68,256
06/14/2007,BAK,IN,AGL,CE,Federal Contract Tower,0,1,31,2,34,0,0,66,0,66,0,1,97,2,100,18,0,18,118
06/15/2007,BAK,IN,AGL,CE,Federal Contract Tower,0,5,20,0,25,0,0,103,0,103,0,5,123,0,128,44,0,44,172
06/16/2007,BAK,IN,AGL,CE,Federal Contract Tower,0,7,11,2,20,0,0,93,6,99,0,7,104,8,119,60,0,60,179
06/17/2007,BAK,IN,AGL,CE,Federal Contract Tower,0,0,10,0,10,0,0,50,0,50,0,0,60,0,60,26,0,26,86
06/18/2007,BAK,IN,AGL,CE,Federal Contract Tower,0,4,17,0,21,0,0,72,0,72,0,4,89,0,93,44,0,44,137
06/19/2007,BAK,IN,AGL,CE,Federal Contract Tower,0,4,16,0,20,0,0,54,26,80,0,4,70,26,100,24,0,24,124
06/20/2007,BAK,IN,AGL,CE,Federal Contract Tower,0,4,29,0,33,0,0,98,6,104,0,4,127,6,137,8,0,8,145
06/21/2007,BAK,IN,AGL,CE,Federal Contract Tower,2,5,43,0,50,0,0,135,3,138,2,5,178,3,188,0,0,0,188
06/22/2007,BAK,IN,AGL,CE,Federal Contract Tower,4,3,17,0,24,0,0,53,0,53,4,3,70,0,77,6,0,6,83
06/23/2007,BAK,IN,AGL,CE,Federal Contract Tower,1,2,9,0,12,0,0,21,0,21,1,2,30,0,33,0,0,0,33
06/24/2007,BAK,IN,AGL,CE,Federal Contract Tower,0,4,8,0,12,0,0,28,0,28,0,4,36,0,40,26,0,26,66
06/25/2007,BAK,IN,AGL,CE,Federal Contract Tower,1,3,24,0,28,0,0,68,0,68,1,3,92,0,96,64,0,64,160
06/26/2007,BAK,IN,AGL,CE,Federal Contract Tower,3,4,12,0,19,0,0,46,10,56,3,4,58,10,75,10,2,12,87
06/27/2007,BAK,IN,AGL,CE,Federal Contract Tower,4,3,31,0,38,0,0,87,26,113,4,3,118,26,151,28,16,44,195
06/28/2007,BAK,IN,AGL,CE,Federal Contract Tower,0,2,17,0,19,0,0,21,8,29,0,2,38,8,48,2,0,2,50
06/29/2007,BAK,IN,AGL,CE,Federal Contract Tower,0,0,16,0,16,0,0,14,0,14,0,0,30,0,30,0,0,0,30
06/30/2007,BAK,IN,AGL,CE,Federal Contract Tower,0,2,8,0,10,0,0,50,0,50,0,2,58,0,60,48,0,48,108
07/01/2007,BAK,IN,AGL,CE,Federal Contract Tower,0,0,7,0,7,0,0,69,2,71,0,0,76,2,78,72,0,72,150
07/02/2007,BAK,IN,AGL,CE,Federal Contract Tower,0,0,11,0,11,0,0,98,0,98,0,0,109,0,109,52,0,52,161
07/03/2007,BAK,IN,AGL,CE,Federal Contract Tower,0,3,19,0,22,0,0,126,6,132,0,3,145,6,154,52,0,52,206
07/04/2007,BAK,IN,AGL,CE,Federal Contract Tower,0,0,2,0,2,0,0,28,4,32,0,0,30,4,34,10,0,10,44
07/05/2007,BAK,IN,AGL,CE,Federal Contract Tower,0,0,6,0,6,0,0,36,0,36,0,0,42,0,42,0,0,0,42
07/06/2007,BAK,IN,AGL,CE,Federal Contract Tower,2,4,6,0,12,0,0,90,14,104,2,4,96,14,116,48,0,48,164
07/07/2007,BAK,IN,AGL,CE,Federal Contract Tower,0,0,5,0,5,0,0,107,12,119,0,0,112,12,124,68,0,68,192
07/08/2007,BAK,IN,AGL,CE,Federal Contract Tower,0,0,7,0,7,0,0,76,32,108,0,0,83,32,115,18,0,18,133
07/09/2007,BAK,IN,AGL,CE,Federal Contract Tower,0,1,29,0,30,0,0,92,0,92,0,1,121,0,122,20,0,20,142
07/10/2007,BAK,IN,AGL,CE,Federal Contract Tower,0,2,20,0,22,0,0,20,0,20,0,2,40,0,42,0,0,0,42
07/11/2007,BAK,IN,AGL,CE,Federal Contract Tower,0,2,21,0,23,0,0,69,6,75,0,2,90,6,98,82,0,82,180
07/12/2007,BAK,IN,AGL,CE,Federal Contract Tower,0,0,29,5,34,0,0,78,4,82,0,0,107,9,116,48,4,52,168
07/13/2007,BAK,IN,AGL,CE,Federal Contract Tower,0,2,18,0,20,0,0,64,12,76,0,2,82,12,96,18,0,18,114
07/14/2007,BAK,IN,AGL,CE,Federal Contract Tower,0,0,8,0,8,0,0,171,2,173,0,0,179,2,181,82,0,82,263
07/15/2007,BAK,IN,AGL,CE,Federal Contract Tower,0,0,10,0,10,0,0,83,0,83,0,0,93,0,93,10,0,10,103
07/16/2007,BAK,IN,AGL,CE,Federal Contract Tower,0,0,11,0,11,0,0,141,0,141,0,0,152,0,152,68,0,68,220
07/17/2007,BAK,IN,AGL,CE,Federal Contract Tower,0,3,12,0,15,0,0,32,8,40,0,3,44,8,55,80,0,80,135
07/18/2007,BAK,IN,AGL,CE,Federal Contract Tower,0,3,12,0,15,0,0,143,26,169,0,3,155,26,184,46,0,46,230
07/19/2007,BAK,IN,AGL,CE,Federal Contract Tower,0,2,18,0,20,0,0,118,40,158,0,2,136,40,178,48,12,60,238
07/20/2007,BAK,IN,AGL,CE,Federal Contract Tower,0,0,8,0,8,0,0,193,4,197,0,0,201,4,205,44,14,58,263
07/21/2007,BAK,IN,AGL,CE,Federal Contract Tower,0,2,19,0,21,0,0,164,2,166,0,2,183,2,187,134,2,136,323
07/22/2007,BAK,IN,AGL,CE,Federal Contract Tower,0,0,5,2,7,0,0,92,0,92,0,0,97,2,99,170,0,170,269
07/23/2007,BAK,IN,AGL,CE,Federal Contract Tower,0,0,17,2,19,0,0,53,6,59,0,0,70,8,78,44,16,60,138
07/24/2007,BAK,IN,AGL,CE,Federal Contract Tower,0,4,13,1,18,0,0,44,8,52,0,4,57,9,70,4,0,4,74
07/25/2007,BAK,IN,AGL,CE,Federal Contract Tower,0,1,32,0,33,0,0,72,26,98,0,1,104,26,131,18,14,32,163
07/26/2007,BAK,IN,AGL,CE,Federal Contract Tower,0,6,22,0,28,0,0,36,4,40,0,6,58,4,68,16,12,28,96
07/27/2007,BAK,IN,AGL,CE,Federal Contract Tower,0,1,21,0,22,0,0,21,0,21,0,1,42,0,43,0,0,0,43
07/28/2007,BAK,IN,AGL,CE,Federal Contract Tower,0,1,13,0,14,0,0,21,0,21,0,1,34,0,35,0,0,0,35
07/29/2007,BAK,IN,AGL,CE,Federal Contract Tower,0,1,13,0,14,0,1,87,0,88,0,2,100,0,102,16,0,16,118
07/30/2007,BAK,IN,AGL,CE,Federal Contract Tower,0,1,12,0,13,0,0,43,0,43,0,1,55,0,56,16,16,32,88
07/31/2007,BAK,IN,AGL,CE,Federal Contract Tower,2,0,15,2,19,0,0,92,0,92,2,0,107,2,111,28,0,28,139
08/01/2007,BAK,IN,AGL,CE,Federal Contract Tower,0,2,15,2,19,0,0,71,4,75,0,2,86,6,94,42,0,42,136
08/02/2007,BAK,IN,AGL,CE,Federal Contract Tower,0,1,25,4,30,0,0,54,11,65,0,1,79,15,95,8,14,22,117
08/03/2007,BAK,IN,AGL,CE,Federal Contract Tower,2,0,7,4,13,0,0,43,0,43,2,0,50,4,56,26,0,26,82
08/04/2007,BAK,IN,AGL,CE,Federal Contract Tower,0,0,14,4,18,0,0,100,6,106,0,0,114,10,124,14,0,14,138
08/05/2007,BAK,IN,AGL,CE,Federal Contract Tower,0,1,10,0,11,0,0,46,8,54,0,1,56,8,65,38,8,46,111
08/06/2007,BAK,IN,AGL,CE,Federal Contract Tower,0,0,14,0,14,0,0,10,0,10,0,0,24,0,24,40,0,40,64
08/07/2007,BAK,IN,AGL,CE,Federal Contract Tower,0,0,11,0,11,0,0,73,26,99,0,0,84,26,110,14,0,14,124
08/08/2007,BAK,IN,AGL,CE,Federal Contract Tower,0,3,16,1,20,0,0,60,13,73,0,3,76,14,93,30,0,30,123
08/09/2007,BAK,IN,AGL,CE,Federal Contract Tower,0,2,28,0,30,0,0,15,3,18,0,2,43,3,48,0,4,4,52
08/10/2007,BAK,IN,AGL,CE,Federal Contract Tower,0,0,8,0,8,0,0,67,0,67,0,0,75,0,75,78,0,78,153
08/11/2007,BAK,IN,AGL,CE,Federal Contract Tower,0,0,7,1,8,0,0,97,11,108,0,0,104,12,116,30,4,34,150
08/12/2007,BAK,IN,AGL,CE,Federal Contract Tower,0,0,13,0,13,0,0,90,27,117,0,0,103,27,130,80,0,80,210
08/13/2007,BAK,IN,AGL,CE,Federal Contract Tower,0,0,14,2,16,0,0,54,5,59,0,0,68,7,75,12,0,12,87
08/14/2007,BAK,IN,AGL,CE,Federal Contract Tower,0,0,16,0,16,0,0,61,10,71,0,0,77,10,87,20,0,20,107
08/15/2007,BAK,IN,AGL,CE,Federal Contract Tower,0,2,17,2,21,0,0,68,20,88,0,2,85,22,109,2,0,2,111
08/16/2007,BAK,IN,AGL,CE,Federal Contract Tower,0,1,17,5,23,0,0,32,7,39,0,1,49,12,62,0,12,12,74
08/17/2007,BAK,IN,AGL,CE,Federal Contract Tower,0,2,23,6,31,0,0,75,10,85,0,2,98,16,116,62,6,68,184
08/18/2007,BAK,IN,AGL,CE,Federal Contract Tower,0,0,5,1,6,0,0,101,3,104,0,0,106,4,110,46,2,48,158
08/19/2007,BAK,IN,AGL,CE,Federal Contract Tower,0,2,8,0,10,0,0,51,2,53,0,2,59,2,63,14,14,28,91
08/20/2007,BAK,IN,AGL,CE,Federal Contract Tower,0,2,21,0,23,0,0,12,13,25,0,2,33,13,48,26,0,26,74
08/21/2007,BAK,IN,AGL,CE,Federal Contract Tower,0,0,30,6,36,0,0,52,20,72,0,0,82,26,108,10,0,10,118
08/22/2007,BAK,IN,AGL,CE,Federal Contract Tower,0,0,24,0,24,0,0,48,12,60,0,0,72,12,84,26,0,26,110
08/23/2007,BAK,IN,AGL,CE,Federal Contract Tower,0,5,16,0,21,0,0,69,0,69,0,5,85,0,90,16,0,16,106
08/24/2007,BAK,IN,AGL,CE,Federal Contract Tower,0,2,8,2,12,0,0,96,20,116,0,2,104,22,128,28,4,32,160
08/25/2007,BAK,IN,AGL,CE,Federal Contract Tower,0,0,8,0,8,0,0,38,18,56,0,0,46,18,64,18,0,18,82
08/26/2007,BAK,IN,AGL,CE,Federal Contract Tower,0,0,9,0,9,0,1,119,10,130,0,1,128,10,139,22,0,22,161
08/27/2007,BAK,IN,AGL,CE,Federal Contract Tower,0,3,16,2,21,0,0,60,4,64,0,3,76,6,85,34,0,34,119
08/28/2007,BAK,IN,AGL,CE,Federal Contract Tower,0,3,14,3,20,0,1,78,13,92,0,4,92,16,112,22,40,62,174
08/29/2007,BAK,IN,AGL,CE,Federal Contract Tower,0,2,10,2,14,0,0,49,0,49,0,2,59,2,63,12,0,12,75
08/30/2007,BAK,IN,AGL,CE,Federal Contract Tower,0,2,23,2,27,0,0,32,0,32,0,2,55,2,59,24,0,24,83
08/31/2007,BAK,IN,AGL,CE,Federal Contract Tower,0,3,14,2,19,0,0,77,14,91,0,3,91,16,110,74,0,74,184
09/01/2007,BAK,IN,AGL,CE,Federal Contract Tower,0,0,9,0,9,0,4,74,0,78,0,4,83,0,87,66,0,66,153
09/02/2007,BAK,IN,AGL,CE,Federal Contract Tower,0,0,3,0,3,0,0,89,0,89,0,0,92,0,92,58,0,58,150
09/03/2007,BAK,IN,AGL,CE,Federal Contract Tower,0,2,6,0,8,0,0,90,4,94,0,2,96,4,102,34,0,34,136
09/04/2007,BAK,IN,AGL,CE,Federal Contract Tower,0,0,11,0,11,0,0,52,3,55,0,0,63,3,66,46,0,46,112
09/05/2007,BAK,IN,AGL,CE,Federal Contract Tower,0,0,18,0,18,0,0,57,2,59,0,0,75,2,77,0,76,76,153
09/06/2007,BAK,IN,AGL,CE,Federal Contract Tower,0,2,17,0,19,0,0,23,4,27,0,2,40,4,46,18,0,18,64
09/07/2007,BAK,IN,AGL,CE,Federal Contract Tower,0,1,15,0,16,0,0,31,4,35,0,1,46,4,51,0,0,0,51
09/08/2007,BAK,IN,AGL,CE,Federal Contract Tower,0,1,7,0,8,0,0,59,0,59,0,1,66,0,67,18,0,18,85
09/09/2007,BAK,IN,AGL,CE,Federal Contract Tower,0,0,13,0,13,0,0,17,0,17,0,0,30,0,30,0,0,0,30
09/10/2007,BAK,IN,AGL,CE,Federal Contract Tower,0,8,30,1,39,0,1,25,4,30,0,9,55,5,69,26,0,26,95
09/11/2007,BAK,IN,AGL,CE,Federal Contract Tower,0,2,16,0,18,0,0,90,18,108,0,2,106,18,126,18,66,84,210
09/12/2007,BAK,IN,AGL,CE,Federal Contract Tower,0,0,13,0,13,0,0,58,2,60,0,0,71,2,73,24,0,24,97
09/13/2007,BAK,IN,AGL,CE,Federal Contract Tower,0,0,20,0,20,0,0,56,0,56,0,0,76,0,76,42,0,42,118
09/14/2007,BAK,IN,AGL,CE,Federal Contract Tower,0,2,12,0,14,0,0,75,10,85,0,2,87,10,99,80,0,80,179
09/15/2007,BAK,IN,AGL,CE,Federal Contract Tower,0,0,9,0,9,0,0,75,0,75,0,0,84,0,84,36,0,36,120
09/16/2007,BAK,IN,AGL,CE,Federal Contract Tower,0,2,4,0,6,0,0,107,8,115,0,2,111,8,121,52,0,52,173
09/17/2007,BAK,IN,AGL,CE,Federal Contract Tower,0,0,21,0,21,0,0,68,12,80,0,0,89,12,101,46,0,46,147
09/18/2007,BAK,IN,AGL,CE,Federal Contract Tower,0,2,15,0,17,0,0,52,14,66,0,2,67,14,83,6,0,6,89
09/19/2007,BAK,IN,AGL,CE,Federal Contract Tower,0,1,23,1,25,0,0,49,7,56,0,1,72,8,81,12,10,22,103
09/20/2007,BAK,IN,AGL,CE,Federal Contract Tower,0,0,17,0,17,0,0,39,0,39,0,0,56,0,56,2,0,2,58
09/21/2007,BAK,IN,AGL,CE,Federal Contract Tower,0,0,9,0,9,0,0,89,14,103,0,0,98,14,112,30,0,30,142
09/22/2007,BAK,IN,AGL,CE,Federal Contract Tower,0,1,6,0,7,0,0,81,6,87,0,1,87,6,94,50,0,50,144
09/23/2007,BAK,IN,AGL,CE,Federal Contract Tower,0,0,15,0,15,0,0,93,6,99,0,0,108,6,114,34,0,34,148
09/24/2007,BAK,IN,AGL,CE,Federal Contract Tower,0,2,28,2,32,0,0,62,0,62,0,2,90,2,94,4,0,4,98
09/25/2007,BAK,IN,AGL,CE,Federal Contract Tower,0,5,18,0,23,0,0,11,0,11,0,5,29,0,34,0,0,0,34
09/26/2007,BAK,IN,AGL,CE,Federal Contract Tower,0,0,28,0,28,0,0,4,0,4,0,0,32,0,32,0,0,0,32
09/27/2007,BAK,IN,AGL,CE,Federal Contract Tower,0,2,18,0,20,0,0,40,0,40,0,2,58,0,60,4,0,4,64
09/28/2007,BAK,IN,AGL,CE,Federal Contract Tower,0,2,12,0,14,0,0,61,0,61,0,2,73,0,75,58,0,58,133
09/29/2007,BAK,IN,AGL,CE,Federal Contract Tower,0,0,6,0,6,0,0,124,0,124,0,0,130,0,130,18,0,18,148
09/30/2007,BAK,IN,AGL,CE,Federal Contract Tower,0,0,8,0,8,0,0,92,4,96,0,0,100,4,104,2,0,2,106
10/01/2007,BAK,IN,AGL,CE,Federal Contract Tower,0,0,18,0,18,0,0,17,0,17,0,0,35,0,35,0,0,0,35
10/02/2007,BAK,IN,AGL,CE,Federal Contract Tower,0,4,25,0,29,0,0,73,8,81,0,4,98,8,110,20,0,20,130
10/03/2007,BAK,IN,AGL,CE,Federal Contract Tower,0,8,12,0,20,0,0,36,8,44,0,8,48,8,64,0,10,10,74
10/04/2007,BAK,IN,AGL,CE,Federal Contract Tower,0,4,23,2,29,0,0,57,0,57,0,4,80,2,86,28,0,28,114
10/05/2007,BAK,IN,AGL,CE,Federal Contract Tower,0,2,18,2,22,0,0,91,0,91,0,2,109,2,113,44,0,44,157
10/06/2007,BAK,IN,AGL,CE,Federal Contract Tower,0,0,9,0,9,0,0,78,0,78,0,0,87,0,87,26,0,26,113
10/07/2007,BAK,IN,AGL,CE,Federal Contract Tower,0,0,9,0,9,0,0,89,0,89,0,0,98,0,98,4,0,4,102
10/08/2007,BAK,IN,AGL,CE,Federal Contract Tower,0,0,15,0,15,0,0,48,0,48,0,0,63,0,63,18,0,18,81
10/09/2007,BAK,IN,AGL,CE,Federal Contract Tower,0,0,7,2,9,0,0,73,4,77,0,0,80,6,86,56,0,56,142
10/10/2007,BAK,IN,AGL,CE,Federal Contract Tower,0,1,15,4,20,0,0,59,22,81,0,1,74,26,101,36,40,76,177
10/11/2007,BAK,IN,AGL,CE,Federal Contract Tower,0,0,20,4,24,0,0,83,22,105,0,0,103,26,129,30,16,46,175
10/12/2007,BAK,IN,AGL,CE,Federal Contract Tower,0,2,13,1,16,0,0,69,2,71,0,2,82,3,87,20,0,20,107
10/13/2007,BAK,IN,AGL,CE,Federal Contract Tower,0,2,9,0,11,0,0,78,0,78,0,2,87,0,89,12,0,12,101
10/14/2007,BAK,IN,AGL,CE,Federal Contract Tower,0,0,7,0,7,0,0,79,0,79,0,0,86,0,86,18,0,18,104
10/15/2007,BAK,IN,AGL,CE,Federal Contract Tower,0,0,14,0,14,0,0,56,0,56,0,0,70,0,70,10,0,10,80
10/16/2007,BAK,IN,AGL,CE,Federal Contract Tower,0,0,14,2,16,0,0,43,0,43,0,0,57,2,59,18,0,18,77
10/17/2007,BAK,IN,AGL,CE,Federal Contract Tower,0,2,13,2,17,0,0,46,0,46,0,2,59,2,63,44,0,44,107
10/18/2007,BAK,IN,AGL,CE,Federal Contract Tower,0,0,17,0,17,0,0,19,0,19,0,0,36,0,36,0,0,0,36
10/19/2007,BAK,IN,AGL,CE,Federal Contract Tower,0,0,6,1,7,0,0,54,12,66,0,0,60,13,73,42,0,42,115
10/20/2007,BAK,IN,AGL,CE,Federal Contract Tower,0,2,7,0,9,0,0,103,4,107,0,2,110,4,116,18,4,22,138
10/21/2007,BAK,IN,AGL,CE,Federal Contract Tower,0,0,7,0,7,0,0,77,8,85,0,0,84,8,92,52,0,52,144
10/22/2007,BAK,IN,AGL,CE,Federal Contract Tower,0,4,8,8,20,0,0,22,0,22,0,4,30,8,42,0,0,0,42
10/23/2007,BAK,IN,AGL,CE,Federal Contract Tower,0,0,17,0,17,0,0,11,4,15,0,0,28,4,32,8,8,16,48
10/24/2007,BAK,IN,AGL,CE,Federal Contract Tower,0,0,13,2,15,0,0,54,11,65,0,0,67,13,80,40,16,56,136
10/25/2007,BAK,IN,AGL,CE,Federal Contract Tower,0,4,19,0,23,0,0,21,0,21,0,4,40,0,44,10,0,10,54
10/26/2007,BAK,IN,AGL,CE,Federal Contract Tower,0,1,13,1,15,0,0,41,1,42,0,1,54,2,57,22,2,24,81
10/27/2007,BAK,IN,AGL,CE,Federal Contract Tower,0,0,15,0,15,0,0,5,0,5,0,0,20,0,20,0,2,2,22
10/28/2007,BAK,IN,AGL,CE,Federal Contract Tower,0,0,2,0,2,0,0,124,6,130,0,0,126,6,132,36,0,36,168
10/29/2007,BAK,IN,AGL,CE,Federal Contract Tower,0,2,19,0,21,0,0,62,0,62,0,2,81,0,83,34,0,34,117
10/30/2007,BAK,IN,AGL,CE,Federal Contract Tower,0,2,11,4,17,0,0,99,4,103,0,2,110,8,120,12,6,18,138
10/31/2007,BAK,IN,AGL,CE,Federal Contract Tower,0,1,17,1,19,0,0,60,1,61,0,1,77,2,80,0,42,42,122
11/01/2007,BAK,IN,AGL,CE,Federal Contract Tower,0,3,19,1,23,0,0,79,12,91,0,3,98,13,114,58,0,58,172
11/02/2007,BAK,IN,AGL,CE,Federal Contract Tower,0,0,7,1,8,0,0,63,0,63,0,0,70,1,71,40,0,40,111
11/03/2007,BAK,IN,AGL,CE,Federal Contract Tower,0,0,5,0,5,0,0,79,0,79,0,0,84,0,84,8,0,8,92
11/04/2007,BAK,IN,AGL,CE,Federal Contract Tower,0,0,15,0,15,0,0,73,4,77,0,0,88,4,92,36,0,36,128
11/05/2007,BAK,IN,AGL,CE,Federal Contract Tower,0,4,14,2,20,0,0,22,2,24,0,4,36,4,44,0,0,0,44
11/06/2007,BAK,IN,AGL,CE,Federal Contract Tower,0,0,13,2,15,0,0,31,0,31,0,0,44,2,46,0,0,0,46
11/07/2007,BAK,IN,AGL,CE,Federal Contract Tower,0,2,11,0,13,0,0,57,0,57,0,2,68,0,70,38,0,38,108
11/08/2007,BAK,IN,AGL,CE,Federal Contract Tower,0,0,18,2,20,0,0,32,0,32,0,0,50,2,52,2,0,2,54
11/09/2007,BAK,IN,AGL,CE,Federal Contract Tower,0,0,0,0,0,0,83,0,0,83,0,83,0,0,83,28,0,28,111
11/10/2007,BAK,IN,AGL,CE,Federal Contract Tower,0,0,16,0,16,0,0,84,0,84,0,0,100,0,100,26,0,26,126
11/11/2007,BAK,IN,AGL,CE,Federal Contract Tower,0,0,7,0,7,0,0,27,0,27,0,0,34,0,34,0,14,14,48
11/12/2007,BAK,IN,AGL,CE,Federal Contract Tower,0,0,16,0,16,0,0,44,1,45,0,0,60,1,61,16,0,16,77
11/13/2007,BAK,IN,AGL,CE,Federal Contract Tower,0,0,23,2,25,0,0,19,0,19,0,0,42,2,44,26,20,46,90
11/14/2007,BAK,IN,AGL,CE,Federal Contract Tower,0,0,11,1,12,0,0,39,3,42,0,0,50,4,54,6,70,76,130
11/15/2007,BAK,IN,AGL,CE,Federal Contract Tower,0,1,18,1,20,0,0,57,11,68,0,1,75,12,88,16,36,52,140
11/16/2007,BAK,IN,AGL,CE,Federal Contract Tower,0,2,11,0,13,0,0,72,21,93,0,2,83,21,106,28,54,82,188
11/17/2007,BAK,IN,AGL,CE,Federal Contract Tower,0,0,7,0,7,0,0,91,2,93,0,0,98,2,100,32,2,34,134
11/18/2007,BAK,IN,AGL,CE,Federal Contract Tower,0,0,1,0,1,0,0,12,0,12,0,0,13,0,13,16,0,16,29
11/19/2007,BAK,IN,AGL,CE,Federal Contract Tower,0,0,17,0,17,0,0,5,0,5,0,0,22,0,22,10,0,10,32
11/20/2007,BAK,IN,AGL,CE,Federal Contract Tower,0,0,12,0,12,0,0,61,0,61,0,0,73,0,73,72,0,72,145
11/21/2007,BAK,IN,AGL,CE,Federal Contract Tower,1,0,11,0,12,0,0,15,0,15,1,0,26,0,27,0,0,0,27
11/22/2007,BAK,IN,AGL,CE,Federal Contract Tower,0,0,3,0,3,0,0,10,0,10,0,0,13,0,13,20,0,20,33
11/23/2007,BAK,IN,AGL,CE,Federal Contract Tower,0,0,5,0,5,0,0,61,0,61,0,0,66,0,66,38,0,38,104
11/24/2007,BAK,IN,AGL,CE,Federal Contract Tower,0,0,6,0,6,0,0,53,0,53,0,0,59,0,59,54,0,54,113
11/25/2007,BAK,IN,AGL,CE,Federal Contract Tower,0,0,9,0,9,0,0,29,0,29,0,0,38,0,38,2,0,2,40
11/26/2007,BAK,IN,AGL,CE,Federal Contract Tower,0,0,8,0,8,0,0,0,0,0,0,0,8,0,8,0,0,0,8
11/27/2007,BAK,IN,AGL,CE,Federal Contract Tower,2,0,20,0,22,0,0,80,2,82,2,0,100,2,104,24,8,32,136
11/28/2007,BAK,IN,AGL,CE,Federal Contract Tower,2,2,23,0,27,0,0,66,4,70,2,2,89,4,97,26,22,48,145
11/29/2007,BAK,IN,AGL,CE,Federal Contract Tower,0,1,38,2,41,0,0,61,9,70,0,1,99,11,111,36,6,42,153
11/30/2007,BAK,IN,AGL,CE,Federal Contract Tower,0,0,16,0,16,0,0,54,0,54,0,0,70,0,70,46,0,46,116
12/01/2007,BAK,IN,AGL,CE,Federal Contract Tower,0,0,6,0,6,0,2,56,0,58,0,2,62,0,64,16,0,16,80
12/02/2007,BAK,IN,AGL,CE,Federal Contract Tower,0,2,11,0,13,0,0,0,0,0,0,2,11,0,13,0,0,0,13
12/03/2007,BAK,IN,AGL,CE,Federal Contract Tower,0,2,9,0,11,0,0,34,0,34,0,2,43,0,45,20,0,20,65
12/04/2007,BAK,IN,AGL,CE,Federal Contract Tower,2,2,15,0,19,0,0,37,6,43,2,2,52,6,62,46,10,56,118
12/05/2007,BAK,IN,AGL,CE,Federal Contract Tower,0,2,9,0,11,0,0,8,0,8,0,2,17,0,19,0,0,0,19
12/06/2007,BAK,IN,AGL,CE,Federal Contract Tower,0,1,28,2,31,0,0,47,0,47,0,1,75,2,78,8,0,8,86
12/07/2007,BAK,IN,AGL,CE,Federal Contract Tower,0,0,12,0,12,0,0,0,0,0,0,0,12,0,12,0,0,0,12
12/08/2007,BAK,IN,AGL,CE,Federal Contract Tower,0,4,4,2,10,0,0,2,6,8,0,4,6,8,18,0,0,0,18
12/09/2007,BAK,IN,AGL,CE,Federal Contract Tower,0,0,2,0,2,0,0,0,0,0,0,0,2,0,2,0,0,0,2
12/10/2007,BAK,IN,AGL,CE,Federal Contract Tower,0,0,16,12,28,0,0,0,0,0,0,0,16,12,28,0,16,16,44
12/11/2007,BAK,IN,AGL,CE,Federal Contract Tower,0,0,8,0,8,0,0,1,0,1,0,0,9,0,9,0,0,0,9
12/12/2007,BAK,IN,AGL,CE,Federal Contract Tower,0,0,15,4,19,0,0,28,6,34,0,0,43,10,53,6,42,48,101
12/13/2007,BAK,IN,AGL,CE,Federal Contract Tower,0,2,12,0,14,0,0,4,0,4,0,2,16,0,18,0,0,0,18
12/14/2007,BAK,IN,AGL,CE,Federal Contract Tower,1,2,21,0,24,1,0,51,0,52,2,2,72,0,76,54,0,54,130
12/15/2007,BAK,IN,AGL,CE,Federal Contract Tower,0,0,1,0,1,0,0,0,0,0,0,0,1,0,1,0,0,0,1
12/16/2007,BAK,IN,AGL,CE,Federal Contract Tower,0,2,8,0,10,0,0,13,0,13,0,2,21,0,23,0,0,0,23
12/17/2007,BAK,IN,AGL,CE,Federal Contract Tower,0,4,21,0,25,0,0,30,0,30,0,4,51,0,55,20,0,20,75
12/18/2007,BAK,IN,AGL,CE,Federal Contract Tower,0,0,21,0,21,0,0,51,16,67,0,0,72,16,88,26,20,46,134
12/19/2007,BAK,IN,AGL,CE,Federal Contract Tower,4,3,14,0,21,0,0,34,36,70,4,3,48,36,91,30,36,66,157
12/20/2007,BAK,IN,AGL,CE,Federal Contract Tower,4,0,15,0,19,0,0,23,0,23,4,0,38,0,42,10,0,10,52
12/21/2007,BAK,IN,AGL,CE,Federal Contract Tower,2,2,16,0,20,0,0,0,0,0,2,2,16,0,20,0,0,0,20
12/22/2007,BAK,IN,AGL,CE,Federal Contract Tower,0,0,8,0,8,0,0,46,0,46,0,0,54,0,54,22,0,22,76
12/23/2007,BAK,IN,AGL,CE,Federal Contract Tower,0,2,1,0,3,0,0,0,0,0,0,2,1,0,3,0,0,0,3
12/24/2007,BAK,IN,AGL,CE,Federal Contract Tower,0,0,2,0,2,0,0,23,0,23,0,0,25,0,25,12,0,12,37
12/25/2007,BAK,IN,AGL,CE,Federal Contract Tower,0,1,1,0,2,0,0,5,0,5,0,1,6,0,7,0,0,0,7
12/26/2007,BAK,IN,AGL,CE,Federal Contract Tower,1,1,11,0,13,1,0,69,0,70,2,1,80,0,83,36,0,36,119
12/27/2007,BAK,IN,AGL,CE,Federal Contract Tower,4,0,5,0,9,0,0,5,0,5,4,0,10,0,14,12,0,12,26
12/28/2007,BAK,IN,AGL,CE,Federal Contract Tower,3,0,2,0,5,0,0,6,0,6,3,0,8,0,11,0,0,0,11
12/29/2007,BAK,IN,AGL,CE,Federal Contract Tower,2,2,0,0,4,0,0,54,0,54,2,2,54,0,58,36,0,36,94
12/30/2007,BAK,IN,AGL,CE,Federal Contract Tower,0,0,1,0,1,0,0,21,0,21,0,0,22,0,22,42,0,42,64
12/31/2007,BAK,IN,AGL,CE,Federal Contract Tower,0,0,4,0,4,0,0,55,0,55,0,0,59,0,59,24,0,24,83
01/01/2008,BAK,IN,AGL,CE,Federal Contract Tower,0,1,0,0,1,0,0,1,0,1,0,1,1,0,2,0,0,0,2
01/02/2008,BAK,IN,AGL,CE,Federal Contract Tower,0,5,3,0,8,0,0,40,0,40,0,5,43,0,48,36,0,36,84
01/03/2008,BAK,IN,AGL,CE,Federal Contract Tower,0,1,16,0,17,0,0,48,0,48,0,1,64,0,65,38,0,38,103
01/04/2008,BAK,IN,AGL,CE,Federal Contract Tower,0,0,18,0,18,0,0,47,0,47,0,0,65,0,65,24,0,24,89
01/05/2008,BAK,IN,AGL,CE,Federal Contract Tower,0,0,4,0,4,0,0,5,0,5,0,0,9,0,9,0,0,0,9
01/06/2008,BAK,IN,AGL,CE,Federal Contract Tower,0,0,8,4,12,0,0,2,0,2,0,0,10,4,14,0,0,0,14
01/07/2008,BAK,IN,AGL,CE,Federal Contract Tower,0,1,12,0,13,0,0,12,0,12,0,1,24,0,25,2,0,2,27
01/08/2008,BAK,IN,AGL,CE,Federal Contract Tower,0,0,4,0,4,0,0,0,0,0,0,0,4,0,4,0,0,0,4
01/09/2008,BAK,IN,AGL,CE,Federal Contract Tower,0,0,11,0,11,0,0,99,20,119,0,0,110,20,130,38,24,62,192
01/10/2008,BAK,IN,AGL,CE,Federal Contract Tower,0,0,15,0,15,0,0,46,0,46,0,0,61,0,61,36,0,36,97
01/11/2008,BAK,IN,AGL,CE,Federal Contract Tower,0,2,7,0,9,0,4,24,10,38,0,6,31,10,47,0,2,2,49
01/12/2008,BAK,IN,AGL,CE,Federal Contract Tower,0,0,9,0,9,0,0,69,0,69,0,0,78,0,78,10,0,10,88
01/13/2008,BAK,IN,AGL,CE,Federal Contract Tower,0,0,5,0,5,0,0,0,0,0,0,0,5,0,5,0,0,0,5
01/14/2008,BAK,IN,AGL,CE,Federal Contract Tower,0,0,16,0,16,0,0,27,30,57,0,0,43,30,73,0,0,0,73
01/15/2008,BAK,IN,AGL,CE,Federal Contract Tower,0,2,17,0,19,0,0,66,12,78,0,2,83,12,97,28,22,50,147
01/16/2008,BAK,IN,AGL,CE,Federal Contract Tower,0,1,14,2,17,0,0,55,3,58,0,1,69,5,75,14,30,44,119
01/17/2008,BAK,IN,AGL,CE,Federal Contract Tower,0,0,22,0,22,0,0,0,0,0,0,0,22,0,22,0,0,0,22
01/18/2008,BAK,IN,AGL,CE,Federal Contract Tower,0,0,10,0,10,0,0,28,4,32,0,0,38,4,42,0,0,0,42
01/19/2008,BAK,IN,AGL,CE,Federal Contract Tower,0,0,2,0,2,0,0,20,0,20,0,0,22,0,22,18,0,18,40
01/20/2008,BAK,IN,AGL,CE,Federal Contract Tower,0,0,6,0,6,0,0,33,0,33,0,0,39,0,39,8,0,8,47
01/21/2008,BAK,IN,AGL,CE,Federal Contract Tower,0,2,10,0,12,0,0,71,0,71,0,2,81,0,83,10,0,10,93
01/22/2008,BAK,IN,AGL,CE,Federal Contract Tower,0,0,12,2,14,0,0,9,0,9,0,0,21,2,23,0,0,0,23
01/23/2008,BAK,IN,AGL,CE,Federal Contract Tower,0,6,13,0,19,0,0,52,0,52,0,6,65,0,71,26,0,26,97
01/24/2008,BAK,IN,AGL,CE,Federal Contract Tower,0,0,16,2,18,0,0,26,0,26,0,0,42,2,44,6,0,6,50
01/25/2008,BAK,IN,AGL,CE,Federal Contract Tower,2,2,10,0,14,0,0,49,10,59,2,2,59,10,73,28,4,32,105
01/26/2008,BAK,IN,AGL,CE,Federal Contract Tower,0,0,7,0,7,0,0,35,0,35,0,0,42,0,42,18,0,18,60
01/27/2008,BAK,IN,AGL,CE,Federal Contract Tower,0,0,2,0,2,0,0,64,2,66,0,0,66,2,68,34,0,34,102
01/28/2008,BAK,IN,AGL,CE,Federal Contract Tower,2,0,16,0,18,0,0,44,2,46,2,0,60,2,64,22,0,22,86
01/29/2008,BAK,IN,AGL,CE,Federal Contract Tower,0,0,16,0,16,0,0,3,0,3,0,0,19,0,19,0,0,0,19
01/30/2008,BAK,IN,AGL,CE,Federal Contract Tower,0,0,11,0,11,0,0,35,6,41,0,0,46,6,52,0,0,0,52
01/31/2008,BAK,IN,AGL,CE,Federal Contract Tower,0,0,15,0,15,0,2,13,0,15,0,2,28,0,30,0,0,0,30
02/01/2008,BAK,IN,AGL,CE,Federal Contract Tower,0,1,9,0,10,0,0,6,0,6,0,1,15,0,16,0,0,0,16
02/02/2008,BAK,IN,AGL,CE,Federal Contract Tower,0,0,6,0,6,0,0,71,0,71,0,0,77,0,77,54,0,54,131
02/03/2008,BAK,IN,AGL,CE,Federal Contract Tower,0,0,4,0,4,0,0,3,0,3,0,0,7,0,7,12,0,12,19
02/04/2008,BAK,IN,AGL,CE,Federal Contract Tower,0,2,8,0,10,0,0,4,0,4,0,2,12,0,14,0,0,0,14
02/05/2008,BAK,IN,AGL,CE,Federal Contract Tower,0,0,15,0,15,0,0,2,0,2,0,0,17,0,17,0,0,0,17
02/06/2008,BAK,IN,AGL,CE,Federal Contract Tower,0,1,8,0,9,0,0,15,0,15,0,1,23,0,24,0,0,0,24
02/07/2008,BAK,IN,AGL,CE,Federal Contract Tower,0,0,24,0,24,0,0,56,16,72,0,0,80,16,96,42,8,50,146
02/08/2008,BAK,IN,AGL,CE,Federal Contract Tower,4,0,8,0,12,0,0,88,0,88,4,0,96,0,100,42,12,54,154
02/09/2008,BAK,IN,AGL,CE,Federal Contract Tower,0,0,8,0,8,0,0,72,0,72,0,0,80,0,80,18,0,18,98
02/10/2008,BAK,IN,AGL,CE,Federal Contract Tower,0,0,4,0,4,0,0,2,2,4,0,0,6,2,8,0,6,6,14
02/11/2008,BAK,IN,AGL,CE,Federal Contract Tower,0,3,17,0,20,0,0,7,0,7,0,3,24,0,27,0,0,0,27
02/12/2008,BAK,IN,AGL,CE,Federal Contract Tower,1,0,6,0,7,0,0,0,0,0,1,0,6,0,7,0,0,0,7
02/13/2008,BAK,IN,AGL,CE,Federal Contract Tower,0,0,7,0,7,0,0,5,2,7,0,0,12,2,14,16,8,24,38
02/14/2008,BAK,IN,AGL,CE,Federal Contract Tower,0,9,11,0,20,0,0,55,0,55,0,9,66,0,75,28,0,28,103
02/15/2008,BAK,IN,AGL,CE,Federal Contract Tower,2,1,24,1,28,0,0,29,3,32,2,1,53,4,60,10,16,26,86
02/16/2008,BAK,IN,AGL,CE,Federal Contract Tower,0,0,13,0,13,0,0,158,0,158,0,0,171,0,171,70,0,70,241
02/17/2008,BAK,IN,AGL,CE,Federal Contract Tower,0,0,3,0,3,0,0,0,0,0,0,0,3,0,3,0,0,0,3
02/18/2008,BAK,IN,AGL,CE,Federal Contract Tower,0,0,19,0,19,0,0,7,0,7,0,0,26,0,26,0,0,0,26
02/19/2008,BAK,IN,AGL,CE,Federal Contract Tower,0,0,15,0,15,0,0,30,2,32,0,0,45,2,47,34,0,34,81
02/20/2008,BAK,IN,AGL,CE,Federal Contract Tower,0,1,8,2,11,0,0,33,0,33,0,1,41,2,44,26,0,26,70
02/21/2008,BAK,IN,AGL,CE,Federal Contract Tower,0,1,18,4,23,0,0,25,2,27,0,1,43,6,50,6,0,6,56
02/22/2008,BAK,IN,AGL,CE,Federal Contract Tower,0,0,2,0,2,0,0,0,0,0,0,0,2,0,2,0,0,0,2
02/23/2008,BAK,IN,AGL,CE,Federal Contract Tower,0,0,2,0,2,0,0,17,8,25,0,0,19,8,27,2,0,2,29
02/24/2008,BAK,IN,AGL,CE,Federal Contract Tower,0,0,10,0,10,0,0,9,0,9,0,0,19,0,19,2,0,2,21
02/25/2008,BAK,IN,AGL,CE,Federal Contract Tower,0,0,13,0,13,0,0,0,0,0,0,0,13,0,13,0,0,0,13
02/26/2008,BAK,IN,AGL,CE,Federal Contract Tower,0,0,11,0,11,0,0,0,0,0,0,0,11,0,11,0,0,0,11
02/27/2008,BAK,IN,AGL,CE,Federal Contract Tower,0,2,14,4,20,0,0,19,4,23,0,2,33,8,43,4,6,10,53
02/28/2008,BAK,IN,AGL,CE,Federal Contract Tower,4,1,12,0,17,0,0,71,10,81,4,1,83,10,98,62,2,64,162
02/29/2008,BAK,IN,AGL,CE,Federal Contract Tower,0,2,7,0,9,0,0,10,0,10,0,2,17,0,19,0,0,0,19
03/01/2008,BAK,IN,AGL,CE,Federal Contract Tower,0,0,4,0,4,0,0,77,0,77,0,0,81,0,81,12,0,12,93
03/02/2008,BAK,IN,AGL,CE,Federal Contract Tower,0,0,5,0,5,0,0,81,0,81,0,0,86,0,86,90,0,90,176
03/03/2008,BAK,IN,AGL,CE,Federal Contract Tower,0,0,10,2,12,0,0,31,0,31,0,0,41,2,43,0,20,20,63
03/04/2008,BAK,IN,AGL,CE,Federal Contract Tower,0,0,16,0,16,0,0,0,0,0,0,0,16,0,16,0,0,0,16
03/05/2008,BAK,IN,AGL,CE,Federal Contract Tower,0,2,12,0,14,0,0,72,2,74,0,2,84,2,88,50,4,54,142
03/06/2008,BAK,IN,AGL,CE,Federal Contract Tower,0,0,13,0,13,0,0,7,2,9,0,0,20,2,22,30,0,30,52
03/07/2008,BAK,IN,AGL,CE,Federal Contract Tower,0,0,10,0,10,0,0,0,0,0,0,0,10,0,10,0,0,0,10
03/08/2008,BAK,IN,AGL,CE,Federal Contract Tower,0,0,1,0,1,0,0,12,0,12,0,0,13,0,13,8,0,8,21
03/09/2008,BAK,IN,AGL,CE,Federal Contract Tower,0,0,3,0,3,0,0,29,0,29,0,0,32,0,32,8,0,8,40
03/10/2008,BAK,IN,AGL,CE,Federal Contract Tower,3,2,9,0,14,0,0,57,0,57,3,2,66,0,71,58,0,58,129
03/11/2008,BAK,IN,AGL,CE,Federal Contract Tower,0,1,16,0,17,0,0,60,0,60,0,1,76,0,77,56,0,56,133
03/12/2008,BAK,IN,AGL,CE,Federal Contract Tower,0,0,16,0,16,0,0,76,0,76,0,0,92,0,92,72,0,72,164
03/13/2008,BAK,IN,AGL,CE,Federal Contract Tower,1,0,10,0,11,0,0,40,0,40,1,0,50,0,51,70,0,70,121
03/14/2008,BAK,IN,AGL,CE,Federal Contract Tower,2,1,7,4,14,0,0,19,0,19,2,1,26,4,33,16,0,16,49
03/15/2008,BAK,IN,AGL,CE,Federal Contract Tower,0,0,4,0,4,0,0,0,0,0,0,0,4,0,4,0,0,0,4
03/16/2008,BAK,IN,AGL,CE,Federal Contract Tower,0,0,9,0,9,0,0,82,0,82,0,0,91,0,91,52,0,52,143
03/17/2008,BAK,IN,AGL,CE,Federal Contract Tower,0,0,15,0,15,0,0,38,2,40,0,0,53,2,55,8,0,8,63
03/18/2008,BAK,IN,AGL,CE,Federal Contract Tower,0,1,16,2,19,0,0,1,0,1,0,1,17,2,20,0,0,0,20
03/19/2008,BAK,IN,AGL,CE,Federal Contract Tower,0,4,16,0,20,0,0,1,0,1,0,4,17,0,21,0,0,0,21
03/20/2008,BAK,IN,AGL,CE,Federal Contract Tower,0,0,12,0,12,0,0,105,8,113,0,0,117,8,125,53,0,53,178
03/21/2008,BAK,IN,AGL,CE,Federal Contract Tower,2,0,4,0,6,0,0,17,0,17,2,0,21,0,23,0,0,0,23
03/22/2008,BAK,IN,AGL,CE,Federal Contract Tower,0,0,0,0,0,0,0,15,0,15,0,0,15,0,15,28,0,28,43
03/23/2008,BAK,IN,AGL,CE,Federal Contract Tower,0,0,4,0,4,0,0,34,0,34,0,0,38,0,38,0,0,0,38
03/24/2008,BAK,IN,AGL,CE,Federal Contract Tower,1,1,17,0,19,0,0,73,2,75,1,1,90,2,94,28,0,28,122
03/25/2008,BAK,IN,AGL,CE,Federal Contract Tower,0,4,16,0,20,0,0,14,0,14,0,4,30,0,34,6,0,6,40
03/26/2008,BAK,IN,AGL,CE,Federal Contract Tower,0,0,19,0,19,0,0,115,20,135,0,0,134,20,154,54,0,54,208
03/27/2008,BAK,IN,AGL,CE,Federal Contract Tower,0,1,27,0,28,0,0,0,0,0,0,1,27,0,28,0,0,0,28
03/28/2008,BAK,IN,AGL,CE,Federal Contract Tower,0,0,13,2,15,0,0,9,0,9,0,0,22,2,24,0,30,30,54
03/29/2008,BAK,IN,AGL,CE,Federal Contract Tower,0,0,12,0,12,0,0,74,6,80,0,0,86,6,92,154,0,154,246
03/30/2008,BAK,IN,AGL,CE,Federal Contract Tower,0,0,4,0,4,0,0,21,0,21,0,0,25,0,25,0,0,0,25
03/31/2008,BAK,IN,AGL,CE,Federal Contract Tower,0,0,17,0,17,0,0,17,0,17,0,0,34,0,34,4,0,4,38
04/01/2008,BAK,IN,AGL,CE,Federal Contract Tower,0,0,13,0,13,0,0,33,2,35,0,0,46,2,48,30,0,30,78
04/02/2008,BAK,IN,AGL,CE,Federal Contract Tower,0,0,12,0,12,0,0,134,24,158,0,0,146,24,170,92,8,100,270
04/03/2008,BAK,IN,AGL,CE,Federal Contract Tower,0,6,12,0,18,0,0,24,0,24,0,6,36,0,42,50,0,50,92
04/04/2008,BAK,IN,AGL,CE,Federal Contract Tower,0,1,20,0,21,0,0,24,0,24,0,1,44,0,45,0,0,0,45
04/05/2008,BAK,IN,AGL,CE,Federal Contract Tower,0,0,2,2,4,0,0,55,0,55,0,0,57,2,59,14,0,14,73
04/06/2008,BAK,IN,AGL,CE,Federal Contract Tower,0,1,6,0,7,0,0,100,0,100,0,1,106,0,107,18,0,18,125
04/07/2008,BAK,IN,AGL,CE,Federal Contract Tower,0,0,13,0,13,0,0,84,4,88,0,0,97,4,101,96,4,100,201
04/08/2008,BAK,IN,AGL,CE,Federal Contract Tower,0,0,13,0,13,0,0,86,2,88,0,0,99,2,101,62,0,62,163
04/09/2008,BAK,IN,AGL,CE,Federal Contract Tower,0,0,14,0,14,0,1,59,0,60,0,1,73,0,74,34,0,34,108
04/10/2008,BAK,IN,AGL,CE,Federal Contract Tower,0,0,21,0,21,0,0,22,4,26,0,0,43,4,47,12,18,30,77
04/11/2008,BAK,IN,AGL,CE,Federal Contract Tower,0,0,12,0,12,0,0,11,6,17,0,0,23,6,29,0,0,0,29
04/12/2008,BAK,IN,AGL,CE,Federal Contract Tower,0,0,1,0,1,0,0,21,4,25,0,0,22,4,26,18,20,38,64
04/13/2008,BAK,IN,AGL,CE,Federal Contract Tower,0,0,4,0,4,0,0,12,12,24,0,0,16,12,28,0,0,0,28
04/14/2008,BAK,IN,AGL,CE,Federal Contract Tower,0,0,2,0,2,0,0,77,38,115,0,0,79,38,117,46,6,52,169
04/15/2008,BAK,IN,AGL,CE,Federal Contract Tower,0,1,12,11,24,0,0,172,35,207,0,1,184,46,231,66,4,70,301
04/16/2008,BAK,IN,AGL,CE,Federal Contract Tower,0,2,12,0,14,0,0,99,22,121,0,2,111,22,135,44,2,46,181
04/17/2008,BAK,IN,AGL,CE,Federal Contract Tower,0,2,13,0,15,0,0,40,22,62,0,2,53,22,77,14,0,14,91
04/18/2008,BAK,IN,AGL,CE,Federal Contract Tower,0,4,9,3,16,0,0,72,37,109,0,4,81,40,125,24,2,26,151
04/19/2008,BAK,IN,AGL,CE,Federal Contract Tower,0,0,16,2,18,0,0,47,43,90,0,0,63,45,108,24,60,84,192
04/20/2008,BAK,IN,AGL,CE,Federal Contract Tower,0,0,12,2,14,0,0,42,18,60,0,0,54,20,74,18,16,34,108
04/21/2008,BAK,IN,AGL,CE,Federal Contract Tower,0,0,13,4,17,0,0,39,2,41,0,0,52,6,58,88,4,92,150
04/22/2008,BAK,IN,AGL,CE,Federal Contract Tower,0,3,12,2,17,0,0,86,34,120,0,3,98,36,137,72,0,72,209
04/23/2008,BAK,IN,AGL,CE,Federal Contract Tower,0,2,18,4,24,0,0,105,10,115,0,2,123,14,139,48,30,78,217
04/24/2008,BAK,IN,AGL,CE,Federal Contract Tower,0,0,15,2,17,0,0,31,60,91,0,0,46,62,108,30,66,96,204
04/25/2008,BAK,IN,AGL,CE,Federal Contract Tower,1,0,6,3,10,0,0,72,9,81,1,0,78,12,91,50,0,50,141
04/26/2008,BAK,IN,AGL,CE,Federal Contract Tower,0,0,7,8,15,0,0,76,10,86,0,0,83,18,101,34,12,46,147
04/27/2008,BAK,IN,AGL,CE,Federal Contract Tower,0,0,12,0,12,0,0,98,18,116,0,0,110,18,128,36,0,36,164
04/28/2008,BAK,IN,AGL,CE,Federal Contract Tower,0,0,8,1,9,0,0,52,5,57,0,0,60,6,66,42,2,44,110
04/29/2008,BAK,IN,AGL,CE,Federal Contract Tower,0,0,13,0,13,0,0,55,12,67,0,0,68,12,80,74,0,74,154
04/30/2008,BAK,IN,AGL,CE,Federal Contract Tower,0,0,17,3,20,0,0,101,5,106,0,0,118,8,126,42,100,142,268
05/01/2008,BAK,IN,AGL,CE,Federal Contract Tower,2,0,16,0,18,0,0,54,35,89,2,0,70,35,107,30,14,44,151
05/02/2008,BAK,IN,AGL,CE,Federal Contract Tower,2,0,9,2,13,0,0,13,0,13,2,0,22,2,26,0,0,0,26
05/03/2008,BAK,IN,AGL,CE,Federal Contract Tower,0,0,6,2,8,0,0,24,18,42,0,0,30,20,50,12,18,30,80
05/04/2008,BAK,IN,AGL,CE,Federal Contract Tower,0,0,16,0,16,0,0,94,6,100,0,0,110,6,116,32,0,32,148
05/05/2008,BAK,IN,AGL,CE,Federal Contract Tower,1,0,26,0,27,0,0,111,4,115,1,0,137,4,142,42,4,46,188
05/06/2008,BAK,IN,AGL,CE,Federal Contract Tower,0,0,16,2,18,0,0,72,6,78,0,0,88,8,96,62,50,112,208
05/07/2008,BAK,IN,AGL,CE,Federal Contract Tower,0,0,16,1,17,6,0,7,1,14,6,0,23,2,31,0,0,0,31
05/08/2008,BAK,IN,AGL,CE,Federal Contract Tower,0,0,36,5,41,0,0,9,1,10,0,0,45,6,51,0,10,10,61
05/09/2008,BAK,IN,AGL,CE,Federal Contract Tower,0,0,18,2,20,0,0,3,0,3,0,0,21,2,23,0,0,0,23
05/10/2008,BAK,IN,AGL,CE,Federal Contract Tower,0,0,8,0,8,0,0,85,10,95,0,0,93,10,103,16,0,16,119
05/11/2008,BAK,IN,AGL,CE,Federal Contract Tower,0,0,7,0,7,0,0,0,0,0,0,0,7,0,7,0,0,0,7
05/12/2008,BAK,IN,AGL,CE,Federal Contract Tower,0,3,17,2,22,0,0,147,24,171,0,3,164,26,193,40,0,40,233
05/13/2008,BAK,IN,AGL,CE,Federal Contract Tower,2,1,33,6,42,0,0,89,5,94,2,1,122,11,136,42,34,76,212
05/14/2008,BAK,IN,AGL,CE,Federal Contract Tower,2,4,24,4,34,0,0,18,8,26,2,4,42,12,60,0,0,0,60
05/15/2008,BAK,IN,AGL,CE,Federal Contract Tower,0,0,33,3,36,0,0,8,5,13,0,0,41,8,49,0,0,0,49
05/16/2008,BAK,IN,AGL,CE,Federal Contract Tower,0,1,19,0,20,0,0,55,4,59,0,1,74,4,79,8,4,12,91
05/17/2008,BAK,IN,AGL,CE,Federal Contract Tower,0,3,10,0,13,0,0,39,4,43,0,3,49,4,56,18,8,26,82
05/18/2008,BAK,IN,AGL,CE,Federal Contract Tower,0,0,7,1,8,0,0,69,1,70,0,0,76,2,78,14,2,16,94
05/19/2008,BAK,IN,AGL,CE,Federal Contract Tower,0,2,13,0,15,0,0,53,0,53,0,2,66,0,68,6,0,6,74
05/20/2008,BAK,IN,AGL,CE,Federal Contract Tower,0,0,32,0,32,0,0,77,0,77,0,0,109,0,109,64,0,64,173
05/21/2008,BAK,IN,AGL,CE,Federal Contract Tower,0,0,24,2,26,0,0,80,17,97,0,0,104,19,123,56,4,60,183
05/22/2008,BAK,IN,AGL,CE,Federal Contract Tower,0,0,21,8,29,0,0,125,9,134,0,0,146,17,163,60,20,80,243
05/23/2008,BAK,IN,AGL,CE,Federal Contract Tower,0,0,13,0,13,0,0,59,10,69,0,0,72,10,82,26,0,26,108
05/24/2008,BAK,IN,AGL,CE,Federal Contract Tower,0,0,10,0,10,0,0,70,0,70,0,0,80,0,80,22,0,22,102
05/25/2008,BAK,IN,AGL,CE,Federal Contract Tower,0,0,1,0,1,0,0,64,0,64,0,0,65,0,65,14,0,14,79
05/26/2008,BAK,IN,AGL,CE,Federal Contract Tower,0,0,10,0,10,0,0,30,0,30,0,0,40,0,40,28,0,28,68
05/27/2008,BAK,IN,AGL,CE,Federal Contract Tower,0,2,32,0,34,0,0,4,0,4,0,2,36,0,38,0,0,0,38
05/28/2008,BAK,IN,AGL,CE,Federal Contract Tower,0,0,15,0,15,0,0,63,11,74,0,0,78,11,89,30,4,34,123
05/29/2008,BAK,IN,AGL,CE,Federal Contract Tower,0,0,19,0,19,0,0,89,8,97,0,0,108,8,116,48,18,66,182
05/30/2008,BAK,IN,AGL,CE,Federal Contract Tower,0,0,13,1,14,0,0,67,5,72,0,0,80,6,86,22,0,22,108
05/31/2008,BAK,IN,AGL,CE,Federal Contract Tower,0,0,3,0,3,0,0,37,0,37,0,0,40,0,40,24,0,24,64
06/01/2008,BAK,IN,AGL,CE,Federal Contract Tower,0,0,2,0,2,0,0,101,0,101,0,0,103,0,103,36,0,36,139
06/02/2008,BAK,IN,AGL,CE,Federal Contract Tower,0,0,19,0,19,0,0,73,24,97,0,0,92,24,116,28,2,30,146
06/03/2008,BAK,IN,AGL,CE,Federal Contract Tower,0,1,16,0,17,0,0,27,0,27,0,1,43,0,44,54,0,54,98
06/04/2008,BAK,IN,AGL,CE,Federal Contract Tower,0,0,9,2,11,0,0,3,2,5,0,0,12,4,16,0,0,0,16
06/05/2008,BAK,IN,AGL,CE,Federal Contract Tower,0,0,15,0,15,0,0,81,82,163,0,0,96,82,178,80,70,150,328
06/06/2008,BAK,IN,AGL,CE,Federal Contract Tower,0,2,21,0,23,0,0,57,4,61,0,2,78,4,84,64,14,78,162
06/07/2008,BAK,IN,AGL,CE,Federal Contract Tower,0,0,2,0,2,0,0,182,2,184,0,0,184,2,186,0,0,0,186
06/08/2008,BAK,IN,AGL,CE,Federal Contract Tower,0,0,2,0,2,0,0,178,23,201,0,0,180,23,203,2,0,2,205
06/09/2008,BAK,IN,AGL,CE,Federal Contract Tower,0,3,13,0,16,0,0,138,47,185,0,3,151,47,201,14,4,18,219
06/10/2008,BAK,IN,AGL,CE,Federal Contract Tower,0,0,7,0,7,0,0,105,0,105,0,0,112,0,112,36,0,36,148
06/11/2008,BAK,IN,AGL,CE,Federal Contract Tower,0,0,9,2,11,0,0,89,12,101,0,0,98,14,112,6,12,18,130
06/12/2008,BAK,IN,AGL,CE,Federal Contract Tower,0,8,18,0,26,0,0,83,22,105,0,8,101,22,131,52,0,52,183
06/13/2008,BAK,IN,AGL,CE,Federal Contract Tower,0,2,9,2,13,0,0,42,26,68,0,2,51,28,81,26,0,26,107
06/14/2008,BAK,IN,AGL,CE,Federal Contract Tower,0,0,14,2,16,0,1,74,4,79,0,1,88,6,95,4,0,4,99
06/15/2008,BAK,IN,AGL,CE,Federal Contract Tower,0,0,11,0,11,0,0,111,0,111,0,0,122,0,122,38,0,38,160
06/16/2008,BAK,IN,AGL,CE,Federal Contract Tower,0,0,16,2,18,0,0,60,10,70,0,0,76,12,88,30,0,30,118
06/17/2008,BAK,IN,AGL,CE,Federal Contract Tower,0,1,21,1,23,0,0,163,4,167,0,1,184,5,190,46,0,46,236
06/18/2008,BAK,IN,AGL,CE,Federal Contract Tower,0,0,11,4,15,0,0,83,16,99,0,0,94,20,114,35,0,35,149
06/19/2008,BAK,IN,AGL,CE,Federal Contract Tower,0,4,25,4,33,0,0,160,26,186,0,4,185,30,219,86,0,86,305
06/20/2008,BAK,IN,AGL,CE,Federal Contract Tower,0,0,18,0,18,0,0,69,8,77,0,0,87,8,95,24,0,24,119
06/21/2008,BAK,IN,AGL,CE,Federal Contract Tower,0,0,7,0,7,0,0,143,0,143,0,0,150,0,150,76,0,76,226
06/22/2008,BAK,IN,AGL,CE,Federal Contract Tower,0,3,10,2,15,0,0,46,0,46,0,3,56,2,61,16,0,16,77
06/23/2008,BAK,IN,AGL,CE,Federal Contract Tower,4,0,18,0,22,0,0,104,6,110,4,0,122,6,132,8,0,8,140
06/24/2008,BAK,IN,AGL,CE,Federal Contract Tower,0,2,10,0,12,0,0,63,4,67,0,2,73,4,79,40,0,40,119
06/25/2008,BAK,IN,AGL,CE,Federal Contract Tower,0,0,6,0,6,0,0,66,38,104,0,0,72,38,110,60,22,82,192
06/26/2008,BAK,IN,AGL,CE,Federal Contract Tower,2,1,27,0,30,0,0,75,8,83,2,1,102,8,113,42,0,42,155
06/27/2008,BAK,IN,AGL,CE,Federal Contract Tower,0,1,4,0,5,0,0,59,2,61,0,1,63,2,66,12,0,12,78
06/28/2008,BAK,IN,AGL,CE,Federal Contract Tower,0,0,6,0,6,0,0,34,8,42,0,0,40,8,48,42,0,42,90
06/29/2008,BAK,IN,AGL,CE,Federal Contract Tower,0,0,7,0,7,0,0,63,0,63,0,0,70,0,70,26,0,26,96
06/30/2008,BAK,IN,AGL,CE,Federal Contract Tower,0,0,17,0,17,0,0,62,4,66,0,0,79,4,83,102,18,120,203
07/01/2008,BAK,IN,AGL,CE,Federal Contract Tower,0,2,12,2,16,0,2,191,12,205,0,4,203,14,221,96,38,134,355
07/02/2008,BAK,IN,AGL,CE,Federal Contract Tower,0,3,19,3,25,0,0,107,6,113,0,3,126,9,138,64,30,94,232
07/03/2008,BAK,IN,AGL,CE,Federal Contract Tower,0,2,16,0,18,0,2,37,0,39,0,4,53,0,57,12,0,12,69
07/04/2008,BAK,IN,AGL,CE,Federal Contract Tower,0,2,7,0,9,0,0,6,0,6,0,2,13,0,15,0,0,0,15
07/05/2008,BAK,IN,AGL,CE,Federal Contract Tower,0,0,1,0,1,0,2,16,4,22,0,2,17,4,23,0,0,0,23
07/06/2008,BAK,IN,AGL,CE,Federal Contract Tower,0,2,7,0,9,0,2,56,14,72,0,4,63,14,81,48,0,48,129
07/07/2008,BAK,IN,AGL,CE,Federal Contract Tower,7,0,13,0,20,7,0,56,0,63,14,0,69,0,83,62,0,62,145
07/08/2008,BAK,IN,AGL,CE,Federal Contract Tower,3,2,17,4,26,3,3,66,2,74,6,5,83,6,100,72,26,98,198
07/09/2008,BAK,IN,AGL,CE,Federal Contract Tower,8,0,11,2,21,8,0,32,2,42,16,0,43,4,63,24,0,24,87
07/10/2008,BAK,IN,AGL,CE,Federal Contract Tower,0,0,6,0,6,0,0,86,4,90,0,0,92,4,96,96,0,96,192
07/11/2008,BAK,IN,AGL,CE,Federal Contract Tower,0,2,8,0,10,0,0,92,4,96,0,2,100,4,106,76,0,76,182
07/12/2008,BAK,IN,AGL,CE,Federal Contract Tower,0,0,2,0,2,0,0,28,2,30,0,0,30,2,32,46,8,54,86
07/13/2008,BAK,IN,AGL,CE,Federal Contract Tower,0,2,4,0,6,0,2,170,10,182,0,4,174,10,188,84,0,84,272
07/14/2008,BAK,IN,AGL,CE,Federal Contract Tower,0,0,17,2,19,0,0,87,2,89,0,0,104,4,108,56,0,56,164
07/15/2008,BAK,IN,AGL,CE,Federal Contract Tower,0,4,12,0,16,0,3,71,0,74,0,7,83,0,90,104,0,104,194
07/16/2008,BAK,IN,AGL,CE,Federal Contract Tower,0,0,23,0,23,0,0,98,4,102,0,0,121,4,125,50,20,70,195
07/17/2008,BAK,IN,AGL,CE,Federal Contract Tower,0,2,19,0,21,0,0,76,0,76,0,2,95,0,97,76,0,76,173
07/18/2008,BAK,IN,AGL,CE,Federal Contract Tower,0,0,11,0,11,0,0,88,2,90,0,0,99,2,101,114,4,118,219
07/19/2008,BAK,IN,AGL,CE,Federal Contract Tower,0,0,3,0,3,0,0,76,0,76,0,0,79,0,79,68,0,68,147
07/20/2008,BAK,IN,AGL,CE,Federal Contract Tower,0,0,16,0,16,0,0,62,0,62,0,0,78,0,78,52,0,52,130
07/21/2008,BAK,IN,AGL,CE,Federal Contract Tower,0,0,18,0,18,0,0,44,0,44,0,0,62,0,62,0,0,0,62
07/22/2008,BAK,IN,AGL,CE,Federal Contract Tower,0,2,15,0,17,0,0,76,0,76,0,2,91,0,93,30,0,30,123
07/23/2008,BAK,IN,AGL,CE,Federal Contract Tower,0,0,11,0,11,0,0,72,0,72,0,0,83,0,83,10,0,10,93
07/24/2008,BAK,IN,AGL,CE,Federal Contract Tower,1,0,24,0,25,0,0,90,4,94,1,0,114,4,119,60,0,60,179
07/25/2008,BAK,IN,AGL,CE,Federal Contract Tower,0,0,16,0,16,0,0,137,0,137,0,0,153,0,153,44,0,44,197
07/26/2008,BAK,IN,AGL,CE,Federal Contract Tower,0,0,9,1,10,0,0,36,2,38,0,0,45,3,48,4,0,4,52
07/27/2008,BAK,IN,AGL,CE,Federal Contract Tower,0,0,6,0,6,0,0,78,0,78,0,0,84,0,84,84,0,84,168
07/28/2008,BAK,IN,AGL,CE,Federal Contract Tower,0,0,27,0,27,0,0,88,6,94,0,0,115,6,121,116,0,116,237
07/29/2008,BAK,IN,AGL,CE,Federal Contract Tower,1,2,8,0,11,0,0,110,2,112,1,2,118,2,123,56,0,56,179
07/30/2008,BAK,IN,AGL,CE,Federal Contract Tower,0,4,15,0,19,0,0,86,18,104,0,4,101,18,123,60,18,78,201
07/31/2008,BAK,IN,AGL,CE,Federal Contract Tower,1,2,32,2,37,1,2,172,2,177,2,4,204,4,214,58,0,58,272
08/01/2008,BAK,IN,AGL,CE,Federal Contract Tower,1,3,17,0,21,0,4,113,18,135,1,7,130,18,156,40,0,40,196
08/02/2008,BAK,IN,AGL,CE,Federal Contract Tower,2,1,11,2,16,0,0,0,0,0,2,1,11,2,16,52,0,52,68
08/03/2008,BAK,IN,AGL,CE,Federal Contract Tower,0,0,7,0,7,0,0,130,0,130,0,0,137,0,137,110,0,110,247
08/04/2008,BAK,IN,AGL,CE,Federal Contract Tower,0,7,20,0,27,0,0,130,0,130,0,7,150,0,157,80,0,80,237
08/05/2008,BAK,IN,AGL,CE,Federal Contract Tower,0,2,20,0,22,0,0,37,0,37,0,2,57,0,59,86,0,86,145
08/06/2008,BAK,IN,AGL,CE,Federal Contract Tower,2,1,24,5,32,2,1,162,12,177,4,2,186,17,209,86,16,102,311
08/07/2008,BAK,IN,AGL,CE,Federal Contract Tower,0,0,16,0,16,0,0,167,0,167,0,0,183,0,183,42,0,42,225
08/08/2008,BAK,IN,AGL,CE,Federal Contract Tower,0,0,18,0,18,0,0,189,2,191,0,0,207,2,209,54,10,64,273
08/09/2008,BAK,IN,AGL,CE,Federal Contract Tower,0,0,17,0,17,0,0,100,0,100,0,0,117,0,117,44,0,44,161
08/10/2008,BAK,IN,AGL,CE,Federal Contract Tower,0,0,12,0,12,0,0,124,0,124,0,0,136,0,136,106,0,106,242
08/11/2008,BAK,IN,AGL,CE,Federal Contract Tower,1,0,18,0,19,1,0,105,16,122,2,0,123,16,141,48,4,52,193
08/12/2008,BAK,IN,AGL,CE,Federal Contract Tower,0,0,12,2,14,0,0,104,34,138,0,0,116,36,152,62,16,78,230
08/13/2008,BAK,IN,AGL,CE,Federal Contract Tower,0,0,14,0,14,0,0,62,10,72,0,0,76,10,86,36,0,36,122
08/14/2008,BAK,IN,AGL,CE,Federal Contract Tower,0,2,30,2,34,0,0,53,6,59,0,2,83,8,93,50,0,50,143
08/15/2008,BAK,IN,AGL,CE,Federal Contract Tower,0,7,12,0,19,0,0,116,28,144,0,7,128,28,163,86,0,86,249
08/16/2008,BAK,IN,AGL,CE,Federal Contract Tower,0,0,4,0,4,0,0,76,4,80,0,0,80,4,84,12,0,12,96
08/17/2008,BAK,IN,AGL,CE,Federal Contract Tower,0,0,3,0,3,0,0,114,0,114,0,0,117,0,117,80,0,80,197
08/18/2008,BAK,IN,AGL,CE,Federal Contract Tower,0,0,12,0,12,0,0,90,7,97,0,0,102,7,109,28,0,28,137
08/19/2008,BAK,IN,AGL,CE,Federal Contract Tower,0,0,20,3,23,0,0,84,14,98,0,0,104,17,121,66,8,74,195
08/20/2008,BAK,IN,AGL,CE,Federal Contract Tower,0,2,10,0,12,0,0,97,6,103,0,2,107,6,115,6,0,6,121
08/21/2008,BAK,IN,AGL,CE,Federal Contract Tower,0,0,18,1,19,0,0,56,10,66,0,0,74,11,85,30,0,30,115
08/22/2008,BAK,IN,AGL,CE,Federal Contract Tower,0,0,13,4,17,0,0,71,4,75,0,0,84,8,92,12,2,14,106
08/23/2008,BAK,IN,AGL,CE,Federal Contract Tower,0,0,5,0,5,0,0,43,0,43,0,0,48,0,48,16,0,16,64
08/24/2008,BAK,IN,AGL,CE,Federal Contract Tower,0,0,9,0,9,0,0,53,0,53,0,0,62,0,62,72,0,72,134
08/25/2008,BAK,IN,AGL,CE,Federal Contract Tower,0,0,21,0,21,0,0,46,8,54,0,0,67,8,75,8,0,8,83
08/26/2008,BAK,IN,AGL,CE,Federal Contract Tower,0,0,15,0,15,0,0,81,2,83,0,0,96,2,98,50,6,56,154
08/27/2008,BAK,IN,AGL,CE,Federal Contract Tower,0,0,17,0,17,0,0,80,34,114,0,0,97,34,131,38,52,90,221
08/28/2008,BAK,IN,AGL,CE,Federal Contract Tower,0,1,16,0,17,0,1,44,0,45,0,2,60,0,62,10,0,10,72
08/29/2008,BAK,IN,AGL,CE,Federal Contract Tower,0,0,23,0,23,0,0,66,0,66,0,0,89,0,89,42,0,42,131
08/30/2008,BAK,IN,AGL,CE,Federal Contract Tower,0,0,7,0,7,0,0,102,0,102,0,0,109,0,109,42,0,42,151
08/31/2008,BAK,IN,AGL,CE,Federal Contract Tower,0,0,0,0,0,0,0,84,0,84,0,0,84,0,84,56,0,56,140
09/01/2008,BAK,IN,AGL,CE,Federal Contract Tower,0,0,2,0,2,0,0,72,0,72,0,0,74,0,74,54,0,54,128
09/02/2008,BAK,IN,AGL,CE,Federal Contract Tower,0,0,16,0,16,0,0,62,0,62,0,0,78,0,78,44,0,44,122
09/03/2008,BAK,IN,AGL,CE,Federal Contract Tower,0,1,12,0,13,0,0,28,0,28,0,1,40,0,41,2,0,2,43
09/04/2008,BAK,IN,AGL,CE,Federal Contract Tower,0,0,14,0,14,0,0,36,4,40,0,0,50,4,54,8,6,14,68
09/05/2008,BAK,IN,AGL,CE,Federal Contract Tower,0,1,17,0,18,0,1,50,0,51,0,2,67,0,69,0,0,0,69
09/06/2008,BAK,IN,AGL,CE,Federal Contract Tower,0,0,0,0,0,0,0,121,0,121,0,0,121,0,121,10,0,10,131
09/07/2008,BAK,IN,AGL,CE,Federal Contract Tower,0,0,9,0,9,0,0,58,0,58,0,0,67,0,67,68,0,68,135
09/08/2008,BAK,IN,AGL,CE,Federal Contract Tower,0,0,17,0,17,0,0,18,2,20,0,0,35,2,37,6,0,6,43
09/09/2008,BAK,IN,AGL,CE,Federal Contract Tower,0,0,14,0,14,0,0,38,6,44,0,0,52,6,58,26,0,26,84
09/10/2008,BAK,IN,AGL,CE,Federal Contract Tower,0,3,16,0,19,0,3,106,0,109,0,6,122,0,128,44,0,44,172
09/11/2008,BAK,IN,AGL,CE,Federal Contract Tower,0,0,23,1,24,0,0,69,30,99,0,0,92,31,123,8,0,8,131
09/12/2008,BAK,IN,AGL,CE,Federal Contract Tower,0,2,9,0,11,0,0,6,0,6,0,2,15,0,17,0,0,0,17
09/13/2008,BAK,IN,AGL,CE,Federal Contract Tower,0,1,10,0,11,0,0,28,0,28,0,1,38,0,39,0,0,0,39
09/14/2008,BAK,IN,AGL,CE,Federal Contract Tower,0,1,7,0,8,0,0,6,0,6,0,1,13,0,14,0,0,0,14
09/15/2008,BAK,IN,AGL,CE,Federal Contract Tower,0,0,21,0,21,0,0,23,0,23,0,0,44,0,44,14,0,14,58
09/16/2008,BAK,IN,AGL,CE,Federal Contract Tower,0,2,22,0,24,0,2,69,4,75,0,4,91,4,99,40,0,40,139
09/17/2008,BAK,IN,AGL,CE,Federal Contract Tower,0,1,11,0,12,0,1,101,16,118,0,2,112,16,130,80,16,96,226
09/18/2008,BAK,IN,AGL,CE,Federal Contract Tower,0,1,31,2,34,0,0,77,2,79,0,1,108,4,113,4,4,8,121
09/19/2008,BAK,IN,AGL,CE,Federal Contract Tower,0,1,17,0,18,0,0,76,6,82,0,1,93,6,100,10,0,10,110
09/20/2008,BAK,IN,AGL,CE,Federal Contract Tower,0,0,5,0,5,0,0,56,0,56,0,0,61,0,61,2,0,2,63
09/21/2008,BAK,IN,AGL,CE,Federal Contract Tower,0,0,10,0,10,0,0,74,0,74,0,0,84,0,84,8,0,8,92
09/22/2008,BAK,IN,AGL,CE,Federal Contract Tower,0,2,15,0,17,0,2,86,0,88,0,4,101,0,105,52,0,52,157
09/23/2008,BAK,IN,AGL,CE,Federal Contract Tower,0,0,14,2,16,0,0,80,4,84,0,0,94,6,100,34,0,34,134
09/24/2008,BAK,IN,AGL,CE,Federal Contract Tower,1,5,11,2,19,0,0,73,2,75,1,5,84,4,94,22,0,22,116
09/25/2008,BAK,IN,AGL,CE,Federal Contract Tower,0,0,11,0,11,0,0,40,0,40,0,0,51,0,51,30,0,30,81
09/26/2008,BAK,IN,AGL,CE,Federal Contract Tower,0,0,9,1,10,0,0,30,0,30,0,0,39,1,40,6,0,6,46
09/27/2008,BAK,IN,AGL,CE,Federal Contract Tower,0,3,10,0,13,0,0,78,0,78,0,3,88,0,91,6,0,6,97
09/28/2008,BAK,IN,AGL,CE,Federal Contract Tower,0,2,7,0,9,0,2,87,8,97,0,4,94,8,106,46,0,46,152
09/29/2008,BAK,IN,AGL,CE,Federal Contract Tower,0,0,8,1,9,0,0,71,0,71,0,0,79,1,80,18,0,18,98
09/30/2008,BAK,IN,AGL,CE,Federal Contract Tower,0,2,10,0,12,0,0,31,0,31,0,2,41,0,43,32,0,32,75
10/01/2008,BAK,IN,AGL,CE,Federal Contract Tower,0,0,13,2,15,0,0,58,0,58,0,0,71,2,73,32,0,32,105
10/02/2008,BAK,IN,AGL,CE,Federal Contract Tower,0,0,22,2,24,0,0,52,0,52,0,0,74,2,76,2,0,2,78
10/03/2008,BAK,IN,AGL,CE,Federal Contract Tower,0,0,21,0,21,0,0,58,2,60,0,0,79,2,81,44,0,44,125
10/04/2008,BAK,IN,AGL,CE,Federal Contract Tower,0,0,7,2,9,0,0,83,4,87,0,0,90,6,96,24,14,38,134
10/05/2008,BAK,IN,AGL,CE,Federal Contract Tower,0,0,9,0,9,0,0,103,0,103,0,0,112,0,112,38,0,38,150
10/06/2008,BAK,IN,AGL,CE,Federal Contract Tower,0,2,11,0,13,0,0,61,0,61,0,2,72,0,74,42,0,42,116
10/07/2008,BAK,IN,AGL,CE,Federal Contract Tower,0,0,17,4,21,0,0,60,2,62,0,0,77,6,83,56,8,64,147
10/08/2008,BAK,IN,AGL,CE,Federal Contract Tower,0,0,21,2,23,0,0,10,0,10,0,0,31,2,33,0,0,0,33
10/09/2008,BAK,IN,AGL,CE,Federal Contract Tower,0,0,15,2,17,0,0,106,8,114,0,0,121,10,131,18,0,18,149
10/10/2008,BAK,IN,AGL,CE,Federal Contract Tower,0,0,10,2,12,0,0,83,6,89,0,0,93,8,101,20,8,28,129
10/11/2008,BAK,IN,AGL,CE,Federal Contract Tower,0,0,9,0,9,0,0,102,0,102,0,0,111,0,111,48,0,48,159
10/12/2008,BAK,IN,AGL,CE,Federal Contract Tower,0,0,9,0,9,0,0,113,0,113,0,0,122,0,122,52,0,52,174
10/13/2008,BAK,IN,AGL,CE,Federal Contract Tower,0,1,15,0,16,0,0,54,0,54,0,1,69,0,70,8,0,8,78
10/14/2008,BAK,IN,AGL,CE,Federal Contract Tower,0,3,16,0,19,0,0,30,0,30,0,3,46,0,49,64,0,64,113
10/15/2008,BAK,IN,AGL,CE,Federal Contract Tower,0,0,16,2,18,0,0,54,8,62,0,0,70,10,80,6,0,6,86
10/16/2008,BAK,IN,AGL,CE,Federal Contract Tower,0,4,23,2,29,0,0,21,0,21,0,4,44,2,50,12,0,12,62
10/17/2008,BAK,IN,AGL,CE,Federal Contract Tower,0,0,10,0,10,0,0,73,0,73,0,0,83,0,83,56,0,56,139
10/18/2008,BAK,IN,AGL,CE,Federal Contract Tower,0,0,5,0,5,0,0,80,0,80,0,0,85,0,85,38,0,38,123
10/19/2008,BAK,IN,AGL,CE,Federal Contract Tower,0,2,11,2,15,0,0,96,0,96,0,2,107,2,111,58,0,58,169
10/20/2008,BAK,IN,AGL,CE,Federal Contract Tower,0,1,15,2,18,0,0,42,4,46,0,1,57,6,64,2,0,2,66
10/21/2008,BAK,IN,AGL,CE,Federal Contract Tower,0,3,23,0,26,0,0,64,6,70,0,3,87,6,96,44,0,44,140
10/22/2008,BAK,IN,AGL,CE,Federal Contract Tower,0,0,10,2,12,0,0,81,2,83,0,0,91,4,95,30,24,54,149
10/23/2008,BAK,IN,AGL,CE,Federal Contract Tower,0,2,22,0,24,0,0,60,0,60,0,2,82,0,84,48,0,48,132
10/24/2008,BAK,IN,AGL,CE,Federal Contract Tower,0,0,13,0,13,0,0,20,0,20,0,0,33,0,33,0,0,0,33
10/25/2008,BAK,IN,AGL,CE,Federal Contract Tower,0,0,5,0,5,0,0,26,0,26,0,0,31,0,31,10,0,10,41
10/26/2008,BAK,IN,AGL,CE,Federal Contract Tower,0,0,4,0,4,0,0,24,0,24,0,0,28,0,28,10,0,10,38
10/27/2008,BAK,IN,AGL,CE,Federal Contract Tower,2,1,10,0,13,0,0,12,0,12,2,1,22,0,25,16,0,16,41
10/28/2008,BAK,IN,AGL,CE,Federal Contract Tower,0,1,17,2,20,0,1,47,8,56,0,2,64,10,76,22,32,54,130
10/29/2008,BAK,IN,AGL,CE,Federal Contract Tower,0,23,1,0,24,0,0,104,10,114,0,23,105,10,138,58,8,66,204
10/30/2008,BAK,IN,AGL,CE,Federal Contract Tower,0,0,34,2,36,0,0,131,4,135,0,0,165,6,171,62,24,86,257
10/31/2008,BAK,IN,AGL,CE,Federal Contract Tower,0,7,8,3,18,0,0,48,0,48,0,7,56,3,66,20,0,20,86
11/01/2008,BAK,IN,AGL,CE,Federal Contract Tower,0,0,11,0,11,0,0,56,4,60,0,0,67,4,71,16,0,16,87
11/02/2008,BAK,IN,AGL,CE,Federal Contract Tower,0,0,10,0,10,0,0,84,0,84,0,0,94,0,94,20,0,20,114
11/03/2008,BAK,IN,AGL,CE,Federal Contract Tower,0,0,12,0,12,0,0,38,2,40,0,0,50,2,52,42,0,42,94
11/04/2008,BAK,IN,AGL,CE,Federal Contract Tower,0,0,15,0,15,0,0,88,40,128,0,0,103,40,143,28,4,32,175
11/05/2008,BAK,IN,AGL,CE,Federal Contract Tower,0,1,9,7,17,0,0,74,0,74,0,1,83,7,91,32,0,32,123
11/06/2008,BAK,IN,AGL,CE,Federal Contract Tower,0,0,14,0,14,0,0,44,0,44,0,0,58,0,58,6,0,6,64
11/07/2008,BAK,IN,AGL,CE,Federal Contract Tower,0,0,13,4,17,0,0,26,4,30,0,0,39,8,47,10,38,48,95
11/08/2008,BAK,IN,AGL,CE,Federal Contract Tower,0,0,7,0,7,0,0,44,0,44,0,0,51,0,51,0,0,0,51
11/09/2008,BAK,IN,AGL,CE,Federal Contract Tower,0,0,3,0,3,0,0,24,0,24,0,0,27,0,27,30,0,30,57
11/10/2008,BAK,IN,AGL,CE,Federal Contract Tower,0,0,19,0,19,0,0,48,0,48,0,0,67,0,67,30,0,30,97
11/11/2008,BAK,IN,AGL,CE,Federal Contract Tower,0,4,15,0,19,0,0,15,0,15,0,4,30,0,34,16,0,16,50
11/12/2008,BAK,IN,AGL,CE,Federal Contract Tower,0,0,11,5,16,0,0,28,4,32,0,0,39,9,48,32,0,32,80
11/13/2008,BAK,IN,AGL,CE,Federal Contract Tower,0,2,13,2,17,0,0,24,4,28,0,2,37,6,45,0,0,0,45
11/14/2008,BAK,IN,AGL,CE,Federal Contract Tower,0,0,12,0,12,0,0,5,0,5,0,0,17,0,17,22,0,22,39
11/15/2008,BAK,IN,AGL,CE,Federal Contract Tower,0,0,6,0,6,0,0,57,1,58,0,0,63,1,64,18,0,18,82
11/16/2008,BAK,IN,AGL,CE,Federal Contract Tower,0,2,2,0,4,0,2,28,0,30,0,4,30,0,34,14,0,14,48
11/17/2008,BAK,IN,AGL,CE,Federal Contract Tower,0,0,15,0,15,0,0,42,0,42,0,0,57,0,57,0,0,0,57
11/18/2008,BAK,IN,AGL,CE,Federal Contract Tower,0,2,11,2,15,0,0,48,3,51,0,2,59,5,66,66,0,66,132
11/19/2008,BAK,IN,AGL,CE,Federal Contract Tower,0,0,18,4,22,0,0,62,2,64,0,0,80,6,86,24,0,24,110
11/20/2008,BAK,IN,AGL,CE,Federal Contract Tower,0,0,16,2,18,0,0,31,4,35,0,0,47,6,53,12,10,22,75
11/21/2008,BAK,IN,AGL,CE,Federal Contract Tower,0,0,12,0,12,0,0,65,2,67,0,0,77,2,79,12,6,18,97
11/22/2008,BAK,IN,AGL,CE,Federal Contract Tower,0,0,7,0,7,0,0,54,0,54,0,0,61,0,61,20,0,20,81
11/23/2008,BAK,IN,AGL,CE,Federal Contract Tower,0,0,2,4,6,0,0,100,2,102,0,0,102,6,108,82,0,82,190
11/24/2008,BAK,IN,AGL,CE,Federal Contract Tower,0,0,5,4,9,0,0,5,1,6,0,0,10,5,15,0,0,0,15
11/25/2008,BAK,IN,AGL,CE,Federal Contract Tower,0,0,9,2,11,0,0,46,4,50,0,0,55,6,61,8,0,8,69
11/26/2008,BAK,IN,AGL,CE,Federal Contract Tower,0,0,9,4,13,0,0,86,0,86,0,0,95,4,99,14,0,14,113
11/27/2008,BAK,IN,AGL,CE,Federal Contract Tower,0,0,2,0,2,0,0,18,0,18,0,0,20,0,20,4,0,4,24
11/28/2008,BAK,IN,AGL,CE,Federal Contract Tower,0,0,0,2,2,0,0,50,0,50,0,0,50,2,52,10,0,10,62
11/29/2008,BAK,IN,AGL,CE,Federal Contract Tower,0,0,2,0,2,0,0,123,0,123,0,0,125,0,125,42,0,42,167
11/30/2008,BAK,IN,AGL,CE,Federal Contract Tower,0,0,5,0,5,0,0,0,0,0,0,0,5,0,5,0,20,20,25
12/01/2008,BAK,IN,AGL,CE,Federal Contract Tower,0,0,8,0,8,0,0,0,0,0,0,0,8,0,8,0,0,0,8
12/02/2008,BAK,IN,AGL,CE,Federal Contract Tower,0,0,9,0,9,0,0,26,4,30,0,0,35,4,39,28,0,28,67
12/03/2008,BAK,IN,AGL,CE,Federal Contract Tower,0,0,17,0,17,0,0,74,0,74,0,0,91,0,91,10,0,10,101
12/04/2008,BAK,IN,AGL,CE,Federal Contract Tower,0,0,15,0,15,0,0,53,18,71,0,0,68,18,86,12,12,24,110
12/05/2008,BAK,IN,AGL,CE,Federal Contract Tower,0,0,11,5,16,0,0,31,0,31,0,0,42,5,47,26,8,34,81
12/06/2008,BAK,IN,AGL,CE,Federal Contract Tower,0,0,5,0,5,0,0,0,0,0,0,0,5,0,5,0,0,0,5
12/07/2008,BAK,IN,AGL,CE,Federal Contract Tower,0,0,5,0,5,0,0,24,6,30,0,0,29,6,35,28,0,28,63
12/08/2008,BAK,IN,AGL,CE,Federal Contract Tower,0,0,6,2,8,0,0,24,6,30,0,0,30,8,38,22,2,24,62
12/09/2008,BAK,IN,AGL,CE,Federal Contract Tower,0,0,10,0,10,0,0,21,0,21,0,0,31,0,31,0,0,0,31
12/10/2008,BAK,IN,AGL,CE,Federal Contract Tower,0,0,6,1,7,0,0,28,11,39,0,0,34,12,46,0,0,0,46
12/11/2008,BAK,IN,AGL,CE,Federal Contract Tower,0,1,20,0,21,0,0,35,8,43,0,1,55,8,64,2,0,2,66
12/12/2008,BAK,IN,AGL,CE,Federal Contract Tower,0,0,7,2,9,0,0,14,4,18,0,0,21,6,27,0,0,0,27
12/13/2008,BAK,IN,AGL,CE,Federal Contract Tower,0,1,5,0,6,0,0,38,4,42,0,1,43,4,48,20,0,20,68
12/14/2008,BAK,IN,AGL,CE,Federal Contract Tower,0,0,6,0,6,0,0,12,0,12,0,0,18,0,18,0,0,0,18
12/15/2008,BAK,IN,AGL,CE,Federal Contract Tower,0,0,5,0,5,0,0,10,0,10,0,0,15,0,15,0,0,0,15
12/16/2008,BAK,IN,AGL,CE,Federal Contract Tower,0,0,12,0,12,0,0,19,4,23,0,0,31,4,35,4,6,10,45
12/17/2008,BAK,IN,AGL,CE,Federal Contract Tower,0,0,0,2,2,0,0,4,0,4,0,0,4,2,6,0,0,0,6
12/18/2008,BAK,IN,AGL,CE,Federal Contract Tower,0,0,9,0,9,0,0,2,4,6,0,0,11,4,15,0,0,0,15
12/19/2008,BAK,IN,AGL,CE,Federal Contract Tower,0,2,6,4,12,0,0,0,2,2,0,2,6,6,14,0,0,0,14
12/20/2008,BAK,IN,AGL,CE,Federal Contract Tower,0,0,4,0,4,0,0,2,0,2,0,0,6,0,6,0,0,0,6
12/21/2008,BAK,IN,AGL,CE,Federal Contract Tower,0,0,1,0,1,0,0,9,6,15,0,0,10,6,16,0,0,0,16
12/22/2008,BAK,IN,AGL,CE,Federal Contract Tower,0,0,1,0,1,0,0,27,6,33,0,0,28,6,34,18,6,24,58
12/23/2008,BAK,IN,AGL,CE,Federal Contract Tower,0,0,0,0,0,0,0,0,0,0,0,0,0,0,0,0,0,0,0
12/24/2008,BAK,IN,AGL,CE,Federal Contract Tower,0,0,0,0,0,0,0,4,0,4,0,0,4,0,4,0,0,0,4
12/25/2008,BAK,IN,AGL,CE,Federal Contract Tower,0,0,0,0,0,0,0,22,0,22,0,0,22,0,22,10,0,10,32
12/26/2008,BAK,IN,AGL,CE,Federal Contract Tower,0,0,0,0,0,0,0,0,0,0,0,0,0,0,0,0,0,0,0
12/27/2008,BAK,IN,AGL,CE,Federal Contract Tower,0,2,3,0,5,0,2,24,0,26,0,4,27,0,31,8,0,8,39
12/28/2008,BAK,IN,AGL,CE,Federal Contract Tower,0,2,3,0,5,0,2,70,4,76,0,4,73,4,81,44,10,54,135
12/29/2008,BAK,IN,AGL,CE,Federal Contract Tower,0,0,13,0,13,0,0,132,0,132,0,0,145,0,145,106,0,106,251
12/30/2008,BAK,IN,AGL,CE,Federal Contract Tower,0,2,7,0,9,0,0,147,2,149,0,2,154,2,158,72,0,72,230
12/31/2008,BAK,IN,AGL,CE,Federal Contract Tower,0,0,3,0,3,0,0,20,18,38,0,0,23,18,41,20,0,20,61
01/01/2009,BAK,IN,AGL,CE,Federal Contract Tower,0,0,5,0,5,0,0,22,0,22,0,0,27,0,27,18,0,18,45
01/02/2009,BAK,IN,AGL,CE,Federal Contract Tower,0,2,2,0,4,0,0,58,0,58,0,2,60,0,62,46,0,46,108
01/03/2009,BAK,IN,AGL,CE,Federal Contract Tower,0,0,2,0,2,0,0,41,0,41,0,0,43,0,43,38,0,38,81
01/04/2009,BAK,IN,AGL,CE,Federal Contract Tower,0,0,3,0,3,0,0,0,0,0,0,0,3,0,3,0,0,0,3
01/05/2009,BAK,IN,AGL,CE,Federal Contract Tower,0,0,14,0,14,0,0,59,15,74,0,0,73,15,88,64,0,64,152
01/06/2009,BAK,IN,AGL,CE,Federal Contract Tower,0,0,0,0,0,0,0,0,0,0,0,0,0,0,0,0,0,0,0
01/07/2009,BAK,IN,AGL,CE,Federal Contract Tower,0,0,9,1,10,0,0,2,0,2,0,0,11,1,12,0,6,6,18
01/08/2009,BAK,IN,AGL,CE,Federal Contract Tower,8,0,10,0,18,0,0,31,2,33,8,0,41,2,51,8,0,8,59
01/09/2009,BAK,IN,AGL,CE,Federal Contract Tower,0,0,9,0,9,0,0,59,16,75,0,0,68,16,84,46,12,58,142
01/10/2009,BAK,IN,AGL,CE,Federal Contract Tower,0,0,4,0,4,0,0,0,0,0,0,0,4,0,4,0,0,0,4
01/11/2009,BAK,IN,AGL,CE,Federal Contract Tower,0,0,8,2,10,0,0,71,10,81,0,0,79,12,91,64,0,64,155
01/12/2009,BAK,IN,AGL,CE,Federal Contract Tower,0,0,14,0,14,0,0,29,0,29,0,0,43,0,43,8,0,8,51
01/13/2009,BAK,IN,AGL,CE,Federal Contract Tower,0,0,8,5,13,0,0,6,0,6,0,0,14,5,19,0,0,0,19
01/14/2009,BAK,IN,AGL,CE,Federal Contract Tower,0,0,11,1,12,0,0,15,1,16,0,0,26,2,28,4,0,4,32
01/15/2009,BAK,IN,AGL,CE,Federal Contract Tower,0,0,14,0,14,0,0,29,4,33,0,0,43,4,47,14,8,22,69
01/16/2009,BAK,IN,AGL,CE,Federal Contract Tower,0,2,13,2,17,0,0,0,0,0,0,2,13,2,17,0,0,0,17
01/17/2009,BAK,IN,AGL,CE,Federal Contract Tower,0,0,1,0,1,0,0,16,0,16,0,0,17,0,17,0,0,0,17
01/18/2009,BAK,IN,AGL,CE,Federal Contract Tower,0,0,1,0,1,0,0,20,6,26,0,0,21,6,27,10,0,10,37
01/19/2009,BAK,IN,AGL,CE,Federal Contract Tower,0,0,7,0,7,0,0,42,0,42,0,0,49,0,49,64,0,64,113
01/20/2009,BAK,IN,AGL,CE,Federal Contract Tower,0,1,16,2,19,0,0,14,0,14,0,1,30,2,33,12,0,12,45
01/21/2009,BAK,IN,AGL,CE,Federal Contract Tower,0,0,9,2,11,0,0,56,8,64,0,0,65,10,75,0,20,20,95
01/22/2009,BAK,IN,AGL,CE,Federal Contract Tower,0,0,19,0,19,0,0,87,0,87,0,0,106,0,106,76,0,76,182
01/23/2009,BAK,IN,AGL,CE,Federal Contract Tower,0,0,4,1,5,0,0,44,0,44,0,0,48,1,49,6,0,6,55
01/24/2009,BAK,IN,AGL,CE,Federal Contract Tower,0,2,10,1,13,0,0,58,7,65,0,2,68,8,78,8,17,25,103
01/25/2009,BAK,IN,AGL,CE,Federal Contract Tower,0,0,4,0,4,0,0,28,0,28,0,0,32,0,32,0,0,0,32
01/26/2009,BAK,IN,AGL,CE,Federal Contract Tower,0,2,12,0,14,0,2,35,16,53,0,4,47,16,67,0,0,0,67
01/27/2009,BAK,IN,AGL,CE,Federal Contract Tower,0,0,1,0,1,0,0,2,0,2,0,0,3,0,3,0,0,0,3
01/28/2009,BAK,IN,AGL,CE,Federal Contract Tower,0,0,2,0,2,0,0,8,4,12,0,0,10,4,14,0,26,26,40
01/29/2009,BAK,IN,AGL,CE,Federal Contract Tower,0,2,8,2,12,0,0,14,0,14,0,2,22,2,26,0,0,0,26
01/30/2009,BAK,IN,AGL,CE,Federal Contract Tower,0,0,7,0,7,0,0,18,0,18,0,0,25,0,25,14,0,14,39
01/31/2009,BAK,IN,AGL,CE,Federal Contract Tower,0,2,0,0,2,0,0,28,0,28,0,2,28,0,30,6,0,6,36
02/01/2009,BAK,IN,AGL,CE,Federal Contract Tower,0,0,0,0,0,0,0,63,38,101,0,0,63,38,101,48,14,62,163
02/02/2009,BAK,IN,AGL,CE,Federal Contract Tower,0,0,11,4,15,0,0,33,12,45,0,0,44,16,60,8,8,16,76
02/03/2009,BAK,IN,AGL,CE,Federal Contract Tower,0,0,5,2,7,0,0,0,0,0,0,0,5,2,7,0,0,0,7
02/04/2009,BAK,IN,AGL,CE,Federal Contract Tower,0,0,18,0,18,0,0,8,0,8,0,0,26,0,26,0,0,0,26
02/05/2009,BAK,IN,AGL,CE,Federal Contract Tower,0,0,12,0,12,0,0,42,0,42,0,0,54,0,54,14,0,14,68
02/06/2009,BAK,IN,AGL,CE,Federal Contract Tower,0,0,11,3,14,0,0,50,3,53,0,0,61,6,67,20,8,28,95
02/07/2009,BAK,IN,AGL,CE,Federal Contract Tower,0,0,5,0,5,0,0,24,0,24,0,0,29,0,29,0,0,0,29
02/08/2009,BAK,IN,AGL,CE,Federal Contract Tower,0,0,10,0,10,0,0,139,0,139,0,0,149,0,149,80,0,80,229
02/09/2009,BAK,IN,AGL,CE,Federal Contract Tower,0,2,16,2,20,0,0,29,2,31,0,2,45,4,51,6,0,6,57
02/10/2009,BAK,IN,AGL,CE,Federal Contract Tower,0,0,8,12,20,0,0,17,7,24,0,0,25,19,44,0,10,10,54
02/11/2009,BAK,IN,AGL,CE,Federal Contract Tower,0,0,11,0,11,0,0,0,0,0,0,0,11,0,11,0,0,0,11
02/12/2009,BAK,IN,AGL,CE,Federal Contract Tower,0,0,13,0,13,0,0,10,8,18,0,0,23,8,31,0,68,68,99
02/13/2009,BAK,IN,AGL,CE,Federal Contract Tower,0,0,10,0,10,0,0,81,4,85,0,0,91,4,95,34,8,42,137
02/14/2009,BAK,IN,AGL,CE,Federal Contract Tower,0,0,4,0,4,0,0,17,0,17,0,0,21,0,21,4,0,4,25
02/15/2009,BAK,IN,AGL,CE,Federal Contract Tower,0,0,2,0,2,0,0,55,0,55,0,0,57,0,57,34,0,34,91
02/16/2009,BAK,IN,AGL,CE,Federal Contract Tower,0,0,16,0,16,0,0,78,0,78,0,0,94,0,94,40,0,40,134
02/17/2009,BAK,IN,AGL,CE,Federal Contract Tower,0,0,8,0,8,0,42,14,0,56,0,42,22,0,64,40,0,40,104
02/18/2009,BAK,IN,AGL,CE,Federal Contract Tower,0,0,11,0,11,0,0,4,0,4,0,0,15,0,15,0,0,0,15
02/19/2009,BAK,IN,AGL,CE,Federal Contract Tower,0,0,14,0,14,0,0,49,12,61,0,0,63,12,75,26,20,46,121
02/20/2009,BAK,IN,AGL,CE,Federal Contract Tower,0,0,8,0,8,0,0,40,18,58,0,0,48,18,66,18,16,34,100
02/21/2009,BAK,IN,AGL,CE,Federal Contract Tower,0,0,1,0,1,0,0,0,0,0,0,0,1,0,1,0,0,0,1
02/22/2009,BAK,IN,AGL,CE,Federal Contract Tower,0,0,6,0,6,0,0,9,0,9,0,0,15,0,15,0,0,0,15
02/23/2009,BAK,IN,AGL,CE,Federal Contract Tower,0,2,16,2,20,0,0,40,4,44,0,2,56,6,64,22,26,48,112
02/24/2009,BAK,IN,AGL,CE,Federal Contract Tower,0,0,10,2,12,0,0,56,0,56,0,0,66,2,68,22,0,22,90
02/25/2009,BAK,IN,AGL,CE,Federal Contract Tower,0,0,13,0,13,0,0,59,0,59,0,0,72,0,72,44,0,44,116
02/26/2009,BAK,IN,AGL,CE,Federal Contract Tower,0,0,8,0,8,0,0,16,0,16,0,0,24,0,24,18,0,18,42
02/27/2009,BAK,IN,AGL,CE,Federal Contract Tower,0,0,19,18,37,0,0,45,12,57,0,0,64,30,94,4,0,4,98
02/28/2009,BAK,IN,AGL,CE,Federal Contract Tower,0,0,11,0,11,0,0,29,0,29,0,0,40,0,40,0,0,0,40
03/01/2009,BAK,IN,AGL,CE,Federal Contract Tower,0,0,2,0,2,0,0,38,0,38,0,0,40,0,40,46,0,46,86
03/02/2009,BAK,IN,AGL,CE,Federal Contract Tower,0,2,11,0,13,0,0,40,4,44,0,2,51,4,57,46,0,46,103
03/03/2009,BAK,IN,AGL,CE,Federal Contract Tower,0,0,6,0,6,0,0,89,2,91,0,0,95,2,97,60,0,60,157
03/04/2009,BAK,IN,AGL,CE,Federal Contract Tower,0,0,9,6,15,0,0,121,0,121,0,0,130,6,136,62,12,74,210
03/05/2009,BAK,IN,AGL,CE,Federal Contract Tower,0,0,7,0,7,0,0,22,0,22,0,0,29,0,29,10,0,10,39
03/06/2009,BAK,IN,AGL,CE,Federal Contract Tower,0,0,8,0,8,0,0,20,10,30,0,0,28,10,38,18,0,18,56
03/07/2009,BAK,IN,AGL,CE,Federal Contract Tower,0,0,6,0,6,0,0,20,0,20,0,0,26,0,26,10,0,10,36
03/08/2009,BAK,IN,AGL,CE,Federal Contract Tower,0,0,2,0,2,0,0,12,0,12,0,0,14,0,14,0,0,0,14
03/09/2009,BAK,IN,AGL,CE,Federal Contract Tower,0,2,9,4,15,0,0,73,16,89,0,2,82,20,104,48,34,82,186
03/10/2009,BAK,IN,AGL,CE,Federal Contract Tower,0,0,3,4,7,0,0,26,12,38,0,0,29,16,45,48,18,66,111
03/11/2009,BAK,IN,AGL,CE,Federal Contract Tower,0,1,5,2,8,0,0,32,4,36,0,1,37,6,44,0,4,4,48
03/12/2009,BAK,IN,AGL,CE,Federal Contract Tower,0,0,17,0,17,0,0,64,0,64,0,0,81,0,81,4,0,4,85
03/13/2009,BAK,IN,AGL,CE,Federal Contract Tower,0,0,6,1,7,0,0,58,10,68,0,0,64,11,75,14,0,14,89
03/14/2009,BAK,IN,AGL,CE,Federal Contract Tower,0,0,4,0,4,0,0,44,6,50,0,0,48,6,54,22,0,22,76
03/15/2009,BAK,IN,AGL,CE,Federal Contract Tower,0,0,6,1,7,0,0,91,2,93,0,0,97,3,100,64,0,64,164
03/16/2009,BAK,IN,AGL,CE,Federal Contract Tower,0,0,11,0,11,0,0,70,0,70,0,0,81,0,81,16,0,16,97
03/17/2009,BAK,IN,AGL,CE,Federal Contract Tower,0,0,10,0,10,0,0,93,1,94,0,0,103,1,104,54,0,54,158
03/18/2009,BAK,IN,AGL,CE,Federal Contract Tower,0,0,10,2,12,0,0,46,0,46,0,0,56,2,58,28,0,28,86
03/19/2009,BAK,IN,AGL,CE,Federal Contract Tower,0,0,14,0,14,0,0,52,0,52,0,0,66,0,66,44,0,44,110
03/20/2009,BAK,IN,AGL,CE,Federal Contract Tower,0,0,7,0,7,0,0,52,4,56,0,0,59,4,63,46,0,46,109
03/21/2009,BAK,IN,AGL,CE,Federal Contract Tower,0,0,3,0,3,0,0,53,0,53,0,0,56,0,56,20,0,20,76
03/22/2009,BAK,IN,AGL,CE,Federal Contract Tower,0,0,3,1,4,0,0,106,9,115,0,0,109,10,119,74,0,74,193
03/23/2009,BAK,IN,AGL,CE,Federal Contract Tower,0,0,10,2,12,0,0,59,2,61,0,0,69,4,73,0,0,0,73
03/24/2009,BAK,IN,AGL,CE,Federal Contract Tower,0,0,15,1,16,0,0,36,2,38,0,0,51,3,54,18,0,18,72
03/25/2009,BAK,IN,AGL,CE,Federal Contract Tower,0,0,4,0,4,0,0,36,2,38,0,0,40,2,42,6,0,6,48
03/26/2009,BAK,IN,AGL,CE,Federal Contract Tower,0,0,13,1,14,0,0,36,6,42,0,0,49,7,56,20,0,20,76
03/27/2009,BAK,IN,AGL,CE,Federal Contract Tower,0,0,12,0,12,0,0,71,4,75,0,0,83,4,87,12,0,12,99
03/28/2009,BAK,IN,AGL,CE,Federal Contract Tower,0,0,6,2,8,0,0,18,6,24,0,0,24,8,32,0,0,0,32
03/29/2009,BAK,IN,AGL,CE,Federal Contract Tower,0,0,1,2,3,0,0,2,0,2,0,0,3,2,5,0,0,0,5
03/30/2009,BAK,IN,AGL,CE,Federal Contract Tower,0,0,11,0,11,0,0,65,0,65,0,0,76,0,76,66,0,66,142
03/31/2009,BAK,IN,AGL,CE,Federal Contract Tower,0,0,4,2,6,0,0,4,0,4,0,0,8,2,10,6,0,6,16
04/01/2009,BAK,IN,AGL,CE,Federal Contract Tower,0,0,7,1,8,0,0,56,0,56,0,0,63,1,64,18,0,18,82
04/02/2009,BAK,IN,AGL,CE,Federal Contract Tower,0,0,14,1,15,0,0,51,4,55,0,0,65,5,70,0,0,0,70
04/03/2009,BAK,IN,AGL,CE,Federal Contract Tower,0,0,14,4,18,0,0,37,24,61,0,0,51,28,79,18,0,18,97
04/04/2009,BAK,IN,AGL,CE,Federal Contract Tower,0,0,6,0,6,0,0,129,0,129,0,0,135,0,135,14,0,14,149
04/05/2009,BAK,IN,AGL,CE,Federal Contract Tower,0,0,2,0,2,0,0,41,0,41,0,0,43,0,43,0,0,0,43
04/06/2009,BAK,IN,AGL,CE,Federal Contract Tower,0,0,9,2,11,0,0,2,0,2,0,0,11,2,13,0,0,0,13
04/07/2009,BAK,IN,AGL,CE,Federal Contract Tower,0,0,6,0,6,0,0,20,0,20,0,0,26,0,26,0,0,0,26
04/08/2009,BAK,IN,AGL,CE,Federal Contract Tower,0,0,11,0,11,0,0,52,0,52,0,0,63,0,63,0,0,0,63
04/09/2009,BAK,IN,AGL,CE,Federal Contract Tower,0,0,12,2,14,0,0,63,0,63,0,0,75,2,77,44,0,44,121
04/10/2009,BAK,IN,AGL,CE,Federal Contract Tower,0,0,2,0,2,0,0,15,0,15,0,0,17,0,17,0,0,0,17
04/11/2009,BAK,IN,AGL,CE,Federal Contract Tower,0,0,1,0,1,0,0,48,0,48,0,0,49,0,49,0,0,0,49
04/12/2009,BAK,IN,AGL,CE,Federal Contract Tower,0,0,6,0,6,0,0,42,0,42,0,0,48,0,48,34,0,34,82
04/13/2009,BAK,IN,AGL,CE,Federal Contract Tower,0,0,13,0,13,0,0,2,0,2,0,0,15,0,15,0,0,0,15
04/14/2009,BAK,IN,AGL,CE,Federal Contract Tower,0,0,17,4,21,0,0,4,0,4,0,0,21,4,25,0,0,0,25
04/15/2009,BAK,IN,AGL,CE,Federal Contract Tower,0,0,16,1,17,0,0,23,0,23,0,0,39,1,40,4,2,6,46
04/16/2009,BAK,IN,AGL,CE,Federal Contract Tower,0,0,14,4,18,0,0,65,0,65,0,0,79,4,83,16,0,16,99
04/17/2009,BAK,IN,AGL,CE,Federal Contract Tower,0,0,11,0,11,0,0,117,0,117,0,0,128,0,128,74,0,74,202
04/18/2009,BAK,IN,AGL,CE,Federal Contract Tower,0,0,5,0,5,0,0,113,2,115,0,0,118,2,120,32,0,32,152
04/19/2009,BAK,IN,AGL,CE,Federal Contract Tower,0,0,2,0,2,0,0,4,0,4,0,0,6,0,6,0,0,0,6
04/20/2009,BAK,IN,AGL,CE,Federal Contract Tower,0,0,9,0,9,0,0,31,0,31,0,0,40,0,40,0,0,0,40
04/21/2009,BAK,IN,AGL,CE,Federal Contract Tower,0,0,14,2,16,0,0,14,8,22,0,0,28,10,38,26,20,46,84
04/22/2009,BAK,IN,AGL,CE,Federal Contract Tower,0,0,6,0,6,0,0,48,0,48,0,0,54,0,54,22,0,22,76
04/23/2009,BAK,IN,AGL,CE,Federal Contract Tower,0,0,22,3,25,0,0,94,0,94,0,0,116,3,119,50,0,50,169
04/24/2009,BAK,IN,AGL,CE,Federal Contract Tower,0,0,10,0,10,0,0,34,4,38,0,0,44,4,48,0,0,0,48
04/25/2009,BAK,IN,AGL,CE,Federal Contract Tower,0,0,1,0,1,0,0,50,0,50,0,0,51,0,51,28,0,28,79
04/26/2009,BAK,IN,AGL,CE,Federal Contract Tower,0,0,4,0,4,0,0,67,2,69,0,0,71,2,73,0,0,0,73
04/27/2009,BAK,IN,AGL,CE,Federal Contract Tower,0,0,7,0,7,0,0,12,4,16,0,0,19,4,23,18,0,18,41
04/28/2009,BAK,IN,AGL,CE,Federal Contract Tower,0,0,6,0,6,0,0,18,2,20,0,0,24,2,26,10,0,10,36
04/29/2009,BAK,IN,AGL,CE,Federal Contract Tower,0,0,13,0,13,0,0,36,0,36,0,0,49,0,49,0,0,0,49
04/30/2009,BAK,IN,AGL,CE,Federal Contract Tower,0,0,4,0,4,0,0,6,4,10,0,0,10,4,14,0,0,0,14
05/01/2009,BAK,IN,AGL,CE,Federal Contract Tower,0,0,4,2,6,0,0,6,0,6,0,0,10,2,12,180,0,180,192
05/02/2009,BAK,IN,AGL,CE,Federal Contract Tower,0,0,12,0,12,0,0,19,0,19,0,0,31,0,31,4,0,4,35
05/03/2009,BAK,IN,AGL,CE,Federal Contract Tower,0,0,4,0,4,0,0,42,0,42,0,0,46,0,46,8,0,8,54
05/04/2009,BAK,IN,AGL,CE,Federal Contract Tower,0,0,19,0,19,0,0,41,0,41,0,0,60,0,60,56,0,56,116
05/05/2009,BAK,IN,AGL,CE,Federal Contract Tower,0,0,16,0,16,0,0,78,0,78,0,0,94,0,94,74,0,74,168
05/06/2009,BAK,IN,AGL,CE,Federal Contract Tower,0,2,11,0,13,0,0,6,0,6,0,2,17,0,19,0,0,0,19
05/07/2009,BAK,IN,AGL,CE,Federal Contract Tower,0,0,13,0,13,0,0,20,8,28,0,0,33,8,41,6,0,6,47
05/08/2009,BAK,IN,AGL,CE,Federal Contract Tower,0,0,11,0,11,0,0,19,0,19,0,0,30,0,30,16,0,16,46
05/09/2009,BAK,IN,AGL,CE,Federal Contract Tower,0,0,5,0,5,0,0,35,0,35,0,0,40,0,40,18,0,18,58
05/10/2009,BAK,IN,AGL,CE,Federal Contract Tower,0,0,2,0,2,0,0,72,0,72,0,0,74,0,74,40,0,40,114
05/11/2009,BAK,IN,AGL,CE,Federal Contract Tower,0,0,18,2,20,0,0,68,6,74,0,0,86,8,94,28,0,28,122
05/12/2009,BAK,IN,AGL,CE,Federal Contract Tower,0,0,14,0,14,0,0,80,0,80,0,0,94,0,94,28,0,28,122
05/13/2009,BAK,IN,AGL,CE,Federal Contract Tower,0,0,10,0,10,0,0,5,4,9,0,0,15,4,19,0,0,0,19
05/14/2009,BAK,IN,AGL,CE,Federal Contract Tower,0,0,14,2,16,0,0,51,2,53,0,0,65,4,69,24,0,24,93
05/15/2009,BAK,IN,AGL,CE,Federal Contract Tower,0,0,9,1,10,0,0,63,5,68,0,0,72,6,78,52,4,56,134
05/16/2009,BAK,IN,AGL,CE,Federal Contract Tower,0,0,5,0,5,0,0,20,0,20,0,0,25,0,25,6,0,6,31
05/17/2009,BAK,IN,AGL,CE,Federal Contract Tower,0,0,5,0,5,0,0,111,0,111,0,0,116,0,116,34,0,34,150
05/18/2009,BAK,IN,AGL,CE,Federal Contract Tower,0,2,13,5,20,0,0,76,0,76,0,2,89,5,96,16,0,16,112
05/19/2009,BAK,IN,AGL,CE,Federal Contract Tower,0,0,18,0,18,0,0,84,0,84,0,0,102,0,102,68,0,68,170
05/20/2009,BAK,IN,AGL,CE,Federal Contract Tower,0,0,8,0,8,0,0,126,2,128,0,0,134,2,136,94,0,94,230
05/21/2009,BAK,IN,AGL,CE,Federal Contract Tower,0,0,10,0,10,0,0,73,0,73,0,0,83,0,83,56,0,56,139
05/22/2009,BAK,IN,AGL,CE,Federal Contract Tower,0,0,7,2,9,0,0,73,0,73,0,0,80,2,82,56,16,72,154
05/23/2009,BAK,IN,AGL,CE,Federal Contract Tower,0,0,8,0,8,0,0,143,0,143,0,0,151,0,151,34,0,34,185
05/24/2009,BAK,IN,AGL,CE,Federal Contract Tower,0,0,1,0,1,0,0,50,0,50,0,0,51,0,51,0,0,0,51
05/25/2009,BAK,IN,AGL,CE,Federal Contract Tower,0,0,5,0,5,0,0,4,0,4,0,0,9,0,9,0,0,0,9
05/26/2009,BAK,IN,AGL,CE,Federal Contract Tower,0,0,16,0,16,0,0,62,2,64,0,0,78,2,80,30,0,30,110
05/27/2009,BAK,IN,AGL,CE,Federal Contract Tower,0,0,8,0,8,0,0,33,4,37,0,0,41,4,45,30,8,38,83
05/28/2009,BAK,IN,AGL,CE,Federal Contract Tower,0,0,21,3,24,0,0,24,0,24,0,0,45,3,48,0,0,0,48
05/29/2009,BAK,IN,AGL,CE,Federal Contract Tower,0,0,5,2,7,0,0,54,0,54,0,0,59,2,61,30,0,30,91
05/30/2009,BAK,IN,AGL,CE,Federal Contract Tower,0,0,10,0,10,0,0,60,0,60,0,0,70,0,70,20,0,20,90
05/31/2009,BAK,IN,AGL,CE,Federal Contract Tower,0,0,5,1,6,0,0,72,0,72,0,0,77,1,78,30,0,30,108
06/01/2009,BAK,IN,AGL,CE,Federal Contract Tower,0,0,16,7,23,0,0,62,12,74,0,0,78,19,97,28,0,28,125
06/02/2009,BAK,IN,AGL,CE,Federal Contract Tower,0,0,9,0,9,0,0,46,0,46,0,0,55,0,55,34,0,34,89
06/03/2009,BAK,IN,AGL,CE,Federal Contract Tower,0,0,0,0,0,0,0,3,0,3,0,0,3,0,3,0,0,0,3
06/04/2009,BAK,IN,AGL,CE,Federal Contract Tower,0,0,18,4,22,0,0,77,0,77,0,0,95,4,99,30,0,30,129
06/05/2009,BAK,IN,AGL,CE,Federal Contract Tower,0,2,10,3,15,0,0,58,0,58,0,2,68,3,73,36,0,36,109
06/06/2009,BAK,IN,AGL,CE,Federal Contract Tower,0,0,2,3,5,0,0,116,2,118,0,0,118,5,123,20,0,20,143
06/07/2009,BAK,IN,AGL,CE,Federal Contract Tower,0,0,2,0,2,0,0,108,0,108,0,0,110,0,110,56,0,56,166
06/08/2009,BAK,IN,AGL,CE,Federal Contract Tower,0,2,11,0,13,0,0,40,4,44,0,2,51,4,57,58,0,58,115
06/09/2009,BAK,IN,AGL,CE,Federal Contract Tower,0,2,15,0,17,0,0,68,2,70,0,2,83,2,87,80,0,80,167
06/10/2009,BAK,IN,AGL,CE,Federal Contract Tower,0,0,9,1,10,0,0,17,0,17,0,0,26,1,27,0,0,0,27
06/11/2009,BAK,IN,AGL,CE,Federal Contract Tower,0,0,9,0,9,0,0,6,0,6,0,0,15,0,15,0,0,0,15
06/12/2009,BAK,IN,AGL,CE,Federal Contract Tower,0,0,11,0,11,0,0,36,0,36,0,0,47,0,47,20,0,20,67
06/13/2009,BAK,IN,AGL,CE,Federal Contract Tower,0,0,2,0,2,0,0,34,0,34,0,0,36,0,36,0,0,0,36
06/14/2009,BAK,IN,AGL,CE,Federal Contract Tower,0,0,7,0,7,0,0,129,0,129,0,0,136,0,136,74,0,74,210
06/15/2009,BAK,IN,AGL,CE,Federal Contract Tower,0,0,11,2,13,0,0,69,3,72,0,0,80,5,85,30,2,32,117
06/16/2009,BAK,IN,AGL,CE,Federal Contract Tower,0,0,18,0,18,0,0,22,0,22,0,0,40,0,40,12,0,12,52
06/17/2009,BAK,IN,AGL,CE,Federal Contract Tower,0,0,20,0,20,0,0,54,0,54,0,0,74,0,74,64,0,64,138
06/18/2009,BAK,IN,AGL,CE,Federal Contract Tower,0,0,12,1,13,0,0,0,0,0,0,0,12,1,13,10,0,10,23
06/19/2009,BAK,IN,AGL,CE,Federal Contract Tower,0,0,12,0,12,0,0,81,0,81,0,0,93,0,93,86,0,86,179
06/20/2009,BAK,IN,AGL,CE,Federal Contract Tower,0,0,3,0,3,0,0,45,0,45,0,0,48,0,48,24,0,24,72
06/21/2009,BAK,IN,AGL,CE,Federal Contract Tower,0,0,5,0,5,0,0,93,0,93,0,0,98,0,98,26,0,26,124
06/22/2009,BAK,IN,AGL,CE,Federal Contract Tower,0,0,8,0,8,0,0,30,4,34,0,0,38,4,42,0,16,16,58
06/23/2009,BAK,IN,AGL,CE,Federal Contract Tower,0,1,13,0,14,0,0,70,2,72,0,1,83,2,86,40,0,40,126
06/24/2009,BAK,IN,AGL,CE,Federal Contract Tower,0,0,11,0,11,0,0,100,2,102,0,0,111,2,113,136,0,136,249
06/25/2009,BAK,IN,AGL,CE,Federal Contract Tower,0,0,10,0,10,0,0,82,38,120,0,0,92,38,130,26,0,26,156
06/26/2009,BAK,IN,AGL,CE,Federal Contract Tower,0,0,18,0,18,0,0,156,8,164,0,0,174,8,182,76,0,76,258
06/27/2009,BAK,IN,AGL,CE,Federal Contract Tower,0,0,13,0,13,0,0,159,0,159,0,0,172,0,172,26,0,26,198
06/28/2009,BAK,IN,AGL,CE,Federal Contract Tower,0,0,4,0,4,0,0,109,0,109,0,0,113,0,113,34,0,34,147
06/29/2009,BAK,IN,AGL,CE,Federal Contract Tower,0,0,18,0,18,0,0,118,0,118,0,0,136,0,136,50,0,50,186
06/30/2009,BAK,IN,AGL,CE,Federal Contract Tower,0,1,8,0,9,0,0,154,12,166,0,1,162,12,175,54,62,116,291
07/01/2009,BAK,IN,AGL,CE,Federal Contract Tower,0,5,18,0,23,0,0,83,0,83,0,5,101,0,106,28,0,28,134
07/02/2009,BAK,IN,AGL,CE,Federal Contract Tower,0,0,12,2,14,0,0,181,2,183,0,0,193,4,197,76,0,76,273
07/03/2009,BAK,IN,AGL,CE,Federal Contract Tower,0,0,8,0,8,0,0,243,0,243,0,0,251,0,251,102,0,102,353
07/04/2009,BAK,IN,AGL,CE,Federal Contract Tower,0,0,7,0,7,0,0,31,0,31,0,0,38,0,38,0,0,0,38
07/05/2009,BAK,IN,AGL,CE,Federal Contract Tower,0,0,13,0,13,0,0,60,0,60,0,0,73,0,73,8,0,8,81
07/06/2009,BAK,IN,AGL,CE,Federal Contract Tower,0,0,4,2,6,0,0,154,0,154,0,0,158,2,160,50,0,50,210
07/07/2009,BAK,IN,AGL,CE,Federal Contract Tower,0,0,14,0,14,0,0,146,8,154,0,0,160,8,168,78,0,78,246
07/08/2009,BAK,IN,AGL,CE,Federal Contract Tower,0,0,7,0,7,0,0,187,0,187,0,0,194,0,194,82,0,82,276
07/09/2009,BAK,IN,AGL,CE,Federal Contract Tower,0,0,35,1,36,0,0,205,56,261,0,0,240,57,297,6,4,10,307
07/10/2009,BAK,IN,AGL,CE,Federal Contract Tower,0,0,6,0,6,0,0,131,2,133,0,0,137,2,139,48,2,50,189
07/11/2009,BAK,IN,AGL,CE,Federal Contract Tower,0,0,12,0,12,0,0,52,0,52,0,0,64,0,64,50,0,50,114
07/12/2009,BAK,IN,AGL,CE,Federal Contract Tower,0,0,15,0,15,0,0,98,0,98,0,0,113,0,113,44,0,44,157
07/13/2009,BAK,IN,AGL,CE,Federal Contract Tower,0,0,15,0,15,0,0,64,6,70,0,0,79,6,85,36,0,36,121
07/14/2009,BAK,IN,AGL,CE,Federal Contract Tower,0,0,15,0,15,0,0,105,0,105,0,0,120,0,120,50,0,50,170
07/15/2009,BAK,IN,AGL,CE,Federal Contract Tower,0,0,12,0,12,0,0,36,0,36,0,0,48,0,48,22,0,22,70
07/16/2009,BAK,IN,AGL,CE,Federal Contract Tower,0,0,12,2,14,0,0,109,12,121,0,0,121,14,135,28,22,50,185
07/17/2009,BAK,IN,AGL,CE,Federal Contract Tower,0,0,12,0,12,0,0,32,0,32,0,0,44,0,44,34,0,34,78
07/18/2009,BAK,IN,AGL,CE,Federal Contract Tower,0,1,3,0,4,0,0,82,0,82,0,1,85,0,86,66,0,66,152
07/19/2009,BAK,IN,AGL,CE,Federal Contract Tower,0,1,6,0,7,0,0,82,0,82,0,1,88,0,89,0,0,0,89
07/20/2009,BAK,IN,AGL,CE,Federal Contract Tower,0,0,12,0,12,0,0,108,10,118,0,0,120,10,130,52,0,52,182
07/21/2009,BAK,IN,AGL,CE,Federal Contract Tower,0,0,10,0,10,0,0,69,2,71,0,0,79,2,81,10,0,10,91
07/22/2009,BAK,IN,AGL,CE,Federal Contract Tower,0,0,19,14,33,0,0,0,2,2,0,0,19,16,35,0,6,6,41
07/23/2009,BAK,IN,AGL,CE,Federal Contract Tower,0,2,23,0,25,0,0,60,0,60,0,2,83,0,85,24,10,34,119
07/24/2009,BAK,IN,AGL,CE,Federal Contract Tower,0,0,15,0,15,0,0,90,0,90,0,0,105,0,105,42,0,42,147
07/25/2009,BAK,IN,AGL,CE,Federal Contract Tower,0,0,1,0,1,0,0,17,0,17,0,0,18,0,18,0,0,0,18
07/26/2009,BAK,IN,AGL,CE,Federal Contract Tower,0,0,13,0,13,0,0,115,0,115,0,0,128,0,128,34,0,34,162
07/27/2009,BAK,IN,AGL,CE,Federal Contract Tower,0,0,10,0,10,0,0,107,0,107,0,0,117,0,117,70,0,70,187
07/28/2009,BAK,IN,AGL,CE,Federal Contract Tower,0,0,12,5,17,0,0,66,6,72,0,0,78,11,89,24,38,62,151
07/29/2009,BAK,IN,AGL,CE,Federal Contract Tower,0,0,10,0,10,0,0,14,0,14,0,0,24,0,24,0,0,0,24
07/30/2009,BAK,IN,AGL,CE,Federal Contract Tower,0,0,14,0,14,0,0,39,0,39,0,0,53,0,53,28,0,28,81
07/31/2009,BAK,IN,AGL,CE,Federal Contract Tower,0,1,21,1,23,0,0,132,8,140,0,1,153,9,163,24,0,24,187
08/01/2009,BAK,IN,AGL,CE,Federal Contract Tower,0,2,4,0,6,0,0,78,0,78,0,2,82,0,84,58,0,58,142
08/02/2009,BAK,IN,AGL,CE,Federal Contract Tower,0,2,10,2,14,0,0,73,0,73,0,2,83,2,87,0,0,0,87
08/03/2009,BAK,IN,AGL,CE,Federal Contract Tower,0,2,10,0,12,0,0,59,0,59,0,2,69,0,71,24,0,24,95
08/04/2009,BAK,IN,AGL,CE,Federal Contract Tower,0,2,12,0,14,0,0,0,0,0,0,2,12,0,14,0,0,0,14
08/05/2009,BAK,IN,AGL,CE,Federal Contract Tower,0,0,11,6,17,0,0,26,4,30,0,0,37,10,47,40,0,40,87
08/06/2009,BAK,IN,AGL,CE,Federal Contract Tower,0,0,21,0,21,0,0,132,10,142,0,0,153,10,163,36,0,36,199
08/07/2009,BAK,IN,AGL,CE,Federal Contract Tower,0,2,12,0,14,0,0,113,0,113,0,2,125,0,127,44,0,44,171
08/08/2009,BAK,IN,AGL,CE,Federal Contract Tower,0,0,2,0,2,0,0,133,0,133,0,0,135,0,135,38,0,38,173
08/09/2009,BAK,IN,AGL,CE,Federal Contract Tower,0,2,7,0,9,0,0,122,0,122,0,2,129,0,131,64,0,64,195
08/10/2009,BAK,IN,AGL,CE,Federal Contract Tower,0,0,9,0,9,0,0,44,0,44,0,0,53,0,53,18,0,18,71
08/11/2009,BAK,IN,AGL,CE,Federal Contract Tower,0,0,11,1,12,0,0,48,18,66,0,0,59,19,78,0,0,0,78
08/12/2009,BAK,IN,AGL,CE,Federal Contract Tower,0,0,6,0,6,0,0,85,0,85,0,0,91,0,91,40,0,40,131
08/13/2009,BAK,IN,AGL,CE,Federal Contract Tower,0,0,23,1,24,0,0,138,6,144,0,0,161,7,168,42,18,60,228
08/14/2009,BAK,IN,AGL,CE,Federal Contract Tower,0,0,5,2,7,0,0,78,0,78,0,0,83,2,85,36,0,36,121
08/15/2009,BAK,IN,AGL,CE,Federal Contract Tower,0,0,5,0,5,0,0,88,0,88,0,0,93,0,93,4,0,4,97
08/16/2009,BAK,IN,AGL,CE,Federal Contract Tower,0,0,3,0,3,0,0,76,0,76,0,0,79,0,79,20,0,20,99
08/17/2009,BAK,IN,AGL,CE,Federal Contract Tower,0,0,16,4,20,0,0,62,4,66,0,0,78,8,86,20,0,20,106
08/18/2009,BAK,IN,AGL,CE,Federal Contract Tower,0,0,8,0,8,0,0,45,10,55,0,0,53,10,63,4,0,4,67
08/19/2009,BAK,IN,AGL,CE,Federal Contract Tower,0,0,6,4,10,0,0,87,2,89,0,0,93,6,99,0,0,0,99
08/20/2009,BAK,IN,AGL,CE,Federal Contract Tower,0,0,11,2,13,0,0,38,2,40,0,0,49,4,53,14,10,24,77
08/21/2009,BAK,IN,AGL,CE,Federal Contract Tower,0,0,12,4,16,0,0,59,6,65,0,0,71,10,81,30,8,38,119
08/22/2009,BAK,IN,AGL,CE,Federal Contract Tower,0,0,7,0,7,0,0,36,0,36,0,0,43,0,43,0,0,0,43
08/23/2009,BAK,IN,AGL,CE,Federal Contract Tower,0,0,15,0,15,0,0,62,0,62,0,0,77,0,77,30,0,30,107
08/24/2009,BAK,IN,AGL,CE,Federal Contract Tower,0,0,17,0,17,0,0,45,0,45,0,0,62,0,62,18,0,18,80
08/25/2009,BAK,IN,AGL,CE,Federal Contract Tower,0,0,14,2,16,0,0,96,4,100,0,0,110,6,116,66,0,66,182
08/26/2009,BAK,IN,AGL,CE,Federal Contract Tower,0,2,14,9,25,0,0,87,16,103,0,2,101,25,128,54,0,54,182
08/27/2009,BAK,IN,AGL,CE,Federal Contract Tower,0,0,21,0,21,0,0,43,0,43,0,0,64,0,64,18,6,24,88
08/28/2009,BAK,IN,AGL,CE,Federal Contract Tower,0,0,15,0,15,0,0,27,0,27,0,0,42,0,42,8,0,8,50
08/29/2009,BAK,IN,AGL,CE,Federal Contract Tower,0,0,7,0,7,0,0,48,0,48,0,0,55,0,55,18,0,18,73
08/30/2009,BAK,IN,AGL,CE,Federal Contract Tower,0,0,6,0,6,0,0,101,2,103,0,0,107,2,109,36,0,36,145
08/31/2009,BAK,IN,AGL,CE,Federal Contract Tower,0,2,9,0,11,0,0,93,10,103,0,2,102,10,114,38,0,38,152
09/01/2009,BAK,IN,AGL,CE,Federal Contract Tower,0,0,15,0,15,0,0,116,24,140,0,0,131,24,155,52,0,52,207
09/02/2009,BAK,IN,AGL,CE,Federal Contract Tower,0,0,16,6,22,0,0,73,0,73,0,0,89,6,95,48,36,84,179
09/03/2009,BAK,IN,AGL,CE,Federal Contract Tower,0,0,10,0,10,0,0,64,12,76,0,0,74,12,86,58,2,60,146
09/04/2009,BAK,IN,AGL,CE,Federal Contract Tower,0,0,13,0,13,0,0,60,0,60,0,0,73,0,73,26,0,26,99
09/05/2009,BAK,IN,AGL,CE,Federal Contract Tower,0,0,1,0,1,0,0,106,6,112,0,0,107,6,113,60,8,68,181
09/06/2009,BAK,IN,AGL,CE,Federal Contract Tower,0,0,0,0,0,0,0,14,0,14,0,0,14,0,14,0,0,0,14
09/07/2009,BAK,IN,AGL,CE,Federal Contract Tower,0,0,7,0,7,0,0,7,0,7,0,0,14,0,14,0,0,0,14
09/08/2009,BAK,IN,AGL,CE,Federal Contract Tower,0,0,17,0,17,0,0,4,0,4,0,0,21,0,21,0,0,0,21
09/09/2009,BAK,IN,AGL,CE,Federal Contract Tower,0,0,13,0,13,0,0,60,6,66,0,0,73,6,79,44,0,44,123
09/10/2009,BAK,IN,AGL,CE,Federal Contract Tower,0,0,14,1,15,0,0,74,4,78,0,0,88,5,93,24,32,56,149
09/11/2009,BAK,IN,AGL,CE,Federal Contract Tower,0,4,10,4,18,0,0,129,12,141,0,4,139,16,159,74,0,74,233
09/12/2009,BAK,IN,AGL,CE,Federal Contract Tower,0,0,3,0,3,0,0,140,0,140,0,0,143,0,143,62,0,62,205
09/13/2009,BAK,IN,AGL,CE,Federal Contract Tower,0,0,4,4,8,0,0,131,0,131,0,0,135,4,139,34,0,34,173
09/14/2009,BAK,IN,AGL,CE,Federal Contract Tower,0,0,15,0,15,0,0,50,20,70,0,0,65,20,85,52,16,68,153
09/15/2009,BAK,IN,AGL,CE,Federal Contract Tower,0,0,27,0,27,0,0,70,6,76,0,0,97,6,103,80,0,80,183
09/16/2009,BAK,IN,AGL,CE,Federal Contract Tower,0,0,8,0,8,0,0,100,26,126,0,0,108,26,134,44,30,74,208
09/17/2009,BAK,IN,AGL,CE,Federal Contract Tower,0,4,16,4,24,0,0,85,14,99,0,4,101,18,123,18,0,18,141
09/18/2009,BAK,IN,AGL,CE,Federal Contract Tower,0,0,22,2,24,0,0,149,28,177,0,0,171,30,201,88,56,144,345
09/19/2009,BAK,IN,AGL,CE,Federal Contract Tower,0,0,10,0,10,0,0,6,0,6,0,0,16,0,16,0,0,0,16
09/20/2009,BAK,IN,AGL,CE,Federal Contract Tower,0,0,2,0,2,0,0,124,0,124,0,0,126,0,126,34,0,34,160
09/21/2009,BAK,IN,AGL,CE,Federal Contract Tower,0,0,13,4,17,0,0,36,18,54,0,0,49,22,71,0,6,6,77
09/22/2009,BAK,IN,AGL,CE,Federal Contract Tower,0,0,8,4,12,0,0,34,16,50,0,0,42,20,62,16,10,26,88
09/23/2009,BAK,IN,AGL,CE,Federal Contract Tower,0,0,14,13,27,0,0,78,24,102,0,0,92,37,129,30,10,40,169
09/24/2009,BAK,IN,AGL,CE,Federal Contract Tower,0,2,18,4,24,0,0,0,0,0,0,2,18,4,24,0,0,0,24
09/25/2009,BAK,IN,AGL,CE,Federal Contract Tower,0,0,16,2,18,0,0,0,0,0,0,0,16,2,18,0,0,0,18
09/26/2009,BAK,IN,AGL,CE,Federal Contract Tower,0,0,3,0,3,0,0,42,28,70,0,0,45,28,73,2,0,2,75
09/27/2009,BAK,IN,AGL,CE,Federal Contract Tower,0,0,2,0,2,0,0,38,28,66,0,0,40,28,68,6,2,8,76
09/28/2009,BAK,IN,AGL,CE,Federal Contract Tower,0,2,4,0,6,0,0,34,20,54,0,2,38,20,60,6,6,12,72
09/29/2009,BAK,IN,AGL,CE,Federal Contract Tower,0,0,19,1,20,0,0,77,104,181,0,0,96,105,201,18,8,26,227
09/30/2009,BAK,IN,AGL,CE,Federal Contract Tower,0,0,9,3,12,0,0,111,8,119,0,0,120,11,131,34,26,60,191
10/01/2009,BAK,IN,AGL,CE,Federal Contract Tower,0,0,10,2,12,0,0,32,0,32,0,0,42,2,44,0,0,0,44
10/02/2009,BAK,IN,AGL,CE,Federal Contract Tower,0,0,20,0,20,0,0,45,0,45,0,0,65,0,65,22,0,22,87
10/03/2009,BAK,IN,AGL,CE,Federal Contract Tower,0,2,9,4,15,0,0,40,12,52,0,2,49,16,67,18,0,18,85
10/04/2009,BAK,IN,AGL,CE,Federal Contract Tower,0,0,10,2,12,0,0,92,0,92,0,0,102,2,104,30,0,30,134
10/05/2009,BAK,IN,AGL,CE,Federal Contract Tower,0,0,11,0,11,0,0,103,10,113,0,0,114,10,124,30,0,30,154
10/06/2009,BAK,IN,AGL,CE,Federal Contract Tower,0,0,12,4,16,0,0,14,12,26,0,0,26,16,42,0,0,0,42
10/07/2009,BAK,IN,AGL,CE,Federal Contract Tower,0,0,14,0,14,0,0,69,8,77,0,0,83,8,91,28,30,58,149
10/08/2009,BAK,IN,AGL,CE,Federal Contract Tower,0,2,12,0,14,0,0,6,12,18,0,2,18,12,32,12,0,12,44
10/09/2009,BAK,IN,AGL,CE,Federal Contract Tower,0,0,0,0,0,0,0,0,0,0,0,0,0,0,0,0,0,0,0
10/10/2009,BAK,IN,AGL,CE,Federal Contract Tower,0,0,2,0,2,0,0,44,0,44,0,0,46,0,46,30,0,30,76
10/11/2009,BAK,IN,AGL,CE,Federal Contract Tower,0,0,0,0,0,0,0,139,0,139,0,0,139,0,139,66,0,66,205
10/12/2009,BAK,IN,AGL,CE,Federal Contract Tower,0,0,12,0,12,0,0,87,0,87,0,0,99,0,99,46,0,46,145
10/13/2009,BAK,IN,AGL,CE,Federal Contract Tower,0,1,14,0,15,0,0,32,0,32,0,1,46,0,47,0,0,0,47
10/14/2009,BAK,IN,AGL,CE,Federal Contract Tower,0,2,14,0,16,0,0,18,0,18,0,2,32,0,34,0,0,0,34
10/15/2009,BAK,IN,AGL,CE,Federal Contract Tower,0,0,17,18,35,0,0,8,0,8,0,0,25,18,43,0,0,0,43
10/16/2009,BAK,IN,AGL,CE,Federal Contract Tower,0,4,10,0,14,0,0,6,0,6,0,4,16,0,20,0,0,0,20
10/17/2009,BAK,IN,AGL,CE,Federal Contract Tower,0,0,3,0,3,0,0,38,4,42,0,0,41,4,45,20,0,20,65
10/18/2009,BAK,IN,AGL,CE,Federal Contract Tower,0,2,12,0,14,0,0,113,0,113,0,2,125,0,127,28,0,28,155
10/19/2009,BAK,IN,AGL,CE,Federal Contract Tower,0,0,23,0,23,0,0,42,2,44,0,0,65,2,67,30,4,34,101
10/20/2009,BAK,IN,AGL,CE,Federal Contract Tower,0,0,16,0,16,0,0,96,0,96,0,0,112,0,112,66,0,66,178
10/21/2009,BAK,IN,AGL,CE,Federal Contract Tower,0,0,14,0,14,0,0,86,6,92,0,0,100,6,106,58,12,70,176
10/22/2009,BAK,IN,AGL,CE,Federal Contract Tower,0,2,12,0,14,0,0,72,2,74,0,2,84,2,88,58,32,90,178
10/23/2009,BAK,IN,AGL,CE,Federal Contract Tower,0,1,9,2,12,0,0,17,16,33,0,1,26,18,45,0,10,10,55
10/24/2009,BAK,IN,AGL,CE,Federal Contract Tower,0,0,8,0,8,0,0,0,0,0,0,0,8,0,8,32,0,32,40
10/25/2009,BAK,IN,AGL,CE,Federal Contract Tower,0,0,4,0,4,0,0,172,0,172,0,0,176,0,176,30,0,30,206
10/26/2009,BAK,IN,AGL,CE,Federal Contract Tower,0,0,5,0,5,0,0,44,0,44,0,0,49,0,49,26,0,26,75
10/27/2009,BAK,IN,AGL,CE,Federal Contract Tower,0,1,15,3,19,0,0,21,10,31,0,1,36,13,50,10,10,20,70
10/28/2009,BAK,IN,AGL,CE,Federal Contract Tower,0,1,19,2,22,0,0,30,4,34,0,1,49,6,56,6,32,38,94
10/29/2009,BAK,IN,AGL,CE,Federal Contract Tower,0,2,22,0,24,0,0,108,0,108,0,2,130,0,132,78,0,78,210
10/30/2009,BAK,IN,AGL,CE,Federal Contract Tower,0,0,9,0,9,0,0,48,2,50,0,0,57,2,59,18,0,18,77
10/31/2009,BAK,IN,AGL,CE,Federal Contract Tower,0,0,3,0,3,0,0,36,0,36,0,0,39,0,39,28,0,28,67
11/01/2009,BAK,IN,AGL,CE,Federal Contract Tower,0,0,9,0,9,0,0,132,0,132,0,0,141,0,141,68,0,68,209
11/02/2009,BAK,IN,AGL,CE,Federal Contract Tower,0,0,10,0,10,0,0,64,0,64,0,0,74,0,74,28,0,28,102
11/03/2009,BAK,IN,AGL,CE,Federal Contract Tower,0,0,9,0,9,0,0,66,0,66,0,0,75,0,75,50,0,50,125
11/04/2009,BAK,IN,AGL,CE,Federal Contract Tower,0,0,16,0,16,0,0,58,0,58,0,0,74,0,74,38,0,38,112
11/05/2009,BAK,IN,AGL,CE,Federal Contract Tower,0,0,24,0,24,0,0,90,0,90,0,0,114,0,114,94,0,94,208
11/06/2009,BAK,IN,AGL,CE,Federal Contract Tower,0,0,8,0,8,0,0,74,0,74,0,0,82,0,82,6,0,6,88
11/07/2009,BAK,IN,AGL,CE,Federal Contract Tower,0,0,6,2,8,0,0,90,18,108,0,0,96,20,116,76,6,82,198
11/08/2009,BAK,IN,AGL,CE,Federal Contract Tower,0,0,9,3,12,0,0,104,16,120,0,0,113,19,132,60,0,60,192
11/09/2009,BAK,IN,AGL,CE,Federal Contract Tower,0,0,8,3,11,0,0,56,52,108,0,0,64,55,119,46,0,46,165
11/10/2009,BAK,IN,AGL,CE,Federal Contract Tower,0,0,11,4,15,0,0,52,10,62,0,0,63,14,77,42,12,54,131
11/11/2009,BAK,IN,AGL,CE,Federal Contract Tower,0,0,11,0,11,0,0,35,38,73,0,0,46,38,84,0,0,0,84
11/12/2009,BAK,IN,AGL,CE,Federal Contract Tower,0,0,19,5,24,0,0,92,12,104,0,0,111,17,128,46,6,52,180
11/13/2009,BAK,IN,AGL,CE,Federal Contract Tower,0,0,16,0,16,0,0,102,0,102,0,0,118,0,118,64,0,64,182
11/14/2009,BAK,IN,AGL,CE,Federal Contract Tower,0,0,3,0,3,0,0,78,0,78,0,0,81,0,81,46,0,46,127
11/15/2009,BAK,IN,AGL,CE,Federal Contract Tower,0,0,5,0,5,0,0,74,4,78,0,0,79,4,83,34,8,42,125
11/16/2009,BAK,IN,AGL,CE,Federal Contract Tower,0,0,7,0,7,0,0,22,4,26,0,0,29,4,33,30,10,40,73
11/17/2009,BAK,IN,AGL,CE,Federal Contract Tower,0,0,8,0,8,0,0,0,0,0,0,0,8,0,8,0,0,0,8
11/18/2009,BAK,IN,AGL,CE,Federal Contract Tower,0,0,11,0,11,0,0,33,0,33,0,0,44,0,44,12,0,12,56
11/19/2009,BAK,IN,AGL,CE,Federal Contract Tower,0,0,21,0,21,0,0,27,16,43,0,0,48,16,64,0,0,0,64
11/20/2009,BAK,IN,AGL,CE,Federal Contract Tower,0,0,11,0,11,0,0,12,0,12,0,0,23,0,23,0,0,0,23
11/21/2009,BAK,IN,AGL,CE,Federal Contract Tower,0,0,7,0,7,0,0,122,2,124,0,0,129,2,131,6,0,6,137
11/22/2009,BAK,IN,AGL,CE,Federal Contract Tower,0,0,5,0,5,0,0,47,0,47,0,0,52,0,52,0,0,0,52
11/23/2009,BAK,IN,AGL,CE,Federal Contract Tower,0,0,17,2,19,0,0,32,0,32,0,0,49,2,51,42,0,42,93
11/24/2009,BAK,IN,AGL,CE,Federal Contract Tower,0,0,11,0,11,0,0,0,0,0,0,0,11,0,11,0,0,0,11
11/25/2009,BAK,IN,AGL,CE,Federal Contract Tower,0,0,11,0,11,0,0,35,0,35,0,0,46,0,46,18,0,18,64
11/26/2009,BAK,IN,AGL,CE,Federal Contract Tower,0,0,0,0,0,0,0,0,0,0,0,0,0,0,0,0,0,0,0
11/27/2009,BAK,IN,AGL,CE,Federal Contract Tower,0,0,0,0,0,0,0,60,0,60,0,0,60,0,60,24,0,24,84
11/28/2009,BAK,IN,AGL,CE,Federal Contract Tower,0,0,5,0,5,0,0,84,0,84,0,0,89,0,89,24,0,24,113
11/29/2009,BAK,IN,AGL,CE,Federal Contract Tower,0,2,5,0,7,0,0,44,0,44,0,2,49,0,51,26,0,26,77
11/30/2009,BAK,IN,AGL,CE,Federal Contract Tower,0,0,11,4,15,0,0,21,0,21,0,0,32,4,36,4,0,4,40
12/01/2009,BAK,IN,AGL,CE,Federal Contract Tower,0,2,13,0,15,0,0,65,0,65,0,2,78,0,80,10,0,10,90
12/02/2009,BAK,IN,AGL,CE,Federal Contract Tower,0,0,11,4,15,0,0,0,0,0,0,0,11,4,15,0,0,0,15
12/03/2009,BAK,IN,AGL,CE,Federal Contract Tower,0,0,17,0,17,0,0,8,2,10,0,0,25,2,27,8,0,8,35
12/04/2009,BAK,IN,AGL,CE,Federal Contract Tower,0,0,8,4,12,0,0,54,0,54,0,0,62,4,66,34,0,34,100
12/05/2009,BAK,IN,AGL,CE,Federal Contract Tower,0,0,13,0,13,0,0,78,0,78,0,0,91,0,91,44,0,44,135
12/06/2009,BAK,IN,AGL,CE,Federal Contract Tower,0,0,7,2,9,0,0,75,0,75,0,0,82,2,84,32,0,32,116
12/07/2009,BAK,IN,AGL,CE,Federal Contract Tower,0,0,10,0,10,0,0,0,0,0,0,0,10,0,10,0,0,0,10
12/08/2009,BAK,IN,AGL,CE,Federal Contract Tower,0,0,17,1,18,0,0,10,0,10,0,0,27,1,28,32,0,32,60
12/09/2009,BAK,IN,AGL,CE,Federal Contract Tower,0,0,7,1,8,0,0,0,0,0,0,0,7,1,8,0,0,0,8
12/10/2009,BAK,IN,AGL,CE,Federal Contract Tower,0,0,11,0,11,0,0,6,2,8,0,0,17,2,19,20,0,20,39
12/11/2009,BAK,IN,AGL,CE,Federal Contract Tower,0,1,13,0,14,0,0,61,0,61,0,1,74,0,75,28,0,28,103
12/12/2009,BAK,IN,AGL,CE,Federal Contract Tower,0,0,10,0,10,0,0,68,0,68,0,0,78,0,78,46,0,46,124
12/13/2009,BAK,IN,AGL,CE,Federal Contract Tower,0,0,5,0,5,0,0,0,0,0,0,0,5,0,5,0,0,0,5
12/14/2009,BAK,IN,AGL,CE,Federal Contract Tower,0,0,9,0,9,0,0,10,0,10,0,0,19,0,19,20,0,20,39
12/15/2009,BAK,IN,AGL,CE,Federal Contract Tower,0,1,17,2,20,0,0,12,10,22,0,1,29,12,42,0,0,0,42
12/16/2009,BAK,IN,AGL,CE,Federal Contract Tower,0,1,12,0,13,0,0,89,0,89,0,1,101,0,102,32,0,32,134
12/17/2009,BAK,IN,AGL,CE,Federal Contract Tower,0,0,23,3,26,0,0,103,3,106,0,0,126,6,132,50,6,56,188
12/18/2009,BAK,IN,AGL,CE,Federal Contract Tower,0,1,7,0,8,0,0,26,0,26,0,1,33,0,34,64,0,64,98
12/19/2009,BAK,IN,AGL,CE,Federal Contract Tower,0,2,1,0,3,0,0,36,0,36,0,2,37,0,39,0,0,0,39
12/20/2009,BAK,IN,AGL,CE,Federal Contract Tower,0,0,3,0,3,0,0,10,0,10,0,0,13,0,13,20,0,20,33
12/21/2009,BAK,IN,AGL,CE,Federal Contract Tower,0,2,19,0,21,0,0,14,0,14,0,2,33,0,35,50,0,50,85
12/22/2009,BAK,IN,AGL,CE,Federal Contract Tower,0,0,10,0,10,0,0,52,0,52,0,0,62,0,62,68,0,68,130
12/23/2009,BAK,IN,AGL,CE,Federal Contract Tower,0,2,1,0,3,0,0,11,0,11,0,2,12,0,14,30,0,30,44
12/24/2009,BAK,IN,AGL,CE,Federal Contract Tower,0,0,0,0,0,0,0,7,0,7,0,0,7,0,7,0,0,0,7
12/25/2009,BAK,IN,AGL,CE,Federal Contract Tower,0,0,0,0,0,0,0,1,0,1,0,0,1,0,1,0,0,0,1
12/26/2009,BAK,IN,AGL,CE,Federal Contract Tower,0,0,3,0,3,0,0,6,0,6,0,0,9,0,9,0,0,0,9
12/27/2009,BAK,IN,AGL,CE,Federal Contract Tower,0,0,0,0,0,0,0,1,0,1,0,0,1,0,1,0,0,0,1
12/28/2009,BAK,IN,AGL,CE,Federal Contract Tower,0,0,4,0,4,0,0,8,0,8,0,0,12,0,12,38,0,38,50
12/29/2009,BAK,IN,AGL,CE,Federal Contract Tower,0,0,6,0,6,0,0,137,0,137,0,0,143,0,143,156,0,156,299
12/30/2009,BAK,IN,AGL,CE,Federal Contract Tower,0,0,0,0,0,0,0,40,0,40,0,0,40,0,40,28,0,28,68
12/31/2009,BAK,IN,AGL,CE,Federal Contract Tower,0,0,0,0,0,0,0,33,0,33,0,0,33,0,33,16,0,16,49
01/01/2010,BAK,IN,AGL,CE,Federal Contract Tower,0,0,1,0,1,0,0,26,0,26,0,0,27,0,27,0,0,0,27
01/02/2010,BAK,IN,AGL,CE,Federal Contract Tower,0,0,9,0,9,0,0,50,0,50,0,0,59,0,59,52,0,52,111
01/03/2010,BAK,IN,AGL,CE,Federal Contract Tower,0,0,4,0,4,0,0,40,0,40,0,0,44,0,44,26,0,26,70
01/04/2010,BAK,IN,AGL,CE,Federal Contract Tower,0,0,8,0,8,0,0,49,0,49,0,0,57,0,57,76,0,76,133
01/05/2010,BAK,IN,AGL,CE,Federal Contract Tower,0,0,5,0,5,0,0,32,0,32,0,0,37,0,37,24,0,24,61
01/06/2010,BAK,IN,AGL,CE,Federal Contract Tower,0,0,7,0,7,0,0,53,0,53,0,0,60,0,60,90,0,90,150
01/07/2010,BAK,IN,AGL,CE,Federal Contract Tower,0,1,6,0,7,0,0,3,0,3,0,1,9,0,10,12,0,12,22
01/08/2010,BAK,IN,AGL,CE,Federal Contract Tower,0,0,4,0,4,0,0,2,0,2,0,0,6,0,6,0,0,0,6
01/09/2010,BAK,IN,AGL,CE,Federal Contract Tower,0,0,3,2,5,0,0,21,0,21,0,0,24,2,26,52,0,52,78
01/10/2010,BAK,IN,AGL,CE,Federal Contract Tower,0,0,6,1,7,0,0,26,0,26,0,0,32,1,33,32,0,32,65
01/11/2010,BAK,IN,AGL,CE,Federal Contract Tower,0,2,28,0,30,0,0,42,2,44,0,2,70,2,74,62,0,62,136
01/12/2010,BAK,IN,AGL,CE,Federal Contract Tower,0,0,12,3,15,0,0,20,4,24,0,0,32,7,39,0,0,0,39
01/13/2010,BAK,IN,AGL,CE,Federal Contract Tower,0,2,11,1,14,0,0,34,8,42,0,2,45,9,56,8,0,8,64
01/14/2010,BAK,IN,AGL,CE,Federal Contract Tower,0,5,9,0,14,0,0,42,6,48,0,5,51,6,62,0,0,0,62
01/15/2010,BAK,IN,AGL,CE,Federal Contract Tower,0,0,6,0,6,0,0,18,0,18,0,0,24,0,24,4,0,4,28
01/16/2010,BAK,IN,AGL,CE,Federal Contract Tower,0,0,9,0,9,0,0,0,0,0,0,0,9,0,9,0,0,0,9
01/17/2010,BAK,IN,AGL,CE,Federal Contract Tower,0,0,2,0,2,0,0,0,0,0,0,0,2,0,2,0,0,0,2
01/18/2010,BAK,IN,AGL,CE,Federal Contract Tower,0,4,10,2,16,0,0,0,0,0,0,4,10,2,16,0,0,0,16
01/19/2010,BAK,IN,AGL,CE,Federal Contract Tower,0,0,15,1,16,0,0,0,0,0,0,0,15,1,16,0,0,0,16
01/20/2010,BAK,IN,AGL,CE,Federal Contract Tower,0,0,11,2,13,0,0,0,0,0,0,0,11,2,13,0,0,0,13
01/21/2010,BAK,IN,AGL,CE,Federal Contract Tower,0,1,11,2,14,0,0,0,0,0,0,1,11,2,14,0,0,0,14
01/22/2010,BAK,IN,AGL,CE,Federal Contract Tower,0,0,9,0,9,0,0,0,0,0,0,0,9,0,9,0,0,0,9
01/23/2010,BAK,IN,AGL,CE,Federal Contract Tower,0,0,11,0,11,0,0,7,0,7,0,0,18,0,18,0,0,0,18
01/24/2010,BAK,IN,AGL,CE,Federal Contract Tower,0,0,0,0,0,0,0,14,0,14,0,0,14,0,14,0,0,0,14
01/25/2010,BAK,IN,AGL,CE,Federal Contract Tower,0,0,12,0,12,0,0,0,0,0,0,0,12,0,12,0,0,0,12
01/26/2010,BAK,IN,AGL,CE,Federal Contract Tower,0,2,9,6,17,0,0,9,0,9,0,2,18,6,26,0,0,0,26
01/27/2010,BAK,IN,AGL,CE,Federal Contract Tower,0,0,16,2,18,0,0,63,0,63,0,0,79,2,81,94,0,94,175
01/28/2010,BAK,IN,AGL,CE,Federal Contract Tower,0,0,11,0,11,0,0,18,2,20,0,0,29,2,31,10,4,14,45
01/29/2010,BAK,IN,AGL,CE,Federal Contract Tower,0,2,19,0,21,0,0,25,0,25,0,2,44,0,46,34,0,34,80
01/30/2010,BAK,IN,AGL,CE,Federal Contract Tower,0,0,9,0,9,0,0,37,0,37,0,0,46,0,46,60,0,60,106
01/31/2010,BAK,IN,AGL,CE,Federal Contract Tower,0,0,6,0,6,0,0,48,0,48,0,0,54,0,54,16,0,16,70
02/01/2010,BAK,IN,AGL,CE,Federal Contract Tower,0,0,0,0,0,0,0,13,0,13,0,0,13,0,13,0,0,0,13
02/02/2010,BAK,IN,AGL,CE,Federal Contract Tower,0,0,10,0,10,0,0,50,0,50,0,0,60,0,60,8,0,8,68
02/03/2010,BAK,IN,AGL,CE,Federal Contract Tower,0,0,18,2,20,0,0,56,4,60,0,0,74,6,80,50,0,50,130
02/04/2010,BAK,IN,AGL,CE,Federal Contract Tower,0,2,21,0,23,0,0,41,0,41,0,2,62,0,64,18,0,18,82
02/05/2010,BAK,IN,AGL,CE,Federal Contract Tower,0,0,5,0,5,0,0,0,0,0,0,0,5,0,5,0,0,0,5
02/06/2010,BAK,IN,AGL,CE,Federal Contract Tower,0,0,0,0,0,0,0,2,0,2,0,0,2,0,2,0,0,0,2
02/07/2010,BAK,IN,AGL,CE,Federal Contract Tower,0,0,0,0,0,0,0,0,0,0,0,0,0,0,0,0,0,0,0
02/08/2010,BAK,IN,AGL,CE,Federal Contract Tower,0,0,10,0,10,0,0,22,4,26,0,0,32,4,36,6,6,12,48
02/09/2010,BAK,IN,AGL,CE,Federal Contract Tower,0,0,13,0,13,0,0,0,0,0,0,0,13,0,13,0,0,0,13
02/10/2010,BAK,IN,AGL,CE,Federal Contract Tower,0,0,7,0,7,0,0,4,0,4,0,0,11,0,11,4,0,4,15
02/11/2010,BAK,IN,AGL,CE,Federal Contract Tower,0,0,10,2,12,0,0,28,0,28,0,0,38,2,40,36,0,36,76
02/12/2010,BAK,IN,AGL,CE,Federal Contract Tower,0,0,13,0,13,0,0,21,0,21,0,0,34,0,34,36,0,36,70
02/13/2010,BAK,IN,AGL,CE,Federal Contract Tower,0,1,3,0,4,0,0,19,0,19,0,1,22,0,23,20,0,20,43
02/14/2010,BAK,IN,AGL,CE,Federal Contract Tower,0,0,5,0,5,0,0,6,0,6,0,0,11,0,11,0,0,0,11
02/15/2010,BAK,IN,AGL,CE,Federal Contract Tower,0,0,0,0,0,0,0,1,0,1,0,0,1,0,1,0,0,0,1
02/16/2010,BAK,IN,AGL,CE,Federal Contract Tower,0,0,14,2,16,0,0,0,0,0,0,0,14,2,16,0,0,0,16
02/17/2010,BAK,IN,AGL,CE,Federal Contract Tower,0,0,7,3,10,0,0,19,10,29,0,0,26,13,39,8,32,40,79
02/18/2010,BAK,IN,AGL,CE,Federal Contract Tower,0,2,11,0,13,0,0,34,0,34,0,2,45,0,47,28,0,28,75
02/19/2010,BAK,IN,AGL,CE,Federal Contract Tower,0,0,14,2,16,0,0,24,0,24,0,0,38,2,40,14,0,14,54
02/20/2010,BAK,IN,AGL,CE,Federal Contract Tower,0,2,1,0,3,0,0,26,0,26,0,2,27,0,29,0,0,0,29
02/21/2010,BAK,IN,AGL,CE,Federal Contract Tower,0,0,2,0,2,0,0,30,0,30,0,0,32,0,32,6,0,6,38
02/22/2010,BAK,IN,AGL,CE,Federal Contract Tower,0,0,9,0,9,0,0,7,0,7,0,0,16,0,16,0,0,0,16
02/23/2010,BAK,IN,AGL,CE,Federal Contract Tower,0,0,11,0,11,0,0,13,0,13,0,0,24,0,24,0,0,0,24
02/24/2010,BAK,IN,AGL,CE,Federal Contract Tower,0,0,6,0,6,0,0,9,0,9,0,0,15,0,15,0,0,0,15
02/25/2010,BAK,IN,AGL,CE,Federal Contract Tower,0,0,8,4,12,0,0,6,4,10,0,0,14,8,22,0,8,8,30
02/26/2010,BAK,IN,AGL,CE,Federal Contract Tower,0,0,6,2,8,0,0,28,0,28,0,0,34,2,36,16,0,16,52
02/27/2010,BAK,IN,AGL,CE,Federal Contract Tower,0,0,0,0,0,0,0,1,0,1,0,0,1,0,1,0,0,0,1
02/28/2010,BAK,IN,AGL,CE,Federal Contract Tower,0,0,2,0,2,0,0,19,0,19,0,0,21,0,21,18,0,18,39
03/01/2010,BAK,IN,AGL,CE,Federal Contract Tower,0,0,7,0,7,0,0,38,0,38,0,0,45,0,45,14,0,14,59
03/02/2010,BAK,IN,AGL,CE,Federal Contract Tower,0,0,7,3,10,0,0,24,10,34,0,0,31,13,44,0,0,0,44
03/03/2010,BAK,IN,AGL,CE,Federal Contract Tower,0,0,6,2,8,0,0,34,8,42,0,0,40,10,50,10,0,10,60
03/04/2010,BAK,IN,AGL,CE,Federal Contract Tower,0,0,7,0,7,0,0,66,8,74,0,0,73,8,81,24,0,24,105
03/05/2010,BAK,IN,AGL,CE,Federal Contract Tower,0,0,8,2,10,0,0,100,0,100,0,0,108,2,110,40,0,40,150
03/06/2010,BAK,IN,AGL,CE,Federal Contract Tower,0,0,15,0,15,0,0,154,0,154,0,0,169,0,169,44,0,44,213
03/07/2010,BAK,IN,AGL,CE,Federal Contract Tower,0,0,6,0,6,0,0,81,0,81,0,0,87,0,87,30,0,30,117
03/08/2010,BAK,IN,AGL,CE,Federal Contract Tower,0,0,12,0,12,0,0,27,0,27,0,0,39,0,39,4,0,4,43
03/09/2010,BAK,IN,AGL,CE,Federal Contract Tower,0,0,12,0,12,0,0,64,0,64,0,0,76,0,76,20,0,20,96
03/10/2010,BAK,IN,AGL,CE,Federal Contract Tower,0,0,9,0,9,0,0,60,0,60,0,0,69,0,69,40,0,40,109
03/11/2010,BAK,IN,AGL,CE,Federal Contract Tower,0,0,7,2,9,0,0,34,8,42,0,0,41,10,51,20,0,20,71
03/12/2010,BAK,IN,AGL,CE,Federal Contract Tower,0,1,8,0,9,0,0,0,0,0,0,1,8,0,9,0,0,0,9
03/13/2010,BAK,IN,AGL,CE,Federal Contract Tower,0,0,14,2,16,0,0,37,2,39,0,0,51,4,55,35,4,39,94
03/14/2010,BAK,IN,AGL,CE,Federal Contract Tower,0,0,2,2,4,0,0,24,0,24,0,0,26,2,28,18,0,18,46
03/15/2010,BAK,IN,AGL,CE,Federal Contract Tower,0,1,15,0,16,0,0,40,0,40,0,1,55,0,56,0,0,0,56
03/16/2010,BAK,IN,AGL,CE,Federal Contract Tower,0,1,15,0,16,0,0,62,4,66,0,1,77,4,82,16,2,18,100
03/17/2010,BAK,IN,AGL,CE,Federal Contract Tower,0,0,9,0,9,0,0,98,0,98,0,0,107,0,107,54,0,54,161
03/18/2010,BAK,IN,AGL,CE,Federal Contract Tower,0,1,12,6,19,0,0,98,8,106,0,1,110,14,125,30,0,30,155
03/19/2010,BAK,IN,AGL,CE,Federal Contract Tower,0,0,9,2,11,0,0,68,0,68,0,0,77,2,79,48,0,48,127
03/20/2010,BAK,IN,AGL,CE,Federal Contract Tower,0,0,4,0,4,0,0,80,0,80,0,0,84,0,84,68,0,68,152
03/21/2010,BAK,IN,AGL,CE,Federal Contract Tower,0,0,1,0,1,0,0,16,0,16,0,0,17,0,17,18,0,18,35
03/22/2010,BAK,IN,AGL,CE,Federal Contract Tower,0,0,15,2,17,0,0,0,0,0,0,0,15,2,17,0,0,0,17
03/23/2010,BAK,IN,AGL,CE,Federal Contract Tower,0,0,9,0,9,0,0,107,6,113,0,0,116,6,122,32,10,42,164
03/24/2010,BAK,IN,AGL,CE,Federal Contract Tower,0,0,11,0,11,0,0,93,0,93,0,0,104,0,104,54,0,54,158
03/25/2010,BAK,IN,AGL,CE,Federal Contract Tower,0,2,7,2,11,0,0,26,0,26,0,2,33,2,37,28,0,28,65
03/26/2010,BAK,IN,AGL,CE,Federal Contract Tower,0,0,12,0,12,0,0,74,0,74,0,0,86,0,86,38,0,38,124
03/27/2010,BAK,IN,AGL,CE,Federal Contract Tower,0,0,4,0,4,0,0,88,0,88,0,0,92,0,92,10,0,10,102
03/28/2010,BAK,IN,AGL,CE,Federal Contract Tower,0,0,7,0,7,0,0,0,0,0,0,0,7,0,7,0,0,0,7
03/29/2010,BAK,IN,AGL,CE,Federal Contract Tower,0,0,6,0,6,0,0,36,0,36,0,0,42,0,42,42,0,42,84
03/30/2010,BAK,IN,AGL,CE,Federal Contract Tower,2,0,10,0,12,0,0,95,2,97,2,0,105,2,109,62,4,66,175
03/31/2010,BAK,IN,AGL,CE,Federal Contract Tower,0,0,14,2,16,0,0,83,4,87,0,0,97,6,103,76,4,80,183
04/01/2010,BAK,IN,AGL,CE,Federal Contract Tower,0,0,11,2,13,0,0,61,0,61,0,0,72,2,74,38,0,38,112
04/02/2010,BAK,IN,AGL,CE,Federal Contract Tower,0,0,8,2,10,9,0,60,0,69,9,0,68,2,79,12,0,12,91
04/03/2010,BAK,IN,AGL,CE,Federal Contract Tower,0,0,3,0,3,0,0,0,0,0,0,0,3,0,3,0,0,0,3
04/04/2010,BAK,IN,AGL,CE,Federal Contract Tower,0,0,5,0,5,0,0,64,0,64,0,0,69,0,69,32,0,32,101
04/05/2010,BAK,IN,AGL,CE,Federal Contract Tower,0,0,11,5,16,0,0,84,2,86,0,0,95,7,102,50,0,50,152
04/06/2010,BAK,IN,AGL,CE,Federal Contract Tower,0,0,18,4,22,0,0,59,2,61,0,0,77,6,83,8,6,14,97
04/07/2010,BAK,IN,AGL,CE,Federal Contract Tower,0,0,11,3,14,0,0,58,6,64,0,0,69,9,78,10,6,16,94
04/08/2010,BAK,IN,AGL,CE,Federal Contract Tower,0,0,23,1,24,0,0,49,9,58,0,0,72,10,82,0,0,0,82
04/09/2010,BAK,IN,AGL,CE,Federal Contract Tower,0,0,6,0,6,0,0,54,0,54,0,0,60,0,60,20,0,20,80
04/10/2010,BAK,IN,AGL,CE,Federal Contract Tower,0,0,3,0,3,0,0,137,6,143,0,0,140,6,146,26,0,26,172
04/11/2010,BAK,IN,AGL,CE,Federal Contract Tower,0,0,1,0,1,0,0,122,0,122,0,0,123,0,123,52,0,52,175
04/12/2010,BAK,IN,AGL,CE,Federal Contract Tower,0,0,6,0,6,0,0,61,0,61,0,0,67,0,67,22,0,22,89
04/13/2010,BAK,IN,AGL,CE,Federal Contract Tower,0,0,13,4,17,0,0,51,2,53,0,0,64,6,70,22,12,34,104
04/14/2010,BAK,IN,AGL,CE,Federal Contract Tower,0,2,14,0,16,0,0,90,26,116,0,2,104,26,132,58,0,58,190
04/15/2010,BAK,IN,AGL,CE,Federal Contract Tower,0,0,19,0,19,0,0,76,10,86,0,0,95,10,105,68,0,68,173
04/16/2010,BAK,IN,AGL,CE,Federal Contract Tower,0,0,14,0,14,0,0,36,2,38,0,0,50,2,52,6,0,6,58
04/17/2010,BAK,IN,AGL,CE,Federal Contract Tower,0,0,10,0,10,0,0,68,0,68,0,0,78,0,78,50,0,50,128
04/18/2010,BAK,IN,AGL,CE,Federal Contract Tower,0,0,11,0,11,0,0,68,0,68,0,0,79,0,79,10,0,10,89
04/19/2010,BAK,IN,AGL,CE,Federal Contract Tower,0,2,12,0,14,0,0,56,0,56,0,2,68,0,70,34,0,34,104
04/20/2010,BAK,IN,AGL,CE,Federal Contract Tower,0,0,12,1,13,0,0,60,4,64,0,0,72,5,77,40,0,40,117
04/21/2010,BAK,IN,AGL,CE,Federal Contract Tower,0,4,11,1,16,0,0,49,14,63,0,4,60,15,79,58,14,72,151
04/22/2010,BAK,IN,AGL,CE,Federal Contract Tower,0,0,10,0,10,0,0,41,0,41,0,0,51,0,51,46,0,46,97
04/23/2010,BAK,IN,AGL,CE,Federal Contract Tower,0,0,16,0,16,0,0,20,2,22,0,0,36,2,38,22,0,22,60
04/24/2010,BAK,IN,AGL,CE,Federal Contract Tower,0,0,0,0,0,0,0,2,0,2,0,0,2,0,2,0,0,0,2
04/25/2010,BAK,IN,AGL,CE,Federal Contract Tower,0,0,10,0,10,0,0,22,0,22,0,0,32,0,32,0,0,0,32
04/26/2010,BAK,IN,AGL,CE,Federal Contract Tower,0,0,19,0,19,0,0,46,10,56,0,0,65,10,75,56,0,56,131
04/27/2010,BAK,IN,AGL,CE,Federal Contract Tower,0,0,7,0,7,0,0,64,10,74,0,0,71,10,81,48,0,48,129
04/28/2010,BAK,IN,AGL,CE,Federal Contract Tower,0,0,11,0,11,0,0,68,4,72,0,0,79,4,83,38,0,38,121
04/29/2010,BAK,IN,AGL,CE,Federal Contract Tower,0,0,7,0,7,0,0,17,4,21,0,0,24,4,28,14,20,34,62
04/30/2010,BAK,IN,AGL,CE,Federal Contract Tower,0,0,19,0,19,0,0,19,8,27,0,0,38,8,46,0,0,0,46
05/01/2010,BAK,IN,AGL,CE,Federal Contract Tower,0,0,4,0,4,0,0,23,0,23,0,0,27,0,27,22,0,22,49
05/02/2010,BAK,IN,AGL,CE,Federal Contract Tower,0,0,9,0,9,0,0,4,12,16,0,0,13,12,25,0,0,0,25
05/03/2010,BAK,IN,AGL,CE,Federal Contract Tower,0,0,15,0,15,0,0,30,10,40,0,0,45,10,55,40,12,52,107
05/04/2010,BAK,IN,AGL,CE,Federal Contract Tower,0,0,11,0,11,0,0,52,4,56,0,0,63,4,67,92,0,92,159
05/05/2010,BAK,IN,AGL,CE,Federal Contract Tower,0,0,11,0,11,0,0,45,4,49,0,0,56,4,60,22,0,22,82
05/06/2010,BAK,IN,AGL,CE,Federal Contract Tower,1,0,12,4,17,0,0,63,10,73,1,0,75,14,90,26,4,30,120
05/07/2010,BAK,IN,AGL,CE,Federal Contract Tower,0,1,11,0,12,0,0,15,0,15,0,1,26,0,27,4,0,4,31
05/08/2010,BAK,IN,AGL,CE,Federal Contract Tower,0,0,9,0,9,0,0,23,0,23,0,0,32,0,32,10,0,10,42
05/09/2010,BAK,IN,AGL,CE,Federal Contract Tower,0,0,4,0,4,0,0,80,0,80,0,0,84,0,84,20,0,20,104
05/10/2010,BAK,IN,AGL,CE,Federal Contract Tower,0,0,6,0,6,0,0,49,4,53,0,0,55,4,59,48,0,48,107
05/11/2010,BAK,IN,AGL,CE,Federal Contract Tower,0,4,14,0,18,0,0,22,8,30,0,4,36,8,48,4,0,4,52
05/12/2010,BAK,IN,AGL,CE,Federal Contract Tower,0,0,11,0,11,0,0,4,0,4,0,0,15,0,15,4,0,4,19
05/13/2010,BAK,IN,AGL,CE,Federal Contract Tower,0,0,17,4,21,0,0,16,0,16,0,0,33,4,37,10,0,10,47
05/14/2010,BAK,IN,AGL,CE,Federal Contract Tower,0,0,8,3,11,0,0,61,0,61,0,0,69,3,72,112,18,130,202
05/15/2010,BAK,IN,AGL,CE,Federal Contract Tower,0,0,14,0,14,0,0,86,0,86,0,0,100,0,100,40,0,40,140
05/16/2010,BAK,IN,AGL,CE,Federal Contract Tower,0,0,7,4,11,0,0,24,0,24,0,0,31,4,35,8,0,8,43
05/17/2010,BAK,IN,AGL,CE,Federal Contract Tower,0,1,16,0,17,0,0,0,0,0,0,1,16,0,17,0,0,0,17
05/18/2010,BAK,IN,AGL,CE,Federal Contract Tower,0,1,12,0,13,0,0,8,0,8,0,1,20,0,21,16,0,16,37
05/19/2010,BAK,IN,AGL,CE,Federal Contract Tower,0,0,22,0,22,0,0,25,4,29,0,0,47,4,51,62,0,62,113
05/20/2010,BAK,IN,AGL,CE,Federal Contract Tower,0,0,14,0,14,0,0,82,8,90,0,0,96,8,104,112,30,142,246
05/21/2010,BAK,IN,AGL,CE,Federal Contract Tower,0,0,23,0,23,0,0,88,12,100,0,0,111,12,123,34,8,42,165
05/22/2010,BAK,IN,AGL,CE,Federal Contract Tower,0,0,13,0,13,0,0,126,2,128,0,0,139,2,141,76,0,76,217
05/23/2010,BAK,IN,AGL,CE,Federal Contract Tower,0,0,12,0,12,0,0,233,10,243,0,0,245,10,255,106,0,106,361
05/24/2010,BAK,IN,AGL,CE,Federal Contract Tower,0,2,22,0,24,0,0,74,16,90,0,2,96,16,114,56,32,88,202
05/25/2010,BAK,IN,AGL,CE,Federal Contract Tower,0,0,15,4,19,0,0,55,4,59,0,0,70,8,78,52,10,62,140
05/26/2010,BAK,IN,AGL,CE,Federal Contract Tower,0,0,16,2,18,0,0,77,14,91,0,0,93,16,109,72,14,86,195
05/27/2010,BAK,IN,AGL,CE,Federal Contract Tower,0,0,16,0,16,0,0,88,12,100,0,0,104,12,116,8,0,8,124
05/28/2010,BAK,IN,AGL,CE,Federal Contract Tower,0,2,11,0,13,0,0,93,14,107,0,2,104,14,120,46,12,58,178
05/29/2010,BAK,IN,AGL,CE,Federal Contract Tower,0,0,6,0,6,0,0,62,0,62,0,0,68,0,68,6,0,6,74
05/30/2010,BAK,IN,AGL,CE,Federal Contract Tower,0,0,1,0,1,0,0,46,2,48,0,0,47,2,49,6,0,6,55
05/31/2010,BAK,IN,AGL,CE,Federal Contract Tower,0,0,1,0,1,0,0,36,0,36,0,0,37,0,37,50,0,50,87
06/01/2010,BAK,IN,AGL,CE,Federal Contract Tower,0,0,13,9,22,0,0,50,11,61,0,0,63,20,83,58,8,66,149
06/02/2010,BAK,IN,AGL,CE,Federal Contract Tower,0,1,14,0,15,0,0,44,0,44,0,1,58,0,59,50,0,50,109
06/03/2010,BAK,IN,AGL,CE,Federal Contract Tower,0,3,17,3,23,0,0,39,4,43,0,3,56,7,66,52,30,82,148
06/04/2010,BAK,IN,AGL,CE,Federal Contract Tower,0,2,12,1,15,0,0,80,20,100,0,2,92,21,115,84,0,84,199
06/05/2010,BAK,IN,AGL,CE,Federal Contract Tower,0,0,3,0,3,0,0,66,0,66,0,0,69,0,69,36,0,36,105
06/06/2010,BAK,IN,AGL,CE,Federal Contract Tower,0,0,9,2,11,0,0,27,0,27,0,0,36,2,38,42,0,42,80
06/07/2010,BAK,IN,AGL,CE,Federal Contract Tower,0,0,12,0,12,0,0,60,0,60,0,0,72,0,72,30,0,30,102
06/08/2010,BAK,IN,AGL,CE,Federal Contract Tower,0,0,10,0,10,0,0,21,0,21,0,0,31,0,31,0,0,0,31
06/09/2010,BAK,IN,AGL,CE,Federal Contract Tower,0,0,11,0,11,0,0,23,0,23,0,0,34,0,34,58,0,58,92
06/10/2010,BAK,IN,AGL,CE,Federal Contract Tower,0,1,22,2,25,0,0,102,10,112,0,1,124,12,137,54,0,54,191
06/11/2010,BAK,IN,AGL,CE,Federal Contract Tower,0,2,16,0,18,0,0,50,0,50,0,2,66,0,68,88,0,88,156
06/12/2010,BAK,IN,AGL,CE,Federal Contract Tower,0,0,6,0,6,0,0,14,0,14,0,0,20,0,20,80,0,80,100
06/13/2010,BAK,IN,AGL,CE,Federal Contract Tower,0,0,13,2,15,0,0,0,0,0,0,0,13,2,15,0,0,0,15
06/14/2010,BAK,IN,AGL,CE,Federal Contract Tower,0,0,17,0,17,0,0,48,0,48,0,0,65,0,65,42,0,42,107
06/15/2010,BAK,IN,AGL,CE,Federal Contract Tower,0,0,7,1,8,0,0,43,6,49,0,0,50,7,57,6,0,6,63
06/16/2010,BAK,IN,AGL,CE,Federal Contract Tower,0,0,16,3,19,0,0,143,51,194,0,0,159,54,213,60,0,60,273
06/17/2010,BAK,IN,AGL,CE,Federal Contract Tower,0,0,11,0,11,0,0,198,28,226,0,0,209,28,237,78,0,78,315
06/18/2010,BAK,IN,AGL,CE,Federal Contract Tower,0,0,18,0,18,0,0,210,2,212,0,0,228,2,230,34,2,36,266
06/19/2010,BAK,IN,AGL,CE,Federal Contract Tower,0,0,10,0,10,0,0,80,2,82,0,0,90,2,92,32,0,32,124
06/20/2010,BAK,IN,AGL,CE,Federal Contract Tower,0,0,3,0,3,0,0,147,0,147,0,0,150,0,150,20,0,20,170
06/21/2010,BAK,IN,AGL,CE,Federal Contract Tower,0,0,10,0,10,0,0,30,0,30,0,0,40,0,40,14,0,14,54
06/22/2010,BAK,IN,AGL,CE,Federal Contract Tower,0,0,14,2,16,0,0,86,0,86,0,0,100,2,102,64,0,64,166
06/23/2010,BAK,IN,AGL,CE,Federal Contract Tower,0,2,17,0,19,0,0,185,4,189,0,2,202,4,208,72,8,80,288
06/24/2010,BAK,IN,AGL,CE,Federal Contract Tower,0,1,21,0,22,0,0,194,0,194,0,1,215,0,216,58,0,58,274
06/25/2010,BAK,IN,AGL,CE,Federal Contract Tower,0,0,30,0,30,0,0,309,4,313,0,0,339,4,343,138,0,138,481
06/26/2010,BAK,IN,AGL,CE,Federal Contract Tower,0,0,14,2,16,0,0,216,0,216,0,0,230,2,232,24,0,24,256
06/27/2010,BAK,IN,AGL,CE,Federal Contract Tower,0,0,8,0,8,0,0,39,0,39,0,0,47,0,47,0,0,0,47
06/28/2010,BAK,IN,AGL,CE,Federal Contract Tower,0,0,24,0,24,0,0,28,0,28,0,0,52,0,52,42,0,42,94
06/29/2010,BAK,IN,AGL,CE,Federal Contract Tower,0,0,23,2,25,0,0,117,4,121,0,0,140,6,146,60,12,72,218
06/30/2010,BAK,IN,AGL,CE,Federal Contract Tower,0,0,14,3,17,0,0,77,11,88,0,0,91,14,105,32,2,34,139
07/01/2010,BAK,IN,AGL,CE,Federal Contract Tower,0,2,16,0,18,0,0,90,0,90,0,2,106,0,108,86,0,86,194
07/02/2010,BAK,IN,AGL,CE,Federal Contract Tower,0,0,13,0,13,0,0,95,0,95,0,0,108,0,108,76,0,76,184
07/03/2010,BAK,IN,AGL,CE,Federal Contract Tower,0,0,2,0,2,0,0,54,0,54,0,0,56,0,56,54,0,54,110
07/04/2010,BAK,IN,AGL,CE,Federal Contract Tower,0,0,1,0,1,0,0,50,0,50,0,0,51,0,51,30,0,30,81
07/05/2010,BAK,IN,AGL,CE,Federal Contract Tower,0,0,4,0,4,0,0,33,0,33,0,0,37,0,37,6,0,6,43
07/06/2010,BAK,IN,AGL,CE,Federal Contract Tower,0,0,19,0,19,0,0,55,2,57,0,0,74,2,76,64,4,68,144
07/07/2010,BAK,IN,AGL,CE,Federal Contract Tower,0,1,12,0,13,0,0,67,4,71,0,1,79,4,84,100,0,100,184
07/08/2010,BAK,IN,AGL,CE,Federal Contract Tower,0,0,16,0,16,0,0,35,0,35,0,0,51,0,51,14,0,14,65
07/09/2010,BAK,IN,AGL,CE,Federal Contract Tower,0,0,15,1,16,0,0,44,0,44,0,0,59,1,60,76,0,76,136
07/10/2010,BAK,IN,AGL,CE,Federal Contract Tower,0,0,0,0,0,0,0,122,0,122,0,0,122,0,122,18,0,18,140
07/11/2010,BAK,IN,AGL,CE,Federal Contract Tower,0,0,1,1,2,0,0,60,0,60,0,0,61,1,62,0,0,0,62
07/12/2010,BAK,IN,AGL,CE,Federal Contract Tower,0,0,17,0,17,0,0,29,0,29,0,0,46,0,46,30,0,30,76
07/13/2010,BAK,IN,AGL,CE,Federal Contract Tower,0,0,10,1,11,0,0,14,0,14,0,0,24,1,25,58,0,58,83
07/14/2010,BAK,IN,AGL,CE,Federal Contract Tower,0,3,17,0,20,0,0,112,0,112,0,3,129,0,132,162,0,162,294
07/15/2010,BAK,IN,AGL,CE,Federal Contract Tower,0,0,9,0,9,0,0,92,0,92,0,0,101,0,101,78,0,78,179
07/16/2010,BAK,IN,AGL,CE,Federal Contract Tower,0,0,9,8,17,0,0,62,7,69,0,0,71,15,86,50,0,50,136
07/17/2010,BAK,IN,AGL,CE,Federal Contract Tower,0,1,7,8,16,0,0,58,2,60,0,1,65,10,76,26,0,26,102
07/18/2010,BAK,IN,AGL,CE,Federal Contract Tower,0,0,9,2,11,0,0,10,0,10,0,0,19,2,21,4,0,4,25
07/19/2010,BAK,IN,AGL,CE,Federal Contract Tower,0,0,21,0,21,0,0,44,0,44,0,0,65,0,65,38,0,38,103
07/20/2010,BAK,IN,AGL,CE,Federal Contract Tower,0,0,7,0,7,0,0,25,4,29,0,0,32,4,36,66,0,66,102
07/21/2010,BAK,IN,AGL,CE,Federal Contract Tower,0,6,12,0,18,0,0,82,4,86,0,6,94,4,104,62,0,62,166
07/22/2010,BAK,IN,AGL,CE,Federal Contract Tower,0,0,5,0,5,0,0,35,0,35,0,0,40,0,40,28,0,28,68
07/23/2010,BAK,IN,AGL,CE,Federal Contract Tower,0,4,16,0,20,0,0,40,0,40,0,4,56,0,60,16,0,16,76
07/24/2010,BAK,IN,AGL,CE,Federal Contract Tower,0,0,1,0,1,0,0,64,0,64,0,0,65,0,65,8,0,8,73
07/25/2010,BAK,IN,AGL,CE,Federal Contract Tower,0,0,11,0,11,0,0,44,0,44,0,0,55,0,55,0,0,0,55
07/26/2010,BAK,IN,AGL,CE,Federal Contract Tower,0,0,20,0,20,0,0,74,0,74,0,0,94,0,94,118,0,118,212
07/27/2010,BAK,IN,AGL,CE,Federal Contract Tower,0,7,10,3,20,0,0,50,1,51,0,7,60,4,71,162,0,162,233
07/28/2010,BAK,IN,AGL,CE,Federal Contract Tower,0,4,17,1,22,0,0,52,8,60,0,4,69,9,82,112,0,112,194
07/29/2010,BAK,IN,AGL,CE,Federal Contract Tower,0,2,16,2,20,0,0,68,0,68,0,2,84,2,88,32,0,32,120
07/30/2010,BAK,IN,AGL,CE,Federal Contract Tower,0,0,14,2,16,0,0,63,0,63,0,0,77,2,79,72,0,72,151
07/31/2010,BAK,IN,AGL,CE,Federal Contract Tower,0,0,1,2,3,0,0,40,0,40,0,0,41,2,43,18,0,18,61
08/01/2010,BAK,IN,AGL,CE,Federal Contract Tower,0,0,4,0,4,0,0,49,0,49,0,0,53,0,53,48,0,48,101
08/02/2010,BAK,IN,AGL,CE,Federal Contract Tower,0,1,11,0,12,0,0,61,0,61,0,1,72,0,73,4,0,4,77
08/03/2010,BAK,IN,AGL,CE,Federal Contract Tower,0,1,15,0,16,0,0,74,0,74,0,1,89,0,90,86,0,86,176
08/04/2010,BAK,IN,AGL,CE,Federal Contract Tower,0,2,19,0,21,0,0,64,0,64,0,2,83,0,85,14,0,14,99
08/05/2010,BAK,IN,AGL,CE,Federal Contract Tower,0,0,11,0,11,0,0,36,0,36,0,0,47,0,47,22,0,22,69
08/06/2010,BAK,IN,AGL,CE,Federal Contract Tower,0,0,14,2,16,0,0,90,0,90,0,0,104,2,106,70,0,70,176
08/07/2010,BAK,IN,AGL,CE,Federal Contract Tower,0,0,6,0,6,0,0,145,0,145,0,0,151,0,151,34,0,34,185
08/08/2010,BAK,IN,AGL,CE,Federal Contract Tower,0,4,4,0,8,0,0,97,4,101,0,4,101,4,109,12,0,12,121
08/09/2010,BAK,IN,AGL,CE,Federal Contract Tower,0,0,0,0,0,0,0,0,4,4,0,0,0,4,4,0,0,0,4
08/10/2010,BAK,IN,AGL,CE,Federal Contract Tower,0,0,0,0,0,0,0,0,2,2,0,0,0,2,2,0,0,0,2
08/11/2010,BAK,IN,AGL,CE,Federal Contract Tower,0,0,0,0,0,0,0,0,0,0,0,0,0,0,0,0,0,0,0
08/12/2010,BAK,IN,AGL,CE,Federal Contract Tower,0,0,0,0,0,0,0,0,0,0,0,0,0,0,0,0,0,0,0
08/13/2010,BAK,IN,AGL,CE,Federal Contract Tower,0,0,0,0,0,0,0,4,0,4,0,0,4,0,4,0,0,0,4
08/14/2010,BAK,IN,AGL,CE,Federal Contract Tower,0,0,0,0,0,0,0,0,0,0,0,0,0,0,0,0,0,0,0
08/15/2010,BAK,IN,AGL,CE,Federal Contract Tower,0,0,0,0,0,0,0,0,0,0,0,0,0,0,0,0,0,0,0
08/16/2010,BAK,IN,AGL,CE,Federal Contract Tower,0,0,0,0,0,0,0,2,0,2,0,0,2,0,2,0,0,0,2
08/17/2010,BAK,IN,AGL,CE,Federal Contract Tower,0,0,0,0,0,0,0,0,0,0,0,0,0,0,0,0,0,0,0
08/18/2010,BAK,IN,AGL,CE,Federal Contract Tower,0,0,0,0,0,0,0,2,12,14,0,0,2,12,14,0,0,0,14
08/19/2010,BAK,IN,AGL,CE,Federal Contract Tower,0,0,0,0,0,0,0,8,0,8,0,0,8,0,8,14,4,18,26
08/20/2010,BAK,IN,AGL,CE,Federal Contract Tower,0,0,0,0,0,0,0,0,0,0,0,0,0,0,0,0,0,0,0
08/21/2010,BAK,IN,AGL,CE,Federal Contract Tower,0,0,0,0,0,0,0,2,0,2,0,0,2,0,2,0,0,0,2
08/22/2010,BAK,IN,AGL,CE,Federal Contract Tower,0,0,0,0,0,0,0,0,0,0,0,0,0,0,0,0,0,0,0
08/23/2010,BAK,IN,AGL,CE,Federal Contract Tower,0,0,3,0,3,0,0,6,0,6,0,0,9,0,9,2,0,2,11
08/24/2010,BAK,IN,AGL,CE,Federal Contract Tower,0,0,14,0,14,0,0,42,0,42,0,0,56,0,56,38,0,38,94
08/25/2010,BAK,IN,AGL,CE,Federal Contract Tower,0,0,0,0,0,0,0,38,0,38,0,0,38,0,38,8,0,8,46
08/26/2010,BAK,IN,AGL,CE,Federal Contract Tower,0,0,14,0,14,0,0,48,0,48,0,0,62,0,62,14,0,14,76
08/27/2010,BAK,IN,AGL,CE,Federal Contract Tower,0,0,8,0,8,0,0,76,2,78,0,0,84,2,86,78,0,78,164
08/28/2010,BAK,IN,AGL,CE,Federal Contract Tower,0,0,5,0,5,0,0,66,0,66,0,0,71,0,71,18,0,18,89
08/29/2010,BAK,IN,AGL,CE,Federal Contract Tower,0,0,2,5,7,0,0,64,0,64,0,0,66,5,71,18,0,18,89
08/30/2010,BAK,IN,AGL,CE,Federal Contract Tower,0,0,15,0,15,0,0,40,0,40,0,0,55,0,55,0,0,0,55
08/31/2010,BAK,IN,AGL,CE,Federal Contract Tower,0,0,7,0,7,0,0,57,0,57,0,0,64,0,64,38,0,38,102
09/01/2010,BAK,IN,AGL,CE,Federal Contract Tower,0,0,11,0,11,0,0,52,0,52,0,0,63,0,63,28,0,28,91
09/02/2010,BAK,IN,AGL,CE,Federal Contract Tower,0,0,12,0,12,0,0,34,0,34,0,0,46,0,46,14,0,14,60
09/03/2010,BAK,IN,AGL,CE,Federal Contract Tower,0,3,13,0,16,0,0,51,0,51,0,3,64,0,67,0,0,0,67
09/04/2010,BAK,IN,AGL,CE,Federal Contract Tower,0,0,8,0,8,0,0,43,0,43,0,0,51,0,51,0,0,0,51
09/05/2010,BAK,IN,AGL,CE,Federal Contract Tower,0,0,5,0,5,0,0,96,0,96,0,0,101,0,101,36,0,36,137
09/06/2010,BAK,IN,AGL,CE,Federal Contract Tower,0,1,2,0,3,0,0,44,0,44,0,1,46,0,47,0,0,0,47
09/07/2010,BAK,IN,AGL,CE,Federal Contract Tower,0,0,13,0,13,0,0,34,2,36,0,0,47,2,49,26,10,36,85
09/08/2010,BAK,IN,AGL,CE,Federal Contract Tower,0,0,11,0,11,0,0,60,0,60,0,0,71,0,71,18,0,18,89
09/09/2010,BAK,IN,AGL,CE,Federal Contract Tower,0,0,7,0,7,0,0,62,0,62,0,0,69,0,69,50,0,50,119
09/10/2010,BAK,IN,AGL,CE,Federal Contract Tower,0,5,11,0,16,0,0,70,2,72,0,5,81,2,88,42,0,42,130
09/11/2010,BAK,IN,AGL,CE,Federal Contract Tower,0,0,7,0,7,0,0,20,0,20,0,0,27,0,27,8,0,8,35
09/12/2010,BAK,IN,AGL,CE,Federal Contract Tower,0,0,2,0,2,0,0,69,4,73,0,0,71,4,75,20,0,20,95
09/13/2010,BAK,IN,AGL,CE,Federal Contract Tower,0,0,17,0,17,0,0,26,2,28,0,0,43,2,45,0,0,0,45
09/14/2010,BAK,IN,AGL,CE,Federal Contract Tower,0,0,8,0,8,0,0,72,2,74,0,0,80,2,82,56,16,72,154
09/15/2010,BAK,IN,AGL,CE,Federal Contract Tower,0,0,16,0,16,0,0,78,4,82,0,0,94,4,98,28,0,28,126
09/16/2010,BAK,IN,AGL,CE,Federal Contract Tower,0,0,13,0,13,0,0,11,0,11,0,0,24,0,24,0,0,0,24
09/17/2010,BAK,IN,AGL,CE,Federal Contract Tower,0,0,11,0,11,0,0,62,0,62,0,0,73,0,73,24,0,24,97
09/18/2010,BAK,IN,AGL,CE,Federal Contract Tower,0,2,3,0,5,0,0,85,0,85,0,2,88,0,90,76,0,76,166
09/19/2010,BAK,IN,AGL,CE,Federal Contract Tower,0,2,7,0,9,0,0,40,0,40,0,2,47,0,49,2,0,2,51
09/20/2010,BAK,IN,AGL,CE,Federal Contract Tower,10,0,0,0,10,0,0,54,0,54,10,0,54,0,64,40,0,40,104
09/21/2010,BAK,IN,AGL,CE,Federal Contract Tower,0,0,11,0,11,0,0,48,0,48,0,0,59,0,59,60,0,60,119
09/22/2010,BAK,IN,AGL,CE,Federal Contract Tower,0,0,16,0,16,0,0,62,0,62,0,0,78,0,78,94,0,94,172
09/23/2010,BAK,IN,AGL,CE,Federal Contract Tower,0,0,11,6,17,0,0,42,0,42,0,0,53,6,59,12,0,12,71
09/24/2010,BAK,IN,AGL,CE,Federal Contract Tower,0,0,7,0,7,0,0,31,0,31,0,0,38,0,38,16,0,16,54
09/25/2010,BAK,IN,AGL,CE,Federal Contract Tower,0,0,12,0,12,0,0,85,0,85,0,0,97,0,97,64,0,64,161
09/26/2010,BAK,IN,AGL,CE,Federal Contract Tower,0,0,9,0,9,0,0,28,0,28,0,0,37,0,37,10,0,10,47
09/27/2010,BAK,IN,AGL,CE,Federal Contract Tower,0,0,12,0,12,0,0,32,4,36,0,0,44,4,48,0,0,0,48
09/28/2010,BAK,IN,AGL,CE,Federal Contract Tower,0,2,12,0,14,0,0,51,6,57,0,2,63,6,71,32,10,42,113
09/29/2010,BAK,IN,AGL,CE,Federal Contract Tower,0,0,18,0,18,0,0,70,0,70,0,0,88,0,88,58,0,58,146
09/30/2010,BAK,IN,AGL,CE,Federal Contract Tower,0,0,13,0,13,0,0,40,0,40,0,0,53,0,53,16,0,16,69
10/01/2010,BAK,IN,AGL,CE,Federal Contract Tower,0,6,13,0,19,0,0,68,0,68,0,6,81,0,87,34,0,34,121
10/02/2010,BAK,IN,AGL,CE,Federal Contract Tower,0,0,10,0,10,0,0,20,0,20,0,0,30,0,30,20,0,20,50
10/03/2010,BAK,IN,AGL,CE,Federal Contract Tower,0,0,3,0,3,0,0,27,0,27,0,0,30,0,30,20,0,20,50
10/04/2010,BAK,IN,AGL,CE,Federal Contract Tower,0,0,9,0,9,0,0,82,0,82,0,0,91,0,91,6,0,6,97
10/05/2010,BAK,IN,AGL,CE,Federal Contract Tower,0,0,9,0,9,0,0,56,0,56,0,0,65,0,65,56,0,56,121
10/06/2010,BAK,IN,AGL,CE,Federal Contract Tower,0,1,21,0,22,0,0,66,0,66,0,1,87,0,88,6,0,6,94
10/07/2010,BAK,IN,AGL,CE,Federal Contract Tower,0,0,18,0,18,0,0,75,4,79,0,0,93,4,97,36,0,36,133
10/08/2010,BAK,IN,AGL,CE,Federal Contract Tower,0,0,13,0,13,0,0,88,0,88,0,0,101,0,101,62,0,62,163
10/09/2010,BAK,IN,AGL,CE,Federal Contract Tower,0,0,5,0,5,0,0,171,0,171,0,0,176,0,176,34,0,34,210
10/10/2010,BAK,IN,AGL,CE,Federal Contract Tower,0,0,7,0,7,0,0,89,0,89,0,0,96,0,96,66,0,66,162
10/11/2010,BAK,IN,AGL,CE,Federal Contract Tower,0,0,16,0,16,0,0,53,0,53,0,0,69,0,69,44,0,44,113
10/12/2010,BAK,IN,AGL,CE,Federal Contract Tower,0,0,11,0,11,0,0,34,0,34,0,0,45,0,45,20,0,20,65
10/13/2010,BAK,IN,AGL,CE,Federal Contract Tower,0,3,4,0,7,0,0,16,0,16,0,3,20,0,23,22,0,22,45
10/14/2010,BAK,IN,AGL,CE,Federal Contract Tower,0,1,9,0,10,0,0,64,0,64,0,1,73,0,74,48,0,48,122
10/15/2010,BAK,IN,AGL,CE,Federal Contract Tower,0,0,9,0,9,0,0,72,0,72,0,0,81,0,81,44,0,44,125
10/16/2010,BAK,IN,AGL,CE,Federal Contract Tower,0,0,7,0,7,0,0,112,0,112,0,0,119,0,119,52,0,52,171
10/17/2010,BAK,IN,AGL,CE,Federal Contract Tower,0,0,5,0,5,0,0,92,0,92,0,0,97,0,97,50,0,50,147
10/18/2010,BAK,IN,AGL,CE,Federal Contract Tower,0,0,10,0,10,0,0,66,0,66,0,0,76,0,76,56,0,56,132
10/19/2010,BAK,IN,AGL,CE,Federal Contract Tower,0,4,10,0,14,0,0,84,0,84,0,4,94,0,98,76,0,76,174
10/20/2010,BAK,IN,AGL,CE,Federal Contract Tower,0,2,11,0,13,0,0,62,0,62,0,2,73,0,75,30,0,30,105
10/21/2010,BAK,IN,AGL,CE,Federal Contract Tower,0,0,12,0,12,0,0,40,38,78,0,0,52,38,90,32,12,44,134
10/22/2010,BAK,IN,AGL,CE,Federal Contract Tower,0,0,10,3,13,0,0,58,0,58,0,0,68,3,71,30,0,30,101
10/23/2010,BAK,IN,AGL,CE,Federal Contract Tower,0,0,4,0,4,0,0,58,0,58,0,0,62,0,62,14,0,14,76
10/24/2010,BAK,IN,AGL,CE,Federal Contract Tower,0,0,2,4,6,0,0,39,0,39,0,0,41,4,45,4,0,4,49
10/25/2010,BAK,IN,AGL,CE,Federal Contract Tower,0,1,15,0,16,0,0,59,0,59,0,1,74,0,75,20,0,20,95
10/26/2010,BAK,IN,AGL,CE,Federal Contract Tower,0,1,4,0,5,0,0,6,0,6,0,1,10,0,11,0,0,0,11
10/27/2010,BAK,IN,AGL,CE,Federal Contract Tower,0,2,14,3,19,0,0,52,0,52,0,2,66,3,71,58,2,60,131
10/28/2010,BAK,IN,AGL,CE,Federal Contract Tower,0,0,8,0,8,0,0,16,0,16,0,0,24,0,24,0,0,0,24
10/29/2010,BAK,IN,AGL,CE,Federal Contract Tower,0,0,21,2,23,0,0,100,0,100,0,0,121,2,123,78,0,78,201
10/30/2010,BAK,IN,AGL,CE,Federal Contract Tower,0,0,7,0,7,0,0,112,0,112,0,0,119,0,119,76,0,76,195
10/31/2010,BAK,IN,AGL,CE,Federal Contract Tower,0,1,7,0,8,0,0,70,0,70,0,1,77,0,78,0,0,0,78
11/01/2010,BAK,IN,AGL,CE,Federal Contract Tower,0,0,12,0,12,0,0,36,0,36,0,0,48,0,48,40,0,40,88
11/02/2010,BAK,IN,AGL,CE,Federal Contract Tower,0,0,13,0,13,0,0,74,0,74,0,0,87,0,87,62,0,62,149
11/03/2010,BAK,IN,AGL,CE,Federal Contract Tower,0,1,15,0,16,0,0,60,0,60,0,1,75,0,76,26,0,26,102
11/04/2010,BAK,IN,AGL,CE,Federal Contract Tower,0,2,15,1,18,0,0,32,0,32,0,2,47,1,50,18,0,18,68
11/05/2010,BAK,IN,AGL,CE,Federal Contract Tower,0,0,15,0,15,0,0,55,0,55,0,0,70,0,70,32,0,32,102
11/06/2010,BAK,IN,AGL,CE,Federal Contract Tower,0,0,5,6,11,0,0,132,0,132,0,0,137,6,143,76,0,76,219
11/07/2010,BAK,IN,AGL,CE,Federal Contract Tower,0,4,5,0,9,0,0,125,0,125,0,4,130,0,134,36,0,36,170
11/08/2010,BAK,IN,AGL,CE,Federal Contract Tower,0,1,17,0,18,0,0,91,0,91,0,1,108,0,109,56,0,56,165
11/09/2010,BAK,IN,AGL,CE,Federal Contract Tower,0,0,22,0,22,0,0,85,0,85,0,0,107,0,107,48,0,48,155
11/10/2010,BAK,IN,AGL,CE,Federal Contract Tower,0,1,27,0,28,0,0,94,0,94,0,1,121,0,122,32,0,32,154
11/11/2010,BAK,IN,AGL,CE,Federal Contract Tower,0,1,16,7,24,0,0,90,0,90,0,1,106,7,114,50,0,50,164
11/12/2010,BAK,IN,AGL,CE,Federal Contract Tower,0,0,15,2,17,0,0,96,0,96,0,0,111,2,113,42,0,42,155
11/13/2010,BAK,IN,AGL,CE,Federal Contract Tower,0,0,4,0,4,0,0,101,0,101,0,0,105,0,105,0,0,0,105
11/14/2010,BAK,IN,AGL,CE,Federal Contract Tower,0,0,9,2,11,0,0,36,0,36,0,0,45,2,47,0,0,0,47
11/15/2010,BAK,IN,AGL,CE,Federal Contract Tower,0,0,17,0,17,0,0,66,0,66,0,0,83,0,83,24,0,24,107
11/16/2010,BAK,IN,AGL,CE,Federal Contract Tower,0,0,18,0,18,0,0,0,0,0,0,0,18,0,18,0,0,0,18
11/17/2010,BAK,IN,AGL,CE,Federal Contract Tower,0,0,18,2,20,0,0,45,0,45,0,0,63,2,65,18,4,22,87
11/18/2010,BAK,IN,AGL,CE,Federal Contract Tower,0,1,12,0,13,0,0,30,4,34,0,1,42,4,47,40,0,40,87
11/19/2010,BAK,IN,AGL,CE,Federal Contract Tower,0,0,23,2,25,0,0,34,0,34,0,0,57,2,59,18,0,18,77
11/20/2010,BAK,IN,AGL,CE,Federal Contract Tower,0,0,3,0,3,0,0,4,0,4,0,0,7,0,7,0,0,0,7
11/21/2010,BAK,IN,AGL,CE,Federal Contract Tower,0,0,4,0,4,0,0,28,0,28,0,0,32,0,32,8,0,8,40
11/22/2010,BAK,IN,AGL,CE,Federal Contract Tower,0,0,8,2,10,0,0,40,4,44,0,0,48,6,54,0,12,12,66
11/23/2010,BAK,IN,AGL,CE,Federal Contract Tower,0,0,12,0,12,0,0,64,0,64,0,0,76,0,76,18,0,18,94
11/24/2010,BAK,IN,AGL,CE,Federal Contract Tower,0,1,10,0,11,0,0,11,0,11,0,1,21,0,22,0,0,0,22
11/25/2010,BAK,IN,AGL,CE,Federal Contract Tower,0,0,3,0,3,0,0,0,0,0,0,0,3,0,3,0,0,0,3
11/26/2010,BAK,IN,AGL,CE,Federal Contract Tower,0,0,0,0,0,0,0,0,0,0,0,0,0,0,0,14,0,14,14
11/27/2010,BAK,IN,AGL,CE,Federal Contract Tower,0,0,4,0,4,0,0,85,0,85,0,0,89,0,89,28,0,28,117
11/28/2010,BAK,IN,AGL,CE,Federal Contract Tower,0,0,7,2,9,0,0,111,0,111,0,0,118,2,120,30,0,30,150
11/29/2010,BAK,IN,AGL,CE,Federal Contract Tower,0,1,25,2,28,0,0,51,0,51,0,1,76,2,79,18,0,18,97
11/30/2010,BAK,IN,AGL,CE,Federal Contract Tower,0,0,12,3,15,0,0,2,10,12,0,0,14,13,27,0,0,0,27
12/01/2010,BAK,IN,AGL,CE,Federal Contract Tower,0,0,21,0,21,0,0,0,0,0,0,0,21,0,21,0,0,0,21
12/02/2010,BAK,IN,AGL,CE,Federal Contract Tower,0,0,7,0,7,0,0,24,2,26,0,0,31,2,33,6,0,6,39
12/03/2010,BAK,IN,AGL,CE,Federal Contract Tower,0,0,24,0,24,0,0,53,0,53,0,0,77,0,77,26,0,26,103
12/04/2010,BAK,IN,AGL,CE,Federal Contract Tower,0,0,4,0,4,0,0,0,0,0,0,0,4,0,4,0,0,0,4
12/05/2010,BAK,IN,AGL,CE,Federal Contract Tower,0,0,5,0,5,0,0,2,0,2,0,0,7,0,7,0,0,0,7
12/06/2010,BAK,IN,AGL,CE,Federal Contract Tower,0,2,13,0,15,0,0,21,0,21,0,2,34,0,36,26,0,26,62
12/07/2010,BAK,IN,AGL,CE,Federal Contract Tower,0,0,17,0,17,0,0,25,0,25,0,0,42,0,42,22,4,26,68
12/08/2010,BAK,IN,AGL,CE,Federal Contract Tower,0,4,28,2,34,0,0,46,0,46,0,4,74,2,80,62,0,62,142
12/09/2010,BAK,IN,AGL,CE,Federal Contract Tower,0,0,12,0,12,0,0,36,0,36,0,0,48,0,48,54,0,54,102
12/10/2010,BAK,IN,AGL,CE,Federal Contract Tower,0,0,14,0,14,0,0,41,0,41,0,0,55,0,55,16,0,16,71
12/11/2010,BAK,IN,AGL,CE,Federal Contract Tower,0,0,6,0,6,0,0,44,0,44,0,0,50,0,50,14,0,14,64
12/12/2010,BAK,IN,AGL,CE,Federal Contract Tower,0,0,3,0,3,0,0,3,0,3,0,0,6,0,6,0,0,0,6
12/13/2010,BAK,IN,AGL,CE,Federal Contract Tower,0,0,6,2,8,0,0,8,2,10,0,0,14,4,18,0,6,6,24
12/14/2010,BAK,IN,AGL,CE,Federal Contract Tower,0,0,13,0,13,0,0,28,4,32,0,0,41,4,45,12,0,12,57
12/15/2010,BAK,IN,AGL,CE,Federal Contract Tower,0,0,22,0,22,0,0,18,0,18,0,0,40,0,40,20,0,20,60
12/16/2010,BAK,IN,AGL,CE,Federal Contract Tower,0,0,6,2,8,0,0,1,0,1,0,0,7,2,9,0,0,0,9
12/17/2010,BAK,IN,AGL,CE,Federal Contract Tower,0,0,13,1,14,0,0,8,0,8,0,0,21,1,22,0,0,0,22
12/18/2010,BAK,IN,AGL,CE,Federal Contract Tower,0,0,4,0,4,0,0,24,0,24,0,0,28,0,28,34,0,34,62
12/19/2010,BAK,IN,AGL,CE,Federal Contract Tower,0,1,2,0,3,0,0,20,0,20,0,1,22,0,23,0,0,0,23
12/20/2010,BAK,IN,AGL,CE,Federal Contract Tower,0,1,11,0,12,0,0,9,0,9,0,1,20,0,21,34,0,34,55
12/21/2010,BAK,IN,AGL,CE,Federal Contract Tower,0,0,6,0,6,0,0,0,0,0,0,0,6,0,6,0,0,0,6
12/22/2010,BAK,IN,AGL,CE,Federal Contract Tower,0,0,11,0,11,0,0,6,0,6,0,0,17,0,17,40,0,40,57
12/23/2010,BAK,IN,AGL,CE,Federal Contract Tower,0,0,2,0,2,0,0,34,0,34,0,0,36,0,36,28,0,28,64
12/24/2010,BAK,IN,AGL,CE,Federal Contract Tower,0,0,4,0,4,0,0,16,0,16,0,0,20,0,20,0,0,0,20
12/25/2010,BAK,IN,AGL,CE,Federal Contract Tower,0,0,0,0,0,0,0,3,0,3,0,0,3,0,3,0,0,0,3
12/26/2010,BAK,IN,AGL,CE,Federal Contract Tower,0,0,4,0,4,0,0,2,0,2,0,0,6,0,6,0,0,0,6
12/27/2010,BAK,IN,AGL,CE,Federal Contract Tower,0,0,4,0,4,0,0,20,0,20,0,0,24,0,24,14,0,14,38
12/28/2010,BAK,IN,AGL,CE,Federal Contract Tower,0,0,7,0,7,0,0,59,0,59,0,0,66,0,66,20,0,20,86
12/29/2010,BAK,IN,AGL,CE,Federal Contract Tower,0,0,7,0,7,0,0,44,0,44,0,0,51,0,51,4,0,4,55
12/30/2010,BAK,IN,AGL,CE,Federal Contract Tower,0,1,10,0,11,0,0,6,0,6,0,1,16,0,17,6,0,6,23
12/31/2010,BAK,IN,AGL,CE,Federal Contract Tower,0,0,2,0,2,0,0,0,0,0,0,0,2,0,2,0,0,0,2
01/01/2011,BAK,IN,AGL,CE,Federal Contract Tower,0,0,2,0,2,0,0,39,0,39,0,0,41,0,41,20,0,20,61
01/02/2011,BAK,IN,AGL,CE,Federal Contract Tower,0,0,8,0,8,0,0,97,0,97,0,0,105,0,105,14,0,14,119
01/03/2011,BAK,IN,AGL,CE,Federal Contract Tower,0,0,6,0,6,0,0,58,0,58,0,0,64,0,64,22,0,22,86
01/04/2011,BAK,IN,AGL,CE,Federal Contract Tower,0,2,3,0,5,0,0,46,0,46,0,2,49,0,51,18,2,20,71
01/05/2011,BAK,IN,AGL,CE,Federal Contract Tower,0,2,13,0,15,0,0,64,0,64,0,2,77,0,79,24,0,24,103
01/06/2011,BAK,IN,AGL,CE,Federal Contract Tower,0,2,4,4,10,0,0,42,8,50,0,2,46,12,60,0,0,0,60
01/07/2011,BAK,IN,AGL,CE,Federal Contract Tower,0,0,14,4,18,0,0,2,0,2,0,0,16,4,20,0,0,0,20
01/08/2011,BAK,IN,AGL,CE,Federal Contract Tower,0,0,5,0,5,0,0,33,0,33,0,0,38,0,38,40,0,40,78
01/09/2011,BAK,IN,AGL,CE,Federal Contract Tower,0,2,2,0,4,0,0,44,0,44,0,2,46,0,48,18,0,18,66
01/10/2011,BAK,IN,AGL,CE,Federal Contract Tower,0,2,8,0,10,0,0,20,0,20,0,2,28,0,30,30,0,30,60
01/11/2011,BAK,IN,AGL,CE,Federal Contract Tower,0,0,6,1,7,0,0,0,0,0,0,0,6,1,7,0,0,0,7
01/12/2011,BAK,IN,AGL,CE,Federal Contract Tower,0,0,12,1,13,0,0,0,0,0,0,0,12,1,13,0,0,0,13
01/13/2011,BAK,IN,AGL,CE,Federal Contract Tower,0,0,11,0,11,0,0,19,0,19,0,0,30,0,30,0,0,0,30
01/14/2011,BAK,IN,AGL,CE,Federal Contract Tower,0,2,9,0,11,0,0,31,6,37,0,2,40,6,48,8,0,8,56
01/15/2011,BAK,IN,AGL,CE,Federal Contract Tower,0,0,0,0,0,0,0,22,12,34,0,0,22,12,34,10,0,10,44
01/16/2011,BAK,IN,AGL,CE,Federal Contract Tower,0,0,3,0,3,0,0,55,22,77,0,0,58,22,80,0,24,24,104
01/17/2011,BAK,IN,AGL,CE,Federal Contract Tower,0,0,13,0,13,0,0,30,0,30,0,0,43,0,43,50,0,50,93
01/18/2011,BAK,IN,AGL,CE,Federal Contract Tower,0,1,5,0,6,0,0,2,0,2,0,1,7,0,8,0,0,0,8
01/19/2011,BAK,IN,AGL,CE,Federal Contract Tower,0,0,18,0,18,0,0,20,0,20,0,0,38,0,38,0,0,0,38
01/20/2011,BAK,IN,AGL,CE,Federal Contract Tower,0,0,8,0,8,0,0,0,0,0,0,0,8,0,8,0,0,0,8
01/21/2011,BAK,IN,AGL,CE,Federal Contract Tower,0,0,15,2,17,0,0,26,6,32,0,0,41,8,49,16,18,34,83
01/22/2011,BAK,IN,AGL,CE,Federal Contract Tower,0,0,5,4,9,0,0,7,7,14,0,0,12,11,23,2,10,12,35
01/23/2011,BAK,IN,AGL,CE,Federal Contract Tower,0,0,5,0,5,0,0,48,8,56,0,0,53,8,61,20,0,20,81
01/24/2011,BAK,IN,AGL,CE,Federal Contract Tower,0,0,7,0,7,0,0,0,6,6,0,0,7,6,13,0,10,10,23
01/25/2011,BAK,IN,AGL,CE,Federal Contract Tower,0,0,7,0,7,0,0,46,4,50,0,0,53,4,57,10,0,10,67
01/26/2011,BAK,IN,AGL,CE,Federal Contract Tower,0,0,12,0,12,0,0,11,0,11,0,0,23,0,23,58,0,58,81
01/27/2011,BAK,IN,AGL,CE,Federal Contract Tower,0,0,13,2,15,0,0,11,10,21,0,0,24,12,36,0,0,0,36
01/28/2011,BAK,IN,AGL,CE,Federal Contract Tower,0,0,8,0,8,0,0,0,12,12,0,0,8,12,20,0,38,38,58
01/29/2011,BAK,IN,AGL,CE,Federal Contract Tower,0,0,8,0,8,0,0,44,0,44,0,0,52,0,52,2,0,2,54
01/30/2011,BAK,IN,AGL,CE,Federal Contract Tower,0,0,5,0,5,0,0,70,4,74,0,0,75,4,79,42,12,54,133
01/31/2011,BAK,IN,AGL,CE,Federal Contract Tower,0,0,12,0,12,0,0,22,0,22,0,0,34,0,34,0,0,0,34
02/01/2011,BAK,IN,AGL,CE,Federal Contract Tower,0,0,0,0,0,0,0,0,0,0,0,0,0,0,0,0,0,0,0
02/02/2011,BAK,IN,AGL,CE,Federal Contract Tower,0,0,0,0,0,0,0,0,0,0,0,0,0,0,0,0,0,0,0
02/03/2011,BAK,IN,AGL,CE,Federal Contract Tower,0,1,7,4,12,0,0,31,4,35,0,1,38,8,47,6,8,14,61
02/04/2011,BAK,IN,AGL,CE,Federal Contract Tower,0,0,13,3,16,0,0,44,5,49,0,0,57,8,65,74,12,86,151
02/05/2011,BAK,IN,AGL,CE,Federal Contract Tower,0,0,2,0,2,0,0,4,0,4,0,0,6,0,6,0,0,0,6
02/06/2011,BAK,IN,AGL,CE,Federal Contract Tower,0,0,3,2,5,0,0,30,0,30,0,0,33,2,35,12,0,12,47
02/07/2011,BAK,IN,AGL,CE,Federal Contract Tower,0,0,13,0,13,0,0,0,0,0,0,0,13,0,13,0,0,0,13
02/08/2011,BAK,IN,AGL,CE,Federal Contract Tower,0,0,10,2,12,0,0,60,8,68,0,0,70,10,80,54,32,86,166
02/09/2011,BAK,IN,AGL,CE,Federal Contract Tower,0,2,23,8,33,0,0,32,12,44,0,2,55,20,77,24,62,86,163
02/10/2011,BAK,IN,AGL,CE,Federal Contract Tower,0,0,6,4,10,0,0,67,10,77,0,0,73,14,87,0,40,40,127
02/11/2011,BAK,IN,AGL,CE,Federal Contract Tower,0,0,13,15,28,0,0,45,12,57,0,0,58,27,85,8,124,132,217
02/12/2011,BAK,IN,AGL,CE,Federal Contract Tower,0,0,3,0,3,0,0,68,2,70,0,0,71,2,73,18,0,18,91
02/13/2011,BAK,IN,AGL,CE,Federal Contract Tower,0,0,3,0,3,0,0,68,2,70,0,0,71,2,73,18,0,18,91
02/14/2011,BAK,IN,AGL,CE,Federal Contract Tower,0,0,10,0,10,0,0,18,0,18,0,0,28,0,28,20,0,20,48
02/15/2011,BAK,IN,AGL,CE,Federal Contract Tower,0,0,17,1,18,0,0,88,2,90,0,0,105,3,108,56,38,94,202
02/16/2011,BAK,IN,AGL,CE,Federal Contract Tower,0,4,23,0,27,0,0,65,6,71,0,4,88,6,98,52,16,68,166
02/17/2011,BAK,IN,AGL,CE,Federal Contract Tower,0,2,11,0,13,0,0,19,0,19,0,2,30,0,32,0,12,12,44
02/18/2011,BAK,IN,AGL,CE,Federal Contract Tower,0,0,11,7,18,0,0,63,2,65,0,0,74,9,83,32,4,36,119
02/19/2011,BAK,IN,AGL,CE,Federal Contract Tower,0,0,6,0,6,0,0,141,0,141,0,0,147,0,147,65,0,65,212
02/20/2011,BAK,IN,AGL,CE,Federal Contract Tower,0,2,0,0,2,0,0,4,0,4,0,2,4,0,6,0,0,0,6
02/21/2011,BAK,IN,AGL,CE,Federal Contract Tower,0,0,10,0,10,0,0,0,0,0,0,0,10,0,10,0,0,0,10
02/22/2011,BAK,IN,AGL,CE,Federal Contract Tower,0,2,7,6,15,0,0,2,0,2,0,2,9,6,17,0,0,0,17
02/23/2011,BAK,IN,AGL,CE,Federal Contract Tower,0,0,15,3,18,0,0,43,4,47,0,0,58,7,65,46,0,46,111
02/24/2011,BAK,IN,AGL,CE,Federal Contract Tower,0,0,15,6,21,0,0,0,4,4,0,0,15,10,25,0,0,0,25
02/25/2011,BAK,IN,AGL,CE,Federal Contract Tower,0,2,16,0,18,0,0,20,0,20,0,2,36,0,38,0,0,0,38
02/26/2011,BAK,IN,AGL,CE,Federal Contract Tower,0,0,2,0,2,0,0,72,0,72,0,0,74,0,74,6,0,6,80
02/27/2011,BAK,IN,AGL,CE,Federal Contract Tower,0,0,3,0,3,0,0,18,0,18,0,0,21,0,21,0,0,0,21
02/28/2011,BAK,IN,AGL,CE,Federal Contract Tower,0,0,14,0,14,0,0,19,0,19,0,0,33,0,33,0,0,0,33
03/01/2011,BAK,IN,AGL,CE,Federal Contract Tower,0,7,8,3,18,0,0,36,10,46,0,7,44,13,64,0,0,0,64
03/02/2011,BAK,IN,AGL,CE,Federal Contract Tower,0,3,16,1,20,0,0,92,6,98,0,3,108,7,118,46,4,50,168
03/03/2011,BAK,IN,AGL,CE,Federal Contract Tower,0,2,16,1,19,0,0,90,0,90,0,2,106,1,109,54,0,54,163
03/04/2011,BAK,IN,AGL,CE,Federal Contract Tower,0,4,13,1,18,0,0,24,2,26,0,4,37,3,44,0,4,4,48
03/05/2011,BAK,IN,AGL,CE,Federal Contract Tower,0,2,6,0,8,0,0,0,0,0,0,2,6,0,8,0,0,0,8
03/06/2011,BAK,IN,AGL,CE,Federal Contract Tower,0,1,10,1,12,0,0,18,0,18,0,1,28,1,30,24,0,24,54
03/07/2011,BAK,IN,AGL,CE,Federal Contract Tower,0,2,17,0,19,0,0,46,0,46,0,2,63,0,65,18,0,18,83
03/08/2011,BAK,IN,AGL,CE,Federal Contract Tower,0,0,14,0,14,0,0,29,0,29,0,0,43,0,43,20,0,20,63
03/09/2011,BAK,IN,AGL,CE,Federal Contract Tower,0,2,14,1,17,0,0,14,4,18,0,2,28,5,35,0,0,0,35
03/10/2011,BAK,IN,AGL,CE,Federal Contract Tower,0,1,17,0,18,0,0,28,18,46,0,1,45,18,64,14,0,14,78
03/11/2011,BAK,IN,AGL,CE,Federal Contract Tower,0,0,20,2,22,0,0,64,1,65,0,0,84,3,87,24,0,24,111
03/12/2011,BAK,IN,AGL,CE,Federal Contract Tower,0,0,12,1,13,0,0,62,10,72,0,0,74,11,85,4,0,4,89
03/13/2011,BAK,IN,AGL,CE,Federal Contract Tower,0,0,8,2,10,0,0,54,0,54,0,0,62,2,64,32,0,32,96
03/14/2011,BAK,IN,AGL,CE,Federal Contract Tower,0,0,13,2,15,0,0,43,0,43,0,0,56,2,58,54,0,54,112
03/15/2011,BAK,IN,AGL,CE,Federal Contract Tower,0,1,17,4,22,0,0,0,0,0,0,1,17,4,22,0,0,0,22
03/16/2011,BAK,IN,AGL,CE,Federal Contract Tower,0,0,24,4,28,0,0,61,8,69,0,0,85,12,97,16,52,68,165
03/17/2011,BAK,IN,AGL,CE,Federal Contract Tower,0,1,10,5,16,0,0,65,6,71,0,1,75,11,87,52,4,56,143
03/18/2011,BAK,IN,AGL,CE,Federal Contract Tower,0,1,23,2,26,0,0,42,0,42,0,1,65,2,68,40,0,40,108
03/19/2011,BAK,IN,AGL,CE,Federal Contract Tower,0,0,7,0,7,0,0,120,16,136,0,0,127,16,143,16,0,16,159
03/20/2011,BAK,IN,AGL,CE,Federal Contract Tower,0,0,3,0,3,0,0,13,4,17,0,0,16,4,20,0,0,0,20
03/21/2011,BAK,IN,AGL,CE,Federal Contract Tower,0,0,8,0,8,0,0,42,0,42,0,0,50,0,50,32,0,32,82
03/22/2011,BAK,IN,AGL,CE,Federal Contract Tower,0,0,10,2,12,0,0,37,4,41,0,0,47,6,53,46,4,50,103
03/23/2011,BAK,IN,AGL,CE,Federal Contract Tower,0,0,9,0,9,0,0,20,0,20,0,0,29,0,29,0,0,0,29
03/24/2011,BAK,IN,AGL,CE,Federal Contract Tower,0,0,6,0,6,0,0,22,0,22,0,0,28,0,28,34,0,34,62
03/25/2011,BAK,IN,AGL,CE,Federal Contract Tower,0,1,14,0,15,0,0,49,6,55,0,1,63,6,70,30,0,30,100
03/26/2011,BAK,IN,AGL,CE,Federal Contract Tower,0,0,3,0,3,0,0,72,0,72,0,0,75,0,75,44,0,44,119
03/27/2011,BAK,IN,AGL,CE,Federal Contract Tower,0,0,12,0,12,0,0,91,0,91,0,0,103,0,103,42,0,42,145
03/28/2011,BAK,IN,AGL,CE,Federal Contract Tower,0,0,15,4,19,0,0,53,0,53,0,0,68,4,72,56,0,56,128
03/29/2011,BAK,IN,AGL,CE,Federal Contract Tower,0,2,12,4,18,0,0,44,2,46,0,2,56,6,64,0,0,0,64
03/30/2011,BAK,IN,AGL,CE,Federal Contract Tower,0,0,16,1,17,0,0,33,0,33,0,0,49,1,50,30,0,30,80
03/31/2011,BAK,IN,AGL,CE,Federal Contract Tower,0,0,24,0,24,0,0,63,18,81,0,0,87,18,105,32,0,32,137
04/01/2011,BAK,IN,AGL,CE,Federal Contract Tower,0,0,17,0,17,0,0,42,0,42,0,0,59,0,59,10,0,10,69
04/02/2011,BAK,IN,AGL,CE,Federal Contract Tower,0,0,3,0,3,0,0,80,0,80,0,0,83,0,83,10,0,10,93
04/03/2011,BAK,IN,AGL,CE,Federal Contract Tower,0,0,3,0,3,0,0,30,0,30,0,0,33,0,33,8,0,8,41
04/04/2011,BAK,IN,AGL,CE,Federal Contract Tower,0,0,14,0,14,0,0,2,0,2,0,0,16,0,16,0,0,0,16
04/05/2011,BAK,IN,AGL,CE,Federal Contract Tower,0,0,14,2,16,0,0,50,9,59,0,0,64,11,75,10,0,10,85
04/06/2011,BAK,IN,AGL,CE,Federal Contract Tower,0,0,13,2,15,0,0,57,6,63,0,0,70,8,78,52,18,70,148
04/07/2011,BAK,IN,AGL,CE,Federal Contract Tower,0,0,28,0,28,0,0,134,0,134,0,0,162,0,162,78,0,78,240
04/08/2011,BAK,IN,AGL,CE,Federal Contract Tower,0,0,11,0,11,0,0,62,0,62,0,0,73,0,73,54,0,54,127
04/09/2011,BAK,IN,AGL,CE,Federal Contract Tower,0,0,8,0,8,0,0,34,8,42,0,0,42,8,50,14,0,14,64
04/10/2011,BAK,IN,AGL,CE,Federal Contract Tower,0,0,9,0,9,0,0,79,0,79,0,0,88,0,88,12,0,12,100
04/11/2011,BAK,IN,AGL,CE,Federal Contract Tower,0,0,9,0,9,0,0,0,0,0,0,0,9,0,9,0,0,0,9
04/12/2011,BAK,IN,AGL,CE,Federal Contract Tower,0,0,22,2,24,0,0,29,2,31,0,0,51,4,55,14,0,14,69
04/13/2011,BAK,IN,AGL,CE,Federal Contract Tower,0,0,19,0,19,0,0,94,27,121,0,0,113,27,140,22,30,52,192
04/14/2011,BAK,IN,AGL,CE,Federal Contract Tower,0,0,6,0,6,0,0,126,0,126,0,0,132,0,132,30,0,30,162
04/15/2011,BAK,IN,AGL,CE,Federal Contract Tower,0,0,15,0,15,0,0,18,0,18,0,0,33,0,33,0,0,0,33
04/16/2011,BAK,IN,AGL,CE,Federal Contract Tower,0,0,3,0,3,0,0,23,0,23,0,0,26,0,26,0,0,0,26
04/17/2011,BAK,IN,AGL,CE,Federal Contract Tower,0,0,5,0,5,0,0,43,12,55,0,0,48,12,60,20,0,20,80
04/18/2011,BAK,IN,AGL,CE,Federal Contract Tower,0,0,13,0,13,0,0,43,0,43,0,0,56,0,56,110,0,110,166
04/19/2011,BAK,IN,AGL,CE,Federal Contract Tower,0,3,9,2,14,0,0,5,0,5,0,3,14,2,19,0,0,0,19
04/20/2011,BAK,IN,AGL,CE,Federal Contract Tower,0,0,17,5,22,0,0,28,12,40,0,0,45,17,62,10,6,16,78
04/21/2011,BAK,IN,AGL,CE,Federal Contract Tower,0,0,12,0,12,0,0,52,2,54,0,0,64,2,66,60,4,64,130
04/22/2011,BAK,IN,AGL,CE,Federal Contract Tower,0,0,5,0,5,0,0,15,0,15,0,0,20,0,20,0,0,0,20
04/23/2011,BAK,IN,AGL,CE,Federal Contract Tower,0,0,2,0,2,0,0,15,0,15,0,0,17,0,17,0,0,0,17
04/24/2011,BAK,IN,AGL,CE,Federal Contract Tower,0,0,6,0,6,0,0,0,0,0,0,0,6,0,6,0,0,0,6
04/25/2011,BAK,IN,AGL,CE,Federal Contract Tower,0,1,11,0,12,0,0,0,0,0,0,1,11,0,12,0,0,0,12
04/26/2011,BAK,IN,AGL,CE,Federal Contract Tower,0,5,12,4,21,0,0,34,0,34,0,5,46,4,55,0,0,0,55
04/27/2011,BAK,IN,AGL,CE,Federal Contract Tower,0,2,20,0,22,0,0,11,0,11,0,2,31,0,33,22,0,22,55
04/28/2011,BAK,IN,AGL,CE,Federal Contract Tower,0,1,14,0,15,0,0,18,0,18,0,1,32,0,33,46,0,46,79
04/29/2011,BAK,IN,AGL,CE,Federal Contract Tower,0,1,14,0,15,0,0,89,0,89,0,1,103,0,104,78,0,78,182
04/30/2011,BAK,IN,AGL,CE,Federal Contract Tower,0,0,7,0,7,0,0,111,6,117,0,0,118,6,124,76,0,76,200
05/01/2011,BAK,IN,AGL,CE,Federal Contract Tower,0,0,2,0,2,0,0,0,0,0,0,0,2,0,2,0,0,0,2
05/02/2011,BAK,IN,AGL,CE,Federal Contract Tower,0,0,9,0,9,0,0,7,0,7,0,0,16,0,16,0,0,0,16
05/03/2011,BAK,IN,AGL,CE,Federal Contract Tower,0,3,10,0,13,0,0,16,4,20,0,3,26,4,33,6,8,14,47
05/04/2011,BAK,IN,AGL,CE,Federal Contract Tower,0,0,28,4,32,0,0,78,4,82,0,0,106,8,114,58,36,94,208
05/05/2011,BAK,IN,AGL,CE,Federal Contract Tower,0,0,12,0,12,0,0,98,2,100,0,0,110,2,112,74,0,74,186
05/06/2011,BAK,IN,AGL,CE,Federal Contract Tower,0,0,18,5,23,0,0,49,20,69,0,0,67,25,92,0,0,0,92
05/07/2011,BAK,IN,AGL,CE,Federal Contract Tower,0,0,5,0,5,0,0,41,0,41,0,0,46,0,46,0,0,0,46
05/08/2011,BAK,IN,AGL,CE,Federal Contract Tower,0,0,12,0,12,0,0,15,0,15,0,0,27,0,27,6,0,6,33
05/09/2011,BAK,IN,AGL,CE,Federal Contract Tower,0,6,21,0,27,0,0,64,0,64,0,6,85,0,91,54,0,54,145
05/10/2011,BAK,IN,AGL,CE,Federal Contract Tower,0,2,22,6,30,0,0,49,7,56,0,2,71,13,86,36,24,60,146
05/11/2011,BAK,IN,AGL,CE,Federal Contract Tower,0,0,17,0,17,0,0,68,8,76,0,0,85,8,93,10,0,10,103
05/12/2011,BAK,IN,AGL,CE,Federal Contract Tower,0,1,14,4,19,0,0,96,18,114,0,1,110,22,133,24,0,24,157
05/13/2011,BAK,IN,AGL,CE,Federal Contract Tower,0,0,13,5,18,0,0,63,0,63,0,0,76,5,81,54,0,54,135
05/14/2011,BAK,IN,AGL,CE,Federal Contract Tower,0,4,11,1,16,0,0,48,2,50,0,4,59,3,66,34,10,44,110
05/15/2011,BAK,IN,AGL,CE,Federal Contract Tower,0,0,6,4,10,0,0,0,1,1,0,0,6,5,11,0,0,0,11
05/16/2011,BAK,IN,AGL,CE,Federal Contract Tower,0,0,15,0,15,0,0,47,1,48,0,0,62,1,63,18,0,18,81
05/17/2011,BAK,IN,AGL,CE,Federal Contract Tower,0,1,23,2,26,0,0,2,32,34,0,1,25,34,60,40,0,40,100
05/18/2011,BAK,IN,AGL,CE,Federal Contract Tower,0,1,24,5,30,0,0,0,14,14,0,1,24,19,44,0,0,0,44
05/19/2011,BAK,IN,AGL,CE,Federal Contract Tower,0,1,5,4,10,0,0,46,0,46,0,1,51,4,56,50,0,50,106
05/20/2011,BAK,IN,AGL,CE,Federal Contract Tower,0,0,18,0,18,0,0,91,0,91,0,0,109,0,109,48,0,48,157
05/21/2011,BAK,IN,AGL,CE,Federal Contract Tower,0,0,13,0,13,0,0,47,0,47,0,0,60,0,60,0,0,0,60
05/22/2011,BAK,IN,AGL,CE,Federal Contract Tower,0,0,8,0,8,0,0,30,0,30,0,0,38,0,38,0,0,0,38
05/23/2011,BAK,IN,AGL,CE,Federal Contract Tower,0,0,9,0,9,0,0,22,0,22,0,0,31,0,31,0,0,0,31
05/24/2011,BAK,IN,AGL,CE,Federal Contract Tower,0,0,16,2,18,0,0,30,24,54,0,0,46,26,72,18,0,18,90
05/25/2011,BAK,IN,AGL,CE,Federal Contract Tower,0,2,15,0,17,0,0,16,0,16,0,2,31,0,33,18,0,18,51
05/26/2011,BAK,IN,AGL,CE,Federal Contract Tower,0,1,11,0,12,0,0,42,2,44,0,1,53,2,56,12,8,20,76
05/27/2011,BAK,IN,AGL,CE,Federal Contract Tower,0,0,14,0,14,0,0,41,2,43,0,0,55,2,57,0,10,10,67
05/28/2011,BAK,IN,AGL,CE,Federal Contract Tower,0,0,7,0,7,0,0,40,0,40,0,0,47,0,47,4,0,4,51
05/29/2011,BAK,IN,AGL,CE,Federal Contract Tower,0,0,9,0,9,0,0,94,0,94,0,0,103,0,103,4,0,4,107
05/30/2011,BAK,IN,AGL,CE,Federal Contract Tower,0,0,7,0,7,0,0,122,0,122,0,0,129,0,129,30,0,30,159
05/31/2011,BAK,IN,AGL,CE,Federal Contract Tower,0,0,7,2,9,0,0,56,0,56,0,0,63,2,65,0,0,0,65
06/01/2011,BAK,IN,AGL,CE,Federal Contract Tower,0,1,17,2,20,0,0,72,0,72,0,1,89,2,92,28,0,28,120
06/02/2011,BAK,IN,AGL,CE,Federal Contract Tower,0,5,7,0,12,0,0,71,0,71,0,5,78,0,83,36,0,36,119
06/03/2011,BAK,IN,AGL,CE,Federal Contract Tower,0,8,12,0,20,0,0,95,0,95,0,8,107,0,115,40,0,40,155
06/04/2011,BAK,IN,AGL,CE,Federal Contract Tower,0,0,9,0,9,0,0,227,8,235,0,0,236,8,244,12,0,12,256
06/05/2011,BAK,IN,AGL,CE,Federal Contract Tower,0,0,4,0,4,0,0,88,6,94,0,0,92,6,98,18,0,18,116
06/06/2011,BAK,IN,AGL,CE,Federal Contract Tower,0,2,10,0,12,0,1,61,0,62,0,3,71,0,74,0,0,0,74
06/07/2011,BAK,IN,AGL,CE,Federal Contract Tower,0,3,9,0,12,0,0,10,0,10,0,3,19,0,22,0,0,0,22
06/08/2011,BAK,IN,AGL,CE,Federal Contract Tower,0,2,14,0,16,0,0,38,0,38,0,2,52,0,54,0,0,0,54
06/09/2011,BAK,IN,AGL,CE,Federal Contract Tower,0,0,13,0,13,0,0,20,4,24,0,0,33,4,37,0,0,0,37
06/10/2011,BAK,IN,AGL,CE,Federal Contract Tower,0,0,11,0,11,0,0,27,2,29,0,0,38,2,40,0,0,0,40
06/11/2011,BAK,IN,AGL,CE,Federal Contract Tower,0,1,5,1,7,0,0,42,3,45,0,1,47,4,52,6,16,22,74
06/12/2011,BAK,IN,AGL,CE,Federal Contract Tower,0,0,8,0,8,0,0,94,0,94,0,0,102,0,102,2,0,2,104
06/13/2011,BAK,IN,AGL,CE,Federal Contract Tower,0,0,11,0,11,0,0,33,4,37,0,0,44,4,48,0,0,0,48
06/14/2011,BAK,IN,AGL,CE,Federal Contract Tower,0,0,17,6,23,0,0,76,18,94,0,0,93,24,117,0,0,0,117
06/15/2011,BAK,IN,AGL,CE,Federal Contract Tower,0,1,14,0,15,0,0,44,2,46,0,1,58,2,61,18,8,26,87
06/16/2011,BAK,IN,AGL,CE,Federal Contract Tower,0,2,21,12,35,0,0,93,8,101,0,2,114,20,136,56,8,64,200
06/17/2011,BAK,IN,AGL,CE,Federal Contract Tower,0,0,15,2,17,0,1,138,0,139,0,1,153,2,156,82,0,82,238
06/18/2011,BAK,IN,AGL,CE,Federal Contract Tower,0,0,5,0,5,0,0,53,0,53,0,0,58,0,58,4,0,4,62
06/19/2011,BAK,IN,AGL,CE,Federal Contract Tower,0,0,5,0,5,0,0,88,0,88,0,0,93,0,93,22,0,22,115
06/20/2011,BAK,IN,AGL,CE,Federal Contract Tower,0,0,15,0,15,0,0,44,0,44,0,0,59,0,59,0,0,0,59
06/21/2011,BAK,IN,AGL,CE,Federal Contract Tower,0,1,10,0,11,0,0,37,0,37,0,1,47,0,48,42,0,42,90
06/22/2011,BAK,IN,AGL,CE,Federal Contract Tower,0,4,12,4,20,0,0,52,16,68,0,4,64,20,88,0,60,60,148
06/23/2011,BAK,IN,AGL,CE,Federal Contract Tower,3,5,13,5,26,0,2,52,0,54,3,7,65,5,80,0,30,30,110
06/24/2011,BAK,IN,AGL,CE,Federal Contract Tower,8,2,22,0,32,0,0,63,0,63,8,2,85,0,95,54,0,54,149
06/25/2011,BAK,IN,AGL,CE,Federal Contract Tower,4,0,9,0,13,0,0,129,0,129,4,0,138,0,142,112,0,112,254
06/26/2011,BAK,IN,AGL,CE,Federal Contract Tower,0,0,5,0,5,0,0,19,0,19,0,0,24,0,24,4,0,4,28
06/27/2011,BAK,IN,AGL,CE,Federal Contract Tower,0,0,12,0,12,0,0,18,0,18,0,0,30,0,30,0,0,0,30
06/28/2011,BAK,IN,AGL,CE,Federal Contract Tower,0,0,21,2,23,0,0,79,0,79,0,0,100,2,102,42,42,84,186
06/29/2011,BAK,IN,AGL,CE,Federal Contract Tower,0,3,17,0,20,0,1,134,16,151,0,4,151,16,171,30,34,64,235
06/30/2011,BAK,IN,AGL,CE,Federal Contract Tower,2,4,20,0,26,0,0,88,0,88,2,4,108,0,114,12,0,12,126
07/01/2011,BAK,IN,AGL,CE,Federal Contract Tower,0,0,11,0,11,0,0,0,0,0,0,0,11,0,11,12,16,28,39
07/02/2011,BAK,IN,AGL,CE,Federal Contract Tower,0,0,3,0,3,0,0,68,0,68,0,0,71,0,71,22,0,22,93
07/03/2011,BAK,IN,AGL,CE,Federal Contract Tower,0,0,1,0,1,0,0,36,0,36,0,0,37,0,37,0,0,0,37
07/04/2011,BAK,IN,AGL,CE,Federal Contract Tower,0,0,10,0,10,0,0,8,0,8,0,0,18,0,18,0,0,0,18
07/05/2011,BAK,IN,AGL,CE,Federal Contract Tower,0,1,14,0,15,0,0,69,0,69,0,1,83,0,84,0,0,0,84
07/06/2011,BAK,IN,AGL,CE,Federal Contract Tower,0,2,7,0,9,0,0,79,0,79,0,2,86,0,88,56,0,56,144
07/07/2011,BAK,IN,AGL,CE,Federal Contract Tower,0,0,10,1,11,0,1,53,0,54,0,1,63,1,65,36,6,42,107
07/08/2011,BAK,IN,AGL,CE,Federal Contract Tower,0,0,10,0,10,0,1,54,0,55,0,1,64,0,65,40,0,40,105
07/09/2011,BAK,IN,AGL,CE,Federal Contract Tower,0,0,3,0,3,0,0,137,0,137,0,0,140,0,140,64,0,64,204
07/10/2011,BAK,IN,AGL,CE,Federal Contract Tower,0,0,8,2,10,0,0,88,0,88,0,0,96,2,98,16,6,22,120
07/11/2011,BAK,IN,AGL,CE,Federal Contract Tower,0,0,14,0,14,0,0,18,0,18,0,0,32,0,32,108,0,108,140
07/12/2011,BAK,IN,AGL,CE,Federal Contract Tower,0,2,15,4,21,0,0,60,4,64,0,2,75,8,85,40,12,52,137
07/13/2011,BAK,IN,AGL,CE,Federal Contract Tower,0,0,11,2,13,0,0,78,8,86,0,0,89,10,99,20,16,36,135
07/14/2011,BAK,IN,AGL,CE,Federal Contract Tower,0,5,13,2,20,0,0,95,2,97,0,5,108,4,117,0,6,6,123
07/15/2011,BAK,IN,AGL,CE,Federal Contract Tower,0,0,15,0,15,0,0,64,0,64,0,0,79,0,79,24,0,24,103
07/16/2011,BAK,IN,AGL,CE,Federal Contract Tower,0,0,2,0,2,0,0,53,0,53,0,0,55,0,55,0,0,0,55
07/17/2011,BAK,IN,AGL,CE,Federal Contract Tower,0,0,9,0,9,0,0,88,0,88,0,0,97,0,97,62,0,62,159
07/18/2011,BAK,IN,AGL,CE,Federal Contract Tower,0,1,10,0,11,0,0,71,8,79,0,1,81,8,90,6,0,6,96
07/19/2011,BAK,IN,AGL,CE,Federal Contract Tower,0,5,19,0,24,0,0,54,0,54,0,5,73,0,78,76,0,76,154
07/20/2011,BAK,IN,AGL,CE,Federal Contract Tower,0,2,5,0,7,0,0,47,0,47,0,2,52,0,54,36,0,36,90
07/21/2011,BAK,IN,AGL,CE,Federal Contract Tower,0,0,17,3,20,0,0,100,4,104,0,0,117,7,124,32,0,32,156
07/22/2011,BAK,IN,AGL,CE,Federal Contract Tower,0,0,26,0,26,0,0,97,6,103,0,0,123,6,129,66,0,66,195
07/23/2011,BAK,IN,AGL,CE,Federal Contract Tower,0,0,6,0,6,0,0,98,0,98,0,0,104,0,104,12,0,12,116
07/24/2011,BAK,IN,AGL,CE,Federal Contract Tower,0,0,14,0,14,0,0,52,0,52,0,0,66,0,66,12,0,12,78
07/25/2011,BAK,IN,AGL,CE,Federal Contract Tower,0,0,17,2,19,0,0,80,0,80,0,0,97,2,99,26,0,26,125
07/26/2011,BAK,IN,AGL,CE,Federal Contract Tower,0,0,13,3,16,0,0,126,0,126,0,0,139,3,142,12,0,12,154
07/27/2011,BAK,IN,AGL,CE,Federal Contract Tower,0,2,14,3,19,0,1,197,22,220,0,3,211,25,239,44,0,44,283
07/28/2011,BAK,IN,AGL,CE,Federal Contract Tower,0,3,16,0,19,0,1,184,0,185,0,4,200,0,204,70,0,70,274
07/29/2011,BAK,IN,AGL,CE,Federal Contract Tower,0,1,14,3,18,0,1,264,14,279,0,2,278,17,297,54,32,86,383
07/30/2011,BAK,IN,AGL,CE,Federal Contract Tower,0,0,10,0,10,0,0,78,1,79,0,0,88,1,89,0,0,0,89
07/31/2011,BAK,IN,AGL,CE,Federal Contract Tower,0,0,10,0,10,0,0,200,0,200,0,0,210,0,210,52,0,52,262
08/01/2011,BAK,IN,AGL,CE,Federal Contract Tower,0,4,14,0,18,0,1,105,0,106,0,5,119,0,124,8,0,8,132
08/02/2011,BAK,IN,AGL,CE,Federal Contract Tower,0,3,10,3,16,0,0,169,4,173,0,3,179,7,189,12,14,26,215
08/03/2011,BAK,IN,AGL,CE,Federal Contract Tower,0,1,11,0,12,0,0,114,0,114,0,1,125,0,126,120,0,120,246
08/04/2011,BAK,IN,AGL,CE,Federal Contract Tower,0,7,13,0,20,0,0,278,0,278,0,7,291,0,298,86,0,86,384
08/05/2011,BAK,IN,AGL,CE,Federal Contract Tower,0,0,19,0,19,0,0,196,0,196,0,0,215,0,215,8,0,8,223
08/06/2011,BAK,IN,AGL,CE,Federal Contract Tower,0,6,17,0,23,0,0,246,0,246,0,6,263,0,269,98,0,98,367
08/07/2011,BAK,IN,AGL,CE,Federal Contract Tower,0,4,9,0,13,0,0,76,0,76,0,4,85,0,89,30,0,30,119
08/08/2011,BAK,IN,AGL,CE,Federal Contract Tower,0,4,11,0,15,0,0,77,0,77,0,4,88,0,92,0,0,0,92
08/09/2011,BAK,IN,AGL,CE,Federal Contract Tower,0,3,16,2,21,0,1,69,0,70,0,4,85,2,91,52,0,52,143
08/10/2011,BAK,IN,AGL,CE,Federal Contract Tower,0,2,13,0,15,0,1,70,0,71,0,3,83,0,86,36,0,36,122
08/11/2011,BAK,IN,AGL,CE,Federal Contract Tower,0,1,11,0,12,0,0,72,10,82,0,1,83,10,94,20,0,20,114
08/12/2011,BAK,IN,AGL,CE,Federal Contract Tower,0,0,10,0,10,0,0,160,0,160,0,0,170,0,170,154,0,154,324
08/13/2011,BAK,IN,AGL,CE,Federal Contract Tower,0,1,2,0,3,0,0,133,0,133,0,1,135,0,136,40,0,40,176
08/14/2011,BAK,IN,AGL,CE,Federal Contract Tower,0,1,10,0,11,0,0,38,0,38,0,1,48,0,49,0,0,0,49
08/15/2011,BAK,IN,AGL,CE,Federal Contract Tower,0,2,14,2,18,0,1,54,10,65,0,3,68,12,83,22,12,34,117
08/16/2011,BAK,IN,AGL,CE,Federal Contract Tower,0,0,15,8,23,0,1,78,8,87,0,1,93,16,110,24,32,56,166
08/17/2011,BAK,IN,AGL,CE,Federal Contract Tower,0,0,13,4,17,0,0,88,1,89,0,0,101,5,106,32,0,32,138
08/18/2011,BAK,IN,AGL,CE,Federal Contract Tower,0,0,17,5,22,0,0,112,24,136,0,0,129,29,158,46,20,66,224
08/19/2011,BAK,IN,AGL,CE,Federal Contract Tower,0,0,20,2,22,0,0,64,10,74,0,0,84,12,96,30,0,30,126
08/20/2011,BAK,IN,AGL,CE,Federal Contract Tower,0,0,1,2,3,0,0,0,0,0,0,0,1,2,3,22,98,120,123
08/21/2011,BAK,IN,AGL,CE,Federal Contract Tower,0,1,4,2,7,0,0,60,0,60,0,1,64,2,67,18,0,18,85
08/22/2011,BAK,IN,AGL,CE,Federal Contract Tower,0,1,10,0,11,0,0,104,0,104,0,1,114,0,115,72,0,72,187
08/23/2011,BAK,IN,AGL,CE,Federal Contract Tower,0,0,12,6,18,0,0,49,12,61,0,0,61,18,79,56,6,62,141
08/24/2011,BAK,IN,AGL,CE,Federal Contract Tower,2,3,11,5,21,0,49,8,0,57,2,52,19,5,78,10,24,34,112
08/25/2011,BAK,IN,AGL,CE,Federal Contract Tower,0,8,9,2,19,0,0,55,12,67,0,8,64,14,86,30,0,30,116
08/26/2011,BAK,IN,AGL,CE,Federal Contract Tower,0,8,11,2,21,0,0,63,2,65,0,8,74,4,86,36,0,36,122
08/27/2011,BAK,IN,AGL,CE,Federal Contract Tower,0,2,0,0,2,0,0,82,0,82,0,2,82,0,84,24,0,24,108
08/28/2011,BAK,IN,AGL,CE,Federal Contract Tower,0,0,6,0,6,0,0,62,0,62,0,0,68,0,68,22,0,22,90
08/29/2011,BAK,IN,AGL,CE,Federal Contract Tower,0,0,14,0,14,0,0,71,2,73,0,0,85,2,87,50,0,50,137
08/30/2011,BAK,IN,AGL,CE,Federal Contract Tower,0,2,13,0,15,0,1,83,0,84,0,3,96,0,99,62,8,70,169
08/31/2011,BAK,IN,AGL,CE,Federal Contract Tower,0,2,9,0,11,0,0,46,0,46,0,2,55,0,57,0,14,14,71
09/01/2011,BAK,IN,AGL,CE,Federal Contract Tower,0,0,14,2,16,0,0,43,0,43,0,0,57,2,59,26,0,26,85
09/02/2011,BAK,IN,AGL,CE,Federal Contract Tower,0,0,7,0,7,0,0,65,6,71,0,0,72,6,78,30,0,30,108
09/03/2011,BAK,IN,AGL,CE,Federal Contract Tower,0,0,4,0,4,0,0,82,0,82,0,0,86,0,86,40,0,40,126
09/04/2011,BAK,IN,AGL,CE,Federal Contract Tower,0,0,3,0,3,0,0,26,0,26,0,0,29,0,29,22,0,22,51
09/05/2011,BAK,IN,AGL,CE,Federal Contract Tower,0,0,12,0,12,0,0,21,0,21,0,0,33,0,33,0,0,0,33
09/06/2011,BAK,IN,AGL,CE,Federal Contract Tower,0,0,17,1,18,0,0,42,0,42,0,0,59,1,60,34,0,34,94
09/07/2011,BAK,IN,AGL,CE,Federal Contract Tower,0,3,11,3,17,0,0,1,0,1,0,3,12,3,18,0,0,0,18
09/08/2011,BAK,IN,AGL,CE,Federal Contract Tower,0,4,18,2,24,0,0,0,0,0,0,4,18,2,24,0,0,0,24
09/09/2011,BAK,IN,AGL,CE,Federal Contract Tower,0,1,20,6,27,0,0,4,0,4,0,1,24,6,31,0,0,0,31
09/10/2011,BAK,IN,AGL,CE,Federal Contract Tower,0,2,3,7,12,0,0,135,9,144,0,2,138,16,156,10,4,14,170
09/11/2011,BAK,IN,AGL,CE,Federal Contract Tower,0,0,6,0,6,0,0,18,0,18,0,0,24,0,24,40,0,40,64
09/12/2011,BAK,IN,AGL,CE,Federal Contract Tower,0,1,15,2,18,0,0,68,8,76,0,1,83,10,94,8,36,44,138
09/13/2011,BAK,IN,AGL,CE,Federal Contract Tower,0,1,9,2,12,0,0,72,12,84,0,1,81,14,96,12,4,16,112
09/14/2011,BAK,IN,AGL,CE,Federal Contract Tower,0,0,20,2,22,0,0,49,0,49,0,0,69,2,71,40,0,40,111
09/15/2011,BAK,IN,AGL,CE,Federal Contract Tower,0,2,12,2,16,0,1,57,4,62,0,3,69,6,78,0,0,0,78
09/16/2011,BAK,IN,AGL,CE,Federal Contract Tower,0,2,18,2,22,0,1,65,8,74,0,3,83,10,96,0,0,0,96
09/17/2011,BAK,IN,AGL,CE,Federal Contract Tower,0,0,7,0,7,0,0,101,0,101,0,0,108,0,108,46,0,46,154
09/18/2011,BAK,IN,AGL,CE,Federal Contract Tower,0,0,7,1,8,0,0,55,4,59,0,0,62,5,67,21,0,21,88
09/19/2011,BAK,IN,AGL,CE,Federal Contract Tower,0,1,21,0,22,0,0,0,0,0,0,1,21,0,22,0,0,0,22
09/20/2011,BAK,IN,AGL,CE,Federal Contract Tower,0,0,18,2,20,0,0,32,0,32,0,0,50,2,52,0,0,0,52
09/21/2011,BAK,IN,AGL,CE,Federal Contract Tower,0,0,10,0,10,0,0,50,0,50,0,0,60,0,60,34,0,34,94
09/22/2011,BAK,IN,AGL,CE,Federal Contract Tower,0,0,17,3,20,0,1,82,4,87,0,1,99,7,107,52,0,52,159
09/23/2011,BAK,IN,AGL,CE,Federal Contract Tower,0,2,30,1,33,0,1,52,0,53,0,3,82,1,86,0,0,0,86
09/24/2011,BAK,IN,AGL,CE,Federal Contract Tower,0,0,4,0,4,0,0,88,0,88,0,0,92,0,92,14,0,14,106
09/25/2011,BAK,IN,AGL,CE,Federal Contract Tower,0,0,12,2,14,0,0,71,24,95,0,0,83,26,109,42,0,42,151
09/26/2011,BAK,IN,AGL,CE,Federal Contract Tower,0,1,14,0,15,0,0,46,14,60,0,1,60,14,75,20,0,20,95
09/27/2011,BAK,IN,AGL,CE,Federal Contract Tower,0,3,14,6,23,0,0,44,12,56,0,3,58,18,79,14,12,26,105
09/28/2011,BAK,IN,AGL,CE,Federal Contract Tower,0,0,13,0,13,0,0,28,2,30,0,0,41,2,43,10,10,20,63
09/29/2011,BAK,IN,AGL,CE,Federal Contract Tower,0,0,13,0,13,0,1,63,0,64,0,1,76,0,77,16,0,16,93
09/30/2011,BAK,IN,AGL,CE,Federal Contract Tower,0,0,13,0,13,0,1,39,0,40,0,1,52,0,53,0,0,0,53
10/01/2011,BAK,IN,AGL,CE,Federal Contract Tower,0,0,1,0,1,0,0,107,6,113,0,0,108,6,114,20,0,20,134
10/02/2011,BAK,IN,AGL,CE,Federal Contract Tower,0,0,8,0,8,0,0,82,4,86,0,0,90,4,94,6,0,6,100
10/03/2011,BAK,IN,AGL,CE,Federal Contract Tower,0,2,7,0,9,0,0,78,2,80,0,2,85,2,89,32,4,36,125
10/04/2011,BAK,IN,AGL,CE,Federal Contract Tower,0,1,9,4,14,0,0,92,0,92,0,1,101,4,106,30,0,30,136
10/05/2011,BAK,IN,AGL,CE,Federal Contract Tower,0,2,21,1,24,0,1,60,2,63,0,3,81,3,87,18,4,22,109
10/06/2011,BAK,IN,AGL,CE,Federal Contract Tower,0,1,22,0,23,0,0,115,0,115,0,1,137,0,138,48,0,48,186
10/07/2011,BAK,IN,AGL,CE,Federal Contract Tower,0,0,20,8,28,0,0,109,26,135,0,0,129,34,163,68,62,130,293
10/08/2011,BAK,IN,AGL,CE,Federal Contract Tower,0,0,4,0,4,0,0,134,12,146,0,0,138,12,150,62,0,62,212
10/09/2011,BAK,IN,AGL,CE,Federal Contract Tower,0,0,9,0,9,0,0,84,0,84,0,0,93,0,93,14,0,14,107
10/10/2011,BAK,IN,AGL,CE,Federal Contract Tower,0,4,11,0,15,0,0,91,0,91,0,4,102,0,106,12,0,12,118
10/11/2011,BAK,IN,AGL,CE,Federal Contract Tower,0,2,13,0,15,0,0,108,0,108,0,2,121,0,123,38,0,38,161
10/12/2011,BAK,IN,AGL,CE,Federal Contract Tower,0,0,14,0,14,0,1,78,8,87,0,1,92,8,101,36,32,68,169
10/13/2011,BAK,IN,AGL,CE,Federal Contract Tower,0,2,11,0,13,0,1,29,0,30,0,3,40,0,43,36,0,36,79
10/14/2011,BAK,IN,AGL,CE,Federal Contract Tower,0,0,26,6,32,0,1,95,14,110,0,1,121,20,142,14,20,34,176
10/15/2011,BAK,IN,AGL,CE,Federal Contract Tower,0,0,11,0,11,0,0,62,0,62,0,0,73,0,73,12,0,12,85
10/16/2011,BAK,IN,AGL,CE,Federal Contract Tower,0,0,3,1,4,0,0,62,2,64,0,0,65,3,68,14,0,14,82
10/17/2011,BAK,IN,AGL,CE,Federal Contract Tower,0,2,4,0,6,0,0,57,0,57,0,2,61,0,63,20,0,20,83
10/18/2011,BAK,IN,AGL,CE,Federal Contract Tower,0,3,9,0,12,0,0,41,0,41,0,3,50,0,53,0,0,0,53
10/19/2011,BAK,IN,AGL,CE,Federal Contract Tower,0,0,0,0,0,0,0,0,0,0,0,0,0,0,0,0,0,0,0
10/20/2011,BAK,IN,AGL,CE,Federal Contract Tower,0,1,18,5,24,0,0,0,0,0,0,1,18,5,24,0,0,0,24
10/21/2011,BAK,IN,AGL,CE,Federal Contract Tower,0,0,28,3,31,0,1,92,8,101,0,1,120,11,132,70,4,74,206
10/22/2011,BAK,IN,AGL,CE,Federal Contract Tower,0,0,10,0,10,0,0,130,0,130,0,0,140,0,140,14,0,14,154
10/23/2011,BAK,IN,AGL,CE,Federal Contract Tower,0,0,7,0,7,0,0,105,0,105,0,0,112,0,112,20,0,20,132
10/24/2011,BAK,IN,AGL,CE,Federal Contract Tower,0,1,12,9,22,0,1,47,2,50,0,2,59,11,72,24,20,44,116
10/25/2011,BAK,IN,AGL,CE,Federal Contract Tower,0,1,22,15,38,0,1,73,32,106,0,2,95,47,144,0,32,32,176
10/26/2011,BAK,IN,AGL,CE,Federal Contract Tower,0,2,14,1,17,0,0,39,10,49,0,2,53,11,66,26,0,26,92
10/27/2011,BAK,IN,AGL,CE,Federal Contract Tower,0,4,15,0,19,0,0,14,4,18,0,4,29,4,37,22,0,22,59
10/28/2011,BAK,IN,AGL,CE,Federal Contract Tower,0,1,17,11,29,0,1,66,40,107,0,2,83,51,136,42,98,140,276
10/29/2011,BAK,IN,AGL,CE,Federal Contract Tower,0,0,10,3,13,0,0,135,12,147,0,0,145,15,160,18,0,18,178
10/30/2011,BAK,IN,AGL,CE,Federal Contract Tower,0,0,8,0,8,0,0,109,0,109,0,0,117,0,117,30,0,30,147
10/31/2011,BAK,IN,AGL,CE,Federal Contract Tower,0,0,13,4,17,0,1,57,2,60,0,1,70,6,77,28,4,32,109
11/01/2011,BAK,IN,AGL,CE,Federal Contract Tower,0,3,15,11,29,0,1,53,0,54,0,4,68,11,83,66,18,84,167
11/02/2011,BAK,IN,AGL,CE,Federal Contract Tower,0,5,19,0,24,0,0,94,0,94,0,5,113,0,118,42,0,42,160
11/03/2011,BAK,IN,AGL,CE,Federal Contract Tower,1,8,7,0,16,0,0,0,0,0,1,8,7,0,16,0,0,0,16
11/04/2011,BAK,IN,AGL,CE,Federal Contract Tower,0,2,11,0,13,0,0,44,26,70,0,2,55,26,83,10,18,28,111
11/05/2011,BAK,IN,AGL,CE,Federal Contract Tower,0,0,5,0,5,0,0,120,0,120,0,0,125,0,125,40,0,40,165
11/06/2011,BAK,IN,AGL,CE,Federal Contract Tower,0,0,4,0,4,0,0,122,7,129,0,0,126,7,133,30,20,50,183
11/07/2011,BAK,IN,AGL,CE,Federal Contract Tower,0,1,9,2,12,0,1,54,0,55,0,2,63,2,67,36,0,36,103
11/08/2011,BAK,IN,AGL,CE,Federal Contract Tower,0,2,19,3,24,0,1,64,16,81,0,3,83,19,105,32,0,32,137
11/09/2011,BAK,IN,AGL,CE,Federal Contract Tower,0,3,8,0,11,0,0,14,0,14,0,3,22,0,25,0,0,0,25
11/10/2011,BAK,IN,AGL,CE,Federal Contract Tower,0,3,15,3,21,0,0,32,6,38,0,3,47,9,59,16,18,34,93
11/11/2011,BAK,IN,AGL,CE,Federal Contract Tower,0,0,16,0,16,0,0,74,0,74,0,0,90,0,90,16,0,16,106
11/12/2011,BAK,IN,AGL,CE,Federal Contract Tower,0,0,4,0,4,0,0,102,7,109,0,0,106,7,113,56,0,56,169
11/13/2011,BAK,IN,AGL,CE,Federal Contract Tower,0,0,4,0,4,0,0,20,0,20,0,0,24,0,24,0,0,0,24
11/14/2011,BAK,IN,AGL,CE,Federal Contract Tower,0,1,8,0,9,0,0,11,34,45,0,1,19,34,54,0,0,0,54
11/15/2011,BAK,IN,AGL,CE,Federal Contract Tower,0,5,11,0,16,0,0,19,16,35,0,5,30,16,51,0,0,0,51
11/16/2011,BAK,IN,AGL,CE,Federal Contract Tower,0,4,16,0,20,0,0,24,0,24,0,4,40,0,44,0,0,0,44
11/17/2011,BAK,IN,AGL,CE,Federal Contract Tower,0,5,11,0,16,0,0,63,0,63,0,5,74,0,79,14,0,14,93
11/18/2011,BAK,IN,AGL,CE,Federal Contract Tower,0,4,11,0,15,0,0,42,0,42,0,4,53,0,57,0,0,0,57
11/19/2011,BAK,IN,AGL,CE,Federal Contract Tower,0,1,9,0,10,0,0,50,2,52,0,1,59,2,62,6,22,28,90
11/20/2011,BAK,IN,AGL,CE,Federal Contract Tower,0,4,2,0,6,0,0,8,0,8,0,4,10,0,14,0,0,0,14
11/21/2011,BAK,IN,AGL,CE,Federal Contract Tower,0,5,11,0,16,0,0,0,0,0,0,5,11,0,16,0,0,0,16
11/22/2011,BAK,IN,AGL,CE,Federal Contract Tower,0,6,8,0,14,0,0,0,0,0,0,6,8,0,14,2,0,2,16
11/23/2011,BAK,IN,AGL,CE,Federal Contract Tower,0,4,13,4,21,0,0,18,0,18,0,4,31,4,39,0,0,0,39
11/24/2011,BAK,IN,AGL,CE,Federal Contract Tower,0,0,6,0,6,0,0,2,0,2,0,0,8,0,8,0,0,0,8
11/25/2011,BAK,IN,AGL,CE,Federal Contract Tower,0,1,1,0,2,0,0,130,0,130,0,1,131,0,132,28,0,28,160
11/26/2011,BAK,IN,AGL,CE,Federal Contract Tower,0,0,4,0,4,0,0,47,0,47,0,0,51,0,51,28,0,28,79
11/27/2011,BAK,IN,AGL,CE,Federal Contract Tower,0,2,7,0,9,0,0,0,0,0,0,2,7,0,9,0,0,0,9
11/28/2011,BAK,IN,AGL,CE,Federal Contract Tower,0,4,6,0,10,0,0,0,0,0,0,4,6,0,10,0,0,0,10
11/29/2011,BAK,IN,AGL,CE,Federal Contract Tower,1,4,11,0,16,0,0,6,0,6,1,4,17,0,22,0,0,0,22
11/30/2011,BAK,IN,AGL,CE,Federal Contract Tower,0,3,11,1,15,0,0,30,6,36,0,3,41,7,51,0,8,8,59
12/01/2011,BAK,IN,AGL,CE,Federal Contract Tower,0,4,10,0,14,0,0,62,2,64,0,4,72,2,78,4,2,6,84
12/02/2011,BAK,IN,AGL,CE,Federal Contract Tower,0,4,7,0,11,0,0,62,6,68,0,4,69,6,79,62,10,72,151
12/03/2011,BAK,IN,AGL,CE,Federal Contract Tower,0,0,15,0,15,0,0,134,0,134,0,0,149,0,149,8,0,8,157
12/04/2011,BAK,IN,AGL,CE,Federal Contract Tower,0,0,0,0,0,0,0,0,0,0,0,0,0,0,0,0,0,0,0
12/05/2011,BAK,IN,AGL,CE,Federal Contract Tower,0,4,11,0,15,0,0,0,0,0,0,4,11,0,15,0,0,0,15
12/06/2011,BAK,IN,AGL,CE,Federal Contract Tower,0,5,9,0,14,0,0,0,0,0,0,5,9,0,14,0,0,0,14
12/07/2011,BAK,IN,AGL,CE,Federal Contract Tower,0,12,10,1,23,0,0,45,4,49,0,12,55,5,72,74,0,74,146
12/08/2011,BAK,IN,AGL,CE,Federal Contract Tower,0,5,13,5,23,0,1,39,0,40,0,6,52,5,63,20,0,20,83
12/09/2011,BAK,IN,AGL,CE,Federal Contract Tower,0,8,15,0,23,0,1,38,0,39,0,9,53,0,62,8,0,8,70
12/10/2011,BAK,IN,AGL,CE,Federal Contract Tower,0,0,9,2,11,0,0,97,2,99,0,0,106,4,110,56,0,56,166
12/11/2011,BAK,IN,AGL,CE,Federal Contract Tower,0,0,8,2,10,0,0,92,0,92,0,0,100,2,102,46,0,46,148
12/12/2011,BAK,IN,AGL,CE,Federal Contract Tower,0,1,23,0,24,0,0,72,0,72,0,1,95,0,96,28,0,28,124
12/13/2011,BAK,IN,AGL,CE,Federal Contract Tower,0,6,22,0,28,0,0,16,4,20,0,6,38,4,48,0,14,14,62
12/14/2011,BAK,IN,AGL,CE,Federal Contract Tower,0,4,7,2,13,0,0,47,4,51,0,4,54,6,64,4,26,30,94
12/15/2011,BAK,IN,AGL,CE,Federal Contract Tower,0,10,14,0,24,0,1,11,10,22,0,11,25,10,46,0,22,22,68
12/16/2011,BAK,IN,AGL,CE,Federal Contract Tower,1,10,21,0,32,0,1,67,12,80,1,11,88,12,112,40,0,40,152
12/17/2011,BAK,IN,AGL,CE,Federal Contract Tower,0,0,9,1,10,0,0,81,0,81,0,0,90,1,91,28,0,28,119
12/18/2011,BAK,IN,AGL,CE,Federal Contract Tower,0,0,2,0,2,0,0,91,0,91,0,0,93,0,93,36,0,36,129
12/19/2011,BAK,IN,AGL,CE,Federal Contract Tower,0,6,10,0,16,0,0,12,2,14,0,6,22,2,30,28,8,36,66
12/20/2011,BAK,IN,AGL,CE,Federal Contract Tower,0,2,13,3,18,0,0,14,0,14,0,2,27,3,32,12,22,34,66
12/21/2011,BAK,IN,AGL,CE,Federal Contract Tower,0,6,16,0,22,0,0,29,0,29,0,6,45,0,51,24,0,24,75
12/22/2011,BAK,IN,AGL,CE,Federal Contract Tower,0,6,23,11,40,0,0,39,10,49,0,6,62,21,89,0,40,40,129
12/23/2011,BAK,IN,AGL,CE,Federal Contract Tower,0,0,6,0,6,0,0,50,0,50,0,0,56,0,56,0,0,0,56
12/24/2011,BAK,IN,AGL,CE,Federal Contract Tower,0,1,4,0,5,0,0,55,0,55,0,1,59,0,60,12,0,12,72
12/25/2011,BAK,IN,AGL,CE,Federal Contract Tower,0,0,0,0,0,0,0,0,0,0,0,0,0,0,0,0,0,0,0
12/26/2011,BAK,IN,AGL,CE,Federal Contract Tower,0,0,4,0,4,0,0,46,0,46,0,0,50,0,50,26,0,26,76
12/27/2011,BAK,IN,AGL,CE,Federal Contract Tower,0,0,2,0,2,0,0,0,0,0,0,0,2,0,2,0,0,0,2
12/28/2011,BAK,IN,AGL,CE,Federal Contract Tower,0,8,5,2,15,0,0,63,8,71,0,8,68,10,86,90,12,102,188
12/29/2011,BAK,IN,AGL,CE,Federal Contract Tower,0,5,1,1,7,0,8,31,0,39,0,13,32,1,46,0,0,0,46
12/30/2011,BAK,IN,AGL,CE,Federal Contract Tower,0,1,4,2,7,0,0,16,6,22,0,1,20,8,29,0,10,10,39
12/31/2011,BAK,IN,AGL,CE,Federal Contract Tower,0,0,3,0,3,0,0,24,0,24,0,0,27,0,27,20,0,20,47
01/01/2012,BAK,IN,AGL,CE,Federal Contract Tower,0,0,0,0,0,0,0,0,0,0,0,0,0,0,0,0,0,0,0
01/02/2012,BAK,IN,AGL,CE,Federal Contract Tower,0,2,7,0,9,0,0,1,0,1,0,2,8,0,10,0,0,0,10
01/03/2012,BAK,IN,AGL,CE,Federal Contract Tower,0,2,3,3,8,0,0,37,6,43,0,2,40,9,51,4,0,4,55
01/04/2012,BAK,IN,AGL,CE,Federal Contract Tower,0,1,6,7,14,0,1,52,0,53,0,2,58,7,67,16,6,22,89
01/05/2012,BAK,IN,AGL,CE,Federal Contract Tower,0,6,6,1,13,0,0,76,16,92,0,6,82,17,105,36,32,68,173
01/06/2012,BAK,IN,AGL,CE,Federal Contract Tower,0,2,10,4,16,0,0,67,13,80,0,2,77,17,96,20,34,54,150
01/07/2012,BAK,IN,AGL,CE,Federal Contract Tower,0,0,17,1,18,0,0,100,2,102,0,0,117,3,120,48,0,48,168
01/08/2012,BAK,IN,AGL,CE,Federal Contract Tower,0,3,5,1,9,0,0,96,0,96,0,3,101,1,105,38,0,38,143
01/09/2012,BAK,IN,AGL,CE,Federal Contract Tower,0,3,5,1,9,0,0,60,0,60,0,3,65,1,69,26,0,26,95
01/10/2012,BAK,IN,AGL,CE,Federal Contract Tower,0,4,16,1,21,0,0,70,0,70,0,4,86,1,91,42,0,42,133
01/11/2012,BAK,IN,AGL,CE,Federal Contract Tower,0,4,15,0,19,0,0,12,0,12,0,4,27,0,31,0,0,0,31
01/12/2012,BAK,IN,AGL,CE,Federal Contract Tower,0,3,4,0,7,0,0,0,0,0,0,3,4,0,7,0,0,0,7
01/13/2012,BAK,IN,AGL,CE,Federal Contract Tower,0,2,4,4,10,0,0,4,8,12,0,2,8,12,22,0,0,0,22
01/14/2012,BAK,IN,AGL,CE,Federal Contract Tower,0,0,4,0,4,0,0,36,0,36,0,0,40,0,40,0,0,0,40
01/15/2012,BAK,IN,AGL,CE,Federal Contract Tower,0,0,3,0,3,0,0,95,0,95,0,0,98,0,98,14,0,14,112
01/16/2012,BAK,IN,AGL,CE,Federal Contract Tower,0,1,5,0,6,0,0,17,0,17,0,1,22,0,23,6,0,6,29
01/17/2012,BAK,IN,AGL,CE,Federal Contract Tower,0,6,4,0,10,0,0,2,0,2,0,6,6,0,12,0,0,0,12
01/18/2012,BAK,IN,AGL,CE,Federal Contract Tower,0,2,20,0,22,0,0,56,0,56,0,2,76,0,78,22,0,22,100
01/19/2012,BAK,IN,AGL,CE,Federal Contract Tower,0,4,21,2,27,0,0,38,18,56,0,4,59,20,83,12,0,12,95
01/20/2012,BAK,IN,AGL,CE,Federal Contract Tower,0,1,5,0,6,0,0,36,0,36,0,1,41,0,42,14,0,14,56
01/21/2012,BAK,IN,AGL,CE,Federal Contract Tower,0,0,0,0,0,0,0,0,0,0,0,0,0,0,0,0,0,0,0
01/22/2012,BAK,IN,AGL,CE,Federal Contract Tower,0,0,1,0,1,0,0,0,0,0,0,0,1,0,1,0,0,0,1
01/23/2012,BAK,IN,AGL,CE,Federal Contract Tower,0,1,7,1,9,0,0,4,1,5,0,1,11,2,14,0,0,0,14
01/24/2012,BAK,IN,AGL,CE,Federal Contract Tower,7,12,1,0,20,0,1,37,17,55,7,13,38,17,75,80,0,80,155
01/25/2012,BAK,IN,AGL,CE,Federal Contract Tower,0,2,10,5,17,0,0,22,0,22,0,2,32,5,39,0,52,52,91
01/26/2012,BAK,IN,AGL,CE,Federal Contract Tower,2,3,8,0,13,0,0,0,0,0,2,3,8,0,13,0,0,0,13
01/27/2012,BAK,IN,AGL,CE,Federal Contract Tower,1,2,9,0,12,0,0,14,0,14,1,2,23,0,26,42,0,42,68
01/28/2012,BAK,IN,AGL,CE,Federal Contract Tower,0,0,0,0,0,0,0,52,0,52,0,0,52,0,52,16,0,16,68
01/29/2012,BAK,IN,AGL,CE,Federal Contract Tower,0,1,6,0,7,0,0,63,28,91,0,1,69,28,98,0,0,0,98
01/30/2012,BAK,IN,AGL,CE,Federal Contract Tower,0,0,13,2,15,0,1,25,2,28,0,1,38,4,43,28,4,32,75
01/31/2012,BAK,IN,AGL,CE,Federal Contract Tower,0,4,13,1,18,0,1,38,18,57,0,5,51,19,75,22,26,48,123
02/01/2012,BAK,IN,AGL,CE,Federal Contract Tower,2,2,18,2,24,0,0,92,18,110,2,2,110,20,134,82,42,124,258
02/02/2012,BAK,IN,AGL,CE,Federal Contract Tower,0,11,13,0,24,0,0,102,0,102,0,11,115,0,126,34,0,34,160
02/03/2012,BAK,IN,AGL,CE,Federal Contract Tower,1,17,15,0,33,0,0,100,6,106,1,17,115,6,139,46,14,60,199
02/04/2012,BAK,IN,AGL,CE,Federal Contract Tower,0,3,20,0,23,0,0,0,0,0,0,3,20,0,23,0,0,0,23
02/05/2012,BAK,IN,AGL,CE,Federal Contract Tower,0,17,62,0,79,0,11,12,0,23,0,28,74,0,102,18,0,18,120
02/06/2012,BAK,IN,AGL,CE,Federal Contract Tower,0,20,22,1,43,0,1,100,5,106,0,21,122,6,149,72,4,76,225
02/07/2012,BAK,IN,AGL,CE,Federal Contract Tower,0,6,11,2,19,0,0,54,12,66,0,6,65,14,85,112,18,130,215
02/08/2012,BAK,IN,AGL,CE,Federal Contract Tower,0,2,11,4,17,0,0,0,2,2,0,2,11,6,19,0,10,10,29
02/09/2012,BAK,IN,AGL,CE,Federal Contract Tower,0,8,11,0,19,0,0,32,0,32,0,8,43,0,51,6,0,6,57
02/10/2012,BAK,IN,AGL,CE,Federal Contract Tower,0,5,10,2,17,0,0,11,8,19,0,5,21,10,36,0,0,0,36
02/11/2012,BAK,IN,AGL,CE,Federal Contract Tower,0,0,8,0,8,0,0,8,0,8,0,0,16,0,16,0,0,0,16
02/12/2012,BAK,IN,AGL,CE,Federal Contract Tower,0,2,7,0,9,0,0,0,0,0,0,2,7,0,9,58,0,58,67
02/13/2012,BAK,IN,AGL,CE,Federal Contract Tower,0,1,7,0,8,0,0,51,0,51,0,1,58,0,59,42,0,42,101
02/14/2012,BAK,IN,AGL,CE,Federal Contract Tower,0,6,15,0,21,0,0,28,8,36,0,6,43,8,57,10,10,20,77
02/15/2012,BAK,IN,AGL,CE,Federal Contract Tower,0,5,8,12,25,0,0,46,6,52,0,5,54,18,77,50,0,50,127
02/16/2012,BAK,IN,AGL,CE,Federal Contract Tower,0,5,9,4,18,0,0,17,4,21,0,5,26,8,39,4,22,26,65
02/17/2012,BAK,IN,AGL,CE,Federal Contract Tower,1,7,18,0,26,0,0,68,0,68,1,7,86,0,94,58,0,58,152
02/18/2012,BAK,IN,AGL,CE,Federal Contract Tower,0,3,7,0,10,0,0,80,0,80,0,3,87,0,90,42,0,42,132
02/19/2012,BAK,IN,AGL,CE,Federal Contract Tower,0,2,6,0,8,0,0,54,0,54,0,2,60,0,62,6,0,6,68
02/20/2012,BAK,IN,AGL,CE,Federal Contract Tower,2,1,11,0,14,0,0,81,0,81,2,1,92,0,95,44,0,44,139
02/21/2012,BAK,IN,AGL,CE,Federal Contract Tower,1,14,10,2,27,0,0,33,6,39,1,14,43,8,66,28,4,32,98
02/22/2012,BAK,IN,AGL,CE,Federal Contract Tower,2,10,16,2,30,0,0,78,6,84,2,10,94,8,114,18,26,44,158
02/23/2012,BAK,IN,AGL,CE,Federal Contract Tower,0,13,13,0,26,0,0,59,2,61,0,13,72,2,87,20,20,40,127
02/24/2012,BAK,IN,AGL,CE,Federal Contract Tower,0,6,9,0,15,0,0,15,0,15,0,6,24,0,30,0,0,0,30
02/25/2012,BAK,IN,AGL,CE,Federal Contract Tower,0,0,2,0,2,0,0,18,0,18,0,0,20,0,20,4,0,4,24
02/26/2012,BAK,IN,AGL,CE,Federal Contract Tower,0,1,6,0,7,0,0,129,0,129,0,1,135,0,136,54,0,54,190
02/27/2012,BAK,IN,AGL,CE,Federal Contract Tower,2,0,10,1,13,0,0,68,12,80,2,0,78,13,93,18,40,58,151
02/28/2012,BAK,IN,AGL,CE,Federal Contract Tower,0,16,14,2,32,0,0,88,24,112,0,16,102,26,144,20,0,20,164
02/29/2012,BAK,IN,AGL,CE,Federal Contract Tower,0,22,13,2,37,0,0,7,2,9,0,22,20,4,46,0,12,12,58
03/01/2012,BAK,IN,AGL,CE,Federal Contract Tower,4,46,20,5,75,0,1,52,0,53,4,47,72,5,128,48,0,48,176
03/02/2012,BAK,IN,AGL,CE,Federal Contract Tower,1,45,11,0,57,0,1,19,0,20,1,46,30,0,77,0,0,0,77
03/03/2012,BAK,IN,AGL,CE,Federal Contract Tower,2,2,19,0,23,0,0,71,0,71,2,2,90,0,94,32,0,32,126
03/04/2012,BAK,IN,AGL,CE,Federal Contract Tower,0,2,0,0,2,0,0,77,0,77,0,2,77,0,79,32,0,32,111
03/05/2012,BAK,IN,AGL,CE,Federal Contract Tower,0,24,15,0,39,0,0,28,0,28,0,24,43,0,67,20,0,20,87
03/06/2012,BAK,IN,AGL,CE,Federal Contract Tower,2,34,8,1,45,0,0,35,11,46,2,34,43,12,91,0,8,8,99
03/07/2012,BAK,IN,AGL,CE,Federal Contract Tower,2,48,17,3,70,0,0,47,4,51,2,48,64,7,121,40,0,40,161
03/08/2012,BAK,IN,AGL,CE,Federal Contract Tower,7,56,9,5,77,0,1,3,0,4,7,57,12,5,81,0,8,8,89
03/09/2012,BAK,IN,AGL,CE,Federal Contract Tower,15,43,10,3,71,0,1,58,2,61,15,44,68,5,132,38,4,42,174
03/10/2012,BAK,IN,AGL,CE,Federal Contract Tower,8,31,7,0,46,0,0,234,20,254,8,31,241,20,300,66,4,70,370
03/11/2012,BAK,IN,AGL,CE,Federal Contract Tower,0,0,12,0,12,0,0,114,0,114,0,0,126,0,126,74,0,74,200
03/12/2012,BAK,IN,AGL,CE,Federal Contract Tower,2,16,10,2,30,0,0,4,0,4,2,16,14,2,34,0,0,0,34
03/13/2012,BAK,IN,AGL,CE,Federal Contract Tower,10,39,16,0,65,0,0,70,2,72,10,39,86,2,137,24,0,24,161
03/14/2012,BAK,IN,AGL,CE,Federal Contract Tower,23,24,34,2,83,0,0,101,4,105,23,24,135,6,188,26,26,52,240
03/15/2012,BAK,IN,AGL,CE,Federal Contract Tower,27,51,13,0,91,0,0,41,0,41,27,51,54,0,132,0,0,0,132
03/16/2012,BAK,IN,AGL,CE,Federal Contract Tower,13,68,5,2,88,0,0,50,0,50,13,68,55,2,138,8,0,8,146
03/17/2012,BAK,IN,AGL,CE,Federal Contract Tower,0,6,10,2,18,0,0,64,2,66,0,6,74,4,84,30,4,34,118
03/18/2012,BAK,IN,AGL,CE,Federal Contract Tower,0,2,4,2,8,0,0,42,0,42,0,2,46,2,50,8,0,8,58
03/19/2012,BAK,IN,AGL,CE,Federal Contract Tower,12,6,8,2,28,0,0,48,0,48,12,6,56,2,76,24,0,24,100
03/20/2012,BAK,IN,AGL,CE,Federal Contract Tower,9,20,16,2,47,0,0,52,0,52,9,20,68,2,99,18,0,18,117
03/21/2012,BAK,IN,AGL,CE,Federal Contract Tower,1,29,13,2,45,0,0,54,13,67,1,29,67,15,112,8,0,8,120
03/22/2012,BAK,IN,AGL,CE,Federal Contract Tower,10,20,8,2,40,0,1,48,14,63,10,21,56,16,103,12,8,20,123
03/23/2012,BAK,IN,AGL,CE,Federal Contract Tower,14,21,7,0,42,0,1,11,0,12,14,22,18,0,54,0,0,0,54
03/24/2012,BAK,IN,AGL,CE,Federal Contract Tower,1,18,8,4,31,0,0,71,0,71,1,18,79,4,102,14,0,14,116
03/25/2012,BAK,IN,AGL,CE,Federal Contract Tower,0,1,13,0,14,0,0,26,0,26,0,1,39,0,40,10,0,10,50
03/26/2012,BAK,IN,AGL,CE,Federal Contract Tower,0,1,6,0,7,0,0,58,0,58,0,1,64,0,65,14,0,14,79
03/27/2012,BAK,IN,AGL,CE,Federal Contract Tower,0,6,6,0,12,0,0,58,0,58,0,6,64,0,70,40,0,40,110
03/28/2012,BAK,IN,AGL,CE,Federal Contract Tower,0,4,13,0,17,0,1,39,0,40,0,5,52,0,57,18,0,18,75
03/29/2012,BAK,IN,AGL,CE,Federal Contract Tower,7,12,15,5,39,0,0,71,0,71,7,12,86,5,110,18,0,18,128
03/30/2012,BAK,IN,AGL,CE,Federal Contract Tower,2,15,18,0,35,0,1,52,0,53,2,16,70,0,88,52,0,52,140
03/31/2012,BAK,IN,AGL,CE,Federal Contract Tower,3,11,1,2,17,0,0,2,0,2,3,11,3,2,19,0,0,0,19
04/01/2012,BAK,IN,AGL,CE,Federal Contract Tower,0,0,3,0,3,0,0,12,0,12,0,0,15,0,15,40,0,40,55
04/02/2012,BAK,IN,AGL,CE,Federal Contract Tower,4,7,14,0,25,0,0,51,0,51,4,7,65,0,76,24,0,24,100
04/03/2012,BAK,IN,AGL,CE,Federal Contract Tower,0,18,19,8,45,0,1,85,12,98,0,19,104,20,143,22,18,40,183
04/04/2012,BAK,IN,AGL,CE,Federal Contract Tower,3,16,18,2,39,0,1,34,0,35,3,17,52,2,74,0,0,0,74
04/05/2012,BAK,IN,AGL,CE,Federal Contract Tower,4,14,8,3,29,0,1,14,4,19,4,15,22,7,48,10,8,18,66
04/06/2012,BAK,IN,AGL,CE,Federal Contract Tower,0,0,12,0,12,0,1,66,0,67,0,1,78,0,79,12,0,12,91
04/07/2012,BAK,IN,AGL,CE,Federal Contract Tower,0,0,7,0,7,0,0,114,0,114,0,0,121,0,121,36,0,36,157
04/08/2012,BAK,IN,AGL,CE,Federal Contract Tower,0,0,4,0,4,0,0,43,0,43,0,0,47,0,47,0,0,0,47
04/09/2012,BAK,IN,AGL,CE,Federal Contract Tower,0,8,10,0,18,0,1,23,0,24,0,9,33,0,42,0,0,0,42
04/10/2012,BAK,IN,AGL,CE,Federal Contract Tower,0,6,13,0,19,0,1,40,0,41,0,7,53,0,60,0,0,0,60
04/11/2012,BAK,IN,AGL,CE,Federal Contract Tower,0,4,9,2,15,0,0,55,0,55,0,4,64,2,70,8,44,52,122
04/12/2012,BAK,IN,AGL,CE,Federal Contract Tower,0,6,12,1,19,0,0,46,0,46,0,6,58,1,65,0,0,0,65
04/13/2012,BAK,IN,AGL,CE,Federal Contract Tower,0,12,9,2,23,0,0,58,0,58,0,12,67,2,81,0,0,0,81
04/14/2012,BAK,IN,AGL,CE,Federal Contract Tower,0,1,9,0,10,0,0,0,10,10,0,1,9,10,20,0,0,0,20
04/15/2012,BAK,IN,AGL,CE,Federal Contract Tower,0,0,4,2,6,0,0,38,0,38,0,0,42,2,44,0,0,0,44
04/16/2012,BAK,IN,AGL,CE,Federal Contract Tower,0,8,14,0,22,0,1,4,0,5,0,9,18,0,27,0,0,0,27
04/17/2012,BAK,IN,AGL,CE,Federal Contract Tower,7,9,25,0,41,0,1,58,2,61,7,10,83,2,102,18,10,28,130
04/18/2012,BAK,IN,AGL,CE,Federal Contract Tower,0,10,13,0,23,0,0,75,0,75,0,10,88,0,98,32,0,32,130
04/19/2012,BAK,IN,AGL,CE,Federal Contract Tower,2,8,16,2,28,0,0,60,4,64,2,8,76,6,92,0,36,36,128
04/20/2012,BAK,IN,AGL,CE,Federal Contract Tower,0,11,15,0,26,0,0,54,4,58,0,11,69,4,84,14,0,14,98
04/21/2012,BAK,IN,AGL,CE,Federal Contract Tower,2,7,9,3,21,0,0,30,0,30,2,7,39,3,51,10,0,10,61
04/22/2012,BAK,IN,AGL,CE,Federal Contract Tower,0,1,8,0,9,0,0,60,2,62,0,1,68,2,71,12,0,12,83
04/23/2012,BAK,IN,AGL,CE,Federal Contract Tower,0,7,13,0,20,0,1,37,0,38,0,8,50,0,58,0,0,0,58
04/24/2012,BAK,IN,AGL,CE,Federal Contract Tower,0,7,19,0,26,0,1,61,0,62,0,8,80,0,88,24,0,24,112
04/25/2012,BAK,IN,AGL,CE,Federal Contract Tower,0,4,13,0,17,0,0,71,6,77,0,4,84,6,94,13,0,13,107
04/26/2012,BAK,IN,AGL,CE,Federal Contract Tower,0,13,20,0,33,0,0,52,0,52,0,13,72,0,85,12,0,12,97
04/27/2012,BAK,IN,AGL,CE,Federal Contract Tower,0,7,16,1,24,0,0,104,6,110,0,7,120,7,134,4,8,12,146
04/28/2012,BAK,IN,AGL,CE,Federal Contract Tower,4,2,14,2,22,0,0,47,0,47,4,2,61,2,69,6,0,6,75
04/29/2012,BAK,IN,AGL,CE,Federal Contract Tower,0,0,13,3,16,0,0,24,0,24,0,0,37,3,40,0,0,0,40
04/30/2012,BAK,IN,AGL,CE,Federal Contract Tower,1,5,21,0,27,0,0,51,0,51,1,5,72,0,78,38,0,38,116
05/01/2012,BAK,IN,AGL,CE,Federal Contract Tower,0,4,13,0,17,0,0,36,0,36,0,4,49,0,53,38,0,38,91
05/02/2012,BAK,IN,AGL,CE,Federal Contract Tower,0,10,14,0,24,0,0,38,2,40,0,10,52,2,64,0,20,20,84
05/03/2012,BAK,IN,AGL,CE,Federal Contract Tower,1,20,12,3,36,0,0,96,10,106,1,20,108,13,142,24,0,24,166
05/04/2012,BAK,IN,AGL,CE,Federal Contract Tower,0,10,17,0,27,0,1,95,0,96,0,11,112,0,123,0,0,0,123
05/05/2012,BAK,IN,AGL,CE,Federal Contract Tower,0,6,7,0,13,0,0,48,0,48,0,6,55,0,61,18,0,18,79
05/06/2012,BAK,IN,AGL,CE,Federal Contract Tower,0,2,12,0,14,0,0,62,2,64,0,2,74,2,78,6,0,6,84
05/07/2012,BAK,IN,AGL,CE,Federal Contract Tower,2,2,11,0,15,0,1,51,4,56,2,3,62,4,71,52,0,52,123
05/08/2012,BAK,IN,AGL,CE,Federal Contract Tower,0,8,21,0,29,0,1,56,6,63,0,9,77,6,92,22,46,68,160
05/09/2012,BAK,IN,AGL,CE,Federal Contract Tower,0,9,22,2,33,0,1,56,0,57,0,10,78,2,90,34,0,34,124
05/10/2012,BAK,IN,AGL,CE,Federal Contract Tower,4,6,14,2,26,0,0,63,11,74,4,6,77,13,100,22,0,22,122
05/11/2012,BAK,IN,AGL,CE,Federal Contract Tower,0,7,16,0,23,0,1,103,12,116,0,8,119,12,139,52,0,52,191
05/12/2012,BAK,IN,AGL,CE,Federal Contract Tower,0,7,8,1,16,0,0,94,0,94,0,7,102,1,110,26,0,26,136
05/13/2012,BAK,IN,AGL,CE,Federal Contract Tower,0,2,3,0,5,0,0,25,0,25,0,2,28,0,30,0,0,0,30
05/14/2012,BAK,IN,AGL,CE,Federal Contract Tower,4,1,14,2,21,0,0,86,12,98,4,1,100,14,119,40,0,40,159
05/15/2012,BAK,IN,AGL,CE,Federal Contract Tower,4,5,11,1,21,0,1,73,1,75,4,6,84,2,96,10,0,10,106
05/16/2012,BAK,IN,AGL,CE,Federal Contract Tower,4,5,22,0,31,0,1,86,0,87,4,6,108,0,118,8,0,8,126
05/17/2012,BAK,IN,AGL,CE,Federal Contract Tower,10,7,15,3,35,0,0,119,0,119,10,7,134,3,154,34,0,34,188
05/18/2012,BAK,IN,AGL,CE,Federal Contract Tower,1,12,18,2,33,0,0,122,2,124,1,12,140,4,157,28,40,68,225
05/19/2012,BAK,IN,AGL,CE,Federal Contract Tower,2,2,11,0,15,0,0,75,0,75,2,2,86,0,90,12,0,12,102
05/20/2012,BAK,IN,AGL,CE,Federal Contract Tower,0,1,2,0,3,0,0,87,0,87,0,1,89,0,90,28,0,28,118
05/21/2012,BAK,IN,AGL,CE,Federal Contract Tower,0,4,7,0,11,0,0,22,0,22,0,4,29,0,33,0,0,0,33
05/22/2012,BAK,IN,AGL,CE,Federal Contract Tower,2,11,17,0,30,0,0,70,0,70,2,11,87,0,100,0,0,0,100
05/23/2012,BAK,IN,AGL,CE,Federal Contract Tower,2,5,21,1,29,0,1,114,10,125,2,6,135,11,154,42,72,114,268
05/24/2012,BAK,IN,AGL,CE,Federal Contract Tower,2,9,5,0,16,0,1,73,0,74,2,10,78,0,90,0,0,0,90
05/25/2012,BAK,IN,AGL,CE,Federal Contract Tower,0,3,20,2,25,0,2,119,0,121,0,5,139,2,146,40,0,40,186
05/26/2012,BAK,IN,AGL,CE,Federal Contract Tower,1,0,4,0,5,0,0,96,0,96,1,0,100,0,101,42,0,42,143
05/27/2012,BAK,IN,AGL,CE,Federal Contract Tower,0,0,3,0,3,0,0,81,0,81,0,0,84,0,84,4,0,4,88
05/28/2012,BAK,IN,AGL,CE,Federal Contract Tower,0,1,14,0,15,0,0,78,0,78,0,1,92,0,93,22,0,22,115
05/29/2012,BAK,IN,AGL,CE,Federal Contract Tower,0,4,3,0,7,0,0,30,0,30,0,4,33,0,37,0,0,0,37
05/30/2012,BAK,IN,AGL,CE,Federal Contract Tower,0,3,16,1,20,0,1,97,0,98,0,4,113,1,118,28,0,28,146
05/31/2012,BAK,IN,AGL,CE,Federal Contract Tower,1,1,10,0,12,0,0,32,4,36,1,1,42,4,48,0,30,30,78
06/01/2012,BAK,IN,AGL,CE,Federal Contract Tower,0,3,25,0,28,0,0,32,0,32,0,3,57,0,60,12,0,12,72
06/02/2012,BAK,IN,AGL,CE,Federal Contract Tower,0,1,10,1,12,0,0,106,12,118,0,1,116,13,130,42,0,42,172
06/03/2012,BAK,IN,AGL,CE,Federal Contract Tower,0,0,3,0,3,0,0,96,10,106,0,0,99,10,109,52,0,52,161
06/04/2012,BAK,IN,AGL,CE,Federal Contract Tower,0,1,14,1,16,0,0,48,6,54,0,1,62,7,70,24,8,32,102
06/05/2012,BAK,IN,AGL,CE,Federal Contract Tower,4,2,15,0,21,0,0,86,0,86,4,2,101,0,107,8,0,8,115
06/06/2012,BAK,IN,AGL,CE,Federal Contract Tower,2,3,16,3,24,0,0,100,15,115,2,3,116,18,139,24,22,46,185
06/07/2012,BAK,IN,AGL,CE,Federal Contract Tower,0,2,12,0,14,0,0,60,0,60,0,2,72,0,74,0,0,0,74
06/08/2012,BAK,IN,AGL,CE,Federal Contract Tower,0,1,11,0,12,0,1,77,0,78,0,2,88,0,90,58,0,58,148
06/09/2012,BAK,IN,AGL,CE,Federal Contract Tower,0,1,10,2,13,0,0,105,4,109,0,1,115,6,122,62,2,64,186
06/10/2012,BAK,IN,AGL,CE,Federal Contract Tower,0,1,10,1,12,0,0,88,6,94,0,1,98,7,106,22,0,22,128
06/11/2012,BAK,IN,AGL,CE,Federal Contract Tower,0,0,9,1,10,0,0,55,7,62,0,0,64,8,72,22,0,22,94
06/12/2012,BAK,IN,AGL,CE,Federal Contract Tower,3,3,11,5,22,0,0,42,9,51,3,3,53,14,73,20,0,20,93
06/13/2012,BAK,IN,AGL,CE,Federal Contract Tower,0,6,11,0,17,0,1,92,0,93,0,7,103,0,110,0,0,0,110
06/14/2012,BAK,IN,AGL,CE,Federal Contract Tower,2,0,5,3,10,0,0,69,5,74,2,0,74,8,84,12,22,34,118
06/15/2012,BAK,IN,AGL,CE,Federal Contract Tower,0,1,8,2,11,0,0,98,12,110,0,1,106,14,121,60,10,70,191
06/16/2012,BAK,IN,AGL,CE,Federal Contract Tower,0,0,8,0,8,0,0,42,0,42,0,0,50,0,50,14,0,14,64
06/17/2012,BAK,IN,AGL,CE,Federal Contract Tower,0,1,5,0,6,0,0,38,0,38,0,1,43,0,44,14,0,14,58
06/18/2012,BAK,IN,AGL,CE,Federal Contract Tower,0,1,11,0,12,0,0,41,0,41,0,1,52,0,53,28,0,28,81
06/19/2012,BAK,IN,AGL,CE,Federal Contract Tower,1,4,8,3,16,0,0,44,12,56,1,4,52,15,72,28,32,60,132
06/20/2012,BAK,IN,AGL,CE,Federal Contract Tower,3,7,21,2,33,0,1,80,8,89,3,8,101,10,122,100,0,100,222
06/21/2012,BAK,IN,AGL,CE,Federal Contract Tower,2,0,14,0,16,0,0,63,16,79,2,0,77,16,95,16,28,44,139
06/22/2012,BAK,IN,AGL,CE,Federal Contract Tower,0,0,14,0,14,0,0,105,0,105,0,0,119,0,119,28,0,28,147
06/23/2012,BAK,IN,AGL,CE,Federal Contract Tower,0,0,11,0,11,0,0,110,8,118,0,0,121,8,129,32,0,32,161
06/24/2012,BAK,IN,AGL,CE,Federal Contract Tower,0,0,3,0,3,0,0,48,0,48,0,0,51,0,51,14,0,14,65
06/25/2012,BAK,IN,AGL,CE,Federal Contract Tower,0,3,11,1,15,0,0,59,2,61,0,3,70,3,76,18,0,18,94
06/26/2012,BAK,IN,AGL,CE,Federal Contract Tower,2,3,6,2,13,0,2,62,0,64,2,5,68,2,77,44,0,44,121
06/27/2012,BAK,IN,AGL,CE,Federal Contract Tower,2,3,14,2,21,0,3,74,12,89,2,6,88,14,110,0,14,14,124
06/28/2012,BAK,IN,AGL,CE,Federal Contract Tower,0,5,14,0,19,0,0,72,0,72,0,5,86,0,91,6,0,6,97
06/29/2012,BAK,IN,AGL,CE,Federal Contract Tower,0,0,19,2,21,0,1,75,0,76,0,1,94,2,97,34,0,34,131
06/30/2012,BAK,IN,AGL,CE,Federal Contract Tower,0,0,16,0,16,0,0,62,0,62,0,0,78,0,78,18,0,18,96
07/01/2012,BAK,IN,AGL,CE,Federal Contract Tower,0,0,6,0,6,0,0,44,0,44,0,0,50,0,50,0,0,0,50
07/02/2012,BAK,IN,AGL,CE,Federal Contract Tower,0,2,9,0,11,0,1,24,0,25,0,3,33,0,36,16,0,16,52
07/03/2012,BAK,IN,AGL,CE,Federal Contract Tower,0,3,17,0,20,0,1,113,6,120,0,4,130,6,140,30,0,30,170
07/04/2012,BAK,IN,AGL,CE,Federal Contract Tower,0,0,4,0,4,0,0,71,0,71,0,0,75,0,75,26,0,26,101
07/05/2012,BAK,IN,AGL,CE,Federal Contract Tower,0,0,4,0,4,0,0,60,0,60,0,0,64,0,64,34,0,34,98
07/06/2012,BAK,IN,AGL,CE,Federal Contract Tower,0,0,10,0,10,0,1,54,0,55,0,1,64,0,65,52,0,52,117
07/07/2012,BAK,IN,AGL,CE,Federal Contract Tower,0,0,4,0,4,0,0,147,0,147,0,0,151,0,151,10,0,10,161
07/08/2012,BAK,IN,AGL,CE,Federal Contract Tower,0,0,9,0,9,0,0,78,0,78,0,0,87,0,87,0,0,0,87
07/09/2012,BAK,IN,AGL,CE,Federal Contract Tower,0,5,9,0,14,0,1,67,4,72,0,6,76,4,86,46,0,46,132
07/10/2012,BAK,IN,AGL,CE,Federal Contract Tower,0,0,6,14,20,0,1,97,14,112,0,1,103,28,132,46,18,64,196
07/11/2012,BAK,IN,AGL,CE,Federal Contract Tower,2,2,21,2,27,0,0,71,4,75,2,2,92,6,102,14,0,14,116
07/12/2012,BAK,IN,AGL,CE,Federal Contract Tower,0,4,19,4,27,0,1,72,4,77,0,5,91,8,104,52,12,64,168
07/13/2012,BAK,IN,AGL,CE,Federal Contract Tower,0,1,19,0,20,0,1,61,6,68,0,2,80,6,88,42,0,42,130
07/14/2012,BAK,IN,AGL,CE,Federal Contract Tower,0,0,8,0,8,0,0,36,0,36,0,0,44,0,44,0,0,0,44
07/15/2012,BAK,IN,AGL,CE,Federal Contract Tower,0,0,11,0,11,0,0,75,0,75,0,0,86,0,86,60,0,60,146
07/16/2012,BAK,IN,AGL,CE,Federal Contract Tower,0,1,8,0,9,0,1,28,0,29,0,2,36,0,38,40,0,40,78
07/17/2012,BAK,IN,AGL,CE,Federal Contract Tower,2,0,12,0,14,0,1,53,0,54,2,1,65,0,68,34,0,34,102
07/18/2012,BAK,IN,AGL,CE,Federal Contract Tower,1,1,15,2,19,0,0,63,16,79,1,1,78,18,98,28,44,72,170
07/19/2012,BAK,IN,AGL,CE,Federal Contract Tower,0,1,15,0,16,0,0,2,0,2,0,1,17,0,18,0,12,12,30
07/20/2012,BAK,IN,AGL,CE,Federal Contract Tower,0,3,37,5,45,0,0,26,2,28,0,3,63,7,73,0,6,6,79
07/21/2012,BAK,IN,AGL,CE,Federal Contract Tower,1,0,12,1,14,0,0,180,11,191,1,0,192,12,205,68,12,80,285
07/22/2012,BAK,IN,AGL,CE,Federal Contract Tower,0,0,6,0,6,0,0,102,0,102,0,0,108,0,108,22,2,24,132
07/23/2012,BAK,IN,AGL,CE,Federal Contract Tower,1,0,10,3,14,0,0,170,6,176,1,0,180,9,190,62,0,62,252
07/24/2012,BAK,IN,AGL,CE,Federal Contract Tower,4,0,13,0,17,0,0,155,0,155,4,0,168,0,172,52,0,52,224
07/25/2012,BAK,IN,AGL,CE,Federal Contract Tower,0,4,11,2,17,0,0,128,2,130,0,4,139,4,147,68,0,68,215
07/26/2012,BAK,IN,AGL,CE,Federal Contract Tower,1,4,17,4,26,0,1,243,10,254,1,5,260,14,280,44,60,104,384
07/27/2012,BAK,IN,AGL,CE,Federal Contract Tower,0,0,12,5,17,0,0,204,18,222,0,0,216,23,239,58,0,58,297
07/28/2012,BAK,IN,AGL,CE,Federal Contract Tower,0,0,23,1,24,0,0,142,22,164,0,0,165,23,188,62,6,68,256
07/29/2012,BAK,IN,AGL,CE,Federal Contract Tower,0,0,19,3,22,0,0,152,4,156,0,0,171,7,178,0,0,0,178
07/30/2012,BAK,IN,AGL,CE,Federal Contract Tower,1,5,11,8,25,0,0,149,80,229,1,5,160,88,254,56,24,80,334
07/31/2012,BAK,IN,AGL,CE,Federal Contract Tower,2,2,11,13,28,0,1,160,42,203,2,3,171,55,231,62,0,62,293
08/01/2012,BAK,IN,AGL,CE,Federal Contract Tower,0,2,12,2,16,0,0,184,30,214,0,2,196,32,230,38,0,38,268
08/02/2012,BAK,IN,AGL,CE,Federal Contract Tower,0,3,20,1,24,0,0,205,34,239,0,3,225,35,263,24,0,24,287
08/03/2012,BAK,IN,AGL,CE,Federal Contract Tower,0,0,17,0,17,0,0,163,19,182,0,0,180,19,199,74,0,74,273
08/04/2012,BAK,IN,AGL,CE,Federal Contract Tower,0,1,19,7,27,0,0,30,0,30,0,1,49,7,57,0,0,0,57
08/05/2012,BAK,IN,AGL,CE,Federal Contract Tower,0,0,13,4,17,0,0,36,0,36,0,0,49,4,53,0,0,0,53
08/06/2012,BAK,IN,AGL,CE,Federal Contract Tower,1,0,9,1,11,0,0,113,4,117,1,0,122,5,128,48,0,48,176
08/07/2012,BAK,IN,AGL,CE,Federal Contract Tower,4,0,18,7,29,0,0,102,12,114,4,0,120,19,143,10,12,22,165
08/08/2012,BAK,IN,AGL,CE,Federal Contract Tower,0,2,3,2,7,0,0,69,6,75,0,2,72,8,82,44,0,44,126
08/09/2012,BAK,IN,AGL,CE,Federal Contract Tower,2,3,8,0,13,0,0,55,7,62,2,3,63,7,75,78,0,78,153
08/10/2012,BAK,IN,AGL,CE,Federal Contract Tower,0,2,12,4,18,0,0,60,10,70,0,2,72,14,88,30,0,30,118
08/11/2012,BAK,IN,AGL,CE,Federal Contract Tower,0,0,10,12,22,0,0,108,28,136,0,0,118,40,158,24,52,76,234
08/12/2012,BAK,IN,AGL,CE,Federal Contract Tower,0,0,3,2,5,0,0,131,32,163,0,0,134,34,168,24,38,62,230
08/13/2012,BAK,IN,AGL,CE,Federal Contract Tower,0,0,13,1,14,0,0,30,12,42,0,0,43,13,56,34,0,34,90
08/14/2012,BAK,IN,AGL,CE,Federal Contract Tower,2,4,9,5,20,0,0,28,2,30,2,4,37,7,50,0,0,0,50
08/15/2012,BAK,IN,AGL,CE,Federal Contract Tower,2,2,12,0,16,0,0,78,4,82,2,2,90,4,98,34,0,34,132
08/16/2012,BAK,IN,AGL,CE,Federal Contract Tower,3,4,15,0,22,0,1,23,0,24,3,5,38,0,46,16,0,16,62
08/17/2012,BAK,IN,AGL,CE,Federal Contract Tower,1,0,13,0,14,0,1,45,0,46,1,1,58,0,60,48,0,48,108
08/18/2012,BAK,IN,AGL,CE,Federal Contract Tower,0,0,7,0,7,0,0,133,0,133,0,0,140,0,140,62,0,62,202
08/19/2012,BAK,IN,AGL,CE,Federal Contract Tower,0,0,8,0,8,0,0,129,4,133,0,0,137,4,141,36,12,48,189
08/20/2012,BAK,IN,AGL,CE,Federal Contract Tower,0,0,8,0,8,0,0,58,0,58,0,0,66,0,66,56,0,56,122
08/21/2012,BAK,IN,AGL,CE,Federal Contract Tower,2,5,9,1,17,0,0,58,0,58,2,5,67,1,75,48,22,70,145
08/22/2012,BAK,IN,AGL,CE,Federal Contract Tower,0,2,10,0,12,0,0,67,0,67,0,2,77,0,79,80,0,80,159
08/23/2012,BAK,IN,AGL,CE,Federal Contract Tower,3,3,14,0,20,0,1,73,0,74,3,4,87,0,94,48,0,48,142
08/24/2012,BAK,IN,AGL,CE,Federal Contract Tower,1,0,13,0,14,0,1,82,0,83,1,1,95,0,97,64,0,64,161
08/25/2012,BAK,IN,AGL,CE,Federal Contract Tower,0,2,5,4,11,0,0,101,0,101,0,2,106,4,112,36,0,36,148
08/26/2012,BAK,IN,AGL,CE,Federal Contract Tower,1,0,4,0,5,0,0,69,0,69,1,0,73,0,74,28,0,28,102
08/27/2012,BAK,IN,AGL,CE,Federal Contract Tower,0,2,9,0,11,0,0,2,0,2,0,2,11,0,13,0,0,0,13
08/28/2012,BAK,IN,AGL,CE,Federal Contract Tower,2,4,8,0,14,0,0,88,6,94,2,4,96,6,108,40,0,40,148
08/29/2012,BAK,IN,AGL,CE,Federal Contract Tower,0,2,9,0,11,0,0,78,0,78,0,2,87,0,89,44,0,44,133
08/30/2012,BAK,IN,AGL,CE,Federal Contract Tower,0,3,18,1,22,0,0,44,0,44,0,3,62,1,66,10,0,10,76
08/31/2012,BAK,IN,AGL,CE,Federal Contract Tower,0,4,12,0,16,0,0,32,0,32,0,4,44,0,48,0,6,6,54
09/01/2012,BAK,IN,AGL,CE,Federal Contract Tower,2,1,3,0,6,0,0,39,0,39,2,1,42,0,45,18,0,18,63
09/02/2012,BAK,IN,AGL,CE,Federal Contract Tower,0,0,4,0,4,0,0,6,0,6,0,0,10,0,10,0,0,0,10
09/03/2012,BAK,IN,AGL,CE,Federal Contract Tower,0,0,13,0,13,0,0,11,0,11,0,0,24,0,24,0,0,0,24
09/04/2012,BAK,IN,AGL,CE,Federal Contract Tower,0,4,10,0,14,0,0,36,0,36,0,4,46,0,50,14,0,14,64
09/05/2012,BAK,IN,AGL,CE,Federal Contract Tower,0,2,13,1,16,0,1,39,8,48,0,3,52,9,64,54,4,58,122
09/06/2012,BAK,IN,AGL,CE,Federal Contract Tower,1,1,13,2,17,0,0,40,0,40,1,1,53,2,57,24,0,24,81
09/07/2012,BAK,IN,AGL,CE,Federal Contract Tower,0,1,6,0,7,0,0,52,0,52,0,1,58,0,59,8,0,8,67
09/08/2012,BAK,IN,AGL,CE,Federal Contract Tower,0,0,8,2,10,0,0,94,0,94,0,0,102,2,104,0,0,0,104
09/09/2012,BAK,IN,AGL,CE,Federal Contract Tower,0,2,6,0,8,0,0,78,0,78,0,2,84,0,86,60,0,60,146
09/10/2012,BAK,IN,AGL,CE,Federal Contract Tower,0,0,9,0,9,0,0,60,0,60,0,0,69,0,69,64,0,64,133
09/11/2012,BAK,IN,AGL,CE,Federal Contract Tower,0,4,11,2,17,0,0,56,0,56,0,4,67,2,73,62,0,62,135
09/12/2012,BAK,IN,AGL,CE,Federal Contract Tower,0,2,14,2,18,0,1,69,6,76,0,3,83,8,94,24,18,42,136
09/13/2012,BAK,IN,AGL,CE,Federal Contract Tower,1,1,8,2,12,0,0,64,8,72,1,1,72,10,84,62,12,74,158
09/14/2012,BAK,IN,AGL,CE,Federal Contract Tower,0,1,7,0,8,0,1,28,4,33,0,2,35,4,41,0,0,0,41
09/15/2012,BAK,IN,AGL,CE,Federal Contract Tower,0,0,1,1,2,0,0,85,1,86,0,0,86,2,88,22,2,24,112
09/16/2012,BAK,IN,AGL,CE,Federal Contract Tower,0,0,6,0,6,0,0,84,6,90,0,0,90,6,96,46,0,46,142
09/17/2012,BAK,IN,AGL,CE,Federal Contract Tower,0,1,17,1,19,0,1,20,0,21,0,2,37,1,40,0,0,0,40
09/18/2012,BAK,IN,AGL,CE,Federal Contract Tower,0,4,15,3,22,0,0,61,4,65,0,4,76,7,87,66,0,66,153
09/19/2012,BAK,IN,AGL,CE,Federal Contract Tower,0,2,25,2,29,0,1,90,6,97,0,3,115,8,126,90,18,108,234
09/20/2012,BAK,IN,AGL,CE,Federal Contract Tower,2,1,19,0,22,0,0,111,3,114,2,1,130,3,136,54,0,54,190
09/21/2012,BAK,IN,AGL,CE,Federal Contract Tower,0,0,17,2,19,0,1,44,0,45,0,1,61,2,64,42,0,42,106
09/22/2012,BAK,IN,AGL,CE,Federal Contract Tower,0,0,5,2,7,0,0,24,6,30,0,0,29,8,37,42,0,42,79
09/23/2012,BAK,IN,AGL,CE,Federal Contract Tower,0,0,8,0,8,0,0,116,0,116,0,0,124,0,124,82,0,82,206
09/24/2012,BAK,IN,AGL,CE,Federal Contract Tower,0,0,7,0,7,0,1,38,2,41,0,1,45,2,48,0,0,0,48
09/25/2012,BAK,IN,AGL,CE,Federal Contract Tower,0,4,16,0,20,0,1,9,0,10,0,5,25,0,30,0,0,0,30
09/26/2012,BAK,IN,AGL,CE,Federal Contract Tower,1,2,15,0,18,0,0,18,16,34,1,2,33,16,52,0,28,28,80
09/27/2012,BAK,IN,AGL,CE,Federal Contract Tower,0,2,13,1,16,0,0,10,0,10,0,2,23,1,26,10,10,20,46
09/28/2012,BAK,IN,AGL,CE,Federal Contract Tower,1,1,12,0,14,0,0,26,0,26,1,1,38,0,40,50,0,50,90
09/29/2012,BAK,IN,AGL,CE,Federal Contract Tower,0,3,18,0,21,0,0,81,0,81,0,3,99,0,102,38,0,38,140
09/30/2012,BAK,IN,AGL,CE,Federal Contract Tower,0,1,10,0,11,0,0,100,0,100,0,1,110,0,111,42,0,42,153
10/01/2012,BAK,IN,AGL,CE,Federal Contract Tower,0,0,9,0,9,0,0,46,0,46,0,0,55,0,55,6,0,6,61
10/02/2012,BAK,IN,AGL,CE,Federal Contract Tower,1,6,20,9,36,0,0,27,0,27,1,6,47,9,63,4,14,18,81
10/03/2012,BAK,IN,AGL,CE,Federal Contract Tower,0,4,24,1,29,0,1,68,19,88,0,5,92,20,117,38,12,50,167
10/04/2012,BAK,IN,AGL,CE,Federal Contract Tower,0,6,19,1,26,0,0,102,18,120,0,6,121,19,146,104,20,124,270
10/05/2012,BAK,IN,AGL,CE,Federal Contract Tower,0,2,17,0,19,0,0,18,0,18,0,2,35,0,37,16,0,16,53
10/06/2012,BAK,IN,AGL,CE,Federal Contract Tower,0,0,10,0,10,0,0,72,0,72,0,0,82,0,82,12,0,12,94
10/07/2012,BAK,IN,AGL,CE,Federal Contract Tower,0,0,2,0,2,0,0,34,0,34,0,0,36,0,36,14,0,14,50
10/08/2012,BAK,IN,AGL,CE,Federal Contract Tower,0,2,8,0,10,0,0,48,0,48,0,2,56,0,58,36,0,36,94
10/09/2012,BAK,IN,AGL,CE,Federal Contract Tower,0,5,11,0,16,0,1,69,0,70,0,6,80,0,86,40,0,40,126
10/10/2012,BAK,IN,AGL,CE,Federal Contract Tower,0,2,21,5,28,0,1,61,10,72,0,3,82,15,100,4,26,30,130
10/11/2012,BAK,IN,AGL,CE,Federal Contract Tower,0,5,6,1,12,0,0,80,10,90,0,5,86,11,102,16,28,44,146
10/12/2012,BAK,IN,AGL,CE,Federal Contract Tower,0,4,8,1,13,0,0,72,12,84,0,4,80,13,97,60,8,68,165
10/13/2012,BAK,IN,AGL,CE,Federal Contract Tower,0,2,15,0,17,0,0,134,0,134,0,2,149,0,151,18,0,18,169
10/14/2012,BAK,IN,AGL,CE,Federal Contract Tower,0,2,6,0,8,0,0,0,0,0,0,2,6,0,8,0,0,0,8
10/15/2012,BAK,IN,AGL,CE,Federal Contract Tower,0,0,12,0,12,0,0,76,8,84,0,0,88,8,96,26,0,26,122
10/16/2012,BAK,IN,AGL,CE,Federal Contract Tower,1,2,12,0,15,0,1,66,14,81,1,3,78,14,96,14,8,22,118
10/17/2012,BAK,IN,AGL,CE,Federal Contract Tower,0,4,16,1,21,0,0,36,0,36,0,4,52,1,57,0,36,36,93
10/18/2012,BAK,IN,AGL,CE,Federal Contract Tower,0,2,0,0,2,0,0,40,8,48,0,2,40,8,50,6,0,6,56
10/19/2012,BAK,IN,AGL,CE,Federal Contract Tower,0,1,13,0,14,0,0,34,0,34,0,1,47,0,48,4,0,4,52
10/20/2012,BAK,IN,AGL,CE,Federal Contract Tower,0,0,6,0,6,0,0,30,0,30,0,0,36,0,36,22,0,22,58
10/21/2012,BAK,IN,AGL,CE,Federal Contract Tower,0,3,8,0,11,0,0,90,0,90,0,3,98,0,101,30,0,30,131
10/22/2012,BAK,IN,AGL,CE,Federal Contract Tower,0,3,9,2,14,0,0,71,2,73,0,3,80,4,87,18,0,18,105
10/23/2012,BAK,IN,AGL,CE,Federal Contract Tower,2,3,7,0,12,0,0,61,0,61,2,3,68,0,73,42,0,42,115
10/24/2012,BAK,IN,AGL,CE,Federal Contract Tower,0,5,16,0,21,0,1,66,2,69,0,6,82,2,90,30,0,30,120
10/25/2012,BAK,IN,AGL,CE,Federal Contract Tower,2,3,10,0,15,0,0,81,0,81,2,3,91,0,96,20,0,20,116
10/26/2012,BAK,IN,AGL,CE,Federal Contract Tower,0,2,9,0,11,0,0,31,10,41,0,2,40,10,52,22,24,46,98
10/27/2012,BAK,IN,AGL,CE,Federal Contract Tower,0,0,4,0,4,0,0,92,0,92,0,0,96,0,96,40,0,40,136
10/28/2012,BAK,IN,AGL,CE,Federal Contract Tower,0,1,10,1,12,0,0,87,3,90,0,1,97,4,102,12,0,12,114
10/29/2012,BAK,IN,AGL,CE,Federal Contract Tower,0,1,6,0,7,0,0,31,0,31,0,1,37,0,38,0,0,0,38
10/30/2012,BAK,IN,AGL,CE,Federal Contract Tower,2,3,4,0,9,0,0,3,3,6,2,3,7,3,15,0,8,8,23
10/31/2012,BAK,IN,AGL,CE,Federal Contract Tower,0,10,8,0,18,0,0,18,0,18,0,10,26,0,36,0,0,0,36
11/01/2012,BAK,IN,AGL,CE,Federal Contract Tower,0,2,21,0,23,0,0,69,0,69,0,2,90,0,92,82,0,82,174
11/02/2012,BAK,IN,AGL,CE,Federal Contract Tower,0,1,8,0,9,0,0,75,0,75,0,1,83,0,84,28,0,28,112
11/03/2012,BAK,IN,AGL,CE,Federal Contract Tower,0,0,3,0,3,0,0,15,0,15,0,0,18,0,18,0,0,0,18
11/04/2012,BAK,IN,AGL,CE,Federal Contract Tower,0,2,6,0,8,0,0,85,0,85,0,2,91,0,93,48,0,48,141
11/05/2012,BAK,IN,AGL,CE,Federal Contract Tower,0,3,20,0,23,0,0,60,0,60,0,3,80,0,83,30,0,30,113
11/06/2012,BAK,IN,AGL,CE,Federal Contract Tower,2,3,13,0,18,0,0,50,0,50,2,3,63,0,68,58,0,58,126
11/07/2012,BAK,IN,AGL,CE,Federal Contract Tower,3,2,5,1,11,0,0,42,0,42,3,2,47,1,53,20,0,20,73
11/08/2012,BAK,IN,AGL,CE,Federal Contract Tower,0,6,6,0,12,0,0,20,0,20,0,6,26,0,32,10,0,10,42
11/09/2012,BAK,IN,AGL,CE,Federal Contract Tower,0,1,11,0,12,0,0,40,0,40,0,1,51,0,52,26,0,26,78
11/10/2012,BAK,IN,AGL,CE,Federal Contract Tower,0,2,5,0,7,0,0,106,0,106,0,2,111,0,113,46,0,46,159
11/11/2012,BAK,IN,AGL,CE,Federal Contract Tower,0,0,6,0,6,0,0,44,0,44,0,0,50,0,50,18,0,18,68
11/12/2012,BAK,IN,AGL,CE,Federal Contract Tower,0,1,11,0,12,0,0,4,0,4,0,1,15,0,16,0,0,0,16
11/13/2012,BAK,IN,AGL,CE,Federal Contract Tower,3,3,16,0,22,0,0,74,4,78,3,3,90,4,100,30,0,30,130
11/14/2012,BAK,IN,AGL,CE,Federal Contract Tower,0,4,17,1,22,0,0,61,4,65,0,4,78,5,87,6,0,6,93
11/15/2012,BAK,IN,AGL,CE,Federal Contract Tower,0,2,13,0,15,0,0,51,0,51,0,2,64,0,66,52,0,52,118
11/16/2012,BAK,IN,AGL,CE,Federal Contract Tower,0,3,16,0,19,0,0,53,2,55,0,3,69,2,74,32,0,32,106
11/17/2012,BAK,IN,AGL,CE,Federal Contract Tower,0,0,14,0,14,0,0,151,0,151,0,0,165,0,165,58,0,58,223
11/18/2012,BAK,IN,AGL,CE,Federal Contract Tower,0,0,3,0,3,0,0,116,0,116,0,0,119,0,119,72,0,72,191
11/19/2012,BAK,IN,AGL,CE,Federal Contract Tower,0,1,5,5,11,0,0,64,6,70,0,1,69,11,81,30,82,112,193
11/20/2012,BAK,IN,AGL,CE,Federal Contract Tower,0,0,12,0,12,0,0,42,0,42,0,0,54,0,54,44,20,64,118
11/21/2012,BAK,IN,AGL,CE,Federal Contract Tower,0,3,14,0,17,0,0,72,0,72,0,3,86,0,89,88,0,88,177
11/22/2012,BAK,IN,AGL,CE,Federal Contract Tower,0,0,6,0,6,0,0,21,0,21,0,0,27,0,27,0,0,0,27
11/23/2012,BAK,IN,AGL,CE,Federal Contract Tower,0,0,4,0,4,0,0,21,0,21,0,0,25,0,25,0,0,0,25
11/24/2012,BAK,IN,AGL,CE,Federal Contract Tower,0,0,5,0,5,0,0,46,0,46,0,0,51,0,51,56,0,56,107
11/25/2012,BAK,IN,AGL,CE,Federal Contract Tower,0,0,6,0,6,0,0,72,0,72,0,0,78,0,78,16,0,16,94
11/26/2012,BAK,IN,AGL,CE,Federal Contract Tower,0,1,13,0,14,0,0,61,0,61,0,1,74,0,75,56,0,56,131
11/27/2012,BAK,IN,AGL,CE,Federal Contract Tower,0,4,14,0,18,0,0,89,0,89,0,4,103,0,107,18,0,18,125
11/28/2012,BAK,IN,AGL,CE,Federal Contract Tower,0,6,18,4,28,0,0,56,10,66,0,6,74,14,94,36,8,44,138
11/29/2012,BAK,IN,AGL,CE,Federal Contract Tower,0,3,9,0,12,0,0,65,0,65,0,3,74,0,77,46,0,46,123
11/30/2012,BAK,IN,AGL,CE,Federal Contract Tower,0,1,11,0,12,0,0,47,4,51,0,1,58,4,63,16,2,18,81
12/01/2012,BAK,IN,AGL,CE,Federal Contract Tower,0,0,4,0,4,0,0,82,0,82,0,0,86,0,86,42,0,42,128
12/02/2012,BAK,IN,AGL,CE,Federal Contract Tower,0,0,9,4,13,0,0,4,0,4,0,0,13,4,17,0,0,0,17
12/03/2012,BAK,IN,AGL,CE,Federal Contract Tower,0,3,14,0,17,0,0,42,0,42,0,3,56,0,59,28,0,28,87
12/04/2012,BAK,IN,AGL,CE,Federal Contract Tower,0,6,16,7,29,0,0,17,4,21,0,6,33,11,50,0,16,16,66
12/05/2012,BAK,IN,AGL,CE,Federal Contract Tower,0,3,17,0,20,0,0,52,0,52,0,3,69,0,72,20,0,20,92
12/06/2012,BAK,IN,AGL,CE,Federal Contract Tower,0,1,17,0,18,0,0,71,0,71,0,1,88,0,89,58,0,58,147
12/07/2012,BAK,IN,AGL,CE,Federal Contract Tower,0,2,10,0,12,0,0,0,0,0,0,2,10,0,12,0,0,0,12
12/08/2012,BAK,IN,AGL,CE,Federal Contract Tower,0,0,5,3,8,0,0,2,0,2,0,0,7,3,10,0,0,0,10
12/09/2012,BAK,IN,AGL,CE,Federal Contract Tower,0,0,7,1,8,0,0,0,0,0,0,0,7,1,8,0,0,0,8
12/10/2012,BAK,IN,AGL,CE,Federal Contract Tower,0,5,10,0,15,0,0,11,0,11,0,5,21,0,26,0,0,0,26
12/11/2012,BAK,IN,AGL,CE,Federal Contract Tower,0,4,9,0,13,0,0,54,0,54,0,4,63,0,67,14,0,14,81
12/12/2012,BAK,IN,AGL,CE,Federal Contract Tower,0,5,12,3,20,0,0,48,2,50,0,5,60,5,70,78,8,86,156
12/13/2012,BAK,IN,AGL,CE,Federal Contract Tower,0,2,16,0,18,0,0,90,0,90,0,2,106,0,108,52,0,52,160
12/14/2012,BAK,IN,AGL,CE,Federal Contract Tower,0,1,18,0,19,0,0,106,2,108,0,1,124,2,127,54,0,54,181
12/15/2012,BAK,IN,AGL,CE,Federal Contract Tower,0,0,3,1,4,0,0,2,4,6,0,0,5,5,10,0,0,0,10
12/16/2012,BAK,IN,AGL,CE,Federal Contract Tower,0,0,8,1,9,0,0,79,15,94,0,0,87,16,103,54,4,58,161
12/17/2012,BAK,IN,AGL,CE,Federal Contract Tower,0,7,12,1,20,0,0,0,0,0,0,7,12,1,20,0,0,0,20
12/18/2012,BAK,IN,AGL,CE,Federal Contract Tower,0,12,15,1,28,0,0,3,1,4,0,12,18,2,32,0,0,0,32
12/19/2012,BAK,IN,AGL,CE,Federal Contract Tower,0,6,9,0,15,0,0,78,10,88,0,6,87,10,103,24,38,62,165
12/20/2012,BAK,IN,AGL,CE,Federal Contract Tower,0,7,7,0,14,0,0,2,0,2,0,7,9,0,16,0,0,0,16
12/21/2012,BAK,IN,AGL,CE,Federal Contract Tower,0,5,4,4,13,0,0,2,0,2,0,5,6,4,15,0,0,0,15
12/22/2012,BAK,IN,AGL,CE,Federal Contract Tower,0,0,7,0,7,0,0,69,0,69,0,0,76,0,76,6,0,6,82
12/23/2012,BAK,IN,AGL,CE,Federal Contract Tower,0,0,5,0,5,0,0,94,0,94,0,0,99,0,99,48,0,48,147
12/24/2012,BAK,IN,AGL,CE,Federal Contract Tower,0,0,1,0,1,0,0,1,0,1,0,0,2,0,2,0,0,0,2
12/25/2012,BAK,IN,AGL,CE,Federal Contract Tower,0,0,0,0,0,0,0,1,0,1,0,0,1,0,1,0,0,0,1
12/26/2012,BAK,IN,AGL,CE,Federal Contract Tower,0,0,0,0,0,0,0,0,0,0,0,0,0,0,0,0,0,0,0
12/27/2012,BAK,IN,AGL,CE,Federal Contract Tower,0,0,3,0,3,0,0,1,0,1,0,0,4,0,4,0,0,0,4
12/28/2012,BAK,IN,AGL,CE,Federal Contract Tower,0,0,1,0,1,0,0,1,0,1,0,0,2,0,2,0,0,0,2
12/29/2012,BAK,IN,AGL,CE,Federal Contract Tower,0,0,0,0,0,0,0,2,0,2,0,0,2,0,2,0,0,0,2
12/30/2012,BAK,IN,AGL,CE,Federal Contract Tower,0,0,10,0,10,0,0,45,0,45,0,0,55,0,55,16,0,16,71
12/31/2012,BAK,IN,AGL,CE,Federal Contract Tower,0,1,3,0,4,0,0,9,0,9,0,1,12,0,13,0,0,0,13
01/01/2013,BAK,IN,AGL,CE,Federal Contract Tower,0,0,3,0,3,0,0,1,0,1,0,0,4,0,4,0,0,0,4
01/02/2013,BAK,IN,AGL,CE,Federal Contract Tower,0,2,5,1,8,0,0,49,20,69,0,2,54,21,77,26,0,26,103
01/03/2013,BAK,IN,AGL,CE,Federal Contract Tower,0,1,11,0,12,0,0,60,4,64,0,1,71,4,76,10,50,60,136
01/04/2013,BAK,IN,AGL,CE,Federal Contract Tower,0,1,2,0,3,0,0,38,0,38,0,1,40,0,41,54,0,54,95
01/05/2013,BAK,IN,AGL,CE,Federal Contract Tower,0,0,5,0,5,0,0,142,16,158,0,0,147,16,163,56,0,56,219
01/06/2013,BAK,IN,AGL,CE,Federal Contract Tower,0,0,3,2,5,0,0,15,2,17,0,0,18,4,22,20,0,20,42
01/07/2013,BAK,IN,AGL,CE,Federal Contract Tower,0,3,14,0,17,0,0,37,0,37,0,3,51,0,54,26,0,26,80
01/08/2013,BAK,IN,AGL,CE,Federal Contract Tower,0,1,9,2,12,0,0,35,0,35,0,1,44,2,47,28,0,28,75
01/09/2013,BAK,IN,AGL,CE,Federal Contract Tower,0,1,10,3,14,0,0,50,12,62,0,1,60,15,76,16,28,44,120
01/10/2013,BAK,IN,AGL,CE,Federal Contract Tower,0,1,6,6,13,0,0,42,3,45,0,1,48,9,58,12,32,44,102
01/11/2013,BAK,IN,AGL,CE,Federal Contract Tower,0,1,12,4,17,0,0,38,0,38,0,1,50,4,55,22,0,22,77
01/12/2013,BAK,IN,AGL,CE,Federal Contract Tower,0,0,7,2,9,0,0,32,11,43,0,0,39,13,52,22,0,22,74
01/13/2013,BAK,IN,AGL,CE,Federal Contract Tower,0,1,3,0,4,0,0,0,0,0,0,1,3,0,4,0,0,0,4
01/14/2013,BAK,IN,AGL,CE,Federal Contract Tower,0,0,16,10,26,0,0,46,18,64,0,0,62,28,90,8,74,82,172
01/15/2013,BAK,IN,AGL,CE,Federal Contract Tower,0,5,8,1,14,0,0,29,0,29,0,5,37,1,43,10,0,10,53
01/16/2013,BAK,IN,AGL,CE,Federal Contract Tower,0,1,3,2,6,0,0,19,12,31,0,1,22,14,37,50,22,72,109
01/17/2013,BAK,IN,AGL,CE,Federal Contract Tower,0,5,9,12,26,0,0,53,11,64,0,5,62,23,90,10,76,86,176
01/18/2013,BAK,IN,AGL,CE,Federal Contract Tower,0,5,7,3,15,0,0,49,0,49,0,5,56,3,64,4,0,4,68
01/19/2013,BAK,IN,AGL,CE,Federal Contract Tower,0,0,3,0,3,0,0,37,0,37,0,0,40,0,40,60,0,60,100
01/20/2013,BAK,IN,AGL,CE,Federal Contract Tower,2,2,2,0,6,0,0,40,0,40,2,2,42,0,46,16,0,16,62
01/21/2013,BAK,IN,AGL,CE,Federal Contract Tower,0,2,8,0,10,0,0,11,0,11,0,2,19,0,21,8,0,8,29
01/22/2013,BAK,IN,AGL,CE,Federal Contract Tower,0,6,12,0,18,0,0,16,0,16,0,6,28,0,34,16,0,16,50
01/23/2013,BAK,IN,AGL,CE,Federal Contract Tower,0,3,10,0,13,0,0,24,2,26,0,3,34,2,39,12,0,12,51
01/24/2013,BAK,IN,AGL,CE,Federal Contract Tower,0,1,10,1,12,0,0,38,0,38,0,1,48,1,50,30,0,30,80
01/25/2013,BAK,IN,AGL,CE,Federal Contract Tower,0,3,11,0,14,0,0,20,0,20,0,3,31,0,34,0,0,0,34
01/26/2013,BAK,IN,AGL,CE,Federal Contract Tower,0,0,14,0,14,0,0,66,0,66,0,0,80,0,80,58,0,58,138
01/27/2013,BAK,IN,AGL,CE,Federal Contract Tower,0,0,4,0,4,0,0,29,0,29,0,0,33,0,33,22,0,22,55
01/28/2013,BAK,IN,AGL,CE,Federal Contract Tower,0,3,10,0,13,0,0,2,0,2,0,3,12,0,15,0,0,0,15
01/29/2013,BAK,IN,AGL,CE,Federal Contract Tower,0,3,10,0,13,0,0,6,10,16,0,3,16,10,29,0,8,8,37
01/30/2013,BAK,IN,AGL,CE,Federal Contract Tower,0,1,12,6,19,0,0,25,2,27,0,1,37,8,46,0,24,24,70
01/31/2013,BAK,IN,AGL,CE,Federal Contract Tower,0,4,13,2,19,0,0,5,4,9,0,4,18,6,28,8,16,24,52
02/01/2013,BAK,IN,AGL,CE,Federal Contract Tower,0,1,10,3,14,0,0,24,0,24,0,1,34,3,38,0,0,0,38
02/02/2013,BAK,IN,AGL,CE,Federal Contract Tower,0,2,4,0,6,0,0,3,0,3,0,2,7,0,9,0,0,0,9
02/03/2013,BAK,IN,AGL,CE,Federal Contract Tower,0,0,0,2,2,0,0,0,0,0,0,0,0,2,2,0,0,0,2
02/04/2013,BAK,IN,AGL,CE,Federal Contract Tower,0,4,8,4,16,0,0,16,4,20,0,4,24,8,36,16,34,50,86
02/05/2013,BAK,IN,AGL,CE,Federal Contract Tower,0,6,15,1,22,0,0,18,4,22,0,6,33,5,44,0,10,10,54
02/06/2013,BAK,IN,AGL,CE,Federal Contract Tower,0,3,14,1,18,0,0,40,4,44,0,3,54,5,62,6,14,20,82
02/07/2013,BAK,IN,AGL,CE,Federal Contract Tower,0,2,21,5,28,0,0,59,6,65,0,2,80,11,93,22,34,56,149
02/08/2013,BAK,IN,AGL,CE,Federal Contract Tower,0,1,7,2,10,0,0,15,4,19,0,1,22,6,29,0,8,8,37
02/09/2013,BAK,IN,AGL,CE,Federal Contract Tower,0,0,16,1,17,0,0,142,2,144,0,0,158,3,161,52,0,52,213
02/10/2013,BAK,IN,AGL,CE,Federal Contract Tower,0,4,9,0,13,0,0,6,0,6,0,4,15,0,19,18,0,18,37
02/11/2013,BAK,IN,AGL,CE,Federal Contract Tower,0,4,8,0,12,0,0,6,0,6,0,4,14,0,18,8,0,8,26
02/12/2013,BAK,IN,AGL,CE,Federal Contract Tower,0,3,17,0,20,0,0,74,4,78,0,3,91,4,98,24,0,24,122
02/13/2013,BAK,IN,AGL,CE,Federal Contract Tower,2,4,12,6,24,0,0,39,2,41,2,4,51,8,65,22,10,32,97
02/14/2013,BAK,IN,AGL,CE,Federal Contract Tower,0,2,13,5,20,0,0,46,4,50,0,2,59,9,70,12,70,82,152
02/15/2013,BAK,IN,AGL,CE,Federal Contract Tower,0,3,18,0,21,0,0,21,0,21,0,3,39,0,42,0,0,0,42
02/16/2013,BAK,IN,AGL,CE,Federal Contract Tower,0,0,7,7,14,0,0,66,0,66,0,0,73,7,80,36,0,36,116
02/17/2013,BAK,IN,AGL,CE,Federal Contract Tower,0,0,5,0,5,0,0,126,0,126,0,0,131,0,131,6,0,6,137
02/18/2013,BAK,IN,AGL,CE,Federal Contract Tower,0,4,11,0,15,0,0,9,0,9,0,4,20,0,24,0,0,0,24
02/19/2013,BAK,IN,AGL,CE,Federal Contract Tower,0,5,15,0,20,0,0,19,2,21,0,5,34,2,41,4,0,4,45
02/20/2013,BAK,IN,AGL,CE,Federal Contract Tower,0,4,18,6,28,0,42,4,0,46,0,46,22,6,74,52,6,58,132
02/21/2013,BAK,IN,AGL,CE,Federal Contract Tower,0,1,21,3,25,0,0,26,4,30,0,1,47,7,55,8,14,22,77
02/22/2013,BAK,IN,AGL,CE,Federal Contract Tower,1,3,10,0,14,0,0,9,0,9,1,3,19,0,23,12,0,12,35
02/23/2013,BAK,IN,AGL,CE,Federal Contract Tower,0,0,5,2,7,0,0,74,0,74,0,0,79,2,81,46,0,46,127
02/24/2013,BAK,IN,AGL,CE,Federal Contract Tower,0,0,5,1,6,0,0,124,1,125,0,0,129,2,131,74,0,74,205
02/25/2013,BAK,IN,AGL,CE,Federal Contract Tower,0,1,7,0,8,0,0,70,0,70,0,1,77,0,78,22,0,22,100
02/26/2013,BAK,IN,AGL,CE,Federal Contract Tower,0,1,9,0,10,0,0,0,0,0,0,1,9,0,10,0,0,0,10
02/27/2013,BAK,IN,AGL,CE,Federal Contract Tower,0,5,17,0,22,0,0,0,0,0,0,5,17,0,22,0,0,0,22
02/28/2013,BAK,IN,AGL,CE,Federal Contract Tower,0,3,13,0,16,0,0,9,4,13,0,3,22,4,29,28,0,28,57
03/01/2013,BAK,IN,AGL,CE,Federal Contract Tower,0,4,11,0,15,0,0,0,0,0,0,4,11,0,15,0,0,0,15
03/02/2013,BAK,IN,AGL,CE,Federal Contract Tower,0,0,0,0,0,0,0,18,0,18,0,0,18,0,18,0,0,0,18
03/03/2013,BAK,IN,AGL,CE,Federal Contract Tower,0,0,4,0,4,0,0,76,0,76,0,0,80,0,80,60,0,60,140
03/04/2013,BAK,IN,AGL,CE,Federal Contract Tower,0,1,9,0,10,0,0,48,0,48,0,1,57,0,58,28,0,28,86
03/05/2013,BAK,IN,AGL,CE,Federal Contract Tower,0,0,13,6,19,0,0,2,2,4,0,0,15,8,23,0,8,8,31
03/06/2013,BAK,IN,AGL,CE,Federal Contract Tower,0,0,10,2,12,0,0,10,0,10,0,0,20,2,22,0,20,20,42
03/07/2013,BAK,IN,AGL,CE,Federal Contract Tower,0,7,12,1,20,0,0,19,1,20,0,7,31,2,40,8,26,34,74
03/08/2013,BAK,IN,AGL,CE,Federal Contract Tower,0,2,10,0,12,0,0,56,0,56,0,2,66,0,68,8,0,8,76
03/09/2013,BAK,IN,AGL,CE,Federal Contract Tower,0,0,9,0,9,0,0,116,0,116,0,0,125,0,125,34,0,34,159
03/10/2013,BAK,IN,AGL,CE,Federal Contract Tower,0,0,4,2,6,0,0,57,1,58,0,0,61,3,64,4,0,4,68
03/11/2013,BAK,IN,AGL,CE,Federal Contract Tower,0,3,14,0,17,0,0,6,0,6,0,3,20,0,23,0,0,0,23
03/12/2013,BAK,IN,AGL,CE,Federal Contract Tower,0,0,11,1,12,0,0,32,0,32,0,0,43,1,44,40,0,40,84
03/13/2013,BAK,IN,AGL,CE,Federal Contract Tower,0,0,4,16,20,0,0,6,4,10,0,0,10,20,30,10,8,18,48
03/14/2013,BAK,IN,AGL,CE,Federal Contract Tower,0,0,15,5,20,0,0,81,8,89,0,0,96,13,109,64,58,122,231
03/15/2013,BAK,IN,AGL,CE,Federal Contract Tower,0,1,18,0,19,0,0,42,0,42,0,1,60,0,61,32,0,32,93
03/16/2013,BAK,IN,AGL,CE,Federal Contract Tower,0,0,6,1,7,0,0,23,6,29,0,0,29,7,36,46,26,72,108
03/17/2013,BAK,IN,AGL,CE,Federal Contract Tower,0,0,1,0,1,0,0,22,0,22,0,0,23,0,23,26,0,26,49
03/18/2013,BAK,IN,AGL,CE,Federal Contract Tower,0,0,10,4,14,0,0,0,0,0,0,0,10,4,14,0,0,0,14
03/19/2013,BAK,IN,AGL,CE,Federal Contract Tower,0,0,18,4,22,0,0,32,12,44,0,0,50,16,66,4,22,26,92
03/20/2013,BAK,IN,AGL,CE,Federal Contract Tower,0,3,21,4,28,0,0,36,4,40,0,3,57,8,68,56,22,78,146
03/21/2013,BAK,IN,AGL,CE,Federal Contract Tower,0,4,16,4,24,0,0,44,4,48,0,4,60,8,72,30,28,58,130
03/22/2013,BAK,IN,AGL,CE,Federal Contract Tower,0,5,11,0,16,0,0,110,0,110,0,5,121,0,126,76,0,76,202
03/23/2013,BAK,IN,AGL,CE,Federal Contract Tower,0,0,8,0,8,0,0,145,0,145,0,0,153,0,153,46,0,46,199
03/24/2013,BAK,IN,AGL,CE,Federal Contract Tower,0,0,7,0,7,0,0,8,0,8,0,0,15,0,15,0,0,0,15
03/25/2013,BAK,IN,AGL,CE,Federal Contract Tower,0,4,6,2,12,0,0,0,0,0,0,4,6,2,12,0,0,0,12
03/26/2013,BAK,IN,AGL,CE,Federal Contract Tower,1,17,2,0,20,0,0,3,5,8,1,17,5,5,28,0,0,0,28
03/27/2013,BAK,IN,AGL,CE,Federal Contract Tower,0,3,17,0,20,0,0,61,0,61,0,3,78,0,81,74,0,74,155
03/28/2013,BAK,IN,AGL,CE,Federal Contract Tower,0,3,15,1,19,0,0,70,2,72,0,3,85,3,91,48,12,60,151
03/29/2013,BAK,IN,AGL,CE,Federal Contract Tower,0,1,17,0,18,0,0,86,0,86,0,1,103,0,104,74,0,74,178
03/30/2013,BAK,IN,AGL,CE,Federal Contract Tower,0,0,9,0,9,0,0,90,0,90,0,0,99,0,99,50,0,50,149
03/31/2013,BAK,IN,AGL,CE,Federal Contract Tower,0,0,10,0,10,0,2,16,0,18,0,2,26,0,28,0,0,0,28
04/01/2013,BAK,IN,AGL,CE,Federal Contract Tower,0,1,5,0,6,0,0,37,0,37,0,1,42,0,43,4,0,4,47
04/02/2013,BAK,IN,AGL,CE,Federal Contract Tower,0,3,11,1,15,0,0,76,3,79,0,3,87,4,94,38,2,40,134
04/03/2013,BAK,IN,AGL,CE,Federal Contract Tower,0,5,9,0,14,0,0,56,4,60,0,5,65,4,74,34,6,40,114
04/04/2013,BAK,IN,AGL,CE,Federal Contract Tower,0,4,6,0,10,0,0,48,8,56,0,4,54,8,66,12,30,42,108
04/05/2013,BAK,IN,AGL,CE,Federal Contract Tower,0,0,14,0,14,0,0,66,0,66,0,0,80,0,80,8,0,8,88
04/06/2013,BAK,IN,AGL,CE,Federal Contract Tower,0,0,8,0,8,0,0,56,0,56,0,0,64,0,64,50,0,50,114
04/07/2013,BAK,IN,AGL,CE,Federal Contract Tower,0,0,6,0,6,0,0,52,0,52,0,0,58,0,58,22,0,22,80
04/08/2013,BAK,IN,AGL,CE,Federal Contract Tower,0,1,5,2,8,0,0,46,0,46,0,1,51,2,54,8,0,8,62
04/09/2013,BAK,IN,AGL,CE,Federal Contract Tower,0,3,9,0,12,0,0,44,0,44,0,3,53,0,56,52,0,52,108
04/10/2013,BAK,IN,AGL,CE,Federal Contract Tower,0,4,6,6,16,0,0,29,12,41,0,4,35,18,57,8,76,84,141
04/11/2013,BAK,IN,AGL,CE,Federal Contract Tower,0,4,21,2,27,0,0,6,2,8,0,4,27,4,35,2,12,14,49
04/12/2013,BAK,IN,AGL,CE,Federal Contract Tower,0,2,13,0,15,0,0,28,0,28,0,2,41,0,43,36,0,36,79
04/13/2013,BAK,IN,AGL,CE,Federal Contract Tower,0,0,8,0,8,0,0,57,0,57,0,0,65,0,65,22,0,22,87
04/14/2013,BAK,IN,AGL,CE,Federal Contract Tower,0,2,9,0,11,0,0,89,10,99,0,2,98,10,110,62,0,62,172
04/15/2013,BAK,IN,AGL,CE,Federal Contract Tower,0,1,11,1,13,0,0,53,0,53,0,1,64,1,66,64,0,64,130
04/16/2013,BAK,IN,AGL,CE,Federal Contract Tower,0,3,10,0,13,0,0,38,0,38,0,3,48,0,51,0,0,0,51
04/17/2013,BAK,IN,AGL,CE,Federal Contract Tower,0,1,22,0,23,0,0,18,4,22,0,1,40,4,45,22,6,28,73
04/18/2013,BAK,IN,AGL,CE,Federal Contract Tower,0,8,11,0,19,0,0,10,0,10,0,8,21,0,29,0,0,0,29
04/19/2013,BAK,IN,AGL,CE,Federal Contract Tower,0,4,7,4,15,0,0,14,0,14,0,4,21,4,29,0,0,0,29
04/20/2013,BAK,IN,AGL,CE,Federal Contract Tower,0,0,7,1,8,0,0,65,1,66,0,0,72,2,74,16,6,22,96
04/21/2013,BAK,IN,AGL,CE,Federal Contract Tower,0,0,11,0,11,0,0,140,0,140,0,0,151,0,151,26,0,26,177
04/22/2013,BAK,IN,AGL,CE,Federal Contract Tower,0,5,11,0,16,0,0,62,2,64,0,5,73,2,80,46,0,46,126
04/23/2013,BAK,IN,AGL,CE,Federal Contract Tower,0,4,12,4,20,0,0,41,14,55,0,4,53,18,75,40,20,60,135
04/24/2013,BAK,IN,AGL,CE,Federal Contract Tower,0,2,18,10,30,0,0,12,26,38,0,2,30,36,68,16,94,110,178
04/25/2013,BAK,IN,AGL,CE,Federal Contract Tower,0,4,12,6,22,0,0,48,16,64,0,4,60,22,86,30,38,68,154
04/26/2013,BAK,IN,AGL,CE,Federal Contract Tower,0,3,23,0,26,0,0,72,0,72,0,3,95,0,98,96,0,96,194
04/27/2013,BAK,IN,AGL,CE,Federal Contract Tower,0,0,7,3,10,0,0,107,2,109,0,0,114,5,119,26,22,48,167
04/28/2013,BAK,IN,AGL,CE,Federal Contract Tower,0,0,13,0,13,0,0,6,0,6,0,0,19,0,19,32,0,32,51
04/29/2013,BAK,IN,AGL,CE,Federal Contract Tower,0,4,17,0,21,0,0,48,0,48,0,4,65,0,69,44,0,44,113
04/30/2013,BAK,IN,AGL,CE,Federal Contract Tower,0,5,13,0,18,0,0,126,6,132,0,5,139,6,150,40,10,50,200
05/01/2013,BAK,IN,AGL,CE,Federal Contract Tower,0,4,14,0,18,0,0,73,0,73,0,4,87,0,91,44,0,44,135
05/02/2013,BAK,IN,AGL,CE,Federal Contract Tower,0,5,27,0,32,0,0,64,8,72,0,5,91,8,104,68,0,68,172
05/03/2013,BAK,IN,AGL,CE,Federal Contract Tower,0,2,8,0,10,0,0,32,0,32,0,2,40,0,42,24,0,24,66
05/04/2013,BAK,IN,AGL,CE,Federal Contract Tower,0,0,2,2,4,0,0,84,0,84,0,0,86,2,88,14,0,14,102
05/05/2013,BAK,IN,AGL,CE,Federal Contract Tower,0,0,9,2,11,0,0,13,0,13,0,0,22,2,24,0,0,0,24
05/06/2013,BAK,IN,AGL,CE,Federal Contract Tower,0,8,17,3,28,0,0,30,4,34,0,8,47,7,62,20,42,62,124
05/07/2013,BAK,IN,AGL,CE,Federal Contract Tower,0,4,7,1,12,0,0,56,0,56,0,4,63,1,68,90,0,90,158
05/08/2013,BAK,IN,AGL,CE,Federal Contract Tower,0,5,18,6,29,0,0,54,5,59,0,5,72,11,88,94,8,102,190
05/09/2013,BAK,IN,AGL,CE,Federal Contract Tower,0,3,18,4,25,0,0,73,10,83,0,3,91,14,108,40,0,40,148
05/10/2013,BAK,IN,AGL,CE,Federal Contract Tower,0,3,19,0,22,0,0,30,0,30,0,3,49,0,52,0,0,0,52
05/11/2013,BAK,IN,AGL,CE,Federal Contract Tower,0,0,11,0,11,0,0,48,0,48,0,0,59,0,59,14,0,14,73
05/12/2013,BAK,IN,AGL,CE,Federal Contract Tower,0,0,9,0,9,0,0,64,0,64,0,0,73,0,73,12,0,12,85
05/13/2013,BAK,IN,AGL,CE,Federal Contract Tower,0,5,11,0,16,0,0,54,0,54,0,5,65,0,70,38,0,38,108
05/14/2013,BAK,IN,AGL,CE,Federal Contract Tower,0,5,15,4,24,0,0,59,0,59,0,5,74,4,83,40,0,40,123
05/15/2013,BAK,IN,AGL,CE,Federal Contract Tower,0,2,15,11,28,0,0,44,36,80,0,2,59,47,108,30,66,96,204
05/16/2013,BAK,IN,AGL,CE,Federal Contract Tower,0,4,20,0,24,0,0,36,0,36,0,4,56,0,60,24,0,24,84
05/17/2013,BAK,IN,AGL,CE,Federal Contract Tower,0,1,15,0,16,0,0,72,16,88,0,1,87,16,104,8,26,34,138
05/18/2013,BAK,IN,AGL,CE,Federal Contract Tower,0,2,7,2,11,0,0,52,47,99,0,2,59,49,110,0,50,50,160
05/19/2013,BAK,IN,AGL,CE,Federal Contract Tower,0,1,10,2,13,0,0,105,16,121,0,1,115,18,134,32,0,32,166
05/20/2013,BAK,IN,AGL,CE,Federal Contract Tower,0,5,10,3,18,0,0,32,5,37,0,5,42,8,55,48,6,54,109
05/21/2013,BAK,IN,AGL,CE,Federal Contract Tower,0,7,21,3,31,0,0,30,9,39,0,7,51,12,70,20,36,56,126
05/22/2013,BAK,IN,AGL,CE,Federal Contract Tower,0,6,20,4,30,0,0,34,12,46,0,6,54,16,76,0,32,32,108
05/23/2013,BAK,IN,AGL,CE,Federal Contract Tower,0,9,18,3,30,0,0,24,14,38,0,9,42,17,68,0,34,34,102
05/24/2013,BAK,IN,AGL,CE,Federal Contract Tower,0,7,10,0,17,0,0,111,8,119,0,7,121,8,136,52,0,52,188
05/25/2013,BAK,IN,AGL,CE,Federal Contract Tower,0,1,4,0,5,0,0,84,0,84,0,1,88,0,89,42,0,42,131
05/26/2013,BAK,IN,AGL,CE,Federal Contract Tower,0,0,2,0,2,0,0,44,0,44,0,0,46,0,46,0,0,0,46
05/27/2013,BAK,IN,AGL,CE,Federal Contract Tower,0,1,7,0,8,0,0,51,0,51,0,1,58,0,59,20,0,20,79
05/28/2013,BAK,IN,AGL,CE,Federal Contract Tower,0,4,13,0,17,0,0,41,0,41,0,4,54,0,58,38,0,38,96
05/29/2013,BAK,IN,AGL,CE,Federal Contract Tower,0,6,19,13,38,0,0,70,0,70,0,6,89,13,108,44,30,74,182
05/30/2013,BAK,IN,AGL,CE,Federal Contract Tower,2,7,20,2,31,0,0,56,14,70,2,7,76,16,101,14,64,78,179
05/31/2013,BAK,IN,AGL,CE,Federal Contract Tower,0,0,14,0,14,0,0,43,0,43,0,0,57,0,57,50,0,50,107
06/01/2013,BAK,IN,AGL,CE,Federal Contract Tower,0,0,5,0,5,0,0,6,0,6,0,0,11,0,11,16,0,16,27
06/02/2013,BAK,IN,AGL,CE,Federal Contract Tower,0,0,5,2,7,0,0,83,8,91,0,0,88,10,98,46,0,46,144
06/03/2013,BAK,IN,AGL,CE,Federal Contract Tower,0,9,9,0,18,0,0,72,2,74,0,9,81,2,92,8,0,8,100
06/04/2013,BAK,IN,AGL,CE,Federal Contract Tower,0,5,21,0,26,0,0,100,20,120,0,5,121,20,146,58,0,58,204
06/05/2013,BAK,IN,AGL,CE,Federal Contract Tower,0,5,16,2,23,0,0,92,12,104,0,5,108,14,127,58,24,82,209
06/06/2013,BAK,IN,AGL,CE,Federal Contract Tower,0,6,17,5,28,0,0,14,0,14,0,6,31,5,42,26,30,56,98
06/07/2013,BAK,IN,AGL,CE,Federal Contract Tower,0,4,32,2,38,0,0,58,2,60,0,4,90,4,98,36,0,36,134
06/08/2013,BAK,IN,AGL,CE,Federal Contract Tower,0,1,6,8,15,0,0,125,0,125,0,1,131,8,140,44,8,52,192
06/09/2013,BAK,IN,AGL,CE,Federal Contract Tower,0,1,8,3,12,0,0,76,0,76,0,1,84,3,88,8,0,8,96
06/10/2013,BAK,IN,AGL,CE,Federal Contract Tower,0,3,9,0,12,0,0,28,0,28,0,3,37,0,40,60,0,60,100
06/11/2013,BAK,IN,AGL,CE,Federal Contract Tower,0,7,15,0,22,0,0,68,12,80,0,7,83,12,102,66,0,66,168
06/12/2013,BAK,IN,AGL,CE,Federal Contract Tower,0,6,16,0,22,0,0,78,0,78,0,6,94,0,100,64,0,64,164
06/13/2013,BAK,IN,AGL,CE,Federal Contract Tower,0,3,13,1,17,0,0,14,12,26,0,3,27,13,43,0,4,4,47
06/14/2013,BAK,IN,AGL,CE,Federal Contract Tower,0,1,5,2,8,0,0,60,0,60,0,1,65,2,68,8,0,8,76
06/15/2013,BAK,IN,AGL,CE,Federal Contract Tower,0,0,6,2,8,0,0,115,0,115,0,0,121,2,123,28,0,28,151
06/16/2013,BAK,IN,AGL,CE,Federal Contract Tower,0,0,4,0,4,0,0,8,0,8,0,0,12,0,12,0,0,0,12
06/17/2013,BAK,IN,AGL,CE,Federal Contract Tower,0,2,8,0,10,0,0,22,0,22,0,2,30,0,32,32,0,32,64
06/18/2013,BAK,IN,AGL,CE,Federal Contract Tower,0,2,10,0,12,0,0,34,0,34,0,2,44,0,46,60,0,60,106
06/19/2013,BAK,IN,AGL,CE,Federal Contract Tower,0,5,18,0,23,0,0,93,0,93,0,5,111,0,116,30,0,30,146
06/20/2013,BAK,IN,AGL,CE,Federal Contract Tower,0,2,8,0,10,0,0,50,6,56,0,2,58,6,66,32,40,72,138
06/21/2013,BAK,IN,AGL,CE,Federal Contract Tower,0,4,10,0,14,0,0,64,0,64,0,4,74,0,78,0,0,0,78
06/22/2013,BAK,IN,AGL,CE,Federal Contract Tower,0,0,14,2,16,0,0,95,0,95,0,0,109,2,111,12,0,12,123
06/23/2013,BAK,IN,AGL,CE,Federal Contract Tower,0,0,2,2,4,0,0,42,0,42,0,0,44,2,46,26,0,26,72
06/24/2013,BAK,IN,AGL,CE,Federal Contract Tower,0,2,17,2,21,0,0,49,4,53,0,2,66,6,74,26,0,26,100
06/25/2013,BAK,IN,AGL,CE,Federal Contract Tower,0,4,13,3,20,0,0,53,10,63,0,4,66,13,83,40,0,40,123
06/26/2013,BAK,IN,AGL,CE,Federal Contract Tower,0,6,20,1,27,0,0,34,4,38,0,6,54,5,65,34,0,34,99
06/27/2013,BAK,IN,AGL,CE,Federal Contract Tower,0,4,20,2,26,0,0,52,6,58,0,4,72,8,84,64,42,106,190
06/28/2013,BAK,IN,AGL,CE,Federal Contract Tower,0,2,20,2,24,0,0,57,0,57,0,2,77,2,81,46,0,46,127
06/29/2013,BAK,IN,AGL,CE,Federal Contract Tower,0,0,2,0,2,0,0,42,0,42,0,0,44,0,44,36,0,36,80
06/30/2013,BAK,IN,AGL,CE,Federal Contract Tower,0,0,6,0,6,0,0,10,0,10,0,0,16,0,16,0,0,0,16
07/01/2013,BAK,IN,AGL,CE,Federal Contract Tower,0,3,4,1,8,0,0,15,0,15,0,3,19,1,23,18,0,18,41
07/02/2013,BAK,IN,AGL,CE,Federal Contract Tower,0,5,9,0,14,0,0,72,0,72,0,5,81,0,86,80,0,80,166
07/03/2013,BAK,IN,AGL,CE,Federal Contract Tower,0,2,12,0,14,0,0,130,4,134,0,2,142,4,148,106,6,112,260
07/04/2013,BAK,IN,AGL,CE,Federal Contract Tower,0,0,1,0,1,0,0,4,0,4,0,0,5,0,5,0,0,0,5
07/05/2013,BAK,IN,AGL,CE,Federal Contract Tower,0,0,6,0,6,0,0,62,0,62,0,0,68,0,68,32,0,32,100
07/06/2013,BAK,IN,AGL,CE,Federal Contract Tower,0,0,9,0,9,0,0,14,0,14,0,0,23,0,23,0,0,0,23
07/07/2013,BAK,IN,AGL,CE,Federal Contract Tower,0,0,11,0,11,0,0,67,0,67,0,0,78,0,78,8,0,8,86
07/08/2013,BAK,IN,AGL,CE,Federal Contract Tower,0,0,16,0,16,0,0,96,0,96,0,0,112,0,112,108,0,108,220
07/09/2013,BAK,IN,AGL,CE,Federal Contract Tower,0,2,16,1,19,0,0,67,5,72,0,2,83,6,91,24,4,28,119
07/10/2013,BAK,IN,AGL,CE,Federal Contract Tower,0,3,13,0,16,0,0,50,2,52,0,3,63,2,68,48,0,48,116
07/11/2013,BAK,IN,AGL,CE,Federal Contract Tower,0,2,9,10,21,0,0,81,2,83,0,2,90,12,104,42,36,78,182
07/12/2013,BAK,IN,AGL,CE,Federal Contract Tower,0,1,11,3,15,0,0,90,4,94,0,1,101,7,109,118,0,118,227
07/13/2013,BAK,IN,AGL,CE,Federal Contract Tower,0,0,16,0,16,0,0,191,0,191,0,0,207,0,207,18,0,18,225
07/14/2013,BAK,IN,AGL,CE,Federal Contract Tower,0,0,11,0,11,0,0,82,0,82,0,0,93,0,93,18,0,18,111
07/15/2013,BAK,IN,AGL,CE,Federal Contract Tower,0,5,15,2,22,0,0,74,0,74,0,5,89,2,96,30,0,30,126
07/16/2013,BAK,IN,AGL,CE,Federal Contract Tower,0,7,13,2,22,0,0,98,0,98,0,7,111,2,120,8,30,38,158
07/17/2013,BAK,IN,AGL,CE,Federal Contract Tower,0,2,8,2,12,0,0,51,2,53,0,2,59,4,65,32,0,32,97
07/18/2013,BAK,IN,AGL,CE,Federal Contract Tower,0,4,17,3,24,0,0,100,10,110,0,4,117,13,134,16,46,62,196
07/19/2013,BAK,IN,AGL,CE,Federal Contract Tower,0,1,26,3,30,0,0,79,1,80,0,1,105,4,110,44,0,44,154
07/20/2013,BAK,IN,AGL,CE,Federal Contract Tower,0,0,7,4,11,0,0,77,0,77,0,0,84,4,88,16,0,16,104
07/21/2013,BAK,IN,AGL,CE,Federal Contract Tower,0,0,8,2,10,0,0,97,0,97,0,0,105,2,107,48,0,48,155
07/22/2013,BAK,IN,AGL,CE,Federal Contract Tower,0,0,16,0,16,0,0,11,0,11,0,0,27,0,27,0,0,0,27
07/23/2013,BAK,IN,AGL,CE,Federal Contract Tower,0,2,18,0,20,0,0,98,0,98,0,2,116,0,118,30,0,30,148
07/24/2013,BAK,IN,AGL,CE,Federal Contract Tower,0,2,24,0,26,0,0,0,0,0,0,2,24,0,26,184,0,184,210
07/25/2013,BAK,IN,AGL,CE,Federal Contract Tower,8,10,4,0,22,0,0,184,0,184,8,10,188,0,206,42,0,42,248
07/26/2013,BAK,IN,AGL,CE,Federal Contract Tower,0,1,11,1,13,0,0,218,2,220,0,1,229,3,233,50,4,54,287
07/27/2013,BAK,IN,AGL,CE,Federal Contract Tower,0,2,10,0,12,0,0,72,0,72,0,2,82,0,84,20,0,20,104
07/28/2013,BAK,IN,AGL,CE,Federal Contract Tower,0,2,5,0,7,0,0,80,0,80,0,2,85,0,87,34,0,34,121
07/29/2013,BAK,IN,AGL,CE,Federal Contract Tower,1,1,6,0,8,0,0,135,0,135,1,1,141,0,143,48,18,66,209
07/30/2013,BAK,IN,AGL,CE,Federal Contract Tower,0,3,14,0,17,0,0,138,32,170,0,3,152,32,187,62,2,64,251
07/31/2013,BAK,IN,AGL,CE,Federal Contract Tower,1,4,11,1,17,0,0,42,31,73,1,4,53,32,90,0,14,14,104
08/01/2013,BAK,IN,AGL,CE,Federal Contract Tower,0,2,16,6,24,0,0,260,50,310,0,2,276,56,334,98,50,148,482
08/02/2013,BAK,IN,AGL,CE,Federal Contract Tower,1,1,18,0,20,0,0,126,54,180,1,1,144,54,200,54,0,54,254
08/03/2013,BAK,IN,AGL,CE,Federal Contract Tower,2,0,16,6,24,0,0,101,18,119,2,0,117,24,143,18,0,18,161
08/04/2013,BAK,IN,AGL,CE,Federal Contract Tower,0,1,20,0,21,0,0,106,46,152,0,1,126,46,173,0,0,0,173
08/05/2013,BAK,IN,AGL,CE,Federal Contract Tower,2,2,14,0,18,0,0,128,38,166,2,2,142,38,184,40,0,40,224
08/06/2013,BAK,IN,AGL,CE,Federal Contract Tower,0,3,10,6,19,0,0,30,0,30,0,3,40,6,49,46,0,46,95
08/07/2013,BAK,IN,AGL,CE,Federal Contract Tower,0,3,13,2,18,0,0,30,2,32,0,3,43,4,50,30,0,30,80
08/08/2013,BAK,IN,AGL,CE,Federal Contract Tower,0,1,16,1,18,0,0,57,0,57,0,1,73,1,75,4,0,4,79
08/09/2013,BAK,IN,AGL,CE,Federal Contract Tower,0,3,20,2,25,0,0,31,0,31,0,3,51,2,56,34,0,34,90
08/10/2013,BAK,IN,AGL,CE,Federal Contract Tower,0,0,10,2,12,0,0,178,0,178,0,0,188,2,190,0,0,0,190
08/11/2013,BAK,IN,AGL,CE,Federal Contract Tower,2,0,11,3,16,0,0,64,0,64,2,0,75,3,80,66,0,66,146
08/12/2013,BAK,IN,AGL,CE,Federal Contract Tower,0,2,18,4,24,0,0,39,0,39,0,2,57,4,63,12,0,12,75
08/13/2013,BAK,IN,AGL,CE,Federal Contract Tower,0,2,21,2,25,0,0,46,10,56,0,2,67,12,81,14,0,14,95
08/14/2013,BAK,IN,AGL,CE,Federal Contract Tower,0,4,14,4,22,0,0,84,40,124,0,4,98,44,146,74,16,90,236
08/15/2013,BAK,IN,AGL,CE,Federal Contract Tower,1,3,22,6,32,0,0,77,12,89,1,3,99,18,121,16,0,16,137
08/16/2013,BAK,IN,AGL,CE,Federal Contract Tower,0,0,15,0,15,0,0,44,17,61,0,0,59,17,76,20,16,36,112
08/17/2013,BAK,IN,AGL,CE,Federal Contract Tower,0,1,5,6,12,0,0,66,4,70,0,1,71,10,82,48,0,48,130
08/18/2013,BAK,IN,AGL,CE,Federal Contract Tower,0,0,8,4,12,0,0,96,0,96,0,0,104,4,108,6,0,6,114
08/19/2013,BAK,IN,AGL,CE,Federal Contract Tower,0,1,10,0,11,0,0,44,0,44,0,1,54,0,55,24,0,24,79
08/20/2013,BAK,IN,AGL,CE,Federal Contract Tower,0,1,10,0,11,0,0,52,0,52,0,1,62,0,63,0,0,0,63
08/21/2013,BAK,IN,AGL,CE,Federal Contract Tower,0,4,14,8,26,0,0,68,12,80,0,4,82,20,106,0,60,60,166
08/22/2013,BAK,IN,AGL,CE,Federal Contract Tower,0,3,10,1,14,0,0,26,3,29,0,3,36,4,43,26,4,30,73
08/23/2013,BAK,IN,AGL,CE,Federal Contract Tower,0,0,21,3,24,0,0,45,17,62,0,0,66,20,86,28,4,32,118
08/24/2013,BAK,IN,AGL,CE,Federal Contract Tower,0,0,8,0,8,0,0,72,2,74,0,0,80,2,82,46,10,56,138
08/25/2013,BAK,IN,AGL,CE,Federal Contract Tower,0,0,11,3,14,0,0,118,2,120,0,0,129,5,134,26,6,32,166
08/26/2013,BAK,IN,AGL,CE,Federal Contract Tower,0,3,17,0,20,0,0,38,0,38,0,3,55,0,58,46,0,46,104
08/27/2013,BAK,IN,AGL,CE,Federal Contract Tower,0,4,16,6,26,0,0,68,10,78,0,4,84,16,104,4,30,34,138
08/28/2013,BAK,IN,AGL,CE,Federal Contract Tower,0,10,12,0,22,0,0,56,12,68,0,10,68,12,90,18,0,18,108
08/29/2013,BAK,IN,AGL,CE,Federal Contract Tower,0,5,12,0,17,0,0,56,8,64,0,5,68,8,81,26,0,26,107
08/30/2013,BAK,IN,AGL,CE,Federal Contract Tower,0,0,17,0,17,0,0,50,4,54,0,0,67,4,71,38,0,38,109
08/31/2013,BAK,IN,AGL,CE,Federal Contract Tower,0,1,8,2,11,0,0,68,0,68,0,1,76,2,79,64,0,64,143
09/01/2013,BAK,IN,AGL,CE,Federal Contract Tower,0,3,10,0,13,0,0,39,0,39,0,3,49,0,52,30,0,30,82
09/02/2013,BAK,IN,AGL,CE,Federal Contract Tower,0,0,10,0,10,0,0,58,0,58,0,0,68,0,68,42,0,42,110
09/03/2013,BAK,IN,AGL,CE,Federal Contract Tower,0,6,14,4,24,0,0,58,8,66,0,6,72,12,90,24,36,60,150
09/04/2013,BAK,IN,AGL,CE,Federal Contract Tower,0,4,20,2,26,0,0,106,14,120,0,4,126,16,146,40,72,112,258
09/05/2013,BAK,IN,AGL,CE,Federal Contract Tower,0,3,4,0,7,0,0,40,10,50,0,3,44,10,57,40,62,102,159
09/06/2013,BAK,IN,AGL,CE,Federal Contract Tower,0,0,10,0,10,0,0,54,0,54,0,0,64,0,64,22,0,22,86
09/07/2013,BAK,IN,AGL,CE,Federal Contract Tower,0,0,3,0,3,0,0,118,0,118,0,0,121,0,121,34,0,34,155
09/08/2013,BAK,IN,AGL,CE,Federal Contract Tower,0,0,6,0,6,0,0,71,0,71,0,0,77,0,77,8,0,8,85
09/09/2013,BAK,IN,AGL,CE,Federal Contract Tower,0,0,14,0,14,0,0,54,0,54,0,0,68,0,68,28,0,28,96
09/10/2013,BAK,IN,AGL,CE,Federal Contract Tower,0,2,12,0,14,0,0,58,0,58,0,2,70,0,72,24,0,24,96
09/11/2013,BAK,IN,AGL,CE,Federal Contract Tower,0,4,24,3,31,0,0,82,12,94,0,4,106,15,125,22,8,30,155
09/12/2013,BAK,IN,AGL,CE,Federal Contract Tower,0,5,20,0,25,0,0,18,0,18,0,5,38,0,43,6,12,18,61
09/13/2013,BAK,IN,AGL,CE,Federal Contract Tower,0,1,13,0,14,0,0,86,0,86,0,1,99,0,100,24,0,24,124
09/14/2013,BAK,IN,AGL,CE,Federal Contract Tower,0,0,4,0,4,0,0,116,0,116,0,0,120,0,120,20,0,20,140
09/15/2013,BAK,IN,AGL,CE,Federal Contract Tower,6,0,0,0,6,0,0,78,0,78,6,0,78,0,84,28,0,28,112
09/16/2013,BAK,IN,AGL,CE,Federal Contract Tower,0,0,12,0,12,0,0,50,0,50,0,0,62,0,62,48,0,48,110
09/17/2013,BAK,IN,AGL,CE,Federal Contract Tower,0,2,20,3,25,0,0,105,25,130,0,2,125,28,155,8,34,42,197
09/18/2013,BAK,IN,AGL,CE,Federal Contract Tower,0,6,15,2,23,0,0,50,2,52,0,6,65,4,75,46,0,46,121
09/19/2013,BAK,IN,AGL,CE,Federal Contract Tower,0,4,16,0,20,0,0,24,0,24,0,4,40,0,44,0,0,0,44
09/20/2013,BAK,IN,AGL,CE,Federal Contract Tower,0,6,14,4,24,0,0,14,0,14,0,6,28,4,38,2,6,8,46
09/21/2013,BAK,IN,AGL,CE,Federal Contract Tower,0,3,3,2,8,0,0,81,0,81,0,3,84,2,89,62,0,62,151
09/22/2013,BAK,IN,AGL,CE,Federal Contract Tower,0,5,9,0,14,0,0,112,4,116,0,5,121,4,130,18,20,38,168
09/23/2013,BAK,IN,AGL,CE,Federal Contract Tower,0,1,15,0,16,0,0,72,0,72,0,1,87,0,88,22,0,22,110
09/24/2013,BAK,IN,AGL,CE,Federal Contract Tower,0,2,18,0,20,0,0,69,0,69,0,2,87,0,89,54,0,54,143
09/25/2013,BAK,IN,AGL,CE,Federal Contract Tower,0,6,9,2,17,0,0,72,0,72,0,6,81,2,89,42,40,82,171
09/26/2013,BAK,IN,AGL,CE,Federal Contract Tower,0,3,13,1,17,0,0,44,8,52,0,3,57,9,69,6,36,42,111
09/27/2013,BAK,IN,AGL,CE,Federal Contract Tower,0,3,21,3,27,0,0,46,2,48,0,3,67,5,75,14,0,14,89
09/28/2013,BAK,IN,AGL,CE,Federal Contract Tower,0,0,4,0,4,0,0,121,0,121,0,0,125,0,125,32,0,32,157
09/29/2013,BAK,IN,AGL,CE,Federal Contract Tower,0,2,11,0,13,0,0,4,0,4,0,2,15,0,17,2,0,2,19
09/30/2013,BAK,IN,AGL,CE,Federal Contract Tower,0,3,13,2,18,0,0,12,0,12,0,3,25,2,30,0,0,0,30
10/01/2013,BAK,IN,AGL,CE,Federal Contract Tower,0,2,24,0,26,0,0,38,0,38,0,2,62,0,64,6,0,6,70
10/02/2013,BAK,IN,AGL,CE,Federal Contract Tower,0,4,27,0,31,0,0,12,0,12,0,4,39,0,43,32,0,32,75
10/03/2013,BAK,IN,AGL,CE,Federal Contract Tower,0,4,13,0,17,0,0,15,0,15,0,4,28,0,32,0,0,0,32
10/04/2013,BAK,IN,AGL,CE,Federal Contract Tower,0,0,13,0,13,0,0,40,0,40,0,0,53,0,53,0,0,0,53
10/05/2013,BAK,IN,AGL,CE,Federal Contract Tower,0,1,5,0,6,0,0,84,4,88,0,1,89,4,94,27,1,28,122
10/06/2013,BAK,IN,AGL,CE,Federal Contract Tower,0,2,13,0,15,0,0,11,0,11,0,2,24,0,26,16,0,16,42
10/07/2013,BAK,IN,AGL,CE,Federal Contract Tower,0,0,13,0,13,0,0,62,0,62,0,0,75,0,75,0,0,0,75
10/08/2013,BAK,IN,AGL,CE,Federal Contract Tower,0,1,12,0,13,0,0,56,4,60,0,1,68,4,73,36,54,90,163
10/09/2013,BAK,IN,AGL,CE,Federal Contract Tower,0,6,9,0,15,0,0,53,4,57,0,6,62,4,72,22,18,40,112
10/10/2013,BAK,IN,AGL,CE,Federal Contract Tower,0,3,17,2,22,0,0,78,10,88,0,3,95,12,110,36,26,62,172
10/11/2013,BAK,IN,AGL,CE,Federal Contract Tower,0,0,24,0,24,0,0,50,0,50,0,0,74,0,74,46,0,46,120
10/12/2013,BAK,IN,AGL,CE,Federal Contract Tower,0,0,3,0,3,0,0,124,0,124,0,0,127,0,127,0,0,0,127
10/13/2013,BAK,IN,AGL,CE,Federal Contract Tower,0,0,11,0,11,0,0,86,0,86,0,0,97,0,97,20,0,20,117
10/14/2013,BAK,IN,AGL,CE,Federal Contract Tower,0,5,7,0,12,0,0,48,0,48,0,5,55,0,60,18,0,18,78
10/15/2013,BAK,IN,AGL,CE,Federal Contract Tower,0,6,15,0,21,0,0,7,0,7,0,6,22,0,28,16,0,16,44
10/16/2013,BAK,IN,AGL,CE,Federal Contract Tower,0,12,17,0,29,0,0,61,0,61,0,12,78,0,90,34,0,34,124
10/17/2013,BAK,IN,AGL,CE,Federal Contract Tower,0,5,17,0,22,0,0,30,8,38,0,5,47,8,60,20,18,38,98
10/18/2013,BAK,IN,AGL,CE,Federal Contract Tower,0,0,19,3,22,0,0,58,6,64,0,0,77,9,86,38,28,66,152
10/19/2013,BAK,IN,AGL,CE,Federal Contract Tower,0,0,10,0,10,0,0,4,0,4,0,0,14,0,14,0,0,0,14
10/20/2013,BAK,IN,AGL,CE,Federal Contract Tower,0,2,5,0,7,0,0,71,0,71,0,2,76,0,78,24,0,24,102
10/21/2013,BAK,IN,AGL,CE,Federal Contract Tower,0,3,4,0,7,0,0,18,2,20,0,3,22,2,27,0,0,0,27
10/22/2013,BAK,IN,AGL,CE,Federal Contract Tower,0,2,17,0,19,0,0,26,0,26,0,2,43,0,45,0,0,0,45
10/23/2013,BAK,IN,AGL,CE,Federal Contract Tower,0,4,18,0,22,0,0,10,0,10,0,4,28,0,32,0,0,0,32
10/24/2013,BAK,IN,AGL,CE,Federal Contract Tower,0,4,18,0,22,0,0,16,0,16,0,4,34,0,38,18,0,18,56
10/25/2013,BAK,IN,AGL,CE,Federal Contract Tower,0,0,10,0,10,0,0,69,0,69,0,0,79,0,79,70,0,70,149
10/26/2013,BAK,IN,AGL,CE,Federal Contract Tower,0,0,5,1,6,0,0,35,20,55,0,0,40,21,61,26,8,34,95
10/27/2013,BAK,IN,AGL,CE,Federal Contract Tower,0,0,10,0,10,0,0,76,0,76,0,0,86,0,86,28,0,28,114
10/28/2013,BAK,IN,AGL,CE,Federal Contract Tower,0,0,9,0,9,0,0,70,0,70,0,0,79,0,79,50,0,50,129
10/29/2013,BAK,IN,AGL,CE,Federal Contract Tower,0,2,13,7,22,0,0,6,10,16,0,2,19,17,38,6,46,52,90
10/30/2013,BAK,IN,AGL,CE,Federal Contract Tower,0,6,14,0,20,0,0,0,0,0,0,6,14,0,20,0,0,0,20
10/31/2013,BAK,IN,AGL,CE,Federal Contract Tower,0,3,10,2,15,0,0,1,0,1,0,3,11,2,16,0,0,0,16
11/01/2013,BAK,IN,AGL,CE,Federal Contract Tower,0,0,15,0,15,0,0,45,0,45,0,0,60,0,60,22,0,22,82
11/02/2013,BAK,IN,AGL,CE,Federal Contract Tower,0,1,7,0,8,0,0,74,10,84,0,1,81,10,92,42,0,42,134
11/03/2013,BAK,IN,AGL,CE,Federal Contract Tower,0,1,9,3,13,0,0,122,0,122,0,1,131,3,135,86,0,86,221
11/04/2013,BAK,IN,AGL,CE,Federal Contract Tower,0,0,13,0,13,0,0,44,8,52,0,0,57,8,65,0,4,4,69
11/05/2013,BAK,IN,AGL,CE,Federal Contract Tower,0,2,13,0,15,0,0,58,10,68,0,2,71,10,83,6,4,10,93
11/06/2013,BAK,IN,AGL,CE,Federal Contract Tower,0,4,16,0,20,0,0,0,0,0,0,4,16,0,20,0,0,0,20
11/07/2013,BAK,IN,AGL,CE,Federal Contract Tower,0,5,14,0,19,0,0,64,34,98,0,5,78,34,117,10,42,52,169
11/08/2013,BAK,IN,AGL,CE,Federal Contract Tower,0,0,11,0,11,0,0,71,0,71,0,0,82,0,82,32,0,32,114
11/09/2013,BAK,IN,AGL,CE,Federal Contract Tower,0,0,10,0,10,0,0,36,0,36,0,0,46,0,46,40,0,40,86
11/10/2013,BAK,IN,AGL,CE,Federal Contract Tower,0,2,13,0,15,0,0,72,0,72,0,2,85,0,87,52,0,52,139
11/11/2013,BAK,IN,AGL,CE,Federal Contract Tower,0,2,16,0,18,0,0,40,0,40,0,2,56,0,58,4,0,4,62
11/12/2013,BAK,IN,AGL,CE,Federal Contract Tower,0,4,12,0,16,0,0,7,0,7,0,4,19,0,23,0,0,0,23
11/13/2013,BAK,IN,AGL,CE,Federal Contract Tower,0,4,14,4,22,0,0,56,4,60,0,4,70,8,82,20,38,58,140
11/14/2013,BAK,IN,AGL,CE,Federal Contract Tower,0,6,11,1,18,0,0,50,24,74,0,6,61,25,92,20,0,20,112
11/15/2013,BAK,IN,AGL,CE,Federal Contract Tower,0,5,12,0,17,0,0,61,0,61,0,5,73,0,78,14,0,14,92
11/16/2013,BAK,IN,AGL,CE,Federal Contract Tower,0,1,5,0,6,0,0,0,0,0,0,1,5,0,6,0,0,0,6
11/17/2013,BAK,IN,AGL,CE,Federal Contract Tower,0,0,6,3,9,0,0,2,0,2,0,0,8,3,11,0,0,0,11
11/18/2013,BAK,IN,AGL,CE,Federal Contract Tower,0,2,5,1,8,0,0,28,4,32,0,2,33,5,40,48,0,48,88
11/19/2013,BAK,IN,AGL,CE,Federal Contract Tower,0,4,14,4,22,0,0,50,6,56,0,4,64,10,78,58,40,98,176
11/20/2013,BAK,IN,AGL,CE,Federal Contract Tower,0,2,30,0,32,0,0,50,0,50,0,2,80,0,82,24,0,24,106
11/21/2013,BAK,IN,AGL,CE,Federal Contract Tower,0,6,18,1,25,0,0,24,2,26,0,6,42,3,51,12,10,22,73
11/22/2013,BAK,IN,AGL,CE,Federal Contract Tower,0,2,9,5,16,0,0,0,4,4,0,2,9,9,20,0,14,14,34
11/23/2013,BAK,IN,AGL,CE,Federal Contract Tower,0,0,9,0,9,0,0,67,8,75,0,0,76,8,84,0,50,50,134
11/24/2013,BAK,IN,AGL,CE,Federal Contract Tower,0,2,6,0,8,0,0,95,14,109,0,2,101,14,117,20,14,34,151
11/25/2013,BAK,IN,AGL,CE,Federal Contract Tower,0,0,14,0,14,0,0,23,0,23,0,0,37,0,37,8,0,8,45
11/26/2013,BAK,IN,AGL,CE,Federal Contract Tower,0,2,8,3,13,0,0,10,17,27,0,2,18,20,40,0,62,62,102
11/27/2013,BAK,IN,AGL,CE,Federal Contract Tower,0,4,5,0,9,0,0,29,0,29,0,4,34,0,38,8,0,8,46
11/28/2013,BAK,IN,AGL,CE,Federal Contract Tower,0,0,1,0,1,0,0,20,0,20,0,0,21,0,21,0,0,0,21
11/29/2013,BAK,IN,AGL,CE,Federal Contract Tower,0,1,2,0,3,0,0,120,0,120,0,1,122,0,123,62,0,62,185
11/30/2013,BAK,IN,AGL,CE,Federal Contract Tower,0,1,7,0,8,0,0,95,0,95,0,1,102,0,103,10,0,10,113
12/01/2013,BAK,IN,AGL,CE,Federal Contract Tower,0,0,8,0,8,0,0,110,0,110,0,0,118,0,118,40,0,40,158
12/02/2013,BAK,IN,AGL,CE,Federal Contract Tower,0,3,9,4,16,0,0,26,8,34,0,3,35,12,50,26,0,26,76
12/03/2013,BAK,IN,AGL,CE,Federal Contract Tower,2,16,0,0,18,0,0,0,0,0,2,16,0,0,18,0,0,0,18
12/04/2013,BAK,IN,AGL,CE,Federal Contract Tower,0,8,14,0,22,0,0,9,0,9,0,8,23,0,31,4,0,4,35
12/05/2013,BAK,IN,AGL,CE,Federal Contract Tower,0,2,12,2,16,0,0,18,0,18,0,2,30,2,34,0,0,0,34
12/06/2013,BAK,IN,AGL,CE,Federal Contract Tower,0,0,4,0,4,0,0,0,0,0,0,0,4,0,4,0,0,0,4
12/07/2013,BAK,IN,AGL,CE,Federal Contract Tower,0,1,9,0,10,0,0,26,0,26,0,1,35,0,36,0,0,0,36
12/08/2013,BAK,IN,AGL,CE,Federal Contract Tower,0,0,13,0,13,0,0,0,0,0,0,0,13,0,13,0,0,0,13
12/09/2013,BAK,IN,AGL,CE,Federal Contract Tower,0,5,5,0,10,0,0,7,0,7,0,5,12,0,17,0,0,0,17
12/10/2013,BAK,IN,AGL,CE,Federal Contract Tower,0,4,13,1,18,0,0,14,13,27,0,4,27,14,45,0,18,18,63
12/11/2013,BAK,IN,AGL,CE,Federal Contract Tower,0,5,13,0,18,0,0,16,0,16,0,5,29,0,34,4,0,4,38
12/12/2013,BAK,IN,AGL,CE,Federal Contract Tower,0,2,18,2,22,0,0,36,8,44,0,2,54,10,66,22,10,32,98
12/13/2013,BAK,IN,AGL,CE,Federal Contract Tower,0,0,17,1,18,0,0,34,6,40,0,0,51,7,58,4,4,8,66
12/14/2013,BAK,IN,AGL,CE,Federal Contract Tower,0,0,2,0,2,0,0,0,0,0,0,0,2,0,2,0,0,0,2
12/15/2013,BAK,IN,AGL,CE,Federal Contract Tower,0,0,14,0,14,0,0,8,0,8,0,0,22,0,22,0,0,0,22
12/16/2013,BAK,IN,AGL,CE,Federal Contract Tower,0,0,12,0,12,0,0,0,0,0,0,0,12,0,12,0,0,0,12
12/17/2013,BAK,IN,AGL,CE,Federal Contract Tower,0,4,17,0,21,0,0,8,0,8,0,4,25,0,29,10,0,10,39
12/18/2013,BAK,IN,AGL,CE,Federal Contract Tower,0,5,16,0,21,0,0,56,2,58,0,5,72,2,79,58,40,98,177
12/19/2013,BAK,IN,AGL,CE,Federal Contract Tower,0,3,13,1,17,0,0,24,4,28,0,3,37,5,45,0,8,8,53
12/20/2013,BAK,IN,AGL,CE,Federal Contract Tower,0,0,11,0,11,0,0,2,4,6,0,0,13,4,17,0,8,8,25
12/21/2013,BAK,IN,AGL,CE,Federal Contract Tower,0,2,1,0,3,0,0,0,0,0,0,2,1,0,3,0,0,0,3
12/22/2013,BAK,IN,AGL,CE,Federal Contract Tower,0,0,0,0,0,0,0,20,0,20,0,0,20,0,20,0,0,0,20
12/23/2013,BAK,IN,AGL,CE,Federal Contract Tower,0,0,6,0,6,0,0,53,0,53,0,0,59,0,59,26,0,26,85
12/24/2013,BAK,IN,AGL,CE,Federal Contract Tower,0,1,4,0,5,0,0,43,0,43,0,1,47,0,48,30,0,30,78
12/25/2013,BAK,IN,AGL,CE,Federal Contract Tower,0,0,2,0,2,0,0,8,0,8,0,0,10,0,10,0,0,0,10
12/26/2013,BAK,IN,AGL,CE,Federal Contract Tower,0,0,12,0,12,0,0,30,0,30,0,0,42,0,42,32,0,32,74
12/27/2013,BAK,IN,AGL,CE,Federal Contract Tower,0,0,6,1,7,0,0,60,0,60,0,0,66,1,67,76,0,76,143
12/28/2013,BAK,IN,AGL,CE,Federal Contract Tower,0,0,10,0,10,0,0,129,0,129,0,0,139,0,139,66,0,66,205
12/29/2013,BAK,IN,AGL,CE,Federal Contract Tower,0,0,2,0,2,0,0,7,0,7,0,0,9,0,9,16,0,16,25
12/30/2013,BAK,IN,AGL,CE,Federal Contract Tower,0,2,0,0,2,0,0,32,0,32,0,2,32,0,34,0,0,0,34
12/31/2013,BAK,IN,AGL,CE,Federal Contract Tower,0,0,2,0,2,0,0,20,0,20,0,0,22,0,22,16,0,16,38
01/01/2014,BAK,IN,AGL,CE,Federal Contract Tower,0,0,3,0,3,0,0,57,0,57,0,0,60,0,60,74,0,74,134
01/02/2014,BAK,IN,AGL,CE,Federal Contract Tower,0,0,0,0,0,0,0,0,0,0,0,0,0,0,0,0,0,0,0
01/03/2014,BAK,IN,AGL,CE,Federal Contract Tower,0,2,4,2,8,0,0,40,0,40,0,2,44,2,48,80,0,80,128
01/04/2014,BAK,IN,AGL,CE,Federal Contract Tower,0,0,3,0,3,0,0,38,0,38,0,0,41,0,41,22,0,22,63
01/05/2014,BAK,IN,AGL,CE,Federal Contract Tower,0,0,0,0,0,0,0,0,0,0,0,0,0,0,0,0,0,0,0
01/06/2014,BAK,IN,AGL,CE,Federal Contract Tower,0,1,2,0,3,0,0,6,0,6,0,1,8,0,9,0,0,0,9
01/07/2014,BAK,IN,AGL,CE,Federal Contract Tower,0,4,5,0,9,0,0,1,0,1,0,4,6,0,10,0,0,0,10
01/08/2014,BAK,IN,AGL,CE,Federal Contract Tower,0,5,12,3,20,0,0,20,5,25,0,5,32,8,45,10,22,32,77
01/09/2014,BAK,IN,AGL,CE,Federal Contract Tower,0,5,9,0,14,0,0,2,8,10,0,5,11,8,24,0,30,30,54
01/10/2014,BAK,IN,AGL,CE,Federal Contract Tower,0,0,6,0,6,0,0,12,2,14,0,0,18,2,20,22,0,22,42
01/11/2014,BAK,IN,AGL,CE,Federal Contract Tower,0,0,4,0,4,0,0,10,0,10,0,0,14,0,14,0,0,0,14
01/12/2014,BAK,IN,AGL,CE,Federal Contract Tower,0,0,9,1,10,0,0,38,0,38,0,0,47,1,48,28,0,28,76
01/13/2014,BAK,IN,AGL,CE,Federal Contract Tower,0,2,9,0,11,0,0,2,2,4,0,2,11,2,15,0,22,22,37
01/14/2014,BAK,IN,AGL,CE,Federal Contract Tower,0,2,8,0,10,0,0,2,0,2,0,2,10,0,12,0,0,0,12
01/15/2014,BAK,IN,AGL,CE,Federal Contract Tower,0,2,11,0,13,0,0,7,4,11,0,2,18,4,24,0,0,0,24
01/16/2014,BAK,IN,AGL,CE,Federal Contract Tower,0,2,4,2,8,0,0,9,7,16,0,2,13,9,24,0,12,12,36
01/17/2014,BAK,IN,AGL,CE,Federal Contract Tower,0,0,7,0,7,0,0,6,2,8,0,0,13,2,15,0,0,0,15
01/18/2014,BAK,IN,AGL,CE,Federal Contract Tower,0,1,3,0,4,0,0,10,0,10,0,1,13,0,14,4,0,4,18
01/19/2014,BAK,IN,AGL,CE,Federal Contract Tower,0,0,0,3,3,0,0,10,0,10,0,0,10,3,13,0,0,0,13
01/20/2014,BAK,IN,AGL,CE,Federal Contract Tower,0,3,5,0,8,0,0,76,0,76,0,3,81,0,84,0,0,0,84
01/21/2014,BAK,IN,AGL,CE,Federal Contract Tower,0,1,11,0,12,0,0,4,0,4,0,1,15,0,16,0,0,0,16
01/22/2014,BAK,IN,AGL,CE,Federal Contract Tower,0,2,14,0,16,0,0,0,4,4,0,2,14,4,20,0,22,22,42
01/23/2014,BAK,IN,AGL,CE,Federal Contract Tower,0,4,11,0,15,0,0,34,12,46,0,4,45,12,61,14,18,32,93
01/24/2014,BAK,IN,AGL,CE,Federal Contract Tower,0,1,9,0,10,0,0,20,0,20,0,1,29,0,30,12,0,12,42
01/25/2014,BAK,IN,AGL,CE,Federal Contract Tower,0,0,3,0,3,0,0,6,0,6,0,0,9,0,9,0,0,0,9
01/26/2014,BAK,IN,AGL,CE,Federal Contract Tower,0,0,3,0,3,0,0,10,0,10,0,0,13,0,13,12,0,12,25
01/27/2014,BAK,IN,AGL,CE,Federal Contract Tower,0,0,3,0,3,0,0,23,0,23,0,0,26,0,26,0,0,0,26
01/28/2014,BAK,IN,AGL,CE,Federal Contract Tower,0,2,12,0,14,0,0,15,0,15,0,2,27,0,29,0,0,0,29
01/29/2014,BAK,IN,AGL,CE,Federal Contract Tower,0,4,10,2,16,0,0,32,10,42,0,4,42,12,58,12,56,68,126
01/30/2014,BAK,IN,AGL,CE,Federal Contract Tower,0,8,10,0,18,0,0,35,2,37,0,8,45,2,55,12,16,28,83
01/31/2014,BAK,IN,AGL,CE,Federal Contract Tower,0,1,15,0,16,0,0,57,4,61,0,1,72,4,77,76,12,88,165
02/01/2014,BAK,IN,AGL,CE,Federal Contract Tower,0,0,6,0,6,0,0,4,0,4,0,0,10,0,10,12,0,12,22
02/02/2014,BAK,IN,AGL,CE,Federal Contract Tower,0,0,4,0,4,0,0,12,0,12,0,0,16,0,16,0,0,0,16
02/03/2014,BAK,IN,AGL,CE,Federal Contract Tower,0,1,10,0,11,0,0,34,0,34,0,1,44,0,45,28,0,28,73
02/04/2014,BAK,IN,AGL,CE,Federal Contract Tower,0,5,9,0,14,0,0,13,0,13,0,5,22,0,27,0,0,0,27
02/05/2014,BAK,IN,AGL,CE,Federal Contract Tower,0,3,11,0,14,0,0,0,0,0,0,3,11,0,14,0,0,0,14
02/06/2014,BAK,IN,AGL,CE,Federal Contract Tower,0,3,16,5,24,0,0,6,12,18,0,3,22,17,42,0,54,54,96
02/07/2014,BAK,IN,AGL,CE,Federal Contract Tower,0,0,4,0,4,0,0,34,4,38,0,0,38,4,42,6,0,6,48
02/08/2014,BAK,IN,AGL,CE,Federal Contract Tower,0,0,7,0,7,0,0,6,0,6,0,0,13,0,13,2,0,2,15
02/09/2014,BAK,IN,AGL,CE,Federal Contract Tower,0,0,6,0,6,0,0,11,0,11,0,0,17,0,17,34,0,34,51
02/10/2014,BAK,IN,AGL,CE,Federal Contract Tower,0,1,7,0,8,0,0,14,0,14,0,1,21,0,22,42,0,42,64
02/11/2014,BAK,IN,AGL,CE,Federal Contract Tower,0,6,12,6,24,0,0,16,10,26,0,6,28,16,50,12,64,76,126
02/12/2014,BAK,IN,AGL,CE,Federal Contract Tower,0,4,11,2,17,0,0,38,36,74,0,4,49,38,91,0,106,106,197
02/13/2014,BAK,IN,AGL,CE,Federal Contract Tower,0,2,14,0,16,0,0,34,6,40,0,2,48,6,56,0,46,46,102
02/14/2014,BAK,IN,AGL,CE,Federal Contract Tower,0,0,3,0,3,0,0,20,0,20,0,0,23,0,23,0,0,0,23
02/15/2014,BAK,IN,AGL,CE,Federal Contract Tower,0,0,6,2,8,0,0,23,0,23,0,0,29,2,31,4,0,4,35
02/16/2014,BAK,IN,AGL,CE,Federal Contract Tower,0,0,6,0,6,0,0,21,0,21,0,0,27,0,27,0,0,0,27
02/17/2014,BAK,IN,AGL,CE,Federal Contract Tower,0,0,8,0,8,0,0,2,0,2,0,0,10,0,10,0,0,0,10
02/18/2014,BAK,IN,AGL,CE,Federal Contract Tower,2,3,11,0,16,0,0,46,0,46,2,3,57,0,62,34,0,34,96
02/19/2014,BAK,IN,AGL,CE,Federal Contract Tower,0,4,19,10,33,0,0,39,8,47,0,4,58,18,80,12,46,58,138
02/20/2014,BAK,IN,AGL,CE,Federal Contract Tower,0,2,13,0,15,0,0,1,4,5,0,2,14,4,20,0,0,0,20
02/21/2014,BAK,IN,AGL,CE,Federal Contract Tower,0,0,12,2,14,0,0,21,6,27,0,0,33,8,41,0,0,0,41
02/22/2014,BAK,IN,AGL,CE,Federal Contract Tower,0,2,24,0,26,0,0,161,0,161,0,2,185,0,187,80,0,80,267
02/23/2014,BAK,IN,AGL,CE,Federal Contract Tower,0,0,1,0,1,0,0,29,2,31,0,0,30,2,32,24,8,32,64
02/24/2014,BAK,IN,AGL,CE,Federal Contract Tower,0,2,12,0,14,0,0,18,0,18,0,2,30,0,32,42,0,42,74
02/25/2014,BAK,IN,AGL,CE,Federal Contract Tower,0,4,10,4,18,0,0,46,0,46,0,4,56,4,64,50,18,68,132
02/26/2014,BAK,IN,AGL,CE,Federal Contract Tower,0,4,11,0,15,0,0,62,0,62,0,4,73,0,77,18,0,18,95
02/27/2014,BAK,IN,AGL,CE,Federal Contract Tower,0,2,14,0,16,0,0,22,0,22,0,2,36,0,38,0,0,0,38
02/28/2014,BAK,IN,AGL,CE,Federal Contract Tower,0,0,10,2,12,0,0,40,0,40,0,0,50,2,52,32,0,32,84
03/01/2014,BAK,IN,AGL,CE,Federal Contract Tower,0,2,10,0,12,0,0,39,10,49,0,2,49,10,61,42,0,42,103
03/02/2014,BAK,IN,AGL,CE,Federal Contract Tower,0,0,0,0,0,0,0,0,0,0,0,0,0,0,0,0,0,0,0
03/03/2014,BAK,IN,AGL,CE,Federal Contract Tower,0,2,8,0,10,0,0,18,2,20,0,2,26,2,30,18,0,18,48
03/04/2014,BAK,IN,AGL,CE,Federal Contract Tower,1,2,12,0,15,0,0,44,2,46,1,2,56,2,61,24,4,28,89
03/05/2014,BAK,IN,AGL,CE,Federal Contract Tower,0,8,9,0,17,0,0,26,4,30,0,8,35,4,47,30,0,30,77
03/06/2014,BAK,IN,AGL,CE,Federal Contract Tower,1,4,11,1,17,0,0,51,10,61,1,4,62,11,78,30,42,72,150
03/07/2014,BAK,IN,AGL,CE,Federal Contract Tower,0,4,11,0,15,0,0,37,0,37,0,4,48,0,52,12,0,12,64
03/08/2014,BAK,IN,AGL,CE,Federal Contract Tower,0,0,5,2,7,0,0,49,2,51,0,0,54,4,58,10,0,10,68
03/09/2014,BAK,IN,AGL,CE,Federal Contract Tower,0,0,16,0,16,0,0,124,0,124,0,0,140,0,140,38,0,38,178
03/10/2014,BAK,IN,AGL,CE,Federal Contract Tower,0,3,12,0,15,0,0,44,0,44,0,3,56,0,59,10,0,10,69
03/11/2014,BAK,IN,AGL,CE,Federal Contract Tower,0,3,10,2,15,0,0,62,4,66,0,3,72,6,81,52,0,52,133
03/12/2014,BAK,IN,AGL,CE,Federal Contract Tower,0,2,6,0,8,0,0,0,0,0,0,2,6,0,8,0,0,0,8
03/13/2014,BAK,IN,AGL,CE,Federal Contract Tower,0,4,10,1,15,0,0,53,12,65,0,4,63,13,80,4,24,28,108
03/14/2014,BAK,IN,AGL,CE,Federal Contract Tower,0,2,13,0,15,0,0,31,0,31,0,2,44,0,46,0,0,0,46
03/15/2014,BAK,IN,AGL,CE,Federal Contract Tower,0,0,10,0,10,0,0,80,0,80,0,0,90,0,90,42,0,42,132
03/16/2014,BAK,IN,AGL,CE,Federal Contract Tower,0,0,1,0,1,0,0,5,0,5,0,0,6,0,6,0,0,0,6
03/17/2014,BAK,IN,AGL,CE,Federal Contract Tower,0,0,9,0,9,0,0,36,4,40,0,0,45,4,49,12,2,14,63
03/18/2014,BAK,IN,AGL,CE,Federal Contract Tower,0,2,14,1,17,0,0,33,5,38,0,2,47,6,55,0,4,4,59
03/19/2014,BAK,IN,AGL,CE,Federal Contract Tower,0,4,17,0,21,0,0,2,0,2,0,4,19,0,23,6,0,6,29
03/20/2014,BAK,IN,AGL,CE,Federal Contract Tower,0,2,22,5,29,0,0,61,0,61,0,2,83,5,90,60,0,60,150
03/21/2014,BAK,IN,AGL,CE,Federal Contract Tower,0,2,10,0,12,0,0,50,0,50,0,2,60,0,62,16,0,16,78
03/22/2014,BAK,IN,AGL,CE,Federal Contract Tower,0,0,18,0,18,0,0,70,14,84,0,0,88,14,102,42,40,82,184
03/23/2014,BAK,IN,AGL,CE,Federal Contract Tower,0,0,4,0,4,0,0,58,0,58,0,0,62,0,62,8,0,8,70
03/24/2014,BAK,IN,AGL,CE,Federal Contract Tower,0,0,5,0,5,0,0,50,0,50,0,0,55,0,55,16,0,16,71
03/25/2014,BAK,IN,AGL,CE,Federal Contract Tower,0,3,14,0,17,0,0,4,2,6,0,3,18,2,23,0,0,0,23
03/26/2014,BAK,IN,AGL,CE,Federal Contract Tower,0,6,22,1,29,0,0,84,2,86,0,6,106,3,115,6,2,8,123
03/27/2014,BAK,IN,AGL,CE,Federal Contract Tower,0,2,14,2,18,0,0,14,0,14,0,2,28,2,32,0,0,0,32
03/28/2014,BAK,IN,AGL,CE,Federal Contract Tower,0,2,12,0,14,0,0,30,2,32,0,2,42,2,46,46,0,46,92
03/29/2014,BAK,IN,AGL,CE,Federal Contract Tower,0,0,9,0,9,0,0,5,0,5,0,0,14,0,14,2,0,2,16
03/30/2014,BAK,IN,AGL,CE,Federal Contract Tower,0,0,7,0,7,0,0,141,0,141,0,0,148,0,148,56,0,56,204
03/31/2014,BAK,IN,AGL,CE,Federal Contract Tower,0,0,10,0,10,0,0,52,0,52,0,0,62,0,62,28,0,28,90
04/01/2014,BAK,IN,AGL,CE,Federal Contract Tower,0,2,7,2,11,0,0,22,6,28,0,2,29,8,39,10,20,30,69
04/02/2014,BAK,IN,AGL,CE,Federal Contract Tower,0,3,15,0,18,0,0,13,4,17,0,3,28,4,35,0,0,0,35
04/03/2014,BAK,IN,AGL,CE,Federal Contract Tower,0,4,12,0,16,0,0,0,0,0,0,4,12,0,16,0,0,0,16
04/04/2014,BAK,IN,AGL,CE,Federal Contract Tower,0,3,10,3,16,0,0,2,4,6,0,3,12,7,22,0,18,18,40
04/05/2014,BAK,IN,AGL,CE,Federal Contract Tower,0,0,9,0,9,0,0,127,12,139,0,0,136,12,148,46,0,46,194
04/06/2014,BAK,IN,AGL,CE,Federal Contract Tower,0,0,5,0,5,0,0,96,0,96,0,0,101,0,101,52,0,52,153
04/07/2014,BAK,IN,AGL,CE,Federal Contract Tower,2,0,13,3,18,0,0,2,0,2,2,0,15,3,20,0,0,0,20
04/08/2014,BAK,IN,AGL,CE,Federal Contract Tower,0,8,19,0,27,0,0,22,18,40,0,8,41,18,67,4,0,4,71
04/09/2014,BAK,IN,AGL,CE,Federal Contract Tower,0,7,18,1,26,0,0,46,4,50,0,7,64,5,76,40,4,44,120
04/10/2014,BAK,IN,AGL,CE,Federal Contract Tower,0,2,15,3,20,0,0,46,2,48,0,2,61,5,68,32,18,50,118
04/11/2014,BAK,IN,AGL,CE,Federal Contract Tower,0,0,6,0,6,0,0,58,8,66,0,0,64,8,72,60,0,60,132
04/12/2014,BAK,IN,AGL,CE,Federal Contract Tower,0,0,7,2,9,0,0,84,8,92,0,0,91,10,101,32,0,32,133
04/13/2014,BAK,IN,AGL,CE,Federal Contract Tower,0,0,6,0,6,0,0,60,0,60,0,0,66,0,66,32,0,32,98
04/14/2014,BAK,IN,AGL,CE,Federal Contract Tower,0,1,13,0,14,0,0,0,0,0,0,1,13,0,14,0,0,0,14
04/15/2014,BAK,IN,AGL,CE,Federal Contract Tower,2,4,23,0,29,0,0,24,0,24,2,4,47,0,53,0,0,0,53
04/16/2014,BAK,IN,AGL,CE,Federal Contract Tower,0,10,16,0,26,0,0,64,2,66,0,10,80,2,92,40,0,40,132
04/17/2014,BAK,IN,AGL,CE,Federal Contract Tower,0,3,16,0,19,0,0,111,10,121,0,3,127,10,140,70,14,84,224
04/18/2014,BAK,IN,AGL,CE,Federal Contract Tower,2,0,7,2,11,0,0,104,0,104,2,0,111,2,115,70,0,70,185
04/19/2014,BAK,IN,AGL,CE,Federal Contract Tower,0,0,5,0,5,0,0,92,0,92,0,0,97,0,97,52,0,52,149
04/20/2014,BAK,IN,AGL,CE,Federal Contract Tower,0,0,1,0,1,0,0,54,0,54,0,0,55,0,55,36,0,36,91
04/21/2014,BAK,IN,AGL,CE,Federal Contract Tower,2,1,10,0,13,0,0,40,4,44,2,1,50,4,57,0,4,4,61
04/22/2014,BAK,IN,AGL,CE,Federal Contract Tower,0,6,11,2,19,0,0,19,0,19,0,6,30,2,38,2,0,2,40
04/23/2014,BAK,IN,AGL,CE,Federal Contract Tower,0,3,27,2,32,0,0,52,0,52,0,3,79,2,84,44,0,44,128
04/24/2014,BAK,IN,AGL,CE,Federal Contract Tower,0,6,9,1,16,0,0,60,4,64,0,6,69,5,80,12,8,20,100
04/25/2014,BAK,IN,AGL,CE,Federal Contract Tower,2,4,13,0,19,0,0,22,0,22,2,4,35,0,41,26,0,26,67
04/26/2014,BAK,IN,AGL,CE,Federal Contract Tower,0,0,6,0,6,0,0,94,0,94,0,0,100,0,100,64,0,64,164
04/27/2014,BAK,IN,AGL,CE,Federal Contract Tower,0,2,8,0,10,0,0,46,0,46,0,2,54,0,56,18,0,18,74
04/28/2014,BAK,IN,AGL,CE,Federal Contract Tower,0,3,9,0,12,0,0,0,0,0,0,3,9,0,12,0,0,0,12
04/29/2014,BAK,IN,AGL,CE,Federal Contract Tower,0,5,18,4,27,0,0,6,0,6,0,5,24,4,33,0,0,0,33
04/30/2014,BAK,IN,AGL,CE,Federal Contract Tower,0,7,9,0,16,0,0,34,4,38,0,7,43,4,54,50,0,50,104
05/01/2014,BAK,IN,AGL,CE,Federal Contract Tower,1,3,14,1,19,0,0,37,0,37,1,3,51,1,56,14,0,14,70
05/02/2014,BAK,IN,AGL,CE,Federal Contract Tower,1,0,12,0,13,0,0,44,2,46,1,0,56,2,59,16,6,22,81
05/03/2014,BAK,IN,AGL,CE,Federal Contract Tower,0,0,4,0,4,0,0,116,0,116,0,0,120,0,120,30,0,30,150
05/04/2014,BAK,IN,AGL,CE,Federal Contract Tower,0,0,2,0,2,0,0,90,0,90,0,0,92,0,92,24,0,24,116
05/05/2014,BAK,IN,AGL,CE,Federal Contract Tower,2,0,12,0,14,0,0,30,0,30,2,0,42,0,44,40,0,40,84
05/06/2014,BAK,IN,AGL,CE,Federal Contract Tower,0,5,20,1,26,0,0,82,10,92,0,5,102,11,118,46,0,46,164
05/07/2014,BAK,IN,AGL,CE,Federal Contract Tower,0,6,7,0,13,0,0,56,8,64,0,6,63,8,77,4,0,4,81
05/08/2014,BAK,IN,AGL,CE,Federal Contract Tower,0,3,15,0,18,0,0,48,4,52,0,3,63,4,70,26,0,26,96
05/09/2014,BAK,IN,AGL,CE,Federal Contract Tower,2,2,9,0,13,0,0,20,0,20,2,2,29,0,33,0,0,0,33
05/10/2014,BAK,IN,AGL,CE,Federal Contract Tower,0,1,6,0,7,0,0,72,0,72,0,1,78,0,79,32,0,32,111
05/11/2014,BAK,IN,AGL,CE,Federal Contract Tower,0,1,4,1,6,0,0,23,2,25,0,1,27,3,31,16,0,16,47
05/12/2014,BAK,IN,AGL,CE,Federal Contract Tower,0,2,16,0,18,0,0,32,0,32,0,2,48,0,50,38,0,38,88
05/13/2014,BAK,IN,AGL,CE,Federal Contract Tower,0,3,17,0,20,0,0,33,0,33,0,3,50,0,53,30,0,30,83
05/14/2014,BAK,IN,AGL,CE,Federal Contract Tower,0,4,10,0,14,0,0,0,0,0,0,4,10,0,14,0,0,0,14
05/15/2014,BAK,IN,AGL,CE,Federal Contract Tower,0,3,7,0,10,0,0,8,4,12,0,3,15,4,22,2,0,2,24
05/16/2014,BAK,IN,AGL,CE,Federal Contract Tower,0,1,19,0,20,0,0,28,0,28,0,1,47,0,48,30,0,30,78
05/17/2014,BAK,IN,AGL,CE,Federal Contract Tower,0,0,11,1,12,0,0,78,6,84,0,0,89,7,96,56,32,88,184
05/18/2014,BAK,IN,AGL,CE,Federal Contract Tower,0,1,6,1,8,0,0,111,20,131,0,1,117,21,139,30,62,92,231
05/19/2014,BAK,IN,AGL,CE,Federal Contract Tower,0,0,6,0,6,0,0,48,4,52,0,0,54,4,58,52,28,80,138
05/20/2014,BAK,IN,AGL,CE,Federal Contract Tower,0,2,14,0,16,0,0,76,2,78,0,2,90,2,94,24,18,42,136
05/21/2014,BAK,IN,AGL,CE,Federal Contract Tower,0,3,16,2,21,0,0,29,25,54,0,3,45,27,75,0,32,32,107
05/22/2014,BAK,IN,AGL,CE,Federal Contract Tower,0,3,18,2,23,0,0,86,24,110,0,3,104,26,133,38,2,40,173
05/23/2014,BAK,IN,AGL,CE,Federal Contract Tower,0,2,8,0,10,0,0,64,2,66,0,2,72,2,76,20,0,20,96
05/24/2014,BAK,IN,AGL,CE,Federal Contract Tower,0,1,7,0,8,0,0,131,0,131,0,1,138,0,139,80,0,80,219
05/25/2014,BAK,IN,AGL,CE,Federal Contract Tower,0,0,8,0,8,0,0,132,0,132,0,0,140,0,140,62,0,62,202
05/26/2014,BAK,IN,AGL,CE,Federal Contract Tower,0,0,4,0,4,0,0,45,0,45,0,0,49,0,49,58,0,58,107
05/27/2014,BAK,IN,AGL,CE,Federal Contract Tower,1,9,10,0,20,0,0,74,0,74,1,9,84,0,94,56,0,56,150
05/28/2014,BAK,IN,AGL,CE,Federal Contract Tower,0,4,18,0,22,0,0,54,0,54,0,4,72,0,76,30,0,30,106
05/29/2014,BAK,IN,AGL,CE,Federal Contract Tower,0,3,13,1,17,0,0,23,4,27,0,3,36,5,44,12,8,20,64
05/30/2014,BAK,IN,AGL,CE,Federal Contract Tower,0,3,11,3,17,0,0,46,0,46,0,3,57,3,63,34,0,34,97
05/31/2014,BAK,IN,AGL,CE,Federal Contract Tower,0,0,3,0,3,0,0,110,0,110,0,0,113,0,113,24,0,24,137
06/01/2014,BAK,IN,AGL,CE,Federal Contract Tower,0,4,3,2,9,0,0,100,12,112,0,4,103,14,121,20,0,20,141
06/02/2014,BAK,IN,AGL,CE,Federal Contract Tower,0,1,6,0,7,0,0,11,16,27,0,1,17,16,34,0,0,0,34
06/03/2014,BAK,IN,AGL,CE,Federal Contract Tower,0,2,19,2,23,0,0,61,22,83,0,2,80,24,106,4,0,4,110
06/04/2014,BAK,IN,AGL,CE,Federal Contract Tower,0,5,7,0,12,0,0,14,0,14,0,5,21,0,26,0,0,0,26
06/05/2014,BAK,IN,AGL,CE,Federal Contract Tower,0,3,15,0,18,0,0,100,19,119,0,3,115,19,137,36,0,36,173
06/06/2014,BAK,IN,AGL,CE,Federal Contract Tower,0,0,18,4,22,0,0,84,12,96,0,0,102,16,118,24,0,24,142
06/07/2014,BAK,IN,AGL,CE,Federal Contract Tower,0,1,12,0,13,0,0,474,33,507,0,1,486,33,520,166,50,216,736
06/08/2014,BAK,IN,AGL,CE,Federal Contract Tower,0,2,12,2,16,0,0,38,8,46,0,2,50,10,62,48,0,48,110
06/09/2014,BAK,IN,AGL,CE,Federal Contract Tower,0,6,12,2,20,0,0,62,12,74,0,6,74,14,94,36,16,52,146
06/10/2014,BAK,IN,AGL,CE,Federal Contract Tower,0,3,30,0,33,0,0,11,0,11,0,3,41,0,44,0,0,0,44
06/11/2014,BAK,IN,AGL,CE,Federal Contract Tower,0,2,18,1,21,0,0,16,1,17,0,2,34,2,38,0,8,8,46
06/12/2014,BAK,IN,AGL,CE,Federal Contract Tower,0,2,20,0,22,0,0,32,4,36,0,2,52,4,58,6,22,28,86
06/13/2014,BAK,IN,AGL,CE,Federal Contract Tower,0,0,11,0,11,0,0,60,0,60,0,0,71,0,71,48,0,48,119
06/14/2014,BAK,IN,AGL,CE,Federal Contract Tower,0,0,16,0,16,0,0,102,0,102,0,0,118,0,118,50,0,50,168
06/15/2014,BAK,IN,AGL,CE,Federal Contract Tower,0,0,8,0,8,0,0,96,0,96,0,0,104,0,104,80,0,80,184
06/16/2014,BAK,IN,AGL,CE,Federal Contract Tower,0,4,12,0,16,0,0,38,0,38,0,4,50,0,54,6,0,6,60
06/17/2014,BAK,IN,AGL,CE,Federal Contract Tower,0,2,16,0,18,0,0,26,0,26,0,2,42,0,44,16,0,16,60
06/18/2014,BAK,IN,AGL,CE,Federal Contract Tower,0,10,14,0,24,0,0,50,12,62,0,10,64,12,86,16,0,16,102
06/19/2014,BAK,IN,AGL,CE,Federal Contract Tower,0,2,10,0,12,0,0,60,0,60,0,2,70,0,72,38,0,38,110
06/20/2014,BAK,IN,AGL,CE,Federal Contract Tower,0,2,10,2,14,0,0,66,2,68,0,2,76,4,82,74,0,74,156
06/21/2014,BAK,IN,AGL,CE,Federal Contract Tower,0,0,7,0,7,0,0,106,0,106,0,0,113,0,113,36,0,36,149
06/22/2014,BAK,IN,AGL,CE,Federal Contract Tower,0,1,11,0,12,0,0,112,0,112,0,1,123,0,124,64,0,64,188
06/23/2014,BAK,IN,AGL,CE,Federal Contract Tower,0,2,8,0,10,0,0,66,0,66,0,2,74,0,76,30,0,30,106
06/24/2014,BAK,IN,AGL,CE,Federal Contract Tower,0,5,11,2,18,0,0,24,4,28,0,5,35,6,46,6,32,38,84
06/25/2014,BAK,IN,AGL,CE,Federal Contract Tower,0,8,8,0,16,0,0,29,0,29,0,8,37,0,45,0,0,0,45
06/26/2014,BAK,IN,AGL,CE,Federal Contract Tower,0,3,16,1,20,0,0,70,2,72,0,3,86,3,92,56,0,56,148
06/27/2014,BAK,IN,AGL,CE,Federal Contract Tower,0,3,23,2,28,0,0,96,0,96,0,3,119,2,124,70,0,70,194
06/28/2014,BAK,IN,AGL,CE,Federal Contract Tower,0,0,4,2,6,0,0,37,0,37,0,0,41,2,43,46,0,46,89
06/29/2014,BAK,IN,AGL,CE,Federal Contract Tower,0,0,7,0,7,0,0,26,0,26,0,0,33,0,33,12,0,12,45
06/30/2014,BAK,IN,AGL,CE,Federal Contract Tower,0,0,12,1,13,0,0,29,0,29,0,0,41,1,42,6,0,6,48
07/01/2014,BAK,IN,AGL,CE,Federal Contract Tower,0,2,8,1,11,0,0,33,5,38,0,2,41,6,49,32,4,36,85
07/02/2014,BAK,IN,AGL,CE,Federal Contract Tower,0,2,12,2,16,0,0,39,0,39,0,2,51,2,55,4,0,4,59
07/03/2014,BAK,IN,AGL,CE,Federal Contract Tower,0,5,13,0,18,0,0,130,0,130,0,5,143,0,148,88,0,88,236
07/04/2014,BAK,IN,AGL,CE,Federal Contract Tower,0,0,8,0,8,0,0,104,0,104,0,0,112,0,112,98,0,98,210
07/05/2014,BAK,IN,AGL,CE,Federal Contract Tower,0,2,9,0,11,0,0,110,0,110,0,2,119,0,121,60,0,60,181
07/06/2014,BAK,IN,AGL,CE,Federal Contract Tower,0,0,16,0,16,0,0,86,0,86,0,0,102,0,102,28,0,28,130
07/07/2014,BAK,IN,AGL,CE,Federal Contract Tower,0,0,6,0,6,0,0,16,0,16,0,0,22,0,22,0,0,0,22
07/08/2014,BAK,IN,AGL,CE,Federal Contract Tower,0,4,15,1,20,0,0,21,0,21,0,4,36,1,41,0,0,0,41
07/09/2014,BAK,IN,AGL,CE,Federal Contract Tower,0,4,18,2,24,0,0,98,4,102,0,4,116,6,126,50,18,68,194
07/10/2014,BAK,IN,AGL,CE,Federal Contract Tower,0,1,9,1,11,0,0,90,12,102,0,1,99,13,113,20,4,24,137
07/11/2014,BAK,IN,AGL,CE,Federal Contract Tower,0,1,12,1,14,0,0,113,0,113,0,1,125,1,127,116,0,116,243
07/12/2014,BAK,IN,AGL,CE,Federal Contract Tower,0,0,2,2,4,0,0,125,0,125,0,0,127,2,129,94,0,94,223
07/13/2014,BAK,IN,AGL,CE,Federal Contract Tower,0,0,1,0,1,0,0,68,5,73,0,0,69,5,74,68,0,68,142
07/14/2014,BAK,IN,AGL,CE,Federal Contract Tower,0,0,9,2,11,0,0,35,0,35,0,0,44,2,46,18,0,18,64
07/15/2014,BAK,IN,AGL,CE,Federal Contract Tower,0,2,16,0,18,0,0,50,4,54,0,2,66,4,72,50,18,68,140
07/16/2014,BAK,IN,AGL,CE,Federal Contract Tower,0,4,18,2,24,0,0,94,2,96,0,4,112,4,120,44,0,44,164
07/17/2014,BAK,IN,AGL,CE,Federal Contract Tower,0,1,13,5,19,0,0,165,12,177,0,1,178,17,196,16,0,16,212
07/18/2014,BAK,IN,AGL,CE,Federal Contract Tower,2,2,23,0,27,0,0,131,0,131,2,2,154,0,158,116,0,116,274
07/19/2014,BAK,IN,AGL,CE,Federal Contract Tower,0,0,9,3,12,0,0,80,22,102,0,0,89,25,114,6,0,6,120
07/20/2014,BAK,IN,AGL,CE,Federal Contract Tower,0,0,7,1,8,0,0,104,6,110,0,0,111,7,118,64,10,74,192
07/21/2014,BAK,IN,AGL,CE,Federal Contract Tower,2,0,11,3,16,0,0,216,7,223,2,0,227,10,239,46,0,46,285
07/22/2014,BAK,IN,AGL,CE,Federal Contract Tower,0,2,14,2,18,0,0,207,14,221,0,2,221,16,239,58,6,64,303
07/23/2014,BAK,IN,AGL,CE,Federal Contract Tower,0,5,25,8,38,0,0,131,12,143,0,5,156,20,181,14,0,14,195
07/24/2014,BAK,IN,AGL,CE,Federal Contract Tower,0,7,19,9,35,0,0,278,31,309,0,7,297,40,344,118,42,160,504
07/25/2014,BAK,IN,AGL,CE,Federal Contract Tower,2,0,15,9,26,0,0,203,10,213,2,0,218,19,239,84,4,88,327
07/26/2014,BAK,IN,AGL,CE,Federal Contract Tower,0,0,19,9,28,0,0,62,4,66,0,0,81,13,94,40,0,40,134
07/27/2014,BAK,IN,AGL,CE,Federal Contract Tower,0,0,14,0,14,0,0,31,0,31,0,0,45,0,45,0,0,0,45
07/28/2014,BAK,IN,AGL,CE,Federal Contract Tower,0,1,19,4,24,0,0,152,0,152,0,1,171,4,176,34,0,34,210
07/29/2014,BAK,IN,AGL,CE,Federal Contract Tower,0,6,12,4,22,0,0,154,0,154,0,6,166,4,176,34,0,34,210
07/30/2014,BAK,IN,AGL,CE,Federal Contract Tower,0,7,21,0,28,0,0,134,10,144,0,7,155,10,172,74,52,126,298
07/31/2014,BAK,IN,AGL,CE,Federal Contract Tower,0,2,23,0,25,0,0,180,0,180,0,2,203,0,205,90,2,92,297
08/01/2014,BAK,IN,AGL,CE,Federal Contract Tower,0,3,14,2,19,0,0,186,4,190,0,3,200,6,209,82,0,82,291
08/02/2014,BAK,IN,AGL,CE,Federal Contract Tower,0,0,15,0,15,0,0,113,12,125,0,0,128,12,140,32,0,32,172
08/03/2014,BAK,IN,AGL,CE,Federal Contract Tower,0,0,26,0,26,0,0,127,0,127,0,0,153,0,153,62,0,62,215
08/04/2014,BAK,IN,AGL,CE,Federal Contract Tower,0,0,11,11,22,0,0,52,0,52,0,0,63,11,74,40,0,40,114
08/05/2014,BAK,IN,AGL,CE,Federal Contract Tower,0,3,11,12,26,0,0,70,6,76,0,3,81,18,102,74,0,74,176
08/06/2014,BAK,IN,AGL,CE,Federal Contract Tower,0,8,27,4,39,0,0,57,12,69,0,8,84,16,108,52,16,68,176
08/07/2014,BAK,IN,AGL,CE,Federal Contract Tower,0,4,23,3,30,0,0,54,8,62,0,4,77,11,92,50,0,50,142
08/08/2014,BAK,IN,AGL,CE,Federal Contract Tower,0,1,12,2,15,0,0,12,2,14,0,1,24,4,29,0,0,0,29
08/09/2014,BAK,IN,AGL,CE,Federal Contract Tower,0,0,7,0,7,0,0,122,0,122,0,0,129,0,129,42,0,42,171
08/10/2014,BAK,IN,AGL,CE,Federal Contract Tower,0,0,12,3,15,0,0,41,0,41,0,0,53,3,56,32,0,32,88
08/11/2014,BAK,IN,AGL,CE,Federal Contract Tower,0,3,17,2,22,0,0,46,0,46,0,3,63,2,68,26,0,26,94
08/12/2014,BAK,IN,AGL,CE,Federal Contract Tower,0,4,24,6,34,0,0,56,4,60,0,4,80,10,94,50,66,116,210
08/13/2014,BAK,IN,AGL,CE,Federal Contract Tower,0,9,17,0,26,0,0,78,0,78,0,9,95,0,104,88,0,88,192
08/14/2014,BAK,IN,AGL,CE,Federal Contract Tower,2,7,15,1,25,0,0,72,12,84,2,7,87,13,109,48,14,62,171
08/15/2014,BAK,IN,AGL,CE,Federal Contract Tower,0,1,21,0,22,0,0,100,0,100,0,1,121,0,122,66,0,66,188
08/16/2014,BAK,IN,AGL,CE,Federal Contract Tower,0,0,3,1,4,0,0,110,6,116,0,0,113,7,120,68,0,68,188
08/17/2014,BAK,IN,AGL,CE,Federal Contract Tower,0,0,6,0,6,0,0,36,0,36,0,0,42,0,42,46,0,46,88
08/18/2014,BAK,IN,AGL,CE,Federal Contract Tower,0,1,20,0,21,0,0,38,0,38,0,1,58,0,59,46,0,46,105
08/19/2014,BAK,IN,AGL,CE,Federal Contract Tower,0,13,15,0,28,0,0,90,20,110,0,13,105,20,138,58,0,58,196
08/20/2014,BAK,IN,AGL,CE,Federal Contract Tower,0,6,10,0,16,0,0,22,4,26,0,6,32,4,42,0,20,20,62
08/21/2014,BAK,IN,AGL,CE,Federal Contract Tower,0,4,11,0,15,0,0,20,0,20,0,4,31,0,35,24,0,24,59
08/22/2014,BAK,IN,AGL,CE,Federal Contract Tower,0,3,10,0,13,0,0,35,0,35,0,3,45,0,48,26,0,26,74
08/23/2014,BAK,IN,AGL,CE,Federal Contract Tower,0,0,8,0,8,0,0,47,0,47,0,0,55,0,55,40,0,40,95
08/24/2014,BAK,IN,AGL,CE,Federal Contract Tower,0,0,7,0,7,0,0,77,4,81,0,0,84,4,88,80,0,80,168
08/25/2014,BAK,IN,AGL,CE,Federal Contract Tower,0,6,11,0,17,0,0,44,0,44,0,6,55,0,61,10,0,10,71
08/26/2014,BAK,IN,AGL,CE,Federal Contract Tower,2,2,13,1,18,0,0,55,10,65,2,2,68,11,83,52,40,92,175
08/27/2014,BAK,IN,AGL,CE,Federal Contract Tower,0,4,14,1,19,0,0,45,2,47,0,4,59,3,66,32,0,32,98
08/28/2014,BAK,IN,AGL,CE,Federal Contract Tower,0,5,14,1,20,0,0,55,2,57,0,5,69,3,77,38,24,62,139
08/29/2014,BAK,IN,AGL,CE,Federal Contract Tower,0,0,6,0,6,0,0,38,0,38,0,0,44,0,44,22,0,22,66
08/30/2014,BAK,IN,AGL,CE,Federal Contract Tower,4,0,4,2,10,0,0,21,0,21,4,0,25,2,31,10,0,10,41
08/31/2014,BAK,IN,AGL,CE,Federal Contract Tower,0,0,9,0,9,0,0,14,0,14,0,0,23,0,23,0,0,0,23
09/01/2014,BAK,IN,AGL,CE,Federal Contract Tower,0,1,8,0,9,0,0,56,0,56,0,1,64,0,65,40,0,40,105
09/02/2014,BAK,IN,AGL,CE,Federal Contract Tower,0,4,14,0,18,0,0,19,0,19,0,4,33,0,37,4,0,4,41
09/03/2014,BAK,IN,AGL,CE,Federal Contract Tower,0,4,17,0,21,0,0,44,6,50,0,4,61,6,71,18,30,48,119
09/04/2014,BAK,IN,AGL,CE,Federal Contract Tower,0,4,28,0,32,0,0,52,0,52,0,4,80,0,84,34,0,34,118
09/05/2014,BAK,IN,AGL,CE,Federal Contract Tower,0,0,8,0,8,0,0,50,0,50,0,0,58,0,58,60,0,60,118
09/06/2014,BAK,IN,AGL,CE,Federal Contract Tower,0,0,10,0,10,0,0,24,0,24,0,0,34,0,34,68,0,68,102
09/07/2014,BAK,IN,AGL,CE,Federal Contract Tower,0,0,8,0,8,0,0,121,0,121,0,0,129,0,129,60,0,60,189
09/08/2014,BAK,IN,AGL,CE,Federal Contract Tower,0,0,19,0,19,0,0,64,0,64,0,0,83,0,83,26,0,26,109
09/09/2014,BAK,IN,AGL,CE,Federal Contract Tower,0,2,11,0,13,0,0,94,0,94,0,2,105,0,107,58,0,58,165
09/10/2014,BAK,IN,AGL,CE,Federal Contract Tower,0,4,19,0,23,0,0,27,0,27,0,4,46,0,50,12,0,12,62
09/11/2014,BAK,IN,AGL,CE,Federal Contract Tower,0,2,20,8,30,0,0,32,6,38,0,2,52,14,68,48,38,86,154
09/12/2014,BAK,IN,AGL,CE,Federal Contract Tower,0,3,23,0,26,0,0,70,0,70,0,3,93,0,96,62,0,62,158
09/13/2014,BAK,IN,AGL,CE,Federal Contract Tower,0,0,12,0,12,0,0,78,0,78,0,0,90,0,90,66,0,66,156
09/14/2014,BAK,IN,AGL,CE,Federal Contract Tower,0,0,18,0,18,0,0,129,0,129,0,0,147,0,147,116,0,116,263
09/15/2014,BAK,IN,AGL,CE,Federal Contract Tower,0,5,9,0,14,0,0,16,0,16,0,5,25,0,30,0,0,0,30
09/16/2014,BAK,IN,AGL,CE,Federal Contract Tower,0,5,20,0,25,0,0,10,0,10,0,5,30,0,35,4,0,4,39
09/17/2014,BAK,IN,AGL,CE,Federal Contract Tower,0,8,13,2,23,0,0,59,0,59,0,8,72,2,82,18,0,18,100
09/18/2014,BAK,IN,AGL,CE,Federal Contract Tower,0,6,24,2,32,0,0,76,2,78,0,6,100,4,110,44,14,58,168
09/19/2014,BAK,IN,AGL,CE,Federal Contract Tower,2,3,17,2,24,0,0,78,0,78,2,3,95,2,102,74,0,74,176
09/20/2014,BAK,IN,AGL,CE,Federal Contract Tower,0,0,3,0,3,0,0,102,0,102,0,0,105,0,105,64,0,64,169
09/21/2014,BAK,IN,AGL,CE,Federal Contract Tower,0,0,6,2,8,0,0,65,0,65,0,0,71,2,73,24,0,24,97
09/22/2014,BAK,IN,AGL,CE,Federal Contract Tower,0,0,4,0,4,0,0,52,0,52,0,0,56,0,56,12,0,12,68
09/23/2014,BAK,IN,AGL,CE,Federal Contract Tower,0,6,14,0,20,0,0,72,0,72,0,6,86,0,92,8,0,8,100
09/24/2014,BAK,IN,AGL,CE,Federal Contract Tower,0,9,23,2,34,0,0,79,0,79,0,9,102,2,113,26,0,26,139
09/25/2014,BAK,IN,AGL,CE,Federal Contract Tower,0,3,16,0,19,0,0,59,4,63,0,3,75,4,82,22,0,22,104
09/26/2014,BAK,IN,AGL,CE,Federal Contract Tower,0,0,8,2,10,0,0,68,0,68,0,0,76,2,78,46,0,46,124
09/27/2014,BAK,IN,AGL,CE,Federal Contract Tower,0,0,6,1,7,0,0,170,4,174,0,0,176,5,181,104,4,108,289
09/28/2014,BAK,IN,AGL,CE,Federal Contract Tower,0,3,12,2,17,0,0,98,4,102,0,3,110,6,119,70,6,76,195
09/29/2014,BAK,IN,AGL,CE,Federal Contract Tower,0,7,13,0,20,0,0,54,0,54,0,7,67,0,74,12,0,12,86
09/30/2014,BAK,IN,AGL,CE,Federal Contract Tower,0,2,16,3,21,0,0,46,0,46,0,2,62,3,67,22,0,22,89
10/01/2014,BAK,IN,AGL,CE,Federal Contract Tower,0,5,15,0,20,0,0,88,0,88,0,5,103,0,108,56,0,56,164
10/02/2014,BAK,IN,AGL,CE,Federal Contract Tower,0,6,16,0,22,0,0,50,2,52,0,6,66,2,74,36,0,36,110
10/03/2014,BAK,IN,AGL,CE,Federal Contract Tower,0,2,11,4,17,0,0,26,0,26,0,2,37,4,43,30,0,30,73
10/04/2014,BAK,IN,AGL,CE,Federal Contract Tower,2,1,6,0,9,0,0,22,0,22,2,1,28,0,31,34,0,34,65
10/05/2014,BAK,IN,AGL,CE,Federal Contract Tower,0,0,7,0,7,0,0,56,0,56,0,0,63,0,63,50,0,50,113
10/06/2014,BAK,IN,AGL,CE,Federal Contract Tower,0,2,17,0,19,0,0,29,0,29,0,2,46,0,48,2,0,2,50
10/07/2014,BAK,IN,AGL,CE,Federal Contract Tower,0,6,16,1,23,0,0,11,0,11,0,6,27,1,34,0,0,0,34
10/08/2014,BAK,IN,AGL,CE,Federal Contract Tower,0,2,8,1,11,0,0,59,2,61,0,2,67,3,72,8,12,20,92
10/09/2014,BAK,IN,AGL,CE,Federal Contract Tower,0,4,8,2,14,0,0,30,4,34,0,4,38,6,48,4,0,4,52
10/10/2014,BAK,IN,AGL,CE,Federal Contract Tower,0,4,12,0,16,0,0,38,4,42,0,4,50,4,58,0,0,0,58
10/11/2014,BAK,IN,AGL,CE,Federal Contract Tower,0,2,0,0,2,0,0,82,0,82,0,2,82,0,84,36,0,36,120
10/12/2014,BAK,IN,AGL,CE,Federal Contract Tower,0,5,19,2,26,0,0,64,0,64,0,5,83,2,90,52,0,52,142
10/13/2014,BAK,IN,AGL,CE,Federal Contract Tower,0,3,17,0,20,0,0,8,4,12,0,3,25,4,32,8,0,8,40
10/14/2014,BAK,IN,AGL,CE,Federal Contract Tower,0,4,17,0,21,0,0,15,0,15,0,4,32,0,36,0,0,0,36
10/15/2014,BAK,IN,AGL,CE,Federal Contract Tower,0,4,26,0,30,0,0,0,0,0,0,4,26,0,30,0,0,0,30
10/16/2014,BAK,IN,AGL,CE,Federal Contract Tower,0,2,11,0,13,0,0,8,16,24,0,2,19,16,37,0,26,26,63
10/17/2014,BAK,IN,AGL,CE,Federal Contract Tower,0,0,10,0,10,0,0,40,0,40,0,0,50,0,50,56,0,56,106
10/18/2014,BAK,IN,AGL,CE,Federal Contract Tower,2,2,10,0,14,0,0,22,0,22,2,2,32,0,36,30,0,30,66
10/19/2014,BAK,IN,AGL,CE,Federal Contract Tower,0,1,5,0,6,0,0,118,18,136,0,1,123,18,142,26,0,26,168
10/20/2014,BAK,IN,AGL,CE,Federal Contract Tower,0,4,16,0,20,0,0,28,0,28,0,4,44,0,48,42,0,42,90
10/21/2014,BAK,IN,AGL,CE,Federal Contract Tower,0,2,12,0,14,0,0,44,0,44,0,2,56,0,58,60,8,68,126
10/22/2014,BAK,IN,AGL,CE,Federal Contract Tower,0,1,21,0,22,0,0,41,8,49,0,1,62,8,71,32,38,70,141
10/23/2014,BAK,IN,AGL,CE,Federal Contract Tower,0,1,21,0,22,0,0,66,0,66,0,1,87,0,88,20,0,20,108
10/24/2014,BAK,IN,AGL,CE,Federal Contract Tower,0,2,24,0,26,0,0,63,0,63,0,2,87,0,89,48,0,48,137
10/25/2014,BAK,IN,AGL,CE,Federal Contract Tower,0,0,6,0,6,0,0,57,0,57,0,0,63,0,63,12,0,12,75
10/26/2014,BAK,IN,AGL,CE,Federal Contract Tower,0,0,13,0,13,0,0,113,0,113,0,0,126,0,126,14,0,14,140
10/27/2014,BAK,IN,AGL,CE,Federal Contract Tower,0,4,10,0,14,0,0,50,0,50,0,4,60,0,64,46,0,46,110
10/28/2014,BAK,IN,AGL,CE,Federal Contract Tower,0,3,21,0,24,0,0,60,0,60,0,3,81,0,84,30,0,30,114
10/29/2014,BAK,IN,AGL,CE,Federal Contract Tower,0,1,14,2,17,0,0,76,1,77,0,1,90,3,94,28,40,68,162
10/30/2014,BAK,IN,AGL,CE,Federal Contract Tower,0,5,11,0,16,0,0,68,0,68,0,5,79,0,84,32,10,42,126
10/31/2014,BAK,IN,AGL,CE,Federal Contract Tower,0,0,18,3,21,0,0,2,0,2,0,0,20,3,23,4,0,4,27
11/01/2014,BAK,IN,AGL,CE,Federal Contract Tower,0,0,3,2,5,0,0,26,0,26,0,0,29,2,31,12,0,12,43
11/02/2014,BAK,IN,AGL,CE,Federal Contract Tower,0,0,8,0,8,0,0,114,0,114,0,0,122,0,122,46,0,46,168
11/03/2014,BAK,IN,AGL,CE,Federal Contract Tower,0,1,9,0,10,0,0,38,0,38,0,1,47,0,48,60,0,60,108
11/04/2014,BAK,IN,AGL,CE,Federal Contract Tower,0,5,13,2,20,0,0,18,4,22,0,5,31,6,42,22,28,50,92
11/05/2014,BAK,IN,AGL,CE,Federal Contract Tower,0,3,17,2,22,0,0,33,6,39,0,3,50,8,61,24,14,38,99
11/06/2014,BAK,IN,AGL,CE,Federal Contract Tower,0,1,11,0,12,0,0,14,0,14,0,1,25,0,26,0,0,0,26
11/07/2014,BAK,IN,AGL,CE,Federal Contract Tower,0,2,6,0,8,0,0,42,0,42,0,2,48,0,50,66,0,66,116
11/08/2014,BAK,IN,AGL,CE,Federal Contract Tower,0,0,8,0,8,0,0,88,0,88,0,0,96,0,96,62,0,62,158
11/09/2014,BAK,IN,AGL,CE,Federal Contract Tower,0,0,8,0,8,0,0,94,0,94,0,0,102,0,102,52,0,52,154
11/10/2014,BAK,IN,AGL,CE,Federal Contract Tower,0,4,14,0,18,0,0,59,0,59,0,4,73,0,77,32,0,32,109
11/11/2014,BAK,IN,AGL,CE,Federal Contract Tower,0,6,14,0,20,0,0,17,0,17,0,6,31,0,37,28,0,28,65
11/12/2014,BAK,IN,AGL,CE,Federal Contract Tower,0,4,10,1,15,0,0,6,0,6,0,4,16,1,21,10,0,10,31
11/13/2014,BAK,IN,AGL,CE,Federal Contract Tower,0,3,19,0,22,0,0,52,0,52,0,3,71,0,74,10,0,10,84
11/14/2014,BAK,IN,AGL,CE,Federal Contract Tower,0,2,12,0,14,0,0,58,0,58,0,2,70,0,72,42,0,42,114
11/15/2014,BAK,IN,AGL,CE,Federal Contract Tower,0,2,2,0,4,0,0,32,0,32,0,2,34,0,36,10,0,10,46
11/16/2014,BAK,IN,AGL,CE,Federal Contract Tower,0,0,8,2,10,0,0,42,0,42,0,0,50,2,52,42,6,48,100
11/17/2014,BAK,IN,AGL,CE,Federal Contract Tower,0,2,6,1,9,0,0,16,2,18,0,2,22,3,27,8,4,12,39
11/18/2014,BAK,IN,AGL,CE,Federal Contract Tower,0,1,7,0,8,0,0,25,0,25,0,1,32,0,33,0,0,0,33
11/19/2014,BAK,IN,AGL,CE,Federal Contract Tower,0,4,13,2,19,0,0,30,4,34,0,4,43,6,53,0,60,60,113
11/20/2014,BAK,IN,AGL,CE,Federal Contract Tower,0,3,14,1,18,0,0,40,6,46,0,3,54,7,64,32,10,42,106
11/21/2014,BAK,IN,AGL,CE,Federal Contract Tower,0,1,14,0,15,0,0,47,0,47,0,1,61,0,62,38,0,38,100
11/22/2014,BAK,IN,AGL,CE,Federal Contract Tower,0,0,7,0,7,0,0,29,0,29,0,0,36,0,36,0,0,0,36
11/23/2014,BAK,IN,AGL,CE,Federal Contract Tower,0,0,2,0,2,0,0,0,0,0,0,0,2,0,2,0,0,0,2
11/24/2014,BAK,IN,AGL,CE,Federal Contract Tower,0,2,8,0,10,0,0,13,0,13,0,2,21,0,23,18,0,18,41
11/25/2014,BAK,IN,AGL,CE,Federal Contract Tower,0,2,8,0,10,0,0,29,4,33,0,2,37,4,43,52,8,60,103
11/26/2014,BAK,IN,AGL,CE,Federal Contract Tower,0,2,7,0,9,0,0,52,0,52,0,2,59,0,61,22,0,22,83
11/27/2014,BAK,IN,AGL,CE,Federal Contract Tower,0,0,1,0,1,0,0,2,0,2,0,0,3,0,3,0,0,0,3
11/28/2014,BAK,IN,AGL,CE,Federal Contract Tower,0,0,0,0,0,0,0,48,0,48,0,0,48,0,48,34,0,34,82
11/29/2014,BAK,IN,AGL,CE,Federal Contract Tower,0,0,4,0,4,0,0,32,0,32,0,0,36,0,36,28,0,28,64
11/30/2014,BAK,IN,AGL,CE,Federal Contract Tower,0,0,8,0,8,0,0,12,0,12,0,0,20,0,20,16,0,16,36
12/01/2014,BAK,IN,AGL,CE,Federal Contract Tower,0,1,9,2,12,0,0,10,0,10,0,1,19,2,22,0,0,0,22
12/02/2014,BAK,IN,AGL,CE,Federal Contract Tower,0,4,11,0,15,0,0,0,0,0,0,4,11,0,15,0,0,0,15
12/03/2014,BAK,IN,AGL,CE,Federal Contract Tower,0,2,17,0,19,0,0,47,0,47,0,2,64,0,66,14,0,14,80
12/04/2014,BAK,IN,AGL,CE,Federal Contract Tower,0,2,14,0,16,0,0,2,0,2,0,2,16,0,18,0,0,0,18
12/05/2014,BAK,IN,AGL,CE,Federal Contract Tower,0,2,12,0,14,0,0,0,0,0,0,2,12,0,14,0,0,0,14
12/06/2014,BAK,IN,AGL,CE,Federal Contract Tower,0,0,12,0,12,0,0,44,0,44,0,0,56,0,56,16,0,16,72
12/07/2014,BAK,IN,AGL,CE,Federal Contract Tower,0,0,10,0,10,0,0,105,0,105,0,0,115,0,115,28,0,28,143
12/08/2014,BAK,IN,AGL,CE,Federal Contract Tower,0,8,8,2,18,0,0,36,2,38,0,8,44,4,56,24,30,54,110
12/09/2014,BAK,IN,AGL,CE,Federal Contract Tower,0,5,9,0,14,0,0,0,0,0,0,5,9,0,14,0,0,0,14
12/10/2014,BAK,IN,AGL,CE,Federal Contract Tower,0,4,11,1,16,0,0,32,2,34,0,4,43,3,50,12,14,26,76
12/11/2014,BAK,IN,AGL,CE,Federal Contract Tower,0,2,14,0,16,0,0,58,0,58,0,2,72,0,74,34,0,34,108
12/12/2014,BAK,IN,AGL,CE,Federal Contract Tower,0,4,12,0,16,0,0,48,4,52,0,4,60,4,68,18,0,18,86
12/13/2014,BAK,IN,AGL,CE,Federal Contract Tower,0,0,19,0,19,0,0,26,0,26,0,0,45,0,45,82,0,82,127
12/14/2014,BAK,IN,AGL,CE,Federal Contract Tower,0,0,7,0,7,0,0,2,0,2,0,0,9,0,9,0,0,0,9
12/15/2014,BAK,IN,AGL,CE,Federal Contract Tower,0,2,16,0,18,0,0,14,0,14,0,2,30,0,32,6,0,6,38
12/16/2014,BAK,IN,AGL,CE,Federal Contract Tower,2,4,15,1,22,0,0,0,0,0,2,4,15,1,22,0,0,0,22
12/17/2014,BAK,IN,AGL,CE,Federal Contract Tower,0,4,10,3,17,0,0,16,0,16,0,4,26,3,33,4,0,4,37
12/18/2014,BAK,IN,AGL,CE,Federal Contract Tower,0,5,13,8,26,0,0,0,0,0,0,5,13,8,26,0,64,64,90
12/19/2014,BAK,IN,AGL,CE,Federal Contract Tower,14,0,0,0,14,0,0,30,0,30,14,0,30,0,44,68,0,68,112
12/20/2014,BAK,IN,AGL,CE,Federal Contract Tower,0,1,2,0,3,0,0,13,0,13,0,1,15,0,16,0,0,0,16
12/21/2014,BAK,IN,AGL,CE,Federal Contract Tower,0,1,13,0,14,0,0,128,2,130,0,1,141,2,144,42,0,42,186
12/22/2014,BAK,IN,AGL,CE,Federal Contract Tower,0,0,7,0,7,0,0,10,0,10,0,0,17,0,17,0,0,0,17
12/23/2014,BAK,IN,AGL,CE,Federal Contract Tower,0,2,13,0,15,0,0,7,0,7,0,2,20,0,22,22,0,22,44
12/24/2014,BAK,IN,AGL,CE,Federal Contract Tower,0,0,1,0,1,0,0,0,0,0,0,0,1,0,1,0,0,0,1
12/25/2014,BAK,IN,AGL,CE,Federal Contract Tower,0,0,2,0,2,0,0,0,0,0,0,0,2,0,2,0,0,0,2
12/26/2014,BAK,IN,AGL,CE,Federal Contract Tower,0,0,7,0,7,0,0,101,0,101,0,0,108,0,108,52,0,52,160
12/27/2014,BAK,IN,AGL,CE,Federal Contract Tower,0,0,4,0,4,0,0,0,0,0,0,0,4,0,4,0,0,0,4
12/28/2014,BAK,IN,AGL,CE,Federal Contract Tower,0,2,3,0,5,0,0,0,0,0,0,2,3,0,5,0,0,0,5
12/29/2014,BAK,IN,AGL,CE,Federal Contract Tower,0,0,1,0,1,0,0,111,0,111,0,0,112,0,112,20,0,20,132
12/30/2014,BAK,IN,AGL,CE,Federal Contract Tower,0,0,8,0,8,0,0,50,0,50,0,0,58,0,58,8,0,8,66
12/31/2014,BAK,IN,AGL,CE,Federal Contract Tower,0,0,3,0,3,0,0,34,0,34,0,0,37,0,37,8,0,8,45
01/01/2015,BAK,IN,AGL,CE,Federal Contract Tower,0,0,5,0,5,0,0,53,0,53,0,0,58,0,58,44,0,44,102
01/02/2015,BAK,IN,AGL,CE,Federal Contract Tower,0,0,4,0,4,0,0,79,0,79,0,0,83,0,83,50,0,50,133
01/03/2015,BAK,IN,AGL,CE,Federal Contract Tower,0,0,0,0,0,0,0,0,0,0,0,0,0,0,0,0,0,0,0
01/04/2015,BAK,IN,AGL,CE,Federal Contract Tower,0,0,3,0,3,0,0,0,0,0,0,0,3,0,3,0,0,0,3
01/05/2015,BAK,IN,AGL,CE,Federal Contract Tower,0,1,6,0,7,0,0,4,0,4,0,1,10,0,11,4,0,4,15
01/06/2015,BAK,IN,AGL,CE,Federal Contract Tower,0,6,5,0,11,0,0,9,0,9,0,6,14,0,20,8,0,8,28
01/07/2015,BAK,IN,AGL,CE,Federal Contract Tower,0,3,9,0,12,0,0,12,0,12,0,3,21,0,24,0,0,0,24
01/08/2015,BAK,IN,AGL,CE,Federal Contract Tower,0,2,7,0,9,0,0,15,0,15,0,2,22,0,24,0,0,0,24
01/09/2015,BAK,IN,AGL,CE,Federal Contract Tower,0,2,8,0,10,0,0,47,18,65,0,2,55,18,75,48,10,58,133
01/10/2015,BAK,IN,AGL,CE,Federal Contract Tower,0,0,9,3,12,0,0,58,3,61,0,0,67,6,73,20,0,20,93
01/11/2015,BAK,IN,AGL,CE,Federal Contract Tower,0,0,1,0,1,0,0,22,0,22,0,0,23,0,23,8,0,8,31
01/12/2015,BAK,IN,AGL,CE,Federal Contract Tower,0,2,10,0,12,0,0,0,0,0,0,2,10,0,12,0,0,0,12
01/13/2015,BAK,IN,AGL,CE,Federal Contract Tower,0,3,9,6,18,0,0,12,2,14,0,3,21,8,32,2,24,26,58
01/14/2015,BAK,IN,AGL,CE,Federal Contract Tower,0,3,11,4,18,0,0,40,4,44,0,3,51,8,62,48,46,94,156
01/15/2015,BAK,IN,AGL,CE,Federal Contract Tower,0,7,15,1,23,0,0,81,6,87,0,7,96,7,110,50,38,88,198
01/16/2015,BAK,IN,AGL,CE,Federal Contract Tower,0,2,23,0,25,0,0,70,0,70,0,2,93,0,95,30,0,30,125
01/17/2015,BAK,IN,AGL,CE,Federal Contract Tower,0,4,18,0,22,0,0,134,0,134,0,4,152,0,156,46,0,46,202
01/18/2015,BAK,IN,AGL,CE,Federal Contract Tower,0,2,6,0,8,0,0,20,0,20,0,2,26,0,28,10,0,10,38
01/19/2015,BAK,IN,AGL,CE,Federal Contract Tower,0,2,12,0,14,0,0,92,0,92,0,2,104,0,106,52,0,52,158
01/20/2015,BAK,IN,AGL,CE,Federal Contract Tower,0,2,24,2,28,0,0,62,0,62,0,2,86,2,90,62,6,68,158
01/21/2015,BAK,IN,AGL,CE,Federal Contract Tower,0,2,9,0,11,0,0,29,18,47,0,2,38,18,58,16,58,74,132
01/22/2015,BAK,IN,AGL,CE,Federal Contract Tower,0,2,5,0,7,0,0,26,2,28,0,2,31,2,35,0,20,20,55
01/23/2015,BAK,IN,AGL,CE,Federal Contract Tower,0,0,9,2,11,0,0,36,4,40,0,0,45,6,51,14,24,38,89
01/24/2015,BAK,IN,AGL,CE,Federal Contract Tower,0,0,6,1,7,0,0,135,0,135,0,0,141,1,142,40,0,40,182
01/25/2015,BAK,IN,AGL,CE,Federal Contract Tower,0,0,4,0,4,0,0,14,0,14,0,0,18,0,18,0,0,0,18
01/26/2015,BAK,IN,AGL,CE,Federal Contract Tower,0,2,18,0,20,0,0,32,10,42,0,2,50,10,62,10,0,10,72
01/27/2015,BAK,IN,AGL,CE,Federal Contract Tower,0,2,10,0,12,0,0,30,10,40,0,2,40,10,52,30,28,58,110
01/28/2015,BAK,IN,AGL,CE,Federal Contract Tower,0,3,8,2,13,0,0,57,24,81,0,3,65,26,94,56,88,144,238
01/29/2015,BAK,IN,AGL,CE,Federal Contract Tower,0,2,12,0,14,0,0,8,0,8,0,2,20,0,22,0,0,0,22
01/30/2015,BAK,IN,AGL,CE,Federal Contract Tower,0,0,14,1,15,0,0,67,2,69,0,0,81,3,84,42,4,46,130
01/31/2015,BAK,IN,AGL,CE,Federal Contract Tower,0,0,10,0,10,0,0,119,0,119,0,0,129,0,129,38,0,38,167
02/01/2015,BAK,IN,AGL,CE,Federal Contract Tower,0,0,2,0,2,0,0,0,0,0,0,0,2,0,2,0,0,0,2
02/02/2015,BAK,IN,AGL,CE,Federal Contract Tower,0,1,15,0,16,0,0,18,0,18,0,1,33,0,34,2,0,2,36
02/03/2015,BAK,IN,AGL,CE,Federal Contract Tower,0,5,15,2,22,0,0,68,6,74,0,5,83,8,96,12,64,76,172
02/04/2015,BAK,IN,AGL,CE,Federal Contract Tower,0,2,18,4,24,0,0,38,6,44,0,2,56,10,68,46,72,118,186
02/05/2015,BAK,IN,AGL,CE,Federal Contract Tower,0,3,14,0,17,0,0,23,8,31,0,3,37,8,48,42,32,74,122
02/06/2015,BAK,IN,AGL,CE,Federal Contract Tower,0,0,19,2,21,0,0,100,10,110,0,0,119,12,131,32,46,78,209
02/07/2015,BAK,IN,AGL,CE,Federal Contract Tower,0,1,15,0,16,0,0,174,4,178,0,1,189,4,194,62,18,80,274
02/08/2015,BAK,IN,AGL,CE,Federal Contract Tower,0,0,8,0,8,0,0,68,0,68,0,0,76,0,76,34,0,34,110
02/09/2015,BAK,IN,AGL,CE,Federal Contract Tower,0,4,6,1,11,0,0,4,0,4,0,4,10,1,15,0,0,0,15
02/10/2015,BAK,IN,AGL,CE,Federal Contract Tower,0,3,7,2,12,0,0,31,8,39,0,3,38,10,51,14,0,14,65
02/11/2015,BAK,IN,AGL,CE,Federal Contract Tower,0,5,12,6,23,0,0,28,8,36,0,5,40,14,59,6,56,62,121
02/12/2015,BAK,IN,AGL,CE,Federal Contract Tower,0,3,6,0,9,0,0,7,8,15,0,3,13,8,24,0,32,32,56
02/13/2015,BAK,IN,AGL,CE,Federal Contract Tower,0,1,6,0,7,0,0,19,0,19,0,1,25,0,26,0,0,0,26
02/14/2015,BAK,IN,AGL,CE,Federal Contract Tower,0,0,8,0,8,0,0,76,0,76,0,0,84,0,84,28,0,28,112
02/15/2015,BAK,IN,AGL,CE,Federal Contract Tower,0,2,8,0,10,0,0,76,0,76,0,2,84,0,86,60,0,60,146
02/16/2015,BAK,IN,AGL,CE,Federal Contract Tower,0,1,7,0,8,0,0,0,0,0,0,1,7,0,8,0,0,0,8
02/17/2015,BAK,IN,AGL,CE,Federal Contract Tower,0,5,11,0,16,0,0,11,0,11,0,5,22,0,27,16,0,16,43
02/18/2015,BAK,IN,AGL,CE,Federal Contract Tower,0,2,9,0,11,0,0,10,0,10,0,2,19,0,21,6,0,6,27
02/19/2015,BAK,IN,AGL,CE,Federal Contract Tower,0,2,12,0,14,0,0,4,0,4,0,2,16,0,18,4,0,4,22
02/20/2015,BAK,IN,AGL,CE,Federal Contract Tower,0,1,12,0,13,0,0,5,0,5,0,1,17,0,18,14,0,14,32
02/21/2015,BAK,IN,AGL,CE,Federal Contract Tower,0,0,3,0,3,0,0,0,0,0,0,0,3,0,3,0,0,0,3
02/22/2015,BAK,IN,AGL,CE,Federal Contract Tower,0,0,5,0,5,0,0,11,0,11,0,0,16,0,16,38,0,38,54
02/23/2015,BAK,IN,AGL,CE,Federal Contract Tower,0,0,16,0,16,0,0,12,0,12,0,0,28,0,28,20,0,20,48
02/24/2015,BAK,IN,AGL,CE,Federal Contract Tower,0,4,15,0,19,0,0,24,10,34,0,4,39,10,53,0,0,0,53
02/25/2015,BAK,IN,AGL,CE,Federal Contract Tower,0,3,11,5,19,0,0,27,4,31,0,3,38,9,50,50,10,60,110
02/26/2015,BAK,IN,AGL,CE,Federal Contract Tower,0,2,10,3,15,0,0,8,7,15,0,2,18,10,30,48,24,72,102
02/27/2015,BAK,IN,AGL,CE,Federal Contract Tower,0,0,12,0,12,0,0,17,0,17,0,0,29,0,29,90,0,90,119
02/28/2015,BAK,IN,AGL,CE,Federal Contract Tower,0,0,9,0,9,0,0,69,0,69,0,0,78,0,78,30,0,30,108
03/01/2015,BAK,IN,AGL,CE,Federal Contract Tower,0,0,4,0,4,0,0,0,0,0,0,0,4,0,4,0,0,0,4
03/02/2015,BAK,IN,AGL,CE,Federal Contract Tower,0,2,10,0,12,0,0,8,0,8,0,2,18,0,20,0,0,0,20
03/03/2015,BAK,IN,AGL,CE,Federal Contract Tower,0,2,3,0,5,0,0,0,0,0,0,2,3,0,5,0,0,0,5
03/04/2015,BAK,IN,AGL,CE,Federal Contract Tower,0,2,10,0,12,0,0,3,0,3,0,2,13,0,15,0,0,0,15
03/05/2015,BAK,IN,AGL,CE,Federal Contract Tower,0,4,16,2,22,0,0,32,12,44,0,4,48,14,66,48,0,48,114
03/06/2015,BAK,IN,AGL,CE,Federal Contract Tower,0,19,19,0,38,0,0,66,8,74,0,19,85,8,112,108,0,108,220
03/07/2015,BAK,IN,AGL,CE,Federal Contract Tower,0,0,6,6,12,0,0,80,2,82,0,0,86,8,94,76,0,76,170
03/08/2015,BAK,IN,AGL,CE,Federal Contract Tower,0,0,6,1,7,0,0,75,1,76,0,0,81,2,83,74,0,74,157
03/09/2015,BAK,IN,AGL,CE,Federal Contract Tower,0,0,12,0,12,0,0,36,0,36,0,0,48,0,48,44,0,44,92
03/10/2015,BAK,IN,AGL,CE,Federal Contract Tower,0,3,19,0,22,0,0,0,0,0,0,3,19,0,22,0,0,0,22
03/11/2015,BAK,IN,AGL,CE,Federal Contract Tower,0,2,9,3,14,0,0,36,3,39,0,2,45,6,53,22,38,60,113
03/12/2015,BAK,IN,AGL,CE,Federal Contract Tower,0,0,15,5,20,0,0,52,10,62,0,0,67,15,82,30,36,66,148
03/13/2015,BAK,IN,AGL,CE,Federal Contract Tower,0,2,12,4,18,0,0,0,0,0,0,2,12,4,18,0,0,0,18
03/14/2015,BAK,IN,AGL,CE,Federal Contract Tower,0,0,7,4,11,0,0,21,2,23,0,0,28,6,34,12,22,34,68
03/15/2015,BAK,IN,AGL,CE,Federal Contract Tower,0,3,4,0,7,0,0,108,0,108,0,3,112,0,115,62,0,62,177
03/16/2015,BAK,IN,AGL,CE,Federal Contract Tower,0,2,10,1,13,0,0,45,12,57,0,2,55,13,70,70,16,86,156
03/17/2015,BAK,IN,AGL,CE,Federal Contract Tower,0,2,9,13,24,0,0,27,4,31,0,2,36,17,55,14,0,14,69
03/18/2015,BAK,IN,AGL,CE,Federal Contract Tower,0,3,15,10,28,0,0,68,18,86,0,3,83,28,114,48,14,62,176
03/19/2015,BAK,IN,AGL,CE,Federal Contract Tower,0,2,4,3,9,0,0,17,7,24,0,2,21,10,33,22,32,54,87
03/20/2015,BAK,IN,AGL,CE,Federal Contract Tower,0,2,11,6,19,0,0,18,0,18,0,2,29,6,37,28,0,28,65
03/21/2015,BAK,IN,AGL,CE,Federal Contract Tower,0,1,7,3,11,0,0,98,0,98,0,1,105,3,109,88,0,88,197
03/22/2015,BAK,IN,AGL,CE,Federal Contract Tower,0,0,2,0,2,0,0,94,0,94,0,0,96,0,96,62,0,62,158
03/23/2015,BAK,IN,AGL,CE,Federal Contract Tower,0,2,8,0,10,0,0,2,0,2,0,2,10,0,12,6,0,6,18
03/24/2015,BAK,IN,AGL,CE,Federal Contract Tower,0,2,8,0,10,0,0,2,0,2,0,2,10,0,12,6,0,6,18
03/25/2015,BAK,IN,AGL,CE,Federal Contract Tower,0,2,12,6,20,0,0,36,0,36,0,2,48,6,56,22,50,72,128
03/26/2015,BAK,IN,AGL,CE,Federal Contract Tower,0,5,11,2,18,0,0,29,4,33,0,5,40,6,51,0,30,30,81
03/27/2015,BAK,IN,AGL,CE,Federal Contract Tower,0,3,12,0,15,0,0,48,0,48,0,3,60,0,63,26,0,26,89
03/28/2015,BAK,IN,AGL,CE,Federal Contract Tower,0,1,6,0,7,0,0,108,0,108,0,1,114,0,115,26,0,26,141
03/29/2015,BAK,IN,AGL,CE,Federal Contract Tower,0,1,1,0,2,0,0,50,0,50,0,1,51,0,52,24,0,24,76
03/30/2015,BAK,IN,AGL,CE,Federal Contract Tower,0,5,9,0,14,0,0,49,0,49,0,5,58,0,63,40,0,40,103
03/31/2015,BAK,IN,AGL,CE,Federal Contract Tower,0,2,16,1,19,0,0,27,4,31,0,2,43,5,50,4,18,22,72
04/01/2015,BAK,IN,AGL,CE,Federal Contract Tower,0,8,15,0,23,0,0,94,0,94,0,8,109,0,117,76,0,76,193
04/02/2015,BAK,IN,AGL,CE,Federal Contract Tower,0,5,13,0,18,0,0,11,0,11,0,5,24,0,29,0,0,0,29
04/03/2015,BAK,IN,AGL,CE,Federal Contract Tower,0,0,7,0,7,0,0,0,0,0,0,0,7,0,7,0,0,0,7
04/04/2015,BAK,IN,AGL,CE,Federal Contract Tower,0,0,10,0,10,0,0,142,0,142,0,0,152,0,152,52,0,52,204
04/05/2015,BAK,IN,AGL,CE,Federal Contract Tower,0,0,6,0,6,0,0,61,0,61,0,0,67,0,67,40,0,40,107
04/06/2015,BAK,IN,AGL,CE,Federal Contract Tower,0,4,14,0,18,0,0,6,0,6,0,4,20,0,24,0,0,0,24
04/07/2015,BAK,IN,AGL,CE,Federal Contract Tower,0,2,10,0,12,0,0,0,0,0,0,2,10,0,12,0,0,0,12
04/08/2015,BAK,IN,AGL,CE,Federal Contract Tower,0,2,13,0,15,0,0,12,0,12,0,2,25,0,27,4,0,4,31
04/09/2015,BAK,IN,AGL,CE,Federal Contract Tower,0,2,11,0,13,0,0,10,0,10,0,2,21,0,23,0,0,0,23
04/10/2015,BAK,IN,AGL,CE,Federal Contract Tower,0,5,16,0,21,0,0,60,4,64,0,5,76,4,85,22,0,22,107
04/11/2015,BAK,IN,AGL,CE,Federal Contract Tower,0,0,15,0,15,0,0,144,2,146,0,0,159,2,161,48,0,48,209
04/12/2015,BAK,IN,AGL,CE,Federal Contract Tower,0,0,4,0,4,0,0,128,4,132,0,0,132,4,136,62,0,62,198
04/13/2015,BAK,IN,AGL,CE,Federal Contract Tower,0,4,20,0,24,0,0,40,0,40,0,4,60,0,64,36,0,36,100
04/14/2015,BAK,IN,AGL,CE,Federal Contract Tower,0,4,17,1,22,0,0,50,2,52,0,4,67,3,74,22,0,22,96
04/15/2015,BAK,IN,AGL,CE,Federal Contract Tower,0,8,23,0,31,0,0,51,22,73,0,8,74,22,104,44,56,100,204
04/16/2015,BAK,IN,AGL,CE,Federal Contract Tower,0,5,15,2,22,0,0,26,2,28,0,5,41,4,50,2,10,12,62
04/17/2015,BAK,IN,AGL,CE,Federal Contract Tower,2,3,8,2,15,0,0,81,4,85,2,3,89,6,100,56,0,56,156
04/18/2015,BAK,IN,AGL,CE,Federal Contract Tower,0,0,11,0,11,0,0,185,10,195,0,0,196,10,206,82,0,82,288
04/19/2015,BAK,IN,AGL,CE,Federal Contract Tower,0,1,3,6,10,0,0,0,0,0,0,1,3,6,10,0,0,0,10
04/20/2015,BAK,IN,AGL,CE,Federal Contract Tower,0,2,14,0,16,0,2,22,8,32,0,4,36,8,48,20,0,20,68
04/21/2015,BAK,IN,AGL,CE,Federal Contract Tower,2,6,14,4,26,0,0,24,0,24,2,6,38,4,50,28,0,28,78
04/22/2015,BAK,IN,AGL,CE,Federal Contract Tower,0,6,7,0,13,0,0,35,4,39,0,6,42,4,52,0,4,4,56
04/23/2015,BAK,IN,AGL,CE,Federal Contract Tower,0,2,25,0,27,0,0,54,4,58,0,2,79,4,85,48,0,48,133
04/24/2015,BAK,IN,AGL,CE,Federal Contract Tower,0,3,25,1,29,0,0,80,0,80,0,3,105,1,109,62,0,62,171
04/25/2015,BAK,IN,AGL,CE,Federal Contract Tower,0,1,3,0,4,0,0,4,8,12,0,1,7,8,16,0,0,0,16
04/26/2015,BAK,IN,AGL,CE,Federal Contract Tower,2,0,14,1,17,0,0,106,6,112,2,0,120,7,129,42,0,42,171
04/27/2015,BAK,IN,AGL,CE,Federal Contract Tower,0,2,10,0,12,0,0,36,10,46,0,2,46,10,58,18,0,18,76
04/28/2015,BAK,IN,AGL,CE,Federal Contract Tower,0,2,12,1,15,0,0,118,4,122,0,2,130,5,137,38,0,38,175
04/29/2015,BAK,IN,AGL,CE,Federal Contract Tower,2,2,21,6,31,0,0,91,14,105,2,2,112,20,136,94,0,94,230
04/30/2015,BAK,IN,AGL,CE,Federal Contract Tower,0,3,9,2,14,0,0,20,4,24,0,3,29,6,38,0,0,0,38
05/01/2015,BAK,IN,AGL,CE,Federal Contract Tower,0,4,14,0,18,0,0,96,0,96,0,4,110,0,114,78,0,78,192
05/02/2015,BAK,IN,AGL,CE,Federal Contract Tower,0,1,5,0,6,0,0,94,10,104,0,1,99,10,110,72,0,72,182
05/03/2015,BAK,IN,AGL,CE,Federal Contract Tower,0,0,6,0,6,0,0,100,0,100,0,0,106,0,106,82,0,82,188
05/04/2015,BAK,IN,AGL,CE,Federal Contract Tower,0,2,8,1,11,0,0,22,0,22,0,2,30,1,33,6,0,6,39
05/05/2015,BAK,IN,AGL,CE,Federal Contract Tower,0,0,22,2,24,0,0,71,2,73,0,0,93,4,97,26,30,56,153
05/06/2015,BAK,IN,AGL,CE,Federal Contract Tower,0,2,11,3,16,0,0,54,0,54,0,2,65,3,70,32,22,54,124
05/07/2015,BAK,IN,AGL,CE,Federal Contract Tower,0,2,17,0,19,0,0,96,4,100,0,2,113,4,119,32,18,50,169
05/08/2015,BAK,IN,AGL,CE,Federal Contract Tower,0,2,14,0,16,0,0,68,4,72,0,2,82,4,88,18,0,18,106
05/09/2015,BAK,IN,AGL,CE,Federal Contract Tower,0,0,6,0,6,0,0,120,0,120,0,0,126,0,126,38,0,38,164
05/10/2015,BAK,IN,AGL,CE,Federal Contract Tower,0,0,12,0,12,0,0,48,0,48,0,0,60,0,60,48,0,48,108
05/11/2015,BAK,IN,AGL,CE,Federal Contract Tower,0,4,12,0,16,0,0,12,10,22,0,4,24,10,38,0,0,0,38
05/12/2015,BAK,IN,AGL,CE,Federal Contract Tower,0,2,17,0,19,0,0,54,8,62,0,2,71,8,81,50,20,70,151
05/13/2015,BAK,IN,AGL,CE,Federal Contract Tower,0,3,20,2,25,0,0,90,0,90,0,3,110,2,115,62,0,62,177
05/14/2015,BAK,IN,AGL,CE,Federal Contract Tower,0,4,10,7,21,0,0,80,4,84,0,4,90,11,105,20,26,46,151
05/15/2015,BAK,IN,AGL,CE,Federal Contract Tower,0,3,7,4,14,0,0,11,0,11,0,3,18,4,25,4,0,4,29
05/16/2015,BAK,IN,AGL,CE,Federal Contract Tower,0,0,8,0,8,0,0,46,0,46,0,0,54,0,54,48,0,48,102
05/17/2015,BAK,IN,AGL,CE,Federal Contract Tower,0,2,1,2,5,0,0,33,0,33,0,2,34,2,38,52,0,52,90
05/18/2015,BAK,IN,AGL,CE,Federal Contract Tower,0,5,16,0,21,0,0,45,4,49,0,5,61,4,70,38,0,38,108
05/19/2015,BAK,IN,AGL,CE,Federal Contract Tower,0,3,19,0,22,0,0,53,4,57,0,3,72,4,79,18,0,18,97
05/20/2015,BAK,IN,AGL,CE,Federal Contract Tower,2,3,14,0,19,0,0,35,0,35,2,3,49,0,54,8,0,8,62
05/21/2015,BAK,IN,AGL,CE,Federal Contract Tower,0,6,22,0,28,0,0,74,6,80,0,6,96,6,108,34,34,68,176
05/22/2015,BAK,IN,AGL,CE,Federal Contract Tower,5,21,0,0,26,0,0,92,0,92,5,21,92,0,118,42,0,42,160
05/23/2015,BAK,IN,AGL,CE,Federal Contract Tower,0,3,8,0,11,0,0,138,0,138,0,3,146,0,149,108,0,108,257
05/24/2015,BAK,IN,AGL,CE,Federal Contract Tower,0,0,3,0,3,0,0,65,0,65,0,0,68,0,68,44,0,44,112
05/25/2015,BAK,IN,AGL,CE,Federal Contract Tower,0,1,3,0,4,0,0,36,0,36,0,1,39,0,40,60,0,60,100
05/26/2015,BAK,IN,AGL,CE,Federal Contract Tower,0,3,18,0,21,0,0,21,0,21,0,3,39,0,42,14,0,14,56
05/27/2015,BAK,IN,AGL,CE,Federal Contract Tower,0,5,12,2,19,0,0,48,2,50,0,5,60,4,69,40,4,44,113
05/28/2015,BAK,IN,AGL,CE,Federal Contract Tower,0,7,10,2,19,0,0,66,8,74,0,7,76,10,93,72,22,94,187
05/29/2015,BAK,IN,AGL,CE,Federal Contract Tower,0,3,13,0,16,0,0,48,80,128,0,3,61,80,144,6,28,34,178
05/30/2015,BAK,IN,AGL,CE,Federal Contract Tower,0,1,6,0,7,0,0,114,54,168,0,1,120,54,175,48,24,72,247
05/31/2015,BAK,IN,AGL,CE,Federal Contract Tower,0,1,12,0,13,0,0,6,0,6,0,1,18,0,19,0,0,0,19
06/01/2015,BAK,IN,AGL,CE,Federal Contract Tower,0,4,13,0,17,0,0,6,0,6,0,4,19,0,23,4,0,4,27
06/02/2015,BAK,IN,AGL,CE,Federal Contract Tower,0,3,26,1,30,0,0,40,4,44,0,3,66,5,74,0,20,20,94
06/03/2015,BAK,IN,AGL,CE,Federal Contract Tower,2,3,22,3,30,0,0,54,6,60,2,3,76,9,90,38,32,70,160
06/04/2015,BAK,IN,AGL,CE,Federal Contract Tower,0,4,7,0,11,0,0,12,0,12,0,4,19,0,23,0,0,0,23
06/05/2015,BAK,IN,AGL,CE,Federal Contract Tower,0,4,12,0,16,0,0,58,0,58,0,4,70,0,74,50,0,50,124
06/06/2015,BAK,IN,AGL,CE,Federal Contract Tower,0,0,9,2,11,0,0,89,0,89,0,0,98,2,100,26,0,26,126
06/07/2015,BAK,IN,AGL,CE,Federal Contract Tower,0,1,2,0,3,0,0,70,2,72,0,1,72,2,75,24,4,28,103
06/08/2015,BAK,IN,AGL,CE,Federal Contract Tower,0,3,9,5,17,0,0,24,0,24,0,3,33,5,41,0,0,0,41
06/09/2015,BAK,IN,AGL,CE,Federal Contract Tower,0,3,11,9,23,0,0,46,2,48,0,3,57,11,71,18,0,18,89
06/10/2015,BAK,IN,AGL,CE,Federal Contract Tower,0,5,17,6,28,0,0,103,0,103,0,5,120,6,131,50,0,50,181
06/11/2015,BAK,IN,AGL,CE,Federal Contract Tower,2,5,23,4,34,0,0,68,0,68,2,5,91,4,102,46,0,46,148
06/12/2015,BAK,IN,AGL,CE,Federal Contract Tower,0,3,15,4,22,0,0,54,0,54,0,3,69,4,76,24,4,28,104
06/13/2015,BAK,IN,AGL,CE,Federal Contract Tower,0,0,7,1,8,0,0,519,3,522,0,0,526,4,530,170,6,176,706
06/14/2015,BAK,IN,AGL,CE,Federal Contract Tower,0,5,10,3,18,0,0,86,2,88,0,5,96,5,106,54,0,54,160
06/15/2015,BAK,IN,AGL,CE,Federal Contract Tower,0,1,7,1,9,0,0,48,10,58,0,1,55,11,67,46,0,46,113
06/16/2015,BAK,IN,AGL,CE,Federal Contract Tower,0,4,9,2,15,0,0,17,13,30,0,4,26,15,45,0,0,0,45
06/17/2015,BAK,IN,AGL,CE,Federal Contract Tower,0,6,6,0,12,0,0,42,4,46,0,6,48,4,58,48,0,48,106
06/18/2015,BAK,IN,AGL,CE,Federal Contract Tower,0,1,10,0,11,0,0,44,4,48,0,1,54,4,59,42,0,42,101
06/19/2015,BAK,IN,AGL,CE,Federal Contract Tower,0,4,13,0,17,0,0,24,0,24,0,4,37,0,41,104,0,104,145
06/20/2015,BAK,IN,AGL,CE,Federal Contract Tower,0,3,11,0,14,0,0,45,0,45,0,3,56,0,59,78,0,78,137
06/21/2015,BAK,IN,AGL,CE,Federal Contract Tower,0,1,14,0,15,0,0,66,0,66,0,1,80,0,81,72,0,72,153
06/22/2015,BAK,IN,AGL,CE,Federal Contract Tower,0,3,17,5,25,0,0,61,9,70,0,3,78,14,95,36,0,36,131
06/23/2015,BAK,IN,AGL,CE,Federal Contract Tower,0,5,15,0,20,0,0,43,0,43,0,5,58,0,63,28,0,28,91
06/24/2015,BAK,IN,AGL,CE,Federal Contract Tower,0,5,25,2,32,0,0,116,10,126,0,5,141,12,158,106,0,106,264
06/25/2015,BAK,IN,AGL,CE,Federal Contract Tower,0,3,14,0,17,0,0,59,4,63,0,3,73,4,80,76,0,76,156
06/26/2015,BAK,IN,AGL,CE,Federal Contract Tower,0,1,14,0,15,0,0,10,0,10,0,1,24,0,25,4,0,4,29
06/27/2015,BAK,IN,AGL,CE,Federal Contract Tower,0,1,10,2,13,0,0,14,0,14,0,1,24,2,27,18,0,18,45
06/28/2015,BAK,IN,AGL,CE,Federal Contract Tower,0,1,7,0,8,0,0,123,0,123,0,1,130,0,131,68,0,68,199
06/29/2015,BAK,IN,AGL,CE,Federal Contract Tower,0,3,5,0,8,0,0,38,0,38,0,3,43,0,46,54,0,54,100
06/30/2015,BAK,IN,AGL,CE,Federal Contract Tower,0,3,17,2,22,0,0,58,0,58,0,3,75,2,80,38,0,38,118
07/01/2015,BAK,IN,AGL,CE,Federal Contract Tower,0,2,16,3,21,0,0,34,12,46,0,2,50,15,67,24,30,54,121
07/02/2015,BAK,IN,AGL,CE,Federal Contract Tower,0,2,11,0,13,0,0,18,0,18,0,2,29,0,31,60,0,60,91
07/03/2015,BAK,IN,AGL,CE,Federal Contract Tower,0,1,9,0,10,0,0,102,0,102,0,1,111,0,112,54,0,54,166
07/04/2015,BAK,IN,AGL,CE,Federal Contract Tower,0,3,8,0,11,0,0,36,0,36,0,3,44,0,47,12,0,12,59
07/05/2015,BAK,IN,AGL,CE,Federal Contract Tower,0,2,13,0,15,0,0,57,0,57,0,2,70,0,72,20,0,20,92
07/06/2015,BAK,IN,AGL,CE,Federal Contract Tower,0,3,7,0,10,0,0,62,0,62,0,3,69,0,72,24,0,24,96
07/08/2015,BAK,IN,AGL,CE,Federal Contract Tower,0,6,16,0,22,0,0,5,0,5,0,6,21,0,27,52,0,52,79
07/09/2015,BAK,IN,AGL,CE,Federal Contract Tower,0,6,14,0,20,0,0,50,0,50,0,6,64,0,70,12,0,12,82
07/10/2015,BAK,IN,AGL,CE,Federal Contract Tower,0,3,22,0,25,0,0,21,0,21,0,3,43,0,46,60,0,60,106
07/11/2015,BAK,IN,AGL,CE,Federal Contract Tower,0,1,15,0,16,0,0,149,0,149,0,1,164,0,165,28,0,28,193
07/12/2015,BAK,IN,AGL,CE,Federal Contract Tower,0,1,9,2,12,0,0,24,2,26,0,1,33,4,38,18,4,22,60
07/13/2015,BAK,IN,AGL,CE,Federal Contract Tower,3,23,4,0,30,0,0,58,2,60,3,23,62,2,90,148,8,156,246
07/14/2015,BAK,IN,AGL,CE,Federal Contract Tower,0,3,20,1,24,0,0,58,0,58,0,3,78,1,82,58,0,58,140
07/15/2015,BAK,IN,AGL,CE,Federal Contract Tower,0,5,26,3,34,0,0,60,12,72,0,5,86,15,106,112,36,148,254
07/16/2015,BAK,IN,AGL,CE,Federal Contract Tower,0,4,28,3,35,0,0,110,0,110,0,4,138,3,145,122,6,128,273
07/17/2015,BAK,IN,AGL,CE,Federal Contract Tower,0,3,17,1,21,0,0,56,10,66,0,3,73,11,87,98,0,98,185
07/18/2015,BAK,IN,AGL,CE,Federal Contract Tower,0,1,17,2,20,0,0,165,6,171,0,1,182,8,191,132,0,132,323
07/19/2015,BAK,IN,AGL,CE,Federal Contract Tower,0,1,10,2,13,0,0,175,0,175,0,1,185,2,188,198,0,198,386
07/20/2015,BAK,IN,AGL,CE,Federal Contract Tower,0,2,16,0,18,0,0,89,2,91,0,2,105,2,109,66,0,66,175
07/21/2015,BAK,IN,AGL,CE,Federal Contract Tower,0,7,18,8,33,0,0,147,0,147,0,7,165,8,180,56,0,56,236
07/22/2015,BAK,IN,AGL,CE,Federal Contract Tower,0,3,17,0,20,0,0,183,6,189,0,3,200,6,209,48,0,48,257
07/23/2015,BAK,IN,AGL,CE,Federal Contract Tower,0,2,11,5,18,0,0,231,6,237,0,2,242,11,255,76,10,86,341
07/24/2015,BAK,IN,AGL,CE,Federal Contract Tower,0,3,12,2,17,0,0,0,0,0,0,3,12,2,17,98,4,102,119
07/25/2015,BAK,IN,AGL,CE,Federal Contract Tower,0,1,13,0,14,0,0,140,0,140,0,1,153,0,154,68,0,68,222
07/26/2015,BAK,IN,AGL,CE,Federal Contract Tower,0,0,10,0,10,0,0,96,32,128,0,0,106,32,138,54,0,54,192
07/27/2015,BAK,IN,AGL,CE,Federal Contract Tower,0,4,7,0,11,0,0,107,0,107,0,4,114,0,118,24,0,24,142
07/28/2015,BAK,IN,AGL,CE,Federal Contract Tower,0,6,19,2,27,0,0,126,4,130,0,6,145,6,157,70,0,70,227
07/29/2015,BAK,IN,AGL,CE,Federal Contract Tower,0,3,20,4,27,0,0,211,6,217,0,3,231,10,244,74,56,130,374
07/30/2015,BAK,IN,AGL,CE,Federal Contract Tower,0,3,21,3,27,0,0,201,4,205,0,3,222,7,232,86,10,96,328
07/31/2015,BAK,IN,AGL,CE,Federal Contract Tower,0,2,14,3,19,0,0,167,4,171,0,2,181,7,190,54,0,54,244
08/01/2015,BAK,IN,AGL,CE,Federal Contract Tower,0,1,41,0,42,0,0,314,0,314,0,1,355,0,356,102,0,102,458
08/02/2015,BAK,IN,AGL,CE,Federal Contract Tower,0,0,14,0,14,0,0,178,0,178,0,0,192,0,192,56,0,56,248
08/03/2015,BAK,IN,AGL,CE,Federal Contract Tower,0,0,0,0,0,0,0,2,2,4,0,0,2,2,4,0,0,0,4
08/04/2015,BAK,IN,AGL,CE,Federal Contract Tower,0,0,0,0,0,0,0,4,2,6,0,0,4,2,6,0,0,0,6
08/05/2015,BAK,IN,AGL,CE,Federal Contract Tower,0,0,0,0,0,0,0,0,0,0,0,0,0,0,0,0,0,0,0
08/06/2015,BAK,IN,AGL,CE,Federal Contract Tower,0,0,0,0,0,0,0,0,0,0,0,0,0,0,0,10,0,10,10
08/07/2015,BAK,IN,AGL,CE,Federal Contract Tower,0,0,0,0,0,0,0,0,0,0,0,0,0,0,0,0,0,0,0
08/08/2015,BAK,IN,AGL,CE,Federal Contract Tower,0,0,0,0,0,0,0,0,0,0,0,0,0,0,0,0,0,0,0
08/09/2015,BAK,IN,AGL,CE,Federal Contract Tower,0,0,0,0,0,0,0,0,0,0,0,0,0,0,0,0,0,0,0
08/10/2015,BAK,IN,AGL,CE,Federal Contract Tower,0,1,8,0,9,0,0,9,0,9,0,1,17,0,18,0,0,0,18
08/11/2015,BAK,IN,AGL,CE,Federal Contract Tower,0,4,6,0,10,0,0,20,0,20,0,4,26,0,30,0,0,0,30
08/12/2015,BAK,IN,AGL,CE,Federal Contract Tower,0,3,9,0,12,0,0,51,4,55,0,3,60,4,67,48,18,66,133
08/13/2015,BAK,IN,AGL,CE,Federal Contract Tower,0,4,14,0,18,0,0,80,0,80,0,4,94,0,98,72,0,72,170
08/14/2015,BAK,IN,AGL,CE,Federal Contract Tower,0,3,15,0,18,0,0,102,0,102,0,3,117,0,120,76,0,76,196
08/15/2015,BAK,IN,AGL,CE,Federal Contract Tower,0,0,6,0,6,0,0,56,0,56,0,0,62,0,62,46,0,46,108
08/16/2015,BAK,IN,AGL,CE,Federal Contract Tower,0,1,7,0,8,0,0,94,0,94,0,1,101,0,102,38,0,38,140
08/17/2015,BAK,IN,AGL,CE,Federal Contract Tower,0,3,16,0,19,0,0,56,0,56,0,3,72,0,75,40,0,40,115
08/18/2015,BAK,IN,AGL,CE,Federal Contract Tower,0,4,15,0,19,0,0,24,2,26,0,4,39,2,45,4,0,4,49
08/19/2015,BAK,IN,AGL,CE,Federal Contract Tower,0,6,15,2,23,0,0,26,6,32,0,6,41,8,55,0,28,28,83
08/20/2015,BAK,IN,AGL,CE,Federal Contract Tower,0,3,9,8,20,0,0,66,16,82,0,3,75,24,102,42,40,82,184
08/21/2015,BAK,IN,AGL,CE,Federal Contract Tower,2,3,21,0,26,0,0,110,2,112,2,3,131,2,138,42,20,62,200
08/22/2015,BAK,IN,AGL,CE,Federal Contract Tower,0,0,5,0,5,0,0,167,0,167,0,0,172,0,172,44,0,44,216
08/23/2015,BAK,IN,AGL,CE,Federal Contract Tower,0,3,8,0,11,0,0,78,0,78,0,3,86,0,89,56,0,56,145
08/24/2015,BAK,IN,AGL,CE,Federal Contract Tower,0,2,8,0,10,0,0,64,0,64,0,2,72,0,74,44,0,44,118
08/25/2015,BAK,IN,AGL,CE,Federal Contract Tower,0,2,14,0,16,0,0,68,4,72,0,2,82,4,88,26,0,26,114
08/26/2015,BAK,IN,AGL,CE,Federal Contract Tower,0,2,17,7,26,0,0,85,18,103,0,2,102,25,129,22,48,70,199
08/27/2015,BAK,IN,AGL,CE,Federal Contract Tower,2,3,9,0,14,0,0,74,4,78,2,3,83,4,92,42,26,68,160
08/28/2015,BAK,IN,AGL,CE,Federal Contract Tower,0,6,14,0,20,0,0,88,0,88,0,6,102,0,108,72,0,72,180
08/29/2015,BAK,IN,AGL,CE,Federal Contract Tower,2,0,9,0,11,0,0,73,0,73,2,0,82,0,84,34,0,34,118
08/30/2015,BAK,IN,AGL,CE,Federal Contract Tower,0,2,4,0,6,0,0,60,0,60,0,2,64,0,66,20,0,20,86
08/31/2015,BAK,IN,AGL,CE,Federal Contract Tower,0,5,19,0,24,0,0,57,0,57,0,5,76,0,81,26,0,26,107
09/01/2015,BAK,IN,AGL,CE,Federal Contract Tower,0,5,8,1,14,0,0,44,0,44,0,5,52,1,58,56,0,56,114
09/02/2015,BAK,IN,AGL,CE,Federal Contract Tower,0,4,15,1,20,0,0,52,3,55,0,4,67,4,75,0,52,52,127
09/03/2015,BAK,IN,AGL,CE,Federal Contract Tower,0,5,13,0,18,0,0,74,8,82,0,5,87,8,100,44,10,54,154
09/04/2015,BAK,IN,AGL,CE,Federal Contract Tower,0,2,21,0,23,0,0,91,0,91,0,2,112,0,114,42,0,42,156
09/05/2015,BAK,IN,AGL,CE,Federal Contract Tower,2,2,11,0,15,0,0,135,6,141,2,2,146,6,156,26,0,26,182
09/06/2015,BAK,IN,AGL,CE,Federal Contract Tower,0,0,2,0,2,0,0,74,0,74,0,0,76,0,76,12,0,12,88
09/07/2015,BAK,IN,AGL,CE,Federal Contract Tower,0,0,3,0,3,0,0,97,0,97,0,0,100,0,100,48,0,48,148
09/08/2015,BAK,IN,AGL,CE,Federal Contract Tower,0,6,10,0,16,0,0,28,0,28,0,6,38,0,44,0,0,0,44
09/09/2015,BAK,IN,AGL,CE,Federal Contract Tower,0,5,15,0,20,0,0,13,0,13,0,5,28,0,33,66,0,66,99
09/10/2015,BAK,IN,AGL,CE,Federal Contract Tower,0,5,10,1,16,0,0,95,7,102,0,5,105,8,118,40,38,78,196
09/11/2015,BAK,IN,AGL,CE,Federal Contract Tower,0,2,8,3,13,0,0,25,2,27,0,2,33,5,40,0,18,18,58
09/12/2015,BAK,IN,AGL,CE,Federal Contract Tower,0,1,6,1,8,0,0,78,4,82,0,1,84,5,90,28,0,28,118
09/13/2015,BAK,IN,AGL,CE,Federal Contract Tower,0,1,8,1,10,0,0,124,2,126,0,1,132,3,136,20,0,20,156
09/14/2015,BAK,IN,AGL,CE,Federal Contract Tower,0,5,15,0,20,0,0,93,0,93,0,5,108,0,113,24,0,24,137
09/15/2015,BAK,IN,AGL,CE,Federal Contract Tower,0,3,18,0,21,0,0,81,0,81,0,3,99,0,102,52,0,52,154
09/16/2015,BAK,IN,AGL,CE,Federal Contract Tower,0,3,11,0,14,0,0,84,0,84,0,3,95,0,98,54,14,68,166
09/17/2015,BAK,IN,AGL,CE,Federal Contract Tower,0,1,16,0,17,0,0,86,24,110,0,1,102,24,127,44,72,116,243
09/18/2015,BAK,IN,AGL,CE,Federal Contract Tower,0,2,15,0,17,0,0,60,4,64,0,2,75,4,81,70,0,70,151
09/19/2015,BAK,IN,AGL,CE,Federal Contract Tower,0,3,8,0,11,0,0,24,0,24,0,3,32,0,35,22,0,22,57
09/20/2015,BAK,IN,AGL,CE,Federal Contract Tower,0,0,8,0,8,0,0,109,0,109,0,0,117,0,117,8,0,8,125
09/21/2015,BAK,IN,AGL,CE,Federal Contract Tower,0,3,12,1,16,0,0,76,4,80,0,3,88,5,96,54,4,58,154
09/22/2015,BAK,IN,AGL,CE,Federal Contract Tower,0,4,10,0,14,0,0,76,4,80,0,4,86,4,94,46,4,50,144
09/23/2015,BAK,IN,AGL,CE,Federal Contract Tower,0,3,25,5,33,0,0,65,6,71,0,3,90,11,104,36,52,88,192
09/24/2015,BAK,IN,AGL,CE,Federal Contract Tower,0,3,17,1,21,0,0,112,12,124,0,3,129,13,145,18,56,74,219
09/25/2015,BAK,IN,AGL,CE,Federal Contract Tower,0,4,14,5,23,0,0,92,4,96,0,4,106,9,119,74,20,94,213
09/26/2015,BAK,IN,AGL,CE,Federal Contract Tower,0,0,6,5,11,0,0,42,0,42,0,0,48,5,53,40,0,40,93
09/27/2015,BAK,IN,AGL,CE,Federal Contract Tower,0,1,11,0,12,0,0,95,0,95,0,1,106,0,107,10,0,10,117
09/28/2015,BAK,IN,AGL,CE,Federal Contract Tower,0,4,12,0,16,0,0,64,0,64,0,4,76,0,80,22,0,22,102
09/29/2015,BAK,IN,AGL,CE,Federal Contract Tower,1,4,17,0,22,0,0,0,0,0,1,4,17,0,22,0,0,0,22
09/30/2015,BAK,IN,AGL,CE,Federal Contract Tower,2,7,9,1,19,0,0,39,4,43,2,7,48,5,62,28,8,36,98
10/01/2015,BAK,IN,AGL,CE,Federal Contract Tower,0,5,14,0,19,0,0,38,0,38,0,5,52,0,57,0,0,0,57
10/02/2015,BAK,IN,AGL,CE,Federal Contract Tower,0,4,6,2,12,0,0,46,4,50,0,4,52,6,62,0,0,0,62
10/03/2015,BAK,IN,AGL,CE,Federal Contract Tower,0,3,6,0,9,0,0,19,0,19,0,3,25,0,28,14,0,14,42
10/04/2015,BAK,IN,AGL,CE,Federal Contract Tower,2,2,4,0,8,0,0,47,0,47,2,2,51,0,55,14,0,14,69
10/05/2015,BAK,IN,AGL,CE,Federal Contract Tower,0,4,8,0,12,0,0,90,0,90,0,4,98,0,102,34,0,34,136
10/06/2015,BAK,IN,AGL,CE,Federal Contract Tower,0,8,15,1,24,0,0,80,2,82,0,8,95,3,106,36,4,40,146
10/07/2015,BAK,IN,AGL,CE,Federal Contract Tower,1,3,16,0,20,0,0,49,0,49,1,3,65,0,69,54,0,54,123
10/08/2015,BAK,IN,AGL,CE,Federal Contract Tower,0,4,12,0,16,0,0,62,0,62,0,4,74,0,78,44,0,44,122
10/09/2015,BAK,IN,AGL,CE,Federal Contract Tower,0,5,7,0,12,0,0,60,0,60,0,5,67,0,72,16,0,16,88
10/10/2015,BAK,IN,AGL,CE,Federal Contract Tower,0,2,4,0,6,0,0,91,0,91,0,2,95,0,97,6,0,6,103
10/11/2015,BAK,IN,AGL,CE,Federal Contract Tower,0,1,11,0,12,0,0,130,0,130,0,1,141,0,142,36,0,36,178
10/12/2015,BAK,IN,AGL,CE,Federal Contract Tower,0,4,10,0,14,0,0,35,5,40,0,4,45,5,54,4,0,4,58
10/13/2015,BAK,IN,AGL,CE,Federal Contract Tower,0,4,16,2,22,0,0,56,16,72,0,4,72,18,94,8,4,12,106
10/14/2015,BAK,IN,AGL,CE,Federal Contract Tower,0,3,12,3,18,0,0,116,6,122,0,3,128,9,140,14,12,26,166
10/15/2015,BAK,IN,AGL,CE,Federal Contract Tower,0,5,12,0,17,0,0,80,8,88,0,5,92,8,105,82,0,82,187
10/16/2015,BAK,IN,AGL,CE,Federal Contract Tower,2,4,9,1,16,0,0,42,0,42,2,4,51,1,58,16,0,16,74
10/17/2015,BAK,IN,AGL,CE,Federal Contract Tower,0,0,1,0,1,0,0,81,0,81,0,0,82,0,82,38,0,38,120
10/18/2015,BAK,IN,AGL,CE,Federal Contract Tower,0,1,9,0,10,0,0,100,0,100,0,1,109,0,110,28,0,28,138
10/19/2015,BAK,IN,AGL,CE,Federal Contract Tower,0,3,9,0,12,0,0,37,14,51,0,3,46,14,63,16,0,16,79
10/20/2015,BAK,IN,AGL,CE,Federal Contract Tower,0,4,19,0,23,0,0,70,8,78,0,4,89,8,101,22,56,78,179
10/21/2015,BAK,IN,AGL,CE,Federal Contract Tower,1,4,9,2,16,0,0,44,0,44,1,4,53,2,60,26,0,26,86
10/22/2015,BAK,IN,AGL,CE,Federal Contract Tower,0,6,11,2,19,0,0,40,4,44,0,6,51,6,63,58,0,58,121
10/23/2015,BAK,IN,AGL,CE,Federal Contract Tower,0,6,14,2,22,0,0,56,0,56,0,6,70,2,78,74,0,74,152
10/24/2015,BAK,IN,AGL,CE,Federal Contract Tower,2,0,6,0,8,0,0,46,4,50,2,0,52,4,58,24,0,24,82
10/25/2015,BAK,IN,AGL,CE,Federal Contract Tower,0,2,12,0,14,0,0,84,0,84,0,2,96,0,98,34,0,34,132
10/26/2015,BAK,IN,AGL,CE,Federal Contract Tower,0,2,9,0,11,0,0,31,0,31,0,2,40,0,42,4,0,4,46
10/27/2015,BAK,IN,AGL,CE,Federal Contract Tower,0,5,7,0,12,0,0,2,0,2,0,5,9,0,14,0,0,0,14
10/28/2015,BAK,IN,AGL,CE,Federal Contract Tower,0,9,12,0,21,0,0,0,0,0,0,9,12,0,21,0,0,0,21
10/29/2015,BAK,IN,AGL,CE,Federal Contract Tower,0,5,17,0,22,0,0,64,4,68,0,5,81,4,90,42,40,82,172
10/30/2015,BAK,IN,AGL,CE,Federal Contract Tower,0,5,21,0,26,0,0,102,0,102,0,5,123,0,128,54,0,54,182
10/31/2015,BAK,IN,AGL,CE,Federal Contract Tower,0,1,5,0,6,0,0,46,0,46,0,1,51,0,52,22,0,22,74
11/01/2015,BAK,IN,AGL,CE,Federal Contract Tower,0,1,5,0,6,0,0,76,0,76,0,1,81,0,82,48,0,48,130
11/02/2015,BAK,IN,AGL,CE,Federal Contract Tower,0,9,16,0,25,0,0,70,0,70,0,9,86,0,95,4,0,4,99
11/03/2015,BAK,IN,AGL,CE,Federal Contract Tower,0,3,18,0,21,0,0,66,6,72,0,3,84,6,93,20,8,28,121
11/04/2015,BAK,IN,AGL,CE,Federal Contract Tower,0,6,15,6,27,0,0,69,7,76,0,6,84,13,103,40,30,70,173
11/05/2015,BAK,IN,AGL,CE,Federal Contract Tower,2,6,16,2,26,0,0,66,2,68,2,6,82,4,94,40,18,58,152
11/06/2015,BAK,IN,AGL,CE,Federal Contract Tower,0,7,17,0,24,0,0,44,4,48,0,7,61,4,72,28,72,100,172
11/07/2015,BAK,IN,AGL,CE,Federal Contract Tower,0,1,11,0,12,0,0,78,0,78,0,1,89,0,90,32,0,32,122
11/08/2015,BAK,IN,AGL,CE,Federal Contract Tower,0,0,9,0,9,0,0,92,4,96,0,0,101,4,105,84,0,84,189
11/09/2015,BAK,IN,AGL,CE,Federal Contract Tower,0,6,16,4,26,0,0,46,4,50,0,6,62,8,76,0,44,44,120
11/10/2015,BAK,IN,AGL,CE,Federal Contract Tower,0,5,19,6,30,0,0,44,0,44,0,5,63,6,74,18,0,18,92
11/11/2015,BAK,IN,AGL,CE,Federal Contract Tower,0,3,17,0,20,0,0,39,0,39,0,3,56,0,59,6,0,6,65
11/12/2015,BAK,IN,AGL,CE,Federal Contract Tower,0,4,12,0,16,0,0,4,0,4,0,4,16,0,20,0,0,0,20
11/13/2015,BAK,IN,AGL,CE,Federal Contract Tower,0,4,10,0,14,0,0,22,0,22,0,4,32,0,36,36,0,36,72
11/14/2015,BAK,IN,AGL,CE,Federal Contract Tower,0,0,6,0,6,0,0,96,0,96,0,0,102,0,102,28,0,28,130
11/15/2015,BAK,IN,AGL,CE,Federal Contract Tower,0,0,7,2,9,0,0,127,0,127,0,0,134,2,136,34,0,34,170
11/16/2015,BAK,IN,AGL,CE,Federal Contract Tower,0,6,9,0,15,0,0,32,2,34,0,6,41,2,49,8,0,8,57
11/17/2015,BAK,IN,AGL,CE,Federal Contract Tower,0,2,3,6,11,0,0,8,34,42,0,2,11,40,53,6,10,16,69
11/18/2015,BAK,IN,AGL,CE,Federal Contract Tower,0,5,7,0,12,0,0,4,0,4,0,5,11,0,16,0,0,0,16
11/19/2015,BAK,IN,AGL,CE,Federal Contract Tower,0,4,14,8,26,0,0,72,24,96,0,4,86,32,122,36,64,100,222
11/20/2015,BAK,IN,AGL,CE,Federal Contract Tower,0,2,10,3,15,0,0,57,2,59,0,2,67,5,74,8,20,28,102
11/21/2015,BAK,IN,AGL,CE,Federal Contract Tower,0,0,0,1,1,0,0,4,0,4,0,0,4,1,5,0,0,0,5
11/22/2015,BAK,IN,AGL,CE,Federal Contract Tower,0,0,5,4,9,0,0,87,3,90,0,0,92,7,99,26,0,26,125
11/23/2015,BAK,IN,AGL,CE,Federal Contract Tower,0,3,14,0,17,0,0,56,0,56,0,3,70,0,73,42,0,42,115
11/24/2015,BAK,IN,AGL,CE,Federal Contract Tower,0,4,7,2,13,0,0,81,3,84,0,4,88,5,97,110,38,148,245
11/25/2015,BAK,IN,AGL,CE,Federal Contract Tower,0,0,11,2,13,0,0,47,2,49,0,0,58,4,62,12,8,20,82
11/26/2015,BAK,IN,AGL,CE,Federal Contract Tower,0,0,1,0,1,0,0,11,0,11,0,0,12,0,12,0,0,0,12
11/27/2015,BAK,IN,AGL,CE,Federal Contract Tower,0,1,2,0,3,0,0,0,0,0,0,1,2,0,3,0,0,0,3
11/28/2015,BAK,IN,AGL,CE,Federal Contract Tower,0,0,6,0,6,0,0,0,0,0,0,0,6,0,6,0,0,0,6
11/29/2015,BAK,IN,AGL,CE,Federal Contract Tower,0,0,2,0,2,0,0,14,0,14,0,0,16,0,16,0,0,0,16
11/30/2015,BAK,IN,AGL,CE,Federal Contract Tower,0,3,8,2,13,0,0,0,0,0,0,3,8,2,13,0,0,0,13
12/01/2015,BAK,IN,AGL,CE,Federal Contract Tower,0,1,4,0,5,0,0,11,0,11,0,1,15,0,16,16,0,16,32
12/02/2015,BAK,IN,AGL,CE,Federal Contract Tower,0,4,12,0,16,0,0,22,0,22,0,4,34,0,38,0,0,0,38
12/03/2015,BAK,IN,AGL,CE,Federal Contract Tower,0,5,11,4,20,0,4,36,4,44,0,9,47,8,64,34,60,94,158
12/04/2015,BAK,IN,AGL,CE,Federal Contract Tower,0,6,20,0,26,0,0,0,0,0,0,6,20,0,26,0,0,0,26
12/05/2015,BAK,IN,AGL,CE,Federal Contract Tower,0,1,3,0,4,0,0,0,0,0,0,1,3,0,4,0,0,0,4
12/06/2015,BAK,IN,AGL,CE,Federal Contract Tower,0,0,5,0,5,0,0,66,0,66,0,0,71,0,71,22,0,22,93
12/07/2015,BAK,IN,AGL,CE,Federal Contract Tower,0,3,4,2,9,0,0,11,0,11,0,3,15,2,20,0,0,0,20
12/08/2015,BAK,IN,AGL,CE,Federal Contract Tower,0,3,14,0,17,0,0,28,0,28,0,3,42,0,45,28,0,28,73
12/09/2015,BAK,IN,AGL,CE,Federal Contract Tower,0,3,13,4,20,0,0,34,4,38,0,3,47,8,58,20,0,20,78
12/10/2015,BAK,IN,AGL,CE,Federal Contract Tower,0,1,8,0,9,0,0,42,14,56,0,1,50,14,65,30,50,80,145
12/11/2015,BAK,IN,AGL,CE,Federal Contract Tower,0,4,9,0,13,0,0,26,0,26,0,4,35,0,39,22,0,22,61
12/12/2015,BAK,IN,AGL,CE,Federal Contract Tower,0,0,15,0,15,0,0,50,0,50,0,0,65,0,65,2,0,2,67
12/13/2015,BAK,IN,AGL,CE,Federal Contract Tower,0,2,5,0,7,0,0,45,0,45,0,2,50,0,52,46,0,46,98
12/14/2015,BAK,IN,AGL,CE,Federal Contract Tower,0,3,13,0,16,0,0,0,0,0,0,3,13,0,16,0,0,0,16
12/15/2015,BAK,IN,AGL,CE,Federal Contract Tower,0,4,14,4,22,0,0,14,2,16,0,4,28,6,38,0,24,24,62
12/16/2015,BAK,IN,AGL,CE,Federal Contract Tower,0,1,5,0,6,0,0,35,11,46,0,1,40,11,52,6,0,6,58
12/17/2015,BAK,IN,AGL,CE,Federal Contract Tower,0,6,13,0,19,0,0,32,10,42,0,6,45,10,61,20,18,38,99
12/18/2015,BAK,IN,AGL,CE,Federal Contract Tower,0,9,16,0,25,0,0,47,0,47,0,9,63,0,72,122,0,122,194
12/19/2015,BAK,IN,AGL,CE,Federal Contract Tower,0,0,4,0,4,0,0,80,0,80,0,0,84,0,84,22,0,22,106
12/20/2015,BAK,IN,AGL,CE,Federal Contract Tower,0,0,5,0,5,0,0,70,0,70,0,0,75,0,75,26,0,26,101
12/21/2015,BAK,IN,AGL,CE,Federal Contract Tower,0,8,10,0,18,0,0,0,0,0,0,8,10,0,18,0,0,0,18
12/22/2015,BAK,IN,AGL,CE,Federal Contract Tower,0,4,16,2,22,0,0,62,0,62,0,4,78,2,84,62,0,62,146
12/23/2015,BAK,IN,AGL,CE,Federal Contract Tower,0,0,2,0,2,0,0,8,0,8,0,0,10,0,10,6,0,6,16
12/24/2015,BAK,IN,AGL,CE,Federal Contract Tower,0,1,3,1,5,0,0,58,0,58,0,1,61,1,63,26,0,26,89
12/25/2015,BAK,IN,AGL,CE,Federal Contract Tower,0,0,2,0,2,0,0,22,0,22,0,0,24,0,24,6,0,6,30
12/26/2015,BAK,IN,AGL,CE,Federal Contract Tower,0,0,2,0,2,0,0,0,0,0,0,0,2,0,2,0,0,0,2
12/27/2015,BAK,IN,AGL,CE,Federal Contract Tower,0,0,3,0,3,0,0,0,0,0,0,0,3,0,3,0,0,0,3
12/28/2015,BAK,IN,AGL,CE,Federal Contract Tower,0,2,2,0,4,0,0,0,0,0,0,2,2,0,4,0,0,0,4
12/29/2015,BAK,IN,AGL,CE,Federal Contract Tower,0,1,4,0,5,0,0,18,0,18,0,1,22,0,23,0,0,0,23
12/30/2015,BAK,IN,AGL,CE,Federal Contract Tower,0,1,2,0,3,0,0,26,0,26,0,1,28,0,29,20,0,20,49
12/31/2015,BAK,IN,AGL,CE,Federal Contract Tower,0,1,1,0,2,0,0,4,0,4,0,1,5,0,6,0,0,0,6
01/01/2016,BAK,IN,AGL,CE,Federal Contract Tower,0,0,4,0,4,0,0,25,0,25,0,0,29,0,29,22,0,22,51
01/02/2016,BAK,IN,AGL,CE,Federal Contract Tower,0,0,8,0,8,0,0,68,0,68,0,0,76,0,76,56,0,56,132
01/03/2016,BAK,IN,AGL,CE,Federal Contract Tower,0,0,6,0,6,0,0,56,0,56,0,0,62,0,62,44,0,44,106
01/04/2016,BAK,IN,AGL,CE,Federal Contract Tower,0,5,6,0,11,0,0,33,0,33,0,5,39,0,44,30,0,30,74
01/05/2016,BAK,IN,AGL,CE,Federal Contract Tower,0,2,3,0,5,0,0,67,0,67,0,2,70,0,72,54,0,54,126
01/06/2016,BAK,IN,AGL,CE,Federal Contract Tower,0,8,22,0,30,0,0,76,2,78,0,8,98,2,108,44,0,44,152
01/07/2016,BAK,IN,AGL,CE,Federal Contract Tower,0,2,6,0,8,0,0,38,4,42,0,2,44,4,50,74,24,98,148
01/08/2016,BAK,IN,AGL,CE,Federal Contract Tower,0,7,11,0,18,0,0,0,0,0,0,7,11,0,18,0,0,0,18
01/09/2016,BAK,IN,AGL,CE,Federal Contract Tower,0,0,14,0,14,0,0,0,0,0,0,0,14,0,14,0,0,0,14
01/10/2016,BAK,IN,AGL,CE,Federal Contract Tower,0,0,0,0,0,0,0,0,0,0,0,0,0,0,0,0,0,0,0
01/11/2016,BAK,IN,AGL,CE,Federal Contract Tower,0,5,11,0,16,0,0,49,2,51,0,5,60,2,67,65,8,73,140
01/12/2016,BAK,IN,AGL,CE,Federal Contract Tower,0,2,7,0,9,0,0,20,4,24,0,2,27,4,33,12,8,20,53
01/13/2016,BAK,IN,AGL,CE,Federal Contract Tower,0,4,3,0,7,0,0,20,0,20,0,4,23,0,27,0,0,0,27
01/14/2016,BAK,IN,AGL,CE,Federal Contract Tower,0,5,32,0,37,0,0,29,4,33,0,5,61,4,70,22,16,38,108
01/15/2016,BAK,IN,AGL,CE,Federal Contract Tower,0,6,9,2,17,0,0,8,2,10,0,6,17,4,27,0,4,4,31
01/16/2016,BAK,IN,AGL,CE,Federal Contract Tower,0,0,0,0,0,0,0,24,0,24,0,0,24,0,24,12,0,12,36
01/17/2016,BAK,IN,AGL,CE,Federal Contract Tower,0,0,2,0,2,0,0,26,0,26,0,0,28,0,28,30,0,30,58
01/18/2016,BAK,IN,AGL,CE,Federal Contract Tower,0,4,5,0,9,0,0,47,0,47,0,4,52,0,56,12,0,12,68
01/19/2016,BAK,IN,AGL,CE,Federal Contract Tower,0,3,5,0,8,0,0,37,0,37,0,3,42,0,45,28,0,28,73
01/20/2016,BAK,IN,AGL,CE,Federal Contract Tower,0,3,2,0,5,0,0,4,0,4,0,3,6,0,9,0,0,0,9
01/21/2016,BAK,IN,AGL,CE,Federal Contract Tower,0,8,5,1,14,0,0,40,2,42,0,8,45,3,56,52,0,52,108
01/22/2016,BAK,IN,AGL,CE,Federal Contract Tower,0,5,10,0,15,0,0,5,0,5,0,5,15,0,20,0,0,0,20
01/23/2016,BAK,IN,AGL,CE,Federal Contract Tower,0,0,10,0,10,0,0,38,0,38,0,0,48,0,48,36,0,36,84
01/24/2016,BAK,IN,AGL,CE,Federal Contract Tower,0,0,12,0,12,0,0,109,0,109,0,0,121,0,121,80,0,80,201
01/25/2016,BAK,IN,AGL,CE,Federal Contract Tower,0,3,8,0,11,0,0,28,0,28,0,3,36,0,39,10,0,10,49
01/26/2016,BAK,IN,AGL,CE,Federal Contract Tower,0,2,10,0,12,0,0,2,2,4,0,2,12,2,16,2,0,2,18
01/27/2016,BAK,IN,AGL,CE,Federal Contract Tower,0,4,7,3,14,0,0,26,4,30,0,4,33,7,44,26,8,34,78
01/28/2016,BAK,IN,AGL,CE,Federal Contract Tower,0,3,13,4,20,0,0,68,16,84,0,3,81,20,104,72,22,94,198
01/29/2016,BAK,IN,AGL,CE,Federal Contract Tower,0,2,4,2,8,0,0,72,0,72,0,2,76,2,80,50,0,50,130
01/30/2016,BAK,IN,AGL,CE,Federal Contract Tower,0,1,14,0,15,0,0,138,0,138,0,1,152,0,153,44,0,44,197
01/31/2016,BAK,IN,AGL,CE,Federal Contract Tower,0,0,4,0,4,0,0,42,0,42,0,0,46,0,46,12,0,12,58
02/01/2016,BAK,IN,AGL,CE,Federal Contract Tower,0,3,5,2,10,0,0,52,4,56,0,3,57,6,66,84,0,84,150
02/02/2016,BAK,IN,AGL,CE,Federal Contract Tower,0,3,10,0,13,0,0,16,0,16,0,3,26,0,29,4,0,4,33
02/03/2016,BAK,IN,AGL,CE,Federal Contract Tower,0,2,9,2,13,0,0,9,4,13,0,2,18,6,26,0,0,0,26
02/04/2016,BAK,IN,AGL,CE,Federal Contract Tower,0,3,9,4,16,0,0,38,6,44,0,3,47,10,60,12,24,36,96
02/05/2016,BAK,IN,AGL,CE,Federal Contract Tower,0,5,15,0,20,0,0,72,0,72,0,5,87,0,92,42,0,42,134
02/06/2016,BAK,IN,AGL,CE,Federal Contract Tower,0,0,13,2,15,0,0,135,10,145,0,0,148,12,160,70,0,70,230
02/07/2016,BAK,IN,AGL,CE,Federal Contract Tower,0,0,5,0,5,0,0,85,0,85,0,0,90,0,90,10,0,10,100
02/08/2016,BAK,IN,AGL,CE,Federal Contract Tower,0,2,7,0,9,0,0,14,0,14,0,2,21,0,23,0,0,0,23
02/09/2016,BAK,IN,AGL,CE,Federal Contract Tower,0,5,10,0,15,0,0,0,0,0,0,5,10,0,15,0,0,0,15
02/10/2016,BAK,IN,AGL,CE,Federal Contract Tower,0,4,11,0,15,0,0,4,0,4,0,4,15,0,19,0,0,0,19
02/11/2016,BAK,IN,AGL,CE,Federal Contract Tower,0,2,20,2,24,0,0,54,0,54,0,2,74,2,78,68,0,68,146
02/12/2016,BAK,IN,AGL,CE,Federal Contract Tower,0,9,11,0,20,0,0,24,0,24,0,9,35,0,44,22,0,22,66
02/13/2016,BAK,IN,AGL,CE,Federal Contract Tower,0,0,9,0,9,0,0,60,0,60,0,0,69,0,69,54,0,54,123
02/14/2016,BAK,IN,AGL,CE,Federal Contract Tower,0,0,1,0,1,0,0,0,0,0,0,0,1,0,1,0,0,0,1
02/15/2016,BAK,IN,AGL,CE,Federal Contract Tower,0,3,3,0,6,0,0,0,0,0,0,3,3,0,6,0,0,0,6
02/16/2016,BAK,IN,AGL,CE,Federal Contract Tower,0,5,6,0,11,0,0,31,0,31,0,5,37,0,42,66,0,66,108
02/17/2016,BAK,IN,AGL,CE,Federal Contract Tower,0,8,14,0,22,0,0,46,0,46,0,8,60,0,68,30,0,30,98
02/18/2016,BAK,IN,AGL,CE,Federal Contract Tower,0,4,23,2,29,0,0,91,8,99,0,4,114,10,128,64,40,104,232
02/19/2016,BAK,IN,AGL,CE,Federal Contract Tower,0,7,11,0,18,0,0,13,0,13,0,7,24,0,31,0,0,0,31
02/20/2016,BAK,IN,AGL,CE,Federal Contract Tower,0,0,20,0,20,0,0,98,0,98,0,0,118,0,118,16,0,16,134
02/21/2016,BAK,IN,AGL,CE,Federal Contract Tower,0,0,6,0,6,0,0,106,0,106,0,0,112,0,112,38,0,38,150
02/22/2016,BAK,IN,AGL,CE,Federal Contract Tower,0,2,11,0,13,0,0,49,0,49,0,2,60,0,62,78,0,78,140
02/23/2016,BAK,IN,AGL,CE,Federal Contract Tower,0,3,8,1,12,0,0,50,0,50,0,3,58,1,62,6,0,6,68
02/24/2016,BAK,IN,AGL,CE,Federal Contract Tower,0,3,14,0,17,0,0,0,0,0,0,3,14,0,17,0,0,0,17
02/25/2016,BAK,IN,AGL,CE,Federal Contract Tower,0,9,16,3,28,0,0,5,10,15,0,9,21,13,43,4,8,12,55
02/26/2016,BAK,IN,AGL,CE,Federal Contract Tower,0,6,19,0,25,0,3,70,4,77,0,9,89,4,102,56,12,68,170
02/27/2016,BAK,IN,AGL,CE,Federal Contract Tower,0,2,8,0,10,0,0,126,0,126,0,2,134,0,136,62,0,62,198
02/28/2016,BAK,IN,AGL,CE,Federal Contract Tower,0,0,4,0,4,0,0,70,0,70,0,0,74,0,74,30,0,30,104
02/29/2016,BAK,IN,AGL,CE,Federal Contract Tower,0,4,15,4,23,0,0,49,0,49,0,4,64,4,72,60,0,60,132
03/01/2016,BAK,IN,AGL,CE,Federal Contract Tower,0,2,10,0,12,0,0,0,0,0,0,2,10,0,12,0,0,0,12
03/02/2016,BAK,IN,AGL,CE,Federal Contract Tower,0,6,16,2,24,0,0,92,14,106,0,6,108,16,130,58,52,110,240
03/03/2016,BAK,IN,AGL,CE,Federal Contract Tower,0,7,9,0,16,0,0,25,0,25,0,7,34,0,41,32,0,32,73
03/04/2016,BAK,IN,AGL,CE,Federal Contract Tower,0,7,8,0,15,0,0,21,0,21,0,7,29,0,36,26,0,26,62
03/05/2016,BAK,IN,AGL,CE,Federal Contract Tower,0,0,2,0,2,0,0,8,0,8,0,0,10,0,10,64,0,64,74
03/06/2016,BAK,IN,AGL,CE,Federal Contract Tower,0,0,12,0,12,0,0,92,0,92,0,0,104,0,104,70,0,70,174
03/07/2016,BAK,IN,AGL,CE,Federal Contract Tower,0,3,12,3,18,0,0,52,16,68,0,3,64,19,86,16,24,40,126
03/08/2016,BAK,IN,AGL,CE,Federal Contract Tower,0,3,11,2,16,0,0,64,0,64,0,3,75,2,80,36,0,36,116
03/09/2016,BAK,IN,AGL,CE,Federal Contract Tower,0,3,5,0,8,0,0,0,0,0,0,3,5,0,8,0,0,0,8
03/10/2016,BAK,IN,AGL,CE,Federal Contract Tower,0,3,7,0,10,0,0,0,2,2,0,3,7,2,12,0,0,0,12
03/11/2016,BAK,IN,AGL,CE,Federal Contract Tower,0,4,23,0,27,0,0,40,0,40,0,4,63,0,67,106,0,106,173
03/12/2016,BAK,IN,AGL,CE,Federal Contract Tower,0,2,5,1,8,0,0,44,1,45,0,2,49,2,53,54,2,56,109
03/13/2016,BAK,IN,AGL,CE,Federal Contract Tower,0,0,3,0,3,0,0,18,0,18,0,0,21,0,21,12,0,12,33
03/14/2016,BAK,IN,AGL,CE,Federal Contract Tower,0,3,17,0,20,0,0,6,0,6,0,3,23,0,26,40,0,40,66
03/15/2016,BAK,IN,AGL,CE,Federal Contract Tower,0,3,18,1,22,0,0,62,0,62,0,3,80,1,84,54,2,56,140
03/16/2016,BAK,IN,AGL,CE,Federal Contract Tower,0,4,11,2,17,0,0,33,2,35,0,4,44,4,52,50,0,50,102
03/17/2016,BAK,IN,AGL,CE,Federal Contract Tower,2,3,14,0,19,0,0,34,0,34,2,3,48,0,53,18,0,18,71
03/18/2016,BAK,IN,AGL,CE,Federal Contract Tower,0,4,21,1,26,0,0,102,4,106,0,4,123,5,132,54,4,58,190
03/19/2016,BAK,IN,AGL,CE,Federal Contract Tower,0,2,2,0,4,0,0,6,0,6,0,2,8,0,10,6,0,6,16
03/20/2016,BAK,IN,AGL,CE,Federal Contract Tower,0,0,14,0,14,0,0,106,0,106,0,0,120,0,120,18,0,18,138
03/21/2016,BAK,IN,AGL,CE,Federal Contract Tower,0,4,8,0,12,0,0,94,0,94,0,4,102,0,106,66,0,66,172
03/22/2016,BAK,IN,AGL,CE,Federal Contract Tower,0,4,16,0,20,0,0,36,0,36,0,4,52,0,56,32,0,32,88
03/23/2016,BAK,IN,AGL,CE,Federal Contract Tower,0,4,16,2,22,0,0,44,18,62,0,4,60,20,84,66,30,96,180
03/24/2016,BAK,IN,AGL,CE,Federal Contract Tower,0,5,12,0,17,0,0,4,0,4,0,5,16,0,21,0,0,0,21
03/25/2016,BAK,IN,AGL,CE,Federal Contract Tower,0,3,11,0,14,0,0,42,0,42,0,3,53,0,56,66,0,66,122
03/26/2016,BAK,IN,AGL,CE,Federal Contract Tower,0,1,18,0,19,0,0,156,0,156,0,1,174,0,175,38,0,38,213
03/27/2016,BAK,IN,AGL,CE,Federal Contract Tower,0,0,3,0,3,0,0,64,0,64,0,0,67,0,67,16,0,16,83
03/28/2016,BAK,IN,AGL,CE,Federal Contract Tower,0,1,12,0,13,0,0,46,2,48,0,1,58,2,61,48,6,54,115
03/29/2016,BAK,IN,AGL,CE,Federal Contract Tower,0,4,17,0,21,0,0,87,4,91,0,4,104,4,112,56,12,68,180
03/30/2016,BAK,IN,AGL,CE,Federal Contract Tower,0,8,6,0,14,0,0,60,4,64,0,8,66,4,78,18,0,18,96
03/31/2016,BAK,IN,AGL,CE,Federal Contract Tower,0,5,17,0,22,0,0,12,0,12,0,5,29,0,34,12,0,12,46
04/01/2016,BAK,IN,AGL,CE,Federal Contract Tower,0,3,16,0,19,0,0,51,6,57,0,3,67,6,76,4,0,4,80
04/02/2016,BAK,IN,AGL,CE,Federal Contract Tower,0,0,2,2,4,0,0,18,4,22,0,0,20,6,26,24,0,24,50
04/03/2016,BAK,IN,AGL,CE,Federal Contract Tower,0,0,6,0,6,0,0,96,0,96,0,0,102,0,102,68,0,68,170
04/04/2016,BAK,IN,AGL,CE,Federal Contract Tower,0,3,15,0,18,0,0,29,8,37,0,3,44,8,55,0,4,4,59
04/05/2016,BAK,IN,AGL,CE,Federal Contract Tower,1,4,21,1,27,0,0,123,12,135,1,4,144,13,162,48,2,50,212
04/06/2016,BAK,IN,AGL,CE,Federal Contract Tower,0,3,8,0,11,0,0,6,8,14,0,3,14,8,25,0,0,0,25
04/07/2016,BAK,IN,AGL,CE,Federal Contract Tower,0,6,7,0,13,0,0,17,22,39,0,6,24,22,52,0,0,0,52
04/08/2016,BAK,IN,AGL,CE,Federal Contract Tower,0,9,11,0,20,0,0,13,8,21,0,9,24,8,41,0,0,0,41
04/09/2016,BAK,IN,AGL,CE,Federal Contract Tower,0,1,13,0,14,0,0,90,0,90,0,1,103,0,104,70,0,70,174
04/10/2016,BAK,IN,AGL,CE,Federal Contract Tower,0,0,8,0,8,0,0,38,6,44,0,0,46,6,52,42,0,42,94
04/11/2016,BAK,IN,AGL,CE,Federal Contract Tower,0,3,12,0,15,0,0,0,0,0,0,3,12,0,15,0,0,0,15
04/12/2016,BAK,IN,AGL,CE,Federal Contract Tower,0,2,12,0,14,0,0,90,0,90,0,2,102,0,104,78,0,78,182
04/13/2016,BAK,IN,AGL,CE,Federal Contract Tower,0,17,3,0,20,0,0,102,10,112,0,17,105,10,132,30,12,42,174
04/14/2016,BAK,IN,AGL,CE,Federal Contract Tower,0,3,12,6,21,0,0,64,10,74,0,3,76,16,95,32,38,70,165
04/15/2016,BAK,IN,AGL,CE,Federal Contract Tower,0,4,13,5,22,0,0,106,12,118,0,4,119,17,140,78,40,118,258
04/16/2016,BAK,IN,AGL,CE,Federal Contract Tower,0,0,4,0,4,0,0,82,0,82,0,0,86,0,86,62,0,62,148
04/17/2016,BAK,IN,AGL,CE,Federal Contract Tower,0,0,9,0,9,0,0,110,2,112,0,0,119,2,121,104,4,108,229
04/18/2016,BAK,IN,AGL,CE,Federal Contract Tower,0,3,3,2,8,0,0,74,4,78,0,3,77,6,86,72,0,72,158
04/19/2016,BAK,IN,AGL,CE,Federal Contract Tower,0,3,27,0,30,0,0,74,0,74,0,3,101,0,104,138,0,138,242
04/20/2016,BAK,IN,AGL,CE,Federal Contract Tower,0,4,19,1,24,0,0,56,13,69,0,4,75,14,93,28,14,42,135
04/21/2016,BAK,IN,AGL,CE,Federal Contract Tower,0,7,21,0,28,0,0,48,4,52,0,7,69,4,80,30,0,30,110
04/22/2016,BAK,IN,AGL,CE,Federal Contract Tower,0,4,12,0,16,0,0,58,0,58,0,4,70,0,74,86,0,86,160
04/23/2016,BAK,IN,AGL,CE,Federal Contract Tower,0,0,8,0,8,0,0,75,8,83,0,0,83,8,91,30,0,30,121
04/24/2016,BAK,IN,AGL,CE,Federal Contract Tower,0,0,10,0,10,0,0,117,0,117,0,0,127,0,127,132,0,132,259
04/25/2016,BAK,IN,AGL,CE,Federal Contract Tower,0,9,17,0,26,0,0,54,0,54,0,9,71,0,80,12,0,12,92
04/26/2016,BAK,IN,AGL,CE,Federal Contract Tower,0,6,20,16,42,0,0,22,0,22,0,6,42,16,64,26,0,26,90
04/27/2016,BAK,IN,AGL,CE,Federal Contract Tower,0,4,20,20,44,0,0,0,0,0,0,4,20,20,44,0,0,0,44
04/28/2016,BAK,IN,AGL,CE,Federal Contract Tower,0,3,11,7,21,0,0,36,7,43,0,3,47,14,64,10,40,50,114
04/29/2016,BAK,IN,AGL,CE,Federal Contract Tower,2,8,18,6,34,0,0,68,2,70,2,8,86,8,104,34,0,34,138
04/30/2016,BAK,IN,AGL,CE,Federal Contract Tower,0,3,2,0,5,0,0,0,0,0,0,3,2,0,5,0,0,0,5
05/01/2016,BAK,IN,AGL,CE,Federal Contract Tower,0,2,5,0,7,0,0,30,0,30,0,2,35,0,37,34,0,34,71
05/02/2016,BAK,IN,AGL,CE,Federal Contract Tower,0,5,12,0,17,0,0,26,16,42,0,5,38,16,59,26,0,26,85
05/03/2016,BAK,IN,AGL,CE,Federal Contract Tower,0,5,9,1,15,0,0,20,12,32,0,5,29,13,47,60,0,60,107
05/04/2016,BAK,IN,AGL,CE,Federal Contract Tower,0,8,10,0,18,0,0,19,12,31,0,8,29,12,49,8,0,8,57
05/05/2016,BAK,IN,AGL,CE,Federal Contract Tower,0,6,10,2,18,0,0,56,8,64,0,6,66,10,82,48,22,70,152
05/06/2016,BAK,IN,AGL,CE,Federal Contract Tower,0,9,7,0,16,0,0,156,12,168,0,9,163,12,184,80,0,80,264
05/07/2016,BAK,IN,AGL,CE,Federal Contract Tower,0,0,7,7,14,0,0,63,0,63,0,0,70,7,77,70,0,70,147
05/08/2016,BAK,IN,AGL,CE,Federal Contract Tower,0,0,3,0,3,0,0,34,0,34,0,0,37,0,37,30,0,30,67
05/09/2016,BAK,IN,AGL,CE,Federal Contract Tower,0,7,12,0,19,0,0,2,0,2,0,7,14,0,21,8,0,8,29
05/10/2016,BAK,IN,AGL,CE,Federal Contract Tower,0,4,12,3,19,0,0,8,0,8,0,4,20,3,27,8,0,8,35
05/11/2016,BAK,IN,AGL,CE,Federal Contract Tower,0,9,17,4,30,0,0,50,0,50,0,9,67,4,80,52,0,52,132
05/12/2016,BAK,IN,AGL,CE,Federal Contract Tower,0,4,9,1,14,0,0,19,0,19,0,4,28,1,33,26,0,26,59
05/13/2016,BAK,IN,AGL,CE,Federal Contract Tower,0,21,27,0,48,0,0,55,8,63,0,21,82,8,111,104,0,104,215
05/14/2016,BAK,IN,AGL,CE,Federal Contract Tower,0,0,6,2,8,0,0,20,0,20,0,0,26,2,28,0,12,12,40
05/15/2016,BAK,IN,AGL,CE,Federal Contract Tower,0,0,10,4,14,0,0,130,0,130,0,0,140,4,144,0,0,0,144
05/16/2016,BAK,IN,AGL,CE,Federal Contract Tower,0,4,10,0,14,0,0,58,4,62,0,4,68,4,76,76,10,86,162
05/17/2016,BAK,IN,AGL,CE,Federal Contract Tower,0,3,10,2,15,0,0,15,0,15,0,3,25,2,30,18,0,18,48
05/18/2016,BAK,IN,AGL,CE,Federal Contract Tower,0,3,19,0,22,0,0,60,0,60,0,3,79,0,82,30,0,30,112
05/19/2016,BAK,IN,AGL,CE,Federal Contract Tower,0,3,16,3,22,0,0,70,6,76,0,3,86,9,98,98,4,102,200
05/20/2016,BAK,IN,AGL,CE,Federal Contract Tower,0,2,10,2,14,0,0,41,0,41,0,2,51,2,55,30,0,30,85
05/21/2016,BAK,IN,AGL,CE,Federal Contract Tower,0,0,17,0,17,0,0,90,8,98,0,0,107,8,115,20,0,20,135
05/22/2016,BAK,IN,AGL,CE,Federal Contract Tower,0,2,6,0,8,0,0,128,0,128,0,2,134,0,136,36,0,36,172
05/23/2016,BAK,IN,AGL,CE,Federal Contract Tower,0,5,16,0,21,0,0,76,0,76,0,5,92,0,97,124,0,124,221
05/24/2016,BAK,IN,AGL,CE,Federal Contract Tower,2,7,11,3,23,0,0,103,7,110,2,7,114,10,133,154,2,156,289
05/25/2016,BAK,IN,AGL,CE,Federal Contract Tower,0,5,16,3,24,0,0,44,8,52,0,5,60,11,76,52,34,86,162
05/26/2016,BAK,IN,AGL,CE,Federal Contract Tower,0,3,13,3,19,0,0,42,7,49,0,3,55,10,68,86,6,92,160
05/27/2016,BAK,IN,AGL,CE,Federal Contract Tower,0,8,9,1,18,0,0,39,0,39,0,8,48,1,57,40,0,40,97
05/28/2016,BAK,IN,AGL,CE,Federal Contract Tower,0,0,2,0,2,0,0,39,0,39,0,0,41,0,41,52,0,52,93
05/29/2016,BAK,IN,AGL,CE,Federal Contract Tower,0,0,2,0,2,0,0,122,0,122,0,0,124,0,124,58,0,58,182
05/30/2016,BAK,IN,AGL,CE,Federal Contract Tower,0,0,6,0,6,0,0,202,0,202,0,0,208,0,208,86,0,86,294
05/31/2016,BAK,IN,AGL,CE,Federal Contract Tower,0,3,8,0,11,0,0,58,8,66,0,3,66,8,77,58,0,58,135
06/01/2016,BAK,IN,AGL,CE,Federal Contract Tower,0,4,19,0,23,0,0,69,6,75,0,4,88,6,98,54,0,54,152
06/02/2016,BAK,IN,AGL,CE,Federal Contract Tower,0,4,14,1,19,0,0,43,27,70,0,4,57,28,89,48,28,76,165
06/03/2016,BAK,IN,AGL,CE,Federal Contract Tower,0,5,12,0,17,0,0,84,8,92,0,5,96,8,109,146,0,146,255
06/04/2016,BAK,IN,AGL,CE,Federal Contract Tower,0,0,4,3,7,0,0,29,7,36,0,0,33,10,43,106,6,112,155
06/05/2016,BAK,IN,AGL,CE,Federal Contract Tower,2,0,10,0,12,0,0,46,0,46,2,0,56,0,58,52,0,52,110
06/06/2016,BAK,IN,AGL,CE,Federal Contract Tower,0,4,16,0,20,0,0,74,0,74,0,4,90,0,94,24,0,24,118
06/07/2016,BAK,IN,AGL,CE,Federal Contract Tower,0,3,13,12,28,0,0,70,18,88,0,3,83,30,116,80,50,130,246
06/08/2016,BAK,IN,AGL,CE,Federal Contract Tower,0,5,19,3,27,0,0,92,12,104,0,5,111,15,131,128,4,132,263
06/09/2016,BAK,IN,AGL,CE,Federal Contract Tower,0,2,23,0,25,0,0,106,12,118,0,2,129,12,143,68,10,78,221
06/10/2016,BAK,IN,AGL,CE,Federal Contract Tower,2,4,5,0,11,0,0,88,0,88,2,4,93,0,99,46,0,46,145
06/11/2016,BAK,IN,AGL,CE,Federal Contract Tower,2,0,3,1,6,0,0,478,14,492,2,0,481,15,498,190,0,190,688
06/12/2016,BAK,IN,AGL,CE,Federal Contract Tower,0,0,5,0,5,0,0,92,0,92,0,0,97,0,97,44,0,44,141
06/13/2016,BAK,IN,AGL,CE,Federal Contract Tower,0,3,11,0,14,0,0,70,2,72,0,3,81,2,86,60,0,60,146
06/14/2016,BAK,IN,AGL,CE,Federal Contract Tower,0,3,13,0,16,0,0,40,0,40,0,3,53,0,56,48,0,48,104
06/15/2016,BAK,IN,AGL,CE,Federal Contract Tower,0,3,3,1,7,0,0,2,0,2,0,3,5,1,9,0,0,0,9
06/16/2016,BAK,IN,AGL,CE,Federal Contract Tower,0,4,9,0,13,0,0,64,0,64,0,4,73,0,77,22,0,22,99
06/17/2016,BAK,IN,AGL,CE,Federal Contract Tower,0,2,15,0,17,0,0,88,8,96,0,2,103,8,113,24,0,24,137
06/18/2016,BAK,IN,AGL,CE,Federal Contract Tower,0,0,8,0,8,0,0,105,10,115,0,0,113,10,123,124,0,124,247
06/19/2016,BAK,IN,AGL,CE,Federal Contract Tower,2,0,10,2,14,0,0,138,12,150,2,0,148,14,164,84,26,110,274
06/20/2016,BAK,IN,AGL,CE,Federal Contract Tower,0,5,9,0,14,0,0,42,12,54,0,5,51,12,68,30,0,30,98
06/21/2016,BAK,IN,AGL,CE,Federal Contract Tower,0,6,7,3,16,0,0,84,21,105,0,6,91,24,121,80,4,84,205
06/22/2016,BAK,IN,AGL,CE,Federal Contract Tower,0,3,15,2,20,0,0,10,14,24,0,3,25,16,44,50,12,62,106
06/23/2016,BAK,IN,AGL,CE,Federal Contract Tower,0,4,12,0,16,0,0,30,0,30,0,4,42,0,46,26,0,26,72
06/24/2016,BAK,IN,AGL,CE,Federal Contract Tower,2,3,5,0,10,0,0,55,0,55,2,3,60,0,65,62,0,62,127
06/25/2016,BAK,IN,AGL,CE,Federal Contract Tower,0,0,10,0,10,0,0,76,0,76,0,0,86,0,86,64,0,64,150
06/26/2016,BAK,IN,AGL,CE,Federal Contract Tower,2,0,10,0,12,0,0,95,1,96,2,0,105,1,108,0,0,0,108
06/27/2016,BAK,IN,AGL,CE,Federal Contract Tower,0,3,10,0,13,0,0,77,0,77,0,3,87,0,90,94,0,94,184
06/28/2016,BAK,IN,AGL,CE,Federal Contract Tower,0,4,10,2,16,0,0,75,10,85,0,4,85,12,101,28,0,28,129
06/29/2016,BAK,IN,AGL,CE,Federal Contract Tower,0,5,13,0,18,0,0,118,6,124,0,5,131,6,142,132,0,132,274
06/30/2016,BAK,IN,AGL,CE,Federal Contract Tower,0,5,6,1,12,0,0,59,0,59,0,5,65,1,71,52,0,52,123
07/01/2016,BAK,IN,AGL,CE,Federal Contract Tower,1,4,13,0,18,0,0,158,2,160,1,4,171,2,178,50,4,54,232
07/02/2016,BAK,IN,AGL,CE,Federal Contract Tower,0,0,7,0,7,0,0,41,0,41,0,0,48,0,48,0,0,0,48
07/03/2016,BAK,IN,AGL,CE,Federal Contract Tower,0,2,5,0,7,0,0,0,0,0,0,2,5,0,7,0,0,0,7
07/04/2016,BAK,IN,AGL,CE,Federal Contract Tower,0,0,3,0,3,0,0,5,0,5,0,0,8,0,8,0,0,0,8
07/05/2016,BAK,IN,AGL,CE,Federal Contract Tower,0,4,10,4,18,0,0,35,2,37,0,4,45,6,55,40,0,40,95
07/06/2016,BAK,IN,AGL,CE,Federal Contract Tower,0,4,12,1,17,0,0,33,2,35,0,4,45,3,52,30,0,30,82
07/07/2016,BAK,IN,AGL,CE,Federal Contract Tower,0,2,12,5,19,0,0,23,2,25,0,2,35,7,44,66,14,80,124
07/08/2016,BAK,IN,AGL,CE,Federal Contract Tower,0,9,4,0,13,0,0,23,0,23,0,9,27,0,36,30,0,30,66
07/09/2016,BAK,IN,AGL,CE,Federal Contract Tower,0,0,16,0,16,0,0,144,0,144,0,0,160,0,160,124,0,124,284
07/10/2016,BAK,IN,AGL,CE,Federal Contract Tower,0,2,16,4,22,0,0,181,0,181,0,2,197,4,203,114,0,114,317
07/11/2016,BAK,IN,AGL,CE,Federal Contract Tower,0,5,11,0,16,0,0,214,0,214,0,5,225,0,230,28,0,28,258
07/12/2016,BAK,IN,AGL,CE,Federal Contract Tower,0,1,22,4,27,0,0,143,8,151,0,1,165,12,178,64,44,108,286
07/13/2016,BAK,IN,AGL,CE,Federal Contract Tower,0,3,10,2,15,0,0,191,0,191,0,3,201,2,206,34,0,34,240
07/14/2016,BAK,IN,AGL,CE,Federal Contract Tower,0,4,19,3,26,0,0,212,10,222,0,4,231,13,248,6,0,6,254
07/15/2016,BAK,IN,AGL,CE,Federal Contract Tower,0,7,15,4,26,0,0,217,4,221,0,7,232,8,247,84,8,92,339
07/16/2016,BAK,IN,AGL,CE,Federal Contract Tower,0,0,16,2,18,0,0,225,5,230,0,0,241,7,248,122,0,122,370
07/17/2016,BAK,IN,AGL,CE,Federal Contract Tower,0,0,18,0,18,0,0,181,0,181,0,0,199,0,199,144,0,144,343
07/18/2016,BAK,IN,AGL,CE,Federal Contract Tower,0,4,10,0,14,0,0,64,2,66,0,4,74,2,80,52,0,52,132
07/19/2016,BAK,IN,AGL,CE,Federal Contract Tower,0,2,9,0,11,0,0,184,4,188,0,2,193,4,199,52,0,52,251
07/20/2016,BAK,IN,AGL,CE,Federal Contract Tower,0,2,15,4,21,0,0,157,14,171,0,2,172,18,192,52,32,84,276
07/21/2016,BAK,IN,AGL,CE,Federal Contract Tower,0,5,15,0,20,0,0,206,0,206,0,5,221,0,226,58,0,58,284
07/22/2016,BAK,IN,AGL,CE,Federal Contract Tower,0,3,26,2,31,0,0,186,0,186,0,3,212,2,217,40,0,40,257
07/23/2016,BAK,IN,AGL,CE,Federal Contract Tower,0,0,13,0,13,0,0,104,0,104,0,0,117,0,117,80,0,80,197
07/24/2016,BAK,IN,AGL,CE,Federal Contract Tower,0,2,9,0,11,0,0,119,0,119,0,2,128,0,130,64,0,64,194
07/25/2016,BAK,IN,AGL,CE,Federal Contract Tower,0,3,10,1,14,0,0,48,0,48,0,3,58,1,62,20,0,20,82
07/26/2016,BAK,IN,AGL,CE,Federal Contract Tower,0,6,20,0,26,0,0,20,0,20,0,6,40,0,46,20,0,20,66
07/27/2016,BAK,IN,AGL,CE,Federal Contract Tower,0,3,24,4,31,0,0,68,8,76,0,3,92,12,107,52,46,98,205
07/28/2016,BAK,IN,AGL,CE,Federal Contract Tower,0,3,23,0,26,0,0,40,4,44,0,3,63,4,70,46,18,64,134
07/29/2016,BAK,IN,AGL,CE,Federal Contract Tower,0,3,11,0,14,0,0,68,0,68,0,3,79,0,82,24,0,24,106
07/30/2016,BAK,IN,AGL,CE,Federal Contract Tower,0,0,29,2,31,0,0,87,2,89,0,0,116,4,120,44,0,44,164
07/31/2016,BAK,IN,AGL,CE,Federal Contract Tower,0,0,7,0,7,0,0,112,0,112,0,0,119,0,119,0,0,0,119
08/01/2016,BAK,IN,AGL,CE,Federal Contract Tower,0,1,14,0,15,0,0,54,2,56,0,1,68,2,71,36,0,36,107
08/02/2016,BAK,IN,AGL,CE,Federal Contract Tower,0,3,14,0,17,0,0,34,2,36,0,3,48,2,53,60,0,60,113
08/03/2016,BAK,IN,AGL,CE,Federal Contract Tower,0,2,14,0,16,0,0,72,6,78,0,2,86,6,94,34,0,34,128
08/04/2016,BAK,IN,AGL,CE,Federal Contract Tower,0,3,21,0,24,0,0,62,6,68,0,3,83,6,92,2,8,10,102
08/05/2016,BAK,IN,AGL,CE,Federal Contract Tower,0,7,15,1,23,0,0,109,26,135,0,7,124,27,158,32,4,36,194
08/06/2016,BAK,IN,AGL,CE,Federal Contract Tower,0,0,10,1,11,0,0,84,0,84,0,0,94,1,95,48,0,48,143
08/07/2016,BAK,IN,AGL,CE,Federal Contract Tower,0,0,3,2,5,0,0,140,16,156,0,0,143,18,161,32,0,32,193
08/08/2016,BAK,IN,AGL,CE,Federal Contract Tower,0,4,13,0,17,0,0,73,8,81,0,4,86,8,98,26,0,26,124
08/09/2016,BAK,IN,AGL,CE,Federal Contract Tower,0,3,24,5,32,0,0,53,3,56,0,3,77,8,88,38,38,76,164
08/10/2016,BAK,IN,AGL,CE,Federal Contract Tower,0,1,17,2,20,0,0,30,24,54,0,1,47,26,74,40,0,40,114
08/11/2016,BAK,IN,AGL,CE,Federal Contract Tower,0,1,9,1,11,0,0,114,12,126,0,1,123,13,137,52,32,84,221
08/12/2016,BAK,IN,AGL,CE,Federal Contract Tower,0,3,19,0,22,0,0,63,2,65,0,3,82,2,87,54,0,54,141
08/13/2016,BAK,IN,AGL,CE,Federal Contract Tower,0,0,1,2,3,0,0,14,0,14,0,0,15,2,17,0,0,0,17
08/14/2016,BAK,IN,AGL,CE,Federal Contract Tower,0,0,6,0,6,0,0,4,2,6,0,0,10,2,12,30,0,30,42
08/15/2016,BAK,IN,AGL,CE,Federal Contract Tower,0,3,23,0,26,0,0,6,0,6,0,3,29,0,32,0,0,0,32
08/16/2016,BAK,IN,AGL,CE,Federal Contract Tower,0,2,16,2,20,0,0,6,0,6,0,2,22,2,26,0,0,0,26
08/17/2016,BAK,IN,AGL,CE,Federal Contract Tower,0,1,12,2,15,0,0,99,12,111,0,1,111,14,126,112,0,112,238
08/18/2016,BAK,IN,AGL,CE,Federal Contract Tower,0,4,19,0,23,0,0,43,4,47,0,4,62,4,70,84,0,84,154
08/19/2016,BAK,IN,AGL,CE,Federal Contract Tower,0,2,13,0,15,0,0,36,4,40,0,2,49,4,55,30,0,30,85
08/20/2016,BAK,IN,AGL,CE,Federal Contract Tower,0,0,7,0,7,0,0,3,0,3,0,0,10,0,10,0,0,0,10
08/21/2016,BAK,IN,AGL,CE,Federal Contract Tower,0,0,2,0,2,0,0,95,0,95,0,0,97,0,97,32,0,32,129
08/22/2016,BAK,IN,AGL,CE,Federal Contract Tower,0,5,10,0,15,0,0,84,10,94,0,5,94,10,109,12,0,12,121
08/23/2016,BAK,IN,AGL,CE,Federal Contract Tower,0,1,17,0,18,0,0,80,4,84,0,1,97,4,102,38,10,48,150
08/24/2016,BAK,IN,AGL,CE,Federal Contract Tower,0,3,18,0,21,0,0,55,8,63,0,3,73,8,84,50,0,50,134
08/25/2016,BAK,IN,AGL,CE,Federal Contract Tower,0,4,14,2,20,0,0,70,12,82,0,4,84,14,102,0,0,0,102
08/26/2016,BAK,IN,AGL,CE,Federal Contract Tower,0,2,5,0,7,0,0,28,2,30,0,2,33,2,37,30,0,30,67
08/27/2016,BAK,IN,AGL,CE,Federal Contract Tower,0,0,11,0,11,0,0,69,0,69,0,0,80,0,80,56,0,56,136
08/28/2016,BAK,IN,AGL,CE,Federal Contract Tower,0,0,4,4,8,0,0,35,0,35,0,0,39,4,43,12,0,12,55
08/29/2016,BAK,IN,AGL,CE,Federal Contract Tower,0,1,13,0,14,0,0,75,2,77,0,1,88,2,91,46,0,46,137
08/30/2016,BAK,IN,AGL,CE,Federal Contract Tower,0,2,16,2,20,0,0,62,6,68,0,2,78,8,88,42,0,42,130
08/31/2016,BAK,IN,AGL,CE,Federal Contract Tower,0,2,14,3,19,0,0,31,5,36,0,2,45,8,55,18,6,24,79
09/01/2016,BAK,IN,AGL,CE,Federal Contract Tower,0,5,11,4,20,0,0,42,4,46,0,5,53,8,66,24,24,48,114
09/02/2016,BAK,IN,AGL,CE,Federal Contract Tower,0,5,13,0,18,0,0,84,0,84,0,5,97,0,102,32,0,32,134
09/03/2016,BAK,IN,AGL,CE,Federal Contract Tower,0,0,7,0,7,0,0,129,0,129,0,0,136,0,136,40,0,40,176
09/04/2016,BAK,IN,AGL,CE,Federal Contract Tower,0,0,4,0,4,0,0,88,0,88,0,0,92,0,92,40,0,40,132
09/05/2016,BAK,IN,AGL,CE,Federal Contract Tower,0,0,10,0,10,0,0,99,0,99,0,0,109,0,109,32,0,32,141
09/06/2016,BAK,IN,AGL,CE,Federal Contract Tower,0,3,13,0,16,0,0,92,0,92,0,3,105,0,108,32,0,32,140
09/07/2016,BAK,IN,AGL,CE,Federal Contract Tower,0,4,19,0,23,0,0,85,0,85,0,4,104,0,108,26,0,26,134
09/08/2016,BAK,IN,AGL,CE,Federal Contract Tower,0,2,11,1,14,0,0,42,2,44,0,2,53,3,58,38,0,38,96
09/09/2016,BAK,IN,AGL,CE,Federal Contract Tower,0,5,8,8,21,0,0,38,0,38,0,5,46,8,59,12,0,12,71
09/10/2016,BAK,IN,AGL,CE,Federal Contract Tower,0,0,4,0,4,0,0,26,0,26,0,0,30,0,30,32,0,32,62
09/11/2016,BAK,IN,AGL,CE,Federal Contract Tower,0,0,14,0,14,0,0,118,0,118,0,0,132,0,132,46,0,46,178
09/12/2016,BAK,IN,AGL,CE,Federal Contract Tower,0,3,11,1,15,0,0,68,0,68,0,3,79,1,83,22,0,22,105
09/13/2016,BAK,IN,AGL,CE,Federal Contract Tower,0,2,14,1,17,0,0,75,0,75,0,2,89,1,92,34,0,34,126
09/14/2016,BAK,IN,AGL,CE,Federal Contract Tower,0,3,9,0,12,0,0,36,0,36,0,3,45,0,48,0,0,0,48
09/15/2016,BAK,IN,AGL,CE,Federal Contract Tower,0,2,14,2,18,0,0,83,2,85,0,2,97,4,103,32,4,36,139
09/16/2016,BAK,IN,AGL,CE,Federal Contract Tower,0,2,14,0,16,0,0,39,0,39,0,2,53,0,55,26,0,26,81
09/17/2016,BAK,IN,AGL,CE,Federal Contract Tower,0,0,0,0,0,0,0,10,0,10,0,0,10,0,10,0,0,0,10
09/18/2016,BAK,IN,AGL,CE,Federal Contract Tower,0,0,14,0,14,0,0,84,0,84,0,0,98,0,98,74,0,74,172
09/19/2016,BAK,IN,AGL,CE,Federal Contract Tower,0,2,12,0,14,0,0,38,0,38,0,2,50,0,52,24,0,24,76
09/20/2016,BAK,IN,AGL,CE,Federal Contract Tower,0,5,6,1,12,0,0,122,0,122,0,5,128,1,134,54,0,54,188
09/21/2016,BAK,IN,AGL,CE,Federal Contract Tower,0,2,17,2,21,0,0,76,0,76,0,2,93,2,97,28,0,28,125
09/22/2016,BAK,IN,AGL,CE,Federal Contract Tower,0,4,8,0,12,0,0,52,4,56,0,4,60,4,68,18,14,32,100
09/23/2016,BAK,IN,AGL,CE,Federal Contract Tower,0,2,9,2,13,0,0,60,2,62,0,2,69,4,75,20,0,20,95
09/24/2016,BAK,IN,AGL,CE,Federal Contract Tower,0,2,13,7,22,0,0,50,0,50,0,2,63,7,72,38,0,38,110
09/25/2016,BAK,IN,AGL,CE,Federal Contract Tower,0,0,10,0,10,0,0,80,0,80,0,0,90,0,90,62,0,62,152
09/26/2016,BAK,IN,AGL,CE,Federal Contract Tower,0,2,9,0,11,0,0,46,8,54,0,2,55,8,65,48,0,48,113
09/27/2016,BAK,IN,AGL,CE,Federal Contract Tower,0,2,14,0,16,0,0,52,0,52,0,2,66,0,68,64,0,64,132
09/28/2016,BAK,IN,AGL,CE,Federal Contract Tower,0,4,10,0,14,0,0,10,0,10,0,4,20,0,24,12,0,12,36
09/29/2016,BAK,IN,AGL,CE,Federal Contract Tower,0,2,16,3,21,0,0,4,12,16,0,2,20,15,37,0,56,56,93
09/30/2016,BAK,IN,AGL,CE,Federal Contract Tower,0,4,18,0,22,0,0,28,0,28,0,4,46,0,50,0,0,0,50
10/01/2016,BAK,IN,AGL,CE,Federal Contract Tower,0,2,3,0,5,0,0,6,0,6,0,2,9,0,11,0,0,0,11
10/02/2016,BAK,IN,AGL,CE,Federal Contract Tower,0,0,2,0,2,0,0,11,0,11,0,0,13,0,13,4,0,4,17
10/03/2016,BAK,IN,AGL,CE,Federal Contract Tower,0,2,11,0,13,0,0,88,24,112,0,2,99,24,125,34,0,34,159
10/04/2016,BAK,IN,AGL,CE,Federal Contract Tower,1,5,11,0,17,0,0,50,24,74,1,5,61,24,91,34,0,34,125
10/05/2016,BAK,IN,AGL,CE,Federal Contract Tower,0,2,11,7,20,0,0,66,11,77,0,2,77,18,97,26,26,52,149
10/06/2016,BAK,IN,AGL,CE,Federal Contract Tower,0,2,14,2,18,0,0,72,8,80,0,2,86,10,98,44,32,76,174
10/07/2016,BAK,IN,AGL,CE,Federal Contract Tower,0,3,13,0,16,0,0,90,0,90,0,3,103,0,106,64,0,64,170
10/08/2016,BAK,IN,AGL,CE,Federal Contract Tower,0,0,0,4,4,0,0,64,0,64,0,0,64,4,68,38,0,38,106
10/09/2016,BAK,IN,AGL,CE,Federal Contract Tower,0,0,9,0,9,0,0,82,0,82,0,0,91,0,91,28,0,28,119
10/10/2016,BAK,IN,AGL,CE,Federal Contract Tower,0,2,14,0,16,0,0,96,0,96,0,2,110,0,112,66,0,66,178
10/11/2016,BAK,IN,AGL,CE,Federal Contract Tower,0,2,14,0,16,0,0,68,0,68,0,2,82,0,84,68,0,68,152
10/12/2016,BAK,IN,AGL,CE,Federal Contract Tower,0,3,17,0,20,0,0,51,0,51,0,3,68,0,71,78,0,78,149
10/13/2016,BAK,IN,AGL,CE,Federal Contract Tower,0,4,17,2,23,0,0,35,4,39,0,4,52,6,62,32,12,44,106
10/14/2016,BAK,IN,AGL,CE,Federal Contract Tower,0,6,16,7,29,0,0,63,12,75,0,6,79,19,104,18,22,40,144
10/15/2016,BAK,IN,AGL,CE,Federal Contract Tower,0,0,7,0,7,0,0,94,2,96,0,0,101,2,103,52,0,52,155
10/16/2016,BAK,IN,AGL,CE,Federal Contract Tower,0,0,14,0,14,0,0,81,0,81,0,0,95,0,95,52,0,52,147
10/17/2016,BAK,IN,AGL,CE,Federal Contract Tower,0,2,8,0,10,0,0,26,0,26,0,2,34,0,36,0,0,0,36
10/18/2016,BAK,IN,AGL,CE,Federal Contract Tower,0,4,9,0,13,0,0,30,0,30,0,4,39,0,43,36,0,36,79
10/19/2016,BAK,IN,AGL,CE,Federal Contract Tower,0,2,20,4,26,0,0,59,2,61,0,2,79,6,87,22,6,28,115
10/20/2016,BAK,IN,AGL,CE,Federal Contract Tower,0,5,9,0,14,0,0,0,0,0,0,5,9,0,14,0,0,0,14
10/21/2016,BAK,IN,AGL,CE,Federal Contract Tower,0,3,5,1,9,0,0,40,0,40,0,3,45,1,49,22,0,22,71
10/22/2016,BAK,IN,AGL,CE,Federal Contract Tower,0,0,7,0,7,0,0,107,4,111,0,0,114,4,118,60,0,60,178
10/23/2016,BAK,IN,AGL,CE,Federal Contract Tower,0,0,11,0,11,0,0,132,2,134,0,0,143,2,145,50,0,50,195
10/24/2016,BAK,IN,AGL,CE,Federal Contract Tower,0,3,16,0,19,0,0,88,0,88,0,3,104,0,107,24,0,24,131
10/25/2016,BAK,IN,AGL,CE,Federal Contract Tower,0,7,17,0,24,0,0,94,0,94,0,7,111,0,118,58,0,58,176
10/26/2016,BAK,IN,AGL,CE,Federal Contract Tower,0,2,18,2,22,0,0,52,0,52,0,2,70,2,74,40,0,40,114
10/27/2016,BAK,IN,AGL,CE,Federal Contract Tower,0,2,22,0,24,0,0,17,8,25,0,2,39,8,49,0,16,16,65
10/28/2016,BAK,IN,AGL,CE,Federal Contract Tower,0,4,13,0,17,0,0,97,0,97,0,4,110,0,114,74,0,74,188
10/29/2016,BAK,IN,AGL,CE,Federal Contract Tower,0,0,7,0,7,0,0,72,0,72,0,0,79,0,79,26,0,26,105
10/30/2016,BAK,IN,AGL,CE,Federal Contract Tower,0,0,5,0,5,0,0,92,0,92,0,0,97,0,97,0,0,0,97
10/31/2016,BAK,IN,AGL,CE,Federal Contract Tower,0,2,17,0,19,0,0,47,0,47,0,2,64,0,66,76,0,76,142
11/01/2016,BAK,IN,AGL,CE,Federal Contract Tower,0,3,12,0,15,0,0,40,2,42,0,3,52,2,57,48,0,48,105
11/02/2016,BAK,IN,AGL,CE,Federal Contract Tower,0,5,8,1,14,0,0,60,4,64,0,5,68,5,78,18,36,54,132
11/03/2016,BAK,IN,AGL,CE,Federal Contract Tower,0,4,9,2,15,0,0,13,0,13,0,4,22,2,28,30,0,30,58
11/04/2016,BAK,IN,AGL,CE,Federal Contract Tower,0,3,20,3,26,0,0,73,4,77,0,3,93,7,103,48,0,48,151
11/05/2016,BAK,IN,AGL,CE,Federal Contract Tower,0,0,1,5,6,0,0,118,30,148,0,0,119,35,154,46,14,60,214
11/06/2016,BAK,IN,AGL,CE,Federal Contract Tower,0,0,15,2,17,0,0,110,0,110,0,0,125,2,127,42,0,42,169
11/07/2016,BAK,IN,AGL,CE,Federal Contract Tower,0,3,10,0,13,0,0,38,0,38,0,3,48,0,51,18,0,18,69
11/08/2016,BAK,IN,AGL,CE,Federal Contract Tower,0,0,9,0,9,0,0,14,0,14,0,0,23,0,23,0,0,0,23
11/09/2016,BAK,IN,AGL,CE,Federal Contract Tower,0,6,14,0,20,0,0,56,0,56,0,6,70,0,76,48,0,48,124
11/10/2016,BAK,IN,AGL,CE,Federal Contract Tower,0,4,12,0,16,0,0,66,8,74,0,4,78,8,90,90,34,124,214
11/11/2016,BAK,IN,AGL,CE,Federal Contract Tower,0,2,9,0,11,0,0,60,0,60,0,2,69,0,71,40,0,40,111
11/12/2016,BAK,IN,AGL,CE,Federal Contract Tower,0,0,6,0,6,0,0,138,0,138,0,0,144,0,144,18,0,18,162
11/13/2016,BAK,IN,AGL,CE,Federal Contract Tower,0,0,4,0,4,0,0,131,0,131,0,0,135,0,135,28,0,28,163
11/14/2016,BAK,IN,AGL,CE,Federal Contract Tower,0,4,12,2,18,0,0,50,2,52,0,4,62,4,70,34,10,44,114
11/16/2016,BAK,IN,AGL,CE,Federal Contract Tower,0,8,18,2,28,0,0,146,16,162,0,8,164,18,190,66,64,130,320
11/17/2016,BAK,IN,AGL,CE,Federal Contract Tower,0,4,11,0,15,0,0,60,6,66,0,4,71,6,81,18,20,38,119
11/18/2016,BAK,IN,AGL,CE,Federal Contract Tower,1,6,9,1,17,0,0,50,1,51,1,6,59,2,68,48,4,52,120
11/19/2016,BAK,IN,AGL,CE,Federal Contract Tower,0,0,2,2,4,0,0,7,0,7,0,0,9,2,11,0,0,0,11
11/20/2016,BAK,IN,AGL,CE,Federal Contract Tower,0,0,8,2,10,0,0,75,0,75,0,0,83,2,85,36,0,36,121
11/21/2016,BAK,IN,AGL,CE,Federal Contract Tower,0,2,14,0,16,0,0,50,0,50,0,2,64,0,66,48,0,48,114
11/22/2016,BAK,IN,AGL,CE,Federal Contract Tower,0,2,16,0,18,0,0,40,4,44,0,2,56,4,62,28,18,46,108
11/23/2016,BAK,IN,AGL,CE,Federal Contract Tower,0,11,5,0,16,0,0,3,0,3,0,11,8,0,19,0,0,0,19
11/24/2016,BAK,IN,AGL,CE,Federal Contract Tower,0,0,1,0,1,0,0,0,0,0,0,0,1,0,1,0,0,0,1
11/25/2016,BAK,IN,AGL,CE,Federal Contract Tower,0,0,6,0,6,0,0,18,0,18,0,0,24,0,24,10,0,10,34
11/26/2016,BAK,IN,AGL,CE,Federal Contract Tower,0,0,10,0,10,0,0,76,0,76,0,0,86,0,86,76,0,76,162
11/27/2016,BAK,IN,AGL,CE,Federal Contract Tower,0,0,8,0,8,0,0,53,0,53,0,0,61,0,61,8,0,8,69
11/28/2016,BAK,IN,AGL,CE,Federal Contract Tower,0,3,13,0,16,0,0,0,0,0,0,3,13,0,16,0,0,0,16
11/29/2016,BAK,IN,AGL,CE,Federal Contract Tower,0,2,14,0,16,0,0,42,0,42,0,2,56,0,58,42,0,42,100
11/30/2016,BAK,IN,AGL,CE,Federal Contract Tower,0,1,17,0,18,0,0,86,0,86,0,1,103,0,104,74,0,74,178
12/01/2016,BAK,IN,AGL,CE,Federal Contract Tower,0,4,11,1,16,0,0,24,2,26,0,4,35,3,42,2,0,2,44
12/02/2016,BAK,IN,AGL,CE,Federal Contract Tower,0,4,15,0,19,0,0,30,2,32,0,4,45,2,51,14,0,14,65
12/03/2016,BAK,IN,AGL,CE,Federal Contract Tower,0,0,12,0,12,0,0,151,3,154,0,0,163,3,166,56,0,56,222
12/04/2016,BAK,IN,AGL,CE,Federal Contract Tower,0,0,6,0,6,0,0,6,0,6,0,0,12,0,12,6,0,6,18
12/05/2016,BAK,IN,AGL,CE,Federal Contract Tower,0,8,12,6,26,0,0,41,11,52,0,8,53,17,78,4,54,58,136
12/06/2016,BAK,IN,AGL,CE,Federal Contract Tower,0,3,12,6,21,0,0,8,6,14,0,3,20,12,35,20,0,20,55
12/07/2016,BAK,IN,AGL,CE,Federal Contract Tower,0,4,12,2,18,0,0,78,0,78,0,4,90,2,96,16,0,16,112
12/08/2016,BAK,IN,AGL,CE,Federal Contract Tower,0,4,11,5,20,0,0,17,2,19,0,4,28,7,39,18,4,22,61
12/09/2016,BAK,IN,AGL,CE,Federal Contract Tower,0,4,12,0,16,0,0,28,0,28,0,4,40,0,44,32,0,32,76
12/10/2016,BAK,IN,AGL,CE,Federal Contract Tower,0,0,10,0,10,0,0,54,0,54,0,0,64,0,64,32,0,32,96
12/11/2016,BAK,IN,AGL,CE,Federal Contract Tower,0,0,4,0,4,0,0,12,0,12,0,0,16,0,16,0,0,0,16
12/12/2016,BAK,IN,AGL,CE,Federal Contract Tower,0,4,7,2,13,0,0,24,0,24,0,4,31,2,37,20,0,20,57
12/13/2016,BAK,IN,AGL,CE,Federal Contract Tower,0,2,14,0,16,0,0,0,0,0,0,2,14,0,16,0,0,0,16
12/14/2016,BAK,IN,AGL,CE,Federal Contract Tower,0,4,11,0,15,0,0,40,0,40,0,4,51,0,55,26,0,26,81
12/15/2016,BAK,IN,AGL,CE,Federal Contract Tower,0,7,6,5,18,0,0,27,4,31,0,7,33,9,49,64,18,82,131
12/16/2016,BAK,IN,AGL,CE,Federal Contract Tower,0,7,10,0,17,0,0,21,0,21,0,7,31,0,38,36,0,36,74
12/17/2016,BAK,IN,AGL,CE,Federal Contract Tower,0,3,7,0,10,0,0,0,0,0,0,3,7,0,10,0,0,0,10
12/18/2016,BAK,IN,AGL,CE,Federal Contract Tower,0,0,3,0,3,0,0,0,0,0,0,0,3,0,3,0,0,0,3
12/19/2016,BAK,IN,AGL,CE,Federal Contract Tower,0,14,8,0,22,0,0,43,0,43,0,14,51,0,65,22,0,22,87
12/20/2016,BAK,IN,AGL,CE,Federal Contract Tower,0,5,16,0,21,0,0,39,0,39,0,5,55,0,60,24,0,24,84
12/21/2016,BAK,IN,AGL,CE,Federal Contract Tower,0,2,13,0,15,0,0,66,0,66,0,2,79,0,81,32,0,32,113
12/22/2016,BAK,IN,AGL,CE,Federal Contract Tower,0,3,8,2,13,0,0,62,2,64,0,3,70,4,77,24,4,28,105
12/23/2016,BAK,IN,AGL,CE,Federal Contract Tower,0,2,7,0,9,0,0,23,0,23,0,2,30,0,32,0,0,0,32
12/24/2016,BAK,IN,AGL,CE,Federal Contract Tower,0,2,2,0,4,0,0,2,0,2,0,2,4,0,6,0,0,0,6
12/25/2016,BAK,IN,AGL,CE,Federal Contract Tower,0,0,0,0,0,0,0,0,0,0,0,0,0,0,0,0,0,0,0
12/26/2016,BAK,IN,AGL,CE,Federal Contract Tower,0,0,6,0,6,0,0,2,0,2,0,0,8,0,8,6,0,6,14
12/27/2016,BAK,IN,AGL,CE,Federal Contract Tower,0,0,10,0,10,0,0,66,0,66,0,0,76,0,76,10,0,10,86
12/28/2016,BAK,IN,AGL,CE,Federal Contract Tower,0,0,13,1,14,0,0,88,0,88,0,0,101,1,102,48,0,48,150
12/29/2016,BAK,IN,AGL,CE,Federal Contract Tower,0,0,4,0,4,0,0,6,0,6,0,0,10,0,10,0,0,0,10
12/30/2016,BAK,IN,AGL,CE,Federal Contract Tower,0,1,4,0,5,0,0,49,0,49,0,1,53,0,54,28,0,28,82
12/31/2016,BAK,IN,AGL,CE,Federal Contract Tower,0,0,3,0,3,0,0,3,0,3,0,0,6,0,6,0,0,0,6
01/01/2017,BAK,IN,AGL,CE,Federal Contract Tower,0,0,3,0,3,0,0,19,0,19,0,0,22,0,22,12,0,12,34
01/02/2017,BAK,IN,AGL,CE,Federal Contract Tower,0,0,5,0,5,0,0,4,0,4,0,0,9,0,9,0,0,0,9
01/03/2017,BAK,IN,AGL,CE,Federal Contract Tower,0,9,7,0,16,0,0,0,0,0,0,9,7,0,16,0,0,0,16
01/04/2017,BAK,IN,AGL,CE,Federal Contract Tower,0,2,11,1,14,0,0,34,2,36,0,2,45,3,50,12,0,12,62
01/05/2017,BAK,IN,AGL,CE,Federal Contract Tower,0,2,4,0,6,0,0,2,0,2,0,2,6,0,8,0,0,0,8
01/06/2017,BAK,IN,AGL,CE,Federal Contract Tower,0,4,10,0,14,0,0,10,0,10,0,4,20,0,24,6,0,6,30
01/07/2017,BAK,IN,AGL,CE,Federal Contract Tower,0,0,2,0,2,0,0,28,0,28,0,0,30,0,30,54,0,54,84
01/08/2017,BAK,IN,AGL,CE,Federal Contract Tower,0,0,11,0,11,0,0,63,0,63,0,0,74,0,74,48,0,48,122
01/09/2017,BAK,IN,AGL,CE,Federal Contract Tower,0,2,11,2,15,0,0,28,4,32,0,2,39,6,47,12,0,12,59
01/10/2017,BAK,IN,AGL,CE,Federal Contract Tower,0,2,8,0,10,0,0,6,0,6,0,2,14,0,16,4,0,4,20
01/11/2017,BAK,IN,AGL,CE,Federal Contract Tower,0,2,15,0,17,0,0,0,0,0,0,2,15,0,17,0,0,0,17
01/12/2017,BAK,IN,AGL,CE,Federal Contract Tower,0,4,14,0,18,0,0,2,2,4,0,4,16,2,22,0,0,0,22
01/13/2017,BAK,IN,AGL,CE,Federal Contract Tower,0,6,14,0,20,0,0,22,12,34,0,6,36,12,54,0,0,0,54
01/14/2017,BAK,IN,AGL,CE,Federal Contract Tower,0,0,4,0,4,0,0,0,0,0,0,0,4,0,4,0,0,0,4
01/15/2017,BAK,IN,AGL,CE,Federal Contract Tower,0,0,3,0,3,0,0,0,0,0,0,0,3,0,3,0,0,0,3
01/16/2017,BAK,IN,AGL,CE,Federal Contract Tower,0,3,6,0,9,0,0,0,0,0,0,3,6,0,9,0,0,0,9
01/17/2017,BAK,IN,AGL,CE,Federal Contract Tower,0,1,13,0,14,0,0,11,0,11,0,1,24,0,25,14,0,14,39
01/18/2017,BAK,IN,AGL,CE,Federal Contract Tower,0,6,14,0,20,0,0,0,0,0,0,6,14,0,20,0,0,0,20
01/19/2017,BAK,IN,AGL,CE,Federal Contract Tower,0,4,12,3,19,0,0,56,12,68,0,4,68,15,87,12,28,40,127
01/20/2017,BAK,IN,AGL,CE,Federal Contract Tower,0,5,15,0,20,0,0,29,0,29,0,5,44,0,49,28,0,28,77
01/21/2017,BAK,IN,AGL,CE,Federal Contract Tower,0,0,9,1,10,0,0,140,10,150,0,0,149,11,160,86,0,86,246
01/22/2017,BAK,IN,AGL,CE,Federal Contract Tower,0,0,8,0,8,0,0,58,0,58,0,0,66,0,66,8,0,8,74
01/23/2017,BAK,IN,AGL,CE,Federal Contract Tower,0,3,14,0,17,0,0,0,0,0,0,3,14,0,17,0,0,0,17
01/24/2017,BAK,IN,AGL,CE,Federal Contract Tower,0,1,9,0,10,0,0,43,0,43,0,1,52,0,53,36,0,36,89
01/25/2017,BAK,IN,AGL,CE,Federal Contract Tower,0,2,8,8,18,0,0,50,8,58,0,2,58,16,76,10,28,38,114
01/26/2017,BAK,IN,AGL,CE,Federal Contract Tower,0,7,13,0,20,0,0,8,0,8,0,7,21,0,28,0,0,0,28
01/27/2017,BAK,IN,AGL,CE,Federal Contract Tower,0,8,11,0,19,0,0,12,0,12,0,8,23,0,31,0,0,0,31
01/28/2017,BAK,IN,AGL,CE,Federal Contract Tower,0,0,15,0,15,0,0,38,0,38,0,0,53,0,53,0,0,0,53
01/29/2017,BAK,IN,AGL,CE,Federal Contract Tower,0,0,3,0,3,0,0,1,0,1,0,0,4,0,4,0,0,0,4
01/30/2017,BAK,IN,AGL,CE,Federal Contract Tower,0,5,19,0,24,0,0,58,0,58,0,5,77,0,82,70,0,70,152
01/31/2017,BAK,IN,AGL,CE,Federal Contract Tower,0,2,15,1,18,0,0,12,4,16,0,2,27,5,34,0,0,0,34
02/01/2017,BAK,IN,AGL,CE,Federal Contract Tower,0,2,17,5,24,0,0,46,8,54,0,2,63,13,78,20,56,76,154
02/02/2017,BAK,IN,AGL,CE,Federal Contract Tower,0,3,14,2,19,0,0,62,0,62,0,3,76,2,81,72,0,72,153
02/03/2017,BAK,IN,AGL,CE,Federal Contract Tower,2,8,7,2,19,0,0,57,0,57,2,8,64,2,76,58,0,58,134
02/04/2017,BAK,IN,AGL,CE,Federal Contract Tower,0,0,8,0,8,0,0,100,0,100,0,0,108,0,108,22,0,22,130
02/05/2017,BAK,IN,AGL,CE,Federal Contract Tower,0,0,8,0,8,0,0,53,0,53,0,0,61,0,61,22,0,22,83
02/06/2017,BAK,IN,AGL,CE,Federal Contract Tower,0,3,13,4,20,0,0,22,0,22,0,3,35,4,42,22,0,22,64
02/07/2017,BAK,IN,AGL,CE,Federal Contract Tower,0,4,6,0,10,0,0,0,6,6,0,4,6,6,16,0,0,0,16
02/08/2017,BAK,IN,AGL,CE,Federal Contract Tower,0,4,8,0,12,0,0,1,2,3,0,4,9,2,15,0,0,0,15
02/09/2017,BAK,IN,AGL,CE,Federal Contract Tower,0,3,10,0,13,0,0,20,12,32,0,3,30,12,45,10,0,10,55
02/10/2017,BAK,IN,AGL,CE,Federal Contract Tower,0,7,8,0,15,0,0,32,0,32,0,7,40,0,47,4,0,4,51
02/11/2017,BAK,IN,AGL,CE,Federal Contract Tower,0,0,17,0,17,0,0,137,0,137,0,0,154,0,154,48,0,48,202
02/12/2017,BAK,IN,AGL,CE,Federal Contract Tower,0,2,12,0,14,0,0,10,0,10,0,2,22,0,24,0,0,0,24
02/13/2017,BAK,IN,AGL,CE,Federal Contract Tower,0,2,3,0,5,0,0,67,0,67,0,2,70,0,72,38,0,38,110
02/14/2017,BAK,IN,AGL,CE,Federal Contract Tower,0,1,14,0,15,0,0,68,0,68,0,1,82,0,83,66,0,66,149
02/15/2017,BAK,IN,AGL,CE,Federal Contract Tower,0,3,23,0,26,0,0,46,8,54,0,3,69,8,80,58,18,76,156
02/16/2017,BAK,IN,AGL,CE,Federal Contract Tower,0,2,14,1,17,0,0,72,6,78,0,2,86,7,95,44,20,64,159
02/17/2017,BAK,IN,AGL,CE,Federal Contract Tower,0,6,7,0,13,0,0,86,0,86,0,6,93,0,99,40,0,40,139
02/18/2017,BAK,IN,AGL,CE,Federal Contract Tower,0,0,6,0,6,0,0,95,0,95,0,0,101,0,101,100,0,100,201
02/19/2017,BAK,IN,AGL,CE,Federal Contract Tower,0,0,8,0,8,0,0,28,0,28,0,0,36,0,36,28,0,28,64
02/20/2017,BAK,IN,AGL,CE,Federal Contract Tower,0,0,4,0,4,0,0,66,0,66,0,0,70,0,70,48,0,48,118
02/21/2017,BAK,IN,AGL,CE,Federal Contract Tower,0,3,7,0,10,0,0,32,0,32,0,3,39,0,42,0,0,0,42
02/22/2017,BAK,IN,AGL,CE,Federal Contract Tower,0,2,31,1,34,0,0,10,10,20,0,2,41,11,54,2,0,2,56
02/23/2017,BAK,IN,AGL,CE,Federal Contract Tower,0,2,9,4,15,0,0,4,4,8,0,2,13,8,23,12,8,20,43
02/24/2017,BAK,IN,AGL,CE,Federal Contract Tower,0,3,11,0,14,0,0,22,0,22,0,3,33,0,36,8,0,8,44
02/25/2017,BAK,IN,AGL,CE,Federal Contract Tower,0,0,0,0,0,0,0,0,0,0,0,0,0,0,0,0,0,0,0
02/26/2017,BAK,IN,AGL,CE,Federal Contract Tower,0,0,12,0,12,0,0,136,0,136,0,0,148,0,148,42,0,42,190
02/27/2017,BAK,IN,AGL,CE,Federal Contract Tower,0,6,11,0,17,0,0,41,0,41,0,6,52,0,58,18,0,18,76
02/28/2017,BAK,IN,AGL,CE,Federal Contract Tower,0,2,11,0,13,0,0,0,0,0,0,2,11,0,13,0,0,0,13
03/01/2017,BAK,IN,AGL,CE,Federal Contract Tower,0,5,12,4,21,0,0,4,2,6,0,5,16,6,27,0,20,20,47
03/02/2017,BAK,IN,AGL,CE,Federal Contract Tower,0,4,6,2,12,0,0,26,8,34,0,4,32,10,46,8,36,44,90
03/03/2017,BAK,IN,AGL,CE,Federal Contract Tower,0,2,7,1,10,0,0,54,0,54,0,2,61,1,64,64,0,64,128
03/04/2017,BAK,IN,AGL,CE,Federal Contract Tower,0,0,4,0,4,0,0,74,2,76,0,0,78,2,80,84,0,84,164
03/05/2017,BAK,IN,AGL,CE,Federal Contract Tower,0,0,6,0,6,0,0,96,0,96,0,0,102,0,102,10,0,10,112
03/06/2017,BAK,IN,AGL,CE,Federal Contract Tower,0,3,8,0,11,0,0,6,0,6,0,3,14,0,17,0,0,0,17
03/07/2017,BAK,IN,AGL,CE,Federal Contract Tower,0,2,12,1,15,0,0,8,0,8,0,2,20,1,23,0,0,0,23
03/08/2017,BAK,IN,AGL,CE,Federal Contract Tower,0,2,11,3,16,0,0,34,4,38,0,2,45,7,54,6,20,26,80
03/09/2017,BAK,IN,AGL,CE,Federal Contract Tower,0,2,21,2,25,0,0,118,4,122,0,2,139,6,147,36,8,44,191
03/10/2017,BAK,IN,AGL,CE,Federal Contract Tower,0,3,9,0,12,0,0,90,4,94,0,3,99,4,106,128,0,128,234
03/11/2017,BAK,IN,AGL,CE,Federal Contract Tower,0,0,4,0,4,0,0,88,0,88,0,0,92,0,92,32,0,32,124
03/12/2017,BAK,IN,AGL,CE,Federal Contract Tower,0,0,8,0,8,0,0,62,0,62,0,0,70,0,70,62,0,62,132
03/13/2017,BAK,IN,AGL,CE,Federal Contract Tower,0,8,8,0,16,0,0,0,0,0,0,8,8,0,16,0,0,0,16
03/14/2017,BAK,IN,AGL,CE,Federal Contract Tower,0,1,10,3,14,0,0,31,3,34,0,1,41,6,48,20,4,24,72
03/15/2017,BAK,IN,AGL,CE,Federal Contract Tower,0,3,9,0,12,0,0,28,0,28,0,3,37,0,40,16,0,16,56
03/16/2017,BAK,IN,AGL,CE,Federal Contract Tower,0,6,9,0,15,0,0,77,0,77,0,6,86,0,92,48,0,48,140
03/17/2017,BAK,IN,AGL,CE,Federal Contract Tower,0,4,11,0,15,0,0,10,0,10,0,4,21,0,25,16,0,16,41
03/18/2017,BAK,IN,AGL,CE,Federal Contract Tower,0,0,5,0,5,0,0,20,0,20,0,0,25,0,25,0,0,0,25
03/19/2017,BAK,IN,AGL,CE,Federal Contract Tower,0,3,12,0,15,0,0,75,0,75,0,3,87,0,90,32,0,32,122
03/20/2017,BAK,IN,AGL,CE,Federal Contract Tower,0,7,12,0,19,0,0,18,0,18,0,7,30,0,37,12,0,12,49
03/21/2017,BAK,IN,AGL,CE,Federal Contract Tower,0,2,9,0,11,0,0,28,0,28,0,2,37,0,39,20,0,20,59
03/22/2017,BAK,IN,AGL,CE,Federal Contract Tower,0,2,9,2,13,0,0,62,8,70,0,2,71,10,83,44,54,98,181
03/23/2017,BAK,IN,AGL,CE,Federal Contract Tower,0,2,7,2,11,0,0,63,6,69,0,2,70,8,80,28,36,64,144
03/24/2017,BAK,IN,AGL,CE,Federal Contract Tower,0,8,10,0,18,0,0,36,0,36,0,8,46,0,54,10,0,10,64
03/25/2017,BAK,IN,AGL,CE,Federal Contract Tower,0,3,7,0,10,0,0,53,0,53,0,3,60,0,63,76,0,76,139
03/26/2017,BAK,IN,AGL,CE,Federal Contract Tower,0,1,5,0,6,0,0,26,0,26,0,1,31,0,32,32,0,32,64
03/27/2017,BAK,IN,AGL,CE,Federal Contract Tower,0,2,8,0,10,0,0,44,0,44,0,2,52,0,54,26,0,26,80
03/28/2017,BAK,IN,AGL,CE,Federal Contract Tower,0,3,18,0,21,0,0,28,0,28,0,3,46,0,49,36,0,36,85
03/29/2017,BAK,IN,AGL,CE,Federal Contract Tower,0,2,19,1,22,0,0,74,4,78,0,2,93,5,100,92,20,112,212
03/30/2017,BAK,IN,AGL,CE,Federal Contract Tower,0,2,14,0,16,0,0,18,4,22,0,2,32,4,38,0,0,0,38
03/31/2017,BAK,IN,AGL,CE,Federal Contract Tower,0,2,18,0,20,0,0,6,0,6,0,2,24,0,26,8,0,8,34
04/01/2017,BAK,IN,AGL,CE,Federal Contract Tower,0,2,13,0,15,0,0,54,0,54,0,2,67,0,69,104,0,104,173
04/02/2017,BAK,IN,AGL,CE,Federal Contract Tower,0,1,11,1,13,0,0,108,0,108,0,1,119,1,121,52,0,52,173
04/03/2017,BAK,IN,AGL,CE,Federal Contract Tower,0,2,11,2,15,0,0,20,4,24,0,2,31,6,39,20,14,34,73
04/04/2017,BAK,IN,AGL,CE,Federal Contract Tower,0,1,8,0,9,0,0,36,0,36,0,1,44,0,45,16,0,16,61
04/05/2017,BAK,IN,AGL,CE,Federal Contract Tower,0,4,15,0,19,0,0,41,0,41,0,4,56,0,60,18,0,18,78
04/06/2017,BAK,IN,AGL,CE,Federal Contract Tower,0,2,3,1,6,0,0,4,0,4,0,2,7,1,10,0,0,0,10
04/07/2017,BAK,IN,AGL,CE,Federal Contract Tower,1,6,9,2,18,0,0,50,0,50,1,6,59,2,68,22,0,22,90
04/08/2017,BAK,IN,AGL,CE,Federal Contract Tower,1,4,12,0,17,0,0,196,26,222,1,4,208,26,239,74,0,74,313
04/09/2017,BAK,IN,AGL,CE,Federal Contract Tower,0,1,7,0,8,0,0,52,0,52,0,1,59,0,60,8,0,8,68
04/10/2017,BAK,IN,AGL,CE,Federal Contract Tower,0,2,7,0,9,0,0,15,0,15,0,2,22,0,24,6,0,6,30
04/11/2017,BAK,IN,AGL,CE,Federal Contract Tower,0,2,21,1,24,0,0,47,4,51,0,2,68,5,75,44,4,48,123
04/12/2017,BAK,IN,AGL,CE,Federal Contract Tower,0,4,18,0,22,0,0,102,0,102,0,4,120,0,124,34,0,34,158
04/13/2017,BAK,IN,AGL,CE,Federal Contract Tower,0,5,15,0,20,0,0,62,2,64,0,5,77,2,84,34,0,34,118
04/14/2017,BAK,IN,AGL,CE,Federal Contract Tower,0,0,5,1,6,0,0,60,1,61,0,0,65,2,67,32,0,32,99
04/15/2017,BAK,IN,AGL,CE,Federal Contract Tower,0,2,11,0,13,0,0,56,0,56,0,2,67,0,69,32,0,32,101
04/16/2017,BAK,IN,AGL,CE,Federal Contract Tower,0,0,3,0,3,0,0,0,0,0,0,0,3,0,3,0,0,0,3
04/17/2017,BAK,IN,AGL,CE,Federal Contract Tower,0,6,5,0,11,0,0,51,0,51,0,6,56,0,62,80,0,80,142
04/18/2017,BAK,IN,AGL,CE,Federal Contract Tower,0,2,12,0,14,0,0,42,0,42,0,2,54,0,56,54,0,54,110
04/19/2017,BAK,IN,AGL,CE,Federal Contract Tower,0,4,6,4,14,0,0,26,2,28,0,4,32,6,42,58,0,58,100
04/20/2017,BAK,IN,AGL,CE,Federal Contract Tower,0,4,12,0,16,0,0,39,0,39,0,4,51,0,55,32,0,32,87
04/21/2017,BAK,IN,AGL,CE,Federal Contract Tower,0,4,15,0,19,0,0,41,0,41,0,4,56,0,60,38,0,38,98
04/22/2017,BAK,IN,AGL,CE,Federal Contract Tower,0,1,4,0,5,0,0,18,0,18,0,1,22,0,23,60,0,60,83
04/23/2017,BAK,IN,AGL,CE,Federal Contract Tower,0,1,2,0,3,0,0,86,0,86,0,1,88,0,89,28,0,28,117
04/24/2017,BAK,IN,AGL,CE,Federal Contract Tower,0,5,13,5,23,0,0,52,6,58,0,5,65,11,81,46,12,58,139
04/25/2017,BAK,IN,AGL,CE,Federal Contract Tower,0,5,10,0,15,0,0,89,0,89,0,5,99,0,104,58,0,58,162
04/26/2017,BAK,IN,AGL,CE,Federal Contract Tower,0,4,14,0,18,0,0,54,4,58,0,4,68,4,76,48,0,48,124
04/27/2017,BAK,IN,AGL,CE,Federal Contract Tower,0,3,11,0,14,0,0,83,16,99,0,3,94,16,113,32,30,62,175
04/28/2017,BAK,IN,AGL,CE,Federal Contract Tower,0,2,8,4,14,0,0,87,24,111,0,2,95,28,125,90,0,90,215
04/29/2017,BAK,IN,AGL,CE,Federal Contract Tower,0,0,7,0,7,0,0,32,6,38,0,0,39,6,45,36,0,36,81
05/01/2017,BAK,IN,AGL,CE,Federal Contract Tower,0,2,8,2,12,0,0,12,0,12,0,2,20,2,24,34,6,40,64
05/02/2017,BAK,IN,AGL,CE,Federal Contract Tower,0,4,10,0,14,0,0,32,0,32,0,4,42,0,46,24,0,24,70
05/03/2017,BAK,IN,AGL,CE,Federal Contract Tower,0,3,7,0,10,0,0,38,6,44,0,3,45,6,54,72,14,86,140
05/04/2017,BAK,IN,AGL,CE,Federal Contract Tower,0,4,7,0,11,0,0,0,0,0,0,4,7,0,11,0,0,0,11
05/05/2017,BAK,IN,AGL,CE,Federal Contract Tower,0,3,12,0,15,0,0,10,0,10,0,3,22,0,25,20,0,20,45
05/06/2017,BAK,IN,AGL,CE,Federal Contract Tower,0,0,5,2,7,0,0,45,4,49,0,0,50,6,56,38,2,40,96
05/07/2017,BAK,IN,AGL,CE,Federal Contract Tower,0,1,12,3,16,0,0,138,25,163,0,1,150,28,179,40,0,40,219
05/08/2017,BAK,IN,AGL,CE,Federal Contract Tower,0,6,18,4,28,0,0,102,24,126,0,6,120,28,154,52,0,52,206
05/09/2017,BAK,IN,AGL,CE,Federal Contract Tower,0,2,24,6,32,0,0,54,6,60,0,2,78,12,92,76,0,76,168
05/10/2017,BAK,IN,AGL,CE,Federal Contract Tower,0,1,13,2,16,0,0,48,3,51,0,1,61,5,67,72,4,76,143
05/11/2017,BAK,IN,AGL,CE,Federal Contract Tower,0,4,14,0,18,0,0,2,0,2,0,4,16,0,20,6,0,6,26
05/12/2017,BAK,IN,AGL,CE,Federal Contract Tower,0,3,16,0,19,0,0,52,0,52,0,3,68,0,71,40,0,40,111
05/13/2017,BAK,IN,AGL,CE,Federal Contract Tower,0,1,9,0,10,0,0,191,0,191,0,1,200,0,201,58,0,58,259
05/14/2017,BAK,IN,AGL,CE,Federal Contract Tower,0,1,5,0,6,0,0,111,0,111,0,1,116,0,117,32,0,32,149
05/15/2017,BAK,IN,AGL,CE,Federal Contract Tower,0,2,18,2,22,0,0,106,2,108,0,2,124,4,130,62,2,64,194
05/16/2017,BAK,IN,AGL,CE,Federal Contract Tower,0,2,8,2,12,0,0,56,6,62,0,2,64,8,74,64,28,92,166
05/17/2017,BAK,IN,AGL,CE,Federal Contract Tower,0,2,19,9,30,0,0,45,10,55,0,2,64,19,85,52,46,98,183
05/18/2017,BAK,IN,AGL,CE,Federal Contract Tower,0,2,13,0,15,0,0,26,2,28,0,2,39,2,43,26,0,26,69
05/19/2017,BAK,IN,AGL,CE,Federal Contract Tower,0,6,12,0,18,0,0,20,0,20,0,6,32,0,38,34,0,34,72
05/20/2017,BAK,IN,AGL,CE,Federal Contract Tower,1,0,2,0,3,0,0,9,6,15,1,0,11,6,18,0,0,0,18
05/21/2017,BAK,IN,AGL,CE,Federal Contract Tower,5,1,11,0,17,0,0,38,0,38,5,1,49,0,55,0,0,0,55
05/22/2017,BAK,IN,AGL,CE,Federal Contract Tower,0,2,13,1,16,0,0,55,4,59,0,2,68,5,75,92,8,100,175
05/23/2017,BAK,IN,AGL,CE,Federal Contract Tower,0,2,12,0,14,0,0,115,18,133,0,2,127,18,147,58,10,68,215
05/24/2017,BAK,IN,AGL,CE,Federal Contract Tower,0,2,13,0,15,0,0,6,0,6,0,2,19,0,21,40,0,40,61
05/25/2017,BAK,IN,AGL,CE,Federal Contract Tower,0,4,9,0,13,0,0,19,4,23,0,4,28,4,36,0,22,22,58
05/26/2017,BAK,IN,AGL,CE,Federal Contract Tower,0,2,10,0,12,0,0,39,4,43,0,2,49,4,55,32,14,46,101
05/27/2017,BAK,IN,AGL,CE,Federal Contract Tower,0,1,12,4,17,0,0,41,4,45,0,1,53,8,62,46,0,46,108
05/28/2017,BAK,IN,AGL,CE,Federal Contract Tower,2,0,5,7,14,0,0,6,18,24,2,0,11,25,38,6,0,6,44
05/29/2017,BAK,IN,AGL,CE,Federal Contract Tower,0,1,4,0,5,0,0,170,0,170,0,1,174,0,175,10,0,10,185
05/30/2017,BAK,IN,AGL,CE,Federal Contract Tower,0,5,8,0,13,0,0,72,0,72,0,5,80,0,85,64,0,64,149
05/31/2017,BAK,IN,AGL,CE,Federal Contract Tower,0,2,16,0,18,0,0,101,0,101,0,2,117,0,119,58,0,58,177
06/01/2017,BAK,IN,AGL,CE,Federal Contract Tower,0,2,15,0,17,0,0,78,2,80,0,2,93,2,97,70,10,80,177
06/02/2017,BAK,IN,AGL,CE,Federal Contract Tower,0,10,14,0,24,0,0,81,0,81,0,10,95,0,105,58,0,58,163
06/03/2017,BAK,IN,AGL,CE,Federal Contract Tower,0,1,9,4,14,0,0,65,0,65,0,1,74,4,79,66,0,66,145
06/04/2017,BAK,IN,AGL,CE,Federal Contract Tower,0,1,7,2,10,0,0,141,0,141,0,1,148,2,151,14,0,14,165
06/05/2017,BAK,IN,AGL,CE,Federal Contract Tower,0,4,12,2,18,0,0,67,6,73,0,4,79,8,91,78,10,88,179
06/06/2017,BAK,IN,AGL,CE,Federal Contract Tower,0,2,15,1,18,0,0,56,0,56,0,2,71,1,74,76,0,76,150
06/07/2017,BAK,IN,AGL,CE,Federal Contract Tower,0,3,10,1,14,0,0,63,5,68,0,3,73,6,82,36,4,40,122
06/08/2017,BAK,IN,AGL,CE,Federal Contract Tower,0,2,12,2,16,0,0,94,24,118,0,2,106,26,134,46,26,72,206
06/09/2017,BAK,IN,AGL,CE,Federal Contract Tower,0,4,16,0,20,0,0,75,0,75,0,4,91,0,95,58,0,58,153
06/10/2017,BAK,IN,AGL,CE,Federal Contract Tower,0,0,8,0,8,0,0,354,18,372,0,0,362,18,380,134,26,160,540
06/11/2017,BAK,IN,AGL,CE,Federal Contract Tower,0,2,4,2,8,0,0,115,10,125,0,2,119,12,133,56,8,64,197
06/12/2017,BAK,IN,AGL,CE,Federal Contract Tower,0,2,15,0,17,0,0,62,12,74,0,2,77,12,91,38,0,38,129
06/13/2017,BAK,IN,AGL,CE,Federal Contract Tower,0,1,3,0,4,0,0,28,2,30,0,1,31,2,34,30,0,30,64
06/14/2017,BAK,IN,AGL,CE,Federal Contract Tower,0,3,7,2,12,0,0,51,0,51,0,3,58,2,63,22,0,22,85
06/15/2017,BAK,IN,AGL,CE,Federal Contract Tower,0,5,21,6,32,0,0,34,22,56,0,5,55,28,88,10,32,42,130
06/16/2017,BAK,IN,AGL,CE,Federal Contract Tower,0,2,14,2,18,0,0,86,12,98,0,2,100,14,116,30,0,30,146
06/17/2017,BAK,IN,AGL,CE,Federal Contract Tower,0,0,16,1,17,0,0,80,4,84,0,0,96,5,101,26,22,48,149
06/18/2017,BAK,IN,AGL,CE,Federal Contract Tower,0,1,11,1,13,0,0,20,0,20,0,1,31,1,33,0,0,0,33
06/19/2017,BAK,IN,AGL,CE,Federal Contract Tower,0,2,13,0,15,0,0,36,0,36,0,2,49,0,51,0,0,0,51
06/20/2017,BAK,IN,AGL,CE,Federal Contract Tower,0,2,18,0,20,0,0,128,6,134,0,2,146,6,154,38,30,68,222
06/21/2017,BAK,IN,AGL,CE,Federal Contract Tower,0,10,17,3,30,0,0,105,8,113,0,10,122,11,143,46,42,88,231
06/22/2017,BAK,IN,AGL,CE,Federal Contract Tower,0,2,14,0,16,0,0,0,0,0,0,2,14,0,16,72,0,72,88
06/23/2017,BAK,IN,AGL,CE,Federal Contract Tower,0,2,4,0,6,0,0,2,0,2,0,2,6,0,8,0,0,0,8
06/24/2017,BAK,IN,AGL,CE,Federal Contract Tower,0,0,8,0,8,0,0,89,14,103,0,0,97,14,111,110,38,148,259
06/25/2017,BAK,IN,AGL,CE,Federal Contract Tower,0,1,14,1,16,0,0,83,0,83,0,1,97,1,99,72,0,72,171
06/26/2017,BAK,IN,AGL,CE,Federal Contract Tower,0,4,8,2,14,0,0,58,2,60,0,4,66,4,74,16,0,16,90
06/27/2017,BAK,IN,AGL,CE,Federal Contract Tower,3,7,12,0,22,0,0,146,22,168,3,7,158,22,190,72,0,72,262
06/28/2017,BAK,IN,AGL,CE,Federal Contract Tower,0,4,9,5,18,0,0,48,16,64,0,4,57,21,82,46,58,104,186
06/29/2017,BAK,IN,AGL,CE,Federal Contract Tower,0,2,16,1,19,0,0,71,7,78,0,2,87,8,97,48,54,102,199
06/30/2017,BAK,IN,AGL,CE,Federal Contract Tower,0,3,10,0,13,0,0,31,0,31,0,3,41,0,44,4,0,4,48
07/01/2017,BAK,IN,AGL,CE,Federal Contract Tower,0,0,19,0,19,0,0,44,0,44,0,0,63,0,63,0,0,0,63
07/02/2017,BAK,IN,AGL,CE,Federal Contract Tower,0,0,5,0,5,0,0,138,0,138,0,0,143,0,143,54,0,54,197
07/03/2017,BAK,IN,AGL,CE,Federal Contract Tower,0,0,8,0,8,0,0,276,0,276,0,0,284,0,284,124,0,124,408
07/04/2017,BAK,IN,AGL,CE,Federal Contract Tower,0,1,2,0,3,0,0,20,0,20,0,1,22,0,23,0,0,0,23
07/05/2017,BAK,IN,AGL,CE,Federal Contract Tower,0,4,18,0,22,0,0,90,0,90,0,4,108,0,112,50,0,50,162
07/06/2017,BAK,IN,AGL,CE,Federal Contract Tower,0,7,16,0,23,0,0,63,34,97,0,7,79,34,120,18,0,18,138
07/07/2017,BAK,IN,AGL,CE,Federal Contract Tower,0,3,14,0,17,0,0,78,0,78,0,3,92,0,95,62,0,62,157
07/08/2017,BAK,IN,AGL,CE,Federal Contract Tower,0,0,18,0,18,0,0,181,2,183,0,0,199,2,201,4,0,4,205
07/09/2017,BAK,IN,AGL,CE,Federal Contract Tower,0,1,24,0,25,0,0,202,0,202,0,1,226,0,227,64,0,64,291
07/10/2017,BAK,IN,AGL,CE,Federal Contract Tower,0,7,6,5,18,0,0,78,0,78,0,7,84,5,96,28,0,28,124
07/11/2017,BAK,IN,AGL,CE,Federal Contract Tower,0,2,7,1,10,0,0,41,6,47,0,2,48,7,57,26,24,50,107
07/12/2017,BAK,IN,AGL,CE,Federal Contract Tower,0,3,18,5,26,0,0,193,14,207,0,3,211,19,233,46,72,118,351
07/13/2017,BAK,IN,AGL,CE,Federal Contract Tower,0,2,11,0,13,0,0,127,0,127,0,2,138,0,140,62,0,62,202
07/14/2017,BAK,IN,AGL,CE,Federal Contract Tower,0,3,12,0,15,0,0,129,4,133,0,3,141,4,148,56,0,56,204
07/15/2017,BAK,IN,AGL,CE,Federal Contract Tower,0,2,14,0,16,0,0,116,8,124,0,2,130,8,140,44,4,48,188
07/16/2017,BAK,IN,AGL,CE,Federal Contract Tower,0,2,14,0,16,0,1,153,2,156,0,3,167,2,172,24,0,24,196
07/17/2017,BAK,IN,AGL,CE,Federal Contract Tower,0,10,7,0,17,0,0,144,0,144,0,10,151,0,161,70,0,70,231
07/18/2017,BAK,IN,AGL,CE,Federal Contract Tower,0,4,18,0,22,0,0,150,8,158,0,4,168,8,180,34,8,42,222
07/19/2017,BAK,IN,AGL,CE,Federal Contract Tower,0,2,12,2,16,0,0,160,12,172,0,2,172,14,188,48,26,74,262
07/20/2017,BAK,IN,AGL,CE,Federal Contract Tower,0,2,11,0,13,0,0,178,8,186,0,2,189,8,199,76,8,84,283
07/21/2017,BAK,IN,AGL,CE,Federal Contract Tower,0,3,5,0,8,0,0,110,4,114,0,3,115,4,122,60,10,70,192
07/22/2017,BAK,IN,AGL,CE,Federal Contract Tower,0,2,25,0,27,0,0,176,12,188,0,2,201,12,215,68,0,68,283
07/23/2017,BAK,IN,AGL,CE,Federal Contract Tower,0,1,9,3,13,0,0,40,0,40,0,1,49,3,53,44,0,44,97
07/24/2017,BAK,IN,AGL,CE,Federal Contract Tower,0,2,16,2,20,0,0,70,2,72,0,2,86,4,92,10,12,22,114
07/25/2017,BAK,IN,AGL,CE,Federal Contract Tower,0,4,20,8,32,0,0,76,34,110,0,4,96,42,142,90,64,154,296
07/26/2017,BAK,IN,AGL,CE,Federal Contract Tower,0,4,15,5,24,0,0,73,36,109,0,4,88,41,133,60,62,122,255
07/27/2017,BAK,IN,AGL,CE,Federal Contract Tower,0,2,18,0,20,0,0,28,2,30,0,2,46,2,50,38,10,48,98
07/28/2017,BAK,IN,AGL,CE,Federal Contract Tower,0,3,20,2,25,0,0,44,20,64,0,3,64,22,89,16,20,36,125
07/29/2017,BAK,IN,AGL,CE,Federal Contract Tower,0,0,9,4,13,0,0,134,4,138,0,0,143,8,151,62,8,70,221
07/30/2017,BAK,IN,AGL,CE,Federal Contract Tower,0,1,13,3,17,0,0,192,0,192,0,1,205,3,209,102,0,102,311
07/31/2017,BAK,IN,AGL,CE,Federal Contract Tower,0,2,12,4,18,0,0,98,2,100,0,2,110,6,118,32,0,32,150
08/01/2017,BAK,IN,AGL,CE,Federal Contract Tower,0,2,10,8,20,0,0,74,14,88,0,2,84,22,108,68,52,120,228
08/02/2017,BAK,IN,AGL,CE,Federal Contract Tower,0,1,12,1,14,0,0,81,30,111,0,1,93,31,125,50,66,116,241
08/03/2017,BAK,IN,AGL,CE,Federal Contract Tower,0,3,9,2,14,0,0,64,12,76,0,3,73,14,90,22,46,68,158
08/04/2017,BAK,IN,AGL,CE,Federal Contract Tower,0,3,13,4,20,0,0,50,4,54,0,3,63,8,74,42,30,72,146
08/05/2017,BAK,IN,AGL,CE,Federal Contract Tower,0,0,10,5,15,0,0,162,9,171,0,0,172,14,186,202,0,202,388
08/06/2017,BAK,IN,AGL,CE,Federal Contract Tower,0,1,8,0,9,0,0,70,0,70,0,1,78,0,79,38,0,38,117
08/07/2017,BAK,IN,AGL,CE,Federal Contract Tower,0,3,7,2,12,0,0,26,0,26,0,3,33,2,38,20,0,20,58
08/08/2017,BAK,IN,AGL,CE,Federal Contract Tower,0,5,13,8,26,0,0,120,6,126,0,5,133,14,152,48,32,80,232
08/09/2017,BAK,IN,AGL,CE,Federal Contract Tower,0,3,14,2,19,0,0,90,28,118,0,3,104,30,137,36,94,130,267
08/10/2017,BAK,IN,AGL,CE,Federal Contract Tower,0,2,8,4,14,0,0,52,24,76,0,2,60,28,90,0,84,84,174
08/11/2017,BAK,IN,AGL,CE,Federal Contract Tower,0,3,11,4,18,0,0,46,11,57,0,3,57,15,75,28,20,48,123
08/12/2017,BAK,IN,AGL,CE,Federal Contract Tower,0,11,2,0,13,0,0,220,20,240,0,11,222,20,253,90,0,90,343
08/13/2017,BAK,IN,AGL,CE,Federal Contract Tower,0,1,3,0,4,0,0,78,0,78,0,1,81,0,82,8,0,8,90
08/14/2017,BAK,IN,AGL,CE,Federal Contract Tower,0,3,12,0,15,0,0,75,0,75,0,3,87,0,90,78,0,78,168
08/15/2017,BAK,IN,AGL,CE,Federal Contract Tower,0,6,11,1,18,0,0,67,3,70,0,6,78,4,88,48,52,100,188
08/16/2017,BAK,IN,AGL,CE,Federal Contract Tower,0,6,18,2,26,0,0,78,8,86,0,6,96,10,112,40,50,90,202
08/17/2017,BAK,IN,AGL,CE,Federal Contract Tower,0,6,10,0,16,0,0,26,0,26,0,6,36,0,42,20,16,36,78
08/18/2017,BAK,IN,AGL,CE,Federal Contract Tower,0,5,19,1,25,0,0,84,2,86,0,5,103,3,111,100,4,104,215
08/19/2017,BAK,IN,AGL,CE,Federal Contract Tower,0,0,10,0,10,0,0,126,2,128,0,0,136,2,138,62,12,74,212
08/20/2017,BAK,IN,AGL,CE,Federal Contract Tower,0,3,10,0,13,0,0,112,0,112,0,3,122,0,125,64,0,64,189
08/21/2017,BAK,IN,AGL,CE,Federal Contract Tower,0,2,26,2,30,0,0,88,0,88,0,2,114,2,118,72,0,72,190
08/22/2017,BAK,IN,AGL,CE,Federal Contract Tower,0,3,22,0,25,0,0,52,0,52,0,3,74,0,77,38,0,38,115
08/23/2017,BAK,IN,AGL,CE,Federal Contract Tower,0,3,7,0,10,0,0,66,12,78,0,3,73,12,88,56,50,106,194
08/24/2017,BAK,IN,AGL,CE,Federal Contract Tower,0,5,15,5,25,0,0,93,4,97,0,5,108,9,122,90,18,108,230
08/25/2017,BAK,IN,AGL,CE,Federal Contract Tower,0,2,8,0,10,0,0,95,0,95,0,2,103,0,105,98,0,98,203
08/26/2017,BAK,IN,AGL,CE,Federal Contract Tower,0,10,0,0,10,0,0,106,0,106,0,10,106,0,116,36,0,36,152
08/27/2017,BAK,IN,AGL,CE,Federal Contract Tower,0,1,3,0,4,0,0,86,0,86,0,1,89,0,90,32,0,32,122
08/28/2017,BAK,IN,AGL,CE,Federal Contract Tower,0,0,6,2,8,0,0,40,0,40,0,0,46,2,48,94,0,94,142
08/29/2017,BAK,IN,AGL,CE,Federal Contract Tower,0,5,22,1,28,0,0,15,6,21,0,5,37,7,49,42,30,72,121
08/30/2017,BAK,IN,AGL,CE,Federal Contract Tower,0,4,18,0,22,0,0,76,0,76,0,4,94,0,98,76,0,76,174
08/31/2017,BAK,IN,AGL,CE,Federal Contract Tower,0,4,17,0,21,0,0,85,0,85,0,4,102,0,106,74,0,74,180
09/01/2017,BAK,IN,AGL,CE,Federal Contract Tower,0,6,13,0,19,0,0,15,0,15,0,6,28,0,34,16,0,16,50
09/02/2017,BAK,IN,AGL,CE,Federal Contract Tower,0,2,9,0,11,0,0,38,0,38,0,2,47,0,49,12,0,12,61
09/03/2017,BAK,IN,AGL,CE,Federal Contract Tower,0,0,2,0,2,0,0,80,0,80,0,0,82,0,82,74,0,74,156
09/04/2017,BAK,IN,AGL,CE,Federal Contract Tower,0,4,13,0,17,0,0,60,0,60,0,4,73,0,77,0,0,0,77
09/05/2017,BAK,IN,AGL,CE,Federal Contract Tower,0,3,14,2,19,0,0,56,6,62,0,3,70,8,81,46,0,46,127
09/06/2017,BAK,IN,AGL,CE,Federal Contract Tower,0,2,11,0,13,0,0,58,0,58,0,2,69,0,71,18,0,18,89
09/07/2017,BAK,IN,AGL,CE,Federal Contract Tower,0,4,12,2,18,0,0,48,0,48,0,4,60,2,66,32,0,32,98
09/08/2017,BAK,IN,AGL,CE,Federal Contract Tower,0,3,9,0,12,0,0,114,0,114,0,3,123,0,126,12,0,12,138
09/09/2017,BAK,IN,AGL,CE,Federal Contract Tower,0,2,4,0,6,0,0,99,2,101,0,2,103,2,107,38,0,38,145
09/10/2017,BAK,IN,AGL,CE,Federal Contract Tower,0,1,3,0,4,0,0,69,0,69,0,1,72,0,73,56,0,56,129
09/11/2017,BAK,IN,AGL,CE,Federal Contract Tower,0,2,16,0,18,0,0,78,0,78,0,2,94,0,96,2,0,2,98
09/12/2017,BAK,IN,AGL,CE,Federal Contract Tower,0,2,9,0,11,0,0,20,2,22,0,2,29,2,33,16,0,16,49
09/13/2017,BAK,IN,AGL,CE,Federal Contract Tower,0,2,9,0,11,0,0,0,0,0,0,2,9,0,11,0,0,0,11
09/14/2017,BAK,IN,AGL,CE,Federal Contract Tower,0,2,16,6,24,0,0,22,14,36,0,2,38,20,60,8,42,50,110
09/15/2017,BAK,IN,AGL,CE,Federal Contract Tower,0,4,10,0,14,0,0,73,8,81,0,4,83,8,95,24,0,24,119
09/16/2017,BAK,IN,AGL,CE,Federal Contract Tower,0,0,10,0,10,0,0,142,12,154,0,0,152,12,164,118,0,118,282
09/17/2017,BAK,IN,AGL,CE,Federal Contract Tower,0,0,12,0,12,0,0,70,0,70,0,0,82,0,82,28,0,28,110
09/18/2017,BAK,IN,AGL,CE,Federal Contract Tower,0,1,12,4,17,0,0,62,14,76,0,1,74,18,93,52,28,80,173
09/19/2017,BAK,IN,AGL,CE,Federal Contract Tower,0,3,14,0,17,0,0,40,6,46,0,3,54,6,63,20,0,20,83
09/20/2017,BAK,IN,AGL,CE,Federal Contract Tower,0,2,21,0,23,0,0,56,0,56,0,2,77,0,79,36,0,36,115
09/21/2017,BAK,IN,AGL,CE,Federal Contract Tower,0,2,19,7,28,0,0,60,0,60,0,2,79,7,88,38,30,68,156
09/22/2017,BAK,IN,AGL,CE,Federal Contract Tower,0,4,18,0,22,0,0,59,0,59,0,4,77,0,81,58,0,58,139
09/23/2017,BAK,IN,AGL,CE,Federal Contract Tower,0,0,7,5,12,0,0,115,8,123,0,0,122,13,135,124,0,124,259
09/24/2017,BAK,IN,AGL,CE,Federal Contract Tower,0,1,14,0,15,0,0,92,0,92,0,1,106,0,107,0,0,0,107
09/25/2017,BAK,IN,AGL,CE,Federal Contract Tower,0,2,18,0,20,0,0,78,0,78,0,2,96,0,98,44,0,44,142
09/26/2017,BAK,IN,AGL,CE,Federal Contract Tower,0,3,10,1,14,0,0,63,2,65,0,3,73,3,79,12,0,12,91
09/27/2017,BAK,IN,AGL,CE,Federal Contract Tower,0,2,16,0,18,0,0,24,2,26,0,2,40,2,44,2,0,2,46
09/28/2017,BAK,IN,AGL,CE,Federal Contract Tower,0,1,9,0,10,0,0,51,12,63,0,1,60,12,73,26,32,58,131
09/29/2017,BAK,IN,AGL,CE,Federal Contract Tower,0,3,23,0,26,0,0,81,6,87,0,3,104,6,113,24,0,24,137
09/30/2017,BAK,IN,AGL,CE,Federal Contract Tower,0,0,12,0,12,0,0,178,0,178,0,0,190,0,190,16,0,16,206
10/01/2017,BAK,IN,AGL,CE,Federal Contract Tower,0,1,4,0,5,0,0,76,0,76,0,1,80,0,81,24,0,24,105
10/02/2017,BAK,IN,AGL,CE,Federal Contract Tower,0,1,15,0,16,0,0,79,4,83,0,1,94,4,99,48,10,58,157
10/03/2017,BAK,IN,AGL,CE,Federal Contract Tower,0,3,9,1,13,0,0,32,0,32,0,3,41,1,45,20,0,20,65
10/04/2017,BAK,IN,AGL,CE,Federal Contract Tower,0,2,10,0,12,0,0,56,0,56,0,2,66,0,68,52,0,52,120
10/05/2017,BAK,IN,AGL,CE,Federal Contract Tower,0,5,10,0,15,0,0,25,0,25,0,5,35,0,40,24,0,24,64
10/06/2017,BAK,IN,AGL,CE,Federal Contract Tower,0,5,12,0,17,0,0,60,0,60,0,5,72,0,77,92,0,92,169
10/07/2017,BAK,IN,AGL,CE,Federal Contract Tower,0,2,10,0,12,0,0,34,0,34,0,2,44,0,46,16,0,16,62
10/08/2017,BAK,IN,AGL,CE,Federal Contract Tower,0,1,10,0,11,0,0,40,0,40,0,1,50,0,51,12,0,12,63
10/09/2017,BAK,IN,AGL,CE,Federal Contract Tower,0,3,15,0,18,0,0,17,0,17,0,3,32,0,35,38,0,38,73
10/10/2017,BAK,IN,AGL,CE,Federal Contract Tower,0,6,17,0,23,0,0,12,0,12,0,6,29,0,35,10,0,10,45
10/11/2017,BAK,IN,AGL,CE,Federal Contract Tower,0,2,14,0,16,0,0,6,0,6,0,2,20,0,22,8,0,8,30
10/12/2017,BAK,IN,AGL,CE,Federal Contract Tower,0,2,17,1,20,0,0,13,3,16,0,2,30,4,36,44,42,86,122
10/13/2017,BAK,IN,AGL,CE,Federal Contract Tower,0,4,17,0,21,0,0,82,0,82,0,4,99,0,103,138,0,138,241
10/14/2017,BAK,IN,AGL,CE,Federal Contract Tower,0,2,9,0,11,0,0,100,0,100,0,2,109,0,111,58,0,58,169
10/15/2017,BAK,IN,AGL,CE,Federal Contract Tower,0,0,10,0,10,0,0,0,0,0,0,0,10,0,10,0,0,0,10
10/16/2017,BAK,IN,AGL,CE,Federal Contract Tower,0,2,10,0,12,0,0,88,0,88,0,2,98,0,100,124,0,124,224
10/17/2017,BAK,IN,AGL,CE,Federal Contract Tower,0,3,7,0,10,0,0,60,8,68,0,3,67,8,78,56,20,76,154
10/18/2017,BAK,IN,AGL,CE,Federal Contract Tower,0,5,8,3,16,0,0,128,24,152,0,5,136,27,168,96,88,184,352
10/19/2017,BAK,IN,AGL,CE,Federal Contract Tower,1,2,9,1,13,0,0,81,5,86,1,2,90,6,99,122,40,162,261
10/20/2017,BAK,IN,AGL,CE,Federal Contract Tower,0,3,16,0,19,0,0,56,0,56,0,3,72,0,75,118,0,118,193
10/21/2017,BAK,IN,AGL,CE,Federal Contract Tower,0,0,10,0,10,0,0,102,4,106,0,0,112,4,116,42,0,42,158
10/22/2017,BAK,IN,AGL,CE,Federal Contract Tower,1,1,5,2,9,0,0,42,4,46,1,1,47,6,55,18,0,18,73
10/23/2017,BAK,IN,AGL,CE,Federal Contract Tower,0,2,10,0,12,0,0,2,0,2,0,2,12,0,14,2,0,2,16
10/24/2017,BAK,IN,AGL,CE,Federal Contract Tower,0,2,16,2,20,0,0,18,2,20,0,2,34,4,40,36,10,46,86
10/25/2017,BAK,IN,AGL,CE,Federal Contract Tower,0,2,13,0,15,0,0,42,10,52,0,2,55,10,67,74,86,160,227
10/26/2017,BAK,IN,AGL,CE,Federal Contract Tower,0,2,13,0,15,0,0,64,0,64,0,2,77,0,79,102,0,102,181
10/27/2017,BAK,IN,AGL,CE,Federal Contract Tower,0,3,6,0,9,0,0,42,0,42,0,3,48,0,51,76,0,76,127
10/28/2017,BAK,IN,AGL,CE,Federal Contract Tower,0,0,11,0,11,0,0,71,0,71,0,0,82,0,82,40,0,40,122
10/29/2017,BAK,IN,AGL,CE,Federal Contract Tower,0,1,6,0,7,0,0,44,0,44,0,1,50,0,51,56,0,56,107
10/30/2017,BAK,IN,AGL,CE,Federal Contract Tower,0,2,6,0,8,0,0,28,0,28,0,2,34,0,36,40,0,40,76
10/31/2017,BAK,IN,AGL,CE,Federal Contract Tower,0,2,20,0,22,0,0,84,0,84,0,2,104,0,106,66,0,66,172
11/01/2017,BAK,IN,AGL,CE,Federal Contract Tower,0,2,8,0,10,0,0,0,0,0,0,2,8,0,10,0,0,0,10
11/02/2017,BAK,IN,AGL,CE,Federal Contract Tower,0,2,9,0,11,0,0,40,0,40,0,2,49,0,51,98,0,98,149
11/03/2017,BAK,IN,AGL,CE,Federal Contract Tower,0,2,9,0,11,0,0,56,32,88,0,2,65,32,99,56,0,56,155
11/04/2017,BAK,IN,AGL,CE,Federal Contract Tower,0,0,6,0,6,0,0,4,0,4,0,0,10,0,10,6,0,6,16
11/05/2017,BAK,IN,AGL,CE,Federal Contract Tower,0,0,6,0,6,0,0,2,0,2,0,0,8,0,8,0,0,0,8
11/06/2017,BAK,IN,AGL,CE,Federal Contract Tower,0,1,18,4,23,0,0,55,8,63,0,1,73,12,86,80,30,110,196
11/07/2017,BAK,IN,AGL,CE,Federal Contract Tower,0,1,14,2,17,0,0,42,12,54,0,1,56,14,71,48,40,88,159
11/08/2017,BAK,IN,AGL,CE,Federal Contract Tower,0,1,8,0,9,0,0,62,2,64,0,1,70,2,73,84,18,102,175
11/09/2017,BAK,IN,AGL,CE,Federal Contract Tower,0,2,13,1,16,0,0,76,0,76,0,2,89,1,92,138,0,138,230
11/10/2017,BAK,IN,AGL,CE,Federal Contract Tower,0,0,9,0,9,0,0,81,0,81,0,0,90,0,90,90,0,90,180
11/12/2017,BAK,IN,AGL,CE,Federal Contract Tower,0,2,4,0,6,0,0,4,0,4,0,2,8,0,10,0,0,0,10
11/13/2017,BAK,IN,AGL,CE,Federal Contract Tower,0,1,10,0,11,0,0,16,0,16,0,1,26,0,27,0,0,0,27
11/14/2017,BAK,IN,AGL,CE,Federal Contract Tower,0,6,15,0,21,0,0,53,4,57,0,6,68,4,78,32,0,32,110
11/15/2017,BAK,IN,AGL,CE,Federal Contract Tower,0,1,8,0,9,0,0,6,0,6,0,1,14,0,15,6,0,6,21
11/16/2017,BAK,IN,AGL,CE,Federal Contract Tower,0,3,19,6,28,0,0,57,12,69,0,3,76,18,97,102,26,128,225
11/17/2017,BAK,IN,AGL,CE,Federal Contract Tower,0,0,24,0,24,0,0,48,0,48,0,0,72,0,72,66,0,66,138
11/18/2017,BAK,IN,AGL,CE,Federal Contract Tower,0,3,3,0,6,0,0,0,4,4,0,3,3,4,10,0,0,0,10
11/19/2017,BAK,IN,AGL,CE,Federal Contract Tower,0,1,5,0,6,0,0,20,4,24,0,1,25,4,30,6,0,6,36
11/20/2017,BAK,IN,AGL,CE,Federal Contract Tower,0,5,13,0,18,0,0,51,6,57,0,5,64,6,75,46,0,46,121
11/21/2017,BAK,IN,AGL,CE,Federal Contract Tower,0,0,15,1,16,0,0,51,3,54,0,0,66,4,70,16,12,28,98
11/22/2017,BAK,IN,AGL,CE,Federal Contract Tower,0,0,8,1,9,0,0,91,8,99,0,0,99,9,108,72,38,110,218
11/23/2017,BAK,IN,AGL,CE,Federal Contract Tower,0,2,6,0,8,0,0,35,0,35,0,2,41,0,43,14,0,14,57
11/24/2017,BAK,IN,AGL,CE,Federal Contract Tower,0,0,5,0,5,0,0,37,0,37,0,0,42,0,42,26,0,26,68
11/25/2017,BAK,IN,AGL,CE,Federal Contract Tower,0,0,10,0,10,0,0,174,0,174,0,0,184,0,184,80,0,80,264
11/26/2017,BAK,IN,AGL,CE,Federal Contract Tower,0,0,7,0,7,0,0,99,0,99,0,0,106,0,106,94,0,94,200
11/27/2017,BAK,IN,AGL,CE,Federal Contract Tower,0,1,29,0,30,0,0,88,0,88,0,1,117,0,118,28,0,28,146
11/28/2017,BAK,IN,AGL,CE,Federal Contract Tower,0,2,8,0,10,0,0,66,2,68,0,2,74,2,78,24,0,24,102
11/29/2017,BAK,IN,AGL,CE,Federal Contract Tower,0,2,19,2,23,0,0,92,12,104,0,2,111,14,127,12,64,76,203
11/30/2017,BAK,IN,AGL,CE,Federal Contract Tower,0,1,16,3,20,0,0,50,8,58,0,1,66,11,78,70,30,100,178
12/01/2017,BAK,IN,AGL,CE,Federal Contract Tower,0,0,14,4,18,0,0,118,6,124,0,0,132,10,142,40,60,100,242
12/02/2017,BAK,IN,AGL,CE,Federal Contract Tower,0,0,14,0,14,0,0,90,0,90,0,0,104,0,104,36,0,36,140
12/03/2017,BAK,IN,AGL,CE,Federal Contract Tower,0,0,5,0,5,0,0,97,0,97,0,0,102,0,102,44,0,44,146
12/04/2017,BAK,IN,AGL,CE,Federal Contract Tower,0,0,5,9,14,0,0,26,10,36,0,0,31,19,50,6,62,68,118
12/05/2017,BAK,IN,AGL,CE,Federal Contract Tower,0,2,14,0,16,0,0,10,8,18,0,2,24,8,34,16,44,60,94
12/06/2017,BAK,IN,AGL,CE,Federal Contract Tower,0,2,8,0,10,0,0,34,6,40,0,2,42,6,50,8,20,28,78
12/07/2017,BAK,IN,AGL,CE,Federal Contract Tower,0,0,18,0,18,0,0,20,16,36,0,0,38,16,54,0,50,50,104
12/08/2017,BAK,IN,AGL,CE,Federal Contract Tower,0,2,10,0,12,0,0,54,4,58,0,2,64,4,70,32,24,56,126
12/09/2017,BAK,IN,AGL,CE,Federal Contract Tower,0,2,4,0,6,0,0,4,0,4,0,2,8,0,10,10,0,10,20
12/10/2017,BAK,IN,AGL,CE,Federal Contract Tower,0,0,10,0,10,0,0,47,0,47,0,0,57,0,57,32,0,32,89
12/11/2017,BAK,IN,AGL,CE,Federal Contract Tower,0,0,14,1,15,0,0,42,0,42,0,0,56,1,57,0,0,0,57
12/12/2017,BAK,IN,AGL,CE,Federal Contract Tower,0,0,13,2,15,0,0,28,2,30,0,0,41,4,45,28,0,28,73
12/13/2017,BAK,IN,AGL,CE,Federal Contract Tower,0,2,7,0,9,0,0,6,6,12,0,2,13,6,21,0,14,14,35
12/14/2017,BAK,IN,AGL,CE,Federal Contract Tower,0,4,10,0,14,0,0,62,4,66,0,4,72,4,80,20,12,32,112
12/15/2017,BAK,IN,AGL,CE,Federal Contract Tower,0,0,12,0,12,0,0,27,0,27,0,0,39,0,39,16,0,16,55
12/16/2017,BAK,IN,AGL,CE,Federal Contract Tower,0,0,10,0,10,0,0,64,0,64,0,0,74,0,74,32,0,32,106
12/17/2017,BAK,IN,AGL,CE,Federal Contract Tower,0,0,5,0,5,0,0,18,0,18,0,0,23,0,23,0,0,0,23
12/18/2017,BAK,IN,AGL,CE,Federal Contract Tower,0,0,18,0,18,0,0,2,0,2,0,0,20,0,20,0,0,0,20
12/19/2017,BAK,IN,AGL,CE,Federal Contract Tower,0,0,13,0,13,0,0,0,0,0,0,0,13,0,13,0,0,0,13
12/20/2017,BAK,IN,AGL,CE,Federal Contract Tower,0,4,18,0,22,0,0,116,2,118,0,4,134,2,140,62,12,74,214
12/21/2017,BAK,IN,AGL,CE,Federal Contract Tower,0,5,9,0,14,0,0,82,4,86,0,5,91,4,100,34,4,38,138
12/23/2017,BAK,IN,AGL,CE,Federal Contract Tower,2,4,2,0,8,0,0,0,0,0,2,4,2,0,8,0,0,0,8
12/24/2017,BAK,IN,AGL,CE,Federal Contract Tower,0,0,0,0,0,0,0,0,0,0,0,0,0,0,0,0,0,0,0
12/25/2017,BAK,IN,AGL,CE,Federal Contract Tower,0,0,0,0,0,0,0,4,0,4,0,0,4,0,4,10,0,10,14
12/26/2017,BAK,IN,AGL,CE,Federal Contract Tower,2,1,8,2,13,0,0,8,0,8,2,1,16,2,21,0,0,0,21
12/27/2017,BAK,IN,AGL,CE,Federal Contract Tower,0,0,12,0,12,0,0,44,0,44,0,0,56,0,56,0,0,0,56
12/28/2017,BAK,IN,AGL,CE,Federal Contract Tower,0,0,8,2,10,0,0,26,0,26,0,0,34,2,36,26,0,26,62
12/29/2017,BAK,IN,AGL,CE,Federal Contract Tower,0,0,3,0,3,0,0,6,0,6,0,0,9,0,9,0,0,0,9
12/30/2017,BAK,IN,AGL,CE,Federal Contract Tower,0,0,0,0,0,0,0,14,0,14,0,0,14,0,14,8,0,8,22
12/31/2017,BAK,IN,AGL,CE,Federal Contract Tower,0,0,0,1,1,0,0,1,0,1,0,0,1,1,2,0,0,0,2
01/01/2018,BAK,IN,AGL,CE,Federal Contract Tower,0,0,2,3,5,0,0,12,0,12,0,0,14,3,17,0,0,0,17
01/02/2018,BAK,IN,AGL,CE,Federal Contract Tower,0,0,10,0,10,0,0,25,0,25,0,0,35,0,35,24,0,24,59
01/03/2018,BAK,IN,AGL,CE,Federal Contract Tower,0,0,3,5,8,0,0,10,4,14,0,0,13,9,22,68,0,68,90
01/04/2018,BAK,IN,AGL,CE,Federal Contract Tower,0,0,14,0,14,0,0,43,2,45,0,0,57,2,59,64,2,66,125
01/05/2018,BAK,IN,AGL,CE,Federal Contract Tower,0,0,8,7,15,0,0,38,2,40,0,0,46,9,55,50,36,86,141
01/06/2018,BAK,IN,AGL,CE,Federal Contract Tower,0,0,10,0,10,0,0,30,0,30,0,0,40,0,40,54,0,54,94
01/07/2018,BAK,IN,AGL,CE,Federal Contract Tower,0,0,7,0,7,0,0,15,0,15,0,0,22,0,22,4,0,4,26
01/08/2018,BAK,IN,AGL,CE,Federal Contract Tower,0,2,8,0,10,0,0,0,0,0,0,2,8,0,10,0,0,0,10
01/09/2018,BAK,IN,AGL,CE,Federal Contract Tower,0,0,10,0,10,0,0,2,0,2,0,0,12,0,12,0,0,0,12
01/10/2018,BAK,IN,AGL,CE,Federal Contract Tower,0,1,11,0,12,0,0,40,0,40,0,1,51,0,52,42,0,42,94
01/11/2018,BAK,IN,AGL,CE,Federal Contract Tower,0,0,5,2,7,0,0,0,4,4,0,0,5,6,11,0,0,0,11
01/12/2018,BAK,IN,AGL,CE,Federal Contract Tower,0,0,1,0,1,0,0,0,0,0,0,0,1,0,1,0,0,0,1
01/13/2018,BAK,IN,AGL,CE,Federal Contract Tower,0,0,3,0,3,0,0,11,2,13,0,0,14,2,16,0,0,0,16
01/14/2018,BAK,IN,AGL,CE,Federal Contract Tower,0,0,10,0,10,0,0,16,2,18,0,0,26,2,28,0,0,0,28
01/15/2018,BAK,IN,AGL,CE,Federal Contract Tower,0,0,8,0,8,0,0,0,0,0,0,0,8,0,8,0,0,0,8
01/16/2018,BAK,IN,AGL,CE,Federal Contract Tower,0,4,11,0,15,0,0,0,0,0,0,4,11,0,15,0,0,0,15
01/17/2018,BAK,IN,AGL,CE,Federal Contract Tower,0,1,12,0,13,0,0,30,0,30,0,1,42,0,43,18,40,58,101
01/18/2018,BAK,IN,AGL,CE,Federal Contract Tower,0,2,14,2,18,0,0,74,18,92,0,2,88,20,110,24,56,80,190
01/19/2018,BAK,IN,AGL,CE,Federal Contract Tower,0,4,13,3,20,0,0,60,8,68,0,4,73,11,88,38,0,38,126
01/20/2018,BAK,IN,AGL,CE,Federal Contract Tower,0,0,9,1,10,0,0,62,0,62,0,0,71,1,72,100,0,100,172
01/21/2018,BAK,IN,AGL,CE,Federal Contract Tower,0,0,4,0,4,0,0,2,0,2,0,0,6,0,6,16,0,16,22
01/22/2018,BAK,IN,AGL,CE,Federal Contract Tower,0,0,8,0,8,0,0,4,0,4,0,0,12,0,12,0,0,0,12
01/23/2018,BAK,IN,AGL,CE,Federal Contract Tower,0,0,6,6,12,0,0,2,0,2,0,0,8,6,14,0,0,0,14
01/24/2018,BAK,IN,AGL,CE,Federal Contract Tower,0,1,8,4,13,0,0,8,18,26,0,1,16,22,39,32,126,158,197
01/25/2018,BAK,IN,AGL,CE,Federal Contract Tower,0,0,15,10,25,0,0,64,16,80,0,0,79,26,105,42,46,88,193
01/26/2018,BAK,IN,AGL,CE,Federal Contract Tower,0,1,15,0,16,0,0,72,4,76,0,1,87,4,92,18,0,18,110
01/27/2018,BAK,IN,AGL,CE,Federal Contract Tower,0,0,1,0,1,0,0,0,0,0,0,0,1,0,1,0,0,0,1
01/28/2018,BAK,IN,AGL,CE,Federal Contract Tower,0,0,16,0,16,0,0,110,2,112,0,0,126,2,128,56,0,56,184
01/29/2018,BAK,IN,AGL,CE,Federal Contract Tower,0,0,5,0,5,0,0,10,0,10,0,0,15,0,15,20,0,20,35
01/30/2018,BAK,IN,AGL,CE,Federal Contract Tower,0,0,11,0,11,0,0,64,12,76,0,0,75,12,87,8,66,74,161
01/31/2018,BAK,IN,AGL,CE,Federal Contract Tower,0,9,9,0,18,0,0,22,18,40,0,9,31,18,58,0,36,36,94
02/01/2018,BAK,IN,AGL,CE,Federal Contract Tower,0,3,10,2,15,0,0,29,9,38,0,3,39,11,53,10,6,16,69
02/02/2018,BAK,IN,AGL,CE,Federal Contract Tower,0,0,11,0,11,0,0,66,0,66,0,0,77,0,77,54,0,54,131
02/03/2018,BAK,IN,AGL,CE,Federal Contract Tower,0,0,6,0,6,0,0,32,2,34,0,0,38,2,40,0,0,0,40
02/04/2018,BAK,IN,AGL,CE,Federal Contract Tower,0,1,0,0,1,0,0,4,0,4,0,1,4,0,5,0,0,0,5
02/05/2018,BAK,IN,AGL,CE,Federal Contract Tower,0,0,10,0,10,0,0,53,4,57,0,0,63,4,67,24,0,24,91
02/06/2018,BAK,IN,AGL,CE,Federal Contract Tower,0,0,8,8,16,0,0,18,32,50,0,0,26,40,66,22,30,52,118
02/07/2018,BAK,IN,AGL,CE,Federal Contract Tower,0,2,8,2,12,0,0,48,20,68,0,2,56,22,80,10,40,50,130
02/08/2018,BAK,IN,AGL,CE,Federal Contract Tower,0,4,14,6,24,0,0,58,34,92,0,4,72,40,116,82,52,134,250
02/09/2018,BAK,IN,AGL,CE,Federal Contract Tower,0,2,21,2,25,0,0,53,24,77,0,2,74,26,102,34,0,34,136
02/10/2018,BAK,IN,AGL,CE,Federal Contract Tower,2,0,3,2,7,0,0,0,0,0,2,0,3,2,7,0,0,0,7
02/11/2018,BAK,IN,AGL,CE,Federal Contract Tower,0,0,1,0,1,0,0,0,0,0,0,0,1,0,1,0,0,0,1
02/12/2018,BAK,IN,AGL,CE,Federal Contract Tower,0,0,15,2,17,0,0,42,0,42,0,0,57,2,59,46,0,46,105
02/13/2018,BAK,IN,AGL,CE,Federal Contract Tower,0,4,14,2,20,0,0,59,10,69,0,4,73,12,89,68,34,102,191
02/14/2018,BAK,IN,AGL,CE,Federal Contract Tower,0,0,12,0,12,0,0,6,0,6,0,0,18,0,18,12,0,12,30
02/15/2018,BAK,IN,AGL,CE,Federal Contract Tower,0,2,8,7,17,0,0,17,10,27,0,2,25,17,44,42,40,82,126
02/16/2018,BAK,IN,AGL,CE,Federal Contract Tower,0,4,8,0,12,0,0,16,0,16,0,4,24,0,28,6,0,6,34
02/17/2018,BAK,IN,AGL,CE,Federal Contract Tower,0,2,2,0,4,0,0,8,0,8,0,2,10,0,12,0,0,0,12
02/18/2018,BAK,IN,AGL,CE,Federal Contract Tower,0,1,10,0,11,0,0,53,0,53,0,1,63,0,64,96,0,96,160
02/19/2018,BAK,IN,AGL,CE,Federal Contract Tower,0,2,12,0,14,0,0,0,0,0,0,2,12,0,14,0,0,0,14
02/20/2018,BAK,IN,AGL,CE,Federal Contract Tower,0,0,8,0,8,0,0,25,2,27,0,0,33,2,35,12,0,12,47
02/21/2018,BAK,IN,AGL,CE,Federal Contract Tower,0,0,10,5,15,0,0,6,4,10,0,0,16,9,25,20,6,26,51
02/22/2018,BAK,IN,AGL,CE,Federal Contract Tower,0,0,10,10,20,0,0,2,0,2,0,0,12,10,22,8,6,14,36
02/23/2018,BAK,IN,AGL,CE,Federal Contract Tower,0,2,14,2,18,0,0,12,2,14,0,2,26,4,32,40,2,42,74
02/24/2018,BAK,IN,AGL,CE,Federal Contract Tower,0,0,6,0,6,0,0,0,0,0,0,0,6,0,6,0,0,0,6
02/25/2018,BAK,IN,AGL,CE,Federal Contract Tower,0,2,16,2,20,0,0,54,0,54,0,2,70,2,74,64,0,64,138
02/26/2018,BAK,IN,AGL,CE,Federal Contract Tower,0,4,16,0,20,0,0,81,6,87,0,4,97,6,107,76,0,76,183
02/27/2018,BAK,IN,AGL,CE,Federal Contract Tower,0,0,14,3,17,0,0,114,5,119,0,0,128,8,136,76,2,78,214
02/28/2018,BAK,IN,AGL,CE,Federal Contract Tower,0,0,15,0,15,0,0,9,4,13,0,0,24,4,28,0,32,32,60
03/01/2018,BAK,IN,AGL,CE,Federal Contract Tower,0,2,10,0,12,0,0,0,0,0,0,2,10,0,12,0,0,0,12
03/02/2018,BAK,IN,AGL,CE,Federal Contract Tower,0,2,22,0,24,0,0,82,4,86,0,2,104,4,110,108,0,108,218
03/03/2018,BAK,IN,AGL,CE,Federal Contract Tower,0,2,16,1,19,0,0,106,2,108,0,2,122,3,127,34,0,34,161
03/04/2018,BAK,IN,AGL,CE,Federal Contract Tower,0,0,14,0,14,0,0,97,0,97,0,0,111,0,111,22,0,22,133
03/05/2018,BAK,IN,AGL,CE,Federal Contract Tower,0,0,7,6,13,0,0,36,2,38,0,0,43,8,51,26,40,66,117
03/06/2018,BAK,IN,AGL,CE,Federal Contract Tower,0,2,10,0,12,0,0,18,0,18,0,2,28,0,30,0,0,0,30
03/07/2018,BAK,IN,AGL,CE,Federal Contract Tower,0,0,5,1,6,0,0,30,0,30,0,0,35,1,36,30,0,30,66
03/08/2018,BAK,IN,AGL,CE,Federal Contract Tower,0,0,8,0,8,0,0,18,2,20,0,0,26,2,28,10,8,18,46
03/09/2018,BAK,IN,AGL,CE,Federal Contract Tower,0,23,1,0,24,0,0,88,48,136,0,23,89,48,160,54,0,54,214
03/10/2018,BAK,IN,AGL,CE,Federal Contract Tower,0,0,11,1,12,0,0,117,0,117,0,0,128,1,129,116,0,116,245
03/11/2018,BAK,IN,AGL,CE,Federal Contract Tower,0,0,1,0,1,0,0,34,0,34,0,0,35,0,35,24,0,24,59
03/12/2018,BAK,IN,AGL,CE,Federal Contract Tower,0,0,7,0,7,0,0,18,0,18,0,0,25,0,25,30,0,30,55
03/13/2018,BAK,IN,AGL,CE,Federal Contract Tower,0,0,6,5,11,0,0,16,4,20,0,0,22,9,31,18,22,40,71
03/14/2018,BAK,IN,AGL,CE,Federal Contract Tower,0,0,14,0,14,0,0,62,6,68,0,0,76,6,82,38,34,72,154
03/15/2018,BAK,IN,AGL,CE,Federal Contract Tower,0,2,10,8,20,0,0,88,12,100,0,2,98,20,120,52,34,86,206
03/16/2018,BAK,IN,AGL,CE,Federal Contract Tower,0,0,15,0,15,0,0,62,0,62,0,0,77,0,77,94,0,94,171
03/17/2018,BAK,IN,AGL,CE,Federal Contract Tower,0,0,5,0,5,0,0,0,0,0,0,0,5,0,5,0,0,0,5
03/18/2018,BAK,IN,AGL,CE,Federal Contract Tower,0,0,8,0,8,0,0,136,0,136,0,0,144,0,144,4,0,4,148
03/19/2018,BAK,IN,AGL,CE,Federal Contract Tower,0,2,10,0,12,0,0,53,8,61,0,2,63,8,73,14,40,54,127
03/20/2018,BAK,IN,AGL,CE,Federal Contract Tower,0,0,16,0,16,0,0,0,0,0,0,0,16,0,16,0,0,0,16
03/21/2018,BAK,IN,AGL,CE,Federal Contract Tower,0,2,14,0,16,0,0,20,0,20,0,2,34,0,36,50,0,50,86
03/22/2018,BAK,IN,AGL,CE,Federal Contract Tower,0,0,10,0,10,0,0,54,14,68,0,0,64,14,78,64,18,82,160
03/23/2018,BAK,IN,AGL,CE,Federal Contract Tower,0,0,20,4,24,0,0,58,18,76,0,0,78,22,100,120,0,120,220
03/24/2018,BAK,IN,AGL,CE,Federal Contract Tower,0,0,2,0,2,0,0,0,0,0,0,0,2,0,2,0,0,0,2
03/25/2018,BAK,IN,AGL,CE,Federal Contract Tower,0,0,6,4,10,0,0,50,10,60,0,0,56,14,70,24,4,28,98
03/26/2018,BAK,IN,AGL,CE,Federal Contract Tower,0,2,12,0,14,0,0,32,4,36,0,2,44,4,50,108,0,108,158
03/27/2018,BAK,IN,AGL,CE,Federal Contract Tower,0,0,15,2,17,0,0,0,0,0,0,0,15,2,17,0,0,0,17
03/28/2018,BAK,IN,AGL,CE,Federal Contract Tower,0,0,12,5,17,0,0,6,0,6,0,0,18,5,23,0,0,0,23
03/29/2018,BAK,IN,AGL,CE,Federal Contract Tower,0,0,12,2,14,0,0,0,0,0,0,0,12,2,14,0,0,0,14
03/30/2018,BAK,IN,AGL,CE,Federal Contract Tower,0,1,4,0,5,0,0,72,12,84,0,1,76,12,89,124,0,124,213
03/31/2018,BAK,IN,AGL,CE,Federal Contract Tower,0,0,8,0,8,0,0,35,4,39,0,0,43,4,47,10,0,10,57
04/01/2018,BAK,IN,AGL,CE,Federal Contract Tower,0,0,3,0,3,0,0,23,0,23,0,0,26,0,26,8,0,8,34
04/02/2018,BAK,IN,AGL,CE,Federal Contract Tower,0,2,9,1,12,0,0,42,4,46,0,2,51,5,58,74,2,76,134
04/03/2018,BAK,IN,AGL,CE,Federal Contract Tower,0,0,6,2,8,0,0,20,8,28,0,0,26,10,36,44,0,44,80
04/04/2018,BAK,IN,AGL,CE,Federal Contract Tower,0,2,11,0,13,0,0,27,54,81,0,2,38,54,94,46,50,96,190
04/05/2018,BAK,IN,AGL,CE,Federal Contract Tower,0,0,18,1,19,0,0,98,18,116,0,0,116,19,135,56,14,70,205
04/06/2018,BAK,IN,AGL,CE,Federal Contract Tower,2,0,18,1,21,0,0,46,18,64,2,0,64,19,85,16,0,16,101
04/07/2018,BAK,IN,AGL,CE,Federal Contract Tower,0,0,8,0,8,0,0,73,0,73,0,0,81,0,81,108,0,108,189
04/08/2018,BAK,IN,AGL,CE,Federal Contract Tower,0,0,5,0,5,0,0,84,0,84,0,0,89,0,89,48,0,48,137
04/09/2018,BAK,IN,AGL,CE,Federal Contract Tower,0,0,8,0,8,0,0,18,0,18,0,0,26,0,26,26,0,26,52
04/10/2018,BAK,IN,AGL,CE,Federal Contract Tower,0,0,10,2,12,0,0,70,18,88,0,0,80,20,100,70,56,126,226
04/11/2018,BAK,IN,AGL,CE,Federal Contract Tower,0,0,14,1,15,0,0,60,16,76,0,0,74,17,91,86,36,122,213
04/12/2018,BAK,IN,AGL,CE,Federal Contract Tower,0,4,18,4,26,0,0,26,8,34,0,4,44,12,60,34,44,78,138
04/13/2018,BAK,IN,AGL,CE,Federal Contract Tower,0,2,14,0,16,0,0,20,12,32,0,2,34,12,48,18,0,18,66
04/14/2018,BAK,IN,AGL,CE,Federal Contract Tower,0,0,3,2,5,0,0,23,0,23,0,0,26,2,28,20,0,20,48
04/15/2018,BAK,IN,AGL,CE,Federal Contract Tower,0,0,11,2,13,0,0,7,0,7,0,0,18,2,20,0,0,0,20
04/16/2018,BAK,IN,AGL,CE,Federal Contract Tower,0,0,6,0,6,0,0,6,0,6,0,0,12,0,12,30,0,30,42
04/17/2018,BAK,IN,AGL,CE,Federal Contract Tower,0,2,22,0,24,0,0,42,0,42,0,2,64,0,66,126,0,126,192
04/18/2018,BAK,IN,AGL,CE,Federal Contract Tower,0,1,17,3,21,0,0,68,24,92,0,1,85,27,113,62,44,106,219
04/19/2018,BAK,IN,AGL,CE,Federal Contract Tower,0,1,23,4,28,0,0,67,10,77,0,1,90,14,105,84,50,134,239
04/20/2018,BAK,IN,AGL,CE,Federal Contract Tower,0,3,18,0,21,0,0,147,8,155,0,3,165,8,176,148,0,148,324
04/21/2018,BAK,IN,AGL,CE,Federal Contract Tower,0,0,13,0,13,0,0,122,8,130,0,0,135,8,143,60,0,60,203
04/22/2018,BAK,IN,AGL,CE,Federal Contract Tower,0,1,11,0,12,0,0,122,6,128,0,1,133,6,140,18,0,18,158
04/23/2018,BAK,IN,AGL,CE,Federal Contract Tower,0,2,7,0,9,0,0,4,0,4,0,2,11,0,13,0,0,0,13
04/24/2018,BAK,IN,AGL,CE,Federal Contract Tower,0,4,19,0,23,0,0,12,10,22,0,4,31,10,45,14,8,22,67
04/25/2018,BAK,IN,AGL,CE,Federal Contract Tower,0,4,15,0,19,0,0,66,6,72,0,4,81,6,91,98,34,132,223
04/26/2018,BAK,IN,AGL,CE,Federal Contract Tower,0,4,14,0,18,0,0,54,0,54,0,4,68,0,72,82,0,82,154
04/27/2018,BAK,IN,AGL,CE,Federal Contract Tower,0,5,23,0,28,0,0,54,0,54,0,5,77,0,82,54,0,54,136
04/28/2018,BAK,IN,AGL,CE,Federal Contract Tower,0,0,4,0,4,0,0,42,0,42,0,0,46,0,46,50,0,50,96
04/29/2018,BAK,IN,AGL,CE,Federal Contract Tower,0,0,12,0,12,0,0,0,0,0,0,0,12,0,12,34,0,34,46
04/30/2018,BAK,IN,AGL,CE,Federal Contract Tower,0,0,9,0,9,0,0,81,0,81,0,0,90,0,90,120,0,120,210
05/01/2018,BAK,IN,AGL,CE,Federal Contract Tower,0,5,22,0,27,0,0,79,2,81,0,5,101,2,108,54,0,54,162
05/02/2018,BAK,IN,AGL,CE,Federal Contract Tower,0,2,19,0,21,0,0,48,0,48,0,2,67,0,69,28,0,28,97
05/03/2018,BAK,IN,AGL,CE,Federal Contract Tower,0,2,8,0,10,0,0,4,0,4,0,2,12,0,14,34,0,34,48
05/04/2018,BAK,IN,AGL,CE,Federal Contract Tower,0,4,7,0,11,0,0,31,0,31,0,4,38,0,42,42,0,42,84
05/05/2018,BAK,IN,AGL,CE,Federal Contract Tower,0,0,8,4,12,0,0,72,0,72,0,0,80,4,84,82,0,82,166
05/06/2018,BAK,IN,AGL,CE,Federal Contract Tower,0,0,10,0,10,0,0,66,0,66,0,0,76,0,76,22,0,22,98
05/07/2018,BAK,IN,AGL,CE,Federal Contract Tower,0,1,12,0,13,0,0,61,2,63,0,1,73,2,76,52,0,52,128
05/08/2018,BAK,IN,AGL,CE,Federal Contract Tower,0,6,10,0,16,0,0,92,0,92,0,6,102,0,108,44,0,44,152
05/09/2018,BAK,IN,AGL,CE,Federal Contract Tower,0,4,15,0,19,0,0,56,4,60,0,4,71,4,79,32,0,32,111
05/10/2018,BAK,IN,AGL,CE,Federal Contract Tower,0,3,8,2,13,0,0,46,0,46,0,3,54,2,59,38,0,38,97
05/11/2018,BAK,IN,AGL,CE,Federal Contract Tower,0,3,11,0,14,0,0,44,0,44,0,3,55,0,58,44,0,44,102
05/12/2018,BAK,IN,AGL,CE,Federal Contract Tower,0,0,8,0,8,0,0,102,0,102,0,0,110,0,110,32,0,32,142
05/13/2018,BAK,IN,AGL,CE,Federal Contract Tower,0,0,8,0,8,0,0,42,0,42,0,0,50,0,50,38,0,38,88
05/14/2018,BAK,IN,AGL,CE,Federal Contract Tower,0,4,9,2,15,0,0,54,0,54,0,4,63,2,69,42,0,42,111
05/15/2018,BAK,IN,AGL,CE,Federal Contract Tower,0,2,15,2,19,0,0,42,0,42,0,2,57,2,61,34,0,34,95
05/16/2018,BAK,IN,AGL,CE,Federal Contract Tower,0,9,8,0,17,0,0,40,0,40,0,9,48,0,57,40,0,40,97
05/17/2018,BAK,IN,AGL,CE,Federal Contract Tower,0,2,16,0,18,0,0,65,2,67,0,2,81,2,85,54,0,54,139
05/18/2018,BAK,IN,AGL,CE,Federal Contract Tower,0,5,10,5,20,0,0,31,5,36,0,5,41,10,56,16,12,28,84
05/19/2018,BAK,IN,AGL,CE,Federal Contract Tower,0,0,11,2,13,0,0,46,0,46,0,0,57,2,59,22,0,22,81
05/20/2018,BAK,IN,AGL,CE,Federal Contract Tower,0,0,12,0,12,0,0,75,0,75,0,0,87,0,87,60,0,60,147
05/21/2018,BAK,IN,AGL,CE,Federal Contract Tower,0,2,11,0,13,0,0,26,0,26,0,2,37,0,39,26,0,26,65
05/22/2018,BAK,IN,AGL,CE,Federal Contract Tower,0,1,9,0,10,0,0,48,0,48,0,1,57,0,58,36,0,36,94
05/23/2018,BAK,IN,AGL,CE,Federal Contract Tower,0,4,14,0,18,0,0,71,2,73,0,4,85,2,91,104,0,104,195
05/24/2018,BAK,IN,AGL,CE,Federal Contract Tower,0,3,13,0,16,0,0,78,4,82,0,3,91,4,98,56,38,94,192
05/25/2018,BAK,IN,AGL,CE,Federal Contract Tower,0,2,13,2,17,0,0,94,0,94,0,2,107,2,111,94,0,94,205
05/26/2018,BAK,IN,AGL,CE,Federal Contract Tower,0,0,4,0,4,0,0,67,0,67,0,0,71,0,71,32,0,32,103
05/27/2018,BAK,IN,AGL,CE,Federal Contract Tower,0,0,9,2,11,0,0,35,0,35,0,0,44,2,46,0,0,0,46
05/28/2018,BAK,IN,AGL,CE,Federal Contract Tower,0,0,13,0,13,0,0,110,0,110,0,0,123,0,123,60,0,60,183
05/29/2018,BAK,IN,AGL,CE,Federal Contract Tower,0,2,12,2,16,0,0,76,0,76,0,2,88,2,92,64,0,64,156
05/30/2018,BAK,IN,AGL,CE,Federal Contract Tower,0,2,10,5,17,0,0,4,6,10,0,2,14,11,27,0,16,16,43
05/31/2018,BAK,IN,AGL,CE,Federal Contract Tower,0,2,14,4,20,0,0,42,14,56,0,2,56,18,76,10,22,32,108
06/01/2018,BAK,IN,AGL,CE,Federal Contract Tower,0,5,15,0,20,0,0,61,4,65,0,5,76,4,85,48,6,54,139
06/02/2018,BAK,IN,AGL,CE,Federal Contract Tower,0,3,14,5,22,0,0,91,9,100,0,3,105,14,122,76,2,78,200
06/03/2018,BAK,IN,AGL,CE,Federal Contract Tower,0,3,6,0,9,0,0,40,8,48,0,3,46,8,57,16,0,16,73
06/04/2018,BAK,IN,AGL,CE,Federal Contract Tower,0,5,4,7,16,0,0,88,7,95,0,5,92,14,111,56,32,88,199
06/05/2018,BAK,IN,AGL,CE,Federal Contract Tower,0,5,15,2,22,0,0,56,18,74,0,5,71,20,96,96,0,96,192
06/06/2018,BAK,IN,AGL,CE,Federal Contract Tower,0,2,14,7,23,0,0,83,15,98,0,2,97,22,121,138,4,142,263
06/07/2018,BAK,IN,AGL,CE,Federal Contract Tower,0,3,24,2,29,0,0,109,26,135,0,3,133,28,164,102,30,132,296
06/08/2018,BAK,IN,AGL,CE,Federal Contract Tower,0,7,16,3,26,0,0,152,46,198,0,7,168,49,224,98,4,102,326
06/09/2018,BAK,IN,AGL,CE,Federal Contract Tower,0,2,8,4,14,0,0,348,0,348,0,2,356,4,362,120,0,120,482
06/10/2018,BAK,IN,AGL,CE,Federal Contract Tower,0,0,4,2,6,0,0,18,0,18,0,0,22,2,24,0,0,0,24
06/11/2018,BAK,IN,AGL,CE,Federal Contract Tower,0,3,8,0,11,0,0,6,0,6,0,3,14,0,17,0,0,0,17
06/12/2018,BAK,IN,AGL,CE,Federal Contract Tower,0,4,6,0,10,0,0,48,6,54,0,4,54,6,64,46,36,82,146
06/13/2018,BAK,IN,AGL,CE,Federal Contract Tower,0,2,14,0,16,0,0,22,6,28,0,2,36,6,44,12,28,40,84
06/14/2018,BAK,IN,AGL,CE,Federal Contract Tower,0,1,11,5,17,0,0,146,6,152,0,1,157,11,169,64,0,64,233
06/15/2018,BAK,IN,AGL,CE,Federal Contract Tower,0,3,11,7,21,0,0,93,3,96,0,3,104,10,117,54,8,62,179
06/16/2018,BAK,IN,AGL,CE,Federal Contract Tower,0,0,7,0,7,0,0,104,0,104,0,0,111,0,111,0,0,0,111
06/17/2018,BAK,IN,AGL,CE,Federal Contract Tower,0,6,13,0,19,0,0,120,0,120,0,6,133,0,139,0,0,0,139
06/18/2018,BAK,IN,AGL,CE,Federal Contract Tower,0,2,17,0,19,0,0,94,0,94,0,2,111,0,113,138,0,138,251
06/19/2018,BAK,IN,AGL,CE,Federal Contract Tower,0,4,14,0,18,0,0,78,2,80,0,4,92,2,98,50,0,50,148
06/20/2018,BAK,IN,AGL,CE,Federal Contract Tower,0,4,14,4,22,0,0,78,16,94,0,4,92,20,116,48,16,64,180
06/21/2018,BAK,IN,AGL,CE,Federal Contract Tower,0,3,15,5,23,0,0,23,11,34,0,3,38,16,57,48,8,56,113
06/22/2018,BAK,IN,AGL,CE,Federal Contract Tower,0,3,14,0,17,0,0,25,0,25,0,3,39,0,42,28,0,28,70
06/23/2018,BAK,IN,AGL,CE,Federal Contract Tower,0,0,14,0,14,0,0,63,0,63,0,0,77,0,77,28,0,28,105
06/24/2018,BAK,IN,AGL,CE,Federal Contract Tower,0,1,15,0,16,0,0,150,0,150,0,1,165,0,166,82,0,82,248
06/25/2018,BAK,IN,AGL,CE,Federal Contract Tower,0,3,15,0,18,0,0,48,0,48,0,3,63,0,66,56,0,56,122
06/26/2018,BAK,IN,AGL,CE,Federal Contract Tower,0,4,10,0,14,0,0,10,0,10,0,4,20,0,24,20,0,20,44
06/27/2018,BAK,IN,AGL,CE,Federal Contract Tower,0,2,14,0,16,0,0,44,0,44,0,2,58,0,60,62,0,62,122
06/28/2018,BAK,IN,AGL,CE,Federal Contract Tower,0,2,15,0,17,0,0,90,0,90,0,2,105,0,107,92,0,92,199
06/29/2018,BAK,IN,AGL,CE,Federal Contract Tower,0,5,19,0,24,0,0,92,0,92,0,5,111,0,116,90,0,90,206
06/30/2018,BAK,IN,AGL,CE,Federal Contract Tower,0,0,22,0,22,0,0,151,0,151,0,0,173,0,173,112,0,112,285
07/01/2018,BAK,IN,AGL,CE,Federal Contract Tower,0,1,8,0,9,0,0,79,0,79,0,1,87,0,88,16,0,16,104
07/02/2018,BAK,IN,AGL,CE,Federal Contract Tower,0,2,4,0,6,0,0,50,0,50,0,2,54,0,56,12,0,12,68
07/03/2018,BAK,IN,AGL,CE,Federal Contract Tower,0,2,7,0,9,0,0,64,0,64,0,2,71,0,73,78,0,78,151
07/04/2018,BAK,IN,AGL,CE,Federal Contract Tower,0,1,5,0,6,0,0,56,0,56,0,1,61,0,62,70,0,70,132
07/05/2018,BAK,IN,AGL,CE,Federal Contract Tower,0,1,14,0,15,0,0,67,0,67,0,1,81,0,82,58,0,58,140
07/06/2018,BAK,IN,AGL,CE,Federal Contract Tower,0,2,11,0,13,0,0,64,0,64,0,2,75,0,77,74,0,74,151
07/07/2018,BAK,IN,AGL,CE,Federal Contract Tower,0,0,8,0,8,0,0,122,0,122,0,0,130,0,130,94,0,94,224
07/08/2018,BAK,IN,AGL,CE,Federal Contract Tower,0,1,17,3,21,0,0,154,0,154,0,1,171,3,175,48,0,48,223
07/09/2018,BAK,IN,AGL,CE,Federal Contract Tower,0,4,24,0,28,0,0,94,2,96,0,4,118,2,124,28,2,30,154
07/10/2018,BAK,IN,AGL,CE,Federal Contract Tower,0,2,17,0,19,0,0,158,0,158,0,2,175,0,177,82,0,82,259
07/11/2018,BAK,IN,AGL,CE,Federal Contract Tower,0,6,26,0,32,0,0,102,0,102,0,6,128,0,134,88,0,88,222
07/12/2018,BAK,IN,AGL,CE,Federal Contract Tower,0,2,10,0,12,0,0,123,0,123,0,2,133,0,135,86,0,86,221
07/13/2018,BAK,IN,AGL,CE,Federal Contract Tower,0,5,12,0,17,0,0,102,0,102,0,5,114,0,119,114,0,114,233
07/14/2018,BAK,IN,AGL,CE,Federal Contract Tower,0,0,4,0,4,0,0,105,14,119,0,0,109,14,123,164,0,164,287
07/15/2018,BAK,IN,AGL,CE,Federal Contract Tower,0,2,12,0,14,0,0,100,2,102,0,2,112,2,116,82,0,82,198
07/16/2018,BAK,IN,AGL,CE,Federal Contract Tower,0,3,11,0,14,0,0,53,12,65,0,3,64,12,79,82,36,118,197
07/17/2018,BAK,IN,AGL,CE,Federal Contract Tower,0,2,8,3,13,0,0,186,6,192,0,2,194,9,205,108,34,142,347
07/18/2018,BAK,IN,AGL,CE,Federal Contract Tower,0,4,3,1,8,0,0,194,12,206,0,4,197,13,214,84,0,84,298
07/19/2018,BAK,IN,AGL,CE,Federal Contract Tower,0,1,10,4,15,0,0,153,2,155,0,1,163,6,170,142,10,152,322
07/20/2018,BAK,IN,AGL,CE,Federal Contract Tower,0,2,15,1,18,0,0,35,4,39,0,2,50,5,57,0,22,22,79
07/21/2018,BAK,IN,AGL,CE,Federal Contract Tower,0,0,8,0,8,0,0,2,0,2,0,0,10,0,10,0,0,0,10
07/22/2018,BAK,IN,AGL,CE,Federal Contract Tower,0,2,10,0,12,0,0,24,0,24,0,2,34,0,36,22,0,22,58
07/23/2018,BAK,IN,AGL,CE,Federal Contract Tower,0,2,10,2,14,0,0,122,12,134,0,2,132,14,148,98,44,142,290
07/24/2018,BAK,IN,AGL,CE,Federal Contract Tower,0,2,18,0,20,0,0,128,2,130,0,2,146,2,150,32,12,44,194
07/25/2018,BAK,IN,AGL,CE,Federal Contract Tower,0,3,13,2,18,0,0,164,4,168,0,3,177,6,186,52,0,52,238
07/26/2018,BAK,IN,AGL,CE,Federal Contract Tower,0,9,18,2,29,0,0,202,24,226,0,9,220,26,255,38,22,60,315
07/27/2018,BAK,IN,AGL,CE,Federal Contract Tower,0,2,37,2,41,0,0,190,7,197,0,2,227,9,238,160,0,160,398
07/28/2018,BAK,IN,AGL,CE,Federal Contract Tower,0,0,14,0,14,0,0,216,0,216,0,0,230,0,230,160,0,160,390
07/29/2018,BAK,IN,AGL,CE,Federal Contract Tower,0,2,24,0,26,0,0,80,0,80,0,2,104,0,106,50,0,50,156
07/30/2018,BAK,IN,AGL,CE,Federal Contract Tower,0,2,7,0,9,0,0,10,0,10,0,2,17,0,19,28,0,28,47
07/31/2018,BAK,IN,AGL,CE,Federal Contract Tower,0,3,4,0,7,0,0,6,8,14,0,3,10,8,21,0,42,42,63
08/01/2018,BAK,IN,AGL,CE,Federal Contract Tower,0,1,13,2,16,0,0,87,8,95,0,1,100,10,111,172,26,198,309
08/02/2018,BAK,IN,AGL,CE,Federal Contract Tower,0,2,17,1,20,0,0,62,2,64,0,2,79,3,84,50,0,50,134
08/03/2018,BAK,IN,AGL,CE,Federal Contract Tower,0,1,9,0,10,0,0,57,2,59,0,1,66,2,69,72,0,72,141
08/04/2018,BAK,IN,AGL,CE,Federal Contract Tower,0,0,5,0,5,0,0,98,4,102,0,0,103,4,107,74,0,74,181
08/05/2018,BAK,IN,AGL,CE,Federal Contract Tower,0,0,5,0,5,0,0,72,0,72,0,0,77,0,77,62,0,62,139
08/06/2018,BAK,IN,AGL,CE,Federal Contract Tower,0,4,10,0,14,0,0,72,10,82,0,4,82,10,96,28,0,28,124
08/07/2018,BAK,IN,AGL,CE,Federal Contract Tower,0,3,11,0,14,0,0,30,8,38,0,3,41,8,52,30,30,60,112
08/08/2018,BAK,IN,AGL,CE,Federal Contract Tower,0,6,15,4,25,0,0,41,6,47,0,6,56,10,72,88,24,112,184
08/09/2018,BAK,IN,AGL,CE,Federal Contract Tower,0,8,10,4,22,0,0,62,10,72,0,8,72,14,94,34,32,66,160
08/10/2018,BAK,IN,AGL,CE,Federal Contract Tower,0,4,8,0,12,0,0,46,0,46,0,4,54,0,58,22,0,22,80
08/11/2018,BAK,IN,AGL,CE,Federal Contract Tower,0,0,7,0,7,0,0,75,0,75,0,0,82,0,82,132,0,132,214
08/12/2018,BAK,IN,AGL,CE,Federal Contract Tower,0,1,5,0,6,0,0,83,0,83,0,1,88,0,89,78,0,78,167
08/13/2018,BAK,IN,AGL,CE,Federal Contract Tower,0,2,12,3,17,0,0,82,14,96,0,2,94,17,113,30,74,104,217
08/14/2018,BAK,IN,AGL,CE,Federal Contract Tower,0,2,10,1,13,0,0,102,0,102,0,2,112,1,115,40,0,40,155
08/15/2018,BAK,IN,AGL,CE,Federal Contract Tower,0,2,12,0,14,0,0,30,0,30,0,2,42,0,44,0,0,0,44
08/16/2018,BAK,IN,AGL,CE,Federal Contract Tower,0,6,12,2,20,0,0,2,4,6,0,6,14,6,26,0,16,16,42
08/17/2018,BAK,IN,AGL,CE,Federal Contract Tower,0,2,10,0,12,0,0,10,8,18,0,2,20,8,30,6,0,6,36
08/18/2018,BAK,IN,AGL,CE,Federal Contract Tower,0,0,12,2,14,0,0,45,8,53,0,0,57,10,67,38,0,38,105
08/19/2018,BAK,IN,AGL,CE,Federal Contract Tower,0,0,5,0,5,0,0,85,0,85,0,0,90,0,90,78,0,78,168
08/20/2018,BAK,IN,AGL,CE,Federal Contract Tower,0,2,3,4,9,0,0,18,0,18,0,2,21,4,27,0,0,0,27
08/21/2018,BAK,IN,AGL,CE,Federal Contract Tower,0,5,14,2,21,0,0,12,8,20,0,5,26,10,41,30,0,30,71
08/22/2018,BAK,IN,AGL,CE,Federal Contract Tower,0,2,18,0,20,0,0,89,0,89,0,2,107,0,109,104,4,108,217
08/23/2018,BAK,IN,AGL,CE,Federal Contract Tower,0,2,16,2,20,0,0,114,14,128,0,2,130,16,148,58,26,84,232
08/24/2018,BAK,IN,AGL,CE,Federal Contract Tower,0,4,20,2,26,0,0,59,0,59,0,4,79,2,85,52,0,52,137
08/25/2018,BAK,IN,AGL,CE,Federal Contract Tower,0,1,4,0,5,0,0,8,0,8,0,1,12,0,13,0,0,0,13
08/26/2018,BAK,IN,AGL,CE,Federal Contract Tower,0,2,5,0,7,0,0,100,0,100,0,2,105,0,107,66,0,66,173
08/27/2018,BAK,IN,AGL,CE,Federal Contract Tower,0,3,12,0,15,0,1,71,2,74,0,4,83,2,89,68,0,68,157
08/28/2018,BAK,IN,AGL,CE,Federal Contract Tower,0,2,9,0,11,0,0,58,0,58,0,2,67,0,69,56,0,56,125
08/29/2018,BAK,IN,AGL,CE,Federal Contract Tower,0,8,10,0,18,0,0,28,0,28,0,8,38,0,46,22,0,22,68
08/30/2018,BAK,IN,AGL,CE,Federal Contract Tower,0,3,8,0,11,0,0,78,0,78,0,3,86,0,89,32,0,32,121
08/31/2018,BAK,IN,AGL,CE,Federal Contract Tower,0,5,11,0,16,0,0,53,0,53,0,5,64,0,69,40,0,40,109
09/01/2018,BAK,IN,AGL,CE,Federal Contract Tower,0,0,11,0,11,0,0,72,0,72,0,0,83,0,83,48,0,48,131
09/02/2018,BAK,IN,AGL,CE,Federal Contract Tower,0,0,2,0,2,0,0,56,0,56,0,0,58,0,58,32,0,32,90
09/03/2018,BAK,IN,AGL,CE,Federal Contract Tower,0,2,9,0,11,0,0,133,0,133,0,2,142,0,144,44,0,44,188
09/04/2018,BAK,IN,AGL,CE,Federal Contract Tower,0,4,4,1,9,0,0,69,2,71,0,4,73,3,80,60,2,62,142
09/05/2018,BAK,IN,AGL,CE,Federal Contract Tower,0,4,16,0,20,0,0,52,16,68,0,4,68,16,88,40,48,88,176
09/06/2018,BAK,IN,AGL,CE,Federal Contract Tower,0,2,12,0,14,0,0,38,24,62,0,2,50,24,76,6,50,56,132
09/07/2018,BAK,IN,AGL,CE,Federal Contract Tower,2,3,11,0,16,0,0,0,2,2,2,3,11,2,18,0,0,0,18
09/08/2018,BAK,IN,AGL,CE,Federal Contract Tower,0,0,0,0,0,0,0,0,0,0,0,0,0,0,0,0,0,0,0
09/09/2018,BAK,IN,AGL,CE,Federal Contract Tower,0,1,4,0,5,0,0,0,0,0,0,1,4,0,5,0,0,0,5
09/10/2018,BAK,IN,AGL,CE,Federal Contract Tower,0,3,14,0,17,0,0,24,0,24,0,3,38,0,41,12,0,12,53
09/11/2018,BAK,IN,AGL,CE,Federal Contract Tower,0,1,13,2,16,0,0,59,48,107,0,1,72,50,123,32,56,88,211
09/12/2018,BAK,IN,AGL,CE,Federal Contract Tower,0,2,14,2,18,0,0,66,20,86,0,2,80,22,104,26,60,86,190
09/13/2018,BAK,IN,AGL,CE,Federal Contract Tower,0,3,16,0,19,0,0,80,14,94,0,3,96,14,113,68,24,92,205
09/14/2018,BAK,IN,AGL,CE,Federal Contract Tower,0,3,13,1,17,0,0,113,16,129,0,3,126,17,146,58,42,100,246
09/15/2018,BAK,IN,AGL,CE,Federal Contract Tower,0,0,5,0,5,0,0,120,24,144,0,0,125,24,149,56,66,122,271
09/16/2018,BAK,IN,AGL,CE,Federal Contract Tower,0,0,10,0,10,0,0,54,0,54,0,0,64,0,64,72,0,72,136
09/17/2018,BAK,IN,AGL,CE,Federal Contract Tower,0,2,8,2,12,0,0,74,14,88,0,2,82,16,100,6,68,74,174
09/18/2018,BAK,IN,AGL,CE,Federal Contract Tower,1,2,11,0,14,0,0,59,0,59,1,2,70,0,73,84,0,84,157
09/19/2018,BAK,IN,AGL,CE,Federal Contract Tower,0,4,7,1,12,0,0,115,6,121,0,4,122,7,133,108,0,108,241
09/20/2018,BAK,IN,AGL,CE,Federal Contract Tower,0,5,8,0,13,0,0,74,4,78,0,5,82,4,91,28,0,28,119
09/21/2018,BAK,IN,AGL,CE,Federal Contract Tower,0,2,14,0,16,0,0,82,4,86,0,2,96,4,102,30,0,30,132
09/22/2018,BAK,IN,AGL,CE,Federal Contract Tower,0,0,11,2,13,0,0,89,0,89,0,0,100,2,102,40,0,40,142
09/23/2018,BAK,IN,AGL,CE,Federal Contract Tower,0,0,6,2,8,0,0,120,0,120,0,0,126,2,128,66,0,66,194
09/24/2018,BAK,IN,AGL,CE,Federal Contract Tower,0,1,7,0,8,0,0,0,0,0,0,1,7,0,8,0,0,0,8
09/25/2018,BAK,IN,AGL,CE,Federal Contract Tower,0,2,21,0,23,0,0,3,0,3,0,2,24,0,26,0,0,0,26
09/26/2018,BAK,IN,AGL,CE,Federal Contract Tower,0,3,15,0,18,0,0,73,0,73,0,3,88,0,91,156,0,156,247
09/27/2018,BAK,IN,AGL,CE,Federal Contract Tower,0,3,18,0,21,0,0,65,8,73,0,3,83,8,94,108,22,130,224
09/28/2018,BAK,IN,AGL,CE,Federal Contract Tower,0,3,16,2,21,0,0,78,0,78,0,3,94,2,99,68,0,68,167
09/29/2018,BAK,IN,AGL,CE,Federal Contract Tower,0,0,5,0,5,0,0,124,0,124,0,0,129,0,129,62,0,62,191
09/30/2018,BAK,IN,AGL,CE,Federal Contract Tower,0,1,4,0,5,0,0,99,0,99,0,1,103,0,104,44,0,44,148
10/01/2018,BAK,IN,AGL,CE,Federal Contract Tower,0,2,14,4,20,0,0,96,2,98,0,2,110,6,118,28,0,28,146
10/02/2018,BAK,IN,AGL,CE,Federal Contract Tower,0,2,12,4,18,0,0,80,4,84,0,2,92,8,102,70,0,70,172
10/03/2018,BAK,IN,AGL,CE,Federal Contract Tower,0,1,16,1,18,0,0,69,0,69,0,1,85,1,87,114,0,114,201
10/04/2018,BAK,IN,AGL,CE,Federal Contract Tower,0,2,11,3,16,0,0,24,11,35,0,2,35,14,51,0,20,20,71
10/05/2018,BAK,IN,AGL,CE,Federal Contract Tower,0,5,13,2,20,0,0,20,2,22,0,5,33,4,42,24,0,24,66
10/06/2018,BAK,IN,AGL,CE,Federal Contract Tower,0,2,17,2,21,0,0,96,2,98,0,2,113,4,119,68,6,74,193
10/07/2018,BAK,IN,AGL,CE,Federal Contract Tower,0,2,20,0,22,0,0,94,0,94,0,2,114,0,116,34,0,34,150
10/08/2018,BAK,IN,AGL,CE,Federal Contract Tower,0,2,12,0,14,0,0,113,0,113,0,2,125,0,127,122,0,122,249
10/09/2018,BAK,IN,AGL,CE,Federal Contract Tower,0,3,11,0,14,0,0,95,13,108,0,3,106,13,122,104,0,104,226
10/10/2018,BAK,IN,AGL,CE,Federal Contract Tower,0,7,13,0,20,0,0,8,14,22,0,7,21,14,42,40,30,70,112
10/11/2018,BAK,IN,AGL,CE,Federal Contract Tower,0,3,11,0,14,0,0,49,12,61,0,3,60,12,75,182,16,198,273
10/12/2018,BAK,IN,AGL,CE,Federal Contract Tower,0,7,16,2,25,0,0,68,6,74,0,7,84,8,99,166,58,224,323
10/13/2018,BAK,IN,AGL,CE,Federal Contract Tower,0,0,10,2,12,0,0,108,4,112,0,0,118,6,124,64,0,64,188
10/14/2018,BAK,IN,AGL,CE,Federal Contract Tower,0,4,14,0,18,0,0,6,0,6,0,4,20,0,24,0,0,0,24
10/15/2018,BAK,IN,AGL,CE,Federal Contract Tower,0,4,12,10,26,0,0,23,12,35,0,4,35,22,61,54,44,98,159
10/16/2018,BAK,IN,AGL,CE,Federal Contract Tower,2,2,5,0,9,0,0,88,12,100,2,2,93,12,109,176,62,238,347
10/17/2018,BAK,IN,AGL,CE,Federal Contract Tower,0,2,8,2,12,0,0,66,18,84,0,2,74,20,96,146,34,180,276
10/18/2018,BAK,IN,AGL,CE,Federal Contract Tower,0,2,11,2,15,0,0,82,22,104,0,2,93,24,119,122,22,144,263
10/19/2018,BAK,IN,AGL,CE,Federal Contract Tower,0,2,13,2,17,0,0,62,16,78,0,2,75,18,95,190,6,196,291
10/20/2018,BAK,IN,AGL,CE,Federal Contract Tower,0,0,7,1,8,0,0,18,7,25,0,0,25,8,33,0,0,0,33
10/21/2018,BAK,IN,AGL,CE,Federal Contract Tower,0,2,6,0,8,0,0,64,0,64,0,2,70,0,72,16,0,16,88
10/22/2018,BAK,IN,AGL,CE,Federal Contract Tower,0,2,6,0,8,0,0,63,0,63,0,2,69,0,71,126,0,126,197
10/23/2018,BAK,IN,AGL,CE,Federal Contract Tower,0,1,11,0,12,0,0,68,0,68,0,1,79,0,80,144,0,144,224
10/24/2018,BAK,IN,AGL,CE,Federal Contract Tower,0,1,18,1,20,0,0,64,8,72,0,1,82,9,92,194,30,224,316
10/25/2018,BAK,IN,AGL,CE,Federal Contract Tower,0,1,8,0,9,0,0,86,6,92,0,1,94,6,101,176,0,176,277
10/26/2018,BAK,IN,AGL,CE,Federal Contract Tower,0,3,9,0,12,0,0,0,0,0,0,3,9,0,12,0,0,0,12
10/27/2018,BAK,IN,AGL,CE,Federal Contract Tower,0,0,4,0,4,0,0,2,0,2,0,0,6,0,6,0,0,0,6
10/28/2018,BAK,IN,AGL,CE,Federal Contract Tower,0,2,4,0,6,0,0,2,0,2,0,2,6,0,8,0,0,0,8
10/29/2018,BAK,IN,AGL,CE,Federal Contract Tower,0,2,16,0,18,0,0,79,0,79,0,2,95,0,97,156,0,156,253
10/30/2018,BAK,IN,AGL,CE,Federal Contract Tower,0,2,9,0,11,0,0,86,0,86,0,2,95,0,97,104,20,124,221
10/31/2018,BAK,IN,AGL,CE,Federal Contract Tower,0,2,8,0,10,0,0,0,0,0,0,2,8,0,10,0,0,0,10
11/01/2018,BAK,IN,AGL,CE,Federal Contract Tower,0,6,9,0,15,0,0,0,0,0,0,6,9,0,15,0,0,0,15
11/02/2018,BAK,IN,AGL,CE,Federal Contract Tower,0,8,10,4,22,0,0,38,0,38,0,8,48,4,60,92,8,100,160
11/03/2018,BAK,IN,AGL,CE,Federal Contract Tower,0,1,22,0,23,0,0,71,0,71,0,1,93,0,94,108,0,108,202
11/04/2018,BAK,IN,AGL,CE,Federal Contract Tower,0,0,5,1,6,0,0,43,2,45,0,0,48,3,51,4,0,4,55
11/05/2018,BAK,IN,AGL,CE,Federal Contract Tower,0,11,15,0,26,0,0,46,0,46,0,11,61,0,72,64,0,64,136
11/06/2018,BAK,IN,AGL,CE,Federal Contract Tower,0,4,8,0,12,0,0,7,0,7,0,4,15,0,19,4,0,4,23
11/07/2018,BAK,IN,AGL,CE,Federal Contract Tower,1,4,9,0,14,0,0,87,0,87,1,4,96,0,101,196,0,196,297
11/08/2018,BAK,IN,AGL,CE,Federal Contract Tower,0,16,10,2,28,0,0,78,0,78,0,16,88,2,106,166,0,166,272
11/09/2018,BAK,IN,AGL,CE,Federal Contract Tower,0,14,10,0,24,0,0,22,0,22,0,14,32,0,46,4,0,4,50
11/10/2018,BAK,IN,AGL,CE,Federal Contract Tower,0,1,4,0,5,0,0,87,0,87,0,1,91,0,92,112,0,112,204
11/11/2018,BAK,IN,AGL,CE,Federal Contract Tower,0,3,4,0,7,0,0,64,0,64,0,3,68,0,71,82,0,82,153
11/12/2018,BAK,IN,AGL,CE,Federal Contract Tower,0,3,7,0,10,0,0,46,0,46,0,3,53,0,56,42,0,42,98
11/13/2018,BAK,IN,AGL,CE,Federal Contract Tower,0,2,6,0,8,0,0,26,0,26,0,2,32,0,34,46,0,46,80
11/14/2018,BAK,IN,AGL,CE,Federal Contract Tower,0,2,8,3,13,0,0,122,2,124,0,2,130,5,137,96,14,110,247
11/15/2018,BAK,IN,AGL,CE,Federal Contract Tower,0,8,6,0,14,0,0,0,0,0,0,8,6,0,14,0,0,0,14
11/16/2018,BAK,IN,AGL,CE,Federal Contract Tower,0,4,6,2,12,0,0,42,6,48,0,4,48,8,60,122,20,142,202
11/17/2018,BAK,IN,AGL,CE,Federal Contract Tower,0,0,4,6,10,0,0,22,10,32,0,0,26,16,42,26,20,46,88
11/18/2018,BAK,IN,AGL,CE,Federal Contract Tower,0,0,7,0,7,0,0,20,0,20,0,0,27,0,27,32,0,32,59
11/19/2018,BAK,IN,AGL,CE,Federal Contract Tower,0,4,12,0,16,0,0,0,0,0,0,4,12,0,16,0,0,0,16
11/20/2018,BAK,IN,AGL,CE,Federal Contract Tower,0,2,7,6,15,0,0,37,8,45,0,2,44,14,60,134,30,164,224
11/21/2018,BAK,IN,AGL,CE,Federal Contract Tower,0,12,18,2,32,0,0,118,0,118,0,12,136,2,150,92,10,102,252
11/22/2018,BAK,IN,AGL,CE,Federal Contract Tower,0,5,1,0,6,0,0,30,0,30,0,5,31,0,36,8,0,8,44
11/23/2018,BAK,IN,AGL,CE,Federal Contract Tower,0,0,9,0,9,0,0,54,0,54,0,0,63,0,63,80,0,80,143
11/24/2018,BAK,IN,AGL,CE,Federal Contract Tower,0,2,2,0,4,0,0,4,0,4,0,2,6,0,8,0,0,0,8
11/25/2018,BAK,IN,AGL,CE,Federal Contract Tower,0,0,6,0,6,0,0,22,0,22,0,0,28,0,28,4,0,4,32
11/26/2018,BAK,IN,AGL,CE,Federal Contract Tower,0,2,7,0,9,0,0,0,0,0,0,2,7,0,9,0,0,0,9
11/27/2018,BAK,IN,AGL,CE,Federal Contract Tower,0,2,4,2,8,0,0,0,6,6,0,2,4,8,14,0,10,10,24
11/28/2018,BAK,IN,AGL,CE,Federal Contract Tower,0,3,15,0,18,0,0,48,13,61,0,3,63,13,79,92,28,120,199
11/29/2018,BAK,IN,AGL,CE,Federal Contract Tower,0,2,13,0,15,0,0,37,0,37,0,2,50,0,52,74,0,74,126
11/30/2018,BAK,IN,AGL,CE,Federal Contract Tower,0,4,9,0,13,0,0,17,0,17,0,4,26,0,30,74,0,74,104
12/01/2018,BAK,IN,AGL,CE,Federal Contract Tower,0,2,6,0,8,0,0,2,0,2,0,2,8,0,10,6,0,6,16
12/02/2018,BAK,IN,AGL,CE,Federal Contract Tower,0,1,4,0,5,0,0,59,0,59,0,1,63,0,64,0,0,0,64
12/03/2018,BAK,IN,AGL,CE,Federal Contract Tower,0,1,4,0,5,0,0,19,0,19,0,1,23,0,24,84,0,84,108
12/04/2018,BAK,IN,AGL,CE,Federal Contract Tower,0,2,8,4,14,0,0,12,0,12,0,2,20,4,26,60,2,62,88
12/05/2018,BAK,IN,AGL,CE,Federal Contract Tower,0,4,16,0,20,0,0,56,0,56,0,4,72,0,76,136,0,136,212
12/06/2018,BAK,IN,AGL,CE,Federal Contract Tower,0,2,12,0,14,0,0,18,0,18,0,2,30,0,32,16,0,16,48
12/07/2018,BAK,IN,AGL,CE,Federal Contract Tower,0,3,9,0,12,0,0,72,0,72,0,3,81,0,84,96,0,96,180
12/08/2018,BAK,IN,AGL,CE,Federal Contract Tower,0,0,10,0,10,0,0,110,0,110,0,0,120,0,120,74,0,74,194
12/09/2018,BAK,IN,AGL,CE,Federal Contract Tower,0,0,7,2,9,0,0,58,3,61,0,0,65,5,70,62,0,62,132
12/10/2018,BAK,IN,AGL,CE,Federal Contract Tower,0,5,12,0,17,0,0,7,0,7,0,5,19,0,24,8,0,8,32
12/11/2018,BAK,IN,AGL,CE,Federal Contract Tower,0,4,12,2,18,0,0,90,12,102,0,4,102,14,120,66,46,112,232
12/12/2018,BAK,IN,AGL,CE,Federal Contract Tower,0,4,18,0,22,0,0,62,40,102,0,4,80,40,124,76,48,124,248
12/13/2018,BAK,IN,AGL,CE,Federal Contract Tower,0,2,5,0,7,0,0,24,2,26,0,2,29,2,33,88,0,88,121
12/14/2018,BAK,IN,AGL,CE,Federal Contract Tower,0,2,12,0,14,0,0,8,0,8,0,2,20,0,22,66,0,66,88
12/15/2018,BAK,IN,AGL,CE,Federal Contract Tower,0,0,4,0,4,0,0,2,0,2,0,0,6,0,6,0,0,0,6
12/16/2018,BAK,IN,AGL,CE,Federal Contract Tower,0,1,5,0,6,0,0,42,0,42,0,1,47,0,48,58,0,58,106
12/17/2018,BAK,IN,AGL,CE,Federal Contract Tower,0,2,10,0,12,0,0,80,20,100,0,2,90,20,112,92,24,116,228
12/18/2018,BAK,IN,AGL,CE,Federal Contract Tower,0,6,6,2,14,0,0,152,10,162,0,6,158,12,176,84,16,100,276
12/19/2018,BAK,IN,AGL,CE,Federal Contract Tower,0,3,15,0,18,0,0,120,2,122,0,3,135,2,140,68,0,68,208
12/20/2018,BAK,IN,AGL,CE,Federal Contract Tower,0,6,11,0,17,0,0,18,0,18,0,6,29,0,35,12,0,12,47
12/21/2018,BAK,IN,AGL,CE,Federal Contract Tower,0,3,4,0,7,0,0,4,0,4,0,3,8,0,11,0,0,0,11
12/22/2018,BAK,IN,AGL,CE,Federal Contract Tower,0,0,6,0,6,0,0,53,0,53,0,0,59,0,59,32,0,32,91
12/23/2018,BAK,IN,AGL,CE,Federal Contract Tower,0,0,2,0,2,0,0,2,0,2,0,0,4,0,4,2,0,2,6
12/24/2018,BAK,IN,AGL,CE,Federal Contract Tower,0,0,8,0,8,0,0,38,0,38,0,0,46,0,46,0,0,0,46
12/25/2018,BAK,IN,AGL,CE,Federal Contract Tower,0,0,1,0,1,0,0,4,0,4,0,0,5,0,5,0,0,0,5
12/26/2018,BAK,IN,AGL,CE,Federal Contract Tower,0,1,12,0,13,0,0,68,0,68,0,1,80,0,81,42,0,42,123
12/27/2018,BAK,IN,AGL,CE,Federal Contract Tower,0,0,1,0,1,0,0,4,0,4,0,0,5,0,5,24,0,24,29
12/28/2018,BAK,IN,AGL,CE,Federal Contract Tower,0,0,4,0,4,0,0,47,0,47,0,0,51,0,51,44,0,44,95
12/29/2018,BAK,IN,AGL,CE,Federal Contract Tower,0,0,11,0,11,0,0,58,0,58,0,0,69,0,69,18,0,18,87
12/30/2018,BAK,IN,AGL,CE,Federal Contract Tower,0,2,10,0,12,0,0,96,0,96,0,2,106,0,108,32,0,32,140
12/31/2018,BAK,IN,AGL,CE,Federal Contract Tower,0,0,2,0,2,0,0,0,0,0,0,0,2,0,2,0,0,0,2
01/01/2019,BAK,IN,AGL,CE,Federal Contract Tower,0,0,14,0,14,0,0,12,0,12,0,0,26,0,26,0,0,0,26
01/02/2019,BAK,IN,AGL,CE,Federal Contract Tower,0,0,2,0,2,0,0,2,0,2,0,0,4,0,4,0,0,0,4
01/03/2019,BAK,IN,AGL,CE,Federal Contract Tower,0,0,9,0,9,0,0,65,2,67,0,0,74,2,76,86,0,86,162
01/04/2019,BAK,IN,AGL,CE,Federal Contract Tower,0,0,10,0,10,0,0,116,0,116,0,0,126,0,126,58,0,58,184
01/05/2019,BAK,IN,AGL,CE,Federal Contract Tower,0,0,28,0,28,0,0,222,0,222,0,0,250,0,250,42,0,42,292
01/06/2019,BAK,IN,AGL,CE,Federal Contract Tower,0,0,18,0,18,0,0,86,0,86,0,0,104,0,104,72,0,72,176
01/07/2019,BAK,IN,AGL,CE,Federal Contract Tower,0,2,2,0,4,0,0,22,0,22,0,2,24,0,26,62,0,62,88
01/08/2019,BAK,IN,AGL,CE,Federal Contract Tower,0,0,8,2,10,0,0,14,0,14,0,0,22,2,24,6,0,6,30
01/09/2019,BAK,IN,AGL,CE,Federal Contract Tower,0,2,5,0,7,0,0,20,14,34,0,2,25,14,41,30,0,30,71
01/10/2019,BAK,IN,AGL,CE,Federal Contract Tower,0,0,10,1,11,0,0,122,9,131,0,0,132,10,142,106,46,152,294
01/11/2019,BAK,IN,AGL,CE,Federal Contract Tower,0,3,15,0,18,0,0,73,2,75,0,3,88,2,93,66,2,68,161
01/12/2019,BAK,IN,AGL,CE,Federal Contract Tower,0,0,0,0,0,0,0,2,0,2,0,0,2,0,2,0,0,0,2
01/13/2019,BAK,IN,AGL,CE,Federal Contract Tower,0,0,3,0,3,0,0,2,0,2,0,0,5,0,5,0,0,0,5
01/14/2019,BAK,IN,AGL,CE,Federal Contract Tower,0,1,5,1,7,0,0,49,4,53,0,1,54,5,60,48,0,48,108
01/15/2019,BAK,IN,AGL,CE,Federal Contract Tower,0,0,4,0,4,0,0,5,0,5,0,0,9,0,9,0,0,0,9
01/16/2019,BAK,IN,AGL,CE,Federal Contract Tower,0,2,6,2,10,0,0,6,0,6,0,2,12,2,16,0,0,0,16
01/17/2019,BAK,IN,AGL,CE,Federal Contract Tower,0,2,8,0,10,0,0,0,0,0,0,2,8,0,10,0,0,0,10
01/18/2019,BAK,IN,AGL,CE,Federal Contract Tower,0,4,9,0,13,0,0,7,0,7,0,4,16,0,20,6,0,6,26
01/19/2019,BAK,IN,AGL,CE,Federal Contract Tower,0,0,2,0,2,0,0,0,0,0,0,0,2,0,2,0,0,0,2
01/20/2019,BAK,IN,AGL,CE,Federal Contract Tower,0,2,4,0,6,0,0,8,0,8,0,2,12,0,14,0,0,0,14
01/21/2019,BAK,IN,AGL,CE,Federal Contract Tower,0,2,9,0,11,0,0,18,0,18,0,2,27,0,29,30,0,30,59
01/22/2019,BAK,IN,AGL,CE,Federal Contract Tower,0,1,7,0,8,0,0,18,0,18,0,1,25,0,26,0,0,0,26
01/23/2019,BAK,IN,AGL,CE,Federal Contract Tower,0,3,4,4,11,0,0,0,0,0,0,3,4,4,11,0,0,0,11
01/24/2019,BAK,IN,AGL,CE,Federal Contract Tower,0,0,8,2,10,0,0,38,10,48,0,0,46,12,58,76,18,94,152
01/25/2019,BAK,IN,AGL,CE,Federal Contract Tower,2,6,12,0,20,0,0,62,0,62,2,6,74,0,82,32,0,32,114
01/26/2019,BAK,IN,AGL,CE,Federal Contract Tower,0,3,1,0,4,0,0,6,0,6,0,3,7,0,10,2,0,2,12
01/27/2019,BAK,IN,AGL,CE,Federal Contract Tower,0,0,5,0,5,0,0,15,0,15,0,0,20,0,20,50,0,50,70
01/28/2019,BAK,IN,AGL,CE,Federal Contract Tower,0,1,4,0,5,0,0,6,0,6,0,1,10,0,11,22,0,22,33
01/29/2019,BAK,IN,AGL,CE,Federal Contract Tower,0,0,6,4,10,0,0,6,26,32,0,0,12,30,42,0,52,52,94
01/30/2019,BAK,IN,AGL,CE,Federal Contract Tower,0,2,10,0,12,0,0,15,0,15,0,2,25,0,27,0,0,0,27
01/31/2019,BAK,IN,AGL,CE,Federal Contract Tower,0,2,6,0,8,0,0,24,6,30,0,2,30,6,38,6,22,28,66
02/01/2019,BAK,IN,AGL,CE,Federal Contract Tower,0,4,10,0,14,0,0,30,0,30,0,4,40,0,44,50,0,50,94
02/02/2019,BAK,IN,AGL,CE,Federal Contract Tower,0,0,0,0,0,0,0,8,0,8,0,0,8,0,8,14,0,14,22
02/03/2019,BAK,IN,AGL,CE,Federal Contract Tower,0,0,19,0,19,0,0,89,0,89,0,0,108,0,108,68,0,68,176
02/04/2019,BAK,IN,AGL,CE,Federal Contract Tower,0,3,12,0,15,0,0,6,0,6,0,3,18,0,21,8,0,8,29
02/05/2019,BAK,IN,AGL,CE,Federal Contract Tower,0,3,11,0,14,0,0,0,0,0,0,3,11,0,14,0,0,0,14
02/06/2019,BAK,IN,AGL,CE,Federal Contract Tower,0,1,10,0,11,0,0,21,0,21,0,1,31,0,32,50,0,50,82
02/07/2019,BAK,IN,AGL,CE,Federal Contract Tower,0,0,6,0,6,0,0,0,0,0,0,0,6,0,6,0,0,0,6
02/08/2019,BAK,IN,AGL,CE,Federal Contract Tower,0,4,14,0,18,0,0,52,0,52,0,4,66,0,70,50,0,50,120
02/09/2019,BAK,IN,AGL,CE,Federal Contract Tower,0,0,13,0,13,0,0,130,8,138,0,0,143,8,151,108,20,128,279
02/10/2019,BAK,IN,AGL,CE,Federal Contract Tower,0,0,11,0,11,0,0,0,0,0,0,0,11,0,11,0,0,0,11
02/11/2019,BAK,IN,AGL,CE,Federal Contract Tower,0,5,7,0,12,0,0,0,0,0,0,5,7,0,12,0,0,0,12
02/12/2019,BAK,IN,AGL,CE,Federal Contract Tower,0,3,8,0,11,0,0,0,0,0,0,3,8,0,11,0,0,0,11
02/13/2019,BAK,IN,AGL,CE,Federal Contract Tower,0,4,14,2,20,0,0,40,2,42,0,4,54,4,62,42,0,42,104
02/14/2019,BAK,IN,AGL,CE,Federal Contract Tower,0,0,6,0,6,0,0,51,4,55,0,0,57,4,61,24,10,34,95
02/15/2019,BAK,IN,AGL,CE,Federal Contract Tower,0,2,22,0,24,0,0,67,0,67,0,2,89,0,91,58,0,58,149
02/16/2019,BAK,IN,AGL,CE,Federal Contract Tower,0,0,22,0,22,0,0,150,0,150,0,0,172,0,172,100,0,100,272
02/17/2019,BAK,IN,AGL,CE,Federal Contract Tower,0,0,0,0,0,0,0,0,0,0,0,0,0,0,0,0,0,0,0
02/18/2019,BAK,IN,AGL,CE,Federal Contract Tower,0,6,18,0,24,0,0,32,0,32,0,6,50,0,56,0,0,0,56
02/19/2019,BAK,IN,AGL,CE,Federal Contract Tower,0,0,14,1,15,0,0,56,0,56,0,0,70,1,71,82,0,82,153
02/20/2019,BAK,IN,AGL,CE,Federal Contract Tower,0,3,11,0,14,0,0,0,0,0,0,3,11,0,14,0,0,0,14
02/21/2019,BAK,IN,AGL,CE,Federal Contract Tower,0,0,17,4,21,0,0,94,13,107,0,0,111,17,128,102,54,156,284
02/22/2019,BAK,IN,AGL,CE,Federal Contract Tower,0,2,11,0,13,0,0,40,0,40,0,2,51,0,53,26,0,26,79
02/23/2019,BAK,IN,AGL,CE,Federal Contract Tower,0,0,7,0,7,0,0,2,0,2,0,0,9,0,9,0,0,0,9
02/24/2019,BAK,IN,AGL,CE,Federal Contract Tower,1,0,7,2,10,0,0,0,0,0,1,0,7,2,10,0,0,0,10
02/25/2019,BAK,IN,AGL,CE,Federal Contract Tower,0,6,6,0,12,0,0,87,0,87,0,6,93,0,99,92,0,92,191
02/26/2019,BAK,IN,AGL,CE,Federal Contract Tower,0,0,10,0,10,0,0,72,0,72,0,0,82,0,82,88,0,88,170
02/27/2019,BAK,IN,AGL,CE,Federal Contract Tower,0,2,14,0,16,0,0,42,0,42,0,2,56,0,58,46,0,46,104
02/28/2019,BAK,IN,AGL,CE,Federal Contract Tower,0,0,7,0,7,0,0,21,4,25,0,0,28,4,32,34,8,42,74
03/01/2019,BAK,IN,AGL,CE,Federal Contract Tower,0,2,14,0,16,0,0,74,0,74,0,2,88,0,90,88,0,88,178
03/02/2019,BAK,IN,AGL,CE,Federal Contract Tower,0,0,13,0,13,0,0,128,0,128,0,0,141,0,141,70,0,70,211
03/03/2019,BAK,IN,AGL,CE,Federal Contract Tower,0,0,3,0,3,0,0,0,0,0,0,0,3,0,3,0,0,0,3
03/04/2019,BAK,IN,AGL,CE,Federal Contract Tower,0,2,6,0,8,0,0,68,0,68,0,2,74,0,76,28,0,28,104
03/05/2019,BAK,IN,AGL,CE,Federal Contract Tower,0,0,12,0,12,0,0,16,0,16,0,0,28,0,28,50,0,50,78
03/06/2019,BAK,IN,AGL,CE,Federal Contract Tower,0,4,15,1,20,0,0,72,8,80,0,4,87,9,100,86,38,124,224
03/07/2019,BAK,IN,AGL,CE,Federal Contract Tower,0,0,9,4,13,0,0,28,2,30,0,0,37,6,43,42,28,70,113
03/08/2019,BAK,IN,AGL,CE,Federal Contract Tower,0,2,4,0,6,0,0,0,0,0,0,2,4,0,6,0,0,0,6
03/09/2019,BAK,IN,AGL,CE,Federal Contract Tower,0,0,1,0,1,0,0,0,0,0,0,0,1,0,1,0,0,0,1
03/10/2019,BAK,IN,AGL,CE,Federal Contract Tower,0,1,5,0,6,0,0,7,2,9,0,1,12,2,15,8,6,14,29
03/11/2019,BAK,IN,AGL,CE,Federal Contract Tower,0,8,10,0,18,0,0,96,0,96,0,8,106,0,114,40,0,40,154
03/12/2019,BAK,IN,AGL,CE,Federal Contract Tower,0,2,18,0,20,0,0,166,2,168,0,2,184,2,188,100,0,100,288
03/13/2019,BAK,IN,AGL,CE,Federal Contract Tower,0,2,9,0,11,0,0,59,10,69,0,2,68,10,80,54,54,108,188
03/14/2019,BAK,IN,AGL,CE,Federal Contract Tower,0,2,2,0,4,0,0,0,0,0,0,2,2,0,4,0,0,0,4
03/15/2019,BAK,IN,AGL,CE,Federal Contract Tower,0,3,16,0,19,0,0,6,0,6,0,3,22,0,25,0,0,0,25
03/16/2019,BAK,IN,AGL,CE,Federal Contract Tower,0,1,15,0,16,0,0,106,0,106,0,1,121,0,122,110,0,110,232
03/17/2019,BAK,IN,AGL,CE,Federal Contract Tower,0,1,4,0,5,0,0,35,0,35,0,1,39,0,40,32,0,32,72
03/18/2019,BAK,IN,AGL,CE,Federal Contract Tower,0,4,6,0,10,0,0,62,0,62,0,4,68,0,72,146,0,146,218
03/19/2019,BAK,IN,AGL,CE,Federal Contract Tower,0,6,16,0,22,0,0,72,4,76,0,6,88,4,98,194,6,200,298
03/20/2019,BAK,IN,AGL,CE,Federal Contract Tower,0,6,15,0,21,0,0,33,4,37,0,6,48,4,58,24,0,24,82
03/21/2019,BAK,IN,AGL,CE,Federal Contract Tower,0,1,9,1,11,0,0,6,1,7,0,1,15,2,18,24,0,24,42
03/22/2019,BAK,IN,AGL,CE,Federal Contract Tower,0,4,12,0,16,0,0,44,0,44,0,4,56,0,60,16,0,16,76
03/23/2019,BAK,IN,AGL,CE,Federal Contract Tower,0,2,16,0,18,0,0,147,0,147,0,2,163,0,165,158,0,158,323
03/24/2019,BAK,IN,AGL,CE,Federal Contract Tower,0,1,1,0,2,0,0,31,0,31,0,1,32,0,33,16,0,16,49
03/25/2019,BAK,IN,AGL,CE,Federal Contract Tower,0,3,5,0,8,0,0,25,0,25,0,3,30,0,33,34,0,34,67
03/26/2019,BAK,IN,AGL,CE,Federal Contract Tower,0,2,10,0,12,0,0,77,0,77,0,2,87,0,89,128,0,128,217
03/27/2019,BAK,IN,AGL,CE,Federal Contract Tower,0,2,14,1,17,0,0,161,12,173,0,2,175,13,190,170,12,182,372
03/28/2019,BAK,IN,AGL,CE,Federal Contract Tower,0,0,15,1,16,0,0,59,3,62,0,0,74,4,78,86,16,102,180
03/29/2019,BAK,IN,AGL,CE,Federal Contract Tower,0,2,19,0,21,0,0,0,0,0,0,2,19,0,21,0,0,0,21
03/30/2019,BAK,IN,AGL,CE,Federal Contract Tower,0,2,2,0,4,0,0,4,0,4,0,2,6,0,8,0,0,0,8
03/31/2019,BAK,IN,AGL,CE,Federal Contract Tower,0,0,13,0,13,0,0,73,0,73,0,0,86,0,86,24,0,24,110
04/01/2019,BAK,IN,AGL,CE,Federal Contract Tower,0,5,16,0,21,0,0,84,0,84,0,5,100,0,105,174,0,174,279
04/02/2019,BAK,IN,AGL,CE,Federal Contract Tower,0,0,7,0,7,0,0,157,0,157,0,0,164,0,164,156,0,156,320
04/03/2019,BAK,IN,AGL,CE,Federal Contract Tower,0,4,23,0,27,0,0,88,16,104,0,4,111,16,131,82,16,98,229
04/05/2019,BAK,IN,AGL,CE,Federal Contract Tower,0,5,7,5,17,0,0,58,9,67,0,5,65,14,84,30,28,58,142
04/06/2019,BAK,IN,AGL,CE,Federal Contract Tower,0,2,12,0,14,0,0,90,12,102,0,2,102,12,116,90,0,90,206
04/07/2019,BAK,IN,AGL,CE,Federal Contract Tower,0,2,6,4,12,0,0,4,4,8,0,2,10,8,20,0,0,0,20
04/08/2019,BAK,IN,AGL,CE,Federal Contract Tower,0,2,8,0,10,0,0,47,0,47,0,2,55,0,57,84,0,84,141
04/09/2019,BAK,IN,AGL,CE,Federal Contract Tower,0,0,9,1,10,0,0,111,4,115,0,0,120,5,125,62,32,94,219
04/10/2019,BAK,IN,AGL,CE,Federal Contract Tower,0,3,12,0,15,0,0,60,8,68,0,3,72,8,83,52,20,72,155
04/11/2019,BAK,IN,AGL,CE,Federal Contract Tower,0,0,15,0,15,0,0,47,0,47,0,0,62,0,62,46,0,46,108
04/12/2019,BAK,IN,AGL,CE,Federal Contract Tower,0,2,14,0,16,0,0,11,0,11,0,2,25,0,27,0,0,0,27
04/13/2019,BAK,IN,AGL,CE,Federal Contract Tower,0,0,20,0,20,0,0,154,0,154,0,0,174,0,174,118,0,118,292
04/14/2019,BAK,IN,AGL,CE,Federal Contract Tower,0,0,1,0,1,0,0,4,0,4,0,0,5,0,5,8,0,8,13
04/15/2019,BAK,IN,AGL,CE,Federal Contract Tower,0,2,14,5,21,0,0,72,0,72,0,2,86,5,93,36,0,36,129
04/16/2019,BAK,IN,AGL,CE,Federal Contract Tower,0,1,13,4,18,0,0,62,2,64,0,1,75,6,82,90,0,90,172
04/17/2019,BAK,IN,AGL,CE,Federal Contract Tower,0,6,10,0,16,0,0,87,0,87,0,6,97,0,103,170,0,170,273
04/18/2019,BAK,IN,AGL,CE,Federal Contract Tower,0,0,6,2,8,0,0,2,0,2,0,0,8,2,10,0,0,0,10
04/19/2019,BAK,IN,AGL,CE,Federal Contract Tower,0,0,10,0,10,0,0,0,0,0,0,0,10,0,10,0,0,0,10
04/20/2019,BAK,IN,AGL,CE,Federal Contract Tower,0,0,2,0,2,0,0,0,0,0,0,0,2,0,2,0,0,0,2
04/21/2019,BAK,IN,AGL,CE,Federal Contract Tower,0,0,6,0,6,0,0,69,0,69,0,0,75,0,75,72,0,72,147
04/22/2019,BAK,IN,AGL,CE,Federal Contract Tower,0,2,10,0,12,0,0,68,2,70,0,2,78,2,82,90,0,90,172
04/23/2019,BAK,IN,AGL,CE,Federal Contract Tower,0,0,7,0,7,0,0,52,0,52,0,0,59,0,59,48,0,48,107
04/24/2019,BAK,IN,AGL,CE,Federal Contract Tower,0,1,12,1,14,0,0,69,10,79,0,1,81,11,93,52,26,78,171
04/25/2019,BAK,IN,AGL,CE,Federal Contract Tower,0,2,7,0,9,0,0,0,0,0,0,2,7,0,9,0,0,0,9
04/26/2019,BAK,IN,AGL,CE,Federal Contract Tower,0,4,10,0,14,0,0,12,0,12,0,4,22,0,26,0,0,0,26
04/27/2019,BAK,IN,AGL,CE,Federal Contract Tower,0,0,8,0,8,0,0,42,0,42,0,0,50,0,50,72,0,72,122
04/28/2019,BAK,IN,AGL,CE,Federal Contract Tower,0,2,18,4,24,0,0,19,0,19,0,2,37,4,43,4,0,4,47
04/29/2019,BAK,IN,AGL,CE,Federal Contract Tower,0,3,19,4,26,0,0,44,8,52,0,3,63,12,78,46,0,46,124
04/30/2019,BAK,IN,AGL,CE,Federal Contract Tower,0,1,12,2,15,0,0,36,0,36,0,1,48,2,51,56,0,56,107
05/01/2019,BAK,IN,AGL,CE,Federal Contract Tower,0,4,12,3,19,0,0,20,2,22,0,4,32,5,41,18,14,32,73
05/02/2019,BAK,IN,AGL,CE,Federal Contract Tower,0,2,14,4,20,0,0,22,0,22,0,2,36,4,42,42,0,42,84
05/03/2019,BAK,IN,AGL,CE,Federal Contract Tower,0,2,22,0,24,0,0,14,2,16,0,2,36,2,40,30,16,46,86
05/04/2019,BAK,IN,AGL,CE,Federal Contract Tower,0,0,8,5,13,0,0,10,2,12,0,0,18,7,25,0,0,0,25
05/05/2019,BAK,IN,AGL,CE,Federal Contract Tower,0,0,5,3,8,0,0,146,7,153,0,0,151,10,161,36,12,48,209
05/06/2019,BAK,IN,AGL,CE,Federal Contract Tower,0,1,18,0,19,0,0,113,8,121,0,1,131,8,140,86,0,86,226
05/07/2019,BAK,IN,AGL,CE,Federal Contract Tower,0,0,23,0,23,0,0,76,0,76,0,0,99,0,99,66,0,66,165
05/08/2019,BAK,IN,AGL,CE,Federal Contract Tower,0,6,16,2,24,0,0,92,0,92,0,6,108,2,116,80,0,80,196
05/09/2019,BAK,IN,AGL,CE,Federal Contract Tower,0,0,7,0,7,0,0,19,6,25,0,0,26,6,32,16,14,30,62
05/10/2019,BAK,IN,AGL,CE,Federal Contract Tower,0,2,17,0,19,0,0,71,10,81,0,2,88,10,100,178,4,182,282
05/11/2019,BAK,IN,AGL,CE,Federal Contract Tower,0,2,8,0,10,0,0,182,0,182,0,2,190,0,192,14,0,14,206
05/12/2019,BAK,IN,AGL,CE,Federal Contract Tower,0,0,6,0,6,0,0,0,0,0,0,0,6,0,6,0,0,0,6
05/13/2019,BAK,IN,AGL,CE,Federal Contract Tower,0,1,20,3,24,0,0,35,0,35,0,1,55,3,59,72,0,72,131
05/14/2019,BAK,IN,AGL,CE,Federal Contract Tower,0,1,25,2,28,0,0,99,5,104,0,1,124,7,132,166,0,166,298
05/15/2019,BAK,IN,AGL,CE,Federal Contract Tower,0,6,14,0,20,0,0,90,6,96,0,6,104,6,116,86,28,114,230
05/16/2019,BAK,IN,AGL,CE,Federal Contract Tower,0,3,18,0,21,0,0,35,0,35,0,3,53,0,56,6,0,6,62
05/17/2019,BAK,IN,AGL,CE,Federal Contract Tower,0,8,14,0,22,0,0,98,23,121,0,8,112,23,143,68,0,68,211
05/18/2019,BAK,IN,AGL,CE,Federal Contract Tower,0,1,9,0,10,0,0,106,20,126,0,1,115,20,136,30,24,54,190
05/19/2019,BAK,IN,AGL,CE,Federal Contract Tower,0,0,5,0,5,0,0,4,0,4,0,0,9,0,9,0,0,0,9
05/20/2019,BAK,IN,AGL,CE,Federal Contract Tower,0,0,15,3,18,0,0,85,4,89,0,0,100,7,107,166,0,166,273
05/21/2019,BAK,IN,AGL,CE,Federal Contract Tower,0,0,16,0,16,0,0,42,0,42,0,0,58,0,58,86,0,86,144
05/22/2019,BAK,IN,AGL,CE,Federal Contract Tower,0,8,20,0,28,0,0,40,0,40,0,8,60,0,68,64,0,64,132
05/23/2019,BAK,IN,AGL,CE,Federal Contract Tower,0,2,13,0,15,0,0,46,0,46,0,2,59,0,61,44,0,44,105
05/24/2019,BAK,IN,AGL,CE,Federal Contract Tower,0,7,13,0,20,0,0,94,8,102,0,7,107,8,122,92,0,92,214
05/25/2019,BAK,IN,AGL,CE,Federal Contract Tower,0,6,8,0,14,0,0,118,0,118,0,6,126,0,132,66,0,66,198
05/26/2019,BAK,IN,AGL,CE,Federal Contract Tower,0,3,8,0,11,0,0,18,0,18,0,3,26,0,29,4,0,4,33
05/27/2019,BAK,IN,AGL,CE,Federal Contract Tower,0,4,10,0,14,0,0,88,0,88,0,4,98,0,102,62,0,62,164
05/28/2019,BAK,IN,AGL,CE,Federal Contract Tower,0,0,10,2,12,0,0,54,0,54,0,0,64,2,66,70,0,70,136
05/29/2019,BAK,IN,AGL,CE,Federal Contract Tower,0,6,12,0,18,0,0,19,0,19,0,6,31,0,37,22,0,22,59
05/30/2019,BAK,IN,AGL,CE,Federal Contract Tower,0,2,24,0,26,0,0,38,0,38,0,2,62,0,64,70,0,70,134
05/31/2019,BAK,IN,AGL,CE,Federal Contract Tower,0,1,26,0,27,0,0,130,0,130,0,1,156,0,157,82,0,82,239
06/01/2019,BAK,IN,AGL,CE,Federal Contract Tower,0,0,7,0,7,0,0,88,18,106,0,0,95,18,113,70,0,70,183
06/02/2019,BAK,IN,AGL,CE,Federal Contract Tower,0,0,8,0,8,0,0,89,10,99,0,0,97,10,107,50,8,58,165
06/03/2019,BAK,IN,AGL,CE,Federal Contract Tower,0,1,15,0,16,0,0,118,12,130,0,1,133,12,146,40,0,40,186
06/04/2019,BAK,IN,AGL,CE,Federal Contract Tower,0,3,10,2,15,0,0,84,10,94,0,3,94,12,109,106,0,106,215
06/05/2019,BAK,IN,AGL,CE,Federal Contract Tower,0,2,11,0,13,0,0,48,8,56,0,2,59,8,69,30,4,34,103
06/06/2019,BAK,IN,AGL,CE,Federal Contract Tower,0,0,14,2,16,0,0,58,24,82,0,0,72,26,98,82,40,122,220
06/07/2019,BAK,IN,AGL,CE,Federal Contract Tower,0,2,16,0,18,0,0,68,2,70,0,2,84,2,88,18,0,18,106
06/08/2019,BAK,IN,AGL,CE,Federal Contract Tower,0,0,2,0,2,0,0,71,2,73,0,0,73,2,75,76,0,76,151
06/09/2019,BAK,IN,AGL,CE,Federal Contract Tower,0,0,4,0,4,0,0,4,0,4,0,0,8,0,8,0,0,0,8
06/10/2019,BAK,IN,AGL,CE,Federal Contract Tower,0,2,10,0,12,0,0,10,0,10,0,2,20,0,22,0,0,0,22
06/11/2019,BAK,IN,AGL,CE,Federal Contract Tower,0,1,13,0,14,0,0,112,10,122,0,1,125,10,136,144,8,152,288
06/12/2019,BAK,IN,AGL,CE,Federal Contract Tower,0,4,21,0,25,0,0,92,22,114,0,4,113,22,139,132,28,160,299
06/13/2019,BAK,IN,AGL,CE,Federal Contract Tower,0,2,8,0,10,0,0,5,8,13,0,2,13,8,23,0,30,30,53
06/14/2019,BAK,IN,AGL,CE,Federal Contract Tower,0,4,13,4,21,0,0,129,6,135,0,4,142,10,156,48,0,48,204
06/15/2019,BAK,IN,AGL,CE,Federal Contract Tower,0,1,10,0,11,0,0,16,0,16,0,1,26,0,27,12,0,12,39
06/16/2019,BAK,IN,AGL,CE,Federal Contract Tower,0,0,14,0,14,0,0,16,0,16,0,0,30,0,30,0,0,0,30
06/17/2019,BAK,IN,AGL,CE,Federal Contract Tower,0,4,7,0,11,0,0,0,0,0,0,4,7,0,11,0,0,0,11
06/18/2019,BAK,IN,AGL,CE,Federal Contract Tower,0,9,13,0,22,0,0,48,6,54,0,9,61,6,76,82,22,104,180
06/19/2019,BAK,IN,AGL,CE,Federal Contract Tower,0,13,11,0,24,0,0,17,0,17,0,13,28,0,41,0,0,0,41
06/20/2019,BAK,IN,AGL,CE,Federal Contract Tower,0,5,10,0,15,0,0,17,0,17,0,5,27,0,32,32,0,32,64
06/21/2019,BAK,IN,AGL,CE,Federal Contract Tower,0,6,17,0,23,0,0,55,4,59,0,6,72,4,82,126,0,126,208
06/22/2019,BAK,IN,AGL,CE,Federal Contract Tower,0,4,8,2,14,0,0,30,2,32,0,4,38,4,46,46,0,46,92
06/23/2019,BAK,IN,AGL,CE,Federal Contract Tower,0,1,3,0,4,0,0,22,0,22,0,1,25,0,26,2,0,2,28
06/24/2019,BAK,IN,AGL,CE,Federal Contract Tower,0,5,11,0,16,0,0,94,0,94,0,5,105,0,110,68,0,68,178
06/25/2019,BAK,IN,AGL,CE,Federal Contract Tower,2,2,15,0,19,0,0,221,34,255,2,2,236,34,274,106,0,106,380
06/26/2019,BAK,IN,AGL,CE,Federal Contract Tower,0,6,11,0,17,0,0,110,2,112,0,6,121,2,129,86,0,86,215
06/27/2019,BAK,IN,AGL,CE,Federal Contract Tower,0,6,14,0,20,0,0,144,0,144,0,6,158,0,164,96,0,96,260
06/28/2019,BAK,IN,AGL,CE,Federal Contract Tower,0,4,18,0,22,0,0,152,0,152,0,4,170,0,174,60,0,60,234
06/29/2019,BAK,IN,AGL,CE,Federal Contract Tower,0,2,4,0,6,0,0,108,0,108,0,2,112,0,114,64,0,64,178
06/30/2019,BAK,IN,AGL,CE,Federal Contract Tower,0,0,10,0,10,0,0,52,0,52,0,0,62,0,62,34,0,34,96
07/01/2019,BAK,IN,AGL,CE,Federal Contract Tower,0,0,2,0,2,0,0,40,0,40,0,0,42,0,42,32,2,34,76
07/02/2019,BAK,IN,AGL,CE,Federal Contract Tower,0,0,17,0,17,0,0,73,0,73,0,0,90,0,90,70,0,70,160
07/03/2019,BAK,IN,AGL,CE,Federal Contract Tower,0,0,7,0,7,0,0,55,0,55,0,0,62,0,62,42,0,42,104
07/04/2019,BAK,IN,AGL,CE,Federal Contract Tower,0,2,2,0,4,0,0,19,0,19,0,2,21,0,23,0,0,0,23
07/05/2019,BAK,IN,AGL,CE,Federal Contract Tower,0,0,5,0,5,0,0,109,0,109,0,0,114,0,114,32,0,32,146
07/06/2019,BAK,IN,AGL,CE,Federal Contract Tower,0,0,16,0,16,0,0,46,0,46,0,0,62,0,62,138,0,138,200
07/07/2019,BAK,IN,AGL,CE,Federal Contract Tower,0,0,14,0,14,0,0,33,0,33,0,0,47,0,47,26,0,26,73
07/08/2019,BAK,IN,AGL,CE,Federal Contract Tower,0,2,18,0,20,0,0,114,0,114,0,2,132,0,134,88,0,88,222
07/09/2019,BAK,IN,AGL,CE,Federal Contract Tower,0,0,14,2,16,0,0,98,7,105,0,0,112,9,121,82,42,124,245
07/10/2019,BAK,IN,AGL,CE,Federal Contract Tower,0,5,13,0,18,0,0,144,4,148,0,5,157,4,166,124,28,152,318
07/11/2019,BAK,IN,AGL,CE,Federal Contract Tower,0,0,16,0,16,0,0,106,0,106,0,0,122,0,122,62,0,62,184
07/12/2019,BAK,IN,AGL,CE,Federal Contract Tower,0,2,22,2,26,0,0,118,8,126,0,2,140,10,152,58,54,112,264
07/13/2019,BAK,IN,AGL,CE,Federal Contract Tower,0,0,28,0,28,0,0,145,8,153,0,0,173,8,181,104,12,116,297
07/14/2019,BAK,IN,AGL,CE,Federal Contract Tower,0,0,15,0,15,0,0,124,0,124,0,0,139,0,139,138,0,138,277
07/15/2019,BAK,IN,AGL,CE,Federal Contract Tower,0,3,10,0,13,0,0,196,2,198,0,3,206,2,211,12,0,12,223
07/16/2019,BAK,IN,AGL,CE,Federal Contract Tower,0,7,10,0,17,0,0,142,0,142,0,7,152,0,159,30,0,30,189
07/17/2019,BAK,IN,AGL,CE,Federal Contract Tower,0,5,31,0,36,0,0,200,4,204,0,5,231,4,240,108,14,122,362
07/18/2019,BAK,IN,AGL,CE,Federal Contract Tower,0,2,30,0,32,0,0,241,4,245,0,2,271,4,277,24,32,56,333
07/19/2019,BAK,IN,AGL,CE,Federal Contract Tower,0,2,18,1,21,0,0,212,0,212,0,2,230,1,233,52,0,52,285
07/20/2019,BAK,IN,AGL,CE,Federal Contract Tower,0,0,16,0,16,0,0,118,0,118,0,0,134,0,134,52,0,52,186
07/21/2019,BAK,IN,AGL,CE,Federal Contract Tower,0,0,26,2,28,0,0,75,0,75,0,0,101,2,103,52,0,52,155
07/22/2019,BAK,IN,AGL,CE,Federal Contract Tower,0,2,11,1,14,0,0,101,0,101,0,2,112,1,115,0,0,0,115
07/23/2019,BAK,IN,AGL,CE,Federal Contract Tower,0,0,17,0,17,0,0,230,8,238,0,0,247,8,255,84,22,106,361
07/24/2019,BAK,IN,AGL,CE,Federal Contract Tower,0,0,17,0,17,0,0,248,18,266,0,0,265,18,283,78,24,102,385
07/25/2019,BAK,IN,AGL,CE,Federal Contract Tower,2,0,9,1,12,0,0,238,2,240,2,0,247,3,252,50,4,54,306
07/26/2019,BAK,IN,AGL,CE,Federal Contract Tower,2,0,14,0,16,0,0,290,0,290,2,0,304,0,306,102,0,102,408
07/27/2019,BAK,IN,AGL,CE,Federal Contract Tower,0,0,22,0,22,0,0,176,0,176,0,0,198,0,198,78,0,78,276
07/28/2019,BAK,IN,AGL,CE,Federal Contract Tower,0,0,26,0,26,0,0,138,0,138,0,0,164,0,164,32,0,32,196
07/29/2019,BAK,IN,AGL,CE,Federal Contract Tower,0,2,10,0,12,0,0,32,0,32,0,2,42,0,44,32,0,32,76
07/30/2019,BAK,IN,AGL,CE,Federal Contract Tower,0,2,12,2,16,0,0,35,6,41,0,2,47,8,57,36,14,50,107
07/31/2019,BAK,IN,AGL,CE,Federal Contract Tower,2,9,9,2,22,0,0,85,3,88,2,9,94,5,110,112,26,138,248
08/01/2019,BAK,IN,AGL,CE,Federal Contract Tower,5,2,26,0,33,0,0,79,8,87,5,2,105,8,120,98,48,146,266
08/02/2019,BAK,IN,AGL,CE,Federal Contract Tower,2,3,14,0,19,0,0,72,0,72,2,3,86,0,91,52,0,52,143
08/03/2019,BAK,IN,AGL,CE,Federal Contract Tower,0,1,4,0,5,0,0,116,2,118,0,1,120,2,123,24,0,24,147
08/04/2019,BAK,IN,AGL,CE,Federal Contract Tower,0,0,11,0,11,0,0,99,2,101,0,0,110,2,112,38,0,38,150
08/05/2019,BAK,IN,AGL,CE,Federal Contract Tower,0,6,10,0,16,0,0,71,12,83,0,6,81,12,99,80,0,80,179
08/06/2019,BAK,IN,AGL,CE,Federal Contract Tower,0,1,15,0,16,0,0,48,8,56,0,1,63,8,72,0,30,30,102
08/07/2019,BAK,IN,AGL,CE,Federal Contract Tower,0,4,8,2,14,0,0,102,8,110,0,4,110,10,124,38,0,38,162
08/08/2019,BAK,IN,AGL,CE,Federal Contract Tower,0,0,13,2,15,0,0,62,0,62,0,0,75,2,77,48,0,48,125
08/09/2019,BAK,IN,AGL,CE,Federal Contract Tower,2,4,14,0,20,0,0,123,0,123,2,4,137,0,143,96,0,96,239
08/10/2019,BAK,IN,AGL,CE,Federal Contract Tower,2,0,10,0,12,0,0,104,0,104,2,0,114,0,116,66,0,66,182
08/11/2019,BAK,IN,AGL,CE,Federal Contract Tower,0,0,11,0,11,0,0,116,2,118,0,0,127,2,129,38,4,42,171
08/12/2019,BAK,IN,AGL,CE,Federal Contract Tower,0,1,9,0,10,0,0,32,0,32,0,1,41,0,42,18,0,18,60
08/13/2019,BAK,IN,AGL,CE,Federal Contract Tower,0,5,15,0,20,0,0,30,6,36,0,5,45,6,56,40,14,54,110
08/14/2019,BAK,IN,AGL,CE,Federal Contract Tower,0,4,15,0,19,0,0,91,0,91,0,4,106,0,110,156,0,156,266
08/15/2019,BAK,IN,AGL,CE,Federal Contract Tower,0,1,13,0,14,0,0,88,4,92,0,1,101,4,106,124,10,134,240
08/16/2019,BAK,IN,AGL,CE,Federal Contract Tower,0,2,11,0,13,0,0,106,0,106,0,2,117,0,119,114,0,114,233
08/17/2019,BAK,IN,AGL,CE,Federal Contract Tower,0,0,5,0,5,0,0,78,0,78,0,0,83,0,83,30,0,30,113
08/18/2019,BAK,IN,AGL,CE,Federal Contract Tower,0,0,9,0,9,0,0,67,0,67,0,0,76,0,76,10,0,10,86
08/19/2019,BAK,IN,AGL,CE,Federal Contract Tower,0,2,16,0,18,0,0,72,0,72,0,2,88,0,90,28,0,28,118
08/20/2019,BAK,IN,AGL,CE,Federal Contract Tower,0,4,12,0,16,0,0,36,6,42,0,4,48,6,58,66,30,96,154
08/21/2019,BAK,IN,AGL,CE,Federal Contract Tower,0,3,11,0,14,0,0,39,0,39,0,3,50,0,53,42,0,42,95
08/22/2019,BAK,IN,AGL,CE,Federal Contract Tower,0,0,11,2,13,0,0,4,8,12,0,0,15,10,25,0,10,10,35
08/23/2019,BAK,IN,AGL,CE,Federal Contract Tower,0,3,15,0,18,0,0,76,0,76,0,3,91,0,94,44,0,44,138
08/24/2019,BAK,IN,AGL,CE,Federal Contract Tower,0,2,9,0,11,0,0,131,4,135,0,2,140,4,146,46,22,68,214
08/25/2019,BAK,IN,AGL,CE,Federal Contract Tower,2,1,5,0,8,0,0,101,0,101,2,1,106,0,109,42,0,42,151
08/26/2019,BAK,IN,AGL,CE,Federal Contract Tower,0,4,24,0,28,0,0,0,0,0,0,4,24,0,28,0,0,0,28
08/27/2019,BAK,IN,AGL,CE,Federal Contract Tower,0,2,20,0,22,0,0,8,8,16,0,2,28,8,38,32,44,76,114
08/28/2019,BAK,IN,AGL,CE,Federal Contract Tower,3,4,24,1,32,0,0,70,12,82,3,4,94,13,114,52,56,108,222
08/29/2019,BAK,IN,AGL,CE,Federal Contract Tower,3,0,13,0,16,0,0,94,22,116,3,0,107,22,132,86,52,138,270
08/30/2019,BAK,IN,AGL,CE,Federal Contract Tower,4,3,22,0,29,0,0,49,0,49,4,3,71,0,78,0,0,0,78
08/31/2019,BAK,IN,AGL,CE,Federal Contract Tower,0,0,11,0,11,0,0,116,0,116,0,0,127,0,127,36,0,36,163
09/01/2019,BAK,IN,AGL,CE,Federal Contract Tower,0,0,13,0,13,0,0,42,0,42,0,0,55,0,55,8,0,8,63
09/02/2019,BAK,IN,AGL,CE,Federal Contract Tower,0,0,8,0,8,0,0,54,0,54,0,0,62,0,62,24,0,24,86
09/03/2019,BAK,IN,AGL,CE,Federal Contract Tower,2,0,16,0,18,0,0,70,0,70,2,0,86,0,88,96,0,96,184
09/04/2019,BAK,IN,AGL,CE,Federal Contract Tower,0,3,18,0,21,0,0,104,6,110,0,3,122,6,131,72,42,114,245
09/05/2019,BAK,IN,AGL,CE,Federal Contract Tower,0,0,12,2,14,0,0,74,20,94,0,0,86,22,108,58,68,126,234
09/06/2019,BAK,IN,AGL,CE,Federal Contract Tower,0,2,19,0,21,0,0,88,0,88,0,2,107,0,109,52,0,52,161
09/07/2019,BAK,IN,AGL,CE,Federal Contract Tower,0,0,25,0,25,0,0,59,0,59,0,0,84,0,84,28,0,28,112
09/08/2019,BAK,IN,AGL,CE,Federal Contract Tower,0,0,2,0,2,0,0,74,0,74,0,0,76,0,76,36,0,36,112
09/09/2019,BAK,IN,AGL,CE,Federal Contract Tower,0,2,11,0,13,0,0,57,0,57,0,2,68,0,70,44,0,44,114
09/10/2019,BAK,IN,AGL,CE,Federal Contract Tower,0,4,11,0,15,0,0,102,0,102,0,4,113,0,117,112,0,112,229
09/11/2019,BAK,IN,AGL,CE,Federal Contract Tower,0,2,8,0,10,0,0,80,12,92,0,2,88,12,102,58,12,70,172
09/12/2019,BAK,IN,AGL,CE,Federal Contract Tower,0,0,6,3,9,0,0,86,3,89,0,0,92,6,98,84,12,96,194
09/13/2019,BAK,IN,AGL,CE,Federal Contract Tower,0,2,18,0,20,0,0,85,2,87,0,2,103,2,107,48,0,48,155
09/14/2019,BAK,IN,AGL,CE,Federal Contract Tower,0,0,6,0,6,0,0,156,0,156,0,0,162,0,162,36,0,36,198
09/15/2019,BAK,IN,AGL,CE,Federal Contract Tower,0,2,10,0,12,0,0,64,2,66,0,2,74,2,78,22,16,38,116
09/16/2019,BAK,IN,AGL,CE,Federal Contract Tower,0,1,9,2,12,0,0,60,0,60,0,1,69,2,72,46,50,96,168
09/17/2019,BAK,IN,AGL,CE,Federal Contract Tower,0,0,19,2,21,0,0,73,26,99,0,0,92,28,120,100,40,140,260
09/18/2019,BAK,IN,AGL,CE,Federal Contract Tower,0,3,12,1,16,0,0,137,2,139,0,3,149,3,155,62,28,90,245
09/19/2019,BAK,IN,AGL,CE,Federal Contract Tower,0,1,11,0,12,0,0,78,6,84,0,1,89,6,96,40,10,50,146
09/20/2019,BAK,IN,AGL,CE,Federal Contract Tower,0,4,24,7,35,0,0,115,2,117,0,4,139,9,152,86,2,88,240
09/21/2019,BAK,IN,AGL,CE,Federal Contract Tower,0,0,12,4,16,0,0,132,0,132,0,0,144,4,148,64,0,64,212
09/22/2019,BAK,IN,AGL,CE,Federal Contract Tower,0,0,7,2,9,0,0,60,0,60,0,0,67,2,69,48,0,48,117
09/23/2019,BAK,IN,AGL,CE,Federal Contract Tower,0,1,13,0,14,0,0,41,2,43,0,1,54,2,57,66,0,66,123
09/24/2019,BAK,IN,AGL,CE,Federal Contract Tower,0,1,10,0,11,0,0,78,0,78,0,1,88,0,89,150,0,150,239
09/25/2019,BAK,IN,AGL,CE,Federal Contract Tower,0,6,17,2,25,0,0,90,0,90,0,6,107,2,115,122,0,122,237
09/26/2019,BAK,IN,AGL,CE,Federal Contract Tower,0,2,18,0,20,0,0,94,2,96,0,2,112,2,116,74,0,74,190
09/27/2019,BAK,IN,AGL,CE,Federal Contract Tower,0,7,10,2,19,0,0,108,0,108,0,7,118,2,127,128,0,128,255
09/28/2019,BAK,IN,AGL,CE,Federal Contract Tower,0,0,14,0,14,0,0,104,0,104,0,0,118,0,118,18,0,18,136
09/29/2019,BAK,IN,AGL,CE,Federal Contract Tower,0,0,8,0,8,0,0,79,0,79,0,0,87,0,87,50,0,50,137
09/30/2019,BAK,IN,AGL,CE,Federal Contract Tower,0,1,11,0,12,0,0,82,0,82,0,1,93,0,94,120,0,120,214
10/01/2019,BAK,IN,AGL,CE,Federal Contract Tower,0,1,12,0,13,0,0,100,6,106,0,1,112,6,119,164,24,188,307
10/02/2019,BAK,IN,AGL,CE,Federal Contract Tower,0,2,19,0,21,0,0,72,3,75,0,2,91,3,96,90,52,142,238
10/03/2019,BAK,IN,AGL,CE,Federal Contract Tower,0,0,34,2,36,0,0,76,2,78,0,0,110,4,114,172,32,204,318
10/04/2019,BAK,IN,AGL,CE,Federal Contract Tower,0,2,10,0,12,0,0,92,0,92,0,2,102,0,104,164,0,164,268
10/05/2019,BAK,IN,AGL,CE,Federal Contract Tower,0,2,10,0,12,0,0,102,0,102,0,2,112,0,114,18,0,18,132
10/06/2019,BAK,IN,AGL,CE,Federal Contract Tower,0,0,11,0,11,0,0,14,0,14,0,0,25,0,25,0,0,0,25
10/07/2019,BAK,IN,AGL,CE,Federal Contract Tower,0,2,13,0,15,0,0,72,0,72,0,2,85,0,87,180,0,180,267
10/08/2019,BAK,IN,AGL,CE,Federal Contract Tower,0,0,6,1,7,0,0,78,12,90,0,0,84,13,97,146,58,204,301
10/09/2019,BAK,IN,AGL,CE,Federal Contract Tower,0,4,14,0,18,0,0,108,8,116,0,4,122,8,134,82,12,94,228
10/10/2019,BAK,IN,AGL,CE,Federal Contract Tower,0,0,12,0,12,0,0,56,12,68,0,0,68,12,80,106,20,126,206
10/11/2019,BAK,IN,AGL,CE,Federal Contract Tower,0,2,17,2,21,0,0,8,0,8,0,2,25,2,29,0,0,0,29
10/12/2019,BAK,IN,AGL,CE,Federal Contract Tower,0,0,12,0,12,0,0,95,0,95,0,0,107,0,107,26,0,26,133
10/13/2019,BAK,IN,AGL,CE,Federal Contract Tower,0,0,9,0,9,0,0,53,0,53,0,0,62,0,62,42,0,42,104
10/14/2019,BAK,IN,AGL,CE,Federal Contract Tower,0,2,8,0,10,0,0,126,0,126,0,2,134,0,136,134,0,134,270
10/15/2019,BAK,IN,AGL,CE,Federal Contract Tower,0,0,4,0,4,0,0,70,0,70,0,0,74,0,74,122,0,122,196
10/16/2019,BAK,IN,AGL,CE,Federal Contract Tower,0,3,10,0,13,0,0,10,0,10,0,3,20,0,23,32,0,32,55
10/17/2019,BAK,IN,AGL,CE,Federal Contract Tower,0,3,9,0,12,0,0,65,12,77,0,3,74,12,89,94,68,162,251
10/18/2019,BAK,IN,AGL,CE,Federal Contract Tower,0,2,15,0,17,0,0,86,0,86,0,2,101,0,103,124,0,124,227
10/19/2019,BAK,IN,AGL,CE,Federal Contract Tower,0,0,3,0,3,0,0,178,18,196,0,0,181,18,199,76,28,104,303
10/20/2019,BAK,IN,AGL,CE,Federal Contract Tower,0,0,7,0,7,0,0,74,2,76,0,0,81,2,83,38,0,38,121
10/21/2019,BAK,IN,AGL,CE,Federal Contract Tower,0,3,3,0,6,0,0,5,0,5,0,3,8,0,11,0,0,0,11
10/22/2019,BAK,IN,AGL,CE,Federal Contract Tower,0,1,15,0,16,0,0,27,0,27,0,1,42,0,43,42,0,42,85
10/23/2019,BAK,IN,AGL,CE,Federal Contract Tower,0,2,8,0,10,0,0,78,2,80,0,2,86,2,90,82,0,82,172
10/24/2019,BAK,IN,AGL,CE,Federal Contract Tower,0,2,18,0,20,0,0,87,0,87,0,2,105,0,107,138,0,138,245
10/25/2019,BAK,IN,AGL,CE,Federal Contract Tower,0,6,16,2,24,0,0,62,4,66,0,6,78,6,90,68,4,72,162
10/26/2019,BAK,IN,AGL,CE,Federal Contract Tower,0,0,2,1,3,0,0,0,0,0,0,0,2,1,3,0,0,0,3
10/27/2019,BAK,IN,AGL,CE,Federal Contract Tower,0,1,12,1,14,0,0,50,0,50,0,1,62,1,64,4,0,4,68
10/28/2019,BAK,IN,AGL,CE,Federal Contract Tower,0,4,18,0,22,0,0,81,0,81,0,4,99,0,103,114,0,114,217
10/29/2019,BAK,IN,AGL,CE,Federal Contract Tower,0,1,19,0,20,0,0,17,0,17,0,1,36,0,37,56,0,56,93
10/30/2019,BAK,IN,AGL,CE,Federal Contract Tower,0,6,18,0,24,0,2,0,0,2,0,8,18,0,26,4,0,4,30
10/31/2019,BAK,IN,AGL,CE,Federal Contract Tower,0,2,6,0,8,0,0,0,0,0,0,2,6,0,8,0,0,0,8
11/01/2019,BAK,IN,AGL,CE,Federal Contract Tower,0,6,6,3,15,0,0,45,0,45,0,6,51,3,60,114,30,144,204
11/02/2019,BAK,IN,AGL,CE,Federal Contract Tower,1,0,15,2,18,0,0,88,0,88,1,0,103,2,106,44,0,44,150
11/03/2019,BAK,IN,AGL,CE,Federal Contract Tower,0,1,4,1,6,0,0,122,1,123,0,1,126,2,129,38,0,38,167
11/04/2019,BAK,IN,AGL,CE,Federal Contract Tower,0,9,26,0,35,0,0,35,0,35,0,9,61,0,70,30,0,30,100
11/05/2019,BAK,IN,AGL,CE,Federal Contract Tower,0,2,11,3,16,0,0,39,0,39,0,2,50,3,55,82,22,104,159
11/06/2019,BAK,IN,AGL,CE,Federal Contract Tower,0,6,12,0,18,0,0,84,0,84,0,6,96,0,102,126,0,126,228
11/07/2019,BAK,IN,AGL,CE,Federal Contract Tower,0,1,5,2,8,0,0,23,0,23,0,1,28,2,31,0,0,0,31
11/08/2019,BAK,IN,AGL,CE,Federal Contract Tower,2,2,20,0,24,0,0,102,0,102,2,2,122,0,126,96,0,96,222
11/09/2019,BAK,IN,AGL,CE,Federal Contract Tower,0,0,5,0,5,0,0,72,0,72,0,0,77,0,77,16,0,16,93
11/10/2019,BAK,IN,AGL,CE,Federal Contract Tower,2,0,6,2,10,0,0,45,0,45,2,0,51,2,55,4,0,4,59
11/11/2019,BAK,IN,AGL,CE,Federal Contract Tower,0,2,11,0,13,0,0,2,0,2,0,2,13,0,15,0,0,0,15
11/12/2019,BAK,IN,AGL,CE,Federal Contract Tower,0,0,12,0,12,0,0,8,2,10,0,0,20,2,22,0,0,0,22
11/13/2019,BAK,IN,AGL,CE,Federal Contract Tower,0,2,7,0,9,0,0,78,0,78,0,2,85,0,87,192,0,192,279
11/14/2019,BAK,IN,AGL,CE,Federal Contract Tower,0,4,22,7,33,0,0,60,4,64,0,4,82,11,97,64,0,64,161
11/15/2019,BAK,IN,AGL,CE,Federal Contract Tower,0,8,15,1,24,0,0,82,2,84,0,8,97,3,108,136,0,136,244
11/16/2019,BAK,IN,AGL,CE,Federal Contract Tower,0,0,6,0,6,0,0,83,0,83,0,0,89,0,89,80,0,80,169
11/17/2019,BAK,IN,AGL,CE,Federal Contract Tower,0,0,7,4,11,0,0,56,0,56,0,0,63,4,67,44,0,44,111
11/18/2019,BAK,IN,AGL,CE,Federal Contract Tower,0,4,6,0,10,0,0,2,0,2,0,4,8,0,12,0,0,0,12
11/19/2019,BAK,IN,AGL,CE,Federal Contract Tower,0,0,12,0,12,0,0,16,2,18,0,0,28,2,30,0,12,12,42
11/20/2019,BAK,IN,AGL,CE,Federal Contract Tower,0,4,22,0,26,0,0,15,8,23,0,4,37,8,49,6,12,18,67
11/21/2019,BAK,IN,AGL,CE,Federal Contract Tower,0,4,7,0,11,0,0,4,0,4,0,4,11,0,15,0,0,0,15
11/22/2019,BAK,IN,AGL,CE,Federal Contract Tower,0,2,29,0,31,0,0,65,0,65,0,2,94,0,96,98,0,98,194
11/23/2019,BAK,IN,AGL,CE,Federal Contract Tower,0,2,0,0,2,0,0,3,0,3,0,2,3,0,5,8,0,8,13
11/24/2019,BAK,IN,AGL,CE,Federal Contract Tower,0,0,18,0,18,0,0,83,0,83,0,0,101,0,101,78,0,78,179
11/25/2019,BAK,IN,AGL,CE,Federal Contract Tower,0,0,16,0,16,0,0,120,4,124,0,0,136,4,140,156,22,178,318
11/26/2019,BAK,IN,AGL,CE,Federal Contract Tower,0,6,14,0,20,0,0,38,2,40,0,6,52,2,60,76,18,94,154
11/27/2019,BAK,IN,AGL,CE,Federal Contract Tower,0,0,3,0,3,0,0,0,0,0,0,0,3,0,3,0,0,0,3
11/28/2019,BAK,IN,AGL,CE,Federal Contract Tower,0,0,0,0,0,0,0,6,0,6,0,0,6,0,6,0,0,0,6
11/29/2019,BAK,IN,AGL,CE,Federal Contract Tower,0,2,3,0,5,0,0,26,0,26,0,2,29,0,31,16,0,16,47
11/30/2019,BAK,IN,AGL,CE,Federal Contract Tower,0,2,0,0,2,0,0,0,0,0,0,2,0,0,2,0,0,0,2
12/01/2019,BAK,IN,AGL,CE,Federal Contract Tower,0,0,2,0,2,0,0,12,0,12,0,0,14,0,14,6,0,6,20
12/02/2019,BAK,IN,AGL,CE,Federal Contract Tower,0,4,2,0,6,0,0,2,0,2,0,4,4,0,8,6,0,6,14
12/03/2019,BAK,IN,AGL,CE,Federal Contract Tower,0,1,14,0,15,0,0,36,6,42,0,1,50,6,57,32,42,74,131
12/04/2019,BAK,IN,AGL,CE,Federal Contract Tower,0,3,14,2,19,0,0,58,10,68,0,3,72,12,87,88,40,128,215
12/05/2019,BAK,IN,AGL,CE,Federal Contract Tower,0,4,16,2,22,0,0,88,4,92,0,4,104,6,114,104,38,142,256
12/06/2019,BAK,IN,AGL,CE,Federal Contract Tower,0,5,11,3,19,0,0,36,2,38,0,5,47,5,57,94,2,96,153
12/07/2019,BAK,IN,AGL,CE,Federal Contract Tower,0,0,18,2,20,0,0,189,2,191,0,0,207,4,211,62,0,62,273
12/08/2019,BAK,IN,AGL,CE,Federal Contract Tower,0,4,14,0,18,0,0,52,0,52,0,4,66,0,70,112,0,112,182
12/09/2019,BAK,IN,AGL,CE,Federal Contract Tower,0,7,4,0,11,0,0,0,0,0,0,7,4,0,11,0,0,0,11
12/10/2019,BAK,IN,AGL,CE,Federal Contract Tower,0,2,13,0,15,0,0,48,6,54,0,2,61,6,69,36,22,58,127
12/11/2019,BAK,IN,AGL,CE,Federal Contract Tower,0,2,16,2,20,0,0,53,6,59,0,2,69,8,79,134,38,172,251
12/12/2019,BAK,IN,AGL,CE,Federal Contract Tower,0,2,13,0,15,0,0,87,0,87,0,2,100,0,102,226,0,226,328
12/13/2019,BAK,IN,AGL,CE,Federal Contract Tower,0,4,11,0,15,0,0,57,0,57,0,4,68,0,72,92,0,92,164
12/14/2019,BAK,IN,AGL,CE,Federal Contract Tower,0,1,3,0,4,0,0,6,0,6,0,1,9,0,10,44,0,44,54
12/15/2019,BAK,IN,AGL,CE,Federal Contract Tower,0,1,3,0,4,0,0,15,0,15,0,1,18,0,19,32,0,32,51
12/16/2019,BAK,IN,AGL,CE,Federal Contract Tower,0,2,4,0,6,0,0,0,0,0,0,2,4,0,6,0,0,0,6
12/17/2019,BAK,IN,AGL,CE,Federal Contract Tower,0,0,5,0,5,0,0,65,14,79,0,0,70,14,84,78,28,106,190
12/18/2019,BAK,IN,AGL,CE,Federal Contract Tower,0,5,10,5,20,0,0,14,0,14,0,5,24,5,34,22,64,86,120
12/19/2019,BAK,IN,AGL,CE,Federal Contract Tower,0,1,24,1,26,0,0,96,2,98,0,1,120,3,124,72,2,74,198
12/20/2019,BAK,IN,AGL,CE,Federal Contract Tower,0,3,13,0,16,0,0,101,0,101,0,3,114,0,117,58,0,58,175
12/21/2019,BAK,IN,AGL,CE,Federal Contract Tower,0,0,10,0,10,0,0,102,0,102,0,0,112,0,112,56,0,56,168
12/22/2019,BAK,IN,AGL,CE,Federal Contract Tower,0,0,4,0,4,0,0,84,0,84,0,0,88,0,88,38,0,38,126
12/23/2019,BAK,IN,AGL,CE,Federal Contract Tower,0,2,7,0,9,0,0,84,0,84,0,2,91,0,93,62,0,62,155
12/24/2019,BAK,IN,AGL,CE,Federal Contract Tower,0,0,3,0,3,0,0,12,0,12,0,0,15,0,15,16,0,16,31
12/25/2019,BAK,IN,AGL,CE,Federal Contract Tower,0,0,1,0,1,0,0,10,0,10,0,0,11,0,11,18,0,18,29
12/26/2019,BAK,IN,AGL,CE,Federal Contract Tower,0,4,4,0,8,0,0,64,0,64,0,4,68,0,72,6,0,6,78
12/27/2019,BAK,IN,AGL,CE,Federal Contract Tower,0,0,9,0,9,0,0,0,0,0,0,0,9,0,9,0,0,0,9
12/28/2019,BAK,IN,AGL,CE,Federal Contract Tower,0,0,5,0,5,0,0,13,0,13,0,0,18,0,18,8,0,8,26
12/29/2019,BAK,IN,AGL,CE,Federal Contract Tower,0,0,4,0,4,0,0,0,0,0,0,0,4,0,4,0,0,0,4
12/30/2019,BAK,IN,AGL,CE,Federal Contract Tower,0,1,3,0,4,0,0,6,0,6,0,1,9,0,10,12,0,12,22
12/31/2019,BAK,IN,AGL,CE,Federal Contract Tower,0,2,7,0,9,0,0,1,0,1,0,2,8,0,10,0,0,0,10
01/01/2020,BAK,IN,AGL,CE,Federal Contract Tower,0,0,7,0,7,0,0,76,0,76,0,0,83,0,83,54,0,54,137
01/02/2020,BAK,IN,AGL,CE,Federal Contract Tower,0,0,2,0,2,0,0,16,2,18,0,0,18,2,20,0,0,0,20
01/03/2020,BAK,IN,AGL,CE,Federal Contract Tower,0,0,2,0,2,0,0,0,0,0,0,0,2,0,2,0,0,0,2
01/04/2020,BAK,IN,AGL,CE,Federal Contract Tower,0,0,3,0,3,0,0,4,0,4,0,0,7,0,7,14,0,14,21
01/05/2020,BAK,IN,AGL,CE,Federal Contract Tower,0,0,4,0,4,0,0,33,0,33,0,0,37,0,37,36,0,36,73
01/06/2020,BAK,IN,AGL,CE,Federal Contract Tower,0,2,10,0,12,0,0,62,0,62,0,2,72,0,74,62,0,62,136
01/07/2020,BAK,IN,AGL,CE,Federal Contract Tower,0,0,5,0,5,0,0,36,8,44,0,0,41,8,49,10,22,32,81
01/08/2020,BAK,IN,AGL,CE,Federal Contract Tower,0,3,13,0,16,0,0,63,0,63,0,3,76,0,79,86,0,86,165
01/09/2020,BAK,IN,AGL,CE,Federal Contract Tower,0,0,6,0,6,0,0,28,4,32,0,0,34,4,38,28,0,28,66
01/10/2020,BAK,IN,AGL,CE,Federal Contract Tower,0,2,4,2,8,0,0,0,0,0,0,2,4,2,8,0,0,0,8
01/11/2020,BAK,IN,AGL,CE,Federal Contract Tower,0,0,1,0,1,0,0,0,0,0,0,0,1,0,1,0,0,0,1
01/12/2020,BAK,IN,AGL,CE,Federal Contract Tower,0,0,8,0,8,0,0,6,0,6,0,0,14,0,14,36,0,36,50
01/13/2020,BAK,IN,AGL,CE,Federal Contract Tower,0,3,19,0,22,0,0,62,0,62,0,3,81,0,84,152,0,152,236
01/14/2020,BAK,IN,AGL,CE,Federal Contract Tower,0,0,14,0,14,0,0,7,0,7,0,0,21,0,21,18,0,18,39
01/15/2020,BAK,IN,AGL,CE,Federal Contract Tower,0,6,4,0,10,0,0,0,0,0,0,6,4,0,10,0,0,0,10
01/16/2020,BAK,IN,AGL,CE,Federal Contract Tower,0,1,5,0,6,0,0,76,2,78,0,1,81,2,84,114,0,114,198
01/17/2020,BAK,IN,AGL,CE,Federal Contract Tower,0,3,17,0,20,0,0,87,0,87,0,3,104,0,107,66,0,66,173
01/18/2020,BAK,IN,AGL,CE,Federal Contract Tower,0,0,5,0,5,0,0,2,0,2,0,0,7,0,7,0,0,0,7
01/19/2020,BAK,IN,AGL,CE,Federal Contract Tower,0,2,6,0,8,0,0,34,0,34,0,2,40,0,42,34,0,34,76
01/20/2020,BAK,IN,AGL,CE,Federal Contract Tower,0,1,7,0,8,0,0,39,0,39,0,1,46,0,47,34,0,34,81
01/21/2020,BAK,IN,AGL,CE,Federal Contract Tower,0,2,12,0,14,0,0,74,0,74,0,2,86,0,88,94,0,94,182
01/22/2020,BAK,IN,AGL,CE,Federal Contract Tower,0,2,12,2,16,0,0,74,2,76,0,2,86,4,92,70,0,70,162
01/23/2020,BAK,IN,AGL,CE,Federal Contract Tower,0,0,16,0,16,0,0,50,0,50,0,0,66,0,66,36,0,36,102
01/24/2020,BAK,IN,AGL,CE,Federal Contract Tower,0,0,3,0,3,0,0,0,0,0,0,0,3,0,3,0,0,0,3
01/25/2020,BAK,IN,AGL,CE,Federal Contract Tower,0,0,12,0,12,0,0,0,0,0,0,0,12,0,12,0,0,0,12
01/26/2020,BAK,IN,AGL,CE,Federal Contract Tower,0,0,7,0,7,0,0,48,0,48,0,0,55,0,55,58,0,58,113
01/27/2020,BAK,IN,AGL,CE,Federal Contract Tower,0,2,10,0,12,0,0,4,0,4,0,2,14,0,16,8,0,8,24
01/28/2020,BAK,IN,AGL,CE,Federal Contract Tower,0,1,2,0,3,0,0,5,2,7,0,1,7,2,10,12,0,12,22
01/29/2020,BAK,IN,AGL,CE,Federal Contract Tower,0,2,3,0,5,0,0,27,8,35,0,2,30,8,40,66,34,100,140
01/30/2020,BAK,IN,AGL,CE,Federal Contract Tower,0,1,8,0,9,0,0,58,10,68,0,1,66,10,77,84,22,106,183
01/31/2020,BAK,IN,AGL,CE,Federal Contract Tower,0,2,3,0,5,0,0,0,0,0,0,2,3,0,5,0,0,0,5
02/01/2020,BAK,IN,AGL,CE,Federal Contract Tower,0,0,3,0,3,0,0,6,0,6,0,0,9,0,9,34,0,34,43
02/02/2020,BAK,IN,AGL,CE,Federal Contract Tower,0,0,5,0,5,0,0,80,0,80,0,0,85,0,85,96,0,96,181
02/03/2020,BAK,IN,AGL,CE,Federal Contract Tower,0,4,14,2,20,0,0,86,2,88,0,4,100,4,108,58,12,70,178
02/04/2020,BAK,IN,AGL,CE,Federal Contract Tower,0,2,18,0,20,0,0,0,0,0,0,2,18,0,20,16,0,16,36
02/05/2020,BAK,IN,AGL,CE,Federal Contract Tower,0,2,12,2,16,0,0,12,0,12,0,2,24,2,28,14,0,14,42
02/06/2020,BAK,IN,AGL,CE,Federal Contract Tower,0,1,4,2,7,0,0,0,8,8,0,1,4,10,15,0,26,26,41
02/07/2020,BAK,IN,AGL,CE,Federal Contract Tower,0,2,9,0,11,0,0,30,4,34,0,2,39,4,45,38,0,38,83
02/08/2020,BAK,IN,AGL,CE,Federal Contract Tower,0,1,1,0,2,0,0,1,0,1,0,1,2,0,3,0,0,0,3
02/09/2020,BAK,IN,AGL,CE,Federal Contract Tower,0,0,10,0,10,0,0,34,0,34,0,0,44,0,44,24,0,24,68
02/10/2020,BAK,IN,AGL,CE,Federal Contract Tower,0,4,14,0,18,0,0,0,0,0,0,4,14,0,18,0,0,0,18
02/11/2020,BAK,IN,AGL,CE,Federal Contract Tower,0,0,18,4,22,0,0,78,8,86,0,0,96,12,108,94,36,130,238
02/12/2020,BAK,IN,AGL,CE,Federal Contract Tower,0,5,6,2,13,0,0,8,0,8,0,5,14,2,21,30,52,82,103
02/13/2020,BAK,IN,AGL,CE,Federal Contract Tower,0,1,6,0,7,0,0,0,0,0,0,1,6,0,7,0,0,0,7
02/14/2020,BAK,IN,AGL,CE,Federal Contract Tower,0,2,8,0,10,0,0,85,18,103,0,2,93,18,113,70,54,124,237
02/15/2020,BAK,IN,AGL,CE,Federal Contract Tower,0,0,14,0,14,0,0,69,0,69,0,0,83,0,83,52,0,52,135
02/16/2020,BAK,IN,AGL,CE,Federal Contract Tower,0,2,4,0,6,0,0,132,0,132,0,2,136,0,138,154,0,154,292
02/17/2020,BAK,IN,AGL,CE,Federal Contract Tower,0,4,8,0,12,0,0,86,0,86,0,4,94,0,98,120,0,120,218
02/18/2020,BAK,IN,AGL,CE,Federal Contract Tower,0,4,5,2,11,0,0,8,6,14,0,4,13,8,25,0,18,18,43
02/19/2020,BAK,IN,AGL,CE,Federal Contract Tower,0,5,12,2,19,0,0,92,4,96,0,5,104,6,115,110,42,152,267
02/20/2020,BAK,IN,AGL,CE,Federal Contract Tower,0,0,12,0,12,0,0,36,2,38,0,0,48,2,50,14,0,14,64
02/21/2020,BAK,IN,AGL,CE,Federal Contract Tower,0,1,18,0,19,0,0,126,8,134,0,1,144,8,153,104,0,104,257
02/22/2020,BAK,IN,AGL,CE,Federal Contract Tower,0,0,5,0,5,0,0,92,0,92,0,0,97,0,97,24,0,24,121
02/23/2020,BAK,IN,AGL,CE,Federal Contract Tower,0,0,12,0,12,0,0,124,0,124,0,0,136,0,136,28,0,28,164
02/24/2020,BAK,IN,AGL,CE,Federal Contract Tower,0,6,5,0,11,0,0,0,0,0,0,6,5,0,11,0,0,0,11
02/25/2020,BAK,IN,AGL,CE,Federal Contract Tower,0,2,8,0,10,0,0,0,0,0,0,2,8,0,10,0,0,0,10
02/26/2020,BAK,IN,AGL,CE,Federal Contract Tower,0,4,2,0,6,0,0,0,0,0,0,4,2,0,6,0,0,0,6
02/27/2020,BAK,IN,AGL,CE,Federal Contract Tower,0,0,14,0,14,0,0,59,12,71,0,0,73,12,85,48,56,104,189
02/28/2020,BAK,IN,AGL,CE,Federal Contract Tower,0,3,8,0,11,0,0,84,0,84,0,3,92,0,95,76,0,76,171
02/29/2020,BAK,IN,AGL,CE,Federal Contract Tower,0,0,4,0,4,0,0,156,36,192,0,0,160,36,196,96,14,110,306
03/01/2020,BAK,IN,AGL,CE,Federal Contract Tower,0,0,8,0,8,0,0,102,20,122,0,0,110,20,130,58,0,58,188
03/02/2020,BAK,IN,AGL,CE,Federal Contract Tower,0,4,4,0,8,0,0,0,2,2,0,4,4,2,10,0,0,0,10
03/03/2020,BAK,IN,AGL,CE,Federal Contract Tower,0,1,7,2,10,0,0,36,4,40,0,1,43,6,50,50,28,78,128
03/04/2020,BAK,IN,AGL,CE,Federal Contract Tower,0,3,17,1,21,0,0,72,18,90,0,3,89,19,111,80,52,132,243
03/05/2020,BAK,IN,AGL,CE,Federal Contract Tower,0,3,13,2,18,0,0,76,14,90,0,3,89,16,108,70,84,154,262
03/06/2020,BAK,IN,AGL,CE,Federal Contract Tower,0,6,5,0,11,0,0,8,4,12,0,6,13,4,23,12,72,84,107
03/07/2020,BAK,IN,AGL,CE,Federal Contract Tower,0,2,10,0,12,0,0,112,28,140,0,2,122,28,152,30,0,30,182
03/08/2020,BAK,IN,AGL,CE,Federal Contract Tower,0,0,8,0,8,0,0,72,0,72,0,0,80,0,80,48,18,66,146
03/09/2020,BAK,IN,AGL,CE,Federal Contract Tower,0,4,8,0,12,0,0,6,0,6,0,4,14,0,18,42,0,42,60
03/10/2020,BAK,IN,AGL,CE,Federal Contract Tower,0,2,20,16,38,0,0,0,0,0,0,2,20,16,38,0,0,0,38
03/11/2020,BAK,IN,AGL,CE,Federal Contract Tower,0,2,21,3,26,0,0,10,4,14,0,2,31,7,40,0,24,24,64
03/12/2020,BAK,IN,AGL,CE,Federal Contract Tower,0,0,3,1,4,0,0,17,22,39,0,0,20,23,43,4,2,6,49
03/13/2020,BAK,IN,AGL,CE,Federal Contract Tower,0,0,3,0,3,0,0,40,20,60,0,0,43,20,63,50,0,50,113
03/14/2020,BAK,IN,AGL,CE,Federal Contract Tower,0,0,4,0,4,0,0,2,8,10,0,0,6,8,14,0,0,0,14
03/15/2020,BAK,IN,AGL,CE,Federal Contract Tower,0,0,10,0,10,0,0,42,0,42,0,0,52,0,52,64,0,64,116
03/16/2020,BAK,IN,AGL,CE,Federal Contract Tower,0,2,4,0,6,0,0,66,0,66,0,2,70,0,72,162,0,162,234
03/17/2020,BAK,IN,AGL,CE,Federal Contract Tower,0,0,4,1,5,0,0,43,1,44,0,0,47,2,49,154,2,156,205
03/18/2020,BAK,IN,AGL,CE,Federal Contract Tower,0,0,6,0,6,0,0,4,0,4,0,0,10,0,10,8,0,8,18
03/19/2020,BAK,IN,AGL,CE,Federal Contract Tower,0,0,2,0,2,0,0,0,0,0,0,0,2,0,2,0,0,0,2
03/20/2020,BAK,IN,AGL,CE,Federal Contract Tower,0,0,6,0,6,0,0,2,0,2,0,0,8,0,8,0,0,0,8
03/21/2020,BAK,IN,AGL,CE,Federal Contract Tower,0,0,4,0,4,0,0,47,0,47,0,0,51,0,51,38,0,38,89
03/22/2020,BAK,IN,AGL,CE,Federal Contract Tower,0,0,2,0,2,0,0,38,0,38,0,0,40,0,40,66,0,66,106
03/23/2020,BAK,IN,AGL,CE,Federal Contract Tower,0,0,4,0,4,0,0,25,0,25,0,0,29,0,29,54,0,54,83
03/24/2020,BAK,IN,AGL,CE,Federal Contract Tower,0,0,3,4,7,0,0,25,4,29,0,0,28,8,36,102,52,154,190
03/25/2020,BAK,IN,AGL,CE,Federal Contract Tower,0,0,7,4,11,0,0,14,1,15,0,0,21,5,26,24,44,68,94
03/26/2020,BAK,IN,AGL,CE,Federal Contract Tower,0,0,4,0,4,0,0,22,0,22,0,0,26,0,26,26,0,26,52
03/27/2020,BAK,IN,AGL,CE,Federal Contract Tower,0,0,2,0,2,0,0,12,0,12,0,0,14,0,14,24,0,24,38
03/28/2020,BAK,IN,AGL,CE,Federal Contract Tower,0,0,0,0,0,0,0,13,0,13,0,0,13,0,13,40,0,40,53
03/29/2020,BAK,IN,AGL,CE,Federal Contract Tower,0,0,2,0,2,0,0,12,0,12,0,0,14,0,14,12,0,12,26
03/30/2020,BAK,IN,AGL,CE,Federal Contract Tower,0,0,1,0,1,0,0,24,0,24,0,0,25,0,25,14,0,14,39
03/31/2020,BAK,IN,AGL,CE,Federal Contract Tower,0,0,2,0,2,0,0,16,12,28,0,0,18,12,30,16,26,42,72
04/01/2020,BAK,IN,AGL,CE,Federal Contract Tower,0,0,3,1,4,0,0,5,4,9,0,0,8,5,13,0,32,32,45
04/03/2020,BAK,IN,AGL,CE,Federal Contract Tower,0,0,0,0,0,0,0,42,0,42,0,0,42,0,42,4,0,4,46
04/04/2020,BAK,IN,AGL,CE,Federal Contract Tower,0,0,2,0,2,0,0,21,0,21,0,0,23,0,23,38,0,38,61
04/05/2020,BAK,IN,AGL,CE,Federal Contract Tower,0,0,2,0,2,0,0,0,0,0,0,0,2,0,2,0,0,0,2
04/06/2020,BAK,IN,AGL,CE,Federal Contract Tower,0,0,7,0,7,0,0,25,0,25,0,0,32,0,32,30,0,30,62
04/07/2020,BAK,IN,AGL,CE,Federal Contract Tower,0,0,1,0,1,0,0,4,0,4,0,0,5,0,5,58,0,58,63
04/08/2020,BAK,IN,AGL,CE,Federal Contract Tower,0,0,2,0,2,0,0,39,10,49,0,0,41,10,51,80,24,104,155
04/09/2020,BAK,IN,AGL,CE,Federal Contract Tower,0,0,2,0,2,0,0,15,0,15,0,0,17,0,17,8,0,8,25
04/10/2020,BAK,IN,AGL,CE,Federal Contract Tower,0,0,7,0,7,0,0,42,0,42,0,0,49,0,49,66,0,66,115
04/11/2020,BAK,IN,AGL,CE,Federal Contract Tower,0,0,1,0,1,0,0,46,0,46,0,0,47,0,47,34,0,34,81
04/12/2020,BAK,IN,AGL,CE,Federal Contract Tower,0,0,1,0,1,0,0,3,0,3,0,0,4,0,4,0,0,0,4
04/13/2020,BAK,IN,AGL,CE,Federal Contract Tower,0,0,1,0,1,0,0,2,0,2,0,0,3,0,3,0,0,0,3
04/14/2020,BAK,IN,AGL,CE,Federal Contract Tower,0,0,3,0,3,0,0,18,0,18,0,0,21,0,21,36,0,36,57
04/15/2020,BAK,IN,AGL,CE,Federal Contract Tower,0,0,2,2,4,0,0,2,0,2,0,0,4,2,6,0,0,0,6
04/16/2020,BAK,IN,AGL,CE,Federal Contract Tower,0,0,1,0,1,0,0,54,4,58,0,0,55,4,59,52,6,58,117
04/17/2020,BAK,IN,AGL,CE,Federal Contract Tower,0,0,0,0,0,0,0,4,0,4,0,0,4,0,4,34,0,34,38
04/18/2020,BAK,IN,AGL,CE,Federal Contract Tower,0,2,5,0,7,0,0,94,0,94,0,2,99,0,101,30,0,30,131
04/19/2020,BAK,IN,AGL,CE,Federal Contract Tower,0,0,1,0,1,0,0,64,0,64,0,0,65,0,65,68,0,68,133
04/20/2020,BAK,IN,AGL,CE,Federal Contract Tower,0,0,5,0,5,0,0,47,0,47,0,0,52,0,52,58,0,58,110
04/21/2020,BAK,IN,AGL,CE,Federal Contract Tower,0,0,3,0,3,0,0,16,4,20,0,0,19,4,23,30,4,34,57
04/22/2020,BAK,IN,AGL,CE,Federal Contract Tower,0,0,4,0,4,0,0,34,0,34,0,0,38,0,38,38,0,38,76
04/24/2020,BAK,IN,AGL,CE,Federal Contract Tower,0,0,5,0,5,0,0,46,0,46,0,0,51,0,51,114,0,114,165
04/25/2020,BAK,IN,AGL,CE,Federal Contract Tower,0,0,0,0,0,0,0,25,0,25,0,0,25,0,25,12,0,12,37
04/26/2020,BAK,IN,AGL,CE,Federal Contract Tower,0,0,0,0,0,0,0,0,0,0,0,0,0,0,0,0,0,0,0
04/27/2020,BAK,IN,AGL,CE,Federal Contract Tower,0,0,6,0,6,0,0,68,0,68,0,0,74,0,74,64,0,64,138
04/28/2020,BAK,IN,AGL,CE,Federal Contract Tower,0,0,4,2,6,0,0,18,18,36,0,0,22,20,42,18,0,18,60
04/29/2020,BAK,IN,AGL,CE,Federal Contract Tower,0,0,1,0,1,0,0,32,0,32,0,0,33,0,33,70,0,70,103
04/30/2020,BAK,IN,AGL,CE,Federal Contract Tower,0,0,6,0,6,0,0,28,12,40,0,0,34,12,46,36,20,56,102
05/01/2020,BAK,IN,AGL,CE,Federal Contract Tower,0,0,8,0,8,0,0,66,0,66,0,0,74,0,74,26,0,26,100
05/02/2020,BAK,IN,AGL,CE,Federal Contract Tower,0,0,6,0,6,0,0,33,0,33,0,0,39,0,39,36,0,36,75
05/03/2020,BAK,IN,AGL,CE,Federal Contract Tower,0,2,3,0,5,0,0,9,0,9,0,2,12,0,14,0,0,0,14
05/04/2020,BAK,IN,AGL,CE,Federal Contract Tower,0,0,8,0,8,0,0,78,0,78,0,0,86,0,86,54,0,54,140
05/05/2020,BAK,IN,AGL,CE,Federal Contract Tower,0,0,2,2,4,0,0,4,16,20,0,0,6,18,24,12,46,58,82
05/06/2020,BAK,IN,AGL,CE,Federal Contract Tower,0,2,1,1,4,0,2,19,4,25,0,4,20,5,29,32,54,86,115
05/07/2020,BAK,IN,AGL,CE,Federal Contract Tower,0,0,4,2,6,0,0,45,6,51,0,0,49,8,57,54,22,76,133
05/08/2020,BAK,IN,AGL,CE,Federal Contract Tower,0,2,3,0,5,0,0,4,0,4,0,2,7,0,9,38,0,38,47
05/09/2020,BAK,IN,AGL,CE,Federal Contract Tower,0,0,1,0,1,0,0,78,0,78,0,0,79,0,79,86,0,86,165
05/10/2020,BAK,IN,AGL,CE,Federal Contract Tower,0,0,2,0,2,0,0,6,0,6,0,0,8,0,8,0,0,0,8
05/11/2020,BAK,IN,AGL,CE,Federal Contract Tower,0,0,6,0,6,0,0,56,0,56,0,0,62,0,62,64,0,64,126
05/12/2020,BAK,IN,AGL,CE,Federal Contract Tower,0,2,2,0,4,0,0,78,2,80,0,2,80,2,84,152,6,158,242
05/13/2020,BAK,IN,AGL,CE,Federal Contract Tower,0,1,12,2,15,0,0,41,10,51,0,1,53,12,66,82,20,102,168
05/14/2020,BAK,IN,AGL,CE,Federal Contract Tower,0,0,2,0,2,0,0,6,4,10,0,0,8,4,12,0,10,10,22
05/15/2020,BAK,IN,AGL,CE,Federal Contract Tower,0,0,6,0,6,0,0,19,0,19,0,0,25,0,25,2,0,2,27
05/16/2020,BAK,IN,AGL,CE,Federal Contract Tower,0,0,15,2,17,0,0,32,0,32,0,0,47,2,49,66,0,66,115
05/17/2020,BAK,IN,AGL,CE,Federal Contract Tower,0,0,2,0,2,0,0,24,0,24,0,0,26,0,26,36,0,36,62
05/18/2020,BAK,IN,AGL,CE,Federal Contract Tower,0,2,11,0,13,0,0,6,0,6,0,2,17,0,19,8,0,8,27
05/19/2020,BAK,IN,AGL,CE,Federal Contract Tower,0,2,1,2,5,0,0,0,0,0,0,2,1,2,5,0,0,0,5
05/20/2020,BAK,IN,AGL,CE,Federal Contract Tower,0,0,8,2,10,0,0,20,0,20,0,0,28,2,30,52,0,52,82
05/21/2020,BAK,IN,AGL,CE,Federal Contract Tower,0,0,6,2,8,0,0,20,0,20,0,0,26,2,28,52,80,132,160
05/22/2020,BAK,IN,AGL,CE,Federal Contract Tower,0,2,9,0,11,0,0,39,0,39,0,2,48,0,50,96,0,96,146
05/23/2020,BAK,IN,AGL,CE,Federal Contract Tower,0,0,6,0,6,0,0,72,0,72,0,0,78,0,78,134,0,134,212
05/24/2020,BAK,IN,AGL,CE,Federal Contract Tower,0,0,9,0,9,0,0,46,0,46,0,0,55,0,55,8,0,8,63
05/25/2020,BAK,IN,AGL,CE,Federal Contract Tower,0,0,5,0,5,0,0,43,0,43,0,0,48,0,48,50,0,50,98
05/26/2020,BAK,IN,AGL,CE,Federal Contract Tower,0,2,17,2,21,0,0,56,0,56,0,2,73,2,77,116,32,148,225
05/27/2020,BAK,IN,AGL,CE,Federal Contract Tower,0,0,13,0,13,0,0,50,16,66,0,0,63,16,79,120,32,152,231
05/28/2020,BAK,IN,AGL,CE,Federal Contract Tower,0,0,8,1,9,0,0,30,6,36,0,0,38,7,45,102,14,116,161
05/29/2020,BAK,IN,AGL,CE,Federal Contract Tower,0,1,17,0,18,0,0,22,0,22,0,1,39,0,40,58,0,58,98
05/30/2020,BAK,IN,AGL,CE,Federal Contract Tower,0,0,3,0,3,0,0,133,2,135,0,0,136,2,138,100,14,114,252
05/31/2020,BAK,IN,AGL,CE,Federal Contract Tower,0,0,7,0,7,0,0,97,0,97,0,0,104,0,104,104,0,104,208
06/01/2020,BAK,IN,AGL,CE,Federal Contract Tower,0,1,6,0,7,0,0,77,0,77,0,1,83,0,84,52,0,52,136
06/02/2020,BAK,IN,AGL,CE,Federal Contract Tower,0,2,8,0,10,0,0,65,0,65,0,2,73,0,75,120,0,120,195
06/03/2020,BAK,IN,AGL,CE,Federal Contract Tower,0,2,8,0,10,0,0,55,2,57,0,2,63,2,67,52,0,52,119
06/04/2020,BAK,IN,AGL,CE,Federal Contract Tower,0,0,4,0,4,0,0,50,0,50,0,0,54,0,54,112,0,112,166
06/05/2020,BAK,IN,AGL,CE,Federal Contract Tower,0,2,20,0,22,0,0,69,0,69,0,2,89,0,91,106,0,106,197
06/06/2020,BAK,IN,AGL,CE,Federal Contract Tower,0,0,11,0,11,0,0,72,0,72,0,0,83,0,83,114,0,114,197
06/07/2020,BAK,IN,AGL,CE,Federal Contract Tower,0,0,10,0,10,0,0,58,0,58,0,0,68,0,68,48,0,48,116
06/08/2020,BAK,IN,AGL,CE,Federal Contract Tower,0,0,13,0,13,0,0,54,0,54,0,0,67,0,67,70,0,70,137
06/09/2020,BAK,IN,AGL,CE,Federal Contract Tower,0,0,0,0,0,0,0,12,0,12,0,0,12,0,12,8,0,8,20
06/10/2020,BAK,IN,AGL,CE,Federal Contract Tower,0,2,2,2,6,0,0,4,2,6,0,2,6,4,12,0,26,26,38
06/11/2020,BAK,IN,AGL,CE,Federal Contract Tower,0,2,6,2,10,0,0,68,60,128,0,2,74,62,138,84,8,92,230
06/12/2020,BAK,IN,AGL,CE,Federal Contract Tower,0,0,6,2,8,0,0,80,8,88,0,0,86,10,96,82,26,108,204
06/13/2020,BAK,IN,AGL,CE,Federal Contract Tower,0,0,8,0,8,0,0,63,0,63,0,0,71,0,71,72,0,72,143
06/14/2020,BAK,IN,AGL,CE,Federal Contract Tower,0,0,4,0,4,0,0,63,0,63,0,0,67,0,67,32,0,32,99
06/15/2020,BAK,IN,AGL,CE,Federal Contract Tower,0,0,15,0,15,0,0,78,0,78,0,0,93,0,93,132,0,132,225
06/16/2020,BAK,IN,AGL,CE,Federal Contract Tower,0,0,7,0,7,0,0,108,0,108,0,0,115,0,115,218,0,218,333
06/17/2020,BAK,IN,AGL,CE,Federal Contract Tower,0,0,16,2,18,0,0,77,0,77,0,0,93,2,95,88,6,94,189
06/18/2020,BAK,IN,AGL,CE,Federal Contract Tower,0,2,8,0,10,0,0,104,0,104,0,2,112,0,114,164,0,164,278
06/19/2020,BAK,IN,AGL,CE,Federal Contract Tower,0,0,19,0,19,0,0,121,0,121,0,0,140,0,140,82,0,82,222
06/20/2020,BAK,IN,AGL,CE,Federal Contract Tower,0,0,16,0,16,0,0,158,0,158,0,0,174,0,174,48,0,48,222
06/21/2020,BAK,IN,AGL,CE,Federal Contract Tower,0,0,6,0,6,0,0,30,0,30,0,0,36,0,36,30,0,30,66
06/22/2020,BAK,IN,AGL,CE,Federal Contract Tower,0,0,12,0,12,0,0,37,0,37,0,0,49,0,49,50,0,50,99
06/23/2020,BAK,IN,AGL,CE,Federal Contract Tower,0,2,13,0,15,0,0,38,0,38,0,2,51,0,53,90,0,90,143
06/24/2020,BAK,IN,AGL,CE,Federal Contract Tower,0,0,9,0,9,0,0,90,0,90,0,0,99,0,99,154,0,154,253
06/25/2020,BAK,IN,AGL,CE,Federal Contract Tower,0,3,14,0,17,0,0,70,0,70,0,3,84,0,87,64,0,64,151
06/26/2020,BAK,IN,AGL,CE,Federal Contract Tower,2,0,21,0,23,0,0,68,0,68,2,0,89,0,91,78,0,78,169
06/27/2020,BAK,IN,AGL,CE,Federal Contract Tower,0,0,4,0,4,0,0,0,0,0,0,0,4,0,4,0,0,0,4
06/28/2020,BAK,IN,AGL,CE,Federal Contract Tower,0,2,7,0,9,0,0,12,0,12,0,2,19,0,21,8,0,8,29
06/29/2020,BAK,IN,AGL,CE,Federal Contract Tower,0,1,11,0,12,0,0,8,0,8,0,1,19,0,20,8,0,8,28
06/30/2020,BAK,IN,AGL,CE,Federal Contract Tower,0,0,8,0,8,0,0,64,0,64,0,0,72,0,72,118,0,118,190
07/01/2020,BAK,IN,AGL,CE,Federal Contract Tower,0,2,14,2,18,0,0,56,0,56,0,2,70,2,74,78,0,78,152
07/02/2020,BAK,IN,AGL,CE,Federal Contract Tower,0,5,18,0,23,0,0,100,0,100,0,5,118,0,123,100,0,100,223
07/03/2020,BAK,IN,AGL,CE,Federal Contract Tower,0,1,15,0,16,0,0,115,0,115,0,1,130,0,131,142,0,142,273
07/04/2020,BAK,IN,AGL,CE,Federal Contract Tower,0,1,2,0,3,0,0,41,0,41,0,1,43,0,44,14,0,14,58
07/05/2020,BAK,IN,AGL,CE,Federal Contract Tower,0,0,2,0,2,0,0,46,0,46,0,0,48,0,48,58,0,58,106
07/06/2020,BAK,IN,AGL,CE,Federal Contract Tower,0,0,3,0,3,0,0,65,0,65,0,0,68,0,68,98,0,98,166
07/07/2020,BAK,IN,AGL,CE,Federal Contract Tower,0,0,12,0,12,0,0,54,4,58,0,0,66,4,70,38,20,58,128
07/08/2020,BAK,IN,AGL,CE,Federal Contract Tower,0,2,10,0,12,0,0,80,12,92,0,2,90,12,104,102,16,118,222
07/09/2020,BAK,IN,AGL,CE,Federal Contract Tower,0,2,16,0,18,0,0,54,22,76,0,2,70,22,94,64,58,122,216
07/10/2020,BAK,IN,AGL,CE,Federal Contract Tower,0,0,6,0,6,0,0,34,2,36,0,0,40,2,42,60,0,60,102
07/11/2020,BAK,IN,AGL,CE,Federal Contract Tower,0,0,15,0,15,0,0,54,0,54,0,0,69,0,69,48,0,48,117
07/12/2020,BAK,IN,AGL,CE,Federal Contract Tower,0,0,8,0,8,0,0,46,2,48,0,0,54,2,56,26,0,26,82
07/13/2020,BAK,IN,AGL,CE,Federal Contract Tower,0,0,2,0,2,0,0,87,0,87,0,0,89,0,89,144,0,144,233
07/14/2020,BAK,IN,AGL,CE,Federal Contract Tower,0,0,30,1,31,0,0,88,4,92,0,0,118,5,123,146,20,166,289
07/15/2020,BAK,IN,AGL,CE,Federal Contract Tower,0,6,6,2,14,0,0,88,12,100,0,6,94,14,114,94,34,128,242
07/16/2020,BAK,IN,AGL,CE,Federal Contract Tower,0,1,10,0,11,0,0,30,0,30,0,1,40,0,41,38,0,38,79
07/17/2020,BAK,IN,AGL,CE,Federal Contract Tower,0,0,19,0,19,0,0,69,0,69,0,0,88,0,88,128,0,128,216
07/18/2020,BAK,IN,AGL,CE,Federal Contract Tower,0,0,18,0,18,0,0,74,0,74,0,0,92,0,92,12,0,12,104
07/19/2020,BAK,IN,AGL,CE,Federal Contract Tower,0,0,12,0,12,0,0,44,0,44,0,0,56,0,56,34,0,34,90
07/20/2020,BAK,IN,AGL,CE,Federal Contract Tower,0,1,6,0,7,0,0,52,0,52,0,1,58,0,59,72,0,72,131
07/21/2020,BAK,IN,AGL,CE,Federal Contract Tower,0,2,8,0,10,0,0,44,0,44,0,2,52,0,54,112,0,112,166
07/22/2020,BAK,IN,AGL,CE,Federal Contract Tower,0,0,3,0,3,0,0,14,0,14,0,0,17,0,17,22,0,22,39
07/23/2020,BAK,IN,AGL,CE,Federal Contract Tower,0,0,5,1,6,0,0,44,10,54,0,0,49,11,60,58,24,82,142
07/24/2020,BAK,IN,AGL,CE,Federal Contract Tower,0,0,5,0,5,0,0,95,0,95,0,0,100,0,100,92,0,92,192
07/25/2020,BAK,IN,AGL,CE,Federal Contract Tower,0,3,13,2,18,0,0,78,0,78,0,3,91,2,96,68,0,68,164
07/26/2020,BAK,IN,AGL,CE,Federal Contract Tower,0,0,4,0,4,0,0,110,0,110,0,0,114,0,114,60,0,60,174
07/27/2020,BAK,IN,AGL,CE,Federal Contract Tower,0,0,0,0,0,0,0,32,4,36,0,0,32,4,36,36,0,36,72
07/28/2020,BAK,IN,AGL,CE,Federal Contract Tower,0,4,18,0,22,0,0,78,10,88,0,4,96,10,110,86,44,130,240
07/29/2020,BAK,IN,AGL,CE,Federal Contract Tower,0,0,12,0,12,0,0,75,0,75,0,0,87,0,87,60,0,60,147
07/30/2020,BAK,IN,AGL,CE,Federal Contract Tower,0,3,4,0,7,0,0,2,0,2,0,3,6,0,9,0,0,0,9
07/31/2020,BAK,IN,AGL,CE,Federal Contract Tower,0,3,20,0,23,0,0,80,0,80,0,3,100,0,103,68,0,68,171
08/01/2020,BAK,IN,AGL,CE,Federal Contract Tower,0,0,4,0,4,0,0,0,0,0,0,0,4,0,4,0,0,0,4
08/02/2020,BAK,IN,AGL,CE,Federal Contract Tower,0,0,8,0,8,0,0,40,0,40,0,0,48,0,48,98,0,98,146
08/03/2020,BAK,IN,AGL,CE,Federal Contract Tower,0,2,8,0,10,0,0,40,0,40,0,2,48,0,50,44,0,44,94
08/04/2020,BAK,IN,AGL,CE,Federal Contract Tower,0,2,16,4,22,0,0,22,6,28,0,2,38,10,50,32,28,60,110
08/05/2020,BAK,IN,AGL,CE,Federal Contract Tower,0,1,11,4,16,0,0,88,6,94,0,1,99,10,110,96,54,150,260
08/06/2020,BAK,IN,AGL,CE,Federal Contract Tower,0,0,10,0,10,0,0,82,0,82,0,0,92,0,92,76,0,76,168
08/07/2020,BAK,IN,AGL,CE,Federal Contract Tower,0,0,16,0,16,0,0,98,0,98,0,0,114,0,114,22,0,22,136
08/08/2020,BAK,IN,AGL,CE,Federal Contract Tower,0,2,3,2,7,0,0,102,2,104,0,2,105,4,111,72,4,76,187
08/09/2020,BAK,IN,AGL,CE,Federal Contract Tower,0,0,16,0,16,0,0,114,0,114,0,0,130,0,130,36,0,36,166
08/10/2020,BAK,IN,AGL,CE,Federal Contract Tower,0,1,4,0,5,0,0,14,0,14,0,1,18,0,19,34,0,34,53
08/11/2020,BAK,IN,AGL,CE,Federal Contract Tower,0,0,4,0,4,0,0,35,4,39,0,0,39,4,43,90,32,122,165
08/12/2020,BAK,IN,AGL,CE,Federal Contract Tower,0,2,12,1,15,0,0,84,8,92,0,2,96,9,107,90,26,116,223
08/13/2020,BAK,IN,AGL,CE,Federal Contract Tower,0,0,12,1,13,0,0,52,8,60,0,0,64,9,73,45,20,65,138
08/14/2020,BAK,IN,AGL,CE,Federal Contract Tower,0,10,6,0,16,0,0,75,0,75,0,10,81,0,91,46,0,46,137
08/15/2020,BAK,IN,AGL,CE,Federal Contract Tower,0,2,20,0,22,0,0,90,0,90,0,2,110,0,112,96,0,96,208
08/16/2020,BAK,IN,AGL,CE,Federal Contract Tower,0,0,23,0,23,0,0,38,0,38,0,0,61,0,61,40,0,40,101
08/17/2020,BAK,IN,AGL,CE,Federal Contract Tower,0,1,18,2,21,0,0,76,4,80,0,1,94,6,101,86,52,138,239
08/18/2020,BAK,IN,AGL,CE,Federal Contract Tower,0,2,8,0,10,0,0,25,0,25,0,2,33,0,35,80,0,80,115
08/19/2020,BAK,IN,AGL,CE,Federal Contract Tower,0,0,10,2,12,0,0,120,22,142,0,0,130,24,154,62,0,62,216
08/20/2020,BAK,IN,AGL,CE,Federal Contract Tower,0,0,8,2,10,0,0,50,10,60,0,0,58,12,70,70,50,120,190
08/21/2020,BAK,IN,AGL,CE,Federal Contract Tower,0,2,2,0,4,0,0,72,2,74,0,2,74,2,78,138,0,138,216
08/22/2020,BAK,IN,AGL,CE,Federal Contract Tower,0,0,8,0,8,0,0,64,0,64,0,0,72,0,72,20,0,20,92
08/23/2020,BAK,IN,AGL,CE,Federal Contract Tower,0,2,4,0,6,0,0,64,0,64,0,2,68,0,70,44,0,44,114
08/24/2020,BAK,IN,AGL,CE,Federal Contract Tower,0,0,10,4,14,0,0,57,9,66,0,0,67,13,80,26,58,84,164
08/25/2020,BAK,IN,AGL,CE,Federal Contract Tower,0,0,10,0,10,0,0,72,8,80,0,0,82,8,90,48,40,88,178
08/26/2020,BAK,IN,AGL,CE,Federal Contract Tower,0,0,7,0,7,0,0,108,6,114,0,0,115,6,121,66,0,66,187
08/27/2020,BAK,IN,AGL,CE,Federal Contract Tower,0,0,11,0,11,0,0,29,0,29,0,0,40,0,40,52,0,52,92
08/28/2020,BAK,IN,AGL,CE,Federal Contract Tower,0,0,5,0,5,0,0,13,0,13,0,0,18,0,18,26,0,26,44
08/29/2020,BAK,IN,AGL,CE,Federal Contract Tower,0,2,4,0,6,0,0,48,0,48,0,2,52,0,54,42,0,42,96
08/30/2020,BAK,IN,AGL,CE,Federal Contract Tower,0,0,8,0,8,0,0,104,0,104,0,0,112,0,112,166,0,166,278
08/31/2020,BAK,IN,AGL,CE,Federal Contract Tower,0,0,6,0,6,0,0,44,1,45,0,0,50,1,51,62,0,62,113
09/01/2020,BAK,IN,AGL,CE,Federal Contract Tower,0,1,21,0,22,0,0,18,6,24,0,1,39,6,46,0,10,10,56
09/02/2020,BAK,IN,AGL,CE,Federal Contract Tower,0,0,27,3,30,0,0,18,2,20,0,0,45,5,50,28,12,40,90
09/03/2020,BAK,IN,AGL,CE,Federal Contract Tower,0,0,16,0,16,0,0,26,2,28,0,0,42,2,44,0,12,12,56
09/04/2020,BAK,IN,AGL,CE,Federal Contract Tower,0,2,10,0,12,0,0,100,0,100,0,2,110,0,112,68,0,68,180
09/05/2020,BAK,IN,AGL,CE,Federal Contract Tower,0,0,5,0,5,0,0,78,0,78,0,0,83,0,83,82,0,82,165
09/06/2020,BAK,IN,AGL,CE,Federal Contract Tower,0,1,6,0,7,0,0,66,0,66,0,1,72,0,73,42,0,42,115
09/07/2020,BAK,IN,AGL,CE,Federal Contract Tower,0,0,15,0,15,0,0,66,0,66,0,0,81,0,81,30,0,30,111
09/08/2020,BAK,IN,AGL,CE,Federal Contract Tower,0,0,6,0,6,0,0,88,0,88,0,0,94,0,94,72,0,72,166
09/09/2020,BAK,IN,AGL,CE,Federal Contract Tower,0,2,12,2,16,0,0,62,0,62,0,2,74,2,78,48,0,48,126
09/10/2020,BAK,IN,AGL,CE,Federal Contract Tower,0,0,18,0,18,0,0,19,2,21,0,0,37,2,39,58,0,58,97
09/11/2020,BAK,IN,AGL,CE,Federal Contract Tower,0,0,14,6,20,0,0,22,2,24,0,0,36,8,44,36,22,58,102
09/12/2020,BAK,IN,AGL,CE,Federal Contract Tower,0,2,29,2,33,0,0,43,6,49,0,2,72,8,82,10,0,10,92
09/13/2020,BAK,IN,AGL,CE,Federal Contract Tower,0,2,22,0,24,0,0,68,0,68,0,2,90,0,92,34,0,34,126
09/14/2020,BAK,IN,AGL,CE,Federal Contract Tower,0,0,13,0,13,0,0,116,0,116,0,0,129,0,129,54,0,54,183
09/15/2020,BAK,IN,AGL,CE,Federal Contract Tower,0,0,17,0,17,0,0,118,2,120,0,0,135,2,137,56,0,56,193
09/16/2020,BAK,IN,AGL,CE,Federal Contract Tower,0,0,8,0,8,0,0,84,0,84,0,0,92,0,92,148,0,148,240
09/17/2020,BAK,IN,AGL,CE,Federal Contract Tower,0,0,14,0,14,0,0,108,6,114,0,0,122,6,128,82,0,82,210
09/18/2020,BAK,IN,AGL,CE,Federal Contract Tower,0,2,6,0,8,0,0,130,0,130,0,2,136,0,138,36,0,36,174
09/19/2020,BAK,IN,AGL,CE,Federal Contract Tower,0,0,6,0,6,0,0,70,0,70,0,0,76,0,76,24,0,24,100
09/20/2020,BAK,IN,AGL,CE,Federal Contract Tower,0,0,10,0,10,0,0,76,0,76,0,0,86,0,86,6,0,6,92
09/21/2020,BAK,IN,AGL,CE,Federal Contract Tower,0,0,10,6,16,0,0,134,0,134,0,0,144,6,150,80,0,80,230
09/22/2020,BAK,IN,AGL,CE,Federal Contract Tower,0,0,6,0,6,0,0,96,0,96,0,0,102,0,102,134,0,134,236
09/23/2020,BAK,IN,AGL,CE,Federal Contract Tower,0,0,11,0,11,0,0,104,0,104,0,0,115,0,115,84,0,84,199
09/24/2020,BAK,IN,AGL,CE,Federal Contract Tower,0,0,15,4,19,0,0,104,0,104,0,0,119,4,123,88,0,88,211
09/25/2020,BAK,IN,AGL,CE,Federal Contract Tower,0,0,15,3,18,0,0,152,0,152,0,0,167,3,170,82,0,82,252
09/26/2020,BAK,IN,AGL,CE,Federal Contract Tower,0,2,26,11,39,0,0,60,0,60,0,2,86,11,99,0,0,0,99
09/27/2020,BAK,IN,AGL,CE,Federal Contract Tower,0,0,14,0,14,0,0,92,0,92,0,0,106,0,106,60,0,60,166
09/28/2020,BAK,IN,AGL,CE,Federal Contract Tower,0,0,10,0,10,0,0,6,0,6,0,0,16,0,16,6,0,6,22
09/29/2020,BAK,IN,AGL,CE,Federal Contract Tower,0,0,6,4,10,0,0,53,0,53,0,0,59,4,63,170,0,170,233
09/30/2020,BAK,IN,AGL,CE,Federal Contract Tower,0,0,7,0,7,0,0,29,2,31,0,0,36,2,38,12,10,22,60
10/01/2020,BAK,IN,AGL,CE,Federal Contract Tower,0,0,7,0,7,0,0,41,0,41,0,0,48,0,48,56,0,56,104
10/02/2020,BAK,IN,AGL,CE,Federal Contract Tower,0,1,18,0,19,0,0,58,0,58,0,1,76,0,77,96,0,96,173
10/03/2020,BAK,IN,AGL,CE,Federal Contract Tower,0,1,6,0,7,0,0,60,0,60,0,1,66,0,67,38,0,38,105
10/04/2020,BAK,IN,AGL,CE,Federal Contract Tower,0,4,10,0,14,0,0,28,0,28,0,4,38,0,42,28,0,28,70
10/05/2020,BAK,IN,AGL,CE,Federal Contract Tower,0,2,16,2,20,0,0,46,0,46,0,2,62,2,66,36,0,36,102
10/06/2020,BAK,IN,AGL,CE,Federal Contract Tower,0,0,6,4,10,0,0,33,0,33,0,0,39,4,43,8,0,8,51
10/07/2020,BAK,IN,AGL,CE,Federal Contract Tower,0,2,4,0,6,0,0,62,2,64,0,2,66,2,70,46,12,58,128
10/08/2020,BAK,IN,AGL,CE,Federal Contract Tower,0,0,8,0,8,0,0,40,2,42,0,0,48,2,50,38,6,44,94
10/09/2020,BAK,IN,AGL,CE,Federal Contract Tower,0,0,25,0,25,0,0,55,5,60,0,0,80,5,85,74,0,74,159
10/10/2020,BAK,IN,AGL,CE,Federal Contract Tower,0,0,11,0,11,0,0,42,0,42,0,0,53,0,53,32,0,32,85
10/11/2020,BAK,IN,AGL,CE,Federal Contract Tower,0,0,13,0,13,0,0,21,0,21,0,0,34,0,34,32,0,32,66
10/12/2020,BAK,IN,AGL,CE,Federal Contract Tower,0,0,6,0,6,0,0,4,0,4,0,0,10,0,10,0,0,0,10
10/13/2020,BAK,IN,AGL,CE,Federal Contract Tower,0,0,8,2,10,0,0,88,6,94,0,0,96,8,104,100,26,126,230
10/14/2020,BAK,IN,AGL,CE,Federal Contract Tower,0,0,8,1,9,0,0,34,2,36,0,0,42,3,45,12,10,22,67
10/15/2020,BAK,IN,AGL,CE,Federal Contract Tower,0,0,6,1,7,0,0,14,4,18,0,0,20,5,25,6,2,8,33
10/16/2020,BAK,IN,AGL,CE,Federal Contract Tower,0,0,12,0,12,0,0,68,0,68,0,0,80,0,80,88,0,88,168
10/17/2020,BAK,IN,AGL,CE,Federal Contract Tower,0,0,5,0,5,0,0,54,3,57,0,0,59,3,62,82,6,88,150
10/18/2020,BAK,IN,AGL,CE,Federal Contract Tower,0,2,4,0,6,0,0,21,0,21,0,2,25,0,27,20,0,20,47
10/19/2020,BAK,IN,AGL,CE,Federal Contract Tower,0,0,0,0,0,0,0,2,0,2,0,0,2,0,2,0,0,0,2
10/20/2020,BAK,IN,AGL,CE,Federal Contract Tower,0,0,12,0,12,0,0,0,0,0,0,0,12,0,12,0,0,0,12
10/21/2020,BAK,IN,AGL,CE,Federal Contract Tower,0,2,10,0,12,0,0,2,0,2,0,2,12,0,14,0,0,0,14
10/22/2020,BAK,IN,AGL,CE,Federal Contract Tower,0,1,10,2,13,0,0,86,2,88,0,1,96,4,101,142,16,158,259
10/23/2020,BAK,IN,AGL,CE,Federal Contract Tower,0,2,13,0,15,0,0,34,0,34,0,2,47,0,49,42,0,42,91
10/24/2020,BAK,IN,AGL,CE,Federal Contract Tower,0,0,6,0,6,0,0,51,0,51,0,0,57,0,57,110,0,110,167
10/25/2020,BAK,IN,AGL,CE,Federal Contract Tower,0,0,11,0,11,0,0,7,0,7,0,0,18,0,18,6,0,6,24
10/26/2020,BAK,IN,AGL,CE,Federal Contract Tower,0,0,3,1,4,0,0,0,2,2,0,0,3,3,6,2,2,4,10
10/27/2020,BAK,IN,AGL,CE,Federal Contract Tower,0,8,16,14,38,0,0,0,0,0,0,8,16,14,38,0,0,0,38
10/28/2020,BAK,IN,AGL,CE,Federal Contract Tower,0,0,18,2,20,0,0,12,8,20,0,0,30,10,40,28,30,58,98
10/29/2020,BAK,IN,AGL,CE,Federal Contract Tower,0,0,6,2,8,0,0,0,0,0,0,0,6,2,8,0,12,12,20
10/30/2020,BAK,IN,AGL,CE,Federal Contract Tower,0,0,10,0,10,0,0,66,0,66,0,0,76,0,76,136,0,136,212
10/31/2020,BAK,IN,AGL,CE,Federal Contract Tower,0,0,2,0,2,0,0,101,0,101,0,0,103,0,103,106,0,106,209
11/01/2020,BAK,IN,AGL,CE,Federal Contract Tower,0,0,4,0,4,0,0,4,0,4,0,0,8,0,8,0,0,0,8
11/02/2020,BAK,IN,AGL,CE,Federal Contract Tower,0,0,9,0,9,0,0,39,0,39,0,0,48,0,48,98,0,98,146
11/03/2020,BAK,IN,AGL,CE,Federal Contract Tower,0,4,2,0,6,0,0,80,2,82,0,4,82,2,88,126,0,126,214
11/04/2020,BAK,IN,AGL,CE,Federal Contract Tower,0,0,6,3,9,0,0,70,10,80,0,0,76,13,89,58,32,90,179
11/05/2020,BAK,IN,AGL,CE,Federal Contract Tower,0,5,10,1,16,0,0,50,12,62,0,5,60,13,78,80,50,130,208
11/06/2020,BAK,IN,AGL,CE,Federal Contract Tower,0,0,4,0,4,0,0,47,0,47,0,0,51,0,51,112,0,112,163
11/07/2020,BAK,IN,AGL,CE,Federal Contract Tower,0,2,4,0,6,0,0,140,0,140,0,2,144,0,146,60,0,60,206
11/08/2020,BAK,IN,AGL,CE,Federal Contract Tower,0,2,8,0,10,0,0,150,0,150,0,2,158,0,160,104,0,104,264
11/09/2020,BAK,IN,AGL,CE,Federal Contract Tower,0,0,15,0,15,0,0,85,4,89,0,0,100,4,104,98,0,98,202
11/10/2020,BAK,IN,AGL,CE,Federal Contract Tower,0,0,4,0,4,0,0,40,2,42,0,0,44,2,46,50,0,50,96
11/11/2020,BAK,IN,AGL,CE,Federal Contract Tower,0,2,9,0,11,0,0,54,0,54,0,2,63,0,65,86,0,86,151
11/12/2020,BAK,IN,AGL,CE,Federal Contract Tower,0,2,9,2,13,0,0,47,2,49,0,2,56,4,62,94,12,106,168
11/13/2020,BAK,IN,AGL,CE,Federal Contract Tower,0,1,11,1,13,0,0,74,20,94,0,1,85,21,107,134,0,134,241
11/14/2020,BAK,IN,AGL,CE,Federal Contract Tower,0,2,0,0,2,0,0,74,0,74,0,2,74,0,76,42,0,42,118
11/15/2020,BAK,IN,AGL,CE,Federal Contract Tower,0,2,0,0,2,0,0,0,0,0,0,2,0,0,2,0,0,0,2
11/16/2020,BAK,IN,AGL,CE,Federal Contract Tower,0,0,8,0,8,0,0,47,0,47,0,0,55,0,55,32,0,32,87
11/17/2020,BAK,IN,AGL,CE,Federal Contract Tower,0,0,7,3,10,0,0,98,22,120,0,0,105,25,130,88,26,114,244
11/18/2020,BAK,IN,AGL,CE,Federal Contract Tower,0,7,12,4,23,0,0,104,32,136,0,7,116,36,159,76,82,158,317
11/19/2020,BAK,IN,AGL,CE,Federal Contract Tower,0,2,0,0,2,0,0,2,6,8,0,2,2,6,10,0,24,24,34
11/20/2020,BAK,IN,AGL,CE,Federal Contract Tower,0,6,16,0,22,0,0,47,0,47,0,6,63,0,69,74,0,74,143
11/21/2020,BAK,IN,AGL,CE,Federal Contract Tower,0,2,8,0,10,0,0,22,0,22,0,2,30,0,32,32,0,32,64
11/22/2020,BAK,IN,AGL,CE,Federal Contract Tower,0,1,1,0,2,0,0,0,0,0,0,1,1,0,2,0,0,0,2
11/23/2020,BAK,IN,AGL,CE,Federal Contract Tower,0,1,13,0,14,0,0,62,0,62,0,1,75,0,76,74,0,74,150
11/24/2020,BAK,IN,AGL,CE,Federal Contract Tower,0,3,4,0,7,0,0,62,14,76,0,3,66,14,83,50,40,90,173
11/25/2020,BAK,IN,AGL,CE,Federal Contract Tower,0,1,2,0,3,0,0,0,0,0,0,1,2,0,3,0,0,0,3
11/26/2020,BAK,IN,AGL,CE,Federal Contract Tower,0,0,2,0,2,0,0,2,0,2,0,0,4,0,4,0,0,0,4
11/27/2020,BAK,IN,AGL,CE,Federal Contract Tower,0,4,10,0,14,0,0,60,0,60,0,4,70,0,74,48,0,48,122
11/28/2020,BAK,IN,AGL,CE,Federal Contract Tower,0,0,13,0,13,0,0,75,0,75,0,0,88,0,88,26,0,26,114
11/29/2020,BAK,IN,AGL,CE,Federal Contract Tower,0,0,12,0,12,0,0,41,0,41,0,0,53,0,53,38,0,38,91
11/30/2020,BAK,IN,AGL,CE,Federal Contract Tower,0,0,0,0,0,0,0,0,0,0,0,0,0,0,0,0,0,0,0
12/01/2020,BAK,IN,AGL,CE,Federal Contract Tower,0,0,9,0,9,0,0,40,0,40,0,0,49,0,49,48,0,48,97
12/02/2020,BAK,IN,AGL,CE,Federal Contract Tower,0,0,12,0,12,0,0,60,0,60,0,0,72,0,72,128,0,128,200
12/03/2020,BAK,IN,AGL,CE,Federal Contract Tower,0,0,10,0,10,0,0,42,6,48,0,0,52,6,58,172,28,200,258
12/04/2020,BAK,IN,AGL,CE,Federal Contract Tower,0,0,2,2,4,0,0,52,2,54,0,0,54,4,58,78,16,94,152
12/05/2020,BAK,IN,AGL,CE,Federal Contract Tower,0,0,10,2,12,0,0,50,2,52,0,0,60,4,64,78,12,90,154
12/06/2020,BAK,IN,AGL,CE,Federal Contract Tower,0,0,6,0,6,0,0,17,0,17,0,0,23,0,23,14,0,14,37
12/07/2020,BAK,IN,AGL,CE,Federal Contract Tower,0,0,4,0,4,0,0,66,0,66,0,0,70,0,70,148,0,148,218
12/08/2020,BAK,IN,AGL,CE,Federal Contract Tower,0,0,6,0,6,0,0,18,6,24,0,0,24,6,30,32,20,52,82
12/09/2020,BAK,IN,AGL,CE,Federal Contract Tower,0,0,18,0,18,0,0,108,10,118,0,0,126,10,136,196,38,234,370
12/10/2020,BAK,IN,AGL,CE,Federal Contract Tower,0,2,10,4,16,0,0,92,10,102,0,2,102,14,118,88,30,118,236
12/11/2020,BAK,IN,AGL,CE,Federal Contract Tower,0,0,0,0,0,0,0,106,0,106,0,0,106,0,106,140,0,140,246
12/12/2020,BAK,IN,AGL,CE,Federal Contract Tower,0,0,4,0,4,0,0,2,0,2,0,0,6,0,6,0,0,0,6
12/13/2020,BAK,IN,AGL,CE,Federal Contract Tower,0,0,4,2,6,0,0,2,4,6,0,0,6,6,12,6,12,18,30
12/14/2020,BAK,IN,AGL,CE,Federal Contract Tower,0,3,5,0,8,0,0,10,0,10,0,3,15,0,18,28,0,28,46
12/15/2020,BAK,IN,AGL,CE,Federal Contract Tower,0,2,18,1,21,0,0,49,0,49,0,2,67,1,70,162,0,162,232
12/16/2020,BAK,IN,AGL,CE,Federal Contract Tower,0,0,4,0,4,0,0,0,0,0,0,0,4,0,4,0,0,0,4
12/17/2020,BAK,IN,AGL,CE,Federal Contract Tower,0,0,13,0,13,0,0,11,0,11,0,0,24,0,24,18,0,18,42
12/18/2020,BAK,IN,AGL,CE,Federal Contract Tower,0,3,17,0,20,0,0,65,0,65,0,3,82,0,85,132,0,132,217
12/19/2020,BAK,IN,AGL,CE,Federal Contract Tower,0,0,7,0,7,0,0,20,0,20,0,0,27,0,27,24,0,24,51
12/20/2020,BAK,IN,AGL,CE,Federal Contract Tower,0,2,7,0,9,0,0,16,0,16,0,2,23,0,25,8,0,8,33
12/21/2020,BAK,IN,AGL,CE,Federal Contract Tower,0,2,10,0,12,0,0,11,0,11,0,2,21,0,23,22,0,22,45
12/22/2020,BAK,IN,AGL,CE,Federal Contract Tower,0,0,9,0,9,0,0,134,0,134,0,0,143,0,143,172,0,172,315
12/23/2020,BAK,IN,AGL,CE,Federal Contract Tower,0,0,2,0,2,0,0,0,0,0,0,0,2,0,2,0,0,0,2
12/24/2020,BAK,IN,AGL,CE,Federal Contract Tower,0,0,2,0,2,0,0,1,0,1,0,0,3,0,3,0,0,0,3
12/25/2020,BAK,IN,AGL,CE,Federal Contract Tower,0,0,1,0,1,0,0,7,0,7,0,0,8,0,8,0,0,0,8
12/26/2020,BAK,IN,AGL,CE,Federal Contract Tower,0,2,5,0,7,0,0,40,0,40,0,2,45,0,47,14,0,14,61
12/27/2020,BAK,IN,AGL,CE,Federal Contract Tower,0,2,6,0,8,0,0,26,0,26,0,2,32,0,34,0,0,0,34
12/28/2020,BAK,IN,AGL,CE,Federal Contract Tower,0,0,3,0,3,0,0,6,0,6,0,0,9,0,9,20,0,20,29
12/29/2020,BAK,IN,AGL,CE,Federal Contract Tower,0,0,11,0,11,0,0,72,0,72,0,0,83,0,83,96,0,96,179
12/30/2020,BAK,IN,AGL,CE,Federal Contract Tower,0,0,2,0,2,0,0,0,0,0,0,0,2,0,2,0,0,0,2
12/31/2020,BAK,IN,AGL,CE,Federal Contract Tower,0,1,1,0,2,0,0,14,0,14,0,1,15,0,16,8,0,8,24
01/01/2021,BAK,IN,AGL,CE,Federal Contract Tower,0,1,2,0,3,0,0,0,0,0,0,1,2,0,3,0,0,0,3
01/02/2021,BAK,IN,AGL,CE,Federal Contract Tower,0,0,5,0,5,0,0,2,0,2,0,0,7,0,7,0,0,0,7
01/03/2021,BAK,IN,AGL,CE,Federal Contract Tower,0,0,3,0,3,0,0,2,0,2,0,0,5,0,5,4,0,4,9
01/04/2021,BAK,IN,AGL,CE,Federal Contract Tower,0,0,6,0,6,0,0,52,0,52,0,0,58,0,58,84,0,84,142
01/05/2021,BAK,IN,AGL,CE,Federal Contract Tower,0,2,2,2,6,0,0,2,0,2,0,2,4,2,8,0,0,0,8
01/06/2021,BAK,IN,AGL,CE,Federal Contract Tower,0,1,12,0,13,0,0,21,0,21,0,1,33,0,34,66,0,66,100
01/07/2021,BAK,IN,AGL,CE,Federal Contract Tower,0,2,6,1,9,0,0,46,12,58,0,2,52,13,67,68,36,104,171
01/08/2021,BAK,IN,AGL,CE,Federal Contract Tower,0,2,0,0,2,0,0,12,0,12,0,2,12,0,14,62,0,62,76
01/09/2021,BAK,IN,AGL,CE,Federal Contract Tower,0,2,7,0,9,0,0,7,2,9,0,2,14,2,18,28,0,28,46
01/10/2021,BAK,IN,AGL,CE,Federal Contract Tower,0,0,9,0,9,0,0,7,0,7,0,0,16,0,16,6,0,6,22
01/11/2021,BAK,IN,AGL,CE,Federal Contract Tower,0,0,2,0,2,0,0,22,0,22,0,0,24,0,24,130,0,130,154
01/12/2021,BAK,IN,AGL,CE,Federal Contract Tower,0,0,8,0,8,0,0,38,6,44,0,0,46,6,52,132,22,154,206
01/13/2021,BAK,IN,AGL,CE,Federal Contract Tower,0,0,14,4,18,0,0,76,4,80,0,0,90,8,98,157,14,171,269
01/14/2021,BAK,IN,AGL,CE,Federal Contract Tower,0,0,4,0,4,0,0,36,6,42,0,0,40,6,46,60,10,70,116
01/15/2021,BAK,IN,AGL,CE,Federal Contract Tower,0,0,7,0,7,0,0,23,0,23,0,0,30,0,30,32,0,32,62
01/16/2021,BAK,IN,AGL,CE,Federal Contract Tower,0,1,3,0,4,0,0,2,0,2,0,1,5,0,6,0,0,0,6
01/17/2021,BAK,IN,AGL,CE,Federal Contract Tower,0,0,0,0,0,0,0,0,0,0,0,0,0,0,0,0,0,0,0
01/18/2021,BAK,IN,AGL,CE,Federal Contract Tower,0,0,4,0,4,0,0,6,0,6,0,0,10,0,10,30,0,30,40
01/19/2021,BAK,IN,AGL,CE,Federal Contract Tower,0,0,16,0,16,0,0,48,0,48,0,0,64,0,64,46,0,46,110
01/20/2021,BAK,IN,AGL,CE,Federal Contract Tower,0,0,10,2,12,0,0,46,4,50,0,0,56,6,62,72,0,72,134
01/21/2021,BAK,IN,AGL,CE,Federal Contract Tower,0,0,10,2,12,0,0,68,10,78,0,0,78,12,90,78,10,88,178
01/22/2021,BAK,IN,AGL,CE,Federal Contract Tower,0,0,3,0,3,0,0,56,0,56,0,0,59,0,59,44,0,44,103
01/23/2021,BAK,IN,AGL,CE,Federal Contract Tower,0,0,14,2,16,0,0,60,8,68,0,0,74,10,84,36,42,78,162
01/24/2021,BAK,IN,AGL,CE,Federal Contract Tower,0,0,2,0,2,0,0,0,0,0,0,0,2,0,2,0,0,0,2
01/25/2021,BAK,IN,AGL,CE,Federal Contract Tower,0,0,7,0,7,0,0,0,0,0,0,0,7,0,7,0,0,0,7
01/26/2021,BAK,IN,AGL,CE,Federal Contract Tower,0,0,3,0,3,0,0,4,0,4,0,0,7,0,7,4,0,4,11
01/27/2021,BAK,IN,AGL,CE,Federal Contract Tower,0,3,0,0,3,0,0,12,0,12,0,3,12,0,15,96,0,96,111
01/28/2021,BAK,IN,AGL,CE,Federal Contract Tower,0,4,10,0,14,0,0,12,2,14,0,4,22,2,28,6,4,10,38
01/29/2021,BAK,IN,AGL,CE,Federal Contract Tower,0,1,8,0,9,0,0,63,0,63,0,1,71,0,72,48,0,48,120
01/30/2021,BAK,IN,AGL,CE,Federal Contract Tower,0,0,3,0,3,0,0,37,0,37,0,0,40,0,40,74,0,74,114
01/31/2021,BAK,IN,AGL,CE,Federal Contract Tower,0,0,0,0,0,0,0,0,0,0,0,0,0,0,0,0,0,0,0
02/01/2021,BAK,IN,AGL,CE,Federal Contract Tower,0,0,1,0,1,0,0,2,0,2,0,0,3,0,3,0,0,0,3
02/02/2021,BAK,IN,AGL,CE,Federal Contract Tower,0,0,3,0,3,0,0,31,0,31,0,0,34,0,34,96,0,96,130
02/03/2021,BAK,IN,AGL,CE,Federal Contract Tower,0,1,5,0,6,0,0,52,2,54,0,1,57,2,60,134,8,142,202
02/04/2021,BAK,IN,AGL,CE,Federal Contract Tower,0,1,0,0,1,0,0,8,2,10,0,1,8,2,11,22,2,24,35
02/05/2021,BAK,IN,AGL,CE,Federal Contract Tower,0,1,3,0,4,0,0,6,0,6,0,1,9,0,10,2,0,2,12
02/06/2021,BAK,IN,AGL,CE,Federal Contract Tower,0,2,16,2,20,0,0,61,0,61,0,2,77,2,81,138,0,138,219
02/07/2021,BAK,IN,AGL,CE,Federal Contract Tower,0,0,7,0,7,0,0,17,0,17,0,0,24,0,24,28,0,28,52
02/08/2021,BAK,IN,AGL,CE,Federal Contract Tower,0,2,7,0,9,0,0,32,0,32,0,2,39,0,41,58,0,58,99
02/09/2021,BAK,IN,AGL,CE,Federal Contract Tower,0,2,1,0,3,0,0,0,0,0,0,2,1,0,3,0,0,0,3
02/10/2021,BAK,IN,AGL,CE,Federal Contract Tower,0,0,7,0,7,0,0,0,0,0,0,0,7,0,7,0,0,0,7
02/11/2021,BAK,IN,AGL,CE,Federal Contract Tower,0,3,5,0,8,0,0,13,0,13,0,3,18,0,21,4,0,4,25
02/12/2021,BAK,IN,AGL,CE,Federal Contract Tower,0,3,10,2,15,0,0,27,2,29,0,3,37,4,44,32,0,32,76
02/13/2021,BAK,IN,AGL,CE,Federal Contract Tower,0,0,0,0,0,0,0,0,0,0,0,0,0,0,0,0,0,0,0
02/14/2021,BAK,IN,AGL,CE,Federal Contract Tower,0,0,3,0,3,0,0,6,0,6,0,0,9,0,9,4,0,4,13
02/15/2021,BAK,IN,AGL,CE,Federal Contract Tower,0,2,0,0,2,0,0,0,0,0,0,2,0,0,2,0,0,0,2
02/16/2021,BAK,IN,AGL,CE,Federal Contract Tower,0,2,1,0,3,0,0,0,0,0,0,2,1,0,3,0,0,0,3
02/17/2021,BAK,IN,AGL,CE,Federal Contract Tower,0,0,3,0,3,0,0,4,0,4,0,0,7,0,7,0,0,0,7
02/18/2021,BAK,IN,AGL,CE,Federal Contract Tower,0,0,2,0,2,0,0,0,0,0,0,0,2,0,2,0,0,0,2
02/19/2021,BAK,IN,AGL,CE,Federal Contract Tower,0,6,6,0,12,0,0,51,0,51,0,6,57,0,63,110,0,110,173
02/20/2021,BAK,IN,AGL,CE,Federal Contract Tower,0,0,4,0,4,0,0,54,1,55,0,0,58,1,59,54,6,60,119
02/21/2021,BAK,IN,AGL,CE,Federal Contract Tower,0,1,2,0,3,0,0,54,0,54,0,1,56,0,57,40,0,40,97
02/22/2021,BAK,IN,AGL,CE,Federal Contract Tower,0,2,6,0,8,0,0,6,0,6,0,2,12,0,14,40,0,40,54
02/23/2021,BAK,IN,AGL,CE,Federal Contract Tower,0,2,8,0,10,0,0,64,8,72,0,2,72,8,82,150,26,176,258
02/24/2021,BAK,IN,AGL,CE,Federal Contract Tower,0,0,6,2,8,0,0,21,4,25,0,0,27,6,33,28,14,42,75
02/25/2021,BAK,IN,AGL,CE,Federal Contract Tower,0,2,2,0,4,0,0,83,6,89,0,2,85,6,93,156,38,194,287
02/26/2021,BAK,IN,AGL,CE,Federal Contract Tower,0,4,2,0,6,0,0,61,0,61,0,4,63,0,67,102,0,102,169
02/27/2021,BAK,IN,AGL,CE,Federal Contract Tower,0,2,14,0,16,0,0,32,0,32,0,2,46,0,48,50,0,50,98
02/28/2021,BAK,IN,AGL,CE,Federal Contract Tower,0,1,10,0,11,0,0,4,0,4,0,1,14,0,15,0,0,0,15
03/01/2021,BAK,IN,AGL,CE,Federal Contract Tower,0,2,4,0,6,0,0,18,0,18,0,2,22,0,24,42,0,42,66
03/02/2021,BAK,IN,AGL,CE,Federal Contract Tower,0,1,14,0,15,0,0,72,6,78,0,1,86,6,93,106,20,126,219
03/03/2021,BAK,IN,AGL,CE,Federal Contract Tower,0,2,15,0,17,0,0,85,0,85,0,2,100,0,102,114,0,114,216
03/04/2021,BAK,IN,AGL,CE,Federal Contract Tower,0,5,6,0,11,0,0,41,0,41,0,5,47,0,52,56,0,56,108
03/05/2021,BAK,IN,AGL,CE,Federal Contract Tower,0,0,13,0,13,0,0,63,4,67,0,0,76,4,80,84,0,84,164
03/06/2021,BAK,IN,AGL,CE,Federal Contract Tower,0,5,6,2,13,0,0,108,0,108,0,5,114,2,121,52,0,52,173
03/07/2021,BAK,IN,AGL,CE,Federal Contract Tower,0,2,6,2,10,0,0,98,0,98,0,2,104,2,108,32,0,32,140
03/08/2021,BAK,IN,AGL,CE,Federal Contract Tower,0,1,12,0,13,0,0,63,0,63,0,1,75,0,76,70,0,70,146
03/09/2021,BAK,IN,AGL,CE,Federal Contract Tower,0,2,9,0,11,0,0,45,0,45,0,2,54,0,56,62,0,62,118
03/10/2021,BAK,IN,AGL,CE,Federal Contract Tower,0,4,10,4,18,0,0,2,0,2,0,4,12,4,20,0,0,0,20
03/11/2021,BAK,IN,AGL,CE,Federal Contract Tower,0,3,7,4,14,0,0,2,1,3,0,3,9,5,17,6,0,6,23
03/12/2021,BAK,IN,AGL,CE,Federal Contract Tower,0,3,17,4,24,0,0,47,1,48,0,3,64,5,72,68,0,68,140
03/13/2021,BAK,IN,AGL,CE,Federal Contract Tower,0,2,12,1,15,0,0,110,8,118,0,2,122,9,133,36,22,58,191
03/14/2021,BAK,IN,AGL,CE,Federal Contract Tower,0,0,6,2,8,0,0,58,12,70,0,0,64,14,78,32,6,38,116
03/15/2021,BAK,IN,AGL,CE,Federal Contract Tower,0,3,7,0,10,0,0,2,0,2,0,3,9,0,12,0,0,0,12
03/16/2021,BAK,IN,AGL,CE,Federal Contract Tower,0,2,13,2,17,0,0,9,0,9,0,2,22,2,26,46,4,50,76
03/17/2021,BAK,IN,AGL,CE,Federal Contract Tower,0,6,10,0,16,0,0,14,0,14,0,6,24,0,30,44,0,44,74
03/18/2021,BAK,IN,AGL,CE,Federal Contract Tower,0,1,3,0,4,0,0,0,0,0,0,1,3,0,4,0,0,0,4
03/19/2021,BAK,IN,AGL,CE,Federal Contract Tower,0,4,6,2,12,0,0,12,16,28,0,4,18,18,40,40,38,78,118
03/20/2021,BAK,IN,AGL,CE,Federal Contract Tower,0,1,9,0,10,0,0,120,0,120,0,1,129,0,130,54,0,54,184
03/21/2021,BAK,IN,AGL,CE,Federal Contract Tower,0,0,12,0,12,0,0,76,0,76,0,0,88,0,88,46,0,46,134
03/22/2021,BAK,IN,AGL,CE,Federal Contract Tower,0,0,12,0,12,0,0,128,0,128,0,0,140,0,140,214,0,214,354
03/23/2021,BAK,IN,AGL,CE,Federal Contract Tower,0,2,8,0,10,0,0,30,6,36,0,2,38,6,46,52,34,86,132
03/24/2021,BAK,IN,AGL,CE,Federal Contract Tower,0,2,7,0,9,0,0,24,0,24,0,2,31,0,33,14,0,14,47
03/25/2021,BAK,IN,AGL,CE,Federal Contract Tower,0,2,4,0,6,0,0,10,0,10,0,2,14,0,16,94,0,94,110
03/26/2021,BAK,IN,AGL,CE,Federal Contract Tower,0,0,5,2,7,0,0,4,2,6,0,0,9,4,13,20,0,20,33
03/27/2021,BAK,IN,AGL,CE,Federal Contract Tower,0,0,8,0,8,0,0,60,6,66,0,0,68,6,74,34,0,34,108
03/28/2021,BAK,IN,AGL,CE,Federal Contract Tower,0,0,2,0,2,0,0,3,0,3,0,0,5,0,5,0,0,0,5
03/29/2021,BAK,IN,AGL,CE,Federal Contract Tower,0,0,10,0,10,0,0,70,0,70,0,0,80,0,80,172,0,172,252
03/30/2021,BAK,IN,AGL,CE,Federal Contract Tower,0,4,4,0,8,0,0,34,0,34,0,4,38,0,42,72,0,72,114
03/31/2021,BAK,IN,AGL,CE,Federal Contract Tower,0,5,15,1,21,0,0,45,0,45,0,5,60,1,66,120,0,120,186
04/01/2021,BAK,IN,AGL,CE,Federal Contract Tower,0,0,6,0,6,0,0,26,0,26,0,0,32,0,32,82,0,82,114
04/02/2021,BAK,IN,AGL,CE,Federal Contract Tower,0,1,12,0,13,0,0,62,0,62,0,1,74,0,75,30,0,30,105
04/03/2021,BAK,IN,AGL,CE,Federal Contract Tower,0,0,10,0,10,0,0,74,0,74,0,0,84,0,84,14,0,14,98
04/06/2021,BAK,IN,AGL,CE,Federal Contract Tower,0,0,18,4,22,0,0,110,0,110,0,0,128,4,132,142,44,186,318
04/07/2021,BAK,IN,AGL,CE,Federal Contract Tower,0,0,0,0,0,0,0,42,2,44,0,0,42,2,44,92,0,92,136
04/08/2021,BAK,IN,AGL,CE,Federal Contract Tower,0,1,2,0,3,0,0,28,0,28,0,1,30,0,31,64,0,64,95
04/09/2021,BAK,IN,AGL,CE,Federal Contract Tower,0,2,2,1,5,0,0,28,6,34,0,2,30,7,39,38,0,38,77
04/10/2021,BAK,IN,AGL,CE,Federal Contract Tower,0,0,3,0,3,0,0,2,0,2,0,0,5,0,5,0,0,0,5
04/11/2021,BAK,IN,AGL,CE,Federal Contract Tower,0,2,10,0,12,0,0,0,0,0,0,2,10,0,12,0,0,0,12
04/12/2021,BAK,IN,AGL,CE,Federal Contract Tower,0,3,16,0,19,0,0,69,0,69,0,3,85,0,88,74,0,74,162
04/13/2021,BAK,IN,AGL,CE,Federal Contract Tower,0,0,8,3,11,0,0,103,0,103,0,0,111,3,114,218,0,218,332
04/14/2021,BAK,IN,AGL,CE,Federal Contract Tower,0,0,15,0,15,0,0,104,0,104,0,0,119,0,119,254,0,254,373
04/15/2021,BAK,IN,AGL,CE,Federal Contract Tower,0,0,8,3,11,0,0,61,10,71,0,0,69,13,82,114,14,128,210
04/16/2021,BAK,IN,AGL,CE,Federal Contract Tower,0,1,8,0,9,0,0,71,2,73,0,1,79,2,82,56,16,72,154
04/17/2021,BAK,IN,AGL,CE,Federal Contract Tower,0,2,2,6,10,0,0,32,0,32,0,2,34,6,42,6,0,6,48
04/18/2021,BAK,IN,AGL,CE,Federal Contract Tower,0,0,6,0,6,0,0,58,0,58,0,0,64,0,64,40,0,40,104
04/19/2021,BAK,IN,AGL,CE,Federal Contract Tower,0,0,7,0,7,0,0,87,0,87,0,0,94,0,94,126,0,126,220
04/20/2021,BAK,IN,AGL,CE,Federal Contract Tower,0,0,5,0,5,0,0,59,0,59,0,0,64,0,64,148,0,148,212
04/21/2021,BAK,IN,AGL,CE,Federal Contract Tower,0,0,0,0,0,0,0,34,0,34,0,0,34,0,34,162,0,162,196
04/22/2021,BAK,IN,AGL,CE,Federal Contract Tower,0,0,8,3,11,0,0,56,6,62,0,0,64,9,73,72,16,88,161
04/23/2021,BAK,IN,AGL,CE,Federal Contract Tower,0,0,6,1,7,0,0,59,0,59,0,0,65,1,66,102,0,102,168
04/24/2021,BAK,IN,AGL,CE,Federal Contract Tower,0,0,14,6,20,0,0,32,2,34,0,0,46,8,54,40,20,60,114
04/25/2021,BAK,IN,AGL,CE,Federal Contract Tower,0,2,14,4,20,0,0,34,2,36,0,2,48,6,56,38,20,58,114
04/26/2021,BAK,IN,AGL,CE,Federal Contract Tower,0,0,10,0,10,0,0,58,0,58,0,0,68,0,68,60,0,60,128
04/27/2021,BAK,IN,AGL,CE,Federal Contract Tower,0,0,3,2,5,0,0,62,4,66,0,0,65,6,71,48,8,56,127
04/28/2021,BAK,IN,AGL,CE,Federal Contract Tower,0,0,12,0,12,0,0,38,2,40,0,0,50,2,52,176,0,176,228
04/29/2021,BAK,IN,AGL,CE,Federal Contract Tower,0,0,3,3,6,0,0,19,6,25,0,0,22,9,31,90,12,102,133
04/30/2021,BAK,IN,AGL,CE,Federal Contract Tower,0,0,9,0,9,0,0,55,4,59,0,0,64,4,68,71,10,81,149
05/01/2021,BAK,IN,AGL,CE,Federal Contract Tower,0,0,8,2,10,0,0,46,0,46,0,0,54,2,56,78,0,78,134
05/02/2021,BAK,IN,AGL,CE,Federal Contract Tower,0,0,8,2,10,0,0,30,0,30,0,0,38,2,40,16,0,16,56
05/03/2021,BAK,IN,AGL,CE,Federal Contract Tower,0,0,8,0,8,0,0,36,0,36,0,0,44,0,44,132,0,132,176
05/04/2021,BAK,IN,AGL,CE,Federal Contract Tower,0,0,14,0,14,0,0,0,0,0,0,0,14,0,14,0,0,0,14
05/05/2021,BAK,IN,AGL,CE,Federal Contract Tower,0,2,17,2,21,0,0,99,4,103,0,2,116,6,124,132,4,136,260
05/06/2021,BAK,IN,AGL,CE,Federal Contract Tower,0,0,2,0,2,0,0,52,10,62,0,0,54,10,64,132,16,148,212
05/07/2021,BAK,IN,AGL,CE,Federal Contract Tower,0,2,14,2,18,0,0,64,0,64,0,2,78,2,82,74,0,74,156
05/08/2021,BAK,IN,AGL,CE,Federal Contract Tower,0,1,12,2,15,0,0,105,0,105,0,1,117,2,120,136,0,136,256
05/09/2021,BAK,IN,AGL,CE,Federal Contract Tower,0,2,6,0,8,0,0,3,0,3,0,2,9,0,11,0,0,0,11
05/10/2021,BAK,IN,AGL,CE,Federal Contract Tower,0,1,9,0,10,0,0,80,0,80,0,1,89,0,90,152,0,152,242
05/11/2021,BAK,IN,AGL,CE,Federal Contract Tower,2,0,7,0,9,0,0,78,0,78,2,0,85,0,87,162,0,162,249
05/12/2021,BAK,IN,AGL,CE,Federal Contract Tower,0,2,4,0,6,0,0,100,0,100,0,2,104,0,106,100,0,100,206
05/13/2021,BAK,IN,AGL,CE,Federal Contract Tower,0,0,2,0,2,0,0,84,10,94,0,0,86,10,96,110,34,144,240
05/14/2021,BAK,IN,AGL,CE,Federal Contract Tower,0,2,8,0,10,0,0,100,0,100,0,2,108,0,110,100,0,100,210
05/15/2021,BAK,IN,AGL,CE,Federal Contract Tower,0,2,5,0,7,0,0,74,4,78,0,2,79,4,85,34,0,34,119
05/16/2021,BAK,IN,AGL,CE,Federal Contract Tower,0,0,19,0,19,0,0,32,2,34,0,0,51,2,53,26,0,26,79
05/17/2021,BAK,IN,AGL,CE,Federal Contract Tower,0,2,14,0,16,0,0,8,0,8,0,2,22,0,24,44,0,44,68
05/18/2021,BAK,IN,AGL,CE,Federal Contract Tower,0,2,8,0,10,0,0,88,6,94,0,2,96,6,104,146,8,154,258
05/19/2021,BAK,IN,AGL,CE,Federal Contract Tower,0,3,17,0,20,0,0,59,2,61,0,3,76,2,81,210,0,210,291
05/20/2021,BAK,IN,AGL,CE,Federal Contract Tower,0,5,9,2,16,0,0,85,14,99,0,5,94,16,115,100,8,108,223
05/21/2021,BAK,IN,AGL,CE,Federal Contract Tower,0,0,11,2,13,0,0,78,3,81,0,0,89,5,94,108,0,108,202
05/22/2021,BAK,IN,AGL,CE,Federal Contract Tower,0,0,13,0,13,0,0,73,41,114,0,0,86,41,127,90,50,140,267
05/23/2021,BAK,IN,AGL,CE,Federal Contract Tower,0,1,2,0,3,0,0,128,0,128,0,1,130,0,131,152,0,152,283
05/24/2021,BAK,IN,AGL,CE,Federal Contract Tower,0,2,10,2,14,0,0,77,0,77,0,2,87,2,91,152,0,152,243
05/25/2021,BAK,IN,AGL,CE,Federal Contract Tower,0,2,11,0,13,0,0,79,0,79,0,2,90,0,92,188,0,188,280
05/26/2021,BAK,IN,AGL,CE,Federal Contract Tower,0,5,8,0,13,0,0,44,0,44,0,5,52,0,57,120,0,120,177
05/27/2021,BAK,IN,AGL,CE,Federal Contract Tower,0,2,7,4,13,0,0,29,8,37,0,2,36,12,50,54,6,60,110
05/28/2021,BAK,IN,AGL,CE,Federal Contract Tower,0,4,13,4,21,0,0,2,0,2,0,4,15,4,23,4,0,4,27
05/29/2021,BAK,IN,AGL,CE,Federal Contract Tower,0,2,11,0,13,0,0,30,0,30,0,2,41,0,43,6,0,6,49
05/30/2021,BAK,IN,AGL,CE,Federal Contract Tower,0,0,7,0,7,0,0,112,2,114,0,0,119,2,121,26,0,26,147
05/31/2021,BAK,IN,AGL,CE,Federal Contract Tower,0,0,9,1,10,0,0,71,0,71,0,0,80,1,81,42,0,42,123
06/01/2021,BAK,IN,AGL,CE,Federal Contract Tower,0,0,10,4,14,0,0,105,0,105,0,0,115,4,119,134,0,134,253
06/02/2021,BAK,IN,AGL,CE,Federal Contract Tower,0,1,7,0,8,0,0,0,0,0,0,1,7,0,8,0,0,0,8
06/03/2021,BAK,IN,AGL,CE,Federal Contract Tower,0,7,9,3,19,0,0,6,4,10,0,7,15,7,29,0,20,20,49
06/04/2021,BAK,IN,AGL,CE,Federal Contract Tower,0,3,20,1,24,0,0,74,0,74,0,3,94,1,98,118,0,118,216
06/05/2021,BAK,IN,AGL,CE,Federal Contract Tower,0,0,10,2,12,0,0,75,0,75,0,0,85,2,87,70,0,70,157
06/06/2021,BAK,IN,AGL,CE,Federal Contract Tower,0,1,12,2,15,0,0,36,0,36,0,1,48,2,51,44,0,44,95
06/07/2021,BAK,IN,AGL,CE,Federal Contract Tower,0,0,7,5,12,0,0,45,0,45,0,0,52,5,57,114,0,114,171
06/08/2021,BAK,IN,AGL,CE,Federal Contract Tower,0,5,9,2,16,0,0,29,4,33,0,5,38,6,49,68,14,82,131
06/09/2021,BAK,IN,AGL,CE,Federal Contract Tower,0,0,21,0,21,0,0,33,4,37,0,0,54,4,58,38,70,108,166
06/10/2021,BAK,IN,AGL,CE,Federal Contract Tower,0,0,15,5,20,0,0,50,1,51,0,0,65,6,71,0,0,0,71
06/11/2021,BAK,IN,AGL,CE,Federal Contract Tower,0,1,10,4,15,0,0,42,15,57,0,1,52,19,72,22,32,54,126
06/12/2021,BAK,IN,AGL,CE,Federal Contract Tower,0,0,15,0,15,0,0,94,0,94,0,0,109,0,109,50,0,50,159
06/13/2021,BAK,IN,AGL,CE,Federal Contract Tower,0,1,5,0,6,0,0,100,0,100,0,1,105,0,106,36,0,36,142
06/14/2021,BAK,IN,AGL,CE,Federal Contract Tower,0,0,20,1,21,0,0,87,2,89,0,0,107,3,110,90,0,90,200
06/15/2021,BAK,IN,AGL,CE,Federal Contract Tower,0,0,7,0,7,0,0,82,0,82,0,0,89,0,89,207,0,207,296
06/16/2021,BAK,IN,AGL,CE,Federal Contract Tower,0,2,4,2,8,0,0,108,0,108,0,2,112,2,116,162,0,162,278
06/17/2021,BAK,IN,AGL,CE,Federal Contract Tower,0,0,19,0,19,0,0,117,12,129,0,0,136,12,148,58,0,58,206
06/18/2021,BAK,IN,AGL,CE,Federal Contract Tower,0,3,13,0,16,0,0,92,0,92,0,3,105,0,108,40,0,40,148
06/19/2021,BAK,IN,AGL,CE,Federal Contract Tower,0,0,5,0,5,0,0,80,0,80,0,0,85,0,85,86,0,86,171
06/20/2021,BAK,IN,AGL,CE,Federal Contract Tower,0,0,12,0,12,0,0,94,0,94,0,0,106,0,106,126,0,126,232
06/21/2021,BAK,IN,AGL,CE,Federal Contract Tower,0,0,5,0,5,0,0,58,0,58,0,0,63,0,63,132,0,132,195
06/22/2021,BAK,IN,AGL,CE,Federal Contract Tower,0,1,12,0,13,0,0,137,0,137,0,1,149,0,150,240,0,240,390
06/23/2021,BAK,IN,AGL,CE,Federal Contract Tower,0,0,14,0,14,0,0,106,0,106,0,0,120,0,120,202,0,202,322
06/24/2021,BAK,IN,AGL,CE,Federal Contract Tower,0,4,18,2,24,0,0,128,8,136,0,4,146,10,160,260,18,278,438
06/25/2021,BAK,IN,AGL,CE,Federal Contract Tower,0,0,15,0,15,0,0,22,8,30,0,0,37,8,45,12,2,14,59
06/26/2021,BAK,IN,AGL,CE,Federal Contract Tower,0,0,10,0,10,0,0,85,0,85,0,0,95,0,95,112,0,112,207
06/27/2021,BAK,IN,AGL,CE,Federal Contract Tower,0,0,4,0,4,0,0,69,0,69,0,0,73,0,73,32,0,32,105
06/28/2021,BAK,IN,AGL,CE,Federal Contract Tower,0,0,10,0,10,0,0,83,0,83,0,0,93,0,93,154,0,154,247
06/29/2021,BAK,IN,AGL,CE,Federal Contract Tower,0,3,8,0,11,0,0,91,4,95,0,3,99,4,106,156,22,178,284
06/30/2021,BAK,IN,AGL,CE,Federal Contract Tower,0,1,6,0,7,0,0,21,0,21,0,1,27,0,28,70,0,70,98
07/01/2021,BAK,IN,AGL,CE,Federal Contract Tower,0,4,12,1,17,0,0,16,4,20,0,4,28,5,37,20,22,42,79
07/02/2021,BAK,IN,AGL,CE,Federal Contract Tower,0,2,12,0,14,0,0,100,0,100,0,2,112,0,114,84,0,84,198
07/03/2021,BAK,IN,AGL,CE,Federal Contract Tower,0,2,10,0,12,0,0,87,0,87,0,2,97,0,99,14,0,14,113
07/04/2021,BAK,IN,AGL,CE,Federal Contract Tower,0,2,5,0,7,0,0,84,0,84,0,2,89,0,91,70,0,70,161
07/05/2021,BAK,IN,AGL,CE,Federal Contract Tower,0,5,15,0,20,0,0,65,0,65,0,5,80,0,85,100,0,100,185
07/06/2021,BAK,IN,AGL,CE,Federal Contract Tower,0,0,10,0,10,0,0,78,0,78,0,0,88,0,88,60,0,60,148
07/07/2021,BAK,IN,AGL,CE,Federal Contract Tower,0,0,4,1,5,0,0,58,8,66,0,0,62,9,71,66,26,92,163
07/08/2021,BAK,IN,AGL,CE,Federal Contract Tower,0,2,10,0,12,0,0,20,0,20,0,2,30,0,32,36,0,36,68
07/09/2021,BAK,IN,AGL,CE,Federal Contract Tower,0,2,22,0,24,0,0,108,0,108,0,2,130,0,132,130,0,130,262
07/10/2021,BAK,IN,AGL,CE,Federal Contract Tower,0,2,8,0,10,0,0,26,0,26,0,2,34,0,36,0,0,0,36
07/11/2021,BAK,IN,AGL,CE,Federal Contract Tower,0,0,11,0,11,0,0,32,0,32,0,0,43,0,43,12,0,12,55
07/12/2021,BAK,IN,AGL,CE,Federal Contract Tower,0,0,0,0,0,0,0,0,0,0,0,0,0,0,0,0,0,0,0
07/13/2021,BAK,IN,AGL,CE,Federal Contract Tower,0,1,25,0,26,0,0,29,2,31,0,1,54,2,57,38,14,52,109
07/14/2021,BAK,IN,AGL,CE,Federal Contract Tower,0,0,19,0,19,0,0,148,10,158,0,0,167,10,177,152,46,198,375
07/15/2021,BAK,IN,AGL,CE,Federal Contract Tower,0,1,15,0,16,0,0,82,10,92,0,1,97,10,108,164,22,186,294
07/16/2021,BAK,IN,AGL,CE,Federal Contract Tower,0,0,9,0,9,0,0,4,0,4,0,0,13,0,13,0,0,0,13
07/17/2021,BAK,IN,AGL,CE,Federal Contract Tower,0,0,21,0,21,0,0,27,4,31,0,0,48,4,52,34,0,34,86
07/18/2021,BAK,IN,AGL,CE,Federal Contract Tower,0,0,12,0,12,0,0,98,0,98,0,0,110,0,110,92,0,92,202
07/19/2021,BAK,IN,AGL,CE,Federal Contract Tower,0,0,16,0,16,0,0,170,4,174,0,0,186,4,190,106,28,134,324
07/20/2021,BAK,IN,AGL,CE,Federal Contract Tower,0,0,7,1,8,0,0,164,10,174,0,0,171,11,182,126,0,126,308
07/21/2021,BAK,IN,AGL,CE,Federal Contract Tower,0,4,22,3,29,0,0,88,10,98,0,4,110,13,127,102,30,132,259
07/22/2021,BAK,IN,AGL,CE,Federal Contract Tower,0,1,31,2,34,0,0,128,16,144,0,1,159,18,178,90,0,90,268
07/23/2021,BAK,IN,AGL,CE,Federal Contract Tower,0,3,25,0,28,0,0,67,2,69,0,3,92,2,97,84,18,102,199
07/24/2021,BAK,IN,AGL,CE,Federal Contract Tower,0,0,18,0,18,0,0,121,0,121,0,0,139,0,139,48,0,48,187
07/25/2021,BAK,IN,AGL,CE,Federal Contract Tower,0,0,18,0,18,0,0,48,0,48,0,0,66,0,66,92,0,92,158
07/26/2021,BAK,IN,AGL,CE,Federal Contract Tower,2,2,15,0,19,0,0,128,8,136,2,2,143,8,155,78,6,84,239
07/27/2021,BAK,IN,AGL,CE,Federal Contract Tower,0,0,13,0,13,0,0,134,0,134,0,0,147,0,147,122,0,122,269
07/28/2021,BAK,IN,AGL,CE,Federal Contract Tower,0,8,16,2,26,0,0,126,0,126,0,8,142,2,152,106,0,106,258
07/29/2021,BAK,IN,AGL,CE,Federal Contract Tower,0,1,10,0,11,0,0,53,4,57,0,1,63,4,68,52,16,68,136
07/30/2021,BAK,IN,AGL,CE,Federal Contract Tower,0,4,27,1,32,0,0,176,0,176,0,4,203,1,208,92,0,92,300
07/31/2021,BAK,IN,AGL,CE,Federal Contract Tower,0,0,16,0,16,0,0,91,4,95,0,0,107,4,111,138,8,146,257
08/01/2021,BAK,IN,AGL,CE,Federal Contract Tower,0,0,18,0,18,0,0,93,0,93,0,0,111,0,111,20,0,20,131
08/02/2021,BAK,IN,AGL,CE,Federal Contract Tower,0,0,11,0,11,0,0,98,6,104,0,0,109,6,115,80,0,80,195
08/03/2021,BAK,IN,AGL,CE,Federal Contract Tower,0,2,11,1,14,0,0,182,24,206,0,2,193,25,220,86,40,126,346
08/04/2021,BAK,IN,AGL,CE,Federal Contract Tower,0,2,15,4,21,0,0,91,10,101,0,2,106,14,122,124,30,154,276
08/05/2021,BAK,IN,AGL,CE,Federal Contract Tower,0,2,10,0,12,0,0,186,4,190,0,2,196,4,202,154,30,184,386
08/06/2021,BAK,IN,AGL,CE,Federal Contract Tower,0,1,21,0,22,0,0,155,0,155,0,1,176,0,177,160,0,160,337
08/07/2021,BAK,IN,AGL,CE,Federal Contract Tower,0,0,20,0,20,0,0,100,0,100,0,0,120,0,120,52,0,52,172
08/08/2021,BAK,IN,AGL,CE,Federal Contract Tower,0,2,10,0,12,0,0,62,0,62,0,2,72,0,74,28,0,28,102
08/09/2021,BAK,IN,AGL,CE,Federal Contract Tower,0,1,24,0,25,0,0,48,0,48,0,1,72,0,73,42,0,42,115
08/10/2021,BAK,IN,AGL,CE,Federal Contract Tower,0,3,13,0,16,0,0,72,12,84,0,3,85,12,100,110,40,150,250
08/11/2021,BAK,IN,AGL,CE,Federal Contract Tower,0,7,21,1,29,0,0,90,2,92,0,7,111,3,121,140,2,142,263
08/12/2021,BAK,IN,AGL,CE,Federal Contract Tower,0,0,25,0,25,0,0,108,4,112,0,0,133,4,137,132,22,154,291
08/13/2021,BAK,IN,AGL,CE,Federal Contract Tower,1,0,15,4,20,0,0,67,6,73,1,0,82,10,93,28,0,28,121
08/14/2021,BAK,IN,AGL,CE,Federal Contract Tower,2,0,3,0,5,0,0,83,8,91,2,0,86,8,96,154,0,154,250
08/15/2021,BAK,IN,AGL,CE,Federal Contract Tower,0,0,13,0,13,0,0,102,0,102,0,0,115,0,115,72,0,72,187
08/16/2021,BAK,IN,AGL,CE,Federal Contract Tower,0,4,9,0,13,0,0,45,0,45,0,4,54,0,58,74,0,74,132
08/17/2021,BAK,IN,AGL,CE,Federal Contract Tower,0,3,9,2,14,0,0,17,2,19,0,3,26,4,33,46,4,50,83
08/18/2021,BAK,IN,AGL,CE,Federal Contract Tower,0,4,3,3,10,0,0,96,8,104,0,4,99,11,114,56,22,78,192
08/19/2021,BAK,IN,AGL,CE,Federal Contract Tower,1,0,18,0,19,0,0,75,8,83,1,0,93,8,102,96,56,152,254
08/20/2021,BAK,IN,AGL,CE,Federal Contract Tower,0,4,13,0,17,0,0,37,4,41,0,4,50,4,58,42,14,56,114
08/21/2021,BAK,IN,AGL,CE,Federal Contract Tower,0,1,10,0,11,0,0,60,0,60,0,1,70,0,71,64,0,64,135
08/22/2021,BAK,IN,AGL,CE,Federal Contract Tower,0,0,2,0,2,0,0,86,0,86,0,0,88,0,88,44,0,44,132
08/23/2021,BAK,IN,AGL,CE,Federal Contract Tower,0,0,15,0,15,0,0,33,0,33,0,0,48,0,48,76,0,76,124
08/24/2021,BAK,IN,AGL,CE,Federal Contract Tower,0,2,20,0,22,0,0,94,0,94,0,2,114,0,116,76,0,76,192
08/25/2021,BAK,IN,AGL,CE,Federal Contract Tower,2,0,15,0,17,0,0,77,0,77,2,0,92,0,94,88,0,88,182
08/26/2021,BAK,IN,AGL,CE,Federal Contract Tower,0,0,21,0,21,0,0,44,4,48,0,0,65,4,69,26,0,26,95
08/27/2021,BAK,IN,AGL,CE,Federal Contract Tower,0,3,7,0,10,0,0,45,0,45,0,3,52,0,55,6,0,6,61
08/28/2021,BAK,IN,AGL,CE,Federal Contract Tower,0,0,14,0,14,0,0,63,0,63,0,0,77,0,77,30,0,30,107
08/29/2021,BAK,IN,AGL,CE,Federal Contract Tower,2,2,4,0,8,0,0,64,0,64,2,2,68,0,72,34,0,34,106
08/30/2021,BAK,IN,AGL,CE,Federal Contract Tower,0,4,5,0,9,0,0,3,0,3,0,4,8,0,12,6,0,6,18
08/31/2021,BAK,IN,AGL,CE,Federal Contract Tower,0,2,11,0,13,0,0,26,0,26,0,2,37,0,39,42,0,42,81
09/01/2021,BAK,IN,AGL,CE,Federal Contract Tower,0,0,21,2,23,0,0,76,0,76,0,0,97,2,99,92,0,92,191
09/02/2021,BAK,IN,AGL,CE,Federal Contract Tower,0,0,20,0,20,0,0,99,0,99,0,0,119,0,119,64,0,64,183
09/03/2021,BAK,IN,AGL,CE,Federal Contract Tower,0,0,20,0,20,0,0,95,0,95,0,0,115,0,115,44,0,44,159
09/04/2021,BAK,IN,AGL,CE,Federal Contract Tower,0,0,2,0,2,0,0,32,0,32,0,0,34,0,34,4,0,4,38
09/05/2021,BAK,IN,AGL,CE,Federal Contract Tower,0,1,18,0,19,0,0,15,0,15,0,1,33,0,34,0,0,0,34
09/06/2021,BAK,IN,AGL,CE,Federal Contract Tower,0,0,24,0,24,0,0,113,0,113,0,0,137,0,137,22,0,22,159
09/07/2021,BAK,IN,AGL,CE,Federal Contract Tower,0,2,12,2,16,0,0,87,0,87,0,2,99,2,103,28,0,28,131
09/08/2021,BAK,IN,AGL,CE,Federal Contract Tower,2,2,11,0,15,0,0,46,6,52,2,2,57,6,67,16,0,16,83
09/09/2021,BAK,IN,AGL,CE,Federal Contract Tower,2,1,18,1,22,0,0,78,8,86,2,1,96,9,108,28,0,28,136
09/10/2021,BAK,IN,AGL,CE,Federal Contract Tower,2,0,28,0,30,0,0,90,0,90,2,0,118,0,120,50,0,50,170
09/11/2021,BAK,IN,AGL,CE,Federal Contract Tower,0,0,17,0,17,0,0,143,4,147,0,0,160,4,164,38,24,62,226
09/12/2021,BAK,IN,AGL,CE,Federal Contract Tower,0,0,12,0,12,0,0,51,0,51,0,0,63,0,63,20,0,20,83
09/13/2021,BAK,IN,AGL,CE,Federal Contract Tower,0,0,8,0,8,0,0,149,2,151,0,0,157,2,159,46,4,50,209
09/14/2021,BAK,IN,AGL,CE,Federal Contract Tower,0,1,9,1,11,0,0,130,0,130,0,1,139,1,141,78,0,78,219
09/15/2021,BAK,IN,AGL,CE,Federal Contract Tower,0,1,26,0,27,0,0,32,0,32,0,1,58,0,59,36,0,36,95
09/16/2021,BAK,IN,AGL,CE,Federal Contract Tower,0,1,38,0,39,0,0,116,0,116,0,1,154,0,155,48,0,48,203
09/17/2021,BAK,IN,AGL,CE,Federal Contract Tower,0,0,16,0,16,0,0,120,0,120,0,0,136,0,136,86,0,86,222
09/18/2021,BAK,IN,AGL,CE,Federal Contract Tower,0,2,23,0,25,0,0,64,0,64,0,2,87,0,89,42,0,42,131
09/19/2021,BAK,IN,AGL,CE,Federal Contract Tower,0,0,13,3,16,0,0,40,0,40,0,0,53,3,56,20,0,20,76
09/20/2021,BAK,IN,AGL,CE,Federal Contract Tower,0,5,25,0,30,0,0,0,8,8,0,5,25,8,38,0,0,0,38
09/21/2021,BAK,IN,AGL,CE,Federal Contract Tower,1,1,18,4,24,0,0,7,8,15,1,1,25,12,39,4,0,4,43
09/22/2021,BAK,IN,AGL,CE,Federal Contract Tower,0,0,11,0,11,0,0,0,0,0,0,0,11,0,11,0,0,0,11
09/23/2021,BAK,IN,AGL,CE,Federal Contract Tower,0,0,12,2,14,0,0,150,14,164,0,0,162,16,178,96,0,96,274
09/25/2021,BAK,IN,AGL,CE,Federal Contract Tower,0,0,18,0,18,0,0,62,0,62,0,0,80,0,80,58,0,58,138
09/27/2021,BAK,IN,AGL,CE,Federal Contract Tower,0,0,13,0,13,0,0,89,0,89,0,0,102,0,102,60,0,60,162
09/28/2021,BAK,IN,AGL,CE,Federal Contract Tower,0,1,12,0,13,0,0,75,0,75,0,1,87,0,88,48,0,48,136
09/29/2021,BAK,IN,AGL,CE,Federal Contract Tower,0,0,13,0,13,0,0,58,0,58,0,0,71,0,71,50,0,50,121
09/30/2021,BAK,IN,AGL,CE,Federal Contract Tower,0,2,12,0,14,0,0,71,0,71,0,2,83,0,85,102,0,102,187
10/01/2021,BAK,IN,AGL,CE,Federal Contract Tower,0,0,7,0,7,0,0,57,0,57,0,0,64,0,64,30,0,30,94
10/02/2021,BAK,IN,AGL,CE,Federal Contract Tower,0,0,14,0,14,0,0,22,0,22,0,0,36,0,36,0,0,0,36
10/03/2021,BAK,IN,AGL,CE,Federal Contract Tower,0,0,7,0,7,0,0,10,0,10,0,0,17,0,17,0,0,0,17
10/04/2021,BAK,IN,AGL,CE,Federal Contract Tower,1,0,19,0,20,0,0,20,0,20,1,0,39,0,40,0,0,0,40
10/05/2021,BAK,IN,AGL,CE,Federal Contract Tower,0,0,10,0,10,0,0,31,0,31,0,0,41,0,41,52,0,52,93
10/06/2021,BAK,IN,AGL,CE,Federal Contract Tower,0,2,8,0,10,0,0,66,0,66,0,2,74,0,76,68,0,68,144
10/07/2021,BAK,IN,AGL,CE,Federal Contract Tower,0,0,7,0,7,0,0,40,0,40,0,0,47,0,47,54,0,54,101
10/08/2021,BAK,IN,AGL,CE,Federal Contract Tower,0,0,18,0,18,0,0,57,0,57,0,0,75,0,75,0,58,58,133
10/09/2021,BAK,IN,AGL,CE,Federal Contract Tower,0,0,9,0,9,0,0,96,0,96,0,0,105,0,105,28,0,28,133
10/10/2021,BAK,IN,AGL,CE,Federal Contract Tower,0,0,6,0,6,0,0,59,0,59,0,0,65,0,65,24,0,24,89
10/11/2021,BAK,IN,AGL,CE,Federal Contract Tower,0,0,6,0,6,0,0,14,0,14,0,0,20,0,20,22,0,22,42
10/12/2021,BAK,IN,AGL,CE,Federal Contract Tower,0,0,30,2,32,0,0,20,0,20,0,0,50,2,52,68,0,68,120
10/13/2021,BAK,IN,AGL,CE,Federal Contract Tower,0,0,12,0,12,0,0,62,0,62,0,0,74,0,74,92,0,92,166
10/14/2021,BAK,IN,AGL,CE,Federal Contract Tower,0,0,16,1,17,0,0,37,0,37,0,0,53,1,54,68,0,68,122
10/15/2021,BAK,IN,AGL,CE,Federal Contract Tower,0,2,9,0,11,0,0,15,0,15,0,2,24,0,26,32,0,32,58
10/16/2021,BAK,IN,AGL,CE,Federal Contract Tower,0,0,7,0,7,0,0,58,0,58,0,0,65,0,65,34,0,34,99
10/17/2021,BAK,IN,AGL,CE,Federal Contract Tower,0,0,1,0,1,0,0,36,0,36,0,0,37,0,37,31,0,31,68
10/18/2021,BAK,IN,AGL,CE,Federal Contract Tower,0,2,8,0,10,0,0,114,0,114,0,2,122,0,124,52,0,52,176
10/19/2021,BAK,IN,AGL,CE,Federal Contract Tower,0,0,17,0,17,0,0,76,0,76,0,0,93,0,93,156,0,156,249
10/20/2021,BAK,IN,AGL,CE,Federal Contract Tower,0,2,16,0,18,0,0,73,0,73,0,2,89,0,91,110,0,110,201
10/21/2021,BAK,IN,AGL,CE,Federal Contract Tower,0,0,21,1,22,0,0,67,1,68,0,0,88,2,90,28,0,28,118
10/22/2021,BAK,IN,AGL,CE,Federal Contract Tower,0,0,24,0,24,0,0,28,0,28,0,0,52,0,52,0,0,0,52
10/23/2021,BAK,IN,AGL,CE,Federal Contract Tower,0,0,8,0,8,0,0,28,0,28,0,0,36,0,36,54,0,54,90
10/24/2021,BAK,IN,AGL,CE,Federal Contract Tower,0,0,4,0,4,0,0,0,0,0,0,0,4,0,4,8,0,8,12
10/25/2021,BAK,IN,AGL,CE,Federal Contract Tower,0,0,5,0,5,0,0,4,0,4,0,0,9,0,9,0,0,0,9
10/26/2021,BAK,IN,AGL,CE,Federal Contract Tower,0,0,16,0,16,0,0,78,0,78,0,0,94,0,94,114,0,114,208
10/27/2021,BAK,IN,AGL,CE,Federal Contract Tower,0,1,16,2,19,0,0,65,0,65,0,1,81,2,84,94,0,94,178
10/28/2021,BAK,IN,AGL,CE,Federal Contract Tower,0,0,14,14,28,0,0,10,0,10,0,0,24,14,38,36,0,36,74
10/29/2021,BAK,IN,AGL,CE,Federal Contract Tower,0,3,20,0,23,0,0,2,0,2,0,3,22,0,25,30,0,30,55
10/30/2021,BAK,IN,AGL,CE,Federal Contract Tower,0,0,8,0,8,0,0,2,0,2,0,0,10,0,10,0,0,0,10
10/31/2021,BAK,IN,AGL,CE,Federal Contract Tower,0,0,20,0,20,0,0,48,0,48,0,0,68,0,68,44,0,44,112
11/01/2021,BAK,IN,AGL,CE,Federal Contract Tower,0,4,8,0,12,0,0,73,0,73,0,4,81,0,85,58,0,58,143
11/02/2021,BAK,IN,AGL,CE,Federal Contract Tower,0,4,8,4,16,0,0,76,10,86,0,4,84,14,102,128,0,128,230
11/03/2021,BAK,IN,AGL,CE,Federal Contract Tower,0,5,13,2,20,0,0,52,3,55,0,5,65,5,75,104,4,108,183
11/04/2021,BAK,IN,AGL,CE,Federal Contract Tower,0,4,8,2,14,0,0,79,0,79,0,4,87,2,93,136,0,136,229
11/05/2021,BAK,IN,AGL,CE,Federal Contract Tower,0,0,13,5,18,0,0,87,14,101,0,0,100,19,119,56,0,56,175
11/06/2021,BAK,IN,AGL,CE,Federal Contract Tower,0,0,11,0,11,0,0,119,2,121,0,0,130,2,132,13,0,13,145
11/07/2021,BAK,IN,AGL,CE,Federal Contract Tower,0,0,3,0,3,0,0,114,0,114,0,0,117,0,117,84,0,84,201
11/08/2021,BAK,IN,AGL,CE,Federal Contract Tower,0,2,16,8,26,0,0,95,12,107,0,2,111,20,133,142,4,146,279
11/09/2021,BAK,IN,AGL,CE,Federal Contract Tower,0,3,15,7,25,0,0,88,16,104,0,3,103,23,129,68,0,68,197
11/10/2021,BAK,IN,AGL,CE,Federal Contract Tower,0,2,12,10,24,0,0,76,0,76,0,2,88,10,100,58,0,58,158
11/11/2021,BAK,IN,AGL,CE,Federal Contract Tower,0,0,15,0,15,0,0,23,0,23,0,0,38,0,38,14,0,14,52
11/12/2021,BAK,IN,AGL,CE,Federal Contract Tower,1,0,18,2,21,0,0,25,12,37,1,0,43,14,58,24,0,24,82
11/13/2021,BAK,IN,AGL,CE,Federal Contract Tower,0,0,4,4,8,0,0,16,0,16,0,0,20,4,24,10,0,10,34
11/14/2021,BAK,IN,AGL,CE,Federal Contract Tower,0,0,3,0,3,0,0,2,0,2,0,0,5,0,5,0,0,0,5
11/15/2021,BAK,IN,AGL,CE,Federal Contract Tower,0,2,24,0,26,0,0,39,0,39,0,2,63,0,65,34,0,34,99
11/16/2021,BAK,IN,AGL,CE,Federal Contract Tower,0,3,20,0,23,0,0,80,0,80,0,3,100,0,103,110,0,110,213
11/17/2021,BAK,IN,AGL,CE,Federal Contract Tower,0,5,23,4,32,0,0,25,0,25,0,5,48,4,57,28,0,28,85
11/18/2021,BAK,IN,AGL,CE,Federal Contract Tower,0,1,9,0,10,0,0,34,0,34,0,1,43,0,44,66,0,66,110
11/19/2021,BAK,IN,AGL,CE,Federal Contract Tower,0,1,15,0,16,0,5,47,0,52,0,6,62,0,68,64,0,64,132
11/20/2021,BAK,IN,AGL,CE,Federal Contract Tower,0,0,6,0,6,0,0,102,0,102,0,0,108,0,108,144,0,144,252
11/21/2021,BAK,IN,AGL,CE,Federal Contract Tower,0,2,1,0,3,0,0,0,0,0,0,2,1,0,3,0,0,0,3
11/22/2021,BAK,IN,AGL,CE,Federal Contract Tower,0,0,8,0,8,0,0,46,0,46,0,0,54,0,54,114,0,114,168
11/23/2021,BAK,IN,AGL,CE,Federal Contract Tower,0,5,8,4,17,0,0,77,0,77,0,5,85,4,94,122,0,122,216
11/24/2021,BAK,IN,AGL,CE,Federal Contract Tower,0,1,5,0,6,0,0,56,0,56,0,1,61,0,62,36,0,36,98
11/25/2021,BAK,IN,AGL,CE,Federal Contract Tower,0,0,0,0,0,0,0,1,0,1,0,0,1,0,1,0,0,0,1
11/26/2021,BAK,IN,AGL,CE,Federal Contract Tower,0,2,4,0,6,0,0,54,0,54,0,2,58,0,60,68,0,68,128
11/28/2021,BAK,IN,AGL,CE,Federal Contract Tower,0,0,10,0,10,0,0,26,0,26,0,0,36,0,36,30,0,30,66
11/29/2021,BAK,IN,AGL,CE,Federal Contract Tower,0,2,10,0,12,0,0,58,0,58,0,2,68,0,70,156,0,156,226
12/01/2021,BAK,IN,AGL,CE,Federal Contract Tower,0,2,6,0,8,0,0,12,0,12,0,2,18,0,20,28,0,28,48
12/02/2021,BAK,IN,AGL,CE,Federal Contract Tower,0,1,10,0,11,0,0,78,0,78,0,1,88,0,89,128,0,128,217
12/03/2021,BAK,IN,AGL,CE,Federal Contract Tower,0,0,19,0,19,0,0,86,0,86,0,0,105,0,105,126,0,126,231
12/05/2021,BAK,IN,AGL,CE,Federal Contract Tower,0,0,5,0,5,0,0,19,0,19,0,0,24,0,24,0,0,0,24
12/06/2021,BAK,IN,AGL,CE,Federal Contract Tower,0,0,24,0,24,0,0,15,0,15,0,0,39,0,39,0,0,0,39
12/07/2021,BAK,IN,AGL,CE,Federal Contract Tower,0,1,13,2,16,0,0,50,0,50,0,1,63,2,66,82,0,82,148
12/08/2021,BAK,IN,AGL,CE,Federal Contract Tower,2,3,7,1,13,0,0,50,2,52,2,3,57,3,65,144,0,144,209
12/09/2021,BAK,IN,AGL,CE,Federal Contract Tower,0,8,7,0,15,0,0,76,0,76,0,8,83,0,91,100,2,102,193
12/10/2021,BAK,IN,AGL,CE,Federal Contract Tower,0,3,11,0,14,0,0,40,0,40,0,3,51,0,54,50,0,50,104
12/11/2021,BAK,IN,AGL,CE,Federal Contract Tower,0,1,1,0,2,0,0,1,0,1,0,1,2,0,3,0,0,0,3
12/12/2021,BAK,IN,AGL,CE,Federal Contract Tower,0,0,14,0,14,0,0,69,0,69,0,0,83,0,83,54,0,54,137
12/13/2021,BAK,IN,AGL,CE,Federal Contract Tower,0,6,19,0,25,0,0,97,0,97,0,6,116,0,122,120,0,120,242
12/14/2021,BAK,IN,AGL,CE,Federal Contract Tower,0,0,40,2,42,0,0,110,0,110,0,0,150,2,152,110,2,112,264
12/15/2021,BAK,IN,AGL,CE,Federal Contract Tower,0,0,19,1,20,0,0,28,2,30,0,0,47,3,50,10,18,28,78
12/16/2021,BAK,IN,AGL,CE,Federal Contract Tower,0,6,8,0,14,0,0,9,0,9,0,6,17,0,23,14,0,14,37
12/17/2021,BAK,IN,AGL,CE,Federal Contract Tower,0,5,3,0,8,0,0,38,0,38,0,5,41,0,46,36,0,36,82
12/18/2021,BAK,IN,AGL,CE,Federal Contract Tower,0,0,2,0,2,0,0,0,0,0,0,0,2,0,2,0,0,0,2
12/19/2021,BAK,IN,AGL,CE,Federal Contract Tower,0,0,4,0,4,0,0,64,0,64,0,0,68,0,68,72,0,72,140
12/20/2021,BAK,IN,AGL,CE,Federal Contract Tower,0,3,9,0,12,0,0,75,0,75,0,3,84,0,87,148,0,148,235
12/21/2021,BAK,IN,AGL,CE,Federal Contract Tower,0,0,10,0,10,0,0,115,0,115,0,0,125,0,125,112,0,112,237
12/23/2021,BAK,IN,AGL,CE,Federal Contract Tower,0,2,10,0,12,0,0,74,0,74,0,2,84,0,86,92,0,92,178
12/24/2021,BAK,IN,AGL,CE,Federal Contract Tower,0,0,5,0,5,0,0,20,0,20,0,0,25,0,25,4,0,4,29
12/25/2021,BAK,IN,AGL,CE,Federal Contract Tower,0,0,4,0,4,0,0,3,0,3,0,0,7,0,7,0,0,0,7
12/26/2021,BAK,IN,AGL,CE,Federal Contract Tower,0,2,4,0,6,0,0,70,0,70,0,2,74,0,76,84,0,84,160
12/27/2021,BAK,IN,AGL,CE,Federal Contract Tower,0,0,8,0,8,0,0,16,0,16,0,0,24,0,24,20,0,20,44
12/28/2021,BAK,IN,AGL,CE,Federal Contract Tower,0,0,3,0,3,0,0,12,0,12,0,0,15,0,15,46,0,46,61
12/29/2021,BAK,IN,AGL,CE,Federal Contract Tower,0,2,6,0,8,0,0,26,0,26,0,2,32,0,34,58,0,58,92
12/30/2021,BAK,IN,AGL,CE,Federal Contract Tower,0,0,4,0,4,0,0,2,0,2,0,0,6,0,6,12,0,12,18
12/31/2021,BAK,IN,AGL,CE,Federal Contract Tower,0,0,12,0,12,0,0,11,0,11,0,0,23,0,23,8,0,8,31
01/01/2022,BAK,IN,AGL,CE,Federal Contract Tower,0,0,1,0,1,0,0,0,0,0,0,0,1,0,1,0,0,0,1
01/02/2022,BAK,IN,AGL,CE,Federal Contract Tower,0,0,5,0,5,0,0,8,0,8,0,0,13,0,13,4,0,4,17
01/03/2022,BAK,IN,AGL,CE,Federal Contract Tower,0,0,15,0,15,0,0,50,0,50,0,0,65,0,65,116,0,116,181
01/04/2022,BAK,IN,AGL,CE,Federal Contract Tower,0,0,8,0,8,0,0,87,0,87,0,0,95,0,95,58,0,58,153
01/05/2022,BAK,IN,AGL,CE,Federal Contract Tower,0,0,13,0,13,0,0,36,0,36,0,0,49,0,49,50,0,50,99
01/06/2022,BAK,IN,AGL,CE,Federal Contract Tower,0,0,3,0,3,0,0,20,2,22,0,0,23,2,25,68,0,68,93
01/07/2022,BAK,IN,AGL,CE,Federal Contract Tower,0,0,11,0,11,0,0,45,0,45,0,0,56,0,56,56,0,56,112
01/08/2022,BAK,IN,AGL,CE,Federal Contract Tower,0,0,0,2,2,0,0,46,0,46,0,0,46,2,48,94,12,106,154
01/09/2022,BAK,IN,AGL,CE,Federal Contract Tower,2,0,1,0,3,0,0,3,0,3,2,0,4,0,6,6,0,6,12
01/10/2022,BAK,IN,AGL,CE,Federal Contract Tower,2,3,11,0,16,0,0,74,0,74,2,3,85,0,90,94,0,94,184
01/11/2022,BAK,IN,AGL,CE,Federal Contract Tower,0,1,9,1,11,0,0,52,0,52,0,1,61,1,63,88,0,88,151
01/12/2022,BAK,IN,AGL,CE,Federal Contract Tower,0,1,12,0,13,0,0,116,2,118,0,1,128,2,131,108,0,108,239
01/13/2022,BAK,IN,AGL,CE,Federal Contract Tower,0,2,13,4,19,0,0,59,8,67,0,2,72,12,86,58,32,90,176
01/14/2022,BAK,IN,AGL,CE,Federal Contract Tower,0,0,5,0,5,0,0,0,0,0,0,0,5,0,5,0,0,0,5
01/15/2022,BAK,IN,AGL,CE,Federal Contract Tower,0,0,1,0,1,0,0,21,0,21,0,0,22,0,22,74,0,74,96
01/16/2022,BAK,IN,AGL,CE,Federal Contract Tower,0,0,5,0,5,0,0,47,0,47,0,0,52,0,52,48,0,48,100
01/17/2022,BAK,IN,AGL,CE,Federal Contract Tower,0,0,3,0,3,0,0,4,0,4,0,0,7,0,7,12,0,12,19
01/18/2022,BAK,IN,AGL,CE,Federal Contract Tower,0,0,7,0,7,0,0,40,0,40,0,0,47,0,47,24,0,24,71
01/19/2022,BAK,IN,AGL,CE,Federal Contract Tower,0,0,5,1,6,0,0,46,2,48,0,0,51,3,54,48,20,68,122
01/20/2022,BAK,IN,AGL,CE,Federal Contract Tower,0,2,14,2,18,0,0,52,4,56,0,2,66,6,74,96,28,124,198
01/21/2022,BAK,IN,AGL,CE,Federal Contract Tower,0,0,16,0,16,0,0,68,0,68,0,0,84,0,84,146,0,146,230
01/22/2022,BAK,IN,AGL,CE,Federal Contract Tower,0,0,10,0,10,0,0,51,0,51,0,0,61,0,61,16,0,16,77
01/23/2022,BAK,IN,AGL,CE,Federal Contract Tower,0,0,8,0,8,0,0,2,0,2,0,0,10,0,10,0,0,0,10
01/24/2022,BAK,IN,AGL,CE,Federal Contract Tower,0,0,14,0,14,0,0,8,0,8,0,0,22,0,22,6,0,6,28
01/25/2022,BAK,IN,AGL,CE,Federal Contract Tower,0,0,7,0,7,0,0,40,8,48,0,0,47,8,55,14,16,30,85
01/26/2022,BAK,IN,AGL,CE,Federal Contract Tower,0,0,10,0,10,0,0,56,0,56,0,0,66,0,66,64,0,64,130
01/27/2022,BAK,IN,AGL,CE,Federal Contract Tower,0,0,4,0,4,0,0,20,0,20,0,0,24,0,24,44,0,44,68
01/28/2022,BAK,IN,AGL,CE,Federal Contract Tower,0,0,4,0,4,0,0,0,0,0,0,0,4,0,4,0,0,0,4
01/29/2022,BAK,IN,AGL,CE,Federal Contract Tower,0,0,4,0,4,0,0,39,0,39,0,0,43,0,43,20,0,20,63
01/30/2022,BAK,IN,AGL,CE,Federal Contract Tower,0,0,6,0,6,0,0,84,0,84,0,0,90,0,90,178,0,178,268
01/31/2022,BAK,IN,AGL,CE,Federal Contract Tower,0,1,15,0,16,0,0,61,0,61,0,1,76,0,77,76,0,76,153
02/01/2022,BAK,IN,AGL,CE,Federal Contract Tower,0,0,10,0,10,0,0,62,6,68,0,0,72,6,78,110,10,120,198
02/02/2022,BAK,IN,AGL,CE,Federal Contract Tower,0,2,2,0,4,0,0,0,0,0,0,2,2,0,4,0,0,0,4
02/03/2022,BAK,IN,AGL,CE,Federal Contract Tower,0,0,1,0,1,0,0,0,0,0,0,0,1,0,1,0,0,0,1
02/04/2022,BAK,IN,AGL,CE,Federal Contract Tower,0,0,1,0,1,0,0,6,0,6,0,0,7,0,7,0,0,0,7
02/05/2022,BAK,IN,AGL,CE,Federal Contract Tower,0,0,6,0,6,0,0,60,0,60,0,0,66,0,66,74,0,74,140
02/06/2022,BAK,IN,AGL,CE,Federal Contract Tower,0,0,1,0,1,0,0,81,0,81,0,0,82,0,82,60,0,60,142
02/07/2022,BAK,IN,AGL,CE,Federal Contract Tower,0,0,9,0,9,0,0,39,0,39,0,0,48,0,48,26,0,26,74
02/08/2022,BAK,IN,AGL,CE,Federal Contract Tower,0,0,15,0,15,0,0,56,0,56,0,0,71,0,71,76,0,76,147
02/09/2022,BAK,IN,AGL,CE,Federal Contract Tower,0,0,12,0,12,0,0,53,6,59,0,0,65,6,71,104,16,120,191
02/10/2022,BAK,IN,AGL,CE,Federal Contract Tower,0,0,10,1,11,0,0,62,0,62,0,0,72,1,73,68,42,110,183
02/11/2022,BAK,IN,AGL,CE,Federal Contract Tower,0,0,3,0,3,0,0,31,0,31,0,0,34,0,34,36,0,36,70
02/12/2022,BAK,IN,AGL,CE,Federal Contract Tower,0,0,2,0,2,0,0,4,0,4,0,0,6,0,6,32,0,32,38
02/13/2022,BAK,IN,AGL,CE,Federal Contract Tower,0,0,3,2,5,0,0,36,0,36,0,0,39,2,41,8,20,28,69
02/14/2022,BAK,IN,AGL,CE,Federal Contract Tower,0,0,7,0,7,0,0,61,0,61,0,0,68,0,68,34,0,34,102
02/15/2022,BAK,IN,AGL,CE,Federal Contract Tower,0,0,8,0,8,0,0,81,2,83,0,0,89,2,91,154,44,198,289
02/16/2022,BAK,IN,AGL,CE,Federal Contract Tower,0,1,1,0,2,0,0,15,12,27,0,1,16,12,29,14,0,14,43
02/17/2022,BAK,IN,AGL,CE,Federal Contract Tower,0,0,6,0,6,0,0,0,0,0,0,0,6,0,6,0,0,0,6
02/18/2022,BAK,IN,AGL,CE,Federal Contract Tower,0,0,11,0,11,0,0,55,2,57,0,0,66,2,68,34,4,38,106
02/19/2022,BAK,IN,AGL,CE,Federal Contract Tower,0,0,13,0,13,0,0,66,0,66,0,0,79,0,79,68,0,68,147
02/20/2022,BAK,IN,AGL,CE,Federal Contract Tower,0,0,2,0,2,0,0,37,0,37,0,0,39,0,39,28,0,28,67
02/21/2022,BAK,IN,AGL,CE,Federal Contract Tower,0,2,8,0,10,0,0,67,0,67,0,2,75,0,77,74,0,74,151
02/22/2022,BAK,IN,AGL,CE,Federal Contract Tower,0,0,5,0,5,0,0,0,0,0,0,0,5,0,5,0,0,0,5
02/23/2022,BAK,IN,AGL,CE,Federal Contract Tower,0,0,5,2,7,0,0,42,3,45,0,0,47,5,52,106,0,106,158
02/24/2022,BAK,IN,AGL,CE,Federal Contract Tower,0,0,7,0,7,0,0,14,12,26,0,0,21,12,33,72,0,72,105
02/25/2022,BAK,IN,AGL,CE,Federal Contract Tower,0,0,7,0,7,0,0,7,0,7,0,0,14,0,14,0,0,0,14
02/26/2022,BAK,IN,AGL,CE,Federal Contract Tower,0,2,9,0,11,0,0,79,0,79,0,2,88,0,90,164,0,164,254
02/27/2022,BAK,IN,AGL,CE,Federal Contract Tower,0,1,4,0,5,0,0,94,0,94,0,1,98,0,99,92,0,92,191
02/28/2022,BAK,IN,AGL,CE,Federal Contract Tower,0,0,14,0,14,0,0,125,0,125,0,0,139,0,139,136,0,136,275
03/01/2022,BAK,IN,AGL,CE,Federal Contract Tower,0,1,14,0,15,0,0,79,0,79,0,1,93,0,94,146,0,146,240
03/02/2022,BAK,IN,AGL,CE,Federal Contract Tower,0,2,9,2,13,0,0,76,0,76,0,2,85,2,89,134,8,142,231
03/03/2022,BAK,IN,AGL,CE,Federal Contract Tower,0,2,2,0,4,0,0,64,10,74,0,2,66,10,78,196,4,200,278
03/04/2022,BAK,IN,AGL,CE,Federal Contract Tower,0,2,8,0,10,0,0,108,12,120,0,2,116,12,130,150,0,150,280
03/05/2022,BAK,IN,AGL,CE,Federal Contract Tower,0,0,2,0,2,0,0,48,16,64,0,0,50,16,66,28,0,28,94
03/06/2022,BAK,IN,AGL,CE,Federal Contract Tower,0,4,9,0,13,0,0,33,0,33,0,4,42,0,46,52,0,52,98
03/07/2022,BAK,IN,AGL,CE,Federal Contract Tower,0,0,11,0,11,0,0,13,0,13,0,0,24,0,24,0,0,0,24
03/08/2022,BAK,IN,AGL,CE,Federal Contract Tower,0,3,15,0,18,0,0,84,0,84,0,3,99,0,102,92,0,92,194
03/09/2022,BAK,IN,AGL,CE,Federal Contract Tower,0,3,14,3,20,0,0,78,8,86,0,3,92,11,106,84,36,120,226
03/10/2022,BAK,IN,AGL,CE,Federal Contract Tower,0,0,17,0,17,0,0,134,0,134,0,0,151,0,151,148,0,148,299
03/11/2022,BAK,IN,AGL,CE,Federal Contract Tower,0,0,7,0,7,0,0,12,0,12,0,0,19,0,19,0,0,0,19
03/12/2022,BAK,IN,AGL,CE,Federal Contract Tower,0,8,2,0,10,0,0,10,2,12,0,8,12,2,22,0,0,0,22
03/13/2022,BAK,IN,AGL,CE,Federal Contract Tower,0,0,2,0,2,0,0,28,0,28,0,0,30,0,30,0,0,0,30
03/14/2022,BAK,IN,AGL,CE,Federal Contract Tower,0,0,2,0,2,0,0,48,0,48,0,0,50,0,50,32,0,32,82
03/15/2022,BAK,IN,AGL,CE,Federal Contract Tower,0,1,10,1,12,0,0,76,7,83,0,1,86,8,95,172,4,176,271
03/16/2022,BAK,IN,AGL,CE,Federal Contract Tower,0,2,10,0,12,0,0,92,6,98,0,2,102,6,110,166,2,168,278
03/17/2022,BAK,IN,AGL,CE,Federal Contract Tower,0,0,11,1,12,0,0,69,2,71,0,0,80,3,83,160,16,176,259
03/18/2022,BAK,IN,AGL,CE,Federal Contract Tower,0,0,6,0,6,0,0,10,0,10,0,0,16,0,16,0,0,0,16
03/19/2022,BAK,IN,AGL,CE,Federal Contract Tower,0,0,9,0,9,0,0,2,0,2,0,0,11,0,11,0,0,0,11
03/20/2022,BAK,IN,AGL,CE,Federal Contract Tower,0,0,11,0,11,0,0,70,0,70,0,0,81,0,81,20,0,20,101
03/21/2022,BAK,IN,AGL,CE,Federal Contract Tower,0,0,9,0,9,0,0,102,0,102,0,0,111,0,111,136,0,136,247
03/22/2022,BAK,IN,AGL,CE,Federal Contract Tower,0,2,4,0,6,0,0,2,0,2,0,2,6,0,8,6,0,6,14
03/23/2022,BAK,IN,AGL,CE,Federal Contract Tower,0,2,9,3,14,0,0,22,0,22,0,2,31,3,36,40,8,48,84
03/24/2022,BAK,IN,AGL,CE,Federal Contract Tower,0,2,9,0,11,0,0,50,0,50,0,2,59,0,61,14,0,14,75
03/25/2022,BAK,IN,AGL,CE,Federal Contract Tower,0,4,8,0,12,0,0,36,0,36,0,4,44,0,48,48,0,48,96
03/26/2022,BAK,IN,AGL,CE,Federal Contract Tower,0,0,2,0,2,0,0,32,0,32,0,0,34,0,34,52,0,52,86
03/27/2022,BAK,IN,AGL,CE,Federal Contract Tower,0,2,2,0,4,0,0,61,0,61,0,2,63,0,65,6,0,6,71
03/28/2022,BAK,IN,AGL,CE,Federal Contract Tower,0,2,4,0,6,0,0,80,0,80,0,2,84,0,86,158,0,158,244
03/29/2022,BAK,IN,AGL,CE,Federal Contract Tower,0,0,10,2,12,0,0,50,0,50,0,0,60,2,62,74,14,88,150
03/30/2022,BAK,IN,AGL,CE,Federal Contract Tower,0,3,4,0,7,0,0,38,14,52,0,3,42,14,59,26,0,26,85
03/31/2022,BAK,IN,AGL,CE,Federal Contract Tower,0,1,7,0,8,0,0,5,0,5,0,1,12,0,13,2,0,2,15
04/01/2022,BAK,IN,AGL,CE,Federal Contract Tower,0,0,10,0,10,0,0,18,0,18,0,0,28,0,28,48,0,48,76
04/02/2022,BAK,IN,AGL,CE,Federal Contract Tower,0,0,3,0,3,0,0,110,8,118,0,0,113,8,121,74,10,84,205
04/03/2022,BAK,IN,AGL,CE,Federal Contract Tower,0,0,15,0,15,0,0,116,0,116,0,0,131,0,131,120,0,120,251
04/04/2022,BAK,IN,AGL,CE,Federal Contract Tower,0,0,6,0,6,0,0,56,0,56,0,0,62,0,62,38,0,38,100
04/05/2022,BAK,IN,AGL,CE,Federal Contract Tower,0,2,13,0,15,0,0,20,0,20,0,2,33,0,35,26,0,26,61
04/06/2022,BAK,IN,AGL,CE,Federal Contract Tower,0,2,13,2,17,0,0,27,4,31,0,2,40,6,48,60,4,64,112
04/07/2022,BAK,IN,AGL,CE,Federal Contract Tower,0,1,12,0,13,0,0,69,0,69,0,1,81,0,82,108,0,108,190
04/08/2022,BAK,IN,AGL,CE,Federal Contract Tower,0,1,6,1,8,0,0,30,2,32,0,1,36,3,40,54,0,54,94
04/09/2022,BAK,IN,AGL,CE,Federal Contract Tower,0,0,6,0,6,0,0,20,12,32,0,0,26,12,38,28,14,42,80
04/10/2022,BAK,IN,AGL,CE,Federal Contract Tower,0,0,9,0,9,0,0,73,0,73,0,0,82,0,82,42,0,42,124
04/11/2022,BAK,IN,AGL,CE,Federal Contract Tower,0,0,11,0,11,0,0,2,0,2,0,0,13,0,13,0,0,0,13
04/12/2022,BAK,IN,AGL,CE,Federal Contract Tower,0,3,14,0,17,0,0,18,0,18,0,3,32,0,35,30,0,30,65
04/13/2022,BAK,IN,AGL,CE,Federal Contract Tower,0,1,4,0,5,0,0,0,0,0,0,1,4,0,5,0,0,0,5
04/14/2022,BAK,IN,AGL,CE,Federal Contract Tower,0,1,14,0,15,0,0,88,0,88,0,1,102,0,103,186,14,200,303
04/15/2022,BAK,IN,AGL,CE,Federal Contract Tower,0,1,10,0,11,0,0,39,0,39,0,1,49,0,50,32,0,32,82
04/16/2022,BAK,IN,AGL,CE,Federal Contract Tower,0,0,1,0,1,0,0,35,0,35,0,0,36,0,36,28,0,28,64
04/17/2022,BAK,IN,AGL,CE,Federal Contract Tower,0,0,1,0,1,0,0,32,0,32,0,0,33,0,33,20,0,20,53
04/18/2022,BAK,IN,AGL,CE,Federal Contract Tower,0,0,6,0,6,0,0,30,0,30,0,0,36,0,36,92,0,92,128
04/19/2022,BAK,IN,AGL,CE,Federal Contract Tower,0,0,12,0,12,0,0,78,16,94,0,0,90,16,106,164,20,184,290
04/20/2022,BAK,IN,AGL,CE,Federal Contract Tower,0,0,6,1,7,0,0,41,6,47,0,0,47,7,54,26,14,40,94
04/21/2022,BAK,IN,AGL,CE,Federal Contract Tower,0,3,18,4,25,0,0,50,20,70,0,3,68,24,95,102,58,160,255
04/22/2022,BAK,IN,AGL,CE,Federal Contract Tower,0,0,5,0,5,0,0,71,0,71,0,0,76,0,76,174,0,174,250
04/23/2022,BAK,IN,AGL,CE,Federal Contract Tower,0,0,5,0,5,0,0,52,0,52,0,0,57,0,57,34,0,34,91
04/24/2022,BAK,IN,AGL,CE,Federal Contract Tower,0,0,5,0,5,0,0,30,0,30,0,0,35,0,35,18,0,18,53
04/25/2022,BAK,IN,AGL,CE,Federal Contract Tower,0,3,19,0,22,0,0,61,0,61,0,3,80,0,83,42,0,42,125
04/26/2022,BAK,IN,AGL,CE,Federal Contract Tower,0,1,6,0,7,0,0,52,0,52,0,1,58,0,59,148,0,148,207
04/27/2022,BAK,IN,AGL,CE,Federal Contract Tower,0,6,10,6,22,0,0,175,52,227,0,6,185,58,249,170,90,260,509
04/28/2022,BAK,IN,AGL,CE,Federal Contract Tower,0,0,14,0,14,0,0,49,0,49,0,0,63,0,63,106,10,116,179
04/29/2022,BAK,IN,AGL,CE,Federal Contract Tower,0,0,15,0,15,0,0,37,0,37,0,0,52,0,52,40,0,40,92
04/30/2022,BAK,IN,AGL,CE,Federal Contract Tower,0,0,4,0,4,0,0,18,0,18,0,0,22,0,22,12,0,12,34
05/01/2022,BAK,IN,AGL,CE,Federal Contract Tower,0,1,4,0,5,0,0,34,0,34,0,1,38,0,39,20,0,20,59
05/02/2022,BAK,IN,AGL,CE,Federal Contract Tower,0,0,17,0,17,0,0,93,2,95,0,0,110,2,112,184,0,184,296
05/03/2022,BAK,IN,AGL,CE,Federal Contract Tower,0,2,3,0,5,0,0,3,0,3,0,2,6,0,8,0,0,0,8
05/04/2022,BAK,IN,AGL,CE,Federal Contract Tower,0,1,23,2,26,0,0,70,4,74,0,1,93,6,100,114,0,114,214
05/05/2022,BAK,IN,AGL,CE,Federal Contract Tower,0,0,27,0,27,0,0,22,0,22,0,0,49,0,49,70,0,70,119
05/06/2022,BAK,IN,AGL,CE,Federal Contract Tower,0,0,9,0,9,0,0,3,0,3,0,0,12,0,12,0,0,0,12
05/07/2022,BAK,IN,AGL,CE,Federal Contract Tower,0,0,5,0,5,0,0,26,0,26,0,0,31,0,31,8,0,8,39
05/08/2022,BAK,IN,AGL,CE,Federal Contract Tower,0,0,14,0,14,0,0,106,0,106,0,0,120,0,120,76,8,84,204
05/09/2022,BAK,IN,AGL,CE,Federal Contract Tower,0,0,11,0,11,0,0,67,0,67,0,0,78,0,78,122,0,122,200
05/10/2022,BAK,IN,AGL,CE,Federal Contract Tower,0,0,11,0,11,0,0,84,3,87,0,0,95,3,98,140,0,140,238
05/11/2022,BAK,IN,AGL,CE,Federal Contract Tower,0,0,12,0,12,0,0,132,8,140,0,0,144,8,152,208,14,222,374
05/12/2022,BAK,IN,AGL,CE,Federal Contract Tower,0,0,10,1,11,0,0,92,20,112,0,0,102,21,123,142,12,154,277
05/13/2022,BAK,IN,AGL,CE,Federal Contract Tower,0,0,13,0,13,0,0,66,0,66,0,0,79,0,79,76,0,76,155
05/14/2022,BAK,IN,AGL,CE,Federal Contract Tower,0,0,2,0,2,0,0,72,0,72,0,0,74,0,74,102,0,102,176
05/15/2022,BAK,IN,AGL,CE,Federal Contract Tower,0,0,5,0,5,0,0,78,0,78,0,0,83,0,83,50,0,50,133
05/16/2022,BAK,IN,AGL,CE,Federal Contract Tower,0,4,14,0,18,0,0,78,4,82,0,4,92,4,100,118,0,118,218
05/17/2022,BAK,IN,AGL,CE,Federal Contract Tower,0,2,16,2,20,0,0,105,0,105,0,2,121,2,125,170,0,170,295
05/18/2022,BAK,IN,AGL,CE,Federal Contract Tower,0,0,19,0,19,0,0,7,0,7,0,0,26,0,26,6,0,6,32
05/19/2022,BAK,IN,AGL,CE,Federal Contract Tower,0,0,6,3,9,0,0,30,3,33,0,0,36,6,42,28,0,28,70
05/20/2022,BAK,IN,AGL,CE,Federal Contract Tower,0,0,15,3,18,0,0,7,0,7,0,0,22,3,25,0,0,0,25
05/21/2022,BAK,IN,AGL,CE,Federal Contract Tower,0,0,8,0,8,0,0,23,4,27,0,0,31,4,35,42,0,42,77
05/22/2022,BAK,IN,AGL,CE,Federal Contract Tower,0,1,13,5,19,0,0,21,0,21,0,1,34,5,40,12,0,12,52
05/23/2022,BAK,IN,AGL,CE,Federal Contract Tower,0,2,7,2,11,0,0,94,12,106,0,2,101,14,117,120,0,120,237
05/24/2022,BAK,IN,AGL,CE,Federal Contract Tower,0,0,22,0,22,0,0,72,12,84,0,0,94,12,106,84,36,120,226
05/25/2022,BAK,IN,AGL,CE,Federal Contract Tower,0,0,21,2,23,0,0,33,7,40,0,0,54,9,63,62,24,86,149
05/26/2022,BAK,IN,AGL,CE,Federal Contract Tower,0,0,17,0,17,0,0,28,4,32,0,0,45,4,49,66,0,66,115
05/27/2022,BAK,IN,AGL,CE,Federal Contract Tower,2,2,18,0,22,0,0,32,2,34,2,2,50,2,56,20,0,20,76
05/28/2022,BAK,IN,AGL,CE,Federal Contract Tower,0,0,11,1,12,0,0,192,0,192,0,0,203,1,204,104,0,104,308
05/29/2022,BAK,IN,AGL,CE,Federal Contract Tower,0,2,5,0,7,0,0,59,0,59,0,2,64,0,66,22,0,22,88
05/30/2022,BAK,IN,AGL,CE,Federal Contract Tower,0,0,4,0,4,0,0,60,0,60,0,0,64,0,64,60,0,60,124
05/31/2022,BAK,IN,AGL,CE,Federal Contract Tower,0,0,19,0,19,0,0,53,0,53,0,0,72,0,72,90,0,90,162
06/01/2022,BAK,IN,AGL,CE,Federal Contract Tower,0,0,15,0,15,0,0,39,0,39,0,0,54,0,54,82,0,82,136
06/02/2022,BAK,IN,AGL,CE,Federal Contract Tower,0,0,5,0,5,0,0,82,2,84,0,0,87,2,89,146,8,154,243
06/03/2022,BAK,IN,AGL,CE,Federal Contract Tower,0,0,14,0,14,0,0,107,0,107,0,0,121,0,121,114,0,114,235
06/04/2022,BAK,IN,AGL,CE,Federal Contract Tower,0,0,2,0,2,0,0,114,0,114,0,0,116,0,116,78,0,78,194
06/05/2022,BAK,IN,AGL,CE,Federal Contract Tower,0,0,6,0,6,0,0,128,0,128,0,0,134,0,134,166,0,166,300
06/06/2022,BAK,IN,AGL,CE,Federal Contract Tower,0,0,9,0,9,0,0,27,0,27,0,0,36,0,36,0,0,0,36
06/07/2022,BAK,IN,AGL,CE,Federal Contract Tower,0,0,12,0,12,0,0,25,8,33,0,0,37,8,45,50,0,50,95
06/08/2022,BAK,IN,AGL,CE,Federal Contract Tower,0,2,8,0,10,0,0,46,0,46,0,2,54,0,56,124,0,124,180
06/09/2022,BAK,IN,AGL,CE,Federal Contract Tower,0,0,19,0,19,0,0,97,0,97,0,0,116,0,116,102,0,102,218
06/10/2022,BAK,IN,AGL,CE,Federal Contract Tower,0,0,14,0,14,0,0,51,0,51,0,0,65,0,65,128,0,128,193
06/11/2022,BAK,IN,AGL,CE,Federal Contract Tower,0,1,5,5,11,0,0,81,0,81,0,1,86,5,92,74,0,74,166
06/12/2022,BAK,IN,AGL,CE,Federal Contract Tower,0,0,8,0,8,0,0,31,18,49,0,0,39,18,57,46,0,46,103
06/13/2022,BAK,IN,AGL,CE,Federal Contract Tower,0,0,9,0,9,0,0,52,0,52,0,0,61,0,61,56,0,56,117
06/14/2022,BAK,IN,AGL,CE,Federal Contract Tower,0,3,16,0,19,0,0,101,0,101,0,3,117,0,120,88,0,88,208
06/15/2022,BAK,IN,AGL,CE,Federal Contract Tower,0,0,23,1,24,0,0,136,2,138,0,0,159,3,162,94,0,94,256
06/16/2022,BAK,IN,AGL,CE,Federal Contract Tower,0,2,27,0,29,0,0,75,0,75,0,2,102,0,104,174,0,174,278
06/17/2022,BAK,IN,AGL,CE,Federal Contract Tower,0,0,11,0,11,0,0,81,0,81,0,0,92,0,92,178,0,178,270
06/18/2022,BAK,IN,AGL,CE,Federal Contract Tower,0,0,5,0,5,0,0,151,0,151,0,0,156,0,156,108,0,108,264
06/19/2022,BAK,IN,AGL,CE,Federal Contract Tower,0,4,6,0,10,0,0,142,0,142,0,4,148,0,152,168,0,168,320
06/20/2022,BAK,IN,AGL,CE,Federal Contract Tower,0,0,9,0,9,0,0,114,0,114,0,0,123,0,123,126,0,126,249
06/21/2022,BAK,IN,AGL,CE,Federal Contract Tower,0,0,10,0,10,0,0,108,0,108,0,0,118,0,118,144,0,144,262
06/22/2022,BAK,IN,AGL,CE,Federal Contract Tower,0,2,5,0,7,0,0,104,6,110,0,2,109,6,117,158,10,168,285
06/23/2022,BAK,IN,AGL,CE,Federal Contract Tower,0,5,11,2,18,0,0,118,2,120,0,5,129,4,138,212,14,226,364
06/24/2022,BAK,IN,AGL,CE,Federal Contract Tower,0,1,14,0,15,0,0,138,0,138,0,1,152,0,153,142,0,142,295
06/25/2022,BAK,IN,AGL,CE,Federal Contract Tower,0,0,6,2,8,0,0,134,0,134,0,0,140,2,142,188,0,188,330
06/26/2022,BAK,IN,AGL,CE,Federal Contract Tower,0,0,26,0,26,0,0,60,0,60,0,0,86,0,86,70,0,70,156
06/27/2022,BAK,IN,AGL,CE,Federal Contract Tower,0,4,17,0,21,0,0,120,0,120,0,4,137,0,141,164,0,164,305
06/28/2022,BAK,IN,AGL,CE,Federal Contract Tower,0,2,7,0,9,0,0,102,0,102,0,2,109,0,111,170,0,170,281
06/29/2022,BAK,IN,AGL,CE,Federal Contract Tower,0,0,9,0,9,0,0,92,0,92,0,0,101,0,101,130,0,130,231
06/30/2022,BAK,IN,AGL,CE,Federal Contract Tower,0,0,12,0,12,0,0,142,10,152,0,0,154,10,164,148,12,160,324
07/01/2022,BAK,IN,AGL,CE,Federal Contract Tower,0,0,10,0,10,0,0,87,0,87,0,0,97,0,97,132,0,132,229
07/02/2022,BAK,IN,AGL,CE,Federal Contract Tower,0,0,8,0,8,0,0,41,0,41,0,0,49,0,49,18,0,18,67
07/03/2022,BAK,IN,AGL,CE,Federal Contract Tower,0,1,20,0,21,0,0,81,0,81,0,1,101,0,102,54,0,54,156
07/04/2022,BAK,IN,AGL,CE,Federal Contract Tower,0,0,1,0,1,0,0,64,0,64,0,0,65,0,65,122,0,122,187
07/05/2022,BAK,IN,AGL,CE,Federal Contract Tower,0,0,12,0,12,0,0,78,0,78,0,0,90,0,90,160,0,160,250
07/06/2022,BAK,IN,AGL,CE,Federal Contract Tower,0,0,13,0,13,0,0,75,0,75,0,0,88,0,88,164,0,164,252
07/07/2022,BAK,IN,AGL,CE,Federal Contract Tower,0,0,18,0,18,0,0,43,0,43,0,0,61,0,61,200,0,200,261
07/08/2022,BAK,IN,AGL,CE,Federal Contract Tower,0,0,8,0,8,0,0,1,0,1,0,0,9,0,9,0,0,0,9
07/09/2022,BAK,IN,AGL,CE,Federal Contract Tower,0,0,16,0,16,0,0,32,0,32,0,0,48,0,48,70,0,70,118
07/10/2022,BAK,IN,AGL,CE,Federal Contract Tower,0,1,15,0,16,0,0,96,0,96,0,1,111,0,112,148,0,148,260
07/11/2022,BAK,IN,AGL,CE,Federal Contract Tower,0,0,14,0,14,0,0,84,0,84,0,0,98,0,98,148,0,148,246
07/12/2022,BAK,IN,AGL,CE,Federal Contract Tower,0,1,21,0,22,0,0,84,0,84,0,1,105,0,106,132,0,132,238
07/13/2022,BAK,IN,AGL,CE,Federal Contract Tower,0,0,20,0,20,0,0,92,0,92,0,0,112,0,112,160,0,160,272
07/14/2022,BAK,IN,AGL,CE,Federal Contract Tower,0,0,18,0,18,0,0,99,0,99,0,0,117,0,117,150,0,150,267
07/15/2022,BAK,IN,AGL,CE,Federal Contract Tower,0,0,16,0,16,0,0,78,2,80,0,0,94,2,96,170,2,172,268
07/16/2022,BAK,IN,AGL,CE,Federal Contract Tower,0,3,6,0,9,0,0,44,0,44,0,3,50,0,53,32,0,32,85
07/17/2022,BAK,IN,AGL,CE,Federal Contract Tower,0,0,6,0,6,0,0,0,0,0,0,0,6,0,6,0,0,0,6
07/18/2022,BAK,IN,AGL,CE,Federal Contract Tower,0,0,12,0,12,0,0,46,0,46,0,0,58,0,58,130,0,130,188
07/19/2022,BAK,IN,AGL,CE,Federal Contract Tower,0,0,12,0,12,0,0,91,0,91,0,0,103,0,103,160,0,160,263
07/20/2022,BAK,IN,AGL,CE,Federal Contract Tower,0,0,16,2,18,0,0,65,0,65,0,0,81,2,83,104,0,104,187
07/21/2022,BAK,IN,AGL,CE,Federal Contract Tower,0,0,26,1,27,0,3,137,6,146,0,3,163,7,173,172,20,192,365
07/22/2022,BAK,IN,AGL,CE,Federal Contract Tower,0,0,30,0,30,0,0,177,0,177,0,0,207,0,207,216,0,216,423
07/23/2022,BAK,IN,AGL,CE,Federal Contract Tower,0,0,5,0,5,0,0,116,0,116,0,0,121,0,121,84,0,84,205
07/24/2022,BAK,IN,AGL,CE,Federal Contract Tower,0,0,3,0,3,0,0,96,0,96,0,0,99,0,99,48,0,48,147
07/25/2022,BAK,IN,AGL,CE,Federal Contract Tower,0,0,20,0,20,0,0,110,0,110,0,0,130,0,130,178,0,178,308
07/26/2022,BAK,IN,AGL,CE,Federal Contract Tower,0,1,21,0,22,0,0,53,0,53,0,1,74,0,75,92,0,92,167
07/27/2022,BAK,IN,AGL,CE,Federal Contract Tower,0,3,14,8,25,0,0,36,6,42,0,3,50,14,67,26,54,80,147
07/28/2022,BAK,IN,AGL,CE,Federal Contract Tower,0,0,19,1,20,0,0,84,6,90,0,0,103,7,110,170,24,194,304
07/29/2022,BAK,IN,AGL,CE,Federal Contract Tower,0,2,12,0,14,0,0,112,0,112,0,2,124,0,126,128,0,128,254
07/30/2022,BAK,IN,AGL,CE,Federal Contract Tower,0,0,4,0,4,0,0,110,0,110,0,0,114,0,114,122,0,122,236
07/31/2022,BAK,IN,AGL,CE,Federal Contract Tower,0,0,17,0,17,0,0,98,0,98,0,0,115,0,115,166,0,166,281
08/01/2022,BAK,IN,AGL,CE,Federal Contract Tower,0,0,12,0,12,0,0,27,16,43,0,0,39,16,55,32,0,32,87
08/02/2022,BAK,IN,AGL,CE,Federal Contract Tower,0,2,10,0,12,0,0,54,2,56,0,2,64,2,68,100,0,100,168
08/03/2022,BAK,IN,AGL,CE,Federal Contract Tower,0,0,24,2,26,0,0,120,10,130,0,0,144,12,156,128,22,150,306
08/04/2022,BAK,IN,AGL,CE,Federal Contract Tower,0,0,13,3,16,0,0,57,14,71,0,0,70,17,87,64,44,108,195
08/05/2022,BAK,IN,AGL,CE,Federal Contract Tower,0,0,19,0,19,0,0,47,4,51,0,0,66,4,70,84,0,84,154
08/06/2022,BAK,IN,AGL,CE,Federal Contract Tower,0,1,12,0,13,0,0,26,0,26,0,1,38,0,39,0,0,0,39
08/07/2022,BAK,IN,AGL,CE,Federal Contract Tower,0,0,10,0,10,0,0,95,0,95,0,0,105,0,105,106,0,106,211
08/09/2022,BAK,IN,AGL,CE,Federal Contract Tower,0,0,8,3,11,0,0,22,0,22,0,0,30,3,33,46,0,46,79
08/10/2022,BAK,IN,AGL,CE,Federal Contract Tower,0,0,13,0,13,0,0,44,2,46,0,0,57,2,59,44,2,46,105
08/11/2022,BAK,IN,AGL,CE,Federal Contract Tower,0,1,8,0,9,0,0,76,2,78,0,1,84,2,87,34,0,34,121
08/12/2022,BAK,IN,AGL,CE,Federal Contract Tower,0,1,17,0,18,0,0,92,0,92,0,1,109,0,110,180,0,180,290
08/13/2022,BAK,IN,AGL,CE,Federal Contract Tower,0,0,10,0,10,0,0,89,0,89,0,0,99,0,99,22,0,22,121
08/14/2022,BAK,IN,AGL,CE,Federal Contract Tower,0,4,5,0,9,0,0,8,0,8,0,4,13,0,17,0,0,0,17
08/15/2022,BAK,IN,AGL,CE,Federal Contract Tower,0,2,7,0,9,0,0,45,0,45,0,2,52,0,54,154,0,154,208
08/16/2022,BAK,IN,AGL,CE,Federal Contract Tower,0,4,15,0,19,0,0,63,0,63,0,4,78,0,82,96,0,96,178
08/17/2022,BAK,IN,AGL,CE,Federal Contract Tower,0,0,9,3,12,0,0,68,0,68,0,0,77,3,80,100,0,100,180
08/18/2022,BAK,IN,AGL,CE,Federal Contract Tower,0,1,12,2,15,0,0,78,0,78,0,1,90,2,93,126,0,126,219
08/19/2022,BAK,IN,AGL,CE,Federal Contract Tower,0,1,19,0,20,0,0,140,0,140,0,1,159,0,160,108,0,108,268
08/20/2022,BAK,IN,AGL,CE,Federal Contract Tower,0,0,12,0,12,0,0,112,0,112,0,0,124,0,124,48,0,48,172
08/21/2022,BAK,IN,AGL,CE,Federal Contract Tower,0,0,5,0,5,0,0,20,0,20,0,0,25,0,25,34,0,34,59
08/22/2022,BAK,IN,AGL,CE,Federal Contract Tower,0,0,24,0,24,0,0,55,6,61,0,0,79,6,85,118,22,140,225
08/23/2022,BAK,IN,AGL,CE,Federal Contract Tower,0,0,10,2,12,0,0,87,8,95,0,0,97,10,107,184,10,194,301
08/24/2022,BAK,IN,AGL,CE,Federal Contract Tower,0,0,23,0,23,0,0,96,3,99,0,0,119,3,122,60,0,60,182
08/25/2022,BAK,IN,AGL,CE,Federal Contract Tower,0,1,18,1,20,0,0,92,6,98,0,1,110,7,118,78,6,84,202
08/26/2022,BAK,IN,AGL,CE,Federal Contract Tower,0,0,11,6,17,0,0,90,0,90,0,0,101,6,107,40,0,40,147
08/27/2022,BAK,IN,AGL,CE,Federal Contract Tower,0,0,7,0,7,0,0,92,0,92,0,0,99,0,99,20,0,20,119
08/28/2022,BAK,IN,AGL,CE,Federal Contract Tower,0,0,13,0,13,0,0,83,0,83,0,0,96,0,96,58,0,58,154
08/29/2022,BAK,IN,AGL,CE,Federal Contract Tower,0,2,6,0,8,0,0,12,0,12,0,2,18,0,20,8,0,8,28
08/30/2022,BAK,IN,AGL,CE,Federal Contract Tower,0,0,32,6,38,0,0,61,0,61,0,0,93,6,99,40,72,112,211
08/31/2022,BAK,IN,AGL,CE,Federal Contract Tower,0,0,4,0,4,0,0,104,0,104,0,0,108,0,108,98,0,98,206
09/01/2022,BAK,IN,AGL,CE,Federal Contract Tower,0,0,16,0,16,0,0,109,26,135,0,0,125,26,151,128,66,194,345
09/02/2022,BAK,IN,AGL,CE,Federal Contract Tower,0,1,14,0,15,0,0,106,0,106,0,1,120,0,121,114,0,114,235
09/03/2022,BAK,IN,AGL,CE,Federal Contract Tower,0,0,0,0,0,0,0,2,0,2,0,0,2,0,2,0,0,0,2
09/04/2022,BAK,IN,AGL,CE,Federal Contract Tower,0,0,4,0,4,0,0,11,0,11,0,0,15,0,15,40,0,40,55
09/05/2022,BAK,IN,AGL,CE,Federal Contract Tower,0,0,16,0,16,0,0,13,0,13,0,0,29,0,29,40,0,40,69
09/06/2022,BAK,IN,AGL,CE,Federal Contract Tower,0,0,13,0,13,0,0,30,0,30,0,0,43,0,43,12,0,12,55
09/07/2022,BAK,IN,AGL,CE,Federal Contract Tower,0,0,14,0,14,0,0,150,0,150,0,0,164,0,164,50,0,50,214
09/08/2022,BAK,IN,AGL,CE,Federal Contract Tower,0,5,15,0,20,0,0,66,8,74,0,5,81,8,94,56,22,78,172
09/09/2022,BAK,IN,AGL,CE,Federal Contract Tower,0,0,17,0,17,0,0,68,2,70,0,0,85,2,87,102,22,124,211
09/10/2022,BAK,IN,AGL,CE,Federal Contract Tower,0,0,26,2,28,0,0,98,0,98,0,0,124,2,126,114,0,114,240
09/11/2022,BAK,IN,AGL,CE,Federal Contract Tower,0,2,7,0,9,0,0,6,0,6,0,2,13,0,15,0,0,0,15
09/12/2022,BAK,IN,AGL,CE,Federal Contract Tower,0,3,33,0,36,0,0,116,0,116,0,3,149,0,152,88,0,88,240
09/13/2022,BAK,IN,AGL,CE,Federal Contract Tower,0,0,39,6,45,0,0,143,0,143,0,0,182,6,188,92,16,108,296
09/14/2022,BAK,IN,AGL,CE,Federal Contract Tower,0,0,13,0,13,0,0,185,0,185,0,0,198,0,198,208,0,208,406
09/15/2022,BAK,IN,AGL,CE,Federal Contract Tower,0,0,13,3,16,0,0,138,12,150,0,0,151,15,166,114,12,126,292
09/16/2022,BAK,IN,AGL,CE,Federal Contract Tower,0,2,28,0,30,0,0,120,0,120,0,2,148,0,150,88,0,88,238
09/17/2022,BAK,IN,AGL,CE,Federal Contract Tower,0,0,9,1,10,0,0,199,3,202,0,0,208,4,212,44,6,50,262
09/18/2022,BAK,IN,AGL,CE,Federal Contract Tower,0,2,16,1,19,0,0,70,0,70,0,2,86,1,89,88,0,88,177
09/19/2022,BAK,IN,AGL,CE,Federal Contract Tower,0,1,5,0,6,0,0,120,0,120,0,1,125,0,126,112,0,112,238
09/20/2022,BAK,IN,AGL,CE,Federal Contract Tower,0,1,14,0,15,0,0,134,0,134,0,1,148,0,149,104,4,108,257
09/21/2022,BAK,IN,AGL,CE,Federal Contract Tower,0,0,9,2,11,0,0,140,2,142,0,0,149,4,153,162,0,162,315
09/22/2022,BAK,IN,AGL,CE,Federal Contract Tower,0,2,19,5,26,0,0,94,2,96,0,2,113,7,122,54,6,60,182
09/23/2022,BAK,IN,AGL,CE,Federal Contract Tower,0,3,26,0,29,0,0,134,0,134,0,3,160,0,163,142,0,142,305
09/24/2022,BAK,IN,AGL,CE,Federal Contract Tower,0,1,8,10,19,0,0,66,0,66,0,1,74,10,85,62,0,62,147
09/25/2022,BAK,IN,AGL,CE,Federal Contract Tower,0,0,4,0,4,0,0,45,0,45,0,0,49,0,49,26,0,26,75
09/26/2022,BAK,IN,AGL,CE,Federal Contract Tower,0,2,7,2,11,0,0,50,0,50,0,2,57,2,61,62,0,62,123
09/27/2022,BAK,IN,AGL,CE,Federal Contract Tower,0,4,14,1,19,0,0,50,2,52,0,4,64,3,71,58,0,58,129
09/28/2022,BAK,IN,AGL,CE,Federal Contract Tower,0,5,16,5,26,0,0,116,8,124,0,5,132,13,150,128,68,196,346
09/29/2022,BAK,IN,AGL,CE,Federal Contract Tower,0,0,18,0,18,0,0,84,0,84,0,0,102,0,102,74,0,74,176
09/30/2022,BAK,IN,AGL,CE,Federal Contract Tower,0,2,15,0,17,0,0,77,0,77,0,2,92,0,94,166,0,166,260
10/01/2022,BAK,IN,AGL,CE,Federal Contract Tower,0,0,11,0,11,0,0,90,0,90,0,0,101,0,101,38,0,38,139
10/02/2022,BAK,IN,AGL,CE,Federal Contract Tower,0,0,1,0,1,0,0,68,0,68,0,0,69,0,69,40,0,40,109
10/03/2022,BAK,IN,AGL,CE,Federal Contract Tower,0,0,14,0,14,0,0,76,0,76,0,0,90,0,90,164,0,164,254
10/04/2022,BAK,IN,AGL,CE,Federal Contract Tower,0,4,16,0,20,0,0,102,0,102,0,4,118,0,122,88,0,88,210
10/05/2022,BAK,IN,AGL,CE,Federal Contract Tower,0,0,9,0,9,0,0,108,0,108,0,0,117,0,117,138,8,146,263
10/07/2022,BAK,IN,AGL,CE,Federal Contract Tower,0,0,9,0,9,0,0,54,0,54,0,0,63,0,63,44,0,44,107
10/08/2022,BAK,IN,AGL,CE,Federal Contract Tower,0,0,4,0,4,0,0,81,0,81,0,0,85,0,85,10,0,10,95
10/09/2022,BAK,IN,AGL,CE,Federal Contract Tower,0,1,6,0,7,0,0,51,0,51,0,1,57,0,58,26,0,26,84
10/10/2022,BAK,IN,AGL,CE,Federal Contract Tower,0,0,12,0,12,0,0,64,0,64,0,0,76,0,76,112,0,112,188
10/11/2022,BAK,IN,AGL,CE,Federal Contract Tower,0,1,14,3,18,0,0,80,0,80,0,1,94,3,98,118,0,118,216
10/12/2022,BAK,IN,AGL,CE,Federal Contract Tower,0,4,10,0,14,0,0,29,0,29,0,4,39,0,43,12,0,12,55
10/13/2022,BAK,IN,AGL,CE,Federal Contract Tower,0,1,11,0,12,0,0,38,2,40,0,1,49,2,52,50,0,50,102
10/14/2022,BAK,IN,AGL,CE,Federal Contract Tower,0,0,16,0,16,0,0,32,0,32,0,0,48,0,48,0,0,0,48
10/15/2022,BAK,IN,AGL,CE,Federal Contract Tower,0,0,9,0,9,0,0,94,0,94,0,0,103,0,103,112,0,112,215
10/16/2022,BAK,IN,AGL,CE,Federal Contract Tower,0,0,4,1,5,0,0,68,1,69,0,0,72,2,74,0,0,0,74
10/17/2022,BAK,IN,AGL,CE,Federal Contract Tower,0,0,10,0,10,0,0,62,3,65,0,0,72,3,75,98,0,98,173
10/18/2022,BAK,IN,AGL,CE,Federal Contract Tower,0,0,8,1,9,0,0,37,54,91,0,0,45,55,100,32,12,44,144
10/19/2022,BAK,IN,AGL,CE,Federal Contract Tower,0,2,20,0,22,0,0,57,34,91,0,2,77,34,113,54,0,54,167
10/20/2022,BAK,IN,AGL,CE,Federal Contract Tower,0,0,15,1,16,0,0,74,36,110,0,0,89,37,126,92,32,124,250
10/21/2022,BAK,IN,AGL,CE,Federal Contract Tower,0,0,10,0,10,0,0,57,5,62,0,0,67,5,72,38,10,48,120
10/22/2022,BAK,IN,AGL,CE,Federal Contract Tower,0,0,22,0,22,0,0,124,0,124,0,0,146,0,146,36,0,36,182
10/23/2022,BAK,IN,AGL,CE,Federal Contract Tower,0,0,7,0,7,0,0,100,0,100,0,0,107,0,107,58,0,58,165
10/24/2022,BAK,IN,AGL,CE,Federal Contract Tower,0,0,12,0,12,0,0,69,0,69,0,0,81,0,81,62,0,62,143
10/25/2022,BAK,IN,AGL,CE,Federal Contract Tower,0,0,13,2,15,0,0,30,4,34,0,0,43,6,49,28,10,38,87
10/26/2022,BAK,IN,AGL,CE,Federal Contract Tower,0,0,13,0,13,0,0,31,0,31,0,0,44,0,44,32,0,32,76
10/27/2022,BAK,IN,AGL,CE,Federal Contract Tower,0,2,12,1,15,0,0,102,8,110,0,2,114,9,125,132,30,162,287
10/28/2022,BAK,IN,AGL,CE,Federal Contract Tower,0,0,13,0,13,0,0,83,0,83,0,0,96,0,96,140,0,140,236
10/29/2022,BAK,IN,AGL,CE,Federal Contract Tower,0,2,11,0,13,0,0,194,0,194,0,2,205,0,207,180,0,180,387
10/30/2022,BAK,IN,AGL,CE,Federal Contract Tower,0,2,15,0,17,0,0,9,0,9,0,2,24,0,26,4,0,4,30
10/31/2022,BAK,IN,AGL,CE,Federal Contract Tower,0,4,22,0,26,0,0,7,2,9,0,4,29,2,35,2,0,2,37
11/01/2022,BAK,IN,AGL,CE,Federal Contract Tower,0,4,15,1,20,0,0,33,18,51,0,4,48,19,71,84,38,122,193
11/02/2022,BAK,IN,AGL,CE,Federal Contract Tower,0,3,11,3,17,0,0,44,2,46,0,3,55,5,63,70,0,70,133
11/03/2022,BAK,IN,AGL,CE,Federal Contract Tower,0,0,14,1,15,0,0,76,2,78,0,0,90,3,93,56,0,56,149
11/04/2022,BAK,IN,AGL,CE,Federal Contract Tower,0,0,9,1,10,0,0,33,0,33,0,0,42,1,43,34,0,34,77
11/05/2022,BAK,IN,AGL,CE,Federal Contract Tower,0,0,8,0,8,0,0,3,0,3,0,0,11,0,11,0,0,0,11
11/06/2022,BAK,IN,AGL,CE,Federal Contract Tower,0,0,8,0,8,0,0,54,0,54,0,0,62,0,62,42,0,42,104
11/07/2022,BAK,IN,AGL,CE,Federal Contract Tower,0,0,9,0,9,0,0,62,0,62,0,0,71,0,71,54,0,54,125
11/08/2022,BAK,IN,AGL,CE,Federal Contract Tower,0,0,16,2,18,0,0,62,0,62,0,0,78,2,80,78,0,78,158
11/09/2022,BAK,IN,AGL,CE,Federal Contract Tower,0,0,19,5,24,0,0,60,8,68,0,0,79,13,92,124,0,124,216
11/10/2022,BAK,IN,AGL,CE,Federal Contract Tower,0,0,11,0,11,0,0,106,34,140,0,0,117,34,151,78,46,124,275
11/11/2022,BAK,IN,AGL,CE,Federal Contract Tower,0,5,6,0,11,0,0,35,0,35,0,5,41,0,46,26,0,26,72
11/12/2022,BAK,IN,AGL,CE,Federal Contract Tower,0,0,1,0,1,0,0,0,0,0,0,0,1,0,1,0,0,0,1
11/13/2022,BAK,IN,AGL,CE,Federal Contract Tower,0,0,2,0,2,0,0,52,0,52,0,0,54,0,54,36,0,36,90
11/14/2022,BAK,IN,AGL,CE,Federal Contract Tower,0,0,17,0,17,0,0,61,0,61,0,0,78,0,78,108,0,108,186
11/15/2022,BAK,IN,AGL,CE,Federal Contract Tower,0,0,10,4,14,0,0,4,0,4,0,0,14,4,18,0,0,0,18
11/16/2022,BAK,IN,AGL,CE,Federal Contract Tower,0,0,11,0,11,0,0,0,0,0,0,0,11,0,11,0,0,0,11
11/17/2022,BAK,IN,AGL,CE,Federal Contract Tower,0,0,10,0,10,0,0,20,0,20,0,0,30,0,30,46,0,46,76
11/18/2022,BAK,IN,AGL,CE,Federal Contract Tower,0,1,13,0,14,0,0,15,0,15,0,1,28,0,29,34,0,34,63
11/19/2022,BAK,IN,AGL,CE,Federal Contract Tower,0,0,2,0,2,0,0,33,8,41,0,0,35,8,43,18,10,28,71
11/20/2022,BAK,IN,AGL,CE,Federal Contract Tower,0,0,6,0,6,0,0,65,0,65,0,0,71,0,71,0,0,0,71
11/21/2022,BAK,IN,AGL,CE,Federal Contract Tower,0,1,10,0,11,0,0,78,0,78,0,1,88,0,89,68,0,68,157
11/22/2022,BAK,IN,AGL,CE,Federal Contract Tower,0,0,10,2,12,0,0,61,0,61,0,0,71,2,73,82,54,136,209
11/23/2022,BAK,IN,AGL,CE,Federal Contract Tower,0,0,7,0,7,0,0,89,0,89,0,0,96,0,96,106,0,106,202
11/24/2022,BAK,IN,AGL,CE,Federal Contract Tower,0,0,3,0,3,0,0,16,0,16,0,0,19,0,19,10,0,10,29
11/25/2022,BAK,IN,AGL,CE,Federal Contract Tower,0,0,0,0,0,0,0,23,0,23,0,0,23,0,23,36,0,36,59
11/26/2022,BAK,IN,AGL,CE,Federal Contract Tower,0,0,9,0,9,0,0,58,0,58,0,0,67,0,67,50,0,50,117
11/27/2022,BAK,IN,AGL,CE,Federal Contract Tower,0,0,1,0,1,0,0,1,0,1,0,0,2,0,2,2,0,2,4
11/28/2022,BAK,IN,AGL,CE,Federal Contract Tower,0,2,30,0,32,0,0,23,0,23,0,2,53,0,55,4,0,4,59
11/29/2022,BAK,IN,AGL,CE,Federal Contract Tower,0,0,13,0,13,0,0,37,0,37,0,0,50,0,50,26,0,26,76
11/30/2022,BAK,IN,AGL,CE,Federal Contract Tower,0,2,8,0,10,0,0,22,2,24,0,2,30,2,34,12,12,24,58
12/01/2022,BAK,IN,AGL,CE,Federal Contract Tower,0,8,16,2,26,0,0,77,2,79,0,8,93,4,105,100,4,104,209
12/02/2022,BAK,IN,AGL,CE,Federal Contract Tower,0,0,11,0,11,0,0,34,0,34,0,0,45,0,45,34,0,34,79
12/03/2022,BAK,IN,AGL,CE,Federal Contract Tower,0,0,16,0,16,0,0,36,0,36,0,0,52,0,52,42,0,42,94
12/04/2022,BAK,IN,AGL,CE,Federal Contract Tower,0,0,3,0,3,0,0,128,0,128,0,0,131,0,131,62,0,62,193
12/05/2022,BAK,IN,AGL,CE,Federal Contract Tower,0,0,8,0,8,0,0,37,0,37,0,0,45,0,45,102,0,102,147
12/06/2022,BAK,IN,AGL,CE,Federal Contract Tower,0,2,4,0,6,0,0,0,0,0,0,2,4,0,6,0,0,0,6
12/07/2022,BAK,IN,AGL,CE,Federal Contract Tower,0,0,14,0,14,0,0,0,0,0,0,0,14,0,14,0,0,0,14
12/08/2022,BAK,IN,AGL,CE,Federal Contract Tower,0,1,22,0,23,0,0,4,0,4,0,1,26,0,27,20,0,20,47
12/09/2022,BAK,IN,AGL,CE,Federal Contract Tower,0,0,12,0,12,0,0,0,0,0,0,0,12,0,12,0,0,0,12
12/10/2022,BAK,IN,AGL,CE,Federal Contract Tower,0,0,2,0,2,0,0,0,0,0,0,0,2,0,2,0,0,0,2
12/11/2022,BAK,IN,AGL,CE,Federal Contract Tower,0,0,15,0,15,0,0,27,0,27,0,0,42,0,42,64,0,64,106
12/12/2022,BAK,IN,AGL,CE,Federal Contract Tower,0,2,4,0,6,0,0,84,0,84,0,2,88,0,90,80,0,80,170
12/13/2022,BAK,IN,AGL,CE,Federal Contract Tower,0,0,11,0,11,0,0,106,0,106,0,0,117,0,117,168,0,168,285
12/14/2022,BAK,IN,AGL,CE,Federal Contract Tower,0,3,7,3,13,0,0,0,0,0,0,3,7,3,13,0,0,0,13
12/15/2022,BAK,IN,AGL,CE,Federal Contract Tower,0,3,17,1,21,0,0,50,1,51,0,3,67,2,72,116,0,116,188
12/16/2022,BAK,IN,AGL,CE,Federal Contract Tower,0,0,8,0,8,0,0,31,0,31,0,0,39,0,39,86,0,86,125
12/17/2022,BAK,IN,AGL,CE,Federal Contract Tower,0,0,13,0,13,0,0,38,0,38,0,0,51,0,51,74,0,74,125
12/18/2022,BAK,IN,AGL,CE,Federal Contract Tower,0,0,20,0,20,0,0,86,0,86,0,0,106,0,106,174,0,174,280
12/19/2022,BAK,IN,AGL,CE,Federal Contract Tower,0,0,7,0,7,0,0,60,0,60,0,0,67,0,67,36,0,36,103
12/20/2022,BAK,IN,AGL,CE,Federal Contract Tower,0,0,17,0,17,0,0,88,0,88,0,0,105,0,105,86,0,86,191
12/21/2022,BAK,IN,AGL,CE,Federal Contract Tower,0,0,17,2,19,0,0,78,4,82,0,0,95,6,101,164,12,176,277
12/22/2022,BAK,IN,AGL,CE,Federal Contract Tower,0,3,0,0,3,0,0,0,0,0,0,3,0,0,3,0,0,0,3
12/23/2022,BAK,IN,AGL,CE,Federal Contract Tower,0,2,0,0,2,0,0,0,0,0,0,2,0,0,2,0,0,0,2
12/24/2022,BAK,IN,AGL,CE,Federal Contract Tower,0,2,0,0,2,0,0,5,0,5,0,2,5,0,7,0,0,0,7
12/25/2022,BAK,IN,AGL,CE,Federal Contract Tower,0,0,3,0,3,0,0,10,0,10,0,0,13,0,13,10,0,10,23
12/26/2022,BAK,IN,AGL,CE,Federal Contract Tower,0,0,6,0,6,0,0,4,0,4,0,0,10,0,10,0,0,0,10
12/27/2022,BAK,IN,AGL,CE,Federal Contract Tower,0,0,7,0,7,0,0,0,0,0,0,0,7,0,7,0,0,0,7
12/28/2022,BAK,IN,AGL,CE,Federal Contract Tower,0,0,5,0,5,0,0,60,0,60,0,0,65,0,65,42,0,42,107
12/29/2022,BAK,IN,AGL,CE,Federal Contract Tower,0,0,1,0,1,0,0,14,0,14,0,0,15,0,15,4,0,4,19
12/30/2022,BAK,IN,AGL,CE,Federal Contract Tower,0,2,11,0,13,0,0,14,0,14,0,2,25,0,27,20,0,20,47
12/31/2022,BAK,IN,AGL,CE,Federal Contract Tower,0,0,4,0,4,0,0,7,0,7,0,0,11,0,11,42,0,42,53
01/01/2023,BAK,IN,AGL,CE,Federal Contract Tower,0,0,2,0,2,0,0,14,0,14,0,0,16,0,16,24,0,24,40
01/02/2023,BAK,IN,AGL,CE,Federal Contract Tower,0,0,6,0,6,0,0,2,0,2,0,0,8,0,8,0,0,0,8
01/03/2023,BAK,IN,AGL,CE,Federal Contract Tower,0,0,11,0,11,0,0,20,0,20,0,0,31,0,31,42,0,42,73
01/04/2023,BAK,IN,AGL,CE,Federal Contract Tower,0,2,3,1,6,0,0,71,14,85,0,2,74,15,91,144,32,176,267
01/05/2023,BAK,IN,AGL,CE,Federal Contract Tower,0,0,5,0,5,0,0,31,4,35,0,0,36,4,40,28,4,32,72
01/06/2023,BAK,IN,AGL,CE,Federal Contract Tower,0,0,10,1,11,0,0,58,2,60,0,0,68,3,71,148,0,148,219
01/07/2023,BAK,IN,AGL,CE,Federal Contract Tower,0,0,9,0,9,0,0,66,0,66,0,0,75,0,75,62,0,62,137
01/08/2023,BAK,IN,AGL,CE,Federal Contract Tower,0,0,1,0,1,0,0,40,0,40,0,0,41,0,41,50,0,50,91
01/09/2023,BAK,IN,AGL,CE,Federal Contract Tower,0,0,7,0,7,0,0,59,0,59,0,0,66,0,66,98,0,98,164
01/10/2023,BAK,IN,AGL,CE,Federal Contract Tower,0,0,11,0,11,0,0,78,0,78,0,0,89,0,89,108,0,108,197
01/11/2023,BAK,IN,AGL,CE,Federal Contract Tower,0,0,10,0,10,0,0,2,0,2,0,0,12,0,12,0,0,0,12
01/12/2023,BAK,IN,AGL,CE,Federal Contract Tower,0,0,5,0,5,0,0,0,0,0,0,0,5,0,5,0,0,0,5
01/13/2023,BAK,IN,AGL,CE,Federal Contract Tower,0,0,4,0,4,0,0,3,1,4,0,0,7,1,8,0,0,0,8
01/14/2023,BAK,IN,AGL,CE,Federal Contract Tower,0,0,3,0,3,0,0,66,0,66,0,0,69,0,69,64,0,64,133
01/15/2023,BAK,IN,AGL,CE,Federal Contract Tower,0,0,3,0,3,0,0,105,0,105,0,0,108,0,108,130,0,130,238
01/16/2023,BAK,IN,AGL,CE,Federal Contract Tower,0,0,4,0,4,0,0,10,0,10,0,0,14,0,14,2,0,2,16
01/17/2023,BAK,IN,AGL,CE,Federal Contract Tower,0,0,8,0,8,0,0,37,0,37,0,0,45,0,45,24,0,24,69
01/18/2023,BAK,IN,AGL,CE,Federal Contract Tower,0,0,12,0,12,0,0,1,0,1,0,0,13,0,13,0,0,0,13
01/19/2023,BAK,IN,AGL,CE,Federal Contract Tower,0,2,7,0,9,0,0,10,0,10,0,2,17,0,19,22,0,22,41
01/21/2023,BAK,IN,AGL,CE,Federal Contract Tower,0,0,4,0,4,0,0,43,0,43,0,0,47,0,47,38,0,38,85
01/22/2023,BAK,IN,AGL,CE,Federal Contract Tower,0,0,2,0,2,0,0,0,0,0,0,0,2,0,2,0,0,0,2
01/23/2023,BAK,IN,AGL,CE,Federal Contract Tower,0,0,12,0,12,0,0,31,0,31,0,0,43,0,43,22,0,22,65
01/24/2023,BAK,IN,AGL,CE,Federal Contract Tower,0,0,12,0,12,0,0,67,8,75,0,0,79,8,87,104,30,134,221
01/25/2023,BAK,IN,AGL,CE,Federal Contract Tower,0,2,4,0,6,0,0,0,0,0,0,2,4,0,6,0,0,0,6
01/27/2023,BAK,IN,AGL,CE,Federal Contract Tower,0,3,8,0,11,0,0,36,2,38,0,3,44,2,49,36,0,36,85
01/28/2023,BAK,IN,AGL,CE,Federal Contract Tower,0,0,4,0,4,0,0,104,0,104,0,0,108,0,108,52,0,52,160
01/30/2023,BAK,IN,AGL,CE,Federal Contract Tower,0,0,4,0,4,0,0,1,0,1,0,0,5,0,5,0,0,0,5
01/31/2023,BAK,IN,AGL,CE,Federal Contract Tower,0,0,5,0,5,0,0,36,0,36,0,0,41,0,41,58,0,58,99
02/01/2023,BAK,IN,AGL,CE,Federal Contract Tower,0,0,16,5,21,0,0,94,7,101,0,0,110,12,122,72,10,82,204
02/02/2023,BAK,IN,AGL,CE,Federal Contract Tower,0,4,14,4,22,0,0,70,10,80,0,4,84,14,102,36,40,76,178
02/03/2023,BAK,IN,AGL,CE,Federal Contract Tower,0,0,5,2,7,0,0,74,2,76,0,0,79,4,83,90,4,94,177
02/04/2023,BAK,IN,AGL,CE,Federal Contract Tower,0,0,7,0,7,0,0,43,0,43,0,0,50,0,50,52,0,52,102
02/05/2023,BAK,IN,AGL,CE,Federal Contract Tower,0,0,6,0,6,0,0,19,0,19,0,0,25,0,25,30,0,30,55
02/06/2023,BAK,IN,AGL,CE,Federal Contract Tower,0,0,12,0,12,0,0,63,0,63,0,0,75,0,75,38,0,38,113
02/07/2023,BAK,IN,AGL,CE,Federal Contract Tower,0,0,16,0,16,0,0,16,2,18,0,0,32,2,34,0,4,4,38
02/08/2023,BAK,IN,AGL,CE,Federal Contract Tower,0,0,6,0,6,0,0,60,0,60,0,0,66,0,66,80,0,80,146
02/09/2023,BAK,IN,AGL,CE,Federal Contract Tower,0,0,5,2,7,0,0,0,0,0,0,0,5,2,7,0,0,0,7
02/10/2023,BAK,IN,AGL,CE,Federal Contract Tower,0,2,13,0,15,0,0,4,0,4,0,2,17,0,19,0,0,0,19
02/11/2023,BAK,IN,AGL,CE,Federal Contract Tower,0,0,5,0,5,0,0,153,0,153,0,0,158,0,158,152,0,152,310
02/12/2023,BAK,IN,AGL,CE,Federal Contract Tower,0,1,15,0,16,0,0,110,0,110,0,1,125,0,126,40,0,40,166
02/13/2023,BAK,IN,AGL,CE,Federal Contract Tower,0,4,15,0,19,0,0,67,0,67,0,4,82,0,86,66,0,66,152
02/14/2023,BAK,IN,AGL,CE,Federal Contract Tower,0,0,11,0,11,0,0,27,0,27,0,0,38,0,38,12,0,12,50
02/15/2023,BAK,IN,AGL,CE,Federal Contract Tower,0,2,14,0,16,0,0,18,6,24,0,2,32,6,40,2,8,10,50
02/16/2023,BAK,IN,AGL,CE,Federal Contract Tower,0,7,4,0,11,0,0,0,0,0,0,7,4,0,11,0,0,0,11
02/17/2023,BAK,IN,AGL,CE,Federal Contract Tower,0,2,10,0,12,0,0,30,0,30,0,2,40,0,42,18,0,18,60
02/18/2023,BAK,IN,AGL,CE,Federal Contract Tower,0,0,5,0,5,0,0,66,0,66,0,0,71,0,71,40,0,40,111
02/19/2023,BAK,IN,AGL,CE,Federal Contract Tower,0,0,3,0,3,0,0,13,0,13,0,0,16,0,16,0,0,0,16
02/20/2023,BAK,IN,AGL,CE,Federal Contract Tower,0,0,12,0,12,0,0,52,0,52,0,0,64,0,64,52,0,52,116
02/21/2023,BAK,IN,AGL,CE,Federal Contract Tower,0,2,3,2,7,0,0,60,0,60,0,2,63,2,67,90,0,90,157
02/22/2023,BAK,IN,AGL,CE,Federal Contract Tower,0,1,8,0,9,0,0,0,0,0,0,1,8,0,9,0,0,0,9
02/23/2023,BAK,IN,AGL,CE,Federal Contract Tower,0,1,8,0,9,0,0,13,12,25,0,1,21,12,34,8,10,18,52
02/24/2023,BAK,IN,AGL,CE,Federal Contract Tower,0,0,17,1,18,0,0,70,4,74,0,0,87,5,92,70,30,100,192
02/25/2023,BAK,IN,AGL,CE,Federal Contract Tower,0,1,7,0,8,0,0,77,0,77,0,1,84,0,85,130,0,130,215
02/26/2023,BAK,IN,AGL,CE,Federal Contract Tower,0,3,13,0,16,0,0,68,0,68,0,3,81,0,84,66,0,66,150
02/27/2023,BAK,IN,AGL,CE,Federal Contract Tower,0,0,11,0,11,0,0,8,0,8,0,0,19,0,19,0,0,0,19
02/28/2023,BAK,IN,AGL,CE,Federal Contract Tower,0,2,22,0,24,0,0,57,12,69,0,2,79,12,93,46,0,46,139
03/01/2023,BAK,IN,AGL,CE,Federal Contract Tower,0,3,9,0,12,0,0,76,4,80,0,3,85,4,92,72,4,76,168
03/02/2023,BAK,IN,AGL,CE,Federal Contract Tower,0,13,9,0,22,0,0,44,0,44,0,13,53,0,66,72,0,72,138
03/03/2023,BAK,IN,AGL,CE,Federal Contract Tower,0,4,4,0,8,0,0,0,0,0,0,4,4,0,8,0,0,0,8
03/04/2023,BAK,IN,AGL,CE,Federal Contract Tower,0,4,5,0,9,0,0,61,0,61,0,4,66,0,70,114,0,114,184
03/05/2023,BAK,IN,AGL,CE,Federal Contract Tower,0,4,7,0,11,0,0,67,0,67,0,4,74,0,78,82,0,82,160
03/06/2023,BAK,IN,AGL,CE,Federal Contract Tower,0,2,15,0,17,0,0,54,0,54,0,2,69,0,71,12,0,12,83
03/07/2023,BAK,IN,AGL,CE,Federal Contract Tower,0,1,11,2,14,0,0,54,6,60,0,1,65,8,74,14,52,66,140
03/08/2023,BAK,IN,AGL,CE,Federal Contract Tower,0,1,7,0,8,0,0,54,10,64,0,1,61,10,72,66,16,82,154
03/09/2023,BAK,IN,AGL,CE,Federal Contract Tower,0,4,8,1,13,0,0,40,4,44,0,4,48,5,57,64,18,82,139
03/10/2023,BAK,IN,AGL,CE,Federal Contract Tower,0,4,3,0,7,0,0,12,0,12,0,4,15,0,19,4,0,4,23
03/11/2023,BAK,IN,AGL,CE,Federal Contract Tower,0,0,9,0,9,0,0,77,0,77,0,0,86,0,86,76,0,76,162
03/12/2023,BAK,IN,AGL,CE,Federal Contract Tower,0,0,2,0,2,0,0,4,0,4,0,0,6,0,6,0,0,0,6
03/13/2023,BAK,IN,AGL,CE,Federal Contract Tower,0,4,7,0,11,0,0,10,0,10,0,4,17,0,21,6,0,6,27
03/14/2023,BAK,IN,AGL,CE,Federal Contract Tower,0,1,6,0,7,0,0,33,6,39,0,1,39,6,46,38,14,52,98
03/15/2023,BAK,IN,AGL,CE,Federal Contract Tower,0,0,7,0,7,0,0,71,2,73,0,0,78,2,80,154,8,162,242
03/16/2023,BAK,IN,AGL,CE,Federal Contract Tower,0,0,11,0,11,0,0,37,0,37,0,0,48,0,48,4,0,4,52
03/17/2023,BAK,IN,AGL,CE,Federal Contract Tower,0,3,4,0,7,0,0,4,0,4,0,3,8,0,11,0,0,0,11
03/18/2023,BAK,IN,AGL,CE,Federal Contract Tower,0,0,1,0,1,0,0,4,0,4,0,0,5,0,5,0,0,0,5
03/19/2023,BAK,IN,AGL,CE,Federal Contract Tower,0,0,11,0,11,0,0,82,0,82,0,0,93,0,93,88,0,88,181
03/20/2023,BAK,IN,AGL,CE,Federal Contract Tower,0,0,5,0,5,0,0,66,0,66,0,0,71,0,71,82,0,82,153
03/21/2023,BAK,IN,AGL,CE,Federal Contract Tower,0,2,11,2,15,0,0,45,2,47,0,2,56,4,62,54,12,66,128
03/22/2023,BAK,IN,AGL,CE,Federal Contract Tower,2,0,8,2,12,0,0,0,0,0,2,0,8,2,12,0,0,0,12
03/23/2023,BAK,IN,AGL,CE,Federal Contract Tower,0,4,4,0,8,0,0,8,0,8,0,4,12,0,16,0,0,0,16
03/24/2023,BAK,IN,AGL,CE,Federal Contract Tower,0,0,9,0,9,0,0,0,0,0,0,0,9,0,9,0,0,0,9
03/25/2023,BAK,IN,AGL,CE,Federal Contract Tower,0,0,5,0,5,0,0,4,0,4,0,0,9,0,9,0,0,0,9
03/26/2023,BAK,IN,AGL,CE,Federal Contract Tower,0,1,12,0,13,0,0,156,0,156,0,1,168,0,169,158,0,158,327
03/27/2023,BAK,IN,AGL,CE,Federal Contract Tower,0,1,6,0,7,0,0,16,0,16,0,1,22,0,23,18,0,18,41
03/28/2023,BAK,IN,AGL,CE,Federal Contract Tower,0,0,7,0,7,0,0,55,10,65,0,0,62,10,72,86,0,86,158
03/29/2023,BAK,IN,AGL,CE,Federal Contract Tower,0,1,8,0,9,0,0,120,20,140,0,1,128,20,149,138,32,170,319
03/30/2023,BAK,IN,AGL,CE,Federal Contract Tower,0,0,8,0,8,0,0,91,12,103,0,0,99,12,111,144,10,154,265
03/31/2023,BAK,IN,AGL,CE,Federal Contract Tower,0,0,9,0,9,0,0,2,2,4,0,0,11,2,13,0,0,0,13
04/01/2023,BAK,IN,AGL,CE,Federal Contract Tower,0,0,7,0,7,0,0,2,0,2,0,0,9,0,9,0,0,0,9
04/02/2023,BAK,IN,AGL,CE,Federal Contract Tower,0,1,6,0,7,0,0,69,0,69,0,1,75,0,76,106,0,106,182
04/03/2023,BAK,IN,AGL,CE,Federal Contract Tower,0,3,9,0,12,0,0,33,0,33,0,3,42,0,45,14,0,14,59
04/04/2023,BAK,IN,AGL,CE,Federal Contract Tower,0,2,10,0,12,0,0,5,0,5,0,2,15,0,17,4,0,4,21
04/05/2023,BAK,IN,AGL,CE,Federal Contract Tower,0,3,3,0,6,0,0,0,0,0,0,3,3,0,6,0,0,0,6
04/06/2023,BAK,IN,AGL,CE,Federal Contract Tower,0,0,12,0,12,0,0,94,0,94,0,0,106,0,106,126,0,126,232
04/07/2023,BAK,IN,AGL,CE,Federal Contract Tower,0,1,5,0,6,0,0,70,0,70,0,1,75,0,76,88,0,88,164
04/08/2023,BAK,IN,AGL,CE,Federal Contract Tower,0,0,5,0,5,0,0,104,0,104,0,0,109,0,109,122,0,122,231
04/09/2023,BAK,IN,AGL,CE,Federal Contract Tower,0,0,8,0,8,0,0,49,0,49,0,0,57,0,57,62,0,62,119
04/10/2023,BAK,IN,AGL,CE,Federal Contract Tower,0,0,8,0,8,0,0,85,0,85,0,0,93,0,93,66,0,66,159
04/11/2023,BAK,IN,AGL,CE,Federal Contract Tower,0,0,4,0,4,0,0,95,2,97,0,0,99,2,101,166,38,204,305
04/12/2023,BAK,IN,AGL,CE,Federal Contract Tower,0,3,9,1,13,0,0,59,3,62,0,3,68,4,75,98,26,124,199
04/13/2023,BAK,IN,AGL,CE,Federal Contract Tower,0,2,11,0,13,0,0,98,2,100,0,2,109,2,113,132,32,164,277
04/14/2023,BAK,IN,AGL,CE,Federal Contract Tower,0,0,12,0,12,0,0,89,14,103,0,0,101,14,115,144,8,152,267
04/15/2023,BAK,IN,AGL,CE,Federal Contract Tower,0,0,9,0,9,0,0,75,0,75,0,0,84,0,84,36,0,36,120
04/16/2023,BAK,IN,AGL,CE,Federal Contract Tower,0,0,7,0,7,0,0,0,0,0,0,0,7,0,7,0,0,0,7
04/17/2023,BAK,IN,AGL,CE,Federal Contract Tower,0,2,5,0,7,0,0,3,0,3,0,2,8,0,10,4,0,4,14
04/18/2023,BAK,IN,AGL,CE,Federal Contract Tower,0,0,10,0,10,0,0,79,4,83,0,0,89,4,93,140,0,140,233
04/19/2023,BAK,IN,AGL,CE,Federal Contract Tower,0,1,6,1,8,0,0,61,2,63,0,1,67,3,71,70,28,98,169
04/20/2023,BAK,IN,AGL,CE,Federal Contract Tower,0,5,11,0,16,0,0,22,0,22,0,5,33,0,38,24,0,24,62
04/21/2023,BAK,IN,AGL,CE,Federal Contract Tower,0,0,4,0,4,0,0,0,0,0,0,0,4,0,4,0,0,0,4
04/22/2023,BAK,IN,AGL,CE,Federal Contract Tower,0,3,1,0,4,0,0,61,0,61,0,3,62,0,65,82,0,82,147
04/24/2023,BAK,IN,AGL,CE,Federal Contract Tower,0,2,7,2,11,0,0,107,12,119,0,2,114,14,130,176,0,176,306
04/25/2023,BAK,IN,AGL,CE,Federal Contract Tower,0,3,5,0,8,0,0,63,3,66,0,3,68,3,74,132,0,132,206
04/26/2023,BAK,IN,AGL,CE,Federal Contract Tower,0,1,19,0,20,0,0,104,12,116,0,1,123,12,136,76,12,88,224
04/27/2023,BAK,IN,AGL,CE,Federal Contract Tower,0,5,3,0,8,0,0,77,0,77,0,5,80,0,85,200,0,200,285
04/28/2023,BAK,IN,AGL,CE,Federal Contract Tower,0,3,14,2,19,0,0,0,0,0,0,3,14,2,19,0,0,0,19
04/29/2023,BAK,IN,AGL,CE,Federal Contract Tower,0,1,2,0,3,0,0,52,0,52,0,1,54,0,55,98,0,98,153
04/30/2023,BAK,IN,AGL,CE,Federal Contract Tower,0,2,1,0,3,0,0,0,0,0,0,2,1,0,3,0,0,0,3
05/01/2023,BAK,IN,AGL,CE,Federal Contract Tower,0,1,2,0,3,0,0,2,0,2,0,1,4,0,5,0,0,0,5
05/02/2023,BAK,IN,AGL,CE,Federal Contract Tower,0,3,13,3,19,0,0,48,1,49,0,3,61,4,68,22,30,52,120
05/03/2023,BAK,IN,AGL,CE,Federal Contract Tower,0,1,11,0,12,0,0,100,14,114,0,1,111,14,126,100,12,112,238
05/04/2023,BAK,IN,AGL,CE,Federal Contract Tower,0,5,10,3,18,0,0,97,17,114,0,5,107,20,132,146,22,168,300
05/05/2023,BAK,IN,AGL,CE,Federal Contract Tower,0,2,10,5,17,0,0,55,4,59,0,2,65,9,76,66,0,66,142
05/06/2023,BAK,IN,AGL,CE,Federal Contract Tower,0,1,8,0,9,0,0,86,0,86,0,1,94,0,95,36,0,36,131
05/07/2023,BAK,IN,AGL,CE,Federal Contract Tower,0,0,12,0,12,0,0,25,0,25,0,0,37,0,37,28,0,28,65
05/09/2023,BAK,IN,AGL,CE,Federal Contract Tower,0,0,3,3,6,0,0,92,7,99,0,0,95,10,105,138,6,144,249
05/10/2023,BAK,IN,AGL,CE,Federal Contract Tower,0,0,10,0,10,0,0,104,17,121,0,0,114,17,131,212,14,226,357
05/11/2023,BAK,IN,AGL,CE,Federal Contract Tower,0,1,7,3,11,0,0,90,12,102,0,1,97,15,113,124,12,136,249
05/12/2023,BAK,IN,AGL,CE,Federal Contract Tower,0,0,7,2,9,0,0,57,12,69,0,0,64,14,78,74,2,76,154
05/13/2023,BAK,IN,AGL,CE,Federal Contract Tower,0,0,6,0,6,0,0,25,8,33,0,0,31,8,39,20,0,20,59
05/14/2023,BAK,IN,AGL,CE,Federal Contract Tower,0,0,3,0,3,0,0,44,2,46,0,0,47,2,49,52,0,52,101
05/15/2023,BAK,IN,AGL,CE,Federal Contract Tower,0,0,10,0,10,0,0,63,20,83,0,0,73,20,93,94,0,94,187
05/16/2023,BAK,IN,AGL,CE,Federal Contract Tower,0,2,5,2,9,0,0,28,4,32,0,2,33,6,41,54,0,54,95
05/17/2023,BAK,IN,AGL,CE,Federal Contract Tower,0,2,18,1,21,0,0,111,8,119,0,2,129,9,140,140,32,172,312
05/18/2023,BAK,IN,AGL,CE,Federal Contract Tower,0,0,14,0,14,0,0,136,0,136,0,0,150,0,150,120,0,120,270
05/19/2023,BAK,IN,AGL,CE,Federal Contract Tower,0,0,11,0,11,0,0,90,2,92,0,0,101,2,103,52,0,52,155
05/20/2023,BAK,IN,AGL,CE,Federal Contract Tower,0,1,13,0,14,0,0,129,0,129,0,1,142,0,143,236,0,236,379
05/21/2023,BAK,IN,AGL,CE,Federal Contract Tower,0,1,10,0,11,0,0,68,0,68,0,1,78,0,79,14,0,14,93
05/22/2023,BAK,IN,AGL,CE,Federal Contract Tower,0,0,10,0,10,0,0,70,0,70,0,0,80,0,80,122,0,122,202
05/23/2023,BAK,IN,AGL,CE,Federal Contract Tower,0,0,20,0,20,0,0,138,0,138,0,0,158,0,158,244,12,256,414
05/24/2023,BAK,IN,AGL,CE,Federal Contract Tower,0,2,19,6,27,0,0,115,10,125,0,2,134,16,152,80,50,130,282
05/25/2023,BAK,IN,AGL,CE,Federal Contract Tower,0,2,8,2,12,0,0,62,0,62,0,2,70,2,74,42,0,42,116
05/26/2023,BAK,IN,AGL,CE,Federal Contract Tower,0,0,8,0,8,0,0,47,0,47,0,0,55,0,55,70,0,70,125
05/27/2023,BAK,IN,AGL,CE,Federal Contract Tower,0,2,14,0,16,0,0,91,0,91,0,2,105,0,107,28,0,28,135
05/28/2023,BAK,IN,AGL,CE,Federal Contract Tower,0,0,8,0,8,0,0,40,0,40,0,0,48,0,48,28,0,28,76
05/29/2023,BAK,IN,AGL,CE,Federal Contract Tower,0,2,9,0,11,0,0,58,0,58,0,2,67,0,69,30,0,30,99
05/30/2023,BAK,IN,AGL,CE,Federal Contract Tower,0,0,9,0,9,0,0,71,0,71,0,0,80,0,80,58,0,58,138
06/01/2023,BAK,IN,AGL,CE,Federal Contract Tower,0,0,16,0,16,0,0,107,0,107,0,0,123,0,123,50,0,50,173
06/02/2023,BAK,IN,AGL,CE,Federal Contract Tower,0,0,5,0,5,0,0,66,4,70,0,0,71,4,75,102,54,156,231
06/03/2023,BAK,IN,AGL,CE,Federal Contract Tower,0,0,4,1,5,0,0,249,0,249,0,0,253,1,254,262,0,262,516
06/04/2023,BAK,IN,AGL,CE,Federal Contract Tower,0,0,7,1,8,0,0,70,2,72,0,0,77,3,80,32,0,32,112
06/05/2023,BAK,IN,AGL,CE,Federal Contract Tower,0,0,9,1,10,0,0,65,4,69,0,0,74,5,79,104,4,108,187
06/06/2023,BAK,IN,AGL,CE,Federal Contract Tower,0,0,13,0,13,0,0,82,0,82,0,0,95,0,95,220,0,220,315
06/07/2023,BAK,IN,AGL,CE,Federal Contract Tower,0,0,13,0,13,0,0,61,6,67,0,0,74,6,80,64,16,80,160
06/08/2023,BAK,IN,AGL,CE,Federal Contract Tower,0,0,16,0,16,0,0,99,0,99,0,0,115,0,115,224,0,224,339
06/09/2023,BAK,IN,AGL,CE,Federal Contract Tower,0,0,8,0,8,0,0,136,0,136,0,0,144,0,144,172,0,172,316
06/10/2023,BAK,IN,AGL,CE,Federal Contract Tower,0,1,12,0,13,0,0,90,0,90,0,1,102,0,103,44,0,44,147
06/11/2023,BAK,IN,AGL,CE,Federal Contract Tower,0,0,15,4,19,0,0,0,0,0,0,0,15,4,19,0,0,0,19
06/12/2023,BAK,IN,AGL,CE,Federal Contract Tower,0,0,20,0,20,0,0,36,3,39,0,0,56,3,59,46,0,46,105
06/13/2023,BAK,IN,AGL,CE,Federal Contract Tower,0,1,10,0,11,0,28,0,6,34,0,29,10,6,45,42,0,42,87
06/14/2023,BAK,IN,AGL,CE,Federal Contract Tower,0,2,9,0,11,0,0,78,5,83,0,2,87,5,94,90,0,90,184
06/15/2023,BAK,IN,AGL,CE,Federal Contract Tower,0,1,14,0,15,0,0,81,0,81,0,1,95,0,96,74,0,74,170
06/16/2023,BAK,IN,AGL,CE,Federal Contract Tower,0,0,27,3,30,0,0,57,0,57,0,0,84,3,87,52,0,52,139
06/17/2023,BAK,IN,AGL,CE,Federal Contract Tower,0,2,18,0,20,0,0,158,6,164,0,2,176,6,184,32,0,32,216
06/18/2023,BAK,IN,AGL,CE,Federal Contract Tower,0,0,6,0,6,0,0,88,0,88,0,0,94,0,94,80,0,80,174
06/19/2023,BAK,IN,AGL,CE,Federal Contract Tower,0,0,12,0,12,0,0,23,0,23,0,0,35,0,35,0,0,0,35
06/20/2023,BAK,IN,AGL,CE,Federal Contract Tower,0,0,13,0,13,0,0,91,14,105,0,0,104,14,118,88,0,88,206
06/21/2023,BAK,IN,AGL,CE,Federal Contract Tower,0,3,21,0,24,0,0,0,0,0,0,3,21,0,24,96,50,146,170
06/22/2023,BAK,IN,AGL,CE,Federal Contract Tower,0,0,21,0,21,0,0,156,10,166,0,0,177,10,187,106,38,144,331
06/23/2023,BAK,IN,AGL,CE,Federal Contract Tower,0,6,15,2,23,0,0,102,3,105,0,6,117,5,128,104,0,104,232
06/24/2023,BAK,IN,AGL,CE,Federal Contract Tower,0,0,9,0,9,0,0,134,2,136,0,0,143,2,145,130,0,130,275
06/25/2023,BAK,IN,AGL,CE,Federal Contract Tower,0,0,6,0,6,0,0,18,0,18,0,0,24,0,24,8,0,8,32
06/26/2023,BAK,IN,AGL,CE,Federal Contract Tower,0,2,6,0,8,0,0,63,0,63,0,2,69,0,71,44,0,44,115
06/27/2023,BAK,IN,AGL,CE,Federal Contract Tower,0,5,16,0,21,0,0,87,0,87,0,5,103,0,108,70,0,70,178
06/28/2023,BAK,IN,AGL,CE,Federal Contract Tower,0,3,27,0,30,0,0,0,0,0,0,3,27,0,30,0,0,0,30
06/29/2023,BAK,IN,AGL,CE,Federal Contract Tower,0,2,4,0,6,0,0,57,0,57,0,2,61,0,63,66,0,66,129
06/30/2023,BAK,IN,AGL,CE,Federal Contract Tower,0,1,24,0,25,0,0,164,0,164,0,1,188,0,189,114,0,114,303
07/01/2023,BAK,IN,AGL,CE,Federal Contract Tower,0,0,16,0,16,0,0,26,0,26,0,0,42,0,42,8,0,8,50
07/02/2023,BAK,IN,AGL,CE,Federal Contract Tower,0,0,10,0,10,0,0,13,0,13,0,0,23,0,23,8,0,8,31
07/03/2023,BAK,IN,AGL,CE,Federal Contract Tower,0,0,21,0,21,0,0,64,0,64,0,0,85,0,85,88,0,88,173
07/04/2023,BAK,IN,AGL,CE,Federal Contract Tower,0,0,9,0,9,0,0,39,0,39,0,0,48,0,48,44,0,44,92
07/06/2023,BAK,IN,AGL,CE,Federal Contract Tower,0,2,24,0,26,0,0,101,10,111,0,2,125,10,137,148,24,172,309
07/07/2023,BAK,IN,AGL,CE,Federal Contract Tower,0,0,16,2,18,0,0,128,0,128,0,0,144,2,146,118,18,136,282
07/08/2023,BAK,IN,AGL,CE,Federal Contract Tower,0,0,9,2,11,0,0,3,0,3,0,0,12,2,14,4,0,4,18
07/09/2023,BAK,IN,AGL,CE,Federal Contract Tower,0,1,21,0,22,0,0,81,0,81,0,1,102,0,103,112,0,112,215
07/10/2023,BAK,IN,AGL,CE,Federal Contract Tower,0,1,16,0,17,0,0,98,0,98,0,1,114,0,115,162,0,162,277
07/11/2023,BAK,IN,AGL,CE,Federal Contract Tower,0,4,14,4,22,0,0,109,0,109,0,4,123,4,131,186,0,186,317
07/12/2023,BAK,IN,AGL,CE,Federal Contract Tower,0,1,3,4,8,0,0,102,0,102,0,1,105,4,110,114,0,114,224
07/13/2023,BAK,IN,AGL,CE,Federal Contract Tower,0,0,6,0,6,0,0,50,0,50,0,0,56,0,56,62,0,62,118
07/14/2023,BAK,IN,AGL,CE,Federal Contract Tower,0,0,8,0,8,0,0,127,0,127,0,0,135,0,135,132,0,132,267
07/15/2023,BAK,IN,AGL,CE,Federal Contract Tower,0,0,8,0,8,0,0,46,0,46,0,0,54,0,54,86,0,86,140
07/16/2023,BAK,IN,AGL,CE,Federal Contract Tower,0,0,14,0,14,0,0,96,20,116,0,0,110,20,130,56,0,56,186
07/17/2023,BAK,IN,AGL,CE,Federal Contract Tower,0,2,16,0,18,0,0,46,0,46,0,2,62,0,64,108,0,108,172
07/18/2023,BAK,IN,AGL,CE,Federal Contract Tower,0,0,23,3,26,0,0,90,8,98,0,0,113,11,124,136,66,202,326
07/19/2023,BAK,IN,AGL,CE,Federal Contract Tower,0,1,21,2,24,0,0,48,6,54,0,1,69,8,78,86,42,128,206
07/20/2023,BAK,IN,AGL,CE,Federal Contract Tower,0,2,20,4,26,0,0,32,18,50,0,2,52,22,76,44,28,72,148
07/21/2023,BAK,IN,AGL,CE,Federal Contract Tower,0,0,22,3,25,0,0,136,1,137,0,0,158,4,162,122,0,122,284
07/22/2023,BAK,IN,AGL,CE,Federal Contract Tower,0,0,7,0,7,0,0,123,0,123,0,0,130,0,130,76,0,76,206
07/23/2023,BAK,IN,AGL,CE,Federal Contract Tower,0,0,18,0,18,0,0,121,0,121,0,0,139,0,139,126,0,126,265
07/24/2023,BAK,IN,AGL,CE,Federal Contract Tower,0,0,14,0,14,0,0,60,22,82,0,0,74,22,96,28,0,28,124
07/25/2023,BAK,IN,AGL,CE,Federal Contract Tower,0,0,23,0,23,0,0,82,12,94,0,0,105,12,117,50,28,78,195
07/26/2023,BAK,IN,AGL,CE,Federal Contract Tower,0,0,15,1,16,0,0,79,18,97,0,0,94,19,113,92,16,108,221
07/27/2023,BAK,IN,AGL,CE,Federal Contract Tower,0,0,21,0,21,0,0,59,0,59,0,0,80,0,80,102,0,102,182
07/28/2023,BAK,IN,AGL,CE,Federal Contract Tower,0,0,17,0,17,0,0,65,0,65,0,0,82,0,82,76,0,76,158
07/29/2023,BAK,IN,AGL,CE,Federal Contract Tower,0,0,13,0,13,0,0,57,0,57,0,0,70,0,70,48,0,48,118
07/30/2023,BAK,IN,AGL,CE,Federal Contract Tower,0,0,15,0,15,0,0,84,0,84,0,0,99,0,99,86,0,86,185
07/31/2023,BAK,IN,AGL,CE,Federal Contract Tower,0,0,14,0,14,0,0,134,0,134,0,0,148,0,148,126,0,126,274
08/01/2023,BAK,IN,AGL,CE,Federal Contract Tower,0,1,12,0,13,0,0,85,0,85,0,1,97,0,98,50,0,50,148
08/02/2023,BAK,IN,AGL,CE,Federal Contract Tower,0,1,26,0,27,0,0,94,0,94,0,1,120,0,121,132,0,132,253
08/03/2023,BAK,IN,AGL,CE,Federal Contract Tower,0,0,4,2,6,0,0,99,0,99,0,0,103,2,105,138,40,178,283
08/04/2023,BAK,IN,AGL,CE,Federal Contract Tower,0,2,13,0,15,0,0,98,0,98,0,2,111,0,113,72,0,72,185
08/05/2023,BAK,IN,AGL,CE,Federal Contract Tower,0,0,6,0,6,0,0,0,83,83,0,0,6,83,89,82,0,82,171
08/06/2023,BAK,IN,AGL,CE,Federal Contract Tower,0,0,9,0,9,0,0,26,0,26,0,0,35,0,35,68,0,68,103
08/07/2023,BAK,IN,AGL,CE,Federal Contract Tower,0,0,15,0,15,0,0,2,0,2,0,0,17,0,17,0,0,0,17
08/08/2023,BAK,IN,AGL,CE,Federal Contract Tower,0,0,4,0,4,0,0,88,0,88,0,0,92,0,92,92,0,92,184
08/09/2023,BAK,IN,AGL,CE,Federal Contract Tower,0,0,15,0,15,0,0,33,4,37,0,0,48,4,52,48,0,48,100
08/10/2023,BAK,IN,AGL,CE,Federal Contract Tower,0,2,21,0,23,0,0,39,0,39,0,2,60,0,62,50,0,50,112
08/11/2023,BAK,IN,AGL,CE,Federal Contract Tower,0,0,8,0,8,0,0,74,2,76,0,0,82,2,84,60,0,60,144
08/12/2023,BAK,IN,AGL,CE,Federal Contract Tower,0,0,2,0,2,0,0,22,0,22,0,0,24,0,24,32,0,32,56
08/13/2023,BAK,IN,AGL,CE,Federal Contract Tower,0,0,8,0,8,0,0,78,0,78,0,0,86,0,86,134,0,134,220
08/14/2023,BAK,IN,AGL,CE,Federal Contract Tower,0,0,9,0,9,0,0,1,0,1,0,0,10,0,10,4,0,4,14
08/15/2023,BAK,IN,AGL,CE,Federal Contract Tower,0,2,14,2,18,0,0,28,0,28,0,2,42,2,46,54,0,54,100
08/16/2023,BAK,IN,AGL,CE,Federal Contract Tower,0,0,12,0,12,0,0,73,4,77,0,0,85,4,89,110,16,126,215
08/17/2023,BAK,IN,AGL,CE,Federal Contract Tower,0,0,10,0,10,0,0,49,4,53,0,0,59,4,63,0,0,0,63
08/18/2023,BAK,IN,AGL,CE,Federal Contract Tower,0,0,3,0,3,0,0,102,0,102,0,0,105,0,105,178,0,178,283
08/19/2023,BAK,IN,AGL,CE,Federal Contract Tower,0,0,5,0,5,0,0,122,0,122,0,0,127,0,127,80,0,80,207
08/20/2023,BAK,IN,AGL,CE,Federal Contract Tower,0,0,8,0,8,0,0,108,0,108,0,0,116,0,116,82,0,82,198
08/21/2023,BAK,IN,AGL,CE,Federal Contract Tower,0,0,22,0,22,0,0,92,0,92,0,0,114,0,114,132,0,132,246
08/22/2023,BAK,IN,AGL,CE,Federal Contract Tower,0,0,14,2,16,0,0,64,5,69,0,0,78,7,85,22,54,76,161
08/23/2023,BAK,IN,AGL,CE,Federal Contract Tower,0,2,10,0,12,0,0,86,4,90,0,2,96,4,102,202,16,218,320
08/24/2023,BAK,IN,AGL,CE,Federal Contract Tower,0,0,7,2,9,0,0,55,10,65,0,0,62,12,74,34,68,102,176
08/25/2023,BAK,IN,AGL,CE,Federal Contract Tower,0,1,18,0,19,0,0,79,12,91,0,1,97,12,110,72,42,114,224
08/26/2023,BAK,IN,AGL,CE,Federal Contract Tower,0,1,19,0,20,0,0,46,0,46,0,1,65,0,66,28,0,28,94
08/27/2023,BAK,IN,AGL,CE,Federal Contract Tower,0,0,5,0,5,0,0,33,0,33,0,0,38,0,38,0,0,0,38
08/28/2023,BAK,IN,AGL,CE,Federal Contract Tower,0,0,3,0,3,0,0,62,6,68,0,0,65,6,71,66,56,122,193
08/29/2023,BAK,IN,AGL,CE,Federal Contract Tower,0,1,5,0,6,0,0,92,9,101,0,1,97,9,107,90,0,90,197
08/30/2023,BAK,IN,AGL,CE,Federal Contract Tower,0,1,11,0,12,0,0,67,20,87,0,1,78,20,99,70,50,120,219
08/31/2023,BAK,IN,AGL,CE,Federal Contract Tower,0,0,9,0,9,0,0,70,10,80,0,0,79,10,89,116,84,200,289
