10/01/2010,BAZ,TX,ASW,CE,Federal Contract Tower,0,0,16,4,20,0,0,59,0,59,0,0,75,4,79,48,0,48,127
10/02/2010,BAZ,TX,ASW,CE,Federal Contract Tower,0,0,4,0,4,0,2,71,0,73,0,2,75,0,77,82,0,82,159
10/03/2010,BAZ,TX,ASW,CE,Federal Contract Tower,0,0,7,0,7,0,1,66,1,68,0,1,73,1,75,42,0,42,117
10/04/2010,BAZ,TX,ASW,CE,Federal Contract Tower,0,0,8,2,10,0,1,33,0,34,0,1,41,2,44,44,0,44,88
10/05/2010,BAZ,TX,ASW,CE,Federal Contract Tower,0,0,6,0,6,0,0,29,0,29,0,0,35,0,35,82,0,82,117
10/06/2010,BAZ,TX,ASW,CE,Federal Contract Tower,0,0,6,0,6,0,4,72,0,76,0,4,78,0,82,44,0,44,126
10/07/2010,BAZ,TX,ASW,CE,Federal Contract Tower,0,2,12,0,14,0,3,31,1,35,0,5,43,1,49,42,0,42,91
10/08/2010,BAZ,TX,ASW,CE,Federal Contract Tower,0,0,9,0,9,0,1,41,0,42,0,1,50,0,51,22,0,22,73
10/09/2010,BAZ,TX,ASW,CE,Federal Contract Tower,0,4,3,0,7,0,0,100,0,100,0,4,103,0,107,62,0,62,169
10/10/2010,BAZ,TX,ASW,CE,Federal Contract Tower,0,0,4,0,4,0,1,60,0,61,0,1,64,0,65,120,0,120,185
10/11/2010,BAZ,TX,ASW,CE,Federal Contract Tower,0,0,9,0,9,0,0,32,0,32,0,0,41,0,41,62,0,62,103
10/12/2010,BAZ,TX,ASW,CE,Federal Contract Tower,0,2,6,0,8,0,0,31,0,31,0,2,37,0,39,92,0,92,131
10/13/2010,BAZ,TX,ASW,CE,Federal Contract Tower,0,0,6,0,6,0,1,50,0,51,0,1,56,0,57,20,0,20,77
10/14/2010,BAZ,TX,ASW,CE,Federal Contract Tower,0,0,8,0,8,0,3,46,2,51,0,3,54,2,59,54,0,54,113
10/15/2010,BAZ,TX,ASW,CE,Federal Contract Tower,0,1,2,0,3,0,0,83,1,84,0,1,85,1,87,126,0,126,213
10/16/2010,BAZ,TX,ASW,CE,Federal Contract Tower,0,0,1,0,1,0,0,148,0,148,0,0,149,0,149,116,0,116,265
10/17/2010,BAZ,TX,ASW,CE,Federal Contract Tower,0,2,6,0,8,0,4,57,0,61,0,6,63,0,69,8,0,8,77
10/18/2010,BAZ,TX,ASW,CE,Federal Contract Tower,0,1,6,0,7,0,0,37,0,37,0,1,43,0,44,80,0,80,124
10/19/2010,BAZ,TX,ASW,CE,Federal Contract Tower,0,2,8,0,10,0,0,22,1,23,0,2,30,1,33,72,20,92,125
10/20/2010,BAZ,TX,ASW,CE,Federal Contract Tower,0,2,3,0,5,0,3,66,0,69,0,5,69,0,74,40,0,40,114
10/21/2010,BAZ,TX,ASW,CE,Federal Contract Tower,0,0,14,2,16,0,0,35,0,35,0,0,49,2,51,34,0,34,85
10/22/2010,BAZ,TX,ASW,CE,Federal Contract Tower,0,3,5,0,8,0,1,24,0,25,0,4,29,0,33,52,0,52,85
10/23/2010,BAZ,TX,ASW,CE,Federal Contract Tower,0,0,5,0,5,0,2,40,0,42,0,2,45,0,47,68,0,68,115
10/24/2010,BAZ,TX,ASW,CE,Federal Contract Tower,0,0,2,0,2,0,0,35,0,35,0,0,37,0,37,44,0,44,81
10/25/2010,BAZ,TX,ASW,CE,Federal Contract Tower,0,0,11,0,11,0,0,21,0,21,0,0,32,0,32,0,0,0,32
10/26/2010,BAZ,TX,ASW,CE,Federal Contract Tower,0,2,11,0,13,0,0,33,0,33,0,2,44,0,46,78,0,78,124
10/27/2010,BAZ,TX,ASW,CE,Federal Contract Tower,0,1,6,0,7,0,4,32,2,38,0,5,38,2,45,20,10,30,75
10/28/2010,BAZ,TX,ASW,CE,Federal Contract Tower,0,0,1,0,1,0,0,29,0,29,0,0,30,0,30,4,0,4,34
10/29/2010,BAZ,TX,ASW,CE,Federal Contract Tower,0,2,12,0,14,0,6,60,0,66,0,8,72,0,80,138,0,138,218
10/30/2010,BAZ,TX,ASW,CE,Federal Contract Tower,0,0,6,0,6,0,5,122,0,127,0,5,128,0,133,138,0,138,271
10/31/2010,BAZ,TX,ASW,CE,Federal Contract Tower,0,0,4,0,4,0,0,78,0,78,0,0,82,0,82,80,0,80,162
11/01/2010,BAZ,TX,ASW,CE,Federal Contract Tower,0,0,6,0,6,0,0,29,0,29,0,0,35,0,35,110,0,110,145
11/02/2010,BAZ,TX,ASW,CE,Federal Contract Tower,0,6,4,0,10,0,3,17,0,20,0,9,21,0,30,10,0,10,40
11/03/2010,BAZ,TX,ASW,CE,Federal Contract Tower,0,1,6,0,7,0,1,24,4,29,0,2,30,4,36,42,22,64,100
11/04/2010,BAZ,TX,ASW,CE,Federal Contract Tower,0,0,4,2,6,0,1,38,2,41,0,1,42,4,47,108,0,108,155
11/05/2010,BAZ,TX,ASW,CE,Federal Contract Tower,0,0,5,0,5,0,3,82,0,85,0,3,87,0,90,108,0,108,198
11/06/2010,BAZ,TX,ASW,CE,Federal Contract Tower,0,0,6,0,6,0,0,135,0,135,0,0,141,0,141,150,0,150,291
11/07/2010,BAZ,TX,ASW,CE,Federal Contract Tower,0,0,5,0,5,0,0,85,0,85,0,0,90,0,90,54,0,54,144
11/08/2010,BAZ,TX,ASW,CE,Federal Contract Tower,0,2,3,0,5,0,1,31,0,32,0,3,34,0,37,108,0,108,145
11/09/2010,BAZ,TX,ASW,CE,Federal Contract Tower,0,0,13,0,13,0,0,39,2,41,0,0,52,2,54,92,0,92,146
11/10/2010,BAZ,TX,ASW,CE,Federal Contract Tower,0,0,12,0,12,0,3,68,0,71,0,3,80,0,83,70,0,70,153
11/11/2010,BAZ,TX,ASW,CE,Federal Contract Tower,0,3,11,0,14,0,0,36,0,36,0,3,47,0,50,38,0,38,88
11/12/2010,BAZ,TX,ASW,CE,Federal Contract Tower,0,1,15,0,16,0,0,24,0,24,0,1,39,0,40,66,0,66,106
11/13/2010,BAZ,TX,ASW,CE,Federal Contract Tower,0,0,14,0,14,0,0,15,0,15,0,0,29,0,29,42,0,42,71
11/14/2010,BAZ,TX,ASW,CE,Federal Contract Tower,0,0,11,0,11,0,0,61,0,61,0,0,72,0,72,80,0,80,152
11/15/2010,BAZ,TX,ASW,CE,Federal Contract Tower,0,0,5,0,5,0,1,31,0,32,0,1,36,0,37,54,0,54,91
11/16/2010,BAZ,TX,ASW,CE,Federal Contract Tower,0,0,7,0,7,0,0,38,0,38,0,0,45,0,45,102,0,102,147
11/17/2010,BAZ,TX,ASW,CE,Federal Contract Tower,2,0,0,0,2,0,0,48,0,48,2,0,48,0,50,70,0,70,120
11/18/2010,BAZ,TX,ASW,CE,Federal Contract Tower,0,0,6,4,10,0,0,60,0,60,0,0,66,4,70,116,0,116,186
11/19/2010,BAZ,TX,ASW,CE,Federal Contract Tower,0,0,4,0,4,0,0,71,0,71,0,0,75,0,75,78,0,78,153
11/20/2010,BAZ,TX,ASW,CE,Federal Contract Tower,0,0,5,0,5,0,0,47,0,47,0,0,52,0,52,88,0,88,140
11/21/2010,BAZ,TX,ASW,CE,Federal Contract Tower,0,0,7,0,7,0,0,30,0,30,0,0,37,0,37,32,0,32,69
11/22/2010,BAZ,TX,ASW,CE,Federal Contract Tower,0,0,0,0,0,0,0,6,0,6,0,0,6,0,6,8,0,8,14
11/23/2010,BAZ,TX,ASW,CE,Federal Contract Tower,0,0,4,0,4,0,0,71,0,71,0,0,75,0,75,48,0,48,123
11/24/2010,BAZ,TX,ASW,CE,Federal Contract Tower,0,0,6,0,6,0,0,36,0,36,0,0,42,0,42,36,0,36,78
11/25/2010,BAZ,TX,ASW,CE,Federal Contract Tower,0,0,2,0,2,0,0,32,0,32,0,0,34,0,34,36,0,36,70
11/26/2010,BAZ,TX,ASW,CE,Federal Contract Tower,0,0,10,0,10,0,0,33,0,33,0,0,43,0,43,120,0,120,163
11/27/2010,BAZ,TX,ASW,CE,Federal Contract Tower,0,0,2,3,5,0,0,21,0,21,0,0,23,3,26,40,0,40,66
11/28/2010,BAZ,TX,ASW,CE,Federal Contract Tower,0,0,5,0,5,0,0,71,0,71,0,0,76,0,76,32,0,32,108
11/29/2010,BAZ,TX,ASW,CE,Federal Contract Tower,0,0,12,0,12,0,0,35,0,35,0,0,47,0,47,34,0,34,81
11/30/2010,BAZ,TX,ASW,CE,Federal Contract Tower,0,0,6,0,6,0,0,21,0,21,0,0,27,0,27,20,0,20,47
12/01/2010,BAZ,TX,ASW,CE,Federal Contract Tower,0,0,4,0,4,0,0,61,2,63,0,0,65,2,67,144,0,144,211
12/02/2010,BAZ,TX,ASW,CE,Federal Contract Tower,0,0,6,0,6,0,0,40,0,40,0,0,46,0,46,76,25,101,147
12/03/2010,BAZ,TX,ASW,CE,Federal Contract Tower,0,0,8,0,8,0,0,65,2,67,0,0,73,2,75,0,56,56,131
12/04/2010,BAZ,TX,ASW,CE,Federal Contract Tower,0,0,5,4,9,0,0,65,0,65,0,0,70,4,74,0,52,52,126
12/05/2010,BAZ,TX,ASW,CE,Federal Contract Tower,0,0,2,0,2,0,0,38,0,38,0,0,40,0,40,1,0,1,41
12/06/2010,BAZ,TX,ASW,CE,Federal Contract Tower,0,0,4,0,4,0,0,38,0,38,0,0,42,0,42,62,0,62,104
12/07/2010,BAZ,TX,ASW,CE,Federal Contract Tower,0,2,6,0,8,0,0,38,0,38,0,2,44,0,46,30,0,30,76
12/08/2010,BAZ,TX,ASW,CE,Federal Contract Tower,0,0,8,0,8,0,0,56,1,57,0,0,64,1,65,46,0,46,111
12/09/2010,BAZ,TX,ASW,CE,Federal Contract Tower,0,0,11,4,15,0,0,44,0,44,0,0,55,4,59,16,12,28,87
12/10/2010,BAZ,TX,ASW,CE,Federal Contract Tower,0,0,14,0,14,0,0,0,0,0,0,0,14,0,14,72,56,128,142
12/11/2010,BAZ,TX,ASW,CE,Federal Contract Tower,0,1,5,0,6,0,0,33,0,33,0,1,38,0,39,0,20,20,59
12/12/2010,BAZ,TX,ASW,CE,Federal Contract Tower,0,0,6,0,6,0,0,41,0,41,0,0,47,0,47,30,0,30,77
12/13/2010,BAZ,TX,ASW,CE,Federal Contract Tower,0,0,3,0,3,0,0,46,0,46,0,0,49,0,49,74,40,114,163
12/14/2010,BAZ,TX,ASW,CE,Federal Contract Tower,0,0,2,0,2,0,0,40,0,40,0,0,42,0,42,42,9,51,93
12/15/2010,BAZ,TX,ASW,CE,Federal Contract Tower,0,0,6,0,6,0,0,36,0,36,0,0,42,0,42,36,4,40,82
12/16/2010,BAZ,TX,ASW,CE,Federal Contract Tower,0,0,8,0,8,0,0,63,0,63,0,0,71,0,71,50,0,50,121
12/17/2010,BAZ,TX,ASW,CE,Federal Contract Tower,0,0,8,0,8,0,0,38,1,39,0,0,46,1,47,92,0,92,139
12/18/2010,BAZ,TX,ASW,CE,Federal Contract Tower,0,0,4,0,4,0,0,104,0,104,0,0,108,0,108,116,0,116,224
12/19/2010,BAZ,TX,ASW,CE,Federal Contract Tower,0,0,5,0,5,0,0,52,0,52,0,0,57,0,57,16,0,16,73
12/20/2010,BAZ,TX,ASW,CE,Federal Contract Tower,0,0,12,0,12,0,0,33,0,33,0,0,45,0,45,56,0,56,101
12/21/2010,BAZ,TX,ASW,CE,Federal Contract Tower,0,0,14,0,14,0,0,25,0,25,0,0,39,0,39,36,0,36,75
12/22/2010,BAZ,TX,ASW,CE,Federal Contract Tower,0,0,20,0,20,0,0,18,0,18,0,0,38,0,38,0,0,0,38
12/23/2010,BAZ,TX,ASW,CE,Federal Contract Tower,0,0,18,0,18,0,0,26,0,26,0,0,44,0,44,40,0,40,84
12/24/2010,BAZ,TX,ASW,CE,Federal Contract Tower,0,0,2,0,2,0,0,5,0,5,0,0,7,0,7,0,0,0,7
12/25/2010,BAZ,TX,ASW,CE,Federal Contract Tower,0,0,3,0,3,0,0,3,0,3,0,0,6,0,6,0,0,0,6
12/26/2010,BAZ,TX,ASW,CE,Federal Contract Tower,0,0,11,0,11,0,0,41,0,41,0,0,52,0,52,0,0,0,52
12/27/2010,BAZ,TX,ASW,CE,Federal Contract Tower,0,0,6,0,6,0,0,58,0,58,0,0,64,0,64,126,0,126,190
12/28/2010,BAZ,TX,ASW,CE,Federal Contract Tower,0,0,0,3,3,0,0,0,0,0,0,0,0,3,3,0,0,0,3
12/29/2010,BAZ,TX,ASW,CE,Federal Contract Tower,0,0,8,1,9,0,0,51,1,52,0,0,59,2,61,118,0,118,179
12/30/2010,BAZ,TX,ASW,CE,Federal Contract Tower,0,0,6,0,6,0,0,59,0,59,0,0,65,0,65,48,0,48,113
12/31/2010,BAZ,TX,ASW,CE,Federal Contract Tower,0,0,5,0,5,0,0,47,0,47,0,0,52,0,52,22,0,22,74
01/01/2011,BAZ,TX,ASW,CE,Federal Contract Tower,0,0,7,0,7,0,0,54,0,54,0,0,61,0,61,82,0,82,143
01/02/2011,BAZ,TX,ASW,CE,Federal Contract Tower,0,0,2,0,2,0,0,30,0,30,0,0,32,0,32,18,0,18,50
01/03/2011,BAZ,TX,ASW,CE,Federal Contract Tower,0,0,3,0,3,0,0,27,0,27,0,0,30,0,30,50,0,50,80
01/04/2011,BAZ,TX,ASW,CE,Federal Contract Tower,0,0,6,0,6,0,0,0,0,0,0,0,6,0,6,0,0,0,6
01/05/2011,BAZ,TX,ASW,CE,Federal Contract Tower,0,0,8,0,8,0,0,42,0,42,0,0,50,0,50,0,0,0,50
01/06/2011,BAZ,TX,ASW,CE,Federal Contract Tower,0,0,7,0,7,0,0,76,0,76,0,0,83,0,83,120,16,136,219
01/07/2011,BAZ,TX,ASW,CE,Federal Contract Tower,0,0,4,0,4,0,0,81,0,81,0,0,85,0,85,100,0,100,185
01/08/2011,BAZ,TX,ASW,CE,Federal Contract Tower,0,0,4,0,4,0,0,97,2,99,0,0,101,2,103,170,0,170,273
01/09/2011,BAZ,TX,ASW,CE,Federal Contract Tower,0,0,11,0,11,0,2,0,0,2,0,2,11,0,13,16,0,16,29
01/10/2011,BAZ,TX,ASW,CE,Federal Contract Tower,0,0,2,0,2,0,0,0,0,0,0,0,2,0,2,0,0,0,2
01/11/2011,BAZ,TX,ASW,CE,Federal Contract Tower,0,0,5,0,5,0,0,23,0,23,0,0,28,0,28,0,0,0,28
01/12/2011,BAZ,TX,ASW,CE,Federal Contract Tower,0,0,4,0,4,0,0,30,2,32,0,0,34,2,36,50,0,50,86
01/13/2011,BAZ,TX,ASW,CE,Federal Contract Tower,0,0,10,3,13,0,0,39,2,41,0,0,49,5,54,54,29,83,137
01/14/2011,BAZ,TX,ASW,CE,Federal Contract Tower,0,0,18,0,18,0,0,7,0,7,0,0,25,0,25,32,0,32,57
01/15/2011,BAZ,TX,ASW,CE,Federal Contract Tower,0,0,1,0,1,0,0,0,0,0,0,0,1,0,1,0,0,0,1
01/16/2011,BAZ,TX,ASW,CE,Federal Contract Tower,0,0,3,0,3,0,0,2,0,2,0,0,5,0,5,0,0,0,5
01/17/2011,BAZ,TX,ASW,CE,Federal Contract Tower,0,0,11,0,11,0,0,19,0,19,0,0,30,0,30,74,0,74,104
01/18/2011,BAZ,TX,ASW,CE,Federal Contract Tower,0,0,7,0,7,0,0,46,0,46,0,0,53,0,53,64,0,64,117
01/19/2011,BAZ,TX,ASW,CE,Federal Contract Tower,0,0,5,0,5,0,0,79,0,79,0,0,84,0,84,78,0,78,162
01/20/2011,BAZ,TX,ASW,CE,Federal Contract Tower,0,0,8,0,8,0,0,6,4,10,0,0,14,4,18,0,0,0,18
01/21/2011,BAZ,TX,ASW,CE,Federal Contract Tower,0,0,3,0,3,0,0,56,3,59,0,0,59,3,62,46,4,50,112
01/22/2011,BAZ,TX,ASW,CE,Federal Contract Tower,0,0,0,0,0,0,0,126,1,127,0,0,126,1,127,0,0,0,127
01/23/2011,BAZ,TX,ASW,CE,Federal Contract Tower,0,0,15,0,15,0,0,28,0,28,0,0,43,0,43,12,0,12,55
01/24/2011,BAZ,TX,ASW,CE,Federal Contract Tower,0,0,12,0,12,0,0,29,0,29,0,0,41,0,41,0,0,0,41
01/25/2011,BAZ,TX,ASW,CE,Federal Contract Tower,0,0,3,0,3,0,0,38,2,40,0,0,41,2,43,60,0,60,103
01/26/2011,BAZ,TX,ASW,CE,Federal Contract Tower,0,0,3,2,5,0,0,62,20,82,0,0,65,22,87,0,0,0,87
01/27/2011,BAZ,TX,ASW,CE,Federal Contract Tower,0,0,8,0,8,0,0,59,4,63,0,0,67,4,71,4,4,8,79
01/28/2011,BAZ,TX,ASW,CE,Federal Contract Tower,0,0,5,7,12,0,0,37,30,67,0,0,42,37,79,0,0,0,79
01/29/2011,BAZ,TX,ASW,CE,Federal Contract Tower,0,0,4,0,4,0,0,58,1,59,0,0,62,1,63,0,28,28,91
01/30/2011,BAZ,TX,ASW,CE,Federal Contract Tower,0,0,5,0,5,0,0,47,0,47,0,0,52,0,52,66,0,66,118
01/31/2011,BAZ,TX,ASW,CE,Federal Contract Tower,0,0,3,0,3,0,0,15,0,15,0,0,18,0,18,30,0,30,48
02/01/2011,BAZ,TX,ASW,CE,Federal Contract Tower,0,0,2,0,2,0,0,12,0,12,0,0,14,0,14,0,0,0,14
02/02/2011,BAZ,TX,ASW,CE,Federal Contract Tower,0,0,2,0,2,0,0,4,0,4,0,0,6,0,6,0,0,0,6
02/03/2011,BAZ,TX,ASW,CE,Federal Contract Tower,0,0,7,0,7,0,0,11,0,11,0,0,18,0,18,0,0,0,18
02/04/2011,BAZ,TX,ASW,CE,Federal Contract Tower,0,0,3,0,3,0,0,14,0,14,0,0,17,0,17,3,0,3,20
02/05/2011,BAZ,TX,ASW,CE,Federal Contract Tower,0,0,0,0,0,0,0,97,0,97,0,0,97,0,97,87,0,87,184
02/06/2011,BAZ,TX,ASW,CE,Federal Contract Tower,0,0,2,0,2,0,0,44,0,44,0,0,46,0,46,50,0,50,96
02/07/2011,BAZ,TX,ASW,CE,Federal Contract Tower,0,0,11,0,11,0,0,36,0,36,0,0,47,0,47,34,0,34,81
02/08/2011,BAZ,TX,ASW,CE,Federal Contract Tower,0,0,15,0,15,0,0,35,1,36,0,0,50,1,51,34,26,60,111
02/09/2011,BAZ,TX,ASW,CE,Federal Contract Tower,0,0,4,0,4,0,0,2,0,2,0,0,6,0,6,6,0,6,12
02/10/2011,BAZ,TX,ASW,CE,Federal Contract Tower,0,0,5,0,5,0,0,25,0,25,0,0,30,0,30,0,0,0,30
02/11/2011,BAZ,TX,ASW,CE,Federal Contract Tower,0,0,9,0,9,0,0,42,3,45,0,0,51,3,54,20,0,20,74
02/12/2011,BAZ,TX,ASW,CE,Federal Contract Tower,0,0,3,0,3,0,0,110,0,110,0,0,113,0,113,72,0,72,185
02/13/2011,BAZ,TX,ASW,CE,Federal Contract Tower,0,0,3,0,3,0,0,52,0,52,0,0,55,0,55,0,0,0,55
02/14/2011,BAZ,TX,ASW,CE,Federal Contract Tower,0,0,3,0,3,0,0,45,0,45,0,0,48,0,48,98,0,98,146
02/15/2011,BAZ,TX,ASW,CE,Federal Contract Tower,0,0,9,0,9,0,0,19,0,19,0,0,28,0,28,0,0,0,28
02/16/2011,BAZ,TX,ASW,CE,Federal Contract Tower,0,0,14,0,14,0,0,7,0,7,0,0,21,0,21,0,20,20,41
02/17/2011,BAZ,TX,ASW,CE,Federal Contract Tower,0,0,18,0,18,0,0,23,0,23,0,0,41,0,41,26,0,26,67
02/18/2011,BAZ,TX,ASW,CE,Federal Contract Tower,0,0,12,0,12,0,0,33,0,33,0,0,45,0,45,33,0,33,78
02/19/2011,BAZ,TX,ASW,CE,Federal Contract Tower,0,0,4,0,4,0,0,18,0,18,0,0,22,0,22,52,0,52,74
02/20/2011,BAZ,TX,ASW,CE,Federal Contract Tower,0,0,5,0,5,0,0,23,0,23,0,0,28,0,28,14,0,14,42
02/21/2011,BAZ,TX,ASW,CE,Federal Contract Tower,0,0,16,0,16,0,0,29,0,29,0,0,45,0,45,32,0,32,77
02/22/2011,BAZ,TX,ASW,CE,Federal Contract Tower,0,0,6,0,6,0,0,24,0,24,0,0,30,0,30,48,0,48,78
02/23/2011,BAZ,TX,ASW,CE,Federal Contract Tower,0,0,8,0,8,0,0,15,0,15,0,0,23,0,23,0,16,16,39
02/24/2011,BAZ,TX,ASW,CE,Federal Contract Tower,0,0,4,1,5,0,0,15,0,15,0,0,19,1,20,16,16,32,52
02/25/2011,BAZ,TX,ASW,CE,Federal Contract Tower,0,0,14,0,14,0,0,89,1,90,0,0,103,1,104,86,0,86,190
02/26/2011,BAZ,TX,ASW,CE,Federal Contract Tower,0,0,5,0,5,0,0,25,0,25,0,0,30,0,30,0,0,0,30
02/27/2011,BAZ,TX,ASW,CE,Federal Contract Tower,0,0,9,0,9,0,0,11,0,11,0,0,20,0,20,4,0,4,24
02/28/2011,BAZ,TX,ASW,CE,Federal Contract Tower,0,0,6,0,6,0,0,37,0,37,0,0,43,0,43,12,0,12,55
03/01/2011,BAZ,TX,ASW,CE,Federal Contract Tower,0,0,7,0,7,0,0,54,0,54,0,0,61,0,61,44,0,44,105
03/02/2011,BAZ,TX,ASW,CE,Federal Contract Tower,0,0,3,0,3,0,0,62,0,62,0,0,65,0,65,30,30,60,125
03/03/2011,BAZ,TX,ASW,CE,Federal Contract Tower,0,0,9,0,9,0,0,24,0,24,0,0,33,0,33,8,46,54,87
03/04/2011,BAZ,TX,ASW,CE,Federal Contract Tower,0,0,23,0,23,0,0,28,0,28,0,0,51,0,51,26,36,62,113
03/05/2011,BAZ,TX,ASW,CE,Federal Contract Tower,0,0,5,0,5,0,0,18,2,20,0,0,23,2,25,2,0,2,27
03/06/2011,BAZ,TX,ASW,CE,Federal Contract Tower,0,0,0,0,0,0,0,86,2,88,0,0,86,2,88,136,0,136,224
03/07/2011,BAZ,TX,ASW,CE,Federal Contract Tower,0,0,7,0,7,0,0,24,0,24,0,0,31,0,31,8,0,8,39
03/08/2011,BAZ,TX,ASW,CE,Federal Contract Tower,0,0,4,0,4,0,0,24,0,24,0,0,28,0,28,48,0,48,76
03/09/2011,BAZ,TX,ASW,CE,Federal Contract Tower,0,0,8,0,8,0,0,38,0,38,0,0,46,0,46,62,0,62,108
03/10/2011,BAZ,TX,ASW,CE,Federal Contract Tower,0,0,11,0,11,0,0,60,0,60,0,0,71,0,71,50,0,50,121
03/11/2011,BAZ,TX,ASW,CE,Federal Contract Tower,0,0,7,0,7,0,0,55,0,55,0,0,62,0,62,30,0,30,92
03/12/2011,BAZ,TX,ASW,CE,Federal Contract Tower,0,0,10,0,10,0,0,62,0,62,0,0,72,0,72,120,0,120,192
03/13/2011,BAZ,TX,ASW,CE,Federal Contract Tower,0,0,13,0,13,0,0,25,0,25,0,0,38,0,38,52,0,52,90
03/14/2011,BAZ,TX,ASW,CE,Federal Contract Tower,0,0,0,0,0,0,0,0,0,0,0,0,0,0,0,0,0,0,0
03/15/2011,BAZ,TX,ASW,CE,Federal Contract Tower,0,0,11,0,11,0,0,34,0,34,0,0,45,0,45,38,0,38,83
03/16/2011,BAZ,TX,ASW,CE,Federal Contract Tower,0,0,6,0,6,0,0,20,1,21,0,0,26,1,27,18,0,18,45
03/17/2011,BAZ,TX,ASW,CE,Federal Contract Tower,0,0,9,0,9,0,0,31,0,31,0,0,40,0,40,0,0,0,40
03/18/2011,BAZ,TX,ASW,CE,Federal Contract Tower,0,0,10,0,10,0,0,37,0,37,0,0,47,0,47,24,0,24,71
03/19/2011,BAZ,TX,ASW,CE,Federal Contract Tower,0,0,10,0,10,0,0,66,0,66,0,0,76,0,76,46,0,46,122
03/20/2011,BAZ,TX,ASW,CE,Federal Contract Tower,0,0,9,0,9,0,0,29,0,29,0,0,38,0,38,8,0,8,46
03/21/2011,BAZ,TX,ASW,CE,Federal Contract Tower,0,0,9,0,9,0,0,18,0,18,0,0,27,0,27,0,0,0,27
03/22/2011,BAZ,TX,ASW,CE,Federal Contract Tower,0,0,5,0,5,0,0,13,0,13,0,0,18,0,18,0,0,0,18
03/23/2011,BAZ,TX,ASW,CE,Federal Contract Tower,0,0,7,0,7,0,0,59,0,59,0,0,66,0,66,108,20,128,194
03/24/2011,BAZ,TX,ASW,CE,Federal Contract Tower,0,0,6,0,6,0,0,31,0,31,0,0,37,0,37,14,0,14,51
03/25/2011,BAZ,TX,ASW,CE,Federal Contract Tower,0,0,6,0,6,0,0,44,0,44,0,0,50,0,50,74,0,74,124
03/26/2011,BAZ,TX,ASW,CE,Federal Contract Tower,0,2,10,0,12,0,0,48,0,48,0,2,58,0,60,46,0,46,106
03/27/2011,BAZ,TX,ASW,CE,Federal Contract Tower,0,0,10,0,10,0,0,21,2,23,0,0,31,2,33,18,0,18,51
03/28/2011,BAZ,TX,ASW,CE,Federal Contract Tower,0,0,15,0,15,0,0,11,0,11,0,0,26,0,26,58,0,58,84
03/29/2011,BAZ,TX,ASW,CE,Federal Contract Tower,0,0,9,0,9,0,0,1,0,1,0,0,10,0,10,0,0,0,10
03/30/2011,BAZ,TX,ASW,CE,Federal Contract Tower,0,0,10,0,10,0,0,36,0,36,0,0,46,0,46,18,0,18,64
03/31/2011,BAZ,TX,ASW,CE,Federal Contract Tower,0,0,10,4,14,0,0,66,0,66,0,0,76,4,80,56,14,70,150
04/01/2011,BAZ,TX,ASW,CE,Federal Contract Tower,0,0,12,4,16,0,0,33,0,33,0,0,45,4,49,34,0,34,83
04/02/2011,BAZ,TX,ASW,CE,Federal Contract Tower,0,0,12,0,12,0,0,24,0,24,0,0,36,0,36,18,0,18,54
04/03/2011,BAZ,TX,ASW,CE,Federal Contract Tower,0,0,14,0,14,0,0,27,0,27,0,0,41,0,41,0,0,0,41
04/04/2011,BAZ,TX,ASW,CE,Federal Contract Tower,0,0,8,0,8,0,0,11,0,11,0,0,19,0,19,0,0,0,19
04/05/2011,BAZ,TX,ASW,CE,Federal Contract Tower,0,0,4,0,4,0,0,57,0,57,0,0,61,0,61,100,0,100,161
04/06/2011,BAZ,TX,ASW,CE,Federal Contract Tower,0,0,7,0,7,0,0,48,0,48,0,0,55,0,55,140,30,170,225
04/07/2011,BAZ,TX,ASW,CE,Federal Contract Tower,0,17,6,0,23,0,0,29,6,35,0,17,35,6,58,58,2,60,118
04/08/2011,BAZ,TX,ASW,CE,Federal Contract Tower,0,0,9,0,9,0,0,33,0,33,0,0,42,0,42,56,0,56,98
04/09/2011,BAZ,TX,ASW,CE,Federal Contract Tower,0,0,7,0,7,0,0,74,0,74,0,0,81,0,81,36,0,36,117
04/10/2011,BAZ,TX,ASW,CE,Federal Contract Tower,0,0,5,0,5,0,0,25,0,25,0,0,30,0,30,4,0,4,34
04/11/2011,BAZ,TX,ASW,CE,Federal Contract Tower,0,0,0,0,0,0,0,0,0,0,0,0,0,0,0,0,0,0,0
04/12/2011,BAZ,TX,ASW,CE,Federal Contract Tower,0,0,5,0,5,0,0,21,0,21,0,0,26,0,26,16,0,16,42
04/13/2011,BAZ,TX,ASW,CE,Federal Contract Tower,0,0,2,0,2,0,0,56,0,56,0,0,58,0,58,40,56,96,154
04/14/2011,BAZ,TX,ASW,CE,Federal Contract Tower,0,0,18,2,20,0,0,41,0,41,0,0,59,2,61,16,0,16,77
04/15/2011,BAZ,TX,ASW,CE,Federal Contract Tower,0,0,8,4,12,0,0,30,0,30,0,0,38,4,42,14,0,14,56
04/16/2011,BAZ,TX,ASW,CE,Federal Contract Tower,0,0,4,0,4,0,0,102,0,102,0,0,106,0,106,64,0,64,170
04/17/2011,BAZ,TX,ASW,CE,Federal Contract Tower,0,0,3,2,5,0,0,42,0,42,0,0,45,2,47,6,0,6,53
04/18/2011,BAZ,TX,ASW,CE,Federal Contract Tower,0,0,0,0,0,0,0,0,0,0,0,0,0,0,0,0,0,0,0
04/19/2011,BAZ,TX,ASW,CE,Federal Contract Tower,0,0,3,0,3,0,0,33,8,41,0,0,36,8,44,0,46,46,90
04/20/2011,BAZ,TX,ASW,CE,Federal Contract Tower,0,0,8,0,8,0,0,33,0,33,0,0,41,0,41,68,10,78,119
04/21/2011,BAZ,TX,ASW,CE,Federal Contract Tower,0,0,7,0,7,0,0,25,0,25,0,0,32,0,32,18,0,18,50
04/22/2011,BAZ,TX,ASW,CE,Federal Contract Tower,0,0,3,0,3,0,0,28,0,28,0,0,31,0,31,22,60,82,113
04/23/2011,BAZ,TX,ASW,CE,Federal Contract Tower,0,0,4,0,4,0,0,46,0,46,0,0,50,0,50,44,0,44,94
04/24/2011,BAZ,TX,ASW,CE,Federal Contract Tower,0,0,5,0,5,0,0,18,0,18,0,0,23,0,23,0,0,0,23
04/25/2011,BAZ,TX,ASW,CE,Federal Contract Tower,0,0,16,0,16,0,0,18,0,18,0,0,34,0,34,0,30,30,64
04/26/2011,BAZ,TX,ASW,CE,Federal Contract Tower,0,0,7,0,7,0,0,27,0,27,0,0,34,0,34,58,0,58,92
04/27/2011,BAZ,TX,ASW,CE,Federal Contract Tower,0,0,4,0,4,0,0,40,0,40,0,0,44,0,44,44,0,44,88
04/28/2011,BAZ,TX,ASW,CE,Federal Contract Tower,0,0,6,0,6,0,0,23,0,23,0,0,29,0,29,40,0,40,69
04/29/2011,BAZ,TX,ASW,CE,Federal Contract Tower,0,0,7,0,7,0,0,42,0,42,0,0,49,0,49,36,0,36,85
04/30/2011,BAZ,TX,ASW,CE,Federal Contract Tower,0,0,5,0,5,0,0,43,0,43,0,0,48,0,48,10,12,22,70
05/01/2011,BAZ,TX,ASW,CE,Federal Contract Tower,0,0,6,0,6,0,0,40,0,40,0,0,46,0,46,70,0,70,116
05/02/2011,BAZ,TX,ASW,CE,Federal Contract Tower,0,0,6,0,6,0,0,7,0,7,0,0,13,0,13,0,0,0,13
05/03/2011,BAZ,TX,ASW,CE,Federal Contract Tower,0,0,10,0,10,0,0,32,0,32,0,0,42,0,42,0,0,0,42
05/04/2011,BAZ,TX,ASW,CE,Federal Contract Tower,0,0,3,0,3,0,0,54,0,54,0,0,57,0,57,86,28,114,171
05/05/2011,BAZ,TX,ASW,CE,Federal Contract Tower,0,0,14,0,14,0,0,48,6,54,0,0,62,6,68,70,100,170,238
05/06/2011,BAZ,TX,ASW,CE,Federal Contract Tower,0,0,12,0,12,0,0,36,0,36,0,0,48,0,48,20,40,60,108
05/07/2011,BAZ,TX,ASW,CE,Federal Contract Tower,0,0,6,0,6,0,0,61,0,61,0,0,67,0,67,72,0,72,139
05/08/2011,BAZ,TX,ASW,CE,Federal Contract Tower,0,0,8,0,8,0,0,35,0,35,0,0,43,0,43,30,0,30,73
05/09/2011,BAZ,TX,ASW,CE,Federal Contract Tower,0,0,3,0,3,0,0,23,0,23,0,0,26,0,26,18,8,26,52
05/10/2011,BAZ,TX,ASW,CE,Federal Contract Tower,0,0,17,0,17,0,0,21,0,21,0,0,38,0,38,16,0,16,54
05/11/2011,BAZ,TX,ASW,CE,Federal Contract Tower,0,0,5,0,5,0,0,7,11,18,0,0,12,11,23,10,0,10,33
05/12/2011,BAZ,TX,ASW,CE,Federal Contract Tower,0,0,5,0,5,0,2,17,0,19,0,2,22,0,24,52,0,52,76
05/13/2011,BAZ,TX,ASW,CE,Federal Contract Tower,0,1,4,0,5,0,2,30,0,32,0,3,34,0,37,32,0,32,69
05/14/2011,BAZ,TX,ASW,CE,Federal Contract Tower,0,3,1,0,4,0,2,51,7,60,0,5,52,7,64,12,2,14,78
05/15/2011,BAZ,TX,ASW,CE,Federal Contract Tower,0,0,3,0,3,0,0,60,0,60,0,0,63,0,63,56,0,56,119
05/16/2011,BAZ,TX,ASW,CE,Federal Contract Tower,0,0,2,0,2,0,4,49,0,53,0,4,51,0,55,98,0,98,153
05/17/2011,BAZ,TX,ASW,CE,Federal Contract Tower,0,0,2,0,2,0,1,26,0,27,0,1,28,0,29,62,0,62,91
05/18/2011,BAZ,TX,ASW,CE,Federal Contract Tower,0,0,2,0,2,0,0,31,6,37,0,0,33,6,39,30,0,30,69
05/19/2011,BAZ,TX,ASW,CE,Federal Contract Tower,0,0,13,2,15,0,0,5,0,5,0,0,18,2,20,0,0,0,20
05/20/2011,BAZ,TX,ASW,CE,Federal Contract Tower,0,0,2,0,2,0,5,10,0,15,0,5,12,0,17,46,0,46,63
05/21/2011,BAZ,TX,ASW,CE,Federal Contract Tower,0,0,5,0,5,0,3,13,0,16,0,3,18,0,21,22,0,22,43
05/22/2011,BAZ,TX,ASW,CE,Federal Contract Tower,0,0,4,0,4,0,1,34,0,35,0,1,38,0,39,18,0,18,57
05/23/2011,BAZ,TX,ASW,CE,Federal Contract Tower,0,0,7,0,7,0,6,21,0,27,0,6,28,0,34,20,18,38,72
05/24/2011,BAZ,TX,ASW,CE,Federal Contract Tower,0,0,4,0,4,0,0,26,0,26,0,0,30,0,30,26,0,26,56
05/25/2011,BAZ,TX,ASW,CE,Federal Contract Tower,0,0,3,0,3,0,4,38,0,42,0,4,41,0,45,34,0,34,79
05/26/2011,BAZ,TX,ASW,CE,Federal Contract Tower,0,0,4,2,6,0,0,35,0,35,0,0,39,2,41,12,0,12,53
05/27/2011,BAZ,TX,ASW,CE,Federal Contract Tower,0,1,1,0,2,0,7,53,0,60,0,8,54,0,62,48,0,48,110
05/28/2011,BAZ,TX,ASW,CE,Federal Contract Tower,0,0,4,0,4,0,2,35,0,37,0,2,39,0,41,64,0,64,105
05/29/2011,BAZ,TX,ASW,CE,Federal Contract Tower,0,0,1,0,1,0,0,20,0,20,0,0,21,0,21,0,0,0,21
05/30/2011,BAZ,TX,ASW,CE,Federal Contract Tower,0,0,6,0,6,0,2,23,1,26,0,2,29,1,32,20,0,20,52
05/31/2011,BAZ,TX,ASW,CE,Federal Contract Tower,0,3,4,0,7,0,0,31,0,31,0,3,35,0,38,56,0,56,94
06/01/2011,BAZ,TX,ASW,CE,Federal Contract Tower,0,1,7,0,8,0,3,32,0,35,0,4,39,0,43,86,0,86,129
06/02/2011,BAZ,TX,ASW,CE,Federal Contract Tower,0,0,7,0,7,0,0,31,0,31,0,0,38,0,38,58,0,58,96
06/03/2011,BAZ,TX,ASW,CE,Federal Contract Tower,0,0,5,0,5,0,2,39,0,41,0,2,44,0,46,68,0,68,114
06/04/2011,BAZ,TX,ASW,CE,Federal Contract Tower,0,0,4,0,4,0,0,48,0,48,0,0,52,0,52,96,0,96,148
06/05/2011,BAZ,TX,ASW,CE,Federal Contract Tower,0,0,1,0,1,0,1,50,0,51,0,1,51,0,52,28,0,28,80
06/06/2011,BAZ,TX,ASW,CE,Federal Contract Tower,0,0,4,0,4,0,0,40,0,40,0,0,44,0,44,92,0,92,136
06/07/2011,BAZ,TX,ASW,CE,Federal Contract Tower,0,0,1,0,1,0,5,21,0,26,0,5,22,0,27,38,0,38,65
06/08/2011,BAZ,TX,ASW,CE,Federal Contract Tower,0,0,3,0,3,0,3,54,0,57,0,3,57,0,60,72,0,72,132
06/09/2011,BAZ,TX,ASW,CE,Federal Contract Tower,0,0,11,1,12,0,5,34,0,39,0,5,45,1,51,30,0,30,81
06/10/2011,BAZ,TX,ASW,CE,Federal Contract Tower,0,0,5,0,5,0,7,41,0,48,0,7,46,0,53,6,0,6,59
06/11/2011,BAZ,TX,ASW,CE,Federal Contract Tower,0,0,4,0,4,0,0,62,0,62,0,0,66,0,66,72,0,72,138
06/12/2011,BAZ,TX,ASW,CE,Federal Contract Tower,0,0,4,0,4,0,0,46,0,46,0,0,50,0,50,42,0,42,92
06/13/2011,BAZ,TX,ASW,CE,Federal Contract Tower,0,0,3,0,3,0,1,30,0,31,0,1,33,0,34,68,0,68,102
06/14/2011,BAZ,TX,ASW,CE,Federal Contract Tower,0,0,13,0,13,0,2,29,1,32,0,2,42,1,45,32,2,34,79
06/15/2011,BAZ,TX,ASW,CE,Federal Contract Tower,0,0,4,0,4,0,3,45,0,48,0,3,49,0,52,82,0,82,134
06/16/2011,BAZ,TX,ASW,CE,Federal Contract Tower,0,0,8,2,10,0,0,27,5,32,0,0,35,7,42,32,0,32,74
06/17/2011,BAZ,TX,ASW,CE,Federal Contract Tower,0,0,3,0,3,0,0,40,0,40,0,0,43,0,43,28,0,28,71
06/18/2011,BAZ,TX,ASW,CE,Federal Contract Tower,0,4,2,0,6,0,0,48,0,48,0,4,50,0,54,28,0,28,82
06/19/2011,BAZ,TX,ASW,CE,Federal Contract Tower,0,0,3,0,3,0,0,33,0,33,0,0,36,0,36,10,0,10,46
06/20/2011,BAZ,TX,ASW,CE,Federal Contract Tower,0,0,2,0,2,0,0,18,0,18,0,0,20,0,20,10,0,10,30
06/21/2011,BAZ,TX,ASW,CE,Federal Contract Tower,0,1,7,0,8,0,2,30,0,32,0,3,37,0,40,76,0,76,116
06/22/2011,BAZ,TX,ASW,CE,Federal Contract Tower,0,0,9,0,9,0,0,23,0,23,0,0,32,0,32,48,0,48,80
06/23/2011,BAZ,TX,ASW,CE,Federal Contract Tower,0,0,4,0,4,0,3,32,0,35,0,3,36,0,39,98,0,98,137
06/24/2011,BAZ,TX,ASW,CE,Federal Contract Tower,0,0,9,0,9,0,0,34,0,34,0,0,43,0,43,56,0,56,99
06/25/2011,BAZ,TX,ASW,CE,Federal Contract Tower,0,0,8,0,8,0,6,72,0,78,0,6,80,0,86,26,0,26,112
06/26/2011,BAZ,TX,ASW,CE,Federal Contract Tower,0,0,7,0,7,0,3,45,0,48,0,3,52,0,55,6,0,6,61
06/27/2011,BAZ,TX,ASW,CE,Federal Contract Tower,0,0,4,0,4,0,0,32,2,34,0,0,36,2,38,26,6,32,70
06/28/2011,BAZ,TX,ASW,CE,Federal Contract Tower,0,1,4,0,5,0,3,34,0,37,0,4,38,0,42,46,0,46,88
06/29/2011,BAZ,TX,ASW,CE,Federal Contract Tower,0,0,2,1,3,0,2,38,1,41,0,2,40,2,44,42,0,42,86
06/30/2011,BAZ,TX,ASW,CE,Federal Contract Tower,0,0,8,0,8,0,1,25,2,28,0,1,33,2,36,32,0,32,68
07/01/2011,BAZ,TX,ASW,CE,Federal Contract Tower,0,2,9,0,11,0,1,29,0,30,0,3,38,0,41,24,0,24,65
07/02/2011,BAZ,TX,ASW,CE,Federal Contract Tower,0,0,4,0,4,0,2,48,0,50,0,2,52,0,54,18,0,18,72
07/03/2011,BAZ,TX,ASW,CE,Federal Contract Tower,0,0,1,2,3,0,2,47,0,49,0,2,48,2,52,58,0,58,110
07/04/2011,BAZ,TX,ASW,CE,Federal Contract Tower,0,0,1,0,1,0,3,49,0,52,0,3,50,0,53,54,0,54,107
07/05/2011,BAZ,TX,ASW,CE,Federal Contract Tower,0,0,4,0,4,0,1,42,0,43,0,1,46,0,47,52,0,52,99
07/06/2011,BAZ,TX,ASW,CE,Federal Contract Tower,0,2,2,0,4,0,0,0,0,0,0,2,2,0,4,86,0,86,90
07/07/2011,BAZ,TX,ASW,CE,Federal Contract Tower,0,0,6,0,6,0,0,25,0,25,0,0,31,0,31,18,0,18,49
07/08/2011,BAZ,TX,ASW,CE,Federal Contract Tower,0,0,3,0,3,0,1,50,0,51,0,1,53,0,54,20,0,20,74
07/09/2011,BAZ,TX,ASW,CE,Federal Contract Tower,0,0,5,0,5,0,1,137,0,138,0,1,142,0,143,28,0,28,171
07/10/2011,BAZ,TX,ASW,CE,Federal Contract Tower,0,2,5,0,7,0,1,38,0,39,0,3,43,0,46,32,0,32,78
07/11/2011,BAZ,TX,ASW,CE,Federal Contract Tower,0,0,6,0,6,0,2,28,0,30,0,2,34,0,36,32,0,32,68
07/12/2011,BAZ,TX,ASW,CE,Federal Contract Tower,0,0,10,0,10,0,1,22,0,23,0,1,32,0,33,8,0,8,41
07/13/2011,BAZ,TX,ASW,CE,Federal Contract Tower,0,0,6,0,6,0,1,35,0,36,0,1,41,0,42,32,0,32,74
07/14/2011,BAZ,TX,ASW,CE,Federal Contract Tower,0,0,6,1,7,0,2,48,0,50,0,2,54,1,57,74,0,74,131
07/15/2011,BAZ,TX,ASW,CE,Federal Contract Tower,0,0,3,0,3,0,5,29,1,35,0,5,32,1,38,24,0,24,62
07/16/2011,BAZ,TX,ASW,CE,Federal Contract Tower,0,1,2,0,3,0,4,57,0,61,0,5,59,0,64,44,0,44,108
07/17/2011,BAZ,TX,ASW,CE,Federal Contract Tower,0,0,1,0,1,0,3,38,0,41,0,3,39,0,42,30,0,30,72
07/18/2011,BAZ,TX,ASW,CE,Federal Contract Tower,0,0,9,0,9,0,2,24,0,26,0,2,33,0,35,32,0,32,67
07/19/2011,BAZ,TX,ASW,CE,Federal Contract Tower,0,0,2,0,2,0,2,25,0,27,0,2,27,0,29,34,0,34,63
07/20/2011,BAZ,TX,ASW,CE,Federal Contract Tower,0,0,5,0,5,0,3,23,0,26,0,3,28,0,31,14,0,14,45
07/21/2011,BAZ,TX,ASW,CE,Federal Contract Tower,0,0,10,0,10,0,2,23,0,25,0,2,33,0,35,40,0,40,75
07/22/2011,BAZ,TX,ASW,CE,Federal Contract Tower,0,0,7,0,7,0,5,35,0,40,0,5,42,0,47,68,0,68,115
07/23/2011,BAZ,TX,ASW,CE,Federal Contract Tower,0,0,6,0,6,0,1,45,0,46,0,1,51,0,52,26,0,26,78
07/24/2011,BAZ,TX,ASW,CE,Federal Contract Tower,0,2,4,0,6,0,0,48,0,48,0,2,52,0,54,6,0,6,60
07/25/2011,BAZ,TX,ASW,CE,Federal Contract Tower,0,0,4,0,4,0,2,27,0,29,0,2,31,0,33,38,0,38,71
07/26/2011,BAZ,TX,ASW,CE,Federal Contract Tower,0,0,7,0,7,0,0,26,0,26,0,0,33,0,33,46,0,46,79
07/27/2011,BAZ,TX,ASW,CE,Federal Contract Tower,0,2,2,0,4,0,4,50,0,54,0,6,52,0,58,68,0,68,126
07/28/2011,BAZ,TX,ASW,CE,Federal Contract Tower,0,0,9,0,9,0,2,30,0,32,0,2,39,0,41,54,0,54,95
07/29/2011,BAZ,TX,ASW,CE,Federal Contract Tower,0,0,11,0,11,0,0,0,0,0,0,0,11,0,11,34,0,34,45
07/30/2011,BAZ,TX,ASW,CE,Federal Contract Tower,0,0,6,0,6,0,5,31,0,36,0,5,37,0,42,26,0,26,68
07/31/2011,BAZ,TX,ASW,CE,Federal Contract Tower,0,0,2,4,6,0,2,48,0,50,0,2,50,4,56,28,0,28,84
08/01/2011,BAZ,TX,ASW,CE,Federal Contract Tower,0,0,7,0,7,0,0,35,0,35,0,0,42,0,42,108,40,148,190
08/02/2011,BAZ,TX,ASW,CE,Federal Contract Tower,0,0,3,0,3,0,5,20,0,25,0,5,23,0,28,22,0,22,50
08/03/2011,BAZ,TX,ASW,CE,Federal Contract Tower,0,1,4,0,5,0,3,49,0,52,0,4,53,0,57,70,0,70,127
08/04/2011,BAZ,TX,ASW,CE,Federal Contract Tower,0,0,6,0,6,0,4,48,0,52,0,4,54,0,58,36,0,36,94
08/05/2011,BAZ,TX,ASW,CE,Federal Contract Tower,0,0,7,0,7,0,0,47,0,47,0,0,54,0,54,74,0,74,128
08/06/2011,BAZ,TX,ASW,CE,Federal Contract Tower,0,0,2,0,2,0,7,50,0,57,0,7,52,0,59,22,0,22,81
08/07/2011,BAZ,TX,ASW,CE,Federal Contract Tower,0,0,2,2,4,0,2,25,0,27,0,2,27,2,31,14,0,14,45
08/08/2011,BAZ,TX,ASW,CE,Federal Contract Tower,0,2,3,0,5,0,3,20,0,23,0,5,23,0,28,38,0,38,66
08/09/2011,BAZ,TX,ASW,CE,Federal Contract Tower,0,0,3,0,3,0,3,10,2,15,0,3,13,2,18,6,12,18,36
08/10/2011,BAZ,TX,ASW,CE,Federal Contract Tower,0,2,7,0,9,0,2,40,5,47,0,4,47,5,56,22,8,30,86
08/11/2011,BAZ,TX,ASW,CE,Federal Contract Tower,0,0,7,4,11,0,3,24,0,27,0,3,31,4,38,66,0,66,104
08/12/2011,BAZ,TX,ASW,CE,Federal Contract Tower,0,0,5,3,8,0,3,21,0,24,0,3,26,3,32,18,2,20,52
08/13/2011,BAZ,TX,ASW,CE,Federal Contract Tower,0,0,2,0,2,0,1,56,0,57,0,1,58,0,59,66,0,66,125
08/14/2011,BAZ,TX,ASW,CE,Federal Contract Tower,0,1,6,0,7,0,4,49,0,53,0,5,55,0,60,32,0,32,92
08/15/2011,BAZ,TX,ASW,CE,Federal Contract Tower,0,1,3,0,4,0,3,31,0,34,0,4,34,0,38,32,0,32,70
08/16/2011,BAZ,TX,ASW,CE,Federal Contract Tower,0,0,7,0,7,0,6,30,0,36,0,6,37,0,43,40,0,40,83
08/17/2011,BAZ,TX,ASW,CE,Federal Contract Tower,0,0,7,0,7,0,0,47,0,47,0,0,54,0,54,92,0,92,146
08/18/2011,BAZ,TX,ASW,CE,Federal Contract Tower,0,0,3,0,3,0,1,43,0,44,0,1,46,0,47,78,0,78,125
08/19/2011,BAZ,TX,ASW,CE,Federal Contract Tower,0,0,5,1,6,0,0,35,12,47,0,0,40,13,53,62,2,64,117
08/20/2011,BAZ,TX,ASW,CE,Federal Contract Tower,0,0,3,0,3,0,0,60,0,60,0,0,63,0,63,42,0,42,105
08/21/2011,BAZ,TX,ASW,CE,Federal Contract Tower,0,0,10,2,12,0,2,39,10,51,0,2,49,12,63,62,0,62,125
08/22/2011,BAZ,TX,ASW,CE,Federal Contract Tower,0,0,7,4,11,0,0,41,0,41,0,0,48,4,52,100,4,104,156
08/23/2011,BAZ,TX,ASW,CE,Federal Contract Tower,0,0,4,2,6,0,3,30,0,33,0,3,34,2,39,86,0,86,125
08/24/2011,BAZ,TX,ASW,CE,Federal Contract Tower,0,0,5,2,7,0,0,50,0,50,0,0,55,2,57,92,0,92,149
08/25/2011,BAZ,TX,ASW,CE,Federal Contract Tower,0,0,4,0,4,0,1,27,0,28,0,1,31,0,32,30,0,30,62
08/26/2011,BAZ,TX,ASW,CE,Federal Contract Tower,0,1,6,0,7,0,4,45,0,49,0,5,51,0,56,88,0,88,144
08/27/2011,BAZ,TX,ASW,CE,Federal Contract Tower,0,0,4,0,4,0,3,67,2,72,0,3,71,2,76,36,6,42,118
08/28/2011,BAZ,TX,ASW,CE,Federal Contract Tower,0,0,1,0,1,0,6,39,2,47,0,6,40,2,48,16,8,24,72
08/29/2011,BAZ,TX,ASW,CE,Federal Contract Tower,0,0,3,0,3,0,4,27,0,31,0,4,30,0,34,6,0,6,40
08/30/2011,BAZ,TX,ASW,CE,Federal Contract Tower,0,1,2,0,3,0,1,37,1,39,0,2,39,1,42,88,2,90,132
08/31/2011,BAZ,TX,ASW,CE,Federal Contract Tower,0,0,5,2,7,0,4,32,0,36,0,4,37,2,43,38,0,38,81
09/01/2011,BAZ,TX,ASW,CE,Federal Contract Tower,0,2,6,0,8,0,0,27,0,27,0,2,33,0,35,22,0,22,57
09/02/2011,BAZ,TX,ASW,CE,Federal Contract Tower,0,1,8,0,9,0,2,18,0,20,0,3,26,0,29,0,0,0,29
09/03/2011,BAZ,TX,ASW,CE,Federal Contract Tower,0,0,5,0,5,0,0,49,0,49,0,0,54,0,54,28,0,28,82
09/04/2011,BAZ,TX,ASW,CE,Federal Contract Tower,0,0,4,0,4,0,2,16,0,18,0,2,20,0,22,0,0,0,22
09/05/2011,BAZ,TX,ASW,CE,Federal Contract Tower,0,4,2,4,10,0,6,24,0,30,0,10,26,4,40,0,0,0,40
09/06/2011,BAZ,TX,ASW,CE,Federal Contract Tower,0,0,11,0,11,0,3,27,0,30,0,3,38,0,41,64,0,64,105
09/07/2011,BAZ,TX,ASW,CE,Federal Contract Tower,0,0,4,0,4,0,0,63,0,63,0,0,67,0,67,80,0,80,147
09/08/2011,BAZ,TX,ASW,CE,Federal Contract Tower,0,0,6,0,6,0,2,32,0,34,0,2,38,0,40,20,0,20,60
09/09/2011,BAZ,TX,ASW,CE,Federal Contract Tower,0,0,7,0,7,0,6,30,0,36,0,6,37,0,43,62,0,62,105
09/10/2011,BAZ,TX,ASW,CE,Federal Contract Tower,0,1,1,0,2,0,2,64,0,66,0,3,65,0,68,70,0,70,138
09/11/2011,BAZ,TX,ASW,CE,Federal Contract Tower,0,0,0,0,0,0,5,53,0,58,0,5,53,0,58,36,0,36,94
09/12/2011,BAZ,TX,ASW,CE,Federal Contract Tower,0,0,6,0,6,0,2,28,0,30,0,2,34,0,36,48,0,48,84
09/13/2011,BAZ,TX,ASW,CE,Federal Contract Tower,0,0,6,0,6,0,3,20,0,23,0,3,26,0,29,20,0,20,49
09/14/2011,BAZ,TX,ASW,CE,Federal Contract Tower,0,3,9,0,12,0,1,38,0,39,0,4,47,0,51,12,0,12,63
09/15/2011,BAZ,TX,ASW,CE,Federal Contract Tower,0,0,8,0,8,0,2,40,0,42,0,2,48,0,50,26,0,26,76
09/16/2011,BAZ,TX,ASW,CE,Federal Contract Tower,0,0,6,2,8,0,1,18,0,19,0,1,24,2,27,44,0,44,71
09/17/2011,BAZ,TX,ASW,CE,Federal Contract Tower,0,1,2,0,3,0,3,32,0,35,0,4,34,0,38,18,0,18,56
09/18/2011,BAZ,TX,ASW,CE,Federal Contract Tower,0,1,3,0,4,0,2,19,0,21,0,3,22,0,25,0,0,0,25
09/19/2011,BAZ,TX,ASW,CE,Federal Contract Tower,0,0,3,0,3,0,2,23,0,25,0,2,26,0,28,24,0,24,52
09/20/2011,BAZ,TX,ASW,CE,Federal Contract Tower,0,0,11,0,11,0,1,25,0,26,0,1,36,0,37,66,0,66,103
09/21/2011,BAZ,TX,ASW,CE,Federal Contract Tower,0,0,5,0,5,0,4,46,0,50,0,4,51,0,55,70,0,70,125
09/22/2011,BAZ,TX,ASW,CE,Federal Contract Tower,0,3,10,0,13,0,0,15,0,15,0,3,25,0,28,26,0,26,54
09/23/2011,BAZ,TX,ASW,CE,Federal Contract Tower,0,0,8,0,8,0,2,20,0,22,0,2,28,0,30,92,0,92,122
09/24/2011,BAZ,TX,ASW,CE,Federal Contract Tower,0,0,3,0,3,0,5,54,0,59,0,5,57,0,62,16,0,16,78
09/25/2011,BAZ,TX,ASW,CE,Federal Contract Tower,0,0,4,0,4,0,3,53,0,56,0,3,57,0,60,54,0,54,114
09/26/2011,BAZ,TX,ASW,CE,Federal Contract Tower,0,0,7,0,7,0,5,32,0,37,0,5,39,0,44,24,0,24,68
09/27/2011,BAZ,TX,ASW,CE,Federal Contract Tower,0,0,8,0,8,0,4,21,0,25,0,4,29,0,33,28,0,28,61
09/28/2011,BAZ,TX,ASW,CE,Federal Contract Tower,0,0,8,4,12,0,2,35,0,37,0,2,43,4,49,4,0,4,53
09/29/2011,BAZ,TX,ASW,CE,Federal Contract Tower,0,0,2,0,2,0,3,21,0,24,0,3,23,0,26,28,0,28,54
09/30/2011,BAZ,TX,ASW,CE,Federal Contract Tower,0,0,8,0,8,0,2,29,0,31,0,2,37,0,39,22,0,22,61
10/01/2011,BAZ,TX,ASW,CE,Federal Contract Tower,0,0,1,0,1,0,8,51,0,59,0,8,52,0,60,2,0,2,62
10/02/2011,BAZ,TX,ASW,CE,Federal Contract Tower,0,0,4,0,4,0,2,49,0,51,0,2,53,0,55,18,0,18,73
10/03/2011,BAZ,TX,ASW,CE,Federal Contract Tower,0,0,4,2,6,0,2,29,0,31,0,2,33,2,37,52,2,54,91
10/04/2011,BAZ,TX,ASW,CE,Federal Contract Tower,0,0,10,0,10,0,5,25,0,30,0,5,35,0,40,66,0,66,106
10/05/2011,BAZ,TX,ASW,CE,Federal Contract Tower,0,0,3,2,5,0,5,42,0,47,0,5,45,2,52,28,0,28,80
10/06/2011,BAZ,TX,ASW,CE,Federal Contract Tower,0,0,12,0,12,0,3,19,0,22,0,3,31,0,34,46,0,46,80
10/07/2011,BAZ,TX,ASW,CE,Federal Contract Tower,0,0,15,0,15,0,0,16,0,16,0,0,31,0,31,0,0,0,31
10/08/2011,BAZ,TX,ASW,CE,Federal Contract Tower,0,0,3,0,3,0,0,0,0,0,0,0,3,0,3,10,0,10,13
10/09/2011,BAZ,TX,ASW,CE,Federal Contract Tower,0,0,6,0,6,0,1,1,0,2,0,1,7,0,8,0,0,0,8
10/10/2011,BAZ,TX,ASW,CE,Federal Contract Tower,0,0,14,0,14,0,2,32,0,34,0,2,46,0,48,52,0,52,100
10/11/2011,BAZ,TX,ASW,CE,Federal Contract Tower,0,0,11,2,13,0,2,41,0,43,0,2,52,2,56,64,0,64,120
10/12/2011,BAZ,TX,ASW,CE,Federal Contract Tower,0,0,6,0,6,0,1,25,0,26,0,1,31,0,32,24,0,24,56
10/13/2011,BAZ,TX,ASW,CE,Federal Contract Tower,0,0,3,0,3,0,5,31,0,36,0,5,34,0,39,122,0,122,161
10/14/2011,BAZ,TX,ASW,CE,Federal Contract Tower,0,0,17,0,17,0,2,69,1,72,0,2,86,1,89,46,0,46,135
10/15/2011,BAZ,TX,ASW,CE,Federal Contract Tower,0,0,1,1,2,0,3,71,0,74,0,3,72,1,76,50,2,52,128
10/16/2011,BAZ,TX,ASW,CE,Federal Contract Tower,0,2,5,1,8,0,4,49,0,53,0,6,54,1,61,18,0,18,79
10/17/2011,BAZ,TX,ASW,CE,Federal Contract Tower,0,0,10,0,10,0,0,17,0,17,0,0,27,0,27,20,0,20,47
10/18/2011,BAZ,TX,ASW,CE,Federal Contract Tower,0,2,3,0,5,0,3,10,0,13,0,5,13,0,18,0,0,0,18
10/19/2011,BAZ,TX,ASW,CE,Federal Contract Tower,0,0,13,0,13,0,2,34,0,36,0,2,47,0,49,48,0,48,97
10/20/2011,BAZ,TX,ASW,CE,Federal Contract Tower,0,0,8,0,8,0,1,35,0,36,0,1,43,0,44,48,0,48,92
10/21/2011,BAZ,TX,ASW,CE,Federal Contract Tower,0,0,5,0,5,0,5,32,2,39,0,5,37,2,44,36,2,38,82
10/22/2011,BAZ,TX,ASW,CE,Federal Contract Tower,0,3,9,0,12,0,7,49,0,56,0,10,58,0,68,18,0,18,86
10/23/2011,BAZ,TX,ASW,CE,Federal Contract Tower,0,0,14,0,14,0,2,53,0,55,0,2,67,0,69,58,0,58,127
10/24/2011,BAZ,TX,ASW,CE,Federal Contract Tower,0,0,3,0,3,0,0,39,0,39,0,0,42,0,42,52,0,52,94
10/25/2011,BAZ,TX,ASW,CE,Federal Contract Tower,0,1,6,2,9,0,0,39,0,39,0,1,45,2,48,84,2,86,134
10/26/2011,BAZ,TX,ASW,CE,Federal Contract Tower,0,1,9,2,12,0,1,33,0,34,0,2,42,2,46,34,0,34,80
10/27/2011,BAZ,TX,ASW,CE,Federal Contract Tower,0,0,9,0,9,0,2,19,0,21,0,2,28,0,30,34,0,34,64
10/28/2011,BAZ,TX,ASW,CE,Federal Contract Tower,0,0,7,0,7,0,0,28,0,28,0,0,35,0,35,14,0,14,49
10/29/2011,BAZ,TX,ASW,CE,Federal Contract Tower,0,0,7,0,7,0,3,69,0,72,0,3,76,0,79,94,0,94,173
10/30/2011,BAZ,TX,ASW,CE,Federal Contract Tower,0,0,2,0,2,0,2,49,0,51,0,2,51,0,53,46,0,46,99
10/31/2011,BAZ,TX,ASW,CE,Federal Contract Tower,0,0,3,2,5,0,1,23,0,24,0,1,26,2,29,30,0,30,59
11/01/2011,BAZ,TX,ASW,CE,Federal Contract Tower,0,0,7,0,7,0,0,59,0,59,0,0,66,0,66,62,0,62,128
11/02/2011,BAZ,TX,ASW,CE,Federal Contract Tower,0,0,3,0,3,0,3,37,0,40,0,3,40,0,43,28,0,28,71
11/03/2011,BAZ,TX,ASW,CE,Federal Contract Tower,0,0,4,2,6,0,2,17,0,19,0,2,21,2,25,2,0,2,27
11/04/2011,BAZ,TX,ASW,CE,Federal Contract Tower,0,0,1,2,3,0,3,58,0,61,0,3,59,2,64,30,0,30,94
11/05/2011,BAZ,TX,ASW,CE,Federal Contract Tower,0,0,3,0,3,0,4,63,0,67,0,4,66,0,70,86,0,86,156
11/06/2011,BAZ,TX,ASW,CE,Federal Contract Tower,0,1,13,0,14,0,4,13,0,17,0,5,26,0,31,26,0,26,57
11/07/2011,BAZ,TX,ASW,CE,Federal Contract Tower,0,2,8,0,10,0,1,23,0,24,0,3,31,0,34,94,0,94,128
11/08/2011,BAZ,TX,ASW,CE,Federal Contract Tower,0,0,9,0,9,0,2,13,1,16,0,2,22,1,25,30,0,30,55
11/09/2011,BAZ,TX,ASW,CE,Federal Contract Tower,0,0,6,0,6,0,1,31,2,34,0,1,37,2,40,12,0,12,52
11/10/2011,BAZ,TX,ASW,CE,Federal Contract Tower,0,0,5,0,5,0,1,79,0,80,0,1,84,0,85,42,0,42,127
11/11/2011,BAZ,TX,ASW,CE,Federal Contract Tower,0,0,6,0,6,0,3,62,0,65,0,3,68,0,71,90,0,90,161
11/12/2011,BAZ,TX,ASW,CE,Federal Contract Tower,0,0,8,0,8,0,3,69,0,72,0,3,77,0,80,64,0,64,144
11/13/2011,BAZ,TX,ASW,CE,Federal Contract Tower,0,0,8,0,8,0,2,22,2,26,0,2,30,2,34,26,0,26,60
11/14/2011,BAZ,TX,ASW,CE,Federal Contract Tower,0,1,5,0,6,0,1,13,2,16,0,2,18,2,22,50,12,62,84
11/15/2011,BAZ,TX,ASW,CE,Federal Contract Tower,0,0,4,2,6,0,4,10,0,14,0,4,14,2,20,24,0,24,44
11/16/2011,BAZ,TX,ASW,CE,Federal Contract Tower,0,0,7,0,7,0,1,34,0,35,0,1,41,0,42,20,0,20,62
11/17/2011,BAZ,TX,ASW,CE,Federal Contract Tower,0,0,12,0,12,0,4,37,0,41,0,4,49,0,53,40,0,40,93
11/18/2011,BAZ,TX,ASW,CE,Federal Contract Tower,0,0,10,0,10,0,2,31,0,33,0,2,41,0,43,60,0,60,103
11/19/2011,BAZ,TX,ASW,CE,Federal Contract Tower,0,0,10,0,10,0,2,20,0,22,0,2,30,0,32,38,0,38,70
11/20/2011,BAZ,TX,ASW,CE,Federal Contract Tower,0,0,5,0,5,0,2,23,0,25,0,2,28,0,30,28,0,28,58
11/21/2011,BAZ,TX,ASW,CE,Federal Contract Tower,0,1,11,0,12,0,3,9,0,12,0,4,20,0,24,0,0,0,24
11/22/2011,BAZ,TX,ASW,CE,Federal Contract Tower,0,0,2,0,2,0,6,18,2,26,0,6,20,2,28,0,10,10,38
11/23/2011,BAZ,TX,ASW,CE,Federal Contract Tower,0,0,2,0,2,0,2,55,0,57,0,2,57,0,59,52,0,52,111
11/24/2011,BAZ,TX,ASW,CE,Federal Contract Tower,0,0,2,0,2,0,0,21,0,21,0,0,23,0,23,28,0,28,51
11/25/2011,BAZ,TX,ASW,CE,Federal Contract Tower,0,0,0,0,0,0,0,25,0,25,0,0,25,0,25,22,0,22,47
11/26/2011,BAZ,TX,ASW,CE,Federal Contract Tower,0,2,2,0,4,0,0,5,0,5,0,2,7,0,9,0,0,0,9
11/27/2011,BAZ,TX,ASW,CE,Federal Contract Tower,0,0,6,0,6,0,4,22,0,26,0,4,28,0,32,0,0,0,32
11/28/2011,BAZ,TX,ASW,CE,Federal Contract Tower,0,0,5,0,5,0,1,15,0,16,0,1,20,0,21,20,0,20,41
11/29/2011,BAZ,TX,ASW,CE,Federal Contract Tower,0,0,0,0,0,0,4,45,0,49,0,4,45,0,49,26,0,26,75
11/30/2011,BAZ,TX,ASW,CE,Federal Contract Tower,0,0,3,0,3,0,4,73,0,77,0,4,76,0,80,52,0,52,132
12/01/2011,BAZ,TX,ASW,CE,Federal Contract Tower,0,0,6,0,6,0,2,49,0,51,0,2,55,0,57,96,0,96,153
12/02/2011,BAZ,TX,ASW,CE,Federal Contract Tower,0,0,13,0,13,0,0,0,0,0,0,0,13,0,13,0,0,0,13
12/03/2011,BAZ,TX,ASW,CE,Federal Contract Tower,0,1,4,0,5,0,3,2,0,5,0,4,6,0,10,0,0,0,10
12/04/2011,BAZ,TX,ASW,CE,Federal Contract Tower,0,0,5,0,5,0,0,0,0,0,0,0,5,0,5,0,0,0,5
12/05/2011,BAZ,TX,ASW,CE,Federal Contract Tower,0,0,6,0,6,0,6,0,0,6,0,6,6,0,12,0,0,0,12
12/06/2011,BAZ,TX,ASW,CE,Federal Contract Tower,0,0,1,0,1,0,3,32,0,35,0,3,33,0,36,34,0,34,70
12/07/2011,BAZ,TX,ASW,CE,Federal Contract Tower,0,0,1,0,1,0,0,36,0,36,0,0,37,0,37,16,0,16,53
12/08/2011,BAZ,TX,ASW,CE,Federal Contract Tower,0,0,4,0,4,0,1,35,0,36,0,1,39,0,40,8,0,8,48
12/09/2011,BAZ,TX,ASW,CE,Federal Contract Tower,0,0,9,2,11,0,1,24,0,25,0,1,33,2,36,26,0,26,62
12/10/2011,BAZ,TX,ASW,CE,Federal Contract Tower,0,0,8,0,8,0,3,15,0,18,0,3,23,0,26,14,0,14,40
12/11/2011,BAZ,TX,ASW,CE,Federal Contract Tower,0,0,4,0,4,0,0,26,0,26,0,0,30,0,30,20,0,20,50
12/12/2011,BAZ,TX,ASW,CE,Federal Contract Tower,0,2,6,0,8,0,1,4,0,5,0,3,10,0,13,0,0,0,13
12/13/2011,BAZ,TX,ASW,CE,Federal Contract Tower,0,0,0,0,0,0,0,0,0,0,0,0,0,0,0,0,0,0,0
12/14/2011,BAZ,TX,ASW,CE,Federal Contract Tower,0,0,6,0,6,0,1,6,0,7,0,1,12,0,13,18,0,18,31
12/15/2011,BAZ,TX,ASW,CE,Federal Contract Tower,0,0,6,0,6,0,0,0,0,0,0,0,6,0,6,0,0,0,6
12/16/2011,BAZ,TX,ASW,CE,Federal Contract Tower,0,1,7,0,8,0,1,5,0,6,0,2,12,0,14,0,0,0,14
12/17/2011,BAZ,TX,ASW,CE,Federal Contract Tower,0,0,4,0,4,0,2,40,0,42,0,2,44,0,46,30,0,30,76
12/18/2011,BAZ,TX,ASW,CE,Federal Contract Tower,0,0,5,0,5,0,0,39,0,39,0,0,44,0,44,64,0,64,108
12/19/2011,BAZ,TX,ASW,CE,Federal Contract Tower,0,0,6,0,6,0,1,3,0,4,0,1,9,0,10,0,0,0,10
12/20/2011,BAZ,TX,ASW,CE,Federal Contract Tower,0,0,2,2,4,0,0,26,2,28,0,0,28,4,32,28,0,28,60
12/21/2011,BAZ,TX,ASW,CE,Federal Contract Tower,0,2,10,2,14,0,0,33,1,34,0,2,43,3,48,34,8,42,90
12/22/2011,BAZ,TX,ASW,CE,Federal Contract Tower,0,0,5,2,7,0,3,30,0,33,0,3,35,2,40,26,0,26,66
12/23/2011,BAZ,TX,ASW,CE,Federal Contract Tower,0,0,2,2,4,0,2,0,0,2,0,2,2,2,6,0,0,0,6
12/24/2011,BAZ,TX,ASW,CE,Federal Contract Tower,0,0,1,0,1,0,0,0,0,0,0,0,1,0,1,0,0,0,1
12/25/2011,BAZ,TX,ASW,CE,Federal Contract Tower,0,0,0,0,0,0,0,4,0,4,0,0,4,0,4,2,0,2,6
12/26/2011,BAZ,TX,ASW,CE,Federal Contract Tower,0,0,7,0,7,0,2,27,0,29,0,2,34,0,36,32,0,32,68
12/27/2011,BAZ,TX,ASW,CE,Federal Contract Tower,0,0,4,0,4,0,1,36,0,37,0,1,40,0,41,58,0,58,99
12/28/2011,BAZ,TX,ASW,CE,Federal Contract Tower,0,0,16,0,16,0,3,52,0,55,0,3,68,0,71,30,0,30,101
12/29/2011,BAZ,TX,ASW,CE,Federal Contract Tower,0,1,4,0,5,0,3,31,0,34,0,4,35,0,39,20,0,20,59
12/30/2011,BAZ,TX,ASW,CE,Federal Contract Tower,0,0,5,0,5,0,3,56,0,59,0,3,61,0,64,54,0,54,118
12/31/2011,BAZ,TX,ASW,CE,Federal Contract Tower,0,0,5,0,5,0,2,68,0,70,0,2,73,0,75,48,0,48,123
01/01/2012,BAZ,TX,ASW,CE,Federal Contract Tower,0,0,2,0,2,0,6,23,0,29,0,6,25,0,31,0,0,0,31
01/02/2012,BAZ,TX,ASW,CE,Federal Contract Tower,0,0,9,0,9,0,1,35,0,36,0,1,44,0,45,52,0,52,97
01/03/2012,BAZ,TX,ASW,CE,Federal Contract Tower,0,0,5,0,5,0,2,42,0,44,0,2,47,0,49,6,0,6,55
01/04/2012,BAZ,TX,ASW,CE,Federal Contract Tower,0,0,4,0,4,0,3,51,0,54,0,3,55,0,58,16,0,16,74
01/05/2012,BAZ,TX,ASW,CE,Federal Contract Tower,0,0,7,0,7,0,4,36,0,40,0,4,43,0,47,30,0,30,77
01/06/2012,BAZ,TX,ASW,CE,Federal Contract Tower,0,0,3,0,3,0,0,26,0,26,0,0,29,0,29,18,0,18,47
01/07/2012,BAZ,TX,ASW,CE,Federal Contract Tower,0,0,6,0,6,0,2,78,0,80,0,2,84,0,86,112,0,112,198
01/08/2012,BAZ,TX,ASW,CE,Federal Contract Tower,0,0,12,0,12,0,0,3,0,3,0,0,15,0,15,0,0,0,15
01/09/2012,BAZ,TX,ASW,CE,Federal Contract Tower,0,0,3,0,3,0,3,0,0,3,0,3,3,0,6,0,0,0,6
01/10/2012,BAZ,TX,ASW,CE,Federal Contract Tower,0,0,5,0,5,0,3,13,0,16,0,3,18,0,21,24,0,24,45
01/11/2012,BAZ,TX,ASW,CE,Federal Contract Tower,0,0,1,2,3,0,3,64,0,67,0,3,65,2,70,52,0,52,122
01/12/2012,BAZ,TX,ASW,CE,Federal Contract Tower,0,3,2,0,5,0,3,16,1,20,0,6,18,1,25,28,0,28,53
01/13/2012,BAZ,TX,ASW,CE,Federal Contract Tower,0,0,7,0,7,0,3,51,0,54,0,3,58,0,61,96,0,96,157
01/14/2012,BAZ,TX,ASW,CE,Federal Contract Tower,0,0,3,0,3,0,0,100,4,104,0,0,103,4,107,145,0,145,252
01/15/2012,BAZ,TX,ASW,CE,Federal Contract Tower,0,0,5,0,5,0,1,27,0,28,0,1,32,0,33,0,0,0,33
01/16/2012,BAZ,TX,ASW,CE,Federal Contract Tower,0,0,12,0,12,0,0,3,0,3,0,0,15,0,15,10,0,10,25
01/17/2012,BAZ,TX,ASW,CE,Federal Contract Tower,0,0,12,2,14,0,4,16,2,22,0,4,28,4,36,26,10,36,72
01/18/2012,BAZ,TX,ASW,CE,Federal Contract Tower,0,0,7,0,7,0,2,53,2,57,0,2,60,2,64,64,0,64,128
01/19/2012,BAZ,TX,ASW,CE,Federal Contract Tower,0,1,8,0,9,0,3,28,0,31,0,4,36,0,40,14,0,14,54
01/20/2012,BAZ,TX,ASW,CE,Federal Contract Tower,0,1,9,0,10,0,2,10,0,12,0,3,19,0,22,16,0,16,38
01/21/2012,BAZ,TX,ASW,CE,Federal Contract Tower,0,0,1,0,1,0,3,71,0,74,0,3,72,0,75,116,0,116,191
01/22/2012,BAZ,TX,ASW,CE,Federal Contract Tower,0,2,3,0,5,0,3,8,0,11,0,5,11,0,16,0,0,0,16
01/23/2012,BAZ,TX,ASW,CE,Federal Contract Tower,0,2,4,0,6,0,4,31,0,35,0,6,35,0,41,96,0,96,137
01/24/2012,BAZ,TX,ASW,CE,Federal Contract Tower,0,3,2,0,5,0,0,0,0,0,0,3,2,0,5,0,0,0,5
01/25/2012,BAZ,TX,ASW,CE,Federal Contract Tower,0,0,6,2,8,0,2,4,0,6,0,2,10,2,14,4,0,4,18
01/26/2012,BAZ,TX,ASW,CE,Federal Contract Tower,0,0,8,2,10,0,5,33,0,38,0,5,41,2,48,366,0,366,414
01/27/2012,BAZ,TX,ASW,CE,Federal Contract Tower,0,0,4,0,4,0,4,36,2,42,0,4,40,2,46,26,2,28,74
01/28/2012,BAZ,TX,ASW,CE,Federal Contract Tower,0,0,7,0,7,0,4,39,0,43,0,4,46,0,50,20,0,20,70
01/29/2012,BAZ,TX,ASW,CE,Federal Contract Tower,0,0,3,0,3,0,0,69,0,69,0,0,72,0,72,76,0,76,148
01/30/2012,BAZ,TX,ASW,CE,Federal Contract Tower,0,0,14,4,18,0,2,9,0,11,0,2,23,4,29,0,0,0,29
01/31/2012,BAZ,TX,ASW,CE,Federal Contract Tower,0,0,7,2,9,0,2,13,2,17,0,2,20,4,26,4,0,4,30
02/01/2012,BAZ,TX,ASW,CE,Federal Contract Tower,0,2,8,0,10,0,3,13,0,16,0,5,21,0,26,2,0,2,28
02/02/2012,BAZ,TX,ASW,CE,Federal Contract Tower,0,0,9,0,9,0,2,1,0,3,0,2,10,0,12,0,0,0,12
02/03/2012,BAZ,TX,ASW,CE,Federal Contract Tower,0,0,11,0,11,0,2,15,0,17,0,2,26,0,28,56,0,56,84
02/04/2012,BAZ,TX,ASW,CE,Federal Contract Tower,0,0,5,0,5,0,3,13,0,16,0,3,18,0,21,2,0,2,23
02/05/2012,BAZ,TX,ASW,CE,Federal Contract Tower,0,0,4,0,4,0,5,10,0,15,0,5,14,0,19,10,0,10,29
02/06/2012,BAZ,TX,ASW,CE,Federal Contract Tower,0,0,10,0,10,0,0,34,0,34,0,0,44,0,44,94,0,94,138
02/07/2012,BAZ,TX,ASW,CE,Federal Contract Tower,0,0,11,2,13,0,3,38,0,41,0,3,49,2,54,94,0,94,148
02/08/2012,BAZ,TX,ASW,CE,Federal Contract Tower,0,1,8,2,11,3,28,0,0,31,3,29,8,2,42,6,0,6,48
02/09/2012,BAZ,TX,ASW,CE,Federal Contract Tower,0,0,4,2,6,0,4,40,0,44,0,4,44,2,50,46,0,46,96
02/10/2012,BAZ,TX,ASW,CE,Federal Contract Tower,0,0,13,0,13,0,1,22,0,23,0,1,35,0,36,32,0,32,68
02/11/2012,BAZ,TX,ASW,CE,Federal Contract Tower,0,0,5,0,5,0,2,39,0,41,0,2,44,0,46,2,0,2,48
02/12/2012,BAZ,TX,ASW,CE,Federal Contract Tower,0,0,4,2,6,0,1,16,0,17,0,1,20,2,23,0,2,2,25
02/13/2012,BAZ,TX,ASW,CE,Federal Contract Tower,0,0,5,0,5,0,0,10,0,10,0,0,15,0,15,0,0,0,15
02/14/2012,BAZ,TX,ASW,CE,Federal Contract Tower,0,0,5,0,5,0,4,49,0,53,0,4,54,0,58,58,0,58,116
02/15/2012,BAZ,TX,ASW,CE,Federal Contract Tower,0,0,5,0,5,0,2,19,0,21,0,2,24,0,26,40,0,40,66
02/16/2012,BAZ,TX,ASW,CE,Federal Contract Tower,0,1,10,0,11,0,2,28,0,30,0,3,38,0,41,4,0,4,45
02/17/2012,BAZ,TX,ASW,CE,Federal Contract Tower,0,0,6,0,6,0,0,0,0,0,0,0,6,0,6,0,0,0,6
02/18/2012,BAZ,TX,ASW,CE,Federal Contract Tower,0,0,4,0,4,0,6,0,0,6,0,6,4,0,10,0,0,0,10
02/19/2012,BAZ,TX,ASW,CE,Federal Contract Tower,0,0,4,0,4,0,2,74,2,78,0,2,78,2,82,122,0,122,204
02/20/2012,BAZ,TX,ASW,CE,Federal Contract Tower,0,0,2,0,2,0,5,27,0,32,0,5,29,0,34,38,0,38,72
02/21/2012,BAZ,TX,ASW,CE,Federal Contract Tower,0,0,4,0,4,0,7,14,6,27,0,7,18,6,31,22,0,22,53
02/22/2012,BAZ,TX,ASW,CE,Federal Contract Tower,0,0,15,0,15,0,3,18,0,21,0,3,33,0,36,8,0,8,44
02/23/2012,BAZ,TX,ASW,CE,Federal Contract Tower,0,0,13,0,13,0,2,52,2,56,0,2,65,2,69,68,6,74,143
02/24/2012,BAZ,TX,ASW,CE,Federal Contract Tower,0,2,2,0,4,0,1,7,1,9,0,3,9,1,13,0,0,0,13
02/25/2012,BAZ,TX,ASW,CE,Federal Contract Tower,0,0,0,0,0,0,2,103,0,105,0,2,103,0,105,98,0,98,203
02/26/2012,BAZ,TX,ASW,CE,Federal Contract Tower,0,2,5,4,11,0,4,40,0,44,0,6,45,4,55,34,0,34,89
02/27/2012,BAZ,TX,ASW,CE,Federal Contract Tower,0,2,8,0,10,0,0,1,0,1,0,2,9,0,11,0,0,0,11
02/28/2012,BAZ,TX,ASW,CE,Federal Contract Tower,0,0,3,0,3,0,4,1,0,5,0,4,4,0,8,0,0,0,8
02/29/2012,BAZ,TX,ASW,CE,Federal Contract Tower,0,2,12,0,14,0,1,13,0,14,0,3,25,0,28,42,0,42,70
03/01/2012,BAZ,TX,ASW,CE,Federal Contract Tower,0,2,8,2,12,0,2,0,0,2,0,4,8,2,14,0,0,0,14
03/02/2012,BAZ,TX,ASW,CE,Federal Contract Tower,0,1,11,0,12,0,3,28,0,31,0,4,39,0,43,38,0,38,81
03/03/2012,BAZ,TX,ASW,CE,Federal Contract Tower,0,0,4,0,4,0,3,49,0,52,0,3,53,0,56,102,0,102,158
03/04/2012,BAZ,TX,ASW,CE,Federal Contract Tower,0,0,2,0,2,0,2,65,0,67,0,2,67,0,69,80,0,80,149
03/05/2012,BAZ,TX,ASW,CE,Federal Contract Tower,0,0,1,0,1,0,3,55,0,58,0,3,56,0,59,130,0,130,189
03/06/2012,BAZ,TX,ASW,CE,Federal Contract Tower,0,0,4,0,4,0,3,13,0,16,0,3,17,0,20,10,0,10,30
03/07/2012,BAZ,TX,ASW,CE,Federal Contract Tower,0,0,19,0,19,0,3,8,2,13,0,3,27,2,32,0,2,2,34
03/08/2012,BAZ,TX,ASW,CE,Federal Contract Tower,0,0,6,0,6,0,5,6,0,11,0,5,12,0,17,14,0,14,31
03/09/2012,BAZ,TX,ASW,CE,Federal Contract Tower,0,0,9,0,9,0,4,1,0,5,0,4,10,0,14,0,0,0,14
03/10/2012,BAZ,TX,ASW,CE,Federal Contract Tower,0,2,11,0,13,0,0,0,0,0,0,2,11,0,13,0,0,0,13
03/11/2012,BAZ,TX,ASW,CE,Federal Contract Tower,0,1,4,0,5,0,3,24,0,27,0,4,28,0,32,32,0,32,64
03/12/2012,BAZ,TX,ASW,CE,Federal Contract Tower,0,0,5,4,9,0,0,34,0,34,0,0,39,4,43,76,0,76,119
03/13/2012,BAZ,TX,ASW,CE,Federal Contract Tower,0,0,10,2,12,0,2,18,0,20,0,2,28,2,32,50,0,50,82
03/14/2012,BAZ,TX,ASW,CE,Federal Contract Tower,0,2,10,0,12,0,2,18,0,20,0,4,28,0,32,34,0,34,66
03/15/2012,BAZ,TX,ASW,CE,Federal Contract Tower,0,0,4,0,4,0,0,18,0,18,0,0,22,0,22,10,0,10,32
03/16/2012,BAZ,TX,ASW,CE,Federal Contract Tower,0,2,15,0,17,0,1,9,0,10,0,3,24,0,27,6,0,6,33
03/17/2012,BAZ,TX,ASW,CE,Federal Contract Tower,0,0,7,0,7,0,2,29,0,31,0,2,36,0,38,74,0,74,112
03/18/2012,BAZ,TX,ASW,CE,Federal Contract Tower,0,4,7,2,13,0,4,13,0,17,0,8,20,2,30,20,0,20,50
03/19/2012,BAZ,TX,ASW,CE,Federal Contract Tower,0,3,8,0,11,0,4,3,0,7,0,7,11,0,18,0,0,0,18
03/20/2012,BAZ,TX,ASW,CE,Federal Contract Tower,0,9,0,0,9,0,3,6,0,9,0,12,6,0,18,24,0,24,42
03/21/2012,BAZ,TX,ASW,CE,Federal Contract Tower,0,1,5,0,6,0,3,22,3,28,0,4,27,3,34,20,0,20,54
03/22/2012,BAZ,TX,ASW,CE,Federal Contract Tower,0,3,4,0,7,0,6,47,2,55,0,9,51,2,62,52,0,52,114
03/23/2012,BAZ,TX,ASW,CE,Federal Contract Tower,0,0,7,0,7,0,3,56,0,59,0,3,63,0,66,34,0,34,100
03/24/2012,BAZ,TX,ASW,CE,Federal Contract Tower,0,1,10,4,15,0,0,22,0,22,0,1,32,4,37,24,0,24,61
03/25/2012,BAZ,TX,ASW,CE,Federal Contract Tower,0,0,5,0,5,0,2,38,0,40,0,2,43,0,45,60,0,60,105
03/26/2012,BAZ,TX,ASW,CE,Federal Contract Tower,0,0,6,2,8,0,1,40,2,43,0,1,46,4,51,66,0,66,117
03/27/2012,BAZ,TX,ASW,CE,Federal Contract Tower,0,0,16,2,18,0,0,17,4,21,0,0,33,6,39,40,0,40,79
03/28/2012,BAZ,TX,ASW,CE,Federal Contract Tower,0,0,10,4,14,0,2,16,0,18,0,2,26,4,32,10,0,10,42
03/29/2012,BAZ,TX,ASW,CE,Federal Contract Tower,0,0,12,2,14,0,4,19,0,23,0,4,31,2,37,40,0,40,77
03/30/2012,BAZ,TX,ASW,CE,Federal Contract Tower,0,0,4,0,4,0,4,36,0,40,0,4,40,0,44,78,0,78,122
03/31/2012,BAZ,TX,ASW,CE,Federal Contract Tower,0,0,3,0,3,0,7,56,0,63,0,7,59,0,66,74,0,74,140
04/01/2012,BAZ,TX,ASW,CE,Federal Contract Tower,0,2,0,0,2,0,1,40,0,41,0,3,40,0,43,6,0,6,49
04/02/2012,BAZ,TX,ASW,CE,Federal Contract Tower,0,0,7,0,7,0,8,20,0,28,0,8,27,0,35,6,0,6,41
04/03/2012,BAZ,TX,ASW,CE,Federal Contract Tower,0,0,0,0,0,0,9,12,0,21,0,9,12,0,21,32,0,32,53
04/04/2012,BAZ,TX,ASW,CE,Federal Contract Tower,0,0,4,0,4,0,4,59,0,63,0,4,63,0,67,112,0,112,179
04/05/2012,BAZ,TX,ASW,CE,Federal Contract Tower,0,0,11,0,11,0,0,37,0,37,0,0,48,0,48,38,0,38,86
04/06/2012,BAZ,TX,ASW,CE,Federal Contract Tower,0,0,10,0,10,0,2,41,0,43,0,2,51,0,53,106,0,106,159
04/07/2012,BAZ,TX,ASW,CE,Federal Contract Tower,0,0,7,0,7,0,0,52,0,52,0,0,59,0,59,82,0,82,141
04/08/2012,BAZ,TX,ASW,CE,Federal Contract Tower,0,0,4,0,4,0,1,42,0,43,0,1,46,0,47,40,0,40,87
04/09/2012,BAZ,TX,ASW,CE,Federal Contract Tower,0,2,8,0,10,0,3,41,0,44,0,5,49,0,54,14,0,14,68
04/10/2012,BAZ,TX,ASW,CE,Federal Contract Tower,0,0,9,2,11,0,2,35,0,37,0,2,44,2,48,70,0,70,118
04/11/2012,BAZ,TX,ASW,CE,Federal Contract Tower,0,0,9,0,9,0,3,40,0,43,0,3,49,0,52,30,0,30,82
04/12/2012,BAZ,TX,ASW,CE,Federal Contract Tower,0,1,11,0,12,0,1,14,0,15,0,2,25,0,27,22,0,22,49
04/13/2012,BAZ,TX,ASW,CE,Federal Contract Tower,0,0,11,0,11,0,1,17,0,18,0,1,28,0,29,4,0,4,33
04/14/2012,BAZ,TX,ASW,CE,Federal Contract Tower,0,0,4,0,4,0,2,26,0,28,0,2,30,0,32,16,0,16,48
04/15/2012,BAZ,TX,ASW,CE,Federal Contract Tower,0,0,7,0,7,0,2,8,0,10,0,2,15,0,17,0,0,0,17
04/16/2012,BAZ,TX,ASW,CE,Federal Contract Tower,0,0,2,0,2,0,3,18,0,21,0,3,20,0,23,14,0,14,37
04/17/2012,BAZ,TX,ASW,CE,Federal Contract Tower,0,0,9,2,11,0,1,41,0,42,0,1,50,2,53,100,0,100,153
04/18/2012,BAZ,TX,ASW,CE,Federal Contract Tower,0,0,10,2,12,0,5,36,0,41,0,5,46,2,53,36,0,36,89
04/19/2012,BAZ,TX,ASW,CE,Federal Contract Tower,0,0,13,0,13,0,4,65,0,69,0,4,78,0,82,44,0,44,126
04/20/2012,BAZ,TX,ASW,CE,Federal Contract Tower,0,0,10,0,10,0,3,1,0,4,0,3,11,0,14,0,0,0,14
04/21/2012,BAZ,TX,ASW,CE,Federal Contract Tower,0,0,0,0,0,0,5,85,0,90,0,5,85,0,90,64,0,64,154
04/22/2012,BAZ,TX,ASW,CE,Federal Contract Tower,0,0,4,0,4,0,1,41,0,42,0,1,45,0,46,44,0,44,90
04/23/2012,BAZ,TX,ASW,CE,Federal Contract Tower,0,0,5,2,7,0,6,48,0,54,0,6,53,2,61,12,0,12,73
04/24/2012,BAZ,TX,ASW,CE,Federal Contract Tower,0,0,5,2,7,0,0,20,2,22,0,0,25,4,29,86,16,102,131
04/25/2012,BAZ,TX,ASW,CE,Federal Contract Tower,0,1,7,2,10,0,5,26,2,33,0,6,33,4,43,32,0,32,75
04/26/2012,BAZ,TX,ASW,CE,Federal Contract Tower,0,2,6,0,8,0,1,43,0,44,0,3,49,0,52,48,0,48,100
04/27/2012,BAZ,TX,ASW,CE,Federal Contract Tower,0,0,9,0,9,0,7,25,0,32,0,7,34,0,41,20,0,20,61
04/28/2012,BAZ,TX,ASW,CE,Federal Contract Tower,0,0,6,0,6,0,3,38,0,41,0,3,44,0,47,2,0,2,49
04/29/2012,BAZ,TX,ASW,CE,Federal Contract Tower,0,0,10,0,10,0,0,35,0,35,0,0,45,0,45,24,0,24,69
04/30/2012,BAZ,TX,ASW,CE,Federal Contract Tower,0,0,9,0,9,0,4,12,0,16,0,4,21,0,25,18,0,18,43
05/01/2012,BAZ,TX,ASW,CE,Federal Contract Tower,0,0,5,0,5,0,2,31,0,33,0,2,36,0,38,40,0,40,78
05/02/2012,BAZ,TX,ASW,CE,Federal Contract Tower,0,2,2,0,4,0,0,32,0,32,0,2,34,0,36,26,0,26,62
05/03/2012,BAZ,TX,ASW,CE,Federal Contract Tower,0,0,6,0,6,0,0,20,2,22,0,0,26,2,28,0,4,4,32
05/04/2012,BAZ,TX,ASW,CE,Federal Contract Tower,0,0,3,0,3,0,4,26,0,30,0,4,29,0,33,28,0,28,61
05/05/2012,BAZ,TX,ASW,CE,Federal Contract Tower,0,0,11,0,11,0,4,48,0,52,0,4,59,0,63,44,0,44,107
05/06/2012,BAZ,TX,ASW,CE,Federal Contract Tower,0,0,7,0,7,0,1,31,0,32,0,1,38,0,39,14,0,14,53
05/07/2012,BAZ,TX,ASW,CE,Federal Contract Tower,0,0,6,0,6,0,2,28,0,30,0,2,34,0,36,4,0,4,40
05/08/2012,BAZ,TX,ASW,CE,Federal Contract Tower,0,1,6,0,7,0,1,28,0,29,0,2,34,0,36,0,0,0,36
05/09/2012,BAZ,TX,ASW,CE,Federal Contract Tower,0,0,10,0,10,0,0,0,0,0,0,0,10,0,10,2,2,4,14
05/10/2012,BAZ,TX,ASW,CE,Federal Contract Tower,0,0,6,0,6,0,0,5,0,5,0,0,11,0,11,0,0,0,11
05/11/2012,BAZ,TX,ASW,CE,Federal Contract Tower,0,1,2,2,5,0,3,14,0,17,0,4,16,2,22,6,0,6,28
05/12/2012,BAZ,TX,ASW,CE,Federal Contract Tower,0,0,7,0,7,0,4,37,0,41,0,4,44,0,48,110,0,110,158
05/13/2012,BAZ,TX,ASW,CE,Federal Contract Tower,0,0,1,0,1,0,5,40,0,45,0,5,41,0,46,0,0,0,46
05/14/2012,BAZ,TX,ASW,CE,Federal Contract Tower,0,0,6,0,6,0,0,37,0,37,0,0,43,0,43,16,0,16,59
05/15/2012,BAZ,TX,ASW,CE,Federal Contract Tower,0,0,9,0,9,0,2,4,0,6,0,2,13,0,15,18,0,18,33
05/16/2012,BAZ,TX,ASW,CE,Federal Contract Tower,0,0,7,0,7,0,5,48,0,53,0,5,55,0,60,64,0,64,124
05/17/2012,BAZ,TX,ASW,CE,Federal Contract Tower,0,0,6,0,6,0,0,55,0,55,0,0,61,0,61,114,0,114,175
05/18/2012,BAZ,TX,ASW,CE,Federal Contract Tower,0,0,5,0,5,0,2,48,0,50,0,2,53,0,55,72,0,72,127
05/19/2012,BAZ,TX,ASW,CE,Federal Contract Tower,0,2,9,0,11,0,3,67,0,70,0,5,76,0,81,44,0,44,125
05/20/2012,BAZ,TX,ASW,CE,Federal Contract Tower,0,0,12,0,12,0,1,55,0,56,0,1,67,0,68,18,0,18,86
05/21/2012,BAZ,TX,ASW,CE,Federal Contract Tower,0,0,6,0,6,0,3,23,0,26,0,3,29,0,32,34,0,34,66
05/22/2012,BAZ,TX,ASW,CE,Federal Contract Tower,0,0,9,0,9,0,3,38,2,43,0,3,47,2,52,98,2,100,152
05/23/2012,BAZ,TX,ASW,CE,Federal Contract Tower,0,0,3,2,5,0,1,41,0,42,0,1,44,2,47,24,2,26,73
05/24/2012,BAZ,TX,ASW,CE,Federal Contract Tower,0,1,4,2,7,0,0,23,0,23,0,1,27,2,30,52,0,52,82
05/25/2012,BAZ,TX,ASW,CE,Federal Contract Tower,0,1,6,0,7,0,4,26,0,30,0,5,32,0,37,14,0,14,51
05/26/2012,BAZ,TX,ASW,CE,Federal Contract Tower,0,0,9,0,9,0,1,50,0,51,0,1,59,0,60,28,0,28,88
05/27/2012,BAZ,TX,ASW,CE,Federal Contract Tower,0,2,2,0,4,0,1,39,0,40,0,3,41,0,44,74,0,74,118
05/28/2012,BAZ,TX,ASW,CE,Federal Contract Tower,0,0,5,0,5,0,1,45,0,46,0,1,50,0,51,20,0,20,71
05/29/2012,BAZ,TX,ASW,CE,Federal Contract Tower,0,0,11,0,11,0,2,31,0,33,0,2,42,0,44,62,0,62,106
05/30/2012,BAZ,TX,ASW,CE,Federal Contract Tower,0,0,12,0,12,0,5,43,0,48,0,5,55,0,60,66,0,66,126
05/31/2012,BAZ,TX,ASW,CE,Federal Contract Tower,0,0,8,1,9,0,6,17,0,23,0,6,25,1,32,28,0,28,60
06/01/2012,BAZ,TX,ASW,CE,Federal Contract Tower,0,0,1,2,3,0,1,71,0,72,0,1,72,2,75,100,0,100,175
06/02/2012,BAZ,TX,ASW,CE,Federal Contract Tower,0,0,16,0,16,0,2,66,0,68,0,2,82,0,84,78,0,78,162
06/03/2012,BAZ,TX,ASW,CE,Federal Contract Tower,0,0,7,4,11,0,1,28,0,29,0,1,35,4,40,10,0,10,50
06/04/2012,BAZ,TX,ASW,CE,Federal Contract Tower,0,0,18,0,18,0,4,21,0,25,0,4,39,0,43,50,0,50,93
06/05/2012,BAZ,TX,ASW,CE,Federal Contract Tower,0,0,22,0,22,0,0,24,0,24,0,0,46,0,46,36,0,36,82
06/06/2012,BAZ,TX,ASW,CE,Federal Contract Tower,0,2,9,0,11,0,2,49,0,51,0,4,58,0,62,120,0,120,182
06/07/2012,BAZ,TX,ASW,CE,Federal Contract Tower,0,0,11,0,11,0,5,18,0,23,0,5,29,0,34,62,0,62,96
06/08/2012,BAZ,TX,ASW,CE,Federal Contract Tower,0,1,16,6,23,0,1,30,0,31,0,2,46,6,54,60,2,62,116
06/09/2012,BAZ,TX,ASW,CE,Federal Contract Tower,0,0,14,4,18,0,1,74,0,75,0,1,88,4,93,98,0,98,191
06/10/2012,BAZ,TX,ASW,CE,Federal Contract Tower,0,0,2,0,2,0,8,65,0,73,0,8,67,0,75,26,0,26,101
06/11/2012,BAZ,TX,ASW,CE,Federal Contract Tower,0,0,2,0,2,0,2,24,0,26,0,2,26,0,28,44,0,44,72
06/12/2012,BAZ,TX,ASW,CE,Federal Contract Tower,0,0,15,4,19,0,2,14,0,16,0,2,29,4,35,0,0,0,35
06/13/2012,BAZ,TX,ASW,CE,Federal Contract Tower,0,0,5,0,5,0,3,32,0,35,0,3,37,0,40,74,0,74,114
06/14/2012,BAZ,TX,ASW,CE,Federal Contract Tower,0,0,6,0,6,0,2,26,0,28,0,2,32,0,34,20,0,20,54
06/15/2012,BAZ,TX,ASW,CE,Federal Contract Tower,0,0,12,0,12,0,3,22,0,25,0,3,34,0,37,44,0,44,81
06/16/2012,BAZ,TX,ASW,CE,Federal Contract Tower,0,0,10,0,10,0,3,70,0,73,0,3,80,0,83,36,0,36,119
06/17/2012,BAZ,TX,ASW,CE,Federal Contract Tower,0,1,5,2,8,0,6,56,0,62,0,7,61,2,70,28,0,28,98
06/18/2012,BAZ,TX,ASW,CE,Federal Contract Tower,0,1,6,0,7,0,0,36,0,36,0,1,42,0,43,38,0,38,81
06/19/2012,BAZ,TX,ASW,CE,Federal Contract Tower,0,0,10,0,10,0,1,15,0,16,0,1,25,0,26,14,0,14,40
06/20/2012,BAZ,TX,ASW,CE,Federal Contract Tower,0,0,5,0,5,0,0,8,0,8,0,0,13,0,13,4,0,4,17
06/21/2012,BAZ,TX,ASW,CE,Federal Contract Tower,0,0,4,0,4,0,2,31,0,33,0,2,35,0,37,30,0,30,67
06/22/2012,BAZ,TX,ASW,CE,Federal Contract Tower,0,0,9,0,9,0,0,41,0,41,0,0,50,0,50,64,0,64,114
06/23/2012,BAZ,TX,ASW,CE,Federal Contract Tower,0,0,6,0,6,0,1,65,2,68,0,1,71,2,74,92,0,92,166
06/24/2012,BAZ,TX,ASW,CE,Federal Contract Tower,0,0,12,0,12,0,2,56,2,60,0,2,68,2,72,54,0,54,126
06/25/2012,BAZ,TX,ASW,CE,Federal Contract Tower,0,2,17,0,19,0,2,39,0,41,0,4,56,0,60,46,0,46,106
06/26/2012,BAZ,TX,ASW,CE,Federal Contract Tower,0,0,11,0,11,0,2,26,0,28,0,2,37,0,39,48,0,48,87
06/27/2012,BAZ,TX,ASW,CE,Federal Contract Tower,0,0,7,1,8,0,0,0,0,0,0,0,7,1,8,30,0,30,38
06/28/2012,BAZ,TX,ASW,CE,Federal Contract Tower,0,0,9,0,9,0,7,35,0,42,0,7,44,0,51,36,0,36,87
06/29/2012,BAZ,TX,ASW,CE,Federal Contract Tower,0,0,5,0,5,0,1,23,1,25,0,1,28,1,30,18,0,18,48
06/30/2012,BAZ,TX,ASW,CE,Federal Contract Tower,0,0,9,0,9,0,3,53,0,56,0,3,62,0,65,70,0,70,135
07/01/2012,BAZ,TX,ASW,CE,Federal Contract Tower,0,2,7,0,9,0,6,15,0,21,0,8,22,0,30,10,0,10,40
07/02/2012,BAZ,TX,ASW,CE,Federal Contract Tower,0,0,4,0,4,0,1,34,0,35,0,1,38,0,39,14,0,14,53
07/03/2012,BAZ,TX,ASW,CE,Federal Contract Tower,0,3,10,0,13,0,3,37,2,42,0,6,47,2,55,42,10,52,107
07/04/2012,BAZ,TX,ASW,CE,Federal Contract Tower,0,0,3,0,3,0,1,38,0,39,0,1,41,0,42,24,0,24,66
07/05/2012,BAZ,TX,ASW,CE,Federal Contract Tower,0,2,6,0,8,0,5,25,0,30,0,7,31,0,38,0,0,0,38
07/06/2012,BAZ,TX,ASW,CE,Federal Contract Tower,0,0,4,0,4,0,3,30,4,37,0,3,34,4,41,44,12,56,97
07/07/2012,BAZ,TX,ASW,CE,Federal Contract Tower,0,0,1,0,1,0,2,90,0,92,0,2,91,0,93,58,0,58,151
07/08/2012,BAZ,TX,ASW,CE,Federal Contract Tower,0,0,11,0,11,0,3,30,0,33,0,3,41,0,44,8,0,8,52
07/09/2012,BAZ,TX,ASW,CE,Federal Contract Tower,0,0,6,0,6,0,3,18,0,21,0,3,24,0,27,12,0,12,39
07/10/2012,BAZ,TX,ASW,CE,Federal Contract Tower,0,0,9,0,9,0,2,8,0,10,0,2,17,0,19,0,0,0,19
07/11/2012,BAZ,TX,ASW,CE,Federal Contract Tower,0,1,10,0,11,0,1,0,0,1,0,2,10,0,12,0,0,0,12
07/12/2012,BAZ,TX,ASW,CE,Federal Contract Tower,0,0,5,0,5,0,2,23,0,25,0,2,28,0,30,42,0,42,72
07/13/2012,BAZ,TX,ASW,CE,Federal Contract Tower,0,0,10,0,10,0,2,22,0,24,0,2,32,0,34,58,0,58,92
07/14/2012,BAZ,TX,ASW,CE,Federal Contract Tower,0,0,7,0,7,0,0,27,0,27,0,0,34,0,34,6,0,6,40
07/15/2012,BAZ,TX,ASW,CE,Federal Contract Tower,0,0,3,0,3,0,0,41,0,41,0,0,44,0,44,50,0,50,94
07/16/2012,BAZ,TX,ASW,CE,Federal Contract Tower,0,0,7,1,8,0,2,19,0,21,0,2,26,1,29,70,0,70,99
07/17/2012,BAZ,TX,ASW,CE,Federal Contract Tower,0,0,15,0,15,0,4,5,0,9,0,4,20,0,24,10,0,10,34
07/18/2012,BAZ,TX,ASW,CE,Federal Contract Tower,0,0,1,0,1,0,5,29,0,34,0,5,30,0,35,52,0,52,87
07/19/2012,BAZ,TX,ASW,CE,Federal Contract Tower,0,2,2,0,4,0,4,31,0,35,0,6,33,0,39,64,0,64,103
07/20/2012,BAZ,TX,ASW,CE,Federal Contract Tower,0,0,7,0,7,0,4,27,0,31,0,4,34,0,38,24,0,24,62
07/21/2012,BAZ,TX,ASW,CE,Federal Contract Tower,0,0,0,0,0,0,2,71,0,73,0,2,71,0,73,30,0,30,103
07/22/2012,BAZ,TX,ASW,CE,Federal Contract Tower,0,0,7,4,11,0,4,34,0,38,0,4,41,4,49,32,0,32,81
07/23/2012,BAZ,TX,ASW,CE,Federal Contract Tower,0,2,6,0,8,0,0,12,0,12,0,2,18,0,20,24,0,24,44
07/24/2012,BAZ,TX,ASW,CE,Federal Contract Tower,0,0,7,0,7,0,6,28,0,34,0,6,35,0,41,36,0,36,77
07/25/2012,BAZ,TX,ASW,CE,Federal Contract Tower,0,0,16,0,16,0,3,37,0,40,0,3,53,0,56,42,0,42,98
07/26/2012,BAZ,TX,ASW,CE,Federal Contract Tower,0,1,13,0,14,0,0,27,0,27,0,1,40,0,41,52,0,52,93
07/27/2012,BAZ,TX,ASW,CE,Federal Contract Tower,0,0,8,2,10,0,0,28,0,28,0,0,36,2,38,2,0,2,40
07/28/2012,BAZ,TX,ASW,CE,Federal Contract Tower,0,0,5,0,5,0,2,48,0,50,0,2,53,0,55,46,0,46,101
07/29/2012,BAZ,TX,ASW,CE,Federal Contract Tower,0,0,8,0,8,0,3,37,0,40,0,3,45,0,48,14,0,14,62
07/30/2012,BAZ,TX,ASW,CE,Federal Contract Tower,0,0,4,0,4,0,2,31,0,33,0,2,35,0,37,44,0,44,81
07/31/2012,BAZ,TX,ASW,CE,Federal Contract Tower,0,0,4,0,4,0,3,33,0,36,0,3,37,0,40,58,0,58,98
08/01/2012,BAZ,TX,ASW,CE,Federal Contract Tower,0,0,4,0,4,0,2,42,0,44,0,2,46,0,48,54,0,54,102
08/02/2012,BAZ,TX,ASW,CE,Federal Contract Tower,0,0,6,0,6,0,5,41,0,46,0,5,47,0,52,28,0,28,80
08/03/2012,BAZ,TX,ASW,CE,Federal Contract Tower,0,0,3,0,3,0,1,28,0,29,0,1,31,0,32,44,0,44,76
08/04/2012,BAZ,TX,ASW,CE,Federal Contract Tower,0,0,7,0,7,0,6,57,0,63,0,6,64,0,70,44,0,44,114
08/05/2012,BAZ,TX,ASW,CE,Federal Contract Tower,0,0,5,0,5,0,5,44,0,49,0,5,49,0,54,8,0,8,62
08/06/2012,BAZ,TX,ASW,CE,Federal Contract Tower,0,0,1,0,1,0,2,29,0,31,0,2,30,0,32,112,0,112,144
08/07/2012,BAZ,TX,ASW,CE,Federal Contract Tower,0,0,5,0,5,0,2,29,0,31,0,2,34,0,36,52,0,52,88
08/08/2012,BAZ,TX,ASW,CE,Federal Contract Tower,0,0,2,2,4,0,3,39,0,42,0,3,41,2,46,26,0,26,72
08/09/2012,BAZ,TX,ASW,CE,Federal Contract Tower,0,1,6,0,7,0,1,32,0,33,0,2,38,0,40,44,0,44,84
08/10/2012,BAZ,TX,ASW,CE,Federal Contract Tower,0,1,4,0,5,0,2,38,0,40,0,3,42,0,45,28,0,28,73
08/11/2012,BAZ,TX,ASW,CE,Federal Contract Tower,0,0,7,0,7,0,3,56,0,59,0,3,63,0,66,36,0,36,102
08/12/2012,BAZ,TX,ASW,CE,Federal Contract Tower,0,0,5,0,5,0,0,36,0,36,0,0,41,0,41,28,0,28,69
08/13/2012,BAZ,TX,ASW,CE,Federal Contract Tower,0,0,7,2,9,0,2,40,0,42,0,2,47,2,51,66,2,68,119
08/14/2012,BAZ,TX,ASW,CE,Federal Contract Tower,0,0,5,3,8,0,0,22,1,23,0,0,27,4,31,92,0,92,123
08/15/2012,BAZ,TX,ASW,CE,Federal Contract Tower,0,0,8,0,8,0,4,47,4,55,0,4,55,4,63,10,0,10,73
08/16/2012,BAZ,TX,ASW,CE,Federal Contract Tower,0,0,5,0,5,0,0,37,0,37,0,0,42,0,42,104,0,104,146
08/17/2012,BAZ,TX,ASW,CE,Federal Contract Tower,0,0,6,0,6,0,1,30,0,31,0,1,36,0,37,4,0,4,41
08/18/2012,BAZ,TX,ASW,CE,Federal Contract Tower,0,0,2,0,2,0,6,61,0,67,0,6,63,0,69,28,0,28,97
08/19/2012,BAZ,TX,ASW,CE,Federal Contract Tower,0,0,13,0,13,0,6,14,0,20,0,6,27,0,33,40,0,40,73
08/20/2012,BAZ,TX,ASW,CE,Federal Contract Tower,0,0,10,0,10,0,0,22,0,22,0,0,32,0,32,70,0,70,102
08/21/2012,BAZ,TX,ASW,CE,Federal Contract Tower,0,0,8,0,8,0,0,34,0,34,0,0,42,0,42,66,0,66,108
08/22/2012,BAZ,TX,ASW,CE,Federal Contract Tower,0,0,7,0,7,0,0,42,0,42,0,0,49,0,49,18,0,18,67
08/23/2012,BAZ,TX,ASW,CE,Federal Contract Tower,0,1,7,0,8,0,4,23,0,27,0,5,30,0,35,32,0,32,67
08/24/2012,BAZ,TX,ASW,CE,Federal Contract Tower,0,0,10,0,10,0,0,29,0,29,0,0,39,0,39,74,0,74,113
08/25/2012,BAZ,TX,ASW,CE,Federal Contract Tower,0,0,9,0,9,0,1,47,0,48,0,1,56,0,57,12,0,12,69
08/26/2012,BAZ,TX,ASW,CE,Federal Contract Tower,0,0,5,0,5,0,0,20,0,20,0,0,25,0,25,24,0,24,49
08/27/2012,BAZ,TX,ASW,CE,Federal Contract Tower,0,0,10,0,10,0,0,32,0,32,0,0,42,0,42,42,0,42,84
08/28/2012,BAZ,TX,ASW,CE,Federal Contract Tower,0,1,5,0,6,0,2,30,0,32,0,3,35,0,38,12,0,12,50
08/29/2012,BAZ,TX,ASW,CE,Federal Contract Tower,0,0,17,2,19,0,1,46,2,49,0,1,63,4,68,14,0,14,82
08/30/2012,BAZ,TX,ASW,CE,Federal Contract Tower,0,0,2,0,2,0,0,48,0,48,0,0,50,0,50,60,0,60,110
08/31/2012,BAZ,TX,ASW,CE,Federal Contract Tower,0,2,10,0,12,0,5,21,0,26,0,7,31,0,38,8,0,8,46
09/01/2012,BAZ,TX,ASW,CE,Federal Contract Tower,0,0,11,0,11,0,4,28,0,32,0,4,39,0,43,18,0,18,61
09/02/2012,BAZ,TX,ASW,CE,Federal Contract Tower,0,0,3,0,3,0,1,8,0,9,0,1,11,0,12,0,0,0,12
09/03/2012,BAZ,TX,ASW,CE,Federal Contract Tower,0,0,8,0,8,0,1,50,0,51,0,1,58,0,59,34,0,34,93
09/04/2012,BAZ,TX,ASW,CE,Federal Contract Tower,0,0,3,2,5,0,1,36,0,37,0,1,39,2,42,46,0,46,88
09/05/2012,BAZ,TX,ASW,CE,Federal Contract Tower,0,0,6,0,6,0,0,46,0,46,0,0,52,0,52,10,0,10,62
09/06/2012,BAZ,TX,ASW,CE,Federal Contract Tower,0,0,1,0,1,0,31,0,0,31,0,31,1,0,32,28,0,28,60
09/07/2012,BAZ,TX,ASW,CE,Federal Contract Tower,0,0,2,0,2,0,0,37,1,38,0,0,39,1,40,16,0,16,56
09/08/2012,BAZ,TX,ASW,CE,Federal Contract Tower,0,0,1,0,1,0,5,23,0,28,0,5,24,0,29,2,0,2,31
09/09/2012,BAZ,TX,ASW,CE,Federal Contract Tower,0,0,1,2,3,0,2,45,0,47,0,2,46,2,50,32,0,32,82
09/10/2012,BAZ,TX,ASW,CE,Federal Contract Tower,0,0,4,0,4,0,2,27,0,29,0,2,31,0,33,44,0,44,77
09/11/2012,BAZ,TX,ASW,CE,Federal Contract Tower,0,0,6,0,6,0,0,41,0,41,0,0,47,0,47,74,0,74,121
09/12/2012,BAZ,TX,ASW,CE,Federal Contract Tower,0,0,14,0,14,0,0,26,0,26,0,0,40,0,40,18,0,18,58
09/13/2012,BAZ,TX,ASW,CE,Federal Contract Tower,0,0,4,0,4,0,2,17,0,19,0,2,21,0,23,2,0,2,25
09/14/2012,BAZ,TX,ASW,CE,Federal Contract Tower,0,2,7,0,9,0,2,1,0,3,0,4,8,0,12,12,0,12,24
09/15/2012,BAZ,TX,ASW,CE,Federal Contract Tower,0,0,5,0,5,0,2,16,0,18,0,2,21,0,23,20,0,20,43
09/16/2012,BAZ,TX,ASW,CE,Federal Contract Tower,0,0,8,0,8,0,2,4,0,6,0,2,12,0,14,0,0,0,14
09/17/2012,BAZ,TX,ASW,CE,Federal Contract Tower,0,0,7,0,7,0,3,32,0,35,0,3,39,0,42,58,0,58,100
09/18/2012,BAZ,TX,ASW,CE,Federal Contract Tower,0,0,0,0,0,0,6,23,0,29,0,6,23,0,29,48,0,48,77
09/19/2012,BAZ,TX,ASW,CE,Federal Contract Tower,0,0,8,0,8,0,1,71,0,72,0,1,79,0,80,50,0,50,130
09/20/2012,BAZ,TX,ASW,CE,Federal Contract Tower,0,0,2,0,2,0,2,23,0,25,0,2,25,0,27,42,0,42,69
09/21/2012,BAZ,TX,ASW,CE,Federal Contract Tower,0,0,9,4,13,0,2,35,2,39,0,2,44,6,52,20,0,20,72
09/22/2012,BAZ,TX,ASW,CE,Federal Contract Tower,0,0,1,0,1,0,4,71,0,75,0,4,72,0,76,42,0,42,118
09/23/2012,BAZ,TX,ASW,CE,Federal Contract Tower,0,1,9,0,10,0,0,55,0,55,0,1,64,0,65,28,0,28,93
09/24/2012,BAZ,TX,ASW,CE,Federal Contract Tower,0,0,8,0,8,0,2,37,0,39,0,2,45,0,47,56,0,56,103
09/25/2012,BAZ,TX,ASW,CE,Federal Contract Tower,0,0,6,0,6,0,3,24,0,27,0,3,30,0,33,38,0,38,71
09/26/2012,BAZ,TX,ASW,CE,Federal Contract Tower,0,0,11,0,11,0,2,38,0,40,0,2,49,0,51,46,0,46,97
09/27/2012,BAZ,TX,ASW,CE,Federal Contract Tower,0,3,15,0,18,0,3,20,0,23,0,6,35,0,41,62,0,62,103
09/28/2012,BAZ,TX,ASW,CE,Federal Contract Tower,0,1,7,1,9,0,0,26,0,26,0,1,33,1,35,27,0,27,62
09/29/2012,BAZ,TX,ASW,CE,Federal Contract Tower,0,0,3,0,3,0,2,2,0,4,0,2,5,0,7,0,0,0,7
09/30/2012,BAZ,TX,ASW,CE,Federal Contract Tower,0,0,5,0,5,0,0,14,0,14,0,0,19,0,19,22,0,22,41
10/01/2012,BAZ,TX,ASW,CE,Federal Contract Tower,0,0,6,0,6,1,8,29,0,38,1,8,35,0,44,57,0,57,101
10/02/2012,BAZ,TX,ASW,CE,Federal Contract Tower,0,0,6,1,7,0,3,28,0,31,0,3,34,1,38,47,2,49,87
10/03/2012,BAZ,TX,ASW,CE,Federal Contract Tower,0,0,2,0,2,0,1,56,0,57,0,1,58,0,59,38,0,38,97
10/04/2012,BAZ,TX,ASW,CE,Federal Contract Tower,0,0,11,0,11,0,3,19,0,22,0,3,30,0,33,0,0,0,33
10/05/2012,BAZ,TX,ASW,CE,Federal Contract Tower,0,2,6,0,8,0,2,25,0,27,0,4,31,0,35,50,0,50,85
10/06/2012,BAZ,TX,ASW,CE,Federal Contract Tower,0,0,6,4,10,0,5,24,0,29,0,5,30,4,39,40,0,40,79
10/07/2012,BAZ,TX,ASW,CE,Federal Contract Tower,0,0,4,0,4,0,0,12,0,12,0,0,16,0,16,36,0,36,52
10/08/2012,BAZ,TX,ASW,CE,Federal Contract Tower,0,0,5,0,5,0,5,33,0,38,0,5,38,0,43,80,0,80,123
10/09/2012,BAZ,TX,ASW,CE,Federal Contract Tower,0,0,12,0,12,0,0,12,0,12,0,0,24,0,24,14,0,14,38
10/10/2012,BAZ,TX,ASW,CE,Federal Contract Tower,0,2,13,0,15,0,1,28,0,29,0,3,41,0,44,30,0,30,74
10/11/2012,BAZ,TX,ASW,CE,Federal Contract Tower,0,0,7,0,7,0,4,16,0,20,0,4,23,0,27,22,0,22,49
10/12/2012,BAZ,TX,ASW,CE,Federal Contract Tower,0,2,6,0,8,0,2,31,0,33,0,4,37,0,41,30,0,30,71
10/13/2012,BAZ,TX,ASW,CE,Federal Contract Tower,0,0,10,4,14,0,5,8,0,13,0,5,18,4,27,18,14,32,59
10/14/2012,BAZ,TX,ASW,CE,Federal Contract Tower,0,2,5,0,7,0,9,22,0,31,0,11,27,0,38,18,0,18,56
10/15/2012,BAZ,TX,ASW,CE,Federal Contract Tower,0,0,5,0,5,1,8,26,0,35,1,8,31,0,40,57,0,57,97
10/16/2012,BAZ,TX,ASW,CE,Federal Contract Tower,0,2,12,0,14,0,4,16,0,20,0,6,28,0,34,12,0,12,46
10/17/2012,BAZ,TX,ASW,CE,Federal Contract Tower,0,0,5,2,7,0,2,36,0,38,0,2,41,2,45,62,0,62,107
10/18/2012,BAZ,TX,ASW,CE,Federal Contract Tower,0,0,12,0,12,0,0,37,0,37,0,0,49,0,49,26,0,26,75
10/19/2012,BAZ,TX,ASW,CE,Federal Contract Tower,0,0,1,0,1,0,0,68,0,68,0,0,69,0,69,50,0,50,119
10/20/2012,BAZ,TX,ASW,CE,Federal Contract Tower,0,0,9,0,9,0,7,63,0,70,0,7,72,0,79,12,0,12,91
10/21/2012,BAZ,TX,ASW,CE,Federal Contract Tower,0,2,3,0,5,0,6,32,0,38,0,8,35,0,43,24,0,24,67
10/22/2012,BAZ,TX,ASW,CE,Federal Contract Tower,0,0,4,0,4,0,3,18,2,23,0,3,22,2,27,58,0,58,85
10/23/2012,BAZ,TX,ASW,CE,Federal Contract Tower,0,0,3,2,5,0,1,28,0,29,0,1,31,2,34,98,12,110,144
10/24/2012,BAZ,TX,ASW,CE,Federal Contract Tower,0,0,6,0,6,0,0,39,0,39,0,0,45,0,45,28,0,28,73
10/25/2012,BAZ,TX,ASW,CE,Federal Contract Tower,0,1,1,0,2,0,4,32,0,36,0,5,33,0,38,32,0,32,70
10/26/2012,BAZ,TX,ASW,CE,Federal Contract Tower,0,2,11,0,13,0,2,14,0,16,0,4,25,0,29,34,0,34,63
10/27/2012,BAZ,TX,ASW,CE,Federal Contract Tower,0,0,4,0,4,0,2,41,0,43,0,2,45,0,47,12,0,12,59
10/28/2012,BAZ,TX,ASW,CE,Federal Contract Tower,0,1,1,2,4,0,3,46,0,49,0,4,47,2,53,18,0,18,71
10/29/2012,BAZ,TX,ASW,CE,Federal Contract Tower,0,0,4,0,4,0,2,35,0,37,0,2,39,0,41,48,0,48,89
10/30/2012,BAZ,TX,ASW,CE,Federal Contract Tower,0,0,7,0,7,0,10,46,0,56,0,10,53,0,63,46,0,46,109
10/31/2012,BAZ,TX,ASW,CE,Federal Contract Tower,0,0,4,2,6,0,0,62,0,62,0,0,66,2,68,52,0,52,120
11/01/2012,BAZ,TX,ASW,CE,Federal Contract Tower,0,0,9,0,9,0,2,33,2,37,0,2,42,2,46,60,0,60,106
11/02/2012,BAZ,TX,ASW,CE,Federal Contract Tower,0,0,10,0,10,0,0,50,0,50,0,0,60,0,60,82,0,82,142
11/03/2012,BAZ,TX,ASW,CE,Federal Contract Tower,0,0,7,0,7,0,0,26,0,26,0,0,33,0,33,24,0,24,57
11/04/2012,BAZ,TX,ASW,CE,Federal Contract Tower,0,0,6,0,6,0,4,64,0,68,0,4,70,0,74,80,0,80,154
11/05/2012,BAZ,TX,ASW,CE,Federal Contract Tower,0,0,7,0,7,4,44,0,0,48,4,44,7,0,55,78,0,78,133
11/06/2012,BAZ,TX,ASW,CE,Federal Contract Tower,0,0,6,3,9,0,2,43,0,45,0,2,49,3,54,58,30,88,142
11/07/2012,BAZ,TX,ASW,CE,Federal Contract Tower,0,0,2,0,2,0,1,72,0,73,0,1,74,0,75,94,0,94,169
11/08/2012,BAZ,TX,ASW,CE,Federal Contract Tower,0,0,4,0,4,0,4,21,3,28,0,4,25,3,32,26,0,26,58
11/09/2012,BAZ,TX,ASW,CE,Federal Contract Tower,0,3,6,0,9,0,3,30,0,33,0,6,36,0,42,38,0,38,80
11/10/2012,BAZ,TX,ASW,CE,Federal Contract Tower,0,0,5,0,5,0,1,39,0,40,0,1,44,0,45,42,0,42,87
11/11/2012,BAZ,TX,ASW,CE,Federal Contract Tower,0,0,4,0,4,0,2,21,0,23,0,2,25,0,27,22,0,22,49
11/12/2012,BAZ,TX,ASW,CE,Federal Contract Tower,0,2,3,0,5,0,2,27,0,29,0,4,30,0,34,34,0,34,68
11/13/2012,BAZ,TX,ASW,CE,Federal Contract Tower,0,0,2,0,2,0,7,26,2,35,0,7,28,2,37,14,2,16,53
11/14/2012,BAZ,TX,ASW,CE,Federal Contract Tower,0,2,5,4,11,0,4,46,1,51,0,6,51,5,62,38,10,48,110
11/15/2012,BAZ,TX,ASW,CE,Federal Contract Tower,0,0,5,0,5,0,6,39,0,45,0,6,44,0,50,54,0,54,104
11/16/2012,BAZ,TX,ASW,CE,Federal Contract Tower,0,0,1,0,1,0,2,49,0,51,0,2,50,0,52,16,0,16,68
11/17/2012,BAZ,TX,ASW,CE,Federal Contract Tower,0,0,3,0,3,0,10,81,0,91,0,10,84,0,94,110,0,110,204
11/18/2012,BAZ,TX,ASW,CE,Federal Contract Tower,0,0,5,0,5,0,1,45,0,46,0,1,50,0,51,58,0,58,109
11/19/2012,BAZ,TX,ASW,CE,Federal Contract Tower,0,0,0,2,2,0,2,29,0,31,0,2,29,2,33,70,0,70,103
11/20/2012,BAZ,TX,ASW,CE,Federal Contract Tower,0,1,4,0,5,0,3,38,0,41,0,4,42,0,46,84,0,84,130
11/21/2012,BAZ,TX,ASW,CE,Federal Contract Tower,0,1,7,0,8,0,5,51,0,56,0,6,58,0,64,82,0,82,146
11/22/2012,BAZ,TX,ASW,CE,Federal Contract Tower,0,0,2,0,2,0,0,15,0,15,0,0,17,0,17,0,0,0,17
11/23/2012,BAZ,TX,ASW,CE,Federal Contract Tower,0,0,6,0,6,0,0,28,0,28,0,0,34,0,34,24,0,24,58
11/24/2012,BAZ,TX,ASW,CE,Federal Contract Tower,0,0,3,0,3,0,5,85,0,90,0,5,88,0,93,56,0,56,149
11/25/2012,BAZ,TX,ASW,CE,Federal Contract Tower,0,0,3,0,3,0,5,37,0,42,0,5,40,0,45,18,0,18,63
11/26/2012,BAZ,TX,ASW,CE,Federal Contract Tower,0,5,8,0,13,0,0,22,0,22,0,5,30,0,35,14,0,14,49
11/27/2012,BAZ,TX,ASW,CE,Federal Contract Tower,0,0,5,6,11,0,0,43,0,43,0,0,48,6,54,36,0,36,90
11/28/2012,BAZ,TX,ASW,CE,Federal Contract Tower,0,0,11,0,11,0,0,53,0,53,0,0,64,0,64,66,0,66,130
11/29/2012,BAZ,TX,ASW,CE,Federal Contract Tower,0,0,6,0,6,0,2,24,0,26,0,2,30,0,32,54,0,54,86
11/30/2012,BAZ,TX,ASW,CE,Federal Contract Tower,0,0,9,4,13,0,5,26,0,31,0,5,35,4,44,22,0,22,66
12/01/2012,BAZ,TX,ASW,CE,Federal Contract Tower,0,0,6,0,6,0,5,54,0,59,0,5,60,0,65,4,0,4,69
12/02/2012,BAZ,TX,ASW,CE,Federal Contract Tower,0,0,12,0,12,0,5,14,0,19,0,5,26,0,31,10,0,10,41
12/03/2012,BAZ,TX,ASW,CE,Federal Contract Tower,0,0,2,0,2,0,2,21,0,23,0,2,23,0,25,48,0,48,73
12/04/2012,BAZ,TX,ASW,CE,Federal Contract Tower,0,0,6,6,12,0,0,14,0,14,0,0,20,6,26,40,0,40,66
12/05/2012,BAZ,TX,ASW,CE,Federal Contract Tower,0,0,6,2,8,0,0,78,0,78,0,0,84,2,86,136,0,136,222
12/06/2012,BAZ,TX,ASW,CE,Federal Contract Tower,0,0,5,0,5,0,1,25,0,26,0,1,30,0,31,8,0,8,39
12/07/2012,BAZ,TX,ASW,CE,Federal Contract Tower,0,1,12,2,15,0,3,21,1,25,0,4,33,3,40,32,24,56,96
12/08/2012,BAZ,TX,ASW,CE,Federal Contract Tower,0,0,5,0,5,0,2,9,0,11,0,2,14,0,16,20,0,20,36
12/09/2012,BAZ,TX,ASW,CE,Federal Contract Tower,0,1,4,0,5,0,0,3,0,3,0,1,7,0,8,0,0,0,8
12/10/2012,BAZ,TX,ASW,CE,Federal Contract Tower,0,0,4,2,6,0,2,21,0,23,0,2,25,2,29,10,24,34,63
12/11/2012,BAZ,TX,ASW,CE,Federal Contract Tower,0,0,2,0,2,0,5,32,0,37,0,5,34,0,39,116,0,116,155
12/12/2012,BAZ,TX,ASW,CE,Federal Contract Tower,0,1,9,1,11,0,0,79,13,92,0,1,88,14,103,112,6,118,221
12/13/2012,BAZ,TX,ASW,CE,Federal Contract Tower,0,1,3,0,4,0,2,45,0,47,0,3,48,0,51,42,0,42,93
12/14/2012,BAZ,TX,ASW,CE,Federal Contract Tower,0,0,13,0,13,0,0,4,0,4,0,0,17,0,17,14,0,14,31
12/15/2012,BAZ,TX,ASW,CE,Federal Contract Tower,0,0,14,0,14,0,2,31,0,33,0,2,45,0,47,42,0,42,89
12/16/2012,BAZ,TX,ASW,CE,Federal Contract Tower,0,2,13,0,15,0,2,28,0,30,0,4,41,0,45,32,0,32,77
12/17/2012,BAZ,TX,ASW,CE,Federal Contract Tower,0,0,9,0,9,0,4,25,0,29,0,4,34,0,38,74,0,74,112
12/18/2012,BAZ,TX,ASW,CE,Federal Contract Tower,0,0,7,4,11,0,4,38,0,42,0,4,45,4,53,86,0,86,139
12/19/2012,BAZ,TX,ASW,CE,Federal Contract Tower,0,0,10,0,10,0,2,31,0,33,0,2,41,0,43,0,0,0,43
12/20/2012,BAZ,TX,ASW,CE,Federal Contract Tower,0,0,8,0,8,0,3,9,0,12,0,3,17,0,20,14,0,14,34
12/21/2012,BAZ,TX,ASW,CE,Federal Contract Tower,0,0,10,1,11,0,4,104,1,109,0,4,114,2,120,78,0,78,198
12/22/2012,BAZ,TX,ASW,CE,Federal Contract Tower,0,0,2,0,2,0,2,58,2,62,0,2,60,2,64,16,0,16,80
12/23/2012,BAZ,TX,ASW,CE,Federal Contract Tower,0,0,2,0,2,0,5,37,0,42,0,5,39,0,44,12,0,12,56
12/24/2012,BAZ,TX,ASW,CE,Federal Contract Tower,0,0,4,0,4,0,5,8,0,13,0,5,12,0,17,6,0,6,23
12/25/2012,BAZ,TX,ASW,CE,Federal Contract Tower,0,0,1,0,1,0,2,3,0,5,0,2,4,0,6,0,0,0,6
12/26/2012,BAZ,TX,ASW,CE,Federal Contract Tower,0,0,1,0,1,0,1,31,0,32,0,1,32,0,33,12,0,12,45
12/27/2012,BAZ,TX,ASW,CE,Federal Contract Tower,0,0,18,0,18,0,1,2,0,3,0,1,20,0,21,0,0,0,21
12/28/2012,BAZ,TX,ASW,CE,Federal Contract Tower,0,0,10,0,10,0,2,25,0,27,0,2,35,0,37,30,0,30,67
12/29/2012,BAZ,TX,ASW,CE,Federal Contract Tower,0,0,3,0,3,0,2,57,0,59,0,2,60,0,62,14,0,14,76
12/30/2012,BAZ,TX,ASW,CE,Federal Contract Tower,0,0,6,0,6,0,7,35,0,42,0,7,41,0,48,24,0,24,72
12/31/2012,BAZ,TX,ASW,CE,Federal Contract Tower,0,0,2,0,2,0,0,0,0,0,0,0,2,0,2,0,0,0,2
01/01/2013,BAZ,TX,ASW,CE,Federal Contract Tower,0,0,2,0,2,0,4,4,0,8,0,4,6,0,10,6,0,6,16
01/02/2013,BAZ,TX,ASW,CE,Federal Contract Tower,0,0,2,0,2,0,7,32,4,43,0,7,34,4,45,0,0,0,45
01/03/2013,BAZ,TX,ASW,CE,Federal Contract Tower,0,0,6,0,6,0,1,27,0,28,0,1,33,0,34,0,0,0,34
01/04/2013,BAZ,TX,ASW,CE,Federal Contract Tower,0,0,2,0,2,0,2,3,0,5,0,2,5,0,7,0,0,0,7
01/05/2013,BAZ,TX,ASW,CE,Federal Contract Tower,0,0,7,0,7,0,0,42,0,42,0,0,49,0,49,68,0,68,117
01/06/2013,BAZ,TX,ASW,CE,Federal Contract Tower,0,0,2,0,2,0,3,53,0,56,0,3,55,0,58,30,0,30,88
01/07/2013,BAZ,TX,ASW,CE,Federal Contract Tower,0,0,1,0,1,0,2,14,0,16,0,2,15,0,17,0,0,0,17
01/08/2013,BAZ,TX,ASW,CE,Federal Contract Tower,0,0,1,0,1,0,0,0,0,0,0,0,1,0,1,0,0,0,1
01/09/2013,BAZ,TX,ASW,CE,Federal Contract Tower,0,2,0,0,2,0,1,5,0,6,0,3,5,0,8,12,0,12,20
01/10/2013,BAZ,TX,ASW,CE,Federal Contract Tower,0,0,10,0,10,0,2,42,0,44,0,2,52,0,54,22,0,22,76
01/11/2013,BAZ,TX,ASW,CE,Federal Contract Tower,0,0,5,0,5,0,4,16,0,20,0,4,21,0,25,20,0,20,45
01/12/2013,BAZ,TX,ASW,CE,Federal Contract Tower,0,0,15,0,15,0,2,1,0,3,0,2,16,0,18,0,0,0,18
01/13/2013,BAZ,TX,ASW,CE,Federal Contract Tower,0,0,3,0,3,0,3,28,0,31,0,3,31,0,34,12,0,12,46
01/14/2013,BAZ,TX,ASW,CE,Federal Contract Tower,0,0,10,0,10,0,1,24,1,26,0,1,34,1,36,36,6,42,78
01/15/2013,BAZ,TX,ASW,CE,Federal Contract Tower,0,0,4,1,5,0,1,3,0,4,0,1,7,1,9,0,0,0,9
01/16/2013,BAZ,TX,ASW,CE,Federal Contract Tower,0,0,3,0,3,0,0,48,0,48,0,0,51,0,51,62,0,62,113
01/17/2013,BAZ,TX,ASW,CE,Federal Contract Tower,0,0,5,0,5,0,4,34,0,38,0,4,39,0,43,64,0,64,107
01/18/2013,BAZ,TX,ASW,CE,Federal Contract Tower,0,0,11,0,11,0,2,39,0,41,0,2,50,0,52,28,0,28,80
01/19/2013,BAZ,TX,ASW,CE,Federal Contract Tower,0,0,0,0,0,0,6,66,0,72,0,6,66,0,72,64,0,64,136
01/20/2013,BAZ,TX,ASW,CE,Federal Contract Tower,0,0,6,0,6,0,3,52,0,55,0,3,58,0,61,40,0,40,101
01/21/2013,BAZ,TX,ASW,CE,Federal Contract Tower,0,1,8,0,9,0,2,43,0,45,0,3,51,0,54,78,0,78,132
01/22/2013,BAZ,TX,ASW,CE,Federal Contract Tower,0,0,4,1,5,0,2,17,0,19,0,2,21,1,24,48,1,49,73
01/23/2013,BAZ,TX,ASW,CE,Federal Contract Tower,0,0,7,0,7,0,1,41,0,42,0,1,48,0,49,46,0,46,95
01/24/2013,BAZ,TX,ASW,CE,Federal Contract Tower,0,0,9,0,9,0,0,28,0,28,0,0,37,0,37,20,0,20,57
01/25/2013,BAZ,TX,ASW,CE,Federal Contract Tower,0,0,9,0,9,0,4,38,2,44,0,4,47,2,53,82,4,86,139
01/26/2013,BAZ,TX,ASW,CE,Federal Contract Tower,0,0,10,0,10,0,2,7,0,9,0,2,17,0,19,6,0,6,25
01/27/2013,BAZ,TX,ASW,CE,Federal Contract Tower,0,0,11,0,11,0,2,12,0,14,0,2,23,0,25,4,0,4,29
01/28/2013,BAZ,TX,ASW,CE,Federal Contract Tower,0,0,7,0,7,0,4,5,0,9,0,4,12,0,16,0,0,0,16
01/29/2013,BAZ,TX,ASW,CE,Federal Contract Tower,0,0,9,0,9,0,2,14,0,16,0,2,23,0,25,10,0,10,35
01/30/2013,BAZ,TX,ASW,CE,Federal Contract Tower,0,4,5,0,9,0,3,43,0,46,0,7,48,0,55,16,0,16,71
01/31/2013,BAZ,TX,ASW,CE,Federal Contract Tower,0,2,2,0,4,0,0,56,2,58,0,2,58,2,62,134,6,140,202
02/01/2013,BAZ,TX,ASW,CE,Federal Contract Tower,0,0,3,0,3,0,4,61,0,65,0,4,64,0,68,62,0,62,130
02/02/2013,BAZ,TX,ASW,CE,Federal Contract Tower,0,0,1,0,1,0,2,97,0,99,0,2,98,0,100,180,0,180,280
02/03/2013,BAZ,TX,ASW,CE,Federal Contract Tower,0,1,4,0,5,0,8,53,0,61,0,9,57,0,66,106,0,106,172
02/04/2013,BAZ,TX,ASW,CE,Federal Contract Tower,0,3,9,2,14,0,0,24,0,24,0,3,33,2,38,86,0,86,124
02/05/2013,BAZ,TX,ASW,CE,Federal Contract Tower,0,0,2,2,4,0,2,52,0,54,0,2,54,2,58,200,0,200,258
02/06/2013,BAZ,TX,ASW,CE,Federal Contract Tower,0,0,7,0,7,2,34,0,0,36,2,34,7,0,43,52,0,52,95
02/07/2013,BAZ,TX,ASW,CE,Federal Contract Tower,0,0,14,0,14,0,2,50,0,52,0,2,64,0,66,90,0,90,156
02/08/2013,BAZ,TX,ASW,CE,Federal Contract Tower,0,0,11,0,11,0,0,71,0,71,0,0,82,0,82,158,0,158,240
02/09/2013,BAZ,TX,ASW,CE,Federal Contract Tower,0,0,4,0,4,0,0,0,0,0,0,0,4,0,4,0,0,0,4
02/10/2013,BAZ,TX,ASW,CE,Federal Contract Tower,0,0,2,0,2,0,0,26,0,26,0,0,28,0,28,22,0,22,50
02/11/2013,BAZ,TX,ASW,CE,Federal Contract Tower,0,0,4,2,6,0,5,14,0,19,0,5,18,2,25,62,0,62,87
02/12/2013,BAZ,TX,ASW,CE,Federal Contract Tower,0,2,2,0,4,0,0,21,2,23,0,2,23,2,27,84,4,88,115
02/13/2013,BAZ,TX,ASW,CE,Federal Contract Tower,0,0,8,2,10,0,0,75,0,75,0,0,83,2,85,184,0,184,269
02/14/2013,BAZ,TX,ASW,CE,Federal Contract Tower,0,0,3,0,3,0,2,76,0,78,0,2,79,0,81,192,0,192,273
02/15/2013,BAZ,TX,ASW,CE,Federal Contract Tower,0,0,6,0,6,0,5,64,0,69,0,5,70,0,75,146,0,146,221
02/16/2013,BAZ,TX,ASW,CE,Federal Contract Tower,0,0,4,0,4,0,2,95,0,97,0,2,99,0,101,98,0,98,199
02/17/2013,BAZ,TX,ASW,CE,Federal Contract Tower,0,0,3,0,3,0,2,42,0,44,0,2,45,0,47,30,0,30,77
02/18/2013,BAZ,TX,ASW,CE,Federal Contract Tower,0,1,10,3,14,0,0,38,0,38,0,1,48,3,52,112,0,112,164
02/19/2013,BAZ,TX,ASW,CE,Federal Contract Tower,0,0,6,0,6,0,0,41,0,41,0,0,47,0,47,66,0,66,113
02/20/2013,BAZ,TX,ASW,CE,Federal Contract Tower,0,0,8,0,8,0,2,6,0,8,0,2,14,0,16,0,0,0,16
02/21/2013,BAZ,TX,ASW,CE,Federal Contract Tower,0,2,7,0,9,0,2,45,0,47,0,4,52,0,56,50,0,50,106
02/22/2013,BAZ,TX,ASW,CE,Federal Contract Tower,0,0,2,2,4,0,0,54,0,54,0,0,56,2,58,66,0,66,124
02/23/2013,BAZ,TX,ASW,CE,Federal Contract Tower,0,0,2,0,2,0,3,91,4,98,0,3,93,4,100,142,4,146,246
02/24/2013,BAZ,TX,ASW,CE,Federal Contract Tower,0,0,1,0,1,0,0,45,0,45,0,0,46,0,46,24,0,24,70
02/25/2013,BAZ,TX,ASW,CE,Federal Contract Tower,0,2,1,0,3,0,2,4,0,6,0,4,5,0,9,0,0,0,9
02/26/2013,BAZ,TX,ASW,CE,Federal Contract Tower,0,1,12,0,13,0,3,47,2,52,0,4,59,2,65,142,2,144,209
02/27/2013,BAZ,TX,ASW,CE,Federal Contract Tower,0,0,1,0,1,0,2,41,0,43,0,2,42,0,44,36,0,36,80
02/28/2013,BAZ,TX,ASW,CE,Federal Contract Tower,0,0,11,0,11,0,4,40,2,46,0,4,51,2,57,114,0,114,171
03/01/2013,BAZ,TX,ASW,CE,Federal Contract Tower,0,0,5,0,5,0,3,56,0,59,0,3,61,0,64,144,0,144,208
03/02/2013,BAZ,TX,ASW,CE,Federal Contract Tower,0,0,5,0,5,0,0,61,0,61,0,0,66,0,66,46,0,46,112
03/03/2013,BAZ,TX,ASW,CE,Federal Contract Tower,0,0,4,0,4,0,0,37,0,37,0,0,41,0,41,2,0,2,43
03/04/2013,BAZ,TX,ASW,CE,Federal Contract Tower,0,0,3,0,3,0,2,28,0,30,0,2,31,0,33,70,0,70,103
03/05/2013,BAZ,TX,ASW,CE,Federal Contract Tower,0,0,1,0,1,0,8,14,0,22,0,8,15,0,23,12,0,12,35
03/06/2013,BAZ,TX,ASW,CE,Federal Contract Tower,0,0,4,0,4,0,2,53,2,57,0,2,57,2,61,86,2,88,149
03/07/2013,BAZ,TX,ASW,CE,Federal Contract Tower,0,0,8,0,8,0,3,51,0,54,0,3,59,0,62,76,0,76,138
03/08/2013,BAZ,TX,ASW,CE,Federal Contract Tower,0,0,5,0,5,0,0,5,0,5,0,0,10,0,10,0,0,0,10
03/09/2013,BAZ,TX,ASW,CE,Federal Contract Tower,0,1,4,0,5,0,0,3,0,3,0,1,7,0,8,2,0,2,10
03/10/2013,BAZ,TX,ASW,CE,Federal Contract Tower,0,0,2,0,2,0,1,50,0,51,0,1,52,0,53,44,0,44,97
03/11/2013,BAZ,TX,ASW,CE,Federal Contract Tower,0,2,7,0,9,0,2,50,0,52,0,4,57,0,61,124,0,124,185
03/12/2013,BAZ,TX,ASW,CE,Federal Contract Tower,0,0,6,0,6,0,2,56,0,58,0,2,62,0,64,104,0,104,168
03/13/2013,BAZ,TX,ASW,CE,Federal Contract Tower,0,1,5,0,6,0,0,88,0,88,0,1,93,0,94,208,0,208,302
03/14/2013,BAZ,TX,ASW,CE,Federal Contract Tower,0,0,11,0,11,0,4,46,0,50,0,4,57,0,61,191,0,191,252
03/15/2013,BAZ,TX,ASW,CE,Federal Contract Tower,0,0,10,0,10,0,6,45,0,51,0,6,55,0,61,62,0,62,123
03/16/2013,BAZ,TX,ASW,CE,Federal Contract Tower,0,0,9,0,9,0,3,52,0,55,0,3,61,0,64,26,0,26,90
03/17/2013,BAZ,TX,ASW,CE,Federal Contract Tower,0,1,3,0,4,0,2,42,0,44,0,3,45,0,48,50,0,50,98
03/18/2013,BAZ,TX,ASW,CE,Federal Contract Tower,0,0,5,2,7,0,5,40,0,45,0,5,45,2,52,26,0,26,78
03/19/2013,BAZ,TX,ASW,CE,Federal Contract Tower,0,0,6,0,6,0,3,48,4,55,0,3,54,4,61,160,12,172,233
03/20/2013,BAZ,TX,ASW,CE,Federal Contract Tower,0,0,5,0,5,0,0,38,0,38,0,0,43,0,43,58,0,58,101
03/21/2013,BAZ,TX,ASW,CE,Federal Contract Tower,0,0,5,4,9,0,1,20,0,21,0,1,25,4,30,50,0,50,80
03/22/2013,BAZ,TX,ASW,CE,Federal Contract Tower,0,0,10,0,10,0,3,29,0,32,0,3,39,0,42,136,0,136,178
03/23/2013,BAZ,TX,ASW,CE,Federal Contract Tower,0,0,7,0,7,0,2,55,0,57,0,2,62,0,64,106,0,106,170
03/24/2013,BAZ,TX,ASW,CE,Federal Contract Tower,0,0,4,0,4,0,1,17,0,18,0,1,21,0,22,0,0,0,22
03/25/2013,BAZ,TX,ASW,CE,Federal Contract Tower,0,0,5,1,6,0,1,48,4,53,0,1,53,5,59,118,0,118,177
03/26/2013,BAZ,TX,ASW,CE,Federal Contract Tower,0,0,4,2,6,0,2,54,0,56,0,2,58,2,62,144,0,144,206
03/27/2013,BAZ,TX,ASW,CE,Federal Contract Tower,0,0,5,0,5,0,5,60,0,65,0,5,65,0,70,66,0,66,136
03/28/2013,BAZ,TX,ASW,CE,Federal Contract Tower,0,0,17,4,21,0,2,40,0,42,0,2,57,4,63,70,0,70,133
03/29/2013,BAZ,TX,ASW,CE,Federal Contract Tower,0,0,5,0,5,0,3,50,1,54,0,3,55,1,59,108,1,109,168
03/30/2013,BAZ,TX,ASW,CE,Federal Contract Tower,0,1,9,0,10,0,3,59,0,62,0,4,68,0,72,70,0,70,142
03/31/2013,BAZ,TX,ASW,CE,Federal Contract Tower,0,0,5,0,5,0,3,20,0,23,0,3,25,0,28,0,0,0,28
04/01/2013,BAZ,TX,ASW,CE,Federal Contract Tower,0,1,12,0,13,0,5,35,0,40,0,6,47,0,53,86,0,86,139
04/02/2013,BAZ,TX,ASW,CE,Federal Contract Tower,0,0,10,2,12,0,1,10,2,13,0,1,20,4,25,44,2,46,71
04/03/2013,BAZ,TX,ASW,CE,Federal Contract Tower,0,0,7,0,7,0,2,2,0,4,0,2,9,0,11,0,0,0,11
04/04/2013,BAZ,TX,ASW,CE,Federal Contract Tower,0,0,3,0,3,0,1,41,0,42,0,1,44,0,45,46,0,46,91
04/05/2013,BAZ,TX,ASW,CE,Federal Contract Tower,0,0,1,0,1,0,2,66,4,72,0,2,67,4,73,120,4,124,197
04/06/2013,BAZ,TX,ASW,CE,Federal Contract Tower,0,0,5,0,5,0,2,62,0,64,0,2,67,0,69,102,0,102,171
04/07/2013,BAZ,TX,ASW,CE,Federal Contract Tower,0,0,11,0,11,0,1,41,0,42,0,1,52,0,53,38,0,38,91
04/08/2013,BAZ,TX,ASW,CE,Federal Contract Tower,0,0,15,0,15,0,2,20,0,22,0,2,35,0,37,66,0,66,103
04/09/2013,BAZ,TX,ASW,CE,Federal Contract Tower,0,0,10,1,11,0,2,23,1,26,0,2,33,2,37,48,10,58,95
04/10/2013,BAZ,TX,ASW,CE,Federal Contract Tower,0,0,16,4,20,0,2,17,0,19,0,2,33,4,39,68,0,68,107
04/11/2013,BAZ,TX,ASW,CE,Federal Contract Tower,0,0,3,2,5,0,6,61,0,67,0,6,64,2,72,218,0,218,290
04/12/2013,BAZ,TX,ASW,CE,Federal Contract Tower,0,0,2,0,2,0,4,82,4,90,0,4,84,4,92,194,0,194,286
04/13/2013,BAZ,TX,ASW,CE,Federal Contract Tower,0,0,1,6,7,0,7,85,2,94,0,7,86,8,101,148,0,148,249
04/14/2013,BAZ,TX,ASW,CE,Federal Contract Tower,0,0,12,0,12,0,0,54,0,54,0,0,66,0,66,88,0,88,154
04/15/2013,BAZ,TX,ASW,CE,Federal Contract Tower,0,0,9,1,10,0,2,39,1,42,0,2,48,2,52,75,0,75,127
04/16/2013,BAZ,TX,ASW,CE,Federal Contract Tower,0,1,11,0,12,0,0,41,0,41,0,1,52,0,53,124,0,124,177
04/17/2013,BAZ,TX,ASW,CE,Federal Contract Tower,0,0,17,0,17,0,6,31,0,37,0,6,48,0,54,154,0,154,208
04/18/2013,BAZ,TX,ASW,CE,Federal Contract Tower,0,0,2,0,2,0,2,2,0,4,0,2,4,0,6,0,0,0,6
04/19/2013,BAZ,TX,ASW,CE,Federal Contract Tower,0,0,8,0,8,0,2,62,0,64,0,2,70,0,72,200,0,200,272
04/20/2013,BAZ,TX,ASW,CE,Federal Contract Tower,0,0,3,2,5,0,6,98,0,104,0,6,101,2,109,140,0,140,249
04/21/2013,BAZ,TX,ASW,CE,Federal Contract Tower,0,0,3,0,3,0,3,56,0,59,0,3,59,0,62,138,0,138,200
04/22/2013,BAZ,TX,ASW,CE,Federal Contract Tower,0,0,10,2,12,0,1,32,0,33,0,1,42,2,45,68,0,68,113
04/23/2013,BAZ,TX,ASW,CE,Federal Contract Tower,0,0,15,0,15,0,0,26,0,26,0,0,41,0,41,96,8,104,145
04/24/2013,BAZ,TX,ASW,CE,Federal Contract Tower,0,2,9,0,11,0,8,32,0,40,0,10,41,0,51,86,0,86,137
04/25/2013,BAZ,TX,ASW,CE,Federal Contract Tower,0,2,4,0,6,0,3,59,0,62,0,5,63,0,68,154,0,154,222
04/26/2013,BAZ,TX,ASW,CE,Federal Contract Tower,0,0,8,1,9,0,1,17,0,18,0,1,25,1,27,54,0,54,81
04/27/2013,BAZ,TX,ASW,CE,Federal Contract Tower,0,0,14,1,15,0,6,33,0,39,0,6,47,1,54,86,0,86,140
04/28/2013,BAZ,TX,ASW,CE,Federal Contract Tower,0,0,2,0,2,0,0,53,0,53,0,0,55,0,55,88,0,88,143
04/29/2013,BAZ,TX,ASW,CE,Federal Contract Tower,0,0,10,0,10,0,1,30,0,31,0,1,40,0,41,24,0,24,65
04/30/2013,BAZ,TX,ASW,CE,Federal Contract Tower,0,0,8,0,8,0,3,23,0,26,0,3,31,0,34,68,0,68,102
05/01/2013,BAZ,TX,ASW,CE,Federal Contract Tower,0,0,16,0,16,0,4,45,0,49,0,4,61,0,65,72,0,72,137
05/02/2013,BAZ,TX,ASW,CE,Federal Contract Tower,0,0,8,0,8,0,3,3,0,6,0,3,11,0,14,0,0,0,14
05/03/2013,BAZ,TX,ASW,CE,Federal Contract Tower,0,0,1,2,3,0,0,38,0,38,0,0,39,2,41,4,0,4,45
05/04/2013,BAZ,TX,ASW,CE,Federal Contract Tower,0,0,5,0,5,0,0,108,5,113,0,0,113,5,118,214,0,214,332
05/05/2013,BAZ,TX,ASW,CE,Federal Contract Tower,0,0,2,2,4,0,3,69,0,72,0,3,71,2,76,52,0,52,128
05/06/2013,BAZ,TX,ASW,CE,Federal Contract Tower,0,0,10,0,10,0,0,54,0,54,0,0,64,0,64,90,0,90,154
05/07/2013,BAZ,TX,ASW,CE,Federal Contract Tower,0,3,6,3,12,0,3,55,1,59,0,6,61,4,71,156,4,160,231
05/08/2013,BAZ,TX,ASW,CE,Federal Contract Tower,0,0,14,0,14,0,3,55,0,58,0,3,69,0,72,104,0,104,176
05/09/2013,BAZ,TX,ASW,CE,Federal Contract Tower,0,0,20,1,21,0,4,11,0,15,0,4,31,1,36,22,0,22,58
05/10/2013,BAZ,TX,ASW,CE,Federal Contract Tower,0,0,5,0,5,0,6,27,0,33,0,6,32,0,38,78,0,78,116
05/11/2013,BAZ,TX,ASW,CE,Federal Contract Tower,0,1,7,0,8,0,4,43,0,47,0,5,50,0,55,22,0,22,77
05/12/2013,BAZ,TX,ASW,CE,Federal Contract Tower,0,0,5,0,5,0,0,37,0,37,0,0,42,0,42,44,0,44,86
05/13/2013,BAZ,TX,ASW,CE,Federal Contract Tower,0,0,5,0,5,0,4,68,0,72,0,4,73,0,77,74,0,74,151
05/14/2013,BAZ,TX,ASW,CE,Federal Contract Tower,0,0,11,0,11,0,1,62,0,63,0,1,73,0,74,62,0,62,136
05/15/2013,BAZ,TX,ASW,CE,Federal Contract Tower,0,2,13,2,17,0,2,29,0,31,0,4,42,2,48,0,0,0,48
05/16/2013,BAZ,TX,ASW,CE,Federal Contract Tower,0,0,11,0,11,0,4,73,0,77,0,4,84,0,88,98,0,98,186
05/17/2013,BAZ,TX,ASW,CE,Federal Contract Tower,0,0,8,0,8,0,3,52,0,55,0,3,60,0,63,104,0,104,167
05/18/2013,BAZ,TX,ASW,CE,Federal Contract Tower,0,0,7,0,7,0,4,32,0,36,0,4,39,0,43,8,0,8,51
05/19/2013,BAZ,TX,ASW,CE,Federal Contract Tower,0,0,11,0,11,0,8,33,0,41,0,8,44,0,52,14,0,14,66
05/20/2013,BAZ,TX,ASW,CE,Federal Contract Tower,0,0,3,0,3,0,3,30,0,33,0,3,33,0,36,76,0,76,112
05/21/2013,BAZ,TX,ASW,CE,Federal Contract Tower,0,0,8,2,10,0,2,31,0,33,0,2,39,2,43,68,0,68,111
05/22/2013,BAZ,TX,ASW,CE,Federal Contract Tower,0,1,11,0,12,0,2,79,0,81,0,3,90,0,93,112,0,112,205
05/23/2013,BAZ,TX,ASW,CE,Federal Contract Tower,0,0,23,1,24,0,0,45,3,48,0,0,68,4,72,104,0,104,176
05/24/2013,BAZ,TX,ASW,CE,Federal Contract Tower,0,2,10,0,12,0,3,14,0,17,0,5,24,0,29,6,0,6,35
05/25/2013,BAZ,TX,ASW,CE,Federal Contract Tower,0,0,4,0,4,0,3,6,0,9,0,3,10,0,13,10,0,10,23
05/26/2013,BAZ,TX,ASW,CE,Federal Contract Tower,0,0,2,0,2,0,1,16,0,17,0,1,18,0,19,28,0,28,47
05/27/2013,BAZ,TX,ASW,CE,Federal Contract Tower,0,0,9,0,9,0,0,43,0,43,0,0,52,0,52,42,0,42,94
05/28/2013,BAZ,TX,ASW,CE,Federal Contract Tower,0,1,15,0,16,0,2,33,0,35,0,3,48,0,51,74,0,74,125
05/29/2013,BAZ,TX,ASW,CE,Federal Contract Tower,0,0,4,0,4,0,3,15,0,18,0,3,19,0,22,0,0,0,22
05/30/2013,BAZ,TX,ASW,CE,Federal Contract Tower,0,1,10,0,11,0,5,45,0,50,0,6,55,0,61,114,0,114,175
05/31/2013,BAZ,TX,ASW,CE,Federal Contract Tower,0,0,2,0,2,0,6,31,2,39,0,6,33,2,41,50,6,56,97
06/01/2013,BAZ,TX,ASW,CE,Federal Contract Tower,2,5,0,0,7,0,3,50,0,53,2,8,50,0,60,38,0,38,98
06/02/2013,BAZ,TX,ASW,CE,Federal Contract Tower,0,0,5,0,5,0,1,37,0,38,0,1,42,0,43,32,0,32,75
06/03/2013,BAZ,TX,ASW,CE,Federal Contract Tower,0,2,4,0,6,0,4,51,0,55,0,6,55,0,61,84,0,84,145
06/04/2013,BAZ,TX,ASW,CE,Federal Contract Tower,0,1,7,0,8,0,4,53,2,59,0,5,60,2,67,84,2,86,153
06/05/2013,BAZ,TX,ASW,CE,Federal Contract Tower,0,5,9,0,14,0,0,72,0,72,0,5,81,0,86,168,0,168,254
06/06/2013,BAZ,TX,ASW,CE,Federal Contract Tower,0,1,8,0,9,0,4,56,0,60,0,5,64,0,69,52,0,52,121
06/07/2013,BAZ,TX,ASW,CE,Federal Contract Tower,0,0,7,0,7,0,5,31,0,36,0,5,38,0,43,18,0,18,61
06/08/2013,BAZ,TX,ASW,CE,Federal Contract Tower,0,0,6,0,6,0,2,79,0,81,0,2,85,0,87,46,0,46,133
06/09/2013,BAZ,TX,ASW,CE,Federal Contract Tower,0,0,2,2,4,0,0,27,0,27,0,0,29,2,31,36,0,36,67
06/10/2013,BAZ,TX,ASW,CE,Federal Contract Tower,0,0,5,0,5,0,2,30,0,32,0,2,35,0,37,34,0,34,71
06/11/2013,BAZ,TX,ASW,CE,Federal Contract Tower,0,2,4,1,7,0,2,36,1,39,0,4,40,2,46,50,4,54,100
06/12/2013,BAZ,TX,ASW,CE,Federal Contract Tower,0,0,11,0,11,0,3,18,0,21,0,3,29,0,32,8,0,8,40
06/13/2013,BAZ,TX,ASW,CE,Federal Contract Tower,0,0,7,0,7,0,3,24,0,27,0,3,31,0,34,30,0,30,64
06/14/2013,BAZ,TX,ASW,CE,Federal Contract Tower,0,0,13,0,13,0,1,12,0,13,0,1,25,0,26,4,0,4,30
06/15/2013,BAZ,TX,ASW,CE,Federal Contract Tower,0,0,3,0,3,0,6,29,0,35,0,6,32,0,38,68,0,68,106
06/16/2013,BAZ,TX,ASW,CE,Federal Contract Tower,0,0,7,0,7,0,2,61,0,63,0,2,68,0,70,76,0,76,146
06/17/2013,BAZ,TX,ASW,CE,Federal Contract Tower,0,0,8,0,8,0,2,43,0,45,0,2,51,0,53,72,0,72,125
06/18/2013,BAZ,TX,ASW,CE,Federal Contract Tower,0,0,14,0,14,0,2,33,0,35,0,2,47,0,49,86,0,86,135
06/19/2013,BAZ,TX,ASW,CE,Federal Contract Tower,0,0,1,0,1,0,0,85,4,89,0,0,86,4,90,112,0,112,202
06/20/2013,BAZ,TX,ASW,CE,Federal Contract Tower,0,0,13,0,13,0,3,54,0,57,0,3,67,0,70,68,0,68,138
06/21/2013,BAZ,TX,ASW,CE,Federal Contract Tower,0,0,9,0,9,0,1,45,0,46,0,1,54,0,55,100,0,100,155
06/22/2013,BAZ,TX,ASW,CE,Federal Contract Tower,0,0,7,0,7,0,5,55,2,62,0,5,62,2,69,112,2,114,183
06/23/2013,BAZ,TX,ASW,CE,Federal Contract Tower,0,0,4,0,4,0,4,38,0,42,0,4,42,0,46,36,0,36,82
06/24/2013,BAZ,TX,ASW,CE,Federal Contract Tower,0,0,6,0,6,0,0,31,0,31,0,0,37,0,37,98,0,98,135
06/25/2013,BAZ,TX,ASW,CE,Federal Contract Tower,0,0,5,2,7,0,0,25,3,28,0,0,30,5,35,38,2,40,75
06/26/2013,BAZ,TX,ASW,CE,Federal Contract Tower,0,0,9,2,11,0,0,55,34,89,0,0,64,36,100,116,0,116,216
06/27/2013,BAZ,TX,ASW,CE,Federal Contract Tower,0,0,6,4,10,0,5,52,0,57,0,5,58,4,67,84,10,94,161
06/28/2013,BAZ,TX,ASW,CE,Federal Contract Tower,0,3,9,0,12,0,2,51,0,53,0,5,60,0,65,54,0,54,119
06/29/2013,BAZ,TX,ASW,CE,Federal Contract Tower,0,0,1,0,1,0,5,65,0,70,0,5,66,0,71,40,0,40,111
06/30/2013,BAZ,TX,ASW,CE,Federal Contract Tower,0,0,6,0,6,0,4,31,0,35,0,4,37,0,41,34,0,34,75
07/01/2013,BAZ,TX,ASW,CE,Federal Contract Tower,0,0,7,2,9,0,1,31,0,32,0,1,38,2,41,78,0,78,119
07/02/2013,BAZ,TX,ASW,CE,Federal Contract Tower,0,2,14,0,16,0,1,37,0,38,0,3,51,0,54,66,0,66,120
07/03/2013,BAZ,TX,ASW,CE,Federal Contract Tower,0,0,5,0,5,0,5,64,0,69,0,5,69,0,74,92,0,92,166
07/04/2013,BAZ,TX,ASW,CE,Federal Contract Tower,0,0,1,0,1,0,2,28,0,30,0,2,29,0,31,66,0,66,97
07/05/2013,BAZ,TX,ASW,CE,Federal Contract Tower,0,0,4,0,4,0,0,31,0,31,0,0,35,0,35,54,0,54,89
07/06/2013,BAZ,TX,ASW,CE,Federal Contract Tower,0,0,7,0,7,0,5,65,0,70,0,5,72,0,77,62,0,62,139
07/07/2013,BAZ,TX,ASW,CE,Federal Contract Tower,0,0,13,0,13,0,0,36,0,36,0,0,49,0,49,50,0,50,99
07/08/2013,BAZ,TX,ASW,CE,Federal Contract Tower,0,0,8,0,8,0,3,20,0,23,0,3,28,0,31,32,0,32,63
07/09/2013,BAZ,TX,ASW,CE,Federal Contract Tower,0,0,13,0,13,0,0,29,1,30,0,0,42,1,43,56,0,56,99
07/10/2013,BAZ,TX,ASW,CE,Federal Contract Tower,0,0,14,0,14,0,1,54,0,55,0,1,68,0,69,74,0,74,143
07/11/2013,BAZ,TX,ASW,CE,Federal Contract Tower,0,0,10,0,10,0,5,37,0,42,0,5,47,0,52,80,0,80,132
07/12/2013,BAZ,TX,ASW,CE,Federal Contract Tower,0,0,4,0,4,0,3,26,0,29,0,3,30,0,33,18,0,18,51
07/13/2013,BAZ,TX,ASW,CE,Federal Contract Tower,0,0,4,0,4,0,0,75,0,75,0,0,79,0,79,132,0,132,211
07/14/2013,BAZ,TX,ASW,CE,Federal Contract Tower,0,0,10,0,10,0,5,40,0,45,0,5,50,0,55,24,0,24,79
07/15/2013,BAZ,TX,ASW,CE,Federal Contract Tower,0,0,5,0,5,0,0,5,0,5,0,0,10,0,10,0,0,0,10
07/16/2013,BAZ,TX,ASW,CE,Federal Contract Tower,0,0,9,0,9,0,1,4,0,5,0,1,13,0,14,0,0,0,14
07/17/2013,BAZ,TX,ASW,CE,Federal Contract Tower,0,5,0,0,5,0,2,8,0,10,0,7,8,0,15,0,0,0,15
07/18/2013,BAZ,TX,ASW,CE,Federal Contract Tower,0,0,5,0,5,0,0,36,0,36,0,0,41,0,41,36,0,36,77
07/19/2013,BAZ,TX,ASW,CE,Federal Contract Tower,0,0,11,0,11,0,1,42,0,43,0,1,53,0,54,60,0,60,114
07/20/2013,BAZ,TX,ASW,CE,Federal Contract Tower,0,0,3,0,3,0,2,58,0,60,0,2,61,0,63,48,0,48,111
07/21/2013,BAZ,TX,ASW,CE,Federal Contract Tower,0,2,14,0,16,0,4,26,0,30,0,6,40,0,46,104,0,104,150
07/22/2013,BAZ,TX,ASW,CE,Federal Contract Tower,0,0,10,3,13,0,3,29,1,33,0,3,39,4,46,34,14,48,94
07/23/2013,BAZ,TX,ASW,CE,Federal Contract Tower,0,0,1,0,1,0,0,32,0,32,0,0,33,0,33,38,0,38,71
07/24/2013,BAZ,TX,ASW,CE,Federal Contract Tower,0,0,6,0,6,0,0,52,0,52,0,0,58,0,58,42,0,42,100
07/25/2013,BAZ,TX,ASW,CE,Federal Contract Tower,0,1,11,0,12,0,1,63,0,64,0,2,74,0,76,68,0,68,144
07/26/2013,BAZ,TX,ASW,CE,Federal Contract Tower,0,4,1,4,9,0,2,43,0,45,0,6,44,4,54,34,0,34,88
07/27/2013,BAZ,TX,ASW,CE,Federal Contract Tower,0,0,9,0,9,0,2,38,0,40,0,2,47,0,49,70,0,70,119
07/28/2013,BAZ,TX,ASW,CE,Federal Contract Tower,0,0,9,0,9,0,3,21,0,24,0,3,30,0,33,38,0,38,71
07/29/2013,BAZ,TX,ASW,CE,Federal Contract Tower,0,0,6,0,6,0,2,25,1,28,0,2,31,1,34,6,0,6,40
07/30/2013,BAZ,TX,ASW,CE,Federal Contract Tower,0,0,13,4,17,0,4,39,0,43,0,4,52,4,60,14,0,14,74
07/31/2013,BAZ,TX,ASW,CE,Federal Contract Tower,0,0,12,0,12,0,3,59,0,62,0,3,71,0,74,8,0,8,82
08/01/2013,BAZ,TX,ASW,CE,Federal Contract Tower,0,0,6,0,6,0,3,41,2,46,0,3,47,2,52,8,6,14,66
08/02/2013,BAZ,TX,ASW,CE,Federal Contract Tower,0,0,7,0,7,0,2,26,0,28,0,2,33,0,35,16,0,16,51
08/03/2013,BAZ,TX,ASW,CE,Federal Contract Tower,0,0,4,0,4,0,5,58,0,63,0,5,62,0,67,60,0,60,127
08/04/2013,BAZ,TX,ASW,CE,Federal Contract Tower,0,0,5,0,5,0,5,36,0,41,0,5,41,0,46,42,0,42,88
08/05/2013,BAZ,TX,ASW,CE,Federal Contract Tower,0,4,1,0,5,0,6,25,0,31,0,10,26,0,36,26,0,26,62
08/06/2013,BAZ,TX,ASW,CE,Federal Contract Tower,0,0,12,0,12,0,3,25,0,28,0,3,37,0,40,20,0,20,60
08/07/2013,BAZ,TX,ASW,CE,Federal Contract Tower,0,0,3,0,3,0,1,41,0,42,0,1,44,0,45,26,0,26,71
08/08/2013,BAZ,TX,ASW,CE,Federal Contract Tower,0,0,17,0,17,0,2,31,0,33,0,2,48,0,50,18,0,18,68
08/09/2013,BAZ,TX,ASW,CE,Federal Contract Tower,0,0,6,0,6,0,0,30,0,30,0,0,36,0,36,32,0,32,68
08/10/2013,BAZ,TX,ASW,CE,Federal Contract Tower,0,0,5,0,5,0,4,50,0,54,0,4,55,0,59,32,0,32,91
08/11/2013,BAZ,TX,ASW,CE,Federal Contract Tower,0,0,8,0,8,0,1,43,0,44,0,1,51,0,52,28,0,28,80
08/12/2013,BAZ,TX,ASW,CE,Federal Contract Tower,0,1,15,4,20,0,1,52,2,55,0,2,67,6,75,56,0,56,131
08/13/2013,BAZ,TX,ASW,CE,Federal Contract Tower,0,0,4,0,4,0,2,38,1,41,0,2,42,1,45,40,0,40,85
08/14/2013,BAZ,TX,ASW,CE,Federal Contract Tower,0,2,2,0,4,0,0,54,0,54,0,2,56,0,58,6,0,6,64
08/15/2013,BAZ,TX,ASW,CE,Federal Contract Tower,0,0,7,0,7,0,0,31,0,31,0,0,38,0,38,72,0,72,110
08/16/2013,BAZ,TX,ASW,CE,Federal Contract Tower,0,0,10,0,10,0,6,23,2,31,0,6,33,2,41,38,0,38,79
08/17/2013,BAZ,TX,ASW,CE,Federal Contract Tower,0,0,5,0,5,0,3,85,0,88,0,3,90,0,93,80,0,80,173
08/18/2013,BAZ,TX,ASW,CE,Federal Contract Tower,0,0,13,0,13,0,10,58,0,68,0,10,71,0,81,46,0,46,127
08/19/2013,BAZ,TX,ASW,CE,Federal Contract Tower,0,2,6,0,8,0,2,37,0,39,0,4,43,0,47,76,0,76,123
08/20/2013,BAZ,TX,ASW,CE,Federal Contract Tower,0,0,6,3,9,0,3,23,0,26,0,3,29,3,35,74,10,84,119
08/21/2013,BAZ,TX,ASW,CE,Federal Contract Tower,0,2,5,2,9,0,1,48,0,49,0,3,53,2,58,72,0,72,130
08/22/2013,BAZ,TX,ASW,CE,Federal Contract Tower,0,0,6,2,8,0,5,40,2,47,0,5,46,4,55,52,0,52,107
08/23/2013,BAZ,TX,ASW,CE,Federal Contract Tower,0,0,13,0,13,0,0,37,0,37,0,0,50,0,50,48,0,48,98
08/24/2013,BAZ,TX,ASW,CE,Federal Contract Tower,0,0,3,0,3,0,2,67,0,69,0,2,70,0,72,46,0,46,118
08/25/2013,BAZ,TX,ASW,CE,Federal Contract Tower,0,1,2,0,3,0,5,36,0,41,0,6,38,0,44,74,0,74,118
08/26/2013,BAZ,TX,ASW,CE,Federal Contract Tower,0,0,14,0,14,0,2,9,0,11,0,2,23,0,25,10,0,10,35
08/27/2013,BAZ,TX,ASW,CE,Federal Contract Tower,0,0,4,4,8,0,1,16,0,17,0,1,20,4,25,70,0,70,95
08/28/2013,BAZ,TX,ASW,CE,Federal Contract Tower,0,4,7,0,11,0,0,43,1,44,0,4,50,1,55,86,30,116,171
08/29/2013,BAZ,TX,ASW,CE,Federal Contract Tower,0,0,12,4,16,0,4,61,2,67,0,4,73,6,83,100,32,132,215
08/30/2013,BAZ,TX,ASW,CE,Federal Contract Tower,0,0,10,0,10,0,3,42,0,45,0,3,52,0,55,58,0,58,113
08/31/2013,BAZ,TX,ASW,CE,Federal Contract Tower,0,0,6,0,6,0,1,63,0,64,0,1,69,0,70,8,0,8,78
09/01/2013,BAZ,TX,ASW,CE,Federal Contract Tower,0,0,1,0,1,0,5,26,0,31,0,5,27,0,32,18,0,18,50
09/02/2013,BAZ,TX,ASW,CE,Federal Contract Tower,0,1,7,0,8,0,0,39,0,39,0,1,46,0,47,70,0,70,117
09/03/2013,BAZ,TX,ASW,CE,Federal Contract Tower,0,0,11,0,11,0,1,34,0,35,0,1,45,0,46,38,0,38,84
09/04/2013,BAZ,TX,ASW,CE,Federal Contract Tower,0,0,3,2,5,0,2,47,0,49,0,2,50,2,54,40,0,40,94
09/05/2013,BAZ,TX,ASW,CE,Federal Contract Tower,0,2,15,0,17,0,4,38,1,43,0,6,53,1,60,54,0,54,114
09/06/2013,BAZ,TX,ASW,CE,Federal Contract Tower,0,0,4,0,4,0,6,45,2,53,0,6,49,2,57,132,0,132,189
09/07/2013,BAZ,TX,ASW,CE,Federal Contract Tower,0,0,8,0,8,0,2,72,0,74,0,2,80,0,82,114,0,114,196
09/08/2013,BAZ,TX,ASW,CE,Federal Contract Tower,0,0,15,0,15,0,2,25,0,27,0,2,40,0,42,26,0,26,68
09/09/2013,BAZ,TX,ASW,CE,Federal Contract Tower,0,0,3,0,3,0,2,18,0,20,0,2,21,0,23,86,0,86,109
09/10/2013,BAZ,TX,ASW,CE,Federal Contract Tower,0,0,6,0,6,0,0,33,0,33,0,0,39,0,39,110,0,110,149
09/11/2013,BAZ,TX,ASW,CE,Federal Contract Tower,0,0,14,0,14,0,0,43,2,45,0,0,57,2,59,62,0,62,121
09/12/2013,BAZ,TX,ASW,CE,Federal Contract Tower,0,1,6,2,9,0,2,35,0,37,0,3,41,2,46,84,0,84,130
09/13/2013,BAZ,TX,ASW,CE,Federal Contract Tower,0,0,7,0,7,0,0,38,0,38,0,0,45,0,45,96,0,96,141
09/14/2013,BAZ,TX,ASW,CE,Federal Contract Tower,0,0,2,0,2,0,3,62,0,65,0,3,64,0,67,58,0,58,125
09/15/2013,BAZ,TX,ASW,CE,Federal Contract Tower,0,0,5,0,5,0,2,26,0,28,0,2,31,0,33,14,0,14,47
09/16/2013,BAZ,TX,ASW,CE,Federal Contract Tower,0,0,15,0,15,0,1,14,0,15,0,1,29,0,30,34,0,34,64
09/17/2013,BAZ,TX,ASW,CE,Federal Contract Tower,0,1,15,2,18,0,2,12,0,14,0,3,27,2,32,34,0,34,66
09/18/2013,BAZ,TX,ASW,CE,Federal Contract Tower,0,0,11,0,11,0,0,38,0,38,0,0,49,0,49,54,0,54,103
09/19/2013,BAZ,TX,ASW,CE,Federal Contract Tower,0,1,8,4,13,0,4,24,0,28,0,5,32,4,41,28,0,28,69
09/20/2013,BAZ,TX,ASW,CE,Federal Contract Tower,0,0,8,0,8,0,0,0,0,0,0,0,8,0,8,0,0,0,8
09/21/2013,BAZ,TX,ASW,CE,Federal Contract Tower,0,0,3,0,3,0,5,28,0,33,0,5,31,0,36,18,0,18,54
09/22/2013,BAZ,TX,ASW,CE,Federal Contract Tower,0,0,5,0,5,0,2,57,0,59,0,2,62,0,64,112,0,112,176
09/23/2013,BAZ,TX,ASW,CE,Federal Contract Tower,0,0,3,1,4,0,1,37,2,40,0,1,40,3,44,42,20,62,106
09/24/2013,BAZ,TX,ASW,CE,Federal Contract Tower,0,0,14,1,15,0,1,44,1,46,0,1,58,2,61,120,20,140,201
09/25/2013,BAZ,TX,ASW,CE,Federal Contract Tower,0,2,7,0,9,0,1,59,0,60,0,3,66,0,69,28,0,28,97
09/26/2013,BAZ,TX,ASW,CE,Federal Contract Tower,0,0,12,0,12,0,3,52,2,57,0,3,64,2,69,96,6,102,171
09/27/2013,BAZ,TX,ASW,CE,Federal Contract Tower,0,0,9,0,9,0,4,21,0,25,0,4,30,0,34,10,0,10,44
09/28/2013,BAZ,TX,ASW,CE,Federal Contract Tower,0,0,8,0,8,0,0,21,0,21,0,0,29,0,29,34,0,34,63
09/29/2013,BAZ,TX,ASW,CE,Federal Contract Tower,0,2,3,0,5,0,0,9,0,9,0,2,12,0,14,8,0,8,22
09/30/2013,BAZ,TX,ASW,CE,Federal Contract Tower,0,2,4,3,9,0,5,45,1,51,0,7,49,4,60,160,10,170,230
10/01/2013,BAZ,TX,ASW,CE,Federal Contract Tower,0,2,11,1,14,0,2,31,1,34,0,4,42,2,48,52,12,64,112
10/02/2013,BAZ,TX,ASW,CE,Federal Contract Tower,0,0,13,2,15,0,0,57,2,59,0,0,70,4,74,148,0,148,222
10/03/2013,BAZ,TX,ASW,CE,Federal Contract Tower,0,3,16,4,23,0,2,51,0,53,0,5,67,4,76,146,0,146,222
10/04/2013,BAZ,TX,ASW,CE,Federal Contract Tower,0,0,10,0,10,0,3,59,0,62,0,3,69,0,72,106,0,106,178
10/05/2013,BAZ,TX,ASW,CE,Federal Contract Tower,0,0,6,0,6,0,1,24,0,25,0,1,30,0,31,60,0,60,91
10/06/2013,BAZ,TX,ASW,CE,Federal Contract Tower,0,0,16,0,16,0,1,47,0,48,0,1,63,0,64,6,0,6,70
10/07/2013,BAZ,TX,ASW,CE,Federal Contract Tower,0,0,2,2,4,0,0,44,0,44,0,0,46,2,48,118,2,120,168
10/08/2013,BAZ,TX,ASW,CE,Federal Contract Tower,0,0,12,0,12,0,4,59,0,63,0,4,71,0,75,172,0,172,247
10/09/2013,BAZ,TX,ASW,CE,Federal Contract Tower,0,0,8,2,10,0,1,62,2,65,0,1,70,4,75,112,20,132,207
10/10/2013,BAZ,TX,ASW,CE,Federal Contract Tower,0,0,16,0,16,0,2,58,0,60,0,2,74,0,76,120,0,120,196
10/11/2013,BAZ,TX,ASW,CE,Federal Contract Tower,0,0,17,2,19,0,4,44,0,48,0,4,61,2,67,138,0,138,205
10/12/2013,BAZ,TX,ASW,CE,Federal Contract Tower,0,0,6,0,6,0,3,40,0,43,0,3,46,0,49,50,0,50,99
10/13/2013,BAZ,TX,ASW,CE,Federal Contract Tower,0,1,3,0,4,0,0,2,0,2,0,1,5,0,6,0,0,0,6
10/14/2013,BAZ,TX,ASW,CE,Federal Contract Tower,0,0,9,0,9,0,0,24,0,24,0,0,33,0,33,26,0,26,59
10/15/2013,BAZ,TX,ASW,CE,Federal Contract Tower,0,0,12,0,12,0,4,41,2,47,0,4,53,2,59,86,0,86,145
10/16/2013,BAZ,TX,ASW,CE,Federal Contract Tower,0,1,8,0,9,0,0,1,0,1,0,1,9,0,10,0,0,0,10
10/17/2013,BAZ,TX,ASW,CE,Federal Contract Tower,0,0,10,0,10,0,7,83,0,90,0,7,93,0,100,162,0,162,262
10/18/2013,BAZ,TX,ASW,CE,Federal Contract Tower,0,0,12,7,19,0,1,50,2,53,0,1,62,9,72,76,14,90,162
10/19/2013,BAZ,TX,ASW,CE,Federal Contract Tower,0,0,5,0,5,0,4,46,0,50,0,4,51,0,55,90,0,90,145
10/20/2013,BAZ,TX,ASW,CE,Federal Contract Tower,0,0,7,0,7,0,0,76,0,76,0,0,83,0,83,106,0,106,189
10/21/2013,BAZ,TX,ASW,CE,Federal Contract Tower,0,0,4,0,4,0,2,31,0,33,0,2,35,0,37,138,0,138,175
10/22/2013,BAZ,TX,ASW,CE,Federal Contract Tower,0,0,10,2,12,0,2,52,0,54,0,2,62,2,66,58,0,58,124
10/23/2013,BAZ,TX,ASW,CE,Federal Contract Tower,0,0,8,0,8,0,4,95,2,101,0,4,103,2,109,146,0,146,255
10/24/2013,BAZ,TX,ASW,CE,Federal Contract Tower,0,0,7,0,7,0,3,55,0,58,0,3,62,0,65,128,0,128,193
10/25/2013,BAZ,TX,ASW,CE,Federal Contract Tower,0,0,10,2,12,0,3,65,1,69,0,3,75,3,81,118,0,118,199
10/26/2013,BAZ,TX,ASW,CE,Federal Contract Tower,0,0,11,0,11,0,6,27,0,33,0,6,38,0,44,36,0,36,80
10/27/2013,BAZ,TX,ASW,CE,Federal Contract Tower,0,3,12,2,17,0,0,14,2,16,0,3,26,4,33,8,28,36,69
10/28/2013,BAZ,TX,ASW,CE,Federal Contract Tower,0,0,12,0,12,0,5,19,0,24,0,5,31,0,36,30,0,30,66
10/29/2013,BAZ,TX,ASW,CE,Federal Contract Tower,0,0,4,3,7,0,4,29,1,34,0,4,33,4,41,88,0,88,129
10/30/2013,BAZ,TX,ASW,CE,Federal Contract Tower,0,0,15,4,19,0,1,25,0,26,0,1,40,4,45,70,0,70,115
10/31/2013,BAZ,TX,ASW,CE,Federal Contract Tower,0,0,7,4,11,0,1,31,0,32,0,1,38,4,43,76,0,76,119
11/01/2013,BAZ,TX,ASW,CE,Federal Contract Tower,0,0,6,0,6,0,4,68,0,72,0,4,74,0,78,124,0,124,202
11/02/2013,BAZ,TX,ASW,CE,Federal Contract Tower,0,0,5,1,6,0,4,74,0,78,0,4,79,1,84,56,0,56,140
11/03/2013,BAZ,TX,ASW,CE,Federal Contract Tower,0,0,11,0,11,0,2,50,0,52,0,2,61,0,63,38,0,38,101
11/04/2013,BAZ,TX,ASW,CE,Federal Contract Tower,0,0,9,0,9,0,0,42,0,42,0,0,51,0,51,160,0,160,211
11/05/2013,BAZ,TX,ASW,CE,Federal Contract Tower,0,3,7,4,14,0,2,18,2,22,0,5,25,6,36,36,30,66,102
11/06/2013,BAZ,TX,ASW,CE,Federal Contract Tower,0,1,13,0,14,0,1,14,2,17,0,2,27,2,31,16,10,26,57
11/07/2013,BAZ,TX,ASW,CE,Federal Contract Tower,0,0,12,0,12,0,2,55,0,57,0,2,67,0,69,58,0,58,127
11/08/2013,BAZ,TX,ASW,CE,Federal Contract Tower,0,0,15,4,19,0,3,61,0,64,0,3,76,4,83,78,0,78,161
11/09/2013,BAZ,TX,ASW,CE,Federal Contract Tower,0,0,4,0,4,0,0,44,0,44,0,0,48,0,48,48,0,48,96
11/10/2013,BAZ,TX,ASW,CE,Federal Contract Tower,0,0,14,0,14,0,0,51,0,51,0,0,65,0,65,52,0,52,117
11/11/2013,BAZ,TX,ASW,CE,Federal Contract Tower,0,1,4,0,5,0,0,33,0,33,0,1,37,0,38,44,0,44,82
11/12/2013,BAZ,TX,ASW,CE,Federal Contract Tower,0,0,10,0,10,0,4,8,2,14,0,4,18,2,24,18,48,66,90
11/13/2013,BAZ,TX,ASW,CE,Federal Contract Tower,0,0,11,2,13,0,1,59,0,60,0,1,70,2,73,38,0,38,111
11/14/2013,BAZ,TX,ASW,CE,Federal Contract Tower,0,4,3,4,11,0,3,43,6,52,0,7,46,10,63,66,60,126,189
11/15/2013,BAZ,TX,ASW,CE,Federal Contract Tower,0,0,11,0,11,0,1,49,1,51,0,1,60,1,62,54,8,62,124
11/16/2013,BAZ,TX,ASW,CE,Federal Contract Tower,0,0,12,0,12,0,1,28,3,32,0,1,40,3,44,26,8,34,78
11/17/2013,BAZ,TX,ASW,CE,Federal Contract Tower,0,2,14,0,16,0,2,39,0,41,0,4,53,0,57,34,0,34,91
11/18/2013,BAZ,TX,ASW,CE,Federal Contract Tower,0,2,20,4,26,0,2,23,0,25,0,4,43,4,51,40,0,40,91
11/19/2013,BAZ,TX,ASW,CE,Federal Contract Tower,0,1,9,1,11,0,3,44,3,50,0,4,53,4,61,74,48,122,183
11/20/2013,BAZ,TX,ASW,CE,Federal Contract Tower,0,3,22,7,32,0,4,26,0,30,0,7,48,7,62,36,0,36,98
11/21/2013,BAZ,TX,ASW,CE,Federal Contract Tower,0,0,14,4,18,0,1,24,0,25,0,1,38,4,43,90,0,90,133
11/22/2013,BAZ,TX,ASW,CE,Federal Contract Tower,0,0,9,0,9,0,2,1,0,3,0,2,10,0,12,0,0,0,12
11/23/2013,BAZ,TX,ASW,CE,Federal Contract Tower,0,2,6,0,8,0,1,0,0,1,0,3,6,0,9,0,0,0,9
11/24/2013,BAZ,TX,ASW,CE,Federal Contract Tower,0,0,8,0,8,0,4,4,0,8,0,4,12,0,16,0,0,0,16
11/25/2013,BAZ,TX,ASW,CE,Federal Contract Tower,0,1,4,0,5,0,2,1,0,3,0,3,5,0,8,0,0,0,8
11/26/2013,BAZ,TX,ASW,CE,Federal Contract Tower,0,3,7,2,12,0,2,32,0,34,0,5,39,2,46,126,0,126,172
11/27/2013,BAZ,TX,ASW,CE,Federal Contract Tower,0,1,11,0,12,0,3,80,0,83,0,4,91,0,95,80,0,80,175
11/28/2013,BAZ,TX,ASW,CE,Federal Contract Tower,0,0,2,0,2,0,0,14,0,14,0,0,16,0,16,6,0,6,22
11/29/2013,BAZ,TX,ASW,CE,Federal Contract Tower,0,0,4,0,4,0,4,30,0,34,0,4,34,0,38,12,0,12,50
11/30/2013,BAZ,TX,ASW,CE,Federal Contract Tower,0,0,4,0,4,0,2,32,0,34,0,2,36,0,38,10,0,10,48
12/01/2013,BAZ,TX,ASW,CE,Federal Contract Tower,0,0,10,0,10,0,6,22,0,28,0,6,32,0,38,22,0,22,60
12/02/2013,BAZ,TX,ASW,CE,Federal Contract Tower,0,0,12,5,17,0,0,35,1,36,0,0,47,6,53,56,8,64,117
12/03/2013,BAZ,TX,ASW,CE,Federal Contract Tower,0,0,8,2,10,0,4,45,1,50,0,4,53,3,60,72,14,86,146
12/04/2013,BAZ,TX,ASW,CE,Federal Contract Tower,0,2,10,0,12,0,1,25,0,26,0,3,35,0,38,22,0,22,60
12/05/2013,BAZ,TX,ASW,CE,Federal Contract Tower,0,1,10,12,23,0,1,8,0,9,0,2,18,12,32,36,0,36,68
12/06/2013,BAZ,TX,ASW,CE,Federal Contract Tower,0,0,2,0,2,0,2,0,0,2,0,2,2,0,4,0,0,0,4
12/07/2013,BAZ,TX,ASW,CE,Federal Contract Tower,0,0,2,0,2,0,6,27,0,33,0,6,29,0,35,38,0,38,73
12/08/2013,BAZ,TX,ASW,CE,Federal Contract Tower,0,0,8,0,8,0,2,18,0,20,0,2,26,0,28,16,0,16,44
12/09/2013,BAZ,TX,ASW,CE,Federal Contract Tower,0,0,11,0,11,0,0,0,0,0,0,0,11,0,11,0,0,0,11
12/10/2013,BAZ,TX,ASW,CE,Federal Contract Tower,0,0,9,0,9,0,2,52,0,54,0,2,61,0,63,28,0,28,91
12/11/2013,BAZ,TX,ASW,CE,Federal Contract Tower,0,1,16,1,18,0,2,58,2,62,0,3,74,3,80,82,0,82,162
12/12/2013,BAZ,TX,ASW,CE,Federal Contract Tower,0,2,29,6,37,0,0,48,0,48,0,2,77,6,85,100,0,100,185
12/13/2013,BAZ,TX,ASW,CE,Federal Contract Tower,0,0,17,0,17,0,1,11,0,12,0,1,28,0,29,28,0,28,57
12/14/2013,BAZ,TX,ASW,CE,Federal Contract Tower,0,2,5,2,9,0,2,46,0,48,0,4,51,2,57,22,0,22,79
12/15/2013,BAZ,TX,ASW,CE,Federal Contract Tower,0,0,7,2,9,0,2,68,2,72,0,2,75,4,81,110,4,114,195
12/16/2013,BAZ,TX,ASW,CE,Federal Contract Tower,0,0,17,4,21,0,1,41,0,42,0,1,58,4,63,60,0,60,123
12/17/2013,BAZ,TX,ASW,CE,Federal Contract Tower,0,2,9,2,13,0,0,51,5,56,0,2,60,7,69,64,38,102,171
12/18/2013,BAZ,TX,ASW,CE,Federal Contract Tower,0,0,17,4,21,0,0,51,0,51,0,0,68,4,72,96,10,106,178
12/19/2013,BAZ,TX,ASW,CE,Federal Contract Tower,0,2,11,7,20,0,4,19,2,25,0,6,30,9,45,48,0,48,93
12/20/2013,BAZ,TX,ASW,CE,Federal Contract Tower,0,0,16,3,19,0,3,12,4,19,0,3,28,7,38,50,0,50,88
12/21/2013,BAZ,TX,ASW,CE,Federal Contract Tower,0,0,4,0,4,0,1,12,0,13,0,1,16,0,17,6,0,6,23
12/22/2013,BAZ,TX,ASW,CE,Federal Contract Tower,0,2,5,0,7,0,0,31,0,31,0,2,36,0,38,8,0,8,46
12/23/2013,BAZ,TX,ASW,CE,Federal Contract Tower,0,2,2,0,4,0,3,45,0,48,0,5,47,0,52,20,0,20,72
12/24/2013,BAZ,TX,ASW,CE,Federal Contract Tower,0,4,4,0,8,0,2,20,0,22,0,6,24,0,30,12,0,12,42
12/25/2013,BAZ,TX,ASW,CE,Federal Contract Tower,0,0,2,0,2,0,0,5,0,5,0,0,7,0,7,4,0,4,11
12/26/2013,BAZ,TX,ASW,CE,Federal Contract Tower,0,0,10,0,10,0,2,13,0,15,0,2,23,0,25,30,0,30,55
12/27/2013,BAZ,TX,ASW,CE,Federal Contract Tower,0,0,9,0,9,0,2,17,0,19,0,2,26,0,28,26,0,26,54
12/28/2013,BAZ,TX,ASW,CE,Federal Contract Tower,0,2,7,0,9,0,4,57,0,61,0,6,64,0,70,44,0,44,114
12/29/2013,BAZ,TX,ASW,CE,Federal Contract Tower,0,1,6,0,7,0,2,16,0,18,0,3,22,0,25,66,0,66,91
12/30/2013,BAZ,TX,ASW,CE,Federal Contract Tower,0,0,9,0,9,0,3,24,0,27,0,3,33,0,36,28,0,28,64
12/31/2013,BAZ,TX,ASW,CE,Federal Contract Tower,0,0,13,0,13,0,3,44,0,47,0,3,57,0,60,66,0,66,126
01/01/2014,BAZ,TX,ASW,CE,Federal Contract Tower,0,0,2,0,2,0,3,31,0,34,0,3,33,0,36,36,0,36,72
01/02/2014,BAZ,TX,ASW,CE,Federal Contract Tower,0,1,8,0,9,0,1,19,0,20,0,2,27,0,29,18,0,18,47
01/03/2014,BAZ,TX,ASW,CE,Federal Contract Tower,0,1,2,0,3,0,1,32,4,37,0,2,34,4,40,50,20,70,110
01/04/2014,BAZ,TX,ASW,CE,Federal Contract Tower,0,0,9,0,9,0,3,40,0,43,0,3,49,0,52,48,0,48,100
01/05/2014,BAZ,TX,ASW,CE,Federal Contract Tower,0,0,6,0,6,0,0,15,0,15,0,0,21,0,21,10,0,10,31
01/06/2014,BAZ,TX,ASW,CE,Federal Contract Tower,0,0,3,4,7,0,0,21,0,21,0,0,24,4,28,22,0,22,50
01/07/2014,BAZ,TX,ASW,CE,Federal Contract Tower,0,0,4,0,4,0,2,32,0,34,0,2,36,0,38,94,0,94,132
01/08/2014,BAZ,TX,ASW,CE,Federal Contract Tower,0,0,3,0,3,0,0,0,0,0,0,0,3,0,3,0,0,0,3
01/09/2014,BAZ,TX,ASW,CE,Federal Contract Tower,0,0,9,0,9,0,0,6,0,6,0,0,15,0,15,0,0,0,15
01/10/2014,BAZ,TX,ASW,CE,Federal Contract Tower,0,1,15,4,20,0,1,9,1,11,0,2,24,5,31,34,10,44,75
01/11/2014,BAZ,TX,ASW,CE,Federal Contract Tower,0,0,4,0,4,0,2,77,2,81,0,2,81,2,85,92,10,102,187
01/12/2014,BAZ,TX,ASW,CE,Federal Contract Tower,0,4,1,0,5,0,0,32,2,34,0,4,33,2,39,16,10,26,65
01/13/2014,BAZ,TX,ASW,CE,Federal Contract Tower,0,0,4,0,4,0,2,36,0,38,0,2,40,0,42,67,0,67,109
01/14/2014,BAZ,TX,ASW,CE,Federal Contract Tower,0,0,14,0,14,0,3,33,4,40,0,3,47,4,54,80,30,110,164
01/15/2014,BAZ,TX,ASW,CE,Federal Contract Tower,0,0,9,2,11,0,2,83,2,87,0,2,92,4,98,110,6,116,214
01/16/2014,BAZ,TX,ASW,CE,Federal Contract Tower,0,1,14,4,19,0,2,41,4,47,0,3,55,8,66,36,18,54,120
01/17/2014,BAZ,TX,ASW,CE,Federal Contract Tower,0,0,2,2,4,0,4,29,0,33,0,4,31,2,37,22,0,22,59
01/18/2014,BAZ,TX,ASW,CE,Federal Contract Tower,0,0,1,0,1,0,1,56,0,57,0,1,57,0,58,24,0,24,82
01/19/2014,BAZ,TX,ASW,CE,Federal Contract Tower,0,0,11,0,11,0,2,50,0,52,0,2,61,0,63,18,0,18,81
01/20/2014,BAZ,TX,ASW,CE,Federal Contract Tower,0,0,3,0,3,0,1,53,2,56,0,1,56,2,59,80,0,80,139
01/21/2014,BAZ,TX,ASW,CE,Federal Contract Tower,0,0,6,0,6,0,1,39,3,43,0,1,45,3,49,18,2,20,69
01/22/2014,BAZ,TX,ASW,CE,Federal Contract Tower,0,0,12,0,12,0,1,72,0,73,0,1,84,0,85,52,0,52,137
01/23/2014,BAZ,TX,ASW,CE,Federal Contract Tower,0,2,14,0,16,0,4,5,0,9,0,6,19,0,25,22,0,22,47
01/24/2014,BAZ,TX,ASW,CE,Federal Contract Tower,0,0,1,0,1,0,2,4,0,6,0,2,5,0,7,12,0,12,19
01/25/2014,BAZ,TX,ASW,CE,Federal Contract Tower,0,0,4,3,7,0,4,67,4,75,0,4,71,7,82,70,4,74,156
01/26/2014,BAZ,TX,ASW,CE,Federal Contract Tower,0,0,7,2,9,0,0,33,0,33,0,0,40,2,42,6,0,6,48
01/27/2014,BAZ,TX,ASW,CE,Federal Contract Tower,0,0,15,6,21,0,2,20,2,24,0,2,35,8,45,92,14,106,151
01/28/2014,BAZ,TX,ASW,CE,Federal Contract Tower,0,0,0,0,0,0,1,9,0,10,0,1,9,0,10,14,0,14,24
01/29/2014,BAZ,TX,ASW,CE,Federal Contract Tower,0,0,8,2,10,0,2,59,5,66,0,2,67,7,76,102,10,112,188
01/30/2014,BAZ,TX,ASW,CE,Federal Contract Tower,0,0,15,0,15,0,5,45,0,50,0,5,60,0,65,84,0,84,149
01/31/2014,BAZ,TX,ASW,CE,Federal Contract Tower,0,0,9,0,9,0,3,41,1,45,0,3,50,1,54,68,0,68,122
02/01/2014,BAZ,TX,ASW,CE,Federal Contract Tower,0,2,16,0,18,0,4,30,0,34,0,6,46,0,52,26,0,26,78
02/02/2014,BAZ,TX,ASW,CE,Federal Contract Tower,0,2,4,0,6,0,0,0,0,0,0,2,4,0,6,0,0,0,6
02/03/2014,BAZ,TX,ASW,CE,Federal Contract Tower,0,0,10,12,22,0,0,3,0,3,0,0,13,12,25,0,0,0,25
02/04/2014,BAZ,TX,ASW,CE,Federal Contract Tower,0,0,12,0,12,0,4,35,0,39,0,4,47,0,51,126,0,126,177
02/05/2014,BAZ,TX,ASW,CE,Federal Contract Tower,0,1,11,2,14,0,4,49,0,53,0,5,60,2,67,20,0,20,87
02/06/2014,BAZ,TX,ASW,CE,Federal Contract Tower,0,0,7,0,7,0,4,20,2,26,0,4,27,2,33,50,0,50,83
02/07/2014,BAZ,TX,ASW,CE,Federal Contract Tower,0,0,3,0,3,0,0,0,0,0,0,0,3,0,3,0,0,0,3
02/08/2014,BAZ,TX,ASW,CE,Federal Contract Tower,0,0,9,0,9,0,2,44,2,48,0,2,53,2,57,68,24,92,149
02/09/2014,BAZ,TX,ASW,CE,Federal Contract Tower,0,4,7,0,11,0,2,39,0,41,0,6,46,0,52,4,0,4,56
02/10/2014,BAZ,TX,ASW,CE,Federal Contract Tower,0,2,6,0,8,0,2,0,0,2,0,4,6,0,10,0,0,0,10
02/11/2014,BAZ,TX,ASW,CE,Federal Contract Tower,0,0,2,0,2,0,0,0,0,0,0,0,2,0,2,0,0,0,2
02/12/2014,BAZ,TX,ASW,CE,Federal Contract Tower,0,2,9,18,29,0,3,67,4,74,0,5,76,22,103,68,0,68,171
02/13/2014,BAZ,TX,ASW,CE,Federal Contract Tower,0,0,10,8,18,0,2,69,0,71,0,2,79,8,89,98,0,98,187
02/14/2014,BAZ,TX,ASW,CE,Federal Contract Tower,0,2,18,4,24,0,0,43,0,43,0,2,61,4,67,32,0,32,99
02/15/2014,BAZ,TX,ASW,CE,Federal Contract Tower,0,1,4,1,6,0,2,100,0,102,0,3,104,1,108,112,0,112,220
02/16/2014,BAZ,TX,ASW,CE,Federal Contract Tower,0,2,6,2,10,0,5,25,0,30,0,7,31,2,40,34,0,34,74
02/17/2014,BAZ,TX,ASW,CE,Federal Contract Tower,0,0,17,0,17,0,2,27,0,29,0,2,44,0,46,60,0,60,106
02/18/2014,BAZ,TX,ASW,CE,Federal Contract Tower,0,1,23,0,24,0,0,24,1,25,0,1,47,1,49,60,0,60,109
02/19/2014,BAZ,TX,ASW,CE,Federal Contract Tower,0,3,23,0,26,0,2,23,0,25,0,5,46,0,51,30,0,30,81
02/20/2014,BAZ,TX,ASW,CE,Federal Contract Tower,0,0,8,10,18,0,1,27,0,28,0,1,35,10,46,56,0,56,102
02/21/2014,BAZ,TX,ASW,CE,Federal Contract Tower,0,0,2,2,4,0,0,51,12,63,0,0,53,14,67,124,20,144,211
02/22/2014,BAZ,TX,ASW,CE,Federal Contract Tower,0,2,11,3,16,0,4,70,3,77,0,6,81,6,93,174,8,182,275
02/23/2014,BAZ,TX,ASW,CE,Federal Contract Tower,0,0,10,2,12,0,0,13,0,13,0,0,23,2,25,26,0,26,51
02/24/2014,BAZ,TX,ASW,CE,Federal Contract Tower,0,6,11,4,21,0,1,23,0,24,0,7,34,4,45,88,0,88,133
02/25/2014,BAZ,TX,ASW,CE,Federal Contract Tower,0,2,13,10,25,0,1,17,0,18,0,3,30,10,43,28,0,28,71
02/26/2014,BAZ,TX,ASW,CE,Federal Contract Tower,0,3,9,0,12,0,1,0,0,1,0,4,9,0,13,0,0,0,13
02/27/2014,BAZ,TX,ASW,CE,Federal Contract Tower,0,1,14,0,15,0,1,47,1,49,0,2,61,1,64,118,0,118,182
02/28/2014,BAZ,TX,ASW,CE,Federal Contract Tower,0,0,10,0,10,0,2,24,0,26,0,2,34,0,36,56,0,56,92
03/01/2014,BAZ,TX,ASW,CE,Federal Contract Tower,0,0,4,5,9,0,3,18,4,25,0,3,22,9,34,22,12,34,68
03/02/2014,BAZ,TX,ASW,CE,Federal Contract Tower,0,2,4,0,6,0,0,0,0,0,0,2,4,0,6,0,0,0,6
03/03/2014,BAZ,TX,ASW,CE,Federal Contract Tower,0,0,6,1,7,0,0,23,0,23,0,0,29,1,30,42,0,42,72
03/04/2014,BAZ,TX,ASW,CE,Federal Contract Tower,0,1,7,4,12,0,1,9,2,12,0,2,16,6,24,26,16,42,66
03/05/2014,BAZ,TX,ASW,CE,Federal Contract Tower,0,0,17,2,19,0,1,14,0,15,0,1,31,2,34,6,0,6,40
03/06/2014,BAZ,TX,ASW,CE,Federal Contract Tower,0,2,5,8,15,0,3,51,0,54,0,5,56,8,69,82,0,82,151
03/07/2014,BAZ,TX,ASW,CE,Federal Contract Tower,0,1,15,0,16,0,3,68,0,71,0,4,83,0,87,86,0,86,173
03/08/2014,BAZ,TX,ASW,CE,Federal Contract Tower,0,1,8,0,9,0,0,6,0,6,0,1,14,0,15,4,0,4,19
03/09/2014,BAZ,TX,ASW,CE,Federal Contract Tower,0,2,9,2,13,0,1,2,0,3,0,3,11,2,16,0,0,0,16
03/10/2014,BAZ,TX,ASW,CE,Federal Contract Tower,0,0,15,2,17,0,0,28,0,28,0,0,43,2,45,98,0,98,143
03/11/2014,BAZ,TX,ASW,CE,Federal Contract Tower,0,2,13,0,15,0,2,41,0,43,0,4,54,0,58,62,0,62,120
03/12/2014,BAZ,TX,ASW,CE,Federal Contract Tower,0,0,5,12,17,0,5,18,2,25,0,5,23,14,42,32,28,60,102
03/13/2014,BAZ,TX,ASW,CE,Federal Contract Tower,0,1,6,10,17,0,4,71,0,75,0,5,77,10,92,164,42,206,298
03/14/2014,BAZ,TX,ASW,CE,Federal Contract Tower,0,1,9,4,14,0,1,35,0,36,0,2,44,4,50,116,34,150,200
03/15/2014,BAZ,TX,ASW,CE,Federal Contract Tower,0,1,9,0,10,0,1,14,0,15,0,2,23,0,25,50,0,50,75
03/16/2014,BAZ,TX,ASW,CE,Federal Contract Tower,0,0,11,0,11,0,0,5,0,5,0,0,16,0,16,10,0,10,26
03/17/2014,BAZ,TX,ASW,CE,Federal Contract Tower,0,1,5,6,12,0,4,43,0,47,0,5,48,6,59,42,4,46,105
03/18/2014,BAZ,TX,ASW,CE,Federal Contract Tower,0,1,2,0,3,0,2,47,6,55,0,3,49,6,58,44,52,96,154
03/19/2014,BAZ,TX,ASW,CE,Federal Contract Tower,0,0,19,2,21,0,2,32,0,34,0,2,51,2,55,54,10,64,119
03/20/2014,BAZ,TX,ASW,CE,Federal Contract Tower,0,0,7,7,14,0,2,57,1,60,0,2,64,8,74,62,8,70,144
03/21/2014,BAZ,TX,ASW,CE,Federal Contract Tower,0,0,18,3,21,0,3,24,2,29,0,3,42,5,50,44,16,60,110
03/22/2014,BAZ,TX,ASW,CE,Federal Contract Tower,0,1,11,0,12,0,1,8,0,9,0,2,19,0,21,34,0,34,55
03/23/2014,BAZ,TX,ASW,CE,Federal Contract Tower,0,0,5,2,7,0,4,12,0,16,0,4,17,2,23,14,0,14,37
03/24/2014,BAZ,TX,ASW,CE,Federal Contract Tower,0,4,12,0,16,0,0,30,0,30,0,4,42,0,46,96,0,96,142
03/25/2014,BAZ,TX,ASW,CE,Federal Contract Tower,0,1,13,0,14,0,2,27,2,31,0,3,40,2,45,54,40,94,139
03/26/2014,BAZ,TX,ASW,CE,Federal Contract Tower,0,0,6,0,6,0,2,4,0,6,0,2,10,0,12,0,0,0,12
03/27/2014,BAZ,TX,ASW,CE,Federal Contract Tower,0,0,9,4,13,0,2,22,0,24,0,2,31,4,37,82,0,82,119
03/28/2014,BAZ,TX,ASW,CE,Federal Contract Tower,0,0,14,0,14,0,3,41,0,44,0,3,55,0,58,86,0,86,144
03/29/2014,BAZ,TX,ASW,CE,Federal Contract Tower,0,0,4,6,10,0,3,66,0,69,0,3,70,6,79,60,0,60,139
03/30/2014,BAZ,TX,ASW,CE,Federal Contract Tower,0,0,3,0,3,0,2,33,2,37,0,2,36,2,40,6,4,10,50
03/31/2014,BAZ,TX,ASW,CE,Federal Contract Tower,0,2,8,0,10,0,1,36,0,37,0,3,44,0,47,26,0,26,73
04/01/2014,BAZ,TX,ASW,CE,Federal Contract Tower,0,6,17,2,25,0,0,27,0,27,0,6,44,2,52,26,0,26,78
04/02/2014,BAZ,TX,ASW,CE,Federal Contract Tower,0,2,17,8,27,0,0,16,0,16,0,2,33,8,43,10,0,10,53
04/03/2014,BAZ,TX,ASW,CE,Federal Contract Tower,0,0,21,18,39,0,0,26,0,26,0,0,47,18,65,32,0,32,97
04/04/2014,BAZ,TX,ASW,CE,Federal Contract Tower,0,2,11,0,13,0,5,35,6,46,0,7,46,6,59,12,32,44,103
04/05/2014,BAZ,TX,ASW,CE,Federal Contract Tower,0,0,9,0,9,0,2,35,0,37,0,2,44,0,46,48,0,48,94
04/06/2014,BAZ,TX,ASW,CE,Federal Contract Tower,0,0,5,4,9,0,1,1,0,2,0,1,6,4,11,4,0,4,15
04/07/2014,BAZ,TX,ASW,CE,Federal Contract Tower,0,0,10,16,26,0,8,25,4,37,0,8,35,20,63,32,0,32,95
04/08/2014,BAZ,TX,ASW,CE,Federal Contract Tower,0,0,5,4,9,0,0,36,0,36,0,0,41,4,45,72,0,72,117
04/09/2014,BAZ,TX,ASW,CE,Federal Contract Tower,0,1,11,8,20,0,1,76,1,78,0,2,87,9,98,116,6,122,220
04/10/2014,BAZ,TX,ASW,CE,Federal Contract Tower,0,0,8,15,23,0,0,57,0,57,0,0,65,15,80,102,6,108,188
04/11/2014,BAZ,TX,ASW,CE,Federal Contract Tower,0,1,18,1,20,0,2,34,1,37,0,3,52,2,57,52,0,52,109
04/12/2014,BAZ,TX,ASW,CE,Federal Contract Tower,0,0,8,1,9,0,0,49,0,49,0,0,57,1,58,30,0,30,88
04/13/2014,BAZ,TX,ASW,CE,Federal Contract Tower,0,2,2,0,4,0,2,17,0,19,0,4,19,0,23,24,0,24,47
04/14/2014,BAZ,TX,ASW,CE,Federal Contract Tower,0,0,4,0,4,0,6,11,0,17,0,6,15,0,21,16,0,16,37
04/15/2014,BAZ,TX,ASW,CE,Federal Contract Tower,0,2,17,4,23,0,1,50,0,51,0,3,67,4,74,148,0,148,222
04/16/2014,BAZ,TX,ASW,CE,Federal Contract Tower,0,2,8,4,14,0,2,79,0,81,0,4,87,4,95,154,0,154,249
04/17/2014,BAZ,TX,ASW,CE,Federal Contract Tower,0,2,14,10,26,0,1,8,0,9,0,3,22,10,35,10,16,26,61
04/18/2014,BAZ,TX,ASW,CE,Federal Contract Tower,0,3,10,4,17,0,5,32,0,37,0,8,42,4,54,94,0,94,148
04/19/2014,BAZ,TX,ASW,CE,Federal Contract Tower,0,0,9,1,10,0,4,32,0,36,0,4,41,1,46,30,0,30,76
04/20/2014,BAZ,TX,ASW,CE,Federal Contract Tower,0,4,9,0,13,0,1,9,0,10,0,5,18,0,23,0,0,0,23
04/21/2014,BAZ,TX,ASW,CE,Federal Contract Tower,0,1,21,0,22,0,0,24,0,24,0,1,45,0,46,42,0,42,88
04/22/2014,BAZ,TX,ASW,CE,Federal Contract Tower,0,1,24,2,27,0,1,56,0,57,0,2,80,2,84,96,20,116,200
04/23/2014,BAZ,TX,ASW,CE,Federal Contract Tower,0,2,11,0,13,0,3,74,2,79,0,5,85,2,92,100,2,102,194
04/24/2014,BAZ,TX,ASW,CE,Federal Contract Tower,0,0,36,2,38,0,2,37,0,39,0,2,73,2,77,94,0,94,171
04/25/2014,BAZ,TX,ASW,CE,Federal Contract Tower,0,3,26,0,29,0,3,28,8,39,0,6,54,8,68,110,14,124,192
04/26/2014,BAZ,TX,ASW,CE,Federal Contract Tower,0,2,35,0,37,0,0,32,0,32,0,2,67,0,69,58,0,58,127
04/27/2014,BAZ,TX,ASW,CE,Federal Contract Tower,0,0,5,0,5,0,0,21,2,23,0,0,26,2,28,30,16,46,74
04/28/2014,BAZ,TX,ASW,CE,Federal Contract Tower,0,0,13,0,13,0,4,49,2,55,0,4,62,2,68,128,14,142,210
04/29/2014,BAZ,TX,ASW,CE,Federal Contract Tower,0,2,12,0,14,0,6,49,0,55,0,8,61,0,69,66,0,66,135
04/30/2014,BAZ,TX,ASW,CE,Federal Contract Tower,0,0,9,4,13,0,0,44,2,46,0,0,53,6,59,16,8,24,83
05/01/2014,BAZ,TX,ASW,CE,Federal Contract Tower,0,2,5,2,9,0,2,44,0,46,0,4,49,2,55,88,4,92,147
05/02/2014,BAZ,TX,ASW,CE,Federal Contract Tower,0,0,4,5,9,0,2,62,2,66,0,2,66,7,75,72,4,76,151
05/03/2014,BAZ,TX,ASW,CE,Federal Contract Tower,0,0,4,0,4,0,3,44,4,51,0,3,48,4,55,52,2,54,109
05/04/2014,BAZ,TX,ASW,CE,Federal Contract Tower,0,2,4,0,6,0,5,31,0,36,0,7,35,0,42,10,0,10,52
05/05/2014,BAZ,TX,ASW,CE,Federal Contract Tower,0,0,11,0,11,0,2,40,0,42,0,2,51,0,53,74,0,74,127
05/06/2014,BAZ,TX,ASW,CE,Federal Contract Tower,0,0,15,4,19,0,4,26,0,30,0,4,41,4,49,46,4,50,99
05/07/2014,BAZ,TX,ASW,CE,Federal Contract Tower,0,2,12,6,20,0,2,27,2,31,0,4,39,8,51,26,16,42,93
05/08/2014,BAZ,TX,ASW,CE,Federal Contract Tower,0,0,7,0,7,0,2,7,0,9,0,2,14,0,16,60,0,60,76
05/09/2014,BAZ,TX,ASW,CE,Federal Contract Tower,0,2,6,10,18,0,0,5,0,5,0,2,11,10,23,0,0,0,23
05/10/2014,BAZ,TX,ASW,CE,Federal Contract Tower,0,1,5,0,6,0,3,72,0,75,0,4,77,0,81,84,0,84,165
05/11/2014,BAZ,TX,ASW,CE,Federal Contract Tower,0,3,5,0,8,0,0,29,0,29,0,3,34,0,37,12,0,12,49
05/12/2014,BAZ,TX,ASW,CE,Federal Contract Tower,0,0,16,4,20,0,0,10,0,10,0,0,26,4,30,24,2,26,56
05/13/2014,BAZ,TX,ASW,CE,Federal Contract Tower,0,0,11,1,12,0,0,9,0,9,0,0,20,1,21,22,0,22,43
05/14/2014,BAZ,TX,ASW,CE,Federal Contract Tower,0,0,7,9,16,0,2,38,2,42,0,2,45,11,58,14,0,14,72
05/15/2014,BAZ,TX,ASW,CE,Federal Contract Tower,0,0,9,4,13,0,2,62,0,64,0,2,71,4,77,80,0,80,157
05/16/2014,BAZ,TX,ASW,CE,Federal Contract Tower,0,0,6,0,6,0,2,30,0,32,0,2,36,0,38,22,0,22,60
05/17/2014,BAZ,TX,ASW,CE,Federal Contract Tower,0,0,13,0,13,0,4,46,0,50,0,4,59,0,63,60,0,60,123
05/18/2014,BAZ,TX,ASW,CE,Federal Contract Tower,0,0,10,3,13,0,1,42,0,43,0,1,52,3,56,46,2,48,104
05/19/2014,BAZ,TX,ASW,CE,Federal Contract Tower,0,0,7,1,8,0,2,25,0,27,0,2,32,1,35,34,0,34,69
05/20/2014,BAZ,TX,ASW,CE,Federal Contract Tower,0,0,19,0,19,0,0,39,2,41,0,0,58,2,60,160,8,168,228
05/21/2014,BAZ,TX,ASW,CE,Federal Contract Tower,0,2,13,0,15,0,0,36,0,36,0,2,49,0,51,52,0,52,103
05/22/2014,BAZ,TX,ASW,CE,Federal Contract Tower,0,0,15,0,15,0,2,12,0,14,0,2,27,0,29,40,0,40,69
05/23/2014,BAZ,TX,ASW,CE,Federal Contract Tower,0,0,10,0,10,0,4,39,0,43,0,4,49,0,53,32,0,32,85
05/24/2014,BAZ,TX,ASW,CE,Federal Contract Tower,0,0,7,0,7,0,2,9,0,11,0,2,16,0,18,20,0,20,38
05/25/2014,BAZ,TX,ASW,CE,Federal Contract Tower,0,0,4,0,4,0,4,5,2,11,0,4,9,2,15,0,0,0,15
05/26/2014,BAZ,TX,ASW,CE,Federal Contract Tower,0,0,7,0,7,0,2,4,0,6,0,2,11,0,13,22,0,22,35
05/27/2014,BAZ,TX,ASW,CE,Federal Contract Tower,0,0,15,0,15,0,0,5,0,5,0,0,20,0,20,2,0,2,22
05/28/2014,BAZ,TX,ASW,CE,Federal Contract Tower,0,1,15,2,18,0,0,35,0,35,0,1,50,2,53,40,0,40,93
05/29/2014,BAZ,TX,ASW,CE,Federal Contract Tower,0,3,7,2,12,0,1,65,0,66,0,4,72,2,78,98,0,98,176
05/30/2014,BAZ,TX,ASW,CE,Federal Contract Tower,0,0,17,6,23,0,2,42,0,44,0,2,59,6,67,72,0,72,139
05/31/2014,BAZ,TX,ASW,CE,Federal Contract Tower,0,4,4,0,8,0,5,43,0,48,0,9,47,0,56,46,0,46,102
06/01/2014,BAZ,TX,ASW,CE,Federal Contract Tower,0,0,0,6,6,0,0,0,22,22,0,0,0,28,28,20,0,20,48
06/02/2014,BAZ,TX,ASW,CE,Federal Contract Tower,0,0,19,2,21,0,0,29,0,29,0,0,48,2,50,32,0,32,82
06/03/2014,BAZ,TX,ASW,CE,Federal Contract Tower,0,0,11,1,12,0,8,33,0,41,0,8,44,1,53,64,2,66,119
06/04/2014,BAZ,TX,ASW,CE,Federal Contract Tower,0,2,14,2,18,0,0,45,0,45,0,2,59,2,63,58,0,58,121
06/05/2014,BAZ,TX,ASW,CE,Federal Contract Tower,0,1,28,2,31,0,1,47,0,48,0,2,75,2,79,70,0,70,149
06/06/2014,BAZ,TX,ASW,CE,Federal Contract Tower,0,0,9,0,9,0,2,32,0,34,0,2,41,0,43,38,0,38,81
06/07/2014,BAZ,TX,ASW,CE,Federal Contract Tower,0,0,5,0,5,0,0,49,0,49,0,0,54,0,54,64,0,64,118
06/08/2014,BAZ,TX,ASW,CE,Federal Contract Tower,0,0,7,0,7,0,0,26,0,26,0,0,33,0,33,34,0,34,67
06/09/2014,BAZ,TX,ASW,CE,Federal Contract Tower,0,0,14,0,14,0,0,9,0,9,0,0,23,0,23,0,0,0,23
06/10/2014,BAZ,TX,ASW,CE,Federal Contract Tower,0,0,7,1,8,0,3,48,1,52,0,3,55,2,60,106,2,108,168
06/11/2014,BAZ,TX,ASW,CE,Federal Contract Tower,0,0,8,2,10,0,2,72,2,76,0,2,80,4,86,28,18,46,132
06/12/2014,BAZ,TX,ASW,CE,Federal Contract Tower,0,0,19,16,35,0,1,42,0,43,0,1,61,16,78,50,0,50,128
06/13/2014,BAZ,TX,ASW,CE,Federal Contract Tower,0,0,23,0,23,0,0,51,1,52,0,0,74,1,75,48,8,56,131
06/14/2014,BAZ,TX,ASW,CE,Federal Contract Tower,0,0,5,2,7,0,5,61,1,67,0,5,66,3,74,82,2,84,158
06/15/2014,BAZ,TX,ASW,CE,Federal Contract Tower,0,0,13,2,15,0,2,31,8,41,0,2,44,10,56,32,12,44,100
06/16/2014,BAZ,TX,ASW,CE,Federal Contract Tower,0,0,13,4,17,0,3,51,2,56,0,3,64,6,73,90,0,90,163
06/17/2014,BAZ,TX,ASW,CE,Federal Contract Tower,0,1,16,0,17,0,4,38,0,42,0,5,54,0,59,144,0,144,203
06/18/2014,BAZ,TX,ASW,CE,Federal Contract Tower,0,0,16,4,20,0,5,47,0,52,0,5,63,4,72,76,0,76,148
06/19/2014,BAZ,TX,ASW,CE,Federal Contract Tower,0,1,16,6,23,0,4,44,0,48,0,5,60,6,71,100,4,104,175
06/20/2014,BAZ,TX,ASW,CE,Federal Contract Tower,0,1,19,0,20,0,3,26,0,29,0,4,45,0,49,122,0,122,171
06/21/2014,BAZ,TX,ASW,CE,Federal Contract Tower,0,1,6,0,7,0,3,49,0,52,0,4,55,0,59,120,0,120,179
06/22/2014,BAZ,TX,ASW,CE,Federal Contract Tower,0,3,9,0,12,0,2,19,0,21,0,5,28,0,33,0,0,0,33
06/23/2014,BAZ,TX,ASW,CE,Federal Contract Tower,0,0,18,0,18,0,2,34,0,36,0,2,52,0,54,44,0,44,98
06/24/2014,BAZ,TX,ASW,CE,Federal Contract Tower,0,0,16,2,18,0,2,28,0,30,0,2,44,2,48,32,0,32,80
06/25/2014,BAZ,TX,ASW,CE,Federal Contract Tower,0,0,13,2,15,0,0,18,4,22,0,0,31,6,37,30,24,54,91
06/26/2014,BAZ,TX,ASW,CE,Federal Contract Tower,0,1,18,1,20,0,1,12,1,14,0,2,30,2,34,34,20,54,88
06/27/2014,BAZ,TX,ASW,CE,Federal Contract Tower,0,2,29,2,33,0,2,22,0,24,0,4,51,2,57,58,0,58,115
06/28/2014,BAZ,TX,ASW,CE,Federal Contract Tower,0,0,14,0,14,0,7,35,0,42,0,7,49,0,56,78,0,78,134
06/29/2014,BAZ,TX,ASW,CE,Federal Contract Tower,0,0,8,0,8,0,3,17,0,20,0,3,25,0,28,10,0,10,38
06/30/2014,BAZ,TX,ASW,CE,Federal Contract Tower,0,0,16,0,16,0,3,25,0,28,0,3,41,0,44,92,0,92,136
07/01/2014,BAZ,TX,ASW,CE,Federal Contract Tower,0,0,8,4,12,0,1,33,0,34,0,1,41,4,46,70,0,70,116
07/02/2014,BAZ,TX,ASW,CE,Federal Contract Tower,0,0,21,6,27,0,5,67,0,72,0,5,88,6,99,76,0,76,175
07/03/2014,BAZ,TX,ASW,CE,Federal Contract Tower,0,0,13,8,21,0,3,46,0,49,0,3,59,8,70,56,0,56,126
07/04/2014,BAZ,TX,ASW,CE,Federal Contract Tower,0,2,2,0,4,0,4,16,0,20,0,6,18,0,24,0,0,0,24
07/05/2014,BAZ,TX,ASW,CE,Federal Contract Tower,0,0,4,0,4,0,2,35,0,37,0,2,39,0,41,28,0,28,69
07/06/2014,BAZ,TX,ASW,CE,Federal Contract Tower,0,0,13,0,13,0,2,31,0,33,0,2,44,0,46,2,0,2,48
07/07/2014,BAZ,TX,ASW,CE,Federal Contract Tower,0,0,11,0,11,0,4,41,0,45,0,4,52,0,56,46,0,46,102
07/08/2014,BAZ,TX,ASW,CE,Federal Contract Tower,0,4,7,4,15,0,2,25,0,27,0,6,32,4,42,64,0,64,106
07/09/2014,BAZ,TX,ASW,CE,Federal Contract Tower,0,2,11,12,25,0,9,43,0,52,0,11,54,12,77,45,0,45,122
07/10/2014,BAZ,TX,ASW,CE,Federal Contract Tower,0,0,14,12,26,0,8,26,0,34,0,8,40,12,60,80,22,102,162
07/11/2014,BAZ,TX,ASW,CE,Federal Contract Tower,0,0,17,0,17,0,3,40,0,43,0,3,57,0,60,94,0,94,154
07/12/2014,BAZ,TX,ASW,CE,Federal Contract Tower,0,0,11,5,16,0,1,52,2,55,0,1,63,7,71,22,2,24,95
07/13/2014,BAZ,TX,ASW,CE,Federal Contract Tower,0,0,4,2,6,0,1,34,0,35,0,1,38,2,41,16,0,16,57
07/14/2014,BAZ,TX,ASW,CE,Federal Contract Tower,0,0,14,5,19,0,6,42,1,49,0,6,56,6,68,104,20,124,192
07/15/2014,BAZ,TX,ASW,CE,Federal Contract Tower,0,0,12,6,18,0,3,28,1,32,0,3,40,7,50,68,8,76,126
07/16/2014,BAZ,TX,ASW,CE,Federal Contract Tower,0,0,16,4,20,0,0,44,2,46,0,0,60,6,66,34,0,34,100
07/17/2014,BAZ,TX,ASW,CE,Federal Contract Tower,0,2,12,10,24,0,4,17,0,21,0,6,29,10,45,54,0,54,99
07/18/2014,BAZ,TX,ASW,CE,Federal Contract Tower,0,0,23,0,23,0,2,17,0,19,0,2,40,0,42,64,0,64,106
07/19/2014,BAZ,TX,ASW,CE,Federal Contract Tower,0,0,8,0,8,0,4,49,2,55,0,4,57,2,63,60,0,60,123
07/20/2014,BAZ,TX,ASW,CE,Federal Contract Tower,0,5,12,0,17,0,2,27,0,29,0,7,39,0,46,0,0,0,46
07/21/2014,BAZ,TX,ASW,CE,Federal Contract Tower,0,0,7,16,23,0,2,41,0,43,0,2,48,16,66,80,0,80,146
07/22/2014,BAZ,TX,ASW,CE,Federal Contract Tower,0,5,9,14,28,0,3,46,2,51,0,8,55,16,79,46,2,48,127
07/23/2014,BAZ,TX,ASW,CE,Federal Contract Tower,0,4,14,10,28,0,0,34,0,34,0,4,48,10,62,40,0,40,102
07/24/2014,BAZ,TX,ASW,CE,Federal Contract Tower,0,0,8,12,20,0,3,25,0,28,0,3,33,12,48,62,0,62,110
07/25/2014,BAZ,TX,ASW,CE,Federal Contract Tower,0,0,14,8,22,0,1,40,0,41,0,1,54,8,63,80,0,80,143
07/26/2014,BAZ,TX,ASW,CE,Federal Contract Tower,0,0,5,0,5,0,4,49,0,53,0,4,54,0,58,40,0,40,98
07/27/2014,BAZ,TX,ASW,CE,Federal Contract Tower,0,0,9,2,11,0,2,28,0,30,0,2,37,2,41,64,0,64,105
07/28/2014,BAZ,TX,ASW,CE,Federal Contract Tower,0,0,14,0,14,0,2,26,2,30,0,2,40,2,44,30,0,30,74
07/29/2014,BAZ,TX,ASW,CE,Federal Contract Tower,0,2,9,10,21,0,4,25,2,31,0,6,34,12,52,0,0,0,52
07/30/2014,BAZ,TX,ASW,CE,Federal Contract Tower,0,0,1,12,13,0,0,49,0,49,0,0,50,12,62,72,0,72,134
07/31/2014,BAZ,TX,ASW,CE,Federal Contract Tower,0,1,8,22,31,0,3,28,0,31,0,4,36,22,62,26,0,26,88
08/01/2014,BAZ,TX,ASW,CE,Federal Contract Tower,0,1,17,14,32,0,0,38,0,38,0,1,55,14,70,60,2,62,132
08/02/2014,BAZ,TX,ASW,CE,Federal Contract Tower,0,0,4,0,4,0,4,65,0,69,0,4,69,0,73,62,0,62,135
08/03/2014,BAZ,TX,ASW,CE,Federal Contract Tower,0,0,5,0,5,0,1,31,0,32,0,1,36,0,37,2,0,2,39
08/04/2014,BAZ,TX,ASW,CE,Federal Contract Tower,0,0,11,8,19,0,2,26,0,28,0,2,37,8,47,50,0,50,97
08/05/2014,BAZ,TX,ASW,CE,Federal Contract Tower,0,0,10,0,10,0,0,39,0,39,0,0,49,0,49,60,0,60,109
08/06/2014,BAZ,TX,ASW,CE,Federal Contract Tower,0,0,1,0,1,0,1,55,0,56,0,1,56,0,57,48,0,48,105
08/07/2014,BAZ,TX,ASW,CE,Federal Contract Tower,0,0,22,12,34,0,2,41,0,43,0,2,63,12,77,76,0,76,153
08/08/2014,BAZ,TX,ASW,CE,Federal Contract Tower,0,0,13,0,13,0,1,32,0,33,0,1,45,0,46,16,0,16,62
08/09/2014,BAZ,TX,ASW,CE,Federal Contract Tower,0,0,5,0,5,0,4,58,0,62,0,4,63,0,67,12,0,12,79
08/10/2014,BAZ,TX,ASW,CE,Federal Contract Tower,0,0,2,0,2,0,2,29,0,31,0,2,31,0,33,8,0,8,41
08/11/2014,BAZ,TX,ASW,CE,Federal Contract Tower,0,0,18,4,22,0,2,36,2,40,0,2,54,6,62,62,6,68,130
08/12/2014,BAZ,TX,ASW,CE,Federal Contract Tower,0,0,8,4,12,0,0,46,0,46,0,0,54,4,58,28,0,28,86
08/13/2014,BAZ,TX,ASW,CE,Federal Contract Tower,0,0,10,8,18,0,0,60,0,60,0,0,70,8,78,164,10,174,252
08/14/2014,BAZ,TX,ASW,CE,Federal Contract Tower,0,0,11,10,21,0,4,31,0,35,0,4,42,10,56,114,0,114,170
08/15/2014,BAZ,TX,ASW,CE,Federal Contract Tower,0,0,20,0,20,0,1,35,2,38,0,1,55,2,58,40,0,40,98
08/16/2014,BAZ,TX,ASW,CE,Federal Contract Tower,0,2,7,0,9,0,2,50,0,52,0,4,57,0,61,92,0,92,153
08/17/2014,BAZ,TX,ASW,CE,Federal Contract Tower,0,0,4,0,4,0,0,42,0,42,0,0,46,0,46,40,0,40,86
08/18/2014,BAZ,TX,ASW,CE,Federal Contract Tower,0,0,10,1,11,0,7,33,0,40,0,7,43,1,51,44,0,44,95
08/19/2014,BAZ,TX,ASW,CE,Federal Contract Tower,0,0,4,0,4,0,2,36,0,38,0,2,40,0,42,90,0,90,132
08/20/2014,BAZ,TX,ASW,CE,Federal Contract Tower,0,0,7,0,7,0,2,34,0,36,0,2,41,0,43,26,0,26,69
08/21/2014,BAZ,TX,ASW,CE,Federal Contract Tower,0,3,6,8,17,0,1,27,2,30,0,4,33,10,47,40,10,50,97
08/22/2014,BAZ,TX,ASW,CE,Federal Contract Tower,0,2,5,4,11,0,2,37,0,39,0,4,42,4,50,74,0,74,124
08/23/2014,BAZ,TX,ASW,CE,Federal Contract Tower,0,0,3,0,3,0,6,65,0,71,0,6,68,0,74,124,0,124,198
08/24/2014,BAZ,TX,ASW,CE,Federal Contract Tower,0,0,5,6,11,0,0,46,0,46,0,0,51,6,57,74,2,76,133
08/25/2014,BAZ,TX,ASW,CE,Federal Contract Tower,0,0,8,2,10,0,1,33,0,34,0,1,41,2,44,24,0,24,68
08/26/2014,BAZ,TX,ASW,CE,Federal Contract Tower,0,0,3,0,3,0,0,26,3,29,0,0,29,3,32,18,6,24,56
08/27/2014,BAZ,TX,ASW,CE,Federal Contract Tower,0,0,8,2,10,0,0,35,4,39,0,0,43,6,49,28,0,28,77
08/28/2014,BAZ,TX,ASW,CE,Federal Contract Tower,0,1,6,8,15,0,2,24,0,26,0,3,30,8,41,18,0,18,59
08/29/2014,BAZ,TX,ASW,CE,Federal Contract Tower,0,1,19,5,25,0,8,24,0,32,0,9,43,5,57,42,4,46,103
08/30/2014,BAZ,TX,ASW,CE,Federal Contract Tower,0,0,8,0,8,0,5,26,0,31,0,5,34,0,39,32,0,32,71
08/31/2014,BAZ,TX,ASW,CE,Federal Contract Tower,0,3,4,0,7,0,1,13,0,14,0,4,17,0,21,4,0,4,25
09/01/2014,BAZ,TX,ASW,CE,Federal Contract Tower,0,1,9,0,10,0,1,21,0,22,0,2,30,0,32,12,0,12,44
09/02/2014,BAZ,TX,ASW,CE,Federal Contract Tower,0,1,6,16,23,0,0,37,2,39,0,1,43,18,62,38,4,42,104
09/03/2014,BAZ,TX,ASW,CE,Federal Contract Tower,0,2,17,2,21,0,3,32,0,35,0,5,49,2,56,32,0,32,88
09/04/2014,BAZ,TX,ASW,CE,Federal Contract Tower,0,0,17,6,23,0,2,34,1,37,0,2,51,7,60,68,0,68,128
09/05/2014,BAZ,TX,ASW,CE,Federal Contract Tower,0,0,9,8,17,0,1,31,0,32,0,1,40,8,49,16,0,16,65
09/06/2014,BAZ,TX,ASW,CE,Federal Contract Tower,0,0,4,0,4,0,0,33,0,33,0,0,37,0,37,64,0,64,101
09/07/2014,BAZ,TX,ASW,CE,Federal Contract Tower,0,0,5,8,13,0,6,17,1,24,0,6,22,9,37,20,12,32,69
09/08/2014,BAZ,TX,ASW,CE,Federal Contract Tower,0,0,11,6,17,0,0,48,2,50,0,0,59,8,67,126,44,170,237
09/09/2014,BAZ,TX,ASW,CE,Federal Contract Tower,0,0,20,0,20,0,2,39,0,41,0,2,59,0,61,72,0,72,133
09/10/2014,BAZ,TX,ASW,CE,Federal Contract Tower,0,0,12,3,15,0,2,39,0,41,0,2,51,3,56,46,46,92,148
09/11/2014,BAZ,TX,ASW,CE,Federal Contract Tower,0,0,8,0,8,0,2,32,0,34,0,2,40,0,42,16,0,16,58
09/12/2014,BAZ,TX,ASW,CE,Federal Contract Tower,0,0,8,1,9,0,0,35,0,35,0,0,43,1,44,60,0,60,104
09/13/2014,BAZ,TX,ASW,CE,Federal Contract Tower,0,3,9,0,12,0,3,4,0,7,0,6,13,0,19,0,0,0,19
09/14/2014,BAZ,TX,ASW,CE,Federal Contract Tower,0,2,9,1,12,0,2,12,0,14,0,4,21,1,26,30,0,30,56
09/15/2014,BAZ,TX,ASW,CE,Federal Contract Tower,0,2,10,2,14,0,0,39,0,39,0,2,49,2,53,94,8,102,155
09/16/2014,BAZ,TX,ASW,CE,Federal Contract Tower,0,2,6,2,10,0,1,29,0,30,0,3,35,2,40,52,0,52,92
09/17/2014,BAZ,TX,ASW,CE,Federal Contract Tower,0,2,9,6,17,0,3,17,0,20,0,5,26,6,37,34,0,34,71
09/18/2014,BAZ,TX,ASW,CE,Federal Contract Tower,0,0,8,6,14,0,2,26,0,28,0,2,34,6,42,70,16,86,128
09/19/2014,BAZ,TX,ASW,CE,Federal Contract Tower,0,3,11,3,17,0,2,19,0,21,0,5,30,3,38,72,0,72,110
09/20/2014,BAZ,TX,ASW,CE,Federal Contract Tower,0,0,12,0,12,0,4,4,0,8,0,4,16,0,20,10,0,10,30
09/21/2014,BAZ,TX,ASW,CE,Federal Contract Tower,0,0,5,0,5,0,0,26,2,28,0,0,31,2,33,14,0,14,47
09/22/2014,BAZ,TX,ASW,CE,Federal Contract Tower,0,0,5,0,5,0,2,53,0,55,0,2,58,0,60,90,0,90,150
09/23/2014,BAZ,TX,ASW,CE,Federal Contract Tower,0,2,8,4,14,0,1,70,4,75,0,3,78,8,89,106,4,110,199
09/24/2014,BAZ,TX,ASW,CE,Federal Contract Tower,0,1,11,2,14,0,2,102,0,104,0,3,113,2,118,132,0,132,250
09/25/2014,BAZ,TX,ASW,CE,Federal Contract Tower,0,1,18,10,29,0,7,79,0,86,0,8,97,10,115,113,0,113,228
09/26/2014,BAZ,TX,ASW,CE,Federal Contract Tower,0,0,14,6,20,0,3,55,0,58,0,3,69,6,78,92,0,92,170
09/27/2014,BAZ,TX,ASW,CE,Federal Contract Tower,0,0,6,0,6,0,2,41,0,43,0,2,47,0,49,40,0,40,89
09/28/2014,BAZ,TX,ASW,CE,Federal Contract Tower,0,0,8,0,8,0,4,54,0,58,0,4,62,0,66,66,0,66,132
09/29/2014,BAZ,TX,ASW,CE,Federal Contract Tower,0,0,2,2,4,0,2,53,0,55,0,2,55,2,59,56,0,56,115
09/30/2014,BAZ,TX,ASW,CE,Federal Contract Tower,0,0,4,4,8,0,4,38,0,42,0,4,42,4,50,44,0,44,94
10/01/2014,BAZ,TX,ASW,CE,Federal Contract Tower,0,0,13,10,23,0,3,62,2,67,0,3,75,12,90,194,2,196,286
10/02/2014,BAZ,TX,ASW,CE,Federal Contract Tower,0,0,11,8,19,0,1,24,2,27,0,1,35,10,46,82,14,96,142
10/03/2014,BAZ,TX,ASW,CE,Federal Contract Tower,0,0,5,2,7,0,5,62,0,67,0,5,67,2,74,84,0,84,158
10/04/2014,BAZ,TX,ASW,CE,Federal Contract Tower,0,0,6,0,6,0,2,69,0,71,0,2,75,0,77,16,0,16,93
10/05/2014,BAZ,TX,ASW,CE,Federal Contract Tower,0,0,9,0,9,0,1,31,0,32,0,1,40,0,41,6,0,6,47
10/06/2014,BAZ,TX,ASW,CE,Federal Contract Tower,0,0,16,0,16,0,0,0,0,0,0,0,16,0,16,54,0,54,70
10/07/2014,BAZ,TX,ASW,CE,Federal Contract Tower,0,2,7,0,9,0,1,34,0,35,0,3,41,0,44,66,0,66,110
10/08/2014,BAZ,TX,ASW,CE,Federal Contract Tower,0,1,13,12,26,0,0,52,2,54,0,1,65,14,80,80,0,80,160
10/09/2014,BAZ,TX,ASW,CE,Federal Contract Tower,0,1,8,4,13,0,1,46,0,47,0,2,54,4,60,78,0,78,138
10/10/2014,BAZ,TX,ASW,CE,Federal Contract Tower,0,0,9,4,13,0,0,56,0,56,0,0,65,4,69,58,26,84,153
10/11/2014,BAZ,TX,ASW,CE,Federal Contract Tower,0,1,11,0,12,0,3,8,0,11,0,4,19,0,23,16,0,16,39
10/12/2014,BAZ,TX,ASW,CE,Federal Contract Tower,0,2,7,0,9,0,0,15,0,15,0,2,22,0,24,2,0,2,26
10/13/2014,BAZ,TX,ASW,CE,Federal Contract Tower,0,0,3,0,3,0,0,29,0,29,0,0,32,0,32,2,0,2,34
10/14/2014,BAZ,TX,ASW,CE,Federal Contract Tower,0,0,9,4,13,0,1,43,0,44,0,1,52,4,57,104,0,104,161
10/15/2014,BAZ,TX,ASW,CE,Federal Contract Tower,0,0,10,10,20,0,3,69,2,74,0,3,79,12,94,106,10,116,210
10/16/2014,BAZ,TX,ASW,CE,Federal Contract Tower,0,0,3,4,7,0,3,66,0,69,0,3,69,4,76,138,0,138,214
10/17/2014,BAZ,TX,ASW,CE,Federal Contract Tower,0,2,8,0,10,0,2,59,0,61,0,4,67,0,71,150,0,150,221
10/18/2014,BAZ,TX,ASW,CE,Federal Contract Tower,0,0,10,0,10,0,5,42,0,47,0,5,52,0,57,86,0,86,143
10/19/2014,BAZ,TX,ASW,CE,Federal Contract Tower,0,2,6,4,12,0,2,26,0,28,0,4,32,4,40,34,0,34,74
10/20/2014,BAZ,TX,ASW,CE,Federal Contract Tower,0,0,9,4,13,0,0,40,0,40,0,0,49,4,53,58,0,58,111
10/21/2014,BAZ,TX,ASW,CE,Federal Contract Tower,0,0,13,0,13,0,1,46,0,47,0,1,59,0,60,132,0,132,192
10/22/2014,BAZ,TX,ASW,CE,Federal Contract Tower,0,0,4,4,8,0,5,57,0,62,0,5,61,4,70,110,0,110,180
10/23/2014,BAZ,TX,ASW,CE,Federal Contract Tower,0,0,14,4,18,0,3,51,0,54,0,3,65,4,72,102,0,102,174
10/24/2014,BAZ,TX,ASW,CE,Federal Contract Tower,0,4,13,3,20,0,2,52,1,55,0,6,65,4,75,146,10,156,231
10/25/2014,BAZ,TX,ASW,CE,Federal Contract Tower,0,0,6,0,6,0,5,44,0,49,0,5,50,0,55,44,0,44,99
10/26/2014,BAZ,TX,ASW,CE,Federal Contract Tower,0,2,8,0,10,0,2,41,0,43,0,4,49,0,53,26,0,26,79
10/27/2014,BAZ,TX,ASW,CE,Federal Contract Tower,0,0,5,6,11,0,0,31,1,32,0,0,36,7,43,36,20,56,99
10/28/2014,BAZ,TX,ASW,CE,Federal Contract Tower,0,0,13,7,20,0,1,34,3,38,0,1,47,10,58,90,24,114,172
10/29/2014,BAZ,TX,ASW,CE,Federal Contract Tower,0,5,6,1,12,0,7,54,0,61,0,12,60,1,73,88,0,88,161
10/30/2014,BAZ,TX,ASW,CE,Federal Contract Tower,0,0,11,8,19,0,0,50,2,52,0,0,61,10,71,96,0,96,167
10/31/2014,BAZ,TX,ASW,CE,Federal Contract Tower,0,2,13,2,17,0,2,63,0,65,0,4,76,2,82,28,0,28,110
11/01/2014,BAZ,TX,ASW,CE,Federal Contract Tower,0,0,4,2,6,0,0,69,0,69,0,0,73,2,75,132,0,132,207
11/02/2014,BAZ,TX,ASW,CE,Federal Contract Tower,0,0,10,0,10,0,2,42,0,44,0,2,52,0,54,22,0,22,76
11/03/2014,BAZ,TX,ASW,CE,Federal Contract Tower,0,0,12,0,12,0,1,22,0,23,0,1,34,0,35,30,0,30,65
11/04/2014,BAZ,TX,ASW,CE,Federal Contract Tower,0,0,9,0,9,0,0,29,0,29,0,0,38,0,38,74,0,74,112
11/05/2014,BAZ,TX,ASW,CE,Federal Contract Tower,0,2,5,0,7,0,0,0,0,0,0,2,5,0,7,0,0,0,7
11/06/2014,BAZ,TX,ASW,CE,Federal Contract Tower,0,1,8,6,15,0,3,35,0,38,0,4,43,6,53,62,0,62,115
11/07/2014,BAZ,TX,ASW,CE,Federal Contract Tower,0,1,2,6,9,0,7,46,2,55,0,8,48,8,64,38,6,44,108
11/08/2014,BAZ,TX,ASW,CE,Federal Contract Tower,0,0,2,2,4,0,6,92,0,98,0,6,94,2,102,132,0,132,234
11/09/2014,BAZ,TX,ASW,CE,Federal Contract Tower,0,2,5,0,7,0,1,60,0,61,0,3,65,0,68,54,0,54,122
11/10/2014,BAZ,TX,ASW,CE,Federal Contract Tower,0,0,10,0,10,0,0,42,0,42,0,0,52,0,52,19,0,19,71
11/11/2014,BAZ,TX,ASW,CE,Federal Contract Tower,0,0,18,0,18,0,2,14,0,16,0,2,32,0,34,78,0,78,112
11/12/2014,BAZ,TX,ASW,CE,Federal Contract Tower,0,2,12,2,16,0,0,42,0,42,0,2,54,2,58,52,0,52,110
11/13/2014,BAZ,TX,ASW,CE,Federal Contract Tower,0,0,18,0,18,0,3,35,0,38,0,3,53,0,56,46,0,46,102
11/14/2014,BAZ,TX,ASW,CE,Federal Contract Tower,0,1,7,6,14,0,0,51,4,55,0,1,58,10,69,66,12,78,147
11/15/2014,BAZ,TX,ASW,CE,Federal Contract Tower,0,1,1,0,2,0,0,0,0,0,0,1,1,0,2,0,0,0,2
11/16/2014,BAZ,TX,ASW,CE,Federal Contract Tower,0,0,9,0,9,0,0,0,0,0,0,0,9,0,9,0,0,0,9
11/17/2014,BAZ,TX,ASW,CE,Federal Contract Tower,0,0,6,0,6,0,3,53,0,56,0,3,59,0,62,38,0,38,100
11/18/2014,BAZ,TX,ASW,CE,Federal Contract Tower,0,0,1,0,1,0,9,75,0,84,0,9,76,0,85,52,0,52,137
11/19/2014,BAZ,TX,ASW,CE,Federal Contract Tower,0,2,3,0,5,0,4,50,4,58,0,6,53,4,63,12,8,20,83
11/20/2014,BAZ,TX,ASW,CE,Federal Contract Tower,0,3,23,2,28,0,0,11,0,11,0,3,34,2,39,6,0,6,45
11/21/2014,BAZ,TX,ASW,CE,Federal Contract Tower,0,0,14,2,16,0,2,2,0,4,0,2,16,2,20,0,0,0,20
11/22/2014,BAZ,TX,ASW,CE,Federal Contract Tower,0,0,4,0,4,0,0,0,0,0,0,0,4,0,4,0,0,0,4
11/23/2014,BAZ,TX,ASW,CE,Federal Contract Tower,0,0,11,0,11,0,0,41,0,41,0,0,52,0,52,20,0,20,72
11/24/2014,BAZ,TX,ASW,CE,Federal Contract Tower,0,0,19,7,26,0,0,64,0,64,0,0,83,7,90,40,0,40,130
11/25/2014,BAZ,TX,ASW,CE,Federal Contract Tower,0,0,8,2,10,0,1,65,3,69,0,1,73,5,79,126,2,128,207
11/26/2014,BAZ,TX,ASW,CE,Federal Contract Tower,0,1,9,10,20,0,5,73,0,78,0,6,82,10,98,42,0,42,140
11/27/2014,BAZ,TX,ASW,CE,Federal Contract Tower,0,0,1,0,1,0,0,20,0,20,0,0,21,0,21,4,0,4,25
11/28/2014,BAZ,TX,ASW,CE,Federal Contract Tower,0,0,7,0,7,0,3,37,0,40,0,3,44,0,47,22,0,22,69
11/29/2014,BAZ,TX,ASW,CE,Federal Contract Tower,0,0,5,0,5,0,1,40,0,41,0,1,45,0,46,18,0,18,64
11/30/2014,BAZ,TX,ASW,CE,Federal Contract Tower,0,0,9,0,9,0,0,37,0,37,0,0,46,0,46,4,0,4,50
12/01/2014,BAZ,TX,ASW,CE,Federal Contract Tower,0,0,9,14,23,0,2,16,2,20,0,2,25,16,43,112,6,118,161
12/02/2014,BAZ,TX,ASW,CE,Federal Contract Tower,0,0,18,4,22,0,4,23,0,27,0,4,41,4,49,92,2,94,143
12/03/2014,BAZ,TX,ASW,CE,Federal Contract Tower,0,2,12,2,16,0,0,3,0,3,0,2,15,2,19,16,0,16,35
12/04/2014,BAZ,TX,ASW,CE,Federal Contract Tower,0,1,10,8,19,0,0,1,0,1,0,1,11,8,20,0,0,0,20
12/05/2014,BAZ,TX,ASW,CE,Federal Contract Tower,0,0,13,14,27,0,3,24,0,27,0,3,37,14,54,62,0,62,116
12/06/2014,BAZ,TX,ASW,CE,Federal Contract Tower,0,0,12,0,12,0,5,51,0,56,0,5,63,0,68,10,0,10,78
12/07/2014,BAZ,TX,ASW,CE,Federal Contract Tower,0,0,20,0,20,0,2,33,0,35,0,2,53,0,55,72,0,72,127
12/08/2014,BAZ,TX,ASW,CE,Federal Contract Tower,0,0,8,2,10,0,1,48,0,49,0,1,56,2,59,42,0,42,101
12/09/2014,BAZ,TX,ASW,CE,Federal Contract Tower,0,2,7,0,9,0,0,53,0,53,0,2,60,0,62,106,0,106,168
12/10/2014,BAZ,TX,ASW,CE,Federal Contract Tower,0,4,29,6,39,0,2,29,0,31,0,6,58,6,70,172,0,172,242
12/11/2014,BAZ,TX,ASW,CE,Federal Contract Tower,0,2,31,14,47,0,3,13,0,16,0,5,44,14,63,12,0,12,75
12/12/2014,BAZ,TX,ASW,CE,Federal Contract Tower,0,0,10,4,14,0,2,30,2,34,0,2,40,6,48,106,0,106,154
12/13/2014,BAZ,TX,ASW,CE,Federal Contract Tower,0,0,7,0,7,0,4,14,0,18,0,4,21,0,25,30,0,30,55
12/14/2014,BAZ,TX,ASW,CE,Federal Contract Tower,0,0,6,12,18,0,3,11,0,14,0,3,17,12,32,12,0,12,44
12/15/2014,BAZ,TX,ASW,CE,Federal Contract Tower,0,0,11,4,15,0,3,58,0,61,0,3,69,4,76,80,0,80,156
12/16/2014,BAZ,TX,ASW,CE,Federal Contract Tower,0,0,16,2,18,0,0,53,0,53,0,0,69,2,71,38,0,38,109
12/17/2014,BAZ,TX,ASW,CE,Federal Contract Tower,0,0,12,2,14,0,0,8,0,8,0,0,20,2,22,6,0,6,28
12/18/2014,BAZ,TX,ASW,CE,Federal Contract Tower,0,1,16,4,21,0,0,2,0,2,0,1,18,4,23,32,0,32,55
12/19/2014,BAZ,TX,ASW,CE,Federal Contract Tower,0,1,21,0,22,0,1,23,0,24,0,2,44,0,46,4,0,4,50
12/20/2014,BAZ,TX,ASW,CE,Federal Contract Tower,0,1,16,0,17,0,2,12,0,14,0,3,28,0,31,40,0,40,71
12/21/2014,BAZ,TX,ASW,CE,Federal Contract Tower,0,2,11,0,13,0,0,4,0,4,0,2,15,0,17,0,0,0,17
12/22/2014,BAZ,TX,ASW,CE,Federal Contract Tower,0,0,13,0,13,0,0,35,0,35,0,0,48,0,48,56,0,56,104
12/23/2014,BAZ,TX,ASW,CE,Federal Contract Tower,0,0,9,0,9,0,2,25,0,27,0,2,34,0,36,50,0,50,86
12/24/2014,BAZ,TX,ASW,CE,Federal Contract Tower,0,0,6,0,6,0,2,29,0,31,0,2,35,0,37,0,0,0,37
12/25/2014,BAZ,TX,ASW,CE,Federal Contract Tower,0,0,2,0,2,0,2,7,0,9,0,2,9,0,11,6,0,6,17
12/26/2014,BAZ,TX,ASW,CE,Federal Contract Tower,0,0,11,0,11,0,2,9,0,11,0,2,20,0,22,28,0,28,50
12/27/2014,BAZ,TX,ASW,CE,Federal Contract Tower,0,2,6,0,8,0,0,0,0,0,0,2,6,0,8,0,0,0,8
12/28/2014,BAZ,TX,ASW,CE,Federal Contract Tower,0,0,1,0,1,0,3,17,0,20,0,3,18,0,21,6,0,6,27
12/29/2014,BAZ,TX,ASW,CE,Federal Contract Tower,0,0,5,0,5,0,0,49,0,49,0,0,54,0,54,62,0,62,116
12/30/2014,BAZ,TX,ASW,CE,Federal Contract Tower,0,0,9,0,9,0,0,0,0,0,0,0,9,0,9,0,0,0,9
12/31/2014,BAZ,TX,ASW,CE,Federal Contract Tower,0,2,8,1,11,0,1,18,1,20,0,3,26,2,31,44,0,44,75
01/01/2015,BAZ,TX,ASW,CE,Federal Contract Tower,0,0,1,0,1,0,0,0,0,0,0,0,1,0,1,0,0,0,1
01/02/2015,BAZ,TX,ASW,CE,Federal Contract Tower,0,0,2,0,2,0,0,0,0,0,0,0,2,0,2,0,0,0,2
01/03/2015,BAZ,TX,ASW,CE,Federal Contract Tower,0,2,13,0,15,0,0,52,0,52,0,2,65,0,67,115,0,115,182
01/04/2015,BAZ,TX,ASW,CE,Federal Contract Tower,0,0,4,0,4,0,0,30,0,30,0,0,34,0,34,28,0,28,62
01/05/2015,BAZ,TX,ASW,CE,Federal Contract Tower,0,0,4,0,4,0,0,41,0,41,0,0,45,0,45,36,0,36,81
01/06/2015,BAZ,TX,ASW,CE,Federal Contract Tower,0,0,8,5,13,0,2,63,0,65,0,2,71,5,78,52,20,72,150
01/07/2015,BAZ,TX,ASW,CE,Federal Contract Tower,0,0,7,4,11,0,0,29,2,31,0,0,36,6,42,18,0,18,60
01/08/2015,BAZ,TX,ASW,CE,Federal Contract Tower,0,0,14,10,24,0,2,36,0,38,0,2,50,10,62,16,2,18,80
01/09/2015,BAZ,TX,ASW,CE,Federal Contract Tower,0,0,3,0,3,0,4,1,0,5,0,4,4,0,8,0,0,0,8
01/10/2015,BAZ,TX,ASW,CE,Federal Contract Tower,0,0,5,0,5,0,0,0,0,0,0,0,5,0,5,0,0,0,5
01/11/2015,BAZ,TX,ASW,CE,Federal Contract Tower,0,0,5,0,5,0,0,3,0,3,0,0,8,0,8,10,0,10,18
01/12/2015,BAZ,TX,ASW,CE,Federal Contract Tower,0,1,16,0,17,0,0,2,0,2,0,1,18,0,19,0,0,0,19
01/13/2015,BAZ,TX,ASW,CE,Federal Contract Tower,0,0,8,8,16,0,4,17,0,21,0,4,25,8,37,60,0,60,97
01/14/2015,BAZ,TX,ASW,CE,Federal Contract Tower,0,0,13,8,21,0,0,0,0,0,0,0,13,8,21,0,0,0,21
01/15/2015,BAZ,TX,ASW,CE,Federal Contract Tower,0,2,18,6,26,0,4,35,4,43,0,6,53,10,69,56,22,78,147
01/16/2015,BAZ,TX,ASW,CE,Federal Contract Tower,0,0,12,0,12,0,2,66,0,68,0,2,78,0,80,38,0,38,118
01/17/2015,BAZ,TX,ASW,CE,Federal Contract Tower,0,1,2,2,5,0,0,59,0,59,0,1,61,2,64,82,0,82,146
01/18/2015,BAZ,TX,ASW,CE,Federal Contract Tower,0,1,2,0,3,0,0,48,0,48,0,1,50,0,51,40,0,40,91
01/19/2015,BAZ,TX,ASW,CE,Federal Contract Tower,0,0,21,0,21,0,2,51,0,53,0,2,72,0,74,106,0,106,180
01/20/2015,BAZ,TX,ASW,CE,Federal Contract Tower,0,0,6,1,7,0,0,63,1,64,0,0,69,2,71,32,20,52,123
01/21/2015,BAZ,TX,ASW,CE,Federal Contract Tower,0,1,18,6,25,0,0,0,0,0,0,1,18,6,25,0,0,0,25
01/22/2015,BAZ,TX,ASW,CE,Federal Contract Tower,0,0,2,0,2,0,0,0,0,0,0,0,2,0,2,0,0,0,2
01/23/2015,BAZ,TX,ASW,CE,Federal Contract Tower,0,0,7,4,11,0,0,11,0,11,0,0,18,4,22,28,0,28,50
01/24/2015,BAZ,TX,ASW,CE,Federal Contract Tower,0,2,3,0,5,0,0,82,3,85,0,2,85,3,90,62,6,68,158
01/25/2015,BAZ,TX,ASW,CE,Federal Contract Tower,0,1,4,2,7,0,0,45,0,45,0,1,49,2,52,34,0,34,86
01/26/2015,BAZ,TX,ASW,CE,Federal Contract Tower,9,0,0,0,9,0,0,38,0,38,9,0,38,0,47,74,0,74,121
01/27/2015,BAZ,TX,ASW,CE,Federal Contract Tower,0,2,4,0,6,0,2,51,2,55,0,4,55,2,61,54,2,56,117
01/28/2015,BAZ,TX,ASW,CE,Federal Contract Tower,0,0,23,2,25,0,2,81,2,85,0,2,104,4,110,84,8,92,202
01/29/2015,BAZ,TX,ASW,CE,Federal Contract Tower,0,0,26,0,26,0,4,40,0,44,0,4,66,0,70,52,0,52,122
01/30/2015,BAZ,TX,ASW,CE,Federal Contract Tower,0,0,11,0,11,0,3,34,0,37,0,3,45,0,48,78,0,78,126
01/31/2015,BAZ,TX,ASW,CE,Federal Contract Tower,0,0,8,0,8,0,0,0,0,0,0,0,8,0,8,0,0,0,8
02/01/2015,BAZ,TX,ASW,CE,Federal Contract Tower,0,0,4,0,4,0,0,7,0,7,0,0,11,0,11,10,0,10,21
02/02/2015,BAZ,TX,ASW,CE,Federal Contract Tower,0,0,24,6,30,0,1,43,0,44,0,1,67,6,74,58,0,58,132
02/03/2015,BAZ,TX,ASW,CE,Federal Contract Tower,0,0,2,16,18,0,0,16,0,16,0,0,18,16,34,32,0,32,66
02/04/2015,BAZ,TX,ASW,CE,Federal Contract Tower,0,2,12,10,24,0,0,2,0,2,0,2,14,10,26,0,0,0,26
02/05/2015,BAZ,TX,ASW,CE,Federal Contract Tower,0,5,9,18,32,0,2,23,0,25,0,7,32,18,57,90,0,90,147
02/06/2015,BAZ,TX,ASW,CE,Federal Contract Tower,0,0,28,4,32,0,4,54,0,58,0,4,82,4,90,110,0,110,200
02/07/2015,BAZ,TX,ASW,CE,Federal Contract Tower,0,0,13,0,13,0,2,28,0,30,0,2,41,0,43,106,0,106,149
02/08/2015,BAZ,TX,ASW,CE,Federal Contract Tower,0,0,4,0,4,0,0,24,0,24,0,0,28,0,28,36,0,36,64
02/09/2015,BAZ,TX,ASW,CE,Federal Contract Tower,0,0,4,2,6,0,3,69,0,72,0,3,73,2,78,140,0,140,218
02/10/2015,BAZ,TX,ASW,CE,Federal Contract Tower,0,2,7,2,11,0,2,59,4,65,0,4,66,6,76,52,56,108,184
02/11/2015,BAZ,TX,ASW,CE,Federal Contract Tower,0,4,8,3,15,0,0,43,4,47,0,4,51,7,62,16,60,76,138
02/12/2015,BAZ,TX,ASW,CE,Federal Contract Tower,0,0,15,4,19,0,2,53,0,55,0,2,68,4,74,62,0,62,136
02/13/2015,BAZ,TX,ASW,CE,Federal Contract Tower,0,0,5,4,9,0,1,63,0,64,0,1,68,4,73,108,0,108,181
02/14/2015,BAZ,TX,ASW,CE,Federal Contract Tower,0,0,6,0,6,0,5,63,0,68,0,5,69,0,74,88,0,88,162
02/15/2015,BAZ,TX,ASW,CE,Federal Contract Tower,0,3,10,0,13,0,1,5,0,6,0,4,15,0,19,0,0,0,19
02/16/2015,BAZ,TX,ASW,CE,Federal Contract Tower,0,0,14,0,14,0,0,10,0,10,0,0,24,0,24,30,0,30,54
02/17/2015,BAZ,TX,ASW,CE,Federal Contract Tower,0,2,13,2,17,0,2,7,0,9,0,4,20,2,26,0,0,0,26
02/18/2015,BAZ,TX,ASW,CE,Federal Contract Tower,0,0,8,2,10,0,3,69,4,76,0,3,77,6,86,82,14,96,182
02/19/2015,BAZ,TX,ASW,CE,Federal Contract Tower,0,0,10,2,12,0,4,58,6,68,0,4,68,8,80,92,78,170,250
02/20/2015,BAZ,TX,ASW,CE,Federal Contract Tower,0,1,14,0,15,0,3,24,0,27,0,4,38,0,42,64,0,64,106
02/21/2015,BAZ,TX,ASW,CE,Federal Contract Tower,0,0,8,0,8,0,5,30,0,35,0,5,38,0,43,76,0,76,119
02/22/2015,BAZ,TX,ASW,CE,Federal Contract Tower,0,0,10,1,11,0,0,0,0,0,0,0,10,1,11,0,0,0,11
02/23/2015,BAZ,TX,ASW,CE,Federal Contract Tower,0,0,3,0,3,0,0,1,0,1,0,0,4,0,4,0,0,0,4
02/24/2015,BAZ,TX,ASW,CE,Federal Contract Tower,0,0,4,4,8,0,2,7,0,9,0,2,11,4,17,22,0,22,39
02/25/2015,BAZ,TX,ASW,CE,Federal Contract Tower,0,0,6,8,14,0,2,52,0,54,0,2,58,8,68,122,0,122,190
02/26/2015,BAZ,TX,ASW,CE,Federal Contract Tower,0,0,20,21,41,0,2,37,3,42,0,2,57,24,83,52,0,52,135
02/27/2015,BAZ,TX,ASW,CE,Federal Contract Tower,0,0,10,5,15,0,2,5,0,7,0,2,15,5,22,36,0,36,58
02/28/2015,BAZ,TX,ASW,CE,Federal Contract Tower,0,0,0,0,0,0,0,0,0,0,0,0,0,0,0,0,0,0,0
03/01/2015,BAZ,TX,ASW,CE,Federal Contract Tower,0,0,3,0,3,0,0,0,0,0,0,0,3,0,3,0,0,0,3
03/02/2015,BAZ,TX,ASW,CE,Federal Contract Tower,0,0,12,2,14,0,0,0,0,0,0,0,12,2,14,0,0,0,14
03/03/2015,BAZ,TX,ASW,CE,Federal Contract Tower,0,0,5,2,7,0,0,0,0,0,0,0,5,2,7,0,0,0,7
03/04/2015,BAZ,TX,ASW,CE,Federal Contract Tower,0,1,6,4,11,0,1,4,0,5,0,2,10,4,16,0,0,0,16
03/05/2015,BAZ,TX,ASW,CE,Federal Contract Tower,0,0,7,5,12,0,0,14,0,14,0,0,21,5,26,10,0,10,36
03/06/2015,BAZ,TX,ASW,CE,Federal Contract Tower,0,1,7,0,8,0,0,52,0,52,0,1,59,0,60,64,0,64,124
03/07/2015,BAZ,TX,ASW,CE,Federal Contract Tower,0,0,5,0,5,0,0,60,0,60,0,0,65,0,65,138,0,138,203
03/08/2015,BAZ,TX,ASW,CE,Federal Contract Tower,0,0,4,4,8,0,0,0,0,0,0,0,4,4,8,0,0,0,8
03/09/2015,BAZ,TX,ASW,CE,Federal Contract Tower,0,0,3,0,3,0,2,0,0,2,0,2,3,0,5,0,0,0,5
03/10/2015,BAZ,TX,ASW,CE,Federal Contract Tower,0,0,7,10,17,0,2,19,0,21,0,2,26,10,38,64,0,64,102
03/11/2015,BAZ,TX,ASW,CE,Federal Contract Tower,0,0,4,18,22,0,1,25,0,26,0,1,29,18,48,162,0,162,210
03/12/2015,BAZ,TX,ASW,CE,Federal Contract Tower,0,0,9,10,19,0,7,58,0,65,0,7,67,10,84,130,0,130,214
03/13/2015,BAZ,TX,ASW,CE,Federal Contract Tower,0,0,15,2,17,0,0,59,0,59,0,0,74,2,76,92,0,92,168
03/14/2015,BAZ,TX,ASW,CE,Federal Contract Tower,0,0,2,0,2,0,2,71,0,73,0,2,73,0,75,36,0,36,111
03/15/2015,BAZ,TX,ASW,CE,Federal Contract Tower,0,0,9,0,9,0,0,34,0,34,0,0,43,0,43,28,0,28,71
03/16/2015,BAZ,TX,ASW,CE,Federal Contract Tower,0,0,11,12,23,0,0,46,0,46,0,0,57,12,69,102,0,102,171
03/17/2015,BAZ,TX,ASW,CE,Federal Contract Tower,0,2,7,6,15,0,0,7,0,7,0,2,14,6,22,0,10,10,32
03/18/2015,BAZ,TX,ASW,CE,Federal Contract Tower,0,0,4,3,7,0,0,37,0,37,0,0,41,3,44,50,10,60,104
03/19/2015,BAZ,TX,ASW,CE,Federal Contract Tower,0,0,16,0,16,0,1,27,0,28,0,1,43,0,44,112,0,112,156
03/20/2015,BAZ,TX,ASW,CE,Federal Contract Tower,0,4,8,3,15,0,0,4,0,4,0,4,12,3,19,12,0,12,31
03/21/2015,BAZ,TX,ASW,CE,Federal Contract Tower,0,0,2,0,2,0,2,0,0,2,0,2,2,0,4,0,0,0,4
03/22/2015,BAZ,TX,ASW,CE,Federal Contract Tower,0,0,4,0,4,0,0,22,0,22,0,0,26,0,26,78,0,78,104
03/23/2015,BAZ,TX,ASW,CE,Federal Contract Tower,0,2,15,0,17,0,1,65,0,66,0,3,80,0,83,132,0,132,215
03/24/2015,BAZ,TX,ASW,CE,Federal Contract Tower,0,0,10,4,14,0,3,41,0,44,0,3,51,4,58,82,16,98,156
03/25/2015,BAZ,TX,ASW,CE,Federal Contract Tower,0,4,14,10,28,0,0,48,0,48,0,4,62,10,76,84,0,84,160
03/26/2015,BAZ,TX,ASW,CE,Federal Contract Tower,0,0,8,5,13,0,2,32,1,35,0,2,40,6,48,30,54,84,132
03/27/2015,BAZ,TX,ASW,CE,Federal Contract Tower,0,0,26,4,30,0,7,54,0,61,0,7,80,4,91,40,0,40,131
03/28/2015,BAZ,TX,ASW,CE,Federal Contract Tower,0,0,6,0,6,0,4,69,1,74,0,4,75,1,80,32,4,36,116
03/29/2015,BAZ,TX,ASW,CE,Federal Contract Tower,0,1,10,0,11,0,2,30,0,32,0,3,40,0,43,26,0,26,69
03/30/2015,BAZ,TX,ASW,CE,Federal Contract Tower,0,0,19,8,27,0,2,22,0,24,0,2,41,8,51,32,0,32,83
03/31/2015,BAZ,TX,ASW,CE,Federal Contract Tower,0,0,15,2,17,0,2,19,4,25,0,2,34,6,42,88,16,104,146
04/01/2015,BAZ,TX,ASW,CE,Federal Contract Tower,0,0,15,5,20,0,2,32,14,48,0,2,47,19,68,78,14,92,160
04/02/2015,BAZ,TX,ASW,CE,Federal Contract Tower,0,0,22,10,32,0,1,17,0,18,0,1,39,10,50,42,0,42,92
04/03/2015,BAZ,TX,ASW,CE,Federal Contract Tower,0,0,14,2,16,0,0,17,0,17,0,0,31,2,33,6,0,6,39
04/04/2015,BAZ,TX,ASW,CE,Federal Contract Tower,0,0,7,0,7,0,2,15,0,17,0,2,22,0,24,54,0,54,78
04/05/2015,BAZ,TX,ASW,CE,Federal Contract Tower,0,0,3,2,5,0,2,0,0,2,0,2,3,2,7,0,0,0,7
04/06/2015,BAZ,TX,ASW,CE,Federal Contract Tower,0,0,6,0,6,0,5,45,0,50,0,5,51,0,56,84,0,84,140
04/07/2015,BAZ,TX,ASW,CE,Federal Contract Tower,0,0,9,2,11,0,2,44,0,46,0,2,53,2,57,70,0,70,127
04/08/2015,BAZ,TX,ASW,CE,Federal Contract Tower,0,0,16,4,20,0,0,20,0,20,0,0,36,4,40,20,0,20,60
04/09/2015,BAZ,TX,ASW,CE,Federal Contract Tower,0,0,13,2,15,0,1,20,0,21,0,1,33,2,36,60,0,60,96
04/10/2015,BAZ,TX,ASW,CE,Federal Contract Tower,0,0,13,0,13,0,1,21,0,22,0,1,34,0,35,64,0,64,99
04/11/2015,BAZ,TX,ASW,CE,Federal Contract Tower,0,0,9,0,9,0,0,0,0,0,0,0,9,0,9,0,0,0,9
04/12/2015,BAZ,TX,ASW,CE,Federal Contract Tower,0,1,21,0,22,0,0,1,0,1,0,1,22,0,23,0,0,0,23
04/13/2015,BAZ,TX,ASW,CE,Federal Contract Tower,0,0,12,0,12,0,0,21,0,21,0,0,33,0,33,20,0,20,53
04/14/2015,BAZ,TX,ASW,CE,Federal Contract Tower,0,0,14,0,14,0,0,28,0,28,0,0,42,0,42,90,0,90,132
04/15/2015,BAZ,TX,ASW,CE,Federal Contract Tower,0,0,13,0,13,0,0,62,0,62,0,0,75,0,75,120,0,120,195
04/16/2015,BAZ,TX,ASW,CE,Federal Contract Tower,0,1,4,4,9,0,2,5,0,7,0,3,9,4,16,0,4,4,20
04/17/2015,BAZ,TX,ASW,CE,Federal Contract Tower,0,0,13,0,13,0,2,6,0,8,0,2,19,0,21,6,0,6,27
04/19/2015,BAZ,TX,ASW,CE,Federal Contract Tower,0,0,10,2,12,0,2,26,0,28,0,2,36,2,40,26,10,36,76
04/20/2015,BAZ,TX,ASW,CE,Federal Contract Tower,0,0,8,2,10,0,2,44,2,48,0,2,52,4,58,78,20,98,156
04/21/2015,BAZ,TX,ASW,CE,Federal Contract Tower,0,0,17,0,17,0,4,43,0,47,0,4,60,0,64,78,0,78,142
04/22/2015,BAZ,TX,ASW,CE,Federal Contract Tower,0,0,23,0,23,0,0,3,0,3,0,0,26,0,26,2,0,2,28
04/23/2015,BAZ,TX,ASW,CE,Federal Contract Tower,0,1,19,8,28,0,1,9,0,10,0,2,28,8,38,2,0,2,40
04/25/2015,BAZ,TX,ASW,CE,Federal Contract Tower,0,0,6,0,6,0,1,70,0,71,0,1,76,0,77,94,0,94,171
04/26/2015,BAZ,TX,ASW,CE,Federal Contract Tower,0,4,4,4,12,0,2,9,0,11,0,6,13,4,23,4,0,4,27
04/27/2015,BAZ,TX,ASW,CE,Federal Contract Tower,0,2,4,0,6,0,1,45,2,48,0,3,49,2,54,90,12,102,156
04/28/2015,BAZ,TX,ASW,CE,Federal Contract Tower,0,0,18,0,18,0,0,34,0,34,0,0,52,0,52,48,0,48,100
04/29/2015,BAZ,TX,ASW,CE,Federal Contract Tower,0,0,7,8,15,0,3,87,0,90,0,3,94,8,105,106,0,106,211
04/30/2015,BAZ,TX,ASW,CE,Federal Contract Tower,0,3,7,10,20,0,2,74,4,80,0,5,81,14,100,104,86,190,290
05/01/2015,BAZ,TX,ASW,CE,Federal Contract Tower,0,1,8,3,12,0,2,53,1,56,0,3,61,4,68,88,20,108,176
05/02/2015,BAZ,TX,ASW,CE,Federal Contract Tower,0,0,0,0,0,0,2,78,2,82,0,2,78,2,82,118,2,120,202
05/03/2015,BAZ,TX,ASW,CE,Federal Contract Tower,0,0,10,10,20,0,2,33,0,35,0,2,43,10,55,4,0,4,59
05/04/2015,BAZ,TX,ASW,CE,Federal Contract Tower,0,0,9,0,9,0,1,34,0,35,0,1,43,0,44,48,0,48,92
05/05/2015,BAZ,TX,ASW,CE,Federal Contract Tower,0,0,8,7,15,0,1,13,0,14,0,1,21,7,29,38,0,38,67
05/06/2015,BAZ,TX,ASW,CE,Federal Contract Tower,0,0,18,4,22,0,1,27,0,28,0,1,45,4,50,66,0,66,116
05/07/2015,BAZ,TX,ASW,CE,Federal Contract Tower,0,2,15,12,29,0,3,9,0,12,0,5,24,12,41,10,0,10,51
05/08/2015,BAZ,TX,ASW,CE,Federal Contract Tower,0,1,18,8,27,0,3,1,0,4,0,4,19,8,31,8,0,8,39
05/09/2015,BAZ,TX,ASW,CE,Federal Contract Tower,0,0,5,4,9,0,0,19,0,19,0,0,24,4,28,12,26,38,66
05/10/2015,BAZ,TX,ASW,CE,Federal Contract Tower,0,0,5,4,9,0,2,4,0,6,0,2,9,4,15,0,12,12,27
05/11/2015,BAZ,TX,ASW,CE,Federal Contract Tower,0,0,12,8,20,0,3,7,0,10,0,3,19,8,30,0,0,0,30
05/12/2015,BAZ,TX,ASW,CE,Federal Contract Tower,0,0,18,4,22,0,0,7,0,7,0,0,25,4,29,12,0,12,41
05/13/2015,BAZ,TX,ASW,CE,Federal Contract Tower,0,0,5,0,5,0,0,2,0,2,0,0,7,0,7,0,0,0,7
05/14/2015,BAZ,TX,ASW,CE,Federal Contract Tower,0,2,14,2,18,0,0,23,0,23,0,2,37,2,41,32,0,32,73
05/15/2015,BAZ,TX,ASW,CE,Federal Contract Tower,0,0,5,0,5,0,0,10,0,10,0,0,15,0,15,36,0,36,51
05/16/2015,BAZ,TX,ASW,CE,Federal Contract Tower,0,0,4,0,4,0,0,9,0,9,0,0,13,0,13,12,0,12,25
05/17/2015,BAZ,TX,ASW,CE,Federal Contract Tower,0,0,10,0,10,0,2,15,0,17,0,2,25,0,27,22,0,22,49
05/18/2015,BAZ,TX,ASW,CE,Federal Contract Tower,0,0,7,6,13,0,0,19,0,19,0,0,26,6,32,58,0,58,90
05/19/2015,BAZ,TX,ASW,CE,Federal Contract Tower,0,0,6,11,17,0,0,35,10,45,0,0,41,21,62,76,0,76,138
05/20/2015,BAZ,TX,ASW,CE,Federal Contract Tower,0,1,7,6,14,0,3,32,0,35,0,4,39,6,49,92,0,92,141
05/21/2015,BAZ,TX,ASW,CE,Federal Contract Tower,0,0,22,10,32,0,4,9,0,13,0,4,31,10,45,20,0,20,65
05/22/2015,BAZ,TX,ASW,CE,Federal Contract Tower,0,1,15,1,17,0,1,12,2,15,0,2,27,3,32,0,0,0,32
05/23/2015,BAZ,TX,ASW,CE,Federal Contract Tower,0,0,2,7,9,0,0,7,0,7,0,0,9,7,16,28,0,28,44
05/24/2015,BAZ,TX,ASW,CE,Federal Contract Tower,0,0,4,0,4,0,0,14,0,14,0,0,18,0,18,14,0,14,32
05/25/2015,BAZ,TX,ASW,CE,Federal Contract Tower,0,2,8,0,10,0,0,8,0,8,0,2,16,0,18,0,0,0,18
05/26/2015,BAZ,TX,ASW,CE,Federal Contract Tower,0,0,13,0,13,0,3,44,0,47,0,3,57,0,60,70,0,70,130
05/27/2015,BAZ,TX,ASW,CE,Federal Contract Tower,0,2,14,12,28,0,0,35,1,36,0,2,49,13,64,24,0,24,88
05/28/2015,BAZ,TX,ASW,CE,Federal Contract Tower,0,0,14,2,16,0,2,12,0,14,0,2,26,2,30,26,0,26,56
05/29/2015,BAZ,TX,ASW,CE,Federal Contract Tower,0,0,14,6,20,0,4,80,0,84,0,4,94,6,104,216,60,276,380
05/30/2015,BAZ,TX,ASW,CE,Federal Contract Tower,0,0,6,0,6,0,0,39,0,39,0,0,45,0,45,72,0,72,117
05/31/2015,BAZ,TX,ASW,CE,Federal Contract Tower,0,0,12,0,12,0,0,27,0,27,0,0,39,0,39,30,0,30,69
06/01/2015,BAZ,TX,ASW,CE,Federal Contract Tower,0,0,11,2,13,0,1,58,0,59,0,1,69,2,72,188,0,188,260
06/02/2015,BAZ,TX,ASW,CE,Federal Contract Tower,0,1,5,2,8,0,1,77,2,80,0,2,82,4,88,154,0,154,242
06/03/2015,BAZ,TX,ASW,CE,Federal Contract Tower,0,0,10,4,14,0,2,57,2,61,0,2,67,6,75,76,0,76,151
06/04/2015,BAZ,TX,ASW,CE,Federal Contract Tower,0,2,11,8,21,0,2,40,0,42,0,4,51,8,63,120,0,120,183
06/05/2015,BAZ,TX,ASW,CE,Federal Contract Tower,0,0,20,6,26,0,0,63,4,67,0,0,83,10,93,82,6,88,181
06/06/2015,BAZ,TX,ASW,CE,Federal Contract Tower,0,0,20,6,26,0,0,1,83,84,0,0,21,89,110,94,0,94,204
06/07/2015,BAZ,TX,ASW,CE,Federal Contract Tower,0,0,10,0,10,0,0,56,0,56,0,0,66,0,66,58,0,58,124
06/08/2015,BAZ,TX,ASW,CE,Federal Contract Tower,0,0,12,0,12,0,9,31,0,40,0,9,43,0,52,88,0,88,140
06/09/2015,BAZ,TX,ASW,CE,Federal Contract Tower,0,0,5,4,9,0,0,0,0,0,0,0,5,4,9,102,20,122,131
06/10/2015,BAZ,TX,ASW,CE,Federal Contract Tower,0,0,14,2,16,0,2,53,3,58,0,2,67,5,74,50,20,70,144
06/11/2015,BAZ,TX,ASW,CE,Federal Contract Tower,0,4,17,0,21,0,3,61,3,67,0,7,78,3,88,76,8,84,172
06/12/2015,BAZ,TX,ASW,CE,Federal Contract Tower,0,0,20,4,24,0,3,41,2,46,0,3,61,6,70,122,2,124,194
06/13/2015,BAZ,TX,ASW,CE,Federal Contract Tower,0,0,10,2,12,0,1,17,0,18,0,1,27,2,30,32,0,32,62
06/14/2015,BAZ,TX,ASW,CE,Federal Contract Tower,0,0,10,0,10,0,1,5,0,6,0,1,15,0,16,0,0,0,16
06/15/2015,BAZ,TX,ASW,CE,Federal Contract Tower,0,0,4,0,4,0,1,40,0,41,0,1,44,0,45,115,0,115,160
06/16/2015,BAZ,TX,ASW,CE,Federal Contract Tower,0,0,3,2,5,0,5,2,0,7,0,5,5,2,12,0,0,0,12
06/17/2015,BAZ,TX,ASW,CE,Federal Contract Tower,0,0,2,10,12,0,0,39,0,39,0,0,41,10,51,60,0,60,111
06/18/2015,BAZ,TX,ASW,CE,Federal Contract Tower,0,0,4,10,14,0,2,33,0,35,0,2,37,10,49,122,0,122,171
06/19/2015,BAZ,TX,ASW,CE,Federal Contract Tower,0,0,14,2,16,0,0,33,0,33,0,0,47,2,49,152,0,152,201
06/20/2015,BAZ,TX,ASW,CE,Federal Contract Tower,0,0,6,0,6,0,2,20,0,22,0,2,26,0,28,120,0,120,148
06/21/2015,BAZ,TX,ASW,CE,Federal Contract Tower,0,0,7,0,7,0,2,5,0,7,0,2,12,0,14,0,0,0,14
06/22/2015,BAZ,TX,ASW,CE,Federal Contract Tower,0,0,32,8,40,0,2,36,0,38,0,2,68,8,78,128,0,128,206
06/23/2015,BAZ,TX,ASW,CE,Federal Contract Tower,0,0,21,0,21,0,4,50,0,54,0,4,71,0,75,142,0,142,217
06/24/2015,BAZ,TX,ASW,CE,Federal Contract Tower,0,1,22,1,24,0,4,47,0,51,0,5,69,1,75,98,0,98,173
06/25/2015,BAZ,TX,ASW,CE,Federal Contract Tower,0,1,7,7,15,0,1,87,0,88,0,2,94,7,103,172,32,204,307
06/26/2015,BAZ,TX,ASW,CE,Federal Contract Tower,0,0,13,4,17,0,1,63,2,66,0,1,76,6,83,106,28,134,217
06/27/2015,BAZ,TX,ASW,CE,Federal Contract Tower,0,0,6,0,6,0,2,37,0,39,0,2,43,0,45,108,0,108,153
06/29/2015,BAZ,TX,ASW,CE,Federal Contract Tower,0,2,8,2,12,0,2,32,2,36,0,4,40,4,48,52,20,72,120
06/30/2015,BAZ,TX,ASW,CE,Federal Contract Tower,0,6,5,2,13,0,2,46,0,48,0,8,51,2,61,104,20,124,185
07/01/2015,BAZ,TX,ASW,CE,Federal Contract Tower,0,2,10,0,12,0,1,66,0,67,0,3,76,0,79,92,0,92,171
07/02/2015,BAZ,TX,ASW,CE,Federal Contract Tower,0,4,11,0,15,0,1,59,2,62,0,5,70,2,77,106,12,118,195
07/03/2015,BAZ,TX,ASW,CE,Federal Contract Tower,0,3,9,0,12,0,2,59,1,62,0,5,68,1,74,90,0,90,164
07/04/2015,BAZ,TX,ASW,CE,Federal Contract Tower,0,1,6,0,7,0,3,20,0,23,0,4,26,0,30,6,0,6,36
07/05/2015,BAZ,TX,ASW,CE,Federal Contract Tower,0,0,10,0,10,0,1,30,0,31,0,1,40,0,41,26,0,26,67
07/06/2015,BAZ,TX,ASW,CE,Federal Contract Tower,0,0,7,2,9,0,0,39,0,39,0,0,46,2,48,28,0,28,76
07/07/2015,BAZ,TX,ASW,CE,Federal Contract Tower,0,0,4,2,6,0,1,43,0,44,0,1,47,2,50,72,0,72,122
07/08/2015,BAZ,TX,ASW,CE,Federal Contract Tower,0,0,14,10,24,0,2,41,0,43,0,2,55,10,67,54,0,54,121
07/09/2015,BAZ,TX,ASW,CE,Federal Contract Tower,0,0,11,8,19,0,0,79,2,81,0,0,90,10,100,132,6,138,238
07/10/2015,BAZ,TX,ASW,CE,Federal Contract Tower,0,0,14,4,18,0,0,58,0,58,0,0,72,4,76,58,0,58,134
07/11/2015,BAZ,TX,ASW,CE,Federal Contract Tower,0,0,11,2,13,0,5,50,0,55,0,5,61,2,68,86,0,86,154
07/12/2015,BAZ,TX,ASW,CE,Federal Contract Tower,0,0,7,2,9,0,0,0,0,0,0,0,7,2,9,32,0,32,41
07/13/2015,BAZ,TX,ASW,CE,Federal Contract Tower,0,0,12,2,14,0,1,48,4,53,0,1,60,6,67,98,0,98,165
07/14/2015,BAZ,TX,ASW,CE,Federal Contract Tower,0,2,18,8,28,0,1,79,2,82,0,3,97,10,110,176,0,176,286
07/15/2015,BAZ,TX,ASW,CE,Federal Contract Tower,0,6,21,6,33,0,2,76,2,80,0,8,97,8,113,68,4,72,185
07/16/2015,BAZ,TX,ASW,CE,Federal Contract Tower,0,0,25,6,31,0,1,64,2,67,0,1,89,8,98,126,10,136,234
07/17/2015,BAZ,TX,ASW,CE,Federal Contract Tower,0,1,18,4,23,0,0,0,0,0,0,1,18,4,23,136,14,150,173
07/18/2015,BAZ,TX,ASW,CE,Federal Contract Tower,0,0,8,0,8,0,2,54,0,56,0,2,62,0,64,34,0,34,98
07/19/2015,BAZ,TX,ASW,CE,Federal Contract Tower,0,1,10,0,11,0,0,34,0,34,0,1,44,0,45,26,0,26,71
07/20/2015,BAZ,TX,ASW,CE,Federal Contract Tower,0,0,20,8,28,0,1,45,2,48,0,1,65,10,76,126,2,128,204
07/21/2015,BAZ,TX,ASW,CE,Federal Contract Tower,0,0,10,6,16,0,3,53,2,58,0,3,63,8,74,146,10,156,230
07/22/2015,BAZ,TX,ASW,CE,Federal Contract Tower,0,0,11,13,24,0,0,49,0,49,0,0,60,13,73,78,0,78,151
07/23/2015,BAZ,TX,ASW,CE,Federal Contract Tower,0,4,18,8,30,0,2,56,0,58,0,6,74,8,88,66,20,86,174
07/24/2015,BAZ,TX,ASW,CE,Federal Contract Tower,0,2,12,14,28,0,0,57,0,57,0,2,69,14,85,30,4,34,119
07/25/2015,BAZ,TX,ASW,CE,Federal Contract Tower,0,0,9,0,9,0,3,52,0,55,0,3,61,0,64,78,0,78,142
07/26/2015,BAZ,TX,ASW,CE,Federal Contract Tower,0,0,19,4,23,0,0,33,0,33,0,0,52,4,56,28,8,36,92
07/27/2015,BAZ,TX,ASW,CE,Federal Contract Tower,0,0,11,6,17,0,1,52,0,53,0,1,63,6,70,66,4,70,140
07/28/2015,BAZ,TX,ASW,CE,Federal Contract Tower,0,0,11,0,11,0,1,55,0,56,0,1,66,0,67,92,0,92,159
07/29/2015,BAZ,TX,ASW,CE,Federal Contract Tower,0,2,10,14,26,0,4,54,0,58,0,6,64,14,84,112,12,124,208
07/30/2015,BAZ,TX,ASW,CE,Federal Contract Tower,0,0,18,0,18,0,2,85,0,87,0,2,103,0,105,168,0,168,273
07/31/2015,BAZ,TX,ASW,CE,Federal Contract Tower,0,2,14,0,16,0,3,42,0,45,0,5,56,0,61,50,0,50,111
08/01/2015,BAZ,TX,ASW,CE,Federal Contract Tower,0,0,10,2,12,0,0,85,0,85,0,0,95,2,97,90,2,92,189
08/02/2015,BAZ,TX,ASW,CE,Federal Contract Tower,0,0,1,0,1,0,0,37,0,37,0,0,38,0,38,38,0,38,76
08/03/2015,BAZ,TX,ASW,CE,Federal Contract Tower,0,2,15,3,20,0,0,34,1,35,0,2,49,4,55,56,22,78,133
08/04/2015,BAZ,TX,ASW,CE,Federal Contract Tower,0,0,10,3,13,0,0,53,0,53,0,0,63,3,66,78,0,78,144
08/05/2015,BAZ,TX,ASW,CE,Federal Contract Tower,0,0,7,8,15,0,2,42,2,46,0,2,49,10,61,64,8,72,133
08/06/2015,BAZ,TX,ASW,CE,Federal Contract Tower,0,3,18,5,26,0,0,53,0,53,0,3,71,5,79,98,0,98,177
08/07/2015,BAZ,TX,ASW,CE,Federal Contract Tower,0,0,4,4,8,0,2,68,2,72,0,2,72,6,80,66,22,88,168
08/08/2015,BAZ,TX,ASW,CE,Federal Contract Tower,0,0,6,0,6,0,2,60,4,66,0,2,66,4,72,68,2,70,142
08/09/2015,BAZ,TX,ASW,CE,Federal Contract Tower,0,0,9,4,13,0,1,44,0,45,0,1,53,4,58,30,0,30,88
08/10/2015,BAZ,TX,ASW,CE,Federal Contract Tower,0,0,7,2,9,0,2,50,0,52,0,2,57,2,61,78,2,80,141
08/11/2015,BAZ,TX,ASW,CE,Federal Contract Tower,0,0,11,0,11,0,0,44,0,44,0,0,55,0,55,100,0,100,155
08/12/2015,BAZ,TX,ASW,CE,Federal Contract Tower,0,0,10,3,13,0,1,44,0,45,0,1,54,3,58,86,0,86,144
08/13/2015,BAZ,TX,ASW,CE,Federal Contract Tower,0,0,8,0,8,0,2,57,0,59,0,2,65,0,67,102,0,102,169
08/14/2015,BAZ,TX,ASW,CE,Federal Contract Tower,0,0,8,8,16,0,7,51,4,62,0,7,59,12,78,72,6,78,156
08/15/2015,BAZ,TX,ASW,CE,Federal Contract Tower,0,0,3,0,3,0,2,54,0,56,0,2,57,0,59,78,0,78,137
08/16/2015,BAZ,TX,ASW,CE,Federal Contract Tower,0,0,9,0,9,0,4,40,0,44,0,4,49,0,53,18,0,18,71
08/17/2015,BAZ,TX,ASW,CE,Federal Contract Tower,0,0,10,2,12,0,2,63,4,69,0,2,73,6,81,106,2,108,189
08/18/2015,BAZ,TX,ASW,CE,Federal Contract Tower,0,2,9,15,26,0,2,50,0,52,0,4,59,15,78,142,6,148,226
08/19/2015,BAZ,TX,ASW,CE,Federal Contract Tower,0,0,9,6,15,0,2,45,0,47,0,2,54,6,62,110,0,110,172
08/21/2015,BAZ,TX,ASW,CE,Federal Contract Tower,0,1,10,9,20,0,1,22,1,24,0,2,32,10,44,60,12,72,116
08/22/2015,BAZ,TX,ASW,CE,Federal Contract Tower,0,5,11,0,16,0,5,58,4,67,0,10,69,4,83,104,16,120,203
08/23/2015,BAZ,TX,ASW,CE,Federal Contract Tower,0,4,15,0,19,0,1,33,0,34,0,5,48,0,53,26,0,26,79
08/24/2015,BAZ,TX,ASW,CE,Federal Contract Tower,0,0,19,12,31,0,4,34,0,38,0,4,53,12,69,114,22,136,205
08/25/2015,BAZ,TX,ASW,CE,Federal Contract Tower,0,0,10,5,15,0,0,49,1,50,0,0,59,6,65,126,10,136,201
08/26/2015,BAZ,TX,ASW,CE,Federal Contract Tower,0,0,21,0,21,0,2,50,0,52,0,2,71,0,73,116,0,116,189
08/27/2015,BAZ,TX,ASW,CE,Federal Contract Tower,0,0,12,2,14,0,3,58,1,62,0,3,70,3,76,94,0,94,170
08/28/2015,BAZ,TX,ASW,CE,Federal Contract Tower,0,0,2,2,4,0,0,62,0,62,0,0,64,2,66,86,0,86,152
08/29/2015,BAZ,TX,ASW,CE,Federal Contract Tower,0,0,3,0,3,0,2,97,0,99,0,2,100,0,102,162,0,162,264
08/30/2015,BAZ,TX,ASW,CE,Federal Contract Tower,0,0,7,2,9,0,2,45,0,47,0,2,52,2,56,36,6,42,98
08/31/2015,BAZ,TX,ASW,CE,Federal Contract Tower,0,0,17,0,17,0,1,41,0,42,0,1,58,0,59,34,0,34,93
09/01/2015,BAZ,TX,ASW,CE,Federal Contract Tower,0,0,12,2,14,0,0,42,0,42,0,0,54,2,56,62,0,62,118
09/02/2015,BAZ,TX,ASW,CE,Federal Contract Tower,0,0,9,6,15,0,2,68,0,70,0,2,77,6,85,64,10,74,159
09/03/2015,BAZ,TX,ASW,CE,Federal Contract Tower,0,2,19,4,25,0,3,32,0,35,0,5,51,4,60,74,0,74,134
09/04/2015,BAZ,TX,ASW,CE,Federal Contract Tower,0,7,21,0,28,0,2,53,0,55,0,9,74,0,83,186,0,186,269
09/05/2015,BAZ,TX,ASW,CE,Federal Contract Tower,0,0,8,0,8,0,1,26,0,27,0,1,34,0,35,18,0,18,53
09/06/2015,BAZ,TX,ASW,CE,Federal Contract Tower,0,0,7,0,7,0,2,25,0,27,0,2,32,0,34,4,0,4,38
09/07/2015,BAZ,TX,ASW,CE,Federal Contract Tower,0,0,9,0,9,0,2,38,0,40,0,2,47,0,49,66,0,66,115
09/08/2015,BAZ,TX,ASW,CE,Federal Contract Tower,0,0,16,12,28,0,2,57,2,61,0,2,73,14,89,64,40,104,193
09/09/2015,BAZ,TX,ASW,CE,Federal Contract Tower,0,0,8,6,14,0,3,24,0,27,0,3,32,6,41,42,6,48,89
09/10/2015,BAZ,TX,ASW,CE,Federal Contract Tower,0,1,9,10,20,0,0,25,0,25,0,1,34,10,45,54,0,54,99
09/11/2015,BAZ,TX,ASW,CE,Federal Contract Tower,0,1,17,4,22,0,3,35,0,38,0,4,52,4,60,104,0,104,164
09/12/2015,BAZ,TX,ASW,CE,Federal Contract Tower,0,0,3,0,3,0,4,22,0,26,0,4,25,0,29,8,0,8,37
09/13/2015,BAZ,TX,ASW,CE,Federal Contract Tower,0,1,5,0,6,0,0,58,0,58,0,1,63,0,64,64,0,64,128
09/14/2015,BAZ,TX,ASW,CE,Federal Contract Tower,0,0,13,2,15,0,2,54,0,56,0,2,67,2,71,106,22,128,199
09/15/2015,BAZ,TX,ASW,CE,Federal Contract Tower,0,0,20,8,28,0,2,29,0,31,0,2,49,8,59,62,4,66,125
09/16/2015,BAZ,TX,ASW,CE,Federal Contract Tower,0,2,11,0,13,0,0,32,0,32,0,2,43,0,45,38,0,38,83
09/17/2015,BAZ,TX,ASW,CE,Federal Contract Tower,0,6,17,10,33,0,2,62,0,64,0,8,79,10,97,86,0,86,183
09/18/2015,BAZ,TX,ASW,CE,Federal Contract Tower,0,0,11,0,11,0,3,63,2,68,0,3,74,2,79,156,4,160,239
09/19/2015,BAZ,TX,ASW,CE,Federal Contract Tower,0,2,9,2,13,0,4,58,0,62,0,6,67,2,75,112,0,112,187
09/20/2015,BAZ,TX,ASW,CE,Federal Contract Tower,0,0,8,0,8,0,4,61,0,65,0,4,69,0,73,24,0,24,97
09/21/2015,BAZ,TX,ASW,CE,Federal Contract Tower,0,2,7,6,15,0,0,50,0,50,0,2,57,6,65,132,16,148,213
09/22/2015,BAZ,TX,ASW,CE,Federal Contract Tower,0,0,9,1,10,0,2,57,1,60,0,2,66,2,70,124,12,136,206
09/23/2015,BAZ,TX,ASW,CE,Federal Contract Tower,0,0,6,6,12,0,3,75,0,78,0,3,81,6,90,118,0,118,208
09/24/2015,BAZ,TX,ASW,CE,Federal Contract Tower,0,0,16,8,24,0,2,62,0,64,0,2,78,8,88,148,0,148,236
09/25/2015,BAZ,TX,ASW,CE,Federal Contract Tower,0,0,14,4,18,0,1,58,0,59,0,1,72,4,77,56,2,58,135
09/26/2015,BAZ,TX,ASW,CE,Federal Contract Tower,0,2,3,4,9,0,1,50,0,51,0,3,53,4,60,76,0,76,136
09/27/2015,BAZ,TX,ASW,CE,Federal Contract Tower,0,0,8,0,8,0,0,35,2,37,0,0,43,2,45,10,8,18,63
09/28/2015,BAZ,TX,ASW,CE,Federal Contract Tower,0,4,7,5,16,0,4,44,2,50,0,8,51,7,66,148,18,166,232
09/29/2015,BAZ,TX,ASW,CE,Federal Contract Tower,0,2,10,4,16,0,4,44,0,48,0,6,54,4,64,104,2,106,170
09/30/2015,BAZ,TX,ASW,CE,Federal Contract Tower,0,0,12,10,22,0,1,76,2,79,0,1,88,12,101,62,12,74,175
10/01/2015,BAZ,TX,ASW,CE,Federal Contract Tower,0,2,12,14,28,0,2,73,2,77,0,4,85,16,105,74,4,78,183
10/02/2015,BAZ,TX,ASW,CE,Federal Contract Tower,0,0,9,0,9,0,0,59,0,59,0,0,68,0,68,40,0,40,108
10/03/2015,BAZ,TX,ASW,CE,Federal Contract Tower,0,0,7,0,7,0,4,47,0,51,0,4,54,0,58,46,0,46,104
10/04/2015,BAZ,TX,ASW,CE,Federal Contract Tower,0,0,6,0,6,0,0,31,0,31,0,0,37,0,37,8,0,8,45
10/05/2015,BAZ,TX,ASW,CE,Federal Contract Tower,0,0,5,8,13,0,2,66,0,68,0,2,71,8,81,150,2,152,233
10/06/2015,BAZ,TX,ASW,CE,Federal Contract Tower,0,0,7,0,7,0,0,0,0,0,0,0,7,0,7,86,0,86,93
10/07/2015,BAZ,TX,ASW,CE,Federal Contract Tower,0,0,11,8,19,0,3,88,0,91,0,3,99,8,110,96,0,96,206
10/08/2015,BAZ,TX,ASW,CE,Federal Contract Tower,0,1,12,8,21,0,2,32,4,38,0,3,44,12,59,64,8,72,131
10/09/2015,BAZ,TX,ASW,CE,Federal Contract Tower,0,1,17,4,22,0,7,53,2,62,0,8,70,6,84,30,0,30,114
10/10/2015,BAZ,TX,ASW,CE,Federal Contract Tower,0,0,13,0,13,0,3,67,0,70,0,3,80,0,83,52,0,52,135
10/11/2015,BAZ,TX,ASW,CE,Federal Contract Tower,0,0,11,0,11,0,3,38,0,41,0,3,49,0,52,10,0,10,62
10/12/2015,BAZ,TX,ASW,CE,Federal Contract Tower,0,0,25,0,25,0,1,21,0,22,0,1,46,0,47,4,0,4,51
10/13/2015,BAZ,TX,ASW,CE,Federal Contract Tower,0,0,6,4,10,0,0,37,0,37,0,0,43,4,47,52,0,52,99
10/14/2015,BAZ,TX,ASW,CE,Federal Contract Tower,0,0,13,12,25,0,2,80,0,82,0,2,93,12,107,54,0,54,161
10/15/2015,BAZ,TX,ASW,CE,Federal Contract Tower,0,0,15,6,21,0,0,43,5,48,0,0,58,11,69,50,12,62,131
10/16/2015,BAZ,TX,ASW,CE,Federal Contract Tower,0,0,9,4,13,0,5,56,4,65,0,5,65,8,78,28,4,32,110
10/17/2015,BAZ,TX,ASW,CE,Federal Contract Tower,0,0,7,0,7,0,1,74,0,75,0,1,81,0,82,106,0,106,188
10/18/2015,BAZ,TX,ASW,CE,Federal Contract Tower,0,4,4,0,8,0,1,75,0,76,0,5,79,0,84,66,0,66,150
10/19/2015,BAZ,TX,ASW,CE,Federal Contract Tower,0,0,10,4,14,0,0,37,0,37,0,0,47,4,51,16,2,18,69
10/20/2015,BAZ,TX,ASW,CE,Federal Contract Tower,0,0,5,6,11,0,2,35,2,39,0,2,40,8,50,22,2,24,74
10/21/2015,BAZ,TX,ASW,CE,Federal Contract Tower,0,0,15,4,19,0,3,17,0,20,0,3,32,4,39,66,0,66,105
10/22/2015,BAZ,TX,ASW,CE,Federal Contract Tower,0,0,24,0,24,0,0,10,0,10,0,0,34,0,34,28,0,28,62
10/23/2015,BAZ,TX,ASW,CE,Federal Contract Tower,0,2,7,0,9,0,0,1,0,1,0,2,8,0,10,0,0,0,10
10/24/2015,BAZ,TX,ASW,CE,Federal Contract Tower,0,0,1,0,1,0,0,0,0,0,0,0,1,0,1,0,0,0,1
10/25/2015,BAZ,TX,ASW,CE,Federal Contract Tower,0,0,11,0,11,0,1,0,0,1,0,1,11,0,12,0,0,0,12
10/26/2015,BAZ,TX,ASW,CE,Federal Contract Tower,0,0,14,3,17,0,0,23,1,24,0,0,37,4,41,26,20,46,87
10/27/2015,BAZ,TX,ASW,CE,Federal Contract Tower,0,0,10,0,10,0,4,40,0,44,0,4,50,0,54,40,0,40,94
10/28/2015,BAZ,TX,ASW,CE,Federal Contract Tower,0,0,11,0,11,0,1,58,0,59,0,1,69,0,70,76,0,76,146
10/29/2015,BAZ,TX,ASW,CE,Federal Contract Tower,0,0,7,8,15,0,2,54,3,59,0,2,61,11,74,66,48,114,188
10/30/2015,BAZ,TX,ASW,CE,Federal Contract Tower,0,2,3,0,5,0,1,14,0,15,0,3,17,0,20,4,0,4,24
10/31/2015,BAZ,TX,ASW,CE,Federal Contract Tower,0,1,5,0,6,0,3,25,0,28,0,4,30,0,34,20,0,20,54
11/01/2015,BAZ,TX,ASW,CE,Federal Contract Tower,0,1,7,0,8,0,2,38,0,40,0,3,45,0,48,60,0,60,108
11/02/2015,BAZ,TX,ASW,CE,Federal Contract Tower,0,0,16,0,16,0,5,46,0,51,0,5,62,0,67,44,0,44,111
11/03/2015,BAZ,TX,ASW,CE,Federal Contract Tower,0,2,41,2,45,0,2,45,0,47,0,4,86,2,92,78,4,82,174
11/04/2015,BAZ,TX,ASW,CE,Federal Contract Tower,0,0,26,6,32,0,0,20,0,20,0,0,46,6,52,16,0,16,68
11/05/2015,BAZ,TX,ASW,CE,Federal Contract Tower,0,0,17,12,29,0,2,7,0,9,0,2,24,12,38,22,0,22,60
11/06/2015,BAZ,TX,ASW,CE,Federal Contract Tower,0,0,8,6,14,0,2,20,2,24,0,2,28,8,38,66,0,66,104
11/07/2015,BAZ,TX,ASW,CE,Federal Contract Tower,0,0,8,0,8,0,0,2,0,2,0,0,10,0,10,0,0,0,10
11/08/2015,BAZ,TX,ASW,CE,Federal Contract Tower,0,0,16,5,21,0,2,26,5,33,0,2,42,10,54,26,6,32,86
11/09/2015,BAZ,TX,ASW,CE,Federal Contract Tower,0,0,9,12,21,0,2,57,2,61,0,2,66,14,82,46,6,52,134
11/10/2015,BAZ,TX,ASW,CE,Federal Contract Tower,0,0,13,28,41,0,3,16,1,20,0,3,29,29,61,56,12,68,129
11/11/2015,BAZ,TX,ASW,CE,Federal Contract Tower,0,0,11,0,11,0,3,17,0,20,0,3,28,0,31,30,0,30,61
11/12/2015,BAZ,TX,ASW,CE,Federal Contract Tower,0,0,4,18,22,0,3,47,8,58,0,3,51,26,80,52,24,76,156
11/13/2015,BAZ,TX,ASW,CE,Federal Contract Tower,0,0,9,4,13,0,0,63,0,63,0,0,72,4,76,92,2,94,170
11/14/2015,BAZ,TX,ASW,CE,Federal Contract Tower,0,2,9,0,11,0,0,56,0,56,0,2,65,0,67,64,0,64,131
11/15/2015,BAZ,TX,ASW,CE,Federal Contract Tower,0,2,9,0,11,0,0,14,0,14,0,2,23,0,25,28,0,28,53
11/16/2015,BAZ,TX,ASW,CE,Federal Contract Tower,0,1,12,10,23,0,1,2,0,3,0,2,14,10,26,2,4,6,32
11/17/2015,BAZ,TX,ASW,CE,Federal Contract Tower,0,3,5,2,10,0,2,21,0,23,0,5,26,2,33,10,0,10,43
11/18/2015,BAZ,TX,ASW,CE,Federal Contract Tower,0,1,9,6,16,0,4,44,0,48,0,5,53,6,64,40,0,40,104
11/19/2015,BAZ,TX,ASW,CE,Federal Contract Tower,0,0,6,8,14,0,2,51,2,55,0,2,57,10,69,86,4,90,159
11/20/2015,BAZ,TX,ASW,CE,Federal Contract Tower,0,0,13,2,15,0,6,40,4,50,0,6,53,6,65,14,38,52,117
11/21/2015,BAZ,TX,ASW,CE,Federal Contract Tower,0,0,6,0,6,0,2,7,0,9,0,2,13,0,15,8,0,8,23
11/22/2015,BAZ,TX,ASW,CE,Federal Contract Tower,0,0,2,0,2,0,2,64,0,66,0,2,66,0,68,80,0,80,148
11/23/2015,BAZ,TX,ASW,CE,Federal Contract Tower,0,0,4,10,14,0,4,71,0,75,0,4,75,10,89,86,14,100,189
11/24/2015,BAZ,TX,ASW,CE,Federal Contract Tower,0,0,11,0,11,0,0,50,0,50,0,0,61,0,61,102,0,102,163
11/25/2015,BAZ,TX,ASW,CE,Federal Contract Tower,0,0,14,0,14,0,3,5,0,8,0,3,19,0,22,10,0,10,32
11/26/2015,BAZ,TX,ASW,CE,Federal Contract Tower,0,0,3,0,3,0,2,0,0,2,0,2,3,0,5,0,0,0,5
11/27/2015,BAZ,TX,ASW,CE,Federal Contract Tower,0,0,6,0,6,0,0,0,0,0,0,0,6,0,6,0,0,0,6
11/28/2015,BAZ,TX,ASW,CE,Federal Contract Tower,0,1,10,0,11,0,0,0,0,0,0,1,10,0,11,2,0,2,13
11/29/2015,BAZ,TX,ASW,CE,Federal Contract Tower,0,0,13,0,13,0,0,0,0,0,0,0,13,0,13,0,0,0,13
11/30/2015,BAZ,TX,ASW,CE,Federal Contract Tower,0,0,13,6,19,0,0,11,0,11,0,0,24,6,30,18,0,18,48
12/01/2015,BAZ,TX,ASW,CE,Federal Contract Tower,0,0,7,10,17,0,0,23,0,23,0,0,30,10,40,50,4,54,94
12/02/2015,BAZ,TX,ASW,CE,Federal Contract Tower,0,0,12,9,21,0,3,48,4,55,0,3,60,13,76,46,46,92,168
12/03/2015,BAZ,TX,ASW,CE,Federal Contract Tower,0,2,7,12,21,0,2,63,2,67,0,4,70,14,88,182,4,186,274
12/04/2015,BAZ,TX,ASW,CE,Federal Contract Tower,0,3,8,4,15,0,6,50,2,58,0,9,58,6,73,86,8,94,167
12/05/2015,BAZ,TX,ASW,CE,Federal Contract Tower,0,0,5,0,5,0,1,84,0,85,0,1,89,0,90,106,0,106,196
12/06/2015,BAZ,TX,ASW,CE,Federal Contract Tower,0,6,5,1,12,0,4,60,0,64,0,10,65,1,76,40,0,40,116
12/07/2015,BAZ,TX,ASW,CE,Federal Contract Tower,0,0,15,11,26,0,0,55,4,59,0,0,70,15,85,110,20,130,215
12/08/2015,BAZ,TX,ASW,CE,Federal Contract Tower,0,0,12,4,16,0,4,62,2,68,0,4,74,6,84,126,18,144,228
12/09/2015,BAZ,TX,ASW,CE,Federal Contract Tower,0,0,15,6,21,0,2,63,3,68,0,2,78,9,89,102,20,122,211
12/10/2015,BAZ,TX,ASW,CE,Federal Contract Tower,0,0,25,7,32,0,2,39,0,41,0,2,64,7,73,132,2,134,207
12/11/2015,BAZ,TX,ASW,CE,Federal Contract Tower,0,0,7,0,7,0,5,32,0,37,0,5,39,0,44,90,0,90,134
12/12/2015,BAZ,TX,ASW,CE,Federal Contract Tower,0,2,2,0,4,0,4,2,0,6,0,6,4,0,10,0,0,0,10
12/13/2015,BAZ,TX,ASW,CE,Federal Contract Tower,0,0,5,2,7,0,0,15,0,15,0,0,20,2,22,14,0,14,36
12/14/2015,BAZ,TX,ASW,CE,Federal Contract Tower,0,0,4,0,4,0,3,103,0,106,0,3,107,0,110,164,0,164,274
12/15/2015,BAZ,TX,ASW,CE,Federal Contract Tower,0,0,20,9,29,0,2,10,2,14,0,2,30,11,43,4,0,4,47
12/16/2015,BAZ,TX,ASW,CE,Federal Contract Tower,0,4,8,6,18,0,1,47,2,50,0,5,55,8,68,72,4,76,144
12/17/2015,BAZ,TX,ASW,CE,Federal Contract Tower,0,0,5,10,15,0,3,64,4,71,0,3,69,14,86,94,10,104,190
12/18/2015,BAZ,TX,ASW,CE,Federal Contract Tower,0,0,8,5,13,0,2,62,1,65,0,2,70,6,78,120,18,138,216
12/19/2015,BAZ,TX,ASW,CE,Federal Contract Tower,0,0,10,0,10,0,2,80,0,82,0,2,90,0,92,82,0,82,174
12/20/2015,BAZ,TX,ASW,CE,Federal Contract Tower,0,2,9,4,15,0,1,17,0,18,0,3,26,4,33,26,4,30,63
12/21/2015,BAZ,TX,ASW,CE,Federal Contract Tower,0,1,4,4,9,0,2,16,0,18,0,3,20,4,27,46,2,48,75
12/22/2015,BAZ,TX,ASW,CE,Federal Contract Tower,0,3,11,4,18,0,1,40,0,41,0,4,51,4,59,114,2,116,175
12/23/2015,BAZ,TX,ASW,CE,Federal Contract Tower,0,1,12,0,13,0,0,44,0,44,0,1,56,0,57,78,0,78,135
12/24/2015,BAZ,TX,ASW,CE,Federal Contract Tower,0,0,6,0,6,0,3,9,0,12,0,3,15,0,18,28,0,28,46
12/25/2015,BAZ,TX,ASW,CE,Federal Contract Tower,0,0,3,0,3,0,2,0,0,2,0,2,3,0,5,0,0,0,5
12/26/2015,BAZ,TX,ASW,CE,Federal Contract Tower,0,0,8,0,8,0,1,1,0,2,0,1,9,0,10,0,0,0,10
12/27/2015,BAZ,TX,ASW,CE,Federal Contract Tower,0,1,5,0,6,0,0,1,0,1,0,1,6,0,7,0,0,0,7
12/28/2015,BAZ,TX,ASW,CE,Federal Contract Tower,0,2,8,0,10,0,2,44,0,46,0,4,52,0,56,108,0,108,164
12/29/2015,BAZ,TX,ASW,CE,Federal Contract Tower,0,0,12,0,12,0,0,45,0,45,0,0,57,0,57,74,0,74,131
12/30/2015,BAZ,TX,ASW,CE,Federal Contract Tower,0,0,5,0,5,0,0,25,0,25,0,0,30,0,30,28,0,28,58
12/31/2015,BAZ,TX,ASW,CE,Federal Contract Tower,0,0,4,0,4,0,2,33,0,35,0,2,37,0,39,24,0,24,63
01/01/2016,BAZ,TX,ASW,CE,Federal Contract Tower,0,0,5,0,5,0,0,2,0,2,0,0,7,0,7,6,0,6,13
01/02/2016,BAZ,TX,ASW,CE,Federal Contract Tower,0,0,6,0,6,0,3,3,0,6,0,3,9,0,12,0,0,0,12
01/03/2016,BAZ,TX,ASW,CE,Federal Contract Tower,0,4,24,0,28,0,1,51,0,52,0,5,75,0,80,36,0,36,116
01/04/2016,BAZ,TX,ASW,CE,Federal Contract Tower,0,3,2,2,7,0,0,61,0,61,0,3,63,2,68,92,0,92,160
01/06/2016,BAZ,TX,ASW,CE,Federal Contract Tower,0,0,5,16,21,0,0,0,0,0,0,0,5,16,21,0,0,0,21
01/07/2016,BAZ,TX,ASW,CE,Federal Contract Tower,0,0,8,2,10,0,2,59,2,63,0,2,67,4,73,58,14,72,145
01/08/2016,BAZ,TX,ASW,CE,Federal Contract Tower,0,0,5,2,7,0,1,13,0,14,0,1,18,2,21,34,0,34,55
01/09/2016,BAZ,TX,ASW,CE,Federal Contract Tower,0,0,3,0,3,0,0,34,2,36,0,0,37,2,39,50,6,56,95
01/10/2016,BAZ,TX,ASW,CE,Federal Contract Tower,0,5,10,0,15,0,5,63,2,70,0,10,73,2,85,32,4,36,121
01/11/2016,BAZ,TX,ASW,CE,Federal Contract Tower,0,0,8,0,8,0,2,33,0,35,0,2,41,0,43,68,0,68,111
01/12/2016,BAZ,TX,ASW,CE,Federal Contract Tower,0,0,7,3,10,0,3,40,0,43,0,3,47,3,53,56,4,60,113
01/13/2016,BAZ,TX,ASW,CE,Federal Contract Tower,0,0,9,8,17,0,0,47,2,49,0,0,56,10,66,88,2,90,156
01/14/2016,BAZ,TX,ASW,CE,Federal Contract Tower,0,1,19,10,30,0,0,24,0,24,0,1,43,10,54,74,2,76,130
01/15/2016,BAZ,TX,ASW,CE,Federal Contract Tower,0,0,14,4,18,0,4,64,3,71,0,4,78,7,89,76,4,80,169
01/16/2016,BAZ,TX,ASW,CE,Federal Contract Tower,0,0,4,4,8,0,0,44,0,44,0,0,48,4,52,40,0,40,92
01/17/2016,BAZ,TX,ASW,CE,Federal Contract Tower,0,0,8,0,8,0,2,57,0,59,0,2,65,0,67,40,0,40,107
01/18/2016,BAZ,TX,ASW,CE,Federal Contract Tower,0,0,6,4,10,0,2,41,0,43,0,2,47,4,53,58,2,60,113
01/19/2016,BAZ,TX,ASW,CE,Federal Contract Tower,0,0,10,6,16,0,0,32,0,32,0,0,42,6,48,52,2,54,102
01/20/2016,BAZ,TX,ASW,CE,Federal Contract Tower,0,0,27,6,33,0,0,12,0,12,0,0,39,6,45,22,0,22,67
01/21/2016,BAZ,TX,ASW,CE,Federal Contract Tower,0,0,10,6,16,0,3,19,2,24,0,3,29,8,40,16,20,36,76
01/22/2016,BAZ,TX,ASW,CE,Federal Contract Tower,0,0,9,8,17,0,3,38,0,41,0,3,47,8,58,60,4,64,122
01/23/2016,BAZ,TX,ASW,CE,Federal Contract Tower,0,0,5,0,5,0,2,93,0,95,0,2,98,0,100,102,0,102,202
01/24/2016,BAZ,TX,ASW,CE,Federal Contract Tower,0,0,9,4,13,0,0,50,0,50,0,0,59,4,63,44,0,44,107
01/25/2016,BAZ,TX,ASW,CE,Federal Contract Tower,0,0,10,10,20,0,1,44,0,45,0,1,54,10,65,52,10,62,127
01/26/2016,BAZ,TX,ASW,CE,Federal Contract Tower,0,0,9,0,9,0,2,4,2,8,0,2,13,2,17,0,42,42,59
01/27/2016,BAZ,TX,ASW,CE,Federal Contract Tower,0,0,12,0,12,0,2,60,2,64,0,2,72,2,76,80,2,82,158
01/28/2016,BAZ,TX,ASW,CE,Federal Contract Tower,0,0,9,0,9,0,2,65,2,69,0,2,74,2,78,94,4,98,176
01/30/2016,BAZ,TX,ASW,CE,Federal Contract Tower,0,0,6,0,6,0,8,85,0,93,0,8,91,0,99,104,0,104,203
01/31/2016,BAZ,TX,ASW,CE,Federal Contract Tower,0,2,5,0,7,0,0,50,0,50,0,2,55,0,57,118,0,118,175
02/01/2016,BAZ,TX,ASW,CE,Federal Contract Tower,0,0,4,0,4,0,4,26,0,30,0,4,30,0,34,100,0,100,134
02/02/2016,BAZ,TX,ASW,CE,Federal Contract Tower,0,2,9,5,16,0,4,29,3,36,0,6,38,8,52,36,36,72,124
02/03/2016,BAZ,TX,ASW,CE,Federal Contract Tower,0,0,9,9,18,0,0,55,1,56,0,0,64,10,74,92,12,104,178
02/04/2016,BAZ,TX,ASW,CE,Federal Contract Tower,0,0,10,5,15,0,1,58,1,60,0,1,68,6,75,104,18,122,197
02/05/2016,BAZ,TX,ASW,CE,Federal Contract Tower,0,0,11,0,11,0,0,59,0,59,0,0,70,0,70,174,0,174,244
02/06/2016,BAZ,TX,ASW,CE,Federal Contract Tower,0,0,2,0,2,0,2,32,4,38,0,2,34,4,40,32,0,32,72
02/07/2016,BAZ,TX,ASW,CE,Federal Contract Tower,0,0,2,0,2,0,0,32,2,34,0,0,34,2,36,14,2,16,52
02/08/2016,BAZ,TX,ASW,CE,Federal Contract Tower,0,0,9,6,15,0,2,32,0,34,0,2,41,6,49,52,0,52,101
02/09/2016,BAZ,TX,ASW,CE,Federal Contract Tower,0,2,12,5,19,0,0,50,1,51,0,2,62,6,70,94,8,102,172
02/10/2016,BAZ,TX,ASW,CE,Federal Contract Tower,0,1,12,4,17,0,0,61,4,65,0,1,73,8,82,78,0,78,160
02/11/2016,BAZ,TX,ASW,CE,Federal Contract Tower,0,1,14,0,15,0,1,52,0,53,0,2,66,0,68,114,0,114,182
02/12/2016,BAZ,TX,ASW,CE,Federal Contract Tower,0,0,10,0,10,0,2,67,0,69,0,2,77,0,79,100,0,100,179
02/13/2016,BAZ,TX,ASW,CE,Federal Contract Tower,0,1,11,0,12,0,1,55,0,56,0,2,66,0,68,118,0,118,186
02/14/2016,BAZ,TX,ASW,CE,Federal Contract Tower,0,1,8,0,9,0,0,3,0,3,0,1,11,0,12,2,0,2,14
02/15/2016,BAZ,TX,ASW,CE,Federal Contract Tower,0,1,11,2,14,0,2,42,0,44,0,3,53,2,58,12,14,26,84
02/16/2016,BAZ,TX,ASW,CE,Federal Contract Tower,0,0,5,2,7,0,2,35,0,37,0,2,40,2,44,62,14,76,120
02/17/2016,BAZ,TX,ASW,CE,Federal Contract Tower,0,0,4,5,9,0,3,57,4,64,0,3,61,9,73,78,16,94,167
02/18/2016,BAZ,TX,ASW,CE,Federal Contract Tower,0,0,7,5,12,0,1,30,2,33,0,1,37,7,45,72,10,82,127
02/19/2016,BAZ,TX,ASW,CE,Federal Contract Tower,0,0,21,9,30,0,5,36,3,44,0,5,57,12,74,56,10,66,140
02/20/2016,BAZ,TX,ASW,CE,Federal Contract Tower,0,0,12,0,12,0,0,12,2,14,0,0,24,2,26,6,8,14,40
02/21/2016,BAZ,TX,ASW,CE,Federal Contract Tower,0,0,7,8,15,0,0,6,0,6,0,0,13,8,21,12,4,16,37
02/22/2016,BAZ,TX,ASW,CE,Federal Contract Tower,0,0,14,13,27,0,0,9,0,9,0,0,23,13,36,0,4,4,40
02/23/2016,BAZ,TX,ASW,CE,Federal Contract Tower,0,1,10,0,11,0,1,10,2,13,0,2,20,2,24,0,8,8,32
02/24/2016,BAZ,TX,ASW,CE,Federal Contract Tower,0,3,11,3,17,0,1,55,2,58,0,4,66,5,75,84,18,102,177
02/25/2016,BAZ,TX,ASW,CE,Federal Contract Tower,0,0,12,2,14,0,2,51,2,55,0,2,63,4,69,46,14,60,129
02/26/2016,BAZ,TX,ASW,CE,Federal Contract Tower,0,0,7,12,19,0,3,42,0,45,0,3,49,12,64,68,12,80,144
02/27/2016,BAZ,TX,ASW,CE,Federal Contract Tower,0,0,4,0,4,0,0,43,2,45,0,0,47,2,49,72,2,74,123
02/28/2016,BAZ,TX,ASW,CE,Federal Contract Tower,0,0,6,0,6,0,0,27,0,27,0,0,33,0,33,40,0,40,73
02/29/2016,BAZ,TX,ASW,CE,Federal Contract Tower,0,0,15,8,23,0,0,13,0,13,0,0,28,8,36,32,4,36,72
03/01/2016,BAZ,TX,ASW,CE,Federal Contract Tower,0,0,6,11,17,0,1,24,0,25,0,1,30,11,42,20,34,54,96
03/02/2016,BAZ,TX,ASW,CE,Federal Contract Tower,0,0,15,8,23,0,1,66,0,67,0,1,81,8,90,30,6,36,126
03/03/2016,BAZ,TX,ASW,CE,Federal Contract Tower,0,2,14,9,25,0,0,0,0,0,0,2,14,9,25,66,6,72,97
03/04/2016,BAZ,TX,ASW,CE,Federal Contract Tower,0,0,6,0,6,0,0,59,0,59,0,0,65,0,65,110,0,110,175
03/05/2016,BAZ,TX,ASW,CE,Federal Contract Tower,0,0,13,0,13,0,0,37,0,37,0,0,50,0,50,36,0,36,86
03/06/2016,BAZ,TX,ASW,CE,Federal Contract Tower,0,0,11,0,11,0,0,13,0,13,0,0,24,0,24,4,0,4,28
03/07/2016,BAZ,TX,ASW,CE,Federal Contract Tower,0,0,9,19,28,0,2,3,1,6,0,2,12,20,34,6,22,28,62
03/08/2016,BAZ,TX,ASW,CE,Federal Contract Tower,0,0,2,12,14,0,0,4,0,4,0,0,6,12,18,0,6,6,24
03/09/2016,BAZ,TX,ASW,CE,Federal Contract Tower,0,0,5,0,5,0,1,2,0,3,0,1,7,0,8,0,0,0,8
03/10/2016,BAZ,TX,ASW,CE,Federal Contract Tower,0,0,6,8,14,0,0,0,0,0,0,0,6,8,14,0,0,0,14
03/11/2016,BAZ,TX,ASW,CE,Federal Contract Tower,0,0,8,2,10,0,1,16,0,17,0,1,24,2,27,24,2,26,53
03/12/2016,BAZ,TX,ASW,CE,Federal Contract Tower,0,0,15,2,17,0,2,52,0,54,0,2,67,2,71,76,0,76,147
03/13/2016,BAZ,TX,ASW,CE,Federal Contract Tower,0,0,9,6,15,0,3,32,0,35,0,3,41,6,50,10,0,10,60
03/14/2016,BAZ,TX,ASW,CE,Federal Contract Tower,0,0,5,10,15,0,2,47,0,49,0,2,52,10,64,62,2,64,128
03/15/2016,BAZ,TX,ASW,CE,Federal Contract Tower,0,0,14,8,22,0,0,58,2,60,0,0,72,10,82,110,0,110,192
03/16/2016,BAZ,TX,ASW,CE,Federal Contract Tower,0,0,21,25,46,0,11,57,0,68,0,11,78,25,114,172,40,212,326
03/17/2016,BAZ,TX,ASW,CE,Federal Contract Tower,0,0,10,12,22,0,1,7,0,8,0,1,17,12,30,6,2,8,38
03/18/2016,BAZ,TX,ASW,CE,Federal Contract Tower,0,0,5,10,15,0,1,7,2,10,0,1,12,12,25,12,16,28,53
03/19/2016,BAZ,TX,ASW,CE,Federal Contract Tower,0,0,5,0,5,0,0,27,0,27,0,0,32,0,32,16,0,16,48
03/20/2016,BAZ,TX,ASW,CE,Federal Contract Tower,0,0,6,0,6,0,0,44,0,44,0,0,50,0,50,18,0,18,68
03/21/2016,BAZ,TX,ASW,CE,Federal Contract Tower,0,0,9,16,25,0,1,49,2,52,0,1,58,18,77,94,10,104,181
03/22/2016,BAZ,TX,ASW,CE,Federal Contract Tower,0,0,6,16,22,0,2,34,2,38,0,2,40,18,60,64,24,88,148
03/23/2016,BAZ,TX,ASW,CE,Federal Contract Tower,0,0,19,4,23,0,7,16,0,23,0,7,35,4,46,42,0,42,88
03/24/2016,BAZ,TX,ASW,CE,Federal Contract Tower,0,1,8,34,43,0,3,42,0,45,0,4,50,34,88,46,2,48,136
03/25/2016,BAZ,TX,ASW,CE,Federal Contract Tower,0,0,11,7,18,0,4,62,3,69,0,4,73,10,87,98,28,126,213
03/26/2016,BAZ,TX,ASW,CE,Federal Contract Tower,0,0,18,0,18,0,7,55,0,62,0,7,73,0,80,138,0,138,218
03/27/2016,BAZ,TX,ASW,CE,Federal Contract Tower,0,0,11,0,11,0,0,24,0,24,0,0,35,0,35,8,0,8,43
03/28/2016,BAZ,TX,ASW,CE,Federal Contract Tower,0,0,6,14,20,0,2,46,0,48,0,2,52,14,68,70,6,76,144
03/29/2016,BAZ,TX,ASW,CE,Federal Contract Tower,0,0,17,30,47,0,1,3,0,4,0,1,20,30,51,6,18,24,75
03/30/2016,BAZ,TX,ASW,CE,Federal Contract Tower,0,1,5,8,14,0,0,0,0,0,0,1,5,8,14,0,0,0,14
03/31/2016,BAZ,TX,ASW,CE,Federal Contract Tower,0,0,15,22,37,0,4,50,4,58,0,4,65,26,95,72,20,92,187
04/01/2016,BAZ,TX,ASW,CE,Federal Contract Tower,0,2,10,17,29,0,2,10,0,12,0,4,20,17,41,4,8,12,53
04/02/2016,BAZ,TX,ASW,CE,Federal Contract Tower,0,0,5,0,5,0,2,53,0,55,0,2,58,0,60,80,0,80,140
04/03/2016,BAZ,TX,ASW,CE,Federal Contract Tower,0,0,4,0,4,0,2,59,0,61,0,2,63,0,65,60,0,60,125
04/04/2016,BAZ,TX,ASW,CE,Federal Contract Tower,0,0,4,15,19,0,1,42,1,44,0,1,46,16,63,78,20,98,161
04/05/2016,BAZ,TX,ASW,CE,Federal Contract Tower,0,0,7,20,27,0,3,36,0,39,0,3,43,20,66,36,16,52,118
04/06/2016,BAZ,TX,ASW,CE,Federal Contract Tower,0,0,18,18,36,0,2,46,0,48,0,2,64,18,84,66,5,71,155
04/07/2016,BAZ,TX,ASW,CE,Federal Contract Tower,0,0,10,12,22,0,2,56,0,58,0,2,66,12,80,68,0,68,148
04/08/2016,BAZ,TX,ASW,CE,Federal Contract Tower,0,0,11,17,28,0,2,49,4,55,0,2,60,21,83,88,24,112,195
04/09/2016,BAZ,TX,ASW,CE,Federal Contract Tower,0,0,4,0,4,0,3,40,0,43,0,3,44,0,47,36,0,36,83
04/10/2016,BAZ,TX,ASW,CE,Federal Contract Tower,0,0,18,2,20,0,0,9,0,9,0,0,27,2,29,10,0,10,39
04/11/2016,BAZ,TX,ASW,CE,Federal Contract Tower,0,0,4,30,34,0,1,4,0,5,0,1,8,30,39,0,6,6,45
04/12/2016,BAZ,TX,ASW,CE,Federal Contract Tower,0,0,11,26,37,0,0,0,0,0,0,0,11,26,37,0,0,0,37
04/13/2016,BAZ,TX,ASW,CE,Federal Contract Tower,0,0,12,22,34,0,2,15,0,17,0,2,27,22,51,26,0,26,77
04/14/2016,BAZ,TX,ASW,CE,Federal Contract Tower,0,2,17,20,39,0,1,42,0,43,0,3,59,20,82,130,8,138,220
04/15/2016,BAZ,TX,ASW,CE,Federal Contract Tower,0,0,32,4,36,0,5,34,0,39,0,5,66,4,75,26,2,28,103
04/16/2016,BAZ,TX,ASW,CE,Federal Contract Tower,0,0,19,4,23,0,1,0,0,1,0,1,19,4,24,2,0,2,26
04/17/2016,BAZ,TX,ASW,CE,Federal Contract Tower,0,2,17,0,19,0,0,0,0,0,0,2,17,0,19,0,0,0,19
04/18/2016,BAZ,TX,ASW,CE,Federal Contract Tower,0,0,4,0,4,0,0,0,0,0,0,0,4,0,4,0,0,0,4
04/19/2016,BAZ,TX,ASW,CE,Federal Contract Tower,0,0,16,11,27,0,0,10,3,13,0,0,26,14,40,46,18,64,104
04/20/2016,BAZ,TX,ASW,CE,Federal Contract Tower,0,0,19,12,31,0,0,42,2,44,0,0,61,14,75,90,32,122,197
04/21/2016,BAZ,TX,ASW,CE,Federal Contract Tower,0,0,22,8,30,0,1,25,0,26,0,1,47,8,56,64,0,64,120
04/22/2016,BAZ,TX,ASW,CE,Federal Contract Tower,0,0,13,10,23,0,2,69,0,71,0,2,82,10,94,80,0,80,174
04/23/2016,BAZ,TX,ASW,CE,Federal Contract Tower,0,0,5,0,5,0,2,96,0,98,0,2,101,0,103,152,0,152,255
04/24/2016,BAZ,TX,ASW,CE,Federal Contract Tower,0,0,18,1,19,0,4,10,1,15,0,4,28,2,34,0,0,0,34
04/25/2016,BAZ,TX,ASW,CE,Federal Contract Tower,0,0,7,12,19,0,4,25,2,31,0,4,32,14,50,50,16,66,116
04/26/2016,BAZ,TX,ASW,CE,Federal Contract Tower,0,0,10,10,20,0,3,21,2,26,0,3,31,12,46,76,14,90,136
04/27/2016,BAZ,TX,ASW,CE,Federal Contract Tower,0,0,16,4,20,0,3,62,4,69,0,3,78,8,89,156,26,182,271
04/28/2016,BAZ,TX,ASW,CE,Federal Contract Tower,0,0,27,10,37,0,1,29,0,30,0,1,56,10,67,96,6,102,169
04/29/2016,BAZ,TX,ASW,CE,Federal Contract Tower,0,0,16,22,38,0,0,1,0,1,0,0,17,22,39,0,12,12,51
04/30/2016,BAZ,TX,ASW,CE,Federal Contract Tower,0,0,0,0,0,0,3,30,0,33,0,3,30,0,33,78,0,78,111
05/01/2016,BAZ,TX,ASW,CE,Federal Contract Tower,0,0,6,0,6,0,4,10,0,14,0,4,16,0,20,20,0,20,40
05/02/2016,BAZ,TX,ASW,CE,Federal Contract Tower,0,0,8,11,19,0,2,28,2,32,0,2,36,13,51,50,18,68,119
05/03/2016,BAZ,TX,ASW,CE,Federal Contract Tower,0,0,10,8,18,0,3,53,2,58,0,3,63,10,76,92,6,98,174
05/04/2016,BAZ,TX,ASW,CE,Federal Contract Tower,0,0,12,16,28,0,5,63,0,68,0,5,75,16,96,106,26,132,228
05/05/2016,BAZ,TX,ASW,CE,Federal Contract Tower,0,0,14,14,28,0,3,66,2,71,0,3,80,16,99,112,10,122,221
05/06/2016,BAZ,TX,ASW,CE,Federal Contract Tower,0,0,3,8,11,0,3,77,0,80,0,3,80,8,91,140,8,148,239
05/07/2016,BAZ,TX,ASW,CE,Federal Contract Tower,0,0,7,4,11,0,1,80,0,81,0,1,87,4,92,86,0,86,178
05/08/2016,BAZ,TX,ASW,CE,Federal Contract Tower,0,1,9,0,10,0,0,11,1,12,0,1,20,1,22,0,0,0,22
05/09/2016,BAZ,TX,ASW,CE,Federal Contract Tower,0,0,8,20,28,0,1,21,0,22,0,1,29,20,50,32,14,46,96
05/10/2016,BAZ,TX,ASW,CE,Federal Contract Tower,0,0,18,26,44,0,2,36,2,40,0,2,54,28,84,38,12,50,134
05/11/2016,BAZ,TX,ASW,CE,Federal Contract Tower,0,0,11,8,19,0,5,34,0,39,0,5,45,8,58,62,6,68,126
05/12/2016,BAZ,TX,ASW,CE,Federal Contract Tower,0,0,6,24,30,0,2,17,0,19,0,2,23,24,49,48,18,66,115
05/13/2016,BAZ,TX,ASW,CE,Federal Contract Tower,0,0,6,4,10,0,0,87,1,88,0,0,93,5,98,90,0,90,188
05/14/2016,BAZ,TX,ASW,CE,Federal Contract Tower,0,1,3,0,4,0,1,34,0,35,0,2,37,0,39,82,0,82,121
05/15/2016,BAZ,TX,ASW,CE,Federal Contract Tower,0,1,6,4,11,0,0,7,0,7,0,1,13,4,18,0,0,0,18
05/16/2016,BAZ,TX,ASW,CE,Federal Contract Tower,0,0,9,12,21,0,4,33,2,39,0,4,42,14,60,12,10,22,82
05/17/2016,BAZ,TX,ASW,CE,Federal Contract Tower,0,0,6,10,16,0,0,2,0,2,0,0,8,10,18,0,2,2,20
05/18/2016,BAZ,TX,ASW,CE,Federal Contract Tower,0,0,7,18,25,0,2,11,0,13,0,2,18,18,38,4,8,12,50
05/19/2016,BAZ,TX,ASW,CE,Federal Contract Tower,0,0,2,0,2,0,0,0,0,0,0,0,2,0,2,0,0,0,2
05/20/2016,BAZ,TX,ASW,CE,Federal Contract Tower,0,0,15,6,21,0,2,55,0,57,0,2,70,6,78,50,12,62,140
05/21/2016,BAZ,TX,ASW,CE,Federal Contract Tower,0,0,25,0,25,0,3,15,0,18,0,3,40,0,43,34,0,34,77
05/22/2016,BAZ,TX,ASW,CE,Federal Contract Tower,0,0,13,0,13,0,4,10,0,14,0,4,23,0,27,14,0,14,41
05/23/2016,BAZ,TX,ASW,CE,Federal Contract Tower,0,0,15,12,27,0,0,19,1,20,0,0,34,13,47,34,12,46,93
05/24/2016,BAZ,TX,ASW,CE,Federal Contract Tower,0,0,24,8,32,0,2,20,3,25,0,2,44,11,57,104,20,124,181
05/25/2016,BAZ,TX,ASW,CE,Federal Contract Tower,0,0,19,17,36,0,2,8,4,14,0,2,27,21,50,14,32,46,96
05/26/2016,BAZ,TX,ASW,CE,Federal Contract Tower,0,0,9,0,9,0,0,8,0,8,0,0,17,0,17,42,0,42,59
05/27/2016,BAZ,TX,ASW,CE,Federal Contract Tower,0,0,5,0,5,0,0,19,0,19,0,0,24,0,24,50,0,50,74
05/28/2016,BAZ,TX,ASW,CE,Federal Contract Tower,0,0,6,0,6,0,0,28,0,28,0,0,34,0,34,16,0,16,50
05/29/2016,BAZ,TX,ASW,CE,Federal Contract Tower,0,0,7,0,7,0,0,18,0,18,0,0,25,0,25,6,0,6,31
05/30/2016,BAZ,TX,ASW,CE,Federal Contract Tower,0,0,6,0,6,0,2,26,0,28,0,2,32,0,34,62,0,62,96
05/31/2016,BAZ,TX,ASW,CE,Federal Contract Tower,0,0,6,9,15,0,1,6,0,7,0,1,12,9,22,6,4,10,32
06/01/2016,BAZ,TX,ASW,CE,Federal Contract Tower,0,0,11,12,23,0,0,27,4,31,0,0,38,16,54,96,18,114,168
06/02/2016,BAZ,TX,ASW,CE,Federal Contract Tower,0,0,4,1,5,0,5,24,1,30,0,5,28,2,35,8,16,24,59
06/03/2016,BAZ,TX,ASW,CE,Federal Contract Tower,0,1,7,7,15,0,1,38,4,43,0,2,45,11,58,80,4,84,142
06/04/2016,BAZ,TX,ASW,CE,Federal Contract Tower,0,0,12,0,12,0,0,11,0,11,0,0,23,0,23,20,0,20,43
06/05/2016,BAZ,TX,ASW,CE,Federal Contract Tower,0,0,3,2,5,0,6,37,8,51,0,6,40,10,56,38,28,66,122
06/06/2016,BAZ,TX,ASW,CE,Federal Contract Tower,0,0,11,12,23,0,2,37,0,39,0,2,48,12,62,20,4,24,86
06/07/2016,BAZ,TX,ASW,CE,Federal Contract Tower,0,0,16,10,26,0,0,68,0,68,0,0,84,10,94,62,10,72,166
06/08/2016,BAZ,TX,ASW,CE,Federal Contract Tower,0,1,9,8,18,0,5,94,0,99,0,6,103,8,117,158,8,166,283
06/09/2016,BAZ,TX,ASW,CE,Federal Contract Tower,0,2,19,16,37,0,3,77,0,80,0,5,96,16,117,152,16,168,285
06/10/2016,BAZ,TX,ASW,CE,Federal Contract Tower,0,0,15,18,33,0,2,43,0,45,0,2,58,18,78,180,10,190,268
06/11/2016,BAZ,TX,ASW,CE,Federal Contract Tower,0,0,5,0,5,0,3,65,0,68,0,3,70,0,73,182,0,182,255
06/12/2016,BAZ,TX,ASW,CE,Federal Contract Tower,0,0,11,0,11,0,3,36,0,39,0,3,47,0,50,38,0,38,88
06/13/2016,BAZ,TX,ASW,CE,Federal Contract Tower,0,0,9,6,15,0,0,38,0,38,0,0,47,6,53,194,32,226,279
06/14/2016,BAZ,TX,ASW,CE,Federal Contract Tower,0,0,10,18,28,0,2,40,0,42,0,2,50,18,70,190,6,196,266
06/15/2016,BAZ,TX,ASW,CE,Federal Contract Tower,0,0,8,18,26,0,2,67,0,69,0,2,75,18,95,196,12,208,303
06/16/2016,BAZ,TX,ASW,CE,Federal Contract Tower,0,0,18,32,50,0,1,2,50,53,0,1,20,82,103,196,118,314,417
06/17/2016,BAZ,TX,ASW,CE,Federal Contract Tower,0,0,10,6,16,0,3,72,2,77,0,3,82,8,93,136,16,152,245
06/18/2016,BAZ,TX,ASW,CE,Federal Contract Tower,0,0,20,4,24,0,0,66,0,66,0,0,86,4,90,158,14,172,262
06/19/2016,BAZ,TX,ASW,CE,Federal Contract Tower,0,0,8,6,14,0,2,23,0,25,0,2,31,6,39,14,0,14,53
06/20/2016,BAZ,TX,ASW,CE,Federal Contract Tower,0,0,20,10,30,0,2,35,2,39,0,2,55,12,69,34,2,36,105
06/21/2016,BAZ,TX,ASW,CE,Federal Contract Tower,0,0,9,14,23,0,2,46,3,51,0,2,55,17,74,138,72,210,284
06/22/2016,BAZ,TX,ASW,CE,Federal Contract Tower,0,0,17,19,36,0,1,72,6,79,0,1,89,25,115,128,48,176,291
06/23/2016,BAZ,TX,ASW,CE,Federal Contract Tower,0,0,16,21,37,0,0,35,1,36,0,0,51,22,73,22,16,38,111
06/24/2016,BAZ,TX,ASW,CE,Federal Contract Tower,0,0,14,21,35,0,2,34,2,38,0,2,48,23,73,36,24,60,133
06/25/2016,BAZ,TX,ASW,CE,Federal Contract Tower,0,0,15,0,15,0,0,18,0,18,0,0,33,0,33,20,0,20,53
06/26/2016,BAZ,TX,ASW,CE,Federal Contract Tower,0,1,13,0,14,0,0,45,0,45,0,1,58,0,59,42,0,42,101
06/27/2016,BAZ,TX,ASW,CE,Federal Contract Tower,0,0,8,18,26,0,2,48,0,50,0,2,56,18,76,84,24,108,184
06/28/2016,BAZ,TX,ASW,CE,Federal Contract Tower,0,2,5,15,22,0,4,24,1,29,0,6,29,16,51,12,14,26,77
06/29/2016,BAZ,TX,ASW,CE,Federal Contract Tower,0,0,17,16,33,0,3,52,1,56,0,3,69,17,89,100,32,132,221
06/30/2016,BAZ,TX,ASW,CE,Federal Contract Tower,0,2,14,22,38,0,4,63,1,68,0,6,77,23,106,108,8,116,222
07/01/2016,BAZ,TX,ASW,CE,Federal Contract Tower,0,0,13,6,19,0,5,61,0,66,0,5,74,6,85,66,4,70,155
07/03/2016,BAZ,TX,ASW,CE,Federal Contract Tower,0,0,6,0,6,0,0,12,0,12,0,0,18,0,18,0,0,0,18
07/04/2016,BAZ,TX,ASW,CE,Federal Contract Tower,0,0,6,0,6,0,0,32,0,32,0,0,38,0,38,12,0,12,50
07/06/2016,BAZ,TX,ASW,CE,Federal Contract Tower,0,0,12,4,16,0,0,35,2,37,0,0,47,6,53,42,40,82,135
07/07/2016,BAZ,TX,ASW,CE,Federal Contract Tower,0,0,10,19,29,0,0,38,2,40,0,0,48,21,69,46,14,60,129
07/08/2016,BAZ,TX,ASW,CE,Federal Contract Tower,0,0,13,0,13,0,0,49,2,51,0,0,62,2,64,88,0,88,152
07/09/2016,BAZ,TX,ASW,CE,Federal Contract Tower,0,3,19,8,30,0,2,41,0,43,0,5,60,8,73,52,0,52,125
07/10/2016,BAZ,TX,ASW,CE,Federal Contract Tower,0,1,9,4,14,0,2,27,0,29,0,3,36,4,43,16,0,16,59
07/11/2016,BAZ,TX,ASW,CE,Federal Contract Tower,0,0,16,15,31,0,0,34,1,35,0,0,50,16,66,58,38,96,162
07/12/2016,BAZ,TX,ASW,CE,Federal Contract Tower,0,0,11,12,23,0,3,22,2,27,0,3,33,14,50,26,16,42,92
07/13/2016,BAZ,TX,ASW,CE,Federal Contract Tower,0,1,12,6,19,0,3,20,0,23,0,4,32,6,42,22,2,24,66
07/14/2016,BAZ,TX,ASW,CE,Federal Contract Tower,0,0,21,15,36,0,1,35,0,36,0,1,56,15,72,44,8,52,124
07/16/2016,BAZ,TX,ASW,CE,Federal Contract Tower,0,1,11,0,12,0,3,56,0,59,0,4,67,0,71,86,0,86,157
07/17/2016,BAZ,TX,ASW,CE,Federal Contract Tower,0,0,8,2,10,0,2,31,0,33,0,2,39,2,43,32,0,32,75
07/18/2016,BAZ,TX,ASW,CE,Federal Contract Tower,0,0,25,3,28,0,5,26,2,33,0,5,51,5,61,30,10,40,101
07/19/2016,BAZ,TX,ASW,CE,Federal Contract Tower,0,0,13,2,15,0,3,44,0,47,0,3,57,2,62,94,0,94,156
07/20/2016,BAZ,TX,ASW,CE,Federal Contract Tower,0,0,16,4,20,0,2,51,0,53,0,2,67,4,73,68,0,68,141
07/21/2016,BAZ,TX,ASW,CE,Federal Contract Tower,0,6,11,10,27,0,3,35,0,38,0,9,46,10,65,40,12,52,117
07/22/2016,BAZ,TX,ASW,CE,Federal Contract Tower,0,0,6,7,13,0,2,51,0,53,0,2,57,7,66,96,4,100,166
07/23/2016,BAZ,TX,ASW,CE,Federal Contract Tower,0,3,13,4,20,0,2,51,0,53,0,5,64,4,73,70,0,70,143
07/24/2016,BAZ,TX,ASW,CE,Federal Contract Tower,0,2,13,0,15,0,0,40,2,42,0,2,53,2,57,28,18,46,103
07/25/2016,BAZ,TX,ASW,CE,Federal Contract Tower,0,0,10,8,18,0,5,51,0,56,0,5,61,8,74,36,0,36,110
07/26/2016,BAZ,TX,ASW,CE,Federal Contract Tower,0,2,11,5,18,0,3,3,0,6,0,5,14,5,24,0,6,6,30
07/27/2016,BAZ,TX,ASW,CE,Federal Contract Tower,0,0,2,23,25,0,0,9,0,9,0,0,11,23,34,0,0,0,34
07/28/2016,BAZ,TX,ASW,CE,Federal Contract Tower,0,0,13,2,15,0,2,18,0,20,0,2,31,2,35,72,0,72,107
07/29/2016,BAZ,TX,ASW,CE,Federal Contract Tower,0,1,15,10,26,0,0,45,0,45,0,1,60,10,71,70,2,72,143
07/30/2016,BAZ,TX,ASW,CE,Federal Contract Tower,0,0,9,0,9,0,0,39,0,39,0,0,48,0,48,30,0,30,78
07/31/2016,BAZ,TX,ASW,CE,Federal Contract Tower,0,2,8,0,10,0,2,29,0,31,0,4,37,0,41,18,0,18,59
08/01/2016,BAZ,TX,ASW,CE,Federal Contract Tower,0,0,4,10,14,0,3,24,1,28,0,3,28,11,42,38,0,38,80
08/02/2016,BAZ,TX,ASW,CE,Federal Contract Tower,0,0,5,14,19,0,6,25,2,33,0,6,30,16,52,34,0,34,86
08/03/2016,BAZ,TX,ASW,CE,Federal Contract Tower,0,0,11,8,19,0,2,41,2,45,0,2,52,10,64,80,0,80,144
08/04/2016,BAZ,TX,ASW,CE,Federal Contract Tower,0,0,8,16,24,0,3,54,0,57,0,3,62,16,81,50,6,56,137
08/05/2016,BAZ,TX,ASW,CE,Federal Contract Tower,0,0,10,2,12,0,3,43,0,46,0,3,53,2,58,70,28,98,156
08/06/2016,BAZ,TX,ASW,CE,Federal Contract Tower,0,0,6,0,6,0,6,48,0,54,0,6,54,0,60,110,0,110,170
08/07/2016,BAZ,TX,ASW,CE,Federal Contract Tower,0,1,9,2,12,0,0,40,0,40,0,1,49,2,52,6,2,8,60
08/08/2016,BAZ,TX,ASW,CE,Federal Contract Tower,0,0,6,6,12,0,0,35,2,37,0,0,41,8,49,18,18,36,85
08/09/2016,BAZ,TX,ASW,CE,Federal Contract Tower,0,0,4,14,18,0,5,28,0,33,0,5,32,14,51,44,2,46,97
08/10/2016,BAZ,TX,ASW,CE,Federal Contract Tower,0,4,15,9,28,0,1,34,1,36,0,5,49,10,64,2,20,22,86
08/11/2016,BAZ,TX,ASW,CE,Federal Contract Tower,0,0,6,19,25,0,18,40,0,58,0,18,46,19,83,211,26,237,320
08/12/2016,BAZ,TX,ASW,CE,Federal Contract Tower,0,0,12,26,38,0,10,38,2,50,0,10,50,28,88,240,0,240,328
08/13/2016,BAZ,TX,ASW,CE,Federal Contract Tower,0,2,7,0,9,0,2,37,0,39,0,4,44,0,48,46,0,46,94
08/14/2016,BAZ,TX,ASW,CE,Federal Contract Tower,0,0,5,0,5,0,0,12,0,12,0,0,17,0,17,6,0,6,23
08/15/2016,BAZ,TX,ASW,CE,Federal Contract Tower,0,0,5,0,5,0,0,0,0,0,0,0,5,0,5,0,0,0,5
08/16/2016,BAZ,TX,ASW,CE,Federal Contract Tower,0,0,1,0,1,0,0,1,0,1,0,0,2,0,2,0,0,0,2
08/17/2016,BAZ,TX,ASW,CE,Federal Contract Tower,0,0,4,0,4,0,0,7,0,7,0,0,11,0,11,0,0,0,11
08/18/2016,BAZ,TX,ASW,CE,Federal Contract Tower,0,4,14,16,34,0,3,22,0,25,0,7,36,16,59,38,18,56,115
08/19/2016,BAZ,TX,ASW,CE,Federal Contract Tower,0,0,5,16,21,0,3,41,2,46,0,3,46,18,67,54,24,78,145
08/20/2016,BAZ,TX,ASW,CE,Federal Contract Tower,0,0,2,0,2,0,0,10,0,10,0,0,12,0,12,52,0,52,64
08/21/2016,BAZ,TX,ASW,CE,Federal Contract Tower,0,0,6,0,6,0,0,2,0,2,0,0,8,0,8,0,0,0,8
08/22/2016,BAZ,TX,ASW,CE,Federal Contract Tower,0,1,13,28,42,0,0,20,0,20,0,1,33,28,62,42,4,46,108
08/23/2016,BAZ,TX,ASW,CE,Federal Contract Tower,0,1,13,32,46,0,2,39,2,43,0,3,52,34,89,54,10,64,153
08/24/2016,BAZ,TX,ASW,CE,Federal Contract Tower,0,0,12,18,30,0,0,44,0,44,0,0,56,18,74,138,22,160,234
08/25/2016,BAZ,TX,ASW,CE,Federal Contract Tower,0,0,14,24,38,0,2,56,6,64,0,2,70,30,102,64,14,78,180
08/26/2016,BAZ,TX,ASW,CE,Federal Contract Tower,0,1,18,0,19,0,0,0,0,0,0,1,18,0,19,156,0,156,175
08/27/2016,BAZ,TX,ASW,CE,Federal Contract Tower,0,0,8,0,8,0,2,46,0,48,0,2,54,0,56,86,0,86,142
08/28/2016,BAZ,TX,ASW,CE,Federal Contract Tower,0,0,7,0,7,0,3,31,4,38,0,3,38,4,45,16,14,30,75
08/29/2016,BAZ,TX,ASW,CE,Federal Contract Tower,0,0,11,4,15,0,2,5,0,7,0,2,16,4,22,0,0,0,22
08/30/2016,BAZ,TX,ASW,CE,Federal Contract Tower,0,0,11,20,31,0,3,22,0,25,0,3,33,20,56,52,0,52,108
08/31/2016,BAZ,TX,ASW,CE,Federal Contract Tower,0,0,7,14,21,0,4,38,0,42,0,4,45,14,63,36,0,36,99
09/01/2016,BAZ,TX,ASW,CE,Federal Contract Tower,0,0,18,14,32,0,3,52,0,55,0,3,70,14,87,72,0,72,159
09/02/2016,BAZ,TX,ASW,CE,Federal Contract Tower,0,4,12,0,16,0,1,25,0,26,0,5,37,0,42,42,0,42,84
09/03/2016,BAZ,TX,ASW,CE,Federal Contract Tower,0,0,3,0,3,0,0,55,0,55,0,0,58,0,58,66,0,66,124
09/04/2016,BAZ,TX,ASW,CE,Federal Contract Tower,0,0,2,0,2,0,0,23,0,23,0,0,25,0,25,10,0,10,35
09/05/2016,BAZ,TX,ASW,CE,Federal Contract Tower,0,0,13,0,13,0,0,13,0,13,0,0,26,0,26,10,0,10,36
09/06/2016,BAZ,TX,ASW,CE,Federal Contract Tower,0,0,11,4,15,0,2,25,0,27,0,2,36,4,42,20,0,20,62
09/07/2016,BAZ,TX,ASW,CE,Federal Contract Tower,0,0,12,6,18,0,2,20,0,22,0,2,32,6,40,20,0,20,60
09/08/2016,BAZ,TX,ASW,CE,Federal Contract Tower,0,0,14,18,32,0,3,56,0,59,0,3,70,18,91,62,24,86,177
09/09/2016,BAZ,TX,ASW,CE,Federal Contract Tower,0,0,13,16,29,0,4,49,0,53,0,4,62,16,82,36,10,46,128
09/10/2016,BAZ,TX,ASW,CE,Federal Contract Tower,0,1,2,0,3,0,2,23,0,25,0,3,25,0,28,21,0,21,49
09/11/2016,BAZ,TX,ASW,CE,Federal Contract Tower,0,0,9,0,9,0,4,46,0,50,0,4,55,0,59,34,0,34,93
09/12/2016,BAZ,TX,ASW,CE,Federal Contract Tower,0,0,22,11,33,0,4,39,4,47,0,4,61,15,80,32,20,52,132
09/13/2016,BAZ,TX,ASW,CE,Federal Contract Tower,0,1,5,10,16,0,2,30,2,34,0,3,35,12,50,30,24,54,104
09/14/2016,BAZ,TX,ASW,CE,Federal Contract Tower,0,0,19,31,50,0,2,42,1,45,0,2,61,32,95,86,18,104,199
09/15/2016,BAZ,TX,ASW,CE,Federal Contract Tower,0,0,8,22,30,0,1,30,0,31,0,1,38,22,61,16,62,78,139
09/16/2016,BAZ,TX,ASW,CE,Federal Contract Tower,0,0,7,14,21,0,0,38,0,38,0,0,45,14,59,88,28,116,175
09/18/2016,BAZ,TX,ASW,CE,Federal Contract Tower,0,0,4,0,4,0,4,45,0,49,0,4,49,0,53,26,0,26,79
09/19/2016,BAZ,TX,ASW,CE,Federal Contract Tower,0,0,16,16,32,0,2,37,0,39,0,2,53,16,71,62,18,80,151
09/20/2016,BAZ,TX,ASW,CE,Federal Contract Tower,0,0,11,26,37,0,4,45,2,51,0,4,56,28,88,92,56,148,236
09/21/2016,BAZ,TX,ASW,CE,Federal Contract Tower,0,2,17,14,33,0,4,28,0,32,0,6,45,14,65,30,2,32,97
09/22/2016,BAZ,TX,ASW,CE,Federal Contract Tower,0,0,4,24,28,0,3,48,1,52,0,3,52,25,80,60,0,60,140
09/23/2016,BAZ,TX,ASW,CE,Federal Contract Tower,0,2,5,20,27,0,0,24,0,24,0,2,29,20,51,64,0,64,115
09/24/2016,BAZ,TX,ASW,CE,Federal Contract Tower,0,0,10,0,10,0,1,11,0,12,0,1,21,0,22,0,0,0,22
09/25/2016,BAZ,TX,ASW,CE,Federal Contract Tower,0,2,2,0,4,0,0,2,0,2,0,2,4,0,6,0,0,0,6
09/27/2016,BAZ,TX,ASW,CE,Federal Contract Tower,0,1,13,14,28,0,1,39,0,40,0,2,52,14,68,98,40,138,206
09/28/2016,BAZ,TX,ASW,CE,Federal Contract Tower,0,0,9,5,14,0,3,45,1,49,0,3,54,6,63,26,16,42,105
09/29/2016,BAZ,TX,ASW,CE,Federal Contract Tower,0,0,13,0,13,0,3,60,4,67,0,3,73,4,80,104,36,140,220
09/30/2016,BAZ,TX,ASW,CE,Federal Contract Tower,0,5,5,0,10,0,0,39,0,39,0,5,44,0,49,44,0,44,93
10/01/2016,BAZ,TX,ASW,CE,Federal Contract Tower,0,0,9,0,9,0,8,74,0,82,0,8,83,0,91,78,0,78,169
10/02/2016,BAZ,TX,ASW,CE,Federal Contract Tower,0,2,9,0,11,0,2,48,0,50,0,4,57,0,61,42,0,42,103
10/03/2016,BAZ,TX,ASW,CE,Federal Contract Tower,0,0,7,4,11,0,0,51,0,51,0,0,58,4,62,58,2,60,122
10/04/2016,BAZ,TX,ASW,CE,Federal Contract Tower,0,2,3,22,27,0,3,47,2,52,0,5,50,24,79,88,20,108,187
10/05/2016,BAZ,TX,ASW,CE,Federal Contract Tower,0,1,18,20,39,0,1,46,4,51,0,2,64,24,90,42,26,68,158
10/06/2016,BAZ,TX,ASW,CE,Federal Contract Tower,0,1,8,18,27,0,2,44,2,48,0,3,52,20,75,60,26,86,161
10/07/2016,BAZ,TX,ASW,CE,Federal Contract Tower,0,2,18,11,31,0,0,22,0,22,0,2,40,11,53,42,0,42,95
10/08/2016,BAZ,TX,ASW,CE,Federal Contract Tower,0,0,9,0,9,0,2,49,0,51,0,2,58,0,60,72,0,72,132
10/09/2016,BAZ,TX,ASW,CE,Federal Contract Tower,0,0,10,0,10,0,2,50,0,52,0,2,60,0,62,8,0,8,70
10/10/2016,BAZ,TX,ASW,CE,Federal Contract Tower,0,0,3,0,3,0,2,75,0,77,0,2,78,0,80,178,0,178,258
10/11/2016,BAZ,TX,ASW,CE,Federal Contract Tower,0,0,10,28,38,0,1,34,0,35,0,1,44,28,73,32,0,32,105
10/12/2016,BAZ,TX,ASW,CE,Federal Contract Tower,0,1,12,10,23,0,2,45,4,51,0,3,57,14,74,60,30,90,164
10/13/2016,BAZ,TX,ASW,CE,Federal Contract Tower,0,0,9,16,25,0,0,42,2,44,0,0,51,18,69,92,20,112,181
10/14/2016,BAZ,TX,ASW,CE,Federal Contract Tower,0,0,17,10,27,0,0,30,0,30,0,0,47,10,57,56,12,68,125
10/15/2016,BAZ,TX,ASW,CE,Federal Contract Tower,0,0,8,4,12,0,0,57,10,67,0,0,65,14,79,66,40,106,185
10/16/2016,BAZ,TX,ASW,CE,Federal Contract Tower,0,2,16,0,18,0,2,37,2,41,0,4,53,2,59,32,6,38,97
10/17/2016,BAZ,TX,ASW,CE,Federal Contract Tower,0,1,11,34,46,0,0,48,0,48,0,1,59,34,94,144,6,150,244
10/18/2016,BAZ,TX,ASW,CE,Federal Contract Tower,0,0,18,18,36,0,0,65,0,65,0,0,83,18,101,80,10,90,191
10/19/2016,BAZ,TX,ASW,CE,Federal Contract Tower,0,0,17,10,27,0,0,50,0,50,0,0,67,10,77,108,8,116,193
10/20/2016,BAZ,TX,ASW,CE,Federal Contract Tower,0,0,21,12,33,0,4,35,0,39,0,4,56,12,72,126,4,130,202
10/21/2016,BAZ,TX,ASW,CE,Federal Contract Tower,0,2,17,0,19,0,1,80,0,81,0,3,97,0,100,78,0,78,178
10/22/2016,BAZ,TX,ASW,CE,Federal Contract Tower,0,0,7,0,7,0,2,61,0,63,0,2,68,0,70,92,0,92,162
10/23/2016,BAZ,TX,ASW,CE,Federal Contract Tower,0,0,7,2,9,0,2,48,0,50,0,2,55,2,59,12,2,14,73
10/24/2016,BAZ,TX,ASW,CE,Federal Contract Tower,0,1,7,5,13,0,3,40,0,43,0,4,47,5,56,50,0,50,106
10/25/2016,BAZ,TX,ASW,CE,Federal Contract Tower,0,2,6,11,19,0,1,38,0,39,0,3,44,11,58,90,8,98,156
10/26/2016,BAZ,TX,ASW,CE,Federal Contract Tower,0,0,11,28,39,0,0,40,0,40,0,0,51,28,79,16,0,16,95
10/27/2016,BAZ,TX,ASW,CE,Federal Contract Tower,0,0,8,20,28,0,0,65,0,65,0,0,73,20,93,50,0,50,143
10/28/2016,BAZ,TX,ASW,CE,Federal Contract Tower,0,0,15,3,18,0,4,42,3,49,0,4,57,6,67,52,34,86,153
10/29/2016,BAZ,TX,ASW,CE,Federal Contract Tower,0,0,12,0,12,0,1,32,0,33,0,1,44,0,45,64,0,64,109
10/30/2016,BAZ,TX,ASW,CE,Federal Contract Tower,0,0,10,0,10,0,1,49,4,54,0,1,59,4,64,30,6,36,100
10/31/2016,BAZ,TX,ASW,CE,Federal Contract Tower,0,0,12,36,48,0,2,50,0,52,0,2,62,36,100,102,36,138,238
11/01/2016,BAZ,TX,ASW,CE,Federal Contract Tower,0,0,19,16,35,0,0,34,0,34,0,0,53,16,69,52,26,78,147
11/02/2016,BAZ,TX,ASW,CE,Federal Contract Tower,0,0,16,18,34,0,0,22,2,24,0,0,38,20,58,58,32,90,148
11/03/2016,BAZ,TX,ASW,CE,Federal Contract Tower,0,0,12,12,24,0,0,10,2,12,0,0,22,14,36,4,0,4,40
11/04/2016,BAZ,TX,ASW,CE,Federal Contract Tower,0,0,11,10,21,0,0,11,0,11,0,0,22,10,32,12,0,12,44
11/05/2016,BAZ,TX,ASW,CE,Federal Contract Tower,0,0,12,0,12,0,1,11,0,12,0,1,23,0,24,6,0,6,30
11/06/2016,BAZ,TX,ASW,CE,Federal Contract Tower,0,1,3,0,4,0,1,0,0,1,0,2,3,0,5,0,0,0,5
11/07/2016,BAZ,TX,ASW,CE,Federal Contract Tower,0,1,6,12,19,0,3,7,0,10,0,4,13,12,29,0,2,2,31
11/08/2016,BAZ,TX,ASW,CE,Federal Contract Tower,0,2,16,20,38,0,2,22,1,25,0,4,38,21,63,50,16,66,129
11/09/2016,BAZ,TX,ASW,CE,Federal Contract Tower,0,0,13,16,29,0,0,2,0,2,0,0,15,16,31,20,0,20,51
11/10/2016,BAZ,TX,ASW,CE,Federal Contract Tower,0,0,16,14,30,0,2,57,0,59,0,2,73,14,89,94,0,94,183
11/11/2016,BAZ,TX,ASW,CE,Federal Contract Tower,0,0,16,0,16,0,0,58,0,58,0,0,74,0,74,30,0,30,104
11/12/2016,BAZ,TX,ASW,CE,Federal Contract Tower,0,0,11,0,11,0,4,88,0,92,0,4,99,0,103,58,0,58,161
11/13/2016,BAZ,TX,ASW,CE,Federal Contract Tower,0,2,10,0,12,0,0,51,0,51,0,2,61,0,63,42,0,42,105
11/14/2016,BAZ,TX,ASW,CE,Federal Contract Tower,0,1,6,12,19,0,0,62,2,64,0,1,68,14,83,58,8,66,149
11/15/2016,BAZ,TX,ASW,CE,Federal Contract Tower,0,0,16,10,26,0,0,76,0,76,0,0,92,10,102,132,10,142,244
11/16/2016,BAZ,TX,ASW,CE,Federal Contract Tower,0,0,2,25,27,0,2,81,0,83,0,2,83,25,110,134,12,146,256
11/17/2016,BAZ,TX,ASW,CE,Federal Contract Tower,0,2,18,11,31,0,2,37,4,43,0,4,55,15,74,64,24,88,162
11/18/2016,BAZ,TX,ASW,CE,Federal Contract Tower,0,1,17,5,23,0,3,34,1,38,0,4,51,6,61,28,12,40,101
11/19/2016,BAZ,TX,ASW,CE,Federal Contract Tower,0,0,5,0,5,0,1,59,5,65,0,1,64,5,70,40,14,54,124
11/20/2016,BAZ,TX,ASW,CE,Federal Contract Tower,0,0,7,8,15,0,2,78,3,83,0,2,85,11,98,140,30,170,268
11/21/2016,BAZ,TX,ASW,CE,Federal Contract Tower,0,0,9,10,19,0,2,49,6,57,0,2,58,16,76,44,20,64,140
11/22/2016,BAZ,TX,ASW,CE,Federal Contract Tower,0,1,20,32,53,0,1,13,0,14,0,2,33,32,67,30,62,92,159
11/23/2016,BAZ,TX,ASW,CE,Federal Contract Tower,0,0,16,10,26,0,2,49,0,51,0,2,65,10,77,34,0,34,111
11/24/2016,BAZ,TX,ASW,CE,Federal Contract Tower,0,0,0,0,0,0,3,23,0,26,0,3,23,0,26,0,0,0,26
11/25/2016,BAZ,TX,ASW,CE,Federal Contract Tower,0,0,17,0,17,0,1,3,0,4,0,1,20,0,21,0,0,0,21
11/26/2016,BAZ,TX,ASW,CE,Federal Contract Tower,0,1,10,0,11,0,0,43,0,43,0,1,53,0,54,64,0,64,118
11/27/2016,BAZ,TX,ASW,CE,Federal Contract Tower,0,0,12,0,12,0,0,15,0,15,0,0,27,0,27,0,0,0,27
11/28/2016,BAZ,TX,ASW,CE,Federal Contract Tower,0,0,10,12,22,0,3,23,0,26,0,3,33,12,48,34,6,40,88
11/29/2016,BAZ,TX,ASW,CE,Federal Contract Tower,0,0,4,2,6,0,2,37,0,39,0,2,41,2,45,46,0,46,91
11/30/2016,BAZ,TX,ASW,CE,Federal Contract Tower,0,2,17,14,33,0,2,70,0,72,0,4,87,14,105,98,10,108,213
12/01/2016,BAZ,TX,ASW,CE,Federal Contract Tower,0,0,8,18,26,0,2,75,0,77,0,2,83,18,103,82,0,82,185
12/02/2016,BAZ,TX,ASW,CE,Federal Contract Tower,0,0,8,14,22,0,2,18,2,22,0,2,26,16,44,18,10,28,72
12/03/2016,BAZ,TX,ASW,CE,Federal Contract Tower,0,1,3,0,4,0,0,0,0,0,0,1,3,0,4,0,0,0,4
12/04/2016,BAZ,TX,ASW,CE,Federal Contract Tower,0,0,2,0,2,0,0,0,0,0,0,0,2,0,2,0,0,0,2
12/05/2016,BAZ,TX,ASW,CE,Federal Contract Tower,0,0,15,16,31,0,0,0,0,0,0,0,15,16,31,0,4,4,35
12/07/2016,BAZ,TX,ASW,CE,Federal Contract Tower,0,0,14,34,48,0,1,3,0,4,0,1,17,34,52,0,0,0,52
12/08/2016,BAZ,TX,ASW,CE,Federal Contract Tower,0,1,9,22,32,0,2,7,0,9,0,3,16,22,41,2,12,14,55
12/09/2016,BAZ,TX,ASW,CE,Federal Contract Tower,0,1,21,9,31,0,0,41,1,42,0,1,62,10,73,40,10,50,123
12/10/2016,BAZ,TX,ASW,CE,Federal Contract Tower,0,1,21,0,22,0,5,20,0,25,0,6,41,0,47,84,0,84,131
12/11/2016,BAZ,TX,ASW,CE,Federal Contract Tower,0,2,12,4,18,0,0,0,0,0,0,2,12,4,18,0,2,2,20
12/12/2016,BAZ,TX,ASW,CE,Federal Contract Tower,0,0,8,8,16,0,4,44,0,48,0,4,52,8,64,96,6,102,166
12/13/2016,BAZ,TX,ASW,CE,Federal Contract Tower,0,2,17,20,39,0,2,31,2,35,0,4,48,22,74,38,16,54,128
12/14/2016,BAZ,TX,ASW,CE,Federal Contract Tower,0,0,12,8,20,0,0,55,0,55,0,0,67,8,75,154,6,160,235
12/15/2016,BAZ,TX,ASW,CE,Federal Contract Tower,0,2,26,22,50,0,0,10,2,12,0,2,36,24,62,18,10,28,90
12/16/2016,BAZ,TX,ASW,CE,Federal Contract Tower,0,0,10,0,10,0,0,3,0,3,0,0,13,0,13,4,0,4,17
12/17/2016,BAZ,TX,ASW,CE,Federal Contract Tower,0,1,17,0,18,0,0,23,4,27,0,1,40,4,45,42,6,48,93
12/18/2016,BAZ,TX,ASW,CE,Federal Contract Tower,0,0,5,0,5,0,2,15,0,17,0,2,20,0,22,2,0,2,24
12/19/2016,BAZ,TX,ASW,CE,Federal Contract Tower,0,1,14,10,25,0,4,46,2,52,0,5,60,12,77,62,12,74,151
12/20/2016,BAZ,TX,ASW,CE,Federal Contract Tower,0,2,17,11,30,0,4,56,0,60,0,6,73,11,90,140,6,146,236
12/21/2016,BAZ,TX,ASW,CE,Federal Contract Tower,0,0,19,20,39,0,0,62,2,64,0,0,81,22,103,70,8,78,181
12/22/2016,BAZ,TX,ASW,CE,Federal Contract Tower,0,1,12,6,19,0,1,45,0,46,0,2,57,6,65,50,14,64,129
12/23/2016,BAZ,TX,ASW,CE,Federal Contract Tower,0,0,4,0,4,0,0,4,0,4,0,0,8,0,8,0,0,0,8
12/24/2016,BAZ,TX,ASW,CE,Federal Contract Tower,0,0,1,0,1,0,0,2,0,2,0,0,3,0,3,0,0,0,3
12/25/2016,BAZ,TX,ASW,CE,Federal Contract Tower,0,0,1,0,1,0,2,2,0,4,0,2,3,0,5,0,0,0,5
12/26/2016,BAZ,TX,ASW,CE,Federal Contract Tower,0,2,18,0,20,0,0,29,0,29,0,2,47,0,49,80,0,80,129
12/27/2016,BAZ,TX,ASW,CE,Federal Contract Tower,0,1,15,8,24,0,2,6,0,8,0,3,21,8,32,12,0,12,44
12/28/2016,BAZ,TX,ASW,CE,Federal Contract Tower,0,2,10,0,12,0,1,26,0,27,0,3,36,0,39,58,0,58,97
12/29/2016,BAZ,TX,ASW,CE,Federal Contract Tower,0,0,14,0,14,0,1,18,0,19,0,1,32,0,33,0,0,0,33
12/30/2016,BAZ,TX,ASW,CE,Federal Contract Tower,0,0,13,0,13,0,2,82,0,84,0,2,95,0,97,96,0,96,193
12/31/2016,BAZ,TX,ASW,CE,Federal Contract Tower,0,2,5,0,7,0,4,23,0,27,0,6,28,0,34,64,0,64,98
01/01/2017,BAZ,TX,ASW,CE,Federal Contract Tower,0,0,6,0,6,0,2,31,0,33,0,2,37,0,39,68,0,68,107
01/02/2017,BAZ,TX,ASW,CE,Federal Contract Tower,0,0,14,0,14,0,2,44,0,46,0,2,58,0,60,150,0,150,210
01/03/2017,BAZ,TX,ASW,CE,Federal Contract Tower,0,0,8,0,8,0,2,56,0,58,0,2,64,0,66,54,0,54,120
01/04/2017,BAZ,TX,ASW,CE,Federal Contract Tower,0,0,9,18,27,0,0,62,0,62,0,0,71,18,89,80,10,90,179
01/05/2017,BAZ,TX,ASW,CE,Federal Contract Tower,0,0,11,35,46,0,0,33,0,33,0,0,44,35,79,47,52,99,178
01/06/2017,BAZ,TX,ASW,CE,Federal Contract Tower,0,0,10,0,10,0,0,8,0,8,0,0,18,0,18,24,0,24,42
01/07/2017,BAZ,TX,ASW,CE,Federal Contract Tower,0,0,10,4,14,0,3,37,0,40,0,3,47,4,54,52,2,54,108
01/08/2017,BAZ,TX,ASW,CE,Federal Contract Tower,0,2,10,2,14,0,0,47,0,47,0,2,57,2,61,76,0,76,137
01/09/2017,BAZ,TX,ASW,CE,Federal Contract Tower,0,0,15,16,31,0,1,22,4,27,0,1,37,20,58,46,42,88,146
01/10/2017,BAZ,TX,ASW,CE,Federal Contract Tower,0,2,10,20,32,0,1,40,2,43,0,3,50,22,75,48,16,64,139
01/11/2017,BAZ,TX,ASW,CE,Federal Contract Tower,0,0,12,20,32,0,2,32,2,36,0,2,44,22,68,42,4,46,114
01/12/2017,BAZ,TX,ASW,CE,Federal Contract Tower,0,1,14,40,55,0,3,49,0,52,0,4,63,40,107,72,12,84,191
01/13/2017,BAZ,TX,ASW,CE,Federal Contract Tower,0,3,15,8,26,0,0,16,0,16,0,3,31,8,42,42,0,42,84
01/14/2017,BAZ,TX,ASW,CE,Federal Contract Tower,0,3,16,0,19,0,0,0,0,0,0,3,16,0,19,0,0,0,19
01/15/2017,BAZ,TX,ASW,CE,Federal Contract Tower,0,0,10,0,10,0,0,4,0,4,0,0,14,0,14,6,0,6,20
01/16/2017,BAZ,TX,ASW,CE,Federal Contract Tower,0,0,16,0,16,0,2,21,0,23,0,2,37,0,39,22,0,22,61
01/17/2017,BAZ,TX,ASW,CE,Federal Contract Tower,0,2,7,0,9,0,0,2,0,2,0,2,9,0,11,0,0,0,11
01/18/2017,BAZ,TX,ASW,CE,Federal Contract Tower,0,1,12,33,46,0,0,8,0,8,0,1,20,33,54,38,0,38,92
01/19/2017,BAZ,TX,ASW,CE,Federal Contract Tower,0,0,10,28,38,0,0,54,8,62,0,0,64,36,100,120,6,126,226
01/20/2017,BAZ,TX,ASW,CE,Federal Contract Tower,0,0,5,10,15,0,1,71,0,72,0,1,76,10,87,120,4,124,211
01/21/2017,BAZ,TX,ASW,CE,Federal Contract Tower,0,0,7,0,7,0,0,40,0,40,0,0,47,0,47,22,0,22,69
01/22/2017,BAZ,TX,ASW,CE,Federal Contract Tower,0,0,0,4,4,0,2,7,0,9,0,2,7,4,13,0,0,0,13
01/23/2017,BAZ,TX,ASW,CE,Federal Contract Tower,0,4,8,11,23,0,3,69,3,75,0,7,77,14,98,86,24,110,208
01/24/2017,BAZ,TX,ASW,CE,Federal Contract Tower,0,2,7,11,20,0,0,71,1,72,0,2,78,12,92,92,20,112,204
01/25/2017,BAZ,TX,ASW,CE,Federal Contract Tower,0,0,8,4,12,0,4,41,4,49,0,4,49,8,61,16,2,18,79
01/26/2017,BAZ,TX,ASW,CE,Federal Contract Tower,0,2,12,16,30,0,2,65,4,71,0,4,77,20,101,60,10,70,171
01/27/2017,BAZ,TX,ASW,CE,Federal Contract Tower,0,0,3,18,21,0,4,55,0,59,0,4,58,18,80,108,2,110,190
01/28/2017,BAZ,TX,ASW,CE,Federal Contract Tower,0,0,15,0,15,0,0,65,0,65,0,0,80,0,80,78,0,78,158
01/29/2017,BAZ,TX,ASW,CE,Federal Contract Tower,0,0,4,3,7,0,1,40,2,43,0,1,44,5,50,32,6,38,88
01/30/2017,BAZ,TX,ASW,CE,Federal Contract Tower,0,0,17,16,33,0,3,82,2,87,0,3,99,18,120,192,18,210,330
01/31/2017,BAZ,TX,ASW,CE,Federal Contract Tower,0,0,16,23,39,0,3,46,3,52,0,3,62,26,91,96,18,114,205
02/01/2017,BAZ,TX,ASW,CE,Federal Contract Tower,0,1,7,12,20,0,0,53,0,53,0,1,60,12,73,156,10,166,239
02/02/2017,BAZ,TX,ASW,CE,Federal Contract Tower,0,0,22,22,44,0,2,30,0,32,0,2,52,22,76,74,10,84,160
02/03/2017,BAZ,TX,ASW,CE,Federal Contract Tower,0,0,21,16,37,0,2,16,0,18,0,2,37,16,55,30,6,36,91
02/04/2017,BAZ,TX,ASW,CE,Federal Contract Tower,0,1,6,0,7,0,0,2,0,2,0,1,8,0,9,0,0,0,9
02/05/2017,BAZ,TX,ASW,CE,Federal Contract Tower,0,0,5,0,5,0,2,1,3,6,0,2,6,3,11,0,2,2,13
02/06/2017,BAZ,TX,ASW,CE,Federal Contract Tower,0,0,26,11,37,0,1,19,1,21,0,1,45,12,58,38,2,40,98
02/09/2017,BAZ,TX,ASW,CE,Federal Contract Tower,0,0,8,14,22,0,2,52,2,56,0,2,60,16,78,110,22,132,210
02/10/2017,BAZ,TX,ASW,CE,Federal Contract Tower,0,0,11,0,11,0,5,46,0,51,0,5,57,0,62,44,0,44,106
02/11/2017,BAZ,TX,ASW,CE,Federal Contract Tower,0,1,14,2,17,0,2,50,0,52,0,3,64,2,69,98,2,100,169
02/12/2017,BAZ,TX,ASW,CE,Federal Contract Tower,0,0,15,0,15,0,3,38,2,43,0,3,53,2,58,74,2,76,134
02/13/2017,BAZ,TX,ASW,CE,Federal Contract Tower,0,0,14,26,40,0,0,15,2,17,0,0,29,28,57,64,24,88,145
02/14/2017,BAZ,TX,ASW,CE,Federal Contract Tower,0,2,1,18,21,0,0,26,1,27,0,2,27,19,48,58,56,114,162
02/15/2017,BAZ,TX,ASW,CE,Federal Contract Tower,0,0,9,0,9,0,4,58,0,62,0,4,67,0,71,68,0,68,139
02/16/2017,BAZ,TX,ASW,CE,Federal Contract Tower,0,0,11,1,12,0,2,81,1,84,0,2,92,2,96,220,6,226,322
02/17/2017,BAZ,TX,ASW,CE,Federal Contract Tower,0,0,15,8,23,0,4,70,0,74,0,4,85,8,97,88,4,92,189
02/18/2017,BAZ,TX,ASW,CE,Federal Contract Tower,0,0,11,0,11,0,0,73,0,73,0,0,84,0,84,70,0,70,154
02/19/2017,BAZ,TX,ASW,CE,Federal Contract Tower,0,1,6,0,7,0,3,4,0,7,0,4,10,0,14,8,0,8,22
02/21/2017,BAZ,TX,ASW,CE,Federal Contract Tower,0,3,14,2,19,0,3,53,10,66,0,6,67,12,85,88,32,120,205
02/22/2017,BAZ,TX,ASW,CE,Federal Contract Tower,0,0,12,8,20,0,3,100,9,112,0,3,112,17,132,258,46,304,436
02/23/2017,BAZ,TX,ASW,CE,Federal Contract Tower,0,0,10,14,24,0,9,81,5,95,0,9,91,19,119,134,4,138,257
02/24/2017,BAZ,TX,ASW,CE,Federal Contract Tower,0,0,5,4,9,0,0,60,0,60,0,0,65,4,69,54,0,54,123
02/25/2017,BAZ,TX,ASW,CE,Federal Contract Tower,0,2,8,4,14,0,4,70,0,74,0,6,78,4,88,142,2,144,232
02/26/2017,BAZ,TX,ASW,CE,Federal Contract Tower,0,0,13,2,15,0,4,15,0,19,0,4,28,2,34,12,2,14,48
02/27/2017,BAZ,TX,ASW,CE,Federal Contract Tower,0,2,16,2,20,0,2,34,0,36,0,4,50,2,56,124,2,126,182
02/28/2017,BAZ,TX,ASW,CE,Federal Contract Tower,0,4,11,8,23,0,4,21,0,25,0,8,32,8,48,80,4,84,132
03/01/2017,BAZ,TX,ASW,CE,Federal Contract Tower,0,0,15,20,35,0,2,66,0,68,0,2,81,20,103,126,2,128,231
03/02/2017,BAZ,TX,ASW,CE,Federal Contract Tower,0,0,9,22,31,0,0,64,0,64,0,0,73,22,95,82,2,84,179
03/03/2017,BAZ,TX,ASW,CE,Federal Contract Tower,0,3,18,12,33,0,2,88,0,90,0,5,106,12,123,222,0,222,345
03/04/2017,BAZ,TX,ASW,CE,Federal Contract Tower,0,4,5,0,9,0,0,4,0,4,0,4,9,0,13,2,0,2,15
03/05/2017,BAZ,TX,ASW,CE,Federal Contract Tower,0,0,11,0,11,0,0,1,0,1,0,0,12,0,12,2,0,2,14
03/06/2017,BAZ,TX,ASW,CE,Federal Contract Tower,0,2,10,14,26,0,2,25,0,27,0,4,35,14,53,120,6,126,179
03/07/2017,BAZ,TX,ASW,CE,Federal Contract Tower,0,0,14,11,25,0,0,30,1,31,0,0,44,12,56,114,28,142,198
03/08/2017,BAZ,TX,ASW,CE,Federal Contract Tower,0,3,16,28,47,0,2,51,0,53,0,5,67,28,100,170,10,180,280
03/09/2017,BAZ,TX,ASW,CE,Federal Contract Tower,0,1,19,9,29,0,3,15,1,19,0,4,34,10,48,26,0,26,74
03/10/2017,BAZ,TX,ASW,CE,Federal Contract Tower,0,2,17,7,26,0,1,27,2,30,0,3,44,9,56,90,12,102,158
03/11/2017,BAZ,TX,ASW,CE,Federal Contract Tower,0,3,8,0,11,0,0,1,0,1,0,3,9,0,12,0,0,0,12
03/12/2017,BAZ,TX,ASW,CE,Federal Contract Tower,0,4,20,4,28,0,0,5,0,5,0,4,25,4,33,26,0,26,59
03/13/2017,BAZ,TX,ASW,CE,Federal Contract Tower,0,2,20,8,30,0,2,24,0,26,0,4,44,8,56,70,6,76,132
03/14/2017,BAZ,TX,ASW,CE,Federal Contract Tower,0,0,12,23,35,0,2,75,3,80,0,2,87,26,115,228,50,278,393
03/15/2017,BAZ,TX,ASW,CE,Federal Contract Tower,0,0,11,12,23,0,4,60,0,64,0,4,71,12,87,204,6,210,297
03/16/2017,BAZ,TX,ASW,CE,Federal Contract Tower,0,0,10,25,35,0,0,14,0,14,0,0,24,25,49,104,2,106,155
03/17/2017,BAZ,TX,ASW,CE,Federal Contract Tower,0,0,12,22,34,0,2,33,1,36,0,2,45,23,70,66,30,96,166
03/18/2017,BAZ,TX,ASW,CE,Federal Contract Tower,0,0,23,0,23,0,2,14,0,16,0,2,37,0,39,36,0,36,75
03/19/2017,BAZ,TX,ASW,CE,Federal Contract Tower,0,0,4,0,4,0,1,36,0,37,0,1,40,0,41,56,0,56,97
03/20/2017,BAZ,TX,ASW,CE,Federal Contract Tower,0,0,17,8,25,0,2,53,0,55,0,2,70,8,80,114,18,132,212
03/21/2017,BAZ,TX,ASW,CE,Federal Contract Tower,0,2,11,8,21,0,1,37,0,38,0,3,48,8,59,44,6,50,109
03/22/2017,BAZ,TX,ASW,CE,Federal Contract Tower,0,1,20,18,39,0,3,50,2,55,0,4,70,20,94,94,18,112,206
03/23/2017,BAZ,TX,ASW,CE,Federal Contract Tower,0,0,14,22,36,0,1,19,0,20,0,1,33,22,56,14,16,30,86
03/24/2017,BAZ,TX,ASW,CE,Federal Contract Tower,0,1,5,7,13,0,2,35,0,37,0,3,40,7,50,62,0,62,112
03/25/2017,BAZ,TX,ASW,CE,Federal Contract Tower,0,2,8,0,10,0,4,81,0,85,0,6,89,0,95,198,0,198,293
03/26/2017,BAZ,TX,ASW,CE,Federal Contract Tower,0,1,6,0,7,0,1,24,0,25,0,2,30,0,32,12,0,12,44
03/27/2017,BAZ,TX,ASW,CE,Federal Contract Tower,0,0,9,10,19,0,0,48,1,49,0,0,57,11,68,176,18,194,262
03/28/2017,BAZ,TX,ASW,CE,Federal Contract Tower,0,0,11,10,21,0,5,6,1,12,0,5,17,11,33,10,10,20,53
03/29/2017,BAZ,TX,ASW,CE,Federal Contract Tower,0,0,10,22,32,0,2,50,2,54,0,2,60,24,86,84,12,96,182
03/30/2017,BAZ,TX,ASW,CE,Federal Contract Tower,0,0,23,18,41,0,0,60,10,70,0,0,83,28,111,68,22,90,201
03/31/2017,BAZ,TX,ASW,CE,Federal Contract Tower,0,0,15,0,15,0,0,76,2,78,0,0,91,2,93,130,0,130,223
04/01/2017,BAZ,TX,ASW,CE,Federal Contract Tower,0,0,3,0,3,0,0,11,0,11,0,0,14,0,14,80,0,80,94
04/02/2017,BAZ,TX,ASW,CE,Federal Contract Tower,0,1,9,0,10,0,0,13,0,13,0,1,22,0,23,10,0,10,33
04/03/2017,BAZ,TX,ASW,CE,Federal Contract Tower,0,2,12,2,16,0,0,46,2,48,0,2,58,4,64,76,20,96,160
04/04/2017,BAZ,TX,ASW,CE,Federal Contract Tower,0,0,17,12,29,0,2,75,0,77,0,2,92,12,106,188,34,222,328
04/05/2017,BAZ,TX,ASW,CE,Federal Contract Tower,0,0,16,22,38,0,0,41,2,43,0,0,57,24,81,50,12,62,143
04/06/2017,BAZ,TX,ASW,CE,Federal Contract Tower,0,0,11,18,29,0,3,85,2,90,0,3,96,20,119,158,44,202,321
04/07/2017,BAZ,TX,ASW,CE,Federal Contract Tower,0,1,9,8,18,0,6,76,0,82,0,7,85,8,100,124,6,130,230
04/08/2017,BAZ,TX,ASW,CE,Federal Contract Tower,0,0,13,0,13,0,1,44,2,47,0,1,57,2,60,82,8,90,150
04/09/2017,BAZ,TX,ASW,CE,Federal Contract Tower,0,0,11,18,29,0,2,15,0,17,0,2,26,18,46,12,2,14,60
04/10/2017,BAZ,TX,ASW,CE,Federal Contract Tower,0,0,20,22,42,0,0,13,0,13,0,0,33,22,55,46,18,64,119
04/11/2017,BAZ,TX,ASW,CE,Federal Contract Tower,0,0,5,0,5,0,0,0,0,0,0,0,5,0,5,0,0,0,5
04/12/2017,BAZ,TX,ASW,CE,Federal Contract Tower,0,0,34,28,62,0,0,24,0,24,0,0,58,28,86,54,0,54,140
04/13/2017,BAZ,TX,ASW,CE,Federal Contract Tower,0,0,39,12,51,0,3,50,0,53,0,3,89,12,104,134,8,142,246
04/14/2017,BAZ,TX,ASW,CE,Federal Contract Tower,0,0,23,4,27,0,1,51,0,52,0,1,74,4,79,132,0,132,211
04/15/2017,BAZ,TX,ASW,CE,Federal Contract Tower,0,0,25,0,25,0,2,35,0,37,0,2,60,0,62,110,0,110,172
04/16/2017,BAZ,TX,ASW,CE,Federal Contract Tower,0,1,8,0,9,0,3,9,0,12,0,4,17,0,21,12,0,12,33
04/17/2017,BAZ,TX,ASW,CE,Federal Contract Tower,0,0,13,2,15,0,0,2,0,2,0,0,15,2,17,0,0,0,17
04/18/2017,BAZ,TX,ASW,CE,Federal Contract Tower,0,3,26,16,45,0,0,48,6,54,0,3,74,22,99,122,64,186,285
04/19/2017,BAZ,TX,ASW,CE,Federal Contract Tower,0,5,25,2,32,0,5,48,0,53,0,10,73,2,85,106,0,106,191
04/20/2017,BAZ,TX,ASW,CE,Federal Contract Tower,0,0,17,6,23,0,4,52,0,56,0,4,69,6,79,98,12,110,189
04/21/2017,BAZ,TX,ASW,CE,Federal Contract Tower,0,0,13,18,31,0,7,49,4,60,0,7,62,22,91,62,18,80,171
04/22/2017,BAZ,TX,ASW,CE,Federal Contract Tower,0,0,15,2,17,0,4,29,2,35,0,4,44,4,52,90,0,90,142
04/23/2017,BAZ,TX,ASW,CE,Federal Contract Tower,0,0,6,4,10,0,4,72,0,76,0,4,78,4,86,22,0,22,108
04/24/2017,BAZ,TX,ASW,CE,Federal Contract Tower,0,0,7,1,8,0,8,82,1,91,0,8,89,2,99,150,6,156,255
04/25/2017,BAZ,TX,ASW,CE,Federal Contract Tower,0,0,14,4,18,0,8,40,0,48,0,8,54,4,66,36,2,38,104
04/26/2017,BAZ,TX,ASW,CE,Federal Contract Tower,0,0,5,12,17,0,2,34,2,38,0,2,39,14,55,52,14,66,121
04/27/2017,BAZ,TX,ASW,CE,Federal Contract Tower,0,0,19,18,37,0,6,85,0,91,0,6,104,18,128,62,0,62,190
04/28/2017,BAZ,TX,ASW,CE,Federal Contract Tower,0,0,22,4,26,0,4,48,2,54,0,4,70,6,80,68,24,92,172
04/29/2017,BAZ,TX,ASW,CE,Federal Contract Tower,0,0,16,0,16,0,4,18,0,22,0,4,34,0,38,42,0,42,80
05/01/2017,BAZ,TX,ASW,CE,Federal Contract Tower,0,0,10,6,16,0,8,49,0,57,0,8,59,6,73,78,0,78,151
05/02/2017,BAZ,TX,ASW,CE,Federal Contract Tower,0,0,18,14,32,0,3,52,8,63,0,3,70,22,95,114,84,198,293
05/03/2017,BAZ,TX,ASW,CE,Federal Contract Tower,0,0,11,6,17,0,3,29,0,32,0,3,40,6,49,64,4,68,117
05/04/2017,BAZ,TX,ASW,CE,Federal Contract Tower,0,0,6,32,38,0,0,58,2,60,0,0,64,34,98,30,0,30,128
05/05/2017,BAZ,TX,ASW,CE,Federal Contract Tower,0,0,14,16,30,0,0,64,0,64,0,0,78,16,94,104,0,104,198
05/06/2017,BAZ,TX,ASW,CE,Federal Contract Tower,0,2,3,0,5,0,4,88,2,94,0,6,91,2,99,124,2,126,225
05/07/2017,BAZ,TX,ASW,CE,Federal Contract Tower,0,4,10,0,14,0,4,51,4,59,0,8,61,4,73,20,12,32,105
05/08/2017,BAZ,TX,ASW,CE,Federal Contract Tower,0,0,25,14,39,0,5,18,1,24,0,5,43,15,63,48,10,58,121
05/09/2017,BAZ,TX,ASW,CE,Federal Contract Tower,0,0,23,12,35,0,2,3,0,5,0,2,26,12,40,4,6,10,50
05/10/2017,BAZ,TX,ASW,CE,Federal Contract Tower,0,0,23,34,57,0,0,17,0,17,0,0,40,34,74,26,28,54,128
05/11/2017,BAZ,TX,ASW,CE,Federal Contract Tower,0,0,29,14,43,0,0,14,0,14,0,0,43,14,57,82,10,92,149
05/12/2017,BAZ,TX,ASW,CE,Federal Contract Tower,0,0,22,6,28,0,14,66,0,80,0,14,88,6,108,116,2,118,226
05/13/2017,BAZ,TX,ASW,CE,Federal Contract Tower,0,0,21,0,21,0,4,112,0,116,0,4,133,0,137,218,0,218,355
05/14/2017,BAZ,TX,ASW,CE,Federal Contract Tower,0,0,7,0,7,0,5,39,0,44,0,5,46,0,51,6,0,6,57
05/15/2017,BAZ,TX,ASW,CE,Federal Contract Tower,0,2,22,6,30,0,3,35,3,41,0,5,57,9,71,64,22,86,157
05/16/2017,BAZ,TX,ASW,CE,Federal Contract Tower,0,0,39,12,51,0,4,26,0,30,0,4,65,12,81,48,20,68,149
05/17/2017,BAZ,TX,ASW,CE,Federal Contract Tower,0,0,17,2,19,0,2,49,0,51,0,2,66,2,70,54,14,68,138
05/18/2017,BAZ,TX,ASW,CE,Federal Contract Tower,0,0,24,10,34,0,1,19,0,20,0,1,43,10,54,24,0,24,78
05/19/2017,BAZ,TX,ASW,CE,Federal Contract Tower,0,0,31,0,31,0,0,43,0,43,0,0,74,0,74,48,0,48,122
05/20/2017,BAZ,TX,ASW,CE,Federal Contract Tower,0,1,11,0,12,0,1,30,0,31,0,2,41,0,43,62,0,62,105
05/21/2017,BAZ,TX,ASW,CE,Federal Contract Tower,0,0,8,0,8,0,0,11,0,11,0,0,19,0,19,30,0,30,49
05/22/2017,BAZ,TX,ASW,CE,Federal Contract Tower,0,3,25,14,42,0,2,3,0,5,0,5,28,14,47,4,0,4,51
05/23/2017,BAZ,TX,ASW,CE,Federal Contract Tower,0,0,15,8,23,0,2,32,0,34,0,2,47,8,57,58,12,70,127
05/24/2017,BAZ,TX,ASW,CE,Federal Contract Tower,0,2,27,10,39,0,5,65,0,70,0,7,92,10,109,76,26,102,211
05/25/2017,BAZ,TX,ASW,CE,Federal Contract Tower,0,0,11,20,31,0,0,55,2,57,0,0,66,22,88,114,8,122,210
05/26/2017,BAZ,TX,ASW,CE,Federal Contract Tower,0,2,34,0,36,0,4,37,0,41,0,6,71,0,77,108,0,108,185
05/27/2017,BAZ,TX,ASW,CE,Federal Contract Tower,0,0,13,0,13,0,3,12,0,15,0,3,25,0,28,30,0,30,58
05/28/2017,BAZ,TX,ASW,CE,Federal Contract Tower,0,2,3,0,5,0,5,29,0,34,0,7,32,0,39,114,0,114,153
05/29/2017,BAZ,TX,ASW,CE,Federal Contract Tower,0,0,16,0,16,0,2,20,0,22,0,2,36,0,38,62,0,62,100
05/30/2017,BAZ,TX,ASW,CE,Federal Contract Tower,0,0,15,8,23,0,0,53,0,53,0,0,68,8,76,102,2,104,180
05/31/2017,BAZ,TX,ASW,CE,Federal Contract Tower,0,0,19,20,39,0,1,33,0,34,0,1,52,20,73,48,0,48,121
06/01/2017,BAZ,TX,ASW,CE,Federal Contract Tower,0,0,24,18,42,0,2,28,0,30,0,2,52,18,72,50,4,54,126
06/02/2017,BAZ,TX,ASW,CE,Federal Contract Tower,0,1,21,4,26,0,2,43,0,45,0,3,64,4,71,66,0,66,137
06/03/2017,BAZ,TX,ASW,CE,Federal Contract Tower,0,0,24,0,24,0,4,27,0,31,0,4,51,0,55,90,0,90,145
06/04/2017,BAZ,TX,ASW,CE,Federal Contract Tower,0,0,2,0,2,0,1,6,0,7,0,1,8,0,9,2,0,2,11
06/05/2017,BAZ,TX,ASW,CE,Federal Contract Tower,0,0,9,8,17,0,0,45,0,45,0,0,54,8,62,46,4,50,112
06/06/2017,BAZ,TX,ASW,CE,Federal Contract Tower,0,0,20,12,32,0,2,70,0,72,0,2,90,12,104,106,6,112,216
06/07/2017,BAZ,TX,ASW,CE,Federal Contract Tower,0,0,20,16,36,0,2,95,1,98,0,2,115,17,134,170,8,178,312
06/08/2017,BAZ,TX,ASW,CE,Federal Contract Tower,0,0,15,8,23,0,2,96,1,99,0,2,111,9,122,156,0,156,278
06/09/2017,BAZ,TX,ASW,CE,Federal Contract Tower,0,0,36,28,64,0,2,52,0,54,0,2,88,28,118,92,4,96,214
06/10/2017,BAZ,TX,ASW,CE,Federal Contract Tower,0,0,34,0,34,0,3,62,0,65,0,3,96,0,99,47,0,47,146
06/11/2017,BAZ,TX,ASW,CE,Federal Contract Tower,0,0,21,0,21,0,2,25,0,27,0,2,46,0,48,24,0,24,72
06/12/2017,BAZ,TX,ASW,CE,Federal Contract Tower,0,0,18,6,24,0,0,62,0,62,0,0,80,6,86,148,4,152,238
06/13/2017,BAZ,TX,ASW,CE,Federal Contract Tower,0,2,31,11,44,0,8,59,3,70,0,10,90,14,114,70,12,82,196
06/14/2017,BAZ,TX,ASW,CE,Federal Contract Tower,0,4,25,18,47,0,6,40,0,46,0,10,65,18,93,38,2,40,133
06/15/2017,BAZ,TX,ASW,CE,Federal Contract Tower,0,0,37,6,43,0,2,61,0,63,0,2,98,6,106,160,0,160,266
06/16/2017,BAZ,TX,ASW,CE,Federal Contract Tower,0,0,35,22,57,0,2,51,0,53,0,2,86,22,110,118,6,124,234
06/17/2017,BAZ,TX,ASW,CE,Federal Contract Tower,0,0,9,2,11,0,3,60,0,63,0,3,69,2,74,62,0,62,136
06/18/2017,BAZ,TX,ASW,CE,Federal Contract Tower,0,4,12,0,16,0,2,42,0,44,0,6,54,0,60,34,0,34,94
06/19/2017,BAZ,TX,ASW,CE,Federal Contract Tower,0,0,7,20,27,0,3,44,2,49,0,3,51,22,76,76,20,96,172
06/20/2017,BAZ,TX,ASW,CE,Federal Contract Tower,0,3,11,8,22,0,2,48,2,52,0,5,59,10,74,62,14,76,150
06/21/2017,BAZ,TX,ASW,CE,Federal Contract Tower,0,0,18,10,28,0,2,59,2,63,0,2,77,12,91,46,10,56,147
06/22/2017,BAZ,TX,ASW,CE,Federal Contract Tower,0,1,35,6,42,0,2,61,0,63,0,3,96,6,105,80,10,90,195
06/23/2017,BAZ,TX,ASW,CE,Federal Contract Tower,0,2,16,10,28,0,2,51,2,55,0,4,67,12,83,104,10,114,197
06/24/2017,BAZ,TX,ASW,CE,Federal Contract Tower,0,3,7,0,10,0,4,13,0,17,0,7,20,0,27,12,0,12,39
06/25/2017,BAZ,TX,ASW,CE,Federal Contract Tower,0,2,11,0,13,0,0,23,0,23,0,2,34,0,36,24,0,24,60
06/26/2017,BAZ,TX,ASW,CE,Federal Contract Tower,0,2,18,18,38,0,2,19,0,21,0,4,37,18,59,44,10,54,113
06/27/2017,BAZ,TX,ASW,CE,Federal Contract Tower,0,0,16,20,36,0,1,12,0,13,0,1,28,20,49,26,6,32,81
06/28/2017,BAZ,TX,ASW,CE,Federal Contract Tower,0,0,20,14,34,0,0,53,4,57,0,0,73,18,91,66,8,74,165
06/29/2017,BAZ,TX,ASW,CE,Federal Contract Tower,0,0,40,28,68,0,2,66,4,72,0,2,106,32,140,92,4,96,236
06/30/2017,BAZ,TX,ASW,CE,Federal Contract Tower,0,3,20,8,31,0,2,42,6,50,0,5,62,14,81,102,0,102,183
07/01/2017,BAZ,TX,ASW,CE,Federal Contract Tower,0,0,18,0,18,0,4,52,0,56,0,4,70,0,74,42,0,42,116
07/02/2017,BAZ,TX,ASW,CE,Federal Contract Tower,0,0,9,0,9,0,2,16,4,22,0,2,25,4,31,18,14,32,63
07/03/2017,BAZ,TX,ASW,CE,Federal Contract Tower,0,2,10,0,12,0,1,48,0,49,0,3,58,0,61,100,0,100,161
07/04/2017,BAZ,TX,ASW,CE,Federal Contract Tower,0,0,9,0,9,0,3,30,0,33,0,3,39,0,42,16,0,16,58
07/05/2017,BAZ,TX,ASW,CE,Federal Contract Tower,0,0,24,22,46,0,1,79,0,80,0,1,103,22,126,138,10,148,274
07/06/2017,BAZ,TX,ASW,CE,Federal Contract Tower,0,2,16,26,44,0,3,47,0,50,0,5,63,26,94,132,2,134,228
07/07/2017,BAZ,TX,ASW,CE,Federal Contract Tower,0,0,11,0,11,0,0,52,0,52,0,0,63,0,63,74,0,74,137
07/08/2017,BAZ,TX,ASW,CE,Federal Contract Tower,0,0,14,0,14,0,3,68,0,71,0,3,82,0,85,130,0,130,215
07/09/2017,BAZ,TX,ASW,CE,Federal Contract Tower,0,0,7,0,7,0,3,35,0,38,0,3,42,0,45,32,0,32,77
07/10/2017,BAZ,TX,ASW,CE,Federal Contract Tower,0,0,14,9,23,0,2,55,1,58,0,2,69,10,81,100,10,110,191
07/11/2017,BAZ,TX,ASW,CE,Federal Contract Tower,0,0,16,14,30,0,2,54,2,58,0,2,70,16,88,82,14,96,184
07/12/2017,BAZ,TX,ASW,CE,Federal Contract Tower,0,2,26,3,31,0,6,49,1,56,0,8,75,4,87,92,16,108,195
07/13/2017,BAZ,TX,ASW,CE,Federal Contract Tower,0,0,16,20,36,0,0,46,0,46,0,0,62,20,82,114,0,114,196
07/14/2017,BAZ,TX,ASW,CE,Federal Contract Tower,0,2,13,10,25,0,2,70,0,72,0,4,83,10,97,154,0,154,251
07/15/2017,BAZ,TX,ASW,CE,Federal Contract Tower,0,0,11,1,12,0,0,78,3,81,0,0,89,4,93,102,0,102,195
07/16/2017,BAZ,TX,ASW,CE,Federal Contract Tower,0,0,7,0,7,0,3,55,0,58,0,3,62,0,65,98,0,98,163
07/17/2017,BAZ,TX,ASW,CE,Federal Contract Tower,0,2,15,10,27,0,3,46,0,49,0,5,61,10,76,82,0,82,158
07/18/2017,BAZ,TX,ASW,CE,Federal Contract Tower,0,4,17,12,33,0,2,54,0,56,0,6,71,12,89,132,0,132,221
07/19/2017,BAZ,TX,ASW,CE,Federal Contract Tower,0,1,21,4,26,0,1,52,0,53,0,2,73,4,79,106,0,106,185
07/20/2017,BAZ,TX,ASW,CE,Federal Contract Tower,0,0,13,23,36,0,0,69,1,70,0,0,82,24,106,106,26,132,238
07/21/2017,BAZ,TX,ASW,CE,Federal Contract Tower,0,0,12,6,18,0,2,68,2,72,0,2,80,8,90,126,2,128,218
07/22/2017,BAZ,TX,ASW,CE,Federal Contract Tower,0,0,10,0,10,0,2,63,0,65,0,2,73,0,75,48,0,48,123
07/23/2017,BAZ,TX,ASW,CE,Federal Contract Tower,0,3,13,2,18,0,0,30,0,30,0,3,43,2,48,48,22,70,118
07/24/2017,BAZ,TX,ASW,CE,Federal Contract Tower,0,4,23,1,28,0,4,43,3,50,0,8,66,4,78,70,4,74,152
07/25/2017,BAZ,TX,ASW,CE,Federal Contract Tower,0,0,23,0,23,0,3,67,0,70,0,3,90,0,93,82,0,82,175
07/26/2017,BAZ,TX,ASW,CE,Federal Contract Tower,0,0,19,14,33,0,5,54,0,59,0,5,73,14,92,88,0,88,180
07/27/2017,BAZ,TX,ASW,CE,Federal Contract Tower,0,1,13,16,30,0,0,60,0,60,0,1,73,16,90,132,0,132,222
07/28/2017,BAZ,TX,ASW,CE,Federal Contract Tower,0,1,15,14,30,0,4,60,4,68,0,5,75,18,98,114,10,124,222
07/29/2017,BAZ,TX,ASW,CE,Federal Contract Tower,0,0,11,0,11,0,0,55,0,55,0,0,66,0,66,32,0,32,98
07/30/2017,BAZ,TX,ASW,CE,Federal Contract Tower,0,0,8,0,8,0,4,42,0,46,0,4,50,0,54,28,0,28,82
07/31/2017,BAZ,TX,ASW,CE,Federal Contract Tower,0,2,36,0,38,0,1,47,0,48,0,3,83,0,86,70,0,70,156
08/01/2017,BAZ,TX,ASW,CE,Federal Contract Tower,0,0,8,4,12,0,4,54,0,58,0,4,62,4,70,144,0,144,214
08/02/2017,BAZ,TX,ASW,CE,Federal Contract Tower,0,2,13,13,28,0,1,48,1,50,0,3,61,14,78,128,12,140,218
08/03/2017,BAZ,TX,ASW,CE,Federal Contract Tower,0,4,24,14,42,0,1,48,3,52,0,5,72,17,94,82,8,90,184
08/04/2017,BAZ,TX,ASW,CE,Federal Contract Tower,0,0,31,6,37,0,5,74,2,81,0,5,105,8,118,158,6,164,282
08/05/2017,BAZ,TX,ASW,CE,Federal Contract Tower,0,5,10,0,15,0,2,42,0,44,0,7,52,0,59,30,0,30,89
08/06/2017,BAZ,TX,ASW,CE,Federal Contract Tower,0,1,12,0,13,0,8,24,0,32,0,9,36,0,45,34,0,34,79
08/07/2017,BAZ,TX,ASW,CE,Federal Contract Tower,0,4,10,0,14,0,0,16,0,16,0,4,26,0,30,46,0,46,76
08/08/2017,BAZ,TX,ASW,CE,Federal Contract Tower,0,0,20,6,26,0,9,52,0,61,0,9,72,6,87,140,8,148,235
08/09/2017,BAZ,TX,ASW,CE,Federal Contract Tower,0,4,13,14,31,0,3,57,2,62,0,7,70,16,93,144,0,144,237
08/10/2017,BAZ,TX,ASW,CE,Federal Contract Tower,0,0,9,6,15,0,1,64,0,65,0,1,73,6,80,108,6,114,194
08/11/2017,BAZ,TX,ASW,CE,Federal Contract Tower,0,2,12,2,16,0,3,59,0,62,0,5,71,2,78,108,10,118,196
08/12/2017,BAZ,TX,ASW,CE,Federal Contract Tower,0,0,6,0,6,0,5,61,0,66,0,5,67,0,72,78,0,78,150
08/13/2017,BAZ,TX,ASW,CE,Federal Contract Tower,0,0,8,5,13,0,3,26,0,29,0,3,34,5,42,16,0,16,58
08/14/2017,BAZ,TX,ASW,CE,Federal Contract Tower,0,0,14,14,28,0,0,39,0,39,0,0,53,14,67,134,0,134,201
08/15/2017,BAZ,TX,ASW,CE,Federal Contract Tower,0,0,17,12,29,0,0,54,0,54,0,0,71,12,83,116,0,116,199
08/16/2017,BAZ,TX,ASW,CE,Federal Contract Tower,0,0,16,12,28,0,3,36,0,39,0,3,52,12,67,106,4,110,177
08/17/2017,BAZ,TX,ASW,CE,Federal Contract Tower,0,2,18,30,50,0,3,72,33,108,0,5,90,63,158,86,0,86,244
08/18/2017,BAZ,TX,ASW,CE,Federal Contract Tower,0,0,19,18,37,0,4,62,4,70,0,4,81,22,107,140,0,140,247
08/19/2017,BAZ,TX,ASW,CE,Federal Contract Tower,0,0,10,0,10,0,2,54,0,56,0,2,64,0,66,90,0,90,156
08/20/2017,BAZ,TX,ASW,CE,Federal Contract Tower,0,1,9,6,16,0,0,30,2,32,0,1,39,8,48,12,12,24,72
08/21/2017,BAZ,TX,ASW,CE,Federal Contract Tower,0,0,11,14,25,0,8,40,0,48,0,8,51,14,73,136,0,136,209
08/22/2017,BAZ,TX,ASW,CE,Federal Contract Tower,0,2,25,26,53,0,0,45,2,47,0,2,70,28,100,38,14,52,152
08/23/2017,BAZ,TX,ASW,CE,Federal Contract Tower,0,0,16,31,47,0,3,56,0,59,0,3,72,31,106,222,16,238,344
08/24/2017,BAZ,TX,ASW,CE,Federal Contract Tower,0,0,18,12,30,0,3,26,2,31,0,3,44,14,61,70,34,104,165
08/25/2017,BAZ,TX,ASW,CE,Federal Contract Tower,0,0,12,0,12,0,4,5,0,9,0,4,17,0,21,0,0,0,21
08/26/2017,BAZ,TX,ASW,CE,Federal Contract Tower,0,0,0,0,0,0,0,0,0,0,0,0,0,0,0,0,0,0,0
08/27/2017,BAZ,TX,ASW,CE,Federal Contract Tower,0,3,2,0,5,0,0,0,0,0,0,3,2,0,5,0,0,0,5
08/28/2017,BAZ,TX,ASW,CE,Federal Contract Tower,0,1,5,0,6,0,4,10,0,14,0,5,15,0,20,0,0,0,20
08/29/2017,BAZ,TX,ASW,CE,Federal Contract Tower,0,1,8,14,23,0,4,32,4,40,0,5,40,18,63,16,0,16,79
08/30/2017,BAZ,TX,ASW,CE,Federal Contract Tower,0,0,13,24,37,0,4,64,0,68,0,4,77,24,105,120,0,120,225
08/31/2017,BAZ,TX,ASW,CE,Federal Contract Tower,0,0,20,12,32,0,6,79,0,85,0,6,99,12,117,162,0,162,279
09/01/2017,BAZ,TX,ASW,CE,Federal Contract Tower,0,3,21,0,24,0,5,77,0,82,0,8,98,0,106,80,0,80,186
09/02/2017,BAZ,TX,ASW,CE,Federal Contract Tower,0,0,8,0,8,0,3,50,1,54,0,3,58,1,62,41,0,41,103
09/03/2017,BAZ,TX,ASW,CE,Federal Contract Tower,0,0,9,0,9,0,2,20,0,22,0,2,29,0,31,10,0,10,41
09/04/2017,BAZ,TX,ASW,CE,Federal Contract Tower,0,0,18,0,18,0,0,38,0,38,0,0,56,0,56,96,0,96,152
09/05/2017,BAZ,TX,ASW,CE,Federal Contract Tower,0,0,16,10,26,0,7,45,0,52,0,7,61,10,78,78,4,82,160
09/06/2017,BAZ,TX,ASW,CE,Federal Contract Tower,0,2,22,10,34,0,1,39,0,40,0,3,61,10,74,16,2,18,92
09/07/2017,BAZ,TX,ASW,CE,Federal Contract Tower,0,0,10,6,16,0,2,75,0,77,0,2,85,6,93,96,0,96,189
09/08/2017,BAZ,TX,ASW,CE,Federal Contract Tower,0,0,25,2,27,0,0,69,0,69,0,0,94,2,96,124,0,124,220
09/09/2017,BAZ,TX,ASW,CE,Federal Contract Tower,0,0,14,2,16,0,6,70,0,76,0,6,84,2,92,62,0,62,154
09/10/2017,BAZ,TX,ASW,CE,Federal Contract Tower,0,0,10,0,10,0,2,36,0,38,0,2,46,0,48,20,0,20,68
09/11/2017,BAZ,TX,ASW,CE,Federal Contract Tower,0,0,12,8,20,0,0,47,0,47,0,0,59,8,67,56,0,56,123
09/12/2017,BAZ,TX,ASW,CE,Federal Contract Tower,0,0,15,14,29,0,4,44,2,50,0,4,59,16,79,104,12,116,195
09/13/2017,BAZ,TX,ASW,CE,Federal Contract Tower,0,0,19,10,29,0,2,70,4,76,0,2,89,14,105,100,0,100,205
09/14/2017,BAZ,TX,ASW,CE,Federal Contract Tower,0,1,22,15,38,0,2,53,1,56,0,3,75,16,94,40,4,44,138
09/15/2017,BAZ,TX,ASW,CE,Federal Contract Tower,0,2,18,2,22,0,4,46,1,51,0,6,64,3,73,48,20,68,141
09/16/2017,BAZ,TX,ASW,CE,Federal Contract Tower,0,1,25,0,26,0,2,46,0,48,0,3,71,0,74,82,0,82,156
09/17/2017,BAZ,TX,ASW,CE,Federal Contract Tower,0,2,4,0,6,0,2,27,0,29,0,4,31,0,35,10,0,10,45
09/18/2017,BAZ,TX,ASW,CE,Federal Contract Tower,0,1,25,14,40,0,1,40,4,45,0,2,65,18,85,50,4,54,139
09/19/2017,BAZ,TX,ASW,CE,Federal Contract Tower,0,1,22,14,37,0,4,35,2,41,0,5,57,16,78,80,0,80,158
09/20/2017,BAZ,TX,ASW,CE,Federal Contract Tower,0,0,21,12,33,0,4,56,2,62,0,4,77,14,95,110,8,118,213
09/21/2017,BAZ,TX,ASW,CE,Federal Contract Tower,0,0,33,12,45,0,2,60,0,62,0,2,93,12,107,92,0,92,199
09/22/2017,BAZ,TX,ASW,CE,Federal Contract Tower,0,2,28,6,36,0,2,38,0,40,0,4,66,6,76,90,0,90,166
09/23/2017,BAZ,TX,ASW,CE,Federal Contract Tower,0,0,19,0,19,0,1,39,10,50,0,1,58,10,69,38,0,38,107
09/24/2017,BAZ,TX,ASW,CE,Federal Contract Tower,0,2,15,0,17,0,1,27,0,28,0,3,42,0,45,44,0,44,89
09/25/2017,BAZ,TX,ASW,CE,Federal Contract Tower,0,1,9,0,10,0,2,27,0,29,0,3,36,0,39,56,0,56,95
09/26/2017,BAZ,TX,ASW,CE,Federal Contract Tower,0,0,4,2,6,0,0,0,0,0,0,0,4,2,6,0,0,0,6
09/28/2017,BAZ,TX,ASW,CE,Federal Contract Tower,0,1,30,10,41,0,0,13,0,13,0,1,43,10,54,24,0,24,78
09/29/2017,BAZ,TX,ASW,CE,Federal Contract Tower,0,0,33,7,40,0,0,14,0,14,0,0,47,7,54,24,0,24,78
09/30/2017,BAZ,TX,ASW,CE,Federal Contract Tower,0,2,11,0,13,0,4,97,0,101,0,6,108,0,114,80,0,80,194
10/01/2017,BAZ,TX,ASW,CE,Federal Contract Tower,0,0,7,0,7,0,0,61,0,61,0,0,68,0,68,46,0,46,114
10/02/2017,BAZ,TX,ASW,CE,Federal Contract Tower,0,2,34,15,51,0,3,44,1,48,0,5,78,16,99,116,0,116,215
10/03/2017,BAZ,TX,ASW,CE,Federal Contract Tower,0,0,11,0,11,0,0,3,0,3,0,0,14,0,14,4,0,4,18
10/04/2017,BAZ,TX,ASW,CE,Federal Contract Tower,0,0,17,14,31,0,0,28,0,28,0,0,45,14,59,46,0,46,105
10/05/2017,BAZ,TX,ASW,CE,Federal Contract Tower,0,0,27,12,39,0,0,57,0,57,0,0,84,12,96,96,0,96,192
10/06/2017,BAZ,TX,ASW,CE,Federal Contract Tower,0,1,24,6,31,0,5,65,0,70,0,6,89,6,101,84,0,84,185
10/07/2017,BAZ,TX,ASW,CE,Federal Contract Tower,0,1,20,2,23,0,4,80,0,84,0,5,100,2,107,82,0,82,189
10/08/2017,BAZ,TX,ASW,CE,Federal Contract Tower,0,3,16,0,19,0,5,55,2,62,0,8,71,2,81,64,0,64,145
10/09/2017,BAZ,TX,ASW,CE,Federal Contract Tower,0,1,28,0,29,0,3,57,0,60,0,4,85,0,89,90,0,90,179
10/10/2017,BAZ,TX,ASW,CE,Federal Contract Tower,0,2,16,18,36,0,2,13,0,15,0,4,29,18,51,0,10,10,61
10/11/2017,BAZ,TX,ASW,CE,Federal Contract Tower,0,0,18,18,36,0,5,75,0,80,0,5,93,18,116,98,0,98,214
10/12/2017,BAZ,TX,ASW,CE,Federal Contract Tower,0,0,20,14,34,0,1,78,0,79,0,1,98,14,113,70,0,70,183
10/13/2017,BAZ,TX,ASW,CE,Federal Contract Tower,0,1,20,10,31,0,3,51,0,54,0,4,71,10,85,52,0,52,137
10/14/2017,BAZ,TX,ASW,CE,Federal Contract Tower,0,0,22,0,22,0,0,44,4,48,0,0,66,4,70,76,28,104,174
10/15/2017,BAZ,TX,ASW,CE,Federal Contract Tower,0,1,13,0,14,0,1,17,0,18,0,2,30,0,32,12,0,12,44
10/16/2017,BAZ,TX,ASW,CE,Federal Contract Tower,0,3,24,8,35,0,2,46,5,53,0,5,70,13,88,132,0,132,220
10/17/2017,BAZ,TX,ASW,CE,Federal Contract Tower,0,0,14,16,30,0,7,59,0,66,0,7,73,16,96,106,0,106,202
10/18/2017,BAZ,TX,ASW,CE,Federal Contract Tower,0,1,11,0,12,0,1,89,0,90,0,2,100,0,102,86,0,86,188
10/19/2017,BAZ,TX,ASW,CE,Federal Contract Tower,0,1,23,0,24,0,2,61,0,63,0,3,84,0,87,80,0,80,167
10/20/2017,BAZ,TX,ASW,CE,Federal Contract Tower,0,3,27,4,34,0,2,30,0,32,0,5,57,4,66,14,0,14,80
10/21/2017,BAZ,TX,ASW,CE,Federal Contract Tower,0,0,12,0,12,0,6,31,0,37,0,6,43,0,49,2,0,2,51
10/22/2017,BAZ,TX,ASW,CE,Federal Contract Tower,0,2,15,0,17,0,0,11,0,11,0,2,26,0,28,6,0,6,34
10/23/2017,BAZ,TX,ASW,CE,Federal Contract Tower,0,4,29,2,35,0,2,44,0,46,0,6,73,2,81,106,0,106,187
10/24/2017,BAZ,TX,ASW,CE,Federal Contract Tower,0,0,24,0,24,0,2,59,2,63,0,2,83,2,87,112,4,116,203
10/25/2017,BAZ,TX,ASW,CE,Federal Contract Tower,0,2,27,0,29,0,0,73,0,73,0,2,100,0,102,104,0,104,206
10/26/2017,BAZ,TX,ASW,CE,Federal Contract Tower,0,0,30,8,38,0,1,50,0,51,0,1,80,8,89,124,14,138,227
10/27/2017,BAZ,TX,ASW,CE,Federal Contract Tower,0,2,13,24,39,0,2,42,0,44,0,4,55,24,83,52,10,62,145
10/28/2017,BAZ,TX,ASW,CE,Federal Contract Tower,0,0,10,0,10,0,0,99,0,99,0,0,109,0,109,106,0,106,215
10/29/2017,BAZ,TX,ASW,CE,Federal Contract Tower,0,0,12,0,12,0,0,57,0,57,0,0,69,0,69,68,0,68,137
10/30/2017,BAZ,TX,ASW,CE,Federal Contract Tower,0,2,15,6,23,0,0,27,0,27,0,2,42,6,50,62,0,62,112
10/31/2017,BAZ,TX,ASW,CE,Federal Contract Tower,0,2,18,16,36,0,1,31,0,32,0,3,49,16,68,86,0,86,154
11/01/2017,BAZ,TX,ASW,CE,Federal Contract Tower,0,0,19,10,29,0,4,45,0,49,0,4,64,10,78,66,14,80,158
11/02/2017,BAZ,TX,ASW,CE,Federal Contract Tower,0,2,29,7,38,0,1,23,0,24,0,3,52,7,62,120,0,120,182
11/03/2017,BAZ,TX,ASW,CE,Federal Contract Tower,0,2,20,4,26,0,3,36,0,39,0,5,56,4,65,66,0,66,131
11/04/2017,BAZ,TX,ASW,CE,Federal Contract Tower,0,0,21,0,21,0,2,12,0,14,0,2,33,0,35,32,0,32,67
11/05/2017,BAZ,TX,ASW,CE,Federal Contract Tower,0,0,11,0,11,0,3,34,0,37,0,3,45,0,48,38,0,38,86
11/06/2017,BAZ,TX,ASW,CE,Federal Contract Tower,0,0,25,9,34,0,7,24,1,32,0,7,49,10,66,48,14,62,128
11/07/2017,BAZ,TX,ASW,CE,Federal Contract Tower,0,0,19,18,37,0,0,42,0,42,0,0,61,18,79,68,0,68,147
11/08/2017,BAZ,TX,ASW,CE,Federal Contract Tower,0,2,20,18,40,0,1,27,0,28,0,3,47,18,68,46,0,46,114
11/09/2017,BAZ,TX,ASW,CE,Federal Contract Tower,0,0,40,10,50,0,2,43,0,45,0,2,83,10,95,90,0,90,185
11/10/2017,BAZ,TX,ASW,CE,Federal Contract Tower,0,0,26,0,26,0,1,59,0,60,0,1,85,0,86,54,0,54,140
11/11/2017,BAZ,TX,ASW,CE,Federal Contract Tower,0,1,25,0,26,0,0,39,0,39,0,1,64,0,65,62,0,62,127
11/12/2017,BAZ,TX,ASW,CE,Federal Contract Tower,0,1,39,0,40,0,0,1,0,1,0,1,40,0,41,0,0,0,41
11/13/2017,BAZ,TX,ASW,CE,Federal Contract Tower,0,0,33,9,42,0,5,39,1,45,0,5,72,10,87,96,28,124,211
11/14/2017,BAZ,TX,ASW,CE,Federal Contract Tower,0,0,25,10,35,0,2,45,0,47,0,2,70,10,82,132,0,132,214
11/15/2017,BAZ,TX,ASW,CE,Federal Contract Tower,0,0,24,22,46,0,3,33,0,36,0,3,57,22,82,58,0,58,140
11/16/2017,BAZ,TX,ASW,CE,Federal Contract Tower,0,4,23,1,28,0,7,44,2,53,0,11,67,3,81,60,12,72,153
11/17/2017,BAZ,TX,ASW,CE,Federal Contract Tower,0,3,10,6,19,0,5,40,0,45,0,8,50,6,64,62,2,64,128
11/18/2017,BAZ,TX,ASW,CE,Federal Contract Tower,0,0,7,0,7,0,0,25,0,25,0,0,32,0,32,10,0,10,42
11/19/2017,BAZ,TX,ASW,CE,Federal Contract Tower,0,0,5,0,5,0,2,69,0,71,0,2,74,0,76,62,0,62,138
11/20/2017,BAZ,TX,ASW,CE,Federal Contract Tower,0,1,11,6,18,0,1,87,0,88,0,2,98,6,106,136,2,138,244
11/21/2017,BAZ,TX,ASW,CE,Federal Contract Tower,0,2,25,6,33,0,1,65,0,66,0,3,90,6,99,122,0,122,221
11/22/2017,BAZ,TX,ASW,CE,Federal Contract Tower,0,0,17,8,25,0,2,48,0,50,0,2,65,8,75,88,0,88,163
11/23/2017,BAZ,TX,ASW,CE,Federal Contract Tower,0,0,2,0,2,0,0,22,0,22,0,0,24,0,24,18,0,18,42
11/24/2017,BAZ,TX,ASW,CE,Federal Contract Tower,0,0,2,0,2,0,3,37,0,40,0,3,39,0,42,18,0,18,60
11/25/2017,BAZ,TX,ASW,CE,Federal Contract Tower,0,0,1,0,1,0,0,63,0,63,0,0,64,0,64,76,0,76,140
11/26/2017,BAZ,TX,ASW,CE,Federal Contract Tower,0,2,7,0,9,0,0,40,0,40,0,2,47,0,49,42,0,42,91
11/27/2017,BAZ,TX,ASW,CE,Federal Contract Tower,0,0,15,15,30,0,2,40,0,42,0,2,55,15,72,80,0,80,152
11/28/2017,BAZ,TX,ASW,CE,Federal Contract Tower,0,1,13,14,28,0,0,67,0,67,0,1,80,14,95,56,0,56,151
11/29/2017,BAZ,TX,ASW,CE,Federal Contract Tower,0,0,30,16,46,0,2,70,2,74,0,2,100,18,120,94,0,94,214
11/30/2017,BAZ,TX,ASW,CE,Federal Contract Tower,0,0,17,24,41,0,0,80,2,82,0,0,97,26,123,92,6,98,221
12/01/2017,BAZ,TX,ASW,CE,Federal Contract Tower,0,1,23,8,32,0,0,62,0,62,0,1,85,8,94,102,0,102,196
12/02/2017,BAZ,TX,ASW,CE,Federal Contract Tower,0,0,16,0,16,0,1,74,0,75,0,1,90,0,91,94,0,94,185
12/03/2017,BAZ,TX,ASW,CE,Federal Contract Tower,0,0,9,0,9,0,0,7,0,7,0,0,16,0,16,10,0,10,26
12/04/2017,BAZ,TX,ASW,CE,Federal Contract Tower,0,2,23,14,39,0,3,27,0,30,0,5,50,14,69,34,0,34,103
12/05/2017,BAZ,TX,ASW,CE,Federal Contract Tower,0,0,23,8,31,0,0,7,0,7,0,0,30,8,38,32,0,32,70
12/06/2017,BAZ,TX,ASW,CE,Federal Contract Tower,0,0,10,0,10,0,0,0,0,0,0,0,10,0,10,0,0,0,10
12/07/2017,BAZ,TX,ASW,CE,Federal Contract Tower,0,2,11,0,13,0,0,20,0,20,0,2,31,0,33,64,4,68,101
12/08/2017,BAZ,TX,ASW,CE,Federal Contract Tower,0,0,23,0,23,0,4,72,0,76,0,4,95,0,99,170,0,170,269
12/09/2017,BAZ,TX,ASW,CE,Federal Contract Tower,0,0,12,0,12,0,0,68,0,68,0,0,80,0,80,142,0,142,222
12/10/2017,BAZ,TX,ASW,CE,Federal Contract Tower,0,0,14,0,14,0,0,42,0,42,0,0,56,0,56,38,0,38,94
12/11/2017,BAZ,TX,ASW,CE,Federal Contract Tower,0,1,34,0,35,0,1,68,2,71,0,2,102,2,106,114,0,114,220
12/12/2017,BAZ,TX,ASW,CE,Federal Contract Tower,0,3,22,5,30,0,1,53,0,54,0,4,75,5,84,112,10,122,206
12/13/2017,BAZ,TX,ASW,CE,Federal Contract Tower,0,3,28,14,45,0,1,77,2,80,0,4,105,16,125,102,2,104,229
12/14/2017,BAZ,TX,ASW,CE,Federal Contract Tower,0,4,22,8,34,0,0,84,0,84,0,4,106,8,118,138,0,138,256
12/15/2017,BAZ,TX,ASW,CE,Federal Contract Tower,0,0,13,16,29,1,0,70,5,76,1,0,83,21,105,78,0,78,183
12/16/2017,BAZ,TX,ASW,CE,Federal Contract Tower,0,1,26,0,27,0,2,30,0,32,0,3,56,0,59,66,0,66,125
12/17/2017,BAZ,TX,ASW,CE,Federal Contract Tower,0,0,13,0,13,0,0,0,0,0,0,0,13,0,13,0,0,0,13
12/18/2017,BAZ,TX,ASW,CE,Federal Contract Tower,0,0,2,0,2,0,0,0,0,0,0,0,2,0,2,0,0,0,2
12/19/2017,BAZ,TX,ASW,CE,Federal Contract Tower,0,1,14,1,16,0,0,0,0,0,0,1,14,1,16,0,0,0,16
12/20/2017,BAZ,TX,ASW,CE,Federal Contract Tower,0,1,26,11,38,0,2,73,0,75,0,3,99,11,113,92,0,92,205
12/21/2017,BAZ,TX,ASW,CE,Federal Contract Tower,0,1,14,6,21,0,4,48,0,52,0,5,62,6,73,110,0,110,183
12/22/2017,BAZ,TX,ASW,CE,Federal Contract Tower,0,4,12,6,22,0,0,2,0,2,0,4,14,6,24,20,6,26,50
12/23/2017,BAZ,TX,ASW,CE,Federal Contract Tower,0,0,6,0,6,0,4,91,0,95,0,4,97,0,101,85,0,85,186
12/24/2017,BAZ,TX,ASW,CE,Federal Contract Tower,0,0,5,0,5,0,2,22,0,24,0,2,27,0,29,42,0,42,71
12/25/2017,BAZ,TX,ASW,CE,Federal Contract Tower,0,4,1,0,5,0,2,11,0,13,0,6,12,0,18,0,0,0,18
12/26/2017,BAZ,TX,ASW,CE,Federal Contract Tower,0,0,7,0,7,0,0,0,0,0,0,0,7,0,7,0,0,0,7
12/27/2017,BAZ,TX,ASW,CE,Federal Contract Tower,0,2,4,0,6,0,2,3,0,5,0,4,7,0,11,10,0,10,21
12/28/2017,BAZ,TX,ASW,CE,Federal Contract Tower,0,2,16,6,24,0,0,30,0,30,0,2,46,6,54,46,0,46,100
12/29/2017,BAZ,TX,ASW,CE,Federal Contract Tower,0,3,9,0,12,0,3,4,0,7,0,6,13,0,19,0,0,0,19
12/30/2017,BAZ,TX,ASW,CE,Federal Contract Tower,0,1,9,0,10,0,0,16,0,16,0,1,25,0,26,26,0,26,52
12/31/2017,BAZ,TX,ASW,CE,Federal Contract Tower,0,0,6,0,6,0,0,0,0,0,0,0,6,0,6,0,0,0,6
01/01/2018,BAZ,TX,ASW,CE,Federal Contract Tower,0,0,0,0,0,0,0,5,0,5,0,0,5,0,5,0,0,0,5
01/02/2018,BAZ,TX,ASW,CE,Federal Contract Tower,0,3,4,0,7,0,2,23,0,25,0,5,27,0,32,106,0,106,138
01/03/2018,BAZ,TX,ASW,CE,Federal Contract Tower,0,1,9,6,16,0,0,68,0,68,0,1,77,6,84,146,0,146,230
01/04/2018,BAZ,TX,ASW,CE,Federal Contract Tower,0,1,12,2,15,0,0,86,2,88,0,1,98,4,103,80,0,80,183
01/05/2018,BAZ,TX,ASW,CE,Federal Contract Tower,0,0,3,10,13,0,0,49,0,49,0,0,52,10,62,52,0,52,114
01/06/2018,BAZ,TX,ASW,CE,Federal Contract Tower,0,0,18,0,18,0,0,69,0,69,0,0,87,0,87,100,0,100,187
01/07/2018,BAZ,TX,ASW,CE,Federal Contract Tower,0,0,13,2,15,0,5,8,0,13,0,5,21,2,28,42,0,42,70
01/08/2018,BAZ,TX,ASW,CE,Federal Contract Tower,0,0,14,6,20,0,1,45,0,46,0,1,59,6,66,94,0,94,160
01/09/2018,BAZ,TX,ASW,CE,Federal Contract Tower,0,0,17,12,29,0,1,65,0,66,0,1,82,12,95,124,0,124,219
01/10/2018,BAZ,TX,ASW,CE,Federal Contract Tower,0,0,16,8,24,0,0,43,0,43,0,0,59,8,67,62,0,62,129
01/11/2018,BAZ,TX,ASW,CE,Federal Contract Tower,0,0,20,10,30,0,0,25,0,25,0,0,45,10,55,6,0,6,61
01/12/2018,BAZ,TX,ASW,CE,Federal Contract Tower,0,2,19,2,23,0,0,88,2,90,0,2,107,4,113,164,0,164,277
01/13/2018,BAZ,TX,ASW,CE,Federal Contract Tower,0,0,14,1,15,0,0,83,1,84,0,0,97,2,99,164,0,164,263
01/14/2018,BAZ,TX,ASW,CE,Federal Contract Tower,0,0,7,0,7,0,9,61,0,70,0,9,68,0,77,128,0,128,205
01/15/2018,BAZ,TX,ASW,CE,Federal Contract Tower,0,0,28,1,29,0,4,34,0,38,0,4,62,1,67,86,0,86,153
01/16/2018,BAZ,TX,ASW,CE,Federal Contract Tower,0,0,0,0,0,0,0,0,0,0,0,0,0,0,0,0,0,0,0
01/17/2018,BAZ,TX,ASW,CE,Federal Contract Tower,0,0,13,6,19,0,0,31,0,31,0,0,44,6,50,54,10,64,114
01/18/2018,BAZ,TX,ASW,CE,Federal Contract Tower,0,0,20,27,47,0,0,29,0,29,0,0,49,27,76,80,10,90,166
01/19/2018,BAZ,TX,ASW,CE,Federal Contract Tower,0,0,35,10,45,0,0,11,0,11,0,0,46,10,56,0,0,0,56
01/20/2018,BAZ,TX,ASW,CE,Federal Contract Tower,0,0,16,0,16,0,1,0,0,1,0,1,16,0,17,0,0,0,17
01/21/2018,BAZ,TX,ASW,CE,Federal Contract Tower,0,2,13,0,15,0,0,11,0,11,0,2,24,0,26,12,0,12,38
01/22/2018,BAZ,TX,ASW,CE,Federal Contract Tower,0,0,15,22,37,0,1,50,2,53,0,1,65,24,90,98,6,104,194
01/23/2018,BAZ,TX,ASW,CE,Federal Contract Tower,0,2,25,4,31,0,4,73,2,79,0,6,98,6,110,172,20,192,302
01/24/2018,BAZ,TX,ASW,CE,Federal Contract Tower,0,0,23,6,29,0,1,81,1,83,0,1,104,7,112,112,26,138,250
01/25/2018,BAZ,TX,ASW,CE,Federal Contract Tower,0,0,26,4,30,0,6,60,4,70,0,6,86,8,100,188,0,188,288
01/26/2018,BAZ,TX,ASW,CE,Federal Contract Tower,0,0,20,4,24,0,1,10,0,11,0,1,30,4,35,36,0,36,71
01/27/2018,BAZ,TX,ASW,CE,Federal Contract Tower,0,0,8,0,8,0,1,20,0,21,0,1,28,0,29,46,0,46,75
01/28/2018,BAZ,TX,ASW,CE,Federal Contract Tower,0,1,22,0,23,0,7,51,0,58,0,8,73,0,81,60,6,66,147
01/29/2018,BAZ,TX,ASW,CE,Federal Contract Tower,0,1,17,2,20,0,2,56,0,58,0,3,73,2,78,58,0,58,136
01/30/2018,BAZ,TX,ASW,CE,Federal Contract Tower,0,0,10,2,12,0,2,80,0,82,0,2,90,2,94,202,0,202,296
01/31/2018,BAZ,TX,ASW,CE,Federal Contract Tower,0,0,4,0,4,0,1,51,0,52,0,1,55,0,56,110,0,110,166
02/01/2018,BAZ,TX,ASW,CE,Federal Contract Tower,0,0,10,0,10,0,2,49,8,59,0,2,59,8,69,74,0,74,143
02/02/2018,BAZ,TX,ASW,CE,Federal Contract Tower,0,2,19,0,21,0,0,51,0,51,0,2,70,0,72,56,0,56,128
02/03/2018,BAZ,TX,ASW,CE,Federal Contract Tower,0,1,22,0,23,0,0,4,0,4,0,1,26,0,27,0,0,0,27
02/04/2018,BAZ,TX,ASW,CE,Federal Contract Tower,0,2,13,0,15,0,0,43,0,43,0,2,56,0,58,54,0,54,112
02/05/2018,BAZ,TX,ASW,CE,Federal Contract Tower,0,0,27,4,31,0,2,18,0,20,0,2,45,4,51,46,2,48,99
02/06/2018,BAZ,TX,ASW,CE,Federal Contract Tower,0,0,9,2,11,0,0,0,0,0,0,0,9,2,11,0,0,0,11
02/07/2018,BAZ,TX,ASW,CE,Federal Contract Tower,0,0,21,0,21,0,2,21,0,23,0,2,42,0,44,16,72,88,132
02/08/2018,BAZ,TX,ASW,CE,Federal Contract Tower,0,0,17,0,17,0,2,50,2,54,0,2,67,2,71,196,16,212,283
02/09/2018,BAZ,TX,ASW,CE,Federal Contract Tower,0,0,40,4,44,0,0,17,0,17,0,0,57,4,61,30,0,30,91
02/10/2018,BAZ,TX,ASW,CE,Federal Contract Tower,0,0,7,0,7,0,0,0,0,0,0,0,7,0,7,0,0,0,7
02/11/2018,BAZ,TX,ASW,CE,Federal Contract Tower,0,0,7,0,7,0,0,3,0,3,0,0,10,0,10,0,0,0,10
02/12/2018,BAZ,TX,ASW,CE,Federal Contract Tower,0,0,16,4,20,0,0,70,0,70,0,0,86,4,90,98,6,104,194
02/13/2018,BAZ,TX,ASW,CE,Federal Contract Tower,0,0,9,4,13,0,0,0,0,0,0,0,9,4,13,0,4,4,17
02/14/2018,BAZ,TX,ASW,CE,Federal Contract Tower,0,0,19,1,20,0,2,20,0,22,0,2,39,1,42,26,0,26,68
02/15/2018,BAZ,TX,ASW,CE,Federal Contract Tower,0,2,10,0,12,0,0,8,0,8,0,2,18,0,20,74,0,74,94
02/16/2018,BAZ,TX,ASW,CE,Federal Contract Tower,0,0,23,0,23,0,4,30,0,34,0,4,53,0,57,86,0,86,143
02/17/2018,BAZ,TX,ASW,CE,Federal Contract Tower,0,4,27,0,31,0,0,11,0,11,0,4,38,0,42,30,0,30,72
02/18/2018,BAZ,TX,ASW,CE,Federal Contract Tower,0,3,12,0,15,0,0,6,0,6,0,3,18,0,21,18,0,18,39
02/19/2018,BAZ,TX,ASW,CE,Federal Contract Tower,0,0,19,0,19,0,0,19,0,19,0,0,38,0,38,36,0,36,74
02/20/2018,BAZ,TX,ASW,CE,Federal Contract Tower,0,1,15,0,16,0,2,5,0,7,0,3,20,0,23,12,0,12,35
02/21/2018,BAZ,TX,ASW,CE,Federal Contract Tower,0,0,9,0,9,0,0,0,0,0,0,0,9,0,9,0,0,0,9
02/22/2018,BAZ,TX,ASW,CE,Federal Contract Tower,0,0,6,0,6,0,0,0,0,0,0,0,6,0,6,0,0,0,6
02/23/2018,BAZ,TX,ASW,CE,Federal Contract Tower,0,2,13,0,15,0,0,3,0,3,0,2,16,0,18,0,0,0,18
02/24/2018,BAZ,TX,ASW,CE,Federal Contract Tower,0,0,17,2,19,0,0,18,0,18,0,0,35,2,37,36,32,68,105
02/25/2018,BAZ,TX,ASW,CE,Federal Contract Tower,0,3,7,0,10,0,1,41,0,42,0,4,48,0,52,105,0,105,157
02/26/2018,BAZ,TX,ASW,CE,Federal Contract Tower,0,0,23,0,23,0,2,82,0,84,0,2,105,0,107,166,0,166,273
02/27/2018,BAZ,TX,ASW,CE,Federal Contract Tower,0,1,26,9,36,0,1,18,1,20,0,2,44,10,56,52,4,56,112
02/28/2018,BAZ,TX,ASW,CE,Federal Contract Tower,0,0,23,8,31,0,1,34,0,35,0,1,57,8,66,98,8,106,172
03/01/2018,BAZ,TX,ASW,CE,Federal Contract Tower,0,0,37,0,37,0,3,88,2,93,0,3,125,2,130,166,4,170,300
03/02/2018,BAZ,TX,ASW,CE,Federal Contract Tower,0,1,22,7,30,0,2,111,1,114,0,3,133,8,144,198,16,214,358
03/03/2018,BAZ,TX,ASW,CE,Federal Contract Tower,0,0,13,0,13,0,0,19,0,19,0,0,32,0,32,40,0,40,72
03/04/2018,BAZ,TX,ASW,CE,Federal Contract Tower,0,0,23,5,28,0,0,25,0,25,0,0,48,5,53,32,0,32,85
03/05/2018,BAZ,TX,ASW,CE,Federal Contract Tower,0,0,24,6,30,0,0,30,0,30,0,0,54,6,60,88,2,90,150
03/06/2018,BAZ,TX,ASW,CE,Federal Contract Tower,0,0,28,6,34,0,5,73,0,78,0,5,101,6,112,118,4,122,234
03/07/2018,BAZ,TX,ASW,CE,Federal Contract Tower,0,0,25,8,33,0,0,86,0,86,0,0,111,8,119,122,12,134,253
03/08/2018,BAZ,TX,ASW,CE,Federal Contract Tower,0,2,19,18,39,0,2,84,0,86,0,4,103,18,125,176,6,182,307
03/09/2018,BAZ,TX,ASW,CE,Federal Contract Tower,0,1,32,11,44,0,4,23,2,29,0,5,55,13,73,34,32,66,139
03/10/2018,BAZ,TX,ASW,CE,Federal Contract Tower,0,3,13,0,16,0,1,63,2,66,0,4,76,2,82,98,30,128,210
03/11/2018,BAZ,TX,ASW,CE,Federal Contract Tower,0,0,4,6,10,0,2,14,1,17,0,2,18,7,27,30,6,36,63
03/12/2018,BAZ,TX,ASW,CE,Federal Contract Tower,0,2,20,8,30,0,3,56,0,59,0,5,76,8,89,52,2,54,143
03/13/2018,BAZ,TX,ASW,CE,Federal Contract Tower,0,0,27,7,34,0,0,83,0,83,0,0,110,7,117,92,6,98,215
03/14/2018,BAZ,TX,ASW,CE,Federal Contract Tower,0,0,19,6,25,0,2,70,0,72,0,2,89,6,97,102,4,106,203
03/15/2018,BAZ,TX,ASW,CE,Federal Contract Tower,0,2,25,17,44,0,5,36,3,44,0,7,61,20,88,36,18,54,142
03/16/2018,BAZ,TX,ASW,CE,Federal Contract Tower,0,3,18,14,35,0,1,44,0,45,0,4,62,14,80,52,0,52,132
03/17/2018,BAZ,TX,ASW,CE,Federal Contract Tower,0,0,16,0,16,0,2,36,0,38,0,2,52,0,54,44,0,44,98
03/18/2018,BAZ,TX,ASW,CE,Federal Contract Tower,0,1,2,4,7,0,0,16,0,16,0,1,18,4,23,26,0,26,49
03/19/2018,BAZ,TX,ASW,CE,Federal Contract Tower,0,0,12,6,18,0,4,52,0,56,0,4,64,6,74,86,0,86,160
03/20/2018,BAZ,TX,ASW,CE,Federal Contract Tower,0,1,21,8,30,0,4,75,0,79,0,5,96,8,109,98,0,98,207
03/21/2018,BAZ,TX,ASW,CE,Federal Contract Tower,0,0,21,8,29,0,3,74,0,77,0,3,95,8,106,102,0,102,208
03/22/2018,BAZ,TX,ASW,CE,Federal Contract Tower,0,0,13,4,17,0,3,75,0,78,0,3,88,4,95,58,2,60,155
03/23/2018,BAZ,TX,ASW,CE,Federal Contract Tower,0,0,27,2,29,0,0,42,2,44,0,0,69,4,73,26,0,26,99
03/24/2018,BAZ,TX,ASW,CE,Federal Contract Tower,0,0,7,4,11,0,6,36,0,42,0,6,43,4,53,40,0,40,93
03/25/2018,BAZ,TX,ASW,CE,Federal Contract Tower,0,0,11,0,11,0,1,15,0,16,0,1,26,0,27,6,0,6,33
03/26/2018,BAZ,TX,ASW,CE,Federal Contract Tower,0,0,13,22,35,0,0,42,0,42,0,0,55,22,77,60,12,72,149
03/27/2018,BAZ,TX,ASW,CE,Federal Contract Tower,0,0,21,14,35,0,4,20,0,24,0,4,41,14,59,36,14,50,109
03/28/2018,BAZ,TX,ASW,CE,Federal Contract Tower,0,0,15,2,17,0,0,6,0,6,0,0,21,2,23,8,14,22,45
03/29/2018,BAZ,TX,ASW,CE,Federal Contract Tower,0,2,20,6,28,0,4,79,2,85,0,6,99,8,113,152,8,160,273
03/30/2018,BAZ,TX,ASW,CE,Federal Contract Tower,0,0,18,2,20,0,3,99,0,102,0,3,117,2,122,138,8,146,268
03/31/2018,BAZ,TX,ASW,CE,Federal Contract Tower,0,2,12,0,14,0,0,43,0,43,0,2,55,0,57,36,0,36,93
04/01/2018,BAZ,TX,ASW,CE,Federal Contract Tower,0,3,8,0,11,0,4,18,0,22,0,7,26,0,33,0,0,0,33
04/02/2018,BAZ,TX,ASW,CE,Federal Contract Tower,0,1,17,8,26,0,2,30,0,32,0,3,47,8,58,122,8,130,188
04/03/2018,BAZ,TX,ASW,CE,Federal Contract Tower,0,1,29,0,30,0,3,27,0,30,0,4,56,0,60,72,0,72,132
04/04/2018,BAZ,TX,ASW,CE,Federal Contract Tower,0,0,15,0,15,0,0,74,0,74,0,0,89,0,89,84,0,84,173
04/05/2018,BAZ,TX,ASW,CE,Federal Contract Tower,0,1,24,8,33,0,2,67,0,69,0,3,91,8,102,154,0,154,256
04/06/2018,BAZ,TX,ASW,CE,Federal Contract Tower,0,2,19,17,38,0,0,27,2,29,0,2,46,19,67,56,16,72,139
04/07/2018,BAZ,TX,ASW,CE,Federal Contract Tower,0,3,3,8,14,0,3,6,4,13,0,6,9,12,27,4,20,24,51
04/08/2018,BAZ,TX,ASW,CE,Federal Contract Tower,0,2,11,5,18,0,2,36,3,41,0,4,47,8,59,48,26,74,133
04/09/2018,BAZ,TX,ASW,CE,Federal Contract Tower,0,0,16,8,24,0,0,3,0,3,0,0,19,8,27,4,2,6,33
04/10/2018,BAZ,TX,ASW,CE,Federal Contract Tower,0,0,17,4,21,0,0,78,0,78,0,0,95,4,99,142,0,142,241
04/11/2018,BAZ,TX,ASW,CE,Federal Contract Tower,0,0,14,2,16,0,0,69,0,69,0,0,83,2,85,148,0,148,233
04/12/2018,BAZ,TX,ASW,CE,Federal Contract Tower,0,0,20,6,26,0,2,25,2,29,0,2,45,8,55,108,4,112,167
04/13/2018,BAZ,TX,ASW,CE,Federal Contract Tower,0,0,17,8,25,0,12,27,2,41,0,12,44,10,66,76,20,96,162
04/14/2018,BAZ,TX,ASW,CE,Federal Contract Tower,0,0,3,0,3,0,2,20,2,24,0,2,23,2,27,34,0,34,61
04/15/2018,BAZ,TX,ASW,CE,Federal Contract Tower,0,1,13,4,18,0,0,56,0,56,0,1,69,4,74,44,0,44,118
04/16/2018,BAZ,TX,ASW,CE,Federal Contract Tower,0,1,8,2,11,0,1,59,0,60,0,2,67,2,71,70,0,70,141
04/17/2018,BAZ,TX,ASW,CE,Federal Contract Tower,0,2,14,7,23,0,2,54,3,59,0,4,68,10,82,146,12,158,240
04/18/2018,BAZ,TX,ASW,CE,Federal Contract Tower,0,0,18,6,24,0,2,24,0,26,0,2,42,6,50,56,2,58,108
04/19/2018,BAZ,TX,ASW,CE,Federal Contract Tower,0,3,16,2,21,0,0,41,0,41,0,3,57,2,62,40,0,40,102
04/20/2018,BAZ,TX,ASW,CE,Federal Contract Tower,0,2,16,14,32,0,0,54,2,56,0,2,70,16,88,60,46,106,194
04/21/2018,BAZ,TX,ASW,CE,Federal Contract Tower,0,0,9,0,9,0,0,0,0,0,0,0,9,0,9,0,0,0,9
04/22/2018,BAZ,TX,ASW,CE,Federal Contract Tower,0,0,13,2,15,0,0,59,0,59,0,0,72,2,74,68,0,68,142
04/23/2018,BAZ,TX,ASW,CE,Federal Contract Tower,0,0,30,4,34,0,2,44,3,49,0,2,74,7,83,114,14,128,211
04/24/2018,BAZ,TX,ASW,CE,Federal Contract Tower,0,0,21,8,29,0,1,53,2,56,0,1,74,10,85,94,4,98,183
04/25/2018,BAZ,TX,ASW,CE,Federal Contract Tower,0,1,20,6,27,0,1,40,2,43,0,2,60,8,70,66,12,78,148
04/26/2018,BAZ,TX,ASW,CE,Federal Contract Tower,0,2,12,21,35,0,2,70,2,74,0,4,82,23,109,128,12,140,249
04/27/2018,BAZ,TX,ASW,CE,Federal Contract Tower,0,0,10,18,28,0,2,63,0,65,0,2,73,18,93,124,10,134,227
04/28/2018,BAZ,TX,ASW,CE,Federal Contract Tower,0,0,9,0,9,0,2,98,0,100,0,2,107,0,109,118,0,118,227
04/29/2018,BAZ,TX,ASW,CE,Federal Contract Tower,0,1,15,0,16,0,2,50,2,54,0,3,65,2,70,72,22,94,164
04/30/2018,BAZ,TX,ASW,CE,Federal Contract Tower,0,0,12,20,32,0,2,23,0,25,0,2,35,20,57,52,0,52,109
05/01/2018,BAZ,TX,ASW,CE,Federal Contract Tower,0,0,9,2,11,0,1,1,0,2,0,1,10,2,13,0,0,0,13
05/02/2018,BAZ,TX,ASW,CE,Federal Contract Tower,0,0,25,8,33,0,0,10,0,10,0,0,35,8,43,20,4,24,67
05/03/2018,BAZ,TX,ASW,CE,Federal Contract Tower,0,0,29,14,43,0,2,12,0,14,0,2,41,14,57,20,2,22,79
05/04/2018,BAZ,TX,ASW,CE,Federal Contract Tower,0,0,4,0,4,0,0,3,0,3,0,0,7,0,7,0,0,0,7
05/05/2018,BAZ,TX,ASW,CE,Federal Contract Tower,0,0,13,0,13,0,4,73,3,80,0,4,86,3,93,122,16,138,231
05/06/2018,BAZ,TX,ASW,CE,Federal Contract Tower,0,0,12,0,12,0,0,49,0,49,0,0,61,0,61,50,0,50,111
05/07/2018,BAZ,TX,ASW,CE,Federal Contract Tower,0,0,15,2,17,0,0,62,0,62,0,0,77,2,79,122,0,122,201
05/08/2018,BAZ,TX,ASW,CE,Federal Contract Tower,0,0,9,0,9,0,2,44,0,46,0,2,53,0,55,35,0,35,90
05/09/2018,BAZ,TX,ASW,CE,Federal Contract Tower,0,0,15,6,21,0,0,51,6,57,0,0,66,12,78,40,0,40,118
05/10/2018,BAZ,TX,ASW,CE,Federal Contract Tower,0,0,16,18,34,0,2,43,0,45,0,2,59,18,79,52,6,58,137
05/11/2018,BAZ,TX,ASW,CE,Federal Contract Tower,0,0,8,6,14,0,4,48,0,52,0,4,56,6,66,48,6,54,120
05/12/2018,BAZ,TX,ASW,CE,Federal Contract Tower,0,0,6,0,6,0,0,35,0,35,0,0,41,0,41,32,0,32,73
05/13/2018,BAZ,TX,ASW,CE,Federal Contract Tower,0,0,16,0,16,0,0,27,0,27,0,0,43,0,43,38,0,38,81
05/14/2018,BAZ,TX,ASW,CE,Federal Contract Tower,0,0,4,11,15,0,6,32,0,38,0,6,36,11,53,38,0,38,91
05/15/2018,BAZ,TX,ASW,CE,Federal Contract Tower,0,0,16,1,17,0,0,49,1,50,0,0,65,2,67,42,12,54,121
05/16/2018,BAZ,TX,ASW,CE,Federal Contract Tower,0,0,15,0,15,0,1,50,0,51,0,1,65,0,66,106,0,106,172
05/17/2018,BAZ,TX,ASW,CE,Federal Contract Tower,0,4,9,2,15,0,6,55,0,61,0,10,64,2,76,158,2,160,236
05/18/2018,BAZ,TX,ASW,CE,Federal Contract Tower,0,0,17,1,18,0,0,48,1,49,0,0,65,2,67,80,2,82,149
05/19/2018,BAZ,TX,ASW,CE,Federal Contract Tower,0,0,10,4,14,0,2,43,0,45,0,2,53,4,59,110,4,114,173
05/20/2018,BAZ,TX,ASW,CE,Federal Contract Tower,0,1,14,0,15,0,0,7,2,9,0,1,21,2,24,6,8,14,38
05/21/2018,BAZ,TX,ASW,CE,Federal Contract Tower,0,0,15,6,21,0,2,35,0,37,0,2,50,6,58,34,0,34,92
05/22/2018,BAZ,TX,ASW,CE,Federal Contract Tower,0,0,15,8,23,0,6,34,0,40,0,6,49,8,63,120,4,124,187
05/23/2018,BAZ,TX,ASW,CE,Federal Contract Tower,0,1,14,4,19,0,2,33,0,35,0,3,47,4,54,56,0,56,110
05/24/2018,BAZ,TX,ASW,CE,Federal Contract Tower,0,6,17,2,25,0,1,41,0,42,0,7,58,2,67,72,0,72,139
05/26/2018,BAZ,TX,ASW,CE,Federal Contract Tower,0,0,16,0,16,0,5,69,0,74,0,5,85,0,90,110,0,110,200
05/27/2018,BAZ,TX,ASW,CE,Federal Contract Tower,0,0,3,4,7,0,0,25,0,25,0,0,28,4,32,14,0,14,46
05/28/2018,BAZ,TX,ASW,CE,Federal Contract Tower,0,2,14,6,22,0,0,55,1,56,0,2,69,7,78,78,12,90,168
05/29/2018,BAZ,TX,ASW,CE,Federal Contract Tower,0,0,12,4,16,0,0,50,0,50,0,0,62,4,66,132,0,132,198
05/30/2018,BAZ,TX,ASW,CE,Federal Contract Tower,0,0,10,4,14,0,2,30,0,32,0,2,40,4,46,64,0,64,110
05/31/2018,BAZ,TX,ASW,CE,Federal Contract Tower,0,0,22,10,32,0,2,34,0,36,0,2,56,10,68,44,16,60,128
06/01/2018,BAZ,TX,ASW,CE,Federal Contract Tower,0,0,19,2,21,0,4,39,0,43,0,4,58,2,64,62,0,62,126
06/02/2018,BAZ,TX,ASW,CE,Federal Contract Tower,0,2,11,6,19,0,4,54,2,60,0,6,65,8,79,104,20,124,203
06/03/2018,BAZ,TX,ASW,CE,Federal Contract Tower,0,0,6,0,6,0,0,19,0,19,0,0,25,0,25,2,0,2,27
06/04/2018,BAZ,TX,ASW,CE,Federal Contract Tower,0,2,16,4,22,0,1,29,2,32,0,3,45,6,54,60,6,66,120
06/05/2018,BAZ,TX,ASW,CE,Federal Contract Tower,0,2,22,0,24,0,0,37,0,37,0,2,59,0,61,66,0,66,127
06/06/2018,BAZ,TX,ASW,CE,Federal Contract Tower,0,0,9,8,17,0,1,53,0,54,0,1,62,8,71,130,4,134,205
06/07/2018,BAZ,TX,ASW,CE,Federal Contract Tower,0,0,12,12,24,0,4,48,0,52,0,4,60,12,76,76,0,76,152
06/08/2018,BAZ,TX,ASW,CE,Federal Contract Tower,0,0,18,2,20,0,4,45,0,49,0,4,63,2,69,42,2,44,113
06/09/2018,BAZ,TX,ASW,CE,Federal Contract Tower,0,0,12,0,12,0,1,48,0,49,0,1,60,0,61,108,0,108,169
06/10/2018,BAZ,TX,ASW,CE,Federal Contract Tower,0,1,23,0,24,0,1,23,0,24,0,2,46,0,48,46,0,46,94
06/11/2018,BAZ,TX,ASW,CE,Federal Contract Tower,0,0,12,8,20,0,7,41,0,48,0,7,53,8,68,60,0,60,128
06/12/2018,BAZ,TX,ASW,CE,Federal Contract Tower,0,6,16,10,32,0,3,36,4,43,0,9,52,14,75,122,22,144,219
06/13/2018,BAZ,TX,ASW,CE,Federal Contract Tower,0,0,15,2,17,0,0,42,0,42,0,0,57,2,59,90,2,92,151
06/14/2018,BAZ,TX,ASW,CE,Federal Contract Tower,0,0,25,5,30,0,2,66,0,68,0,2,91,5,98,128,2,130,228
06/15/2018,BAZ,TX,ASW,CE,Federal Contract Tower,0,2,8,8,18,0,5,20,0,25,0,7,28,8,43,18,18,36,79
06/16/2018,BAZ,TX,ASW,CE,Federal Contract Tower,0,0,8,0,8,0,0,23,0,23,0,0,31,0,31,52,0,52,83
06/17/2018,BAZ,TX,ASW,CE,Federal Contract Tower,0,2,6,0,8,0,0,17,0,17,0,2,23,0,25,42,0,42,67
06/18/2018,BAZ,TX,ASW,CE,Federal Contract Tower,0,0,10,4,14,0,0,13,0,13,0,0,23,4,27,26,6,32,59
06/19/2018,BAZ,TX,ASW,CE,Federal Contract Tower,0,0,3,0,3,0,0,1,0,1,0,0,4,0,4,0,0,0,4
06/20/2018,BAZ,TX,ASW,CE,Federal Contract Tower,0,1,5,0,6,0,2,13,0,15,0,3,18,0,21,14,0,14,35
06/21/2018,BAZ,TX,ASW,CE,Federal Contract Tower,0,2,23,8,33,0,3,53,0,56,0,5,76,8,89,46,2,48,137
06/22/2018,BAZ,TX,ASW,CE,Federal Contract Tower,0,2,15,0,17,0,2,48,0,50,0,4,63,0,67,74,0,74,141
06/23/2018,BAZ,TX,ASW,CE,Federal Contract Tower,0,1,11,0,12,0,2,54,0,56,0,3,65,0,68,100,0,100,168
06/24/2018,BAZ,TX,ASW,CE,Federal Contract Tower,0,1,10,0,11,0,2,48,0,50,0,3,58,0,61,98,0,98,159
06/25/2018,BAZ,TX,ASW,CE,Federal Contract Tower,0,3,7,0,10,0,2,40,0,42,0,5,47,0,52,96,0,96,148
06/26/2018,BAZ,TX,ASW,CE,Federal Contract Tower,0,3,15,6,24,0,2,42,0,44,0,5,57,6,68,138,0,138,206
06/27/2018,BAZ,TX,ASW,CE,Federal Contract Tower,0,0,30,2,32,0,4,57,2,63,0,4,87,4,95,126,0,126,221
06/28/2018,BAZ,TX,ASW,CE,Federal Contract Tower,0,1,18,12,31,0,0,53,0,53,0,1,71,12,84,184,0,184,268
06/29/2018,BAZ,TX,ASW,CE,Federal Contract Tower,0,2,10,0,12,0,3,48,0,51,0,5,58,0,63,150,0,150,213
06/30/2018,BAZ,TX,ASW,CE,Federal Contract Tower,0,0,18,0,18,0,4,37,0,41,0,4,55,0,59,58,0,58,117
07/01/2018,BAZ,TX,ASW,CE,Federal Contract Tower,0,2,3,0,5,0,0,40,0,40,0,2,43,0,45,60,0,60,105
07/02/2018,BAZ,TX,ASW,CE,Federal Contract Tower,0,0,4,9,13,0,0,58,0,58,0,0,62,9,71,156,10,166,237
07/03/2018,BAZ,TX,ASW,CE,Federal Contract Tower,0,7,9,0,16,0,6,66,0,72,0,13,75,0,88,68,0,68,156
07/04/2018,BAZ,TX,ASW,CE,Federal Contract Tower,0,0,2,0,2,0,2,43,0,45,0,2,45,0,47,80,0,80,127
07/05/2018,BAZ,TX,ASW,CE,Federal Contract Tower,0,2,18,0,20,0,4,54,0,58,0,6,72,0,78,104,0,104,182
07/06/2018,BAZ,TX,ASW,CE,Federal Contract Tower,0,0,6,4,10,0,1,33,0,34,0,1,39,4,44,78,0,78,122
07/07/2018,BAZ,TX,ASW,CE,Federal Contract Tower,0,0,10,0,10,0,2,40,0,42,0,2,50,0,52,42,0,42,94
07/08/2018,BAZ,TX,ASW,CE,Federal Contract Tower,0,0,15,0,15,0,2,19,0,21,0,2,34,0,36,56,0,56,92
07/09/2018,BAZ,TX,ASW,CE,Federal Contract Tower,0,2,18,4,24,0,0,7,0,7,0,2,25,4,31,22,0,22,53
07/10/2018,BAZ,TX,ASW,CE,Federal Contract Tower,0,0,22,6,28,0,2,67,0,69,0,2,89,6,97,168,0,168,265
07/11/2018,BAZ,TX,ASW,CE,Federal Contract Tower,0,0,11,18,29,0,5,45,0,50,0,5,56,18,79,62,4,66,145
07/12/2018,BAZ,TX,ASW,CE,Federal Contract Tower,0,0,32,18,50,0,0,47,2,49,0,0,79,20,99,86,10,96,195
07/13/2018,BAZ,TX,ASW,CE,Federal Contract Tower,0,0,19,13,32,0,2,55,1,58,0,2,74,14,90,70,10,80,170
07/14/2018,BAZ,TX,ASW,CE,Federal Contract Tower,0,0,14,4,18,0,4,45,2,51,0,4,59,6,69,84,0,84,153
07/15/2018,BAZ,TX,ASW,CE,Federal Contract Tower,0,1,9,0,10,0,1,34,2,37,0,2,43,2,47,46,10,56,103
07/16/2018,BAZ,TX,ASW,CE,Federal Contract Tower,0,2,11,10,23,0,5,54,0,59,0,7,65,10,82,82,2,84,166
07/17/2018,BAZ,TX,ASW,CE,Federal Contract Tower,0,0,15,6,21,0,1,46,0,47,0,1,61,6,68,86,2,88,156
07/18/2018,BAZ,TX,ASW,CE,Federal Contract Tower,0,0,12,3,15,0,0,35,1,36,0,0,47,4,51,94,20,114,165
07/19/2018,BAZ,TX,ASW,CE,Federal Contract Tower,0,5,12,2,19,0,5,47,0,52,0,10,59,2,71,66,10,76,147
07/20/2018,BAZ,TX,ASW,CE,Federal Contract Tower,0,0,22,0,22,0,0,85,0,85,0,0,107,0,107,116,0,116,223
07/21/2018,BAZ,TX,ASW,CE,Federal Contract Tower,0,0,7,0,7,0,4,50,0,54,0,4,57,0,61,78,0,78,139
07/22/2018,BAZ,TX,ASW,CE,Federal Contract Tower,0,2,17,0,19,0,3,17,0,20,0,5,34,0,39,22,0,22,61
07/23/2018,BAZ,TX,ASW,CE,Federal Contract Tower,0,2,7,6,15,0,4,52,1,57,0,6,59,7,72,78,0,78,150
07/24/2018,BAZ,TX,ASW,CE,Federal Contract Tower,0,6,33,2,41,0,0,49,0,49,0,6,82,2,90,108,6,114,204
07/25/2018,BAZ,TX,ASW,CE,Federal Contract Tower,0,1,10,0,11,0,2,62,0,64,0,3,72,0,75,134,0,134,209
07/26/2018,BAZ,TX,ASW,CE,Federal Contract Tower,0,1,12,4,17,0,6,60,4,70,0,7,72,8,87,118,16,134,221
07/27/2018,BAZ,TX,ASW,CE,Federal Contract Tower,0,5,21,2,28,0,3,54,0,57,0,8,75,2,85,68,2,70,155
07/28/2018,BAZ,TX,ASW,CE,Federal Contract Tower,0,0,16,2,18,0,1,69,0,70,0,1,85,2,88,120,2,122,210
07/29/2018,BAZ,TX,ASW,CE,Federal Contract Tower,0,2,18,10,30,0,0,33,0,33,0,2,51,10,63,112,10,122,185
07/30/2018,BAZ,TX,ASW,CE,Federal Contract Tower,0,0,12,8,20,0,0,47,0,47,0,0,59,8,67,110,6,116,183
07/31/2018,BAZ,TX,ASW,CE,Federal Contract Tower,0,0,16,3,19,0,4,48,1,53,0,4,64,4,72,94,16,110,182
08/01/2018,BAZ,TX,ASW,CE,Federal Contract Tower,0,0,10,0,10,0,2,57,0,59,0,2,67,0,69,72,0,72,141
08/02/2018,BAZ,TX,ASW,CE,Federal Contract Tower,0,0,21,0,21,0,1,52,0,53,0,1,73,0,74,150,0,150,224
08/03/2018,BAZ,TX,ASW,CE,Federal Contract Tower,0,4,20,0,24,0,8,66,1,75,0,12,86,1,99,120,14,134,233
08/04/2018,BAZ,TX,ASW,CE,Federal Contract Tower,0,0,18,6,24,0,1,50,0,51,0,1,68,6,75,74,6,80,155
08/05/2018,BAZ,TX,ASW,CE,Federal Contract Tower,0,0,17,4,21,0,0,28,0,28,0,0,45,4,49,42,4,46,95
08/06/2018,BAZ,TX,ASW,CE,Federal Contract Tower,0,2,21,6,29,0,1,38,0,39,0,3,59,6,68,142,4,146,214
08/07/2018,BAZ,TX,ASW,CE,Federal Contract Tower,0,0,27,2,29,0,1,56,0,57,0,1,83,2,86,116,2,118,204
08/08/2018,BAZ,TX,ASW,CE,Federal Contract Tower,0,0,12,10,22,0,0,48,0,48,0,0,60,10,70,120,0,120,190
08/09/2018,BAZ,TX,ASW,CE,Federal Contract Tower,0,2,14,5,21,0,6,51,1,58,0,8,65,6,79,152,16,168,247
08/10/2018,BAZ,TX,ASW,CE,Federal Contract Tower,0,0,11,3,14,0,2,55,1,58,0,2,66,4,72,50,0,50,122
08/11/2018,BAZ,TX,ASW,CE,Federal Contract Tower,0,2,12,0,14,0,4,38,0,42,0,6,50,0,56,94,0,94,150
08/12/2018,BAZ,TX,ASW,CE,Federal Contract Tower,0,0,11,0,11,0,0,9,0,9,0,0,20,0,20,14,0,14,34
08/13/2018,BAZ,TX,ASW,CE,Federal Contract Tower,0,0,10,4,14,0,2,17,0,19,0,2,27,4,33,44,2,46,79
08/14/2018,BAZ,TX,ASW,CE,Federal Contract Tower,0,0,5,4,9,0,4,43,0,47,0,4,48,4,56,68,0,68,124
08/15/2018,BAZ,TX,ASW,CE,Federal Contract Tower,0,0,20,10,30,0,2,43,2,47,0,2,63,12,77,116,0,116,193
08/16/2018,BAZ,TX,ASW,CE,Federal Contract Tower,0,0,10,8,18,0,2,52,2,56,0,2,62,10,74,100,0,100,174
08/17/2018,BAZ,TX,ASW,CE,Federal Contract Tower,0,1,13,0,14,0,4,55,0,59,0,5,68,0,73,120,0,120,193
08/18/2018,BAZ,TX,ASW,CE,Federal Contract Tower,0,2,7,0,9,0,2,70,0,72,0,4,77,0,81,76,0,76,157
08/19/2018,BAZ,TX,ASW,CE,Federal Contract Tower,0,0,7,6,13,0,2,35,0,37,0,2,42,6,50,6,6,12,62
08/20/2018,BAZ,TX,ASW,CE,Federal Contract Tower,0,0,10,8,18,0,2,59,2,63,0,2,69,10,81,62,22,84,165
08/21/2018,BAZ,TX,ASW,CE,Federal Contract Tower,0,1,13,11,25,0,1,50,2,53,0,2,63,13,78,76,2,78,156
08/22/2018,BAZ,TX,ASW,CE,Federal Contract Tower,0,1,9,10,20,0,3,42,0,45,0,4,51,10,65,62,12,74,139
08/23/2018,BAZ,TX,ASW,CE,Federal Contract Tower,0,2,13,1,16,0,0,41,0,41,0,2,54,1,57,126,0,126,183
08/24/2018,BAZ,TX,ASW,CE,Federal Contract Tower,0,2,5,4,11,0,4,53,0,57,0,6,58,4,68,72,6,78,146
08/25/2018,BAZ,TX,ASW,CE,Federal Contract Tower,0,0,6,0,6,0,4,47,0,51,0,4,53,0,57,68,0,68,125
08/26/2018,BAZ,TX,ASW,CE,Federal Contract Tower,0,0,9,0,9,0,2,37,0,39,0,2,46,0,48,38,0,38,86
08/27/2018,BAZ,TX,ASW,CE,Federal Contract Tower,0,3,11,12,26,0,2,51,0,53,0,5,62,12,79,56,6,62,141
08/28/2018,BAZ,TX,ASW,CE,Federal Contract Tower,0,0,15,6,21,0,1,35,0,36,0,1,50,6,57,60,4,64,121
08/29/2018,BAZ,TX,ASW,CE,Federal Contract Tower,0,1,18,11,30,0,0,26,4,30,0,1,44,15,60,38,62,100,160
08/30/2018,BAZ,TX,ASW,CE,Federal Contract Tower,0,2,20,8,30,0,3,26,0,29,0,5,46,8,59,16,8,24,83
08/31/2018,BAZ,TX,ASW,CE,Federal Contract Tower,0,0,22,0,22,0,5,59,0,64,0,5,81,0,86,76,0,76,162
09/01/2018,BAZ,TX,ASW,CE,Federal Contract Tower,0,2,9,0,11,0,6,77,0,83,0,8,86,0,94,124,0,124,218
09/02/2018,BAZ,TX,ASW,CE,Federal Contract Tower,0,0,8,0,8,0,0,32,0,32,0,0,40,0,40,46,0,46,86
09/03/2018,BAZ,TX,ASW,CE,Federal Contract Tower,0,0,7,0,7,0,0,35,0,35,0,0,42,0,42,56,0,56,98
09/04/2018,BAZ,TX,ASW,CE,Federal Contract Tower,0,1,4,0,5,0,1,19,0,20,0,2,23,0,25,32,0,32,57
09/05/2018,BAZ,TX,ASW,CE,Federal Contract Tower,0,0,11,4,15,0,0,12,0,12,0,0,23,4,27,50,0,50,77
09/06/2018,BAZ,TX,ASW,CE,Federal Contract Tower,0,0,25,7,32,0,0,16,0,16,0,0,41,7,48,44,10,54,102
09/07/2018,BAZ,TX,ASW,CE,Federal Contract Tower,0,0,12,1,13,0,0,16,0,16,0,0,28,1,29,20,0,20,49
09/08/2018,BAZ,TX,ASW,CE,Federal Contract Tower,0,0,19,4,23,0,0,28,0,28,0,0,47,4,51,78,0,78,129
09/09/2018,BAZ,TX,ASW,CE,Federal Contract Tower,0,2,4,0,6,0,0,2,0,2,0,2,6,0,8,0,0,0,8
09/10/2018,BAZ,TX,ASW,CE,Federal Contract Tower,0,0,9,0,9,0,0,4,0,4,0,0,13,0,13,12,0,12,25
09/11/2018,BAZ,TX,ASW,CE,Federal Contract Tower,0,0,16,2,18,0,0,16,0,16,0,0,32,2,34,54,2,56,90
09/12/2018,BAZ,TX,ASW,CE,Federal Contract Tower,0,0,15,0,15,0,2,19,2,23,0,2,34,2,38,34,6,40,78
09/13/2018,BAZ,TX,ASW,CE,Federal Contract Tower,0,0,14,4,18,0,2,21,0,23,0,2,35,4,41,68,0,68,109
09/14/2018,BAZ,TX,ASW,CE,Federal Contract Tower,0,0,9,0,9,0,0,5,0,5,0,0,14,0,14,0,0,0,14
09/15/2018,BAZ,TX,ASW,CE,Federal Contract Tower,0,2,0,0,2,0,0,0,0,0,0,2,0,0,2,0,0,0,2
09/16/2018,BAZ,TX,ASW,CE,Federal Contract Tower,0,0,16,0,16,0,0,9,0,9,0,0,25,0,25,38,0,38,63
09/17/2018,BAZ,TX,ASW,CE,Federal Contract Tower,0,2,13,6,21,0,3,58,2,63,0,5,71,8,84,114,20,134,218
09/18/2018,BAZ,TX,ASW,CE,Federal Contract Tower,0,0,19,8,27,0,3,31,0,34,0,3,50,8,61,38,8,46,107
09/19/2018,BAZ,TX,ASW,CE,Federal Contract Tower,0,0,21,0,21,0,0,55,0,55,0,0,76,0,76,104,0,104,180
09/20/2018,BAZ,TX,ASW,CE,Federal Contract Tower,0,0,11,0,11,0,0,17,0,17,0,0,28,0,28,22,0,22,50
09/21/2018,BAZ,TX,ASW,CE,Federal Contract Tower,0,0,13,10,23,0,3,39,0,42,0,3,52,10,65,102,4,106,171
09/22/2018,BAZ,TX,ASW,CE,Federal Contract Tower,0,0,6,3,9,0,1,39,0,40,0,1,45,3,49,68,0,68,117
09/23/2018,BAZ,TX,ASW,CE,Federal Contract Tower,0,0,15,0,15,0,2,18,0,20,0,2,33,0,35,34,0,34,69
09/24/2018,BAZ,TX,ASW,CE,Federal Contract Tower,0,0,15,9,24,0,0,60,1,61,0,0,75,10,85,200,28,228,313
09/25/2018,BAZ,TX,ASW,CE,Federal Contract Tower,0,0,25,6,31,0,2,71,0,73,0,2,96,6,104,102,12,114,218
09/26/2018,BAZ,TX,ASW,CE,Federal Contract Tower,0,0,13,0,13,0,0,17,0,17,0,0,30,0,30,26,0,26,56
09/27/2018,BAZ,TX,ASW,CE,Federal Contract Tower,0,0,12,0,12,0,0,49,0,49,0,0,61,0,61,84,0,84,145
09/28/2018,BAZ,TX,ASW,CE,Federal Contract Tower,0,2,7,5,14,0,1,76,0,77,0,3,83,5,91,96,0,96,187
09/29/2018,BAZ,TX,ASW,CE,Federal Contract Tower,0,0,6,0,6,0,0,11,0,11,0,0,17,0,17,0,0,0,17
09/30/2018,BAZ,TX,ASW,CE,Federal Contract Tower,0,2,20,0,22,0,0,23,0,23,0,2,43,0,45,34,0,34,79
10/01/2018,BAZ,TX,ASW,CE,Federal Contract Tower,0,1,11,4,16,0,3,30,0,33,0,4,41,4,49,40,2,42,91
10/02/2018,BAZ,TX,ASW,CE,Federal Contract Tower,0,0,20,4,24,0,7,24,0,31,0,7,44,4,55,66,4,70,125
10/03/2018,BAZ,TX,ASW,CE,Federal Contract Tower,0,1,23,8,32,0,0,45,3,48,0,1,68,11,80,92,4,96,176
10/04/2018,BAZ,TX,ASW,CE,Federal Contract Tower,0,2,14,8,24,0,2,42,2,46,0,4,56,10,70,72,2,74,144
10/05/2018,BAZ,TX,ASW,CE,Federal Contract Tower,0,0,6,2,8,0,2,57,0,59,0,2,63,2,67,78,2,80,147
10/06/2018,BAZ,TX,ASW,CE,Federal Contract Tower,0,3,9,0,12,0,2,40,0,42,0,5,49,0,54,30,0,30,84
10/07/2018,BAZ,TX,ASW,CE,Federal Contract Tower,0,0,9,1,10,0,0,10,0,10,0,0,19,1,20,12,0,12,32
10/08/2018,BAZ,TX,ASW,CE,Federal Contract Tower,0,1,7,0,8,0,0,3,0,3,0,1,10,0,11,2,0,2,13
10/09/2018,BAZ,TX,ASW,CE,Federal Contract Tower,0,0,10,0,10,0,0,9,0,9,0,0,19,0,19,22,0,22,41
10/10/2018,BAZ,TX,ASW,CE,Federal Contract Tower,0,0,13,2,15,0,0,57,0,57,0,0,70,2,72,146,2,148,220
10/11/2018,BAZ,TX,ASW,CE,Federal Contract Tower,0,0,21,2,23,0,3,56,0,59,0,3,77,2,82,78,0,78,160
10/12/2018,BAZ,TX,ASW,CE,Federal Contract Tower,0,0,25,13,38,0,2,58,3,63,0,2,83,16,101,86,16,102,203
10/13/2018,BAZ,TX,ASW,CE,Federal Contract Tower,0,0,4,4,8,0,2,6,0,8,0,2,10,4,16,6,4,10,26
10/14/2018,BAZ,TX,ASW,CE,Federal Contract Tower,0,0,9,4,13,0,4,24,0,28,0,4,33,4,41,28,0,28,69
10/15/2018,BAZ,TX,ASW,CE,Federal Contract Tower,0,0,3,5,8,0,0,0,0,0,0,0,3,5,8,0,0,0,8
10/16/2018,BAZ,TX,ASW,CE,Federal Contract Tower,0,1,15,6,22,0,0,0,0,0,0,1,15,6,22,0,0,0,22
10/17/2018,BAZ,TX,ASW,CE,Federal Contract Tower,0,0,13,12,25,0,0,1,0,1,0,0,14,12,26,6,8,14,40
10/18/2018,BAZ,TX,ASW,CE,Federal Contract Tower,0,1,18,8,27,0,2,1,0,3,0,3,19,8,30,0,8,8,38
10/19/2018,BAZ,TX,ASW,CE,Federal Contract Tower,0,4,10,0,14,0,0,0,0,0,0,4,10,0,14,0,0,0,14
10/20/2018,BAZ,TX,ASW,CE,Federal Contract Tower,0,0,22,0,22,0,7,25,0,32,0,7,47,0,54,88,0,88,142
10/21/2018,BAZ,TX,ASW,CE,Federal Contract Tower,0,4,24,0,28,0,0,72,0,72,0,4,96,0,100,108,0,108,208
10/22/2018,BAZ,TX,ASW,CE,Federal Contract Tower,0,4,15,2,21,0,0,33,0,33,0,4,48,2,54,56,0,56,110
10/23/2018,BAZ,TX,ASW,CE,Federal Contract Tower,0,0,17,4,21,0,2,17,2,21,0,2,34,6,42,48,2,50,92
10/24/2018,BAZ,TX,ASW,CE,Federal Contract Tower,0,2,11,0,13,0,0,0,0,0,0,2,11,0,13,0,0,0,13
10/25/2018,BAZ,TX,ASW,CE,Federal Contract Tower,0,1,26,6,33,0,2,33,0,35,0,3,59,6,68,70,0,70,138
10/26/2018,BAZ,TX,ASW,CE,Federal Contract Tower,0,1,17,0,18,0,0,75,0,75,0,1,92,0,93,78,0,78,171
10/27/2018,BAZ,TX,ASW,CE,Federal Contract Tower,0,2,27,0,29,0,4,103,0,107,0,6,130,0,136,148,0,148,284
10/28/2018,BAZ,TX,ASW,CE,Federal Contract Tower,0,0,14,0,14,0,0,91,0,91,0,0,105,0,105,100,0,100,205
10/29/2018,BAZ,TX,ASW,CE,Federal Contract Tower,0,0,11,0,11,0,0,54,0,54,0,0,65,0,65,88,0,88,153
10/30/2018,BAZ,TX,ASW,CE,Federal Contract Tower,0,0,24,4,28,0,4,35,2,41,0,4,59,6,69,80,22,102,171
10/31/2018,BAZ,TX,ASW,CE,Federal Contract Tower,0,1,22,2,25,0,1,15,0,16,0,2,37,2,41,22,2,24,65
11/01/2018,BAZ,TX,ASW,CE,Federal Contract Tower,0,0,14,0,14,0,6,92,2,100,0,6,106,2,114,130,2,132,246
11/02/2018,BAZ,TX,ASW,CE,Federal Contract Tower,0,0,9,6,15,0,0,119,3,122,0,0,128,9,137,214,0,214,351
11/03/2018,BAZ,TX,ASW,CE,Federal Contract Tower,0,0,6,0,6,0,2,65,0,67,0,2,71,0,73,78,0,78,151
11/04/2018,BAZ,TX,ASW,CE,Federal Contract Tower,0,2,14,0,16,0,0,43,0,43,0,2,57,0,59,92,0,92,151
11/05/2018,BAZ,TX,ASW,CE,Federal Contract Tower,0,3,15,8,26,0,0,41,0,41,0,3,56,8,67,84,0,84,151
11/06/2018,BAZ,TX,ASW,CE,Federal Contract Tower,0,2,16,2,20,0,1,21,0,22,0,3,37,2,42,78,0,78,120
11/07/2018,BAZ,TX,ASW,CE,Federal Contract Tower,0,1,10,16,27,0,20,41,2,63,0,21,51,18,90,148,38,186,276
11/08/2018,BAZ,TX,ASW,CE,Federal Contract Tower,0,1,17,10,28,0,0,0,0,0,0,1,17,10,28,0,2,2,30
11/09/2018,BAZ,TX,ASW,CE,Federal Contract Tower,0,1,9,0,10,0,0,21,0,21,0,1,30,0,31,40,0,40,71
11/10/2018,BAZ,TX,ASW,CE,Federal Contract Tower,0,0,13,0,13,0,2,60,0,62,0,2,73,0,75,118,0,118,193
11/11/2018,BAZ,TX,ASW,CE,Federal Contract Tower,0,0,16,0,16,0,0,19,0,19,0,0,35,0,35,0,0,0,35
11/12/2018,BAZ,TX,ASW,CE,Federal Contract Tower,0,0,3,0,3,0,2,0,0,2,0,2,3,0,5,0,0,0,5
11/13/2018,BAZ,TX,ASW,CE,Federal Contract Tower,0,2,11,8,21,0,2,42,1,45,0,4,53,9,66,112,10,122,188
11/14/2018,BAZ,TX,ASW,CE,Federal Contract Tower,0,1,21,8,30,0,2,87,0,89,0,3,108,8,119,170,4,174,293
11/15/2018,BAZ,TX,ASW,CE,Federal Contract Tower,0,0,13,2,15,0,3,81,0,84,0,3,94,2,99,134,2,136,235
11/16/2018,BAZ,TX,ASW,CE,Federal Contract Tower,0,0,14,4,18,0,2,97,0,99,0,2,111,4,117,118,6,124,241
11/17/2018,BAZ,TX,ASW,CE,Federal Contract Tower,0,0,14,4,18,0,4,94,0,98,0,4,108,4,116,120,8,128,244
11/18/2018,BAZ,TX,ASW,CE,Federal Contract Tower,0,0,12,2,14,0,4,9,0,13,0,4,21,2,27,2,2,4,31
11/19/2018,BAZ,TX,ASW,CE,Federal Contract Tower,0,0,16,14,30,0,1,37,0,38,0,1,53,14,68,64,6,70,138
11/20/2018,BAZ,TX,ASW,CE,Federal Contract Tower,0,0,11,2,13,0,2,120,0,122,0,2,131,2,135,156,4,160,295
11/21/2018,BAZ,TX,ASW,CE,Federal Contract Tower,0,0,10,0,10,0,4,54,0,58,0,4,64,0,68,110,0,110,178
11/22/2018,BAZ,TX,ASW,CE,Federal Contract Tower,0,1,4,0,5,0,6,17,0,23,0,7,21,0,28,42,0,42,70
11/23/2018,BAZ,TX,ASW,CE,Federal Contract Tower,0,1,12,0,13,0,2,54,0,56,0,3,66,0,69,50,0,50,119
11/24/2018,BAZ,TX,ASW,CE,Federal Contract Tower,0,0,13,0,13,0,3,103,0,106,0,3,116,0,119,140,0,140,259
11/25/2018,BAZ,TX,ASW,CE,Federal Contract Tower,0,0,10,0,10,0,1,27,0,28,0,1,37,0,38,28,0,28,66
11/26/2018,BAZ,TX,ASW,CE,Federal Contract Tower,0,0,15,0,15,0,0,61,0,61,0,0,76,0,76,106,0,106,182
11/27/2018,BAZ,TX,ASW,CE,Federal Contract Tower,0,0,13,11,24,0,3,54,0,57,0,3,67,11,81,80,0,80,161
11/28/2018,BAZ,TX,ASW,CE,Federal Contract Tower,0,0,11,8,19,0,0,76,0,76,0,0,87,8,95,144,8,152,247
11/29/2018,BAZ,TX,ASW,CE,Federal Contract Tower,0,0,11,4,15,0,3,25,2,30,0,3,36,6,45,98,4,102,147
11/30/2018,BAZ,TX,ASW,CE,Federal Contract Tower,0,0,22,0,22,0,1,28,0,29,0,1,50,0,51,88,0,88,139
12/01/2018,BAZ,TX,ASW,CE,Federal Contract Tower,0,0,12,4,16,0,0,65,0,65,0,0,77,4,81,74,4,78,159
12/02/2018,BAZ,TX,ASW,CE,Federal Contract Tower,0,0,11,0,11,0,2,95,0,97,0,2,106,0,108,170,2,172,280
12/03/2018,BAZ,TX,ASW,CE,Federal Contract Tower,0,0,6,3,9,0,0,57,1,58,0,0,63,4,67,102,12,114,181
12/04/2018,BAZ,TX,ASW,CE,Federal Contract Tower,0,0,22,0,22,0,2,69,0,71,0,2,91,0,93,110,0,110,203
12/05/2018,BAZ,TX,ASW,CE,Federal Contract Tower,0,0,12,0,12,0,0,53,0,53,0,0,65,0,65,98,0,98,163
12/06/2018,BAZ,TX,ASW,CE,Federal Contract Tower,0,0,25,8,33,0,0,1,0,1,0,0,26,8,34,0,8,8,42
12/07/2018,BAZ,TX,ASW,CE,Federal Contract Tower,0,2,8,4,14,0,0,0,0,0,0,2,8,4,14,0,0,0,14
12/08/2018,BAZ,TX,ASW,CE,Federal Contract Tower,0,2,4,0,6,0,5,16,0,21,0,7,20,0,27,58,0,58,85
12/09/2018,BAZ,TX,ASW,CE,Federal Contract Tower,0,1,14,0,15,0,2,60,0,62,0,3,74,0,77,92,0,92,169
12/10/2018,BAZ,TX,ASW,CE,Federal Contract Tower,0,1,18,0,19,0,2,72,4,78,0,3,90,4,97,144,4,148,245
12/11/2018,BAZ,TX,ASW,CE,Federal Contract Tower,0,3,16,5,24,0,4,67,3,74,0,7,83,8,98,96,16,112,210
12/12/2018,BAZ,TX,ASW,CE,Federal Contract Tower,0,1,16,8,25,0,2,47,2,51,0,3,63,10,76,88,0,88,164
12/13/2018,BAZ,TX,ASW,CE,Federal Contract Tower,0,3,8,2,13,0,2,26,0,28,0,5,34,2,41,14,0,14,55
12/14/2018,BAZ,TX,ASW,CE,Federal Contract Tower,0,0,9,10,19,0,6,19,2,27,0,6,28,12,46,16,8,24,70
12/15/2018,BAZ,TX,ASW,CE,Federal Contract Tower,0,0,11,0,11,0,2,103,0,105,0,2,114,0,116,134,0,134,250
12/16/2018,BAZ,TX,ASW,CE,Federal Contract Tower,0,0,10,0,10,0,1,67,0,68,0,1,77,0,78,86,0,86,164
12/17/2018,BAZ,TX,ASW,CE,Federal Contract Tower,0,0,24,12,36,0,6,62,0,68,0,6,86,12,104,128,6,134,238
12/18/2018,BAZ,TX,ASW,CE,Federal Contract Tower,0,1,24,4,29,0,0,34,2,36,0,1,58,6,65,2,18,20,85
12/19/2018,BAZ,TX,ASW,CE,Federal Contract Tower,0,4,10,4,18,0,7,30,0,37,0,11,40,4,55,48,0,48,103
12/20/2018,BAZ,TX,ASW,CE,Federal Contract Tower,0,5,8,4,17,0,0,35,0,35,0,5,43,4,52,10,0,10,62
12/21/2018,BAZ,TX,ASW,CE,Federal Contract Tower,0,0,11,8,19,0,0,85,0,85,0,0,96,8,104,176,4,180,284
12/22/2018,BAZ,TX,ASW,CE,Federal Contract Tower,0,0,18,0,18,0,6,99,0,105,0,6,117,0,123,158,0,158,281
12/23/2018,BAZ,TX,ASW,CE,Federal Contract Tower,0,0,14,0,14,0,1,48,0,49,0,1,62,0,63,20,0,20,83
12/24/2018,BAZ,TX,ASW,CE,Federal Contract Tower,0,0,6,0,6,0,2,21,0,23,0,2,27,0,29,104,0,104,133
12/25/2018,BAZ,TX,ASW,CE,Federal Contract Tower,0,0,5,0,5,0,0,2,0,2,0,0,7,0,7,0,0,0,7
12/26/2018,BAZ,TX,ASW,CE,Federal Contract Tower,0,1,3,0,4,0,0,0,0,0,0,1,3,0,4,0,0,0,4
12/27/2018,BAZ,TX,ASW,CE,Federal Contract Tower,0,5,13,0,18,0,4,120,0,124,0,9,133,0,142,168,0,168,310
12/28/2018,BAZ,TX,ASW,CE,Federal Contract Tower,0,1,20,2,23,0,3,74,0,77,0,4,94,2,100,140,4,144,244
12/29/2018,BAZ,TX,ASW,CE,Federal Contract Tower,0,1,4,0,5,0,2,28,0,30,0,3,32,0,35,118,0,118,153
12/30/2018,BAZ,TX,ASW,CE,Federal Contract Tower,0,2,2,0,4,0,0,0,0,0,0,2,2,0,4,0,0,0,4
12/31/2018,BAZ,TX,ASW,CE,Federal Contract Tower,0,0,6,0,6,0,3,72,0,75,0,3,78,0,81,158,0,158,239
01/01/2019,BAZ,TX,ASW,CE,Federal Contract Tower,0,0,14,0,14,0,3,34,0,37,0,3,48,0,51,120,0,120,171
01/02/2019,BAZ,TX,ASW,CE,Federal Contract Tower,0,1,5,0,6,0,0,0,0,0,0,1,5,0,6,0,0,0,6
01/03/2019,BAZ,TX,ASW,CE,Federal Contract Tower,0,1,12,2,15,0,2,63,0,65,0,3,75,2,80,142,0,142,222
01/04/2019,BAZ,TX,ASW,CE,Federal Contract Tower,0,1,12,2,15,0,0,97,2,99,0,1,109,4,114,126,10,136,250
01/05/2019,BAZ,TX,ASW,CE,Federal Contract Tower,0,2,16,0,18,0,2,100,0,102,0,4,116,0,120,194,0,194,314
01/06/2019,BAZ,TX,ASW,CE,Federal Contract Tower,0,1,25,0,26,0,1,29,2,32,0,2,54,2,58,54,2,56,114
01/07/2019,BAZ,TX,ASW,CE,Federal Contract Tower,0,0,10,14,24,0,0,36,0,36,0,0,46,14,60,72,4,76,136
01/08/2019,BAZ,TX,ASW,CE,Federal Contract Tower,0,0,15,4,19,0,0,40,0,40,0,0,55,4,59,58,10,68,127
01/09/2019,BAZ,TX,ASW,CE,Federal Contract Tower,0,5,11,12,28,0,1,62,0,63,0,6,73,12,91,82,6,88,179
01/10/2019,BAZ,TX,ASW,CE,Federal Contract Tower,0,1,18,8,27,0,2,57,0,59,0,3,75,8,86,112,0,112,198
01/11/2019,BAZ,TX,ASW,CE,Federal Contract Tower,0,5,13,14,32,0,0,17,1,18,0,5,30,15,50,34,12,46,96
01/12/2019,BAZ,TX,ASW,CE,Federal Contract Tower,0,0,24,0,24,0,3,67,2,72,0,3,91,2,96,104,2,106,202
01/13/2019,BAZ,TX,ASW,CE,Federal Contract Tower,0,2,19,0,21,0,1,47,0,48,0,3,66,0,69,108,0,108,177
01/14/2019,BAZ,TX,ASW,CE,Federal Contract Tower,0,1,21,14,36,0,1,28,2,31,0,2,49,16,67,102,20,122,189
01/15/2019,BAZ,TX,ASW,CE,Federal Contract Tower,0,2,22,14,38,0,0,14,0,14,0,2,36,14,52,30,0,30,82
01/16/2019,BAZ,TX,ASW,CE,Federal Contract Tower,0,0,5,0,5,0,0,0,0,0,0,0,5,0,5,0,0,0,5
01/17/2019,BAZ,TX,ASW,CE,Federal Contract Tower,0,2,15,6,23,0,3,83,0,86,0,5,98,6,109,98,0,98,207
01/18/2019,BAZ,TX,ASW,CE,Federal Contract Tower,0,0,23,0,23,0,0,0,0,0,0,0,23,0,23,2,0,2,25
01/19/2019,BAZ,TX,ASW,CE,Federal Contract Tower,0,2,8,0,10,0,3,25,0,28,0,5,33,0,38,20,0,20,58
01/20/2019,BAZ,TX,ASW,CE,Federal Contract Tower,0,0,1,0,1,0,0,100,0,100,0,0,101,0,101,150,0,150,251
01/21/2019,BAZ,TX,ASW,CE,Federal Contract Tower,0,0,23,0,23,0,0,59,0,59,0,0,82,0,82,80,0,80,162
01/22/2019,BAZ,TX,ASW,CE,Federal Contract Tower,0,0,20,2,22,0,0,42,4,46,0,0,62,6,68,140,14,154,222
01/23/2019,BAZ,TX,ASW,CE,Federal Contract Tower,0,2,20,2,24,0,0,64,2,66,0,2,84,4,90,70,14,84,174
01/24/2019,BAZ,TX,ASW,CE,Federal Contract Tower,0,0,11,10,21,0,5,79,0,84,0,5,90,10,105,50,10,60,165
01/25/2019,BAZ,TX,ASW,CE,Federal Contract Tower,0,0,12,5,17,0,5,79,0,84,0,5,91,5,101,130,10,140,241
01/26/2019,BAZ,TX,ASW,CE,Federal Contract Tower,0,0,4,0,4,0,5,51,0,56,0,5,55,0,60,90,0,90,150
01/27/2019,BAZ,TX,ASW,CE,Federal Contract Tower,0,0,12,0,12,0,2,71,0,73,0,2,83,0,85,140,0,140,225
01/28/2019,BAZ,TX,ASW,CE,Federal Contract Tower,0,1,22,13,36,0,3,74,0,77,0,4,96,13,113,76,32,108,221
01/29/2019,BAZ,TX,ASW,CE,Federal Contract Tower,0,0,8,6,14,0,2,66,2,70,0,2,74,8,84,148,24,172,256
01/30/2019,BAZ,TX,ASW,CE,Federal Contract Tower,0,2,17,15,34,0,5,84,7,96,0,7,101,22,130,128,56,184,314
01/31/2019,BAZ,TX,ASW,CE,Federal Contract Tower,0,2,16,22,40,0,0,2,0,2,0,2,18,22,42,0,6,6,48
02/01/2019,BAZ,TX,ASW,CE,Federal Contract Tower,0,0,14,10,24,0,3,12,0,15,0,3,26,10,39,0,0,0,39
02/02/2019,BAZ,TX,ASW,CE,Federal Contract Tower,0,0,2,0,2,0,0,0,0,0,0,0,2,0,2,0,0,0,2
02/03/2019,BAZ,TX,ASW,CE,Federal Contract Tower,0,0,6,0,6,0,1,8,0,9,0,1,14,0,15,14,0,14,29
02/04/2019,BAZ,TX,ASW,CE,Federal Contract Tower,0,0,15,0,15,0,0,16,0,16,0,0,31,0,31,42,0,42,73
02/05/2019,BAZ,TX,ASW,CE,Federal Contract Tower,0,0,21,6,27,0,4,14,0,18,0,4,35,6,45,42,6,48,93
02/06/2019,BAZ,TX,ASW,CE,Federal Contract Tower,0,0,12,4,16,0,0,5,0,5,0,0,17,4,21,8,0,8,29
02/07/2019,BAZ,TX,ASW,CE,Federal Contract Tower,0,1,18,13,32,0,0,65,3,68,0,1,83,16,100,94,24,118,218
02/08/2019,BAZ,TX,ASW,CE,Federal Contract Tower,0,0,17,2,19,0,0,36,2,38,0,0,53,4,57,38,10,48,105
02/09/2019,BAZ,TX,ASW,CE,Federal Contract Tower,0,0,9,0,9,0,0,0,0,0,0,0,9,0,9,0,0,0,9
02/10/2019,BAZ,TX,ASW,CE,Federal Contract Tower,0,0,7,0,7,0,0,0,0,0,0,0,7,0,7,0,0,0,7
02/11/2019,BAZ,TX,ASW,CE,Federal Contract Tower,0,1,7,4,12,0,0,1,0,1,0,1,8,4,13,0,4,4,17
02/12/2019,BAZ,TX,ASW,CE,Federal Contract Tower,0,0,23,12,35,0,2,96,6,104,0,2,119,18,139,126,40,166,305
02/13/2019,BAZ,TX,ASW,CE,Federal Contract Tower,0,0,19,8,27,0,10,81,2,93,0,10,100,10,120,162,28,190,310
02/15/2019,BAZ,TX,ASW,CE,Federal Contract Tower,0,0,19,5,24,0,5,66,3,74,0,5,85,8,98,166,42,208,306
02/16/2019,BAZ,TX,ASW,CE,Federal Contract Tower,0,0,22,0,22,0,3,15,0,18,0,3,37,0,40,0,0,0,40
02/17/2019,BAZ,TX,ASW,CE,Federal Contract Tower,0,0,8,0,8,0,2,65,2,69,0,2,73,2,77,138,6,144,221
02/18/2019,BAZ,TX,ASW,CE,Federal Contract Tower,0,0,22,0,22,0,4,69,0,73,0,4,91,0,95,118,0,118,213
02/19/2019,BAZ,TX,ASW,CE,Federal Contract Tower,0,0,17,4,21,0,0,0,0,0,0,0,17,4,21,0,0,0,21
02/20/2019,BAZ,TX,ASW,CE,Federal Contract Tower,0,2,12,1,15,0,0,89,3,92,0,2,101,4,107,182,14,196,303
02/21/2019,BAZ,TX,ASW,CE,Federal Contract Tower,0,1,24,7,32,0,4,50,5,59,0,5,74,12,91,210,12,222,313
02/22/2019,BAZ,TX,ASW,CE,Federal Contract Tower,0,1,20,8,29,0,0,4,0,4,0,1,24,8,33,0,0,0,33
02/23/2019,BAZ,TX,ASW,CE,Federal Contract Tower,0,1,11,0,12,0,2,46,0,48,0,3,57,0,60,32,0,32,92
02/24/2019,BAZ,TX,ASW,CE,Federal Contract Tower,0,1,12,0,13,0,0,102,0,102,0,1,114,0,115,110,0,110,225
02/25/2019,BAZ,TX,ASW,CE,Federal Contract Tower,0,0,12,3,15,0,3,73,0,76,0,3,85,3,91,158,20,178,269
02/26/2019,BAZ,TX,ASW,CE,Federal Contract Tower,0,0,12,7,19,0,0,7,1,8,0,0,19,8,27,6,10,16,43
02/27/2019,BAZ,TX,ASW,CE,Federal Contract Tower,0,0,18,4,22,0,2,42,0,44,0,2,60,4,66,92,0,92,158
02/28/2019,BAZ,TX,ASW,CE,Federal Contract Tower,0,0,18,3,21,0,0,0,0,0,0,0,18,3,21,0,0,0,21
03/01/2019,BAZ,TX,ASW,CE,Federal Contract Tower,0,0,15,6,21,0,0,0,0,0,0,0,15,6,21,0,0,0,21
03/02/2019,BAZ,TX,ASW,CE,Federal Contract Tower,0,0,3,0,3,0,0,0,0,0,0,0,3,0,3,0,0,0,3
03/03/2019,BAZ,TX,ASW,CE,Federal Contract Tower,0,1,20,0,21,0,0,4,0,4,0,1,24,0,25,22,0,22,47
03/04/2019,BAZ,TX,ASW,CE,Federal Contract Tower,0,0,18,4,22,0,6,57,1,64,0,6,75,5,86,150,10,160,246
03/05/2019,BAZ,TX,ASW,CE,Federal Contract Tower,0,0,15,3,18,0,2,68,1,71,0,2,83,4,89,100,38,138,227
03/06/2019,BAZ,TX,ASW,CE,Federal Contract Tower,0,0,17,8,25,0,0,80,0,80,0,0,97,8,105,144,12,156,261
03/07/2019,BAZ,TX,ASW,CE,Federal Contract Tower,0,0,20,8,28,0,2,44,0,46,0,2,64,8,74,138,12,150,224
03/08/2019,BAZ,TX,ASW,CE,Federal Contract Tower,0,1,22,4,27,0,0,39,2,41,0,1,61,6,68,116,14,130,198
03/09/2019,BAZ,TX,ASW,CE,Federal Contract Tower,0,0,11,0,11,0,0,102,2,104,0,0,113,2,115,206,0,206,321
03/10/2019,BAZ,TX,ASW,CE,Federal Contract Tower,0,0,11,0,11,0,1,11,0,12,0,1,22,0,23,48,0,48,71
03/11/2019,BAZ,TX,ASW,CE,Federal Contract Tower,0,0,15,10,25,0,0,0,0,0,0,0,15,10,25,6,10,16,41
03/12/2019,BAZ,TX,ASW,CE,Federal Contract Tower,0,1,2,2,5,0,1,6,0,7,0,2,8,2,12,12,2,14,26
03/13/2019,BAZ,TX,ASW,CE,Federal Contract Tower,0,0,25,4,29,0,2,85,0,87,0,2,110,4,116,210,0,210,326
03/15/2019,BAZ,TX,ASW,CE,Federal Contract Tower,0,0,17,4,21,0,3,82,2,87,0,3,99,6,108,158,10,168,276
03/16/2019,BAZ,TX,ASW,CE,Federal Contract Tower,0,2,14,4,20,0,3,103,0,106,0,5,117,4,126,130,0,130,256
03/17/2019,BAZ,TX,ASW,CE,Federal Contract Tower,0,0,31,1,32,0,2,83,1,86,0,2,114,2,118,116,8,124,242
03/18/2019,BAZ,TX,ASW,CE,Federal Contract Tower,0,4,8,4,16,0,4,71,0,75,0,8,79,4,91,162,6,168,259
03/19/2019,BAZ,TX,ASW,CE,Federal Contract Tower,0,0,16,10,26,0,4,75,0,79,0,4,91,10,105,118,20,138,243
03/20/2019,BAZ,TX,ASW,CE,Federal Contract Tower,0,1,14,7,22,0,2,87,1,90,0,3,101,8,112,148,24,172,284
03/21/2019,BAZ,TX,ASW,CE,Federal Contract Tower,0,0,16,6,22,0,2,109,2,113,0,2,125,8,135,218,8,226,361
03/22/2019,BAZ,TX,ASW,CE,Federal Contract Tower,0,0,9,6,15,0,4,93,4,101,0,4,102,10,116,182,30,212,328
03/24/2019,BAZ,TX,ASW,CE,Federal Contract Tower,0,0,13,0,13,0,2,29,0,31,0,2,42,0,44,88,0,88,132
03/25/2019,BAZ,TX,ASW,CE,Federal Contract Tower,0,0,14,18,32,0,2,48,0,50,0,2,62,18,82,98,24,122,204
03/26/2019,BAZ,TX,ASW,CE,Federal Contract Tower,0,1,12,7,20,0,2,104,1,107,0,3,116,8,127,138,10,148,275
03/27/2019,BAZ,TX,ASW,CE,Federal Contract Tower,0,1,25,17,43,0,0,86,3,89,0,1,111,20,132,246,58,304,436
03/28/2019,BAZ,TX,ASW,CE,Federal Contract Tower,0,0,20,13,33,0,0,73,1,74,0,0,93,14,107,158,16,174,281
03/29/2019,BAZ,TX,ASW,CE,Federal Contract Tower,0,0,25,0,25,0,1,31,2,34,0,1,56,2,59,98,4,102,161
03/30/2019,BAZ,TX,ASW,CE,Federal Contract Tower,0,1,10,2,13,0,4,28,0,32,0,5,38,2,45,60,2,62,107
03/31/2019,BAZ,TX,ASW,CE,Federal Contract Tower,0,3,12,0,15,0,3,42,0,45,0,6,54,0,60,40,0,40,100
04/01/2019,BAZ,TX,ASW,CE,Federal Contract Tower,0,0,21,6,27,0,4,80,2,86,0,4,101,8,113,202,8,210,323
04/02/2019,BAZ,TX,ASW,CE,Federal Contract Tower,0,0,8,12,20,0,6,83,2,91,0,6,91,14,111,158,22,180,291
04/03/2019,BAZ,TX,ASW,CE,Federal Contract Tower,0,2,14,20,36,0,0,34,0,34,0,2,48,20,70,108,26,134,204
04/04/2019,BAZ,TX,ASW,CE,Federal Contract Tower,0,0,27,6,33,0,1,48,0,49,0,1,75,6,82,144,24,168,250
04/05/2019,BAZ,TX,ASW,CE,Federal Contract Tower,0,1,18,7,26,0,2,28,0,30,0,3,46,7,56,30,2,32,88
04/06/2019,BAZ,TX,ASW,CE,Federal Contract Tower,0,0,4,0,4,0,1,2,0,3,0,1,6,0,7,2,0,2,9
04/07/2019,BAZ,TX,ASW,CE,Federal Contract Tower,0,0,6,0,6,0,3,19,0,22,0,3,25,0,28,36,0,36,64
04/08/2019,BAZ,TX,ASW,CE,Federal Contract Tower,0,2,16,7,25,0,3,90,0,93,0,5,106,7,118,158,10,168,286
04/09/2019,BAZ,TX,ASW,CE,Federal Contract Tower,0,1,7,6,14,0,2,94,0,96,0,3,101,6,110,242,8,250,360
04/10/2019,BAZ,TX,ASW,CE,Federal Contract Tower,0,4,9,6,19,0,1,52,0,53,0,5,61,6,72,58,18,76,148
04/11/2019,BAZ,TX,ASW,CE,Federal Contract Tower,0,0,27,3,30,0,0,69,1,70,0,0,96,4,100,122,8,130,230
04/12/2019,BAZ,TX,ASW,CE,Federal Contract Tower,0,2,25,2,29,0,2,90,2,94,0,4,115,4,123,146,4,150,273
04/13/2019,BAZ,TX,ASW,CE,Federal Contract Tower,0,0,7,0,7,0,0,7,0,7,0,0,14,0,14,12,0,12,26
04/14/2019,BAZ,TX,ASW,CE,Federal Contract Tower,0,0,10,0,10,0,4,66,2,72,0,4,76,2,82,78,16,94,176
04/15/2019,BAZ,TX,ASW,CE,Federal Contract Tower,0,0,7,9,16,0,0,74,3,77,0,0,81,12,93,128,26,154,247
04/16/2019,BAZ,TX,ASW,CE,Federal Contract Tower,0,0,31,20,51,0,0,38,0,38,0,0,69,20,89,80,14,94,183
04/17/2019,BAZ,TX,ASW,CE,Federal Contract Tower,0,2,14,8,24,0,2,10,0,12,0,4,24,8,36,80,2,82,118
04/18/2019,BAZ,TX,ASW,CE,Federal Contract Tower,0,0,24,9,33,0,2,56,1,59,0,2,80,10,92,42,28,70,162
04/19/2019,BAZ,TX,ASW,CE,Federal Contract Tower,0,0,32,4,36,0,0,75,4,79,0,0,107,8,115,166,30,196,311
04/20/2019,BAZ,TX,ASW,CE,Federal Contract Tower,0,0,6,2,8,0,0,105,0,105,0,0,111,2,113,78,0,78,191
04/21/2019,BAZ,TX,ASW,CE,Federal Contract Tower,0,0,14,2,16,0,0,9,0,9,0,0,23,2,25,0,0,0,25
04/22/2019,BAZ,TX,ASW,CE,Federal Contract Tower,0,0,36,8,44,0,0,37,0,37,0,0,73,8,81,146,6,152,233
04/23/2019,BAZ,TX,ASW,CE,Federal Contract Tower,0,0,15,4,19,0,0,21,0,21,0,0,36,4,40,108,0,108,148
04/24/2019,BAZ,TX,ASW,CE,Federal Contract Tower,0,0,6,0,6,0,0,1,0,1,0,0,7,0,7,0,0,0,7
04/25/2019,BAZ,TX,ASW,CE,Federal Contract Tower,0,4,26,6,36,0,4,129,0,133,0,8,155,6,169,242,4,246,415
04/26/2019,BAZ,TX,ASW,CE,Federal Contract Tower,0,8,22,10,40,0,0,85,0,85,0,8,107,10,125,130,10,140,265
04/27/2019,BAZ,TX,ASW,CE,Federal Contract Tower,0,0,11,0,11,0,0,88,0,88,0,0,99,0,99,142,0,142,241
04/28/2019,BAZ,TX,ASW,CE,Federal Contract Tower,0,0,14,0,14,0,0,60,0,60,0,0,74,0,74,98,0,98,172
04/29/2019,BAZ,TX,ASW,CE,Federal Contract Tower,0,0,34,14,48,0,0,37,0,37,0,0,71,14,85,70,0,70,155
04/30/2019,BAZ,TX,ASW,CE,Federal Contract Tower,0,0,20,24,44,0,2,12,0,14,0,2,32,24,58,26,0,26,84
05/01/2019,BAZ,TX,ASW,CE,Federal Contract Tower,0,0,24,16,40,0,0,11,0,11,0,0,35,16,51,58,0,58,109
05/02/2019,BAZ,TX,ASW,CE,Federal Contract Tower,0,1,18,5,24,0,0,32,3,35,0,1,50,8,59,132,10,142,201
05/03/2019,BAZ,TX,ASW,CE,Federal Contract Tower,0,1,27,0,28,0,2,20,0,22,0,3,47,0,50,52,0,52,102
05/04/2019,BAZ,TX,ASW,CE,Federal Contract Tower,0,1,27,0,28,0,0,89,0,89,0,1,116,0,117,208,0,208,325
05/05/2019,BAZ,TX,ASW,CE,Federal Contract Tower,0,2,15,0,17,0,0,75,0,75,0,2,90,0,92,66,0,66,158
05/06/2019,BAZ,TX,ASW,CE,Federal Contract Tower,0,1,13,0,14,0,0,4,0,4,0,1,17,0,18,0,0,0,18
05/07/2019,BAZ,TX,ASW,CE,Federal Contract Tower,0,2,29,0,31,0,0,9,0,9,0,2,38,0,40,18,0,18,58
05/08/2019,BAZ,TX,ASW,CE,Federal Contract Tower,0,0,25,4,29,0,1,7,0,8,0,1,32,4,37,2,0,2,39
05/09/2019,BAZ,TX,ASW,CE,Federal Contract Tower,0,0,38,0,38,0,1,12,0,13,0,1,50,0,51,28,0,28,79
05/10/2019,BAZ,TX,ASW,CE,Federal Contract Tower,0,0,38,12,50,0,4,7,0,11,0,4,45,12,61,16,4,20,81
05/11/2019,BAZ,TX,ASW,CE,Federal Contract Tower,0,0,19,0,19,0,0,18,0,18,0,0,37,0,37,54,0,54,91
05/12/2019,BAZ,TX,ASW,CE,Federal Contract Tower,0,0,20,0,20,0,2,95,0,97,0,2,115,0,117,74,0,74,191
05/13/2019,BAZ,TX,ASW,CE,Federal Contract Tower,0,2,25,7,34,0,0,86,2,88,0,2,111,9,122,124,8,132,254
05/14/2019,BAZ,TX,ASW,CE,Federal Contract Tower,0,0,21,4,25,0,0,87,0,87,0,0,108,4,112,202,0,202,314
05/15/2019,BAZ,TX,ASW,CE,Federal Contract Tower,0,3,10,14,27,0,2,60,0,62,0,5,70,14,89,170,0,170,259
05/16/2019,BAZ,TX,ASW,CE,Federal Contract Tower,0,1,23,2,26,0,3,74,0,77,0,4,97,2,103,150,0,150,253
05/17/2019,BAZ,TX,ASW,CE,Federal Contract Tower,0,1,44,6,51,0,4,58,0,62,0,5,102,6,113,92,0,92,205
05/18/2019,BAZ,TX,ASW,CE,Federal Contract Tower,0,0,14,0,14,0,2,16,0,18,0,2,30,0,32,36,0,36,68
05/19/2019,BAZ,TX,ASW,CE,Federal Contract Tower,0,1,19,0,20,0,0,37,0,37,0,1,56,0,57,72,0,72,129
05/20/2019,BAZ,TX,ASW,CE,Federal Contract Tower,0,0,23,8,31,0,0,24,0,24,0,0,47,8,55,40,12,52,107
05/21/2019,BAZ,TX,ASW,CE,Federal Contract Tower,0,0,11,2,13,0,2,61,0,63,0,2,72,2,76,130,16,146,222
05/22/2019,BAZ,TX,ASW,CE,Federal Contract Tower,0,0,15,12,27,0,0,31,0,31,0,0,46,12,58,84,0,84,142
05/23/2019,BAZ,TX,ASW,CE,Federal Contract Tower,0,0,20,6,26,0,0,44,2,46,0,0,64,8,72,96,0,96,168
05/24/2019,BAZ,TX,ASW,CE,Federal Contract Tower,0,1,25,0,26,0,0,48,0,48,0,1,73,0,74,34,0,34,108
05/25/2019,BAZ,TX,ASW,CE,Federal Contract Tower,0,0,11,6,17,0,0,27,0,27,0,0,38,6,44,28,0,28,72
05/26/2019,BAZ,TX,ASW,CE,Federal Contract Tower,0,0,14,0,14,0,2,21,0,23,0,2,35,0,37,22,0,22,59
05/27/2019,BAZ,TX,ASW,CE,Federal Contract Tower,0,3,15,0,18,0,2,42,0,44,0,5,57,0,62,58,0,58,120
05/28/2019,BAZ,TX,ASW,CE,Federal Contract Tower,0,1,23,6,30,0,0,54,0,54,0,1,77,6,84,144,4,148,232
05/29/2019,BAZ,TX,ASW,CE,Federal Contract Tower,0,0,34,14,48,0,2,37,0,39,0,2,71,14,87,102,2,104,191
05/30/2019,BAZ,TX,ASW,CE,Federal Contract Tower,0,0,16,16,32,0,0,39,0,39,0,0,55,16,71,150,0,150,221
05/31/2019,BAZ,TX,ASW,CE,Federal Contract Tower,0,0,23,10,33,0,0,65,0,65,0,0,88,10,98,114,8,122,220
06/01/2019,BAZ,TX,ASW,CE,Federal Contract Tower,0,1,8,0,9,0,1,78,0,79,0,2,86,0,88,150,0,150,238
06/02/2019,BAZ,TX,ASW,CE,Federal Contract Tower,0,0,14,6,20,0,0,74,0,74,0,0,88,6,94,122,0,122,216
06/03/2019,BAZ,TX,ASW,CE,Federal Contract Tower,0,0,9,10,19,0,0,71,0,71,0,0,80,10,90,104,12,116,206
06/04/2019,BAZ,TX,ASW,CE,Federal Contract Tower,0,0,19,14,33,0,2,17,0,19,0,2,36,14,52,70,4,74,126
06/05/2019,BAZ,TX,ASW,CE,Federal Contract Tower,0,0,13,22,35,0,1,30,2,33,0,1,43,24,68,56,0,56,124
06/06/2019,BAZ,TX,ASW,CE,Federal Contract Tower,0,0,32,6,38,0,2,65,4,71,0,2,97,10,109,154,10,164,273
06/07/2019,BAZ,TX,ASW,CE,Federal Contract Tower,0,0,8,8,16,0,0,126,3,129,0,0,134,11,145,278,10,288,433
06/08/2019,BAZ,TX,ASW,CE,Federal Contract Tower,0,0,12,0,12,0,4,93,0,97,0,4,105,0,109,122,0,122,231
06/09/2019,BAZ,TX,ASW,CE,Federal Contract Tower,0,2,14,0,16,0,0,73,0,73,0,2,87,0,89,114,0,114,203
06/10/2019,BAZ,TX,ASW,CE,Federal Contract Tower,0,4,22,10,36,0,8,73,0,81,0,12,95,10,117,156,2,158,275
06/11/2019,BAZ,TX,ASW,CE,Federal Contract Tower,0,0,28,8,36,0,3,71,0,74,0,3,99,8,110,180,2,182,292
06/12/2019,BAZ,TX,ASW,CE,Federal Contract Tower,0,0,22,10,32,0,0,87,0,87,0,0,109,10,119,210,0,210,329
06/13/2019,BAZ,TX,ASW,CE,Federal Contract Tower,0,0,10,14,24,0,2,130,0,132,0,2,140,14,156,172,0,172,328
06/14/2019,BAZ,TX,ASW,CE,Federal Contract Tower,0,1,14,8,23,0,4,74,1,79,0,5,88,9,102,136,4,140,242
06/15/2019,BAZ,TX,ASW,CE,Federal Contract Tower,0,0,16,0,16,0,2,30,0,32,0,2,46,0,48,78,0,78,126
06/16/2019,BAZ,TX,ASW,CE,Federal Contract Tower,0,0,17,2,19,0,0,26,0,26,0,0,43,2,45,46,0,46,91
06/17/2019,BAZ,TX,ASW,CE,Federal Contract Tower,0,0,8,12,20,0,0,48,0,48,0,0,56,12,68,84,12,96,164
06/18/2019,BAZ,TX,ASW,CE,Federal Contract Tower,0,0,14,32,46,0,8,84,0,92,0,8,98,32,138,224,22,246,384
06/19/2019,BAZ,TX,ASW,CE,Federal Contract Tower,0,0,26,12,38,0,2,126,0,128,0,2,152,12,166,178,8,186,352
06/20/2019,BAZ,TX,ASW,CE,Federal Contract Tower,0,1,29,8,38,0,0,78,0,78,0,1,107,8,116,156,8,164,280
06/21/2019,BAZ,TX,ASW,CE,Federal Contract Tower,0,2,30,6,38,0,0,77,2,79,0,2,107,8,117,134,6,140,257
06/22/2019,BAZ,TX,ASW,CE,Federal Contract Tower,0,0,13,2,15,0,0,22,0,22,0,0,35,2,37,50,16,66,103
06/23/2019,BAZ,TX,ASW,CE,Federal Contract Tower,0,2,24,2,28,0,0,41,0,41,0,2,65,2,69,56,0,56,125
06/24/2019,BAZ,TX,ASW,CE,Federal Contract Tower,0,0,14,12,26,0,0,6,0,6,0,0,20,12,32,0,0,0,32
06/25/2019,BAZ,TX,ASW,CE,Federal Contract Tower,0,0,22,32,54,0,3,86,1,90,0,3,108,33,144,314,38,352,496
06/26/2019,BAZ,TX,ASW,CE,Federal Contract Tower,0,0,26,18,44,0,1,31,0,32,0,1,57,18,76,54,0,54,130
06/27/2019,BAZ,TX,ASW,CE,Federal Contract Tower,0,0,22,14,36,0,3,73,0,76,0,3,95,14,112,236,0,236,348
06/28/2019,BAZ,TX,ASW,CE,Federal Contract Tower,0,4,31,8,43,0,2,84,0,86,0,6,115,8,129,219,0,219,348
06/29/2019,BAZ,TX,ASW,CE,Federal Contract Tower,0,0,15,0,15,0,0,109,0,109,0,0,124,0,124,276,0,276,400
06/30/2019,BAZ,TX,ASW,CE,Federal Contract Tower,0,0,19,2,21,0,0,47,0,47,0,0,66,2,68,112,0,112,180
07/01/2019,BAZ,TX,ASW,CE,Federal Contract Tower,0,2,14,17,33,0,0,80,0,80,0,2,94,17,113,224,4,228,341
07/02/2019,BAZ,TX,ASW,CE,Federal Contract Tower,0,0,14,28,42,0,6,92,2,100,0,6,106,30,142,322,2,324,466
07/03/2019,BAZ,TX,ASW,CE,Federal Contract Tower,0,3,10,2,15,0,1,51,0,52,0,4,61,2,67,54,2,56,123
07/04/2019,BAZ,TX,ASW,CE,Federal Contract Tower,0,0,24,0,24,0,0,79,0,79,0,0,103,0,103,54,0,54,157
07/05/2019,BAZ,TX,ASW,CE,Federal Contract Tower,0,1,14,0,15,0,0,76,0,76,0,1,90,0,91,122,0,122,213
07/06/2019,BAZ,TX,ASW,CE,Federal Contract Tower,0,0,16,0,16,0,2,76,0,78,0,2,92,0,94,162,0,162,256
07/07/2019,BAZ,TX,ASW,CE,Federal Contract Tower,0,0,22,2,24,0,0,56,0,56,0,0,78,2,80,100,0,100,180
07/08/2019,BAZ,TX,ASW,CE,Federal Contract Tower,0,1,24,2,27,0,6,63,2,71,0,7,87,4,98,138,4,142,240
07/09/2019,BAZ,TX,ASW,CE,Federal Contract Tower,0,1,19,0,20,0,3,107,0,110,0,4,126,0,130,204,0,204,334
07/10/2019,BAZ,TX,ASW,CE,Federal Contract Tower,0,2,10,2,14,0,2,96,2,100,0,4,106,4,114,182,8,190,304
07/11/2019,BAZ,TX,ASW,CE,Federal Contract Tower,0,2,12,0,14,0,0,104,0,104,0,2,116,0,118,144,0,144,262
07/12/2019,BAZ,TX,ASW,CE,Federal Contract Tower,0,4,24,0,28,0,1,118,0,119,0,5,142,0,147,168,0,168,315
07/13/2019,BAZ,TX,ASW,CE,Federal Contract Tower,0,0,11,6,17,0,0,93,0,93,0,0,104,6,110,120,0,120,230
07/14/2019,BAZ,TX,ASW,CE,Federal Contract Tower,0,3,17,0,20,0,0,67,0,67,0,3,84,0,87,112,0,112,199
07/15/2019,BAZ,TX,ASW,CE,Federal Contract Tower,0,1,23,4,28,0,1,98,0,99,0,2,121,4,127,192,4,196,323
07/16/2019,BAZ,TX,ASW,CE,Federal Contract Tower,0,0,22,2,24,0,2,69,0,71,0,2,91,2,95,190,2,192,287
07/18/2019,BAZ,TX,ASW,CE,Federal Contract Tower,0,0,29,8,37,0,0,76,0,76,0,0,105,8,113,114,4,118,231
07/19/2019,BAZ,TX,ASW,CE,Federal Contract Tower,0,3,14,4,21,0,0,70,0,70,0,3,84,4,91,140,2,142,233
07/20/2019,BAZ,TX,ASW,CE,Federal Contract Tower,0,0,11,2,13,0,0,55,0,55,0,0,66,2,68,70,0,70,138
07/21/2019,BAZ,TX,ASW,CE,Federal Contract Tower,0,2,14,2,18,0,8,49,0,57,0,10,63,2,75,44,0,44,119
07/22/2019,BAZ,TX,ASW,CE,Federal Contract Tower,0,0,30,17,47,0,0,96,3,99,0,0,126,20,146,118,16,134,280
07/23/2019,BAZ,TX,ASW,CE,Federal Contract Tower,0,4,8,22,34,0,0,73,2,75,0,4,81,24,109,140,20,160,269
07/24/2019,BAZ,TX,ASW,CE,Federal Contract Tower,0,0,7,4,11,0,0,75,4,79,0,0,82,8,90,146,16,162,252
07/25/2019,BAZ,TX,ASW,CE,Federal Contract Tower,0,0,16,9,25,0,0,88,2,90,0,0,104,11,115,196,18,214,329
07/26/2019,BAZ,TX,ASW,CE,Federal Contract Tower,0,0,17,2,19,0,0,104,2,106,0,0,121,4,125,146,8,154,279
07/27/2019,BAZ,TX,ASW,CE,Federal Contract Tower,0,0,4,2,6,0,0,57,0,57,0,0,61,2,63,88,0,88,151
07/28/2019,BAZ,TX,ASW,CE,Federal Contract Tower,0,0,20,0,20,0,0,18,0,18,0,0,38,0,38,48,0,48,86
07/29/2019,BAZ,TX,ASW,CE,Federal Contract Tower,0,0,10,8,18,0,0,66,2,68,0,0,76,10,86,96,4,100,186
07/30/2019,BAZ,TX,ASW,CE,Federal Contract Tower,0,0,19,4,23,0,0,83,0,83,0,0,102,4,106,148,2,150,256
07/31/2019,BAZ,TX,ASW,CE,Federal Contract Tower,0,2,18,7,27,0,0,83,0,83,0,2,101,7,110,144,6,150,260
08/01/2019,BAZ,TX,ASW,CE,Federal Contract Tower,0,0,8,11,19,0,0,84,2,86,0,0,92,13,105,200,22,222,327
08/02/2019,BAZ,TX,ASW,CE,Federal Contract Tower,0,1,18,4,23,0,0,72,0,72,0,1,90,4,95,138,0,138,233
08/03/2019,BAZ,TX,ASW,CE,Federal Contract Tower,0,0,4,0,4,0,0,68,0,68,0,0,72,0,72,96,0,96,168
08/04/2019,BAZ,TX,ASW,CE,Federal Contract Tower,0,0,15,0,15,0,1,25,0,26,0,1,40,0,41,20,0,20,61
08/05/2019,BAZ,TX,ASW,CE,Federal Contract Tower,0,3,27,4,34,0,0,76,2,78,0,3,103,6,112,150,34,184,296
08/06/2019,BAZ,TX,ASW,CE,Federal Contract Tower,0,2,21,6,29,0,4,81,2,87,0,6,102,8,116,112,8,120,236
08/07/2019,BAZ,TX,ASW,CE,Federal Contract Tower,0,1,22,2,25,0,0,95,0,95,0,1,117,2,120,154,2,156,276
08/08/2019,BAZ,TX,ASW,CE,Federal Contract Tower,0,0,15,13,28,0,8,79,1,88,0,8,94,14,116,112,12,124,240
08/10/2019,BAZ,TX,ASW,CE,Federal Contract Tower,0,0,6,0,6,0,0,69,0,69,0,0,75,0,75,86,0,86,161
08/11/2019,BAZ,TX,ASW,CE,Federal Contract Tower,0,0,15,0,15,0,1,51,0,52,0,1,66,0,67,78,0,78,145
08/12/2019,BAZ,TX,ASW,CE,Federal Contract Tower,0,4,13,4,21,0,2,83,2,87,0,6,96,6,108,195,2,197,305
08/13/2019,BAZ,TX,ASW,CE,Federal Contract Tower,0,0,18,4,22,0,10,117,0,127,0,10,135,4,149,188,0,188,337
08/14/2019,BAZ,TX,ASW,CE,Federal Contract Tower,0,0,15,6,21,0,0,113,0,113,0,0,128,6,134,208,10,218,352
08/15/2019,BAZ,TX,ASW,CE,Federal Contract Tower,0,6,13,0,19,0,3,93,0,96,0,9,106,0,115,162,0,162,277
08/16/2019,BAZ,TX,ASW,CE,Federal Contract Tower,0,0,14,0,14,0,0,92,0,92,0,0,106,0,106,218,0,218,324
08/17/2019,BAZ,TX,ASW,CE,Federal Contract Tower,0,0,3,0,3,0,0,73,2,75,0,0,76,2,78,132,0,132,210
08/18/2019,BAZ,TX,ASW,CE,Federal Contract Tower,0,0,15,5,20,0,2,50,1,53,0,2,65,6,73,50,12,62,135
08/19/2019,BAZ,TX,ASW,CE,Federal Contract Tower,0,0,13,3,16,0,0,68,2,70,0,0,81,5,86,160,2,162,248
08/20/2019,BAZ,TX,ASW,CE,Federal Contract Tower,0,1,11,6,18,0,0,62,0,62,0,1,73,6,80,148,10,158,238
08/21/2019,BAZ,TX,ASW,CE,Federal Contract Tower,0,0,18,12,30,0,0,113,0,113,0,0,131,12,143,182,32,214,357
08/22/2019,BAZ,TX,ASW,CE,Federal Contract Tower,0,3,14,13,30,0,0,78,0,78,0,3,92,13,108,192,24,216,324
08/23/2019,BAZ,TX,ASW,CE,Federal Contract Tower,0,0,15,14,29,0,3,84,2,89,0,3,99,16,118,2,186,188,306
08/24/2019,BAZ,TX,ASW,CE,Federal Contract Tower,0,5,23,0,28,0,0,41,0,41,0,5,64,0,69,58,0,58,127
08/25/2019,BAZ,TX,ASW,CE,Federal Contract Tower,0,0,12,4,16,0,0,32,0,32,0,0,44,4,48,26,12,38,86
08/26/2019,BAZ,TX,ASW,CE,Federal Contract Tower,0,4,21,18,43,0,2,59,2,63,0,6,80,20,106,118,8,126,232
08/27/2019,BAZ,TX,ASW,CE,Federal Contract Tower,0,0,25,12,37,0,1,72,0,73,0,1,97,12,110,214,0,214,324
08/28/2019,BAZ,TX,ASW,CE,Federal Contract Tower,0,0,18,4,22,0,2,112,0,114,0,2,130,4,136,264,0,264,400
08/29/2019,BAZ,TX,ASW,CE,Federal Contract Tower,0,0,23,11,34,0,0,111,1,112,0,0,134,12,146,214,12,226,372
08/30/2019,BAZ,TX,ASW,CE,Federal Contract Tower,0,1,27,0,28,0,0,85,0,85,0,1,112,0,113,140,0,140,253
08/31/2019,BAZ,TX,ASW,CE,Federal Contract Tower,0,2,7,0,9,0,1,72,0,73,0,3,79,0,82,116,0,116,198
09/01/2019,BAZ,TX,ASW,CE,Federal Contract Tower,0,0,5,0,5,0,2,49,0,51,0,2,54,0,56,92,0,92,148
09/02/2019,BAZ,TX,ASW,CE,Federal Contract Tower,0,2,12,0,14,0,2,58,0,60,0,4,70,0,74,114,0,114,188
09/03/2019,BAZ,TX,ASW,CE,Federal Contract Tower,0,0,12,16,28,0,0,62,0,62,0,0,74,16,90,86,30,116,206
09/04/2019,BAZ,TX,ASW,CE,Federal Contract Tower,0,0,14,9,23,0,1,74,1,76,0,1,88,10,99,124,34,158,257
09/05/2019,BAZ,TX,ASW,CE,Federal Contract Tower,0,0,20,14,34,0,0,60,2,62,0,0,80,16,96,98,18,116,212
09/06/2019,BAZ,TX,ASW,CE,Federal Contract Tower,0,2,19,4,25,0,1,101,4,106,0,3,120,8,131,164,40,204,335
09/07/2019,BAZ,TX,ASW,CE,Federal Contract Tower,0,0,9,0,9,0,0,81,0,81,0,0,90,0,90,42,0,42,132
09/08/2019,BAZ,TX,ASW,CE,Federal Contract Tower,0,3,15,4,22,0,0,33,0,33,0,3,48,4,55,26,2,28,83
09/09/2019,BAZ,TX,ASW,CE,Federal Contract Tower,0,5,20,10,35,0,0,70,0,70,0,5,90,10,105,120,0,120,225
09/10/2019,BAZ,TX,ASW,CE,Federal Contract Tower,0,0,17,6,23,0,0,31,0,31,0,0,48,6,54,56,0,56,110
09/11/2019,BAZ,TX,ASW,CE,Federal Contract Tower,0,0,17,9,26,0,0,31,0,31,0,0,48,9,57,70,22,92,149
09/12/2019,BAZ,TX,ASW,CE,Federal Contract Tower,0,0,21,9,30,0,4,62,2,68,0,4,83,11,98,76,18,94,192
09/13/2019,BAZ,TX,ASW,CE,Federal Contract Tower,0,0,13,10,23,0,0,97,0,97,0,0,110,10,120,128,10,138,258
09/15/2019,BAZ,TX,ASW,CE,Federal Contract Tower,0,0,8,4,12,0,0,68,0,68,0,0,76,4,80,140,0,140,220
09/16/2019,BAZ,TX,ASW,CE,Federal Contract Tower,0,0,12,7,19,0,0,89,1,90,0,0,101,8,109,168,10,178,287
09/17/2019,BAZ,TX,ASW,CE,Federal Contract Tower,0,1,22,8,31,0,0,71,0,71,0,1,93,8,102,144,0,144,246
09/18/2019,BAZ,TX,ASW,CE,Federal Contract Tower,0,0,11,6,17,0,0,119,4,123,0,0,130,10,140,265,20,285,425
09/19/2019,BAZ,TX,ASW,CE,Federal Contract Tower,0,4,23,9,36,0,0,82,1,83,0,4,105,10,119,168,32,200,319
09/20/2019,BAZ,TX,ASW,CE,Federal Contract Tower,0,3,32,14,49,0,0,63,0,63,0,3,95,14,112,80,0,80,192
09/21/2019,BAZ,TX,ASW,CE,Federal Contract Tower,0,2,13,0,15,0,0,36,0,36,0,2,49,0,51,114,0,114,165
09/22/2019,BAZ,TX,ASW,CE,Federal Contract Tower,0,2,7,4,13,0,0,36,0,36,0,2,43,4,49,60,0,60,109
09/23/2019,BAZ,TX,ASW,CE,Federal Contract Tower,0,0,17,4,21,0,0,64,0,64,0,0,81,4,85,78,0,78,163
09/24/2019,BAZ,TX,ASW,CE,Federal Contract Tower,0,0,20,5,25,0,0,81,0,81,0,0,101,5,106,208,24,232,338
09/25/2019,BAZ,TX,ASW,CE,Federal Contract Tower,0,2,15,22,39,0,0,86,0,86,0,2,101,22,125,168,0,168,293
09/26/2019,BAZ,TX,ASW,CE,Federal Contract Tower,0,0,21,4,25,0,0,71,0,71,0,0,92,4,96,92,0,92,188
09/27/2019,BAZ,TX,ASW,CE,Federal Contract Tower,0,0,20,2,22,0,0,75,2,77,0,0,95,4,99,140,2,142,241
09/28/2019,BAZ,TX,ASW,CE,Federal Contract Tower,0,2,12,0,14,0,2,28,0,30,0,4,40,0,44,24,0,24,68
09/29/2019,BAZ,TX,ASW,CE,Federal Contract Tower,0,1,9,0,10,0,0,37,0,37,0,1,46,0,47,58,0,58,105
09/30/2019,BAZ,TX,ASW,CE,Federal Contract Tower,0,2,9,8,19,0,0,43,0,43,0,2,52,8,62,126,0,126,188
10/01/2019,BAZ,TX,ASW,CE,Federal Contract Tower,0,1,22,18,41,0,5,75,6,86,0,6,97,24,127,134,22,156,283
10/02/2019,BAZ,TX,ASW,CE,Federal Contract Tower,0,0,21,6,27,0,0,81,2,83,0,0,102,8,110,188,18,206,316
10/03/2019,BAZ,TX,ASW,CE,Federal Contract Tower,0,0,28,12,40,0,4,76,2,82,0,4,104,14,122,172,20,192,314
10/04/2019,BAZ,TX,ASW,CE,Federal Contract Tower,0,0,18,10,28,0,0,91,0,91,0,0,109,10,119,146,4,150,269
10/05/2019,BAZ,TX,ASW,CE,Federal Contract Tower,0,0,14,0,14,0,0,72,0,72,0,0,86,0,86,94,0,94,180
10/06/2019,BAZ,TX,ASW,CE,Federal Contract Tower,0,0,11,0,11,0,0,49,0,49,0,0,60,0,60,54,0,54,114
10/07/2019,BAZ,TX,ASW,CE,Federal Contract Tower,0,0,16,8,24,0,0,56,0,56,0,0,72,8,80,36,4,40,120
10/08/2019,BAZ,TX,ASW,CE,Federal Contract Tower,0,2,12,14,28,0,0,114,0,114,0,2,126,14,142,118,6,124,266
10/09/2019,BAZ,TX,ASW,CE,Federal Contract Tower,0,2,24,8,34,0,2,48,0,50,0,4,72,8,84,78,2,80,164
10/10/2019,BAZ,TX,ASW,CE,Federal Contract Tower,0,1,34,14,49,0,0,34,0,34,0,1,68,14,83,96,0,96,179
10/11/2019,BAZ,TX,ASW,CE,Federal Contract Tower,0,0,19,0,19,0,0,8,0,8,0,0,27,0,27,0,0,0,27
10/12/2019,BAZ,TX,ASW,CE,Federal Contract Tower,0,1,12,0,13,0,0,86,0,86,0,1,98,0,99,112,0,112,211
10/13/2019,BAZ,TX,ASW,CE,Federal Contract Tower,0,0,17,0,17,0,0,66,0,66,0,0,83,0,83,120,0,120,203
10/14/2019,BAZ,TX,ASW,CE,Federal Contract Tower,0,1,25,0,26,0,0,52,0,52,0,1,77,0,78,142,0,142,220
10/15/2019,BAZ,TX,ASW,CE,Federal Contract Tower,0,1,22,4,27,0,0,58,0,58,0,1,80,4,85,76,8,84,169
10/16/2019,BAZ,TX,ASW,CE,Federal Contract Tower,0,0,21,0,21,0,0,39,0,39,0,0,60,0,60,90,0,90,150
10/17/2019,BAZ,TX,ASW,CE,Federal Contract Tower,0,2,24,8,34,0,0,77,0,77,0,2,101,8,111,80,0,80,191
10/18/2019,BAZ,TX,ASW,CE,Federal Contract Tower,0,0,16,7,23,0,0,123,0,123,0,0,139,7,146,182,6,188,334
10/19/2019,BAZ,TX,ASW,CE,Federal Contract Tower,0,0,16,6,22,0,0,49,0,49,0,0,65,6,71,50,6,56,127
10/20/2019,BAZ,TX,ASW,CE,Federal Contract Tower,0,4,32,0,36,0,0,28,0,28,0,4,60,0,64,24,0,24,88
10/21/2019,BAZ,TX,ASW,CE,Federal Contract Tower,0,0,24,7,31,0,65,1,0,66,0,65,25,7,97,126,14,140,237
10/22/2019,BAZ,TX,ASW,CE,Federal Contract Tower,0,0,39,4,43,0,0,88,0,88,0,0,127,4,131,92,12,104,235
10/23/2019,BAZ,TX,ASW,CE,Federal Contract Tower,0,0,19,10,29,0,0,85,0,85,0,0,104,10,114,110,10,120,234
10/24/2019,BAZ,TX,ASW,CE,Federal Contract Tower,0,0,22,14,36,0,3,41,4,48,0,3,63,18,84,104,8,112,196
10/25/2019,BAZ,TX,ASW,CE,Federal Contract Tower,0,2,10,2,14,0,2,20,2,24,0,4,30,4,38,6,4,10,48
10/26/2019,BAZ,TX,ASW,CE,Federal Contract Tower,0,0,7,0,7,0,0,94,0,94,0,0,101,0,101,102,0,102,203
10/27/2019,BAZ,TX,ASW,CE,Federal Contract Tower,0,0,17,0,17,0,0,72,0,72,0,0,89,0,89,164,0,164,253
10/28/2019,BAZ,TX,ASW,CE,Federal Contract Tower,0,0,33,18,51,0,1,51,0,52,0,1,84,18,103,122,16,138,241
10/29/2019,BAZ,TX,ASW,CE,Federal Contract Tower,0,2,12,0,14,0,0,0,0,0,0,2,12,0,14,0,0,0,14
10/30/2019,BAZ,TX,ASW,CE,Federal Contract Tower,0,0,11,2,13,0,0,0,0,0,0,0,11,2,13,0,0,0,13
11/01/2019,BAZ,TX,ASW,CE,Federal Contract Tower,0,0,15,3,18,0,0,101,7,108,0,0,116,10,126,108,32,140,266
11/02/2019,BAZ,TX,ASW,CE,Federal Contract Tower,0,2,7,0,9,0,0,105,0,105,0,2,112,0,114,84,0,84,198
11/03/2019,BAZ,TX,ASW,CE,Federal Contract Tower,0,0,14,2,16,0,2,79,0,81,0,2,93,2,97,52,2,54,151
11/04/2019,BAZ,TX,ASW,CE,Federal Contract Tower,0,0,17,12,29,0,3,70,0,73,0,3,87,12,102,132,8,140,242
11/05/2019,BAZ,TX,ASW,CE,Federal Contract Tower,0,0,29,8,37,0,1,32,0,33,0,1,61,8,70,60,4,64,134
11/06/2019,BAZ,TX,ASW,CE,Federal Contract Tower,0,0,38,14,52,0,0,64,0,64,0,0,102,14,116,116,10,126,242
11/07/2019,BAZ,TX,ASW,CE,Federal Contract Tower,0,2,15,0,17,0,0,0,0,0,0,2,15,0,17,0,0,0,17
11/08/2019,BAZ,TX,ASW,CE,Federal Contract Tower,0,0,20,10,30,0,2,3,0,5,0,2,23,10,35,0,2,2,37
11/09/2019,BAZ,TX,ASW,CE,Federal Contract Tower,0,0,22,0,22,0,2,141,0,143,0,2,163,0,165,172,0,172,337
11/10/2019,BAZ,TX,ASW,CE,Federal Contract Tower,0,3,15,0,18,0,0,88,0,88,0,3,103,0,106,124,0,124,230
11/11/2019,BAZ,TX,ASW,CE,Federal Contract Tower,0,5,8,4,17,0,1,10,0,11,0,6,18,4,28,20,4,24,52
11/12/2019,BAZ,TX,ASW,CE,Federal Contract Tower,0,3,22,10,35,0,1,59,0,60,0,4,81,10,95,94,8,102,197
11/13/2019,BAZ,TX,ASW,CE,Federal Contract Tower,0,1,22,17,40,0,0,55,1,56,0,1,77,18,96,56,40,96,192
11/14/2019,BAZ,TX,ASW,CE,Federal Contract Tower,0,0,14,0,14,0,0,2,0,2,0,0,16,0,16,0,0,0,16
11/15/2019,BAZ,TX,ASW,CE,Federal Contract Tower,0,7,36,6,49,0,9,108,0,117,0,16,144,6,166,154,14,168,334
11/16/2019,BAZ,TX,ASW,CE,Federal Contract Tower,0,0,27,4,31,0,0,98,0,98,0,0,125,4,129,204,0,204,333
11/17/2019,BAZ,TX,ASW,CE,Federal Contract Tower,0,0,19,0,19,0,0,36,0,36,0,0,55,0,55,132,0,132,187
11/18/2019,BAZ,TX,ASW,CE,Federal Contract Tower,0,0,19,6,25,0,3,115,2,120,0,3,134,8,145,204,8,212,357
11/19/2019,BAZ,TX,ASW,CE,Federal Contract Tower,0,0,14,4,18,0,99,0,0,99,0,99,14,4,117,184,0,184,301
11/20/2019,BAZ,TX,ASW,CE,Federal Contract Tower,0,2,17,0,19,0,0,18,0,18,0,2,35,0,37,24,0,24,61
11/21/2019,BAZ,TX,ASW,CE,Federal Contract Tower,0,0,23,6,29,0,0,37,0,37,0,0,60,6,66,100,2,102,168
11/22/2019,BAZ,TX,ASW,CE,Federal Contract Tower,0,0,9,2,11,0,0,16,0,16,0,0,25,2,27,48,0,48,75
11/23/2019,BAZ,TX,ASW,CE,Federal Contract Tower,0,0,16,0,16,0,0,141,0,141,0,0,157,0,157,184,0,184,341
11/24/2019,BAZ,TX,ASW,CE,Federal Contract Tower,0,2,12,0,14,0,1,79,0,80,0,3,91,0,94,102,0,102,196
11/25/2019,BAZ,TX,ASW,CE,Federal Contract Tower,0,1,18,2,21,0,0,76,2,78,0,1,94,4,99,106,4,110,209
11/26/2019,BAZ,TX,ASW,CE,Federal Contract Tower,0,0,21,8,29,0,1,59,0,60,0,1,80,8,89,112,8,120,209
11/27/2019,BAZ,TX,ASW,CE,Federal Contract Tower,0,0,14,4,18,0,2,30,2,34,0,2,44,6,52,60,6,66,118
11/28/2019,BAZ,TX,ASW,CE,Federal Contract Tower,0,0,6,0,6,0,0,0,0,0,0,0,6,0,6,0,0,0,6
11/29/2019,BAZ,TX,ASW,CE,Federal Contract Tower,0,0,3,0,3,0,0,0,0,0,0,0,3,0,3,0,0,0,3
11/30/2019,BAZ,TX,ASW,CE,Federal Contract Tower,0,0,4,0,4,0,0,29,0,29,0,0,33,0,33,30,0,30,63
12/01/2019,BAZ,TX,ASW,CE,Federal Contract Tower,0,0,13,0,13,0,0,61,0,61,0,0,74,0,74,66,0,66,140
12/02/2019,BAZ,TX,ASW,CE,Federal Contract Tower,0,0,30,6,36,0,2,106,0,108,0,2,136,6,144,182,2,184,328
12/03/2019,BAZ,TX,ASW,CE,Federal Contract Tower,0,0,16,9,25,0,0,66,1,67,0,0,82,10,92,98,4,102,194
12/04/2019,BAZ,TX,ASW,CE,Federal Contract Tower,0,0,18,4,22,0,0,101,2,103,0,0,119,6,125,176,6,182,307
12/05/2019,BAZ,TX,ASW,CE,Federal Contract Tower,0,0,30,5,35,0,0,42,1,43,0,0,72,6,78,86,4,90,168
12/06/2019,BAZ,TX,ASW,CE,Federal Contract Tower,0,0,21,0,21,0,0,103,0,103,0,0,124,0,124,138,0,138,262
12/07/2019,BAZ,TX,ASW,CE,Federal Contract Tower,0,0,6,0,6,0,0,104,0,104,0,0,110,0,110,164,0,164,274
12/08/2019,BAZ,TX,ASW,CE,Federal Contract Tower,0,0,15,0,15,0,0,30,0,30,0,0,45,0,45,22,0,22,67
12/09/2019,BAZ,TX,ASW,CE,Federal Contract Tower,0,0,19,4,23,0,0,70,0,70,0,0,89,4,93,134,4,138,231
12/10/2019,BAZ,TX,ASW,CE,Federal Contract Tower,0,0,12,0,12,0,0,3,0,3,0,0,15,0,15,0,0,0,15
12/11/2019,BAZ,TX,ASW,CE,Federal Contract Tower,0,0,25,8,33,0,0,58,0,58,0,0,83,8,91,86,0,86,177
12/12/2019,BAZ,TX,ASW,CE,Federal Contract Tower,0,0,20,7,27,0,0,70,1,71,0,0,90,8,98,104,16,120,218
12/13/2019,BAZ,TX,ASW,CE,Federal Contract Tower,0,0,14,4,18,0,0,61,2,63,0,0,75,6,81,82,2,84,165
12/14/2019,BAZ,TX,ASW,CE,Federal Contract Tower,0,0,25,0,25,0,0,96,0,96,0,0,121,0,121,106,0,106,227
12/15/2019,BAZ,TX,ASW,CE,Federal Contract Tower,0,0,13,0,13,0,0,58,0,58,0,0,71,0,71,120,0,120,191
12/16/2019,BAZ,TX,ASW,CE,Federal Contract Tower,0,0,13,1,14,0,0,46,1,47,0,0,59,2,61,88,12,100,161
12/17/2019,BAZ,TX,ASW,CE,Federal Contract Tower,0,0,13,8,21,0,2,41,2,45,0,2,54,10,66,92,18,110,176
12/18/2019,BAZ,TX,ASW,CE,Federal Contract Tower,0,0,16,6,22,0,2,108,0,110,0,2,124,6,132,224,2,226,358
12/19/2019,BAZ,TX,ASW,CE,Federal Contract Tower,0,0,17,8,25,0,0,75,0,75,0,0,92,8,100,88,2,90,190
12/21/2019,BAZ,TX,ASW,CE,Federal Contract Tower,0,3,11,0,14,0,2,40,0,42,0,5,51,0,56,72,0,72,128
12/22/2019,BAZ,TX,ASW,CE,Federal Contract Tower,0,2,5,0,7,0,0,60,0,60,0,2,65,0,67,72,0,72,139
12/23/2019,BAZ,TX,ASW,CE,Federal Contract Tower,0,0,22,0,22,0,0,100,0,100,0,0,122,0,122,214,0,214,336
12/24/2019,BAZ,TX,ASW,CE,Federal Contract Tower,0,0,11,0,11,0,0,44,0,44,0,0,55,0,55,18,0,18,73
12/25/2019,BAZ,TX,ASW,CE,Federal Contract Tower,0,3,6,0,9,0,0,14,0,14,0,3,20,0,23,2,0,2,25
12/26/2019,BAZ,TX,ASW,CE,Federal Contract Tower,0,1,22,0,23,0,0,31,0,31,0,1,53,0,54,78,0,78,132
12/27/2019,BAZ,TX,ASW,CE,Federal Contract Tower,0,2,13,0,15,0,0,60,0,60,0,2,73,0,75,150,0,150,225
12/28/2019,BAZ,TX,ASW,CE,Federal Contract Tower,0,0,2,0,2,0,0,5,0,5,0,0,7,0,7,4,0,4,11
12/29/2019,BAZ,TX,ASW,CE,Federal Contract Tower,0,1,7,0,8,0,2,31,0,33,0,3,38,0,41,14,0,14,55
12/30/2019,BAZ,TX,ASW,CE,Federal Contract Tower,0,0,16,0,16,0,0,95,0,95,0,0,111,0,111,232,0,232,343
12/31/2019,BAZ,TX,ASW,CE,Federal Contract Tower,0,0,17,0,17,0,0,80,0,80,0,0,97,0,97,84,0,84,181
01/01/2020,BAZ,TX,ASW,CE,Federal Contract Tower,0,0,9,0,9,0,0,6,0,6,0,0,15,0,15,8,0,8,23
01/02/2020,BAZ,TX,ASW,CE,Federal Contract Tower,0,0,14,0,14,0,0,12,0,12,0,0,26,0,26,28,0,28,54
01/03/2020,BAZ,TX,ASW,CE,Federal Contract Tower,0,0,10,8,18,0,0,72,0,72,0,0,82,8,90,74,4,78,168
01/04/2020,BAZ,TX,ASW,CE,Federal Contract Tower,0,0,11,0,11,0,1,82,0,83,0,1,93,0,94,188,0,188,282
01/05/2020,BAZ,TX,ASW,CE,Federal Contract Tower,0,0,16,0,16,0,0,42,0,42,0,0,58,0,58,48,0,48,106
01/06/2020,BAZ,TX,ASW,CE,Federal Contract Tower,0,0,22,9,31,0,0,78,1,79,0,0,100,10,110,126,6,132,242
01/07/2020,BAZ,TX,ASW,CE,Federal Contract Tower,0,0,19,4,23,0,0,109,0,109,0,0,128,4,132,214,6,220,352
01/08/2020,BAZ,TX,ASW,CE,Federal Contract Tower,0,0,29,8,37,0,1,82,1,84,0,1,111,9,121,160,16,176,297
01/09/2020,BAZ,TX,ASW,CE,Federal Contract Tower,0,0,41,23,64,0,0,22,1,23,0,0,63,24,87,30,10,40,127
01/10/2020,BAZ,TX,ASW,CE,Federal Contract Tower,0,0,6,10,16,0,1,3,0,4,0,1,9,10,20,0,4,4,24
01/11/2020,BAZ,TX,ASW,CE,Federal Contract Tower,0,0,11,0,11,0,0,88,4,92,0,0,99,4,103,68,0,68,171
01/12/2020,BAZ,TX,ASW,CE,Federal Contract Tower,0,0,18,4,22,0,0,89,0,89,0,0,107,4,111,136,4,140,251
01/13/2020,BAZ,TX,ASW,CE,Federal Contract Tower,0,0,8,0,8,0,0,0,0,0,0,0,8,0,8,0,0,0,8
01/14/2020,BAZ,TX,ASW,CE,Federal Contract Tower,0,0,18,4,22,0,0,19,0,19,0,0,37,4,41,90,0,90,131
01/15/2020,BAZ,TX,ASW,CE,Federal Contract Tower,0,0,25,14,39,0,0,44,2,46,0,0,69,16,85,164,18,182,267
01/16/2020,BAZ,TX,ASW,CE,Federal Contract Tower,0,0,12,0,12,0,0,0,0,0,0,0,12,0,12,0,0,0,12
01/17/2020,BAZ,TX,ASW,CE,Federal Contract Tower,0,0,13,0,13,0,0,0,0,0,0,0,13,0,13,0,0,0,13
01/18/2020,BAZ,TX,ASW,CE,Federal Contract Tower,0,0,17,2,19,0,0,58,0,58,0,0,75,2,77,76,8,84,161
01/19/2020,BAZ,TX,ASW,CE,Federal Contract Tower,0,1,18,0,19,0,4,60,0,64,0,5,78,0,83,50,0,50,133
01/20/2020,BAZ,TX,ASW,CE,Federal Contract Tower,0,3,26,0,29,0,1,115,0,116,0,4,141,0,145,202,0,202,347
01/21/2020,BAZ,TX,ASW,CE,Federal Contract Tower,0,2,14,6,22,0,1,88,0,89,0,3,102,6,111,144,0,144,255
01/22/2020,BAZ,TX,ASW,CE,Federal Contract Tower,0,0,6,0,6,0,0,0,0,0,0,0,6,0,6,0,0,0,6
01/23/2020,BAZ,TX,ASW,CE,Federal Contract Tower,0,2,24,6,32,0,0,96,1,97,0,2,120,7,129,176,4,180,309
01/24/2020,BAZ,TX,ASW,CE,Federal Contract Tower,0,0,15,2,17,0,2,127,3,132,0,2,142,5,149,280,10,290,439
01/25/2020,BAZ,TX,ASW,CE,Federal Contract Tower,0,0,13,0,13,0,0,78,0,78,0,0,91,0,91,172,0,172,263
01/26/2020,BAZ,TX,ASW,CE,Federal Contract Tower,0,0,11,0,11,0,0,90,0,90,0,0,101,0,101,146,0,146,247
01/27/2020,BAZ,TX,ASW,CE,Federal Contract Tower,0,0,10,15,25,0,0,75,1,76,0,0,85,16,101,182,14,196,297
01/28/2020,BAZ,TX,ASW,CE,Federal Contract Tower,0,0,16,4,20,0,0,8,0,8,0,0,24,4,28,14,10,24,52
01/29/2020,BAZ,TX,ASW,CE,Federal Contract Tower,0,0,33,3,36,0,0,116,1,117,0,0,149,4,153,252,14,266,419
01/30/2020,BAZ,TX,ASW,CE,Federal Contract Tower,0,0,21,2,23,0,1,2,0,3,0,1,23,2,26,4,0,4,30
01/31/2020,BAZ,TX,ASW,CE,Federal Contract Tower,0,0,20,14,34,0,0,120,0,120,0,0,140,14,154,208,14,222,376
02/01/2020,BAZ,TX,ASW,CE,Federal Contract Tower,0,0,19,0,19,0,0,122,2,124,0,0,141,2,143,174,10,184,327
02/02/2020,BAZ,TX,ASW,CE,Federal Contract Tower,0,0,19,0,19,0,2,44,0,46,0,2,63,0,65,52,0,52,117
02/03/2020,BAZ,TX,ASW,CE,Federal Contract Tower,0,0,13,3,16,0,2,33,0,35,0,2,46,3,51,48,0,48,99
02/04/2020,BAZ,TX,ASW,CE,Federal Contract Tower,0,0,24,13,37,0,0,72,1,73,0,0,96,14,110,190,6,196,306
02/05/2020,BAZ,TX,ASW,CE,Federal Contract Tower,0,0,7,4,11,0,0,7,0,7,0,0,14,4,18,16,2,18,36
02/06/2020,BAZ,TX,ASW,CE,Federal Contract Tower,0,0,38,4,42,0,0,70,2,72,0,0,108,6,114,84,14,98,212
02/07/2020,BAZ,TX,ASW,CE,Federal Contract Tower,0,0,16,6,22,0,0,87,0,87,0,0,103,6,109,94,0,94,203
02/08/2020,BAZ,TX,ASW,CE,Federal Contract Tower,0,0,24,0,24,0,0,31,4,35,0,0,55,4,59,72,0,72,131
02/09/2020,BAZ,TX,ASW,CE,Federal Contract Tower,0,0,6,0,6,0,4,5,0,9,0,4,11,0,15,10,0,10,25
02/10/2020,BAZ,TX,ASW,CE,Federal Contract Tower,0,1,11,0,12,0,0,0,0,0,0,1,11,0,12,0,0,0,12
02/11/2020,BAZ,TX,ASW,CE,Federal Contract Tower,0,2,6,0,8,0,0,0,0,0,0,2,6,0,8,0,0,0,8
02/12/2020,BAZ,TX,ASW,CE,Federal Contract Tower,0,1,25,0,26,0,0,50,0,50,0,1,75,0,76,152,0,152,228
02/13/2020,BAZ,TX,ASW,CE,Federal Contract Tower,0,2,5,0,7,0,2,101,0,103,0,4,106,0,110,150,0,150,260
02/14/2020,BAZ,TX,ASW,CE,Federal Contract Tower,0,0,20,2,22,0,0,124,2,126,0,0,144,4,148,196,0,196,344
02/15/2020,BAZ,TX,ASW,CE,Federal Contract Tower,0,0,8,2,10,0,4,69,2,75,0,4,77,4,85,134,6,140,225
02/16/2020,BAZ,TX,ASW,CE,Federal Contract Tower,0,1,22,0,23,0,1,67,0,68,0,2,89,0,91,92,0,92,183
02/17/2020,BAZ,TX,ASW,CE,Federal Contract Tower,0,1,25,0,26,0,1,45,0,46,0,2,70,0,72,124,0,124,196
02/18/2020,BAZ,TX,ASW,CE,Federal Contract Tower,0,0,21,14,35,0,0,14,0,14,0,0,35,14,49,34,26,60,109
02/19/2020,BAZ,TX,ASW,CE,Federal Contract Tower,0,0,15,0,15,0,0,2,0,2,0,0,17,0,17,0,0,0,17
02/20/2020,BAZ,TX,ASW,CE,Federal Contract Tower,0,3,7,0,10,0,2,2,0,4,0,5,9,0,14,0,0,0,14
02/21/2020,BAZ,TX,ASW,CE,Federal Contract Tower,0,0,26,7,33,0,0,142,0,142,0,0,168,7,175,158,0,158,333
02/22/2020,BAZ,TX,ASW,CE,Federal Contract Tower,0,0,8,0,8,0,0,105,0,105,0,0,113,0,113,118,0,118,231
02/23/2020,BAZ,TX,ASW,CE,Federal Contract Tower,0,1,21,0,22,0,0,12,0,12,0,1,33,0,34,34,0,34,68
02/24/2020,BAZ,TX,ASW,CE,Federal Contract Tower,0,0,23,8,31,0,0,100,0,100,0,0,123,8,131,236,0,236,367
02/25/2020,BAZ,TX,ASW,CE,Federal Contract Tower,0,1,16,15,32,0,0,116,5,121,0,1,132,20,153,154,20,174,327
02/26/2020,BAZ,TX,ASW,CE,Federal Contract Tower,0,4,12,4,20,0,0,34,0,34,0,4,46,4,54,76,2,78,132
02/27/2020,BAZ,TX,ASW,CE,Federal Contract Tower,0,0,28,2,30,0,1,87,0,88,0,1,115,2,118,172,0,172,290
02/28/2020,BAZ,TX,ASW,CE,Federal Contract Tower,0,2,35,3,40,0,0,133,1,134,0,2,168,4,174,196,6,202,376
02/29/2020,BAZ,TX,ASW,CE,Federal Contract Tower,0,2,16,0,18,0,0,106,0,106,0,2,122,0,124,94,0,94,218
03/01/2020,BAZ,TX,ASW,CE,Federal Contract Tower,0,0,19,0,19,0,0,39,0,39,0,0,58,0,58,58,0,58,116
03/02/2020,BAZ,TX,ASW,CE,Federal Contract Tower,0,2,30,10,42,0,0,61,0,61,0,2,91,10,103,130,10,140,243
03/03/2020,BAZ,TX,ASW,CE,Federal Contract Tower,0,2,13,8,23,0,0,25,0,25,0,2,38,8,48,56,0,56,104
03/04/2020,BAZ,TX,ASW,CE,Federal Contract Tower,0,2,20,2,24,0,0,8,3,11,0,2,28,5,35,16,0,16,51
03/05/2020,BAZ,TX,ASW,CE,Federal Contract Tower,0,0,13,8,21,0,0,99,3,102,0,0,112,11,123,100,18,118,241
03/06/2020,BAZ,TX,ASW,CE,Federal Contract Tower,0,0,16,2,18,0,0,93,2,95,0,0,109,4,113,158,2,160,273
03/07/2020,BAZ,TX,ASW,CE,Federal Contract Tower,0,0,3,0,3,0,0,76,0,76,0,0,79,0,79,118,0,118,197
03/08/2020,BAZ,TX,ASW,CE,Federal Contract Tower,0,0,14,8,22,0,0,25,0,25,0,0,39,8,47,4,8,12,59
03/09/2020,BAZ,TX,ASW,CE,Federal Contract Tower,0,0,10,2,12,0,1,8,0,9,0,1,18,2,21,0,2,2,23
03/10/2020,BAZ,TX,ASW,CE,Federal Contract Tower,0,0,21,8,29,0,0,50,0,50,0,0,71,8,79,114,2,116,195
03/11/2020,BAZ,TX,ASW,CE,Federal Contract Tower,0,0,30,0,30,0,1,86,0,87,0,1,116,0,117,160,0,160,277
03/12/2020,BAZ,TX,ASW,CE,Federal Contract Tower,0,0,17,10,27,0,0,97,0,97,0,0,114,10,124,168,0,168,292
03/13/2020,BAZ,TX,ASW,CE,Federal Contract Tower,0,1,18,4,23,0,0,51,0,51,0,1,69,4,74,116,0,116,190
03/14/2020,BAZ,TX,ASW,CE,Federal Contract Tower,0,0,13,0,13,0,0,37,0,37,0,0,50,0,50,42,0,42,92
03/15/2020,BAZ,TX,ASW,CE,Federal Contract Tower,0,0,11,0,11,0,0,0,0,0,0,0,11,0,11,0,0,0,11
03/16/2020,BAZ,TX,ASW,CE,Federal Contract Tower,0,0,25,6,31,0,2,18,0,20,0,2,43,6,51,48,0,48,99
03/17/2020,BAZ,TX,ASW,CE,Federal Contract Tower,0,0,22,6,28,0,0,15,0,15,0,0,37,6,43,8,6,14,57
03/18/2020,BAZ,TX,ASW,CE,Federal Contract Tower,0,0,54,18,72,0,0,57,0,57,0,0,111,18,129,162,0,162,291
03/19/2020,BAZ,TX,ASW,CE,Federal Contract Tower,0,0,23,12,35,0,0,36,0,36,0,0,59,12,71,156,0,156,227
03/20/2020,BAZ,TX,ASW,CE,Federal Contract Tower,0,2,4,0,6,0,0,2,0,2,0,2,6,0,8,0,0,0,8
03/21/2020,BAZ,TX,ASW,CE,Federal Contract Tower,0,0,4,0,4,0,0,1,0,1,0,0,5,0,5,0,0,0,5
03/22/2020,BAZ,TX,ASW,CE,Federal Contract Tower,0,0,3,0,3,0,0,0,0,0,0,0,3,0,3,0,0,0,3
03/23/2020,BAZ,TX,ASW,CE,Federal Contract Tower,0,0,14,6,20,0,2,35,0,37,0,2,49,6,57,40,0,40,97
03/24/2020,BAZ,TX,ASW,CE,Federal Contract Tower,0,0,11,10,21,0,0,68,2,70,0,0,79,12,91,80,14,94,185
03/25/2020,BAZ,TX,ASW,CE,Federal Contract Tower,0,0,12,2,14,0,0,46,0,46,0,0,58,2,60,0,0,0,60
03/26/2020,BAZ,TX,ASW,CE,Federal Contract Tower,0,0,10,0,10,0,2,40,0,42,0,2,50,0,52,0,0,0,52
03/27/2020,BAZ,TX,ASW,CE,Federal Contract Tower,0,0,4,0,4,0,0,45,0,45,0,0,49,0,49,0,0,0,49
03/28/2020,BAZ,TX,ASW,CE,Federal Contract Tower,0,0,2,0,2,0,0,17,0,17,0,0,19,0,19,0,0,0,19
03/29/2020,BAZ,TX,ASW,CE,Federal Contract Tower,0,0,5,0,5,0,0,39,0,39,0,0,44,0,44,2,0,2,46
03/30/2020,BAZ,TX,ASW,CE,Federal Contract Tower,0,0,3,0,3,0,0,0,0,0,0,0,3,0,3,0,0,0,3
03/31/2020,BAZ,TX,ASW,CE,Federal Contract Tower,0,0,17,0,17,0,0,95,0,95,0,0,112,0,112,0,0,0,112
04/01/2020,BAZ,TX,ASW,CE,Federal Contract Tower,0,0,16,0,16,0,0,104,0,104,0,0,120,0,120,0,0,0,120
04/02/2020,BAZ,TX,ASW,CE,Federal Contract Tower,0,1,12,0,13,0,0,5,0,5,0,1,17,0,18,0,0,0,18
04/03/2020,BAZ,TX,ASW,CE,Federal Contract Tower,0,0,1,0,1,0,0,1,0,1,0,0,2,0,2,0,0,0,2
04/04/2020,BAZ,TX,ASW,CE,Federal Contract Tower,0,0,0,0,0,0,0,0,0,0,0,0,0,0,0,0,0,0,0
04/05/2020,BAZ,TX,ASW,CE,Federal Contract Tower,0,0,4,0,4,0,0,0,0,0,0,0,4,0,4,0,0,0,4
04/06/2020,BAZ,TX,ASW,CE,Federal Contract Tower,0,0,22,0,22,0,2,15,0,17,0,2,37,0,39,2,0,2,41
04/07/2020,BAZ,TX,ASW,CE,Federal Contract Tower,0,0,12,0,12,0,0,17,0,17,0,0,29,0,29,0,0,0,29
04/08/2020,BAZ,TX,ASW,CE,Federal Contract Tower,0,2,15,0,17,0,0,55,0,55,0,2,70,0,72,2,0,2,74
04/09/2020,BAZ,TX,ASW,CE,Federal Contract Tower,0,0,8,0,8,0,1,36,0,37,0,1,44,0,45,2,0,2,47
04/10/2020,BAZ,TX,ASW,CE,Federal Contract Tower,0,2,9,0,11,0,0,15,0,15,0,2,24,0,26,0,0,0,26
04/12/2020,BAZ,TX,ASW,CE,Federal Contract Tower,0,0,2,0,2,0,1,6,0,7,0,1,8,0,9,0,0,0,9
04/13/2020,BAZ,TX,ASW,CE,Federal Contract Tower,0,0,7,8,15,0,5,75,0,80,0,5,82,8,95,4,0,4,99
04/14/2020,BAZ,TX,ASW,CE,Federal Contract Tower,0,0,14,8,22,0,0,79,0,79,0,0,93,8,101,4,4,8,109
04/15/2020,BAZ,TX,ASW,CE,Federal Contract Tower,0,0,6,15,21,0,0,110,1,111,0,0,116,16,132,2,6,8,140
04/16/2020,BAZ,TX,ASW,CE,Federal Contract Tower,0,0,11,4,15,0,0,93,0,93,0,0,104,4,108,0,4,4,112
04/17/2020,BAZ,TX,ASW,CE,Federal Contract Tower,0,0,11,22,33,0,0,9,3,12,0,0,20,25,45,0,10,10,55
04/18/2020,BAZ,TX,ASW,CE,Federal Contract Tower,0,0,2,14,16,0,0,6,0,6,0,0,8,14,22,4,0,4,26
04/19/2020,BAZ,TX,ASW,CE,Federal Contract Tower,0,0,5,0,5,0,0,34,2,36,0,0,39,2,41,22,2,24,65
04/20/2020,BAZ,TX,ASW,CE,Federal Contract Tower,0,2,21,6,29,0,4,104,2,110,0,6,125,8,139,256,8,264,403
04/21/2020,BAZ,TX,ASW,CE,Federal Contract Tower,0,4,24,4,32,0,0,83,0,83,0,4,107,4,115,60,0,60,175
04/22/2020,BAZ,TX,ASW,CE,Federal Contract Tower,0,0,1,2,3,0,1,5,0,6,0,1,6,2,9,16,0,16,25
04/23/2020,BAZ,TX,ASW,CE,Federal Contract Tower,0,0,33,2,35,0,1,122,0,123,0,1,155,2,158,178,0,178,336
04/24/2020,BAZ,TX,ASW,CE,Federal Contract Tower,0,0,10,18,28,0,0,59,0,59,0,0,69,18,87,74,10,84,171
04/25/2020,BAZ,TX,ASW,CE,Federal Contract Tower,0,0,3,2,5,0,3,47,0,50,0,3,50,2,55,14,0,14,69
04/26/2020,BAZ,TX,ASW,CE,Federal Contract Tower,0,0,2,0,2,0,0,112,0,112,0,0,114,0,114,94,0,94,208
04/27/2020,BAZ,TX,ASW,CE,Federal Contract Tower,0,1,12,2,15,0,0,68,2,70,0,1,80,4,85,130,14,144,229
04/28/2020,BAZ,TX,ASW,CE,Federal Contract Tower,0,0,9,12,21,0,2,38,0,40,0,2,47,12,61,62,12,74,135
04/29/2020,BAZ,TX,ASW,CE,Federal Contract Tower,0,0,14,4,18,0,6,36,0,42,0,6,50,4,60,28,0,28,88
04/30/2020,BAZ,TX,ASW,CE,Federal Contract Tower,0,0,19,10,29,0,0,175,0,175,0,0,194,10,204,232,0,232,436
05/01/2020,BAZ,TX,ASW,CE,Federal Contract Tower,0,0,6,6,12,0,0,110,0,110,0,0,116,6,122,120,6,126,248
05/02/2020,BAZ,TX,ASW,CE,Federal Contract Tower,0,1,3,2,6,0,0,49,0,49,0,1,52,2,55,56,0,56,111
05/03/2020,BAZ,TX,ASW,CE,Federal Contract Tower,0,0,7,0,7,0,0,51,0,51,0,0,58,0,58,60,0,60,118
05/04/2020,BAZ,TX,ASW,CE,Federal Contract Tower,0,2,33,16,51,0,2,82,1,85,0,4,115,17,136,106,30,136,272
05/05/2020,BAZ,TX,ASW,CE,Federal Contract Tower,0,1,17,8,26,0,0,86,0,86,0,1,103,8,112,124,2,126,238
05/06/2020,BAZ,TX,ASW,CE,Federal Contract Tower,0,1,17,0,18,0,0,101,0,101,0,1,118,0,119,70,0,70,189
05/07/2020,BAZ,TX,ASW,CE,Federal Contract Tower,0,1,24,3,28,0,9,97,1,107,0,10,121,4,135,220,22,242,377
05/08/2020,BAZ,TX,ASW,CE,Federal Contract Tower,0,3,17,2,22,0,4,48,2,54,0,7,65,4,76,46,16,62,138
05/09/2020,BAZ,TX,ASW,CE,Federal Contract Tower,0,0,9,0,9,0,0,69,0,69,0,0,78,0,78,132,0,132,210
05/10/2020,BAZ,TX,ASW,CE,Federal Contract Tower,0,0,7,0,7,0,0,77,0,77,0,0,84,0,84,52,0,52,136
05/11/2020,BAZ,TX,ASW,CE,Federal Contract Tower,0,1,26,6,33,0,0,102,2,104,0,1,128,8,137,126,6,132,269
05/12/2020,BAZ,TX,ASW,CE,Federal Contract Tower,0,1,1,0,2,0,0,2,0,2,0,1,3,0,4,0,0,0,4
05/13/2020,BAZ,TX,ASW,CE,Federal Contract Tower,0,0,12,6,18,0,0,34,0,34,0,0,46,6,52,58,0,58,110
05/14/2020,BAZ,TX,ASW,CE,Federal Contract Tower,0,0,17,6,23,0,2,76,0,78,0,2,93,6,101,104,2,106,207
05/15/2020,BAZ,TX,ASW,CE,Federal Contract Tower,0,0,24,10,34,0,0,37,0,37,0,0,61,10,71,90,0,90,161
05/16/2020,BAZ,TX,ASW,CE,Federal Contract Tower,0,0,9,6,15,0,1,57,0,58,0,1,66,6,73,80,0,80,153
05/17/2020,BAZ,TX,ASW,CE,Federal Contract Tower,0,0,6,4,10,0,0,106,0,106,0,0,112,4,116,96,0,96,212
05/18/2020,BAZ,TX,ASW,CE,Federal Contract Tower,0,0,6,8,14,0,2,121,0,123,0,2,127,8,137,128,2,130,267
05/19/2020,BAZ,TX,ASW,CE,Federal Contract Tower,0,0,18,0,18,0,0,140,0,140,0,0,158,0,158,244,0,244,402
05/20/2020,BAZ,TX,ASW,CE,Federal Contract Tower,0,0,27,6,33,0,2,108,2,112,0,2,135,8,145,84,6,90,235
05/21/2020,BAZ,TX,ASW,CE,Federal Contract Tower,0,0,32,8,40,0,1,91,2,94,0,1,123,10,134,200,10,210,344
05/22/2020,BAZ,TX,ASW,CE,Federal Contract Tower,0,0,25,0,25,0,0,63,0,63,0,0,88,0,88,102,0,102,190
05/23/2020,BAZ,TX,ASW,CE,Federal Contract Tower,0,0,17,0,17,0,0,44,0,44,0,0,61,0,61,52,0,52,113
05/24/2020,BAZ,TX,ASW,CE,Federal Contract Tower,0,0,8,0,8,0,0,48,0,48,0,0,56,0,56,28,0,28,84
05/25/2020,BAZ,TX,ASW,CE,Federal Contract Tower,0,0,10,0,10,0,0,38,0,38,0,0,48,0,48,108,0,108,156
05/26/2020,BAZ,TX,ASW,CE,Federal Contract Tower,0,0,20,2,22,0,1,73,0,74,0,1,93,2,96,208,0,208,304
05/27/2020,BAZ,TX,ASW,CE,Federal Contract Tower,0,0,18,4,22,0,0,139,0,139,0,0,157,4,161,176,2,178,339
05/28/2020,BAZ,TX,ASW,CE,Federal Contract Tower,0,0,22,4,26,0,1,83,0,84,0,1,105,4,110,88,2,90,200
05/29/2020,BAZ,TX,ASW,CE,Federal Contract Tower,0,0,24,2,26,0,0,134,2,136,0,0,158,4,162,110,6,116,278
05/30/2020,BAZ,TX,ASW,CE,Federal Contract Tower,0,0,8,0,8,0,0,106,0,106,0,0,114,0,114,74,0,74,188
05/31/2020,BAZ,TX,ASW,CE,Federal Contract Tower,0,0,17,0,17,0,1,43,0,44,0,1,60,0,61,44,0,44,105
06/01/2020,BAZ,TX,ASW,CE,Federal Contract Tower,0,1,14,2,17,0,1,34,0,35,0,2,48,2,52,92,2,94,146
06/02/2020,BAZ,TX,ASW,CE,Federal Contract Tower,0,0,19,0,19,0,0,23,0,23,0,0,42,0,42,20,0,20,62
06/03/2020,BAZ,TX,ASW,CE,Federal Contract Tower,0,0,27,4,31,0,0,82,0,82,0,0,109,4,113,182,0,182,295
06/04/2020,BAZ,TX,ASW,CE,Federal Contract Tower,0,0,35,14,49,0,0,95,0,95,0,0,130,14,144,170,6,176,320
06/05/2020,BAZ,TX,ASW,CE,Federal Contract Tower,0,0,24,10,34,0,0,89,0,89,0,0,113,10,123,168,4,172,295
06/06/2020,BAZ,TX,ASW,CE,Federal Contract Tower,0,0,12,0,12,0,0,130,0,130,0,0,142,0,142,152,0,152,294
06/07/2020,BAZ,TX,ASW,CE,Federal Contract Tower,0,0,6,8,14,0,0,82,0,82,0,0,88,8,96,48,0,48,144
06/08/2020,BAZ,TX,ASW,CE,Federal Contract Tower,0,2,13,2,17,0,0,96,0,96,0,2,109,2,113,92,4,96,209
06/09/2020,BAZ,TX,ASW,CE,Federal Contract Tower,0,0,26,6,32,0,0,77,0,77,0,0,103,6,109,138,4,142,251
06/10/2020,BAZ,TX,ASW,CE,Federal Contract Tower,0,1,29,2,32,0,2,112,0,114,0,3,141,2,146,116,0,116,262
06/11/2020,BAZ,TX,ASW,CE,Federal Contract Tower,0,0,15,4,19,0,0,117,2,119,0,0,132,6,138,108,18,126,264
06/12/2020,BAZ,TX,ASW,CE,Federal Contract Tower,0,3,33,2,38,0,0,109,0,109,0,3,142,2,147,166,2,168,315
06/13/2020,BAZ,TX,ASW,CE,Federal Contract Tower,0,0,20,10,30,0,0,82,0,82,0,0,102,10,112,62,0,62,174
06/14/2020,BAZ,TX,ASW,CE,Federal Contract Tower,0,0,17,4,21,0,0,85,0,85,0,0,102,4,106,60,0,60,166
06/15/2020,BAZ,TX,ASW,CE,Federal Contract Tower,0,0,21,8,29,0,0,71,4,75,0,0,92,12,104,90,10,100,204
06/16/2020,BAZ,TX,ASW,CE,Federal Contract Tower,0,1,32,6,39,0,0,72,0,72,0,1,104,6,111,154,6,160,271
06/17/2020,BAZ,TX,ASW,CE,Federal Contract Tower,0,0,47,14,61,0,0,117,4,121,0,0,164,18,182,260,4,264,446
06/18/2020,BAZ,TX,ASW,CE,Federal Contract Tower,0,2,43,5,50,0,0,80,0,80,0,2,123,5,130,212,6,218,348
06/19/2020,BAZ,TX,ASW,CE,Federal Contract Tower,0,0,27,0,27,0,0,67,0,67,0,0,94,0,94,168,0,168,262
06/20/2020,BAZ,TX,ASW,CE,Federal Contract Tower,0,2,27,2,31,0,0,45,0,45,0,2,72,2,76,84,0,84,160
06/21/2020,BAZ,TX,ASW,CE,Federal Contract Tower,0,0,43,0,43,0,0,48,0,48,0,0,91,0,91,36,0,36,127
06/22/2020,BAZ,TX,ASW,CE,Federal Contract Tower,0,2,34,4,40,0,2,76,0,78,0,4,110,4,118,120,0,120,238
06/23/2020,BAZ,TX,ASW,CE,Federal Contract Tower,0,0,25,2,27,0,4,47,0,51,0,4,72,2,78,54,2,56,134
06/24/2020,BAZ,TX,ASW,CE,Federal Contract Tower,0,0,31,12,43,0,0,73,0,73,0,0,104,12,116,114,2,116,232
06/25/2020,BAZ,TX,ASW,CE,Federal Contract Tower,0,0,29,2,31,0,1,80,0,81,0,1,109,2,112,124,2,126,238
06/26/2020,BAZ,TX,ASW,CE,Federal Contract Tower,0,1,13,0,14,0,0,0,0,0,0,1,13,0,14,0,0,0,14
06/27/2020,BAZ,TX,ASW,CE,Federal Contract Tower,0,0,18,0,18,0,2,16,0,18,0,2,34,0,36,0,0,0,36
06/28/2020,BAZ,TX,ASW,CE,Federal Contract Tower,0,0,19,0,19,0,0,24,0,24,0,0,43,0,43,2,0,2,45
06/29/2020,BAZ,TX,ASW,CE,Federal Contract Tower,0,0,49,8,57,0,2,33,4,39,0,2,82,12,96,52,14,66,162
06/30/2020,BAZ,TX,ASW,CE,Federal Contract Tower,0,2,21,6,29,0,0,54,0,54,0,2,75,6,83,88,10,98,181
07/01/2020,BAZ,TX,ASW,CE,Federal Contract Tower,0,4,56,8,68,0,0,60,4,64,0,4,116,12,132,134,22,156,288
07/02/2020,BAZ,TX,ASW,CE,Federal Contract Tower,0,2,32,4,38,0,0,94,0,94,0,2,126,4,132,124,2,126,258
07/03/2020,BAZ,TX,ASW,CE,Federal Contract Tower,0,1,9,0,10,0,0,88,0,88,0,1,97,0,98,74,0,74,172
07/04/2020,BAZ,TX,ASW,CE,Federal Contract Tower,0,0,3,0,3,0,0,130,0,130,0,0,133,0,133,62,0,62,195
07/05/2020,BAZ,TX,ASW,CE,Federal Contract Tower,0,0,13,0,13,0,0,67,0,67,0,0,80,0,80,64,0,64,144
07/06/2020,BAZ,TX,ASW,CE,Federal Contract Tower,0,2,11,0,13,0,0,66,0,66,0,2,77,0,79,108,0,108,187
07/07/2020,BAZ,TX,ASW,CE,Federal Contract Tower,0,0,25,11,36,0,0,83,1,84,0,0,108,12,120,142,6,148,268
07/08/2020,BAZ,TX,ASW,CE,Federal Contract Tower,0,0,25,4,29,0,0,82,0,82,0,0,107,4,111,202,4,206,317
07/09/2020,BAZ,TX,ASW,CE,Federal Contract Tower,0,2,26,2,30,0,0,69,2,71,0,2,95,4,101,88,0,88,189
07/10/2020,BAZ,TX,ASW,CE,Federal Contract Tower,0,0,17,10,27,0,1,77,0,78,0,1,94,10,105,100,8,108,213
07/11/2020,BAZ,TX,ASW,CE,Federal Contract Tower,0,0,7,0,7,0,2,84,0,86,0,2,91,0,93,72,0,72,165
07/12/2020,BAZ,TX,ASW,CE,Federal Contract Tower,0,0,7,4,11,0,5,66,0,71,0,5,73,4,82,14,0,14,96
07/13/2020,BAZ,TX,ASW,CE,Federal Contract Tower,0,0,10,6,16,0,0,110,2,112,0,0,120,8,128,332,6,338,466
07/14/2020,BAZ,TX,ASW,CE,Federal Contract Tower,0,0,5,8,13,0,0,84,2,86,0,0,89,10,99,364,10,374,473
07/15/2020,BAZ,TX,ASW,CE,Federal Contract Tower,0,0,16,14,30,0,0,88,0,88,0,0,104,14,118,8,0,8,126
07/16/2020,BAZ,TX,ASW,CE,Federal Contract Tower,0,0,20,13,33,0,0,131,3,134,0,0,151,16,167,198,0,198,365
07/17/2020,BAZ,TX,ASW,CE,Federal Contract Tower,0,0,13,5,18,0,0,133,3,136,0,0,146,8,154,202,12,214,368
07/18/2020,BAZ,TX,ASW,CE,Federal Contract Tower,0,0,15,6,21,0,0,133,0,133,0,0,148,6,154,118,4,122,276
07/19/2020,BAZ,TX,ASW,CE,Federal Contract Tower,0,0,12,0,12,0,0,0,0,0,0,0,12,0,12,78,8,86,98
07/20/2020,BAZ,TX,ASW,CE,Federal Contract Tower,0,0,12,0,12,0,0,98,2,100,0,0,110,2,112,178,8,186,298
07/21/2020,BAZ,TX,ASW,CE,Federal Contract Tower,0,0,27,12,39,0,4,80,0,84,0,4,107,12,123,168,6,174,297
07/22/2020,BAZ,TX,ASW,CE,Federal Contract Tower,0,2,24,10,36,0,3,110,2,115,0,5,134,12,151,126,16,142,293
07/23/2020,BAZ,TX,ASW,CE,Federal Contract Tower,0,0,25,8,33,0,3,62,0,65,0,3,87,8,98,104,4,108,206
07/24/2020,BAZ,TX,ASW,CE,Federal Contract Tower,0,0,23,2,25,0,0,78,2,80,0,0,101,4,105,106,6,112,217
07/25/2020,BAZ,TX,ASW,CE,Federal Contract Tower,0,0,11,0,11,0,0,9,0,9,0,0,20,0,20,8,0,8,28
07/26/2020,BAZ,TX,ASW,CE,Federal Contract Tower,0,0,8,0,8,0,2,36,0,38,0,2,44,0,46,34,0,34,80
07/27/2020,BAZ,TX,ASW,CE,Federal Contract Tower,0,0,20,10,30,0,0,59,0,59,0,0,79,10,89,100,0,100,189
07/28/2020,BAZ,TX,ASW,CE,Federal Contract Tower,0,0,22,0,22,0,0,84,4,88,0,0,106,4,110,113,0,113,223
07/29/2020,BAZ,TX,ASW,CE,Federal Contract Tower,0,0,39,10,49,0,0,96,0,96,0,0,135,10,145,170,0,170,315
07/30/2020,BAZ,TX,ASW,CE,Federal Contract Tower,0,0,28,2,30,0,2,90,0,92,0,2,118,2,122,78,2,80,202
07/31/2020,BAZ,TX,ASW,CE,Federal Contract Tower,0,0,22,2,24,0,0,75,0,75,0,0,97,2,99,96,2,98,197
08/01/2020,BAZ,TX,ASW,CE,Federal Contract Tower,0,0,7,0,7,0,0,86,0,86,0,0,93,0,93,76,0,76,169
08/02/2020,BAZ,TX,ASW,CE,Federal Contract Tower,0,0,8,0,8,0,0,97,0,97,0,0,105,0,105,78,0,78,183
08/03/2020,BAZ,TX,ASW,CE,Federal Contract Tower,0,0,18,1,19,0,0,110,1,111,0,0,128,2,130,164,4,168,298
08/04/2020,BAZ,TX,ASW,CE,Federal Contract Tower,0,0,30,10,40,0,3,110,0,113,0,3,140,10,153,208,8,216,369
08/05/2020,BAZ,TX,ASW,CE,Federal Contract Tower,0,0,39,0,39,0,3,114,0,117,0,3,153,0,156,248,0,248,404
08/06/2020,BAZ,TX,ASW,CE,Federal Contract Tower,0,2,34,5,41,0,1,92,3,96,0,3,126,8,137,102,12,114,251
08/07/2020,BAZ,TX,ASW,CE,Federal Contract Tower,0,0,29,0,29,0,0,87,2,89,0,0,116,2,118,182,10,192,310
08/08/2020,BAZ,TX,ASW,CE,Federal Contract Tower,0,2,7,0,9,0,0,81,0,81,0,2,88,0,90,64,0,64,154
08/09/2020,BAZ,TX,ASW,CE,Federal Contract Tower,0,0,9,0,9,0,2,45,0,47,0,2,54,0,56,84,0,84,140
08/10/2020,BAZ,TX,ASW,CE,Federal Contract Tower,0,0,22,10,32,0,0,88,0,88,0,0,110,10,120,76,4,80,200
08/11/2020,BAZ,TX,ASW,CE,Federal Contract Tower,0,0,23,10,33,0,0,81,2,83,0,0,104,12,116,246,6,252,368
08/12/2020,BAZ,TX,ASW,CE,Federal Contract Tower,0,0,21,4,25,0,0,69,0,69,0,0,90,4,94,90,0,90,184
08/13/2020,BAZ,TX,ASW,CE,Federal Contract Tower,0,0,23,0,23,0,0,119,4,123,0,0,142,4,146,160,22,182,328
08/14/2020,BAZ,TX,ASW,CE,Federal Contract Tower,0,0,25,5,30,0,0,86,1,87,0,0,111,6,117,219,4,223,340
08/15/2020,BAZ,TX,ASW,CE,Federal Contract Tower,0,1,14,2,17,0,4,81,0,85,0,5,95,2,102,124,0,124,226
08/16/2020,BAZ,TX,ASW,CE,Federal Contract Tower,0,0,6,0,6,0,5,79,0,84,0,5,85,0,90,56,0,56,146
08/17/2020,BAZ,TX,ASW,CE,Federal Contract Tower,0,2,11,0,13,0,3,83,2,88,0,5,94,2,101,122,0,122,223
08/18/2020,BAZ,TX,ASW,CE,Federal Contract Tower,0,0,9,0,9,0,0,124,0,124,0,0,133,0,133,188,0,188,321
08/19/2020,BAZ,TX,ASW,CE,Federal Contract Tower,0,0,18,0,18,0,0,125,4,129,0,0,143,4,147,130,6,136,283
08/20/2020,BAZ,TX,ASW,CE,Federal Contract Tower,0,0,19,4,23,0,0,124,0,124,0,0,143,4,147,276,0,276,423
08/21/2020,BAZ,TX,ASW,CE,Federal Contract Tower,0,0,27,4,31,0,3,104,0,107,0,3,131,4,138,164,0,164,302
08/22/2020,BAZ,TX,ASW,CE,Federal Contract Tower,0,0,3,0,3,0,0,23,0,23,0,0,26,0,26,10,0,10,36
08/23/2020,BAZ,TX,ASW,CE,Federal Contract Tower,0,0,6,0,6,0,0,143,0,143,0,0,149,0,149,118,0,118,267
08/24/2020,BAZ,TX,ASW,CE,Federal Contract Tower,0,0,9,4,13,0,0,98,2,100,0,0,107,6,113,150,6,156,269
08/25/2020,BAZ,TX,ASW,CE,Federal Contract Tower,0,0,13,8,21,0,1,88,4,93,0,1,101,12,114,136,14,150,264
08/26/2020,BAZ,TX,ASW,CE,Federal Contract Tower,0,1,37,2,40,0,2,69,2,73,0,3,106,4,113,154,0,154,267
08/27/2020,BAZ,TX,ASW,CE,Federal Contract Tower,0,1,7,0,8,0,0,115,0,115,0,1,122,0,123,196,0,196,319
08/28/2020,BAZ,TX,ASW,CE,Federal Contract Tower,0,0,9,2,11,0,1,74,0,75,0,1,83,2,86,144,2,146,232
08/29/2020,BAZ,TX,ASW,CE,Federal Contract Tower,0,0,3,0,3,0,0,92,0,92,0,0,95,0,95,176,0,176,271
08/30/2020,BAZ,TX,ASW,CE,Federal Contract Tower,0,0,7,0,7,0,0,69,0,69,0,0,76,0,76,122,0,122,198
08/31/2020,BAZ,TX,ASW,CE,Federal Contract Tower,0,1,18,26,45,0,0,86,10,96,0,1,104,36,141,172,12,184,325
09/01/2020,BAZ,TX,ASW,CE,Federal Contract Tower,0,1,24,6,31,0,0,76,0,76,0,1,100,6,107,142,4,146,253
09/02/2020,BAZ,TX,ASW,CE,Federal Contract Tower,0,0,21,8,29,0,0,51,0,51,0,0,72,8,80,68,22,90,170
09/03/2020,BAZ,TX,ASW,CE,Federal Contract Tower,0,1,30,2,33,0,0,48,0,48,0,1,78,2,81,88,0,88,169
09/04/2020,BAZ,TX,ASW,CE,Federal Contract Tower,0,1,15,0,16,0,0,18,0,18,0,1,33,0,34,10,0,10,44
09/05/2020,BAZ,TX,ASW,CE,Federal Contract Tower,0,0,8,0,8,0,0,65,0,65,0,0,73,0,73,104,0,104,177
09/06/2020,BAZ,TX,ASW,CE,Federal Contract Tower,0,0,8,0,8,0,0,100,4,104,0,0,108,4,112,110,0,110,222
09/07/2020,BAZ,TX,ASW,CE,Federal Contract Tower,0,0,14,0,14,0,0,142,0,142,0,0,156,0,156,134,0,134,290
09/08/2020,BAZ,TX,ASW,CE,Federal Contract Tower,0,0,27,6,33,0,0,54,0,54,0,0,81,6,87,102,6,108,195
09/09/2020,BAZ,TX,ASW,CE,Federal Contract Tower,0,1,3,0,4,0,0,3,0,3,0,1,6,0,7,0,0,0,7
09/10/2020,BAZ,TX,ASW,CE,Federal Contract Tower,0,1,36,2,39,0,0,2,0,2,0,1,38,2,41,6,0,6,47
09/11/2020,BAZ,TX,ASW,CE,Federal Contract Tower,0,0,22,1,23,0,0,77,1,78,0,0,99,2,101,160,10,170,271
09/12/2020,BAZ,TX,ASW,CE,Federal Contract Tower,0,0,10,0,10,0,0,156,0,156,0,0,166,0,166,140,0,140,306
09/13/2020,BAZ,TX,ASW,CE,Federal Contract Tower,0,0,19,0,19,0,0,43,0,43,0,0,62,0,62,42,0,42,104
09/14/2020,BAZ,TX,ASW,CE,Federal Contract Tower,0,0,20,8,28,0,0,60,1,61,0,0,80,9,89,94,16,110,199
09/15/2020,BAZ,TX,ASW,CE,Federal Contract Tower,0,2,18,8,28,0,0,117,0,117,0,2,135,8,145,170,6,176,321
09/16/2020,BAZ,TX,ASW,CE,Federal Contract Tower,0,0,15,2,17,0,0,114,0,114,0,0,129,2,131,196,6,202,333
09/17/2020,BAZ,TX,ASW,CE,Federal Contract Tower,0,0,13,0,13,0,0,74,0,74,0,0,87,0,87,108,0,108,195
09/18/2020,BAZ,TX,ASW,CE,Federal Contract Tower,0,2,19,5,26,0,2,104,1,107,0,4,123,6,133,144,0,144,277
09/19/2020,BAZ,TX,ASW,CE,Federal Contract Tower,0,0,22,0,22,0,0,89,0,89,0,0,111,0,111,98,0,98,209
09/20/2020,BAZ,TX,ASW,CE,Federal Contract Tower,0,0,16,2,18,0,0,44,5,49,0,0,60,7,67,10,16,26,93
09/21/2020,BAZ,TX,ASW,CE,Federal Contract Tower,0,1,15,0,16,0,0,0,0,0,0,1,15,0,16,0,0,0,16
09/22/2020,BAZ,TX,ASW,CE,Federal Contract Tower,0,0,36,4,40,0,0,10,0,10,0,0,46,4,50,10,4,14,64
09/23/2020,BAZ,TX,ASW,CE,Federal Contract Tower,0,2,40,0,42,0,0,40,0,40,0,2,80,0,82,180,0,180,262
09/24/2020,BAZ,TX,ASW,CE,Federal Contract Tower,0,0,43,4,47,0,0,124,0,124,0,0,167,4,171,222,0,222,393
09/25/2020,BAZ,TX,ASW,CE,Federal Contract Tower,0,0,28,0,28,0,0,130,0,130,0,0,158,0,158,181,0,181,339
09/26/2020,BAZ,TX,ASW,CE,Federal Contract Tower,0,0,33,0,33,0,0,46,0,46,0,0,79,0,79,42,0,42,121
09/27/2020,BAZ,TX,ASW,CE,Federal Contract Tower,0,0,21,0,21,0,0,40,0,40,0,0,61,0,61,30,0,30,91
09/28/2020,BAZ,TX,ASW,CE,Federal Contract Tower,0,0,13,6,19,0,0,21,0,21,0,0,34,6,40,10,24,34,74
09/29/2020,BAZ,TX,ASW,CE,Federal Contract Tower,0,0,16,2,18,0,2,151,0,153,0,2,167,2,171,162,6,168,339
09/30/2020,BAZ,TX,ASW,CE,Federal Contract Tower,0,0,15,4,19,0,0,128,0,128,0,0,143,4,147,182,0,182,329
10/01/2020,BAZ,TX,ASW,CE,Federal Contract Tower,0,0,13,1,14,0,0,132,1,133,0,0,145,2,147,180,16,196,343
10/02/2020,BAZ,TX,ASW,CE,Federal Contract Tower,0,0,21,11,32,0,0,139,1,140,0,0,160,12,172,172,10,182,354
10/03/2020,BAZ,TX,ASW,CE,Federal Contract Tower,0,1,14,14,29,0,0,89,0,89,0,1,103,14,118,106,4,110,228
10/04/2020,BAZ,TX,ASW,CE,Federal Contract Tower,0,0,10,2,12,0,0,115,0,115,0,0,125,2,127,50,0,50,177
10/05/2020,BAZ,TX,ASW,CE,Federal Contract Tower,0,2,23,8,33,0,0,99,0,99,0,2,122,8,132,138,2,140,272
10/06/2020,BAZ,TX,ASW,CE,Federal Contract Tower,0,1,28,2,31,0,0,65,0,65,0,1,93,2,96,168,0,168,264
10/07/2020,BAZ,TX,ASW,CE,Federal Contract Tower,0,2,23,0,25,0,2,111,0,113,0,4,134,0,138,200,0,200,338
10/08/2020,BAZ,TX,ASW,CE,Federal Contract Tower,0,1,29,2,32,0,0,113,0,113,0,1,142,2,145,216,0,216,361
10/09/2020,BAZ,TX,ASW,CE,Federal Contract Tower,0,0,26,8,34,0,0,31,0,31,0,0,57,8,65,52,0,52,117
10/10/2020,BAZ,TX,ASW,CE,Federal Contract Tower,0,0,11,0,11,0,0,80,0,80,0,0,91,0,91,70,0,70,161
10/11/2020,BAZ,TX,ASW,CE,Federal Contract Tower,0,0,9,0,9,0,0,56,0,56,0,0,65,0,65,14,0,14,79
10/12/2020,BAZ,TX,ASW,CE,Federal Contract Tower,0,0,52,0,52,0,3,88,0,91,0,3,140,0,143,128,0,128,271
10/13/2020,BAZ,TX,ASW,CE,Federal Contract Tower,0,2,28,3,33,0,0,102,1,103,0,2,130,4,136,188,0,188,324
10/14/2020,BAZ,TX,ASW,CE,Federal Contract Tower,0,2,29,11,42,0,0,65,3,68,0,2,94,14,110,112,0,112,222
10/15/2020,BAZ,TX,ASW,CE,Federal Contract Tower,0,2,37,13,52,0,0,40,0,40,0,2,77,13,92,80,0,80,172
10/16/2020,BAZ,TX,ASW,CE,Federal Contract Tower,0,0,16,2,18,0,0,27,0,27,0,0,43,2,45,38,0,38,83
10/17/2020,BAZ,TX,ASW,CE,Federal Contract Tower,0,0,12,0,12,0,0,6,0,6,0,0,18,0,18,6,0,6,24
10/18/2020,BAZ,TX,ASW,CE,Federal Contract Tower,0,0,37,0,37,0,0,28,0,28,0,0,65,0,65,26,0,26,91
10/19/2020,BAZ,TX,ASW,CE,Federal Contract Tower,0,0,25,11,36,0,0,58,0,58,0,0,83,11,94,106,6,112,206
10/20/2020,BAZ,TX,ASW,CE,Federal Contract Tower,0,0,27,8,35,0,4,83,0,87,0,4,110,8,122,184,6,190,312
10/21/2020,BAZ,TX,ASW,CE,Federal Contract Tower,0,2,27,14,43,0,0,65,4,69,0,2,92,18,112,184,14,198,310
10/22/2020,BAZ,TX,ASW,CE,Federal Contract Tower,0,0,49,4,53,0,1,54,0,55,0,1,103,4,108,112,2,114,222
10/23/2020,BAZ,TX,ASW,CE,Federal Contract Tower,0,3,24,8,35,0,3,50,0,53,0,6,74,8,88,100,2,102,190
10/24/2020,BAZ,TX,ASW,CE,Federal Contract Tower,0,0,20,0,20,0,2,66,0,68,0,2,86,0,88,70,0,70,158
10/25/2020,BAZ,TX,ASW,CE,Federal Contract Tower,0,0,27,0,27,0,0,51,0,51,0,0,78,0,78,16,0,16,94
10/26/2020,BAZ,TX,ASW,CE,Federal Contract Tower,0,1,45,16,62,0,0,25,0,25,0,1,70,16,87,66,0,66,153
10/27/2020,BAZ,TX,ASW,CE,Federal Contract Tower,0,0,35,0,35,0,0,2,0,2,0,0,37,0,37,10,0,10,47
10/28/2020,BAZ,TX,ASW,CE,Federal Contract Tower,0,0,43,16,59,0,0,46,2,48,0,0,89,18,107,108,2,110,217
10/29/2020,BAZ,TX,ASW,CE,Federal Contract Tower,0,3,29,4,36,0,4,69,4,77,0,7,98,8,113,90,22,112,225
10/30/2020,BAZ,TX,ASW,CE,Federal Contract Tower,0,0,49,2,51,0,2,114,0,116,0,2,163,2,167,192,2,194,361
10/31/2020,BAZ,TX,ASW,CE,Federal Contract Tower,0,2,31,0,33,0,0,114,0,114,0,2,145,0,147,126,0,126,273
11/01/2020,BAZ,TX,ASW,CE,Federal Contract Tower,0,0,13,0,13,0,0,71,0,71,0,0,84,0,84,52,0,52,136
11/02/2020,BAZ,TX,ASW,CE,Federal Contract Tower,0,0,51,8,59,0,0,98,0,98,0,0,149,8,157,156,6,162,319
11/03/2020,BAZ,TX,ASW,CE,Federal Contract Tower,0,0,31,8,39,0,4,89,2,95,0,4,120,10,134,200,16,216,350
11/04/2020,BAZ,TX,ASW,CE,Federal Contract Tower,0,0,21,9,30,0,0,87,8,95,0,0,108,17,125,156,24,180,305
11/05/2020,BAZ,TX,ASW,CE,Federal Contract Tower,0,0,42,4,46,0,2,78,0,80,0,2,120,4,126,112,6,118,244
11/06/2020,BAZ,TX,ASW,CE,Federal Contract Tower,0,1,46,2,49,0,0,63,0,63,0,1,109,2,112,98,0,98,210
11/07/2020,BAZ,TX,ASW,CE,Federal Contract Tower,0,0,18,0,18,0,2,89,0,91,0,2,107,0,109,140,0,140,249
11/08/2020,BAZ,TX,ASW,CE,Federal Contract Tower,0,0,21,0,21,0,2,60,2,64,0,2,81,2,85,20,18,38,123
11/09/2020,BAZ,TX,ASW,CE,Federal Contract Tower,0,2,43,12,57,0,0,63,0,63,0,2,106,12,120,108,8,116,236
11/10/2020,BAZ,TX,ASW,CE,Federal Contract Tower,0,2,38,10,50,0,0,24,0,24,0,2,62,10,74,58,16,74,148
11/11/2020,BAZ,TX,ASW,CE,Federal Contract Tower,0,0,32,0,32,0,10,111,0,121,0,10,143,0,153,132,0,132,285
11/12/2020,BAZ,TX,ASW,CE,Federal Contract Tower,0,0,42,0,42,0,1,63,0,64,0,1,105,0,106,94,0,94,200
11/13/2020,BAZ,TX,ASW,CE,Federal Contract Tower,0,2,41,4,47,0,0,59,0,59,0,2,100,4,106,62,8,70,176
11/14/2020,BAZ,TX,ASW,CE,Federal Contract Tower,0,0,17,2,19,0,0,38,0,38,0,0,55,2,57,56,0,56,113
11/15/2020,BAZ,TX,ASW,CE,Federal Contract Tower,0,0,12,4,16,0,0,45,0,45,0,0,57,4,61,32,0,32,93
11/16/2020,BAZ,TX,ASW,CE,Federal Contract Tower,0,0,34,4,38,0,0,126,1,127,0,0,160,5,165,146,12,158,323
11/17/2020,BAZ,TX,ASW,CE,Federal Contract Tower,0,3,34,4,41,0,0,92,6,98,0,3,126,10,139,206,22,228,367
11/18/2020,BAZ,TX,ASW,CE,Federal Contract Tower,0,0,32,6,38,0,0,105,3,108,0,0,137,9,146,170,18,188,334
11/19/2020,BAZ,TX,ASW,CE,Federal Contract Tower,0,0,15,4,19,0,0,70,0,70,0,0,85,4,89,148,0,148,237
11/20/2020,BAZ,TX,ASW,CE,Federal Contract Tower,0,0,18,2,20,0,0,57,0,57,0,0,75,2,77,90,0,90,167
11/21/2020,BAZ,TX,ASW,CE,Federal Contract Tower,0,1,22,8,31,0,1,49,0,50,0,2,71,8,81,48,4,52,133
11/22/2020,BAZ,TX,ASW,CE,Federal Contract Tower,0,0,17,0,17,0,0,44,0,44,0,0,61,0,61,20,0,20,81
11/23/2020,BAZ,TX,ASW,CE,Federal Contract Tower,0,0,36,12,48,0,0,74,0,74,0,0,110,12,122,138,0,138,260
11/24/2020,BAZ,TX,ASW,CE,Federal Contract Tower,0,0,18,6,24,0,0,29,1,30,0,0,47,7,54,28,8,36,90
11/25/2020,BAZ,TX,ASW,CE,Federal Contract Tower,0,0,26,2,28,0,0,99,0,99,0,0,125,2,127,198,2,200,327
11/27/2020,BAZ,TX,ASW,CE,Federal Contract Tower,0,1,6,0,7,0,0,0,0,0,0,1,6,0,7,0,0,0,7
11/28/2020,BAZ,TX,ASW,CE,Federal Contract Tower,0,1,3,0,4,0,0,0,0,0,0,1,3,0,4,0,0,0,4
11/29/2020,BAZ,TX,ASW,CE,Federal Contract Tower,0,0,21,0,21,0,0,51,0,51,0,0,72,0,72,60,0,60,132
11/30/2020,BAZ,TX,ASW,CE,Federal Contract Tower,0,0,21,16,37,0,2,70,2,74,0,2,91,18,111,166,0,166,277
12/01/2020,BAZ,TX,ASW,CE,Federal Contract Tower,0,0,29,7,36,0,0,60,1,61,0,0,89,8,97,92,16,108,205
12/02/2020,BAZ,TX,ASW,CE,Federal Contract Tower,0,0,45,0,45,0,0,51,0,51,0,0,96,0,96,152,0,152,248
12/03/2020,BAZ,TX,ASW,CE,Federal Contract Tower,0,2,26,5,33,0,4,68,3,75,0,6,94,8,108,154,2,156,264
12/04/2020,BAZ,TX,ASW,CE,Federal Contract Tower,0,2,13,6,21,0,3,98,2,103,0,5,111,8,124,132,8,140,264
12/05/2020,BAZ,TX,ASW,CE,Federal Contract Tower,0,0,4,4,8,0,1,84,0,85,0,1,88,4,93,134,0,134,227
12/06/2020,BAZ,TX,ASW,CE,Federal Contract Tower,0,1,11,0,12,0,0,74,0,74,0,1,85,0,86,86,0,86,172
12/07/2020,BAZ,TX,ASW,CE,Federal Contract Tower,0,0,20,4,24,0,0,77,4,81,0,0,97,8,105,110,26,136,241
12/08/2020,BAZ,TX,ASW,CE,Federal Contract Tower,0,0,27,3,30,0,0,73,0,73,0,0,100,3,103,146,10,156,259
12/09/2020,BAZ,TX,ASW,CE,Federal Contract Tower,0,0,32,6,38,0,5,80,0,85,0,5,112,6,123,170,2,172,295
12/10/2020,BAZ,TX,ASW,CE,Federal Contract Tower,0,1,27,10,38,0,1,83,4,88,0,2,110,14,126,98,18,116,242
12/11/2020,BAZ,TX,ASW,CE,Federal Contract Tower,0,3,30,10,43,0,0,27,0,27,0,3,57,10,70,52,4,56,126
12/12/2020,BAZ,TX,ASW,CE,Federal Contract Tower,0,0,22,4,26,0,1,85,0,86,0,1,107,4,112,84,0,84,196
12/13/2020,BAZ,TX,ASW,CE,Federal Contract Tower,0,0,10,0,10,0,1,2,0,3,0,1,12,0,13,0,0,0,13
12/14/2020,BAZ,TX,ASW,CE,Federal Contract Tower,0,0,32,4,36,0,0,94,0,94,0,0,126,4,130,204,0,204,334
12/15/2020,BAZ,TX,ASW,CE,Federal Contract Tower,0,2,41,6,49,0,7,31,0,38,0,9,72,6,87,48,2,50,137
12/16/2020,BAZ,TX,ASW,CE,Federal Contract Tower,0,0,35,2,37,0,4,89,0,93,0,4,124,2,130,144,0,144,274
12/18/2020,BAZ,TX,ASW,CE,Federal Contract Tower,0,2,34,6,42,0,2,45,0,47,0,4,79,6,89,88,0,88,177
12/19/2020,BAZ,TX,ASW,CE,Federal Contract Tower,0,2,8,2,12,0,0,19,0,19,0,2,27,2,31,36,0,36,67
12/20/2020,BAZ,TX,ASW,CE,Federal Contract Tower,0,0,10,0,10,0,0,87,0,87,0,0,97,0,97,60,0,60,157
12/21/2020,BAZ,TX,ASW,CE,Federal Contract Tower,0,1,6,4,11,0,0,78,2,80,0,1,84,6,91,184,12,196,287
12/22/2020,BAZ,TX,ASW,CE,Federal Contract Tower,0,0,27,1,28,0,0,67,3,70,0,0,94,4,98,178,6,184,282
12/23/2020,BAZ,TX,ASW,CE,Federal Contract Tower,0,1,10,0,11,0,0,42,0,42,0,1,52,0,53,60,0,60,113
12/24/2020,BAZ,TX,ASW,CE,Federal Contract Tower,0,0,13,0,13,0,0,22,0,22,0,0,35,0,35,4,0,4,39
12/25/2020,BAZ,TX,ASW,CE,Federal Contract Tower,0,0,5,0,5,0,0,37,0,37,0,0,42,0,42,16,0,16,58
12/26/2020,BAZ,TX,ASW,CE,Federal Contract Tower,0,3,13,0,16,0,0,45,0,45,0,3,58,0,61,44,0,44,105
12/27/2020,BAZ,TX,ASW,CE,Federal Contract Tower,0,0,8,0,8,0,2,56,0,58,0,2,64,0,66,18,0,18,84
12/28/2020,BAZ,TX,ASW,CE,Federal Contract Tower,0,1,27,0,28,0,1,31,0,32,0,2,58,0,60,82,0,82,142
12/29/2020,BAZ,TX,ASW,CE,Federal Contract Tower,0,0,13,0,13,0,0,14,0,14,0,0,27,0,27,4,0,4,31
12/30/2020,BAZ,TX,ASW,CE,Federal Contract Tower,0,0,19,0,19,0,0,12,0,12,0,0,31,0,31,22,0,22,53
12/31/2020,BAZ,TX,ASW,CE,Federal Contract Tower,0,0,0,0,0,0,0,0,0,0,0,0,0,0,0,0,0,0,0
01/01/2021,BAZ,TX,ASW,CE,Federal Contract Tower,0,0,9,0,9,0,0,32,0,32,0,0,41,0,41,56,0,56,97
01/02/2021,BAZ,TX,ASW,CE,Federal Contract Tower,0,2,14,0,16,0,7,90,0,97,0,9,104,0,113,134,0,134,247
01/03/2021,BAZ,TX,ASW,CE,Federal Contract Tower,0,1,31,0,32,0,7,62,0,69,0,8,93,0,101,60,0,60,161
01/04/2021,BAZ,TX,ASW,CE,Federal Contract Tower,0,0,25,0,25,0,0,74,0,74,0,0,99,0,99,128,0,128,227
01/05/2021,BAZ,TX,ASW,CE,Federal Contract Tower,0,0,36,9,45,0,0,19,1,20,0,0,55,10,65,34,18,52,117
01/06/2021,BAZ,TX,ASW,CE,Federal Contract Tower,0,0,7,0,7,0,0,13,0,13,0,0,20,0,20,26,0,26,46
01/07/2021,BAZ,TX,ASW,CE,Federal Contract Tower,0,2,26,0,28,0,0,112,0,112,0,2,138,0,140,68,0,68,208
01/08/2021,BAZ,TX,ASW,CE,Federal Contract Tower,0,0,34,0,34,0,7,103,0,110,0,7,137,0,144,186,0,186,330
01/09/2021,BAZ,TX,ASW,CE,Federal Contract Tower,0,0,27,0,27,0,0,75,0,75,0,0,102,0,102,82,0,82,184
01/10/2021,BAZ,TX,ASW,CE,Federal Contract Tower,0,2,4,0,6,0,0,0,0,0,0,2,4,0,6,0,0,0,6
01/11/2021,BAZ,TX,ASW,CE,Federal Contract Tower,0,0,10,1,11,0,1,52,1,54,0,1,62,2,65,156,2,158,223
01/12/2021,BAZ,TX,ASW,CE,Federal Contract Tower,0,0,14,6,20,0,0,66,0,66,0,0,80,6,86,88,4,92,178
01/13/2021,BAZ,TX,ASW,CE,Federal Contract Tower,0,2,20,3,25,0,1,94,2,97,0,3,114,5,122,142,2,144,266
01/14/2021,BAZ,TX,ASW,CE,Federal Contract Tower,0,0,23,2,25,0,1,92,0,93,0,1,115,2,118,106,2,108,226
01/15/2021,BAZ,TX,ASW,CE,Federal Contract Tower,0,0,19,10,29,0,2,67,0,69,0,2,86,10,98,102,6,108,206
01/16/2021,BAZ,TX,ASW,CE,Federal Contract Tower,0,0,20,0,20,0,5,89,0,94,0,5,109,0,114,62,0,62,176
01/17/2021,BAZ,TX,ASW,CE,Federal Contract Tower,0,0,27,0,27,0,0,86,0,86,0,0,113,0,113,58,0,58,171
01/18/2021,BAZ,TX,ASW,CE,Federal Contract Tower,0,0,38,0,38,0,0,51,0,51,0,0,89,0,89,118,0,118,207
01/19/2021,BAZ,TX,ASW,CE,Federal Contract Tower,0,2,31,6,39,0,0,7,0,7,0,2,38,6,46,20,2,22,68
01/20/2021,BAZ,TX,ASW,CE,Federal Contract Tower,0,0,23,0,23,0,0,0,0,0,0,0,23,0,23,10,0,10,33
01/21/2021,BAZ,TX,ASW,CE,Federal Contract Tower,0,2,22,6,30,0,0,21,0,21,0,2,43,6,51,76,0,76,127
01/22/2021,BAZ,TX,ASW,CE,Federal Contract Tower,0,0,38,6,44,0,0,95,0,95,0,0,133,6,139,130,4,134,273
01/23/2021,BAZ,TX,ASW,CE,Federal Contract Tower,0,2,7,0,9,0,2,0,0,2,0,4,7,0,11,0,0,0,11
01/24/2021,BAZ,TX,ASW,CE,Federal Contract Tower,0,0,4,0,4,0,0,0,0,0,0,0,4,0,4,0,0,0,4
01/25/2021,BAZ,TX,ASW,CE,Federal Contract Tower,0,10,14,8,32,0,3,76,0,79,0,13,90,8,111,120,4,124,235
01/26/2021,BAZ,TX,ASW,CE,Federal Contract Tower,0,0,28,4,32,0,0,86,0,86,0,0,114,4,118,88,2,90,208
01/27/2021,BAZ,TX,ASW,CE,Federal Contract Tower,0,0,28,6,34,0,0,48,0,48,0,0,76,6,82,56,6,62,144
01/28/2021,BAZ,TX,ASW,CE,Federal Contract Tower,0,0,29,2,31,0,2,83,0,85,0,2,112,2,116,124,2,126,242
01/29/2021,BAZ,TX,ASW,CE,Federal Contract Tower,0,0,14,11,25,0,0,78,4,82,0,0,92,15,107,114,0,114,221
01/30/2021,BAZ,TX,ASW,CE,Federal Contract Tower,0,0,15,2,17,0,0,29,0,29,0,0,44,2,46,24,0,24,70
01/31/2021,BAZ,TX,ASW,CE,Federal Contract Tower,0,0,17,5,22,0,0,65,0,65,0,0,82,5,87,6,18,24,111
02/01/2021,BAZ,TX,ASW,CE,Federal Contract Tower,0,0,17,8,25,0,0,73,3,76,0,0,90,11,101,86,8,94,195
02/02/2021,BAZ,TX,ASW,CE,Federal Contract Tower,0,1,28,8,37,0,0,93,2,95,0,1,121,10,132,180,10,190,322
02/03/2021,BAZ,TX,ASW,CE,Federal Contract Tower,0,0,27,2,29,0,3,56,0,59,0,3,83,2,88,100,2,102,190
02/04/2021,BAZ,TX,ASW,CE,Federal Contract Tower,0,1,18,0,19,0,0,53,0,53,0,1,71,0,72,118,0,118,190
02/05/2021,BAZ,TX,ASW,CE,Federal Contract Tower,0,0,14,0,14,0,0,41,2,43,0,0,55,2,57,108,2,110,167
02/06/2021,BAZ,TX,ASW,CE,Federal Contract Tower,0,1,15,0,16,0,0,45,2,47,0,1,60,2,63,48,0,48,111
02/07/2021,BAZ,TX,ASW,CE,Federal Contract Tower,0,0,13,0,13,0,1,52,0,53,0,1,65,0,66,38,0,38,104
02/08/2021,BAZ,TX,ASW,CE,Federal Contract Tower,0,0,25,6,31,0,0,43,0,43,0,0,68,6,74,98,0,98,172
02/09/2021,BAZ,TX,ASW,CE,Federal Contract Tower,0,2,28,14,44,0,0,33,0,33,0,2,61,14,77,54,14,68,145
02/10/2021,BAZ,TX,ASW,CE,Federal Contract Tower,0,1,12,0,13,0,0,0,0,0,0,1,12,0,13,4,0,4,17
02/11/2021,BAZ,TX,ASW,CE,Federal Contract Tower,0,0,1,0,1,0,0,0,0,0,0,0,1,0,1,0,0,0,1
02/12/2021,BAZ,TX,ASW,CE,Federal Contract Tower,0,1,3,0,4,0,1,5,0,6,0,2,8,0,10,0,0,0,10
02/13/2021,BAZ,TX,ASW,CE,Federal Contract Tower,0,0,2,0,2,0,0,1,0,1,0,0,3,0,3,0,0,0,3
02/14/2021,BAZ,TX,ASW,CE,Federal Contract Tower,0,0,3,0,3,0,0,0,0,0,0,0,3,0,3,0,0,0,3
02/20/2021,BAZ,TX,ASW,CE,Federal Contract Tower,0,0,10,0,10,0,4,33,0,37,0,4,43,0,47,30,0,30,77
02/21/2021,BAZ,TX,ASW,CE,Federal Contract Tower,0,0,5,0,5,0,5,28,0,33,0,5,33,0,38,12,0,12,50
02/22/2021,BAZ,TX,ASW,CE,Federal Contract Tower,0,3,26,0,29,0,2,95,0,97,0,5,121,0,126,220,0,220,346
02/23/2021,BAZ,TX,ASW,CE,Federal Contract Tower,0,0,33,10,43,0,2,105,2,109,0,2,138,12,152,174,10,184,336
02/24/2021,BAZ,TX,ASW,CE,Federal Contract Tower,0,0,21,4,25,0,0,56,0,56,0,0,77,4,81,88,2,90,171
02/25/2021,BAZ,TX,ASW,CE,Federal Contract Tower,0,2,20,2,24,0,0,4,0,4,0,2,24,2,28,0,0,0,28
02/26/2021,BAZ,TX,ASW,CE,Federal Contract Tower,0,4,23,8,35,0,0,3,0,3,0,4,26,8,38,0,0,0,38
02/27/2021,BAZ,TX,ASW,CE,Federal Contract Tower,0,0,16,14,30,0,1,10,0,11,0,1,26,14,41,38,0,38,79
02/28/2021,BAZ,TX,ASW,CE,Federal Contract Tower,0,0,19,0,19,0,0,32,0,32,0,0,51,0,51,16,0,16,67
03/01/2021,BAZ,TX,ASW,CE,Federal Contract Tower,0,1,11,13,25,0,2,12,0,14,0,3,23,13,39,12,24,36,75
03/02/2021,BAZ,TX,ASW,CE,Federal Contract Tower,0,1,18,8,27,0,2,86,0,88,0,3,104,8,115,186,0,186,301
03/03/2021,BAZ,TX,ASW,CE,Federal Contract Tower,0,1,18,10,29,0,5,103,0,108,0,6,121,10,137,160,6,166,303
03/04/2021,BAZ,TX,ASW,CE,Federal Contract Tower,0,0,35,6,41,0,1,79,0,80,0,1,114,6,121,124,0,124,245
03/05/2021,BAZ,TX,ASW,CE,Federal Contract Tower,0,0,26,4,30,0,2,57,2,61,0,2,83,6,91,108,4,112,203
03/06/2021,BAZ,TX,ASW,CE,Federal Contract Tower,0,2,9,0,11,0,0,73,0,73,0,2,82,0,84,62,0,62,146
03/07/2021,BAZ,TX,ASW,CE,Federal Contract Tower,0,0,23,0,23,0,0,66,0,66,0,0,89,0,89,76,0,76,165
03/08/2021,BAZ,TX,ASW,CE,Federal Contract Tower,0,1,36,12,49,0,2,61,0,63,0,3,97,12,112,132,10,142,254
03/09/2021,BAZ,TX,ASW,CE,Federal Contract Tower,0,0,21,11,32,0,0,22,0,22,0,0,43,11,54,60,0,60,114
03/10/2021,BAZ,TX,ASW,CE,Federal Contract Tower,0,0,19,6,25,0,0,33,0,33,0,0,52,6,58,118,0,118,176
03/11/2021,BAZ,TX,ASW,CE,Federal Contract Tower,0,0,46,10,56,0,2,35,0,37,0,2,81,10,93,76,0,76,169
03/12/2021,BAZ,TX,ASW,CE,Federal Contract Tower,0,4,19,8,31,0,4,18,2,24,0,8,37,10,55,80,0,80,135
03/13/2021,BAZ,TX,ASW,CE,Federal Contract Tower,0,0,25,0,25,0,0,14,0,14,0,0,39,0,39,6,0,6,45
03/14/2021,BAZ,TX,ASW,CE,Federal Contract Tower,0,0,25,0,25,0,0,66,0,66,0,0,91,0,91,82,0,82,173
03/15/2021,BAZ,TX,ASW,CE,Federal Contract Tower,0,0,29,6,35,0,0,117,0,117,0,0,146,6,152,110,0,110,262
03/16/2021,BAZ,TX,ASW,CE,Federal Contract Tower,0,0,24,10,34,0,0,19,0,19,0,0,43,10,53,84,14,98,151
03/17/2021,BAZ,TX,ASW,CE,Federal Contract Tower,0,0,9,4,13,0,1,30,2,33,0,1,39,6,46,40,6,46,92
03/18/2021,BAZ,TX,ASW,CE,Federal Contract Tower,0,1,36,2,39,0,1,103,2,106,0,2,139,4,145,80,0,80,225
03/19/2021,BAZ,TX,ASW,CE,Federal Contract Tower,0,5,34,2,41,0,4,97,0,101,0,9,131,2,142,138,0,138,280
03/20/2021,BAZ,TX,ASW,CE,Federal Contract Tower,0,2,21,4,27,0,0,102,0,102,0,2,123,4,129,108,0,108,237
03/21/2021,BAZ,TX,ASW,CE,Federal Contract Tower,0,0,36,0,36,0,4,54,6,64,0,4,90,6,100,58,0,58,158
03/22/2021,BAZ,TX,ASW,CE,Federal Contract Tower,0,2,37,17,56,0,1,27,1,29,0,3,64,18,85,86,4,90,175
03/23/2021,BAZ,TX,ASW,CE,Federal Contract Tower,0,0,32,2,34,0,0,98,4,102,0,0,130,6,136,184,10,194,330
03/24/2021,BAZ,TX,ASW,CE,Federal Contract Tower,0,1,14,4,19,0,3,12,0,15,0,4,26,4,34,30,0,30,64
03/25/2021,BAZ,TX,ASW,CE,Federal Contract Tower,0,0,30,8,38,0,0,65,0,65,0,0,95,8,103,142,0,142,245
03/26/2021,BAZ,TX,ASW,CE,Federal Contract Tower,0,2,22,8,32,0,0,101,0,101,0,2,123,8,133,170,4,174,307
03/27/2021,BAZ,TX,ASW,CE,Federal Contract Tower,0,0,16,12,28,0,0,31,0,31,0,0,47,12,59,42,0,42,101
03/28/2021,BAZ,TX,ASW,CE,Federal Contract Tower,0,0,8,0,8,0,0,20,0,20,0,0,28,0,28,6,0,6,34
03/29/2021,BAZ,TX,ASW,CE,Federal Contract Tower,0,0,26,8,34,0,0,76,0,76,0,0,102,8,110,150,0,150,260
03/30/2021,BAZ,TX,ASW,CE,Federal Contract Tower,0,1,28,10,39,0,0,20,0,20,0,1,48,10,59,60,22,82,141
03/31/2021,BAZ,TX,ASW,CE,Federal Contract Tower,0,4,26,17,47,0,1,13,3,17,0,5,39,20,64,0,12,12,76
04/01/2021,BAZ,TX,ASW,CE,Federal Contract Tower,0,0,39,2,41,0,2,117,0,119,0,2,156,2,160,168,2,170,330
04/02/2021,BAZ,TX,ASW,CE,Federal Contract Tower,0,0,10,0,10,0,0,81,0,81,0,0,91,0,91,62,0,62,153
04/03/2021,BAZ,TX,ASW,CE,Federal Contract Tower,0,3,1,0,4,0,0,14,0,14,0,3,15,0,18,14,0,14,32
04/04/2021,BAZ,TX,ASW,CE,Federal Contract Tower,0,3,9,0,12,0,0,14,0,14,0,3,23,0,26,12,0,12,38
04/05/2021,BAZ,TX,ASW,CE,Federal Contract Tower,0,2,22,0,24,0,0,52,0,52,0,2,74,0,76,118,0,118,194
04/06/2021,BAZ,TX,ASW,CE,Federal Contract Tower,0,1,29,7,37,0,4,32,1,37,0,5,61,8,74,96,24,120,194
04/07/2021,BAZ,TX,ASW,CE,Federal Contract Tower,0,0,33,6,39,0,2,70,0,72,0,2,103,6,111,128,2,130,241
04/08/2021,BAZ,TX,ASW,CE,Federal Contract Tower,0,0,15,4,19,0,0,53,2,55,0,0,68,6,74,66,6,72,146
04/09/2021,BAZ,TX,ASW,CE,Federal Contract Tower,0,0,30,2,32,0,0,42,0,42,0,0,72,2,74,148,0,148,222
04/10/2021,BAZ,TX,ASW,CE,Federal Contract Tower,0,0,10,0,10,0,0,40,0,40,0,0,50,0,50,20,0,20,70
04/11/2021,BAZ,TX,ASW,CE,Federal Contract Tower,0,0,7,4,11,0,0,40,0,40,0,0,47,4,51,60,0,60,111
04/12/2021,BAZ,TX,ASW,CE,Federal Contract Tower,0,1,38,4,43,0,0,44,0,44,0,1,82,4,87,124,4,128,215
04/13/2021,BAZ,TX,ASW,CE,Federal Contract Tower,0,2,30,10,42,0,3,33,0,36,0,5,63,10,78,76,12,88,166
04/14/2021,BAZ,TX,ASW,CE,Federal Contract Tower,0,0,38,14,52,0,0,35,0,35,0,0,73,14,87,126,10,136,223
04/15/2021,BAZ,TX,ASW,CE,Federal Contract Tower,0,0,16,0,16,0,0,0,0,0,0,0,16,0,16,0,0,0,16
04/16/2021,BAZ,TX,ASW,CE,Federal Contract Tower,0,0,21,2,23,0,0,0,0,0,0,0,21,2,23,0,0,0,23
04/17/2021,BAZ,TX,ASW,CE,Federal Contract Tower,0,0,21,0,21,0,0,25,0,25,0,0,46,0,46,20,0,20,66
04/18/2021,BAZ,TX,ASW,CE,Federal Contract Tower,0,0,14,0,14,0,0,46,0,46,0,0,60,0,60,82,0,82,142
04/19/2021,BAZ,TX,ASW,CE,Federal Contract Tower,0,0,18,11,29,0,0,84,0,84,0,0,102,11,113,180,18,198,311
04/20/2021,BAZ,TX,ASW,CE,Federal Contract Tower,0,0,41,2,43,0,0,99,0,99,0,0,140,2,142,256,12,268,410
04/21/2021,BAZ,TX,ASW,CE,Federal Contract Tower,0,1,31,1,33,0,0,52,1,53,0,1,83,2,86,96,20,116,202
04/22/2021,BAZ,TX,ASW,CE,Federal Contract Tower,0,2,28,6,36,0,2,24,0,26,0,4,52,6,62,34,2,36,98
04/23/2021,BAZ,TX,ASW,CE,Federal Contract Tower,0,0,8,0,8,0,0,1,0,1,0,0,9,0,9,0,0,0,9
04/24/2021,BAZ,TX,ASW,CE,Federal Contract Tower,0,0,23,0,23,0,0,85,0,85,0,0,108,0,108,106,0,106,214
04/25/2021,BAZ,TX,ASW,CE,Federal Contract Tower,0,2,21,0,23,0,0,49,0,49,0,2,70,0,72,120,0,120,192
04/26/2021,BAZ,TX,ASW,CE,Federal Contract Tower,0,0,14,2,16,0,0,43,0,43,0,0,57,2,59,92,10,102,161
04/27/2021,BAZ,TX,ASW,CE,Federal Contract Tower,0,1,33,4,38,0,0,8,0,8,0,1,41,4,46,50,0,50,96
04/28/2021,BAZ,TX,ASW,CE,Federal Contract Tower,0,3,34,4,41,0,1,29,0,30,0,4,63,4,71,94,4,98,169
04/29/2021,BAZ,TX,ASW,CE,Federal Contract Tower,0,2,20,0,22,0,0,0,0,0,0,2,20,0,22,0,0,0,22
04/30/2021,BAZ,TX,ASW,CE,Federal Contract Tower,0,1,6,0,7,0,0,0,0,0,0,1,6,0,7,0,0,0,7
05/01/2021,BAZ,TX,ASW,CE,Federal Contract Tower,0,0,7,2,9,0,0,1,0,1,0,0,8,2,10,2,0,2,12
05/02/2021,BAZ,TX,ASW,CE,Federal Contract Tower,0,1,21,0,22,0,0,55,1,56,0,1,76,1,78,134,0,134,212
05/03/2021,BAZ,TX,ASW,CE,Federal Contract Tower,0,6,21,0,27,0,2,61,2,65,0,8,82,2,92,124,2,126,218
05/04/2021,BAZ,TX,ASW,CE,Federal Contract Tower,0,0,19,0,19,0,0,25,0,25,0,0,44,0,44,48,0,48,92
05/05/2021,BAZ,TX,ASW,CE,Federal Contract Tower,0,1,25,0,26,0,0,91,0,91,0,1,116,0,117,110,0,110,227
05/06/2021,BAZ,TX,ASW,CE,Federal Contract Tower,0,2,23,2,27,0,1,103,0,104,0,3,126,2,131,106,0,106,237
05/07/2021,BAZ,TX,ASW,CE,Federal Contract Tower,0,2,24,8,34,0,2,85,0,87,0,4,109,8,121,168,4,172,293
05/08/2021,BAZ,TX,ASW,CE,Federal Contract Tower,0,0,8,0,8,0,0,17,0,17,0,0,25,0,25,4,0,4,29
05/09/2021,BAZ,TX,ASW,CE,Federal Contract Tower,0,1,18,0,19,0,0,30,0,30,0,1,48,0,49,44,8,52,101
05/10/2021,BAZ,TX,ASW,CE,Federal Contract Tower,0,0,14,18,32,0,0,30,0,30,0,0,44,18,62,42,2,44,106
05/11/2021,BAZ,TX,ASW,CE,Federal Contract Tower,0,1,13,0,14,0,1,7,0,8,0,2,20,0,22,16,0,16,38
05/12/2021,BAZ,TX,ASW,CE,Federal Contract Tower,0,2,20,12,34,0,0,28,0,28,0,2,48,12,62,64,0,64,126
05/13/2021,BAZ,TX,ASW,CE,Federal Contract Tower,0,4,48,0,52,0,0,55,2,57,0,4,103,2,109,156,0,156,265
05/14/2021,BAZ,TX,ASW,CE,Federal Contract Tower,0,0,21,4,25,0,0,93,0,93,0,0,114,4,118,198,0,198,316
05/15/2021,BAZ,TX,ASW,CE,Federal Contract Tower,0,0,9,2,11,0,0,5,0,5,0,0,14,2,16,8,0,8,24
05/16/2021,BAZ,TX,ASW,CE,Federal Contract Tower,0,0,13,0,13,0,0,12,0,12,0,0,25,0,25,50,0,50,75
05/17/2021,BAZ,TX,ASW,CE,Federal Contract Tower,0,1,10,10,21,0,0,17,0,17,0,1,27,10,38,42,10,52,90
05/18/2021,BAZ,TX,ASW,CE,Federal Contract Tower,0,0,20,6,26,0,0,35,0,35,0,0,55,6,61,94,2,96,157
05/19/2021,BAZ,TX,ASW,CE,Federal Contract Tower,0,2,11,2,15,0,0,30,0,30,0,2,41,2,45,16,0,16,61
05/20/2021,BAZ,TX,ASW,CE,Federal Contract Tower,0,0,15,2,17,0,2,76,0,78,0,2,91,2,95,164,0,164,259
05/21/2021,BAZ,TX,ASW,CE,Federal Contract Tower,0,1,15,1,17,0,0,42,0,42,0,1,57,1,59,110,6,116,175
05/22/2021,BAZ,TX,ASW,CE,Federal Contract Tower,0,2,5,0,7,0,0,2,0,2,0,2,7,0,9,22,0,22,31
05/23/2021,BAZ,TX,ASW,CE,Federal Contract Tower,0,8,10,1,19,0,0,2,0,2,0,8,12,1,21,0,0,0,21
05/24/2021,BAZ,TX,ASW,CE,Federal Contract Tower,0,1,8,5,14,0,0,35,0,35,0,1,43,5,49,98,4,102,151
05/25/2021,BAZ,TX,ASW,CE,Federal Contract Tower,0,0,17,2,19,0,0,46,0,46,0,0,63,2,65,110,2,112,177
05/26/2021,BAZ,TX,ASW,CE,Federal Contract Tower,0,1,32,2,35,0,0,56,2,58,0,1,88,4,93,102,8,110,203
05/27/2021,BAZ,TX,ASW,CE,Federal Contract Tower,0,0,38,4,42,0,2,73,0,75,0,2,111,4,117,98,0,98,215
05/28/2021,BAZ,TX,ASW,CE,Federal Contract Tower,0,5,22,0,27,0,0,49,0,49,0,5,71,0,76,136,0,136,212
05/29/2021,BAZ,TX,ASW,CE,Federal Contract Tower,0,0,17,0,17,0,1,55,0,56,0,1,72,0,73,76,0,76,149
05/30/2021,BAZ,TX,ASW,CE,Federal Contract Tower,0,0,13,1,14,0,0,25,0,25,0,0,38,1,39,44,0,44,83
05/31/2021,BAZ,TX,ASW,CE,Federal Contract Tower,0,2,25,0,27,0,0,44,0,44,0,2,69,0,71,96,0,96,167
06/01/2021,BAZ,TX,ASW,CE,Federal Contract Tower,0,2,29,8,39,0,0,59,0,59,0,2,88,8,98,110,8,118,216
06/02/2021,BAZ,TX,ASW,CE,Federal Contract Tower,0,0,26,2,28,0,0,49,4,53,0,0,75,6,81,122,24,146,227
06/03/2021,BAZ,TX,ASW,CE,Federal Contract Tower,0,5,6,0,11,0,0,8,0,8,0,5,14,0,19,46,0,46,65
06/04/2021,BAZ,TX,ASW,CE,Federal Contract Tower,0,0,20,8,28,0,1,31,0,32,0,1,51,8,60,156,16,172,232
06/05/2021,BAZ,TX,ASW,CE,Federal Contract Tower,0,0,8,0,8,0,0,11,0,11,0,0,19,0,19,34,0,34,53
06/06/2021,BAZ,TX,ASW,CE,Federal Contract Tower,0,0,19,0,19,0,0,20,0,20,0,0,39,0,39,36,0,36,75
06/07/2021,BAZ,TX,ASW,CE,Federal Contract Tower,0,0,20,10,30,0,0,32,0,32,0,0,52,10,62,130,6,136,198
06/08/2021,BAZ,TX,ASW,CE,Federal Contract Tower,0,3,22,2,27,0,2,40,0,42,0,5,62,2,69,182,4,186,255
06/09/2021,BAZ,TX,ASW,CE,Federal Contract Tower,0,3,44,8,55,0,1,37,0,38,0,4,81,8,93,68,2,70,163
06/10/2021,BAZ,TX,ASW,CE,Federal Contract Tower,0,1,28,9,38,0,0,72,1,73,0,1,100,10,111,196,22,218,329
06/11/2021,BAZ,TX,ASW,CE,Federal Contract Tower,0,3,19,2,24,0,0,66,0,66,0,3,85,2,90,134,32,166,256
06/12/2021,BAZ,TX,ASW,CE,Federal Contract Tower,0,0,21,4,25,0,2,74,1,77,0,2,95,5,102,98,14,112,214
06/13/2021,BAZ,TX,ASW,CE,Federal Contract Tower,0,5,11,5,21,0,0,46,0,46,0,5,57,5,67,60,0,60,127
06/14/2021,BAZ,TX,ASW,CE,Federal Contract Tower,0,0,16,9,25,0,5,64,2,71,0,5,80,11,96,86,12,98,194
06/15/2021,BAZ,TX,ASW,CE,Federal Contract Tower,0,0,6,12,18,0,2,111,0,113,0,2,117,12,131,116,8,124,255
06/16/2021,BAZ,TX,ASW,CE,Federal Contract Tower,0,4,19,8,31,0,5,123,1,129,0,9,142,9,160,142,6,148,308
06/17/2021,BAZ,TX,ASW,CE,Federal Contract Tower,0,1,20,2,23,0,0,107,0,107,0,1,127,2,130,226,0,226,356
06/18/2021,BAZ,TX,ASW,CE,Federal Contract Tower,0,1,33,0,34,0,1,91,0,92,0,2,124,0,126,216,0,216,342
06/19/2021,BAZ,TX,ASW,CE,Federal Contract Tower,0,1,8,0,9,0,0,83,0,83,0,1,91,0,92,84,0,84,176
06/20/2021,BAZ,TX,ASW,CE,Federal Contract Tower,0,1,21,0,22,0,0,29,0,29,0,1,50,0,51,66,0,66,117
06/21/2021,BAZ,TX,ASW,CE,Federal Contract Tower,0,0,30,10,40,0,1,41,0,42,0,1,71,10,82,136,0,136,218
06/22/2021,BAZ,TX,ASW,CE,Federal Contract Tower,0,0,23,2,25,0,0,30,0,30,0,0,53,2,55,28,0,28,83
06/23/2021,BAZ,TX,ASW,CE,Federal Contract Tower,0,0,26,2,28,0,1,58,0,59,0,1,84,2,87,104,0,104,191
06/24/2021,BAZ,TX,ASW,CE,Federal Contract Tower,0,2,35,15,52,0,1,62,0,63,0,3,97,15,115,88,8,96,211
06/25/2021,BAZ,TX,ASW,CE,Federal Contract Tower,0,2,30,12,44,0,0,96,0,96,0,2,126,12,140,248,0,248,388
06/26/2021,BAZ,TX,ASW,CE,Federal Contract Tower,0,0,15,11,26,0,0,73,0,73,0,0,88,11,99,128,0,128,227
06/27/2021,BAZ,TX,ASW,CE,Federal Contract Tower,0,3,21,0,24,0,0,10,0,10,0,3,31,0,34,26,0,26,60
06/28/2021,BAZ,TX,ASW,CE,Federal Contract Tower,0,2,15,0,17,0,0,18,0,18,0,2,33,0,35,82,0,82,117
06/29/2021,BAZ,TX,ASW,CE,Federal Contract Tower,0,0,15,8,23,0,0,29,0,29,0,0,44,8,52,56,0,56,108
06/30/2021,BAZ,TX,ASW,CE,Federal Contract Tower,0,1,15,0,16,0,2,45,0,47,0,3,60,0,63,70,0,70,133
07/01/2021,BAZ,TX,ASW,CE,Federal Contract Tower,0,0,36,4,40,0,5,111,0,116,0,5,147,4,156,196,0,196,352
07/02/2021,BAZ,TX,ASW,CE,Federal Contract Tower,0,0,24,0,24,0,0,100,0,100,0,0,124,0,124,194,0,194,318
07/03/2021,BAZ,TX,ASW,CE,Federal Contract Tower,0,0,22,0,22,0,0,53,0,53,0,0,75,0,75,120,0,120,195
07/04/2021,BAZ,TX,ASW,CE,Federal Contract Tower,0,0,4,0,4,0,3,39,0,42,0,3,43,0,46,36,0,36,82
07/05/2021,BAZ,TX,ASW,CE,Federal Contract Tower,0,1,18,0,19,0,0,10,0,10,0,1,28,0,29,16,2,18,47
07/06/2021,BAZ,TX,ASW,CE,Federal Contract Tower,0,0,11,0,11,0,0,10,0,10,0,0,21,0,21,42,0,42,63
07/07/2021,BAZ,TX,ASW,CE,Federal Contract Tower,0,0,32,2,34,0,0,40,0,40,0,0,72,2,74,144,0,144,218
07/08/2021,BAZ,TX,ASW,CE,Federal Contract Tower,0,0,14,8,22,0,2,27,2,31,0,2,41,10,53,154,6,160,213
07/09/2021,BAZ,TX,ASW,CE,Federal Contract Tower,0,0,16,0,16,0,0,2,0,2,0,0,18,0,18,0,0,0,18
07/10/2021,BAZ,TX,ASW,CE,Federal Contract Tower,0,0,18,2,20,0,0,72,0,72,0,0,90,2,92,194,0,194,286
07/11/2021,BAZ,TX,ASW,CE,Federal Contract Tower,0,0,18,0,18,0,0,31,0,31,0,0,49,0,49,152,0,152,201
07/12/2021,BAZ,TX,ASW,CE,Federal Contract Tower,0,2,19,6,27,0,0,62,0,62,0,2,81,6,89,188,2,190,279
07/13/2021,BAZ,TX,ASW,CE,Federal Contract Tower,0,0,28,0,28,0,0,46,0,46,0,0,74,0,74,96,0,96,170
07/14/2021,BAZ,TX,ASW,CE,Federal Contract Tower,0,0,29,0,29,0,0,25,0,25,0,0,54,0,54,64,0,64,118
07/15/2021,BAZ,TX,ASW,CE,Federal Contract Tower,0,3,28,2,33,0,0,86,0,86,0,3,114,2,119,146,0,146,265
07/16/2021,BAZ,TX,ASW,CE,Federal Contract Tower,0,0,22,6,28,0,0,64,0,64,0,0,86,6,92,166,2,168,260
07/17/2021,BAZ,TX,ASW,CE,Federal Contract Tower,0,3,16,4,23,0,0,65,0,65,0,3,81,4,88,140,0,140,228
07/18/2021,BAZ,TX,ASW,CE,Federal Contract Tower,0,0,17,6,23,0,0,51,2,53,0,0,68,8,76,100,8,108,184
07/19/2021,BAZ,TX,ASW,CE,Federal Contract Tower,0,1,29,2,32,0,1,64,0,65,0,2,93,2,97,122,0,122,219
07/20/2021,BAZ,TX,ASW,CE,Federal Contract Tower,0,0,19,8,27,0,0,67,0,67,0,0,86,8,94,182,8,190,284
07/21/2021,BAZ,TX,ASW,CE,Federal Contract Tower,0,2,6,2,10,0,1,57,0,58,0,3,63,2,68,116,2,118,186
07/22/2021,BAZ,TX,ASW,CE,Federal Contract Tower,0,3,17,0,20,0,2,78,2,82,0,5,95,2,102,108,8,116,218
07/23/2021,BAZ,TX,ASW,CE,Federal Contract Tower,0,1,16,6,23,0,0,80,0,80,0,1,96,6,103,154,2,156,259
07/24/2021,BAZ,TX,ASW,CE,Federal Contract Tower,0,0,10,6,16,0,0,64,0,64,0,0,74,6,80,80,24,104,184
07/25/2021,BAZ,TX,ASW,CE,Federal Contract Tower,0,0,16,4,20,0,0,46,0,46,0,0,62,4,66,20,0,20,86
07/26/2021,BAZ,TX,ASW,CE,Federal Contract Tower,0,0,10,6,16,0,0,67,0,67,0,0,77,6,83,176,4,180,263
07/27/2021,BAZ,TX,ASW,CE,Federal Contract Tower,0,4,9,7,20,0,0,69,0,69,0,4,78,7,89,134,16,150,239
07/28/2021,BAZ,TX,ASW,CE,Federal Contract Tower,0,0,27,2,29,0,2,91,0,93,0,2,118,2,122,176,0,176,298
07/29/2021,BAZ,TX,ASW,CE,Federal Contract Tower,0,0,19,6,25,0,2,65,0,67,0,2,84,6,92,96,2,98,190
07/30/2021,BAZ,TX,ASW,CE,Federal Contract Tower,0,3,15,4,22,0,0,74,0,74,0,3,89,4,96,158,0,158,254
07/31/2021,BAZ,TX,ASW,CE,Federal Contract Tower,0,7,9,0,16,0,0,52,0,52,0,7,61,0,68,114,0,114,182
08/01/2021,BAZ,TX,ASW,CE,Federal Contract Tower,0,6,15,0,21,0,0,35,0,35,0,6,50,0,56,46,0,46,102
08/02/2021,BAZ,TX,ASW,CE,Federal Contract Tower,0,7,4,2,13,0,0,10,0,10,0,7,14,2,23,6,2,8,31
08/03/2021,BAZ,TX,ASW,CE,Federal Contract Tower,0,2,22,2,26,0,1,75,0,76,0,3,97,2,102,224,2,226,328
08/04/2021,BAZ,TX,ASW,CE,Federal Contract Tower,0,1,1,11,13,0,2,74,0,76,0,3,75,11,89,120,0,120,209
08/05/2021,BAZ,TX,ASW,CE,Federal Contract Tower,0,2,10,0,12,0,0,26,0,26,0,2,36,0,38,16,0,16,54
08/06/2021,BAZ,TX,ASW,CE,Federal Contract Tower,0,0,25,2,27,0,0,2,75,77,0,0,27,77,104,132,0,132,236
08/07/2021,BAZ,TX,ASW,CE,Federal Contract Tower,0,2,7,0,9,0,0,44,0,44,0,2,51,0,53,90,0,90,143
08/08/2021,BAZ,TX,ASW,CE,Federal Contract Tower,0,4,19,2,25,0,0,34,0,34,0,4,53,2,59,44,0,44,103
08/09/2021,BAZ,TX,ASW,CE,Federal Contract Tower,0,1,12,2,15,0,2,48,0,50,0,3,60,2,65,114,0,114,179
08/10/2021,BAZ,TX,ASW,CE,Federal Contract Tower,0,0,27,4,31,0,2,62,2,66,0,2,89,6,97,76,18,94,191
08/11/2021,BAZ,TX,ASW,CE,Federal Contract Tower,0,1,12,9,22,0,1,50,1,52,0,2,62,10,74,54,4,58,132
08/12/2021,BAZ,TX,ASW,CE,Federal Contract Tower,0,0,23,2,25,0,2,76,0,78,0,2,99,2,103,116,2,118,221
08/13/2021,BAZ,TX,ASW,CE,Federal Contract Tower,0,2,27,14,43,0,3,76,0,79,0,5,103,14,122,106,30,136,258
08/14/2021,BAZ,TX,ASW,CE,Federal Contract Tower,0,4,13,0,17,0,0,68,0,68,0,4,81,0,85,82,0,82,167
08/15/2021,BAZ,TX,ASW,CE,Federal Contract Tower,0,0,20,0,20,0,0,22,0,22,0,0,42,0,42,20,0,20,62
08/16/2021,BAZ,TX,ASW,CE,Federal Contract Tower,0,2,17,7,26,0,2,52,0,54,0,4,69,7,80,102,2,104,184
08/17/2021,BAZ,TX,ASW,CE,Federal Contract Tower,0,1,19,10,30,0,3,61,2,66,0,4,80,12,96,108,8,116,212
08/18/2021,BAZ,TX,ASW,CE,Federal Contract Tower,0,1,29,6,36,0,0,42,2,44,0,1,71,8,80,118,4,122,202
08/19/2021,BAZ,TX,ASW,CE,Federal Contract Tower,0,1,23,14,38,0,1,58,2,61,0,2,81,16,99,118,0,118,217
08/20/2021,BAZ,TX,ASW,CE,Federal Contract Tower,0,3,15,3,21,0,0,54,1,55,0,3,69,4,76,56,16,72,148
08/21/2021,BAZ,TX,ASW,CE,Federal Contract Tower,0,1,10,6,17,0,0,53,0,53,0,1,63,6,70,110,0,110,180
08/22/2021,BAZ,TX,ASW,CE,Federal Contract Tower,0,0,14,2,16,0,0,35,0,35,0,0,49,2,51,26,0,26,77
08/23/2021,BAZ,TX,ASW,CE,Federal Contract Tower,0,0,14,14,28,0,2,56,0,58,0,2,70,14,86,122,6,128,214
08/24/2021,BAZ,TX,ASW,CE,Federal Contract Tower,0,0,17,8,25,0,1,68,3,72,0,1,85,11,97,150,18,168,265
08/25/2021,BAZ,TX,ASW,CE,Federal Contract Tower,0,0,19,0,19,0,0,66,1,67,0,0,85,1,86,120,0,120,206
08/26/2021,BAZ,TX,ASW,CE,Federal Contract Tower,0,2,18,6,26,0,1,43,2,46,0,3,61,8,72,112,8,120,192
08/27/2021,BAZ,TX,ASW,CE,Federal Contract Tower,0,0,11,2,13,0,1,37,0,38,0,1,48,2,51,52,2,54,105
08/28/2021,BAZ,TX,ASW,CE,Federal Contract Tower,0,0,12,2,14,0,0,37,0,37,0,0,49,2,51,60,0,60,111
08/29/2021,BAZ,TX,ASW,CE,Federal Contract Tower,0,0,5,0,5,0,0,20,0,20,0,0,25,0,25,36,0,36,61
08/30/2021,BAZ,TX,ASW,CE,Federal Contract Tower,0,3,14,2,19,0,0,41,0,41,0,3,55,2,60,90,0,90,150
08/31/2021,BAZ,TX,ASW,CE,Federal Contract Tower,0,0,21,11,32,0,1,57,1,59,0,1,78,12,91,132,2,134,225
09/01/2021,BAZ,TX,ASW,CE,Federal Contract Tower,0,1,14,2,17,0,0,43,0,43,0,1,57,2,60,116,2,118,178
09/02/2021,BAZ,TX,ASW,CE,Federal Contract Tower,0,1,29,10,40,0,1,46,0,47,0,2,75,10,87,30,6,36,123
09/03/2021,BAZ,TX,ASW,CE,Federal Contract Tower,0,2,9,4,15,0,0,72,0,72,0,2,81,4,87,88,4,92,179
09/04/2021,BAZ,TX,ASW,CE,Federal Contract Tower,0,1,5,0,6,0,0,37,0,37,0,1,42,0,43,46,0,46,89
09/05/2021,BAZ,TX,ASW,CE,Federal Contract Tower,0,1,12,0,13,0,0,52,0,52,0,1,64,0,65,52,0,52,117
09/06/2021,BAZ,TX,ASW,CE,Federal Contract Tower,0,4,25,0,29,0,0,50,0,50,0,4,75,0,79,102,0,102,181
09/07/2021,BAZ,TX,ASW,CE,Federal Contract Tower,0,4,14,4,22,0,0,65,0,65,0,4,79,4,87,192,4,196,283
09/08/2021,BAZ,TX,ASW,CE,Federal Contract Tower,0,0,11,20,31,0,0,75,0,75,0,0,86,20,106,66,14,80,186
09/09/2021,BAZ,TX,ASW,CE,Federal Contract Tower,0,0,23,12,35,0,6,72,2,80,0,6,95,14,115,84,6,90,205
09/10/2021,BAZ,TX,ASW,CE,Federal Contract Tower,0,0,13,8,21,0,0,77,0,77,0,0,90,8,98,96,0,96,194
09/11/2021,BAZ,TX,ASW,CE,Federal Contract Tower,0,0,10,0,10,0,0,55,0,55,0,0,65,0,65,66,0,66,131
09/12/2021,BAZ,TX,ASW,CE,Federal Contract Tower,0,1,17,8,26,0,0,44,0,44,0,1,61,8,70,80,12,92,162
09/13/2021,BAZ,TX,ASW,CE,Federal Contract Tower,0,6,16,16,38,0,1,21,0,22,0,7,37,16,60,54,8,62,122
09/14/2021,BAZ,TX,ASW,CE,Federal Contract Tower,0,2,23,18,43,0,0,27,0,27,0,2,50,18,70,58,10,68,138
09/15/2021,BAZ,TX,ASW,CE,Federal Contract Tower,0,0,12,16,28,0,0,44,0,44,0,0,56,16,72,132,8,140,212
09/16/2021,BAZ,TX,ASW,CE,Federal Contract Tower,0,0,9,6,15,0,0,58,0,58,0,0,67,6,73,108,4,112,185
09/17/2021,BAZ,TX,ASW,CE,Federal Contract Tower,0,7,8,19,34,0,1,90,0,91,0,8,98,19,125,146,12,158,283
09/18/2021,BAZ,TX,ASW,CE,Federal Contract Tower,0,1,10,11,22,0,0,63,0,63,0,1,73,11,85,88,4,92,177
09/19/2021,BAZ,TX,ASW,CE,Federal Contract Tower,0,0,6,0,6,0,0,43,0,43,0,0,49,0,49,56,0,56,105
09/20/2021,BAZ,TX,ASW,CE,Federal Contract Tower,0,0,14,14,28,0,0,54,0,54,0,0,68,14,82,86,6,92,174
09/21/2021,BAZ,TX,ASW,CE,Federal Contract Tower,0,0,20,24,44,0,0,38,2,40,0,0,58,26,84,96,22,118,202
09/22/2021,BAZ,TX,ASW,CE,Federal Contract Tower,0,2,21,14,37,0,2,57,4,63,0,4,78,18,100,70,24,94,194
09/23/2021,BAZ,TX,ASW,CE,Federal Contract Tower,0,0,17,9,26,0,3,81,1,85,0,3,98,10,111,74,10,84,195
09/24/2021,BAZ,TX,ASW,CE,Federal Contract Tower,0,0,14,22,36,0,0,87,0,87,0,0,101,22,123,186,16,202,325
09/25/2021,BAZ,TX,ASW,CE,Federal Contract Tower,0,0,10,0,10,0,0,56,0,56,0,0,66,0,66,80,0,80,146
09/26/2021,BAZ,TX,ASW,CE,Federal Contract Tower,0,0,10,0,10,0,0,50,0,50,0,0,60,0,60,44,0,44,104
09/27/2021,BAZ,TX,ASW,CE,Federal Contract Tower,0,1,15,24,40,0,0,69,0,69,0,1,84,24,109,98,6,104,213
09/28/2021,BAZ,TX,ASW,CE,Federal Contract Tower,0,1,11,6,18,0,1,53,0,54,0,2,64,6,72,88,0,88,160
09/29/2021,BAZ,TX,ASW,CE,Federal Contract Tower,0,3,9,10,22,0,0,62,0,62,0,3,71,10,84,104,0,104,188
09/30/2021,BAZ,TX,ASW,CE,Federal Contract Tower,0,3,15,8,26,0,2,24,1,27,0,5,39,9,53,56,12,68,121
10/01/2021,BAZ,TX,ASW,CE,Federal Contract Tower,0,3,12,5,20,0,0,45,2,47,0,3,57,7,67,82,16,98,165
10/02/2021,BAZ,TX,ASW,CE,Federal Contract Tower,0,0,6,0,6,0,0,23,0,23,0,0,29,0,29,42,0,42,71
10/03/2021,BAZ,TX,ASW,CE,Federal Contract Tower,0,0,12,0,12,0,0,46,0,46,0,0,58,0,58,50,0,50,108
10/04/2021,BAZ,TX,ASW,CE,Federal Contract Tower,0,4,20,14,38,0,0,57,0,57,0,4,77,14,95,128,6,134,229
10/05/2021,BAZ,TX,ASW,CE,Federal Contract Tower,0,1,27,9,37,0,0,87,2,89,0,1,114,11,126,204,6,210,336
10/06/2021,BAZ,TX,ASW,CE,Federal Contract Tower,0,2,12,5,19,0,5,71,0,76,0,7,83,5,95,76,0,76,171
10/07/2021,BAZ,TX,ASW,CE,Federal Contract Tower,0,0,14,9,23,0,2,65,3,70,0,2,79,12,93,78,6,84,177
10/08/2021,BAZ,TX,ASW,CE,Federal Contract Tower,0,0,18,14,32,0,1,77,0,78,0,1,95,14,110,76,0,76,186
10/09/2021,BAZ,TX,ASW,CE,Federal Contract Tower,0,2,17,0,19,0,1,60,0,61,0,3,77,0,80,100,0,100,180
10/10/2021,BAZ,TX,ASW,CE,Federal Contract Tower,0,0,16,0,16,0,0,21,0,21,0,0,37,0,37,8,0,8,45
10/11/2021,BAZ,TX,ASW,CE,Federal Contract Tower,0,0,17,0,17,0,0,88,0,88,0,0,105,0,105,80,0,80,185
10/12/2021,BAZ,TX,ASW,CE,Federal Contract Tower,0,2,26,10,38,0,0,6,0,6,0,2,32,10,44,0,0,0,44
10/13/2021,BAZ,TX,ASW,CE,Federal Contract Tower,0,0,17,22,39,0,0,8,0,8,0,0,25,22,47,26,0,26,73
10/14/2021,BAZ,TX,ASW,CE,Federal Contract Tower,0,0,18,2,20,0,0,13,0,13,0,0,31,2,33,24,0,24,57
10/15/2021,BAZ,TX,ASW,CE,Federal Contract Tower,0,0,20,0,20,0,0,24,0,24,0,0,44,0,44,20,0,20,64
10/16/2021,BAZ,TX,ASW,CE,Federal Contract Tower,0,1,14,10,25,0,0,46,0,46,0,1,60,10,71,56,0,56,127
10/17/2021,BAZ,TX,ASW,CE,Federal Contract Tower,0,0,18,0,18,0,0,66,0,66,0,0,84,0,84,112,0,112,196
10/18/2021,BAZ,TX,ASW,CE,Federal Contract Tower,0,0,9,3,12,0,1,70,2,73,0,1,79,5,85,130,10,140,225
10/19/2021,BAZ,TX,ASW,CE,Federal Contract Tower,0,1,21,8,30,0,1,56,2,59,0,2,77,10,89,194,10,204,293
10/20/2021,BAZ,TX,ASW,CE,Federal Contract Tower,0,2,18,10,30,0,1,39,2,42,0,3,57,12,72,54,0,54,126
10/21/2021,BAZ,TX,ASW,CE,Federal Contract Tower,0,1,14,3,18,0,2,54,1,57,0,3,68,4,75,80,0,80,155
10/22/2021,BAZ,TX,ASW,CE,Federal Contract Tower,0,1,34,6,41,0,0,69,0,69,0,1,103,6,110,100,0,100,210
10/23/2021,BAZ,TX,ASW,CE,Federal Contract Tower,0,1,15,0,16,0,0,49,0,49,0,1,64,0,65,88,0,88,153
10/24/2021,BAZ,TX,ASW,CE,Federal Contract Tower,0,1,21,3,25,0,0,36,0,36,0,1,57,3,61,40,0,40,101
10/25/2021,BAZ,TX,ASW,CE,Federal Contract Tower,0,0,13,10,23,0,0,43,0,43,0,0,56,10,66,62,0,62,128
10/26/2021,BAZ,TX,ASW,CE,Federal Contract Tower,0,2,22,12,36,0,1,25,0,26,0,3,47,12,62,62,8,70,132
10/27/2021,BAZ,TX,ASW,CE,Federal Contract Tower,0,1,6,4,11,0,2,24,0,26,0,3,30,4,37,34,4,38,75
10/28/2021,BAZ,TX,ASW,CE,Federal Contract Tower,0,2,16,8,26,0,7,43,2,52,0,9,59,10,78,86,4,90,168
10/29/2021,BAZ,TX,ASW,CE,Federal Contract Tower,0,0,14,4,18,0,0,51,2,53,0,0,65,6,71,46,0,46,117
10/30/2021,BAZ,TX,ASW,CE,Federal Contract Tower,0,0,14,2,16,0,0,75,0,75,0,0,89,2,91,72,0,72,163
10/31/2021,BAZ,TX,ASW,CE,Federal Contract Tower,0,1,9,0,10,0,0,47,0,47,0,1,56,0,57,72,0,72,129
11/01/2021,BAZ,TX,ASW,CE,Federal Contract Tower,0,0,12,14,26,0,0,61,2,63,0,0,73,16,89,112,4,116,205
11/02/2021,BAZ,TX,ASW,CE,Federal Contract Tower,0,0,17,14,31,0,0,48,0,48,0,0,65,14,79,139,0,139,218
11/03/2021,BAZ,TX,ASW,CE,Federal Contract Tower,0,0,8,4,12,0,0,0,0,0,0,0,8,4,12,0,4,4,16
11/04/2021,BAZ,TX,ASW,CE,Federal Contract Tower,0,4,28,8,40,0,2,14,0,16,0,6,42,8,56,58,4,62,118
11/05/2021,BAZ,TX,ASW,CE,Federal Contract Tower,0,1,21,11,33,0,4,78,1,83,0,5,99,12,116,150,2,152,268
11/06/2021,BAZ,TX,ASW,CE,Federal Contract Tower,0,0,16,2,18,0,0,83,0,83,0,0,99,2,101,206,0,206,307
11/07/2021,BAZ,TX,ASW,CE,Federal Contract Tower,0,0,19,2,21,0,0,58,1,59,0,0,77,3,80,100,0,100,180
11/08/2021,BAZ,TX,ASW,CE,Federal Contract Tower,0,0,24,4,28,0,0,96,0,96,0,0,120,4,124,178,0,178,302
11/09/2021,BAZ,TX,ASW,CE,Federal Contract Tower,0,0,32,6,38,0,1,49,0,50,0,1,81,6,88,126,0,126,214
11/10/2021,BAZ,TX,ASW,CE,Federal Contract Tower,0,2,18,9,29,0,0,43,0,43,0,2,61,9,72,140,0,140,212
11/11/2021,BAZ,TX,ASW,CE,Federal Contract Tower,0,5,19,0,24,0,2,78,0,80,0,7,97,0,104,110,0,110,214
11/12/2021,BAZ,TX,ASW,CE,Federal Contract Tower,0,1,16,0,17,0,6,76,0,82,0,7,92,0,99,126,0,126,225
11/13/2021,BAZ,TX,ASW,CE,Federal Contract Tower,0,0,13,0,13,0,10,124,0,134,0,10,137,0,147,156,0,156,303
11/14/2021,BAZ,TX,ASW,CE,Federal Contract Tower,0,0,8,4,12,0,4,54,0,58,0,4,62,4,70,44,4,48,118
11/15/2021,BAZ,TX,ASW,CE,Federal Contract Tower,0,0,13,4,17,0,0,35,0,35,0,0,48,4,52,78,0,78,130
11/16/2021,BAZ,TX,ASW,CE,Federal Contract Tower,0,0,13,0,13,0,2,29,0,31,0,2,42,0,44,50,0,50,94
11/17/2021,BAZ,TX,ASW,CE,Federal Contract Tower,0,2,15,0,17,0,3,69,2,74,0,5,84,2,91,84,4,88,179
11/18/2021,BAZ,TX,ASW,CE,Federal Contract Tower,0,5,7,11,23,0,0,37,1,38,0,5,44,12,61,46,4,50,111
11/19/2021,BAZ,TX,ASW,CE,Federal Contract Tower,0,1,15,9,25,0,2,101,3,106,0,3,116,12,131,104,4,108,239
11/20/2021,BAZ,TX,ASW,CE,Federal Contract Tower,0,0,12,0,12,0,0,45,0,45,0,0,57,0,57,100,0,100,157
11/21/2021,BAZ,TX,ASW,CE,Federal Contract Tower,0,3,22,0,25,0,0,13,0,13,0,3,35,0,38,30,0,30,68
11/22/2021,BAZ,TX,ASW,CE,Federal Contract Tower,0,1,15,2,18,0,0,64,2,66,0,1,79,4,84,78,6,84,168
11/23/2021,BAZ,TX,ASW,CE,Federal Contract Tower,0,1,23,2,26,0,2,74,0,76,0,3,97,2,102,112,0,112,214
11/24/2021,BAZ,TX,ASW,CE,Federal Contract Tower,0,2,15,6,23,0,2,53,0,55,0,4,68,6,78,80,14,94,172
11/25/2021,BAZ,TX,ASW,CE,Federal Contract Tower,0,0,3,0,3,0,0,5,0,5,0,0,8,0,8,0,0,0,8
11/26/2021,BAZ,TX,ASW,CE,Federal Contract Tower,0,3,4,0,7,0,0,33,2,35,0,3,37,2,42,24,8,32,74
11/27/2021,BAZ,TX,ASW,CE,Federal Contract Tower,0,0,8,0,8,0,0,1,0,1,0,0,9,0,9,0,0,0,9
11/28/2021,BAZ,TX,ASW,CE,Federal Contract Tower,0,0,18,0,18,0,0,18,0,18,0,0,36,0,36,20,0,20,56
11/29/2021,BAZ,TX,ASW,CE,Federal Contract Tower,0,0,8,6,14,0,0,69,0,69,0,0,77,6,83,92,0,92,175
11/30/2021,BAZ,TX,ASW,CE,Federal Contract Tower,0,0,32,15,47,0,2,76,0,78,0,2,108,15,125,120,0,120,245
12/01/2021,BAZ,TX,ASW,CE,Federal Contract Tower,0,2,13,12,27,0,0,76,0,76,0,2,89,12,103,116,6,122,225
12/02/2021,BAZ,TX,ASW,CE,Federal Contract Tower,0,7,14,3,24,0,0,50,1,51,0,7,64,4,75,46,0,46,121
12/03/2021,BAZ,TX,ASW,CE,Federal Contract Tower,0,0,22,7,29,0,0,34,0,34,0,0,56,7,63,40,0,40,103
12/04/2021,BAZ,TX,ASW,CE,Federal Contract Tower,0,2,22,4,28,0,0,36,0,36,0,2,58,4,64,64,10,74,138
12/05/2021,BAZ,TX,ASW,CE,Federal Contract Tower,0,2,17,0,19,0,0,8,0,8,0,2,25,0,27,28,0,28,55
12/06/2021,BAZ,TX,ASW,CE,Federal Contract Tower,0,0,16,12,28,0,0,19,0,19,0,0,35,12,47,52,8,60,107
12/07/2021,BAZ,TX,ASW,CE,Federal Contract Tower,0,0,20,13,33,0,0,94,1,95,0,0,114,14,128,208,2,210,338
12/08/2021,BAZ,TX,ASW,CE,Federal Contract Tower,0,4,29,9,42,0,1,96,1,98,0,5,125,10,140,186,4,190,330
12/09/2021,BAZ,TX,ASW,CE,Federal Contract Tower,0,2,20,14,36,0,0,23,0,23,0,2,43,14,59,90,8,98,157
12/10/2021,BAZ,TX,ASW,CE,Federal Contract Tower,0,0,21,16,37,0,0,29,0,29,0,0,50,16,66,124,10,134,200
12/11/2021,BAZ,TX,ASW,CE,Federal Contract Tower,0,2,3,0,5,0,0,20,0,20,0,2,23,0,25,60,0,60,85
12/12/2021,BAZ,TX,ASW,CE,Federal Contract Tower,0,2,14,0,16,0,0,75,0,75,0,2,89,0,91,106,0,106,197
12/13/2021,BAZ,TX,ASW,CE,Federal Contract Tower,0,0,20,11,31,0,0,28,1,29,0,0,48,12,60,111,10,121,181
12/14/2021,BAZ,TX,ASW,CE,Federal Contract Tower,0,0,19,2,21,0,0,9,1,10,0,0,28,3,31,52,0,52,83
12/15/2021,BAZ,TX,ASW,CE,Federal Contract Tower,0,2,21,1,24,0,0,40,0,40,0,2,61,1,64,82,0,82,146
12/16/2021,BAZ,TX,ASW,CE,Federal Contract Tower,0,0,44,2,46,0,0,21,0,21,0,0,65,2,67,18,2,20,87
12/17/2021,BAZ,TX,ASW,CE,Federal Contract Tower,0,0,41,7,48,0,0,22,0,22,0,0,63,7,70,64,0,64,134
12/18/2021,BAZ,TX,ASW,CE,Federal Contract Tower,0,2,1,0,3,0,0,5,0,5,0,2,6,0,8,10,0,10,18
12/19/2021,BAZ,TX,ASW,CE,Federal Contract Tower,0,0,8,0,8,0,1,51,0,52,0,1,59,0,60,94,0,94,154
12/20/2021,BAZ,TX,ASW,CE,Federal Contract Tower,0,0,19,2,21,0,1,79,0,80,0,1,98,2,101,128,0,128,229
12/21/2021,BAZ,TX,ASW,CE,Federal Contract Tower,0,0,14,8,22,0,5,83,1,89,0,5,97,9,111,126,6,132,243
12/22/2021,BAZ,TX,ASW,CE,Federal Contract Tower,0,16,6,0,22,0,0,90,2,92,0,16,96,2,114,170,2,172,286
12/23/2021,BAZ,TX,ASW,CE,Federal Contract Tower,0,1,16,0,17,0,0,102,0,102,0,1,118,0,119,46,0,46,165
12/24/2021,BAZ,TX,ASW,CE,Federal Contract Tower,0,0,13,0,13,0,0,11,0,11,0,0,24,0,24,0,0,0,24
12/25/2021,BAZ,TX,ASW,CE,Federal Contract Tower,0,1,4,0,5,0,0,8,0,8,0,1,12,0,13,18,0,18,31
12/26/2021,BAZ,TX,ASW,CE,Federal Contract Tower,0,0,9,0,9,0,0,23,0,23,0,0,32,0,32,24,0,24,56
12/27/2021,BAZ,TX,ASW,CE,Federal Contract Tower,0,2,18,0,20,0,0,33,0,33,0,2,51,0,53,46,0,46,99
12/28/2021,BAZ,TX,ASW,CE,Federal Contract Tower,0,2,15,0,17,0,0,34,0,34,0,2,49,0,51,76,0,76,127
12/29/2021,BAZ,TX,ASW,CE,Federal Contract Tower,0,6,11,10,27,0,0,48,2,50,0,6,59,12,77,76,8,84,161
12/30/2021,BAZ,TX,ASW,CE,Federal Contract Tower,0,0,8,0,8,0,2,81,0,83,0,2,89,0,91,184,0,184,275
12/31/2021,BAZ,TX,ASW,CE,Federal Contract Tower,0,0,22,0,22,0,0,17,0,17,0,0,39,0,39,22,0,22,61
01/01/2022,BAZ,TX,ASW,CE,Federal Contract Tower,0,1,4,0,5,0,0,20,0,20,0,1,24,0,25,18,0,18,43
01/02/2022,BAZ,TX,ASW,CE,Federal Contract Tower,0,1,6,0,7,0,0,12,0,12,0,1,18,0,19,12,0,12,31
01/03/2022,BAZ,TX,ASW,CE,Federal Contract Tower,0,1,13,3,17,0,0,78,0,78,0,1,91,3,95,94,0,94,189
01/04/2022,BAZ,TX,ASW,CE,Federal Contract Tower,0,5,8,0,13,0,0,67,0,67,0,5,75,0,80,108,0,108,188
01/05/2022,BAZ,TX,ASW,CE,Federal Contract Tower,0,2,13,0,15,0,0,100,0,100,0,2,113,0,115,150,0,150,265
01/06/2022,BAZ,TX,ASW,CE,Federal Contract Tower,0,1,10,8,19,0,1,60,2,63,0,2,70,10,82,98,0,98,180
01/07/2022,BAZ,TX,ASW,CE,Federal Contract Tower,0,0,19,6,25,0,0,24,0,24,0,0,43,6,49,44,16,60,109
01/08/2022,BAZ,TX,ASW,CE,Federal Contract Tower,0,2,1,0,3,0,0,0,0,0,0,2,1,0,3,0,0,0,3
01/09/2022,BAZ,TX,ASW,CE,Federal Contract Tower,0,0,9,4,13,0,0,29,0,29,0,0,38,4,42,20,2,22,64
01/10/2022,BAZ,TX,ASW,CE,Federal Contract Tower,0,0,15,4,19,0,0,68,0,68,0,0,83,4,87,78,0,78,165
01/11/2022,BAZ,TX,ASW,CE,Federal Contract Tower,0,0,19,10,29,0,0,46,0,46,0,0,65,10,75,118,0,118,193
01/12/2022,BAZ,TX,ASW,CE,Federal Contract Tower,0,0,14,0,14,0,3,79,0,82,0,3,93,0,96,180,0,180,276
01/13/2022,BAZ,TX,ASW,CE,Federal Contract Tower,0,0,13,0,13,0,0,92,0,92,0,0,105,0,105,128,0,128,233
01/14/2022,BAZ,TX,ASW,CE,Federal Contract Tower,0,0,10,0,10,0,4,82,0,86,0,4,92,0,96,122,0,122,218
01/15/2022,BAZ,TX,ASW,CE,Federal Contract Tower,0,0,7,0,7,0,0,4,0,4,0,0,11,0,11,0,0,0,11
01/16/2022,BAZ,TX,ASW,CE,Federal Contract Tower,0,0,2,0,2,0,0,63,0,63,0,0,65,0,65,66,0,66,131
01/17/2022,BAZ,TX,ASW,CE,Federal Contract Tower,0,0,13,0,13,0,0,84,0,84,0,0,97,0,97,180,0,180,277
01/18/2022,BAZ,TX,ASW,CE,Federal Contract Tower,0,2,7,0,9,0,0,67,0,67,0,2,74,0,76,42,0,42,118
01/19/2022,BAZ,TX,ASW,CE,Federal Contract Tower,0,0,10,0,10,0,9,45,0,54,0,9,55,0,64,62,0,62,126
01/20/2022,BAZ,TX,ASW,CE,Federal Contract Tower,0,0,4,0,4,0,2,5,0,7,0,2,9,0,11,20,0,20,31
01/21/2022,BAZ,TX,ASW,CE,Federal Contract Tower,0,0,16,0,16,0,0,70,0,70,0,0,86,0,86,74,0,74,160
01/22/2022,BAZ,TX,ASW,CE,Federal Contract Tower,0,0,10,0,10,0,0,60,0,60,0,0,70,0,70,56,0,56,126
01/23/2022,BAZ,TX,ASW,CE,Federal Contract Tower,0,0,26,2,28,0,0,35,0,35,0,0,61,2,63,82,0,82,145
01/24/2022,BAZ,TX,ASW,CE,Federal Contract Tower,0,2,10,2,14,0,0,0,0,0,0,2,10,2,14,0,0,0,14
01/25/2022,BAZ,TX,ASW,CE,Federal Contract Tower,0,1,26,2,29,0,0,16,0,16,0,1,42,2,45,24,0,24,69
01/26/2022,BAZ,TX,ASW,CE,Federal Contract Tower,0,2,18,4,24,0,2,59,0,61,0,4,77,4,85,148,0,148,233
01/27/2022,BAZ,TX,ASW,CE,Federal Contract Tower,0,0,18,2,20,0,2,88,0,90,0,2,106,2,110,110,0,110,220
01/28/2022,BAZ,TX,ASW,CE,Federal Contract Tower,0,0,29,0,29,0,0,70,0,70,0,0,99,0,99,86,0,86,185
01/29/2022,BAZ,TX,ASW,CE,Federal Contract Tower,0,2,14,0,16,0,0,92,0,92,0,2,106,0,108,160,0,160,268
01/30/2022,BAZ,TX,ASW,CE,Federal Contract Tower,0,0,12,0,12,0,0,55,0,55,0,0,67,0,67,64,0,64,131
01/31/2022,BAZ,TX,ASW,CE,Federal Contract Tower,0,2,8,2,12,0,0,0,0,0,0,2,8,2,12,0,0,0,12
02/01/2022,BAZ,TX,ASW,CE,Federal Contract Tower,0,0,14,0,14,0,2,44,0,46,0,2,58,0,60,96,0,96,156
02/02/2022,BAZ,TX,ASW,CE,Federal Contract Tower,0,0,4,0,4,0,0,0,0,0,0,0,4,0,4,0,0,0,4
02/03/2022,BAZ,TX,ASW,CE,Federal Contract Tower,0,0,3,0,3,0,0,0,0,0,0,0,3,0,3,0,0,0,3
02/04/2022,BAZ,TX,ASW,CE,Federal Contract Tower,0,3,9,0,12,0,0,18,0,18,0,3,27,0,30,40,0,40,70
02/05/2022,BAZ,TX,ASW,CE,Federal Contract Tower,0,1,14,0,15,0,1,87,0,88,0,2,101,0,103,160,0,160,263
02/06/2022,BAZ,TX,ASW,CE,Federal Contract Tower,0,3,20,0,23,0,0,68,0,68,0,3,88,0,91,96,0,96,187
02/07/2022,BAZ,TX,ASW,CE,Federal Contract Tower,0,2,14,0,16,0,1,49,0,50,0,3,63,0,66,62,0,62,128
02/08/2022,BAZ,TX,ASW,CE,Federal Contract Tower,0,5,18,2,25,0,2,82,2,86,0,7,100,4,111,132,6,138,249
02/09/2022,BAZ,TX,ASW,CE,Federal Contract Tower,0,3,21,0,24,0,3,64,1,68,0,6,85,1,92,128,2,130,222
02/10/2022,BAZ,TX,ASW,CE,Federal Contract Tower,0,0,27,0,27,0,5,94,1,100,0,5,121,1,127,94,0,94,221
02/11/2022,BAZ,TX,ASW,CE,Federal Contract Tower,0,3,17,0,20,0,0,82,2,84,0,3,99,2,104,122,2,124,228
02/12/2022,BAZ,TX,ASW,CE,Federal Contract Tower,0,0,8,6,14,0,3,7,0,10,0,3,15,6,24,0,6,6,30
02/13/2022,BAZ,TX,ASW,CE,Federal Contract Tower,0,2,13,2,17,0,1,52,4,57,0,3,65,6,74,88,0,88,162
02/14/2022,BAZ,TX,ASW,CE,Federal Contract Tower,0,0,16,4,20,0,6,54,0,60,0,6,70,4,80,124,0,124,204
02/15/2022,BAZ,TX,ASW,CE,Federal Contract Tower,0,1,18,3,22,0,0,62,3,65,0,1,80,6,87,92,10,102,189
02/16/2022,BAZ,TX,ASW,CE,Federal Contract Tower,0,6,24,0,30,0,0,27,0,27,0,6,51,0,57,126,0,126,183
02/17/2022,BAZ,TX,ASW,CE,Federal Contract Tower,0,5,17,4,26,0,2,61,2,65,0,7,78,6,91,146,8,154,245
02/18/2022,BAZ,TX,ASW,CE,Federal Contract Tower,0,4,12,0,16,0,2,82,0,84,0,6,94,0,100,192,0,192,292
02/19/2022,BAZ,TX,ASW,CE,Federal Contract Tower,0,2,13,0,15,0,2,100,0,102,0,4,113,0,117,150,0,150,267
02/20/2022,BAZ,TX,ASW,CE,Federal Contract Tower,0,1,17,0,18,0,0,32,0,32,0,1,49,0,50,12,0,12,62
02/21/2022,BAZ,TX,ASW,CE,Federal Contract Tower,0,3,9,0,12,0,0,24,0,24,0,3,33,0,36,48,0,48,84
02/22/2022,BAZ,TX,ASW,CE,Federal Contract Tower,0,5,20,3,28,0,1,88,0,89,0,6,108,3,117,158,0,158,275
02/23/2022,BAZ,TX,ASW,CE,Federal Contract Tower,0,2,13,2,17,0,0,2,0,2,0,2,15,2,19,6,2,8,27
02/24/2022,BAZ,TX,ASW,CE,Federal Contract Tower,0,1,13,6,20,0,0,0,0,0,0,1,13,6,20,0,6,6,26
02/25/2022,BAZ,TX,ASW,CE,Federal Contract Tower,0,0,17,4,21,0,0,13,0,13,0,0,30,4,34,2,0,2,36
02/26/2022,BAZ,TX,ASW,CE,Federal Contract Tower,0,0,10,0,10,0,0,0,0,0,0,0,10,0,10,0,0,0,10
02/27/2022,BAZ,TX,ASW,CE,Federal Contract Tower,0,2,14,4,20,0,0,53,0,53,0,2,67,4,73,100,0,100,173
02/28/2022,BAZ,TX,ASW,CE,Federal Contract Tower,0,1,13,4,18,0,0,91,0,91,0,1,104,4,109,274,2,276,385
03/01/2022,BAZ,TX,ASW,CE,Federal Contract Tower,0,0,17,2,19,0,1,76,0,77,0,1,93,2,96,118,0,118,214
03/02/2022,BAZ,TX,ASW,CE,Federal Contract Tower,0,3,17,12,32,0,2,81,0,83,0,5,98,12,115,216,12,228,343
03/03/2022,BAZ,TX,ASW,CE,Federal Contract Tower,0,1,33,14,48,0,9,97,2,108,0,10,130,16,156,154,36,190,346
03/04/2022,BAZ,TX,ASW,CE,Federal Contract Tower,0,4,23,4,31,0,2,21,0,23,0,6,44,4,54,36,4,40,94
03/05/2022,BAZ,TX,ASW,CE,Federal Contract Tower,0,0,28,0,28,0,0,50,0,50,0,0,78,0,78,58,0,58,136
03/06/2022,BAZ,TX,ASW,CE,Federal Contract Tower,0,2,6,0,8,0,2,10,0,12,0,4,16,0,20,10,0,10,30
03/07/2022,BAZ,TX,ASW,CE,Federal Contract Tower,0,3,10,20,33,0,1,17,0,18,0,4,27,20,51,32,18,50,101
03/08/2022,BAZ,TX,ASW,CE,Federal Contract Tower,0,1,15,2,18,0,0,49,2,51,0,1,64,4,69,184,8,192,261
03/09/2022,BAZ,TX,ASW,CE,Federal Contract Tower,0,1,19,7,27,0,1,81,1,83,0,2,100,8,110,178,12,190,300
03/10/2022,BAZ,TX,ASW,CE,Federal Contract Tower,0,2,16,18,36,0,0,118,4,122,0,2,134,22,158,156,34,190,348
03/11/2022,BAZ,TX,ASW,CE,Federal Contract Tower,0,1,16,4,21,0,0,8,0,8,0,1,24,4,29,32,2,34,63
03/12/2022,BAZ,TX,ASW,CE,Federal Contract Tower,0,1,19,4,24,0,0,135,0,135,0,1,154,4,159,138,4,142,301
03/13/2022,BAZ,TX,ASW,CE,Federal Contract Tower,0,2,14,0,16,0,0,56,0,56,0,2,70,0,72,58,0,58,130
03/14/2022,BAZ,TX,ASW,CE,Federal Contract Tower,0,0,17,6,23,0,0,49,2,51,0,0,66,8,74,116,10,126,200
03/15/2022,BAZ,TX,ASW,CE,Federal Contract Tower,0,2,8,12,22,0,0,66,4,70,0,2,74,16,92,82,6,88,180
03/16/2022,BAZ,TX,ASW,CE,Federal Contract Tower,0,1,16,14,31,0,2,103,0,105,0,3,119,14,136,176,4,180,316
03/17/2022,BAZ,TX,ASW,CE,Federal Contract Tower,0,3,27,2,32,0,0,32,0,32,0,3,59,2,64,70,2,72,136
03/18/2022,BAZ,TX,ASW,CE,Federal Contract Tower,0,2,14,14,30,0,1,64,0,65,0,3,78,14,95,86,2,88,183
03/19/2022,BAZ,TX,ASW,CE,Federal Contract Tower,0,2,18,2,22,0,0,131,0,131,0,2,149,2,153,140,2,142,295
03/20/2022,BAZ,TX,ASW,CE,Federal Contract Tower,0,1,9,0,10,0,1,24,0,25,0,2,33,0,35,30,0,30,65
03/21/2022,BAZ,TX,ASW,CE,Federal Contract Tower,0,0,8,0,8,0,1,1,0,2,0,1,9,0,10,0,0,0,10
03/22/2022,BAZ,TX,ASW,CE,Federal Contract Tower,0,2,6,10,18,0,3,59,2,64,0,5,65,12,82,82,4,86,168
03/23/2022,BAZ,TX,ASW,CE,Federal Contract Tower,0,2,20,5,27,0,4,56,1,61,0,6,76,6,88,104,20,124,212
03/24/2022,BAZ,TX,ASW,CE,Federal Contract Tower,0,1,11,2,14,0,2,68,0,70,0,3,79,2,84,82,2,84,168
03/25/2022,BAZ,TX,ASW,CE,Federal Contract Tower,0,3,15,0,18,0,1,124,0,125,0,4,139,0,143,208,0,208,351
03/26/2022,BAZ,TX,ASW,CE,Federal Contract Tower,0,2,12,6,20,0,0,85,0,85,0,2,97,6,105,114,4,118,223
03/27/2022,BAZ,TX,ASW,CE,Federal Contract Tower,0,1,14,0,15,0,0,33,0,33,0,1,47,0,48,36,0,36,84
03/28/2022,BAZ,TX,ASW,CE,Federal Contract Tower,0,4,23,0,27,0,2,45,0,47,0,6,68,0,74,98,0,98,172
03/29/2022,BAZ,TX,ASW,CE,Federal Contract Tower,0,0,16,2,18,0,0,14,0,14,0,0,30,2,32,44,0,44,76
03/30/2022,BAZ,TX,ASW,CE,Federal Contract Tower,0,3,15,2,20,0,1,28,0,29,0,4,43,2,49,24,2,26,75
03/31/2022,BAZ,TX,ASW,CE,Federal Contract Tower,0,1,16,8,25,0,9,118,0,127,0,10,134,8,152,286,0,286,438
04/01/2022,BAZ,TX,ASW,CE,Federal Contract Tower,0,2,16,2,20,0,3,75,2,80,0,5,91,4,100,132,2,134,234
04/02/2022,BAZ,TX,ASW,CE,Federal Contract Tower,0,1,4,8,13,0,0,97,0,97,0,1,101,8,110,188,8,196,306
04/03/2022,BAZ,TX,ASW,CE,Federal Contract Tower,0,0,13,0,13,0,1,102,0,103,0,1,115,0,116,72,0,72,188
04/04/2022,BAZ,TX,ASW,CE,Federal Contract Tower,0,1,23,0,24,0,0,14,0,14,0,1,37,0,38,44,0,44,82
04/05/2022,BAZ,TX,ASW,CE,Federal Contract Tower,0,4,11,3,18,0,0,71,3,74,0,4,82,6,92,178,4,182,274
04/06/2022,BAZ,TX,ASW,CE,Federal Contract Tower,0,1,13,7,21,0,2,19,5,26,0,3,32,12,47,0,14,14,61
04/07/2022,BAZ,TX,ASW,CE,Federal Contract Tower,0,7,21,2,30,0,5,83,0,88,0,12,104,2,118,202,2,204,322
04/08/2022,BAZ,TX,ASW,CE,Federal Contract Tower,0,1,19,11,31,0,0,84,4,88,0,1,103,15,119,108,6,114,233
04/09/2022,BAZ,TX,ASW,CE,Federal Contract Tower,0,0,4,0,4,0,0,60,0,60,0,0,64,0,64,112,0,112,176
04/10/2022,BAZ,TX,ASW,CE,Federal Contract Tower,0,4,4,0,8,0,0,20,0,20,0,4,24,0,28,0,0,0,28
04/11/2022,BAZ,TX,ASW,CE,Federal Contract Tower,0,6,17,2,25,0,1,27,0,28,0,7,44,2,53,84,0,84,137
04/12/2022,BAZ,TX,ASW,CE,Federal Contract Tower,0,4,14,0,18,0,0,16,2,18,0,4,30,2,36,72,2,74,110
04/13/2022,BAZ,TX,ASW,CE,Federal Contract Tower,0,4,31,4,39,0,4,55,2,61,0,8,86,6,100,90,6,96,196
04/14/2022,BAZ,TX,ASW,CE,Federal Contract Tower,0,3,16,8,27,0,3,106,0,109,0,6,122,8,136,108,10,118,254
04/15/2022,BAZ,TX,ASW,CE,Federal Contract Tower,0,0,22,2,24,0,0,30,0,30,0,0,52,2,54,46,0,46,100
04/16/2022,BAZ,TX,ASW,CE,Federal Contract Tower,0,0,22,2,24,0,0,36,0,36,0,0,58,2,60,104,0,104,164
04/17/2022,BAZ,TX,ASW,CE,Federal Contract Tower,0,3,19,0,22,0,0,9,0,9,0,3,28,0,31,14,0,14,45
04/18/2022,BAZ,TX,ASW,CE,Federal Contract Tower,0,2,15,4,21,0,0,44,0,44,0,2,59,4,65,34,0,34,99
04/19/2022,BAZ,TX,ASW,CE,Federal Contract Tower,0,3,12,4,19,0,0,50,0,50,0,3,62,4,69,96,0,96,165
04/20/2022,BAZ,TX,ASW,CE,Federal Contract Tower,0,5,20,4,29,0,0,34,0,34,0,5,54,4,63,96,4,100,163
04/21/2022,BAZ,TX,ASW,CE,Federal Contract Tower,0,3,30,0,33,0,0,23,0,23,0,3,53,0,56,70,0,70,126
04/22/2022,BAZ,TX,ASW,CE,Federal Contract Tower,0,4,20,1,25,0,0,21,1,22,0,4,41,2,47,42,0,42,89
04/23/2022,BAZ,TX,ASW,CE,Federal Contract Tower,0,1,12,0,13,0,0,11,0,11,0,1,23,0,24,10,0,10,34
04/24/2022,BAZ,TX,ASW,CE,Federal Contract Tower,0,1,10,0,11,0,0,11,0,11,0,1,21,0,22,6,0,6,28
04/25/2022,BAZ,TX,ASW,CE,Federal Contract Tower,0,2,12,0,14,0,0,2,0,2,0,2,14,0,16,0,0,0,16
04/26/2022,BAZ,TX,ASW,CE,Federal Contract Tower,0,4,16,0,20,0,0,56,0,56,0,4,72,0,76,146,0,146,222
04/27/2022,BAZ,TX,ASW,CE,Federal Contract Tower,0,1,39,10,50,0,0,94,0,94,0,1,133,10,144,124,8,132,276
04/28/2022,BAZ,TX,ASW,CE,Federal Contract Tower,0,3,29,12,44,0,1,78,0,79,0,4,107,12,123,138,10,148,271
04/29/2022,BAZ,TX,ASW,CE,Federal Contract Tower,0,1,17,16,34,0,0,68,0,68,0,1,85,16,102,124,12,136,238
04/30/2022,BAZ,TX,ASW,CE,Federal Contract Tower,0,0,17,0,17,0,0,45,0,45,0,0,62,0,62,84,0,84,146
05/01/2022,BAZ,TX,ASW,CE,Federal Contract Tower,0,0,23,0,23,0,0,19,0,19,0,0,42,0,42,24,0,24,66
05/02/2022,BAZ,TX,ASW,CE,Federal Contract Tower,0,1,18,11,30,0,0,40,2,42,0,1,58,13,72,76,2,78,150
05/03/2022,BAZ,TX,ASW,CE,Federal Contract Tower,0,0,34,7,41,0,0,67,1,68,0,0,101,8,109,144,10,154,263
05/04/2022,BAZ,TX,ASW,CE,Federal Contract Tower,0,0,30,4,34,0,0,23,0,23,0,0,53,4,57,78,4,82,139
05/05/2022,BAZ,TX,ASW,CE,Federal Contract Tower,0,4,11,2,17,0,1,26,0,27,0,5,37,2,44,60,2,62,106
05/06/2022,BAZ,TX,ASW,CE,Federal Contract Tower,0,5,27,5,37,0,0,125,0,125,0,5,152,5,162,122,0,122,284
05/07/2022,BAZ,TX,ASW,CE,Federal Contract Tower,0,0,15,0,15,0,0,62,0,62,0,0,77,0,77,68,0,68,145
05/08/2022,BAZ,TX,ASW,CE,Federal Contract Tower,0,0,7,0,7,0,0,28,0,28,0,0,35,0,35,56,0,56,91
05/09/2022,BAZ,TX,ASW,CE,Federal Contract Tower,0,3,34,7,44,0,0,70,3,73,0,3,104,10,117,94,4,98,215
05/10/2022,BAZ,TX,ASW,CE,Federal Contract Tower,0,3,29,14,46,0,5,56,0,61,0,8,85,14,107,152,14,166,273
05/11/2022,BAZ,TX,ASW,CE,Federal Contract Tower,0,2,22,14,38,0,3,53,2,58,0,5,75,16,96,120,14,134,230
05/12/2022,BAZ,TX,ASW,CE,Federal Contract Tower,0,4,32,6,42,0,0,80,4,84,0,4,112,10,126,222,10,232,358
05/13/2022,BAZ,TX,ASW,CE,Federal Contract Tower,0,1,27,6,34,0,1,130,0,131,0,2,157,6,165,280,0,280,445
05/14/2022,BAZ,TX,ASW,CE,Federal Contract Tower,0,0,27,0,27,0,0,121,0,121,0,0,148,0,148,70,0,70,218
05/15/2022,BAZ,TX,ASW,CE,Federal Contract Tower,0,0,12,0,12,0,0,41,0,41,0,0,53,0,53,52,0,52,105
05/16/2022,BAZ,TX,ASW,CE,Federal Contract Tower,0,1,24,22,47,0,0,90,2,92,0,1,114,24,139,152,16,168,307
05/17/2022,BAZ,TX,ASW,CE,Federal Contract Tower,0,1,21,10,32,0,1,104,0,105,0,2,125,10,137,128,10,138,275
05/18/2022,BAZ,TX,ASW,CE,Federal Contract Tower,0,3,26,8,37,0,2,54,2,58,0,5,80,10,95,140,10,150,245
05/19/2022,BAZ,TX,ASW,CE,Federal Contract Tower,0,0,17,10,27,0,0,85,0,85,0,0,102,10,112,116,4,120,232
05/20/2022,BAZ,TX,ASW,CE,Federal Contract Tower,0,2,20,11,33,0,1,35,0,36,0,3,55,11,69,64,4,68,137
05/21/2022,BAZ,TX,ASW,CE,Federal Contract Tower,0,0,14,0,14,0,1,70,0,71,0,1,84,0,85,90,0,90,175
05/22/2022,BAZ,TX,ASW,CE,Federal Contract Tower,0,5,12,0,17,0,1,38,0,39,0,6,50,0,56,24,0,24,80
05/23/2022,BAZ,TX,ASW,CE,Federal Contract Tower,0,4,14,8,26,0,1,27,0,28,0,5,41,8,54,66,6,72,126
05/24/2022,BAZ,TX,ASW,CE,Federal Contract Tower,0,1,14,14,29,0,2,76,2,80,0,3,90,16,109,142,10,152,261
05/25/2022,BAZ,TX,ASW,CE,Federal Contract Tower,0,1,19,14,34,0,1,87,0,88,0,2,106,14,122,132,6,138,260
05/26/2022,BAZ,TX,ASW,CE,Federal Contract Tower,0,7,20,4,31,0,11,162,0,173,0,18,182,4,204,122,4,126,330
05/27/2022,BAZ,TX,ASW,CE,Federal Contract Tower,0,2,27,0,29,0,2,131,0,133,0,4,158,0,162,172,0,172,334
05/28/2022,BAZ,TX,ASW,CE,Federal Contract Tower,0,1,27,0,28,0,0,89,0,89,0,1,116,0,117,144,0,144,261
05/29/2022,BAZ,TX,ASW,CE,Federal Contract Tower,0,0,11,0,11,0,0,23,0,23,0,0,34,0,34,20,0,20,54
05/30/2022,BAZ,TX,ASW,CE,Federal Contract Tower,0,0,13,0,13,0,0,24,0,24,0,0,37,0,37,60,0,60,97
05/31/2022,BAZ,TX,ASW,CE,Federal Contract Tower,0,5,20,7,32,0,3,63,0,66,0,8,83,7,98,164,0,164,262
06/01/2022,BAZ,TX,ASW,CE,Federal Contract Tower,0,1,31,6,38,0,4,37,0,41,0,5,68,6,79,74,2,76,155
06/02/2022,BAZ,TX,ASW,CE,Federal Contract Tower,0,1,17,6,24,0,0,59,0,59,0,1,76,6,83,180,14,194,277
06/03/2022,BAZ,TX,ASW,CE,Federal Contract Tower,0,2,19,6,27,0,2,84,0,86,0,4,103,6,113,132,0,132,245
06/04/2022,BAZ,TX,ASW,CE,Federal Contract Tower,0,2,12,0,14,0,2,109,0,111,0,4,121,0,125,176,0,176,301
06/05/2022,BAZ,TX,ASW,CE,Federal Contract Tower,0,3,29,0,32,0,2,52,0,54,0,5,81,0,86,72,0,72,158
06/06/2022,BAZ,TX,ASW,CE,Federal Contract Tower,0,0,28,6,34,0,1,54,0,55,0,1,82,6,89,70,2,72,161
06/07/2022,BAZ,TX,ASW,CE,Federal Contract Tower,0,1,24,8,33,0,1,49,2,52,0,2,73,10,85,104,2,106,191
06/08/2022,BAZ,TX,ASW,CE,Federal Contract Tower,0,1,21,14,36,0,1,89,0,90,0,2,110,14,126,70,12,82,208
06/09/2022,BAZ,TX,ASW,CE,Federal Contract Tower,0,6,29,4,39,0,3,86,0,89,0,9,115,4,128,82,2,84,212
06/10/2022,BAZ,TX,ASW,CE,Federal Contract Tower,0,2,11,6,19,0,0,77,2,79,0,2,88,8,98,102,4,106,204
06/11/2022,BAZ,TX,ASW,CE,Federal Contract Tower,0,0,9,4,13,0,0,102,0,102,0,0,111,4,115,116,4,120,235
06/12/2022,BAZ,TX,ASW,CE,Federal Contract Tower,0,0,13,0,13,0,0,43,0,43,0,0,56,0,56,60,0,60,116
06/13/2022,BAZ,TX,ASW,CE,Federal Contract Tower,0,1,24,12,37,0,3,56,0,59,0,4,80,12,96,130,8,138,234
06/14/2022,BAZ,TX,ASW,CE,Federal Contract Tower,0,1,24,14,39,0,5,35,0,40,0,6,59,14,79,94,14,108,187
06/15/2022,BAZ,TX,ASW,CE,Federal Contract Tower,0,1,18,0,19,0,1,47,0,48,0,2,65,0,67,82,0,82,149
06/16/2022,BAZ,TX,ASW,CE,Federal Contract Tower,0,1,23,0,24,0,0,89,0,89,0,1,112,0,113,100,0,100,213
06/17/2022,BAZ,TX,ASW,CE,Federal Contract Tower,0,0,10,0,10,0,2,67,0,69,0,2,77,0,79,4,0,4,83
06/18/2022,BAZ,TX,ASW,CE,Federal Contract Tower,0,0,8,0,8,0,0,47,0,47,0,0,55,0,55,10,0,10,65
06/19/2022,BAZ,TX,ASW,CE,Federal Contract Tower,0,1,10,0,11,0,0,59,0,59,0,1,69,0,70,88,0,88,158
06/20/2022,BAZ,TX,ASW,CE,Federal Contract Tower,0,1,27,0,28,0,1,83,0,84,0,2,110,0,112,142,0,142,254
06/21/2022,BAZ,TX,ASW,CE,Federal Contract Tower,0,0,15,1,16,0,0,117,1,118,0,0,132,2,134,122,8,130,264
06/22/2022,BAZ,TX,ASW,CE,Federal Contract Tower,0,3,25,8,36,0,2,78,0,80,0,5,103,8,116,132,8,140,256
06/23/2022,BAZ,TX,ASW,CE,Federal Contract Tower,0,2,42,4,48,0,0,107,2,109,0,2,149,6,157,164,8,172,329
06/24/2022,BAZ,TX,ASW,CE,Federal Contract Tower,0,1,15,12,28,0,0,93,0,93,0,1,108,12,121,186,0,186,307
06/25/2022,BAZ,TX,ASW,CE,Federal Contract Tower,0,4,19,0,23,0,0,91,0,91,0,4,110,0,114,104,0,104,218
06/26/2022,BAZ,TX,ASW,CE,Federal Contract Tower,0,1,17,4,22,0,1,50,0,51,0,2,67,4,73,36,2,38,111
06/27/2022,BAZ,TX,ASW,CE,Federal Contract Tower,0,3,18,2,23,0,0,48,0,48,0,3,66,2,71,120,0,120,191
06/28/2022,BAZ,TX,ASW,CE,Federal Contract Tower,0,2,19,2,23,0,3,30,0,33,0,5,49,2,56,40,0,40,96
06/29/2022,BAZ,TX,ASW,CE,Federal Contract Tower,0,0,29,6,35,0,1,103,0,104,0,1,132,6,139,253,2,255,394
06/30/2022,BAZ,TX,ASW,CE,Federal Contract Tower,0,4,10,6,20,0,0,105,2,107,0,4,115,8,127,212,4,216,343
07/01/2022,BAZ,TX,ASW,CE,Federal Contract Tower,0,3,17,2,22,0,0,70,0,70,0,3,87,2,92,140,0,140,232
07/02/2022,BAZ,TX,ASW,CE,Federal Contract Tower,0,2,7,0,9,0,0,49,0,49,0,2,56,0,58,66,0,66,124
07/03/2022,BAZ,TX,ASW,CE,Federal Contract Tower,0,2,10,0,12,0,0,54,0,54,0,2,64,0,66,90,0,90,156
07/04/2022,BAZ,TX,ASW,CE,Federal Contract Tower,0,4,1,0,5,0,0,89,0,89,0,4,90,0,94,66,0,66,160
07/05/2022,BAZ,TX,ASW,CE,Federal Contract Tower,0,5,23,10,38,0,3,46,0,49,0,8,69,10,87,116,0,116,203
07/06/2022,BAZ,TX,ASW,CE,Federal Contract Tower,0,8,8,6,22,0,0,76,0,76,0,8,84,6,98,128,2,130,228
07/07/2022,BAZ,TX,ASW,CE,Federal Contract Tower,0,3,21,2,26,0,2,82,0,84,0,5,103,2,110,122,2,124,234
07/08/2022,BAZ,TX,ASW,CE,Federal Contract Tower,0,3,20,2,25,0,2,92,2,96,0,5,112,4,121,134,6,140,261
07/09/2022,BAZ,TX,ASW,CE,Federal Contract Tower,0,0,13,0,13,0,3,93,0,96,0,3,106,0,109,146,0,146,255
07/10/2022,BAZ,TX,ASW,CE,Federal Contract Tower,0,0,14,0,14,0,1,42,0,43,0,1,56,0,57,64,0,64,121
07/11/2022,BAZ,TX,ASW,CE,Federal Contract Tower,0,1,9,0,10,0,3,82,0,85,0,4,91,0,95,90,0,90,185
07/12/2022,BAZ,TX,ASW,CE,Federal Contract Tower,0,4,13,12,29,0,0,44,0,44,0,4,57,12,73,68,0,68,141
07/13/2022,BAZ,TX,ASW,CE,Federal Contract Tower,0,1,30,8,39,0,1,85,0,86,0,2,115,8,125,106,6,112,237
07/14/2022,BAZ,TX,ASW,CE,Federal Contract Tower,0,4,24,4,32,0,2,64,0,66,0,6,88,4,98,100,2,102,200
07/15/2022,BAZ,TX,ASW,CE,Federal Contract Tower,0,2,6,18,26,0,2,80,1,83,0,4,86,19,109,152,22,174,283
07/16/2022,BAZ,TX,ASW,CE,Federal Contract Tower,0,3,10,0,13,0,3,51,0,54,0,6,61,0,67,62,0,62,129
07/17/2022,BAZ,TX,ASW,CE,Federal Contract Tower,0,0,13,0,13,0,0,50,0,50,0,0,63,0,63,82,0,82,145
07/18/2022,BAZ,TX,ASW,CE,Federal Contract Tower,0,3,26,10,39,0,1,82,0,83,0,4,108,10,122,158,6,164,286
07/19/2022,BAZ,TX,ASW,CE,Federal Contract Tower,0,0,42,12,54,0,2,78,0,80,0,2,120,12,134,152,0,152,286
07/20/2022,BAZ,TX,ASW,CE,Federal Contract Tower,0,1,20,17,38,0,3,59,1,63,0,4,79,18,101,120,22,142,243
07/21/2022,BAZ,TX,ASW,CE,Federal Contract Tower,0,2,44,12,58,0,4,68,2,74,0,6,112,14,132,124,8,132,264
07/22/2022,BAZ,TX,ASW,CE,Federal Contract Tower,0,2,28,15,45,0,16,86,1,103,0,18,114,16,148,124,8,132,280
07/23/2022,BAZ,TX,ASW,CE,Federal Contract Tower,0,1,18,2,21,0,2,54,0,56,0,3,72,2,77,120,2,122,199
07/24/2022,BAZ,TX,ASW,CE,Federal Contract Tower,0,0,19,4,23,0,0,36,0,36,0,0,55,4,59,42,0,42,101
07/25/2022,BAZ,TX,ASW,CE,Federal Contract Tower,0,0,9,5,14,0,0,60,0,60,0,0,69,5,74,158,0,158,232
07/26/2022,BAZ,TX,ASW,CE,Federal Contract Tower,0,1,19,16,36,0,4,110,0,114,0,5,129,16,150,178,8,186,336
07/27/2022,BAZ,TX,ASW,CE,Federal Contract Tower,0,1,14,10,25,0,0,83,0,83,0,1,97,10,108,146,10,156,264
07/28/2022,BAZ,TX,ASW,CE,Federal Contract Tower,0,0,23,0,23,0,1,89,0,90,0,1,112,0,113,144,0,144,257
07/29/2022,BAZ,TX,ASW,CE,Federal Contract Tower,0,3,27,1,31,0,0,63,1,64,0,3,90,2,95,92,0,92,187
07/30/2022,BAZ,TX,ASW,CE,Federal Contract Tower,0,2,22,0,24,0,1,68,0,69,0,3,90,0,93,74,0,74,167
07/31/2022,BAZ,TX,ASW,CE,Federal Contract Tower,0,1,8,0,9,0,0,31,0,31,0,1,39,0,40,24,0,24,64
08/01/2022,BAZ,TX,ASW,CE,Federal Contract Tower,0,0,24,14,38,0,0,65,0,65,0,0,89,14,103,108,14,122,225
08/02/2022,BAZ,TX,ASW,CE,Federal Contract Tower,0,3,32,6,41,0,3,60,0,63,0,6,92,6,104,82,0,82,186
08/03/2022,BAZ,TX,ASW,CE,Federal Contract Tower,0,0,26,4,30,0,4,51,0,55,0,4,77,4,85,114,2,116,201
08/04/2022,BAZ,TX,ASW,CE,Federal Contract Tower,0,2,28,8,38,0,0,49,0,49,0,2,77,8,87,66,4,70,157
08/05/2022,BAZ,TX,ASW,CE,Federal Contract Tower,0,3,29,4,36,0,2,83,0,85,0,5,112,4,121,154,4,158,279
08/06/2022,BAZ,TX,ASW,CE,Federal Contract Tower,0,0,26,0,26,0,0,51,0,51,0,0,77,0,77,138,0,138,215
08/07/2022,BAZ,TX,ASW,CE,Federal Contract Tower,0,2,8,0,10,0,2,25,0,27,0,4,33,0,37,36,0,36,73
08/08/2022,BAZ,TX,ASW,CE,Federal Contract Tower,0,4,17,10,31,0,1,31,0,32,0,5,48,10,63,50,4,54,117
08/09/2022,BAZ,TX,ASW,CE,Federal Contract Tower,0,1,26,6,33,0,2,80,0,82,0,3,106,6,115,162,0,162,277
08/10/2022,BAZ,TX,ASW,CE,Federal Contract Tower,0,7,24,11,42,0,3,72,1,76,0,10,96,12,118,162,6,168,286
08/11/2022,BAZ,TX,ASW,CE,Federal Contract Tower,0,5,23,4,32,0,0,59,1,60,0,5,82,5,92,118,0,118,210
08/12/2022,BAZ,TX,ASW,CE,Federal Contract Tower,0,3,21,8,32,0,3,91,1,95,0,6,112,9,127,126,6,132,259
08/13/2022,BAZ,TX,ASW,CE,Federal Contract Tower,0,0,18,0,18,0,1,79,0,80,0,1,97,0,98,128,0,128,226
08/14/2022,BAZ,TX,ASW,CE,Federal Contract Tower,0,5,16,0,21,0,1,21,0,22,0,6,37,0,43,16,0,16,59
08/15/2022,BAZ,TX,ASW,CE,Federal Contract Tower,0,5,15,20,40,0,0,63,1,64,0,5,78,21,104,202,16,218,322
08/16/2022,BAZ,TX,ASW,CE,Federal Contract Tower,0,3,29,14,46,0,0,72,0,72,0,3,101,14,118,164,6,170,288
08/17/2022,BAZ,TX,ASW,CE,Federal Contract Tower,0,3,21,10,34,0,2,115,0,117,0,5,136,10,151,238,10,248,399
08/18/2022,BAZ,TX,ASW,CE,Federal Contract Tower,0,3,29,0,32,0,2,61,0,63,0,5,90,0,95,132,0,132,227
08/19/2022,BAZ,TX,ASW,CE,Federal Contract Tower,0,0,14,14,28,0,0,44,0,44,0,0,58,14,72,72,14,86,158
08/20/2022,BAZ,TX,ASW,CE,Federal Contract Tower,0,2,21,4,27,0,0,61,0,61,0,2,82,4,88,98,8,106,194
08/21/2022,BAZ,TX,ASW,CE,Federal Contract Tower,0,1,22,0,23,0,1,17,0,18,0,2,39,0,41,40,0,40,81
08/22/2022,BAZ,TX,ASW,CE,Federal Contract Tower,0,1,19,8,28,0,3,37,0,40,0,4,56,8,68,74,4,78,146
08/23/2022,BAZ,TX,ASW,CE,Federal Contract Tower,0,3,18,2,23,0,1,37,0,38,0,4,55,2,61,48,2,50,111
08/24/2022,BAZ,TX,ASW,CE,Federal Contract Tower,0,4,18,2,24,0,1,29,0,30,0,5,47,2,54,46,2,48,102
08/25/2022,BAZ,TX,ASW,CE,Federal Contract Tower,0,0,19,16,35,0,1,92,0,93,0,1,111,16,128,234,22,256,384
08/26/2022,BAZ,TX,ASW,CE,Federal Contract Tower,0,1,11,8,20,0,3,112,0,115,0,4,123,8,135,176,8,184,319
08/27/2022,BAZ,TX,ASW,CE,Federal Contract Tower,0,1,15,8,24,0,0,52,0,52,0,1,67,8,76,70,0,70,146
08/28/2022,BAZ,TX,ASW,CE,Federal Contract Tower,0,3,19,0,22,0,0,32,0,32,0,3,51,0,54,28,0,28,82
08/29/2022,BAZ,TX,ASW,CE,Federal Contract Tower,0,1,16,12,29,0,1,60,0,61,0,2,76,12,90,122,0,122,212
08/30/2022,BAZ,TX,ASW,CE,Federal Contract Tower,0,2,7,2,11,0,1,5,0,6,0,3,12,2,17,0,0,0,17
08/31/2022,BAZ,TX,ASW,CE,Federal Contract Tower,0,3,17,15,35,0,7,52,1,60,0,10,69,16,95,94,16,110,205
09/01/2022,BAZ,TX,ASW,CE,Federal Contract Tower,0,0,30,10,40,0,2,55,0,57,0,2,85,10,97,148,10,158,255
09/02/2022,BAZ,TX,ASW,CE,Federal Contract Tower,0,1,32,1,34,0,0,56,0,56,0,1,88,1,90,70,0,70,160
09/03/2022,BAZ,TX,ASW,CE,Federal Contract Tower,0,0,10,0,10,0,0,36,0,36,0,0,46,0,46,98,0,98,144
09/04/2022,BAZ,TX,ASW,CE,Federal Contract Tower,0,0,10,0,10,0,0,37,0,37,0,0,47,0,47,54,0,54,101
09/05/2022,BAZ,TX,ASW,CE,Federal Contract Tower,0,2,21,0,23,0,2,78,0,80,0,4,99,0,103,130,0,130,233
09/06/2022,BAZ,TX,ASW,CE,Federal Contract Tower,0,3,27,7,37,0,3,52,3,58,0,6,79,10,95,76,10,86,181
09/07/2022,BAZ,TX,ASW,CE,Federal Contract Tower,0,1,24,6,31,0,4,64,0,68,0,5,88,6,99,108,4,112,211
09/08/2022,BAZ,TX,ASW,CE,Federal Contract Tower,0,5,19,10,34,0,4,98,4,106,0,9,117,14,140,120,8,128,268
09/09/2022,BAZ,TX,ASW,CE,Federal Contract Tower,0,1,19,2,22,0,3,139,0,142,0,4,158,2,164,178,0,178,342
09/10/2022,BAZ,TX,ASW,CE,Federal Contract Tower,0,1,15,7,23,0,0,98,0,98,0,1,113,7,121,142,10,152,273
09/11/2022,BAZ,TX,ASW,CE,Federal Contract Tower,0,4,20,0,24,0,0,50,2,52,0,4,70,2,76,102,0,102,178
09/12/2022,BAZ,TX,ASW,CE,Federal Contract Tower,0,2,13,5,20,0,12,93,2,107,0,14,106,7,127,238,0,238,365
09/13/2022,BAZ,TX,ASW,CE,Federal Contract Tower,0,1,13,9,23,0,2,97,1,100,0,3,110,10,123,148,10,158,281
09/14/2022,BAZ,TX,ASW,CE,Federal Contract Tower,0,1,25,12,38,0,3,103,0,106,0,4,128,12,144,168,10,178,322
09/15/2022,BAZ,TX,ASW,CE,Federal Contract Tower,0,1,38,11,50,0,2,58,1,61,0,3,96,12,111,96,30,126,237
09/16/2022,BAZ,TX,ASW,CE,Federal Contract Tower,0,6,26,4,36,0,0,50,1,51,0,6,76,5,87,92,10,102,189
09/17/2022,BAZ,TX,ASW,CE,Federal Contract Tower,0,0,10,0,10,0,0,56,0,56,0,0,66,0,66,114,0,114,180
09/18/2022,BAZ,TX,ASW,CE,Federal Contract Tower,0,2,24,2,28,0,2,19,0,21,0,4,43,2,49,66,0,66,115
09/19/2022,BAZ,TX,ASW,CE,Federal Contract Tower,0,5,16,12,33,0,2,53,0,55,0,7,69,12,88,88,6,94,182
09/20/2022,BAZ,TX,ASW,CE,Federal Contract Tower,0,2,25,7,34,0,3,79,3,85,0,5,104,10,119,148,10,158,277
09/21/2022,BAZ,TX,ASW,CE,Federal Contract Tower,0,0,23,8,31,0,2,83,0,85,0,2,106,8,116,136,8,144,260
09/22/2022,BAZ,TX,ASW,CE,Federal Contract Tower,0,2,16,4,22,0,2,96,0,98,0,4,112,4,120,64,0,64,184
09/23/2022,BAZ,TX,ASW,CE,Federal Contract Tower,0,0,12,2,14,0,2,125,0,127,0,2,137,2,141,182,0,182,323
09/24/2022,BAZ,TX,ASW,CE,Federal Contract Tower,0,2,12,0,14,0,0,85,0,85,0,2,97,0,99,72,0,72,171
09/25/2022,BAZ,TX,ASW,CE,Federal Contract Tower,0,3,24,0,27,0,0,45,0,45,0,3,69,0,72,94,0,94,166
09/26/2022,BAZ,TX,ASW,CE,Federal Contract Tower,0,1,16,7,24,0,1,64,1,66,0,2,80,8,90,122,0,122,212
09/27/2022,BAZ,TX,ASW,CE,Federal Contract Tower,0,2,23,4,29,0,1,92,0,93,0,3,115,4,122,106,2,108,230
09/28/2022,BAZ,TX,ASW,CE,Federal Contract Tower,0,1,23,9,33,0,3,108,3,114,0,4,131,12,147,198,38,236,383
09/29/2022,BAZ,TX,ASW,CE,Federal Contract Tower,0,0,9,4,13,0,5,136,4,145,0,5,145,8,158,214,2,216,374
09/30/2022,BAZ,TX,ASW,CE,Federal Contract Tower,0,1,18,2,21,0,6,121,5,132,0,7,139,7,153,154,18,172,325
10/01/2022,BAZ,TX,ASW,CE,Federal Contract Tower,0,2,16,0,18,0,0,85,0,85,0,2,101,0,103,100,0,100,203
10/02/2022,BAZ,TX,ASW,CE,Federal Contract Tower,0,0,9,0,9,0,0,53,0,53,0,0,62,0,62,50,0,50,112
10/03/2022,BAZ,TX,ASW,CE,Federal Contract Tower,0,1,29,12,42,0,4,83,2,89,0,5,112,14,131,126,24,150,281
10/04/2022,BAZ,TX,ASW,CE,Federal Contract Tower,0,3,14,12,29,0,2,92,0,94,0,5,106,12,123,142,0,142,265
10/05/2022,BAZ,TX,ASW,CE,Federal Contract Tower,0,2,23,8,33,0,4,79,0,83,0,6,102,8,116,90,38,128,244
10/06/2022,BAZ,TX,ASW,CE,Federal Contract Tower,0,3,26,10,39,0,3,118,4,125,0,6,144,14,164,144,8,152,316
10/07/2022,BAZ,TX,ASW,CE,Federal Contract Tower,0,0,24,12,36,0,5,97,0,102,0,5,121,12,138,170,0,170,308
10/08/2022,BAZ,TX,ASW,CE,Federal Contract Tower,0,2,9,0,11,0,0,83,0,83,0,2,92,0,94,158,0,158,252
10/09/2022,BAZ,TX,ASW,CE,Federal Contract Tower,0,0,17,0,17,0,0,50,2,52,0,0,67,2,69,26,2,28,97
10/10/2022,BAZ,TX,ASW,CE,Federal Contract Tower,0,2,14,0,16,0,0,84,0,84,0,2,98,0,100,122,0,122,222
10/11/2022,BAZ,TX,ASW,CE,Federal Contract Tower,0,2,27,5,34,0,0,103,5,108,0,2,130,10,142,232,6,238,380
10/12/2022,BAZ,TX,ASW,CE,Federal Contract Tower,0,0,30,14,44,0,3,51,2,56,0,3,81,16,100,86,12,98,198
10/13/2022,BAZ,TX,ASW,CE,Federal Contract Tower,0,1,23,8,32,0,4,113,0,117,0,5,136,8,149,116,8,124,273
10/14/2022,BAZ,TX,ASW,CE,Federal Contract Tower,0,8,30,9,47,0,1,62,1,64,0,9,92,10,111,148,22,170,281
10/15/2022,BAZ,TX,ASW,CE,Federal Contract Tower,0,0,10,0,10,0,0,45,0,45,0,0,55,0,55,88,0,88,143
10/16/2022,BAZ,TX,ASW,CE,Federal Contract Tower,0,1,15,2,18,0,0,51,0,51,0,1,66,2,69,128,26,154,223
10/17/2022,BAZ,TX,ASW,CE,Federal Contract Tower,0,5,15,2,22,0,0,5,0,5,0,5,20,2,27,0,0,0,27
10/18/2022,BAZ,TX,ASW,CE,Federal Contract Tower,0,6,21,6,33,0,3,97,0,100,0,9,118,6,133,158,4,162,295
10/19/2022,BAZ,TX,ASW,CE,Federal Contract Tower,0,3,25,8,36,0,4,136,0,140,0,7,161,8,176,246,4,250,426
10/20/2022,BAZ,TX,ASW,CE,Federal Contract Tower,0,4,19,14,37,0,1,61,2,64,0,5,80,16,101,108,10,118,219
10/21/2022,BAZ,TX,ASW,CE,Federal Contract Tower,0,2,32,10,44,0,3,121,0,124,0,5,153,10,168,122,2,124,292
10/22/2022,BAZ,TX,ASW,CE,Federal Contract Tower,0,0,26,0,26,0,3,42,0,45,0,3,68,0,71,10,0,10,81
10/23/2022,BAZ,TX,ASW,CE,Federal Contract Tower,0,0,18,2,20,0,1,26,0,27,0,1,44,2,47,16,0,16,63
10/24/2022,BAZ,TX,ASW,CE,Federal Contract Tower,0,0,24,4,28,0,2,18,0,20,0,2,42,4,48,22,2,24,72
10/25/2022,BAZ,TX,ASW,CE,Federal Contract Tower,0,1,20,2,23,0,7,78,0,85,0,8,98,2,108,120,4,124,232
10/26/2022,BAZ,TX,ASW,CE,Federal Contract Tower,0,4,18,9,31,0,1,145,3,149,0,5,163,12,180,204,10,214,394
10/27/2022,BAZ,TX,ASW,CE,Federal Contract Tower,0,2,34,4,40,0,7,109,0,116,0,9,143,4,156,162,4,166,322
10/28/2022,BAZ,TX,ASW,CE,Federal Contract Tower,0,4,8,0,12,0,2,15,0,17,0,6,23,0,29,8,0,8,37
10/29/2022,BAZ,TX,ASW,CE,Federal Contract Tower,0,2,15,2,19,0,0,70,0,70,0,2,85,2,89,192,0,192,281
10/30/2022,BAZ,TX,ASW,CE,Federal Contract Tower,0,0,11,0,11,0,0,66,0,66,0,0,77,0,77,140,0,140,217
10/31/2022,BAZ,TX,ASW,CE,Federal Contract Tower,0,0,15,16,31,0,4,133,2,139,0,4,148,18,170,154,12,166,336
11/01/2022,BAZ,TX,ASW,CE,Federal Contract Tower,0,2,18,17,37,0,1,45,3,49,0,3,63,20,86,104,28,132,218
11/02/2022,BAZ,TX,ASW,CE,Federal Contract Tower,0,3,14,12,29,0,4,31,0,35,0,7,45,12,64,102,10,112,176
11/03/2022,BAZ,TX,ASW,CE,Federal Contract Tower,0,8,17,8,33,0,3,41,0,44,0,11,58,8,77,62,16,78,155
11/04/2022,BAZ,TX,ASW,CE,Federal Contract Tower,0,2,6,4,12,0,0,15,0,15,0,2,21,4,27,32,4,36,63
11/05/2022,BAZ,TX,ASW,CE,Federal Contract Tower,0,1,15,2,18,0,2,111,0,113,0,3,126,2,131,166,0,166,297
11/06/2022,BAZ,TX,ASW,CE,Federal Contract Tower,0,0,14,0,14,0,2,44,0,46,0,2,58,0,60,82,0,82,142
11/07/2022,BAZ,TX,ASW,CE,Federal Contract Tower,0,1,10,8,19,0,2,32,0,34,0,3,42,8,53,100,0,100,153
11/08/2022,BAZ,TX,ASW,CE,Federal Contract Tower,0,2,21,10,33,0,1,52,2,55,0,3,73,12,88,148,0,148,236
11/09/2022,BAZ,TX,ASW,CE,Federal Contract Tower,0,7,34,13,54,0,2,68,1,71,0,9,102,14,125,112,8,120,245
11/10/2022,BAZ,TX,ASW,CE,Federal Contract Tower,0,5,31,8,44,0,3,109,2,114,0,8,140,10,158,226,14,240,398
11/11/2022,BAZ,TX,ASW,CE,Federal Contract Tower,0,4,12,0,16,0,6,16,0,22,0,10,28,0,38,6,0,6,44
11/12/2022,BAZ,TX,ASW,CE,Federal Contract Tower,0,0,8,1,9,0,0,64,1,65,0,0,72,2,74,92,6,98,172
11/13/2022,BAZ,TX,ASW,CE,Federal Contract Tower,0,1,24,0,25,0,0,52,0,52,0,1,76,0,77,70,0,70,147
11/14/2022,BAZ,TX,ASW,CE,Federal Contract Tower,0,0,12,4,16,0,0,8,0,8,0,0,20,4,24,32,0,32,56
11/15/2022,BAZ,TX,ASW,CE,Federal Contract Tower,0,0,26,14,40,0,11,87,2,100,0,11,113,16,140,150,8,158,298
11/16/2022,BAZ,TX,ASW,CE,Federal Contract Tower,0,5,11,8,24,0,14,68,0,82,0,19,79,8,106,140,0,140,246
11/17/2022,BAZ,TX,ASW,CE,Federal Contract Tower,0,0,15,11,26,0,21,104,1,126,0,21,119,12,152,256,8,264,416
11/18/2022,BAZ,TX,ASW,CE,Federal Contract Tower,0,2,36,12,50,0,2,82,4,88,0,4,118,16,138,140,8,148,286
11/19/2022,BAZ,TX,ASW,CE,Federal Contract Tower,0,0,7,0,7,0,0,0,0,0,0,0,7,0,7,0,0,0,7
11/20/2022,BAZ,TX,ASW,CE,Federal Contract Tower,0,3,19,0,22,0,1,33,0,34,0,4,52,0,56,54,0,54,110
11/21/2022,BAZ,TX,ASW,CE,Federal Contract Tower,0,2,8,0,10,0,0,0,0,0,0,2,8,0,10,0,0,0,10
11/22/2022,BAZ,TX,ASW,CE,Federal Contract Tower,0,1,16,4,21,0,0,0,0,0,0,1,16,4,21,0,4,4,25
11/23/2022,BAZ,TX,ASW,CE,Federal Contract Tower,0,0,16,8,24,0,2,26,0,28,0,2,42,8,52,82,8,90,142
11/24/2022,BAZ,TX,ASW,CE,Federal Contract Tower,0,0,2,0,2,0,0,0,0,0,0,0,2,0,2,0,0,0,2
11/25/2022,BAZ,TX,ASW,CE,Federal Contract Tower,0,0,12,0,12,0,0,2,0,2,0,0,14,0,14,2,0,2,16
11/26/2022,BAZ,TX,ASW,CE,Federal Contract Tower,0,0,15,0,15,0,3,33,0,36,0,3,48,0,51,66,0,66,117
11/27/2022,BAZ,TX,ASW,CE,Federal Contract Tower,0,0,11,0,11,0,0,80,0,80,0,0,91,0,91,98,0,98,189
11/28/2022,BAZ,TX,ASW,CE,Federal Contract Tower,0,0,15,2,17,0,1,144,0,145,0,1,159,2,162,204,2,206,368
11/29/2022,BAZ,TX,ASW,CE,Federal Contract Tower,0,0,29,4,33,0,3,39,0,42,0,3,68,4,75,66,2,68,143
11/30/2022,BAZ,TX,ASW,CE,Federal Contract Tower,0,1,15,10,26,0,3,64,0,67,0,4,79,10,93,100,10,110,203
12/01/2022,BAZ,TX,ASW,CE,Federal Contract Tower,0,1,45,9,55,0,1,35,0,36,0,2,80,9,91,44,8,52,143
12/02/2022,BAZ,TX,ASW,CE,Federal Contract Tower,0,3,9,4,16,0,0,3,0,3,0,3,12,4,19,0,0,0,19
12/03/2022,BAZ,TX,ASW,CE,Federal Contract Tower,0,2,31,0,33,0,0,33,0,33,0,2,64,0,66,76,0,76,142
12/04/2022,BAZ,TX,ASW,CE,Federal Contract Tower,0,0,24,0,24,0,0,0,0,0,0,0,24,0,24,0,0,0,24
12/05/2022,BAZ,TX,ASW,CE,Federal Contract Tower,0,3,23,2,28,0,0,31,0,31,0,3,54,2,59,116,0,116,175
12/06/2022,BAZ,TX,ASW,CE,Federal Contract Tower,0,1,19,8,28,0,1,70,0,71,0,2,89,8,99,164,10,174,273
12/07/2022,BAZ,TX,ASW,CE,Federal Contract Tower,0,4,33,7,44,0,0,61,1,62,0,4,94,8,106,112,18,130,236
12/08/2022,BAZ,TX,ASW,CE,Federal Contract Tower,0,5,24,8,37,0,4,66,0,70,0,9,90,8,107,208,6,214,321
12/09/2022,BAZ,TX,ASW,CE,Federal Contract Tower,0,0,31,8,39,0,1,81,0,82,0,1,112,8,121,154,6,160,281
12/10/2022,BAZ,TX,ASW,CE,Federal Contract Tower,0,2,18,0,20,0,3,44,0,47,0,5,62,0,67,150,0,150,217
12/11/2022,BAZ,TX,ASW,CE,Federal Contract Tower,0,3,23,0,26,0,0,71,0,71,0,3,94,0,97,162,0,162,259
12/12/2022,BAZ,TX,ASW,CE,Federal Contract Tower,0,2,15,6,23,0,0,3,0,3,0,2,18,6,26,14,0,14,40
12/13/2022,BAZ,TX,ASW,CE,Federal Contract Tower,0,2,18,8,28,0,1,61,2,64,0,3,79,10,92,120,6,126,218
12/14/2022,BAZ,TX,ASW,CE,Federal Contract Tower,0,5,15,12,32,0,4,72,2,78,0,9,87,14,110,144,14,158,268
12/15/2022,BAZ,TX,ASW,CE,Federal Contract Tower,0,0,22,8,30,0,3,203,0,206,0,3,225,8,236,258,6,264,500
12/16/2022,BAZ,TX,ASW,CE,Federal Contract Tower,0,1,26,8,35,0,5,124,2,131,0,6,150,10,166,246,6,252,418
12/17/2022,BAZ,TX,ASW,CE,Federal Contract Tower,0,0,18,0,18,0,0,106,0,106,0,0,124,0,124,186,0,186,310
12/18/2022,BAZ,TX,ASW,CE,Federal Contract Tower,0,2,12,0,14,0,1,53,0,54,0,3,65,0,68,128,0,128,196
12/19/2022,BAZ,TX,ASW,CE,Federal Contract Tower,0,0,5,0,5,0,0,0,0,0,0,0,5,0,5,0,0,0,5
12/20/2022,BAZ,TX,ASW,CE,Federal Contract Tower,0,3,9,6,18,0,1,0,0,1,0,4,9,6,19,0,0,0,19
12/21/2022,BAZ,TX,ASW,CE,Federal Contract Tower,0,3,19,6,28,0,1,19,0,20,0,4,38,6,48,68,4,72,120
12/22/2022,BAZ,TX,ASW,CE,Federal Contract Tower,0,0,6,7,13,0,2,24,0,26,0,2,30,7,39,38,4,42,81
12/23/2022,BAZ,TX,ASW,CE,Federal Contract Tower,0,0,6,0,6,0,2,38,0,40,0,2,44,0,46,112,0,112,158
12/24/2022,BAZ,TX,ASW,CE,Federal Contract Tower,0,4,7,0,11,0,0,22,0,22,0,4,29,0,33,12,0,12,45
12/25/2022,BAZ,TX,ASW,CE,Federal Contract Tower,0,0,1,0,1,0,0,10,0,10,0,0,11,0,11,28,0,28,39
12/26/2022,BAZ,TX,ASW,CE,Federal Contract Tower,0,1,8,0,9,0,1,83,0,84,0,2,91,0,93,74,0,74,167
12/27/2022,BAZ,TX,ASW,CE,Federal Contract Tower,0,2,29,0,31,0,2,120,0,122,0,4,149,0,153,162,0,162,315
12/28/2022,BAZ,TX,ASW,CE,Federal Contract Tower,0,2,20,4,26,0,2,99,0,101,0,4,119,4,127,150,4,154,281
12/29/2022,BAZ,TX,ASW,CE,Federal Contract Tower,0,2,18,0,20,0,2,54,0,56,0,4,72,0,76,138,0,138,214
12/30/2022,BAZ,TX,ASW,CE,Federal Contract Tower,0,0,11,0,11,0,3,76,0,79,0,3,87,0,90,162,0,162,252
12/31/2022,BAZ,TX,ASW,CE,Federal Contract Tower,0,0,13,0,13,0,0,93,0,93,0,0,106,0,106,72,0,72,178
01/01/2023,BAZ,TX,ASW,CE,Federal Contract Tower,0,0,11,0,11,0,0,22,0,22,0,0,33,0,33,42,0,42,75
01/02/2023,BAZ,TX,ASW,CE,Federal Contract Tower,0,0,24,0,24,0,0,24,0,24,0,0,48,0,48,56,0,56,104
01/03/2023,BAZ,TX,ASW,CE,Federal Contract Tower,0,2,15,2,19,0,3,108,0,111,0,5,123,2,130,206,0,206,336
01/04/2023,BAZ,TX,ASW,CE,Federal Contract Tower,0,5,18,6,29,0,4,97,0,101,0,9,115,6,130,202,10,212,342
01/05/2023,BAZ,TX,ASW,CE,Federal Contract Tower,0,2,26,8,36,0,2,77,0,79,0,4,103,8,115,140,6,146,261
01/06/2023,BAZ,TX,ASW,CE,Federal Contract Tower,0,2,25,12,39,0,0,60,0,60,0,2,85,12,99,104,0,104,203
01/07/2023,BAZ,TX,ASW,CE,Federal Contract Tower,0,3,4,0,7,0,1,14,0,15,0,4,18,0,22,60,0,60,82
01/08/2023,BAZ,TX,ASW,CE,Federal Contract Tower,0,0,24,0,24,0,2,80,0,82,0,2,104,0,106,174,0,174,280
01/09/2023,BAZ,TX,ASW,CE,Federal Contract Tower,0,0,14,9,23,0,0,70,1,71,0,0,84,10,94,100,4,104,198
01/10/2023,BAZ,TX,ASW,CE,Federal Contract Tower,0,2,17,3,22,0,1,96,1,98,0,3,113,4,120,206,10,216,336
01/11/2023,BAZ,TX,ASW,CE,Federal Contract Tower,0,0,16,2,18,0,5,27,0,32,0,5,43,2,50,76,2,78,128
01/12/2023,BAZ,TX,ASW,CE,Federal Contract Tower,0,2,16,6,24,0,3,65,0,68,0,5,81,6,92,96,4,100,192
01/13/2023,BAZ,TX,ASW,CE,Federal Contract Tower,0,1,14,6,21,0,4,155,0,159,0,5,169,6,180,138,0,138,318
01/14/2023,BAZ,TX,ASW,CE,Federal Contract Tower,0,2,14,0,16,0,1,155,0,156,0,3,169,0,172,222,0,222,394
01/15/2023,BAZ,TX,ASW,CE,Federal Contract Tower,0,0,13,0,13,0,0,50,0,50,0,0,63,0,63,142,0,142,205
01/16/2023,BAZ,TX,ASW,CE,Federal Contract Tower,0,0,31,0,31,0,3,67,0,70,0,3,98,0,101,128,0,128,229
01/17/2023,BAZ,TX,ASW,CE,Federal Contract Tower,0,0,14,2,16,0,2,100,0,102,0,2,114,2,118,168,0,168,286
01/18/2023,BAZ,TX,ASW,CE,Federal Contract Tower,0,0,15,8,23,0,4,48,0,52,0,4,63,8,75,132,4,136,211
01/19/2023,BAZ,TX,ASW,CE,Federal Contract Tower,0,2,22,3,27,0,3,124,0,127,0,5,146,3,154,164,44,208,362
01/20/2023,BAZ,TX,ASW,CE,Federal Contract Tower,0,5,18,4,27,0,4,114,0,118,0,9,132,4,145,232,2,234,379
01/21/2023,BAZ,TX,ASW,CE,Federal Contract Tower,0,0,18,0,18,0,0,20,0,20,0,0,38,0,38,52,0,52,90
01/22/2023,BAZ,TX,ASW,CE,Federal Contract Tower,0,0,19,6,25,0,2,75,2,79,0,2,94,8,104,192,4,196,300
01/23/2023,BAZ,TX,ASW,CE,Federal Contract Tower,0,0,22,5,27,0,6,95,2,103,0,6,117,7,130,192,12,204,334
01/24/2023,BAZ,TX,ASW,CE,Federal Contract Tower,0,1,6,8,15,0,0,9,0,9,0,1,15,8,24,30,2,32,56
01/25/2023,BAZ,TX,ASW,CE,Federal Contract Tower,0,0,12,6,18,0,4,101,0,105,0,4,113,6,123,134,6,140,263
01/26/2023,BAZ,TX,ASW,CE,Federal Contract Tower,0,2,23,5,30,0,5,122,4,131,0,7,145,9,161,184,26,210,371
01/27/2023,BAZ,TX,ASW,CE,Federal Contract Tower,0,0,16,13,29,0,2,97,8,107,0,2,113,21,136,152,8,160,296
01/28/2023,BAZ,TX,ASW,CE,Federal Contract Tower,0,0,5,0,5,0,0,0,0,0,0,0,5,0,5,0,0,0,5
01/29/2023,BAZ,TX,ASW,CE,Federal Contract Tower,0,0,3,0,3,0,0,37,0,37,0,0,40,0,40,78,0,78,118
01/30/2023,BAZ,TX,ASW,CE,Federal Contract Tower,0,0,10,0,10,0,0,0,0,0,0,0,10,0,10,0,0,0,10
01/31/2023,BAZ,TX,ASW,CE,Federal Contract Tower,0,0,4,0,4,0,0,1,0,1,0,0,5,0,5,0,0,0,5
02/01/2023,BAZ,TX,ASW,CE,Federal Contract Tower,0,1,5,0,6,0,0,0,0,0,0,1,5,0,6,0,0,0,6
02/02/2023,BAZ,TX,ASW,CE,Federal Contract Tower,0,3,13,0,16,0,2,2,0,4,0,5,15,0,20,0,0,0,20
02/03/2023,BAZ,TX,ASW,CE,Federal Contract Tower,0,0,12,6,18,0,1,69,4,74,0,1,81,10,92,130,0,130,222
02/04/2023,BAZ,TX,ASW,CE,Federal Contract Tower,0,0,12,0,12,0,1,60,0,61,0,1,72,0,73,108,0,108,181
02/05/2023,BAZ,TX,ASW,CE,Federal Contract Tower,0,2,16,0,18,0,2,118,4,124,0,4,134,4,142,158,10,168,310
02/06/2023,BAZ,TX,ASW,CE,Federal Contract Tower,0,0,15,10,25,0,2,34,0,36,0,2,49,10,61,58,10,68,129
02/07/2023,BAZ,TX,ASW,CE,Federal Contract Tower,0,6,9,20,35,0,0,3,0,3,0,6,12,20,38,16,2,18,56
02/08/2023,BAZ,TX,ASW,CE,Federal Contract Tower,0,2,15,8,25,0,4,33,0,37,0,6,48,8,62,80,8,88,150
02/09/2023,BAZ,TX,ASW,CE,Federal Contract Tower,0,0,27,6,33,0,1,142,0,143,0,1,169,6,176,250,0,250,426
02/10/2023,BAZ,TX,ASW,CE,Federal Contract Tower,0,0,32,8,40,0,4,25,0,29,0,4,57,8,69,22,0,22,91
02/11/2023,BAZ,TX,ASW,CE,Federal Contract Tower,0,0,25,0,25,0,0,134,0,134,0,0,159,0,159,202,0,202,361
02/12/2023,BAZ,TX,ASW,CE,Federal Contract Tower,0,0,15,0,15,0,0,120,0,120,0,0,135,0,135,168,0,168,303
02/13/2023,BAZ,TX,ASW,CE,Federal Contract Tower,0,0,20,14,34,0,4,66,0,70,0,4,86,14,104,140,8,148,252
02/14/2023,BAZ,TX,ASW,CE,Federal Contract Tower,0,0,10,4,14,0,5,50,0,55,0,5,60,4,69,58,0,58,127
02/15/2023,BAZ,TX,ASW,CE,Federal Contract Tower,0,4,17,4,25,0,7,52,0,59,0,11,69,4,84,66,0,66,150
02/16/2023,BAZ,TX,ASW,CE,Federal Contract Tower,0,3,15,1,19,0,0,40,3,43,0,3,55,4,62,16,8,24,86
02/17/2023,BAZ,TX,ASW,CE,Federal Contract Tower,0,1,39,4,44,0,10,123,0,133,0,11,162,4,177,212,2,214,391
02/18/2023,BAZ,TX,ASW,CE,Federal Contract Tower,0,0,17,0,17,0,0,131,0,131,0,0,148,0,148,186,0,186,334
02/19/2023,BAZ,TX,ASW,CE,Federal Contract Tower,0,0,15,0,15,0,0,57,0,57,0,0,72,0,72,82,0,82,154
02/20/2023,BAZ,TX,ASW,CE,Federal Contract Tower,0,0,41,0,41,0,0,61,0,61,0,0,102,0,102,62,0,62,164
02/21/2023,BAZ,TX,ASW,CE,Federal Contract Tower,0,3,16,4,23,0,2,84,2,88,0,5,100,6,111,72,2,74,185
02/22/2023,BAZ,TX,ASW,CE,Federal Contract Tower,0,1,25,7,33,0,3,44,1,48,0,4,69,8,81,56,8,64,145
02/23/2023,BAZ,TX,ASW,CE,Federal Contract Tower,0,0,26,4,30,0,1,34,0,35,0,1,60,4,65,84,2,86,151
02/24/2023,BAZ,TX,ASW,CE,Federal Contract Tower,0,4,23,16,43,0,2,14,0,16,0,6,37,16,59,6,6,12,71
02/25/2023,BAZ,TX,ASW,CE,Federal Contract Tower,0,6,23,0,29,0,0,13,0,13,0,6,36,0,42,10,0,10,52
02/26/2023,BAZ,TX,ASW,CE,Federal Contract Tower,0,0,21,0,21,0,0,13,0,13,0,0,34,0,34,34,0,34,68
02/27/2023,BAZ,TX,ASW,CE,Federal Contract Tower,0,2,12,6,20,0,6,113,0,119,0,8,125,6,139,156,0,156,295
02/28/2023,BAZ,TX,ASW,CE,Federal Contract Tower,0,2,10,6,18,0,4,91,0,95,0,6,101,6,113,122,0,122,235
03/01/2023,BAZ,TX,ASW,CE,Federal Contract Tower,0,0,23,14,37,0,2,48,0,50,0,2,71,14,87,100,14,114,201
03/02/2023,BAZ,TX,ASW,CE,Federal Contract Tower,0,2,17,4,23,0,5,18,0,23,0,7,35,4,46,12,6,18,64
03/03/2023,BAZ,TX,ASW,CE,Federal Contract Tower,0,0,27,9,36,0,3,77,1,81,0,3,104,10,117,214,10,224,341
03/04/2023,BAZ,TX,ASW,CE,Federal Contract Tower,0,1,14,0,15,0,33,146,0,179,0,34,160,0,194,180,0,180,374
03/05/2023,BAZ,TX,ASW,CE,Federal Contract Tower,0,0,15,0,15,0,2,42,0,44,0,2,57,0,59,42,0,42,101
03/06/2023,BAZ,TX,ASW,CE,Federal Contract Tower,0,9,28,6,43,0,24,50,2,76,0,33,78,8,119,52,4,56,175
03/07/2023,BAZ,TX,ASW,CE,Federal Contract Tower,0,3,28,10,41,0,4,19,0,23,0,7,47,10,64,14,0,14,78
03/08/2023,BAZ,TX,ASW,CE,Federal Contract Tower,0,4,19,6,29,0,18,45,2,65,0,22,64,8,94,116,4,120,214
03/09/2023,BAZ,TX,ASW,CE,Federal Contract Tower,0,5,22,8,35,0,9,52,0,61,0,14,74,8,96,112,8,120,216
03/10/2023,BAZ,TX,ASW,CE,Federal Contract Tower,0,3,19,8,30,0,4,74,1,79,0,7,93,9,109,112,2,114,223
03/11/2023,BAZ,TX,ASW,CE,Federal Contract Tower,0,4,16,2,22,0,5,67,0,72,0,9,83,2,94,106,0,106,200
03/12/2023,BAZ,TX,ASW,CE,Federal Contract Tower,0,7,9,1,17,0,10,57,1,68,0,17,66,2,85,72,20,92,177
03/13/2023,BAZ,TX,ASW,CE,Federal Contract Tower,0,1,23,10,34,0,4,39,5,48,0,5,62,15,82,24,22,46,128
03/14/2023,BAZ,TX,ASW,CE,Federal Contract Tower,0,2,25,5,32,0,31,65,8,104,0,33,90,13,136,130,16,146,282
03/15/2023,BAZ,TX,ASW,CE,Federal Contract Tower,0,5,34,6,45,0,27,86,1,114,0,32,120,7,159,118,16,134,293
03/16/2023,BAZ,TX,ASW,CE,Federal Contract Tower,0,3,16,0,19,0,1,20,0,21,0,4,36,0,40,40,0,40,80
03/17/2023,BAZ,TX,ASW,CE,Federal Contract Tower,0,7,13,3,23,0,5,29,1,35,0,12,42,4,58,70,10,80,138
03/18/2023,BAZ,TX,ASW,CE,Federal Contract Tower,0,3,10,0,13,0,1,43,0,44,0,4,53,0,57,68,0,68,125
03/19/2023,BAZ,TX,ASW,CE,Federal Contract Tower,0,4,17,0,21,0,20,67,0,87,0,24,84,0,108,100,0,100,208
03/20/2023,BAZ,TX,ASW,CE,Federal Contract Tower,0,1,16,4,21,0,9,52,4,65,0,10,68,8,86,114,16,130,216
03/21/2023,BAZ,TX,ASW,CE,Federal Contract Tower,0,0,12,0,12,0,0,0,0,0,0,0,12,0,12,0,0,0,12
03/22/2023,BAZ,TX,ASW,CE,Federal Contract Tower,0,8,25,7,40,0,12,37,1,50,0,20,62,8,90,99,13,112,202
03/23/2023,BAZ,TX,ASW,CE,Federal Contract Tower,0,2,30,16,48,0,2,37,2,41,0,4,67,18,89,64,24,88,177
03/24/2023,BAZ,TX,ASW,CE,Federal Contract Tower,0,4,23,2,29,0,2,59,0,61,0,6,82,2,90,120,0,120,210
03/25/2023,BAZ,TX,ASW,CE,Federal Contract Tower,0,0,21,0,21,0,19,132,0,151,0,19,153,0,172,146,0,146,318
03/26/2023,BAZ,TX,ASW,CE,Federal Contract Tower,0,2,30,0,32,0,11,30,0,41,0,13,60,0,73,64,0,64,137
03/27/2023,BAZ,TX,ASW,CE,Federal Contract Tower,0,0,31,8,39,0,15,54,0,69,0,15,85,8,108,96,0,96,204
03/28/2023,BAZ,TX,ASW,CE,Federal Contract Tower,0,0,14,2,16,0,2,9,2,13,0,2,23,4,29,0,2,2,31
03/29/2023,BAZ,TX,ASW,CE,Federal Contract Tower,0,0,27,4,31,0,45,77,0,122,0,45,104,4,153,132,4,136,289
03/30/2023,BAZ,TX,ASW,CE,Federal Contract Tower,0,2,31,2,35,0,1,2,0,3,0,3,33,2,38,10,2,12,50
03/31/2023,BAZ,TX,ASW,CE,Federal Contract Tower,0,2,27,8,37,0,14,55,0,69,0,16,82,8,106,86,10,96,202
04/01/2023,BAZ,TX,ASW,CE,Federal Contract Tower,0,0,13,0,13,0,8,150,0,158,0,8,163,0,171,208,0,208,379
04/02/2023,BAZ,TX,ASW,CE,Federal Contract Tower,0,1,19,2,22,0,9,19,0,28,0,10,38,2,50,28,2,30,80
04/03/2023,BAZ,TX,ASW,CE,Federal Contract Tower,0,0,26,14,40,0,10,52,0,62,0,10,78,14,102,110,0,110,212
04/04/2023,BAZ,TX,ASW,CE,Federal Contract Tower,0,3,23,15,41,0,5,40,1,46,0,8,63,16,87,52,20,72,159
04/05/2023,BAZ,TX,ASW,CE,Federal Contract Tower,0,0,13,8,21,0,13,20,0,33,0,13,33,8,54,16,8,24,78
04/06/2023,BAZ,TX,ASW,CE,Federal Contract Tower,0,4,1,0,5,0,0,0,0,0,0,4,1,0,5,0,0,0,5
04/07/2023,BAZ,TX,ASW,CE,Federal Contract Tower,0,0,10,0,10,0,0,0,0,0,0,0,10,0,10,0,0,0,10
04/08/2023,BAZ,TX,ASW,CE,Federal Contract Tower,0,0,19,0,19,0,1,21,0,22,0,1,40,0,41,56,0,56,97
04/09/2023,BAZ,TX,ASW,CE,Federal Contract Tower,0,0,14,0,14,0,0,45,0,45,0,0,59,0,59,94,0,94,153
04/10/2023,BAZ,TX,ASW,CE,Federal Contract Tower,0,0,20,18,38,0,15,21,0,36,0,15,41,18,74,60,0,60,134
04/11/2023,BAZ,TX,ASW,CE,Federal Contract Tower,0,0,22,12,34,0,14,87,0,101,0,14,109,12,135,174,6,180,315
04/12/2023,BAZ,TX,ASW,CE,Federal Contract Tower,0,0,35,3,38,0,60,89,3,152,0,60,124,6,190,178,30,208,398
04/13/2023,BAZ,TX,ASW,CE,Federal Contract Tower,0,0,33,6,39,0,37,68,0,105,0,37,101,6,144,124,2,126,270
04/14/2023,BAZ,TX,ASW,CE,Federal Contract Tower,0,3,28,9,40,0,11,14,1,26,0,14,42,10,66,54,10,64,130
04/15/2023,BAZ,TX,ASW,CE,Federal Contract Tower,0,3,20,1,24,0,29,30,1,60,0,32,50,2,84,50,14,64,148
04/16/2023,BAZ,TX,ASW,CE,Federal Contract Tower,0,0,6,8,14,0,3,62,1,66,0,3,68,9,80,78,8,86,166
04/17/2023,BAZ,TX,ASW,CE,Federal Contract Tower,0,3,20,14,37,0,6,85,4,95,0,9,105,18,132,124,14,138,270
04/18/2023,BAZ,TX,ASW,CE,Federal Contract Tower,0,2,20,20,42,0,4,9,2,15,0,6,29,22,57,28,40,68,125
04/19/2023,BAZ,TX,ASW,CE,Federal Contract Tower,0,0,28,8,36,0,2,24,2,28,0,2,52,10,64,54,4,58,122
04/20/2023,BAZ,TX,ASW,CE,Federal Contract Tower,0,2,13,6,21,0,3,15,3,21,0,5,28,9,42,44,8,52,94
04/21/2023,BAZ,TX,ASW,CE,Federal Contract Tower,0,4,29,4,37,0,46,41,0,87,0,50,70,4,124,64,0,64,188
04/22/2023,BAZ,TX,ASW,CE,Federal Contract Tower,0,0,13,0,13,0,34,96,1,131,0,34,109,1,144,154,0,154,298
04/23/2023,BAZ,TX,ASW,CE,Federal Contract Tower,0,4,15,0,19,0,0,1,0,1,0,4,16,0,20,0,0,0,20
04/24/2023,BAZ,TX,ASW,CE,Federal Contract Tower,0,6,26,6,38,0,12,33,0,45,0,18,59,6,83,88,4,92,175
04/25/2023,BAZ,TX,ASW,CE,Federal Contract Tower,0,5,34,2,41,0,15,3,0,18,0,20,37,2,59,22,0,22,81
04/26/2023,BAZ,TX,ASW,CE,Federal Contract Tower,0,6,20,8,34,0,19,30,0,49,0,25,50,8,83,86,0,86,169
04/27/2023,BAZ,TX,ASW,CE,Federal Contract Tower,0,6,28,11,45,0,11,59,1,71,0,17,87,12,116,110,12,122,238
04/28/2023,BAZ,TX,ASW,CE,Federal Contract Tower,0,2,16,18,36,0,2,29,0,31,0,4,45,18,67,20,0,20,87
04/29/2023,BAZ,TX,ASW,CE,Federal Contract Tower,0,0,3,0,3,0,0,16,0,16,0,0,19,0,19,6,0,6,25
04/30/2023,BAZ,TX,ASW,CE,Federal Contract Tower,0,2,10,0,12,0,4,80,0,84,0,6,90,0,96,128,0,128,224
05/01/2023,BAZ,TX,ASW,CE,Federal Contract Tower,0,2,16,18,36,0,20,69,2,91,0,22,85,20,127,138,6,144,271
05/02/2023,BAZ,TX,ASW,CE,Federal Contract Tower,0,4,15,6,25,0,1,40,2,43,0,5,55,8,68,158,0,158,226
05/03/2023,BAZ,TX,ASW,CE,Federal Contract Tower,0,3,17,8,28,0,14,84,3,101,0,17,101,11,129,154,10,164,293
05/04/2023,BAZ,TX,ASW,CE,Federal Contract Tower,0,1,20,10,31,0,16,43,0,59,0,17,63,10,90,72,6,78,168
05/05/2023,BAZ,TX,ASW,CE,Federal Contract Tower,0,2,27,8,37,0,12,42,1,55,0,14,69,9,92,160,8,168,260
05/06/2023,BAZ,TX,ASW,CE,Federal Contract Tower,0,0,14,0,14,0,0,30,0,30,0,0,44,0,44,74,0,74,118
05/07/2023,BAZ,TX,ASW,CE,Federal Contract Tower,0,2,10,0,12,0,2,14,0,16,0,4,24,0,28,42,0,42,70
05/08/2023,BAZ,TX,ASW,CE,Federal Contract Tower,0,5,12,22,39,0,14,56,2,72,0,19,68,24,111,176,14,190,301
05/09/2023,BAZ,TX,ASW,CE,Federal Contract Tower,0,1,13,0,14,0,1,4,0,5,0,2,17,0,19,4,0,4,23
05/10/2023,BAZ,TX,ASW,CE,Federal Contract Tower,0,2,22,6,30,0,17,25,0,42,0,19,47,6,72,124,2,126,198
05/11/2023,BAZ,TX,ASW,CE,Federal Contract Tower,0,2,35,9,46,0,2,11,1,14,0,4,46,10,60,12,4,16,76
05/12/2023,BAZ,TX,ASW,CE,Federal Contract Tower,0,7,16,0,23,0,1,16,0,17,0,8,32,0,40,22,0,22,62
05/13/2023,BAZ,TX,ASW,CE,Federal Contract Tower,0,0,11,0,11,0,12,15,0,27,0,12,26,0,38,30,0,30,68
05/14/2023,BAZ,TX,ASW,CE,Federal Contract Tower,0,0,5,0,5,0,11,15,0,26,0,11,20,0,31,30,0,30,61
05/15/2023,BAZ,TX,ASW,CE,Federal Contract Tower,0,1,18,0,19,0,1,16,0,17,0,2,34,0,36,16,0,16,52
05/16/2023,BAZ,TX,ASW,CE,Federal Contract Tower,0,2,16,2,20,0,39,30,0,69,0,41,46,2,89,96,0,96,185
05/17/2023,BAZ,TX,ASW,CE,Federal Contract Tower,0,3,15,6,24,0,40,80,2,122,0,43,95,8,146,114,12,126,272
05/18/2023,BAZ,TX,ASW,CE,Federal Contract Tower,0,0,25,4,29,0,47,89,0,136,0,47,114,4,165,162,2,164,329
05/19/2023,BAZ,TX,ASW,CE,Federal Contract Tower,0,0,15,5,20,0,29,60,1,90,0,29,75,6,110,96,0,96,206
05/20/2023,BAZ,TX,ASW,CE,Federal Contract Tower,0,3,13,4,20,0,2,40,0,42,0,5,53,4,62,56,8,64,126
05/21/2023,BAZ,TX,ASW,CE,Federal Contract Tower,0,0,15,2,17,0,0,21,0,21,0,0,36,2,38,14,0,14,52
05/22/2023,BAZ,TX,ASW,CE,Federal Contract Tower,0,0,17,4,21,0,70,68,0,138,0,70,85,4,159,170,2,172,331
05/23/2023,BAZ,TX,ASW,CE,Federal Contract Tower,0,2,18,14,34,0,42,67,0,109,0,44,85,14,143,174,12,186,329
05/24/2023,BAZ,TX,ASW,CE,Federal Contract Tower,0,0,23,10,33,0,11,72,0,83,0,11,95,10,116,232,4,236,352
05/25/2023,BAZ,TX,ASW,CE,Federal Contract Tower,0,2,15,19,36,0,22,66,1,89,0,24,81,20,125,152,30,182,307
05/26/2023,BAZ,TX,ASW,CE,Federal Contract Tower,0,5,39,0,44,0,36,106,0,142,0,41,145,0,186,120,0,120,306
05/27/2023,BAZ,TX,ASW,CE,Federal Contract Tower,0,2,15,0,17,0,22,77,0,99,0,24,92,0,116,160,0,160,276
05/28/2023,BAZ,TX,ASW,CE,Federal Contract Tower,0,0,11,0,11,0,0,54,0,54,0,0,65,0,65,120,0,120,185
05/29/2023,BAZ,TX,ASW,CE,Federal Contract Tower,0,4,28,0,32,0,12,43,0,55,0,16,71,0,87,146,0,146,233
05/30/2023,BAZ,TX,ASW,CE,Federal Contract Tower,0,7,16,6,29,0,29,60,0,89,0,36,76,6,118,78,0,78,196
05/31/2023,BAZ,TX,ASW,CE,Federal Contract Tower,0,1,19,6,26,0,79,53,2,134,0,80,72,8,160,146,10,156,316
06/01/2023,BAZ,TX,ASW,CE,Federal Contract Tower,0,2,28,1,31,0,14,51,1,66,0,16,79,2,97,134,4,138,235
06/02/2023,BAZ,TX,ASW,CE,Federal Contract Tower,0,3,15,10,28,0,13,82,0,95,0,16,97,10,123,58,2,60,183
06/03/2023,BAZ,TX,ASW,CE,Federal Contract Tower,0,0,17,0,17,0,4,76,0,80,0,4,93,0,97,170,0,170,267
06/04/2023,BAZ,TX,ASW,CE,Federal Contract Tower,0,0,7,0,7,0,0,36,0,36,0,0,43,0,43,48,0,48,91
06/05/2023,BAZ,TX,ASW,CE,Federal Contract Tower,0,0,18,17,35,0,18,54,1,73,0,18,72,18,108,82,4,86,194
06/06/2023,BAZ,TX,ASW,CE,Federal Contract Tower,0,0,19,2,21,0,11,38,0,49,0,11,57,2,70,86,2,88,158
06/07/2023,BAZ,TX,ASW,CE,Federal Contract Tower,0,5,10,6,21,0,24,56,0,80,0,29,66,6,101,132,4,136,237
06/08/2023,BAZ,TX,ASW,CE,Federal Contract Tower,0,4,23,10,37,0,9,55,2,66,0,13,78,12,103,60,12,72,175
06/09/2023,BAZ,TX,ASW,CE,Federal Contract Tower,0,3,19,7,29,0,17,75,1,93,0,20,94,8,122,80,6,86,208
06/10/2023,BAZ,TX,ASW,CE,Federal Contract Tower,0,3,21,0,24,0,18,82,0,100,0,21,103,0,124,138,0,138,262
06/11/2023,BAZ,TX,ASW,CE,Federal Contract Tower,0,9,19,2,30,0,0,55,0,55,0,9,74,2,85,56,0,56,141
06/12/2023,BAZ,TX,ASW,CE,Federal Contract Tower,0,2,15,10,27,0,2,46,0,48,0,4,61,10,75,72,2,74,149
06/13/2023,BAZ,TX,ASW,CE,Federal Contract Tower,0,0,40,4,44,0,1,30,0,31,0,1,70,4,75,52,0,52,127
06/14/2023,BAZ,TX,ASW,CE,Federal Contract Tower,0,6,33,14,53,0,28,30,0,58,0,34,63,14,111,100,8,108,219
06/15/2023,BAZ,TX,ASW,CE,Federal Contract Tower,0,2,35,20,57,0,1,27,0,28,0,3,62,20,85,28,4,32,117
06/16/2023,BAZ,TX,ASW,CE,Federal Contract Tower,0,4,7,12,23,0,33,61,0,94,0,37,68,12,117,150,6,156,273
06/17/2023,BAZ,TX,ASW,CE,Federal Contract Tower,0,3,16,0,19,0,6,45,0,51,0,9,61,0,70,112,0,112,182
06/18/2023,BAZ,TX,ASW,CE,Federal Contract Tower,0,0,18,0,18,0,0,38,0,38,0,0,56,0,56,36,0,36,92
06/19/2023,BAZ,TX,ASW,CE,Federal Contract Tower,0,2,25,0,27,0,16,42,0,58,0,18,67,0,85,60,0,60,145
06/20/2023,BAZ,TX,ASW,CE,Federal Contract Tower,0,6,22,8,36,0,32,41,0,73,0,38,63,8,109,72,0,72,181
06/21/2023,BAZ,TX,ASW,CE,Federal Contract Tower,0,2,28,4,34,0,19,53,0,72,0,21,81,4,106,114,0,114,220
06/22/2023,BAZ,TX,ASW,CE,Federal Contract Tower,0,4,22,4,30,0,2,26,0,28,0,6,48,4,58,62,2,64,122
06/23/2023,BAZ,TX,ASW,CE,Federal Contract Tower,0,2,24,14,40,0,9,71,0,80,0,11,95,14,120,110,8,118,238
06/24/2023,BAZ,TX,ASW,CE,Federal Contract Tower,0,2,15,0,17,0,17,46,0,63,0,19,61,0,80,70,0,70,150
06/25/2023,BAZ,TX,ASW,CE,Federal Contract Tower,0,1,36,0,37,0,6,58,0,64,0,7,94,0,101,88,0,88,189
06/26/2023,BAZ,TX,ASW,CE,Federal Contract Tower,0,0,9,7,16,0,27,51,1,79,0,27,60,8,95,74,14,88,183
06/27/2023,BAZ,TX,ASW,CE,Federal Contract Tower,0,3,18,6,27,0,26,55,0,81,0,29,73,6,108,52,0,52,160
06/28/2023,BAZ,TX,ASW,CE,Federal Contract Tower,0,1,15,4,20,0,4,53,2,59,0,5,68,6,79,46,6,52,131
06/29/2023,BAZ,TX,ASW,CE,Federal Contract Tower,0,2,16,10,28,0,7,70,0,77,0,9,86,10,105,114,14,128,233
06/30/2023,BAZ,TX,ASW,CE,Federal Contract Tower,0,0,18,6,24,0,1,69,0,70,0,1,87,6,94,120,2,122,216
07/01/2023,BAZ,TX,ASW,CE,Federal Contract Tower,0,1,28,0,29,0,5,46,0,51,0,6,74,0,80,90,0,90,170
07/02/2023,BAZ,TX,ASW,CE,Federal Contract Tower,0,0,9,0,9,0,2,48,0,50,0,2,57,0,59,150,0,150,209
07/03/2023,BAZ,TX,ASW,CE,Federal Contract Tower,0,1,10,0,11,0,11,48,0,59,0,12,58,0,70,122,0,122,192
07/04/2023,BAZ,TX,ASW,CE,Federal Contract Tower,0,2,11,0,13,0,4,38,0,42,0,6,49,0,55,142,0,142,197
07/05/2023,BAZ,TX,ASW,CE,Federal Contract Tower,0,1,15,4,20,0,2,39,0,41,0,3,54,4,61,70,0,70,131
07/06/2023,BAZ,TX,ASW,CE,Federal Contract Tower,0,3,17,0,20,0,1,27,0,28,0,4,44,0,48,68,0,68,116
07/07/2023,BAZ,TX,ASW,CE,Federal Contract Tower,0,4,18,5,27,0,30,49,1,80,0,34,67,6,107,80,16,96,203
07/08/2023,BAZ,TX,ASW,CE,Federal Contract Tower,0,3,17,8,28,0,17,34,0,51,0,20,51,8,79,46,10,56,135
07/09/2023,BAZ,TX,ASW,CE,Federal Contract Tower,0,0,16,1,17,0,0,39,1,40,0,0,55,2,57,56,0,56,113
07/10/2023,BAZ,TX,ASW,CE,Federal Contract Tower,0,0,15,12,27,0,5,47,0,52,0,5,62,12,79,92,6,98,177
07/11/2023,BAZ,TX,ASW,CE,Federal Contract Tower,0,3,7,12,22,0,29,40,0,69,0,32,47,12,91,126,6,132,223
07/12/2023,BAZ,TX,ASW,CE,Federal Contract Tower,0,0,22,6,28,0,7,45,0,52,0,7,67,6,80,132,6,138,218
07/13/2023,BAZ,TX,ASW,CE,Federal Contract Tower,0,5,26,10,41,0,2,68,0,70,0,7,94,10,111,140,4,144,255
07/14/2023,BAZ,TX,ASW,CE,Federal Contract Tower,0,2,20,10,32,0,15,67,0,82,0,17,87,10,114,104,10,114,228
07/15/2023,BAZ,TX,ASW,CE,Federal Contract Tower,0,5,16,0,21,0,0,63,0,63,0,5,79,0,84,116,0,116,200
07/16/2023,BAZ,TX,ASW,CE,Federal Contract Tower,0,2,25,0,27,0,12,49,0,61,0,14,74,0,88,104,0,104,192
07/17/2023,BAZ,TX,ASW,CE,Federal Contract Tower,0,3,14,6,23,0,3,35,0,38,0,6,49,6,61,92,0,92,153
07/18/2023,BAZ,TX,ASW,CE,Federal Contract Tower,0,4,19,6,29,0,32,57,0,89,0,36,76,6,118,110,0,110,228
07/19/2023,BAZ,TX,ASW,CE,Federal Contract Tower,0,4,36,8,48,0,8,64,0,72,0,12,100,8,120,184,8,192,312
07/20/2023,BAZ,TX,ASW,CE,Federal Contract Tower,0,5,18,6,29,0,14,58,0,72,0,19,76,6,101,100,10,110,211
07/21/2023,BAZ,TX,ASW,CE,Federal Contract Tower,0,3,30,8,41,0,26,89,0,115,0,29,119,8,156,100,4,104,260
07/22/2023,BAZ,TX,ASW,CE,Federal Contract Tower,0,2,17,0,19,0,2,73,0,75,0,4,90,0,94,100,0,100,194
07/23/2023,BAZ,TX,ASW,CE,Federal Contract Tower,0,3,11,1,15,0,0,51,1,52,0,3,62,2,67,83,0,83,150
07/24/2023,BAZ,TX,ASW,CE,Federal Contract Tower,0,5,17,2,24,0,2,75,0,77,0,7,92,2,101,140,0,140,241
07/25/2023,BAZ,TX,ASW,CE,Federal Contract Tower,0,0,20,4,24,0,11,75,4,90,0,11,95,8,114,126,26,152,266
07/26/2023,BAZ,TX,ASW,CE,Federal Contract Tower,0,0,22,6,28,0,2,54,2,58,0,2,76,8,86,112,18,130,216
07/27/2023,BAZ,TX,ASW,CE,Federal Contract Tower,0,0,24,4,28,0,30,82,0,112,0,30,106,4,140,190,4,194,334
07/28/2023,BAZ,TX,ASW,CE,Federal Contract Tower,0,3,20,8,31,0,4,81,1,86,0,7,101,9,117,106,10,116,233
07/29/2023,BAZ,TX,ASW,CE,Federal Contract Tower,0,0,7,0,7,0,20,75,0,95,0,20,82,0,102,166,0,166,268
07/30/2023,BAZ,TX,ASW,CE,Federal Contract Tower,0,4,13,8,25,0,4,65,2,71,0,8,78,10,96,122,16,138,234
07/31/2023,BAZ,TX,ASW,CE,Federal Contract Tower,0,1,12,2,15,0,3,57,0,60,0,4,69,2,75,60,0,60,135
08/01/2023,BAZ,TX,ASW,CE,Federal Contract Tower,0,2,23,7,32,0,14,87,1,102,0,16,110,8,134,134,2,136,270
08/02/2023,BAZ,TX,ASW,CE,Federal Contract Tower,0,3,21,12,36,0,23,92,0,115,0,26,113,12,151,150,2,152,303
08/03/2023,BAZ,TX,ASW,CE,Federal Contract Tower,0,3,29,9,41,0,3,76,1,80,0,6,105,10,121,148,20,168,289
08/04/2023,BAZ,TX,ASW,CE,Federal Contract Tower,0,1,25,2,28,0,14,66,2,82,0,15,91,4,110,124,6,130,240
08/05/2023,BAZ,TX,ASW,CE,Federal Contract Tower,0,0,17,0,17,0,4,57,0,61,0,4,74,0,78,140,0,140,218
08/06/2023,BAZ,TX,ASW,CE,Federal Contract Tower,0,1,21,0,22,0,10,44,0,54,0,11,65,0,76,66,0,66,142
08/07/2023,BAZ,TX,ASW,CE,Federal Contract Tower,0,3,22,10,35,0,13,55,0,68,0,16,77,10,103,66,6,72,175
08/08/2023,BAZ,TX,ASW,CE,Federal Contract Tower,0,5,18,10,33,0,1,47,0,48,0,6,65,10,81,116,8,124,205
08/09/2023,BAZ,TX,ASW,CE,Federal Contract Tower,0,1,11,9,21,0,8,45,6,59,0,9,56,15,80,62,38,100,180
08/10/2023,BAZ,TX,ASW,CE,Federal Contract Tower,0,2,17,15,34,0,11,41,2,54,0,13,58,17,88,36,24,60,148
08/11/2023,BAZ,TX,ASW,CE,Federal Contract Tower,0,0,18,9,27,0,5,61,1,67,0,5,79,10,94,88,12,100,194
08/12/2023,BAZ,TX,ASW,CE,Federal Contract Tower,0,0,6,0,6,0,0,42,0,42,0,0,48,0,48,68,0,68,116
08/13/2023,BAZ,TX,ASW,CE,Federal Contract Tower,0,0,14,0,14,0,0,41,0,41,0,0,55,0,55,70,0,70,125
08/14/2023,BAZ,TX,ASW,CE,Federal Contract Tower,0,0,12,8,20,0,14,58,0,72,0,14,70,8,92,142,4,146,238
08/15/2023,BAZ,TX,ASW,CE,Federal Contract Tower,0,5,16,12,33,0,10,63,0,73,0,15,79,12,106,118,6,124,230
08/16/2023,BAZ,TX,ASW,CE,Federal Contract Tower,0,4,17,14,35,0,17,55,0,72,0,21,72,14,107,132,38,170,277
08/17/2023,BAZ,TX,ASW,CE,Federal Contract Tower,0,7,20,4,31,0,2,62,0,64,0,9,82,4,95,114,4,118,213
08/18/2023,BAZ,TX,ASW,CE,Federal Contract Tower,0,1,23,12,36,0,9,86,0,95,0,10,109,12,131,144,0,144,275
08/19/2023,BAZ,TX,ASW,CE,Federal Contract Tower,0,0,6,3,9,0,14,45,0,59,0,14,51,3,68,56,10,66,134
08/20/2023,BAZ,TX,ASW,CE,Federal Contract Tower,0,1,10,0,11,0,0,58,2,60,0,1,68,2,71,62,0,62,133
08/21/2023,BAZ,TX,ASW,CE,Federal Contract Tower,0,5,8,16,29,0,11,61,0,72,0,16,69,16,101,60,2,62,163
08/22/2023,BAZ,TX,ASW,CE,Federal Contract Tower,0,0,12,2,14,0,1,13,0,14,0,1,25,2,28,24,0,24,52
08/23/2023,BAZ,TX,ASW,CE,Federal Contract Tower,0,0,27,10,37,0,3,39,0,42,0,3,66,10,79,86,20,106,185
08/24/2023,BAZ,TX,ASW,CE,Federal Contract Tower,0,1,21,4,26,0,11,70,2,83,0,12,91,6,109,160,2,162,271
08/25/2023,BAZ,TX,ASW,CE,Federal Contract Tower,0,3,16,6,25,0,3,76,0,79,0,6,92,6,104,124,0,124,228
08/26/2023,BAZ,TX,ASW,CE,Federal Contract Tower,0,0,13,0,13,0,13,83,0,96,0,13,96,0,109,194,0,194,303
08/27/2023,BAZ,TX,ASW,CE,Federal Contract Tower,0,0,11,0,11,0,0,52,0,52,0,0,63,0,63,46,0,46,109
08/28/2023,BAZ,TX,ASW,CE,Federal Contract Tower,0,2,29,3,34,0,4,42,1,47,0,6,71,4,81,54,10,64,145
08/29/2023,BAZ,TX,ASW,CE,Federal Contract Tower,0,2,20,11,33,0,0,49,0,49,0,2,69,11,82,114,0,114,196
08/30/2023,BAZ,TX,ASW,CE,Federal Contract Tower,0,5,22,9,36,0,3,59,0,62,0,8,81,9,98,116,16,132,230
08/31/2023,BAZ,TX,ASW,CE,Federal Contract Tower,0,0,19,11,30,0,2,67,1,70,0,2,86,12,100,112,12,124,224
