01/01/2000,BDL,CT,ANE,EN,Combined TRACON& Tower with Radar,125,41,21,3,190,24,0,0,0,24,149,41,21,3,214,0,0,0,214
01/02/2000,BDL,CT,ANE,EN,Combined TRACON& Tower with Radar,187,96,43,2,328,29,0,0,0,29,216,96,43,2,357,0,0,0,357
01/03/2000,BDL,CT,ANE,EN,Combined TRACON& Tower with Radar,225,125,59,5,414,3,33,0,0,36,228,158,59,5,450,8,0,8,458
01/04/2000,BDL,CT,ANE,EN,Combined TRACON& Tower with Radar,246,141,54,4,445,0,11,0,0,11,246,152,54,4,456,1,0,1,457
01/05/2000,BDL,CT,ANE,EN,Combined TRACON& Tower with Radar,250,145,74,12,481,0,18,3,18,39,250,163,77,30,520,0,4,4,524
01/06/2000,BDL,CT,ANE,EN,Combined TRACON& Tower with Radar,233,129,67,11,440,11,36,26,10,83,244,165,93,21,523,18,0,18,541
01/07/2000,BDL,CT,ANE,EN,Combined TRACON& Tower with Radar,229,127,66,10,432,3,30,22,10,65,232,157,88,20,497,22,0,22,519
01/08/2000,BDL,CT,ANE,EN,Combined TRACON& Tower with Radar,185,91,54,8,338,25,0,10,21,56,210,91,64,29,394,18,0,18,412
01/09/2000,BDL,CT,ANE,EN,Combined TRACON& Tower with Radar,186,104,52,2,344,24,2,0,0,26,210,106,52,2,370,4,0,4,374
01/10/2000,BDL,CT,ANE,EN,Combined TRACON& Tower with Radar,233,121,61,12,427,0,0,0,0,0,233,121,61,12,427,6,0,6,433
01/11/2000,BDL,CT,ANE,EN,Combined TRACON& Tower with Radar,245,136,62,12,455,1,6,0,15,22,246,142,62,27,477,4,8,12,489
01/12/2000,BDL,CT,ANE,EN,Combined TRACON& Tower with Radar,237,132,67,10,446,0,11,35,0,46,237,143,102,10,492,0,4,4,496
01/13/2000,BDL,CT,ANE,EN,Combined TRACON& Tower with Radar,220,125,55,6,406,0,30,0,0,30,220,155,55,6,436,0,0,0,436
01/14/2000,BDL,CT,ANE,EN,Combined TRACON& Tower with Radar,240,135,69,11,455,0,17,10,0,27,240,152,79,11,482,0,4,4,486
01/15/2000,BDL,CT,ANE,EN,Combined TRACON& Tower with Radar,175,81,33,9,298,30,0,0,0,30,205,81,33,9,328,0,0,0,328
01/16/2000,BDL,CT,ANE,EN,Combined TRACON& Tower with Radar,155,83,20,2,260,48,0,0,0,48,203,83,20,2,308,0,0,0,308
01/17/2000,BDL,CT,ANE,EN,Combined TRACON& Tower with Radar,205,95,57,9,366,15,0,8,0,23,220,95,65,9,389,0,0,0,389
01/18/2000,BDL,CT,ANE,EN,Combined TRACON& Tower with Radar,239,126,67,12,444,13,0,13,7,33,252,126,80,19,477,2,0,2,479
01/19/2000,BDL,CT,ANE,EN,Combined TRACON& Tower with Radar,231,127,65,12,435,7,31,16,4,58,238,158,81,16,493,0,0,0,493
01/20/2000,BDL,CT,ANE,EN,Combined TRACON& Tower with Radar,211,116,44,9,380,0,29,0,0,29,211,145,44,9,409,0,0,0,409
01/21/2000,BDL,CT,ANE,EN,Combined TRACON& Tower with Radar,219,121,49,9,398,16,28,0,0,44,235,149,49,9,442,0,0,0,442
01/22/2000,BDL,CT,ANE,EN,Combined TRACON& Tower with Radar,156,75,33,2,266,49,0,0,0,49,205,75,33,2,315,2,0,2,317
01/23/2000,BDL,CT,ANE,EN,Combined TRACON& Tower with Radar,167,75,33,8,283,38,0,0,2,40,205,75,33,10,323,6,0,6,329
01/24/2000,BDL,CT,ANE,EN,Combined TRACON& Tower with Radar,225,127,65,8,425,0,9,9,0,18,225,136,74,8,443,10,0,10,453
01/25/2000,BDL,CT,ANE,EN,Combined TRACON& Tower with Radar,77,50,22,5,154,0,23,0,0,23,77,73,22,5,177,0,0,0,177
01/26/2000,BDL,CT,ANE,EN,Combined TRACON& Tower with Radar,194,121,61,10,386,0,18,16,3,37,194,139,77,13,423,0,0,0,423
01/27/2000,BDL,CT,ANE,EN,Combined TRACON& Tower with Radar,221,126,64,10,421,0,31,21,10,62,221,157,85,20,483,15,0,15,498
01/28/2000,BDL,CT,ANE,EN,Combined TRACON& Tower with Radar,239,140,71,11,461,0,24,20,1,45,239,164,91,12,506,40,0,40,546
01/29/2000,BDL,CT,ANE,EN,Combined TRACON& Tower with Radar,179,84,50,8,321,4,0,3,2,9,183,84,53,10,330,6,4,10,340
01/30/2000,BDL,CT,ANE,EN,Combined TRACON& Tower with Radar,173,85,49,8,315,22,0,1,0,23,195,85,50,8,338,2,0,2,340
01/31/2000,BDL,CT,ANE,EN,Combined TRACON& Tower with Radar,213,120,50,6,389,0,10,0,0,10,213,130,50,6,399,16,0,16,415
02/01/2000,BDL,CT,ANE,EN,Combined TRACON& Tower with Radar,240,142,83,15,480,0,14,27,0,41,240,156,110,15,521,4,0,4,525
02/02/2000,BDL,CT,ANE,EN,Combined TRACON& Tower with Radar,231,131,77,14,453,5,28,36,6,75,236,159,113,20,528,8,0,8,536
02/03/2000,BDL,CT,ANE,EN,Combined TRACON& Tower with Radar,232,139,81,15,467,0,21,19,7,47,232,160,100,22,514,13,0,13,527
02/04/2000,BDL,CT,ANE,EN,Combined TRACON& Tower with Radar,223,127,66,13,429,10,21,0,10,41,233,148,66,23,470,0,2,2,472
02/05/2000,BDL,CT,ANE,EN,Combined TRACON& Tower with Radar,169,92,56,10,327,31,0,2,17,50,200,92,58,27,377,16,2,18,395
02/06/2000,BDL,CT,ANE,EN,Combined TRACON& Tower with Radar,171,84,46,9,310,37,0,0,0,37,208,84,46,9,347,0,0,0,347
02/07/2000,BDL,CT,ANE,EN,Combined TRACON& Tower with Radar,208,119,69,6,402,10,7,35,0,52,218,126,104,6,454,0,0,0,454
02/08/2000,BDL,CT,ANE,EN,Combined TRACON& Tower with Radar,224,128,75,13,440,19,24,5,15,63,243,152,80,28,503,2,0,2,505
02/09/2000,BDL,CT,ANE,EN,Combined TRACON& Tower with Radar,241,147,86,15,489,0,21,30,15,66,241,168,116,30,555,8,0,8,563
02/10/2000,BDL,CT,ANE,EN,Combined TRACON& Tower with Radar,242,140,81,15,478,0,11,24,5,40,242,151,105,20,518,8,0,8,526
02/11/2000,BDL,CT,ANE,EN,Combined TRACON& Tower with Radar,212,128,52,8,400,0,16,0,0,16,212,144,52,8,416,2,0,2,418
02/12/2000,BDL,CT,ANE,EN,Combined TRACON& Tower with Radar,170,79,56,10,315,37,0,12,8,57,207,79,68,18,372,0,0,0,372
02/13/2000,BDL,CT,ANE,EN,Combined TRACON& Tower with Radar,170,88,56,7,321,30,0,2,0,32,200,88,58,7,353,0,0,0,353
02/14/2000,BDL,CT,ANE,EN,Combined TRACON& Tower with Radar,212,119,57,4,392,10,0,0,0,10,222,119,57,4,402,10,0,10,412
02/15/2000,BDL,CT,ANE,EN,Combined TRACON& Tower with Radar,240,142,82,16,480,0,23,33,10,66,240,165,115,26,546,0,0,0,546
02/16/2000,BDL,CT,ANE,EN,Combined TRACON& Tower with Radar,232,135,77,15,459,0,23,22,6,51,232,158,99,21,510,6,0,6,516
02/17/2000,BDL,CT,ANE,EN,Combined TRACON& Tower with Radar,240,139,80,16,475,0,23,29,21,73,240,162,109,37,548,12,0,12,560
02/18/2000,BDL,CT,ANE,EN,Combined TRACON& Tower with Radar,169,95,42,4,310,16,14,0,0,30,185,109,42,4,340,0,0,0,340
02/19/2000,BDL,CT,ANE,EN,Combined TRACON& Tower with Radar,176,81,42,7,306,27,0,0,0,27,203,81,42,7,333,0,0,0,333
02/20/2000,BDL,CT,ANE,EN,Combined TRACON& Tower with Radar,171,88,46,4,309,38,0,0,0,38,209,88,46,4,347,0,0,0,347
02/21/2000,BDL,CT,ANE,EN,Combined TRACON& Tower with Radar,192,100,63,11,366,33,0,4,0,37,225,100,67,11,403,0,0,0,403
02/22/2000,BDL,CT,ANE,EN,Combined TRACON& Tower with Radar,234,136,78,11,459,0,18,31,0,49,234,154,109,11,508,18,0,18,526
02/23/2000,BDL,CT,ANE,EN,Combined TRACON& Tower with Radar,231,136,79,15,461,0,30,7,14,51,231,166,86,29,512,4,0,4,516
02/24/2000,BDL,CT,ANE,EN,Combined TRACON& Tower with Radar,235,141,82,16,474,0,21,30,8,59,235,162,112,24,533,0,0,0,533
02/25/2000,BDL,CT,ANE,EN,Combined TRACON& Tower with Radar,237,140,78,9,464,0,4,0,0,4,237,144,78,9,468,1,0,1,469
02/26/2000,BDL,CT,ANE,EN,Combined TRACON& Tower with Radar,179,87,33,3,302,45,0,0,0,45,224,87,33,3,347,0,0,0,347
02/27/2000,BDL,CT,ANE,EN,Combined TRACON& Tower with Radar,185,88,48,6,327,23,0,0,0,23,208,88,48,6,350,0,0,0,350
02/28/2000,BDL,CT,ANE,EN,Combined TRACON& Tower with Radar,233,134,77,6,450,0,9,13,0,22,233,143,90,6,472,6,0,6,478
02/29/2000,BDL,CT,ANE,EN,Combined TRACON& Tower with Radar,237,134,77,14,462,5,30,21,7,63,242,164,98,21,525,0,0,0,525
03/01/2000,BDL,CT,ANE,EN,Combined TRACON& Tower with Radar,238,145,82,15,480,1,6,35,5,47,239,151,117,20,527,12,10,22,549
03/02/2000,BDL,CT,ANE,EN,Combined TRACON& Tower with Radar,224,137,78,14,453,12,18,8,8,46,236,155,86,22,499,0,4,4,503
03/03/2000,BDL,CT,ANE,EN,Combined TRACON& Tower with Radar,224,137,78,14,453,12,11,19,9,51,236,148,97,23,504,8,0,8,512
03/04/2000,BDL,CT,ANE,EN,Combined TRACON& Tower with Radar,162,87,57,10,316,38,0,7,12,57,200,87,64,22,373,2,0,2,375
03/05/2000,BDL,CT,ANE,EN,Combined TRACON& Tower with Radar,172,93,59,9,333,39,0,2,0,41,211,93,61,9,374,2,0,2,376
03/06/2000,BDL,CT,ANE,EN,Combined TRACON& Tower with Radar,203,124,70,10,407,10,5,20,0,35,213,129,90,10,442,2,2,4,446
03/07/2000,BDL,CT,ANE,EN,Combined TRACON& Tower with Radar,232,144,81,15,472,0,31,37,3,71,232,175,118,18,543,32,10,42,585
03/08/2000,BDL,CT,ANE,EN,Combined TRACON& Tower with Radar,225,144,82,15,466,0,20,34,18,72,225,164,116,33,538,30,0,30,568
03/09/2000,BDL,CT,ANE,EN,Combined TRACON& Tower with Radar,236,148,80,15,479,0,17,0,4,21,236,165,80,19,500,0,0,0,500
03/10/2000,BDL,CT,ANE,EN,Combined TRACON& Tower with Radar,222,137,78,14,451,0,3,22,5,30,222,140,100,19,481,0,0,0,481
03/11/2000,BDL,CT,ANE,EN,Combined TRACON& Tower with Radar,168,88,26,8,290,34,0,0,0,34,202,88,26,8,324,0,0,0,324
03/12/2000,BDL,CT,ANE,EN,Combined TRACON& Tower with Radar,174,98,34,5,311,33,0,0,0,33,207,98,34,5,344,0,0,0,344
03/13/2000,BDL,CT,ANE,EN,Combined TRACON& Tower with Radar,203,124,69,13,409,25,11,28,0,64,228,135,97,13,473,6,0,6,479
03/14/2000,BDL,CT,ANE,EN,Combined TRACON& Tower with Radar,227,138,78,15,458,6,11,35,8,60,233,149,113,23,518,4,0,4,522
03/15/2000,BDL,CT,ANE,EN,Combined TRACON& Tower with Radar,226,138,78,15,457,4,18,20,24,66,230,156,98,39,523,4,2,6,529
03/16/2000,BDL,CT,ANE,EN,Combined TRACON& Tower with Radar,236,145,82,13,476,0,5,22,0,27,236,150,104,13,503,0,0,0,503
03/17/2000,BDL,CT,ANE,EN,Combined TRACON& Tower with Radar,213,129,49,2,393,17,22,0,0,39,230,151,49,2,432,0,0,0,432
03/18/2000,BDL,CT,ANE,EN,Combined TRACON& Tower with Radar,159,94,50,9,312,43,0,0,0,43,202,94,50,9,355,14,2,16,371
03/19/2000,BDL,CT,ANE,EN,Combined TRACON& Tower with Radar,171,94,46,3,314,34,0,0,0,34,205,94,46,3,348,4,0,4,352
03/20/2000,BDL,CT,ANE,EN,Combined TRACON& Tower with Radar,212,128,72,5,417,8,6,11,0,25,220,134,83,5,442,2,0,2,444
03/21/2000,BDL,CT,ANE,EN,Combined TRACON& Tower with Radar,223,145,76,9,453,0,19,0,0,19,223,164,76,9,472,8,0,8,480
03/22/2000,BDL,CT,ANE,EN,Combined TRACON& Tower with Radar,244,167,94,19,524,0,16,10,20,46,244,183,104,39,570,6,0,6,576
03/23/2000,BDL,CT,ANE,EN,Combined TRACON& Tower with Radar,219,132,74,15,440,11,6,44,11,72,230,138,118,26,512,0,0,0,512
03/24/2000,BDL,CT,ANE,EN,Combined TRACON& Tower with Radar,236,143,80,16,475,0,13,40,0,53,236,156,120,16,528,0,4,4,532
03/25/2000,BDL,CT,ANE,EN,Combined TRACON& Tower with Radar,166,87,57,3,313,39,0,3,0,42,205,87,60,3,355,14,0,14,369
03/26/2000,BDL,CT,ANE,EN,Combined TRACON& Tower with Radar,188,100,58,13,359,24,0,0,4,28,212,100,58,17,387,0,2,2,389
03/27/2000,BDL,CT,ANE,EN,Combined TRACON& Tower with Radar,211,127,73,10,421,10,2,23,0,35,221,129,96,10,456,18,0,18,474
03/28/2000,BDL,CT,ANE,EN,Combined TRACON& Tower with Radar,235,145,61,14,455,0,32,0,0,32,235,177,61,14,487,2,0,2,489
03/29/2000,BDL,CT,ANE,EN,Combined TRACON& Tower with Radar,225,137,76,14,452,1,31,24,3,59,226,168,100,17,511,0,0,0,511
03/30/2000,BDL,CT,ANE,EN,Combined TRACON& Tower with Radar,184,111,63,12,370,0,4,44,5,53,184,115,107,17,423,6,0,6,429
03/31/2000,BDL,CT,ANE,EN,Combined TRACON& Tower with Radar,211,128,72,13,424,21,21,16,9,67,232,149,88,22,491,0,14,14,505
04/01/2000,BDL,CT,ANE,EN,Combined TRACON& Tower with Radar,154,95,59,10,318,45,0,9,0,54,199,95,68,10,372,2,0,2,374
04/02/2000,BDL,CT,ANE,EN,Combined TRACON& Tower with Radar,173,104,53,10,340,31,0,0,0,31,204,104,53,10,371,10,0,10,381
04/03/2000,BDL,CT,ANE,EN,Combined TRACON& Tower with Radar,213,136,70,1,420,4,8,0,0,12,217,144,70,1,432,2,0,2,434
04/04/2000,BDL,CT,ANE,EN,Combined TRACON& Tower with Radar,231,148,71,13,463,0,4,0,0,4,231,152,71,13,467,0,0,0,467
04/05/2000,BDL,CT,ANE,EN,Combined TRACON& Tower with Radar,224,144,85,16,469,8,17,25,11,61,232,161,110,27,530,2,4,6,536
04/06/2000,BDL,CT,ANE,EN,Combined TRACON& Tower with Radar,226,145,86,16,473,9,24,12,10,55,235,169,98,26,528,4,4,8,536
04/07/2000,BDL,CT,ANE,EN,Combined TRACON& Tower with Radar,217,139,82,12,450,17,14,7,0,38,234,153,89,12,488,6,0,6,494
04/08/2000,BDL,CT,ANE,EN,Combined TRACON& Tower with Radar,167,88,47,3,305,32,0,0,0,32,199,88,47,3,337,6,0,6,343
04/09/2000,BDL,CT,ANE,EN,Combined TRACON& Tower with Radar,149,80,21,9,259,55,0,0,0,55,204,80,21,9,314,1,0,1,315
04/10/2000,BDL,CT,ANE,EN,Combined TRACON& Tower with Radar,205,131,78,14,428,13,5,20,1,39,218,136,98,15,467,6,2,8,475
04/11/2000,BDL,CT,ANE,EN,Combined TRACON& Tower with Radar,224,144,59,11,438,7,28,0,0,35,231,172,59,11,473,2,0,2,475
04/12/2000,BDL,CT,ANE,EN,Combined TRACON& Tower with Radar,230,148,86,17,481,3,38,33,9,83,233,186,119,26,564,0,0,0,564
04/13/2000,BDL,CT,ANE,EN,Combined TRACON& Tower with Radar,223,143,83,17,466,21,23,63,6,113,244,166,146,23,579,10,2,12,591
04/14/2000,BDL,CT,ANE,EN,Combined TRACON& Tower with Radar,211,134,79,16,440,25,24,46,1,96,236,158,125,17,536,12,0,12,548
04/15/2000,BDL,CT,ANE,EN,Combined TRACON& Tower with Radar,166,93,54,12,325,53,0,0,0,53,219,93,54,12,378,0,0,0,378
04/16/2000,BDL,CT,ANE,EN,Combined TRACON& Tower with Radar,175,107,66,4,352,29,0,5,0,34,204,107,71,4,386,0,0,0,386
04/17/2000,BDL,CT,ANE,EN,Combined TRACON& Tower with Radar,216,137,73,15,441,3,12,0,0,15,219,149,73,15,456,0,0,0,456
04/18/2000,BDL,CT,ANE,EN,Combined TRACON& Tower with Radar,227,146,60,12,445,0,22,0,0,22,227,168,60,12,467,0,0,0,467
04/19/2000,BDL,CT,ANE,EN,Combined TRACON& Tower with Radar,235,179,105,21,540,0,4,22,18,44,235,183,127,39,584,0,0,0,584
04/20/2000,BDL,CT,ANE,EN,Combined TRACON& Tower with Radar,222,142,83,17,464,0,15,30,13,58,222,157,113,30,522,0,0,0,522
04/21/2000,BDL,CT,ANE,EN,Combined TRACON& Tower with Radar,202,128,32,15,377,17,8,0,1,26,219,136,32,16,403,0,0,0,403
04/22/2000,BDL,CT,ANE,EN,Combined TRACON& Tower with Radar,180,88,32,4,304,50,0,0,0,50,230,88,32,4,354,0,0,0,354
04/23/2000,BDL,CT,ANE,EN,Combined TRACON& Tower with Radar,161,102,34,3,300,38,1,0,0,39,199,103,34,3,339,0,0,0,339
04/24/2000,BDL,CT,ANE,EN,Combined TRACON& Tower with Radar,203,129,76,15,423,18,7,22,0,47,221,136,98,15,470,0,0,0,470
04/25/2000,BDL,CT,ANE,EN,Combined TRACON& Tower with Radar,237,151,88,18,494,4,15,30,9,58,241,166,118,27,552,4,0,4,556
04/26/2000,BDL,CT,ANE,EN,Combined TRACON& Tower with Radar,238,166,97,20,521,0,3,5,5,13,238,169,102,25,534,3,0,3,537
04/27/2000,BDL,CT,ANE,EN,Combined TRACON& Tower with Radar,233,149,87,18,487,0,23,23,15,61,233,172,110,33,548,0,0,0,548
04/28/2000,BDL,CT,ANE,EN,Combined TRACON& Tower with Radar,215,137,81,15,448,22,17,16,7,62,237,154,97,22,510,27,2,29,539
04/29/2000,BDL,CT,ANE,EN,Combined TRACON& Tower with Radar,184,94,68,13,359,22,0,11,16,49,206,94,79,29,408,2,0,2,410
04/30/2000,BDL,CT,ANE,EN,Combined TRACON& Tower with Radar,168,101,51,11,331,38,0,0,0,38,206,101,51,11,369,6,0,6,375
05/01/2000,BDL,CT,ANE,EN,Combined TRACON& Tower with Radar,205,125,81,11,422,11,7,0,0,18,216,132,81,11,440,18,0,18,458
05/02/2000,BDL,CT,ANE,EN,Combined TRACON& Tower with Radar,235,145,99,14,493,0,24,10,4,38,235,169,109,18,531,12,4,16,547
05/03/2000,BDL,CT,ANE,EN,Combined TRACON& Tower with Radar,232,141,96,14,483,10,20,10,16,56,242,161,106,30,539,20,4,24,563
05/04/2000,BDL,CT,ANE,EN,Combined TRACON& Tower with Radar,225,137,93,13,468,13,34,14,11,72,238,171,107,24,540,2,0,2,542
05/05/2000,BDL,CT,ANE,EN,Combined TRACON& Tower with Radar,223,136,93,13,465,8,22,18,0,48,231,158,111,13,513,2,0,2,515
05/06/2000,BDL,CT,ANE,EN,Combined TRACON& Tower with Radar,180,101,68,10,359,35,0,0,6,41,215,101,68,16,400,2,4,6,406
05/07/2000,BDL,CT,ANE,EN,Combined TRACON& Tower with Radar,168,91,68,5,332,42,0,0,0,42,210,91,68,5,374,18,0,18,392
05/08/2000,BDL,CT,ANE,EN,Combined TRACON& Tower with Radar,200,122,83,4,409,25,11,9,0,45,225,133,92,4,454,2,0,2,456
05/09/2000,BDL,CT,ANE,EN,Combined TRACON& Tower with Radar,215,131,89,13,448,9,41,34,4,88,224,172,123,17,536,0,0,0,536
05/10/2000,BDL,CT,ANE,EN,Combined TRACON& Tower with Radar,171,110,76,9,366,0,10,5,0,15,171,120,81,9,381,6,0,6,387
05/11/2000,BDL,CT,ANE,EN,Combined TRACON& Tower with Radar,260,165,113,16,554,0,16,28,11,55,260,181,141,27,609,6,0,6,615
05/12/2000,BDL,CT,ANE,EN,Combined TRACON& Tower with Radar,221,135,89,13,458,18,21,0,13,52,239,156,89,26,510,28,0,28,538
05/13/2000,BDL,CT,ANE,EN,Combined TRACON& Tower with Radar,164,97,36,5,302,24,0,0,0,24,188,97,36,5,326,10,0,10,336
05/14/2000,BDL,CT,ANE,EN,Combined TRACON& Tower with Radar,178,98,74,1,351,36,0,15,0,51,214,98,89,1,402,2,0,2,404
05/15/2000,BDL,CT,ANE,EN,Combined TRACON& Tower with Radar,212,129,87,13,441,10,0,32,2,44,222,129,119,15,485,20,2,22,507
05/16/2000,BDL,CT,ANE,EN,Combined TRACON& Tower with Radar,243,150,102,16,511,0,16,24,17,57,243,166,126,33,568,26,0,26,594
05/17/2000,BDL,CT,ANE,EN,Combined TRACON& Tower with Radar,240,150,102,15,507,0,5,22,27,54,240,155,124,42,561,10,0,10,571
05/18/2000,BDL,CT,ANE,EN,Combined TRACON& Tower with Radar,216,129,75,10,430,11,2,0,0,13,227,131,75,10,443,0,0,0,443
05/19/2000,BDL,CT,ANE,EN,Combined TRACON& Tower with Radar,231,167,83,13,494,0,3,0,0,3,231,170,83,13,497,0,0,0,497
05/20/2000,BDL,CT,ANE,EN,Combined TRACON& Tower with Radar,195,95,67,7,364,4,0,0,0,4,199,95,67,7,368,4,0,4,372
05/21/2000,BDL,CT,ANE,EN,Combined TRACON& Tower with Radar,192,108,74,8,382,7,0,0,0,7,199,108,74,8,389,6,0,6,395
05/22/2000,BDL,CT,ANE,EN,Combined TRACON& Tower with Radar,209,126,87,6,428,0,0,0,0,0,209,126,87,6,428,20,0,20,448
05/23/2000,BDL,CT,ANE,EN,Combined TRACON& Tower with Radar,241,174,118,18,551,0,11,8,1,20,241,185,126,19,571,0,0,0,571
05/24/2000,BDL,CT,ANE,EN,Combined TRACON& Tower with Radar,235,151,97,16,499,0,18,0,19,37,235,169,97,35,536,5,4,9,545
05/25/2000,BDL,CT,ANE,EN,Combined TRACON& Tower with Radar,243,147,100,15,505,0,27,24,7,58,243,174,124,22,563,0,0,0,563
05/26/2000,BDL,CT,ANE,EN,Combined TRACON& Tower with Radar,226,136,92,14,468,8,32,22,6,68,234,168,114,20,536,18,0,18,554
05/27/2000,BDL,CT,ANE,EN,Combined TRACON& Tower with Radar,174,94,65,6,339,23,0,0,0,23,197,94,65,6,362,12,0,12,374
05/28/2000,BDL,CT,ANE,EN,Combined TRACON& Tower with Radar,151,74,34,7,266,39,0,0,0,39,190,74,34,7,305,30,0,30,335
05/29/2000,BDL,CT,ANE,EN,Combined TRACON& Tower with Radar,172,94,60,10,336,29,0,0,0,29,201,94,60,10,365,6,4,10,375
05/30/2000,BDL,CT,ANE,EN,Combined TRACON& Tower with Radar,210,133,90,10,443,0,16,19,0,35,210,149,109,10,478,2,0,2,480
05/31/2000,BDL,CT,ANE,EN,Combined TRACON& Tower with Radar,228,144,98,14,484,0,15,27,11,53,228,159,125,25,537,4,0,4,541
06/01/2000,BDL,CT,ANE,EN,Combined TRACON& Tower with Radar,237,137,91,13,478,13,31,17,12,73,250,168,108,25,551,16,0,16,567
06/02/2000,BDL,CT,ANE,EN,Combined TRACON& Tower with Radar,221,128,84,12,445,2,22,14,7,45,223,150,98,19,490,0,0,0,490
06/03/2000,BDL,CT,ANE,EN,Combined TRACON& Tower with Radar,190,91,49,10,340,14,0,0,9,23,204,91,49,19,363,0,0,0,363
06/04/2000,BDL,CT,ANE,EN,Combined TRACON& Tower with Radar,191,97,62,6,356,23,0,0,0,23,214,97,62,6,379,12,0,12,391
06/05/2000,BDL,CT,ANE,EN,Combined TRACON& Tower with Radar,224,125,86,12,447,0,0,22,4,26,224,125,108,16,473,12,6,18,491
06/06/2000,BDL,CT,ANE,EN,Combined TRACON& Tower with Radar,240,146,75,9,470,0,26,0,0,26,240,172,75,9,496,0,0,0,496
06/07/2000,BDL,CT,ANE,EN,Combined TRACON& Tower with Radar,247,149,98,14,508,0,26,12,19,57,247,175,110,33,565,8,0,8,573
06/08/2000,BDL,CT,ANE,EN,Combined TRACON& Tower with Radar,241,153,102,14,510,0,15,27,22,64,241,168,129,36,574,24,0,24,598
06/09/2000,BDL,CT,ANE,EN,Combined TRACON& Tower with Radar,230,132,88,13,463,4,24,24,5,57,234,156,112,18,520,4,0,4,524
06/10/2000,BDL,CT,ANE,EN,Combined TRACON& Tower with Radar,185,92,55,10,342,29,0,0,0,29,214,92,55,10,371,2,0,2,373
06/11/2000,BDL,CT,ANE,EN,Combined TRACON& Tower with Radar,154,73,42,6,275,45,0,0,0,45,199,73,42,6,320,0,0,0,320
06/12/2000,BDL,CT,ANE,EN,Combined TRACON& Tower with Radar,227,122,84,11,444,0,0,0,0,0,227,122,84,11,444,0,0,0,444
06/13/2000,BDL,CT,ANE,EN,Combined TRACON& Tower with Radar,230,158,103,16,507,0,5,18,7,30,230,163,121,23,537,0,0,0,537
06/14/2000,BDL,CT,ANE,EN,Combined TRACON& Tower with Radar,214,143,94,14,465,0,25,22,10,57,214,168,116,24,522,4,0,4,526
06/15/2000,BDL,CT,ANE,EN,Combined TRACON& Tower with Radar,238,147,96,9,490,0,13,9,0,22,238,160,105,9,512,0,0,0,512
06/16/2000,BDL,CT,ANE,EN,Combined TRACON& Tower with Radar,233,135,79,14,461,0,10,0,13,23,233,145,79,27,484,0,0,0,484
06/17/2000,BDL,CT,ANE,EN,Combined TRACON& Tower with Radar,189,87,54,11,341,35,0,0,0,35,224,87,54,11,376,4,0,4,380
06/18/2000,BDL,CT,ANE,EN,Combined TRACON& Tower with Radar,207,107,79,12,405,0,0,3,3,6,207,107,82,15,411,0,0,0,411
06/19/2000,BDL,CT,ANE,EN,Combined TRACON& Tower with Radar,225,141,93,14,473,0,0,26,0,26,225,141,119,14,499,2,0,2,501
06/20/2000,BDL,CT,ANE,EN,Combined TRACON& Tower with Radar,244,143,94,15,496,0,17,44,1,62,244,160,138,16,558,12,0,12,570
06/21/2000,BDL,CT,ANE,EN,Combined TRACON& Tower with Radar,242,138,92,10,482,2,14,15,0,31,244,152,107,10,513,0,0,0,513
06/22/2000,BDL,CT,ANE,EN,Combined TRACON& Tower with Radar,248,144,95,11,498,0,24,27,0,51,248,168,122,11,549,16,0,16,565
06/23/2000,BDL,CT,ANE,EN,Combined TRACON& Tower with Radar,242,142,94,11,489,0,8,29,0,37,242,150,123,11,526,10,0,10,536
06/24/2000,BDL,CT,ANE,EN,Combined TRACON& Tower with Radar,149,79,56,7,291,21,0,5,0,26,170,79,61,7,317,14,0,14,331
06/25/2000,BDL,CT,ANE,EN,Combined TRACON& Tower with Radar,182,91,45,7,325,33,0,0,0,33,215,91,45,7,358,2,0,2,360
06/26/2000,BDL,CT,ANE,EN,Combined TRACON& Tower with Radar,233,138,96,10,477,0,0,27,0,27,233,138,123,10,504,2,0,2,506
06/27/2000,BDL,CT,ANE,EN,Combined TRACON& Tower with Radar,240,157,104,14,515,0,30,9,0,39,240,187,113,14,554,0,0,0,554
06/28/2000,BDL,CT,ANE,EN,Combined TRACON& Tower with Radar,253,149,99,9,510,0,26,39,0,65,253,175,138,9,575,2,0,2,577
06/29/2000,BDL,CT,ANE,EN,Combined TRACON& Tower with Radar,245,144,94,14,497,0,26,27,1,54,245,170,121,15,551,0,0,0,551
06/30/2000,BDL,CT,ANE,EN,Combined TRACON& Tower with Radar,244,140,92,13,489,3,30,26,0,59,247,170,118,13,548,2,0,2,550
07/01/2000,BDL,CT,ANE,EN,Combined TRACON& Tower with Radar,186,107,62,8,363,22,0,7,0,29,208,107,69,8,392,26,0,26,418
07/02/2000,BDL,CT,ANE,EN,Combined TRACON& Tower with Radar,180,93,49,8,330,33,0,0,0,33,213,93,49,8,363,2,0,2,365
07/03/2000,BDL,CT,ANE,EN,Combined TRACON& Tower with Radar,200,113,56,7,376,9,0,0,0,9,209,113,56,7,385,30,0,30,415
07/04/2000,BDL,CT,ANE,EN,Combined TRACON& Tower with Radar,204,121,47,5,377,0,16,0,0,16,204,137,47,5,393,0,0,0,393
07/05/2000,BDL,CT,ANE,EN,Combined TRACON& Tower with Radar,227,134,73,12,446,6,18,0,7,31,233,152,73,19,477,0,0,0,477
07/06/2000,BDL,CT,ANE,EN,Combined TRACON& Tower with Radar,244,149,84,14,491,0,27,40,12,79,244,176,124,26,570,8,0,8,578
07/07/2000,BDL,CT,ANE,EN,Combined TRACON& Tower with Radar,224,133,75,12,444,7,40,25,8,80,231,173,100,20,524,0,0,0,524
07/08/2000,BDL,CT,ANE,EN,Combined TRACON& Tower with Radar,186,96,58,8,348,26,0,0,0,26,212,96,58,8,374,0,0,0,374
07/09/2000,BDL,CT,ANE,EN,Combined TRACON& Tower with Radar,194,105,56,8,363,20,0,0,0,20,214,105,56,8,383,2,0,2,385
07/10/2000,BDL,CT,ANE,EN,Combined TRACON& Tower with Radar,219,133,74,13,439,0,6,14,3,23,219,139,88,16,462,0,0,0,462
07/11/2000,BDL,CT,ANE,EN,Combined TRACON& Tower with Radar,241,145,81,14,481,0,30,42,4,76,241,175,123,18,557,0,0,0,557
07/12/2000,BDL,CT,ANE,EN,Combined TRACON& Tower with Radar,247,147,83,15,492,0,40,23,5,68,247,187,106,20,560,8,0,8,568
07/13/2000,BDL,CT,ANE,EN,Combined TRACON& Tower with Radar,236,140,78,12,466,8,42,33,0,83,244,182,111,12,549,4,0,4,553
07/14/2000,BDL,CT,ANE,EN,Combined TRACON& Tower with Radar,194,122,69,12,397,0,16,17,5,38,194,138,86,17,435,4,0,4,439
07/15/2000,BDL,CT,ANE,EN,Combined TRACON& Tower with Radar,188,103,32,11,334,31,0,0,15,46,219,103,32,26,380,0,0,0,380
07/16/2000,BDL,CT,ANE,EN,Combined TRACON& Tower with Radar,207,101,58,12,378,8,0,0,2,10,215,101,58,14,388,20,0,20,408
07/17/2000,BDL,CT,ANE,EN,Combined TRACON& Tower with Radar,236,155,88,7,486,0,0,24,0,24,236,155,112,7,510,4,0,4,514
07/18/2000,BDL,CT,ANE,EN,Combined TRACON& Tower with Radar,241,161,90,16,508,0,33,30,0,63,241,194,120,16,571,0,0,0,571
07/19/2000,BDL,CT,ANE,EN,Combined TRACON& Tower with Radar,237,139,78,14,468,6,38,25,2,71,243,177,103,16,539,10,0,10,549
07/20/2000,BDL,CT,ANE,EN,Combined TRACON& Tower with Radar,235,138,77,14,464,0,44,32,11,87,235,182,109,25,551,10,0,10,561
07/21/2000,BDL,CT,ANE,EN,Combined TRACON& Tower with Radar,243,157,89,16,505,0,17,11,6,34,243,174,100,22,539,0,0,0,539
07/22/2000,BDL,CT,ANE,EN,Combined TRACON& Tower with Radar,203,98,63,5,369,14,0,0,0,14,217,98,63,5,383,8,0,8,391
07/23/2000,BDL,CT,ANE,EN,Combined TRACON& Tower with Radar,198,93,65,6,362,19,0,11,0,30,217,93,76,6,392,0,0,0,392
07/24/2000,BDL,CT,ANE,EN,Combined TRACON& Tower with Radar,225,134,74,5,438,0,3,22,0,25,225,137,96,5,463,0,0,0,463
07/25/2000,BDL,CT,ANE,EN,Combined TRACON& Tower with Radar,248,154,87,14,503,0,18,19,1,38,248,172,106,15,541,10,0,10,551
07/26/2000,BDL,CT,ANE,EN,Combined TRACON& Tower with Radar,239,163,73,15,490,0,1,0,12,13,239,164,73,27,503,0,0,0,503
07/27/2000,BDL,CT,ANE,EN,Combined TRACON& Tower with Radar,245,167,93,9,514,0,14,0,0,14,245,181,93,9,528,4,0,4,532
07/28/2000,BDL,CT,ANE,EN,Combined TRACON& Tower with Radar,218,156,88,14,476,0,2,19,2,23,218,158,107,16,499,1,0,1,500
07/29/2000,BDL,CT,ANE,EN,Combined TRACON& Tower with Radar,198,99,59,11,367,11,0,0,1,12,209,99,59,12,379,17,0,17,396
07/30/2000,BDL,CT,ANE,EN,Combined TRACON& Tower with Radar,198,116,43,11,368,16,1,0,2,19,214,117,43,13,387,0,0,0,387
07/31/2000,BDL,CT,ANE,EN,Combined TRACON& Tower with Radar,216,131,68,4,419,0,0,0,0,0,216,131,68,4,419,2,0,2,421
08/01/2000,BDL,CT,ANE,EN,Combined TRACON& Tower with Radar,243,156,74,6,479,0,2,0,0,2,243,158,74,6,481,4,0,4,485
08/02/2000,BDL,CT,ANE,EN,Combined TRACON& Tower with Radar,245,159,78,14,496,0,6,0,0,6,245,165,78,14,502,0,0,0,502
08/03/2000,BDL,CT,ANE,EN,Combined TRACON& Tower with Radar,231,161,94,20,506,0,14,17,0,31,231,175,111,20,537,0,0,0,537
08/04/2000,BDL,CT,ANE,EN,Combined TRACON& Tower with Radar,238,146,85,18,487,0,9,36,13,58,238,155,121,31,545,4,6,10,555
08/05/2000,BDL,CT,ANE,EN,Combined TRACON& Tower with Radar,178,96,40,13,327,28,0,0,3,31,206,96,40,16,358,22,0,22,380
08/06/2000,BDL,CT,ANE,EN,Combined TRACON& Tower with Radar,187,89,62,7,345,26,0,0,0,26,213,89,62,7,371,0,0,0,371
08/07/2000,BDL,CT,ANE,EN,Combined TRACON& Tower with Radar,218,127,75,7,427,5,4,16,0,25,223,131,91,7,452,20,0,20,472
08/08/2000,BDL,CT,ANE,EN,Combined TRACON& Tower with Radar,244,142,83,18,487,2,26,12,4,44,246,168,95,22,531,4,0,4,535
08/09/2000,BDL,CT,ANE,EN,Combined TRACON& Tower with Radar,234,149,79,19,481,0,39,0,4,43,234,188,79,23,524,4,0,4,528
08/10/2000,BDL,CT,ANE,EN,Combined TRACON& Tower with Radar,253,158,92,21,524,0,20,28,8,56,253,178,120,29,580,2,0,2,582
08/11/2000,BDL,CT,ANE,EN,Combined TRACON& Tower with Radar,237,140,82,16,475,0,15,3,0,18,237,155,85,16,493,2,0,2,495
08/12/2000,BDL,CT,ANE,EN,Combined TRACON& Tower with Radar,213,105,56,17,391,7,0,0,5,12,220,105,56,22,403,2,0,2,405
08/13/2000,BDL,CT,ANE,EN,Combined TRACON& Tower with Radar,198,93,61,15,367,18,0,0,4,22,216,93,61,19,389,0,0,0,389
08/14/2000,BDL,CT,ANE,EN,Combined TRACON& Tower with Radar,225,139,59,10,433,0,4,0,0,4,225,143,59,10,437,0,0,0,437
08/15/2000,BDL,CT,ANE,EN,Combined TRACON& Tower with Radar,257,166,99,23,545,0,0,0,3,3,257,166,99,26,548,1,4,5,553
08/16/2000,BDL,CT,ANE,EN,Combined TRACON& Tower with Radar,247,144,84,19,494,0,31,8,5,44,247,175,92,24,538,6,0,6,544
08/17/2000,BDL,CT,ANE,EN,Combined TRACON& Tower with Radar,235,147,86,20,488,0,35,41,20,96,235,182,127,40,584,2,0,2,586
08/18/2000,BDL,CT,ANE,EN,Combined TRACON& Tower with Radar,251,146,85,15,497,2,20,12,0,34,253,166,97,15,531,0,0,0,531
08/19/2000,BDL,CT,ANE,EN,Combined TRACON& Tower with Radar,182,92,62,7,343,38,0,18,0,56,220,92,80,7,399,38,0,38,437
08/20/2000,BDL,CT,ANE,EN,Combined TRACON& Tower with Radar,179,97,60,6,342,35,0,0,0,35,214,97,60,6,377,4,0,4,381
08/21/2000,BDL,CT,ANE,EN,Combined TRACON& Tower with Radar,211,122,71,14,418,21,0,27,0,48,232,122,98,14,466,8,0,8,474
08/22/2000,BDL,CT,ANE,EN,Combined TRACON& Tower with Radar,228,131,77,18,454,20,24,32,1,77,248,155,109,19,531,8,0,8,539
08/23/2000,BDL,CT,ANE,EN,Combined TRACON& Tower with Radar,243,139,82,19,483,2,20,11,1,34,245,159,93,20,517,0,0,0,517
08/24/2000,BDL,CT,ANE,EN,Combined TRACON& Tower with Radar,252,155,90,20,517,0,20,20,1,41,252,175,110,21,558,0,0,0,558
08/25/2000,BDL,CT,ANE,EN,Combined TRACON& Tower with Radar,224,131,76,9,440,23,13,35,0,71,247,144,111,9,511,0,0,0,511
08/26/2000,BDL,CT,ANE,EN,Combined TRACON& Tower with Radar,178,98,53,13,342,36,0,0,1,37,214,98,53,14,379,2,0,2,381
08/27/2000,BDL,CT,ANE,EN,Combined TRACON& Tower with Radar,179,99,59,10,347,30,0,0,0,30,209,99,59,10,377,0,0,0,377
08/28/2000,BDL,CT,ANE,EN,Combined TRACON& Tower with Radar,235,140,89,19,483,0,0,31,4,35,235,140,120,23,518,8,8,16,534
08/29/2000,BDL,CT,ANE,EN,Combined TRACON& Tower with Radar,248,146,84,18,496,0,22,14,11,47,248,168,98,29,543,6,0,6,549
08/30/2000,BDL,CT,ANE,EN,Combined TRACON& Tower with Radar,256,166,96,21,539,0,2,11,6,19,256,168,107,27,558,0,0,0,558
08/31/2000,BDL,CT,ANE,EN,Combined TRACON& Tower with Radar,247,154,89,19,509,0,15,20,2,37,247,169,109,21,546,6,0,6,552
09/01/2000,BDL,CT,ANE,EN,Combined TRACON& Tower with Radar,255,125,73,11,464,0,22,0,0,22,255,147,73,11,486,0,0,0,486
09/02/2000,BDL,CT,ANE,EN,Combined TRACON& Tower with Radar,193,93,40,7,333,15,0,0,0,15,208,93,40,7,348,0,0,0,348
09/03/2000,BDL,CT,ANE,EN,Combined TRACON& Tower with Radar,175,68,38,6,287,33,0,0,0,33,208,68,38,6,320,4,0,4,324
09/04/2000,BDL,CT,ANE,EN,Combined TRACON& Tower with Radar,195,78,40,7,320,25,0,0,0,25,220,78,40,7,345,2,0,2,347
09/05/2000,BDL,CT,ANE,EN,Combined TRACON& Tower with Radar,231,114,77,12,434,0,0,32,7,39,231,114,109,19,473,2,0,2,475
09/06/2000,BDL,CT,ANE,EN,Combined TRACON& Tower with Radar,253,140,94,15,502,0,16,35,15,66,253,156,129,30,568,28,0,28,596
09/07/2000,BDL,CT,ANE,EN,Combined TRACON& Tower with Radar,252,127,84,14,477,0,22,47,20,89,252,149,131,34,566,18,0,18,584
09/08/2000,BDL,CT,ANE,EN,Combined TRACON& Tower with Radar,247,125,83,15,470,0,25,36,5,66,247,150,119,20,536,0,2,2,538
09/09/2000,BDL,CT,ANE,EN,Combined TRACON& Tower with Radar,210,81,47,12,350,16,0,0,15,31,226,81,47,27,381,4,0,4,385
09/10/2000,BDL,CT,ANE,EN,Combined TRACON& Tower with Radar,215,94,70,12,391,10,0,4,8,22,225,94,74,20,413,0,0,0,413
09/11/2000,BDL,CT,ANE,EN,Combined TRACON& Tower with Radar,223,120,79,14,436,0,1,35,0,36,223,121,114,14,472,26,0,26,498
09/12/2000,BDL,CT,ANE,EN,Combined TRACON& Tower with Radar,238,133,82,13,466,0,32,0,0,32,238,165,82,13,498,12,0,12,510
09/13/2000,BDL,CT,ANE,EN,Combined TRACON& Tower with Radar,251,133,87,15,486,0,32,15,20,67,251,165,102,35,553,0,0,0,553
09/14/2000,BDL,CT,ANE,EN,Combined TRACON& Tower with Radar,259,132,86,15,492,0,30,8,9,47,259,162,94,24,539,0,0,0,539
09/15/2000,BDL,CT,ANE,EN,Combined TRACON& Tower with Radar,260,142,94,16,512,0,18,6,3,27,260,160,100,19,539,1,0,1,540
09/16/2000,BDL,CT,ANE,EN,Combined TRACON& Tower with Radar,217,93,56,12,378,8,0,0,2,10,225,93,56,14,388,14,2,16,404
09/17/2000,BDL,CT,ANE,EN,Combined TRACON& Tower with Radar,188,90,60,11,349,30,0,7,10,47,218,90,67,21,396,0,24,24,420
09/18/2000,BDL,CT,ANE,EN,Combined TRACON& Tower with Radar,121,59,39,7,226,112,72,58,5,247,233,131,97,12,473,14,0,14,487
09/19/2000,BDL,CT,ANE,EN,Combined TRACON& Tower with Radar,247,132,87,15,481,0,17,26,3,46,247,149,113,18,527,4,0,4,531
09/20/2000,BDL,CT,ANE,EN,Combined TRACON& Tower with Radar,255,138,91,16,500,0,30,56,7,93,255,168,147,23,593,12,0,12,605
09/21/2000,BDL,CT,ANE,EN,Combined TRACON& Tower with Radar,259,126,79,15,479,3,38,0,10,51,262,164,79,25,530,12,4,16,546
09/22/2000,BDL,CT,ANE,EN,Combined TRACON& Tower with Radar,241,117,77,14,449,7,22,16,4,49,248,139,93,18,498,10,0,10,508
09/23/2000,BDL,CT,ANE,EN,Combined TRACON& Tower with Radar,197,78,48,3,326,24,0,0,0,24,221,78,48,3,350,6,0,6,356
09/24/2000,BDL,CT,ANE,EN,Combined TRACON& Tower with Radar,203,97,58,9,367,17,0,0,0,17,220,97,58,9,384,4,0,4,388
09/25/2000,BDL,CT,ANE,EN,Combined TRACON& Tower with Radar,245,123,80,9,457,0,5,36,0,41,245,128,116,9,498,19,0,19,517
09/26/2000,BDL,CT,ANE,EN,Combined TRACON& Tower with Radar,251,145,92,14,502,0,17,0,0,17,251,162,92,14,519,4,0,4,523
09/27/2000,BDL,CT,ANE,EN,Combined TRACON& Tower with Radar,254,126,82,14,476,0,25,38,11,74,254,151,120,25,550,26,3,29,579
09/28/2000,BDL,CT,ANE,EN,Combined TRACON& Tower with Radar,256,138,91,15,500,0,11,29,1,41,256,149,120,16,541,6,2,8,549
09/29/2000,BDL,CT,ANE,EN,Combined TRACON& Tower with Radar,236,116,77,6,435,10,16,45,0,71,246,132,122,6,506,0,0,0,506
09/30/2000,BDL,CT,ANE,EN,Combined TRACON& Tower with Radar,223,85,72,12,392,9,0,24,6,39,232,85,96,18,431,12,0,12,443
10/01/2000,BDL,CT,ANE,EN,Combined TRACON& Tower with Radar,215,91,72,7,385,14,0,0,0,14,229,91,72,7,399,4,0,4,403
10/02/2000,BDL,CT,ANE,EN,Combined TRACON& Tower with Radar,235,120,85,11,451,0,0,27,0,27,235,120,112,11,478,16,0,16,494
10/03/2000,BDL,CT,ANE,EN,Combined TRACON& Tower with Radar,272,135,94,13,514,0,10,14,0,24,272,145,108,13,538,14,0,14,552
10/04/2000,BDL,CT,ANE,EN,Combined TRACON& Tower with Radar,252,132,92,10,486,0,23,9,0,32,252,155,101,10,518,44,0,44,562
10/05/2000,BDL,CT,ANE,EN,Combined TRACON& Tower with Radar,257,145,91,19,512,0,23,0,6,29,257,168,91,25,541,6,4,10,551
10/06/2000,BDL,CT,ANE,EN,Combined TRACON& Tower with Radar,255,140,76,9,480,0,12,0,0,12,255,152,76,9,492,0,0,0,492
10/07/2000,BDL,CT,ANE,EN,Combined TRACON& Tower with Radar,197,69,67,12,345,38,0,14,1,53,235,69,81,13,398,10,0,10,408
10/08/2000,BDL,CT,ANE,EN,Combined TRACON& Tower with Radar,189,70,45,8,312,36,0,0,0,36,225,70,45,8,348,2,0,2,350
10/09/2000,BDL,CT,ANE,EN,Combined TRACON& Tower with Radar,219,94,74,8,395,14,0,1,0,15,233,94,75,8,410,0,0,0,410
10/10/2000,BDL,CT,ANE,EN,Combined TRACON& Tower with Radar,249,130,85,17,481,0,6,0,12,18,249,136,85,29,499,2,0,2,501
10/11/2000,BDL,CT,ANE,EN,Combined TRACON& Tower with Radar,264,129,89,17,499,0,25,13,5,43,264,154,102,22,542,14,0,14,556
10/12/2000,BDL,CT,ANE,EN,Combined TRACON& Tower with Radar,252,121,85,16,474,6,36,20,5,67,258,157,105,21,541,4,0,4,545
10/13/2000,BDL,CT,ANE,EN,Combined TRACON& Tower with Radar,255,131,90,18,494,0,43,14,7,64,255,174,104,25,558,54,0,54,612
10/14/2000,BDL,CT,ANE,EN,Combined TRACON& Tower with Radar,193,76,64,13,346,38,0,16,7,61,231,76,80,20,407,2,2,4,411
10/15/2000,BDL,CT,ANE,EN,Combined TRACON& Tower with Radar,209,86,64,14,373,17,0,0,5,22,226,86,64,19,395,4,0,4,399
10/16/2000,BDL,CT,ANE,EN,Combined TRACON& Tower with Radar,238,108,85,16,447,0,0,0,0,0,238,108,85,16,447,0,0,0,447
10/17/2000,BDL,CT,ANE,EN,Combined TRACON& Tower with Radar,262,147,101,9,519,0,21,4,0,25,262,168,105,9,544,18,0,18,562
10/18/2000,BDL,CT,ANE,EN,Combined TRACON& Tower with Radar,257,142,94,14,507,0,4,0,0,4,257,146,94,14,511,2,0,2,513
10/19/2000,BDL,CT,ANE,EN,Combined TRACON& Tower with Radar,260,125,87,17,489,6,28,21,8,63,266,153,108,25,552,28,0,28,580
10/20/2000,BDL,CT,ANE,EN,Combined TRACON& Tower with Radar,248,120,83,15,466,8,8,45,0,61,256,128,128,15,527,4,0,4,531
10/21/2000,BDL,CT,ANE,EN,Combined TRACON& Tower with Radar,190,77,63,13,343,43,0,0,0,43,233,77,63,13,386,6,0,6,392
10/22/2000,BDL,CT,ANE,EN,Combined TRACON& Tower with Radar,201,96,58,10,365,21,1,0,0,22,222,97,58,10,387,4,2,6,393
10/23/2000,BDL,CT,ANE,EN,Combined TRACON& Tower with Radar,236,117,82,13,448,0,0,43,0,43,236,117,125,13,491,22,0,22,513
10/24/2000,BDL,CT,ANE,EN,Combined TRACON& Tower with Radar,200,106,74,15,395,0,3,31,8,42,200,109,105,23,437,0,0,0,437
10/25/2000,BDL,CT,ANE,EN,Combined TRACON& Tower with Radar,260,133,93,18,504,0,14,13,12,39,260,147,106,30,543,2,0,2,545
10/26/2000,BDL,CT,ANE,EN,Combined TRACON& Tower with Radar,254,135,94,17,500,0,9,30,0,39,254,144,124,17,539,4,0,4,543
10/27/2000,BDL,CT,ANE,EN,Combined TRACON& Tower with Radar,261,130,90,18,499,0,16,2,4,22,261,146,92,22,521,0,0,0,521
10/28/2000,BDL,CT,ANE,EN,Combined TRACON& Tower with Radar,185,76,34,4,299,48,0,0,0,48,233,76,34,4,347,0,0,0,347
10/29/2000,BDL,CT,ANE,EN,Combined TRACON& Tower with Radar,200,91,35,3,329,12,0,0,0,12,212,91,35,3,341,0,0,0,341
10/30/2000,BDL,CT,ANE,EN,Combined TRACON& Tower with Radar,239,118,69,8,434,0,13,0,0,13,239,131,69,8,447,0,0,0,447
10/31/2000,BDL,CT,ANE,EN,Combined TRACON& Tower with Radar,247,132,81,11,471,0,28,0,0,28,247,160,81,11,499,0,0,0,499
11/01/2000,BDL,CT,ANE,EN,Combined TRACON& Tower with Radar,243,140,85,17,485,0,17,20,8,45,243,157,105,25,530,12,0,12,542
11/02/2000,BDL,CT,ANE,EN,Combined TRACON& Tower with Radar,234,125,76,14,449,16,30,15,17,78,250,155,91,31,527,20,0,20,547
11/03/2000,BDL,CT,ANE,EN,Combined TRACON& Tower with Radar,241,134,80,15,470,0,22,28,20,70,241,156,108,35,540,0,0,0,540
11/04/2000,BDL,CT,ANE,EN,Combined TRACON& Tower with Radar,182,70,58,11,321,39,0,2,12,53,221,70,60,23,374,14,0,14,388
11/05/2000,BDL,CT,ANE,EN,Combined TRACON& Tower with Radar,191,93,44,11,339,14,0,0,4,18,205,93,44,15,357,2,0,2,359
11/06/2000,BDL,CT,ANE,EN,Combined TRACON& Tower with Radar,225,121,72,6,424,0,1,32,0,33,225,122,104,6,457,0,0,0,457
11/07/2000,BDL,CT,ANE,EN,Combined TRACON& Tower with Radar,245,132,80,15,472,0,20,34,7,61,245,152,114,22,533,4,0,4,537
11/08/2000,BDL,CT,ANE,EN,Combined TRACON& Tower with Radar,247,138,83,15,483,0,28,39,16,83,247,166,122,31,566,0,0,0,566
11/09/2000,BDL,CT,ANE,EN,Combined TRACON& Tower with Radar,245,143,87,16,491,0,30,23,10,63,245,173,110,26,554,6,0,6,560
11/10/2000,BDL,CT,ANE,EN,Combined TRACON& Tower with Radar,239,146,76,5,466,0,12,0,0,12,239,158,76,5,478,0,0,0,478
11/11/2000,BDL,CT,ANE,EN,Combined TRACON& Tower with Radar,197,84,46,4,331,10,0,0,0,10,207,84,46,4,341,2,0,2,343
11/12/2000,BDL,CT,ANE,EN,Combined TRACON& Tower with Radar,198,90,64,8,360,19,0,12,0,31,217,90,76,8,391,6,0,6,397
11/13/2000,BDL,CT,ANE,EN,Combined TRACON& Tower with Radar,233,131,74,6,444,0,2,0,0,2,233,133,74,6,446,3,0,3,449
11/14/2000,BDL,CT,ANE,EN,Combined TRACON& Tower with Radar,246,144,71,9,470,0,25,0,0,25,246,169,71,9,495,0,0,0,495
11/15/2000,BDL,CT,ANE,EN,Combined TRACON& Tower with Radar,244,146,86,17,493,0,10,13,8,31,244,156,99,25,524,12,0,12,536
11/16/2000,BDL,CT,ANE,EN,Combined TRACON& Tower with Radar,247,135,80,16,478,0,29,17,3,49,247,164,97,19,527,0,0,0,527
11/17/2000,BDL,CT,ANE,EN,Combined TRACON& Tower with Radar,233,123,73,15,444,12,21,2,3,38,245,144,75,18,482,0,0,0,482
11/18/2000,BDL,CT,ANE,EN,Combined TRACON& Tower with Radar,188,83,54,11,336,35,0,0,0,35,223,83,54,11,371,0,0,0,371
11/19/2000,BDL,CT,ANE,EN,Combined TRACON& Tower with Radar,193,95,61,9,358,26,0,0,0,26,219,95,61,9,384,0,0,0,384
11/20/2000,BDL,CT,ANE,EN,Combined TRACON& Tower with Radar,226,117,74,11,428,0,0,11,0,11,226,117,85,11,439,28,0,28,467
11/21/2000,BDL,CT,ANE,EN,Combined TRACON& Tower with Radar,257,136,81,16,490,2,12,15,8,37,259,148,96,24,527,8,0,8,535
11/22/2000,BDL,CT,ANE,EN,Combined TRACON& Tower with Radar,240,126,76,12,454,12,23,0,0,35,252,149,76,12,489,0,6,6,495
11/23/2000,BDL,CT,ANE,EN,Combined TRACON& Tower with Radar,141,74,22,1,238,36,4,0,0,40,177,78,22,1,278,4,0,4,282
11/24/2000,BDL,CT,ANE,EN,Combined TRACON& Tower with Radar,160,84,48,9,301,21,10,0,0,31,181,94,48,9,332,6,0,6,338
11/25/2000,BDL,CT,ANE,EN,Combined TRACON& Tower with Radar,191,76,42,10,319,20,0,0,0,20,211,76,42,10,339,0,0,0,339
11/26/2000,BDL,CT,ANE,EN,Combined TRACON& Tower with Radar,197,83,40,4,324,22,0,0,0,22,219,83,40,4,346,0,0,0,346
11/27/2000,BDL,CT,ANE,EN,Combined TRACON& Tower with Radar,228,136,82,7,453,0,12,5,0,17,228,148,87,7,470,6,0,6,476
11/28/2000,BDL,CT,ANE,EN,Combined TRACON& Tower with Radar,257,153,92,18,520,0,13,7,8,28,257,166,99,26,548,15,0,15,563
11/29/2000,BDL,CT,ANE,EN,Combined TRACON& Tower with Radar,251,139,83,17,490,0,17,27,5,49,251,156,110,22,539,0,4,4,543
11/30/2000,BDL,CT,ANE,EN,Combined TRACON& Tower with Radar,255,145,74,18,492,0,0,0,8,8,255,145,74,26,500,0,0,0,500
12/01/2000,BDL,CT,ANE,EN,Combined TRACON& Tower with Radar,239,145,57,14,455,0,0,37,24,61,239,145,94,38,516,0,0,0,516
12/02/2000,BDL,CT,ANE,EN,Combined TRACON& Tower with Radar,193,69,41,9,312,17,0,3,4,24,210,69,44,13,336,4,0,4,340
12/03/2000,BDL,CT,ANE,EN,Combined TRACON& Tower with Radar,208,82,44,10,344,5,0,7,2,14,213,82,51,12,358,8,0,8,366
12/04/2000,BDL,CT,ANE,EN,Combined TRACON& Tower with Radar,227,133,53,12,425,0,2,29,3,34,227,135,82,15,459,0,0,0,459
12/05/2000,BDL,CT,ANE,EN,Combined TRACON& Tower with Radar,251,145,57,12,465,0,11,15,0,26,251,156,72,12,491,2,0,2,493
12/06/2000,BDL,CT,ANE,EN,Combined TRACON& Tower with Radar,248,140,55,13,456,0,22,37,10,69,248,162,92,23,525,0,6,6,531
12/07/2000,BDL,CT,ANE,EN,Combined TRACON& Tower with Radar,231,123,49,11,414,9,41,37,9,96,240,164,86,20,510,2,0,2,512
12/08/2000,BDL,CT,ANE,EN,Combined TRACON& Tower with Radar,239,143,46,13,441,0,36,0,1,37,239,179,46,14,478,0,0,0,478
12/09/2000,BDL,CT,ANE,EN,Combined TRACON& Tower with Radar,186,91,38,9,324,18,0,0,11,29,204,91,38,20,353,2,2,4,357
12/10/2000,BDL,CT,ANE,EN,Combined TRACON& Tower with Radar,189,86,26,3,304,21,0,0,0,21,210,86,26,3,325,0,0,0,325
12/11/2000,BDL,CT,ANE,EN,Combined TRACON& Tower with Radar,207,129,51,4,391,0,11,20,0,31,207,140,71,4,422,0,0,0,422
12/12/2000,BDL,CT,ANE,EN,Combined TRACON& Tower with Radar,237,136,53,6,432,0,13,0,0,13,237,149,53,6,445,0,0,0,445
12/13/2000,BDL,CT,ANE,EN,Combined TRACON& Tower with Radar,225,129,51,12,417,0,43,50,3,96,225,172,101,15,513,0,0,0,513
12/14/2000,BDL,CT,ANE,EN,Combined TRACON& Tower with Radar,222,124,32,9,387,0,18,0,0,18,222,142,32,9,405,0,0,0,405
12/15/2000,BDL,CT,ANE,EN,Combined TRACON& Tower with Radar,229,134,52,13,428,0,39,44,0,83,229,173,96,13,511,10,0,10,521
12/16/2000,BDL,CT,ANE,EN,Combined TRACON& Tower with Radar,181,87,32,4,304,20,0,0,0,20,201,87,32,4,324,0,0,0,324
12/17/2000,BDL,CT,ANE,EN,Combined TRACON& Tower with Radar,160,58,11,4,233,55,0,0,0,55,215,58,11,4,288,0,0,0,288
12/18/2000,BDL,CT,ANE,EN,Combined TRACON& Tower with Radar,222,129,50,11,412,0,17,39,0,56,222,146,89,11,468,0,0,0,468
12/19/2000,BDL,CT,ANE,EN,Combined TRACON& Tower with Radar,252,159,61,16,488,0,20,22,5,47,252,179,83,21,535,0,4,4,539
12/20/2000,BDL,CT,ANE,EN,Combined TRACON& Tower with Radar,256,156,60,16,488,0,14,14,10,38,256,170,74,26,526,6,3,9,535
12/21/2000,BDL,CT,ANE,EN,Combined TRACON& Tower with Radar,267,149,58,15,489,0,37,35,13,85,267,186,93,28,574,2,0,2,576
12/22/2000,BDL,CT,ANE,EN,Combined TRACON& Tower with Radar,260,138,33,7,438,0,30,0,0,30,260,168,33,7,468,8,0,8,476
12/23/2000,BDL,CT,ANE,EN,Combined TRACON& Tower with Radar,211,91,43,6,351,15,0,8,0,23,226,91,51,6,374,0,0,0,374
12/24/2000,BDL,CT,ANE,EN,Combined TRACON& Tower with Radar,160,61,28,3,252,24,0,0,0,24,184,61,28,3,276,0,0,0,276
12/25/2000,BDL,CT,ANE,EN,Combined TRACON& Tower with Radar,140,46,11,3,200,44,0,0,0,44,184,46,11,3,244,0,0,0,244
12/26/2000,BDL,CT,ANE,EN,Combined TRACON& Tower with Radar,204,107,29,8,348,1,24,0,0,25,205,131,29,8,373,0,0,0,373
12/27/2000,BDL,CT,ANE,EN,Combined TRACON& Tower with Radar,233,125,49,13,420,0,44,3,4,51,233,169,52,17,471,0,0,0,471
12/28/2000,BDL,CT,ANE,EN,Combined TRACON& Tower with Radar,239,126,49,13,427,6,35,6,3,50,245,161,55,16,477,6,0,6,483
12/29/2000,BDL,CT,ANE,EN,Combined TRACON& Tower with Radar,214,113,33,6,366,10,38,0,0,48,224,151,33,6,414,8,0,8,422
12/30/2000,BDL,CT,ANE,EN,Combined TRACON& Tower with Radar,66,20,4,0,90,28,0,0,0,28,94,20,4,0,118,0,0,0,118
12/31/2000,BDL,CT,ANE,EN,Combined TRACON& Tower with Radar,123,50,9,1,183,37,0,0,0,37,160,50,9,1,220,0,0,0,220
01/01/2001,BDL,CT,ANE,EN,Combined TRACON& Tower with Radar,155,69,21,1,246,41,0,0,0,41,196,69,21,1,287,0,0,0,287
01/02/2001,BDL,CT,ANE,EN,Combined TRACON& Tower with Radar,224,132,58,10,424,0,14,20,6,40,224,146,78,16,464,6,0,6,470
01/03/2001,BDL,CT,ANE,EN,Combined TRACON& Tower with Radar,242,147,65,12,466,0,24,25,12,61,242,171,90,24,527,0,0,0,527
01/04/2001,BDL,CT,ANE,EN,Combined TRACON& Tower with Radar,241,146,64,12,463,0,28,23,6,57,241,174,87,18,520,8,0,8,528
01/05/2001,BDL,CT,ANE,EN,Combined TRACON& Tower with Radar,233,147,64,12,456,0,28,11,9,48,233,175,75,21,504,10,0,10,514
01/06/2001,BDL,CT,ANE,EN,Combined TRACON& Tower with Radar,194,98,34,9,335,9,0,0,6,15,203,98,34,15,350,0,2,2,352
01/07/2001,BDL,CT,ANE,EN,Combined TRACON& Tower with Radar,200,115,39,9,363,5,0,0,14,19,205,115,39,23,382,8,0,8,390
01/08/2001,BDL,CT,ANE,EN,Combined TRACON& Tower with Radar,218,131,41,6,396,0,12,0,0,12,218,143,41,6,408,0,0,0,408
01/09/2001,BDL,CT,ANE,EN,Combined TRACON& Tower with Radar,241,163,55,14,473,0,28,0,4,32,241,191,55,18,505,0,0,0,505
01/10/2001,BDL,CT,ANE,EN,Combined TRACON& Tower with Radar,241,155,68,13,477,0,40,9,11,60,241,195,77,24,537,0,4,4,541
01/11/2001,BDL,CT,ANE,EN,Combined TRACON& Tower with Radar,237,165,72,14,488,0,29,22,14,65,237,194,94,28,553,2,0,2,555
01/12/2001,BDL,CT,ANE,EN,Combined TRACON& Tower with Radar,236,155,67,6,464,0,34,15,0,49,236,189,82,6,513,2,0,2,515
01/13/2001,BDL,CT,ANE,EN,Combined TRACON& Tower with Radar,188,89,47,6,330,9,0,13,0,22,197,89,60,6,352,2,0,2,354
01/14/2001,BDL,CT,ANE,EN,Combined TRACON& Tower with Radar,193,108,48,8,357,15,0,0,0,15,208,108,48,8,372,0,0,0,372
01/15/2001,BDL,CT,ANE,EN,Combined TRACON& Tower with Radar,205,119,33,1,358,13,13,0,0,26,218,132,33,1,384,0,0,0,384
01/16/2001,BDL,CT,ANE,EN,Combined TRACON& Tower with Radar,249,158,68,14,489,0,15,12,0,27,249,173,80,14,516,0,0,0,516
01/17/2001,BDL,CT,ANE,EN,Combined TRACON& Tower with Radar,241,160,69,14,484,0,42,19,19,80,241,202,88,33,564,4,2,6,570
01/18/2001,BDL,CT,ANE,EN,Combined TRACON& Tower with Radar,227,153,66,13,459,0,36,8,11,55,227,189,74,24,514,4,0,4,518
01/19/2001,BDL,CT,ANE,EN,Combined TRACON& Tower with Radar,253,146,54,11,464,3,0,0,0,3,256,146,54,11,467,0,0,0,467
01/20/2001,BDL,CT,ANE,EN,Combined TRACON& Tower with Radar,150,64,11,5,230,48,0,0,0,48,198,64,11,5,278,0,0,0,278
01/21/2001,BDL,CT,ANE,EN,Combined TRACON& Tower with Radar,147,75,20,2,244,32,0,0,0,32,179,75,20,2,276,0,0,0,276
01/22/2001,BDL,CT,ANE,EN,Combined TRACON& Tower with Radar,245,142,58,6,451,7,0,0,0,7,252,142,58,6,458,8,0,8,466
01/23/2001,BDL,CT,ANE,EN,Combined TRACON& Tower with Radar,270,168,73,15,526,0,12,23,4,39,270,180,96,19,565,4,0,4,569
01/24/2001,BDL,CT,ANE,EN,Combined TRACON& Tower with Radar,269,155,68,14,506,7,16,7,11,41,276,171,75,25,547,6,0,6,553
01/25/2001,BDL,CT,ANE,EN,Combined TRACON& Tower with Radar,280,163,71,13,527,6,3,0,15,24,286,166,71,28,551,6,0,6,557
01/26/2001,BDL,CT,ANE,EN,Combined TRACON& Tower with Radar,259,151,66,12,488,0,7,21,8,36,259,158,87,20,524,10,0,10,534
01/27/2001,BDL,CT,ANE,EN,Combined TRACON& Tower with Radar,183,81,13,1,278,49,0,0,0,49,232,81,13,1,327,0,0,0,327
01/28/2001,BDL,CT,ANE,EN,Combined TRACON& Tower with Radar,195,96,44,9,344,38,0,0,3,41,233,96,44,12,385,8,0,8,393
01/29/2001,BDL,CT,ANE,EN,Combined TRACON& Tower with Radar,239,142,62,5,448,0,0,37,0,37,239,142,99,5,485,16,0,16,501
01/30/2001,BDL,CT,ANE,EN,Combined TRACON& Tower with Radar,269,156,44,11,480,4,0,0,0,4,273,156,44,11,484,0,0,0,484
01/31/2001,BDL,CT,ANE,EN,Combined TRACON& Tower with Radar,274,161,69,13,517,0,5,3,12,20,274,166,72,25,537,2,0,2,539
02/01/2001,BDL,CT,ANE,EN,Combined TRACON& Tower with Radar,277,140,73,12,502,0,26,23,18,67,277,166,96,30,569,6,2,8,577
02/02/2001,BDL,CT,ANE,EN,Combined TRACON& Tower with Radar,263,135,55,11,464,0,22,0,20,42,263,157,55,31,506,2,0,2,508
02/03/2001,BDL,CT,ANE,EN,Combined TRACON& Tower with Radar,216,68,49,8,341,19,0,0,7,26,235,68,49,15,367,12,0,12,379
02/04/2001,BDL,CT,ANE,EN,Combined TRACON& Tower with Radar,219,89,55,9,372,19,0,6,3,28,238,89,61,12,400,0,0,0,400
02/05/2001,BDL,CT,ANE,EN,Combined TRACON& Tower with Radar,103,51,27,4,185,0,3,1,0,4,103,54,28,4,189,0,0,0,189
02/06/2001,BDL,CT,ANE,EN,Combined TRACON& Tower with Radar,235,117,57,2,411,0,9,0,0,9,235,126,57,2,420,0,0,0,420
02/07/2001,BDL,CT,ANE,EN,Combined TRACON& Tower with Radar,273,133,70,11,487,0,25,7,12,44,273,158,77,23,531,0,0,0,531
02/08/2001,BDL,CT,ANE,EN,Combined TRACON& Tower with Radar,272,138,71,11,492,0,31,0,8,39,272,169,71,19,531,0,0,0,531
02/09/2001,BDL,CT,ANE,EN,Combined TRACON& Tower with Radar,260,136,64,7,467,0,7,0,0,7,260,143,64,7,474,0,0,0,474
02/10/2001,BDL,CT,ANE,EN,Combined TRACON& Tower with Radar,174,57,13,4,248,62,0,0,0,62,236,57,13,4,310,0,0,0,310
02/11/2001,BDL,CT,ANE,EN,Combined TRACON& Tower with Radar,201,85,32,1,319,39,0,0,0,39,240,85,32,1,358,0,0,0,358
02/12/2001,BDL,CT,ANE,EN,Combined TRACON& Tower with Radar,250,125,65,3,443,0,6,23,0,29,250,131,88,3,472,4,6,10,482
02/13/2001,BDL,CT,ANE,EN,Combined TRACON& Tower with Radar,270,141,74,13,498,0,15,9,3,27,270,156,83,16,525,2,0,2,527
02/14/2001,BDL,CT,ANE,EN,Combined TRACON& Tower with Radar,269,143,74,12,498,0,24,0,0,24,269,167,74,12,522,0,0,0,522
02/15/2001,BDL,CT,ANE,EN,Combined TRACON& Tower with Radar,277,144,75,13,509,0,27,3,2,32,277,171,78,15,541,4,2,6,547
02/16/2001,BDL,CT,ANE,EN,Combined TRACON& Tower with Radar,262,123,56,8,449,2,27,0,0,29,264,150,56,8,478,0,0,0,478
02/17/2001,BDL,CT,ANE,EN,Combined TRACON& Tower with Radar,201,84,14,7,306,39,0,0,0,39,240,84,14,7,345,0,0,0,345
02/18/2001,BDL,CT,ANE,EN,Combined TRACON& Tower with Radar,212,79,52,2,345,26,0,4,0,30,238,79,56,2,375,14,0,14,389
02/19/2001,BDL,CT,ANE,EN,Combined TRACON& Tower with Radar,240,101,59,6,406,8,0,14,0,22,248,101,73,6,428,2,0,2,430
02/20/2001,BDL,CT,ANE,EN,Combined TRACON& Tower with Radar,267,127,67,8,469,0,7,16,0,23,267,134,83,8,492,18,0,18,510
02/21/2001,BDL,CT,ANE,EN,Combined TRACON& Tower with Radar,263,124,65,11,463,1,21,7,5,34,264,145,72,16,497,8,0,8,505
02/22/2001,BDL,CT,ANE,EN,Combined TRACON& Tower with Radar,282,132,69,12,495,5,24,31,2,62,287,156,100,14,557,2,0,2,559
02/23/2001,BDL,CT,ANE,EN,Combined TRACON& Tower with Radar,266,136,63,12,477,0,32,0,4,36,266,168,63,16,513,0,0,0,513
02/24/2001,BDL,CT,ANE,EN,Combined TRACON& Tower with Radar,111,51,27,1,190,124,30,45,0,199,235,81,72,1,389,0,0,0,389
02/25/2001,BDL,CT,ANE,EN,Combined TRACON& Tower with Radar,196,74,21,9,300,36,0,0,5,41,232,74,21,14,341,0,0,0,341
02/26/2001,BDL,CT,ANE,EN,Combined TRACON& Tower with Radar,257,127,66,1,451,0,12,22,0,34,257,139,88,1,485,17,0,17,502
02/27/2001,BDL,CT,ANE,EN,Combined TRACON& Tower with Radar,273,134,70,8,485,0,26,18,0,44,273,160,88,8,529,8,0,8,537
02/28/2001,BDL,CT,ANE,EN,Combined TRACON& Tower with Radar,264,137,71,11,483,0,23,51,6,80,264,160,122,17,563,4,0,4,567
03/01/2001,BDL,CT,ANE,EN,Combined TRACON& Tower with Radar,264,140,72,15,491,0,28,12,0,40,264,168,84,15,531,2,0,2,533
03/02/2001,BDL,CT,ANE,EN,Combined TRACON& Tower with Radar,262,144,69,12,487,0,22,0,0,22,262,166,69,12,509,1,0,1,510
03/03/2001,BDL,CT,ANE,EN,Combined TRACON& Tower with Radar,215,77,48,12,352,14,0,0,1,15,229,77,48,13,367,32,0,32,399
03/04/2001,BDL,CT,ANE,EN,Combined TRACON& Tower with Radar,105,55,29,5,194,109,31,21,11,172,214,86,50,16,366,0,0,0,366
03/05/2001,BDL,CT,ANE,EN,Combined TRACON& Tower with Radar,52,18,7,2,79,17,0,0,1,18,69,18,7,3,97,0,0,0,97
03/06/2001,BDL,CT,ANE,EN,Combined TRACON& Tower with Radar,91,46,15,4,156,5,4,0,0,9,96,50,15,4,165,0,0,0,165
03/07/2001,BDL,CT,ANE,EN,Combined TRACON& Tower with Radar,270,145,75,14,504,0,8,21,0,29,270,153,96,14,533,13,0,13,546
03/08/2001,BDL,CT,ANE,EN,Combined TRACON& Tower with Radar,285,148,77,16,526,0,21,21,15,57,285,169,98,31,583,2,0,2,585
03/09/2001,BDL,CT,ANE,EN,Combined TRACON& Tower with Radar,237,122,45,13,417,1,14,0,1,16,238,136,45,14,433,0,0,0,433
03/10/2001,BDL,CT,ANE,EN,Combined TRACON& Tower with Radar,208,78,50,12,348,23,0,0,16,39,231,78,50,28,387,24,4,28,415
03/11/2001,BDL,CT,ANE,EN,Combined TRACON& Tower with Radar,206,95,46,12,359,31,0,0,0,31,237,95,46,12,390,20,0,20,410
03/12/2001,BDL,CT,ANE,EN,Combined TRACON& Tower with Radar,241,124,63,6,434,10,7,30,0,47,251,131,93,6,481,8,0,8,489
03/13/2001,BDL,CT,ANE,EN,Combined TRACON& Tower with Radar,261,146,65,11,483,0,16,0,0,16,261,162,65,11,499,0,0,0,499
03/14/2001,BDL,CT,ANE,EN,Combined TRACON& Tower with Radar,285,150,77,17,529,0,12,19,1,32,285,162,96,18,561,0,0,0,561
03/15/2001,BDL,CT,ANE,EN,Combined TRACON& Tower with Radar,270,145,75,17,507,0,29,16,21,66,270,174,91,38,573,5,0,5,578
03/16/2001,BDL,CT,ANE,EN,Combined TRACON& Tower with Radar,260,135,70,16,481,0,25,10,4,39,260,160,80,20,520,4,0,4,524
03/17/2001,BDL,CT,ANE,EN,Combined TRACON& Tower with Radar,207,84,51,8,350,30,0,0,0,30,237,84,51,8,380,12,0,12,392
03/18/2001,BDL,CT,ANE,EN,Combined TRACON& Tower with Radar,204,84,53,5,346,38,0,2,0,40,242,84,55,5,386,6,0,6,392
03/19/2001,BDL,CT,ANE,EN,Combined TRACON& Tower with Radar,248,126,65,5,444,4,8,29,0,41,252,134,94,5,485,26,0,26,511
03/20/2001,BDL,CT,ANE,EN,Combined TRACON& Tower with Radar,279,145,75,17,516,0,33,26,5,64,279,178,101,22,580,0,0,0,580
03/21/2001,BDL,CT,ANE,EN,Combined TRACON& Tower with Radar,272,147,76,17,512,0,3,2,10,15,272,150,78,27,527,0,0,0,527
03/22/2001,BDL,CT,ANE,EN,Combined TRACON& Tower with Radar,261,144,68,7,480,0,16,0,0,16,261,160,68,7,496,0,0,0,496
03/23/2001,BDL,CT,ANE,EN,Combined TRACON& Tower with Radar,255,135,47,16,453,0,40,0,3,43,255,175,47,19,496,12,0,12,508
03/24/2001,BDL,CT,ANE,EN,Combined TRACON& Tower with Radar,189,77,47,11,324,35,0,0,1,36,224,77,47,12,360,4,0,4,364
03/25/2001,BDL,CT,ANE,EN,Combined TRACON& Tower with Radar,210,90,49,7,356,24,0,0,0,24,234,90,49,7,380,6,0,6,386
03/26/2001,BDL,CT,ANE,EN,Combined TRACON& Tower with Radar,242,138,71,5,456,0,18,1,0,19,242,156,72,5,475,4,0,4,479
03/27/2001,BDL,CT,ANE,EN,Combined TRACON& Tower with Radar,269,157,80,17,523,0,34,11,11,56,269,191,91,28,579,8,0,8,587
03/28/2001,BDL,CT,ANE,EN,Combined TRACON& Tower with Radar,271,149,76,16,512,0,36,38,17,91,271,185,114,33,603,10,0,10,613
03/29/2001,BDL,CT,ANE,EN,Combined TRACON& Tower with Radar,228,124,63,12,427,0,17,25,0,42,228,141,88,12,469,8,0,8,477
03/30/2001,BDL,CT,ANE,EN,Combined TRACON& Tower with Radar,242,140,50,12,444,0,10,0,0,10,242,150,50,12,454,1,0,1,455
03/31/2001,BDL,CT,ANE,EN,Combined TRACON& Tower with Radar,207,100,46,6,359,19,0,0,0,19,226,100,46,6,378,10,0,10,388
04/01/2001,BDL,CT,ANE,EN,Combined TRACON& Tower with Radar,195,91,24,8,318,36,0,0,0,36,231,91,24,8,354,0,0,0,354
04/02/2001,BDL,CT,ANE,EN,Combined TRACON& Tower with Radar,254,131,66,7,458,2,6,0,0,8,256,137,66,7,466,4,0,4,470
04/03/2001,BDL,CT,ANE,EN,Combined TRACON& Tower with Radar,262,147,81,16,506,0,26,6,24,56,262,173,87,40,562,0,4,4,566
04/04/2001,BDL,CT,ANE,EN,Combined TRACON& Tower with Radar,263,142,78,16,499,0,36,18,9,63,263,178,96,25,562,24,0,24,586
04/05/2001,BDL,CT,ANE,EN,Combined TRACON& Tower with Radar,269,145,81,16,511,0,36,24,5,65,269,181,105,21,576,4,0,4,580
04/06/2001,BDL,CT,ANE,EN,Combined TRACON& Tower with Radar,257,142,78,16,493,0,14,17,12,43,257,156,95,28,536,0,0,0,536
04/07/2001,BDL,CT,ANE,EN,Combined TRACON& Tower with Radar,202,88,46,11,347,17,0,0,12,29,219,88,46,23,376,10,0,10,386
04/08/2001,BDL,CT,ANE,EN,Combined TRACON& Tower with Radar,207,96,40,12,355,20,0,0,0,20,227,96,40,12,375,0,0,0,375
04/09/2001,BDL,CT,ANE,EN,Combined TRACON& Tower with Radar,241,136,75,5,457,0,10,22,0,32,241,146,97,5,489,12,0,12,501
04/10/2001,BDL,CT,ANE,EN,Combined TRACON& Tower with Radar,276,151,84,10,521,0,21,22,0,43,276,172,106,10,564,12,0,12,576
04/11/2001,BDL,CT,ANE,EN,Combined TRACON& Tower with Radar,200,117,64,14,395,0,7,23,11,41,200,124,87,25,436,2,0,2,438
04/12/2001,BDL,CT,ANE,EN,Combined TRACON& Tower with Radar,265,147,71,16,499,0,28,0,0,28,265,175,71,16,527,0,0,0,527
04/13/2001,BDL,CT,ANE,EN,Combined TRACON& Tower with Radar,254,136,69,16,475,0,17,0,6,23,254,153,69,22,498,2,0,2,500
04/14/2001,BDL,CT,ANE,EN,Combined TRACON& Tower with Radar,186,70,52,3,311,37,0,3,0,40,223,70,55,3,351,8,0,8,359
04/15/2001,BDL,CT,ANE,EN,Combined TRACON& Tower with Radar,192,86,34,4,316,37,0,0,0,37,229,86,34,4,353,6,0,6,359
04/16/2001,BDL,CT,ANE,EN,Combined TRACON& Tower with Radar,239,121,63,10,433,7,10,0,0,17,246,131,63,10,450,4,0,4,454
04/17/2001,BDL,CT,ANE,EN,Combined TRACON& Tower with Radar,266,143,79,17,505,0,21,3,5,29,266,164,82,22,534,4,0,4,538
04/18/2001,BDL,CT,ANE,EN,Combined TRACON& Tower with Radar,260,133,55,16,464,3,45,0,8,56,263,178,55,24,520,0,0,0,520
04/19/2001,BDL,CT,ANE,EN,Combined TRACON& Tower with Radar,197,105,57,13,372,0,9,22,18,49,197,114,79,31,421,12,6,18,439
04/20/2001,BDL,CT,ANE,EN,Combined TRACON& Tower with Radar,254,137,75,16,482,0,21,15,3,39,254,158,90,19,521,0,6,6,527
04/21/2001,BDL,CT,ANE,EN,Combined TRACON& Tower with Radar,218,88,53,11,370,5,0,0,0,5,223,88,53,11,375,12,0,12,387
04/22/2001,BDL,CT,ANE,EN,Combined TRACON& Tower with Radar,196,85,40,7,328,41,0,0,0,41,237,85,40,7,369,0,0,0,369
04/23/2001,BDL,CT,ANE,EN,Combined TRACON& Tower with Radar,250,132,73,6,461,0,16,17,0,33,250,148,90,6,494,2,0,2,496
04/24/2001,BDL,CT,ANE,EN,Combined TRACON& Tower with Radar,265,140,67,16,488,0,52,0,11,63,265,192,67,27,551,0,2,2,553
04/25/2001,BDL,CT,ANE,EN,Combined TRACON& Tower with Radar,259,144,79,16,498,0,24,4,14,42,259,168,83,30,540,0,8,8,548
04/26/2001,BDL,CT,ANE,EN,Combined TRACON& Tower with Radar,266,140,73,16,495,0,40,0,1,41,266,180,73,17,536,2,0,2,538
04/27/2001,BDL,CT,ANE,EN,Combined TRACON& Tower with Radar,258,142,78,16,494,0,35,16,5,56,258,177,94,21,550,2,0,2,552
04/28/2001,BDL,CT,ANE,EN,Combined TRACON& Tower with Radar,188,85,52,6,331,34,0,2,0,36,222,85,54,6,367,20,0,20,387
04/29/2001,BDL,CT,ANE,EN,Combined TRACON& Tower with Radar,227,95,62,6,390,4,0,0,0,4,231,95,62,6,394,0,0,0,394
04/30/2001,BDL,CT,ANE,EN,Combined TRACON& Tower with Radar,254,137,74,10,475,0,10,4,0,14,254,147,78,10,489,2,0,2,491
05/01/2001,BDL,CT,ANE,EN,Combined TRACON& Tower with Radar,256,136,88,15,495,5,40,8,7,60,261,176,96,22,555,0,0,0,555
05/02/2001,BDL,CT,ANE,EN,Combined TRACON& Tower with Radar,259,138,82,15,494,5,39,0,12,56,264,177,82,27,550,4,0,4,554
05/03/2001,BDL,CT,ANE,EN,Combined TRACON& Tower with Radar,254,134,88,15,491,11,47,10,7,75,265,181,98,22,566,0,0,0,566
05/04/2001,BDL,CT,ANE,EN,Combined TRACON& Tower with Radar,256,136,88,15,495,2,15,0,3,20,258,151,88,18,515,2,0,2,517
05/05/2001,BDL,CT,ANE,EN,Combined TRACON& Tower with Radar,204,93,54,12,363,17,0,0,4,21,221,93,54,16,384,4,4,8,392
05/06/2001,BDL,CT,ANE,EN,Combined TRACON& Tower with Radar,200,13,54,11,278,27,0,0,5,32,227,13,54,16,310,0,0,0,310
05/07/2001,BDL,CT,ANE,EN,Combined TRACON& Tower with Radar,157,107,70,5,339,0,47,18,0,65,157,154,88,5,404,0,0,0,404
05/08/2001,BDL,CT,ANE,EN,Combined TRACON& Tower with Radar,268,150,97,17,532,0,27,19,4,50,268,177,116,21,582,0,0,0,582
05/09/2001,BDL,CT,ANE,EN,Combined TRACON& Tower with Radar,266,141,91,16,514,0,26,28,16,70,266,167,119,32,584,0,0,0,584
05/10/2001,BDL,CT,ANE,EN,Combined TRACON& Tower with Radar,269,148,95,17,529,0,31,12,13,56,269,179,107,30,585,2,0,2,587
05/11/2001,BDL,CT,ANE,EN,Combined TRACON& Tower with Radar,256,136,88,16,496,7,45,0,4,56,263,181,88,20,552,0,8,8,560
05/12/2001,BDL,CT,ANE,EN,Combined TRACON& Tower with Radar,196,97,40,10,343,34,0,0,0,34,230,97,40,10,377,4,0,4,381
05/13/2001,BDL,CT,ANE,EN,Combined TRACON& Tower with Radar,202,97,41,10,350,33,0,0,0,33,235,97,41,10,383,4,0,4,387
05/14/2001,BDL,CT,ANE,EN,Combined TRACON& Tower with Radar,244,128,84,15,471,2,1,1,0,4,246,129,85,15,475,0,4,4,479
05/15/2001,BDL,CT,ANE,EN,Combined TRACON& Tower with Radar,267,146,95,17,525,0,29,5,8,42,267,175,100,25,567,6,0,6,573
05/16/2001,BDL,CT,ANE,EN,Combined TRACON& Tower with Radar,271,146,85,17,519,0,23,0,4,27,271,169,85,21,546,18,0,18,564
05/17/2001,BDL,CT,ANE,EN,Combined TRACON& Tower with Radar,268,154,99,18,539,0,14,5,9,28,268,168,104,27,567,6,0,6,573
05/18/2001,BDL,CT,ANE,EN,Combined TRACON& Tower with Radar,258,148,97,17,520,0,8,8,6,22,258,156,105,23,542,0,0,0,542
05/19/2001,BDL,CT,ANE,EN,Combined TRACON& Tower with Radar,216,79,74,11,380,20,0,1,0,21,236,79,75,11,401,8,0,8,409
05/20/2001,BDL,CT,ANE,EN,Combined TRACON& Tower with Radar,207,92,64,13,376,26,0,0,5,31,233,92,64,18,407,8,0,8,415
05/21/2001,BDL,CT,ANE,EN,Combined TRACON& Tower with Radar,240,136,88,16,480,0,4,3,1,8,240,140,91,17,488,0,0,0,488
05/22/2001,BDL,CT,ANE,EN,Combined TRACON& Tower with Radar,261,157,67,6,491,0,21,0,0,21,261,178,67,6,512,0,0,0,512
05/23/2001,BDL,CT,ANE,EN,Combined TRACON& Tower with Radar,266,156,88,12,522,0,15,0,0,15,266,171,88,12,537,0,0,0,537
05/24/2001,BDL,CT,ANE,EN,Combined TRACON& Tower with Radar,276,167,97,12,552,0,18,0,0,18,276,185,97,12,570,0,0,0,570
05/25/2001,BDL,CT,ANE,EN,Combined TRACON& Tower with Radar,261,159,103,17,540,0,3,12,6,21,261,162,115,23,561,2,0,2,563
05/26/2001,BDL,CT,ANE,EN,Combined TRACON& Tower with Radar,192,87,27,11,317,24,0,0,3,27,216,87,27,14,344,0,0,0,344
05/27/2001,BDL,CT,ANE,EN,Combined TRACON& Tower with Radar,163,73,20,3,259,42,0,0,0,42,205,73,20,3,301,0,0,0,301
05/28/2001,BDL,CT,ANE,EN,Combined TRACON& Tower with Radar,189,85,39,11,324,26,0,0,2,28,215,85,39,13,352,0,22,22,374
05/29/2001,BDL,CT,ANE,EN,Combined TRACON& Tower with Radar,253,134,87,15,489,0,1,8,0,9,253,135,95,15,498,2,0,2,500
05/30/2001,BDL,CT,ANE,EN,Combined TRACON& Tower with Radar,271,149,96,16,532,0,12,22,11,45,271,161,118,27,577,0,0,0,577
05/31/2001,BDL,CT,ANE,EN,Combined TRACON& Tower with Radar,251,133,86,14,484,7,35,33,10,85,258,168,119,24,569,4,0,4,573
06/01/2001,BDL,CT,ANE,EN,Combined TRACON& Tower with Radar,256,137,84,15,492,0,7,21,4,32,256,144,105,19,524,12,0,12,536
06/02/2001,BDL,CT,ANE,EN,Combined TRACON& Tower with Radar,199,102,26,4,331,36,0,0,0,36,235,102,26,4,367,10,0,10,377
06/03/2001,BDL,CT,ANE,EN,Combined TRACON& Tower with Radar,204,93,47,9,353,23,0,0,0,23,227,93,47,9,376,0,0,0,376
06/04/2001,BDL,CT,ANE,EN,Combined TRACON& Tower with Radar,242,130,79,14,465,0,9,9,0,18,242,139,88,14,483,12,0,12,495
06/05/2001,BDL,CT,ANE,EN,Combined TRACON& Tower with Radar,256,141,86,15,498,0,39,2,6,47,256,180,88,21,545,0,2,2,547
06/06/2001,BDL,CT,ANE,EN,Combined TRACON& Tower with Radar,258,136,83,14,491,0,42,22,4,68,258,178,105,18,559,10,2,12,571
06/07/2001,BDL,CT,ANE,EN,Combined TRACON& Tower with Radar,262,138,84,15,499,0,37,13,6,56,262,175,97,21,555,0,0,0,555
06/08/2001,BDL,CT,ANE,EN,Combined TRACON& Tower with Radar,250,129,79,14,472,6,26,32,6,70,256,155,111,20,542,2,2,4,546
06/09/2001,BDL,CT,ANE,EN,Combined TRACON& Tower with Radar,201,98,54,6,359,16,0,0,0,16,217,98,54,6,375,10,0,10,385
06/10/2001,BDL,CT,ANE,EN,Combined TRACON& Tower with Radar,199,91,51,10,351,32,0,0,0,32,231,91,51,10,383,6,0,6,389
06/11/2001,BDL,CT,ANE,EN,Combined TRACON& Tower with Radar,226,128,77,13,444,0,4,0,2,6,226,132,77,15,450,2,0,2,452
06/12/2001,BDL,CT,ANE,EN,Combined TRACON& Tower with Radar,277,171,103,19,570,0,26,41,4,71,277,197,144,23,641,18,0,18,659
06/13/2001,BDL,CT,ANE,EN,Combined TRACON& Tower with Radar,260,163,98,18,539,0,24,33,10,67,260,187,131,28,606,0,0,0,606
06/14/2001,BDL,CT,ANE,EN,Combined TRACON& Tower with Radar,260,155,93,17,525,0,19,3,3,25,260,174,96,20,550,0,0,0,550
06/15/2001,BDL,CT,ANE,EN,Combined TRACON& Tower with Radar,251,147,88,17,503,0,18,25,0,43,251,165,113,17,546,0,0,0,546
06/16/2001,BDL,CT,ANE,EN,Combined TRACON& Tower with Radar,224,100,61,7,392,15,0,0,0,15,239,100,61,7,407,22,0,22,429
06/17/2001,BDL,CT,ANE,EN,Combined TRACON& Tower with Radar,180,82,11,4,277,60,0,0,0,60,240,82,11,4,337,0,0,0,337
06/18/2001,BDL,CT,ANE,EN,Combined TRACON& Tower with Radar,242,125,76,8,451,0,18,32,0,50,242,143,108,8,501,12,0,12,513
06/19/2001,BDL,CT,ANE,EN,Combined TRACON& Tower with Radar,261,141,85,12,499,0,27,29,0,56,261,168,114,12,555,22,4,26,581
06/20/2001,BDL,CT,ANE,EN,Combined TRACON& Tower with Radar,260,136,83,15,494,0,17,10,6,33,260,153,93,21,527,10,10,20,547
06/21/2001,BDL,CT,ANE,EN,Combined TRACON& Tower with Radar,251,129,78,15,473,9,24,15,6,54,260,153,93,21,527,2,0,2,529
06/22/2001,BDL,CT,ANE,EN,Combined TRACON& Tower with Radar,264,138,83,16,501,0,11,3,13,27,264,149,86,29,528,2,2,4,532
06/23/2001,BDL,CT,ANE,EN,Combined TRACON& Tower with Radar,252,143,86,16,497,0,11,25,12,48,252,154,111,28,545,0,2,2,547
06/24/2001,BDL,CT,ANE,EN,Combined TRACON& Tower with Radar,211,89,40,10,350,18,0,0,0,18,229,89,40,10,368,0,0,0,368
06/25/2001,BDL,CT,ANE,EN,Combined TRACON& Tower with Radar,217,87,48,11,363,13,0,0,0,13,230,87,48,11,376,14,0,14,390
06/26/2001,BDL,CT,ANE,EN,Combined TRACON& Tower with Radar,228,117,70,13,428,15,7,33,2,57,243,124,103,15,485,0,0,0,485
06/27/2001,BDL,CT,ANE,EN,Combined TRACON& Tower with Radar,271,139,84,15,509,3,12,28,14,57,274,151,112,29,566,2,0,2,568
06/28/2001,BDL,CT,ANE,EN,Combined TRACON& Tower with Radar,257,134,80,14,485,0,14,21,6,41,257,148,101,20,526,16,0,16,542
06/29/2001,BDL,CT,ANE,EN,Combined TRACON& Tower with Radar,260,134,81,13,488,6,28,7,0,41,266,162,88,13,529,0,0,0,529
06/30/2001,BDL,CT,ANE,EN,Combined TRACON& Tower with Radar,249,128,77,14,468,8,19,27,1,55,257,147,104,15,523,0,0,0,523
07/01/2001,BDL,CT,ANE,EN,Combined TRACON& Tower with Radar,196,63,54,9,322,23,0,48,0,71,219,63,102,9,393,2,0,2,395
07/02/2001,BDL,CT,ANE,EN,Combined TRACON& Tower with Radar,238,105,65,10,418,7,0,91,0,98,245,105,156,10,516,12,0,12,528
07/03/2001,BDL,CT,ANE,EN,Combined TRACON& Tower with Radar,254,117,72,13,456,0,17,65,11,93,254,134,137,24,549,4,0,4,553
07/04/2001,BDL,CT,ANE,EN,Combined TRACON& Tower with Radar,187,77,51,4,319,36,0,7,0,43,223,77,58,4,362,6,0,6,368
07/05/2001,BDL,CT,ANE,EN,Combined TRACON& Tower with Radar,246,118,72,14,450,0,23,22,19,64,246,141,94,33,514,0,0,0,514
07/06/2001,BDL,CT,ANE,EN,Combined TRACON& Tower with Radar,259,120,73,14,466,0,33,88,3,124,259,153,161,17,590,4,0,4,594
07/07/2001,BDL,CT,ANE,EN,Combined TRACON& Tower with Radar,196,81,54,10,341,34,0,55,2,91,230,81,109,12,432,4,0,4,436
07/08/2001,BDL,CT,ANE,EN,Combined TRACON& Tower with Radar,224,96,62,2,384,12,0,9,0,21,236,96,71,2,405,4,0,4,409
07/09/2001,BDL,CT,ANE,EN,Combined TRACON& Tower with Radar,243,109,67,7,426,3,14,41,0,58,246,123,108,7,484,0,0,0,484
07/10/2001,BDL,CT,ANE,EN,Combined TRACON& Tower with Radar,259,120,73,14,466,0,27,36,17,80,259,147,109,31,546,0,0,0,546
07/11/2001,BDL,CT,ANE,EN,Combined TRACON& Tower with Radar,255,131,79,15,480,0,26,81,12,119,255,157,160,27,599,16,0,16,615
07/12/2001,BDL,CT,ANE,EN,Combined TRACON& Tower with Radar,270,134,80,16,500,0,22,122,24,168,270,156,202,40,668,0,0,0,668
07/13/2001,BDL,CT,ANE,EN,Combined TRACON& Tower with Radar,268,124,74,15,481,0,18,88,11,117,268,142,162,26,598,2,2,4,602
07/14/2001,BDL,CT,ANE,EN,Combined TRACON& Tower with Radar,219,93,59,12,383,13,0,54,15,82,232,93,113,27,465,8,4,12,477
07/15/2001,BDL,CT,ANE,EN,Combined TRACON& Tower with Radar,209,86,56,12,363,20,0,82,7,109,229,86,138,19,472,0,0,0,472
07/16/2001,BDL,CT,ANE,EN,Combined TRACON& Tower with Radar,239,108,64,8,419,8,19,63,0,90,247,127,127,8,509,8,0,8,517
07/17/2001,BDL,CT,ANE,EN,Combined TRACON& Tower with Radar,265,130,78,16,489,0,30,20,22,72,265,160,98,38,561,0,0,0,561
07/18/2001,BDL,CT,ANE,EN,Combined TRACON& Tower with Radar,266,141,85,17,509,0,15,103,5,123,266,156,188,22,632,14,0,14,646
07/19/2001,BDL,CT,ANE,EN,Combined TRACON& Tower with Radar,270,133,81,16,500,0,25,80,17,122,270,158,161,33,622,4,0,4,626
07/20/2001,BDL,CT,ANE,EN,Combined TRACON& Tower with Radar,262,119,72,15,468,0,23,90,8,121,262,142,162,23,589,4,2,6,595
07/21/2001,BDL,CT,ANE,EN,Combined TRACON& Tower with Radar,203,75,55,10,343,27,0,140,0,167,230,75,195,10,510,0,0,0,510
07/22/2001,BDL,CT,ANE,EN,Combined TRACON& Tower with Radar,205,79,56,5,345,25,0,58,0,83,230,79,114,5,428,5,0,5,433
07/23/2001,BDL,CT,ANE,EN,Combined TRACON& Tower with Radar,244,113,69,10,436,0,22,81,0,103,244,135,150,10,539,24,2,26,565
07/24/2001,BDL,CT,ANE,EN,Combined TRACON& Tower with Radar,273,122,73,15,483,2,18,66,8,94,275,140,139,23,577,0,0,0,577
07/25/2001,BDL,CT,ANE,EN,Combined TRACON& Tower with Radar,262,128,77,16,483,0,26,88,12,126,262,154,165,28,609,22,0,22,631
07/26/2001,BDL,CT,ANE,EN,Combined TRACON& Tower with Radar,271,131,80,16,498,0,17,48,16,81,271,148,128,32,579,0,6,6,585
07/27/2001,BDL,CT,ANE,EN,Combined TRACON& Tower with Radar,258,119,72,15,464,0,26,85,6,117,258,145,157,21,581,20,0,20,601
07/28/2001,BDL,CT,ANE,EN,Combined TRACON& Tower with Radar,199,85,53,11,348,32,0,52,0,84,231,85,105,11,432,0,0,0,432
07/29/2001,BDL,CT,ANE,EN,Combined TRACON& Tower with Radar,198,80,53,1,332,31,0,59,0,90,229,80,112,1,422,0,0,0,422
07/30/2001,BDL,CT,ANE,EN,Combined TRACON& Tower with Radar,240,107,65,9,421,12,21,52,0,85,252,128,117,9,506,16,0,16,522
07/31/2001,BDL,CT,ANE,EN,Combined TRACON& Tower with Radar,261,117,71,13,462,3,28,59,21,111,264,145,130,34,573,4,0,4,577
08/01/2001,BDL,CT,ANE,EN,Combined TRACON& Tower with Radar,276,126,84,18,504,0,10,73,20,103,276,136,157,38,607,44,0,44,651
08/02/2001,BDL,CT,ANE,EN,Combined TRACON& Tower with Radar,258,122,82,17,479,0,34,71,10,115,258,156,153,27,594,2,0,2,596
08/03/2001,BDL,CT,ANE,EN,Combined TRACON& Tower with Radar,275,128,86,18,507,0,26,32,1,59,275,154,118,19,566,8,6,14,580
08/04/2001,BDL,CT,ANE,EN,Combined TRACON& Tower with Radar,196,83,45,7,331,33,0,0,0,33,229,83,45,7,364,0,0,0,364
08/05/2001,BDL,CT,ANE,EN,Combined TRACON& Tower with Radar,209,80,64,11,364,25,0,22,0,47,234,80,86,11,411,0,0,0,411
08/06/2001,BDL,CT,ANE,EN,Combined TRACON& Tower with Radar,242,111,74,7,434,0,9,51,0,60,242,120,125,7,494,0,0,0,494
08/07/2001,BDL,CT,ANE,EN,Combined TRACON& Tower with Radar,263,122,82,17,484,0,24,75,2,101,263,146,157,19,585,4,0,4,589
08/08/2001,BDL,CT,ANE,EN,Combined TRACON& Tower with Radar,268,122,82,17,489,1,30,51,10,92,269,152,133,27,581,2,0,2,583
08/09/2001,BDL,CT,ANE,EN,Combined TRACON& Tower with Radar,271,125,83,18,497,0,38,80,12,130,271,163,163,30,627,0,0,0,627
08/10/2001,BDL,CT,ANE,EN,Combined TRACON& Tower with Radar,258,120,80,16,474,0,26,8,0,34,258,146,88,16,508,0,0,0,508
08/11/2001,BDL,CT,ANE,EN,Combined TRACON& Tower with Radar,224,86,67,15,392,10,0,81,12,103,234,86,148,27,495,0,0,0,495
08/12/2001,BDL,CT,ANE,EN,Combined TRACON& Tower with Radar,214,79,64,12,369,20,0,4,0,24,234,79,68,12,393,0,0,0,393
08/13/2001,BDL,CT,ANE,EN,Combined TRACON& Tower with Radar,258,105,81,16,460,0,0,35,0,35,258,105,116,16,495,4,0,4,499
08/14/2001,BDL,CT,ANE,EN,Combined TRACON& Tower with Radar,266,123,82,19,490,0,12,71,6,89,266,135,153,25,579,16,4,20,599
08/15/2001,BDL,CT,ANE,EN,Combined TRACON& Tower with Radar,266,123,81,14,484,0,18,66,0,84,266,141,147,14,568,14,0,14,582
08/16/2001,BDL,CT,ANE,EN,Combined TRACON& Tower with Radar,254,116,76,17,463,12,20,44,0,76,266,136,120,17,539,4,0,4,543
08/17/2001,BDL,CT,ANE,EN,Combined TRACON& Tower with Radar,255,134,89,18,496,0,22,18,0,40,255,156,107,18,536,0,0,0,536
08/18/2001,BDL,CT,ANE,EN,Combined TRACON& Tower with Radar,207,86,59,7,359,48,0,0,0,48,255,86,59,7,407,4,0,4,411
08/19/2001,BDL,CT,ANE,EN,Combined TRACON& Tower with Radar,195,61,58,12,326,34,0,6,0,40,229,61,64,12,366,0,0,0,366
08/20/2001,BDL,CT,ANE,EN,Combined TRACON& Tower with Radar,238,102,69,13,422,0,0,0,0,0,238,102,69,13,422,4,0,4,426
08/21/2001,BDL,CT,ANE,EN,Combined TRACON& Tower with Radar,262,122,76,19,479,0,7,0,3,10,262,129,76,22,489,1,0,1,490
08/22/2001,BDL,CT,ANE,EN,Combined TRACON& Tower with Radar,255,119,80,18,472,0,11,42,16,69,255,130,122,34,541,6,0,6,547
08/23/2001,BDL,CT,ANE,EN,Combined TRACON& Tower with Radar,257,125,83,19,484,0,21,19,9,49,257,146,102,28,533,0,0,0,533
08/24/2001,BDL,CT,ANE,EN,Combined TRACON& Tower with Radar,255,123,82,19,479,0,1,10,8,19,255,124,92,27,498,2,0,2,500
08/25/2001,BDL,CT,ANE,EN,Combined TRACON& Tower with Radar,203,78,60,14,355,25,0,4,6,35,228,78,64,20,390,10,0,10,400
08/26/2001,BDL,CT,ANE,EN,Combined TRACON& Tower with Radar,193,71,57,8,329,35,0,0,0,35,228,71,57,8,364,0,0,0,364
08/27/2001,BDL,CT,ANE,EN,Combined TRACON& Tower with Radar,229,107,72,11,419,0,9,11,0,20,229,116,83,11,439,10,0,10,449
08/28/2001,BDL,CT,ANE,EN,Combined TRACON& Tower with Radar,250,120,80,17,467,0,3,18,0,21,250,123,98,17,488,2,0,2,490
08/29/2001,BDL,CT,ANE,EN,Combined TRACON& Tower with Radar,251,117,78,17,463,0,15,45,14,74,251,132,123,31,537,0,0,0,537
08/30/2001,BDL,CT,ANE,EN,Combined TRACON& Tower with Radar,244,116,77,17,454,0,30,40,1,71,244,146,117,18,525,0,4,4,529
08/31/2001,BDL,CT,ANE,EN,Combined TRACON& Tower with Radar,246,111,68,11,436,1,6,0,0,7,247,117,68,11,443,0,0,0,443
09/01/2001,BDL,CT,ANE,EN,Combined TRACON& Tower with Radar,168,72,37,10,287,41,0,0,0,41,209,72,37,10,328,0,0,0,328
09/02/2001,BDL,CT,ANE,EN,Combined TRACON& Tower with Radar,152,53,39,4,248,48,0,0,0,48,200,53,39,4,296,8,0,8,304
09/03/2001,BDL,CT,ANE,EN,Combined TRACON& Tower with Radar,171,62,64,7,304,38,0,12,0,50,209,62,76,7,354,6,0,6,360
09/04/2001,BDL,CT,ANE,EN,Combined TRACON& Tower with Radar,206,102,74,10,392,29,0,0,0,29,235,102,74,10,421,0,0,0,421
09/05/2001,BDL,CT,ANE,EN,Combined TRACON& Tower with Radar,238,131,94,17,480,0,0,30,24,54,238,131,124,41,534,20,8,28,562
09/06/2001,BDL,CT,ANE,EN,Combined TRACON& Tower with Radar,224,123,83,15,445,7,10,21,10,48,231,133,104,25,493,2,10,12,505
09/07/2001,BDL,CT,ANE,EN,Combined TRACON& Tower with Radar,220,121,82,15,438,10,7,39,2,58,230,128,121,17,496,0,0,0,496
09/08/2001,BDL,CT,ANE,EN,Combined TRACON& Tower with Radar,157,78,30,8,273,45,0,0,0,45,202,78,30,8,318,0,0,0,318
09/09/2001,BDL,CT,ANE,EN,Combined TRACON& Tower with Radar,169,78,63,8,318,44,0,4,0,48,213,78,67,8,366,0,4,4,370
09/10/2001,BDL,CT,ANE,EN,Combined TRACON& Tower with Radar,221,121,79,13,434,5,4,0,0,9,226,125,79,13,443,8,6,14,457
09/11/2001,BDL,CT,ANE,EN,Combined TRACON& Tower with Radar,61,34,10,5,110,0,16,0,11,27,61,50,10,16,137,0,0,0,137
09/12/2001,BDL,CT,ANE,EN,Combined TRACON& Tower with Radar,0,5,3,1,9,0,4,0,6,10,0,9,3,7,19,0,0,0,19
09/13/2001,BDL,CT,ANE,EN,Combined TRACON& Tower with Radar,28,25,4,4,61,0,14,0,12,26,28,39,4,16,87,0,3,3,90
09/14/2001,BDL,CT,ANE,EN,Combined TRACON& Tower with Radar,116,64,17,9,206,4,14,0,3,21,120,78,17,12,227,4,0,4,231
09/15/2001,BDL,CT,ANE,EN,Combined TRACON& Tower with Radar,140,78,37,11,266,0,0,0,0,0,140,78,37,11,266,0,0,0,266
09/16/2001,BDL,CT,ANE,EN,Combined TRACON& Tower with Radar,157,79,44,12,292,0,0,0,3,3,157,79,44,15,295,0,0,0,295
09/17/2001,BDL,CT,ANE,EN,Combined TRACON& Tower with Radar,177,106,63,7,353,0,0,0,0,0,177,106,63,7,353,0,0,0,353
09/18/2001,BDL,CT,ANE,EN,Combined TRACON& Tower with Radar,197,138,79,10,424,0,13,0,0,13,197,151,79,10,437,0,0,0,437
09/19/2001,BDL,CT,ANE,EN,Combined TRACON& Tower with Radar,213,147,97,19,476,0,5,0,0,5,213,152,97,19,481,0,0,0,481
09/20/2001,BDL,CT,ANE,EN,Combined TRACON& Tower with Radar,206,122,61,16,405,0,28,0,2,30,206,150,61,18,435,4,0,4,439
09/21/2001,BDL,CT,ANE,EN,Combined TRACON& Tower with Radar,210,116,63,11,400,0,24,0,0,24,210,140,63,11,424,0,0,0,424
09/22/2001,BDL,CT,ANE,EN,Combined TRACON& Tower with Radar,160,82,52,8,302,1,0,0,0,1,161,82,52,8,303,0,0,0,303
09/23/2001,BDL,CT,ANE,EN,Combined TRACON& Tower with Radar,150,78,55,8,291,29,0,1,0,30,179,78,56,8,321,2,0,2,323
09/24/2001,BDL,CT,ANE,EN,Combined TRACON& Tower with Radar,188,111,62,7,368,0,9,0,0,9,188,120,62,7,377,0,0,0,377
09/25/2001,BDL,CT,ANE,EN,Combined TRACON& Tower with Radar,206,122,60,5,393,0,22,0,0,22,206,144,60,5,415,4,0,4,419
09/26/2001,BDL,CT,ANE,EN,Combined TRACON& Tower with Radar,222,140,94,18,474,0,15,8,15,38,222,155,102,33,512,16,8,24,536
09/27/2001,BDL,CT,ANE,EN,Combined TRACON& Tower with Radar,208,125,83,16,432,0,26,14,9,49,208,151,97,25,481,8,0,8,489
09/28/2001,BDL,CT,ANE,EN,Combined TRACON& Tower with Radar,208,126,78,15,427,0,23,0,0,23,208,149,78,15,450,4,0,4,454
09/29/2001,BDL,CT,ANE,EN,Combined TRACON& Tower with Radar,163,83,61,10,317,0,0,0,0,0,163,83,61,10,317,16,0,16,333
09/30/2001,BDL,CT,ANE,EN,Combined TRACON& Tower with Radar,162,74,53,6,295,11,0,0,0,11,173,74,53,6,306,0,0,0,306
10/01/2001,BDL,CT,ANE,EN,Combined TRACON& Tower with Radar,167,107,63,10,347,16,0,0,0,16,183,107,63,10,363,2,0,2,365
10/02/2001,BDL,CT,ANE,EN,Combined TRACON& Tower with Radar,198,133,91,16,438,0,9,5,3,17,198,142,96,19,455,14,0,14,469
10/03/2001,BDL,CT,ANE,EN,Combined TRACON& Tower with Radar,199,136,93,16,444,0,5,1,5,11,199,141,94,21,455,4,2,6,461
10/04/2001,BDL,CT,ANE,EN,Combined TRACON& Tower with Radar,196,132,81,16,425,0,13,0,5,18,196,145,81,21,443,0,4,4,447
10/05/2001,BDL,CT,ANE,EN,Combined TRACON& Tower with Radar,191,123,75,14,403,7,21,0,0,28,198,144,75,14,431,0,0,0,431
10/06/2001,BDL,CT,ANE,EN,Combined TRACON& Tower with Radar,124,69,24,6,223,47,0,0,0,47,171,69,24,6,270,2,0,2,272
10/07/2001,BDL,CT,ANE,EN,Combined TRACON& Tower with Radar,171,99,77,10,357,8,0,10,0,18,179,99,87,10,375,0,0,0,375
10/08/2001,BDL,CT,ANE,EN,Combined TRACON& Tower with Radar,179,99,86,10,374,0,0,1,0,1,179,99,87,10,375,0,0,0,375
10/09/2001,BDL,CT,ANE,EN,Combined TRACON& Tower with Radar,197,122,97,12,428,0,0,4,0,4,197,122,101,12,432,0,2,2,434
10/10/2001,BDL,CT,ANE,EN,Combined TRACON& Tower with Radar,176,114,78,14,382,23,39,37,9,108,199,153,115,23,490,4,6,10,500
10/11/2001,BDL,CT,ANE,EN,Combined TRACON& Tower with Radar,197,133,91,17,438,0,10,22,8,40,197,143,113,25,478,0,2,2,480
10/12/2001,BDL,CT,ANE,EN,Combined TRACON& Tower with Radar,150,97,66,13,326,42,47,40,3,132,192,144,106,16,458,8,0,8,466
10/13/2001,BDL,CT,ANE,EN,Combined TRACON& Tower with Radar,148,70,66,12,296,16,0,6,2,24,164,70,72,14,320,4,0,4,324
10/14/2001,BDL,CT,ANE,EN,Combined TRACON& Tower with Radar,174,81,41,6,302,0,0,0,0,0,174,81,41,6,302,0,0,0,302
10/15/2001,BDL,CT,ANE,EN,Combined TRACON& Tower with Radar,180,103,82,12,377,0,0,17,0,17,180,103,99,12,394,4,0,4,398
10/16/2001,BDL,CT,ANE,EN,Combined TRACON& Tower with Radar,191,130,66,17,404,0,19,0,2,21,191,149,66,19,425,6,3,9,434
10/17/2001,BDL,CT,ANE,EN,Combined TRACON& Tower with Radar,199,132,81,17,429,0,17,0,5,22,199,149,81,22,451,2,0,2,453
10/18/2001,BDL,CT,ANE,EN,Combined TRACON& Tower with Radar,199,135,93,18,445,0,8,36,13,57,199,143,129,31,502,24,4,28,530
10/19/2001,BDL,CT,ANE,EN,Combined TRACON& Tower with Radar,194,126,86,16,422,0,4,10,5,19,194,130,96,21,441,0,0,0,441
10/20/2001,BDL,CT,ANE,EN,Combined TRACON& Tower with Radar,137,73,51,11,272,31,0,0,3,34,168,73,51,14,306,0,0,0,306
10/21/2001,BDL,CT,ANE,EN,Combined TRACON& Tower with Radar,135,71,39,11,256,33,0,0,2,35,168,71,39,13,291,6,0,6,297
10/22/2001,BDL,CT,ANE,EN,Combined TRACON& Tower with Radar,181,105,83,9,378,0,0,24,0,24,181,105,107,9,402,16,0,16,418
10/23/2001,BDL,CT,ANE,EN,Combined TRACON& Tower with Radar,192,136,94,14,436,0,9,4,0,13,192,145,98,14,449,4,0,4,453
10/24/2001,BDL,CT,ANE,EN,Combined TRACON& Tower with Radar,195,144,98,19,456,0,6,7,8,21,195,150,105,27,477,4,0,4,481
10/25/2001,BDL,CT,ANE,EN,Combined TRACON& Tower with Radar,197,135,90,17,439,0,15,0,8,23,197,150,90,25,462,3,0,3,465
10/26/2001,BDL,CT,ANE,EN,Combined TRACON& Tower with Radar,187,119,74,15,395,8,3,0,8,19,195,122,74,23,414,0,2,2,416
10/27/2001,BDL,CT,ANE,EN,Combined TRACON& Tower with Radar,147,72,65,3,287,20,0,3,0,23,167,72,68,3,310,0,0,0,310
10/28/2001,BDL,CT,ANE,EN,Combined TRACON& Tower with Radar,135,67,50,3,255,27,0,0,0,27,162,67,50,3,282,2,0,2,284
10/29/2001,BDL,CT,ANE,EN,Combined TRACON& Tower with Radar,184,112,82,14,392,0,0,11,2,13,184,112,93,16,405,0,3,3,408
10/30/2001,BDL,CT,ANE,EN,Combined TRACON& Tower with Radar,199,128,79,15,421,2,22,0,12,36,201,150,79,27,457,0,0,0,457
10/31/2001,BDL,CT,ANE,EN,Combined TRACON& Tower with Radar,195,139,94,17,445,0,27,3,5,35,195,166,97,22,480,8,0,8,488
11/01/2001,BDL,CT,ANE,EN,Combined TRACON& Tower with Radar,202,147,97,17,463,0,18,26,20,64,202,165,123,37,527,6,0,6,533
11/02/2001,BDL,CT,ANE,EN,Combined TRACON& Tower with Radar,197,132,86,15,430,0,0,0,3,3,197,132,86,18,433,4,0,4,437
11/03/2001,BDL,CT,ANE,EN,Combined TRACON& Tower with Radar,170,85,58,13,326,0,0,0,25,25,170,85,58,38,351,14,0,14,365
11/04/2001,BDL,CT,ANE,EN,Combined TRACON& Tower with Radar,161,97,53,11,322,8,3,0,4,15,169,100,53,15,337,0,0,0,337
11/05/2001,BDL,CT,ANE,EN,Combined TRACON& Tower with Radar,182,104,63,6,355,8,0,0,0,8,190,104,63,6,363,0,0,0,363
11/06/2001,BDL,CT,ANE,EN,Combined TRACON& Tower with Radar,200,123,76,12,411,0,15,0,0,15,200,138,76,12,426,2,0,2,428
11/07/2001,BDL,CT,ANE,EN,Combined TRACON& Tower with Radar,203,137,91,16,447,0,22,13,8,43,203,159,104,24,490,0,0,0,490
11/08/2001,BDL,CT,ANE,EN,Combined TRACON& Tower with Radar,198,119,79,14,410,0,9,19,8,36,198,128,98,22,446,2,0,2,448
11/09/2001,BDL,CT,ANE,EN,Combined TRACON& Tower with Radar,197,122,67,14,400,0,18,0,2,20,197,140,67,16,420,0,0,0,420
11/10/2001,BDL,CT,ANE,EN,Combined TRACON& Tower with Radar,130,75,41,9,255,38,0,0,3,41,168,75,41,12,296,0,0,0,296
11/11/2001,BDL,CT,ANE,EN,Combined TRACON& Tower with Radar,145,79,44,5,273,25,0,0,0,25,170,79,44,5,298,0,0,0,298
11/12/2001,BDL,CT,ANE,EN,Combined TRACON& Tower with Radar,174,91,68,6,339,17,0,8,0,25,191,91,76,6,364,18,0,18,382
11/13/2001,BDL,CT,ANE,EN,Combined TRACON& Tower with Radar,201,124,82,15,422,0,0,9,11,20,201,124,91,26,442,0,0,0,442
11/14/2001,BDL,CT,ANE,EN,Combined TRACON& Tower with Radar,203,130,85,16,434,0,17,6,6,29,203,147,91,22,463,0,0,0,463
11/15/2001,BDL,CT,ANE,EN,Combined TRACON& Tower with Radar,205,127,83,16,431,0,30,4,4,38,205,157,87,20,469,0,2,2,471
11/16/2001,BDL,CT,ANE,EN,Combined TRACON& Tower with Radar,194,117,76,14,401,0,6,15,10,31,194,123,91,24,432,0,2,2,434
11/17/2001,BDL,CT,ANE,EN,Combined TRACON& Tower with Radar,169,80,66,4,319,1,0,0,0,1,170,80,66,4,320,2,0,2,322
11/18/2001,BDL,CT,ANE,EN,Combined TRACON& Tower with Radar,150,78,34,11,273,22,0,0,0,22,172,78,34,11,295,14,0,14,309
11/19/2001,BDL,CT,ANE,EN,Combined TRACON& Tower with Radar,187,119,71,10,387,0,0,0,0,0,187,119,71,10,387,4,0,4,391
11/20/2001,BDL,CT,ANE,EN,Combined TRACON& Tower with Radar,205,131,81,15,432,0,19,0,0,19,205,150,81,15,451,2,0,2,453
11/21/2001,BDL,CT,ANE,EN,Combined TRACON& Tower with Radar,202,120,79,10,411,7,23,7,0,37,209,143,86,10,448,0,0,0,448
11/22/2001,BDL,CT,ANE,EN,Combined TRACON& Tower with Radar,113,66,24,3,206,34,3,0,0,37,147,69,24,3,243,0,0,0,243
11/23/2001,BDL,CT,ANE,EN,Combined TRACON& Tower with Radar,137,65,53,9,264,26,0,4,0,30,163,65,57,9,294,0,0,0,294
11/24/2001,BDL,CT,ANE,EN,Combined TRACON& Tower with Radar,139,68,37,4,248,19,0,0,0,19,158,68,37,4,267,0,0,0,267
11/25/2001,BDL,CT,ANE,EN,Combined TRACON& Tower with Radar,167,89,53,3,312,9,0,0,0,9,176,89,53,3,321,0,0,0,321
11/26/2001,BDL,CT,ANE,EN,Combined TRACON& Tower with Radar,198,118,79,11,406,0,0,12,0,12,198,118,91,11,418,0,0,0,418
11/27/2001,BDL,CT,ANE,EN,Combined TRACON& Tower with Radar,212,138,90,16,456,0,9,6,2,17,212,147,96,18,473,0,2,2,475
11/28/2001,BDL,CT,ANE,EN,Combined TRACON& Tower with Radar,202,132,76,15,425,0,0,0,9,9,202,132,76,24,434,2,0,2,436
11/29/2001,BDL,CT,ANE,EN,Combined TRACON& Tower with Radar,208,142,77,8,435,0,2,0,0,2,208,144,77,8,437,0,0,0,437
11/30/2001,BDL,CT,ANE,EN,Combined TRACON& Tower with Radar,186,111,44,7,348,10,6,0,0,16,196,117,44,7,364,0,0,0,364
12/01/2001,BDL,CT,ANE,EN,Combined TRACON& Tower with Radar,171,70,47,9,297,4,0,10,4,18,175,70,57,13,315,22,0,22,337
12/02/2001,BDL,CT,ANE,EN,Combined TRACON& Tower with Radar,163,72,45,7,287,16,0,9,0,25,179,72,54,7,312,0,0,0,312
12/03/2001,BDL,CT,ANE,EN,Combined TRACON& Tower with Radar,202,108,61,6,377,0,0,43,0,43,202,108,104,6,420,2,0,2,422
12/04/2001,BDL,CT,ANE,EN,Combined TRACON& Tower with Radar,224,127,70,13,434,0,19,17,2,38,224,146,87,15,472,20,0,20,492
12/05/2001,BDL,CT,ANE,EN,Combined TRACON& Tower with Radar,223,127,70,13,433,0,31,8,16,55,223,158,78,29,488,0,0,0,488
12/06/2001,BDL,CT,ANE,EN,Combined TRACON& Tower with Radar,222,115,62,13,412,0,17,19,13,49,222,132,81,26,461,0,0,0,461
12/07/2001,BDL,CT,ANE,EN,Combined TRACON& Tower with Radar,212,113,61,11,397,0,33,1,0,34,212,146,62,11,431,0,0,0,431
12/08/2001,BDL,CT,ANE,EN,Combined TRACON& Tower with Radar,175,66,45,10,296,13,0,0,9,22,188,66,45,19,318,0,0,0,318
12/09/2001,BDL,CT,ANE,EN,Combined TRACON& Tower with Radar,164,69,39,9,281,16,0,0,1,17,180,69,39,10,298,0,0,0,298
12/10/2001,BDL,CT,ANE,EN,Combined TRACON& Tower with Radar,199,116,62,9,386,0,15,13,0,28,199,131,75,9,414,10,0,10,424
12/11/2001,BDL,CT,ANE,EN,Combined TRACON& Tower with Radar,216,125,67,14,422,0,26,14,10,50,216,151,81,24,472,12,0,12,484
12/12/2001,BDL,CT,ANE,EN,Combined TRACON& Tower with Radar,227,138,75,15,455,0,17,4,13,34,227,155,79,28,489,0,0,0,489
12/13/2001,BDL,CT,ANE,EN,Combined TRACON& Tower with Radar,233,119,51,4,407,0,26,0,0,26,233,145,51,4,433,0,0,0,433
12/14/2001,BDL,CT,ANE,EN,Combined TRACON& Tower with Radar,217,119,64,11,411,0,4,21,0,25,217,123,85,11,436,2,0,2,438
12/15/2001,BDL,CT,ANE,EN,Combined TRACON& Tower with Radar,172,72,46,6,296,17,0,0,0,17,189,72,46,6,313,18,0,18,331
12/16/2001,BDL,CT,ANE,EN,Combined TRACON& Tower with Radar,163,73,44,6,286,23,0,12,0,35,186,73,56,6,321,0,0,0,321
12/17/2001,BDL,CT,ANE,EN,Combined TRACON& Tower with Radar,194,95,39,5,333,8,5,0,0,13,202,100,39,5,346,0,0,0,346
12/18/2001,BDL,CT,ANE,EN,Combined TRACON& Tower with Radar,241,129,64,14,448,0,14,0,4,18,241,143,64,18,466,16,0,16,482
12/19/2001,BDL,CT,ANE,EN,Combined TRACON& Tower with Radar,246,43,76,15,380,0,0,20,23,43,246,43,96,38,423,0,16,16,439
12/20/2001,BDL,CT,ANE,EN,Combined TRACON& Tower with Radar,235,115,63,13,426,7,4,15,2,28,242,119,78,15,454,0,0,0,454
12/21/2001,BDL,CT,ANE,EN,Combined TRACON& Tower with Radar,219,108,52,2,381,15,5,0,0,20,234,113,52,2,401,22,0,22,423
12/22/2001,BDL,CT,ANE,EN,Combined TRACON& Tower with Radar,160,62,43,5,270,28,0,1,0,29,188,62,44,5,299,0,0,0,299
12/23/2001,BDL,CT,ANE,EN,Combined TRACON& Tower with Radar,147,49,36,2,234,37,0,0,0,37,184,49,36,2,271,4,0,4,275
12/24/2001,BDL,CT,ANE,EN,Combined TRACON& Tower with Radar,156,78,17,3,254,8,1,0,0,9,164,79,17,3,263,6,0,6,269
12/25/2001,BDL,CT,ANE,EN,Combined TRACON& Tower with Radar,132,66,14,1,213,21,0,0,0,21,153,66,14,1,234,0,0,0,234
12/26/2001,BDL,CT,ANE,EN,Combined TRACON& Tower with Radar,187,81,51,9,328,17,0,18,0,35,204,81,69,9,363,0,0,0,363
12/27/2001,BDL,CT,ANE,EN,Combined TRACON& Tower with Radar,218,108,46,11,383,10,12,0,9,31,228,120,46,20,414,2,0,2,416
12/28/2001,BDL,CT,ANE,EN,Combined TRACON& Tower with Radar,202,101,54,10,367,11,7,5,2,25,213,108,59,12,392,0,2,2,394
12/29/2001,BDL,CT,ANE,EN,Combined TRACON& Tower with Radar,170,64,42,8,284,14,0,0,1,15,184,64,42,9,299,2,0,2,301
12/30/2001,BDL,CT,ANE,EN,Combined TRACON& Tower with Radar,159,62,31,7,259,17,0,0,0,17,176,62,31,7,276,0,0,0,276
12/31/2001,BDL,CT,ANE,EN,Combined TRACON& Tower with Radar,167,78,27,7,279,19,0,0,0,19,186,78,27,7,298,3,0,3,301
01/01/2002,BDL,CT,ANE,EN,Combined TRACON& Tower with Radar,202,147,97,17,463,0,18,26,20,64,202,165,123,37,527,6,0,6,533
01/02/2002,BDL,CT,ANE,EN,Combined TRACON& Tower with Radar,197,132,86,15,430,0,0,0,3,3,197,132,86,18,433,4,0,4,437
01/03/2002,BDL,CT,ANE,EN,Combined TRACON& Tower with Radar,170,85,58,13,326,0,0,0,25,25,170,85,58,38,351,14,0,14,365
01/04/2002,BDL,CT,ANE,EN,Combined TRACON& Tower with Radar,161,97,53,11,322,8,3,0,4,15,169,100,53,15,337,0,0,0,337
01/05/2002,BDL,CT,ANE,EN,Combined TRACON& Tower with Radar,182,104,63,6,355,8,0,0,0,8,190,104,63,6,363,0,0,0,363
01/06/2002,BDL,CT,ANE,EN,Combined TRACON& Tower with Radar,200,123,76,12,411,0,15,0,0,15,200,138,76,12,426,2,0,2,428
01/07/2002,BDL,CT,ANE,EN,Combined TRACON& Tower with Radar,203,137,91,16,447,0,22,13,8,43,203,159,104,24,490,0,0,0,490
01/08/2002,BDL,CT,ANE,EN,Combined TRACON& Tower with Radar,198,119,79,14,410,0,9,19,8,36,198,128,98,22,446,2,0,2,448
01/09/2002,BDL,CT,ANE,EN,Combined TRACON& Tower with Radar,197,122,67,14,400,0,18,0,2,20,197,140,67,16,420,0,0,0,420
01/10/2002,BDL,CT,ANE,EN,Combined TRACON& Tower with Radar,130,75,41,9,255,38,0,0,3,41,168,75,41,12,296,0,0,0,296
01/11/2002,BDL,CT,ANE,EN,Combined TRACON& Tower with Radar,145,79,44,5,273,25,0,0,0,25,170,79,44,5,298,0,0,0,298
01/12/2002,BDL,CT,ANE,EN,Combined TRACON& Tower with Radar,174,91,68,6,339,17,0,8,0,25,191,91,76,6,364,18,0,18,382
01/13/2002,BDL,CT,ANE,EN,Combined TRACON& Tower with Radar,201,124,82,15,422,0,0,9,11,20,201,124,91,26,442,0,0,0,442
01/14/2002,BDL,CT,ANE,EN,Combined TRACON& Tower with Radar,203,130,85,16,434,0,17,6,6,29,203,147,91,22,463,0,0,0,463
01/15/2002,BDL,CT,ANE,EN,Combined TRACON& Tower with Radar,205,127,83,16,431,0,30,4,4,38,205,157,87,20,469,0,2,2,471
01/16/2002,BDL,CT,ANE,EN,Combined TRACON& Tower with Radar,194,117,76,14,401,0,6,15,10,31,194,123,91,24,432,0,2,2,434
01/17/2002,BDL,CT,ANE,EN,Combined TRACON& Tower with Radar,169,80,66,4,319,1,0,0,0,1,170,80,66,4,320,2,0,2,322
01/18/2002,BDL,CT,ANE,EN,Combined TRACON& Tower with Radar,150,78,34,11,273,22,0,0,0,22,172,78,34,11,295,14,0,14,309
01/19/2002,BDL,CT,ANE,EN,Combined TRACON& Tower with Radar,187,119,71,10,387,0,0,0,0,0,187,119,71,10,387,4,0,4,391
01/20/2002,BDL,CT,ANE,EN,Combined TRACON& Tower with Radar,205,131,81,15,432,0,19,0,0,19,205,150,81,15,451,2,0,2,453
01/21/2002,BDL,CT,ANE,EN,Combined TRACON& Tower with Radar,202,120,79,10,411,7,23,7,0,37,209,143,86,10,448,0,0,0,448
01/22/2002,BDL,CT,ANE,EN,Combined TRACON& Tower with Radar,113,66,24,3,206,34,3,0,0,37,147,69,24,3,243,0,0,0,243
01/23/2002,BDL,CT,ANE,EN,Combined TRACON& Tower with Radar,137,65,53,9,264,26,0,4,0,30,163,65,57,9,294,0,0,0,294
01/24/2002,BDL,CT,ANE,EN,Combined TRACON& Tower with Radar,139,68,37,4,248,19,0,0,0,19,158,68,37,4,267,0,0,0,267
01/25/2002,BDL,CT,ANE,EN,Combined TRACON& Tower with Radar,167,89,53,3,312,9,0,0,0,9,176,89,53,3,321,0,0,0,321
01/26/2002,BDL,CT,ANE,EN,Combined TRACON& Tower with Radar,198,118,79,11,406,0,0,12,0,12,198,118,91,11,418,0,0,0,418
01/27/2002,BDL,CT,ANE,EN,Combined TRACON& Tower with Radar,212,138,90,16,456,0,9,6,2,17,212,147,96,18,473,0,2,2,475
01/28/2002,BDL,CT,ANE,EN,Combined TRACON& Tower with Radar,202,132,76,15,425,0,0,0,9,9,202,132,76,24,434,2,0,2,436
01/29/2002,BDL,CT,ANE,EN,Combined TRACON& Tower with Radar,208,142,77,8,435,0,2,0,0,2,208,144,77,8,437,0,0,0,437
01/30/2002,BDL,CT,ANE,EN,Combined TRACON& Tower with Radar,186,111,44,7,348,10,6,0,0,16,196,117,44,7,364,0,0,0,364
01/31/2002,BDL,CT,ANE,EN,Combined TRACON& Tower with Radar,0,0,0,0,0,0,0,0,0,0,0,0,0,0,0,0,0,0,0
02/01/2002,BDL,CT,ANE,EN,Combined TRACON& Tower with Radar,201,92,55,12,360,8,0,0,0,8,209,92,55,12,368,0,0,0,368
02/02/2002,BDL,CT,ANE,EN,Combined TRACON& Tower with Radar,165,62,29,10,266,14,0,0,13,27,179,62,29,23,293,0,0,0,293
02/03/2002,BDL,CT,ANE,EN,Combined TRACON& Tower with Radar,152,61,46,7,266,32,0,0,0,32,184,61,46,7,298,12,0,12,310
02/04/2002,BDL,CT,ANE,EN,Combined TRACON& Tower with Radar,202,100,57,11,370,0,0,0,0,0,202,100,57,11,370,4,0,4,374
02/05/2002,BDL,CT,ANE,EN,Combined TRACON& Tower with Radar,215,108,72,14,409,0,15,17,5,37,215,123,89,19,446,5,2,7,453
02/06/2002,BDL,CT,ANE,EN,Combined TRACON& Tower with Radar,211,110,74,14,409,0,14,30,11,55,211,124,104,25,464,14,12,26,490
02/07/2002,BDL,CT,ANE,EN,Combined TRACON& Tower with Radar,217,111,74,14,416,0,15,14,9,38,217,126,88,23,454,4,0,4,458
02/08/2002,BDL,CT,ANE,EN,Combined TRACON& Tower with Radar,212,104,69,13,398,0,6,12,1,19,212,110,81,14,417,10,0,10,427
02/09/2002,BDL,CT,ANE,EN,Combined TRACON& Tower with Radar,179,73,62,13,327,0,0,0,7,7,179,73,62,20,334,4,2,6,340
02/10/2002,BDL,CT,ANE,EN,Combined TRACON& Tower with Radar,171,70,31,9,281,15,0,0,0,15,186,70,31,9,296,0,0,0,296
02/11/2002,BDL,CT,ANE,EN,Combined TRACON& Tower with Radar,205,101,68,9,383,0,0,6,0,6,205,101,74,9,389,0,0,0,389
02/12/2002,BDL,CT,ANE,EN,Combined TRACON& Tower with Radar,214,101,67,14,396,8,14,0,7,29,222,115,67,21,425,0,0,0,425
02/13/2002,BDL,CT,ANE,EN,Combined TRACON& Tower with Radar,219,112,74,15,420,0,16,13,11,40,219,128,87,26,460,0,0,0,460
02/14/2002,BDL,CT,ANE,EN,Combined TRACON& Tower with Radar,222,117,77,16,432,0,10,18,10,38,222,127,95,26,470,0,0,0,470
02/15/2002,BDL,CT,ANE,EN,Combined TRACON& Tower with Radar,216,104,69,10,399,0,14,11,0,25,216,118,80,10,424,0,0,0,424
02/16/2002,BDL,CT,ANE,EN,Combined TRACON& Tower with Radar,163,70,50,7,290,18,0,16,0,34,181,70,66,7,324,0,0,0,324
02/17/2002,BDL,CT,ANE,EN,Combined TRACON& Tower with Radar,157,62,28,5,252,35,0,0,0,35,192,62,28,5,287,0,0,0,287
02/18/2002,BDL,CT,ANE,EN,Combined TRACON& Tower with Radar,208,77,65,5,355,8,0,9,0,17,216,77,74,5,372,0,0,0,372
02/19/2002,BDL,CT,ANE,EN,Combined TRACON& Tower with Radar,216,104,69,14,403,0,2,9,6,17,216,106,78,20,420,0,0,0,420
02/20/2002,BDL,CT,ANE,EN,Combined TRACON& Tower with Radar,224,105,70,10,409,3,11,3,0,17,227,116,73,10,426,4,0,4,430
02/21/2002,BDL,CT,ANE,EN,Combined TRACON& Tower with Radar,232,119,80,16,447,0,8,4,13,25,232,127,84,29,472,0,0,0,472
02/22/2002,BDL,CT,ANE,EN,Combined TRACON& Tower with Radar,212,99,66,13,390,4,18,11,0,33,216,117,77,13,423,2,0,2,425
02/23/2002,BDL,CT,ANE,EN,Combined TRACON& Tower with Radar,165,69,51,10,295,21,0,11,3,35,186,69,62,13,330,0,0,0,330
02/24/2002,BDL,CT,ANE,EN,Combined TRACON& Tower with Radar,178,63,50,11,302,21,0,0,2,23,199,63,50,13,325,0,0,0,325
02/25/2002,BDL,CT,ANE,EN,Combined TRACON& Tower with Radar,214,101,66,4,385,0,4,11,0,15,214,105,77,4,400,12,0,12,412
02/26/2002,BDL,CT,ANE,EN,Combined TRACON& Tower with Radar,218,114,76,15,423,0,3,8,16,27,218,117,84,31,450,0,0,0,450
02/27/2002,BDL,CT,ANE,EN,Combined TRACON& Tower with Radar,227,116,63,12,418,0,18,0,0,18,227,134,63,12,436,0,0,0,436
02/28/2002,BDL,CT,ANE,EN,Combined TRACON& Tower with Radar,222,106,70,13,411,0,17,2,10,29,222,123,72,23,440,0,6,6,446
03/01/2002,BDL,CT,ANE,EN,Combined TRACON& Tower with Radar,217,102,70,15,404,0,6,20,3,29,217,108,90,18,433,8,4,12,445
03/02/2002,BDL,CT,ANE,EN,Combined TRACON& Tower with Radar,163,67,43,4,277,15,0,0,0,15,178,67,43,4,292,24,0,24,316
03/03/2002,BDL,CT,ANE,EN,Combined TRACON& Tower with Radar,168,59,30,3,260,28,0,0,0,28,196,59,30,3,288,0,0,0,288
03/04/2002,BDL,CT,ANE,EN,Combined TRACON& Tower with Radar,212,81,66,9,368,5,0,22,0,27,217,81,88,9,395,0,0,0,395
03/05/2002,BDL,CT,ANE,EN,Combined TRACON& Tower with Radar,233,107,73,16,429,0,19,7,7,33,233,126,80,23,462,0,0,0,462
03/06/2002,BDL,CT,ANE,EN,Combined TRACON& Tower with Radar,225,113,77,17,432,0,18,8,16,42,225,131,85,33,474,4,0,4,478
03/07/2002,BDL,CT,ANE,EN,Combined TRACON& Tower with Radar,232,106,72,13,423,0,9,20,0,29,232,115,92,13,452,8,0,8,460
03/08/2002,BDL,CT,ANE,EN,Combined TRACON& Tower with Radar,221,117,80,15,433,0,15,22,0,37,221,132,102,15,470,2,0,2,472
03/09/2002,BDL,CT,ANE,EN,Combined TRACON& Tower with Radar,165,68,37,11,281,14,0,0,0,14,179,68,37,11,295,0,0,0,295
03/10/2002,BDL,CT,ANE,EN,Combined TRACON& Tower with Radar,172,65,34,9,280,24,0,0,0,24,196,65,34,9,304,0,0,0,304
03/11/2002,BDL,CT,ANE,EN,Combined TRACON& Tower with Radar,184,81,57,8,330,7,0,17,0,24,191,81,74,8,354,8,0,8,362
03/12/2002,BDL,CT,ANE,EN,Combined TRACON& Tower with Radar,228,113,76,18,435,0,8,9,2,19,228,121,85,20,454,6,0,6,460
03/13/2002,BDL,CT,ANE,EN,Combined TRACON& Tower with Radar,233,124,83,20,460,0,21,18,6,45,233,145,101,26,505,0,0,0,505
03/14/2002,BDL,CT,ANE,EN,Combined TRACON& Tower with Radar,236,114,76,18,444,0,21,22,5,48,236,135,98,23,492,2,2,4,496
03/15/2002,BDL,CT,ANE,EN,Combined TRACON& Tower with Radar,233,113,79,19,444,0,0,4,3,7,233,113,83,22,451,0,0,0,451
03/16/2002,BDL,CT,ANE,EN,Combined TRACON& Tower with Radar,172,63,25,7,267,16,0,0,0,16,188,63,25,7,283,0,0,0,283
03/17/2002,BDL,CT,ANE,EN,Combined TRACON& Tower with Radar,180,68,55,7,310,14,0,0,0,14,194,68,55,7,324,2,0,2,326
03/18/2002,BDL,CT,ANE,EN,Combined TRACON& Tower with Radar,199,84,39,6,328,12,0,0,0,12,211,84,39,6,340,0,0,0,340
03/19/2002,BDL,CT,ANE,EN,Combined TRACON& Tower with Radar,235,117,74,19,445,0,3,0,12,15,235,120,74,31,460,2,0,2,462
03/20/2002,BDL,CT,ANE,EN,Combined TRACON& Tower with Radar,233,105,60,14,412,0,8,0,0,8,233,113,60,14,420,2,0,2,422
03/21/2002,BDL,CT,ANE,EN,Combined TRACON& Tower with Radar,235,115,78,19,447,0,11,4,12,27,235,126,82,31,474,0,0,0,474
03/22/2002,BDL,CT,ANE,EN,Combined TRACON& Tower with Radar,227,102,64,16,409,0,9,0,0,9,227,111,64,16,418,2,0,2,420
03/23/2002,BDL,CT,ANE,EN,Combined TRACON& Tower with Radar,161,66,41,12,280,26,0,0,0,26,187,66,41,12,306,2,12,14,320
03/24/2002,BDL,CT,ANE,EN,Combined TRACON& Tower with Radar,176,64,47,3,290,20,0,0,0,20,196,64,47,3,310,4,0,4,314
03/25/2002,BDL,CT,ANE,EN,Combined TRACON& Tower with Radar,211,96,64,6,377,0,1,5,0,6,211,97,69,6,383,0,0,0,383
03/26/2002,BDL,CT,ANE,EN,Combined TRACON& Tower with Radar,226,105,47,10,388,0,14,0,0,14,226,119,47,10,402,0,0,0,402
03/27/2002,BDL,CT,ANE,EN,Combined TRACON& Tower with Radar,219,112,76,17,424,0,21,4,19,44,219,133,80,36,468,9,5,14,482
03/28/2002,BDL,CT,ANE,EN,Combined TRACON& Tower with Radar,238,111,75,17,441,0,9,30,10,49,238,120,105,27,490,0,0,0,490
03/29/2002,BDL,CT,ANE,EN,Combined TRACON& Tower with Radar,218,99,62,15,394,7,5,0,4,16,225,104,62,19,410,12,0,12,422
03/30/2002,BDL,CT,ANE,EN,Combined TRACON& Tower with Radar,170,65,44,3,282,9,0,0,0,9,179,65,44,3,291,2,0,2,293
03/31/2002,BDL,CT,ANE,EN,Combined TRACON& Tower with Radar,163,60,36,6,265,26,0,0,0,26,189,60,36,6,291,0,0,0,291
04/01/2002,BDL,CT,ANE,EN,Combined TRACON& Tower with Radar,219,105,73,10,407,0,0,15,0,15,219,105,88,10,422,0,0,0,422
04/02/2002,BDL,CT,ANE,EN,Combined TRACON& Tower with Radar,224,114,76,15,429,0,1,20,5,26,224,115,96,20,455,0,4,4,459
04/03/2002,BDL,CT,ANE,EN,Combined TRACON& Tower with Radar,225,113,82,15,435,0,0,10,11,21,225,113,92,26,456,0,0,0,456
04/04/2002,BDL,CT,ANE,EN,Combined TRACON& Tower with Radar,231,114,77,15,437,0,12,5,5,22,231,126,82,20,459,0,0,0,459
04/05/2002,BDL,CT,ANE,EN,Combined TRACON& Tower with Radar,220,113,77,15,425,0,14,10,6,30,220,127,87,21,455,10,0,10,465
04/06/2002,BDL,CT,ANE,EN,Combined TRACON& Tower with Radar,156,68,45,8,277,22,0,0,0,22,178,68,45,8,299,0,0,0,299
04/07/2002,BDL,CT,ANE,EN,Combined TRACON& Tower with Radar,151,73,50,4,278,29,0,0,0,29,180,73,50,4,307,2,0,2,309
04/08/2002,BDL,CT,ANE,EN,Combined TRACON& Tower with Radar,197,92,66,10,365,15,0,0,0,15,212,92,66,10,380,0,0,0,380
04/09/2002,BDL,CT,ANE,EN,Combined TRACON& Tower with Radar,233,119,76,15,443,0,17,0,9,26,233,136,76,24,469,0,0,0,469
04/10/2002,BDL,CT,ANE,EN,Combined TRACON& Tower with Radar,223,128,85,17,453,0,0,20,12,32,223,128,105,29,485,8,0,8,493
04/11/2002,BDL,CT,ANE,EN,Combined TRACON& Tower with Radar,223,109,73,15,420,5,18,19,4,46,228,127,92,19,466,10,0,10,476
04/12/2002,BDL,CT,ANE,EN,Combined TRACON& Tower with Radar,228,125,84,17,454,0,15,33,3,51,228,140,117,20,505,0,4,4,509
04/13/2002,BDL,CT,ANE,EN,Combined TRACON& Tower with Radar,193,82,47,14,336,0,0,0,24,24,193,82,47,38,360,0,0,0,360
04/14/2002,BDL,CT,ANE,EN,Combined TRACON& Tower with Radar,172,77,56,12,317,14,0,3,0,17,186,77,59,12,334,0,4,4,338
04/15/2002,BDL,CT,ANE,EN,Combined TRACON& Tower with Radar,215,101,71,9,396,0,0,18,0,18,215,101,89,9,414,10,0,10,424
04/16/2002,BDL,CT,ANE,EN,Combined TRACON& Tower with Radar,227,112,76,15,430,0,6,18,2,26,227,118,94,17,456,4,0,4,460
04/17/2002,BDL,CT,ANE,EN,Combined TRACON& Tower with Radar,229,111,75,15,430,0,8,20,4,32,229,119,95,19,462,2,0,2,464
04/18/2002,BDL,CT,ANE,EN,Combined TRACON& Tower with Radar,210,102,69,14,395,13,16,11,8,48,223,118,80,22,443,10,0,10,453
04/19/2002,BDL,CT,ANE,EN,Combined TRACON& Tower with Radar,234,116,81,12,443,0,0,9,0,9,234,116,90,12,452,6,0,6,458
04/20/2002,BDL,CT,ANE,EN,Combined TRACON& Tower with Radar,176,69,51,9,305,16,0,0,0,16,192,69,51,9,321,12,0,12,333
04/21/2002,BDL,CT,ANE,EN,Combined TRACON& Tower with Radar,179,79,54,7,319,14,0,0,0,14,193,79,54,7,333,2,0,2,335
04/22/2002,BDL,CT,ANE,EN,Combined TRACON& Tower with Radar,212,95,53,8,368,0,0,0,0,0,212,95,53,8,368,0,0,0,368
04/23/2002,BDL,CT,ANE,EN,Combined TRACON& Tower with Radar,228,120,80,17,445,0,8,9,8,25,228,128,89,25,470,0,2,2,472
04/24/2002,BDL,CT,ANE,EN,Combined TRACON& Tower with Radar,223,119,79,15,436,0,22,37,6,65,223,141,116,21,501,34,0,34,535
04/25/2002,BDL,CT,ANE,EN,Combined TRACON& Tower with Radar,231,118,69,15,433,0,13,0,8,21,231,131,69,23,454,0,14,14,468
04/26/2002,BDL,CT,ANE,EN,Combined TRACON& Tower with Radar,213,105,70,13,401,7,9,2,2,20,220,114,72,15,421,4,0,4,425
04/27/2002,BDL,CT,ANE,EN,Combined TRACON& Tower with Radar,154,69,38,7,268,30,0,0,0,30,184,69,38,7,298,10,0,10,308
04/28/2002,BDL,CT,ANE,EN,Combined TRACON& Tower with Radar,174,75,31,4,284,12,0,0,0,12,186,75,31,4,296,0,0,0,296
04/29/2002,BDL,CT,ANE,EN,Combined TRACON& Tower with Radar,216,115,76,6,413,0,5,14,0,19,216,120,90,6,432,12,0,12,444
04/30/2002,BDL,CT,ANE,EN,Combined TRACON& Tower with Radar,225,117,78,15,435,0,12,1,11,24,225,129,79,26,459,2,4,6,465
05/01/2002,BDL,CT,ANE,EN,Combined TRACON& Tower with Radar,225,114,79,16,434,0,1,34,11,46,225,115,113,27,480,32,0,32,512
05/02/2002,BDL,CT,ANE,EN,Combined TRACON& Tower with Radar,221,111,63,7,402,0,19,0,0,19,221,130,63,7,421,2,0,2,423
05/03/2002,BDL,CT,ANE,EN,Combined TRACON& Tower with Radar,222,111,70,12,415,2,13,0,0,15,224,124,70,12,430,0,0,0,430
05/04/2002,BDL,CT,ANE,EN,Combined TRACON& Tower with Radar,166,71,58,11,306,14,0,2,16,32,180,71,60,27,338,16,0,16,354
05/05/2002,BDL,CT,ANE,EN,Combined TRACON& Tower with Radar,178,69,63,12,322,8,0,7,8,23,186,69,70,20,345,0,0,0,345
05/06/2002,BDL,CT,ANE,EN,Combined TRACON& Tower with Radar,201,97,70,3,371,7,0,8,0,15,208,97,78,3,386,20,0,20,406
05/07/2002,BDL,CT,ANE,EN,Combined TRACON& Tower with Radar,227,120,83,17,447,0,15,15,5,35,227,135,98,22,482,8,0,8,490
05/08/2002,BDL,CT,ANE,EN,Combined TRACON& Tower with Radar,222,119,88,18,447,0,0,33,14,47,222,119,121,32,494,10,6,16,510
05/09/2002,BDL,CT,ANE,EN,Combined TRACON& Tower with Radar,225,125,87,17,454,0,12,13,14,39,225,137,100,31,493,0,0,0,493
05/10/2002,BDL,CT,ANE,EN,Combined TRACON& Tower with Radar,219,109,77,15,420,8,11,1,5,25,227,120,78,20,445,6,0,6,451
05/11/2002,BDL,CT,ANE,EN,Combined TRACON& Tower with Radar,176,74,53,12,315,6,0,0,1,7,182,74,53,13,322,10,0,10,332
05/12/2002,BDL,CT,ANE,EN,Combined TRACON& Tower with Radar,150,63,21,3,237,31,0,0,0,31,181,63,21,3,268,0,0,0,268
05/13/2002,BDL,CT,ANE,EN,Combined TRACON& Tower with Radar,208,101,60,4,373,6,0,0,0,6,214,101,60,4,379,0,0,0,379
05/14/2002,BDL,CT,ANE,EN,Combined TRACON& Tower with Radar,226,114,71,7,418,0,7,0,0,7,226,121,71,7,425,0,4,4,429
05/15/2002,BDL,CT,ANE,EN,Combined TRACON& Tower with Radar,223,114,78,10,425,0,12,12,0,24,223,126,90,10,449,3,0,3,452
05/16/2002,BDL,CT,ANE,EN,Combined TRACON& Tower with Radar,230,113,79,17,439,0,14,30,3,47,230,127,109,20,486,2,0,2,488
05/17/2002,BDL,CT,ANE,EN,Combined TRACON& Tower with Radar,220,109,75,16,420,0,10,1,0,11,220,119,76,16,431,0,4,4,435
05/18/2002,BDL,CT,ANE,EN,Combined TRACON& Tower with Radar,154,64,25,5,248,32,0,0,0,32,186,64,25,5,280,2,0,2,282
05/19/2002,BDL,CT,ANE,EN,Combined TRACON& Tower with Radar,164,77,56,12,309,19,0,4,2,25,183,77,60,14,334,0,0,0,334
05/20/2002,BDL,CT,ANE,EN,Combined TRACON& Tower with Radar,196,96,67,6,365,12,4,13,0,29,208,100,80,6,394,2,0,2,396
05/21/2002,BDL,CT,ANE,EN,Combined TRACON& Tower with Radar,220,108,64,11,403,5,21,0,0,26,225,129,64,11,429,2,0,2,431
05/22/2002,BDL,CT,ANE,EN,Combined TRACON& Tower with Radar,228,122,84,18,452,0,5,16,10,31,228,127,100,28,483,6,0,6,489
05/23/2002,BDL,CT,ANE,EN,Combined TRACON& Tower with Radar,229,113,79,17,438,0,16,44,8,68,229,129,123,25,506,4,0,4,510
05/24/2002,BDL,CT,ANE,EN,Combined TRACON& Tower with Radar,225,113,79,17,434,0,9,7,2,18,225,122,86,19,452,10,0,10,462
05/25/2002,BDL,CT,ANE,EN,Combined TRACON& Tower with Radar,151,60,38,9,258,27,0,0,0,27,178,60,38,9,285,4,0,4,289
05/26/2002,BDL,CT,ANE,EN,Combined TRACON& Tower with Radar,159,62,41,12,274,12,0,0,2,14,171,62,41,14,288,0,0,0,288
05/27/2002,BDL,CT,ANE,EN,Combined TRACON& Tower with Radar,178,83,51,13,325,8,0,0,0,8,186,83,51,13,333,10,10,20,353
05/28/2002,BDL,CT,ANE,EN,Combined TRACON& Tower with Radar,208,105,77,13,403,0,0,9,0,9,208,105,86,13,412,0,0,0,412
05/29/2002,BDL,CT,ANE,EN,Combined TRACON& Tower with Radar,226,129,89,19,463,0,3,2,12,17,226,132,91,31,480,0,2,2,482
05/30/2002,BDL,CT,ANE,EN,Combined TRACON& Tower with Radar,231,130,84,18,463,0,5,0,7,12,231,135,84,25,475,0,2,2,477
05/31/2002,BDL,CT,ANE,EN,Combined TRACON& Tower with Radar,205,108,81,16,410,0,0,20,8,28,205,108,101,24,438,2,2,4,442
06/01/2002,BDL,CT,ANE,EN,Combined TRACON& Tower with Radar,171,72,48,12,303,28,0,0,4,32,199,72,48,16,335,6,0,6,341
06/02/2002,BDL,CT,ANE,EN,Combined TRACON& Tower with Radar,170,76,45,12,303,19,0,0,7,26,189,76,45,19,329,0,0,0,329
06/03/2002,BDL,CT,ANE,EN,Combined TRACON& Tower with Radar,211,106,79,11,407,0,7,3,0,10,211,113,82,11,417,34,0,34,451
06/04/2002,BDL,CT,ANE,EN,Combined TRACON& Tower with Radar,219,115,81,17,432,0,24,0,14,38,219,139,81,31,470,56,0,56,526
06/05/2002,BDL,CT,ANE,EN,Combined TRACON& Tower with Radar,230,118,73,18,439,0,7,0,5,12,230,125,73,23,451,4,0,4,455
06/06/2002,BDL,CT,ANE,EN,Combined TRACON& Tower with Radar,230,121,83,18,452,0,7,0,7,14,230,128,83,25,466,0,0,0,466
06/07/2002,BDL,CT,ANE,EN,Combined TRACON& Tower with Radar,225,119,94,19,457,0,0,17,16,33,225,119,111,35,490,0,0,0,490
06/08/2002,BDL,CT,ANE,EN,Combined TRACON& Tower with Radar,164,71,39,12,286,24,0,0,13,37,188,71,39,25,323,0,4,4,327
06/09/2002,BDL,CT,ANE,EN,Combined TRACON& Tower with Radar,169,63,62,12,306,25,0,3,6,34,194,63,65,18,340,0,0,0,340
06/10/2002,BDL,CT,ANE,EN,Combined TRACON& Tower with Radar,208,109,82,16,415,0,4,25,0,29,208,113,107,16,444,6,0,6,450
06/11/2002,BDL,CT,ANE,EN,Combined TRACON& Tower with Radar,232,124,93,19,468,0,15,3,10,28,232,139,96,29,496,7,8,15,511
06/12/2002,BDL,CT,ANE,EN,Combined TRACON& Tower with Radar,224,126,81,19,450,0,9,0,4,13,224,135,81,23,463,10,2,12,475
06/13/2002,BDL,CT,ANE,EN,Combined TRACON& Tower with Radar,231,123,78,20,452,0,9,0,18,27,231,132,78,38,479,6,0,6,485
06/14/2002,BDL,CT,ANE,EN,Combined TRACON& Tower with Radar,228,118,83,8,437,0,15,0,0,15,228,133,83,8,452,1,0,1,453
06/15/2002,BDL,CT,ANE,EN,Combined TRACON& Tower with Radar,185,68,39,7,299,7,0,0,0,7,192,68,39,7,306,0,0,0,306
06/16/2002,BDL,CT,ANE,EN,Combined TRACON& Tower with Radar,175,75,55,3,308,22,0,0,0,22,197,75,55,3,330,0,0,0,330
06/17/2002,BDL,CT,ANE,EN,Combined TRACON& Tower with Radar,213,98,76,10,397,1,0,9,0,10,214,98,85,10,407,6,6,12,419
06/18/2002,BDL,CT,ANE,EN,Combined TRACON& Tower with Radar,228,110,82,18,438,2,10,1,13,26,230,120,83,31,464,0,2,2,466
06/19/2002,BDL,CT,ANE,EN,Combined TRACON& Tower with Radar,229,110,73,11,423,5,8,0,0,13,234,118,73,11,436,0,0,0,436
06/20/2002,BDL,CT,ANE,EN,Combined TRACON& Tower with Radar,230,119,89,19,457,0,13,14,3,30,230,132,103,22,487,6,0,6,493
06/21/2002,BDL,CT,ANE,EN,Combined TRACON& Tower with Radar,227,118,88,16,449,0,5,13,0,18,227,123,101,16,467,2,0,2,469
06/22/2002,BDL,CT,ANE,EN,Combined TRACON& Tower with Radar,172,73,41,3,289,17,0,0,0,17,189,73,41,3,306,0,0,0,306
06/23/2002,BDL,CT,ANE,EN,Combined TRACON& Tower with Radar,185,77,53,5,320,8,0,0,0,8,193,77,53,5,328,0,0,0,328
06/24/2002,BDL,CT,ANE,EN,Combined TRACON& Tower with Radar,213,94,77,16,400,0,0,5,0,5,213,94,82,16,405,2,0,2,407
06/25/2002,BDL,CT,ANE,EN,Combined TRACON& Tower with Radar,235,115,87,17,454,0,2,9,0,11,235,117,96,17,465,8,0,8,473
06/26/2002,BDL,CT,ANE,EN,Combined TRACON& Tower with Radar,226,110,77,18,431,0,23,0,2,25,226,133,77,20,456,6,0,6,462
06/27/2002,BDL,CT,ANE,EN,Combined TRACON& Tower with Radar,225,109,81,17,432,1,2,15,13,31,226,111,96,30,463,0,0,0,463
06/28/2002,BDL,CT,ANE,EN,Combined TRACON& Tower with Radar,230,121,91,17,459,0,5,18,0,23,230,126,109,17,482,6,0,6,488
06/29/2002,BDL,CT,ANE,EN,Combined TRACON& Tower with Radar,169,77,62,8,316,21,0,0,0,21,190,77,62,8,337,0,0,0,337
06/30/2002,BDL,CT,ANE,EN,Combined TRACON& Tower with Radar,165,75,47,6,293,33,0,0,0,33,198,75,47,6,326,0,0,0,326
07/01/2002,BDL,CT,ANE,EN,Combined TRACON& Tower with Radar,190,83,62,13,348,24,0,16,11,51,214,83,78,24,399,4,6,10,409
07/02/2002,BDL,CT,ANE,EN,Combined TRACON& Tower with Radar,220,100,51,15,386,15,15,0,3,33,235,115,51,18,419,2,0,2,421
07/03/2002,BDL,CT,ANE,EN,Combined TRACON& Tower with Radar,222,105,74,16,417,0,14,7,6,27,222,119,81,22,444,8,0,8,452
07/04/2002,BDL,CT,ANE,EN,Combined TRACON& Tower with Radar,155,70,20,11,256,22,7,0,6,35,177,77,20,17,291,4,0,4,295
07/05/2002,BDL,CT,ANE,EN,Combined TRACON& Tower with Radar,160,63,32,11,266,33,0,0,1,34,193,63,32,12,300,0,0,0,300
07/06/2002,BDL,CT,ANE,EN,Combined TRACON& Tower with Radar,169,76,46,9,300,20,0,0,0,20,189,76,46,9,320,0,0,0,320
07/07/2002,BDL,CT,ANE,EN,Combined TRACON& Tower with Radar,194,85,60,8,347,0,0,0,0,0,194,85,60,8,347,0,0,0,347
07/08/2002,BDL,CT,ANE,EN,Combined TRACON& Tower with Radar,213,96,64,10,383,4,6,0,0,10,217,102,64,10,393,0,0,0,393
07/09/2002,BDL,CT,ANE,EN,Combined TRACON& Tower with Radar,231,114,69,17,431,0,17,0,3,20,231,131,69,20,451,0,0,0,451
07/10/2002,BDL,CT,ANE,EN,Combined TRACON& Tower with Radar,219,99,71,15,404,7,20,7,7,41,226,119,78,22,445,0,4,4,449
07/11/2002,BDL,CT,ANE,EN,Combined TRACON& Tower with Radar,232,106,75,16,429,1,6,12,12,31,233,112,87,28,460,2,0,2,462
07/12/2002,BDL,CT,ANE,EN,Combined TRACON& Tower with Radar,227,108,77,17,429,0,7,28,2,37,227,115,105,19,466,10,0,10,476
07/13/2002,BDL,CT,ANE,EN,Combined TRACON& Tower with Radar,180,69,39,12,300,14,0,0,11,25,194,69,39,23,325,0,2,2,327
07/14/2002,BDL,CT,ANE,EN,Combined TRACON& Tower with Radar,181,63,55,13,312,16,0,0,11,27,197,63,55,24,339,0,0,0,339
07/15/2002,BDL,CT,ANE,EN,Combined TRACON& Tower with Radar,218,102,73,15,408,0,0,4,0,4,218,102,77,15,412,24,0,24,436
07/16/2002,BDL,CT,ANE,EN,Combined TRACON& Tower with Radar,232,110,76,18,436,0,2,0,4,6,232,112,76,22,442,0,2,2,444
07/17/2002,BDL,CT,ANE,EN,Combined TRACON& Tower with Radar,231,120,85,20,456,0,3,12,6,21,231,123,97,26,477,12,0,12,489
07/18/2002,BDL,CT,ANE,EN,Combined TRACON& Tower with Radar,226,107,77,18,428,0,10,35,2,47,226,117,112,20,475,4,0,4,479
07/19/2002,BDL,CT,ANE,EN,Combined TRACON& Tower with Radar,212,105,74,18,409,0,0,0,8,8,212,105,74,26,417,0,0,0,417
07/20/2002,BDL,CT,ANE,EN,Combined TRACON& Tower with Radar,197,74,68,15,354,0,0,1,5,6,197,74,69,20,360,0,0,0,360
07/21/2002,BDL,CT,ANE,EN,Combined TRACON& Tower with Radar,197,71,64,10,342,0,0,19,0,19,197,71,83,10,361,0,0,0,361
07/22/2002,BDL,CT,ANE,EN,Combined TRACON& Tower with Radar,209,96,69,6,380,0,2,4,0,6,209,98,73,6,386,10,0,10,396
07/23/2002,BDL,CT,ANE,EN,Combined TRACON& Tower with Radar,219,98,73,17,407,0,0,13,3,16,219,98,86,20,423,0,0,0,423
07/24/2002,BDL,CT,ANE,EN,Combined TRACON& Tower with Radar,233,116,82,19,450,0,6,33,9,48,233,122,115,28,498,27,0,27,525
07/25/2002,BDL,CT,ANE,EN,Combined TRACON& Tower with Radar,232,105,74,17,428,0,10,15,16,41,232,115,89,33,469,0,4,4,473
07/26/2002,BDL,CT,ANE,EN,Combined TRACON& Tower with Radar,230,105,75,17,427,0,23,9,1,33,230,128,84,18,460,9,2,11,471
07/27/2002,BDL,CT,ANE,EN,Combined TRACON& Tower with Radar,189,83,54,12,338,4,0,0,0,4,193,83,54,12,342,0,0,0,342
07/28/2002,BDL,CT,ANE,EN,Combined TRACON& Tower with Radar,189,76,58,7,330,11,0,0,0,11,200,76,58,7,341,12,0,12,353
07/29/2002,BDL,CT,ANE,EN,Combined TRACON& Tower with Radar,214,108,76,8,406,0,7,19,0,26,214,115,95,8,432,4,6,10,442
07/30/2002,BDL,CT,ANE,EN,Combined TRACON& Tower with Radar,233,105,74,15,427,2,11,9,0,22,235,116,83,15,449,6,0,6,455
07/31/2002,BDL,CT,ANE,EN,Combined TRACON& Tower with Radar,229,113,80,17,439,0,7,22,17,46,229,120,102,34,485,8,0,8,493
08/01/2002,BDL,CT,ANE,EN,Combined TRACON& Tower with Radar,235,108,75,20,438,0,21,14,3,38,235,129,89,23,476,20,0,20,496
08/02/2002,BDL,CT,ANE,EN,Combined TRACON& Tower with Radar,208,95,52,17,372,15,12,0,10,37,223,107,52,27,409,1,42,43,452
08/03/2002,BDL,CT,ANE,EN,Combined TRACON& Tower with Radar,174,64,55,14,307,25,0,1,1,27,199,64,56,15,334,0,0,0,334
08/04/2002,BDL,CT,ANE,EN,Combined TRACON& Tower with Radar,173,68,53,10,304,21,0,0,0,21,194,68,53,10,325,0,0,0,325
08/05/2002,BDL,CT,ANE,EN,Combined TRACON& Tower with Radar,181,83,50,14,328,30,3,0,0,33,211,86,50,14,361,0,10,10,371
08/06/2002,BDL,CT,ANE,EN,Combined TRACON& Tower with Radar,227,104,72,18,421,4,17,3,0,24,231,121,75,18,445,0,0,0,445
08/07/2002,BDL,CT,ANE,EN,Combined TRACON& Tower with Radar,229,111,77,20,437,0,15,7,13,35,229,126,84,33,472,4,3,7,479
08/08/2002,BDL,CT,ANE,EN,Combined TRACON& Tower with Radar,235,110,75,21,441,0,11,12,8,31,235,121,87,29,472,2,0,2,474
08/09/2002,BDL,CT,ANE,EN,Combined TRACON& Tower with Radar,215,99,67,19,400,8,10,9,7,34,223,109,76,26,434,0,0,0,434
08/10/2002,BDL,CT,ANE,EN,Combined TRACON& Tower with Radar,165,65,49,15,294,29,0,0,0,29,194,65,49,15,323,0,0,0,323
08/11/2002,BDL,CT,ANE,EN,Combined TRACON& Tower with Radar,162,72,47,7,288,33,0,0,0,33,195,72,47,7,321,2,0,2,323
08/12/2002,BDL,CT,ANE,EN,Combined TRACON& Tower with Radar,221,101,70,8,400,0,8,22,0,30,221,109,92,8,430,6,0,6,436
08/13/2002,BDL,CT,ANE,EN,Combined TRACON& Tower with Radar,229,23,74,15,341,0,0,6,0,6,229,23,80,15,347,0,0,0,347
08/14/2002,BDL,CT,ANE,EN,Combined TRACON& Tower with Radar,230,114,78,22,444,0,2,26,5,33,230,116,104,27,477,4,2,6,483
08/15/2002,BDL,CT,ANE,EN,Combined TRACON& Tower with Radar,236,116,81,22,455,0,9,37,4,50,236,125,118,26,505,2,0,2,507
08/16/2002,BDL,CT,ANE,EN,Combined TRACON& Tower with Radar,224,100,70,14,408,0,13,4,0,17,224,113,74,14,425,0,2,2,427
08/17/2002,BDL,CT,ANE,EN,Combined TRACON& Tower with Radar,186,72,58,12,328,13,0,6,0,19,199,72,64,12,347,6,0,6,353
08/18/2002,BDL,CT,ANE,EN,Combined TRACON& Tower with Radar,175,68,43,15,301,19,0,0,3,22,194,68,43,18,323,0,0,0,323
08/19/2002,BDL,CT,ANE,EN,Combined TRACON& Tower with Radar,210,83,66,10,369,4,0,28,0,32,214,83,94,10,401,6,0,6,407
08/20/2002,BDL,CT,ANE,EN,Combined TRACON& Tower with Radar,232,118,70,13,433,0,9,0,0,9,232,127,70,13,442,12,0,12,454
08/21/2002,BDL,CT,ANE,EN,Combined TRACON& Tower with Radar,223,106,73,20,422,0,17,0,3,20,223,123,73,23,442,16,0,16,458
08/22/2002,BDL,CT,ANE,EN,Combined TRACON& Tower with Radar,229,108,74,21,432,0,10,6,12,28,229,118,80,33,460,0,0,0,460
08/23/2002,BDL,CT,ANE,EN,Combined TRACON& Tower with Radar,223,110,73,21,427,0,1,0,5,6,223,111,73,26,433,2,0,2,435
08/24/2002,BDL,CT,ANE,EN,Combined TRACON& Tower with Radar,176,67,33,10,286,18,0,0,0,18,194,67,33,10,304,6,0,6,310
08/25/2002,BDL,CT,ANE,EN,Combined TRACON& Tower with Radar,188,76,47,10,321,9,0,0,0,9,197,76,47,10,330,2,0,2,332
08/26/2002,BDL,CT,ANE,EN,Combined TRACON& Tower with Radar,211,96,66,11,384,4,7,0,0,11,215,103,66,11,395,8,0,8,403
08/27/2002,BDL,CT,ANE,EN,Combined TRACON& Tower with Radar,230,114,78,17,439,0,15,18,0,33,230,129,96,17,472,24,8,32,504
08/28/2002,BDL,CT,ANE,EN,Combined TRACON& Tower with Radar,226,123,84,22,455,0,0,8,9,17,226,123,92,31,472,14,0,14,486
08/29/2002,BDL,CT,ANE,EN,Combined TRACON& Tower with Radar,228,116,66,17,427,0,4,0,0,4,228,120,66,17,431,0,0,0,431
08/30/2002,BDL,CT,ANE,EN,Combined TRACON& Tower with Radar,225,113,78,16,432,0,0,7,0,7,225,113,85,16,439,2,0,2,441
08/31/2002,BDL,CT,ANE,EN,Combined TRACON& Tower with Radar,171,69,41,10,291,10,0,0,0,10,181,69,41,10,301,8,0,8,309
09/01/2002,BDL,CT,ANE,EN,Combined TRACON& Tower with Radar,138,51,42,2,233,27,0,0,0,27,165,51,42,2,260,0,0,0,260
09/02/2002,BDL,CT,ANE,EN,Combined TRACON& Tower with Radar,169,51,53,4,277,11,0,0,0,11,180,51,53,4,288,4,0,4,292
09/03/2002,BDL,CT,ANE,EN,Combined TRACON& Tower with Radar,205,101,73,7,386,4,5,0,0,9,209,106,73,7,395,0,0,0,395
09/04/2002,BDL,CT,ANE,EN,Combined TRACON& Tower with Radar,223,113,81,13,430,0,2,0,15,17,223,115,81,28,447,2,0,2,449
09/05/2002,BDL,CT,ANE,EN,Combined TRACON& Tower with Radar,219,108,78,13,418,0,8,23,10,41,219,116,101,23,459,2,0,2,461
09/06/2002,BDL,CT,ANE,EN,Combined TRACON& Tower with Radar,217,107,78,12,414,5,12,12,2,31,222,119,90,14,445,2,2,4,449
09/07/2002,BDL,CT,ANE,EN,Combined TRACON& Tower with Radar,154,69,56,9,288,27,0,14,2,43,181,69,70,11,331,4,0,4,335
09/08/2002,BDL,CT,ANE,EN,Combined TRACON& Tower with Radar,162,69,59,9,299,20,0,7,10,37,182,69,66,19,336,0,0,0,336
09/09/2002,BDL,CT,ANE,EN,Combined TRACON& Tower with Radar,189,93,68,6,356,12,11,5,0,28,201,104,73,6,384,2,0,2,386
09/10/2002,BDL,CT,ANE,EN,Combined TRACON& Tower with Radar,200,112,81,13,406,0,22,6,13,41,200,134,87,26,447,32,0,32,479
09/11/2002,BDL,CT,ANE,EN,Combined TRACON& Tower with Radar,192,99,50,12,353,0,35,0,6,41,192,134,50,18,394,2,2,4,398
09/12/2002,BDL,CT,ANE,EN,Combined TRACON& Tower with Radar,224,113,82,14,433,0,21,5,10,36,224,134,87,24,469,0,0,0,469
09/13/2002,BDL,CT,ANE,EN,Combined TRACON& Tower with Radar,218,110,79,14,421,0,18,16,0,34,218,128,95,14,455,4,0,4,459
09/14/2002,BDL,CT,ANE,EN,Combined TRACON& Tower with Radar,165,68,54,10,297,9,0,0,14,23,174,68,54,24,320,2,12,14,334
09/15/2002,BDL,CT,ANE,EN,Combined TRACON& Tower with Radar,153,57,42,7,259,29,0,0,0,29,182,57,42,7,288,0,0,0,288
09/16/2002,BDL,CT,ANE,EN,Combined TRACON& Tower with Radar,201,96,72,13,382,0,0,0,2,2,201,96,72,15,384,0,0,0,384
09/17/2002,BDL,CT,ANE,EN,Combined TRACON& Tower with Radar,225,115,83,15,438,0,13,6,5,24,225,128,89,20,462,0,0,0,462
09/18/2002,BDL,CT,ANE,EN,Combined TRACON& Tower with Radar,221,123,90,16,450,0,10,34,10,54,221,133,124,26,504,0,0,0,504
09/19/2002,BDL,CT,ANE,EN,Combined TRACON& Tower with Radar,218,112,81,14,425,0,20,27,13,60,218,132,108,27,485,8,8,16,501
09/20/2002,BDL,CT,ANE,EN,Combined TRACON& Tower with Radar,228,117,84,9,438,0,12,21,0,33,228,129,105,9,471,0,0,0,471
09/21/2002,BDL,CT,ANE,EN,Combined TRACON& Tower with Radar,169,82,60,6,317,7,2,3,0,12,176,84,63,6,329,14,0,14,343
09/22/2002,BDL,CT,ANE,EN,Combined TRACON& Tower with Radar,176,76,62,10,324,7,0,4,0,11,183,76,66,10,335,4,0,4,339
09/23/2002,BDL,CT,ANE,EN,Combined TRACON& Tower with Radar,199,96,72,9,376,0,0,2,0,2,199,96,74,9,378,0,1,1,379
09/24/2002,BDL,CT,ANE,EN,Combined TRACON& Tower with Radar,221,115,83,12,431,0,10,0,0,10,221,125,83,12,441,11,8,19,460
09/25/2002,BDL,CT,ANE,EN,Combined TRACON& Tower with Radar,214,105,75,12,406,0,14,26,0,40,214,119,101,12,446,6,0,6,452
09/26/2002,BDL,CT,ANE,EN,Combined TRACON& Tower with Radar,218,125,91,13,447,0,0,25,0,25,218,125,116,13,472,0,0,0,472
09/27/2002,BDL,CT,ANE,EN,Combined TRACON& Tower with Radar,220,113,62,9,404,0,1,0,0,1,220,114,62,9,405,0,0,0,405
09/28/2002,BDL,CT,ANE,EN,Combined TRACON& Tower with Radar,165,71,58,6,300,14,0,4,0,18,179,71,62,6,318,2,0,2,320
09/29/2002,BDL,CT,ANE,EN,Combined TRACON& Tower with Radar,169,71,60,3,303,13,0,8,0,21,182,71,68,3,324,2,0,2,326
09/30/2002,BDL,CT,ANE,EN,Combined TRACON& Tower with Radar,202,104,74,11,391,0,2,18,0,20,202,106,92,11,411,2,0,2,413
10/01/2002,BDL,CT,ANE,EN,Combined TRACON& Tower with Radar,223,118,86,17,444,4,7,11,15,37,227,125,97,32,481,18,0,18,499
10/02/2002,BDL,CT,ANE,EN,Combined TRACON& Tower with Radar,220,133,89,20,462,0,5,0,13,18,220,138,89,33,480,1,10,11,491
10/03/2002,BDL,CT,ANE,EN,Combined TRACON& Tower with Radar,226,126,74,19,445,0,24,0,3,27,226,150,74,22,472,0,4,4,476
10/04/2002,BDL,CT,ANE,EN,Combined TRACON& Tower with Radar,220,137,97,20,474,0,0,0,6,6,220,137,97,26,480,0,2,2,482
10/05/2002,BDL,CT,ANE,EN,Combined TRACON& Tower with Radar,158,82,37,12,289,20,0,0,3,23,178,82,37,15,312,2,0,2,314
10/06/2002,BDL,CT,ANE,EN,Combined TRACON& Tower with Radar,172,77,66,5,320,12,0,15,0,27,184,77,81,5,347,8,0,8,355
10/07/2002,BDL,CT,ANE,EN,Combined TRACON& Tower with Radar,202,106,77,4,389,0,3,12,0,15,202,109,89,4,404,0,0,0,404
10/08/2002,BDL,CT,ANE,EN,Combined TRACON& Tower with Radar,220,123,89,12,444,0,13,7,0,20,220,136,96,12,464,4,0,4,468
10/09/2002,BDL,CT,ANE,EN,Combined TRACON& Tower with Radar,223,125,90,18,456,0,6,5,0,11,223,131,95,18,467,6,4,10,477
10/10/2002,BDL,CT,ANE,EN,Combined TRACON& Tower with Radar,223,119,87,14,443,0,13,14,0,27,223,132,101,14,470,2,0,2,472
10/11/2002,BDL,CT,ANE,EN,Combined TRACON& Tower with Radar,212,139,97,16,464,0,0,0,0,0,212,139,97,16,464,1,0,1,465
10/12/2002,BDL,CT,ANE,EN,Combined TRACON& Tower with Radar,165,74,33,6,278,10,0,0,0,10,175,74,33,6,288,0,0,0,288
10/13/2002,BDL,CT,ANE,EN,Combined TRACON& Tower with Radar,170,74,29,9,282,15,0,0,0,15,185,74,29,9,297,0,0,0,297
10/14/2002,BDL,CT,ANE,EN,Combined TRACON& Tower with Radar,184,79,70,2,335,19,0,8,0,27,203,79,78,2,362,0,0,0,362
10/15/2002,BDL,CT,ANE,EN,Combined TRACON& Tower with Radar,222,124,89,11,446,0,2,23,0,25,222,126,112,11,471,0,0,0,471
10/16/2002,BDL,CT,ANE,EN,Combined TRACON& Tower with Radar,224,120,61,5,410,0,10,0,0,10,224,130,61,5,420,0,0,0,420
10/17/2002,BDL,CT,ANE,EN,Combined TRACON& Tower with Radar,220,126,91,20,457,0,17,22,10,49,220,143,113,30,506,2,0,2,508
10/18/2002,BDL,CT,ANE,EN,Combined TRACON& Tower with Radar,211,110,79,17,417,6,10,14,4,34,217,120,93,21,451,0,0,0,451
10/19/2002,BDL,CT,ANE,EN,Combined TRACON& Tower with Radar,158,79,24,10,271,16,0,0,0,16,174,79,24,10,287,6,2,8,295
10/20/2002,BDL,CT,ANE,EN,Combined TRACON& Tower with Radar,167,81,63,6,317,17,0,5,0,22,184,81,68,6,339,0,0,0,339
10/21/2002,BDL,CT,ANE,EN,Combined TRACON& Tower with Radar,185,97,70,3,355,19,11,3,0,33,204,108,73,3,388,0,0,0,388
10/22/2002,BDL,CT,ANE,EN,Combined TRACON& Tower with Radar,220,114,83,18,435,2,21,11,2,36,222,135,94,20,471,20,0,20,491
10/23/2002,BDL,CT,ANE,EN,Combined TRACON& Tower with Radar,221,131,94,21,467,0,11,2,7,20,221,142,96,28,487,0,2,2,489
10/24/2002,BDL,CT,ANE,EN,Combined TRACON& Tower with Radar,226,119,78,19,442,0,11,0,14,25,226,130,78,33,467,0,0,0,467
10/25/2002,BDL,CT,ANE,EN,Combined TRACON& Tower with Radar,217,120,68,14,419,0,7,0,0,7,217,127,68,14,426,2,2,4,430
10/26/2002,BDL,CT,ANE,EN,Combined TRACON& Tower with Radar,152,66,22,3,243,34,0,0,0,34,186,66,22,3,277,0,0,0,277
10/27/2002,BDL,CT,ANE,EN,Combined TRACON& Tower with Radar,170,75,64,5,314,10,0,1,0,11,180,75,65,5,325,0,0,0,325
10/28/2002,BDL,CT,ANE,EN,Combined TRACON& Tower with Radar,206,101,79,9,395,0,0,12,0,12,206,101,91,9,407,0,0,0,407
10/29/2002,BDL,CT,ANE,EN,Combined TRACON& Tower with Radar,224,118,81,17,440,0,5,0,7,12,224,123,81,24,452,16,0,16,468
10/30/2002,BDL,CT,ANE,EN,Combined TRACON& Tower with Radar,214,112,78,17,421,6,9,0,7,22,220,121,78,24,443,2,0,2,445
10/31/2002,BDL,CT,ANE,EN,Combined TRACON& Tower with Radar,222,117,84,17,440,1,2,13,2,18,223,119,97,19,458,0,0,0,458
11/01/2002,BDL,CT,ANE,EN,Combined TRACON& Tower with Radar,207,114,76,14,411,0,13,4,16,33,207,127,80,30,444,0,0,0,444
11/02/2002,BDL,CT,ANE,EN,Combined TRACON& Tower with Radar,144,56,42,9,251,26,0,0,9,35,170,56,42,18,286,2,2,4,290
11/03/2002,BDL,CT,ANE,EN,Combined TRACON& Tower with Radar,160,64,36,10,270,17,0,0,2,19,177,64,36,12,289,10,0,10,299
11/04/2002,BDL,CT,ANE,EN,Combined TRACON& Tower with Radar,195,101,56,7,359,4,1,0,0,5,199,102,56,7,364,2,0,2,366
11/05/2002,BDL,CT,ANE,EN,Combined TRACON& Tower with Radar,203,110,66,13,392,0,14,0,2,16,203,124,66,15,408,0,0,0,408
11/06/2002,BDL,CT,ANE,EN,Combined TRACON& Tower with Radar,212,114,50,11,387,0,20,0,0,20,212,134,50,11,407,0,0,0,407
11/07/2002,BDL,CT,ANE,EN,Combined TRACON& Tower with Radar,219,115,77,14,425,0,19,2,16,37,219,134,79,30,462,0,0,0,462
11/08/2002,BDL,CT,ANE,EN,Combined TRACON& Tower with Radar,207,114,76,14,411,0,11,41,0,52,207,125,117,14,463,10,0,10,473
11/09/2002,BDL,CT,ANE,EN,Combined TRACON& Tower with Radar,151,59,53,9,272,16,0,12,7,35,167,59,65,16,307,2,0,2,309
11/10/2002,BDL,CT,ANE,EN,Combined TRACON& Tower with Radar,160,72,36,7,275,14,0,0,0,14,174,72,36,7,289,0,0,0,289
11/11/2002,BDL,CT,ANE,EN,Combined TRACON& Tower with Radar,190,95,59,3,347,8,0,0,0,8,198,95,59,3,355,1,0,1,356
11/12/2002,BDL,CT,ANE,EN,Combined TRACON& Tower with Radar,213,109,84,7,413,0,0,9,0,9,213,109,93,7,422,3,0,3,425
11/13/2002,BDL,CT,ANE,EN,Combined TRACON& Tower with Radar,210,121,80,11,422,0,18,13,0,31,210,139,93,11,453,0,0,0,453
11/14/2002,BDL,CT,ANE,EN,Combined TRACON& Tower with Radar,210,112,75,14,411,0,26,33,21,80,210,138,108,35,491,2,4,6,497
11/15/2002,BDL,CT,ANE,EN,Combined TRACON& Tower with Radar,215,124,83,14,436,0,2,29,0,31,215,126,112,14,467,12,6,18,485
11/16/2002,BDL,CT,ANE,EN,Combined TRACON& Tower with Radar,136,58,19,9,222,26,0,0,5,31,162,58,19,14,253,0,2,2,255
11/17/2002,BDL,CT,ANE,EN,Combined TRACON& Tower with Radar,148,69,21,4,242,28,0,0,0,28,176,69,21,4,270,0,0,0,270
11/18/2002,BDL,CT,ANE,EN,Combined TRACON& Tower with Radar,196,107,71,10,384,0,1,1,0,2,196,108,72,10,386,0,0,0,386
11/19/2002,BDL,CT,ANE,EN,Combined TRACON& Tower with Radar,213,124,83,16,436,0,2,29,2,33,213,126,112,18,469,0,0,0,469
11/20/2002,BDL,CT,ANE,EN,Combined TRACON& Tower with Radar,212,115,76,15,418,0,15,2,8,25,212,130,78,23,443,8,0,8,451
11/21/2002,BDL,CT,ANE,EN,Combined TRACON& Tower with Radar,114,58,38,4,214,102,80,36,0,218,216,138,74,4,432,0,0,0,432
11/22/2002,BDL,CT,ANE,EN,Combined TRACON& Tower with Radar,214,124,81,3,422,0,2,0,0,2,214,126,81,3,424,0,0,0,424
11/23/2002,BDL,CT,ANE,EN,Combined TRACON& Tower with Radar,150,64,37,1,252,21,0,0,0,21,171,64,37,1,273,0,0,0,273
11/24/2002,BDL,CT,ANE,EN,Combined TRACON& Tower with Radar,153,68,41,1,263,22,0,0,0,22,175,68,41,1,285,0,0,0,285
11/25/2002,BDL,CT,ANE,EN,Combined TRACON& Tower with Radar,199,107,63,13,382,0,4,0,1,5,199,111,63,14,387,0,0,0,387
11/26/2002,BDL,CT,ANE,EN,Combined TRACON& Tower with Radar,218,131,87,16,452,0,7,5,6,18,218,138,92,22,470,10,0,10,480
11/27/2002,BDL,CT,ANE,EN,Combined TRACON& Tower with Radar,202,104,38,5,349,17,15,0,0,32,219,119,38,5,381,0,0,0,381
11/28/2002,BDL,CT,ANE,EN,Combined TRACON& Tower with Radar,121,63,17,7,208,24,12,0,1,37,145,75,17,8,245,0,0,0,245
11/29/2002,BDL,CT,ANE,EN,Combined TRACON& Tower with Radar,138,63,36,3,240,28,0,0,0,28,166,63,36,3,268,6,0,6,274
11/30/2002,BDL,CT,ANE,EN,Combined TRACON& Tower with Radar,157,67,41,6,271,11,0,0,0,11,168,67,41,6,282,6,0,6,288
12/01/2002,BDL,CT,ANE,EN,Combined TRACON& Tower with Radar,169,69,43,5,286,16,0,0,0,16,185,69,43,5,302,0,0,0,302
12/02/2002,BDL,CT,ANE,EN,Combined TRACON& Tower with Radar,187,101,62,11,361,0,0,31,0,31,187,101,93,11,392,10,0,10,402
12/03/2002,BDL,CT,ANE,EN,Combined TRACON& Tower with Radar,194,113,69,14,390,0,18,7,6,31,194,131,76,20,421,4,0,4,425
12/04/2002,BDL,CT,ANE,EN,Combined TRACON& Tower with Radar,206,111,67,14,398,0,25,23,15,63,206,136,90,29,461,10,0,10,471
12/05/2002,BDL,CT,ANE,EN,Combined TRACON& Tower with Radar,189,93,40,5,327,0,27,0,0,27,189,120,40,5,354,0,0,0,354
12/06/2002,BDL,CT,ANE,EN,Combined TRACON& Tower with Radar,214,117,70,14,415,0,18,10,9,37,214,135,80,23,452,0,0,0,452
12/07/2002,BDL,CT,ANE,EN,Combined TRACON& Tower with Radar,142,61,43,9,255,23,0,13,10,46,165,61,56,19,301,16,0,16,317
12/08/2002,BDL,CT,ANE,EN,Combined TRACON& Tower with Radar,155,74,44,7,280,19,0,0,0,19,174,74,44,7,299,12,0,12,311
12/09/2002,BDL,CT,ANE,EN,Combined TRACON& Tower with Radar,192,99,63,13,367,0,0,25,0,25,192,99,88,13,392,8,0,8,400
12/10/2002,BDL,CT,ANE,EN,Combined TRACON& Tower with Radar,216,125,75,16,432,0,12,15,17,44,216,137,90,33,476,10,0,10,486
12/11/2002,BDL,CT,ANE,EN,Combined TRACON& Tower with Radar,212,114,69,14,409,0,10,14,5,29,212,124,83,19,438,0,0,0,438
12/12/2002,BDL,CT,ANE,EN,Combined TRACON& Tower with Radar,221,129,70,17,437,0,15,0,11,26,221,144,70,28,463,6,0,6,469
12/13/2002,BDL,CT,ANE,EN,Combined TRACON& Tower with Radar,207,107,63,14,391,0,14,10,10,34,207,121,73,24,425,22,0,22,447
12/14/2002,BDL,CT,ANE,EN,Combined TRACON& Tower with Radar,131,50,13,1,195,41,0,0,0,41,172,50,13,1,236,0,0,0,236
12/15/2002,BDL,CT,ANE,EN,Combined TRACON& Tower with Radar,162,78,47,4,291,11,0,2,0,13,173,78,49,4,304,0,0,0,304
12/16/2002,BDL,CT,ANE,EN,Combined TRACON& Tower with Radar,195,101,46,13,355,0,6,0,0,6,195,107,46,13,361,0,0,0,361
12/17/2002,BDL,CT,ANE,EN,Combined TRACON& Tower with Radar,222,127,76,17,442,0,7,37,13,57,222,134,113,30,499,26,0,26,525
12/18/2002,BDL,CT,ANE,EN,Combined TRACON& Tower with Radar,226,123,75,17,441,0,0,40,9,49,226,123,115,26,490,0,0,0,490
12/19/2002,BDL,CT,ANE,EN,Combined TRACON& Tower with Radar,233,134,80,18,465,0,0,37,23,60,233,134,117,41,525,2,0,2,527
12/20/2002,BDL,CT,ANE,EN,Combined TRACON& Tower with Radar,226,116,53,4,399,0,9,0,0,9,226,125,53,4,408,0,0,0,408
12/21/2002,BDL,CT,ANE,EN,Combined TRACON& Tower with Radar,150,70,26,6,252,20,0,0,0,20,170,70,26,6,272,8,0,8,280
12/22/2002,BDL,CT,ANE,EN,Combined TRACON& Tower with Radar,160,66,46,4,276,31,0,0,0,31,191,66,46,4,307,0,0,0,307
12/23/2002,BDL,CT,ANE,EN,Combined TRACON& Tower with Radar,194,90,59,13,356,0,0,1,3,4,194,90,60,16,360,18,0,18,378
12/24/2002,BDL,CT,ANE,EN,Combined TRACON& Tower with Radar,162,79,25,8,274,23,13,0,0,36,185,92,25,8,310,8,0,8,318
12/25/2002,BDL,CT,ANE,EN,Combined TRACON& Tower with Radar,92,44,4,3,143,20,6,0,0,26,112,50,4,3,169,0,0,0,169
12/26/2002,BDL,CT,ANE,EN,Combined TRACON& Tower with Radar,167,81,16,11,275,25,8,0,3,36,192,89,16,14,311,0,0,0,311
12/27/2002,BDL,CT,ANE,EN,Combined TRACON& Tower with Radar,197,98,58,12,365,9,3,14,0,26,206,101,72,12,391,12,0,12,403
12/28/2002,BDL,CT,ANE,EN,Combined TRACON& Tower with Radar,156,60,46,7,269,11,0,0,0,11,167,60,46,7,280,20,0,20,300
12/29/2002,BDL,CT,ANE,EN,Combined TRACON& Tower with Radar,157,61,36,4,258,25,0,0,0,25,182,61,36,4,283,0,0,0,283
12/30/2002,BDL,CT,ANE,EN,Combined TRACON& Tower with Radar,184,86,46,11,327,10,0,0,0,10,194,86,46,11,337,0,0,0,337
12/31/2002,BDL,CT,ANE,EN,Combined TRACON& Tower with Radar,165,82,10,4,261,37,0,0,0,37,202,82,10,4,298,0,0,0,298
01/01/2003,BDL,CT,ANE,EN,Combined TRACON& Tower with Radar,144,66,20,3,233,27,1,0,0,28,171,67,20,3,261,0,0,0,261
01/02/2003,BDL,CT,ANE,EN,Combined TRACON& Tower with Radar,176,71,39,4,290,17,0,0,0,17,193,71,39,4,307,6,0,6,313
01/03/2003,BDL,CT,ANE,EN,Combined TRACON& Tower with Radar,174,80,22,11,287,21,0,0,1,22,195,80,22,12,309,0,0,0,309
01/04/2003,BDL,CT,ANE,EN,Combined TRACON& Tower with Radar,129,55,10,4,198,25,0,0,0,25,154,55,10,4,223,0,0,0,223
01/05/2003,BDL,CT,ANE,EN,Combined TRACON& Tower with Radar,181,66,42,12,301,8,0,0,2,10,189,66,42,14,311,0,0,0,311
01/06/2003,BDL,CT,ANE,EN,Combined TRACON& Tower with Radar,194,88,36,7,325,4,3,0,0,7,198,91,36,7,332,0,0,0,332
01/07/2003,BDL,CT,ANE,EN,Combined TRACON& Tower with Radar,213,97,55,8,373,0,18,0,0,18,213,115,55,8,391,4,6,10,401
01/08/2003,BDL,CT,ANE,EN,Combined TRACON& Tower with Radar,216,107,59,16,398,0,13,0,11,24,216,120,59,27,422,12,4,16,438
01/09/2003,BDL,CT,ANE,EN,Combined TRACON& Tower with Radar,208,96,46,14,364,0,13,0,4,17,208,109,46,18,381,0,0,0,381
01/10/2003,BDL,CT,ANE,EN,Combined TRACON& Tower with Radar,208,98,59,12,377,0,10,12,0,22,208,108,71,12,399,10,0,10,409
01/11/2003,BDL,CT,ANE,EN,Combined TRACON& Tower with Radar,136,41,28,9,214,27,0,0,8,35,163,41,28,17,249,6,0,6,255
01/12/2003,BDL,CT,ANE,EN,Combined TRACON& Tower with Radar,156,54,28,10,248,25,0,0,5,30,181,54,28,15,278,12,0,12,290
01/13/2003,BDL,CT,ANE,EN,Combined TRACON& Tower with Radar,191,89,52,10,342,0,3,10,0,13,191,92,62,10,355,10,0,10,365
01/14/2003,BDL,CT,ANE,EN,Combined TRACON& Tower with Radar,215,111,66,17,409,0,3,30,14,47,215,114,96,31,456,6,6,12,468
01/15/2003,BDL,CT,ANE,EN,Combined TRACON& Tower with Radar,217,106,63,16,402,0,11,20,13,44,217,117,83,29,446,0,4,4,450
01/16/2003,BDL,CT,ANE,EN,Combined TRACON& Tower with Radar,212,107,63,17,399,0,14,10,18,42,212,121,73,35,441,14,0,14,455
01/17/2003,BDL,CT,ANE,EN,Combined TRACON& Tower with Radar,211,109,65,17,402,0,9,0,2,11,211,118,65,19,413,10,0,10,423
01/18/2003,BDL,CT,ANE,EN,Combined TRACON& Tower with Radar,133,36,35,2,206,32,0,7,0,39,165,36,42,2,245,10,0,10,255
01/19/2003,BDL,CT,ANE,EN,Combined TRACON& Tower with Radar,155,57,33,5,250,28,0,0,0,28,183,57,33,5,278,0,0,0,278
01/20/2003,BDL,CT,ANE,EN,Combined TRACON& Tower with Radar,178,80,47,2,307,16,6,5,0,27,194,86,52,2,334,0,0,0,334
01/21/2003,BDL,CT,ANE,EN,Combined TRACON& Tower with Radar,216,94,58,15,383,0,0,2,12,14,216,94,60,27,397,0,0,0,397
01/22/2003,BDL,CT,ANE,EN,Combined TRACON& Tower with Radar,215,99,59,16,389,0,17,10,3,30,215,116,69,19,419,10,0,10,429
01/23/2003,BDL,CT,ANE,EN,Combined TRACON& Tower with Radar,218,104,62,15,399,0,14,9,0,23,218,118,71,15,422,8,4,12,434
01/24/2003,BDL,CT,ANE,EN,Combined TRACON& Tower with Radar,213,107,62,17,399,0,3,0,0,3,213,110,62,17,402,9,3,12,414
01/25/2003,BDL,CT,ANE,EN,Combined TRACON& Tower with Radar,142,40,31,10,223,24,0,0,9,33,166,40,31,19,256,2,0,2,258
01/26/2003,BDL,CT,ANE,EN,Combined TRACON& Tower with Radar,144,51,18,7,220,38,0,0,0,38,182,51,18,7,258,2,0,2,260
01/27/2003,BDL,CT,ANE,EN,Combined TRACON& Tower with Radar,196,88,52,5,341,1,2,12,0,15,197,90,64,5,356,10,0,10,366
01/28/2003,BDL,CT,ANE,EN,Combined TRACON& Tower with Radar,212,107,64,16,399,0,18,33,5,56,212,125,97,21,455,24,0,24,479
01/29/2003,BDL,CT,ANE,EN,Combined TRACON& Tower with Radar,217,107,64,16,404,0,21,9,0,30,217,128,73,16,434,8,0,8,442
01/30/2003,BDL,CT,ANE,EN,Combined TRACON& Tower with Radar,216,115,68,17,416,0,14,41,8,63,216,129,109,25,479,10,0,10,489
01/31/2003,BDL,CT,ANE,EN,Combined TRACON& Tower with Radar,207,110,55,16,388,0,17,0,8,25,207,127,55,24,413,6,0,6,419
02/01/2003,BDL,CT,ANE,EN,Combined TRACON& Tower with Radar,124,44,6,2,176,44,0,0,0,44,168,44,6,2,220,0,0,0,220
02/02/2003,BDL,CT,ANE,EN,Combined TRACON& Tower with Radar,154,61,25,10,250,28,0,0,0,28,182,61,25,10,278,0,0,0,278
02/03/2003,BDL,CT,ANE,EN,Combined TRACON& Tower with Radar,179,79,54,13,325,13,0,37,0,50,192,79,91,13,375,8,0,8,383
02/04/2003,BDL,CT,ANE,EN,Combined TRACON& Tower with Radar,211,110,49,12,382,2,3,0,0,5,213,113,49,12,387,0,0,0,387
02/05/2003,BDL,CT,ANE,EN,Combined TRACON& Tower with Radar,205,108,58,15,386,7,5,0,16,28,212,113,58,31,414,8,4,12,426
02/06/2003,BDL,CT,ANE,EN,Combined TRACON& Tower with Radar,210,112,63,16,401,0,4,22,20,46,210,116,85,36,447,18,0,18,465
02/07/2003,BDL,CT,ANE,EN,Combined TRACON& Tower with Radar,181,95,32,8,316,15,9,0,0,24,196,104,32,8,340,0,0,0,340
02/08/2003,BDL,CT,ANE,EN,Combined TRACON& Tower with Radar,137,51,40,10,238,30,0,0,16,46,167,51,40,26,284,10,0,10,294
02/09/2003,BDL,CT,ANE,EN,Combined TRACON& Tower with Radar,155,52,46,9,262,33,0,5,0,38,188,52,51,9,300,2,0,2,302
02/10/2003,BDL,CT,ANE,EN,Combined TRACON& Tower with Radar,182,77,53,2,314,5,0,3,0,8,187,77,56,2,322,0,0,0,322
02/11/2003,BDL,CT,ANE,EN,Combined TRACON& Tower with Radar,215,105,64,17,401,0,0,20,14,34,215,105,84,31,435,37,0,37,472
02/12/2003,BDL,CT,ANE,EN,Combined TRACON& Tower with Radar,219,124,70,18,431,0,3,14,5,22,219,127,84,23,453,0,0,0,453
02/13/2003,BDL,CT,ANE,EN,Combined TRACON& Tower with Radar,219,120,67,18,424,0,15,19,7,41,219,135,86,25,465,0,0,0,465
02/14/2003,BDL,CT,ANE,EN,Combined TRACON& Tower with Radar,190,120,68,18,396,0,22,28,2,52,190,142,96,20,448,10,0,10,458
02/15/2003,BDL,CT,ANE,EN,Combined TRACON& Tower with Radar,144,64,41,7,256,14,0,0,0,14,158,64,41,7,270,8,0,8,278
02/16/2003,BDL,CT,ANE,EN,Combined TRACON& Tower with Radar,147,50,42,6,245,8,0,9,0,17,155,50,51,6,262,2,0,2,264
02/17/2003,BDL,CT,ANE,EN,Combined TRACON& Tower with Radar,45,23,3,3,74,3,2,0,0,5,48,25,3,3,79,0,0,0,79
02/18/2003,BDL,CT,ANE,EN,Combined TRACON& Tower with Radar,138,70,27,4,239,9,3,0,0,12,147,73,27,4,251,0,0,0,251
02/19/2003,BDL,CT,ANE,EN,Combined TRACON& Tower with Radar,203,109,62,15,389,0,29,0,0,29,203,138,62,15,418,12,0,12,430
02/20/2003,BDL,CT,ANE,EN,Combined TRACON& Tower with Radar,197,118,58,18,391,0,40,0,0,40,197,158,58,18,431,2,0,2,433
02/21/2003,BDL,CT,ANE,EN,Combined TRACON& Tower with Radar,190,111,63,17,381,0,27,6,6,39,190,138,69,23,420,4,16,20,440
02/22/2003,BDL,CT,ANE,EN,Combined TRACON& Tower with Radar,138,64,16,7,225,23,0,0,0,23,161,64,16,7,248,0,0,0,248
02/23/2003,BDL,CT,ANE,EN,Combined TRACON& Tower with Radar,186,90,40,5,321,5,0,0,0,5,191,90,40,5,326,0,0,0,326
02/24/2003,BDL,CT,ANE,EN,Combined TRACON& Tower with Radar,181,105,59,11,356,0,14,26,0,40,181,119,85,11,396,0,4,4,400
02/25/2003,BDL,CT,ANE,EN,Combined TRACON& Tower with Radar,190,113,63,16,382,0,23,2,1,26,190,136,65,17,408,0,0,0,408
02/26/2003,BDL,CT,ANE,EN,Combined TRACON& Tower with Radar,195,117,66,17,395,0,10,28,10,48,195,127,94,27,443,6,0,6,449
02/27/2003,BDL,CT,ANE,EN,Combined TRACON& Tower with Radar,196,110,62,15,383,0,20,10,2,32,196,130,72,17,415,8,2,10,425
02/28/2003,BDL,CT,ANE,EN,Combined TRACON& Tower with Radar,193,113,58,8,372,0,29,0,0,29,193,142,58,8,401,6,0,6,407
03/01/2003,BDL,CT,ANE,EN,Combined TRACON& Tower with Radar,142,66,30,7,245,18,0,0,0,18,160,66,30,7,263,4,0,4,267
03/02/2003,BDL,CT,ANE,EN,Combined TRACON& Tower with Radar,139,79,21,4,243,27,0,0,0,27,166,79,21,4,270,0,0,0,270
03/03/2003,BDL,CT,ANE,EN,Combined TRACON& Tower with Radar,168,101,40,9,318,10,3,0,0,13,178,104,40,9,331,10,0,10,341
03/04/2003,BDL,CT,ANE,EN,Combined TRACON& Tower with Radar,192,123,70,12,397,0,19,1,5,25,192,142,71,17,422,14,0,14,436
03/05/2003,BDL,CT,ANE,EN,Combined TRACON& Tower with Radar,193,120,54,3,370,0,16,0,0,16,193,136,54,3,386,0,0,0,386
03/06/2003,BDL,CT,ANE,EN,Combined TRACON& Tower with Radar,186,113,55,4,358,0,15,0,0,15,186,128,55,4,373,0,0,0,373
03/07/2003,BDL,CT,ANE,EN,Combined TRACON& Tower with Radar,191,129,69,13,402,0,4,0,8,12,191,133,69,21,414,14,0,14,428
03/08/2003,BDL,CT,ANE,EN,Combined TRACON& Tower with Radar,150,69,46,9,274,9,0,0,6,15,159,69,46,15,289,12,0,12,301
03/09/2003,BDL,CT,ANE,EN,Combined TRACON& Tower with Radar,143,74,22,5,244,29,0,0,0,29,172,74,22,5,273,10,0,10,283
03/10/2003,BDL,CT,ANE,EN,Combined TRACON& Tower with Radar,172,103,59,10,344,9,0,1,1,11,181,103,60,11,355,8,0,8,363
03/11/2003,BDL,CT,ANE,EN,Combined TRACON& Tower with Radar,195,122,62,12,391,0,19,0,10,29,195,141,62,22,420,0,0,0,420
03/12/2003,BDL,CT,ANE,EN,Combined TRACON& Tower with Radar,194,131,74,13,412,0,11,6,1,18,194,142,80,14,430,0,2,2,432
03/13/2003,BDL,CT,ANE,EN,Combined TRACON& Tower with Radar,189,112,40,7,348,1,24,0,0,25,190,136,40,7,373,0,0,0,373
03/14/2003,BDL,CT,ANE,EN,Combined TRACON& Tower with Radar,197,131,73,12,413,0,7,18,0,25,197,138,91,12,438,0,0,0,438
03/15/2003,BDL,CT,ANE,EN,Combined TRACON& Tower with Radar,144,64,33,9,250,16,0,0,1,17,160,64,33,10,267,4,4,8,275
03/16/2003,BDL,CT,ANE,EN,Combined TRACON& Tower with Radar,152,86,51,5,294,17,0,16,0,33,169,86,67,5,327,4,0,4,331
03/17/2003,BDL,CT,ANE,EN,Combined TRACON& Tower with Radar,180,111,63,11,365,0,11,13,0,24,180,122,76,11,389,14,0,14,403
03/18/2003,BDL,CT,ANE,EN,Combined TRACON& Tower with Radar,199,126,71,13,409,0,8,6,5,19,199,134,77,18,428,14,0,14,442
03/19/2003,BDL,CT,ANE,EN,Combined TRACON& Tower with Radar,197,124,71,13,405,0,10,11,1,22,197,134,82,14,427,4,0,4,431
03/20/2003,BDL,CT,ANE,EN,Combined TRACON& Tower with Radar,252,160,77,7,496,0,22,0,0,22,252,182,77,7,518,2,0,2,520
03/21/2003,BDL,CT,ANE,EN,Combined TRACON& Tower with Radar,139,67,47,9,262,0,0,0,1,1,139,67,47,10,263,16,0,16,279
03/22/2003,BDL,CT,ANE,EN,Combined TRACON& Tower with Radar,151,63,50,6,270,10,0,15,0,25,161,63,65,6,295,12,0,12,307
03/23/2003,BDL,CT,ANE,EN,Combined TRACON& Tower with Radar,158,73,39,4,274,16,0,0,0,16,174,73,39,4,290,10,0,10,300
03/24/2003,BDL,CT,ANE,EN,Combined TRACON& Tower with Radar,178,108,66,11,363,0,0,5,0,5,178,108,71,11,368,6,0,6,374
03/25/2003,BDL,CT,ANE,EN,Combined TRACON& Tower with Radar,196,126,71,8,401,0,19,5,0,24,196,145,76,8,425,10,6,16,441
03/26/2003,BDL,CT,ANE,EN,Combined TRACON& Tower with Radar,196,125,67,11,399,0,26,0,0,26,196,151,67,11,425,2,0,2,427
03/27/2003,BDL,CT,ANE,EN,Combined TRACON& Tower with Radar,192,121,68,13,394,0,15,23,7,45,192,136,91,20,439,0,0,0,439
03/28/2003,BDL,CT,ANE,EN,Combined TRACON& Tower with Radar,184,123,68,13,388,0,10,0,5,15,184,133,68,18,403,2,0,2,405
03/29/2003,BDL,CT,ANE,EN,Combined TRACON& Tower with Radar,141,65,24,8,238,16,0,0,5,21,157,65,24,13,259,0,0,0,259
03/30/2003,BDL,CT,ANE,EN,Combined TRACON& Tower with Radar,145,73,19,2,239,21,0,0,0,21,166,73,19,2,260,0,0,0,260
03/31/2003,BDL,CT,ANE,EN,Combined TRACON& Tower with Radar,173,112,64,6,355,0,0,31,0,31,173,112,95,6,386,20,0,20,406
04/01/2003,BDL,CT,ANE,EN,Combined TRACON& Tower with Radar,189,130,74,17,410,0,6,0,0,6,189,136,74,17,416,2,2,4,420
04/02/2003,BDL,CT,ANE,EN,Combined TRACON& Tower with Radar,187,133,67,18,405,0,2,0,0,2,187,135,67,18,407,24,4,28,435
04/03/2003,BDL,CT,ANE,EN,Combined TRACON& Tower with Radar,189,143,75,6,413,0,6,0,0,6,189,149,75,6,419,2,0,2,421
04/04/2003,BDL,CT,ANE,EN,Combined TRACON& Tower with Radar,179,114,35,10,338,14,0,0,0,14,193,114,35,10,352,4,0,4,356
04/05/2003,BDL,CT,ANE,EN,Combined TRACON& Tower with Radar,119,58,26,6,209,38,0,0,0,38,157,58,26,6,247,0,0,0,247
04/06/2003,BDL,CT,ANE,EN,Combined TRACON& Tower with Radar,129,70,31,14,244,27,0,0,8,35,156,70,31,22,279,2,2,4,283
04/07/2003,BDL,CT,ANE,EN,Combined TRACON& Tower with Radar,181,107,57,5,350,7,0,0,0,7,188,107,57,5,357,0,0,0,357
04/08/2003,BDL,CT,ANE,EN,Combined TRACON& Tower with Radar,186,126,62,7,381,0,8,0,0,8,186,134,62,7,389,0,0,0,389
04/09/2003,BDL,CT,ANE,EN,Combined TRACON& Tower with Radar,186,129,53,3,371,0,7,0,0,7,186,136,53,3,378,0,0,0,378
04/10/2003,BDL,CT,ANE,EN,Combined TRACON& Tower with Radar,188,140,89,23,440,0,4,21,0,25,188,144,110,23,465,6,0,6,471
04/11/2003,BDL,CT,ANE,EN,Combined TRACON& Tower with Radar,184,124,57,8,373,0,19,0,0,19,184,143,57,8,392,0,0,0,392
04/12/2003,BDL,CT,ANE,EN,Combined TRACON& Tower with Radar,133,64,49,3,249,24,0,0,0,24,157,64,49,3,273,0,0,0,273
04/13/2003,BDL,CT,ANE,EN,Combined TRACON& Tower with Radar,141,76,55,5,277,20,0,0,0,20,161,76,55,5,297,6,0,6,303
04/14/2003,BDL,CT,ANE,EN,Combined TRACON& Tower with Radar,178,113,76,13,380,0,0,16,0,16,178,113,92,13,396,24,0,24,420
04/15/2003,BDL,CT,ANE,EN,Combined TRACON& Tower with Radar,179,115,69,16,379,2,17,0,0,19,181,132,69,16,398,0,2,2,400
04/16/2003,BDL,CT,ANE,EN,Combined TRACON& Tower with Radar,189,122,71,11,393,0,2,0,0,2,189,124,71,11,395,3,2,5,400
04/17/2003,BDL,CT,ANE,EN,Combined TRACON& Tower with Radar,184,129,74,23,410,0,1,0,2,3,184,130,74,25,413,2,0,2,415
04/18/2003,BDL,CT,ANE,EN,Combined TRACON& Tower with Radar,145,93,59,8,305,40,29,23,0,92,185,122,82,8,397,20,0,20,417
04/19/2003,BDL,CT,ANE,EN,Combined TRACON& Tower with Radar,138,73,50,3,264,16,0,0,0,16,154,73,50,3,280,12,0,12,292
04/20/2003,BDL,CT,ANE,EN,Combined TRACON& Tower with Radar,135,70,39,4,248,27,0,0,0,27,162,70,39,4,275,10,0,10,285
04/21/2003,BDL,CT,ANE,EN,Combined TRACON& Tower with Radar,174,111,73,4,362,0,0,7,0,7,174,111,80,4,369,18,0,18,387
04/22/2003,BDL,CT,ANE,EN,Combined TRACON& Tower with Radar,186,126,63,9,384,0,11,0,0,11,186,137,63,9,395,0,0,0,395
04/23/2003,BDL,CT,ANE,EN,Combined TRACON& Tower with Radar,186,137,80,24,427,0,17,0,7,24,186,154,80,31,451,2,0,2,453
04/24/2003,BDL,CT,ANE,EN,Combined TRACON& Tower with Radar,189,133,84,23,429,0,14,8,2,24,189,147,92,25,453,4,0,4,457
04/25/2003,BDL,CT,ANE,EN,Combined TRACON& Tower with Radar,182,124,79,12,397,0,14,31,0,45,182,138,110,12,442,22,0,22,464
04/26/2003,BDL,CT,ANE,EN,Combined TRACON& Tower with Radar,121,65,29,4,219,32,0,0,0,32,153,65,29,4,251,0,0,0,251
04/27/2003,BDL,CT,ANE,EN,Combined TRACON& Tower with Radar,161,91,69,8,329,0,0,27,0,27,161,91,96,8,356,2,0,2,358
04/28/2003,BDL,CT,ANE,EN,Combined TRACON& Tower with Radar,175,111,71,13,370,5,0,5,0,10,180,111,76,13,380,0,2,2,382
04/29/2003,BDL,CT,ANE,EN,Combined TRACON& Tower with Radar,182,120,75,14,391,0,23,2,0,25,182,143,77,14,416,4,0,4,420
04/30/2003,BDL,CT,ANE,EN,Combined TRACON& Tower with Radar,184,128,81,20,413,0,17,20,0,37,184,145,101,20,450,22,0,22,472
05/01/2003,BDL,CT,ANE,EN,Combined TRACON& Tower with Radar,195,131,83,18,427,0,21,0,0,21,195,152,83,18,448,0,0,0,448
05/02/2003,BDL,CT,ANE,EN,Combined TRACON& Tower with Radar,187,114,64,20,385,0,8,0,0,8,187,122,64,20,393,6,0,6,399
05/03/2003,BDL,CT,ANE,EN,Combined TRACON& Tower with Radar,130,66,44,10,250,27,0,0,0,27,157,66,44,10,277,20,4,24,301
05/04/2003,BDL,CT,ANE,EN,Combined TRACON& Tower with Radar,142,70,58,17,287,18,0,0,6,24,160,70,58,23,311,16,4,20,331
05/05/2003,BDL,CT,ANE,EN,Combined TRACON& Tower with Radar,162,99,73,14,348,13,0,14,0,27,175,99,87,14,375,4,0,4,379
05/06/2003,BDL,CT,ANE,EN,Combined TRACON& Tower with Radar,190,117,70,3,380,0,18,0,0,18,190,135,70,3,398,0,0,0,398
05/07/2003,BDL,CT,ANE,EN,Combined TRACON& Tower with Radar,196,122,88,24,430,0,9,0,0,9,196,131,88,24,439,4,0,4,443
05/08/2003,BDL,CT,ANE,EN,Combined TRACON& Tower with Radar,195,137,102,16,450,0,0,0,0,0,195,137,102,16,450,6,4,10,460
05/09/2003,BDL,CT,ANE,EN,Combined TRACON& Tower with Radar,185,128,94,17,424,0,0,18,0,18,185,128,112,17,442,3,0,3,445
05/10/2003,BDL,CT,ANE,EN,Combined TRACON& Tower with Radar,139,62,62,16,279,7,0,4,0,11,146,62,66,16,290,8,0,8,298
05/11/2003,BDL,CT,ANE,EN,Combined TRACON& Tower with Radar,138,78,36,4,256,34,0,0,0,34,172,78,36,4,290,0,0,0,290
05/12/2003,BDL,CT,ANE,EN,Combined TRACON& Tower with Radar,173,109,80,8,370,0,0,8,0,8,173,109,88,8,378,10,0,10,388
05/13/2003,BDL,CT,ANE,EN,Combined TRACON& Tower with Radar,188,120,88,24,420,0,12,1,0,13,188,132,89,24,433,34,2,36,469
05/14/2003,BDL,CT,ANE,EN,Combined TRACON& Tower with Radar,190,127,82,17,416,0,11,0,0,11,190,138,82,17,427,0,0,0,427
05/15/2003,BDL,CT,ANE,EN,Combined TRACON& Tower with Radar,191,119,80,15,405,0,41,0,0,41,191,160,80,15,446,0,0,0,446
05/16/2003,BDL,CT,ANE,EN,Combined TRACON& Tower with Radar,182,113,63,21,379,0,15,0,0,15,182,128,63,21,394,4,0,4,398
05/17/2003,BDL,CT,ANE,EN,Combined TRACON& Tower with Radar,140,58,61,8,267,13,0,3,0,16,153,58,64,8,283,0,0,0,283
05/18/2003,BDL,CT,ANE,EN,Combined TRACON& Tower with Radar,132,79,43,4,258,27,0,0,0,27,159,79,43,4,285,2,0,2,287
05/19/2003,BDL,CT,ANE,EN,Combined TRACON& Tower with Radar,167,98,74,6,345,0,0,11,0,11,167,98,85,6,356,14,8,22,378
05/20/2003,BDL,CT,ANE,EN,Combined TRACON& Tower with Radar,191,123,89,20,423,0,14,14,0,28,191,137,103,20,451,14,2,16,467
05/21/2003,BDL,CT,ANE,EN,Combined TRACON& Tower with Radar,184,126,84,26,420,0,1,0,1,2,184,127,84,27,422,0,2,2,424
05/22/2003,BDL,CT,ANE,EN,Combined TRACON& Tower with Radar,191,137,91,25,444,0,0,0,0,0,191,137,91,25,444,4,0,4,448
05/23/2003,BDL,CT,ANE,EN,Combined TRACON& Tower with Radar,183,119,69,17,388,0,8,0,0,8,183,127,69,17,396,0,0,0,396
05/24/2003,BDL,CT,ANE,EN,Combined TRACON& Tower with Radar,114,56,24,5,199,38,0,0,0,38,152,56,24,5,237,1,0,1,238
05/25/2003,BDL,CT,ANE,EN,Combined TRACON& Tower with Radar,143,70,39,16,268,0,0,0,0,0,143,70,39,16,268,4,0,4,272
05/26/2003,BDL,CT,ANE,EN,Combined TRACON& Tower with Radar,131,66,32,6,235,23,0,0,0,23,154,66,32,6,258,0,0,0,258
05/27/2003,BDL,CT,ANE,EN,Combined TRACON& Tower with Radar,171,109,79,23,382,0,7,8,0,15,171,116,87,23,397,2,0,2,399
05/28/2003,BDL,CT,ANE,EN,Combined TRACON& Tower with Radar,185,124,68,20,397,0,25,0,0,25,185,149,68,20,422,0,0,0,422
05/29/2003,BDL,CT,ANE,EN,Combined TRACON& Tower with Radar,187,120,80,24,411,0,12,0,3,15,187,132,80,27,426,2,2,4,430
05/30/2003,BDL,CT,ANE,EN,Combined TRACON& Tower with Radar,182,124,90,24,420,0,7,20,0,27,182,131,110,24,447,4,4,8,455
05/31/2003,BDL,CT,ANE,EN,Combined TRACON& Tower with Radar,129,67,36,12,244,20,0,0,0,20,149,67,36,12,264,0,0,0,264
06/01/2003,BDL,CT,ANE,EN,Combined TRACON& Tower with Radar,154,65,37,7,263,4,0,0,0,4,158,65,37,7,267,0,0,0,267
06/02/2003,BDL,CT,ANE,EN,Combined TRACON& Tower with Radar,171,82,66,16,335,0,9,7,0,16,171,91,73,16,351,2,0,2,353
06/03/2003,BDL,CT,ANE,EN,Combined TRACON& Tower with Radar,185,92,75,18,370,0,42,0,15,57,185,134,75,33,427,20,0,20,447
06/04/2003,BDL,CT,ANE,EN,Combined TRACON& Tower with Radar,190,113,89,22,414,0,13,0,3,16,190,126,89,25,430,0,2,2,432
06/05/2003,BDL,CT,ANE,EN,Combined TRACON& Tower with Radar,186,107,87,14,394,0,29,23,0,52,186,136,110,14,446,0,0,0,446
06/06/2003,BDL,CT,ANE,EN,Combined TRACON& Tower with Radar,182,103,84,18,387,0,26,16,0,42,182,129,100,18,429,2,0,2,431
06/07/2003,BDL,CT,ANE,EN,Combined TRACON& Tower with Radar,142,61,35,12,250,11,0,0,4,15,153,61,35,16,265,6,0,6,271
06/08/2003,BDL,CT,ANE,EN,Combined TRACON& Tower with Radar,159,72,48,15,294,0,0,0,3,3,159,72,48,18,297,0,8,8,305
06/09/2003,BDL,CT,ANE,EN,Combined TRACON& Tower with Radar,171,92,74,14,351,0,18,13,0,31,171,110,87,14,382,18,0,18,400
06/10/2003,BDL,CT,ANE,EN,Combined TRACON& Tower with Radar,183,97,77,20,377,0,36,18,8,62,183,133,95,28,439,4,8,12,451
06/11/2003,BDL,CT,ANE,EN,Combined TRACON& Tower with Radar,182,109,88,22,401,0,32,30,1,63,182,141,118,23,464,0,0,0,464
06/12/2003,BDL,CT,ANE,EN,Combined TRACON& Tower with Radar,197,122,93,25,437,0,15,0,6,21,197,137,93,31,458,6,0,6,464
06/13/2003,BDL,CT,ANE,EN,Combined TRACON& Tower with Radar,190,99,81,14,384,0,18,8,0,26,190,117,89,14,410,1,0,1,411
06/14/2003,BDL,CT,ANE,EN,Combined TRACON& Tower with Radar,162,62,51,9,284,6,0,0,0,6,168,62,51,9,290,25,0,25,315
06/15/2003,BDL,CT,ANE,EN,Combined TRACON& Tower with Radar,157,63,52,13,285,12,0,0,0,12,169,63,52,13,297,4,0,4,301
06/16/2003,BDL,CT,ANE,EN,Combined TRACON& Tower with Radar,180,55,66,0,301,47,0,3,0,50,227,55,69,0,351,6,0,6,357
06/17/2003,BDL,CT,ANE,EN,Combined TRACON& Tower with Radar,214,98,79,12,403,0,6,12,0,18,214,104,91,12,421,10,2,12,433
06/18/2003,BDL,CT,ANE,EN,Combined TRACON& Tower with Radar,198,82,51,7,338,29,0,0,0,29,227,82,51,7,367,0,0,0,367
06/19/2003,BDL,CT,ANE,EN,Combined TRACON& Tower with Radar,214,92,69,12,387,18,0,0,0,18,232,92,69,12,405,0,0,0,405
06/20/2003,BDL,CT,ANE,EN,Combined TRACON& Tower with Radar,220,89,64,16,389,2,0,0,0,2,222,89,64,16,391,5,0,5,396
06/21/2003,BDL,CT,ANE,EN,Combined TRACON& Tower with Radar,130,30,9,0,169,63,0,0,0,63,193,30,9,0,232,0,0,0,232
06/22/2003,BDL,CT,ANE,EN,Combined TRACON& Tower with Radar,136,48,13,1,198,38,0,0,0,38,174,48,13,1,236,0,0,0,236
06/23/2003,BDL,CT,ANE,EN,Combined TRACON& Tower with Radar,203,73,53,14,343,0,0,0,0,0,203,73,53,14,343,10,4,14,357
06/24/2003,BDL,CT,ANE,EN,Combined TRACON& Tower with Radar,201,91,69,10,371,13,10,0,0,23,214,101,69,10,394,2,15,17,411
06/25/2003,BDL,CT,ANE,EN,Combined TRACON& Tower with Radar,216,91,66,7,380,0,0,0,0,0,216,91,66,7,380,0,0,0,380
06/26/2003,BDL,CT,ANE,EN,Combined TRACON& Tower with Radar,215,98,57,13,383,3,11,0,0,14,218,109,57,13,397,12,0,12,409
06/27/2003,BDL,CT,ANE,EN,Combined TRACON& Tower with Radar,214,106,66,20,406,0,7,0,2,9,214,113,66,22,415,2,0,2,417
06/28/2003,BDL,CT,ANE,EN,Combined TRACON& Tower with Radar,126,31,15,4,176,57,0,0,0,57,183,31,15,4,233,6,2,8,241
06/29/2003,BDL,CT,ANE,EN,Combined TRACON& Tower with Radar,137,44,50,6,237,33,0,2,0,35,170,44,52,6,272,8,0,8,280
06/30/2003,BDL,CT,ANE,EN,Combined TRACON& Tower with Radar,179,68,49,2,298,19,0,0,0,19,198,68,49,2,317,20,0,20,337
07/01/2003,BDL,CT,ANE,EN,Combined TRACON& Tower with Radar,201,88,53,5,347,0,6,54,0,60,201,94,107,5,407,14,2,16,423
07/02/2003,BDL,CT,ANE,EN,Combined TRACON& Tower with Radar,211,83,41,5,340,0,11,0,0,11,211,94,41,5,351,6,0,6,357
07/03/2003,BDL,CT,ANE,EN,Combined TRACON& Tower with Radar,207,81,49,5,342,16,2,11,1,30,223,83,60,6,372,6,0,6,378
07/04/2003,BDL,CT,ANE,EN,Combined TRACON& Tower with Radar,124,23,14,0,161,43,0,0,0,43,167,23,14,0,204,0,0,0,204
07/05/2003,BDL,CT,ANE,EN,Combined TRACON& Tower with Radar,142,25,20,1,188,46,0,0,0,46,188,25,20,1,234,2,0,2,236
07/06/2003,BDL,CT,ANE,EN,Combined TRACON& Tower with Radar,156,55,19,0,230,39,0,0,0,39,195,55,19,0,269,2,0,2,271
07/07/2003,BDL,CT,ANE,EN,Combined TRACON& Tower with Radar,205,60,48,0,313,26,0,16,0,42,231,60,64,0,355,6,0,6,361
07/08/2003,BDL,CT,ANE,EN,Combined TRACON& Tower with Radar,226,87,53,5,371,0,0,26,2,28,226,87,79,7,399,10,0,10,409
07/09/2003,BDL,CT,ANE,EN,Combined TRACON& Tower with Radar,227,94,57,6,384,0,0,13,5,18,227,94,70,11,402,8,0,8,410
07/10/2003,BDL,CT,ANE,EN,Combined TRACON& Tower with Radar,234,96,58,6,394,0,2,8,2,12,234,98,66,8,406,0,0,0,406
07/11/2003,BDL,CT,ANE,EN,Combined TRACON& Tower with Radar,208,84,43,5,340,0,10,0,3,13,208,94,43,8,353,0,0,0,353
07/12/2003,BDL,CT,ANE,EN,Combined TRACON& Tower with Radar,155,40,27,4,226,23,0,0,6,29,178,40,27,10,255,12,4,16,271
07/13/2003,BDL,CT,ANE,EN,Combined TRACON& Tower with Radar,167,60,25,4,256,17,0,0,43,60,184,60,25,47,316,8,2,10,326
07/14/2003,BDL,CT,ANE,EN,Combined TRACON& Tower with Radar,199,80,48,2,329,0,3,56,0,59,199,83,104,2,388,2,0,2,390
07/15/2003,BDL,CT,ANE,EN,Combined TRACON& Tower with Radar,219,90,53,3,365,0,8,31,0,39,219,98,84,3,404,0,0,0,404
07/16/2003,BDL,CT,ANE,EN,Combined TRACON& Tower with Radar,237,101,61,7,406,0,8,11,8,27,237,109,72,15,433,0,0,0,433
07/17/2003,BDL,CT,ANE,EN,Combined TRACON& Tower with Radar,229,95,57,7,388,0,1,21,2,24,229,96,78,9,412,16,0,16,428
07/18/2003,BDL,CT,ANE,EN,Combined TRACON& Tower with Radar,210,89,53,7,359,0,22,0,0,22,210,111,53,7,381,0,0,0,381
07/19/2003,BDL,CT,ANE,EN,Combined TRACON& Tower with Radar,163,39,37,0,239,26,0,3,0,29,189,39,40,0,268,20,0,20,288
07/20/2003,BDL,CT,ANE,EN,Combined TRACON& Tower with Radar,157,37,34,0,228,31,0,0,0,31,188,37,34,0,259,0,0,0,259
07/21/2003,BDL,CT,ANE,EN,Combined TRACON& Tower with Radar,204,81,49,1,335,0,3,28,0,31,204,84,77,1,366,16,0,16,382
07/22/2003,BDL,CT,ANE,EN,Combined TRACON& Tower with Radar,239,100,60,7,406,0,13,13,5,31,239,113,73,12,437,0,2,2,439
07/23/2003,BDL,CT,ANE,EN,Combined TRACON& Tower with Radar,222,94,56,7,379,0,1,18,4,23,222,95,74,11,402,1,0,1,403
07/24/2003,BDL,CT,ANE,EN,Combined TRACON& Tower with Radar,227,97,58,7,389,0,3,20,3,26,227,100,78,10,415,0,0,0,415
07/25/2003,BDL,CT,ANE,EN,Combined TRACON& Tower with Radar,211,89,53,6,359,0,16,1,3,20,211,105,54,9,379,4,2,6,385
07/26/2003,BDL,CT,ANE,EN,Combined TRACON& Tower with Radar,171,51,39,2,263,8,0,9,0,17,179,51,48,2,280,6,0,6,286
07/27/2003,BDL,CT,ANE,EN,Combined TRACON& Tower with Radar,177,58,36,1,272,20,0,0,0,20,197,58,36,1,292,2,0,2,294
07/28/2003,BDL,CT,ANE,EN,Combined TRACON& Tower with Radar,206,84,49,0,339,0,22,42,0,64,206,106,91,0,403,10,0,10,413
07/29/2003,BDL,CT,ANE,EN,Combined TRACON& Tower with Radar,208,80,34,5,327,0,14,0,42,56,208,94,34,47,383,12,0,12,395
07/30/2003,BDL,CT,ANE,EN,Combined TRACON& Tower with Radar,201,84,49,5,339,0,22,33,0,55,201,106,82,5,394,2,0,2,396
07/31/2003,BDL,CT,ANE,EN,Combined TRACON& Tower with Radar,215,93,55,6,369,0,24,0,1,25,215,117,55,7,394,1,0,1,395
08/01/2003,BDL,CT,ANE,EN,Combined TRACON& Tower with Radar,217,87,56,4,364,0,0,12,0,12,217,87,68,4,376,0,0,0,376
08/02/2003,BDL,CT,ANE,EN,Combined TRACON& Tower with Radar,193,66,48,6,313,11,0,5,2,18,204,66,53,8,331,7,0,7,338
08/03/2003,BDL,CT,ANE,EN,Combined TRACON& Tower with Radar,165,53,38,0,256,27,0,0,0,27,192,53,38,0,283,2,0,2,285
08/04/2003,BDL,CT,ANE,EN,Combined TRACON& Tower with Radar,208,77,53,6,344,1,0,5,8,14,209,77,58,14,358,0,0,0,358
08/05/2003,BDL,CT,ANE,EN,Combined TRACON& Tower with Radar,212,99,57,1,369,0,22,0,0,22,212,121,57,1,391,0,0,0,391
08/06/2003,BDL,CT,ANE,EN,Combined TRACON& Tower with Radar,209,104,60,7,380,0,16,13,2,31,209,120,73,9,411,7,0,7,418
08/07/2003,BDL,CT,ANE,EN,Combined TRACON& Tower with Radar,207,102,59,4,372,0,12,18,0,30,207,114,77,4,402,0,0,0,402
08/08/2003,BDL,CT,ANE,EN,Combined TRACON& Tower with Radar,209,95,55,6,365,0,2,0,6,8,209,97,55,12,373,4,0,4,377
08/09/2003,BDL,CT,ANE,EN,Combined TRACON& Tower with Radar,152,35,38,0,225,33,0,5,0,38,185,35,43,0,263,0,0,0,263
08/10/2003,BDL,CT,ANE,EN,Combined TRACON& Tower with Radar,189,83,38,4,314,4,6,0,0,10,193,89,38,4,324,0,0,0,324
08/11/2003,BDL,CT,ANE,EN,Combined TRACON& Tower with Radar,190,83,48,3,324,0,0,11,0,11,190,83,59,3,335,15,10,25,360
08/12/2003,BDL,CT,ANE,EN,Combined TRACON& Tower with Radar,205,102,58,6,371,0,23,8,0,31,205,125,66,6,402,0,0,0,402
08/13/2003,BDL,CT,ANE,EN,Combined TRACON& Tower with Radar,214,104,58,7,383,0,18,6,0,24,214,122,64,7,407,2,0,2,409
08/14/2003,BDL,CT,ANE,EN,Combined TRACON& Tower with Radar,204,104,58,8,374,0,20,12,1,33,204,124,70,9,407,14,0,14,421
08/15/2003,BDL,CT,ANE,EN,Combined TRACON& Tower with Radar,189,98,55,4,346,0,22,19,0,41,189,120,74,4,387,14,4,18,405
08/16/2003,BDL,CT,ANE,EN,Combined TRACON& Tower with Radar,150,41,21,5,217,38,0,0,1,39,188,41,21,6,256,4,0,4,260
08/17/2003,BDL,CT,ANE,EN,Combined TRACON& Tower with Radar,172,63,32,1,268,26,0,0,0,26,198,63,32,1,294,0,0,0,294
08/18/2003,BDL,CT,ANE,EN,Combined TRACON& Tower with Radar,210,79,51,7,347,0,0,8,5,13,210,79,59,12,360,12,0,12,372
08/19/2003,BDL,CT,ANE,EN,Combined TRACON& Tower with Radar,211,98,56,8,373,0,25,121,3,149,211,123,177,11,522,14,0,14,536
08/20/2003,BDL,CT,ANE,EN,Combined TRACON& Tower with Radar,197,96,55,7,355,0,27,1,2,30,197,123,56,9,385,16,0,16,401
08/21/2003,BDL,CT,ANE,EN,Combined TRACON& Tower with Radar,197,101,58,8,364,0,30,2,5,37,197,131,60,13,401,12,4,16,417
08/22/2003,BDL,CT,ANE,EN,Combined TRACON& Tower with Radar,209,95,50,7,361,0,7,0,7,14,209,102,50,14,375,0,0,0,375
08/23/2003,BDL,CT,ANE,EN,Combined TRACON& Tower with Radar,147,51,25,0,223,28,0,0,0,28,175,51,25,0,251,2,0,2,253
08/24/2003,BDL,CT,ANE,EN,Combined TRACON& Tower with Radar,155,64,36,0,255,18,0,0,0,18,173,64,36,0,273,8,0,8,281
08/25/2003,BDL,CT,ANE,EN,Combined TRACON& Tower with Radar,195,76,48,2,321,3,0,10,0,13,198,76,58,2,334,12,0,12,346
08/26/2003,BDL,CT,ANE,EN,Combined TRACON& Tower with Radar,217,95,50,6,368,2,1,0,1,4,219,96,50,7,372,4,6,10,382
08/27/2003,BDL,CT,ANE,EN,Combined TRACON& Tower with Radar,207,96,55,6,364,0,15,4,5,24,207,111,59,11,388,2,0,2,390
08/28/2003,BDL,CT,ANE,EN,Combined TRACON& Tower with Radar,216,97,55,6,374,0,4,0,6,10,216,101,55,12,384,12,4,16,400
08/29/2003,BDL,CT,ANE,EN,Combined TRACON& Tower with Radar,216,94,38,6,354,9,3,0,7,19,225,97,38,13,373,0,2,2,375
08/30/2003,BDL,CT,ANE,EN,Combined TRACON& Tower with Radar,142,28,24,1,195,48,0,0,0,48,190,28,24,1,243,12,0,12,255
08/31/2003,BDL,CT,ANE,EN,Combined TRACON& Tower with Radar,164,29,22,0,215,66,0,0,0,66,230,29,22,0,281,24,0,24,305
09/01/2003,BDL,CT,ANE,EN,Combined TRACON& Tower with Radar,164,49,44,2,259,3,0,35,0,38,167,49,79,2,297,0,0,0,297
09/02/2003,BDL,CT,ANE,EN,Combined TRACON& Tower with Radar,194,64,51,6,315,12,0,8,7,27,206,64,59,13,342,0,0,0,342
09/03/2003,BDL,CT,ANE,EN,Combined TRACON& Tower with Radar,217,96,57,7,377,10,0,2,5,17,227,96,59,12,394,0,0,0,394
09/04/2003,BDL,CT,ANE,EN,Combined TRACON& Tower with Radar,231,111,60,8,410,0,13,0,4,17,231,124,60,12,427,0,0,0,427
09/05/2003,BDL,CT,ANE,EN,Combined TRACON& Tower with Radar,188,89,51,6,334,0,10,25,1,36,188,99,76,7,370,8,0,8,378
09/06/2003,BDL,CT,ANE,EN,Combined TRACON& Tower with Radar,144,35,38,4,221,30,0,77,9,116,174,35,115,13,337,16,0,16,353
09/07/2003,BDL,CT,ANE,EN,Combined TRACON& Tower with Radar,158,55,42,1,256,25,0,47,0,72,183,55,89,1,328,6,0,6,334
09/08/2003,BDL,CT,ANE,EN,Combined TRACON& Tower with Radar,182,64,48,0,294,29,0,44,0,73,211,64,92,0,367,4,0,4,371
09/09/2003,BDL,CT,ANE,EN,Combined TRACON& Tower with Radar,195,96,53,7,351,0,17,22,0,39,195,113,75,7,390,0,0,0,390
09/10/2003,BDL,CT,ANE,EN,Combined TRACON& Tower with Radar,207,100,56,8,371,0,13,47,7,67,207,113,103,15,438,0,0,0,438
09/11/2003,BDL,CT,ANE,EN,Combined TRACON& Tower with Radar,202,100,57,8,367,0,10,17,6,33,202,110,74,14,400,0,0,0,400
09/12/2003,BDL,CT,ANE,EN,Combined TRACON& Tower with Radar,203,94,53,8,358,0,3,31,0,34,203,97,84,8,392,0,2,2,394
09/13/2003,BDL,CT,ANE,EN,Combined TRACON& Tower with Radar,139,38,36,2,215,36,0,4,0,40,175,38,40,2,255,6,0,6,261
09/14/2003,BDL,CT,ANE,EN,Combined TRACON& Tower with Radar,165,67,43,0,275,15,0,0,0,15,180,67,43,0,290,0,0,0,290
09/15/2003,BDL,CT,ANE,EN,Combined TRACON& Tower with Radar,196,83,52,4,335,0,0,19,0,19,196,83,71,4,354,4,0,4,358
09/16/2003,BDL,CT,ANE,EN,Combined TRACON& Tower with Radar,219,103,57,5,384,0,2,23,0,25,219,105,80,5,409,6,0,6,415
09/17/2003,BDL,CT,ANE,EN,Combined TRACON& Tower with Radar,197,93,53,8,351,0,17,47,1,65,197,110,100,9,416,18,0,18,434
09/18/2003,BDL,CT,ANE,EN,Combined TRACON& Tower with Radar,205,101,58,4,368,0,21,0,0,21,205,122,58,4,389,0,0,0,389
09/19/2003,BDL,CT,ANE,EN,Combined TRACON& Tower with Radar,205,93,43,4,345,2,13,0,0,15,207,106,43,4,360,0,0,0,360
09/20/2003,BDL,CT,ANE,EN,Combined TRACON& Tower with Radar,145,44,27,0,216,37,0,0,0,37,182,44,27,0,253,0,0,0,253
09/21/2003,BDL,CT,ANE,EN,Combined TRACON& Tower with Radar,160,72,41,5,278,18,79,5,0,102,178,151,46,5,380,0,0,0,380
09/22/2003,BDL,CT,ANE,EN,Combined TRACON& Tower with Radar,193,79,49,7,328,7,0,38,5,50,200,79,87,12,378,0,0,0,378
09/23/2003,BDL,CT,ANE,EN,Combined TRACON& Tower with Radar,209,102,57,5,373,0,28,0,0,28,209,130,57,5,401,0,0,0,401
09/24/2003,BDL,CT,ANE,EN,Combined TRACON& Tower with Radar,201,105,60,8,374,0,26,47,9,82,201,131,107,17,456,2,0,2,458
09/25/2003,BDL,CT,ANE,EN,Combined TRACON& Tower with Radar,205,113,64,8,390,0,25,28,8,61,205,138,92,16,451,24,0,24,475
09/26/2003,BDL,CT,ANE,EN,Combined TRACON& Tower with Radar,206,101,56,7,370,0,4,14,7,25,206,105,70,14,395,0,0,0,395
09/27/2003,BDL,CT,ANE,EN,Combined TRACON& Tower with Radar,143,52,37,0,232,17,0,5,0,22,160,52,42,0,254,32,0,32,286
09/28/2003,BDL,CT,ANE,EN,Combined TRACON& Tower with Radar,144,65,37,1,247,11,0,0,0,11,155,65,37,1,258,8,4,12,270
09/29/2003,BDL,CT,ANE,EN,Combined TRACON& Tower with Radar,169,89,50,6,314,0,8,61,1,70,169,97,111,7,384,0,0,0,384
09/30/2003,BDL,CT,ANE,EN,Combined TRACON& Tower with Radar,181,98,55,7,341,0,36,39,1,76,181,134,94,8,417,30,10,40,457
10/01/2003,BDL,CT,ANE,EN,Combined TRACON& Tower with Radar,186,112,52,7,357,0,17,31,0,48,186,129,83,7,405,26,0,26,431
10/02/2003,BDL,CT,ANE,EN,Combined TRACON& Tower with Radar,179,109,50,7,345,0,11,32,4,47,179,120,82,11,392,37,10,47,439
10/03/2003,BDL,CT,ANE,EN,Combined TRACON& Tower with Radar,183,109,50,7,349,0,10,37,6,53,183,119,87,13,402,46,0,46,448
10/04/2003,BDL,CT,ANE,EN,Combined TRACON& Tower with Radar,122,53,29,3,207,39,0,0,0,39,161,53,29,3,246,30,2,32,278
10/05/2003,BDL,CT,ANE,EN,Combined TRACON& Tower with Radar,138,67,38,2,245,22,0,32,0,54,160,67,70,2,299,50,0,50,349
10/06/2003,BDL,CT,ANE,EN,Combined TRACON& Tower with Radar,172,101,47,6,326,0,0,48,2,50,172,101,95,8,376,69,0,69,445
10/07/2003,BDL,CT,ANE,EN,Combined TRACON& Tower with Radar,184,116,54,7,361,0,20,40,13,73,184,136,94,20,434,7,0,7,441
10/08/2003,BDL,CT,ANE,EN,Combined TRACON& Tower with Radar,190,119,55,7,371,0,6,58,7,71,190,125,113,14,442,4,0,4,446
10/09/2003,BDL,CT,ANE,EN,Combined TRACON& Tower with Radar,186,119,56,7,368,0,8,42,12,62,186,127,98,19,430,27,10,37,467
10/10/2003,BDL,CT,ANE,EN,Combined TRACON& Tower with Radar,183,124,58,8,373,0,2,25,9,36,183,126,83,17,409,28,0,28,437
10/11/2003,BDL,CT,ANE,EN,Combined TRACON& Tower with Radar,127,55,35,1,218,32,0,39,0,71,159,55,74,1,289,30,0,30,319
10/12/2003,BDL,CT,ANE,EN,Combined TRACON& Tower with Radar,142,65,39,0,246,18,0,9,0,27,160,65,48,0,273,26,0,26,299
10/13/2003,BDL,CT,ANE,EN,Combined TRACON& Tower with Radar,159,81,42,7,289,14,0,66,2,82,173,81,108,9,371,40,0,40,411
10/14/2003,BDL,CT,ANE,EN,Combined TRACON& Tower with Radar,179,105,49,8,341,0,0,53,6,59,179,105,102,14,400,16,4,20,420
10/15/2003,BDL,CT,ANE,EN,Combined TRACON& Tower with Radar,189,118,46,8,361,0,22,0,6,28,189,140,46,14,389,6,0,6,395
10/16/2003,BDL,CT,ANE,EN,Combined TRACON& Tower with Radar,188,115,52,8,363,0,7,44,4,55,188,122,96,12,418,18,0,18,436
10/17/2003,BDL,CT,ANE,EN,Combined TRACON& Tower with Radar,184,109,50,8,351,0,8,35,9,52,184,117,85,17,403,26,4,30,433
10/18/2003,BDL,CT,ANE,EN,Combined TRACON& Tower with Radar,127,53,34,5,219,24,0,12,13,49,151,53,46,18,268,41,9,50,318
10/19/2003,BDL,CT,ANE,EN,Combined TRACON& Tower with Radar,150,78,40,6,274,8,0,0,9,17,158,78,40,15,291,19,0,19,310
10/20/2003,BDL,CT,ANE,EN,Combined TRACON& Tower with Radar,171,93,46,0,310,0,0,46,0,46,171,93,92,0,356,48,0,48,404
10/21/2003,BDL,CT,ANE,EN,Combined TRACON& Tower with Radar,183,111,51,8,353,0,18,8,6,32,183,129,59,14,385,28,0,28,413
10/22/2003,BDL,CT,ANE,EN,Combined TRACON& Tower with Radar,183,113,52,8,356,0,16,7,6,29,183,129,59,14,385,20,0,20,405
10/23/2003,BDL,CT,ANE,EN,Combined TRACON& Tower with Radar,189,133,61,9,392,0,23,49,4,76,189,156,110,13,468,36,2,38,506
10/24/2003,BDL,CT,ANE,EN,Combined TRACON& Tower with Radar,183,111,51,8,353,0,8,51,5,64,183,119,102,13,417,34,6,40,457
10/25/2003,BDL,CT,ANE,EN,Combined TRACON& Tower with Radar,127,54,34,3,218,31,0,43,0,74,158,54,77,3,292,40,0,40,332
10/26/2003,BDL,CT,ANE,EN,Combined TRACON& Tower with Radar,128,61,21,0,210,30,0,0,0,30,158,61,21,0,240,8,0,8,248
10/27/2003,BDL,CT,ANE,EN,Combined TRACON& Tower with Radar,173,100,46,2,321,1,1,5,0,7,174,101,51,2,328,8,0,8,336
10/28/2003,BDL,CT,ANE,EN,Combined TRACON& Tower with Radar,181,114,52,8,355,0,17,81,1,99,181,131,133,9,454,58,4,62,516
10/29/2003,BDL,CT,ANE,EN,Combined TRACON& Tower with Radar,180,107,48,3,338,0,18,0,0,18,180,125,48,3,356,20,0,20,376
10/30/2003,BDL,CT,ANE,EN,Combined TRACON& Tower with Radar,185,111,51,8,355,0,14,55,8,77,185,125,106,16,432,26,0,26,458
10/31/2003,BDL,CT,ANE,EN,Combined TRACON& Tower with Radar,178,103,47,6,334,4,12,47,0,63,182,115,94,6,397,16,0,16,413
11/01/2003,BDL,CT,ANE,EN,Combined TRACON& Tower with Radar,129,51,35,4,219,31,0,21,19,71,160,51,56,23,290,30,0,30,320
11/02/2003,BDL,CT,ANE,EN,Combined TRACON& Tower with Radar,145,59,40,4,248,18,0,40,13,71,163,59,80,17,319,20,0,20,339
11/03/2003,BDL,CT,ANE,EN,Combined TRACON& Tower with Radar,166,104,51,4,325,0,0,44,0,44,166,104,95,4,369,29,0,29,398
11/04/2003,BDL,CT,ANE,EN,Combined TRACON& Tower with Radar,180,115,56,6,357,0,8,9,10,27,180,123,65,16,384,8,0,8,392
11/05/2003,BDL,CT,ANE,EN,Combined TRACON& Tower with Radar,182,120,58,6,366,0,21,8,4,33,182,141,66,10,399,0,0,0,399
11/06/2003,BDL,CT,ANE,EN,Combined TRACON& Tower with Radar,190,120,59,6,375,0,17,14,11,42,190,137,73,17,417,28,0,28,445
11/07/2003,BDL,CT,ANE,EN,Combined TRACON& Tower with Radar,180,107,53,5,345,0,14,43,6,63,180,121,96,11,408,56,0,56,464
11/08/2003,BDL,CT,ANE,EN,Combined TRACON& Tower with Radar,125,50,33,4,212,32,0,6,4,42,157,50,39,8,254,23,0,23,277
11/09/2003,BDL,CT,ANE,EN,Combined TRACON& Tower with Radar,152,66,41,5,264,13,0,85,7,105,165,66,126,12,369,36,0,36,405
11/10/2003,BDL,CT,ANE,EN,Combined TRACON& Tower with Radar,168,95,46,6,315,0,4,43,0,47,168,99,89,6,362,34,0,34,396
11/11/2003,BDL,CT,ANE,EN,Combined TRACON& Tower with Radar,183,106,52,0,341,0,17,21,0,38,183,123,73,0,379,32,0,32,411
11/12/2003,BDL,CT,ANE,EN,Combined TRACON& Tower with Radar,181,100,52,5,338,0,0,29,0,29,181,100,81,5,367,20,0,20,387
11/13/2003,BDL,CT,ANE,EN,Combined TRACON& Tower with Radar,196,112,47,2,357,0,18,0,0,18,196,130,47,2,375,10,0,10,385
11/14/2003,BDL,CT,ANE,EN,Combined TRACON& Tower with Radar,184,105,43,5,337,0,25,0,0,25,184,130,43,5,362,8,0,8,370
11/15/2003,BDL,CT,ANE,EN,Combined TRACON& Tower with Radar,124,47,33,3,207,38,0,16,0,54,162,47,49,3,261,16,0,16,277
11/16/2003,BDL,CT,ANE,EN,Combined TRACON& Tower with Radar,145,68,38,0,251,19,0,47,0,66,164,68,85,0,317,32,2,34,351
11/17/2003,BDL,CT,ANE,EN,Combined TRACON& Tower with Radar,167,96,48,6,317,0,0,30,5,35,167,96,78,11,352,18,2,20,372
11/18/2003,BDL,CT,ANE,EN,Combined TRACON& Tower with Radar,181,118,57,7,363,0,16,25,3,44,181,134,82,10,407,24,3,27,434
11/19/2003,BDL,CT,ANE,EN,Combined TRACON& Tower with Radar,184,106,47,0,337,0,21,0,0,21,184,127,47,0,358,2,0,2,360
11/20/2003,BDL,CT,ANE,EN,Combined TRACON& Tower with Radar,185,117,57,7,366,0,20,18,11,49,185,137,75,18,415,0,0,0,415
11/21/2003,BDL,CT,ANE,EN,Combined TRACON& Tower with Radar,180,114,55,7,356,0,12,81,5,98,180,126,136,12,454,62,2,64,518
11/22/2003,BDL,CT,ANE,EN,Combined TRACON& Tower with Radar,141,54,37,5,237,18,0,48,2,68,159,54,85,7,305,75,2,77,382
11/23/2003,BDL,CT,ANE,EN,Combined TRACON& Tower with Radar,142,63,37,2,244,21,0,31,0,52,163,63,68,2,296,54,0,54,350
11/24/2003,BDL,CT,ANE,EN,Combined TRACON& Tower with Radar,170,98,48,4,320,0,7,33,0,40,170,105,81,4,360,32,0,32,392
11/25/2003,BDL,CT,ANE,EN,Combined TRACON& Tower with Radar,192,116,56,7,371,0,20,46,9,75,192,136,102,16,446,40,0,40,486
11/26/2003,BDL,CT,ANE,EN,Combined TRACON& Tower with Radar,187,108,52,6,353,0,19,29,3,51,187,127,81,9,404,0,0,0,404
11/27/2003,BDL,CT,ANE,EN,Combined TRACON& Tower with Radar,102,56,25,2,185,27,0,0,0,27,129,56,25,2,212,0,0,0,212
11/28/2003,BDL,CT,ANE,EN,Combined TRACON& Tower with Radar,120,49,18,0,187,34,0,0,0,34,154,49,18,0,221,0,0,0,221
11/29/2003,BDL,CT,ANE,EN,Combined TRACON& Tower with Radar,126,57,22,0,205,34,0,0,0,34,160,57,22,0,239,10,0,10,249
11/30/2003,BDL,CT,ANE,EN,Combined TRACON& Tower with Radar,158,83,42,0,283,10,0,53,0,63,168,83,95,0,346,28,0,28,374
12/01/2003,BDL,CT,ANE,EN,Combined TRACON& Tower with Radar,171,100,43,1,315,0,4,28,0,32,171,104,71,1,347,10,0,10,357
12/02/2003,BDL,CT,ANE,EN,Combined TRACON& Tower with Radar,195,116,49,6,366,0,27,8,10,45,195,143,57,16,411,16,8,24,435
12/03/2003,BDL,CT,ANE,EN,Combined TRACON& Tower with Radar,193,116,49,6,364,0,7,47,19,73,193,123,96,25,437,6,3,9,446
12/04/2003,BDL,CT,ANE,EN,Combined TRACON& Tower with Radar,191,121,50,7,369,0,7,65,5,77,191,128,115,12,446,23,3,26,472
12/05/2003,BDL,CT,ANE,EN,Combined TRACON& Tower with Radar,193,120,50,1,364,0,26,21,0,47,193,146,71,1,411,0,0,0,411
12/06/2003,BDL,CT,ANE,EN,Combined TRACON& Tower with Radar,78,37,9,1,125,18,0,0,0,18,96,37,9,1,143,0,0,0,143
12/07/2003,BDL,CT,ANE,EN,Combined TRACON& Tower with Radar,122,56,28,0,206,17,0,4,0,21,139,56,32,0,227,2,0,2,229
12/08/2003,BDL,CT,ANE,EN,Combined TRACON& Tower with Radar,176,102,45,6,329,0,0,60,8,68,176,102,105,14,397,18,0,18,415
12/09/2003,BDL,CT,ANE,EN,Combined TRACON& Tower with Radar,189,118,49,7,363,0,7,43,15,65,189,125,92,22,428,10,4,14,442
12/10/2003,BDL,CT,ANE,EN,Combined TRACON& Tower with Radar,191,117,49,7,364,0,8,18,9,35,191,125,67,16,399,16,8,24,423
12/11/2003,BDL,CT,ANE,EN,Combined TRACON& Tower with Radar,191,124,50,7,372,0,24,11,0,35,191,148,61,7,407,0,0,0,407
12/12/2003,BDL,CT,ANE,EN,Combined TRACON& Tower with Radar,182,107,43,7,339,0,18,15,7,40,182,125,58,14,379,12,9,21,400
12/13/2003,BDL,CT,ANE,EN,Combined TRACON& Tower with Radar,149,49,34,5,237,6,0,66,6,78,155,49,100,11,315,45,0,45,360
12/14/2003,BDL,CT,ANE,EN,Combined TRACON& Tower with Radar,125,47,26,1,199,33,0,0,0,33,158,47,26,1,232,0,0,0,232
12/15/2003,BDL,CT,ANE,EN,Combined TRACON& Tower with Radar,160,101,41,7,309,0,7,14,6,27,160,108,55,13,336,4,0,4,340
12/16/2003,BDL,CT,ANE,EN,Combined TRACON& Tower with Radar,197,124,51,8,380,0,9,79,6,94,197,133,130,14,474,26,0,26,500
12/17/2003,BDL,CT,ANE,EN,Combined TRACON& Tower with Radar,208,120,39,2,369,0,23,0,0,23,208,143,39,2,392,0,0,0,392
12/18/2003,BDL,CT,ANE,EN,Combined TRACON& Tower with Radar,203,131,53,8,395,0,13,49,9,71,203,144,102,17,466,8,7,15,481
12/19/2003,BDL,CT,ANE,EN,Combined TRACON& Tower with Radar,193,117,48,4,362,0,11,62,0,73,193,128,110,4,435,36,0,36,471
12/20/2003,BDL,CT,ANE,EN,Combined TRACON& Tower with Radar,135,57,30,1,223,28,0,23,0,51,163,57,53,1,274,12,0,12,286
12/21/2003,BDL,CT,ANE,EN,Combined TRACON& Tower with Radar,137,62,31,3,233,28,0,27,0,55,165,62,58,3,288,18,0,18,306
12/22/2003,BDL,CT,ANE,EN,Combined TRACON& Tower with Radar,174,95,39,6,314,1,0,46,5,52,175,95,85,11,366,20,0,20,386
12/23/2003,BDL,CT,ANE,EN,Combined TRACON& Tower with Radar,201,111,45,7,364,1,21,20,3,45,202,132,65,10,409,22,0,22,431
12/24/2003,BDL,CT,ANE,EN,Combined TRACON& Tower with Radar,157,87,11,0,255,17,14,0,0,31,174,101,11,0,286,10,0,10,296
12/25/2003,BDL,CT,ANE,EN,Combined TRACON& Tower with Radar,118,66,6,0,190,21,4,0,0,25,139,70,6,0,215,0,0,0,215
12/26/2003,BDL,CT,ANE,EN,Combined TRACON& Tower with Radar,133,62,30,1,226,32,0,3,0,35,165,62,33,1,261,4,0,4,265
12/27/2003,BDL,CT,ANE,EN,Combined TRACON& Tower with Radar,130,46,29,2,207,29,0,51,0,80,159,46,80,2,287,24,0,24,311
12/28/2003,BDL,CT,ANE,EN,Combined TRACON& Tower with Radar,137,54,31,2,224,29,0,44,0,73,166,54,75,2,297,14,0,14,311
12/29/2003,BDL,CT,ANE,EN,Combined TRACON& Tower with Radar,158,86,35,1,280,14,0,22,0,36,172,86,57,1,316,26,0,26,342
12/30/2003,BDL,CT,ANE,EN,Combined TRACON& Tower with Radar,181,100,30,6,317,6,11,0,5,22,187,111,30,11,339,10,0,10,349
12/31/2003,BDL,CT,ANE,EN,Combined TRACON& Tower with Radar,146,81,33,4,264,17,7,3,5,32,163,88,36,9,296,0,0,0,296
01/01/2004,BDL,CT,ANE,EN,Combined TRACON& Tower with Radar,116,67,27,3,213,20,0,8,0,28,136,67,35,3,241,24,0,24,265
01/02/2004,BDL,CT,ANE,EN,Combined TRACON& Tower with Radar,131,62,19,0,212,27,0,0,0,27,158,62,19,0,239,0,0,0,239
01/03/2004,BDL,CT,ANE,EN,Combined TRACON& Tower with Radar,129,57,19,0,205,32,0,0,0,32,161,57,19,0,237,0,0,0,237
01/04/2004,BDL,CT,ANE,EN,Combined TRACON& Tower with Radar,145,74,34,0,253,9,0,9,0,18,154,74,43,0,271,16,0,16,287
01/05/2004,BDL,CT,ANE,EN,Combined TRACON& Tower with Radar,169,94,39,1,303,1,0,5,0,6,170,94,44,1,309,0,0,0,309
01/06/2004,BDL,CT,ANE,EN,Combined TRACON& Tower with Radar,178,111,46,5,340,0,11,24,10,45,178,122,70,15,385,14,5,19,404
01/07/2004,BDL,CT,ANE,EN,Combined TRACON& Tower with Radar,188,113,46,5,352,0,14,14,11,39,188,127,60,16,391,16,0,16,407
01/08/2004,BDL,CT,ANE,EN,Combined TRACON& Tower with Radar,178,107,44,4,333,0,22,28,0,50,178,129,72,4,383,16,0,16,399
01/09/2004,BDL,CT,ANE,EN,Combined TRACON& Tower with Radar,180,106,43,5,334,0,17,5,0,22,180,123,48,5,356,0,8,8,364
01/10/2004,BDL,CT,ANE,EN,Combined TRACON& Tower with Radar,126,53,29,2,210,26,0,4,0,30,152,53,33,2,240,2,0,2,242
01/11/2004,BDL,CT,ANE,EN,Combined TRACON& Tower with Radar,143,66,33,4,246,19,0,16,1,36,162,66,49,5,282,12,0,12,294
01/12/2004,BDL,CT,ANE,EN,Combined TRACON& Tower with Radar,164,103,41,1,309,0,6,19,0,25,164,109,60,1,334,0,0,0,334
01/13/2004,BDL,CT,ANE,EN,Combined TRACON& Tower with Radar,185,116,46,7,354,0,13,18,5,36,185,129,64,12,390,14,0,14,404
01/14/2004,BDL,CT,ANE,EN,Combined TRACON& Tower with Radar,179,110,44,6,339,0,19,39,4,62,179,129,83,10,401,32,5,37,438
01/15/2004,BDL,CT,ANE,EN,Combined TRACON& Tower with Radar,181,119,47,7,354,0,13,28,3,44,181,132,75,10,398,6,2,8,406
01/16/2004,BDL,CT,ANE,EN,Combined TRACON& Tower with Radar,178,110,43,5,336,0,18,22,0,40,178,128,65,5,376,2,0,2,378
01/17/2004,BDL,CT,ANE,EN,Combined TRACON& Tower with Radar,95,41,22,3,161,18,0,28,2,48,113,41,50,5,209,0,0,0,209
01/18/2004,BDL,CT,ANE,EN,Combined TRACON& Tower with Radar,130,59,15,3,207,30,0,0,0,30,160,59,15,3,237,0,0,0,237
01/19/2004,BDL,CT,ANE,EN,Combined TRACON& Tower with Radar,167,96,39,0,302,0,2,29,0,31,167,98,68,0,333,0,0,0,333
01/20/2004,BDL,CT,ANE,EN,Combined TRACON& Tower with Radar,179,99,42,6,326,0,0,34,11,45,179,99,76,17,371,26,8,34,405
01/21/2004,BDL,CT,ANE,EN,Combined TRACON& Tower with Radar,182,116,46,7,351,0,7,46,19,72,182,123,92,26,423,41,0,41,464
01/22/2004,BDL,CT,ANE,EN,Combined TRACON& Tower with Radar,181,114,46,7,348,0,13,23,17,53,181,127,69,24,401,3,27,30,431
01/23/2004,BDL,CT,ANE,EN,Combined TRACON& Tower with Radar,173,105,42,6,326,0,16,21,12,49,173,121,63,18,375,26,0,26,401
01/24/2004,BDL,CT,ANE,EN,Combined TRACON& Tower with Radar,127,50,29,4,210,29,0,21,0,50,156,50,50,4,260,22,0,22,282
01/25/2004,BDL,CT,ANE,EN,Combined TRACON& Tower with Radar,130,58,29,4,221,22,0,15,2,39,152,58,44,6,260,4,0,4,264
01/26/2004,BDL,CT,ANE,EN,Combined TRACON& Tower with Radar,149,83,33,2,267,0,0,24,0,24,149,83,57,2,291,14,7,21,312
01/27/2004,BDL,CT,ANE,EN,Combined TRACON& Tower with Radar,163,99,39,6,307,0,10,6,4,20,163,109,45,10,327,12,11,23,350
01/28/2004,BDL,CT,ANE,EN,Combined TRACON& Tower with Radar,163,94,33,0,290,0,17,0,0,17,163,111,33,0,307,0,0,0,307
01/29/2004,BDL,CT,ANE,EN,Combined TRACON& Tower with Radar,181,119,48,6,354,0,19,20,6,45,181,138,68,12,399,0,0,0,399
01/30/2004,BDL,CT,ANE,EN,Combined TRACON& Tower with Radar,183,107,42,5,337,0,13,24,2,39,183,120,66,7,376,0,0,0,376
01/31/2004,BDL,CT,ANE,EN,Combined TRACON& Tower with Radar,119,51,26,0,196,34,0,6,0,40,153,51,32,0,236,21,0,21,257
02/01/2004,BDL,CT,ANE,EN,Combined TRACON& Tower with Radar,136,66,34,0,236,23,0,22,0,45,159,66,56,0,281,10,0,10,291
02/02/2004,BDL,CT,ANE,EN,Combined TRACON& Tower with Radar,163,100,46,6,315,0,0,54,7,61,163,100,100,13,376,30,0,30,406
02/03/2004,BDL,CT,ANE,EN,Combined TRACON& Tower with Radar,187,110,48,5,350,0,5,3,0,8,187,115,51,5,358,0,4,4,362
02/04/2004,BDL,CT,ANE,EN,Combined TRACON& Tower with Radar,194,118,52,7,371,0,10,30,15,55,194,128,82,22,426,18,8,26,452
02/05/2004,BDL,CT,ANE,EN,Combined TRACON& Tower with Radar,179,114,51,6,350,0,14,56,13,83,179,128,107,19,433,44,4,48,481
02/06/2004,BDL,CT,ANE,EN,Combined TRACON& Tower with Radar,172,98,34,1,305,0,14,0,0,14,172,112,34,1,319,0,0,0,319
02/07/2004,BDL,CT,ANE,EN,Combined TRACON& Tower with Radar,124,52,16,4,196,32,0,0,8,40,156,52,16,12,236,6,2,8,244
02/08/2004,BDL,CT,ANE,EN,Combined TRACON& Tower with Radar,138,70,27,4,239,17,0,0,13,30,155,70,27,17,269,0,0,0,269
02/09/2004,BDL,CT,ANE,EN,Combined TRACON& Tower with Radar,168,101,43,7,319,0,1,39,0,40,168,102,82,7,359,27,0,27,386
02/10/2004,BDL,CT,ANE,EN,Combined TRACON& Tower with Radar,186,120,51,8,365,0,9,49,6,64,186,129,100,14,429,26,12,38,467
02/11/2004,BDL,CT,ANE,EN,Combined TRACON& Tower with Radar,190,122,53,8,373,0,6,58,13,77,190,128,111,21,450,45,8,53,503
02/12/2004,BDL,CT,ANE,EN,Combined TRACON& Tower with Radar,186,114,50,7,357,0,12,53,6,71,186,126,103,13,428,20,3,23,451
02/13/2004,BDL,CT,ANE,EN,Combined TRACON& Tower with Radar,186,106,46,7,345,0,8,42,4,54,186,114,88,11,399,20,8,28,427
02/14/2004,BDL,CT,ANE,EN,Combined TRACON& Tower with Radar,134,58,32,4,228,24,0,24,0,48,158,58,56,4,276,10,0,10,286
02/15/2004,BDL,CT,ANE,EN,Combined TRACON& Tower with Radar,137,67,34,0,238,25,0,6,0,31,162,67,40,0,269,10,0,10,279
02/16/2004,BDL,CT,ANE,EN,Combined TRACON& Tower with Radar,161,89,39,1,290,9,4,18,0,31,170,93,57,1,321,10,0,10,331
02/17/2004,BDL,CT,ANE,EN,Combined TRACON& Tower with Radar,181,101,44,7,333,4,2,17,2,25,185,103,61,9,358,10,3,13,371
02/18/2004,BDL,CT,ANE,EN,Combined TRACON& Tower with Radar,193,109,48,7,357,0,17,7,6,30,193,126,55,13,387,18,12,30,417
02/19/2004,BDL,CT,ANE,EN,Combined TRACON& Tower with Radar,185,111,49,7,352,0,15,27,8,50,185,126,76,15,402,50,6,56,458
02/20/2004,BDL,CT,ANE,EN,Combined TRACON& Tower with Radar,178,103,45,7,333,0,18,21,3,42,178,121,66,10,375,24,0,24,399
02/21/2004,BDL,CT,ANE,EN,Combined TRACON& Tower with Radar,121,49,20,0,190,35,0,0,0,35,156,49,20,0,225,14,0,14,239
02/22/2004,BDL,CT,ANE,EN,Combined TRACON& Tower with Radar,145,64,35,3,247,22,0,25,0,47,167,64,60,3,294,10,0,10,304
02/23/2004,BDL,CT,ANE,EN,Combined TRACON& Tower with Radar,171,103,45,7,326,0,7,50,0,57,171,110,95,7,383,13,2,15,398
02/24/2004,BDL,CT,ANE,EN,Combined TRACON& Tower with Radar,186,112,49,7,354,0,27,8,2,37,186,139,57,9,391,14,8,22,413
02/25/2004,BDL,CT,ANE,EN,Combined TRACON& Tower with Radar,186,110,47,6,349,0,7,51,9,67,186,117,98,15,416,28,4,32,448
02/26/2004,BDL,CT,ANE,EN,Combined TRACON& Tower with Radar,178,113,49,6,346,0,9,45,10,64,178,122,94,16,410,28,5,33,443
02/27/2004,BDL,CT,ANE,EN,Combined TRACON& Tower with Radar,176,104,45,6,331,0,19,46,10,75,176,123,91,16,406,16,0,16,422
02/28/2004,BDL,CT,ANE,EN,Combined TRACON& Tower with Radar,129,55,31,3,218,25,0,43,0,68,154,55,74,3,286,20,0,20,306
02/29/2004,BDL,CT,ANE,EN,Combined TRACON& Tower with Radar,148,71,36,0,255,18,0,44,0,62,166,71,80,0,317,20,0,20,337
03/01/2004,BDL,CT,ANE,EN,Combined TRACON& Tower with Radar,163,97,44,7,311,7,2,27,4,40,170,99,71,11,351,4,0,4,355
03/02/2004,BDL,CT,ANE,EN,Combined TRACON& Tower with Radar,188,119,53,3,363,0,16,20,0,36,188,135,73,3,399,12,3,15,414
03/03/2004,BDL,CT,ANE,EN,Combined TRACON& Tower with Radar,188,122,55,9,374,0,4,48,4,56,188,126,103,13,430,33,11,44,474
03/04/2004,BDL,CT,ANE,EN,Combined TRACON& Tower with Radar,186,115,52,7,360,0,7,16,0,23,186,122,68,7,383,16,3,19,402
03/05/2004,BDL,CT,ANE,EN,Combined TRACON& Tower with Radar,181,120,54,6,361,0,4,21,0,25,181,124,75,6,386,8,0,8,394
03/06/2004,BDL,CT,ANE,EN,Combined TRACON& Tower with Radar,129,53,28,6,216,25,0,0,9,34,154,53,28,15,250,4,0,4,254
03/07/2004,BDL,CT,ANE,EN,Combined TRACON& Tower with Radar,128,63,34,4,229,30,0,37,0,67,158,63,71,4,296,20,0,20,316
03/08/2004,BDL,CT,ANE,EN,Combined TRACON& Tower with Radar,165,92,44,5,306,9,0,1,0,10,174,92,45,5,316,14,0,14,330
03/09/2004,BDL,CT,ANE,EN,Combined TRACON& Tower with Radar,186,121,54,8,369,0,11,10,0,21,186,132,64,8,390,12,4,16,406
03/10/2004,BDL,CT,ANE,EN,Combined TRACON& Tower with Radar,190,122,55,9,376,0,14,33,4,51,190,136,88,13,427,35,2,37,464
03/11/2004,BDL,CT,ANE,EN,Combined TRACON& Tower with Radar,189,121,54,6,370,0,12,52,0,64,189,133,106,6,434,28,5,33,467
03/12/2004,BDL,CT,ANE,EN,Combined TRACON& Tower with Radar,189,120,54,9,372,0,15,5,7,27,189,135,59,16,399,0,0,0,399
03/13/2004,BDL,CT,ANE,EN,Combined TRACON& Tower with Radar,124,53,34,5,216,30,0,13,0,43,154,53,47,5,259,20,10,30,289
03/14/2004,BDL,CT,ANE,EN,Combined TRACON& Tower with Radar,137,70,36,4,247,21,0,35,0,56,158,70,71,4,303,26,0,26,329
03/15/2004,BDL,CT,ANE,EN,Combined TRACON& Tower with Radar,170,101,44,9,324,1,5,28,3,37,171,106,72,12,361,4,15,19,380
03/16/2004,BDL,CT,ANE,EN,Combined TRACON& Tower with Radar,171,111,49,9,340,0,8,18,2,28,171,119,67,11,368,0,0,0,368
03/17/2004,BDL,CT,ANE,EN,Combined TRACON& Tower with Radar,183,115,50,4,352,0,16,7,0,23,183,131,57,4,375,0,0,0,375
03/18/2004,BDL,CT,ANE,EN,Combined TRACON& Tower with Radar,185,119,52,10,366,0,16,11,2,29,185,135,63,12,395,0,0,0,395
03/19/2004,BDL,CT,ANE,EN,Combined TRACON& Tower with Radar,182,107,38,8,335,2,20,0,0,22,184,127,38,8,357,6,0,6,363
03/20/2004,BDL,CT,ANE,EN,Combined TRACON& Tower with Radar,115,48,30,2,195,38,0,13,0,51,153,48,43,2,246,8,0,8,254
03/21/2004,BDL,CT,ANE,EN,Combined TRACON& Tower with Radar,138,65,36,3,242,23,0,18,0,41,161,65,54,3,283,10,0,10,293
03/22/2004,BDL,CT,ANE,EN,Combined TRACON& Tower with Radar,175,103,46,9,333,3,0,26,2,31,178,103,72,11,364,10,12,22,386
03/23/2004,BDL,CT,ANE,EN,Combined TRACON& Tower with Radar,188,111,49,5,353,2,15,37,0,54,190,126,86,5,407,16,2,18,425
03/24/2004,BDL,CT,ANE,EN,Combined TRACON& Tower with Radar,190,116,51,9,366,0,14,49,0,63,190,130,100,9,429,24,2,26,455
03/25/2004,BDL,CT,ANE,EN,Combined TRACON& Tower with Radar,186,124,55,11,376,0,5,20,22,47,186,129,75,33,423,16,0,16,439
03/26/2004,BDL,CT,ANE,EN,Combined TRACON& Tower with Radar,181,107,48,9,345,0,11,23,16,50,181,118,71,25,395,20,0,20,415
03/27/2004,BDL,CT,ANE,EN,Combined TRACON& Tower with Radar,143,58,37,7,245,13,0,11,28,52,156,58,48,35,297,12,0,12,309
03/28/2004,BDL,CT,ANE,EN,Combined TRACON& Tower with Radar,136,66,35,1,238,25,0,16,0,41,161,66,51,1,279,0,0,0,279
03/29/2004,BDL,CT,ANE,EN,Combined TRACON& Tower with Radar,171,100,44,2,317,1,6,45,0,52,172,106,89,2,369,24,0,24,393
03/30/2004,BDL,CT,ANE,EN,Combined TRACON& Tower with Radar,190,125,55,10,380,0,13,32,0,45,190,138,87,10,425,54,10,64,489
03/31/2004,BDL,CT,ANE,EN,Combined TRACON& Tower with Radar,185,122,53,9,369,0,5,12,4,21,185,127,65,13,390,20,2,22,412
04/01/2004,BDL,CT,ANE,EN,Combined TRACON& Tower with Radar,192,120,54,3,369,0,12,8,0,20,192,132,62,3,389,0,0,0,389
04/02/2004,BDL,CT,ANE,EN,Combined TRACON& Tower with Radar,194,117,53,7,371,0,3,6,4,13,194,120,59,11,384,16,4,20,404
04/03/2004,BDL,CT,ANE,EN,Combined TRACON& Tower with Radar,130,59,35,3,227,26,0,0,0,26,156,59,35,3,253,4,0,4,257
04/04/2004,BDL,CT,ANE,EN,Combined TRACON& Tower with Radar,144,67,38,3,252,20,0,4,0,24,164,67,42,3,276,0,0,0,276
04/05/2004,BDL,CT,ANE,EN,Combined TRACON& Tower with Radar,170,99,45,4,318,2,5,16,0,23,172,104,61,4,341,10,7,17,358
04/06/2004,BDL,CT,ANE,EN,Combined TRACON& Tower with Radar,199,123,55,7,384,0,10,49,5,64,199,133,104,12,448,14,7,21,469
04/07/2004,BDL,CT,ANE,EN,Combined TRACON& Tower with Radar,202,124,55,7,388,0,9,45,10,64,202,133,100,17,452,34,9,43,495
04/08/2004,BDL,CT,ANE,EN,Combined TRACON& Tower with Radar,187,125,55,8,375,0,9,83,10,102,187,134,138,18,477,35,6,41,518
04/09/2004,BDL,CT,ANE,EN,Combined TRACON& Tower with Radar,185,111,49,7,352,0,8,25,6,39,185,119,74,13,391,12,0,12,403
04/10/2004,BDL,CT,ANE,EN,Combined TRACON& Tower with Radar,120,47,31,3,201,40,0,27,0,67,160,47,58,3,268,2,0,2,270
04/11/2004,BDL,CT,ANE,EN,Combined TRACON& Tower with Radar,135,68,32,0,235,27,0,0,0,27,162,68,32,0,262,11,3,14,276
04/12/2004,BDL,CT,ANE,EN,Combined TRACON& Tower with Radar,163,101,46,7,317,0,0,42,5,47,163,101,88,12,364,24,11,35,399
04/13/2004,BDL,CT,ANE,EN,Combined TRACON& Tower with Radar,190,115,47,1,353,0,19,0,0,19,190,134,47,1,372,18,2,20,392
04/14/2004,BDL,CT,ANE,EN,Combined TRACON& Tower with Radar,193,124,52,8,377,0,24,0,4,28,193,148,52,12,405,14,0,14,419
04/15/2004,BDL,CT,ANE,EN,Combined TRACON& Tower with Radar,193,120,54,8,375,0,3,25,12,40,193,123,79,20,415,8,23,31,446
04/16/2004,BDL,CT,ANE,EN,Combined TRACON& Tower with Radar,180,103,46,7,336,6,22,39,5,72,186,125,85,12,408,0,8,8,416
04/17/2004,BDL,CT,ANE,EN,Combined TRACON& Tower with Radar,144,62,37,5,248,31,0,31,13,75,175,62,68,18,323,18,3,21,344
04/18/2004,BDL,CT,ANE,EN,Combined TRACON& Tower with Radar,146,73,37,6,262,17,0,52,2,71,163,73,89,8,333,36,0,36,369
04/19/2004,BDL,CT,ANE,EN,Combined TRACON& Tower with Radar,174,99,44,2,319,2,6,30,0,38,176,105,74,2,357,27,0,27,384
04/20/2004,BDL,CT,ANE,EN,Combined TRACON& Tower with Radar,186,115,52,7,360,0,9,44,5,58,186,124,96,12,418,32,8,40,458
04/21/2004,BDL,CT,ANE,EN,Combined TRACON& Tower with Radar,197,114,51,7,369,0,10,26,7,43,197,124,77,14,412,24,8,32,444
04/22/2004,BDL,CT,ANE,EN,Combined TRACON& Tower with Radar,193,119,52,7,371,0,12,20,8,40,193,131,72,15,411,0,0,0,411
04/23/2004,BDL,CT,ANE,EN,Combined TRACON& Tower with Radar,174,110,48,6,338,0,7,3,13,23,174,117,51,19,361,2,0,2,363
04/24/2004,BDL,CT,ANE,EN,Combined TRACON& Tower with Radar,131,56,34,3,224,33,0,12,0,45,164,56,46,3,269,6,0,6,275
04/25/2004,BDL,CT,ANE,EN,Combined TRACON& Tower with Radar,147,72,37,3,259,16,0,61,0,77,163,72,98,3,336,16,0,16,352
04/26/2004,BDL,CT,ANE,EN,Combined TRACON& Tower with Radar,174,101,44,0,319,3,2,1,0,6,177,103,45,0,325,6,0,6,331
04/27/2004,BDL,CT,ANE,EN,Combined TRACON& Tower with Radar,187,118,52,7,364,0,8,22,9,39,187,126,74,16,403,8,0,8,411
04/28/2004,BDL,CT,ANE,EN,Combined TRACON& Tower with Radar,192,117,51,6,366,0,18,35,6,59,192,135,86,12,425,0,0,0,425
04/29/2004,BDL,CT,ANE,EN,Combined TRACON& Tower with Radar,193,116,52,6,367,0,13,32,11,56,193,129,84,17,423,16,0,16,439
04/30/2004,BDL,CT,ANE,EN,Combined TRACON& Tower with Radar,184,106,47,6,343,0,8,33,9,50,184,114,80,15,393,8,2,10,403
05/01/2004,BDL,CT,ANE,EN,Combined TRACON& Tower with Radar,129,54,36,4,223,30,0,15,13,58,159,54,51,17,281,26,2,28,309
05/02/2004,BDL,CT,ANE,EN,Combined TRACON& Tower with Radar,160,79,44,5,288,15,0,0,0,15,175,79,44,5,303,0,0,0,303
05/03/2004,BDL,CT,ANE,EN,Combined TRACON& Tower with Radar,175,109,52,4,340,0,4,14,0,18,175,113,66,4,358,12,0,12,370
05/04/2004,BDL,CT,ANE,EN,Combined TRACON& Tower with Radar,187,116,54,7,364,0,17,38,8,63,187,133,92,15,427,22,9,31,458
05/05/2004,BDL,CT,ANE,EN,Combined TRACON& Tower with Radar,192,120,57,7,376,0,13,19,8,40,192,133,76,15,416,0,0,0,416
05/06/2004,BDL,CT,ANE,EN,Combined TRACON& Tower with Radar,190,119,56,7,372,0,15,71,9,95,190,134,127,16,467,32,0,32,499
05/07/2004,BDL,CT,ANE,EN,Combined TRACON& Tower with Radar,184,116,54,7,361,0,5,58,15,78,184,121,112,22,439,30,0,30,469
05/08/2004,BDL,CT,ANE,EN,Combined TRACON& Tower with Radar,125,58,35,1,219,37,0,16,0,53,162,58,51,1,272,6,0,6,278
05/09/2004,BDL,CT,ANE,EN,Combined TRACON& Tower with Radar,143,74,39,0,256,20,0,4,0,24,163,74,43,0,280,0,0,0,280
05/10/2004,BDL,CT,ANE,EN,Combined TRACON& Tower with Radar,175,95,48,1,319,0,0,38,0,38,175,95,86,1,357,60,0,60,417
05/11/2004,BDL,CT,ANE,EN,Combined TRACON& Tower with Radar,182,109,52,5,348,0,17,20,0,37,182,126,72,5,385,26,0,26,411
05/12/2004,BDL,CT,ANE,EN,Combined TRACON& Tower with Radar,192,114,52,8,366,0,17,27,2,46,192,131,79,10,412,22,0,22,434
05/13/2004,BDL,CT,ANE,EN,Combined TRACON& Tower with Radar,190,122,57,8,377,0,21,31,5,57,190,143,88,13,434,12,4,16,450
05/14/2004,BDL,CT,ANE,EN,Combined TRACON& Tower with Radar,186,109,50,5,350,3,4,10,0,17,189,113,60,5,367,12,0,12,379
05/15/2004,BDL,CT,ANE,EN,Combined TRACON& Tower with Radar,134,58,37,4,233,28,0,20,0,48,162,58,57,4,281,2,0,2,283
05/16/2004,BDL,CT,ANE,EN,Combined TRACON& Tower with Radar,151,83,41,5,280,15,0,20,0,35,166,83,61,5,315,10,0,10,325
05/17/2004,BDL,CT,ANE,EN,Combined TRACON& Tower with Radar,166,107,50,7,330,0,0,55,2,57,166,107,105,9,387,10,0,10,397
05/18/2004,BDL,CT,ANE,EN,Combined TRACON& Tower with Radar,185,119,56,2,362,0,20,15,0,35,185,139,71,2,397,10,0,10,407
05/19/2004,BDL,CT,ANE,EN,Combined TRACON& Tower with Radar,193,118,55,3,369,0,13,52,0,65,193,131,107,3,434,12,0,12,446
05/20/2004,BDL,CT,ANE,EN,Combined TRACON& Tower with Radar,192,120,56,8,376,0,21,42,3,66,192,141,98,11,442,8,0,8,450
05/21/2004,BDL,CT,ANE,EN,Combined TRACON& Tower with Radar,183,108,50,5,346,0,18,17,0,35,183,126,67,5,381,6,0,6,387
05/22/2004,BDL,CT,ANE,EN,Combined TRACON& Tower with Radar,153,62,35,6,256,4,0,0,31,35,157,62,35,37,291,1,0,1,292
05/23/2004,BDL,CT,ANE,EN,Combined TRACON& Tower with Radar,158,72,43,6,279,6,0,17,21,44,164,72,60,27,323,0,0,0,323
05/24/2004,BDL,CT,ANE,EN,Combined TRACON& Tower with Radar,179,94,51,7,331,0,0,5,22,27,179,94,56,29,358,4,0,4,362
05/25/2004,BDL,CT,ANE,EN,Combined TRACON& Tower with Radar,186,124,58,3,371,0,16,42,0,58,186,140,100,3,429,34,2,36,465
05/26/2004,BDL,CT,ANE,EN,Combined TRACON& Tower with Radar,190,121,57,7,375,0,9,12,0,21,190,130,69,7,396,4,1,5,401
05/27/2004,BDL,CT,ANE,EN,Combined TRACON& Tower with Radar,199,127,60,7,393,0,9,50,0,59,199,136,110,7,452,52,2,54,506
05/28/2004,BDL,CT,ANE,EN,Combined TRACON& Tower with Radar,195,119,55,1,370,0,12,19,0,31,195,131,74,1,401,6,0,6,407
05/29/2004,BDL,CT,ANE,EN,Combined TRACON& Tower with Radar,120,58,32,3,213,36,0,17,0,53,156,58,49,3,266,30,0,30,296
05/30/2004,BDL,CT,ANE,EN,Combined TRACON& Tower with Radar,119,52,32,4,207,32,0,29,1,62,151,52,61,5,269,18,4,22,291
05/31/2004,BDL,CT,ANE,EN,Combined TRACON& Tower with Radar,139,76,37,5,257,19,0,9,9,37,158,76,46,14,294,25,5,30,324
06/01/2004,BDL,CT,ANE,EN,Combined TRACON& Tower with Radar,175,108,51,5,339,0,1,25,1,27,175,109,76,6,366,22,0,22,388
06/02/2004,BDL,CT,ANE,EN,Combined TRACON& Tower with Radar,196,125,59,6,386,0,12,24,9,45,196,137,83,15,431,0,2,2,433
06/03/2004,BDL,CT,ANE,EN,Combined TRACON& Tower with Radar,200,133,63,6,402,0,12,64,13,89,200,145,127,19,491,17,2,19,510
06/04/2004,BDL,CT,ANE,EN,Combined TRACON& Tower with Radar,188,118,55,6,367,0,5,61,0,66,188,123,116,6,433,41,3,44,477
06/05/2004,BDL,CT,ANE,EN,Combined TRACON& Tower with Radar,128,64,36,3,231,34,0,13,2,49,162,64,49,5,280,16,5,21,301
06/06/2004,BDL,CT,ANE,EN,Combined TRACON& Tower with Radar,142,78,28,0,248,25,0,0,0,25,167,78,28,0,273,11,0,11,284
06/07/2004,BDL,CT,ANE,EN,Combined TRACON& Tower with Radar,181,110,53,5,349,0,0,43,4,47,181,110,96,9,396,34,0,34,430
06/08/2004,BDL,CT,ANE,EN,Combined TRACON& Tower with Radar,191,120,57,6,374,0,21,19,15,55,191,141,76,21,429,40,8,48,477
06/09/2004,BDL,CT,ANE,EN,Combined TRACON& Tower with Radar,192,122,58,6,378,0,18,39,8,65,192,140,97,14,443,8,0,8,451
06/10/2004,BDL,CT,ANE,EN,Combined TRACON& Tower with Radar,196,127,60,6,389,0,0,34,10,44,196,127,94,16,433,4,0,4,437
06/11/2004,BDL,CT,ANE,EN,Combined TRACON& Tower with Radar,195,118,55,7,375,0,9,58,0,67,195,127,113,7,442,12,0,12,454
06/12/2004,BDL,CT,ANE,EN,Combined TRACON& Tower with Radar,137,66,37,5,245,34,0,26,6,66,171,66,63,11,311,4,0,4,315
06/13/2004,BDL,CT,ANE,EN,Combined TRACON& Tower with Radar,138,66,38,5,247,26,0,37,3,66,164,66,75,8,313,10,0,10,323
06/14/2004,BDL,CT,ANE,EN,Combined TRACON& Tower with Radar,177,103,50,6,336,0,0,20,2,22,177,103,70,8,358,26,0,26,384
06/15/2004,BDL,CT,ANE,EN,Combined TRACON& Tower with Radar,191,120,55,7,373,0,8,61,0,69,191,128,116,7,442,19,5,24,466
06/16/2004,BDL,CT,ANE,EN,Combined TRACON& Tower with Radar,202,117,55,7,381,0,5,40,4,49,202,122,95,11,430,16,2,18,448
06/17/2004,BDL,CT,ANE,EN,Combined TRACON& Tower with Radar,188,109,51,4,352,4,3,17,0,24,192,112,68,4,376,12,0,12,388
06/18/2004,BDL,CT,ANE,EN,Combined TRACON& Tower with Radar,210,126,62,7,405,0,0,31,6,37,210,126,93,13,442,12,0,12,454
06/19/2004,BDL,CT,ANE,EN,Combined TRACON& Tower with Radar,137,64,37,2,240,28,0,19,0,47,165,64,56,2,287,10,0,10,297
06/20/2004,BDL,CT,ANE,EN,Combined TRACON& Tower with Radar,141,63,38,5,247,30,0,43,0,73,171,63,81,5,320,24,0,24,344
06/21/2004,BDL,CT,ANE,EN,Combined TRACON& Tower with Radar,174,107,50,6,337,0,15,52,4,71,174,122,102,10,408,32,0,32,440
06/22/2004,BDL,CT,ANE,EN,Combined TRACON& Tower with Radar,193,114,54,6,367,0,6,17,2,25,193,120,71,8,392,21,9,30,422
06/23/2004,BDL,CT,ANE,EN,Combined TRACON& Tower with Radar,190,110,51,6,357,4,17,44,3,68,194,127,95,9,425,16,0,16,441
06/24/2004,BDL,CT,ANE,EN,Combined TRACON& Tower with Radar,197,123,57,6,383,0,15,72,7,94,197,138,129,13,477,28,0,28,505
06/25/2004,BDL,CT,ANE,EN,Combined TRACON& Tower with Radar,192,116,53,6,367,0,1,13,7,21,192,117,66,13,388,10,10,20,408
06/26/2004,BDL,CT,ANE,EN,Combined TRACON& Tower with Radar,143,62,38,4,247,28,0,8,2,38,171,62,46,6,285,22,16,38,323
06/27/2004,BDL,CT,ANE,EN,Combined TRACON& Tower with Radar,144,72,39,4,259,20,0,39,5,64,164,72,78,9,323,26,11,37,360
06/28/2004,BDL,CT,ANE,EN,Combined TRACON& Tower with Radar,177,105,48,4,334,0,6,54,0,60,177,111,102,4,394,38,9,47,441
06/29/2004,BDL,CT,ANE,EN,Combined TRACON& Tower with Radar,197,119,55,6,377,0,9,38,11,58,197,128,93,17,435,22,4,26,461
06/30/2004,BDL,CT,ANE,EN,Combined TRACON& Tower with Radar,191,120,56,6,373,0,25,62,5,92,191,145,118,11,465,12,0,12,477
07/01/2004,BDL,CT,ANE,EN,Combined TRACON& Tower with Radar,206,118,53,7,384,0,9,43,0,52,206,127,96,7,436,10,0,10,446
07/02/2004,BDL,CT,ANE,EN,Combined TRACON& Tower with Radar,184,105,47,6,342,5,4,22,5,36,189,109,69,11,378,14,0,14,392
07/03/2004,BDL,CT,ANE,EN,Combined TRACON& Tower with Radar,120,55,31,0,206,31,0,42,0,73,151,55,73,0,279,18,0,18,297
07/04/2004,BDL,CT,ANE,EN,Combined TRACON& Tower with Radar,110,50,29,2,191,36,0,16,0,52,146,50,45,2,243,10,0,10,253
07/05/2004,BDL,CT,ANE,EN,Combined TRACON& Tower with Radar,149,80,28,3,260,17,0,0,0,17,166,80,28,3,277,6,0,6,283
07/06/2004,BDL,CT,ANE,EN,Combined TRACON& Tower with Radar,177,106,48,6,337,0,3,33,2,38,177,109,81,8,375,0,0,0,375
07/07/2004,BDL,CT,ANE,EN,Combined TRACON& Tower with Radar,183,110,49,6,348,0,26,31,12,69,183,136,80,18,417,0,0,0,417
07/08/2004,BDL,CT,ANE,EN,Combined TRACON& Tower with Radar,206,126,56,8,396,0,11,15,6,32,206,137,71,14,428,2,0,2,430
07/09/2004,BDL,CT,ANE,EN,Combined TRACON& Tower with Radar,191,110,48,7,356,2,13,31,6,52,193,123,79,13,408,3,0,3,411
07/10/2004,BDL,CT,ANE,EN,Combined TRACON& Tower with Radar,129,59,33,5,226,29,0,29,3,61,158,59,62,8,287,0,0,0,287
07/11/2004,BDL,CT,ANE,EN,Combined TRACON& Tower with Radar,147,65,37,6,255,19,0,49,1,69,166,65,86,7,324,14,0,14,338
07/12/2004,BDL,CT,ANE,EN,Combined TRACON& Tower with Radar,173,95,43,2,313,6,0,17,0,23,179,95,60,2,336,8,2,10,346
07/13/2004,BDL,CT,ANE,EN,Combined TRACON& Tower with Radar,191,131,58,8,388,0,6,27,5,38,191,137,85,13,426,11,0,11,437
07/14/2004,BDL,CT,ANE,EN,Combined TRACON& Tower with Radar,192,123,55,8,378,0,2,26,10,38,192,125,81,18,416,20,0,20,436
07/15/2004,BDL,CT,ANE,EN,Combined TRACON& Tower with Radar,196,128,58,8,390,0,18,34,5,57,196,146,92,13,447,12,9,21,468
07/16/2004,BDL,CT,ANE,EN,Combined TRACON& Tower with Radar,181,103,45,7,336,0,12,31,3,46,181,115,76,10,382,22,3,25,407
07/17/2004,BDL,CT,ANE,EN,Combined TRACON& Tower with Radar,131,60,33,4,228,31,0,4,0,35,162,60,37,4,263,12,0,12,275
07/18/2004,BDL,CT,ANE,EN,Combined TRACON& Tower with Radar,150,66,37,0,253,20,0,10,0,30,170,66,47,0,283,16,3,19,302
07/19/2004,BDL,CT,ANE,EN,Combined TRACON& Tower with Radar,183,107,52,8,350,0,0,40,3,43,183,107,92,11,393,36,6,42,435
07/20/2004,BDL,CT,ANE,EN,Combined TRACON& Tower with Radar,192,117,52,8,369,0,7,28,10,45,192,124,80,18,414,10,0,10,424
07/21/2004,BDL,CT,ANE,EN,Combined TRACON& Tower with Radar,193,113,51,7,364,0,20,39,7,66,193,133,90,14,430,20,0,20,450
07/22/2004,BDL,CT,ANE,EN,Combined TRACON& Tower with Radar,191,123,55,7,376,0,9,48,7,64,191,132,103,14,440,22,8,30,470
07/23/2004,BDL,CT,ANE,EN,Combined TRACON& Tower with Radar,188,107,29,6,330,6,9,0,3,18,194,116,29,9,348,0,0,0,348
07/24/2004,BDL,CT,ANE,EN,Combined TRACON& Tower with Radar,143,65,36,0,244,22,0,21,0,43,165,65,57,0,287,48,2,50,337
07/25/2004,BDL,CT,ANE,EN,Combined TRACON& Tower with Radar,149,72,37,3,261,18,0,27,0,45,167,72,64,3,306,30,0,30,336
07/26/2004,BDL,CT,ANE,EN,Combined TRACON& Tower with Radar,184,106,47,6,343,0,3,44,1,48,184,109,91,7,391,46,0,46,437
07/27/2004,BDL,CT,ANE,EN,Combined TRACON& Tower with Radar,193,117,51,7,368,0,11,20,13,44,193,128,71,20,412,20,16,36,448
07/28/2004,BDL,CT,ANE,EN,Combined TRACON& Tower with Radar,201,128,56,7,392,0,7,16,0,23,201,135,72,7,415,0,0,0,415
07/29/2004,BDL,CT,ANE,EN,Combined TRACON& Tower with Radar,213,129,58,7,407,0,20,33,8,61,213,149,91,15,468,10,11,21,489
07/30/2004,BDL,CT,ANE,EN,Combined TRACON& Tower with Radar,191,114,51,6,362,0,10,31,5,46,191,124,82,11,408,21,4,25,433
07/31/2004,BDL,CT,ANE,EN,Combined TRACON& Tower with Radar,137,60,35,2,234,28,0,10,0,38,165,60,45,2,272,16,0,16,288
08/01/2004,BDL,CT,ANE,EN,Combined TRACON& Tower with Radar,130,72,30,1,233,31,0,0,0,31,161,72,30,1,264,12,0,12,276
08/02/2004,BDL,CT,ANE,EN,Combined TRACON& Tower with Radar,178,108,45,5,336,5,0,44,7,56,183,108,89,12,392,34,8,42,434
08/03/2004,BDL,CT,ANE,EN,Combined TRACON& Tower with Radar,196,130,49,6,381,3,6,9,5,23,199,136,58,11,404,10,12,22,426
08/04/2004,BDL,CT,ANE,EN,Combined TRACON& Tower with Radar,196,132,50,6,384,0,2,36,9,47,196,134,86,15,431,12,0,12,443
08/05/2004,BDL,CT,ANE,EN,Combined TRACON& Tower with Radar,197,139,53,6,395,0,2,43,8,53,197,141,96,14,448,24,8,32,480
08/06/2004,BDL,CT,ANE,EN,Combined TRACON& Tower with Radar,191,128,48,6,373,0,19,16,12,47,191,147,64,18,420,23,5,28,448
08/07/2004,BDL,CT,ANE,EN,Combined TRACON& Tower with Radar,135,62,34,4,235,27,0,39,10,76,162,62,73,14,311,10,4,14,325
08/08/2004,BDL,CT,ANE,EN,Combined TRACON& Tower with Radar,143,83,37,4,267,28,0,37,9,74,171,83,74,13,341,30,5,35,376
08/09/2004,BDL,CT,ANE,EN,Combined TRACON& Tower with Radar,178,118,46,2,344,1,1,62,0,64,179,119,108,2,408,26,0,26,434
08/10/2004,BDL,CT,ANE,EN,Combined TRACON& Tower with Radar,195,132,50,6,383,0,5,36,6,47,195,137,86,12,430,4,2,6,436
08/11/2004,BDL,CT,ANE,EN,Combined TRACON& Tower with Radar,204,128,52,6,390,2,0,4,8,14,206,128,56,14,404,2,0,2,406
08/12/2004,BDL,CT,ANE,EN,Combined TRACON& Tower with Radar,194,125,52,7,378,0,0,37,8,45,194,125,89,15,423,15,0,15,438
08/13/2004,BDL,CT,ANE,EN,Combined TRACON& Tower with Radar,191,131,48,7,377,0,0,5,4,9,191,131,53,11,386,14,4,18,404
08/14/2004,BDL,CT,ANE,EN,Combined TRACON& Tower with Radar,126,66,31,5,228,25,0,33,1,59,151,66,64,6,287,34,0,34,321
08/15/2004,BDL,CT,ANE,EN,Combined TRACON& Tower with Radar,148,93,31,0,272,20,0,0,0,20,168,93,31,0,292,22,2,24,316
08/16/2004,BDL,CT,ANE,EN,Combined TRACON& Tower with Radar,179,121,46,7,353,0,4,2,4,10,179,125,48,11,363,24,2,26,389
08/17/2004,BDL,CT,ANE,EN,Combined TRACON& Tower with Radar,193,137,51,7,388,0,10,57,1,68,193,147,108,8,456,36,2,38,494
08/18/2004,BDL,CT,ANE,EN,Combined TRACON& Tower with Radar,195,137,51,7,390,0,13,20,4,37,195,150,71,11,427,14,0,14,441
08/19/2004,BDL,CT,ANE,EN,Combined TRACON& Tower with Radar,202,140,52,7,401,0,16,0,7,23,202,156,52,14,424,0,0,0,424
08/20/2004,BDL,CT,ANE,EN,Combined TRACON& Tower with Radar,194,128,48,7,377,0,13,4,2,19,194,141,52,9,396,40,0,40,436
08/21/2004,BDL,CT,ANE,EN,Combined TRACON& Tower with Radar,137,80,26,3,246,24,0,0,0,24,161,80,26,3,270,0,0,0,270
08/22/2004,BDL,CT,ANE,EN,Combined TRACON& Tower with Radar,156,95,38,3,292,17,0,57,0,74,173,95,95,3,366,44,0,44,410
08/23/2004,BDL,CT,ANE,EN,Combined TRACON& Tower with Radar,178,125,47,4,354,0,15,47,0,62,178,140,94,4,416,40,0,40,456
08/24/2004,BDL,CT,ANE,EN,Combined TRACON& Tower with Radar,190,143,53,8,394,0,16,39,5,60,190,159,92,13,454,28,0,28,482
08/25/2004,BDL,CT,ANE,EN,Combined TRACON& Tower with Radar,187,137,52,7,383,0,27,47,8,82,187,164,99,15,465,22,0,22,487
08/26/2004,BDL,CT,ANE,EN,Combined TRACON& Tower with Radar,201,140,52,7,400,0,19,40,7,66,201,159,92,14,466,30,5,35,501
08/27/2004,BDL,CT,ANE,EN,Combined TRACON& Tower with Radar,194,138,52,7,391,0,13,18,9,40,194,151,70,16,431,36,2,38,469
08/28/2004,BDL,CT,ANE,EN,Combined TRACON& Tower with Radar,134,78,33,1,246,23,0,11,0,34,157,78,44,1,280,31,0,31,311
08/29/2004,BDL,CT,ANE,EN,Combined TRACON& Tower with Radar,159,102,39,3,303,15,0,14,0,29,174,102,53,3,332,20,4,24,356
08/30/2004,BDL,CT,ANE,EN,Combined TRACON& Tower with Radar,174,125,47,3,349,0,0,47,0,47,174,125,94,3,396,34,0,34,430
08/31/2004,BDL,CT,ANE,EN,Combined TRACON& Tower with Radar,199,142,53,7,401,0,16,27,5,48,199,158,80,12,449,16,0,16,465
09/01/2004,BDL,CT,ANE,EN,Combined TRACON& Tower with Radar,192,150,56,7,405,0,0,70,7,77,192,150,126,14,482,8,0,8,490
09/02/2004,BDL,CT,ANE,EN,Combined TRACON& Tower with Radar,198,151,56,7,412,0,0,58,9,67,198,151,114,16,479,2,0,2,481
09/03/2004,BDL,CT,ANE,EN,Combined TRACON& Tower with Radar,177,137,50,7,371,0,6,69,1,76,177,143,119,8,447,18,4,22,469
09/04/2004,BDL,CT,ANE,EN,Combined TRACON& Tower with Radar,100,76,29,3,208,22,0,34,1,57,122,76,63,4,265,10,2,12,277
09/05/2004,BDL,CT,ANE,EN,Combined TRACON& Tower with Radar,103,79,29,2,213,16,0,11,0,27,119,79,40,2,240,0,0,0,240
09/06/2004,BDL,CT,ANE,EN,Combined TRACON& Tower with Radar,123,89,35,4,251,18,0,47,1,66,141,89,82,5,317,22,2,24,341
09/07/2004,BDL,CT,ANE,EN,Combined TRACON& Tower with Radar,172,141,52,7,372,0,3,42,10,55,172,144,94,17,427,10,0,10,437
09/08/2004,BDL,CT,ANE,EN,Combined TRACON& Tower with Radar,193,169,62,8,432,0,0,20,11,31,193,169,82,19,463,0,0,0,463
09/09/2004,BDL,CT,ANE,EN,Combined TRACON& Tower with Radar,189,157,56,8,410,0,15,0,5,20,189,172,56,13,430,0,0,0,430
09/10/2004,BDL,CT,ANE,EN,Combined TRACON& Tower with Radar,197,155,56,7,415,0,0,51,8,59,197,155,107,15,474,8,0,8,482
09/11/2004,BDL,CT,ANE,EN,Combined TRACON& Tower with Radar,128,82,36,4,250,23,0,55,0,78,151,82,91,4,328,14,0,14,342
09/12/2004,BDL,CT,ANE,EN,Combined TRACON& Tower with Radar,137,90,39,5,271,26,0,18,0,44,163,90,57,5,315,0,0,0,315
09/13/2004,BDL,CT,ANE,EN,Combined TRACON& Tower with Radar,173,135,48,5,361,0,16,48,0,64,173,151,96,5,425,10,0,10,435
09/14/2004,BDL,CT,ANE,EN,Combined TRACON& Tower with Radar,191,159,57,9,416,0,14,35,2,51,191,173,92,11,467,8,0,8,475
09/15/2004,BDL,CT,ANE,EN,Combined TRACON& Tower with Radar,188,156,56,8,408,0,5,47,2,54,188,161,103,10,462,16,2,18,480
09/16/2004,BDL,CT,ANE,EN,Combined TRACON& Tower with Radar,187,153,55,8,403,0,3,16,8,27,187,156,71,16,430,4,0,4,434
09/17/2004,BDL,CT,ANE,EN,Combined TRACON& Tower with Radar,185,141,51,8,385,1,6,1,1,9,186,147,52,9,394,10,0,10,404
09/18/2004,BDL,CT,ANE,EN,Combined TRACON& Tower with Radar,127,86,30,0,243,25,0,0,0,25,152,86,30,0,268,12,0,12,280
09/19/2004,BDL,CT,ANE,EN,Combined TRACON& Tower with Radar,141,89,38,4,272,25,0,19,0,44,166,89,57,4,316,12,0,12,328
09/20/2004,BDL,CT,ANE,EN,Combined TRACON& Tower with Radar,175,142,51,8,376,0,2,66,0,68,175,144,117,8,444,34,4,38,482
09/21/2004,BDL,CT,ANE,EN,Combined TRACON& Tower with Radar,192,153,55,8,408,0,11,28,6,45,192,164,83,14,453,30,4,34,487
09/22/2004,BDL,CT,ANE,EN,Combined TRACON& Tower with Radar,199,155,56,9,419,0,0,44,8,52,199,155,100,17,471,8,2,10,481
09/23/2004,BDL,CT,ANE,EN,Combined TRACON& Tower with Radar,190,159,57,9,415,0,7,69,11,87,190,166,126,20,502,19,6,25,527
09/24/2004,BDL,CT,ANE,EN,Combined TRACON& Tower with Radar,194,148,53,8,403,0,7,25,4,36,194,155,78,12,439,17,2,19,458
09/25/2004,BDL,CT,ANE,EN,Combined TRACON& Tower with Radar,121,78,33,0,232,24,0,43,0,67,145,78,76,0,299,10,0,10,309
09/26/2004,BDL,CT,ANE,EN,Combined TRACON& Tower with Radar,127,90,35,3,255,19,0,90,0,109,146,90,125,3,364,10,0,10,374
09/27/2004,BDL,CT,ANE,EN,Combined TRACON& Tower with Radar,167,135,48,7,357,0,17,32,3,52,167,152,80,10,409,12,0,12,421
09/28/2004,BDL,CT,ANE,EN,Combined TRACON& Tower with Radar,188,149,53,0,390,0,12,0,0,12,188,161,53,0,402,0,0,0,402
09/29/2004,BDL,CT,ANE,EN,Combined TRACON& Tower with Radar,189,165,59,8,421,0,8,26,10,44,189,173,85,18,465,0,0,0,465
09/30/2004,BDL,CT,ANE,EN,Combined TRACON& Tower with Radar,190,156,56,7,409,0,4,66,0,70,190,160,122,7,479,0,0,0,479
10/01/2004,BDL,CT,ANE,EN,Combined TRACON& Tower with Radar,187,170,51,10,418,0,3,41,7,51,187,173,92,17,469,32,0,32,501
10/02/2004,BDL,CT,ANE,EN,Combined TRACON& Tower with Radar,153,84,35,12,284,0,4,13,3,20,153,88,48,15,304,0,0,0,304
10/03/2004,BDL,CT,ANE,EN,Combined TRACON& Tower with Radar,159,92,27,0,278,0,0,44,2,46,159,92,71,2,324,14,0,14,338
10/04/2004,BDL,CT,ANE,EN,Combined TRACON& Tower with Radar,175,148,70,2,395,0,0,23,0,23,175,148,93,2,418,14,0,14,432
10/05/2004,BDL,CT,ANE,EN,Combined TRACON& Tower with Radar,191,166,55,6,418,1,8,28,8,45,192,174,83,14,463,12,0,12,475
10/06/2004,BDL,CT,ANE,EN,Combined TRACON& Tower with Radar,200,162,67,4,433,0,5,60,6,71,200,167,127,10,504,6,0,6,510
10/07/2004,BDL,CT,ANE,EN,Combined TRACON& Tower with Radar,195,174,73,4,446,0,5,54,1,60,195,179,127,5,506,35,0,35,541
10/08/2004,BDL,CT,ANE,EN,Combined TRACON& Tower with Radar,198,161,46,7,412,0,4,29,3,36,198,165,75,10,448,10,2,12,460
10/09/2004,BDL,CT,ANE,EN,Combined TRACON& Tower with Radar,157,80,23,2,262,0,0,13,0,13,157,80,36,2,275,30,0,30,305
10/10/2004,BDL,CT,ANE,EN,Combined TRACON& Tower with Radar,154,86,30,0,270,0,0,39,0,39,154,86,69,0,309,28,0,28,337
10/11/2004,BDL,CT,ANE,EN,Combined TRACON& Tower with Radar,166,136,51,2,355,0,0,34,0,34,166,136,85,2,389,16,0,16,405
10/12/2004,BDL,CT,ANE,EN,Combined TRACON& Tower with Radar,195,144,44,10,393,0,0,39,0,39,195,144,83,10,432,26,10,36,468
10/13/2004,BDL,CT,ANE,EN,Combined TRACON& Tower with Radar,195,169,59,6,429,0,1,44,7,52,195,170,103,13,481,34,3,37,518
10/14/2004,BDL,CT,ANE,EN,Combined TRACON& Tower with Radar,202,173,58,4,437,0,1,1,0,2,202,174,59,4,439,18,16,34,473
10/15/2004,BDL,CT,ANE,EN,Combined TRACON& Tower with Radar,195,159,71,2,427,1,1,4,0,6,196,160,75,2,433,10,0,10,443
10/16/2004,BDL,CT,ANE,EN,Combined TRACON& Tower with Radar,156,81,23,5,265,0,0,15,0,15,156,81,38,5,280,6,6,12,292
10/17/2004,BDL,CT,ANE,EN,Combined TRACON& Tower with Radar,157,79,32,0,268,1,0,21,2,24,158,79,53,2,292,10,0,10,302
10/18/2004,BDL,CT,ANE,EN,Combined TRACON& Tower with Radar,161,164,82,3,410,19,0,15,1,35,180,164,97,4,445,10,0,10,455
10/19/2004,BDL,CT,ANE,EN,Combined TRACON& Tower with Radar,194,171,53,4,422,0,1,2,0,3,194,172,55,4,425,8,0,8,433
10/20/2004,BDL,CT,ANE,EN,Combined TRACON& Tower with Radar,198,162,67,5,432,0,1,33,4,38,198,163,100,9,470,28,16,44,514
10/21/2004,BDL,CT,ANE,EN,Combined TRACON& Tower with Radar,199,172,83,2,456,1,5,34,4,44,200,177,117,6,500,24,4,28,528
10/22/2004,BDL,CT,ANE,EN,Combined TRACON& Tower with Radar,195,160,60,11,426,0,0,19,0,19,195,160,79,11,445,26,16,42,487
10/23/2004,BDL,CT,ANE,EN,Combined TRACON& Tower with Radar,152,86,51,0,289,0,0,25,0,25,152,86,76,0,314,38,0,38,352
10/24/2004,BDL,CT,ANE,EN,Combined TRACON& Tower with Radar,171,96,48,2,317,0,0,2,0,2,171,96,50,2,319,2,0,2,321
10/25/2004,BDL,CT,ANE,EN,Combined TRACON& Tower with Radar,182,149,66,5,402,0,0,22,2,24,182,149,88,7,426,18,2,20,446
10/26/2004,BDL,CT,ANE,EN,Combined TRACON& Tower with Radar,196,167,74,10,447,0,0,39,9,48,196,167,113,19,495,24,8,32,527
10/27/2004,BDL,CT,ANE,EN,Combined TRACON& Tower with Radar,200,162,69,15,446,0,7,27,2,36,200,169,96,17,482,17,25,42,524
10/28/2004,BDL,CT,ANE,EN,Combined TRACON& Tower with Radar,203,175,59,4,441,0,3,35,10,48,203,178,94,14,489,38,2,40,529
10/29/2004,BDL,CT,ANE,EN,Combined TRACON& Tower with Radar,201,152,54,6,413,0,0,30,4,34,201,152,84,10,447,26,8,34,481
10/30/2004,BDL,CT,ANE,EN,Combined TRACON& Tower with Radar,153,85,22,0,260,0,0,1,0,1,153,85,23,0,261,0,0,0,261
10/31/2004,BDL,CT,ANE,EN,Combined TRACON& Tower with Radar,175,99,24,0,298,0,0,15,0,15,175,99,39,0,313,4,0,4,317
11/01/2004,BDL,CT,ANE,EN,Towers with Radar,189,144,53,3,389,0,0,31,1,32,189,144,84,4,421,18,0,18,439
11/02/2004,BDL,CT,ANE,EN,Towers with Radar,203,181,47,4,435,0,1,25,2,28,203,182,72,6,463,12,11,23,486
11/03/2004,BDL,CT,ANE,EN,Towers with Radar,203,159,44,1,407,0,2,18,5,25,203,161,62,6,432,0,0,0,432
11/04/2004,BDL,CT,ANE,EN,Towers with Radar,203,191,66,1,461,1,0,38,3,42,204,191,104,4,503,4,0,4,507
11/05/2004,BDL,CT,ANE,EN,Towers with Radar,206,165,36,20,427,5,1,7,4,17,211,166,43,24,444,14,6,20,464
11/06/2004,BDL,CT,ANE,EN,Towers with Radar,155,82,18,13,268,0,0,18,8,26,155,82,36,21,294,0,0,0,294
11/07/2004,BDL,CT,ANE,EN,Towers with Radar,172,103,38,7,320,0,0,36,6,42,172,103,74,13,362,22,0,22,384
11/08/2004,BDL,CT,ANE,EN,Towers with Radar,187,150,55,5,397,0,0,31,0,31,187,150,86,5,428,10,0,10,438
11/09/2004,BDL,CT,ANE,EN,Towers with Radar,199,177,65,7,448,0,5,28,9,42,199,182,93,16,490,4,0,4,494
11/10/2004,BDL,CT,ANE,EN,Towers with Radar,203,170,58,4,435,0,3,44,8,55,203,173,102,12,490,18,4,22,512
11/11/2004,BDL,CT,ANE,EN,Towers with Radar,200,162,43,2,407,0,1,38,2,41,200,163,81,4,448,20,0,20,468
11/12/2004,BDL,CT,ANE,EN,Towers with Radar,197,141,29,0,367,2,0,2,0,4,199,141,31,0,371,2,0,2,373
11/13/2004,BDL,CT,ANE,EN,Towers with Radar,159,93,18,0,270,0,0,9,1,10,159,93,27,1,280,6,0,6,286
11/14/2004,BDL,CT,ANE,EN,Towers with Radar,177,90,26,0,293,0,1,31,0,32,177,91,57,0,325,0,0,0,325
11/15/2004,BDL,CT,ANE,EN,Towers with Radar,174,140,58,7,379,0,0,42,0,42,174,140,100,7,421,6,2,8,429
11/16/2004,BDL,CT,ANE,EN,Towers with Radar,202,170,51,11,434,0,3,42,14,59,202,173,93,25,493,28,0,28,521
11/17/2004,BDL,CT,ANE,EN,Towers with Radar,200,170,55,20,445,0,1,34,8,43,200,171,89,28,488,2,8,10,498
11/18/2004,BDL,CT,ANE,EN,Towers with Radar,203,169,50,12,434,0,0,18,4,22,203,169,68,16,456,20,2,22,478
11/19/2004,BDL,CT,ANE,EN,Towers with Radar,200,177,63,6,446,0,2,31,5,38,200,179,94,11,484,22,2,24,508
11/20/2004,BDL,CT,ANE,EN,Towers with Radar,151,87,34,0,272,0,0,16,0,16,151,87,50,0,288,22,0,22,310
11/21/2004,BDL,CT,ANE,EN,Towers with Radar,181,92,38,0,311,0,1,1,0,2,181,93,39,0,313,4,0,4,317
11/22/2004,BDL,CT,ANE,EN,Towers with Radar,184,144,59,8,395,2,3,44,5,54,186,147,103,13,449,18,4,22,471
11/23/2004,BDL,CT,ANE,EN,Towers with Radar,206,166,33,9,414,0,0,51,7,58,206,166,84,16,472,24,0,24,496
11/24/2004,BDL,CT,ANE,EN,Towers with Radar,201,182,64,3,450,0,2,10,1,13,201,184,74,4,463,20,0,20,483
11/25/2004,BDL,CT,ANE,EN,Towers with Radar,152,97,12,1,262,2,1,0,0,3,154,98,12,1,265,2,0,2,267
11/26/2004,BDL,CT,ANE,EN,Towers with Radar,167,76,7,1,251,0,1,18,0,19,167,77,25,1,270,40,4,44,314
11/27/2004,BDL,CT,ANE,EN,Towers with Radar,157,90,27,0,274,0,0,18,0,18,157,90,45,0,292,32,0,32,324
11/28/2004,BDL,CT,ANE,EN,Towers with Radar,177,116,40,0,333,3,0,1,0,4,180,116,41,0,337,4,0,4,341
11/29/2004,BDL,CT,ANE,EN,Towers with Radar,186,139,55,5,385,0,0,27,0,27,186,139,82,5,412,24,0,24,436
11/30/2004,BDL,CT,ANE,EN,Towers with Radar,204,168,47,14,433,0,2,46,4,52,204,170,93,18,485,39,3,42,527
12/01/2004,BDL,CT,ANE,EN,Towers with Radar,201,163,40,3,407,2,3,3,0,8,203,166,43,3,415,26,3,29,444
12/02/2004,BDL,CT,ANE,EN,Towers with Radar,204,173,66,14,457,2,5,24,0,31,206,178,90,14,488,50,9,59,547
12/03/2004,BDL,CT,ANE,EN,Towers with Radar,196,155,46,11,408,0,5,26,5,36,196,160,72,16,444,16,8,24,468
12/04/2004,BDL,CT,ANE,EN,Towers with Radar,144,91,35,10,280,0,1,31,8,40,144,92,66,18,320,42,6,48,368
12/05/2004,BDL,CT,ANE,EN,Towers with Radar,171,102,20,1,294,0,1,32,1,34,171,103,52,2,328,10,0,10,338
12/06/2004,BDL,CT,ANE,EN,Towers with Radar,178,150,87,3,418,1,0,28,1,30,179,150,115,4,448,14,0,14,462
12/07/2004,BDL,CT,ANE,EN,Towers with Radar,201,175,57,1,434,0,0,1,0,1,201,175,58,1,435,2,0,2,437
12/08/2004,BDL,CT,ANE,EN,Towers with Radar,197,175,55,10,437,0,3,24,2,29,197,178,79,12,466,38,6,44,510
12/09/2004,BDL,CT,ANE,EN,Towers with Radar,205,164,61,1,431,2,3,47,3,55,207,167,108,4,486,34,0,34,520
12/10/2004,BDL,CT,ANE,EN,Towers with Radar,198,158,31,6,393,1,0,0,0,1,199,158,31,6,394,0,0,0,394
12/11/2004,BDL,CT,ANE,EN,Towers with Radar,149,91,18,5,263,0,0,1,1,2,149,91,19,6,265,8,0,8,273
12/12/2004,BDL,CT,ANE,EN,Towers with Radar,169,100,25,2,296,0,1,15,0,16,169,101,40,2,312,12,0,12,324
12/13/2004,BDL,CT,ANE,EN,Towers with Radar,180,149,48,5,382,0,3,16,6,25,180,152,64,11,407,12,0,12,419
12/14/2004,BDL,CT,ANE,EN,Towers with Radar,207,170,73,12,462,0,0,74,11,85,207,170,147,23,547,42,0,42,589
12/15/2004,BDL,CT,ANE,EN,Towers with Radar,201,165,71,12,449,0,5,35,6,46,201,170,106,18,495,20,5,25,520
12/16/2004,BDL,CT,ANE,EN,Towers with Radar,212,178,53,5,448,0,4,35,3,42,212,182,88,8,490,66,3,69,559
12/17/2004,BDL,CT,ANE,EN,Towers with Radar,206,168,39,5,418,1,3,28,2,34,207,171,67,7,452,45,5,50,502
12/18/2004,BDL,CT,ANE,EN,Towers with Radar,155,82,28,0,265,1,1,50,0,52,156,83,78,0,317,28,0,28,345
12/19/2004,BDL,CT,ANE,EN,Towers with Radar,167,85,14,1,267,0,0,3,0,3,167,85,17,1,270,2,0,2,272
12/20/2004,BDL,CT,ANE,EN,Towers with Radar,186,135,20,1,342,0,0,11,1,12,186,135,31,2,354,13,9,22,376
12/21/2004,BDL,CT,ANE,EN,Towers with Radar,222,172,42,2,438,0,4,32,2,38,222,176,74,4,476,2,0,2,478
12/22/2004,BDL,CT,ANE,EN,Towers with Radar,213,159,35,11,418,0,3,37,6,46,213,162,72,17,464,22,3,25,489
12/23/2004,BDL,CT,ANE,EN,Towers with Radar,191,145,21,2,359,3,2,0,0,5,194,147,21,2,364,12,3,15,379
12/24/2004,BDL,CT,ANE,EN,Towers with Radar,171,120,7,1,299,0,3,5,0,8,171,123,12,1,307,4,0,4,311
12/25/2004,BDL,CT,ANE,EN,Towers with Radar,146,69,3,0,218,0,0,5,2,7,146,69,8,2,225,6,0,6,231
12/26/2004,BDL,CT,ANE,EN,Towers with Radar,194,82,29,0,305,0,0,1,1,2,194,82,30,1,307,2,0,2,309
12/27/2004,BDL,CT,ANE,EN,Towers with Radar,198,123,36,1,358,0,0,9,4,13,198,123,45,5,371,10,0,10,381
12/28/2004,BDL,CT,ANE,EN,Towers with Radar,220,153,19,2,394,0,3,30,5,38,220,156,49,7,432,52,2,54,486
12/29/2004,BDL,CT,ANE,EN,Towers with Radar,205,145,27,0,377,0,1,18,1,20,205,146,45,1,397,40,3,43,440
12/30/2004,BDL,CT,ANE,EN,Towers with Radar,207,147,24,2,380,1,4,32,0,37,208,151,56,2,417,18,0,18,435
12/31/2004,BDL,CT,ANE,EN,Towers with Radar,190,116,9,1,316,0,4,9,0,13,190,120,18,1,329,16,0,16,345
01/01/2005,BDL,CT,ANE,EN,Towers with Radar,154,66,12,0,232,0,1,10,0,11,154,67,22,0,243,6,0,6,249
01/02/2005,BDL,CT,ANE,EN,Towers with Radar,178,94,21,0,293,0,0,16,0,16,178,94,37,0,309,22,0,22,331
01/03/2005,BDL,CT,ANE,EN,Towers with Radar,183,143,26,8,360,0,1,3,1,5,183,144,29,9,365,17,2,19,384
01/04/2005,BDL,CT,ANE,EN,Towers with Radar,203,159,54,8,424,0,0,5,2,7,203,159,59,10,431,18,2,20,451
01/05/2005,BDL,CT,ANE,EN,Towers with Radar,190,164,50,1,405,1,1,0,1,3,191,165,50,2,408,2,0,2,410
01/06/2005,BDL,CT,ANE,EN,Towers with Radar,191,154,36,1,382,0,1,0,1,2,191,155,36,2,384,0,0,0,384
01/07/2005,BDL,CT,ANE,EN,Towers with Radar,202,149,45,9,405,0,5,24,4,33,202,154,69,13,438,24,6,30,468
01/08/2005,BDL,CT,ANE,EN,Towers with Radar,0,0,0,0,0,155,74,11,0,240,155,74,11,0,240,0,0,0,240
01/09/2005,BDL,CT,ANE,EN,Towers with Radar,174,82,19,2,277,0,0,5,4,9,174,82,24,6,286,16,0,16,302
01/10/2005,BDL,CT,ANE,EN,Towers with Radar,186,122,35,0,343,0,3,14,0,17,186,125,49,0,360,10,0,10,370
01/11/2005,BDL,CT,ANE,EN,Towers with Radar,198,167,46,11,422,0,1,29,2,32,198,168,75,13,454,19,5,24,478
01/12/2005,BDL,CT,ANE,EN,Towers with Radar,200,154,47,2,403,0,0,0,0,0,200,154,47,2,403,8,0,8,411
01/13/2005,BDL,CT,ANE,EN,Towers with Radar,208,111,37,11,367,6,0,0,6,12,214,111,37,17,379,57,0,57,436
01/14/2005,BDL,CT,ANE,EN,Towers with Radar,199,154,71,6,430,0,0,4,0,4,199,154,75,6,434,12,3,15,449
01/15/2005,BDL,CT,ANE,EN,Towers with Radar,153,81,36,0,270,0,1,52,1,54,153,82,88,1,324,24,0,24,348
01/16/2005,BDL,CT,ANE,EN,Towers with Radar,178,89,16,0,283,0,0,26,0,26,178,89,42,0,309,18,2,20,329
01/17/2005,BDL,CT,ANE,EN,Towers with Radar,190,123,39,1,353,0,0,18,0,18,190,123,57,1,371,27,0,27,398
01/18/2005,BDL,CT,ANE,EN,Towers with Radar,204,132,56,10,402,0,4,34,1,39,204,136,90,11,441,18,3,21,462
01/19/2005,BDL,CT,ANE,EN,Towers with Radar,193,152,53,12,410,1,3,20,0,24,194,155,73,12,434,10,0,10,444
01/20/2005,BDL,CT,ANE,EN,Towers with Radar,209,156,48,4,417,2,3,29,6,40,211,159,77,10,457,21,5,26,483
01/21/2005,BDL,CT,ANE,EN,Towers with Radar,200,152,47,5,404,0,1,27,0,28,200,153,74,5,432,34,0,34,466
01/22/2005,BDL,CT,ANE,EN,Towers with Radar,92,52,16,0,160,0,1,13,1,15,92,53,29,1,175,16,0,16,191
01/23/2005,BDL,CT,ANE,EN,Towers with Radar,30,13,13,1,57,0,0,0,0,0,30,13,13,1,57,0,0,0,57
01/24/2005,BDL,CT,ANE,EN,Towers with Radar,181,123,52,1,357,0,3,14,0,17,181,126,66,1,374,12,0,12,386
01/25/2005,BDL,CT,ANE,EN,Towers with Radar,201,149,54,12,416,0,4,21,3,28,201,153,75,15,444,44,15,59,503
01/26/2005,BDL,CT,ANE,EN,Towers with Radar,202,152,57,4,415,0,0,0,0,0,202,152,57,4,415,15,0,15,430
01/27/2005,BDL,CT,ANE,EN,Towers with Radar,210,154,49,12,425,0,4,33,9,46,210,158,82,21,471,22,4,26,497
01/28/2005,BDL,CT,ANE,EN,Towers with Radar,197,134,44,10,385,0,2,43,8,53,197,136,87,18,438,40,4,44,482
01/29/2005,BDL,CT,ANE,EN,Towers with Radar,137,76,23,2,238,0,0,20,1,21,137,76,43,3,259,20,0,20,279
01/30/2005,BDL,CT,ANE,EN,Towers with Radar,178,90,37,0,305,0,0,38,3,41,178,90,75,3,346,22,0,22,368
01/31/2005,BDL,CT,ANE,EN,Towers with Radar,181,117,56,5,359,0,3,32,2,37,181,120,88,7,396,25,0,25,421
02/01/2005,BDL,CT,ANE,EN,Towers with Radar,206,151,52,6,415,1,2,27,6,36,207,153,79,12,451,30,6,36,487
02/02/2005,BDL,CT,ANE,EN,Towers with Radar,208,143,54,8,413,0,6,24,4,34,208,149,78,12,447,40,2,42,489
02/03/2005,BDL,CT,ANE,EN,Towers with Radar,213,154,59,15,441,0,1,29,7,37,213,155,88,22,478,23,0,23,501
02/04/2005,BDL,CT,ANE,EN,Towers with Radar,204,146,44,6,400,0,3,5,0,8,204,149,49,6,408,4,0,4,412
02/05/2005,BDL,CT,ANE,EN,Towers with Radar,162,84,29,2,277,0,0,37,5,42,162,84,66,7,319,34,0,34,353
02/06/2005,BDL,CT,ANE,EN,Towers with Radar,186,89,21,1,297,0,0,23,2,25,186,89,44,3,322,0,0,0,322
02/07/2005,BDL,CT,ANE,EN,Towers with Radar,195,130,60,1,386,0,0,47,0,47,195,130,107,1,433,35,5,40,473
02/08/2005,BDL,CT,ANE,EN,Towers with Radar,211,152,58,2,423,1,4,26,4,35,212,156,84,6,458,42,0,42,500
02/09/2005,BDL,CT,ANE,EN,Towers with Radar,218,146,56,9,429,0,1,22,4,27,218,147,78,13,456,39,7,46,502
02/10/2005,BDL,CT,ANE,EN,Towers with Radar,217,155,27,2,401,1,2,0,0,3,218,157,27,2,404,10,0,10,414
02/11/2005,BDL,CT,ANE,EN,Towers with Radar,209,142,31,19,401,1,3,21,7,32,210,145,52,26,433,2,0,2,435
02/12/2005,BDL,CT,ANE,EN,Towers with Radar,173,87,25,20,305,0,1,20,6,27,173,88,45,26,332,6,0,6,338
02/13/2005,BDL,CT,ANE,EN,Towers with Radar,191,103,43,4,341,0,1,32,0,33,191,104,75,4,374,12,0,12,386
02/14/2005,BDL,CT,ANE,EN,Towers with Radar,203,158,44,2,407,0,2,12,0,14,203,160,56,2,421,14,0,14,435
02/15/2005,BDL,CT,ANE,EN,Towers with Radar,213,166,42,12,433,0,3,34,4,41,213,169,76,16,474,52,8,60,534
02/16/2005,BDL,CT,ANE,EN,Towers with Radar,223,149,67,9,448,0,6,17,1,24,223,155,84,10,472,20,6,26,498
02/17/2005,BDL,CT,ANE,EN,Towers with Radar,221,163,77,8,469,1,1,40,2,44,222,164,117,10,513,42,2,44,557
02/18/2005,BDL,CT,ANE,EN,Towers with Radar,215,137,42,0,394,0,0,8,2,10,215,137,50,2,404,18,0,18,422
02/19/2005,BDL,CT,ANE,EN,Towers with Radar,176,89,20,1,286,0,1,30,0,31,176,90,50,1,317,12,0,12,329
02/20/2005,BDL,CT,ANE,EN,Towers with Radar,193,83,20,0,296,0,0,23,0,23,193,83,43,0,319,10,0,10,329
02/21/2005,BDL,CT,ANE,EN,Towers with Radar,186,118,31,0,335,2,0,0,0,2,188,118,31,0,337,12,0,12,349
02/22/2005,BDL,CT,ANE,EN,Towers with Radar,220,137,39,5,401,0,0,15,6,21,220,137,54,11,422,10,8,18,440
02/23/2005,BDL,CT,ANE,EN,Towers with Radar,216,157,40,8,421,0,6,22,13,41,216,163,62,21,462,28,0,28,490
02/24/2005,BDL,CT,ANE,EN,Towers with Radar,202,145,39,1,387,0,3,22,5,30,202,148,61,6,417,0,0,0,417
02/25/2005,BDL,CT,ANE,EN,Towers with Radar,220,148,25,4,397,0,3,16,2,21,220,151,41,6,418,30,2,32,450
02/26/2005,BDL,CT,ANE,EN,Towers with Radar,173,87,18,1,279,0,1,7,0,8,173,88,25,1,287,35,0,35,322
02/27/2005,BDL,CT,ANE,EN,Towers with Radar,196,87,21,2,306,0,0,27,0,27,196,87,48,2,333,26,3,29,362
02/28/2005,BDL,CT,ANE,EN,Towers with Radar,188,124,48,1,361,0,0,21,1,22,188,124,69,2,383,38,0,38,421
03/01/2005,BDL,CT,ANE,EN,Towers with Radar,211,155,42,1,409,0,0,6,0,6,211,155,48,1,415,8,0,8,423
03/02/2005,BDL,CT,ANE,EN,Towers with Radar,225,163,40,12,440,0,2,12,4,18,225,165,52,16,458,12,0,12,470
03/03/2005,BDL,CT,ANE,EN,Towers with Radar,225,151,51,11,438,1,5,13,6,25,226,156,64,17,463,4,0,4,467
03/04/2005,BDL,CT,ANE,EN,Towers with Radar,217,143,54,11,425,0,7,26,7,40,217,150,80,18,465,24,0,24,489
03/05/2005,BDL,CT,ANE,EN,Towers with Radar,177,90,32,7,306,0,1,29,4,34,177,91,61,11,340,58,0,58,398
03/06/2005,BDL,CT,ANE,EN,Towers with Radar,198,80,19,4,301,0,0,13,2,15,198,80,32,6,316,27,5,32,348
03/07/2005,BDL,CT,ANE,EN,Towers with Radar,207,127,38,0,372,0,2,26,1,29,207,129,64,1,401,48,3,51,452
03/08/2005,BDL,CT,ANE,EN,Towers with Radar,146,125,24,2,297,0,0,0,0,0,146,125,24,2,297,21,0,21,318
03/09/2005,BDL,CT,ANE,EN,Towers with Radar,213,155,55,2,425,0,1,16,4,21,213,156,71,6,446,14,0,14,460
03/10/2005,BDL,CT,ANE,EN,Towers with Radar,224,147,54,4,429,0,1,27,5,33,224,148,81,9,462,32,4,36,498
03/11/2005,BDL,CT,ANE,EN,Towers with Radar,216,150,47,9,422,2,0,3,1,6,218,150,50,10,428,0,0,0,428
03/12/2005,BDL,CT,ANE,EN,Towers with Radar,174,94,18,0,286,0,0,4,0,4,174,94,22,0,290,14,0,14,304
03/13/2005,BDL,CT,ANE,EN,Towers with Radar,201,89,37,0,327,0,0,14,0,14,201,89,51,0,341,27,5,32,373
03/14/2005,BDL,CT,ANE,EN,Towers with Radar,203,120,47,9,379,0,1,19,6,26,203,121,66,15,405,34,6,40,445
03/15/2005,BDL,CT,ANE,EN,Towers with Radar,221,149,46,7,423,0,7,28,4,39,221,156,74,11,462,36,12,48,510
03/16/2005,BDL,CT,ANE,EN,Towers with Radar,224,151,46,3,424,0,5,21,8,34,224,156,67,11,458,18,10,28,486
03/17/2005,BDL,CT,ANE,EN,Towers with Radar,218,150,49,17,434,1,6,40,9,56,219,156,89,26,490,20,0,20,510
03/18/2005,BDL,CT,ANE,EN,Towers with Radar,222,134,39,11,406,0,7,41,5,53,222,141,80,16,459,34,6,40,499
03/19/2005,BDL,CT,ANE,EN,Towers with Radar,178,82,19,0,279,0,0,34,0,34,178,82,53,0,313,44,0,44,357
03/20/2005,BDL,CT,ANE,EN,Towers with Radar,193,83,15,1,292,0,0,4,0,4,193,83,19,1,296,2,0,2,298
03/21/2005,BDL,CT,ANE,EN,Towers with Radar,206,140,45,1,392,0,0,15,0,15,206,140,60,1,407,16,5,21,428
03/22/2005,BDL,CT,ANE,EN,Towers with Radar,219,147,55,8,429,0,4,38,10,52,219,151,93,18,481,48,6,54,535
03/23/2005,BDL,CT,ANE,EN,Towers with Radar,218,155,49,4,426,0,3,19,4,26,218,158,68,8,452,14,2,16,468
03/24/2005,BDL,CT,ANE,EN,Towers with Radar,218,156,61,10,445,0,1,10,1,12,218,157,71,11,457,36,6,42,499
03/25/2005,BDL,CT,ANE,EN,Towers with Radar,201,134,19,3,357,0,4,17,5,26,201,138,36,8,383,24,0,24,407
03/26/2005,BDL,CT,ANE,EN,Towers with Radar,181,75,25,0,281,0,2,29,0,31,181,77,54,0,312,22,0,22,334
03/27/2005,BDL,CT,ANE,EN,Towers with Radar,192,86,17,4,299,0,0,6,2,8,192,86,23,6,307,19,10,29,336
03/28/2005,BDL,CT,ANE,EN,Towers with Radar,192,131,51,2,376,0,0,0,0,0,192,131,51,2,376,18,0,18,394
03/29/2005,BDL,CT,ANE,EN,Towers with Radar,227,155,40,2,424,2,2,15,1,20,229,157,55,3,444,9,10,19,463
03/30/2005,BDL,CT,ANE,EN,Towers with Radar,219,159,46,5,429,0,5,54,4,63,219,164,100,9,492,43,0,43,535
03/31/2005,BDL,CT,ANE,EN,Towers with Radar,215,145,46,3,409,2,5,36,4,47,217,150,82,7,456,41,4,45,501
04/01/2005,BDL,CT,ANE,EN,Towers with Radar,210,149,51,3,413,2,3,18,3,26,212,152,69,6,439,19,0,19,458
04/02/2005,BDL,CT,ANE,EN,Towers with Radar,176,83,13,1,273,2,0,0,0,2,178,83,13,1,275,12,0,12,287
04/03/2005,BDL,CT,ANE,EN,Towers with Radar,194,84,17,17,312,0,0,3,6,9,194,84,20,23,321,6,6,12,333
04/04/2005,BDL,CT,ANE,EN,Towers with Radar,205,133,58,2,398,0,0,24,0,24,205,133,82,2,422,30,5,35,457
04/05/2005,BDL,CT,ANE,EN,Towers with Radar,225,150,58,12,445,0,8,35,6,49,225,158,93,18,494,48,11,59,553
04/06/2005,BDL,CT,ANE,EN,Towers with Radar,224,149,68,9,450,0,7,59,7,73,224,156,127,16,523,18,2,20,543
04/07/2005,BDL,CT,ANE,EN,Towers with Radar,223,164,46,14,447,2,4,31,2,39,225,168,77,16,486,26,2,28,514
04/08/2005,BDL,CT,ANE,EN,Towers with Radar,218,147,41,2,408,1,0,23,2,26,219,147,64,4,434,14,2,16,450
04/09/2005,BDL,CT,ANE,EN,Towers with Radar,178,85,19,0,282,1,1,21,0,23,179,86,40,0,305,26,0,26,331
04/10/2005,BDL,CT,ANE,EN,Towers with Radar,194,86,48,2,330,1,0,40,1,42,195,86,88,3,372,18,0,18,390
04/11/2005,BDL,CT,ANE,EN,Towers with Radar,211,123,52,5,391,0,0,34,3,37,211,123,86,8,428,32,0,32,460
04/12/2005,BDL,CT,ANE,EN,Towers with Radar,217,151,52,11,431,0,6,30,2,38,217,157,82,13,469,16,0,16,485
04/13/2005,BDL,CT,ANE,EN,Towers with Radar,228,150,55,14,447,0,8,34,4,46,228,158,89,18,493,20,4,24,517
04/14/2005,BDL,CT,ANE,EN,Towers with Radar,228,160,60,6,454,0,8,58,8,74,228,168,118,14,528,14,0,14,542
04/15/2005,BDL,CT,ANE,EN,Towers with Radar,216,143,60,5,424,0,6,42,3,51,216,149,102,8,475,22,0,22,497
04/16/2005,BDL,CT,ANE,EN,Towers with Radar,182,96,20,0,298,1,3,28,1,33,183,99,48,1,331,14,0,14,345
04/17/2005,BDL,CT,ANE,EN,Towers with Radar,196,89,28,1,314,0,0,29,0,29,196,89,57,1,343,16,0,16,359
04/18/2005,BDL,CT,ANE,EN,Towers with Radar,211,134,47,4,396,2,3,25,1,31,213,137,72,5,427,34,0,34,461
04/19/2005,BDL,CT,ANE,EN,Towers with Radar,221,148,39,5,413,0,11,39,6,56,221,159,78,11,469,40,4,44,513
04/20/2005,BDL,CT,ANE,EN,Towers with Radar,226,153,35,8,422,0,10,30,2,42,226,163,65,10,464,8,0,8,472
04/21/2005,BDL,CT,ANE,EN,Towers with Radar,223,176,50,9,458,0,0,22,6,28,223,176,72,15,486,10,0,10,496
04/22/2005,BDL,CT,ANE,EN,Towers with Radar,216,145,51,4,416,0,6,20,3,29,216,151,71,7,445,25,3,28,473
04/23/2005,BDL,CT,ANE,EN,Towers with Radar,176,94,16,2,288,0,1,0,0,1,176,95,16,2,289,2,0,2,291
04/24/2005,BDL,CT,ANE,EN,Towers with Radar,198,107,25,1,331,0,0,8,1,9,198,107,33,2,340,16,0,16,356
04/25/2005,BDL,CT,ANE,EN,Towers with Radar,207,136,40,7,390,0,2,23,1,26,207,138,63,8,416,16,8,24,440
04/26/2005,BDL,CT,ANE,EN,Towers with Radar,220,142,40,4,406,0,8,24,1,33,220,150,64,5,439,45,3,48,487
04/27/2005,BDL,CT,ANE,EN,Towers with Radar,226,169,54,9,458,0,0,0,0,0,226,169,54,9,458,1,71,72,530
04/28/2005,BDL,CT,ANE,EN,Towers with Radar,232,163,54,3,452,0,0,0,0,0,232,163,54,3,452,0,67,67,519
04/29/2005,BDL,CT,ANE,EN,Towers with Radar,221,150,41,6,418,0,0,0,0,0,221,150,41,6,418,1,73,74,492
04/30/2005,BDL,CT,ANE,EN,Towers with Radar,174,90,39,0,303,0,1,3,2,6,174,91,42,2,309,18,0,18,327
05/01/2005,BDL,CT,ANE,EN,Towers with Radar,186,94,31,0,311,0,0,11,0,11,186,94,42,0,322,55,0,55,377
05/02/2005,BDL,CT,ANE,EN,Towers with Radar,205,131,56,2,394,0,4,22,0,26,205,135,78,2,420,31,0,31,451
05/03/2005,BDL,CT,ANE,EN,Towers with Radar,217,156,64,8,445,0,3,29,4,36,217,159,93,12,481,26,2,28,509
05/04/2005,BDL,CT,ANE,EN,Towers with Radar,219,143,67,8,437,0,6,27,4,37,219,149,94,12,474,28,2,30,504
05/05/2005,BDL,CT,ANE,EN,Towers with Radar,222,143,79,4,448,0,8,56,5,69,222,151,135,9,517,72,0,72,589
05/06/2005,BDL,CT,ANE,EN,Towers with Radar,218,132,56,4,410,1,11,30,1,43,219,143,86,5,453,50,0,50,503
05/07/2005,BDL,CT,ANE,EN,Towers with Radar,177,82,15,3,277,0,0,2,0,2,177,82,17,3,279,17,7,24,303
05/08/2005,BDL,CT,ANE,EN,Towers with Radar,190,88,16,0,294,0,0,6,0,6,190,88,22,0,300,14,0,14,314
05/09/2005,BDL,CT,ANE,EN,Towers with Radar,202,126,48,3,379,0,2,25,1,28,202,128,73,4,407,24,3,27,434
05/10/2005,BDL,CT,ANE,EN,Towers with Radar,216,147,35,4,402,0,6,20,10,36,216,153,55,14,438,42,7,49,487
05/11/2005,BDL,CT,ANE,EN,Towers with Radar,218,143,68,10,439,0,3,38,8,49,218,146,106,18,488,8,0,8,496
05/12/2005,BDL,CT,ANE,EN,Towers with Radar,219,150,51,11,431,0,6,32,7,45,219,156,83,18,476,38,10,48,524
05/13/2005,BDL,CT,ANE,EN,Towers with Radar,216,136,52,4,408,1,11,39,12,63,217,147,91,16,471,52,2,54,525
05/14/2005,BDL,CT,ANE,EN,Towers with Radar,175,80,30,10,295,0,0,16,10,26,175,80,46,20,321,12,0,12,333
05/15/2005,BDL,CT,ANE,EN,Towers with Radar,191,93,24,1,309,0,0,6,5,11,191,93,30,6,320,21,0,21,341
05/16/2005,BDL,CT,ANE,EN,Towers with Radar,205,138,68,4,415,2,3,19,0,24,207,141,87,4,439,28,0,28,467
05/17/2005,BDL,CT,ANE,EN,Towers with Radar,217,149,51,9,426,0,3,17,10,30,217,152,68,19,456,30,0,30,486
05/18/2005,BDL,CT,ANE,EN,Towers with Radar,219,148,61,8,436,0,4,38,7,49,219,152,99,15,485,28,0,28,513
05/19/2005,BDL,CT,ANE,EN,Towers with Radar,216,157,58,11,442,0,8,41,5,54,216,165,99,16,496,36,7,43,539
05/20/2005,BDL,CT,ANE,EN,Towers with Radar,211,136,59,5,411,1,7,33,5,46,212,143,92,10,457,70,6,76,533
05/21/2005,BDL,CT,ANE,EN,Towers with Radar,173,88,48,3,312,0,2,19,1,22,173,90,67,4,334,32,0,32,366
05/22/2005,BDL,CT,ANE,EN,Towers with Radar,186,95,41,0,322,0,0,0,1,1,186,95,41,1,323,18,4,22,345
05/23/2005,BDL,CT,ANE,EN,Towers with Radar,206,126,65,9,406,0,0,14,0,14,206,126,79,9,420,33,2,35,455
05/24/2005,BDL,CT,ANE,EN,Towers with Radar,210,161,71,6,448,0,0,5,0,5,210,161,76,6,453,6,8,14,467
05/25/2005,BDL,CT,ANE,EN,Towers with Radar,210,150,73,20,453,0,0,0,0,0,210,150,73,20,453,16,4,20,473
05/26/2005,BDL,CT,ANE,EN,Towers with Radar,221,164,81,13,479,1,3,0,0,4,222,167,81,13,483,22,6,28,511
05/27/2005,BDL,CT,ANE,EN,Towers with Radar,217,146,53,1,417,0,2,19,3,24,217,148,72,4,441,30,4,34,475
05/28/2005,BDL,CT,ANE,EN,Towers with Radar,168,88,26,0,282,0,0,27,0,27,168,88,53,0,309,41,0,41,350
05/29/2005,BDL,CT,ANE,EN,Towers with Radar,166,83,16,5,270,0,0,17,7,24,166,83,33,12,294,54,10,64,358
05/30/2005,BDL,CT,ANE,EN,Towers with Radar,182,111,15,0,308,0,0,9,11,20,182,111,24,11,328,16,20,36,364
05/31/2005,BDL,CT,ANE,EN,Towers with Radar,194,146,59,7,406,0,2,27,4,33,194,148,86,11,439,12,0,12,451
06/01/2005,BDL,CT,ANE,EN,Towers with Radar,210,156,64,5,435,0,0,11,2,13,210,156,75,7,448,8,2,10,458
06/02/2005,BDL,CT,ANE,EN,Towers with Radar,213,161,70,6,450,1,1,12,3,17,214,162,82,9,467,47,3,50,517
06/03/2005,BDL,CT,ANE,EN,Towers with Radar,210,151,66,5,432,0,3,26,3,32,210,154,92,8,464,16,10,26,490
06/04/2005,BDL,CT,ANE,EN,Towers with Radar,166,83,20,4,273,0,0,17,9,26,166,83,37,13,299,18,4,22,321
06/05/2005,BDL,CT,ANE,EN,Towers with Radar,177,92,21,0,290,0,0,18,3,21,177,92,39,3,311,10,0,10,321
06/06/2005,BDL,CT,ANE,EN,Towers with Radar,179,114,49,0,342,0,2,26,0,28,179,116,75,0,370,14,0,14,384
06/07/2005,BDL,CT,ANE,EN,Towers with Radar,208,162,53,9,432,0,4,41,2,47,208,166,94,11,479,36,0,36,515
06/08/2005,BDL,CT,ANE,EN,Towers with Radar,216,153,42,13,424,0,7,37,7,51,216,160,79,20,475,18,0,18,493
06/09/2005,BDL,CT,ANE,EN,Towers with Radar,215,154,62,9,440,1,1,35,6,43,216,155,97,15,483,30,7,37,520
06/10/2005,BDL,CT,ANE,EN,Towers with Radar,218,145,45,18,426,0,4,10,1,15,218,149,55,19,441,14,7,21,462
06/11/2005,BDL,CT,ANE,EN,Towers with Radar,188,87,19,2,296,0,1,5,1,7,188,88,24,3,303,30,0,30,333
06/12/2005,BDL,CT,ANE,EN,Towers with Radar,183,91,39,8,321,1,0,0,5,6,184,91,39,13,327,20,4,24,351
06/13/2005,BDL,CT,ANE,EN,Towers with Radar,203,120,38,3,364,0,2,20,0,22,203,122,58,3,386,20,0,20,406
06/14/2005,BDL,CT,ANE,EN,Towers with Radar,222,146,38,7,413,0,6,28,9,43,222,152,66,16,456,22,4,26,482
06/15/2005,BDL,CT,ANE,EN,Towers with Radar,220,151,81,9,461,1,2,6,1,10,221,153,87,10,471,27,2,29,500
06/16/2005,BDL,CT,ANE,EN,Towers with Radar,224,156,81,10,471,1,0,5,0,6,225,156,86,10,477,20,0,20,497
06/17/2005,BDL,CT,ANE,EN,Towers with Radar,222,145,52,8,427,0,7,31,6,44,222,152,83,14,471,44,7,51,522
06/18/2005,BDL,CT,ANE,EN,Towers with Radar,186,84,28,4,302,0,0,10,2,12,186,84,38,6,314,14,0,14,328
06/19/2005,BDL,CT,ANE,EN,Towers with Radar,188,93,37,0,318,0,0,23,1,24,188,93,60,1,342,16,0,16,358
06/20/2005,BDL,CT,ANE,EN,Towers with Radar,203,125,56,3,387,0,5,30,3,38,203,130,86,6,425,12,0,12,437
06/21/2005,BDL,CT,ANE,EN,Towers with Radar,217,147,67,9,440,0,5,51,2,58,217,152,118,11,498,40,2,42,540
06/22/2005,BDL,CT,ANE,EN,Towers with Radar,231,156,48,8,443,0,3,34,3,40,231,159,82,11,483,22,6,28,511
06/23/2005,BDL,CT,ANE,EN,Towers with Radar,219,148,54,7,428,0,6,53,3,62,219,154,107,10,490,34,13,47,537
06/24/2005,BDL,CT,ANE,EN,Towers with Radar,220,132,39,4,395,0,7,28,8,43,220,139,67,12,438,41,0,41,479
06/25/2005,BDL,CT,ANE,EN,Towers with Radar,190,81,10,0,281,0,0,25,0,25,190,81,35,0,306,14,0,14,320
06/26/2005,BDL,CT,ANE,EN,Towers with Radar,185,83,22,0,290,0,0,18,0,18,185,83,40,0,308,12,0,12,320
06/27/2005,BDL,CT,ANE,EN,Towers with Radar,199,123,61,3,386,0,2,19,3,24,199,125,80,6,410,34,0,34,444
06/28/2005,BDL,CT,ANE,EN,Towers with Radar,218,153,68,10,449,0,0,3,0,3,218,153,71,10,452,8,0,8,460
06/29/2005,BDL,CT,ANE,EN,Towers with Radar,205,135,42,4,386,0,1,2,0,3,205,136,44,4,389,0,0,0,389
06/30/2005,BDL,CT,ANE,EN,Towers with Radar,233,151,54,6,444,0,2,10,7,19,233,153,64,13,463,12,8,20,483
07/01/2005,BDL,CT,ANE,EN,Towers with Radar,210,156,42,0,408,0,3,16,0,19,210,159,58,0,427,29,0,29,456
07/02/2005,BDL,CT,ANE,EN,Towers with Radar,179,84,24,1,288,0,0,23,1,24,179,84,47,2,312,54,3,57,369
07/03/2005,BDL,CT,ANE,EN,Towers with Radar,133,62,19,1,215,1,0,22,0,23,134,62,41,1,238,61,0,61,299
07/04/2005,BDL,CT,ANE,EN,Towers with Radar,175,90,21,0,286,0,0,16,2,18,175,90,37,2,304,32,2,34,338
07/05/2005,BDL,CT,ANE,EN,Towers with Radar,192,143,65,4,404,0,0,10,4,14,192,143,75,8,418,22,8,30,448
07/06/2005,BDL,CT,ANE,EN,Towers with Radar,225,160,44,11,440,1,0,1,0,2,226,160,45,11,442,2,0,2,444
07/07/2005,BDL,CT,ANE,EN,Towers with Radar,217,166,70,5,458,0,0,15,4,19,217,166,85,9,477,22,0,22,499
07/08/2005,BDL,CT,ANE,EN,Towers with Radar,218,141,55,2,416,1,0,4,0,5,219,141,59,2,421,16,5,21,442
07/09/2005,BDL,CT,ANE,EN,Towers with Radar,170,99,34,3,306,0,0,12,3,15,170,99,46,6,321,38,0,38,359
07/10/2005,BDL,CT,ANE,EN,Towers with Radar,177,92,29,2,300,0,0,25,2,27,177,92,54,4,327,38,0,38,365
07/11/2005,BDL,CT,ANE,EN,Towers with Radar,200,124,71,3,398,0,2,43,0,45,200,126,114,3,443,38,0,38,481
07/12/2005,BDL,CT,ANE,EN,Towers with Radar,222,149,57,3,431,0,0,36,4,40,222,149,93,7,471,63,0,63,534
07/13/2005,BDL,CT,ANE,EN,Towers with Radar,206,152,91,9,458,0,1,23,2,26,206,153,114,11,484,32,0,32,516
07/14/2005,BDL,CT,ANE,EN,Towers with Radar,227,166,67,4,464,0,2,18,1,21,227,168,85,5,485,16,0,16,501
07/15/2005,BDL,CT,ANE,EN,Towers with Radar,208,146,53,7,414,0,0,22,1,23,208,146,75,8,437,32,0,32,469
07/16/2005,BDL,CT,ANE,EN,Towers with Radar,178,81,35,0,294,0,0,19,0,19,178,81,54,0,313,24,0,24,337
07/17/2005,BDL,CT,ANE,EN,Towers with Radar,179,96,45,0,320,0,0,0,0,0,179,96,45,0,320,8,0,8,328
07/18/2005,BDL,CT,ANE,EN,Towers with Radar,195,123,57,2,377,2,0,6,0,8,197,123,63,2,385,18,0,18,403
07/19/2005,BDL,CT,ANE,EN,Towers with Radar,217,144,47,3,411,2,0,10,0,12,219,144,57,3,423,6,0,6,429
07/20/2005,BDL,CT,ANE,EN,Towers with Radar,217,160,50,2,429,0,6,57,5,68,217,166,107,7,497,54,5,59,556
07/21/2005,BDL,CT,ANE,EN,Towers with Radar,220,139,78,1,438,0,12,49,0,61,220,151,127,1,499,50,2,52,551
07/22/2005,BDL,CT,ANE,EN,Towers with Radar,215,158,54,2,429,0,1,18,3,22,215,159,72,5,451,39,3,42,493
07/23/2005,BDL,CT,ANE,EN,Towers with Radar,177,90,27,0,294,0,2,18,2,22,177,92,45,2,316,36,6,42,358
07/24/2005,BDL,CT,ANE,EN,Towers with Radar,186,94,35,7,322,0,0,22,3,25,186,94,57,10,347,28,0,28,375
07/25/2005,BDL,CT,ANE,EN,Towers with Radar,196,129,70,0,395,0,0,32,1,33,196,129,102,1,428,20,0,20,448
07/26/2005,BDL,CT,ANE,EN,Towers with Radar,216,156,40,4,416,0,4,26,6,36,216,160,66,10,452,52,8,60,512
07/27/2005,BDL,CT,ANE,EN,Towers with Radar,212,158,56,9,435,2,4,17,1,24,214,162,73,10,459,14,3,17,476
07/28/2005,BDL,CT,ANE,EN,Towers with Radar,221,155,40,4,420,0,6,20,7,33,221,161,60,11,453,42,7,49,502
07/29/2005,BDL,CT,ANE,EN,Towers with Radar,215,141,51,5,412,1,5,27,5,38,216,146,78,10,450,53,6,59,509
07/30/2005,BDL,CT,ANE,EN,Towers with Radar,175,84,27,1,287,0,0,29,1,30,175,84,56,2,317,62,2,64,381
07/31/2005,BDL,CT,ANE,EN,Towers with Radar,179,94,30,4,307,0,5,3,0,8,179,99,33,4,315,18,0,18,333
08/01/2005,BDL,CT,ANE,EN,Towers with Radar,199,135,50,2,386,0,0,14,0,14,199,135,64,2,400,10,2,12,412
08/02/2005,BDL,CT,ANE,EN,Towers with Radar,214,148,37,6,405,0,9,26,3,38,214,157,63,9,443,44,12,56,499
08/03/2005,BDL,CT,ANE,EN,Towers with Radar,213,151,51,7,422,1,3,37,3,44,214,154,88,10,466,50,3,53,519
08/04/2005,BDL,CT,ANE,EN,Towers with Radar,222,144,45,3,414,0,7,24,5,36,222,151,69,8,450,54,2,56,506
08/05/2005,BDL,CT,ANE,EN,Towers with Radar,211,145,58,3,417,1,5,21,1,28,212,150,79,4,445,30,0,30,475
08/06/2005,BDL,CT,ANE,EN,Towers with Radar,179,86,17,10,292,0,1,12,5,18,179,87,29,15,310,24,2,26,336
08/07/2005,BDL,CT,ANE,EN,Towers with Radar,185,94,43,0,322,1,0,18,0,19,186,94,61,0,341,26,0,26,367
08/08/2005,BDL,CT,ANE,EN,Towers with Radar,196,126,43,1,366,0,1,22,3,26,196,127,65,4,392,14,0,14,406
08/09/2005,BDL,CT,ANE,EN,Towers with Radar,222,166,50,9,447,0,2,23,2,27,222,168,73,11,474,26,3,29,503
08/10/2005,BDL,CT,ANE,EN,Towers with Radar,219,140,61,4,424,1,5,24,4,34,220,145,85,8,458,51,0,51,509
08/11/2005,BDL,CT,ANE,EN,Towers with Radar,219,155,67,14,455,1,8,31,4,44,220,163,98,18,499,42,3,45,544
08/12/2005,BDL,CT,ANE,EN,Towers with Radar,216,141,58,3,418,2,9,22,5,38,218,150,80,8,456,33,5,38,494
08/13/2005,BDL,CT,ANE,EN,Towers with Radar,174,80,21,0,275,0,0,8,0,8,174,80,29,0,283,36,0,36,319
08/14/2005,BDL,CT,ANE,EN,Towers with Radar,176,77,31,3,287,1,0,1,1,3,177,77,32,4,290,2,0,2,292
08/15/2005,BDL,CT,ANE,EN,Towers with Radar,207,130,82,4,423,0,0,11,0,11,207,130,93,4,434,28,0,28,462
08/16/2005,BDL,CT,ANE,EN,Towers with Radar,214,155,49,6,424,0,3,15,3,21,214,158,64,9,445,18,0,18,463
08/17/2005,BDL,CT,ANE,EN,Towers with Radar,219,151,44,7,421,1,1,37,2,41,220,152,81,9,462,36,2,38,500
08/18/2005,BDL,CT,ANE,EN,Towers with Radar,217,152,55,4,428,1,8,45,2,56,218,160,100,6,484,63,0,63,547
08/19/2005,BDL,CT,ANE,EN,Towers with Radar,212,143,40,6,401,1,5,37,3,46,213,148,77,9,447,62,5,67,514
08/20/2005,BDL,CT,ANE,EN,Towers with Radar,172,79,22,0,273,0,0,15,0,15,172,79,37,0,288,34,2,36,324
08/21/2005,BDL,CT,ANE,EN,Towers with Radar,184,96,24,0,304,0,0,3,1,4,184,96,27,1,308,20,0,20,328
08/22/2005,BDL,CT,ANE,EN,Towers with Radar,200,119,32,1,352,0,0,34,1,35,200,119,66,2,387,28,0,28,415
08/23/2005,BDL,CT,ANE,EN,Towers with Radar,215,151,43,5,414,0,3,41,2,46,215,154,84,7,460,52,6,58,518
08/24/2005,BDL,CT,ANE,EN,Towers with Radar,215,149,49,8,421,0,2,37,2,41,215,151,86,10,462,46,6,52,514
08/25/2005,BDL,CT,ANE,EN,Towers with Radar,214,140,50,6,410,0,3,41,5,49,214,143,91,11,459,36,3,39,498
08/26/2005,BDL,CT,ANE,EN,Towers with Radar,214,150,40,6,410,0,2,20,2,24,214,152,60,8,434,36,6,42,476
08/27/2005,BDL,CT,ANE,EN,Towers with Radar,173,72,32,0,277,1,0,22,0,23,174,72,54,0,300,59,0,59,359
08/28/2005,BDL,CT,ANE,EN,Towers with Radar,183,96,32,0,311,0,0,6,0,6,183,96,38,0,317,10,0,10,327
08/29/2005,BDL,CT,ANE,EN,Towers with Radar,203,131,41,1,376,0,0,9,0,9,203,131,50,1,385,19,0,19,404
08/30/2005,BDL,CT,ANE,EN,Towers with Radar,214,151,58,10,433,0,2,5,3,10,214,153,63,13,443,4,2,6,449
08/31/2005,BDL,CT,ANE,EN,Towers with Radar,215,152,59,2,428,0,0,10,0,10,215,152,69,2,438,22,0,22,460
09/01/2005,BDL,CT,ANE,EN,Towers with Radar,218,154,57,5,434,1,7,40,0,48,219,161,97,5,482,82,0,82,564
09/02/2005,BDL,CT,ANE,EN,Towers with Radar,207,132,44,3,386,0,9,33,1,43,207,141,77,4,429,35,2,37,466
09/03/2005,BDL,CT,ANE,EN,Towers with Radar,171,65,16,15,267,0,1,18,0,19,171,66,34,15,286,28,2,30,316
09/04/2005,BDL,CT,ANE,EN,Towers with Radar,141,59,14,6,220,0,0,21,0,21,141,59,35,6,241,38,2,40,281
09/05/2005,BDL,CT,ANE,EN,Towers with Radar,174,101,18,0,293,1,1,15,0,17,175,102,33,0,310,22,2,24,334
09/06/2005,BDL,CT,ANE,EN,Towers with Radar,197,126,40,8,371,0,2,33,6,41,197,128,73,14,412,54,6,60,472
09/07/2005,BDL,CT,ANE,EN,Towers with Radar,216,142,63,2,423,0,2,34,9,45,216,144,97,11,468,32,2,34,502
09/08/2005,BDL,CT,ANE,EN,Towers with Radar,217,158,57,1,433,1,4,41,3,49,218,162,98,4,482,18,0,18,500
09/09/2005,BDL,CT,ANE,EN,Towers with Radar,215,141,37,13,406,1,4,30,2,37,216,145,67,15,443,30,2,32,475
09/10/2005,BDL,CT,ANE,EN,Towers with Radar,169,71,15,2,257,0,0,22,1,23,169,71,37,3,280,18,2,20,300
09/11/2005,BDL,CT,ANE,EN,Towers with Radar,178,97,20,1,296,0,0,23,0,23,178,97,43,1,319,2,0,2,321
09/12/2005,BDL,CT,ANE,EN,Towers with Radar,195,127,59,4,385,0,1,27,1,29,195,128,86,5,414,26,2,28,442
09/13/2005,BDL,CT,ANE,EN,Towers with Radar,203,151,57,4,415,0,8,35,7,50,203,159,92,11,465,10,0,10,475
09/14/2005,BDL,CT,ANE,EN,Towers with Radar,211,147,81,6,445,2,3,17,3,25,213,150,98,9,470,14,2,16,486
09/15/2005,BDL,CT,ANE,EN,Towers with Radar,215,153,55,6,429,0,2,0,2,4,215,155,55,8,433,2,0,2,435
09/16/2005,BDL,CT,ANE,EN,Towers with Radar,215,148,57,10,430,0,0,0,0,0,215,148,57,10,430,8,0,8,438
09/17/2005,BDL,CT,ANE,EN,Towers with Radar,163,78,27,6,274,0,0,4,0,4,163,78,31,6,278,28,0,28,306
09/18/2005,BDL,CT,ANE,EN,Towers with Radar,178,86,33,2,299,0,0,17,4,21,178,86,50,6,320,19,0,19,339
09/19/2005,BDL,CT,ANE,EN,Towers with Radar,195,125,42,3,365,0,1,36,2,39,195,126,78,5,404,43,14,57,461
09/20/2005,BDL,CT,ANE,EN,Towers with Radar,206,145,52,8,411,0,2,2,0,4,206,147,54,8,415,22,0,22,437
09/21/2005,BDL,CT,ANE,EN,Towers with Radar,207,146,43,8,404,0,4,37,5,46,207,150,80,13,450,56,3,59,509
09/22/2005,BDL,CT,ANE,EN,Towers with Radar,208,170,67,5,450,1,2,48,4,55,209,172,115,9,505,60,7,67,572
09/23/2005,BDL,CT,ANE,EN,Towers with Radar,215,138,57,5,415,1,4,35,1,41,216,142,92,6,456,55,8,63,519
09/24/2005,BDL,CT,ANE,EN,Towers with Radar,158,73,29,0,260,0,2,23,0,25,158,75,52,0,285,36,0,36,321
09/25/2005,BDL,CT,ANE,EN,Towers with Radar,180,86,27,0,293,0,0,39,2,41,180,86,66,2,334,66,0,66,400
09/26/2005,BDL,CT,ANE,EN,Towers with Radar,193,117,43,2,355,0,0,10,2,12,193,117,53,4,367,16,0,16,383
09/27/2005,BDL,CT,ANE,EN,Towers with Radar,206,154,48,7,415,0,4,17,7,28,206,158,65,14,443,62,4,66,509
09/28/2005,BDL,CT,ANE,EN,Towers with Radar,207,155,49,13,424,0,4,31,4,39,207,159,80,17,463,60,0,60,523
09/29/2005,BDL,CT,ANE,EN,Towers with Radar,219,126,54,5,404,0,5,8,0,13,219,131,62,5,417,24,0,24,441
09/30/2005,BDL,CT,ANE,EN,Towers with Radar,207,147,48,2,404,0,5,49,1,55,207,152,97,3,459,44,0,44,503
10/01/2005,BDL,CT,ANE,EN,Towers with Radar,159,73,16,0,248,0,2,27,4,33,159,75,43,4,281,32,0,32,313
10/02/2005,BDL,CT,ANE,EN,Towers with Radar,173,94,22,1,290,0,0,20,0,20,173,94,42,1,310,32,0,32,342
10/03/2005,BDL,CT,ANE,EN,Towers with Radar,191,127,59,1,378,0,0,16,0,16,191,127,75,1,394,44,2,46,440
10/04/2005,BDL,CT,ANE,EN,Towers with Radar,205,151,44,9,409,0,3,17,3,23,205,154,61,12,432,29,3,32,464
10/05/2005,BDL,CT,ANE,EN,Towers with Radar,211,146,63,2,422,0,4,21,0,25,211,150,84,2,447,44,2,46,493
10/06/2005,BDL,CT,ANE,EN,Towers with Radar,217,138,53,3,411,1,2,9,1,13,218,140,62,4,424,16,0,16,440
10/07/2005,BDL,CT,ANE,EN,Towers with Radar,207,149,70,9,435,0,1,9,0,10,207,150,79,9,445,27,3,30,475
10/08/2005,BDL,CT,ANE,EN,Towers with Radar,169,70,21,0,260,0,0,2,0,2,169,70,23,0,262,6,0,6,268
10/09/2005,BDL,CT,ANE,EN,Towers with Radar,185,81,24,1,291,1,0,0,0,1,186,81,24,1,292,34,2,36,328
10/10/2005,BDL,CT,ANE,EN,Towers with Radar,194,131,59,4,388,0,0,0,0,0,194,131,59,4,388,12,0,12,400
10/11/2005,BDL,CT,ANE,EN,Towers with Radar,222,125,74,16,437,0,0,3,0,3,222,125,77,16,440,48,10,58,498
10/12/2005,BDL,CT,ANE,EN,Towers with Radar,211,149,69,6,435,0,0,1,0,1,211,149,70,6,436,26,14,40,476
10/13/2005,BDL,CT,ANE,EN,Towers with Radar,221,147,43,0,411,0,0,0,0,0,221,147,43,0,411,10,41,51,462
10/14/2005,BDL,CT,ANE,EN,Towers with Radar,222,137,87,9,455,1,0,0,1,2,223,137,87,10,457,25,12,37,494
10/15/2005,BDL,CT,ANE,EN,Towers with Radar,171,82,31,13,297,0,0,0,2,2,171,82,31,15,299,32,4,36,335
10/16/2005,BDL,CT,ANE,EN,Towers with Radar,184,86,19,3,292,0,0,4,0,4,184,86,23,3,296,14,2,16,312
10/17/2005,BDL,CT,ANE,EN,Towers with Radar,204,118,52,2,376,0,3,28,0,31,204,121,80,2,407,51,0,51,458
10/18/2005,BDL,CT,ANE,EN,Towers with Radar,216,147,68,5,436,0,6,26,0,32,216,153,94,5,468,63,0,63,531
10/19/2005,BDL,CT,ANE,EN,Towers with Radar,219,150,45,6,420,0,1,50,4,55,219,151,95,10,475,48,8,56,531
10/20/2005,BDL,CT,ANE,EN,Towers with Radar,226,152,70,7,455,1,8,36,11,56,227,160,106,18,511,34,6,40,551
10/21/2005,BDL,CT,ANE,EN,Towers with Radar,216,135,66,13,430,0,3,40,1,44,216,138,106,14,474,34,0,34,508
10/22/2005,BDL,CT,ANE,EN,Towers with Radar,168,68,25,1,262,1,0,2,1,4,169,68,27,2,266,28,0,28,294
10/23/2005,BDL,CT,ANE,EN,Towers with Radar,190,77,27,0,294,0,0,2,0,2,190,77,29,0,296,34,5,39,335
10/24/2005,BDL,CT,ANE,EN,Towers with Radar,184,128,57,0,369,0,0,15,0,15,184,128,72,0,384,36,4,40,424
10/25/2005,BDL,CT,ANE,EN,Towers with Radar,208,140,30,1,379,0,1,0,0,1,208,141,30,1,380,9,0,9,389
10/26/2005,BDL,CT,ANE,EN,Towers with Radar,213,134,43,11,401,0,3,16,4,23,213,137,59,15,424,8,11,19,443
10/27/2005,BDL,CT,ANE,EN,Towers with Radar,221,147,60,16,444,0,6,34,1,41,221,153,94,17,485,50,6,56,541
10/28/2005,BDL,CT,ANE,EN,Towers with Radar,218,132,60,11,421,0,3,54,1,58,218,135,114,12,479,78,2,80,559
10/29/2005,BDL,CT,ANE,EN,Towers with Radar,172,75,32,0,279,0,0,21,0,21,172,75,53,0,300,34,0,34,334
10/30/2005,BDL,CT,ANE,EN,Towers with Radar,196,106,39,0,341,0,0,38,1,39,196,106,77,1,380,56,0,56,436
10/31/2005,BDL,CT,ANE,EN,Towers with Radar,196,106,39,0,341,0,0,38,1,39,196,106,77,1,380,56,0,56,436
11/01/2005,BDL,CT,ANE,EN,Towers with Radar,215,127,53,10,405,0,7,48,2,57,215,134,101,12,462,93,0,93,555
11/02/2005,BDL,CT,ANE,EN,Towers with Radar,214,130,53,8,405,1,2,28,11,42,215,132,81,19,447,32,12,44,491
11/03/2005,BDL,CT,ANE,EN,Towers with Radar,219,136,38,7,400,0,6,23,6,35,219,142,61,13,435,27,6,33,468
11/04/2005,BDL,CT,ANE,EN,Towers with Radar,210,132,48,12,402,0,8,31,4,43,210,140,79,16,445,24,10,34,479
11/05/2005,BDL,CT,ANE,EN,Towers with Radar,166,79,22,0,267,1,2,25,1,29,167,81,47,1,296,46,0,46,342
11/06/2005,BDL,CT,ANE,EN,Towers with Radar,172,80,31,3,286,2,0,4,2,8,174,80,35,5,294,12,0,12,306
11/07/2005,BDL,CT,ANE,EN,Towers with Radar,197,120,56,4,377,0,0,15,2,17,197,120,71,6,394,35,0,35,429
11/08/2005,BDL,CT,ANE,EN,Towers with Radar,210,138,53,4,405,0,3,46,2,51,210,141,99,6,456,67,8,75,531
11/09/2005,BDL,CT,ANE,EN,Towers with Radar,200,141,44,0,385,2,0,17,0,19,202,141,61,0,404,24,0,24,428
11/10/2005,BDL,CT,ANE,EN,Towers with Radar,216,129,48,7,400,2,3,12,5,22,218,132,60,12,422,27,13,40,462
11/11/2005,BDL,CT,ANE,EN,Towers with Radar,193,104,33,0,330,2,2,16,0,20,195,106,49,0,350,40,0,40,390
11/12/2005,BDL,CT,ANE,EN,Towers with Radar,163,67,28,0,258,0,0,25,1,26,163,67,53,1,284,32,0,32,316
11/13/2005,BDL,CT,ANE,EN,Towers with Radar,174,79,13,0,266,0,0,16,0,16,174,79,29,0,282,32,0,32,314
11/14/2005,BDL,CT,ANE,EN,Towers with Radar,190,103,44,2,339,1,0,32,3,36,191,103,76,5,375,38,2,40,415
11/15/2005,BDL,CT,ANE,EN,Towers with Radar,199,140,64,0,403,3,6,6,0,15,202,146,70,0,418,31,16,47,465
11/16/2005,BDL,CT,ANE,EN,Towers with Radar,219,151,50,2,422,2,3,2,0,7,221,154,52,2,429,9,0,9,438
11/17/2005,BDL,CT,ANE,EN,Towers with Radar,221,142,51,10,424,0,1,39,4,44,221,143,90,14,468,82,10,92,560
11/18/2005,BDL,CT,ANE,EN,Towers with Radar,203,143,55,4,405,1,6,40,5,52,204,149,95,9,457,46,0,46,503
11/19/2005,BDL,CT,ANE,EN,Towers with Radar,162,76,30,6,274,0,4,30,1,35,162,80,60,7,309,34,0,34,343
11/20/2005,BDL,CT,ANE,EN,Towers with Radar,177,83,29,2,291,0,0,26,0,26,177,83,55,2,317,46,0,46,363
11/21/2005,BDL,CT,ANE,EN,Towers with Radar,185,116,46,11,358,0,2,44,3,49,185,118,90,14,407,47,0,47,454
11/22/2005,BDL,CT,ANE,EN,Towers with Radar,218,148,36,2,404,2,1,2,0,5,220,149,38,2,409,14,24,38,447
11/23/2005,BDL,CT,ANE,EN,Towers with Radar,213,134,36,4,387,0,3,18,3,24,213,137,54,7,411,62,0,62,473
11/24/2005,BDL,CT,ANE,EN,Towers with Radar,149,78,4,0,231,0,4,0,0,4,149,82,4,0,235,2,0,2,237
11/25/2005,BDL,CT,ANE,EN,Towers with Radar,168,66,14,0,248,1,0,15,1,17,169,66,29,1,265,38,0,38,303
11/26/2005,BDL,CT,ANE,EN,Towers with Radar,165,76,20,0,261,0,1,17,0,18,165,77,37,0,279,28,2,30,309
11/27/2005,BDL,CT,ANE,EN,Towers with Radar,172,94,47,0,313,0,0,11,0,11,172,94,58,0,324,22,0,22,346
11/28/2005,BDL,CT,ANE,EN,Towers with Radar,188,114,56,0,358,0,2,2,0,4,188,116,58,0,362,9,0,9,371
11/29/2005,BDL,CT,ANE,EN,Towers with Radar,200,145,42,7,394,2,0,3,0,5,202,145,45,7,399,41,6,47,446
11/30/2005,BDL,CT,ANE,EN,Towers with Radar,211,144,66,14,435,0,0,13,0,13,211,144,79,14,448,11,10,21,469
12/01/2005,BDL,CT,ANE,EN,Towers with Radar,214,153,53,8,428,0,2,43,0,45,214,155,96,8,473,22,2,24,497
12/02/2005,BDL,CT,ANE,EN,Towers with Radar,208,136,33,10,387,2,2,15,4,23,210,138,48,14,410,14,6,20,430
12/03/2005,BDL,CT,ANE,EN,Towers with Radar,159,65,21,7,252,0,3,11,2,16,159,68,32,9,268,24,0,24,292
12/04/2005,BDL,CT,ANE,EN,Towers with Radar,172,79,20,2,273,0,1,0,0,1,172,80,20,2,274,12,0,12,286
12/05/2005,BDL,CT,ANE,EN,Towers with Radar,194,113,42,7,356,0,1,20,1,22,194,114,62,8,378,33,0,33,411
12/06/2005,BDL,CT,ANE,EN,Towers with Radar,219,134,39,12,404,0,3,21,0,24,219,137,60,12,428,42,6,48,476
12/07/2005,BDL,CT,ANE,EN,Towers with Radar,210,149,45,17,421,1,6,18,5,30,211,155,63,22,451,24,12,36,487
12/08/2005,BDL,CT,ANE,EN,Towers with Radar,210,146,67,12,435,0,5,31,2,38,210,151,98,14,473,42,0,42,515
12/09/2005,BDL,CT,ANE,EN,Towers with Radar,195,143,30,3,371,0,4,3,1,8,195,147,33,4,379,6,0,6,385
12/10/2005,BDL,CT,ANE,EN,Towers with Radar,164,71,31,0,266,0,4,12,1,17,164,75,43,1,283,10,0,10,293
12/11/2005,BDL,CT,ANE,EN,Towers with Radar,174,73,23,0,270,0,0,14,0,14,174,73,37,0,284,34,0,34,318
12/12/2005,BDL,CT,ANE,EN,Towers with Radar,194,111,52,0,357,0,1,32,1,34,194,112,84,1,391,70,0,70,461
12/13/2005,BDL,CT,ANE,EN,Towers with Radar,210,135,40,5,390,1,0,29,0,30,211,135,69,5,420,30,0,30,450
12/14/2005,BDL,CT,ANE,EN,Towers with Radar,205,134,74,7,420,0,4,36,4,44,205,138,110,11,464,37,6,43,507
12/15/2005,BDL,CT,ANE,EN,Towers with Radar,212,123,55,4,394,0,5,31,0,36,212,128,86,4,430,30,0,30,460
12/16/2005,BDL,CT,ANE,EN,Towers with Radar,210,128,41,1,380,0,1,5,0,6,210,129,46,1,386,2,0,2,388
12/17/2005,BDL,CT,ANE,EN,Towers with Radar,176,75,12,2,265,1,0,23,0,24,177,75,35,2,289,45,0,45,334
12/18/2005,BDL,CT,ANE,EN,Towers with Radar,183,75,28,0,286,0,0,22,0,22,183,75,50,0,308,14,0,14,322
12/19/2005,BDL,CT,ANE,EN,Towers with Radar,199,111,44,10,364,1,1,19,2,23,200,112,63,12,387,26,0,26,413
12/20/2005,BDL,CT,ANE,EN,Towers with Radar,215,134,56,4,409,0,5,21,3,29,215,139,77,7,438,44,0,44,482
12/21/2005,BDL,CT,ANE,EN,Towers with Radar,228,135,39,5,407,1,8,25,3,37,229,143,64,8,444,50,6,56,500
12/22/2005,BDL,CT,ANE,EN,Towers with Radar,222,128,45,4,399,0,9,25,2,36,222,137,70,6,435,26,0,26,461
12/23/2005,BDL,CT,ANE,EN,Towers with Radar,218,130,31,1,380,1,2,17,1,21,219,132,48,2,401,28,0,28,429
12/24/2005,BDL,CT,ANE,EN,Towers with Radar,176,66,5,0,247,1,0,11,0,12,177,66,16,0,259,20,0,20,279
12/25/2005,BDL,CT,ANE,EN,Towers with Radar,177,58,8,0,243,0,0,0,0,0,177,58,8,0,243,2,0,2,245
12/26/2005,BDL,CT,ANE,EN,Towers with Radar,179,88,33,0,300,0,0,0,0,0,179,88,33,0,300,16,2,18,318
12/27/2005,BDL,CT,ANE,EN,Towers with Radar,201,111,20,1,333,0,0,25,1,26,201,111,45,2,359,42,0,42,401
12/28/2005,BDL,CT,ANE,EN,Towers with Radar,214,122,27,5,368,0,7,29,3,39,214,129,56,8,407,52,5,57,464
12/29/2005,BDL,CT,ANE,EN,Towers with Radar,211,130,8,0,349,2,5,0,0,7,213,135,8,0,356,4,12,16,372
12/30/2005,BDL,CT,ANE,EN,Towers with Radar,211,112,22,3,348,2,2,11,1,16,213,114,33,4,364,28,0,28,392
12/31/2005,BDL,CT,ANE,EN,Towers with Radar,170,62,4,0,236,0,0,7,0,7,170,62,11,0,243,30,0,30,273
01/01/2006,BDL,CT,ANE,EN,Towers with Radar,165,69,12,0,246,0,0,0,0,0,165,69,12,0,246,8,0,8,254
01/02/2006,BDL,CT,ANE,EN,Towers with Radar,174,101,45,0,320,1,0,7,0,8,175,101,52,0,328,33,2,35,363
01/03/2006,BDL,CT,ANE,EN,Towers with Radar,183,98,24,0,305,0,0,0,0,0,183,98,24,0,305,4,0,4,309
01/04/2006,BDL,CT,ANE,EN,Towers with Radar,215,142,36,13,406,1,0,8,0,9,216,142,44,13,415,28,31,59,474
01/05/2006,BDL,CT,ANE,EN,Towers with Radar,212,135,28,2,377,2,2,3,0,7,214,137,31,2,384,4,0,4,388
01/06/2006,BDL,CT,ANE,EN,Towers with Radar,208,123,28,9,368,1,2,12,0,15,209,125,40,9,383,24,10,34,417
01/07/2006,BDL,CT,ANE,EN,Towers with Radar,147,56,31,9,243,0,0,18,6,24,147,56,49,15,267,61,9,70,337
01/08/2006,BDL,CT,ANE,EN,Towers with Radar,175,66,26,2,269,1,0,16,0,17,176,66,42,2,286,36,0,36,322
01/09/2006,BDL,CT,ANE,EN,Towers with Radar,199,105,24,9,337,1,0,11,5,17,200,105,35,14,354,16,6,22,376
01/10/2006,BDL,CT,ANE,EN,Towers with Radar,207,124,43,14,388,0,2,34,7,43,207,126,77,21,431,74,13,87,518
01/11/2006,BDL,CT,ANE,EN,Towers with Radar,196,112,34,10,352,1,3,4,1,9,197,115,38,11,361,14,4,18,379
01/12/2006,BDL,CT,ANE,EN,Towers with Radar,209,128,54,7,398,1,3,36,12,52,210,131,90,19,450,24,0,24,474
01/13/2006,BDL,CT,ANE,EN,Towers with Radar,209,106,40,3,358,4,7,2,0,13,213,113,42,3,371,11,0,11,382
01/14/2006,BDL,CT,ANE,EN,Towers with Radar,161,62,21,1,245,1,2,1,0,4,162,64,22,1,249,7,3,10,259
01/15/2006,BDL,CT,ANE,EN,Towers with Radar,173,62,8,2,245,2,1,0,0,3,175,63,8,2,248,4,0,4,252
01/16/2006,BDL,CT,ANE,EN,Towers with Radar,194,107,42,3,346,0,0,20,1,21,194,107,62,4,367,24,0,24,391
01/17/2006,BDL,CT,ANE,EN,Towers with Radar,204,117,55,6,382,0,2,24,0,26,204,119,79,6,408,30,2,32,440
01/18/2006,BDL,CT,ANE,EN,Towers with Radar,204,139,25,2,370,4,1,1,0,6,208,140,26,2,376,20,0,20,396
01/19/2006,BDL,CT,ANE,EN,Towers with Radar,210,136,47,5,398,0,6,30,6,42,210,142,77,11,440,46,0,46,486
01/20/2006,BDL,CT,ANE,EN,Towers with Radar,207,117,43,1,368,1,8,14,8,31,208,125,57,9,399,54,7,61,460
01/21/2006,BDL,CT,ANE,EN,Towers with Radar,163,62,16,1,242,0,1,10,0,11,163,63,26,1,253,25,0,25,278
01/22/2006,BDL,CT,ANE,EN,Towers with Radar,162,65,22,2,251,0,0,26,0,26,162,65,48,2,277,36,0,36,313
01/23/2006,BDL,CT,ANE,EN,Towers with Radar,183,100,30,1,314,0,0,0,1,1,183,100,30,2,315,14,0,14,329
01/24/2006,BDL,CT,ANE,EN,Towers with Radar,207,126,51,1,385,0,3,38,3,44,207,129,89,4,429,52,0,52,481
01/25/2006,BDL,CT,ANE,EN,Towers with Radar,206,130,35,0,371,0,2,16,0,18,206,132,51,0,389,6,0,6,395
01/26/2006,BDL,CT,ANE,EN,Towers with Radar,205,128,37,4,374,1,2,15,3,21,206,130,52,7,395,12,12,24,419
01/27/2006,BDL,CT,ANE,EN,Towers with Radar,206,112,60,5,383,0,4,45,2,51,206,116,105,7,434,70,6,76,510
01/28/2006,BDL,CT,ANE,EN,Towers with Radar,161,60,24,2,247,0,0,38,0,38,161,60,62,2,285,50,0,50,335
01/29/2006,BDL,CT,ANE,EN,Towers with Radar,179,79,20,3,281,1,0,7,0,8,180,79,27,3,289,24,0,24,313
01/30/2006,BDL,CT,ANE,EN,Towers with Radar,181,108,47,2,338,0,0,0,2,2,181,108,47,4,340,22,4,26,366
01/31/2006,BDL,CT,ANE,EN,Towers with Radar,208,138,33,0,379,0,0,1,0,1,208,138,34,0,380,20,0,20,400
02/01/2006,BDL,CT,ANE,EN,Towers with Radar,209,140,66,7,422,0,3,25,9,37,209,143,91,16,459,48,2,50,509
02/02/2006,BDL,CT,ANE,EN,Towers with Radar,205,142,65,11,423,2,4,21,7,34,207,146,86,18,457,22,0,22,479
02/03/2006,BDL,CT,ANE,EN,Towers with Radar,198,133,46,0,377,1,1,5,0,7,199,134,51,0,384,22,0,22,406
02/04/2006,BDL,CT,ANE,EN,Towers with Radar,162,58,23,9,252,1,0,9,8,18,163,58,32,17,270,26,0,26,296
02/05/2006,BDL,CT,ANE,EN,Towers with Radar,175,70,15,4,264,0,0,8,3,11,175,70,23,7,275,22,5,27,302
02/06/2006,BDL,CT,ANE,EN,Towers with Radar,190,114,61,0,365,1,1,6,5,13,191,115,67,5,378,23,0,23,401
02/07/2006,BDL,CT,ANE,EN,Towers with Radar,202,113,37,11,363,0,10,10,5,25,202,123,47,16,388,29,6,35,423
02/08/2006,BDL,CT,ANE,EN,Towers with Radar,203,128,52,12,395,0,8,10,4,22,203,136,62,16,417,18,0,18,435
02/09/2006,BDL,CT,ANE,EN,Towers with Radar,210,131,41,6,388,1,4,28,10,43,211,135,69,16,431,22,4,26,457
02/10/2006,BDL,CT,ANE,EN,Towers with Radar,208,119,32,6,365,1,2,25,2,30,209,121,57,8,395,40,4,44,439
02/11/2006,BDL,CT,ANE,EN,Towers with Radar,138,63,31,0,232,0,0,25,0,25,138,63,56,0,257,31,0,31,288
02/12/2006,BDL,CT,ANE,EN,Towers with Radar,31,16,5,0,52,0,0,3,0,3,31,16,8,0,55,0,0,0,55
02/13/2006,BDL,CT,ANE,EN,Towers with Radar,185,114,49,7,355,0,0,22,1,23,185,114,71,8,378,29,0,29,407
02/14/2006,BDL,CT,ANE,EN,Towers with Radar,204,133,57,11,405,0,3,24,5,32,204,136,81,16,437,0,0,0,437
02/15/2006,BDL,CT,ANE,EN,Towers with Radar,205,144,59,4,412,0,1,19,8,28,205,145,78,12,440,80,0,80,520
02/16/2006,BDL,CT,ANE,EN,Towers with Radar,195,136,64,8,403,0,6,42,7,55,195,142,106,15,458,34,4,38,496
02/17/2006,BDL,CT,ANE,EN,Towers with Radar,201,120,46,0,367,4,5,7,0,16,205,125,53,0,383,16,2,18,401
02/18/2006,BDL,CT,ANE,EN,Towers with Radar,165,70,23,0,258,0,0,0,0,0,165,70,23,0,258,0,0,0,258
02/19/2006,BDL,CT,ANE,EN,Towers with Radar,176,70,18,5,269,0,2,8,1,11,176,72,26,6,280,10,0,10,290
02/20/2006,BDL,CT,ANE,EN,Towers with Radar,195,109,36,0,340,0,0,31,0,31,195,109,67,0,371,31,0,31,402
02/21/2006,BDL,CT,ANE,EN,Towers with Radar,203,116,45,6,370,0,0,28,13,41,203,116,73,19,411,38,9,47,458
02/22/2006,BDL,CT,ANE,EN,Towers with Radar,206,129,35,17,387,0,3,31,12,46,206,132,66,29,433,37,0,37,470
02/23/2006,BDL,CT,ANE,EN,Towers with Radar,211,148,42,7,408,1,1,2,0,4,212,149,44,7,412,19,0,19,431
02/24/2006,BDL,CT,ANE,EN,Towers with Radar,200,123,27,2,352,0,0,4,5,9,200,123,31,7,361,26,0,26,387
02/25/2006,BDL,CT,ANE,EN,Towers with Radar,167,72,18,0,257,1,0,2,0,3,168,72,20,0,260,0,0,0,260
02/26/2006,BDL,CT,ANE,EN,Towers with Radar,180,74,31,0,285,0,0,8,0,8,180,74,39,0,293,6,0,6,299
02/27/2006,BDL,CT,ANE,EN,Towers with Radar,187,107,25,6,325,0,5,14,3,22,187,112,39,9,347,16,2,18,365
02/28/2006,BDL,CT,ANE,EN,Towers with Radar,203,138,64,8,413,0,3,15,6,24,203,141,79,14,437,6,0,6,443
03/01/2006,BDL,CT,ANE,EN,Towers with Radar,203,136,43,9,391,1,6,25,10,42,204,142,68,19,433,20,0,20,453
03/02/2006,BDL,CT,ANE,EN,Towers with Radar,209,134,31,10,384,0,4,2,0,6,209,138,33,10,390,2,0,2,392
03/03/2006,BDL,CT,ANE,EN,Towers with Radar,207,142,44,5,398,1,2,16,3,22,208,144,60,8,420,14,0,14,434
03/04/2006,BDL,CT,ANE,EN,Towers with Radar,165,71,23,17,276,1,1,14,9,25,166,72,37,26,301,40,0,40,341
03/05/2006,BDL,CT,ANE,EN,Towers with Radar,168,76,20,4,268,0,1,28,3,32,168,77,48,7,300,30,0,30,330
03/06/2006,BDL,CT,ANE,EN,Towers with Radar,193,109,47,1,350,1,2,35,3,41,194,111,82,4,391,48,0,48,439
03/07/2006,BDL,CT,ANE,EN,Towers with Radar,205,125,51,15,396,0,6,23,0,29,205,131,74,15,425,50,0,50,475
03/08/2006,BDL,CT,ANE,EN,Towers with Radar,207,135,50,12,404,0,3,44,11,58,207,138,94,23,462,38,0,38,500
03/09/2006,BDL,CT,ANE,EN,Towers with Radar,205,124,44,6,379,0,2,22,3,27,205,126,66,9,406,6,0,6,412
03/10/2006,BDL,CT,ANE,EN,Towers with Radar,205,123,35,10,373,0,0,8,3,11,205,123,43,13,384,6,0,6,390
03/11/2006,BDL,CT,ANE,EN,Towers with Radar,163,61,23,1,248,2,1,33,1,37,165,62,56,2,285,40,0,40,325
03/12/2006,BDL,CT,ANE,EN,Towers with Radar,175,76,28,0,279,0,0,7,0,7,175,76,35,0,286,16,0,16,302
03/13/2006,BDL,CT,ANE,EN,Towers with Radar,195,106,50,0,351,1,0,7,0,8,196,106,57,0,359,14,0,14,373
03/14/2006,BDL,CT,ANE,EN,Towers with Radar,203,132,54,10,399,0,2,7,3,12,203,134,61,13,411,6,0,6,417
03/15/2006,BDL,CT,ANE,EN,Towers with Radar,210,130,42,11,393,3,1,6,7,17,213,131,48,18,410,13,15,28,438
03/16/2006,BDL,CT,ANE,EN,Towers with Radar,206,118,45,13,382,0,0,18,17,35,206,118,63,30,417,31,18,49,466
03/17/2006,BDL,CT,ANE,EN,Towers with Radar,196,114,37,6,353,0,0,20,4,24,196,114,57,10,377,38,16,54,431
03/18/2006,BDL,CT,ANE,EN,Towers with Radar,161,65,19,0,245,0,1,8,0,9,161,66,27,0,254,30,0,30,284
03/19/2006,BDL,CT,ANE,EN,Towers with Radar,176,77,35,1,289,1,0,7,0,8,177,77,42,1,297,33,0,33,330
03/20/2006,BDL,CT,ANE,EN,Towers with Radar,189,98,63,0,350,0,0,19,0,19,189,98,82,0,369,34,0,34,403
03/21/2006,BDL,CT,ANE,EN,Towers with Radar,204,124,45,6,379,0,6,37,6,49,204,130,82,12,428,60,0,60,488
03/22/2006,BDL,CT,ANE,EN,Towers with Radar,203,123,54,11,391,0,2,34,6,42,203,125,88,17,433,30,4,34,467
03/23/2006,BDL,CT,ANE,EN,Towers with Radar,209,138,49,14,410,1,1,32,6,40,210,139,81,20,450,32,0,32,482
03/24/2006,BDL,CT,ANE,EN,Towers with Radar,204,119,34,8,365,2,1,26,1,30,206,120,60,9,395,30,0,30,425
03/25/2006,BDL,CT,ANE,EN,Towers with Radar,162,65,26,3,256,0,0,16,1,17,162,65,42,4,273,28,0,28,301
03/26/2006,BDL,CT,ANE,EN,Towers with Radar,177,77,27,2,283,0,0,12,0,12,177,77,39,2,295,41,0,41,336
03/27/2006,BDL,CT,ANE,EN,Towers with Radar,194,119,48,3,364,2,0,41,1,44,196,119,89,4,408,60,0,60,468
03/28/2006,BDL,CT,ANE,EN,Towers with Radar,199,132,63,8,402,0,2,41,9,52,199,134,104,17,454,36,0,36,490
03/29/2006,BDL,CT,ANE,EN,Towers with Radar,207,127,43,11,388,1,4,24,6,35,208,131,67,17,423,42,0,42,465
03/30/2006,BDL,CT,ANE,EN,Towers with Radar,208,137,49,14,408,0,3,38,8,49,208,140,87,22,457,54,12,66,523
03/31/2006,BDL,CT,ANE,EN,Towers with Radar,200,130,46,5,381,0,3,22,6,31,200,133,68,11,412,41,3,44,456
04/01/2006,BDL,CT,ANE,EN,Towers with Radar,160,66,21,0,247,0,0,6,0,6,160,66,27,0,253,16,0,16,269
04/02/2006,BDL,CT,ANE,EN,Towers with Radar,163,69,26,3,261,0,0,23,1,24,163,69,49,4,285,34,3,37,322
04/03/2006,BDL,CT,ANE,EN,Towers with Radar,189,110,39,4,342,0,0,17,2,19,189,110,56,6,361,20,0,20,381
04/04/2006,BDL,CT,ANE,EN,Towers with Radar,203,129,47,9,388,0,1,13,5,19,203,130,60,14,407,18,0,18,425
04/05/2006,BDL,CT,ANE,EN,Towers with Radar,203,134,48,2,387,0,2,4,12,18,203,136,52,14,405,32,0,32,437
04/06/2006,BDL,CT,ANE,EN,Towers with Radar,212,138,55,13,418,0,3,30,9,42,212,141,85,22,460,53,3,56,516
04/07/2006,BDL,CT,ANE,EN,Towers with Radar,209,125,46,7,387,0,0,12,4,16,209,125,58,11,403,29,0,29,432
04/08/2006,BDL,CT,ANE,EN,Towers with Radar,165,64,18,2,249,0,0,6,4,10,165,64,24,6,259,22,0,22,281
04/09/2006,BDL,CT,ANE,EN,Towers with Radar,183,74,28,4,289,0,0,20,7,27,183,74,48,11,316,50,2,52,368
04/10/2006,BDL,CT,ANE,EN,Towers with Radar,192,103,37,6,338,0,0,39,2,41,192,103,76,8,379,44,0,44,423
04/11/2006,BDL,CT,ANE,EN,Towers with Radar,207,132,48,11,398,0,0,41,3,44,207,132,89,14,442,54,0,54,496
04/12/2006,BDL,CT,ANE,EN,Towers with Radar,214,124,70,9,417,0,5,36,11,52,214,129,106,20,469,52,8,60,529
04/13/2006,BDL,CT,ANE,EN,Towers with Radar,211,130,78,11,430,1,2,34,3,40,212,132,112,14,470,22,0,22,492
04/14/2006,BDL,CT,ANE,EN,Towers with Radar,211,114,48,7,380,0,1,19,1,21,211,115,67,8,401,52,0,52,453
04/15/2006,BDL,CT,ANE,EN,Towers with Radar,166,74,19,0,259,0,0,16,1,17,166,74,35,1,276,46,0,46,322
04/16/2006,BDL,CT,ANE,EN,Towers with Radar,179,70,13,2,264,0,0,6,0,6,179,70,19,2,270,32,0,32,302
04/17/2006,BDL,CT,ANE,EN,Towers with Radar,201,108,40,0,349,0,1,18,2,21,201,109,58,2,370,30,0,30,400
04/18/2006,BDL,CT,ANE,EN,Towers with Radar,208,128,53,12,401,0,2,31,5,38,208,130,84,17,439,17,2,19,458
04/19/2006,BDL,CT,ANE,EN,Towers with Radar,213,137,47,17,414,0,2,28,11,41,213,139,75,28,455,32,0,32,487
04/20/2006,BDL,CT,ANE,EN,Towers with Radar,212,143,58,13,426,0,2,41,4,47,212,145,99,17,473,42,0,42,515
04/21/2006,BDL,CT,ANE,EN,Towers with Radar,212,120,44,5,381,0,6,26,2,34,212,126,70,7,415,62,2,64,479
04/22/2006,BDL,CT,ANE,EN,Towers with Radar,169,76,29,0,274,1,0,8,0,9,170,76,37,0,283,26,0,26,309
04/23/2006,BDL,CT,ANE,EN,Towers with Radar,195,82,28,0,305,0,1,0,0,1,195,83,28,0,306,2,0,2,308
04/24/2006,BDL,CT,ANE,EN,Towers with Radar,196,118,73,3,390,0,0,4,0,4,196,118,77,3,394,54,0,54,448
04/25/2006,BDL,CT,ANE,EN,Towers with Radar,204,125,53,15,397,1,0,18,6,25,205,125,71,21,422,44,0,44,466
04/26/2006,BDL,CT,ANE,EN,Towers with Radar,213,129,70,12,424,0,0,31,17,48,213,129,101,29,472,75,0,75,547
04/27/2006,BDL,CT,ANE,EN,Towers with Radar,215,130,56,9,410,1,6,38,10,55,216,136,94,19,465,48,18,66,531
04/28/2006,BDL,CT,ANE,EN,Towers with Radar,210,117,41,6,374,1,3,34,4,42,211,120,75,10,416,31,7,38,454
04/29/2006,BDL,CT,ANE,EN,Towers with Radar,166,67,29,0,262,0,1,26,2,29,166,68,55,2,291,36,0,36,327
04/30/2006,BDL,CT,ANE,EN,Towers with Radar,173,70,25,0,268,0,0,13,0,13,173,70,38,0,281,46,2,48,329
05/01/2006,BDL,CT,ANE,EN,Towers with Radar,189,97,47,4,337,0,2,30,1,33,189,99,77,5,370,52,0,52,422
05/02/2006,BDL,CT,ANE,EN,Towers with Radar,200,132,55,12,399,0,4,2,0,6,200,136,57,12,405,37,10,47,452
05/03/2006,BDL,CT,ANE,EN,Towers with Radar,204,134,49,19,406,0,0,0,3,3,204,134,49,22,409,44,6,50,459
05/04/2006,BDL,CT,ANE,EN,Towers with Radar,206,137,65,9,417,0,7,33,9,49,206,144,98,18,466,49,10,59,525
05/05/2006,BDL,CT,ANE,EN,Towers with Radar,199,123,43,6,371,0,6,31,9,46,199,129,74,15,417,70,3,73,490
05/06/2006,BDL,CT,ANE,EN,Towers with Radar,148,63,33,2,246,0,0,29,5,34,148,63,62,7,280,65,5,70,350
05/07/2006,BDL,CT,ANE,EN,Towers with Radar,174,75,26,2,277,1,0,21,0,22,175,75,47,2,299,28,7,35,334
05/08/2006,BDL,CT,ANE,EN,Towers with Radar,188,109,47,8,352,0,3,36,2,41,188,112,83,10,393,52,0,52,445
05/09/2006,BDL,CT,ANE,EN,Towers with Radar,199,131,39,13,382,1,5,17,4,27,200,136,56,17,409,38,10,48,457
05/10/2006,BDL,CT,ANE,EN,Towers with Radar,202,133,66,12,413,0,0,6,0,6,202,133,72,12,419,20,17,37,456
05/11/2006,BDL,CT,ANE,EN,Towers with Radar,205,127,59,12,403,0,1,1,5,7,205,128,60,17,410,40,4,44,454
05/12/2006,BDL,CT,ANE,EN,Towers with Radar,213,129,50,2,394,2,0,0,0,2,215,129,50,2,396,6,0,6,402
05/13/2006,BDL,CT,ANE,EN,Towers with Radar,162,82,30,0,274,0,0,0,0,0,162,82,30,0,274,42,0,42,316
05/14/2006,BDL,CT,ANE,EN,Towers with Radar,174,73,38,2,287,1,0,0,0,1,175,73,38,2,288,34,0,34,322
05/15/2006,BDL,CT,ANE,EN,Towers with Radar,190,124,51,2,367,1,0,0,0,1,191,124,51,2,368,10,0,10,378
05/16/2006,BDL,CT,ANE,EN,Towers with Radar,201,140,48,7,396,0,4,5,1,10,201,144,53,8,406,29,2,31,437
05/17/2006,BDL,CT,ANE,EN,Towers with Radar,204,121,48,12,385,0,3,31,16,50,204,124,79,28,435,26,0,26,461
05/18/2006,BDL,CT,ANE,EN,Towers with Radar,208,133,57,12,410,0,12,24,10,46,208,145,81,22,456,52,0,52,508
05/19/2006,BDL,CT,ANE,EN,Towers with Radar,210,129,46,6,391,0,2,4,0,6,210,131,50,6,397,10,0,10,407
05/20/2006,BDL,CT,ANE,EN,Towers with Radar,157,74,19,7,257,0,0,15,11,26,157,74,34,18,283,16,0,16,299
05/21/2006,BDL,CT,ANE,EN,Towers with Radar,176,69,27,0,272,1,0,11,7,19,177,69,38,7,291,16,2,18,309
05/22/2006,BDL,CT,ANE,EN,Towers with Radar,191,106,34,11,342,0,4,18,2,24,191,110,52,13,366,30,4,34,400
05/23/2006,BDL,CT,ANE,EN,Towers with Radar,202,131,47,12,392,0,3,31,0,34,202,134,78,12,426,40,9,49,475
05/24/2006,BDL,CT,ANE,EN,Towers with Radar,199,124,67,11,401,0,4,33,10,47,199,128,100,21,448,78,15,93,541
05/25/2006,BDL,CT,ANE,EN,Towers with Radar,210,138,55,10,413,0,4,35,11,50,210,142,90,21,463,71,0,71,534
05/26/2006,BDL,CT,ANE,EN,Towers with Radar,217,131,61,3,412,0,0,3,3,6,217,131,64,6,418,24,0,24,442
05/27/2006,BDL,CT,ANE,EN,Towers with Radar,26,4,4,0,34,155,66,27,0,248,181,70,31,0,282,14,0,14,296
05/28/2006,BDL,CT,ANE,EN,Towers with Radar,152,59,16,1,228,0,0,18,9,27,152,59,34,10,255,40,2,42,297
05/29/2006,BDL,CT,ANE,EN,Towers with Radar,168,92,24,2,286,0,5,15,7,27,168,97,39,9,313,36,6,42,355
05/30/2006,BDL,CT,ANE,EN,Towers with Radar,183,102,51,3,339,0,2,35,6,43,183,104,86,9,382,33,4,37,419
05/31/2006,BDL,CT,ANE,EN,Towers with Radar,206,144,55,6,411,0,2,24,7,33,206,146,79,13,444,34,2,36,480
06/01/2006,BDL,CT,ANE,EN,Towers with Radar,211,137,61,4,413,0,1,17,2,20,211,138,78,6,433,12,0,12,445
06/02/2006,BDL,CT,ANE,EN,Towers with Radar,211,131,54,4,400,2,0,0,0,2,213,131,54,4,402,20,6,26,428
06/03/2006,BDL,CT,ANE,EN,Towers with Radar,164,73,23,9,269,1,0,0,1,2,165,73,23,10,271,8,0,8,279
06/04/2006,BDL,CT,ANE,EN,Towers with Radar,174,81,41,23,319,0,0,14,0,14,174,81,55,23,333,60,0,60,393
06/05/2006,BDL,CT,ANE,EN,Towers with Radar,190,105,52,11,358,0,0,32,8,40,190,105,84,19,398,52,14,66,464
06/06/2006,BDL,CT,ANE,EN,Towers with Radar,197,133,50,16,396,0,0,27,10,37,197,133,77,26,433,38,14,52,485
06/07/2006,BDL,CT,ANE,EN,Towers with Radar,213,128,66,7,414,0,0,0,0,0,213,128,66,7,414,41,10,51,465
06/08/2006,BDL,CT,ANE,EN,Towers with Radar,209,132,62,23,426,1,0,8,0,9,210,132,70,23,435,42,16,58,493
06/09/2006,BDL,CT,ANE,EN,Towers with Radar,202,128,66,13,409,0,0,19,1,20,202,128,85,14,429,63,5,68,497
06/10/2006,BDL,CT,ANE,EN,Towers with Radar,160,65,15,13,253,0,0,2,6,8,160,65,17,19,261,20,8,28,289
06/11/2006,BDL,CT,ANE,EN,Towers with Radar,179,77,25,1,282,0,1,13,6,20,179,78,38,7,302,36,4,40,342
06/12/2006,BDL,CT,ANE,EN,Towers with Radar,188,102,60,1,351,2,0,43,1,46,190,102,103,2,397,74,0,74,471
06/13/2006,BDL,CT,ANE,EN,Towers with Radar,197,126,51,10,384,1,0,35,5,41,198,126,86,15,425,68,13,81,506
06/14/2006,BDL,CT,ANE,EN,Towers with Radar,205,133,43,8,389,0,1,25,4,30,205,134,68,12,419,22,0,22,441
06/15/2006,BDL,CT,ANE,EN,Towers with Radar,206,133,60,9,408,0,0,29,7,36,206,133,89,16,444,52,12,64,508
06/16/2006,BDL,CT,ANE,EN,Towers with Radar,204,127,44,3,378,0,5,43,0,48,204,132,87,3,426,53,0,53,479
06/17/2006,BDL,CT,ANE,EN,Towers with Radar,165,68,21,4,258,0,0,16,0,16,165,68,37,4,274,32,0,32,306
06/18/2006,BDL,CT,ANE,EN,Towers with Radar,172,77,33,1,283,2,1,28,4,35,174,78,61,5,318,0,0,0,318
06/19/2006,BDL,CT,ANE,EN,Towers with Radar,182,106,38,6,332,1,1,13,1,16,183,107,51,7,348,28,4,32,380
06/20/2006,BDL,CT,ANE,EN,Towers with Radar,218,133,44,9,404,1,1,16,10,28,219,134,60,19,432,32,0,32,464
06/21/2006,BDL,CT,ANE,EN,Towers with Radar,203,126,57,12,398,0,4,37,12,53,203,130,94,24,451,70,9,79,530
06/22/2006,BDL,CT,ANE,EN,Towers with Radar,204,140,57,10,411,1,0,19,3,23,205,140,76,13,434,18,0,18,452
06/23/2006,BDL,CT,ANE,EN,Towers with Radar,218,124,53,9,404,0,3,5,6,14,218,127,58,15,418,25,13,38,456
06/24/2006,BDL,CT,ANE,EN,Towers with Radar,174,61,32,3,270,0,0,6,0,6,174,61,38,3,276,22,0,22,298
06/25/2006,BDL,CT,ANE,EN,Towers with Radar,167,78,29,2,276,1,1,1,0,3,168,79,30,2,279,10,2,12,291
06/26/2006,BDL,CT,ANE,EN,Towers with Radar,193,113,53,5,364,0,0,8,1,9,193,113,61,6,373,20,5,25,398
06/27/2006,BDL,CT,ANE,EN,Towers with Radar,199,126,65,10,400,0,0,6,6,12,199,126,71,16,412,33,3,36,448
06/28/2006,BDL,CT,ANE,EN,Towers with Radar,215,131,89,10,445,0,2,7,2,11,215,133,96,12,456,21,3,24,480
06/29/2006,BDL,CT,ANE,EN,Towers with Radar,194,134,63,7,398,0,1,4,4,9,194,135,67,11,407,19,0,19,426
06/30/2006,BDL,CT,ANE,EN,Towers with Radar,212,128,56,6,402,0,2,23,6,31,212,130,79,12,433,38,0,38,471
07/01/2006,BDL,CT,ANE,EN,Towers with Radar,172,77,23,1,273,0,0,34,0,34,172,77,57,1,307,32,0,32,339
07/02/2006,BDL,CT,ANE,EN,Towers with Radar,186,76,18,0,280,0,2,5,0,7,186,78,23,0,287,20,0,20,307
07/03/2006,BDL,CT,ANE,EN,Towers with Radar,162,67,30,0,259,0,1,18,1,20,162,68,48,1,279,62,0,62,341
07/04/2006,BDL,CT,ANE,EN,Towers with Radar,159,86,18,0,263,0,1,5,0,6,159,87,23,0,269,26,12,38,307
07/05/2006,BDL,CT,ANE,EN,Towers with Radar,193,101,36,3,333,1,0,8,7,16,194,101,44,10,349,38,0,38,387
07/06/2006,BDL,CT,ANE,EN,Towers with Radar,212,124,48,9,393,0,4,26,10,40,212,128,74,19,433,70,5,75,508
07/07/2006,BDL,CT,ANE,EN,Towers with Radar,202,117,30,6,355,0,3,23,5,31,202,120,53,11,386,45,13,58,444
07/08/2006,BDL,CT,ANE,EN,Towers with Radar,167,58,22,9,256,2,0,22,3,27,169,58,44,12,283,54,0,54,337
07/09/2006,BDL,CT,ANE,EN,Towers with Radar,177,76,24,0,277,0,0,28,0,28,177,76,52,0,305,28,0,28,333
07/10/2006,BDL,CT,ANE,EN,Towers with Radar,193,95,52,0,340,0,0,39,0,39,193,95,91,0,379,64,3,67,446
07/11/2006,BDL,CT,ANE,EN,Towers with Radar,200,117,54,6,377,1,0,24,3,28,201,117,78,9,405,48,2,50,455
07/12/2006,BDL,CT,ANE,EN,Towers with Radar,218,135,65,8,426,0,0,8,0,8,218,135,73,8,434,8,0,8,442
07/13/2006,BDL,CT,ANE,EN,Towers with Radar,210,137,55,12,414,1,0,12,0,13,211,137,67,12,427,54,16,70,497
07/14/2006,BDL,CT,ANE,EN,Towers with Radar,205,125,47,5,382,0,0,35,5,40,205,125,82,10,422,77,3,80,502
07/15/2006,BDL,CT,ANE,EN,Towers with Radar,167,63,13,1,244,0,1,16,1,18,167,64,29,2,262,26,0,26,288
07/16/2006,BDL,CT,ANE,EN,Towers with Radar,172,69,29,0,270,0,0,17,0,17,172,69,46,0,287,58,2,60,347
07/17/2006,BDL,CT,ANE,EN,Towers with Radar,194,102,42,6,344,0,4,26,3,33,194,106,68,9,377,47,12,59,436
07/18/2006,BDL,CT,ANE,EN,Towers with Radar,198,115,48,13,374,1,6,26,6,39,199,121,74,19,413,64,9,73,486
07/19/2006,BDL,CT,ANE,EN,Towers with Radar,209,129,58,12,408,0,4,38,6,48,209,133,96,18,456,94,10,104,560
07/20/2006,BDL,CT,ANE,EN,Towers with Radar,202,143,63,16,424,3,0,18,4,25,205,143,81,20,449,63,6,69,518
07/21/2006,BDL,CT,ANE,EN,Towers with Radar,223,121,26,9,379,0,1,9,8,18,223,122,35,17,397,6,12,18,415
07/22/2006,BDL,CT,ANE,EN,Towers with Radar,172,71,33,0,276,0,0,3,0,3,172,71,36,0,279,22,0,22,301
07/23/2006,BDL,CT,ANE,EN,Towers with Radar,175,78,37,2,292,0,0,8,2,10,175,78,45,4,302,36,2,38,340
07/24/2006,BDL,CT,ANE,EN,Towers with Radar,191,98,50,5,344,0,0,34,6,40,191,98,84,11,384,88,2,90,474
07/25/2006,BDL,CT,ANE,EN,Towers with Radar,199,124,52,3,378,1,0,31,13,45,200,124,83,16,423,82,2,84,507
07/26/2006,BDL,CT,ANE,EN,Towers with Radar,206,131,46,9,392,0,1,21,9,31,206,132,67,18,423,33,3,36,459
07/27/2006,BDL,CT,ANE,EN,Towers with Radar,200,124,51,15,390,0,6,12,2,20,200,130,63,17,410,51,0,51,461
07/28/2006,BDL,CT,ANE,EN,Towers with Radar,218,116,54,10,398,0,3,6,2,11,218,119,60,12,409,36,0,36,445
07/29/2006,BDL,CT,ANE,EN,Towers with Radar,167,62,21,2,252,0,0,24,2,26,167,62,45,4,278,60,0,60,338
07/30/2006,BDL,CT,ANE,EN,Towers with Radar,179,72,21,3,275,0,0,26,3,29,179,72,47,6,304,36,8,44,348
07/31/2006,BDL,CT,ANE,EN,Towers with Radar,187,100,46,2,335,0,0,19,3,22,187,100,65,5,357,40,0,40,397
08/01/2006,BDL,CT,ANE,EN,Towers with Radar,200,114,35,9,358,0,4,16,4,24,200,118,51,13,382,46,4,50,432
08/02/2006,BDL,CT,ANE,EN,Towers with Radar,210,121,41,10,382,0,5,13,7,25,210,126,54,17,407,30,2,32,439
08/03/2006,BDL,CT,ANE,EN,Towers with Radar,203,111,44,10,368,0,4,11,9,24,203,115,55,19,392,38,2,40,432
08/04/2006,BDL,CT,ANE,EN,Towers with Radar,207,119,31,10,367,0,0,9,2,11,207,119,40,12,378,30,12,42,420
08/05/2006,BDL,CT,ANE,EN,Towers with Radar,168,60,16,8,252,0,0,25,4,29,168,60,41,12,281,58,4,62,343
08/06/2006,BDL,CT,ANE,EN,Towers with Radar,178,82,9,1,270,0,0,15,1,16,178,82,24,2,286,38,0,38,324
08/07/2006,BDL,CT,ANE,EN,Towers with Radar,188,100,53,2,343,0,0,12,1,13,188,100,65,3,356,36,2,38,394
08/08/2006,BDL,CT,ANE,EN,Towers with Radar,206,134,53,11,404,0,5,23,10,38,206,139,76,21,442,92,10,102,544
08/09/2006,BDL,CT,ANE,EN,Towers with Radar,208,121,36,9,374,0,5,40,7,52,208,126,76,16,426,64,0,64,490
08/10/2006,BDL,CT,ANE,EN,Towers with Radar,210,128,54,9,401,0,4,22,10,36,210,132,76,19,437,30,0,30,467
08/11/2006,BDL,CT,ANE,EN,Towers with Radar,214,117,43,10,384,0,7,31,7,45,214,124,74,17,429,42,8,50,479
08/12/2006,BDL,CT,ANE,EN,Towers with Radar,168,63,21,2,254,0,0,21,10,31,168,63,42,12,285,41,0,41,326
08/13/2006,BDL,CT,ANE,EN,Towers with Radar,177,73,27,2,279,0,0,13,8,21,177,73,40,10,300,80,0,80,380
08/14/2006,BDL,CT,ANE,EN,Towers with Radar,195,116,61,5,377,0,0,31,1,32,195,116,92,6,409,68,6,74,483
08/15/2006,BDL,CT,ANE,EN,Towers with Radar,200,142,46,10,398,0,1,13,3,17,200,143,59,13,415,46,0,46,461
08/16/2006,BDL,CT,ANE,EN,Towers with Radar,204,136,47,9,396,0,3,19,9,31,204,139,66,18,427,68,8,76,503
08/17/2006,BDL,CT,ANE,EN,Towers with Radar,206,140,46,8,400,0,3,26,9,38,206,143,72,17,438,48,0,48,486
08/18/2006,BDL,CT,ANE,EN,Towers with Radar,202,120,52,4,378,0,4,15,1,20,202,124,67,5,398,40,0,40,438
08/19/2006,BDL,CT,ANE,EN,Towers with Radar,173,67,18,0,258,0,0,8,0,8,173,67,26,0,266,34,0,34,300
08/20/2006,BDL,CT,ANE,EN,Towers with Radar,171,90,20,0,281,0,0,4,1,5,171,90,24,1,286,40,6,46,332
08/21/2006,BDL,CT,ANE,EN,Towers with Radar,190,105,40,0,335,0,0,13,4,17,190,105,53,4,352,50,2,52,404
08/22/2006,BDL,CT,ANE,EN,Towers with Radar,195,131,46,5,377,0,3,30,6,39,195,134,76,11,416,84,4,88,504
08/23/2006,BDL,CT,ANE,EN,Towers with Radar,205,132,45,10,392,0,3,7,9,19,205,135,52,19,411,59,6,65,476
08/24/2006,BDL,CT,ANE,EN,Towers with Radar,194,133,51,5,383,0,2,21,7,30,194,135,72,12,413,61,4,65,478
08/25/2006,BDL,CT,ANE,EN,Towers with Radar,203,128,36,8,375,0,0,0,0,0,203,128,36,8,375,18,11,29,404
08/26/2006,BDL,CT,ANE,EN,Towers with Radar,170,70,31,0,271,0,0,4,0,4,170,70,35,0,275,64,0,64,339
08/27/2006,BDL,CT,ANE,EN,Towers with Radar,177,90,29,5,301,0,0,0,0,0,177,90,29,5,301,16,0,16,317
08/28/2006,BDL,CT,ANE,EN,Towers with Radar,186,123,49,6,364,0,0,2,0,2,186,123,51,6,366,24,0,24,390
08/29/2006,BDL,CT,ANE,EN,Towers with Radar,198,139,75,0,412,0,0,2,0,2,198,139,77,0,414,22,14,36,450
08/30/2006,BDL,CT,ANE,EN,Towers with Radar,193,138,52,10,393,0,1,28,10,39,193,139,80,20,432,78,10,88,520
08/31/2006,BDL,CT,ANE,EN,Towers with Radar,204,143,60,8,415,0,4,36,13,53,204,147,96,21,468,70,5,75,543
09/01/2006,BDL,CT,ANE,EN,Towers with Radar,200,123,25,1,349,0,7,18,0,25,200,130,43,1,374,34,0,34,408
09/02/2006,BDL,CT,ANE,EN,Towers with Radar,163,69,19,0,251,0,0,2,0,2,163,69,21,0,253,8,2,10,263
09/03/2006,BDL,CT,ANE,EN,Towers with Radar,147,64,21,3,235,0,0,2,0,2,147,64,23,3,237,32,0,32,269
09/04/2006,BDL,CT,ANE,EN,Towers with Radar,169,88,24,0,281,0,1,15,0,16,169,89,39,0,297,68,0,68,365
09/05/2006,BDL,CT,ANE,EN,Towers with Radar,183,113,48,5,349,0,1,13,3,17,183,114,61,8,366,52,0,52,418
09/06/2006,BDL,CT,ANE,EN,Towers with Radar,193,155,49,7,404,0,8,17,17,42,193,163,66,24,446,38,2,40,486
09/07/2006,BDL,CT,ANE,EN,Towers with Radar,195,153,56,7,411,0,7,27,10,44,195,160,83,17,455,68,4,72,527
09/08/2006,BDL,CT,ANE,EN,Towers with Radar,197,143,55,4,399,0,4,26,5,35,197,147,81,9,434,56,5,61,495
09/09/2006,BDL,CT,ANE,EN,Towers with Radar,155,80,36,5,276,0,1,15,6,22,155,81,51,11,298,80,2,82,380
09/10/2006,BDL,CT,ANE,EN,Towers with Radar,164,85,28,4,281,0,0,9,3,12,164,85,37,7,293,64,2,66,359
09/11/2006,BDL,CT,ANE,EN,Towers with Radar,173,128,48,4,353,0,0,21,2,23,173,128,69,6,376,64,6,70,446
09/12/2006,BDL,CT,ANE,EN,Towers with Radar,187,153,51,9,400,0,7,31,4,42,187,160,82,13,442,62,0,62,504
09/13/2006,BDL,CT,ANE,EN,Towers with Radar,184,136,42,13,375,0,3,20,8,31,184,139,62,21,406,30,2,32,438
09/14/2006,BDL,CT,ANE,EN,Towers with Radar,195,149,50,6,400,0,1,2,0,3,195,150,52,6,403,16,0,16,419
09/15/2006,BDL,CT,ANE,EN,Towers with Radar,188,144,50,15,397,0,0,8,3,11,188,144,58,18,408,20,0,20,428
09/16/2006,BDL,CT,ANE,EN,Towers with Radar,152,85,19,2,258,0,0,16,1,17,152,85,35,3,275,62,0,62,337
09/17/2006,BDL,CT,ANE,EN,Towers with Radar,162,85,27,0,274,0,0,9,2,11,162,85,36,2,285,48,0,48,333
09/18/2006,BDL,CT,ANE,EN,Towers with Radar,182,122,60,2,366,0,0,22,1,23,182,122,82,3,389,84,0,84,473
09/19/2006,BDL,CT,ANE,EN,Towers with Radar,184,143,59,11,397,0,0,7,6,13,184,143,66,17,410,39,16,55,465
09/20/2006,BDL,CT,ANE,EN,Towers with Radar,186,152,35,14,387,0,1,25,9,35,186,153,60,23,422,58,0,58,480
09/21/2006,BDL,CT,ANE,EN,Towers with Radar,194,147,46,2,389,0,5,24,2,31,194,152,70,4,420,66,6,72,492
09/22/2006,BDL,CT,ANE,EN,Towers with Radar,186,145,48,5,384,0,2,28,8,38,186,147,76,13,422,62,0,62,484
09/23/2006,BDL,CT,ANE,EN,Towers with Radar,148,82,15,2,247,0,0,1,3,4,148,82,16,5,251,23,0,23,274
09/24/2006,BDL,CT,ANE,EN,Towers with Radar,165,94,19,0,278,0,0,4,1,5,165,94,23,1,283,14,0,14,297
09/25/2006,BDL,CT,ANE,EN,Towers with Radar,187,125,52,4,368,0,0,14,4,18,187,125,66,8,386,56,4,60,446
09/26/2006,BDL,CT,ANE,EN,Towers with Radar,185,146,59,7,397,0,7,29,7,43,185,153,88,14,440,38,0,38,478
09/27/2006,BDL,CT,ANE,EN,Towers with Radar,184,154,55,5,398,0,5,23,9,37,184,159,78,14,435,0,0,0,435
09/28/2006,BDL,CT,ANE,EN,Towers with Radar,186,146,64,7,403,0,0,16,8,24,186,146,80,15,427,70,11,81,508
09/29/2006,BDL,CT,ANE,EN,Towers with Radar,198,150,41,10,399,0,0,13,2,15,198,150,54,12,414,18,0,18,432
09/30/2006,BDL,CT,ANE,EN,Towers with Radar,151,81,22,3,257,0,0,19,0,19,151,81,41,3,276,58,0,58,334
10/01/2006,BDL,CT,ANE,EN,Towers with Radar,160,83,22,0,265,0,0,3,1,4,160,83,25,1,269,0,0,0,269
10/02/2006,BDL,CT,ANE,EN,Towers with Radar,174,130,38,4,346,0,1,11,2,14,174,131,49,6,360,51,0,51,411
10/03/2006,BDL,CT,ANE,EN,Towers with Radar,187,149,43,3,382,0,4,32,6,42,187,153,75,9,424,70,10,80,504
10/04/2006,BDL,CT,ANE,EN,Towers with Radar,191,157,47,10,405,0,3,11,12,26,191,160,58,22,431,54,6,60,491
10/05/2006,BDL,CT,ANE,EN,Towers with Radar,194,156,56,4,410,0,2,27,8,37,194,158,83,12,447,42,12,54,501
10/06/2006,BDL,CT,ANE,EN,Towers with Radar,195,156,36,5,392,0,1,11,1,13,195,157,47,6,405,32,2,34,439
10/07/2006,BDL,CT,ANE,EN,Towers with Radar,151,83,24,2,260,0,0,12,0,12,151,83,36,2,272,71,0,71,343
10/08/2006,BDL,CT,ANE,EN,Towers with Radar,160,88,19,2,269,0,0,11,0,11,160,88,30,2,280,60,0,60,340
10/09/2006,BDL,CT,ANE,EN,Towers with Radar,173,129,38,0,340,0,0,30,1,31,173,129,68,1,371,48,0,48,419
10/10/2006,BDL,CT,ANE,EN,Towers with Radar,182,133,46,6,367,0,1,32,5,38,182,134,78,11,405,96,8,104,509
10/11/2006,BDL,CT,ANE,EN,Towers with Radar,185,146,73,9,413,0,0,8,5,13,185,146,81,14,426,0,0,0,426
10/12/2006,BDL,CT,ANE,EN,Towers with Radar,196,161,60,9,426,0,0,10,3,13,196,161,70,12,439,0,0,0,439
10/13/2006,BDL,CT,ANE,EN,Towers with Radar,186,148,42,4,380,0,0,30,4,34,186,148,72,8,414,48,2,50,464
10/14/2006,BDL,CT,ANE,EN,Towers with Radar,151,82,36,8,277,0,0,23,9,32,151,82,59,17,309,50,5,55,364
10/15/2006,BDL,CT,ANE,EN,Towers with Radar,158,96,32,3,289,0,2,24,0,26,158,98,56,3,315,52,0,52,367
10/16/2006,BDL,CT,ANE,EN,Towers with Radar,175,136,47,0,358,0,0,30,2,32,175,136,77,2,390,58,0,58,448
10/17/2006,BDL,CT,ANE,EN,Towers with Radar,184,156,49,6,395,0,0,10,0,10,184,156,59,6,405,48,0,48,453
10/18/2006,BDL,CT,ANE,EN,Towers with Radar,189,161,58,8,416,0,0,16,8,24,189,161,74,16,440,54,18,72,512
10/19/2006,BDL,CT,ANE,EN,Towers with Radar,193,167,60,8,428,0,0,24,7,31,193,167,84,15,459,34,0,34,493
10/20/2006,BDL,CT,ANE,EN,Towers with Radar,189,148,61,4,402,0,1,5,0,6,189,149,66,4,408,13,0,13,421
10/21/2006,BDL,CT,ANE,EN,Towers with Radar,153,90,16,0,259,0,0,14,2,16,153,90,30,2,275,29,0,29,304
10/22/2006,BDL,CT,ANE,EN,Towers with Radar,157,103,26,3,289,0,0,18,6,24,157,103,44,9,313,41,0,41,354
10/23/2006,BDL,CT,ANE,EN,Towers with Radar,175,131,48,10,364,0,0,30,1,31,175,131,78,11,395,40,4,44,439
10/24/2006,BDL,CT,ANE,EN,Towers with Radar,185,157,48,4,394,0,0,18,5,23,185,157,66,9,417,62,7,69,486
10/25/2006,BDL,CT,ANE,EN,Towers with Radar,190,166,36,7,399,0,0,20,4,24,190,166,56,11,423,42,7,49,472
10/26/2006,BDL,CT,ANE,EN,Towers with Radar,190,153,52,6,401,0,1,22,3,26,190,154,74,9,427,18,8,26,453
10/27/2006,BDL,CT,ANE,EN,Towers with Radar,188,153,49,5,395,0,0,26,6,32,188,153,75,11,427,39,0,39,466
10/28/2006,BDL,CT,ANE,EN,Towers with Radar,149,78,6,2,235,0,0,0,0,0,149,78,6,2,235,4,0,4,239
10/29/2006,BDL,CT,ANE,EN,Towers with Radar,164,98,12,0,274,0,0,2,0,2,164,98,14,0,276,11,0,11,287
10/30/2006,BDL,CT,ANE,EN,Towers with Radar,177,141,34,5,357,0,1,19,3,23,177,142,53,8,380,36,5,41,421
10/31/2006,BDL,CT,ANE,EN,Towers with Radar,184,154,45,7,390,0,3,21,8,32,184,157,66,15,422,66,0,66,488
11/01/2006,BDL,CT,ANE,EN,Towers with Radar,185,162,46,8,401,0,4,29,8,41,185,166,75,16,442,50,0,50,492
11/02/2006,BDL,CT,ANE,EN,Towers with Radar,191,156,51,4,402,0,0,28,6,34,191,156,79,10,436,24,6,30,466
11/03/2006,BDL,CT,ANE,EN,Towers with Radar,188,150,54,7,399,0,1,41,3,45,188,151,95,10,444,45,10,55,499
11/04/2006,BDL,CT,ANE,EN,Towers with Radar,148,80,24,6,258,0,0,11,3,14,148,80,35,9,272,40,0,40,312
11/05/2006,BDL,CT,ANE,EN,Towers with Radar,157,88,29,1,275,0,0,25,4,29,157,88,54,5,304,51,0,51,355
11/06/2006,BDL,CT,ANE,EN,Towers with Radar,176,133,38,2,349,0,0,26,3,29,176,133,64,5,378,44,0,44,422
11/07/2006,BDL,CT,ANE,EN,Towers with Radar,188,157,40,8,393,0,0,8,9,17,188,157,48,17,410,32,8,40,450
11/08/2006,BDL,CT,ANE,EN,Towers with Radar,189,154,48,2,393,0,0,0,0,0,189,154,48,2,393,2,0,2,395
11/09/2006,BDL,CT,ANE,EN,Towers with Radar,192,170,54,7,423,0,0,15,5,20,192,170,69,12,443,30,4,34,477
11/10/2006,BDL,CT,ANE,EN,Towers with Radar,187,153,49,2,391,0,2,10,0,12,187,155,59,2,403,24,0,24,427
11/11/2006,BDL,CT,ANE,EN,Towers with Radar,152,84,20,0,256,0,0,5,0,5,152,84,25,0,261,30,0,30,291
11/12/2006,BDL,CT,ANE,EN,Towers with Radar,158,84,34,1,277,0,0,0,0,0,158,84,34,1,277,6,0,6,283
11/13/2006,BDL,CT,ANE,EN,Towers with Radar,181,128,49,12,370,0,0,4,0,4,181,128,53,12,374,36,2,38,412
11/14/2006,BDL,CT,ANE,EN,Towers with Radar,191,163,57,15,426,0,0,5,0,5,191,163,62,15,431,44,0,44,475
11/15/2006,BDL,CT,ANE,EN,Towers with Radar,187,157,49,11,404,0,0,4,1,5,187,157,53,12,409,14,0,14,423
11/16/2006,BDL,CT,ANE,EN,Towers with Radar,191,169,65,9,434,0,0,0,0,0,191,169,65,9,434,16,0,16,450
11/17/2006,BDL,CT,ANE,EN,Towers with Radar,195,163,67,7,432,0,1,14,7,22,195,164,81,14,454,46,0,46,500
11/18/2006,BDL,CT,ANE,EN,Towers with Radar,150,96,32,3,281,0,1,18,4,23,150,97,50,7,304,65,4,69,373
11/19/2006,BDL,CT,ANE,EN,Towers with Radar,163,89,24,3,279,0,0,26,4,30,163,89,50,7,309,48,0,48,357
11/20/2006,BDL,CT,ANE,EN,Towers with Radar,166,124,55,5,350,0,0,19,1,20,166,124,74,6,370,54,0,54,424
11/21/2006,BDL,CT,ANE,EN,Towers with Radar,196,158,50,7,411,0,0,26,13,39,196,158,76,20,450,82,6,88,538
11/22/2006,BDL,CT,ANE,EN,Towers with Radar,195,135,51,3,384,0,1,18,10,29,195,136,69,13,413,68,6,74,487
11/23/2006,BDL,CT,ANE,EN,Towers with Radar,125,84,7,0,216,0,0,1,0,1,125,84,8,0,217,4,0,4,221
11/24/2006,BDL,CT,ANE,EN,Towers with Radar,158,85,12,0,255,0,0,12,0,12,158,85,24,0,267,27,0,27,294
11/25/2006,BDL,CT,ANE,EN,Towers with Radar,163,91,24,1,279,0,1,15,0,16,163,92,39,1,295,94,0,94,389
11/26/2006,BDL,CT,ANE,EN,Towers with Radar,171,114,38,0,323,0,1,12,0,13,171,115,50,0,336,66,0,66,402
11/27/2006,BDL,CT,ANE,EN,Towers with Radar,176,135,63,0,374,0,0,22,4,26,176,135,85,4,400,24,0,24,424
11/28/2006,BDL,CT,ANE,EN,Towers with Radar,201,156,63,11,431,0,0,7,1,8,201,156,70,12,439,50,10,60,499
11/29/2006,BDL,CT,ANE,EN,Towers with Radar,197,154,59,6,416,0,0,2,0,2,197,154,61,6,418,10,0,10,428
11/30/2006,BDL,CT,ANE,EN,Towers with Radar,196,163,68,17,444,0,1,5,8,14,196,164,73,25,458,26,0,26,484
12/01/2006,BDL,CT,ANE,EN,Towers with Radar,177,114,41,1,333,0,0,6,0,6,177,114,47,1,339,6,0,6,345
12/02/2006,BDL,CT,ANE,EN,Towers with Radar,157,76,23,5,261,0,0,12,5,17,157,76,35,10,278,27,9,36,314
12/03/2006,BDL,CT,ANE,EN,Towers with Radar,167,84,27,1,279,0,0,22,0,22,167,84,49,1,301,41,0,41,342
12/04/2006,BDL,CT,ANE,EN,Towers with Radar,174,126,57,8,365,0,0,20,4,24,174,126,77,12,389,35,2,37,426
12/05/2006,BDL,CT,ANE,EN,Towers with Radar,192,151,49,7,399,0,1,18,10,29,192,152,67,17,428,47,4,51,479
12/06/2006,BDL,CT,ANE,EN,Towers with Radar,196,153,61,4,414,0,1,11,6,18,196,154,72,10,432,51,0,51,483
12/07/2006,BDL,CT,ANE,EN,Towers with Radar,198,151,48,7,404,0,1,20,8,29,198,152,68,15,433,36,3,39,472
12/08/2006,BDL,CT,ANE,EN,Towers with Radar,194,148,46,8,396,0,0,18,1,19,194,148,64,9,415,6,3,9,424
12/09/2006,BDL,CT,ANE,EN,Towers with Radar,152,82,29,3,266,0,0,7,18,25,152,82,36,21,291,30,0,30,321
12/10/2006,BDL,CT,ANE,EN,Towers with Radar,167,97,29,4,297,0,0,6,0,6,167,97,35,4,303,16,0,16,319
12/11/2006,BDL,CT,ANE,EN,Towers with Radar,174,123,43,0,340,0,0,22,2,24,174,123,65,2,364,14,6,20,384
12/12/2006,BDL,CT,ANE,EN,Towers with Radar,191,149,50,5,395,0,0,28,7,35,191,149,78,12,430,34,2,36,466
12/13/2006,BDL,CT,ANE,EN,Towers with Radar,200,152,70,13,435,0,0,7,0,7,200,152,77,13,442,12,0,12,454
12/14/2006,BDL,CT,ANE,EN,Towers with Radar,200,160,55,6,421,0,0,17,10,27,200,160,72,16,448,12,0,12,460
12/15/2006,BDL,CT,ANE,EN,Towers with Radar,196,144,51,5,396,0,0,4,0,4,196,144,55,5,400,32,1,33,433
12/16/2006,BDL,CT,ANE,EN,Towers with Radar,164,92,11,1,268,0,0,16,0,16,164,92,27,1,284,50,0,50,334
12/17/2006,BDL,CT,ANE,EN,Towers with Radar,181,86,19,0,286,0,0,17,0,17,181,86,36,0,303,29,0,29,332
12/18/2006,BDL,CT,ANE,EN,Towers with Radar,178,131,35,3,347,0,2,13,2,17,178,133,48,5,364,30,2,32,396
12/19/2006,BDL,CT,ANE,EN,Towers with Radar,209,151,57,4,421,0,1,34,9,44,209,152,91,13,465,32,0,32,497
12/20/2006,BDL,CT,ANE,EN,Towers with Radar,211,150,61,3,425,0,1,28,15,44,211,151,89,18,469,36,0,36,505
12/21/2006,BDL,CT,ANE,EN,Towers with Radar,214,147,49,10,420,0,2,26,12,40,214,149,75,22,460,44,8,52,512
12/22/2006,BDL,CT,ANE,EN,Towers with Radar,197,128,29,1,355,0,0,20,5,25,197,128,49,6,380,20,0,20,400
12/23/2006,BDL,CT,ANE,EN,Towers with Radar,185,91,27,0,303,0,0,0,0,0,185,91,27,0,303,10,0,10,313
12/24/2006,BDL,CT,ANE,EN,Towers with Radar,149,70,10,0,229,0,0,3,0,3,149,70,13,0,232,6,2,8,240
12/25/2006,BDL,CT,ANE,EN,Towers with Radar,139,74,2,0,215,0,0,0,0,0,139,74,2,0,215,10,0,10,225
12/26/2006,BDL,CT,ANE,EN,Towers with Radar,172,124,35,0,331,0,0,0,0,0,172,124,35,0,331,22,0,22,353
12/27/2006,BDL,CT,ANE,EN,Towers with Radar,186,125,26,6,343,0,0,18,11,29,186,125,44,17,372,16,0,16,388
12/28/2006,BDL,CT,ANE,EN,Towers with Radar,186,130,29,8,353,0,2,17,5,24,186,132,46,13,377,38,3,41,418
12/29/2006,BDL,CT,ANE,EN,Towers with Radar,179,123,25,4,331,0,0,16,2,18,179,123,41,6,349,18,0,18,367
12/30/2006,BDL,CT,ANE,EN,Towers with Radar,162,81,24,0,267,0,0,2,0,2,162,81,26,0,269,10,0,10,279
12/31/2006,BDL,CT,ANE,EN,Towers with Radar,145,67,5,0,217,0,0,3,0,3,145,67,8,0,220,12,0,12,232
01/01/2007,BDL,CT,ANE,EN,Towers with Radar,155,85,22,0,262,0,0,0,0,0,155,85,22,0,262,12,0,12,274
01/02/2007,BDL,CT,ANE,EN,Towers with Radar,174,116,45,3,338,0,1,16,0,17,174,117,61,3,355,14,2,16,371
01/03/2007,BDL,CT,ANE,EN,Towers with Radar,191,135,47,4,377,0,5,13,9,27,191,140,60,13,404,20,0,20,424
01/04/2007,BDL,CT,ANE,EN,Towers with Radar,183,149,51,7,390,0,1,29,7,37,183,150,80,14,427,24,3,27,454
01/05/2007,BDL,CT,ANE,EN,Towers with Radar,176,138,38,10,362,0,0,1,4,5,176,138,39,14,367,2,0,2,369
01/06/2007,BDL,CT,ANE,EN,Towers with Radar,151,83,24,11,269,0,0,1,4,5,151,83,25,15,274,10,5,15,289
01/07/2007,BDL,CT,ANE,EN,Towers with Radar,163,85,21,2,271,0,0,18,0,18,163,85,39,2,289,37,0,37,326
01/08/2007,BDL,CT,ANE,EN,Towers with Radar,174,116,29,5,324,0,0,2,0,2,174,116,31,5,326,8,0,8,334
01/09/2007,BDL,CT,ANE,EN,Towers with Radar,183,153,46,13,395,0,2,21,8,31,183,155,67,21,426,18,6,24,450
01/10/2007,BDL,CT,ANE,EN,Towers with Radar,183,149,41,9,382,0,2,21,10,33,183,151,62,19,415,14,0,14,429
01/11/2007,BDL,CT,ANE,EN,Towers with Radar,187,148,61,12,408,0,0,39,8,47,187,148,100,20,455,26,9,35,490
01/12/2007,BDL,CT,ANE,EN,Towers with Radar,188,143,50,7,388,0,1,10,1,12,188,144,60,8,400,6,12,18,418
01/13/2007,BDL,CT,ANE,EN,Towers with Radar,148,78,18,0,244,0,0,0,0,0,148,78,18,0,244,8,0,8,252
01/14/2007,BDL,CT,ANE,EN,Towers with Radar,159,90,23,0,272,0,0,0,0,0,159,90,23,0,272,6,2,8,280
01/15/2007,BDL,CT,ANE,EN,Towers with Radar,165,127,41,1,334,0,0,0,0,0,165,127,41,1,334,2,0,2,336
01/16/2007,BDL,CT,ANE,EN,Towers with Radar,188,132,42,8,370,0,1,19,7,27,188,133,61,15,397,28,0,28,425
01/17/2007,BDL,CT,ANE,EN,Towers with Radar,182,150,47,9,388,0,3,23,10,36,182,153,70,19,424,57,16,73,497
01/18/2007,BDL,CT,ANE,EN,Towers with Radar,186,157,52,8,403,0,0,18,10,28,186,157,70,18,431,14,4,18,449
01/19/2007,BDL,CT,ANE,EN,Towers with Radar,191,144,29,2,366,0,0,12,1,13,191,144,41,3,379,8,3,11,390
01/20/2007,BDL,CT,ANE,EN,Towers with Radar,148,79,13,0,240,0,0,2,0,2,148,79,15,0,242,10,0,10,252
01/21/2007,BDL,CT,ANE,EN,Towers with Radar,150,79,34,0,263,0,0,14,11,25,150,79,48,11,288,14,0,14,302
01/22/2007,BDL,CT,ANE,EN,Towers with Radar,177,121,59,2,359,0,0,5,6,11,177,121,64,8,370,10,0,10,380
01/23/2007,BDL,CT,ANE,EN,Towers with Radar,190,145,54,11,400,0,1,20,8,29,190,146,74,19,429,42,4,46,475
01/24/2007,BDL,CT,ANE,EN,Towers with Radar,184,147,60,12,403,0,4,31,10,45,184,151,91,22,448,44,8,52,500
01/25/2007,BDL,CT,ANE,EN,Towers with Radar,174,134,58,18,384,0,1,15,18,34,174,135,73,36,418,18,0,18,436
01/26/2007,BDL,CT,ANE,EN,Towers with Radar,187,137,56,9,389,0,1,6,5,12,187,138,62,14,401,22,2,24,425
01/27/2007,BDL,CT,ANE,EN,Towers with Radar,150,76,27,0,253,0,0,7,1,8,150,76,34,1,261,22,0,22,283
01/28/2007,BDL,CT,ANE,EN,Towers with Radar,160,79,28,0,267,0,0,17,0,17,160,79,45,0,284,79,5,84,368
01/29/2007,BDL,CT,ANE,EN,Towers with Radar,180,127,50,6,363,0,1,29,4,34,180,128,79,10,397,25,0,25,422
01/30/2007,BDL,CT,ANE,EN,Towers with Radar,186,147,62,16,411,0,1,39,7,47,186,148,101,23,458,60,15,75,533
01/31/2007,BDL,CT,ANE,EN,Towers with Radar,185,159,37,9,390,0,1,31,9,41,185,160,68,18,431,23,6,29,460
02/01/2007,BDL,CT,ANE,EN,Towers with Radar,190,159,62,7,418,0,2,30,12,44,190,161,92,19,462,22,11,33,495
02/02/2007,BDL,CT,ANE,EN,Towers with Radar,192,151,42,11,396,0,1,8,2,11,192,152,50,13,407,16,4,20,427
02/03/2007,BDL,CT,ANE,EN,Towers with Radar,147,89,15,6,257,0,0,6,5,11,147,89,21,11,268,30,5,35,303
02/04/2007,BDL,CT,ANE,EN,Towers with Radar,160,83,22,0,265,0,0,7,0,7,160,83,29,0,272,16,0,16,288
02/05/2007,BDL,CT,ANE,EN,Towers with Radar,174,129,49,2,354,0,1,18,0,19,174,130,67,2,373,17,0,17,390
02/06/2007,BDL,CT,ANE,EN,Towers with Radar,178,143,42,11,374,0,6,19,7,32,178,149,61,18,406,24,0,24,430
02/07/2007,BDL,CT,ANE,EN,Towers with Radar,184,142,32,10,368,0,1,23,14,38,184,143,55,24,406,6,0,6,412
02/08/2007,BDL,CT,ANE,EN,Towers with Radar,196,145,43,9,393,0,3,9,9,21,196,148,52,18,414,27,2,29,443
02/09/2007,BDL,CT,ANE,EN,Towers with Radar,183,144,31,6,364,0,4,18,10,32,183,148,49,16,396,12,0,12,408
02/10/2007,BDL,CT,ANE,EN,Towers with Radar,155,78,26,1,260,0,0,16,15,31,155,78,42,16,291,56,0,56,347
02/11/2007,BDL,CT,ANE,EN,Towers with Radar,158,85,28,4,275,0,1,24,1,26,158,86,52,5,301,32,0,32,333
02/12/2007,BDL,CT,ANE,EN,Towers with Radar,174,124,53,6,357,0,2,16,5,23,174,126,69,11,380,30,0,30,410
02/13/2007,BDL,CT,ANE,EN,Towers with Radar,160,123,57,15,355,0,3,16,7,26,160,126,73,22,381,26,2,28,409
02/14/2007,BDL,CT,ANE,EN,Towers with Radar,39,36,14,0,89,0,0,0,0,0,39,36,14,0,89,0,0,0,89
02/15/2007,BDL,CT,ANE,EN,Towers with Radar,173,147,64,4,388,0,3,9,9,21,173,150,73,13,409,17,0,17,426
02/16/2007,BDL,CT,ANE,EN,Towers with Radar,198,137,62,0,397,0,2,6,2,10,198,139,68,2,407,10,0,10,417
02/17/2007,BDL,CT,ANE,EN,Towers with Radar,160,89,22,0,271,0,0,25,0,25,160,89,47,0,296,26,0,26,322
02/18/2007,BDL,CT,ANE,EN,Towers with Radar,158,73,8,0,239,0,0,3,0,3,158,73,11,0,242,0,0,0,242
02/19/2007,BDL,CT,ANE,EN,Towers with Radar,176,115,18,0,309,0,0,14,0,14,176,115,32,0,323,17,0,17,340
02/20/2007,BDL,CT,ANE,EN,Towers with Radar,191,136,38,8,373,0,0,27,9,36,191,136,65,17,409,22,0,22,431
02/21/2007,BDL,CT,ANE,EN,Towers with Radar,178,146,47,10,381,0,1,24,9,34,178,147,71,19,415,34,0,34,449
02/22/2007,BDL,CT,ANE,EN,Towers with Radar,189,136,42,11,378,0,2,7,7,16,189,138,49,18,394,22,0,22,416
02/23/2007,BDL,CT,ANE,EN,Towers with Radar,184,147,29,1,361,0,0,10,3,13,184,147,39,4,374,23,0,23,397
02/24/2007,BDL,CT,ANE,EN,Towers with Radar,149,76,25,0,250,0,0,14,0,14,149,76,39,0,264,30,0,30,294
02/25/2007,BDL,CT,ANE,EN,Towers with Radar,138,81,31,0,250,0,0,14,0,14,138,81,45,0,264,10,0,10,274
02/26/2007,BDL,CT,ANE,EN,Towers with Radar,176,130,35,9,350,0,0,2,1,3,176,130,37,10,353,10,0,10,363
02/27/2007,BDL,CT,ANE,EN,Towers with Radar,191,160,52,6,409,0,0,4,3,7,191,160,56,9,416,8,0,8,424
02/28/2007,BDL,CT,ANE,EN,Towers with Radar,187,156,45,6,394,0,1,28,17,46,187,157,73,23,440,38,6,44,484
03/01/2007,BDL,CT,ANE,EN,Towers with Radar,189,129,42,4,364,0,5,21,14,40,189,134,63,18,404,6,2,8,412
03/02/2007,BDL,CT,ANE,EN,Towers with Radar,189,137,40,2,368,0,1,1,0,2,189,138,41,2,370,12,0,12,382
03/03/2007,BDL,CT,ANE,EN,Towers with Radar,159,81,25,2,267,0,1,5,0,6,159,82,30,2,273,44,0,44,317
03/04/2007,BDL,CT,ANE,EN,Towers with Radar,148,92,31,0,271,0,0,18,0,18,148,92,49,0,289,20,2,22,311
03/05/2007,BDL,CT,ANE,EN,Towers with Radar,170,130,35,0,335,0,1,14,2,17,170,131,49,2,352,36,0,36,388
03/06/2007,BDL,CT,ANE,EN,Towers with Radar,194,155,32,5,386,0,1,8,5,14,194,156,40,10,400,12,3,15,415
03/07/2007,BDL,CT,ANE,EN,Towers with Radar,184,145,43,11,383,0,2,6,17,25,184,147,49,28,408,17,11,28,436
03/08/2007,BDL,CT,ANE,EN,Towers with Radar,189,146,40,9,384,0,3,16,18,37,189,149,56,27,421,53,9,62,483
03/09/2007,BDL,CT,ANE,EN,Towers with Radar,185,145,37,7,374,0,3,17,12,32,185,148,54,19,406,19,6,25,431
03/10/2007,BDL,CT,ANE,EN,Towers with Radar,150,76,24,2,252,0,1,1,7,9,150,77,25,9,261,18,2,20,281
03/11/2007,BDL,CT,ANE,EN,Towers with Radar,147,93,27,2,269,0,0,12,3,15,147,93,39,5,284,4,0,4,288
03/12/2007,BDL,CT,ANE,EN,Towers with Radar,165,128,37,6,336,0,0,32,4,36,165,128,69,10,372,22,3,25,397
03/13/2007,BDL,CT,ANE,EN,Towers with Radar,183,160,36,9,388,0,2,29,15,46,183,162,65,24,434,65,7,72,506
03/14/2007,BDL,CT,ANE,EN,Towers with Radar,182,168,43,14,407,0,1,14,10,25,182,169,57,24,432,29,17,46,478
03/15/2007,BDL,CT,ANE,EN,Towers with Radar,183,148,52,8,391,0,1,4,0,5,183,149,56,8,396,18,6,24,420
03/16/2007,BDL,CT,ANE,EN,Towers with Radar,124,88,20,0,232,0,0,0,0,0,124,88,20,0,232,8,0,8,240
03/17/2007,BDL,CT,ANE,EN,Towers with Radar,117,70,26,0,213,0,0,7,0,7,117,70,33,0,220,0,2,2,222
03/18/2007,BDL,CT,ANE,EN,Towers with Radar,153,95,23,0,271,0,0,2,3,5,153,95,25,3,276,8,8,16,292
03/19/2007,BDL,CT,ANE,EN,Towers with Radar,173,128,41,0,342,0,0,12,3,15,173,128,53,3,357,18,0,18,375
03/20/2007,BDL,CT,ANE,EN,Towers with Radar,184,153,31,12,380,0,1,15,12,28,184,154,46,24,408,12,2,14,422
03/21/2007,BDL,CT,ANE,EN,Towers with Radar,182,155,44,7,388,0,4,18,11,33,182,159,62,18,421,37,5,42,463
03/22/2007,BDL,CT,ANE,EN,Towers with Radar,185,156,45,16,402,0,0,8,3,11,185,156,53,19,413,20,0,20,433
03/23/2007,BDL,CT,ANE,EN,Towers with Radar,181,156,50,3,390,0,2,20,3,25,181,158,70,6,415,32,2,34,449
03/24/2007,BDL,CT,ANE,EN,Towers with Radar,154,78,31,0,263,0,0,19,5,24,154,78,50,5,287,46,2,48,335
03/25/2007,BDL,CT,ANE,EN,Towers with Radar,148,91,30,0,269,0,0,10,0,10,148,91,40,0,279,30,0,30,309
03/26/2007,BDL,CT,ANE,EN,Towers with Radar,168,142,52,3,365,0,0,14,3,17,168,142,66,6,382,24,10,34,416
03/27/2007,BDL,CT,ANE,EN,Towers with Radar,183,165,79,11,438,0,0,23,12,35,183,165,102,23,473,40,7,47,520
03/28/2007,BDL,CT,ANE,EN,Towers with Radar,184,155,38,3,380,0,1,28,20,49,184,156,66,23,429,21,8,29,458
03/29/2007,BDL,CT,ANE,EN,Towers with Radar,184,165,46,9,404,0,3,18,18,39,184,168,64,27,443,10,8,18,461
03/30/2007,BDL,CT,ANE,EN,Towers with Radar,180,163,38,5,386,0,2,21,5,28,180,165,59,10,414,28,4,32,446
03/31/2007,BDL,CT,ANE,EN,Towers with Radar,151,81,17,0,249,0,4,17,0,21,151,85,34,0,270,60,0,60,330
04/01/2007,BDL,CT,ANE,EN,Towers with Radar,148,82,18,1,249,0,0,10,1,11,148,82,28,2,260,16,0,16,276
04/02/2007,BDL,CT,ANE,EN,Towers with Radar,170,128,36,0,334,0,0,1,0,1,170,128,37,0,335,16,0,16,351
04/03/2007,BDL,CT,ANE,EN,Towers with Radar,180,156,45,15,396,0,0,9,3,12,180,156,54,18,408,14,12,26,434
04/04/2007,BDL,CT,ANE,EN,Towers with Radar,180,152,46,0,378,0,0,2,0,2,180,152,48,0,380,10,0,10,390
04/05/2007,BDL,CT,ANE,EN,Towers with Radar,181,161,51,7,400,0,0,19,10,29,181,161,70,17,429,10,2,12,441
04/06/2007,BDL,CT,ANE,EN,Towers with Radar,186,158,31,6,381,0,2,17,3,22,186,160,48,9,403,18,2,20,423
04/07/2007,BDL,CT,ANE,EN,Towers with Radar,151,86,14,1,252,0,0,13,0,13,151,86,27,1,265,0,0,0,265
04/08/2007,BDL,CT,ANE,EN,Towers with Radar,157,93,8,0,258,0,0,6,0,6,157,93,14,0,264,0,0,0,264
04/09/2007,BDL,CT,ANE,EN,Towers with Radar,170,137,48,3,358,0,3,24,1,28,170,140,72,4,386,0,0,0,386
04/10/2007,BDL,CT,ANE,EN,Towers with Radar,190,151,43,15,399,0,3,31,14,48,190,154,74,29,447,40,4,44,491
04/11/2007,BDL,CT,ANE,EN,Towers with Radar,176,142,55,11,384,0,5,27,17,49,176,147,82,28,433,38,4,42,475
04/12/2007,BDL,CT,ANE,EN,Towers with Radar,186,149,31,5,371,0,1,1,0,2,186,150,32,5,373,0,10,10,383
04/13/2007,BDL,CT,ANE,EN,Towers with Radar,185,155,40,5,385,0,1,20,0,21,185,156,60,5,406,19,0,19,425
04/14/2007,BDL,CT,ANE,EN,Towers with Radar,157,89,20,1,267,0,0,37,6,43,157,89,57,7,310,20,0,20,330
04/15/2007,BDL,CT,ANE,EN,Towers with Radar,156,73,22,1,252,0,0,1,0,1,156,73,23,1,253,6,0,6,259
04/16/2007,BDL,CT,ANE,EN,Towers with Radar,169,114,33,2,318,0,0,0,0,0,169,114,33,2,318,10,3,13,331
04/17/2007,BDL,CT,ANE,EN,Towers with Radar,190,161,37,15,403,0,1,2,0,3,190,162,39,15,406,16,12,28,434
04/18/2007,BDL,CT,ANE,EN,Towers with Radar,181,162,30,10,383,0,0,12,8,20,181,162,42,18,403,15,13,28,431
04/19/2007,BDL,CT,ANE,EN,Towers with Radar,188,160,51,9,408,0,3,12,12,27,188,163,63,21,435,23,15,38,473
04/20/2007,BDL,CT,ANE,EN,Towers with Radar,183,165,37,7,392,0,3,23,11,37,183,168,60,18,429,24,14,38,467
04/21/2007,BDL,CT,ANE,EN,Towers with Radar,160,84,21,0,265,0,0,17,4,21,160,84,38,4,286,64,1,65,351
04/22/2007,BDL,CT,ANE,EN,Towers with Radar,152,91,26,9,278,0,1,22,14,37,152,92,48,23,315,42,6,48,363
04/23/2007,BDL,CT,ANE,EN,Towers with Radar,173,133,34,2,342,0,0,26,0,26,173,133,60,2,368,24,0,24,392
04/24/2007,BDL,CT,ANE,EN,Towers with Radar,177,152,51,6,386,0,2,25,11,38,177,154,76,17,424,53,5,58,482
04/25/2007,BDL,CT,ANE,EN,Towers with Radar,183,152,57,13,405,0,2,24,6,32,183,154,81,19,437,36,7,43,480
04/26/2007,BDL,CT,ANE,EN,Towers with Radar,182,167,49,10,408,0,0,19,4,23,182,167,68,14,431,42,2,44,475
04/27/2007,BDL,CT,ANE,EN,Towers with Radar,186,168,33,7,394,0,0,1,0,1,186,168,34,7,395,0,0,0,395
04/28/2007,BDL,CT,ANE,EN,Towers with Radar,140,87,24,0,251,0,0,5,4,9,140,87,29,4,260,16,4,20,280
04/29/2007,BDL,CT,ANE,EN,Towers with Radar,148,108,32,1,289,0,0,5,0,5,148,108,37,1,294,13,0,13,307
04/30/2007,BDL,CT,ANE,EN,Towers with Radar,173,134,47,3,357,0,1,26,2,29,173,135,73,5,386,21,0,21,407
05/01/2007,BDL,CT,ANE,EN,Towers with Radar,172,154,47,9,382,0,3,21,9,33,172,157,68,18,415,40,0,40,455
05/02/2007,BDL,CT,ANE,EN,Towers with Radar,177,165,66,11,419,0,1,14,15,30,177,166,80,26,449,28,8,36,485
05/03/2007,BDL,CT,ANE,EN,Towers with Radar,182,146,38,7,373,0,3,27,11,41,182,149,65,18,414,53,15,68,482
05/04/2007,BDL,CT,ANE,EN,Towers with Radar,179,150,46,5,380,0,2,30,5,37,179,152,76,10,417,35,6,41,458
05/05/2007,BDL,CT,ANE,EN,Towers with Radar,128,85,14,0,227,0,4,17,0,21,128,89,31,0,248,12,6,18,266
05/06/2007,BDL,CT,ANE,EN,Towers with Radar,150,99,29,7,285,0,2,20,5,27,150,101,49,12,312,47,3,50,362
05/07/2007,BDL,CT,ANE,EN,Towers with Radar,167,139,37,1,344,0,3,29,0,32,167,142,66,1,376,35,0,35,411
05/08/2007,BDL,CT,ANE,EN,Towers with Radar,176,155,48,8,387,0,2,25,8,35,176,157,73,16,422,31,0,31,453
05/09/2007,BDL,CT,ANE,EN,Towers with Radar,165,158,39,7,369,0,4,25,10,39,165,162,64,17,408,25,3,28,436
05/10/2007,BDL,CT,ANE,EN,Towers with Radar,176,158,42,13,389,0,2,13,6,21,176,160,55,19,410,52,2,54,464
05/11/2007,BDL,CT,ANE,EN,Towers with Radar,179,160,58,10,407,0,1,9,0,10,179,161,67,10,417,10,0,10,427
05/12/2007,BDL,CT,ANE,EN,Towers with Radar,132,93,28,2,255,0,0,7,3,10,132,93,35,5,265,17,0,17,282
05/13/2007,BDL,CT,ANE,EN,Towers with Radar,147,97,19,0,263,0,0,10,0,10,147,97,29,0,273,16,0,16,289
05/14/2007,BDL,CT,ANE,EN,Towers with Radar,164,131,51,7,353,0,3,25,2,30,164,134,76,9,383,16,10,26,409
05/15/2007,BDL,CT,ANE,EN,Towers with Radar,172,135,39,5,351,0,1,15,5,21,172,136,54,10,372,0,0,0,372
05/16/2007,BDL,CT,ANE,EN,Towers with Radar,175,145,52,5,377,0,3,9,0,12,175,148,61,5,389,14,0,14,403
05/17/2007,BDL,CT,ANE,EN,Towers with Radar,183,163,50,7,403,0,0,21,16,37,183,163,71,23,440,12,7,19,459
05/18/2007,BDL,CT,ANE,EN,Towers with Radar,175,159,42,8,384,0,0,1,2,3,175,159,43,10,387,16,0,16,403
05/19/2007,BDL,CT,ANE,EN,Towers with Radar,140,86,36,0,262,0,0,0,2,2,140,86,36,2,264,24,8,32,296
05/20/2007,BDL,CT,ANE,EN,Towers with Radar,143,108,25,2,278,0,0,6,13,19,143,108,31,15,297,4,0,4,301
05/21/2007,BDL,CT,ANE,EN,Towers with Radar,163,131,33,2,329,0,0,35,1,36,163,131,68,3,365,10,0,10,375
05/22/2007,BDL,CT,ANE,EN,Towers with Radar,174,144,41,3,362,0,3,49,11,63,174,147,90,14,425,12,0,12,437
05/23/2007,BDL,CT,ANE,EN,Towers with Radar,173,167,46,10,396,0,1,26,10,37,173,168,72,20,433,42,10,52,485
05/24/2007,BDL,CT,ANE,EN,Towers with Radar,178,155,55,9,397,0,6,23,16,45,178,161,78,25,442,20,8,28,470
05/25/2007,BDL,CT,ANE,EN,Towers with Radar,177,150,38,2,367,0,4,33,1,38,177,154,71,3,405,46,0,46,451
05/26/2007,BDL,CT,ANE,EN,Towers with Radar,129,95,23,0,247,0,2,14,0,16,129,97,37,0,263,28,0,28,291
05/27/2007,BDL,CT,ANE,EN,Towers with Radar,125,72,13,0,210,0,0,13,7,20,125,72,26,7,230,14,0,14,244
05/28/2007,BDL,CT,ANE,EN,Towers with Radar,155,104,28,0,287,0,0,5,17,22,155,104,33,17,309,21,32,53,362
05/29/2007,BDL,CT,ANE,EN,Towers with Radar,157,134,56,8,355,0,2,37,18,57,157,136,93,26,412,44,3,47,459
05/30/2007,BDL,CT,ANE,EN,Towers with Radar,173,147,47,4,371,0,3,19,4,26,173,150,66,8,397,28,0,28,425
05/31/2007,BDL,CT,ANE,EN,Towers with Radar,186,143,41,8,378,0,2,22,9,33,186,145,63,17,411,9,6,15,426
06/01/2007,BDL,CT,ANE,EN,Towers with Radar,186,142,37,2,367,0,0,19,2,21,186,142,56,4,388,34,0,34,422
06/02/2007,BDL,CT,ANE,EN,Towers with Radar,143,80,22,7,252,0,0,7,5,12,143,80,29,12,264,2,2,4,268
06/03/2007,BDL,CT,ANE,EN,Towers with Radar,149,92,36,4,281,0,2,6,5,13,149,94,42,9,294,8,4,12,306
06/04/2007,BDL,CT,ANE,EN,Towers with Radar,166,133,40,3,342,0,0,1,0,1,166,133,41,3,343,8,4,12,355
06/05/2007,BDL,CT,ANE,EN,Towers with Radar,178,141,33,8,360,0,0,15,1,16,178,141,48,9,376,13,0,13,389
06/06/2007,BDL,CT,ANE,EN,Towers with Radar,175,147,44,12,378,0,2,28,13,43,175,149,72,25,421,32,13,45,466
06/07/2007,BDL,CT,ANE,EN,Towers with Radar,181,143,43,10,377,0,3,33,11,47,181,146,76,21,424,57,18,75,499
06/08/2007,BDL,CT,ANE,EN,Towers with Radar,151,132,41,7,331,0,2,26,4,32,151,134,67,11,363,38,2,40,403
06/09/2007,BDL,CT,ANE,EN,Towers with Radar,156,101,29,6,292,0,0,2,0,2,156,101,31,6,294,9,2,11,305
06/10/2007,BDL,CT,ANE,EN,Towers with Radar,155,101,41,5,302,0,0,18,4,22,155,101,59,9,324,38,2,40,364
06/11/2007,BDL,CT,ANE,EN,Towers with Radar,165,122,39,1,327,0,0,37,1,38,165,122,76,2,365,36,8,44,409
06/12/2007,BDL,CT,ANE,EN,Towers with Radar,174,155,63,11,403,0,7,34,6,47,174,162,97,17,450,55,14,69,519
06/13/2007,BDL,CT,ANE,EN,Towers with Radar,171,147,56,17,391,0,0,15,8,23,171,147,71,25,414,31,10,41,455
06/14/2007,BDL,CT,ANE,EN,Towers with Radar,183,151,63,10,407,0,2,21,6,29,183,153,84,16,436,31,5,36,472
06/15/2007,BDL,CT,ANE,EN,Towers with Radar,174,145,46,5,370,0,0,23,6,29,174,145,69,11,399,54,8,62,461
06/16/2007,BDL,CT,ANE,EN,Towers with Radar,154,76,19,0,249,0,0,18,0,18,154,76,37,0,267,20,0,20,287
06/17/2007,BDL,CT,ANE,EN,Towers with Radar,159,87,30,0,276,0,1,16,0,17,159,88,46,0,293,20,0,20,313
06/18/2007,BDL,CT,ANE,EN,Towers with Radar,159,119,33,2,313,0,1,35,0,36,159,120,68,2,349,33,0,33,382
06/19/2007,BDL,CT,ANE,EN,Towers with Radar,171,132,38,10,351,0,4,40,6,50,171,136,78,16,401,62,0,62,463
06/20/2007,BDL,CT,ANE,EN,Towers with Radar,194,154,38,8,394,0,0,19,8,27,194,154,57,16,421,19,0,19,440
06/21/2007,BDL,CT,ANE,EN,Towers with Radar,182,140,37,9,368,0,5,31,14,50,182,145,68,23,418,27,0,27,445
06/22/2007,BDL,CT,ANE,EN,Towers with Radar,178,149,41,12,380,0,3,34,9,46,178,152,75,21,426,23,8,31,457
06/23/2007,BDL,CT,ANE,EN,Towers with Radar,144,80,19,9,252,0,2,21,3,26,144,82,40,12,278,18,4,22,300
06/24/2007,BDL,CT,ANE,EN,Towers with Radar,153,104,35,4,296,0,0,24,0,24,153,104,59,4,320,23,10,33,353
06/25/2007,BDL,CT,ANE,EN,Towers with Radar,155,123,42,1,321,0,1,20,0,21,155,124,62,1,342,34,0,34,376
06/26/2007,BDL,CT,ANE,EN,Towers with Radar,177,144,41,6,368,0,1,16,3,20,177,145,57,9,388,20,0,20,408
06/27/2007,BDL,CT,ANE,EN,Towers with Radar,176,137,35,14,362,0,1,8,8,17,176,138,43,22,379,18,0,18,397
06/28/2007,BDL,CT,ANE,EN,Towers with Radar,174,128,61,8,371,0,3,7,13,23,174,131,68,21,394,41,5,46,440
06/29/2007,BDL,CT,ANE,EN,Towers with Radar,180,144,58,4,386,0,1,27,10,38,180,145,85,14,424,31,6,37,461
06/30/2007,BDL,CT,ANE,EN,Towers with Radar,146,90,21,3,260,0,0,14,1,15,146,90,35,4,275,34,0,34,309
07/01/2007,BDL,CT,ANE,EN,Towers with Radar,155,89,15,4,263,0,0,19,1,20,155,89,34,5,283,32,4,36,319
07/02/2007,BDL,CT,ANE,EN,Towers with Radar,171,111,37,5,324,0,1,35,0,36,171,112,72,5,360,53,0,53,413
07/03/2007,BDL,CT,ANE,EN,Towers with Radar,169,119,27,7,322,0,5,17,5,27,169,124,44,12,349,16,0,16,365
07/04/2007,BDL,CT,ANE,EN,Towers with Radar,120,89,8,0,217,0,3,7,0,10,120,92,15,0,227,15,1,16,243
07/05/2007,BDL,CT,ANE,EN,Towers with Radar,166,106,32,6,310,0,0,6,5,11,166,106,38,11,321,0,0,0,321
07/06/2007,BDL,CT,ANE,EN,Towers with Radar,178,118,27,3,326,0,0,10,3,13,178,118,37,6,339,14,0,14,353
07/07/2007,BDL,CT,ANE,EN,Towers with Radar,151,85,20,0,256,0,0,10,2,12,151,85,30,2,268,33,0,33,301
07/08/2007,BDL,CT,ANE,EN,Towers with Radar,156,82,27,0,265,0,2,20,0,22,156,84,47,0,287,34,0,34,321
07/09/2007,BDL,CT,ANE,EN,Towers with Radar,173,119,43,0,335,0,1,18,9,28,173,120,61,9,363,26,0,26,389
07/10/2007,BDL,CT,ANE,EN,Towers with Radar,184,144,44,7,379,0,0,20,9,29,184,144,64,16,408,29,6,35,443
07/11/2007,BDL,CT,ANE,EN,Towers with Radar,183,127,58,5,373,0,0,11,2,13,183,127,69,7,386,10,0,10,396
07/12/2007,BDL,CT,ANE,EN,Towers with Radar,186,147,30,6,369,0,2,31,5,38,186,149,61,11,407,30,0,30,437
07/13/2007,BDL,CT,ANE,EN,Towers with Radar,181,129,43,16,369,0,7,31,3,41,181,136,74,19,410,14,8,22,432
07/14/2007,BDL,CT,ANE,EN,Towers with Radar,151,74,15,3,243,0,0,15,0,15,151,74,30,3,258,55,2,57,315
07/15/2007,BDL,CT,ANE,EN,Towers with Radar,154,82,29,7,272,0,0,7,7,14,154,82,36,14,286,13,0,13,299
07/16/2007,BDL,CT,ANE,EN,Towers with Radar,169,123,40,1,333,0,0,22,3,25,169,123,62,4,358,14,0,14,372
07/17/2007,BDL,CT,ANE,EN,Towers with Radar,185,144,66,7,402,0,3,23,5,31,185,147,89,12,433,0,0,0,433
07/18/2007,BDL,CT,ANE,EN,Towers with Radar,187,153,45,10,395,0,0,1,0,1,187,153,46,10,396,2,0,2,398
07/19/2007,BDL,CT,ANE,EN,Towers with Radar,196,176,61,3,436,0,0,11,1,12,196,176,72,4,448,16,0,16,464
07/20/2007,BDL,CT,ANE,EN,Towers with Radar,184,142,33,9,368,0,2,15,6,23,184,144,48,15,391,21,11,32,423
07/21/2007,BDL,CT,ANE,EN,Towers with Radar,152,79,18,0,249,0,0,11,3,14,152,79,29,3,263,31,0,31,294
07/22/2007,BDL,CT,ANE,EN,Towers with Radar,156,87,17,0,260,0,0,10,3,13,156,87,27,3,273,47,2,49,322
07/23/2007,BDL,CT,ANE,EN,Towers with Radar,167,130,48,7,352,0,0,7,0,7,167,130,55,7,359,31,4,35,394
07/24/2007,BDL,CT,ANE,EN,Towers with Radar,181,152,54,12,399,0,1,29,6,36,181,153,83,18,435,42,0,42,477
07/25/2007,BDL,CT,ANE,EN,Towers with Radar,183,148,37,16,384,0,3,42,5,50,183,151,79,21,434,50,11,61,495
07/26/2007,BDL,CT,ANE,EN,Towers with Radar,174,143,47,6,370,0,2,33,8,43,174,145,80,14,413,56,10,66,479
07/27/2007,BDL,CT,ANE,EN,Towers with Radar,175,132,37,7,351,0,0,29,13,42,175,132,66,20,393,26,5,31,424
07/28/2007,BDL,CT,ANE,EN,Towers with Radar,153,76,16,0,245,0,0,3,0,3,153,76,19,0,248,10,0,10,258
07/29/2007,BDL,CT,ANE,EN,Towers with Radar,152,82,32,1,267,0,0,11,0,11,152,82,43,1,278,20,0,20,298
07/30/2007,BDL,CT,ANE,EN,Towers with Radar,172,127,48,3,350,0,0,17,3,20,172,127,65,6,370,51,0,51,421
07/31/2007,BDL,CT,ANE,EN,Towers with Radar,187,154,47,10,398,0,4,32,9,45,187,158,79,19,443,46,10,56,499
08/01/2007,BDL,CT,ANE,EN,Towers with Radar,183,144,36,4,367,0,5,20,15,40,183,149,56,19,407,47,17,64,471
08/02/2007,BDL,CT,ANE,EN,Towers with Radar,189,141,35,5,370,0,1,28,11,40,189,142,63,16,410,34,2,36,446
08/03/2007,BDL,CT,ANE,EN,Towers with Radar,177,138,43,8,366,0,1,16,7,24,177,139,59,15,390,23,4,27,417
08/04/2007,BDL,CT,ANE,EN,Towers with Radar,149,76,21,8,254,0,0,11,5,16,149,76,32,13,270,51,6,57,327
08/05/2007,BDL,CT,ANE,EN,Towers with Radar,161,89,21,3,274,0,2,11,0,13,161,91,32,3,287,28,0,28,315
08/06/2007,BDL,CT,ANE,EN,Towers with Radar,168,117,38,0,323,0,0,8,0,8,168,117,46,0,331,15,0,15,346
08/07/2007,BDL,CT,ANE,EN,Towers with Radar,194,153,21,9,377,0,1,16,3,20,194,154,37,12,397,0,0,0,397
08/08/2007,BDL,CT,ANE,EN,Towers with Radar,181,145,40,12,378,0,3,15,2,20,181,148,55,14,398,32,2,34,432
08/09/2007,BDL,CT,ANE,EN,Towers with Radar,172,144,31,9,356,0,3,36,8,47,172,147,67,17,403,40,4,44,447
08/10/2007,BDL,CT,ANE,EN,Towers with Radar,186,138,41,16,381,0,1,5,2,8,186,139,46,18,389,25,0,25,414
08/11/2007,BDL,CT,ANE,EN,Towers with Radar,153,77,15,3,248,0,8,12,4,24,153,85,27,7,272,38,0,38,310
08/12/2007,BDL,CT,ANE,EN,Towers with Radar,159,81,17,7,264,0,0,18,6,24,159,81,35,13,288,45,0,45,333
08/13/2007,BDL,CT,ANE,EN,Towers with Radar,178,125,24,2,329,0,1,21,1,23,178,126,45,3,352,32,0,32,384
08/14/2007,BDL,CT,ANE,EN,Towers with Radar,185,135,42,6,368,0,3,36,13,52,185,138,78,19,420,32,5,37,457
08/15/2007,BDL,CT,ANE,EN,Towers with Radar,183,149,54,13,399,0,1,21,14,36,183,150,75,27,435,29,9,38,473
08/16/2007,BDL,CT,ANE,EN,Towers with Radar,183,141,37,10,371,0,1,17,10,28,183,142,54,20,399,37,8,45,444
08/17/2007,BDL,CT,ANE,EN,Towers with Radar,180,133,28,6,347,0,1,11,5,17,180,134,39,11,364,22,16,38,402
08/18/2007,BDL,CT,ANE,EN,Towers with Radar,158,81,18,0,257,0,0,7,2,9,158,81,25,2,266,14,0,14,280
08/19/2007,BDL,CT,ANE,EN,Towers with Radar,157,82,26,0,265,0,0,14,4,18,157,82,40,4,283,48,3,51,334
08/20/2007,BDL,CT,ANE,EN,Towers with Radar,168,125,38,0,331,0,0,19,9,28,168,125,57,9,359,19,1,20,379
08/21/2007,BDL,CT,ANE,EN,Towers with Radar,175,143,39,16,373,0,0,6,3,9,175,143,45,19,382,33,20,53,435
08/22/2007,BDL,CT,ANE,EN,Towers with Radar,184,142,39,8,373,0,0,16,7,23,184,142,55,15,396,43,11,54,450
08/23/2007,BDL,CT,ANE,EN,Towers with Radar,175,134,58,11,378,0,0,15,3,18,175,134,73,14,396,6,17,23,419
08/24/2007,BDL,CT,ANE,EN,Towers with Radar,180,124,42,5,351,0,0,10,3,13,180,124,52,8,364,10,3,13,377
08/25/2007,BDL,CT,ANE,EN,Towers with Radar,159,77,29,5,270,0,0,2,0,2,159,77,31,5,272,17,4,21,293
08/26/2007,BDL,CT,ANE,EN,Towers with Radar,170,82,32,2,286,0,0,11,0,11,170,82,43,2,297,17,0,17,314
08/27/2007,BDL,CT,ANE,EN,Towers with Radar,170,118,29,2,319,0,0,22,2,24,170,118,51,4,343,50,8,58,401
08/28/2007,BDL,CT,ANE,EN,Towers with Radar,176,145,45,10,376,0,3,39,8,50,176,148,84,18,426,53,0,53,479
08/29/2007,BDL,CT,ANE,EN,Towers with Radar,182,142,49,12,385,0,4,23,10,37,182,146,72,22,422,80,12,92,514
08/30/2007,BDL,CT,ANE,EN,Towers with Radar,183,155,50,12,400,0,3,22,9,34,183,158,72,21,434,46,6,52,486
08/31/2007,BDL,CT,ANE,EN,Towers with Radar,185,144,37,2,368,0,0,13,0,13,185,144,50,2,381,37,0,37,418
09/01/2007,BDL,CT,ANE,EN,Towers with Radar,133,78,20,2,233,0,0,13,0,13,133,78,33,2,246,19,0,19,265
09/02/2007,BDL,CT,ANE,EN,Towers with Radar,126,70,7,0,203,0,0,7,0,7,126,70,14,0,210,21,0,21,231
09/03/2007,BDL,CT,ANE,EN,Towers with Radar,148,95,23,0,266,0,0,9,0,9,148,95,32,0,275,34,0,34,309
09/04/2007,BDL,CT,ANE,EN,Towers with Radar,165,136,41,7,349,0,1,34,5,40,165,137,75,12,389,33,10,43,432
09/05/2007,BDL,CT,ANE,EN,Towers with Radar,180,146,39,11,376,0,4,20,15,39,180,150,59,26,415,34,13,47,462
09/06/2007,BDL,CT,ANE,EN,Towers with Radar,186,158,50,10,404,0,0,28,9,37,186,158,78,19,441,40,11,51,492
09/07/2007,BDL,CT,ANE,EN,Towers with Radar,179,145,29,8,361,0,1,23,2,26,179,146,52,10,387,36,4,40,427
09/08/2007,BDL,CT,ANE,EN,Towers with Radar,134,90,25,7,256,0,0,14,6,20,134,90,39,13,276,14,2,16,292
09/09/2007,BDL,CT,ANE,EN,Towers with Radar,159,88,38,5,290,0,0,12,0,12,159,88,50,5,302,31,3,34,336
09/10/2007,BDL,CT,ANE,EN,Towers with Radar,169,130,45,2,346,0,0,3,0,3,169,130,48,2,349,14,0,14,363
09/11/2007,BDL,CT,ANE,EN,Towers with Radar,178,142,59,3,382,0,0,1,0,1,178,142,60,3,383,5,12,17,400
09/12/2007,BDL,CT,ANE,EN,Towers with Radar,176,142,57,11,386,0,5,18,13,36,176,147,75,24,422,53,24,77,499
09/13/2007,BDL,CT,ANE,EN,Towers with Radar,186,144,53,16,399,0,4,28,11,43,186,148,81,27,442,83,4,87,529
09/14/2007,BDL,CT,ANE,EN,Towers with Radar,176,133,28,10,347,0,7,14,8,29,176,140,42,18,376,37,0,37,413
09/15/2007,BDL,CT,ANE,EN,Towers with Radar,143,90,33,3,269,0,0,8,11,19,143,90,41,14,288,32,0,32,320
09/16/2007,BDL,CT,ANE,EN,Towers with Radar,166,80,24,3,273,0,0,24,2,26,166,80,48,5,299,51,12,63,362
09/17/2007,BDL,CT,ANE,EN,Towers with Radar,169,136,46,0,351,0,0,29,1,30,169,136,75,1,381,0,0,0,381
09/18/2007,BDL,CT,ANE,EN,Towers with Radar,169,155,50,10,384,0,1,29,8,38,169,156,79,18,422,0,0,0,422
09/19/2007,BDL,CT,ANE,EN,Towers with Radar,181,140,59,7,387,0,1,18,17,36,181,141,77,24,423,18,5,23,446
09/20/2007,BDL,CT,ANE,EN,Towers with Radar,185,156,49,11,401,0,3,22,10,35,185,159,71,21,436,48,7,55,491
09/21/2007,BDL,CT,ANE,EN,Towers with Radar,194,148,41,6,389,0,2,20,2,24,194,150,61,8,413,50,6,56,469
09/22/2007,BDL,CT,ANE,EN,Towers with Radar,136,81,30,2,249,0,0,6,1,7,136,81,36,3,256,16,0,16,272
09/23/2007,BDL,CT,ANE,EN,Towers with Radar,164,83,30,0,277,0,1,24,0,25,164,84,54,0,302,65,0,65,367
09/24/2007,BDL,CT,ANE,EN,Towers with Radar,169,128,45,3,345,0,0,18,0,18,169,128,63,3,363,45,0,45,408
09/25/2007,BDL,CT,ANE,EN,Towers with Radar,167,150,59,6,382,0,1,32,6,39,167,151,91,12,421,47,7,54,475
09/26/2007,BDL,CT,ANE,EN,Towers with Radar,181,140,41,7,369,0,1,11,10,22,181,141,52,17,391,46,10,56,447
09/27/2007,BDL,CT,ANE,EN,Towers with Radar,180,154,54,12,400,0,0,12,7,19,180,154,66,19,419,10,0,10,429
09/28/2007,BDL,CT,ANE,EN,Towers with Radar,188,148,47,13,396,0,1,11,4,16,188,149,58,17,412,13,2,15,427
09/29/2007,BDL,CT,ANE,EN,Towers with Radar,135,89,10,0,234,0,0,24,0,24,135,89,34,0,258,31,0,31,289
09/30/2007,BDL,CT,ANE,EN,Towers with Radar,162,87,30,0,279,0,0,9,1,10,162,87,39,1,289,52,0,52,341
10/01/2007,BDL,CT,ANE,EN,Towers with Radar,170,128,35,1,334,0,0,14,0,14,170,128,49,1,348,50,0,50,421
10/02/2007,BDL,CT,ANE,EN,Towers with Radar,173,154,53,5,385,0,0,27,6,33,174,157,80,11,422,44,0,44,495
10/03/2007,BDL,CT,ANE,EN,Towers with Radar,179,153,85,10,427,0,2,6,6,14,179,155,91,16,441,11,1,12,465
10/04/2007,BDL,CT,ANE,EN,Towers with Radar,186,166,76,16,444,0,0,32,11,43,186,168,108,27,489,26,8,34,541
10/05/2007,BDL,CT,ANE,EN,Towers with Radar,177,155,106,1,439,0,0,72,0,72,177,155,178,1,511,22,0,22,553
10/06/2007,BDL,CT,ANE,EN,Towers with Radar,137,87,57,0,281,0,3,27,0,30,137,91,84,0,312,22,0,22,349
10/07/2007,BDL,CT,ANE,EN,Towers with Radar,151,83,37,2,273,0,0,10,0,10,151,85,47,2,285,59,0,59,384
10/08/2007,BDL,CT,ANE,EN,Towers with Radar,169,113,33,1,316,0,1,7,0,8,169,115,40,1,325,31,0,31,368
10/09/2007,BDL,CT,ANE,EN,Towers with Radar,177,137,46,7,367,0,1,12,7,20,177,140,58,14,389,25,0,25,434
10/10/2007,BDL,CT,ANE,EN,Towers with Radar,181,144,55,13,393,0,0,0,0,0,181,144,55,13,393,8,2,10,409
10/11/2007,BDL,CT,ANE,EN,Towers with Radar,182,149,55,16,402,0,0,2,0,2,182,153,57,16,408,11,2,13,429
10/12/2007,BDL,CT,ANE,EN,Towers with Radar,190,144,34,11,379,0,0,4,3,7,190,144,38,14,386,6,3,9,399
10/13/2007,BDL,CT,ANE,EN,Towers with Radar,136,81,21,11,249,0,0,15,3,18,136,82,36,14,268,56,5,61,357
10/14/2007,BDL,CT,ANE,EN,Towers with Radar,155,84,20,5,264,0,0,8,10,18,155,84,28,15,282,25,0,25,307
10/15/2007,BDL,CT,ANE,EN,Towers with Radar,165,126,30,0,321,0,0,18,4,22,165,126,48,4,343,34,0,34,377
10/16/2007,BDL,CT,ANE,EN,Towers with Radar,176,137,39,8,360,0,2,21,6,29,176,139,60,14,389,54,0,54,443
10/17/2007,BDL,CT,ANE,EN,Towers with Radar,178,143,54,4,379,0,1,14,7,22,178,144,68,11,401,43,8,51,452
10/18/2007,BDL,CT,ANE,EN,Towers with Radar,190,148,52,10,400,0,1,9,3,13,190,149,61,13,413,38,0,38,451
10/19/2007,BDL,CT,ANE,EN,Towers with Radar,178,142,49,4,373,0,0,0,0,0,178,142,49,4,373,8,10,18,391
10/20/2007,BDL,CT,ANE,EN,Towers with Radar,136,88,23,1,248,0,1,15,0,16,136,89,38,1,264,49,0,49,328
10/21/2007,BDL,CT,ANE,EN,Towers with Radar,158,89,26,0,273,0,0,11,0,11,158,89,37,0,284,61,0,61,381
10/22/2007,BDL,CT,ANE,EN,Towers with Radar,167,133,30,4,334,0,0,20,0,20,167,134,50,4,355,35,0,35,420
10/23/2007,BDL,CT,ANE,EN,Towers with Radar,176,135,34,7,352,0,0,10,5,15,176,135,44,12,367,18,3,21,397
10/24/2007,BDL,CT,ANE,EN,Towers with Radar,179,138,42,15,374,0,1,3,5,9,179,141,45,20,385,15,6,21,417
10/25/2007,BDL,CT,ANE,EN,Towers with Radar,184,143,61,12,400,0,1,17,12,30,184,144,78,24,430,38,14,52,497
10/26/2007,BDL,CT,ANE,EN,Towers with Radar,181,146,55,8,390,0,1,16,9,26,182,148,71,17,418,48,3,51,484
10/27/2007,BDL,CT,ANE,EN,Towers with Radar,144,94,17,7,262,0,0,0,0,0,144,94,17,7,262,2,0,2,264
10/28/2007,BDL,CT,ANE,EN,Towers with Radar,150,96,28,1,275,0,0,5,0,5,150,96,33,1,280,14,2,16,315
10/29/2007,BDL,CT,ANE,EN,Towers with Radar,168,118,40,2,328,0,2,16,0,18,168,120,56,2,346,31,0,31,396
10/30/2007,BDL,CT,ANE,EN,Towers with Radar,181,152,51,7,391,0,3,31,8,42,182,156,82,15,435,54,8,62,519
10/31/2007,BDL,CT,ANE,EN,Towers with Radar,176,150,40,10,376,0,0,16,10,26,176,150,56,20,402,37,3,40,462
11/01/2007,BDL,CT,ANE,EN,Towers with Radar,182,137,45,8,372,0,1,19,10,30,182,138,64,18,402,54,11,65,489
11/02/2007,BDL,CT,ANE,EN,Towers with Radar,182,143,39,8,372,0,1,18,4,23,182,144,57,12,395,67,5,72,490
11/03/2007,BDL,CT,ANE,EN,Towers with Radar,139,84,13,8,244,0,0,2,2,4,140,85,15,10,250,6,4,10,262
11/04/2007,BDL,CT,ANE,EN,Towers with Radar,157,92,25,5,279,0,0,19,9,28,158,92,44,14,308,50,2,52,393
11/05/2007,BDL,CT,ANE,EN,Towers with Radar,165,132,46,2,345,0,1,12,3,16,165,136,58,5,364,57,0,57,442
11/06/2007,BDL,CT,ANE,EN,Towers with Radar,178,142,60,6,386,0,0,7,3,10,178,143,67,9,397,22,0,22,425
11/07/2007,BDL,CT,ANE,EN,Towers with Radar,183,140,48,7,378,0,0,14,9,23,183,141,62,16,402,41,2,43,465
11/08/2007,BDL,CT,ANE,EN,Towers with Radar,187,149,49,11,396,0,5,24,2,31,187,155,73,13,428,69,4,73,524
11/09/2007,BDL,CT,ANE,EN,Towers with Radar,184,147,42,9,382,0,3,31,3,37,184,150,73,12,419,34,14,48,480
11/10/2007,BDL,CT,ANE,EN,Towers with Radar,142,88,14,0,244,0,0,10,0,10,142,90,24,0,256,23,0,23,293
11/11/2007,BDL,CT,ANE,EN,Towers with Radar,155,94,27,0,276,0,0,33,0,33,155,94,60,0,309,38,0,38,365
11/12/2007,BDL,CT,ANE,EN,Towers with Radar,170,116,52,0,338,0,1,28,0,29,170,117,80,0,367,26,8,34,424
11/13/2007,BDL,CT,ANE,EN,Towers with Radar,176,144,44,8,372,0,1,14,8,23,176,145,58,16,395,54,3,57,465
11/14/2007,BDL,CT,ANE,EN,Towers with Radar,177,150,63,14,404,0,1,8,9,18,177,152,71,23,423,15,4,19,448
11/15/2007,BDL,CT,ANE,EN,Towers with Radar,186,150,44,9,389,0,0,8,0,8,186,151,52,9,398,18,10,28,430
11/16/2007,BDL,CT,ANE,EN,Towers with Radar,190,146,37,7,380,0,1,11,16,28,190,147,48,23,408,12,3,15,431
11/17/2007,BDL,CT,ANE,EN,Towers with Radar,138,84,24,4,250,0,0,16,13,29,138,84,40,17,279,18,10,28,331
11/18/2007,BDL,CT,ANE,EN,Towers with Radar,159,90,16,3,268,0,0,8,11,19,159,90,24,14,287,37,10,47,354
11/19/2007,BDL,CT,ANE,EN,Towers with Radar,166,109,31,4,310,0,0,16,0,16,166,109,47,4,326,45,6,51,398
11/20/2007,BDL,CT,ANE,EN,Towers with Radar,194,150,33,1,378,0,0,0,0,0,194,155,33,1,383,0,0,0,385
11/21/2007,BDL,CT,ANE,EN,Towers with Radar,195,142,38,6,381,0,0,3,0,3,196,143,41,6,386,34,4,38,426
11/22/2007,BDL,CT,ANE,EN,Towers with Radar,124,74,4,0,202,0,0,3,0,3,125,75,7,0,207,2,2,4,212
11/23/2007,BDL,CT,ANE,EN,Towers with Radar,146,84,11,1,242,0,2,13,2,17,146,86,24,3,259,18,0,18,292
11/24/2007,BDL,CT,ANE,EN,Towers with Radar,145,95,30,0,270,0,0,19,0,19,145,97,49,0,291,65,0,65,375
11/25/2007,BDL,CT,ANE,EN,Towers with Radar,168,93,49,0,310,0,1,13,0,14,168,94,62,0,324,49,0,49,399
11/26/2007,BDL,CT,ANE,EN,Towers with Radar,167,118,43,2,330,0,0,0,0,0,168,118,43,2,331,0,0,0,331
11/27/2007,BDL,CT,ANE,EN,Towers with Radar,189,150,36,9,384,0,2,12,3,17,189,153,48,12,402,22,4,26,441
11/28/2007,BDL,CT,ANE,EN,Towers with Radar,186,137,53,8,384,0,1,32,12,45,186,139,85,20,430,58,2,60,516
11/29/2007,BDL,CT,ANE,EN,Towers with Radar,187,148,47,9,391,0,2,21,11,34,187,151,68,20,426,9,12,21,455
11/30/2007,BDL,CT,ANE,EN,Towers with Radar,182,136,45,7,370,0,3,24,5,32,182,140,69,12,403,18,4,22,436
12/01/2007,BDL,CT,ANE,EN,Towers with Radar,134,79,10,10,233,0,0,2,3,5,134,79,12,13,238,12,0,12,257
12/02/2007,BDL,CT,ANE,EN,Towers with Radar,150,74,22,0,246,0,0,0,0,0,150,74,22,0,246,10,0,10,265
12/03/2007,BDL,CT,ANE,EN,Towers with Radar,160,123,29,1,313,0,0,2,0,2,160,123,31,1,315,4,0,4,320
12/04/2007,BDL,CT,ANE,EN,Towers with Radar,179,144,42,11,376,0,3,11,3,17,179,149,53,14,395,12,0,12,414
12/05/2007,BDL,CT,ANE,EN,Towers with Radar,178,136,35,8,357,0,1,16,10,27,178,137,51,18,384,18,12,30,430
12/06/2007,BDL,CT,ANE,EN,Towers with Radar,195,139,44,13,391,0,5,15,14,34,195,145,59,27,426,15,12,27,463
12/07/2007,BDL,CT,ANE,EN,Towers with Radar,179,137,31,7,354,0,4,6,8,18,179,142,37,15,373,30,3,33,414
12/08/2007,BDL,CT,ANE,EN,Towers with Radar,139,80,11,2,232,0,0,5,14,19,139,80,16,16,251,22,0,22,281
12/09/2007,BDL,CT,ANE,EN,Towers with Radar,147,78,20,0,245,0,0,11,0,11,147,78,31,0,256,6,10,16,282
12/10/2007,BDL,CT,ANE,EN,Towers with Radar,165,119,42,0,326,0,0,0,0,0,165,119,42,0,326,4,0,4,330
12/11/2007,BDL,CT,ANE,EN,Towers with Radar,174,137,70,12,393,0,0,16,5,21,174,137,86,17,414,35,8,43,474
12/12/2007,BDL,CT,ANE,EN,Towers with Radar,184,143,56,19,402,0,1,26,3,30,184,144,82,22,432,22,4,26,463
12/13/2007,BDL,CT,ANE,EN,Towers with Radar,125,92,28,2,247,0,1,4,4,9,125,93,32,6,256,7,0,7,264
12/14/2007,BDL,CT,ANE,EN,Towers with Radar,176,128,42,4,350,0,0,17,0,17,176,128,59,4,367,23,0,23,398
12/15/2007,BDL,CT,ANE,EN,Towers with Radar,129,83,37,1,250,0,0,12,2,14,129,84,49,3,265,56,0,56,340
12/16/2007,BDL,CT,ANE,EN,Towers with Radar,106,36,3,0,145,0,0,0,0,0,107,37,3,0,147,0,0,0,147
12/17/2007,BDL,CT,ANE,EN,Towers with Radar,171,124,34,2,331,0,0,17,0,17,171,124,51,2,348,10,0,10,359
12/18/2007,BDL,CT,ANE,EN,Towers with Radar,188,146,49,10,393,0,2,35,4,41,188,151,84,14,437,24,0,24,468
12/19/2007,BDL,CT,ANE,EN,Towers with Radar,199,130,59,1,389,0,6,24,1,31,199,136,83,2,420,28,8,36,461
12/20/2007,BDL,CT,ANE,EN,Towers with Radar,206,149,56,8,419,0,0,15,10,25,206,151,71,18,446,56,0,56,510
12/21/2007,BDL,CT,ANE,EN,Towers with Radar,186,125,40,0,351,0,1,6,0,7,186,126,46,0,358,16,0,16,379
12/22/2007,BDL,CT,ANE,EN,Towers with Radar,163,87,38,0,288,0,0,7,0,7,163,89,45,0,297,25,0,25,330
12/23/2007,BDL,CT,ANE,EN,Towers with Radar,153,63,18,0,234,0,0,0,0,0,153,63,18,0,234,1,2,3,238
12/24/2007,BDL,CT,ANE,EN,Towers with Radar,153,83,11,0,247,0,1,11,0,12,153,84,22,0,259,16,0,16,279
12/25/2007,BDL,CT,ANE,EN,Towers with Radar,129,68,4,0,201,0,2,4,0,6,129,73,8,0,210,15,0,15,229
12/26/2007,BDL,CT,ANE,EN,Towers with Radar,178,107,32,9,326,0,0,26,5,31,178,107,58,14,357,62,2,64,439
12/27/2007,BDL,CT,ANE,EN,Towers with Radar,190,108,18,5,321,0,0,0,0,0,190,108,18,5,321,13,7,20,342
12/28/2007,BDL,CT,ANE,EN,Towers with Radar,180,107,25,7,319,0,3,13,0,16,180,110,38,7,335,46,8,54,418
12/29/2007,BDL,CT,ANE,EN,Towers with Radar,164,78,18,0,260,0,0,7,0,7,164,78,25,0,267,6,0,6,274
12/30/2007,BDL,CT,ANE,EN,Towers with Radar,152,77,11,0,240,0,0,14,0,14,152,77,25,0,254,43,0,43,309
12/31/2007,BDL,CT,ANE,EN,Towers with Radar,140,80,10,0,230,0,0,9,0,9,140,80,19,0,239,15,0,15,259
01/01/2008,BDL,CT,ANE,EN,Towers with Radar,143,85,15,0,243,0,1,0,0,1,143,87,15,0,245,3,0,3,248
01/02/2008,BDL,CT,ANE,EN,Towers with Radar,174,114,21,12,321,0,1,5,7,13,174,117,26,19,336,28,2,30,370
01/03/2008,BDL,CT,ANE,EN,Towers with Radar,191,116,20,15,342,0,3,9,10,22,191,120,29,25,365,30,0,30,405
01/04/2008,BDL,CT,ANE,EN,Towers with Radar,184,115,32,5,336,0,2,15,2,19,184,118,47,7,356,26,0,26,391
01/05/2008,BDL,CT,ANE,EN,Towers with Radar,145,76,23,5,249,0,0,21,4,25,145,76,44,9,274,48,0,48,342
01/06/2008,BDL,CT,ANE,EN,Towers with Radar,146,86,23,3,258,0,0,16,0,16,146,88,39,3,276,20,0,20,305
01/07/2008,BDL,CT,ANE,EN,Towers with Radar,173,112,34,0,319,0,0,17,2,19,173,114,51,2,340,30,0,30,378
01/08/2008,BDL,CT,ANE,EN,Towers with Radar,179,122,27,10,338,0,1,33,4,38,179,123,60,14,376,45,0,45,442
01/09/2008,BDL,CT,ANE,EN,Towers with Radar,172,126,31,12,341,0,1,7,2,10,172,127,38,14,351,22,22,44,398
01/10/2008,BDL,CT,ANE,EN,Towers with Radar,178,136,49,18,381,0,1,36,5,42,178,137,85,23,423,51,21,72,505
01/11/2008,BDL,CT,ANE,EN,Towers with Radar,201,136,35,2,374,0,1,0,0,1,206,138,35,2,381,0,0,0,384
01/12/2008,BDL,CT,ANE,EN,Towers with Radar,144,76,28,2,250,0,1,29,16,46,144,78,57,18,297,46,0,46,375
01/13/2008,BDL,CT,ANE,EN,Towers with Radar,133,91,18,0,242,0,0,18,0,18,133,91,36,0,260,31,0,31,309
01/14/2008,BDL,CT,ANE,EN,Towers with Radar,138,107,21,6,272,0,0,0,0,0,139,107,21,6,273,0,0,0,274
01/15/2008,BDL,CT,ANE,EN,Towers with Radar,180,127,41,9,357,0,1,5,6,12,180,128,46,15,369,25,10,35,412
01/16/2008,BDL,CT,ANE,EN,Towers with Radar,171,130,39,8,348,0,6,27,9,42,171,137,66,17,391,22,0,22,430
01/17/2008,BDL,CT,ANE,EN,Towers with Radar,168,128,32,9,337,0,1,14,10,25,168,131,46,19,364,8,4,12,392
01/18/2008,BDL,CT,ANE,EN,Towers with Radar,179,135,37,2,353,0,1,6,0,7,179,136,43,2,360,6,0,6,369
01/19/2008,BDL,CT,ANE,EN,Towers with Radar,130,84,21,1,236,0,1,12,0,13,130,85,33,1,249,16,0,16,282
01/20/2008,BDL,CT,ANE,EN,Towers with Radar,143,86,10,0,239,0,0,4,0,4,143,86,14,0,243,10,0,10,256
01/21/2008,BDL,CT,ANE,EN,Towers with Radar,163,103,32,1,299,0,0,28,0,28,163,103,60,1,327,20,0,20,356
01/22/2008,BDL,CT,ANE,EN,Towers with Radar,184,116,39,8,347,0,1,8,2,11,184,117,47,10,358,4,0,4,367
01/23/2008,BDL,CT,ANE,EN,Towers with Radar,175,142,41,12,370,0,5,44,3,52,175,150,85,15,425,43,0,43,488
01/24/2008,BDL,CT,ANE,EN,Towers with Radar,181,128,42,9,360,0,1,12,6,19,181,130,54,15,380,7,0,7,397
01/25/2008,BDL,CT,ANE,EN,Towers with Radar,178,130,49,11,368,0,3,23,0,26,178,135,72,11,396,16,0,16,427
01/26/2008,BDL,CT,ANE,EN,Towers with Radar,135,86,32,0,253,0,0,19,0,19,135,87,51,0,273,8,0,8,298
01/27/2008,BDL,CT,ANE,EN,Towers with Radar,138,82,22,0,242,0,0,5,0,5,139,85,27,0,251,0,0,0,262
01/28/2008,BDL,CT,ANE,EN,Towers with Radar,173,117,40,7,337,0,0,15,0,15,173,117,55,7,352,32,0,32,405
01/29/2008,BDL,CT,ANE,EN,Towers with Radar,176,123,46,7,352,0,4,17,4,25,176,127,63,11,377,10,0,10,400
01/30/2008,BDL,CT,ANE,EN,Towers with Radar,178,135,43,4,360,0,2,7,2,11,178,137,50,6,371,0,0,0,373
01/31/2008,BDL,CT,ANE,EN,Towers with Radar,178,130,58,6,372,0,3,18,15,36,178,133,76,21,408,4,0,4,437
02/01/2008,BDL,CT,ANE,EN,Towers with Radar,180,97,38,0,315,0,1,0,0,1,180,98,38,0,316,2,0,2,319
02/02/2008,BDL,CT,ANE,EN,Towers with Radar,137,74,23,4,238,0,0,10,2,12,137,74,33,6,250,17,0,17,278
02/03/2008,BDL,CT,ANE,EN,Towers with Radar,134,80,24,0,238,0,1,16,0,17,134,81,40,0,255,8,0,8,284
02/04/2008,BDL,CT,ANE,EN,Towers with Radar,171,117,58,2,348,0,0,10,0,10,171,117,68,2,358,15,0,15,383
02/05/2008,BDL,CT,ANE,EN,Towers with Radar,169,120,43,7,339,0,0,0,0,0,169,121,43,7,340,0,0,0,340
02/06/2008,BDL,CT,ANE,EN,Towers with Radar,168,114,35,2,319,0,0,0,0,0,170,119,35,2,326,0,0,0,329
02/07/2008,BDL,CT,ANE,EN,Towers with Radar,179,139,28,5,351,0,0,0,0,0,179,139,28,5,351,10,0,10,361
02/08/2008,BDL,CT,ANE,EN,Towers with Radar,180,135,38,7,360,0,2,6,5,13,181,138,44,12,375,0,0,0,387
02/09/2008,BDL,CT,ANE,EN,Towers with Radar,138,74,24,1,237,0,0,3,4,7,138,74,27,5,244,9,0,9,263
02/10/2008,BDL,CT,ANE,EN,Towers with Radar,140,77,16,0,233,0,0,0,0,0,141,77,16,0,234,2,0,2,236
02/11/2008,BDL,CT,ANE,EN,Towers with Radar,162,103,40,5,310,0,2,13,1,16,163,105,53,6,327,6,0,6,340
02/12/2008,BDL,CT,ANE,EN,Towers with Radar,169,109,42,12,332,0,3,14,11,28,169,114,56,23,362,15,0,15,384
02/13/2008,BDL,CT,ANE,EN,Towers with Radar,164,107,45,4,320,0,0,0,0,0,164,108,45,4,321,0,0,0,323
02/14/2008,BDL,CT,ANE,EN,Towers with Radar,178,135,36,13,362,0,2,20,3,25,179,137,56,16,388,18,0,18,426
02/15/2008,BDL,CT,ANE,EN,Towers with Radar,185,117,42,2,346,0,5,19,2,26,185,122,61,4,372,16,0,16,397
02/16/2008,BDL,CT,ANE,EN,Towers with Radar,144,72,18,0,234,0,0,19,0,19,144,72,37,0,253,17,0,17,293
02/17/2008,BDL,CT,ANE,EN,Towers with Radar,144,77,24,1,246,0,0,10,1,11,144,77,34,2,257,6,0,6,276
02/18/2008,BDL,CT,ANE,EN,Towers with Radar,175,99,28,1,303,0,0,2,0,2,175,99,30,1,305,0,0,0,305
02/19/2008,BDL,CT,ANE,EN,Towers with Radar,186,123,31,10,350,0,0,17,5,22,187,125,48,15,375,22,0,22,410
02/20/2008,BDL,CT,ANE,EN,Towers with Radar,180,140,35,13,368,0,0,22,7,29,180,140,57,20,397,19,6,25,434
02/21/2008,BDL,CT,ANE,EN,Towers with Radar,174,131,42,13,360,0,1,26,11,38,174,132,68,24,398,20,10,30,447
02/22/2008,BDL,CT,ANE,EN,Towers with Radar,166,94,19,1,280,0,0,0,0,0,166,94,19,1,280,3,0,3,283
02/23/2008,BDL,CT,ANE,EN,Towers with Radar,143,91,18,2,254,0,0,4,1,5,144,92,22,3,261,7,2,9,278
02/24/2008,BDL,CT,ANE,EN,Towers with Radar,153,91,29,0,273,0,0,19,0,19,153,92,48,0,293,0,12,12,340
02/25/2008,BDL,CT,ANE,EN,Towers with Radar,160,119,37,7,323,0,2,10,0,12,160,123,47,7,337,10,0,10,363
02/26/2008,BDL,CT,ANE,EN,Towers with Radar,178,127,31,4,340,0,0,2,2,4,178,128,33,6,345,0,0,0,349
02/27/2008,BDL,CT,ANE,EN,Towers with Radar,182,142,40,8,372,0,0,14,5,19,182,144,54,13,393,10,0,10,408
02/28/2008,BDL,CT,ANE,EN,Towers with Radar,182,146,41,10,379,0,4,27,9,40,183,150,68,19,420,38,0,38,485
02/29/2008,BDL,CT,ANE,EN,Towers with Radar,179,121,32,2,334,0,1,26,3,30,179,122,58,5,364,24,0,24,394
03/01/2008,BDL,CT,ANE,EN,Towers with Radar,138,75,18,3,234,0,0,1,0,1,138,75,19,3,235,4,6,10,246
03/02/2008,BDL,CT,ANE,EN,Towers with Radar,147,78,31,0,256,0,0,15,0,15,147,79,46,0,272,24,0,24,324
03/03/2008,BDL,CT,ANE,EN,Towers with Radar,164,112,40,2,318,0,2,21,2,25,164,114,61,4,343,2,8,10,367
03/04/2008,BDL,CT,ANE,EN,Towers with Radar,174,118,48,10,350,0,1,3,1,5,175,121,51,11,358,11,0,11,371
03/05/2008,BDL,CT,ANE,EN,Towers with Radar,190,123,27,4,344,1,0,7,7,15,192,124,34,11,361,4,6,10,375
03/06/2008,BDL,CT,ANE,EN,Towers with Radar,177,130,41,5,353,0,4,34,11,49,177,134,75,16,402,19,0,19,445
03/07/2008,BDL,CT,ANE,EN,Towers with Radar,184,119,44,0,347,0,2,20,0,22,184,124,64,0,372,6,0,6,395
03/08/2008,BDL,CT,ANE,EN,Towers with Radar,152,63,13,0,228,0,0,0,0,0,153,63,13,0,229,0,0,0,232
03/09/2008,BDL,CT,ANE,EN,Towers with Radar,143,78,31,0,252,0,0,11,9,20,143,78,42,9,272,7,0,7,282
03/10/2008,BDL,CT,ANE,EN,Towers with Radar,166,116,50,2,334,0,3,16,2,21,166,120,66,4,356,14,0,14,383
03/11/2008,BDL,CT,ANE,EN,Towers with Radar,180,123,47,10,360,0,2,28,5,35,180,127,75,15,397,34,0,34,445
03/12/2008,BDL,CT,ANE,EN,Towers with Radar,176,121,30,7,334,0,2,6,7,15,176,123,36,14,349,2,6,8,358
03/13/2008,BDL,CT,ANE,EN,Towers with Radar,181,131,61,7,380,0,3,22,11,36,181,137,83,18,419,25,4,29,461
03/14/2008,BDL,CT,ANE,EN,Towers with Radar,181,132,36,7,356,0,1,13,5,19,181,135,49,12,377,14,0,14,402
03/15/2008,BDL,CT,ANE,EN,Towers with Radar,142,69,23,0,234,0,0,2,0,2,143,69,25,0,237,10,0,10,255
03/16/2008,BDL,CT,ANE,EN,Towers with Radar,146,79,29,2,256,0,0,0,0,0,146,81,29,2,258,2,0,2,265
03/17/2008,BDL,CT,ANE,EN,Towers with Radar,165,117,30,3,315,0,1,27,1,29,166,118,57,4,345,13,6,19,375
03/18/2008,BDL,CT,ANE,EN,Towers with Radar,171,132,47,3,353,0,2,20,8,30,171,135,67,11,384,25,0,25,424
03/19/2008,BDL,CT,ANE,EN,Towers with Radar,185,136,33,4,358,0,0,0,0,0,185,137,33,4,359,0,0,0,360
03/20/2008,BDL,CT,ANE,EN,Towers with Radar,183,136,58,5,382,0,2,7,4,13,183,138,65,9,395,6,0,6,409
03/21/2008,BDL,CT,ANE,EN,Towers with Radar,182,115,17,5,319,0,1,4,3,8,182,116,21,8,327,4,0,4,334
03/22/2008,BDL,CT,ANE,EN,Towers with Radar,143,68,32,0,243,0,0,10,0,10,143,68,42,0,253,9,0,9,275
03/23/2008,BDL,CT,ANE,EN,Towers with Radar,144,76,13,0,233,0,0,12,0,12,144,76,25,0,245,27,0,27,290
03/24/2008,BDL,CT,ANE,EN,Towers with Radar,169,120,43,5,337,0,2,27,1,30,169,122,70,6,367,30,0,30,417
03/25/2008,BDL,CT,ANE,EN,Towers with Radar,179,126,44,7,356,0,1,28,11,40,179,127,72,18,396,18,0,18,422
03/26/2008,BDL,CT,ANE,EN,Towers with Radar,182,135,38,15,370,0,1,21,10,32,182,136,59,25,402,22,0,22,435
03/27/2008,BDL,CT,ANE,EN,Towers with Radar,167,134,43,12,356,0,1,13,10,24,167,135,56,22,380,12,0,12,405
03/28/2008,BDL,CT,ANE,EN,Towers with Radar,182,134,31,4,351,0,0,0,0,0,182,134,31,4,351,6,0,6,360
03/29/2008,BDL,CT,ANE,EN,Towers with Radar,145,74,26,0,245,0,0,6,0,6,146,75,32,0,253,16,0,16,281
03/30/2008,BDL,CT,ANE,EN,Towers with Radar,147,75,33,1,256,0,0,16,0,16,147,76,49,1,273,33,0,33,332
03/31/2008,BDL,CT,ANE,EN,Towers with Radar,161,111,28,3,303,0,0,8,0,8,163,111,36,3,313,0,0,0,318
04/01/2008,BDL,CT,ANE,EN,Towers with Radar,181,117,38,6,342,0,0,0,0,0,182,117,38,6,343,0,0,0,343
04/02/2008,BDL,CT,ANE,EN,Towers with Radar,185,146,36,7,374,0,0,7,7,14,185,147,43,14,389,8,0,8,404
04/03/2008,BDL,CT,ANE,EN,Towers with Radar,176,128,49,12,365,0,4,34,10,48,176,133,83,22,414,8,0,8,435
04/04/2008,BDL,CT,ANE,EN,Towers with Radar,184,122,45,3,354,0,0,0,0,0,185,123,45,3,356,0,0,0,358
04/05/2008,BDL,CT,ANE,EN,Towers with Radar,148,76,20,8,252,0,0,15,3,18,149,78,35,11,273,40,0,40,331
04/06/2008,BDL,CT,ANE,EN,Towers with Radar,152,77,25,4,258,0,0,1,0,1,152,77,26,4,259,2,0,2,270
04/07/2008,BDL,CT,ANE,EN,Towers with Radar,168,124,38,3,333,0,0,15,0,15,168,124,53,3,348,4,0,4,368
04/08/2008,BDL,CT,ANE,EN,Towers with Radar,173,131,45,10,359,0,2,24,6,32,173,135,69,16,393,13,6,19,445
04/09/2008,BDL,CT,ANE,EN,Towers with Radar,182,129,48,9,368,0,4,25,14,43,182,133,73,23,411,22,0,22,453
04/10/2008,BDL,CT,ANE,EN,Towers with Radar,179,129,43,12,363,0,0,23,6,29,179,131,66,18,394,9,0,9,411
04/11/2008,BDL,CT,ANE,EN,Towers with Radar,188,128,44,8,368,0,1,9,0,10,188,130,53,8,379,3,0,3,391
04/12/2008,BDL,CT,ANE,EN,Towers with Radar,157,81,24,0,262,0,2,4,6,12,157,84,28,6,275,4,0,4,286
04/13/2008,BDL,CT,ANE,EN,Towers with Radar,154,84,40,0,278,0,0,7,4,11,154,84,47,4,289,16,0,16,328
04/14/2008,BDL,CT,ANE,EN,Towers with Radar,167,113,40,1,321,0,1,24,2,27,167,115,64,3,349,10,0,10,370
04/15/2008,BDL,CT,ANE,EN,Towers with Radar,184,121,47,3,355,0,5,21,6,32,185,128,68,9,390,17,6,23,432
04/16/2008,BDL,CT,ANE,EN,Towers with Radar,184,117,52,3,356,0,3,27,8,38,184,122,79,11,396,45,0,45,465
04/17/2008,BDL,CT,ANE,EN,Towers with Radar,187,128,45,4,364,0,1,48,10,59,187,130,93,14,424,36,0,36,489
04/18/2008,BDL,CT,ANE,EN,Towers with Radar,181,122,30,5,338,0,2,31,5,38,181,124,61,10,376,17,9,26,423
04/19/2008,BDL,CT,ANE,EN,Towers with Radar,159,71,26,0,256,0,0,25,3,28,159,71,51,3,284,12,0,12,329
04/20/2008,BDL,CT,ANE,EN,Towers with Radar,156,80,31,0,267,0,0,15,2,17,156,82,46,2,286,0,0,0,306
04/21/2008,BDL,CT,ANE,EN,Towers with Radar,175,112,46,6,339,0,3,23,1,27,175,115,69,7,366,22,0,22,400
04/22/2008,BDL,CT,ANE,EN,Towers with Radar,186,116,45,8,355,0,3,25,10,38,186,119,70,18,393,16,0,16,424
04/23/2008,BDL,CT,ANE,EN,Towers with Radar,188,120,39,9,356,0,2,25,11,38,189,122,64,20,395,25,0,25,434
04/24/2008,BDL,CT,ANE,EN,Towers with Radar,187,119,45,7,358,0,2,21,7,30,187,121,66,14,388,18,3,21,423
04/25/2008,BDL,CT,ANE,EN,Towers with Radar,183,111,25,11,330,0,11,17,13,41,183,122,42,24,371,12,22,34,412
04/26/2008,BDL,CT,ANE,EN,Towers with Radar,159,75,25,0,259,0,2,14,0,16,159,77,39,0,275,13,0,13,307
04/27/2008,BDL,CT,ANE,EN,Towers with Radar,155,80,37,0,272,0,4,16,0,20,155,84,53,0,292,8,0,8,316
04/28/2008,BDL,CT,ANE,EN,Towers with Radar,178,118,51,3,350,0,0,0,0,0,178,119,51,3,351,0,0,0,354
04/29/2008,BDL,CT,ANE,EN,Towers with Radar,184,133,37,4,358,0,1,8,3,12,184,136,45,7,372,17,0,17,395
04/30/2008,BDL,CT,ANE,EN,Towers with Radar,180,129,55,4,368,0,2,35,19,56,180,131,90,23,424,35,1,36,479
05/01/2008,BDL,CT,ANE,EN,Towers with Radar,187,113,67,13,380,0,2,17,6,25,187,115,84,19,405,28,0,28,450
05/02/2008,BDL,CT,ANE,EN,Towers with Radar,175,119,53,6,353,0,0,0,0,0,175,120,53,6,354,4,0,4,362
05/03/2008,BDL,CT,ANE,EN,Towers with Radar,153,69,27,6,255,0,0,0,0,0,153,71,27,6,257,15,0,15,282
05/04/2008,BDL,CT,ANE,EN,Towers with Radar,159,72,16,0,247,0,0,0,0,0,159,75,16,0,250,4,0,4,259
05/05/2008,BDL,CT,ANE,EN,Towers with Radar,170,113,46,7,336,0,2,25,0,27,170,115,71,7,363,53,2,55,444
05/06/2008,BDL,CT,ANE,EN,Towers with Radar,184,121,46,9,360,0,4,38,5,47,184,125,84,14,407,22,0,22,444
05/07/2008,BDL,CT,ANE,EN,Towers with Radar,181,106,65,4,356,0,3,34,5,42,181,109,99,9,398,20,0,20,442
05/08/2008,BDL,CT,ANE,EN,Towers with Radar,189,122,46,9,366,0,1,12,7,20,189,123,58,16,386,8,0,8,403
05/09/2008,BDL,CT,ANE,EN,Towers with Radar,184,108,54,5,351,0,1,4,0,5,184,110,58,5,357,0,0,0,361
05/10/2008,BDL,CT,ANE,EN,Towers with Radar,148,84,21,1,254,0,2,10,0,12,148,86,31,1,266,17,0,17,306
05/11/2008,BDL,CT,ANE,EN,Towers with Radar,156,75,30,1,262,0,0,17,0,17,156,75,47,1,279,44,0,44,343
05/12/2008,BDL,CT,ANE,EN,Towers with Radar,166,105,35,1,307,0,2,12,0,14,166,107,47,1,321,14,0,14,340
05/13/2008,BDL,CT,ANE,EN,Towers with Radar,179,113,34,9,335,0,3,24,2,29,179,117,58,11,365,26,0,26,404
05/14/2008,BDL,CT,ANE,EN,Towers with Radar,181,107,43,7,338,0,2,18,11,31,181,109,61,18,369,20,0,20,412
05/15/2008,BDL,CT,ANE,EN,Towers with Radar,184,120,55,5,364,0,2,30,8,40,184,122,85,13,404,18,0,18,446
05/16/2008,BDL,CT,ANE,EN,Towers with Radar,176,120,46,4,346,0,1,6,4,11,176,123,52,8,359,1,0,1,363
05/17/2008,BDL,CT,ANE,EN,Towers with Radar,149,72,18,2,241,0,0,7,3,10,149,72,25,5,251,21,0,21,291
05/18/2008,BDL,CT,ANE,EN,Towers with Radar,160,88,38,2,288,0,0,9,2,11,160,89,47,4,300,24,2,26,347
05/19/2008,BDL,CT,ANE,EN,Towers with Radar,168,95,35,2,300,0,1,11,0,12,169,96,46,2,313,14,0,14,334
05/20/2008,BDL,CT,ANE,EN,Towers with Radar,173,113,49,6,341,0,2,25,1,28,173,115,74,7,369,6,0,6,382
05/21/2008,BDL,CT,ANE,EN,Towers with Radar,184,120,58,8,370,0,1,26,2,29,184,121,84,10,399,18,2,20,429
05/22/2008,BDL,CT,ANE,EN,Towers with Radar,178,130,54,7,369,0,4,24,7,35,178,135,78,14,405,14,0,14,443
05/23/2008,BDL,CT,ANE,EN,Towers with Radar,184,121,48,3,356,0,2,19,7,28,184,123,67,10,384,6,0,6,404
05/24/2008,BDL,CT,ANE,EN,Towers with Radar,145,67,13,0,225,0,0,12,0,12,145,67,25,0,237,33,0,33,295
05/25/2008,BDL,CT,ANE,EN,Towers with Radar,144,58,13,0,215,0,0,19,0,19,144,59,32,0,235,10,0,10,279
05/26/2008,BDL,CT,ANE,EN,Towers with Radar,153,81,25,2,261,0,0,9,20,29,154,82,34,22,292,20,0,20,319
05/27/2008,BDL,CT,ANE,EN,Towers with Radar,170,115,46,5,336,0,1,8,1,10,171,116,54,6,347,11,0,11,364
05/28/2008,BDL,CT,ANE,EN,Towers with Radar,190,117,38,6,351,0,6,25,9,40,190,125,63,15,393,14,4,18,437
05/29/2008,BDL,CT,ANE,EN,Towers with Radar,184,119,38,5,346,0,3,27,10,40,184,124,65,15,388,26,0,26,425
05/30/2008,BDL,CT,ANE,EN,Towers with Radar,184,116,32,5,337,0,2,27,5,34,184,120,59,10,373,22,0,22,415
05/31/2008,BDL,CT,ANE,EN,Towers with Radar,146,69,24,6,245,0,0,3,0,3,146,69,27,6,248,13,0,13,261
06/01/2008,BDL,CT,ANE,EN,Towers with Radar,160,77,15,1,253,0,0,14,0,14,160,77,29,1,267,2,0,2,284
06/02/2008,BDL,CT,ANE,EN,Towers with Radar,170,92,43,4,309,0,2,24,1,27,170,96,67,5,338,8,0,8,367
06/03/2008,BDL,CT,ANE,EN,Towers with Radar,181,108,37,4,330,0,1,32,6,39,181,109,69,10,369,20,0,20,407
06/04/2008,BDL,CT,ANE,EN,Towers with Radar,177,108,44,9,338,0,0,1,1,2,177,109,45,10,341,8,0,8,357
06/05/2008,BDL,CT,ANE,EN,Towers with Radar,190,127,48,9,374,0,0,10,7,17,190,130,58,16,394,33,0,33,453
06/06/2008,BDL,CT,ANE,EN,Towers with Radar,177,116,39,10,342,0,0,0,0,0,177,116,39,10,342,9,0,9,352
06/07/2008,BDL,CT,ANE,EN,Towers with Radar,148,75,14,2,239,0,0,5,3,8,148,75,19,5,247,14,0,14,282
06/08/2008,BDL,CT,ANE,EN,Towers with Radar,169,77,24,1,271,0,0,10,0,10,169,77,34,1,281,12,0,12,307
06/09/2008,BDL,CT,ANE,EN,Towers with Radar,166,111,32,5,314,0,1,19,3,23,166,113,51,8,338,20,0,20,377
06/10/2008,BDL,CT,ANE,EN,Towers with Radar,174,111,38,9,332,0,3,15,4,22,175,114,53,13,355,8,4,12,375
06/11/2008,BDL,CT,ANE,EN,Towers with Radar,194,113,50,10,367,0,2,31,9,42,194,115,81,19,409,12,0,12,441
06/12/2008,BDL,CT,ANE,EN,Towers with Radar,186,112,38,10,346,0,3,31,9,43,186,115,69,19,389,7,8,15,426
06/13/2008,BDL,CT,ANE,EN,Towers with Radar,187,104,31,5,327,0,3,29,2,34,188,108,60,7,363,2,0,2,386
06/14/2008,BDL,CT,ANE,EN,Towers with Radar,156,65,5,0,226,0,0,4,0,4,156,66,9,0,231,6,0,6,263
06/15/2008,BDL,CT,ANE,EN,Towers with Radar,165,73,40,2,280,0,0,2,1,3,165,74,42,3,284,7,0,7,304
06/16/2008,BDL,CT,ANE,EN,Towers with Radar,171,91,60,11,333,0,0,2,0,2,171,91,62,11,335,4,2,6,342
06/17/2008,BDL,CT,ANE,EN,Towers with Radar,188,120,40,5,353,0,1,20,3,24,188,121,60,8,377,36,0,36,430
06/18/2008,BDL,CT,ANE,EN,Towers with Radar,192,112,43,6,353,0,3,18,12,33,192,115,61,18,386,8,0,8,399
06/19/2008,BDL,CT,ANE,EN,Towers with Radar,191,110,42,8,351,0,2,28,9,39,192,113,70,17,392,13,0,13,418
06/20/2008,BDL,CT,ANE,EN,Towers with Radar,184,108,25,5,322,0,2,40,5,47,184,113,65,10,372,24,2,26,407
06/21/2008,BDL,CT,ANE,EN,Towers with Radar,153,72,26,1,252,0,0,31,6,37,153,72,57,7,289,10,0,10,331
06/22/2008,BDL,CT,ANE,EN,Towers with Radar,159,79,27,3,268,0,1,4,3,8,159,81,31,6,277,2,0,2,281
06/23/2008,BDL,CT,ANE,EN,Towers with Radar,175,109,36,4,324,0,1,2,0,3,175,110,38,4,327,4,0,4,331
06/24/2008,BDL,CT,ANE,EN,Towers with Radar,194,106,37,12,349,0,2,21,4,27,195,108,58,16,377,34,8,42,444
06/25/2008,BDL,CT,ANE,EN,Towers with Radar,180,103,51,9,343,0,3,17,18,38,180,106,68,27,381,34,10,44,453
06/26/2008,BDL,CT,ANE,EN,Towers with Radar,193,107,33,6,339,0,4,14,11,29,193,112,47,17,369,6,0,6,386
06/27/2008,BDL,CT,ANE,EN,Towers with Radar,199,97,44,11,351,0,3,5,2,10,199,100,49,13,361,2,0,2,377
06/28/2008,BDL,CT,ANE,EN,Towers with Radar,157,73,21,6,257,0,0,13,2,15,157,73,34,8,272,14,0,14,306
06/29/2008,BDL,CT,ANE,EN,Towers with Radar,163,71,35,0,269,0,1,13,1,15,163,72,48,1,284,12,0,12,305
06/30/2008,BDL,CT,ANE,EN,Towers with Radar,179,97,48,8,332,0,1,13,0,14,179,100,61,8,348,12,0,12,396
07/01/2008,BDL,CT,ANE,EN,Towers with Radar,184,97,32,9,322,0,3,8,2,13,184,100,40,11,335,2,0,2,337
07/02/2008,BDL,CT,ANE,EN,Towers with Radar,196,108,42,8,354,0,2,17,10,29,196,110,59,18,383,14,0,14,397
07/03/2008,BDL,CT,ANE,EN,Towers with Radar,192,94,40,6,332,0,3,14,2,19,192,97,54,8,351,19,0,19,370
07/04/2008,BDL,CT,ANE,EN,Towers with Radar,122,59,15,0,196,0,0,2,0,2,122,59,17,0,198,9,0,9,207
07/05/2008,BDL,CT,ANE,EN,Towers with Radar,147,62,14,0,223,0,0,0,0,0,147,62,14,0,223,4,0,4,227
07/06/2008,BDL,CT,ANE,EN,Towers with Radar,157,69,29,0,255,0,0,2,0,2,157,69,31,0,257,21,0,21,278
07/07/2008,BDL,CT,ANE,EN,Towers with Radar,175,96,48,2,321,0,1,7,0,8,175,97,55,2,329,11,0,11,340
07/08/2008,BDL,CT,ANE,EN,Towers with Radar,181,104,44,8,337,0,2,11,5,18,181,106,55,13,355,2,0,2,357
07/09/2008,BDL,CT,ANE,EN,Towers with Radar,188,103,52,12,355,0,3,8,9,20,188,106,60,21,375,33,0,33,408
07/10/2008,BDL,CT,ANE,EN,Towers with Radar,190,111,47,8,356,0,2,42,11,55,190,113,89,19,411,29,0,29,440
07/11/2008,BDL,CT,ANE,EN,Towers with Radar,187,111,25,15,338,0,3,23,12,38,187,114,48,27,376,18,4,22,398
07/12/2008,BDL,CT,ANE,EN,Towers with Radar,152,68,15,0,235,0,0,17,5,22,152,68,32,5,257,73,0,73,330
07/13/2008,BDL,CT,ANE,EN,Towers with Radar,149,67,22,6,244,0,0,9,9,18,149,67,31,15,262,8,0,8,270
07/14/2008,BDL,CT,ANE,EN,Towers with Radar,178,99,36,5,318,0,2,10,1,13,178,101,46,6,331,4,0,4,335
07/15/2008,BDL,CT,ANE,EN,Towers with Radar,183,103,49,7,342,0,1,28,5,34,183,104,77,12,376,23,0,23,399
07/16/2008,BDL,CT,ANE,EN,Towers with Radar,184,113,32,7,336,0,2,15,13,30,184,115,47,20,366,19,0,19,385
07/17/2008,BDL,CT,ANE,EN,Towers with Radar,189,112,42,8,351,0,3,28,11,42,189,115,70,19,393,44,0,44,437
07/18/2008,BDL,CT,ANE,EN,Towers with Radar,191,107,29,4,331,0,2,26,3,31,191,109,55,7,362,25,0,25,387
07/19/2008,BDL,CT,ANE,EN,Towers with Radar,152,68,22,1,243,0,1,20,0,21,152,69,42,1,264,26,0,26,290
07/20/2008,BDL,CT,ANE,EN,Towers with Radar,159,75,26,3,263,0,0,13,2,15,159,75,39,5,278,3,0,3,281
07/21/2008,BDL,CT,ANE,EN,Towers with Radar,174,95,36,14,319,0,3,5,5,13,174,98,41,19,332,4,0,4,336
07/22/2008,BDL,CT,ANE,EN,Towers with Radar,179,104,35,8,326,0,0,9,3,12,179,104,44,11,338,4,0,4,342
07/23/2008,BDL,CT,ANE,EN,Towers with Radar,160,94,34,7,295,0,0,2,1,3,160,94,36,8,298,0,0,0,298
07/24/2008,BDL,CT,ANE,EN,Towers with Radar,203,112,45,9,369,0,1,1,0,2,203,113,46,9,371,4,0,4,375
07/25/2008,BDL,CT,ANE,EN,Towers with Radar,187,106,35,10,338,0,4,28,4,36,187,110,63,14,374,26,0,26,400
07/26/2008,BDL,CT,ANE,EN,Towers with Radar,151,66,14,0,231,0,0,21,0,21,151,66,35,0,252,38,0,38,290
07/27/2008,BDL,CT,ANE,EN,Towers with Radar,152,70,28,0,250,0,0,7,0,7,152,70,35,0,257,0,0,0,257
07/28/2008,BDL,CT,ANE,EN,Towers with Radar,187,96,48,4,335,0,3,11,0,14,187,99,59,4,349,5,0,5,354
07/29/2008,BDL,CT,ANE,EN,Towers with Radar,179,103,41,8,331,0,4,26,4,34,179,107,67,12,365,6,0,6,371
07/30/2008,BDL,CT,ANE,EN,Towers with Radar,189,107,41,8,345,0,2,13,11,26,189,109,54,19,371,7,0,7,378
07/31/2008,BDL,CT,ANE,EN,Towers with Radar,190,111,39,5,345,0,0,3,8,11,190,111,42,13,356,16,0,16,372
08/01/2008,BDL,CT,ANE,EN,Towers with Radar,189,103,30,9,331,0,5,24,3,32,189,108,54,12,363,11,1,12,375
08/02/2008,BDL,CT,ANE,EN,Towers with Radar,174,73,14,4,265,0,0,5,5,10,174,73,19,9,275,2,0,2,277
08/03/2008,BDL,CT,ANE,EN,Towers with Radar,165,80,22,3,270,0,3,16,2,21,165,83,38,5,291,19,0,19,310
08/04/2008,BDL,CT,ANE,EN,Towers with Radar,167,94,41,0,302,0,3,11,0,14,167,97,52,0,316,10,0,10,326
08/05/2008,BDL,CT,ANE,EN,Towers with Radar,187,94,54,8,343,0,2,31,2,35,187,96,85,10,378,37,6,43,421
08/06/2008,BDL,CT,ANE,EN,Towers with Radar,192,114,36,6,348,0,0,5,1,6,192,114,41,7,354,2,0,2,356
08/07/2008,BDL,CT,ANE,EN,Towers with Radar,179,103,43,10,335,0,0,6,0,6,179,103,49,10,341,4,0,4,345
08/08/2008,BDL,CT,ANE,EN,Towers with Radar,198,116,45,8,367,0,0,6,3,9,198,116,51,11,376,0,6,6,382
08/09/2008,BDL,CT,ANE,EN,Towers with Radar,145,75,15,0,235,0,0,18,0,18,145,75,33,0,253,0,0,0,253
08/10/2008,BDL,CT,ANE,EN,Towers with Radar,158,72,27,0,257,0,2,14,0,16,158,74,41,0,273,10,0,10,283
08/11/2008,BDL,CT,ANE,EN,Towers with Radar,181,98,31,7,317,0,0,1,3,4,181,98,32,10,321,13,0,13,334
08/12/2008,BDL,CT,ANE,EN,Towers with Radar,192,101,35,9,337,0,2,25,3,30,192,103,60,12,367,18,0,18,385
08/13/2008,BDL,CT,ANE,EN,Towers with Radar,187,99,50,8,344,0,0,38,17,55,187,99,88,25,399,21,0,21,420
08/14/2008,BDL,CT,ANE,EN,Towers with Radar,199,110,40,6,355,0,3,12,12,27,199,113,52,18,382,8,0,8,390
08/15/2008,BDL,CT,ANE,EN,Towers with Radar,193,97,28,9,327,0,1,6,4,11,193,98,34,13,338,2,0,2,340
08/16/2008,BDL,CT,ANE,EN,Towers with Radar,158,74,31,1,264,0,2,21,0,23,158,76,52,1,287,33,0,33,320
08/17/2008,BDL,CT,ANE,EN,Towers with Radar,162,70,13,2,247,0,0,23,0,23,162,70,36,2,270,18,0,18,288
08/18/2008,BDL,CT,ANE,EN,Towers with Radar,176,83,31,0,290,0,1,31,0,32,176,84,62,0,322,4,0,4,326
08/19/2008,BDL,CT,ANE,EN,Towers with Radar,179,95,47,11,332,0,3,19,2,24,179,98,66,13,356,0,0,0,356
08/20/2008,BDL,CT,ANE,EN,Towers with Radar,178,96,40,10,324,0,2,34,8,44,178,98,74,18,368,18,0,18,386
08/21/2008,BDL,CT,ANE,EN,Towers with Radar,188,100,36,16,340,0,4,33,7,44,188,104,69,23,384,12,0,12,396
08/22/2008,BDL,CT,ANE,EN,Towers with Radar,182,103,27,7,319,0,2,17,3,22,182,105,44,10,341,13,0,13,354
08/23/2008,BDL,CT,ANE,EN,Towers with Radar,146,65,13,0,224,0,0,16,0,16,146,65,29,0,240,11,0,11,251
08/24/2008,BDL,CT,ANE,EN,Towers with Radar,154,63,25,2,244,0,0,19,0,19,154,63,44,2,263,21,0,21,284
08/25/2008,BDL,CT,ANE,EN,Towers with Radar,167,97,42,7,313,0,1,9,1,11,167,98,51,8,324,16,0,16,340
08/26/2008,BDL,CT,ANE,EN,Towers with Radar,175,98,36,9,318,0,5,29,2,36,175,103,65,11,354,4,0,4,358
08/27/2008,BDL,CT,ANE,EN,Towers with Radar,186,99,29,10,324,0,2,27,9,38,186,101,56,19,362,6,0,6,368
08/28/2008,BDL,CT,ANE,EN,Towers with Radar,183,103,39,6,331,0,2,23,5,30,183,105,62,11,361,21,0,21,382
08/29/2008,BDL,CT,ANE,EN,Towers with Radar,181,98,33,0,312,0,4,9,0,13,181,102,42,0,325,15,0,15,340
08/30/2008,BDL,CT,ANE,EN,Towers with Radar,137,67,11,0,215,0,1,2,0,3,137,68,13,0,218,13,0,13,231
08/31/2008,BDL,CT,ANE,EN,Towers with Radar,117,56,8,0,181,0,0,18,0,18,117,56,26,0,199,14,0,14,213
09/01/2008,BDL,CT,ANE,EN,Towers with Radar,147,60,12,0,219,0,0,20,0,20,147,60,32,0,239,10,0,10,249
09/02/2008,BDL,CT,ANE,EN,Towers with Radar,163,89,35,7,294,0,3,26,5,34,163,92,61,12,328,39,0,39,367
09/03/2008,BDL,CT,ANE,EN,Towers with Radar,180,89,43,4,316,0,1,16,3,20,180,90,59,7,336,12,0,12,348
09/04/2008,BDL,CT,ANE,EN,Towers with Radar,186,104,29,11,330,0,2,15,10,27,186,106,44,21,357,4,0,4,361
09/05/2008,BDL,CT,ANE,EN,Towers with Radar,183,102,47,9,341,0,1,15,3,19,183,103,62,12,360,6,2,8,368
09/06/2008,BDL,CT,ANE,EN,Towers with Radar,135,58,10,6,209,0,0,0,0,0,135,58,10,6,209,0,0,0,209
09/07/2008,BDL,CT,ANE,EN,Towers with Radar,157,64,22,3,246,0,2,32,2,36,157,66,54,5,282,2,0,2,284
09/08/2008,BDL,CT,ANE,EN,Towers with Radar,158,81,34,9,282,0,1,15,3,19,158,82,49,12,301,21,0,21,322
09/09/2008,BDL,CT,ANE,EN,Towers with Radar,178,86,41,7,312,0,1,7,0,8,178,87,48,7,320,4,0,4,324
09/10/2008,BDL,CT,ANE,EN,Towers with Radar,180,94,39,11,324,0,1,28,8,37,180,95,67,19,361,12,0,12,373
09/11/2008,BDL,CT,ANE,EN,Towers with Radar,178,94,39,10,321,0,3,50,14,67,178,97,89,24,388,24,0,24,412
09/12/2008,BDL,CT,ANE,EN,Towers with Radar,175,99,34,6,314,0,2,9,10,21,175,101,43,16,335,15,2,17,352
09/13/2008,BDL,CT,ANE,EN,Towers with Radar,125,62,23,2,212,0,1,4,0,5,125,63,27,2,217,6,8,14,231
09/14/2008,BDL,CT,ANE,EN,Towers with Radar,145,61,33,0,239,0,0,2,0,2,145,61,35,0,241,2,0,2,243
09/15/2008,BDL,CT,ANE,EN,Towers with Radar,167,84,43,2,296,0,3,16,0,19,167,87,59,2,315,6,6,12,327
09/16/2008,BDL,CT,ANE,EN,Towers with Radar,175,89,46,7,317,0,2,30,2,34,175,91,76,9,351,30,0,30,381
09/17/2008,BDL,CT,ANE,EN,Towers with Radar,163,87,40,10,300,0,3,18,2,23,163,90,58,12,323,16,0,16,339
09/18/2008,BDL,CT,ANE,EN,Towers with Radar,183,94,43,7,327,0,2,36,12,50,183,96,79,19,377,29,0,29,406
09/19/2008,BDL,CT,ANE,EN,Towers with Radar,176,92,39,8,315,0,2,27,9,38,176,94,66,17,353,14,5,19,372
09/20/2008,BDL,CT,ANE,EN,Towers with Radar,129,60,15,0,204,0,0,19,0,19,129,60,34,0,223,6,0,6,229
09/21/2008,BDL,CT,ANE,EN,Towers with Radar,150,60,21,0,231,0,0,29,0,29,150,60,50,0,260,5,0,5,265
09/22/2008,BDL,CT,ANE,EN,Towers with Radar,164,84,43,5,296,0,1,11,8,20,164,85,54,13,316,4,0,4,320
09/23/2008,BDL,CT,ANE,EN,Towers with Radar,176,89,33,4,302,0,7,22,4,33,176,96,55,8,335,30,0,30,365
09/24/2008,BDL,CT,ANE,EN,Towers with Radar,179,90,36,4,309,0,4,20,12,36,179,94,56,16,345,37,0,37,382
09/25/2008,BDL,CT,ANE,EN,Towers with Radar,178,93,40,13,324,0,5,18,5,28,178,98,58,18,352,20,4,24,376
09/26/2008,BDL,CT,ANE,EN,Towers with Radar,167,100,28,7,302,0,0,1,0,1,167,100,29,7,303,0,0,0,303
09/27/2008,BDL,CT,ANE,EN,Towers with Radar,134,61,16,1,212,0,0,0,0,0,134,61,16,1,212,0,0,0,212
09/28/2008,BDL,CT,ANE,EN,Towers with Radar,152,55,16,0,223,0,0,0,2,2,152,55,16,2,225,1,0,1,226
09/29/2008,BDL,CT,ANE,EN,Towers with Radar,167,86,58,0,311,0,0,27,0,27,167,86,85,0,338,47,0,47,385
09/30/2008,BDL,CT,ANE,EN,Towers with Radar,172,87,23,10,292,0,1,38,3,42,172,88,61,13,334,37,3,40,374
10/01/2008,BDL,CT,ANE,EN,Towers with Radar,183,90,48,10,331,0,1,9,10,20,183,91,57,20,351,16,2,18,369
10/02/2008,BDL,CT,ANE,EN,Towers with Radar,179,96,34,10,319,0,1,19,9,29,179,97,53,19,348,26,21,47,395
10/03/2008,BDL,CT,ANE,EN,Towers with Radar,176,100,42,6,324,0,1,26,3,30,176,101,68,9,354,0,0,0,354
10/04/2008,BDL,CT,ANE,EN,Towers with Radar,124,64,12,3,203,0,0,25,8,33,124,64,37,11,236,0,0,0,236
10/05/2008,BDL,CT,ANE,EN,Towers with Radar,151,63,25,5,244,0,2,4,0,6,151,65,29,5,250,0,0,0,250
10/06/2008,BDL,CT,ANE,EN,Towers with Radar,160,92,46,6,304,0,2,15,1,18,160,94,61,7,322,38,0,38,360
10/07/2008,BDL,CT,ANE,EN,Towers with Radar,168,96,47,7,318,0,2,40,9,51,168,98,87,16,369,18,0,18,387
10/08/2008,BDL,CT,ANE,EN,Towers with Radar,176,95,43,11,325,0,1,24,16,41,176,96,67,27,366,10,8,18,384
10/09/2008,BDL,CT,ANE,EN,Towers with Radar,182,96,45,12,335,0,5,17,13,35,182,101,62,25,370,12,0,12,382
10/10/2008,BDL,CT,ANE,EN,Towers with Radar,170,93,32,0,295,0,1,29,0,30,170,94,61,0,325,10,0,10,335
10/11/2008,BDL,CT,ANE,EN,Towers with Radar,123,57,23,2,205,0,2,16,2,20,123,59,39,4,225,21,0,21,246
10/12/2008,BDL,CT,ANE,EN,Towers with Radar,143,53,20,1,217,0,0,21,0,21,143,53,41,1,238,42,0,42,280
10/13/2008,BDL,CT,ANE,EN,Towers with Radar,166,77,30,2,275,0,0,32,0,32,166,77,62,2,307,14,0,14,321
10/14/2008,BDL,CT,ANE,EN,Towers with Radar,165,92,47,6,310,0,0,18,2,20,165,92,65,8,330,10,0,10,340
10/15/2008,BDL,CT,ANE,EN,Towers with Radar,177,91,44,11,323,0,0,35,10,45,177,91,79,21,368,20,6,26,394
10/16/2008,BDL,CT,ANE,EN,Towers with Radar,179,97,36,14,326,0,1,8,4,13,179,98,44,18,339,5,0,5,344
10/17/2008,BDL,CT,ANE,EN,Towers with Radar,176,96,45,6,323,0,2,32,4,38,176,98,77,10,361,0,0,0,361
10/18/2008,BDL,CT,ANE,EN,Towers with Radar,125,61,25,10,221,0,0,17,8,25,125,61,42,18,246,0,0,0,246
10/19/2008,BDL,CT,ANE,EN,Towers with Radar,142,54,18,1,215,0,0,17,5,22,142,54,35,6,237,0,0,0,237
10/20/2008,BDL,CT,ANE,EN,Towers with Radar,167,85,36,8,296,0,1,15,2,18,167,86,51,10,314,4,10,14,328
10/21/2008,BDL,CT,ANE,EN,Towers with Radar,167,87,25,9,288,0,1,25,3,29,167,88,50,12,317,18,0,18,335
10/22/2008,BDL,CT,ANE,EN,Towers with Radar,176,97,49,15,337,0,0,20,9,29,176,97,69,24,366,26,0,26,392
10/23/2008,BDL,CT,ANE,EN,Towers with Radar,176,96,32,14,318,0,1,22,9,32,176,97,54,23,350,6,0,6,356
10/24/2008,BDL,CT,ANE,EN,Towers with Radar,173,91,40,6,310,0,3,39,1,43,173,94,79,7,353,38,4,42,395
10/25/2008,BDL,CT,ANE,EN,Towers with Radar,139,67,24,0,230,0,0,1,0,1,139,67,25,0,231,19,0,19,250
10/26/2008,BDL,CT,ANE,EN,Towers with Radar,153,58,27,2,240,0,0,16,0,16,153,58,43,2,256,30,0,30,286
10/27/2008,BDL,CT,ANE,EN,Towers with Radar,160,86,34,0,280,0,1,17,2,20,160,87,51,2,300,4,0,4,304
10/28/2008,BDL,CT,ANE,EN,Towers with Radar,163,86,44,2,295,0,1,0,0,1,163,87,44,2,296,0,0,0,296
10/29/2008,BDL,CT,ANE,EN,Towers with Radar,179,98,25,10,312,0,1,29,11,41,179,99,54,21,353,16,2,18,371
10/30/2008,BDL,CT,ANE,EN,Towers with Radar,179,105,39,8,331,0,3,22,13,38,179,108,61,21,369,14,0,14,383
10/31/2008,BDL,CT,ANE,EN,Towers with Radar,170,98,23,18,309,0,2,23,2,27,170,100,46,20,336,16,8,24,360
11/01/2008,BDL,CT,ANE,EN,Towers with Radar,125,59,18,1,203,0,0,13,6,19,125,59,31,7,222,4,0,4,226
11/02/2008,BDL,CT,ANE,EN,Towers with Radar,142,63,33,4,242,0,0,21,6,27,142,63,54,10,269,6,0,6,275
11/03/2008,BDL,CT,ANE,EN,Towers with Radar,160,84,34,6,284,0,1,10,0,11,160,85,44,6,295,4,0,4,299
11/04/2008,BDL,CT,ANE,EN,Towers with Radar,170,100,34,4,308,0,1,19,4,24,170,101,53,8,332,13,0,13,345
11/05/2008,BDL,CT,ANE,EN,Towers with Radar,171,109,48,5,333,0,2,21,2,25,171,111,69,7,358,8,0,8,366
11/06/2008,BDL,CT,ANE,EN,Towers with Radar,170,103,67,8,348,0,0,0,0,0,170,103,67,8,348,0,0,0,348
11/07/2008,BDL,CT,ANE,EN,Towers with Radar,170,98,45,3,316,0,0,1,0,1,170,98,46,3,317,7,0,7,324
11/08/2008,BDL,CT,ANE,EN,Towers with Radar,134,61,28,0,223,0,0,0,0,0,134,61,28,0,223,4,0,4,227
11/09/2008,BDL,CT,ANE,EN,Towers with Radar,139,73,17,0,229,0,0,13,0,13,139,73,30,0,242,0,0,0,242
11/10/2008,BDL,CT,ANE,EN,Towers with Radar,160,87,39,0,286,0,3,22,2,27,160,90,61,2,313,18,0,18,331
11/11/2008,BDL,CT,ANE,EN,Towers with Radar,167,88,21,0,276,0,0,28,0,28,167,88,49,0,304,33,12,45,349
11/12/2008,BDL,CT,ANE,EN,Towers with Radar,171,87,36,10,304,0,1,28,7,36,171,88,64,17,340,37,0,37,377
11/13/2008,BDL,CT,ANE,EN,Towers with Radar,171,105,43,9,328,0,0,7,0,7,171,105,50,9,335,12,0,12,347
11/14/2008,BDL,CT,ANE,EN,Towers with Radar,169,108,53,7,337,0,0,0,0,0,169,108,53,7,337,0,0,0,337
11/15/2008,BDL,CT,ANE,EN,Towers with Radar,136,71,13,0,220,0,0,0,0,0,136,71,13,0,220,0,0,0,220
11/16/2008,BDL,CT,ANE,EN,Towers with Radar,141,66,24,4,235,0,0,4,3,7,141,66,28,7,242,4,0,4,246
11/17/2008,BDL,CT,ANE,EN,Towers with Radar,159,93,31,6,289,0,3,18,0,21,159,96,49,6,310,18,18,36,346
11/18/2008,BDL,CT,ANE,EN,Towers with Radar,166,97,29,6,298,0,1,31,6,38,166,98,60,12,336,10,0,10,346
11/19/2008,BDL,CT,ANE,EN,Towers with Radar,174,106,37,4,321,0,2,28,6,36,174,108,65,10,357,18,0,18,375
11/20/2008,BDL,CT,ANE,EN,Towers with Radar,172,95,44,8,319,0,1,31,7,39,172,96,75,15,358,2,0,2,360
11/21/2008,BDL,CT,ANE,EN,Towers with Radar,165,89,43,5,302,0,1,22,3,26,165,90,65,8,328,10,8,18,346
11/22/2008,BDL,CT,ANE,EN,Towers with Radar,132,67,16,0,215,0,0,18,2,20,132,67,34,2,235,0,0,0,235
11/23/2008,BDL,CT,ANE,EN,Towers with Radar,140,63,20,0,223,0,0,18,2,20,140,63,38,2,243,46,0,46,289
11/24/2008,BDL,CT,ANE,EN,Towers with Radar,162,79,32,0,273,0,1,26,0,27,162,80,58,0,300,6,0,6,306
11/25/2008,BDL,CT,ANE,EN,Towers with Radar,190,95,31,5,321,0,1,1,0,2,190,96,32,5,323,0,0,0,323
11/26/2008,BDL,CT,ANE,EN,Towers with Radar,179,90,35,5,309,0,1,11,3,15,179,91,46,8,324,12,0,12,336
11/27/2008,BDL,CT,ANE,EN,Towers with Radar,91,47,5,0,143,0,1,6,0,7,91,48,11,0,150,3,0,3,153
11/28/2008,BDL,CT,ANE,EN,Towers with Radar,131,43,6,2,182,0,1,2,0,3,131,44,8,2,185,2,0,2,187
11/29/2008,BDL,CT,ANE,EN,Towers with Radar,147,58,15,0,220,0,0,14,0,14,147,58,29,0,234,8,0,8,242
11/30/2008,BDL,CT,ANE,EN,Towers with Radar,152,68,22,1,243,0,0,0,0,0,152,68,22,1,243,0,0,0,243
12/01/2008,BDL,CT,ANE,EN,Towers with Radar,160,95,29,2,286,0,1,5,0,6,160,96,34,2,292,0,0,0,292
12/02/2008,BDL,CT,ANE,EN,Towers with Radar,174,89,35,8,306,0,2,26,3,31,174,91,61,11,337,4,8,12,349
12/03/2008,BDL,CT,ANE,EN,Towers with Radar,173,90,32,6,301,0,2,28,13,43,173,92,60,19,344,0,0,0,344
12/04/2008,BDL,CT,ANE,EN,Towers with Radar,173,97,34,2,306,0,1,18,12,31,173,98,52,14,337,0,0,0,337
12/05/2008,BDL,CT,ANE,EN,Towers with Radar,165,94,23,11,293,0,2,21,0,23,165,96,44,11,316,4,0,4,320
12/06/2008,BDL,CT,ANE,EN,Towers with Radar,124,55,17,13,209,0,0,13,0,13,124,55,30,13,222,4,0,4,226
12/07/2008,BDL,CT,ANE,EN,Towers with Radar,133,62,16,3,214,0,0,0,0,0,133,62,16,3,214,0,0,0,214
12/08/2008,BDL,CT,ANE,EN,Towers with Radar,156,93,44,1,294,0,3,19,0,22,156,96,63,1,316,10,8,18,334
12/09/2008,BDL,CT,ANE,EN,Towers with Radar,164,94,31,10,299,0,1,16,5,22,164,95,47,15,321,6,2,8,329
12/10/2008,BDL,CT,ANE,EN,Towers with Radar,168,101,45,6,320,0,1,2,0,3,168,102,47,6,323,0,0,0,323
12/11/2008,BDL,CT,ANE,EN,Towers with Radar,163,110,39,0,312,0,0,0,0,0,163,110,39,0,312,0,0,0,312
12/12/2008,BDL,CT,ANE,EN,Towers with Radar,163,97,20,6,286,0,2,7,0,9,163,99,27,6,295,19,6,25,320
12/13/2008,BDL,CT,ANE,EN,Towers with Radar,124,62,11,0,197,0,2,6,11,19,124,64,17,11,216,26,0,26,242
12/14/2008,BDL,CT,ANE,EN,Towers with Radar,134,62,14,0,210,0,0,27,0,27,134,62,41,0,237,8,0,8,245
12/15/2008,BDL,CT,ANE,EN,Towers with Radar,149,94,44,8,295,0,1,24,4,29,149,95,68,12,324,4,0,4,328
12/16/2008,BDL,CT,ANE,EN,Towers with Radar,164,86,40,7,297,0,1,3,4,8,164,87,43,11,305,0,0,0,305
12/17/2008,BDL,CT,ANE,EN,Towers with Radar,163,97,46,4,310,0,0,1,0,1,163,97,47,4,311,0,0,0,311
12/18/2008,BDL,CT,ANE,EN,Towers with Radar,174,99,48,7,328,0,2,28,1,31,174,101,76,8,359,6,8,14,373
12/19/2008,BDL,CT,ANE,EN,Towers with Radar,128,45,9,6,188,0,0,0,1,1,128,45,9,7,189,0,0,0,189
12/20/2008,BDL,CT,ANE,EN,Towers with Radar,134,80,21,2,237,0,0,0,0,0,134,80,21,2,237,0,0,0,237
12/21/2008,BDL,CT,ANE,EN,Towers with Radar,120,48,5,0,173,0,0,0,0,0,120,48,5,0,173,0,0,0,173
12/22/2008,BDL,CT,ANE,EN,Towers with Radar,158,83,27,2,270,0,0,17,0,17,158,83,44,2,287,0,10,10,297
12/23/2008,BDL,CT,ANE,EN,Towers with Radar,173,96,15,8,292,0,2,21,11,34,173,98,36,19,326,4,0,4,330
12/24/2008,BDL,CT,ANE,EN,Towers with Radar,152,78,9,4,243,0,0,0,0,0,152,78,9,4,243,6,0,6,249
12/25/2008,BDL,CT,ANE,EN,Towers with Radar,126,64,1,0,191,0,0,3,0,3,126,64,4,0,194,0,0,0,194
12/26/2008,BDL,CT,ANE,EN,Towers with Radar,142,88,17,0,247,0,1,10,0,11,142,89,27,0,258,16,10,26,284
12/27/2008,BDL,CT,ANE,EN,Towers with Radar,124,70,18,0,212,0,0,0,0,0,124,70,18,0,212,0,0,0,212
12/28/2008,BDL,CT,ANE,EN,Towers with Radar,131,68,13,0,212,0,0,0,0,0,131,68,13,0,212,2,0,2,214
12/29/2008,BDL,CT,ANE,EN,Towers with Radar,153,83,23,4,263,0,3,17,2,22,153,86,40,6,285,32,3,35,320
12/30/2008,BDL,CT,ANE,EN,Towers with Radar,169,100,12,11,292,0,2,7,7,16,169,102,19,18,308,0,3,3,311
12/31/2008,BDL,CT,ANE,EN,Towers with Radar,128,56,6,0,190,0,0,0,0,0,128,56,6,0,190,0,0,0,190
01/01/2009,BDL,CT,ANE,EN,Towers with Radar,133,64,2,0,199,0,1,1,0,2,133,65,3,0,201,0,0,0,201
01/02/2009,BDL,CT,ANE,EN,Towers with Radar,150,77,20,2,249,0,2,7,3,12,150,79,27,5,261,10,0,10,271
01/03/2009,BDL,CT,ANE,EN,Towers with Radar,128,80,8,5,221,0,0,5,1,6,128,80,13,6,227,10,0,10,237
01/04/2009,BDL,CT,ANE,EN,Towers with Radar,134,74,42,0,250,0,1,14,0,15,134,75,56,0,265,21,12,33,298
01/05/2009,BDL,CT,ANE,EN,Towers with Radar,154,93,14,4,265,0,2,16,0,18,154,95,30,4,283,6,0,6,289
01/06/2009,BDL,CT,ANE,EN,Towers with Radar,156,89,30,2,277,0,0,17,10,27,156,89,47,12,304,17,0,17,321
01/07/2009,BDL,CT,ANE,EN,Towers with Radar,145,73,17,1,236,0,0,0,0,0,145,73,17,1,236,0,0,0,236
01/08/2009,BDL,CT,ANE,EN,Towers with Radar,169,102,31,8,310,0,1,7,0,8,169,103,38,8,318,6,0,6,324
01/09/2009,BDL,CT,ANE,EN,Towers with Radar,160,93,37,10,300,0,1,19,5,25,160,94,56,15,325,10,0,10,335
01/10/2009,BDL,CT,ANE,EN,Towers with Radar,113,51,17,1,182,0,0,18,4,22,113,51,35,5,204,15,0,15,219
01/11/2009,BDL,CT,ANE,EN,Towers with Radar,120,64,10,0,194,0,0,1,0,1,120,64,11,0,195,9,0,9,204
01/12/2009,BDL,CT,ANE,EN,Towers with Radar,144,93,30,5,272,0,1,22,1,24,144,94,52,6,296,13,0,13,309
01/13/2009,BDL,CT,ANE,EN,Towers with Radar,155,99,40,6,300,0,1,13,9,23,155,100,53,15,323,0,0,0,323
01/14/2009,BDL,CT,ANE,EN,Towers with Radar,159,101,28,11,299,0,1,17,15,33,159,102,45,26,332,4,0,4,336
01/15/2009,BDL,CT,ANE,EN,Towers with Radar,167,92,31,6,296,0,2,4,13,19,167,94,35,19,315,6,0,6,321
01/16/2009,BDL,CT,ANE,EN,Towers with Radar,153,105,20,5,283,0,1,9,0,10,153,106,29,5,293,0,0,0,293
01/17/2009,BDL,CT,ANE,EN,Towers with Radar,116,61,24,0,201,0,0,11,0,11,116,61,35,0,212,12,0,12,224
01/18/2009,BDL,CT,ANE,EN,Towers with Radar,130,52,6,0,188,0,0,0,0,0,130,52,6,0,188,0,0,0,188
01/19/2009,BDL,CT,ANE,EN,Towers with Radar,147,83,28,0,258,0,1,9,1,11,147,84,37,1,269,8,0,8,277
01/20/2009,BDL,CT,ANE,EN,Towers with Radar,160,89,31,3,283,0,1,18,9,28,160,90,49,12,311,0,0,0,311
01/21/2009,BDL,CT,ANE,EN,Towers with Radar,155,99,28,6,288,0,2,24,14,40,155,101,52,20,328,9,0,9,337
01/22/2009,BDL,CT,ANE,EN,Towers with Radar,161,98,20,12,291,0,2,13,9,24,161,100,33,21,315,4,4,8,323
01/23/2009,BDL,CT,ANE,EN,Towers with Radar,156,99,36,5,296,0,0,26,2,28,156,99,62,7,324,31,0,31,355
01/24/2009,BDL,CT,ANE,EN,Towers with Radar,121,59,11,0,191,0,0,19,0,19,121,59,30,0,210,14,0,14,224
01/25/2009,BDL,CT,ANE,EN,Towers with Radar,125,65,35,1,226,0,0,20,0,20,125,65,55,1,246,26,0,26,272
01/26/2009,BDL,CT,ANE,EN,Towers with Radar,147,86,19,5,257,0,1,11,2,14,147,87,30,7,271,0,0,0,271
01/27/2009,BDL,CT,ANE,EN,Towers with Radar,153,91,22,7,273,0,1,24,5,30,153,92,46,12,303,16,5,21,324
01/28/2009,BDL,CT,ANE,EN,Towers with Radar,127,70,12,0,209,0,0,0,0,0,127,70,12,0,209,0,0,0,209
01/29/2009,BDL,CT,ANE,EN,Towers with Radar,160,119,28,6,313,0,1,14,1,16,160,120,42,7,329,4,0,4,333
01/30/2009,BDL,CT,ANE,EN,Towers with Radar,157,108,24,5,294,0,0,23,3,26,157,108,47,8,320,21,0,21,341
01/31/2009,BDL,CT,ANE,EN,Towers with Radar,114,63,9,0,186,0,0,4,0,4,114,63,13,0,190,10,0,10,200
02/01/2009,BDL,CT,ANE,EN,Towers with Radar,128,65,20,1,214,0,0,22,0,22,128,65,42,1,236,10,0,10,246
02/02/2009,BDL,CT,ANE,EN,Towers with Radar,140,91,33,1,265,0,3,18,0,21,140,94,51,1,286,2,0,2,288
02/03/2009,BDL,CT,ANE,EN,Towers with Radar,153,109,22,3,287,0,0,3,4,7,153,109,25,7,294,10,0,10,304
02/04/2009,BDL,CT,ANE,EN,Towers with Radar,158,99,37,4,298,0,1,18,8,27,158,100,55,12,325,7,3,10,335
02/05/2009,BDL,CT,ANE,EN,Towers with Radar,158,107,39,5,309,0,1,27,5,33,158,108,66,10,342,18,0,18,360
02/06/2009,BDL,CT,ANE,EN,Towers with Radar,153,106,31,6,296,0,3,12,1,16,153,109,43,7,312,10,0,10,322
02/07/2009,BDL,CT,ANE,EN,Towers with Radar,116,62,17,8,203,0,0,30,2,32,116,62,47,10,235,25,2,27,262
02/08/2009,BDL,CT,ANE,EN,Towers with Radar,126,71,9,1,207,0,0,4,6,10,126,71,13,7,217,0,0,0,217
02/09/2009,BDL,CT,ANE,EN,Towers with Radar,147,93,44,6,290,0,2,23,0,25,147,95,67,6,315,0,0,0,315
02/10/2009,BDL,CT,ANE,EN,Towers with Radar,154,106,19,7,286,0,2,15,1,18,154,108,34,8,304,12,0,12,316
02/11/2009,BDL,CT,ANE,EN,Towers with Radar,154,89,33,7,283,0,2,25,7,34,154,91,58,14,317,16,4,20,337
02/12/2009,BDL,CT,ANE,EN,Towers with Radar,169,105,30,8,312,0,2,1,0,3,169,107,31,8,315,4,4,8,323
02/13/2009,BDL,CT,ANE,EN,Towers with Radar,159,101,21,1,282,0,1,12,0,13,159,102,33,1,295,0,0,0,295
02/14/2009,BDL,CT,ANE,EN,Towers with Radar,120,67,19,0,206,0,0,25,0,25,120,67,44,0,231,4,0,4,235
02/15/2009,BDL,CT,ANE,EN,Towers with Radar,131,69,8,0,208,0,0,20,0,20,131,69,28,0,228,16,0,16,244
02/16/2009,BDL,CT,ANE,EN,Towers with Radar,143,77,39,2,261,0,0,29,0,29,143,77,68,2,290,20,0,20,310
02/17/2009,BDL,CT,ANE,EN,Towers with Radar,162,92,29,7,290,0,0,42,3,45,162,92,71,10,335,17,3,20,355
02/18/2009,BDL,CT,ANE,EN,Towers with Radar,162,98,29,4,293,0,0,7,1,8,162,98,36,5,301,2,4,6,307
02/19/2009,BDL,CT,ANE,EN,Towers with Radar,166,110,22,4,302,0,0,3,4,7,166,110,25,8,309,0,0,0,309
02/20/2009,BDL,CT,ANE,EN,Towers with Radar,156,99,8,9,272,0,3,13,0,16,156,102,21,9,288,6,0,6,294
02/21/2009,BDL,CT,ANE,EN,Towers with Radar,121,64,17,1,203,0,2,18,1,21,121,66,35,2,224,2,0,2,226
02/22/2009,BDL,CT,ANE,EN,Towers with Radar,134,73,16,0,223,0,0,0,0,0,134,73,16,0,223,0,0,0,223
02/23/2009,BDL,CT,ANE,EN,Towers with Radar,144,98,21,6,269,0,2,14,1,17,144,100,35,7,286,4,0,4,290
02/24/2009,BDL,CT,ANE,EN,Towers with Radar,162,96,33,9,300,0,2,40,3,45,162,98,73,12,345,12,0,12,357
02/25/2009,BDL,CT,ANE,EN,Towers with Radar,160,102,51,10,323,0,1,51,6,58,160,103,102,16,381,14,0,14,395
02/26/2009,BDL,CT,ANE,EN,Towers with Radar,161,102,30,8,301,0,3,19,2,24,161,105,49,10,325,10,0,10,335
02/27/2009,BDL,CT,ANE,EN,Towers with Radar,158,94,15,3,270,0,0,4,0,4,158,94,19,3,274,4,0,4,278
02/28/2009,BDL,CT,ANE,EN,Towers with Radar,120,65,16,1,202,0,0,31,0,31,120,65,47,1,233,6,0,6,239
03/01/2009,BDL,CT,ANE,EN,Towers with Radar,106,65,15,1,187,0,1,0,0,1,106,66,15,1,188,6,0,6,194
03/02/2009,BDL,CT,ANE,EN,Towers with Radar,98,63,9,0,170,0,0,0,0,0,98,63,9,0,170,6,0,6,176
03/03/2009,BDL,CT,ANE,EN,Towers with Radar,160,87,23,9,279,0,1,5,2,8,160,88,28,11,287,8,0,8,295
03/04/2009,BDL,CT,ANE,EN,Towers with Radar,164,90,32,10,296,0,3,20,2,25,164,93,52,12,321,8,0,8,329
03/05/2009,BDL,CT,ANE,EN,Towers with Radar,167,102,38,16,323,0,1,24,5,30,167,103,62,21,353,12,4,16,369
03/06/2009,BDL,CT,ANE,EN,Towers with Radar,160,101,27,10,298,0,0,16,1,17,160,101,43,11,315,8,0,8,323
03/07/2009,BDL,CT,ANE,EN,Towers with Radar,126,63,9,6,204,0,0,26,2,28,126,63,35,8,232,10,2,12,244
03/08/2009,BDL,CT,ANE,EN,Towers with Radar,136,75,15,2,228,0,0,6,0,6,136,75,21,2,234,10,3,13,247
03/09/2009,BDL,CT,ANE,EN,Towers with Radar,152,95,28,7,282,0,1,0,0,1,152,96,28,7,283,4,0,4,287
03/10/2009,BDL,CT,ANE,EN,Towers with Radar,166,96,28,14,304,0,1,30,2,33,166,97,58,16,337,22,4,26,363
03/11/2009,BDL,CT,ANE,EN,Towers with Radar,170,94,19,12,295,0,1,4,0,5,170,95,23,12,300,4,0,4,304
03/12/2009,BDL,CT,ANE,EN,Towers with Radar,169,99,26,9,303,0,1,28,3,32,169,100,54,12,335,17,0,17,352
03/13/2009,BDL,CT,ANE,EN,Towers with Radar,163,99,25,10,297,0,0,34,2,36,163,99,59,12,333,34,6,40,373
03/14/2009,BDL,CT,ANE,EN,Towers with Radar,124,67,17,4,212,0,0,14,2,16,124,67,31,6,228,13,0,13,241
03/15/2009,BDL,CT,ANE,EN,Towers with Radar,136,68,12,0,216,0,0,29,2,31,136,68,41,2,247,10,2,12,259
03/16/2009,BDL,CT,ANE,EN,Towers with Radar,151,84,25,0,260,0,2,16,0,18,151,86,41,0,278,8,4,12,290
03/17/2009,BDL,CT,ANE,EN,Towers with Radar,167,95,25,19,306,0,1,36,2,39,167,96,61,21,345,18,4,22,367
03/18/2009,BDL,CT,ANE,EN,Towers with Radar,165,107,18,9,299,0,2,20,8,30,165,109,38,17,329,16,0,16,345
03/19/2009,BDL,CT,ANE,EN,Towers with Radar,166,98,33,16,313,0,3,7,5,15,166,101,40,21,328,23,0,23,351
03/20/2009,BDL,CT,ANE,EN,Towers with Radar,170,89,28,7,294,0,0,22,4,26,170,89,50,11,320,19,0,19,339
03/21/2009,BDL,CT,ANE,EN,Towers with Radar,125,65,16,0,206,0,0,23,0,23,125,65,39,0,229,41,0,41,270
03/22/2009,BDL,CT,ANE,EN,Towers with Radar,137,72,15,1,225,0,0,5,1,6,137,72,20,2,231,10,0,10,241
03/23/2009,BDL,CT,ANE,EN,Towers with Radar,155,83,22,5,265,0,4,18,1,23,155,87,40,6,288,7,0,7,295
03/24/2009,BDL,CT,ANE,EN,Towers with Radar,166,94,49,7,316,0,1,21,5,27,166,95,70,12,343,8,0,8,351
03/25/2009,BDL,CT,ANE,EN,Towers with Radar,171,99,39,8,317,0,2,33,6,41,171,101,72,14,358,13,0,13,371
03/26/2009,BDL,CT,ANE,EN,Towers with Radar,169,105,37,9,320,0,0,16,2,18,169,105,53,11,338,15,0,15,353
03/27/2009,BDL,CT,ANE,EN,Towers with Radar,166,105,34,6,311,0,2,26,11,39,166,107,60,17,350,14,0,14,364
03/28/2009,BDL,CT,ANE,EN,Towers with Radar,122,66,15,3,206,0,0,9,1,10,122,66,24,4,216,10,0,10,226
03/29/2009,BDL,CT,ANE,EN,Towers with Radar,138,74,34,0,246,0,0,0,0,0,138,74,34,0,246,8,0,8,254
03/30/2009,BDL,CT,ANE,EN,Towers with Radar,154,91,26,1,272,0,1,8,1,10,154,92,34,2,282,4,0,4,286
03/31/2009,BDL,CT,ANE,EN,Towers with Radar,164,103,20,4,291,0,1,29,4,34,164,104,49,8,325,10,0,10,335
04/01/2009,BDL,CT,ANE,EN,Towers with Radar,165,95,25,6,291,0,0,15,0,15,165,95,40,6,306,6,0,6,312
04/02/2009,BDL,CT,ANE,EN,Towers with Radar,170,113,33,8,324,0,0,6,2,8,170,113,39,10,332,8,0,8,340
04/03/2009,BDL,CT,ANE,EN,Towers with Radar,175,101,42,2,320,0,0,0,0,0,175,101,42,2,320,2,0,2,322
04/04/2009,BDL,CT,ANE,EN,Towers with Radar,126,83,16,8,233,0,0,6,3,9,126,83,22,11,242,4,0,4,246
04/05/2009,BDL,CT,ANE,EN,Towers with Radar,140,72,22,0,234,0,1,20,2,23,140,73,42,2,257,13,0,13,270
04/06/2009,BDL,CT,ANE,EN,Towers with Radar,158,80,28,6,272,0,0,3,0,3,158,80,31,6,275,4,0,4,279
04/07/2009,BDL,CT,ANE,EN,Towers with Radar,171,99,30,6,306,0,1,7,1,9,171,100,37,7,315,14,0,14,329
04/08/2009,BDL,CT,ANE,EN,Towers with Radar,171,91,38,3,303,0,1,29,5,35,171,92,67,8,338,15,0,15,353
04/09/2009,BDL,CT,ANE,EN,Towers with Radar,172,107,31,9,319,0,2,32,5,39,172,109,63,14,358,8,0,8,366
04/10/2009,BDL,CT,ANE,EN,Towers with Radar,159,81,17,4,261,0,1,15,0,16,159,82,32,4,277,10,0,10,287
04/11/2009,BDL,CT,ANE,EN,Towers with Radar,134,55,7,0,196,0,0,0,0,0,134,55,7,0,196,8,0,8,204
04/12/2009,BDL,CT,ANE,EN,Towers with Radar,142,61,10,0,213,0,0,6,0,6,142,61,16,0,219,4,0,4,223
04/13/2009,BDL,CT,ANE,EN,Towers with Radar,157,79,29,0,265,0,5,30,0,35,157,84,59,0,300,51,0,51,351
04/14/2009,BDL,CT,ANE,EN,Towers with Radar,173,88,22,5,288,0,1,15,6,22,173,89,37,11,310,7,0,7,317
04/15/2009,BDL,CT,ANE,EN,Towers with Radar,166,96,25,9,296,0,2,12,8,22,166,98,37,17,318,8,0,8,326
04/16/2009,BDL,CT,ANE,EN,Towers with Radar,169,91,20,9,289,0,3,22,9,34,169,94,42,18,323,9,0,9,332
04/17/2009,BDL,CT,ANE,EN,Towers with Radar,171,81,22,9,283,0,2,23,6,31,171,83,45,15,314,12,0,12,326
04/18/2009,BDL,CT,ANE,EN,Towers with Radar,135,57,16,0,208,0,0,21,6,27,135,57,37,6,235,13,0,13,248
04/19/2009,BDL,CT,ANE,EN,Towers with Radar,145,62,21,0,228,0,0,19,2,21,145,62,40,2,249,19,0,19,268
04/20/2009,BDL,CT,ANE,EN,Towers with Radar,156,88,24,7,275,0,1,11,0,12,156,89,35,7,287,16,0,16,303
04/21/2009,BDL,CT,ANE,EN,Towers with Radar,169,100,41,6,316,0,0,0,0,0,169,100,41,6,316,4,0,4,320
04/22/2009,BDL,CT,ANE,EN,Towers with Radar,162,95,36,9,302,0,0,13,5,18,162,95,49,14,320,10,0,10,330
04/23/2009,BDL,CT,ANE,EN,Towers with Radar,171,92,27,8,298,0,1,23,6,30,171,93,50,14,328,22,0,22,350
04/24/2009,BDL,CT,ANE,EN,Towers with Radar,167,89,22,4,282,0,1,18,4,23,167,90,40,8,305,15,0,15,320
04/25/2009,BDL,CT,ANE,EN,Towers with Radar,140,60,13,2,215,0,0,10,0,10,140,60,23,2,225,16,0,16,241
04/26/2009,BDL,CT,ANE,EN,Towers with Radar,144,68,25,0,237,0,0,12,0,12,144,68,37,0,249,17,0,17,266
04/27/2009,BDL,CT,ANE,EN,Towers with Radar,156,92,34,0,282,0,1,14,0,15,156,93,48,0,297,7,0,7,304
04/28/2009,BDL,CT,ANE,EN,Towers with Radar,170,92,20,8,290,1,2,10,4,17,171,94,30,12,307,10,0,10,317
04/29/2009,BDL,CT,ANE,EN,Towers with Radar,164,96,30,6,296,0,4,19,9,32,164,100,49,15,328,15,0,15,343
04/30/2009,BDL,CT,ANE,EN,Towers with Radar,170,93,33,16,312,0,3,30,9,42,170,96,63,25,354,7,0,7,361
05/01/2009,BDL,CT,ANE,EN,Towers with Radar,165,85,36,6,292,0,0,5,0,5,165,85,41,6,297,6,0,6,303
05/02/2009,BDL,CT,ANE,EN,Towers with Radar,126,60,10,10,206,0,0,23,2,25,126,60,33,12,231,30,0,30,261
05/03/2009,BDL,CT,ANE,EN,Towers with Radar,132,69,23,1,225,0,0,4,0,4,132,69,27,1,229,12,0,12,241
05/04/2009,BDL,CT,ANE,EN,Towers with Radar,148,87,34,8,277,0,1,3,0,4,148,88,37,8,281,4,0,4,285
05/05/2009,BDL,CT,ANE,EN,Towers with Radar,157,98,31,12,298,1,0,4,2,7,158,98,35,14,305,8,0,8,313
05/06/2009,BDL,CT,ANE,EN,Towers with Radar,160,102,30,10,302,0,2,14,2,18,160,104,44,12,320,16,0,16,336
05/07/2009,BDL,CT,ANE,EN,Towers with Radar,171,103,37,9,320,0,0,4,1,5,171,103,41,10,325,6,0,6,331
05/08/2009,BDL,CT,ANE,EN,Towers with Radar,156,103,24,5,288,0,0,14,4,18,156,103,38,9,306,12,0,12,318
05/09/2009,BDL,CT,ANE,EN,Towers with Radar,126,68,22,0,216,0,0,1,0,1,126,68,23,0,217,10,0,10,227
05/10/2009,BDL,CT,ANE,EN,Towers with Radar,130,71,10,0,211,0,0,4,0,4,130,71,14,0,215,5,0,5,220
05/11/2009,BDL,CT,ANE,EN,Towers with Radar,145,80,35,0,260,0,2,23,0,25,145,82,58,0,285,8,0,8,293
05/12/2009,BDL,CT,ANE,EN,Towers with Radar,163,95,25,7,290,0,1,8,6,15,163,96,33,13,305,10,0,10,315
05/13/2009,BDL,CT,ANE,EN,Towers with Radar,165,103,31,10,309,0,2,7,11,20,165,105,38,21,329,6,0,6,335
05/14/2009,BDL,CT,ANE,EN,Towers with Radar,161,99,33,10,303,0,0,13,7,20,161,99,46,17,323,8,0,8,331
05/15/2009,BDL,CT,ANE,EN,Towers with Radar,155,98,46,8,307,0,0,10,3,13,155,98,56,11,320,14,0,14,334
05/16/2009,BDL,CT,ANE,EN,Towers with Radar,111,70,18,1,200,0,0,5,4,9,111,70,23,5,209,18,0,18,227
05/17/2009,BDL,CT,ANE,EN,Towers with Radar,136,72,29,1,238,0,0,9,5,14,136,72,38,6,252,8,0,8,260
05/18/2009,BDL,CT,ANE,EN,Towers with Radar,148,84,42,8,282,0,2,19,3,24,148,86,61,11,306,14,0,14,320
05/19/2009,BDL,CT,ANE,EN,Towers with Radar,165,92,20,9,286,0,2,32,6,40,165,94,52,15,326,29,0,29,355
05/20/2009,BDL,CT,ANE,EN,Towers with Radar,161,96,26,8,291,0,8,33,6,47,161,104,59,14,338,31,0,31,369
05/21/2009,BDL,CT,ANE,EN,Towers with Radar,163,112,30,11,316,0,10,27,6,43,163,122,57,17,359,15,0,15,374
05/22/2009,BDL,CT,ANE,EN,Towers with Radar,158,96,27,0,281,0,3,25,0,28,158,99,52,0,309,18,0,18,327
05/23/2009,BDL,CT,ANE,EN,Towers with Radar,118,66,22,0,206,0,0,6,0,6,118,66,28,0,212,12,0,12,224
05/24/2009,BDL,CT,ANE,EN,Towers with Radar,113,55,8,0,176,0,0,2,7,9,113,55,10,7,185,5,0,5,190
05/25/2009,BDL,CT,ANE,EN,Towers with Radar,130,77,16,0,223,0,0,12,12,24,130,77,28,12,247,12,0,12,259
05/26/2009,BDL,CT,ANE,EN,Towers with Radar,141,95,33,7,276,0,2,29,1,32,141,97,62,8,308,8,0,8,316
05/27/2009,BDL,CT,ANE,EN,Towers with Radar,162,102,52,8,324,0,0,3,0,3,162,102,55,8,327,16,0,16,343
05/28/2009,BDL,CT,ANE,EN,Towers with Radar,162,113,57,13,345,0,0,1,0,1,162,113,58,13,346,16,0,16,362
05/29/2009,BDL,CT,ANE,EN,Towers with Radar,158,106,38,8,310,0,0,7,4,11,158,106,45,12,321,11,0,11,332
05/30/2009,BDL,CT,ANE,EN,Towers with Radar,115,62,17,2,196,0,0,23,0,23,115,62,40,2,219,8,0,8,227
05/31/2009,BDL,CT,ANE,EN,Towers with Radar,132,70,9,0,211,0,0,10,1,11,132,70,19,1,222,6,0,6,228
06/01/2009,BDL,CT,ANE,EN,Towers with Radar,145,77,20,8,250,0,4,23,0,27,145,81,43,8,277,26,0,26,303
06/02/2009,BDL,CT,ANE,EN,Towers with Radar,157,84,22,10,273,0,4,23,1,28,157,88,45,11,301,12,0,12,313
06/03/2009,BDL,CT,ANE,EN,Towers with Radar,155,94,26,6,281,0,0,16,3,19,155,94,42,9,300,6,0,6,306
06/04/2009,BDL,CT,ANE,EN,Towers with Radar,165,97,35,9,306,0,2,17,2,21,165,99,52,11,327,6,0,6,333
06/05/2009,BDL,CT,ANE,EN,Towers with Radar,146,95,24,8,273,0,0,8,0,8,146,95,32,8,281,11,0,11,292
06/06/2009,BDL,CT,ANE,EN,Towers with Radar,107,65,11,7,190,0,4,12,1,17,107,69,23,8,207,4,0,4,211
06/07/2009,BDL,CT,ANE,EN,Towers with Radar,131,62,23,0,216,0,0,16,0,16,131,62,39,0,232,9,0,9,241
06/08/2009,BDL,CT,ANE,EN,Towers with Radar,140,92,23,2,257,0,2,19,4,25,140,94,42,6,282,24,0,24,306
06/09/2009,BDL,CT,ANE,EN,Towers with Radar,136,97,49,8,290,0,0,1,0,1,136,97,50,8,291,4,0,4,295
06/10/2009,BDL,CT,ANE,EN,Towers with Radar,157,97,53,8,315,0,0,9,1,10,157,97,62,9,325,19,0,19,344
06/11/2009,BDL,CT,ANE,EN,Towers with Radar,157,102,49,12,320,0,0,1,0,1,157,102,50,12,321,10,0,10,331
06/12/2009,BDL,CT,ANE,EN,Towers with Radar,155,96,42,12,305,0,0,11,1,12,155,96,53,13,317,4,0,4,321
06/13/2009,BDL,CT,ANE,EN,Towers with Radar,110,59,22,2,193,0,0,11,3,14,110,59,33,5,207,10,0,10,217
06/14/2009,BDL,CT,ANE,EN,Towers with Radar,132,61,14,2,209,0,0,4,0,4,132,61,18,2,213,10,0,10,223
06/15/2009,BDL,CT,ANE,EN,Towers with Radar,142,81,24,11,258,0,1,8,3,12,142,82,32,14,270,6,0,6,276
06/16/2009,BDL,CT,ANE,EN,Towers with Radar,154,91,25,10,280,0,3,18,4,25,154,94,43,14,305,7,0,7,312
06/17/2009,BDL,CT,ANE,EN,Towers with Radar,158,88,42,8,296,0,1,20,7,28,158,89,62,15,324,36,0,36,360
06/18/2009,BDL,CT,ANE,EN,Towers with Radar,155,79,37,11,282,0,0,0,0,0,155,79,37,11,282,13,0,13,295
06/19/2009,BDL,CT,ANE,EN,Towers with Radar,151,90,35,9,285,0,0,5,1,6,151,90,40,10,291,6,0,6,297
06/20/2009,BDL,CT,ANE,EN,Towers with Radar,107,56,9,1,173,0,0,4,3,7,107,56,13,4,180,8,0,8,188
06/21/2009,BDL,CT,ANE,EN,Towers with Radar,131,64,13,0,208,0,0,0,0,0,131,64,13,0,208,6,0,6,214
06/22/2009,BDL,CT,ANE,EN,Towers with Radar,140,85,34,0,259,0,3,5,0,8,140,88,39,0,267,5,0,5,272
06/23/2009,BDL,CT,ANE,EN,Towers with Radar,152,91,40,7,290,0,1,13,2,16,152,92,53,9,306,9,0,9,315
06/24/2009,BDL,CT,ANE,EN,Towers with Radar,159,95,42,11,307,0,2,3,9,14,159,97,45,20,321,7,8,15,336
06/25/2009,BDL,CT,ANE,EN,Towers with Radar,159,84,41,9,293,0,1,17,7,25,159,85,58,16,318,24,1,25,343
06/26/2009,BDL,CT,ANE,EN,Towers with Radar,149,92,22,7,270,0,0,20,1,21,149,92,42,8,291,10,0,10,301
06/27/2009,BDL,CT,ANE,EN,Towers with Radar,117,59,23,0,199,0,0,24,0,24,117,59,47,0,223,27,0,27,250
06/28/2009,BDL,CT,ANE,EN,Towers with Radar,132,69,43,0,244,0,0,12,0,12,132,69,55,0,256,19,0,19,275
06/29/2009,BDL,CT,ANE,EN,Towers with Radar,145,83,38,9,275,0,1,22,1,24,145,84,60,10,299,21,6,27,326
06/30/2009,BDL,CT,ANE,EN,Towers with Radar,167,82,32,2,283,0,2,18,3,23,167,84,50,5,306,13,0,13,319
07/01/2009,BDL,CT,ANE,EN,Towers with Radar,171,82,41,9,303,0,1,9,1,11,171,83,50,10,314,11,0,11,325
07/02/2009,BDL,CT,ANE,EN,Towers with Radar,157,83,25,8,273,0,0,0,0,0,157,83,25,8,273,7,0,7,280
07/03/2009,BDL,CT,ANE,EN,Towers with Radar,146,72,22,0,240,0,1,4,0,5,146,73,26,0,245,7,0,7,252
07/04/2009,BDL,CT,ANE,EN,Towers with Radar,83,51,5,0,139,0,0,14,0,14,83,51,19,0,153,2,0,2,155
07/05/2009,BDL,CT,ANE,EN,Towers with Radar,124,62,23,0,209,0,0,16,0,16,124,62,39,0,225,8,0,8,233
07/06/2009,BDL,CT,ANE,EN,Towers with Radar,143,76,20,1,240,0,2,33,0,35,143,78,53,1,275,10,0,10,285
07/07/2009,BDL,CT,ANE,EN,Towers with Radar,166,93,23,5,287,0,1,12,3,16,166,94,35,8,303,17,0,17,320
07/08/2009,BDL,CT,ANE,EN,Towers with Radar,156,88,41,10,295,0,1,19,5,25,156,89,60,15,320,10,10,20,340
07/09/2009,BDL,CT,ANE,EN,Towers with Radar,158,93,54,12,317,0,3,13,4,20,158,96,67,16,337,50,0,50,387
07/10/2009,BDL,CT,ANE,EN,Towers with Radar,151,87,28,8,274,0,1,31,2,34,151,88,59,10,308,34,2,36,344
07/11/2009,BDL,CT,ANE,EN,Towers with Radar,109,60,10,0,179,0,0,15,4,19,109,60,25,4,198,12,0,12,210
07/12/2009,BDL,CT,ANE,EN,Towers with Radar,131,55,25,0,211,0,1,13,11,25,131,56,38,11,236,11,0,11,247
07/13/2009,BDL,CT,ANE,EN,Towers with Radar,140,83,36,8,267,0,2,29,6,37,140,85,65,14,304,42,0,42,346
07/14/2009,BDL,CT,ANE,EN,Towers with Radar,156,91,33,10,290,0,3,26,3,32,156,94,59,13,322,20,0,20,342
07/15/2009,BDL,CT,ANE,EN,Towers with Radar,151,90,26,8,275,0,4,29,4,37,151,94,55,12,312,10,0,10,322
07/16/2009,BDL,CT,ANE,EN,Towers with Radar,155,94,38,7,294,0,2,6,5,13,155,96,44,12,307,21,0,21,328
07/17/2009,BDL,CT,ANE,EN,Towers with Radar,153,95,34,9,291,0,1,20,4,25,153,96,54,13,316,6,7,13,329
07/18/2009,BDL,CT,ANE,EN,Towers with Radar,112,68,14,1,195,0,0,13,2,15,112,68,27,3,210,11,0,11,221
07/19/2009,BDL,CT,ANE,EN,Towers with Radar,131,59,16,6,212,0,0,20,0,20,131,59,36,6,232,5,0,5,237
07/20/2009,BDL,CT,ANE,EN,Towers with Radar,139,81,20,3,243,0,3,25,1,29,139,84,45,4,272,19,0,19,291
07/21/2009,BDL,CT,ANE,EN,Towers with Radar,155,93,37,5,290,0,1,5,0,6,155,94,42,5,296,8,0,8,304
07/22/2009,BDL,CT,ANE,EN,Towers with Radar,154,101,50,3,308,0,1,23,8,32,154,102,73,11,340,36,0,36,376
07/23/2009,BDL,CT,ANE,EN,Towers with Radar,153,97,47,8,305,0,0,9,1,10,153,97,56,9,315,7,0,7,322
07/24/2009,BDL,CT,ANE,EN,Towers with Radar,154,102,28,2,286,0,2,9,0,11,154,104,37,2,297,4,0,4,301
07/25/2009,BDL,CT,ANE,EN,Towers with Radar,113,62,8,0,183,0,0,12,4,16,113,62,20,4,199,2,0,2,201
07/26/2009,BDL,CT,ANE,EN,Towers with Radar,136,59,24,0,219,0,0,2,0,2,136,59,26,0,221,4,0,4,225
07/27/2009,BDL,CT,ANE,EN,Towers with Radar,146,80,30,4,260,0,2,15,0,17,146,82,45,4,277,4,0,4,281
07/28/2009,BDL,CT,ANE,EN,Towers with Radar,151,90,43,5,289,0,2,26,3,31,151,92,69,8,320,20,0,20,340
07/29/2009,BDL,CT,ANE,EN,Towers with Radar,162,86,42,6,296,0,0,3,2,5,162,86,45,8,301,10,0,10,311
07/30/2009,BDL,CT,ANE,EN,Towers with Radar,160,108,50,6,324,0,4,18,6,28,160,112,68,12,352,25,0,25,377
07/31/2009,BDL,CT,ANE,EN,Towers with Radar,148,106,24,4,282,0,1,5,0,6,148,107,29,4,288,4,0,4,292
08/01/2009,BDL,CT,ANE,EN,Towers with Radar,109,65,23,1,198,0,0,16,3,19,109,65,39,4,217,36,0,36,253
08/02/2009,BDL,CT,ANE,EN,Towers with Radar,131,59,18,0,208,0,0,2,0,2,131,59,20,0,210,7,0,7,217
08/03/2009,BDL,CT,ANE,EN,Towers with Radar,138,84,32,1,255,0,4,32,0,36,138,88,64,1,291,15,0,15,306
08/04/2009,BDL,CT,ANE,EN,Towers with Radar,152,99,31,8,290,0,2,35,4,41,152,101,66,12,331,18,0,18,349
08/05/2009,BDL,CT,ANE,EN,Towers with Radar,152,94,33,4,283,0,2,10,6,18,152,96,43,10,301,25,0,25,326
08/06/2009,BDL,CT,ANE,EN,Towers with Radar,152,90,22,7,271,0,5,33,8,46,152,95,55,15,317,23,0,23,340
08/07/2009,BDL,CT,ANE,EN,Towers with Radar,150,83,28,2,263,0,2,22,2,26,150,85,50,4,289,28,0,28,317
08/08/2009,BDL,CT,ANE,EN,Towers with Radar,111,59,10,1,181,0,0,14,2,16,111,59,24,3,197,23,0,23,220
08/09/2009,BDL,CT,ANE,EN,Towers with Radar,133,58,21,1,213,0,0,10,0,10,133,58,31,1,223,12,2,14,237
08/10/2009,BDL,CT,ANE,EN,Towers with Radar,147,88,22,4,261,0,2,16,2,20,147,90,38,6,281,4,0,4,285
08/11/2009,BDL,CT,ANE,EN,Towers with Radar,174,86,30,4,294,0,2,10,4,16,174,88,40,8,310,10,0,10,320
08/12/2009,BDL,CT,ANE,EN,Towers with Radar,170,91,25,5,291,0,2,11,5,18,170,93,36,10,309,6,2,8,317
08/13/2009,BDL,CT,ANE,EN,Towers with Radar,158,96,40,6,300,0,1,3,1,5,158,97,43,7,305,22,0,22,327
08/14/2009,BDL,CT,ANE,EN,Towers with Radar,152,98,29,4,283,0,2,27,3,32,152,100,56,7,315,31,0,31,346
08/15/2009,BDL,CT,ANE,EN,Towers with Radar,111,62,8,0,181,0,2,22,0,24,111,64,30,0,205,14,0,14,219
08/16/2009,BDL,CT,ANE,EN,Towers with Radar,133,64,18,0,215,0,0,12,0,12,133,64,30,0,227,16,0,16,243
08/17/2009,BDL,CT,ANE,EN,Towers with Radar,140,91,33,0,264,0,2,31,0,33,140,93,64,0,297,4,0,4,301
08/18/2009,BDL,CT,ANE,EN,Towers with Radar,155,80,30,1,266,0,1,16,7,24,155,81,46,8,290,20,0,20,310
08/19/2009,BDL,CT,ANE,EN,Towers with Radar,156,79,37,7,279,0,1,15,6,22,156,80,52,13,301,27,0,27,328
08/20/2009,BDL,CT,ANE,EN,Towers with Radar,158,84,28,9,279,0,2,16,4,22,158,86,44,13,301,12,0,12,313
08/21/2009,BDL,CT,ANE,EN,Towers with Radar,140,79,23,3,245,0,1,10,0,11,140,80,33,3,256,7,0,7,263
08/22/2009,BDL,CT,ANE,EN,Towers with Radar,113,60,17,0,190,0,0,2,0,2,113,60,19,0,192,8,0,8,200
08/23/2009,BDL,CT,ANE,EN,Towers with Radar,135,61,16,1,213,0,0,6,0,6,135,61,22,1,219,2,0,2,221
08/24/2009,BDL,CT,ANE,EN,Towers with Radar,147,74,35,4,260,0,0,35,0,35,147,74,70,4,295,38,0,38,333
08/25/2009,BDL,CT,ANE,EN,Towers with Radar,156,74,30,6,266,0,1,14,1,16,156,75,44,7,282,12,0,12,294
08/26/2009,BDL,CT,ANE,EN,Towers with Radar,154,83,34,3,274,0,1,18,6,25,154,84,52,9,299,5,0,5,304
08/27/2009,BDL,CT,ANE,EN,Towers with Radar,159,88,53,2,302,0,1,19,10,30,159,89,72,12,332,25,0,25,357
08/28/2009,BDL,CT,ANE,EN,Towers with Radar,153,84,35,7,279,0,3,20,0,23,153,87,55,7,302,11,0,11,313
08/29/2009,BDL,CT,ANE,EN,Towers with Radar,108,71,12,0,191,0,0,0,0,0,108,71,12,0,191,4,0,4,195
08/30/2009,BDL,CT,ANE,EN,Towers with Radar,129,59,20,4,212,0,0,7,0,7,129,59,27,4,219,5,0,5,224
08/31/2009,BDL,CT,ANE,EN,Towers with Radar,146,78,44,0,268,0,0,15,0,15,146,78,59,0,283,7,0,7,290
09/01/2009,BDL,CT,ANE,EN,Towers with Radar,149,75,26,3,253,0,3,25,1,29,149,78,51,4,282,11,0,11,293
09/02/2009,BDL,CT,ANE,EN,Towers with Radar,156,70,35,3,264,0,3,35,3,41,156,73,70,6,305,32,0,32,337
09/03/2009,BDL,CT,ANE,EN,Towers with Radar,160,69,30,5,264,0,1,32,5,38,160,70,62,10,302,24,0,24,326
09/04/2009,BDL,CT,ANE,EN,Towers with Radar,161,74,30,2,267,0,2,26,2,30,161,76,56,4,297,16,0,16,313
09/05/2009,BDL,CT,ANE,EN,Towers with Radar,108,44,4,0,156,0,0,20,0,20,108,44,24,0,176,4,0,4,180
09/06/2009,BDL,CT,ANE,EN,Towers with Radar,104,40,9,0,153,0,0,21,0,21,104,40,30,0,174,16,0,16,190
09/07/2009,BDL,CT,ANE,EN,Towers with Radar,124,55,12,0,191,0,0,17,0,17,124,55,29,0,208,34,0,34,242
09/08/2009,BDL,CT,ANE,EN,Towers with Radar,145,69,33,0,247,0,1,30,2,33,145,70,63,2,280,19,0,19,299
09/09/2009,BDL,CT,ANE,EN,Towers with Radar,161,81,37,4,283,0,0,19,6,25,161,81,56,10,308,19,0,19,327
09/10/2009,BDL,CT,ANE,EN,Towers with Radar,162,67,27,9,265,0,1,13,5,19,162,68,40,14,284,14,0,14,298
09/11/2009,BDL,CT,ANE,EN,Towers with Radar,154,72,38,2,266,0,0,3,0,3,154,72,41,2,269,4,0,4,273
09/12/2009,BDL,CT,ANE,EN,Towers with Radar,105,46,28,8,187,0,0,0,0,0,105,46,28,8,187,4,0,4,191
09/13/2009,BDL,CT,ANE,EN,Towers with Radar,129,51,31,0,211,0,0,10,1,11,129,51,41,1,222,19,0,19,241
09/14/2009,BDL,CT,ANE,EN,Towers with Radar,148,66,31,2,247,0,1,26,0,27,148,67,57,2,274,8,0,8,282
09/15/2009,BDL,CT,ANE,EN,Towers with Radar,152,68,29,2,251,0,4,40,4,48,152,72,69,6,299,32,0,32,331
09/16/2009,BDL,CT,ANE,EN,Towers with Radar,157,67,34,13,271,0,0,14,4,18,157,67,48,17,289,21,10,31,320
09/17/2009,BDL,CT,ANE,EN,Towers with Radar,161,74,34,6,275,0,0,15,6,21,161,74,49,12,296,14,2,16,312
09/18/2009,BDL,CT,ANE,EN,Towers with Radar,158,74,40,1,273,0,0,26,4,30,158,74,66,5,303,30,0,30,333
09/19/2009,BDL,CT,ANE,EN,Towers with Radar,102,50,9,0,161,0,0,10,0,10,102,50,19,0,171,27,0,27,198
09/20/2009,BDL,CT,ANE,EN,Towers with Radar,132,45,30,2,209,0,0,10,2,12,132,45,40,4,221,29,0,29,250
09/21/2009,BDL,CT,ANE,EN,Towers with Radar,141,74,39,7,261,0,0,34,3,37,141,74,73,10,298,6,0,6,304
09/22/2009,BDL,CT,ANE,EN,Towers with Radar,157,73,40,7,277,0,0,28,4,32,157,73,68,11,309,6,0,6,315
09/23/2009,BDL,CT,ANE,EN,Towers with Radar,159,74,43,12,288,0,0,31,6,37,159,74,74,18,325,8,0,8,333
09/24/2009,BDL,CT,ANE,EN,Towers with Radar,159,77,42,4,282,0,0,20,5,25,159,77,62,9,307,19,4,23,330
09/25/2009,BDL,CT,ANE,EN,Towers with Radar,155,71,34,2,262,0,2,11,0,13,155,73,45,2,275,19,0,19,294
09/26/2009,BDL,CT,ANE,EN,Towers with Radar,102,49,12,2,165,0,0,17,0,17,102,49,29,2,182,36,0,36,218
09/27/2009,BDL,CT,ANE,EN,Towers with Radar,133,50,24,0,207,0,0,0,0,0,133,50,24,0,207,6,0,6,213
09/28/2009,BDL,CT,ANE,EN,Towers with Radar,147,64,43,0,254,0,0,12,0,12,147,64,55,0,266,9,0,9,275
09/29/2009,BDL,CT,ANE,EN,Towers with Radar,152,75,29,2,258,0,1,19,2,22,152,76,48,4,280,7,0,7,287
09/30/2009,BDL,CT,ANE,EN,Towers with Radar,159,66,27,4,256,0,2,18,4,24,159,68,45,8,280,10,0,10,290
10/01/2009,BDL,CT,ANE,EN,Towers with Radar,154,79,29,2,264,0,2,15,6,23,154,81,44,8,287,20,2,22,309
10/02/2009,BDL,CT,ANE,EN,Towers with Radar,154,80,31,6,271,0,0,21,2,23,154,80,52,8,294,21,0,21,315
10/03/2009,BDL,CT,ANE,EN,Towers with Radar,109,59,26,4,198,0,0,0,0,0,109,59,26,4,198,4,0,4,202
10/04/2009,BDL,CT,ANE,EN,Towers with Radar,128,57,27,2,214,0,0,8,4,12,128,57,35,6,226,6,0,6,232
10/05/2009,BDL,CT,ANE,EN,Towers with Radar,144,73,42,9,268,0,2,30,3,35,144,75,72,12,303,25,0,25,328
10/06/2009,BDL,CT,ANE,EN,Towers with Radar,150,75,33,7,265,0,1,41,5,47,150,76,74,12,312,36,0,36,348
10/07/2009,BDL,CT,ANE,EN,Towers with Radar,156,89,42,7,294,0,0,8,4,12,156,89,50,11,306,21,3,24,330
10/08/2009,BDL,CT,ANE,EN,Towers with Radar,156,86,42,16,300,0,0,35,3,38,156,86,77,19,338,22,1,23,361
10/09/2009,BDL,CT,ANE,EN,Towers with Radar,152,92,42,4,290,0,2,9,0,11,152,94,51,4,301,10,0,10,311
10/10/2009,BDL,CT,ANE,EN,Towers with Radar,107,55,22,0,184,0,1,18,0,19,107,56,40,0,203,3,0,3,206
10/11/2009,BDL,CT,ANE,EN,Towers with Radar,131,54,21,2,208,0,0,23,0,23,131,54,44,2,231,20,0,20,251
10/12/2009,BDL,CT,ANE,EN,Towers with Radar,145,66,45,1,257,0,0,26,0,26,145,66,71,1,283,30,0,30,313
10/13/2009,BDL,CT,ANE,EN,Towers with Radar,152,79,35,5,271,0,1,12,0,13,152,80,47,5,284,17,0,17,301
10/14/2009,BDL,CT,ANE,EN,Towers with Radar,157,69,59,6,291,0,1,39,3,43,157,70,98,9,334,36,0,36,370
10/15/2009,BDL,CT,ANE,EN,Towers with Radar,160,76,26,5,267,0,0,20,1,21,160,76,46,6,288,28,0,28,316
10/16/2009,BDL,CT,ANE,EN,Towers with Radar,155,77,35,4,271,0,0,9,0,9,155,77,44,4,280,10,0,10,290
10/17/2009,BDL,CT,ANE,EN,Towers with Radar,105,52,19,0,176,0,0,5,2,7,105,52,24,2,183,20,0,20,203
10/18/2009,BDL,CT,ANE,EN,Towers with Radar,125,62,11,2,200,0,0,2,0,2,125,62,13,2,202,2,0,2,204
10/19/2009,BDL,CT,ANE,EN,Towers with Radar,146,69,28,6,249,0,0,23,5,28,146,69,51,11,277,25,0,25,302
10/20/2009,BDL,CT,ANE,EN,Towers with Radar,147,73,24,6,250,0,1,20,6,27,147,74,44,12,277,11,0,11,288
10/21/2009,BDL,CT,ANE,EN,Towers with Radar,161,74,29,8,272,0,1,27,4,32,161,75,56,12,304,6,0,6,310
10/22/2009,BDL,CT,ANE,EN,Towers with Radar,160,75,47,5,287,0,3,20,7,30,160,78,67,12,317,11,1,12,329
10/23/2009,BDL,CT,ANE,EN,Towers with Radar,151,71,38,7,267,0,0,22,0,22,151,71,60,7,289,21,0,21,310
10/24/2009,BDL,CT,ANE,EN,Towers with Radar,109,52,25,2,188,0,0,0,0,0,109,52,25,2,188,12,0,12,200
10/25/2009,BDL,CT,ANE,EN,Towers with Radar,126,65,21,2,214,0,0,15,0,15,126,65,36,2,229,15,0,15,244
10/26/2009,BDL,CT,ANE,EN,Towers with Radar,143,74,28,2,247,0,0,32,2,34,143,74,60,4,281,10,0,10,291
10/27/2009,BDL,CT,ANE,EN,Towers with Radar,147,74,43,11,275,0,0,7,2,9,147,74,50,13,284,16,0,16,300
10/28/2009,BDL,CT,ANE,EN,Towers with Radar,149,71,38,9,267,0,0,2,0,2,149,71,40,9,269,12,0,12,281
10/29/2009,BDL,CT,ANE,EN,Towers with Radar,158,88,34,14,294,0,0,46,6,52,158,88,80,20,346,22,7,29,375
10/30/2009,BDL,CT,ANE,EN,Towers with Radar,149,84,42,15,290,0,0,30,9,39,149,84,72,24,329,18,0,18,347
10/31/2009,BDL,CT,ANE,EN,Towers with Radar,107,49,12,6,174,0,0,3,0,3,107,49,15,6,177,9,0,9,186
11/01/2009,BDL,CT,ANE,EN,Towers with Radar,117,66,16,3,202,0,0,11,0,11,117,66,27,3,213,21,0,21,234
11/02/2009,BDL,CT,ANE,EN,Towers with Radar,136,86,30,14,266,0,0,23,4,27,136,86,53,18,293,27,3,30,323
11/03/2009,BDL,CT,ANE,EN,Towers with Radar,146,85,25,11,267,0,2,25,1,28,146,87,50,12,295,25,0,25,320
11/04/2009,BDL,CT,ANE,EN,Towers with Radar,149,84,29,10,272,0,0,20,4,24,149,84,49,14,296,22,0,22,318
11/05/2009,BDL,CT,ANE,EN,Towers with Radar,148,90,29,9,276,0,0,8,1,9,148,90,37,10,285,23,0,23,308
11/06/2009,BDL,CT,ANE,EN,Towers with Radar,149,80,39,12,280,0,0,18,1,19,149,80,57,13,299,34,0,34,333
11/07/2009,BDL,CT,ANE,EN,Towers with Radar,105,55,13,11,184,0,0,18,7,25,105,55,31,18,209,32,13,45,254
11/08/2009,BDL,CT,ANE,EN,Towers with Radar,119,69,21,0,209,0,0,22,7,29,119,69,43,7,238,22,23,45,283
11/09/2009,BDL,CT,ANE,EN,Towers with Radar,137,76,22,0,235,0,0,24,0,24,137,76,46,0,259,8,0,8,267
11/10/2009,BDL,CT,ANE,EN,Towers with Radar,146,88,40,13,287,0,1,36,2,39,146,89,76,15,326,13,0,13,339
11/11/2009,BDL,CT,ANE,EN,Towers with Radar,148,80,35,0,263,0,1,29,0,30,148,81,64,0,293,26,0,26,319
11/12/2009,BDL,CT,ANE,EN,Towers with Radar,154,86,39,7,286,0,0,31,1,32,154,86,70,8,318,10,0,10,328
11/13/2009,BDL,CT,ANE,EN,Towers with Radar,147,82,27,9,265,0,0,8,3,11,147,82,35,12,276,6,0,6,282
11/14/2009,BDL,CT,ANE,EN,Towers with Radar,104,57,10,4,175,0,0,0,0,0,104,57,10,4,175,7,0,7,182
11/15/2009,BDL,CT,ANE,EN,Towers with Radar,115,63,28,6,212,0,0,5,0,5,115,63,33,6,217,9,0,9,226
11/16/2009,BDL,CT,ANE,EN,Towers with Radar,140,83,34,6,263,0,1,24,2,27,140,84,58,8,290,6,0,6,296
11/17/2009,BDL,CT,ANE,EN,Towers with Radar,146,87,33,8,274,0,3,20,2,25,146,90,53,10,299,24,0,24,323
11/18/2009,BDL,CT,ANE,EN,Towers with Radar,148,81,41,9,279,0,6,25,3,34,148,87,66,12,313,26,0,26,339
11/19/2009,BDL,CT,ANE,EN,Towers with Radar,145,92,39,7,283,0,2,13,3,18,145,94,52,10,301,5,0,5,306
11/20/2009,BDL,CT,ANE,EN,Towers with Radar,153,84,37,9,283,0,1,13,2,16,153,85,50,11,299,24,0,24,323
11/21/2009,BDL,CT,ANE,EN,Towers with Radar,112,56,21,0,189,0,1,28,0,29,112,57,49,0,218,48,0,48,266
11/22/2009,BDL,CT,ANE,EN,Towers with Radar,115,62,17,2,196,0,0,24,0,24,115,62,41,2,220,25,0,25,245
11/23/2009,BDL,CT,ANE,EN,Towers with Radar,138,80,40,0,258,0,0,3,0,3,138,80,43,0,261,12,0,12,273
11/24/2009,BDL,CT,ANE,EN,Towers with Radar,156,90,39,5,290,0,0,6,1,7,156,90,45,6,297,11,0,11,308
11/25/2009,BDL,CT,ANE,EN,Towers with Radar,153,89,32,2,276,0,0,0,0,0,153,89,32,2,276,7,0,7,283
11/26/2009,BDL,CT,ANE,EN,Towers with Radar,89,44,9,0,142,0,0,1,0,1,89,44,10,0,143,8,0,8,151
11/27/2009,BDL,CT,ANE,EN,Towers with Radar,121,41,8,0,170,0,0,0,0,0,121,41,8,0,170,5,0,5,175
11/28/2009,BDL,CT,ANE,EN,Towers with Radar,118,58,7,0,183,0,0,0,0,0,118,58,7,0,183,6,0,6,189
11/29/2009,BDL,CT,ANE,EN,Towers with Radar,141,74,31,0,246,0,0,22,0,22,141,74,53,0,268,12,0,12,280
11/30/2009,BDL,CT,ANE,EN,Towers with Radar,139,81,41,6,267,0,1,14,0,15,139,82,55,6,282,18,0,18,300
12/01/2009,BDL,CT,ANE,EN,Towers with Radar,158,80,36,3,277,0,0,27,3,30,158,80,63,6,307,31,0,31,338
12/02/2009,BDL,CT,ANE,EN,Towers with Radar,156,83,32,6,277,1,0,41,6,48,157,83,73,12,325,45,0,45,370
12/03/2009,BDL,CT,ANE,EN,Towers with Radar,165,83,20,2,270,0,0,11,6,17,165,83,31,8,287,8,0,8,295
12/04/2009,BDL,CT,ANE,EN,Towers with Radar,150,81,38,2,271,0,0,17,0,17,150,81,55,2,288,27,0,27,315
12/05/2009,BDL,CT,ANE,EN,Towers with Radar,106,51,14,8,179,0,0,2,0,2,106,51,16,8,181,4,0,4,185
12/06/2009,BDL,CT,ANE,EN,Towers with Radar,124,58,31,0,213,0,0,8,0,8,124,58,39,0,221,19,0,19,240
12/07/2009,BDL,CT,ANE,EN,Towers with Radar,137,80,24,3,244,0,3,30,0,33,137,83,54,3,277,22,0,22,299
12/08/2009,BDL,CT,ANE,EN,Towers with Radar,147,75,26,8,256,0,2,43,4,49,147,77,69,12,305,33,0,33,338
12/09/2009,BDL,CT,ANE,EN,Towers with Radar,161,72,34,4,271,0,0,2,0,2,161,72,36,4,273,4,0,4,277
12/10/2009,BDL,CT,ANE,EN,Towers with Radar,154,83,41,14,292,0,7,20,4,31,154,90,61,18,323,13,0,13,336
12/11/2009,BDL,CT,ANE,EN,Towers with Radar,152,82,35,8,277,0,4,8,2,14,152,86,43,10,291,5,0,5,296
12/12/2009,BDL,CT,ANE,EN,Towers with Radar,110,54,18,3,185,0,1,14,2,17,110,55,32,5,202,10,0,10,212
12/13/2009,BDL,CT,ANE,EN,Towers with Radar,121,73,11,0,205,0,0,0,0,0,121,73,11,0,205,10,0,10,215
12/14/2009,BDL,CT,ANE,EN,Towers with Radar,135,84,48,6,273,0,2,23,0,25,135,86,71,6,298,22,0,22,320
12/15/2009,BDL,CT,ANE,EN,Towers with Radar,157,82,34,10,283,0,0,12,2,14,157,82,46,12,297,27,0,27,324
12/16/2009,BDL,CT,ANE,EN,Towers with Radar,156,85,37,10,288,0,1,7,5,13,156,86,44,15,301,30,0,30,331
12/17/2009,BDL,CT,ANE,EN,Towers with Radar,164,94,56,11,325,0,3,23,5,31,164,97,79,16,356,5,0,5,361
12/18/2009,BDL,CT,ANE,EN,Towers with Radar,151,76,35,9,271,0,6,22,1,29,151,82,57,10,300,15,0,15,315
12/19/2009,BDL,CT,ANE,EN,Towers with Radar,89,44,19,0,152,0,1,9,0,10,89,45,28,0,162,10,0,10,172
12/20/2009,BDL,CT,ANE,EN,Towers with Radar,85,39,11,0,135,0,0,0,0,0,85,39,11,0,135,3,0,3,138
12/21/2009,BDL,CT,ANE,EN,Towers with Radar,155,70,19,10,254,0,1,6,0,7,155,71,25,10,261,5,0,5,266
12/22/2009,BDL,CT,ANE,EN,Towers with Radar,164,83,16,9,272,0,1,17,4,22,164,84,33,13,294,8,0,8,302
12/23/2009,BDL,CT,ANE,EN,Towers with Radar,165,75,24,8,272,0,1,13,6,20,165,76,37,14,292,12,0,12,304
12/24/2009,BDL,CT,ANE,EN,Towers with Radar,151,52,12,0,215,0,1,12,0,13,151,53,24,0,228,42,0,42,270
12/25/2009,BDL,CT,ANE,EN,Towers with Radar,111,33,2,0,146,0,0,0,0,0,111,33,2,0,146,2,0,2,148
12/26/2009,BDL,CT,ANE,EN,Towers with Radar,117,53,15,0,185,0,0,0,0,0,117,53,15,0,185,4,0,4,189
12/27/2009,BDL,CT,ANE,EN,Towers with Radar,134,63,19,2,218,0,1,5,0,6,134,64,24,2,224,7,0,7,231
12/28/2009,BDL,CT,ANE,EN,Towers with Radar,143,76,12,8,239,1,2,1,0,4,144,78,13,8,243,5,0,5,248
12/29/2009,BDL,CT,ANE,EN,Towers with Radar,156,70,5,8,239,0,1,0,3,4,156,71,5,11,243,5,0,5,248
12/30/2009,BDL,CT,ANE,EN,Towers with Radar,154,76,29,9,268,0,1,32,4,37,154,77,61,13,305,29,0,29,334
12/31/2009,BDL,CT,ANE,EN,Towers with Radar,146,59,6,5,216,0,1,0,0,1,146,60,6,5,217,5,0,5,222
01/01/2010,BDL,CT,ANE,EN,Towers with Radar,110,47,5,1,163,0,0,0,0,0,110,47,5,1,163,16,0,16,179
01/02/2010,BDL,CT,ANE,EN,Towers with Radar,119,64,11,1,195,0,0,0,0,0,119,64,11,1,195,6,0,6,201
01/03/2010,BDL,CT,ANE,EN,Towers with Radar,143,65,22,0,230,0,0,0,0,0,143,65,22,0,230,4,0,4,234
01/04/2010,BDL,CT,ANE,EN,Towers with Radar,145,75,18,0,238,0,2,10,0,12,145,77,28,0,250,14,0,14,264
01/05/2010,BDL,CT,ANE,EN,Towers with Radar,148,77,15,6,246,0,0,23,3,26,148,77,38,9,272,22,0,22,294
01/06/2010,BDL,CT,ANE,EN,Towers with Radar,152,82,23,9,266,0,0,24,4,28,152,82,47,13,294,4,0,4,298
01/07/2010,BDL,CT,ANE,EN,Towers with Radar,147,74,24,10,255,0,0,34,1,35,147,74,58,11,290,56,0,56,346
01/08/2010,BDL,CT,ANE,EN,Towers with Radar,149,73,13,10,245,0,0,6,0,6,149,73,19,10,251,4,6,10,261
01/09/2010,BDL,CT,ANE,EN,Towers with Radar,113,52,13,6,184,0,1,21,6,28,113,53,34,12,212,21,0,21,233
01/10/2010,BDL,CT,ANE,EN,Towers with Radar,116,54,11,0,181,0,0,18,0,18,116,54,29,0,199,23,0,23,222
01/11/2010,BDL,CT,ANE,EN,Towers with Radar,137,77,24,7,245,0,1,16,0,17,137,78,40,7,262,12,0,12,274
01/12/2010,BDL,CT,ANE,EN,Towers with Radar,145,79,33,4,261,0,2,22,5,29,145,81,55,9,290,19,0,19,309
01/13/2010,BDL,CT,ANE,EN,Towers with Radar,146,72,41,16,275,0,1,19,11,31,146,73,60,27,306,4,26,30,336
01/14/2010,BDL,CT,ANE,EN,Towers with Radar,155,84,25,6,270,0,1,17,5,23,155,85,42,11,293,14,0,14,307
01/15/2010,BDL,CT,ANE,EN,Towers with Radar,146,85,16,2,249,0,0,8,0,8,146,85,24,2,257,7,0,7,264
01/16/2010,BDL,CT,ANE,EN,Towers with Radar,103,60,17,4,184,0,0,27,0,27,103,60,44,4,211,19,0,19,230
01/17/2010,BDL,CT,ANE,EN,Towers with Radar,113,61,18,0,192,0,0,8,0,8,113,61,26,0,200,9,2,11,211
01/18/2010,BDL,CT,ANE,EN,Towers with Radar,140,76,22,0,238,0,0,4,0,4,140,76,26,0,242,9,0,9,251
01/19/2010,BDL,CT,ANE,EN,Towers with Radar,149,76,27,8,260,0,0,0,0,0,149,76,27,8,260,8,0,8,268
01/20/2010,BDL,CT,ANE,EN,Towers with Radar,146,81,35,12,274,0,0,32,4,36,146,81,67,16,310,28,0,28,338
01/21/2010,BDL,CT,ANE,EN,Towers with Radar,150,81,26,8,265,0,2,30,6,38,150,83,56,14,303,23,0,23,326
01/22/2010,BDL,CT,ANE,EN,Towers with Radar,150,77,34,7,268,0,1,13,4,18,150,78,47,11,286,8,0,8,294
01/23/2010,BDL,CT,ANE,EN,Towers with Radar,101,55,13,0,169,0,0,33,2,35,101,55,46,2,204,19,0,19,223
01/24/2010,BDL,CT,ANE,EN,Towers with Radar,118,61,13,3,195,0,0,4,2,6,118,61,17,5,201,28,0,28,229
01/25/2010,BDL,CT,ANE,EN,Towers with Radar,142,78,18,8,246,0,0,2,0,2,142,78,20,8,248,14,0,14,262
01/26/2010,BDL,CT,ANE,EN,Towers with Radar,143,87,25,8,263,0,2,19,3,24,143,89,44,11,287,12,0,12,299
01/27/2010,BDL,CT,ANE,EN,Towers with Radar,147,80,34,8,269,0,1,22,2,25,147,81,56,10,294,13,0,13,307
01/28/2010,BDL,CT,ANE,EN,Towers with Radar,156,86,27,3,272,0,1,4,1,6,156,87,31,4,278,10,0,10,288
01/29/2010,BDL,CT,ANE,EN,Towers with Radar,145,82,17,5,249,0,3,6,1,10,145,85,23,6,259,6,0,6,265
01/30/2010,BDL,CT,ANE,EN,Towers with Radar,92,43,18,0,153,0,0,16,0,16,92,43,34,0,169,23,0,23,192
01/31/2010,BDL,CT,ANE,EN,Towers with Radar,127,59,19,0,205,0,0,6,0,6,127,59,25,0,211,29,0,29,240
02/01/2010,BDL,CT,ANE,EN,Towers with Radar,140,74,35,2,251,0,5,21,0,26,140,79,56,2,277,10,0,10,287
02/02/2010,BDL,CT,ANE,EN,Towers with Radar,140,78,49,10,277,0,1,12,4,17,140,79,61,14,294,19,0,19,313
02/03/2010,BDL,CT,ANE,EN,Towers with Radar,146,80,28,10,264,0,1,12,4,17,146,81,40,14,281,10,0,10,291
02/04/2010,BDL,CT,ANE,EN,Towers with Radar,149,87,39,9,284,0,3,11,3,17,149,90,50,12,301,8,0,8,309
02/05/2010,BDL,CT,ANE,EN,Towers with Radar,127,84,26,8,245,0,3,15,6,24,127,87,41,14,269,4,0,4,273
02/06/2010,BDL,CT,ANE,EN,Towers with Radar,77,37,10,6,130,0,1,0,2,3,77,38,10,8,133,4,0,4,137
02/07/2010,BDL,CT,ANE,EN,Towers with Radar,87,58,19,0,164,0,0,9,0,9,87,58,28,0,173,3,0,3,176
02/08/2010,BDL,CT,ANE,EN,Towers with Radar,124,85,32,8,249,0,0,12,0,12,124,85,44,8,261,7,0,7,268
02/09/2010,BDL,CT,ANE,EN,Towers with Radar,123,85,36,9,253,0,0,16,4,20,123,85,52,13,273,16,0,16,289
02/10/2010,BDL,CT,ANE,EN,Towers with Radar,44,27,14,0,85,0,0,0,0,0,44,27,14,0,85,4,0,4,89
02/11/2010,BDL,CT,ANE,EN,Towers with Radar,108,78,25,6,217,0,0,7,4,11,108,78,32,10,228,4,0,4,232
02/12/2010,BDL,CT,ANE,EN,Towers with Radar,137,87,35,0,259,0,1,17,0,18,137,88,52,0,277,18,0,18,295
02/13/2010,BDL,CT,ANE,EN,Towers with Radar,104,57,17,0,178,0,0,20,0,20,104,57,37,0,198,33,0,33,231
02/14/2010,BDL,CT,ANE,EN,Towers with Radar,125,63,11,0,199,0,0,3,0,3,125,63,14,0,202,12,0,12,214
02/15/2010,BDL,CT,ANE,EN,Towers with Radar,135,72,19,0,226,0,0,11,0,11,135,72,30,0,237,21,0,21,258
02/16/2010,BDL,CT,ANE,EN,Towers with Radar,150,87,25,5,267,0,0,0,0,0,150,87,25,5,267,4,0,4,271
02/17/2010,BDL,CT,ANE,EN,Towers with Radar,156,73,21,4,254,0,2,17,5,24,156,75,38,9,278,24,0,24,302
02/18/2010,BDL,CT,ANE,EN,Towers with Radar,158,86,21,8,273,0,2,11,3,16,158,88,32,11,289,10,0,10,299
02/19/2010,BDL,CT,ANE,EN,Towers with Radar,147,82,24,5,258,0,1,6,5,12,147,83,30,10,270,10,0,10,280
02/20/2010,BDL,CT,ANE,EN,Towers with Radar,108,60,18,2,188,0,0,11,3,14,108,60,29,5,202,4,0,4,206
02/21/2010,BDL,CT,ANE,EN,Towers with Radar,121,71,24,0,216,0,0,9,1,10,121,71,33,1,226,7,0,7,233
02/22/2010,BDL,CT,ANE,EN,Towers with Radar,145,78,35,4,262,0,1,38,1,40,145,79,73,5,302,16,0,16,318
02/23/2010,BDL,CT,ANE,EN,Towers with Radar,148,94,31,3,276,0,0,0,0,0,148,94,31,3,276,18,0,18,294
02/24/2010,BDL,CT,ANE,EN,Towers with Radar,148,101,34,5,288,0,0,0,0,0,148,101,34,5,288,5,0,5,293
02/25/2010,BDL,CT,ANE,EN,Towers with Radar,128,76,18,0,222,0,0,0,0,0,128,76,18,0,222,10,0,10,232
02/26/2010,BDL,CT,ANE,EN,Towers with Radar,136,77,14,5,232,0,0,0,0,0,136,77,14,5,232,4,0,4,236
02/27/2010,BDL,CT,ANE,EN,Towers with Radar,112,54,18,2,186,0,0,0,0,0,112,54,18,2,186,4,0,4,190
02/28/2010,BDL,CT,ANE,EN,Towers with Radar,124,70,12,0,206,0,0,1,0,1,124,70,13,0,207,4,0,4,211
03/01/2010,BDL,CT,ANE,EN,Towers with Radar,135,83,24,0,242,0,0,7,1,8,135,83,31,1,250,4,0,4,254
03/02/2010,BDL,CT,ANE,EN,Towers with Radar,141,83,33,8,265,0,1,15,5,21,141,84,48,13,286,24,0,24,310
03/03/2010,BDL,CT,ANE,EN,Towers with Radar,152,69,43,7,271,0,1,6,1,8,152,70,49,8,279,4,0,4,283
03/04/2010,BDL,CT,ANE,EN,Towers with Radar,152,86,33,7,278,0,3,17,4,24,152,89,50,11,302,16,0,16,318
03/05/2010,BDL,CT,ANE,EN,Towers with Radar,149,78,31,7,265,0,0,18,1,19,149,78,49,8,284,22,0,22,306
03/06/2010,BDL,CT,ANE,EN,Towers with Radar,105,58,19,3,185,0,0,44,4,48,105,58,63,7,233,10,0,10,243
03/07/2010,BDL,CT,ANE,EN,Towers with Radar,123,72,17,0,212,0,0,15,1,16,123,72,32,1,228,12,0,12,240
03/08/2010,BDL,CT,ANE,EN,Towers with Radar,140,76,44,4,264,0,0,26,0,26,140,76,70,4,290,11,0,11,301
03/09/2010,BDL,CT,ANE,EN,Towers with Radar,147,79,41,6,273,0,2,27,4,33,147,81,68,10,306,15,0,15,321
03/10/2010,BDL,CT,ANE,EN,Towers with Radar,145,73,29,7,254,0,2,28,10,40,145,75,57,17,294,24,0,24,318
03/11/2010,BDL,CT,ANE,EN,Towers with Radar,149,81,37,5,272,0,4,20,9,33,149,85,57,14,305,12,0,12,317
03/12/2010,BDL,CT,ANE,EN,Towers with Radar,143,86,18,5,252,0,3,4,0,7,143,89,22,5,259,6,0,6,265
03/13/2010,BDL,CT,ANE,EN,Towers with Radar,123,50,8,0,181,0,0,0,0,0,123,50,8,0,181,12,0,12,193
03/14/2010,BDL,CT,ANE,EN,Towers with Radar,149,69,18,0,236,0,0,0,0,0,149,69,18,0,236,8,0,8,244
03/15/2010,BDL,CT,ANE,EN,Towers with Radar,154,83,25,0,262,0,0,2,0,2,154,83,27,0,264,4,0,4,268
03/16/2010,BDL,CT,ANE,EN,Towers with Radar,158,70,20,7,255,0,6,22,3,31,158,76,42,10,286,17,12,29,315
03/17/2010,BDL,CT,ANE,EN,Towers with Radar,157,66,25,6,254,0,2,34,16,52,157,68,59,22,306,19,0,19,325
03/18/2010,BDL,CT,ANE,EN,Towers with Radar,163,86,36,8,293,0,4,22,9,35,163,90,58,17,328,8,0,8,336
03/19/2010,BDL,CT,ANE,EN,Towers with Radar,154,83,13,4,254,0,4,26,6,36,154,87,39,10,290,8,0,8,298
03/20/2010,BDL,CT,ANE,EN,Towers with Radar,118,52,18,0,188,0,1,19,0,20,118,53,37,0,208,27,0,27,235
03/21/2010,BDL,CT,ANE,EN,Towers with Radar,128,65,16,0,209,0,0,24,0,24,128,65,40,0,233,6,0,6,239
03/22/2010,BDL,CT,ANE,EN,Towers with Radar,150,93,46,6,295,0,0,2,0,2,150,93,48,6,297,5,0,5,302
03/23/2010,BDL,CT,ANE,EN,Towers with Radar,154,89,40,6,289,0,0,2,1,3,154,89,42,7,292,11,0,11,303
03/24/2010,BDL,CT,ANE,EN,Towers with Radar,159,80,25,8,272,0,4,14,13,31,159,84,39,21,303,4,2,6,309
03/25/2010,BDL,CT,ANE,EN,Towers with Radar,159,86,29,6,280,0,4,43,3,50,159,90,72,9,330,14,0,14,344
03/26/2010,BDL,CT,ANE,EN,Towers with Radar,153,90,26,5,274,0,3,3,1,7,153,93,29,6,281,24,0,24,305
03/27/2010,BDL,CT,ANE,EN,Towers with Radar,118,58,15,0,191,0,0,19,4,23,118,58,34,4,214,6,0,6,220
03/28/2010,BDL,CT,ANE,EN,Towers with Radar,127,69,17,0,213,0,0,1,0,1,127,69,18,0,214,6,0,6,220
03/29/2010,BDL,CT,ANE,EN,Towers with Radar,149,85,30,0,264,0,0,0,0,0,149,85,30,0,264,8,0,8,272
03/30/2010,BDL,CT,ANE,EN,Towers with Radar,147,83,27,2,259,0,0,0,0,0,147,83,27,2,259,4,0,4,263
03/31/2010,BDL,CT,ANE,EN,Towers with Radar,159,83,26,9,277,0,1,7,8,16,159,84,33,17,293,2,2,4,297
04/01/2010,BDL,CT,ANE,EN,Towers with Radar,163,89,30,11,293,0,1,26,10,37,163,90,56,21,330,31,3,34,364
04/02/2010,BDL,CT,ANE,EN,Towers with Radar,157,75,33,18,283,0,3,24,8,35,157,78,57,26,318,18,18,36,354
04/03/2010,BDL,CT,ANE,EN,Towers with Radar,123,52,6,0,181,0,0,8,0,8,123,52,14,0,189,29,0,29,218
04/04/2010,BDL,CT,ANE,EN,Towers with Radar,123,71,11,0,205,0,0,2,0,2,123,71,13,0,207,17,0,17,224
04/05/2010,BDL,CT,ANE,EN,Towers with Radar,145,71,39,5,260,0,1,20,5,26,145,72,59,10,286,16,0,16,302
04/06/2010,BDL,CT,ANE,EN,Towers with Radar,157,69,28,6,260,0,1,19,3,23,157,70,47,9,283,8,0,8,291
04/07/2010,BDL,CT,ANE,EN,Towers with Radar,158,76,26,7,267,0,1,29,8,38,158,77,55,15,305,6,0,6,311
04/08/2010,BDL,CT,ANE,EN,Towers with Radar,160,81,30,6,277,0,1,14,3,18,160,82,44,9,295,16,0,16,311
04/09/2010,BDL,CT,ANE,EN,Towers with Radar,154,80,31,7,272,0,2,4,2,8,154,82,35,9,280,14,0,14,294
04/10/2010,BDL,CT,ANE,EN,Towers with Radar,114,61,14,7,196,0,0,4,2,6,114,61,18,9,202,18,0,18,220
04/11/2010,BDL,CT,ANE,EN,Towers with Radar,120,67,16,0,203,0,0,7,0,7,120,67,23,0,210,8,0,8,218
04/12/2010,BDL,CT,ANE,EN,Towers with Radar,143,72,18,0,233,0,1,11,0,12,143,73,29,0,245,4,0,4,249
04/13/2010,BDL,CT,ANE,EN,Towers with Radar,154,81,23,7,265,0,1,15,2,18,154,82,38,9,283,6,0,6,289
04/14/2010,BDL,CT,ANE,EN,Towers with Radar,154,77,34,6,271,0,2,23,6,31,154,79,57,12,302,16,0,16,318
04/15/2010,BDL,CT,ANE,EN,Towers with Radar,158,95,33,8,294,0,2,26,7,35,158,97,59,15,329,19,0,19,348
04/16/2010,BDL,CT,ANE,EN,Towers with Radar,157,83,9,8,257,0,0,8,2,10,157,83,17,10,267,5,7,12,279
04/17/2010,BDL,CT,ANE,EN,Towers with Radar,118,56,12,0,186,0,0,0,0,0,118,56,12,0,186,8,0,8,194
04/18/2010,BDL,CT,ANE,EN,Towers with Radar,127,58,13,0,198,0,0,8,2,10,127,58,21,2,208,4,0,4,212
04/19/2010,BDL,CT,ANE,EN,Towers with Radar,150,79,23,11,263,0,1,27,0,28,150,80,50,11,291,28,8,36,327
04/20/2010,BDL,CT,ANE,EN,Towers with Radar,154,79,32,9,274,0,1,20,4,25,154,80,52,13,299,33,0,33,332
04/21/2010,BDL,CT,ANE,EN,Towers with Radar,156,80,31,9,276,0,3,19,4,26,156,83,50,13,302,8,0,8,310
04/22/2010,BDL,CT,ANE,EN,Towers with Radar,156,85,28,7,276,0,0,15,6,21,156,85,43,13,297,17,0,17,314
04/23/2010,BDL,CT,ANE,EN,Towers with Radar,154,83,26,5,268,0,4,21,3,28,154,87,47,8,296,7,0,7,303
04/24/2010,BDL,CT,ANE,EN,Towers with Radar,118,57,17,0,192,0,0,12,0,12,118,57,29,0,204,12,0,12,216
04/25/2010,BDL,CT,ANE,EN,Towers with Radar,127,63,26,1,217,0,0,0,0,0,127,63,26,1,217,5,0,5,222
04/26/2010,BDL,CT,ANE,EN,Towers with Radar,156,86,37,5,284,0,0,6,0,6,156,86,43,5,290,4,0,4,294
04/27/2010,BDL,CT,ANE,EN,Towers with Radar,155,82,43,10,290,0,1,6,3,10,155,83,49,13,300,4,0,4,304
04/28/2010,BDL,CT,ANE,EN,Towers with Radar,155,72,39,6,272,0,1,6,4,11,155,73,45,10,283,4,0,4,287
04/29/2010,BDL,CT,ANE,EN,Towers with Radar,163,87,36,6,292,0,1,18,2,21,163,88,54,8,313,27,3,30,343
04/30/2010,BDL,CT,ANE,EN,Towers with Radar,152,77,34,5,268,0,1,18,2,21,152,78,52,7,289,22,0,22,311
05/01/2010,BDL,CT,ANE,EN,Towers with Radar,115,56,29,6,206,0,0,14,4,18,115,56,43,10,224,16,0,16,240
05/02/2010,BDL,CT,ANE,EN,Towers with Radar,128,55,19,1,203,0,0,22,1,23,128,55,41,2,226,24,0,24,250
05/03/2010,BDL,CT,ANE,EN,Towers with Radar,146,90,44,10,290,0,1,12,0,13,146,91,56,10,303,18,0,18,321
05/04/2010,BDL,CT,ANE,EN,Towers with Radar,154,80,25,9,268,0,1,14,4,19,154,81,39,13,287,16,0,16,303
05/05/2010,BDL,CT,ANE,EN,Towers with Radar,157,74,43,8,282,0,1,39,0,40,157,75,82,8,322,10,0,10,332
05/06/2010,BDL,CT,ANE,EN,Towers with Radar,162,78,35,10,285,0,1,8,3,12,162,79,43,13,297,8,0,8,305
05/07/2010,BDL,CT,ANE,EN,Towers with Radar,150,79,41,5,275,0,1,25,8,34,150,80,66,13,309,16,6,22,331
05/08/2010,BDL,CT,ANE,EN,Towers with Radar,120,58,11,0,189,0,0,0,0,0,120,58,11,0,189,4,0,4,193
05/09/2010,BDL,CT,ANE,EN,Towers with Radar,131,60,15,1,207,0,0,1,1,2,131,60,16,2,209,10,0,10,219
05/10/2010,BDL,CT,ANE,EN,Towers with Radar,151,78,36,0,265,0,2,10,0,12,151,80,46,0,277,8,0,8,285
05/11/2010,BDL,CT,ANE,EN,Towers with Radar,155,84,33,8,280,0,1,33,6,40,155,85,66,14,320,26,0,26,346
05/12/2010,BDL,CT,ANE,EN,Towers with Radar,160,83,43,5,291,0,1,3,6,10,160,84,46,11,301,4,0,4,305
05/13/2010,BDL,CT,ANE,EN,Towers with Radar,162,77,42,12,293,0,3,21,18,42,162,80,63,30,335,33,0,33,368
05/14/2010,BDL,CT,ANE,EN,Towers with Radar,148,86,20,8,262,0,1,8,3,12,148,87,28,11,274,6,0,6,280
05/15/2010,BDL,CT,ANE,EN,Towers with Radar,124,56,21,0,201,0,0,10,7,17,124,56,31,7,218,10,0,10,228
05/16/2010,BDL,CT,ANE,EN,Towers with Radar,126,64,23,0,213,0,0,21,5,26,126,64,44,5,239,19,0,19,258
05/17/2010,BDL,CT,ANE,EN,Towers with Radar,147,80,40,5,272,0,1,23,1,25,147,81,63,6,297,31,0,31,328
05/18/2010,BDL,CT,ANE,EN,Towers with Radar,165,81,34,8,288,0,0,7,2,9,165,81,41,10,297,10,0,10,307
05/19/2010,BDL,CT,ANE,EN,Towers with Radar,157,84,37,7,285,0,0,9,0,9,157,84,46,7,294,16,4,20,314
05/20/2010,BDL,CT,ANE,EN,Towers with Radar,161,86,38,7,292,0,5,23,13,41,161,91,61,20,333,8,0,8,341
05/21/2010,BDL,CT,ANE,EN,Towers with Radar,149,79,30,7,265,0,4,28,1,33,149,83,58,8,298,4,0,4,302
05/22/2010,BDL,CT,ANE,EN,Towers with Radar,115,51,7,0,173,0,0,16,0,16,115,51,23,0,189,13,0,13,202
05/23/2010,BDL,CT,ANE,EN,Towers with Radar,122,55,39,3,219,0,0,3,0,3,122,55,42,3,222,12,0,12,234
05/24/2010,BDL,CT,ANE,EN,Towers with Radar,148,75,41,4,268,0,1,9,0,10,148,76,50,4,278,8,4,12,290
05/25/2010,BDL,CT,ANE,EN,Towers with Radar,161,83,28,6,278,0,6,18,4,28,161,89,46,10,306,28,0,28,334
05/26/2010,BDL,CT,ANE,EN,Towers with Radar,161,79,42,7,289,1,2,22,4,29,162,81,64,11,318,43,2,45,363
05/27/2010,BDL,CT,ANE,EN,Towers with Radar,166,87,33,10,296,0,1,14,3,18,166,88,47,13,314,25,0,25,339
05/28/2010,BDL,CT,ANE,EN,Towers with Radar,150,78,35,5,268,0,1,24,7,32,150,79,59,12,300,18,0,18,318
05/29/2010,BDL,CT,ANE,EN,Towers with Radar,111,59,24,0,194,0,0,3,0,3,111,59,27,0,197,12,0,12,209
05/30/2010,BDL,CT,ANE,EN,Towers with Radar,110,53,13,0,176,0,0,4,7,11,110,53,17,7,187,8,8,16,203
05/31/2010,BDL,CT,ANE,EN,Towers with Radar,135,59,18,0,212,0,0,10,12,22,135,59,28,12,234,0,30,30,264
06/01/2010,BDL,CT,ANE,EN,Towers with Radar,146,81,35,4,266,0,1,1,0,2,146,82,36,4,268,8,0,8,276
06/02/2010,BDL,CT,ANE,EN,Towers with Radar,158,82,27,11,278,0,1,22,9,32,158,83,49,20,310,12,0,12,322
06/03/2010,BDL,CT,ANE,EN,Towers with Radar,168,78,33,6,285,0,1,13,1,15,168,79,46,7,300,24,0,24,324
06/04/2010,BDL,CT,ANE,EN,Towers with Radar,156,84,32,6,278,0,2,22,9,33,156,86,54,15,311,30,0,30,341
06/05/2010,BDL,CT,ANE,EN,Towers with Radar,120,50,13,4,187,0,2,4,4,10,120,52,17,8,197,6,0,6,203
06/06/2010,BDL,CT,ANE,EN,Towers with Radar,130,58,15,0,203,0,0,3,0,3,130,58,18,0,206,4,0,4,210
06/07/2010,BDL,CT,ANE,EN,Towers with Radar,148,79,26,7,260,0,1,28,4,33,148,80,54,11,293,8,0,8,301
06/08/2010,BDL,CT,ANE,EN,Towers with Radar,163,82,31,9,285,0,2,31,1,34,163,84,62,10,319,12,0,12,331
06/09/2010,BDL,CT,ANE,EN,Towers with Radar,157,80,58,8,303,0,0,24,2,26,157,80,82,10,329,14,0,14,343
06/10/2010,BDL,CT,ANE,EN,Towers with Radar,165,95,29,16,305,1,2,3,2,8,166,97,32,18,313,8,0,8,321
06/11/2010,BDL,CT,ANE,EN,Towers with Radar,156,91,38,8,293,0,1,23,1,25,156,92,61,9,318,23,0,23,341
06/12/2010,BDL,CT,ANE,EN,Towers with Radar,131,50,24,0,205,0,0,4,0,4,131,50,28,0,209,8,0,8,217
06/13/2010,BDL,CT,ANE,EN,Towers with Radar,140,61,34,0,235,0,0,0,0,0,140,61,34,0,235,0,4,4,239
06/14/2010,BDL,CT,ANE,EN,Towers with Radar,153,77,25,4,259,0,1,7,2,10,153,78,32,6,269,6,0,6,275
06/15/2010,BDL,CT,ANE,EN,Towers with Radar,158,85,50,7,300,0,1,34,3,38,158,86,84,10,338,16,0,16,354
06/16/2010,BDL,CT,ANE,EN,Towers with Radar,168,86,34,10,298,0,0,19,1,20,168,86,53,11,318,29,0,29,347
06/17/2010,BDL,CT,ANE,EN,Towers with Radar,164,81,37,8,290,0,1,15,4,20,164,82,52,12,310,19,0,19,329
06/18/2010,BDL,CT,ANE,EN,Towers with Radar,154,80,25,5,264,0,1,27,5,33,154,81,52,10,297,10,0,10,307
06/19/2010,BDL,CT,ANE,EN,Towers with Radar,136,53,15,0,204,0,0,15,0,15,136,53,30,0,219,16,0,16,235
06/20/2010,BDL,CT,ANE,EN,Towers with Radar,136,59,29,0,224,0,0,5,0,5,136,59,34,0,229,4,0,4,233
06/21/2010,BDL,CT,ANE,EN,Towers with Radar,145,77,45,0,267,0,1,26,0,27,145,78,71,0,294,20,0,20,314
06/22/2010,BDL,CT,ANE,EN,Towers with Radar,159,82,29,4,274,0,7,11,6,24,159,89,40,10,298,15,4,19,317
06/23/2010,BDL,CT,ANE,EN,Towers with Radar,170,76,38,7,291,0,1,26,6,33,170,77,64,13,324,0,4,4,328
06/24/2010,BDL,CT,ANE,EN,Towers with Radar,163,85,39,8,295,0,1,21,2,24,163,86,60,10,319,21,0,21,340
06/25/2010,BDL,CT,ANE,EN,Towers with Radar,162,80,24,5,271,0,1,16,2,19,162,81,40,7,290,20,4,24,314
06/26/2010,BDL,CT,ANE,EN,Towers with Radar,130,51,12,0,193,0,1,31,0,32,130,52,43,0,225,8,4,12,237
06/27/2010,BDL,CT,ANE,EN,Towers with Radar,135,59,39,0,233,0,0,7,0,7,135,59,46,0,240,0,4,4,244
06/28/2010,BDL,CT,ANE,EN,Towers with Radar,152,73,18,5,248,0,0,13,0,13,152,73,31,5,261,5,0,5,266
06/29/2010,BDL,CT,ANE,EN,Towers with Radar,167,80,34,6,287,0,3,30,6,39,167,83,64,12,326,22,0,22,348
06/30/2010,BDL,CT,ANE,EN,Towers with Radar,165,76,22,4,267,0,3,9,9,21,165,79,31,13,288,8,0,8,296
07/01/2010,BDL,CT,ANE,EN,Towers with Radar,160,72,31,8,271,0,1,13,5,19,160,73,44,13,290,8,0,8,298
07/02/2010,BDL,CT,ANE,EN,Towers with Radar,161,73,23,0,257,0,1,20,2,23,161,74,43,2,280,15,0,15,295
07/03/2010,BDL,CT,ANE,EN,Towers with Radar,134,45,10,0,189,0,0,11,0,11,134,45,21,0,200,6,0,6,206
07/04/2010,BDL,CT,ANE,EN,Towers with Radar,116,37,6,0,159,0,0,6,0,6,116,37,12,0,165,10,0,10,175
07/05/2010,BDL,CT,ANE,EN,Towers with Radar,135,53,10,0,198,0,2,17,0,19,135,55,27,0,217,6,0,6,223
07/06/2010,BDL,CT,ANE,EN,Towers with Radar,153,73,34,2,262,0,1,7,0,8,153,74,41,2,270,2,4,6,276
07/07/2010,BDL,CT,ANE,EN,Towers with Radar,167,70,31,3,271,0,1,11,3,15,167,71,42,6,286,8,0,8,294
07/08/2010,BDL,CT,ANE,EN,Towers with Radar,171,70,31,4,276,0,1,12,3,16,171,71,43,7,292,6,0,6,298
07/09/2010,BDL,CT,ANE,EN,Towers with Radar,162,69,26,5,262,0,3,11,0,14,162,72,37,5,276,6,0,6,282
07/10/2010,BDL,CT,ANE,EN,Towers with Radar,139,40,18,0,197,0,0,0,2,2,139,40,18,2,199,8,0,8,207
07/11/2010,BDL,CT,ANE,EN,Towers with Radar,139,51,12,0,202,0,0,8,0,8,139,51,20,0,210,4,0,4,214
07/12/2010,BDL,CT,ANE,EN,Towers with Radar,154,72,28,5,259,0,1,33,2,36,154,73,61,7,295,4,0,4,299
07/13/2010,BDL,CT,ANE,EN,Towers with Radar,181,76,26,6,289,0,3,12,3,18,181,79,38,9,307,4,0,4,311
07/14/2010,BDL,CT,ANE,EN,Towers with Radar,170,84,27,7,288,0,0,1,1,2,170,84,28,8,290,8,0,8,298
07/15/2010,BDL,CT,ANE,EN,Towers with Radar,167,83,42,9,301,0,0,22,4,26,167,83,64,13,327,38,0,38,365
07/16/2010,BDL,CT,ANE,EN,Towers with Radar,168,74,21,8,271,0,1,17,0,18,168,75,38,8,289,10,0,10,299
07/17/2010,BDL,CT,ANE,EN,Towers with Radar,133,49,8,0,190,0,1,9,6,16,133,50,17,6,206,6,0,6,212
07/18/2010,BDL,CT,ANE,EN,Towers with Radar,138,55,16,3,212,0,1,22,7,30,138,56,38,10,242,9,4,13,255
07/19/2010,BDL,CT,ANE,EN,Towers with Radar,156,67,27,1,251,0,1,26,1,28,156,68,53,2,279,4,0,4,283
07/20/2010,BDL,CT,ANE,EN,Towers with Radar,169,77,27,9,282,0,1,38,5,44,169,78,65,14,326,12,4,16,342
07/21/2010,BDL,CT,ANE,EN,Towers with Radar,167,87,21,10,285,0,1,18,2,21,167,88,39,12,306,6,0,6,312
07/22/2010,BDL,CT,ANE,EN,Towers with Radar,168,79,33,4,284,0,1,49,7,57,168,80,82,11,341,10,0,10,351
07/23/2010,BDL,CT,ANE,EN,Towers with Radar,161,68,26,6,261,0,1,4,2,7,161,69,30,8,268,10,0,10,278
07/24/2010,BDL,CT,ANE,EN,Towers with Radar,130,52,16,0,198,0,0,4,0,4,130,52,20,0,202,6,4,10,212
07/25/2010,BDL,CT,ANE,EN,Towers with Radar,146,56,21,0,223,0,2,13,2,17,146,58,34,2,240,16,0,16,256
07/26/2010,BDL,CT,ANE,EN,Towers with Radar,162,69,36,4,271,0,1,27,2,30,162,70,63,6,301,18,4,22,323
07/27/2010,BDL,CT,ANE,EN,Towers with Radar,166,76,30,9,281,0,1,19,2,22,166,77,49,11,303,0,4,4,307
07/28/2010,BDL,CT,ANE,EN,Towers with Radar,171,75,33,6,285,0,1,24,6,31,171,76,57,12,316,6,0,6,322
07/29/2010,BDL,CT,ANE,EN,Towers with Radar,172,81,39,9,301,0,6,14,5,25,172,87,53,14,326,12,4,16,342
07/30/2010,BDL,CT,ANE,EN,Towers with Radar,168,75,28,4,275,0,1,37,2,40,168,76,65,6,315,0,4,4,319
07/31/2010,BDL,CT,ANE,EN,Towers with Radar,137,41,15,0,193,0,0,14,0,14,137,41,29,0,207,47,0,47,254
08/01/2010,BDL,CT,ANE,EN,Towers with Radar,141,52,18,0,211,0,1,6,0,7,141,53,24,0,218,8,0,8,226
08/02/2010,BDL,CT,ANE,EN,Towers with Radar,155,68,24,0,247,0,1,13,0,14,155,69,37,0,261,4,0,4,265
08/03/2010,BDL,CT,ANE,EN,Towers with Radar,172,73,30,9,284,0,1,24,5,30,172,74,54,14,314,7,0,7,321
08/04/2010,BDL,CT,ANE,EN,Towers with Radar,173,74,37,15,299,0,1,15,3,19,173,75,52,18,318,30,0,30,348
08/05/2010,BDL,CT,ANE,EN,Towers with Radar,173,77,18,10,278,0,1,7,0,8,173,78,25,10,286,8,0,8,294
08/06/2010,BDL,CT,ANE,EN,Towers with Radar,167,73,23,8,271,0,5,25,2,32,167,78,48,10,303,24,0,24,327
08/07/2010,BDL,CT,ANE,EN,Towers with Radar,137,46,9,6,198,0,0,21,3,24,137,46,30,9,222,21,0,21,243
08/08/2010,BDL,CT,ANE,EN,Towers with Radar,137,60,18,0,215,0,0,14,0,14,137,60,32,0,229,29,0,29,258
08/09/2010,BDL,CT,ANE,EN,Towers with Radar,159,70,21,6,256,0,1,17,2,20,159,71,38,8,276,8,0,8,284
08/10/2010,BDL,CT,ANE,EN,Towers with Radar,165,83,19,8,275,0,1,25,2,28,165,84,44,10,303,12,0,12,315
08/11/2010,BDL,CT,ANE,EN,Towers with Radar,173,78,20,9,280,0,1,39,5,45,173,79,59,14,325,37,0,37,362
08/12/2010,BDL,CT,ANE,EN,Towers with Radar,172,72,23,14,281,0,2,13,4,19,172,74,36,18,300,31,17,48,348
08/13/2010,BDL,CT,ANE,EN,Towers with Radar,163,78,22,7,270,0,1,10,1,12,163,79,32,8,282,13,10,23,305
08/14/2010,BDL,CT,ANE,EN,Towers with Radar,136,45,10,0,191,0,2,27,1,30,136,47,37,1,221,23,4,27,248
08/15/2010,BDL,CT,ANE,EN,Towers with Radar,136,59,27,1,223,0,0,2,0,2,136,59,29,1,225,10,0,10,235
08/16/2010,BDL,CT,ANE,EN,Towers with Radar,158,66,28,3,255,0,0,0,0,0,158,66,28,3,255,8,0,8,263
08/17/2010,BDL,CT,ANE,EN,Towers with Radar,163,73,19,3,258,0,1,37,3,41,163,74,56,6,299,36,0,36,335
08/18/2010,BDL,CT,ANE,EN,Towers with Radar,165,68,36,9,278,0,2,39,3,44,165,70,75,12,322,38,8,46,368
08/19/2010,BDL,CT,ANE,EN,Towers with Radar,157,79,36,7,279,0,1,35,13,49,157,80,71,20,328,34,4,38,366
08/20/2010,BDL,CT,ANE,EN,Towers with Radar,159,76,31,2,268,0,1,27,6,34,159,77,58,8,302,52,4,56,358
08/21/2010,BDL,CT,ANE,EN,Towers with Radar,126,45,12,0,183,0,1,18,0,19,126,46,30,0,202,16,0,16,218
08/22/2010,BDL,CT,ANE,EN,Towers with Radar,134,58,22,0,214,0,0,0,0,0,134,58,22,0,214,4,0,4,218
08/23/2010,BDL,CT,ANE,EN,Towers with Radar,152,66,27,5,250,0,0,0,1,1,152,66,27,6,251,8,0,8,259
08/24/2010,BDL,CT,ANE,EN,Towers with Radar,161,76,28,8,273,0,3,4,3,10,161,79,32,11,283,13,0,13,296
08/25/2010,BDL,CT,ANE,EN,Towers with Radar,165,70,40,10,285,0,1,4,2,7,165,71,44,12,292,20,4,24,316
08/26/2010,BDL,CT,ANE,EN,Towers with Radar,159,77,37,11,284,0,2,17,6,25,159,79,54,17,309,19,0,19,328
08/27/2010,BDL,CT,ANE,EN,Towers with Radar,155,84,27,4,270,0,4,22,8,34,155,88,49,12,304,31,0,31,335
08/28/2010,BDL,CT,ANE,EN,Towers with Radar,123,46,19,0,188,0,0,19,0,19,123,46,38,0,207,8,0,8,215
08/29/2010,BDL,CT,ANE,EN,Towers with Radar,132,57,22,5,216,0,0,5,0,5,132,57,27,5,221,4,0,4,225
08/30/2010,BDL,CT,ANE,EN,Towers with Radar,144,67,24,20,255,0,0,17,2,19,144,67,41,22,274,24,12,36,310
08/31/2010,BDL,CT,ANE,EN,Towers with Radar,156,73,18,7,254,0,9,28,5,42,156,82,46,12,296,9,0,9,305
09/01/2010,BDL,CT,ANE,EN,Towers with Radar,159,79,30,7,275,0,5,27,9,41,159,84,57,16,316,37,0,37,353
09/02/2010,BDL,CT,ANE,EN,Towers with Radar,162,81,34,5,282,0,1,31,12,44,162,82,65,17,326,25,6,31,357
09/03/2010,BDL,CT,ANE,EN,Towers with Radar,162,74,17,5,258,0,1,2,1,4,162,75,19,6,262,8,4,12,274
09/04/2010,BDL,CT,ANE,EN,Towers with Radar,117,42,9,2,170,0,0,5,1,6,117,42,14,3,176,4,0,4,180
09/05/2010,BDL,CT,ANE,EN,Towers with Radar,109,40,7,0,156,0,0,2,0,2,109,40,9,0,158,4,0,4,162
09/06/2010,BDL,CT,ANE,EN,Towers with Radar,127,61,21,0,209,0,0,15,0,15,127,61,36,0,224,28,4,32,256
09/07/2010,BDL,CT,ANE,EN,Towers with Radar,140,74,33,6,253,0,1,26,6,33,140,75,59,12,286,24,4,28,314
09/08/2010,BDL,CT,ANE,EN,Towers with Radar,159,77,17,9,262,0,1,28,7,36,159,78,45,16,298,16,0,16,314
09/09/2010,BDL,CT,ANE,EN,Towers with Radar,156,84,33,9,282,0,1,23,0,24,156,85,56,9,306,15,0,15,321
09/10/2010,BDL,CT,ANE,EN,Towers with Radar,152,82,32,9,275,0,1,22,1,24,152,83,54,10,299,10,0,10,309
09/11/2010,BDL,CT,ANE,EN,Towers with Radar,109,45,15,7,176,0,2,20,4,26,109,47,35,11,202,10,0,10,212
09/12/2010,BDL,CT,ANE,EN,Towers with Radar,136,55,18,0,209,0,0,4,0,4,136,55,22,0,213,20,0,20,233
09/13/2010,BDL,CT,ANE,EN,Towers with Radar,140,79,53,2,274,0,0,8,0,8,140,79,61,2,282,14,0,14,296
09/14/2010,BDL,CT,ANE,EN,Towers with Radar,154,87,31,3,275,0,4,30,2,36,154,91,61,5,311,27,0,27,338
09/15/2010,BDL,CT,ANE,EN,Towers with Radar,154,83,34,8,279,0,3,29,4,36,154,86,63,12,315,42,2,44,359
09/16/2010,BDL,CT,ANE,EN,Towers with Radar,160,84,45,10,299,0,4,15,1,20,160,88,60,11,319,4,0,4,323
09/17/2010,BDL,CT,ANE,EN,Towers with Radar,159,77,31,8,275,0,2,22,0,24,159,79,53,8,299,20,0,20,319
09/18/2010,BDL,CT,ANE,EN,Towers with Radar,114,47,17,0,178,0,0,17,3,20,114,47,34,3,198,24,0,24,222
09/19/2010,BDL,CT,ANE,EN,Towers with Radar,129,56,31,0,216,0,0,11,0,11,129,56,42,0,227,27,0,27,254
09/20/2010,BDL,CT,ANE,EN,Towers with Radar,142,73,34,3,252,0,1,24,0,25,142,74,58,3,277,22,6,28,305
09/21/2010,BDL,CT,ANE,EN,Towers with Radar,150,81,21,5,257,0,3,30,5,38,150,84,51,10,295,23,0,23,318
09/22/2010,BDL,CT,ANE,EN,Towers with Radar,161,95,28,6,290,0,0,31,3,34,161,95,59,9,324,6,0,6,330
09/23/2010,BDL,CT,ANE,EN,Towers with Radar,161,88,25,6,280,0,1,41,6,48,161,89,66,12,328,18,0,18,346
09/24/2010,BDL,CT,ANE,EN,Towers with Radar,158,86,40,0,284,0,2,14,1,17,158,88,54,1,301,12,0,12,313
09/25/2010,BDL,CT,ANE,EN,Towers with Radar,122,41,12,2,177,0,0,15,0,15,122,41,27,2,192,13,4,17,209
09/26/2010,BDL,CT,ANE,EN,Towers with Radar,127,58,15,0,200,0,0,9,0,9,127,58,24,0,209,9,0,9,218
09/27/2010,BDL,CT,ANE,EN,Towers with Radar,138,89,33,2,262,0,0,0,0,0,138,89,33,2,262,9,0,9,271
09/28/2010,BDL,CT,ANE,EN,Towers with Radar,156,98,34,5,293,0,0,3,0,3,156,98,37,5,296,7,0,7,303
09/29/2010,BDL,CT,ANE,EN,Towers with Radar,154,82,31,5,272,0,1,40,7,48,154,83,71,12,320,20,0,20,340
09/30/2010,BDL,CT,ANE,EN,Towers with Radar,153,94,11,0,258,0,0,0,0,0,153,94,11,0,258,6,2,8,266
10/01/2010,BDL,CT,ANE,EN,Towers with Radar,162,76,32,2,272,0,1,6,0,7,162,77,38,2,279,6,0,6,285
10/02/2010,BDL,CT,ANE,EN,Towers with Radar,112,60,16,4,192,0,0,36,11,47,112,60,52,15,239,40,0,40,279
10/03/2010,BDL,CT,ANE,EN,Towers with Radar,129,62,19,2,212,0,0,20,0,20,129,62,39,2,232,15,0,15,247
10/04/2010,BDL,CT,ANE,EN,Towers with Radar,138,70,27,5,240,0,0,2,0,2,138,70,29,5,242,6,4,10,252
10/05/2010,BDL,CT,ANE,EN,Towers with Radar,151,89,25,9,274,0,0,0,1,1,151,89,25,10,275,8,0,8,283
10/06/2010,BDL,CT,ANE,EN,Towers with Radar,155,92,45,9,301,0,0,2,0,2,155,92,47,9,303,6,0,6,309
10/07/2010,BDL,CT,ANE,EN,Towers with Radar,158,87,29,15,289,0,1,11,7,19,158,88,40,22,308,14,9,23,331
10/08/2010,BDL,CT,ANE,EN,Towers with Radar,152,83,20,0,255,0,2,16,0,18,152,85,36,0,273,8,0,8,281
10/09/2010,BDL,CT,ANE,EN,Towers with Radar,113,52,19,0,184,0,1,17,0,18,113,53,36,0,202,39,0,39,241
10/10/2010,BDL,CT,ANE,EN,Towers with Radar,130,57,15,0,202,0,1,27,0,28,130,58,42,0,230,39,0,39,269
10/11/2010,BDL,CT,ANE,EN,Towers with Radar,146,66,20,1,233,0,1,18,0,19,146,67,38,1,252,12,0,12,264
10/12/2010,BDL,CT,ANE,EN,Towers with Radar,156,96,33,3,288,0,3,37,9,49,156,99,70,12,337,12,0,12,349
10/13/2010,BDL,CT,ANE,EN,Towers with Radar,155,78,39,8,280,0,2,50,9,61,155,80,89,17,341,24,6,30,371
10/14/2010,BDL,CT,ANE,EN,Towers with Radar,154,88,39,14,295,0,3,18,7,28,154,91,57,21,323,8,8,16,339
10/15/2010,BDL,CT,ANE,EN,Towers with Radar,154,81,27,8,270,0,1,0,4,5,154,82,27,12,275,4,2,6,281
10/16/2010,BDL,CT,ANE,EN,Towers with Radar,119,48,17,0,184,0,0,5,1,6,119,48,22,1,190,10,0,10,200
10/17/2010,BDL,CT,ANE,EN,Towers with Radar,133,58,23,1,215,0,0,17,9,26,133,58,40,10,241,16,4,20,261
10/18/2010,BDL,CT,ANE,EN,Towers with Radar,141,83,23,5,252,0,2,21,0,23,141,85,44,5,275,4,0,4,279
10/19/2010,BDL,CT,ANE,EN,Towers with Radar,153,75,19,12,259,0,1,14,7,22,153,76,33,19,281,4,0,4,285
10/20/2010,BDL,CT,ANE,EN,Towers with Radar,154,91,30,5,280,0,2,37,6,45,154,93,67,11,325,40,0,40,365
10/21/2010,BDL,CT,ANE,EN,Towers with Radar,154,82,35,9,280,0,1,15,8,24,154,83,50,17,304,15,6,21,325
10/22/2010,BDL,CT,ANE,EN,Towers with Radar,155,76,32,0,263,0,4,24,0,28,155,80,56,0,291,14,8,22,313
10/23/2010,BDL,CT,ANE,EN,Towers with Radar,115,51,10,0,176,0,0,19,1,20,115,51,29,1,196,19,0,19,215
10/24/2010,BDL,CT,ANE,EN,Towers with Radar,130,62,9,1,202,0,0,8,0,8,130,62,17,1,210,4,0,4,214
10/25/2010,BDL,CT,ANE,EN,Towers with Radar,139,75,32,1,247,0,2,7,0,9,139,77,39,1,256,4,0,4,260
10/26/2010,BDL,CT,ANE,EN,Towers with Radar,152,88,34,4,278,0,2,12,7,21,152,90,46,11,299,19,0,19,318
10/27/2010,BDL,CT,ANE,EN,Towers with Radar,150,84,37,6,277,0,1,1,0,2,150,85,38,6,279,7,2,9,288
10/28/2010,BDL,CT,ANE,EN,Towers with Radar,159,86,30,15,290,0,1,17,11,29,159,87,47,26,319,26,0,26,345
10/29/2010,BDL,CT,ANE,EN,Towers with Radar,150,80,50,6,286,0,1,30,1,32,150,81,80,7,318,18,4,22,340
10/30/2010,BDL,CT,ANE,EN,Towers with Radar,115,49,21,0,185,0,1,16,0,17,115,50,37,0,202,14,0,14,216
10/31/2010,BDL,CT,ANE,EN,Towers with Radar,124,60,17,0,201,0,0,11,0,11,124,60,28,0,212,4,0,4,216
11/01/2010,BDL,CT,ANE,EN,Towers with Radar,147,89,24,6,266,0,1,12,0,13,147,90,36,6,279,20,8,28,307
11/02/2010,BDL,CT,ANE,EN,Towers with Radar,161,89,44,7,301,0,1,31,4,36,161,90,75,11,337,32,0,32,369
11/03/2010,BDL,CT,ANE,EN,Towers with Radar,159,93,32,11,295,0,2,32,5,39,159,95,64,16,334,14,0,14,348
11/04/2010,BDL,CT,ANE,EN,Towers with Radar,163,95,31,8,297,0,0,0,0,0,163,95,31,8,297,4,0,4,301
11/05/2010,BDL,CT,ANE,EN,Towers with Radar,159,97,26,5,287,0,1,5,0,6,159,98,31,5,293,6,0,6,299
11/06/2010,BDL,CT,ANE,EN,Towers with Radar,118,49,6,10,183,0,0,27,6,33,118,49,33,16,216,19,0,19,235
11/07/2010,BDL,CT,ANE,EN,Towers with Radar,133,58,14,0,205,0,0,16,0,16,133,58,30,0,221,14,0,14,235
11/08/2010,BDL,CT,ANE,EN,Towers with Radar,156,86,23,0,265,0,1,2,0,3,156,87,25,0,268,4,0,4,272
11/09/2010,BDL,CT,ANE,EN,Towers with Radar,171,82,38,10,301,0,1,30,10,41,171,83,68,20,342,10,10,20,362
11/10/2010,BDL,CT,ANE,EN,Towers with Radar,168,95,30,12,305,0,3,24,3,30,168,98,54,15,335,25,2,27,362
11/11/2010,BDL,CT,ANE,EN,Towers with Radar,172,91,34,0,297,0,1,27,0,28,172,92,61,0,325,33,0,33,358
11/12/2010,BDL,CT,ANE,EN,Towers with Radar,167,83,22,7,279,0,1,17,4,22,167,84,39,11,301,34,4,38,339
11/13/2010,BDL,CT,ANE,EN,Towers with Radar,119,53,16,1,189,0,0,37,6,43,119,53,53,7,232,18,4,22,254
11/14/2010,BDL,CT,ANE,EN,Towers with Radar,136,59,9,2,206,0,2,17,6,25,136,61,26,8,231,50,0,50,281
11/15/2010,BDL,CT,ANE,EN,Towers with Radar,151,79,42,4,276,0,1,6,6,13,151,80,48,10,289,13,2,15,304
11/16/2010,BDL,CT,ANE,EN,Towers with Radar,167,88,28,5,288,0,0,2,0,2,167,88,30,5,290,4,2,6,296
11/17/2010,BDL,CT,ANE,EN,Towers with Radar,178,90,27,7,302,0,1,5,7,13,178,91,32,14,315,6,0,6,321
11/18/2010,BDL,CT,ANE,EN,Towers with Radar,175,92,31,11,309,0,2,16,14,32,175,94,47,25,341,10,2,12,353
11/19/2010,BDL,CT,ANE,EN,Towers with Radar,176,102,39,5,322,0,3,27,3,33,176,105,66,8,355,4,0,4,359
11/20/2010,BDL,CT,ANE,EN,Towers with Radar,133,59,10,0,202,0,1,11,0,12,133,60,21,0,214,30,0,30,244
11/21/2010,BDL,CT,ANE,EN,Towers with Radar,148,64,13,0,225,0,0,14,0,14,148,64,27,0,239,6,0,6,245
11/22/2010,BDL,CT,ANE,EN,Towers with Radar,163,85,23,0,271,0,1,5,0,6,163,86,28,0,277,17,0,17,294
11/23/2010,BDL,CT,ANE,EN,Towers with Radar,182,83,37,7,309,0,1,11,3,15,182,84,48,10,324,21,0,21,345
11/24/2010,BDL,CT,ANE,EN,Towers with Radar,179,86,14,8,287,0,2,3,7,12,179,88,17,15,299,14,4,18,317
11/25/2010,BDL,CT,ANE,EN,Towers with Radar,104,48,7,0,159,0,0,8,0,8,104,48,15,0,167,8,0,8,175
11/26/2010,BDL,CT,ANE,EN,Towers with Radar,130,44,9,0,183,0,1,0,0,1,130,45,9,0,184,4,0,4,188
11/27/2010,BDL,CT,ANE,EN,Towers with Radar,147,64,18,0,229,0,0,3,0,3,147,64,21,0,232,14,0,14,246
11/28/2010,BDL,CT,ANE,EN,Towers with Radar,160,80,18,1,259,0,0,22,1,23,160,80,40,2,282,46,0,46,328
11/29/2010,BDL,CT,ANE,EN,Towers with Radar,164,91,30,6,291,0,1,18,8,27,164,92,48,14,318,14,0,14,332
11/30/2010,BDL,CT,ANE,EN,Towers with Radar,181,93,33,7,314,0,0,18,8,26,181,93,51,15,340,15,0,15,355
12/01/2010,BDL,CT,ANE,EN,Towers with Radar,195,94,24,4,317,0,1,2,0,3,195,95,26,4,320,8,0,8,328
12/02/2010,BDL,CT,ANE,EN,Towers with Radar,180,89,21,7,297,0,1,10,11,22,180,90,31,18,319,8,0,8,327
12/03/2010,BDL,CT,ANE,EN,Towers with Radar,174,93,25,6,298,0,3,6,0,9,174,96,31,6,307,13,0,13,320
12/04/2010,BDL,CT,ANE,EN,Towers with Radar,134,44,7,2,187,0,0,15,4,19,134,44,22,6,206,7,0,7,213
12/05/2010,BDL,CT,ANE,EN,Towers with Radar,141,60,17,0,218,1,0,5,0,6,142,60,22,0,224,6,0,6,230
12/06/2010,BDL,CT,ANE,EN,Towers with Radar,158,86,24,2,270,0,2,11,0,13,158,88,35,2,283,4,0,4,287
12/07/2010,BDL,CT,ANE,EN,Towers with Radar,171,91,28,10,300,0,2,15,0,17,171,93,43,10,317,0,4,4,321
12/08/2010,BDL,CT,ANE,EN,Towers with Radar,178,89,46,7,320,0,2,32,9,43,178,91,78,16,363,28,0,28,391
12/09/2010,BDL,CT,ANE,EN,Towers with Radar,176,84,41,8,309,0,2,29,12,43,176,86,70,20,352,37,4,41,393
12/10/2010,BDL,CT,ANE,EN,Towers with Radar,177,92,30,5,304,0,4,20,0,24,177,96,50,5,328,20,2,22,350
12/11/2010,BDL,CT,ANE,EN,Towers with Radar,129,52,13,0,194,0,0,19,0,19,129,52,32,0,213,20,0,20,233
12/12/2010,BDL,CT,ANE,EN,Towers with Radar,121,47,18,0,186,0,0,2,0,2,121,47,20,0,188,4,4,8,196
12/13/2010,BDL,CT,ANE,EN,Towers with Radar,152,76,36,3,267,0,0,2,2,4,152,76,38,5,271,6,0,6,277
12/14/2010,BDL,CT,ANE,EN,Towers with Radar,173,96,30,6,305,0,4,24,9,37,173,100,54,15,342,8,0,8,350
12/15/2010,BDL,CT,ANE,EN,Towers with Radar,169,95,32,12,308,0,1,13,5,19,169,96,45,17,327,6,0,6,333
12/16/2010,BDL,CT,ANE,EN,Towers with Radar,180,96,40,6,322,0,4,19,5,28,180,100,59,11,350,4,0,4,354
12/17/2010,BDL,CT,ANE,EN,Towers with Radar,180,95,40,4,319,0,1,25,0,26,180,96,65,4,345,6,0,6,351
12/18/2010,BDL,CT,ANE,EN,Towers with Radar,144,57,21,0,222,0,1,33,0,34,144,58,54,0,256,9,4,13,269
12/19/2010,BDL,CT,ANE,EN,Towers with Radar,139,62,9,0,210,0,0,7,0,7,139,62,16,0,217,10,0,10,227
12/20/2010,BDL,CT,ANE,EN,Towers with Radar,171,88,31,0,290,0,1,15,0,16,171,89,46,0,306,4,0,4,310
12/21/2010,BDL,CT,ANE,EN,Towers with Radar,184,91,18,5,298,0,5,16,5,26,184,96,34,10,324,4,0,4,328
12/22/2010,BDL,CT,ANE,EN,Towers with Radar,177,91,29,5,302,0,1,25,10,36,177,92,54,15,338,21,0,21,359
12/23/2010,BDL,CT,ANE,EN,Towers with Radar,180,91,12,6,289,0,1,3,0,4,180,92,15,6,293,8,19,27,320
12/24/2010,BDL,CT,ANE,EN,Towers with Radar,145,67,5,0,217,0,1,22,0,23,145,68,27,0,240,23,2,25,265
12/25/2010,BDL,CT,ANE,EN,Towers with Radar,116,50,0,0,166,0,0,0,0,0,116,50,0,0,166,4,0,4,170
12/26/2010,BDL,CT,ANE,EN,Towers with Radar,80,39,17,0,136,0,0,0,0,0,80,39,17,0,136,4,0,4,140
12/27/2010,BDL,CT,ANE,EN,Towers with Radar,94,40,7,0,141,0,0,0,0,0,94,40,7,0,141,4,0,4,145
12/28/2010,BDL,CT,ANE,EN,Towers with Radar,172,69,14,11,266,0,1,9,1,11,172,70,23,12,277,4,0,4,281
12/29/2010,BDL,CT,ANE,EN,Towers with Radar,179,83,9,6,277,0,1,9,5,15,179,84,18,11,292,11,0,11,303
12/30/2010,BDL,CT,ANE,EN,Towers with Radar,176,78,6,4,264,0,1,19,2,22,176,79,25,6,286,4,0,4,290
12/31/2010,BDL,CT,ANE,EN,Towers with Radar,147,54,10,0,211,0,1,19,0,20,147,55,29,0,231,2,0,2,233
01/01/2011,BDL,CT,ANE,EN,Towers with Radar,121,48,11,0,180,0,0,8,0,8,121,48,19,0,188,6,0,6,194
01/02/2011,BDL,CT,ANE,EN,Towers with Radar,147,72,19,0,238,0,0,5,0,5,147,72,24,0,243,3,0,3,246
01/03/2011,BDL,CT,ANE,EN,Towers with Radar,163,87,16,0,266,0,2,15,0,17,163,89,31,0,283,13,0,13,296
01/04/2011,BDL,CT,ANE,EN,Towers with Radar,178,84,18,6,286,0,1,22,11,34,178,85,40,17,320,0,0,0,320
01/05/2011,BDL,CT,ANE,EN,Towers with Radar,175,94,17,5,291,0,1,13,4,18,175,95,30,9,309,33,0,33,342
01/06/2011,BDL,CT,ANE,EN,Towers with Radar,174,90,27,7,298,0,1,0,15,16,174,91,27,22,314,14,17,31,345
01/07/2011,BDL,CT,ANE,EN,Towers with Radar,167,82,13,7,269,0,1,1,2,4,167,83,14,9,273,8,6,14,287
01/08/2011,BDL,CT,ANE,EN,Towers with Radar,126,75,6,7,214,0,0,1,3,4,126,75,7,10,218,11,0,11,229
01/09/2011,BDL,CT,ANE,EN,Towers with Radar,139,72,16,4,231,0,0,5,0,5,139,72,21,4,236,39,0,39,275
01/10/2011,BDL,CT,ANE,EN,Towers with Radar,143,84,32,2,261,0,2,26,0,28,143,86,58,2,289,20,0,20,309
01/11/2011,BDL,CT,ANE,EN,Towers with Radar,132,77,28,4,241,0,1,7,6,14,132,78,35,10,255,12,0,12,267
01/12/2011,BDL,CT,ANE,EN,Towers with Radar,47,23,8,0,78,0,0,0,0,0,47,23,8,0,78,0,0,0,78
01/13/2011,BDL,CT,ANE,EN,Towers with Radar,167,85,26,13,291,0,3,3,5,11,167,88,29,18,302,8,4,12,314
01/14/2011,BDL,CT,ANE,EN,Towers with Radar,164,102,28,2,296,0,1,14,1,16,164,103,42,3,312,26,0,26,338
01/15/2011,BDL,CT,ANE,EN,Towers with Radar,126,69,8,0,203,0,0,5,0,5,126,69,13,0,208,2,10,12,220
01/16/2011,BDL,CT,ANE,EN,Towers with Radar,138,68,9,0,215,0,0,10,0,10,138,68,19,0,225,21,0,21,246
01/17/2011,BDL,CT,ANE,EN,Towers with Radar,150,91,27,2,270,0,0,28,0,28,150,91,55,2,298,2,0,2,300
01/18/2011,BDL,CT,ANE,EN,Towers with Radar,131,72,23,0,226,0,0,0,0,0,131,72,23,0,226,0,0,0,226
01/19/2011,BDL,CT,ANE,EN,Towers with Radar,176,104,36,7,323,0,1,0,0,1,176,105,36,7,324,6,0,6,330
01/20/2011,BDL,CT,ANE,EN,Towers with Radar,162,98,32,10,302,0,1,17,11,29,162,99,49,21,331,26,8,34,365
01/21/2011,BDL,CT,ANE,EN,Towers with Radar,160,81,17,5,263,0,1,4,0,5,160,82,21,5,268,0,0,0,268
01/22/2011,BDL,CT,ANE,EN,Towers with Radar,129,73,12,0,214,0,0,9,4,13,129,73,21,4,227,26,0,26,253
01/23/2011,BDL,CT,ANE,EN,Towers with Radar,141,65,9,0,215,0,0,8,10,18,141,65,17,10,233,18,0,18,251
01/24/2011,BDL,CT,ANE,EN,Towers with Radar,154,96,26,7,283,0,5,18,0,23,154,101,44,7,306,24,0,24,330
01/25/2011,BDL,CT,ANE,EN,Towers with Radar,170,105,32,8,315,0,0,8,1,9,170,105,40,9,324,6,0,6,330
01/26/2011,BDL,CT,ANE,EN,Towers with Radar,146,92,24,2,264,0,1,0,2,3,146,93,24,4,267,10,0,10,277
01/27/2011,BDL,CT,ANE,EN,Towers with Radar,131,76,22,6,235,0,2,5,0,7,131,78,27,6,242,0,12,12,254
01/28/2011,BDL,CT,ANE,EN,Towers with Radar,165,90,21,6,282,0,2,7,2,11,165,92,28,8,293,9,10,19,312
01/29/2011,BDL,CT,ANE,EN,Towers with Radar,126,70,9,1,206,0,0,1,0,1,126,70,10,1,207,6,0,6,213
01/30/2011,BDL,CT,ANE,EN,Towers with Radar,142,77,18,1,238,0,0,6,0,6,142,77,24,1,244,0,0,0,244
01/31/2011,BDL,CT,ANE,EN,Towers with Radar,159,99,50,0,308,0,1,25,0,26,159,100,75,0,334,31,8,39,373
02/01/2011,BDL,CT,ANE,EN,Towers with Radar,92,44,15,2,153,0,0,0,0,0,92,44,15,2,153,0,0,0,153
02/02/2011,BDL,CT,ANE,EN,Towers with Radar,69,34,12,0,115,0,0,0,0,0,69,34,12,0,115,0,0,0,115
02/03/2011,BDL,CT,ANE,EN,Towers with Radar,165,96,40,8,309,0,2,5,4,11,165,98,45,12,320,8,0,8,328
02/04/2011,BDL,CT,ANE,EN,Towers with Radar,165,102,36,10,313,0,4,14,0,18,165,106,50,10,331,31,13,44,375
02/05/2011,BDL,CT,ANE,EN,Towers with Radar,130,57,10,2,199,0,1,1,0,2,130,58,11,2,201,0,0,0,201
02/06/2011,BDL,CT,ANE,EN,Towers with Radar,141,62,18,0,221,0,1,13,0,14,141,63,31,0,235,14,0,14,249
02/07/2011,BDL,CT,ANE,EN,Towers with Radar,155,89,33,7,284,0,1,23,4,28,155,90,56,11,312,35,0,35,347
02/08/2011,BDL,CT,ANE,EN,Towers with Radar,181,104,24,9,318,0,1,5,6,12,181,105,29,15,330,6,8,14,344
02/09/2011,BDL,CT,ANE,EN,Towers with Radar,169,102,27,13,311,0,3,10,9,22,169,105,37,22,333,10,10,20,353
02/10/2011,BDL,CT,ANE,EN,Towers with Radar,177,101,32,16,326,0,4,13,14,31,177,105,45,30,357,9,0,9,366
02/11/2011,BDL,CT,ANE,EN,Towers with Radar,165,86,19,5,275,0,2,17,3,22,165,88,36,8,297,37,0,37,334
02/12/2011,BDL,CT,ANE,EN,Towers with Radar,122,67,6,0,195,0,2,14,6,22,122,69,20,6,217,0,0,0,217
02/13/2011,BDL,CT,ANE,EN,Towers with Radar,145,64,13,3,225,0,0,4,9,13,145,64,17,12,238,0,0,0,238
02/14/2011,BDL,CT,ANE,EN,Towers with Radar,157,95,25,1,278,0,6,9,0,15,157,101,34,1,293,11,0,11,304
02/15/2011,BDL,CT,ANE,EN,Towers with Radar,170,102,33,8,313,0,4,13,8,25,170,106,46,16,338,10,0,10,348
02/16/2011,BDL,CT,ANE,EN,Towers with Radar,174,93,33,20,320,0,2,31,11,44,174,95,64,31,364,10,0,10,374
02/17/2011,BDL,CT,ANE,EN,Towers with Radar,169,89,46,14,318,0,2,23,9,34,169,91,69,23,352,21,6,27,379
02/18/2011,BDL,CT,ANE,EN,Towers with Radar,170,111,30,8,319,0,3,24,0,27,170,114,54,8,346,24,0,24,370
02/19/2011,BDL,CT,ANE,EN,Towers with Radar,130,64,5,0,199,0,2,0,0,2,130,66,5,0,201,0,0,0,201
02/20/2011,BDL,CT,ANE,EN,Towers with Radar,136,59,18,0,213,0,2,20,0,22,136,61,38,0,235,10,0,10,245
02/21/2011,BDL,CT,ANE,EN,Towers with Radar,150,90,25,0,265,0,0,2,0,2,150,90,27,0,267,2,12,14,281
02/22/2011,BDL,CT,ANE,EN,Towers with Radar,174,96,28,11,309,0,1,6,9,16,174,97,34,20,325,18,0,18,343
02/23/2011,BDL,CT,ANE,EN,Towers with Radar,177,99,32,10,318,0,3,27,16,46,177,102,59,26,364,2,0,2,366
02/24/2011,BDL,CT,ANE,EN,Towers with Radar,173,103,20,8,304,0,2,25,13,40,173,105,45,21,344,9,8,17,361
02/25/2011,BDL,CT,ANE,EN,Towers with Radar,160,86,17,2,265,0,1,0,0,1,160,87,17,2,266,0,0,0,266
02/26/2011,BDL,CT,ANE,EN,Towers with Radar,132,77,13,0,222,0,1,19,0,20,132,78,32,0,242,0,0,0,242
02/27/2011,BDL,CT,ANE,EN,Towers with Radar,146,84,16,2,248,0,0,4,0,4,146,84,20,2,252,0,0,0,252
02/28/2011,BDL,CT,ANE,EN,Towers with Radar,152,92,26,0,270,0,1,0,0,1,152,93,26,0,271,4,0,4,275
03/01/2011,BDL,CT,ANE,EN,Towers with Radar,174,110,36,6,326,0,2,8,12,22,174,112,44,18,348,0,0,0,348
03/02/2011,BDL,CT,ANE,EN,Towers with Radar,177,89,30,14,310,0,5,24,11,40,177,94,54,25,350,30,0,30,380
03/03/2011,BDL,CT,ANE,EN,Towers with Radar,173,102,30,10,315,0,2,29,15,46,173,104,59,25,361,0,3,3,364
03/04/2011,BDL,CT,ANE,EN,Towers with Radar,174,106,27,8,315,0,2,8,0,10,174,108,35,8,325,12,0,12,337
03/05/2011,BDL,CT,ANE,EN,Towers with Radar,129,66,15,11,221,0,0,4,4,8,129,66,19,15,229,0,0,0,229
03/06/2011,BDL,CT,ANE,EN,Towers with Radar,142,65,12,0,219,0,0,0,0,0,142,65,12,0,219,0,0,0,219
03/07/2011,BDL,CT,ANE,EN,Towers with Radar,161,96,27,9,293,0,1,6,2,9,161,97,33,11,302,0,0,0,302
03/08/2011,BDL,CT,ANE,EN,Towers with Radar,173,105,30,7,315,0,3,45,17,65,173,108,75,24,380,0,0,0,380
03/09/2011,BDL,CT,ANE,EN,Towers with Radar,173,99,34,11,317,0,3,26,11,40,173,102,60,22,357,0,0,0,357
03/10/2011,BDL,CT,ANE,EN,Towers with Radar,172,93,44,7,316,0,0,1,0,1,172,93,45,7,317,8,0,8,325
03/11/2011,BDL,CT,ANE,EN,Towers with Radar,182,112,22,7,323,0,1,11,0,12,182,113,33,7,335,0,0,0,335
03/12/2011,BDL,CT,ANE,EN,Towers with Radar,130,68,12,0,210,0,0,29,11,40,130,68,41,11,250,25,0,25,275
03/13/2011,BDL,CT,ANE,EN,Towers with Radar,151,78,17,1,247,0,0,9,12,21,151,78,26,13,268,4,0,4,272
03/14/2011,BDL,CT,ANE,EN,Towers with Radar,162,96,37,0,295,0,2,14,0,16,162,98,51,0,311,2,0,2,313
03/15/2011,BDL,CT,ANE,EN,Towers with Radar,185,109,33,6,333,0,3,5,6,14,185,112,38,12,347,14,2,16,363
03/16/2011,BDL,CT,ANE,EN,Towers with Radar,178,94,30,7,309,0,0,3,3,6,178,94,33,10,315,10,2,12,327
03/17/2011,BDL,CT,ANE,EN,Towers with Radar,184,96,35,9,324,0,1,19,19,39,184,97,54,28,363,2,0,2,365
03/18/2011,BDL,CT,ANE,EN,Towers with Radar,181,93,20,5,299,0,4,6,0,10,181,97,26,5,309,14,0,14,323
03/19/2011,BDL,CT,ANE,EN,Towers with Radar,136,68,8,2,214,0,3,7,0,10,136,71,15,2,224,16,0,16,240
03/20/2011,BDL,CT,ANE,EN,Towers with Radar,147,69,25,0,241,0,0,33,0,33,147,69,58,0,274,28,0,28,302
03/21/2011,BDL,CT,ANE,EN,Towers with Radar,166,93,24,7,290,0,0,0,0,0,166,93,24,7,290,0,0,0,290
03/22/2011,BDL,CT,ANE,EN,Towers with Radar,182,96,29,12,319,0,4,24,13,41,182,100,53,25,360,24,4,28,388
03/23/2011,BDL,CT,ANE,EN,Towers with Radar,170,92,29,9,300,0,2,15,0,17,170,94,44,9,317,10,0,10,327
03/24/2011,BDL,CT,ANE,EN,Towers with Radar,187,98,29,11,325,0,1,6,9,16,187,99,35,20,341,6,0,6,347
03/25/2011,BDL,CT,ANE,EN,Towers with Radar,174,95,23,8,300,0,3,32,6,41,174,98,55,14,341,6,0,6,347
03/26/2011,BDL,CT,ANE,EN,Towers with Radar,129,63,20,0,212,0,3,20,0,23,129,66,40,0,235,22,0,22,257
03/27/2011,BDL,CT,ANE,EN,Towers with Radar,148,80,20,2,250,0,0,17,0,17,148,80,37,2,267,8,0,8,275
03/28/2011,BDL,CT,ANE,EN,Towers with Radar,159,93,27,2,281,1,1,11,3,16,160,94,38,5,297,0,6,6,303
03/29/2011,BDL,CT,ANE,EN,Towers with Radar,178,99,32,11,320,0,2,28,10,40,178,101,60,21,360,6,0,6,366
03/30/2011,BDL,CT,ANE,EN,Towers with Radar,176,100,30,8,314,0,2,29,9,40,176,102,59,17,354,19,0,19,373
03/31/2011,BDL,CT,ANE,EN,Towers with Radar,168,108,29,8,313,0,2,7,10,19,168,110,36,18,332,0,0,0,332
04/01/2011,BDL,CT,ANE,EN,Towers with Radar,166,110,17,7,300,0,0,2,0,2,166,110,19,7,302,3,0,3,305
04/02/2011,BDL,CT,ANE,EN,Towers with Radar,125,71,21,0,217,0,0,13,6,19,125,71,34,6,236,18,0,18,254
04/03/2011,BDL,CT,ANE,EN,Towers with Radar,137,80,18,2,237,0,1,3,0,4,137,81,21,2,241,8,0,8,249
04/04/2011,BDL,CT,ANE,EN,Towers with Radar,154,105,28,8,295,0,1,7,3,11,154,106,35,11,306,0,0,0,306
04/05/2011,BDL,CT,ANE,EN,Towers with Radar,183,92,40,8,323,0,1,1,7,9,183,93,41,15,332,2,0,2,334
04/06/2011,BDL,CT,ANE,EN,Towers with Radar,180,95,30,9,314,0,2,13,10,25,180,97,43,19,339,6,0,6,345
04/07/2011,BDL,CT,ANE,EN,Towers with Radar,178,88,33,19,318,0,2,29,13,44,178,90,62,32,362,0,0,0,362
04/08/2011,BDL,CT,ANE,EN,Towers with Radar,169,95,36,4,304,0,4,26,9,39,169,99,62,13,343,10,3,13,356
04/09/2011,BDL,CT,ANE,EN,Towers with Radar,139,59,21,0,219,0,1,23,0,24,139,60,44,0,243,14,0,14,257
04/10/2011,BDL,CT,ANE,EN,Towers with Radar,150,74,13,0,237,0,0,12,0,12,150,74,25,0,249,12,0,12,261
04/11/2011,BDL,CT,ANE,EN,Towers with Radar,163,80,41,1,285,0,2,5,0,7,163,82,46,1,292,0,0,0,292
04/12/2011,BDL,CT,ANE,EN,Towers with Radar,179,92,37,5,313,0,0,11,11,22,179,92,48,16,335,0,0,0,335
04/13/2011,BDL,CT,ANE,EN,Towers with Radar,178,104,45,10,337,0,0,0,0,0,178,104,45,10,337,12,0,12,349
04/14/2011,BDL,CT,ANE,EN,Towers with Radar,177,97,31,9,314,0,1,24,8,33,177,98,55,17,347,8,14,22,369
04/15/2011,BDL,CT,ANE,EN,Towers with Radar,178,104,38,9,329,0,2,32,3,37,178,106,70,12,366,22,0,22,388
04/16/2011,BDL,CT,ANE,EN,Towers with Radar,152,71,8,10,241,0,1,18,0,19,152,72,26,10,260,6,0,6,266
04/17/2011,BDL,CT,ANE,EN,Towers with Radar,150,70,19,0,239,0,0,0,0,0,150,70,19,0,239,0,0,0,239
04/18/2011,BDL,CT,ANE,EN,Towers with Radar,163,98,27,7,295,0,1,14,3,18,163,99,41,10,313,4,0,4,317
04/19/2011,BDL,CT,ANE,EN,Towers with Radar,171,107,26,6,310,0,1,8,4,13,171,108,34,10,323,8,0,8,331
04/20/2011,BDL,CT,ANE,EN,Towers with Radar,172,106,37,4,319,0,1,0,0,1,172,107,37,4,320,0,0,0,320
04/21/2011,BDL,CT,ANE,EN,Towers with Radar,178,99,23,13,313,0,1,10,9,20,178,100,33,22,333,0,0,0,333
04/22/2011,BDL,CT,ANE,EN,Towers with Radar,170,93,18,5,286,0,2,25,5,32,170,95,43,10,318,0,0,0,318
04/23/2011,BDL,CT,ANE,EN,Towers with Radar,140,56,24,0,220,0,1,0,0,1,140,57,24,0,221,0,0,0,221
04/24/2011,BDL,CT,ANE,EN,Towers with Radar,154,62,18,0,234,0,0,1,0,1,154,62,19,0,235,0,0,0,235
04/25/2011,BDL,CT,ANE,EN,Towers with Radar,164,91,40,2,297,0,1,15,0,16,164,92,55,2,313,10,0,10,323
04/26/2011,BDL,CT,ANE,EN,Towers with Radar,170,89,50,4,313,0,0,16,0,16,170,89,66,4,329,8,0,8,337
04/27/2011,BDL,CT,ANE,EN,Towers with Radar,179,96,52,8,335,0,0,2,3,5,179,96,54,11,340,0,0,0,340
04/28/2011,BDL,CT,ANE,EN,Towers with Radar,170,101,33,9,313,0,0,0,0,0,170,101,33,9,313,0,0,0,313
04/29/2011,BDL,CT,ANE,EN,Towers with Radar,163,114,34,5,316,0,3,55,0,58,163,117,89,5,374,0,0,0,374
04/30/2011,BDL,CT,ANE,EN,Towers with Radar,130,64,19,1,214,0,0,33,0,33,130,64,52,1,247,0,0,0,247
05/01/2011,BDL,CT,ANE,EN,Towers with Radar,144,76,18,1,239,0,0,11,0,11,144,76,29,1,250,0,0,0,250
05/02/2011,BDL,CT,ANE,EN,Towers with Radar,158,91,35,7,291,0,1,14,0,15,158,92,49,7,306,0,0,0,306
05/03/2011,BDL,CT,ANE,EN,Towers with Radar,173,93,27,5,298,0,2,14,11,27,173,95,41,16,325,0,0,0,325
05/04/2011,BDL,CT,ANE,EN,Towers with Radar,169,96,38,14,317,0,1,1,2,4,169,97,39,16,321,0,0,0,321
05/05/2011,BDL,CT,ANE,EN,Towers with Radar,178,105,29,6,318,0,3,7,15,25,178,108,36,21,343,0,0,0,343
05/06/2011,BDL,CT,ANE,EN,Towers with Radar,169,102,42,3,316,0,2,30,6,38,169,104,72,9,354,0,0,0,354
05/07/2011,BDL,CT,ANE,EN,Towers with Radar,143,60,18,0,221,0,1,26,0,27,143,61,44,0,248,0,0,0,248
05/08/2011,BDL,CT,ANE,EN,Towers with Radar,143,67,14,0,224,0,0,18,0,18,143,67,32,0,242,0,0,0,242
05/09/2011,BDL,CT,ANE,EN,Towers with Radar,158,97,23,1,279,0,3,17,1,21,158,100,40,2,300,0,0,0,300
05/10/2011,BDL,CT,ANE,EN,Towers with Radar,175,88,37,10,310,0,2,28,7,37,175,90,65,17,347,2,0,2,349
05/11/2011,BDL,CT,ANE,EN,Towers with Radar,171,92,32,10,305,0,1,28,11,40,171,93,60,21,345,0,0,0,345
05/12/2011,BDL,CT,ANE,EN,Towers with Radar,166,115,39,14,334,0,2,39,11,52,166,117,78,25,386,0,0,0,386
05/13/2011,BDL,CT,ANE,EN,Towers with Radar,170,105,28,7,310,0,1,27,6,34,170,106,55,13,344,6,0,6,350
05/14/2011,BDL,CT,ANE,EN,Towers with Radar,129,62,22,5,218,1,0,28,2,31,130,62,50,7,249,0,0,0,249
05/15/2011,BDL,CT,ANE,EN,Towers with Radar,144,74,31,3,252,0,0,0,0,0,144,74,31,3,252,0,0,0,252
05/16/2011,BDL,CT,ANE,EN,Towers with Radar,169,102,45,16,332,0,0,4,0,4,169,102,49,16,336,0,0,0,336
05/17/2011,BDL,CT,ANE,EN,Towers with Radar,171,91,31,15,308,0,0,0,0,0,171,91,31,15,308,0,0,0,308
05/18/2011,BDL,CT,ANE,EN,Towers with Radar,175,92,49,14,330,0,0,2,0,2,175,92,51,14,332,0,0,0,332
05/19/2011,BDL,CT,ANE,EN,Towers with Radar,171,107,66,17,361,0,0,4,0,4,171,107,70,17,365,0,0,0,365
05/20/2011,BDL,CT,ANE,EN,Towers with Radar,176,102,46,9,333,0,2,8,0,10,176,104,54,9,343,0,0,0,343
05/21/2011,BDL,CT,ANE,EN,Towers with Radar,138,62,24,4,228,0,0,22,8,30,138,62,46,12,258,1,0,1,259
05/22/2011,BDL,CT,ANE,EN,Towers with Radar,142,67,32,8,249,0,0,1,4,5,142,67,33,12,254,1,0,1,255
05/23/2011,BDL,CT,ANE,EN,Towers with Radar,153,100,42,0,295,0,0,0,0,0,153,100,42,0,295,0,0,0,295
05/24/2011,BDL,CT,ANE,EN,Towers with Radar,173,91,36,7,307,0,1,10,2,13,173,92,46,9,320,0,0,0,320
05/25/2011,BDL,CT,ANE,EN,Towers with Radar,159,89,38,7,293,0,2,32,12,46,159,91,70,19,339,0,0,0,339
05/26/2011,BDL,CT,ANE,EN,Towers with Radar,172,94,41,13,320,0,0,21,10,31,172,94,62,23,351,0,0,0,351
05/27/2011,BDL,CT,ANE,EN,Towers with Radar,163,104,33,10,310,0,1,14,2,17,163,105,47,12,327,0,0,0,327
05/28/2011,BDL,CT,ANE,EN,Towers with Radar,133,50,12,0,195,0,4,4,0,8,133,54,16,0,203,2,0,2,205
05/29/2011,BDL,CT,ANE,EN,Towers with Radar,113,63,8,0,184,0,0,7,4,11,113,63,15,4,195,0,0,0,195
05/30/2011,BDL,CT,ANE,EN,Towers with Radar,139,76,13,0,228,0,0,9,10,19,139,76,22,10,247,3,0,3,250
05/31/2011,BDL,CT,ANE,EN,Towers with Radar,153,83,33,9,278,0,1,24,13,38,153,84,57,22,316,13,0,13,329
06/01/2011,BDL,CT,ANE,EN,Towers with Radar,190,93,26,8,317,0,1,8,1,10,190,94,34,9,327,1,0,1,328
06/02/2011,BDL,CT,ANE,EN,Towers with Radar,171,105,45,19,340,0,2,26,8,36,171,107,71,27,376,0,0,0,376
06/03/2011,BDL,CT,ANE,EN,Towers with Radar,162,99,31,6,298,0,2,25,2,29,162,101,56,8,327,1,0,1,328
06/04/2011,BDL,CT,ANE,EN,Towers with Radar,130,51,10,6,197,0,1,18,7,26,130,52,28,13,223,3,0,3,226
06/05/2011,BDL,CT,ANE,EN,Towers with Radar,143,74,15,2,234,0,0,11,4,15,143,74,26,6,249,0,0,0,249
06/06/2011,BDL,CT,ANE,EN,Towers with Radar,157,93,41,8,299,0,1,23,0,24,157,94,64,8,323,0,0,0,323
06/07/2011,BDL,CT,ANE,EN,Towers with Radar,174,89,39,11,313,0,1,36,7,44,174,90,75,18,357,13,0,13,370
06/08/2011,BDL,CT,ANE,EN,Towers with Radar,172,101,44,6,323,0,1,22,7,30,172,102,66,13,353,0,0,0,353
06/09/2011,BDL,CT,ANE,EN,Towers with Radar,157,87,33,5,282,0,2,17,9,28,157,89,50,14,310,0,0,0,310
06/10/2011,BDL,CT,ANE,EN,Towers with Radar,166,106,29,7,308,0,2,35,14,51,166,108,64,21,359,0,0,0,359
06/11/2011,BDL,CT,ANE,EN,Towers with Radar,137,54,10,4,205,0,0,0,2,2,137,54,10,6,207,0,0,0,207
06/12/2011,BDL,CT,ANE,EN,Towers with Radar,142,62,25,2,231,0,0,0,0,0,142,62,25,2,231,0,0,0,231
06/13/2011,BDL,CT,ANE,EN,Towers with Radar,156,90,34,6,286,0,1,22,5,28,156,91,56,11,314,0,0,0,314
06/14/2011,BDL,CT,ANE,EN,Towers with Radar,173,93,45,9,320,0,1,18,2,21,173,94,63,11,341,0,0,0,341
06/15/2011,BDL,CT,ANE,EN,Towers with Radar,168,85,32,9,294,0,1,33,7,41,168,86,65,16,335,0,0,0,335
06/16/2011,BDL,CT,ANE,EN,Towers with Radar,164,97,42,14,317,0,1,17,6,24,164,98,59,20,341,0,0,0,341
06/17/2011,BDL,CT,ANE,EN,Towers with Radar,175,103,46,8,332,0,1,1,0,2,175,104,47,8,334,0,0,0,334
06/18/2011,BDL,CT,ANE,EN,Towers with Radar,133,60,15,0,208,0,0,17,0,17,133,60,32,0,225,0,0,0,225
06/19/2011,BDL,CT,ANE,EN,Towers with Radar,143,69,15,2,229,0,0,8,0,8,143,69,23,2,237,0,0,0,237
06/20/2011,BDL,CT,ANE,EN,Towers with Radar,156,98,36,2,292,0,5,29,2,36,156,103,65,4,328,12,0,12,340
06/21/2011,BDL,CT,ANE,EN,Towers with Radar,167,96,25,5,293,0,3,31,11,45,167,99,56,16,338,0,0,0,338
06/22/2011,BDL,CT,ANE,EN,Towers with Radar,163,93,46,12,314,0,1,3,0,4,163,94,49,12,318,0,0,0,318
06/23/2011,BDL,CT,ANE,EN,Towers with Radar,172,101,27,8,308,0,0,0,0,0,172,101,27,8,308,0,0,0,308
06/24/2011,BDL,CT,ANE,EN,Towers with Radar,167,95,40,7,309,0,0,1,0,1,167,95,41,7,310,0,0,0,310
06/25/2011,BDL,CT,ANE,EN,Towers with Radar,131,69,19,2,221,0,0,1,1,2,131,69,20,3,223,0,0,0,223
06/26/2011,BDL,CT,ANE,EN,Towers with Radar,138,76,20,1,235,0,0,20,0,20,138,76,40,1,255,4,0,4,259
06/27/2011,BDL,CT,ANE,EN,Towers with Radar,161,104,35,5,305,0,1,17,0,18,161,105,52,5,323,1,0,1,324
06/28/2011,BDL,CT,ANE,EN,Towers with Radar,166,92,41,9,308,0,3,21,8,32,166,95,62,17,340,0,0,0,340
06/29/2011,BDL,CT,ANE,EN,Towers with Radar,172,86,36,9,303,0,2,30,9,41,172,88,66,18,344,10,0,10,354
06/30/2011,BDL,CT,ANE,EN,Towers with Radar,165,94,34,8,301,0,3,28,4,35,165,97,62,12,336,6,2,8,344
07/01/2011,BDL,CT,ANE,EN,Towers with Radar,163,99,19,0,281,0,3,35,0,38,163,102,54,0,319,0,0,0,319
07/02/2011,BDL,CT,ANE,EN,Towers with Radar,128,57,13,0,198,1,1,18,0,20,129,58,31,0,218,8,0,8,226
07/03/2011,BDL,CT,ANE,EN,Towers with Radar,120,40,7,0,167,0,0,8,0,8,120,40,15,0,175,0,0,0,175
07/04/2011,BDL,CT,ANE,EN,Towers with Radar,126,77,5,0,208,0,0,10,0,10,126,77,15,0,218,0,0,0,218
07/05/2011,BDL,CT,ANE,EN,Towers with Radar,146,92,22,11,271,0,2,23,6,31,146,94,45,17,302,0,0,0,302
07/06/2011,BDL,CT,ANE,EN,Towers with Radar,168,91,20,6,285,0,2,30,4,36,168,93,50,10,321,15,0,15,336
07/07/2011,BDL,CT,ANE,EN,Towers with Radar,169,86,24,6,285,0,2,33,8,43,169,88,57,14,328,0,0,0,328
07/08/2011,BDL,CT,ANE,EN,Towers with Radar,154,81,25,8,268,0,0,2,0,2,154,81,27,8,270,0,0,0,270
07/09/2011,BDL,CT,ANE,EN,Towers with Radar,138,59,11,0,208,0,0,15,7,22,138,59,26,7,230,0,0,0,230
07/10/2011,BDL,CT,ANE,EN,Towers with Radar,136,60,14,0,210,0,4,23,3,30,136,64,37,3,240,0,0,0,240
07/11/2011,BDL,CT,ANE,EN,Towers with Radar,151,85,23,5,264,0,1,13,8,22,151,86,36,13,286,0,0,0,286
07/12/2011,BDL,CT,ANE,EN,Towers with Radar,172,93,29,12,306,0,1,30,8,39,172,94,59,20,345,8,0,8,353
07/13/2011,BDL,CT,ANE,EN,Towers with Radar,167,93,50,9,319,0,2,27,7,36,167,95,77,16,355,0,0,0,355
07/14/2011,BDL,CT,ANE,EN,Towers with Radar,166,101,33,11,311,0,2,34,5,41,166,103,67,16,352,0,0,0,352
07/15/2011,BDL,CT,ANE,EN,Towers with Radar,162,97,18,6,283,0,3,24,10,37,162,100,42,16,320,0,0,0,320
07/16/2011,BDL,CT,ANE,EN,Towers with Radar,136,57,13,5,211,0,3,16,9,28,136,60,29,14,239,0,0,0,239
07/17/2011,BDL,CT,ANE,EN,Towers with Radar,139,68,14,2,223,0,2,19,0,21,139,70,33,2,244,0,0,0,244
07/18/2011,BDL,CT,ANE,EN,Towers with Radar,151,84,29,6,270,0,1,12,13,26,151,85,41,19,296,0,0,0,296
07/19/2011,BDL,CT,ANE,EN,Towers with Radar,167,87,29,7,290,0,3,30,12,45,167,90,59,19,335,0,0,0,335
07/20/2011,BDL,CT,ANE,EN,Towers with Radar,172,94,18,5,289,0,7,27,12,46,172,101,45,17,335,20,0,20,355
07/21/2011,BDL,CT,ANE,EN,Towers with Radar,168,93,41,13,315,0,1,25,6,32,168,94,66,19,347,12,0,12,359
07/22/2011,BDL,CT,ANE,EN,Towers with Radar,160,94,29,7,290,0,1,17,7,25,160,95,46,14,315,0,0,0,315
07/23/2011,BDL,CT,ANE,EN,Towers with Radar,136,56,5,2,199,0,1,5,0,6,136,57,10,2,205,0,0,0,205
07/24/2011,BDL,CT,ANE,EN,Towers with Radar,141,63,8,3,215,0,0,17,0,17,141,63,25,3,232,6,0,6,238
07/25/2011,BDL,CT,ANE,EN,Towers with Radar,143,83,20,4,250,0,1,22,0,23,143,84,42,4,273,10,0,10,283
07/26/2011,BDL,CT,ANE,EN,Towers with Radar,174,88,39,6,307,0,1,18,3,22,174,89,57,9,329,0,0,0,329
07/27/2011,BDL,CT,ANE,EN,Towers with Radar,165,90,39,9,303,0,3,33,0,36,165,93,72,9,339,0,0,0,339
07/28/2011,BDL,CT,ANE,EN,Towers with Radar,170,95,25,9,299,0,2,40,2,44,170,97,65,11,343,12,0,12,355
07/29/2011,BDL,CT,ANE,EN,Towers with Radar,163,111,42,7,323,0,1,2,0,3,163,112,44,7,326,0,0,0,326
07/30/2011,BDL,CT,ANE,EN,Towers with Radar,139,60,15,2,216,0,0,22,0,22,139,60,37,2,238,0,0,0,238
07/31/2011,BDL,CT,ANE,EN,Towers with Radar,137,60,15,0,212,0,0,14,0,14,137,60,29,0,226,0,0,0,226
08/01/2011,BDL,CT,ANE,EN,Towers with Radar,145,91,24,0,260,0,1,13,0,14,145,92,37,0,274,0,0,0,274
08/02/2011,BDL,CT,ANE,EN,Towers with Radar,170,100,28,7,305,0,3,34,5,42,170,103,62,12,347,0,0,0,347
08/03/2011,BDL,CT,ANE,EN,Towers with Radar,168,93,24,8,293,0,2,20,6,28,168,95,44,14,321,0,0,0,321
08/04/2011,BDL,CT,ANE,EN,Towers with Radar,170,86,26,8,290,0,2,16,8,26,170,88,42,16,316,0,0,0,316
08/05/2011,BDL,CT,ANE,EN,Towers with Radar,161,106,22,7,296,0,1,17,0,18,161,107,39,7,314,0,0,0,314
08/06/2011,BDL,CT,ANE,EN,Towers with Radar,132,59,18,11,220,0,0,6,5,11,132,59,24,16,231,0,0,0,231
08/07/2011,BDL,CT,ANE,EN,Towers with Radar,137,77,19,1,234,0,0,4,0,4,137,77,23,1,238,0,0,0,238
08/08/2011,BDL,CT,ANE,EN,Towers with Radar,154,97,33,5,289,0,2,9,0,11,154,99,42,5,300,0,0,0,300
08/09/2011,BDL,CT,ANE,EN,Towers with Radar,165,99,19,6,289,0,2,11,8,21,165,101,30,14,310,0,0,0,310
08/10/2011,BDL,CT,ANE,EN,Towers with Radar,174,101,22,4,301,0,1,26,8,35,174,102,48,12,336,0,0,0,336
08/11/2011,BDL,CT,ANE,EN,Towers with Radar,162,108,19,4,293,0,2,28,10,40,162,110,47,14,333,0,0,0,333
08/12/2011,BDL,CT,ANE,EN,Towers with Radar,157,103,19,7,286,0,1,35,7,43,157,104,54,14,329,0,0,0,329
08/13/2011,BDL,CT,ANE,EN,Towers with Radar,130,66,16,1,213,0,3,13,6,22,130,69,29,7,235,0,0,0,235
08/14/2011,BDL,CT,ANE,EN,Towers with Radar,145,65,17,2,229,0,0,0,0,0,145,65,17,2,229,0,0,0,229
08/15/2011,BDL,CT,ANE,EN,Towers with Radar,151,98,41,0,290,0,0,2,0,2,151,98,43,0,292,12,0,12,304
08/16/2011,BDL,CT,ANE,EN,Towers with Radar,165,92,47,9,313,0,3,6,4,13,165,95,53,13,326,0,0,0,326
08/17/2011,BDL,CT,ANE,EN,Towers with Radar,165,94,39,11,309,0,3,36,12,51,165,97,75,23,360,0,0,0,360
08/18/2011,BDL,CT,ANE,EN,Towers with Radar,165,86,30,9,290,0,2,24,7,33,165,88,54,16,323,0,0,0,323
08/19/2011,BDL,CT,ANE,EN,Towers with Radar,161,80,30,6,277,0,1,13,4,18,161,81,43,10,295,0,0,0,295
08/20/2011,BDL,CT,ANE,EN,Towers with Radar,127,61,11,2,201,0,0,10,0,10,127,61,21,2,211,0,0,0,211
08/21/2011,BDL,CT,ANE,EN,Towers with Radar,139,57,13,0,209,0,0,13,2,15,139,57,26,2,224,0,0,0,224
08/22/2011,BDL,CT,ANE,EN,Towers with Radar,149,94,34,6,283,0,1,22,12,35,149,95,56,18,318,0,4,4,322
08/23/2011,BDL,CT,ANE,EN,Towers with Radar,178,98,35,12,323,0,3,21,7,31,178,101,56,19,354,6,0,6,360
08/24/2011,BDL,CT,ANE,EN,Towers with Radar,166,86,32,11,295,0,2,33,12,47,166,88,65,23,342,4,0,4,346
08/25/2011,BDL,CT,ANE,EN,Towers with Radar,163,84,22,10,279,0,2,11,2,15,163,86,33,12,294,0,0,0,294
08/26/2011,BDL,CT,ANE,EN,Towers with Radar,159,100,37,11,307,0,1,23,2,26,159,101,60,13,333,0,0,0,333
08/27/2011,BDL,CT,ANE,EN,Towers with Radar,118,55,30,2,205,0,1,0,0,1,118,56,30,2,206,0,0,0,206
08/28/2011,BDL,CT,ANE,EN,Towers with Radar,5,0,3,0,8,0,0,0,0,0,5,0,3,0,8,0,0,0,8
08/29/2011,BDL,CT,ANE,EN,Towers with Radar,120,78,35,11,244,0,3,28,2,33,120,81,63,13,277,0,0,0,277
08/30/2011,BDL,CT,ANE,EN,Towers with Radar,162,86,25,3,276,0,6,29,11,46,162,92,54,14,322,8,0,8,330
08/31/2011,BDL,CT,ANE,EN,Towers with Radar,167,95,30,8,300,0,4,46,11,61,167,99,76,19,361,0,0,0,361
09/01/2011,BDL,CT,ANE,EN,Towers with Radar,166,90,27,8,291,0,4,32,13,49,166,94,59,21,340,0,0,0,340
09/02/2011,BDL,CT,ANE,EN,Towers with Radar,155,97,15,0,267,0,2,17,0,19,155,99,32,0,286,0,0,0,286
09/03/2011,BDL,CT,ANE,EN,Towers with Radar,112,57,19,0,188,0,5,19,0,24,112,62,38,0,212,0,0,0,212
09/04/2011,BDL,CT,ANE,EN,Towers with Radar,121,43,13,0,177,0,0,2,0,2,121,43,15,0,179,0,0,0,179
09/05/2011,BDL,CT,ANE,EN,Towers with Radar,135,69,20,2,226,0,0,2,0,2,135,69,22,2,228,0,0,0,228
09/06/2011,BDL,CT,ANE,EN,Towers with Radar,142,101,37,8,288,0,0,3,0,3,142,101,40,8,291,0,0,0,291
09/07/2011,BDL,CT,ANE,EN,Towers with Radar,162,98,52,16,328,0,0,1,0,1,162,98,53,16,329,0,0,0,329
09/08/2011,BDL,CT,ANE,EN,Towers with Radar,168,92,42,14,316,0,1,7,2,10,168,93,49,16,326,0,0,0,326
09/09/2011,BDL,CT,ANE,EN,Towers with Radar,172,106,23,8,309,0,3,16,2,21,172,109,39,10,330,0,0,0,330
09/10/2011,BDL,CT,ANE,EN,Towers with Radar,113,57,12,1,183,0,2,11,0,13,113,59,23,1,196,0,0,0,196
09/11/2011,BDL,CT,ANE,EN,Towers with Radar,140,65,31,6,242,0,0,9,4,13,140,65,40,10,255,4,0,4,259
09/12/2011,BDL,CT,ANE,EN,Towers with Radar,156,92,42,1,291,0,1,28,0,29,156,93,70,1,320,4,0,4,324
09/13/2011,BDL,CT,ANE,EN,Towers with Radar,158,91,38,7,294,0,3,16,3,22,158,94,54,10,316,0,0,0,316
09/14/2011,BDL,CT,ANE,EN,Towers with Radar,156,92,35,8,291,0,0,31,8,39,156,92,66,16,330,0,0,0,330
09/15/2011,BDL,CT,ANE,EN,Towers with Radar,172,106,43,10,331,0,1,13,4,18,172,107,56,14,349,12,4,16,365
09/16/2011,BDL,CT,ANE,EN,Towers with Radar,165,92,39,7,303,0,2,22,2,26,165,94,61,9,329,0,0,0,329
09/17/2011,BDL,CT,ANE,EN,Towers with Radar,115,57,12,1,185,0,1,16,0,17,115,58,28,1,202,0,0,0,202
09/18/2011,BDL,CT,ANE,EN,Towers with Radar,138,60,33,2,233,0,0,10,0,10,138,60,43,2,243,0,0,0,243
09/19/2011,BDL,CT,ANE,EN,Towers with Radar,151,92,34,5,282,0,1,19,0,20,151,93,53,5,302,0,0,0,302
09/20/2011,BDL,CT,ANE,EN,Towers with Radar,162,91,29,9,291,0,2,6,0,8,162,93,35,9,299,0,0,0,299
09/21/2011,BDL,CT,ANE,EN,Towers with Radar,167,87,69,11,334,0,1,14,5,20,167,88,83,16,354,0,0,0,354
09/22/2011,BDL,CT,ANE,EN,Towers with Radar,167,99,41,9,316,0,1,3,4,8,167,100,44,13,324,0,0,0,324
09/23/2011,BDL,CT,ANE,EN,Towers with Radar,160,95,54,4,313,0,0,1,0,1,160,95,55,4,314,0,0,0,314
09/24/2011,BDL,CT,ANE,EN,Towers with Radar,123,58,44,2,227,0,0,8,2,10,123,58,52,4,237,0,0,0,237
09/25/2011,BDL,CT,ANE,EN,Towers with Radar,143,59,17,0,219,0,0,10,0,10,143,59,27,0,229,0,0,0,229
09/26/2011,BDL,CT,ANE,EN,Towers with Radar,150,90,24,3,267,0,1,12,2,15,150,91,36,5,282,0,0,0,282
09/27/2011,BDL,CT,ANE,EN,Towers with Radar,164,91,35,6,296,0,0,13,7,20,164,91,48,13,316,12,0,12,328
09/28/2011,BDL,CT,ANE,EN,Towers with Radar,162,94,39,6,301,0,0,9,14,23,162,94,48,20,324,0,0,0,324
09/29/2011,BDL,CT,ANE,EN,Towers with Radar,177,86,32,6,301,0,1,1,0,2,177,87,33,6,303,8,0,8,311
09/30/2011,BDL,CT,ANE,EN,Towers with Radar,160,93,41,2,296,0,3,18,4,25,160,96,59,6,321,0,0,0,321
10/01/2011,BDL,CT,ANE,EN,Towers with Radar,121,57,17,11,206,0,0,0,1,1,121,57,17,12,207,0,0,0,207
10/02/2011,BDL,CT,ANE,EN,Towers with Radar,135,75,13,0,223,0,0,12,0,12,135,75,25,0,235,0,0,0,235
10/03/2011,BDL,CT,ANE,EN,Towers with Radar,154,88,36,6,284,0,1,7,4,12,154,89,43,10,296,8,0,8,304
10/04/2011,BDL,CT,ANE,EN,Towers with Radar,160,88,31,8,287,0,1,4,5,10,160,89,35,13,297,0,0,0,297
10/05/2011,BDL,CT,ANE,EN,Towers with Radar,161,91,27,8,287,0,3,22,13,38,161,94,49,21,325,2,0,2,327
10/06/2011,BDL,CT,ANE,EN,Towers with Radar,165,99,34,5,303,0,3,37,22,62,165,102,71,27,365,20,0,20,385
10/07/2011,BDL,CT,ANE,EN,Towers with Radar,170,90,36,0,296,0,6,37,1,44,170,96,73,1,340,4,0,4,344
10/08/2011,BDL,CT,ANE,EN,Towers with Radar,121,55,11,0,187,0,1,16,0,17,121,56,27,0,204,0,0,0,204
10/09/2011,BDL,CT,ANE,EN,Towers with Radar,141,61,24,0,226,0,2,21,0,23,141,63,45,0,249,0,0,0,249
10/10/2011,BDL,CT,ANE,EN,Towers with Radar,153,82,24,0,259,0,0,12,0,12,153,82,36,0,271,5,0,5,276
10/11/2011,BDL,CT,ANE,EN,Towers with Radar,163,83,29,6,281,0,2,15,9,26,163,85,44,15,307,2,0,2,309
10/12/2011,BDL,CT,ANE,EN,Towers with Radar,163,96,26,10,295,0,2,11,11,24,163,98,37,21,319,0,0,0,319
10/13/2011,BDL,CT,ANE,EN,Towers with Radar,167,89,51,7,314,0,0,2,1,3,167,89,53,8,317,0,0,0,317
10/14/2011,BDL,CT,ANE,EN,Towers with Radar,175,91,28,4,298,0,1,0,0,1,175,92,28,4,299,0,0,0,299
10/15/2011,BDL,CT,ANE,EN,Towers with Radar,119,61,16,1,197,0,0,11,10,21,119,61,27,11,218,0,0,0,218
10/16/2011,BDL,CT,ANE,EN,Towers with Radar,139,69,14,3,225,0,0,12,2,14,139,69,26,5,239,0,0,0,239
10/17/2011,BDL,CT,ANE,EN,Towers with Radar,153,89,34,15,291,0,2,14,9,25,153,91,48,24,316,4,18,22,338
10/18/2011,BDL,CT,ANE,EN,Towers with Radar,160,82,25,7,274,0,2,31,11,44,160,84,56,18,318,0,0,0,318
10/19/2011,BDL,CT,ANE,EN,Towers with Radar,157,94,37,2,290,0,1,1,0,2,157,95,38,2,292,0,0,0,292
10/20/2011,BDL,CT,ANE,EN,Towers with Radar,178,92,30,11,311,0,1,22,6,29,178,93,52,17,340,2,2,4,344
10/21/2011,BDL,CT,ANE,EN,Towers with Radar,161,106,26,8,301,0,3,29,2,34,161,109,55,10,335,6,0,6,341
10/22/2011,BDL,CT,ANE,EN,Towers with Radar,117,58,20,0,195,0,0,22,0,22,117,58,42,0,217,0,0,0,217
10/23/2011,BDL,CT,ANE,EN,Towers with Radar,139,67,27,2,235,0,0,21,0,21,139,67,48,2,256,0,0,0,256
10/24/2011,BDL,CT,ANE,EN,Towers with Radar,153,79,36,2,270,0,1,21,1,23,153,80,57,3,293,8,0,8,301
10/25/2011,BDL,CT,ANE,EN,Towers with Radar,163,85,25,9,282,0,4,23,6,33,163,89,48,15,315,2,0,2,317
10/26/2011,BDL,CT,ANE,EN,Towers with Radar,164,102,27,19,312,0,2,17,9,28,164,104,44,28,340,0,0,0,340
10/27/2011,BDL,CT,ANE,EN,Towers with Radar,177,100,28,8,313,0,0,0,0,0,177,100,28,8,313,0,0,0,313
10/28/2011,BDL,CT,ANE,EN,Towers with Radar,164,110,35,5,314,0,1,26,10,37,164,111,61,15,351,0,0,0,351
10/29/2011,BDL,CT,ANE,EN,Towers with Radar,102,44,15,1,162,0,1,7,0,8,102,45,22,1,170,0,0,0,170
10/30/2011,BDL,CT,ANE,EN,Towers with Radar,129,69,22,1,221,0,0,6,1,7,129,69,28,2,228,0,0,0,228
10/31/2011,BDL,CT,ANE,EN,Towers with Radar,156,84,20,0,260,0,3,14,2,19,156,87,34,2,279,0,0,0,279
11/01/2011,BDL,CT,ANE,EN,Towers with Radar,167,87,21,6,281,0,1,4,3,8,167,88,25,9,289,0,0,0,289
11/02/2011,BDL,CT,ANE,EN,Towers with Radar,164,94,21,6,285,0,1,15,0,16,164,95,36,6,301,1,0,1,302
11/03/2011,BDL,CT,ANE,EN,Towers with Radar,165,87,25,7,284,0,2,21,4,27,165,89,46,11,311,0,0,0,311
11/04/2011,BDL,CT,ANE,EN,Towers with Radar,160,102,35,12,309,0,5,11,1,17,160,107,46,13,326,0,2,2,328
11/05/2011,BDL,CT,ANE,EN,Towers with Radar,115,53,22,3,193,0,1,21,5,27,115,54,43,8,220,21,0,21,241
11/06/2011,BDL,CT,ANE,EN,Towers with Radar,124,69,22,8,223,0,0,4,1,5,124,69,26,9,228,2,0,2,230
11/07/2011,BDL,CT,ANE,EN,Towers with Radar,148,94,27,0,269,0,1,10,0,11,148,95,37,0,280,0,0,0,280
11/08/2011,BDL,CT,ANE,EN,Towers with Radar,162,91,23,3,279,0,4,29,12,45,162,95,52,15,324,0,0,0,324
11/09/2011,BDL,CT,ANE,EN,Towers with Radar,162,87,24,10,283,0,1,13,6,20,162,88,37,16,303,0,0,0,303
11/10/2011,BDL,CT,ANE,EN,Towers with Radar,171,105,43,10,329,0,1,2,0,3,171,106,45,10,332,0,0,0,332
11/11/2011,BDL,CT,ANE,EN,Towers with Radar,160,98,31,2,291,0,0,5,0,5,160,98,36,2,296,0,0,0,296
11/12/2011,BDL,CT,ANE,EN,Towers with Radar,114,50,21,0,185,0,1,8,0,9,114,51,29,0,194,0,0,0,194
11/13/2011,BDL,CT,ANE,EN,Towers with Radar,122,70,25,0,217,0,0,24,0,24,122,70,49,0,241,8,0,8,249
11/14/2011,BDL,CT,ANE,EN,Towers with Radar,148,79,39,8,274,0,1,16,2,19,148,80,55,10,293,0,0,0,293
11/15/2011,BDL,CT,ANE,EN,Towers with Radar,167,96,26,15,304,0,2,12,2,16,167,98,38,17,320,0,0,0,320
11/16/2011,BDL,CT,ANE,EN,Towers with Radar,160,93,40,10,303,0,0,3,2,5,160,93,43,12,308,0,0,0,308
11/17/2011,BDL,CT,ANE,EN,Towers with Radar,159,95,46,7,307,0,1,6,0,7,159,96,52,7,314,0,0,0,314
11/18/2011,BDL,CT,ANE,EN,Towers with Radar,147,108,46,10,311,0,1,21,0,22,147,109,67,10,333,0,0,0,333
11/19/2011,BDL,CT,ANE,EN,Towers with Radar,110,64,14,2,190,0,1,20,0,21,110,65,34,2,211,0,0,0,211
11/20/2011,BDL,CT,ANE,EN,Towers with Radar,127,64,16,2,209,0,0,11,2,13,127,64,27,4,222,0,0,0,222
11/21/2011,BDL,CT,ANE,EN,Towers with Radar,141,83,23,2,249,0,2,11,0,13,141,85,34,2,262,0,0,0,262
11/22/2011,BDL,CT,ANE,EN,Towers with Radar,156,90,21,9,276,0,2,12,7,21,156,92,33,16,297,0,0,0,297
11/23/2011,BDL,CT,ANE,EN,Towers with Radar,161,89,37,6,293,0,1,0,0,1,161,90,37,6,294,0,0,0,294
11/24/2011,BDL,CT,ANE,EN,Towers with Radar,90,35,5,0,130,0,0,5,0,5,90,35,10,0,135,0,0,0,135
11/25/2011,BDL,CT,ANE,EN,Towers with Radar,99,42,4,2,147,0,3,22,0,25,99,45,26,2,172,8,0,8,180
11/26/2011,BDL,CT,ANE,EN,Towers with Radar,121,69,18,0,208,0,1,16,0,17,121,70,34,0,225,6,0,6,231
11/27/2011,BDL,CT,ANE,EN,Towers with Radar,152,71,20,1,244,0,2,11,0,13,152,73,31,1,257,4,0,4,261
11/28/2011,BDL,CT,ANE,EN,Towers with Radar,148,98,23,11,280,0,3,16,0,19,148,101,39,11,299,0,0,0,299
11/29/2011,BDL,CT,ANE,EN,Towers with Radar,155,79,38,13,285,0,0,3,6,9,155,79,41,19,294,0,0,0,294
11/30/2011,BDL,CT,ANE,EN,Towers with Radar,159,82,30,10,281,0,4,11,10,25,159,86,41,20,306,12,0,12,318
12/01/2011,BDL,CT,ANE,EN,Towers with Radar,158,89,22,8,277,0,0,16,5,21,158,89,38,13,298,0,0,0,298
12/02/2011,BDL,CT,ANE,EN,Towers with Radar,155,91,33,3,282,0,3,29,2,34,155,94,62,5,316,0,0,0,316
12/03/2011,BDL,CT,ANE,EN,Towers with Radar,109,57,11,9,186,0,1,26,2,29,109,58,37,11,215,0,0,0,215
12/04/2011,BDL,CT,ANE,EN,Towers with Radar,115,72,16,0,203,0,0,7,0,7,115,72,23,0,210,0,0,0,210
12/05/2011,BDL,CT,ANE,EN,Towers with Radar,145,89,45,3,282,0,0,7,0,7,145,89,52,3,289,6,0,6,295
12/06/2011,BDL,CT,ANE,EN,Towers with Radar,158,98,37,11,304,0,0,1,0,1,158,98,38,11,305,0,0,0,305
12/07/2011,BDL,CT,ANE,EN,Towers with Radar,148,84,42,8,282,0,0,0,0,0,148,84,42,8,282,0,0,0,282
12/08/2011,BDL,CT,ANE,EN,Towers with Radar,162,97,43,11,313,0,1,11,10,22,162,98,54,21,335,0,0,0,335
12/09/2011,BDL,CT,ANE,EN,Towers with Radar,152,92,27,3,274,0,1,11,7,19,152,93,38,10,293,0,0,0,293
12/10/2011,BDL,CT,ANE,EN,Towers with Radar,100,59,7,0,166,0,1,9,4,14,100,60,16,4,180,0,0,0,180
12/11/2011,BDL,CT,ANE,EN,Towers with Radar,118,64,23,0,205,0,0,17,0,17,118,64,40,0,222,0,0,0,222
12/12/2011,BDL,CT,ANE,EN,Towers with Radar,142,86,31,7,266,0,5,29,1,35,142,91,60,8,301,0,0,0,301
12/13/2011,BDL,CT,ANE,EN,Towers with Radar,148,93,31,8,280,0,4,39,10,53,148,97,70,18,333,0,0,0,333
12/14/2011,BDL,CT,ANE,EN,Towers with Radar,155,92,24,11,282,0,3,35,9,47,155,95,59,20,329,0,0,0,329
12/15/2011,BDL,CT,ANE,EN,Towers with Radar,160,84,35,12,291,0,2,17,5,24,160,86,52,17,315,0,0,0,315
12/16/2011,BDL,CT,ANE,EN,Towers with Radar,160,102,45,7,314,0,2,12,0,14,160,104,57,7,328,10,0,10,338
12/17/2011,BDL,CT,ANE,EN,Towers with Radar,124,57,18,1,200,0,1,25,0,26,124,58,43,1,226,0,0,0,226
12/18/2011,BDL,CT,ANE,EN,Towers with Radar,129,58,21,2,210,0,0,14,0,14,129,58,35,2,224,0,0,0,224
12/19/2011,BDL,CT,ANE,EN,Towers with Radar,148,80,26,2,256,0,1,18,0,19,148,81,44,2,275,0,0,0,275
12/20/2011,BDL,CT,ANE,EN,Towers with Radar,160,85,28,5,278,0,3,20,11,34,160,88,48,16,312,0,0,0,312
12/21/2011,BDL,CT,ANE,EN,Towers with Radar,165,98,26,6,295,0,0,0,4,4,165,98,26,10,299,0,0,0,299
12/22/2011,BDL,CT,ANE,EN,Towers with Radar,170,79,30,10,289,0,1,29,9,39,170,80,59,19,328,4,0,4,332
12/23/2011,BDL,CT,ANE,EN,Towers with Radar,166,82,21,4,273,0,1,2,4,7,166,83,23,8,280,0,0,0,280
12/24/2011,BDL,CT,ANE,EN,Towers with Radar,111,50,3,0,164,0,1,7,0,8,111,51,10,0,172,0,0,0,172
12/25/2011,BDL,CT,ANE,EN,Towers with Radar,95,31,2,0,128,0,0,1,0,1,95,31,3,0,129,0,0,0,129
12/26/2011,BDL,CT,ANE,EN,Towers with Radar,138,52,14,0,204,0,0,9,0,9,138,52,23,0,213,0,0,0,213
12/27/2011,BDL,CT,ANE,EN,Towers with Radar,155,66,20,6,247,0,0,7,6,13,155,66,27,12,260,0,0,0,260
12/28/2011,BDL,CT,ANE,EN,Towers with Radar,170,73,10,10,263,0,1,6,4,11,170,74,16,14,274,0,0,0,274
12/29/2011,BDL,CT,ANE,EN,Towers with Radar,168,62,21,6,257,0,1,28,10,39,168,63,49,16,296,0,0,0,296
12/30/2011,BDL,CT,ANE,EN,Towers with Radar,159,72,26,4,261,0,1,14,0,15,159,73,40,4,276,0,0,0,276
12/31/2011,BDL,CT,ANE,EN,Towers with Radar,114,38,14,0,166,0,0,0,0,0,114,38,14,0,166,0,0,0,166
01/01/2012,BDL,CT,ANE,EN,Towers with Radar,101,41,12,0,154,0,0,20,0,20,101,41,32,0,174,0,0,0,174
01/02/2012,BDL,CT,ANE,EN,Towers with Radar,146,76,23,0,245,0,1,7,0,8,146,77,30,0,253,0,0,0,253
01/03/2012,BDL,CT,ANE,EN,Towers with Radar,149,56,24,1,230,0,1,16,0,17,149,57,40,1,247,0,0,0,247
01/04/2012,BDL,CT,ANE,EN,Towers with Radar,161,69,19,5,254,0,3,8,11,22,161,72,27,16,276,0,0,0,276
01/05/2012,BDL,CT,ANE,EN,Towers with Radar,164,72,21,7,264,0,0,8,7,15,164,72,29,14,279,0,0,0,279
01/06/2012,BDL,CT,ANE,EN,Towers with Radar,152,79,27,18,276,0,1,21,0,22,152,80,48,18,298,0,0,0,298
01/07/2012,BDL,CT,ANE,EN,Towers with Radar,105,52,21,0,178,0,1,19,1,21,105,53,40,1,199,0,0,0,199
01/08/2012,BDL,CT,ANE,EN,Towers with Radar,115,52,13,10,190,0,0,1,0,1,115,52,14,10,191,0,0,0,191
01/09/2012,BDL,CT,ANE,EN,Towers with Radar,129,93,20,5,247,0,2,11,2,15,129,95,31,7,262,0,0,0,262
01/10/2012,BDL,CT,ANE,EN,Towers with Radar,148,91,30,4,273,0,4,17,6,27,148,95,47,10,300,0,0,0,300
01/11/2012,BDL,CT,ANE,EN,Towers with Radar,149,79,33,13,274,0,2,23,9,34,149,81,56,22,308,0,0,0,308
01/12/2012,BDL,CT,ANE,EN,Towers with Radar,146,88,27,18,279,0,0,0,0,0,146,88,27,18,279,0,0,0,279
01/13/2012,BDL,CT,ANE,EN,Towers with Radar,148,89,28,0,265,0,1,0,0,1,148,90,28,0,266,0,0,0,266
01/14/2012,BDL,CT,ANE,EN,Towers with Radar,100,55,23,0,178,0,1,19,0,20,100,56,42,0,198,0,0,0,198
01/15/2012,BDL,CT,ANE,EN,Towers with Radar,117,53,9,0,179,0,0,5,0,5,117,53,14,0,184,0,0,0,184
01/16/2012,BDL,CT,ANE,EN,Towers with Radar,131,80,36,0,247,0,1,26,0,27,131,81,62,0,274,0,0,0,274
01/17/2012,BDL,CT,ANE,EN,Towers with Radar,151,81,35,6,273,0,0,0,0,0,151,81,35,6,273,0,0,0,273
01/18/2012,BDL,CT,ANE,EN,Towers with Radar,153,76,24,10,263,0,1,2,5,8,153,77,26,15,271,0,0,0,271
01/19/2012,BDL,CT,ANE,EN,Towers with Radar,149,85,36,15,285,0,0,17,2,19,149,85,53,17,304,2,0,2,306
01/20/2012,BDL,CT,ANE,EN,Towers with Radar,145,86,25,9,265,0,2,16,5,23,145,88,41,14,288,2,0,2,290
01/21/2012,BDL,CT,ANE,EN,Towers with Radar,102,37,9,0,148,0,0,0,2,2,102,37,9,2,150,0,0,0,150
01/22/2012,BDL,CT,ANE,EN,Towers with Radar,119,53,17,4,193,0,0,8,3,11,119,53,25,7,204,0,0,0,204
01/23/2012,BDL,CT,ANE,EN,Towers with Radar,135,92,22,4,253,0,0,2,0,2,135,92,24,4,255,0,0,0,255
01/24/2012,BDL,CT,ANE,EN,Towers with Radar,149,78,30,12,269,0,1,25,9,35,149,79,55,21,304,0,0,0,304
01/25/2012,BDL,CT,ANE,EN,Towers with Radar,144,80,40,6,270,0,1,32,14,47,144,81,72,20,317,10,0,10,327
01/26/2012,BDL,CT,ANE,EN,Towers with Radar,150,84,30,13,277,0,2,15,3,20,150,86,45,16,297,0,0,0,297
01/27/2012,BDL,CT,ANE,EN,Towers with Radar,149,91,58,4,302,0,1,0,0,1,149,92,58,4,303,0,0,0,303
01/28/2012,BDL,CT,ANE,EN,Towers with Radar,102,54,24,3,183,0,0,27,0,27,102,54,51,3,210,6,0,6,216
01/29/2012,BDL,CT,ANE,EN,Towers with Radar,117,63,8,2,190,0,0,10,0,10,117,63,18,2,200,6,0,6,206
01/30/2012,BDL,CT,ANE,EN,Towers with Radar,135,80,25,4,244,0,2,21,11,34,135,82,46,15,278,22,18,40,318
01/31/2012,BDL,CT,ANE,EN,Towers with Radar,152,89,28,8,277,0,1,15,8,24,152,90,43,16,301,0,0,0,301
02/01/2012,BDL,CT,ANE,EN,Towers with Radar,150,72,26,9,257,0,2,9,9,20,150,74,35,18,277,0,0,0,277
02/02/2012,BDL,CT,ANE,EN,Towers with Radar,152,91,31,13,287,0,5,19,6,30,152,96,50,19,317,0,0,0,317
02/03/2012,BDL,CT,ANE,EN,Towers with Radar,146,89,18,6,259,0,2,10,4,16,146,91,28,10,275,0,0,0,275
02/04/2012,BDL,CT,ANE,EN,Towers with Radar,102,46,15,7,170,0,0,12,6,18,102,46,27,13,188,0,0,0,188
02/05/2012,BDL,CT,ANE,EN,Towers with Radar,114,57,24,0,195,0,0,11,0,11,114,57,35,0,206,0,0,0,206
02/06/2012,BDL,CT,ANE,EN,Towers with Radar,135,92,48,7,282,0,4,16,2,22,135,96,64,9,304,0,0,0,304
02/07/2012,BDL,CT,ANE,EN,Towers with Radar,150,90,28,7,275,0,0,19,7,26,150,90,47,14,301,4,0,4,305
02/08/2012,BDL,CT,ANE,EN,Towers with Radar,151,87,48,11,297,0,1,21,2,24,151,88,69,13,321,0,0,0,321
02/09/2012,BDL,CT,ANE,EN,Towers with Radar,155,86,22,10,273,0,4,16,9,29,155,90,38,19,302,16,0,16,318
02/10/2012,BDL,CT,ANE,EN,Towers with Radar,145,92,18,8,263,0,0,17,8,25,145,92,35,16,288,0,0,0,288
02/11/2012,BDL,CT,ANE,EN,Towers with Radar,97,48,7,3,155,0,0,3,10,13,97,48,10,13,168,0,0,0,168
02/12/2012,BDL,CT,ANE,EN,Towers with Radar,125,52,18,1,196,0,0,8,7,15,125,52,26,8,211,0,0,0,211
02/13/2012,BDL,CT,ANE,EN,Towers with Radar,143,80,37,1,261,0,1,9,1,11,143,81,46,2,272,0,0,0,272
02/14/2012,BDL,CT,ANE,EN,Towers with Radar,156,78,33,10,277,0,1,16,8,25,156,79,49,18,302,0,0,0,302
02/15/2012,BDL,CT,ANE,EN,Towers with Radar,154,88,51,11,304,0,1,15,11,27,154,89,66,22,331,0,0,0,331
02/16/2012,BDL,CT,ANE,EN,Towers with Radar,158,95,35,5,293,0,2,4,4,10,158,97,39,9,303,0,0,0,303
02/17/2012,BDL,CT,ANE,EN,Towers with Radar,159,95,24,7,285,0,3,11,0,14,159,98,35,7,299,0,0,0,299
02/18/2012,BDL,CT,ANE,EN,Towers with Radar,111,58,14,0,183,0,1,16,0,17,111,59,30,0,200,13,0,13,213
02/19/2012,BDL,CT,ANE,EN,Towers with Radar,124,56,10,0,190,0,0,10,0,10,124,56,20,0,200,0,0,0,200
02/20/2012,BDL,CT,ANE,EN,Towers with Radar,143,80,29,2,254,0,1,15,1,17,143,81,44,3,271,0,0,0,271
02/21/2012,BDL,CT,ANE,EN,Towers with Radar,156,80,21,10,267,0,2,15,2,19,156,82,36,12,286,0,0,0,286
02/22/2012,BDL,CT,ANE,EN,Towers with Radar,158,95,29,5,287,0,0,12,13,25,158,95,41,18,312,0,0,0,312
02/23/2012,BDL,CT,ANE,EN,Towers with Radar,152,90,31,6,279,0,0,15,12,27,152,90,46,18,306,0,0,0,306
02/24/2012,BDL,CT,ANE,EN,Towers with Radar,151,87,24,7,269,0,0,1,0,1,151,87,25,7,270,0,0,0,270
02/25/2012,BDL,CT,ANE,EN,Towers with Radar,121,62,13,0,196,0,0,0,0,0,121,62,13,0,196,8,0,8,204
02/26/2012,BDL,CT,ANE,EN,Towers with Radar,129,71,19,2,221,0,1,16,0,17,129,72,35,2,238,0,0,0,238
02/27/2012,BDL,CT,ANE,EN,Towers with Radar,146,99,31,0,276,0,1,16,2,19,146,100,47,2,295,0,0,0,295
02/28/2012,BDL,CT,ANE,EN,Towers with Radar,158,105,31,13,307,0,0,21,5,26,158,105,52,18,333,0,0,0,333
02/29/2012,BDL,CT,ANE,EN,Towers with Radar,149,72,27,8,256,0,0,5,0,5,149,72,32,8,261,0,0,0,261
03/01/2012,BDL,CT,ANE,EN,Towers with Radar,167,80,30,6,283,0,0,0,0,0,167,80,30,6,283,0,0,0,283
03/02/2012,BDL,CT,ANE,EN,Towers with Radar,150,95,27,10,282,0,0,12,8,20,150,95,39,18,302,0,0,0,302
03/03/2012,BDL,CT,ANE,EN,Towers with Radar,116,58,21,10,205,0,0,1,0,1,116,58,22,10,206,0,0,0,206
03/04/2012,BDL,CT,ANE,EN,Towers with Radar,128,68,18,3,217,0,0,18,1,19,128,68,36,4,236,0,0,0,236
03/05/2012,BDL,CT,ANE,EN,Towers with Radar,149,91,26,10,276,0,3,17,0,20,149,94,43,10,296,0,0,0,296
03/06/2012,BDL,CT,ANE,EN,Towers with Radar,159,81,29,10,279,0,2,28,2,32,159,83,57,12,311,0,0,0,311
03/07/2012,BDL,CT,ANE,EN,Towers with Radar,164,85,25,9,283,0,1,20,10,31,164,86,45,19,314,0,0,0,314
03/08/2012,BDL,CT,ANE,EN,Towers with Radar,160,90,22,8,280,0,2,23,11,36,160,92,45,19,316,20,0,20,336
03/09/2012,BDL,CT,ANE,EN,Towers with Radar,160,87,24,6,277,0,3,16,16,35,160,90,40,22,312,6,0,6,318
03/10/2012,BDL,CT,ANE,EN,Towers with Radar,117,57,17,0,191,0,0,12,10,22,117,57,29,10,213,0,0,0,213
03/11/2012,BDL,CT,ANE,EN,Towers with Radar,129,66,11,4,210,0,0,8,5,13,129,66,19,9,223,0,0,0,223
03/12/2012,BDL,CT,ANE,EN,Towers with Radar,153,89,25,3,270,0,0,20,0,20,153,89,45,3,290,10,0,10,300
03/13/2012,BDL,CT,ANE,EN,Towers with Radar,170,86,26,10,292,0,0,17,4,21,170,86,43,14,313,0,0,0,313
03/14/2012,BDL,CT,ANE,EN,Towers with Radar,165,90,46,11,312,0,1,25,17,43,165,91,71,28,355,0,0,0,355
03/15/2012,BDL,CT,ANE,EN,Towers with Radar,160,97,30,6,293,0,0,9,5,14,160,97,39,11,307,4,0,4,311
03/16/2012,BDL,CT,ANE,EN,Towers with Radar,160,89,20,9,278,0,1,3,0,4,160,90,23,9,282,0,0,0,282
03/17/2012,BDL,CT,ANE,EN,Towers with Radar,125,60,22,1,208,0,0,7,0,7,125,60,29,1,215,0,0,0,215
03/18/2012,BDL,CT,ANE,EN,Towers with Radar,134,68,12,0,214,0,0,6,4,10,134,68,18,4,224,0,0,0,224
03/19/2012,BDL,CT,ANE,EN,Towers with Radar,148,94,24,9,275,0,1,17,2,20,148,95,41,11,295,0,0,0,295
03/20/2012,BDL,CT,ANE,EN,Towers with Radar,166,104,24,4,298,0,1,23,12,36,166,105,47,16,334,0,0,0,334
03/21/2012,BDL,CT,ANE,EN,Towers with Radar,162,93,22,13,290,0,1,12,12,25,162,94,34,25,315,0,0,0,315
03/22/2012,BDL,CT,ANE,EN,Towers with Radar,167,84,30,11,292,0,5,10,9,24,167,89,40,20,316,0,0,0,316
03/23/2012,BDL,CT,ANE,EN,Towers with Radar,160,88,20,7,275,0,5,25,2,32,160,93,45,9,307,6,0,6,313
03/24/2012,BDL,CT,ANE,EN,Towers with Radar,115,50,16,0,181,0,0,12,0,12,115,50,28,0,193,6,0,6,199
03/25/2012,BDL,CT,ANE,EN,Towers with Radar,132,69,16,2,219,0,0,2,0,2,132,69,18,2,221,0,0,0,221
03/26/2012,BDL,CT,ANE,EN,Towers with Radar,150,69,17,1,237,0,1,6,0,7,150,70,23,1,244,0,0,0,244
03/27/2012,BDL,CT,ANE,EN,Towers with Radar,168,84,25,6,283,0,4,26,0,30,168,88,51,6,313,0,0,0,313
03/28/2012,BDL,CT,ANE,EN,Towers with Radar,168,81,19,4,272,0,2,18,9,29,168,83,37,13,301,0,0,0,301
03/29/2012,BDL,CT,ANE,EN,Towers with Radar,166,82,32,11,291,0,3,11,12,26,166,85,43,23,317,6,0,6,323
03/30/2012,BDL,CT,ANE,EN,Towers with Radar,159,84,32,5,280,0,1,26,3,30,159,85,58,8,310,0,0,0,310
03/31/2012,BDL,CT,ANE,EN,Towers with Radar,119,54,9,0,182,0,0,0,0,0,119,54,9,0,182,0,0,0,182
04/01/2012,BDL,CT,ANE,EN,Towers with Radar,125,58,17,0,200,0,0,7,0,7,125,58,24,0,207,0,0,0,207
04/02/2012,BDL,CT,ANE,EN,Towers with Radar,155,78,37,7,277,0,1,20,0,21,155,79,57,7,298,0,0,0,298
04/03/2012,BDL,CT,ANE,EN,Towers with Radar,161,67,24,9,261,0,1,15,8,24,161,68,39,17,285,0,0,0,285
04/04/2012,BDL,CT,ANE,EN,Towers with Radar,162,75,22,4,263,0,5,29,9,43,162,80,51,13,306,0,0,0,306
04/05/2012,BDL,CT,ANE,EN,Towers with Radar,166,75,34,12,287,0,3,34,17,54,166,78,68,29,341,0,0,0,341
04/06/2012,BDL,CT,ANE,EN,Towers with Radar,159,73,18,4,254,0,2,16,4,22,159,75,34,8,276,0,0,0,276
04/07/2012,BDL,CT,ANE,EN,Towers with Radar,109,57,19,0,185,0,1,25,0,26,109,58,44,0,211,0,0,0,211
04/08/2012,BDL,CT,ANE,EN,Towers with Radar,128,63,13,0,204,0,0,2,0,2,128,63,15,0,206,0,0,0,206
04/09/2012,BDL,CT,ANE,EN,Towers with Radar,149,82,49,4,284,0,2,9,0,11,149,84,58,4,295,0,0,0,295
04/10/2012,BDL,CT,ANE,EN,Towers with Radar,161,79,51,9,300,0,2,4,7,13,161,81,55,16,313,0,0,0,313
04/11/2012,BDL,CT,ANE,EN,Towers with Radar,160,93,41,6,300,0,2,16,12,30,160,95,57,18,330,0,0,0,330
04/12/2012,BDL,CT,ANE,EN,Towers with Radar,160,84,34,18,296,0,2,10,23,35,160,86,44,41,331,0,38,38,369
04/13/2012,BDL,CT,ANE,EN,Towers with Radar,158,92,25,9,284,0,2,23,9,34,158,94,48,18,318,0,0,0,318
04/14/2012,BDL,CT,ANE,EN,Towers with Radar,120,57,21,4,202,0,1,34,9,44,120,58,55,13,246,0,0,0,246
04/15/2012,BDL,CT,ANE,EN,Towers with Radar,121,67,16,1,205,0,1,11,0,12,121,68,27,1,217,0,0,0,217
04/16/2012,BDL,CT,ANE,EN,Towers with Radar,154,83,39,6,282,0,2,23,4,29,154,85,62,10,311,0,0,0,311
04/17/2012,BDL,CT,ANE,EN,Towers with Radar,164,82,24,4,274,0,4,26,9,39,164,86,50,13,313,0,0,0,313
04/18/2012,BDL,CT,ANE,EN,Towers with Radar,162,80,25,11,278,0,2,23,11,36,162,82,48,22,314,0,0,0,314
04/19/2012,BDL,CT,ANE,EN,Towers with Radar,163,83,17,8,271,0,4,21,14,39,163,87,38,22,310,0,0,0,310
04/20/2012,BDL,CT,ANE,EN,Towers with Radar,162,85,19,5,271,0,4,23,3,30,162,89,42,8,301,0,0,0,301
04/21/2012,BDL,CT,ANE,EN,Towers with Radar,118,60,16,6,200,0,0,9,10,19,118,60,25,16,219,0,0,0,219
04/22/2012,BDL,CT,ANE,EN,Towers with Radar,117,68,31,6,222,0,0,1,2,3,117,68,32,8,225,0,0,0,225
04/23/2012,BDL,CT,ANE,EN,Towers with Radar,151,86,33,3,273,0,1,3,0,4,151,87,36,3,277,0,0,0,277
04/24/2012,BDL,CT,ANE,EN,Towers with Radar,161,75,32,4,272,0,3,12,3,18,161,78,44,7,290,0,0,0,290
04/25/2012,BDL,CT,ANE,EN,Towers with Radar,161,76,33,12,282,0,2,24,18,44,161,78,57,30,326,0,4,4,330
04/26/2012,BDL,CT,ANE,EN,Towers with Radar,161,88,32,23,304,0,4,12,8,24,161,92,44,31,328,0,6,6,334
04/27/2012,BDL,CT,ANE,EN,Towers with Radar,162,87,39,8,296,0,3,6,0,9,162,90,45,8,305,0,0,0,305
04/28/2012,BDL,CT,ANE,EN,Towers with Radar,114,57,17,0,188,0,0,27,0,27,114,57,44,0,215,0,0,0,215
04/29/2012,BDL,CT,ANE,EN,Towers with Radar,124,65,24,0,213,0,0,23,0,23,124,65,47,0,236,0,0,0,236
04/30/2012,BDL,CT,ANE,EN,Towers with Radar,148,78,36,7,269,0,1,25,1,27,148,79,61,8,296,0,0,0,296
05/01/2012,BDL,CT,ANE,EN,Towers with Radar,159,80,26,11,276,0,0,0,0,0,159,80,26,11,276,0,0,0,276
05/02/2012,BDL,CT,ANE,EN,Towers with Radar,163,85,33,13,294,0,0,5,10,15,163,85,38,23,309,8,0,8,317
05/03/2012,BDL,CT,ANE,EN,Towers with Radar,156,91,42,10,299,0,0,3,0,3,156,91,45,10,302,0,0,0,302
05/04/2012,BDL,CT,ANE,EN,Towers with Radar,151,93,26,9,279,0,1,6,3,10,151,94,32,12,289,0,0,0,289
05/05/2012,BDL,CT,ANE,EN,Towers with Radar,111,64,22,6,203,0,0,2,0,2,111,64,24,6,205,0,0,0,205
05/06/2012,BDL,CT,ANE,EN,Towers with Radar,128,64,22,0,214,0,0,32,2,34,128,64,54,2,248,0,0,0,248
05/07/2012,BDL,CT,ANE,EN,Towers with Radar,149,76,35,2,262,0,1,24,2,27,149,77,59,4,289,0,0,0,289
05/08/2012,BDL,CT,ANE,EN,Towers with Radar,160,85,43,9,297,0,2,7,0,9,160,87,50,9,306,0,0,0,306
05/09/2012,BDL,CT,ANE,EN,Towers with Radar,162,82,47,14,305,0,0,0,0,0,162,82,47,14,305,0,0,0,305
05/10/2012,BDL,CT,ANE,EN,Towers with Radar,164,92,69,17,342,0,2,16,2,20,164,94,85,19,362,0,0,0,362
05/11/2012,BDL,CT,ANE,EN,Towers with Radar,157,85,38,2,282,0,7,22,4,33,157,92,60,6,315,0,0,0,315
05/12/2012,BDL,CT,ANE,EN,Towers with Radar,108,63,23,2,196,0,0,24,0,24,108,63,47,2,220,0,0,0,220
05/13/2012,BDL,CT,ANE,EN,Towers with Radar,126,71,9,4,210,0,0,6,0,6,126,71,15,4,216,0,0,0,216
05/14/2012,BDL,CT,ANE,EN,Towers with Radar,143,82,41,1,267,0,1,12,0,13,143,83,53,1,280,0,0,0,280
05/15/2012,BDL,CT,ANE,EN,Towers with Radar,164,85,53,6,308,0,0,3,0,3,164,85,56,6,311,0,0,0,311
05/16/2012,BDL,CT,ANE,EN,Towers with Radar,165,99,47,6,317,0,1,4,0,5,165,100,51,6,322,0,0,0,322
05/17/2012,BDL,CT,ANE,EN,Towers with Radar,163,94,39,4,300,0,3,35,8,46,163,97,74,12,346,8,0,8,354
05/18/2012,BDL,CT,ANE,EN,Towers with Radar,156,80,26,5,267,0,4,17,4,25,156,84,43,9,292,0,0,0,292
05/19/2012,BDL,CT,ANE,EN,Towers with Radar,107,59,18,2,186,0,2,9,6,17,107,61,27,8,203,0,0,0,203
05/20/2012,BDL,CT,ANE,EN,Towers with Radar,127,64,29,0,220,0,0,19,2,21,127,64,48,2,241,0,0,0,241
05/21/2012,BDL,CT,ANE,EN,Towers with Radar,155,91,27,4,277,0,0,5,0,5,155,91,32,4,282,0,0,0,282
05/22/2012,BDL,CT,ANE,EN,Towers with Radar,166,95,32,9,302,0,0,4,0,4,166,95,36,9,306,0,0,0,306
05/23/2012,BDL,CT,ANE,EN,Towers with Radar,159,81,40,8,288,0,1,10,17,28,159,82,50,25,316,0,0,0,316
05/24/2012,BDL,CT,ANE,EN,Towers with Radar,163,91,35,9,298,0,1,21,16,38,163,92,56,25,336,0,0,0,336
05/25/2012,BDL,CT,ANE,EN,Towers with Radar,155,94,45,9,303,0,1,2,0,3,155,95,47,9,306,0,0,0,306
05/26/2012,BDL,CT,ANE,EN,Towers with Radar,105,62,10,0,177,0,0,7,0,7,105,62,17,0,184,0,0,0,184
05/27/2012,BDL,CT,ANE,EN,Towers with Radar,104,44,13,0,161,0,1,10,0,11,104,45,23,0,172,0,0,0,172
05/28/2012,BDL,CT,ANE,EN,Towers with Radar,126,66,20,0,212,0,0,11,15,26,126,66,31,15,238,0,0,0,238
05/29/2012,BDL,CT,ANE,EN,Towers with Radar,132,70,23,17,242,0,4,14,15,33,132,74,37,32,275,0,19,19,294
05/30/2012,BDL,CT,ANE,EN,Towers with Radar,158,92,27,14,291,0,3,16,11,30,158,95,43,25,321,0,0,0,321
05/31/2012,BDL,CT,ANE,EN,Towers with Radar,156,85,32,11,284,0,7,24,14,45,156,92,56,25,329,0,0,0,329
06/01/2012,BDL,CT,ANE,EN,Towers with Radar,152,89,38,5,284,0,4,44,0,48,152,93,82,5,332,0,0,0,332
06/02/2012,BDL,CT,ANE,EN,Towers with Radar,107,62,18,11,198,0,0,2,0,2,107,62,20,11,200,0,0,0,200
06/03/2012,BDL,CT,ANE,EN,Towers with Radar,127,70,30,3,230,0,0,21,0,21,127,70,51,3,251,0,0,0,251
06/04/2012,BDL,CT,ANE,EN,Towers with Radar,149,92,23,7,271,0,1,5,0,6,149,93,28,7,277,0,0,0,277
06/05/2012,BDL,CT,ANE,EN,Towers with Radar,158,79,28,5,270,0,1,14,10,25,158,80,42,15,295,0,0,0,295
06/06/2012,BDL,CT,ANE,EN,Towers with Radar,152,96,41,4,293,0,1,22,13,36,152,97,63,17,329,0,0,0,329
06/07/2012,BDL,CT,ANE,EN,Towers with Radar,164,88,54,15,321,0,4,25,12,41,164,92,79,27,362,0,0,0,362
06/08/2012,BDL,CT,ANE,EN,Towers with Radar,156,92,33,6,287,0,3,33,0,36,156,95,66,6,323,0,0,0,323
06/09/2012,BDL,CT,ANE,EN,Towers with Radar,121,60,15,1,197,0,0,20,5,25,121,60,35,6,222,0,0,0,222
06/10/2012,BDL,CT,ANE,EN,Towers with Radar,121,72,23,1,217,0,0,40,8,48,121,72,63,9,265,0,0,0,265
06/11/2012,BDL,CT,ANE,EN,Towers with Radar,152,85,35,4,276,0,1,28,1,30,152,86,63,5,306,6,0,6,312
06/12/2012,BDL,CT,ANE,EN,Towers with Radar,154,95,46,14,309,0,0,9,2,11,154,95,55,16,320,0,0,0,320
06/13/2012,BDL,CT,ANE,EN,Towers with Radar,159,97,52,6,314,0,1,6,1,8,159,98,58,7,322,16,0,16,338
06/14/2012,BDL,CT,ANE,EN,Towers with Radar,160,86,47,6,299,0,3,39,7,49,160,89,86,13,348,14,0,14,362
06/15/2012,BDL,CT,ANE,EN,Towers with Radar,157,91,40,6,294,0,4,33,0,37,157,95,73,6,331,0,0,0,331
06/16/2012,BDL,CT,ANE,EN,Towers with Radar,124,60,15,2,201,0,1,12,0,13,124,61,27,2,214,0,0,0,214
06/17/2012,BDL,CT,ANE,EN,Towers with Radar,132,79,18,1,230,0,1,11,0,12,132,80,29,1,242,0,0,0,242
06/18/2012,BDL,CT,ANE,EN,Towers with Radar,149,79,40,2,270,0,1,21,0,22,149,80,61,2,292,0,0,0,292
06/19/2012,BDL,CT,ANE,EN,Towers with Radar,158,98,31,10,297,0,2,13,0,15,158,100,44,10,312,0,0,0,312
06/20/2012,BDL,CT,ANE,EN,Towers with Radar,163,89,30,6,288,0,3,15,8,26,163,92,45,14,314,0,0,0,314
06/21/2012,BDL,CT,ANE,EN,Towers with Radar,156,95,38,10,299,0,3,36,4,43,156,98,74,14,342,0,0,0,342
06/22/2012,BDL,CT,ANE,EN,Towers with Radar,148,69,27,10,254,0,1,10,2,13,148,70,37,12,267,0,0,0,267
06/23/2012,BDL,CT,ANE,EN,Towers with Radar,129,65,30,0,224,0,1,15,0,16,129,66,45,0,240,0,0,0,240
06/24/2012,BDL,CT,ANE,EN,Towers with Radar,128,85,22,1,236,0,0,24,4,28,128,85,46,5,264,0,0,0,264
06/25/2012,BDL,CT,ANE,EN,Towers with Radar,146,85,26,6,263,0,1,6,0,7,146,86,32,6,270,0,0,0,270
06/26/2012,BDL,CT,ANE,EN,Towers with Radar,160,81,39,14,294,0,4,16,3,23,160,85,55,17,317,10,0,10,327
06/27/2012,BDL,CT,ANE,EN,Towers with Radar,160,81,20,8,269,0,3,14,13,30,160,84,34,21,299,0,0,0,299
06/28/2012,BDL,CT,ANE,EN,Towers with Radar,157,88,41,9,295,0,3,27,8,38,157,91,68,17,333,0,0,0,333
06/29/2012,BDL,CT,ANE,EN,Towers with Radar,147,94,21,6,268,0,3,18,9,30,147,97,39,15,298,0,0,0,298
06/30/2012,BDL,CT,ANE,EN,Towers with Radar,128,60,16,0,204,0,1,7,0,8,128,61,23,0,212,0,0,0,212
07/01/2012,BDL,CT,ANE,EN,Towers with Radar,125,73,18,0,216,0,0,8,0,8,125,73,26,0,224,0,0,0,224
07/02/2012,BDL,CT,ANE,EN,Towers with Radar,147,62,19,0,228,0,6,19,3,28,147,68,38,3,256,0,0,0,256
07/03/2012,BDL,CT,ANE,EN,Towers with Radar,145,57,24,8,234,0,5,23,7,35,145,62,47,15,269,0,0,0,269
07/04/2012,BDL,CT,ANE,EN,Towers with Radar,112,51,8,0,171,0,2,8,0,10,112,53,16,0,181,0,0,0,181
07/05/2012,BDL,CT,ANE,EN,Towers with Radar,150,63,13,9,235,0,1,10,15,26,150,64,23,24,261,0,0,0,261
07/06/2012,BDL,CT,ANE,EN,Towers with Radar,145,73,22,8,248,0,3,21,4,28,145,76,43,12,276,0,0,0,276
07/07/2012,BDL,CT,ANE,EN,Towers with Radar,121,69,12,0,202,0,1,1,0,2,121,70,13,0,204,0,0,0,204
07/08/2012,BDL,CT,ANE,EN,Towers with Radar,131,70,18,1,220,0,0,19,0,19,131,70,37,1,239,4,0,4,243
07/09/2012,BDL,CT,ANE,EN,Towers with Radar,151,75,25,7,258,0,5,29,5,39,151,80,54,12,297,12,8,20,317
07/10/2012,BDL,CT,ANE,EN,Towers with Radar,159,88,19,7,273,0,7,18,13,38,159,95,37,20,311,0,2,2,313
07/11/2012,BDL,CT,ANE,EN,Towers with Radar,160,78,23,10,271,0,1,23,15,39,160,79,46,25,310,8,0,8,318
07/12/2012,BDL,CT,ANE,EN,Towers with Radar,158,88,33,5,284,0,3,32,11,46,158,91,65,16,330,0,0,0,330
07/13/2012,BDL,CT,ANE,EN,Towers with Radar,151,76,15,11,253,0,3,20,4,27,151,79,35,15,280,0,0,0,280
07/14/2012,BDL,CT,ANE,EN,Towers with Radar,123,56,7,0,186,0,4,11,5,20,123,60,18,5,206,0,0,0,206
07/15/2012,BDL,CT,ANE,EN,Towers with Radar,126,61,18,0,205,0,2,6,3,11,126,63,24,3,216,0,0,0,216
07/16/2012,BDL,CT,ANE,EN,Towers with Radar,149,81,23,1,254,0,3,20,5,28,149,84,43,6,282,4,0,4,286
07/17/2012,BDL,CT,ANE,EN,Towers with Radar,159,80,20,9,268,0,6,24,8,38,159,86,44,17,306,0,0,0,306
07/18/2012,BDL,CT,ANE,EN,Towers with Radar,155,83,21,10,269,0,1,8,8,17,155,84,29,18,286,0,0,0,286
07/19/2012,BDL,CT,ANE,EN,Towers with Radar,155,80,30,12,277,0,1,19,11,31,155,81,49,23,308,0,0,0,308
07/20/2012,BDL,CT,ANE,EN,Towers with Radar,152,72,27,6,257,0,2,2,0,4,152,74,29,6,261,0,0,0,261
07/21/2012,BDL,CT,ANE,EN,Towers with Radar,126,55,19,4,204,0,2,23,0,25,126,57,42,4,229,4,0,4,233
07/22/2012,BDL,CT,ANE,EN,Towers with Radar,133,72,23,0,228,0,6,14,0,20,133,78,37,0,248,4,0,4,252
07/23/2012,BDL,CT,ANE,EN,Towers with Radar,143,68,28,8,247,0,1,9,0,10,143,69,37,8,257,0,0,0,257
07/24/2012,BDL,CT,ANE,EN,Towers with Radar,157,76,38,12,283,0,8,15,15,38,157,84,53,27,321,0,0,0,321
07/25/2012,BDL,CT,ANE,EN,Towers with Radar,160,78,31,8,277,0,2,34,16,52,160,80,65,24,329,0,0,0,329
07/26/2012,BDL,CT,ANE,EN,Towers with Radar,159,59,24,5,247,0,2,14,5,21,159,61,38,10,268,0,0,0,268
07/27/2012,BDL,CT,ANE,EN,Towers with Radar,154,83,22,7,266,0,2,18,4,24,154,85,40,11,290,0,0,0,290
07/28/2012,BDL,CT,ANE,EN,Towers with Radar,127,74,19,2,222,0,1,6,0,7,127,75,25,2,229,0,0,0,229
07/29/2012,BDL,CT,ANE,EN,Towers with Radar,132,63,25,0,220,0,0,2,0,2,132,63,27,0,222,0,0,0,222
07/30/2012,BDL,CT,ANE,EN,Towers with Radar,145,82,23,4,254,0,4,15,0,19,145,86,38,4,273,0,0,0,273
07/31/2012,BDL,CT,ANE,EN,Towers with Radar,155,76,29,10,270,0,2,10,5,17,155,78,39,15,287,0,0,0,287
08/01/2012,BDL,CT,ANE,EN,Towers with Radar,157,76,23,8,264,0,2,7,6,15,157,78,30,14,279,0,0,0,279
08/02/2012,BDL,CT,ANE,EN,Towers with Radar,155,82,41,24,302,0,2,33,9,44,155,84,74,33,346,14,0,14,360
08/03/2012,BDL,CT,ANE,EN,Towers with Radar,155,77,19,9,260,0,2,17,0,19,155,79,36,9,279,0,0,0,279
08/04/2012,BDL,CT,ANE,EN,Towers with Radar,123,57,8,3,191,0,2,11,3,16,123,59,19,6,207,4,0,4,211
08/05/2012,BDL,CT,ANE,EN,Towers with Radar,133,69,11,0,213,0,0,7,0,7,133,69,18,0,220,0,0,0,220
08/06/2012,BDL,CT,ANE,EN,Towers with Radar,150,77,31,5,263,0,3,11,6,20,150,80,42,11,283,0,2,2,285
08/07/2012,BDL,CT,ANE,EN,Towers with Radar,157,81,29,10,277,0,3,24,11,38,157,84,53,21,315,22,0,22,337
08/08/2012,BDL,CT,ANE,EN,Towers with Radar,157,73,22,8,260,0,3,17,8,28,157,76,39,16,288,0,0,0,288
08/09/2012,BDL,CT,ANE,EN,Towers with Radar,157,69,31,7,264,0,1,15,22,38,157,70,46,29,302,0,0,0,302
08/10/2012,BDL,CT,ANE,EN,Towers with Radar,161,79,29,5,274,0,0,0,0,0,161,79,29,5,274,0,0,0,274
08/11/2012,BDL,CT,ANE,EN,Towers with Radar,125,62,17,2,206,0,0,3,2,5,125,62,20,4,211,0,0,0,211
08/12/2012,BDL,CT,ANE,EN,Towers with Radar,126,62,22,1,211,0,0,16,0,16,126,62,38,1,227,0,0,0,227
08/13/2012,BDL,CT,ANE,EN,Towers with Radar,142,72,30,0,244,0,1,23,0,24,142,73,53,0,268,6,0,6,274
08/14/2012,BDL,CT,ANE,EN,Towers with Radar,155,77,30,11,273,0,2,26,2,30,155,79,56,13,303,8,0,8,311
08/15/2012,BDL,CT,ANE,EN,Towers with Radar,162,75,27,10,274,0,1,7,4,12,162,76,34,14,286,0,0,0,286
08/16/2012,BDL,CT,ANE,EN,Towers with Radar,154,76,23,12,265,0,4,48,10,62,154,80,71,22,327,0,0,0,327
08/17/2012,BDL,CT,ANE,EN,Towers with Radar,150,69,22,9,250,0,2,22,3,27,150,71,44,12,277,0,0,0,277
08/18/2012,BDL,CT,ANE,EN,Towers with Radar,113,52,13,0,178,0,1,14,2,17,113,53,27,2,195,0,0,0,195
08/19/2012,BDL,CT,ANE,EN,Towers with Radar,127,63,25,1,216,0,0,20,5,25,127,63,45,6,241,0,0,0,241
08/20/2012,BDL,CT,ANE,EN,Towers with Radar,141,83,23,8,255,0,4,9,5,18,141,87,32,13,273,0,0,0,273
08/21/2012,BDL,CT,ANE,EN,Towers with Radar,152,81,21,4,258,0,2,14,8,24,152,83,35,12,282,0,0,0,282
08/22/2012,BDL,CT,ANE,EN,Towers with Radar,151,74,22,9,256,0,1,26,14,41,151,75,48,23,297,0,0,0,297
08/23/2012,BDL,CT,ANE,EN,Towers with Radar,156,70,30,4,260,0,1,22,16,39,156,71,52,20,299,0,0,0,299
08/24/2012,BDL,CT,ANE,EN,Towers with Radar,150,80,20,4,254,0,2,28,0,30,150,82,48,4,284,0,0,0,284
08/25/2012,BDL,CT,ANE,EN,Towers with Radar,109,51,17,1,178,0,2,7,0,9,109,53,24,1,187,0,0,0,187
08/26/2012,BDL,CT,ANE,EN,Towers with Radar,115,69,14,0,198,0,0,12,0,12,115,69,26,0,210,0,0,0,210
08/27/2012,BDL,CT,ANE,EN,Towers with Radar,137,76,37,2,252,0,2,22,2,26,137,78,59,4,278,0,0,0,278
08/28/2012,BDL,CT,ANE,EN,Towers with Radar,155,82,36,6,279,0,1,14,4,19,155,83,50,10,298,0,0,0,298
08/29/2012,BDL,CT,ANE,EN,Towers with Radar,151,77,38,9,275,0,2,28,13,43,151,79,66,22,318,6,0,6,324
08/30/2012,BDL,CT,ANE,EN,Towers with Radar,150,83,22,10,265,0,6,24,15,45,150,89,46,25,310,0,0,0,310
08/31/2012,BDL,CT,ANE,EN,Towers with Radar,149,84,22,4,259,0,4,14,4,22,149,88,36,8,281,0,0,0,281
09/01/2012,BDL,CT,ANE,EN,Towers with Radar,101,43,4,0,148,0,1,27,0,28,101,44,31,0,176,0,0,0,176
09/02/2012,BDL,CT,ANE,EN,Towers with Radar,100,33,15,0,148,0,0,10,0,10,100,33,25,0,158,0,0,0,158
09/03/2012,BDL,CT,ANE,EN,Towers with Radar,110,55,21,0,186,0,0,12,0,12,110,55,33,0,198,0,0,0,198
09/04/2012,BDL,CT,ANE,EN,Towers with Radar,141,75,62,16,294,0,1,4,2,7,141,76,66,18,301,0,0,0,301
09/05/2012,BDL,CT,ANE,EN,Towers with Radar,154,75,26,8,263,0,1,6,13,20,154,76,32,21,283,0,0,0,283
09/06/2012,BDL,CT,ANE,EN,Towers with Radar,155,92,47,12,306,0,1,9,6,16,155,93,56,18,322,0,0,0,322
09/07/2012,BDL,CT,ANE,EN,Towers with Radar,157,87,31,1,276,0,3,22,2,27,157,90,53,3,303,10,0,10,313
09/08/2012,BDL,CT,ANE,EN,Towers with Radar,110,46,15,2,173,0,0,2,4,6,110,46,17,6,179,0,0,0,179
09/09/2012,BDL,CT,ANE,EN,Towers with Radar,125,71,22,5,223,0,0,21,8,29,125,71,43,13,252,0,0,0,252
09/10/2012,BDL,CT,ANE,EN,Towers with Radar,137,71,36,0,244,0,1,26,0,27,137,72,62,0,271,6,0,6,277
09/11/2012,BDL,CT,ANE,EN,Towers with Radar,148,83,29,17,277,0,3,23,4,30,148,86,52,21,307,2,9,11,318
09/12/2012,BDL,CT,ANE,EN,Towers with Radar,154,75,39,11,279,0,2,32,15,49,154,77,71,26,328,2,0,2,330
09/13/2012,BDL,CT,ANE,EN,Towers with Radar,155,73,23,10,261,0,2,27,16,45,155,75,50,26,306,12,0,12,318
09/14/2012,BDL,CT,ANE,EN,Towers with Radar,154,87,27,5,273,0,2,27,1,30,154,89,54,6,303,0,0,0,303
09/15/2012,BDL,CT,ANE,EN,Towers with Radar,114,60,13,0,187,0,1,23,0,24,114,61,36,0,211,0,0,0,211
09/16/2012,BDL,CT,ANE,EN,Towers with Radar,125,65,11,0,201,0,0,9,0,9,125,65,20,0,210,0,0,0,210
09/17/2012,BDL,CT,ANE,EN,Towers with Radar,142,81,29,9,261,0,1,18,2,21,142,82,47,11,282,0,0,0,282
09/18/2012,BDL,CT,ANE,EN,Towers with Radar,151,87,30,6,274,0,2,3,3,8,151,89,33,9,282,0,0,0,282
09/19/2012,BDL,CT,ANE,EN,Towers with Radar,159,85,37,11,292,0,1,38,14,53,159,86,75,25,345,6,0,6,351
09/20/2012,BDL,CT,ANE,EN,Towers with Radar,155,80,54,14,303,0,4,36,12,52,155,84,90,26,355,10,0,10,365
09/21/2012,BDL,CT,ANE,EN,Towers with Radar,153,76,36,7,272,0,2,16,0,18,153,78,52,7,290,0,0,0,290
09/22/2012,BDL,CT,ANE,EN,Towers with Radar,114,47,13,10,184,0,2,12,3,17,114,49,25,13,201,0,21,21,222
09/23/2012,BDL,CT,ANE,EN,Towers with Radar,125,72,18,0,215,0,0,24,0,24,125,72,42,0,239,2,0,2,241
09/24/2012,BDL,CT,ANE,EN,Towers with Radar,139,77,33,0,249,0,4,27,0,31,139,81,60,0,280,0,0,0,280
09/25/2012,BDL,CT,ANE,EN,Towers with Radar,149,82,32,7,270,0,3,20,5,28,149,85,52,12,298,0,0,0,298
09/26/2012,BDL,CT,ANE,EN,Towers with Radar,159,71,35,8,273,0,2,15,2,19,159,73,50,10,292,0,0,0,292
09/27/2012,BDL,CT,ANE,EN,Towers with Radar,151,82,33,6,272,0,2,41,6,49,151,84,74,12,321,8,0,8,329
09/28/2012,BDL,CT,ANE,EN,Towers with Radar,163,96,53,7,319,0,0,0,0,0,163,96,53,7,319,0,0,0,319
09/29/2012,BDL,CT,ANE,EN,Towers with Radar,106,58,27,0,191,0,0,0,0,0,106,58,27,0,191,6,0,6,197
09/30/2012,BDL,CT,ANE,EN,Towers with Radar,127,69,21,0,217,0,0,14,0,14,127,69,35,0,231,0,0,0,231
10/01/2012,BDL,CT,ANE,EN,Towers with Radar,136,79,29,6,250,0,2,16,2,20,136,81,45,8,270,0,0,0,270
10/02/2012,BDL,CT,ANE,EN,Towers with Radar,155,86,45,6,292,0,1,9,6,16,155,87,54,12,308,0,0,0,308
10/03/2012,BDL,CT,ANE,EN,Towers with Radar,150,96,46,10,302,0,0,0,0,0,150,96,46,10,302,0,0,0,302
10/04/2012,BDL,CT,ANE,EN,Towers with Radar,147,100,51,5,303,0,0,0,0,0,147,100,51,5,303,0,0,0,303
10/05/2012,BDL,CT,ANE,EN,Towers with Radar,148,91,28,1,268,0,1,26,1,28,148,92,54,2,296,0,0,0,296
10/06/2012,BDL,CT,ANE,EN,Towers with Radar,105,58,15,2,180,0,1,8,0,9,105,59,23,2,189,0,0,0,189
10/07/2012,BDL,CT,ANE,EN,Towers with Radar,122,72,24,0,218,0,0,9,0,9,122,72,33,0,227,0,0,0,227
10/08/2012,BDL,CT,ANE,EN,Towers with Radar,134,87,30,0,251,0,1,20,0,21,134,88,50,0,272,0,0,0,272
10/09/2012,BDL,CT,ANE,EN,Towers with Radar,150,97,30,6,283,0,0,17,7,24,150,97,47,13,307,0,0,0,307
10/10/2012,BDL,CT,ANE,EN,Towers with Radar,147,100,57,4,308,0,1,10,3,14,147,101,67,7,322,0,0,0,322
10/11/2012,BDL,CT,ANE,EN,Towers with Radar,149,94,31,6,280,0,2,19,6,27,149,96,50,12,307,0,0,0,307
10/12/2012,BDL,CT,ANE,EN,Towers with Radar,144,96,24,3,267,0,3,9,1,13,144,99,33,4,280,0,0,0,280
10/13/2012,BDL,CT,ANE,EN,Towers with Radar,103,61,22,2,188,0,2,26,0,28,103,63,48,2,216,0,0,0,216
10/14/2012,BDL,CT,ANE,EN,Towers with Radar,123,70,13,9,215,0,0,8,2,10,123,70,21,11,225,0,0,0,225
10/15/2012,BDL,CT,ANE,EN,Towers with Radar,136,90,40,2,268,0,1,9,0,10,136,91,49,2,278,0,0,0,278
10/16/2012,BDL,CT,ANE,EN,Towers with Radar,148,83,29,8,268,0,2,26,7,35,148,85,55,15,303,6,2,8,311
10/17/2012,BDL,CT,ANE,EN,Towers with Radar,154,86,38,9,287,0,3,36,10,49,154,89,74,19,336,10,0,10,346
10/18/2012,BDL,CT,ANE,EN,Towers with Radar,148,90,38,8,284,0,2,26,11,39,148,92,64,19,323,0,0,0,323
10/19/2012,BDL,CT,ANE,EN,Towers with Radar,146,95,31,10,282,0,0,0,0,0,146,95,31,10,282,0,0,0,282
10/20/2012,BDL,CT,ANE,EN,Towers with Radar,109,80,17,1,207,0,0,21,6,27,109,80,38,7,234,0,0,0,234
10/21/2012,BDL,CT,ANE,EN,Towers with Radar,124,71,18,1,214,0,3,15,0,18,124,74,33,1,232,0,0,0,232
10/22/2012,BDL,CT,ANE,EN,Towers with Radar,133,83,33,1,250,0,4,27,1,32,133,87,60,2,282,2,0,2,284
10/23/2012,BDL,CT,ANE,EN,Towers with Radar,152,93,31,6,282,0,2,23,8,33,152,95,54,14,315,6,0,6,321
10/24/2012,BDL,CT,ANE,EN,Towers with Radar,149,80,51,7,287,0,2,18,12,32,149,82,69,19,319,0,0,0,319
10/25/2012,BDL,CT,ANE,EN,Towers with Radar,148,81,30,14,273,0,2,43,8,53,148,83,73,22,326,14,0,14,340
10/26/2012,BDL,CT,ANE,EN,Towers with Radar,147,100,25,10,282,0,3,22,3,28,147,103,47,13,310,0,0,0,310
10/27/2012,BDL,CT,ANE,EN,Towers with Radar,103,60,26,1,190,0,0,8,0,8,103,60,34,1,198,0,0,0,198
10/28/2012,BDL,CT,ANE,EN,Towers with Radar,117,66,36,0,219,0,0,3,3,6,117,66,39,3,225,0,0,0,225
10/29/2012,BDL,CT,ANE,EN,Towers with Radar,29,5,4,0,38,0,0,0,0,0,29,5,4,0,38,0,0,0,38
10/30/2012,BDL,CT,ANE,EN,Towers with Radar,63,18,16,3,100,0,0,1,2,3,63,18,17,5,103,0,0,0,103
10/31/2012,BDL,CT,ANE,EN,Towers with Radar,134,60,15,8,217,0,0,0,7,7,134,60,15,15,224,0,0,0,224
11/01/2012,BDL,CT,ANE,EN,Towers with Radar,141,92,37,8,278,0,0,15,5,20,141,92,52,13,298,0,0,0,298
11/02/2012,BDL,CT,ANE,EN,Towers with Radar,152,90,27,10,279,0,0,22,7,29,152,90,49,17,308,0,0,0,308
11/03/2012,BDL,CT,ANE,EN,Towers with Radar,105,56,12,9,182,0,2,16,2,20,105,58,28,11,202,0,0,0,202
11/04/2012,BDL,CT,ANE,EN,Towers with Radar,120,72,19,2,213,0,0,15,3,18,120,72,34,5,231,0,0,0,231
11/05/2012,BDL,CT,ANE,EN,Towers with Radar,139,83,22,3,247,0,1,13,1,15,139,84,35,4,262,0,0,0,262
11/06/2012,BDL,CT,ANE,EN,Towers with Radar,151,74,18,8,251,0,10,25,6,41,151,84,43,14,292,0,0,0,292
11/07/2012,BDL,CT,ANE,EN,Towers with Radar,150,62,23,6,241,0,0,4,1,5,150,62,27,7,246,0,0,0,246
11/08/2012,BDL,CT,ANE,EN,Towers with Radar,148,77,23,6,254,0,3,7,5,15,148,80,30,11,269,0,0,0,269
11/09/2012,BDL,CT,ANE,EN,Towers with Radar,149,102,23,8,282,0,2,34,4,40,149,104,57,12,322,0,0,0,322
11/10/2012,BDL,CT,ANE,EN,Towers with Radar,110,49,12,1,172,0,1,14,0,15,110,50,26,1,187,0,0,0,187
11/11/2012,BDL,CT,ANE,EN,Towers with Radar,117,67,14,1,199,0,0,12,0,12,117,67,26,1,211,0,0,0,211
11/12/2012,BDL,CT,ANE,EN,Towers with Radar,140,97,46,0,283,0,0,13,0,13,140,97,59,0,296,10,0,10,306
11/13/2012,BDL,CT,ANE,EN,Towers with Radar,161,96,34,11,302,0,1,5,6,12,161,97,39,17,314,0,0,0,314
11/14/2012,BDL,CT,ANE,EN,Towers with Radar,155,86,24,11,276,0,0,25,7,32,155,86,49,18,308,2,0,2,310
11/15/2012,BDL,CT,ANE,EN,Towers with Radar,158,77,27,7,269,0,1,35,9,45,158,78,62,16,314,0,0,0,314
11/16/2012,BDL,CT,ANE,EN,Towers with Radar,151,91,37,8,287,0,2,20,6,28,151,93,57,14,315,0,0,0,315
11/17/2012,BDL,CT,ANE,EN,Towers with Radar,110,55,16,2,183,0,0,27,2,29,110,55,43,4,212,0,0,0,212
11/18/2012,BDL,CT,ANE,EN,Towers with Radar,120,61,13,3,197,0,0,24,4,28,120,61,37,7,225,0,0,0,225
11/19/2012,BDL,CT,ANE,EN,Towers with Radar,134,85,24,0,243,0,0,18,0,18,134,85,42,0,261,0,0,0,261
11/20/2012,BDL,CT,ANE,EN,Towers with Radar,153,81,24,5,263,0,1,35,6,42,153,82,59,11,305,0,0,0,305
11/21/2012,BDL,CT,ANE,EN,Towers with Radar,155,83,21,7,266,0,2,14,2,18,155,85,35,9,284,0,0,0,284
11/22/2012,BDL,CT,ANE,EN,Towers with Radar,85,31,3,0,119,0,1,12,0,13,85,32,15,0,132,6,0,6,138
11/23/2012,BDL,CT,ANE,EN,Towers with Radar,108,40,7,0,155,0,2,3,0,5,108,42,10,0,160,0,0,0,160
11/24/2012,BDL,CT,ANE,EN,Towers with Radar,126,63,9,2,200,0,0,4,0,4,126,63,13,2,204,0,0,0,204
11/25/2012,BDL,CT,ANE,EN,Towers with Radar,137,86,21,0,244,0,0,8,0,8,137,86,29,0,252,0,0,0,252
11/26/2012,BDL,CT,ANE,EN,Towers with Radar,147,74,31,9,261,0,2,7,0,9,147,76,38,9,270,0,0,0,270
11/27/2012,BDL,CT,ANE,EN,Towers with Radar,151,84,21,12,268,0,0,1,0,1,151,84,22,12,269,0,0,0,269
11/28/2012,BDL,CT,ANE,EN,Towers with Radar,159,82,24,5,270,0,0,22,4,26,159,82,46,9,296,0,0,0,296
11/29/2012,BDL,CT,ANE,EN,Towers with Radar,158,82,17,8,265,0,2,19,5,26,158,84,36,13,291,0,2,2,293
11/30/2012,BDL,CT,ANE,EN,Towers with Radar,153,83,24,8,268,0,1,15,0,16,153,84,39,8,284,0,0,0,284
12/01/2012,BDL,CT,ANE,EN,Towers with Radar,105,44,7,8,164,0,0,0,0,0,105,44,7,8,164,0,0,0,164
12/02/2012,BDL,CT,ANE,EN,Towers with Radar,122,63,13,1,199,0,0,0,0,0,122,63,13,1,199,0,0,0,199
12/03/2012,BDL,CT,ANE,EN,Towers with Radar,140,80,44,3,267,0,0,28,1,29,140,80,72,4,296,8,2,10,306
12/04/2012,BDL,CT,ANE,EN,Towers with Radar,152,84,40,9,285,0,0,0,1,1,152,84,40,10,286,0,0,0,286
12/05/2012,BDL,CT,ANE,EN,Towers with Radar,156,73,32,7,268,0,0,20,4,24,156,73,52,11,292,0,0,0,292
12/06/2012,BDL,CT,ANE,EN,Towers with Radar,159,84,36,9,288,0,0,33,9,42,159,84,69,18,330,0,0,0,330
12/07/2012,BDL,CT,ANE,EN,Towers with Radar,154,73,24,10,261,0,1,19,1,21,154,74,43,11,282,0,0,0,282
12/08/2012,BDL,CT,ANE,EN,Towers with Radar,103,39,11,0,153,0,0,0,0,0,103,39,11,0,153,0,0,0,153
12/09/2012,BDL,CT,ANE,EN,Towers with Radar,122,60,19,0,201,0,0,10,0,10,122,60,29,0,211,0,0,0,211
12/10/2012,BDL,CT,ANE,EN,Towers with Radar,127,70,43,1,241,0,1,0,0,1,127,71,43,1,242,0,0,0,242
12/11/2012,BDL,CT,ANE,EN,Towers with Radar,154,81,35,8,278,0,2,28,10,40,154,83,63,18,318,0,0,0,318
12/12/2012,BDL,CT,ANE,EN,Towers with Radar,154,76,40,16,286,0,0,49,7,56,154,76,89,23,342,0,0,0,342
12/13/2012,BDL,CT,ANE,EN,Towers with Radar,154,78,34,8,274,0,4,35,9,48,154,82,69,17,322,0,0,0,322
12/14/2012,BDL,CT,ANE,EN,Towers with Radar,149,74,31,5,259,0,2,29,0,31,149,76,60,5,290,8,0,8,298
12/15/2012,BDL,CT,ANE,EN,Towers with Radar,116,47,20,3,186,0,0,27,2,29,116,47,47,5,215,0,0,0,215
12/16/2012,BDL,CT,ANE,EN,Towers with Radar,118,51,20,1,190,0,0,2,1,3,118,51,22,2,193,0,0,0,193
12/17/2012,BDL,CT,ANE,EN,Towers with Radar,133,68,29,3,233,0,0,0,0,0,133,68,29,3,233,0,0,0,233
12/18/2012,BDL,CT,ANE,EN,Towers with Radar,151,80,37,12,280,0,0,2,0,2,151,80,39,12,282,0,0,0,282
12/19/2012,BDL,CT,ANE,EN,Towers with Radar,153,93,46,5,297,0,0,16,12,28,153,93,62,17,325,4,0,4,329
12/20/2012,BDL,CT,ANE,EN,Towers with Radar,149,82,28,8,267,0,1,11,9,21,149,83,39,17,288,0,0,0,288
12/21/2012,BDL,CT,ANE,EN,Towers with Radar,149,70,10,5,234,0,0,2,0,2,149,70,12,5,236,0,0,0,236
12/22/2012,BDL,CT,ANE,EN,Towers with Radar,126,60,16,0,202,0,0,3,0,3,126,60,19,0,205,0,0,0,205
12/23/2012,BDL,CT,ANE,EN,Towers with Radar,118,60,12,0,190,0,0,8,0,8,118,60,20,0,198,0,0,0,198
12/24/2012,BDL,CT,ANE,EN,Towers with Radar,113,39,10,0,162,0,0,11,0,11,113,39,21,0,173,0,0,0,173
12/25/2012,BDL,CT,ANE,EN,Towers with Radar,96,43,5,0,144,0,0,0,0,0,96,43,5,0,144,0,0,0,144
12/26/2012,BDL,CT,ANE,EN,Towers with Radar,120,67,17,3,207,0,0,8,1,9,120,67,25,4,216,0,0,0,216
12/27/2012,BDL,CT,ANE,EN,Towers with Radar,137,63,19,4,223,0,0,0,0,0,137,63,19,4,223,0,0,0,223
12/28/2012,BDL,CT,ANE,EN,Towers with Radar,142,80,19,6,247,0,0,18,0,18,142,80,37,6,265,0,0,0,265
12/29/2012,BDL,CT,ANE,EN,Towers with Radar,115,53,5,0,173,0,0,2,0,2,115,53,7,0,175,0,0,0,175
12/30/2012,BDL,CT,ANE,EN,Towers with Radar,115,63,11,0,189,0,0,2,0,2,115,63,13,0,191,0,0,0,191
12/31/2012,BDL,CT,ANE,EN,Towers with Radar,113,48,9,0,170,0,2,4,0,6,113,50,13,0,176,0,0,0,176
01/01/2013,BDL,CT,ANE,EN,Towers with Radar,101,54,12,0,167,0,0,7,0,7,101,54,19,0,174,0,0,0,174
01/02/2013,BDL,CT,ANE,EN,Towers with Radar,145,94,19,10,268,0,0,21,7,28,145,94,40,17,296,14,0,14,310
01/03/2013,BDL,CT,ANE,EN,Towers with Radar,156,73,22,10,261,0,0,16,9,25,156,73,38,19,286,0,0,0,286
01/04/2013,BDL,CT,ANE,EN,Towers with Radar,147,69,27,8,251,0,0,19,3,22,147,69,46,11,273,0,0,0,273
01/05/2013,BDL,CT,ANE,EN,Towers with Radar,107,47,15,2,171,0,0,16,2,18,107,47,31,4,189,0,0,0,189
01/06/2013,BDL,CT,ANE,EN,Towers with Radar,116,50,23,2,191,0,1,4,0,5,116,51,27,2,196,0,0,0,196
01/07/2013,BDL,CT,ANE,EN,Towers with Radar,125,71,28,8,232,0,0,22,10,32,125,71,50,18,264,0,0,0,264
01/08/2013,BDL,CT,ANE,EN,Towers with Radar,138,73,28,11,250,0,0,15,12,27,138,73,43,23,277,0,0,0,277
01/09/2013,BDL,CT,ANE,EN,Towers with Radar,141,70,34,15,260,0,0,24,8,32,141,70,58,23,292,0,0,0,292
01/10/2013,BDL,CT,ANE,EN,Towers with Radar,144,73,24,7,248,0,0,19,9,28,144,73,43,16,276,0,0,0,276
01/11/2013,BDL,CT,ANE,EN,Towers with Radar,138,80,29,5,252,0,0,9,3,12,138,80,38,8,264,0,0,0,264
01/12/2013,BDL,CT,ANE,EN,Towers with Radar,100,59,16,2,177,0,0,0,0,0,100,59,16,2,177,0,0,0,177
01/13/2013,BDL,CT,ANE,EN,Towers with Radar,104,39,16,2,161,0,0,0,0,0,104,39,16,2,161,0,0,0,161
01/14/2013,BDL,CT,ANE,EN,Towers with Radar,131,79,29,0,239,0,0,16,0,16,131,79,45,0,255,0,0,0,255
01/15/2013,BDL,CT,ANE,EN,Towers with Radar,137,79,25,6,247,0,0,20,7,27,137,79,45,13,274,8,4,12,286
01/16/2013,BDL,CT,ANE,EN,Towers with Radar,142,60,19,4,225,0,0,0,0,0,142,60,19,4,225,0,0,0,225
01/17/2013,BDL,CT,ANE,EN,Towers with Radar,141,80,34,10,265,0,3,13,6,22,141,83,47,16,287,10,0,10,297
01/18/2013,BDL,CT,ANE,EN,Towers with Radar,142,81,22,13,258,0,0,15,0,15,142,81,37,13,273,0,0,0,273
01/19/2013,BDL,CT,ANE,EN,Towers with Radar,97,56,18,9,180,0,0,15,2,17,97,56,33,11,197,0,0,0,197
01/20/2013,BDL,CT,ANE,EN,Towers with Radar,105,47,14,2,168,0,0,12,0,12,105,47,26,2,180,0,0,0,180
01/21/2013,BDL,CT,ANE,EN,Towers with Radar,143,74,23,0,240,0,1,9,0,10,143,75,32,0,250,0,0,0,250
01/22/2013,BDL,CT,ANE,EN,Towers with Radar,133,67,22,7,229,0,2,12,5,19,133,69,34,12,248,0,2,2,250
01/23/2013,BDL,CT,ANE,EN,Towers with Radar,142,70,25,11,248,0,0,33,9,42,142,70,58,20,290,6,0,6,296
01/24/2013,BDL,CT,ANE,EN,Towers with Radar,145,77,37,9,268,0,0,19,6,25,145,77,56,15,293,15,0,15,308
01/25/2013,BDL,CT,ANE,EN,Towers with Radar,137,73,21,6,237,0,0,17,0,17,137,73,38,6,254,0,2,2,256
01/26/2013,BDL,CT,ANE,EN,Towers with Radar,98,56,12,3,169,0,0,11,0,11,98,56,23,3,180,0,0,0,180
01/27/2013,BDL,CT,ANE,EN,Towers with Radar,109,52,29,0,190,0,0,22,0,22,109,52,51,0,212,0,0,0,212
01/28/2013,BDL,CT,ANE,EN,Towers with Radar,129,73,21,2,225,0,0,2,0,2,129,73,23,2,227,0,0,0,227
01/29/2013,BDL,CT,ANE,EN,Towers with Radar,139,78,41,9,267,0,0,5,2,7,139,78,46,11,274,0,0,0,274
01/30/2013,BDL,CT,ANE,EN,Towers with Radar,132,63,24,6,225,0,0,0,0,0,132,63,24,6,225,0,0,0,225
01/31/2013,BDL,CT,ANE,EN,Towers with Radar,150,85,25,5,265,0,1,11,8,20,150,86,36,13,285,0,0,0,285
02/01/2013,BDL,CT,ANE,EN,Towers with Radar,135,68,17,6,226,0,0,15,0,15,135,68,32,6,241,0,0,0,241
02/02/2013,BDL,CT,ANE,EN,Towers with Radar,101,56,10,9,176,0,1,18,1,20,101,57,28,10,196,0,0,0,196
02/03/2013,BDL,CT,ANE,EN,Towers with Radar,102,46,15,0,163,0,0,2,0,2,102,46,17,0,165,0,0,0,165
02/04/2013,BDL,CT,ANE,EN,Towers with Radar,128,77,30,8,243,0,0,25,0,25,128,77,55,8,268,0,0,0,268
02/05/2013,BDL,CT,ANE,EN,Towers with Radar,137,75,20,9,241,0,0,18,4,22,137,75,38,13,263,0,0,0,263
02/06/2013,BDL,CT,ANE,EN,Towers with Radar,142,74,30,10,256,0,0,21,8,29,142,74,51,18,285,0,0,0,285
02/07/2013,BDL,CT,ANE,EN,Towers with Radar,140,86,43,10,279,0,2,33,9,44,140,88,76,19,323,0,0,0,323
02/08/2013,BDL,CT,ANE,EN,Towers with Radar,57,22,3,4,86,0,0,0,0,0,57,22,3,4,86,0,0,0,86
02/09/2013,BDL,CT,ANE,EN,Towers with Radar,0,1,0,0,1,0,0,0,0,0,0,1,0,0,1,0,0,0,1
02/10/2013,BDL,CT,ANE,EN,Towers with Radar,93,64,23,0,180,0,1,12,4,17,93,65,35,4,197,0,0,0,197
02/11/2013,BDL,CT,ANE,EN,Towers with Radar,127,67,21,1,216,0,0,0,0,0,127,67,21,1,216,0,0,0,216
02/12/2013,BDL,CT,ANE,EN,Towers with Radar,136,81,25,12,254,0,0,11,5,16,136,81,36,17,270,0,0,0,270
02/13/2013,BDL,CT,ANE,EN,Towers with Radar,142,86,33,12,273,0,0,27,6,33,142,86,60,18,306,0,0,0,306
02/14/2013,BDL,CT,ANE,EN,Towers with Radar,143,87,28,6,264,0,0,14,2,16,143,87,42,8,280,0,0,0,280
02/15/2013,BDL,CT,ANE,EN,Towers with Radar,140,82,31,6,259,0,0,14,2,16,140,82,45,8,275,0,0,0,275
02/16/2013,BDL,CT,ANE,EN,Towers with Radar,119,52,15,0,186,0,0,12,0,12,119,52,27,0,198,0,0,0,198
02/17/2013,BDL,CT,ANE,EN,Towers with Radar,117,59,7,0,183,0,0,1,0,1,117,59,8,0,184,0,0,0,184
02/18/2013,BDL,CT,ANE,EN,Towers with Radar,127,85,24,0,236,0,2,15,0,17,127,87,39,0,253,4,0,4,257
02/19/2013,BDL,CT,ANE,EN,Towers with Radar,141,82,31,6,260,0,0,11,7,18,141,82,42,13,278,0,0,0,278
02/20/2013,BDL,CT,ANE,EN,Towers with Radar,144,77,25,7,253,0,3,13,5,21,144,80,38,12,274,0,0,0,274
02/21/2013,BDL,CT,ANE,EN,Towers with Radar,141,88,26,7,262,0,0,14,5,19,141,88,40,12,281,0,0,0,281
02/22/2013,BDL,CT,ANE,EN,Towers with Radar,147,85,27,3,262,0,0,15,3,18,147,85,42,6,280,0,0,0,280
02/23/2013,BDL,CT,ANE,EN,Towers with Radar,119,69,10,0,198,0,0,0,0,0,119,69,10,0,198,0,0,0,198
02/24/2013,BDL,CT,ANE,EN,Towers with Radar,114,67,12,0,193,0,0,0,0,0,114,67,12,0,193,0,0,0,193
02/25/2013,BDL,CT,ANE,EN,Towers with Radar,131,87,28,2,248,0,0,21,0,21,131,87,49,2,269,0,0,0,269
02/26/2013,BDL,CT,ANE,EN,Towers with Radar,135,78,30,19,262,0,0,20,3,23,135,78,50,22,285,0,0,0,285
02/27/2013,BDL,CT,ANE,EN,Towers with Radar,158,80,20,1,259,0,0,1,0,1,158,80,21,1,260,0,0,0,260
02/28/2013,BDL,CT,ANE,EN,Towers with Radar,145,84,28,0,257,0,1,8,6,15,145,85,36,6,272,0,0,0,272
03/01/2013,BDL,CT,ANE,EN,Towers with Radar,145,81,23,4,253,0,0,18,0,18,145,81,41,4,271,0,0,0,271
03/02/2013,BDL,CT,ANE,EN,Towers with Radar,116,69,11,1,197,0,0,22,0,22,116,69,33,1,219,10,0,10,229
03/03/2013,BDL,CT,ANE,EN,Towers with Radar,112,65,26,0,203,0,0,12,0,12,112,65,38,0,215,0,0,0,215
03/04/2013,BDL,CT,ANE,EN,Towers with Radar,133,81,22,4,240,0,0,23,0,23,133,81,45,4,263,0,0,0,263
03/05/2013,BDL,CT,ANE,EN,Towers with Radar,140,77,29,4,250,2,3,50,11,66,142,80,79,15,316,2,0,2,318
03/06/2013,BDL,CT,ANE,EN,Towers with Radar,137,66,27,2,232,0,0,0,0,0,137,66,27,2,232,0,0,0,232
03/07/2013,BDL,CT,ANE,EN,Towers with Radar,149,87,32,2,270,0,0,0,0,0,149,87,32,2,270,0,0,0,270
03/08/2013,BDL,CT,ANE,EN,Towers with Radar,141,79,21,6,247,0,0,0,0,0,141,79,21,6,247,0,0,0,247
03/09/2013,BDL,CT,ANE,EN,Towers with Radar,114,64,4,6,188,0,0,5,5,10,114,64,9,11,198,0,0,0,198
03/10/2013,BDL,CT,ANE,EN,Towers with Radar,120,65,24,2,211,0,0,13,6,19,120,65,37,8,230,0,0,0,230
03/11/2013,BDL,CT,ANE,EN,Towers with Radar,140,73,31,0,244,0,0,10,0,10,140,73,41,0,254,0,0,0,254
03/12/2013,BDL,CT,ANE,EN,Towers with Radar,151,82,30,6,269,0,0,0,2,2,151,82,30,8,271,0,0,0,271
03/13/2013,BDL,CT,ANE,EN,Towers with Radar,153,78,37,14,282,0,4,28,10,42,153,82,65,24,324,0,0,0,324
03/14/2013,BDL,CT,ANE,EN,Towers with Radar,146,87,29,10,272,0,0,30,7,37,146,87,59,17,309,0,0,0,309
03/15/2013,BDL,CT,ANE,EN,Towers with Radar,147,91,22,10,270,0,0,22,10,32,147,91,44,20,302,0,16,16,318
03/16/2013,BDL,CT,ANE,EN,Towers with Radar,108,59,15,0,182,0,0,15,0,15,108,59,30,0,197,0,0,0,197
03/17/2013,BDL,CT,ANE,EN,Towers with Radar,123,63,10,2,198,0,0,10,2,12,123,63,20,4,210,0,0,0,210
03/18/2013,BDL,CT,ANE,EN,Towers with Radar,144,89,20,4,257,0,2,12,4,18,144,91,32,8,275,0,10,10,285
03/19/2013,BDL,CT,ANE,EN,Towers with Radar,145,87,9,0,241,0,0,0,0,0,145,87,9,0,241,0,0,0,241
03/20/2013,BDL,CT,ANE,EN,Towers with Radar,150,86,40,12,288,0,1,20,5,26,150,87,60,17,314,4,0,4,318
03/21/2013,BDL,CT,ANE,EN,Towers with Radar,152,87,21,6,266,0,1,10,6,17,152,88,31,12,283,0,0,0,283
03/22/2013,BDL,CT,ANE,EN,Towers with Radar,143,91,24,5,263,0,2,23,2,27,143,93,47,7,290,0,0,0,290
03/23/2013,BDL,CT,ANE,EN,Towers with Radar,108,69,5,0,182,0,1,15,0,16,108,70,20,0,198,0,0,0,198
03/24/2013,BDL,CT,ANE,EN,Towers with Radar,119,66,32,0,217,0,0,11,0,11,119,66,43,0,228,0,0,0,228
03/25/2013,BDL,CT,ANE,EN,Towers with Radar,145,77,23,0,245,0,0,11,0,11,145,77,34,0,256,0,0,0,256
03/26/2013,BDL,CT,ANE,EN,Towers with Radar,156,83,31,7,277,0,0,18,5,23,156,83,49,12,300,0,0,0,300
03/27/2013,BDL,CT,ANE,EN,Towers with Radar,153,81,24,4,262,0,0,34,6,40,153,81,58,10,302,0,0,0,302
03/28/2013,BDL,CT,ANE,EN,Towers with Radar,151,98,28,6,283,0,0,22,5,27,151,98,50,11,310,0,0,0,310
03/29/2013,BDL,CT,ANE,EN,Towers with Radar,142,103,18,5,268,0,0,19,1,20,142,103,37,6,288,2,0,2,290
03/30/2013,BDL,CT,ANE,EN,Towers with Radar,109,67,15,0,191,0,0,22,0,22,109,67,37,0,213,0,0,0,213
03/31/2013,BDL,CT,ANE,EN,Towers with Radar,122,67,17,0,206,0,3,12,0,15,122,70,29,0,221,0,0,0,221
04/01/2013,BDL,CT,ANE,EN,Towers with Radar,137,79,36,7,259,0,0,19,3,22,137,79,55,10,281,0,0,0,281
04/02/2013,BDL,CT,ANE,EN,Towers with Radar,155,76,45,7,283,0,0,33,6,39,155,76,78,13,322,6,0,6,328
04/03/2013,BDL,CT,ANE,EN,Towers with Radar,155,73,29,5,262,0,0,16,10,26,155,73,45,15,288,2,0,2,290
04/04/2013,BDL,CT,ANE,EN,Towers with Radar,155,79,36,9,279,0,0,21,9,30,155,79,57,18,309,0,0,0,309
04/05/2013,BDL,CT,ANE,EN,Towers with Radar,149,86,21,9,265,0,0,21,3,24,149,86,42,12,289,0,0,0,289
04/06/2013,BDL,CT,ANE,EN,Towers with Radar,114,59,21,4,198,0,0,30,4,34,114,59,51,8,232,0,0,0,232
04/07/2013,BDL,CT,ANE,EN,Towers with Radar,126,59,17,3,205,0,0,8,0,8,126,59,25,3,213,0,0,0,213
04/08/2013,BDL,CT,ANE,EN,Towers with Radar,137,75,29,3,244,0,0,20,1,21,137,75,49,4,265,18,0,18,283
04/09/2013,BDL,CT,ANE,EN,Towers with Radar,157,74,18,11,260,0,0,19,6,25,157,74,37,17,285,6,0,6,291
04/10/2013,BDL,CT,ANE,EN,Towers with Radar,164,84,26,9,283,0,0,1,4,5,164,84,27,13,288,0,0,0,288
04/11/2013,BDL,CT,ANE,EN,Towers with Radar,155,77,21,11,264,0,0,12,11,23,155,77,33,22,287,0,0,0,287
04/12/2013,BDL,CT,ANE,EN,Towers with Radar,147,93,24,9,273,0,0,2,0,2,147,93,26,9,275,0,0,0,275
04/13/2013,BDL,CT,ANE,EN,Towers with Radar,124,65,24,0,213,0,1,34,1,36,124,66,58,1,249,0,0,0,249
04/14/2013,BDL,CT,ANE,EN,Towers with Radar,125,67,17,0,209,0,0,7,5,12,125,67,24,5,221,0,0,0,221
04/15/2013,BDL,CT,ANE,EN,Towers with Radar,144,84,33,8,269,0,4,23,0,27,144,88,56,8,296,4,0,4,300
04/16/2013,BDL,CT,ANE,EN,Towers with Radar,154,83,28,10,275,0,0,12,3,15,154,83,40,13,290,0,0,0,290
04/17/2013,BDL,CT,ANE,EN,Towers with Radar,147,79,36,13,275,0,2,27,11,40,147,81,63,24,315,0,0,0,315
04/18/2013,BDL,CT,ANE,EN,Towers with Radar,149,85,27,10,271,0,0,22,8,30,149,85,49,18,301,0,0,0,301
04/19/2013,BDL,CT,ANE,EN,Towers with Radar,151,77,12,8,248,0,0,1,0,1,151,77,13,8,249,0,0,0,249
04/20/2013,BDL,CT,ANE,EN,Towers with Radar,125,70,10,0,205,0,0,8,2,10,125,70,18,2,215,0,0,0,215
04/21/2013,BDL,CT,ANE,EN,Towers with Radar,118,74,8,1,201,0,0,16,2,18,118,74,24,3,219,0,0,0,219
04/22/2013,BDL,CT,ANE,EN,Towers with Radar,135,91,31,2,259,0,0,18,0,18,135,91,49,2,277,0,0,0,277
04/23/2013,BDL,CT,ANE,EN,Towers with Radar,162,89,32,9,292,0,0,9,4,13,162,89,41,13,305,0,0,0,305
04/24/2013,BDL,CT,ANE,EN,Towers with Radar,158,91,41,8,298,0,0,21,10,31,158,91,62,18,329,0,0,0,329
04/25/2013,BDL,CT,ANE,EN,Towers with Radar,156,102,29,10,297,0,2,25,10,37,156,104,54,20,334,0,0,0,334
04/26/2013,BDL,CT,ANE,EN,Towers with Radar,148,90,22,8,268,0,0,19,3,22,148,90,41,11,290,0,0,0,290
04/27/2013,BDL,CT,ANE,EN,Towers with Radar,113,60,19,0,192,0,2,19,0,21,113,62,38,0,213,4,0,4,217
04/28/2013,BDL,CT,ANE,EN,Towers with Radar,120,71,22,2,215,0,0,10,0,10,120,71,32,2,225,4,0,4,229
04/29/2013,BDL,CT,ANE,EN,Towers with Radar,137,80,27,7,251,0,0,12,0,12,137,80,39,7,263,0,0,0,263
04/30/2013,BDL,CT,ANE,EN,Towers with Radar,160,80,37,6,283,0,0,23,11,34,160,80,60,17,317,0,0,0,317
05/01/2013,BDL,CT,ANE,EN,Towers with Radar,158,83,21,10,272,0,0,17,8,25,158,83,38,18,297,0,2,2,299
05/02/2013,BDL,CT,ANE,EN,Towers with Radar,153,94,32,7,286,0,0,18,8,26,153,94,50,15,312,18,0,18,330
05/03/2013,BDL,CT,ANE,EN,Towers with Radar,150,89,34,9,282,0,0,21,0,21,150,89,55,9,303,0,0,0,303
05/04/2013,BDL,CT,ANE,EN,Towers with Radar,106,59,11,3,179,0,0,9,5,14,106,59,20,8,193,0,0,0,193
05/05/2013,BDL,CT,ANE,EN,Towers with Radar,123,63,19,2,207,0,0,10,0,10,123,63,29,2,217,0,0,0,217
05/06/2013,BDL,CT,ANE,EN,Towers with Radar,142,81,35,0,258,0,1,24,0,25,142,82,59,0,283,0,0,0,283
05/07/2013,BDL,CT,ANE,EN,Towers with Radar,159,80,23,9,271,0,1,22,7,30,159,81,45,16,301,0,4,4,305
05/08/2013,BDL,CT,ANE,EN,Towers with Radar,168,86,37,7,298,0,0,3,0,3,168,86,40,7,301,0,0,0,301
05/09/2013,BDL,CT,ANE,EN,Towers with Radar,158,97,40,8,303,0,0,0,0,0,158,97,40,8,303,0,0,0,303
05/10/2013,BDL,CT,ANE,EN,Towers with Radar,148,88,26,6,268,0,0,20,4,24,148,88,46,10,292,0,0,0,292
05/11/2013,BDL,CT,ANE,EN,Towers with Radar,107,67,12,1,187,0,0,1,0,1,107,67,13,1,188,0,0,0,188
05/12/2013,BDL,CT,ANE,EN,Towers with Radar,120,69,13,0,202,0,0,4,0,4,120,69,17,0,206,0,0,0,206
05/13/2013,BDL,CT,ANE,EN,Towers with Radar,140,76,24,8,248,0,0,24,2,26,140,76,48,10,274,0,0,0,274
05/14/2013,BDL,CT,ANE,EN,Towers with Radar,158,82,24,8,272,0,0,23,4,27,158,82,47,12,299,0,0,0,299
05/15/2013,BDL,CT,ANE,EN,Towers with Radar,159,76,33,6,274,0,0,16,7,23,159,76,49,13,297,0,2,2,299
05/16/2013,BDL,CT,ANE,EN,Towers with Radar,158,100,42,6,306,0,0,28,6,34,158,100,70,12,340,12,0,12,352
05/17/2013,BDL,CT,ANE,EN,Towers with Radar,151,79,44,5,279,0,0,24,1,25,151,79,68,6,304,0,0,0,304
05/18/2013,BDL,CT,ANE,EN,Towers with Radar,107,55,8,2,172,0,0,14,7,21,107,55,22,9,193,0,0,0,193
05/19/2013,BDL,CT,ANE,EN,Towers with Radar,129,67,35,0,231,0,0,1,4,5,129,67,36,4,236,0,0,0,236
05/20/2013,BDL,CT,ANE,EN,Towers with Radar,144,91,37,0,272,0,0,9,0,9,144,91,46,0,281,0,0,0,281
05/21/2013,BDL,CT,ANE,EN,Towers with Radar,151,71,40,12,274,0,2,23,1,26,151,73,63,13,300,0,0,0,300
05/22/2013,BDL,CT,ANE,EN,Towers with Radar,168,82,42,8,300,0,0,6,5,11,168,82,48,13,311,0,0,0,311
05/23/2013,BDL,CT,ANE,EN,Towers with Radar,153,96,38,17,304,0,0,3,0,3,153,96,41,17,307,0,0,0,307
05/24/2013,BDL,CT,ANE,EN,Towers with Radar,158,94,22,8,282,0,0,0,0,0,158,94,22,8,282,2,0,2,284
05/25/2013,BDL,CT,ANE,EN,Towers with Radar,99,62,8,0,169,0,0,2,0,2,99,62,10,0,171,4,0,4,175
05/26/2013,BDL,CT,ANE,EN,Towers with Radar,90,47,11,0,148,0,1,0,0,1,90,48,11,0,149,0,0,0,149
05/27/2013,BDL,CT,ANE,EN,Towers with Radar,126,60,16,0,202,0,0,9,0,9,126,60,25,0,211,0,0,0,211
05/28/2013,BDL,CT,ANE,EN,Towers with Radar,146,76,27,8,257,0,0,29,4,33,146,76,56,12,290,0,0,0,290
05/29/2013,BDL,CT,ANE,EN,Towers with Radar,157,80,34,6,277,0,0,10,5,15,157,80,44,11,292,0,0,0,292
05/30/2013,BDL,CT,ANE,EN,Towers with Radar,159,91,35,10,295,0,0,47,8,55,159,91,82,18,350,22,0,22,372
05/31/2013,BDL,CT,ANE,EN,Towers with Radar,153,81,32,11,277,0,0,42,3,45,153,81,74,14,322,0,0,0,322
06/01/2013,BDL,CT,ANE,EN,Towers with Radar,104,59,9,7,179,0,0,6,2,8,104,59,15,9,187,0,0,0,187
06/02/2013,BDL,CT,ANE,EN,Towers with Radar,122,61,14,3,200,0,0,10,0,10,122,61,24,3,210,0,0,0,210
06/03/2013,BDL,CT,ANE,EN,Towers with Radar,148,78,19,1,246,0,0,7,0,7,148,78,26,1,253,0,0,0,253
06/04/2013,BDL,CT,ANE,EN,Towers with Radar,159,77,38,5,279,0,2,26,14,42,159,79,64,19,321,0,0,0,321
06/05/2013,BDL,CT,ANE,EN,Towers with Radar,162,79,17,6,264,0,2,31,10,43,162,81,48,16,307,0,0,0,307
06/06/2013,BDL,CT,ANE,EN,Towers with Radar,151,93,32,7,283,0,0,12,6,18,151,93,44,13,301,0,0,0,301
06/07/2013,BDL,CT,ANE,EN,Towers with Radar,142,91,31,6,270,0,0,0,0,0,142,91,31,6,270,0,0,0,270
06/08/2013,BDL,CT,ANE,EN,Towers with Radar,123,66,15,0,204,0,0,9,2,11,123,66,24,2,215,0,0,0,215
06/09/2013,BDL,CT,ANE,EN,Towers with Radar,121,81,19,3,224,0,0,25,6,31,121,81,44,9,255,0,0,0,255
06/10/2013,BDL,CT,ANE,EN,Towers with Radar,140,90,30,6,266,0,0,20,4,24,140,90,50,10,290,0,0,0,290
06/11/2013,BDL,CT,ANE,EN,Towers with Radar,156,92,24,4,276,0,0,5,0,5,156,92,29,4,281,0,0,0,281
06/12/2013,BDL,CT,ANE,EN,Towers with Radar,150,98,41,6,295,0,0,29,3,32,150,98,70,9,327,0,0,0,327
06/13/2013,BDL,CT,ANE,EN,Towers with Radar,148,87,33,4,272,0,0,0,6,6,148,87,33,10,278,0,0,0,278
06/14/2013,BDL,CT,ANE,EN,Towers with Radar,153,93,16,5,267,0,0,12,2,14,153,93,28,7,281,0,0,0,281
06/15/2013,BDL,CT,ANE,EN,Towers with Radar,117,70,36,3,226,0,0,62,13,75,117,70,98,16,301,0,0,0,301
06/16/2013,BDL,CT,ANE,EN,Towers with Radar,126,77,8,5,216,0,0,8,8,16,126,77,16,13,232,0,0,0,232
06/17/2013,BDL,CT,ANE,EN,Towers with Radar,142,87,19,1,249,0,0,17,0,17,142,87,36,1,266,0,0,0,266
06/18/2013,BDL,CT,ANE,EN,Towers with Radar,160,88,34,2,284,0,0,20,3,23,160,88,54,5,307,0,0,0,307
06/19/2013,BDL,CT,ANE,EN,Towers with Radar,157,90,31,13,291,0,2,36,3,41,157,92,67,16,332,4,0,4,336
06/20/2013,BDL,CT,ANE,EN,Towers with Radar,148,96,29,7,280,0,0,40,1,41,148,96,69,8,321,0,0,0,321
06/21/2013,BDL,CT,ANE,EN,Towers with Radar,152,75,19,6,252,0,0,38,1,39,152,75,57,7,291,10,0,10,301
06/22/2013,BDL,CT,ANE,EN,Towers with Radar,108,70,17,1,196,0,0,38,2,40,108,70,55,3,236,2,0,2,238
06/23/2013,BDL,CT,ANE,EN,Towers with Radar,126,81,29,2,238,0,0,55,0,55,126,81,84,2,293,2,0,2,295
06/24/2013,BDL,CT,ANE,EN,Towers with Radar,137,80,31,3,251,0,0,16,0,16,137,80,47,3,267,0,0,0,267
06/25/2013,BDL,CT,ANE,EN,Towers with Radar,155,78,26,13,272,0,0,21,6,27,155,78,47,19,299,0,0,0,299
06/26/2013,BDL,CT,ANE,EN,Towers with Radar,142,91,30,7,270,0,0,12,5,17,142,91,42,12,287,0,0,0,287
06/27/2013,BDL,CT,ANE,EN,Towers with Radar,164,94,44,4,306,0,0,4,2,6,164,94,48,6,312,0,0,0,312
06/28/2013,BDL,CT,ANE,EN,Towers with Radar,152,89,25,11,277,0,0,4,0,4,152,89,29,11,281,0,0,0,281
06/29/2013,BDL,CT,ANE,EN,Towers with Radar,117,60,30,2,209,0,0,11,0,11,117,60,41,2,220,0,0,0,220
06/30/2013,BDL,CT,ANE,EN,Towers with Radar,121,73,12,0,206,0,0,1,0,1,121,73,13,0,207,0,0,0,207
07/01/2013,BDL,CT,ANE,EN,Towers with Radar,128,67,18,4,217,0,0,2,0,2,128,67,20,4,219,0,0,0,219
07/02/2013,BDL,CT,ANE,EN,Towers with Radar,154,70,25,3,252,0,0,3,4,7,154,70,28,7,259,8,0,8,267
07/03/2013,BDL,CT,ANE,EN,Towers with Radar,150,84,11,6,251,0,0,13,8,21,150,84,24,14,272,0,0,0,272
07/04/2013,BDL,CT,ANE,EN,Towers with Radar,96,54,7,0,157,0,0,4,0,4,96,54,11,0,161,0,0,0,161
07/05/2013,BDL,CT,ANE,EN,Towers with Radar,120,50,4,0,174,0,4,7,0,11,120,54,11,0,185,0,0,0,185
07/06/2013,BDL,CT,ANE,EN,Towers with Radar,115,61,16,0,192,0,0,14,0,14,115,61,30,0,206,0,0,0,206
07/07/2013,BDL,CT,ANE,EN,Towers with Radar,122,68,12,0,202,0,0,7,0,7,122,68,19,0,209,0,0,0,209
07/08/2013,BDL,CT,ANE,EN,Towers with Radar,137,78,30,3,248,0,0,27,0,27,137,78,57,3,275,0,0,0,275
07/09/2013,BDL,CT,ANE,EN,Towers with Radar,156,81,26,9,272,0,0,7,6,13,156,81,33,15,285,0,0,0,285
07/10/2013,BDL,CT,ANE,EN,Towers with Radar,145,68,41,6,260,0,0,7,0,7,145,68,48,6,267,0,0,0,267
07/11/2013,BDL,CT,ANE,EN,Towers with Radar,159,77,28,7,271,0,1,7,6,14,159,78,35,13,285,0,0,0,285
07/12/2013,BDL,CT,ANE,EN,Towers with Radar,145,82,19,6,252,0,0,22,2,24,145,82,41,8,276,0,0,0,276
07/13/2013,BDL,CT,ANE,EN,Towers with Radar,113,73,14,0,200,0,0,2,0,2,113,73,16,0,202,0,0,0,202
07/14/2013,BDL,CT,ANE,EN,Towers with Radar,125,72,14,0,211,1,5,20,0,26,126,77,34,0,237,0,0,0,237
07/15/2013,BDL,CT,ANE,EN,Towers with Radar,142,84,27,2,255,0,0,33,0,33,142,84,60,2,288,8,0,8,296
07/16/2013,BDL,CT,ANE,EN,Towers with Radar,151,81,35,9,276,0,0,27,4,31,151,81,62,13,307,8,0,8,315
07/17/2013,BDL,CT,ANE,EN,Towers with Radar,155,80,26,6,267,0,6,27,6,39,155,86,53,12,306,0,0,0,306
07/18/2013,BDL,CT,ANE,EN,Towers with Radar,150,85,24,9,268,0,0,22,12,34,150,85,46,21,302,0,4,4,306
07/19/2013,BDL,CT,ANE,EN,Towers with Radar,145,72,24,3,244,0,0,20,3,23,145,72,44,6,267,6,0,6,273
07/20/2013,BDL,CT,ANE,EN,Towers with Radar,115,60,22,2,199,0,0,5,2,7,115,60,27,4,206,0,0,0,206
07/21/2013,BDL,CT,ANE,EN,Towers with Radar,124,81,19,2,226,0,6,21,10,37,124,87,40,12,263,6,0,6,269
07/22/2013,BDL,CT,ANE,EN,Towers with Radar,143,78,18,4,243,0,0,16,0,16,143,78,34,4,259,0,0,0,259
07/23/2013,BDL,CT,ANE,EN,Towers with Radar,157,95,36,5,293,0,0,4,4,8,157,95,40,9,301,0,0,0,301
07/24/2013,BDL,CT,ANE,EN,Towers with Radar,151,83,38,4,276,0,0,21,10,31,151,83,59,14,307,0,0,0,307
07/25/2013,BDL,CT,ANE,EN,Towers with Radar,152,88,33,5,278,0,0,10,7,17,152,88,43,12,295,0,0,0,295
07/26/2013,BDL,CT,ANE,EN,Towers with Radar,147,75,20,4,246,0,0,13,0,13,147,75,33,4,259,0,0,0,259
07/27/2013,BDL,CT,ANE,EN,Towers with Radar,113,63,21,0,197,0,0,19,0,19,113,63,40,0,216,0,0,0,216
07/28/2013,BDL,CT,ANE,EN,Towers with Radar,118,74,12,0,204,0,0,10,0,10,118,74,22,0,214,0,0,0,214
07/29/2013,BDL,CT,ANE,EN,Towers with Radar,148,84,50,2,284,0,0,10,0,10,148,84,60,2,294,4,0,4,298
07/30/2013,BDL,CT,ANE,EN,Towers with Radar,155,85,23,7,270,0,0,28,3,31,155,85,51,10,301,0,0,0,301
07/31/2013,BDL,CT,ANE,EN,Towers with Radar,149,79,39,5,272,0,0,20,8,28,149,79,59,13,300,20,0,20,320
08/01/2013,BDL,CT,ANE,EN,Towers with Radar,152,79,33,13,277,0,0,9,2,11,152,79,42,15,288,0,4,4,292
08/02/2013,BDL,CT,ANE,EN,Towers with Radar,147,82,37,7,273,0,0,18,0,18,147,82,55,7,291,0,0,0,291
08/03/2013,BDL,CT,ANE,EN,Towers with Radar,112,62,16,5,195,0,0,3,2,5,112,62,19,7,200,0,0,0,200
08/04/2013,BDL,CT,ANE,EN,Towers with Radar,119,78,8,1,206,0,0,10,1,11,119,78,18,2,217,0,0,0,217
08/05/2013,BDL,CT,ANE,EN,Towers with Radar,138,75,22,2,237,0,0,24,2,26,138,75,46,4,263,0,0,0,263
08/06/2013,BDL,CT,ANE,EN,Towers with Radar,150,83,31,3,267,0,3,32,2,37,150,86,63,5,304,0,0,0,304
08/07/2013,BDL,CT,ANE,EN,Towers with Radar,146,83,24,1,254,0,0,16,6,22,146,83,40,7,276,10,0,10,286
08/08/2013,BDL,CT,ANE,EN,Towers with Radar,159,87,31,7,284,0,0,3,0,3,159,87,34,7,287,0,0,0,287
08/09/2013,BDL,CT,ANE,EN,Towers with Radar,146,97,17,4,264,0,0,4,0,4,146,97,21,4,268,6,0,6,274
08/10/2013,BDL,CT,ANE,EN,Towers with Radar,110,66,20,2,198,0,0,21,2,23,110,66,41,4,221,0,0,0,221
08/11/2013,BDL,CT,ANE,EN,Towers with Radar,120,69,22,4,215,0,2,24,2,28,120,71,46,6,243,0,0,0,243
08/12/2013,BDL,CT,ANE,EN,Towers with Radar,133,91,11,7,242,0,0,12,2,14,133,91,23,9,256,0,0,0,256
08/13/2013,BDL,CT,ANE,EN,Towers with Radar,147,76,29,4,256,0,0,8,0,8,147,76,37,4,264,0,0,0,264
08/14/2013,BDL,CT,ANE,EN,Towers with Radar,151,82,25,4,262,0,0,22,4,26,151,82,47,8,288,0,0,0,288
08/15/2013,BDL,CT,ANE,EN,Towers with Radar,150,92,37,6,285,0,0,30,3,33,150,92,67,9,318,0,0,0,318
08/16/2013,BDL,CT,ANE,EN,Towers with Radar,142,90,22,6,260,0,0,24,0,24,142,90,46,6,284,12,0,12,296
08/17/2013,BDL,CT,ANE,EN,Towers with Radar,110,66,18,0,194,0,0,21,0,21,110,66,39,0,215,8,0,8,223
08/18/2013,BDL,CT,ANE,EN,Towers with Radar,119,73,14,0,206,0,5,8,0,13,119,78,22,0,219,0,0,0,219
08/19/2013,BDL,CT,ANE,EN,Towers with Radar,135,84,22,3,244,0,0,19,1,20,135,84,41,4,264,6,0,6,270
08/20/2013,BDL,CT,ANE,EN,Towers with Radar,143,81,24,7,255,0,0,23,7,30,143,81,47,14,285,0,0,0,285
08/21/2013,BDL,CT,ANE,EN,Towers with Radar,150,76,29,4,259,0,2,25,6,33,150,78,54,10,292,8,0,8,300
08/22/2013,BDL,CT,ANE,EN,Towers with Radar,147,97,36,10,290,0,0,8,4,12,147,97,44,14,302,0,0,0,302
08/23/2013,BDL,CT,ANE,EN,Towers with Radar,144,84,34,1,263,0,0,31,0,31,144,84,65,1,294,0,0,0,294
08/24/2013,BDL,CT,ANE,EN,Towers with Radar,107,54,13,0,174,0,0,13,0,13,107,54,26,0,187,0,0,0,187
08/25/2013,BDL,CT,ANE,EN,Towers with Radar,117,74,27,2,220,0,0,32,0,32,117,74,59,2,252,0,0,0,252
08/26/2013,BDL,CT,ANE,EN,Towers with Radar,129,76,38,6,249,0,0,23,0,23,129,76,61,6,272,0,6,6,278
08/27/2013,BDL,CT,ANE,EN,Towers with Radar,146,79,37,9,271,0,0,10,8,18,146,79,47,17,289,20,0,20,309
08/28/2013,BDL,CT,ANE,EN,Towers with Radar,153,86,42,3,284,0,0,10,5,15,153,86,52,8,299,4,10,14,313
08/29/2013,BDL,CT,ANE,EN,Towers with Radar,145,89,39,12,285,0,0,17,9,26,145,89,56,21,311,0,0,0,311
08/30/2013,BDL,CT,ANE,EN,Towers with Radar,142,88,27,3,260,0,2,19,1,22,142,90,46,4,282,0,0,0,282
08/31/2013,BDL,CT,ANE,EN,Towers with Radar,92,48,17,0,157,0,0,0,0,0,92,48,17,0,157,0,0,0,157
09/01/2013,BDL,CT,ANE,EN,Towers with Radar,95,31,8,0,134,0,0,1,0,1,95,31,9,0,135,0,0,0,135
09/02/2013,BDL,CT,ANE,EN,Towers with Radar,115,62,16,0,193,0,0,1,0,1,115,62,17,0,194,0,0,0,194
09/03/2013,BDL,CT,ANE,EN,Towers with Radar,132,86,33,15,266,0,0,19,4,23,132,86,52,19,289,12,0,12,301
09/04/2013,BDL,CT,ANE,EN,Towers with Radar,147,77,27,3,254,0,1,33,8,42,147,78,60,11,296,0,0,0,296
09/05/2013,BDL,CT,ANE,EN,Towers with Radar,149,89,39,6,283,0,2,22,9,33,149,91,61,15,316,0,0,0,316
09/06/2013,BDL,CT,ANE,EN,Towers with Radar,146,90,31,10,277,0,0,35,0,35,146,90,66,10,312,6,0,6,318
09/07/2013,BDL,CT,ANE,EN,Towers with Radar,100,52,11,1,164,0,0,30,7,37,100,52,41,8,201,0,0,0,201
09/08/2013,BDL,CT,ANE,EN,Towers with Radar,112,84,29,2,227,0,0,11,0,11,112,84,40,2,238,0,0,0,238
09/09/2013,BDL,CT,ANE,EN,Towers with Radar,131,86,37,2,256,0,0,28,3,31,131,86,65,5,287,0,0,0,287
09/10/2013,BDL,CT,ANE,EN,Towers with Radar,140,84,53,3,280,0,1,6,1,8,140,85,59,4,288,0,0,0,288
09/11/2013,BDL,CT,ANE,EN,Towers with Radar,137,77,19,0,233,0,1,31,6,38,137,78,50,6,271,0,0,0,271
09/12/2013,BDL,CT,ANE,EN,Towers with Radar,137,87,34,3,261,0,0,6,1,7,137,87,40,4,268,0,0,0,268
09/13/2013,BDL,CT,ANE,EN,Towers with Radar,151,98,37,2,288,0,0,17,2,19,151,98,54,4,307,0,0,0,307
09/14/2013,BDL,CT,ANE,EN,Towers with Radar,103,55,22,0,180,0,0,11,0,11,103,55,33,0,191,0,0,0,191
09/15/2013,BDL,CT,ANE,EN,Towers with Radar,114,85,14,3,216,0,0,13,0,13,114,85,27,3,229,0,0,0,229
09/16/2013,BDL,CT,ANE,EN,Towers with Radar,135,93,30,8,266,0,4,29,2,35,135,97,59,10,301,0,0,0,301
09/17/2013,BDL,CT,ANE,EN,Towers with Radar,152,83,25,4,264,0,0,20,6,26,152,83,45,10,290,8,0,8,298
09/18/2013,BDL,CT,ANE,EN,Towers with Radar,142,88,33,16,279,0,0,32,15,47,142,88,65,31,326,0,0,0,326
09/19/2013,BDL,CT,ANE,EN,Towers with Radar,148,77,26,6,257,0,0,17,7,24,148,77,43,13,281,0,0,0,281
09/20/2013,BDL,CT,ANE,EN,Towers with Radar,145,89,61,0,295,0,0,44,0,44,145,89,105,0,339,0,0,0,339
09/21/2013,BDL,CT,ANE,EN,Towers with Radar,106,52,23,1,182,0,0,6,0,6,106,52,29,1,188,0,0,0,188
09/22/2013,BDL,CT,ANE,EN,Towers with Radar,115,73,27,0,215,0,0,9,0,9,115,73,36,0,224,0,0,0,224
09/23/2013,BDL,CT,ANE,EN,Towers with Radar,135,78,43,0,256,0,0,22,0,22,135,78,65,0,278,2,0,2,280
09/24/2013,BDL,CT,ANE,EN,Towers with Radar,141,75,33,7,256,0,3,24,6,33,141,78,57,13,289,0,0,0,289
09/25/2013,BDL,CT,ANE,EN,Towers with Radar,151,78,35,3,267,0,0,23,5,28,151,78,58,8,295,0,0,0,295
09/26/2013,BDL,CT,ANE,EN,Towers with Radar,154,87,46,1,288,0,0,12,8,20,154,87,58,9,308,0,0,0,308
09/27/2013,BDL,CT,ANE,EN,Towers with Radar,155,80,29,1,265,0,0,27,0,27,155,80,56,1,292,0,0,0,292
09/28/2013,BDL,CT,ANE,EN,Towers with Radar,106,59,12,0,177,0,0,9,0,9,106,59,21,0,186,0,0,0,186
09/29/2013,BDL,CT,ANE,EN,Towers with Radar,120,85,15,0,220,0,0,11,0,11,120,85,26,0,231,0,0,0,231
09/30/2013,BDL,CT,ANE,EN,Towers with Radar,140,84,32,0,256,0,2,30,0,32,140,86,62,0,288,0,0,0,288
10/01/2013,BDL,CT,ANE,EN,Towers with Radar,152,71,24,0,247,0,1,25,0,26,152,72,49,0,273,0,0,0,273
10/02/2013,BDL,CT,ANE,EN,Towers with Radar,157,76,21,0,254,0,0,28,0,28,157,76,49,0,282,0,0,0,282
10/03/2013,BDL,CT,ANE,EN,Towers with Radar,163,74,38,0,275,0,0,26,0,26,163,74,64,0,301,0,0,0,301
10/04/2013,BDL,CT,ANE,EN,Towers with Radar,158,73,30,0,261,0,0,10,0,10,158,73,40,0,271,0,0,0,271
10/05/2013,BDL,CT,ANE,EN,Towers with Radar,108,56,21,0,185,0,0,7,0,7,108,56,28,0,192,0,0,0,192
10/06/2013,BDL,CT,ANE,EN,Towers with Radar,124,66,20,0,210,0,0,0,0,0,124,66,20,0,210,0,0,0,210
10/07/2013,BDL,CT,ANE,EN,Towers with Radar,153,73,34,0,260,0,0,6,0,6,153,73,40,0,266,0,0,0,266
10/08/2013,BDL,CT,ANE,EN,Towers with Radar,157,77,34,0,268,0,0,35,0,35,157,77,69,0,303,4,0,4,307
10/09/2013,BDL,CT,ANE,EN,Towers with Radar,158,89,39,0,286,0,1,37,0,38,158,90,76,0,324,0,0,0,324
10/10/2013,BDL,CT,ANE,EN,Towers with Radar,161,83,35,0,279,0,2,21,0,23,161,85,56,0,302,0,0,0,302
10/11/2013,BDL,CT,ANE,EN,Towers with Radar,156,74,33,0,263,0,0,11,4,15,156,74,44,4,278,0,0,0,278
10/12/2013,BDL,CT,ANE,EN,Towers with Radar,116,58,21,0,195,0,0,9,0,9,116,58,30,0,204,0,0,0,204
10/13/2013,BDL,CT,ANE,EN,Towers with Radar,123,63,20,0,206,0,0,11,0,11,123,63,31,0,217,0,0,0,217
10/14/2013,BDL,CT,ANE,EN,Towers with Radar,144,71,32,0,247,0,0,21,0,21,144,71,53,0,268,0,0,0,268
10/15/2013,BDL,CT,ANE,EN,Towers with Radar,160,66,32,0,258,0,0,19,0,19,160,66,51,0,277,0,0,0,277
10/16/2013,BDL,CT,ANE,EN,Towers with Radar,162,72,28,0,262,0,0,14,0,14,162,72,42,0,276,0,0,0,276
10/17/2013,BDL,CT,ANE,EN,Towers with Radar,164,84,37,0,285,0,0,11,0,11,164,84,48,0,296,0,0,0,296
10/18/2013,BDL,CT,ANE,EN,Towers with Radar,154,83,37,0,274,0,1,16,0,17,154,84,53,0,291,0,0,0,291
10/19/2013,BDL,CT,ANE,EN,Towers with Radar,114,54,17,0,185,0,0,25,0,25,114,54,42,0,210,0,0,0,210
10/20/2013,BDL,CT,ANE,EN,Towers with Radar,125,63,26,0,214,0,0,21,0,21,125,63,47,0,235,0,0,0,235
10/21/2013,BDL,CT,ANE,EN,Towers with Radar,147,69,18,0,234,0,0,16,0,16,147,69,34,0,250,0,0,0,250
10/22/2013,BDL,CT,ANE,EN,Towers with Radar,159,65,29,1,254,0,0,19,5,24,159,65,48,6,278,0,0,0,278
10/23/2013,BDL,CT,ANE,EN,Towers with Radar,156,75,28,11,270,0,0,26,7,33,156,75,54,18,303,0,0,0,303
10/24/2013,BDL,CT,ANE,EN,Towers with Radar,166,70,40,5,281,0,0,35,6,41,166,70,75,11,322,0,0,0,322
10/25/2013,BDL,CT,ANE,EN,Towers with Radar,165,77,23,0,265,0,3,17,3,23,165,80,40,3,288,0,0,0,288
10/26/2013,BDL,CT,ANE,EN,Towers with Radar,117,54,14,0,185,0,0,10,0,10,117,54,24,0,195,0,0,0,195
10/27/2013,BDL,CT,ANE,EN,Towers with Radar,127,56,18,0,201,0,0,20,0,20,127,56,38,0,221,0,0,0,221
10/28/2013,BDL,CT,ANE,EN,Towers with Radar,151,67,22,2,242,0,0,26,0,26,151,67,48,2,268,0,0,0,268
10/29/2013,BDL,CT,ANE,EN,Towers with Radar,169,69,25,3,266,0,0,36,7,43,169,69,61,10,309,0,0,0,309
10/30/2013,BDL,CT,ANE,EN,Towers with Radar,166,64,36,2,268,0,0,30,7,37,166,64,66,9,305,12,0,12,317
10/31/2013,BDL,CT,ANE,EN,Towers with Radar,159,67,37,4,267,0,0,1,0,1,159,67,38,4,268,0,0,0,268
11/01/2013,BDL,CT,ANE,EN,Towers with Radar,164,85,16,0,265,0,0,3,0,3,164,85,19,0,268,0,0,0,268
11/02/2013,BDL,CT,ANE,EN,Towers with Radar,117,43,24,0,184,0,1,39,0,40,117,44,63,0,224,0,0,0,224
11/03/2013,BDL,CT,ANE,EN,Towers with Radar,140,70,20,0,230,0,1,13,0,14,140,71,33,0,244,0,0,0,244
11/04/2013,BDL,CT,ANE,EN,Towers with Radar,159,74,21,1,255,0,0,30,1,31,159,74,51,2,286,0,0,0,286
11/05/2013,BDL,CT,ANE,EN,Towers with Radar,178,74,47,8,307,0,0,28,7,35,178,74,75,15,342,0,0,0,342
11/06/2013,BDL,CT,ANE,EN,Towers with Radar,178,64,42,4,288,0,0,30,5,35,178,64,72,9,323,0,0,0,323
11/07/2013,BDL,CT,ANE,EN,Towers with Radar,180,67,32,6,285,0,0,7,6,13,180,67,39,12,298,0,0,0,298
11/08/2013,BDL,CT,ANE,EN,Towers with Radar,170,63,23,3,259,0,0,14,2,16,170,63,37,5,275,0,0,0,275
11/09/2013,BDL,CT,ANE,EN,Towers with Radar,131,40,14,2,187,0,0,31,1,32,131,40,45,3,219,0,0,0,219
11/10/2013,BDL,CT,ANE,EN,Towers with Radar,139,56,21,0,216,0,0,6,0,6,139,56,27,0,222,0,0,0,222
11/11/2013,BDL,CT,ANE,EN,Towers with Radar,159,73,21,0,253,0,0,14,0,14,159,73,35,0,267,0,0,0,267
11/12/2013,BDL,CT,ANE,EN,Towers with Radar,182,79,38,5,304,0,0,10,1,11,182,79,48,6,315,12,0,12,327
11/13/2013,BDL,CT,ANE,EN,Towers with Radar,180,73,28,4,285,0,0,13,5,18,180,73,41,9,303,0,0,0,303
11/14/2013,BDL,CT,ANE,EN,Towers with Radar,178,77,45,7,307,0,0,13,11,24,178,77,58,18,331,0,0,0,331
11/15/2013,BDL,CT,ANE,EN,Towers with Radar,175,69,37,2,283,0,0,16,5,21,175,69,53,7,304,0,8,8,312
11/16/2013,BDL,CT,ANE,EN,Towers with Radar,127,45,14,3,189,0,0,22,4,26,127,45,36,7,215,0,0,0,215
11/17/2013,BDL,CT,ANE,EN,Towers with Radar,136,67,33,8,244,0,0,2,2,4,136,67,35,10,248,0,0,0,248
11/18/2013,BDL,CT,ANE,EN,Towers with Radar,165,66,31,3,265,0,0,10,0,10,165,66,41,3,275,0,0,0,275
11/19/2013,BDL,CT,ANE,EN,Towers with Radar,187,68,36,6,297,0,0,12,2,14,187,68,48,8,311,0,0,0,311
11/20/2013,BDL,CT,ANE,EN,Towers with Radar,180,65,27,2,274,0,0,25,9,34,180,65,52,11,308,9,0,9,317
11/21/2013,BDL,CT,ANE,EN,Towers with Radar,187,70,30,3,290,0,0,40,7,47,187,70,70,10,337,0,0,0,337
11/22/2013,BDL,CT,ANE,EN,Towers with Radar,193,70,42,4,309,0,0,5,0,5,193,70,47,4,314,0,0,0,314
11/23/2013,BDL,CT,ANE,EN,Towers with Radar,135,44,8,0,187,0,0,7,0,7,135,44,15,0,194,0,0,0,194
11/24/2013,BDL,CT,ANE,EN,Towers with Radar,143,56,13,0,212,0,0,1,0,1,143,56,14,0,213,0,0,0,213
11/25/2013,BDL,CT,ANE,EN,Towers with Radar,168,68,26,7,269,0,0,23,3,26,168,68,49,10,295,0,0,0,295
11/26/2013,BDL,CT,ANE,EN,Towers with Radar,192,69,32,10,303,0,0,11,1,12,192,69,43,11,315,4,0,4,319
11/27/2013,BDL,CT,ANE,EN,Towers with Radar,193,64,2,0,259,0,0,0,0,0,193,64,2,0,259,0,0,0,259
11/28/2013,BDL,CT,ANE,EN,Towers with Radar,102,27,1,0,130,0,0,6,0,6,102,27,7,0,136,0,0,0,136
11/29/2013,BDL,CT,ANE,EN,Towers with Radar,127,27,9,0,163,0,0,22,0,22,127,27,31,0,185,0,0,0,185
11/30/2013,BDL,CT,ANE,EN,Towers with Radar,152,49,14,0,215,0,0,13,0,13,152,49,27,0,228,5,0,5,233
12/01/2013,BDL,CT,ANE,EN,Towers with Radar,170,64,16,0,250,0,0,4,0,4,170,64,20,0,254,0,0,0,254
12/02/2013,BDL,CT,ANE,EN,Towers with Radar,180,75,35,8,298,0,0,6,0,6,180,75,41,8,304,0,6,6,310
12/03/2013,BDL,CT,ANE,EN,Towers with Radar,179,79,25,4,287,0,0,13,4,17,179,79,38,8,304,0,0,0,304
12/04/2013,BDL,CT,ANE,EN,Towers with Radar,174,72,23,3,272,0,0,30,8,38,174,72,53,11,310,0,0,0,310
12/05/2013,BDL,CT,ANE,EN,Towers with Radar,194,77,41,5,317,0,0,0,0,0,194,77,41,5,317,0,0,0,317
12/06/2013,BDL,CT,ANE,EN,Towers with Radar,159,67,35,1,262,0,0,8,2,10,159,67,43,3,272,0,0,0,272
12/07/2013,BDL,CT,ANE,EN,Towers with Radar,118,46,11,2,177,0,0,4,0,4,118,46,15,2,181,0,0,0,181
12/08/2013,BDL,CT,ANE,EN,Towers with Radar,131,46,14,0,191,0,0,14,0,14,131,46,28,0,205,0,0,0,205
12/09/2013,BDL,CT,ANE,EN,Towers with Radar,153,55,26,0,234,0,0,1,0,1,153,55,27,0,235,0,0,0,235
12/10/2013,BDL,CT,ANE,EN,Towers with Radar,171,71,36,0,278,0,0,4,0,4,171,71,40,0,282,0,0,0,282
12/11/2013,BDL,CT,ANE,EN,Towers with Radar,169,84,18,5,276,0,0,30,8,38,169,84,48,13,314,0,0,0,314
12/12/2013,BDL,CT,ANE,EN,Towers with Radar,171,68,23,0,262,0,0,26,9,35,171,68,49,9,297,6,0,6,303
12/13/2013,BDL,CT,ANE,EN,Towers with Radar,165,80,26,3,274,0,0,17,1,18,165,80,43,4,292,2,0,2,294
12/14/2013,BDL,CT,ANE,EN,Towers with Radar,94,36,11,0,141,0,0,0,0,0,94,36,11,0,141,0,0,0,141
12/15/2013,BDL,CT,ANE,EN,Towers with Radar,126,53,13,0,192,0,0,0,0,0,126,53,13,0,192,0,0,0,192
12/16/2013,BDL,CT,ANE,EN,Towers with Radar,159,78,39,4,280,0,0,7,0,7,159,78,46,4,287,0,0,0,287
12/17/2013,BDL,CT,ANE,EN,Towers with Radar,178,71,23,0,272,0,2,0,0,2,178,73,23,0,274,0,0,0,274
12/18/2013,BDL,CT,ANE,EN,Towers with Radar,185,82,54,11,332,0,0,35,13,48,185,82,89,24,380,0,0,0,380
12/19/2013,BDL,CT,ANE,EN,Towers with Radar,177,76,33,7,293,0,0,20,5,25,177,76,53,12,318,0,0,0,318
12/20/2013,BDL,CT,ANE,EN,Towers with Radar,176,77,23,2,278,0,0,15,0,15,176,77,38,2,293,0,0,0,293
12/21/2013,BDL,CT,ANE,EN,Towers with Radar,155,58,19,0,232,0,0,16,0,16,155,58,35,0,248,0,0,0,248
12/22/2013,BDL,CT,ANE,EN,Towers with Radar,154,48,5,0,207,0,0,0,0,0,154,48,5,0,207,0,0,0,207
12/23/2013,BDL,CT,ANE,EN,Towers with Radar,156,65,14,0,235,0,0,1,0,1,156,65,15,0,236,0,0,0,236
12/24/2013,BDL,CT,ANE,EN,Towers with Radar,135,40,5,0,180,0,0,6,0,6,135,40,11,0,186,0,0,0,186
12/25/2013,BDL,CT,ANE,EN,Towers with Radar,105,32,3,0,140,0,2,2,0,4,105,34,5,0,144,0,0,0,144
12/26/2013,BDL,CT,ANE,EN,Towers with Radar,179,78,16,0,273,0,0,0,0,0,179,78,16,0,273,0,0,0,273
12/27/2013,BDL,CT,ANE,EN,Towers with Radar,172,74,15,2,263,0,0,12,0,12,172,74,27,2,275,4,0,4,279
12/28/2013,BDL,CT,ANE,EN,Towers with Radar,144,63,7,0,214,0,0,8,0,8,144,63,15,0,222,0,0,0,222
12/29/2013,BDL,CT,ANE,EN,Towers with Radar,138,56,10,0,204,0,0,3,0,3,138,56,13,0,207,0,0,0,207
12/30/2013,BDL,CT,ANE,EN,Towers with Radar,160,62,16,1,239,0,0,6,1,7,160,62,22,2,246,0,0,0,246
12/31/2013,BDL,CT,ANE,EN,Towers with Radar,148,44,7,4,203,0,0,5,5,10,148,44,12,9,213,0,0,0,213
01/01/2014,BDL,CT,ANE,EN,Towers with Radar,122,43,10,0,175,0,1,6,0,7,122,44,16,0,182,0,0,0,182
01/02/2014,BDL,CT,ANE,EN,Towers with Radar,134,41,11,0,186,0,0,0,0,0,134,41,11,0,186,0,0,0,186
01/03/2014,BDL,CT,ANE,EN,Towers with Radar,108,36,6,0,150,0,1,1,0,2,108,37,7,0,152,0,0,0,152
01/04/2014,BDL,CT,ANE,EN,Towers with Radar,124,60,10,0,194,0,0,8,0,8,124,60,18,0,202,0,0,0,202
01/05/2014,BDL,CT,ANE,EN,Towers with Radar,122,43,22,0,187,0,0,1,0,1,122,43,23,0,188,0,0,0,188
01/06/2014,BDL,CT,ANE,EN,Towers with Radar,125,48,17,0,190,0,1,2,0,3,125,49,19,0,193,0,0,0,193
01/07/2014,BDL,CT,ANE,EN,Towers with Radar,148,54,17,4,223,0,4,1,3,8,148,58,18,7,231,4,0,4,235
01/08/2014,BDL,CT,ANE,EN,Towers with Radar,154,58,35,3,250,0,0,32,9,41,154,58,67,12,291,12,0,12,303
01/09/2014,BDL,CT,ANE,EN,Towers with Radar,161,81,24,4,270,0,0,19,11,30,161,81,43,15,300,12,0,12,312
01/10/2014,BDL,CT,ANE,EN,Towers with Radar,158,83,14,0,255,0,0,0,0,0,158,83,14,0,255,0,0,0,255
01/11/2014,BDL,CT,ANE,EN,Towers with Radar,115,52,13,4,184,0,0,1,0,1,115,52,14,4,185,0,0,0,185
01/12/2014,BDL,CT,ANE,EN,Towers with Radar,127,59,25,6,217,0,2,4,9,15,127,61,29,15,232,0,0,0,232
01/13/2014,BDL,CT,ANE,EN,Towers with Radar,141,72,33,1,247,0,2,18,2,22,141,74,51,3,269,0,0,0,269
01/14/2014,BDL,CT,ANE,EN,Towers with Radar,157,60,26,2,245,0,0,1,0,1,157,60,27,2,246,0,0,0,246
01/15/2014,BDL,CT,ANE,EN,Towers with Radar,166,71,41,5,283,0,0,16,10,26,166,71,57,15,309,0,0,0,309
01/16/2014,BDL,CT,ANE,EN,Towers with Radar,162,77,16,10,265,0,2,14,4,20,162,79,30,14,285,16,0,16,301
01/17/2014,BDL,CT,ANE,EN,Towers with Radar,156,83,18,7,264,0,0,23,4,27,156,83,41,11,291,0,0,0,291
01/18/2014,BDL,CT,ANE,EN,Towers with Radar,120,49,7,0,176,0,0,0,0,0,120,49,7,0,176,0,0,0,176
01/19/2014,BDL,CT,ANE,EN,Towers with Radar,119,53,15,0,187,0,0,6,0,6,119,53,21,0,193,0,0,0,193
01/20/2014,BDL,CT,ANE,EN,Towers with Radar,140,73,14,0,227,0,0,11,0,11,140,73,25,0,238,0,0,0,238
01/21/2014,BDL,CT,ANE,EN,Towers with Radar,124,53,36,2,215,0,0,6,3,9,124,53,42,5,224,0,0,0,224
01/22/2014,BDL,CT,ANE,EN,Towers with Radar,134,63,17,3,217,0,0,11,12,23,134,63,28,15,240,0,0,0,240
01/23/2014,BDL,CT,ANE,EN,Towers with Radar,158,78,20,4,260,0,0,23,13,36,158,78,43,17,296,4,0,4,300
01/24/2014,BDL,CT,ANE,EN,Towers with Radar,151,79,30,4,264,0,0,22,0,22,151,79,52,4,286,0,0,0,286
01/25/2014,BDL,CT,ANE,EN,Towers with Radar,115,48,12,0,175,0,0,5,0,5,115,48,17,0,180,0,0,0,180
01/26/2014,BDL,CT,ANE,EN,Towers with Radar,117,63,14,2,196,0,0,15,1,16,117,63,29,3,212,0,0,0,212
01/27/2014,BDL,CT,ANE,EN,Towers with Radar,140,75,19,0,234,0,0,16,0,16,140,75,35,0,250,0,0,0,250
01/28/2014,BDL,CT,ANE,EN,Towers with Radar,151,65,32,2,250,0,0,21,3,24,151,65,53,5,274,0,0,0,274
01/29/2014,BDL,CT,ANE,EN,Towers with Radar,142,62,40,2,246,0,0,34,9,43,142,62,74,11,289,0,0,0,289
01/30/2014,BDL,CT,ANE,EN,Towers with Radar,144,70,30,3,247,0,2,33,9,44,144,72,63,12,291,0,0,0,291
01/31/2014,BDL,CT,ANE,EN,Towers with Radar,151,85,30,3,269,0,0,22,3,25,151,85,52,6,294,0,2,2,296
02/01/2014,BDL,CT,ANE,EN,Towers with Radar,112,56,11,0,179,0,0,21,0,21,112,56,32,0,200,0,0,0,200
02/02/2014,BDL,CT,ANE,EN,Towers with Radar,109,50,15,0,174,0,0,2,0,2,109,50,17,0,176,0,0,0,176
02/03/2014,BDL,CT,ANE,EN,Towers with Radar,151,78,37,1,267,0,0,3,0,3,151,78,40,1,270,0,0,0,270
02/04/2014,BDL,CT,ANE,EN,Towers with Radar,150,61,32,5,248,0,0,28,10,38,150,61,60,15,286,0,0,0,286
02/05/2014,BDL,CT,ANE,EN,Towers with Radar,75,23,16,1,115,0,0,0,0,0,75,23,16,1,115,0,0,0,115
02/06/2014,BDL,CT,ANE,EN,Towers with Radar,171,86,31,9,297,0,1,20,22,43,171,87,51,31,340,0,0,0,340
02/07/2014,BDL,CT,ANE,EN,Towers with Radar,158,73,23,4,258,0,1,20,1,22,158,74,43,5,280,0,0,0,280
02/08/2014,BDL,CT,ANE,EN,Towers with Radar,119,44,16,0,179,0,0,16,12,28,119,44,32,12,207,4,0,4,211
02/09/2014,BDL,CT,ANE,EN,Towers with Radar,121,63,9,0,193,0,0,1,4,5,121,63,10,4,198,0,0,0,198
02/10/2014,BDL,CT,ANE,EN,Towers with Radar,144,76,31,0,251,0,0,10,0,10,144,76,41,0,261,0,0,0,261
02/11/2014,BDL,CT,ANE,EN,Towers with Radar,154,76,24,8,262,0,0,18,6,24,154,76,42,14,286,0,0,0,286
02/12/2014,BDL,CT,ANE,EN,Towers with Radar,134,67,37,6,244,0,0,27,13,40,134,67,64,19,284,0,0,0,284
02/13/2014,BDL,CT,ANE,EN,Towers with Radar,67,6,6,0,79,0,0,0,0,0,67,6,6,0,79,0,0,0,79
02/14/2014,BDL,CT,ANE,EN,Towers with Radar,141,66,41,0,248,0,2,5,0,7,141,68,46,0,255,0,0,0,255
02/15/2014,BDL,CT,ANE,EN,Towers with Radar,140,47,9,0,196,0,0,0,0,0,140,47,9,0,196,0,0,0,196
02/16/2014,BDL,CT,ANE,EN,Towers with Radar,125,51,8,0,184,0,0,6,0,6,125,51,14,0,190,0,0,0,190
02/17/2014,BDL,CT,ANE,EN,Towers with Radar,149,75,34,0,258,0,0,31,0,31,149,75,65,0,289,12,0,12,301
02/18/2014,BDL,CT,ANE,EN,Towers with Radar,168,76,27,3,274,0,3,0,0,3,168,79,27,3,277,0,0,0,277
02/19/2014,BDL,CT,ANE,EN,Towers with Radar,170,65,42,2,279,0,0,3,2,5,170,65,45,4,284,0,0,0,284
02/20/2014,BDL,CT,ANE,EN,Towers with Radar,155,79,30,9,273,0,0,30,10,40,155,79,60,19,313,0,0,0,313
02/21/2014,BDL,CT,ANE,EN,Towers with Radar,161,96,20,0,277,0,0,0,0,0,161,96,20,0,277,0,0,0,277
02/22/2014,BDL,CT,ANE,EN,Towers with Radar,149,51,14,0,214,0,0,13,0,13,149,51,27,0,227,0,0,0,227
02/23/2014,BDL,CT,ANE,EN,Towers with Radar,133,60,10,0,203,0,0,13,0,13,133,60,23,0,216,0,0,0,216
02/24/2014,BDL,CT,ANE,EN,Towers with Radar,147,78,26,3,254,0,0,14,1,15,147,78,40,4,269,0,0,0,269
02/25/2014,BDL,CT,ANE,EN,Towers with Radar,162,76,14,5,257,0,0,20,7,27,162,76,34,12,284,0,0,0,284
02/26/2014,BDL,CT,ANE,EN,Towers with Radar,164,66,30,5,265,0,0,11,10,21,164,66,41,15,286,0,0,0,286
02/27/2014,BDL,CT,ANE,EN,Towers with Radar,162,82,31,2,277,0,0,13,14,27,162,82,44,16,304,0,0,0,304
02/28/2014,BDL,CT,ANE,EN,Towers with Radar,166,81,37,5,289,0,2,18,5,25,166,83,55,10,314,0,0,0,314
03/01/2014,BDL,CT,ANE,EN,Towers with Radar,137,43,14,0,194,0,0,16,0,16,137,43,30,0,210,0,0,0,210
03/02/2014,BDL,CT,ANE,EN,Towers with Radar,131,58,23,4,216,0,0,4,1,5,131,58,27,5,221,0,0,0,221
03/03/2014,BDL,CT,ANE,EN,Towers with Radar,132,60,20,1,213,0,0,8,1,9,132,60,28,2,222,0,0,0,222
03/04/2014,BDL,CT,ANE,EN,Towers with Radar,167,77,30,4,278,0,0,22,2,24,167,77,52,6,302,0,0,0,302
03/05/2014,BDL,CT,ANE,EN,Towers with Radar,163,59,33,4,259,0,0,10,13,23,163,59,43,17,282,0,0,0,282
03/06/2014,BDL,CT,ANE,EN,Towers with Radar,162,67,40,13,282,0,0,34,11,45,162,67,74,24,327,0,0,0,327
03/07/2014,BDL,CT,ANE,EN,Towers with Radar,164,67,25,4,260,0,0,20,0,20,164,67,45,4,280,12,0,12,292
03/08/2014,BDL,CT,ANE,EN,Towers with Radar,131,53,14,2,200,0,0,16,13,29,131,53,30,15,229,0,0,0,229
03/09/2014,BDL,CT,ANE,EN,Towers with Radar,134,60,20,2,216,0,0,7,8,15,134,60,27,10,231,6,0,6,237
03/10/2014,BDL,CT,ANE,EN,Towers with Radar,149,74,24,1,248,0,0,10,0,10,149,74,34,1,258,0,0,0,258
03/11/2014,BDL,CT,ANE,EN,Towers with Radar,169,84,24,4,281,0,8,13,5,26,169,92,37,9,307,0,0,0,307
03/12/2014,BDL,CT,ANE,EN,Towers with Radar,159,56,37,0,252,0,0,7,2,9,159,56,44,2,261,0,0,0,261
03/13/2014,BDL,CT,ANE,EN,Towers with Radar,165,72,12,4,253,0,2,3,12,17,165,74,15,16,270,0,4,4,274
03/14/2014,BDL,CT,ANE,EN,Towers with Radar,166,69,19,1,255,0,6,35,2,43,166,75,54,3,298,21,0,21,319
03/15/2014,BDL,CT,ANE,EN,Towers with Radar,130,55,8,0,193,0,0,19,0,19,130,55,27,0,212,0,0,0,212
03/16/2014,BDL,CT,ANE,EN,Towers with Radar,134,59,15,3,211,0,0,13,0,13,134,59,28,3,224,0,0,0,224
03/17/2014,BDL,CT,ANE,EN,Towers with Radar,148,61,26,0,235,0,0,25,0,25,148,61,51,0,260,0,0,0,260
03/18/2014,BDL,CT,ANE,EN,Towers with Radar,170,76,21,2,269,0,0,22,10,32,170,76,43,12,301,0,0,0,301
03/19/2014,BDL,CT,ANE,EN,Towers with Radar,171,79,18,8,276,0,0,32,3,35,171,79,50,11,311,6,0,6,317
03/20/2014,BDL,CT,ANE,EN,Towers with Radar,167,75,26,3,271,1,0,25,12,38,168,75,51,15,309,0,0,0,309
03/21/2014,BDL,CT,ANE,EN,Towers with Radar,174,77,20,5,276,0,0,11,0,11,174,77,31,5,287,0,0,0,287
03/22/2014,BDL,CT,ANE,EN,Towers with Radar,132,59,10,0,201,0,0,12,0,12,132,59,22,0,213,0,0,0,213
03/23/2014,BDL,CT,ANE,EN,Towers with Radar,138,63,20,0,221,0,0,12,0,12,138,63,32,0,233,0,0,0,233
03/24/2014,BDL,CT,ANE,EN,Towers with Radar,152,78,33,0,263,0,4,18,0,22,152,82,51,0,285,0,0,0,285
03/25/2014,BDL,CT,ANE,EN,Towers with Radar,165,60,32,1,258,0,0,10,6,16,165,60,42,7,274,8,0,8,282
03/26/2014,BDL,CT,ANE,EN,Towers with Radar,163,72,25,0,260,0,0,4,11,15,163,72,29,11,275,0,0,0,275
03/27/2014,BDL,CT,ANE,EN,Towers with Radar,163,72,29,3,267,0,0,21,11,32,163,72,50,14,299,6,0,6,305
03/28/2014,BDL,CT,ANE,EN,Towers with Radar,162,84,37,17,300,0,0,10,0,10,162,84,47,17,310,14,0,14,324
03/29/2014,BDL,CT,ANE,EN,Towers with Radar,131,58,27,0,216,0,0,5,0,5,131,58,32,0,221,0,0,0,221
03/30/2014,BDL,CT,ANE,EN,Towers with Radar,133,60,33,0,226,0,0,0,0,0,133,60,33,0,226,0,0,0,226
03/31/2014,BDL,CT,ANE,EN,Towers with Radar,157,80,27,2,266,0,0,13,0,13,157,80,40,2,279,0,0,0,279
04/01/2014,BDL,CT,ANE,EN,Towers with Radar,181,61,25,4,271,0,0,27,5,32,181,61,52,9,303,0,0,0,303
04/02/2014,BDL,CT,ANE,EN,Towers with Radar,166,59,21,7,253,0,0,28,13,41,166,59,49,20,294,4,0,4,298
04/03/2014,BDL,CT,ANE,EN,Towers with Radar,174,54,36,5,269,0,0,22,16,38,174,54,58,21,307,0,0,0,307
04/04/2014,BDL,CT,ANE,EN,Towers with Radar,165,57,17,2,241,0,0,10,2,12,165,57,27,4,253,6,0,6,259
04/05/2014,BDL,CT,ANE,EN,Towers with Radar,145,42,23,0,210,0,0,11,0,11,145,42,34,0,221,0,0,0,221
04/06/2014,BDL,CT,ANE,EN,Towers with Radar,141,44,16,2,203,0,0,15,0,15,141,44,31,2,218,0,0,0,218
04/07/2014,BDL,CT,ANE,EN,Towers with Radar,159,64,20,2,245,0,0,17,0,17,159,64,37,2,262,0,0,0,262
04/08/2014,BDL,CT,ANE,EN,Towers with Radar,182,65,26,0,273,0,1,4,5,10,182,66,30,5,283,10,0,10,293
04/09/2014,BDL,CT,ANE,EN,Towers with Radar,173,59,30,2,264,0,0,17,4,21,173,59,47,6,285,0,0,0,285
04/10/2014,BDL,CT,ANE,EN,Towers with Radar,178,71,30,4,283,0,0,26,12,38,178,71,56,16,321,0,0,0,321
04/11/2014,BDL,CT,ANE,EN,Towers with Radar,174,69,34,2,279,0,0,10,5,15,174,69,44,7,294,0,0,0,294
04/12/2014,BDL,CT,ANE,EN,Towers with Radar,134,41,14,2,191,0,0,16,6,22,134,41,30,8,213,0,0,0,213
04/13/2014,BDL,CT,ANE,EN,Towers with Radar,141,47,20,1,209,0,0,15,8,23,141,47,35,9,232,0,0,0,232
04/14/2014,BDL,CT,ANE,EN,Towers with Radar,161,57,22,0,240,0,0,21,3,24,161,57,43,3,264,0,2,2,266
04/15/2014,BDL,CT,ANE,EN,Towers with Radar,177,62,17,2,258,0,0,0,0,0,177,62,17,2,258,0,0,0,258
04/16/2014,BDL,CT,ANE,EN,Towers with Radar,172,61,19,3,255,0,1,17,13,31,172,62,36,16,286,0,0,0,286
04/17/2014,BDL,CT,ANE,EN,Towers with Radar,177,54,29,10,270,0,1,25,14,40,177,55,54,24,310,0,0,0,310
04/18/2014,BDL,CT,ANE,EN,Towers with Radar,171,63,17,4,255,0,0,20,0,20,171,63,37,4,275,0,0,0,275
04/19/2014,BDL,CT,ANE,EN,Towers with Radar,126,42,17,0,185,0,0,14,0,14,126,42,31,0,199,0,0,0,199
04/20/2014,BDL,CT,ANE,EN,Towers with Radar,144,47,11,0,202,0,0,13,0,13,144,47,24,0,215,0,0,0,215
04/21/2014,BDL,CT,ANE,EN,Towers with Radar,166,56,23,0,245,0,0,17,0,17,166,56,40,0,262,0,0,0,262
04/22/2014,BDL,CT,ANE,EN,Towers with Radar,172,56,30,7,265,0,4,39,6,49,172,60,69,13,314,0,0,0,314
04/23/2014,BDL,CT,ANE,EN,Towers with Radar,172,67,39,6,284,0,0,11,14,25,172,67,50,20,309,0,0,0,309
04/24/2014,BDL,CT,ANE,EN,Towers with Radar,182,62,29,5,278,0,0,5,12,17,182,62,34,17,295,0,0,0,295
04/25/2014,BDL,CT,ANE,EN,Towers with Radar,170,59,25,2,256,0,0,30,4,34,170,59,55,6,290,0,0,0,290
04/26/2014,BDL,CT,ANE,EN,Towers with Radar,136,48,22,0,206,0,0,1,0,1,136,48,23,0,207,0,0,0,207
04/27/2014,BDL,CT,ANE,EN,Towers with Radar,140,48,21,2,211,0,0,15,0,15,140,48,36,2,226,0,0,0,226
04/28/2014,BDL,CT,ANE,EN,Towers with Radar,168,55,37,4,264,0,0,24,2,26,168,55,61,6,290,0,0,0,290
04/29/2014,BDL,CT,ANE,EN,Towers with Radar,182,55,24,6,267,0,0,11,3,14,182,55,35,9,281,0,0,0,281
04/30/2014,BDL,CT,ANE,EN,Towers with Radar,171,60,35,2,268,0,0,0,0,0,171,60,35,2,268,0,0,0,268
05/01/2014,BDL,CT,ANE,EN,Towers with Radar,179,74,42,7,302,0,0,7,3,10,179,74,49,10,312,0,0,0,312
05/02/2014,BDL,CT,ANE,EN,Towers with Radar,168,64,22,8,262,0,0,36,7,43,168,64,58,15,305,0,0,0,305
05/03/2014,BDL,CT,ANE,EN,Towers with Radar,128,40,14,3,185,0,0,12,0,12,128,40,26,3,197,0,0,0,197
05/04/2014,BDL,CT,ANE,EN,Towers with Radar,142,63,22,0,227,0,1,7,0,8,142,64,29,0,235,0,0,0,235
05/05/2014,BDL,CT,ANE,EN,Towers with Radar,158,56,34,0,248,0,0,18,0,18,158,56,52,0,266,0,0,0,266
05/06/2014,BDL,CT,ANE,EN,Towers with Radar,177,62,22,7,268,0,0,31,9,40,177,62,53,16,308,0,0,0,308
05/07/2014,BDL,CT,ANE,EN,Towers with Radar,178,62,43,7,290,0,0,35,19,54,178,62,78,26,344,0,0,0,344
05/08/2014,BDL,CT,ANE,EN,Towers with Radar,177,53,49,6,285,0,0,8,8,16,177,53,57,14,301,0,0,0,301
05/09/2014,BDL,CT,ANE,EN,Towers with Radar,172,55,37,1,265,0,0,0,0,0,172,55,37,1,265,0,0,0,265
05/10/2014,BDL,CT,ANE,EN,Towers with Radar,138,45,23,0,206,0,0,6,0,6,138,45,29,0,212,0,0,0,212
05/11/2014,BDL,CT,ANE,EN,Towers with Radar,143,42,33,0,218,0,0,31,0,31,143,42,64,0,249,0,0,0,249
05/12/2014,BDL,CT,ANE,EN,Towers with Radar,162,58,42,4,266,0,4,36,7,47,162,62,78,11,313,0,0,0,313
05/13/2014,BDL,CT,ANE,EN,Towers with Radar,165,58,29,3,255,0,0,21,14,35,165,58,50,17,290,0,0,0,290
05/14/2014,BDL,CT,ANE,EN,Towers with Radar,169,68,35,8,280,0,0,24,12,36,169,68,59,20,316,0,0,0,316
05/15/2014,BDL,CT,ANE,EN,Towers with Radar,183,61,45,15,304,0,0,4,3,7,183,61,49,18,311,0,0,0,311
05/16/2014,BDL,CT,ANE,EN,Towers with Radar,178,67,57,3,305,0,0,1,0,1,178,67,58,3,306,0,0,0,306
05/17/2014,BDL,CT,ANE,EN,Towers with Radar,133,38,26,3,200,0,0,20,16,36,133,38,46,19,236,0,0,0,236
05/18/2014,BDL,CT,ANE,EN,Towers with Radar,159,52,30,2,243,0,0,17,8,25,159,52,47,10,268,0,0,0,268
05/19/2014,BDL,CT,ANE,EN,Towers with Radar,182,59,28,4,273,0,0,18,0,18,182,59,46,4,291,0,0,0,291
05/20/2014,BDL,CT,ANE,EN,Towers with Radar,179,58,16,9,262,0,0,20,16,36,179,58,36,25,298,0,0,0,298
05/21/2014,BDL,CT,ANE,EN,Towers with Radar,176,61,26,6,269,0,9,32,21,62,176,70,58,27,331,0,0,0,331
05/22/2014,BDL,CT,ANE,EN,Towers with Radar,185,66,41,8,300,0,0,4,0,4,185,66,45,8,304,0,0,0,304
05/23/2014,BDL,CT,ANE,EN,Towers with Radar,181,67,34,2,284,0,0,1,0,1,181,67,35,2,285,0,0,0,285
05/24/2014,BDL,CT,ANE,EN,Towers with Radar,129,32,12,0,173,0,0,1,0,1,129,32,13,0,174,0,0,0,174
05/25/2014,BDL,CT,ANE,EN,Towers with Radar,122,32,11,0,165,0,2,9,0,11,122,34,20,0,176,0,0,0,176
05/26/2014,BDL,CT,ANE,EN,Towers with Radar,142,42,34,0,218,0,0,7,0,7,142,42,41,0,225,0,0,0,225
05/27/2014,BDL,CT,ANE,EN,Towers with Radar,163,50,26,6,245,0,0,9,6,15,163,50,35,12,260,0,0,0,260
05/28/2014,BDL,CT,ANE,EN,Towers with Radar,178,59,49,11,297,0,0,7,0,7,178,59,56,11,304,0,0,0,304
05/29/2014,BDL,CT,ANE,EN,Towers with Radar,181,60,19,8,268,0,0,32,21,53,181,60,51,29,321,0,0,0,321
05/30/2014,BDL,CT,ANE,EN,Towers with Radar,172,53,21,3,249,0,0,26,4,30,172,53,47,7,279,0,0,0,279
05/31/2014,BDL,CT,ANE,EN,Towers with Radar,134,33,20,1,188,0,0,6,0,6,134,33,26,1,194,0,0,0,194
06/01/2014,BDL,CT,ANE,EN,Towers with Radar,145,46,19,2,212,0,0,37,0,37,145,46,56,2,249,0,0,0,249
06/02/2014,BDL,CT,ANE,EN,Towers with Radar,172,52,27,0,251,0,0,28,0,28,172,52,55,0,279,0,0,0,279
06/03/2014,BDL,CT,ANE,EN,Towers with Radar,180,49,26,4,259,0,2,9,8,19,180,51,35,12,278,0,0,0,278
06/04/2014,BDL,CT,ANE,EN,Towers with Radar,187,58,25,8,278,0,0,13,17,30,187,58,38,25,308,0,0,0,308
06/05/2014,BDL,CT,ANE,EN,Towers with Radar,174,70,32,3,279,0,0,4,3,7,174,70,36,6,286,0,0,0,286
06/06/2014,BDL,CT,ANE,EN,Towers with Radar,173,66,29,3,271,0,0,23,5,28,173,66,52,8,299,0,0,0,299
06/07/2014,BDL,CT,ANE,EN,Towers with Radar,132,45,11,2,190,0,0,11,14,25,132,45,22,16,215,0,0,0,215
06/08/2014,BDL,CT,ANE,EN,Towers with Radar,144,64,18,4,230,0,1,16,5,22,144,65,34,9,252,0,0,0,252
06/09/2014,BDL,CT,ANE,EN,Towers with Radar,164,87,42,2,295,0,4,8,5,17,164,91,50,7,312,0,0,0,312
06/10/2014,BDL,CT,ANE,EN,Towers with Radar,183,80,41,5,309,0,0,4,3,7,183,80,45,8,316,0,0,0,316
06/11/2014,BDL,CT,ANE,EN,Towers with Radar,162,77,61,9,309,0,0,9,10,19,162,77,70,19,328,0,0,0,328
06/12/2014,BDL,CT,ANE,EN,Towers with Radar,174,73,46,7,300,0,2,0,0,2,174,75,46,7,302,0,0,0,302
06/13/2014,BDL,CT,ANE,EN,Towers with Radar,161,78,40,3,282,0,0,2,0,2,161,78,42,3,284,0,0,0,284
06/14/2014,BDL,CT,ANE,EN,Towers with Radar,135,47,49,6,237,0,0,33,7,40,135,47,82,13,277,0,0,0,277
06/15/2014,BDL,CT,ANE,EN,Towers with Radar,147,59,24,2,232,0,0,11,12,23,147,59,35,14,255,0,0,0,255
06/16/2014,BDL,CT,ANE,EN,Towers with Radar,152,78,29,5,264,0,0,19,7,26,152,78,48,12,290,4,0,4,294
06/17/2014,BDL,CT,ANE,EN,Towers with Radar,170,73,25,10,278,0,14,23,1,38,170,87,48,11,316,0,0,0,316
06/18/2014,BDL,CT,ANE,EN,Towers with Radar,168,69,27,0,264,0,0,16,13,29,168,69,43,13,293,12,0,12,305
06/19/2014,BDL,CT,ANE,EN,Towers with Radar,163,60,37,7,267,0,2,24,6,32,163,62,61,13,299,2,0,2,301
06/20/2014,BDL,CT,ANE,EN,Towers with Radar,174,74,37,1,286,0,0,24,0,24,174,74,61,1,310,0,0,0,310
06/21/2014,BDL,CT,ANE,EN,Towers with Radar,139,45,8,0,192,0,0,19,0,19,139,45,27,0,211,0,0,0,211
06/22/2014,BDL,CT,ANE,EN,Towers with Radar,145,62,22,0,229,0,0,21,0,21,145,62,43,0,250,1,0,1,251
06/23/2014,BDL,CT,ANE,EN,Towers with Radar,157,71,36,1,265,0,0,23,0,23,157,71,59,1,288,0,0,0,288
06/24/2014,BDL,CT,ANE,EN,Towers with Radar,172,75,30,11,288,0,2,17,5,24,172,77,47,16,312,0,0,0,312
06/25/2014,BDL,CT,ANE,EN,Towers with Radar,173,67,42,6,288,0,0,11,10,21,173,67,53,16,309,0,0,0,309
06/26/2014,BDL,CT,ANE,EN,Towers with Radar,182,68,32,5,287,0,0,20,8,28,182,68,52,13,315,0,0,0,315
06/27/2014,BDL,CT,ANE,EN,Towers with Radar,172,67,21,3,263,0,0,20,1,21,172,67,41,4,284,0,0,0,284
06/28/2014,BDL,CT,ANE,EN,Towers with Radar,144,44,7,1,196,0,0,12,0,12,144,44,19,1,208,0,0,0,208
06/29/2014,BDL,CT,ANE,EN,Towers with Radar,148,63,16,0,227,0,0,5,0,5,148,63,21,0,232,0,0,0,232
06/30/2014,BDL,CT,ANE,EN,Towers with Radar,153,55,38,4,250,0,0,25,2,27,153,55,63,6,277,0,0,0,277
07/01/2014,BDL,CT,ANE,EN,Towers with Radar,164,58,28,8,258,0,2,9,14,25,164,60,37,22,283,0,0,0,283
07/02/2014,BDL,CT,ANE,EN,Towers with Radar,170,58,20,0,248,0,0,10,0,10,170,58,30,0,258,0,0,0,258
07/03/2014,BDL,CT,ANE,EN,Towers with Radar,162,55,26,1,244,0,0,5,1,6,162,55,31,2,250,0,0,0,250
07/04/2014,BDL,CT,ANE,EN,Towers with Radar,123,35,17,0,175,0,0,0,0,0,123,35,17,0,175,0,0,0,175
07/05/2014,BDL,CT,ANE,EN,Towers with Radar,136,40,9,0,185,0,0,2,0,2,136,40,11,0,187,0,0,0,187
07/06/2014,BDL,CT,ANE,EN,Towers with Radar,144,61,15,0,220,0,1,6,0,7,144,62,21,0,227,0,0,0,227
07/07/2014,BDL,CT,ANE,EN,Towers with Radar,168,82,27,1,278,0,3,5,3,11,168,85,32,4,289,0,0,0,289
07/08/2014,BDL,CT,ANE,EN,Towers with Radar,169,66,27,9,271,0,2,13,6,21,169,68,40,15,292,0,0,0,292
07/09/2014,BDL,CT,ANE,EN,Towers with Radar,173,67,26,6,272,0,3,13,10,26,173,70,39,16,298,0,0,0,298
07/10/2014,BDL,CT,ANE,EN,Towers with Radar,172,67,23,4,266,0,2,36,11,49,172,69,59,15,315,0,8,8,323
07/11/2014,BDL,CT,ANE,EN,Towers with Radar,173,69,25,1,268,0,0,21,5,26,173,69,46,6,294,0,0,0,294
07/12/2014,BDL,CT,ANE,EN,Towers with Radar,139,45,14,1,199,0,0,5,1,6,139,45,19,2,205,0,0,0,205
07/13/2014,BDL,CT,ANE,EN,Towers with Radar,147,54,9,1,211,0,0,5,0,5,147,54,14,1,216,0,0,0,216
07/14/2014,BDL,CT,ANE,EN,Towers with Radar,173,63,28,0,264,0,0,14,0,14,173,63,42,0,278,0,0,0,278
07/15/2014,BDL,CT,ANE,EN,Towers with Radar,172,64,31,7,274,0,0,4,4,8,172,64,35,11,282,0,0,0,282
07/16/2014,BDL,CT,ANE,EN,Towers with Radar,175,67,31,1,274,0,0,11,19,30,175,67,42,20,304,0,0,0,304
07/17/2014,BDL,CT,ANE,EN,Towers with Radar,173,65,25,4,267,0,0,15,13,28,173,65,40,17,295,0,8,8,303
07/18/2014,BDL,CT,ANE,EN,Towers with Radar,172,63,32,1,268,0,0,22,8,30,172,63,54,9,298,0,0,0,298
07/19/2014,BDL,CT,ANE,EN,Towers with Radar,144,45,7,0,196,0,0,6,12,18,144,45,13,12,214,0,0,0,214
07/20/2014,BDL,CT,ANE,EN,Towers with Radar,145,60,23,3,231,0,0,24,20,44,145,60,47,23,275,0,0,0,275
07/21/2014,BDL,CT,ANE,EN,Towers with Radar,164,59,19,0,242,0,2,30,2,34,164,61,49,2,276,0,0,0,276
07/22/2014,BDL,CT,ANE,EN,Towers with Radar,175,63,25,5,268,0,1,21,12,34,175,64,46,17,302,4,0,4,306
07/23/2014,BDL,CT,ANE,EN,Towers with Radar,163,60,25,2,250,0,0,28,10,38,163,60,53,12,288,2,2,4,292
07/24/2014,BDL,CT,ANE,EN,Towers with Radar,175,80,39,4,298,0,5,23,17,45,175,85,62,21,343,0,0,0,343
07/25/2014,BDL,CT,ANE,EN,Towers with Radar,170,65,21,6,262,0,0,31,6,37,170,65,52,12,299,10,4,14,313
07/26/2014,BDL,CT,ANE,EN,Towers with Radar,148,44,23,0,215,0,0,16,0,16,148,44,39,0,231,0,0,0,231
07/27/2014,BDL,CT,ANE,EN,Towers with Radar,140,52,25,0,217,0,0,11,0,11,140,52,36,0,228,0,0,0,228
07/28/2014,BDL,CT,ANE,EN,Towers with Radar,165,68,21,0,254,0,0,1,0,1,165,68,22,0,255,0,0,0,255
07/29/2014,BDL,CT,ANE,EN,Towers with Radar,171,65,24,4,264,0,0,21,5,26,171,65,45,9,290,0,0,0,290
07/30/2014,BDL,CT,ANE,EN,Towers with Radar,174,65,25,2,266,0,2,28,15,45,174,67,53,17,311,0,0,0,311
07/31/2014,BDL,CT,ANE,EN,Towers with Radar,173,66,23,2,264,0,0,17,10,27,173,66,40,12,291,0,0,0,291
08/01/2014,BDL,CT,ANE,EN,Towers with Radar,164,58,37,0,259,0,0,7,3,10,164,58,44,3,269,0,0,0,269
08/02/2014,BDL,CT,ANE,EN,Towers with Radar,146,55,16,0,217,0,3,3,2,8,146,58,19,2,225,0,0,0,225
08/03/2014,BDL,CT,ANE,EN,Towers with Radar,143,66,16,0,225,0,0,5,0,5,143,66,21,0,230,0,0,0,230
08/04/2014,BDL,CT,ANE,EN,Towers with Radar,161,61,26,0,248,0,0,15,3,18,161,61,41,3,266,0,0,0,266
08/05/2014,BDL,CT,ANE,EN,Towers with Radar,175,62,32,3,272,0,0,21,2,23,175,62,53,5,295,0,0,0,295
08/06/2014,BDL,CT,ANE,EN,Towers with Radar,175,65,20,4,264,0,0,18,10,28,175,65,38,14,292,0,0,0,292
08/07/2014,BDL,CT,ANE,EN,Towers with Radar,169,65,33,2,269,0,0,17,2,19,169,65,50,4,288,0,0,0,288
08/08/2014,BDL,CT,ANE,EN,Towers with Radar,171,62,18,0,251,0,0,18,4,22,171,62,36,4,273,4,0,4,277
08/09/2014,BDL,CT,ANE,EN,Towers with Radar,144,43,14,6,207,0,0,21,17,38,144,43,35,23,245,0,0,0,245
08/10/2014,BDL,CT,ANE,EN,Towers with Radar,149,54,16,4,223,0,0,22,7,29,149,54,38,11,252,0,0,0,252
08/11/2014,BDL,CT,ANE,EN,Towers with Radar,156,67,21,0,244,0,0,26,0,26,156,67,47,0,270,0,0,0,270
08/12/2014,BDL,CT,ANE,EN,Towers with Radar,167,68,31,9,275,0,0,9,2,11,167,68,40,11,286,0,0,0,286
08/13/2014,BDL,CT,ANE,EN,Towers with Radar,178,68,23,11,280,0,0,7,7,14,178,68,30,18,294,0,0,0,294
08/14/2014,BDL,CT,ANE,EN,Towers with Radar,173,64,18,3,258,0,2,18,19,39,173,66,36,22,297,0,0,0,297
08/15/2014,BDL,CT,ANE,EN,Towers with Radar,166,64,14,1,245,0,0,22,10,32,166,64,36,11,277,0,0,0,277
08/16/2014,BDL,CT,ANE,EN,Towers with Radar,134,46,12,0,192,0,0,16,0,16,134,46,28,0,208,0,0,0,208
08/17/2014,BDL,CT,ANE,EN,Towers with Radar,142,54,20,0,216,0,0,6,0,6,142,54,26,0,222,0,0,0,222
08/18/2014,BDL,CT,ANE,EN,Towers with Radar,158,68,21,1,248,0,6,29,3,38,158,74,50,4,286,0,0,0,286
08/19/2014,BDL,CT,ANE,EN,Towers with Radar,176,57,33,17,283,0,0,15,2,17,176,57,48,19,300,0,0,0,300
08/20/2014,BDL,CT,ANE,EN,Towers with Radar,182,57,22,5,266,0,0,11,2,13,182,57,33,7,279,0,0,0,279
08/21/2014,BDL,CT,ANE,EN,Towers with Radar,172,62,24,12,270,0,0,18,12,30,172,62,42,24,300,0,0,0,300
08/22/2014,BDL,CT,ANE,EN,Towers with Radar,178,74,24,0,276,0,0,20,0,20,178,74,44,0,296,0,0,0,296
08/23/2014,BDL,CT,ANE,EN,Towers with Radar,137,41,11,0,189,0,4,12,0,16,137,45,23,0,205,0,0,0,205
08/24/2014,BDL,CT,ANE,EN,Towers with Radar,149,52,21,1,223,0,2,9,0,11,149,54,30,1,234,0,0,0,234
08/25/2014,BDL,CT,ANE,EN,Towers with Radar,162,55,22,0,239,0,0,17,0,17,162,55,39,0,256,0,0,0,256
08/26/2014,BDL,CT,ANE,EN,Towers with Radar,184,48,27,4,263,0,0,11,6,17,184,48,38,10,280,0,0,0,280
08/27/2014,BDL,CT,ANE,EN,Towers with Radar,188,66,32,4,290,0,0,25,9,34,188,66,57,13,324,0,0,0,324
08/28/2014,BDL,CT,ANE,EN,Towers with Radar,182,63,26,4,275,0,0,14,10,24,182,63,40,14,299,0,0,0,299
08/29/2014,BDL,CT,ANE,EN,Towers with Radar,172,65,25,0,262,0,0,16,0,16,172,65,41,0,278,0,0,0,278
08/30/2014,BDL,CT,ANE,EN,Towers with Radar,127,37,15,0,179,0,0,4,0,4,127,37,19,0,183,0,0,0,183
08/31/2014,BDL,CT,ANE,EN,Towers with Radar,119,28,7,0,154,0,0,1,0,1,119,28,8,0,155,0,0,0,155
09/01/2014,BDL,CT,ANE,EN,Towers with Radar,147,40,21,0,208,0,0,4,0,4,147,40,25,0,212,0,0,0,212
09/02/2014,BDL,CT,ANE,EN,Towers with Radar,159,51,35,0,245,0,0,21,5,26,159,51,56,5,271,6,0,6,277
09/03/2014,BDL,CT,ANE,EN,Towers with Radar,188,58,29,1,276,0,0,34,19,53,188,58,63,20,329,12,0,12,341
09/04/2014,BDL,CT,ANE,EN,Towers with Radar,193,55,25,1,274,0,2,25,12,39,193,57,50,13,313,0,0,0,313
09/05/2014,BDL,CT,ANE,EN,Towers with Radar,155,52,42,0,249,0,0,14,6,20,155,52,56,6,269,0,0,0,269
09/06/2014,BDL,CT,ANE,EN,Towers with Radar,119,40,15,1,175,0,0,3,0,3,119,40,18,1,178,0,0,0,178
09/07/2014,BDL,CT,ANE,EN,Towers with Radar,139,47,19,0,205,0,0,16,0,16,139,47,35,0,221,0,0,0,221
09/08/2014,BDL,CT,ANE,EN,Towers with Radar,157,65,30,0,252,0,3,19,0,22,157,68,49,0,274,0,0,0,274
09/09/2014,BDL,CT,ANE,EN,Towers with Radar,174,70,36,0,280,0,0,25,1,26,174,70,61,1,306,0,0,0,306
09/10/2014,BDL,CT,ANE,EN,Towers with Radar,180,57,27,5,269,0,0,30,8,38,180,57,57,13,307,0,0,0,307
09/11/2014,BDL,CT,ANE,EN,Towers with Radar,178,69,32,6,285,0,0,18,12,30,178,69,50,18,315,0,6,6,321
09/12/2014,BDL,CT,ANE,EN,Towers with Radar,165,60,28,1,254,0,0,16,7,23,165,60,44,8,277,0,0,0,277
09/13/2014,BDL,CT,ANE,EN,Towers with Radar,129,40,23,0,192,0,0,8,0,8,129,40,31,0,200,2,0,2,202
09/14/2014,BDL,CT,ANE,EN,Towers with Radar,142,38,22,0,202,0,0,16,0,16,142,38,38,0,218,0,0,0,218
09/15/2014,BDL,CT,ANE,EN,Towers with Radar,163,59,29,2,253,0,0,16,0,16,163,59,45,2,269,2,0,2,271
09/16/2014,BDL,CT,ANE,EN,Towers with Radar,170,55,33,10,268,0,2,17,3,22,170,57,50,13,290,0,0,0,290
09/17/2014,BDL,CT,ANE,EN,Towers with Radar,177,57,23,4,261,0,0,15,12,27,177,57,38,16,288,0,0,0,288
09/18/2014,BDL,CT,ANE,EN,Towers with Radar,177,51,40,5,273,0,0,53,6,59,177,51,93,11,332,0,0,0,332
09/19/2014,BDL,CT,ANE,EN,Towers with Radar,166,67,27,0,260,0,2,25,0,27,166,69,52,0,287,0,0,0,287
09/20/2014,BDL,CT,ANE,EN,Towers with Radar,131,38,18,0,187,0,1,8,0,9,131,39,26,0,196,2,0,2,198
09/21/2014,BDL,CT,ANE,EN,Towers with Radar,159,46,18,0,223,0,4,8,0,12,159,50,26,0,235,0,0,0,235
09/22/2014,BDL,CT,ANE,EN,Towers with Radar,167,47,33,0,247,0,0,37,0,37,167,47,70,0,284,0,0,0,284
09/23/2014,BDL,CT,ANE,EN,Towers with Radar,178,46,40,3,267,0,0,34,2,36,178,46,74,5,303,0,0,0,303
09/24/2014,BDL,CT,ANE,EN,Towers with Radar,180,54,40,1,275,0,0,28,4,32,180,54,68,5,307,9,0,9,316
09/25/2014,BDL,CT,ANE,EN,Towers with Radar,175,47,30,4,256,0,0,7,0,7,175,47,37,4,263,0,0,0,263
09/26/2014,BDL,CT,ANE,EN,Towers with Radar,158,57,21,3,239,0,2,19,0,21,158,59,40,3,260,0,0,0,260
09/27/2014,BDL,CT,ANE,EN,Towers with Radar,117,32,5,0,154,0,0,19,0,19,117,32,24,0,173,0,0,0,173
09/28/2014,BDL,CT,ANE,EN,Towers with Radar,137,43,21,0,201,0,2,19,0,21,137,45,40,0,222,0,0,0,222
09/29/2014,BDL,CT,ANE,EN,Towers with Radar,165,60,35,0,260,0,0,25,0,25,165,60,60,0,285,0,0,0,285
09/30/2014,BDL,CT,ANE,EN,Towers with Radar,177,62,60,6,305,0,0,8,2,10,177,62,68,8,315,0,0,0,315
10/01/2014,BDL,CT,ANE,EN,Towers with Radar,169,64,64,8,305,0,0,1,0,1,169,64,65,8,306,0,0,0,306
10/02/2014,BDL,CT,ANE,EN,Towers with Radar,172,43,56,6,277,0,0,1,1,2,172,43,57,7,279,0,2,2,281
10/03/2014,BDL,CT,ANE,EN,Towers with Radar,171,61,32,0,264,0,0,32,2,34,171,61,64,2,298,0,0,0,298
10/04/2014,BDL,CT,ANE,EN,Towers with Radar,131,32,14,1,178,0,0,0,0,0,131,32,14,1,178,0,0,0,178
10/05/2014,BDL,CT,ANE,EN,Towers with Radar,138,50,23,4,215,0,0,27,6,33,138,50,50,10,248,0,0,0,248
10/06/2014,BDL,CT,ANE,EN,Towers with Radar,164,52,36,0,252,0,0,25,0,25,164,52,61,0,277,0,0,0,277
10/07/2014,BDL,CT,ANE,EN,Towers with Radar,183,48,32,5,268,0,3,18,3,24,183,51,50,8,292,0,0,0,292
10/08/2014,BDL,CT,ANE,EN,Towers with Radar,184,51,38,4,277,0,0,35,9,44,184,51,73,13,321,0,0,0,321
10/09/2014,BDL,CT,ANE,EN,Towers with Radar,179,57,52,8,296,0,1,25,7,33,179,58,77,15,329,0,0,0,329
10/10/2014,BDL,CT,ANE,EN,Towers with Radar,177,66,34,1,278,0,0,23,0,23,177,66,57,1,301,0,0,0,301
10/11/2014,BDL,CT,ANE,EN,Towers with Radar,134,36,30,0,200,0,0,4,0,4,134,36,34,0,204,0,0,0,204
10/12/2014,BDL,CT,ANE,EN,Towers with Radar,137,50,13,0,200,0,0,5,0,5,137,50,18,0,205,0,0,0,205
10/13/2014,BDL,CT,ANE,EN,Towers with Radar,171,40,45,0,256,0,0,7,0,7,171,40,52,0,263,0,0,0,263
10/14/2014,BDL,CT,ANE,EN,Towers with Radar,182,57,44,4,287,0,0,13,3,16,182,57,57,7,303,0,0,0,303
10/15/2014,BDL,CT,ANE,EN,Towers with Radar,180,72,32,5,289,0,0,11,8,19,180,72,43,13,308,0,0,0,308
10/16/2014,BDL,CT,ANE,EN,Towers with Radar,181,50,42,5,278,0,0,2,0,2,181,50,44,5,280,0,0,0,280
10/17/2014,BDL,CT,ANE,EN,Towers with Radar,176,48,38,0,262,0,0,18,2,20,176,48,56,2,282,0,0,0,282
10/18/2014,BDL,CT,ANE,EN,Towers with Radar,132,29,23,0,184,0,0,12,0,12,132,29,35,0,196,0,0,0,196
10/19/2014,BDL,CT,ANE,EN,Towers with Radar,138,41,25,1,205,0,0,11,0,11,138,41,36,1,216,0,0,0,216
10/20/2014,BDL,CT,ANE,EN,Towers with Radar,172,52,18,0,242,0,2,15,0,17,172,54,33,0,259,0,0,0,259
10/21/2014,BDL,CT,ANE,EN,Towers with Radar,178,54,16,4,252,0,0,19,6,25,178,54,35,10,277,2,0,2,279
10/22/2014,BDL,CT,ANE,EN,Towers with Radar,184,53,44,14,295,0,0,5,2,7,184,53,49,16,302,0,0,0,302
10/23/2014,BDL,CT,ANE,EN,Towers with Radar,181,47,36,6,270,0,0,5,0,5,181,47,41,6,275,0,0,0,275
10/24/2014,BDL,CT,ANE,EN,Towers with Radar,193,63,46,4,306,0,0,12,0,12,193,63,58,4,318,0,0,0,318
10/25/2014,BDL,CT,ANE,EN,Towers with Radar,132,31,11,4,178,0,0,16,7,23,132,31,27,11,201,0,0,0,201
10/26/2014,BDL,CT,ANE,EN,Towers with Radar,142,47,23,2,214,0,0,8,3,11,142,47,31,5,225,0,0,0,225
10/27/2014,BDL,CT,ANE,EN,Towers with Radar,168,61,19,0,248,0,1,16,1,18,168,62,35,1,266,0,0,0,266
10/28/2014,BDL,CT,ANE,EN,Towers with Radar,176,53,27,7,263,0,0,25,8,33,176,53,52,15,296,0,0,0,296
10/29/2014,BDL,CT,ANE,EN,Towers with Radar,177,55,40,12,284,0,0,10,12,22,177,55,50,24,306,0,0,0,306
10/30/2014,BDL,CT,ANE,EN,Towers with Radar,176,61,21,7,265,0,0,31,19,50,176,61,52,26,315,0,0,0,315
10/31/2014,BDL,CT,ANE,EN,Towers with Radar,154,71,44,0,269,0,0,23,4,27,154,71,67,4,296,0,0,0,296
11/01/2014,BDL,CT,ANE,EN,Towers with Radar,125,44,12,2,183,0,0,0,0,0,125,44,12,2,183,0,0,0,183
11/02/2014,BDL,CT,ANE,EN,Towers with Radar,136,55,16,0,207,0,0,7,2,9,136,55,23,2,216,0,0,0,216
11/03/2014,BDL,CT,ANE,EN,Towers with Radar,175,70,33,1,279,0,0,34,0,34,175,70,67,1,313,0,0,0,313
11/04/2014,BDL,CT,ANE,EN,Towers with Radar,183,59,29,6,277,0,0,22,15,37,183,59,51,21,314,0,0,0,314
11/05/2014,BDL,CT,ANE,EN,Towers with Radar,184,63,33,2,282,0,0,21,17,38,184,63,54,19,320,0,0,0,320
11/06/2014,BDL,CT,ANE,EN,Towers with Radar,180,66,28,18,292,0,0,4,0,4,180,66,32,18,296,0,0,0,296
11/07/2014,BDL,CT,ANE,EN,Towers with Radar,177,79,30,4,290,0,0,14,1,15,177,79,44,5,305,0,0,0,305
11/08/2014,BDL,CT,ANE,EN,Towers with Radar,125,42,11,5,183,0,3,22,9,34,125,45,33,14,217,0,0,0,217
11/09/2014,BDL,CT,ANE,EN,Towers with Radar,146,53,19,1,219,0,0,15,10,25,146,53,34,11,244,0,0,0,244
11/10/2014,BDL,CT,ANE,EN,Towers with Radar,163,77,24,0,264,0,1,26,0,27,163,78,50,0,291,0,0,0,291
11/11/2014,BDL,CT,ANE,EN,Towers with Radar,185,71,31,0,287,0,0,18,0,18,185,71,49,0,305,0,0,0,305
11/12/2014,BDL,CT,ANE,EN,Towers with Radar,182,63,30,7,282,0,0,11,14,25,182,63,41,21,307,0,0,0,307
11/13/2014,BDL,CT,ANE,EN,Towers with Radar,178,66,27,3,274,0,2,14,17,33,178,68,41,20,307,0,0,0,307
11/14/2014,BDL,CT,ANE,EN,Towers with Radar,175,67,21,1,264,0,2,23,6,31,175,69,44,7,295,0,0,0,295
11/15/2014,BDL,CT,ANE,EN,Towers with Radar,128,41,18,0,187,0,0,10,0,10,128,41,28,0,197,0,0,0,197
11/16/2014,BDL,CT,ANE,EN,Towers with Radar,142,49,16,0,207,0,0,10,2,12,142,49,26,2,219,0,0,0,219
11/17/2014,BDL,CT,ANE,EN,Towers with Radar,158,70,30,0,258,0,0,0,0,0,158,70,30,0,258,0,0,0,258
11/18/2014,BDL,CT,ANE,EN,Towers with Radar,189,59,37,0,285,0,0,18,11,29,189,59,55,11,314,0,0,0,314
11/19/2014,BDL,CT,ANE,EN,Towers with Radar,182,68,22,3,275,0,0,28,11,39,182,68,50,14,314,0,0,0,314
11/20/2014,BDL,CT,ANE,EN,Towers with Radar,189,64,50,5,308,0,0,20,9,29,189,64,70,14,337,0,0,0,337
11/21/2014,BDL,CT,ANE,EN,Towers with Radar,178,70,29,1,278,0,1,19,0,20,178,71,48,1,298,0,0,0,298
11/22/2014,BDL,CT,ANE,EN,Towers with Radar,131,44,15,1,191,0,0,19,0,19,131,44,34,1,210,0,0,0,210
11/23/2014,BDL,CT,ANE,EN,Towers with Radar,134,50,22,0,206,0,0,15,0,15,134,50,37,0,221,0,0,0,221
11/24/2014,BDL,CT,ANE,EN,Towers with Radar,152,57,24,1,234,0,0,1,0,1,152,57,25,1,235,0,0,0,235
11/25/2014,BDL,CT,ANE,EN,Towers with Radar,179,55,40,2,276,0,0,21,10,31,179,55,61,12,307,0,0,0,307
11/26/2014,BDL,CT,ANE,EN,Towers with Radar,157,41,8,0,206,0,0,0,0,0,157,41,8,0,206,0,0,0,206
11/27/2014,BDL,CT,ANE,EN,Towers with Radar,99,31,2,0,132,0,0,2,0,2,99,31,4,0,134,0,0,0,134
11/28/2014,BDL,CT,ANE,EN,Towers with Radar,125,42,13,0,180,0,0,11,0,11,125,42,24,0,191,0,0,0,191
11/29/2014,BDL,CT,ANE,EN,Towers with Radar,148,46,18,2,214,0,0,11,0,11,148,46,29,2,225,0,0,0,225
11/30/2014,BDL,CT,ANE,EN,Towers with Radar,183,63,19,0,265,0,0,13,0,13,183,63,32,0,278,0,0,0,278
12/01/2014,BDL,CT,ANE,EN,Towers with Radar,188,69,32,2,291,0,0,25,2,27,188,69,57,4,318,0,0,0,318
12/02/2014,BDL,CT,ANE,EN,Towers with Radar,181,60,30,6,277,0,0,11,3,14,181,60,41,9,291,0,0,0,291
12/03/2014,BDL,CT,ANE,EN,Towers with Radar,177,70,33,2,282,0,0,1,0,1,177,70,34,2,283,0,0,0,283
12/04/2014,BDL,CT,ANE,EN,Towers with Radar,174,60,24,4,262,0,0,18,20,38,174,60,42,24,300,0,0,0,300
12/05/2014,BDL,CT,ANE,EN,Towers with Radar,175,75,33,4,287,0,0,14,4,18,175,75,47,8,305,0,0,0,305
12/06/2014,BDL,CT,ANE,EN,Towers with Radar,111,38,12,2,163,0,1,0,0,1,111,39,12,2,164,0,0,0,164
12/07/2014,BDL,CT,ANE,EN,Towers with Radar,145,46,14,1,206,0,0,11,1,12,145,46,25,2,218,0,0,0,218
12/08/2014,BDL,CT,ANE,EN,Towers with Radar,161,72,25,2,260,0,0,11,0,11,161,72,36,2,271,0,0,0,271
12/09/2014,BDL,CT,ANE,EN,Towers with Radar,177,66,28,0,271,0,0,0,0,0,177,66,28,0,271,0,0,0,271
12/10/2014,BDL,CT,ANE,EN,Towers with Radar,177,67,33,1,278,0,0,0,0,0,177,67,33,1,278,0,0,0,278
12/11/2014,BDL,CT,ANE,EN,Towers with Radar,176,58,26,5,265,0,0,4,14,18,176,58,30,19,283,0,0,0,283
12/12/2014,BDL,CT,ANE,EN,Towers with Radar,175,62,24,2,263,0,1,7,0,8,175,63,31,2,271,0,0,0,271
12/13/2014,BDL,CT,ANE,EN,Towers with Radar,116,42,14,2,174,0,0,7,17,24,116,42,21,19,198,0,0,0,198
12/14/2014,BDL,CT,ANE,EN,Towers with Radar,145,46,15,1,207,0,0,11,0,11,145,46,26,1,218,0,0,0,218
12/15/2014,BDL,CT,ANE,EN,Towers with Radar,164,68,27,0,259,0,0,15,0,15,164,68,42,0,274,0,0,0,274
12/16/2014,BDL,CT,ANE,EN,Towers with Radar,177,61,29,0,267,0,0,1,2,3,177,61,30,2,270,0,0,0,270
12/17/2014,BDL,CT,ANE,EN,Towers with Radar,181,70,20,5,276,0,0,12,20,32,181,70,32,25,308,0,0,0,308
12/18/2014,BDL,CT,ANE,EN,Towers with Radar,169,64,18,4,255,0,0,16,18,34,169,64,34,22,289,0,0,0,289
12/19/2014,BDL,CT,ANE,EN,Towers with Radar,168,82,33,2,285,0,0,16,2,18,168,82,49,4,303,0,0,0,303
12/20/2014,BDL,CT,ANE,EN,Towers with Radar,148,59,19,1,227,0,0,3,9,12,148,59,22,10,239,0,10,10,249
12/21/2014,BDL,CT,ANE,EN,Towers with Radar,151,57,19,2,229,0,0,1,0,1,151,57,20,2,230,0,0,0,230
12/22/2014,BDL,CT,ANE,EN,Towers with Radar,157,60,22,0,239,0,4,2,0,6,157,64,24,0,245,0,0,0,245
12/23/2014,BDL,CT,ANE,EN,Towers with Radar,176,56,22,0,254,0,0,0,0,0,176,56,22,0,254,0,0,0,254
12/24/2014,BDL,CT,ANE,EN,Towers with Radar,149,46,8,0,203,0,0,0,0,0,149,46,8,0,203,0,0,0,203
12/25/2014,BDL,CT,ANE,EN,Towers with Radar,108,24,6,0,138,0,0,0,0,0,108,24,6,0,138,0,0,0,138
12/26/2014,BDL,CT,ANE,EN,Towers with Radar,154,60,21,0,235,0,0,17,0,17,154,60,38,0,252,0,0,0,252
12/27/2014,BDL,CT,ANE,EN,Towers with Radar,147,53,22,0,222,0,0,30,0,30,147,53,52,0,252,0,0,0,252
12/28/2014,BDL,CT,ANE,EN,Towers with Radar,146,52,10,0,208,0,0,3,0,3,146,52,13,0,211,0,0,0,211
12/29/2014,BDL,CT,ANE,EN,Towers with Radar,153,62,6,0,221,0,0,2,0,2,153,62,8,0,223,0,0,0,223
12/30/2014,BDL,CT,ANE,EN,Towers with Radar,166,61,10,5,242,0,0,30,10,40,166,61,40,15,282,2,0,2,284
12/31/2014,BDL,CT,ANE,EN,Towers with Radar,138,38,4,2,182,0,0,12,4,16,138,38,16,6,198,0,0,0,198
01/01/2015,BDL,CT,ANE,EN,Towers with Radar,110,40,6,0,156,0,0,13,0,13,110,40,19,0,169,0,0,0,169
01/02/2015,BDL,CT,ANE,EN,Towers with Radar,151,61,20,1,233,0,0,8,0,8,151,61,28,1,241,0,0,0,241
01/03/2015,BDL,CT,ANE,EN,Towers with Radar,135,53,6,1,195,0,0,2,0,2,135,53,8,1,197,0,0,0,197
01/04/2015,BDL,CT,ANE,EN,Towers with Radar,130,54,24,3,211,0,0,0,0,0,130,54,24,3,211,0,0,0,211
01/05/2015,BDL,CT,ANE,EN,Towers with Radar,156,73,13,0,242,0,0,5,2,7,156,73,18,2,249,0,0,0,249
01/06/2015,BDL,CT,ANE,EN,Towers with Radar,145,57,19,0,221,0,1,3,1,5,145,58,22,1,226,0,0,0,226
01/07/2015,BDL,CT,ANE,EN,Towers with Radar,154,62,25,5,246,0,0,3,6,9,154,62,28,11,255,0,0,0,255
01/08/2015,BDL,CT,ANE,EN,Towers with Radar,156,70,22,4,252,0,1,25,14,40,156,71,47,18,292,0,0,0,292
01/09/2015,BDL,CT,ANE,EN,Towers with Radar,149,65,23,1,238,0,0,9,0,9,149,65,32,1,247,0,0,0,247
01/10/2015,BDL,CT,ANE,EN,Towers with Radar,119,45,13,4,181,0,0,21,14,35,119,45,34,18,216,8,0,8,224
01/11/2015,BDL,CT,ANE,EN,Towers with Radar,124,49,22,11,206,0,0,16,10,26,124,49,38,21,232,0,0,0,232
01/12/2015,BDL,CT,ANE,EN,Towers with Radar,140,59,15,0,214,0,0,0,0,0,140,59,15,0,214,0,0,0,214
01/13/2015,BDL,CT,ANE,EN,Towers with Radar,155,58,22,5,240,0,0,15,5,20,155,58,37,10,260,0,4,4,264
01/14/2015,BDL,CT,ANE,EN,Towers with Radar,157,65,27,3,252,0,0,11,12,23,157,65,38,15,275,6,0,6,281
01/15/2015,BDL,CT,ANE,EN,Towers with Radar,152,68,42,1,263,0,0,24,12,36,152,68,66,13,299,0,0,0,299
01/16/2015,BDL,CT,ANE,EN,Towers with Radar,150,71,11,0,232,0,0,5,1,6,150,71,16,1,238,0,0,0,238
01/17/2015,BDL,CT,ANE,EN,Towers with Radar,120,47,15,0,182,0,2,10,0,12,120,49,25,0,194,0,0,0,194
01/18/2015,BDL,CT,ANE,EN,Towers with Radar,113,48,17,0,178,0,0,0,0,0,113,48,17,0,178,0,0,0,178
01/19/2015,BDL,CT,ANE,EN,Towers with Radar,140,70,18,0,228,0,0,11,7,18,140,70,29,7,246,0,0,0,246
01/20/2015,BDL,CT,ANE,EN,Towers with Radar,155,70,22,4,251,0,0,18,21,39,155,70,40,25,290,0,0,0,290
01/21/2015,BDL,CT,ANE,EN,Towers with Radar,154,65,20,9,248,0,0,9,32,41,154,65,29,41,289,0,0,0,289
01/22/2015,BDL,CT,ANE,EN,Towers with Radar,161,67,20,5,253,0,1,24,18,43,161,68,44,23,296,0,0,0,296
01/23/2015,BDL,CT,ANE,EN,Towers with Radar,147,72,13,4,236,0,0,27,13,40,147,72,40,17,276,0,0,0,276
01/24/2015,BDL,CT,ANE,EN,Towers with Radar,105,37,7,1,150,0,0,0,0,0,105,37,7,1,150,0,0,0,150
01/25/2015,BDL,CT,ANE,EN,Towers with Radar,126,54,18,5,203,0,0,14,0,14,126,54,32,5,217,0,0,0,217
01/26/2015,BDL,CT,ANE,EN,Towers with Radar,103,49,21,1,174,0,0,2,0,2,103,49,23,1,176,0,0,0,176
01/27/2015,BDL,CT,ANE,EN,Towers with Radar,7,2,0,0,9,0,0,0,0,0,7,2,0,0,9,0,0,0,9
01/28/2015,BDL,CT,ANE,EN,Towers with Radar,123,65,28,0,216,0,2,3,13,18,123,67,31,13,234,0,0,0,234
01/29/2015,BDL,CT,ANE,EN,Towers with Radar,166,64,23,3,256,0,2,34,11,47,166,66,57,14,303,10,0,10,313
01/30/2015,BDL,CT,ANE,EN,Towers with Radar,147,68,32,9,256,0,0,3,0,3,147,68,35,9,259,0,0,0,259
01/31/2015,BDL,CT,ANE,EN,Towers with Radar,120,49,15,0,184,0,0,2,0,2,120,49,17,0,186,0,0,0,186
02/01/2015,BDL,CT,ANE,EN,Towers with Radar,97,31,19,0,147,0,0,9,0,9,97,31,28,0,156,0,0,0,156
02/02/2015,BDL,CT,ANE,EN,Towers with Radar,54,23,9,0,86,0,0,0,0,0,54,23,9,0,86,0,0,0,86
02/03/2015,BDL,CT,ANE,EN,Towers with Radar,151,63,19,6,239,0,0,8,5,13,151,63,27,11,252,10,0,10,262
02/04/2015,BDL,CT,ANE,EN,Towers with Radar,154,59,23,3,239,0,0,6,14,20,154,59,29,17,259,0,0,0,259
02/05/2015,BDL,CT,ANE,EN,Towers with Radar,158,64,27,2,251,0,1,11,14,26,158,65,38,16,277,0,0,0,277
02/06/2015,BDL,CT,ANE,EN,Towers with Radar,145,71,29,5,250,0,1,6,3,10,145,72,35,8,260,0,0,0,260
02/07/2015,BDL,CT,ANE,EN,Towers with Radar,120,43,17,0,180,0,0,4,0,4,120,43,21,0,184,0,0,0,184
02/08/2015,BDL,CT,ANE,EN,Towers with Radar,113,56,17,3,189,0,0,0,0,0,113,56,17,3,189,0,0,0,189
02/09/2015,BDL,CT,ANE,EN,Towers with Radar,86,29,5,0,120,0,0,0,0,0,86,29,5,0,120,0,0,0,120
02/10/2015,BDL,CT,ANE,EN,Towers with Radar,150,70,31,0,251,0,0,6,5,11,150,70,37,5,262,0,0,0,262
02/11/2015,BDL,CT,ANE,EN,Towers with Radar,157,73,42,1,273,0,3,26,10,39,157,76,68,11,312,14,0,14,326
02/12/2015,BDL,CT,ANE,EN,Towers with Radar,161,71,29,4,265,0,0,7,6,13,161,71,36,10,278,0,0,0,278
02/13/2015,BDL,CT,ANE,EN,Towers with Radar,151,71,23,5,250,0,0,3,3,6,151,71,26,8,256,0,2,2,258
02/14/2015,BDL,CT,ANE,EN,Towers with Radar,99,54,7,0,160,0,0,2,0,2,99,54,9,0,162,0,0,0,162
02/15/2015,BDL,CT,ANE,EN,Towers with Radar,64,30,0,0,94,0,0,1,0,1,64,30,1,0,95,0,0,0,95
02/16/2015,BDL,CT,ANE,EN,Towers with Radar,128,57,23,0,208,0,0,6,0,6,128,57,29,0,214,0,0,0,214
02/17/2015,BDL,CT,ANE,EN,Towers with Radar,149,59,21,1,230,0,0,10,11,21,149,59,31,12,251,0,0,0,251
02/18/2015,BDL,CT,ANE,EN,Towers with Radar,156,65,15,2,238,0,0,23,17,40,156,65,38,19,278,0,0,0,278
02/19/2015,BDL,CT,ANE,EN,Towers with Radar,163,61,21,3,248,0,1,4,12,17,163,62,25,15,265,0,0,0,265
02/20/2015,BDL,CT,ANE,EN,Towers with Radar,155,67,20,6,248,0,0,13,5,18,155,67,33,11,266,0,0,0,266
02/21/2015,BDL,CT,ANE,EN,Towers with Radar,111,41,21,2,175,0,1,7,9,17,111,42,28,11,192,2,0,2,194
02/22/2015,BDL,CT,ANE,EN,Towers with Radar,133,64,10,1,208,0,1,3,7,11,133,65,13,8,219,0,0,0,219
02/23/2015,BDL,CT,ANE,EN,Towers with Radar,137,80,25,0,242,0,1,9,0,10,137,81,34,0,252,0,0,0,252
02/24/2015,BDL,CT,ANE,EN,Towers with Radar,158,69,27,1,255,0,0,18,7,25,158,69,45,8,280,0,0,0,280
02/25/2015,BDL,CT,ANE,EN,Towers with Radar,154,74,14,4,246,0,0,12,13,25,154,74,26,17,271,0,0,0,271
02/26/2015,BDL,CT,ANE,EN,Towers with Radar,151,69,37,2,259,0,2,14,14,30,151,71,51,16,289,0,0,0,289
02/27/2015,BDL,CT,ANE,EN,Towers with Radar,152,67,32,0,251,0,1,23,2,26,152,68,55,2,277,0,0,0,277
02/28/2015,BDL,CT,ANE,EN,Towers with Radar,120,59,6,1,186,0,3,13,0,16,120,62,19,1,202,0,0,0,202
03/01/2015,BDL,CT,ANE,EN,Towers with Radar,115,49,21,2,187,0,0,2,0,2,115,49,23,2,189,0,0,0,189
03/02/2015,BDL,CT,ANE,EN,Towers with Radar,132,75,32,2,241,0,0,6,0,6,132,75,38,2,247,0,0,0,247
03/03/2015,BDL,CT,ANE,EN,Towers with Radar,145,60,23,4,232,0,0,13,8,21,145,60,36,12,253,0,0,0,253
03/04/2015,BDL,CT,ANE,EN,Towers with Radar,157,54,26,8,245,0,0,0,11,11,157,54,26,19,256,0,2,2,258
03/05/2015,BDL,CT,ANE,EN,Towers with Radar,143,46,19,4,212,0,0,4,10,14,143,46,23,14,226,0,0,0,226
03/06/2015,BDL,CT,ANE,EN,Towers with Radar,156,76,22,3,257,0,0,13,0,13,156,76,35,3,270,0,0,0,270
03/07/2015,BDL,CT,ANE,EN,Towers with Radar,135,56,7,4,202,0,0,17,3,20,135,56,24,7,222,0,8,8,230
03/08/2015,BDL,CT,ANE,EN,Towers with Radar,142,46,17,4,209,0,0,5,0,5,142,46,22,4,214,0,0,0,214
03/09/2015,BDL,CT,ANE,EN,Towers with Radar,143,68,22,0,233,0,1,15,2,18,143,69,37,2,251,0,0,0,251
03/10/2015,BDL,CT,ANE,EN,Towers with Radar,167,73,24,12,276,0,1,22,7,30,167,74,46,19,306,0,0,0,306
03/11/2015,BDL,CT,ANE,EN,Towers with Radar,166,70,33,2,271,0,0,12,12,24,166,70,45,14,295,6,0,6,301
03/12/2015,BDL,CT,ANE,EN,Towers with Radar,158,68,20,2,248,0,1,16,14,31,158,69,36,16,279,0,0,0,279
03/13/2015,BDL,CT,ANE,EN,Towers with Radar,158,73,36,0,267,0,1,21,0,22,158,74,57,0,289,0,0,0,289
03/14/2015,BDL,CT,ANE,EN,Towers with Radar,140,56,21,0,217,0,1,0,0,1,140,57,21,0,218,0,0,0,218
03/15/2015,BDL,CT,ANE,EN,Towers with Radar,141,58,12,0,211,0,0,6,8,14,141,58,18,8,225,0,0,0,225
03/16/2015,BDL,CT,ANE,EN,Towers with Radar,155,65,21,1,242,0,1,18,2,21,155,66,39,3,263,0,0,0,263
03/17/2015,BDL,CT,ANE,EN,Towers with Radar,170,66,23,3,262,0,0,3,8,11,170,66,26,11,273,0,0,0,273
03/18/2015,BDL,CT,ANE,EN,Towers with Radar,165,68,20,2,255,0,1,12,8,21,165,69,32,10,276,0,0,0,276
03/19/2015,BDL,CT,ANE,EN,Towers with Radar,161,71,16,4,252,0,1,10,10,21,161,72,26,14,273,0,0,0,273
03/20/2015,BDL,CT,ANE,EN,Towers with Radar,155,69,29,5,258,0,0,6,1,7,155,69,35,6,265,0,0,0,265
03/21/2015,BDL,CT,ANE,EN,Towers with Radar,138,54,12,2,206,0,0,4,0,4,138,54,16,2,210,0,0,0,210
03/22/2015,BDL,CT,ANE,EN,Towers with Radar,139,57,23,0,219,0,0,7,0,7,139,57,30,0,226,0,0,0,226
03/23/2015,BDL,CT,ANE,EN,Towers with Radar,145,75,21,0,241,0,2,21,3,26,145,77,42,3,267,2,0,2,269
03/24/2015,BDL,CT,ANE,EN,Towers with Radar,155,71,29,8,263,0,3,27,10,40,155,74,56,18,303,4,0,4,307
03/25/2015,BDL,CT,ANE,EN,Towers with Radar,163,79,27,5,274,0,1,22,7,30,163,80,49,12,304,0,0,0,304
03/26/2015,BDL,CT,ANE,EN,Towers with Radar,164,71,48,0,283,0,0,0,0,0,164,71,48,0,283,0,0,0,283
03/27/2015,BDL,CT,ANE,EN,Towers with Radar,160,78,24,3,265,0,0,15,0,15,160,78,39,3,280,0,0,0,280
03/28/2015,BDL,CT,ANE,EN,Towers with Radar,134,54,28,0,216,0,0,0,0,0,134,54,28,0,216,0,0,0,216
03/29/2015,BDL,CT,ANE,EN,Towers with Radar,144,54,26,1,225,0,0,26,0,26,144,54,52,1,251,14,0,14,265
03/30/2015,BDL,CT,ANE,EN,Towers with Radar,148,80,28,0,256,0,0,8,0,8,148,80,36,0,264,0,0,0,264
03/31/2015,BDL,CT,ANE,EN,Towers with Radar,165,74,26,10,275,0,1,20,9,30,165,75,46,19,305,0,0,0,305
04/01/2015,BDL,CT,ANE,EN,Towers with Radar,154,63,34,6,257,0,2,22,12,36,154,65,56,18,293,0,0,0,293
04/02/2015,BDL,CT,ANE,EN,Towers with Radar,168,76,36,4,284,0,1,31,20,52,168,77,67,24,336,0,0,0,336
04/03/2015,BDL,CT,ANE,EN,Towers with Radar,163,69,22,4,258,0,2,11,3,16,163,71,33,7,274,0,0,0,274
04/04/2015,BDL,CT,ANE,EN,Towers with Radar,133,52,5,0,190,0,0,1,0,1,133,52,6,0,191,0,0,0,191
04/05/2015,BDL,CT,ANE,EN,Towers with Radar,139,41,16,1,197,0,0,7,0,7,139,41,23,1,204,0,0,0,204
04/06/2015,BDL,CT,ANE,EN,Towers with Radar,150,64,27,0,241,0,0,14,0,14,150,64,41,0,255,0,0,0,255
04/07/2015,BDL,CT,ANE,EN,Towers with Radar,167,63,39,13,282,0,0,4,4,8,167,63,43,17,290,0,0,0,290
04/08/2015,BDL,CT,ANE,EN,Towers with Radar,168,62,31,7,268,0,0,5,3,8,168,62,36,10,276,0,0,0,276
04/09/2015,BDL,CT,ANE,EN,Towers with Radar,167,61,22,8,258,0,0,1,0,1,167,61,23,8,259,0,0,0,259
04/10/2015,BDL,CT,ANE,EN,Towers with Radar,178,74,20,0,272,0,0,0,0,0,178,74,20,0,272,0,0,0,272
04/11/2015,BDL,CT,ANE,EN,Towers with Radar,130,46,11,0,187,0,0,3,13,16,130,46,14,13,203,0,0,0,203
04/12/2015,BDL,CT,ANE,EN,Towers with Radar,151,47,19,2,219,0,0,26,8,34,151,47,45,10,253,0,0,0,253
04/13/2015,BDL,CT,ANE,EN,Towers with Radar,156,56,26,3,241,0,1,24,0,25,156,57,50,3,266,4,0,4,270
04/14/2015,BDL,CT,ANE,EN,Towers with Radar,176,58,29,4,267,0,1,25,11,37,176,59,54,15,304,0,0,0,304
04/15/2015,BDL,CT,ANE,EN,Towers with Radar,166,65,21,1,253,0,3,41,7,51,166,68,62,8,304,0,0,0,304
04/16/2015,BDL,CT,ANE,EN,Towers with Radar,179,60,27,0,266,0,1,31,6,38,179,61,58,6,304,0,0,0,304
04/17/2015,BDL,CT,ANE,EN,Towers with Radar,171,75,31,2,279,0,2,1,0,3,171,77,32,2,282,0,0,0,282
04/18/2015,BDL,CT,ANE,EN,Towers with Radar,135,53,25,0,213,0,1,11,0,12,135,54,36,0,225,0,0,0,225
04/19/2015,BDL,CT,ANE,EN,Towers with Radar,153,52,15,3,223,0,0,14,0,14,153,52,29,3,237,0,0,0,237
04/20/2015,BDL,CT,ANE,EN,Towers with Radar,168,64,49,0,281,0,0,1,0,1,168,64,50,0,282,0,0,0,282
04/21/2015,BDL,CT,ANE,EN,Towers with Radar,185,56,32,2,275,0,0,14,4,18,185,56,46,6,293,0,0,0,293
04/22/2015,BDL,CT,ANE,EN,Towers with Radar,174,58,25,3,260,0,0,12,14,26,174,58,37,17,286,6,0,6,292
04/23/2015,BDL,CT,ANE,EN,Towers with Radar,181,61,45,2,289,0,1,22,7,30,181,62,67,9,319,0,0,0,319
04/24/2015,BDL,CT,ANE,EN,Towers with Radar,171,56,19,2,248,0,3,17,0,20,171,59,36,2,268,0,0,0,268
04/25/2015,BDL,CT,ANE,EN,Towers with Radar,140,50,10,0,200,0,0,21,0,21,140,50,31,0,221,0,0,0,221
04/26/2015,BDL,CT,ANE,EN,Towers with Radar,154,46,39,0,239,0,0,32,2,34,154,46,71,2,273,0,0,0,273
04/27/2015,BDL,CT,ANE,EN,Towers with Radar,161,61,25,2,249,0,1,17,0,18,161,62,42,2,267,0,0,0,267
04/28/2015,BDL,CT,ANE,EN,Towers with Radar,175,62,31,6,274,0,4,13,5,22,175,66,44,11,296,0,0,0,296
04/29/2015,BDL,CT,ANE,EN,Towers with Radar,167,59,38,6,270,0,4,30,12,46,167,63,68,18,316,4,0,4,320
04/30/2015,BDL,CT,ANE,EN,Towers with Radar,171,59,36,4,270,0,1,15,6,22,171,60,51,10,292,0,0,0,292
05/01/2015,BDL,CT,ANE,EN,Towers with Radar,166,68,27,3,264,0,2,13,4,19,166,70,40,7,283,0,0,0,283
05/02/2015,BDL,CT,ANE,EN,Towers with Radar,131,49,10,0,190,0,1,9,0,10,131,50,19,0,200,0,0,0,200
05/03/2015,BDL,CT,ANE,EN,Towers with Radar,145,44,22,2,213,0,1,17,3,21,145,45,39,5,234,0,0,0,234
05/04/2015,BDL,CT,ANE,EN,Towers with Radar,159,57,24,0,240,0,2,28,3,33,159,59,52,3,273,0,0,0,273
05/05/2015,BDL,CT,ANE,EN,Towers with Radar,178,56,24,9,267,0,0,20,7,27,178,56,44,16,294,4,0,4,298
05/06/2015,BDL,CT,ANE,EN,Towers with Radar,171,52,34,6,263,0,0,22,9,31,171,52,56,15,294,0,0,0,294
05/07/2015,BDL,CT,ANE,EN,Towers with Radar,171,65,31,5,272,0,0,24,13,37,171,65,55,18,309,0,0,0,309
05/08/2015,BDL,CT,ANE,EN,Towers with Radar,174,71,37,5,287,0,3,24,0,27,174,74,61,5,314,0,0,0,314
05/09/2015,BDL,CT,ANE,EN,Towers with Radar,131,51,23,0,205,0,0,0,0,0,131,51,23,0,205,0,0,0,205
05/10/2015,BDL,CT,ANE,EN,Towers with Radar,138,48,19,0,205,0,3,15,0,18,138,51,34,0,223,0,0,0,223
05/11/2015,BDL,CT,ANE,EN,Towers with Radar,163,70,32,1,266,0,0,5,2,7,163,70,37,3,273,0,0,0,273
05/12/2015,BDL,CT,ANE,EN,Towers with Radar,179,71,38,3,291,0,0,15,1,16,179,71,53,4,307,6,0,6,313
05/13/2015,BDL,CT,ANE,EN,Towers with Radar,169,60,31,1,261,0,0,18,6,24,169,60,49,7,285,0,0,0,285
05/14/2015,BDL,CT,ANE,EN,Towers with Radar,172,60,26,16,274,0,0,31,9,40,172,60,57,25,314,0,0,0,314
05/15/2015,BDL,CT,ANE,EN,Towers with Radar,166,72,29,3,270,0,0,12,0,12,166,72,41,3,282,0,0,0,282
05/16/2015,BDL,CT,ANE,EN,Towers with Radar,125,52,24,5,206,0,0,3,2,5,125,52,27,7,211,0,0,0,211
05/17/2015,BDL,CT,ANE,EN,Towers with Radar,143,57,23,2,225,0,0,13,9,22,143,57,36,11,247,0,0,0,247
05/18/2015,BDL,CT,ANE,EN,Towers with Radar,161,78,37,2,278,0,0,28,2,30,161,78,65,4,308,6,0,6,314
05/19/2015,BDL,CT,ANE,EN,Towers with Radar,183,69,37,7,296,0,0,4,0,4,183,69,41,7,300,0,0,0,300
05/20/2015,BDL,CT,ANE,EN,Towers with Radar,177,76,30,5,288,0,1,21,18,40,177,77,51,23,328,4,0,4,332
05/21/2015,BDL,CT,ANE,EN,Towers with Radar,172,73,40,11,296,0,1,25,13,39,172,74,65,24,335,0,0,0,335
05/22/2015,BDL,CT,ANE,EN,Towers with Radar,170,69,24,0,263,0,0,22,0,22,170,69,46,0,285,0,0,0,285
05/23/2015,BDL,CT,ANE,EN,Towers with Radar,121,45,11,0,177,0,0,15,0,15,121,45,26,0,192,0,0,0,192
05/24/2015,BDL,CT,ANE,EN,Towers with Radar,118,44,7,0,169,0,0,6,0,6,118,44,13,0,175,0,0,0,175
05/25/2015,BDL,CT,ANE,EN,Towers with Radar,132,55,3,2,192,0,0,13,8,21,132,55,16,10,213,0,0,0,213
05/26/2015,BDL,CT,ANE,EN,Towers with Radar,152,60,39,5,256,0,0,29,4,33,152,60,68,9,289,0,0,0,289
05/27/2015,BDL,CT,ANE,EN,Towers with Radar,178,54,27,6,265,0,0,7,1,8,178,54,34,7,273,6,0,6,279
05/28/2015,BDL,CT,ANE,EN,Towers with Radar,173,60,33,8,274,0,0,9,3,12,173,60,42,11,286,0,0,0,286
05/29/2015,BDL,CT,ANE,EN,Towers with Radar,167,68,32,2,269,0,1,27,2,30,167,69,59,4,299,0,0,0,299
05/30/2015,BDL,CT,ANE,EN,Towers with Radar,126,37,12,0,175,0,2,6,0,8,126,39,18,0,183,0,0,0,183
05/31/2015,BDL,CT,ANE,EN,Towers with Radar,155,58,22,0,235,0,0,3,0,3,155,58,25,0,238,0,0,0,238
06/01/2015,BDL,CT,ANE,EN,Towers with Radar,159,63,39,0,261,0,0,0,0,0,159,63,39,0,261,0,0,0,261
06/02/2015,BDL,CT,ANE,EN,Towers with Radar,173,75,44,6,298,0,0,8,0,8,173,75,52,6,306,0,0,0,306
06/03/2015,BDL,CT,ANE,EN,Towers with Radar,171,61,37,3,272,0,0,23,16,39,171,61,60,19,311,0,0,0,311
06/04/2015,BDL,CT,ANE,EN,Towers with Radar,174,70,32,1,277,0,0,14,10,24,174,70,46,11,301,0,0,0,301
06/05/2015,BDL,CT,ANE,EN,Towers with Radar,178,55,33,3,269,0,0,19,2,21,178,55,52,5,290,0,0,0,290
06/06/2015,BDL,CT,ANE,EN,Towers with Radar,137,43,11,0,191,0,0,4,14,18,137,43,15,14,209,0,0,0,209
06/07/2015,BDL,CT,ANE,EN,Towers with Radar,147,38,18,0,203,0,0,15,5,20,147,38,33,5,223,4,2,6,229
06/08/2015,BDL,CT,ANE,EN,Towers with Radar,154,54,41,2,251,0,0,20,0,20,154,54,61,2,271,0,0,0,271
06/09/2015,BDL,CT,ANE,EN,Towers with Radar,177,55,43,3,278,0,0,5,2,7,177,55,48,5,285,0,0,0,285
06/10/2015,BDL,CT,ANE,EN,Towers with Radar,174,55,37,5,271,0,0,49,14,63,174,55,86,19,334,0,0,0,334
06/11/2015,BDL,CT,ANE,EN,Towers with Radar,170,55,21,6,252,0,0,19,7,26,170,55,40,13,278,0,0,0,278
06/12/2015,BDL,CT,ANE,EN,Towers with Radar,166,64,36,2,268,0,0,22,4,26,166,64,58,6,294,0,0,0,294
06/13/2015,BDL,CT,ANE,EN,Towers with Radar,138,41,18,0,197,0,0,11,7,18,138,41,29,7,215,0,0,0,215
06/14/2015,BDL,CT,ANE,EN,Towers with Radar,143,50,17,3,213,0,0,12,5,17,143,50,29,8,230,0,0,0,230
06/15/2015,BDL,CT,ANE,EN,Towers with Radar,162,62,36,6,266,0,0,0,0,0,162,62,36,6,266,0,0,0,266
06/16/2015,BDL,CT,ANE,EN,Towers with Radar,175,56,39,13,283,0,0,1,6,7,175,56,40,19,290,12,2,14,304
06/17/2015,BDL,CT,ANE,EN,Towers with Radar,171,66,37,8,282,0,3,21,6,30,171,69,58,14,312,4,0,4,316
06/18/2015,BDL,CT,ANE,EN,Towers with Radar,164,69,28,6,267,0,0,20,3,23,164,69,48,9,290,0,0,0,290
06/19/2015,BDL,CT,ANE,EN,Towers with Radar,176,71,27,2,276,0,0,8,6,14,176,71,35,8,290,0,0,0,290
06/20/2015,BDL,CT,ANE,EN,Towers with Radar,146,42,9,6,203,0,0,5,10,15,146,42,14,16,218,0,0,0,218
06/21/2015,BDL,CT,ANE,EN,Towers with Radar,152,38,15,4,209,0,0,3,10,13,152,38,18,14,222,0,0,0,222
06/22/2015,BDL,CT,ANE,EN,Towers with Radar,160,67,38,3,268,0,1,30,22,53,160,68,68,25,321,0,0,0,321
06/23/2015,BDL,CT,ANE,EN,Towers with Radar,169,60,26,4,259,0,5,10,2,17,169,65,36,6,276,0,0,0,276
06/24/2015,BDL,CT,ANE,EN,Towers with Radar,167,63,42,2,274,0,1,38,20,59,167,64,80,22,333,0,0,0,333
06/25/2015,BDL,CT,ANE,EN,Towers with Radar,173,62,40,3,278,0,0,25,13,38,173,62,65,16,316,0,0,0,316
06/26/2015,BDL,CT,ANE,EN,Towers with Radar,172,63,27,7,269,0,0,30,0,30,172,63,57,7,299,0,0,0,299
06/27/2015,BDL,CT,ANE,EN,Towers with Radar,135,43,27,2,207,0,0,34,4,38,135,43,61,6,245,0,0,0,245
06/28/2015,BDL,CT,ANE,EN,Towers with Radar,145,65,25,0,235,0,0,2,0,2,145,65,27,0,237,0,0,0,237
06/29/2015,BDL,CT,ANE,EN,Towers with Radar,151,54,31,0,236,0,2,9,0,11,151,56,40,0,247,0,0,0,247
06/30/2015,BDL,CT,ANE,EN,Towers with Radar,159,50,33,8,250,0,1,27,3,31,159,51,60,11,281,0,0,0,281
07/01/2015,BDL,CT,ANE,EN,Towers with Radar,170,45,36,5,256,0,0,16,12,28,170,45,52,17,284,0,0,0,284
07/02/2015,BDL,CT,ANE,EN,Towers with Radar,166,45,32,1,244,0,0,22,8,30,166,45,54,9,274,0,0,0,274
07/03/2015,BDL,CT,ANE,EN,Towers with Radar,146,36,9,0,191,0,0,22,0,22,146,36,31,0,213,0,0,0,213
07/04/2015,BDL,CT,ANE,EN,Towers with Radar,117,28,9,0,154,0,0,4,0,4,117,28,13,0,158,0,0,0,158
07/05/2015,BDL,CT,ANE,EN,Towers with Radar,143,44,16,2,205,0,0,3,4,7,143,44,19,6,212,0,12,12,224
07/06/2015,BDL,CT,ANE,EN,Towers with Radar,160,54,10,1,225,0,0,19,0,19,160,54,29,1,244,0,0,0,244
07/07/2015,BDL,CT,ANE,EN,Towers with Radar,165,50,39,4,258,0,0,12,0,12,165,50,51,4,270,0,0,0,270
07/08/2015,BDL,CT,ANE,EN,Towers with Radar,173,60,29,3,265,0,0,18,13,31,173,60,47,16,296,0,0,0,296
07/09/2015,BDL,CT,ANE,EN,Towers with Radar,168,57,29,7,261,0,0,19,5,24,168,57,48,12,285,0,6,6,291
07/10/2015,BDL,CT,ANE,EN,Towers with Radar,176,52,18,6,252,0,0,25,0,25,176,52,43,6,277,0,0,0,277
07/11/2015,BDL,CT,ANE,EN,Towers with Radar,142,34,12,0,188,0,2,12,2,16,142,36,24,2,204,68,0,68,272
07/12/2015,BDL,CT,ANE,EN,Towers with Radar,148,42,6,0,196,0,0,17,0,17,148,42,23,0,213,54,0,54,267
07/13/2015,BDL,CT,ANE,EN,Towers with Radar,152,51,22,3,228,0,2,23,0,25,152,53,45,3,253,0,0,0,253
07/14/2015,BDL,CT,ANE,EN,Towers with Radar,175,50,18,6,249,0,0,1,6,7,175,50,19,12,256,0,0,0,256
07/15/2015,BDL,CT,ANE,EN,Towers with Radar,170,59,30,3,262,0,0,16,11,27,170,59,46,14,289,0,0,0,289
07/16/2015,BDL,CT,ANE,EN,Towers with Radar,173,59,26,5,263,0,2,22,15,39,173,61,48,20,302,0,0,0,302
07/17/2015,BDL,CT,ANE,EN,Towers with Radar,168,59,21,0,248,0,0,27,0,27,168,59,48,0,275,0,0,0,275
07/18/2015,BDL,CT,ANE,EN,Towers with Radar,139,40,8,0,187,0,0,2,9,11,139,40,10,9,198,0,0,0,198
07/19/2015,BDL,CT,ANE,EN,Towers with Radar,143,50,18,1,212,0,0,7,5,12,143,50,25,6,224,0,0,0,224
07/20/2015,BDL,CT,ANE,EN,Towers with Radar,160,59,19,0,238,0,4,16,0,20,160,63,35,0,258,0,0,0,258
07/21/2015,BDL,CT,ANE,EN,Towers with Radar,170,50,23,6,249,0,1,15,2,18,170,51,38,8,267,0,0,0,267
07/22/2015,BDL,CT,ANE,EN,Towers with Radar,168,56,29,3,256,0,0,27,4,31,168,56,56,7,287,0,0,0,287
07/23/2015,BDL,CT,ANE,EN,Towers with Radar,168,63,42,1,274,0,0,25,3,28,168,63,67,4,302,4,0,4,306
07/24/2015,BDL,CT,ANE,EN,Towers with Radar,168,53,34,1,256,0,0,26,0,26,168,53,60,1,282,2,0,2,284
07/25/2015,BDL,CT,ANE,EN,Towers with Radar,143,33,16,2,194,0,0,21,0,21,143,33,37,2,215,0,2,2,217
07/26/2015,BDL,CT,ANE,EN,Towers with Radar,146,36,13,0,195,0,0,7,0,7,146,36,20,0,202,0,0,0,202
07/27/2015,BDL,CT,ANE,EN,Towers with Radar,156,57,28,1,242,0,2,20,0,22,156,59,48,1,264,0,0,0,264
07/28/2015,BDL,CT,ANE,EN,Towers with Radar,170,52,44,6,272,0,0,25,4,29,170,52,69,10,301,2,0,2,303
07/29/2015,BDL,CT,ANE,EN,Towers with Radar,165,53,45,3,266,0,2,13,13,28,165,55,58,16,294,6,0,6,300
07/30/2015,BDL,CT,ANE,EN,Towers with Radar,168,58,34,10,270,0,1,9,4,14,168,59,43,14,284,0,6,6,290
07/31/2015,BDL,CT,ANE,EN,Towers with Radar,166,61,31,4,262,0,0,18,2,20,166,61,49,6,282,0,0,0,282
08/01/2015,BDL,CT,ANE,EN,Towers with Radar,142,34,13,1,190,0,4,8,1,13,142,38,21,2,203,0,0,0,203
08/02/2015,BDL,CT,ANE,EN,Towers with Radar,147,44,12,2,205,0,1,6,0,7,147,45,18,2,212,0,0,0,212
08/03/2015,BDL,CT,ANE,EN,Towers with Radar,157,50,25,1,233,0,2,13,2,17,157,52,38,3,250,8,0,8,258
08/04/2015,BDL,CT,ANE,EN,Towers with Radar,167,57,25,8,257,0,4,17,9,30,167,61,42,17,287,0,8,8,295
08/05/2015,BDL,CT,ANE,EN,Towers with Radar,165,57,20,7,249,0,0,22,13,35,165,57,42,20,284,0,0,0,284
08/06/2015,BDL,CT,ANE,EN,Towers with Radar,169,56,33,6,264,0,0,22,9,31,169,56,55,15,295,0,0,0,295
08/07/2015,BDL,CT,ANE,EN,Towers with Radar,171,62,23,2,258,0,1,16,0,17,171,63,39,2,275,0,0,0,275
08/08/2015,BDL,CT,ANE,EN,Towers with Radar,141,42,14,0,197,0,1,17,1,19,141,43,31,1,216,0,0,0,216
08/09/2015,BDL,CT,ANE,EN,Towers with Radar,132,48,12,0,192,0,2,5,0,7,132,50,17,0,199,0,0,0,199
08/10/2015,BDL,CT,ANE,EN,Towers with Radar,151,60,28,2,241,0,1,1,0,2,151,61,29,2,243,0,0,0,243
08/11/2015,BDL,CT,ANE,EN,Towers with Radar,165,65,21,8,259,0,0,3,0,3,165,65,24,8,262,0,0,0,262
08/12/2015,BDL,CT,ANE,EN,Towers with Radar,165,55,35,4,259,0,1,25,16,42,165,56,60,20,301,0,0,0,301
08/13/2015,BDL,CT,ANE,EN,Towers with Radar,167,66,40,3,276,0,0,20,10,30,167,66,60,13,306,10,0,10,316
08/14/2015,BDL,CT,ANE,EN,Towers with Radar,162,59,32,4,257,0,0,20,3,23,162,59,52,7,280,0,0,0,280
08/15/2015,BDL,CT,ANE,EN,Towers with Radar,130,39,8,0,177,0,0,9,0,9,130,39,17,0,186,0,0,0,186
08/16/2015,BDL,CT,ANE,EN,Towers with Radar,144,50,10,2,206,0,0,13,6,19,144,50,23,8,225,0,0,0,225
08/17/2015,BDL,CT,ANE,EN,Towers with Radar,154,57,22,2,235,0,3,20,1,24,154,60,42,3,259,18,0,18,277
08/18/2015,BDL,CT,ANE,EN,Towers with Radar,165,56,31,7,259,0,0,27,3,30,165,56,58,10,289,2,0,2,291
08/19/2015,BDL,CT,ANE,EN,Towers with Radar,160,62,34,7,263,0,0,21,10,31,160,62,55,17,294,0,0,0,294
08/20/2015,BDL,CT,ANE,EN,Towers with Radar,149,47,26,7,229,0,0,15,12,27,149,47,41,19,256,12,0,12,268
08/21/2015,BDL,CT,ANE,EN,Towers with Radar,173,74,36,1,284,0,0,5,0,5,173,74,41,1,289,0,0,0,289
08/22/2015,BDL,CT,ANE,EN,Towers with Radar,125,49,10,0,184,0,0,24,0,24,125,49,34,0,208,2,0,2,210
08/23/2015,BDL,CT,ANE,EN,Towers with Radar,131,49,18,0,198,0,0,3,0,3,131,49,21,0,201,0,0,0,201
08/24/2015,BDL,CT,ANE,EN,Towers with Radar,151,63,35,1,250,0,0,10,3,13,151,63,45,4,263,4,0,4,267
08/25/2015,BDL,CT,ANE,EN,Towers with Radar,171,67,20,4,262,0,0,2,0,2,171,67,22,4,264,0,0,0,264
08/26/2015,BDL,CT,ANE,EN,Towers with Radar,162,60,33,3,258,0,0,11,8,19,162,60,44,11,277,0,0,0,277
08/27/2015,BDL,CT,ANE,EN,Towers with Radar,164,67,20,3,254,0,0,14,9,23,164,67,34,12,277,0,0,0,277
08/28/2015,BDL,CT,ANE,EN,Towers with Radar,160,71,36,1,268,0,0,16,4,20,160,71,52,5,288,0,0,0,288
08/29/2015,BDL,CT,ANE,EN,Towers with Radar,122,37,15,1,175,0,0,11,0,11,122,37,26,1,186,0,0,0,186
08/30/2015,BDL,CT,ANE,EN,Towers with Radar,130,40,23,0,193,0,0,4,0,4,130,40,27,0,197,0,0,0,197
08/31/2015,BDL,CT,ANE,EN,Towers with Radar,152,62,37,0,251,0,0,20,2,22,152,62,57,2,273,8,0,8,281
09/01/2015,BDL,CT,ANE,EN,Towers with Radar,158,53,28,5,244,0,0,21,6,27,158,53,49,11,271,0,0,0,271
09/02/2015,BDL,CT,ANE,EN,Towers with Radar,164,65,31,5,265,0,0,10,11,21,164,65,41,16,286,0,0,0,286
09/03/2015,BDL,CT,ANE,EN,Towers with Radar,164,59,23,2,248,0,0,15,8,23,164,59,38,10,271,0,0,0,271
09/04/2015,BDL,CT,ANE,EN,Towers with Radar,153,61,23,0,237,0,0,10,0,10,153,61,33,0,247,0,0,0,247
09/05/2015,BDL,CT,ANE,EN,Towers with Radar,118,45,8,0,171,0,1,12,0,13,118,46,20,0,184,0,0,0,184
09/06/2015,BDL,CT,ANE,EN,Towers with Radar,110,24,19,0,153,0,2,3,0,5,110,26,22,0,158,0,0,0,158
09/07/2015,BDL,CT,ANE,EN,Towers with Radar,124,55,8,1,188,0,2,16,0,18,124,57,24,1,206,0,0,0,206
09/08/2015,BDL,CT,ANE,EN,Towers with Radar,132,68,32,7,239,0,0,27,3,30,132,68,59,10,269,0,0,0,269
09/09/2015,BDL,CT,ANE,EN,Towers with Radar,160,65,33,3,261,0,0,15,6,21,160,65,48,9,282,0,0,0,282
09/10/2015,BDL,CT,ANE,EN,Towers with Radar,153,62,34,7,256,0,0,5,1,6,153,62,39,8,262,0,0,0,262
09/11/2015,BDL,CT,ANE,EN,Towers with Radar,153,69,36,1,259,0,0,13,2,15,153,69,49,3,274,0,0,0,274
09/12/2015,BDL,CT,ANE,EN,Towers with Radar,121,42,20,4,187,0,0,5,3,8,121,42,25,7,195,0,0,0,195
09/13/2015,BDL,CT,ANE,EN,Towers with Radar,130,60,28,0,218,0,0,4,0,4,130,60,32,0,222,0,0,0,222
09/14/2015,BDL,CT,ANE,EN,Towers with Radar,156,62,28,0,246,0,1,6,0,7,156,63,34,0,253,0,0,0,253
09/15/2015,BDL,CT,ANE,EN,Towers with Radar,163,68,34,5,270,0,0,22,7,29,163,68,56,12,299,0,0,0,299
09/16/2015,BDL,CT,ANE,EN,Towers with Radar,163,55,32,5,255,0,3,19,9,31,163,58,51,14,286,0,0,0,286
09/17/2015,BDL,CT,ANE,EN,Towers with Radar,162,73,31,9,275,0,2,28,11,41,162,75,59,20,316,0,0,0,316
09/18/2015,BDL,CT,ANE,EN,Towers with Radar,162,68,24,0,254,0,2,18,0,20,162,70,42,0,274,0,0,0,274
09/19/2015,BDL,CT,ANE,EN,Towers with Radar,122,41,17,0,180,0,0,11,0,11,122,41,28,0,191,0,0,0,191
09/20/2015,BDL,CT,ANE,EN,Towers with Radar,128,60,18,0,206,0,2,13,0,15,128,62,31,0,221,0,0,0,221
09/21/2015,BDL,CT,ANE,EN,Towers with Radar,151,68,31,3,253,0,0,31,0,31,151,68,62,3,284,0,0,0,284
09/22/2015,BDL,CT,ANE,EN,Towers with Radar,164,61,49,7,281,0,5,34,7,46,164,66,83,14,327,0,0,0,327
09/23/2015,BDL,CT,ANE,EN,Towers with Radar,166,59,22,8,255,0,0,27,9,36,166,59,49,17,291,0,0,0,291
09/24/2015,BDL,CT,ANE,EN,Towers with Radar,170,55,42,5,272,0,2,34,12,48,170,57,76,17,320,0,0,0,320
09/25/2015,BDL,CT,ANE,EN,Towers with Radar,167,61,21,2,251,0,1,38,0,39,167,62,59,2,290,0,0,0,290
09/26/2015,BDL,CT,ANE,EN,Towers with Radar,126,39,18,1,184,0,0,26,0,26,126,39,44,1,210,0,0,0,210
09/27/2015,BDL,CT,ANE,EN,Towers with Radar,138,45,17,1,201,0,0,8,0,8,138,45,25,1,209,0,0,0,209
09/28/2015,BDL,CT,ANE,EN,Towers with Radar,156,74,27,0,257,0,0,3,0,3,156,74,30,0,260,6,0,6,266
09/29/2015,BDL,CT,ANE,EN,Towers with Radar,170,62,34,6,272,0,0,1,4,5,170,62,35,10,277,0,0,0,277
09/30/2015,BDL,CT,ANE,EN,Towers with Radar,171,60,31,5,267,0,0,10,6,16,171,60,41,11,283,6,0,6,289
10/01/2015,BDL,CT,ANE,EN,Towers with Radar,174,62,34,5,275,0,0,25,6,31,174,62,59,11,306,0,0,0,306
10/02/2015,BDL,CT,ANE,EN,Towers with Radar,163,69,24,2,258,0,0,15,0,15,163,69,39,2,273,0,0,0,273
10/03/2015,BDL,CT,ANE,EN,Towers with Radar,122,39,10,0,171,0,0,1,0,1,122,39,11,0,172,0,0,0,172
10/04/2015,BDL,CT,ANE,EN,Towers with Radar,132,43,18,1,194,0,1,7,3,11,132,44,25,4,205,0,0,0,205
10/05/2015,BDL,CT,ANE,EN,Towers with Radar,158,50,30,1,239,0,0,22,0,22,158,50,52,1,261,10,0,10,271
10/06/2015,BDL,CT,ANE,EN,Towers with Radar,176,57,14,6,253,0,0,34,10,44,176,57,48,16,297,0,0,0,297
10/07/2015,BDL,CT,ANE,EN,Towers with Radar,168,54,13,4,239,0,0,29,14,43,168,54,42,18,282,0,0,0,282
10/08/2015,BDL,CT,ANE,EN,Towers with Radar,176,54,22,5,257,0,0,13,4,17,176,54,35,9,274,0,0,0,274
10/09/2015,BDL,CT,ANE,EN,Towers with Radar,174,59,31,3,267,0,0,10,0,10,174,59,41,3,277,0,0,0,277
10/10/2015,BDL,CT,ANE,EN,Towers with Radar,128,41,30,0,199,0,0,23,0,23,128,41,53,0,222,0,0,0,222
10/11/2015,BDL,CT,ANE,EN,Towers with Radar,143,56,9,0,208,0,0,9,2,11,143,56,18,2,219,0,0,0,219
10/12/2015,BDL,CT,ANE,EN,Towers with Radar,161,57,33,0,251,0,0,33,0,33,161,57,66,0,284,0,0,0,284
10/13/2015,BDL,CT,ANE,EN,Towers with Radar,174,76,45,4,299,0,0,9,11,20,174,76,54,15,319,0,0,0,319
10/14/2015,BDL,CT,ANE,EN,Towers with Radar,169,60,39,6,274,0,0,26,10,36,169,60,65,16,310,0,0,0,310
10/15/2015,BDL,CT,ANE,EN,Towers with Radar,175,59,39,3,276,0,4,35,2,41,175,63,74,5,317,6,0,6,323
10/16/2015,BDL,CT,ANE,EN,Towers with Radar,167,52,28,0,247,0,2,43,0,45,167,54,71,0,292,0,0,0,292
10/17/2015,BDL,CT,ANE,EN,Towers with Radar,132,52,15,1,200,0,1,10,4,15,132,53,25,5,215,0,0,0,215
10/18/2015,BDL,CT,ANE,EN,Towers with Radar,138,38,21,2,199,0,2,7,4,13,138,40,28,6,212,0,0,0,212
10/19/2015,BDL,CT,ANE,EN,Towers with Radar,160,50,29,1,240,0,0,18,3,21,160,50,47,4,261,0,0,0,261
10/20/2015,BDL,CT,ANE,EN,Towers with Radar,179,52,18,3,252,0,0,27,4,31,179,52,45,7,283,0,0,0,283
10/21/2015,BDL,CT,ANE,EN,Towers with Radar,167,66,29,4,266,0,0,25,13,38,167,66,54,17,304,0,0,0,304
10/22/2015,BDL,CT,ANE,EN,Towers with Radar,173,62,36,4,275,0,0,25,11,36,173,62,61,15,311,0,0,0,311
10/23/2015,BDL,CT,ANE,EN,Towers with Radar,170,60,20,3,253,0,0,17,1,18,170,60,37,4,271,0,0,0,271
10/24/2015,BDL,CT,ANE,EN,Towers with Radar,127,48,10,0,185,0,0,21,0,21,127,48,31,0,206,0,0,0,206
10/25/2015,BDL,CT,ANE,EN,Towers with Radar,140,50,21,0,211,0,0,5,0,5,140,50,26,0,216,0,0,0,216
10/26/2015,BDL,CT,ANE,EN,Towers with Radar,160,62,27,1,250,0,0,31,0,31,160,62,58,1,281,0,0,0,281
10/27/2015,BDL,CT,ANE,EN,Towers with Radar,165,60,29,1,255,0,0,23,10,33,165,60,52,11,288,0,0,0,288
10/28/2015,BDL,CT,ANE,EN,Towers with Radar,170,58,19,6,253,0,0,6,1,7,170,58,25,7,260,0,0,0,260
10/29/2015,BDL,CT,ANE,EN,Towers with Radar,171,64,30,3,268,0,0,28,7,35,171,64,58,10,303,0,0,0,303
10/30/2015,BDL,CT,ANE,EN,Towers with Radar,161,63,25,0,249,0,0,25,0,25,161,63,50,0,274,0,0,0,274
10/31/2015,BDL,CT,ANE,EN,Towers with Radar,112,38,14,0,164,0,0,15,0,15,112,38,29,0,179,4,0,4,183
11/01/2015,BDL,CT,ANE,EN,Towers with Radar,137,40,16,0,193,0,0,9,0,9,137,40,25,0,202,0,0,0,202
11/02/2015,BDL,CT,ANE,EN,Towers with Radar,169,52,27,2,250,0,0,18,0,18,169,52,45,2,268,0,0,0,268
11/03/2015,BDL,CT,ANE,EN,Towers with Radar,180,53,33,2,268,0,0,28,12,40,180,53,61,14,308,0,0,0,308
11/04/2015,BDL,CT,ANE,EN,Towers with Radar,171,53,28,5,257,0,0,26,13,39,171,53,54,18,296,0,0,0,296
11/05/2015,BDL,CT,ANE,EN,Towers with Radar,184,47,36,12,279,0,0,9,2,11,184,47,45,14,290,0,0,0,290
11/06/2015,BDL,CT,ANE,EN,Towers with Radar,178,49,32,1,260,0,0,7,0,7,178,49,39,1,267,0,0,0,267
11/07/2015,BDL,CT,ANE,EN,Towers with Radar,131,37,14,1,183,0,0,19,7,26,131,37,33,8,209,0,4,4,213
11/08/2015,BDL,CT,ANE,EN,Towers with Radar,147,34,28,0,209,0,0,24,2,26,147,34,52,2,235,0,0,0,235
11/09/2015,BDL,CT,ANE,EN,Towers with Radar,166,48,36,2,252,0,1,29,3,33,166,49,65,5,285,0,0,0,285
11/10/2015,BDL,CT,ANE,EN,Towers with Radar,178,43,30,10,261,0,0,15,3,18,178,43,45,13,279,0,0,0,279
11/11/2015,BDL,CT,ANE,EN,Towers with Radar,178,56,29,2,265,0,0,7,0,7,178,56,36,2,272,0,0,0,272
11/12/2015,BDL,CT,ANE,EN,Towers with Radar,183,50,43,5,281,0,0,1,0,1,183,50,44,5,282,0,0,0,282
11/13/2015,BDL,CT,ANE,EN,Towers with Radar,177,51,33,1,262,0,0,23,3,26,177,51,56,4,288,8,0,8,296
11/14/2015,BDL,CT,ANE,EN,Towers with Radar,132,45,15,0,192,0,4,4,0,8,132,49,19,0,200,0,0,0,200
11/15/2015,BDL,CT,ANE,EN,Towers with Radar,147,45,19,3,214,0,0,10,8,18,147,45,29,11,232,0,0,0,232
11/16/2015,BDL,CT,ANE,EN,Towers with Radar,168,55,17,4,244,0,0,14,3,17,168,55,31,7,261,0,0,0,261
11/17/2015,BDL,CT,ANE,EN,Towers with Radar,181,51,21,4,257,0,0,26,11,37,181,51,47,15,294,0,8,8,302
11/18/2015,BDL,CT,ANE,EN,Towers with Radar,176,58,24,7,265,0,0,12,10,22,176,58,36,17,287,0,0,0,287
11/19/2015,BDL,CT,ANE,EN,Towers with Radar,196,48,32,3,279,0,0,7,0,7,196,48,39,3,286,0,0,0,286
11/20/2015,BDL,CT,ANE,EN,Towers with Radar,177,63,34,3,277,0,2,13,4,19,177,65,47,7,296,0,0,0,296
11/21/2015,BDL,CT,ANE,EN,Towers with Radar,126,46,28,0,200,0,0,8,0,8,126,46,36,0,208,0,0,0,208
11/22/2015,BDL,CT,ANE,EN,Towers with Radar,137,44,27,0,208,0,1,14,0,15,137,45,41,0,223,12,0,12,235
11/23/2015,BDL,CT,ANE,EN,Towers with Radar,157,39,26,1,223,0,0,14,2,16,157,39,40,3,239,0,0,0,239
11/24/2015,BDL,CT,ANE,EN,Towers with Radar,174,50,21,21,266,0,0,19,4,23,174,50,40,25,289,0,4,4,293
11/25/2015,BDL,CT,ANE,EN,Towers with Radar,179,45,11,2,237,0,1,21,0,22,179,46,32,2,259,0,0,0,259
11/26/2015,BDL,CT,ANE,EN,Towers with Radar,108,21,2,0,131,0,0,5,0,5,108,21,7,0,136,0,0,0,136
11/27/2015,BDL,CT,ANE,EN,Towers with Radar,132,21,10,0,163,0,1,7,0,8,132,22,17,0,171,0,0,0,171
11/28/2015,BDL,CT,ANE,EN,Towers with Radar,160,38,7,0,205,0,0,0,0,0,160,38,7,0,205,0,0,0,205
11/29/2015,BDL,CT,ANE,EN,Towers with Radar,181,45,16,0,242,0,0,14,0,14,181,45,30,0,256,0,0,0,256
11/30/2015,BDL,CT,ANE,EN,Towers with Radar,179,58,25,2,264,0,0,16,0,16,179,58,41,2,280,0,0,0,280
12/01/2015,BDL,CT,ANE,EN,Towers with Radar,178,51,34,6,269,0,0,7,7,14,178,51,41,13,283,0,0,0,283
12/02/2015,BDL,CT,ANE,EN,Towers with Radar,171,39,22,0,232,0,0,0,0,0,171,39,22,0,232,0,0,0,232
12/03/2015,BDL,CT,ANE,EN,Towers with Radar,177,47,24,5,253,0,0,10,15,25,177,47,34,20,278,0,0,0,278
12/04/2015,BDL,CT,ANE,EN,Towers with Radar,172,47,38,2,259,0,0,44,3,47,172,47,82,5,306,0,0,0,306
12/05/2015,BDL,CT,ANE,EN,Towers with Radar,127,34,12,2,175,0,1,21,3,25,127,35,33,5,200,0,0,0,200
12/06/2015,BDL,CT,ANE,EN,Towers with Radar,150,37,26,0,213,0,0,12,0,12,150,37,38,0,225,0,0,0,225
12/07/2015,BDL,CT,ANE,EN,Towers with Radar,163,55,28,8,254,0,0,27,1,28,163,55,55,9,282,0,6,6,288
12/08/2015,BDL,CT,ANE,EN,Towers with Radar,172,45,27,7,251,0,0,38,5,43,172,45,65,12,294,4,0,4,298
12/09/2015,BDL,CT,ANE,EN,Towers with Radar,171,58,32,1,262,0,0,29,13,42,171,58,61,14,304,0,0,0,304
12/10/2015,BDL,CT,ANE,EN,Towers with Radar,176,49,32,3,260,0,0,28,8,36,176,49,60,11,296,0,0,0,296
12/11/2015,BDL,CT,ANE,EN,Towers with Radar,172,53,41,4,270,0,0,16,0,16,172,53,57,4,286,0,0,0,286
12/12/2015,BDL,CT,ANE,EN,Towers with Radar,130,35,24,0,189,0,0,10,0,10,130,35,34,0,199,0,0,0,199
12/13/2015,BDL,CT,ANE,EN,Towers with Radar,148,28,19,0,195,0,0,11,0,11,148,28,30,0,206,0,0,0,206
12/14/2015,BDL,CT,ANE,EN,Towers with Radar,176,62,37,0,275,0,0,0,0,0,176,62,37,0,275,0,0,0,275
12/15/2015,BDL,CT,ANE,EN,Towers with Radar,169,46,23,9,247,0,1,5,7,13,169,47,28,16,260,0,2,2,262
12/16/2015,BDL,CT,ANE,EN,Towers with Radar,174,52,25,5,256,0,0,29,24,53,174,52,54,29,309,0,0,0,309
12/17/2015,BDL,CT,ANE,EN,Towers with Radar,175,63,30,2,270,0,0,0,0,0,175,63,30,2,270,0,0,0,270
12/18/2015,BDL,CT,ANE,EN,Towers with Radar,160,63,32,3,258,0,0,11,0,11,160,63,43,3,269,0,0,0,269
12/19/2015,BDL,CT,ANE,EN,Towers with Radar,146,47,7,0,200,0,0,2,0,2,146,47,9,0,202,0,0,0,202
12/20/2015,BDL,CT,ANE,EN,Towers with Radar,152,38,10,0,200,0,0,12,0,12,152,38,22,0,212,0,0,0,212
12/21/2015,BDL,CT,ANE,EN,Towers with Radar,156,56,29,2,243,0,2,3,2,7,156,58,32,4,250,0,0,0,250
12/22/2015,BDL,CT,ANE,EN,Towers with Radar,173,59,16,11,259,0,0,1,0,1,173,59,17,11,260,0,0,0,260
12/23/2015,BDL,CT,ANE,EN,Towers with Radar,179,60,16,4,259,0,0,0,0,0,179,60,16,4,259,0,0,0,259
12/24/2015,BDL,CT,ANE,EN,Towers with Radar,147,34,9,1,191,0,0,0,0,0,147,34,9,1,191,0,0,0,191
12/25/2015,BDL,CT,ANE,EN,Towers with Radar,104,22,3,0,129,0,1,0,0,1,104,23,3,0,130,0,0,0,130
12/26/2015,BDL,CT,ANE,EN,Towers with Radar,138,58,17,0,213,1,2,9,0,12,139,60,26,0,225,0,0,0,225
12/27/2015,BDL,CT,ANE,EN,Towers with Radar,145,44,14,0,203,0,0,0,0,0,145,44,14,0,203,0,0,0,203
12/28/2015,BDL,CT,ANE,EN,Towers with Radar,137,45,27,0,209,0,0,17,0,17,137,45,44,0,226,0,0,0,226
12/29/2015,BDL,CT,ANE,EN,Towers with Radar,155,34,13,0,202,0,0,0,0,0,155,34,13,0,202,0,0,0,202
12/30/2015,BDL,CT,ANE,EN,Towers with Radar,167,48,15,3,233,0,0,0,0,0,167,48,15,3,233,0,0,0,233
12/31/2015,BDL,CT,ANE,EN,Towers with Radar,141,38,6,1,186,0,2,6,0,8,141,40,12,1,194,0,0,0,194
01/01/2016,BDL,CT,ANE,EN,Towers with Radar,98,36,13,0,147,0,0,4,0,4,98,36,17,0,151,0,0,0,151
01/02/2016,BDL,CT,ANE,EN,Towers with Radar,145,44,20,2,211,0,1,14,0,15,145,45,34,2,226,0,0,0,226
01/03/2016,BDL,CT,ANE,EN,Towers with Radar,148,47,15,0,210,0,0,9,0,9,148,47,24,0,219,0,0,0,219
01/04/2016,BDL,CT,ANE,EN,Towers with Radar,153,54,15,5,227,0,0,8,0,8,153,54,23,5,235,0,0,0,235
01/05/2016,BDL,CT,ANE,EN,Towers with Radar,158,51,18,4,231,0,0,12,2,14,158,51,30,6,245,0,0,0,245
01/06/2016,BDL,CT,ANE,EN,Towers with Radar,159,50,17,5,231,0,0,26,16,42,159,50,43,21,273,0,0,0,273
01/07/2016,BDL,CT,ANE,EN,Towers with Radar,165,45,19,6,235,0,0,29,14,43,165,45,48,20,278,0,0,0,278
01/08/2016,BDL,CT,ANE,EN,Towers with Radar,158,43,28,4,233,0,0,5,4,9,158,43,33,8,242,0,0,0,242
01/09/2016,BDL,CT,ANE,EN,Towers with Radar,134,26,5,4,169,0,0,2,0,2,134,26,7,4,171,0,0,0,171
01/10/2016,BDL,CT,ANE,EN,Towers with Radar,144,34,15,0,193,0,0,2,0,2,144,34,17,0,195,0,0,0,195
01/11/2016,BDL,CT,ANE,EN,Towers with Radar,151,45,16,2,214,0,0,14,4,18,151,45,30,6,232,0,0,0,232
01/12/2016,BDL,CT,ANE,EN,Towers with Radar,158,43,21,2,224,0,0,9,9,18,158,43,30,11,242,0,0,0,242
01/13/2016,BDL,CT,ANE,EN,Towers with Radar,162,51,26,6,245,0,0,14,11,25,162,51,40,17,270,0,0,0,270
01/14/2016,BDL,CT,ANE,EN,Towers with Radar,166,45,25,5,241,0,0,26,17,43,166,45,51,22,284,0,0,0,284
01/15/2016,BDL,CT,ANE,EN,Towers with Radar,170,40,28,6,244,0,0,21,0,21,170,40,49,6,265,0,0,0,265
01/16/2016,BDL,CT,ANE,EN,Towers with Radar,127,33,7,0,167,0,0,6,0,6,127,33,13,0,173,0,0,0,173
01/17/2016,BDL,CT,ANE,EN,Towers with Radar,129,33,17,0,179,0,0,12,0,12,129,33,29,0,191,0,0,0,191
01/18/2016,BDL,CT,ANE,EN,Towers with Radar,143,47,20,1,211,0,0,1,4,5,143,47,21,5,216,0,6,6,222
01/19/2016,BDL,CT,ANE,EN,Towers with Radar,161,49,21,2,233,0,0,4,8,12,161,49,25,10,245,0,0,0,245
01/20/2016,BDL,CT,ANE,EN,Towers with Radar,159,44,18,3,224,0,1,18,16,35,159,45,36,19,259,0,0,0,259
01/21/2016,BDL,CT,ANE,EN,Towers with Radar,164,53,22,3,242,0,0,27,14,41,164,53,49,17,283,0,0,0,283
01/22/2016,BDL,CT,ANE,EN,Towers with Radar,129,45,30,3,207,0,2,17,0,19,129,47,47,3,226,0,0,0,226
01/23/2016,BDL,CT,ANE,EN,Towers with Radar,86,22,7,1,116,0,0,0,0,0,86,22,7,1,116,0,0,0,116
01/24/2016,BDL,CT,ANE,EN,Towers with Radar,98,20,14,3,135,0,0,3,5,8,98,20,17,8,143,0,0,0,143
01/25/2016,BDL,CT,ANE,EN,Towers with Radar,135,35,23,0,193,0,0,20,2,22,135,35,43,2,215,6,0,6,221
01/26/2016,BDL,CT,ANE,EN,Towers with Radar,149,39,13,2,203,0,2,7,4,13,149,41,20,6,216,0,0,0,216
01/27/2016,BDL,CT,ANE,EN,Towers with Radar,157,53,32,11,253,0,0,13,11,24,157,53,45,22,277,0,0,0,277
01/28/2016,BDL,CT,ANE,EN,Towers with Radar,163,49,34,5,251,0,1,12,15,28,163,50,46,20,279,0,0,0,279
01/29/2016,BDL,CT,ANE,EN,Towers with Radar,163,37,21,0,221,0,0,10,1,11,163,37,31,1,232,0,0,0,232
01/30/2016,BDL,CT,ANE,EN,Towers with Radar,129,32,17,0,178,0,0,15,0,15,129,32,32,0,193,0,0,0,193
01/31/2016,BDL,CT,ANE,EN,Towers with Radar,130,38,17,0,185,0,0,10,0,10,130,38,27,0,195,0,0,0,195
02/01/2016,BDL,CT,ANE,EN,Towers with Radar,151,45,22,2,220,0,0,10,2,12,151,45,32,4,232,0,0,0,232
02/02/2016,BDL,CT,ANE,EN,Towers with Radar,158,46,31,2,237,0,0,24,4,28,158,46,55,6,265,0,0,0,265
02/03/2016,BDL,CT,ANE,EN,Towers with Radar,160,44,29,0,233,0,0,7,0,7,160,44,36,0,240,0,0,0,240
02/04/2016,BDL,CT,ANE,EN,Towers with Radar,164,58,20,8,250,0,1,21,10,32,164,59,41,18,282,0,0,0,282
02/05/2016,BDL,CT,ANE,EN,Towers with Radar,156,47,15,1,219,0,0,3,0,3,156,47,18,1,222,0,0,0,222
02/06/2016,BDL,CT,ANE,EN,Towers with Radar,130,37,13,2,182,0,0,12,0,12,130,37,25,2,194,0,0,0,194
02/07/2016,BDL,CT,ANE,EN,Towers with Radar,115,32,11,0,158,0,0,29,0,29,115,32,40,0,187,0,0,0,187
02/08/2016,BDL,CT,ANE,EN,Towers with Radar,143,52,40,1,236,0,0,1,0,1,143,52,41,1,237,0,0,0,237
02/09/2016,BDL,CT,ANE,EN,Towers with Radar,158,36,27,2,223,0,0,4,13,17,158,36,31,15,240,0,0,0,240
02/10/2016,BDL,CT,ANE,EN,Towers with Radar,154,48,35,2,239,0,0,8,10,18,154,48,43,12,257,0,0,0,257
02/11/2016,BDL,CT,ANE,EN,Towers with Radar,163,52,30,3,248,0,0,7,9,16,163,52,37,12,264,0,0,0,264
02/12/2016,BDL,CT,ANE,EN,Towers with Radar,165,48,28,4,245,0,0,14,0,14,165,48,42,4,259,0,0,0,259
02/13/2016,BDL,CT,ANE,EN,Towers with Radar,123,37,14,0,174,0,0,3,0,3,123,37,17,0,177,0,0,0,177
02/14/2016,BDL,CT,ANE,EN,Towers with Radar,119,36,10,0,165,0,0,5,0,5,119,36,15,0,170,0,0,0,170
02/15/2016,BDL,CT,ANE,EN,Towers with Radar,144,42,23,0,209,0,0,5,0,5,144,42,28,0,214,0,0,0,214
02/16/2016,BDL,CT,ANE,EN,Towers with Radar,162,49,30,0,241,0,0,0,0,0,162,49,30,0,241,0,0,0,241
02/17/2016,BDL,CT,ANE,EN,Towers with Radar,158,50,39,4,251,0,1,31,11,43,158,51,70,15,294,0,0,0,294
02/18/2016,BDL,CT,ANE,EN,Towers with Radar,164,49,30,7,250,0,0,19,12,31,164,49,49,19,281,0,0,0,281
02/19/2016,BDL,CT,ANE,EN,Towers with Radar,166,52,37,5,260,0,0,26,4,30,166,52,63,9,290,2,0,2,292
02/20/2016,BDL,CT,ANE,EN,Towers with Radar,130,48,13,1,192,0,0,10,0,10,130,48,23,1,202,0,0,0,202
02/21/2016,BDL,CT,ANE,EN,Towers with Radar,136,38,20,4,198,0,0,13,4,17,136,38,33,8,215,0,0,0,215
02/22/2016,BDL,CT,ANE,EN,Towers with Radar,151,45,27,3,226,0,0,31,0,31,151,45,58,3,257,2,0,2,259
02/23/2016,BDL,CT,ANE,EN,Towers with Radar,162,48,35,0,245,0,0,8,12,20,162,48,43,12,265,0,0,0,265
02/24/2016,BDL,CT,ANE,EN,Towers with Radar,146,50,22,1,219,0,0,0,0,0,146,50,22,1,219,0,0,0,219
02/25/2016,BDL,CT,ANE,EN,Towers with Radar,164,55,25,2,246,0,0,4,6,10,164,55,29,8,256,0,0,0,256
02/26/2016,BDL,CT,ANE,EN,Towers with Radar,168,53,20,4,245,0,0,3,2,5,168,53,23,6,250,2,0,2,252
02/27/2016,BDL,CT,ANE,EN,Towers with Radar,131,41,21,2,195,0,0,22,0,22,131,41,43,2,217,0,0,0,217
02/28/2016,BDL,CT,ANE,EN,Towers with Radar,161,45,23,1,230,0,0,15,0,15,161,45,38,1,245,0,0,0,245
02/29/2016,BDL,CT,ANE,EN,Towers with Radar,160,55,19,2,236,0,0,17,0,17,160,55,36,2,253,0,0,0,253
03/01/2016,BDL,CT,ANE,EN,Towers with Radar,151,48,28,3,230,0,0,11,6,17,151,48,39,9,247,4,0,4,251
03/02/2016,BDL,CT,ANE,EN,Towers with Radar,159,58,17,8,242,0,0,5,12,17,159,58,22,20,259,0,0,0,259
03/03/2016,BDL,CT,ANE,EN,Towers with Radar,163,51,25,5,244,0,0,39,15,54,163,51,64,20,298,0,0,0,298
03/04/2016,BDL,CT,ANE,EN,Towers with Radar,169,57,27,1,254,0,0,9,0,9,169,57,36,1,263,0,0,0,263
03/05/2016,BDL,CT,ANE,EN,Towers with Radar,129,41,10,4,184,0,0,19,5,24,129,41,29,9,208,0,0,0,208
03/06/2016,BDL,CT,ANE,EN,Towers with Radar,127,49,16,2,194,0,0,11,0,11,127,49,27,2,205,0,0,0,205
03/07/2016,BDL,CT,ANE,EN,Towers with Radar,150,50,16,2,218,0,0,6,2,8,150,50,22,4,226,0,0,0,226
03/08/2016,BDL,CT,ANE,EN,Towers with Radar,163,51,21,3,238,0,0,21,9,30,163,51,42,12,268,0,0,0,268
03/09/2016,BDL,CT,ANE,EN,Towers with Radar,165,55,32,1,253,0,1,26,20,47,165,56,58,21,300,0,0,0,300
03/10/2016,BDL,CT,ANE,EN,Towers with Radar,165,57,27,6,255,0,0,11,9,20,165,57,38,15,275,0,0,0,275
03/11/2016,BDL,CT,ANE,EN,Towers with Radar,167,56,25,1,249,0,1,13,2,16,167,57,38,3,265,0,0,0,265
03/12/2016,BDL,CT,ANE,EN,Towers with Radar,127,44,8,1,180,0,0,17,4,21,127,44,25,5,201,0,0,0,201
03/13/2016,BDL,CT,ANE,EN,Towers with Radar,132,45,16,1,194,0,0,13,5,18,132,45,29,6,212,6,0,6,218
03/14/2016,BDL,CT,ANE,EN,Towers with Radar,150,46,22,2,220,0,0,0,0,0,150,46,22,2,220,0,0,0,220
03/15/2016,BDL,CT,ANE,EN,Towers with Radar,169,55,50,15,289,0,0,5,0,5,169,55,55,15,294,0,2,2,296
03/16/2016,BDL,CT,ANE,EN,Towers with Radar,163,53,26,4,246,0,0,24,5,29,163,53,50,9,275,0,0,0,275
03/17/2016,BDL,CT,ANE,EN,Towers with Radar,170,58,23,5,256,0,0,5,12,17,170,58,28,17,273,0,0,0,273
03/18/2016,BDL,CT,ANE,EN,Towers with Radar,165,60,15,4,244,0,0,5,5,10,165,60,20,9,254,0,0,0,254
03/19/2016,BDL,CT,ANE,EN,Towers with Radar,132,47,11,2,192,0,0,12,0,12,132,47,23,2,204,0,0,0,204
03/20/2016,BDL,CT,ANE,EN,Towers with Radar,138,45,11,1,195,0,0,19,0,19,138,45,30,1,214,0,0,0,214
03/21/2016,BDL,CT,ANE,EN,Towers with Radar,155,59,29,0,243,0,0,3,0,3,155,59,32,0,246,0,0,0,246
03/22/2016,BDL,CT,ANE,EN,Towers with Radar,169,55,25,3,252,0,0,7,10,17,169,55,32,13,269,0,0,0,269
03/23/2016,BDL,CT,ANE,EN,Towers with Radar,168,61,8,4,241,0,4,18,16,38,168,65,26,20,279,18,0,18,297
03/24/2016,BDL,CT,ANE,EN,Towers with Radar,175,44,27,10,256,0,0,22,5,27,175,44,49,15,283,0,0,0,283
03/25/2016,BDL,CT,ANE,EN,Towers with Radar,165,51,40,0,256,0,0,1,0,1,165,51,41,0,257,0,0,0,257
03/26/2016,BDL,CT,ANE,EN,Towers with Radar,119,43,8,1,171,0,0,28,0,28,119,43,36,1,199,0,0,0,199
03/27/2016,BDL,CT,ANE,EN,Towers with Radar,146,54,16,0,216,0,0,6,0,6,146,54,22,0,222,0,0,0,222
03/28/2016,BDL,CT,ANE,EN,Towers with Radar,159,63,31,2,255,0,0,1,0,1,159,63,32,2,256,0,0,0,256
03/29/2016,BDL,CT,ANE,EN,Towers with Radar,162,58,20,7,247,0,0,10,7,17,162,58,30,14,264,0,0,0,264
03/30/2016,BDL,CT,ANE,EN,Towers with Radar,161,57,38,5,261,0,0,35,16,51,161,57,73,21,312,0,0,0,312
03/31/2016,BDL,CT,ANE,EN,Towers with Radar,168,53,29,7,257,0,2,17,6,25,168,55,46,13,282,0,0,0,282
04/01/2016,BDL,CT,ANE,EN,Towers with Radar,173,46,16,4,239,0,0,2,0,2,173,46,18,4,241,0,0,0,241
04/02/2016,BDL,CT,ANE,EN,Towers with Radar,125,42,11,3,181,0,0,3,2,5,125,42,14,5,186,0,0,0,186
04/03/2016,BDL,CT,ANE,EN,Towers with Radar,138,42,22,1,203,0,0,0,0,0,138,42,22,1,203,0,0,0,203
04/04/2016,BDL,CT,ANE,EN,Towers with Radar,160,44,13,2,219,0,0,0,0,0,160,44,13,2,219,0,0,0,219
04/05/2016,BDL,CT,ANE,EN,Towers with Radar,172,49,14,8,243,0,0,34,7,41,172,49,48,15,284,0,0,0,284
04/06/2016,BDL,CT,ANE,EN,Towers with Radar,180,48,29,12,269,0,0,13,11,24,180,48,42,23,293,0,0,0,293
04/07/2016,BDL,CT,ANE,EN,Towers with Radar,185,57,30,5,277,0,0,3,0,3,185,57,33,5,280,0,0,0,280
04/08/2016,BDL,CT,ANE,EN,Towers with Radar,177,53,25,2,257,0,0,18,2,20,177,53,43,4,277,0,0,0,277
04/09/2016,BDL,CT,ANE,EN,Towers with Radar,147,33,18,1,199,0,0,10,9,19,147,33,28,10,218,0,0,0,218
04/10/2016,BDL,CT,ANE,EN,Towers with Radar,153,37,18,6,214,0,0,14,8,22,153,37,32,14,236,0,0,0,236
04/11/2016,BDL,CT,ANE,EN,Towers with Radar,164,49,13,0,226,0,0,9,0,9,164,49,22,0,235,0,0,0,235
04/12/2016,BDL,CT,ANE,EN,Towers with Radar,183,54,35,10,282,0,1,7,1,9,183,55,42,11,291,0,0,0,291
04/13/2016,BDL,CT,ANE,EN,Towers with Radar,180,55,33,10,278,0,1,23,14,38,180,56,56,24,316,0,0,0,316
04/14/2016,BDL,CT,ANE,EN,Towers with Radar,183,51,32,3,269,0,0,25,14,39,183,51,57,17,308,0,0,0,308
04/15/2016,BDL,CT,ANE,EN,Towers with Radar,183,61,19,6,269,0,0,18,4,22,183,61,37,10,291,0,0,0,291
04/16/2016,BDL,CT,ANE,EN,Towers with Radar,144,42,16,0,202,0,0,18,1,19,144,42,34,1,221,0,0,0,221
04/17/2016,BDL,CT,ANE,EN,Towers with Radar,155,45,10,0,210,0,0,8,2,10,155,45,18,2,220,0,0,0,220
04/18/2016,BDL,CT,ANE,EN,Towers with Radar,169,51,26,2,248,0,0,14,2,16,169,51,40,4,264,0,0,0,264
04/19/2016,BDL,CT,ANE,EN,Towers with Radar,182,43,20,4,249,0,0,15,13,28,182,43,35,17,277,0,0,0,277
04/20/2016,BDL,CT,ANE,EN,Towers with Radar,181,48,25,3,257,0,2,26,10,38,181,50,51,13,295,0,0,0,295
04/21/2016,BDL,CT,ANE,EN,Towers with Radar,183,50,27,5,265,0,0,27,10,37,183,50,54,15,302,0,0,0,302
04/22/2016,BDL,CT,ANE,EN,Towers with Radar,183,59,23,4,269,0,0,5,2,7,183,59,28,6,276,0,0,0,276
04/23/2016,BDL,CT,ANE,EN,Towers with Radar,146,36,19,0,201,0,2,9,0,11,146,38,28,0,212,0,0,0,212
04/24/2016,BDL,CT,ANE,EN,Towers with Radar,147,38,26,0,211,0,0,9,0,9,147,38,35,0,220,0,0,0,220
04/25/2016,BDL,CT,ANE,EN,Towers with Radar,169,55,41,5,270,0,0,30,0,30,169,55,71,5,300,4,2,6,306
04/26/2016,BDL,CT,ANE,EN,Towers with Radar,185,51,24,11,271,0,0,0,1,1,185,51,24,12,272,0,0,0,272
04/27/2016,BDL,CT,ANE,EN,Towers with Radar,182,56,56,8,302,0,8,39,14,61,182,64,95,22,363,6,0,6,369
04/28/2016,BDL,CT,ANE,EN,Towers with Radar,182,40,19,7,248,0,0,24,13,37,182,40,43,20,285,0,0,0,285
04/29/2016,BDL,CT,ANE,EN,Towers with Radar,183,55,26,0,264,0,0,22,1,23,183,55,48,1,287,10,0,10,297
04/30/2016,BDL,CT,ANE,EN,Towers with Radar,143,44,15,1,203,0,0,21,0,21,143,44,36,1,224,0,0,0,224
05/01/2016,BDL,CT,ANE,EN,Towers with Radar,146,46,28,1,221,0,0,5,0,5,146,46,33,1,226,0,0,0,226
05/02/2016,BDL,CT,ANE,EN,Towers with Radar,165,49,31,7,252,0,0,1,0,1,165,49,32,7,253,0,0,0,253
05/03/2016,BDL,CT,ANE,EN,Towers with Radar,187,43,47,18,295,0,0,0,0,0,187,43,47,18,295,0,0,0,295
05/04/2016,BDL,CT,ANE,EN,Towers with Radar,170,45,38,22,275,0,0,7,2,9,170,45,45,24,284,0,0,0,284
05/05/2016,BDL,CT,ANE,EN,Towers with Radar,183,46,37,10,276,0,0,4,10,14,183,46,41,20,290,0,0,0,290
05/06/2016,BDL,CT,ANE,EN,Towers with Radar,177,48,22,2,249,0,0,6,0,6,177,48,28,2,255,0,0,0,255
05/07/2016,BDL,CT,ANE,EN,Towers with Radar,131,42,17,0,190,0,0,1,0,1,131,42,18,0,191,0,0,0,191
05/08/2016,BDL,CT,ANE,EN,Towers with Radar,143,60,18,0,221,0,0,7,0,7,143,60,25,0,228,0,0,0,228
05/09/2016,BDL,CT,ANE,EN,Towers with Radar,167,52,29,0,248,0,2,29,0,31,167,54,58,0,279,12,0,12,291
05/10/2016,BDL,CT,ANE,EN,Towers with Radar,183,52,36,5,276,0,0,21,14,35,183,52,57,19,311,6,0,6,317
05/11/2016,BDL,CT,ANE,EN,Towers with Radar,177,58,32,8,275,0,0,31,18,49,177,58,63,26,324,0,6,6,330
05/12/2016,BDL,CT,ANE,EN,Towers with Radar,174,57,46,7,284,0,4,31,11,46,174,61,77,18,330,20,0,20,350
05/13/2016,BDL,CT,ANE,EN,Towers with Radar,186,52,21,3,262,0,0,2,0,2,186,52,23,3,264,0,0,0,264
05/14/2016,BDL,CT,ANE,EN,Towers with Radar,136,50,29,2,217,0,0,10,0,10,136,50,39,2,227,0,0,0,227
05/15/2016,BDL,CT,ANE,EN,Towers with Radar,141,54,11,3,209,0,0,7,2,9,141,54,18,5,218,0,2,2,220
05/16/2016,BDL,CT,ANE,EN,Towers with Radar,168,56,21,1,246,1,3,11,0,15,169,59,32,1,261,4,0,4,265
05/17/2016,BDL,CT,ANE,EN,Towers with Radar,176,57,22,7,262,0,0,25,12,37,176,57,47,19,299,14,0,14,313
05/18/2016,BDL,CT,ANE,EN,Towers with Radar,175,53,38,2,268,0,0,25,11,36,175,53,63,13,304,6,0,6,310
05/19/2016,BDL,CT,ANE,EN,Towers with Radar,178,42,28,7,255,0,2,33,13,48,178,44,61,20,303,4,0,4,307
05/20/2016,BDL,CT,ANE,EN,Towers with Radar,177,58,30,1,266,0,1,27,1,29,177,59,57,2,295,0,0,0,295
05/21/2016,BDL,CT,ANE,EN,Towers with Radar,136,41,23,0,200,0,0,20,12,32,136,41,43,12,232,0,0,0,232
05/22/2016,BDL,CT,ANE,EN,Towers with Radar,143,44,18,0,205,0,0,16,4,20,143,44,34,4,225,0,0,0,225
05/23/2016,BDL,CT,ANE,EN,Towers with Radar,164,42,36,3,245,0,0,14,0,14,164,42,50,3,259,0,0,0,259
05/24/2016,BDL,CT,ANE,EN,Towers with Radar,183,54,23,7,267,0,0,10,5,15,183,54,33,12,282,0,0,0,282
05/25/2016,BDL,CT,ANE,EN,Towers with Radar,177,45,25,0,247,0,0,33,11,44,177,45,58,11,291,0,0,0,291
05/26/2016,BDL,CT,ANE,EN,Towers with Radar,182,52,24,5,263,0,1,23,17,41,182,53,47,22,304,0,0,0,304
05/27/2016,BDL,CT,ANE,EN,Towers with Radar,182,45,22,0,249,0,2,13,0,15,182,47,35,0,264,0,0,0,264
05/28/2016,BDL,CT,ANE,EN,Towers with Radar,132,43,13,1,189,0,0,12,0,12,132,43,25,1,201,0,0,0,201
05/29/2016,BDL,CT,ANE,EN,Towers with Radar,120,37,9,1,167,0,1,7,0,8,120,38,16,1,175,0,0,0,175
05/30/2016,BDL,CT,ANE,EN,Towers with Radar,145,36,24,0,205,0,0,2,0,2,145,36,26,0,207,0,0,0,207
05/31/2016,BDL,CT,ANE,EN,Towers with Radar,157,45,28,7,237,0,0,29,8,37,157,45,57,15,274,0,0,0,274
06/01/2016,BDL,CT,ANE,EN,Towers with Radar,175,45,38,3,261,0,0,28,17,45,175,45,66,20,306,0,0,0,306
06/02/2016,BDL,CT,ANE,EN,Towers with Radar,183,55,34,3,275,0,6,25,3,34,183,61,59,6,309,4,0,4,313
06/03/2016,BDL,CT,ANE,EN,Towers with Radar,178,48,42,9,277,0,0,4,0,4,178,48,46,9,281,0,0,0,281
06/04/2016,BDL,CT,ANE,EN,Towers with Radar,139,41,22,1,203,0,0,20,5,25,139,41,42,6,228,0,0,0,228
06/05/2016,BDL,CT,ANE,EN,Towers with Radar,140,43,21,1,205,0,0,1,0,1,140,43,22,1,206,0,0,0,206
06/06/2016,BDL,CT,ANE,EN,Towers with Radar,175,54,41,3,273,0,3,28,4,35,175,57,69,7,308,0,0,0,308
06/07/2016,BDL,CT,ANE,EN,Towers with Radar,186,53,27,14,280,0,1,23,10,34,186,54,50,24,314,0,0,0,314
06/08/2016,BDL,CT,ANE,EN,Towers with Radar,180,48,25,10,263,0,0,22,23,45,180,48,47,33,308,0,0,0,308
06/09/2016,BDL,CT,ANE,EN,Towers with Radar,180,56,22,10,268,0,6,23,19,48,180,62,45,29,316,0,0,0,316
06/10/2016,BDL,CT,ANE,EN,Towers with Radar,194,59,48,0,301,0,1,23,1,25,194,60,71,1,326,2,0,2,328
06/11/2016,BDL,CT,ANE,EN,Towers with Radar,150,46,11,5,212,0,0,8,4,12,150,46,19,9,224,0,0,0,224
06/12/2016,BDL,CT,ANE,EN,Towers with Radar,152,41,19,0,212,0,0,19,8,27,152,41,38,8,239,0,0,0,239
06/13/2016,BDL,CT,ANE,EN,Towers with Radar,164,63,32,6,265,0,0,24,12,36,164,63,56,18,301,0,0,0,301
06/14/2016,BDL,CT,ANE,EN,Towers with Radar,179,55,13,9,256,0,3,39,7,49,179,58,52,16,305,6,0,6,311
06/15/2016,BDL,CT,ANE,EN,Towers with Radar,181,56,33,6,276,0,2,32,17,51,181,58,65,23,327,0,0,0,327
06/16/2016,BDL,CT,ANE,EN,Towers with Radar,171,49,30,2,252,0,0,27,5,32,171,49,57,7,284,0,0,0,284
06/17/2016,BDL,CT,ANE,EN,Towers with Radar,177,67,28,6,278,0,0,16,1,17,177,67,44,7,295,0,0,0,295
06/18/2016,BDL,CT,ANE,EN,Towers with Radar,150,43,21,1,215,0,0,53,0,53,150,43,74,1,268,0,0,0,268
06/19/2016,BDL,CT,ANE,EN,Towers with Radar,148,46,10,3,207,0,0,18,0,18,148,46,28,3,225,0,0,0,225
06/20/2016,BDL,CT,ANE,EN,Towers with Radar,170,54,31,2,257,0,0,35,0,35,170,54,66,2,292,12,0,12,304
06/21/2016,BDL,CT,ANE,EN,Towers with Radar,170,57,23,4,254,0,0,23,9,32,170,57,46,13,286,0,0,0,286
06/22/2016,BDL,CT,ANE,EN,Towers with Radar,188,67,32,4,291,0,0,40,13,53,188,67,72,17,344,0,0,0,344
06/23/2016,BDL,CT,ANE,EN,Towers with Radar,167,59,36,8,270,0,2,29,13,44,167,61,65,21,314,6,0,6,320
06/24/2016,BDL,CT,ANE,EN,Towers with Radar,183,60,32,6,281,0,0,20,1,21,183,60,52,7,302,0,0,0,302
06/25/2016,BDL,CT,ANE,EN,Towers with Radar,146,49,11,1,207,0,0,27,0,27,146,49,38,1,234,0,0,0,234
06/26/2016,BDL,CT,ANE,EN,Towers with Radar,150,44,21,0,215,0,0,8,0,8,150,44,29,0,223,14,0,14,237
06/27/2016,BDL,CT,ANE,EN,Towers with Radar,168,54,32,2,256,0,4,20,0,24,168,58,52,2,280,0,0,0,280
06/28/2016,BDL,CT,ANE,EN,Towers with Radar,175,47,44,4,270,0,0,6,4,10,175,47,50,8,280,2,0,2,282
06/29/2016,BDL,CT,ANE,EN,Towers with Radar,182,59,46,8,295,0,6,21,16,43,182,65,67,24,338,0,2,2,340
06/30/2016,BDL,CT,ANE,EN,Towers with Radar,179,60,36,6,281,0,0,40,10,50,179,60,76,16,331,0,0,0,331
07/01/2016,BDL,CT,ANE,EN,Towers with Radar,182,41,26,0,249,0,0,8,0,8,182,41,34,0,257,0,0,0,257
07/02/2016,BDL,CT,ANE,EN,Towers with Radar,140,39,6,0,185,0,0,5,0,5,140,39,11,0,190,0,0,0,190
07/03/2016,BDL,CT,ANE,EN,Towers with Radar,117,36,12,0,165,0,0,12,0,12,117,36,24,0,177,0,0,0,177
07/04/2016,BDL,CT,ANE,EN,Towers with Radar,131,41,5,4,181,0,0,10,0,10,131,41,15,4,191,0,0,0,191
07/05/2016,BDL,CT,ANE,EN,Towers with Radar,162,49,29,10,250,0,0,12,4,16,162,49,41,14,266,0,0,0,266
07/06/2016,BDL,CT,ANE,EN,Towers with Radar,176,55,25,12,268,0,0,22,18,40,176,55,47,30,308,0,0,0,308
07/07/2016,BDL,CT,ANE,EN,Towers with Radar,187,43,17,3,250,0,0,9,9,18,187,43,26,12,268,0,0,0,268
07/08/2016,BDL,CT,ANE,EN,Towers with Radar,186,59,16,8,269,0,0,7,0,7,186,59,23,8,276,0,0,0,276
07/09/2016,BDL,CT,ANE,EN,Towers with Radar,153,50,23,1,227,0,1,2,0,3,153,51,25,1,230,0,0,0,230
07/10/2016,BDL,CT,ANE,EN,Towers with Radar,151,43,25,0,219,0,0,9,0,9,151,43,34,0,228,0,0,0,228
07/11/2016,BDL,CT,ANE,EN,Towers with Radar,168,56,21,0,245,0,0,40,1,41,168,56,61,1,286,0,0,0,286
07/12/2016,BDL,CT,ANE,EN,Towers with Radar,181,51,12,12,256,0,2,39,5,46,181,53,51,17,302,0,0,0,302
07/13/2016,BDL,CT,ANE,EN,Towers with Radar,184,51,16,6,257,0,2,15,15,32,184,53,31,21,289,0,0,0,289
07/14/2016,BDL,CT,ANE,EN,Towers with Radar,192,53,42,10,297,0,0,3,4,7,192,53,45,14,304,0,0,0,304
07/15/2016,BDL,CT,ANE,EN,Towers with Radar,175,51,26,2,254,0,0,21,1,22,175,51,47,3,276,0,0,0,276
07/16/2016,BDL,CT,ANE,EN,Towers with Radar,155,42,14,1,212,0,0,22,10,32,155,42,36,11,244,0,0,0,244
07/17/2016,BDL,CT,ANE,EN,Towers with Radar,148,38,9,3,198,0,0,12,7,19,148,38,21,10,217,0,0,0,217
07/18/2016,BDL,CT,ANE,EN,Towers with Radar,172,59,15,3,249,0,0,22,1,23,172,59,37,4,272,0,0,0,272
07/19/2016,BDL,CT,ANE,EN,Towers with Radar,187,50,20,10,267,0,0,30,8,38,187,50,50,18,305,0,0,0,305
07/20/2016,BDL,CT,ANE,EN,Towers with Radar,180,51,25,8,264,0,2,27,10,39,180,53,52,18,303,0,0,0,303
07/21/2016,BDL,CT,ANE,EN,Towers with Radar,166,54,41,5,266,0,0,31,6,37,166,54,72,11,303,0,0,0,303
07/22/2016,BDL,CT,ANE,EN,Towers with Radar,163,53,23,2,241,0,3,13,0,16,163,56,36,2,257,0,0,0,257
07/23/2016,BDL,CT,ANE,EN,Towers with Radar,145,47,13,2,207,0,0,7,0,7,145,47,20,2,214,0,0,0,214
07/24/2016,BDL,CT,ANE,EN,Towers with Radar,144,44,16,0,204,0,3,18,0,21,144,47,34,0,225,0,0,0,225
07/25/2016,BDL,CT,ANE,EN,Towers with Radar,159,44,31,3,237,0,0,18,1,19,159,44,49,4,256,0,0,0,256
07/26/2016,BDL,CT,ANE,EN,Towers with Radar,184,49,23,7,263,0,0,39,8,47,184,49,62,15,310,0,0,0,310
07/27/2016,BDL,CT,ANE,EN,Towers with Radar,179,52,21,6,258,0,0,18,9,27,179,52,39,15,285,0,0,0,285
07/28/2016,BDL,CT,ANE,EN,Towers with Radar,181,44,26,5,256,0,0,27,17,44,181,44,53,22,300,0,0,0,300
07/29/2016,BDL,CT,ANE,EN,Towers with Radar,171,54,17,5,247,0,0,12,1,13,171,54,29,6,260,0,0,0,260
07/30/2016,BDL,CT,ANE,EN,Towers with Radar,130,50,12,0,192,0,1,7,0,8,130,51,19,0,200,0,0,0,200
07/31/2016,BDL,CT,ANE,EN,Towers with Radar,150,44,30,1,225,0,0,2,0,2,150,44,32,1,227,0,0,0,227
08/01/2016,BDL,CT,ANE,EN,Towers with Radar,161,50,27,0,238,0,0,8,0,8,161,50,35,0,246,0,0,0,246
08/02/2016,BDL,CT,ANE,EN,Towers with Radar,178,52,34,11,275,0,0,24,10,34,178,52,58,21,309,0,0,0,309
08/03/2016,BDL,CT,ANE,EN,Towers with Radar,183,59,30,2,274,0,2,23,12,37,183,61,53,14,311,0,0,0,311
08/04/2016,BDL,CT,ANE,EN,Towers with Radar,173,58,12,3,246,0,0,25,15,40,173,58,37,18,286,0,1,1,287
08/05/2016,BDL,CT,ANE,EN,Towers with Radar,174,64,16,1,255,0,0,20,0,20,174,64,36,1,275,0,0,0,275
08/06/2016,BDL,CT,ANE,EN,Towers with Radar,138,48,12,2,200,0,0,7,10,17,138,48,19,12,217,0,0,0,217
08/07/2016,BDL,CT,ANE,EN,Towers with Radar,142,52,25,2,221,0,0,34,5,39,142,52,59,7,260,0,0,0,260
08/08/2016,BDL,CT,ANE,EN,Towers with Radar,148,62,25,0,235,0,0,21,2,23,148,62,46,2,258,0,0,0,258
08/09/2016,BDL,CT,ANE,EN,Towers with Radar,161,54,21,5,241,0,0,27,12,39,161,54,48,17,280,0,0,0,280
08/10/2016,BDL,CT,ANE,EN,Towers with Radar,170,65,41,3,279,0,0,9,17,26,170,65,50,20,305,0,0,0,305
08/11/2016,BDL,CT,ANE,EN,Towers with Radar,170,59,21,4,254,0,0,3,11,14,170,59,24,15,268,0,0,0,268
08/12/2016,BDL,CT,ANE,EN,Towers with Radar,162,67,13,9,251,0,0,2,0,2,162,67,15,9,253,0,4,4,257
08/13/2016,BDL,CT,ANE,EN,Towers with Radar,137,40,7,2,186,0,0,11,7,18,137,40,18,9,204,12,0,12,216
08/14/2016,BDL,CT,ANE,EN,Towers with Radar,147,56,15,3,221,0,0,16,0,16,147,56,31,3,237,0,0,0,237
08/15/2016,BDL,CT,ANE,EN,Towers with Radar,150,61,24,2,237,0,0,26,0,26,150,61,50,2,263,0,0,0,263
08/16/2016,BDL,CT,ANE,EN,Towers with Radar,171,57,24,5,257,0,0,13,3,16,171,57,37,8,273,0,0,0,273
08/17/2016,BDL,CT,ANE,EN,Towers with Radar,177,54,27,4,262,0,2,31,14,47,177,56,58,18,309,0,0,0,309
08/18/2016,BDL,CT,ANE,EN,Towers with Radar,173,47,31,4,255,0,0,15,15,30,173,47,46,19,285,0,0,0,285
08/19/2016,BDL,CT,ANE,EN,Towers with Radar,162,63,23,1,249,0,0,29,1,30,162,63,52,2,279,2,0,2,281
08/20/2016,BDL,CT,ANE,EN,Towers with Radar,130,52,8,1,191,0,0,12,1,13,130,52,20,2,204,0,0,0,204
08/21/2016,BDL,CT,ANE,EN,Towers with Radar,139,42,11,1,193,0,0,12,0,12,139,42,23,1,205,4,0,4,209
08/22/2016,BDL,CT,ANE,EN,Towers with Radar,161,50,12,3,226,0,0,4,1,5,161,50,16,4,231,0,0,0,231
08/23/2016,BDL,CT,ANE,EN,Towers with Radar,181,49,17,12,259,0,0,21,14,35,181,49,38,26,294,4,0,4,298
08/24/2016,BDL,CT,ANE,EN,Towers with Radar,172,49,22,5,248,0,3,12,11,26,172,52,34,16,274,0,0,0,274
08/25/2016,BDL,CT,ANE,EN,Towers with Radar,173,54,29,10,266,0,0,17,15,32,173,54,46,25,298,0,0,0,298
08/26/2016,BDL,CT,ANE,EN,Towers with Radar,177,58,20,1,256,0,0,9,4,13,177,58,29,5,269,0,0,0,269
08/27/2016,BDL,CT,ANE,EN,Towers with Radar,133,35,20,0,188,0,0,17,0,17,133,35,37,0,205,0,0,0,205
08/28/2016,BDL,CT,ANE,EN,Towers with Radar,141,42,14,1,198,0,0,7,0,7,141,42,21,1,205,0,0,0,205
08/29/2016,BDL,CT,ANE,EN,Towers with Radar,161,47,35,0,243,0,3,25,0,28,161,50,60,0,271,0,0,0,271
08/30/2016,BDL,CT,ANE,EN,Towers with Radar,175,50,34,6,265,0,0,28,12,40,175,50,62,18,305,2,0,2,307
08/31/2016,BDL,CT,ANE,EN,Towers with Radar,168,52,25,13,258,0,0,16,13,29,168,52,41,26,287,0,0,0,287
09/01/2016,BDL,CT,ANE,EN,Towers with Radar,171,56,27,5,259,0,0,9,18,27,171,56,36,23,286,0,0,0,286
09/02/2016,BDL,CT,ANE,EN,Towers with Radar,175,55,16,0,246,0,2,11,2,15,175,57,27,2,261,0,0,0,261
09/03/2016,BDL,CT,ANE,EN,Towers with Radar,121,40,6,0,167,0,0,4,0,4,121,40,10,0,171,0,0,0,171
09/04/2016,BDL,CT,ANE,EN,Towers with Radar,103,27,15,0,145,0,0,2,0,2,103,27,17,0,147,0,0,0,147
09/05/2016,BDL,CT,ANE,EN,Towers with Radar,137,43,8,0,188,0,0,10,0,10,137,43,18,0,198,0,0,0,198
09/06/2016,BDL,CT,ANE,EN,Towers with Radar,150,60,31,4,245,0,0,10,1,11,150,60,41,5,256,6,0,6,262
09/07/2016,BDL,CT,ANE,EN,Towers with Radar,167,62,36,12,277,0,0,18,9,27,167,62,54,21,304,0,0,0,304
09/08/2016,BDL,CT,ANE,EN,Towers with Radar,175,58,34,6,273,0,2,24,18,44,175,60,58,24,317,0,0,0,317
09/09/2016,BDL,CT,ANE,EN,Towers with Radar,168,52,53,4,277,0,1,26,7,34,168,53,79,11,311,0,0,0,311
09/10/2016,BDL,CT,ANE,EN,Towers with Radar,127,49,11,2,189,0,0,8,13,21,127,49,19,15,210,0,0,0,210
09/11/2016,BDL,CT,ANE,EN,Towers with Radar,141,45,19,0,205,0,0,7,2,9,141,45,26,2,214,0,0,0,214
09/12/2016,BDL,CT,ANE,EN,Towers with Radar,160,57,25,3,245,0,1,10,0,11,160,58,35,3,256,0,0,0,256
09/13/2016,BDL,CT,ANE,EN,Towers with Radar,168,63,31,7,269,0,1,21,2,24,168,64,52,9,293,0,0,0,293
09/14/2016,BDL,CT,ANE,EN,Towers with Radar,170,60,35,12,277,0,0,13,17,30,170,60,48,29,307,0,0,0,307
09/15/2016,BDL,CT,ANE,EN,Towers with Radar,169,60,25,9,263,0,2,19,15,36,169,62,44,24,299,4,0,4,303
09/16/2016,BDL,CT,ANE,EN,Towers with Radar,168,64,31,2,265,0,0,9,4,13,168,64,40,6,278,0,0,0,278
09/17/2016,BDL,CT,ANE,EN,Towers with Radar,126,48,23,0,197,0,0,10,0,10,126,48,33,0,207,0,0,0,207
09/18/2016,BDL,CT,ANE,EN,Towers with Radar,137,43,22,0,202,0,0,5,0,5,137,43,27,0,207,0,0,0,207
09/19/2016,BDL,CT,ANE,EN,Towers with Radar,158,57,37,3,255,0,0,7,0,7,158,57,44,3,262,0,0,0,262
09/20/2016,BDL,CT,ANE,EN,Towers with Radar,168,60,47,7,282,0,0,8,4,12,168,60,55,11,294,0,0,0,294
09/21/2016,BDL,CT,ANE,EN,Towers with Radar,165,72,51,3,291,0,5,44,16,65,165,77,95,19,356,0,0,0,356
09/22/2016,BDL,CT,ANE,EN,Towers with Radar,169,65,46,6,286,0,0,22,15,37,169,65,68,21,323,12,0,12,335
09/23/2016,BDL,CT,ANE,EN,Towers with Radar,162,64,41,3,270,0,2,22,2,26,162,66,63,5,296,0,0,0,296
09/24/2016,BDL,CT,ANE,EN,Towers with Radar,131,50,20,2,203,0,0,14,1,15,131,50,34,3,218,0,0,0,218
09/25/2016,BDL,CT,ANE,EN,Towers with Radar,135,54,25,0,214,0,0,23,0,23,135,54,48,0,237,0,0,0,237
09/26/2016,BDL,CT,ANE,EN,Towers with Radar,157,58,24,3,242,0,0,19,0,19,157,58,43,3,261,0,0,0,261
09/27/2016,BDL,CT,ANE,EN,Towers with Radar,174,56,30,3,263,0,0,14,3,17,174,56,44,6,280,2,0,2,282
09/28/2016,BDL,CT,ANE,EN,Towers with Radar,169,61,43,2,275,0,0,5,6,11,169,61,48,8,286,0,0,0,286
09/29/2016,BDL,CT,ANE,EN,Towers with Radar,167,64,33,4,268,0,0,10,5,15,167,64,43,9,283,0,0,0,283
09/30/2016,BDL,CT,ANE,EN,Towers with Radar,174,80,37,1,292,0,0,6,0,6,174,80,43,1,298,0,0,0,298
10/01/2016,BDL,CT,ANE,EN,Towers with Radar,128,46,24,1,199,0,0,0,0,0,128,46,24,1,199,0,0,0,199
10/02/2016,BDL,CT,ANE,EN,Towers with Radar,139,50,19,0,208,0,0,0,0,0,139,50,19,0,208,0,0,0,208
10/03/2016,BDL,CT,ANE,EN,Towers with Radar,167,57,20,0,244,0,0,7,0,7,167,57,27,0,251,0,0,0,251
10/04/2016,BDL,CT,ANE,EN,Towers with Radar,175,57,35,8,275,0,0,12,6,18,175,57,47,14,293,0,0,0,293
10/05/2016,BDL,CT,ANE,EN,Towers with Radar,179,62,32,4,277,0,5,27,14,46,179,67,59,18,323,0,0,0,323
10/06/2016,BDL,CT,ANE,EN,Towers with Radar,164,59,26,1,250,0,0,19,0,19,164,59,45,1,269,0,19,19,288
10/07/2016,BDL,CT,ANE,EN,Towers with Radar,157,69,41,0,267,0,0,26,2,28,157,69,67,2,295,0,0,0,295
10/08/2016,BDL,CT,ANE,EN,Towers with Radar,124,57,19,0,200,0,0,3,1,4,124,57,22,1,204,0,0,0,204
10/09/2016,BDL,CT,ANE,EN,Towers with Radar,141,48,21,0,210,0,0,4,0,4,141,48,25,0,214,0,0,0,214
10/10/2016,BDL,CT,ANE,EN,Towers with Radar,155,56,33,0,244,0,0,14,0,14,155,56,47,0,258,0,0,0,258
10/11/2016,BDL,CT,ANE,EN,Towers with Radar,179,69,33,4,285,0,0,11,6,17,179,69,44,10,302,0,0,0,302
10/12/2016,BDL,CT,ANE,EN,Towers with Radar,174,67,35,7,283,0,0,26,17,43,174,67,61,24,326,0,0,0,326
10/13/2016,BDL,CT,ANE,EN,Towers with Radar,174,66,35,17,292,0,0,7,7,14,174,66,42,24,306,0,14,14,320
10/14/2016,BDL,CT,ANE,EN,Towers with Radar,172,79,23,3,277,0,4,10,10,24,172,83,33,13,301,0,2,2,303
10/15/2016,BDL,CT,ANE,EN,Towers with Radar,124,58,20,2,204,0,0,15,10,25,124,58,35,12,229,0,0,0,229
10/16/2016,BDL,CT,ANE,EN,Towers with Radar,139,46,18,9,212,0,3,9,12,24,139,49,27,21,236,0,0,0,236
10/17/2016,BDL,CT,ANE,EN,Towers with Radar,167,56,20,2,245,0,0,16,1,17,167,56,36,3,262,0,0,0,262
10/18/2016,BDL,CT,ANE,EN,Towers with Radar,178,62,27,8,275,0,0,11,10,21,178,62,38,18,296,0,0,0,296
10/19/2016,BDL,CT,ANE,EN,Towers with Radar,176,58,22,5,261,0,0,34,13,47,176,58,56,18,308,8,0,8,316
10/20/2016,BDL,CT,ANE,EN,Towers with Radar,175,61,52,4,292,0,0,29,11,40,175,61,81,15,332,0,0,0,332
10/21/2016,BDL,CT,ANE,EN,Towers with Radar,179,66,40,3,288,0,0,0,0,0,179,66,40,3,288,0,0,0,288
10/22/2016,BDL,CT,ANE,EN,Towers with Radar,129,50,11,2,192,0,0,4,0,4,129,50,15,2,196,0,0,0,196
10/23/2016,BDL,CT,ANE,EN,Towers with Radar,145,46,11,1,203,0,1,11,2,14,145,47,22,3,217,0,0,0,217
10/24/2016,BDL,CT,ANE,EN,Towers with Radar,159,60,22,1,242,0,0,14,4,18,159,60,36,5,260,0,0,0,260
10/25/2016,BDL,CT,ANE,EN,Towers with Radar,179,74,27,5,285,0,1,10,12,23,179,75,37,17,308,0,0,0,308
10/26/2016,BDL,CT,ANE,EN,Towers with Radar,173,62,37,3,275,0,3,34,14,51,173,65,71,17,326,0,0,0,326
10/27/2016,BDL,CT,ANE,EN,Towers with Radar,176,57,34,0,267,0,1,5,0,6,176,58,39,0,273,0,0,0,273
10/28/2016,BDL,CT,ANE,EN,Towers with Radar,169,77,23,4,273,0,0,8,7,15,169,77,31,11,288,4,0,4,292
10/29/2016,BDL,CT,ANE,EN,Towers with Radar,127,46,17,0,190,0,0,10,0,10,127,46,27,0,200,4,0,4,204
10/30/2016,BDL,CT,ANE,EN,Towers with Radar,147,50,25,0,222,0,0,7,0,7,147,50,32,0,229,0,0,0,229
10/31/2016,BDL,CT,ANE,EN,Towers with Radar,151,49,16,2,218,0,0,14,2,16,151,49,30,4,234,0,0,0,234
11/01/2016,BDL,CT,ANE,EN,Towers with Radar,168,64,24,9,265,0,4,31,6,41,168,68,55,15,306,6,2,8,314
11/02/2016,BDL,CT,ANE,EN,Towers with Radar,172,60,29,5,266,0,1,30,12,43,172,61,59,17,309,0,0,0,309
11/03/2016,BDL,CT,ANE,EN,Towers with Radar,174,66,39,5,284,0,1,15,6,22,174,67,54,11,306,0,0,0,306
11/04/2016,BDL,CT,ANE,EN,Towers with Radar,170,75,22,4,271,0,2,12,0,14,170,77,34,4,285,0,0,0,285
11/05/2016,BDL,CT,ANE,EN,Towers with Radar,127,42,6,7,182,0,0,8,3,11,127,42,14,10,193,0,0,0,193
11/06/2016,BDL,CT,ANE,EN,Towers with Radar,141,49,24,3,217,0,1,25,5,31,141,50,49,8,248,0,0,0,248
11/07/2016,BDL,CT,ANE,EN,Towers with Radar,154,62,35,2,253,0,0,16,0,16,154,62,51,2,269,0,0,0,269
11/08/2016,BDL,CT,ANE,EN,Towers with Radar,163,58,29,13,263,0,0,30,7,37,163,58,59,20,300,0,0,0,300
11/09/2016,BDL,CT,ANE,EN,Towers with Radar,176,55,32,7,270,0,2,9,18,29,176,57,41,25,299,0,0,0,299
11/10/2016,BDL,CT,ANE,EN,Towers with Radar,185,60,23,9,277,0,1,15,7,23,185,61,38,16,300,8,0,8,308
11/11/2016,BDL,CT,ANE,EN,Towers with Radar,176,67,27,0,270,0,0,16,0,16,176,67,43,0,286,0,0,0,286
11/12/2016,BDL,CT,ANE,EN,Towers with Radar,130,47,13,0,190,0,1,12,0,13,130,48,25,0,203,0,0,0,203
11/13/2016,BDL,CT,ANE,EN,Towers with Radar,142,47,13,0,202,0,2,16,0,18,142,49,29,0,220,0,0,0,220
11/14/2016,BDL,CT,ANE,EN,Towers with Radar,171,56,24,1,252,0,2,17,2,21,171,58,41,3,273,2,0,2,275
11/15/2016,BDL,CT,ANE,EN,Towers with Radar,178,71,25,5,279,0,0,4,1,5,178,71,29,6,284,0,0,0,284
11/16/2016,BDL,CT,ANE,EN,Towers with Radar,179,75,26,14,294,0,2,20,11,33,179,77,46,25,327,0,0,0,327
11/17/2016,BDL,CT,ANE,EN,Towers with Radar,176,68,32,8,284,0,0,25,8,33,176,68,57,16,317,0,0,0,317
11/18/2016,BDL,CT,ANE,EN,Towers with Radar,182,67,32,2,283,0,0,18,4,22,182,67,50,6,305,0,0,0,305
11/19/2016,BDL,CT,ANE,EN,Towers with Radar,130,50,22,1,203,0,2,19,7,28,130,52,41,8,231,0,0,0,231
11/20/2016,BDL,CT,ANE,EN,Towers with Radar,148,45,18,2,213,0,0,2,8,10,148,45,20,10,223,0,0,0,223
11/21/2016,BDL,CT,ANE,EN,Towers with Radar,165,48,27,0,240,0,0,4,3,7,165,48,31,3,247,0,0,0,247
11/22/2016,BDL,CT,ANE,EN,Towers with Radar,174,58,20,4,256,0,1,15,8,24,174,59,35,12,280,0,0,0,280
11/23/2016,BDL,CT,ANE,EN,Towers with Radar,180,53,28,4,265,0,0,15,2,17,180,53,43,6,282,0,2,2,284
11/24/2016,BDL,CT,ANE,EN,Towers with Radar,102,31,7,0,140,0,0,0,0,0,102,31,7,0,140,0,0,0,140
11/25/2016,BDL,CT,ANE,EN,Towers with Radar,131,33,17,0,181,0,0,0,0,0,131,33,17,0,181,0,0,0,181
11/26/2016,BDL,CT,ANE,EN,Towers with Radar,150,50,5,0,205,0,0,4,0,4,150,50,9,0,209,0,0,0,209
11/27/2016,BDL,CT,ANE,EN,Towers with Radar,173,48,27,0,248,0,0,11,0,11,173,48,38,0,259,0,0,0,259
11/28/2016,BDL,CT,ANE,EN,Towers with Radar,183,66,40,2,291,0,1,25,0,26,183,67,65,2,317,0,0,0,317
11/29/2016,BDL,CT,ANE,EN,Towers with Radar,183,70,35,2,290,0,0,0,0,0,183,70,35,2,290,0,0,0,290
11/30/2016,BDL,CT,ANE,EN,Towers with Radar,176,58,32,9,275,0,0,3,0,3,176,58,35,9,278,0,0,0,278
12/01/2016,BDL,CT,ANE,EN,Towers with Radar,178,54,33,10,275,0,0,13,11,24,178,54,46,21,299,0,0,0,299
12/02/2016,BDL,CT,ANE,EN,Towers with Radar,169,69,23,7,268,0,1,18,1,20,169,70,41,8,288,0,0,0,288
12/03/2016,BDL,CT,ANE,EN,Towers with Radar,119,43,6,2,170,0,0,13,0,13,119,43,19,2,183,0,0,0,183
12/04/2016,BDL,CT,ANE,EN,Towers with Radar,135,51,31,0,217,0,0,24,0,24,135,51,55,0,241,0,0,0,241
12/05/2016,BDL,CT,ANE,EN,Towers with Radar,161,65,20,1,247,0,0,10,0,10,161,65,30,1,257,6,0,6,263
12/06/2016,BDL,CT,ANE,EN,Towers with Radar,177,60,25,4,266,0,3,19,6,28,177,63,44,10,294,2,0,2,296
12/07/2016,BDL,CT,ANE,EN,Towers with Radar,175,68,24,5,272,0,0,2,9,11,175,68,26,14,283,0,0,0,283
12/08/2016,BDL,CT,ANE,EN,Towers with Radar,173,65,47,4,289,0,0,17,10,27,173,65,64,14,316,0,0,0,316
12/09/2016,BDL,CT,ANE,EN,Towers with Radar,169,71,27,4,271,0,0,10,2,12,169,71,37,6,283,0,0,0,283
12/10/2016,BDL,CT,ANE,EN,Towers with Radar,118,37,24,2,181,0,0,19,9,28,118,37,43,11,209,0,0,0,209
12/11/2016,BDL,CT,ANE,EN,Towers with Radar,127,42,10,1,180,0,2,5,0,7,127,44,15,1,187,0,0,0,187
12/12/2016,BDL,CT,ANE,EN,Towers with Radar,161,54,20,2,237,0,0,8,0,8,161,54,28,2,245,0,0,0,245
12/13/2016,BDL,CT,ANE,EN,Towers with Radar,172,57,25,8,262,0,4,43,6,53,172,61,68,14,315,2,0,2,317
12/14/2016,BDL,CT,ANE,EN,Towers with Radar,175,53,25,7,260,0,0,24,18,42,175,53,49,25,302,0,0,0,302
12/15/2016,BDL,CT,ANE,EN,Towers with Radar,175,58,33,5,271,0,0,19,3,22,175,58,52,8,293,0,0,0,293
12/16/2016,BDL,CT,ANE,EN,Towers with Radar,164,72,41,2,279,0,0,14,0,14,164,72,55,2,293,0,0,0,293
12/17/2016,BDL,CT,ANE,EN,Towers with Radar,113,24,9,0,146,0,0,0,0,0,113,24,9,0,146,0,0,0,146
12/18/2016,BDL,CT,ANE,EN,Towers with Radar,152,42,9,0,203,0,0,1,0,1,152,42,10,0,204,0,0,0,204
12/19/2016,BDL,CT,ANE,EN,Towers with Radar,167,57,28,0,252,0,1,10,0,11,167,58,38,0,263,0,0,0,263
12/20/2016,BDL,CT,ANE,EN,Towers with Radar,177,64,24,6,271,0,1,19,8,28,177,65,43,14,299,6,0,6,305
12/21/2016,BDL,CT,ANE,EN,Towers with Radar,187,58,26,4,275,0,0,21,18,39,187,58,47,22,314,0,0,0,314
12/22/2016,BDL,CT,ANE,EN,Towers with Radar,186,62,27,3,278,0,0,12,14,26,186,62,39,17,304,0,0,0,304
12/23/2016,BDL,CT,ANE,EN,Towers with Radar,178,61,18,2,259,0,0,12,0,12,178,61,30,2,271,0,0,0,271
12/24/2016,BDL,CT,ANE,EN,Towers with Radar,133,34,2,0,169,0,0,0,0,0,133,34,2,0,169,0,0,0,169
12/25/2016,BDL,CT,ANE,EN,Towers with Radar,102,23,2,0,127,0,0,1,0,1,102,23,3,0,128,0,0,0,128
12/26/2016,BDL,CT,ANE,EN,Towers with Radar,136,48,12,0,196,0,1,8,0,9,136,49,20,0,205,0,0,0,205
12/27/2016,BDL,CT,ANE,EN,Towers with Radar,165,56,37,0,258,0,0,6,2,8,165,56,43,2,266,0,0,0,266
12/28/2016,BDL,CT,ANE,EN,Towers with Radar,178,47,37,4,266,0,0,13,4,17,178,47,50,8,283,0,0,0,283
12/29/2016,BDL,CT,ANE,EN,Towers with Radar,177,42,4,0,223,0,0,0,0,0,177,42,4,0,223,0,0,0,223
12/30/2016,BDL,CT,ANE,EN,Towers with Radar,172,62,8,0,242,0,0,0,0,0,172,62,8,0,242,0,0,0,242
12/31/2016,BDL,CT,ANE,EN,Towers with Radar,125,38,12,0,175,0,0,11,0,11,125,38,23,0,186,0,0,0,186
01/01/2017,BDL,CT,ANE,EN,Towers with Radar,121,31,8,0,160,0,0,9,0,9,121,31,17,0,169,0,0,0,169
01/02/2017,BDL,CT,ANE,EN,Towers with Radar,144,43,21,0,208,0,0,4,0,4,144,43,25,0,212,0,0,0,212
01/03/2017,BDL,CT,ANE,EN,Towers with Radar,155,44,13,2,214,0,0,0,0,0,155,44,13,2,214,0,0,0,214
01/04/2017,BDL,CT,ANE,EN,Towers with Radar,165,42,11,2,220,0,1,4,16,21,165,43,15,18,241,0,0,0,241
01/05/2017,BDL,CT,ANE,EN,Towers with Radar,168,33,16,1,218,0,0,11,13,24,168,33,27,14,242,4,0,4,246
01/06/2017,BDL,CT,ANE,EN,Towers with Radar,161,32,20,1,214,0,0,5,1,6,161,32,25,2,220,0,0,0,220
01/07/2017,BDL,CT,ANE,EN,Towers with Radar,127,35,10,1,173,0,0,2,0,2,127,35,12,1,175,0,0,0,175
01/08/2017,BDL,CT,ANE,EN,Towers with Radar,133,42,23,0,198,0,2,2,0,4,133,44,25,0,202,0,0,0,202
01/09/2017,BDL,CT,ANE,EN,Towers with Radar,158,48,21,6,233,0,1,17,0,18,158,49,38,6,251,0,0,0,251
01/10/2017,BDL,CT,ANE,EN,Towers with Radar,161,42,22,4,229,0,0,4,6,10,161,42,26,10,239,0,0,0,239
01/11/2017,BDL,CT,ANE,EN,Towers with Radar,164,56,23,14,257,0,6,12,15,33,164,62,35,29,290,0,0,0,290
01/12/2017,BDL,CT,ANE,EN,Towers with Radar,170,42,19,9,240,0,0,11,4,15,170,42,30,13,255,0,0,0,255
01/13/2017,BDL,CT,ANE,EN,Towers with Radar,162,63,23,2,250,0,2,20,0,22,162,65,43,2,272,0,0,0,272
01/14/2017,BDL,CT,ANE,EN,Towers with Radar,128,33,23,0,184,0,1,16,0,17,128,34,39,0,201,0,0,0,201
01/15/2017,BDL,CT,ANE,EN,Towers with Radar,124,37,24,0,185,0,0,8,0,8,124,37,32,0,193,0,0,0,193
01/16/2017,BDL,CT,ANE,EN,Towers with Radar,153,50,20,0,223,0,0,22,0,22,153,50,42,0,245,0,0,0,245
01/17/2017,BDL,CT,ANE,EN,Towers with Radar,163,55,12,7,237,0,0,2,5,7,163,55,14,12,244,0,0,0,244
01/18/2017,BDL,CT,ANE,EN,Towers with Radar,165,48,20,7,240,0,0,0,0,0,165,48,20,7,240,0,0,0,240
01/19/2017,BDL,CT,ANE,EN,Towers with Radar,175,56,34,7,272,0,0,20,22,42,175,56,54,29,314,0,0,0,314
01/20/2017,BDL,CT,ANE,EN,Towers with Radar,168,60,26,3,257,0,0,8,0,8,168,60,34,3,265,0,0,0,265
01/21/2017,BDL,CT,ANE,EN,Towers with Radar,136,39,18,3,196,0,0,5,6,11,136,39,23,9,207,0,0,0,207
01/22/2017,BDL,CT,ANE,EN,Towers with Radar,128,52,23,0,203,0,0,0,0,0,128,52,23,0,203,0,0,0,203
01/23/2017,BDL,CT,ANE,EN,Towers with Radar,157,40,24,3,224,0,0,0,0,0,157,40,24,3,224,0,0,0,224
01/24/2017,BDL,CT,ANE,EN,Towers with Radar,170,49,23,3,245,0,0,0,0,0,170,49,23,3,245,0,0,0,245
01/25/2017,BDL,CT,ANE,EN,Towers with Radar,169,50,33,9,261,0,0,16,18,34,169,50,49,27,295,0,0,0,295
01/26/2017,BDL,CT,ANE,EN,Towers with Radar,177,48,23,6,254,0,0,11,20,31,177,48,34,26,285,0,0,0,285
01/27/2017,BDL,CT,ANE,EN,Towers with Radar,173,59,20,9,261,0,0,16,0,16,173,59,36,9,277,0,0,0,277
01/28/2017,BDL,CT,ANE,EN,Towers with Radar,131,32,14,0,177,0,0,10,1,11,131,32,24,1,188,0,0,0,188
01/29/2017,BDL,CT,ANE,EN,Towers with Radar,127,39,12,0,178,0,0,4,0,4,127,39,16,0,182,0,0,0,182
01/30/2017,BDL,CT,ANE,EN,Towers with Radar,156,48,37,2,243,0,0,18,0,18,156,48,55,2,261,0,0,0,261
01/31/2017,BDL,CT,ANE,EN,Towers with Radar,169,57,21,5,252,0,0,3,3,6,169,57,24,8,258,0,0,0,258
02/01/2017,BDL,CT,ANE,EN,Towers with Radar,168,68,33,8,277,0,0,15,9,24,168,68,48,17,301,0,0,0,301
02/02/2017,BDL,CT,ANE,EN,Towers with Radar,169,59,51,7,286,0,1,9,21,31,169,60,60,28,317,4,0,4,321
02/03/2017,BDL,CT,ANE,EN,Towers with Radar,172,55,15,2,244,0,0,9,2,11,172,55,24,4,255,0,0,0,255
02/04/2017,BDL,CT,ANE,EN,Towers with Radar,126,36,17,2,181,0,0,6,0,6,126,36,23,2,187,0,0,0,187
02/05/2017,BDL,CT,ANE,EN,Towers with Radar,118,33,12,0,163,0,0,3,0,3,118,33,15,0,166,0,0,0,166
02/06/2017,BDL,CT,ANE,EN,Towers with Radar,158,58,40,3,259,0,2,3,0,5,158,60,43,3,264,0,0,0,264
02/07/2017,BDL,CT,ANE,EN,Towers with Radar,159,42,17,1,219,0,0,0,0,0,159,42,17,1,219,0,0,0,219
02/08/2017,BDL,CT,ANE,EN,Towers with Radar,162,54,47,7,270,0,0,10,17,27,162,54,57,24,297,0,0,0,297
02/09/2017,BDL,CT,ANE,EN,Towers with Radar,69,17,7,0,93,0,0,0,0,0,69,17,7,0,93,0,0,0,93
02/10/2017,BDL,CT,ANE,EN,Towers with Radar,154,62,30,3,249,0,0,11,2,13,154,62,41,5,262,0,0,0,262
02/11/2017,BDL,CT,ANE,EN,Towers with Radar,133,34,16,0,183,0,0,1,0,1,133,34,17,0,184,0,0,0,184
02/12/2017,BDL,CT,ANE,EN,Towers with Radar,86,18,11,0,115,0,0,0,0,0,86,18,11,0,115,0,0,0,115
02/13/2017,BDL,CT,ANE,EN,Towers with Radar,131,44,11,0,186,0,0,2,0,2,131,44,13,0,188,0,0,0,188
02/14/2017,BDL,CT,ANE,EN,Towers with Radar,156,55,33,6,250,0,0,11,7,18,156,55,44,13,268,0,0,0,268
02/15/2017,BDL,CT,ANE,EN,Towers with Radar,165,56,14,3,238,0,0,0,12,12,165,56,14,15,250,0,0,0,250
02/16/2017,BDL,CT,ANE,EN,Towers with Radar,171,46,27,2,246,0,0,12,14,26,171,46,39,16,272,0,0,0,272
02/17/2017,BDL,CT,ANE,EN,Towers with Radar,171,52,31,1,255,0,1,10,1,12,171,53,41,2,267,0,0,0,267
02/18/2017,BDL,CT,ANE,EN,Towers with Radar,128,37,11,0,176,0,0,9,0,9,128,37,20,0,185,0,0,0,185
02/19/2017,BDL,CT,ANE,EN,Towers with Radar,129,37,17,0,183,0,2,6,0,8,129,39,23,0,191,0,0,0,191
02/20/2017,BDL,CT,ANE,EN,Towers with Radar,156,52,34,1,243,0,1,17,0,18,156,53,51,1,261,0,0,0,261
02/21/2017,BDL,CT,ANE,EN,Towers with Radar,172,50,46,5,273,0,0,24,17,41,172,50,70,22,314,0,0,0,314
02/22/2017,BDL,CT,ANE,EN,Towers with Radar,172,46,38,6,262,0,1,11,4,16,172,47,49,10,278,0,0,0,278
02/23/2017,BDL,CT,ANE,EN,Towers with Radar,174,60,22,3,259,0,0,15,2,17,174,60,37,5,276,2,0,2,278
02/24/2017,BDL,CT,ANE,EN,Towers with Radar,175,64,26,4,269,0,0,9,4,13,175,64,35,8,282,0,0,0,282
02/25/2017,BDL,CT,ANE,EN,Towers with Radar,133,46,10,1,190,0,0,0,0,0,133,46,10,1,190,0,0,0,190
02/26/2017,BDL,CT,ANE,EN,Towers with Radar,145,49,21,5,220,0,0,11,11,22,145,49,32,16,242,0,0,0,242
02/27/2017,BDL,CT,ANE,EN,Towers with Radar,159,52,25,0,236,0,2,15,0,17,159,54,40,0,253,0,0,0,253
02/28/2017,BDL,CT,ANE,EN,Towers with Radar,176,61,23,4,264,0,0,4,8,12,176,61,27,12,276,0,0,0,276
03/01/2017,BDL,CT,ANE,EN,Towers with Radar,170,67,22,3,262,0,0,1,1,2,170,67,23,4,264,0,0,0,264
03/02/2017,BDL,CT,ANE,EN,Towers with Radar,178,56,20,2,256,0,1,10,8,19,178,57,30,10,275,0,0,0,275
03/03/2017,BDL,CT,ANE,EN,Towers with Radar,167,55,30,5,257,0,1,7,2,10,167,56,37,7,267,0,2,2,269
03/04/2017,BDL,CT,ANE,EN,Towers with Radar,138,46,13,2,199,0,0,0,3,3,138,46,13,5,202,0,0,0,202
03/05/2017,BDL,CT,ANE,EN,Towers with Radar,143,41,25,1,210,0,2,6,0,8,143,43,31,1,218,0,0,0,218
03/06/2017,BDL,CT,ANE,EN,Towers with Radar,161,62,20,3,246,0,1,28,0,29,161,63,48,3,275,10,0,10,285
03/07/2017,BDL,CT,ANE,EN,Towers with Radar,163,65,27,6,261,0,0,6,0,6,163,65,33,6,267,0,0,0,267
03/08/2017,BDL,CT,ANE,EN,Towers with Radar,174,66,33,5,278,0,0,14,12,26,174,66,47,17,304,0,0,0,304
03/09/2017,BDL,CT,ANE,EN,Towers with Radar,174,59,20,7,260,0,0,5,3,8,174,59,25,10,268,0,0,0,268
03/10/2017,BDL,CT,ANE,EN,Towers with Radar,174,56,22,4,256,0,0,3,0,3,174,56,25,4,259,0,0,0,259
03/11/2017,BDL,CT,ANE,EN,Towers with Radar,134,46,13,0,193,0,0,3,11,14,134,46,16,11,207,0,0,0,207
03/12/2017,BDL,CT,ANE,EN,Towers with Radar,153,39,25,7,224,0,0,8,10,18,153,39,33,17,242,0,0,0,242
03/13/2017,BDL,CT,ANE,EN,Towers with Radar,145,61,28,2,236,0,0,25,0,25,145,61,53,2,261,6,0,6,267
03/14/2017,BDL,CT,ANE,EN,Towers with Radar,10,0,1,0,11,0,0,0,0,0,10,0,1,0,11,0,0,0,11
03/15/2017,BDL,CT,ANE,EN,Towers with Radar,136,41,15,3,195,0,0,5,14,19,136,41,20,17,214,0,0,0,214
03/16/2017,BDL,CT,ANE,EN,Towers with Radar,185,59,25,4,273,0,0,5,7,12,185,59,30,11,285,0,0,0,285
03/17/2017,BDL,CT,ANE,EN,Towers with Radar,173,49,22,4,248,0,0,14,1,15,173,49,36,5,263,8,0,8,271
03/18/2017,BDL,CT,ANE,EN,Towers with Radar,147,47,19,0,213,0,0,18,0,18,147,47,37,0,231,0,0,0,231
03/19/2017,BDL,CT,ANE,EN,Towers with Radar,152,50,18,2,222,0,0,10,0,10,152,50,28,2,232,0,0,0,232
03/20/2017,BDL,CT,ANE,EN,Towers with Radar,166,56,21,6,249,0,0,14,3,17,166,56,35,9,266,0,0,0,266
03/21/2017,BDL,CT,ANE,EN,Towers with Radar,177,68,31,8,284,0,2,25,8,35,177,70,56,16,319,6,0,6,325
03/22/2017,BDL,CT,ANE,EN,Towers with Radar,180,58,22,4,264,0,0,10,12,22,180,58,32,16,286,0,0,0,286
03/23/2017,BDL,CT,ANE,EN,Towers with Radar,177,55,34,7,273,0,1,35,9,45,177,56,69,16,318,2,0,2,320
03/24/2017,BDL,CT,ANE,EN,Towers with Radar,171,56,26,2,255,0,0,7,8,15,171,56,33,10,270,0,0,0,270
03/25/2017,BDL,CT,ANE,EN,Towers with Radar,127,51,16,0,194,0,0,6,0,6,127,51,22,0,200,0,0,0,200
03/26/2017,BDL,CT,ANE,EN,Towers with Radar,152,45,16,0,213,0,0,4,0,4,152,45,20,0,217,0,0,0,217
03/27/2017,BDL,CT,ANE,EN,Towers with Radar,165,55,38,0,258,0,0,0,0,0,165,55,38,0,258,0,0,0,258
03/28/2017,BDL,CT,ANE,EN,Towers with Radar,180,51,36,3,270,0,0,0,0,0,180,51,36,3,270,0,0,0,270
03/29/2017,BDL,CT,ANE,EN,Towers with Radar,178,63,45,3,289,0,2,35,19,56,178,65,80,22,345,0,0,0,345
03/30/2017,BDL,CT,ANE,EN,Towers with Radar,171,57,33,5,266,0,3,22,16,41,171,60,55,21,307,4,0,4,311
03/31/2017,BDL,CT,ANE,EN,Towers with Radar,170,63,18,3,254,0,0,0,0,0,170,63,18,3,254,0,0,0,254
04/01/2017,BDL,CT,ANE,EN,Towers with Radar,136,46,2,2,186,0,0,0,0,0,136,46,2,2,186,0,0,0,186
04/02/2017,BDL,CT,ANE,EN,Towers with Radar,149,54,22,0,225,0,3,18,2,23,149,57,40,2,248,0,0,0,248
04/03/2017,BDL,CT,ANE,EN,Towers with Radar,188,54,28,1,271,0,5,27,3,35,188,59,55,4,306,4,0,4,310
04/04/2017,BDL,CT,ANE,EN,Towers with Radar,179,56,23,4,262,0,0,0,0,0,179,56,23,4,262,0,0,0,262
04/05/2017,BDL,CT,ANE,EN,Towers with Radar,171,60,32,7,270,0,3,16,11,30,171,63,48,18,300,0,0,0,300
04/06/2017,BDL,CT,ANE,EN,Towers with Radar,157,52,36,2,247,0,0,0,0,0,157,52,36,2,247,0,0,0,247
04/07/2017,BDL,CT,ANE,EN,Towers with Radar,161,60,19,6,246,0,0,1,4,5,161,60,20,10,251,2,0,2,253
04/08/2017,BDL,CT,ANE,EN,Towers with Radar,134,48,9,3,194,0,0,6,10,16,134,48,15,13,210,0,0,0,210
04/09/2017,BDL,CT,ANE,EN,Towers with Radar,145,49,26,0,220,0,1,8,17,26,145,50,34,17,246,0,0,0,246
04/10/2017,BDL,CT,ANE,EN,Towers with Radar,162,51,18,2,233,0,0,15,2,17,162,51,33,4,250,0,0,0,250
04/11/2017,BDL,CT,ANE,EN,Towers with Radar,179,59,33,5,276,0,0,20,12,32,179,59,53,17,308,0,0,0,308
04/12/2017,BDL,CT,ANE,EN,Towers with Radar,179,66,28,8,281,0,0,18,10,28,179,66,46,18,309,0,0,0,309
04/13/2017,BDL,CT,ANE,EN,Towers with Radar,184,63,24,7,278,0,0,22,19,41,184,63,46,26,319,4,0,4,323
04/14/2017,BDL,CT,ANE,EN,Towers with Radar,169,59,21,2,251,0,1,27,13,41,169,60,48,15,292,2,0,2,294
04/15/2017,BDL,CT,ANE,EN,Towers with Radar,132,52,11,0,195,0,1,6,0,7,132,53,17,0,202,2,0,2,204
04/16/2017,BDL,CT,ANE,EN,Towers with Radar,144,40,13,0,197,0,1,2,0,3,144,41,15,0,200,0,0,0,200
04/17/2017,BDL,CT,ANE,EN,Towers with Radar,158,52,24,2,236,0,0,17,2,19,158,52,41,4,255,0,0,0,255
04/18/2017,BDL,CT,ANE,EN,Towers with Radar,178,59,20,4,261,0,0,20,12,32,178,59,40,16,293,0,0,0,293
04/19/2017,BDL,CT,ANE,EN,Towers with Radar,173,64,28,7,272,0,0,24,5,29,173,64,52,12,301,0,0,0,301
04/20/2017,BDL,CT,ANE,EN,Towers with Radar,167,47,39,8,261,0,0,12,7,19,167,47,51,15,280,0,0,0,280
04/21/2017,BDL,CT,ANE,EN,Towers with Radar,175,62,24,7,268,0,0,0,0,0,175,62,24,7,268,0,0,0,268
04/22/2017,BDL,CT,ANE,EN,Towers with Radar,130,50,17,0,197,0,0,3,0,3,130,50,20,0,200,0,0,0,200
04/23/2017,BDL,CT,ANE,EN,Towers with Radar,148,49,21,2,220,0,4,9,0,13,148,53,30,2,233,0,0,0,233
04/24/2017,BDL,CT,ANE,EN,Towers with Radar,162,60,25,0,247,0,2,8,0,10,162,62,33,0,257,0,0,0,257
04/25/2017,BDL,CT,ANE,EN,Towers with Radar,174,55,39,4,272,0,0,1,0,1,174,55,40,4,273,0,0,0,273
04/26/2017,BDL,CT,ANE,EN,Towers with Radar,172,68,34,4,278,0,0,2,0,2,172,68,36,4,280,0,0,0,280
04/27/2017,BDL,CT,ANE,EN,Towers with Radar,185,62,48,10,305,0,0,5,12,17,185,62,53,22,322,0,2,2,324
04/28/2017,BDL,CT,ANE,EN,Towers with Radar,174,56,38,5,273,0,1,14,2,17,174,57,52,7,290,0,0,0,290
04/29/2017,BDL,CT,ANE,EN,Towers with Radar,132,46,15,0,193,0,0,4,2,6,132,46,19,2,199,0,0,0,199
04/30/2017,BDL,CT,ANE,EN,Towers with Radar,144,60,15,0,219,0,0,11,0,11,144,60,26,0,230,0,0,0,230
05/01/2017,BDL,CT,ANE,EN,Towers with Radar,172,52,41,0,265,0,0,3,0,3,172,52,44,0,268,0,0,0,268
05/02/2017,BDL,CT,ANE,EN,Towers with Radar,183,51,24,6,264,0,0,8,8,16,183,51,32,14,280,0,0,0,280
05/03/2017,BDL,CT,ANE,EN,Towers with Radar,177,54,20,5,256,0,0,15,14,29,177,54,35,19,285,0,0,0,285
05/04/2017,BDL,CT,ANE,EN,Towers with Radar,174,58,40,7,279,0,3,18,16,37,174,61,58,23,316,0,0,0,316
05/05/2017,BDL,CT,ANE,EN,Towers with Radar,180,77,26,2,285,0,0,0,2,2,180,77,26,4,287,0,0,0,287
05/06/2017,BDL,CT,ANE,EN,Towers with Radar,126,71,16,1,214,0,1,4,0,5,126,72,20,1,219,0,0,0,219
05/07/2017,BDL,CT,ANE,EN,Towers with Radar,152,45,30,3,230,0,1,6,0,7,152,46,36,3,237,0,0,0,237
05/08/2017,BDL,CT,ANE,EN,Towers with Radar,168,61,24,2,255,0,0,23,0,23,168,61,47,2,278,12,0,12,290
05/09/2017,BDL,CT,ANE,EN,Towers with Radar,179,47,23,8,257,0,0,18,8,26,179,47,41,16,283,0,0,0,283
05/10/2017,BDL,CT,ANE,EN,Towers with Radar,172,61,41,11,285,0,2,17,8,27,172,63,58,19,312,0,0,0,312
05/11/2017,BDL,CT,ANE,EN,Towers with Radar,176,58,29,12,275,0,0,12,12,24,176,58,41,24,299,0,0,0,299
05/12/2017,BDL,CT,ANE,EN,Towers with Radar,175,59,21,0,255,0,0,19,0,19,175,59,40,0,274,0,0,0,274
05/13/2017,BDL,CT,ANE,EN,Towers with Radar,121,54,16,0,191,0,0,0,0,0,121,54,16,0,191,0,0,0,191
05/14/2017,BDL,CT,ANE,EN,Towers with Radar,141,42,12,0,195,0,0,1,0,1,141,42,13,0,196,0,0,0,196
05/15/2017,BDL,CT,ANE,EN,Towers with Radar,166,65,14,2,247,0,0,11,2,13,166,65,25,4,260,0,0,0,260
05/16/2017,BDL,CT,ANE,EN,Towers with Radar,168,55,24,4,251,0,0,31,7,38,168,55,55,11,289,2,0,2,291
05/17/2017,BDL,CT,ANE,EN,Towers with Radar,181,69,36,2,288,0,2,22,9,33,181,71,58,11,321,0,0,0,321
05/18/2017,BDL,CT,ANE,EN,Towers with Radar,177,58,40,2,277,0,0,28,12,40,177,58,68,14,317,0,0,0,317
05/19/2017,BDL,CT,ANE,EN,Towers with Radar,171,62,15,0,248,0,0,15,5,20,171,62,30,5,268,0,0,0,268
05/20/2017,BDL,CT,ANE,EN,Towers with Radar,129,55,13,0,197,0,0,37,11,48,129,55,50,11,245,0,0,0,245
05/21/2017,BDL,CT,ANE,EN,Towers with Radar,146,43,26,1,216,0,0,11,15,26,146,43,37,16,242,0,0,0,242
05/22/2017,BDL,CT,ANE,EN,Towers with Radar,166,53,28,2,249,0,0,8,0,8,166,53,36,2,257,0,0,0,257
05/23/2017,BDL,CT,ANE,EN,Towers with Radar,176,58,44,13,291,0,2,26,9,37,176,60,70,22,328,0,0,0,328
05/24/2017,BDL,CT,ANE,EN,Towers with Radar,176,60,30,5,271,0,0,14,11,25,176,60,44,16,296,0,0,0,296
05/25/2017,BDL,CT,ANE,EN,Towers with Radar,175,50,36,13,274,0,0,3,0,3,175,50,39,13,277,0,0,0,277
05/26/2017,BDL,CT,ANE,EN,Towers with Radar,174,63,34,2,273,0,0,3,2,5,174,63,37,4,278,0,0,0,278
05/27/2017,BDL,CT,ANE,EN,Towers with Radar,122,45,16,2,185,0,0,17,0,17,122,45,33,2,202,12,0,12,214
05/28/2017,BDL,CT,ANE,EN,Towers with Radar,113,42,11,0,166,0,1,7,0,8,113,43,18,0,174,0,0,0,174
05/29/2017,BDL,CT,ANE,EN,Towers with Radar,143,55,40,2,240,0,0,4,4,8,143,55,44,6,248,0,0,0,248
05/30/2017,BDL,CT,ANE,EN,Towers with Radar,159,63,39,3,264,0,0,3,2,5,159,63,42,5,269,0,0,0,269
05/31/2017,BDL,CT,ANE,EN,Towers with Radar,180,60,26,1,267,0,0,5,5,10,180,60,31,6,277,0,0,0,277
06/01/2017,BDL,CT,ANE,EN,Towers with Radar,178,63,31,6,278,0,1,22,17,40,178,64,53,23,318,0,0,0,318
06/02/2017,BDL,CT,ANE,EN,Towers with Radar,178,59,27,2,266,0,0,23,1,24,178,59,50,3,290,0,0,0,290
06/03/2017,BDL,CT,ANE,EN,Towers with Radar,124,51,8,0,183,0,0,6,0,6,124,51,14,0,189,0,0,0,189
06/04/2017,BDL,CT,ANE,EN,Towers with Radar,145,53,12,0,210,0,0,2,0,2,145,53,14,0,212,0,0,0,212
06/05/2017,BDL,CT,ANE,EN,Towers with Radar,157,61,39,1,258,0,0,2,1,3,157,61,41,2,261,0,0,0,261
06/06/2017,BDL,CT,ANE,EN,Towers with Radar,169,64,39,11,283,0,0,1,0,1,169,64,40,11,284,0,0,0,284
06/07/2017,BDL,CT,ANE,EN,Towers with Radar,174,60,27,3,264,0,1,27,23,51,174,61,54,26,315,0,0,0,315
06/08/2017,BDL,CT,ANE,EN,Towers with Radar,176,60,20,1,257,0,0,15,7,22,176,60,35,8,279,0,0,0,279
06/09/2017,BDL,CT,ANE,EN,Towers with Radar,177,63,30,1,271,0,2,26,5,33,177,65,56,6,304,0,0,0,304
06/10/2017,BDL,CT,ANE,EN,Towers with Radar,128,60,13,3,204,0,0,27,5,32,128,60,40,8,236,0,0,0,236
06/11/2017,BDL,CT,ANE,EN,Towers with Radar,152,52,20,0,224,0,0,18,6,24,152,52,38,6,248,0,0,0,248
06/12/2017,BDL,CT,ANE,EN,Towers with Radar,162,60,21,10,253,0,0,31,8,39,162,60,52,18,292,0,0,0,292
06/13/2017,BDL,CT,ANE,EN,Towers with Radar,178,63,26,1,268,0,0,32,8,40,178,63,58,9,308,2,0,2,310
06/14/2017,BDL,CT,ANE,EN,Towers with Radar,172,70,36,2,280,0,1,53,9,63,172,71,89,11,343,10,0,10,353
06/15/2017,BDL,CT,ANE,EN,Towers with Radar,166,62,38,0,266,0,2,9,6,17,166,64,47,6,283,0,0,0,283
06/16/2017,BDL,CT,ANE,EN,Towers with Radar,178,56,34,7,275,0,0,1,2,3,178,56,35,9,278,0,0,0,278
06/17/2017,BDL,CT,ANE,EN,Towers with Radar,138,58,16,9,221,0,0,0,1,1,138,58,16,10,222,0,0,0,222
06/18/2017,BDL,CT,ANE,EN,Towers with Radar,149,45,23,9,226,0,0,0,0,0,149,45,23,9,226,0,0,0,226
06/19/2017,BDL,CT,ANE,EN,Towers with Radar,158,49,34,2,243,0,0,2,0,2,158,49,36,2,245,0,0,0,245
06/20/2017,BDL,CT,ANE,EN,Towers with Radar,185,66,19,2,272,0,0,11,2,13,185,66,30,4,285,4,0,4,289
06/21/2017,BDL,CT,ANE,EN,Towers with Radar,181,72,22,2,277,0,1,12,5,18,181,73,34,7,295,0,0,0,295
06/22/2017,BDL,CT,ANE,EN,Towers with Radar,183,62,28,3,276,0,2,23,0,25,183,64,51,3,301,0,0,0,301
06/23/2017,BDL,CT,ANE,EN,Towers with Radar,180,59,23,6,268,0,0,9,0,9,180,59,32,6,277,0,0,0,277
06/24/2017,BDL,CT,ANE,EN,Towers with Radar,136,65,20,0,221,0,4,11,0,15,136,69,31,0,236,0,0,0,236
06/25/2017,BDL,CT,ANE,EN,Towers with Radar,153,60,27,0,240,0,0,13,0,13,153,60,40,0,253,0,0,0,253
06/26/2017,BDL,CT,ANE,EN,Towers with Radar,173,57,35,0,265,0,0,14,2,16,173,57,49,2,281,0,0,0,281
06/27/2017,BDL,CT,ANE,EN,Towers with Radar,184,62,21,6,273,0,3,10,9,22,184,65,31,15,295,0,0,0,295
06/28/2017,BDL,CT,ANE,EN,Towers with Radar,179,64,30,7,280,0,0,27,8,35,179,64,57,15,315,2,0,2,317
06/29/2017,BDL,CT,ANE,EN,Towers with Radar,188,62,29,6,285,0,1,26,14,41,188,63,55,20,326,0,0,0,326
06/30/2017,BDL,CT,ANE,EN,Towers with Radar,178,59,25,2,264,0,0,5,4,9,178,59,30,6,273,0,0,0,273
07/01/2017,BDL,CT,ANE,EN,Towers with Radar,140,56,13,1,210,0,0,2,0,2,140,56,15,1,212,0,0,0,212
07/02/2017,BDL,CT,ANE,EN,Towers with Radar,132,35,7,0,174,0,0,9,0,9,132,35,16,0,183,0,0,0,183
07/03/2017,BDL,CT,ANE,EN,Towers with Radar,133,28,13,0,174,0,2,13,0,15,133,30,26,0,189,2,0,2,191
07/04/2017,BDL,CT,ANE,EN,Towers with Radar,139,40,9,1,189,0,0,11,0,11,139,40,20,1,200,0,0,0,200
07/05/2017,BDL,CT,ANE,EN,Towers with Radar,161,53,14,6,234,0,0,13,8,21,161,53,27,14,255,2,0,2,257
07/06/2017,BDL,CT,ANE,EN,Towers with Radar,181,57,22,4,264,0,0,10,19,29,181,57,32,23,293,0,2,2,295
07/07/2017,BDL,CT,ANE,EN,Towers with Radar,170,66,19,0,255,0,0,0,0,0,170,66,19,0,255,0,0,0,255
07/08/2017,BDL,CT,ANE,EN,Towers with Radar,139,64,4,0,207,0,0,2,1,3,139,64,6,1,210,0,0,0,210
07/09/2017,BDL,CT,ANE,EN,Towers with Radar,151,45,12,2,210,0,0,13,0,13,151,45,25,2,223,0,0,0,223
07/10/2017,BDL,CT,ANE,EN,Towers with Radar,162,58,28,2,250,0,2,27,0,29,162,60,55,2,279,0,0,0,279
07/11/2017,BDL,CT,ANE,EN,Towers with Radar,185,68,20,5,278,0,1,7,6,14,185,69,27,11,292,0,0,0,292
07/12/2017,BDL,CT,ANE,EN,Towers with Radar,174,64,19,2,259,0,0,19,0,19,174,64,38,2,278,4,0,4,282
07/13/2017,BDL,CT,ANE,EN,Towers with Radar,193,67,29,4,293,0,0,17,0,17,193,67,46,4,310,2,0,2,312
07/14/2017,BDL,CT,ANE,EN,Towers with Radar,169,69,30,2,270,0,0,0,0,0,169,69,30,2,270,0,0,0,270
07/15/2017,BDL,CT,ANE,EN,Towers with Radar,135,61,22,5,223,0,2,17,3,22,135,63,39,8,245,0,0,0,245
07/16/2017,BDL,CT,ANE,EN,Towers with Radar,155,50,18,6,229,0,0,10,10,20,155,50,28,16,249,0,0,0,249
07/17/2017,BDL,CT,ANE,EN,Towers with Radar,156,56,29,8,249,0,0,22,0,22,156,56,51,8,271,0,0,0,271
07/18/2017,BDL,CT,ANE,EN,Towers with Radar,190,61,20,9,280,0,0,6,9,15,190,61,26,18,295,0,0,0,295
07/19/2017,BDL,CT,ANE,EN,Towers with Radar,183,52,34,2,271,0,1,21,16,38,183,53,55,18,309,0,0,0,309
07/20/2017,BDL,CT,ANE,EN,Towers with Radar,187,63,32,6,288,0,3,24,8,35,187,66,56,14,323,0,0,0,323
07/21/2017,BDL,CT,ANE,EN,Towers with Radar,176,60,33,2,271,0,0,21,2,23,176,60,54,4,294,0,0,0,294
07/22/2017,BDL,CT,ANE,EN,Towers with Radar,136,51,13,0,200,0,0,10,0,10,136,51,23,0,210,0,0,0,210
07/23/2017,BDL,CT,ANE,EN,Towers with Radar,146,51,14,0,211,0,0,4,0,4,146,51,18,0,215,0,0,0,215
07/24/2017,BDL,CT,ANE,EN,Towers with Radar,172,60,46,2,280,0,0,3,0,3,172,60,49,2,283,11,0,11,294
07/25/2017,BDL,CT,ANE,EN,Towers with Radar,188,61,33,9,291,0,0,9,3,12,188,61,42,12,303,0,0,0,303
07/26/2017,BDL,CT,ANE,EN,Towers with Radar,184,58,33,10,285,0,0,20,18,38,184,58,53,28,323,0,0,0,323
07/27/2017,BDL,CT,ANE,EN,Towers with Radar,182,56,36,8,282,0,0,19,15,34,182,56,55,23,316,0,0,0,316
07/28/2017,BDL,CT,ANE,EN,Towers with Radar,164,62,30,4,260,0,0,21,6,27,164,62,51,10,287,0,0,0,287
07/29/2017,BDL,CT,ANE,EN,Towers with Radar,141,65,8,6,220,0,0,3,0,3,141,65,11,6,223,2,0,2,225
07/30/2017,BDL,CT,ANE,EN,Towers with Radar,153,57,18,7,235,0,0,7,1,8,153,57,25,8,243,0,4,4,247
07/31/2017,BDL,CT,ANE,EN,Towers with Radar,165,52,20,2,239,0,0,24,0,24,165,52,44,2,263,0,0,0,263
08/01/2017,BDL,CT,ANE,EN,Towers with Radar,185,61,29,6,281,0,0,18,11,29,185,61,47,17,310,0,0,0,310
08/02/2017,BDL,CT,ANE,EN,Towers with Radar,174,48,17,0,239,0,0,14,2,16,174,48,31,2,255,0,0,0,255
08/03/2017,BDL,CT,ANE,EN,Towers with Radar,171,50,14,2,237,0,0,20,19,39,171,50,34,21,276,12,0,12,288
08/04/2017,BDL,CT,ANE,EN,Towers with Radar,169,52,13,1,235,0,1,5,0,6,169,53,18,1,241,0,0,0,241
08/05/2017,BDL,CT,ANE,EN,Towers with Radar,138,61,9,8,216,0,0,0,2,2,138,61,9,10,218,0,0,0,218
08/06/2017,BDL,CT,ANE,EN,Towers with Radar,153,43,11,1,208,0,0,16,5,21,153,43,27,6,229,4,0,4,233
08/07/2017,BDL,CT,ANE,EN,Towers with Radar,164,57,33,3,257,0,0,20,3,23,164,57,53,6,280,0,0,0,280
08/08/2017,BDL,CT,ANE,EN,Towers with Radar,185,66,25,5,281,0,0,6,2,8,185,66,31,7,289,0,0,0,289
08/09/2017,BDL,CT,ANE,EN,Towers with Radar,186,63,22,2,273,0,0,15,3,18,186,63,37,5,291,0,0,0,291
08/10/2017,BDL,CT,ANE,EN,Towers with Radar,182,50,27,5,264,0,1,29,11,41,182,51,56,16,305,0,0,0,305
08/11/2017,BDL,CT,ANE,EN,Towers with Radar,163,60,20,2,245,0,0,17,0,17,163,60,37,2,262,0,0,0,262
08/12/2017,BDL,CT,ANE,EN,Towers with Radar,142,60,19,0,221,0,0,9,0,9,142,60,28,0,230,0,0,0,230
08/13/2017,BDL,CT,ANE,EN,Towers with Radar,156,46,20,4,226,0,0,12,0,12,156,46,32,4,238,0,0,0,238
08/14/2017,BDL,CT,ANE,EN,Towers with Radar,165,61,15,2,243,0,0,16,0,16,165,61,31,2,259,0,0,0,259
08/15/2017,BDL,CT,ANE,EN,Towers with Radar,180,57,28,9,274,0,0,11,3,14,180,57,39,12,288,0,0,0,288
08/16/2017,BDL,CT,ANE,EN,Towers with Radar,181,76,30,2,289,0,0,26,14,40,181,76,56,16,329,0,0,0,329
08/17/2017,BDL,CT,ANE,EN,Towers with Radar,182,69,20,7,278,0,0,12,10,22,182,69,32,17,300,2,0,2,302
08/18/2017,BDL,CT,ANE,EN,Towers with Radar,173,74,20,2,269,0,0,1,0,1,173,74,21,2,270,0,0,0,270
08/19/2017,BDL,CT,ANE,EN,Towers with Radar,137,64,5,2,208,0,1,1,0,2,137,65,6,2,210,0,0,0,210
08/20/2017,BDL,CT,ANE,EN,Towers with Radar,152,40,20,0,212,0,0,10,0,10,152,40,30,0,222,0,0,0,222
08/21/2017,BDL,CT,ANE,EN,Towers with Radar,158,55,24,0,237,0,0,5,6,11,158,55,29,6,248,0,0,0,248
08/22/2017,BDL,CT,ANE,EN,Towers with Radar,171,65,41,5,282,0,1,7,24,32,171,66,48,29,314,4,0,4,318
08/23/2017,BDL,CT,ANE,EN,Towers with Radar,170,73,21,7,271,0,0,24,13,37,170,73,45,20,308,0,0,0,308
08/24/2017,BDL,CT,ANE,EN,Towers with Radar,177,72,31,10,290,0,0,23,18,41,177,72,54,28,331,0,4,4,335
08/25/2017,BDL,CT,ANE,EN,Towers with Radar,169,64,26,0,259,0,1,18,5,24,169,65,44,5,283,0,0,0,283
08/26/2017,BDL,CT,ANE,EN,Towers with Radar,127,53,18,0,198,0,0,8,0,8,127,53,26,0,206,0,0,0,206
08/27/2017,BDL,CT,ANE,EN,Towers with Radar,136,47,22,0,205,0,0,7,0,7,136,47,29,0,212,0,0,0,212
08/28/2017,BDL,CT,ANE,EN,Towers with Radar,154,70,27,1,252,0,0,18,0,18,154,70,45,1,270,0,0,0,270
08/29/2017,BDL,CT,ANE,EN,Towers with Radar,171,60,18,14,263,1,0,11,12,24,172,60,29,26,287,0,8,8,295
08/30/2017,BDL,CT,ANE,EN,Towers with Radar,159,72,28,5,264,0,0,12,13,25,159,72,40,18,289,0,0,0,289
08/31/2017,BDL,CT,ANE,EN,Towers with Radar,170,69,26,10,275,0,0,10,13,23,170,69,36,23,298,4,0,4,302
09/01/2017,BDL,CT,ANE,EN,Towers with Radar,168,63,14,0,245,0,0,6,4,10,168,63,20,4,255,0,0,0,255
09/02/2017,BDL,CT,ANE,EN,Towers with Radar,115,53,7,0,175,0,3,1,0,4,115,56,8,0,179,0,0,0,179
09/03/2017,BDL,CT,ANE,EN,Towers with Radar,103,51,6,0,160,0,0,0,0,0,103,51,6,0,160,0,0,0,160
09/04/2017,BDL,CT,ANE,EN,Towers with Radar,139,46,17,0,202,0,3,9,0,12,139,49,26,0,214,0,0,0,214
09/05/2017,BDL,CT,ANE,EN,Towers with Radar,139,56,28,9,232,0,0,14,1,15,139,56,42,10,247,0,0,0,247
09/06/2017,BDL,CT,ANE,EN,Towers with Radar,168,63,47,8,286,0,0,2,1,3,168,63,49,9,289,0,0,0,289
09/07/2017,BDL,CT,ANE,EN,Towers with Radar,171,63,35,6,275,0,0,17,7,24,171,63,52,13,299,2,0,2,301
09/08/2017,BDL,CT,ANE,EN,Towers with Radar,159,69,23,7,258,0,0,25,3,28,159,69,48,10,286,0,0,0,286
09/09/2017,BDL,CT,ANE,EN,Towers with Radar,109,46,10,5,170,0,0,15,14,29,109,46,25,19,199,0,0,0,199
09/10/2017,BDL,CT,ANE,EN,Towers with Radar,107,59,26,2,194,0,0,17,6,23,107,59,43,8,217,0,0,0,217
09/11/2017,BDL,CT,ANE,EN,Towers with Radar,124,59,30,1,214,0,0,20,0,20,124,59,50,1,234,0,0,0,234
09/12/2017,BDL,CT,ANE,EN,Towers with Radar,149,61,32,5,247,0,0,30,2,32,149,61,62,7,279,12,0,12,291
09/13/2017,BDL,CT,ANE,EN,Towers with Radar,163,70,44,6,283,0,0,25,12,37,163,70,69,18,320,0,0,0,320
09/14/2017,BDL,CT,ANE,EN,Towers with Radar,173,66,27,10,276,0,0,4,7,11,173,66,31,17,287,0,0,0,287
09/15/2017,BDL,CT,ANE,EN,Towers with Radar,171,56,37,3,267,0,2,13,3,18,171,58,50,6,285,4,0,4,289
09/16/2017,BDL,CT,ANE,EN,Towers with Radar,131,47,24,0,202,0,0,5,1,6,131,47,29,1,208,0,0,0,208
09/17/2017,BDL,CT,ANE,EN,Towers with Radar,153,56,34,3,246,0,0,16,0,16,153,56,50,3,262,0,0,0,262
09/18/2017,BDL,CT,ANE,EN,Towers with Radar,163,50,35,2,250,0,0,3,0,3,163,50,38,2,253,0,0,0,253
09/19/2017,BDL,CT,ANE,EN,Towers with Radar,169,67,29,8,273,0,1,3,7,11,169,68,32,15,284,14,0,14,298
09/20/2017,BDL,CT,ANE,EN,Towers with Radar,169,67,28,4,268,0,0,6,13,19,169,67,34,17,287,0,0,0,287
09/21/2017,BDL,CT,ANE,EN,Towers with Radar,178,64,29,5,276,0,0,15,6,21,178,64,44,11,297,2,0,2,299
09/22/2017,BDL,CT,ANE,EN,Towers with Radar,166,61,18,5,250,0,0,8,2,10,166,61,26,7,260,4,0,4,264
09/23/2017,BDL,CT,ANE,EN,Towers with Radar,131,50,13,3,197,0,0,15,0,15,131,50,28,3,212,0,0,0,212
09/24/2017,BDL,CT,ANE,EN,Towers with Radar,139,51,14,0,204,0,0,5,0,5,139,51,19,0,209,0,0,0,209
09/25/2017,BDL,CT,ANE,EN,Towers with Radar,161,62,36,6,265,0,2,16,2,20,161,64,52,8,285,0,0,0,285
09/26/2017,BDL,CT,ANE,EN,Towers with Radar,170,61,25,4,260,0,0,10,0,10,170,61,35,4,270,0,0,0,270
09/27/2017,BDL,CT,ANE,EN,Towers with Radar,172,68,34,7,281,0,0,15,5,20,172,68,49,12,301,0,0,0,301
09/28/2017,BDL,CT,ANE,EN,Towers with Radar,183,61,25,5,274,0,5,17,12,34,183,66,42,17,308,2,0,2,310
09/29/2017,BDL,CT,ANE,EN,Towers with Radar,173,62,30,3,268,0,0,19,0,19,173,62,49,3,287,8,0,8,295
09/30/2017,BDL,CT,ANE,EN,Towers with Radar,122,41,25,1,189,0,0,3,2,5,122,41,28,3,194,0,0,0,194
10/01/2017,BDL,CT,ANE,EN,Towers with Radar,144,52,18,0,214,0,0,11,0,11,144,52,29,0,225,0,0,0,225
10/02/2017,BDL,CT,ANE,EN,Towers with Radar,160,63,30,0,253,0,0,20,3,23,160,63,50,3,276,0,0,0,276
10/03/2017,BDL,CT,ANE,EN,Towers with Radar,175,57,28,6,266,0,0,15,22,37,175,57,43,28,303,0,0,0,303
10/04/2017,BDL,CT,ANE,EN,Towers with Radar,170,59,33,6,268,0,0,25,24,49,170,59,58,30,317,2,2,4,321
10/05/2017,BDL,CT,ANE,EN,Towers with Radar,177,66,42,4,289,0,0,29,15,44,177,66,71,19,333,8,0,8,341
10/06/2017,BDL,CT,ANE,EN,Towers with Radar,171,67,35,2,275,0,0,10,0,10,171,67,45,2,285,0,0,0,285
10/07/2017,BDL,CT,ANE,EN,Towers with Radar,127,56,21,1,205,0,0,8,0,8,127,56,29,1,213,0,0,0,213
10/08/2017,BDL,CT,ANE,EN,Towers with Radar,135,48,22,0,205,0,0,2,0,2,135,48,24,0,207,0,0,0,207
10/09/2017,BDL,CT,ANE,EN,Towers with Radar,165,57,30,0,252,0,0,2,0,2,165,57,32,0,254,0,0,0,254
10/10/2017,BDL,CT,ANE,EN,Towers with Radar,173,71,24,5,273,0,0,23,11,34,173,71,47,16,307,0,0,0,307
10/11/2017,BDL,CT,ANE,EN,Towers with Radar,174,62,15,10,261,0,1,12,14,27,174,63,27,24,288,2,0,2,290
10/12/2017,BDL,CT,ANE,EN,Towers with Radar,182,66,41,9,298,0,2,24,15,41,182,68,65,24,339,0,0,0,339
10/13/2017,BDL,CT,ANE,EN,Towers with Radar,172,77,45,5,299,0,1,25,2,28,172,78,70,7,327,4,0,4,331
10/14/2017,BDL,CT,ANE,EN,Towers with Radar,120,50,17,1,188,0,0,3,3,6,120,50,20,4,194,0,0,0,194
10/15/2017,BDL,CT,ANE,EN,Towers with Radar,141,48,21,0,210,0,0,5,0,5,141,48,26,0,215,0,0,0,215
10/16/2017,BDL,CT,ANE,EN,Towers with Radar,161,54,34,2,251,0,0,14,4,18,161,54,48,6,269,0,0,0,269
10/17/2017,BDL,CT,ANE,EN,Towers with Radar,169,55,25,1,250,0,0,27,3,30,169,55,52,4,280,0,0,0,280
10/18/2017,BDL,CT,ANE,EN,Towers with Radar,172,62,20,9,263,0,1,24,12,37,172,63,44,21,300,2,10,12,312
10/19/2017,BDL,CT,ANE,EN,Towers with Radar,176,60,32,4,272,0,0,32,21,53,176,60,64,25,325,0,0,0,325
10/20/2017,BDL,CT,ANE,EN,Towers with Radar,169,66,36,5,276,0,2,12,5,19,169,68,48,10,295,0,0,0,295
10/21/2017,BDL,CT,ANE,EN,Towers with Radar,131,52,14,0,197,0,0,12,6,18,131,52,26,6,215,2,0,2,217
10/22/2017,BDL,CT,ANE,EN,Towers with Radar,140,51,27,0,218,0,3,19,6,28,140,54,46,6,246,0,0,0,246
10/23/2017,BDL,CT,ANE,EN,Towers with Radar,162,64,29,5,260,0,0,6,0,6,162,64,35,5,266,0,0,0,266
10/24/2017,BDL,CT,ANE,EN,Towers with Radar,176,59,24,0,259,0,0,0,0,0,176,59,24,0,259,0,0,0,259
10/25/2017,BDL,CT,ANE,EN,Towers with Radar,169,65,28,9,271,0,0,9,8,17,169,65,37,17,288,0,0,0,288
10/26/2017,BDL,CT,ANE,EN,Towers with Radar,178,53,32,7,270,0,0,10,17,27,178,53,42,24,297,0,0,0,297
10/27/2017,BDL,CT,ANE,EN,Towers with Radar,170,69,25,2,266,0,2,20,4,26,170,71,45,6,292,0,0,0,292
10/28/2017,BDL,CT,ANE,EN,Towers with Radar,125,49,18,0,192,0,0,13,0,13,125,49,31,0,205,0,0,0,205
10/29/2017,BDL,CT,ANE,EN,Towers with Radar,128,54,15,0,197,0,0,0,0,0,128,54,15,0,197,0,0,0,197
10/30/2017,BDL,CT,ANE,EN,Towers with Radar,146,56,21,0,223,0,0,8,0,8,146,56,29,0,231,0,0,0,231
10/31/2017,BDL,CT,ANE,EN,Towers with Radar,142,64,28,7,241,0,0,21,8,29,142,64,49,15,270,0,0,0,270
11/01/2017,BDL,CT,ANE,EN,Towers with Radar,161,70,16,20,267,0,0,15,16,31,161,70,31,36,298,0,0,0,298
11/02/2017,BDL,CT,ANE,EN,Towers with Radar,164,79,34,11,288,0,0,10,5,15,164,79,44,16,303,0,0,0,303
11/03/2017,BDL,CT,ANE,EN,Towers with Radar,158,68,24,6,256,0,0,18,0,18,158,68,42,6,274,0,0,0,274
11/04/2017,BDL,CT,ANE,EN,Towers with Radar,120,45,20,0,185,0,0,17,3,20,120,45,37,3,205,0,0,0,205
11/05/2017,BDL,CT,ANE,EN,Towers with Radar,141,52,20,1,214,0,0,1,0,1,141,52,21,1,215,0,0,0,215
11/06/2017,BDL,CT,ANE,EN,Towers with Radar,161,61,31,1,254,0,0,2,0,2,161,61,33,1,256,0,0,0,256
11/07/2017,BDL,CT,ANE,EN,Towers with Radar,161,74,19,3,257,0,0,10,8,18,161,74,29,11,275,0,0,0,275
11/08/2017,BDL,CT,ANE,EN,Towers with Radar,172,74,27,6,279,0,0,21,14,35,172,74,48,20,314,0,0,0,314
11/09/2017,BDL,CT,ANE,EN,Towers with Radar,167,60,26,3,256,0,3,26,11,40,167,63,52,14,296,0,0,0,296
11/10/2017,BDL,CT,ANE,EN,Towers with Radar,177,68,25,0,270,0,0,7,0,7,177,68,32,0,277,0,0,0,277
11/11/2017,BDL,CT,ANE,EN,Towers with Radar,119,43,17,0,179,0,0,28,0,28,119,43,45,0,207,0,0,0,207
11/12/2017,BDL,CT,ANE,EN,Towers with Radar,148,48,20,0,216,0,0,5,0,5,148,48,25,0,221,0,0,0,221
11/13/2017,BDL,CT,ANE,EN,Towers with Radar,162,71,29,5,267,0,0,13,3,16,162,71,42,8,283,0,0,0,283
11/14/2017,BDL,CT,ANE,EN,Towers with Radar,170,65,35,5,275,0,0,13,7,20,170,65,48,12,295,0,0,0,295
11/15/2017,BDL,CT,ANE,EN,Towers with Radar,178,73,34,8,293,0,0,20,12,32,178,73,54,20,325,9,0,9,334
11/16/2017,BDL,CT,ANE,EN,Towers with Radar,174,83,38,3,298,0,0,5,6,11,174,83,43,9,309,0,0,0,309
11/17/2017,BDL,CT,ANE,EN,Towers with Radar,178,68,27,2,275,0,0,25,3,28,178,68,52,5,303,2,0,2,305
11/18/2017,BDL,CT,ANE,EN,Towers with Radar,126,52,26,0,204,0,0,10,14,24,126,52,36,14,228,0,0,0,228
11/19/2017,BDL,CT,ANE,EN,Towers with Radar,154,59,21,0,234,0,0,3,2,5,154,59,24,2,239,0,0,0,239
11/20/2017,BDL,CT,ANE,EN,Towers with Radar,158,67,34,7,266,0,0,15,0,15,158,67,49,7,281,0,0,0,281
11/21/2017,BDL,CT,ANE,EN,Towers with Radar,179,65,31,10,285,0,0,29,13,42,179,65,60,23,327,0,0,0,327
11/22/2017,BDL,CT,ANE,EN,Towers with Radar,184,68,19,1,272,0,0,1,2,3,184,68,20,3,275,0,0,0,275
11/23/2017,BDL,CT,ANE,EN,Towers with Radar,94,27,6,0,127,0,0,5,0,5,94,27,11,0,132,0,0,0,132
11/24/2017,BDL,CT,ANE,EN,Towers with Radar,125,35,13,0,173,0,2,12,0,14,125,37,25,0,187,0,0,0,187
11/25/2017,BDL,CT,ANE,EN,Towers with Radar,151,47,19,0,217,0,0,11,0,11,151,47,30,0,228,0,0,0,228
11/26/2017,BDL,CT,ANE,EN,Towers with Radar,174,59,17,0,250,0,0,4,0,4,174,59,21,0,254,0,0,0,254
11/27/2017,BDL,CT,ANE,EN,Towers with Radar,172,67,27,2,268,0,2,24,0,26,172,69,51,2,294,0,0,0,294
11/28/2017,BDL,CT,ANE,EN,Towers with Radar,168,74,27,9,278,0,0,24,9,33,168,74,51,18,311,4,0,4,315
11/29/2017,BDL,CT,ANE,EN,Towers with Radar,168,72,25,5,270,0,0,13,23,36,168,72,38,28,306,0,0,0,306
11/30/2017,BDL,CT,ANE,EN,Towers with Radar,168,71,26,3,268,0,0,26,20,46,168,71,52,23,314,0,0,0,314
12/01/2017,BDL,CT,ANE,EN,Towers with Radar,166,71,28,0,265,0,0,12,2,14,166,71,40,2,279,0,0,0,279
12/02/2017,BDL,CT,ANE,EN,Towers with Radar,114,49,23,0,186,0,0,11,4,15,114,49,34,4,201,0,0,0,201
12/03/2017,BDL,CT,ANE,EN,Towers with Radar,149,49,25,0,223,0,0,3,0,3,149,49,28,0,226,0,0,0,226
12/04/2017,BDL,CT,ANE,EN,Towers with Radar,148,71,29,5,253,0,0,11,0,11,148,71,40,5,264,0,0,0,264
12/05/2017,BDL,CT,ANE,EN,Towers with Radar,162,67,45,0,274,0,0,0,0,0,162,67,45,0,274,0,0,0,274
12/06/2017,BDL,CT,ANE,EN,Towers with Radar,168,67,36,4,275,0,2,36,12,50,168,69,72,16,325,0,0,0,325
12/07/2017,BDL,CT,ANE,EN,Towers with Radar,166,64,33,6,269,0,0,22,14,36,166,64,55,20,305,0,0,0,305
12/08/2017,BDL,CT,ANE,EN,Towers with Radar,156,67,36,2,261,0,0,19,0,19,156,67,55,2,280,0,0,0,280
12/09/2017,BDL,CT,ANE,EN,Towers with Radar,105,34,4,0,143,0,0,0,0,0,105,34,4,0,143,0,0,0,143
12/10/2017,BDL,CT,ANE,EN,Towers with Radar,143,45,28,1,217,0,0,3,0,3,143,45,31,1,220,0,0,0,220
12/11/2017,BDL,CT,ANE,EN,Towers with Radar,153,68,27,0,248,0,0,34,0,34,153,68,61,0,282,0,0,0,282
12/12/2017,BDL,CT,ANE,EN,Towers with Radar,160,66,16,6,248,0,1,1,0,2,160,67,17,6,250,0,0,0,250
12/13/2017,BDL,CT,ANE,EN,Towers with Radar,160,81,18,6,265,0,1,24,15,40,160,82,42,21,305,2,0,2,307
12/14/2017,BDL,CT,ANE,EN,Towers with Radar,164,70,20,5,259,0,1,21,15,37,164,71,41,20,296,0,0,0,296
12/15/2017,BDL,CT,ANE,EN,Towers with Radar,164,75,31,0,270,0,0,10,0,10,164,75,41,0,280,0,0,0,280
12/16/2017,BDL,CT,ANE,EN,Towers with Radar,119,52,19,1,191,0,2,4,0,6,119,54,23,1,197,0,0,0,197
12/17/2017,BDL,CT,ANE,EN,Towers with Radar,154,49,22,0,225,0,1,6,0,7,154,50,28,0,232,0,0,0,232
12/18/2017,BDL,CT,ANE,EN,Towers with Radar,159,64,26,0,249,0,0,2,0,2,159,64,28,0,251,0,0,0,251
12/19/2017,BDL,CT,ANE,EN,Towers with Radar,176,78,35,6,295,0,0,21,8,29,176,78,56,14,324,0,0,0,324
12/20/2017,BDL,CT,ANE,EN,Towers with Radar,190,68,10,4,272,0,0,19,16,35,190,68,29,20,307,0,0,0,307
12/21/2017,BDL,CT,ANE,EN,Towers with Radar,190,66,29,1,286,0,0,16,1,17,190,66,45,2,303,0,0,0,303
12/22/2017,BDL,CT,ANE,EN,Towers with Radar,184,62,11,0,257,0,0,2,0,2,184,62,13,0,259,0,0,0,259
12/23/2017,BDL,CT,ANE,EN,Towers with Radar,149,36,8,0,193,0,0,0,0,0,149,36,8,0,193,0,0,0,193
12/24/2017,BDL,CT,ANE,EN,Towers with Radar,139,31,3,0,173,0,2,3,0,5,139,33,6,0,178,0,0,0,178
12/25/2017,BDL,CT,ANE,EN,Towers with Radar,125,40,1,0,166,0,0,0,0,0,125,40,1,0,166,0,0,0,166
12/26/2017,BDL,CT,ANE,EN,Towers with Radar,160,48,16,5,229,0,0,3,4,7,160,48,19,9,236,0,0,0,236
12/27/2017,BDL,CT,ANE,EN,Towers with Radar,195,53,15,4,267,0,0,9,10,19,195,53,24,14,286,0,0,0,286
12/28/2017,BDL,CT,ANE,EN,Towers with Radar,183,47,7,0,237,0,0,6,4,10,183,47,13,4,247,0,0,0,247
12/29/2017,BDL,CT,ANE,EN,Towers with Radar,177,59,14,0,250,0,0,6,0,6,177,59,20,0,256,0,0,0,256
12/30/2017,BDL,CT,ANE,EN,Towers with Radar,146,52,4,0,202,0,0,0,0,0,146,52,4,0,202,0,0,0,202
12/31/2017,BDL,CT,ANE,EN,Towers with Radar,144,37,6,0,187,0,2,3,0,5,144,39,9,0,192,0,0,0,192
01/01/2018,BDL,CT,ANE,EN,Towers with Radar,133,44,9,0,186,0,0,3,0,3,133,44,12,0,189,0,0,0,189
01/02/2018,BDL,CT,ANE,EN,Towers with Radar,168,47,15,9,239,0,0,9,3,12,168,47,24,12,251,0,0,0,251
01/03/2018,BDL,CT,ANE,EN,Towers with Radar,171,49,33,8,261,0,0,19,12,31,171,49,52,20,292,0,0,0,292
01/04/2018,BDL,CT,ANE,EN,Towers with Radar,30,3,3,1,37,0,0,0,0,0,30,3,3,1,37,0,0,0,37
01/05/2018,BDL,CT,ANE,EN,Towers with Radar,144,44,15,0,203,0,0,0,2,2,144,44,15,2,205,0,0,0,205
01/06/2018,BDL,CT,ANE,EN,Towers with Radar,124,42,10,1,177,0,0,2,0,2,124,42,12,1,179,0,0,0,179
01/07/2018,BDL,CT,ANE,EN,Towers with Radar,149,41,16,0,206,0,1,7,0,8,149,42,23,0,214,0,0,0,214
01/08/2018,BDL,CT,ANE,EN,Towers with Radar,155,51,8,3,217,0,2,2,0,4,155,53,10,3,221,0,0,0,221
01/09/2018,BDL,CT,ANE,EN,Towers with Radar,180,44,25,11,260,0,0,10,14,24,180,44,35,25,284,0,2,2,286
01/10/2018,BDL,CT,ANE,EN,Towers with Radar,175,57,18,6,256,0,2,20,14,36,175,59,38,20,292,0,0,0,292
01/11/2018,BDL,CT,ANE,EN,Towers with Radar,179,55,18,3,255,0,0,6,0,6,179,55,24,3,261,0,0,0,261
01/12/2018,BDL,CT,ANE,EN,Towers with Radar,162,49,29,2,242,0,0,0,0,0,162,49,29,2,242,0,0,0,242
01/13/2018,BDL,CT,ANE,EN,Towers with Radar,129,32,5,1,167,0,0,2,0,2,129,32,7,1,169,0,0,0,169
01/14/2018,BDL,CT,ANE,EN,Towers with Radar,121,37,20,0,178,0,0,14,0,14,121,37,34,0,192,0,0,0,192
01/15/2018,BDL,CT,ANE,EN,Towers with Radar,149,43,31,0,223,0,0,2,0,2,149,43,33,0,225,0,0,0,225
01/16/2018,BDL,CT,ANE,EN,Towers with Radar,169,49,28,4,250,0,0,1,4,5,169,49,29,8,255,0,0,0,255
01/17/2018,BDL,CT,ANE,EN,Towers with Radar,151,43,16,0,210,0,0,0,4,4,151,43,16,4,214,0,0,0,214
01/18/2018,BDL,CT,ANE,EN,Towers with Radar,172,56,32,9,269,0,0,15,14,29,172,56,47,23,298,0,0,0,298
01/19/2018,BDL,CT,ANE,EN,Towers with Radar,167,53,19,2,241,0,0,10,0,10,167,53,29,2,251,0,0,0,251
01/20/2018,BDL,CT,ANE,EN,Towers with Radar,125,33,11,0,169,0,0,4,0,4,125,33,15,0,173,0,0,0,173
01/21/2018,BDL,CT,ANE,EN,Towers with Radar,135,40,23,0,198,0,2,16,0,18,135,42,39,0,216,0,0,0,216
01/22/2018,BDL,CT,ANE,EN,Towers with Radar,149,46,26,3,224,0,0,0,0,0,149,46,26,3,224,0,0,0,224
01/23/2018,BDL,CT,ANE,EN,Towers with Radar,174,47,23,2,246,0,0,0,0,0,174,47,23,2,246,0,0,0,246
01/24/2018,BDL,CT,ANE,EN,Towers with Radar,174,61,22,3,260,0,0,18,20,38,174,61,40,23,298,0,0,0,298
01/25/2018,BDL,CT,ANE,EN,Towers with Radar,174,58,17,5,254,0,1,18,15,34,174,59,35,20,288,0,0,0,288
01/26/2018,BDL,CT,ANE,EN,Towers with Radar,164,58,20,3,245,0,0,9,5,14,164,58,29,8,259,0,0,0,259
01/27/2018,BDL,CT,ANE,EN,Towers with Radar,126,43,16,0,185,0,0,16,0,16,126,43,32,0,201,0,0,0,201
01/28/2018,BDL,CT,ANE,EN,Towers with Radar,132,50,27,1,210,0,0,8,0,8,132,50,35,1,218,0,0,0,218
01/29/2018,BDL,CT,ANE,EN,Towers with Radar,148,49,32,0,229,0,0,21,0,21,148,49,53,0,250,12,0,12,262
01/30/2018,BDL,CT,ANE,EN,Towers with Radar,176,53,32,10,271,0,0,8,4,12,176,53,40,14,283,0,0,0,283
01/31/2018,BDL,CT,ANE,EN,Towers with Radar,174,66,17,5,262,0,0,25,21,46,174,66,42,26,308,0,0,0,308
02/01/2018,BDL,CT,ANE,EN,Towers with Radar,179,64,27,8,278,0,0,13,12,25,179,64,40,20,303,0,0,0,303
02/02/2018,BDL,CT,ANE,EN,Towers with Radar,166,69,16,1,252,0,0,9,0,9,166,69,25,1,261,0,0,0,261
02/03/2018,BDL,CT,ANE,EN,Towers with Radar,120,46,16,0,182,0,0,15,0,15,120,46,31,0,197,0,0,0,197
02/04/2018,BDL,CT,ANE,EN,Towers with Radar,120,36,7,0,163,0,0,0,0,0,120,36,7,0,163,0,0,0,163
02/05/2018,BDL,CT,ANE,EN,Towers with Radar,156,57,34,0,247,0,0,12,0,12,156,57,46,0,259,0,0,0,259
02/06/2018,BDL,CT,ANE,EN,Towers with Radar,175,43,35,4,257,0,0,21,4,25,175,43,56,8,282,6,0,6,288
02/07/2018,BDL,CT,ANE,EN,Towers with Radar,126,42,12,0,180,0,0,0,0,0,126,42,12,0,180,0,0,0,180
02/08/2018,BDL,CT,ANE,EN,Towers with Radar,170,53,28,2,253,0,0,15,10,25,170,53,43,12,278,0,0,0,278
02/09/2018,BDL,CT,ANE,EN,Towers with Radar,166,54,35,2,257,0,0,21,0,21,166,54,56,2,278,4,0,4,282
02/10/2018,BDL,CT,ANE,EN,Towers with Radar,121,36,13,0,170,0,0,0,0,0,121,36,13,0,170,0,0,0,170
02/11/2018,BDL,CT,ANE,EN,Towers with Radar,135,48,12,3,198,0,0,0,0,0,135,48,12,3,198,0,0,0,198
02/12/2018,BDL,CT,ANE,EN,Towers with Radar,159,49,23,0,231,0,0,18,0,18,159,49,41,0,249,0,0,0,249
02/13/2018,BDL,CT,ANE,EN,Towers with Radar,177,39,27,9,252,0,0,19,12,31,177,39,46,21,283,0,0,0,283
02/14/2018,BDL,CT,ANE,EN,Towers with Radar,169,63,30,8,270,0,1,24,16,41,169,64,54,24,311,6,0,6,317
02/15/2018,BDL,CT,ANE,EN,Towers with Radar,173,67,31,9,280,0,0,4,0,4,173,67,35,9,284,0,0,0,284
02/16/2018,BDL,CT,ANE,EN,Towers with Radar,164,63,24,0,251,0,0,6,0,6,164,63,30,0,257,0,0,0,257
02/17/2018,BDL,CT,ANE,EN,Towers with Radar,123,36,14,0,173,0,0,17,0,17,123,36,31,0,190,0,0,0,190
02/18/2018,BDL,CT,ANE,EN,Towers with Radar,124,44,8,0,176,0,0,7,0,7,124,44,15,0,183,0,0,0,183
02/19/2018,BDL,CT,ANE,EN,Towers with Radar,157,55,18,0,230,0,0,7,0,7,157,55,25,0,237,0,0,0,237
02/20/2018,BDL,CT,ANE,EN,Towers with Radar,181,64,43,8,296,0,0,17,2,19,181,64,60,10,315,4,0,4,319
02/21/2018,BDL,CT,ANE,EN,Towers with Radar,179,55,22,13,269,0,0,24,10,34,179,55,46,23,303,0,0,0,303
02/22/2018,BDL,CT,ANE,EN,Towers with Radar,181,54,16,5,256,0,0,3,0,3,181,54,19,5,259,0,0,0,259
02/23/2018,BDL,CT,ANE,EN,Towers with Radar,168,64,21,5,258,0,0,0,0,0,168,64,21,5,258,4,0,4,262
02/24/2018,BDL,CT,ANE,EN,Towers with Radar,141,51,14,1,207,0,0,11,0,11,141,51,25,1,218,0,0,0,218
02/25/2018,BDL,CT,ANE,EN,Towers with Radar,146,49,15,0,210,0,0,0,0,0,146,49,15,0,210,0,0,0,210
02/26/2018,BDL,CT,ANE,EN,Towers with Radar,167,57,37,0,261,0,0,21,0,21,167,57,58,0,282,10,0,10,292
02/27/2018,BDL,CT,ANE,EN,Towers with Radar,175,61,24,2,262,0,0,27,9,36,175,61,51,11,298,2,0,2,300
02/28/2018,BDL,CT,ANE,EN,Towers with Radar,176,64,24,7,271,0,0,21,20,41,176,64,45,27,312,0,0,0,312
03/01/2018,BDL,CT,ANE,EN,Towers with Radar,172,61,40,5,278,0,1,23,16,40,172,62,63,21,318,0,0,0,318
03/02/2018,BDL,CT,ANE,EN,Towers with Radar,133,34,10,1,178,0,0,0,0,0,133,34,10,1,178,0,0,0,178
03/03/2018,BDL,CT,ANE,EN,Towers with Radar,130,52,15,4,201,0,0,2,1,3,130,52,17,5,204,0,0,0,204
03/04/2018,BDL,CT,ANE,EN,Towers with Radar,142,52,18,1,213,0,0,5,0,5,142,52,23,1,218,0,0,0,218
03/05/2018,BDL,CT,ANE,EN,Towers with Radar,156,55,37,0,248,0,0,22,0,22,156,55,59,0,270,0,0,0,270
03/06/2018,BDL,CT,ANE,EN,Towers with Radar,170,65,34,7,276,0,0,22,10,32,170,65,56,17,308,0,0,0,308
03/07/2018,BDL,CT,ANE,EN,Towers with Radar,96,20,5,0,121,0,0,1,0,1,96,20,6,0,122,0,0,0,122
03/08/2018,BDL,CT,ANE,EN,Towers with Radar,141,63,26,3,233,0,0,11,21,32,141,63,37,24,265,0,0,0,265
03/09/2018,BDL,CT,ANE,EN,Towers with Radar,181,63,36,0,280,0,0,10,15,25,181,63,46,15,305,4,0,4,309
03/10/2018,BDL,CT,ANE,EN,Towers with Radar,143,39,17,0,199,0,0,6,27,33,143,39,23,27,232,0,0,0,232
03/11/2018,BDL,CT,ANE,EN,Towers with Radar,148,41,16,0,205,0,2,10,0,12,148,43,26,0,217,0,0,0,217
03/12/2018,BDL,CT,ANE,EN,Towers with Radar,160,48,38,0,246,0,0,22,0,22,160,48,60,0,268,0,0,0,268
03/13/2018,BDL,CT,ANE,EN,Towers with Radar,60,14,5,0,79,0,0,0,0,0,60,14,5,0,79,0,0,0,79
03/14/2018,BDL,CT,ANE,EN,Towers with Radar,160,67,21,3,251,0,0,7,21,28,160,67,28,24,279,0,0,0,279
03/15/2018,BDL,CT,ANE,EN,Towers with Radar,181,63,38,2,284,0,0,22,20,42,181,63,60,22,326,0,0,0,326
03/16/2018,BDL,CT,ANE,EN,Towers with Radar,178,58,19,0,255,0,2,10,5,17,178,60,29,5,272,0,0,0,272
03/17/2018,BDL,CT,ANE,EN,Towers with Radar,144,40,8,0,192,0,0,2,0,2,144,40,10,0,194,0,0,0,194
03/18/2018,BDL,CT,ANE,EN,Towers with Radar,147,42,16,0,205,0,0,5,0,5,147,42,21,0,210,0,0,0,210
03/19/2018,BDL,CT,ANE,EN,Towers with Radar,167,55,22,7,251,0,0,21,0,21,167,55,43,7,272,0,0,0,272
03/20/2018,BDL,CT,ANE,EN,Towers with Radar,170,61,32,9,272,0,0,7,6,13,170,61,39,15,285,0,0,0,285
03/21/2018,BDL,CT,ANE,EN,Towers with Radar,137,32,17,2,188,0,0,1,0,1,137,32,18,2,189,0,0,0,189
03/22/2018,BDL,CT,ANE,EN,Towers with Radar,160,51,25,2,238,0,0,7,19,26,160,51,32,21,264,0,0,0,264
03/23/2018,BDL,CT,ANE,EN,Towers with Radar,177,49,21,0,247,0,0,12,4,16,177,49,33,4,263,0,0,0,263
03/24/2018,BDL,CT,ANE,EN,Towers with Radar,145,44,23,0,212,0,0,18,0,18,145,44,41,0,230,0,0,0,230
03/25/2018,BDL,CT,ANE,EN,Towers with Radar,151,42,17,1,211,0,0,9,0,9,151,42,26,1,220,0,0,0,220
03/26/2018,BDL,CT,ANE,EN,Towers with Radar,169,58,39,1,267,0,0,22,2,24,169,58,61,3,291,0,0,0,291
03/27/2018,BDL,CT,ANE,EN,Towers with Radar,182,54,36,6,278,0,0,24,11,35,182,54,60,17,313,0,0,0,313
03/28/2018,BDL,CT,ANE,EN,Towers with Radar,179,60,44,6,289,0,0,11,19,30,179,60,55,25,319,0,0,0,319
03/29/2018,BDL,CT,ANE,EN,Towers with Radar,186,60,49,6,301,0,0,12,7,19,186,60,61,13,320,4,0,4,324
03/30/2018,BDL,CT,ANE,EN,Towers with Radar,176,56,25,0,257,0,0,7,0,7,176,56,32,0,264,0,0,0,264
03/31/2018,BDL,CT,ANE,EN,Towers with Radar,143,39,18,0,200,0,2,13,0,15,143,41,31,0,215,0,0,0,215
04/01/2018,BDL,CT,ANE,EN,Towers with Radar,136,45,13,0,194,0,0,0,0,0,136,45,13,0,194,0,0,0,194
04/02/2018,BDL,CT,ANE,EN,Towers with Radar,158,56,24,3,241,0,0,5,0,5,158,56,29,3,246,0,0,0,246
04/03/2018,BDL,CT,ANE,EN,Towers with Radar,178,57,35,4,274,0,0,5,6,11,178,57,40,10,285,7,0,7,292
04/04/2018,BDL,CT,ANE,EN,Towers with Radar,178,65,36,0,279,0,0,3,0,3,178,65,39,0,282,0,0,0,282
04/05/2018,BDL,CT,ANE,EN,Towers with Radar,180,62,33,0,275,0,0,17,24,41,180,62,50,24,316,0,0,0,316
04/06/2018,BDL,CT,ANE,EN,Towers with Radar,174,67,41,3,285,0,0,4,1,5,174,67,45,4,290,0,0,0,290
04/07/2018,BDL,CT,ANE,EN,Towers with Radar,138,42,17,1,198,0,2,7,1,10,138,44,24,2,208,0,0,0,208
04/08/2018,BDL,CT,ANE,EN,Towers with Radar,150,48,34,0,232,0,0,12,0,12,150,48,46,0,244,1,0,1,245
04/09/2018,BDL,CT,ANE,EN,Towers with Radar,177,61,24,1,263,0,0,10,0,10,177,61,34,1,273,0,0,0,273
04/10/2018,BDL,CT,ANE,EN,Towers with Radar,182,58,17,3,260,0,0,11,1,12,182,58,28,4,272,14,0,14,286
04/11/2018,BDL,CT,ANE,EN,Towers with Radar,186,64,40,3,293,0,0,29,8,37,186,64,69,11,330,2,0,2,332
04/12/2018,BDL,CT,ANE,EN,Towers with Radar,188,55,35,7,285,0,0,33,10,43,188,55,68,17,328,2,0,2,330
04/13/2018,BDL,CT,ANE,EN,Towers with Radar,171,61,16,2,250,0,1,13,1,15,171,62,29,3,265,0,0,0,265
04/14/2018,BDL,CT,ANE,EN,Towers with Radar,142,34,16,1,193,0,0,13,0,13,142,34,29,1,206,0,0,0,206
04/15/2018,BDL,CT,ANE,EN,Towers with Radar,139,34,20,0,193,0,0,2,0,2,139,34,22,0,195,0,0,0,195
04/16/2018,BDL,CT,ANE,EN,Towers with Radar,183,57,17,0,257,0,0,0,0,0,183,57,17,0,257,0,0,0,257
04/17/2018,BDL,CT,ANE,EN,Towers with Radar,180,64,12,7,263,0,0,17,9,26,180,64,29,16,289,4,0,4,293
04/18/2018,BDL,CT,ANE,EN,Towers with Radar,183,59,34,6,282,0,2,32,24,58,183,61,66,30,340,0,2,2,342
04/19/2018,BDL,CT,ANE,EN,Towers with Radar,183,52,29,6,270,0,0,6,13,19,183,52,35,19,289,0,0,0,289
04/20/2018,BDL,CT,ANE,EN,Towers with Radar,172,58,28,2,260,0,0,20,18,38,172,58,48,20,298,0,0,0,298
04/21/2018,BDL,CT,ANE,EN,Towers with Radar,147,38,15,2,202,0,0,7,15,22,147,38,22,17,224,0,0,0,224
04/22/2018,BDL,CT,ANE,EN,Towers with Radar,145,49,11,2,207,0,0,10,5,15,145,49,21,7,222,0,0,0,222
04/23/2018,BDL,CT,ANE,EN,Towers with Radar,175,52,32,2,261,0,3,17,0,20,175,55,49,2,281,0,0,0,281
04/24/2018,BDL,CT,ANE,EN,Towers with Radar,191,57,27,4,279,0,2,28,6,36,191,59,55,10,315,6,0,6,321
04/25/2018,BDL,CT,ANE,EN,Towers with Radar,186,67,31,5,289,0,0,0,0,0,186,67,31,5,289,0,0,0,289
04/26/2018,BDL,CT,ANE,EN,Towers with Radar,190,65,32,3,290,0,1,7,17,25,190,66,39,20,315,0,0,0,315
04/27/2018,BDL,CT,ANE,EN,Towers with Radar,188,67,27,2,284,0,0,6,2,8,188,67,33,4,292,0,0,0,292
04/28/2018,BDL,CT,ANE,EN,Towers with Radar,164,50,25,1,240,0,0,6,4,10,164,50,31,5,250,0,0,0,250
04/29/2018,BDL,CT,ANE,EN,Towers with Radar,152,38,26,0,216,0,0,7,8,15,152,38,33,8,231,0,0,0,231
04/30/2018,BDL,CT,ANE,EN,Towers with Radar,170,52,28,0,250,0,1,9,8,18,170,53,37,8,268,0,0,0,268
05/01/2018,BDL,CT,ANE,EN,Towers with Radar,190,52,26,3,271,0,1,24,10,35,190,53,50,13,306,4,0,4,310
05/02/2018,BDL,CT,ANE,EN,Towers with Radar,176,51,22,9,258,0,1,16,20,37,176,52,38,29,295,4,0,4,299
05/03/2018,BDL,CT,ANE,EN,Towers with Radar,183,62,25,5,275,0,0,9,11,20,183,62,34,16,295,6,0,6,301
05/04/2018,BDL,CT,ANE,EN,Towers with Radar,185,60,27,2,274,0,0,7,3,10,185,60,34,5,284,0,0,0,284
05/05/2018,BDL,CT,ANE,EN,Towers with Radar,140,50,17,1,208,0,0,11,1,12,140,50,28,2,220,0,0,0,220
05/06/2018,BDL,CT,ANE,EN,Towers with Radar,150,47,15,2,214,0,0,0,0,0,150,47,15,2,214,0,0,0,214
05/07/2018,BDL,CT,ANE,EN,Towers with Radar,172,45,20,1,238,0,0,18,2,20,172,45,38,3,258,0,0,0,258
05/08/2018,BDL,CT,ANE,EN,Towers with Radar,193,59,39,8,299,0,0,31,4,35,193,59,70,12,334,4,0,4,338
05/09/2018,BDL,CT,ANE,EN,Towers with Radar,185,61,40,13,299,0,3,33,19,55,185,64,73,32,354,18,0,18,372
05/10/2018,BDL,CT,ANE,EN,Towers with Radar,189,50,28,4,271,0,3,9,7,19,189,53,37,11,290,0,0,0,290
05/11/2018,BDL,CT,ANE,EN,Towers with Radar,186,52,28,0,266,0,0,29,4,33,186,52,57,4,299,5,0,5,304
05/12/2018,BDL,CT,ANE,EN,Towers with Radar,127,46,10,0,183,0,0,0,0,0,127,46,10,0,183,0,0,0,183
05/13/2018,BDL,CT,ANE,EN,Towers with Radar,145,41,15,0,201,0,0,0,0,0,145,41,15,0,201,0,0,0,201
05/14/2018,BDL,CT,ANE,EN,Towers with Radar,166,46,36,3,251,0,0,8,0,8,166,46,44,3,259,0,0,0,259
05/15/2018,BDL,CT,ANE,EN,Towers with Radar,157,50,31,2,240,0,0,13,6,19,157,50,44,8,259,0,0,0,259
05/16/2018,BDL,CT,ANE,EN,Towers with Radar,190,51,35,5,281,0,0,10,7,17,190,51,45,12,298,0,0,0,298
05/17/2018,BDL,CT,ANE,EN,Towers with Radar,193,48,34,10,285,0,3,15,5,23,193,51,49,15,308,0,0,0,308
05/18/2018,BDL,CT,ANE,EN,Towers with Radar,179,55,31,4,269,0,0,19,4,23,179,55,50,8,292,6,0,6,298
05/19/2018,BDL,CT,ANE,EN,Towers with Radar,134,52,17,10,213,0,0,0,2,2,134,52,17,12,215,0,0,0,215
05/20/2018,BDL,CT,ANE,EN,Towers with Radar,147,51,33,0,231,0,0,4,2,6,147,51,37,2,237,0,0,0,237
05/21/2018,BDL,CT,ANE,EN,Towers with Radar,174,53,24,0,251,0,4,13,0,17,174,57,37,0,268,0,0,0,268
05/22/2018,BDL,CT,ANE,EN,Towers with Radar,183,51,36,4,274,0,0,18,13,31,183,51,54,17,305,0,0,0,305
05/23/2018,BDL,CT,ANE,EN,Towers with Radar,189,64,41,2,296,0,3,18,20,41,189,67,59,22,337,8,2,10,347
05/24/2018,BDL,CT,ANE,EN,Towers with Radar,188,59,41,17,305,0,0,30,16,46,188,59,71,33,351,0,0,0,351
05/25/2018,BDL,CT,ANE,EN,Towers with Radar,183,54,19,0,256,0,0,11,2,13,183,54,30,2,269,0,0,0,269
05/26/2018,BDL,CT,ANE,EN,Towers with Radar,126,51,8,0,185,0,2,8,0,10,126,53,16,0,195,0,0,0,195
05/27/2018,BDL,CT,ANE,EN,Towers with Radar,119,37,19,0,175,0,0,0,0,0,119,37,19,0,175,0,0,0,175
05/28/2018,BDL,CT,ANE,EN,Towers with Radar,147,49,18,3,217,0,0,5,5,10,147,49,23,8,227,0,0,0,227
05/29/2018,BDL,CT,ANE,EN,Towers with Radar,174,47,33,6,260,0,0,22,7,29,174,47,55,13,289,0,0,0,289
05/30/2018,BDL,CT,ANE,EN,Towers with Radar,185,54,26,3,268,0,1,21,23,45,185,55,47,26,313,0,0,0,313
05/31/2018,BDL,CT,ANE,EN,Towers with Radar,189,52,25,15,281,0,0,7,6,13,189,52,32,21,294,0,0,0,294
06/01/2018,BDL,CT,ANE,EN,Towers with Radar,180,67,31,0,278,0,0,2,0,2,180,67,33,0,280,0,0,0,280
06/02/2018,BDL,CT,ANE,EN,Towers with Radar,130,44,16,0,190,0,0,1,0,1,130,44,17,0,191,0,0,0,191
06/03/2018,BDL,CT,ANE,EN,Towers with Radar,155,38,26,0,219,0,2,11,0,13,155,40,37,0,232,1,0,1,233
06/04/2018,BDL,CT,ANE,EN,Towers with Radar,175,44,47,2,268,0,0,3,0,3,175,44,50,2,271,0,0,0,271
06/05/2018,BDL,CT,ANE,EN,Towers with Radar,194,55,54,3,306,0,1,27,7,35,194,56,81,10,341,8,0,8,349
06/06/2018,BDL,CT,ANE,EN,Towers with Radar,189,73,34,7,303,0,0,20,11,31,189,73,54,18,334,0,0,0,334
06/07/2018,BDL,CT,ANE,EN,Towers with Radar,179,73,40,12,304,0,0,9,12,21,179,73,49,24,325,0,0,0,325
06/08/2018,BDL,CT,ANE,EN,Towers with Radar,175,51,32,2,260,0,0,9,14,23,175,51,41,16,283,0,0,0,283
06/09/2018,BDL,CT,ANE,EN,Towers with Radar,136,42,24,6,208,0,0,10,6,16,136,42,34,12,224,0,0,0,224
06/10/2018,BDL,CT,ANE,EN,Towers with Radar,149,40,23,1,213,0,0,9,5,14,149,40,32,6,227,6,0,6,233
06/11/2018,BDL,CT,ANE,EN,Towers with Radar,166,49,34,2,251,0,0,30,10,40,166,49,64,12,291,0,0,0,291
06/12/2018,BDL,CT,ANE,EN,Towers with Radar,183,55,30,16,284,0,3,21,5,29,183,58,51,21,313,6,0,6,319
06/13/2018,BDL,CT,ANE,EN,Towers with Radar,179,70,52,10,311,0,0,6,6,12,179,70,58,16,323,0,0,0,323
06/14/2018,BDL,CT,ANE,EN,Towers with Radar,175,54,31,9,269,0,0,19,5,24,175,54,50,14,293,12,0,12,305
06/15/2018,BDL,CT,ANE,EN,Towers with Radar,174,57,11,4,246,0,0,16,2,18,174,57,27,6,264,4,0,4,268
06/16/2018,BDL,CT,ANE,EN,Towers with Radar,141,61,3,5,210,0,3,7,1,11,141,64,10,6,221,0,0,0,221
06/17/2018,BDL,CT,ANE,EN,Towers with Radar,149,70,17,3,239,0,1,8,1,10,149,71,25,4,249,0,0,0,249
06/18/2018,BDL,CT,ANE,EN,Towers with Radar,165,59,31,6,261,0,0,14,3,17,165,59,45,9,278,0,0,0,278
06/19/2018,BDL,CT,ANE,EN,Towers with Radar,166,61,32,4,263,0,4,19,9,32,166,65,51,13,295,0,0,0,295
06/20/2018,BDL,CT,ANE,EN,Towers with Radar,186,57,21,5,269,0,0,24,8,32,186,57,45,13,301,1,0,1,302
06/21/2018,BDL,CT,ANE,EN,Towers with Radar,181,53,26,7,267,0,0,21,11,32,181,53,47,18,299,0,0,0,299
06/22/2018,BDL,CT,ANE,EN,Towers with Radar,177,66,20,2,265,0,2,18,0,20,177,68,38,2,285,0,0,0,285
06/23/2018,BDL,CT,ANE,EN,Towers with Radar,140,64,13,0,217,0,1,5,0,6,140,65,18,0,223,0,0,0,223
06/24/2018,BDL,CT,ANE,EN,Towers with Radar,158,59,23,2,242,0,0,1,0,1,158,59,24,2,243,0,0,0,243
06/25/2018,BDL,CT,ANE,EN,Towers with Radar,176,54,32,2,264,0,0,19,0,19,176,54,51,2,283,0,0,0,283
06/26/2018,BDL,CT,ANE,EN,Towers with Radar,186,72,26,8,292,0,8,20,2,30,186,80,46,10,322,0,0,0,322
06/27/2018,BDL,CT,ANE,EN,Towers with Radar,183,63,34,6,286,0,0,17,11,28,183,63,51,17,314,0,0,0,314
06/28/2018,BDL,CT,ANE,EN,Towers with Radar,181,63,39,3,286,0,0,1,0,1,181,63,40,3,287,0,0,0,287
06/29/2018,BDL,CT,ANE,EN,Towers with Radar,181,55,37,6,279,0,0,28,2,30,181,55,65,8,309,0,0,0,309
06/30/2018,BDL,CT,ANE,EN,Towers with Radar,141,56,15,0,212,0,5,11,0,16,141,61,26,0,228,0,0,0,228
07/01/2018,BDL,CT,ANE,EN,Towers with Radar,150,48,12,3,213,0,0,10,0,10,150,48,22,3,223,0,0,0,223
07/02/2018,BDL,CT,ANE,EN,Towers with Radar,147,34,20,0,201,0,0,19,0,19,147,34,39,0,220,0,0,0,220
07/03/2018,BDL,CT,ANE,EN,Towers with Radar,167,45,18,1,231,0,0,1,0,1,167,45,19,1,232,0,0,0,232
07/04/2018,BDL,CT,ANE,EN,Towers with Radar,125,29,15,0,169,0,0,6,0,6,125,29,21,0,175,0,0,0,175
07/05/2018,BDL,CT,ANE,EN,Towers with Radar,164,45,9,4,222,0,0,10,2,12,164,45,19,6,234,0,0,0,234
07/06/2018,BDL,CT,ANE,EN,Towers with Radar,165,43,13,0,221,0,0,4,0,4,165,43,17,0,225,0,0,0,225
07/07/2018,BDL,CT,ANE,EN,Towers with Radar,141,53,8,3,205,0,2,10,1,13,141,55,18,4,218,1,0,1,219
07/08/2018,BDL,CT,ANE,EN,Towers with Radar,165,45,13,0,223,0,0,16,0,16,165,45,29,0,239,0,0,0,239
07/09/2018,BDL,CT,ANE,EN,Towers with Radar,179,59,26,3,267,0,2,36,1,39,179,61,62,4,306,6,0,6,312
07/10/2018,BDL,CT,ANE,EN,Towers with Radar,184,54,18,4,260,0,2,20,9,31,184,56,38,13,291,10,0,10,301
07/11/2018,BDL,CT,ANE,EN,Towers with Radar,186,60,30,4,280,0,0,17,15,32,186,60,47,19,312,0,0,0,312
07/12/2018,BDL,CT,ANE,EN,Towers with Radar,189,48,24,2,263,0,0,25,13,38,189,48,49,15,301,0,10,10,311
07/13/2018,BDL,CT,ANE,EN,Towers with Radar,178,52,25,6,261,0,0,27,8,35,178,52,52,14,296,2,0,2,298
07/14/2018,BDL,CT,ANE,EN,Towers with Radar,145,49,18,1,213,0,0,3,7,10,145,49,21,8,223,0,0,0,223
07/15/2018,BDL,CT,ANE,EN,Towers with Radar,162,41,13,1,217,0,0,11,7,18,162,41,24,8,235,0,0,0,235
07/16/2018,BDL,CT,ANE,EN,Towers with Radar,170,42,34,2,248,0,0,15,0,15,170,42,49,2,263,0,0,0,263
07/17/2018,BDL,CT,ANE,EN,Towers with Radar,186,49,27,4,266,0,0,8,12,20,186,49,35,16,286,0,6,6,292
07/18/2018,BDL,CT,ANE,EN,Towers with Radar,186,55,39,3,283,0,0,34,21,55,186,55,73,24,338,0,0,0,338
07/19/2018,BDL,CT,ANE,EN,Towers with Radar,184,52,28,5,269,0,0,37,20,57,184,52,65,25,326,6,0,6,332
07/20/2018,BDL,CT,ANE,EN,Towers with Radar,187,58,20,0,265,0,0,21,4,25,187,58,41,4,290,0,0,0,290
07/21/2018,BDL,CT,ANE,EN,Towers with Radar,151,41,17,3,212,0,0,10,1,11,151,41,27,4,223,0,0,0,223
07/22/2018,BDL,CT,ANE,EN,Towers with Radar,154,42,11,1,208,0,0,0,0,0,154,42,11,1,208,0,0,0,208
07/23/2018,BDL,CT,ANE,EN,Towers with Radar,171,54,27,1,253,0,0,5,0,5,171,54,32,1,258,0,0,0,258
07/24/2018,BDL,CT,ANE,EN,Towers with Radar,180,44,23,8,255,0,0,6,5,11,180,44,29,13,266,0,0,0,266
07/25/2018,BDL,CT,ANE,EN,Towers with Radar,172,39,22,13,246,0,0,2,4,6,172,39,24,17,252,0,0,0,252
07/26/2018,BDL,CT,ANE,EN,Towers with Radar,200,49,33,7,289,0,0,13,6,19,200,49,46,13,308,0,0,0,308
07/27/2018,BDL,CT,ANE,EN,Towers with Radar,169,60,20,5,254,0,0,8,2,10,169,60,28,7,264,0,0,0,264
07/28/2018,BDL,CT,ANE,EN,Towers with Radar,154,44,10,1,209,0,0,2,0,2,154,44,12,1,211,4,0,4,215
07/29/2018,BDL,CT,ANE,EN,Towers with Radar,162,47,15,0,224,0,0,10,0,10,162,47,25,0,234,0,0,0,234
07/30/2018,BDL,CT,ANE,EN,Towers with Radar,168,50,21,1,240,0,0,25,0,25,168,50,46,1,265,0,0,0,265
07/31/2018,BDL,CT,ANE,EN,Towers with Radar,197,56,34,3,290,0,0,26,9,35,197,56,60,12,325,0,0,0,325
08/01/2018,BDL,CT,ANE,EN,Towers with Radar,188,55,29,6,278,0,0,7,0,7,188,55,36,6,285,0,0,0,285
08/02/2018,BDL,CT,ANE,EN,Towers with Radar,189,47,28,7,271,0,0,12,4,16,189,47,40,11,287,0,2,2,289
08/03/2018,BDL,CT,ANE,EN,Towers with Radar,172,48,27,3,250,0,0,6,2,8,172,48,33,5,258,0,0,0,258
08/04/2018,BDL,CT,ANE,EN,Towers with Radar,158,45,9,0,212,0,0,1,0,1,158,45,10,0,213,0,0,0,213
08/05/2018,BDL,CT,ANE,EN,Towers with Radar,165,48,20,3,236,0,2,13,0,15,165,50,33,3,251,0,0,0,251
08/06/2018,BDL,CT,ANE,EN,Towers with Radar,179,44,26,2,251,0,4,9,4,17,179,48,35,6,268,0,0,0,268
08/07/2018,BDL,CT,ANE,EN,Towers with Radar,186,49,31,2,268,0,0,23,11,34,186,49,54,13,302,0,0,0,302
08/08/2018,BDL,CT,ANE,EN,Towers with Radar,188,54,35,2,279,0,0,9,10,19,188,54,44,12,298,0,0,0,298
08/09/2018,BDL,CT,ANE,EN,Towers with Radar,188,46,25,7,266,0,0,14,15,29,188,46,39,22,295,0,0,0,295
08/10/2018,BDL,CT,ANE,EN,Towers with Radar,188,48,20,1,257,0,6,9,0,15,188,54,29,1,272,0,0,0,272
08/11/2018,BDL,CT,ANE,EN,Towers with Radar,147,45,18,0,210,0,0,0,0,0,147,45,18,0,210,0,0,0,210
08/12/2018,BDL,CT,ANE,EN,Towers with Radar,164,45,23,1,233,0,0,2,2,4,164,45,25,3,237,4,0,4,241
08/13/2018,BDL,CT,ANE,EN,Towers with Radar,175,47,25,3,250,0,0,2,0,2,175,47,27,3,252,0,0,0,252
08/14/2018,BDL,CT,ANE,EN,Towers with Radar,200,49,20,3,272,0,4,7,4,15,200,53,27,7,287,0,0,0,287
08/15/2018,BDL,CT,ANE,EN,Towers with Radar,189,67,21,5,282,0,0,16,8,24,189,67,37,13,306,0,0,0,306
08/16/2018,BDL,CT,ANE,EN,Towers with Radar,191,48,28,4,271,0,0,19,7,26,191,48,47,11,297,4,0,4,301
08/17/2018,BDL,CT,ANE,EN,Towers with Radar,173,51,25,1,250,0,0,6,0,6,173,51,31,1,256,0,0,0,256
08/18/2018,BDL,CT,ANE,EN,Towers with Radar,162,51,11,0,224,0,0,1,0,1,162,51,12,0,225,1,0,1,226
08/19/2018,BDL,CT,ANE,EN,Towers with Radar,154,42,10,1,207,0,0,9,0,9,154,42,19,1,216,0,0,0,216
08/20/2018,BDL,CT,ANE,EN,Towers with Radar,178,54,23,2,257,0,0,10,0,10,178,54,33,2,267,0,0,0,267
08/21/2018,BDL,CT,ANE,EN,Towers with Radar,189,43,32,6,270,0,0,14,9,23,189,43,46,15,293,2,0,2,295
08/22/2018,BDL,CT,ANE,EN,Towers with Radar,203,49,20,6,278,0,0,4,17,21,203,49,24,23,299,0,2,2,301
08/23/2018,BDL,CT,ANE,EN,Towers with Radar,194,44,26,10,274,0,4,12,14,30,194,48,38,24,304,0,0,0,304
08/24/2018,BDL,CT,ANE,EN,Towers with Radar,183,55,28,6,272,0,0,18,0,18,183,55,46,6,290,6,0,6,296
08/25/2018,BDL,CT,ANE,EN,Towers with Radar,146,34,10,0,190,0,0,2,1,3,146,34,12,1,193,0,0,0,193
08/26/2018,BDL,CT,ANE,EN,Towers with Radar,160,45,7,0,212,0,0,6,0,6,160,45,13,0,218,0,0,0,218
08/27/2018,BDL,CT,ANE,EN,Towers with Radar,171,49,28,2,250,0,0,11,4,15,171,49,39,6,265,0,0,0,265
08/28/2018,BDL,CT,ANE,EN,Towers with Radar,199,51,32,0,282,0,0,7,8,15,199,51,39,8,297,0,0,0,297
08/29/2018,BDL,CT,ANE,EN,Towers with Radar,196,51,28,4,279,0,2,10,16,28,196,53,38,20,307,0,0,0,307
08/30/2018,BDL,CT,ANE,EN,Towers with Radar,195,45,26,6,272,0,0,19,18,37,195,45,45,24,309,6,0,6,315
08/31/2018,BDL,CT,ANE,EN,Towers with Radar,182,50,30,1,263,0,0,10,0,10,182,50,40,1,273,0,0,0,273
09/01/2018,BDL,CT,ANE,EN,Towers with Radar,138,33,15,0,186,0,0,6,0,6,138,33,21,0,192,0,0,0,192
09/02/2018,BDL,CT,ANE,EN,Towers with Radar,117,31,19,0,167,0,0,6,0,6,117,31,25,0,173,0,0,0,173
09/03/2018,BDL,CT,ANE,EN,Towers with Radar,141,40,16,1,198,0,0,5,0,5,141,40,21,1,203,0,0,0,203
09/04/2018,BDL,CT,ANE,EN,Towers with Radar,164,43,19,7,233,0,0,18,9,27,164,43,37,16,260,0,0,0,260
09/05/2018,BDL,CT,ANE,EN,Towers with Radar,177,46,33,17,273,0,1,28,16,45,177,47,61,33,318,0,0,0,318
09/06/2018,BDL,CT,ANE,EN,Towers with Radar,179,38,36,0,253,0,0,19,7,26,179,38,55,7,279,14,0,14,293
09/07/2018,BDL,CT,ANE,EN,Towers with Radar,172,44,33,6,255,0,0,11,1,12,172,44,44,7,267,0,0,0,267
09/08/2018,BDL,CT,ANE,EN,Towers with Radar,143,42,27,1,213,0,0,15,15,30,143,42,42,16,243,0,0,0,243
09/09/2018,BDL,CT,ANE,EN,Towers with Radar,154,34,26,4,218,0,0,7,10,17,154,34,33,14,235,0,0,0,235
09/10/2018,BDL,CT,ANE,EN,Towers with Radar,169,42,43,0,254,0,0,4,0,4,169,42,47,0,258,0,0,0,258
09/11/2018,BDL,CT,ANE,EN,Towers with Radar,180,38,34,9,261,0,0,5,0,5,180,38,39,9,266,0,0,0,266
09/12/2018,BDL,CT,ANE,EN,Towers with Radar,185,46,32,7,270,0,0,0,0,0,185,46,32,7,270,0,0,0,270
09/13/2018,BDL,CT,ANE,EN,Towers with Radar,186,41,53,8,288,0,0,6,6,12,186,41,59,14,300,0,0,0,300
09/14/2018,BDL,CT,ANE,EN,Towers with Radar,177,50,41,4,272,0,0,15,1,16,177,50,56,5,288,4,0,4,292
09/15/2018,BDL,CT,ANE,EN,Towers with Radar,142,30,14,2,188,0,0,4,0,4,142,30,18,2,192,0,0,0,192
09/16/2018,BDL,CT,ANE,EN,Towers with Radar,151,38,11,2,202,0,1,7,0,8,151,39,18,2,210,0,0,0,210
09/17/2018,BDL,CT,ANE,EN,Towers with Radar,175,47,31,1,254,0,0,13,2,15,175,47,44,3,269,0,0,0,269
09/18/2018,BDL,CT,ANE,EN,Towers with Radar,183,47,24,3,257,0,0,4,2,6,183,47,28,5,263,0,0,0,263
09/19/2018,BDL,CT,ANE,EN,Towers with Radar,183,52,27,2,264,0,0,18,17,35,183,52,45,19,299,3,0,3,302
09/20/2018,BDL,CT,ANE,EN,Towers with Radar,185,44,33,3,265,0,0,13,16,29,185,44,46,19,294,0,0,0,294
09/21/2018,BDL,CT,ANE,EN,Towers with Radar,187,46,27,3,263,0,0,10,4,14,187,46,37,7,277,0,0,0,277
09/22/2018,BDL,CT,ANE,EN,Towers with Radar,151,37,22,0,210,0,0,12,0,12,151,37,34,0,222,0,0,0,222
09/23/2018,BDL,CT,ANE,EN,Towers with Radar,154,43,17,0,214,0,2,9,1,12,154,45,26,1,226,0,0,0,226
09/24/2018,BDL,CT,ANE,EN,Towers with Radar,172,54,25,0,251,0,0,14,0,14,172,54,39,0,265,0,0,0,265
09/25/2018,BDL,CT,ANE,EN,Towers with Radar,181,61,28,2,272,0,0,0,0,0,181,61,28,2,272,0,0,0,272
09/26/2018,BDL,CT,ANE,EN,Towers with Radar,185,47,32,8,272,0,0,3,2,5,185,47,35,10,277,0,6,6,283
09/27/2018,BDL,CT,ANE,EN,Towers with Radar,188,49,26,5,268,0,0,26,11,37,188,49,52,16,305,12,0,12,317
09/28/2018,BDL,CT,ANE,EN,Towers with Radar,182,55,34,3,274,0,0,2,0,2,182,55,36,3,276,0,0,0,276
09/29/2018,BDL,CT,ANE,EN,Towers with Radar,142,32,17,0,191,0,1,12,2,15,142,33,29,2,206,0,0,0,206
09/30/2018,BDL,CT,ANE,EN,Towers with Radar,155,37,23,0,215,0,0,11,8,19,155,37,34,8,234,0,0,0,234
10/01/2018,BDL,CT,ANE,EN,Towers with Radar,174,44,34,0,252,0,0,7,0,7,174,44,41,0,259,0,0,0,259
10/02/2018,BDL,CT,ANE,EN,Towers with Radar,185,46,29,4,264,0,0,0,0,0,185,46,29,4,264,0,0,0,264
10/03/2018,BDL,CT,ANE,EN,Towers with Radar,188,46,38,16,288,0,1,14,19,34,188,47,52,35,322,0,8,8,330
10/04/2018,BDL,CT,ANE,EN,Towers with Radar,191,48,42,1,282,0,1,9,9,19,191,49,51,10,301,0,0,0,301
10/05/2018,BDL,CT,ANE,EN,Towers with Radar,186,42,35,0,263,0,0,15,0,15,186,42,50,0,278,0,0,0,278
10/06/2018,BDL,CT,ANE,EN,Towers with Radar,141,34,19,0,194,0,0,2,0,2,141,34,21,0,196,0,0,0,196
10/07/2018,BDL,CT,ANE,EN,Towers with Radar,156,35,20,0,211,0,0,5,0,5,156,35,25,0,216,0,0,0,216
10/08/2018,BDL,CT,ANE,EN,Towers with Radar,178,53,45,0,276,0,0,1,0,1,178,53,46,0,277,0,0,0,277
10/09/2018,BDL,CT,ANE,EN,Towers with Radar,182,52,39,5,278,0,0,15,1,16,182,52,54,6,294,0,0,0,294
10/10/2018,BDL,CT,ANE,EN,Towers with Radar,182,46,41,7,276,0,0,20,12,32,182,46,61,19,308,0,0,0,308
10/11/2018,BDL,CT,ANE,EN,Towers with Radar,188,38,35,2,263,0,0,3,0,3,188,38,38,2,266,0,0,0,266
10/12/2018,BDL,CT,ANE,EN,Towers with Radar,193,45,38,2,278,0,0,8,0,8,193,45,46,2,286,0,0,0,286
10/13/2018,BDL,CT,ANE,EN,Towers with Radar,140,28,17,4,189,0,0,6,15,21,140,28,23,19,210,2,6,8,218
10/14/2018,BDL,CT,ANE,EN,Towers with Radar,163,37,17,1,218,0,0,7,0,7,163,37,24,1,225,0,0,0,225
10/15/2018,BDL,CT,ANE,EN,Towers with Radar,170,39,32,2,243,0,0,4,0,4,170,39,36,2,247,0,0,0,247
10/16/2018,BDL,CT,ANE,EN,Towers with Radar,190,38,24,2,254,0,0,17,7,24,190,38,41,9,278,0,0,0,278
10/17/2018,BDL,CT,ANE,EN,Towers with Radar,186,38,24,3,251,0,1,17,19,37,186,39,41,22,288,0,4,4,292
10/18/2018,BDL,CT,ANE,EN,Towers with Radar,189,43,21,4,257,0,2,10,12,24,189,45,31,16,281,0,0,0,281
10/19/2018,BDL,CT,ANE,EN,Towers with Radar,184,53,34,5,276,0,0,22,3,25,184,53,56,8,301,0,0,0,301
10/20/2018,BDL,CT,ANE,EN,Towers with Radar,143,37,11,0,191,0,0,6,6,12,143,37,17,6,203,0,0,0,203
10/21/2018,BDL,CT,ANE,EN,Towers with Radar,155,42,10,3,210,0,0,8,10,18,155,42,18,13,228,0,0,0,228
10/22/2018,BDL,CT,ANE,EN,Towers with Radar,177,44,22,1,244,0,4,25,0,29,177,48,47,1,273,0,0,0,273
10/23/2018,BDL,CT,ANE,EN,Towers with Radar,192,42,26,8,268,0,0,9,10,19,192,42,35,18,287,0,0,0,287
10/24/2018,BDL,CT,ANE,EN,Towers with Radar,183,41,47,4,275,0,1,17,12,30,183,42,64,16,305,0,0,0,305
10/25/2018,BDL,CT,ANE,EN,Towers with Radar,189,41,45,3,278,0,0,27,16,43,189,41,72,19,321,6,0,6,327
10/26/2018,BDL,CT,ANE,EN,Towers with Radar,181,45,37,3,266,0,2,24,0,26,181,47,61,3,292,0,0,0,292
10/27/2018,BDL,CT,ANE,EN,Towers with Radar,145,24,7,0,176,0,0,0,0,0,145,24,7,0,176,0,0,0,176
10/28/2018,BDL,CT,ANE,EN,Towers with Radar,152,35,34,0,221,0,0,3,0,3,152,35,37,0,224,0,0,0,224
10/29/2018,BDL,CT,ANE,EN,Towers with Radar,163,39,26,0,228,0,0,2,0,2,163,39,28,0,230,0,0,0,230
10/30/2018,BDL,CT,ANE,EN,Towers with Radar,172,38,29,5,244,0,0,13,6,19,172,38,42,11,263,0,0,0,263
10/31/2018,BDL,CT,ANE,EN,Towers with Radar,160,43,14,7,224,0,0,14,8,22,160,43,28,15,246,6,0,6,252
11/01/2018,BDL,CT,ANE,EN,Towers with Radar,167,39,27,8,241,0,0,14,13,27,167,39,41,21,268,6,4,10,278
11/02/2018,BDL,CT,ANE,EN,Towers with Radar,176,44,26,4,250,0,0,2,0,2,176,44,28,4,252,0,0,0,252
11/03/2018,BDL,CT,ANE,EN,Towers with Radar,148,34,9,2,193,0,0,0,1,1,148,34,9,3,194,0,0,0,194
11/04/2018,BDL,CT,ANE,EN,Towers with Radar,164,37,16,0,217,0,0,13,0,13,164,37,29,0,230,0,0,0,230
11/05/2018,BDL,CT,ANE,EN,Towers with Radar,170,46,18,2,236,0,0,6,0,6,170,46,24,2,242,0,0,0,242
11/06/2018,BDL,CT,ANE,EN,Towers with Radar,183,45,29,4,261,0,0,1,0,1,183,45,30,4,262,0,0,0,262
11/07/2018,BDL,CT,ANE,EN,Towers with Radar,180,38,38,4,260,0,2,19,16,37,180,40,57,20,297,0,0,0,297
11/08/2018,BDL,CT,ANE,EN,Towers with Radar,189,33,32,2,256,0,0,22,19,41,189,33,54,21,297,0,0,0,297
11/09/2018,BDL,CT,ANE,EN,Towers with Radar,187,37,23,4,251,0,0,9,8,17,187,37,32,12,268,0,0,0,268
11/10/2018,BDL,CT,ANE,EN,Towers with Radar,150,38,9,0,197,0,0,2,0,2,150,38,11,0,199,0,0,0,199
11/11/2018,BDL,CT,ANE,EN,Towers with Radar,164,35,15,0,214,0,0,10,0,10,164,35,25,0,224,0,0,0,224
11/12/2018,BDL,CT,ANE,EN,Towers with Radar,177,46,21,0,244,0,1,28,0,29,177,47,49,0,273,0,0,0,273
11/13/2018,BDL,CT,ANE,EN,Towers with Radar,198,47,38,4,287,0,0,3,0,3,198,47,41,4,290,0,0,0,290
11/14/2018,BDL,CT,ANE,EN,Towers with Radar,195,43,36,6,280,0,0,16,11,27,195,43,52,17,307,4,0,4,311
11/15/2018,BDL,CT,ANE,EN,Towers with Radar,160,37,21,1,219,0,0,12,9,21,160,37,33,10,240,0,0,0,240
11/16/2018,BDL,CT,ANE,EN,Towers with Radar,202,50,35,0,287,0,0,8,0,8,202,50,43,0,295,0,0,0,295
11/17/2018,BDL,CT,ANE,EN,Towers with Radar,149,32,20,3,204,0,0,4,9,13,149,32,24,12,217,0,0,0,217
11/18/2018,BDL,CT,ANE,EN,Towers with Radar,174,36,19,4,233,0,0,2,4,6,174,36,21,8,239,0,0,0,239
11/19/2018,BDL,CT,ANE,EN,Towers with Radar,175,32,15,0,222,0,0,0,0,0,175,32,15,0,222,0,0,0,222
11/20/2018,BDL,CT,ANE,EN,Towers with Radar,189,51,27,1,268,0,0,0,0,0,189,51,27,1,268,0,0,0,268
11/21/2018,BDL,CT,ANE,EN,Towers with Radar,201,34,10,4,249,0,0,3,2,5,201,34,13,6,254,0,0,0,254
11/22/2018,BDL,CT,ANE,EN,Towers with Radar,110,19,1,0,130,0,1,2,0,3,110,20,3,0,133,0,0,0,133
11/23/2018,BDL,CT,ANE,EN,Towers with Radar,136,19,7,2,164,0,1,9,0,10,136,20,16,2,174,0,0,0,174
11/24/2018,BDL,CT,ANE,EN,Towers with Radar,167,29,22,0,218,0,0,7,0,7,167,29,29,0,225,0,0,0,225
11/25/2018,BDL,CT,ANE,EN,Towers with Radar,190,47,33,0,270,0,0,6,0,6,190,47,39,0,276,0,0,0,276
11/26/2018,BDL,CT,ANE,EN,Towers with Radar,172,43,49,0,264,0,0,1,0,1,172,43,50,0,265,0,0,0,265
11/27/2018,BDL,CT,ANE,EN,Towers with Radar,193,46,26,1,266,0,0,16,10,26,193,46,42,11,292,6,0,6,298
11/28/2018,BDL,CT,ANE,EN,Towers with Radar,180,50,24,4,258,0,0,11,14,25,180,50,35,18,283,0,0,0,283
11/29/2018,BDL,CT,ANE,EN,Towers with Radar,195,49,34,3,281,0,0,29,14,43,195,49,63,17,324,0,0,0,324
11/30/2018,BDL,CT,ANE,EN,Towers with Radar,187,50,41,4,282,0,0,10,5,15,187,50,51,9,297,0,0,0,297
12/01/2018,BDL,CT,ANE,EN,Towers with Radar,141,27,12,1,181,0,2,14,0,16,141,29,26,1,197,0,0,0,197
12/02/2018,BDL,CT,ANE,EN,Towers with Radar,158,40,20,3,221,0,0,0,0,0,158,40,20,3,221,0,0,0,221
12/03/2018,BDL,CT,ANE,EN,Towers with Radar,171,45,34,3,253,0,0,17,0,17,171,45,51,3,270,0,2,2,272
12/04/2018,BDL,CT,ANE,EN,Towers with Radar,181,48,15,6,250,0,2,13,7,22,181,50,28,13,272,0,0,0,272
12/05/2018,BDL,CT,ANE,EN,Towers with Radar,188,53,24,1,266,0,2,18,0,20,188,55,42,1,286,0,0,0,286
12/06/2018,BDL,CT,ANE,EN,Towers with Radar,187,47,35,4,273,0,0,27,16,43,187,47,62,20,316,5,0,5,321
12/07/2018,BDL,CT,ANE,EN,Towers with Radar,185,49,30,1,265,0,0,19,2,21,185,49,49,3,286,0,0,0,286
12/08/2018,BDL,CT,ANE,EN,Towers with Radar,137,30,15,0,182,0,0,9,0,9,137,30,24,0,191,0,0,0,191
12/09/2018,BDL,CT,ANE,EN,Towers with Radar,147,37,24,3,211,0,0,14,0,14,147,37,38,3,225,0,0,0,225
12/10/2018,BDL,CT,ANE,EN,Towers with Radar,175,49,27,2,253,0,1,18,0,19,175,50,45,2,272,0,0,0,272
12/11/2018,BDL,CT,ANE,EN,Towers with Radar,181,42,22,6,251,0,0,27,10,37,181,42,49,16,288,2,0,2,290
12/12/2018,BDL,CT,ANE,EN,Towers with Radar,182,59,34,5,280,0,0,22,11,33,182,59,56,16,313,0,0,0,313
12/13/2018,BDL,CT,ANE,EN,Towers with Radar,188,47,43,6,284,0,0,7,5,12,188,47,50,11,296,0,4,4,300
12/14/2018,BDL,CT,ANE,EN,Towers with Radar,194,47,40,1,282,0,0,10,3,13,194,47,50,4,295,8,0,8,303
12/15/2018,BDL,CT,ANE,EN,Towers with Radar,142,35,14,0,191,0,0,2,0,2,142,35,16,0,193,0,0,0,193
12/16/2018,BDL,CT,ANE,EN,Towers with Radar,169,36,9,0,214,0,0,0,0,0,169,36,9,0,214,0,0,0,214
12/17/2018,BDL,CT,ANE,EN,Towers with Radar,183,38,16,2,239,0,0,7,0,7,183,38,23,2,246,0,0,0,246
12/18/2018,BDL,CT,ANE,EN,Towers with Radar,191,45,22,9,267,0,0,22,1,23,191,45,44,10,290,0,0,0,290
12/19/2018,BDL,CT,ANE,EN,Towers with Radar,189,46,37,3,275,0,0,30,13,43,189,46,67,16,318,0,0,0,318
12/20/2018,BDL,CT,ANE,EN,Towers with Radar,197,34,26,3,260,0,4,12,12,28,197,38,38,15,288,2,0,2,290
12/21/2018,BDL,CT,ANE,EN,Towers with Radar,204,45,18,0,267,0,0,0,0,0,204,45,18,0,267,0,0,0,267
12/22/2018,BDL,CT,ANE,EN,Towers with Radar,173,34,14,0,221,0,0,0,0,0,173,34,14,0,221,0,0,0,221
12/23/2018,BDL,CT,ANE,EN,Towers with Radar,168,33,17,2,220,0,0,18,0,18,168,33,35,2,238,0,0,0,238
12/24/2018,BDL,CT,ANE,EN,Towers with Radar,138,19,3,0,160,0,0,0,0,0,138,19,3,0,160,0,0,0,160
12/25/2018,BDL,CT,ANE,EN,Towers with Radar,115,17,2,0,134,0,0,2,0,2,115,17,4,0,136,0,0,0,136
12/26/2018,BDL,CT,ANE,EN,Towers with Radar,172,37,31,0,240,0,0,19,0,19,172,37,50,0,259,0,0,0,259
12/27/2018,BDL,CT,ANE,EN,Towers with Radar,187,46,28,0,261,0,0,12,2,14,187,46,40,2,275,1,0,1,276
12/28/2018,BDL,CT,ANE,EN,Towers with Radar,186,45,2,0,233,0,0,0,0,0,186,45,2,0,233,0,0,0,233
12/29/2018,BDL,CT,ANE,EN,Towers with Radar,158,32,6,0,196,0,0,8,0,8,158,32,14,0,204,0,0,0,204
12/30/2018,BDL,CT,ANE,EN,Towers with Radar,170,32,19,0,221,0,2,4,2,8,170,34,23,2,229,0,0,0,229
12/31/2018,BDL,CT,ANE,EN,Towers with Radar,149,28,4,0,181,0,4,1,0,5,149,32,5,0,186,0,0,0,186
01/01/2019,BDL,CT,ANE,EN,Towers with Radar,135,38,11,0,184,0,0,0,0,0,135,38,11,0,184,0,0,0,184
01/02/2019,BDL,CT,ANE,EN,Towers with Radar,182,38,18,4,242,0,0,11,8,19,182,38,29,12,261,0,0,0,261
01/03/2019,BDL,CT,ANE,EN,Towers with Radar,184,31,23,2,240,0,0,12,3,15,184,31,35,5,255,0,0,0,255
01/04/2019,BDL,CT,ANE,EN,Towers with Radar,177,34,18,1,230,0,0,10,3,13,177,34,28,4,243,0,0,0,243
01/05/2019,BDL,CT,ANE,EN,Towers with Radar,143,26,5,0,174,0,0,0,0,0,143,26,5,0,174,0,0,0,174
01/06/2019,BDL,CT,ANE,EN,Towers with Radar,145,26,14,0,185,0,0,0,0,0,145,26,14,0,185,0,0,0,185
01/07/2019,BDL,CT,ANE,EN,Towers with Radar,170,31,25,3,229,0,2,25,2,29,170,33,50,5,258,0,0,0,258
01/08/2019,BDL,CT,ANE,EN,Towers with Radar,189,29,18,1,237,0,0,0,0,0,189,29,18,1,237,0,0,0,237
01/09/2019,BDL,CT,ANE,EN,Towers with Radar,188,28,26,2,244,0,0,6,16,22,188,28,32,18,266,0,0,0,266
01/10/2019,BDL,CT,ANE,EN,Towers with Radar,190,33,11,3,237,0,1,12,21,34,190,34,23,24,271,0,0,0,271
01/11/2019,BDL,CT,ANE,EN,Towers with Radar,183,38,27,1,249,0,3,16,0,19,183,41,43,1,268,0,0,0,268
01/12/2019,BDL,CT,ANE,EN,Towers with Radar,139,27,21,0,187,0,1,16,0,17,139,28,37,0,204,0,0,0,204
01/13/2019,BDL,CT,ANE,EN,Towers with Radar,136,20,25,0,181,0,0,9,0,9,136,20,34,0,190,0,0,0,190
01/14/2019,BDL,CT,ANE,EN,Towers with Radar,171,34,24,1,230,0,0,9,1,10,171,34,33,2,240,0,0,0,240
01/15/2019,BDL,CT,ANE,EN,Towers with Radar,184,27,28,2,241,0,0,19,10,29,184,27,47,12,270,0,0,0,270
01/16/2019,BDL,CT,ANE,EN,Towers with Radar,179,38,31,5,253,0,3,23,21,47,179,41,54,26,300,0,0,0,300
01/17/2019,BDL,CT,ANE,EN,Towers with Radar,188,29,37,5,259,0,2,30,13,45,188,31,67,18,304,0,0,0,304
01/18/2019,BDL,CT,ANE,EN,Towers with Radar,178,39,29,0,246,0,0,5,2,7,178,39,34,2,253,0,0,0,253
01/19/2019,BDL,CT,ANE,EN,Towers with Radar,118,20,24,0,162,0,0,8,0,8,118,20,32,0,170,0,0,0,170
01/20/2019,BDL,CT,ANE,EN,Towers with Radar,66,8,5,0,79,0,0,0,0,0,66,8,5,0,79,0,0,0,79
01/21/2019,BDL,CT,ANE,EN,Towers with Radar,159,39,29,0,227,0,0,10,0,10,159,39,39,0,237,0,0,0,237
01/22/2019,BDL,CT,ANE,EN,Towers with Radar,172,31,19,2,224,0,0,14,13,27,172,31,33,15,251,0,0,0,251
01/23/2019,BDL,CT,ANE,EN,Towers with Radar,185,24,27,1,237,0,0,14,15,29,185,24,41,16,266,0,0,0,266
01/24/2019,BDL,CT,ANE,EN,Towers with Radar,188,25,34,1,248,0,0,0,1,1,188,25,34,2,249,0,0,0,249
01/25/2019,BDL,CT,ANE,EN,Towers with Radar,178,32,36,2,248,0,0,16,2,18,178,32,52,4,266,0,0,0,266
01/26/2019,BDL,CT,ANE,EN,Towers with Radar,147,28,19,0,194,0,3,12,0,15,147,31,31,0,209,0,0,0,209
01/27/2019,BDL,CT,ANE,EN,Towers with Radar,148,26,20,3,197,0,0,4,16,20,148,26,24,19,217,0,0,0,217
01/28/2019,BDL,CT,ANE,EN,Towers with Radar,162,30,22,0,214,0,0,24,0,24,162,30,46,0,238,0,0,0,238
01/29/2019,BDL,CT,ANE,EN,Towers with Radar,174,33,26,0,233,0,1,2,6,9,174,34,28,6,242,0,0,0,242
01/30/2019,BDL,CT,ANE,EN,Towers with Radar,167,31,29,1,228,0,3,5,1,9,167,34,34,2,237,0,0,0,237
01/31/2019,BDL,CT,ANE,EN,Towers with Radar,168,32,33,4,237,0,2,12,6,20,168,34,45,10,257,0,0,0,257
02/01/2019,BDL,CT,ANE,EN,Towers with Radar,177,38,23,1,239,0,0,8,2,10,177,38,31,3,249,0,0,0,249
02/02/2019,BDL,CT,ANE,EN,Towers with Radar,146,31,23,1,201,0,0,13,1,14,146,31,36,2,215,0,0,0,215
02/03/2019,BDL,CT,ANE,EN,Towers with Radar,130,27,21,0,178,0,0,15,1,16,130,27,36,1,194,0,0,0,194
02/04/2019,BDL,CT,ANE,EN,Towers with Radar,167,34,31,0,232,0,4,14,0,18,167,38,45,0,250,0,0,0,250
02/05/2019,BDL,CT,ANE,EN,Towers with Radar,182,30,36,7,255,0,0,20,10,30,182,30,56,17,285,0,0,0,285
02/06/2019,BDL,CT,ANE,EN,Towers with Radar,179,31,38,8,256,0,5,22,6,33,179,36,60,14,289,0,0,0,289
02/07/2019,BDL,CT,ANE,EN,Towers with Radar,190,32,21,9,252,0,0,0,0,0,190,32,21,9,252,0,0,0,252
02/08/2019,BDL,CT,ANE,EN,Towers with Radar,179,39,23,2,243,0,2,2,0,4,179,41,25,2,247,0,0,0,247
02/09/2019,BDL,CT,ANE,EN,Towers with Radar,142,23,10,5,180,0,0,1,18,19,142,23,11,23,199,0,0,0,199
02/10/2019,BDL,CT,ANE,EN,Towers with Radar,145,31,21,4,201,0,0,12,13,25,145,31,33,17,226,0,0,0,226
02/11/2019,BDL,CT,ANE,EN,Towers with Radar,175,37,40,3,255,0,0,21,1,22,175,37,61,4,277,0,0,0,277
02/12/2019,BDL,CT,ANE,EN,Towers with Radar,137,21,13,0,171,0,0,3,2,5,137,21,16,2,176,0,0,0,176
02/13/2019,BDL,CT,ANE,EN,Towers with Radar,174,25,46,10,255,0,1,10,15,26,174,26,56,25,281,0,0,0,281
02/14/2019,BDL,CT,ANE,EN,Towers with Radar,194,46,34,1,275,0,0,17,6,23,194,46,51,7,298,0,0,0,298
02/15/2019,BDL,CT,ANE,EN,Towers with Radar,182,49,29,0,260,0,0,6,0,6,182,49,35,0,266,0,0,0,266
02/16/2019,BDL,CT,ANE,EN,Towers with Radar,145,28,11,0,184,0,0,15,0,15,145,28,26,0,199,0,0,0,199
02/17/2019,BDL,CT,ANE,EN,Towers with Radar,131,34,10,0,175,0,1,15,0,16,131,35,25,0,191,0,0,0,191
02/18/2019,BDL,CT,ANE,EN,Towers with Radar,165,35,20,0,220,0,0,0,0,0,165,35,20,0,220,0,0,0,220
02/19/2019,BDL,CT,ANE,EN,Towers with Radar,196,38,29,3,266,0,0,21,9,30,196,38,50,12,296,0,0,0,296
02/20/2019,BDL,CT,ANE,EN,Towers with Radar,170,35,16,3,224,0,0,7,14,21,170,35,23,17,245,0,0,0,245
02/21/2019,BDL,CT,ANE,EN,Towers with Radar,188,28,21,5,242,0,0,15,9,24,188,28,36,14,266,0,0,0,266
02/22/2019,BDL,CT,ANE,EN,Towers with Radar,185,38,28,1,252,0,0,8,1,9,185,38,36,2,261,0,0,0,261
02/23/2019,BDL,CT,ANE,EN,Towers with Radar,150,32,16,0,198,0,0,9,0,9,150,32,25,0,207,0,0,0,207
02/24/2019,BDL,CT,ANE,EN,Towers with Radar,150,43,14,0,207,0,0,0,0,0,150,43,14,0,207,0,0,0,207
02/25/2019,BDL,CT,ANE,EN,Towers with Radar,175,21,15,1,212,0,0,4,0,4,175,21,19,1,216,0,0,0,216
02/26/2019,BDL,CT,ANE,EN,Towers with Radar,190,37,22,2,251,0,2,12,10,24,190,39,34,12,275,0,0,0,275
02/27/2019,BDL,CT,ANE,EN,Towers with Radar,190,30,24,4,248,0,2,11,9,22,190,32,35,13,270,0,0,0,270
02/28/2019,BDL,CT,ANE,EN,Towers with Radar,190,28,30,3,251,0,0,20,9,29,190,28,50,12,280,0,0,0,280
03/01/2019,BDL,CT,ANE,EN,Towers with Radar,182,36,33,0,251,0,0,8,4,12,182,36,41,4,263,0,0,0,263
03/02/2019,BDL,CT,ANE,EN,Towers with Radar,140,26,9,1,176,0,0,0,0,0,140,26,9,1,176,0,0,0,176
03/03/2019,BDL,CT,ANE,EN,Towers with Radar,142,40,23,1,206,0,0,3,0,3,142,40,26,1,209,0,0,0,209
03/04/2019,BDL,CT,ANE,EN,Towers with Radar,158,32,22,0,212,0,0,8,0,8,158,32,30,0,220,0,0,0,220
03/05/2019,BDL,CT,ANE,EN,Towers with Radar,189,33,26,5,253,0,2,25,7,34,189,35,51,12,287,0,0,0,287
03/06/2019,BDL,CT,ANE,EN,Towers with Radar,187,42,22,8,259,0,1,11,10,22,187,43,33,18,281,0,0,0,281
03/07/2019,BDL,CT,ANE,EN,Towers with Radar,204,34,28,4,270,0,2,31,11,44,204,36,59,15,314,0,0,0,314
03/08/2019,BDL,CT,ANE,EN,Towers with Radar,186,53,37,5,281,0,2,14,12,28,186,55,51,17,309,0,0,0,309
03/09/2019,BDL,CT,ANE,EN,Towers with Radar,156,36,14,8,214,0,0,9,13,22,156,36,23,21,236,0,0,0,236
03/10/2019,BDL,CT,ANE,EN,Towers with Radar,160,31,11,0,202,0,0,0,0,0,160,31,11,0,202,0,0,0,202
03/11/2019,BDL,CT,ANE,EN,Towers with Radar,178,38,25,2,243,0,0,10,0,10,178,38,35,2,253,0,0,0,253
03/12/2019,BDL,CT,ANE,EN,Towers with Radar,194,41,39,3,277,0,0,18,15,33,194,41,57,18,310,0,0,0,310
03/13/2019,BDL,CT,ANE,EN,Towers with Radar,188,37,30,10,265,0,0,25,19,44,188,37,55,29,309,0,0,0,309
03/14/2019,BDL,CT,ANE,EN,Towers with Radar,178,44,22,5,249,0,0,30,15,45,178,44,52,20,294,0,0,0,294
03/15/2019,BDL,CT,ANE,EN,Towers with Radar,197,52,18,0,267,0,0,2,0,2,197,52,20,0,269,0,0,0,269
03/16/2019,BDL,CT,ANE,EN,Towers with Radar,156,35,14,0,205,0,0,2,0,2,156,35,16,0,207,0,0,0,207
03/17/2019,BDL,CT,ANE,EN,Towers with Radar,154,36,19,0,209,0,0,11,0,11,154,36,30,0,220,0,0,0,220
03/18/2019,BDL,CT,ANE,EN,Towers with Radar,181,40,22,0,243,0,0,16,6,22,181,40,38,6,265,0,0,0,265
03/19/2019,BDL,CT,ANE,EN,Towers with Radar,209,33,23,6,271,0,0,26,12,38,209,33,49,18,309,0,0,0,309
03/20/2019,BDL,CT,ANE,EN,Towers with Radar,203,47,29,9,288,0,0,12,18,30,203,47,41,27,318,0,0,0,318
03/21/2019,BDL,CT,ANE,EN,Towers with Radar,191,41,29,10,271,0,0,12,8,20,191,41,41,18,291,0,0,0,291
03/22/2019,BDL,CT,ANE,EN,Towers with Radar,190,57,18,0,265,0,0,10,0,10,190,57,28,0,275,0,0,0,275
03/23/2019,BDL,CT,ANE,EN,Towers with Radar,151,35,5,0,191,0,0,1,0,1,151,35,6,0,192,0,0,0,192
03/24/2019,BDL,CT,ANE,EN,Towers with Radar,166,46,15,0,227,0,1,16,0,17,166,47,31,0,244,0,0,0,244
03/25/2019,BDL,CT,ANE,EN,Towers with Radar,178,43,33,1,255,0,2,20,0,22,178,45,53,1,277,0,0,0,277
03/26/2019,BDL,CT,ANE,EN,Towers with Radar,191,45,26,4,266,0,2,16,12,30,191,47,42,16,296,0,0,0,296
03/27/2019,BDL,CT,ANE,EN,Towers with Radar,193,35,13,7,248,0,1,25,8,34,193,36,38,15,282,0,0,0,282
03/28/2019,BDL,CT,ANE,EN,Towers with Radar,195,40,25,4,264,0,0,25,12,37,195,40,50,16,301,0,0,0,301
03/29/2019,BDL,CT,ANE,EN,Towers with Radar,188,50,18,2,258,0,0,9,5,14,188,50,27,7,272,0,0,0,272
03/30/2019,BDL,CT,ANE,EN,Towers with Radar,151,33,15,0,199,0,0,7,0,7,151,33,22,0,206,0,0,0,206
03/31/2019,BDL,CT,ANE,EN,Towers with Radar,157,36,12,0,205,0,0,0,0,0,157,36,12,0,205,0,0,0,205
04/01/2019,BDL,CT,ANE,EN,Towers with Radar,179,40,23,1,243,0,4,13,0,17,179,44,36,1,260,0,0,0,260
04/02/2019,BDL,CT,ANE,EN,Towers with Radar,200,33,19,8,260,0,0,20,9,29,200,33,39,17,289,0,0,0,289
04/03/2019,BDL,CT,ANE,EN,Towers with Radar,196,49,31,3,279,0,0,14,16,30,196,49,45,19,309,0,0,0,309
04/04/2019,BDL,CT,ANE,EN,Towers with Radar,196,42,29,8,275,0,1,21,9,31,196,43,50,17,306,0,0,0,306
04/05/2019,BDL,CT,ANE,EN,Towers with Radar,190,48,17,3,258,0,0,8,4,12,190,48,25,7,270,0,0,0,270
04/06/2019,BDL,CT,ANE,EN,Towers with Radar,166,30,13,0,209,0,0,3,0,3,166,30,16,0,212,0,0,0,212
04/07/2019,BDL,CT,ANE,EN,Towers with Radar,159,43,7,0,209,0,1,13,2,16,159,44,20,2,225,0,0,0,225
04/08/2019,BDL,CT,ANE,EN,Towers with Radar,177,42,37,0,256,0,0,0,0,0,177,42,37,0,256,0,0,0,256
04/09/2019,BDL,CT,ANE,EN,Towers with Radar,205,37,33,5,280,0,0,0,0,0,205,37,33,5,280,0,0,0,280
04/10/2019,BDL,CT,ANE,EN,Towers with Radar,197,36,25,5,263,0,1,28,17,46,197,37,53,22,309,0,0,0,309
04/11/2019,BDL,CT,ANE,EN,Towers with Radar,197,40,24,3,264,0,0,20,9,29,197,40,44,12,293,0,0,0,293
04/12/2019,BDL,CT,ANE,EN,Towers with Radar,191,33,23,2,249,0,0,1,2,3,191,33,24,4,252,0,0,0,252
04/13/2019,BDL,CT,ANE,EN,Towers with Radar,164,42,25,4,235,0,2,0,12,14,164,44,25,16,249,0,0,0,249
04/14/2019,BDL,CT,ANE,EN,Towers with Radar,162,53,18,0,233,0,0,1,0,1,162,53,19,0,234,0,0,0,234
04/15/2019,BDL,CT,ANE,EN,Towers with Radar,189,42,20,0,251,0,1,4,0,5,189,43,24,0,256,0,0,0,256
04/16/2019,BDL,CT,ANE,EN,Towers with Radar,206,36,26,0,268,0,0,13,0,13,206,36,39,0,281,0,0,0,281
04/17/2019,BDL,CT,ANE,EN,Towers with Radar,201,49,35,6,291,0,0,37,26,63,201,49,72,32,354,0,0,0,354
04/18/2019,BDL,CT,ANE,EN,Towers with Radar,210,38,29,4,281,0,0,11,4,15,210,38,40,8,296,0,0,0,296
04/19/2019,BDL,CT,ANE,EN,Towers with Radar,175,40,14,0,229,0,0,2,0,2,175,40,16,0,231,0,0,0,231
04/20/2019,BDL,CT,ANE,EN,Towers with Radar,151,25,8,0,184,0,0,0,0,0,151,25,8,0,184,0,0,0,184
04/21/2019,BDL,CT,ANE,EN,Towers with Radar,160,39,11,1,211,0,0,0,0,0,160,39,11,1,211,0,0,0,211
04/22/2019,BDL,CT,ANE,EN,Towers with Radar,190,45,42,3,280,0,0,3,0,3,190,45,45,3,283,0,0,0,283
04/23/2019,BDL,CT,ANE,EN,Towers with Radar,205,50,31,12,298,0,0,22,8,30,205,50,53,20,328,0,0,0,328
04/24/2019,BDL,CT,ANE,EN,Towers with Radar,197,47,32,3,279,0,0,27,20,47,197,47,59,23,326,0,0,0,326
04/25/2019,BDL,CT,ANE,EN,Towers with Radar,200,52,33,5,290,0,0,29,19,48,200,52,62,24,338,0,0,0,338
04/26/2019,BDL,CT,ANE,EN,Towers with Radar,202,46,26,1,275,0,0,0,0,0,202,46,26,1,275,0,0,0,275
04/27/2019,BDL,CT,ANE,EN,Towers with Radar,152,33,18,0,203,0,0,2,0,2,152,33,20,0,205,0,0,0,205
04/28/2019,BDL,CT,ANE,EN,Towers with Radar,168,31,19,0,218,0,0,2,0,2,168,31,21,0,220,0,0,0,220
04/29/2019,BDL,CT,ANE,EN,Towers with Radar,185,35,37,0,257,0,0,21,0,21,185,35,58,0,278,0,0,0,278
04/30/2019,BDL,CT,ANE,EN,Towers with Radar,205,36,33,8,282,0,0,10,1,11,205,36,43,9,293,0,0,0,293
05/01/2019,BDL,CT,ANE,EN,Towers with Radar,201,47,30,7,285,0,0,14,11,25,201,47,44,18,310,0,0,0,310
05/02/2019,BDL,CT,ANE,EN,Towers with Radar,186,42,45,4,277,0,0,8,0,8,186,42,53,4,285,0,0,0,285
05/03/2019,BDL,CT,ANE,EN,Towers with Radar,194,34,37,2,267,0,0,0,0,0,194,34,37,2,267,0,0,0,267
05/04/2019,BDL,CT,ANE,EN,Towers with Radar,147,42,16,0,205,0,0,0,0,0,147,42,16,0,205,0,0,0,205
05/05/2019,BDL,CT,ANE,EN,Towers with Radar,149,36,23,0,208,0,0,0,0,0,149,36,23,0,208,0,0,0,208
05/06/2019,BDL,CT,ANE,EN,Towers with Radar,186,33,21,0,240,0,1,21,0,22,186,34,42,0,262,0,0,0,262
05/07/2019,BDL,CT,ANE,EN,Towers with Radar,201,31,19,5,256,0,1,21,11,33,201,32,40,16,289,0,0,0,289
05/08/2019,BDL,CT,ANE,EN,Towers with Radar,197,53,33,7,290,0,0,20,11,31,197,53,53,18,321,0,0,0,321
05/09/2019,BDL,CT,ANE,EN,Towers with Radar,205,36,26,1,268,0,2,25,12,39,205,38,51,13,307,0,0,0,307
05/10/2019,BDL,CT,ANE,EN,Towers with Radar,189,41,35,2,267,0,0,1,0,1,189,41,36,2,268,0,0,0,268
05/11/2019,BDL,CT,ANE,EN,Towers with Radar,141,26,14,0,181,0,0,9,0,9,141,26,23,0,190,0,0,0,190
05/12/2019,BDL,CT,ANE,EN,Towers with Radar,156,40,15,0,211,0,0,0,0,0,156,40,15,0,211,0,0,0,211
05/13/2019,BDL,CT,ANE,EN,Towers with Radar,180,38,21,0,239,0,1,9,0,10,180,39,30,0,249,0,0,0,249
05/14/2019,BDL,CT,ANE,EN,Towers with Radar,209,31,39,8,287,0,0,16,5,21,209,31,55,13,308,0,0,0,308
05/15/2019,BDL,CT,ANE,EN,Towers with Radar,202,38,31,5,276,0,2,21,15,38,202,40,52,20,314,0,0,0,314
05/16/2019,BDL,CT,ANE,EN,Towers with Radar,203,41,25,5,274,0,1,14,15,30,203,42,39,20,304,0,0,0,304
05/17/2019,BDL,CT,ANE,EN,Towers with Radar,188,35,19,2,244,0,2,23,0,25,188,37,42,2,269,0,0,0,269
05/18/2019,BDL,CT,ANE,EN,Towers with Radar,143,40,13,2,198,0,0,6,9,15,143,40,19,11,213,0,0,0,213
05/19/2019,BDL,CT,ANE,EN,Towers with Radar,159,38,14,2,213,0,1,6,3,10,159,39,20,5,223,0,0,0,223
05/20/2019,BDL,CT,ANE,EN,Towers with Radar,179,35,29,0,243,0,0,9,0,9,179,35,38,0,252,0,0,0,252
05/21/2019,BDL,CT,ANE,EN,Towers with Radar,205,37,22,7,271,0,0,8,6,14,205,37,30,13,285,0,0,0,285
05/22/2019,BDL,CT,ANE,EN,Towers with Radar,198,40,39,8,285,0,1,25,12,38,198,41,64,20,323,0,0,0,323
05/23/2019,BDL,CT,ANE,EN,Towers with Radar,196,31,24,1,252,0,0,22,4,26,196,31,46,5,278,0,0,0,278
05/24/2019,BDL,CT,ANE,EN,Towers with Radar,191,46,23,0,260,0,0,17,2,19,191,46,40,2,279,0,0,0,279
05/25/2019,BDL,CT,ANE,EN,Towers with Radar,141,36,6,0,183,0,4,6,0,10,141,40,12,0,193,0,0,0,193
05/26/2019,BDL,CT,ANE,EN,Towers with Radar,128,36,11,0,175,0,0,4,1,5,128,36,15,1,180,0,0,0,180
05/27/2019,BDL,CT,ANE,EN,Towers with Radar,158,28,14,0,200,0,0,19,16,35,158,28,33,16,235,0,0,0,235
05/28/2019,BDL,CT,ANE,EN,Towers with Radar,180,33,25,7,245,0,0,3,4,7,180,33,28,11,252,0,0,0,252
05/29/2019,BDL,CT,ANE,EN,Towers with Radar,207,33,36,12,288,0,0,8,2,10,207,33,44,14,298,0,0,0,298
05/30/2019,BDL,CT,ANE,EN,Towers with Radar,197,46,41,13,297,0,0,0,0,0,197,46,41,13,297,0,0,0,297
05/31/2019,BDL,CT,ANE,EN,Towers with Radar,188,46,30,5,269,0,0,19,1,20,188,46,49,6,289,0,0,0,289
06/01/2019,BDL,CT,ANE,EN,Towers with Radar,142,30,8,0,180,0,0,5,0,5,142,30,13,0,185,0,0,0,185
06/02/2019,BDL,CT,ANE,EN,Towers with Radar,154,38,21,0,213,0,0,4,0,4,154,38,25,0,217,0,0,0,217
06/03/2019,BDL,CT,ANE,EN,Towers with Radar,179,31,27,3,240,0,2,17,0,19,179,33,44,3,259,0,0,0,259
06/04/2019,BDL,CT,ANE,EN,Towers with Radar,200,31,29,2,262,0,0,22,10,32,200,31,51,12,294,0,0,0,294
06/05/2019,BDL,CT,ANE,EN,Towers with Radar,188,36,27,5,256,0,8,24,11,43,188,44,51,16,299,0,0,0,299
06/06/2019,BDL,CT,ANE,EN,Towers with Radar,199,41,26,4,270,0,2,16,13,31,199,43,42,17,301,0,0,0,301
06/07/2019,BDL,CT,ANE,EN,Towers with Radar,176,43,15,2,236,0,0,13,1,14,176,43,28,3,250,0,0,0,250
06/08/2019,BDL,CT,ANE,EN,Towers with Radar,154,32,20,4,210,0,0,18,3,21,154,32,38,7,231,0,0,0,231
06/09/2019,BDL,CT,ANE,EN,Towers with Radar,161,35,22,2,220,0,0,11,1,12,161,35,33,3,232,0,0,0,232
06/10/2019,BDL,CT,ANE,EN,Towers with Radar,176,53,35,2,266,0,0,23,0,23,176,53,58,2,289,0,0,0,289
06/11/2019,BDL,CT,ANE,EN,Towers with Radar,185,41,31,6,263,0,0,14,3,17,185,41,45,9,280,0,0,0,280
06/12/2019,BDL,CT,ANE,EN,Towers with Radar,171,44,32,2,249,0,1,15,4,20,171,45,47,6,269,0,0,0,269
06/13/2019,BDL,CT,ANE,EN,Towers with Radar,189,44,26,3,262,0,0,2,0,2,189,44,28,3,264,0,0,0,264
06/14/2019,BDL,CT,ANE,EN,Towers with Radar,177,37,40,3,257,0,0,4,1,5,177,37,44,4,262,0,0,0,262
06/15/2019,BDL,CT,ANE,EN,Towers with Radar,143,31,8,0,182,0,0,6,2,8,143,31,14,2,190,0,0,0,190
06/16/2019,BDL,CT,ANE,EN,Towers with Radar,161,28,19,0,208,0,0,6,0,6,161,28,25,0,214,0,0,0,214
06/17/2019,BDL,CT,ANE,EN,Towers with Radar,167,33,27,2,229,0,0,18,3,21,167,33,45,5,250,0,0,0,250
06/18/2019,BDL,CT,ANE,EN,Towers with Radar,188,40,35,9,272,0,0,2,5,7,188,40,37,14,279,0,0,0,279
06/19/2019,BDL,CT,ANE,EN,Towers with Radar,183,50,26,10,269,0,1,5,9,15,183,51,31,19,284,0,0,0,284
06/20/2019,BDL,CT,ANE,EN,Towers with Radar,188,48,39,3,278,0,0,0,0,0,188,48,39,3,278,0,0,0,278
06/21/2019,BDL,CT,ANE,EN,Towers with Radar,174,52,25,1,252,0,0,9,0,9,174,52,34,1,261,0,0,0,261
06/22/2019,BDL,CT,ANE,EN,Towers with Radar,145,31,11,1,188,0,2,7,4,13,145,33,18,5,201,0,0,0,201
06/23/2019,BDL,CT,ANE,EN,Towers with Radar,163,47,17,2,229,0,1,12,13,26,163,48,29,15,255,0,0,0,255
06/24/2019,BDL,CT,ANE,EN,Towers with Radar,163,35,24,3,225,0,1,26,3,30,163,36,50,6,255,0,0,0,255
06/25/2019,BDL,CT,ANE,EN,Towers with Radar,194,43,48,2,287,0,0,0,0,0,194,43,48,2,287,0,0,0,287
06/26/2019,BDL,CT,ANE,EN,Towers with Radar,186,41,29,2,258,0,1,30,7,38,186,42,59,9,296,0,0,0,296
06/27/2019,BDL,CT,ANE,EN,Towers with Radar,190,36,31,1,258,0,0,23,9,32,190,36,54,10,290,0,0,0,290
06/28/2019,BDL,CT,ANE,EN,Towers with Radar,167,35,26,2,230,0,0,28,0,28,167,35,54,2,258,0,0,0,258
06/29/2019,BDL,CT,ANE,EN,Towers with Radar,157,38,16,0,211,0,1,13,0,14,157,39,29,0,225,0,0,0,225
06/30/2019,BDL,CT,ANE,EN,Towers with Radar,152,35,13,1,201,0,0,6,0,6,152,35,19,1,207,0,0,0,207
07/01/2019,BDL,CT,ANE,EN,Towers with Radar,160,37,13,0,210,0,0,12,0,12,160,37,25,0,222,0,0,0,222
07/02/2019,BDL,CT,ANE,EN,Towers with Radar,176,32,17,3,228,0,1,21,13,35,176,33,38,16,263,0,0,0,263
07/03/2019,BDL,CT,ANE,EN,Towers with Radar,156,37,18,4,215,0,2,4,7,13,156,39,22,11,228,0,0,0,228
07/04/2019,BDL,CT,ANE,EN,Towers with Radar,117,21,6,0,144,0,0,5,0,5,117,21,11,0,149,0,0,0,149
07/05/2019,BDL,CT,ANE,EN,Towers with Radar,128,21,9,0,158,0,0,4,0,4,128,21,13,0,162,0,0,0,162
07/06/2019,BDL,CT,ANE,EN,Towers with Radar,124,28,12,0,164,0,0,0,0,0,124,28,12,0,164,0,0,0,164
07/07/2019,BDL,CT,ANE,EN,Towers with Radar,166,30,10,0,206,0,0,9,0,9,166,30,19,0,215,0,0,0,215
07/08/2019,BDL,CT,ANE,EN,Towers with Radar,167,43,18,2,230,0,0,22,0,22,167,43,40,2,252,0,0,0,252
07/09/2019,BDL,CT,ANE,EN,Towers with Radar,188,33,18,3,242,0,0,19,12,31,188,33,37,15,273,0,0,0,273
07/10/2019,BDL,CT,ANE,EN,Towers with Radar,189,45,37,13,284,0,2,22,12,36,189,47,59,25,320,0,0,0,320
07/11/2019,BDL,CT,ANE,EN,Towers with Radar,191,46,26,7,270,0,0,13,5,18,191,46,39,12,288,0,0,0,288
07/12/2019,BDL,CT,ANE,EN,Towers with Radar,186,42,25,0,253,0,1,10,0,11,186,43,35,0,264,0,0,0,264
07/13/2019,BDL,CT,ANE,EN,Towers with Radar,137,36,7,0,180,0,0,4,2,6,137,36,11,2,186,0,0,0,186
07/14/2019,BDL,CT,ANE,EN,Towers with Radar,163,32,16,0,211,0,0,6,0,6,163,32,22,0,217,0,0,0,217
07/15/2019,BDL,CT,ANE,EN,Towers with Radar,165,40,34,0,239,0,2,16,0,18,165,42,50,0,257,0,0,0,257
07/16/2019,BDL,CT,ANE,EN,Towers with Radar,182,46,42,10,280,0,4,17,6,27,182,50,59,16,307,0,0,0,307
07/17/2019,BDL,CT,ANE,EN,Towers with Radar,195,34,31,3,263,0,0,24,4,28,195,34,55,7,291,0,0,0,291
07/18/2019,BDL,CT,ANE,EN,Towers with Radar,187,40,37,8,272,0,0,7,2,9,187,40,44,10,281,0,0,0,281
07/19/2019,BDL,CT,ANE,EN,Towers with Radar,175,44,18,0,237,0,0,30,5,35,175,44,48,5,272,0,0,0,272
07/20/2019,BDL,CT,ANE,EN,Towers with Radar,141,32,13,3,189,0,0,7,5,12,141,32,20,8,201,0,0,0,201
07/21/2019,BDL,CT,ANE,EN,Towers with Radar,161,34,23,3,221,0,0,11,8,19,161,34,34,11,240,0,0,0,240
07/22/2019,BDL,CT,ANE,EN,Towers with Radar,173,36,22,6,237,0,0,18,0,18,173,36,40,6,255,0,0,0,255
07/23/2019,BDL,CT,ANE,EN,Towers with Radar,187,44,36,9,276,0,1,8,1,10,187,45,44,10,286,0,0,0,286
07/24/2019,BDL,CT,ANE,EN,Towers with Radar,185,45,18,4,252,0,0,31,24,55,185,45,49,28,307,0,0,0,307
07/25/2019,BDL,CT,ANE,EN,Towers with Radar,189,40,13,5,247,0,0,29,18,47,189,40,42,23,294,0,0,0,294
07/26/2019,BDL,CT,ANE,EN,Towers with Radar,179,43,24,1,247,0,0,28,0,28,179,43,52,1,275,0,0,0,275
07/27/2019,BDL,CT,ANE,EN,Towers with Radar,137,36,21,0,194,0,0,14,0,14,137,36,35,0,208,0,0,0,208
07/28/2019,BDL,CT,ANE,EN,Towers with Radar,168,30,9,2,209,0,0,16,0,16,168,30,25,2,225,0,0,0,225
07/29/2019,BDL,CT,ANE,EN,Towers with Radar,164,37,18,0,219,0,0,17,0,17,164,37,35,0,236,0,0,0,236
07/30/2019,BDL,CT,ANE,EN,Towers with Radar,183,34,23,1,241,0,0,17,8,25,183,34,40,9,266,0,0,0,266
07/31/2019,BDL,CT,ANE,EN,Towers with Radar,196,36,20,2,254,0,2,16,3,21,196,38,36,5,275,0,0,0,275
08/01/2019,BDL,CT,ANE,EN,Towers with Radar,178,42,31,3,254,0,0,24,14,38,178,42,55,17,292,0,0,0,292
08/02/2019,BDL,CT,ANE,EN,Towers with Radar,186,34,8,4,232,0,0,18,3,21,186,34,26,7,253,0,0,0,253
08/03/2019,BDL,CT,ANE,EN,Towers with Radar,137,35,17,6,195,0,0,9,4,13,137,35,26,10,208,0,0,0,208
08/04/2019,BDL,CT,ANE,EN,Towers with Radar,167,30,25,0,222,0,0,14,0,14,167,30,39,0,236,0,0,0,236
08/05/2019,BDL,CT,ANE,EN,Towers with Radar,169,35,17,4,225,0,2,14,3,19,169,37,31,7,244,0,0,0,244
08/06/2019,BDL,CT,ANE,EN,Towers with Radar,189,37,28,3,257,0,0,15,5,20,189,37,43,8,277,0,0,0,277
08/07/2019,BDL,CT,ANE,EN,Towers with Radar,188,34,29,2,253,0,0,4,2,6,188,34,33,4,259,0,0,0,259
08/08/2019,BDL,CT,ANE,EN,Towers with Radar,187,42,32,1,262,0,0,20,11,31,187,42,52,12,293,0,0,0,293
08/09/2019,BDL,CT,ANE,EN,Towers with Radar,180,40,13,1,234,0,1,14,2,17,180,41,27,3,251,0,0,0,251
08/10/2019,BDL,CT,ANE,EN,Towers with Radar,144,36,10,2,192,0,0,17,0,17,144,36,27,2,209,0,0,0,209
08/11/2019,BDL,CT,ANE,EN,Towers with Radar,158,40,13,0,211,0,0,12,0,12,158,40,25,0,223,0,0,0,223
08/12/2019,BDL,CT,ANE,EN,Towers with Radar,170,34,22,1,227,0,3,20,0,23,170,37,42,1,250,0,0,0,250
08/13/2019,BDL,CT,ANE,EN,Towers with Radar,181,37,25,0,243,0,1,4,8,13,181,38,29,8,256,0,0,0,256
08/14/2019,BDL,CT,ANE,EN,Towers with Radar,185,39,34,7,265,0,0,19,13,32,185,39,53,20,297,0,0,0,297
08/15/2019,BDL,CT,ANE,EN,Towers with Radar,186,42,28,3,259,0,0,17,13,30,186,42,45,16,289,0,0,0,289
08/16/2019,BDL,CT,ANE,EN,Towers with Radar,177,32,12,4,225,0,0,3,3,6,177,32,15,7,231,0,0,0,231
08/17/2019,BDL,CT,ANE,EN,Towers with Radar,142,34,7,1,184,0,0,1,0,1,142,34,8,1,185,0,0,0,185
08/18/2019,BDL,CT,ANE,EN,Towers with Radar,155,39,19,1,214,0,0,0,0,0,155,39,19,1,214,0,0,0,214
08/19/2019,BDL,CT,ANE,EN,Towers with Radar,177,33,18,2,230,0,0,6,0,6,177,33,24,2,236,0,0,0,236
08/20/2019,BDL,CT,ANE,EN,Towers with Radar,176,32,25,5,238,0,2,25,12,39,176,34,50,17,277,0,0,0,277
08/21/2019,BDL,CT,ANE,EN,Towers with Radar,175,36,39,0,250,0,0,6,0,6,175,36,45,0,256,0,0,0,256
08/22/2019,BDL,CT,ANE,EN,Towers with Radar,189,41,27,2,259,0,0,21,15,36,189,41,48,17,295,0,0,0,295
08/23/2019,BDL,CT,ANE,EN,Towers with Radar,167,47,24,2,240,0,1,14,0,15,167,48,38,2,255,0,0,0,255
08/24/2019,BDL,CT,ANE,EN,Towers with Radar,148,40,8,0,196,0,0,4,0,4,148,40,12,0,200,0,0,0,200
08/25/2019,BDL,CT,ANE,EN,Towers with Radar,160,28,10,2,200,0,0,9,0,9,160,28,19,2,209,0,0,0,209
08/26/2019,BDL,CT,ANE,EN,Towers with Radar,166,36,31,0,233,0,1,25,0,26,166,37,56,0,259,0,0,0,259
08/27/2019,BDL,CT,ANE,EN,Towers with Radar,193,36,20,3,252,0,0,35,13,48,193,36,55,16,300,0,0,0,300
08/28/2019,BDL,CT,ANE,EN,Towers with Radar,179,36,24,1,240,0,0,3,1,4,179,36,27,2,244,0,0,0,244
08/29/2019,BDL,CT,ANE,EN,Towers with Radar,181,42,17,3,243,0,0,8,21,29,181,42,25,24,272,0,0,0,272
08/30/2019,BDL,CT,ANE,EN,Towers with Radar,172,45,19,4,240,0,0,17,0,17,172,45,36,4,257,0,0,0,257
08/31/2019,BDL,CT,ANE,EN,Towers with Radar,120,35,15,0,170,0,0,14,0,14,120,35,29,0,184,0,0,0,184
09/01/2019,BDL,CT,ANE,EN,Towers with Radar,111,28,12,0,151,0,0,4,0,4,111,28,16,0,155,0,0,0,155
09/02/2019,BDL,CT,ANE,EN,Towers with Radar,124,31,21,0,176,0,0,3,0,3,124,31,24,0,179,0,0,0,179
09/03/2019,BDL,CT,ANE,EN,Towers with Radar,143,40,24,0,207,0,0,38,2,40,143,40,62,2,247,0,0,0,247
09/04/2019,BDL,CT,ANE,EN,Towers with Radar,166,51,34,0,251,0,0,4,6,10,166,51,38,6,261,0,0,0,261
09/05/2019,BDL,CT,ANE,EN,Towers with Radar,175,41,27,2,245,0,1,25,6,32,175,42,52,8,277,0,0,0,277
09/06/2019,BDL,CT,ANE,EN,Towers with Radar,168,36,36,0,240,0,0,9,0,9,168,36,45,0,249,0,0,0,249
09/07/2019,BDL,CT,ANE,EN,Towers with Radar,135,32,18,0,185,0,1,5,0,6,135,33,23,0,191,0,0,0,191
09/08/2019,BDL,CT,ANE,EN,Towers with Radar,164,35,15,0,214,0,0,8,0,8,164,35,23,0,222,0,0,0,222
09/09/2019,BDL,CT,ANE,EN,Towers with Radar,169,33,34,0,236,0,0,17,0,17,169,33,51,0,253,0,0,0,253
09/10/2019,BDL,CT,ANE,EN,Towers with Radar,185,52,43,9,289,0,5,25,1,31,185,57,68,10,320,0,0,0,320
09/11/2019,BDL,CT,ANE,EN,Towers with Radar,176,46,29,4,255,0,0,12,10,22,176,46,41,14,277,0,0,0,277
09/12/2019,BDL,CT,ANE,EN,Towers with Radar,187,39,24,5,255,0,0,2,0,2,187,39,26,5,257,0,0,0,257
09/13/2019,BDL,CT,ANE,EN,Towers with Radar,172,47,43,0,262,0,2,13,2,17,172,49,56,2,279,0,0,0,279
09/14/2019,BDL,CT,ANE,EN,Towers with Radar,137,31,10,0,178,0,0,3,8,11,137,31,13,8,189,0,0,0,189
09/15/2019,BDL,CT,ANE,EN,Towers with Radar,161,36,19,0,216,0,2,8,2,12,161,38,27,2,228,0,0,0,228
09/16/2019,BDL,CT,ANE,EN,Towers with Radar,170,44,20,3,237,0,2,23,1,26,170,46,43,4,263,0,0,0,263
09/17/2019,BDL,CT,ANE,EN,Towers with Radar,179,47,22,2,250,0,0,20,11,31,179,47,42,13,281,0,0,0,281
09/18/2019,BDL,CT,ANE,EN,Towers with Radar,173,43,29,6,251,0,0,26,11,37,173,43,55,17,288,0,0,0,288
09/19/2019,BDL,CT,ANE,EN,Towers with Radar,188,35,30,0,253,0,0,38,4,42,188,35,68,4,295,0,0,0,295
09/20/2019,BDL,CT,ANE,EN,Towers with Radar,174,39,16,5,234,0,2,25,2,29,174,41,41,7,263,0,0,0,263
09/21/2019,BDL,CT,ANE,EN,Towers with Radar,136,31,8,1,176,0,0,7,0,7,136,31,15,1,183,0,0,0,183
09/22/2019,BDL,CT,ANE,EN,Towers with Radar,167,39,12,0,218,0,2,7,0,9,167,41,19,0,227,0,0,0,227
09/23/2019,BDL,CT,ANE,EN,Towers with Radar,167,37,16,1,221,0,4,7,0,11,167,41,23,1,232,0,0,0,232
09/24/2019,BDL,CT,ANE,EN,Towers with Radar,185,44,21,1,251,0,1,8,3,12,185,45,29,4,263,0,0,0,263
09/25/2019,BDL,CT,ANE,EN,Towers with Radar,177,36,25,0,238,0,0,26,3,29,177,36,51,3,267,0,0,0,267
09/26/2019,BDL,CT,ANE,EN,Towers with Radar,186,50,32,3,271,0,0,8,4,12,186,50,40,7,283,0,0,0,283
09/27/2019,BDL,CT,ANE,EN,Towers with Radar,176,43,20,0,239,0,3,15,2,20,176,46,35,2,259,0,0,0,259
09/28/2019,BDL,CT,ANE,EN,Towers with Radar,131,36,15,0,182,0,0,4,0,4,131,36,19,0,186,0,0,0,186
09/29/2019,BDL,CT,ANE,EN,Towers with Radar,163,39,9,0,211,0,0,5,0,5,163,39,14,0,216,0,0,0,216
09/30/2019,BDL,CT,ANE,EN,Towers with Radar,169,41,31,0,241,0,1,34,6,41,169,42,65,6,282,0,0,0,282
10/01/2019,BDL,CT,ANE,EN,Towers with Radar,181,44,22,0,247,0,0,18,0,18,181,44,40,0,265,0,0,0,265
10/02/2019,BDL,CT,ANE,EN,Towers with Radar,143,28,25,2,198,0,2,8,8,18,143,30,33,10,216,0,0,0,216
10/03/2019,BDL,CT,ANE,EN,Towers with Radar,189,40,20,1,250,0,0,0,2,2,189,40,20,3,252,0,0,0,252
10/04/2019,BDL,CT,ANE,EN,Towers with Radar,177,51,22,0,250,0,0,13,0,13,177,51,35,0,263,0,0,0,263
10/05/2019,BDL,CT,ANE,EN,Towers with Radar,136,29,12,0,177,0,2,18,0,20,136,31,30,0,197,0,0,0,197
10/06/2019,BDL,CT,ANE,EN,Towers with Radar,160,44,16,0,220,0,0,4,0,4,160,44,20,0,224,0,0,0,224
10/07/2019,BDL,CT,ANE,EN,Towers with Radar,165,39,27,0,231,0,1,14,0,15,165,40,41,0,246,0,0,0,246
10/08/2019,BDL,CT,ANE,EN,Towers with Radar,195,39,22,6,262,0,1,23,6,30,195,40,45,12,292,0,0,0,292
10/09/2019,BDL,CT,ANE,EN,Towers with Radar,180,41,30,3,254,0,0,13,14,27,180,41,43,17,281,0,0,0,281
10/10/2019,BDL,CT,ANE,EN,Towers with Radar,192,37,27,2,258,0,0,17,16,33,192,37,44,18,291,0,0,0,291
10/11/2019,BDL,CT,ANE,EN,Towers with Radar,183,35,27,3,248,0,0,3,0,3,183,35,30,3,251,0,0,0,251
10/12/2019,BDL,CT,ANE,EN,Towers with Radar,138,29,19,0,186,0,0,8,0,8,138,29,27,0,194,0,0,0,194
10/13/2019,BDL,CT,ANE,EN,Towers with Radar,162,33,16,0,211,0,0,5,0,5,162,33,21,0,216,0,0,0,216
10/14/2019,BDL,CT,ANE,EN,Towers with Radar,175,34,33,0,242,0,2,10,0,12,175,36,43,0,254,0,0,0,254
10/15/2019,BDL,CT,ANE,EN,Towers with Radar,192,33,30,2,257,0,0,25,9,34,192,33,55,11,291,0,0,0,291
10/16/2019,BDL,CT,ANE,EN,Towers with Radar,182,44,24,2,252,0,0,13,2,15,182,44,37,4,267,0,0,0,267
10/17/2019,BDL,CT,ANE,EN,Towers with Radar,199,41,31,1,272,0,0,9,0,9,199,41,40,1,281,0,0,0,281
10/18/2019,BDL,CT,ANE,EN,Towers with Radar,184,46,29,0,259,0,0,18,4,22,184,46,47,4,281,0,0,0,281
10/19/2019,BDL,CT,ANE,EN,Towers with Radar,134,31,19,0,184,0,1,15,5,21,134,32,34,5,205,0,0,0,205
10/20/2019,BDL,CT,ANE,EN,Towers with Radar,162,36,16,1,215,0,2,18,6,26,162,38,34,7,241,0,0,0,241
10/21/2019,BDL,CT,ANE,EN,Towers with Radar,170,37,24,2,233,0,2,21,0,23,170,39,45,2,256,0,0,0,256
10/22/2019,BDL,CT,ANE,EN,Towers with Radar,204,41,44,4,293,0,0,7,7,14,204,41,51,11,307,0,0,0,307
10/23/2019,BDL,CT,ANE,EN,Towers with Radar,179,41,41,6,267,0,3,36,8,47,179,44,77,14,314,0,0,0,314
10/24/2019,BDL,CT,ANE,EN,Towers with Radar,184,41,30,7,262,0,0,19,13,32,184,41,49,20,294,0,0,0,294
10/25/2019,BDL,CT,ANE,EN,Towers with Radar,177,40,27,0,244,0,1,20,2,23,177,41,47,2,267,0,0,0,267
10/26/2019,BDL,CT,ANE,EN,Towers with Radar,137,28,21,0,186,0,0,14,0,14,137,28,35,0,200,0,0,0,200
10/27/2019,BDL,CT,ANE,EN,Towers with Radar,152,34,18,0,204,0,0,0,0,0,152,34,18,0,204,0,0,0,204
10/28/2019,BDL,CT,ANE,EN,Towers with Radar,159,39,21,3,222,0,0,9,2,11,159,39,30,5,233,0,0,0,233
10/29/2019,BDL,CT,ANE,EN,Towers with Radar,170,41,31,10,252,0,0,0,4,4,170,41,31,14,256,0,0,0,256
10/30/2019,BDL,CT,ANE,EN,Towers with Radar,163,39,36,8,246,0,0,0,0,0,163,39,36,8,246,0,0,0,246
10/31/2019,BDL,CT,ANE,EN,Towers with Radar,147,32,26,0,205,0,0,0,0,0,147,32,26,0,205,0,0,0,205
11/01/2019,BDL,CT,ANE,EN,Towers with Radar,169,42,13,0,224,0,0,16,2,18,169,42,29,2,242,0,0,0,242
11/02/2019,BDL,CT,ANE,EN,Towers with Radar,128,35,14,1,178,0,0,9,1,10,128,35,23,2,188,0,0,0,188
11/03/2019,BDL,CT,ANE,EN,Towers with Radar,159,34,23,0,216,0,0,18,0,18,159,34,41,0,234,0,0,0,234
11/04/2019,BDL,CT,ANE,EN,Towers with Radar,172,36,19,1,228,0,0,27,0,27,172,36,46,1,255,0,0,0,255
11/05/2019,BDL,CT,ANE,EN,Towers with Radar,185,39,22,8,254,0,0,18,5,23,185,39,40,13,277,0,0,0,277
11/06/2019,BDL,CT,ANE,EN,Towers with Radar,181,39,33,2,255,0,0,20,12,32,181,39,53,14,287,0,0,0,287
11/07/2019,BDL,CT,ANE,EN,Towers with Radar,193,44,33,2,272,0,0,10,3,13,193,44,43,5,285,0,0,0,285
11/08/2019,BDL,CT,ANE,EN,Towers with Radar,184,37,17,0,238,0,0,8,0,8,184,37,25,0,246,0,0,0,246
11/09/2019,BDL,CT,ANE,EN,Towers with Radar,135,35,7,0,177,0,4,13,0,17,135,39,20,0,194,0,0,0,194
11/10/2019,BDL,CT,ANE,EN,Towers with Radar,169,40,15,1,225,0,0,3,0,3,169,40,18,1,228,0,0,0,228
11/11/2019,BDL,CT,ANE,EN,Towers with Radar,160,24,23,0,207,0,0,13,0,13,160,24,36,0,220,0,0,0,220
11/12/2019,BDL,CT,ANE,EN,Towers with Radar,200,30,21,2,253,0,0,4,2,6,200,30,25,4,259,0,0,0,259
11/13/2019,BDL,CT,ANE,EN,Towers with Radar,191,28,32,3,254,0,0,16,6,22,191,28,48,9,276,0,0,0,276
11/14/2019,BDL,CT,ANE,EN,Towers with Radar,196,41,29,2,268,0,0,21,2,23,196,41,50,4,291,0,0,0,291
11/15/2019,BDL,CT,ANE,EN,Towers with Radar,192,42,29,4,267,0,0,27,0,27,192,42,56,4,294,0,0,0,294
11/16/2019,BDL,CT,ANE,EN,Towers with Radar,136,31,9,2,178,0,0,5,7,12,136,31,14,9,190,0,0,0,190
11/17/2019,BDL,CT,ANE,EN,Towers with Radar,167,36,18,1,222,0,0,5,8,13,167,36,23,9,235,0,0,0,235
11/18/2019,BDL,CT,ANE,EN,Towers with Radar,180,39,22,0,241,0,0,1,0,1,180,39,23,0,242,0,0,0,242
11/19/2019,BDL,CT,ANE,EN,Towers with Radar,198,38,20,2,258,0,0,0,2,2,198,38,20,4,260,0,0,0,260
11/20/2019,BDL,CT,ANE,EN,Towers with Radar,193,34,38,5,270,0,0,4,4,8,193,34,42,9,278,0,0,0,278
11/21/2019,BDL,CT,ANE,EN,Towers with Radar,198,35,30,5,268,0,0,37,16,53,198,35,67,21,321,0,0,0,321
11/22/2019,BDL,CT,ANE,EN,Towers with Radar,192,42,12,5,251,0,0,6,2,8,192,42,18,7,259,0,0,0,259
11/23/2019,BDL,CT,ANE,EN,Towers with Radar,153,35,23,0,211,0,0,20,0,20,153,35,43,0,231,0,0,0,231
11/24/2019,BDL,CT,ANE,EN,Towers with Radar,162,35,9,0,206,0,0,0,0,0,162,35,9,0,206,0,0,0,206
11/25/2019,BDL,CT,ANE,EN,Towers with Radar,167,41,15,2,225,0,2,17,2,21,167,43,32,4,246,0,0,0,246
11/26/2019,BDL,CT,ANE,EN,Towers with Radar,197,38,32,13,280,0,0,11,6,17,197,38,43,19,297,0,0,0,297
11/27/2019,BDL,CT,ANE,EN,Towers with Radar,201,35,18,3,257,0,2,1,2,5,201,37,19,5,262,0,0,0,262
11/28/2019,BDL,CT,ANE,EN,Towers with Radar,115,14,6,0,135,0,0,1,0,1,115,14,7,0,136,0,0,0,136
11/29/2019,BDL,CT,ANE,EN,Towers with Radar,142,21,16,0,179,0,0,12,0,12,142,21,28,0,191,0,0,0,191
11/30/2019,BDL,CT,ANE,EN,Towers with Radar,175,27,17,0,219,0,0,9,0,9,175,27,26,0,228,0,0,0,228
12/01/2019,BDL,CT,ANE,EN,Towers with Radar,185,35,19,0,239,0,0,1,0,1,185,35,20,0,240,0,0,0,240
12/02/2019,BDL,CT,ANE,EN,Towers with Radar,174,27,23,0,224,0,0,0,0,0,174,27,23,0,224,0,0,0,224
12/03/2019,BDL,CT,ANE,EN,Towers with Radar,199,40,29,3,271,0,2,11,4,17,199,42,40,7,288,0,0,0,288
12/04/2019,BDL,CT,ANE,EN,Towers with Radar,193,40,31,2,266,0,3,20,9,32,193,43,51,11,298,0,0,0,298
12/05/2019,BDL,CT,ANE,EN,Towers with Radar,201,29,26,3,259,0,0,15,10,25,201,29,41,13,284,0,0,0,284
12/06/2019,BDL,CT,ANE,EN,Towers with Radar,190,34,20,1,245,0,0,10,2,12,190,34,30,3,257,0,0,0,257
12/07/2019,BDL,CT,ANE,EN,Towers with Radar,134,27,18,1,180,0,0,10,1,11,134,27,28,2,191,0,0,0,191
12/08/2019,BDL,CT,ANE,EN,Towers with Radar,159,41,25,1,226,0,0,12,1,13,159,41,37,2,239,0,0,0,239
12/09/2019,BDL,CT,ANE,EN,Towers with Radar,177,31,34,0,242,0,0,0,0,0,177,31,34,0,242,0,0,0,242
12/10/2019,BDL,CT,ANE,EN,Towers with Radar,186,39,44,5,274,0,0,4,1,5,186,39,48,6,279,0,0,0,279
12/11/2019,BDL,CT,ANE,EN,Towers with Radar,173,42,22,5,242,0,0,14,15,29,173,42,36,20,271,0,0,0,271
12/12/2019,BDL,CT,ANE,EN,Towers with Radar,200,34,23,6,263,0,0,32,13,45,200,34,55,19,308,0,0,0,308
12/13/2019,BDL,CT,ANE,EN,Towers with Radar,188,32,26,3,249,0,0,1,0,1,188,32,27,3,250,0,0,0,250
12/14/2019,BDL,CT,ANE,EN,Towers with Radar,132,34,11,0,177,0,0,0,0,0,132,34,11,0,177,0,0,0,177
12/15/2019,BDL,CT,ANE,EN,Towers with Radar,160,36,20,1,217,0,0,0,7,7,160,36,20,8,224,0,0,0,224
12/16/2019,BDL,CT,ANE,EN,Towers with Radar,179,31,20,0,230,0,0,16,0,16,179,31,36,0,246,0,0,0,246
12/17/2019,BDL,CT,ANE,EN,Towers with Radar,175,17,11,0,203,0,0,0,0,0,175,17,11,0,203,0,0,0,203
12/18/2019,BDL,CT,ANE,EN,Towers with Radar,190,45,28,4,267,0,0,2,11,13,190,45,30,15,280,0,0,0,280
12/19/2019,BDL,CT,ANE,EN,Towers with Radar,192,37,42,4,275,0,0,18,13,31,192,37,60,17,306,0,0,0,306
12/20/2019,BDL,CT,ANE,EN,Towers with Radar,198,43,17,0,258,0,0,10,2,12,198,43,27,2,270,0,0,0,270
12/21/2019,BDL,CT,ANE,EN,Towers with Radar,165,34,13,0,212,0,0,15,0,15,165,34,28,0,227,0,0,0,227
12/22/2019,BDL,CT,ANE,EN,Towers with Radar,178,39,10,0,227,0,1,4,0,5,178,40,14,0,232,0,0,0,232
12/23/2019,BDL,CT,ANE,EN,Towers with Radar,169,37,16,1,223,0,0,13,6,19,169,37,29,7,242,0,0,0,242
12/24/2019,BDL,CT,ANE,EN,Towers with Radar,152,18,6,0,176,0,0,2,0,2,152,18,8,0,178,0,0,0,178
12/25/2019,BDL,CT,ANE,EN,Towers with Radar,116,25,1,0,142,0,0,2,0,2,116,25,3,0,144,0,0,0,144
12/26/2019,BDL,CT,ANE,EN,Towers with Radar,160,37,12,1,210,0,0,2,0,2,160,37,14,1,212,0,0,0,212
12/27/2019,BDL,CT,ANE,EN,Towers with Radar,175,35,24,0,234,0,0,0,0,0,175,35,24,0,234,0,0,0,234
12/28/2019,BDL,CT,ANE,EN,Towers with Radar,143,27,17,1,188,0,0,9,0,9,143,27,26,1,197,0,0,0,197
12/29/2019,BDL,CT,ANE,EN,Towers with Radar,159,37,13,0,209,0,0,3,0,3,159,37,16,0,212,0,0,0,212
12/30/2019,BDL,CT,ANE,EN,Towers with Radar,164,22,11,0,197,0,0,0,0,0,164,22,11,0,197,0,0,0,197
12/31/2019,BDL,CT,ANE,EN,Towers with Radar,159,17,3,3,182,0,0,0,0,0,159,17,3,3,182,0,0,0,182
01/01/2020,BDL,CT,ANE,EN,Towers with Radar,123,22,10,0,155,0,0,1,0,1,123,22,11,0,156,0,0,0,156
01/02/2020,BDL,CT,ANE,EN,Towers with Radar,164,25,15,3,207,0,0,13,9,22,164,25,28,12,229,0,0,0,229
01/03/2020,BDL,CT,ANE,EN,Towers with Radar,171,31,8,1,211,0,0,4,1,5,171,31,12,2,216,0,0,0,216
01/04/2020,BDL,CT,ANE,EN,Towers with Radar,136,32,14,3,185,0,0,0,0,0,136,32,14,3,185,0,0,0,185
01/05/2020,BDL,CT,ANE,EN,Towers with Radar,151,40,11,0,202,0,1,2,0,3,151,41,13,0,205,0,0,0,205
01/06/2020,BDL,CT,ANE,EN,Towers with Radar,173,29,15,3,220,0,0,4,0,4,173,29,19,3,224,0,0,0,224
01/07/2020,BDL,CT,ANE,EN,Towers with Radar,171,24,18,4,217,0,0,12,14,26,171,24,30,18,243,0,0,0,243
01/08/2020,BDL,CT,ANE,EN,Towers with Radar,175,42,27,0,244,0,0,6,7,13,175,42,33,7,257,0,0,0,257
01/09/2020,BDL,CT,ANE,EN,Towers with Radar,192,26,23,3,244,0,8,20,17,45,192,34,43,20,289,0,0,0,289
01/10/2020,BDL,CT,ANE,EN,Towers with Radar,179,24,14,2,219,0,0,5,1,6,179,24,19,3,225,0,0,0,225
01/11/2020,BDL,CT,ANE,EN,Towers with Radar,145,22,12,0,179,0,0,1,0,1,145,22,13,0,180,0,0,0,180
01/12/2020,BDL,CT,ANE,EN,Towers with Radar,153,28,13,0,194,0,0,1,16,17,153,28,14,16,211,0,0,0,211
01/13/2020,BDL,CT,ANE,EN,Towers with Radar,172,28,21,0,221,0,0,0,0,0,172,28,21,0,221,0,0,0,221
01/14/2020,BDL,CT,ANE,EN,Towers with Radar,180,36,16,5,237,0,0,0,11,11,180,36,16,16,248,0,0,0,248
01/15/2020,BDL,CT,ANE,EN,Towers with Radar,177,36,20,7,240,0,0,13,15,28,177,36,33,22,268,0,0,0,268
01/16/2020,BDL,CT,ANE,EN,Towers with Radar,186,19,17,2,224,0,0,5,8,13,186,19,22,10,237,0,0,0,237
01/17/2020,BDL,CT,ANE,EN,Towers with Radar,171,32,17,0,220,0,0,6,0,6,171,32,23,0,226,0,0,0,226
01/18/2020,BDL,CT,ANE,EN,Towers with Radar,141,20,11,0,172,0,0,6,0,6,141,20,17,0,178,0,0,0,178
01/19/2020,BDL,CT,ANE,EN,Towers with Radar,131,28,7,0,166,0,0,2,0,2,131,28,9,0,168,0,0,0,168
01/20/2020,BDL,CT,ANE,EN,Towers with Radar,160,29,21,0,210,0,0,6,0,6,160,29,27,0,216,0,0,0,216
01/21/2020,BDL,CT,ANE,EN,Towers with Radar,174,32,23,4,233,0,0,8,16,24,174,32,31,20,257,0,0,0,257
01/22/2020,BDL,CT,ANE,EN,Towers with Radar,179,32,18,1,230,0,1,15,10,26,179,33,33,11,256,0,0,0,256
01/23/2020,BDL,CT,ANE,EN,Towers with Radar,183,30,23,4,240,0,2,18,12,32,183,32,41,16,272,0,0,0,272
01/24/2020,BDL,CT,ANE,EN,Towers with Radar,178,35,25,2,240,0,0,16,6,22,178,35,41,8,262,0,0,0,262
01/25/2020,BDL,CT,ANE,EN,Towers with Radar,145,31,9,2,187,0,0,0,0,0,145,31,9,2,187,0,0,0,187
01/26/2020,BDL,CT,ANE,EN,Towers with Radar,150,32,12,0,194,0,0,4,0,4,150,32,16,0,198,0,0,0,198
01/27/2020,BDL,CT,ANE,EN,Towers with Radar,169,24,19,0,212,0,2,4,0,6,169,26,23,0,218,0,0,0,218
01/28/2020,BDL,CT,ANE,EN,Towers with Radar,175,34,33,5,247,0,1,19,13,33,175,35,52,18,280,0,0,0,280
01/29/2020,BDL,CT,ANE,EN,Towers with Radar,169,40,18,4,231,0,3,23,12,38,169,43,41,16,269,0,0,0,269
01/30/2020,BDL,CT,ANE,EN,Towers with Radar,187,25,38,3,253,0,0,26,16,42,187,25,64,19,295,0,0,0,295
01/31/2020,BDL,CT,ANE,EN,Towers with Radar,175,32,23,2,232,0,0,17,4,21,175,32,40,6,253,0,0,0,253
02/01/2020,BDL,CT,ANE,EN,Towers with Radar,140,31,7,0,178,0,0,0,0,0,140,31,7,0,178,0,0,0,178
02/02/2020,BDL,CT,ANE,EN,Towers with Radar,136,28,18,2,184,0,0,17,7,24,136,28,35,9,208,0,0,0,208
02/03/2020,BDL,CT,ANE,EN,Towers with Radar,169,33,43,2,247,0,0,13,0,13,169,33,56,2,260,0,0,0,260
02/04/2020,BDL,CT,ANE,EN,Towers with Radar,171,38,27,7,243,0,2,3,9,14,171,40,30,16,257,0,0,0,257
02/05/2020,BDL,CT,ANE,EN,Towers with Radar,165,46,30,10,251,0,1,11,18,30,165,47,41,28,281,0,0,0,281
02/06/2020,BDL,CT,ANE,EN,Towers with Radar,174,26,20,0,220,0,0,0,0,0,174,26,20,0,220,0,0,0,220
02/07/2020,BDL,CT,ANE,EN,Towers with Radar,181,21,23,0,225,0,0,0,0,0,181,21,23,0,225,0,0,0,225
02/08/2020,BDL,CT,ANE,EN,Towers with Radar,144,19,24,4,191,0,0,9,4,13,144,19,33,8,204,0,0,0,204
02/09/2020,BDL,CT,ANE,EN,Towers with Radar,144,25,12,2,183,0,0,2,0,2,144,25,14,2,185,0,0,0,185
02/10/2020,BDL,CT,ANE,EN,Towers with Radar,170,26,24,0,220,0,0,0,0,0,170,26,24,0,220,0,0,0,220
02/11/2020,BDL,CT,ANE,EN,Towers with Radar,173,35,21,4,233,0,0,0,0,0,173,35,21,4,233,0,0,0,233
02/12/2020,BDL,CT,ANE,EN,Towers with Radar,171,32,27,9,239,0,1,18,14,33,171,33,45,23,272,0,0,0,272
02/13/2020,BDL,CT,ANE,EN,Towers with Radar,186,22,24,6,238,0,0,0,9,9,186,22,24,15,247,0,0,0,247
02/14/2020,BDL,CT,ANE,EN,Towers with Radar,181,37,23,0,241,0,0,11,2,13,181,37,34,2,254,0,0,0,254
02/15/2020,BDL,CT,ANE,EN,Towers with Radar,153,30,16,0,199,0,1,9,0,10,153,31,25,0,209,0,0,0,209
02/16/2020,BDL,CT,ANE,EN,Towers with Radar,147,26,5,0,178,0,0,3,0,3,147,26,8,0,181,0,0,0,181
02/17/2020,BDL,CT,ANE,EN,Towers with Radar,163,32,28,0,223,0,0,21,0,21,163,32,49,0,244,0,0,0,244
02/18/2020,BDL,CT,ANE,EN,Towers with Radar,197,24,33,7,261,0,0,0,3,3,197,24,33,10,264,0,0,0,264
02/19/2020,BDL,CT,ANE,EN,Towers with Radar,192,27,24,10,253,0,0,22,11,33,192,27,46,21,286,0,0,0,286
02/20/2020,BDL,CT,ANE,EN,Towers with Radar,192,31,25,9,257,0,0,9,8,17,192,31,34,17,274,0,0,0,274
02/21/2020,BDL,CT,ANE,EN,Towers with Radar,184,35,27,2,248,0,1,16,6,23,184,36,43,8,271,0,0,0,271
02/22/2020,BDL,CT,ANE,EN,Towers with Radar,153,28,12,0,193,0,0,11,2,13,153,28,23,2,206,0,0,0,206
02/23/2020,BDL,CT,ANE,EN,Towers with Radar,165,28,25,1,219,0,0,17,1,18,165,28,42,2,237,0,0,0,237
02/24/2020,BDL,CT,ANE,EN,Towers with Radar,172,34,26,0,232,0,0,24,0,24,172,34,50,0,256,0,0,0,256
02/25/2020,BDL,CT,ANE,EN,Towers with Radar,193,32,20,7,252,0,4,12,11,27,193,36,32,18,279,0,0,0,279
02/26/2020,BDL,CT,ANE,EN,Towers with Radar,184,32,45,8,269,0,0,0,8,8,184,32,45,16,277,0,0,0,277
02/27/2020,BDL,CT,ANE,EN,Towers with Radar,186,51,24,0,261,0,0,0,0,0,186,51,24,0,261,0,0,0,261
02/28/2020,BDL,CT,ANE,EN,Towers with Radar,182,41,37,0,260,0,0,11,4,15,182,41,48,4,275,0,0,0,275
02/29/2020,BDL,CT,ANE,EN,Towers with Radar,156,28,15,0,199,0,0,1,0,1,156,28,16,0,200,0,0,0,200
03/01/2020,BDL,CT,ANE,EN,Towers with Radar,158,35,16,3,212,0,0,7,0,7,158,35,23,3,219,0,0,0,219
03/02/2020,BDL,CT,ANE,EN,Towers with Radar,167,34,24,2,227,0,1,14,0,15,167,35,38,2,242,0,0,0,242
03/03/2020,BDL,CT,ANE,EN,Towers with Radar,186,32,30,2,250,0,0,14,7,21,186,32,44,9,271,0,0,0,271
03/04/2020,BDL,CT,ANE,EN,Towers with Radar,181,36,13,2,232,0,0,9,6,15,181,36,22,8,247,0,0,0,247
03/05/2020,BDL,CT,ANE,EN,Towers with Radar,186,39,28,5,258,0,1,21,13,35,186,40,49,18,293,0,0,0,293
03/06/2020,BDL,CT,ANE,EN,Towers with Radar,176,47,15,6,244,0,1,13,8,22,176,48,28,14,266,0,0,0,266
03/07/2020,BDL,CT,ANE,EN,Towers with Radar,142,32,13,0,187,0,0,4,17,21,142,32,17,17,208,0,0,0,208
03/08/2020,BDL,CT,ANE,EN,Towers with Radar,154,30,14,5,203,0,0,2,9,11,154,30,16,14,214,0,0,0,214
03/09/2020,BDL,CT,ANE,EN,Towers with Radar,160,31,26,0,217,0,0,14,0,14,160,31,40,0,231,0,0,0,231
03/10/2020,BDL,CT,ANE,EN,Towers with Radar,177,39,14,8,238,0,2,4,9,15,177,41,18,17,253,0,0,0,253
03/11/2020,BDL,CT,ANE,EN,Towers with Radar,175,46,22,4,247,0,0,9,13,22,175,46,31,17,269,0,0,0,269
03/12/2020,BDL,CT,ANE,EN,Towers with Radar,172,44,19,5,240,0,0,10,8,18,172,44,29,13,258,0,0,0,258
03/13/2020,BDL,CT,ANE,EN,Towers with Radar,173,36,19,1,229,0,0,1,0,1,173,36,20,1,230,0,0,0,230
03/14/2020,BDL,CT,ANE,EN,Towers with Radar,137,38,19,0,194,0,0,4,0,4,137,38,23,0,198,0,0,0,198
03/15/2020,BDL,CT,ANE,EN,Towers with Radar,152,30,21,0,203,0,0,7,0,7,152,30,28,0,210,0,0,0,210
03/16/2020,BDL,CT,ANE,EN,Towers with Radar,160,30,16,4,210,0,0,5,2,7,160,30,21,6,217,0,0,0,217
03/17/2020,BDL,CT,ANE,EN,Towers with Radar,169,33,24,0,226,0,0,1,0,1,169,33,25,0,227,0,0,0,227
03/18/2020,BDL,CT,ANE,EN,Towers with Radar,164,31,26,0,221,0,0,12,10,22,164,31,38,10,243,0,0,0,243
03/19/2020,BDL,CT,ANE,EN,Towers with Radar,160,31,15,2,208,0,0,1,0,1,160,31,16,2,209,0,0,0,209
03/20/2020,BDL,CT,ANE,EN,Towers with Radar,140,27,11,1,179,0,0,4,0,4,140,27,15,1,183,0,0,0,183
03/21/2020,BDL,CT,ANE,EN,Towers with Radar,116,21,8,0,145,0,0,6,0,6,116,21,14,0,151,0,0,0,151
03/22/2020,BDL,CT,ANE,EN,Towers with Radar,128,28,18,0,174,0,0,6,0,6,128,28,24,0,180,0,0,0,180
03/23/2020,BDL,CT,ANE,EN,Towers with Radar,116,15,8,0,139,0,0,0,0,0,116,15,8,0,139,0,0,0,139
03/24/2020,BDL,CT,ANE,EN,Towers with Radar,120,17,9,7,153,0,0,2,5,7,120,17,11,12,160,0,0,0,160
03/25/2020,BDL,CT,ANE,EN,Towers with Radar,105,20,10,3,138,0,0,0,5,5,105,20,10,8,143,0,0,0,143
03/26/2020,BDL,CT,ANE,EN,Towers with Radar,112,22,29,3,166,0,0,15,4,19,112,22,44,7,185,0,0,0,185
03/27/2020,BDL,CT,ANE,EN,Towers with Radar,87,22,4,2,115,0,0,9,4,13,87,22,13,6,128,0,0,0,128
03/28/2020,BDL,CT,ANE,EN,Towers with Radar,71,16,7,0,94,0,0,3,0,3,71,16,10,0,97,0,0,0,97
03/29/2020,BDL,CT,ANE,EN,Towers with Radar,76,10,4,0,90,0,0,0,0,0,76,10,4,0,90,0,0,0,90
03/30/2020,BDL,CT,ANE,EN,Towers with Radar,72,24,19,2,117,0,0,0,0,0,72,24,19,2,117,0,0,0,117
03/31/2020,BDL,CT,ANE,EN,Towers with Radar,80,12,22,2,116,0,0,22,2,24,80,12,44,4,140,0,0,0,140
04/01/2020,BDL,CT,ANE,EN,Towers with Radar,93,12,10,4,119,0,1,6,6,13,93,13,16,10,132,0,0,0,132
04/02/2020,BDL,CT,ANE,EN,Towers with Radar,77,11,6,0,94,0,0,2,5,7,77,11,8,5,101,0,0,0,101
04/03/2020,BDL,CT,ANE,EN,Towers with Radar,73,21,7,0,101,0,0,0,0,0,73,21,7,0,101,0,0,0,101
04/04/2020,BDL,CT,ANE,EN,Towers with Radar,64,9,5,0,78,0,0,12,0,12,64,9,17,0,90,0,0,0,90
04/05/2020,BDL,CT,ANE,EN,Towers with Radar,71,5,7,6,89,0,0,0,0,0,71,5,7,6,89,0,0,0,89
04/06/2020,BDL,CT,ANE,EN,Towers with Radar,68,10,16,0,94,0,0,4,3,7,68,10,20,3,101,0,0,0,101
04/07/2020,BDL,CT,ANE,EN,Towers with Radar,86,6,11,12,115,0,0,11,10,21,86,6,22,22,136,0,0,0,136
04/08/2020,BDL,CT,ANE,EN,Towers with Radar,90,9,12,8,119,0,0,0,9,9,90,9,12,17,128,0,0,0,128
04/09/2020,BDL,CT,ANE,EN,Towers with Radar,95,12,4,0,111,0,0,0,0,0,95,12,4,0,111,0,0,0,111
04/10/2020,BDL,CT,ANE,EN,Towers with Radar,87,10,4,0,101,0,0,3,0,3,87,10,7,0,104,0,0,0,104
04/11/2020,BDL,CT,ANE,EN,Towers with Radar,71,7,6,0,84,0,0,1,0,1,71,7,7,0,85,0,0,0,85
04/12/2020,BDL,CT,ANE,EN,Towers with Radar,68,0,8,0,76,0,2,2,0,4,68,2,10,0,80,0,0,0,80
04/13/2020,BDL,CT,ANE,EN,Towers with Radar,64,2,1,2,69,0,0,0,0,0,64,2,1,2,69,0,0,0,69
04/14/2020,BDL,CT,ANE,EN,Towers with Radar,72,2,23,1,98,0,0,12,8,20,72,2,35,9,118,0,0,0,118
04/15/2020,BDL,CT,ANE,EN,Towers with Radar,70,12,5,6,93,0,0,17,4,21,70,12,22,10,114,0,0,0,114
04/16/2020,BDL,CT,ANE,EN,Towers with Radar,71,2,5,6,84,0,0,2,7,9,71,2,7,13,93,0,0,0,93
04/17/2020,BDL,CT,ANE,EN,Towers with Radar,69,5,10,2,86,0,0,7,0,7,69,5,17,2,93,0,0,0,93
04/18/2020,BDL,CT,ANE,EN,Towers with Radar,51,4,3,0,58,0,0,0,0,0,51,4,3,0,58,0,0,0,58
04/19/2020,BDL,CT,ANE,EN,Towers with Radar,48,2,6,0,56,0,2,16,0,18,48,4,22,0,74,0,0,0,74
04/20/2020,BDL,CT,ANE,EN,Towers with Radar,51,1,11,0,63,0,0,3,0,3,51,1,14,0,66,0,0,0,66
04/21/2020,BDL,CT,ANE,EN,Towers with Radar,69,4,4,0,77,0,0,2,0,2,69,4,6,0,79,0,0,0,79
04/22/2020,BDL,CT,ANE,EN,Towers with Radar,68,8,12,4,92,0,0,6,14,20,68,8,18,18,112,0,0,0,112
04/23/2020,BDL,CT,ANE,EN,Towers with Radar,70,4,6,6,86,0,0,2,8,10,70,4,8,14,96,0,0,0,96
04/24/2020,BDL,CT,ANE,EN,Towers with Radar,66,11,8,0,85,0,0,0,0,0,66,11,8,0,85,0,0,0,85
04/25/2020,BDL,CT,ANE,EN,Towers with Radar,51,6,19,0,76,0,0,21,2,23,51,6,40,2,99,0,0,0,99
04/26/2020,BDL,CT,ANE,EN,Towers with Radar,47,2,4,0,53,0,0,3,0,3,47,2,7,0,56,0,0,0,56
04/27/2020,BDL,CT,ANE,EN,Towers with Radar,54,11,14,0,79,0,0,0,0,0,54,11,14,0,79,0,0,0,79
04/28/2020,BDL,CT,ANE,EN,Towers with Radar,70,2,40,8,120,0,0,7,3,10,70,2,47,11,130,0,0,0,130
04/29/2020,BDL,CT,ANE,EN,Towers with Radar,70,9,21,5,105,0,0,16,8,24,70,9,37,13,129,0,0,0,129
04/30/2020,BDL,CT,ANE,EN,Towers with Radar,73,8,23,2,106,0,0,1,0,1,73,8,24,2,107,0,0,0,107
05/01/2020,BDL,CT,ANE,EN,Towers with Radar,60,14,7,2,83,0,0,2,0,2,60,14,9,2,85,0,0,0,85
05/02/2020,BDL,CT,ANE,EN,Towers with Radar,50,8,14,0,72,0,0,10,0,10,50,8,24,0,82,0,0,0,82
05/03/2020,BDL,CT,ANE,EN,Towers with Radar,59,7,8,0,74,0,0,7,0,7,59,7,15,0,81,0,0,0,81
05/04/2020,BDL,CT,ANE,EN,Towers with Radar,49,14,5,0,68,0,4,2,0,6,49,18,7,0,74,0,0,0,74
05/05/2020,BDL,CT,ANE,EN,Towers with Radar,57,16,16,7,96,0,1,31,9,41,57,17,47,16,137,0,0,0,137
05/06/2020,BDL,CT,ANE,EN,Towers with Radar,64,18,17,4,103,0,0,4,8,12,64,18,21,12,115,0,0,0,115
05/07/2020,BDL,CT,ANE,EN,Towers with Radar,67,14,14,8,103,0,0,12,5,17,67,14,26,13,120,0,0,0,120
05/08/2020,BDL,CT,ANE,EN,Towers with Radar,53,20,5,3,81,0,0,5,1,6,53,20,10,4,87,0,0,0,87
05/09/2020,BDL,CT,ANE,EN,Towers with Radar,40,14,9,0,63,0,0,0,0,0,40,14,9,0,63,0,0,0,63
05/10/2020,BDL,CT,ANE,EN,Towers with Radar,48,15,4,0,67,0,0,2,0,2,48,15,6,0,69,0,0,0,69
05/11/2020,BDL,CT,ANE,EN,Towers with Radar,48,20,12,0,80,0,0,3,0,3,48,20,15,0,83,0,0,0,83
05/12/2020,BDL,CT,ANE,EN,Towers with Radar,59,10,19,6,94,0,1,19,10,30,59,11,38,16,124,0,0,0,124
05/13/2020,BDL,CT,ANE,EN,Towers with Radar,64,16,9,4,93,0,0,15,9,24,64,16,24,13,117,0,0,0,117
05/14/2020,BDL,CT,ANE,EN,Towers with Radar,64,23,14,1,102,0,0,12,22,34,64,23,26,23,136,0,0,0,136
05/15/2020,BDL,CT,ANE,EN,Towers with Radar,58,20,28,0,106,0,0,10,0,10,58,20,38,0,116,0,0,0,116
05/16/2020,BDL,CT,ANE,EN,Towers with Radar,42,13,8,0,63,0,1,11,11,23,42,14,19,11,86,0,0,0,86
05/17/2020,BDL,CT,ANE,EN,Towers with Radar,48,19,10,3,80,0,0,8,9,17,48,19,18,12,97,0,0,0,97
05/18/2020,BDL,CT,ANE,EN,Towers with Radar,43,16,11,0,70,0,0,4,0,4,43,16,15,0,74,0,0,0,74
05/19/2020,BDL,CT,ANE,EN,Towers with Radar,65,11,7,5,88,0,2,7,9,18,65,13,14,14,106,0,0,0,106
05/20/2020,BDL,CT,ANE,EN,Towers with Radar,67,20,32,3,122,0,0,9,5,14,67,20,41,8,136,0,0,0,136
05/21/2020,BDL,CT,ANE,EN,Towers with Radar,65,21,40,4,130,0,4,18,12,34,65,25,58,16,164,0,0,0,164
05/22/2020,BDL,CT,ANE,EN,Towers with Radar,58,17,19,6,100,0,0,14,4,18,58,17,33,10,118,0,0,0,118
05/23/2020,BDL,CT,ANE,EN,Towers with Radar,41,8,18,0,67,0,0,4,0,4,41,8,22,0,71,0,0,0,71
05/24/2020,BDL,CT,ANE,EN,Towers with Radar,46,13,8,0,67,0,0,15,0,15,46,13,23,0,82,0,0,0,82
05/25/2020,BDL,CT,ANE,EN,Towers with Radar,41,13,14,10,78,0,0,0,0,0,41,13,14,10,78,0,0,0,78
05/26/2020,BDL,CT,ANE,EN,Towers with Radar,45,14,46,16,121,0,1,5,3,9,45,15,51,19,130,0,0,0,130
05/27/2020,BDL,CT,ANE,EN,Towers with Radar,67,16,27,5,115,0,0,13,15,28,67,16,40,20,143,0,0,0,143
05/28/2020,BDL,CT,ANE,EN,Towers with Radar,72,27,30,5,134,0,0,0,3,3,72,27,30,8,137,0,0,0,137
05/29/2020,BDL,CT,ANE,EN,Towers with Radar,60,22,34,2,118,0,0,0,0,0,60,22,34,2,118,0,0,0,118
05/30/2020,BDL,CT,ANE,EN,Towers with Radar,40,14,9,0,63,0,0,6,0,6,40,14,15,0,69,0,0,0,69
05/31/2020,BDL,CT,ANE,EN,Towers with Radar,51,16,9,0,76,0,0,4,0,4,51,16,13,0,80,0,0,0,80
06/01/2020,BDL,CT,ANE,EN,Towers with Radar,50,18,27,3,98,0,2,10,1,13,50,20,37,4,111,0,0,0,111
06/02/2020,BDL,CT,ANE,EN,Towers with Radar,63,18,18,4,103,0,0,8,11,19,63,18,26,15,122,0,0,0,122
06/03/2020,BDL,CT,ANE,EN,Towers with Radar,60,23,16,4,103,0,0,16,13,29,60,23,32,17,132,0,0,0,132
06/04/2020,BDL,CT,ANE,EN,Towers with Radar,74,14,18,7,113,0,1,8,9,18,74,15,26,16,131,0,0,0,131
06/05/2020,BDL,CT,ANE,EN,Towers with Radar,67,19,17,9,112,0,0,0,5,5,67,19,17,14,117,0,0,0,117
06/06/2020,BDL,CT,ANE,EN,Towers with Radar,57,8,12,1,78,0,0,3,3,6,57,8,15,4,84,0,0,0,84
06/07/2020,BDL,CT,ANE,EN,Towers with Radar,62,15,13,3,93,0,0,17,3,20,62,15,30,6,113,0,0,0,113
06/08/2020,BDL,CT,ANE,EN,Towers with Radar,60,19,20,6,105,0,0,12,14,26,60,19,32,20,131,0,0,0,131
06/09/2020,BDL,CT,ANE,EN,Towers with Radar,72,17,14,3,106,0,1,22,9,32,72,18,36,12,138,0,0,0,138
06/10/2020,BDL,CT,ANE,EN,Towers with Radar,73,20,27,16,136,0,1,9,9,19,73,21,36,25,155,0,0,0,155
06/11/2020,BDL,CT,ANE,EN,Towers with Radar,90,23,8,0,121,0,0,0,0,0,90,23,8,0,121,0,0,0,121
06/12/2020,BDL,CT,ANE,EN,Towers with Radar,80,14,15,1,110,0,0,8,14,22,80,14,23,15,132,0,0,0,132
06/13/2020,BDL,CT,ANE,EN,Towers with Radar,56,7,12,1,76,0,0,6,13,19,56,7,18,14,95,0,0,0,95
06/14/2020,BDL,CT,ANE,EN,Towers with Radar,73,19,8,0,100,0,0,8,14,22,73,19,16,14,122,0,0,0,122
06/15/2020,BDL,CT,ANE,EN,Towers with Radar,74,19,19,0,112,0,0,10,16,26,74,19,29,16,138,0,0,0,138
06/16/2020,BDL,CT,ANE,EN,Towers with Radar,80,24,23,2,129,0,4,10,12,26,80,28,33,14,155,0,0,0,155
06/17/2020,BDL,CT,ANE,EN,Towers with Radar,74,19,22,2,117,0,0,10,13,23,74,19,32,15,140,0,0,0,140
06/18/2020,BDL,CT,ANE,EN,Towers with Radar,91,37,30,3,161,0,0,12,13,25,91,37,42,16,186,0,0,0,186
06/19/2020,BDL,CT,ANE,EN,Towers with Radar,81,24,30,0,135,0,0,11,9,20,81,24,41,9,155,0,0,0,155
06/20/2020,BDL,CT,ANE,EN,Towers with Radar,59,11,17,0,87,0,0,12,8,20,59,11,29,8,107,0,0,0,107
06/21/2020,BDL,CT,ANE,EN,Towers with Radar,70,18,14,0,102,0,1,6,6,13,70,19,20,6,115,0,0,0,115
06/22/2020,BDL,CT,ANE,EN,Towers with Radar,83,23,21,4,131,0,0,6,13,19,83,23,27,17,150,0,0,0,150
06/23/2020,BDL,CT,ANE,EN,Towers with Radar,80,12,24,4,120,0,1,15,12,28,80,13,39,16,148,0,0,0,148
06/24/2020,BDL,CT,ANE,EN,Towers with Radar,74,21,18,2,115,0,0,0,8,8,74,21,18,10,123,0,0,0,123
06/25/2020,BDL,CT,ANE,EN,Towers with Radar,91,23,18,6,138,0,2,7,8,17,91,25,25,14,155,0,0,0,155
06/26/2020,BDL,CT,ANE,EN,Towers with Radar,82,25,35,0,142,0,0,28,2,30,82,25,63,2,172,0,0,0,172
06/27/2020,BDL,CT,ANE,EN,Towers with Radar,60,22,21,0,103,0,1,2,0,3,60,23,23,0,106,0,0,0,106
06/28/2020,BDL,CT,ANE,EN,Towers with Radar,73,47,20,0,140,0,0,1,0,1,73,47,21,0,141,0,0,0,141
06/29/2020,BDL,CT,ANE,EN,Towers with Radar,77,28,19,4,128,0,2,3,0,5,77,30,22,4,133,0,0,0,133
06/30/2020,BDL,CT,ANE,EN,Towers with Radar,79,18,19,6,122,0,0,2,20,22,79,18,21,26,144,0,0,0,144
07/01/2020,BDL,CT,ANE,EN,Towers with Radar,88,26,24,0,138,0,0,3,2,5,88,26,27,2,143,0,0,0,143
07/02/2020,BDL,CT,ANE,EN,Towers with Radar,104,21,27,6,158,0,1,12,8,21,104,22,39,14,179,0,0,0,179
07/03/2020,BDL,CT,ANE,EN,Towers with Radar,92,18,4,0,114,0,0,2,0,2,92,18,6,0,116,0,0,0,116
07/04/2020,BDL,CT,ANE,EN,Towers with Radar,57,6,8,0,71,0,1,4,0,5,57,7,12,0,76,0,0,0,76
07/05/2020,BDL,CT,ANE,EN,Towers with Radar,82,14,12,0,108,0,0,9,0,9,82,14,21,0,117,0,0,0,117
07/06/2020,BDL,CT,ANE,EN,Towers with Radar,103,27,25,0,155,0,0,15,0,15,103,27,40,0,170,0,0,0,170
07/07/2020,BDL,CT,ANE,EN,Towers with Radar,99,11,50,2,162,0,0,2,1,3,99,11,52,3,165,0,0,0,165
07/08/2020,BDL,CT,ANE,EN,Towers with Radar,100,12,39,2,153,0,0,3,6,9,100,12,42,8,162,0,0,0,162
07/09/2020,BDL,CT,ANE,EN,Towers with Radar,107,24,32,1,164,0,0,8,5,13,107,24,40,6,177,0,0,0,177
07/10/2020,BDL,CT,ANE,EN,Towers with Radar,104,18,12,4,138,0,0,0,0,0,104,18,12,4,138,0,0,0,138
07/11/2020,BDL,CT,ANE,EN,Towers with Radar,84,16,6,0,106,0,0,0,0,0,84,16,6,0,106,0,0,0,106
07/12/2020,BDL,CT,ANE,EN,Towers with Radar,92,17,22,2,133,0,0,15,0,15,92,17,37,2,148,0,0,0,148
07/13/2020,BDL,CT,ANE,EN,Towers with Radar,91,24,8,10,133,0,0,6,0,6,91,24,14,10,139,0,0,0,139
07/14/2020,BDL,CT,ANE,EN,Towers with Radar,94,14,28,6,142,0,2,21,11,34,94,16,49,17,176,0,0,0,176
07/15/2020,BDL,CT,ANE,EN,Towers with Radar,96,19,32,12,159,0,2,10,20,32,96,21,42,32,191,0,0,0,191
07/16/2020,BDL,CT,ANE,EN,Towers with Radar,110,26,21,5,162,0,0,9,12,21,110,26,30,17,183,0,0,0,183
07/17/2020,BDL,CT,ANE,EN,Towers with Radar,99,26,18,2,145,0,0,0,0,0,99,26,18,2,145,0,0,0,145
07/18/2020,BDL,CT,ANE,EN,Towers with Radar,82,13,18,5,118,0,0,14,11,25,82,13,32,16,143,0,0,0,143
07/19/2020,BDL,CT,ANE,EN,Towers with Radar,90,20,9,0,119,0,0,5,12,17,90,20,14,12,136,0,0,0,136
07/20/2020,BDL,CT,ANE,EN,Towers with Radar,89,15,16,3,123,0,1,19,9,29,89,16,35,12,152,0,0,0,152
07/21/2020,BDL,CT,ANE,EN,Towers with Radar,98,9,15,2,124,0,2,27,11,40,98,11,42,13,164,0,0,0,164
07/22/2020,BDL,CT,ANE,EN,Towers with Radar,100,21,26,2,149,0,0,15,7,22,100,21,41,9,171,0,0,0,171
07/23/2020,BDL,CT,ANE,EN,Towers with Radar,106,21,21,2,150,0,0,11,4,15,106,21,32,6,165,0,0,0,165
07/24/2020,BDL,CT,ANE,EN,Towers with Radar,100,23,22,4,149,0,1,21,5,27,100,24,43,9,176,0,0,0,176
07/25/2020,BDL,CT,ANE,EN,Towers with Radar,80,15,20,0,115,0,0,17,2,19,80,15,37,2,134,0,0,0,134
07/26/2020,BDL,CT,ANE,EN,Towers with Radar,90,17,11,0,118,0,0,5,10,15,90,17,16,10,133,0,0,0,133
07/27/2020,BDL,CT,ANE,EN,Towers with Radar,89,14,26,2,131,0,0,16,7,23,89,14,42,9,154,0,0,0,154
07/28/2020,BDL,CT,ANE,EN,Towers with Radar,95,22,21,2,140,0,4,13,15,32,95,26,34,17,172,0,0,0,172
07/29/2020,BDL,CT,ANE,EN,Towers with Radar,93,20,24,4,141,0,2,29,17,48,93,22,53,21,189,0,0,0,189
07/30/2020,BDL,CT,ANE,EN,Towers with Radar,103,27,26,1,157,0,0,21,4,25,103,27,47,5,182,0,0,0,182
07/31/2020,BDL,CT,ANE,EN,Towers with Radar,100,24,19,2,145,0,0,10,0,10,100,24,29,2,155,0,0,0,155
08/01/2020,BDL,CT,ANE,EN,Towers with Radar,88,16,16,0,120,0,2,10,0,12,88,18,26,0,132,0,0,0,132
08/02/2020,BDL,CT,ANE,EN,Towers with Radar,91,22,8,0,121,0,0,0,0,0,91,22,8,0,121,0,0,0,121
08/03/2020,BDL,CT,ANE,EN,Towers with Radar,96,25,26,5,152,0,2,15,2,19,96,27,41,7,171,0,0,0,171
08/04/2020,BDL,CT,ANE,EN,Towers with Radar,92,12,3,0,107,0,0,0,0,0,92,12,3,0,107,0,0,0,107
08/05/2020,BDL,CT,ANE,EN,Towers with Radar,94,19,24,7,144,0,0,19,19,38,94,19,43,26,182,20,0,20,202
08/06/2020,BDL,CT,ANE,EN,Towers with Radar,105,28,23,4,160,0,0,21,9,30,105,28,44,13,190,14,0,14,204
08/07/2020,BDL,CT,ANE,EN,Towers with Radar,99,21,19,1,140,0,1,10,0,11,99,22,29,1,151,4,0,4,155
08/08/2020,BDL,CT,ANE,EN,Towers with Radar,79,14,19,6,118,0,2,17,1,20,79,16,36,7,138,10,0,10,148
08/09/2020,BDL,CT,ANE,EN,Towers with Radar,86,22,21,0,129,0,0,4,0,4,86,22,25,0,133,0,0,0,133
08/10/2020,BDL,CT,ANE,EN,Towers with Radar,87,19,19,0,125,0,0,18,2,20,87,19,37,2,145,16,0,16,161
08/11/2020,BDL,CT,ANE,EN,Towers with Radar,94,19,33,21,167,0,4,22,14,40,94,23,55,35,207,22,9,31,238
08/12/2020,BDL,CT,ANE,EN,Towers with Radar,99,17,23,14,153,0,1,12,18,31,99,18,35,32,184,14,0,14,198
08/13/2020,BDL,CT,ANE,EN,Towers with Radar,110,18,30,8,166,0,2,20,32,54,110,20,50,40,220,20,10,30,250
08/14/2020,BDL,CT,ANE,EN,Towers with Radar,99,28,29,0,156,0,0,19,1,20,99,28,48,1,176,0,0,0,176
08/15/2020,BDL,CT,ANE,EN,Towers with Radar,88,16,34,2,140,0,0,10,0,10,88,16,44,2,150,0,0,0,150
08/16/2020,BDL,CT,ANE,EN,Towers with Radar,84,24,30,0,138,0,0,0,0,0,84,24,30,0,138,0,0,0,138
08/17/2020,BDL,CT,ANE,EN,Towers with Radar,86,24,23,8,141,0,0,5,0,5,86,24,28,8,146,6,0,6,152
08/18/2020,BDL,CT,ANE,EN,Towers with Radar,96,19,24,3,142,0,0,18,16,34,96,19,42,19,176,6,0,6,182
08/19/2020,BDL,CT,ANE,EN,Towers with Radar,91,22,34,6,153,0,0,16,14,30,91,22,50,20,183,21,4,25,208
08/20/2020,BDL,CT,ANE,EN,Towers with Radar,111,23,22,4,160,0,0,16,2,18,111,23,38,6,178,14,10,24,202
08/21/2020,BDL,CT,ANE,EN,Towers with Radar,96,17,18,1,132,0,0,17,7,24,96,17,35,8,156,7,0,7,163
08/22/2020,BDL,CT,ANE,EN,Towers with Radar,86,17,19,3,125,0,0,17,0,17,86,17,36,3,142,0,0,0,142
08/23/2020,BDL,CT,ANE,EN,Towers with Radar,97,25,11,0,133,0,0,6,2,8,97,25,17,2,141,0,0,0,141
08/24/2020,BDL,CT,ANE,EN,Towers with Radar,90,24,9,12,135,0,0,9,8,17,90,24,18,20,152,0,18,18,170
08/25/2020,BDL,CT,ANE,EN,Towers with Radar,96,18,13,1,128,0,0,7,4,11,96,18,20,5,139,0,0,0,139
08/26/2020,BDL,CT,ANE,EN,Towers with Radar,95,24,27,8,154,0,2,20,13,35,95,26,47,21,189,0,0,0,189
08/27/2020,BDL,CT,ANE,EN,Towers with Radar,112,26,14,0,152,0,0,2,0,2,112,26,16,0,154,0,0,0,154
08/28/2020,BDL,CT,ANE,EN,Towers with Radar,96,22,23,2,143,0,0,14,2,16,96,22,37,4,159,0,0,0,159
08/29/2020,BDL,CT,ANE,EN,Towers with Radar,86,14,21,0,121,0,0,0,0,0,86,14,21,0,121,0,0,0,121
08/30/2020,BDL,CT,ANE,EN,Towers with Radar,85,16,12,0,113,0,0,2,0,2,85,16,14,0,115,0,0,0,115
08/31/2020,BDL,CT,ANE,EN,Towers with Radar,93,18,49,0,160,0,0,21,2,23,93,18,70,2,183,22,0,22,205
09/01/2020,BDL,CT,ANE,EN,Towers with Radar,91,19,27,9,146,0,0,9,11,20,91,19,36,20,166,20,2,22,188
09/02/2020,BDL,CT,ANE,EN,Towers with Radar,91,13,33,13,150,0,0,0,0,0,91,13,33,13,150,0,0,0,150
09/03/2020,BDL,CT,ANE,EN,Towers with Radar,112,25,25,7,169,0,1,20,8,29,112,26,45,15,198,10,0,10,208
09/04/2020,BDL,CT,ANE,EN,Towers with Radar,100,24,20,0,144,0,1,13,0,14,100,25,33,0,158,4,0,4,162
09/05/2020,BDL,CT,ANE,EN,Towers with Radar,78,20,20,0,118,0,0,16,0,16,78,20,36,0,134,0,0,0,134
09/06/2020,BDL,CT,ANE,EN,Towers with Radar,62,17,11,0,90,0,0,4,0,4,62,17,15,0,94,8,0,8,102
09/07/2020,BDL,CT,ANE,EN,Towers with Radar,68,19,6,0,93,0,0,6,0,6,68,19,12,0,99,0,0,0,99
09/08/2020,BDL,CT,ANE,EN,Towers with Radar,65,22,23,3,113,0,1,4,6,11,65,23,27,9,124,0,0,0,124
09/09/2020,BDL,CT,ANE,EN,Towers with Radar,77,24,29,3,133,0,0,5,14,19,77,24,34,17,152,0,0,0,152
09/10/2020,BDL,CT,ANE,EN,Towers with Radar,85,24,12,5,126,0,0,0,1,1,85,24,12,6,127,0,8,8,135
09/11/2020,BDL,CT,ANE,EN,Towers with Radar,73,28,35,9,145,0,0,9,6,15,73,28,44,15,160,12,0,12,172
09/12/2020,BDL,CT,ANE,EN,Towers with Radar,54,24,11,6,95,0,0,10,13,23,54,24,21,19,118,0,0,0,118
09/13/2020,BDL,CT,ANE,EN,Towers with Radar,66,28,17,0,111,0,0,0,2,2,66,28,17,2,113,0,0,0,113
09/14/2020,BDL,CT,ANE,EN,Towers with Radar,64,23,29,3,119,0,0,10,0,10,64,23,39,3,129,18,0,18,147
09/15/2020,BDL,CT,ANE,EN,Towers with Radar,73,17,31,3,124,0,1,23,9,33,73,18,54,12,157,24,6,30,187
09/16/2020,BDL,CT,ANE,EN,Towers with Radar,75,20,34,1,130,0,0,12,10,22,75,20,46,11,152,11,0,11,163
09/17/2020,BDL,CT,ANE,EN,Towers with Radar,84,17,34,5,140,0,0,22,10,32,84,17,56,15,172,6,0,6,178
09/18/2020,BDL,CT,ANE,EN,Towers with Radar,75,21,20,7,123,0,0,1,2,3,75,21,21,9,126,0,0,0,126
09/19/2020,BDL,CT,ANE,EN,Towers with Radar,53,17,18,2,90,0,0,18,3,21,53,17,36,5,111,0,0,0,111
09/20/2020,BDL,CT,ANE,EN,Towers with Radar,71,17,17,0,105,0,0,8,0,8,71,17,25,0,113,0,0,0,113
09/21/2020,BDL,CT,ANE,EN,Towers with Radar,66,20,26,5,117,0,1,7,1,9,66,21,33,6,126,15,0,15,141
09/22/2020,BDL,CT,ANE,EN,Towers with Radar,74,16,14,3,107,0,2,4,3,9,74,18,18,6,116,12,0,12,128
09/23/2020,BDL,CT,ANE,EN,Towers with Radar,78,23,29,6,136,0,0,21,3,24,78,23,50,9,160,0,4,4,164
09/24/2020,BDL,CT,ANE,EN,Towers with Radar,87,23,32,3,145,0,2,14,9,25,87,25,46,12,170,12,2,14,184
09/25/2020,BDL,CT,ANE,EN,Towers with Radar,73,24,28,2,127,0,0,26,0,26,73,24,54,2,153,15,0,15,168
09/26/2020,BDL,CT,ANE,EN,Towers with Radar,54,21,18,2,95,0,4,6,0,10,54,25,24,2,105,0,0,0,105
09/27/2020,BDL,CT,ANE,EN,Towers with Radar,71,18,18,0,107,0,0,4,0,4,71,18,22,0,111,0,0,0,111
09/28/2020,BDL,CT,ANE,EN,Towers with Radar,66,22,19,4,111,0,0,2,0,2,66,22,21,4,113,0,0,0,113
09/29/2020,BDL,CT,ANE,EN,Towers with Radar,73,16,35,17,141,0,1,2,1,4,73,17,37,18,145,0,0,0,145
09/30/2020,BDL,CT,ANE,EN,Towers with Radar,79,22,16,4,121,0,4,0,1,5,79,26,16,5,126,0,6,6,132
10/01/2020,BDL,CT,ANE,EN,Towers with Radar,86,22,21,0,129,0,0,19,0,19,86,22,40,0,148,1,0,1,149
10/02/2020,BDL,CT,ANE,EN,Towers with Radar,77,26,25,0,128,0,0,0,0,0,77,26,25,0,128,0,0,0,128
10/03/2020,BDL,CT,ANE,EN,Towers with Radar,58,28,10,0,96,0,0,9,0,9,58,28,19,0,105,0,0,0,105
10/04/2020,BDL,CT,ANE,EN,Towers with Radar,71,21,23,0,115,0,0,12,2,14,71,21,35,2,129,6,0,6,135
10/05/2020,BDL,CT,ANE,EN,Towers with Radar,72,22,16,0,110,0,0,12,1,13,72,22,28,1,123,6,0,6,129
10/06/2020,BDL,CT,ANE,EN,Towers with Radar,71,19,12,5,107,0,0,4,5,9,71,19,16,10,116,0,0,0,116
10/07/2020,BDL,CT,ANE,EN,Towers with Radar,70,18,22,1,111,0,0,3,6,9,70,18,25,7,120,0,0,0,120
10/08/2020,BDL,CT,ANE,EN,Towers with Radar,100,22,9,8,139,0,0,4,10,14,100,22,13,18,153,4,3,7,160
10/09/2020,BDL,CT,ANE,EN,Towers with Radar,87,29,20,0,136,0,0,16,2,18,87,29,36,2,154,0,0,0,154
10/10/2020,BDL,CT,ANE,EN,Towers with Radar,69,20,9,0,98,0,3,3,0,6,69,23,12,0,104,0,0,0,104
10/11/2020,BDL,CT,ANE,EN,Towers with Radar,78,17,15,0,110,0,0,5,0,5,78,17,20,0,115,0,0,0,115
10/12/2020,BDL,CT,ANE,EN,Towers with Radar,82,19,41,0,142,0,0,1,0,1,82,19,42,0,143,0,0,0,143
10/13/2020,BDL,CT,ANE,EN,Towers with Radar,76,17,22,4,119,0,0,0,0,0,76,17,22,4,119,0,0,0,119
10/14/2020,BDL,CT,ANE,EN,Towers with Radar,74,22,36,7,139,0,0,24,12,36,74,22,60,19,175,6,0,6,181
10/15/2020,BDL,CT,ANE,EN,Towers with Radar,95,24,25,5,149,1,5,7,15,28,96,29,32,20,177,0,0,0,177
10/16/2020,BDL,CT,ANE,EN,Towers with Radar,86,32,38,6,162,0,0,0,0,0,86,32,38,6,162,8,0,8,170
10/17/2020,BDL,CT,ANE,EN,Towers with Radar,67,18,19,5,109,0,0,13,11,24,67,18,32,16,133,0,0,0,133
10/18/2020,BDL,CT,ANE,EN,Towers with Radar,83,24,23,1,131,0,0,16,11,27,83,24,39,12,158,0,0,0,158
10/19/2020,BDL,CT,ANE,EN,Towers with Radar,79,22,24,4,129,0,0,10,0,10,79,22,34,4,139,10,0,10,149
10/20/2020,BDL,CT,ANE,EN,Towers with Radar,73,22,28,10,133,0,0,2,2,4,73,22,30,12,137,12,0,12,149
10/21/2020,BDL,CT,ANE,EN,Towers with Radar,74,15,31,9,129,0,0,2,7,9,74,15,33,16,138,10,4,14,152
10/22/2020,BDL,CT,ANE,EN,Towers with Radar,93,19,28,2,142,0,0,14,11,25,93,19,42,13,167,12,0,12,179
10/23/2020,BDL,CT,ANE,EN,Towers with Radar,78,41,25,0,144,0,0,0,0,0,78,41,25,0,144,0,0,0,144
10/24/2020,BDL,CT,ANE,EN,Towers with Radar,64,23,16,2,105,0,0,3,0,3,64,23,19,2,108,0,0,0,108
10/25/2020,BDL,CT,ANE,EN,Towers with Radar,74,25,15,0,114,0,0,13,0,13,74,25,28,0,127,0,0,0,127
10/26/2020,BDL,CT,ANE,EN,Towers with Radar,76,13,36,22,147,0,0,3,0,3,76,13,39,22,150,0,0,0,150
10/27/2020,BDL,CT,ANE,EN,Towers with Radar,73,19,42,7,141,0,1,17,9,27,73,20,59,16,168,6,7,13,181
10/28/2020,BDL,CT,ANE,EN,Towers with Radar,71,23,26,8,128,0,0,1,0,1,71,23,27,8,129,0,0,0,129
10/29/2020,BDL,CT,ANE,EN,Towers with Radar,94,22,21,5,142,0,0,0,0,0,94,22,21,5,142,0,0,0,142
10/30/2020,BDL,CT,ANE,EN,Towers with Radar,82,24,13,0,119,0,0,0,0,0,82,24,13,0,119,0,0,0,119
10/31/2020,BDL,CT,ANE,EN,Towers with Radar,53,10,22,0,85,0,0,16,0,16,53,10,38,0,101,6,0,6,107
11/01/2020,BDL,CT,ANE,EN,Towers with Radar,84,19,10,0,113,0,0,0,0,0,84,19,10,0,113,0,0,0,113
11/02/2020,BDL,CT,ANE,EN,Towers with Radar,73,20,24,4,121,0,0,3,0,3,73,20,27,4,124,0,0,0,124
11/03/2020,BDL,CT,ANE,EN,Towers with Radar,68,18,11,7,104,0,1,8,13,22,68,19,19,20,126,28,10,38,164
11/04/2020,BDL,CT,ANE,EN,Towers with Radar,82,19,15,3,119,0,0,12,12,24,82,19,27,15,143,12,0,12,155
11/05/2020,BDL,CT,ANE,EN,Towers with Radar,98,21,21,4,144,0,0,14,8,22,98,21,35,12,166,0,0,0,166
11/06/2020,BDL,CT,ANE,EN,Towers with Radar,95,12,20,2,129,0,0,15,3,18,95,12,35,5,147,0,0,0,147
11/07/2020,BDL,CT,ANE,EN,Towers with Radar,80,19,5,1,105,0,1,7,2,10,80,20,12,3,115,17,0,17,132
11/08/2020,BDL,CT,ANE,EN,Towers with Radar,87,13,15,2,117,0,0,14,0,14,87,13,29,2,131,0,0,0,131
11/09/2020,BDL,CT,ANE,EN,Towers with Radar,88,17,14,4,123,0,0,21,2,23,88,17,35,6,146,0,6,6,152
11/10/2020,BDL,CT,ANE,EN,Towers with Radar,87,14,15,5,121,0,0,10,9,19,87,14,25,14,140,0,0,0,140
11/11/2020,BDL,CT,ANE,EN,Towers with Radar,89,27,29,0,145,0,0,1,0,1,89,27,30,0,146,0,0,0,146
11/12/2020,BDL,CT,ANE,EN,Towers with Radar,102,25,28,2,157,0,0,2,18,20,102,25,30,20,177,10,0,10,187
11/13/2020,BDL,CT,ANE,EN,Towers with Radar,101,22,15,0,138,0,0,0,0,0,101,22,15,0,138,0,0,0,138
11/14/2020,BDL,CT,ANE,EN,Towers with Radar,80,18,14,0,112,0,0,10,0,10,80,18,24,0,122,0,0,0,122
11/15/2020,BDL,CT,ANE,EN,Towers with Radar,93,22,9,2,126,0,0,2,0,2,93,22,11,2,128,0,0,0,128
11/16/2020,BDL,CT,ANE,EN,Towers with Radar,89,20,17,4,130,0,0,3,2,5,89,20,20,6,135,0,0,0,135
11/17/2020,BDL,CT,ANE,EN,Towers with Radar,88,13,21,5,127,0,1,7,8,16,88,14,28,13,143,12,0,12,155
11/18/2020,BDL,CT,ANE,EN,Towers with Radar,92,23,24,7,146,0,1,17,8,26,92,24,41,15,172,50,0,50,222
11/19/2020,BDL,CT,ANE,EN,Towers with Radar,106,27,14,2,149,0,2,9,10,21,106,29,23,12,170,12,0,12,182
11/20/2020,BDL,CT,ANE,EN,Towers with Radar,110,22,40,2,174,0,0,8,5,13,110,22,48,7,187,0,0,0,187
11/21/2020,BDL,CT,ANE,EN,Towers with Radar,97,24,34,10,165,0,0,27,9,36,97,24,61,19,201,1,0,1,202
11/22/2020,BDL,CT,ANE,EN,Towers with Radar,98,16,19,2,135,0,0,6,14,20,98,16,25,16,155,0,0,0,155
11/23/2020,BDL,CT,ANE,EN,Towers with Radar,99,15,15,2,131,0,0,2,0,2,99,15,17,2,133,2,0,2,135
11/24/2020,BDL,CT,ANE,EN,Towers with Radar,121,27,22,2,172,0,3,20,11,34,121,30,42,13,206,0,0,0,206
11/25/2020,BDL,CT,ANE,EN,Towers with Radar,131,20,14,2,167,0,0,6,6,12,131,20,20,8,179,0,4,4,183
11/26/2020,BDL,CT,ANE,EN,Towers with Radar,52,7,2,0,61,0,0,0,0,0,52,7,2,0,61,0,0,0,61
11/27/2020,BDL,CT,ANE,EN,Towers with Radar,84,16,19,0,119,0,1,12,0,13,84,17,31,0,132,1,0,1,133
11/28/2020,BDL,CT,ANE,EN,Towers with Radar,98,22,15,0,135,0,0,1,0,1,98,22,16,0,136,0,0,0,136
11/29/2020,BDL,CT,ANE,EN,Towers with Radar,110,25,20,0,155,0,0,7,0,7,110,25,27,0,162,0,0,0,162
11/30/2020,BDL,CT,ANE,EN,Towers with Radar,137,27,15,0,179,0,0,0,0,0,137,27,15,0,179,0,0,0,179
12/01/2020,BDL,CT,ANE,EN,Towers with Radar,114,26,22,7,169,0,0,2,1,3,114,26,24,8,172,12,0,12,184
12/02/2020,BDL,CT,ANE,EN,Towers with Radar,92,22,10,3,127,0,0,4,2,6,92,22,14,5,133,0,0,0,133
12/03/2020,BDL,CT,ANE,EN,Towers with Radar,102,18,27,9,156,0,0,24,7,31,102,18,51,16,187,36,4,40,227
12/04/2020,BDL,CT,ANE,EN,Towers with Radar,95,20,21,0,136,0,0,6,4,10,95,20,27,4,146,0,0,0,146
12/05/2020,BDL,CT,ANE,EN,Towers with Radar,72,18,6,0,96,0,0,0,0,0,72,18,6,0,96,0,0,0,96
12/06/2020,BDL,CT,ANE,EN,Towers with Radar,81,11,9,0,101,0,0,5,0,5,81,11,14,0,106,0,0,0,106
12/07/2020,BDL,CT,ANE,EN,Towers with Radar,83,11,17,5,116,0,0,9,0,9,83,11,26,5,125,14,0,14,139
12/08/2020,BDL,CT,ANE,EN,Towers with Radar,90,15,33,2,140,0,0,16,3,19,90,15,49,5,159,18,0,18,177
12/09/2020,BDL,CT,ANE,EN,Towers with Radar,83,23,16,1,123,0,0,5,5,10,83,23,21,6,133,5,0,5,138
12/10/2020,BDL,CT,ANE,EN,Towers with Radar,102,18,20,5,145,0,0,17,8,25,102,18,37,13,170,14,10,24,194
12/11/2020,BDL,CT,ANE,EN,Towers with Radar,88,15,22,2,127,0,1,23,0,24,88,16,45,2,151,0,0,0,151
12/12/2020,BDL,CT,ANE,EN,Towers with Radar,71,23,13,0,107,0,0,0,0,0,71,23,13,0,107,0,0,0,107
12/13/2020,BDL,CT,ANE,EN,Towers with Radar,79,21,15,0,115,0,0,2,0,2,79,21,17,0,117,0,0,0,117
12/14/2020,BDL,CT,ANE,EN,Towers with Radar,85,14,15,2,116,0,0,0,0,0,85,14,15,2,116,0,0,0,116
12/15/2020,BDL,CT,ANE,EN,Towers with Radar,95,20,12,4,131,0,0,12,11,23,95,20,24,15,154,6,2,8,162
12/16/2020,BDL,CT,ANE,EN,Towers with Radar,78,15,16,7,116,0,0,15,5,20,78,15,31,12,136,0,0,0,136
12/17/2020,BDL,CT,ANE,EN,Towers with Radar,98,10,8,0,116,0,0,0,3,3,98,10,8,3,119,0,0,0,119
12/18/2020,BDL,CT,ANE,EN,Towers with Radar,115,26,41,0,182,0,0,12,2,14,115,26,53,2,196,15,0,15,211
12/19/2020,BDL,CT,ANE,EN,Towers with Radar,115,22,27,0,164,0,0,16,0,16,115,22,43,0,180,0,0,0,180
12/20/2020,BDL,CT,ANE,EN,Towers with Radar,112,21,11,0,144,0,0,0,0,0,112,21,11,0,144,0,0,0,144
12/21/2020,BDL,CT,ANE,EN,Towers with Radar,98,16,20,0,134,0,0,0,2,2,98,16,20,2,136,0,0,0,136
12/22/2020,BDL,CT,ANE,EN,Towers with Radar,119,21,21,4,165,0,0,14,19,33,119,21,35,23,198,8,0,8,206
12/23/2020,BDL,CT,ANE,EN,Towers with Radar,129,23,17,2,171,0,0,16,0,16,129,23,33,2,187,12,0,12,199
12/24/2020,BDL,CT,ANE,EN,Towers with Radar,89,11,7,0,107,0,0,4,0,4,89,11,11,0,111,0,0,0,111
12/25/2020,BDL,CT,ANE,EN,Towers with Radar,54,10,0,0,64,0,0,0,0,0,54,10,0,0,64,0,0,0,64
12/26/2020,BDL,CT,ANE,EN,Towers with Radar,85,20,19,0,124,0,0,8,0,8,85,20,27,0,132,0,0,0,132
12/27/2020,BDL,CT,ANE,EN,Towers with Radar,105,18,30,0,153,0,1,24,0,25,105,19,54,0,178,0,0,0,178
12/28/2020,BDL,CT,ANE,EN,Towers with Radar,100,20,22,0,142,0,0,8,0,8,100,20,30,0,150,12,0,12,162
12/29/2020,BDL,CT,ANE,EN,Towers with Radar,110,32,27,2,171,0,1,9,0,10,110,33,36,2,181,16,0,16,197
12/30/2020,BDL,CT,ANE,EN,Towers with Radar,116,24,32,1,173,0,1,15,2,18,116,25,47,3,191,0,0,0,191
12/31/2020,BDL,CT,ANE,EN,Towers with Radar,86,14,14,0,114,0,0,3,0,3,86,14,17,0,117,24,0,24,141
01/01/2021,BDL,CT,ANE,EN,Towers with Radar,61,4,10,0,75,0,0,4,0,4,61,4,14,0,79,7,0,7,86
01/02/2021,BDL,CT,ANE,EN,Towers with Radar,98,16,21,0,135,0,0,5,0,5,98,16,26,0,140,0,0,0,140
01/03/2021,BDL,CT,ANE,EN,Towers with Radar,109,18,13,0,140,0,0,0,0,0,109,18,13,0,140,0,0,0,140
01/04/2021,BDL,CT,ANE,EN,Towers with Radar,97,22,17,2,138,0,0,11,1,12,97,22,28,3,150,0,0,0,150
01/05/2021,BDL,CT,ANE,EN,Towers with Radar,90,25,17,4,136,0,0,9,14,23,90,25,26,18,159,26,0,26,185
01/06/2021,BDL,CT,ANE,EN,Towers with Radar,93,20,20,7,140,1,0,8,13,22,94,20,28,20,162,0,0,0,162
01/07/2021,BDL,CT,ANE,EN,Towers with Radar,89,27,18,9,143,0,4,4,16,24,89,31,22,25,167,12,0,12,179
01/08/2021,BDL,CT,ANE,EN,Towers with Radar,89,21,25,3,138,0,0,12,2,14,89,21,37,5,152,0,0,0,152
01/09/2021,BDL,CT,ANE,EN,Towers with Radar,71,29,14,3,117,0,0,14,2,16,71,29,28,5,133,6,0,6,139
01/10/2021,BDL,CT,ANE,EN,Towers with Radar,77,19,14,0,110,0,0,16,0,16,77,19,30,0,126,0,0,0,126
01/11/2021,BDL,CT,ANE,EN,Towers with Radar,78,22,28,2,130,0,0,21,1,22,78,22,49,3,152,0,0,0,152
01/12/2021,BDL,CT,ANE,EN,Towers with Radar,83,18,20,7,128,0,0,9,11,20,83,18,29,18,148,4,0,4,152
01/13/2021,BDL,CT,ANE,EN,Towers with Radar,82,22,26,2,132,0,0,18,10,28,82,22,44,12,160,22,0,22,182
01/14/2021,BDL,CT,ANE,EN,Towers with Radar,89,24,20,0,133,0,0,1,0,1,89,24,21,0,134,0,0,0,134
01/15/2021,BDL,CT,ANE,EN,Towers with Radar,90,19,14,6,129,0,0,0,0,0,90,19,14,6,129,0,0,0,129
01/16/2021,BDL,CT,ANE,EN,Towers with Radar,71,22,11,0,104,0,0,0,0,0,71,22,11,0,104,0,0,0,104
01/17/2021,BDL,CT,ANE,EN,Towers with Radar,68,20,7,0,95,0,0,3,0,3,68,20,10,0,98,0,0,0,98
01/18/2021,BDL,CT,ANE,EN,Towers with Radar,75,23,33,0,131,0,0,11,0,11,75,23,44,0,142,0,0,0,142
01/19/2021,BDL,CT,ANE,EN,Towers with Radar,76,23,14,5,118,0,0,4,8,12,76,23,18,13,130,0,0,0,130
01/20/2021,BDL,CT,ANE,EN,Towers with Radar,83,20,32,4,139,0,0,7,10,17,83,20,39,14,156,10,0,10,166
01/21/2021,BDL,CT,ANE,EN,Towers with Radar,85,26,18,11,140,0,0,12,18,30,85,26,30,29,170,16,0,16,186
01/22/2021,BDL,CT,ANE,EN,Towers with Radar,88,28,16,0,132,0,0,12,0,12,88,28,28,0,144,0,0,0,144
01/23/2021,BDL,CT,ANE,EN,Towers with Radar,72,25,5,1,103,0,0,2,0,2,72,25,7,1,105,0,0,0,105
01/24/2021,BDL,CT,ANE,EN,Towers with Radar,74,18,18,2,112,0,0,6,0,6,74,18,24,2,118,0,0,0,118
01/25/2021,BDL,CT,ANE,EN,Towers with Radar,77,19,31,10,137,0,0,21,1,22,77,19,52,11,159,0,0,0,159
01/26/2021,BDL,CT,ANE,EN,Towers with Radar,77,22,21,1,121,0,0,10,9,19,77,22,31,10,140,2,0,2,142
01/27/2021,BDL,CT,ANE,EN,Towers with Radar,85,21,14,5,125,0,0,4,15,19,85,21,18,20,144,0,0,0,144
01/28/2021,BDL,CT,ANE,EN,Towers with Radar,83,20,25,8,136,0,9,21,22,52,83,29,46,30,188,65,16,81,269
01/29/2021,BDL,CT,ANE,EN,Towers with Radar,83,25,23,3,134,0,0,9,1,10,83,25,32,4,144,20,0,20,164
01/30/2021,BDL,CT,ANE,EN,Towers with Radar,73,31,27,0,131,0,0,18,0,18,73,31,45,0,149,13,0,13,162
01/31/2021,BDL,CT,ANE,EN,Towers with Radar,71,31,26,2,130,0,0,18,7,25,71,31,44,9,155,4,2,6,161
02/01/2021,BDL,CT,ANE,EN,Towers with Radar,26,6,2,0,34,0,0,0,0,0,26,6,2,0,34,0,0,0,34
02/02/2021,BDL,CT,ANE,EN,Towers with Radar,61,15,14,0,90,0,0,0,0,0,61,15,14,0,90,0,0,0,90
02/03/2021,BDL,CT,ANE,EN,Towers with Radar,84,20,24,6,134,0,0,9,12,21,84,20,33,18,155,19,0,19,174
02/04/2021,BDL,CT,ANE,EN,Towers with Radar,88,30,33,7,158,0,0,27,13,40,88,30,60,20,198,18,0,18,216
02/05/2021,BDL,CT,ANE,EN,Towers with Radar,87,23,19,0,129,0,0,1,0,1,87,23,20,0,130,0,0,0,130
02/06/2021,BDL,CT,ANE,EN,Towers with Radar,73,23,9,0,105,0,0,2,0,2,73,23,11,0,107,6,0,6,113
02/07/2021,BDL,CT,ANE,EN,Towers with Radar,66,18,6,0,90,0,0,0,0,0,66,18,6,0,90,0,0,0,90
02/08/2021,BDL,CT,ANE,EN,Towers with Radar,80,21,38,1,140,0,0,14,2,16,80,21,52,3,156,24,0,24,180
02/09/2021,BDL,CT,ANE,EN,Towers with Radar,72,20,13,0,105,0,0,0,0,0,72,20,13,0,105,0,0,0,105
02/10/2021,BDL,CT,ANE,EN,Towers with Radar,81,21,26,7,135,0,0,19,12,31,81,21,45,19,166,0,8,8,174
02/11/2021,BDL,CT,ANE,EN,Towers with Radar,89,23,34,14,160,0,0,9,12,21,89,23,43,26,181,8,0,8,189
02/12/2021,BDL,CT,ANE,EN,Towers with Radar,97,25,36,0,158,0,0,14,0,14,97,25,50,0,172,1,0,1,173
02/13/2021,BDL,CT,ANE,EN,Towers with Radar,80,25,13,0,118,0,0,20,2,22,80,25,33,2,140,0,0,0,140
02/14/2021,BDL,CT,ANE,EN,Towers with Radar,77,14,15,0,106,0,0,1,0,1,77,14,16,0,107,0,0,0,107
02/15/2021,BDL,CT,ANE,EN,Towers with Radar,75,20,8,0,103,0,0,1,0,1,75,20,9,0,104,0,0,0,104
02/16/2021,BDL,CT,ANE,EN,Towers with Radar,71,15,17,0,103,0,0,0,0,0,71,15,17,0,103,2,0,2,105
02/17/2021,BDL,CT,ANE,EN,Towers with Radar,82,30,22,2,136,0,0,21,18,39,82,30,43,20,175,24,0,24,199
02/18/2021,BDL,CT,ANE,EN,Towers with Radar,98,21,14,0,133,0,1,1,0,2,98,22,15,0,135,0,0,0,135
02/19/2021,BDL,CT,ANE,EN,Towers with Radar,94,23,8,0,125,0,0,0,0,0,94,23,8,0,125,0,0,0,125
02/20/2021,BDL,CT,ANE,EN,Towers with Radar,82,19,21,2,124,0,0,14,0,14,82,19,35,2,138,0,0,0,138
02/21/2021,BDL,CT,ANE,EN,Towers with Radar,84,23,16,0,123,0,0,16,0,16,84,23,32,0,139,0,0,0,139
02/22/2021,BDL,CT,ANE,EN,Towers with Radar,91,17,21,0,129,0,0,0,0,0,91,17,21,0,129,4,0,4,133
02/23/2021,BDL,CT,ANE,EN,Towers with Radar,90,16,29,5,140,0,0,16,11,27,90,16,45,16,167,23,0,23,190
02/24/2021,BDL,CT,ANE,EN,Towers with Radar,92,21,19,1,133,0,0,15,3,18,92,21,34,4,151,0,0,0,151
02/25/2021,BDL,CT,ANE,EN,Towers with Radar,98,20,16,5,139,0,0,0,15,15,98,20,16,20,154,0,0,0,154
02/26/2021,BDL,CT,ANE,EN,Towers with Radar,95,23,30,0,148,0,2,26,0,28,95,25,56,0,176,4,0,4,180
02/27/2021,BDL,CT,ANE,EN,Towers with Radar,77,23,14,0,114,0,0,0,0,0,77,23,14,0,114,0,0,0,114
02/28/2021,BDL,CT,ANE,EN,Towers with Radar,86,18,17,2,123,0,0,5,0,5,86,18,22,2,128,0,0,0,128
03/01/2021,BDL,CT,ANE,EN,Towers with Radar,86,22,17,2,127,0,0,3,0,3,86,22,20,2,130,0,0,0,130
03/02/2021,BDL,CT,ANE,EN,Towers with Radar,88,12,19,0,119,0,1,9,0,10,88,13,28,0,129,4,0,4,133
03/03/2021,BDL,CT,ANE,EN,Towers with Radar,88,18,33,8,147,0,1,25,13,39,88,19,58,21,186,0,4,4,190
03/04/2021,BDL,CT,ANE,EN,Towers with Radar,106,23,22,8,159,0,0,2,15,17,106,23,24,23,176,6,0,6,182
03/05/2021,BDL,CT,ANE,EN,Towers with Radar,106,36,25,3,170,0,0,4,2,6,106,36,29,5,176,10,0,10,186
03/06/2021,BDL,CT,ANE,EN,Towers with Radar,86,23,25,5,139,0,0,10,1,11,86,23,35,6,150,1,4,5,155
03/07/2021,BDL,CT,ANE,EN,Towers with Radar,94,25,21,1,141,0,0,12,0,12,94,25,33,1,153,8,0,8,161
03/08/2021,BDL,CT,ANE,EN,Towers with Radar,106,23,28,1,158,0,0,19,1,20,106,23,47,2,178,0,0,0,178
03/09/2021,BDL,CT,ANE,EN,Towers with Radar,98,30,19,2,149,0,1,11,13,25,98,31,30,15,174,0,0,0,174
03/10/2021,BDL,CT,ANE,EN,Towers with Radar,110,23,25,0,158,0,1,9,12,22,110,24,34,12,180,0,0,0,180
03/11/2021,BDL,CT,ANE,EN,Towers with Radar,115,34,33,3,185,0,5,5,14,24,115,39,38,17,209,0,0,0,209
03/12/2021,BDL,CT,ANE,EN,Towers with Radar,114,26,29,3,172,0,0,9,6,15,114,26,38,9,187,8,0,8,195
03/13/2021,BDL,CT,ANE,EN,Towers with Radar,88,27,11,0,126,0,0,12,0,12,88,27,23,0,138,0,0,0,138
03/14/2021,BDL,CT,ANE,EN,Towers with Radar,94,30,14,0,138,0,0,0,0,0,94,30,14,0,138,0,0,0,138
03/15/2021,BDL,CT,ANE,EN,Towers with Radar,100,29,18,0,147,0,0,4,0,4,100,29,22,0,151,0,0,0,151
03/16/2021,BDL,CT,ANE,EN,Towers with Radar,108,23,20,2,153,0,1,10,14,25,108,24,30,16,178,2,0,2,180
03/17/2021,BDL,CT,ANE,EN,Towers with Radar,114,29,21,3,167,0,0,6,21,27,114,29,27,24,194,0,0,0,194
03/18/2021,BDL,CT,ANE,EN,Towers with Radar,109,27,34,2,172,0,0,0,0,0,109,27,34,2,172,0,0,0,172
03/19/2021,BDL,CT,ANE,EN,Towers with Radar,105,27,11,0,143,0,0,3,8,11,105,27,14,8,154,9,0,9,163
03/20/2021,BDL,CT,ANE,EN,Towers with Radar,92,17,22,0,131,0,0,20,20,40,92,17,42,20,171,0,0,0,171
03/21/2021,BDL,CT,ANE,EN,Towers with Radar,99,24,16,0,139,0,0,18,6,24,99,24,34,6,163,16,0,16,179
03/22/2021,BDL,CT,ANE,EN,Towers with Radar,102,23,25,4,154,0,0,13,2,15,102,23,38,6,169,0,2,2,171
03/23/2021,BDL,CT,ANE,EN,Towers with Radar,118,27,27,7,179,0,0,17,11,28,118,27,44,18,207,14,12,26,233
03/24/2021,BDL,CT,ANE,EN,Towers with Radar,118,23,29,5,175,0,0,17,12,29,118,23,46,17,204,32,0,32,236
03/25/2021,BDL,CT,ANE,EN,Towers with Radar,111,36,19,3,169,0,0,5,9,14,111,36,24,12,183,12,0,12,195
03/26/2021,BDL,CT,ANE,EN,Towers with Radar,113,39,32,0,184,0,0,0,0,0,113,39,32,0,184,0,0,0,184
03/27/2021,BDL,CT,ANE,EN,Towers with Radar,90,25,32,0,147,0,0,15,0,15,90,25,47,0,162,0,0,0,162
03/28/2021,BDL,CT,ANE,EN,Towers with Radar,102,40,20,2,164,0,0,1,0,1,102,40,21,2,165,0,0,0,165
03/29/2021,BDL,CT,ANE,EN,Towers with Radar,102,35,20,7,164,0,1,7,7,15,102,36,27,14,179,0,0,0,179
03/30/2021,BDL,CT,ANE,EN,Towers with Radar,107,25,28,4,164,0,0,10,15,25,107,25,38,19,189,12,0,12,201
03/31/2021,BDL,CT,ANE,EN,Towers with Radar,113,24,17,16,170,0,0,3,9,12,113,24,20,25,182,0,6,6,188
04/01/2021,BDL,CT,ANE,EN,Towers with Radar,112,27,14,6,159,0,2,0,18,20,112,29,14,24,179,0,0,0,179
04/02/2021,BDL,CT,ANE,EN,Towers with Radar,114,30,23,1,168,0,1,9,0,10,114,31,32,1,178,0,0,0,178
04/03/2021,BDL,CT,ANE,EN,Towers with Radar,100,23,19,0,142,0,0,8,0,8,100,23,27,0,150,0,0,0,150
04/04/2021,BDL,CT,ANE,EN,Towers with Radar,105,22,7,0,134,0,0,3,0,3,105,22,10,0,137,0,0,0,137
04/05/2021,BDL,CT,ANE,EN,Towers with Radar,112,33,27,1,173,0,0,9,3,12,112,33,36,4,185,6,0,6,191
04/06/2021,BDL,CT,ANE,EN,Towers with Radar,117,31,28,9,185,0,0,20,11,31,117,31,48,20,216,0,0,0,216
04/07/2021,BDL,CT,ANE,EN,Towers with Radar,120,28,28,9,185,0,0,20,21,41,120,28,48,30,226,0,0,0,226
04/08/2021,BDL,CT,ANE,EN,Towers with Radar,132,28,18,4,182,0,0,14,13,27,132,28,32,17,209,10,0,10,219
04/09/2021,BDL,CT,ANE,EN,Towers with Radar,129,31,29,2,191,0,0,22,0,22,129,31,51,2,213,14,0,14,227
04/10/2021,BDL,CT,ANE,EN,Towers with Radar,105,25,21,0,151,0,0,8,3,11,105,25,29,3,162,0,4,4,166
04/11/2021,BDL,CT,ANE,EN,Towers with Radar,97,23,16,0,136,0,0,0,0,0,97,23,16,0,136,1,0,1,137
04/12/2021,BDL,CT,ANE,EN,Towers with Radar,113,29,24,1,167,0,0,3,5,8,113,29,27,6,175,0,0,0,175
04/13/2021,BDL,CT,ANE,EN,Towers with Radar,120,22,28,2,172,0,0,15,8,23,120,22,43,10,195,4,0,4,199
04/14/2021,BDL,CT,ANE,EN,Towers with Radar,114,24,20,2,160,0,0,17,13,30,114,24,37,15,190,0,0,0,190
04/15/2021,BDL,CT,ANE,EN,Towers with Radar,132,26,22,0,180,0,0,0,0,0,132,26,22,0,180,0,0,0,180
04/16/2021,BDL,CT,ANE,EN,Towers with Radar,134,28,18,1,181,0,0,0,0,0,134,28,18,1,181,0,0,0,181
04/17/2021,BDL,CT,ANE,EN,Towers with Radar,124,33,11,0,168,0,0,7,0,7,124,33,18,0,175,0,0,0,175
04/18/2021,BDL,CT,ANE,EN,Towers with Radar,121,22,14,3,160,0,0,3,0,3,121,22,17,3,163,0,0,0,163
04/19/2021,BDL,CT,ANE,EN,Towers with Radar,119,26,19,2,166,0,0,16,2,18,119,26,35,4,184,2,0,2,186
04/20/2021,BDL,CT,ANE,EN,Towers with Radar,118,37,12,10,177,0,0,5,11,16,118,37,17,21,193,2,8,10,203
04/21/2021,BDL,CT,ANE,EN,Towers with Radar,117,27,7,6,157,0,0,2,6,8,117,27,9,12,165,2,0,2,167
04/22/2021,BDL,CT,ANE,EN,Towers with Radar,130,32,18,6,186,0,0,2,8,10,130,32,20,14,196,0,0,0,196
04/23/2021,BDL,CT,ANE,EN,Towers with Radar,127,35,21,3,186,0,0,7,9,16,127,35,28,12,202,0,0,0,202
04/24/2021,BDL,CT,ANE,EN,Towers with Radar,113,26,21,3,163,0,0,14,15,29,113,26,35,18,192,0,0,0,192
04/25/2021,BDL,CT,ANE,EN,Towers with Radar,120,23,36,5,184,0,0,6,3,9,120,23,42,8,193,0,0,0,193
04/26/2021,BDL,CT,ANE,EN,Towers with Radar,113,22,21,2,158,0,0,0,4,4,113,22,21,6,162,0,0,0,162
04/27/2021,BDL,CT,ANE,EN,Towers with Radar,118,27,32,12,189,0,1,26,5,32,118,28,58,17,221,0,4,4,225
04/28/2021,BDL,CT,ANE,EN,Towers with Radar,116,30,30,7,183,0,1,22,6,29,116,31,52,13,212,26,4,30,242
04/29/2021,BDL,CT,ANE,EN,Towers with Radar,126,32,30,8,196,0,0,1,0,1,126,32,31,8,197,0,0,0,197
04/30/2021,BDL,CT,ANE,EN,Towers with Radar,123,34,17,1,175,0,0,0,2,2,123,34,17,3,177,0,0,0,177
05/01/2021,BDL,CT,ANE,EN,Towers with Radar,104,23,14,0,141,0,0,8,0,8,104,23,22,0,149,6,0,6,155
05/02/2021,BDL,CT,ANE,EN,Towers with Radar,110,23,23,0,156,0,0,10,0,10,110,23,33,0,166,0,0,0,166
05/03/2021,BDL,CT,ANE,EN,Towers with Radar,109,36,31,8,184,0,10,15,6,31,109,46,46,14,215,2,2,4,219
05/04/2021,BDL,CT,ANE,EN,Towers with Radar,111,45,31,5,192,0,0,1,0,1,111,45,32,5,193,0,0,0,193
05/05/2021,BDL,CT,ANE,EN,Towers with Radar,121,24,10,8,163,0,0,0,0,0,121,24,10,8,163,0,0,0,163
05/06/2021,BDL,CT,ANE,EN,Towers with Radar,126,27,35,3,191,0,0,20,16,36,126,27,55,19,227,34,0,34,261
05/07/2021,BDL,CT,ANE,EN,Towers with Radar,125,39,28,3,195,0,0,15,7,22,125,39,43,10,217,0,0,0,217
05/08/2021,BDL,CT,ANE,EN,Towers with Radar,108,26,15,0,149,0,0,8,0,8,108,26,23,0,157,0,0,0,157
05/09/2021,BDL,CT,ANE,EN,Towers with Radar,109,19,14,2,144,0,0,5,0,5,109,19,19,2,149,4,0,4,153
05/10/2021,BDL,CT,ANE,EN,Towers with Radar,111,26,24,2,163,0,0,3,2,5,111,26,27,4,168,18,0,18,186
05/11/2021,BDL,CT,ANE,EN,Towers with Radar,124,33,18,12,187,0,2,7,14,23,124,35,25,26,210,0,0,0,210
05/12/2021,BDL,CT,ANE,EN,Towers with Radar,126,30,31,7,194,0,1,10,20,31,126,31,41,27,225,2,2,4,229
05/13/2021,BDL,CT,ANE,EN,Towers with Radar,125,38,24,9,196,0,0,11,12,23,125,38,35,21,219,5,0,5,224
05/14/2021,BDL,CT,ANE,EN,Towers with Radar,121,37,22,2,182,0,0,20,4,24,121,37,42,6,206,0,0,0,206
05/15/2021,BDL,CT,ANE,EN,Towers with Radar,106,31,12,2,151,0,0,15,0,15,106,31,27,2,166,0,0,0,166
05/16/2021,BDL,CT,ANE,EN,Towers with Radar,109,32,27,2,170,0,3,5,0,8,109,35,32,2,178,0,0,0,178
05/17/2021,BDL,CT,ANE,EN,Towers with Radar,114,33,25,11,183,0,2,3,1,6,114,35,28,12,189,0,0,0,189
05/18/2021,BDL,CT,ANE,EN,Towers with Radar,128,43,29,10,210,0,1,20,14,35,128,44,49,24,245,18,8,26,271
05/19/2021,BDL,CT,ANE,EN,Towers with Radar,123,38,25,8,194,0,0,8,14,22,123,38,33,22,216,0,0,0,216
05/20/2021,BDL,CT,ANE,EN,Towers with Radar,129,33,23,2,187,0,0,9,8,17,129,33,32,10,204,2,0,2,206
05/21/2021,BDL,CT,ANE,EN,Towers with Radar,121,37,29,2,189,0,0,16,6,22,121,37,45,8,211,0,0,0,211
05/22/2021,BDL,CT,ANE,EN,Towers with Radar,105,32,17,0,154,0,0,9,8,17,105,32,26,8,171,0,0,0,171
05/23/2021,BDL,CT,ANE,EN,Towers with Radar,116,29,15,2,162,0,0,2,11,13,116,29,17,13,175,1,0,1,176
05/24/2021,BDL,CT,ANE,EN,Towers with Radar,118,32,29,1,180,0,0,9,3,12,118,32,38,4,192,0,0,0,192
05/25/2021,BDL,CT,ANE,EN,Towers with Radar,126,30,22,4,182,0,0,6,13,19,126,30,28,17,201,12,4,16,217
05/26/2021,BDL,CT,ANE,EN,Towers with Radar,130,32,35,17,214,0,1,15,8,24,130,33,50,25,238,0,0,0,238
05/27/2021,BDL,CT,ANE,EN,Towers with Radar,137,40,28,2,207,0,0,16,17,33,137,40,44,19,240,6,0,6,246
05/28/2021,BDL,CT,ANE,EN,Towers with Radar,126,35,20,0,181,0,0,7,0,7,126,35,27,0,188,0,0,0,188
05/29/2021,BDL,CT,ANE,EN,Towers with Radar,99,35,7,0,141,0,0,0,0,0,99,35,7,0,141,12,0,12,153
05/30/2021,BDL,CT,ANE,EN,Towers with Radar,97,25,10,0,132,0,0,0,0,0,97,25,10,0,132,0,0,0,132
05/31/2021,BDL,CT,ANE,EN,Towers with Radar,103,31,28,0,162,0,0,3,4,7,103,31,31,4,169,0,0,0,169
06/01/2021,BDL,CT,ANE,EN,Towers with Radar,108,27,24,1,160,0,0,18,7,25,108,27,42,8,185,9,0,9,194
06/02/2021,BDL,CT,ANE,EN,Towers with Radar,124,34,25,3,186,0,2,8,20,30,124,36,33,23,216,0,0,0,216
06/03/2021,BDL,CT,ANE,EN,Towers with Radar,124,36,26,5,191,0,0,0,0,0,124,36,26,5,191,0,0,0,191
06/04/2021,BDL,CT,ANE,EN,Towers with Radar,129,40,24,2,195,0,0,6,0,6,129,40,30,2,201,14,0,14,215
06/05/2021,BDL,CT,ANE,EN,Towers with Radar,112,30,11,0,153,0,0,3,0,3,112,30,14,0,156,7,0,7,163
06/06/2021,BDL,CT,ANE,EN,Towers with Radar,110,36,26,1,173,0,2,9,1,12,110,38,35,2,185,6,0,6,191
06/07/2021,BDL,CT,ANE,EN,Towers with Radar,126,33,31,3,193,0,1,12,4,17,126,34,43,7,210,0,0,0,210
06/08/2021,BDL,CT,ANE,EN,Towers with Radar,131,38,39,0,208,0,1,11,6,18,131,39,50,6,226,0,0,0,226
06/09/2021,BDL,CT,ANE,EN,Towers with Radar,128,29,26,6,189,0,0,8,5,13,128,29,34,11,202,0,0,0,202
06/10/2021,BDL,CT,ANE,EN,Towers with Radar,142,37,21,3,203,0,0,11,4,15,142,37,32,7,218,0,0,0,218
06/11/2021,BDL,CT,ANE,EN,Towers with Radar,134,36,30,3,203,0,0,13,9,22,134,36,43,12,225,2,0,2,227
06/12/2021,BDL,CT,ANE,EN,Towers with Radar,111,30,21,9,171,0,1,5,4,10,111,31,26,13,181,8,0,8,189
06/13/2021,BDL,CT,ANE,EN,Towers with Radar,118,31,17,0,166,0,1,8,8,17,118,32,25,8,183,0,0,0,183
06/14/2021,BDL,CT,ANE,EN,Towers with Radar,126,37,37,4,204,0,0,1,2,3,126,37,38,6,207,0,0,0,207
06/15/2021,BDL,CT,ANE,EN,Towers with Radar,135,33,30,4,202,0,0,5,6,11,135,33,35,10,213,8,0,8,221
06/16/2021,BDL,CT,ANE,EN,Towers with Radar,137,34,24,1,196,0,1,12,9,22,137,35,36,10,218,22,0,22,240
06/17/2021,BDL,CT,ANE,EN,Towers with Radar,139,37,27,3,206,0,1,15,7,23,139,38,42,10,229,8,0,8,237
06/18/2021,BDL,CT,ANE,EN,Towers with Radar,133,40,24,4,201,0,6,23,8,37,133,46,47,12,238,2,0,2,240
06/19/2021,BDL,CT,ANE,EN,Towers with Radar,111,39,11,3,164,0,0,5,11,16,111,39,16,14,180,0,0,0,180
06/20/2021,BDL,CT,ANE,EN,Towers with Radar,116,30,16,4,166,0,1,16,14,31,116,31,32,18,197,0,0,0,197
06/21/2021,BDL,CT,ANE,EN,Towers with Radar,124,43,33,6,206,0,0,4,14,18,124,43,37,20,224,0,18,18,242
06/22/2021,BDL,CT,ANE,EN,Towers with Radar,144,36,27,17,224,0,0,11,7,18,144,36,38,24,242,0,7,7,249
06/23/2021,BDL,CT,ANE,EN,Towers with Radar,139,47,36,3,225,0,1,16,27,44,139,48,52,30,269,4,6,10,279
06/24/2021,BDL,CT,ANE,EN,Towers with Radar,136,37,15,1,189,0,0,25,7,32,136,37,40,8,221,7,0,7,228
06/25/2021,BDL,CT,ANE,EN,Towers with Radar,135,56,46,5,242,0,1,5,0,6,135,57,51,5,248,6,0,6,254
06/26/2021,BDL,CT,ANE,EN,Towers with Radar,103,35,42,0,180,0,0,6,0,6,103,35,48,0,186,0,0,0,186
06/27/2021,BDL,CT,ANE,EN,Towers with Radar,119,49,25,0,193,0,0,7,0,7,119,49,32,0,200,0,0,0,200
06/28/2021,BDL,CT,ANE,EN,Towers with Radar,130,35,21,1,187,0,4,13,2,19,130,39,34,3,206,0,6,6,212
06/29/2021,BDL,CT,ANE,EN,Towers with Radar,140,39,17,2,198,0,1,13,5,19,140,40,30,7,217,0,0,0,217
06/30/2021,BDL,CT,ANE,EN,Towers with Radar,134,43,21,0,198,0,0,6,6,12,134,43,27,6,210,2,0,2,212
07/01/2021,BDL,CT,ANE,EN,Towers with Radar,148,46,22,1,217,0,0,2,0,2,148,46,24,1,219,0,0,0,219
07/02/2021,BDL,CT,ANE,EN,Towers with Radar,148,40,11,0,199,0,0,0,0,0,148,40,11,0,199,0,0,0,199
07/03/2021,BDL,CT,ANE,EN,Towers with Radar,116,31,20,0,167,0,0,0,0,0,116,31,20,0,167,0,0,0,167
07/04/2021,BDL,CT,ANE,EN,Towers with Radar,97,28,13,0,138,0,0,0,0,0,97,28,13,0,138,0,0,0,138
07/05/2021,BDL,CT,ANE,EN,Towers with Radar,122,41,24,0,187,0,0,6,0,6,122,41,30,0,193,0,0,0,193
07/06/2021,BDL,CT,ANE,EN,Towers with Radar,138,28,18,1,185,0,0,11,9,20,138,28,29,10,205,0,0,0,205
07/07/2021,BDL,CT,ANE,EN,Towers with Radar,152,42,20,1,215,0,1,13,7,21,152,43,33,8,236,0,2,2,238
07/08/2021,BDL,CT,ANE,EN,Towers with Radar,153,34,23,2,212,0,0,0,0,0,153,34,23,2,212,2,0,2,214
07/09/2021,BDL,CT,ANE,EN,Towers with Radar,145,34,16,1,196,0,0,1,0,1,145,34,17,1,197,6,0,6,203
07/10/2021,BDL,CT,ANE,EN,Towers with Radar,113,37,17,0,167,0,0,5,0,5,113,37,22,0,172,0,0,0,172
07/11/2021,BDL,CT,ANE,EN,Towers with Radar,131,34,23,0,188,0,0,4,0,4,131,34,27,0,192,0,0,0,192
07/12/2021,BDL,CT,ANE,EN,Towers with Radar,128,37,43,3,211,0,0,0,0,0,128,37,43,3,211,0,0,0,211
07/13/2021,BDL,CT,ANE,EN,Towers with Radar,157,45,30,12,244,0,0,2,0,2,157,45,32,12,246,0,0,0,246
07/14/2021,BDL,CT,ANE,EN,Towers with Radar,147,32,39,14,232,0,0,8,3,11,147,32,47,17,243,0,0,0,243
07/15/2021,BDL,CT,ANE,EN,Towers with Radar,156,46,37,10,249,0,0,10,15,25,156,46,47,25,274,0,8,8,282
07/16/2021,BDL,CT,ANE,EN,Towers with Radar,150,36,28,0,214,0,0,17,6,23,150,36,45,6,237,0,0,0,237
07/17/2021,BDL,CT,ANE,EN,Towers with Radar,117,27,27,0,171,0,0,25,0,25,117,27,52,0,196,0,0,0,196
07/18/2021,BDL,CT,ANE,EN,Towers with Radar,133,39,26,1,199,0,0,1,0,1,133,39,27,1,200,0,0,0,200
07/19/2021,BDL,CT,ANE,EN,Towers with Radar,136,37,38,2,213,0,2,9,0,11,136,39,47,2,224,0,0,0,224
07/20/2021,BDL,CT,ANE,EN,Towers with Radar,158,32,23,9,222,0,0,6,7,13,158,32,29,16,235,0,8,8,243
07/21/2021,BDL,CT,ANE,EN,Towers with Radar,146,36,27,1,210,0,0,16,10,26,146,36,43,11,236,0,16,16,252
07/22/2021,BDL,CT,ANE,EN,Towers with Radar,151,32,31,4,218,0,0,16,10,26,151,32,47,14,244,0,0,0,244
07/23/2021,BDL,CT,ANE,EN,Towers with Radar,142,39,28,6,215,0,0,31,2,33,142,39,59,8,248,0,0,0,248
07/24/2021,BDL,CT,ANE,EN,Towers with Radar,117,23,15,1,156,0,2,19,12,33,117,25,34,13,189,0,0,0,189
07/25/2021,BDL,CT,ANE,EN,Towers with Radar,130,29,16,3,178,0,0,0,2,2,130,29,16,5,180,0,0,0,180
07/26/2021,BDL,CT,ANE,EN,Towers with Radar,136,27,30,7,200,0,0,6,4,10,136,27,36,11,210,0,0,0,210
07/27/2021,BDL,CT,ANE,EN,Towers with Radar,145,31,30,11,217,0,0,10,11,21,145,31,40,22,238,8,0,8,246
07/28/2021,BDL,CT,ANE,EN,Towers with Radar,149,35,39,2,225,0,0,11,14,25,149,35,50,16,250,0,10,10,260
07/29/2021,BDL,CT,ANE,EN,Towers with Radar,158,37,30,0,225,0,0,4,6,10,158,37,34,6,235,0,0,0,235
07/30/2021,BDL,CT,ANE,EN,Towers with Radar,151,42,34,0,227,0,0,24,0,24,151,42,58,0,251,6,0,6,257
07/31/2021,BDL,CT,ANE,EN,Towers with Radar,108,31,11,0,150,0,2,11,0,13,108,33,22,0,163,0,0,0,163
08/01/2021,BDL,CT,ANE,EN,Towers with Radar,133,29,25,0,187,0,0,7,0,7,133,29,32,0,194,0,0,0,194
08/02/2021,BDL,CT,ANE,EN,Towers with Radar,140,47,23,5,215,0,0,5,1,6,140,47,28,6,221,0,0,0,221
08/03/2021,BDL,CT,ANE,EN,Towers with Radar,132,37,31,8,208,0,6,14,17,37,132,43,45,25,245,0,18,18,263
08/04/2021,BDL,CT,ANE,EN,Towers with Radar,131,35,24,7,197,0,0,16,13,29,131,35,40,20,226,12,0,12,238
08/05/2021,BDL,CT,ANE,EN,Towers with Radar,154,40,42,4,240,0,0,4,2,6,154,40,46,6,246,12,0,12,258
08/06/2021,BDL,CT,ANE,EN,Towers with Radar,137,40,22,1,200,0,0,11,0,11,137,40,33,1,211,0,0,0,211
08/07/2021,BDL,CT,ANE,EN,Towers with Radar,116,29,18,2,165,0,0,13,1,14,116,29,31,3,179,0,0,0,179
08/08/2021,BDL,CT,ANE,EN,Towers with Radar,136,28,25,0,189,0,2,17,0,19,136,30,42,0,208,0,0,0,208
08/09/2021,BDL,CT,ANE,EN,Towers with Radar,145,25,15,3,188,0,0,7,1,8,145,25,22,4,196,0,0,0,196
08/10/2021,BDL,CT,ANE,EN,Towers with Radar,156,28,28,10,222,0,0,2,7,9,156,28,30,17,231,0,0,0,231
08/11/2021,BDL,CT,ANE,EN,Towers with Radar,148,39,18,4,209,0,0,12,16,28,148,39,30,20,237,0,6,6,243
08/12/2021,BDL,CT,ANE,EN,Towers with Radar,161,41,23,2,227,0,0,10,8,18,161,41,33,10,245,2,0,2,247
08/13/2021,BDL,CT,ANE,EN,Towers with Radar,151,30,30,0,211,0,0,10,0,10,151,30,40,0,221,0,0,0,221
08/14/2021,BDL,CT,ANE,EN,Towers with Radar,115,27,8,0,150,0,0,1,0,1,115,27,9,0,151,0,0,0,151
08/15/2021,BDL,CT,ANE,EN,Towers with Radar,132,27,13,1,173,0,0,12,0,12,132,27,25,1,185,0,0,0,185
08/16/2021,BDL,CT,ANE,EN,Towers with Radar,149,35,25,5,214,0,0,15,1,16,149,35,40,6,230,14,0,14,244
08/17/2021,BDL,CT,ANE,EN,Towers with Radar,151,38,24,13,226,0,0,10,22,32,151,38,34,35,258,14,0,14,272
08/18/2021,BDL,CT,ANE,EN,Towers with Radar,146,33,18,10,207,0,0,6,25,31,146,33,24,35,238,2,6,8,246
08/19/2021,BDL,CT,ANE,EN,Towers with Radar,173,36,24,0,233,0,0,1,14,15,173,36,25,14,248,0,0,0,248
08/20/2021,BDL,CT,ANE,EN,Towers with Radar,162,35,16,1,214,0,1,4,1,6,162,36,20,2,220,0,0,0,220
08/21/2021,BDL,CT,ANE,EN,Towers with Radar,123,31,20,0,174,0,0,0,0,0,123,31,20,0,174,0,0,0,174
08/22/2021,BDL,CT,ANE,EN,Towers with Radar,53,12,5,0,70,0,0,1,0,1,53,12,6,0,71,0,0,0,71
08/23/2021,BDL,CT,ANE,EN,Towers with Radar,133,24,11,2,170,0,0,0,0,0,133,24,11,2,170,0,0,0,170
08/24/2021,BDL,CT,ANE,EN,Towers with Radar,158,34,26,5,223,0,0,18,18,36,158,34,44,23,259,22,0,22,281
08/25/2021,BDL,CT,ANE,EN,Towers with Radar,146,30,29,9,214,0,0,23,15,38,146,30,52,24,252,16,0,16,268
08/26/2021,BDL,CT,ANE,EN,Towers with Radar,168,32,31,1,232,0,0,10,9,19,168,32,41,10,251,0,0,0,251
08/27/2021,BDL,CT,ANE,EN,Towers with Radar,170,31,22,0,223,0,0,12,0,12,170,31,34,0,235,10,0,10,245
08/28/2021,BDL,CT,ANE,EN,Towers with Radar,129,24,20,0,173,0,0,11,0,11,129,24,31,0,184,0,0,0,184
08/29/2021,BDL,CT,ANE,EN,Towers with Radar,147,33,28,0,208,0,0,3,0,3,147,33,31,0,211,0,0,0,211
08/30/2021,BDL,CT,ANE,EN,Towers with Radar,152,28,38,6,224,0,0,5,2,7,152,28,43,8,231,14,0,14,245
08/31/2021,BDL,CT,ANE,EN,Towers with Radar,153,36,28,6,223,0,0,25,11,36,153,36,53,17,259,46,0,46,305
09/01/2021,BDL,CT,ANE,EN,Towers with Radar,143,37,42,1,223,0,0,3,0,3,143,37,45,1,226,0,0,0,226
09/02/2021,BDL,CT,ANE,EN,Towers with Radar,175,39,36,7,257,0,0,7,6,13,175,39,43,13,270,0,0,0,270
09/03/2021,BDL,CT,ANE,EN,Towers with Radar,163,32,23,1,219,0,0,18,0,18,163,32,41,1,237,0,0,0,237
09/04/2021,BDL,CT,ANE,EN,Towers with Radar,125,24,15,0,164,0,0,9,0,9,125,24,24,0,173,0,0,0,173
09/05/2021,BDL,CT,ANE,EN,Towers with Radar,124,30,17,0,171,0,0,6,0,6,124,30,23,0,177,0,0,0,177
09/06/2021,BDL,CT,ANE,EN,Towers with Radar,135,28,15,0,178,0,0,16,0,16,135,28,31,0,194,0,0,0,194
09/07/2021,BDL,CT,ANE,EN,Towers with Radar,129,26,19,1,175,0,2,35,5,42,129,28,54,6,217,0,0,0,217
09/08/2021,BDL,CT,ANE,EN,Towers with Radar,131,42,31,1,205,0,0,10,10,20,131,42,41,11,225,0,0,0,225
09/09/2021,BDL,CT,ANE,EN,Towers with Radar,162,49,25,3,239,0,0,3,2,5,162,49,28,5,244,0,5,5,249
09/10/2021,BDL,CT,ANE,EN,Towers with Radar,156,42,29,1,228,0,0,7,3,10,156,42,36,4,238,10,0,10,248
09/11/2021,BDL,CT,ANE,EN,Towers with Radar,120,37,19,4,180,0,2,17,12,31,120,39,36,16,211,0,0,0,211
09/12/2021,BDL,CT,ANE,EN,Towers with Radar,140,35,18,1,194,0,0,13,8,21,140,35,31,9,215,0,0,0,215
09/13/2021,BDL,CT,ANE,EN,Towers with Radar,148,38,34,2,222,0,0,11,1,12,148,38,45,3,234,9,0,9,243
09/14/2021,BDL,CT,ANE,EN,Towers with Radar,141,36,20,8,205,0,2,16,8,26,141,38,36,16,231,0,0,0,231
09/15/2021,BDL,CT,ANE,EN,Towers with Radar,133,39,30,3,205,0,0,4,4,8,133,39,34,7,213,2,0,2,215
09/16/2021,BDL,CT,ANE,EN,Towers with Radar,158,46,26,3,233,0,0,2,13,15,158,46,28,16,248,0,0,0,248
09/17/2021,BDL,CT,ANE,EN,Towers with Radar,153,46,30,2,231,0,0,8,0,8,153,46,38,2,239,0,0,0,239
09/18/2021,BDL,CT,ANE,EN,Towers with Radar,120,37,17,3,177,0,0,9,1,10,120,37,26,4,187,0,0,0,187
09/19/2021,BDL,CT,ANE,EN,Towers with Radar,136,42,33,2,213,0,0,22,1,23,136,42,55,3,236,8,0,8,244
09/20/2021,BDL,CT,ANE,EN,Towers with Radar,147,33,29,4,213,0,0,26,0,26,147,33,55,4,239,2,0,2,241
09/21/2021,BDL,CT,ANE,EN,Towers with Radar,132,36,27,2,197,0,0,21,6,27,132,36,48,8,224,0,0,0,224
09/22/2021,BDL,CT,ANE,EN,Towers with Radar,132,48,46,4,230,0,0,1,4,5,132,48,47,8,235,6,10,16,251
09/23/2021,BDL,CT,ANE,EN,Towers with Radar,154,45,34,3,236,0,0,7,3,10,154,45,41,6,246,0,0,0,246
09/24/2021,BDL,CT,ANE,EN,Towers with Radar,156,44,30,0,230,0,0,11,1,12,156,44,41,1,242,2,0,2,244
09/25/2021,BDL,CT,ANE,EN,Towers with Radar,121,49,12,0,182,0,1,10,0,11,121,50,22,0,193,2,0,2,195
09/26/2021,BDL,CT,ANE,EN,Towers with Radar,137,44,12,0,193,0,0,6,0,6,137,44,18,0,199,0,0,0,199
09/27/2021,BDL,CT,ANE,EN,Towers with Radar,145,37,26,0,208,0,0,16,0,16,145,37,42,0,224,0,0,0,224
09/28/2021,BDL,CT,ANE,EN,Towers with Radar,133,38,23,1,195,0,2,6,2,10,133,40,29,3,205,0,0,0,205
09/29/2021,BDL,CT,ANE,EN,Towers with Radar,132,36,28,6,202,0,0,19,5,24,132,36,47,11,226,0,0,0,226
09/30/2021,BDL,CT,ANE,EN,Towers with Radar,157,43,43,0,243,0,0,17,7,24,157,43,60,7,267,0,0,0,267
10/01/2021,BDL,CT,ANE,EN,Towers with Radar,151,44,29,1,225,0,0,15,0,15,151,44,44,1,240,12,0,12,252
10/02/2021,BDL,CT,ANE,EN,Towers with Radar,115,35,16,4,170,0,0,19,2,21,115,35,35,6,191,0,0,0,191
10/03/2021,BDL,CT,ANE,EN,Towers with Radar,143,43,17,0,203,0,1,8,0,9,143,44,25,0,212,0,0,0,212
10/04/2021,BDL,CT,ANE,EN,Towers with Radar,141,38,29,6,214,0,0,0,0,0,141,38,29,6,214,0,0,0,214
10/05/2021,BDL,CT,ANE,EN,Towers with Radar,140,35,43,20,238,0,0,2,0,2,140,35,45,20,240,0,0,0,240
10/06/2021,BDL,CT,ANE,EN,Towers with Radar,140,46,53,21,260,0,1,15,23,39,140,47,68,44,299,0,2,2,301
10/07/2021,BDL,CT,ANE,EN,Towers with Radar,164,34,30,3,231,0,1,7,15,23,164,35,37,18,254,0,0,0,254
10/08/2021,BDL,CT,ANE,EN,Towers with Radar,155,39,29,3,226,0,0,11,1,12,155,39,40,4,238,0,0,0,238
10/09/2021,BDL,CT,ANE,EN,Towers with Radar,128,21,18,0,167,0,0,4,0,4,128,21,22,0,171,0,0,0,171
10/10/2021,BDL,CT,ANE,EN,Towers with Radar,141,34,26,0,201,0,0,0,0,0,141,34,26,0,201,0,0,0,201
10/11/2021,BDL,CT,ANE,EN,Towers with Radar,146,28,42,0,216,0,0,13,0,13,146,28,55,0,229,0,0,0,229
10/12/2021,BDL,CT,ANE,EN,Towers with Radar,148,27,35,4,214,0,0,15,12,27,148,27,50,16,241,10,0,10,251
10/13/2021,BDL,CT,ANE,EN,Towers with Radar,155,40,31,8,234,0,0,4,16,20,155,40,35,24,254,0,0,0,254
10/14/2021,BDL,CT,ANE,EN,Towers with Radar,168,34,32,7,241,0,0,23,16,39,168,34,55,23,280,0,0,0,280
10/15/2021,BDL,CT,ANE,EN,Towers with Radar,160,34,19,6,219,0,0,11,3,14,160,34,30,9,233,0,0,0,233
10/16/2021,BDL,CT,ANE,EN,Towers with Radar,129,41,8,2,180,0,1,1,3,5,129,42,9,5,185,0,0,0,185
10/17/2021,BDL,CT,ANE,EN,Towers with Radar,142,33,15,0,190,0,0,8,0,8,142,33,23,0,198,0,0,0,198
10/18/2021,BDL,CT,ANE,EN,Towers with Radar,152,35,38,7,232,0,2,29,1,32,152,37,67,8,264,10,4,14,278
10/19/2021,BDL,CT,ANE,EN,Towers with Radar,147,38,34,2,221,0,2,20,7,29,147,40,54,9,250,16,0,16,266
10/20/2021,BDL,CT,ANE,EN,Towers with Radar,150,31,31,2,214,0,1,23,16,40,150,32,54,18,254,2,0,2,256
10/21/2021,BDL,CT,ANE,EN,Towers with Radar,171,34,42,0,247,0,0,35,2,37,171,34,77,2,284,0,0,0,284
10/22/2021,BDL,CT,ANE,EN,Towers with Radar,162,29,33,3,227,0,0,21,6,27,162,29,54,9,254,0,0,0,254
10/23/2021,BDL,CT,ANE,EN,Towers with Radar,128,29,17,5,179,0,1,8,13,22,128,30,25,18,201,0,0,0,201
10/24/2021,BDL,CT,ANE,EN,Towers with Radar,138,28,23,4,193,0,2,12,11,25,138,30,35,15,218,0,0,0,218
10/25/2021,BDL,CT,ANE,EN,Towers with Radar,155,45,30,0,230,0,0,1,0,1,155,45,31,0,231,0,0,0,231
10/26/2021,BDL,CT,ANE,EN,Towers with Radar,155,36,23,6,220,0,0,0,0,0,155,36,23,6,220,0,0,0,220
10/27/2021,BDL,CT,ANE,EN,Towers with Radar,152,31,22,2,207,0,0,2,9,11,152,31,24,11,218,0,0,0,218
10/28/2021,BDL,CT,ANE,EN,Towers with Radar,160,29,43,3,235,0,0,25,12,37,160,29,68,15,272,12,0,12,284
10/29/2021,BDL,CT,ANE,EN,Towers with Radar,160,30,19,0,209,0,0,3,2,5,160,30,22,2,214,0,0,0,214
10/30/2021,BDL,CT,ANE,EN,Towers with Radar,117,17,16,0,150,0,0,0,0,0,117,17,16,0,150,0,0,0,150
10/31/2021,BDL,CT,ANE,EN,Towers with Radar,108,25,20,0,153,0,0,7,0,7,108,25,27,0,160,0,0,0,160
11/01/2021,BDL,CT,ANE,EN,Towers with Radar,138,31,29,2,200,0,0,14,5,19,138,31,43,7,219,0,0,0,219
11/02/2021,BDL,CT,ANE,EN,Towers with Radar,135,25,34,2,196,0,0,18,14,32,135,25,52,16,228,0,0,0,228
11/03/2021,BDL,CT,ANE,EN,Towers with Radar,145,29,46,6,226,0,0,33,12,45,145,29,79,18,271,18,0,18,289
11/04/2021,BDL,CT,ANE,EN,Towers with Radar,160,26,37,6,229,0,0,16,13,29,160,26,53,19,258,0,0,0,258
11/05/2021,BDL,CT,ANE,EN,Towers with Radar,149,28,26,2,205,0,0,10,1,11,149,28,36,3,216,0,0,0,216
11/06/2021,BDL,CT,ANE,EN,Towers with Radar,114,24,15,1,154,0,0,10,9,19,114,24,25,10,173,6,0,6,179
11/07/2021,BDL,CT,ANE,EN,Towers with Radar,144,24,15,5,188,0,0,7,1,8,144,24,22,6,196,38,0,38,234
11/08/2021,BDL,CT,ANE,EN,Towers with Radar,136,32,20,3,191,0,3,3,3,9,136,35,23,6,200,18,4,22,222
11/09/2021,BDL,CT,ANE,EN,Towers with Radar,129,24,39,1,193,0,0,21,22,43,129,24,60,23,236,0,0,0,236
11/10/2021,BDL,CT,ANE,EN,Towers with Radar,133,27,43,4,207,0,0,27,14,41,133,27,70,18,248,10,8,18,266
11/11/2021,BDL,CT,ANE,EN,Towers with Radar,158,33,32,0,223,0,2,24,1,27,158,35,56,1,250,8,0,8,258
11/12/2021,BDL,CT,ANE,EN,Towers with Radar,151,32,35,0,218,0,0,1,0,1,151,32,36,0,219,0,0,0,219
11/13/2021,BDL,CT,ANE,EN,Towers with Radar,129,25,18,0,172,0,0,3,0,3,129,25,21,0,175,0,0,0,175
11/14/2021,BDL,CT,ANE,EN,Towers with Radar,142,22,22,0,186,0,0,8,2,10,142,22,30,2,196,0,0,0,196
11/15/2021,BDL,CT,ANE,EN,Towers with Radar,147,22,30,2,201,0,0,2,3,5,147,22,32,5,206,16,0,16,222
11/16/2021,BDL,CT,ANE,EN,Towers with Radar,133,27,28,5,193,0,1,13,16,30,133,28,41,21,223,0,0,0,223
11/17/2021,BDL,CT,ANE,EN,Towers with Radar,144,31,27,4,206,0,0,23,13,36,144,31,50,17,242,0,0,0,242
11/18/2021,BDL,CT,ANE,EN,Towers with Radar,170,28,31,5,234,0,0,14,6,20,170,28,45,11,254,0,0,0,254
11/19/2021,BDL,CT,ANE,EN,Towers with Radar,162,32,22,4,220,0,0,6,7,13,162,32,28,11,233,0,0,0,233
11/20/2021,BDL,CT,ANE,EN,Towers with Radar,134,36,16,4,190,0,0,6,13,19,134,36,22,17,209,0,0,0,209
11/21/2021,BDL,CT,ANE,EN,Towers with Radar,155,26,23,6,210,0,0,9,9,18,155,26,32,15,228,0,0,0,228
11/22/2021,BDL,CT,ANE,EN,Towers with Radar,146,22,20,4,192,0,0,6,6,12,146,22,26,10,204,0,0,0,204
11/23/2021,BDL,CT,ANE,EN,Towers with Radar,164,32,19,1,216,0,1,13,22,36,164,33,32,23,252,0,0,0,252
11/24/2021,BDL,CT,ANE,EN,Towers with Radar,168,27,22,2,219,0,2,14,4,20,168,29,36,6,239,0,0,0,239
11/25/2021,BDL,CT,ANE,EN,Towers with Radar,80,14,2,0,96,0,0,3,0,3,80,14,5,0,99,0,0,0,99
11/26/2021,BDL,CT,ANE,EN,Towers with Radar,117,17,8,0,142,0,0,0,0,0,117,17,8,0,142,0,0,0,142
11/27/2021,BDL,CT,ANE,EN,Towers with Radar,147,23,6,0,176,0,2,4,0,6,147,25,10,0,182,0,0,0,182
11/28/2021,BDL,CT,ANE,EN,Towers with Radar,152,24,20,0,196,0,0,8,0,8,152,24,28,0,204,0,0,0,204
11/29/2021,BDL,CT,ANE,EN,Towers with Radar,153,33,31,2,219,0,2,9,3,14,153,35,40,5,233,0,0,0,233
11/30/2021,BDL,CT,ANE,EN,Towers with Radar,158,22,25,5,210,0,0,20,7,27,158,22,45,12,237,10,4,14,251
12/01/2021,BDL,CT,ANE,EN,Towers with Radar,153,27,50,4,234,0,0,25,19,44,153,27,75,23,278,4,0,4,282
12/02/2021,BDL,CT,ANE,EN,Towers with Radar,161,26,17,3,207,0,0,5,4,9,161,26,22,7,216,0,0,0,216
12/03/2021,BDL,CT,ANE,EN,Towers with Radar,164,25,23,1,213,0,0,4,3,7,164,25,27,4,220,0,0,0,220
12/04/2021,BDL,CT,ANE,EN,Towers with Radar,120,21,15,2,158,0,1,12,4,17,120,22,27,6,175,4,15,19,194
12/05/2021,BDL,CT,ANE,EN,Towers with Radar,144,27,25,2,198,0,1,14,0,15,144,28,39,2,213,0,0,0,213
12/06/2021,BDL,CT,ANE,EN,Towers with Radar,151,28,25,8,212,0,0,2,0,2,151,28,27,8,214,0,0,0,214
12/07/2021,BDL,CT,ANE,EN,Towers with Radar,137,24,32,6,199,0,0,31,10,41,137,24,63,16,240,0,0,0,240
12/08/2021,BDL,CT,ANE,EN,Towers with Radar,138,25,45,5,213,0,0,4,7,11,138,25,49,12,224,0,0,0,224
12/09/2021,BDL,CT,ANE,EN,Towers with Radar,164,31,45,7,247,0,0,16,9,25,164,31,61,16,272,2,2,4,276
12/10/2021,BDL,CT,ANE,EN,Towers with Radar,157,35,24,2,218,0,0,10,4,14,157,35,34,6,232,2,0,2,234
12/11/2021,BDL,CT,ANE,EN,Towers with Radar,123,32,5,1,161,0,0,0,0,0,123,32,5,1,161,0,0,0,161
12/12/2021,BDL,CT,ANE,EN,Towers with Radar,138,15,15,0,168,0,0,6,0,6,138,15,21,0,174,0,0,0,174
12/13/2021,BDL,CT,ANE,EN,Towers with Radar,144,25,34,2,205,0,0,22,3,25,144,25,56,5,230,8,10,18,248
12/14/2021,BDL,CT,ANE,EN,Towers with Radar,136,24,31,10,201,0,0,32,14,46,136,24,63,24,247,2,0,2,249
12/15/2021,BDL,CT,ANE,EN,Towers with Radar,142,43,27,6,218,0,0,19,11,30,142,43,46,17,248,0,18,18,266
12/16/2021,BDL,CT,ANE,EN,Towers with Radar,161,28,32,2,223,0,0,12,16,28,161,28,44,18,251,2,0,2,253
12/17/2021,BDL,CT,ANE,EN,Towers with Radar,162,21,29,1,213,0,0,11,0,11,162,21,40,1,224,11,0,11,235
12/18/2021,BDL,CT,ANE,EN,Towers with Radar,146,31,5,0,182,0,0,0,0,0,146,31,5,0,182,0,0,0,182
12/19/2021,BDL,CT,ANE,EN,Towers with Radar,134,24,22,0,180,0,0,2,0,2,134,24,24,0,182,0,0,0,182
12/20/2021,BDL,CT,ANE,EN,Towers with Radar,149,22,27,2,200,0,0,21,4,25,149,22,48,6,225,0,0,0,225
12/21/2021,BDL,CT,ANE,EN,Towers with Radar,160,25,28,10,223,0,2,16,9,27,160,27,44,19,250,14,0,14,264
12/22/2021,BDL,CT,ANE,EN,Towers with Radar,171,24,21,2,218,0,2,4,4,10,171,26,25,6,228,0,0,0,228
12/23/2021,BDL,CT,ANE,EN,Towers with Radar,164,29,19,2,214,0,0,10,2,12,164,29,29,4,226,0,0,0,226
12/24/2021,BDL,CT,ANE,EN,Towers with Radar,122,21,2,0,145,0,0,0,0,0,122,21,2,0,145,0,0,0,145
12/25/2021,BDL,CT,ANE,EN,Towers with Radar,92,18,6,0,116,0,0,0,0,0,92,18,6,0,116,0,0,0,116
12/26/2021,BDL,CT,ANE,EN,Towers with Radar,121,25,13,0,159,0,0,6,0,6,121,25,19,0,165,0,0,0,165
12/27/2021,BDL,CT,ANE,EN,Towers with Radar,141,27,27,0,195,0,0,9,0,9,141,27,36,0,204,2,0,2,206
12/28/2021,BDL,CT,ANE,EN,Towers with Radar,158,24,30,0,212,0,0,1,2,3,158,24,31,2,215,0,0,0,215
12/29/2021,BDL,CT,ANE,EN,Towers with Radar,155,22,9,2,188,0,0,0,0,0,155,22,9,2,188,0,0,0,188
12/30/2021,BDL,CT,ANE,EN,Towers with Radar,148,30,20,2,200,0,0,0,0,0,148,30,20,2,200,0,0,0,200
12/31/2021,BDL,CT,ANE,EN,Towers with Radar,111,31,16,0,158,0,0,0,0,0,111,31,16,0,158,0,0,0,158
01/01/2022,BDL,CT,ANE,EN,Towers with Radar,81,20,16,0,117,0,0,0,0,0,81,20,16,0,117,0,0,0,117
01/02/2022,BDL,CT,ANE,EN,Towers with Radar,113,19,29,0,161,0,0,0,0,0,113,19,29,0,161,0,0,0,161
01/03/2022,BDL,CT,ANE,EN,Towers with Radar,121,27,17,2,167,0,0,5,0,5,121,27,22,2,172,0,0,0,172
01/04/2022,BDL,CT,ANE,EN,Towers with Radar,123,28,16,10,177,0,0,10,8,18,123,28,26,18,195,0,18,18,213
01/05/2022,BDL,CT,ANE,EN,Towers with Radar,138,21,13,3,175,0,0,0,1,1,138,21,13,4,176,0,2,2,178
01/06/2022,BDL,CT,ANE,EN,Towers with Radar,146,26,21,11,204,0,0,16,19,35,146,26,37,30,239,18,2,20,259
01/07/2022,BDL,CT,ANE,EN,Towers with Radar,132,11,9,0,152,0,0,0,0,0,132,11,9,0,152,0,0,0,152
01/08/2022,BDL,CT,ANE,EN,Towers with Radar,110,15,20,0,145,0,0,10,2,12,110,15,30,2,157,0,0,0,157
01/09/2022,BDL,CT,ANE,EN,Towers with Radar,140,16,10,0,166,0,0,0,0,0,140,16,10,0,166,0,0,0,166
01/10/2022,BDL,CT,ANE,EN,Towers with Radar,143,15,23,3,184,0,0,13,2,15,143,15,36,5,199,6,0,6,205
01/11/2022,BDL,CT,ANE,EN,Towers with Radar,134,19,15,3,171,0,0,17,18,35,134,19,32,21,206,0,8,8,214
01/12/2022,BDL,CT,ANE,EN,Towers with Radar,141,14,15,12,182,0,0,17,13,30,141,14,32,25,212,12,0,12,224
01/13/2022,BDL,CT,ANE,EN,Towers with Radar,154,25,42,5,226,0,0,30,12,42,154,25,72,17,268,4,0,4,272
01/14/2022,BDL,CT,ANE,EN,Towers with Radar,153,23,20,0,196,0,0,5,1,6,153,23,25,1,202,0,0,0,202
01/15/2022,BDL,CT,ANE,EN,Towers with Radar,117,16,13,0,146,0,1,4,0,5,117,17,17,0,151,0,0,0,151
01/16/2022,BDL,CT,ANE,EN,Towers with Radar,100,13,19,0,132,0,0,11,2,13,100,13,30,2,145,0,0,0,145
01/17/2022,BDL,CT,ANE,EN,Towers with Radar,129,15,16,0,160,0,0,0,0,0,129,15,16,0,160,0,0,0,160
01/18/2022,BDL,CT,ANE,EN,Towers with Radar,141,13,18,5,177,0,0,2,7,9,141,13,20,12,186,0,0,0,186
01/19/2022,BDL,CT,ANE,EN,Towers with Radar,137,24,40,15,216,0,0,5,13,18,137,24,45,28,234,12,0,12,246
01/20/2022,BDL,CT,ANE,EN,Towers with Radar,157,25,23,4,209,0,0,6,13,19,157,25,29,17,228,0,0,0,228
01/21/2022,BDL,CT,ANE,EN,Towers with Radar,152,20,33,0,205,0,0,31,0,31,152,20,64,0,236,10,0,10,246
01/22/2022,BDL,CT,ANE,EN,Towers with Radar,112,11,10,0,133,0,0,13,0,13,112,11,23,0,146,0,0,0,146
01/23/2022,BDL,CT,ANE,EN,Towers with Radar,141,17,28,0,186,0,0,14,0,14,141,17,42,0,200,0,0,0,200
01/24/2022,BDL,CT,ANE,EN,Towers with Radar,143,14,15,3,175,0,0,9,4,13,143,14,24,7,188,0,0,0,188
01/25/2022,BDL,CT,ANE,EN,Towers with Radar,132,25,25,13,195,1,1,9,8,19,133,26,34,21,214,0,0,0,214
01/26/2022,BDL,CT,ANE,EN,Towers with Radar,134,21,34,3,192,0,1,19,12,32,134,22,53,15,224,8,0,8,232
01/27/2022,BDL,CT,ANE,EN,Towers with Radar,148,12,35,0,195,0,0,16,6,22,148,12,51,6,217,0,0,0,217
01/28/2022,BDL,CT,ANE,EN,Towers with Radar,132,20,16,0,168,0,0,2,2,4,132,20,18,2,172,0,0,0,172
01/29/2022,BDL,CT,ANE,EN,Towers with Radar,2,0,0,0,2,0,0,0,0,0,2,0,0,0,2,0,0,0,2
01/30/2022,BDL,CT,ANE,EN,Towers with Radar,85,25,30,1,141,0,0,17,13,30,85,25,47,14,171,0,0,0,171
01/31/2022,BDL,CT,ANE,EN,Towers with Radar,133,16,23,2,174,0,0,17,4,21,133,16,40,6,195,4,0,4,199
02/01/2022,BDL,CT,ANE,EN,Towers with Radar,133,23,32,10,198,0,0,15,12,27,133,23,47,22,225,0,8,8,233
02/02/2022,BDL,CT,ANE,EN,Towers with Radar,124,23,31,6,184,0,0,4,8,12,124,23,35,14,196,0,8,8,204
02/03/2022,BDL,CT,ANE,EN,Towers with Radar,140,30,17,0,187,0,0,0,0,0,140,30,17,0,187,0,0,0,187
02/04/2022,BDL,CT,ANE,EN,Towers with Radar,98,4,6,0,108,0,0,0,0,0,98,4,6,0,108,0,0,0,108
02/05/2022,BDL,CT,ANE,EN,Towers with Radar,112,31,10,0,153,0,2,1,0,3,112,33,11,0,156,0,0,0,156
02/06/2022,BDL,CT,ANE,EN,Towers with Radar,140,17,19,0,176,0,0,8,0,8,140,17,27,0,184,0,0,0,184
02/07/2022,BDL,CT,ANE,EN,Towers with Radar,148,21,20,3,192,0,0,0,0,0,148,21,20,3,192,0,0,0,192
02/08/2022,BDL,CT,ANE,EN,Towers with Radar,140,21,25,17,203,0,0,6,14,20,140,21,31,31,223,0,0,0,223
02/09/2022,BDL,CT,ANE,EN,Towers with Radar,135,26,20,9,190,0,0,20,18,38,135,26,40,27,228,0,0,0,228
02/10/2022,BDL,CT,ANE,EN,Towers with Radar,159,30,24,6,219,0,0,9,13,22,159,30,33,19,241,4,0,4,245
02/11/2022,BDL,CT,ANE,EN,Towers with Radar,154,24,18,0,196,0,0,6,0,6,154,24,24,0,202,0,0,0,202
02/12/2022,BDL,CT,ANE,EN,Towers with Radar,128,11,10,0,149,0,0,6,0,6,128,11,16,0,155,0,0,0,155
02/13/2022,BDL,CT,ANE,EN,Towers with Radar,129,12,14,1,156,0,0,0,0,0,129,12,14,1,156,0,0,0,156
02/14/2022,BDL,CT,ANE,EN,Towers with Radar,157,18,25,3,203,0,0,7,3,10,157,18,32,6,213,0,0,0,213
02/15/2022,BDL,CT,ANE,EN,Towers with Radar,139,17,19,17,192,0,0,11,7,18,139,17,30,24,210,0,0,0,210
02/16/2022,BDL,CT,ANE,EN,Towers with Radar,156,14,23,2,195,0,0,6,36,42,156,14,29,38,237,0,0,0,237
02/17/2022,BDL,CT,ANE,EN,Towers with Radar,171,19,18,1,209,0,0,0,0,0,171,19,18,1,209,0,0,0,209
02/18/2022,BDL,CT,ANE,EN,Towers with Radar,176,23,28,1,228,0,0,4,0,4,176,23,32,1,232,0,0,0,232
02/19/2022,BDL,CT,ANE,EN,Towers with Radar,161,15,11,1,188,0,0,0,0,0,161,15,11,1,188,0,0,0,188
02/20/2022,BDL,CT,ANE,EN,Towers with Radar,147,11,24,2,184,0,0,25,0,25,147,11,49,2,209,6,0,6,215
02/21/2022,BDL,CT,ANE,EN,Towers with Radar,169,23,28,0,220,0,1,16,0,17,169,24,44,0,237,20,0,20,257
02/22/2022,BDL,CT,ANE,EN,Towers with Radar,168,22,19,2,211,0,0,0,0,0,168,22,19,2,211,2,0,2,213
02/23/2022,BDL,CT,ANE,EN,Towers with Radar,171,16,21,3,211,0,1,3,22,26,171,17,24,25,237,0,0,0,237
02/24/2022,BDL,CT,ANE,EN,Towers with Radar,157,30,35,2,224,0,1,31,19,51,157,31,66,21,275,18,0,18,293
02/25/2022,BDL,CT,ANE,EN,Towers with Radar,93,12,18,0,123,0,0,0,0,0,93,12,18,0,123,0,0,0,123
02/26/2022,BDL,CT,ANE,EN,Towers with Radar,151,19,15,0,185,0,0,11,7,18,151,19,26,7,203,0,0,0,203
02/27/2022,BDL,CT,ANE,EN,Towers with Radar,162,19,21,4,206,0,0,2,6,8,162,19,23,10,214,0,0,0,214
02/28/2022,BDL,CT,ANE,EN,Towers with Radar,171,18,31,0,220,0,0,12,5,17,171,18,43,5,237,0,0,0,237
03/01/2022,BDL,CT,ANE,EN,Towers with Radar,158,14,34,11,217,0,0,8,13,21,158,14,42,24,238,0,0,0,238
03/02/2022,BDL,CT,ANE,EN,Towers with Radar,163,20,45,7,235,0,0,14,15,29,163,20,59,22,264,0,0,0,264
03/03/2022,BDL,CT,ANE,EN,Towers with Radar,179,21,26,2,228,0,0,12,8,20,179,21,38,10,248,22,0,22,270
03/04/2022,BDL,CT,ANE,EN,Towers with Radar,165,19,20,2,206,0,0,13,3,16,165,19,33,5,222,4,0,4,226
03/05/2022,BDL,CT,ANE,EN,Towers with Radar,126,22,22,1,171,0,0,13,4,17,126,22,35,5,188,0,2,2,190
03/06/2022,BDL,CT,ANE,EN,Towers with Radar,149,23,22,2,196,0,0,1,0,1,149,23,23,2,197,0,0,0,197
03/07/2022,BDL,CT,ANE,EN,Towers with Radar,158,28,33,2,221,0,0,8,1,9,158,28,41,3,230,0,0,0,230
03/08/2022,BDL,CT,ANE,EN,Towers with Radar,150,26,48,7,231,0,0,10,5,15,150,26,58,12,246,0,0,0,246
03/09/2022,BDL,CT,ANE,EN,Towers with Radar,146,28,34,1,209,0,0,0,0,0,146,28,34,1,209,0,0,0,209
03/10/2022,BDL,CT,ANE,EN,Towers with Radar,172,30,29,2,233,0,1,19,13,33,172,31,48,15,266,0,0,0,266
03/11/2022,BDL,CT,ANE,EN,Towers with Radar,157,29,33,1,220,0,0,15,0,15,157,29,48,1,235,7,0,7,242
03/12/2022,BDL,CT,ANE,EN,Towers with Radar,114,18,12,0,144,0,0,0,0,0,114,18,12,0,144,0,0,0,144
03/13/2022,BDL,CT,ANE,EN,Towers with Radar,142,21,21,1,185,1,0,7,0,8,143,21,28,1,193,0,0,0,193
03/14/2022,BDL,CT,ANE,EN,Towers with Radar,156,20,21,0,197,0,0,15,4,19,156,20,36,4,216,0,0,0,216
03/15/2022,BDL,CT,ANE,EN,Towers with Radar,151,21,29,7,208,0,0,17,13,30,151,21,46,20,238,2,0,2,240
03/16/2022,BDL,CT,ANE,EN,Towers with Radar,151,25,37,12,225,0,0,20,19,39,151,25,57,31,264,0,6,6,270
03/17/2022,BDL,CT,ANE,EN,Towers with Radar,169,29,32,4,234,0,0,0,0,0,169,29,32,4,234,0,0,0,234
03/18/2022,BDL,CT,ANE,EN,Towers with Radar,157,24,23,1,205,0,0,7,13,20,157,24,30,14,225,0,0,0,225
03/19/2022,BDL,CT,ANE,EN,Towers with Radar,141,31,25,0,197,0,0,0,0,0,141,31,25,0,197,0,0,0,197
03/20/2022,BDL,CT,ANE,EN,Towers with Radar,154,22,32,6,214,0,0,7,7,14,154,22,39,13,228,0,0,0,228
03/21/2022,BDL,CT,ANE,EN,Towers with Radar,153,28,27,11,219,0,0,5,1,6,153,28,32,12,225,0,0,0,225
03/22/2022,BDL,CT,ANE,EN,Towers with Radar,157,20,32,6,215,0,0,11,7,18,157,20,43,13,233,0,0,0,233
03/23/2022,BDL,CT,ANE,EN,Towers with Radar,148,27,30,3,208,0,0,22,16,38,148,27,52,19,246,0,0,0,246
03/24/2022,BDL,CT,ANE,EN,Towers with Radar,174,21,23,0,218,0,0,0,0,0,174,21,23,0,218,0,0,0,218
03/25/2022,BDL,CT,ANE,EN,Towers with Radar,161,23,30,7,221,0,0,10,11,21,161,23,40,18,242,0,0,0,242
03/26/2022,BDL,CT,ANE,EN,Towers with Radar,138,20,16,2,176,0,0,6,11,17,138,20,22,13,193,0,0,0,193
03/27/2022,BDL,CT,ANE,EN,Towers with Radar,146,28,17,2,193,0,0,1,4,5,146,28,18,6,198,0,0,0,198
03/28/2022,BDL,CT,ANE,EN,Towers with Radar,151,19,22,2,194,0,0,2,2,4,151,19,24,4,198,0,0,0,198
03/29/2022,BDL,CT,ANE,EN,Towers with Radar,152,23,20,4,199,0,1,15,12,28,152,24,35,16,227,6,0,6,233
03/30/2022,BDL,CT,ANE,EN,Towers with Radar,149,30,30,9,218,0,1,24,19,44,149,31,54,28,262,0,0,0,262
03/31/2022,BDL,CT,ANE,EN,Towers with Radar,152,43,25,0,220,0,0,0,0,0,152,43,25,0,220,0,0,0,220
04/01/2022,BDL,CT,ANE,EN,Towers with Radar,145,33,18,2,198,0,0,7,0,7,145,33,25,2,205,0,0,0,205
04/02/2022,BDL,CT,ANE,EN,Towers with Radar,118,22,19,0,159,0,0,12,2,14,118,22,31,2,173,8,0,8,181
04/03/2022,BDL,CT,ANE,EN,Towers with Radar,116,19,20,1,156,0,0,3,0,3,116,19,23,1,159,0,0,0,159
04/04/2022,BDL,CT,ANE,EN,Towers with Radar,135,24,27,4,190,0,0,18,3,21,135,24,45,7,211,0,0,0,211
04/05/2022,BDL,CT,ANE,EN,Towers with Radar,172,18,44,7,241,0,1,22,10,33,172,19,66,17,274,5,0,5,279
04/06/2022,BDL,CT,ANE,EN,Towers with Radar,175,30,33,11,249,0,0,0,3,3,175,30,33,14,252,0,0,0,252
04/07/2022,BDL,CT,ANE,EN,Towers with Radar,168,37,39,4,248,0,0,1,1,2,168,37,40,5,250,0,0,0,250
04/08/2022,BDL,CT,ANE,EN,Towers with Radar,164,38,44,0,246,0,0,8,2,10,164,38,52,2,256,0,0,0,256
04/09/2022,BDL,CT,ANE,EN,Towers with Radar,136,24,17,0,177,0,0,5,0,5,136,24,22,0,182,0,0,0,182
04/10/2022,BDL,CT,ANE,EN,Towers with Radar,154,18,19,0,191,0,0,4,0,4,154,18,23,0,195,0,0,0,195
04/11/2022,BDL,CT,ANE,EN,Towers with Radar,164,28,34,2,228,0,0,21,7,28,164,28,55,9,256,0,6,6,262
04/12/2022,BDL,CT,ANE,EN,Towers with Radar,171,18,30,4,223,0,0,8,6,14,171,18,38,10,237,0,0,0,237
04/13/2022,BDL,CT,ANE,EN,Towers with Radar,178,21,31,7,237,0,0,23,11,34,178,21,54,18,271,0,0,0,271
04/14/2022,BDL,CT,ANE,EN,Towers with Radar,170,28,22,5,225,0,0,7,4,11,170,28,29,9,236,0,0,0,236
04/15/2022,BDL,CT,ANE,EN,Towers with Radar,169,22,23,4,218,0,0,14,0,14,169,22,37,4,232,4,0,4,236
04/16/2022,BDL,CT,ANE,EN,Towers with Radar,146,28,9,0,183,0,1,0,0,1,146,29,9,0,184,0,0,0,184
04/17/2022,BDL,CT,ANE,EN,Towers with Radar,157,16,12,0,185,0,0,6,0,6,157,16,18,0,191,0,0,0,191
04/18/2022,BDL,CT,ANE,EN,Towers with Radar,163,27,18,0,208,0,0,9,2,11,163,27,27,2,219,0,0,0,219
04/19/2022,BDL,CT,ANE,EN,Towers with Radar,180,22,20,7,229,0,0,6,5,11,180,22,26,12,240,0,0,0,240
04/20/2022,BDL,CT,ANE,EN,Towers with Radar,171,26,19,9,225,0,0,12,20,32,171,26,31,29,257,0,0,0,257
04/21/2022,BDL,CT,ANE,EN,Towers with Radar,179,46,19,4,248,0,0,14,9,23,179,46,33,13,271,0,0,0,271
04/22/2022,BDL,CT,ANE,EN,Towers with Radar,162,30,28,3,223,0,2,17,15,34,162,32,45,18,257,6,0,6,263
04/23/2022,BDL,CT,ANE,EN,Towers with Radar,143,17,21,3,184,0,3,23,18,44,143,20,44,21,228,16,0,16,244
04/24/2022,BDL,CT,ANE,EN,Towers with Radar,145,13,32,2,192,0,0,14,3,17,145,13,46,5,209,0,0,0,209
04/25/2022,BDL,CT,ANE,EN,Towers with Radar,158,22,26,2,208,0,0,16,2,18,158,22,42,4,226,0,0,0,226
04/26/2022,BDL,CT,ANE,EN,Towers with Radar,173,49,33,12,267,0,0,3,0,3,173,49,36,12,270,0,0,0,270
04/27/2022,BDL,CT,ANE,EN,Towers with Radar,169,31,25,5,230,0,0,8,11,19,169,31,33,16,249,10,0,10,259
04/28/2022,BDL,CT,ANE,EN,Towers with Radar,171,25,16,5,217,0,0,7,14,21,171,25,23,19,238,0,0,0,238
04/29/2022,BDL,CT,ANE,EN,Towers with Radar,169,19,25,0,213,0,0,2,1,3,169,19,27,1,216,0,0,0,216
04/30/2022,BDL,CT,ANE,EN,Towers with Radar,150,21,20,2,193,0,0,12,0,12,150,21,32,2,205,0,0,0,205
05/01/2022,BDL,CT,ANE,EN,Towers with Radar,147,21,24,2,194,0,1,12,0,13,147,22,36,2,207,0,0,0,207
05/02/2022,BDL,CT,ANE,EN,Towers with Radar,153,16,23,2,194,0,0,11,2,13,153,16,34,4,207,0,0,0,207
05/03/2022,BDL,CT,ANE,EN,Towers with Radar,166,18,45,8,237,0,0,5,2,7,166,18,50,10,244,0,0,0,244
05/04/2022,BDL,CT,ANE,EN,Towers with Radar,157,23,25,12,217,0,0,0,0,0,157,23,25,12,217,0,0,0,217
05/05/2022,BDL,CT,ANE,EN,Towers with Radar,161,40,33,4,238,0,0,22,18,40,161,40,55,22,278,0,0,0,278
05/06/2022,BDL,CT,ANE,EN,Towers with Radar,162,21,25,0,208,0,0,9,2,11,162,21,34,2,219,0,0,0,219
05/07/2022,BDL,CT,ANE,EN,Towers with Radar,133,18,14,0,165,0,0,1,0,1,133,18,15,0,166,0,0,0,166
05/08/2022,BDL,CT,ANE,EN,Towers with Radar,146,14,18,0,178,0,0,4,0,4,146,14,22,0,182,0,0,0,182
05/09/2022,BDL,CT,ANE,EN,Towers with Radar,149,25,33,2,209,0,1,7,2,10,149,26,40,4,219,0,0,0,219
05/10/2022,BDL,CT,ANE,EN,Towers with Radar,158,30,26,4,218,0,0,4,10,14,158,30,30,14,232,0,0,0,232
05/11/2022,BDL,CT,ANE,EN,Towers with Radar,155,19,23,2,199,0,0,15,13,28,155,19,38,15,227,0,0,0,227
05/12/2022,BDL,CT,ANE,EN,Towers with Radar,171,31,27,4,233,0,0,6,12,18,171,31,33,16,251,0,0,0,251
05/13/2022,BDL,CT,ANE,EN,Towers with Radar,162,28,13,2,205,0,0,3,0,3,162,28,16,2,208,0,0,0,208
05/14/2022,BDL,CT,ANE,EN,Towers with Radar,129,16,27,0,172,0,0,1,3,4,129,16,28,3,176,2,0,2,178
05/15/2022,BDL,CT,ANE,EN,Towers with Radar,149,16,37,0,202,0,0,2,0,2,149,16,39,0,204,0,0,0,204
05/16/2022,BDL,CT,ANE,EN,Towers with Radar,152,14,28,1,195,0,0,2,1,3,152,14,30,2,198,0,0,0,198
05/17/2022,BDL,CT,ANE,EN,Towers with Radar,161,30,21,10,222,0,0,4,5,9,161,30,25,15,231,1,0,1,232
05/18/2022,BDL,CT,ANE,EN,Towers with Radar,153,23,29,5,210,0,0,17,18,35,153,23,46,23,245,0,0,0,245
05/19/2022,BDL,CT,ANE,EN,Towers with Radar,162,18,40,0,220,0,0,2,4,6,162,18,42,4,226,0,0,0,226
05/20/2022,BDL,CT,ANE,EN,Towers with Radar,166,27,28,3,224,0,0,8,5,13,166,27,36,8,237,0,0,0,237
05/21/2022,BDL,CT,ANE,EN,Towers with Radar,126,12,15,4,157,0,0,7,8,15,126,12,22,12,172,11,0,11,183
05/22/2022,BDL,CT,ANE,EN,Towers with Radar,134,12,13,1,160,0,0,1,7,8,134,12,14,8,168,0,0,0,168
05/23/2022,BDL,CT,ANE,EN,Towers with Radar,154,24,29,2,209,0,0,18,0,18,154,24,47,2,227,6,0,6,233
05/24/2022,BDL,CT,ANE,EN,Towers with Radar,157,16,27,6,206,0,1,20,13,34,157,17,47,19,240,2,0,2,242
05/25/2022,BDL,CT,ANE,EN,Towers with Radar,153,14,24,10,201,0,2,12,18,32,153,16,36,28,233,0,0,0,233
05/26/2022,BDL,CT,ANE,EN,Towers with Radar,163,35,32,2,232,0,1,10,14,25,163,36,42,16,257,0,0,0,257
05/27/2022,BDL,CT,ANE,EN,Towers with Radar,145,35,27,0,207,0,0,0,0,0,145,35,27,0,207,0,0,0,207
05/28/2022,BDL,CT,ANE,EN,Towers with Radar,119,27,12,0,158,0,0,0,0,0,119,27,12,0,158,0,0,0,158
05/29/2022,BDL,CT,ANE,EN,Towers with Radar,129,25,11,0,165,0,0,5,0,5,129,25,16,0,170,0,0,0,170
05/30/2022,BDL,CT,ANE,EN,Towers with Radar,131,30,24,0,185,0,0,19,10,29,131,30,43,10,214,0,0,0,214
05/31/2022,BDL,CT,ANE,EN,Towers with Radar,138,37,25,3,203,0,1,12,7,20,138,38,37,10,223,0,0,0,223
06/01/2022,BDL,CT,ANE,EN,Towers with Radar,141,18,24,5,188,0,0,8,5,13,141,18,32,10,201,4,0,4,205
06/02/2022,BDL,CT,ANE,EN,Towers with Radar,157,40,32,14,243,0,0,2,8,10,157,40,34,22,253,0,0,0,253
06/03/2022,BDL,CT,ANE,EN,Towers with Radar,148,35,21,4,208,0,0,5,2,7,148,35,26,6,215,0,0,0,215
06/04/2022,BDL,CT,ANE,EN,Towers with Radar,127,20,13,1,161,0,0,11,1,12,127,20,24,2,173,6,0,6,179
06/05/2022,BDL,CT,ANE,EN,Towers with Radar,127,34,17,2,180,0,1,11,1,13,127,35,28,3,193,0,0,0,193
06/06/2022,BDL,CT,ANE,EN,Towers with Radar,138,29,27,1,195,0,2,15,3,20,138,31,42,4,215,0,0,0,215
06/07/2022,BDL,CT,ANE,EN,Towers with Radar,142,27,18,6,193,0,1,15,15,31,142,28,33,21,224,0,0,0,224
06/08/2022,BDL,CT,ANE,EN,Towers with Radar,147,31,22,9,209,0,0,20,11,31,147,31,42,20,240,3,0,3,243
06/09/2022,BDL,CT,ANE,EN,Towers with Radar,151,33,41,5,230,0,0,7,3,10,151,33,48,8,240,20,0,20,260
06/10/2022,BDL,CT,ANE,EN,Towers with Radar,145,34,42,0,221,0,2,29,2,33,145,36,71,2,254,0,0,0,254
06/11/2022,BDL,CT,ANE,EN,Towers with Radar,123,34,14,2,173,0,0,15,2,17,123,34,29,4,190,0,0,0,190
06/12/2022,BDL,CT,ANE,EN,Towers with Radar,130,27,24,1,182,0,0,4,7,11,130,27,28,8,193,0,0,0,193
06/13/2022,BDL,CT,ANE,EN,Towers with Radar,144,23,25,3,195,0,0,8,16,24,144,23,33,19,219,0,0,0,219
06/14/2022,BDL,CT,ANE,EN,Towers with Radar,150,32,32,7,221,0,0,19,15,34,150,32,51,22,255,0,0,0,255
06/15/2022,BDL,CT,ANE,EN,Towers with Radar,153,28,38,2,221,0,1,22,18,41,153,29,60,20,262,0,0,0,262
06/16/2022,BDL,CT,ANE,EN,Towers with Radar,144,22,32,3,201,0,0,12,13,25,144,22,44,16,226,0,0,0,226
06/17/2022,BDL,CT,ANE,EN,Towers with Radar,143,30,20,4,197,0,0,5,9,14,143,30,25,13,211,0,0,0,211
06/18/2022,BDL,CT,ANE,EN,Towers with Radar,131,26,23,1,181,0,0,3,14,17,131,26,26,15,198,0,0,0,198
06/19/2022,BDL,CT,ANE,EN,Towers with Radar,127,22,25,1,175,0,4,13,11,28,127,26,38,12,203,0,0,0,203
06/20/2022,BDL,CT,ANE,EN,Towers with Radar,142,29,33,5,209,0,2,21,17,40,142,31,54,22,249,0,0,0,249
06/21/2022,BDL,CT,ANE,EN,Towers with Radar,142,37,33,5,217,0,3,22,15,40,142,40,55,20,257,0,0,0,257
06/22/2022,BDL,CT,ANE,EN,Towers with Radar,139,30,27,13,209,0,0,3,1,4,139,30,30,14,213,0,0,0,213
06/23/2022,BDL,CT,ANE,EN,Towers with Radar,158,31,40,8,237,0,0,13,15,28,158,31,53,23,265,0,0,0,265
06/24/2022,BDL,CT,ANE,EN,Towers with Radar,142,31,26,2,201,0,0,18,5,23,142,31,44,7,224,0,0,0,224
06/25/2022,BDL,CT,ANE,EN,Towers with Radar,128,22,20,1,171,0,1,12,2,15,128,23,32,3,186,0,0,0,186
06/26/2022,BDL,CT,ANE,EN,Towers with Radar,125,35,22,2,184,0,1,19,0,20,125,36,41,2,204,2,0,2,206
06/27/2022,BDL,CT,ANE,EN,Towers with Radar,131,31,24,4,190,0,1,2,2,5,131,32,26,6,195,0,0,0,195
06/28/2022,BDL,CT,ANE,EN,Towers with Radar,147,29,23,3,202,0,1,23,15,39,147,30,46,18,241,6,4,10,251
06/29/2022,BDL,CT,ANE,EN,Towers with Radar,153,28,39,7,227,0,1,28,13,42,153,29,67,20,269,0,0,0,269
06/30/2022,BDL,CT,ANE,EN,Towers with Radar,145,38,27,2,212,0,0,12,11,23,145,38,39,13,235,0,0,0,235
07/01/2022,BDL,CT,ANE,EN,Towers with Radar,150,28,14,0,192,0,0,10,0,10,150,28,24,0,202,0,0,0,202
07/02/2022,BDL,CT,ANE,EN,Towers with Radar,131,16,23,0,170,0,0,4,0,4,131,16,27,0,174,0,0,0,174
07/03/2022,BDL,CT,ANE,EN,Towers with Radar,113,18,7,0,138,0,1,8,0,9,113,19,15,0,147,4,0,4,151
07/04/2022,BDL,CT,ANE,EN,Towers with Radar,127,17,8,0,152,0,1,7,0,8,127,18,15,0,160,0,0,0,160
07/05/2022,BDL,CT,ANE,EN,Towers with Radar,121,27,24,3,175,0,3,12,9,24,121,30,36,12,199,0,0,0,199
07/06/2022,BDL,CT,ANE,EN,Towers with Radar,148,31,22,13,214,0,0,16,10,26,148,31,38,23,240,0,0,0,240
07/07/2022,BDL,CT,ANE,EN,Towers with Radar,159,26,29,3,217,0,0,12,11,23,159,26,41,14,240,2,4,6,246
07/08/2022,BDL,CT,ANE,EN,Towers with Radar,146,22,22,2,192,0,0,14,0,14,146,22,36,2,206,0,0,0,206
07/09/2022,BDL,CT,ANE,EN,Towers with Radar,135,17,19,0,171,0,0,17,0,17,135,17,36,0,188,7,0,7,195
07/10/2022,BDL,CT,ANE,EN,Towers with Radar,132,26,23,0,181,0,0,13,0,13,132,26,36,0,194,0,0,0,194
07/11/2022,BDL,CT,ANE,EN,Towers with Radar,147,26,23,11,207,0,3,22,2,27,147,29,45,13,234,0,0,0,234
07/12/2022,BDL,CT,ANE,EN,Towers with Radar,156,28,29,15,228,0,0,6,8,14,156,28,35,23,242,0,0,0,242
07/13/2022,BDL,CT,ANE,EN,Towers with Radar,157,26,21,7,211,0,2,12,17,31,157,28,33,24,242,0,2,2,244
07/14/2022,BDL,CT,ANE,EN,Towers with Radar,161,26,24,4,215,0,0,9,12,21,161,26,33,16,236,0,0,0,236
07/15/2022,BDL,CT,ANE,EN,Towers with Radar,151,21,14,0,186,0,2,19,4,25,151,23,33,4,211,0,0,0,211
07/16/2022,BDL,CT,ANE,EN,Towers with Radar,138,20,29,2,189,0,0,13,0,13,138,20,42,2,202,0,0,0,202
07/17/2022,BDL,CT,ANE,EN,Towers with Radar,123,24,21,0,168,0,0,5,0,5,123,24,26,0,173,6,0,6,179
07/18/2022,BDL,CT,ANE,EN,Towers with Radar,144,25,23,2,194,0,0,0,0,0,144,25,23,2,194,0,0,0,194
07/19/2022,BDL,CT,ANE,EN,Towers with Radar,153,32,25,9,219,0,0,14,17,31,153,32,39,26,250,0,0,0,250
07/20/2022,BDL,CT,ANE,EN,Towers with Radar,159,31,41,7,238,0,0,18,22,40,159,31,59,29,278,2,2,4,282
07/21/2022,BDL,CT,ANE,EN,Towers with Radar,161,30,24,1,216,0,2,6,11,19,161,32,30,12,235,0,0,0,235
07/22/2022,BDL,CT,ANE,EN,Towers with Radar,160,24,28,0,212,0,0,20,2,22,160,24,48,2,234,0,0,0,234
07/23/2022,BDL,CT,ANE,EN,Towers with Radar,136,20,9,2,167,0,0,8,24,32,136,20,17,26,199,2,0,2,201
07/24/2022,BDL,CT,ANE,EN,Towers with Radar,131,23,15,4,173,0,2,12,2,16,131,25,27,6,189,0,0,0,189
07/25/2022,BDL,CT,ANE,EN,Towers with Radar,154,24,27,2,207,0,0,2,2,4,154,24,29,4,211,2,0,2,213
07/26/2022,BDL,CT,ANE,EN,Towers with Radar,156,26,17,11,210,0,1,10,19,30,156,27,27,30,240,0,2,2,242
07/27/2022,BDL,CT,ANE,EN,Towers with Radar,160,32,18,11,221,0,1,21,26,48,160,33,39,37,269,0,7,7,276
07/28/2022,BDL,CT,ANE,EN,Towers with Radar,156,29,26,0,211,0,1,7,11,19,156,30,33,11,230,0,0,0,230
07/29/2022,BDL,CT,ANE,EN,Towers with Radar,164,22,15,0,201,0,5,15,3,23,164,27,30,3,224,3,0,3,227
07/30/2022,BDL,CT,ANE,EN,Towers with Radar,137,22,11,1,171,0,1,10,0,11,137,23,21,1,182,4,0,4,186
07/31/2022,BDL,CT,ANE,EN,Towers with Radar,129,22,12,0,163,0,0,14,0,14,129,22,26,0,177,0,0,0,177
08/01/2022,BDL,CT,ANE,EN,Towers with Radar,157,27,21,6,211,0,0,8,2,10,157,27,29,8,221,0,0,0,221
08/02/2022,BDL,CT,ANE,EN,Towers with Radar,158,19,22,9,208,0,0,11,7,18,158,19,33,16,226,0,0,0,226
08/03/2022,BDL,CT,ANE,EN,Towers with Radar,149,35,21,9,214,0,0,25,11,36,149,35,46,20,250,6,0,6,256
08/04/2022,BDL,CT,ANE,EN,Towers with Radar,164,22,25,5,216,0,0,14,6,20,164,22,39,11,236,0,0,0,236
08/05/2022,BDL,CT,ANE,EN,Towers with Radar,157,30,13,0,200,0,0,10,1,11,157,30,23,1,211,0,0,0,211
08/06/2022,BDL,CT,ANE,EN,Towers with Radar,144,18,13,0,175,0,3,9,1,13,144,21,22,1,188,0,0,0,188
08/07/2022,BDL,CT,ANE,EN,Towers with Radar,140,26,18,0,184,0,0,5,1,6,140,26,23,1,190,0,0,0,190
08/08/2022,BDL,CT,ANE,EN,Towers with Radar,151,33,17,2,203,0,1,17,4,22,151,34,34,6,225,0,0,0,225
08/09/2022,BDL,CT,ANE,EN,Towers with Radar,176,31,29,2,238,0,0,6,4,10,176,31,35,6,248,0,0,0,248
08/10/2022,BDL,CT,ANE,EN,Towers with Radar,156,28,18,3,205,0,0,10,8,18,156,28,28,11,223,0,0,0,223
08/11/2022,BDL,CT,ANE,EN,Towers with Radar,161,27,20,7,215,0,0,5,8,13,161,27,25,15,228,0,0,0,228
08/12/2022,BDL,CT,ANE,EN,Towers with Radar,155,26,21,0,202,0,2,9,0,11,155,28,30,0,213,0,0,0,213
08/13/2022,BDL,CT,ANE,EN,Towers with Radar,140,24,14,0,178,0,3,21,0,24,140,27,35,0,202,0,0,0,202
08/14/2022,BDL,CT,ANE,EN,Towers with Radar,136,18,7,0,161,0,0,6,0,6,136,18,13,0,167,0,0,0,167
08/15/2022,BDL,CT,ANE,EN,Towers with Radar,154,37,29,1,221,0,0,24,3,27,154,37,53,4,248,0,0,0,248
08/16/2022,BDL,CT,ANE,EN,Towers with Radar,161,35,25,2,223,0,1,16,10,27,161,36,41,12,250,0,10,10,260
08/17/2022,BDL,CT,ANE,EN,Towers with Radar,166,40,27,1,234,0,1,12,10,23,166,41,39,11,257,0,0,0,257
08/18/2022,BDL,CT,ANE,EN,Towers with Radar,160,27,19,8,214,0,0,10,7,17,160,27,29,15,231,0,0,0,231
08/19/2022,BDL,CT,ANE,EN,Towers with Radar,158,19,19,4,200,0,0,10,1,11,158,19,29,5,211,0,0,0,211
08/20/2022,BDL,CT,ANE,EN,Towers with Radar,139,14,11,0,164,0,0,3,0,3,139,14,14,0,167,0,0,0,167
08/21/2022,BDL,CT,ANE,EN,Towers with Radar,135,17,13,1,166,0,0,4,0,4,135,17,17,1,170,0,0,0,170
08/22/2022,BDL,CT,ANE,EN,Towers with Radar,150,51,16,0,217,0,0,1,3,4,150,51,17,3,221,0,0,0,221
08/23/2022,BDL,CT,ANE,EN,Towers with Radar,167,39,19,7,232,0,0,0,3,3,167,39,19,10,235,0,0,0,235
08/24/2022,BDL,CT,ANE,EN,Towers with Radar,161,33,28,9,231,0,0,13,13,26,161,33,41,22,257,13,0,13,270
08/25/2022,BDL,CT,ANE,EN,Towers with Radar,165,26,23,9,223,0,0,19,7,26,165,26,42,16,249,10,0,10,259
08/26/2022,BDL,CT,ANE,EN,Towers with Radar,159,27,19,0,205,0,0,6,0,6,159,27,25,0,211,0,0,0,211
08/27/2022,BDL,CT,ANE,EN,Towers with Radar,146,22,21,0,189,0,0,5,2,7,146,22,26,2,196,0,0,0,196
08/28/2022,BDL,CT,ANE,EN,Towers with Radar,135,19,28,0,182,0,0,1,0,1,135,19,29,0,183,0,0,0,183
08/29/2022,BDL,CT,ANE,EN,Towers with Radar,154,30,24,3,211,0,0,15,1,16,154,30,39,4,227,0,0,0,227
08/30/2022,BDL,CT,ANE,EN,Towers with Radar,156,23,29,5,213,0,0,8,5,13,156,23,37,10,226,0,0,0,226
08/31/2022,BDL,CT,ANE,EN,Towers with Radar,168,24,34,2,228,0,0,20,10,30,168,24,54,12,258,18,0,18,276
09/01/2022,BDL,CT,ANE,EN,Towers with Radar,166,35,31,4,236,0,3,24,8,35,166,38,55,12,271,0,0,0,271
09/02/2022,BDL,CT,ANE,EN,Towers with Radar,166,32,19,0,217,0,0,17,0,17,166,32,36,0,234,0,0,0,234
09/03/2022,BDL,CT,ANE,EN,Towers with Radar,133,15,25,0,173,0,0,14,1,15,133,15,39,1,188,4,0,4,192
09/04/2022,BDL,CT,ANE,EN,Towers with Radar,123,18,10,1,152,0,0,7,0,7,123,18,17,1,159,0,0,0,159
09/05/2022,BDL,CT,ANE,EN,Towers with Radar,150,32,21,0,203,0,0,0,0,0,150,32,21,0,203,0,0,0,203
09/06/2022,BDL,CT,ANE,EN,Towers with Radar,148,35,27,1,211,0,0,0,0,0,148,35,27,1,211,0,0,0,211
09/07/2022,BDL,CT,ANE,EN,Towers with Radar,153,31,35,11,230,0,0,8,18,26,153,31,43,29,256,9,0,9,265
09/08/2022,BDL,CT,ANE,EN,Towers with Radar,160,31,29,5,225,0,2,22,17,41,160,33,51,22,266,0,0,0,266
09/09/2022,BDL,CT,ANE,EN,Towers with Radar,148,39,31,0,218,0,0,21,2,23,148,39,52,2,241,0,0,0,241
09/10/2022,BDL,CT,ANE,EN,Towers with Radar,131,26,27,2,186,0,1,27,9,37,131,27,54,11,223,0,0,0,223
09/11/2022,BDL,CT,ANE,EN,Towers with Radar,137,37,16,1,191,0,1,7,1,9,137,38,23,2,200,0,0,0,200
09/12/2022,BDL,CT,ANE,EN,Towers with Radar,149,25,44,7,225,0,0,3,1,4,149,25,47,8,229,0,0,0,229
09/13/2022,BDL,CT,ANE,EN,Towers with Radar,150,45,24,0,219,0,0,3,0,3,150,45,27,0,222,18,0,18,240
09/14/2022,BDL,CT,ANE,EN,Towers with Radar,160,45,19,5,229,0,0,18,14,32,160,45,37,19,261,0,0,0,261
09/15/2022,BDL,CT,ANE,EN,Towers with Radar,167,28,32,4,231,0,0,40,15,55,167,28,72,19,286,6,0,6,292
09/16/2022,BDL,CT,ANE,EN,Towers with Radar,156,35,18,1,210,0,0,20,0,20,156,35,38,1,230,0,0,0,230
09/17/2022,BDL,CT,ANE,EN,Towers with Radar,130,31,19,0,180,0,1,7,0,8,130,32,26,0,188,0,0,0,188
09/18/2022,BDL,CT,ANE,EN,Towers with Radar,136,35,18,0,189,0,0,13,0,13,136,35,31,0,202,0,0,0,202
09/19/2022,BDL,CT,ANE,EN,Towers with Radar,151,38,28,3,220,0,0,5,3,8,151,38,33,6,228,0,0,0,228
09/20/2022,BDL,CT,ANE,EN,Towers with Radar,149,41,40,3,233,0,0,4,10,14,149,41,44,13,247,0,0,0,247
09/21/2022,BDL,CT,ANE,EN,Towers with Radar,159,43,27,4,233,0,0,18,17,35,159,43,45,21,268,0,0,0,268
09/22/2022,BDL,CT,ANE,EN,Towers with Radar,154,45,26,1,226,0,0,4,0,4,154,45,30,1,230,0,0,0,230
09/23/2022,BDL,CT,ANE,EN,Towers with Radar,161,35,26,0,222,0,2,10,0,12,161,37,36,0,234,4,0,4,238
09/24/2022,BDL,CT,ANE,EN,Towers with Radar,128,25,14,1,168,0,0,15,0,15,128,25,29,1,183,9,0,9,192
09/25/2022,BDL,CT,ANE,EN,Towers with Radar,145,33,16,0,194,0,0,17,0,17,145,33,33,0,211,0,0,0,211
09/26/2022,BDL,CT,ANE,EN,Towers with Radar,148,32,28,3,211,0,0,9,3,12,148,32,37,6,223,0,0,0,223
09/27/2022,BDL,CT,ANE,EN,Towers with Radar,155,31,34,1,221,0,0,18,4,22,155,31,52,5,243,2,0,2,245
09/28/2022,BDL,CT,ANE,EN,Towers with Radar,137,34,39,0,210,0,1,27,4,32,137,35,66,4,242,6,0,6,248
09/29/2022,BDL,CT,ANE,EN,Towers with Radar,146,29,14,0,189,0,0,15,6,21,146,29,29,6,210,0,0,0,210
09/30/2022,BDL,CT,ANE,EN,Towers with Radar,144,36,21,0,201,0,0,14,0,14,144,36,35,0,215,11,0,11,226
10/01/2022,BDL,CT,ANE,EN,Towers with Radar,123,25,16,0,164,0,0,2,0,2,123,25,18,0,166,0,0,0,166
10/02/2022,BDL,CT,ANE,EN,Towers with Radar,132,24,15,5,176,0,0,5,1,6,132,24,20,6,182,0,0,0,182
10/03/2022,BDL,CT,ANE,EN,Towers with Radar,150,25,15,0,190,0,0,12,3,15,150,25,27,3,205,0,0,0,205
10/04/2022,BDL,CT,ANE,EN,Towers with Radar,153,26,23,7,209,0,0,5,8,13,153,26,28,15,222,0,0,0,222
10/05/2022,BDL,CT,ANE,EN,Towers with Radar,156,33,18,7,214,0,0,3,4,7,156,33,21,11,221,0,0,0,221
10/06/2022,BDL,CT,ANE,EN,Towers with Radar,169,28,27,3,227,0,0,19,17,36,169,28,46,20,263,6,1,7,270
10/07/2022,BDL,CT,ANE,EN,Towers with Radar,170,24,32,0,226,0,0,16,4,20,170,24,48,4,246,0,0,0,246
10/08/2022,BDL,CT,ANE,EN,Towers with Radar,137,24,13,0,174,0,1,12,2,15,137,25,25,2,189,3,0,3,192
10/09/2022,BDL,CT,ANE,EN,Towers with Radar,151,25,22,0,198,0,2,17,0,19,151,27,39,0,217,0,0,0,217
10/10/2022,BDL,CT,ANE,EN,Towers with Radar,158,31,23,0,212,0,0,10,0,10,158,31,33,0,222,0,0,0,222
10/11/2022,BDL,CT,ANE,EN,Towers with Radar,159,25,28,2,214,0,1,10,11,22,159,26,38,13,236,0,0,0,236
10/12/2022,BDL,CT,ANE,EN,Towers with Radar,160,29,42,7,238,0,1,26,12,39,160,30,68,19,277,0,0,0,277
10/13/2022,BDL,CT,ANE,EN,Towers with Radar,175,42,40,0,257,0,1,4,6,11,175,43,44,6,268,0,0,0,268
10/14/2022,BDL,CT,ANE,EN,Towers with Radar,169,49,28,4,250,0,0,6,8,14,169,49,34,12,264,0,0,0,264
10/15/2022,BDL,CT,ANE,EN,Towers with Radar,143,27,18,0,188,0,0,20,0,20,143,27,38,0,208,8,0,8,216
10/16/2022,BDL,CT,ANE,EN,Towers with Radar,149,25,35,2,211,0,0,28,0,28,149,25,63,2,239,0,0,0,239
10/17/2022,BDL,CT,ANE,EN,Towers with Radar,156,27,39,0,222,0,2,2,2,6,156,29,41,2,228,0,0,0,228
10/18/2022,BDL,CT,ANE,EN,Towers with Radar,160,37,41,6,244,0,0,10,8,18,160,37,51,14,262,0,0,0,262
10/19/2022,BDL,CT,ANE,EN,Towers with Radar,161,39,20,6,226,0,1,16,12,29,161,40,36,18,255,5,4,9,264
10/20/2022,BDL,CT,ANE,EN,Towers with Radar,169,33,17,1,220,0,0,8,8,16,169,33,25,9,236,0,8,8,244
10/21/2022,BDL,CT,ANE,EN,Towers with Radar,166,23,22,2,213,0,0,21,9,30,166,23,43,11,243,0,0,0,243
10/22/2022,BDL,CT,ANE,EN,Towers with Radar,136,24,11,1,172,0,0,11,3,14,136,24,22,4,186,0,0,0,186
10/23/2022,BDL,CT,ANE,EN,Towers with Radar,145,30,15,3,193,0,0,0,5,5,145,30,15,8,198,0,0,0,198
10/24/2022,BDL,CT,ANE,EN,Towers with Radar,153,49,40,0,242,0,0,0,0,0,153,49,40,0,242,0,0,0,242
10/25/2022,BDL,CT,ANE,EN,Towers with Radar,152,36,49,2,239,0,0,1,0,1,152,36,50,2,240,0,0,0,240
10/26/2022,BDL,CT,ANE,EN,Towers with Radar,160,37,31,2,230,0,0,0,8,8,160,37,31,10,238,0,0,0,238
10/27/2022,BDL,CT,ANE,EN,Towers with Radar,176,29,33,5,243,0,0,22,16,38,176,29,55,21,281,2,0,2,283
10/28/2022,BDL,CT,ANE,EN,Towers with Radar,167,21,33,0,221,0,0,18,2,20,167,21,51,2,241,0,0,0,241
10/29/2022,BDL,CT,ANE,EN,Towers with Radar,140,23,4,0,167,0,0,19,0,19,140,23,23,0,186,0,0,0,186
10/30/2022,BDL,CT,ANE,EN,Towers with Radar,134,22,13,2,171,0,0,7,0,7,134,22,20,2,178,0,0,0,178
10/31/2022,BDL,CT,ANE,EN,Towers with Radar,145,34,23,0,202,0,2,7,2,11,145,36,30,2,213,0,0,0,213
11/01/2022,BDL,CT,ANE,EN,Towers with Radar,155,33,35,4,227,0,0,2,0,2,155,33,37,4,229,0,0,0,229
11/02/2022,BDL,CT,ANE,EN,Towers with Radar,155,26,23,4,208,0,0,17,2,19,155,26,40,6,227,0,0,0,227
11/03/2022,BDL,CT,ANE,EN,Towers with Radar,161,13,33,4,211,0,0,23,7,30,161,13,56,11,241,17,0,17,258
11/04/2022,BDL,CT,ANE,EN,Towers with Radar,149,23,24,2,198,0,0,16,8,24,149,23,40,10,222,0,0,0,222
11/05/2022,BDL,CT,ANE,EN,Towers with Radar,127,29,20,2,178,0,0,7,1,8,127,29,27,3,186,0,0,0,186
11/06/2022,BDL,CT,ANE,EN,Towers with Radar,137,21,24,0,182,0,0,6,2,8,137,21,30,2,190,0,0,0,190
11/07/2022,BDL,CT,ANE,EN,Towers with Radar,141,15,33,0,189,0,1,7,0,8,141,16,40,0,197,0,0,0,197
11/08/2022,BDL,CT,ANE,EN,Towers with Radar,155,16,30,2,203,0,0,18,10,28,155,16,48,12,231,0,0,0,231
11/09/2022,BDL,CT,ANE,EN,Towers with Radar,152,16,38,0,206,0,1,16,10,27,152,17,54,10,233,0,0,0,233
11/10/2022,BDL,CT,ANE,EN,Towers with Radar,151,26,30,10,217,0,0,19,9,28,151,26,49,19,245,0,8,8,253
11/11/2022,BDL,CT,ANE,EN,Towers with Radar,158,12,9,7,186,0,0,0,3,3,158,12,9,10,189,0,8,8,197
11/12/2022,BDL,CT,ANE,EN,Towers with Radar,138,31,5,0,174,0,0,2,0,2,138,31,7,0,176,0,0,0,176
11/13/2022,BDL,CT,ANE,EN,Towers with Radar,139,17,22,2,180,0,0,2,0,2,139,17,24,2,182,0,0,0,182
11/14/2022,BDL,CT,ANE,EN,Towers with Radar,155,20,22,0,197,0,0,18,0,18,155,20,40,0,215,0,0,0,215
11/15/2022,BDL,CT,ANE,EN,Towers with Radar,161,30,36,9,236,0,1,12,11,24,161,31,48,20,260,0,0,0,260
11/16/2022,BDL,CT,ANE,EN,Towers with Radar,165,17,19,8,209,0,0,5,11,16,165,17,24,19,225,0,17,17,242
11/17/2022,BDL,CT,ANE,EN,Towers with Radar,169,23,32,2,226,0,0,16,15,31,169,23,48,17,257,18,12,30,287
11/18/2022,BDL,CT,ANE,EN,Towers with Radar,162,18,23,4,207,0,0,8,0,8,162,18,31,4,215,12,0,12,227
11/19/2022,BDL,CT,ANE,EN,Towers with Radar,148,24,16,0,188,0,0,9,5,14,148,24,25,5,202,0,0,0,202
11/20/2022,BDL,CT,ANE,EN,Towers with Radar,148,33,17,0,198,0,0,14,4,18,148,33,31,4,216,0,0,0,216
11/21/2022,BDL,CT,ANE,EN,Towers with Radar,165,20,20,2,207,0,0,6,0,6,165,20,26,2,213,8,0,8,221
11/22/2022,BDL,CT,ANE,EN,Towers with Radar,172,31,46,9,258,0,0,19,7,26,172,31,65,16,284,8,0,8,292
11/23/2022,BDL,CT,ANE,EN,Towers with Radar,172,19,26,0,217,0,0,17,2,19,172,19,43,2,236,0,0,0,236
11/24/2022,BDL,CT,ANE,EN,Towers with Radar,94,7,4,0,105,0,0,8,0,8,94,7,12,0,113,4,0,4,117
11/25/2022,BDL,CT,ANE,EN,Towers with Radar,128,14,4,0,146,0,0,0,0,0,128,14,4,0,146,0,0,0,146
11/26/2022,BDL,CT,ANE,EN,Towers with Radar,154,23,25,0,202,0,4,6,0,10,154,27,31,0,212,0,0,0,212
11/27/2022,BDL,CT,ANE,EN,Towers with Radar,166,15,26,2,209,0,0,5,0,5,166,15,31,2,214,0,0,0,214
11/28/2022,BDL,CT,ANE,EN,Towers with Radar,171,16,38,0,225,0,0,6,4,10,171,16,44,4,235,0,0,0,235
11/29/2022,BDL,CT,ANE,EN,Towers with Radar,167,24,33,3,227,0,0,11,7,18,167,24,44,10,245,0,0,0,245
11/30/2022,BDL,CT,ANE,EN,Towers with Radar,171,15,38,1,225,0,0,0,0,0,171,15,38,1,225,0,0,0,225
12/01/2022,BDL,CT,ANE,EN,Towers with Radar,171,13,33,4,221,0,1,12,5,18,171,14,45,9,239,0,0,0,239
12/02/2022,BDL,CT,ANE,EN,Towers with Radar,168,11,25,0,204,0,0,13,0,13,168,11,38,0,217,0,0,0,217
12/03/2022,BDL,CT,ANE,EN,Towers with Radar,140,29,11,0,180,0,0,0,0,0,140,29,11,0,180,0,0,0,180
12/04/2022,BDL,CT,ANE,EN,Towers with Radar,139,19,15,1,174,0,0,8,0,8,139,19,23,1,182,0,0,0,182
12/05/2022,BDL,CT,ANE,EN,Towers with Radar,158,19,27,3,207,0,0,17,0,17,158,19,44,3,224,0,0,0,224
12/06/2022,BDL,CT,ANE,EN,Towers with Radar,171,16,17,0,204,0,1,6,0,7,171,17,23,0,211,0,0,0,211
12/07/2022,BDL,CT,ANE,EN,Towers with Radar,170,27,41,0,238,0,0,0,0,0,170,27,41,0,238,0,0,0,238
12/08/2022,BDL,CT,ANE,EN,Towers with Radar,172,19,27,1,219,0,0,16,14,30,172,19,43,15,249,21,0,21,270
12/09/2022,BDL,CT,ANE,EN,Towers with Radar,167,9,29,0,205,0,1,13,2,16,167,10,42,2,221,0,0,0,221
12/10/2022,BDL,CT,ANE,EN,Towers with Radar,136,15,27,3,181,0,0,13,9,22,136,15,40,12,203,0,0,0,203
12/11/2022,BDL,CT,ANE,EN,Towers with Radar,140,8,17,0,165,0,0,0,0,0,140,8,17,0,165,0,0,0,165
12/12/2022,BDL,CT,ANE,EN,Towers with Radar,152,11,31,2,196,0,0,12,1,13,152,11,43,3,209,0,0,0,209
12/13/2022,BDL,CT,ANE,EN,Towers with Radar,169,17,32,12,230,0,2,17,12,31,169,19,49,24,261,0,5,5,266
12/14/2022,BDL,CT,ANE,EN,Towers with Radar,168,15,12,5,200,0,0,10,12,22,168,15,22,17,222,2,0,2,224
12/15/2022,BDL,CT,ANE,EN,Towers with Radar,177,27,31,2,237,0,0,2,0,2,177,27,33,2,239,0,0,0,239
12/16/2022,BDL,CT,ANE,EN,Towers with Radar,169,15,20,0,204,0,0,0,0,0,169,15,20,0,204,0,0,0,204
12/17/2022,BDL,CT,ANE,EN,Towers with Radar,160,17,12,0,189,0,0,4,0,4,160,17,16,0,193,0,0,0,193
12/18/2022,BDL,CT,ANE,EN,Towers with Radar,150,30,9,0,189,0,1,19,0,20,150,31,28,0,209,0,0,0,209
12/19/2022,BDL,CT,ANE,EN,Towers with Radar,169,22,23,0,214,0,1,11,6,18,169,23,34,6,232,0,0,0,232
12/20/2022,BDL,CT,ANE,EN,Towers with Radar,178,13,31,9,231,0,2,12,15,29,178,15,43,24,260,0,4,4,264
12/21/2022,BDL,CT,ANE,EN,Towers with Radar,185,19,23,3,230,0,0,18,16,34,185,19,41,19,264,2,0,2,266
12/22/2022,BDL,CT,ANE,EN,Towers with Radar,165,24,22,2,213,0,0,0,6,6,165,24,22,8,219,0,0,0,219
12/23/2022,BDL,CT,ANE,EN,Towers with Radar,144,8,9,0,161,0,0,0,0,0,144,8,9,0,161,0,0,0,161
12/24/2022,BDL,CT,ANE,EN,Towers with Radar,107,15,8,0,130,0,0,4,0,4,107,15,12,0,134,0,0,0,134
12/25/2022,BDL,CT,ANE,EN,Towers with Radar,101,10,6,0,117,0,0,0,0,0,101,10,6,0,117,0,0,0,117
12/26/2022,BDL,CT,ANE,EN,Towers with Radar,109,20,28,0,157,0,0,12,0,12,109,20,40,0,169,0,0,0,169
12/27/2022,BDL,CT,ANE,EN,Towers with Radar,146,27,28,0,201,0,3,9,0,12,146,30,37,0,213,0,0,0,213
12/28/2022,BDL,CT,ANE,EN,Towers with Radar,148,9,29,1,187,0,4,9,9,22,148,13,38,10,209,0,0,0,209
12/29/2022,BDL,CT,ANE,EN,Towers with Radar,148,16,16,3,183,0,0,12,9,21,148,16,28,12,204,0,0,0,204
12/30/2022,BDL,CT,ANE,EN,Towers with Radar,163,20,13,0,196,0,0,12,0,12,163,20,25,0,208,0,0,0,208
12/31/2022,BDL,CT,ANE,EN,Towers with Radar,141,15,12,0,168,0,0,0,0,0,141,15,12,0,168,0,0,0,168
01/01/2023,BDL,CT,ANE,EN,Towers with Radar,113,7,4,0,124,0,0,3,0,3,113,7,7,0,127,0,0,0,127
01/02/2023,BDL,CT,ANE,EN,Towers with Radar,148,13,29,0,190,0,0,13,0,13,148,13,42,0,203,11,0,11,214
01/03/2023,BDL,CT,ANE,EN,Towers with Radar,161,18,14,2,195,0,0,0,0,0,161,18,14,2,195,0,0,0,195
01/04/2023,BDL,CT,ANE,EN,Towers with Radar,144,19,18,0,181,0,0,0,0,0,144,19,18,0,181,0,0,0,181
01/05/2023,BDL,CT,ANE,EN,Towers with Radar,139,15,30,4,188,0,0,0,0,0,139,15,30,4,188,0,26,26,214
01/06/2023,BDL,CT,ANE,EN,Towers with Radar,138,22,15,0,175,0,0,0,0,0,138,22,15,0,175,0,0,0,175
01/07/2023,BDL,CT,ANE,EN,Towers with Radar,125,26,11,0,162,0,0,9,0,9,125,26,20,0,171,0,0,0,171
01/08/2023,BDL,CT,ANE,EN,Towers with Radar,130,16,19,0,165,0,0,14,0,14,130,16,33,0,179,0,0,0,179
01/09/2023,BDL,CT,ANE,EN,Towers with Radar,145,22,26,3,196,0,0,14,3,17,145,22,40,6,213,0,0,0,213
01/10/2023,BDL,CT,ANE,EN,Towers with Radar,144,34,16,3,197,0,1,11,2,14,144,35,27,5,211,0,0,0,211
01/11/2023,BDL,CT,ANE,EN,Towers with Radar,130,31,17,6,184,0,0,11,11,22,130,31,28,17,206,0,0,0,206
01/12/2023,BDL,CT,ANE,EN,Towers with Radar,155,24,16,1,196,0,0,0,0,0,155,24,16,1,196,0,0,0,196
01/13/2023,BDL,CT,ANE,EN,Towers with Radar,145,21,26,0,192,0,0,0,0,0,145,21,26,0,192,0,0,0,192
01/14/2023,BDL,CT,ANE,EN,Towers with Radar,120,16,5,0,141,0,0,0,0,0,120,16,5,0,141,0,0,0,141
01/15/2023,BDL,CT,ANE,EN,Towers with Radar,115,28,14,0,157,0,0,5,0,5,115,28,19,0,162,0,0,0,162
01/16/2023,BDL,CT,ANE,EN,Towers with Radar,138,21,34,0,193,0,0,12,0,12,138,21,46,0,205,0,0,0,205
01/17/2023,BDL,CT,ANE,EN,Towers with Radar,134,24,24,3,185,0,0,22,8,30,134,24,46,11,215,0,0,0,215
01/18/2023,BDL,CT,ANE,EN,Towers with Radar,135,26,25,4,190,0,0,4,4,8,135,26,29,8,198,0,0,0,198
01/19/2023,BDL,CT,ANE,EN,Towers with Radar,143,34,25,0,202,0,0,10,0,10,143,34,35,0,212,0,0,0,212
01/20/2023,BDL,CT,ANE,EN,Towers with Radar,140,30,20,0,190,0,0,0,0,0,140,30,20,0,190,0,0,0,190
01/21/2023,BDL,CT,ANE,EN,Towers with Radar,118,23,10,0,151,0,2,5,0,7,118,25,15,0,158,0,0,0,158
01/22/2023,BDL,CT,ANE,EN,Towers with Radar,126,27,21,0,174,0,0,7,0,7,126,27,28,0,181,0,4,4,185
01/23/2023,BDL,CT,ANE,EN,Towers with Radar,131,34,22,0,187,0,0,0,0,0,131,34,22,0,187,0,0,0,187
01/24/2023,BDL,CT,ANE,EN,Towers with Radar,129,41,45,4,219,0,0,19,6,25,129,41,64,10,244,6,0,6,250
01/25/2023,BDL,CT,ANE,EN,Towers with Radar,132,25,18,4,179,0,0,7,2,9,132,25,25,6,188,0,0,0,188
01/26/2023,BDL,CT,ANE,EN,Towers with Radar,137,35,20,4,196,0,0,2,7,9,137,35,22,11,205,0,0,0,205
01/27/2023,BDL,CT,ANE,EN,Towers with Radar,139,30,24,2,195,0,0,4,2,6,139,30,28,4,201,0,0,0,201
01/28/2023,BDL,CT,ANE,EN,Towers with Radar,117,20,19,0,156,0,4,15,0,19,117,24,34,0,175,0,0,0,175
01/29/2023,BDL,CT,ANE,EN,Towers with Radar,126,26,15,0,167,0,0,9,2,11,126,26,24,2,178,0,2,2,180
01/30/2023,BDL,CT,ANE,EN,Towers with Radar,126,34,32,13,205,0,0,10,5,15,126,34,42,18,220,2,0,2,222
01/31/2023,BDL,CT,ANE,EN,Towers with Radar,125,36,18,3,182,1,0,12,6,19,126,36,30,9,201,0,0,0,201
02/01/2023,BDL,CT,ANE,EN,Towers with Radar,124,32,34,4,194,0,0,18,14,32,124,32,52,18,226,2,0,2,228
02/02/2023,BDL,CT,ANE,EN,Towers with Radar,137,34,25,3,199,0,0,17,15,32,137,34,42,18,231,6,4,10,241
02/03/2023,BDL,CT,ANE,EN,Towers with Radar,137,46,11,0,194,0,0,0,0,0,137,46,11,0,194,0,0,0,194
02/04/2023,BDL,CT,ANE,EN,Towers with Radar,125,14,13,2,154,0,0,5,2,7,125,14,18,4,161,0,2,2,163
02/05/2023,BDL,CT,ANE,EN,Towers with Radar,134,21,16,0,171,0,2,6,0,8,134,23,22,0,179,0,0,0,179
02/06/2023,BDL,CT,ANE,EN,Towers with Radar,139,21,23,4,187,0,0,17,0,17,139,21,40,4,204,0,0,0,204
02/07/2023,BDL,CT,ANE,EN,Towers with Radar,135,25,31,7,198,0,2,17,6,25,135,27,48,13,223,0,0,0,223
02/08/2023,BDL,CT,ANE,EN,Towers with Radar,137,30,18,3,188,0,0,25,10,35,137,30,43,13,223,0,0,0,223
02/09/2023,BDL,CT,ANE,EN,Towers with Radar,156,28,20,0,204,0,0,9,5,14,156,28,29,5,218,0,0,0,218
02/10/2023,BDL,CT,ANE,EN,Towers with Radar,156,21,26,0,203,0,0,6,0,6,156,21,32,0,209,0,0,0,209
02/11/2023,BDL,CT,ANE,EN,Towers with Radar,138,13,16,0,167,0,0,5,0,5,138,13,21,0,172,0,0,0,172
02/12/2023,BDL,CT,ANE,EN,Towers with Radar,135,21,16,0,172,0,0,6,0,6,135,21,22,0,178,20,0,20,198
02/13/2023,BDL,CT,ANE,EN,Towers with Radar,135,26,25,4,190,0,1,23,1,25,135,27,48,5,215,0,0,0,215
02/14/2023,BDL,CT,ANE,EN,Towers with Radar,144,31,17,1,193,0,2,7,8,17,144,33,24,9,210,0,0,0,210
02/15/2023,BDL,CT,ANE,EN,Towers with Radar,143,39,18,2,202,0,0,16,10,26,143,39,34,12,228,0,0,0,228
02/16/2023,BDL,CT,ANE,EN,Towers with Radar,167,25,37,3,232,0,4,7,8,19,167,29,44,11,251,0,0,0,251
02/17/2023,BDL,CT,ANE,EN,Towers with Radar,165,25,29,0,219,0,0,1,0,1,165,25,30,0,220,0,0,0,220
02/18/2023,BDL,CT,ANE,EN,Towers with Radar,154,20,9,0,183,0,0,13,0,13,154,20,22,0,196,0,0,0,196
02/19/2023,BDL,CT,ANE,EN,Towers with Radar,151,20,11,0,182,0,0,13,0,13,151,20,24,0,195,0,0,0,195
02/20/2023,BDL,CT,ANE,EN,Towers with Radar,160,15,27,0,202,0,0,8,0,8,160,15,35,0,210,2,0,2,212
02/21/2023,BDL,CT,ANE,EN,Towers with Radar,174,29,22,3,228,0,0,0,0,0,174,29,22,3,228,0,0,0,228
02/22/2023,BDL,CT,ANE,EN,Towers with Radar,162,17,20,1,200,0,1,7,2,10,162,18,27,3,210,0,0,0,210
02/23/2023,BDL,CT,ANE,EN,Towers with Radar,170,23,11,0,204,0,0,0,0,0,170,23,11,0,204,0,0,0,204
02/24/2023,BDL,CT,ANE,EN,Towers with Radar,167,24,15,0,206,0,0,2,0,2,167,24,17,0,208,0,0,0,208
02/25/2023,BDL,CT,ANE,EN,Towers with Radar,158,20,14,2,194,0,0,3,2,5,158,20,17,4,199,0,0,0,199
02/26/2023,BDL,CT,ANE,EN,Towers with Radar,154,19,20,0,193,0,0,4,0,4,154,19,24,0,197,0,0,0,197
02/27/2023,BDL,CT,ANE,EN,Towers with Radar,160,19,30,2,211,0,0,12,1,13,160,19,42,3,224,0,0,0,224
02/28/2023,BDL,CT,ANE,EN,Towers with Radar,162,32,8,0,202,0,0,0,0,0,162,32,8,0,202,0,0,0,202
03/01/2023,BDL,CT,ANE,EN,Towers with Radar,167,21,24,1,213,0,0,14,7,21,167,21,38,8,234,0,0,0,234
03/02/2023,BDL,CT,ANE,EN,Towers with Radar,171,22,28,3,224,0,0,6,4,10,171,22,34,7,234,0,0,0,234
03/03/2023,BDL,CT,ANE,EN,Towers with Radar,158,22,32,5,217,0,1,10,5,16,158,23,42,10,233,0,10,10,243
03/04/2023,BDL,CT,ANE,EN,Towers with Radar,141,28,7,1,177,0,0,0,0,0,141,28,7,1,177,0,0,0,177
03/05/2023,BDL,CT,ANE,EN,Towers with Radar,152,23,27,2,204,0,0,9,1,10,152,23,36,3,214,0,0,0,214
03/06/2023,BDL,CT,ANE,EN,Towers with Radar,160,24,28,0,212,0,0,17,2,19,160,24,45,2,231,0,0,0,231
03/07/2023,BDL,CT,ANE,EN,Towers with Radar,160,19,26,8,213,0,1,6,4,11,160,20,32,12,224,0,2,2,226
03/08/2023,BDL,CT,ANE,EN,Towers with Radar,160,25,22,4,211,0,2,18,2,22,160,27,40,6,233,0,0,0,233
03/09/2023,BDL,CT,ANE,EN,Towers with Radar,163,28,31,1,223,0,1,21,9,31,163,29,52,10,254,0,0,0,254
03/10/2023,BDL,CT,ANE,EN,Towers with Radar,153,23,31,2,209,0,1,13,0,14,153,24,44,2,223,0,0,0,223
03/11/2023,BDL,CT,ANE,EN,Towers with Radar,140,30,10,0,180,0,0,3,0,3,140,30,13,0,183,6,0,6,189
03/12/2023,BDL,CT,ANE,EN,Towers with Radar,140,30,23,0,193,0,0,21,0,21,140,30,44,0,214,4,0,4,218
03/13/2023,BDL,CT,ANE,EN,Towers with Radar,154,26,18,0,198,0,0,1,2,3,154,26,19,2,201,0,0,0,201
03/14/2023,BDL,CT,ANE,EN,Towers with Radar,109,27,7,0,143,0,0,0,0,0,109,27,7,0,143,0,0,0,143
03/15/2023,BDL,CT,ANE,EN,Towers with Radar,166,27,21,6,220,0,0,0,6,6,166,27,21,12,226,0,0,0,226
03/16/2023,BDL,CT,ANE,EN,Towers with Radar,167,41,36,7,251,0,0,20,6,26,167,41,56,13,277,0,0,0,277
03/17/2023,BDL,CT,ANE,EN,Towers with Radar,157,30,19,1,207,0,0,12,0,12,157,30,31,1,219,14,0,14,233
03/18/2023,BDL,CT,ANE,EN,Towers with Radar,138,25,15,1,179,0,0,15,7,22,138,25,30,8,201,0,0,0,201
03/19/2023,BDL,CT,ANE,EN,Towers with Radar,147,25,12,4,188,0,0,3,3,6,147,25,15,7,194,0,0,0,194
03/20/2023,BDL,CT,ANE,EN,Towers with Radar,153,30,37,3,223,0,1,24,2,27,153,31,61,5,250,0,0,0,250
03/21/2023,BDL,CT,ANE,EN,Towers with Radar,167,30,22,5,224,0,3,18,6,27,167,33,40,11,251,0,0,0,251
03/22/2023,BDL,CT,ANE,EN,Towers with Radar,158,35,25,1,219,0,2,18,7,27,158,37,43,8,246,0,0,0,246
03/23/2023,BDL,CT,ANE,EN,Towers with Radar,170,24,31,4,229,0,0,3,2,5,170,24,34,6,234,12,16,28,262
03/24/2023,BDL,CT,ANE,EN,Towers with Radar,162,23,24,2,211,0,1,12,0,13,162,24,36,2,224,2,0,2,226
03/25/2023,BDL,CT,ANE,EN,Towers with Radar,137,24,8,0,169,0,0,0,0,0,137,24,8,0,169,0,0,0,169
03/26/2023,BDL,CT,ANE,EN,Towers with Radar,142,31,20,0,193,0,0,12,0,12,142,31,32,0,205,0,0,0,205
03/27/2023,BDL,CT,ANE,EN,Towers with Radar,157,41,16,6,220,0,5,5,9,19,157,46,21,15,239,0,0,0,239
03/28/2023,BDL,CT,ANE,EN,Towers with Radar,167,30,32,6,235,0,1,7,4,12,167,31,39,10,247,0,27,27,274
03/29/2023,BDL,CT,ANE,EN,Towers with Radar,163,33,34,3,233,0,2,17,11,30,163,35,51,14,263,0,0,0,263
03/30/2023,BDL,CT,ANE,EN,Towers with Radar,167,36,36,6,245,0,2,17,5,24,167,38,53,11,269,10,0,10,279
03/31/2023,BDL,CT,ANE,EN,Towers with Radar,147,26,23,4,200,0,0,7,1,8,147,26,30,5,208,0,2,2,210
04/01/2023,BDL,CT,ANE,EN,Towers with Radar,141,25,11,10,187,0,0,1,0,1,141,25,12,10,188,0,0,0,188
04/02/2023,BDL,CT,ANE,EN,Towers with Radar,146,30,22,3,201,0,6,22,1,29,146,36,44,4,230,27,0,27,257
04/03/2023,BDL,CT,ANE,EN,Towers with Radar,150,32,22,3,207,0,2,5,3,10,150,34,27,6,217,2,0,2,219
04/04/2023,BDL,CT,ANE,EN,Towers with Radar,169,29,32,5,235,0,0,5,6,11,169,29,37,11,246,0,0,0,246
04/05/2023,BDL,CT,ANE,EN,Towers with Radar,167,22,31,5,225,0,0,2,0,2,167,22,33,5,227,0,0,0,227
04/06/2023,BDL,CT,ANE,EN,Towers with Radar,184,22,34,1,241,0,0,3,9,12,184,22,37,10,253,0,0,0,253
04/07/2023,BDL,CT,ANE,EN,Towers with Radar,166,21,17,0,204,0,0,7,2,9,166,21,24,2,213,0,0,0,213
04/08/2023,BDL,CT,ANE,EN,Towers with Radar,150,20,15,1,186,0,2,15,0,17,150,22,30,1,203,0,0,0,203
04/09/2023,BDL,CT,ANE,EN,Towers with Radar,155,19,13,1,188,0,1,14,0,15,155,20,27,1,203,0,0,0,203
04/10/2023,BDL,CT,ANE,EN,Towers with Radar,166,14,19,5,204,0,0,13,3,16,166,14,32,8,220,0,0,0,220
04/11/2023,BDL,CT,ANE,EN,Towers with Radar,180,21,27,7,235,0,1,17,8,26,180,22,44,15,261,0,4,4,265
04/12/2023,BDL,CT,ANE,EN,Towers with Radar,175,19,23,3,220,0,0,12,2,14,175,19,35,5,234,2,0,2,236
04/13/2023,BDL,CT,ANE,EN,Towers with Radar,179,15,18,2,214,0,0,21,6,27,179,15,39,8,241,0,0,0,241
04/14/2023,BDL,CT,ANE,EN,Towers with Radar,168,21,23,1,213,0,1,25,0,26,168,22,48,1,239,0,0,0,239
04/15/2023,BDL,CT,ANE,EN,Towers with Radar,142,24,13,0,179,0,3,3,2,8,142,27,16,2,187,0,0,0,187
04/16/2023,BDL,CT,ANE,EN,Towers with Radar,153,24,33,1,211,0,0,2,0,2,153,24,35,1,213,0,0,0,213
04/17/2023,BDL,CT,ANE,EN,Towers with Radar,184,25,32,4,245,0,2,2,0,4,184,27,34,4,249,0,0,0,249
04/18/2023,BDL,CT,ANE,EN,Towers with Radar,181,19,29,3,232,0,1,11,11,23,181,20,40,14,255,4,0,4,259
04/19/2023,BDL,CT,ANE,EN,Towers with Radar,174,26,24,4,228,0,0,9,14,23,174,26,33,18,251,0,0,0,251
04/20/2023,BDL,CT,ANE,EN,Towers with Radar,181,34,33,1,249,0,5,21,6,32,181,39,54,7,281,0,0,0,281
04/21/2023,BDL,CT,ANE,EN,Towers with Radar,170,29,36,5,240,0,2,21,1,24,170,31,57,6,264,0,0,0,264
04/22/2023,BDL,CT,ANE,EN,Towers with Radar,129,12,14,2,157,0,0,0,0,0,129,12,14,2,157,0,0,0,157
04/23/2023,BDL,CT,ANE,EN,Towers with Radar,162,17,14,1,194,0,0,1,0,1,162,17,15,1,195,0,0,0,195
04/24/2023,BDL,CT,ANE,EN,Towers with Radar,171,37,41,3,252,0,0,9,3,12,171,37,50,6,264,10,0,10,274
04/25/2023,BDL,CT,ANE,EN,Towers with Radar,167,28,43,0,238,0,1,14,8,23,167,29,57,8,261,0,0,0,261
04/26/2023,BDL,CT,ANE,EN,Towers with Radar,160,30,44,4,238,0,0,18,6,24,160,30,62,10,262,12,0,12,274
04/27/2023,BDL,CT,ANE,EN,Towers with Radar,181,25,27,2,235,0,0,3,8,11,181,25,30,10,246,0,0,0,246
04/28/2023,BDL,CT,ANE,EN,Towers with Radar,163,17,33,0,213,0,0,13,0,13,163,17,46,0,226,0,0,0,226
04/29/2023,BDL,CT,ANE,EN,Towers with Radar,136,23,17,0,176,0,1,0,2,3,136,24,17,2,179,0,0,0,179
04/30/2023,BDL,CT,ANE,EN,Towers with Radar,148,23,25,0,196,0,0,0,0,0,148,23,25,0,196,0,0,0,196
05/01/2023,BDL,CT,ANE,EN,Towers with Radar,168,27,20,2,217,0,0,11,2,13,168,27,31,4,230,4,3,7,237
05/02/2023,BDL,CT,ANE,EN,Towers with Radar,167,27,29,4,227,0,0,4,3,7,167,27,33,7,234,0,2,2,236
05/03/2023,BDL,CT,ANE,EN,Towers with Radar,166,27,31,2,226,0,1,17,0,18,166,28,48,2,244,0,0,0,244
05/04/2023,BDL,CT,ANE,EN,Towers with Radar,177,17,38,2,234,0,0,5,0,5,177,17,43,2,239,6,0,6,245
05/05/2023,BDL,CT,ANE,EN,Towers with Radar,157,25,29,0,211,0,0,11,2,13,157,25,40,2,224,0,2,2,226
05/06/2023,BDL,CT,ANE,EN,Towers with Radar,122,18,16,1,157,0,0,16,2,18,122,18,32,3,175,0,0,0,175
05/07/2023,BDL,CT,ANE,EN,Towers with Radar,140,32,18,1,191,0,2,10,2,14,140,34,28,3,205,0,0,0,205
05/08/2023,BDL,CT,ANE,EN,Towers with Radar,151,37,28,1,217,0,0,14,0,14,151,37,42,1,231,0,0,0,231
05/09/2023,BDL,CT,ANE,EN,Towers with Radar,144,26,26,2,198,0,0,9,2,11,144,26,35,4,209,4,0,4,213
05/10/2023,BDL,CT,ANE,EN,Towers with Radar,160,36,20,4,220,0,2,25,4,31,160,38,45,8,251,10,0,10,261
05/11/2023,BDL,CT,ANE,EN,Towers with Radar,164,43,23,4,234,0,4,10,1,15,164,47,33,5,249,0,0,0,249
05/12/2023,BDL,CT,ANE,EN,Towers with Radar,155,33,15,0,203,0,1,11,0,12,155,34,26,0,215,0,2,2,217
05/13/2023,BDL,CT,ANE,EN,Towers with Radar,125,18,18,0,161,0,1,15,0,16,125,19,33,0,177,6,0,6,183
05/14/2023,BDL,CT,ANE,EN,Towers with Radar,138,22,15,0,175,0,0,9,0,9,138,22,24,0,184,0,0,0,184
05/15/2023,BDL,CT,ANE,EN,Towers with Radar,150,40,28,1,219,0,2,18,2,22,150,42,46,3,241,22,0,22,263
05/16/2023,BDL,CT,ANE,EN,Towers with Radar,152,26,26,7,211,0,1,17,8,26,152,27,43,15,237,0,0,0,237
05/17/2023,BDL,CT,ANE,EN,Towers with Radar,155,43,25,6,229,0,2,13,4,19,155,45,38,10,248,0,0,0,248
05/18/2023,BDL,CT,ANE,EN,Towers with Radar,159,36,34,4,233,0,2,12,2,16,159,38,46,6,249,0,0,0,249
05/19/2023,BDL,CT,ANE,EN,Towers with Radar,158,29,15,2,204,0,4,13,0,17,158,33,28,2,221,0,0,0,221
05/20/2023,BDL,CT,ANE,EN,Towers with Radar,128,28,11,1,168,0,0,0,0,0,128,28,11,1,168,4,0,4,172
05/21/2023,BDL,CT,ANE,EN,Towers with Radar,142,36,11,3,192,0,1,9,1,11,142,37,20,4,203,0,0,0,203
05/22/2023,BDL,CT,ANE,EN,Towers with Radar,152,22,17,0,191,0,1,14,4,19,152,23,31,4,210,0,0,0,210
05/23/2023,BDL,CT,ANE,EN,Towers with Radar,159,33,20,3,215,0,4,20,3,27,159,37,40,6,242,6,8,14,256
05/24/2023,BDL,CT,ANE,EN,Towers with Radar,152,31,18,4,205,0,1,14,8,23,152,32,32,12,228,9,0,9,237
05/25/2023,BDL,CT,ANE,EN,Towers with Radar,167,34,20,2,223,0,2,16,10,28,167,36,36,12,251,8,0,8,259
05/26/2023,BDL,CT,ANE,EN,Towers with Radar,165,24,19,0,208,0,1,6,0,7,165,25,25,0,215,0,0,0,215
05/27/2023,BDL,CT,ANE,EN,Towers with Radar,131,28,15,0,174,0,0,9,0,9,131,28,24,0,183,0,0,0,183
05/28/2023,BDL,CT,ANE,EN,Towers with Radar,124,28,17,0,169,0,0,10,0,10,124,28,27,0,179,0,0,0,179
05/29/2023,BDL,CT,ANE,EN,Towers with Radar,153,17,9,0,179,0,1,2,5,8,153,18,11,5,187,0,0,0,187
05/30/2023,BDL,CT,ANE,EN,Towers with Radar,148,31,37,2,218,0,6,17,4,27,148,37,54,6,245,26,0,26,271
05/31/2023,BDL,CT,ANE,EN,Towers with Radar,159,33,18,4,214,0,0,17,10,27,159,33,35,14,241,0,0,0,241
06/01/2023,BDL,CT,ANE,EN,Towers with Radar,167,29,41,5,242,0,3,24,8,35,167,32,65,13,277,8,6,14,291
06/02/2023,BDL,CT,ANE,EN,Towers with Radar,157,37,30,1,225,0,2,8,2,12,157,39,38,3,237,0,0,0,237
06/03/2023,BDL,CT,ANE,EN,Towers with Radar,119,24,21,8,172,0,0,0,3,3,119,24,21,11,175,0,0,0,175
06/04/2023,BDL,CT,ANE,EN,Towers with Radar,143,36,17,0,196,0,0,3,2,5,143,36,20,2,201,0,0,0,201
06/05/2023,BDL,CT,ANE,EN,Towers with Radar,146,33,29,3,211,0,2,5,6,13,146,35,34,9,224,0,0,0,224
06/06/2023,BDL,CT,ANE,EN,Towers with Radar,141,42,34,6,223,0,2,10,0,12,141,44,44,6,235,0,0,0,235
06/07/2023,BDL,CT,ANE,EN,Towers with Radar,143,47,27,7,224,0,0,4,9,13,143,47,31,16,237,2,0,2,239
06/08/2023,BDL,CT,ANE,EN,Towers with Radar,153,34,38,3,228,0,0,6,1,7,153,34,44,4,235,0,0,0,235
06/09/2023,BDL,CT,ANE,EN,Towers with Radar,147,30,23,2,202,0,0,6,2,8,147,30,29,4,210,2,0,2,212
06/10/2023,BDL,CT,ANE,EN,Towers with Radar,128,31,16,0,175,0,1,3,7,11,128,32,19,7,186,0,0,0,186
06/11/2023,BDL,CT,ANE,EN,Towers with Radar,134,24,8,1,167,0,2,13,2,17,134,26,21,3,184,2,0,2,186
06/12/2023,BDL,CT,ANE,EN,Towers with Radar,144,28,43,2,217,0,0,6,1,7,144,28,49,3,224,0,0,0,224
06/13/2023,BDL,CT,ANE,EN,Towers with Radar,147,56,25,6,234,0,2,5,2,9,147,58,30,8,243,0,0,0,243
06/14/2023,BDL,CT,ANE,EN,Towers with Radar,148,42,30,4,224,0,1,14,3,18,148,43,44,7,242,0,0,0,242
06/15/2023,BDL,CT,ANE,EN,Towers with Radar,153,35,41,8,237,0,2,15,4,21,153,37,56,12,258,2,0,2,260
06/16/2023,BDL,CT,ANE,EN,Towers with Radar,151,34,25,6,216,0,0,10,2,12,151,34,35,8,228,0,0,0,228
06/17/2023,BDL,CT,ANE,EN,Towers with Radar,124,25,14,5,168,0,0,0,0,0,124,25,14,5,168,0,0,0,168
06/18/2023,BDL,CT,ANE,EN,Towers with Radar,125,29,11,0,165,0,1,7,0,8,125,30,18,0,173,0,0,0,173
06/19/2023,BDL,CT,ANE,EN,Towers with Radar,148,45,27,1,221,0,0,20,0,20,148,45,47,1,241,0,0,0,241
06/20/2023,BDL,CT,ANE,EN,Towers with Radar,144,31,21,5,201,0,0,6,5,11,144,31,27,10,212,0,0,0,212
06/21/2023,BDL,CT,ANE,EN,Towers with Radar,143,33,29,2,207,0,3,23,7,33,143,36,52,9,240,0,0,0,240
06/22/2023,BDL,CT,ANE,EN,Towers with Radar,158,25,33,5,221,0,2,10,10,22,158,27,43,15,243,0,2,2,245
06/23/2023,BDL,CT,ANE,EN,Towers with Radar,152,44,26,2,224,0,0,1,0,1,152,44,27,2,225,0,0,0,225
06/24/2023,BDL,CT,ANE,EN,Towers with Radar,138,30,15,1,184,0,0,4,0,4,138,30,19,1,188,0,0,0,188
06/25/2023,BDL,CT,ANE,EN,Towers with Radar,137,43,23,0,203,0,0,5,0,5,137,43,28,0,208,0,0,0,208
06/26/2023,BDL,CT,ANE,EN,Towers with Radar,136,31,31,14,212,0,0,2,10,12,136,31,33,24,224,0,2,2,226
06/27/2023,BDL,CT,ANE,EN,Towers with Radar,145,33,28,10,216,0,0,2,4,6,145,33,30,14,222,0,0,0,222
06/28/2023,BDL,CT,ANE,EN,Towers with Radar,151,36,38,4,229,0,0,5,7,12,151,36,43,11,241,0,0,0,241
06/29/2023,BDL,CT,ANE,EN,Towers with Radar,166,36,26,6,234,0,0,25,8,33,166,36,51,14,267,0,2,2,269
06/30/2023,BDL,CT,ANE,EN,Towers with Radar,159,31,11,4,205,0,1,4,0,5,159,32,15,4,210,0,0,0,210
07/01/2023,BDL,CT,ANE,EN,Towers with Radar,132,20,23,0,175,0,0,3,0,3,132,20,26,0,178,0,0,0,178
07/02/2023,BDL,CT,ANE,EN,Towers with Radar,133,19,9,0,161,0,0,0,0,0,133,19,9,0,161,0,0,0,161
07/03/2023,BDL,CT,ANE,EN,Towers with Radar,127,23,14,0,164,0,0,1,0,1,127,23,15,0,165,0,0,0,165
07/04/2023,BDL,CT,ANE,EN,Towers with Radar,111,15,8,0,134,0,0,0,0,0,111,15,8,0,134,0,0,0,134
07/05/2023,BDL,CT,ANE,EN,Towers with Radar,134,28,26,7,195,0,3,6,13,22,134,31,32,20,217,0,0,0,217
07/06/2023,BDL,CT,ANE,EN,Towers with Radar,162,28,20,4,214,0,0,10,8,18,162,28,30,12,232,0,0,0,232
07/07/2023,BDL,CT,ANE,EN,Towers with Radar,136,25,37,0,198,0,0,13,0,13,136,25,50,0,211,0,0,0,211
07/08/2023,BDL,CT,ANE,EN,Towers with Radar,129,23,11,0,163,0,0,2,0,2,129,23,13,0,165,0,0,0,165
07/09/2023,BDL,CT,ANE,EN,Towers with Radar,117,22,21,0,160,0,0,4,0,4,117,22,25,0,164,0,0,0,164
07/10/2023,BDL,CT,ANE,EN,Towers with Radar,140,32,28,2,202,0,0,6,2,8,140,32,34,4,210,1,0,1,211
07/11/2023,BDL,CT,ANE,EN,Towers with Radar,155,33,34,3,225,0,0,18,6,24,155,33,52,9,249,0,0,0,249
07/12/2023,BDL,CT,ANE,EN,Towers with Radar,150,34,26,2,212,0,3,18,6,27,150,37,44,8,239,0,0,0,239
07/13/2023,BDL,CT,ANE,EN,Towers with Radar,148,33,29,4,214,0,1,9,6,16,148,34,38,10,230,0,0,0,230
07/14/2023,BDL,CT,ANE,EN,Towers with Radar,151,42,21,4,218,0,0,5,0,5,151,42,26,4,223,0,0,0,223
07/15/2023,BDL,CT,ANE,EN,Towers with Radar,136,16,8,0,160,0,0,2,0,2,136,16,10,0,162,0,0,0,162
07/16/2023,BDL,CT,ANE,EN,Towers with Radar,145,26,11,0,182,0,0,0,0,0,145,26,11,0,182,0,0,0,182
07/17/2023,BDL,CT,ANE,EN,Towers with Radar,140,34,31,1,206,0,0,7,2,9,140,34,38,3,215,12,2,14,229
07/18/2023,BDL,CT,ANE,EN,Towers with Radar,163,47,28,1,239,0,1,7,4,12,163,48,35,5,251,4,0,4,255
07/19/2023,BDL,CT,ANE,EN,Towers with Radar,154,32,34,4,224,0,2,16,11,29,154,34,50,15,253,6,0,6,259
07/20/2023,BDL,CT,ANE,EN,Towers with Radar,157,45,22,3,227,0,1,26,9,36,157,46,48,12,263,0,0,0,263
07/21/2023,BDL,CT,ANE,EN,Towers with Radar,147,26,22,4,199,0,2,4,0,6,147,28,26,4,205,7,0,7,212
07/22/2023,BDL,CT,ANE,EN,Towers with Radar,130,27,22,2,181,0,3,12,5,20,130,30,34,7,201,30,0,30,231
07/23/2023,BDL,CT,ANE,EN,Towers with Radar,137,26,16,2,181,0,0,6,6,12,137,26,22,8,193,0,0,0,193
07/24/2023,BDL,CT,ANE,EN,Towers with Radar,148,38,25,0,211,0,7,19,2,28,148,45,44,2,239,10,0,10,249
07/25/2023,BDL,CT,ANE,EN,Towers with Radar,153,39,19,6,217,0,0,12,5,17,153,39,31,11,234,12,2,14,248
07/26/2023,BDL,CT,ANE,EN,Towers with Radar,150,28,24,0,202,0,1,29,6,36,150,29,53,6,238,0,0,0,238
07/27/2023,BDL,CT,ANE,EN,Towers with Radar,150,29,30,7,216,0,0,3,5,8,150,29,33,12,224,0,0,0,224
07/28/2023,BDL,CT,ANE,EN,Towers with Radar,138,27,23,0,188,0,0,18,3,21,138,27,41,3,209,18,0,18,227
07/29/2023,BDL,CT,ANE,EN,Towers with Radar,127,23,11,0,161,0,0,4,0,4,127,23,15,0,165,0,0,0,165
07/30/2023,BDL,CT,ANE,EN,Towers with Radar,142,35,17,0,194,0,0,8,0,8,142,35,25,0,202,0,0,0,202
07/31/2023,BDL,CT,ANE,EN,Towers with Radar,148,31,25,0,204,0,3,19,3,25,148,34,44,3,229,20,0,20,249
08/01/2023,BDL,CT,ANE,EN,Towers with Radar,148,27,25,5,205,0,0,14,7,21,148,27,39,12,226,0,2,2,228
08/02/2023,BDL,CT,ANE,EN,Towers with Radar,156,26,19,3,204,0,1,20,13,34,156,27,39,16,238,14,0,14,252
08/03/2023,BDL,CT,ANE,EN,Towers with Radar,155,40,24,1,220,0,0,17,9,26,155,40,41,10,246,0,0,0,246
08/04/2023,BDL,CT,ANE,EN,Towers with Radar,155,24,34,0,213,0,0,4,1,5,155,24,38,1,218,0,0,0,218
08/05/2023,BDL,CT,ANE,EN,Towers with Radar,132,21,12,0,165,0,0,10,2,12,132,21,22,2,177,0,4,4,181
08/06/2023,BDL,CT,ANE,EN,Towers with Radar,138,26,20,0,184,0,1,11,1,13,138,27,31,1,197,0,0,0,197
08/07/2023,BDL,CT,ANE,EN,Towers with Radar,140,8,23,6,177,0,0,0,0,0,140,8,23,6,177,0,0,0,177
08/08/2023,BDL,CT,ANE,EN,Towers with Radar,163,22,28,2,215,0,0,12,8,20,163,22,40,10,235,8,10,18,253
08/09/2023,BDL,CT,ANE,EN,Towers with Radar,156,39,17,6,218,0,4,11,10,25,156,43,28,16,243,0,0,0,243
08/10/2023,BDL,CT,ANE,EN,Towers with Radar,154,39,29,5,227,0,1,8,5,14,154,40,37,10,241,12,0,12,253
08/11/2023,BDL,CT,ANE,EN,Towers with Radar,154,27,29,7,217,0,4,23,4,31,154,31,52,11,248,0,16,16,264
08/12/2023,BDL,CT,ANE,EN,Towers with Radar,133,31,14,0,178,0,0,9,0,9,133,31,23,0,187,0,0,0,187
08/13/2023,BDL,CT,ANE,EN,Towers with Radar,143,34,27,0,204,0,0,11,0,11,143,34,38,0,215,0,0,0,215
08/14/2023,BDL,CT,ANE,EN,Towers with Radar,143,27,17,2,189,0,2,11,1,14,143,29,28,3,203,18,0,18,221
08/15/2023,BDL,CT,ANE,EN,Towers with Radar,155,26,25,10,216,0,0,0,0,0,155,26,25,10,216,0,0,0,216
08/16/2023,BDL,CT,ANE,EN,Towers with Radar,158,27,39,7,231,0,1,5,7,13,158,28,44,14,244,6,0,6,250
08/17/2023,BDL,CT,ANE,EN,Towers with Radar,166,33,25,2,226,0,0,5,3,8,166,33,30,5,234,2,0,2,236
08/18/2023,BDL,CT,ANE,EN,Towers with Radar,162,31,17,0,210,0,1,5,0,6,162,32,22,0,216,0,0,0,216
08/19/2023,BDL,CT,ANE,EN,Towers with Radar,133,24,7,0,164,0,0,3,0,3,133,24,10,0,167,0,0,0,167
08/20/2023,BDL,CT,ANE,EN,Towers with Radar,148,22,26,0,196,0,2,16,1,19,148,24,42,1,215,0,0,0,215
08/21/2023,BDL,CT,ANE,EN,Towers with Radar,152,26,28,5,211,0,2,12,5,19,152,28,40,10,230,2,2,4,234
08/22/2023,BDL,CT,ANE,EN,Towers with Radar,158,31,19,1,209,0,1,16,13,30,158,32,35,14,239,24,0,24,263
08/23/2023,BDL,CT,ANE,EN,Towers with Radar,153,32,29,4,218,0,1,19,10,30,153,33,48,14,248,5,0,5,253
08/24/2023,BDL,CT,ANE,EN,Towers with Radar,160,24,27,7,218,0,0,12,5,17,160,24,39,12,235,12,0,12,247
08/25/2023,BDL,CT,ANE,EN,Towers with Radar,151,26,32,0,209,0,0,1,0,1,151,26,33,0,210,0,0,0,210
08/26/2023,BDL,CT,ANE,EN,Towers with Radar,128,17,12,0,157,0,0,6,0,6,128,17,18,0,163,0,0,0,163
08/27/2023,BDL,CT,ANE,EN,Towers with Radar,146,18,13,0,177,0,0,7,0,7,146,18,20,0,184,0,0,0,184
08/28/2023,BDL,CT,ANE,EN,Towers with Radar,143,20,29,5,197,0,0,16,2,18,143,20,45,7,215,7,0,7,222
08/29/2023,BDL,CT,ANE,EN,Towers with Radar,142,22,45,7,216,0,0,8,5,13,142,22,53,12,229,0,0,0,229
08/30/2023,BDL,CT,ANE,EN,Towers with Radar,144,26,23,7,200,0,1,9,11,21,144,27,32,18,221,0,0,0,221
08/31/2023,BDL,CT,ANE,EN,Towers with Radar,155,28,17,3,203,0,3,19,8,30,155,31,36,11,233,0,0,0,233
