01/01/2000,BDR,CT,ANE,EN,Federal Contract Tower,0,2,11,0,13,0,4,13,0,17,0,6,24,0,30,6,0,6,36
01/02/2000,BDR,CT,ANE,EN,Federal Contract Tower,0,5,17,0,22,0,2,99,0,101,0,7,116,0,123,102,0,102,225
01/03/2000,BDR,CT,ANE,EN,Federal Contract Tower,0,3,11,0,14,0,0,4,0,4,0,3,15,0,18,4,0,4,22
01/04/2000,BDR,CT,ANE,EN,Federal Contract Tower,0,3,10,0,13,0,4,49,0,53,0,7,59,0,66,80,0,80,146
01/05/2000,BDR,CT,ANE,EN,Federal Contract Tower,0,1,15,0,16,0,0,59,0,59,0,1,74,0,75,42,0,42,117
01/06/2000,BDR,CT,ANE,EN,Federal Contract Tower,0,3,10,0,13,0,4,120,0,124,0,7,130,0,137,248,0,248,385
01/07/2000,BDR,CT,ANE,EN,Federal Contract Tower,0,1,11,0,12,0,0,69,0,69,0,1,80,0,81,116,0,116,197
01/08/2000,BDR,CT,ANE,EN,Federal Contract Tower,0,0,13,0,13,0,0,174,0,174,0,0,187,0,187,220,0,220,407
01/09/2000,BDR,CT,ANE,EN,Federal Contract Tower,0,3,16,1,20,0,1,144,1,146,0,4,160,2,166,250,0,250,416
01/10/2000,BDR,CT,ANE,EN,Federal Contract Tower,0,2,12,0,14,0,0,9,0,9,0,2,21,0,23,0,0,0,23
01/11/2000,BDR,CT,ANE,EN,Federal Contract Tower,0,1,14,0,15,0,0,67,0,67,0,1,81,0,82,66,0,66,148
01/12/2000,BDR,CT,ANE,EN,Federal Contract Tower,0,1,14,1,16,0,0,73,3,76,0,1,87,4,92,70,2,72,164
01/13/2000,BDR,CT,ANE,EN,Federal Contract Tower,0,2,13,0,15,0,1,5,0,6,0,3,18,0,21,4,0,4,25
01/14/2000,BDR,CT,ANE,EN,Federal Contract Tower,0,1,7,0,8,0,2,36,0,38,0,3,43,0,46,4,2,6,52
01/15/2000,BDR,CT,ANE,EN,Federal Contract Tower,0,0,8,0,8,0,0,123,0,123,0,0,131,0,131,154,0,154,285
01/16/2000,BDR,CT,ANE,EN,Federal Contract Tower,0,0,10,0,10,0,0,39,0,39,0,0,49,0,49,134,0,134,183
01/17/2000,BDR,CT,ANE,EN,Federal Contract Tower,0,1,9,0,10,0,1,20,0,21,0,2,29,0,31,0,0,0,31
01/18/2000,BDR,CT,ANE,EN,Federal Contract Tower,0,1,14,0,15,0,0,68,3,71,0,1,82,3,86,26,8,34,120
01/19/2000,BDR,CT,ANE,EN,Federal Contract Tower,0,3,23,0,26,0,0,75,4,79,0,3,98,4,105,106,0,106,211
01/20/2000,BDR,CT,ANE,EN,Federal Contract Tower,0,1,7,0,8,0,0,3,0,3,0,1,10,0,11,0,0,0,11
01/21/2000,BDR,CT,ANE,EN,Federal Contract Tower,0,1,8,0,9,0,2,17,0,19,0,3,25,0,28,0,0,0,28
01/22/2000,BDR,CT,ANE,EN,Federal Contract Tower,0,0,3,0,3,0,0,54,0,54,0,0,57,0,57,62,0,62,119
01/23/2000,BDR,CT,ANE,EN,Federal Contract Tower,0,0,7,0,7,0,0,41,0,41,0,0,48,0,48,150,0,150,198
01/24/2000,BDR,CT,ANE,EN,Federal Contract Tower,0,4,19,0,23,0,0,78,2,80,0,4,97,2,103,128,0,128,231
01/25/2000,BDR,CT,ANE,EN,Federal Contract Tower,0,0,3,0,3,0,0,0,0,0,0,0,3,0,3,0,0,0,3
01/26/2000,BDR,CT,ANE,EN,Federal Contract Tower,0,2,11,0,13,0,4,28,2,34,0,6,39,2,47,6,2,8,55
01/27/2000,BDR,CT,ANE,EN,Federal Contract Tower,0,0,5,0,5,0,0,47,0,47,0,0,52,0,52,26,0,26,78
01/28/2000,BDR,CT,ANE,EN,Federal Contract Tower,0,1,6,0,7,0,0,50,0,50,0,1,56,0,57,40,0,40,97
01/29/2000,BDR,CT,ANE,EN,Federal Contract Tower,0,0,7,0,7,0,0,102,0,102,0,0,109,0,109,222,0,222,331
01/30/2000,BDR,CT,ANE,EN,Federal Contract Tower,0,2,15,0,17,0,0,86,0,86,0,2,101,0,103,134,0,134,237
01/31/2000,BDR,CT,ANE,EN,Federal Contract Tower,0,1,9,0,10,0,1,15,0,16,0,2,24,0,26,12,0,12,38
02/01/2000,BDR,CT,ANE,EN,Federal Contract Tower,0,0,5,0,5,0,1,55,0,56,0,1,60,0,61,56,0,56,117
02/02/2000,BDR,CT,ANE,EN,Federal Contract Tower,0,2,14,0,16,0,4,35,0,39,0,6,49,0,55,70,0,70,125
02/03/2000,BDR,CT,ANE,EN,Federal Contract Tower,0,4,27,1,32,0,0,43,3,46,0,4,70,4,78,134,2,136,214
02/04/2000,BDR,CT,ANE,EN,Federal Contract Tower,0,2,29,0,31,0,0,17,0,17,0,2,46,0,48,0,0,0,48
02/05/2000,BDR,CT,ANE,EN,Federal Contract Tower,0,0,11,0,11,0,0,128,0,128,0,0,139,0,139,166,0,166,305
02/06/2000,BDR,CT,ANE,EN,Federal Contract Tower,0,0,12,0,12,0,0,116,0,116,0,0,128,0,128,250,0,250,378
02/07/2000,BDR,CT,ANE,EN,Federal Contract Tower,0,0,10,0,10,0,4,46,0,50,0,4,56,0,60,38,2,40,100
02/08/2000,BDR,CT,ANE,EN,Federal Contract Tower,0,1,23,0,24,0,0,103,0,103,0,1,126,0,127,76,0,76,203
02/09/2000,BDR,CT,ANE,EN,Federal Contract Tower,0,1,22,0,23,0,0,97,0,97,0,1,119,0,120,198,0,198,318
02/10/2000,BDR,CT,ANE,EN,Federal Contract Tower,0,4,26,0,30,0,3,86,0,89,0,7,112,0,119,180,0,180,299
02/11/2000,BDR,CT,ANE,EN,Federal Contract Tower,0,3,21,0,24,0,1,2,0,3,0,4,23,0,27,2,0,2,29
02/12/2000,BDR,CT,ANE,EN,Federal Contract Tower,0,0,10,0,10,0,0,147,0,147,0,0,157,0,157,320,0,320,477
02/13/2000,BDR,CT,ANE,EN,Federal Contract Tower,0,0,16,0,16,0,0,72,0,72,0,0,88,0,88,222,0,222,310
02/14/2000,BDR,CT,ANE,EN,Federal Contract Tower,0,2,18,0,20,0,0,8,0,8,0,2,26,0,28,0,0,0,28
02/15/2000,BDR,CT,ANE,EN,Federal Contract Tower,0,3,31,0,34,0,0,90,2,92,0,3,121,2,126,124,0,124,250
02/16/2000,BDR,CT,ANE,EN,Federal Contract Tower,0,2,22,0,24,0,1,75,0,76,0,3,97,0,100,108,0,108,208
02/17/2000,BDR,CT,ANE,EN,Federal Contract Tower,0,4,39,0,43,0,0,62,0,62,0,4,101,0,105,110,0,110,215
02/18/2000,BDR,CT,ANE,EN,Federal Contract Tower,0,1,15,0,16,0,2,0,0,2,0,3,15,0,18,0,0,0,18
02/19/2000,BDR,CT,ANE,EN,Federal Contract Tower,0,0,3,0,3,0,0,1,0,1,0,0,4,0,4,0,0,0,4
02/20/2000,BDR,CT,ANE,EN,Federal Contract Tower,0,1,17,0,18,0,1,90,0,91,0,2,107,0,109,196,0,196,305
02/21/2000,BDR,CT,ANE,EN,Federal Contract Tower,0,3,30,0,33,0,0,173,0,173,0,3,203,0,206,216,0,216,422
02/22/2000,BDR,CT,ANE,EN,Federal Contract Tower,0,1,16,0,17,0,1,94,0,95,0,2,110,0,112,130,0,130,242
02/23/2000,BDR,CT,ANE,EN,Federal Contract Tower,0,2,26,0,28,0,0,71,3,74,0,2,97,3,102,206,0,206,308
02/24/2000,BDR,CT,ANE,EN,Federal Contract Tower,0,1,26,0,27,0,0,81,0,81,0,1,107,0,108,178,0,178,286
02/25/2000,BDR,CT,ANE,EN,Federal Contract Tower,0,1,27,0,28,0,0,4,0,4,0,1,31,0,32,0,0,0,32
02/26/2000,BDR,CT,ANE,EN,Federal Contract Tower,0,0,40,0,40,0,0,5,0,5,0,0,45,0,45,2,0,2,47
02/27/2000,BDR,CT,ANE,EN,Federal Contract Tower,0,0,8,0,8,0,0,0,0,0,0,0,8,0,8,0,0,0,8
02/28/2000,BDR,CT,ANE,EN,Federal Contract Tower,0,2,22,0,24,0,2,38,0,40,0,4,60,0,64,56,0,56,120
02/29/2000,BDR,CT,ANE,EN,Federal Contract Tower,0,2,23,0,25,0,2,94,0,96,0,4,117,0,121,64,0,64,185
03/01/2000,BDR,CT,ANE,EN,Federal Contract Tower,0,2,30,0,32,0,0,124,0,124,0,2,154,0,156,162,0,162,318
03/02/2000,BDR,CT,ANE,EN,Federal Contract Tower,0,2,15,0,17,0,0,40,0,40,0,2,55,0,57,64,0,64,121
03/03/2000,BDR,CT,ANE,EN,Federal Contract Tower,0,3,16,0,19,0,0,101,0,101,0,3,117,0,120,88,0,88,208
03/04/2000,BDR,CT,ANE,EN,Federal Contract Tower,0,0,15,0,15,0,0,202,0,202,0,0,217,0,217,232,0,232,449
03/05/2000,BDR,CT,ANE,EN,Federal Contract Tower,0,1,16,0,17,0,0,177,0,177,0,1,193,0,194,248,0,248,442
03/06/2000,BDR,CT,ANE,EN,Federal Contract Tower,0,2,15,0,17,0,0,92,0,92,0,2,107,0,109,40,0,40,149
03/07/2000,BDR,CT,ANE,EN,Federal Contract Tower,0,1,27,0,28,0,0,120,0,120,0,1,147,0,148,146,0,146,294
03/08/2000,BDR,CT,ANE,EN,Federal Contract Tower,0,3,30,0,33,0,0,105,4,109,0,3,135,4,142,210,0,210,352
03/09/2000,BDR,CT,ANE,EN,Federal Contract Tower,0,0,17,0,17,0,0,45,0,45,0,0,62,0,62,110,0,110,172
03/10/2000,BDR,CT,ANE,EN,Federal Contract Tower,0,1,21,0,22,0,0,123,0,123,0,1,144,0,145,228,0,228,373
03/11/2000,BDR,CT,ANE,EN,Federal Contract Tower,0,0,8,0,8,0,0,8,0,8,0,0,16,0,16,18,0,18,34
03/12/2000,BDR,CT,ANE,EN,Federal Contract Tower,0,0,19,0,19,0,0,18,0,18,0,0,37,0,37,40,0,40,77
03/13/2000,BDR,CT,ANE,EN,Federal Contract Tower,0,2,15,0,17,0,2,112,0,114,0,4,127,0,131,148,0,148,279
03/14/2000,BDR,CT,ANE,EN,Federal Contract Tower,0,1,14,0,15,0,1,117,0,118,0,2,131,0,133,170,0,170,303
03/15/2000,BDR,CT,ANE,EN,Federal Contract Tower,0,1,22,0,23,0,0,118,0,118,0,1,140,0,141,182,0,182,323
03/16/2000,BDR,CT,ANE,EN,Federal Contract Tower,0,1,23,0,24,0,0,45,0,45,0,1,68,0,69,86,0,86,155
03/17/2000,BDR,CT,ANE,EN,Federal Contract Tower,0,2,20,0,22,0,1,7,0,8,0,3,27,0,30,0,0,0,30
03/18/2000,BDR,CT,ANE,EN,Federal Contract Tower,0,2,17,0,19,0,0,146,0,146,0,2,163,0,165,220,0,220,385
03/19/2000,BDR,CT,ANE,EN,Federal Contract Tower,0,2,28,0,30,0,0,187,0,187,0,2,215,0,217,340,0,340,557
03/20/2000,BDR,CT,ANE,EN,Federal Contract Tower,0,3,28,0,31,0,1,82,0,83,0,4,110,0,114,142,0,142,256
03/21/2000,BDR,CT,ANE,EN,Federal Contract Tower,0,4,32,0,36,0,4,0,4,8,0,8,32,4,44,4,0,4,48
03/22/2000,BDR,CT,ANE,EN,Federal Contract Tower,0,4,11,0,15,0,1,0,0,1,0,5,11,0,16,138,0,138,154
03/23/2000,BDR,CT,ANE,EN,Federal Contract Tower,0,4,32,0,36,0,4,143,0,147,0,8,175,0,183,216,0,216,399
03/24/2000,BDR,CT,ANE,EN,Federal Contract Tower,0,2,23,0,25,0,3,161,0,164,0,5,184,0,189,212,0,212,401
03/25/2000,BDR,CT,ANE,EN,Federal Contract Tower,0,0,22,0,22,0,0,153,0,153,0,0,175,0,175,300,0,300,475
03/26/2000,BDR,CT,ANE,EN,Federal Contract Tower,0,1,14,0,15,0,0,138,0,138,0,1,152,0,153,224,0,224,377
03/27/2000,BDR,CT,ANE,EN,Federal Contract Tower,0,2,19,0,21,0,4,82,0,86,0,6,101,0,107,68,0,68,175
03/28/2000,BDR,CT,ANE,EN,Federal Contract Tower,0,1,14,0,15,0,1,24,0,25,0,2,38,0,40,18,0,18,58
03/29/2000,BDR,CT,ANE,EN,Federal Contract Tower,0,2,18,0,20,0,0,46,0,46,0,2,64,0,66,48,0,48,114
03/30/2000,BDR,CT,ANE,EN,Federal Contract Tower,0,5,42,0,47,0,3,111,0,114,0,8,153,0,161,224,0,224,385
03/31/2000,BDR,CT,ANE,EN,Federal Contract Tower,0,2,20,0,22,0,2,148,0,150,0,4,168,0,172,222,0,222,394
04/01/2000,BDR,CT,ANE,EN,Federal Contract Tower,0,0,16,0,16,0,0,187,0,187,0,0,203,0,203,414,0,414,617
04/02/2000,BDR,CT,ANE,EN,Federal Contract Tower,0,0,20,0,20,0,2,142,0,144,0,2,162,0,164,250,0,250,414
04/03/2000,BDR,CT,ANE,EN,Federal Contract Tower,0,2,28,1,31,0,0,3,2,5,0,2,31,3,36,0,0,0,36
04/04/2000,BDR,CT,ANE,EN,Federal Contract Tower,0,4,25,0,29,0,0,5,0,5,0,4,30,0,34,0,0,0,34
04/05/2000,BDR,CT,ANE,EN,Federal Contract Tower,0,3,20,1,24,0,1,84,1,86,0,4,104,2,110,94,0,94,204
04/06/2000,BDR,CT,ANE,EN,Federal Contract Tower,0,3,20,1,24,0,4,72,3,79,0,7,92,4,103,132,0,132,235
04/07/2000,BDR,CT,ANE,EN,Federal Contract Tower,0,5,33,1,39,0,3,192,1,196,0,8,225,2,235,276,0,276,511
04/08/2000,BDR,CT,ANE,EN,Federal Contract Tower,0,2,13,0,15,0,1,82,0,83,0,3,95,0,98,120,0,120,218
04/09/2000,BDR,CT,ANE,EN,Federal Contract Tower,0,2,14,0,16,0,3,7,0,10,0,5,21,0,26,4,0,4,30
04/10/2000,BDR,CT,ANE,EN,Federal Contract Tower,0,2,14,0,16,0,0,66,0,66,0,2,80,0,82,60,0,60,142
04/11/2000,BDR,CT,ANE,EN,Federal Contract Tower,0,3,24,0,27,0,1,25,0,26,0,4,49,0,53,30,0,30,83
04/12/2000,BDR,CT,ANE,EN,Federal Contract Tower,0,3,23,0,26,0,3,66,0,69,0,6,89,0,95,44,0,44,139
04/13/2000,BDR,CT,ANE,EN,Federal Contract Tower,0,2,22,0,24,0,0,143,0,143,0,2,165,0,167,176,0,176,343
04/14/2000,BDR,CT,ANE,EN,Federal Contract Tower,0,3,20,0,23,0,2,104,0,106,0,5,124,0,129,244,0,244,373
04/15/2000,BDR,CT,ANE,EN,Federal Contract Tower,0,1,27,0,28,0,0,23,0,23,0,1,50,0,51,42,0,42,93
04/16/2000,BDR,CT,ANE,EN,Federal Contract Tower,0,1,37,0,38,0,0,51,0,51,0,1,88,0,89,140,0,140,229
04/17/2000,BDR,CT,ANE,EN,Federal Contract Tower,0,2,27,0,29,0,0,19,0,19,0,2,46,0,48,26,0,26,74
04/18/2000,BDR,CT,ANE,EN,Federal Contract Tower,0,1,18,0,19,0,0,25,2,27,0,1,43,2,46,36,0,36,82
04/19/2000,BDR,CT,ANE,EN,Federal Contract Tower,0,2,21,0,23,0,0,35,0,35,0,2,56,0,58,56,0,56,114
04/20/2000,BDR,CT,ANE,EN,Federal Contract Tower,0,3,25,0,28,0,1,122,0,123,0,4,147,0,151,224,0,224,375
04/21/2000,BDR,CT,ANE,EN,Federal Contract Tower,0,1,13,0,14,0,0,0,0,0,0,1,13,0,14,0,0,0,14
04/22/2000,BDR,CT,ANE,EN,Federal Contract Tower,0,0,14,0,14,0,0,2,0,2,0,0,16,0,16,0,0,0,16
04/23/2000,BDR,CT,ANE,EN,Federal Contract Tower,0,0,19,0,19,0,0,10,0,10,0,0,29,0,29,6,0,6,35
04/24/2000,BDR,CT,ANE,EN,Federal Contract Tower,0,3,27,0,30,0,0,97,2,99,0,3,124,2,129,80,0,80,209
04/25/2000,BDR,CT,ANE,EN,Federal Contract Tower,0,2,17,0,19,0,2,110,0,112,0,4,127,0,131,116,0,116,247
04/26/2000,BDR,CT,ANE,EN,Federal Contract Tower,0,1,26,0,27,0,0,14,0,14,0,1,40,0,41,24,0,24,65
04/27/2000,BDR,CT,ANE,EN,Federal Contract Tower,0,6,51,1,58,0,2,79,3,84,0,8,130,4,142,122,0,122,264
04/28/2000,BDR,CT,ANE,EN,Federal Contract Tower,0,6,39,0,45,0,1,74,0,75,0,7,113,0,120,200,0,200,320
04/29/2000,BDR,CT,ANE,EN,Federal Contract Tower,0,1,14,0,15,0,0,171,0,171,0,1,185,0,186,264,0,264,450
04/30/2000,BDR,CT,ANE,EN,Federal Contract Tower,0,2,15,0,17,0,0,76,0,76,0,2,91,0,93,66,0,66,159
05/01/2000,BDR,CT,ANE,EN,Federal Contract Tower,0,5,21,0,26,0,0,109,0,109,0,5,130,0,135,217,0,217,352
05/02/2000,BDR,CT,ANE,EN,Federal Contract Tower,0,3,20,0,23,0,0,52,0,52,0,3,72,0,75,38,0,38,113
05/03/2000,BDR,CT,ANE,EN,Federal Contract Tower,0,3,24,0,27,0,0,189,0,189,0,3,213,0,216,266,0,266,482
05/04/2000,BDR,CT,ANE,EN,Federal Contract Tower,0,4,29,0,33,0,2,152,0,154,0,6,181,0,187,272,0,272,459
05/05/2000,BDR,CT,ANE,EN,Federal Contract Tower,0,5,32,0,37,0,7,98,0,105,0,12,130,0,142,186,0,186,328
05/06/2000,BDR,CT,ANE,EN,Federal Contract Tower,0,0,13,0,13,0,0,170,0,170,0,0,183,0,183,262,0,262,445
05/07/2000,BDR,CT,ANE,EN,Federal Contract Tower,0,2,13,0,15,0,0,167,0,167,0,2,180,0,182,238,0,238,420
05/08/2000,BDR,CT,ANE,EN,Federal Contract Tower,0,2,11,0,13,0,4,93,0,97,0,6,104,0,110,102,0,102,212
05/09/2000,BDR,CT,ANE,EN,Federal Contract Tower,0,3,25,0,28,0,3,109,0,112,0,6,134,0,140,136,0,136,276
05/10/2000,BDR,CT,ANE,EN,Federal Contract Tower,0,2,27,2,31,0,0,5,1,6,0,2,32,3,37,2,0,2,39
05/11/2000,BDR,CT,ANE,EN,Federal Contract Tower,0,4,31,2,37,0,6,94,4,104,0,10,125,6,141,186,0,186,327
05/12/2000,BDR,CT,ANE,EN,Federal Contract Tower,0,1,15,0,16,0,0,73,0,73,0,1,88,0,89,60,0,60,149
05/13/2000,BDR,CT,ANE,EN,Federal Contract Tower,0,0,16,0,16,0,0,4,0,4,0,0,20,0,20,0,0,0,20
05/14/2000,BDR,CT,ANE,EN,Federal Contract Tower,0,3,16,0,19,0,0,202,0,202,0,3,218,0,221,188,0,188,409
05/15/2000,BDR,CT,ANE,EN,Federal Contract Tower,0,3,16,1,20,0,0,156,0,156,0,3,172,1,176,198,0,198,374
05/16/2000,BDR,CT,ANE,EN,Federal Contract Tower,0,4,31,2,37,0,0,142,0,142,0,4,173,2,179,276,0,276,455
05/17/2000,BDR,CT,ANE,EN,Federal Contract Tower,0,6,37,2,45,0,7,145,1,153,0,13,182,3,198,238,2,240,438
05/18/2000,BDR,CT,ANE,EN,Federal Contract Tower,0,3,25,1,29,0,0,6,1,7,0,3,31,2,36,0,0,0,36
05/19/2000,BDR,CT,ANE,EN,Federal Contract Tower,0,4,32,0,36,0,1,10,0,11,0,5,42,0,47,0,0,0,47
05/20/2000,BDR,CT,ANE,EN,Federal Contract Tower,0,2,38,1,41,0,0,20,1,21,0,2,58,2,62,8,0,8,70
05/21/2000,BDR,CT,ANE,EN,Federal Contract Tower,0,3,68,0,71,0,0,19,0,19,0,3,87,0,90,38,0,38,128
05/22/2000,BDR,CT,ANE,EN,Federal Contract Tower,0,6,42,1,49,0,3,2,1,6,0,9,44,2,55,4,0,4,59
05/23/2000,BDR,CT,ANE,EN,Federal Contract Tower,0,6,47,1,54,0,0,47,1,48,0,6,94,2,102,48,0,48,150
05/24/2000,BDR,CT,ANE,EN,Federal Contract Tower,0,6,38,1,45,0,3,59,3,65,0,9,97,4,110,54,0,54,164
05/25/2000,BDR,CT,ANE,EN,Federal Contract Tower,0,1,28,1,30,0,0,87,3,90,0,1,115,4,120,138,0,138,258
05/26/2000,BDR,CT,ANE,EN,Federal Contract Tower,0,3,19,0,22,0,6,192,0,198,0,9,211,0,220,204,2,206,426
05/27/2000,BDR,CT,ANE,EN,Federal Contract Tower,0,0,7,0,7,0,2,194,0,196,0,2,201,0,203,300,0,300,503
05/28/2000,BDR,CT,ANE,EN,Federal Contract Tower,0,0,12,0,12,0,0,169,2,171,0,0,181,2,183,160,0,160,343
05/29/2000,BDR,CT,ANE,EN,Federal Contract Tower,0,1,9,0,10,0,7,123,0,130,0,8,132,0,140,98,0,98,238
05/30/2000,BDR,CT,ANE,EN,Federal Contract Tower,0,4,28,0,32,0,2,123,0,125,0,6,151,0,157,98,0,98,255
05/31/2000,BDR,CT,ANE,EN,Federal Contract Tower,0,4,31,1,36,0,4,105,3,112,0,8,136,4,148,162,0,162,310
06/01/2000,BDR,CT,ANE,EN,Federal Contract Tower,0,1,20,1,22,0,0,131,1,132,0,1,151,2,154,243,0,243,397
06/02/2000,BDR,CT,ANE,EN,Federal Contract Tower,0,3,26,0,29,0,6,101,0,107,0,9,127,0,136,168,0,168,304
06/03/2000,BDR,CT,ANE,EN,Federal Contract Tower,0,1,10,1,12,0,0,144,2,146,0,1,154,3,158,190,0,190,348
06/04/2000,BDR,CT,ANE,EN,Federal Contract Tower,0,3,17,1,21,0,0,194,0,194,0,3,211,1,215,208,0,208,423
06/05/2000,BDR,CT,ANE,EN,Federal Contract Tower,0,2,16,1,19,0,0,59,1,60,0,2,75,2,79,100,0,100,179
06/06/2000,BDR,CT,ANE,EN,Federal Contract Tower,0,3,24,0,27,0,0,9,0,9,0,3,33,0,36,0,0,0,36
06/07/2000,BDR,CT,ANE,EN,Federal Contract Tower,0,4,32,0,36,0,0,115,0,115,0,4,147,0,151,156,0,156,307
06/08/2000,BDR,CT,ANE,EN,Federal Contract Tower,0,4,24,0,28,0,1,141,0,142,0,5,165,0,170,254,0,254,424
06/09/2000,BDR,CT,ANE,EN,Federal Contract Tower,0,3,19,1,23,0,2,173,4,179,0,5,192,5,202,162,6,168,370
06/10/2000,BDR,CT,ANE,EN,Federal Contract Tower,0,0,7,1,8,0,0,174,0,174,0,0,181,1,182,278,0,278,460
06/11/2000,BDR,CT,ANE,EN,Federal Contract Tower,0,0,16,1,17,0,0,140,2,142,0,0,156,3,159,86,0,86,245
06/12/2000,BDR,CT,ANE,EN,Federal Contract Tower,0,5,50,3,58,0,0,3,5,8,0,5,53,8,66,0,0,0,66
06/13/2000,BDR,CT,ANE,EN,Federal Contract Tower,0,3,33,1,37,0,0,46,0,46,0,3,79,1,83,16,0,16,99
06/14/2000,BDR,CT,ANE,EN,Federal Contract Tower,0,2,35,0,37,0,0,62,0,62,0,2,97,0,99,114,0,114,213
06/15/2000,BDR,CT,ANE,EN,Federal Contract Tower,0,4,22,0,26,0,1,4,0,5,0,5,26,0,31,0,0,0,31
06/16/2000,BDR,CT,ANE,EN,Federal Contract Tower,0,4,21,0,25,0,0,102,0,102,0,4,123,0,127,166,0,166,293
06/17/2000,BDR,CT,ANE,EN,Federal Contract Tower,0,4,19,0,23,0,1,91,0,92,0,5,110,0,115,160,0,160,275
06/18/2000,BDR,CT,ANE,EN,Federal Contract Tower,0,2,25,0,27,0,0,99,0,99,0,2,124,0,126,172,0,172,298
06/19/2000,BDR,CT,ANE,EN,Federal Contract Tower,0,4,47,1,52,0,0,82,1,83,0,4,129,2,135,64,0,64,199
06/20/2000,BDR,CT,ANE,EN,Federal Contract Tower,0,3,17,0,20,0,6,194,3,203,0,9,211,3,223,210,0,210,433
06/21/2000,BDR,CT,ANE,EN,Federal Contract Tower,0,4,28,1,33,0,0,111,2,113,0,4,139,3,146,168,0,168,314
06/22/2000,BDR,CT,ANE,EN,Federal Contract Tower,0,4,26,1,31,0,1,105,3,109,0,5,131,4,140,160,0,160,300
06/23/2000,BDR,CT,ANE,EN,Federal Contract Tower,0,3,17,0,20,0,5,199,1,205,0,8,216,1,225,278,0,278,503
06/24/2000,BDR,CT,ANE,EN,Federal Contract Tower,0,2,12,0,14,0,0,167,0,167,0,2,179,0,181,194,0,194,375
06/25/2000,BDR,CT,ANE,EN,Federal Contract Tower,0,6,35,0,41,0,2,92,0,94,0,8,127,0,135,98,0,98,233
06/26/2000,BDR,CT,ANE,EN,Federal Contract Tower,0,9,49,0,58,0,11,104,0,115,0,20,153,0,173,142,0,142,315
06/27/2000,BDR,CT,ANE,EN,Federal Contract Tower,0,6,39,1,46,0,5,50,3,58,0,11,89,4,104,40,0,40,144
06/28/2000,BDR,CT,ANE,EN,Federal Contract Tower,0,4,41,1,46,0,0,166,3,169,0,4,207,4,215,256,0,256,471
06/29/2000,BDR,CT,ANE,EN,Federal Contract Tower,0,7,40,1,48,0,1,90,5,96,0,8,130,6,144,166,0,166,310
06/30/2000,BDR,CT,ANE,EN,Federal Contract Tower,0,7,41,1,49,0,7,213,0,220,0,14,254,1,269,232,0,232,501
07/01/2000,BDR,CT,ANE,EN,Federal Contract Tower,0,2,18,1,21,0,1,236,5,242,0,3,254,6,263,160,10,170,433
07/02/2000,BDR,CT,ANE,EN,Federal Contract Tower,0,2,14,1,17,0,1,163,0,164,0,3,177,1,181,212,0,212,393
07/03/2000,BDR,CT,ANE,EN,Federal Contract Tower,0,1,11,0,12,0,0,116,0,116,0,1,127,0,128,134,0,134,262
07/04/2000,BDR,CT,ANE,EN,Federal Contract Tower,0,2,31,0,33,0,0,45,0,45,0,2,76,0,78,30,0,30,108
07/05/2000,BDR,CT,ANE,EN,Federal Contract Tower,0,5,31,0,36,0,5,147,0,152,0,10,178,0,188,112,0,112,300
07/06/2000,BDR,CT,ANE,EN,Federal Contract Tower,0,4,30,1,35,0,0,132,1,133,0,4,162,2,168,180,0,180,348
07/07/2000,BDR,CT,ANE,EN,Federal Contract Tower,0,6,34,1,41,0,6,175,1,182,0,12,209,2,223,172,0,172,395
07/08/2000,BDR,CT,ANE,EN,Federal Contract Tower,0,2,13,1,16,0,0,157,0,157,0,2,170,1,173,158,0,158,331
07/09/2000,BDR,CT,ANE,EN,Federal Contract Tower,0,3,16,0,19,0,0,160,0,160,0,3,176,0,179,168,0,168,347
07/10/2000,BDR,CT,ANE,EN,Federal Contract Tower,0,5,26,0,31,0,1,74,0,75,0,6,100,0,106,46,0,46,152
07/11/2000,BDR,CT,ANE,EN,Federal Contract Tower,0,1,18,1,20,0,0,173,1,174,0,1,191,2,194,174,0,174,368
07/12/2000,BDR,CT,ANE,EN,Federal Contract Tower,0,4,26,1,31,0,0,186,3,189,0,4,212,4,220,186,0,186,406
07/13/2000,BDR,CT,ANE,EN,Federal Contract Tower,0,6,35,0,41,0,2,161,0,163,0,8,196,0,204,212,0,212,416
07/14/2000,BDR,CT,ANE,EN,Federal Contract Tower,0,3,29,0,32,0,0,127,0,127,0,3,156,0,159,120,0,120,279
07/15/2000,BDR,CT,ANE,EN,Federal Contract Tower,0,0,12,0,12,0,0,7,0,7,0,0,19,0,19,14,0,14,33
07/16/2000,BDR,CT,ANE,EN,Federal Contract Tower,0,0,21,0,21,0,0,104,0,104,0,0,125,0,125,222,0,222,347
07/17/2000,BDR,CT,ANE,EN,Federal Contract Tower,0,8,52,2,62,0,1,37,2,40,0,9,89,4,102,48,0,48,150
07/18/2000,BDR,CT,ANE,EN,Federal Contract Tower,0,3,28,0,31,0,0,67,4,71,0,3,95,4,102,92,6,98,200
07/19/2000,BDR,CT,ANE,EN,Federal Contract Tower,0,1,21,0,22,0,0,132,0,132,0,1,153,0,154,240,0,240,394
07/20/2000,BDR,CT,ANE,EN,Federal Contract Tower,0,4,23,0,27,0,2,138,2,142,0,6,161,2,169,223,0,223,392
07/21/2000,BDR,CT,ANE,EN,Federal Contract Tower,0,6,44,1,51,0,14,113,1,128,0,20,157,2,179,128,0,128,307
07/22/2000,BDR,CT,ANE,EN,Federal Contract Tower,0,4,24,0,28,0,4,137,0,141,0,8,161,0,169,220,0,220,389
07/23/2000,BDR,CT,ANE,EN,Federal Contract Tower,0,4,25,0,29,0,4,240,0,244,0,8,265,0,273,304,0,304,577
07/24/2000,BDR,CT,ANE,EN,Federal Contract Tower,0,7,54,1,62,0,0,115,3,118,0,7,169,4,180,196,0,196,376
07/25/2000,BDR,CT,ANE,EN,Federal Contract Tower,0,3,27,0,30,0,0,92,2,94,0,3,119,2,124,200,0,200,324
07/26/2000,BDR,CT,ANE,EN,Federal Contract Tower,0,6,49,1,56,0,0,3,1,4,0,6,52,2,60,0,0,0,60
07/27/2000,BDR,CT,ANE,EN,Federal Contract Tower,0,2,46,0,48,0,0,7,0,7,0,2,53,0,55,0,0,0,55
07/28/2000,BDR,CT,ANE,EN,Federal Contract Tower,0,9,58,1,68,0,3,71,3,77,0,12,129,4,145,86,0,86,231
07/29/2000,BDR,CT,ANE,EN,Federal Contract Tower,0,1,35,0,36,0,0,28,0,28,0,1,63,0,64,16,0,16,80
07/30/2000,BDR,CT,ANE,EN,Federal Contract Tower,0,4,53,0,57,0,0,7,0,7,0,4,60,0,64,0,0,0,64
07/31/2000,BDR,CT,ANE,EN,Federal Contract Tower,0,3,44,1,48,0,0,2,1,3,0,3,46,2,51,0,0,0,51
08/01/2000,BDR,CT,ANE,EN,Federal Contract Tower,0,5,46,2,53,0,0,4,3,7,0,5,50,5,60,0,0,0,60
08/02/2000,BDR,CT,ANE,EN,Federal Contract Tower,0,2,36,0,38,0,0,34,0,34,0,2,70,0,72,46,0,46,118
08/03/2000,BDR,CT,ANE,EN,Federal Contract Tower,0,1,50,2,53,0,0,25,0,25,0,1,75,2,78,6,0,6,84
08/04/2000,BDR,CT,ANE,EN,Federal Contract Tower,0,7,36,0,43,0,1,173,0,174,0,8,209,0,217,158,0,158,375
08/05/2000,BDR,CT,ANE,EN,Federal Contract Tower,0,2,12,0,14,0,4,218,0,222,0,6,230,0,236,184,0,184,420
08/06/2000,BDR,CT,ANE,EN,Federal Contract Tower,0,3,26,1,30,0,0,167,5,172,0,3,193,6,202,174,0,174,376
08/07/2000,BDR,CT,ANE,EN,Federal Contract Tower,0,7,41,1,49,0,2,61,3,66,0,9,102,4,115,64,0,64,179
08/08/2000,BDR,CT,ANE,EN,Federal Contract Tower,0,3,19,1,23,0,1,183,3,187,0,4,202,4,210,202,0,202,412
08/09/2000,BDR,CT,ANE,EN,Federal Contract Tower,0,5,30,0,35,0,3,85,0,88,0,8,115,0,123,116,0,116,239
08/10/2000,BDR,CT,ANE,EN,Federal Contract Tower,0,4,21,1,26,0,4,181,1,186,0,8,202,2,212,144,0,144,356
08/11/2000,BDR,CT,ANE,EN,Federal Contract Tower,0,7,39,1,47,0,2,89,4,95,0,9,128,5,142,178,0,178,320
08/12/2000,BDR,CT,ANE,EN,Federal Contract Tower,0,5,31,0,36,0,4,34,0,38,0,9,65,0,74,72,0,72,146
08/13/2000,BDR,CT,ANE,EN,Federal Contract Tower,0,4,38,1,43,0,0,62,2,64,0,4,100,3,107,68,0,68,175
08/14/2000,BDR,CT,ANE,EN,Federal Contract Tower,0,6,31,0,37,0,1,16,0,17,0,7,47,0,54,0,0,0,54
08/15/2000,BDR,CT,ANE,EN,Federal Contract Tower,0,3,32,0,35,0,0,101,0,101,0,3,133,0,136,80,0,80,216
08/16/2000,BDR,CT,ANE,EN,Federal Contract Tower,0,4,25,0,29,0,0,73,0,73,0,4,98,0,102,98,0,98,200
08/17/2000,BDR,CT,ANE,EN,Federal Contract Tower,0,3,22,1,26,0,0,218,1,219,0,3,240,2,245,184,0,184,429
08/18/2000,BDR,CT,ANE,EN,Federal Contract Tower,0,7,42,0,49,0,5,75,0,80,0,12,117,0,129,108,0,108,237
08/19/2000,BDR,CT,ANE,EN,Federal Contract Tower,0,3,26,0,29,0,0,212,1,213,0,3,238,1,242,188,0,188,430
08/20/2000,BDR,CT,ANE,EN,Federal Contract Tower,0,2,15,0,17,0,2,225,1,228,0,4,240,1,245,130,0,130,375
08/21/2000,BDR,CT,ANE,EN,Federal Contract Tower,0,1,26,0,27,0,0,181,0,181,0,1,207,0,208,280,0,280,488
08/22/2000,BDR,CT,ANE,EN,Federal Contract Tower,0,2,27,0,29,0,0,160,0,160,0,2,187,0,189,190,0,190,379
08/23/2000,BDR,CT,ANE,EN,Federal Contract Tower,0,5,34,0,39,0,0,61,2,63,0,5,95,2,102,142,0,142,244
08/24/2000,BDR,CT,ANE,EN,Federal Contract Tower,0,6,32,0,38,0,5,65,1,71,0,11,97,1,109,140,0,140,249
08/25/2000,BDR,CT,ANE,EN,Federal Contract Tower,0,4,25,0,29,0,6,210,4,220,0,10,235,4,249,222,2,224,473
08/26/2000,BDR,CT,ANE,EN,Federal Contract Tower,0,1,17,0,18,0,0,247,0,247,0,1,264,0,265,188,0,188,453
08/27/2000,BDR,CT,ANE,EN,Federal Contract Tower,0,4,25,0,29,0,5,187,1,193,0,9,212,1,222,208,0,208,430
08/28/2000,BDR,CT,ANE,EN,Federal Contract Tower,0,6,36,0,42,0,5,25,0,30,0,11,61,0,72,24,0,24,96
08/29/2000,BDR,CT,ANE,EN,Federal Contract Tower,0,4,25,0,29,0,5,116,0,121,0,9,141,0,150,172,0,172,322
08/30/2000,BDR,CT,ANE,EN,Federal Contract Tower,0,3,43,0,46,0,0,56,0,56,0,3,99,0,102,105,0,105,207
08/31/2000,BDR,CT,ANE,EN,Federal Contract Tower,0,5,32,0,37,0,2,62,0,64,0,7,94,0,101,44,0,44,145
09/01/2000,BDR,CT,ANE,EN,Federal Contract Tower,0,5,29,0,34,0,0,70,0,70,0,5,99,0,104,68,0,68,172
09/02/2000,BDR,CT,ANE,EN,Federal Contract Tower,0,5,22,0,27,0,2,19,0,21,0,7,41,0,48,28,0,28,76
09/03/2000,BDR,CT,ANE,EN,Federal Contract Tower,0,3,29,0,32,0,0,4,0,4,0,3,33,0,36,0,0,0,36
09/04/2000,BDR,CT,ANE,EN,Federal Contract Tower,0,1,26,0,27,0,0,71,0,71,0,1,97,0,98,86,0,86,184
09/05/2000,BDR,CT,ANE,EN,Federal Contract Tower,0,3,18,0,21,0,2,151,0,153,0,5,169,0,174,110,0,110,284
09/06/2000,BDR,CT,ANE,EN,Federal Contract Tower,0,3,16,0,19,0,3,178,0,181,0,6,194,0,200,154,0,154,354
09/07/2000,BDR,CT,ANE,EN,Federal Contract Tower,0,6,32,0,38,0,4,149,0,153,0,10,181,0,191,250,8,258,449
09/08/2000,BDR,CT,ANE,EN,Federal Contract Tower,0,5,24,1,30,0,3,143,1,147,0,8,167,2,177,158,0,158,335
09/09/2000,BDR,CT,ANE,EN,Federal Contract Tower,0,5,28,0,33,0,0,119,0,119,0,5,147,0,152,208,0,208,360
09/10/2000,BDR,CT,ANE,EN,Federal Contract Tower,0,4,20,0,24,0,2,240,0,242,0,6,260,0,266,220,0,220,486
09/11/2000,BDR,CT,ANE,EN,Federal Contract Tower,0,6,31,1,38,0,3,66,1,70,0,9,97,2,108,76,2,78,186
09/12/2000,BDR,CT,ANE,EN,Federal Contract Tower,0,4,18,0,22,0,0,74,0,74,0,4,92,0,96,163,0,163,259
09/13/2000,BDR,CT,ANE,EN,Federal Contract Tower,0,3,23,1,27,0,0,103,1,104,0,3,126,2,131,120,0,120,251
09/14/2000,BDR,CT,ANE,EN,Federal Contract Tower,0,5,23,0,28,0,1,200,0,201,0,6,223,0,229,226,0,226,455
09/15/2000,BDR,CT,ANE,EN,Federal Contract Tower,0,7,36,0,43,0,11,49,0,60,0,18,85,0,103,70,0,70,173
09/16/2000,BDR,CT,ANE,EN,Federal Contract Tower,0,0,9,0,9,0,0,174,0,174,0,0,183,0,183,190,0,190,373
09/17/2000,BDR,CT,ANE,EN,Federal Contract Tower,0,3,16,0,19,0,1,156,4,161,0,4,172,4,180,140,0,140,320
09/18/2000,BDR,CT,ANE,EN,Federal Contract Tower,0,2,11,0,13,0,0,166,0,166,0,2,177,0,179,154,0,154,333
09/19/2000,BDR,CT,ANE,EN,Federal Contract Tower,0,1,35,0,36,0,0,36,2,38,0,1,71,2,74,96,0,96,170
09/20/2000,BDR,CT,ANE,EN,Federal Contract Tower,0,7,35,0,42,0,6,133,0,139,0,13,168,0,181,218,0,218,399
09/21/2000,BDR,CT,ANE,EN,Federal Contract Tower,0,5,24,0,29,0,2,82,2,86,0,7,106,2,115,44,0,44,159
09/22/2000,BDR,CT,ANE,EN,Federal Contract Tower,0,6,29,0,35,0,1,190,0,191,0,7,219,0,226,144,0,144,370
09/23/2000,BDR,CT,ANE,EN,Federal Contract Tower,0,3,33,0,36,0,0,94,0,94,0,3,127,0,130,134,0,134,264
09/24/2000,BDR,CT,ANE,EN,Federal Contract Tower,0,2,33,0,35,0,0,33,0,33,0,2,66,0,68,40,0,40,108
09/25/2000,BDR,CT,ANE,EN,Federal Contract Tower,0,2,15,0,17,0,0,145,0,145,0,2,160,0,162,188,0,188,350
09/26/2000,BDR,CT,ANE,EN,Federal Contract Tower,0,4,25,0,29,0,0,1,2,3,0,4,26,2,32,0,0,0,32
09/27/2000,BDR,CT,ANE,EN,Federal Contract Tower,0,5,26,0,31,0,2,175,0,177,0,7,201,0,208,248,0,248,456
09/28/2000,BDR,CT,ANE,EN,Federal Contract Tower,0,4,21,0,25,0,5,114,0,119,0,9,135,0,144,266,8,274,418
09/29/2000,BDR,CT,ANE,EN,Federal Contract Tower,0,5,24,0,29,0,4,131,0,135,0,9,155,0,164,250,0,250,414
09/30/2000,BDR,CT,ANE,EN,Federal Contract Tower,0,1,14,0,15,0,0,187,1,188,0,1,201,1,203,292,0,292,495
10/01/2000,BDR,CT,ANE,EN,Federal Contract Tower,0,2,16,0,18,0,0,192,0,192,0,2,208,0,210,164,0,164,374
10/02/2000,BDR,CT,ANE,EN,Federal Contract Tower,0,5,27,1,33,0,0,61,3,64,0,5,88,4,97,90,0,90,187
10/03/2000,BDR,CT,ANE,EN,Federal Contract Tower,0,4,20,1,25,0,3,100,1,104,0,7,120,2,129,136,0,136,265
10/04/2000,BDR,CT,ANE,EN,Federal Contract Tower,0,6,24,1,31,0,1,121,1,123,0,7,145,2,154,172,0,172,326
10/05/2000,BDR,CT,ANE,EN,Federal Contract Tower,0,7,25,1,33,0,3,52,4,59,0,10,77,5,92,90,0,90,182
10/06/2000,BDR,CT,ANE,EN,Federal Contract Tower,0,9,66,2,77,0,0,15,0,15,0,9,81,2,92,0,0,0,92
10/07/2000,BDR,CT,ANE,EN,Federal Contract Tower,0,4,16,0,20,0,0,238,0,238,0,4,254,0,258,262,0,262,520
10/08/2000,BDR,CT,ANE,EN,Federal Contract Tower,0,1,15,1,17,0,0,222,0,222,0,1,237,1,239,168,0,168,407
10/09/2000,BDR,CT,ANE,EN,Federal Contract Tower,0,6,23,0,29,0,2,120,0,122,0,8,143,0,151,192,0,192,343
10/10/2000,BDR,CT,ANE,EN,Federal Contract Tower,0,2,12,0,14,0,0,78,0,78,0,2,90,0,92,88,0,88,180
10/11/2000,BDR,CT,ANE,EN,Federal Contract Tower,0,5,29,2,36,0,0,141,3,144,0,5,170,5,180,170,0,170,350
10/12/2000,BDR,CT,ANE,EN,Federal Contract Tower,0,6,25,0,31,0,2,167,0,169,0,8,192,0,200,270,6,276,476
10/13/2000,BDR,CT,ANE,EN,Federal Contract Tower,0,3,14,0,17,0,9,175,0,184,0,12,189,0,201,252,8,260,461
10/14/2000,BDR,CT,ANE,EN,Federal Contract Tower,0,5,22,0,27,0,0,238,0,238,0,5,260,0,265,330,0,330,595
10/15/2000,BDR,CT,ANE,EN,Federal Contract Tower,0,0,17,0,17,0,0,268,0,268,0,0,285,0,285,298,0,298,583
10/16/2000,BDR,CT,ANE,EN,Federal Contract Tower,0,3,44,2,49,0,0,29,2,31,0,3,73,4,80,14,0,14,94
10/17/2000,BDR,CT,ANE,EN,Federal Contract Tower,0,8,32,2,42,0,2,43,3,48,0,10,75,5,90,56,0,56,146
10/18/2000,BDR,CT,ANE,EN,Federal Contract Tower,0,6,28,0,34,0,0,5,0,5,0,6,33,0,39,0,0,0,39
10/19/2000,BDR,CT,ANE,EN,Federal Contract Tower,0,8,34,0,42,0,7,117,0,124,0,15,151,0,166,100,0,100,266
10/20/2000,BDR,CT,ANE,EN,Federal Contract Tower,0,6,25,0,31,0,2,140,2,144,0,8,165,2,175,176,2,178,353
10/21/2000,BDR,CT,ANE,EN,Federal Contract Tower,0,3,15,0,18,0,0,193,0,193,0,3,208,0,211,300,0,300,511
10/22/2000,BDR,CT,ANE,EN,Federal Contract Tower,0,5,21,0,26,0,1,166,0,167,0,6,187,0,193,250,0,250,443
10/23/2000,BDR,CT,ANE,EN,Federal Contract Tower,0,3,17,0,20,0,0,138,4,142,0,3,155,4,162,186,0,186,348
10/24/2000,BDR,CT,ANE,EN,Federal Contract Tower,0,4,17,0,21,0,2,154,0,156,0,6,171,0,177,194,0,194,371
10/25/2000,BDR,CT,ANE,EN,Federal Contract Tower,0,5,24,0,29,0,0,162,0,162,0,5,186,0,191,232,0,232,423
10/26/2000,BDR,CT,ANE,EN,Federal Contract Tower,0,3,26,0,29,0,0,79,0,79,0,3,105,0,108,116,0,116,224
10/27/2000,BDR,CT,ANE,EN,Federal Contract Tower,0,7,37,0,44,0,0,48,0,48,0,7,85,0,92,40,0,40,132
10/28/2000,BDR,CT,ANE,EN,Federal Contract Tower,0,0,7,0,7,0,0,36,0,36,0,0,43,0,43,36,0,36,79
10/29/2000,BDR,CT,ANE,EN,Federal Contract Tower,0,1,12,0,13,0,0,43,1,44,0,1,55,1,57,76,0,76,133
10/30/2000,BDR,CT,ANE,EN,Federal Contract Tower,0,7,26,0,33,0,2,60,0,62,0,9,86,0,95,26,0,26,121
10/31/2000,BDR,CT,ANE,EN,Federal Contract Tower,0,5,22,0,27,0,3,58,4,65,0,8,80,4,92,84,0,84,176
11/01/2000,BDR,CT,ANE,EN,Federal Contract Tower,0,5,31,0,36,0,0,103,0,103,0,5,134,0,139,102,0,102,241
11/02/2000,BDR,CT,ANE,EN,Federal Contract Tower,0,9,31,0,40,0,2,162,0,164,0,11,193,0,204,202,0,202,406
11/03/2000,BDR,CT,ANE,EN,Federal Contract Tower,0,4,27,1,32,0,0,177,0,177,0,4,204,1,209,212,0,212,421
11/04/2000,BDR,CT,ANE,EN,Federal Contract Tower,0,1,14,0,15,0,0,187,0,187,0,1,201,0,202,398,0,398,600
11/05/2000,BDR,CT,ANE,EN,Federal Contract Tower,0,2,10,0,12,0,3,79,0,82,0,5,89,0,94,103,0,103,197
11/06/2000,BDR,CT,ANE,EN,Federal Contract Tower,0,4,14,0,18,0,0,97,0,97,0,4,111,0,115,144,0,144,259
11/07/2000,BDR,CT,ANE,EN,Federal Contract Tower,0,4,16,0,20,0,1,134,0,135,0,5,150,0,155,208,0,208,363
11/08/2000,BDR,CT,ANE,EN,Federal Contract Tower,0,5,17,0,22,0,1,136,0,137,0,6,153,0,159,204,0,204,363
11/09/2000,BDR,CT,ANE,EN,Federal Contract Tower,0,7,26,0,33,0,1,74,0,75,0,8,100,0,108,92,0,92,200
11/10/2000,BDR,CT,ANE,EN,Federal Contract Tower,0,6,20,0,26,0,1,3,0,4,0,7,23,0,30,0,0,0,30
11/11/2000,BDR,CT,ANE,EN,Federal Contract Tower,0,1,26,0,27,0,0,19,0,19,0,1,45,0,46,40,0,40,86
11/12/2000,BDR,CT,ANE,EN,Federal Contract Tower,0,6,27,0,33,0,0,166,0,166,0,6,193,0,199,350,0,350,549
11/13/2000,BDR,CT,ANE,EN,Federal Contract Tower,0,5,29,1,35,0,0,54,0,54,0,5,83,1,89,94,0,94,183
11/14/2000,BDR,CT,ANE,EN,Federal Contract Tower,0,4,14,1,19,0,0,7,1,8,0,4,21,2,27,16,0,16,43
11/15/2000,BDR,CT,ANE,EN,Federal Contract Tower,0,5,20,0,25,0,9,63,2,74,0,14,83,2,99,94,0,94,193
11/16/2000,BDR,CT,ANE,EN,Federal Contract Tower,0,8,31,0,39,0,8,107,6,121,0,16,138,6,160,92,0,92,252
11/17/2000,BDR,CT,ANE,EN,Federal Contract Tower,0,4,16,0,20,0,3,76,0,79,0,7,92,0,99,44,0,44,143
11/18/2000,BDR,CT,ANE,EN,Federal Contract Tower,0,4,14,0,18,0,2,182,0,184,0,6,196,0,202,328,0,328,530
11/19/2000,BDR,CT,ANE,EN,Federal Contract Tower,0,3,21,0,24,0,0,174,0,174,0,3,195,0,198,174,0,174,372
11/20/2000,BDR,CT,ANE,EN,Federal Contract Tower,0,6,23,0,29,0,2,98,0,100,0,8,121,0,129,114,0,114,243
11/21/2000,BDR,CT,ANE,EN,Federal Contract Tower,0,4,20,0,24,0,0,86,0,86,0,4,106,0,110,114,0,114,224
11/22/2000,BDR,CT,ANE,EN,Federal Contract Tower,0,7,25,0,32,0,1,90,0,91,0,8,115,0,123,10,0,10,133
11/23/2000,BDR,CT,ANE,EN,Federal Contract Tower,0,0,2,0,2,0,0,52,0,52,0,0,54,0,54,60,0,60,114
11/24/2000,BDR,CT,ANE,EN,Federal Contract Tower,0,3,12,0,15,0,3,122,0,125,0,6,134,0,140,154,0,154,294
11/25/2000,BDR,CT,ANE,EN,Federal Contract Tower,0,0,16,0,16,0,0,151,0,151,0,0,167,0,167,252,0,252,419
11/26/2000,BDR,CT,ANE,EN,Federal Contract Tower,0,2,29,0,31,0,0,6,0,6,0,2,35,0,37,0,0,0,37
11/27/2000,BDR,CT,ANE,EN,Federal Contract Tower,0,2,20,0,22,0,0,79,0,79,0,2,99,0,101,39,0,39,140
11/28/2000,BDR,CT,ANE,EN,Federal Contract Tower,0,4,17,0,21,0,3,130,2,135,0,7,147,2,156,256,0,256,412
11/29/2000,BDR,CT,ANE,EN,Federal Contract Tower,0,7,35,0,42,0,0,107,3,110,0,7,142,3,152,242,7,249,401
11/30/2000,BDR,CT,ANE,EN,Federal Contract Tower,0,5,18,0,23,0,4,23,0,27,0,9,41,0,50,18,0,18,68
12/01/2000,BDR,CT,ANE,EN,Federal Contract Tower,0,6,24,0,30,0,0,91,0,91,0,6,115,0,121,186,0,186,307
12/02/2000,BDR,CT,ANE,EN,Federal Contract Tower,0,4,15,0,19,0,2,114,0,116,0,6,129,0,135,185,0,185,320
12/03/2000,BDR,CT,ANE,EN,Federal Contract Tower,0,2,9,0,11,0,0,140,0,140,0,2,149,0,151,267,0,267,418
12/04/2000,BDR,CT,ANE,EN,Federal Contract Tower,0,5,16,0,21,0,1,107,0,108,0,6,123,0,129,132,2,134,263
12/05/2000,BDR,CT,ANE,EN,Federal Contract Tower,0,1,14,0,15,0,0,86,0,86,0,1,100,0,101,120,0,120,221
12/06/2000,BDR,CT,ANE,EN,Federal Contract Tower,0,9,34,0,43,0,0,77,0,77,0,9,111,0,120,118,0,118,238
12/07/2000,BDR,CT,ANE,EN,Federal Contract Tower,0,3,15,0,18,0,0,78,4,82,0,3,93,4,100,92,0,92,192
12/08/2000,BDR,CT,ANE,EN,Federal Contract Tower,0,4,16,0,20,0,0,9,0,9,0,4,25,0,29,0,0,0,29
12/09/2000,BDR,CT,ANE,EN,Federal Contract Tower,0,1,14,0,15,0,0,152,0,152,0,1,166,0,167,254,0,254,421
12/10/2000,BDR,CT,ANE,EN,Federal Contract Tower,0,3,12,0,15,0,1,120,0,121,0,4,132,0,136,242,0,242,378
12/11/2000,BDR,CT,ANE,EN,Federal Contract Tower,0,2,28,0,30,0,0,22,0,22,0,2,50,0,52,14,0,14,66
12/12/2000,BDR,CT,ANE,EN,Federal Contract Tower,0,3,15,0,18,0,5,3,0,8,0,8,18,0,26,0,0,0,26
12/13/2000,BDR,CT,ANE,EN,Federal Contract Tower,0,4,22,1,27,0,0,102,1,103,0,4,124,2,130,140,0,140,270
12/14/2000,BDR,CT,ANE,EN,Federal Contract Tower,0,4,26,1,31,0,0,20,1,21,0,4,46,2,52,12,0,12,64
12/15/2000,BDR,CT,ANE,EN,Federal Contract Tower,0,4,17,0,21,0,2,142,0,144,0,6,159,0,165,172,0,172,337
12/16/2000,BDR,CT,ANE,EN,Federal Contract Tower,0,0,7,0,7,0,0,9,0,9,0,0,16,0,16,28,0,28,44
12/17/2000,BDR,CT,ANE,EN,Federal Contract Tower,0,0,3,0,3,0,1,0,0,1,0,1,3,0,4,0,0,0,4
12/18/2000,BDR,CT,ANE,EN,Federal Contract Tower,0,3,19,1,23,0,0,88,1,89,0,3,107,2,112,76,0,76,188
12/19/2000,BDR,CT,ANE,EN,Federal Contract Tower,0,4,16,0,20,0,3,65,0,68,0,7,81,0,88,126,0,126,214
12/20/2000,BDR,CT,ANE,EN,Federal Contract Tower,0,3,13,0,16,0,1,23,6,30,0,4,36,6,46,0,0,0,46
12/21/2000,BDR,CT,ANE,EN,Federal Contract Tower,0,4,20,0,24,0,0,114,0,114,0,4,134,0,138,158,0,158,296
12/22/2000,BDR,CT,ANE,EN,Federal Contract Tower,0,2,18,0,20,0,0,10,0,10,0,2,28,0,30,0,0,0,30
12/23/2000,BDR,CT,ANE,EN,Federal Contract Tower,0,3,16,0,19,0,2,90,0,92,0,5,106,0,111,102,0,102,213
12/24/2000,BDR,CT,ANE,EN,Federal Contract Tower,0,0,4,0,4,0,1,64,0,65,0,1,68,0,69,90,0,90,159
12/25/2000,BDR,CT,ANE,EN,Federal Contract Tower,0,1,6,0,7,0,2,11,0,13,0,3,17,0,20,0,0,0,20
12/26/2000,BDR,CT,ANE,EN,Federal Contract Tower,0,4,20,0,24,0,3,61,0,64,0,7,81,0,88,30,0,30,118
12/27/2000,BDR,CT,ANE,EN,Federal Contract Tower,0,4,18,0,22,0,0,75,0,75,0,4,93,0,97,94,0,94,191
12/28/2000,BDR,CT,ANE,EN,Federal Contract Tower,0,3,13,0,16,0,1,55,0,56,0,4,68,0,72,34,0,34,106
12/29/2000,BDR,CT,ANE,EN,Federal Contract Tower,0,2,9,0,11,0,0,124,0,124,0,2,133,0,135,102,0,102,237
12/30/2000,BDR,CT,ANE,EN,Federal Contract Tower,0,0,0,0,0,0,1,0,0,1,0,1,0,0,1,0,0,0,1
12/31/2000,BDR,CT,ANE,EN,Federal Contract Tower,0,0,2,0,2,0,0,4,0,4,0,0,6,0,6,2,0,2,8
01/01/2001,BDR,CT,ANE,EN,Federal Contract Tower,0,0,6,0,6,0,4,33,0,37,0,4,39,0,43,12,0,12,55
01/02/2001,BDR,CT,ANE,EN,Federal Contract Tower,0,3,8,0,11,0,0,63,0,63,0,3,71,0,74,36,0,36,110
01/03/2001,BDR,CT,ANE,EN,Federal Contract Tower,0,5,10,0,15,0,2,68,0,70,0,7,78,0,85,46,0,46,131
01/04/2001,BDR,CT,ANE,EN,Federal Contract Tower,0,3,11,0,14,0,3,69,0,72,0,6,80,0,86,98,0,98,184
01/05/2001,BDR,CT,ANE,EN,Federal Contract Tower,0,5,16,0,21,0,1,28,0,29,0,6,44,0,50,28,12,40,90
01/06/2001,BDR,CT,ANE,EN,Federal Contract Tower,0,2,8,0,10,0,1,75,0,76,0,3,83,0,86,96,0,96,182
01/07/2001,BDR,CT,ANE,EN,Federal Contract Tower,0,3,10,0,13,0,0,150,0,150,0,3,160,0,163,376,0,376,539
01/08/2001,BDR,CT,ANE,EN,Federal Contract Tower,0,3,9,0,12,0,1,37,0,38,0,4,46,0,50,54,0,54,104
01/09/2001,BDR,CT,ANE,EN,Federal Contract Tower,0,5,18,2,25,0,1,19,4,24,0,6,37,6,49,10,8,18,67
01/10/2001,BDR,CT,ANE,EN,Federal Contract Tower,0,5,17,0,22,0,0,63,2,65,0,5,80,2,87,54,0,54,141
01/11/2001,BDR,CT,ANE,EN,Federal Contract Tower,0,8,27,0,35,0,5,85,0,90,0,13,112,0,125,150,0,150,275
01/12/2001,BDR,CT,ANE,EN,Federal Contract Tower,0,8,25,2,35,0,2,91,2,95,0,10,116,4,130,88,0,88,218
01/13/2001,BDR,CT,ANE,EN,Federal Contract Tower,0,2,15,0,17,0,0,155,1,156,0,2,170,1,173,246,0,246,419
01/14/2001,BDR,CT,ANE,EN,Federal Contract Tower,0,3,15,0,18,0,0,94,0,94,0,3,109,0,112,176,0,176,288
01/15/2001,BDR,CT,ANE,EN,Federal Contract Tower,0,3,15,0,18,0,0,2,0,2,0,3,17,0,20,0,0,0,20
01/16/2001,BDR,CT,ANE,EN,Federal Contract Tower,0,4,14,0,18,0,0,59,0,59,0,4,73,0,77,64,0,64,141
01/17/2001,BDR,CT,ANE,EN,Federal Contract Tower,0,6,17,0,23,0,0,101,0,101,0,6,118,0,124,128,0,128,252
01/18/2001,BDR,CT,ANE,EN,Federal Contract Tower,0,9,31,2,42,0,1,57,2,60,0,10,88,4,102,72,0,72,174
01/19/2001,BDR,CT,ANE,EN,Federal Contract Tower,0,3,9,0,12,0,0,0,2,2,0,3,9,2,14,0,0,0,14
01/20/2001,BDR,CT,ANE,EN,Federal Contract Tower,0,0,1,0,1,0,1,0,0,1,0,1,1,0,2,0,0,0,2
01/21/2001,BDR,CT,ANE,EN,Federal Contract Tower,0,1,8,0,9,0,0,19,0,19,0,1,27,0,28,12,0,12,40
01/22/2001,BDR,CT,ANE,EN,Federal Contract Tower,0,5,18,0,23,0,4,64,0,68,0,9,82,0,91,116,6,122,213
01/23/2001,BDR,CT,ANE,EN,Federal Contract Tower,0,6,26,2,34,0,0,98,2,100,0,6,124,4,134,88,0,88,222
01/24/2001,BDR,CT,ANE,EN,Federal Contract Tower,0,4,22,0,26,0,0,123,0,123,0,4,145,0,149,140,0,140,289
01/25/2001,BDR,CT,ANE,EN,Federal Contract Tower,0,4,22,1,27,0,0,77,0,77,0,4,99,1,104,30,0,30,134
01/26/2001,BDR,CT,ANE,EN,Federal Contract Tower,0,3,9,0,12,0,0,113,0,113,0,3,122,0,125,172,0,172,297
01/27/2001,BDR,CT,ANE,EN,Federal Contract Tower,0,0,6,0,6,0,0,42,0,42,0,0,48,0,48,128,0,128,176
01/28/2001,BDR,CT,ANE,EN,Federal Contract Tower,0,3,17,0,20,0,0,144,0,144,0,3,161,0,164,176,0,176,340
01/29/2001,BDR,CT,ANE,EN,Federal Contract Tower,0,4,15,0,19,0,0,83,4,87,0,4,98,4,106,146,0,146,252
01/30/2001,BDR,CT,ANE,EN,Federal Contract Tower,0,2,12,0,14,0,0,4,2,6,0,2,16,2,20,2,0,2,22
01/31/2001,BDR,CT,ANE,EN,Federal Contract Tower,0,2,20,1,23,0,0,71,2,73,0,2,91,3,96,92,0,92,188
02/01/2001,BDR,CT,ANE,EN,Federal Contract Tower,0,7,27,0,34,0,64,256,2,322,0,71,283,2,356,187,0,187,543
02/02/2001,BDR,CT,ANE,EN,Federal Contract Tower,0,2,19,0,21,0,0,17,2,19,0,2,36,2,40,18,0,18,58
02/03/2001,BDR,CT,ANE,EN,Federal Contract Tower,0,0,4,0,4,0,0,77,1,78,0,0,81,1,82,202,0,202,284
02/04/2001,BDR,CT,ANE,EN,Federal Contract Tower,0,3,18,0,21,0,0,94,0,94,0,3,112,0,115,242,0,242,357
02/05/2001,BDR,CT,ANE,EN,Federal Contract Tower,0,2,4,0,6,0,1,0,0,1,0,3,4,0,7,0,0,0,7
02/06/2001,BDR,CT,ANE,EN,Federal Contract Tower,0,2,16,0,18,0,0,26,0,26,0,2,42,0,44,14,0,14,58
02/07/2001,BDR,CT,ANE,EN,Federal Contract Tower,0,3,12,0,15,0,1,85,0,86,0,4,97,0,101,86,0,86,187
02/08/2001,BDR,CT,ANE,EN,Federal Contract Tower,0,4,20,1,25,0,2,72,1,75,0,6,92,2,100,108,0,108,208
02/09/2001,BDR,CT,ANE,EN,Federal Contract Tower,0,1,22,0,23,0,0,9,0,9,0,1,31,0,32,20,0,20,52
02/10/2001,BDR,CT,ANE,EN,Federal Contract Tower,0,0,4,0,4,0,2,7,0,9,0,2,11,0,13,0,0,0,13
02/11/2001,BDR,CT,ANE,EN,Federal Contract Tower,0,2,10,0,12,0,2,45,0,47,0,4,55,0,59,40,0,40,99
02/12/2001,BDR,CT,ANE,EN,Federal Contract Tower,0,1,8,0,9,0,4,95,0,99,0,5,103,0,108,168,0,168,276
02/13/2001,BDR,CT,ANE,EN,Federal Contract Tower,0,5,20,0,25,0,5,107,0,112,0,10,127,0,137,194,0,194,331
02/14/2001,BDR,CT,ANE,EN,Federal Contract Tower,0,2,39,1,42,0,0,34,0,34,0,2,73,1,76,30,2,32,108
02/15/2001,BDR,CT,ANE,EN,Federal Contract Tower,0,5,36,0,41,0,0,96,0,96,0,5,132,0,137,136,0,136,273
02/16/2001,BDR,CT,ANE,EN,Federal Contract Tower,0,3,27,0,30,0,0,20,0,20,0,3,47,0,50,26,0,26,76
02/17/2001,BDR,CT,ANE,EN,Federal Contract Tower,0,1,7,0,8,0,1,29,0,30,0,2,36,0,38,34,0,34,72
02/18/2001,BDR,CT,ANE,EN,Federal Contract Tower,0,2,18,0,20,0,0,151,0,151,0,2,169,0,171,310,0,310,481
02/19/2001,BDR,CT,ANE,EN,Federal Contract Tower,0,3,20,0,23,0,0,134,0,134,0,3,154,0,157,96,0,96,253
02/20/2001,BDR,CT,ANE,EN,Federal Contract Tower,0,2,14,0,16,0,0,103,0,103,0,2,117,0,119,166,2,168,287
02/21/2001,BDR,CT,ANE,EN,Federal Contract Tower,0,3,17,0,20,0,0,26,0,26,0,3,43,0,46,64,0,64,110
02/22/2001,BDR,CT,ANE,EN,Federal Contract Tower,0,5,24,0,29,0,0,75,0,75,0,5,99,0,104,158,0,158,262
02/23/2001,BDR,CT,ANE,EN,Federal Contract Tower,0,1,17,0,18,0,0,38,0,38,0,1,55,0,56,70,0,70,126
02/24/2001,BDR,CT,ANE,EN,Federal Contract Tower,0,2,19,0,21,0,0,120,0,120,0,2,139,0,141,286,0,286,427
02/25/2001,BDR,CT,ANE,EN,Federal Contract Tower,0,3,9,0,12,0,1,0,0,1,0,4,9,0,13,6,0,6,19
02/26/2001,BDR,CT,ANE,EN,Federal Contract Tower,0,2,13,0,15,0,1,31,0,32,0,3,44,0,47,34,0,34,81
02/27/2001,BDR,CT,ANE,EN,Federal Contract Tower,0,4,19,0,23,0,1,121,0,122,0,5,140,0,145,184,0,184,329
02/28/2001,BDR,CT,ANE,EN,Federal Contract Tower,0,4,18,0,22,0,5,81,0,86,0,9,99,0,108,102,0,102,210
03/01/2001,BDR,CT,ANE,EN,Federal Contract Tower,0,5,21,1,27,0,1,75,1,77,0,6,96,2,104,96,2,98,202
03/02/2001,BDR,CT,ANE,EN,Federal Contract Tower,0,6,28,0,34,0,0,6,0,6,0,6,34,0,40,0,0,0,40
03/03/2001,BDR,CT,ANE,EN,Federal Contract Tower,0,0,23,0,23,0,0,23,0,23,0,0,46,0,46,42,0,42,88
03/04/2001,BDR,CT,ANE,EN,Federal Contract Tower,0,1,8,0,9,0,0,10,0,10,0,1,18,0,19,10,0,10,29
03/05/2001,BDR,CT,ANE,EN,Federal Contract Tower,0,0,0,0,0,0,0,0,0,0,0,0,0,0,0,0,0,0,0
03/06/2001,BDR,CT,ANE,EN,Federal Contract Tower,0,0,2,0,2,0,1,0,0,1,0,1,2,0,3,0,0,0,3
03/07/2001,BDR,CT,ANE,EN,Federal Contract Tower,0,3,11,0,14,0,4,33,0,37,0,7,44,0,51,42,0,42,93
03/08/2001,BDR,CT,ANE,EN,Federal Contract Tower,0,5,24,0,29,0,1,83,0,84,0,6,107,0,113,174,0,174,287
03/09/2001,BDR,CT,ANE,EN,Federal Contract Tower,0,4,17,1,22,0,1,0,1,2,0,5,17,2,24,2,0,2,26
03/10/2001,BDR,CT,ANE,EN,Federal Contract Tower,0,1,7,0,8,0,0,55,0,55,0,1,62,0,63,134,0,134,197
03/11/2001,BDR,CT,ANE,EN,Federal Contract Tower,0,2,14,0,16,0,0,121,0,121,0,2,135,0,137,238,0,238,375
03/12/2001,BDR,CT,ANE,EN,Federal Contract Tower,0,4,14,0,18,0,0,119,0,119,0,4,133,0,137,144,0,144,281
03/13/2001,BDR,CT,ANE,EN,Federal Contract Tower,0,4,24,2,30,0,0,3,0,3,0,4,27,2,33,0,0,0,33
03/14/2001,BDR,CT,ANE,EN,Federal Contract Tower,0,5,18,1,24,0,2,51,6,59,0,7,69,7,83,6,0,6,89
03/15/2001,BDR,CT,ANE,EN,Federal Contract Tower,0,5,25,2,32,0,3,120,0,123,0,8,145,2,155,168,0,168,323
03/16/2001,BDR,CT,ANE,EN,Federal Contract Tower,0,3,13,1,17,0,0,99,1,100,0,3,112,2,117,234,0,234,351
03/17/2001,BDR,CT,ANE,EN,Federal Contract Tower,0,0,19,0,19,0,0,73,0,73,0,0,92,0,92,170,0,170,262
03/18/2001,BDR,CT,ANE,EN,Federal Contract Tower,0,1,21,2,24,0,0,51,4,55,0,1,72,6,79,74,0,74,153
03/19/2001,BDR,CT,ANE,EN,Federal Contract Tower,0,4,18,1,23,0,1,92,1,94,0,5,110,2,117,140,0,140,257
03/20/2001,BDR,CT,ANE,EN,Federal Contract Tower,0,6,26,0,32,0,0,131,0,131,0,6,157,0,163,284,2,286,449
03/21/2001,BDR,CT,ANE,EN,Federal Contract Tower,0,4,19,0,23,0,4,21,0,25,0,8,40,0,48,0,0,0,48
03/22/2001,BDR,CT,ANE,EN,Federal Contract Tower,0,4,13,0,17,0,4,0,2,6,0,8,13,2,23,0,0,0,23
03/23/2001,BDR,CT,ANE,EN,Federal Contract Tower,0,4,15,0,19,0,0,45,4,49,0,4,60,4,68,2,0,2,70
03/24/2001,BDR,CT,ANE,EN,Federal Contract Tower,0,2,9,0,11,0,0,78,0,78,0,2,87,0,89,84,0,84,173
03/25/2001,BDR,CT,ANE,EN,Federal Contract Tower,0,5,25,1,31,0,2,181,1,184,0,7,206,2,215,310,0,310,525
03/26/2001,BDR,CT,ANE,EN,Federal Contract Tower,0,3,17,0,20,0,0,7,0,7,0,3,24,0,27,8,0,8,35
03/27/2001,BDR,CT,ANE,EN,Federal Contract Tower,0,4,15,0,19,0,1,120,0,121,0,5,135,0,140,180,2,182,322
03/28/2001,BDR,CT,ANE,EN,Federal Contract Tower,0,3,20,1,24,0,0,183,1,184,0,3,203,2,208,316,0,316,524
03/29/2001,BDR,CT,ANE,EN,Federal Contract Tower,0,3,15,0,18,0,5,77,0,82,0,8,92,0,100,74,0,74,174
03/30/2001,BDR,CT,ANE,EN,Federal Contract Tower,0,4,14,0,18,0,1,0,2,3,0,5,14,2,21,0,0,0,21
03/31/2001,BDR,CT,ANE,EN,Federal Contract Tower,0,0,20,0,20,0,0,97,0,97,0,0,117,0,117,296,0,296,413
04/01/2001,BDR,CT,ANE,EN,Federal Contract Tower,0,2,25,0,27,0,2,8,0,10,0,4,33,0,37,40,0,40,77
04/02/2001,BDR,CT,ANE,EN,Federal Contract Tower,0,1,9,0,10,0,2,40,0,42,0,3,49,0,52,28,0,28,80
04/03/2001,BDR,CT,ANE,EN,Federal Contract Tower,0,2,17,0,19,0,1,95,0,96,0,3,112,0,115,252,4,256,371
04/04/2001,BDR,CT,ANE,EN,Federal Contract Tower,0,3,19,0,22,0,1,167,0,168,0,4,186,0,190,258,0,258,448
04/05/2001,BDR,CT,ANE,EN,Federal Contract Tower,0,4,22,1,27,0,1,133,3,137,0,5,155,4,164,216,0,216,380
04/06/2001,BDR,CT,ANE,EN,Federal Contract Tower,0,9,49,2,60,0,0,44,2,46,0,9,93,4,106,38,0,38,144
04/07/2001,BDR,CT,ANE,EN,Federal Contract Tower,0,0,23,0,23,0,0,66,0,66,0,0,89,0,89,180,0,180,269
04/08/2001,BDR,CT,ANE,EN,Federal Contract Tower,0,3,26,0,29,0,0,3,0,3,0,3,29,0,32,16,0,16,48
04/09/2001,BDR,CT,ANE,EN,Federal Contract Tower,0,5,27,0,32,0,6,50,0,56,0,11,77,0,88,88,0,88,176
04/10/2001,BDR,CT,ANE,EN,Federal Contract Tower,0,3,20,0,23,0,0,116,0,116,0,3,136,0,139,234,0,234,373
04/11/2001,BDR,CT,ANE,EN,Federal Contract Tower,0,5,22,1,28,0,0,83,3,86,0,5,105,4,114,108,4,112,226
04/12/2001,BDR,CT,ANE,EN,Federal Contract Tower,0,1,6,0,7,0,3,0,0,3,0,4,6,0,10,0,0,0,10
04/13/2001,BDR,CT,ANE,EN,Federal Contract Tower,0,5,26,0,31,0,0,69,0,69,0,5,95,0,100,87,0,87,187
04/14/2001,BDR,CT,ANE,EN,Federal Contract Tower,0,2,15,0,17,0,0,150,0,150,0,2,165,0,167,222,0,222,389
04/15/2001,BDR,CT,ANE,EN,Federal Contract Tower,0,3,14,0,17,0,1,160,0,161,0,4,174,0,178,188,0,188,366
04/16/2001,BDR,CT,ANE,EN,Federal Contract Tower,0,1,19,0,20,0,0,95,0,95,0,1,114,0,115,138,0,138,253
04/17/2001,BDR,CT,ANE,EN,Federal Contract Tower,0,6,26,0,32,0,2,46,0,48,0,8,72,0,80,124,0,124,204
04/18/2001,BDR,CT,ANE,EN,Federal Contract Tower,0,5,20,0,25,0,1,20,4,25,0,6,40,4,50,10,0,10,60
04/19/2001,BDR,CT,ANE,EN,Federal Contract Tower,0,13,25,0,38,0,0,174,0,174,0,13,199,0,212,256,0,256,468
04/20/2001,BDR,CT,ANE,EN,Federal Contract Tower,0,14,21,0,35,0,0,149,0,149,0,14,170,0,184,290,0,290,474
04/21/2001,BDR,CT,ANE,EN,Federal Contract Tower,0,3,34,0,37,0,2,92,2,96,0,5,126,2,133,208,2,210,343
04/22/2001,BDR,CT,ANE,EN,Federal Contract Tower,0,5,26,0,31,0,0,105,0,105,0,5,131,0,136,224,0,224,360
04/23/2001,BDR,CT,ANE,EN,Federal Contract Tower,0,3,20,0,23,0,0,113,0,113,0,3,133,0,136,262,2,264,400
04/24/2001,BDR,CT,ANE,EN,Federal Contract Tower,0,4,27,0,31,0,0,92,0,92,0,4,119,0,123,136,4,140,263
04/25/2001,BDR,CT,ANE,EN,Federal Contract Tower,0,5,23,2,30,0,2,131,1,134,0,7,154,3,164,164,0,164,328
04/26/2001,BDR,CT,ANE,EN,Federal Contract Tower,0,6,17,0,23,0,0,174,4,178,0,6,191,4,201,262,0,262,463
04/27/2001,BDR,CT,ANE,EN,Federal Contract Tower,0,8,23,0,31,0,0,153,6,159,0,8,176,6,190,278,0,278,468
04/28/2001,BDR,CT,ANE,EN,Federal Contract Tower,0,4,23,0,27,0,0,151,0,151,0,4,174,0,178,127,14,141,319
04/29/2001,BDR,CT,ANE,EN,Federal Contract Tower,0,5,16,0,21,0,0,208,1,209,0,5,224,1,230,382,0,382,612
04/30/2001,BDR,CT,ANE,EN,Federal Contract Tower,0,4,24,0,28,0,0,153,0,153,0,4,177,0,181,134,0,134,315
05/01/2001,BDR,CT,ANE,EN,Federal Contract Tower,0,2,28,2,32,0,1,146,2,149,0,3,174,4,181,216,0,216,397
05/02/2001,BDR,CT,ANE,EN,Federal Contract Tower,0,8,19,0,27,0,0,114,0,114,0,8,133,0,141,112,0,112,253
05/03/2001,BDR,CT,ANE,EN,Federal Contract Tower,0,8,27,0,35,0,0,146,0,146,0,8,173,0,181,242,0,242,423
05/04/2001,BDR,CT,ANE,EN,Federal Contract Tower,0,10,32,0,42,0,3,118,0,121,0,13,150,0,163,190,0,190,353
05/05/2001,BDR,CT,ANE,EN,Federal Contract Tower,0,0,22,2,24,0,0,116,0,116,0,0,138,2,140,196,0,196,336
05/06/2001,BDR,CT,ANE,EN,Federal Contract Tower,0,2,32,2,36,0,0,206,0,206,0,2,238,2,242,292,0,292,534
05/07/2001,BDR,CT,ANE,EN,Federal Contract Tower,0,4,15,0,19,0,0,147,0,147,0,4,162,0,166,284,0,284,450
05/08/2001,BDR,CT,ANE,EN,Federal Contract Tower,0,5,41,0,46,0,1,173,2,176,0,6,214,2,222,256,0,256,478
05/09/2001,BDR,CT,ANE,EN,Federal Contract Tower,0,7,31,4,42,0,1,147,0,148,0,8,178,4,190,148,0,148,338
05/10/2001,BDR,CT,ANE,EN,Federal Contract Tower,0,8,16,0,24,0,2,134,1,137,0,10,150,1,161,124,0,124,285
05/11/2001,BDR,CT,ANE,EN,Federal Contract Tower,0,6,18,0,24,0,0,123,2,125,0,6,141,2,149,148,0,148,297
05/12/2001,BDR,CT,ANE,EN,Federal Contract Tower,0,2,18,0,20,0,0,94,0,94,0,2,112,0,114,162,0,162,276
05/13/2001,BDR,CT,ANE,EN,Federal Contract Tower,0,2,10,0,12,0,0,83,0,83,0,2,93,0,95,64,0,64,159
05/14/2001,BDR,CT,ANE,EN,Federal Contract Tower,0,0,39,0,39,0,0,75,0,75,0,0,114,0,114,126,0,126,240
05/15/2001,BDR,CT,ANE,EN,Federal Contract Tower,0,6,23,0,29,0,2,96,0,98,0,8,119,0,127,70,0,70,197
05/16/2001,BDR,CT,ANE,EN,Federal Contract Tower,0,5,38,0,43,0,0,98,0,98,0,5,136,0,141,242,0,242,383
05/17/2001,BDR,CT,ANE,EN,Federal Contract Tower,0,8,20,0,28,0,0,129,4,133,0,8,149,4,161,256,0,256,417
05/18/2001,BDR,CT,ANE,EN,Federal Contract Tower,0,6,50,2,58,0,2,69,9,80,0,8,119,11,138,44,2,46,184
05/19/2001,BDR,CT,ANE,EN,Federal Contract Tower,0,2,25,0,27,0,0,160,1,161,0,2,185,1,188,140,0,140,328
05/20/2001,BDR,CT,ANE,EN,Federal Contract Tower,0,1,23,0,24,0,0,202,2,204,0,1,225,2,228,344,0,344,572
05/21/2001,BDR,CT,ANE,EN,Federal Contract Tower,0,2,47,6,55,0,0,11,4,15,0,2,58,10,70,6,0,6,76
05/22/2001,BDR,CT,ANE,EN,Federal Contract Tower,0,6,27,2,35,0,0,2,0,2,0,6,29,2,37,0,0,0,37
05/23/2001,BDR,CT,ANE,EN,Federal Contract Tower,0,6,34,0,40,0,0,2,0,2,0,6,36,0,42,2,0,2,44
05/24/2001,BDR,CT,ANE,EN,Federal Contract Tower,0,9,56,0,65,0,2,11,0,13,0,11,67,0,78,2,0,2,80
05/25/2001,BDR,CT,ANE,EN,Federal Contract Tower,0,8,69,0,77,0,0,19,0,19,0,8,88,0,96,4,0,4,100
05/26/2001,BDR,CT,ANE,EN,Federal Contract Tower,0,0,29,0,29,0,0,2,0,2,0,0,31,0,31,8,0,8,39
05/27/2001,BDR,CT,ANE,EN,Federal Contract Tower,0,0,22,0,22,0,0,22,0,22,0,0,44,0,44,44,0,44,88
05/28/2001,BDR,CT,ANE,EN,Federal Contract Tower,0,5,23,0,28,0,0,58,2,60,0,5,81,2,88,82,0,82,170
05/29/2001,BDR,CT,ANE,EN,Federal Contract Tower,0,4,30,0,34,0,0,77,0,77,0,4,107,0,111,66,0,66,177
05/30/2001,BDR,CT,ANE,EN,Federal Contract Tower,0,6,31,0,37,0,0,106,2,108,0,6,137,2,145,174,0,174,319
05/31/2001,BDR,CT,ANE,EN,Federal Contract Tower,0,5,36,0,41,0,0,154,0,154,0,5,190,0,195,212,0,212,407
06/01/2001,BDR,CT,ANE,EN,Federal Contract Tower,0,6,24,0,30,0,4,127,0,131,0,10,151,0,161,236,0,236,397
06/02/2001,BDR,CT,ANE,EN,Federal Contract Tower,0,1,20,0,21,0,0,0,0,0,0,1,20,0,21,10,0,10,31
06/03/2001,BDR,CT,ANE,EN,Federal Contract Tower,0,5,19,0,24,0,0,40,0,40,0,5,59,0,64,80,0,80,144
06/04/2001,BDR,CT,ANE,EN,Federal Contract Tower,0,12,19,0,31,0,0,107,1,108,0,12,126,1,139,196,0,196,335
06/05/2001,BDR,CT,ANE,EN,Federal Contract Tower,0,8,18,2,28,0,0,160,0,160,0,8,178,2,188,248,0,248,436
06/06/2001,BDR,CT,ANE,EN,Federal Contract Tower,0,3,37,0,40,0,0,187,0,187,0,3,224,0,227,250,0,250,477
06/07/2001,BDR,CT,ANE,EN,Federal Contract Tower,0,5,26,6,37,0,1,162,0,163,0,6,188,6,200,334,0,334,534
06/08/2001,BDR,CT,ANE,EN,Federal Contract Tower,0,11,28,1,40,0,2,218,1,221,0,13,246,2,261,184,0,184,445
06/09/2001,BDR,CT,ANE,EN,Federal Contract Tower,0,0,15,0,15,0,0,240,0,240,0,0,255,0,255,266,0,266,521
06/10/2001,BDR,CT,ANE,EN,Federal Contract Tower,0,6,17,0,23,0,2,210,2,214,0,8,227,2,237,250,2,252,489
06/11/2001,BDR,CT,ANE,EN,Federal Contract Tower,0,9,25,0,34,0,0,47,0,47,0,9,72,0,81,106,0,106,187
06/12/2001,BDR,CT,ANE,EN,Federal Contract Tower,0,7,22,0,29,0,0,164,0,164,0,7,186,0,193,288,0,288,481
06/13/2001,BDR,CT,ANE,EN,Federal Contract Tower,0,6,49,0,55,0,0,13,0,13,0,6,62,0,68,6,0,6,74
06/14/2001,BDR,CT,ANE,EN,Federal Contract Tower,0,6,53,0,59,0,0,36,0,36,0,6,89,0,95,22,0,22,117
06/15/2001,BDR,CT,ANE,EN,Federal Contract Tower,0,7,32,0,39,0,2,55,1,58,0,9,87,1,97,162,0,162,259
06/16/2001,BDR,CT,ANE,EN,Federal Contract Tower,0,3,30,0,33,0,0,18,0,18,0,3,48,0,51,4,0,4,55
06/17/2001,BDR,CT,ANE,EN,Federal Contract Tower,0,3,12,0,15,0,0,26,0,26,0,3,38,0,41,34,0,34,75
06/18/2001,BDR,CT,ANE,EN,Federal Contract Tower,0,5,24,0,29,0,0,249,0,249,0,5,273,0,278,233,1,234,512
06/19/2001,BDR,CT,ANE,EN,Federal Contract Tower,0,5,28,2,35,0,0,170,2,172,0,5,198,4,207,212,2,214,421
06/20/2001,BDR,CT,ANE,EN,Federal Contract Tower,0,5,21,0,26,0,0,100,7,107,0,5,121,7,133,108,0,108,241
06/21/2001,BDR,CT,ANE,EN,Federal Contract Tower,0,5,34,0,39,0,1,56,4,61,0,6,90,4,100,30,0,30,130
06/22/2001,BDR,CT,ANE,EN,Federal Contract Tower,0,2,23,0,25,0,2,39,0,41,0,4,62,0,66,32,0,32,98
06/23/2001,BDR,CT,ANE,EN,Federal Contract Tower,0,1,32,0,33,0,0,30,0,30,0,1,62,0,63,14,0,14,77
06/24/2001,BDR,CT,ANE,EN,Federal Contract Tower,0,11,30,0,41,0,0,86,0,86,0,11,116,0,127,154,0,154,281
06/25/2001,BDR,CT,ANE,EN,Federal Contract Tower,0,8,27,2,37,0,4,167,1,172,0,12,194,3,209,308,0,308,517
06/26/2001,BDR,CT,ANE,EN,Federal Contract Tower,0,7,32,0,39,0,0,184,3,187,0,7,216,3,226,346,0,346,572
06/27/2001,BDR,CT,ANE,EN,Federal Contract Tower,0,5,19,0,24,0,1,139,4,144,0,6,158,4,168,208,0,208,376
06/28/2001,BDR,CT,ANE,EN,Federal Contract Tower,0,8,27,0,35,0,0,142,1,143,0,8,169,1,178,190,0,190,368
06/29/2001,BDR,CT,ANE,EN,Federal Contract Tower,0,13,28,0,41,0,4,135,0,139,0,17,163,0,180,174,0,174,354
06/30/2001,BDR,CT,ANE,EN,Federal Contract Tower,0,7,56,0,63,0,0,46,0,46,0,7,102,0,109,8,0,8,117
07/01/2001,BDR,CT,ANE,EN,Federal Contract Tower,0,3,13,0,16,0,0,80,0,80,0,3,93,0,96,124,0,124,220
07/02/2001,BDR,CT,ANE,EN,Federal Contract Tower,0,10,17,0,27,0,4,115,1,120,0,14,132,1,147,160,0,160,307
07/03/2001,BDR,CT,ANE,EN,Federal Contract Tower,0,8,17,0,25,0,1,191,3,195,0,9,208,3,220,261,0,261,481
07/04/2001,BDR,CT,ANE,EN,Federal Contract Tower,0,3,19,0,22,0,0,60,0,60,0,3,79,0,82,101,0,101,183
07/05/2001,BDR,CT,ANE,EN,Federal Contract Tower,0,7,31,0,38,0,0,75,0,75,0,7,106,0,113,88,0,88,201
07/06/2001,BDR,CT,ANE,EN,Federal Contract Tower,0,9,24,0,33,0,0,164,0,164,0,9,188,0,197,228,8,236,433
07/07/2001,BDR,CT,ANE,EN,Federal Contract Tower,0,6,12,0,18,0,0,224,0,224,0,6,236,0,242,292,0,292,534
07/08/2001,BDR,CT,ANE,EN,Federal Contract Tower,0,6,54,0,60,0,0,60,0,60,0,6,114,0,120,17,0,17,137
07/09/2001,BDR,CT,ANE,EN,Federal Contract Tower,0,8,37,0,45,0,0,136,0,136,0,8,173,0,181,236,4,240,421
07/10/2001,BDR,CT,ANE,EN,Federal Contract Tower,0,3,27,0,30,0,0,110,0,110,0,3,137,0,140,204,0,204,344
07/11/2001,BDR,CT,ANE,EN,Federal Contract Tower,0,5,32,1,38,0,0,97,3,100,0,5,129,4,138,176,0,176,314
07/12/2001,BDR,CT,ANE,EN,Federal Contract Tower,0,5,27,0,32,0,0,163,0,163,0,5,190,0,195,282,0,282,477
07/13/2001,BDR,CT,ANE,EN,Federal Contract Tower,0,5,25,0,30,0,4,175,0,179,0,9,200,0,209,240,0,240,449
07/14/2001,BDR,CT,ANE,EN,Federal Contract Tower,0,0,14,0,14,0,0,229,1,230,0,0,243,1,244,168,0,168,412
07/15/2001,BDR,CT,ANE,EN,Federal Contract Tower,0,7,21,0,28,0,2,268,0,270,0,9,289,0,298,104,0,104,402
07/16/2001,BDR,CT,ANE,EN,Federal Contract Tower,0,8,24,0,32,0,0,164,0,164,0,8,188,0,196,238,4,242,438
07/17/2001,BDR,CT,ANE,EN,Federal Contract Tower,0,5,33,0,38,0,0,35,1,36,0,5,68,1,74,112,0,112,186
07/18/2001,BDR,CT,ANE,EN,Federal Contract Tower,0,5,27,0,32,0,0,81,0,81,0,5,108,0,113,136,2,138,251
07/19/2001,BDR,CT,ANE,EN,Federal Contract Tower,0,9,48,0,57,0,2,122,0,124,0,11,170,0,181,186,0,186,367
07/20/2001,BDR,CT,ANE,EN,Federal Contract Tower,0,12,23,0,35,0,2,202,0,204,0,14,225,0,239,198,0,198,437
07/21/2001,BDR,CT,ANE,EN,Federal Contract Tower,0,4,10,0,14,0,0,208,0,208,0,4,218,0,222,246,0,246,468
07/22/2001,BDR,CT,ANE,EN,Federal Contract Tower,0,2,22,0,24,0,0,194,0,194,0,2,216,0,218,158,0,158,376
07/23/2001,BDR,CT,ANE,EN,Federal Contract Tower,0,3,37,1,41,0,0,143,1,144,0,3,180,2,185,198,2,200,385
07/24/2001,BDR,CT,ANE,EN,Federal Contract Tower,0,3,49,0,52,0,0,51,0,51,0,3,100,0,103,80,0,80,183
07/25/2001,BDR,CT,ANE,EN,Federal Contract Tower,0,10,36,0,46,0,0,96,0,96,0,10,132,0,142,69,2,71,213
07/26/2001,BDR,CT,ANE,EN,Federal Contract Tower,0,26,45,0,71,0,0,33,0,33,0,26,78,0,104,102,0,102,206
07/27/2001,BDR,CT,ANE,EN,Federal Contract Tower,0,4,11,0,15,0,7,195,0,202,0,11,206,0,217,184,0,184,401
07/28/2001,BDR,CT,ANE,EN,Federal Contract Tower,0,1,20,0,21,0,4,211,0,215,0,5,231,0,236,186,0,186,422
07/29/2001,BDR,CT,ANE,EN,Federal Contract Tower,0,0,19,0,19,0,1,152,0,153,0,1,171,0,172,282,0,282,454
07/30/2001,BDR,CT,ANE,EN,Federal Contract Tower,0,1,22,0,23,0,0,95,2,97,0,1,117,2,120,199,0,199,319
07/31/2001,BDR,CT,ANE,EN,Federal Contract Tower,0,2,19,0,21,0,0,142,0,142,0,2,161,0,163,222,0,222,385
08/01/2001,BDR,CT,ANE,EN,Federal Contract Tower,0,5,16,0,21,0,0,139,0,139,0,5,155,0,160,198,0,198,358
08/02/2001,BDR,CT,ANE,EN,Federal Contract Tower,0,8,23,0,31,0,4,125,3,132,0,12,148,3,163,168,0,168,331
08/03/2001,BDR,CT,ANE,EN,Federal Contract Tower,0,9,25,0,34,0,1,79,0,80,0,10,104,0,114,92,0,92,206
08/04/2001,BDR,CT,ANE,EN,Federal Contract Tower,0,2,26,0,28,0,0,44,0,44,0,2,70,0,72,30,0,30,102
08/05/2001,BDR,CT,ANE,EN,Federal Contract Tower,0,11,32,0,43,0,3,105,0,108,0,14,137,0,151,144,2,146,297
08/06/2001,BDR,CT,ANE,EN,Federal Contract Tower,0,6,19,0,25,0,0,43,0,43,0,6,62,0,68,58,0,58,126
08/07/2001,BDR,CT,ANE,EN,Federal Contract Tower,0,5,27,0,32,0,0,75,0,75,0,5,102,0,107,42,0,42,149
08/08/2001,BDR,CT,ANE,EN,Federal Contract Tower,0,4,22,0,26,0,2,110,0,112,0,6,132,0,138,116,2,118,256
08/09/2001,BDR,CT,ANE,EN,Federal Contract Tower,0,7,25,0,32,0,1,84,0,85,0,8,109,0,117,64,0,64,181
08/10/2001,BDR,CT,ANE,EN,Federal Contract Tower,0,6,27,0,33,0,0,20,1,21,0,6,47,1,54,0,0,0,54
08/11/2001,BDR,CT,ANE,EN,Federal Contract Tower,0,2,26,0,28,0,1,66,0,67,0,3,92,0,95,130,0,130,225
08/12/2001,BDR,CT,ANE,EN,Federal Contract Tower,0,2,39,0,41,0,0,5,0,5,0,2,44,0,46,0,0,0,46
08/13/2001,BDR,CT,ANE,EN,Federal Contract Tower,0,6,32,0,38,0,2,31,0,33,0,8,63,0,71,18,0,18,89
08/14/2001,BDR,CT,ANE,EN,Federal Contract Tower,0,2,27,2,31,0,0,138,0,138,0,2,165,2,169,220,0,220,389
08/15/2001,BDR,CT,ANE,EN,Federal Contract Tower,0,3,34,0,37,0,3,189,0,192,0,6,223,0,229,242,4,246,475
08/16/2001,BDR,CT,ANE,EN,Federal Contract Tower,0,10,27,0,37,0,0,126,0,126,0,10,153,0,163,236,0,236,399
08/17/2001,BDR,CT,ANE,EN,Federal Contract Tower,0,9,46,0,55,0,2,52,0,54,0,11,98,0,109,132,0,132,241
08/18/2001,BDR,CT,ANE,EN,Federal Contract Tower,0,2,19,0,21,0,0,213,0,213,0,2,232,0,234,262,0,262,496
08/19/2001,BDR,CT,ANE,EN,Federal Contract Tower,0,3,17,0,20,0,4,101,0,105,0,7,118,0,125,95,0,95,220
08/20/2001,BDR,CT,ANE,EN,Federal Contract Tower,0,2,44,0,46,0,0,13,0,13,0,2,57,0,59,12,0,12,71
08/21/2001,BDR,CT,ANE,EN,Federal Contract Tower,0,12,22,0,34,0,0,93,0,93,0,12,115,0,127,226,0,226,353
08/22/2001,BDR,CT,ANE,EN,Federal Contract Tower,0,6,17,0,23,0,1,174,0,175,0,7,191,0,198,246,0,246,444
08/23/2001,BDR,CT,ANE,EN,Federal Contract Tower,0,11,36,0,47,0,0,68,0,68,0,11,104,0,115,150,0,150,265
08/24/2001,BDR,CT,ANE,EN,Federal Contract Tower,0,6,33,0,39,0,2,181,0,183,0,8,214,0,222,232,0,232,454
08/25/2001,BDR,CT,ANE,EN,Federal Contract Tower,0,5,11,0,16,0,1,199,0,200,0,6,210,0,216,340,0,340,556
08/26/2001,BDR,CT,ANE,EN,Federal Contract Tower,0,4,21,0,25,0,0,244,0,244,0,4,265,0,269,233,0,233,502
08/27/2001,BDR,CT,ANE,EN,Federal Contract Tower,0,8,26,1,35,0,2,45,1,48,0,10,71,2,83,94,0,94,177
08/28/2001,BDR,CT,ANE,EN,Federal Contract Tower,0,6,42,2,50,0,0,51,0,51,0,6,93,2,101,138,0,138,239
08/29/2001,BDR,CT,ANE,EN,Federal Contract Tower,0,11,30,0,41,0,0,134,0,134,0,11,164,0,175,94,2,96,271
08/30/2001,BDR,CT,ANE,EN,Federal Contract Tower,0,8,29,0,37,0,0,158,0,158,0,8,187,0,195,266,2,268,463
08/31/2001,BDR,CT,ANE,EN,Federal Contract Tower,0,13,47,0,60,0,1,4,0,5,0,14,51,0,65,34,0,34,99
09/01/2001,BDR,CT,ANE,EN,Federal Contract Tower,0,7,17,0,24,0,0,146,0,146,0,7,163,0,170,186,0,186,356
09/02/2001,BDR,CT,ANE,EN,Federal Contract Tower,0,1,11,0,12,0,0,154,0,154,0,1,165,0,166,228,0,228,394
09/03/2001,BDR,CT,ANE,EN,Federal Contract Tower,0,6,16,0,22,0,0,197,0,197,0,6,213,0,219,96,0,96,315
09/04/2001,BDR,CT,ANE,EN,Federal Contract Tower,0,4,20,0,24,0,1,39,0,40,0,5,59,0,64,68,0,68,132
09/05/2001,BDR,CT,ANE,EN,Federal Contract Tower,0,5,21,4,30,0,0,103,0,103,0,5,124,4,133,140,0,140,273
09/06/2001,BDR,CT,ANE,EN,Federal Contract Tower,0,8,26,0,34,0,1,142,0,143,0,9,168,0,177,216,0,216,393
09/07/2001,BDR,CT,ANE,EN,Federal Contract Tower,0,9,25,0,34,0,0,136,0,136,0,9,161,0,170,207,0,207,377
09/08/2001,BDR,CT,ANE,EN,Federal Contract Tower,0,6,13,0,19,0,0,168,0,168,0,6,181,0,187,190,0,190,377
09/09/2001,BDR,CT,ANE,EN,Federal Contract Tower,0,0,15,0,15,0,0,146,0,146,0,0,161,0,161,208,0,208,369
09/10/2001,BDR,CT,ANE,EN,Federal Contract Tower,0,2,24,2,28,0,0,58,0,58,0,2,82,2,86,42,0,42,128
09/11/2001,BDR,CT,ANE,EN,Federal Contract Tower,0,2,3,2,7,0,0,12,0,12,0,2,15,2,19,10,0,10,29
09/12/2001,BDR,CT,ANE,EN,Federal Contract Tower,0,0,0,0,0,0,0,0,4,4,0,0,0,4,4,0,0,0,4
09/13/2001,BDR,CT,ANE,EN,Federal Contract Tower,0,8,0,0,8,0,0,0,2,2,0,8,0,2,10,0,0,0,10
09/14/2001,BDR,CT,ANE,EN,Federal Contract Tower,0,15,6,0,21,0,0,0,0,0,0,15,6,0,21,0,0,0,21
09/15/2001,BDR,CT,ANE,EN,Federal Contract Tower,0,1,26,0,27,0,0,1,0,1,0,1,27,0,28,0,0,0,28
09/16/2001,BDR,CT,ANE,EN,Federal Contract Tower,0,7,35,0,42,0,0,0,0,0,0,7,35,0,42,0,0,0,42
09/17/2001,BDR,CT,ANE,EN,Federal Contract Tower,0,5,46,0,51,0,0,0,0,0,0,5,46,0,51,0,0,0,51
09/18/2001,BDR,CT,ANE,EN,Federal Contract Tower,0,10,46,0,56,0,0,0,0,0,0,10,46,0,56,0,0,0,56
09/19/2001,BDR,CT,ANE,EN,Federal Contract Tower,0,10,39,2,51,0,0,0,0,0,0,10,39,2,51,0,0,0,51
09/20/2001,BDR,CT,ANE,EN,Federal Contract Tower,0,12,45,0,57,0,6,13,0,19,0,18,58,0,76,0,0,0,76
09/21/2001,BDR,CT,ANE,EN,Federal Contract Tower,0,15,47,2,64,0,0,11,1,12,0,15,58,3,76,11,0,11,87
09/22/2001,BDR,CT,ANE,EN,Federal Contract Tower,0,5,39,0,44,0,2,23,2,27,0,7,62,2,71,32,0,32,103
09/23/2001,BDR,CT,ANE,EN,Federal Contract Tower,0,12,32,0,44,0,0,125,0,125,0,12,157,0,169,186,0,186,355
09/24/2001,BDR,CT,ANE,EN,Federal Contract Tower,0,10,33,0,43,0,0,13,2,15,0,10,46,2,58,34,0,34,92
09/25/2001,BDR,CT,ANE,EN,Federal Contract Tower,0,10,23,0,33,0,0,8,0,8,0,10,31,0,41,18,0,18,59
09/26/2001,BDR,CT,ANE,EN,Federal Contract Tower,0,13,37,0,50,0,0,67,0,67,0,13,104,0,117,210,0,210,327
09/27/2001,BDR,CT,ANE,EN,Federal Contract Tower,0,9,45,0,54,0,4,75,0,79,0,13,120,0,133,100,0,100,233
09/28/2001,BDR,CT,ANE,EN,Federal Contract Tower,0,8,45,2,55,0,0,64,1,65,0,8,109,3,120,110,0,110,230
09/29/2001,BDR,CT,ANE,EN,Federal Contract Tower,0,2,22,0,24,0,0,49,0,49,0,2,71,0,73,62,0,62,135
09/30/2001,BDR,CT,ANE,EN,Federal Contract Tower,0,3,23,0,26,0,0,28,2,30,0,3,51,2,56,46,0,46,102
10/01/2001,BDR,CT,ANE,EN,Federal Contract Tower,0,6,15,0,21,0,2,38,0,40,0,8,53,0,61,122,0,122,183
10/02/2001,BDR,CT,ANE,EN,Federal Contract Tower,0,13,29,0,42,0,7,109,0,116,0,20,138,0,158,204,0,204,362
10/03/2001,BDR,CT,ANE,EN,Federal Contract Tower,0,17,34,0,51,0,2,110,2,114,0,19,144,2,165,254,0,254,419
10/04/2001,BDR,CT,ANE,EN,Federal Contract Tower,0,14,34,0,48,0,0,100,0,100,0,14,134,0,148,176,0,176,324
10/05/2001,BDR,CT,ANE,EN,Federal Contract Tower,0,20,39,0,59,0,17,130,0,147,0,37,169,0,206,228,0,228,434
10/06/2001,BDR,CT,ANE,EN,Federal Contract Tower,0,2,11,0,13,0,0,24,0,24,0,2,35,0,37,6,0,6,43
10/07/2001,BDR,CT,ANE,EN,Federal Contract Tower,0,5,27,0,32,0,0,108,0,108,0,5,135,0,140,124,0,124,264
10/08/2001,BDR,CT,ANE,EN,Federal Contract Tower,0,6,18,0,24,0,11,86,0,97,0,17,104,0,121,74,0,74,195
10/09/2001,BDR,CT,ANE,EN,Federal Contract Tower,0,11,28,0,39,0,7,106,0,113,0,18,134,0,152,158,2,160,312
10/10/2001,BDR,CT,ANE,EN,Federal Contract Tower,0,17,35,0,52,0,0,116,0,116,0,17,151,0,168,180,0,180,348
10/11/2001,BDR,CT,ANE,EN,Federal Contract Tower,0,18,44,3,65,0,2,134,3,139,0,20,178,6,204,197,0,197,401
10/12/2001,BDR,CT,ANE,EN,Federal Contract Tower,0,11,39,0,50,0,0,122,0,122,0,11,161,0,172,166,0,166,338
10/13/2001,BDR,CT,ANE,EN,Federal Contract Tower,0,4,23,0,27,0,1,86,0,87,0,5,109,0,114,132,5,137,251
10/14/2001,BDR,CT,ANE,EN,Federal Contract Tower,0,17,38,0,55,0,0,3,0,3,0,17,41,0,58,0,0,0,58
10/15/2001,BDR,CT,ANE,EN,Federal Contract Tower,0,11,36,0,47,0,4,67,0,71,0,15,103,0,118,142,2,144,262
10/16/2001,BDR,CT,ANE,EN,Federal Contract Tower,0,11,25,0,36,0,1,112,0,113,0,12,137,0,149,182,0,182,331
10/17/2001,BDR,CT,ANE,EN,Federal Contract Tower,0,16,16,0,32,0,0,30,0,30,0,16,46,0,62,6,0,6,68
10/18/2001,BDR,CT,ANE,EN,Federal Contract Tower,0,22,39,0,61,0,2,142,0,144,0,24,181,0,205,226,0,226,431
10/19/2001,BDR,CT,ANE,EN,Federal Contract Tower,0,13,53,1,67,0,4,114,1,119,0,17,167,2,186,222,0,222,408
10/20/2001,BDR,CT,ANE,EN,Federal Contract Tower,0,0,13,0,13,0,2,164,0,166,0,2,177,0,179,206,0,206,385
10/21/2001,BDR,CT,ANE,EN,Federal Contract Tower,0,4,36,1,41,0,2,134,0,136,0,6,170,1,177,264,0,264,441
10/22/2001,BDR,CT,ANE,EN,Federal Contract Tower,0,6,29,0,35,0,0,98,0,98,0,6,127,0,133,152,0,152,285
10/23/2001,BDR,CT,ANE,EN,Federal Contract Tower,0,15,39,0,54,0,1,31,0,32,0,16,70,0,86,108,0,108,194
10/24/2001,BDR,CT,ANE,EN,Federal Contract Tower,0,13,52,0,65,0,1,119,0,120,0,14,171,0,185,204,0,204,389
10/25/2001,BDR,CT,ANE,EN,Federal Contract Tower,0,15,46,0,61,0,0,34,2,36,0,15,80,2,97,58,0,58,155
10/26/2001,BDR,CT,ANE,EN,Federal Contract Tower,0,16,31,0,47,0,0,44,0,44,0,16,75,0,91,36,0,36,127
10/27/2001,BDR,CT,ANE,EN,Federal Contract Tower,0,2,20,0,22,0,0,66,0,66,0,2,86,0,88,140,0,140,228
10/28/2001,BDR,CT,ANE,EN,Federal Contract Tower,0,8,34,0,42,0,0,123,0,123,0,8,157,0,165,226,0,226,391
10/29/2001,BDR,CT,ANE,EN,Federal Contract Tower,0,12,25,2,39,0,3,97,0,100,0,15,122,2,139,106,2,108,247
10/30/2001,BDR,CT,ANE,EN,Federal Contract Tower,0,7,29,2,38,0,0,95,0,95,0,7,124,2,133,184,2,186,319
10/31/2001,BDR,CT,ANE,EN,Federal Contract Tower,0,15,35,0,50,0,0,72,0,72,0,15,107,0,122,124,0,124,246
11/01/2001,BDR,CT,ANE,EN,Federal Contract Tower,0,18,42,0,60,0,3,86,0,89,0,21,128,0,149,216,0,216,365
11/02/2001,BDR,CT,ANE,EN,Federal Contract Tower,0,20,27,0,47,0,1,49,0,50,0,21,76,0,97,86,0,86,183
11/03/2001,BDR,CT,ANE,EN,Federal Contract Tower,0,0,28,0,28,0,0,69,2,71,0,0,97,2,99,184,0,184,283
11/04/2001,BDR,CT,ANE,EN,Federal Contract Tower,0,8,30,0,38,0,0,147,0,147,0,8,177,0,185,354,0,354,539
11/05/2001,BDR,CT,ANE,EN,Federal Contract Tower,0,15,15,4,34,0,0,16,2,18,0,15,31,6,52,10,0,10,62
11/06/2001,BDR,CT,ANE,EN,Federal Contract Tower,0,17,22,0,39,0,0,48,0,48,0,17,70,0,87,40,0,40,127
11/07/2001,BDR,CT,ANE,EN,Federal Contract Tower,0,11,36,0,47,0,2,65,0,67,0,13,101,0,114,112,0,112,226
11/08/2001,BDR,CT,ANE,EN,Federal Contract Tower,0,13,53,0,66,0,0,108,0,108,0,13,161,0,174,282,0,282,456
11/09/2001,BDR,CT,ANE,EN,Federal Contract Tower,0,14,29,0,43,0,6,29,0,35,0,20,58,0,78,32,4,36,114
11/10/2001,BDR,CT,ANE,EN,Federal Contract Tower,0,2,42,0,44,0,0,97,0,97,0,2,139,0,141,308,0,308,449
11/11/2001,BDR,CT,ANE,EN,Federal Contract Tower,0,6,25,0,31,0,0,37,0,37,0,6,62,0,68,78,0,78,146
11/12/2001,BDR,CT,ANE,EN,Federal Contract Tower,0,11,23,0,34,0,0,53,0,53,0,11,76,0,87,90,0,90,177
11/13/2001,BDR,CT,ANE,EN,Federal Contract Tower,0,19,31,0,50,0,3,131,0,134,0,22,162,0,184,232,1,233,417
11/14/2001,BDR,CT,ANE,EN,Federal Contract Tower,0,12,33,0,45,0,0,81,0,81,0,12,114,0,126,174,2,176,302
11/15/2001,BDR,CT,ANE,EN,Federal Contract Tower,0,10,39,0,49,0,0,61,0,61,0,10,100,0,110,150,2,152,262
11/16/2001,BDR,CT,ANE,EN,Federal Contract Tower,0,14,37,0,51,0,3,90,0,93,0,17,127,0,144,114,0,114,258
11/17/2001,BDR,CT,ANE,EN,Federal Contract Tower,0,1,34,0,35,0,0,166,0,166,0,1,200,0,201,378,0,378,579
11/18/2001,BDR,CT,ANE,EN,Federal Contract Tower,0,15,39,0,54,0,1,130,0,131,0,16,169,0,185,202,0,202,387
11/19/2001,BDR,CT,ANE,EN,Federal Contract Tower,0,4,52,0,56,0,0,73,0,73,0,4,125,0,129,86,0,86,215
11/20/2001,BDR,CT,ANE,EN,Federal Contract Tower,0,16,49,0,65,0,8,57,0,65,0,24,106,0,130,100,0,100,230
11/21/2001,BDR,CT,ANE,EN,Federal Contract Tower,0,13,32,0,45,0,3,158,0,161,0,16,190,0,206,176,0,176,382
11/22/2001,BDR,CT,ANE,EN,Federal Contract Tower,0,1,10,0,11,0,0,69,0,69,0,1,79,0,80,48,0,48,128
11/23/2001,BDR,CT,ANE,EN,Federal Contract Tower,0,8,15,0,23,0,0,144,0,144,0,8,159,0,167,192,0,192,359
11/24/2001,BDR,CT,ANE,EN,Federal Contract Tower,0,7,29,0,36,0,0,19,0,19,0,7,48,0,55,16,0,16,71
11/25/2001,BDR,CT,ANE,EN,Federal Contract Tower,0,16,46,0,62,0,6,57,0,63,0,22,103,0,125,53,2,55,180
11/26/2001,BDR,CT,ANE,EN,Federal Contract Tower,0,7,29,2,38,0,1,59,0,60,0,8,88,2,98,248,2,250,348
11/27/2001,BDR,CT,ANE,EN,Federal Contract Tower,0,6,30,0,36,0,3,82,0,85,0,9,112,0,121,186,0,186,307
11/28/2001,BDR,CT,ANE,EN,Federal Contract Tower,0,11,33,0,44,0,0,79,0,79,0,11,112,0,123,162,0,162,285
11/29/2001,BDR,CT,ANE,EN,Federal Contract Tower,0,9,35,0,44,0,0,0,2,2,0,9,35,2,46,0,0,0,46
11/30/2001,BDR,CT,ANE,EN,Federal Contract Tower,0,14,33,2,49,0,0,10,0,10,0,14,43,2,59,8,2,10,69
12/01/2001,BDR,CT,ANE,EN,Federal Contract Tower,0,3,22,4,29,0,0,121,0,121,0,3,143,4,150,206,0,206,356
12/02/2001,BDR,CT,ANE,EN,Federal Contract Tower,0,5,30,0,35,0,3,157,0,160,0,8,187,0,195,234,0,234,429
12/03/2001,BDR,CT,ANE,EN,Federal Contract Tower,0,8,21,0,29,0,2,100,0,102,0,10,121,0,131,172,0,172,303
12/04/2001,BDR,CT,ANE,EN,Federal Contract Tower,0,5,41,0,46,0,0,83,0,83,0,5,124,0,129,182,0,182,311
12/05/2001,BDR,CT,ANE,EN,Federal Contract Tower,0,9,36,0,45,0,1,106,0,107,0,10,142,0,152,198,0,198,350
12/06/2001,BDR,CT,ANE,EN,Federal Contract Tower,0,9,40,1,50,0,6,75,1,82,0,15,115,2,132,122,0,122,254
12/07/2001,BDR,CT,ANE,EN,Federal Contract Tower,0,11,36,0,47,0,0,81,0,81,0,11,117,0,128,188,2,190,318
12/08/2001,BDR,CT,ANE,EN,Federal Contract Tower,0,1,20,0,21,0,0,84,0,84,0,1,104,0,105,302,0,302,407
12/09/2001,BDR,CT,ANE,EN,Federal Contract Tower,0,7,15,0,22,0,2,21,0,23,0,9,36,0,45,68,0,68,113
12/10/2001,BDR,CT,ANE,EN,Federal Contract Tower,0,3,21,0,24,0,0,86,0,86,0,3,107,0,110,198,2,200,310
12/11/2001,BDR,CT,ANE,EN,Federal Contract Tower,0,8,23,0,31,0,0,89,0,89,0,8,112,0,120,164,0,164,284
12/12/2001,BDR,CT,ANE,EN,Federal Contract Tower,0,5,41,0,46,0,0,72,0,72,0,5,113,0,118,76,0,76,194
12/13/2001,BDR,CT,ANE,EN,Federal Contract Tower,0,11,32,0,43,0,0,0,0,0,0,11,32,0,43,0,0,0,43
12/14/2001,BDR,CT,ANE,EN,Federal Contract Tower,0,4,31,0,35,0,0,0,0,0,0,4,31,0,35,2,0,2,37
12/15/2001,BDR,CT,ANE,EN,Federal Contract Tower,0,2,22,0,24,0,0,32,1,33,0,2,54,1,57,26,0,26,83
12/16/2001,BDR,CT,ANE,EN,Federal Contract Tower,0,2,23,0,25,0,0,132,0,132,0,2,155,0,157,264,0,264,421
12/17/2001,BDR,CT,ANE,EN,Federal Contract Tower,0,4,16,0,20,0,0,11,0,11,0,4,27,0,31,24,0,24,55
12/18/2001,BDR,CT,ANE,EN,Federal Contract Tower,0,7,15,0,22,0,0,18,0,18,0,7,33,0,40,8,0,8,48
12/19/2001,BDR,CT,ANE,EN,Federal Contract Tower,0,7,47,0,54,0,1,68,3,72,0,8,115,3,126,214,0,214,340
12/20/2001,BDR,CT,ANE,EN,Federal Contract Tower,0,13,23,0,36,0,0,41,0,41,0,13,64,0,77,34,0,34,111
12/21/2001,BDR,CT,ANE,EN,Federal Contract Tower,0,14,26,0,40,0,0,37,0,37,0,14,63,0,77,10,0,10,87
12/22/2001,BDR,CT,ANE,EN,Federal Contract Tower,0,6,33,0,39,0,0,143,0,143,0,6,176,0,182,134,0,134,316
12/23/2001,BDR,CT,ANE,EN,Federal Contract Tower,0,2,23,0,25,0,0,159,0,159,0,2,182,0,184,256,0,256,440
12/24/2001,BDR,CT,ANE,EN,Federal Contract Tower,0,1,13,0,14,0,0,9,0,9,0,1,22,0,23,22,0,22,45
12/25/2001,BDR,CT,ANE,EN,Federal Contract Tower,0,2,1,0,3,0,0,36,0,36,0,2,37,0,39,6,0,6,45
12/26/2001,BDR,CT,ANE,EN,Federal Contract Tower,0,9,21,0,30,0,0,81,0,81,0,9,102,0,111,178,0,178,289
12/27/2001,BDR,CT,ANE,EN,Federal Contract Tower,0,4,33,0,37,0,0,50,0,50,0,4,83,0,87,64,0,64,151
12/28/2001,BDR,CT,ANE,EN,Federal Contract Tower,0,2,30,0,32,0,0,70,0,70,0,2,100,0,102,102,0,102,204
12/29/2001,BDR,CT,ANE,EN,Federal Contract Tower,0,6,22,0,28,0,0,81,0,81,0,6,103,0,109,218,0,218,327
12/30/2001,BDR,CT,ANE,EN,Federal Contract Tower,0,6,20,0,26,0,1,45,2,48,0,7,65,2,74,68,0,68,142
12/31/2001,BDR,CT,ANE,EN,Federal Contract Tower,0,4,11,0,15,0,0,85,0,85,0,4,96,0,100,76,0,76,176
01/01/2002,BDR,CT,ANE,EN,Federal Contract Tower,0,6,11,0,17,0,1,63,0,64,0,7,74,0,81,102,0,102,183
01/02/2002,BDR,CT,ANE,EN,Federal Contract Tower,0,4,21,0,25,0,1,96,0,97,0,5,117,0,122,72,28,100,222
01/03/2002,BDR,CT,ANE,EN,Federal Contract Tower,0,10,12,0,22,0,0,72,0,72,0,10,84,0,94,170,2,172,266
01/04/2002,BDR,CT,ANE,EN,Federal Contract Tower,0,2,8,0,10,0,0,79,0,79,0,2,87,0,89,98,0,98,187
01/05/2002,BDR,CT,ANE,EN,Federal Contract Tower,0,5,22,0,27,0,0,146,0,146,0,5,168,0,173,282,0,282,455
01/06/2002,BDR,CT,ANE,EN,Federal Contract Tower,0,2,17,0,19,0,0,46,0,46,0,2,63,0,65,228,0,228,293
01/07/2002,BDR,CT,ANE,EN,Federal Contract Tower,0,1,13,0,14,0,0,5,0,5,0,1,18,0,19,0,0,0,19
01/08/2002,BDR,CT,ANE,EN,Federal Contract Tower,0,3,27,0,30,0,0,71,2,73,0,3,98,2,103,124,0,124,227
01/09/2002,BDR,CT,ANE,EN,Federal Contract Tower,0,15,15,0,30,0,1,31,2,34,0,16,46,2,64,12,0,12,76
01/10/2002,BDR,CT,ANE,EN,Federal Contract Tower,0,4,28,2,34,0,0,73,0,73,0,4,101,2,107,166,0,166,273
01/11/2002,BDR,CT,ANE,EN,Federal Contract Tower,0,13,21,0,34,0,0,20,0,20,0,13,41,0,54,24,0,24,78
01/12/2002,BDR,CT,ANE,EN,Federal Contract Tower,0,0,17,0,17,0,0,139,0,139,0,0,156,0,156,272,0,272,428
01/13/2002,BDR,CT,ANE,EN,Federal Contract Tower,0,8,1,0,9,0,0,3,0,3,0,8,4,0,12,8,0,8,20
01/14/2002,BDR,CT,ANE,EN,Federal Contract Tower,0,9,32,0,41,0,1,81,0,82,0,10,113,0,123,200,0,200,323
01/15/2002,BDR,CT,ANE,EN,Federal Contract Tower,0,8,27,0,35,0,1,14,0,15,0,9,41,0,50,44,0,44,94
01/16/2002,BDR,CT,ANE,EN,Federal Contract Tower,0,5,34,2,41,0,0,87,0,87,0,5,121,2,128,158,0,158,286
01/17/2002,BDR,CT,ANE,EN,Federal Contract Tower,0,10,22,0,32,0,0,37,0,37,0,10,59,0,69,84,0,84,153
01/18/2002,BDR,CT,ANE,EN,Federal Contract Tower,0,11,26,0,37,0,1,102,0,103,0,12,128,0,140,122,8,130,270
01/19/2002,BDR,CT,ANE,EN,Federal Contract Tower,0,3,12,0,15,0,1,46,0,47,0,4,58,0,62,178,0,178,240
01/20/2002,BDR,CT,ANE,EN,Federal Contract Tower,0,1,14,0,15,0,0,53,0,53,0,1,67,0,68,100,0,100,168
01/21/2002,BDR,CT,ANE,EN,Federal Contract Tower,0,6,15,0,21,0,1,20,0,21,0,7,35,0,42,26,0,26,68
01/22/2002,BDR,CT,ANE,EN,Federal Contract Tower,0,12,28,0,40,0,2,86,0,88,0,14,114,0,128,170,0,170,298
01/23/2002,BDR,CT,ANE,EN,Federal Contract Tower,0,19,22,0,41,0,1,45,0,46,0,20,67,0,87,112,0,112,199
01/24/2002,BDR,CT,ANE,EN,Federal Contract Tower,0,10,21,0,31,0,0,2,0,2,0,10,23,0,33,0,0,0,33
01/25/2002,BDR,CT,ANE,EN,Federal Contract Tower,0,23,24,2,49,0,2,120,0,122,0,25,144,2,171,136,8,144,315
01/26/2002,BDR,CT,ANE,EN,Federal Contract Tower,0,6,19,0,25,0,0,139,0,139,0,6,158,0,164,204,0,204,368
01/27/2002,BDR,CT,ANE,EN,Federal Contract Tower,0,9,26,0,35,0,1,141,0,142,0,10,167,0,177,308,0,308,485
01/28/2002,BDR,CT,ANE,EN,Federal Contract Tower,0,4,24,0,28,0,0,135,0,135,0,4,159,0,163,228,0,228,391
01/29/2002,BDR,CT,ANE,EN,Federal Contract Tower,0,9,29,0,38,0,0,105,0,105,0,9,134,0,143,212,0,212,355
01/30/2002,BDR,CT,ANE,EN,Federal Contract Tower,0,7,10,0,17,0,2,27,0,29,0,9,37,0,46,76,0,76,122
01/31/2002,BDR,CT,ANE,EN,Federal Contract Tower,0,1,12,0,13,0,0,0,0,0,0,1,12,0,13,0,0,0,13
02/01/2002,BDR,CT,ANE,EN,Federal Contract Tower,0,5,26,0,31,0,0,2,0,2,0,5,28,0,33,0,0,0,33
02/02/2002,BDR,CT,ANE,EN,Federal Contract Tower,0,3,20,0,23,0,0,75,0,75,0,3,95,0,98,130,0,130,228
02/03/2002,BDR,CT,ANE,EN,Federal Contract Tower,0,0,20,0,20,0,0,126,0,126,0,0,146,0,146,206,0,206,352
02/04/2002,BDR,CT,ANE,EN,Federal Contract Tower,0,2,20,0,22,0,0,51,0,51,0,2,71,0,73,172,0,172,245
02/05/2002,BDR,CT,ANE,EN,Federal Contract Tower,0,6,29,0,35,0,0,41,0,41,0,6,70,0,76,118,0,118,194
02/06/2002,BDR,CT,ANE,EN,Federal Contract Tower,0,5,20,0,25,0,0,111,0,111,0,5,131,0,136,316,2,318,454
02/07/2002,BDR,CT,ANE,EN,Federal Contract Tower,0,3,15,0,18,0,1,20,0,21,0,4,35,0,39,106,0,106,145
02/08/2002,BDR,CT,ANE,EN,Federal Contract Tower,0,6,35,0,41,0,0,127,0,127,0,6,162,0,168,280,4,284,452
02/09/2002,BDR,CT,ANE,EN,Federal Contract Tower,0,11,28,0,39,0,0,180,0,180,0,11,208,0,219,432,0,432,651
02/10/2002,BDR,CT,ANE,EN,Federal Contract Tower,0,4,18,0,22,0,0,34,0,34,0,4,52,0,56,92,0,92,148
02/11/2002,BDR,CT,ANE,EN,Federal Contract Tower,0,4,15,0,19,0,0,17,0,17,0,4,32,0,36,14,0,14,50
02/12/2002,BDR,CT,ANE,EN,Federal Contract Tower,0,11,20,0,31,0,0,62,0,62,0,11,82,0,93,130,0,130,223
02/13/2002,BDR,CT,ANE,EN,Federal Contract Tower,0,8,26,2,36,0,1,56,0,57,0,9,82,2,93,58,2,60,153
02/14/2002,BDR,CT,ANE,EN,Federal Contract Tower,0,7,27,0,34,0,0,121,0,121,0,7,148,0,155,206,0,206,361
02/15/2002,BDR,CT,ANE,EN,Federal Contract Tower,0,4,27,0,31,0,0,67,0,67,0,4,94,0,98,220,2,222,320
02/16/2002,BDR,CT,ANE,EN,Federal Contract Tower,0,1,35,0,36,0,0,82,0,82,0,1,117,0,118,242,0,242,360
02/17/2002,BDR,CT,ANE,EN,Federal Contract Tower,0,3,13,0,16,0,3,7,0,10,0,6,20,0,26,34,0,34,60
02/18/2002,BDR,CT,ANE,EN,Federal Contract Tower,0,5,17,0,22,0,0,80,0,80,0,5,97,0,102,140,0,140,242
02/19/2002,BDR,CT,ANE,EN,Federal Contract Tower,0,12,23,0,35,0,0,114,0,114,0,12,137,0,149,356,0,356,505
02/20/2002,BDR,CT,ANE,EN,Federal Contract Tower,0,7,11,0,18,0,3,68,0,71,0,10,79,0,89,254,0,254,343
02/21/2002,BDR,CT,ANE,EN,Federal Contract Tower,0,6,26,0,32,0,0,29,1,30,0,6,55,1,62,54,0,54,116
02/22/2002,BDR,CT,ANE,EN,Federal Contract Tower,0,5,30,0,35,0,0,62,0,62,0,5,92,0,97,126,0,126,223
02/23/2002,BDR,CT,ANE,EN,Federal Contract Tower,0,5,17,0,22,0,0,161,0,161,0,5,178,0,183,276,2,278,461
02/24/2002,BDR,CT,ANE,EN,Federal Contract Tower,0,7,33,0,40,0,0,104,0,104,0,7,137,0,144,348,0,348,492
02/25/2002,BDR,CT,ANE,EN,Federal Contract Tower,0,3,25,0,28,0,0,69,1,70,0,3,94,1,98,232,0,232,330
02/26/2002,BDR,CT,ANE,EN,Federal Contract Tower,0,14,29,0,43,0,0,23,0,23,0,14,52,0,66,50,0,50,116
02/27/2002,BDR,CT,ANE,EN,Federal Contract Tower,0,7,17,0,24,0,3,18,0,21,0,10,35,0,45,64,0,64,109
02/28/2002,BDR,CT,ANE,EN,Federal Contract Tower,0,8,18,0,26,0,0,52,0,52,0,8,70,0,78,82,0,82,160
03/01/2002,BDR,CT,ANE,EN,Federal Contract Tower,0,6,28,0,34,0,1,115,0,116,0,7,143,0,150,284,0,284,434
03/02/2002,BDR,CT,ANE,EN,Federal Contract Tower,0,1,20,0,21,0,1,74,0,75,0,2,94,0,96,274,0,274,370
03/03/2002,BDR,CT,ANE,EN,Federal Contract Tower,0,0,0,0,0,0,11,0,0,11,0,11,0,0,11,0,0,0,11
03/04/2002,BDR,CT,ANE,EN,Federal Contract Tower,0,7,21,1,29,0,3,59,3,65,0,10,80,4,94,134,0,134,228
03/05/2002,BDR,CT,ANE,EN,Federal Contract Tower,0,6,32,2,40,0,0,65,2,67,0,6,97,4,107,212,8,220,327
03/06/2002,BDR,CT,ANE,EN,Federal Contract Tower,0,9,26,0,35,0,1,100,0,101,0,10,126,0,136,172,20,192,328
03/07/2002,BDR,CT,ANE,EN,Federal Contract Tower,0,11,27,0,38,0,2,149,0,151,0,13,176,0,189,362,2,364,553
03/08/2002,BDR,CT,ANE,EN,Federal Contract Tower,0,7,48,0,55,0,0,7,0,7,0,7,55,0,62,0,0,0,62
03/09/2002,BDR,CT,ANE,EN,Federal Contract Tower,0,3,32,0,35,0,0,91,0,91,0,3,123,0,126,138,0,138,264
03/10/2002,BDR,CT,ANE,EN,Federal Contract Tower,0,3,11,0,14,0,0,6,0,6,0,3,17,0,20,2,0,2,22
03/11/2002,BDR,CT,ANE,EN,Federal Contract Tower,0,2,28,0,30,0,0,78,0,78,0,2,106,0,108,272,2,274,382
03/12/2002,BDR,CT,ANE,EN,Federal Contract Tower,0,3,18,0,21,0,1,42,0,43,0,4,60,0,64,180,30,210,274
03/13/2002,BDR,CT,ANE,EN,Federal Contract Tower,0,4,32,0,36,0,0,0,0,0,0,4,32,0,36,2,0,2,38
03/14/2002,BDR,CT,ANE,EN,Federal Contract Tower,0,12,15,0,27,0,0,148,4,152,0,12,163,4,179,272,48,320,499
03/15/2002,BDR,CT,ANE,EN,Federal Contract Tower,0,3,37,1,41,0,0,5,1,6,0,3,42,2,47,4,0,4,51
03/16/2002,BDR,CT,ANE,EN,Federal Contract Tower,0,1,32,0,33,0,0,22,0,22,0,1,54,0,55,42,0,42,97
03/17/2002,BDR,CT,ANE,EN,Federal Contract Tower,0,4,22,0,26,0,0,176,0,176,0,4,198,0,202,386,0,386,588
03/18/2002,BDR,CT,ANE,EN,Federal Contract Tower,0,3,8,0,11,0,0,0,0,0,0,3,8,0,11,0,0,0,11
03/19/2002,BDR,CT,ANE,EN,Federal Contract Tower,0,8,23,0,31,0,1,58,0,59,0,9,81,0,90,148,2,150,240
03/20/2002,BDR,CT,ANE,EN,Federal Contract Tower,0,4,11,0,15,0,0,0,0,0,0,4,11,0,15,0,0,0,15
03/21/2002,BDR,CT,ANE,EN,Federal Contract Tower,0,13,23,0,36,0,1,111,0,112,0,14,134,0,148,267,6,273,421
03/22/2002,BDR,CT,ANE,EN,Federal Contract Tower,0,8,31,0,39,0,3,32,0,35,0,11,63,0,74,26,0,26,100
03/23/2002,BDR,CT,ANE,EN,Federal Contract Tower,0,0,15,0,15,0,5,47,0,52,0,5,62,0,67,68,8,76,143
03/24/2002,BDR,CT,ANE,EN,Federal Contract Tower,0,8,34,0,42,0,0,166,0,166,0,8,200,0,208,424,0,424,632
03/25/2002,BDR,CT,ANE,EN,Federal Contract Tower,0,6,20,0,26,0,1,49,0,50,0,7,69,0,76,116,0,116,192
03/26/2002,BDR,CT,ANE,EN,Federal Contract Tower,0,7,20,0,27,0,0,15,0,15,0,7,35,0,42,0,0,0,42
03/27/2002,BDR,CT,ANE,EN,Federal Contract Tower,0,5,24,0,29,0,0,85,0,85,0,5,109,0,114,198,6,204,318
03/28/2002,BDR,CT,ANE,EN,Federal Contract Tower,0,10,31,0,41,0,0,130,0,130,0,10,161,0,171,330,2,332,503
03/29/2002,BDR,CT,ANE,EN,Federal Contract Tower,0,5,22,0,27,0,0,158,0,158,0,5,180,0,185,334,0,334,519
03/30/2002,BDR,CT,ANE,EN,Federal Contract Tower,0,1,26,0,27,0,0,57,0,57,0,1,83,0,84,218,12,230,314
03/31/2002,BDR,CT,ANE,EN,Federal Contract Tower,0,6,17,0,23,0,0,67,0,67,0,6,84,0,90,258,0,258,348
04/01/2002,BDR,CT,ANE,EN,Federal Contract Tower,0,2,31,0,33,0,1,42,0,43,0,3,73,0,76,54,0,54,130
04/02/2002,BDR,CT,ANE,EN,Federal Contract Tower,0,4,17,0,21,0,0,99,0,99,0,4,116,0,120,175,0,175,295
04/03/2002,BDR,CT,ANE,EN,Federal Contract Tower,0,9,19,0,28,0,0,23,0,23,0,9,42,0,51,38,0,38,89
04/04/2002,BDR,CT,ANE,EN,Federal Contract Tower,0,12,20,0,32,0,0,101,0,101,0,12,121,0,133,152,0,152,285
04/05/2002,BDR,CT,ANE,EN,Federal Contract Tower,0,4,21,0,25,0,0,99,0,99,0,4,120,0,124,252,8,260,384
04/06/2002,BDR,CT,ANE,EN,Federal Contract Tower,0,4,16,0,20,0,0,92,0,92,0,4,108,0,112,124,0,124,236
04/07/2002,BDR,CT,ANE,EN,Federal Contract Tower,0,4,24,0,28,0,0,160,8,168,0,4,184,8,196,430,0,430,626
04/08/2002,BDR,CT,ANE,EN,Federal Contract Tower,0,3,24,2,29,0,0,70,0,70,0,3,94,2,99,300,0,300,399
04/09/2002,BDR,CT,ANE,EN,Federal Contract Tower,0,7,27,2,36,0,2,59,1,62,0,9,86,3,98,86,14,100,198
04/10/2002,BDR,CT,ANE,EN,Federal Contract Tower,0,8,33,0,41,0,0,114,0,114,0,8,147,0,155,160,6,166,321
04/11/2002,BDR,CT,ANE,EN,Federal Contract Tower,0,7,30,0,37,0,0,125,0,125,0,7,155,0,162,126,0,126,288
04/12/2002,BDR,CT,ANE,EN,Federal Contract Tower,0,4,47,1,52,0,1,40,0,41,0,5,87,1,93,158,2,160,253
04/13/2002,BDR,CT,ANE,EN,Federal Contract Tower,0,2,16,0,18,0,0,19,0,19,0,2,35,0,37,160,0,160,197
04/14/2002,BDR,CT,ANE,EN,Federal Contract Tower,0,3,34,0,37,0,0,103,0,103,0,3,137,0,140,306,0,306,446
04/15/2002,BDR,CT,ANE,EN,Federal Contract Tower,0,3,27,0,30,0,0,69,0,69,0,3,96,0,99,160,0,160,259
04/16/2002,BDR,CT,ANE,EN,Federal Contract Tower,0,7,23,0,30,0,0,123,32,155,0,7,146,32,185,410,8,418,603
04/17/2002,BDR,CT,ANE,EN,Federal Contract Tower,0,2,30,0,32,0,0,112,0,112,0,2,142,0,144,310,0,310,454
04/18/2002,BDR,CT,ANE,EN,Federal Contract Tower,0,9,19,0,28,0,0,88,0,88,0,9,107,0,116,284,0,284,400
04/19/2002,BDR,CT,ANE,EN,Federal Contract Tower,0,8,47,0,55,0,2,62,0,64,0,10,109,0,119,72,0,72,191
04/20/2002,BDR,CT,ANE,EN,Federal Contract Tower,0,7,23,0,30,0,0,63,0,63,0,7,86,0,93,128,0,128,221
04/21/2002,BDR,CT,ANE,EN,Federal Contract Tower,0,3,29,0,32,0,0,111,0,111,0,3,140,0,143,219,0,219,362
04/22/2002,BDR,CT,ANE,EN,Federal Contract Tower,0,5,22,0,27,0,0,7,0,7,0,5,29,0,34,2,0,2,36
04/23/2002,BDR,CT,ANE,EN,Federal Contract Tower,0,5,28,0,33,0,0,80,0,80,0,5,108,0,113,136,2,138,251
04/24/2002,BDR,CT,ANE,EN,Federal Contract Tower,0,5,21,0,26,0,1,147,2,150,0,6,168,2,176,310,0,310,486
04/25/2002,BDR,CT,ANE,EN,Federal Contract Tower,0,7,22,0,29,0,0,28,0,28,0,7,50,0,57,48,0,48,105
04/26/2002,BDR,CT,ANE,EN,Federal Contract Tower,0,7,35,0,42,0,0,117,0,117,0,7,152,0,159,136,2,138,297
04/27/2002,BDR,CT,ANE,EN,Federal Contract Tower,0,0,38,0,38,0,0,154,0,154,0,0,192,0,192,402,0,402,594
04/28/2002,BDR,CT,ANE,EN,Federal Contract Tower,0,4,33,2,39,0,0,0,0,0,0,4,33,2,39,0,0,0,39
04/29/2002,BDR,CT,ANE,EN,Federal Contract Tower,0,9,42,0,51,0,0,41,2,43,0,9,83,2,94,134,0,134,228
04/30/2002,BDR,CT,ANE,EN,Federal Contract Tower,0,7,23,0,30,0,0,90,6,96,0,7,113,6,126,212,0,212,338
05/01/2002,BDR,CT,ANE,EN,Federal Contract Tower,0,5,26,2,33,0,2,98,0,100,0,7,124,2,133,272,0,272,405
05/02/2002,BDR,CT,ANE,EN,Federal Contract Tower,0,5,15,2,22,0,0,1,1,2,0,5,16,3,24,0,0,0,24
05/03/2002,BDR,CT,ANE,EN,Federal Contract Tower,0,9,7,0,16,0,0,22,6,28,0,9,29,6,44,4,2,6,50
05/04/2002,BDR,CT,ANE,EN,Federal Contract Tower,0,5,22,0,27,0,2,150,0,152,0,7,172,0,179,428,0,428,607
05/05/2002,BDR,CT,ANE,EN,Federal Contract Tower,0,0,26,0,26,0,2,178,0,180,0,2,204,0,206,460,0,460,666
05/06/2002,BDR,CT,ANE,EN,Federal Contract Tower,0,4,27,0,31,0,0,112,0,112,0,4,139,0,143,152,2,154,297
05/07/2002,BDR,CT,ANE,EN,Federal Contract Tower,0,7,25,0,32,0,1,70,4,75,0,8,95,4,107,172,0,172,279
05/08/2002,BDR,CT,ANE,EN,Federal Contract Tower,0,5,36,0,41,0,0,84,2,86,0,5,120,2,127,256,0,256,383
05/09/2002,BDR,CT,ANE,EN,Federal Contract Tower,0,7,22,0,29,0,0,33,0,33,0,7,55,0,62,70,0,70,132
05/10/2002,BDR,CT,ANE,EN,Federal Contract Tower,0,7,26,0,33,0,1,105,0,106,0,8,131,0,139,236,0,236,375
05/11/2002,BDR,CT,ANE,EN,Federal Contract Tower,0,1,25,0,26,0,0,185,0,185,0,1,210,0,211,402,2,404,615
05/12/2002,BDR,CT,ANE,EN,Federal Contract Tower,0,2,35,0,37,0,0,9,0,9,0,2,44,0,46,54,0,54,100
05/13/2002,BDR,CT,ANE,EN,Federal Contract Tower,0,2,21,0,23,0,0,0,0,0,0,2,21,0,23,0,0,0,23
05/14/2002,BDR,CT,ANE,EN,Federal Contract Tower,0,3,16,0,19,0,1,28,0,29,0,4,44,0,48,40,0,40,88
05/15/2002,BDR,CT,ANE,EN,Federal Contract Tower,0,1,23,0,24,0,3,64,4,71,0,4,87,4,95,30,0,30,125
05/16/2002,BDR,CT,ANE,EN,Federal Contract Tower,0,5,20,0,25,0,1,99,0,100,0,6,119,0,125,182,0,182,307
05/17/2002,BDR,CT,ANE,EN,Federal Contract Tower,0,13,37,0,50,0,3,80,0,83,0,16,117,0,133,172,0,172,305
05/18/2002,BDR,CT,ANE,EN,Federal Contract Tower,0,3,17,0,20,0,0,5,0,5,0,3,22,0,25,6,0,6,31
05/19/2002,BDR,CT,ANE,EN,Federal Contract Tower,0,14,15,0,29,0,0,135,0,135,0,14,150,0,164,480,0,480,644
05/20/2002,BDR,CT,ANE,EN,Federal Contract Tower,0,5,13,0,18,0,0,104,0,104,0,5,117,0,122,284,2,286,408
05/21/2002,BDR,CT,ANE,EN,Federal Contract Tower,0,5,35,4,44,0,0,123,3,126,0,5,158,7,170,236,0,236,406
05/22/2002,BDR,CT,ANE,EN,Federal Contract Tower,0,6,27,0,33,0,0,171,0,171,0,6,198,0,204,344,4,348,552
05/23/2002,BDR,CT,ANE,EN,Federal Contract Tower,0,22,28,0,50,0,2,125,0,127,0,24,153,0,177,303,0,303,480
05/24/2002,BDR,CT,ANE,EN,Federal Contract Tower,0,17,40,0,57,0,3,156,0,159,0,20,196,0,216,200,0,200,416
05/25/2002,BDR,CT,ANE,EN,Federal Contract Tower,0,4,28,0,32,0,0,166,0,166,0,4,194,0,198,300,0,300,498
05/26/2002,BDR,CT,ANE,EN,Federal Contract Tower,0,5,37,0,42,0,0,14,6,20,0,5,51,6,62,14,0,14,76
05/27/2002,BDR,CT,ANE,EN,Federal Contract Tower,0,8,39,0,47,0,0,59,4,63,0,8,98,4,110,78,0,78,188
05/28/2002,BDR,CT,ANE,EN,Federal Contract Tower,0,16,25,0,41,0,0,39,0,39,0,16,64,0,80,56,0,56,136
05/29/2002,BDR,CT,ANE,EN,Federal Contract Tower,0,5,55,0,60,0,0,37,0,37,0,5,92,0,97,126,0,126,223
05/30/2002,BDR,CT,ANE,EN,Federal Contract Tower,0,5,52,0,57,0,1,48,0,49,0,6,100,0,106,103,0,103,209
05/31/2002,BDR,CT,ANE,EN,Federal Contract Tower,0,6,27,0,33,0,2,40,0,42,0,8,67,0,75,86,0,86,161
06/01/2002,BDR,CT,ANE,EN,Federal Contract Tower,0,2,10,0,12,0,0,143,1,144,0,2,153,1,156,306,0,306,462
06/02/2002,BDR,CT,ANE,EN,Federal Contract Tower,0,6,11,0,17,0,0,64,0,64,0,6,75,0,81,142,0,142,223
06/03/2002,BDR,CT,ANE,EN,Federal Contract Tower,0,11,27,0,38,0,0,110,0,110,0,11,137,0,148,300,0,300,448
06/04/2002,BDR,CT,ANE,EN,Federal Contract Tower,0,9,17,0,26,0,0,80,0,80,0,9,97,0,106,218,0,218,324
06/05/2002,BDR,CT,ANE,EN,Federal Contract Tower,0,10,22,0,32,0,0,20,0,20,0,10,42,0,52,114,2,116,168
06/06/2002,BDR,CT,ANE,EN,Federal Contract Tower,0,8,40,0,48,0,0,4,2,6,0,8,44,2,54,36,12,48,102
06/07/2002,BDR,CT,ANE,EN,Federal Contract Tower,0,7,43,0,50,0,0,64,0,64,0,7,107,0,114,146,0,146,260
06/08/2002,BDR,CT,ANE,EN,Federal Contract Tower,0,2,29,0,31,0,0,176,0,176,0,2,205,0,207,388,4,392,599
06/09/2002,BDR,CT,ANE,EN,Federal Contract Tower,0,6,43,0,49,0,0,152,0,152,0,6,195,0,201,343,0,343,544
06/10/2002,BDR,CT,ANE,EN,Federal Contract Tower,0,4,42,0,46,0,0,134,0,134,0,4,176,0,180,324,6,330,510
06/11/2002,BDR,CT,ANE,EN,Federal Contract Tower,0,10,42,0,52,0,0,53,0,53,0,10,95,0,105,226,0,226,331
06/12/2002,BDR,CT,ANE,EN,Federal Contract Tower,0,7,29,0,36,0,0,22,0,22,0,7,51,0,58,72,2,74,132
06/13/2002,BDR,CT,ANE,EN,Federal Contract Tower,0,9,59,0,68,0,0,35,0,35,0,9,94,0,103,146,0,146,249
06/14/2002,BDR,CT,ANE,EN,Federal Contract Tower,0,8,38,0,46,0,1,0,1,2,0,9,38,1,48,0,0,0,48
06/15/2002,BDR,CT,ANE,EN,Federal Contract Tower,0,4,43,0,47,0,0,5,0,5,0,4,48,0,52,0,0,0,52
06/16/2002,BDR,CT,ANE,EN,Federal Contract Tower,0,10,28,0,38,0,0,44,0,44,0,10,72,0,82,76,0,76,158
06/17/2002,BDR,CT,ANE,EN,Federal Contract Tower,0,9,14,0,23,0,0,102,0,102,0,9,116,0,125,198,0,198,323
06/18/2002,BDR,CT,ANE,EN,Federal Contract Tower,0,5,15,0,20,0,2,129,0,131,0,7,144,0,151,262,0,262,413
06/19/2002,BDR,CT,ANE,EN,Federal Contract Tower,0,8,16,0,24,0,0,122,0,122,0,8,138,0,146,180,0,180,326
06/20/2002,BDR,CT,ANE,EN,Federal Contract Tower,0,7,28,0,35,0,0,152,0,152,0,7,180,0,187,168,2,170,357
06/21/2002,BDR,CT,ANE,EN,Federal Contract Tower,0,2,31,0,33,0,0,88,1,89,0,2,119,1,122,230,0,230,352
06/22/2002,BDR,CT,ANE,EN,Federal Contract Tower,0,4,26,0,30,0,0,112,0,112,0,4,138,0,142,328,2,330,472
06/23/2002,BDR,CT,ANE,EN,Federal Contract Tower,0,2,46,0,48,0,2,104,0,106,0,4,150,0,154,204,0,204,358
06/24/2002,BDR,CT,ANE,EN,Federal Contract Tower,0,5,27,0,32,0,0,76,0,76,0,5,103,0,108,176,0,176,284
06/25/2002,BDR,CT,ANE,EN,Federal Contract Tower,0,11,32,0,43,0,0,106,0,106,0,11,138,0,149,262,0,262,411
06/26/2002,BDR,CT,ANE,EN,Federal Contract Tower,0,10,35,0,45,0,0,36,0,36,0,10,71,0,81,46,0,46,127
06/27/2002,BDR,CT,ANE,EN,Federal Contract Tower,0,9,26,0,35,0,0,42,3,45,0,9,68,3,80,94,0,94,174
06/28/2002,BDR,CT,ANE,EN,Federal Contract Tower,0,13,43,0,56,0,0,110,0,110,0,13,153,0,166,240,0,240,406
06/29/2002,BDR,CT,ANE,EN,Federal Contract Tower,0,2,11,0,13,0,0,113,0,113,0,2,124,0,126,194,0,194,320
06/30/2002,BDR,CT,ANE,EN,Federal Contract Tower,0,3,26,0,29,0,0,162,0,162,0,3,188,0,191,294,0,294,485
07/01/2002,BDR,CT,ANE,EN,Federal Contract Tower,0,16,29,4,49,0,2,71,2,75,0,18,100,6,124,186,0,186,310
07/02/2002,BDR,CT,ANE,EN,Federal Contract Tower,0,16,40,0,56,0,2,70,0,72,0,18,110,0,128,70,10,80,208
07/03/2002,BDR,CT,ANE,EN,Federal Contract Tower,0,8,29,0,37,0,0,85,0,85,0,8,114,0,122,96,0,96,218
07/04/2002,BDR,CT,ANE,EN,Federal Contract Tower,0,0,7,0,7,0,6,93,5,104,0,6,100,5,111,96,0,96,207
07/05/2002,BDR,CT,ANE,EN,Federal Contract Tower,0,1,7,0,8,0,0,101,0,101,0,1,108,0,109,144,4,148,257
07/06/2002,BDR,CT,ANE,EN,Federal Contract Tower,0,2,9,0,11,0,1,78,0,79,0,3,87,0,90,74,0,74,164
07/07/2002,BDR,CT,ANE,EN,Federal Contract Tower,0,15,96,0,111,0,0,40,0,40,0,15,136,0,151,0,0,0,151
07/08/2002,BDR,CT,ANE,EN,Federal Contract Tower,0,10,39,0,49,0,3,125,2,130,0,13,164,2,179,64,0,64,243
07/09/2002,BDR,CT,ANE,EN,Federal Contract Tower,0,11,39,0,50,0,0,44,0,44,0,11,83,0,94,52,0,52,146
07/10/2002,BDR,CT,ANE,EN,Federal Contract Tower,0,4,24,0,28,0,4,94,0,98,0,8,118,0,126,224,2,226,352
07/11/2002,BDR,CT,ANE,EN,Federal Contract Tower,0,7,39,2,48,0,1,120,0,121,0,8,159,2,169,226,0,226,395
07/12/2002,BDR,CT,ANE,EN,Federal Contract Tower,0,12,24,2,38,0,1,149,0,150,0,13,173,2,188,208,0,208,396
07/13/2002,BDR,CT,ANE,EN,Federal Contract Tower,0,0,10,0,10,0,0,158,0,158,0,0,168,0,168,326,0,326,494
07/14/2002,BDR,CT,ANE,EN,Federal Contract Tower,0,7,14,0,21,0,0,117,0,117,0,7,131,0,138,278,0,278,416
07/15/2002,BDR,CT,ANE,EN,Federal Contract Tower,0,14,30,0,44,0,1,75,2,78,0,15,105,2,122,164,0,164,286
07/16/2002,BDR,CT,ANE,EN,Federal Contract Tower,0,6,17,4,27,0,0,110,0,110,0,6,127,4,137,246,0,246,383
07/17/2002,BDR,CT,ANE,EN,Federal Contract Tower,0,4,24,0,28,0,0,104,0,104,0,4,128,0,132,252,4,256,388
07/18/2002,BDR,CT,ANE,EN,Federal Contract Tower,0,14,18,0,32,0,4,73,0,77,0,18,91,0,109,172,0,172,281
07/19/2002,BDR,CT,ANE,EN,Federal Contract Tower,0,9,33,0,42,0,2,41,0,43,0,11,74,0,85,94,0,94,179
07/20/2002,BDR,CT,ANE,EN,Federal Contract Tower,0,6,42,0,48,0,0,73,0,73,0,6,115,0,121,138,0,138,259
07/21/2002,BDR,CT,ANE,EN,Federal Contract Tower,0,7,19,0,26,0,5,135,2,142,0,12,154,2,168,258,0,258,426
07/22/2002,BDR,CT,ANE,EN,Federal Contract Tower,0,11,31,0,42,0,1,83,0,84,0,12,114,0,126,112,0,112,238
07/23/2002,BDR,CT,ANE,EN,Federal Contract Tower,0,6,34,0,40,0,1,29,1,31,0,7,63,1,71,66,0,66,137
07/24/2002,BDR,CT,ANE,EN,Federal Contract Tower,0,11,29,0,40,0,1,92,0,93,0,12,121,0,133,206,0,206,339
07/25/2002,BDR,CT,ANE,EN,Federal Contract Tower,0,23,22,1,46,0,0,128,1,129,0,23,150,2,175,186,0,186,361
07/26/2002,BDR,CT,ANE,EN,Federal Contract Tower,0,17,24,0,41,0,6,105,0,111,0,23,129,0,152,224,0,224,376
07/27/2002,BDR,CT,ANE,EN,Federal Contract Tower,0,4,33,0,37,0,0,26,0,26,0,4,59,0,63,130,0,130,193
07/28/2002,BDR,CT,ANE,EN,Federal Contract Tower,0,10,22,0,32,0,0,11,0,11,0,10,33,0,43,30,0,30,73
07/29/2002,BDR,CT,ANE,EN,Federal Contract Tower,0,5,35,0,40,0,0,53,0,53,0,5,88,0,93,114,0,114,207
07/30/2002,BDR,CT,ANE,EN,Federal Contract Tower,0,2,8,0,10,0,2,96,1,99,0,4,104,1,109,176,0,176,285
07/31/2002,BDR,CT,ANE,EN,Federal Contract Tower,0,15,20,0,35,0,0,132,0,132,0,15,152,0,167,262,0,262,429
08/01/2002,BDR,CT,ANE,EN,Federal Contract Tower,0,10,29,2,41,0,6,123,0,129,0,16,152,2,170,132,0,132,302
08/02/2002,BDR,CT,ANE,EN,Federal Contract Tower,0,2,33,0,35,0,0,66,0,66,0,2,99,0,101,84,0,84,185
08/03/2002,BDR,CT,ANE,EN,Federal Contract Tower,0,4,17,0,21,0,0,109,0,109,0,4,126,0,130,244,0,244,374
08/04/2002,BDR,CT,ANE,EN,Federal Contract Tower,0,1,28,0,29,0,0,146,0,146,0,1,174,0,175,190,0,190,365
08/05/2002,BDR,CT,ANE,EN,Federal Contract Tower,0,2,14,0,16,0,0,39,0,39,0,2,53,0,55,34,0,34,89
08/06/2002,BDR,CT,ANE,EN,Federal Contract Tower,0,3,17,0,20,0,0,70,4,74,0,3,87,4,94,90,8,98,192
08/07/2002,BDR,CT,ANE,EN,Federal Contract Tower,0,13,22,0,35,0,0,87,0,87,0,13,109,0,122,187,0,187,309
08/08/2002,BDR,CT,ANE,EN,Federal Contract Tower,0,2,17,0,19,0,3,125,2,130,0,5,142,2,149,194,6,200,349
08/09/2002,BDR,CT,ANE,EN,Federal Contract Tower,0,13,24,0,37,0,0,137,0,137,0,13,161,0,174,316,0,316,490
08/10/2002,BDR,CT,ANE,EN,Federal Contract Tower,0,1,15,0,16,0,1,141,0,142,0,2,156,0,158,237,0,237,395
08/11/2002,BDR,CT,ANE,EN,Federal Contract Tower,0,10,27,0,37,0,0,137,0,137,0,10,164,0,174,130,0,130,304
08/12/2002,BDR,CT,ANE,EN,Federal Contract Tower,0,4,25,0,29,0,0,77,0,77,0,4,102,0,106,116,0,116,222
08/13/2002,BDR,CT,ANE,EN,Federal Contract Tower,0,1,30,4,35,0,0,39,0,39,0,1,69,4,74,18,0,18,92
08/14/2002,BDR,CT,ANE,EN,Federal Contract Tower,0,5,28,0,33,0,0,57,0,57,0,5,85,0,90,74,2,76,166
08/15/2002,BDR,CT,ANE,EN,Federal Contract Tower,0,4,34,0,38,0,0,73,0,73,0,4,107,0,111,170,0,170,281
08/16/2002,BDR,CT,ANE,EN,Federal Contract Tower,0,2,27,0,29,0,0,53,2,55,0,2,80,2,84,130,4,134,218
08/17/2002,BDR,CT,ANE,EN,Federal Contract Tower,0,6,45,0,51,0,0,79,0,79,0,6,124,0,130,0,0,0,130
08/18/2002,BDR,CT,ANE,EN,Federal Contract Tower,0,5,25,0,30,0,0,131,0,131,0,5,156,0,161,194,0,194,355
08/19/2002,BDR,CT,ANE,EN,Federal Contract Tower,0,4,17,0,21,0,2,109,0,111,0,6,126,0,132,187,0,187,319
08/20/2002,BDR,CT,ANE,EN,Federal Contract Tower,0,3,41,2,46,0,0,35,0,35,0,3,76,2,81,86,0,86,167
08/21/2002,BDR,CT,ANE,EN,Federal Contract Tower,0,6,20,0,26,0,0,134,0,134,0,6,154,0,160,142,0,142,302
08/22/2002,BDR,CT,ANE,EN,Federal Contract Tower,0,10,20,2,32,0,0,86,0,86,0,10,106,2,118,218,0,218,336
08/23/2002,BDR,CT,ANE,EN,Federal Contract Tower,0,9,40,0,49,0,1,69,0,70,0,10,109,0,119,225,0,225,344
08/24/2002,BDR,CT,ANE,EN,Federal Contract Tower,0,4,28,0,32,0,0,48,0,48,0,4,76,0,80,124,0,124,204
08/25/2002,BDR,CT,ANE,EN,Federal Contract Tower,0,8,29,0,37,0,1,148,0,149,0,9,177,0,186,178,0,178,364
08/26/2002,BDR,CT,ANE,EN,Federal Contract Tower,0,3,29,0,32,0,0,102,0,102,0,3,131,0,134,222,0,222,356
08/27/2002,BDR,CT,ANE,EN,Federal Contract Tower,0,6,25,0,31,0,1,70,2,73,0,7,95,2,104,190,0,190,294
08/28/2002,BDR,CT,ANE,EN,Federal Contract Tower,0,3,14,0,17,0,0,47,0,47,0,3,61,0,64,170,6,176,240
08/29/2002,BDR,CT,ANE,EN,Federal Contract Tower,0,1,37,0,38,0,0,0,0,0,0,1,37,0,38,0,0,0,38
08/30/2002,BDR,CT,ANE,EN,Federal Contract Tower,0,7,48,0,55,0,0,27,4,31,0,7,75,4,86,14,0,14,100
08/31/2002,BDR,CT,ANE,EN,Federal Contract Tower,0,0,37,0,37,0,0,42,0,42,0,0,79,0,79,54,0,54,133
09/01/2002,BDR,CT,ANE,EN,Federal Contract Tower,0,2,28,0,30,0,1,9,0,10,0,3,37,0,40,14,0,14,54
09/02/2002,BDR,CT,ANE,EN,Federal Contract Tower,0,2,40,0,42,0,1,0,0,1,0,3,40,0,43,0,0,0,43
09/03/2002,BDR,CT,ANE,EN,Federal Contract Tower,0,3,49,0,52,0,1,64,0,65,0,4,113,0,117,160,0,160,277
09/04/2002,BDR,CT,ANE,EN,Federal Contract Tower,0,12,49,0,61,0,0,48,0,48,0,12,97,0,109,40,0,40,149
09/05/2002,BDR,CT,ANE,EN,Federal Contract Tower,0,8,16,0,24,0,0,129,0,129,0,8,145,0,153,110,0,110,263
09/06/2002,BDR,CT,ANE,EN,Federal Contract Tower,0,3,13,0,16,0,5,159,2,166,0,8,172,2,182,230,0,230,412
09/07/2002,BDR,CT,ANE,EN,Federal Contract Tower,0,0,18,0,18,0,0,125,2,127,0,0,143,2,145,206,0,206,351
09/08/2002,BDR,CT,ANE,EN,Federal Contract Tower,0,5,26,0,31,0,1,203,2,206,0,6,229,2,237,176,0,176,413
09/09/2002,BDR,CT,ANE,EN,Federal Contract Tower,0,5,24,1,30,0,6,139,0,145,0,11,163,1,175,154,0,154,329
09/10/2002,BDR,CT,ANE,EN,Federal Contract Tower,0,13,20,0,33,0,0,92,0,92,0,13,112,0,125,220,0,220,345
09/11/2002,BDR,CT,ANE,EN,Federal Contract Tower,0,18,21,0,39,0,0,6,0,6,0,18,27,0,45,0,0,0,45
09/12/2002,BDR,CT,ANE,EN,Federal Contract Tower,0,37,39,0,76,0,0,76,0,76,0,37,115,0,152,78,4,82,234
09/13/2002,BDR,CT,ANE,EN,Federal Contract Tower,0,10,36,0,46,0,2,101,1,104,0,12,137,1,150,72,4,76,226
09/14/2002,BDR,CT,ANE,EN,Federal Contract Tower,0,9,15,0,24,0,0,183,0,183,0,9,198,0,207,308,0,308,515
09/15/2002,BDR,CT,ANE,EN,Federal Contract Tower,0,4,32,0,36,0,0,3,0,3,0,4,35,0,39,12,0,12,51
09/16/2002,BDR,CT,ANE,EN,Federal Contract Tower,0,3,38,4,45,0,0,1,0,1,0,3,39,4,46,0,0,0,46
09/17/2002,BDR,CT,ANE,EN,Federal Contract Tower,0,2,25,0,27,0,0,100,4,104,0,2,125,4,131,216,0,216,347
09/18/2002,BDR,CT,ANE,EN,Federal Contract Tower,0,3,20,0,23,0,0,110,3,113,0,3,130,3,136,188,0,188,324
09/19/2002,BDR,CT,ANE,EN,Federal Contract Tower,0,7,13,0,20,0,0,108,0,108,0,7,121,0,128,144,0,144,272
09/20/2002,BDR,CT,ANE,EN,Federal Contract Tower,0,13,15,0,28,0,0,97,0,97,0,13,112,0,125,176,0,176,301
09/21/2002,BDR,CT,ANE,EN,Federal Contract Tower,0,1,32,0,33,0,0,79,0,79,0,1,111,0,112,158,0,158,270
09/22/2002,BDR,CT,ANE,EN,Federal Contract Tower,0,9,31,0,40,0,0,141,0,141,0,9,172,0,181,232,0,232,413
09/23/2002,BDR,CT,ANE,EN,Federal Contract Tower,0,9,18,0,27,0,0,87,0,87,0,9,105,0,114,110,0,110,224
09/24/2002,BDR,CT,ANE,EN,Federal Contract Tower,0,3,27,0,30,0,1,86,0,87,0,4,113,0,117,106,0,106,223
09/25/2002,BDR,CT,ANE,EN,Federal Contract Tower,0,18,20,0,38,0,0,106,0,106,0,18,126,0,144,186,0,186,330
09/26/2002,BDR,CT,ANE,EN,Federal Contract Tower,0,6,29,2,37,0,0,26,1,27,0,6,55,3,64,26,0,26,90
09/27/2002,BDR,CT,ANE,EN,Federal Contract Tower,0,8,52,0,60,0,0,0,0,0,0,8,52,0,60,0,0,0,60
09/28/2002,BDR,CT,ANE,EN,Federal Contract Tower,0,3,13,0,16,0,0,31,0,31,0,3,44,0,47,36,0,36,83
09/29/2002,BDR,CT,ANE,EN,Federal Contract Tower,0,5,15,0,20,0,0,218,0,218,0,5,233,0,238,282,0,282,520
09/30/2002,BDR,CT,ANE,EN,Federal Contract Tower,0,3,12,0,15,0,1,152,0,153,0,4,164,0,168,222,0,222,390
10/01/2002,BDR,CT,ANE,EN,Federal Contract Tower,0,2,25,0,27,0,0,128,0,128,0,2,153,0,155,106,0,106,261
10/02/2002,BDR,CT,ANE,EN,Federal Contract Tower,0,7,19,0,26,0,0,71,0,71,0,7,90,0,97,76,0,76,173
10/03/2002,BDR,CT,ANE,EN,Federal Contract Tower,0,0,1,0,1,0,7,49,0,56,0,7,50,0,57,42,0,42,99
10/04/2002,BDR,CT,ANE,EN,Federal Contract Tower,0,6,49,0,55,0,0,2,0,2,0,6,51,0,57,0,0,0,57
10/05/2002,BDR,CT,ANE,EN,Federal Contract Tower,0,4,8,0,12,0,0,70,0,70,0,4,78,0,82,66,0,66,148
10/06/2002,BDR,CT,ANE,EN,Federal Contract Tower,0,1,22,0,23,0,0,262,0,262,0,1,284,0,285,281,0,281,566
10/07/2002,BDR,CT,ANE,EN,Federal Contract Tower,0,0,23,3,26,0,0,34,2,36,0,0,57,5,62,22,0,22,84
10/08/2002,BDR,CT,ANE,EN,Federal Contract Tower,0,8,32,0,40,0,0,106,0,106,0,8,138,0,146,128,0,128,274
10/09/2002,BDR,CT,ANE,EN,Federal Contract Tower,0,9,29,0,38,0,0,107,0,107,0,9,136,0,145,140,0,140,285
10/10/2002,BDR,CT,ANE,EN,Federal Contract Tower,0,13,18,2,33,0,0,40,0,40,0,13,58,2,73,62,0,62,135
10/11/2002,BDR,CT,ANE,EN,Federal Contract Tower,0,10,43,2,55,0,0,0,0,0,0,10,43,2,55,0,0,0,55
10/12/2002,BDR,CT,ANE,EN,Federal Contract Tower,0,3,16,0,19,0,0,1,0,1,0,3,17,0,20,0,0,0,20
10/13/2002,BDR,CT,ANE,EN,Federal Contract Tower,0,7,54,0,61,0,3,0,0,3,0,10,54,0,64,0,0,0,64
10/14/2002,BDR,CT,ANE,EN,Federal Contract Tower,0,5,18,0,23,0,0,171,2,173,0,5,189,2,196,160,0,160,356
10/15/2002,BDR,CT,ANE,EN,Federal Contract Tower,0,7,34,0,41,0,0,123,0,123,0,7,157,0,164,144,0,144,308
10/16/2002,BDR,CT,ANE,EN,Federal Contract Tower,0,3,6,0,9,0,0,0,0,0,0,3,6,0,9,0,0,0,9
10/17/2002,BDR,CT,ANE,EN,Federal Contract Tower,0,14,25,0,39,0,0,100,0,100,0,14,125,0,139,184,0,184,323
10/18/2002,BDR,CT,ANE,EN,Federal Contract Tower,0,10,28,0,38,0,1,135,0,136,0,11,163,0,174,214,0,214,388
10/19/2002,BDR,CT,ANE,EN,Federal Contract Tower,0,6,16,0,22,0,0,28,0,28,0,6,44,0,50,116,0,116,166
10/20/2002,BDR,CT,ANE,EN,Federal Contract Tower,0,8,28,0,36,0,0,217,0,217,0,8,245,0,253,275,0,275,528
10/21/2002,BDR,CT,ANE,EN,Federal Contract Tower,0,7,20,2,29,0,0,102,3,105,0,7,122,5,134,130,0,130,264
10/22/2002,BDR,CT,ANE,EN,Federal Contract Tower,0,11,22,2,35,0,0,114,0,114,0,11,136,2,149,166,2,168,317
10/23/2002,BDR,CT,ANE,EN,Federal Contract Tower,0,3,17,0,20,0,0,81,6,87,0,3,98,6,107,120,0,120,227
10/24/2002,BDR,CT,ANE,EN,Federal Contract Tower,0,9,19,0,28,0,0,123,0,123,0,9,142,0,151,174,6,180,331
10/25/2002,BDR,CT,ANE,EN,Federal Contract Tower,0,9,21,0,30,0,1,69,0,70,0,10,90,0,100,114,2,116,216
10/26/2002,BDR,CT,ANE,EN,Federal Contract Tower,0,3,17,0,20,0,0,0,0,0,0,3,17,0,20,0,0,0,20
10/27/2002,BDR,CT,ANE,EN,Federal Contract Tower,0,5,13,0,18,0,1,199,0,200,0,6,212,0,218,236,0,236,454
10/28/2002,BDR,CT,ANE,EN,Federal Contract Tower,0,6,22,0,28,0,0,127,0,127,0,6,149,0,155,156,2,158,313
10/29/2002,BDR,CT,ANE,EN,Federal Contract Tower,0,6,17,4,27,0,1,84,0,85,0,7,101,4,112,183,0,183,295
10/30/2002,BDR,CT,ANE,EN,Federal Contract Tower,0,6,19,0,25,0,2,23,0,25,0,8,42,0,50,46,0,46,96
10/31/2002,BDR,CT,ANE,EN,Federal Contract Tower,0,10,15,0,25,0,0,74,0,74,0,10,89,0,99,96,0,96,195
11/01/2002,BDR,CT,ANE,EN,Federal Contract Tower,0,6,12,0,18,0,1,49,2,52,0,7,61,2,70,154,12,166,236
11/02/2002,BDR,CT,ANE,EN,Federal Contract Tower,0,1,15,0,16,0,0,88,0,88,0,1,103,0,104,124,0,124,228
11/03/2002,BDR,CT,ANE,EN,Federal Contract Tower,0,2,23,0,25,0,0,126,0,126,0,2,149,0,151,269,0,269,420
11/04/2002,BDR,CT,ANE,EN,Federal Contract Tower,0,7,18,0,25,0,0,26,2,28,0,7,44,2,53,6,0,6,59
11/05/2002,BDR,CT,ANE,EN,Federal Contract Tower,0,14,14,0,28,0,0,97,0,97,0,14,111,0,125,178,2,180,305
11/06/2002,BDR,CT,ANE,EN,Federal Contract Tower,0,22,18,0,40,0,0,4,0,4,0,22,22,0,44,8,0,8,52
11/07/2002,BDR,CT,ANE,EN,Federal Contract Tower,0,11,20,0,31,0,0,19,0,19,0,11,39,0,50,14,0,14,64
11/08/2002,BDR,CT,ANE,EN,Federal Contract Tower,0,3,25,0,28,0,0,61,0,61,0,3,86,0,89,98,0,98,187
11/09/2002,BDR,CT,ANE,EN,Federal Contract Tower,0,3,25,0,28,0,0,144,0,144,0,3,169,0,172,418,0,418,590
11/10/2002,BDR,CT,ANE,EN,Federal Contract Tower,0,6,15,0,21,0,0,41,2,43,0,6,56,2,64,124,0,124,188
11/11/2002,BDR,CT,ANE,EN,Federal Contract Tower,0,15,29,0,44,0,0,0,0,0,0,15,29,0,44,0,0,0,44
11/12/2002,BDR,CT,ANE,EN,Federal Contract Tower,0,9,32,0,41,0,0,26,0,26,0,9,58,0,67,38,2,40,107
11/13/2002,BDR,CT,ANE,EN,Federal Contract Tower,0,8,46,0,54,0,0,14,0,14,0,8,60,0,68,38,0,38,106
11/14/2002,BDR,CT,ANE,EN,Federal Contract Tower,0,15,14,0,29,0,0,144,0,144,0,15,158,0,173,274,0,274,447
11/15/2002,BDR,CT,ANE,EN,Federal Contract Tower,0,11,35,0,46,0,3,156,2,161,0,14,191,2,207,226,4,230,437
11/16/2002,BDR,CT,ANE,EN,Federal Contract Tower,0,2,9,0,11,0,0,5,0,5,0,2,14,0,16,10,0,10,26
11/17/2002,BDR,CT,ANE,EN,Federal Contract Tower,0,5,12,0,17,0,0,0,0,0,0,5,12,0,17,0,0,0,17
11/18/2002,BDR,CT,ANE,EN,Federal Contract Tower,0,5,17,0,22,0,6,7,4,17,0,11,24,4,39,0,0,0,39
11/19/2002,BDR,CT,ANE,EN,Federal Contract Tower,0,11,21,0,32,0,0,80,0,80,0,11,101,0,112,168,0,168,280
11/20/2002,BDR,CT,ANE,EN,Federal Contract Tower,0,7,26,0,33,0,0,104,2,106,0,7,130,2,139,224,0,224,363
11/21/2002,BDR,CT,ANE,EN,Federal Contract Tower,0,10,37,0,47,0,0,6,3,9,0,10,43,3,56,14,0,14,70
11/22/2002,BDR,CT,ANE,EN,Federal Contract Tower,0,9,31,0,40,0,0,0,0,0,0,9,31,0,40,0,0,0,40
11/23/2002,BDR,CT,ANE,EN,Federal Contract Tower,0,3,11,0,14,0,0,17,0,17,0,3,28,0,31,20,4,24,55
11/24/2002,BDR,CT,ANE,EN,Federal Contract Tower,0,3,10,0,13,0,0,105,0,105,0,3,115,0,118,140,0,140,258
11/25/2002,BDR,CT,ANE,EN,Federal Contract Tower,0,3,16,0,19,0,0,117,5,122,0,3,133,5,141,286,16,302,443
11/26/2002,BDR,CT,ANE,EN,Federal Contract Tower,0,10,40,0,50,0,0,118,0,118,0,10,158,0,168,244,0,244,412
11/27/2002,BDR,CT,ANE,EN,Federal Contract Tower,0,6,24,0,30,0,0,9,0,9,0,6,33,0,39,40,0,40,79
11/28/2002,BDR,CT,ANE,EN,Federal Contract Tower,0,0,3,0,3,0,1,26,0,27,0,1,29,0,30,18,0,18,48
11/29/2002,BDR,CT,ANE,EN,Federal Contract Tower,0,0,12,0,12,0,3,31,0,34,0,3,43,0,46,70,0,70,116
11/30/2002,BDR,CT,ANE,EN,Federal Contract Tower,0,2,20,0,22,0,1,87,0,88,0,3,107,0,110,152,0,152,262
12/01/2002,BDR,CT,ANE,EN,Federal Contract Tower,0,5,28,0,33,0,0,14,0,14,0,5,42,0,47,14,0,14,61
12/02/2002,BDR,CT,ANE,EN,Federal Contract Tower,0,5,39,0,44,0,0,37,0,37,0,5,76,0,81,68,0,68,149
12/03/2002,BDR,CT,ANE,EN,Federal Contract Tower,0,4,14,0,18,0,0,18,0,18,0,4,32,0,36,2,0,2,38
12/04/2002,BDR,CT,ANE,EN,Federal Contract Tower,0,16,9,0,25,0,0,74,0,74,0,16,83,0,99,132,0,132,231
12/05/2002,BDR,CT,ANE,EN,Federal Contract Tower,0,5,5,0,10,0,1,0,0,1,0,6,5,0,11,0,0,0,11
12/06/2002,BDR,CT,ANE,EN,Federal Contract Tower,0,11,25,0,36,0,0,43,0,43,0,11,68,0,79,68,0,68,147
12/07/2002,BDR,CT,ANE,EN,Federal Contract Tower,0,5,14,0,19,0,0,78,0,78,0,5,92,0,97,102,0,102,199
12/08/2002,BDR,CT,ANE,EN,Federal Contract Tower,0,6,22,0,28,0,1,91,0,92,0,7,113,0,120,250,0,250,370
12/09/2002,BDR,CT,ANE,EN,Federal Contract Tower,0,5,14,0,19,0,0,72,0,72,0,5,86,0,91,110,0,110,201
12/10/2002,BDR,CT,ANE,EN,Federal Contract Tower,0,10,31,0,41,0,0,73,0,73,0,10,104,0,114,188,2,190,304
12/11/2002,BDR,CT,ANE,EN,Federal Contract Tower,0,6,24,0,30,0,0,6,0,6,0,6,30,0,36,16,0,16,52
12/12/2002,BDR,CT,ANE,EN,Federal Contract Tower,0,6,21,2,29,0,3,23,0,26,0,9,44,2,55,54,6,60,115
12/13/2002,BDR,CT,ANE,EN,Federal Contract Tower,0,1,29,2,32,0,0,62,0,62,0,1,91,2,94,156,8,164,258
12/14/2002,BDR,CT,ANE,EN,Federal Contract Tower,0,0,10,0,10,0,0,0,0,0,0,0,10,0,10,0,0,0,10
12/15/2002,BDR,CT,ANE,EN,Federal Contract Tower,0,1,28,0,29,0,0,84,0,84,0,1,112,0,113,289,0,289,402
12/16/2002,BDR,CT,ANE,EN,Federal Contract Tower,0,2,9,0,11,0,3,2,0,5,0,5,11,0,16,4,0,4,20
12/17/2002,BDR,CT,ANE,EN,Federal Contract Tower,0,5,20,0,25,0,0,78,0,78,0,5,98,0,103,124,0,124,227
12/18/2002,BDR,CT,ANE,EN,Federal Contract Tower,0,13,25,0,38,0,0,112,0,112,0,13,137,0,150,234,0,234,384
12/19/2002,BDR,CT,ANE,EN,Federal Contract Tower,0,1,27,2,30,0,0,41,0,41,0,1,68,2,71,138,0,138,209
12/20/2002,BDR,CT,ANE,EN,Federal Contract Tower,0,9,16,3,28,0,0,2,0,2,0,9,18,3,30,0,0,0,30
12/21/2002,BDR,CT,ANE,EN,Federal Contract Tower,0,0,32,0,32,0,0,54,0,54,0,0,86,0,86,78,0,78,164
12/22/2002,BDR,CT,ANE,EN,Federal Contract Tower,0,2,19,0,21,0,0,99,0,99,0,2,118,0,120,152,0,152,272
12/23/2002,BDR,CT,ANE,EN,Federal Contract Tower,0,1,17,0,18,0,0,55,2,57,0,1,72,2,75,106,2,108,183
12/24/2002,BDR,CT,ANE,EN,Federal Contract Tower,0,4,17,0,21,0,0,89,0,89,0,4,106,0,110,86,0,86,196
12/25/2002,BDR,CT,ANE,EN,Federal Contract Tower,0,2,0,0,2,0,0,0,0,0,0,2,0,0,2,0,0,0,2
12/26/2002,BDR,CT,ANE,EN,Federal Contract Tower,0,4,15,0,19,0,0,21,0,21,0,4,36,0,40,12,0,12,52
12/27/2002,BDR,CT,ANE,EN,Federal Contract Tower,0,3,24,0,27,0,0,70,0,70,0,3,94,0,97,106,0,106,203
12/28/2002,BDR,CT,ANE,EN,Federal Contract Tower,0,2,14,0,16,0,0,79,0,79,0,2,93,0,95,196,0,196,291
12/29/2002,BDR,CT,ANE,EN,Federal Contract Tower,0,1,5,0,6,0,1,71,0,72,0,2,76,0,78,114,0,114,192
12/30/2002,BDR,CT,ANE,EN,Federal Contract Tower,0,1,7,0,8,0,0,62,0,62,0,1,69,0,70,202,0,202,272
12/31/2002,BDR,CT,ANE,EN,Federal Contract Tower,0,2,13,0,15,0,0,1,0,1,0,2,14,0,16,0,0,0,16
01/01/2003,BDR,CT,ANE,EN,Federal Contract Tower,0,2,14,0,16,0,0,2,0,2,0,2,16,0,18,6,0,6,24
01/02/2003,BDR,CT,ANE,EN,Federal Contract Tower,0,9,1,0,10,0,0,23,0,23,0,9,24,0,33,70,0,70,103
01/03/2003,BDR,CT,ANE,EN,Federal Contract Tower,0,2,7,0,9,0,3,0,0,3,0,5,7,0,12,0,0,0,12
01/04/2003,BDR,CT,ANE,EN,Federal Contract Tower,0,0,3,0,3,0,0,6,0,6,0,0,9,0,9,0,0,0,9
01/05/2003,BDR,CT,ANE,EN,Federal Contract Tower,0,9,24,0,33,0,2,80,0,82,0,11,104,0,115,232,0,232,347
01/06/2003,BDR,CT,ANE,EN,Federal Contract Tower,0,1,11,0,12,0,0,1,0,1,0,1,12,0,13,0,0,0,13
01/07/2003,BDR,CT,ANE,EN,Federal Contract Tower,0,1,8,0,9,0,0,34,0,34,0,1,42,0,43,28,0,28,71
01/08/2003,BDR,CT,ANE,EN,Federal Contract Tower,0,3,10,0,13,0,0,32,0,32,0,3,42,0,45,62,0,62,107
01/09/2003,BDR,CT,ANE,EN,Federal Contract Tower,0,3,17,0,20,0,2,15,0,17,0,5,32,0,37,60,4,64,101
01/10/2003,BDR,CT,ANE,EN,Federal Contract Tower,0,0,19,0,19,0,0,55,0,55,0,0,74,0,74,68,0,68,142
01/11/2003,BDR,CT,ANE,EN,Federal Contract Tower,0,3,11,0,14,0,0,61,0,61,0,3,72,0,75,136,0,136,211
01/12/2003,BDR,CT,ANE,EN,Federal Contract Tower,0,2,12,0,14,0,0,73,2,75,0,2,85,2,89,110,0,110,199
01/13/2003,BDR,CT,ANE,EN,Federal Contract Tower,0,0,14,0,14,0,0,45,4,49,0,0,59,4,63,36,0,36,99
01/14/2003,BDR,CT,ANE,EN,Federal Contract Tower,0,2,11,0,13,0,0,52,2,54,0,2,63,2,67,96,0,96,163
01/15/2003,BDR,CT,ANE,EN,Federal Contract Tower,0,2,18,0,20,0,0,78,0,78,0,2,96,0,98,138,4,142,240
01/16/2003,BDR,CT,ANE,EN,Federal Contract Tower,0,6,23,0,29,0,0,62,0,62,0,6,85,0,91,76,0,76,167
01/17/2003,BDR,CT,ANE,EN,Federal Contract Tower,0,4,19,0,23,0,0,77,0,77,0,4,96,0,100,46,0,46,146
01/18/2003,BDR,CT,ANE,EN,Federal Contract Tower,0,1,11,0,12,0,0,91,0,91,0,1,102,0,103,103,0,103,206
01/19/2003,BDR,CT,ANE,EN,Federal Contract Tower,0,0,8,0,8,0,0,33,0,33,0,0,41,0,41,88,0,88,129
01/20/2003,BDR,CT,ANE,EN,Federal Contract Tower,0,1,16,0,17,0,0,21,0,21,0,1,37,0,38,66,0,66,104
01/21/2003,BDR,CT,ANE,EN,Federal Contract Tower,0,1,12,0,13,0,0,24,2,26,0,1,36,2,39,74,0,74,113
01/22/2003,BDR,CT,ANE,EN,Federal Contract Tower,0,4,13,0,17,0,0,17,0,17,0,4,30,0,34,28,0,28,62
01/23/2003,BDR,CT,ANE,EN,Federal Contract Tower,0,9,7,0,16,0,0,36,0,36,0,9,43,0,52,10,0,10,62
01/24/2003,BDR,CT,ANE,EN,Federal Contract Tower,0,8,16,0,24,0,0,38,0,38,0,8,54,0,62,16,0,16,78
01/25/2003,BDR,CT,ANE,EN,Federal Contract Tower,0,0,17,0,17,0,0,72,0,72,0,0,89,0,89,212,0,212,301
01/26/2003,BDR,CT,ANE,EN,Federal Contract Tower,0,3,13,0,16,0,0,57,0,57,0,3,70,0,73,196,0,196,269
01/27/2003,BDR,CT,ANE,EN,Federal Contract Tower,0,3,11,0,14,0,0,16,0,16,0,3,27,0,30,10,0,10,40
01/28/2003,BDR,CT,ANE,EN,Federal Contract Tower,0,8,23,0,31,0,0,32,0,32,0,8,55,0,63,44,0,44,107
01/29/2003,BDR,CT,ANE,EN,Federal Contract Tower,0,6,20,0,26,0,0,2,0,2,0,6,22,0,28,0,0,0,28
01/30/2003,BDR,CT,ANE,EN,Federal Contract Tower,0,5,20,0,25,0,4,54,0,58,0,9,74,0,83,82,0,82,165
01/31/2003,BDR,CT,ANE,EN,Federal Contract Tower,0,0,10,0,10,0,0,23,0,23,0,0,33,0,33,50,0,50,83
02/01/2003,BDR,CT,ANE,EN,Federal Contract Tower,0,0,8,0,8,0,0,1,0,1,0,0,9,0,9,0,0,0,9
02/02/2003,BDR,CT,ANE,EN,Federal Contract Tower,0,1,11,0,12,0,0,35,0,35,0,1,46,0,47,54,0,54,101
02/03/2003,BDR,CT,ANE,EN,Federal Contract Tower,0,2,14,0,16,0,0,112,9,121,0,2,126,9,137,258,12,270,407
02/04/2003,BDR,CT,ANE,EN,Federal Contract Tower,0,7,16,0,23,0,0,4,0,4,0,7,20,0,27,0,0,0,27
02/05/2003,BDR,CT,ANE,EN,Federal Contract Tower,0,12,8,0,20,0,0,47,0,47,0,12,55,0,67,62,0,62,129
02/06/2003,BDR,CT,ANE,EN,Federal Contract Tower,0,8,21,0,29,0,6,74,2,82,0,14,95,2,111,166,0,166,277
02/07/2003,BDR,CT,ANE,EN,Federal Contract Tower,0,3,4,0,7,0,0,1,0,1,0,3,5,0,8,0,0,0,8
02/08/2003,BDR,CT,ANE,EN,Federal Contract Tower,0,0,15,0,15,0,0,62,0,62,0,0,77,0,77,146,0,146,223
02/09/2003,BDR,CT,ANE,EN,Federal Contract Tower,0,2,21,0,23,0,0,95,0,95,0,2,116,0,118,236,0,236,354
02/10/2003,BDR,CT,ANE,EN,Federal Contract Tower,0,1,7,0,8,0,0,12,4,16,0,1,19,4,24,12,0,12,36
02/11/2003,BDR,CT,ANE,EN,Federal Contract Tower,0,2,20,0,22,0,0,38,0,38,0,2,58,0,60,40,0,40,100
02/12/2003,BDR,CT,ANE,EN,Federal Contract Tower,0,5,17,0,22,0,5,5,0,10,0,10,22,0,32,0,0,0,32
02/13/2003,BDR,CT,ANE,EN,Federal Contract Tower,0,3,21,0,24,0,0,32,0,32,0,3,53,0,56,34,0,34,90
02/14/2003,BDR,CT,ANE,EN,Federal Contract Tower,0,5,12,0,17,0,0,57,0,57,0,5,69,0,74,64,0,64,138
02/15/2003,BDR,CT,ANE,EN,Federal Contract Tower,0,2,13,0,15,0,0,33,0,33,0,2,46,0,48,148,0,148,196
02/16/2003,BDR,CT,ANE,EN,Federal Contract Tower,0,1,16,0,17,0,0,36,0,36,0,1,52,0,53,118,0,118,171
02/17/2003,BDR,CT,ANE,EN,Federal Contract Tower,0,0,0,0,0,0,0,0,0,0,0,0,0,0,0,0,0,0,0
02/18/2003,BDR,CT,ANE,EN,Federal Contract Tower,0,1,12,0,13,0,0,8,0,8,0,1,20,0,21,0,0,0,21
02/19/2003,BDR,CT,ANE,EN,Federal Contract Tower,0,3,15,0,18,0,0,20,0,20,0,3,35,0,38,78,4,82,120
02/20/2003,BDR,CT,ANE,EN,Federal Contract Tower,0,6,15,0,21,0,1,96,2,99,0,7,111,2,120,277,18,295,415
02/21/2003,BDR,CT,ANE,EN,Federal Contract Tower,0,10,15,0,25,0,0,107,0,107,0,10,122,0,132,268,0,268,400
02/22/2003,BDR,CT,ANE,EN,Federal Contract Tower,0,1,10,0,11,0,0,0,0,0,0,1,10,0,11,0,0,0,11
02/23/2003,BDR,CT,ANE,EN,Federal Contract Tower,0,6,6,0,12,0,0,0,0,0,0,6,6,0,12,0,0,0,12
02/24/2003,BDR,CT,ANE,EN,Federal Contract Tower,0,4,18,4,26,0,0,52,0,52,0,4,70,4,78,74,0,74,152
02/25/2003,BDR,CT,ANE,EN,Federal Contract Tower,0,6,17,0,23,0,0,47,12,59,0,6,64,12,82,48,0,48,130
02/26/2003,BDR,CT,ANE,EN,Federal Contract Tower,0,9,31,0,40,0,0,50,0,50,0,9,81,0,90,112,0,112,202
02/27/2003,BDR,CT,ANE,EN,Federal Contract Tower,0,3,17,0,20,0,0,27,0,27,0,3,44,0,47,72,0,72,119
02/28/2003,BDR,CT,ANE,EN,Federal Contract Tower,0,15,15,0,30,0,1,51,0,52,0,16,66,0,82,126,0,126,208
03/01/2003,BDR,CT,ANE,EN,Federal Contract Tower,0,7,12,0,19,0,0,59,0,59,0,7,71,0,78,208,0,208,286
03/02/2003,BDR,CT,ANE,EN,Federal Contract Tower,0,5,9,0,14,0,0,0,0,0,0,5,9,0,14,0,0,0,14
03/03/2003,BDR,CT,ANE,EN,Federal Contract Tower,0,12,1,8,21,0,2,13,0,15,0,14,14,8,36,23,0,23,59
03/04/2003,BDR,CT,ANE,EN,Federal Contract Tower,0,4,21,0,25,0,0,65,0,65,0,4,86,0,90,126,0,126,216
03/05/2003,BDR,CT,ANE,EN,Federal Contract Tower,0,5,12,0,17,0,0,2,0,2,0,5,14,0,19,0,0,0,19
03/06/2003,BDR,CT,ANE,EN,Federal Contract Tower,0,0,2,0,2,0,1,0,0,1,0,1,2,0,3,0,0,0,3
03/07/2003,BDR,CT,ANE,EN,Federal Contract Tower,0,5,7,0,12,0,0,43,0,43,0,5,50,0,55,54,0,54,109
03/08/2003,BDR,CT,ANE,EN,Federal Contract Tower,0,1,23,0,24,0,0,111,0,111,0,1,134,0,135,386,0,386,521
03/09/2003,BDR,CT,ANE,EN,Federal Contract Tower,0,1,13,0,14,0,0,34,0,34,0,1,47,0,48,100,0,100,148
03/10/2003,BDR,CT,ANE,EN,Federal Contract Tower,0,2,21,4,27,0,0,43,4,47,0,2,64,8,74,72,0,72,146
03/11/2003,BDR,CT,ANE,EN,Federal Contract Tower,0,4,14,0,18,0,0,52,2,54,0,4,66,2,72,90,0,90,162
03/12/2003,BDR,CT,ANE,EN,Federal Contract Tower,0,5,23,0,28,0,0,46,0,46,0,5,69,0,74,40,14,54,128
03/13/2003,BDR,CT,ANE,EN,Federal Contract Tower,0,1,17,0,18,0,0,7,0,7,0,1,24,0,25,16,0,16,41
03/14/2003,BDR,CT,ANE,EN,Federal Contract Tower,0,3,20,0,23,0,0,72,4,76,0,3,92,4,99,144,4,148,247
03/15/2003,BDR,CT,ANE,EN,Federal Contract Tower,0,4,15,0,19,0,7,121,0,128,0,11,136,0,147,282,0,282,429
03/16/2003,BDR,CT,ANE,EN,Federal Contract Tower,0,4,23,0,27,0,0,147,0,147,0,4,170,0,174,346,0,346,520
03/17/2003,BDR,CT,ANE,EN,Federal Contract Tower,0,5,16,0,21,0,0,92,0,92,0,5,108,0,113,256,0,256,369
03/18/2003,BDR,CT,ANE,EN,Federal Contract Tower,0,4,26,0,30,0,2,60,3,65,0,6,86,3,95,118,2,120,215
03/19/2003,BDR,CT,ANE,EN,Federal Contract Tower,0,1,23,2,26,0,1,70,0,71,0,2,93,2,97,126,0,126,223
03/20/2003,BDR,CT,ANE,EN,Federal Contract Tower,0,3,18,0,21,0,0,0,0,0,0,3,18,0,21,0,0,0,21
03/21/2003,BDR,CT,ANE,EN,Federal Contract Tower,0,1,9,0,10,0,0,0,0,0,0,1,9,0,10,0,0,0,10
03/22/2003,BDR,CT,ANE,EN,Federal Contract Tower,0,3,23,0,26,0,0,69,0,69,0,3,92,0,95,226,0,226,321
03/23/2003,BDR,CT,ANE,EN,Federal Contract Tower,0,2,19,0,21,0,0,105,0,105,0,2,124,0,126,184,0,184,310
03/24/2003,BDR,CT,ANE,EN,Federal Contract Tower,0,10,28,0,38,0,0,78,0,78,0,10,106,0,116,154,0,154,270
03/25/2003,BDR,CT,ANE,EN,Federal Contract Tower,0,5,18,0,23,0,0,70,2,72,0,5,88,2,95,96,4,100,195
03/26/2003,BDR,CT,ANE,EN,Federal Contract Tower,0,6,16,0,22,0,0,54,0,54,0,6,70,0,76,132,0,132,208
03/27/2003,BDR,CT,ANE,EN,Federal Contract Tower,0,5,26,2,33,0,0,84,4,88,0,5,110,6,121,180,4,184,305
03/28/2003,BDR,CT,ANE,EN,Federal Contract Tower,0,1,38,2,41,0,0,91,2,93,0,1,129,4,134,244,0,244,378
03/29/2003,BDR,CT,ANE,EN,Federal Contract Tower,0,1,15,0,16,0,0,6,0,6,0,1,21,0,22,20,0,20,42
03/30/2003,BDR,CT,ANE,EN,Federal Contract Tower,0,9,15,0,24,0,1,3,0,4,0,10,18,0,28,8,0,8,36
03/31/2003,BDR,CT,ANE,EN,Federal Contract Tower,0,5,18,2,25,0,0,13,1,14,0,5,31,3,39,6,0,6,45
04/01/2003,BDR,CT,ANE,EN,Federal Contract Tower,0,9,10,2,21,0,0,41,2,43,0,9,51,4,64,42,0,42,106
04/02/2003,BDR,CT,ANE,EN,Federal Contract Tower,0,8,31,2,41,0,0,33,0,33,0,8,64,2,74,132,0,132,206
04/03/2003,BDR,CT,ANE,EN,Federal Contract Tower,0,5,43,2,50,0,0,26,0,26,0,5,69,2,76,139,0,139,215
04/04/2003,BDR,CT,ANE,EN,Federal Contract Tower,0,2,19,0,21,0,0,5,0,5,0,2,24,0,26,0,0,0,26
04/05/2003,BDR,CT,ANE,EN,Federal Contract Tower,0,0,9,0,9,0,0,1,0,1,0,0,10,0,10,0,0,0,10
04/06/2003,BDR,CT,ANE,EN,Federal Contract Tower,0,5,29,0,34,0,0,96,0,96,0,5,125,0,130,143,0,143,273
04/07/2003,BDR,CT,ANE,EN,Federal Contract Tower,0,6,8,0,14,0,0,17,2,19,0,6,25,2,33,26,0,26,59
04/08/2003,BDR,CT,ANE,EN,Federal Contract Tower,0,5,14,0,19,0,0,9,0,9,0,5,23,0,28,2,0,2,30
04/09/2003,BDR,CT,ANE,EN,Federal Contract Tower,0,7,19,4,30,0,0,2,0,2,0,7,21,4,32,0,0,0,32
04/10/2003,BDR,CT,ANE,EN,Federal Contract Tower,0,15,44,0,59,0,0,54,0,54,0,15,98,0,113,122,0,122,235
04/11/2003,BDR,CT,ANE,EN,Federal Contract Tower,0,7,17,1,25,0,0,3,5,8,0,7,20,6,33,0,0,0,33
04/12/2003,BDR,CT,ANE,EN,Federal Contract Tower,0,5,26,0,31,0,1,11,0,12,0,6,37,0,43,43,0,43,86
04/13/2003,BDR,CT,ANE,EN,Federal Contract Tower,0,0,38,0,38,0,1,121,0,122,0,1,159,0,160,172,0,172,332
04/14/2003,BDR,CT,ANE,EN,Federal Contract Tower,0,5,31,0,36,0,0,82,0,82,0,5,113,0,118,148,0,148,266
04/15/2003,BDR,CT,ANE,EN,Federal Contract Tower,0,5,47,0,52,0,0,127,0,127,0,5,174,0,179,178,0,178,357
04/16/2003,BDR,CT,ANE,EN,Federal Contract Tower,0,9,34,0,43,0,3,69,4,76,0,12,103,4,119,98,0,98,217
04/17/2003,BDR,CT,ANE,EN,Federal Contract Tower,0,6,24,0,30,0,10,34,1,45,0,16,58,1,75,40,0,40,115
04/18/2003,BDR,CT,ANE,EN,Federal Contract Tower,0,0,0,0,0,0,11,71,0,82,0,11,71,0,82,72,0,72,154
04/19/2003,BDR,CT,ANE,EN,Federal Contract Tower,0,3,23,0,26,0,0,124,0,124,0,3,147,0,150,292,0,292,442
04/20/2003,BDR,CT,ANE,EN,Federal Contract Tower,0,6,13,1,20,0,0,123,0,123,0,6,136,1,143,280,0,280,423
04/21/2003,BDR,CT,ANE,EN,Federal Contract Tower,0,6,23,0,29,0,0,80,0,80,0,6,103,0,109,140,0,140,249
04/22/2003,BDR,CT,ANE,EN,Federal Contract Tower,0,3,26,0,29,0,0,0,0,0,0,3,26,0,29,0,0,0,29
04/23/2003,BDR,CT,ANE,EN,Federal Contract Tower,0,9,26,2,37,0,0,16,0,16,0,9,42,2,53,18,0,18,71
04/24/2003,BDR,CT,ANE,EN,Federal Contract Tower,0,0,0,0,0,0,5,85,4,94,0,5,85,4,94,34,0,34,128
04/25/2003,BDR,CT,ANE,EN,Federal Contract Tower,0,7,34,0,41,0,0,144,2,146,0,7,178,2,187,206,2,208,395
04/26/2003,BDR,CT,ANE,EN,Federal Contract Tower,0,2,14,0,16,0,0,0,0,0,0,2,14,0,16,0,0,0,16
04/27/2003,BDR,CT,ANE,EN,Federal Contract Tower,0,5,19,0,24,0,0,163,0,163,0,5,182,0,187,224,0,224,411
04/28/2003,BDR,CT,ANE,EN,Federal Contract Tower,0,6,16,0,22,0,0,116,8,124,0,6,132,8,146,186,16,202,348
04/29/2003,BDR,CT,ANE,EN,Federal Contract Tower,0,0,0,0,0,0,14,97,0,111,0,14,97,0,111,168,0,168,279
04/30/2003,BDR,CT,ANE,EN,Federal Contract Tower,0,7,16,0,23,0,0,136,0,136,0,7,152,0,159,245,0,245,404
05/01/2003,BDR,CT,ANE,EN,Federal Contract Tower,0,4,37,0,41,0,0,24,0,24,0,4,61,0,65,20,18,38,103
05/02/2003,BDR,CT,ANE,EN,Federal Contract Tower,0,3,31,0,34,0,0,38,0,38,0,3,69,0,72,52,30,82,154
05/03/2003,BDR,CT,ANE,EN,Federal Contract Tower,0,3,22,0,25,0,0,75,2,77,0,3,97,2,102,255,2,257,359
05/04/2003,BDR,CT,ANE,EN,Federal Contract Tower,0,4,25,0,29,0,0,132,0,132,0,4,157,0,161,278,0,278,439
05/05/2003,BDR,CT,ANE,EN,Federal Contract Tower,0,2,24,4,30,0,1,73,0,74,0,3,97,4,104,110,2,112,216
05/06/2003,BDR,CT,ANE,EN,Federal Contract Tower,0,5,30,0,35,0,0,0,0,0,0,5,30,0,35,0,0,0,35
05/07/2003,BDR,CT,ANE,EN,Federal Contract Tower,0,2,26,0,28,0,0,65,0,65,0,2,91,0,93,81,0,81,174
05/08/2003,BDR,CT,ANE,EN,Federal Contract Tower,0,13,35,0,48,0,0,5,0,5,0,13,40,0,53,2,0,2,55
05/09/2003,BDR,CT,ANE,EN,Federal Contract Tower,0,8,35,0,43,0,0,43,2,45,0,8,78,2,88,66,2,68,156
05/10/2003,BDR,CT,ANE,EN,Federal Contract Tower,0,4,23,0,27,0,1,67,0,68,0,5,90,0,95,150,0,150,245
05/11/2003,BDR,CT,ANE,EN,Federal Contract Tower,0,5,21,0,26,0,0,6,0,6,0,5,27,0,32,0,0,0,32
05/12/2003,BDR,CT,ANE,EN,Federal Contract Tower,0,1,31,2,34,0,0,2,0,2,0,1,33,2,36,12,0,12,48
05/13/2003,BDR,CT,ANE,EN,Federal Contract Tower,0,11,17,0,28,0,0,49,2,51,0,11,66,2,79,106,0,106,185
05/14/2003,BDR,CT,ANE,EN,Federal Contract Tower,0,9,23,4,36,0,0,140,2,142,0,9,163,6,178,318,0,318,496
05/15/2003,BDR,CT,ANE,EN,Federal Contract Tower,0,4,26,0,30,0,6,124,0,130,0,10,150,0,160,268,0,268,428
05/16/2003,BDR,CT,ANE,EN,Federal Contract Tower,0,4,23,0,27,0,0,34,0,34,0,4,57,0,61,84,0,84,145
05/17/2003,BDR,CT,ANE,EN,Federal Contract Tower,0,2,25,0,27,0,0,51,0,51,0,2,76,0,78,162,0,162,240
05/18/2003,BDR,CT,ANE,EN,Federal Contract Tower,0,5,20,0,25,0,0,171,0,171,0,5,191,0,196,271,0,271,467
05/19/2003,BDR,CT,ANE,EN,Federal Contract Tower,0,4,26,0,30,0,0,120,0,120,0,4,146,0,150,190,0,190,340
05/20/2003,BDR,CT,ANE,EN,Federal Contract Tower,0,5,17,0,22,0,0,130,0,130,0,5,147,0,152,146,0,146,298
05/21/2003,BDR,CT,ANE,EN,Federal Contract Tower,0,6,44,1,51,0,0,6,0,6,0,6,50,1,57,0,0,0,57
05/22/2003,BDR,CT,ANE,EN,Federal Contract Tower,0,2,48,0,50,0,0,0,0,0,0,2,48,0,50,0,0,0,50
05/23/2003,BDR,CT,ANE,EN,Federal Contract Tower,0,4,51,0,55,0,0,2,0,2,0,4,53,0,57,0,0,0,57
05/24/2003,BDR,CT,ANE,EN,Federal Contract Tower,0,2,17,0,19,0,0,0,0,0,0,2,17,0,19,0,0,0,19
05/25/2003,BDR,CT,ANE,EN,Federal Contract Tower,0,4,27,0,31,0,0,31,0,31,0,4,58,0,62,76,0,76,138
05/26/2003,BDR,CT,ANE,EN,Federal Contract Tower,0,7,18,0,25,0,0,0,0,0,0,7,18,0,25,0,0,0,25
05/27/2003,BDR,CT,ANE,EN,Federal Contract Tower,0,9,39,0,48,0,0,96,0,96,0,9,135,0,144,252,0,252,396
05/28/2003,BDR,CT,ANE,EN,Federal Contract Tower,0,9,38,0,47,0,0,15,0,15,0,9,53,0,62,10,0,10,72
05/29/2003,BDR,CT,ANE,EN,Federal Contract Tower,0,6,31,2,39,0,0,73,6,79,0,6,104,8,118,172,0,172,290
05/30/2003,BDR,CT,ANE,EN,Federal Contract Tower,0,7,23,0,30,0,0,107,0,107,0,7,130,0,137,204,0,204,341
05/31/2003,BDR,CT,ANE,EN,Federal Contract Tower,0,0,15,0,15,0,0,93,0,93,0,0,108,0,108,166,0,166,274
06/01/2003,BDR,CT,ANE,EN,Federal Contract Tower,0,3,23,0,26,0,1,7,0,8,0,4,30,0,34,0,0,0,34
06/02/2003,BDR,CT,ANE,EN,Federal Contract Tower,0,4,27,0,31,0,3,88,0,91,0,7,115,0,122,0,0,0,122
06/03/2003,BDR,CT,ANE,EN,Federal Contract Tower,0,9,20,3,32,0,2,86,3,91,0,11,106,6,123,98,0,98,221
06/04/2003,BDR,CT,ANE,EN,Federal Contract Tower,0,0,0,0,0,0,10,37,2,49,0,10,37,2,49,0,0,0,49
06/05/2003,BDR,CT,ANE,EN,Federal Contract Tower,0,5,51,0,56,0,2,22,0,24,0,7,73,0,80,38,0,38,118
06/06/2003,BDR,CT,ANE,EN,Federal Contract Tower,0,5,17,0,22,0,1,166,0,167,0,6,183,0,189,232,0,232,421
06/07/2003,BDR,CT,ANE,EN,Federal Contract Tower,0,1,27,0,28,0,1,2,0,3,0,2,29,0,31,0,0,0,31
06/08/2003,BDR,CT,ANE,EN,Federal Contract Tower,0,2,46,0,48,0,1,46,0,47,0,3,92,0,95,178,0,178,273
06/09/2003,BDR,CT,ANE,EN,Federal Contract Tower,0,0,45,1,46,0,1,27,0,28,0,1,72,1,74,128,0,128,202
06/10/2003,BDR,CT,ANE,EN,Federal Contract Tower,0,12,28,2,42,0,7,107,0,114,0,19,135,2,156,237,0,237,393
06/11/2003,BDR,CT,ANE,EN,Federal Contract Tower,0,5,31,1,37,0,1,30,1,32,0,6,61,2,69,6,0,6,75
06/12/2003,BDR,CT,ANE,EN,Federal Contract Tower,0,1,34,2,37,0,1,2,0,3,0,2,36,2,40,0,0,0,40
06/13/2003,BDR,CT,ANE,EN,Federal Contract Tower,0,5,29,2,36,0,1,0,0,1,0,6,29,2,37,0,0,0,37
06/14/2003,BDR,CT,ANE,EN,Federal Contract Tower,0,1,28,0,29,0,1,0,0,1,0,2,28,0,30,0,0,0,30
06/15/2003,BDR,CT,ANE,EN,Federal Contract Tower,0,2,20,0,22,0,1,190,0,191,0,3,210,0,213,288,0,288,501
06/16/2003,BDR,CT,ANE,EN,Federal Contract Tower,0,3,22,0,25,0,1,137,0,138,0,4,159,0,163,219,2,221,384
06/17/2003,BDR,CT,ANE,EN,Federal Contract Tower,0,11,34,0,45,0,1,128,0,129,0,12,162,0,174,352,0,352,526
06/18/2003,BDR,CT,ANE,EN,Federal Contract Tower,0,13,30,4,47,0,1,0,0,1,0,14,30,4,48,0,0,0,48
06/19/2003,BDR,CT,ANE,EN,Federal Contract Tower,0,2,36,4,42,0,1,7,2,10,0,3,43,6,52,16,0,16,68
06/20/2003,BDR,CT,ANE,EN,Federal Contract Tower,0,5,43,1,49,0,1,21,0,22,0,6,64,1,71,54,0,54,125
06/21/2003,BDR,CT,ANE,EN,Federal Contract Tower,0,3,20,0,23,0,1,31,0,32,0,4,51,0,55,16,0,16,71
06/22/2003,BDR,CT,ANE,EN,Federal Contract Tower,0,3,31,0,34,0,1,6,0,7,0,4,37,0,41,8,0,8,49
06/23/2003,BDR,CT,ANE,EN,Federal Contract Tower,0,6,34,4,44,0,1,152,8,161,0,7,186,12,205,356,0,356,561
06/24/2003,BDR,CT,ANE,EN,Federal Contract Tower,0,5,43,5,53,0,1,188,1,190,0,6,231,6,243,418,6,424,667
06/25/2003,BDR,CT,ANE,EN,Federal Contract Tower,0,12,14,0,26,0,0,160,2,162,0,12,174,2,188,249,0,249,437
06/26/2003,BDR,CT,ANE,EN,Federal Contract Tower,0,7,13,2,22,0,1,98,0,99,0,8,111,2,121,126,0,126,247
06/27/2003,BDR,CT,ANE,EN,Federal Contract Tower,0,10,52,0,62,0,1,25,0,26,0,11,77,0,88,64,0,64,152
06/28/2003,BDR,CT,ANE,EN,Federal Contract Tower,0,2,23,0,25,0,0,156,0,156,0,2,179,0,181,312,0,312,493
06/29/2003,BDR,CT,ANE,EN,Federal Contract Tower,0,5,17,0,22,0,0,110,4,114,0,5,127,4,136,162,0,162,298
06/30/2003,BDR,CT,ANE,EN,Federal Contract Tower,0,4,20,0,24,0,0,49,0,49,0,4,69,0,73,78,2,80,153
07/01/2003,BDR,CT,ANE,EN,Federal Contract Tower,0,11,26,0,37,0,0,144,4,148,0,11,170,4,185,334,0,334,519
07/02/2003,BDR,CT,ANE,EN,Federal Contract Tower,0,6,26,0,32,0,0,117,0,117,0,6,143,0,149,214,0,214,363
07/03/2003,BDR,CT,ANE,EN,Federal Contract Tower,0,9,51,0,60,0,0,31,4,35,0,9,82,4,95,4,0,4,99
07/04/2003,BDR,CT,ANE,EN,Federal Contract Tower,0,3,24,0,27,0,0,33,0,33,0,3,57,0,60,18,0,18,78
07/05/2003,BDR,CT,ANE,EN,Federal Contract Tower,0,4,23,0,27,0,1,53,0,54,0,5,76,0,81,108,0,108,189
07/06/2003,BDR,CT,ANE,EN,Federal Contract Tower,0,4,37,0,41,0,0,160,0,160,0,4,197,0,201,200,0,200,401
07/07/2003,BDR,CT,ANE,EN,Federal Contract Tower,0,5,25,1,31,0,0,77,2,79,0,5,102,3,110,109,0,109,219
07/08/2003,BDR,CT,ANE,EN,Federal Contract Tower,0,5,26,2,33,0,0,72,0,72,0,5,98,2,105,168,0,168,273
07/09/2003,BDR,CT,ANE,EN,Federal Contract Tower,0,5,33,4,42,0,0,55,4,59,0,5,88,8,101,124,0,124,225
07/10/2003,BDR,CT,ANE,EN,Federal Contract Tower,0,8,25,2,35,0,0,65,0,65,0,8,90,2,100,110,0,110,210
07/11/2003,BDR,CT,ANE,EN,Federal Contract Tower,0,19,44,4,67,0,1,2,0,3,0,20,46,4,70,16,0,16,86
07/12/2003,BDR,CT,ANE,EN,Federal Contract Tower,0,1,23,0,24,0,0,164,0,164,0,1,187,0,188,344,0,344,532
07/13/2003,BDR,CT,ANE,EN,Federal Contract Tower,0,14,34,0,48,0,0,184,0,184,0,14,218,0,232,292,0,292,524
07/14/2003,BDR,CT,ANE,EN,Federal Contract Tower,0,2,35,0,37,0,0,44,0,44,0,2,79,0,81,68,0,68,149
07/15/2003,BDR,CT,ANE,EN,Federal Contract Tower,0,7,45,0,52,0,0,88,0,88,0,7,133,0,140,166,0,166,306
07/16/2003,BDR,CT,ANE,EN,Federal Contract Tower,0,14,57,0,71,0,0,5,0,5,0,14,62,0,76,26,0,26,102
07/17/2003,BDR,CT,ANE,EN,Federal Contract Tower,0,14,19,0,33,0,0,159,2,161,0,14,178,2,194,300,0,300,494
07/18/2003,BDR,CT,ANE,EN,Federal Contract Tower,0,10,21,4,35,0,0,111,0,111,0,10,132,4,146,176,0,176,322
07/19/2003,BDR,CT,ANE,EN,Federal Contract Tower,0,2,13,0,15,0,0,149,0,149,0,2,162,0,164,220,0,220,384
07/20/2003,BDR,CT,ANE,EN,Federal Contract Tower,0,13,15,0,28,0,0,176,0,176,0,13,191,0,204,198,0,198,402
07/21/2003,BDR,CT,ANE,EN,Federal Contract Tower,0,4,28,0,32,0,0,21,0,21,0,4,49,0,53,0,0,0,53
07/22/2003,BDR,CT,ANE,EN,Federal Contract Tower,0,2,31,1,34,0,0,0,3,3,0,2,31,4,37,2,2,4,41
07/23/2003,BDR,CT,ANE,EN,Federal Contract Tower,0,5,26,0,31,0,0,8,0,8,0,5,34,0,39,12,0,12,51
07/24/2003,BDR,CT,ANE,EN,Federal Contract Tower,0,6,37,4,47,0,0,51,0,51,0,6,88,4,98,66,0,66,164
07/25/2003,BDR,CT,ANE,EN,Federal Contract Tower,0,15,26,2,43,0,1,192,0,193,0,16,218,2,236,294,0,294,530
07/26/2003,BDR,CT,ANE,EN,Federal Contract Tower,0,7,21,0,28,0,0,143,0,143,0,7,164,0,171,254,2,256,427
07/27/2003,BDR,CT,ANE,EN,Federal Contract Tower,0,13,22,0,35,0,0,58,0,58,0,13,80,0,93,42,0,42,135
07/28/2003,BDR,CT,ANE,EN,Federal Contract Tower,0,7,35,0,42,0,2,122,8,132,0,9,157,8,174,250,4,254,428
07/29/2003,BDR,CT,ANE,EN,Federal Contract Tower,0,1,26,0,27,0,0,105,0,105,0,1,131,0,132,219,0,219,351
07/30/2003,BDR,CT,ANE,EN,Federal Contract Tower,0,6,11,2,19,0,0,154,0,154,0,6,165,2,173,204,0,204,377
07/31/2003,BDR,CT,ANE,EN,Federal Contract Tower,0,7,25,0,32,0,4,84,6,94,0,11,109,6,126,144,0,144,270
08/01/2003,BDR,CT,ANE,EN,Federal Contract Tower,0,3,37,0,40,0,0,8,0,8,0,3,45,0,48,2,0,2,50
08/02/2003,BDR,CT,ANE,EN,Federal Contract Tower,0,4,31,0,35,0,0,18,0,18,0,4,49,0,53,16,0,16,69
08/03/2003,BDR,CT,ANE,EN,Federal Contract Tower,0,7,49,0,56,0,0,33,0,33,0,7,82,0,89,38,0,38,127
08/04/2003,BDR,CT,ANE,EN,Federal Contract Tower,0,7,34,0,41,0,0,18,0,18,0,7,52,0,59,18,0,18,77
08/05/2003,BDR,CT,ANE,EN,Federal Contract Tower,0,11,35,0,46,0,0,5,0,5,0,11,40,0,51,2,0,2,53
08/06/2003,BDR,CT,ANE,EN,Federal Contract Tower,0,11,39,2,52,0,0,75,0,75,0,11,114,2,127,56,0,56,183
08/07/2003,BDR,CT,ANE,EN,Federal Contract Tower,0,9,32,0,41,0,0,9,0,9,0,9,41,0,50,28,0,28,78
08/08/2003,BDR,CT,ANE,EN,Federal Contract Tower,0,8,40,0,48,0,0,8,0,8,0,8,48,0,56,22,0,22,78
08/09/2003,BDR,CT,ANE,EN,Federal Contract Tower,0,3,36,0,39,0,0,2,0,2,0,3,38,0,41,4,0,4,45
08/10/2003,BDR,CT,ANE,EN,Federal Contract Tower,0,12,36,0,48,0,0,68,0,68,0,12,104,0,116,168,0,168,284
08/11/2003,BDR,CT,ANE,EN,Federal Contract Tower,0,4,38,0,42,0,0,62,4,66,0,4,100,4,108,128,40,168,276
08/12/2003,BDR,CT,ANE,EN,Federal Contract Tower,0,7,64,2,73,0,1,28,0,29,0,8,92,2,102,160,0,160,262
08/13/2003,BDR,CT,ANE,EN,Federal Contract Tower,0,10,47,0,57,0,0,38,0,38,0,10,85,0,95,56,0,56,151
08/14/2003,BDR,CT,ANE,EN,Federal Contract Tower,0,9,53,4,66,0,14,127,0,141,0,23,180,4,207,240,0,240,447
08/15/2003,BDR,CT,ANE,EN,Federal Contract Tower,0,13,23,0,36,0,0,140,0,140,0,13,163,0,176,122,0,122,298
08/16/2003,BDR,CT,ANE,EN,Federal Contract Tower,0,4,27,0,31,0,1,76,0,77,0,5,103,0,108,110,0,110,218
08/17/2003,BDR,CT,ANE,EN,Federal Contract Tower,0,13,36,0,49,0,0,57,0,57,0,13,93,0,106,80,0,80,186
08/18/2003,BDR,CT,ANE,EN,Federal Contract Tower,0,10,28,2,40,0,2,174,0,176,0,12,202,2,216,406,0,406,622
08/19/2003,BDR,CT,ANE,EN,Federal Contract Tower,0,6,21,2,29,0,0,129,0,129,0,6,150,2,158,164,0,164,322
08/20/2003,BDR,CT,ANE,EN,Federal Contract Tower,0,13,31,0,44,0,2,161,2,165,0,15,192,2,209,334,0,334,543
08/21/2003,BDR,CT,ANE,EN,Federal Contract Tower,0,14,32,0,46,0,2,102,2,106,0,16,134,2,152,118,2,120,272
08/22/2003,BDR,CT,ANE,EN,Federal Contract Tower,0,11,46,1,58,0,0,38,1,39,0,11,84,2,97,48,0,48,145
08/23/2003,BDR,CT,ANE,EN,Federal Contract Tower,0,2,18,0,20,0,0,138,0,138,0,2,156,0,158,214,0,214,372
08/24/2003,BDR,CT,ANE,EN,Federal Contract Tower,0,9,17,0,26,0,0,162,0,162,0,9,179,0,188,150,0,150,338
08/25/2003,BDR,CT,ANE,EN,Federal Contract Tower,0,3,28,2,33,0,0,111,1,112,0,3,139,3,145,203,4,207,352
08/26/2003,BDR,CT,ANE,EN,Federal Contract Tower,0,4,18,0,22,0,0,108,0,108,0,4,126,0,130,240,0,240,370
08/27/2003,BDR,CT,ANE,EN,Federal Contract Tower,0,16,25,2,43,0,2,81,0,83,0,18,106,2,126,0,0,0,126
08/28/2003,BDR,CT,ANE,EN,Federal Contract Tower,0,20,30,2,52,0,2,106,0,108,0,22,136,2,160,188,0,188,348
08/29/2003,BDR,CT,ANE,EN,Federal Contract Tower,0,10,44,0,54,0,0,115,0,115,0,10,159,0,169,140,0,140,309
08/30/2003,BDR,CT,ANE,EN,Federal Contract Tower,0,1,23,0,24,0,0,42,0,42,0,1,65,0,66,110,0,110,176
08/31/2003,BDR,CT,ANE,EN,Federal Contract Tower,0,3,10,0,13,0,0,171,0,171,0,3,181,0,184,212,0,212,396
09/01/2003,BDR,CT,ANE,EN,Federal Contract Tower,0,8,67,0,75,0,0,18,0,18,0,8,85,0,93,0,0,0,93
09/02/2003,BDR,CT,ANE,EN,Federal Contract Tower,0,0,30,0,30,0,0,1,0,1,0,0,31,0,31,0,0,0,31
09/03/2003,BDR,CT,ANE,EN,Federal Contract Tower,0,4,14,0,18,0,0,14,0,14,0,4,28,0,32,0,0,0,32
09/04/2003,BDR,CT,ANE,EN,Federal Contract Tower,0,6,21,0,27,0,0,6,0,6,0,6,27,0,33,0,0,0,33
09/05/2003,BDR,CT,ANE,EN,Federal Contract Tower,0,11,30,0,41,0,0,130,0,130,0,11,160,0,171,140,0,140,311
09/06/2003,BDR,CT,ANE,EN,Federal Contract Tower,0,3,10,0,13,0,0,125,0,125,0,3,135,0,138,218,0,218,356
09/07/2003,BDR,CT,ANE,EN,Federal Contract Tower,0,6,15,0,21,0,0,151,0,151,0,6,166,0,172,318,0,318,490
09/08/2003,BDR,CT,ANE,EN,Federal Contract Tower,0,6,22,0,28,0,0,75,2,77,0,6,97,2,105,172,0,172,277
09/09/2003,BDR,CT,ANE,EN,Federal Contract Tower,0,7,15,0,22,0,0,104,0,104,0,7,119,0,126,168,0,168,294
09/10/2003,BDR,CT,ANE,EN,Federal Contract Tower,0,15,23,2,40,0,2,117,0,119,0,17,140,2,159,260,0,260,419
09/11/2003,BDR,CT,ANE,EN,Federal Contract Tower,0,12,34,0,46,0,0,109,0,109,0,12,143,0,155,198,0,198,353
09/12/2003,BDR,CT,ANE,EN,Federal Contract Tower,0,4,20,0,24,0,0,124,0,124,0,4,144,0,148,188,0,188,336
09/13/2003,BDR,CT,ANE,EN,Federal Contract Tower,0,3,37,0,40,0,0,4,0,4,0,3,41,0,44,0,0,0,44
09/14/2003,BDR,CT,ANE,EN,Federal Contract Tower,0,9,34,0,43,0,0,27,0,27,0,9,61,0,70,4,0,4,74
09/15/2003,BDR,CT,ANE,EN,Federal Contract Tower,0,4,21,0,25,0,0,14,0,14,0,4,35,0,39,0,0,0,39
09/16/2003,BDR,CT,ANE,EN,Federal Contract Tower,0,3,12,0,15,0,0,65,0,65,0,3,77,0,80,197,0,197,277
09/17/2003,BDR,CT,ANE,EN,Federal Contract Tower,0,13,24,0,37,0,0,118,2,120,0,13,142,2,157,278,4,282,439
09/18/2003,BDR,CT,ANE,EN,Federal Contract Tower,0,7,15,0,22,0,0,30,0,30,0,7,45,0,52,14,2,16,68
09/19/2003,BDR,CT,ANE,EN,Federal Contract Tower,0,3,17,0,20,0,0,24,0,24,0,3,41,0,44,8,0,8,52
09/20/2003,BDR,CT,ANE,EN,Federal Contract Tower,0,1,21,0,22,0,0,106,2,108,0,1,127,2,130,174,0,174,304
09/21/2003,BDR,CT,ANE,EN,Federal Contract Tower,0,5,24,0,29,0,0,142,0,142,0,5,166,0,171,310,0,310,481
09/22/2003,BDR,CT,ANE,EN,Federal Contract Tower,0,9,22,0,31,0,0,63,0,63,0,9,85,0,94,100,0,100,194
09/23/2003,BDR,CT,ANE,EN,Federal Contract Tower,0,5,15,0,20,0,0,5,0,5,0,5,20,0,25,56,0,56,81
09/24/2003,BDR,CT,ANE,EN,Federal Contract Tower,0,8,40,4,52,0,0,117,0,117,0,8,157,4,169,254,0,254,423
09/25/2003,BDR,CT,ANE,EN,Federal Contract Tower,0,12,30,2,44,0,0,154,2,156,0,12,184,4,200,178,2,180,380
09/26/2003,BDR,CT,ANE,EN,Federal Contract Tower,0,13,43,0,56,0,0,47,0,47,0,13,90,0,103,36,0,36,139
09/27/2003,BDR,CT,ANE,EN,Federal Contract Tower,0,3,18,0,21,0,0,22,0,22,0,3,40,0,43,56,0,56,99
09/28/2003,BDR,CT,ANE,EN,Federal Contract Tower,0,8,21,0,29,0,0,1,0,1,0,8,22,0,30,0,0,0,30
09/29/2003,BDR,CT,ANE,EN,Federal Contract Tower,0,3,13,0,16,0,0,98,0,98,0,3,111,0,114,146,0,146,260
09/30/2003,BDR,CT,ANE,EN,Federal Contract Tower,0,0,14,0,14,0,0,118,0,118,0,0,132,0,132,278,0,278,410
10/01/2003,BDR,CT,ANE,EN,Federal Contract Tower,0,4,10,0,14,0,0,51,0,51,0,4,61,0,65,140,0,140,205
10/02/2003,BDR,CT,ANE,EN,Federal Contract Tower,0,7,17,0,24,0,5,64,0,69,0,12,81,0,93,164,0,164,257
10/03/2003,BDR,CT,ANE,EN,Federal Contract Tower,0,9,22,0,31,0,3,97,0,100,0,12,119,0,131,234,0,234,365
10/04/2003,BDR,CT,ANE,EN,Federal Contract Tower,0,7,19,0,26,0,0,32,0,32,0,7,51,0,58,56,0,56,114
10/05/2003,BDR,CT,ANE,EN,Federal Contract Tower,0,3,20,0,23,0,0,125,0,125,0,3,145,0,148,196,0,196,344
10/06/2003,BDR,CT,ANE,EN,Federal Contract Tower,0,7,18,0,25,0,0,106,0,106,0,7,124,0,131,270,0,270,401
10/07/2003,BDR,CT,ANE,EN,Federal Contract Tower,0,7,21,0,28,0,6,107,0,113,0,13,128,0,141,226,0,226,367
10/08/2003,BDR,CT,ANE,EN,Federal Contract Tower,0,7,31,0,38,0,0,47,0,47,0,7,78,0,85,64,0,64,149
10/09/2003,BDR,CT,ANE,EN,Federal Contract Tower,0,11,35,1,47,0,0,73,1,74,0,11,108,2,121,220,10,230,351
10/10/2003,BDR,CT,ANE,EN,Federal Contract Tower,0,15,69,0,84,0,0,28,0,28,0,15,97,0,112,14,0,14,126
10/11/2003,BDR,CT,ANE,EN,Federal Contract Tower,0,7,21,0,28,0,0,89,0,89,0,7,110,0,117,180,0,180,297
10/12/2003,BDR,CT,ANE,EN,Federal Contract Tower,0,6,32,0,38,0,0,16,0,16,0,6,48,0,54,22,0,22,76
10/13/2003,BDR,CT,ANE,EN,Federal Contract Tower,0,8,28,0,36,0,0,106,0,106,0,8,134,0,142,148,0,148,290
10/14/2003,BDR,CT,ANE,EN,Federal Contract Tower,0,10,27,0,37,0,101,56,0,157,0,111,83,0,194,206,0,206,400
10/15/2003,BDR,CT,ANE,EN,Federal Contract Tower,0,3,8,0,11,0,3,3,0,6,0,6,11,0,17,0,0,0,17
10/16/2003,BDR,CT,ANE,EN,Federal Contract Tower,0,10,29,0,39,0,0,63,2,65,0,10,92,2,104,64,0,64,168
10/17/2003,BDR,CT,ANE,EN,Federal Contract Tower,0,10,29,0,39,0,1,73,2,76,0,11,102,2,115,198,0,198,313
10/18/2003,BDR,CT,ANE,EN,Federal Contract Tower,0,5,15,0,20,0,4,93,0,97,0,9,108,0,117,186,0,186,303
10/19/2003,BDR,CT,ANE,EN,Federal Contract Tower,0,9,25,0,34,0,1,17,0,18,0,10,42,0,52,40,0,40,92
10/20/2003,BDR,CT,ANE,EN,Federal Contract Tower,0,6,19,0,25,0,0,93,0,93,0,6,112,0,118,202,8,210,328
10/21/2003,BDR,CT,ANE,EN,Federal Contract Tower,0,9,27,0,36,0,5,12,6,23,0,14,39,6,59,28,0,28,87
10/22/2003,BDR,CT,ANE,EN,Federal Contract Tower,0,6,24,0,30,0,0,58,8,66,0,6,82,8,96,198,0,198,294
10/23/2003,BDR,CT,ANE,EN,Federal Contract Tower,0,3,19,0,22,0,0,44,0,44,0,3,63,0,66,72,0,72,138
10/24/2003,BDR,CT,ANE,EN,Federal Contract Tower,0,2,30,0,32,0,0,90,4,94,0,2,120,4,126,138,0,138,264
10/25/2003,BDR,CT,ANE,EN,Federal Contract Tower,0,6,19,0,25,0,0,102,2,104,0,6,121,2,129,186,0,186,315
10/26/2003,BDR,CT,ANE,EN,Federal Contract Tower,0,4,22,0,26,0,0,11,0,11,0,4,33,0,37,40,0,40,77
10/27/2003,BDR,CT,ANE,EN,Federal Contract Tower,0,7,22,0,29,0,0,3,0,3,0,7,25,0,32,6,0,6,38
10/28/2003,BDR,CT,ANE,EN,Federal Contract Tower,0,9,34,0,43,0,0,95,0,95,0,9,129,0,138,191,0,191,329
10/29/2003,BDR,CT,ANE,EN,Federal Contract Tower,0,10,27,0,37,0,5,18,0,23,0,15,45,0,60,8,0,8,68
10/30/2003,BDR,CT,ANE,EN,Federal Contract Tower,0,11,31,0,42,0,5,111,2,118,0,16,142,2,160,184,0,184,344
10/31/2003,BDR,CT,ANE,EN,Federal Contract Tower,0,6,24,0,30,0,0,127,0,127,0,6,151,0,157,216,0,216,373
11/01/2003,BDR,CT,ANE,EN,Federal Contract Tower,0,2,19,0,21,0,0,101,0,101,0,2,120,0,122,180,0,180,302
11/02/2003,BDR,CT,ANE,EN,Federal Contract Tower,0,9,40,0,49,0,0,130,0,130,0,9,170,0,179,310,0,310,489
11/03/2003,BDR,CT,ANE,EN,Federal Contract Tower,0,9,41,0,50,0,0,37,0,37,0,9,78,0,87,58,0,58,145
11/04/2003,BDR,CT,ANE,EN,Federal Contract Tower,0,11,44,0,55,0,0,0,0,0,0,11,44,0,55,0,0,0,55
11/05/2003,BDR,CT,ANE,EN,Federal Contract Tower,0,8,31,0,39,0,2,0,0,2,0,10,31,0,41,0,0,0,41
11/06/2003,BDR,CT,ANE,EN,Federal Contract Tower,0,9,50,0,59,0,0,33,2,35,0,9,83,2,94,98,2,100,194
11/07/2003,BDR,CT,ANE,EN,Federal Contract Tower,0,5,23,0,28,0,3,144,0,147,0,8,167,0,175,224,0,224,399
11/08/2003,BDR,CT,ANE,EN,Federal Contract Tower,0,2,17,0,19,0,0,66,0,66,0,2,83,0,85,80,0,80,165
11/09/2003,BDR,CT,ANE,EN,Federal Contract Tower,0,2,25,0,27,0,0,127,0,127,0,2,152,0,154,204,0,204,358
11/10/2003,BDR,CT,ANE,EN,Federal Contract Tower,0,5,21,0,26,0,1,107,0,108,0,6,128,0,134,194,0,194,328
11/11/2003,BDR,CT,ANE,EN,Federal Contract Tower,0,6,28,0,34,0,6,50,0,56,0,12,78,0,90,154,0,154,244
11/12/2003,BDR,CT,ANE,EN,Federal Contract Tower,0,9,41,1,51,0,0,0,1,1,0,9,41,2,52,4,0,4,56
11/13/2003,BDR,CT,ANE,EN,Federal Contract Tower,0,4,19,0,23,0,2,6,0,8,0,6,25,0,31,10,0,10,41
11/14/2003,BDR,CT,ANE,EN,Federal Contract Tower,0,6,27,1,34,0,6,12,1,19,0,12,39,2,53,20,6,26,79
11/15/2003,BDR,CT,ANE,EN,Federal Contract Tower,0,0,6,0,6,0,0,88,0,88,0,0,94,0,94,154,0,154,248
11/16/2003,BDR,CT,ANE,EN,Federal Contract Tower,0,6,26,0,32,0,3,63,0,66,0,9,89,0,98,200,0,200,298
11/17/2003,BDR,CT,ANE,EN,Federal Contract Tower,0,4,48,0,52,0,0,14,0,14,0,4,62,0,66,18,0,18,84
11/18/2003,BDR,CT,ANE,EN,Federal Contract Tower,0,4,52,0,56,0,0,56,3,59,0,4,108,3,115,150,12,162,277
11/19/2003,BDR,CT,ANE,EN,Federal Contract Tower,0,7,25,0,32,0,5,0,0,5,0,12,25,0,37,0,0,0,37
11/20/2003,BDR,CT,ANE,EN,Federal Contract Tower,0,7,32,0,39,0,8,0,3,11,0,15,32,3,50,6,0,6,56
11/21/2003,BDR,CT,ANE,EN,Federal Contract Tower,0,8,40,0,48,0,0,82,0,82,0,8,122,0,130,178,0,178,308
11/22/2003,BDR,CT,ANE,EN,Federal Contract Tower,0,4,19,0,23,0,0,171,0,171,0,4,190,0,194,402,0,402,596
11/23/2003,BDR,CT,ANE,EN,Federal Contract Tower,0,0,22,0,22,0,0,146,0,146,0,0,168,0,168,323,0,323,491
11/24/2003,BDR,CT,ANE,EN,Federal Contract Tower,0,0,39,0,39,0,0,55,2,57,0,0,94,2,96,20,10,30,126
11/25/2003,BDR,CT,ANE,EN,Federal Contract Tower,0,5,21,0,26,0,0,94,4,98,0,5,115,4,124,242,0,242,366
11/26/2003,BDR,CT,ANE,EN,Federal Contract Tower,0,7,32,0,39,0,7,118,2,127,0,14,150,2,166,190,2,192,358
11/27/2003,BDR,CT,ANE,EN,Federal Contract Tower,0,1,5,0,6,0,2,49,0,51,0,3,54,0,57,94,0,94,151
11/28/2003,BDR,CT,ANE,EN,Federal Contract Tower,0,3,15,0,18,0,0,2,0,2,0,3,17,0,20,0,0,0,20
11/29/2003,BDR,CT,ANE,EN,Federal Contract Tower,0,3,14,0,17,0,4,9,0,13,0,7,23,0,30,0,0,0,30
11/30/2003,BDR,CT,ANE,EN,Federal Contract Tower,0,5,34,0,39,0,0,88,0,88,0,5,122,0,127,169,0,169,296
12/01/2003,BDR,CT,ANE,EN,Federal Contract Tower,0,2,12,0,14,0,0,26,0,26,0,2,38,0,40,14,0,14,54
12/02/2003,BDR,CT,ANE,EN,Federal Contract Tower,0,5,18,0,23,0,0,21,0,21,0,5,39,0,44,22,0,22,66
12/03/2003,BDR,CT,ANE,EN,Federal Contract Tower,0,6,17,0,23,0,9,54,0,63,0,15,71,0,86,92,0,92,178
12/04/2003,BDR,CT,ANE,EN,Federal Contract Tower,0,4,25,3,32,0,0,94,1,95,0,4,119,4,127,206,0,206,333
12/05/2003,BDR,CT,ANE,EN,Federal Contract Tower,0,7,20,1,28,0,4,6,2,12,0,11,26,3,40,2,0,2,42
12/06/2003,BDR,CT,ANE,EN,Federal Contract Tower,0,0,1,0,1,0,0,1,0,1,0,0,2,0,2,0,0,0,2
12/07/2003,BDR,CT,ANE,EN,Federal Contract Tower,0,2,7,0,9,0,0,7,0,7,0,2,14,0,16,0,0,0,16
12/08/2003,BDR,CT,ANE,EN,Federal Contract Tower,0,2,6,0,8,0,0,50,0,50,0,2,56,0,58,46,0,46,104
12/09/2003,BDR,CT,ANE,EN,Federal Contract Tower,0,2,20,1,23,0,0,37,1,38,0,2,57,2,61,232,0,232,293
12/10/2003,BDR,CT,ANE,EN,Federal Contract Tower,0,3,20,1,24,0,0,36,7,43,0,3,56,8,67,146,0,146,213
12/11/2003,BDR,CT,ANE,EN,Federal Contract Tower,0,7,21,1,29,0,0,0,1,1,0,7,21,2,30,0,0,0,30
12/12/2003,BDR,CT,ANE,EN,Federal Contract Tower,0,6,17,0,23,0,0,70,0,70,0,6,87,0,93,82,2,84,177
12/13/2003,BDR,CT,ANE,EN,Federal Contract Tower,0,6,20,0,26,0,0,119,0,119,0,6,139,0,145,222,2,224,369
12/14/2003,BDR,CT,ANE,EN,Federal Contract Tower,0,1,5,0,6,0,0,3,0,3,0,1,8,0,9,0,0,0,9
12/15/2003,BDR,CT,ANE,EN,Federal Contract Tower,0,1,13,1,15,0,0,3,3,6,0,1,16,4,21,0,0,0,21
12/16/2003,BDR,CT,ANE,EN,Federal Contract Tower,0,4,22,0,26,0,0,96,4,100,0,4,118,4,126,234,0,234,360
12/17/2003,BDR,CT,ANE,EN,Federal Contract Tower,0,5,17,0,22,0,3,2,2,7,0,8,19,2,29,0,0,0,29
12/18/2003,BDR,CT,ANE,EN,Federal Contract Tower,0,5,17,0,22,0,0,28,2,30,0,5,45,2,52,12,0,12,64
12/19/2003,BDR,CT,ANE,EN,Federal Contract Tower,0,5,22,0,27,0,0,104,0,104,0,5,126,0,131,126,0,126,257
12/20/2003,BDR,CT,ANE,EN,Federal Contract Tower,0,3,26,0,29,0,0,113,0,113,0,3,139,0,142,214,2,216,358
12/21/2003,BDR,CT,ANE,EN,Federal Contract Tower,0,0,13,0,13,0,0,87,0,87,0,0,100,0,100,176,0,176,276
12/22/2003,BDR,CT,ANE,EN,Federal Contract Tower,0,3,15,0,18,0,0,67,0,67,0,3,82,0,85,256,0,256,341
12/23/2003,BDR,CT,ANE,EN,Federal Contract Tower,0,2,22,0,24,0,0,70,0,70,0,2,92,0,94,120,0,120,214
12/24/2003,BDR,CT,ANE,EN,Federal Contract Tower,0,1,5,0,6,0,1,0,0,1,0,2,5,0,7,0,0,0,7
12/25/2003,BDR,CT,ANE,EN,Federal Contract Tower,0,1,6,0,7,0,1,14,0,15,0,2,20,0,22,26,0,26,48
12/26/2003,BDR,CT,ANE,EN,Federal Contract Tower,0,9,31,0,40,0,0,34,0,34,0,9,65,0,74,62,0,62,136
12/27/2003,BDR,CT,ANE,EN,Federal Contract Tower,0,2,19,0,21,0,0,95,0,95,0,2,114,0,116,104,0,104,220
12/28/2003,BDR,CT,ANE,EN,Federal Contract Tower,0,1,12,0,13,0,0,103,0,103,0,1,115,0,116,200,0,200,316
12/29/2003,BDR,CT,ANE,EN,Federal Contract Tower,0,4,12,0,16,0,1,86,0,87,0,5,98,0,103,158,0,158,261
12/30/2003,BDR,CT,ANE,EN,Federal Contract Tower,0,2,7,0,9,0,1,8,0,9,0,3,15,0,18,10,0,10,28
12/31/2003,BDR,CT,ANE,EN,Federal Contract Tower,0,4,14,0,18,0,7,96,0,103,0,11,110,0,121,266,0,266,387
01/01/2004,BDR,CT,ANE,EN,Federal Contract Tower,0,0,6,0,6,0,0,61,0,61,0,0,67,0,67,172,0,172,239
01/02/2004,BDR,CT,ANE,EN,Federal Contract Tower,0,3,23,0,26,0,0,25,0,25,0,3,48,0,51,38,0,38,89
01/03/2004,BDR,CT,ANE,EN,Federal Contract Tower,0,2,21,0,23,0,0,38,0,38,0,2,59,0,61,12,0,12,73
01/04/2004,BDR,CT,ANE,EN,Federal Contract Tower,0,6,36,0,42,0,0,15,0,15,0,6,51,0,57,12,0,12,69
01/05/2004,BDR,CT,ANE,EN,Federal Contract Tower,0,1,5,1,7,0,0,2,1,3,0,1,7,2,10,0,0,0,10
01/06/2004,BDR,CT,ANE,EN,Federal Contract Tower,0,3,11,0,14,0,0,46,0,46,0,3,57,0,60,108,0,108,168
01/07/2004,BDR,CT,ANE,EN,Federal Contract Tower,0,4,17,1,22,0,0,10,5,15,0,4,27,6,37,16,0,16,53
01/08/2004,BDR,CT,ANE,EN,Federal Contract Tower,0,8,28,2,38,0,3,41,5,49,0,11,69,7,87,102,0,102,189
01/09/2004,BDR,CT,ANE,EN,Federal Contract Tower,0,6,20,2,28,0,4,43,2,49,0,10,63,4,77,52,0,52,129
01/10/2004,BDR,CT,ANE,EN,Federal Contract Tower,0,0,4,0,4,0,0,32,0,32,0,0,36,0,36,34,0,34,70
01/11/2004,BDR,CT,ANE,EN,Federal Contract Tower,0,1,21,0,22,0,0,81,0,81,0,1,102,0,103,166,0,166,269
01/12/2004,BDR,CT,ANE,EN,Federal Contract Tower,0,4,13,0,17,0,4,0,0,4,0,8,13,0,21,10,0,10,31
01/13/2004,BDR,CT,ANE,EN,Federal Contract Tower,0,5,17,0,22,0,2,12,2,16,0,7,29,2,38,38,0,38,76
01/14/2004,BDR,CT,ANE,EN,Federal Contract Tower,0,8,28,2,38,0,3,28,2,33,0,11,56,4,71,96,0,96,167
01/15/2004,BDR,CT,ANE,EN,Federal Contract Tower,0,1,12,0,13,0,0,5,4,9,0,1,17,4,22,0,0,0,22
01/16/2004,BDR,CT,ANE,EN,Federal Contract Tower,0,5,16,0,21,0,0,19,0,19,0,5,35,0,40,0,0,0,40
01/17/2004,BDR,CT,ANE,EN,Federal Contract Tower,0,3,10,0,13,0,0,57,3,60,0,3,67,3,73,128,0,128,201
01/18/2004,BDR,CT,ANE,EN,Federal Contract Tower,0,0,3,0,3,0,1,0,0,1,0,1,3,0,4,0,0,0,4
01/19/2004,BDR,CT,ANE,EN,Federal Contract Tower,0,1,12,0,13,0,0,20,0,20,0,1,32,0,33,0,0,0,33
01/20/2004,BDR,CT,ANE,EN,Federal Contract Tower,0,4,17,0,21,0,0,26,0,26,0,4,43,0,47,4,0,4,51
01/21/2004,BDR,CT,ANE,EN,Federal Contract Tower,0,3,21,2,26,0,0,65,2,67,0,3,86,4,93,0,0,0,93
01/22/2004,BDR,CT,ANE,EN,Federal Contract Tower,0,7,25,2,34,0,2,17,5,24,0,9,42,7,58,42,0,42,100
01/23/2004,BDR,CT,ANE,EN,Federal Contract Tower,0,5,17,0,22,0,2,46,4,52,0,7,63,4,74,32,0,32,106
01/24/2004,BDR,CT,ANE,EN,Federal Contract Tower,0,4,15,0,19,0,0,35,0,35,0,4,50,0,54,104,0,104,158
01/25/2004,BDR,CT,ANE,EN,Federal Contract Tower,0,1,6,0,7,0,0,77,0,77,0,1,83,0,84,140,0,140,224
01/26/2004,BDR,CT,ANE,EN,Federal Contract Tower,0,4,13,0,17,0,2,13,0,15,0,6,26,0,32,58,0,58,90
01/27/2004,BDR,CT,ANE,EN,Federal Contract Tower,0,3,9,0,12,0,3,7,0,10,0,6,16,0,22,60,0,60,82
01/28/2004,BDR,CT,ANE,EN,Federal Contract Tower,0,2,6,0,8,0,3,0,0,3,0,5,6,0,11,0,0,0,11
01/29/2004,BDR,CT,ANE,EN,Federal Contract Tower,0,7,24,1,32,0,9,20,3,32,0,16,44,4,64,0,0,0,64
01/30/2004,BDR,CT,ANE,EN,Federal Contract Tower,0,2,13,0,15,0,0,63,3,66,0,2,76,3,81,98,4,102,183
01/31/2004,BDR,CT,ANE,EN,Federal Contract Tower,0,1,9,0,10,0,0,37,0,37,0,1,46,0,47,96,0,96,143
02/01/2004,BDR,CT,ANE,EN,Federal Contract Tower,0,2,11,0,13,0,0,64,0,64,0,2,75,0,77,112,0,112,189
02/02/2004,BDR,CT,ANE,EN,Federal Contract Tower,0,0,6,0,6,0,0,104,0,104,0,0,110,0,110,220,0,220,330
02/03/2004,BDR,CT,ANE,EN,Federal Contract Tower,0,3,12,0,15,0,3,1,0,4,0,6,13,0,19,0,0,0,19
02/04/2004,BDR,CT,ANE,EN,Federal Contract Tower,0,10,33,2,45,0,2,44,2,48,0,12,77,4,93,118,0,118,211
02/05/2004,BDR,CT,ANE,EN,Federal Contract Tower,0,8,26,2,36,0,7,87,2,96,0,15,113,4,132,212,0,212,344
02/06/2004,BDR,CT,ANE,EN,Federal Contract Tower,0,2,11,0,13,0,0,3,0,3,0,2,14,0,16,0,0,0,16
02/07/2004,BDR,CT,ANE,EN,Federal Contract Tower,0,2,8,0,10,0,3,11,0,14,0,5,19,0,24,48,0,48,72
02/08/2004,BDR,CT,ANE,EN,Federal Contract Tower,0,3,11,0,14,0,1,28,0,29,0,4,39,0,43,62,0,62,105
02/09/2004,BDR,CT,ANE,EN,Federal Contract Tower,0,5,16,0,21,0,0,70,0,70,0,5,86,0,91,208,0,208,299
02/10/2004,BDR,CT,ANE,EN,Federal Contract Tower,0,6,18,0,24,0,1,101,0,102,0,7,119,0,126,276,0,276,402
02/11/2004,BDR,CT,ANE,EN,Federal Contract Tower,0,8,26,2,36,0,4,92,1,97,0,12,118,3,133,224,0,224,357
02/12/2004,BDR,CT,ANE,EN,Federal Contract Tower,0,2,20,2,24,0,0,92,8,100,0,2,112,10,124,228,8,236,360
02/13/2004,BDR,CT,ANE,EN,Federal Contract Tower,0,6,22,2,30,0,1,111,7,119,0,7,133,9,149,164,14,178,327
02/14/2004,BDR,CT,ANE,EN,Federal Contract Tower,0,5,20,2,27,0,2,112,0,114,0,7,132,2,141,258,0,258,399
02/15/2004,BDR,CT,ANE,EN,Federal Contract Tower,0,1,7,0,8,0,0,38,0,38,0,1,45,0,46,120,0,120,166
02/16/2004,BDR,CT,ANE,EN,Federal Contract Tower,0,5,20,0,25,0,0,95,0,95,0,5,115,0,120,204,0,204,324
02/17/2004,BDR,CT,ANE,EN,Federal Contract Tower,0,5,18,0,23,0,2,72,3,77,0,7,90,3,100,160,4,164,264
02/18/2004,BDR,CT,ANE,EN,Federal Contract Tower,0,3,18,0,21,0,0,29,4,33,0,3,47,4,54,52,2,54,108
02/19/2004,BDR,CT,ANE,EN,Federal Contract Tower,0,5,20,1,26,0,0,47,1,48,0,5,67,2,74,54,0,54,128
02/20/2004,BDR,CT,ANE,EN,Federal Contract Tower,0,6,26,0,32,0,0,95,0,95,0,6,121,0,127,250,0,250,377
02/21/2004,BDR,CT,ANE,EN,Federal Contract Tower,0,2,16,0,18,0,0,20,0,20,0,2,36,0,38,44,0,44,82
02/22/2004,BDR,CT,ANE,EN,Federal Contract Tower,0,4,15,0,19,0,1,73,0,74,0,5,88,0,93,120,0,120,213
02/23/2004,BDR,CT,ANE,EN,Federal Contract Tower,0,6,24,0,30,0,0,95,0,95,0,6,119,0,125,250,0,250,375
02/24/2004,BDR,CT,ANE,EN,Federal Contract Tower,0,6,22,1,29,0,2,27,3,32,0,8,49,4,61,40,0,40,101
02/25/2004,BDR,CT,ANE,EN,Federal Contract Tower,0,7,26,0,33,0,5,71,0,76,0,12,97,0,109,76,0,76,185
02/26/2004,BDR,CT,ANE,EN,Federal Contract Tower,0,9,35,1,45,0,0,78,11,89,0,9,113,12,134,210,0,210,344
02/27/2004,BDR,CT,ANE,EN,Federal Contract Tower,0,5,18,0,23,0,0,92,2,94,0,5,110,2,117,197,0,197,314
02/28/2004,BDR,CT,ANE,EN,Federal Contract Tower,0,3,16,0,19,0,0,123,0,123,0,3,139,0,142,304,0,304,446
02/29/2004,BDR,CT,ANE,EN,Federal Contract Tower,0,1,20,0,21,0,0,143,0,143,0,1,163,0,164,380,0,380,544
03/01/2004,BDR,CT,ANE,EN,Federal Contract Tower,0,0,12,0,12,0,0,69,0,69,0,0,81,0,81,156,0,156,237
03/02/2004,BDR,CT,ANE,EN,Federal Contract Tower,0,4,25,1,30,0,0,28,4,32,0,4,53,5,62,6,0,6,68
03/03/2004,BDR,CT,ANE,EN,Federal Contract Tower,0,6,23,1,30,0,4,83,1,88,0,10,106,2,118,194,0,194,312
03/04/2004,BDR,CT,ANE,EN,Federal Contract Tower,0,1,26,1,28,0,0,36,3,39,0,1,62,4,67,28,0,28,95
03/05/2004,BDR,CT,ANE,EN,Federal Contract Tower,0,3,11,0,14,0,0,1,0,1,0,3,12,0,15,0,0,0,15
03/06/2004,BDR,CT,ANE,EN,Federal Contract Tower,0,0,6,0,6,0,0,13,0,13,0,0,19,0,19,12,0,12,31
03/07/2004,BDR,CT,ANE,EN,Federal Contract Tower,0,4,16,0,20,0,0,120,0,120,0,4,136,0,140,244,0,244,384
03/08/2004,BDR,CT,ANE,EN,Federal Contract Tower,0,5,18,0,23,0,3,2,0,5,0,8,20,0,28,0,0,0,28
03/09/2004,BDR,CT,ANE,EN,Federal Contract Tower,0,7,27,0,34,0,0,10,0,10,0,7,37,0,44,2,0,2,46
03/10/2004,BDR,CT,ANE,EN,Federal Contract Tower,0,2,26,1,29,0,0,72,7,79,0,2,98,8,108,208,0,208,316
03/11/2004,BDR,CT,ANE,EN,Federal Contract Tower,0,8,27,0,35,0,0,24,0,24,0,8,51,0,59,22,0,22,81
03/12/2004,BDR,CT,ANE,EN,Federal Contract Tower,0,4,14,1,19,0,0,25,3,28,0,4,39,4,47,32,0,32,79
03/13/2004,BDR,CT,ANE,EN,Federal Contract Tower,0,4,16,1,21,0,0,46,1,47,0,4,62,2,68,56,0,56,124
03/14/2004,BDR,CT,ANE,EN,Federal Contract Tower,0,2,10,0,12,0,0,157,0,157,0,2,167,0,169,370,0,370,539
03/15/2004,BDR,CT,ANE,EN,Federal Contract Tower,0,2,6,1,9,0,3,46,1,50,0,5,52,2,59,202,0,202,261
03/16/2004,BDR,CT,ANE,EN,Federal Contract Tower,0,2,10,0,12,0,0,11,0,11,0,2,21,0,23,10,0,10,33
03/17/2004,BDR,CT,ANE,EN,Federal Contract Tower,0,4,16,0,20,0,1,14,6,21,0,5,30,6,41,0,0,0,41
03/18/2004,BDR,CT,ANE,EN,Federal Contract Tower,0,4,23,0,27,0,0,17,8,25,0,4,40,8,52,16,32,48,100
03/19/2004,BDR,CT,ANE,EN,Federal Contract Tower,0,2,10,0,12,0,2,20,2,24,0,4,30,2,36,30,0,30,66
03/20/2004,BDR,CT,ANE,EN,Federal Contract Tower,0,4,14,0,18,0,1,109,0,110,0,5,123,0,128,422,0,422,550
03/21/2004,BDR,CT,ANE,EN,Federal Contract Tower,0,4,14,0,18,0,0,26,0,26,0,4,40,0,44,48,0,48,92
03/22/2004,BDR,CT,ANE,EN,Federal Contract Tower,0,2,10,0,12,0,0,64,0,64,0,2,74,0,76,116,0,116,192
03/23/2004,BDR,CT,ANE,EN,Federal Contract Tower,0,6,22,0,28,0,6,93,0,99,0,12,115,0,127,260,0,260,387
03/24/2004,BDR,CT,ANE,EN,Federal Contract Tower,0,8,30,0,38,0,1,108,2,111,0,9,138,2,149,400,0,400,549
03/25/2004,BDR,CT,ANE,EN,Federal Contract Tower,0,9,31,4,44,0,0,37,3,40,0,9,68,7,84,40,30,70,154
03/26/2004,BDR,CT,ANE,EN,Federal Contract Tower,0,8,27,0,35,0,1,149,0,150,0,9,176,0,185,220,0,220,405
03/27/2004,BDR,CT,ANE,EN,Federal Contract Tower,0,3,25,0,28,0,0,62,0,62,0,3,87,0,90,246,0,246,336
03/28/2004,BDR,CT,ANE,EN,Federal Contract Tower,0,5,20,0,25,0,5,69,0,74,0,10,89,0,99,180,0,180,279
03/29/2004,BDR,CT,ANE,EN,Federal Contract Tower,0,5,19,0,24,0,1,115,2,118,0,6,134,2,142,206,0,206,348
03/30/2004,BDR,CT,ANE,EN,Federal Contract Tower,0,7,27,0,34,0,5,24,0,29,0,12,51,0,63,32,0,32,95
03/31/2004,BDR,CT,ANE,EN,Federal Contract Tower,0,2,17,0,19,0,0,5,1,6,0,2,22,1,25,0,0,0,25
04/01/2004,BDR,CT,ANE,EN,Federal Contract Tower,0,7,26,0,33,0,0,3,0,3,0,7,29,0,36,0,0,0,36
04/02/2004,BDR,CT,ANE,EN,Federal Contract Tower,0,9,25,0,34,0,0,34,0,34,0,9,59,0,68,56,0,56,124
04/03/2004,BDR,CT,ANE,EN,Federal Contract Tower,0,0,22,0,22,0,0,22,0,22,0,0,44,0,44,66,0,66,110
04/04/2004,BDR,CT,ANE,EN,Federal Contract Tower,0,7,18,0,25,0,1,0,0,1,0,8,18,0,26,12,0,12,38
04/05/2004,BDR,CT,ANE,EN,Federal Contract Tower,0,6,19,0,25,0,6,10,0,16,0,12,29,0,41,20,0,20,61
04/06/2004,BDR,CT,ANE,EN,Federal Contract Tower,0,11,33,1,45,0,4,43,2,49,0,15,76,3,94,30,0,30,124
04/07/2004,BDR,CT,ANE,EN,Federal Contract Tower,0,8,22,1,31,0,1,103,1,105,0,9,125,2,136,284,0,284,420
04/08/2004,BDR,CT,ANE,EN,Federal Contract Tower,0,11,32,1,44,0,3,97,5,105,0,14,129,6,149,260,0,260,409
04/09/2004,BDR,CT,ANE,EN,Federal Contract Tower,0,1,22,1,24,0,0,132,7,139,0,1,154,8,163,296,0,296,459
04/10/2004,BDR,CT,ANE,EN,Federal Contract Tower,0,0,17,1,18,0,0,134,1,135,0,0,151,2,153,206,0,206,359
04/11/2004,BDR,CT,ANE,EN,Federal Contract Tower,0,5,18,0,23,0,0,35,0,35,0,5,53,0,58,80,0,80,138
04/13/2004,BDR,CT,ANE,EN,Federal Contract Tower,0,3,16,1,20,0,0,4,2,6,0,3,20,3,26,0,0,0,26
04/14/2004,BDR,CT,ANE,EN,Federal Contract Tower,0,2,17,1,20,0,0,3,1,4,0,2,20,2,24,4,0,4,28
04/15/2004,BDR,CT,ANE,EN,Federal Contract Tower,0,12,33,1,46,0,4,46,3,53,0,16,79,4,99,52,0,52,151
04/16/2004,BDR,CT,ANE,EN,Federal Contract Tower,0,13,37,0,50,0,6,112,0,118,0,19,149,0,168,258,0,258,426
04/17/2004,BDR,CT,ANE,EN,Federal Contract Tower,0,6,18,0,24,0,1,99,5,105,0,7,117,5,129,358,0,358,487
04/18/2004,BDR,CT,ANE,EN,Federal Contract Tower,0,4,19,0,23,0,0,132,0,132,0,4,151,0,155,376,0,376,531
04/19/2004,BDR,CT,ANE,EN,Federal Contract Tower,0,0,21,0,21,0,0,55,0,55,0,0,76,0,76,140,0,140,216
04/20/2004,BDR,CT,ANE,EN,Federal Contract Tower,0,5,26,0,31,0,0,93,4,97,0,5,119,4,128,240,0,240,368
04/21/2004,BDR,CT,ANE,EN,Federal Contract Tower,0,5,17,0,22,0,0,73,8,81,0,5,90,8,103,200,0,200,303
04/22/2004,BDR,CT,ANE,EN,Federal Contract Tower,0,15,45,0,60,0,4,27,0,31,0,19,72,0,91,114,0,114,205
04/23/2004,BDR,CT,ANE,EN,Federal Contract Tower,0,9,28,0,37,0,1,42,0,43,0,10,70,0,80,56,0,56,136
04/24/2004,BDR,CT,ANE,EN,Federal Contract Tower,0,5,28,0,33,0,0,96,0,96,0,5,124,0,129,166,0,166,295
04/25/2004,BDR,CT,ANE,EN,Federal Contract Tower,0,2,23,0,25,0,0,158,0,158,0,2,181,0,183,306,0,306,489
04/26/2004,BDR,CT,ANE,EN,Federal Contract Tower,0,0,14,0,14,0,0,2,2,4,0,0,16,2,18,0,0,0,18
04/27/2004,BDR,CT,ANE,EN,Federal Contract Tower,0,9,27,0,36,0,5,83,8,96,0,14,110,8,132,248,8,256,388
04/28/2004,BDR,CT,ANE,EN,Federal Contract Tower,0,6,17,0,23,0,2,104,0,106,0,8,121,0,129,187,0,187,316
04/29/2004,BDR,CT,ANE,EN,Federal Contract Tower,0,8,24,0,32,0,6,134,8,148,0,14,158,8,180,247,40,287,467
04/30/2004,BDR,CT,ANE,EN,Federal Contract Tower,0,8,24,0,32,0,5,158,2,165,0,13,182,2,197,356,0,356,553
05/01/2004,BDR,CT,ANE,EN,Federal Contract Tower,0,5,17,0,22,0,0,137,6,143,0,5,154,6,165,276,0,276,441
05/02/2004,BDR,CT,ANE,EN,Federal Contract Tower,0,7,22,0,29,0,0,0,0,0,0,7,22,0,29,0,0,0,29
05/03/2004,BDR,CT,ANE,EN,Federal Contract Tower,0,2,21,0,23,0,0,4,0,4,0,2,25,0,27,0,0,0,27
05/04/2004,BDR,CT,ANE,EN,Federal Contract Tower,0,7,29,1,37,0,6,76,0,82,0,13,105,1,119,192,0,192,311
05/05/2004,BDR,CT,ANE,EN,Federal Contract Tower,0,7,32,1,40,0,0,79,3,82,0,7,111,4,122,216,0,216,338
05/06/2004,BDR,CT,ANE,EN,Federal Contract Tower,0,9,33,1,43,0,2,141,1,144,0,11,174,2,187,372,4,376,563
05/07/2004,BDR,CT,ANE,EN,Federal Contract Tower,0,3,14,0,17,0,0,85,0,85,0,3,99,0,102,170,0,170,272
05/08/2004,BDR,CT,ANE,EN,Federal Contract Tower,0,2,7,1,10,0,2,145,1,148,0,4,152,2,158,298,0,298,456
05/09/2004,BDR,CT,ANE,EN,Federal Contract Tower,0,4,18,0,22,0,0,45,0,45,0,4,63,0,67,122,0,122,189
05/10/2004,BDR,CT,ANE,EN,Federal Contract Tower,0,3,20,0,23,0,0,63,0,63,0,3,83,0,86,98,0,98,184
05/11/2004,BDR,CT,ANE,EN,Federal Contract Tower,0,5,22,1,28,0,5,106,1,112,0,10,128,2,140,268,2,270,410
05/12/2004,BDR,CT,ANE,EN,Federal Contract Tower,0,5,19,0,24,0,0,81,0,81,0,5,100,0,105,222,0,222,327
05/13/2004,BDR,CT,ANE,EN,Federal Contract Tower,0,7,29,1,37,0,3,60,9,72,0,10,89,10,109,126,2,128,237
05/14/2004,BDR,CT,ANE,EN,Federal Contract Tower,0,6,36,1,43,0,0,17,9,26,0,6,53,10,69,16,0,16,85
05/15/2004,BDR,CT,ANE,EN,Federal Contract Tower,0,3,13,0,16,0,3,78,0,81,0,6,91,0,97,170,0,170,267
05/16/2004,BDR,CT,ANE,EN,Federal Contract Tower,0,4,33,0,37,0,0,153,0,153,0,4,186,0,190,382,0,382,572
05/17/2004,BDR,CT,ANE,EN,Federal Contract Tower,0,10,40,0,50,0,2,46,0,48,0,12,86,0,98,82,0,82,180
05/18/2004,BDR,CT,ANE,EN,Federal Contract Tower,0,7,26,0,33,0,9,0,2,11,0,16,26,2,44,4,0,4,48
05/19/2004,BDR,CT,ANE,EN,Federal Contract Tower,0,5,29,0,34,0,0,41,2,43,0,5,70,2,77,54,0,54,131
05/20/2004,BDR,CT,ANE,EN,Federal Contract Tower,0,8,34,0,42,0,0,114,4,118,0,8,148,4,160,258,0,258,418
05/21/2004,BDR,CT,ANE,EN,Federal Contract Tower,0,12,46,0,58,0,0,63,2,65,0,12,109,2,123,166,0,166,289
05/22/2004,BDR,CT,ANE,EN,Federal Contract Tower,0,2,23,0,25,0,0,7,0,7,0,2,30,0,32,0,0,0,32
05/23/2004,BDR,CT,ANE,EN,Federal Contract Tower,0,7,27,0,34,0,1,14,0,15,0,8,41,0,49,24,0,24,73
05/24/2004,BDR,CT,ANE,EN,Federal Contract Tower,0,3,21,0,24,0,0,0,2,2,0,3,21,2,26,0,0,0,26
05/25/2004,BDR,CT,ANE,EN,Federal Contract Tower,0,10,41,0,51,0,0,31,4,35,0,10,72,4,86,92,0,92,178
05/26/2004,BDR,CT,ANE,EN,Federal Contract Tower,0,9,34,0,43,0,2,0,0,2,0,11,34,0,45,0,0,0,45
05/27/2004,BDR,CT,ANE,EN,Federal Contract Tower,0,15,62,1,78,0,2,93,3,98,0,17,155,4,176,194,6,200,376
05/28/2004,BDR,CT,ANE,EN,Federal Contract Tower,0,11,47,0,58,0,0,25,2,27,0,11,72,2,85,2,0,2,87
05/29/2004,BDR,CT,ANE,EN,Federal Contract Tower,0,0,9,0,9,0,0,98,0,98,0,0,107,0,107,160,0,160,267
05/30/2004,BDR,CT,ANE,EN,Federal Contract Tower,0,0,12,0,12,0,0,165,0,165,0,0,177,0,177,206,0,206,383
05/31/2004,BDR,CT,ANE,EN,Federal Contract Tower,0,5,45,0,50,0,0,79,10,89,0,5,124,10,139,120,0,120,259
06/01/2004,BDR,CT,ANE,EN,Federal Contract Tower,0,2,17,0,19,0,0,42,0,42,0,2,59,0,61,138,0,138,199
06/02/2004,BDR,CT,ANE,EN,Federal Contract Tower,0,7,26,1,34,0,3,46,2,51,0,10,72,3,85,74,0,74,159
06/03/2004,BDR,CT,ANE,EN,Federal Contract Tower,0,9,38,2,49,0,7,124,4,135,0,16,162,6,184,284,0,284,468
06/04/2004,BDR,CT,ANE,EN,Federal Contract Tower,0,6,24,1,31,0,4,158,0,162,0,10,182,1,193,336,0,336,529
06/05/2004,BDR,CT,ANE,EN,Federal Contract Tower,0,4,18,0,22,0,1,74,0,75,0,5,92,0,97,126,0,126,223
06/06/2004,BDR,CT,ANE,EN,Federal Contract Tower,0,7,25,0,32,0,0,5,0,5,0,7,30,0,37,0,0,0,37
06/07/2004,BDR,CT,ANE,EN,Federal Contract Tower,0,6,20,0,26,0,5,71,0,76,0,11,91,0,102,80,0,80,182
06/08/2004,BDR,CT,ANE,EN,Federal Contract Tower,0,8,24,1,33,0,4,83,1,88,0,12,107,2,121,188,0,188,309
06/09/2004,BDR,CT,ANE,EN,Federal Contract Tower,0,7,23,1,31,0,3,60,3,66,0,10,83,4,97,97,0,97,194
06/10/2004,BDR,CT,ANE,EN,Federal Contract Tower,0,8,26,1,35,0,0,57,3,60,0,8,83,4,95,20,0,20,115
06/11/2004,BDR,CT,ANE,EN,Federal Contract Tower,0,7,22,0,29,0,0,183,0,183,0,7,205,0,212,228,0,228,440
06/12/2004,BDR,CT,ANE,EN,Federal Contract Tower,0,3,9,0,12,0,2,191,0,193,0,5,200,0,205,184,0,184,389
06/13/2004,BDR,CT,ANE,EN,Federal Contract Tower,0,6,21,0,27,0,4,169,0,173,0,10,190,0,200,194,0,194,394
06/14/2004,BDR,CT,ANE,EN,Federal Contract Tower,0,3,23,1,27,0,0,44,1,45,0,3,67,2,72,4,0,4,76
06/15/2004,BDR,CT,ANE,EN,Federal Contract Tower,0,4,20,0,24,0,0,80,0,80,0,4,100,0,104,118,0,118,222
06/16/2004,BDR,CT,ANE,EN,Federal Contract Tower,0,9,28,1,38,0,2,119,6,127,0,11,147,7,165,164,0,164,329
06/17/2004,BDR,CT,ANE,EN,Federal Contract Tower,0,9,55,2,66,0,0,35,2,37,0,9,90,4,103,30,0,30,133
06/18/2004,BDR,CT,ANE,EN,Federal Contract Tower,0,8,55,2,65,0,0,25,0,25,0,8,80,2,90,48,0,48,138
06/19/2004,BDR,CT,ANE,EN,Federal Contract Tower,0,8,29,1,38,0,0,49,1,50,0,8,78,2,88,72,0,72,160
06/20/2004,BDR,CT,ANE,EN,Federal Contract Tower,0,5,17,0,22,0,2,168,0,170,0,7,185,0,192,232,0,232,424
06/21/2004,BDR,CT,ANE,EN,Federal Contract Tower,0,4,13,0,17,0,2,129,4,135,0,6,142,4,152,252,0,252,404
06/22/2004,BDR,CT,ANE,EN,Federal Contract Tower,0,1,33,0,34,0,0,33,0,33,0,1,66,0,67,48,0,48,115
06/23/2004,BDR,CT,ANE,EN,Federal Contract Tower,0,9,30,0,39,0,5,147,12,164,0,14,177,12,203,394,2,396,599
06/24/2004,BDR,CT,ANE,EN,Federal Contract Tower,0,9,32,1,42,0,6,108,1,115,0,15,140,2,157,148,0,148,305
06/25/2004,BDR,CT,ANE,EN,Federal Contract Tower,0,5,43,1,49,0,0,77,0,77,0,5,120,1,126,46,0,46,172
06/26/2004,BDR,CT,ANE,EN,Federal Contract Tower,0,4,28,0,32,0,0,33,0,33,0,4,61,0,65,32,0,32,97
06/27/2004,BDR,CT,ANE,EN,Federal Contract Tower,0,6,22,0,28,0,0,174,0,174,0,6,196,0,202,202,0,202,404
06/28/2004,BDR,CT,ANE,EN,Federal Contract Tower,0,4,14,0,18,0,0,109,0,109,0,4,123,0,127,112,0,112,239
06/29/2004,BDR,CT,ANE,EN,Federal Contract Tower,0,7,25,0,32,0,0,136,2,138,0,7,161,2,170,208,20,228,398
06/30/2004,BDR,CT,ANE,EN,Federal Contract Tower,0,9,34,1,44,0,12,97,5,114,0,21,131,6,158,208,0,208,366
07/01/2004,BDR,CT,ANE,EN,Federal Contract Tower,0,9,30,2,41,0,7,120,0,127,0,16,150,2,168,144,28,172,340
07/02/2004,BDR,CT,ANE,EN,Federal Contract Tower,0,7,28,0,35,0,0,84,0,84,0,7,112,0,119,104,0,104,223
07/03/2004,BDR,CT,ANE,EN,Federal Contract Tower,0,4,16,0,20,0,0,143,0,143,0,4,159,0,163,148,0,148,311
07/04/2004,BDR,CT,ANE,EN,Federal Contract Tower,0,4,12,1,17,0,1,102,1,104,0,5,114,2,121,88,0,88,209
07/05/2004,BDR,CT,ANE,EN,Federal Contract Tower,0,7,53,0,60,0,0,23,0,23,0,7,76,0,83,0,0,0,83
07/06/2004,BDR,CT,ANE,EN,Federal Contract Tower,0,8,26,1,35,0,6,100,1,107,0,14,126,2,142,152,0,152,294
07/07/2004,BDR,CT,ANE,EN,Federal Contract Tower,0,6,18,1,25,0,10,119,3,132,0,16,137,4,157,283,0,283,440
07/08/2004,BDR,CT,ANE,EN,Federal Contract Tower,0,10,36,2,48,0,1,24,0,25,0,11,60,2,73,32,2,34,107
07/09/2004,BDR,CT,ANE,EN,Federal Contract Tower,0,9,30,0,39,0,0,174,0,174,0,9,204,0,213,258,0,258,471
07/10/2004,BDR,CT,ANE,EN,Federal Contract Tower,0,2,8,1,11,0,0,128,3,131,0,2,136,4,142,170,0,170,312
07/11/2004,BDR,CT,ANE,EN,Federal Contract Tower,0,9,30,1,40,0,1,179,1,181,0,10,209,2,221,232,0,232,453
07/12/2004,BDR,CT,ANE,EN,Federal Contract Tower,0,7,39,2,48,0,0,58,0,58,0,7,97,2,106,44,0,44,150
07/13/2004,BDR,CT,ANE,EN,Federal Contract Tower,0,10,35,0,45,0,0,5,0,5,0,10,40,0,50,2,0,2,52
07/14/2004,BDR,CT,ANE,EN,Federal Contract Tower,0,9,30,1,40,0,7,37,5,49,0,16,67,6,89,14,2,16,105
07/15/2004,BDR,CT,ANE,EN,Federal Contract Tower,0,16,60,3,79,0,0,76,3,79,0,16,136,6,158,146,0,146,304
07/16/2004,BDR,CT,ANE,EN,Federal Contract Tower,0,5,25,0,30,0,0,149,0,149,0,5,174,0,179,242,0,242,421
07/17/2004,BDR,CT,ANE,EN,Federal Contract Tower,0,5,16,0,21,0,1,186,0,187,0,6,202,0,208,158,0,158,366
07/18/2004,BDR,CT,ANE,EN,Federal Contract Tower,0,13,46,0,59,0,0,14,0,14,0,13,60,0,73,4,0,4,77
07/19/2004,BDR,CT,ANE,EN,Federal Contract Tower,0,10,35,0,45,0,2,59,0,61,0,12,94,0,106,56,0,56,162
07/20/2004,BDR,CT,ANE,EN,Federal Contract Tower,0,8,28,0,36,0,1,83,4,88,0,9,111,4,124,218,0,218,342
07/21/2004,BDR,CT,ANE,EN,Federal Contract Tower,0,7,22,0,29,0,2,135,4,141,0,9,157,4,170,288,0,288,458
07/22/2004,BDR,CT,ANE,EN,Federal Contract Tower,0,13,44,1,58,0,11,57,2,70,0,24,101,3,128,34,0,34,162
07/23/2004,BDR,CT,ANE,EN,Federal Contract Tower,0,18,61,2,81,0,6,27,2,35,0,24,88,4,116,32,0,32,148
07/24/2004,BDR,CT,ANE,EN,Federal Contract Tower,0,5,28,0,33,0,0,31,0,31,0,5,59,0,64,52,0,52,116
07/25/2004,BDR,CT,ANE,EN,Federal Contract Tower,0,12,40,1,53,0,2,99,1,102,0,14,139,2,155,176,0,176,331
07/26/2004,BDR,CT,ANE,EN,Federal Contract Tower,0,8,26,0,34,0,0,114,10,124,0,8,140,10,158,206,0,206,364
07/27/2004,BDR,CT,ANE,EN,Federal Contract Tower,0,8,25,0,33,0,2,38,0,40,0,10,63,0,73,60,0,60,133
07/28/2004,BDR,CT,ANE,EN,Federal Contract Tower,0,5,33,1,39,0,0,3,1,4,0,5,36,2,43,0,0,0,43
07/29/2004,BDR,CT,ANE,EN,Federal Contract Tower,0,7,36,1,44,0,0,123,1,124,0,7,159,2,168,244,26,270,438
07/30/2004,BDR,CT,ANE,EN,Federal Contract Tower,0,9,50,1,60,0,0,84,3,87,0,9,134,4,147,28,0,28,175
07/31/2004,BDR,CT,ANE,EN,Federal Contract Tower,0,3,30,0,33,0,0,85,0,85,0,3,115,0,118,124,0,124,242
08/01/2004,BDR,CT,ANE,EN,Federal Contract Tower,0,5,23,0,28,0,0,42,0,42,0,5,65,0,70,2,0,2,72
08/02/2004,BDR,CT,ANE,EN,Federal Contract Tower,0,6,21,0,27,0,2,97,0,99,0,8,118,0,126,125,0,125,251
08/03/2004,BDR,CT,ANE,EN,Federal Contract Tower,0,9,28,1,38,0,4,21,1,26,0,13,49,2,64,94,0,94,158
08/04/2004,BDR,CT,ANE,EN,Federal Contract Tower,0,7,24,1,32,0,2,108,1,111,0,9,132,2,143,188,0,188,331
08/05/2004,BDR,CT,ANE,EN,Federal Contract Tower,0,10,32,1,43,0,3,59,5,67,0,13,91,6,110,102,0,102,212
08/06/2004,BDR,CT,ANE,EN,Federal Contract Tower,0,11,33,0,44,0,5,128,0,133,0,16,161,0,177,150,0,150,327
08/07/2004,BDR,CT,ANE,EN,Federal Contract Tower,0,2,8,0,10,0,2,131,0,133,0,4,139,0,143,208,0,208,351
08/08/2004,BDR,CT,ANE,EN,Federal Contract Tower,0,6,21,0,27,0,8,214,0,222,0,14,235,0,249,151,0,151,400
08/09/2004,BDR,CT,ANE,EN,Federal Contract Tower,0,5,17,1,23,0,0,112,3,115,0,5,129,4,138,224,0,224,362
08/10/2004,BDR,CT,ANE,EN,Federal Contract Tower,0,6,24,0,30,0,0,87,0,87,0,6,111,0,117,170,0,170,287
08/11/2004,BDR,CT,ANE,EN,Federal Contract Tower,0,6,31,1,38,0,0,24,5,29,0,6,55,6,67,26,0,26,93
08/12/2004,BDR,CT,ANE,EN,Federal Contract Tower,0,11,34,0,45,0,2,43,0,45,0,13,77,0,90,24,0,24,114
08/13/2004,BDR,CT,ANE,EN,Federal Contract Tower,0,5,37,0,42,0,0,30,0,30,0,5,67,0,72,2,0,2,74
08/14/2004,BDR,CT,ANE,EN,Federal Contract Tower,0,5,19,1,25,0,0,95,1,96,0,5,114,2,121,70,4,74,195
08/15/2004,BDR,CT,ANE,EN,Federal Contract Tower,0,5,24,1,30,0,0,16,1,17,0,5,40,2,47,16,0,16,63
08/16/2004,BDR,CT,ANE,EN,Federal Contract Tower,0,7,39,0,46,0,0,19,0,19,0,7,58,0,65,12,0,12,77
08/17/2004,BDR,CT,ANE,EN,Federal Contract Tower,0,5,18,0,23,0,2,112,0,114,0,7,130,0,137,310,0,310,447
08/18/2004,BDR,CT,ANE,EN,Federal Contract Tower,0,13,46,1,60,0,5,29,1,35,0,18,75,2,95,10,0,10,105
08/19/2004,BDR,CT,ANE,EN,Federal Contract Tower,0,8,40,0,48,0,0,31,0,31,0,8,71,0,79,6,0,6,85
08/20/2004,BDR,CT,ANE,EN,Federal Contract Tower,0,8,44,1,53,0,0,53,3,56,0,8,97,4,109,46,0,46,155
08/21/2004,BDR,CT,ANE,EN,Federal Contract Tower,0,0,19,0,19,0,0,10,0,10,0,0,29,0,29,0,0,0,29
08/22/2004,BDR,CT,ANE,EN,Federal Contract Tower,0,7,23,0,30,0,0,205,0,205,0,7,228,0,235,230,0,230,465
08/23/2004,BDR,CT,ANE,EN,Federal Contract Tower,0,3,19,0,22,0,0,140,0,140,0,3,159,0,162,234,0,234,396
08/24/2004,BDR,CT,ANE,EN,Federal Contract Tower,0,8,28,0,36,0,1,113,4,118,0,9,141,4,154,188,0,188,342
08/25/2004,BDR,CT,ANE,EN,Federal Contract Tower,0,7,22,0,29,0,3,198,6,207,0,10,220,6,236,350,0,350,586
08/26/2004,BDR,CT,ANE,EN,Federal Contract Tower,0,7,23,0,30,0,3,186,8,197,0,10,209,8,227,242,0,242,469
08/27/2004,BDR,CT,ANE,EN,Federal Contract Tower,0,14,48,0,62,0,5,75,0,80,0,19,123,0,142,102,0,102,244
08/28/2004,BDR,CT,ANE,EN,Federal Contract Tower,0,3,11,0,14,0,0,98,2,100,0,3,109,2,114,78,0,78,192
08/29/2004,BDR,CT,ANE,EN,Federal Contract Tower,0,10,32,0,42,0,0,101,2,103,0,10,133,2,145,44,0,44,189
08/30/2004,BDR,CT,ANE,EN,Federal Contract Tower,0,10,37,0,47,0,0,26,0,26,0,10,63,0,73,4,0,4,77
08/31/2004,BDR,CT,ANE,EN,Federal Contract Tower,0,11,36,0,47,0,7,24,0,31,0,18,60,0,78,64,0,64,142
09/01/2004,BDR,CT,ANE,EN,Federal Contract Tower,0,9,33,2,44,0,5,156,0,161,0,14,189,2,205,276,0,276,481
09/02/2004,BDR,CT,ANE,EN,Federal Contract Tower,0,13,44,0,57,0,10,103,0,113,0,23,147,0,170,148,10,158,328
09/03/2004,BDR,CT,ANE,EN,Federal Contract Tower,0,7,23,0,30,0,3,196,0,199,0,10,219,0,229,280,0,280,509
09/04/2004,BDR,CT,ANE,EN,Federal Contract Tower,0,0,9,0,9,0,0,104,0,104,0,0,113,0,113,128,0,128,241
09/05/2004,BDR,CT,ANE,EN,Federal Contract Tower,0,5,27,2,34,0,0,75,0,75,0,5,102,2,109,36,0,36,145
09/06/2004,BDR,CT,ANE,EN,Federal Contract Tower,0,5,17,0,22,0,0,159,0,159,0,5,176,0,181,92,0,92,273
09/07/2004,BDR,CT,ANE,EN,Federal Contract Tower,0,9,31,2,42,0,0,57,2,59,0,9,88,4,101,104,0,104,205
09/08/2004,BDR,CT,ANE,EN,Federal Contract Tower,0,5,33,2,40,0,0,2,4,6,0,5,35,6,46,0,0,0,46
09/09/2004,BDR,CT,ANE,EN,Federal Contract Tower,0,8,24,1,33,0,2,7,0,9,0,10,31,1,42,0,0,0,42
09/10/2004,BDR,CT,ANE,EN,Federal Contract Tower,0,12,37,2,51,0,0,91,0,91,0,12,128,2,142,104,0,104,246
09/11/2004,BDR,CT,ANE,EN,Federal Contract Tower,0,1,11,1,13,0,0,144,1,145,0,1,155,2,158,244,0,244,402
09/12/2004,BDR,CT,ANE,EN,Federal Contract Tower,0,6,19,0,25,0,2,153,0,155,0,8,172,0,180,236,0,236,416
09/13/2004,BDR,CT,ANE,EN,Federal Contract Tower,0,8,22,0,30,0,0,100,0,100,0,8,122,0,130,112,0,112,242
09/14/2004,BDR,CT,ANE,EN,Federal Contract Tower,0,8,22,0,30,0,1,102,0,103,0,9,124,0,133,242,0,242,375
09/15/2004,BDR,CT,ANE,EN,Federal Contract Tower,0,7,20,1,28,0,0,51,3,54,0,7,71,4,82,56,0,56,138
09/16/2004,BDR,CT,ANE,EN,Federal Contract Tower,0,8,26,2,36,0,0,39,6,45,0,8,65,8,81,60,2,62,143
09/17/2004,BDR,CT,ANE,EN,Federal Contract Tower,0,5,38,1,44,0,0,40,1,41,0,5,78,2,85,42,0,42,127
09/18/2004,BDR,CT,ANE,EN,Federal Contract Tower,0,2,6,0,8,0,0,0,0,0,0,2,6,0,8,0,0,0,8
09/19/2004,BDR,CT,ANE,EN,Federal Contract Tower,0,5,21,0,26,0,0,82,0,82,0,5,103,0,108,76,0,76,184
09/20/2004,BDR,CT,ANE,EN,Federal Contract Tower,0,4,13,0,17,0,4,105,0,109,0,8,118,0,126,198,0,198,324
09/21/2004,BDR,CT,ANE,EN,Federal Contract Tower,0,8,24,0,32,0,0,105,0,105,0,8,129,0,137,280,0,280,417
09/22/2004,BDR,CT,ANE,EN,Federal Contract Tower,0,8,26,1,35,0,2,328,2,332,0,10,354,3,367,244,16,260,627
09/23/2004,BDR,CT,ANE,EN,Federal Contract Tower,0,7,21,0,28,0,6,108,4,118,0,13,129,4,146,200,14,214,360
09/24/2004,BDR,CT,ANE,EN,Federal Contract Tower,0,9,33,0,42,0,0,116,0,116,0,9,149,0,158,90,0,90,248
09/25/2004,BDR,CT,ANE,EN,Federal Contract Tower,0,0,15,0,15,0,0,145,0,145,0,0,160,0,160,218,0,218,378
09/26/2004,BDR,CT,ANE,EN,Federal Contract Tower,0,3,20,0,23,0,0,173,6,179,0,3,193,6,202,180,0,180,382
09/27/2004,BDR,CT,ANE,EN,Federal Contract Tower,0,3,16,0,19,0,0,70,4,74,0,3,86,4,93,156,0,156,249
09/28/2004,BDR,CT,ANE,EN,Federal Contract Tower,0,5,23,0,28,0,0,2,1,3,0,5,25,1,31,0,0,0,31
09/29/2004,BDR,CT,ANE,EN,Federal Contract Tower,0,8,29,1,38,0,4,33,2,39,0,12,62,3,77,56,0,56,133
09/30/2004,BDR,CT,ANE,EN,Federal Contract Tower,0,8,29,1,38,0,3,95,3,101,0,11,124,4,139,110,0,110,249
10/01/2004,BDR,CT,ANE,EN,Federal Contract Tower,0,6,17,0,23,0,0,136,0,136,0,6,153,0,159,190,0,190,349
10/02/2004,BDR,CT,ANE,EN,Federal Contract Tower,0,5,27,0,32,0,0,71,0,71,0,5,98,0,103,104,0,104,207
10/03/2004,BDR,CT,ANE,EN,Federal Contract Tower,0,10,14,0,24,0,1,138,0,139,0,11,152,0,163,148,0,148,311
10/04/2004,BDR,CT,ANE,EN,Federal Contract Tower,0,10,23,2,35,0,1,49,0,50,0,11,72,2,85,88,0,88,173
10/05/2004,BDR,CT,ANE,EN,Federal Contract Tower,0,5,14,2,21,0,0,62,0,62,0,5,76,2,83,104,0,104,187
10/06/2004,BDR,CT,ANE,EN,Federal Contract Tower,0,4,14,4,22,0,0,99,0,99,0,4,113,4,121,202,0,202,323
10/07/2004,BDR,CT,ANE,EN,Federal Contract Tower,0,17,16,2,35,0,0,116,8,124,0,17,132,10,159,200,0,200,359
10/08/2004,BDR,CT,ANE,EN,Federal Contract Tower,0,8,26,0,34,0,1,110,2,113,0,9,136,2,147,88,0,88,235
10/09/2004,BDR,CT,ANE,EN,Federal Contract Tower,0,3,25,0,28,0,0,59,0,59,0,3,84,0,87,66,0,66,153
10/10/2004,BDR,CT,ANE,EN,Federal Contract Tower,0,5,28,0,33,0,0,92,2,94,0,5,120,2,127,176,0,176,303
10/11/2004,BDR,CT,ANE,EN,Federal Contract Tower,0,8,23,0,31,0,2,37,0,39,0,10,60,0,70,58,0,58,128
10/12/2004,BDR,CT,ANE,EN,Federal Contract Tower,0,6,27,0,33,0,0,44,0,44,0,6,71,0,77,66,0,66,143
10/13/2004,BDR,CT,ANE,EN,Federal Contract Tower,0,10,19,4,33,0,0,99,8,107,0,10,118,12,140,146,24,170,310
10/14/2004,BDR,CT,ANE,EN,Federal Contract Tower,0,10,29,4,43,0,0,25,2,27,0,10,54,6,70,30,2,32,102
10/15/2004,BDR,CT,ANE,EN,Federal Contract Tower,0,5,57,0,62,0,0,0,0,0,0,5,57,0,62,0,0,0,62
10/16/2004,BDR,CT,ANE,EN,Federal Contract Tower,0,3,6,0,9,0,0,29,0,29,0,3,35,0,38,90,0,90,128
10/17/2004,BDR,CT,ANE,EN,Federal Contract Tower,0,3,22,0,25,0,0,55,4,59,0,3,77,4,84,72,0,72,156
10/18/2004,BDR,CT,ANE,EN,Federal Contract Tower,0,7,12,2,21,0,1,97,0,98,0,8,109,2,119,150,0,150,269
10/19/2004,BDR,CT,ANE,EN,Federal Contract Tower,0,7,35,3,45,0,0,5,0,5,0,7,40,3,50,0,0,0,50
10/20/2004,BDR,CT,ANE,EN,Federal Contract Tower,0,6,27,4,37,0,0,36,8,44,0,6,63,12,81,24,0,24,105
10/21/2004,BDR,CT,ANE,EN,Federal Contract Tower,0,10,30,3,43,0,0,64,8,72,0,10,94,11,115,136,2,138,253
10/22/2004,BDR,CT,ANE,EN,Federal Contract Tower,0,12,16,4,32,0,1,107,0,108,0,13,123,4,140,138,0,138,278
10/23/2004,BDR,CT,ANE,EN,Federal Contract Tower,0,5,15,0,20,0,1,113,2,116,0,6,128,2,136,156,0,156,292
10/24/2004,BDR,CT,ANE,EN,Federal Contract Tower,0,3,27,0,30,0,1,59,2,62,0,4,86,2,92,136,0,136,228
10/25/2004,BDR,CT,ANE,EN,Federal Contract Tower,0,11,22,4,37,0,0,47,2,49,0,11,69,6,86,82,0,82,168
10/26/2004,BDR,CT,ANE,EN,Federal Contract Tower,0,8,23,4,35,0,0,144,0,144,0,8,167,4,179,206,0,206,385
10/27/2004,BDR,CT,ANE,EN,Federal Contract Tower,0,9,25,0,34,0,1,91,2,94,0,10,116,2,128,140,0,140,268
10/28/2004,BDR,CT,ANE,EN,Federal Contract Tower,0,12,25,2,39,0,0,103,2,105,0,12,128,4,144,156,0,156,300
10/29/2004,BDR,CT,ANE,EN,Federal Contract Tower,0,6,27,0,33,0,0,61,0,61,0,6,88,0,94,104,0,104,198
10/30/2004,BDR,CT,ANE,EN,Federal Contract Tower,0,5,20,0,25,0,0,0,0,0,0,5,20,0,25,0,0,0,25
10/31/2004,BDR,CT,ANE,EN,Federal Contract Tower,0,5,15,0,20,0,0,78,2,80,0,5,93,2,100,108,0,108,208
11/01/2004,BDR,CT,ANE,EN,Federal Contract Tower,0,3,14,0,17,0,1,58,0,59,0,4,72,0,76,134,0,134,210
11/02/2004,BDR,CT,ANE,EN,Federal Contract Tower,0,4,23,0,27,0,0,55,0,55,0,4,78,0,82,164,0,164,246
11/03/2004,BDR,CT,ANE,EN,Federal Contract Tower,0,3,16,4,23,0,0,41,0,41,0,3,57,4,64,24,0,24,88
11/04/2004,BDR,CT,ANE,EN,Federal Contract Tower,0,16,19,0,35,0,0,46,0,46,0,16,65,0,81,42,0,42,123
11/05/2004,BDR,CT,ANE,EN,Federal Contract Tower,0,9,18,4,31,0,0,23,2,25,0,9,41,6,56,0,0,0,56
11/06/2004,BDR,CT,ANE,EN,Federal Contract Tower,0,1,9,0,10,0,0,85,2,87,0,1,94,2,97,158,0,158,255
11/07/2004,BDR,CT,ANE,EN,Federal Contract Tower,0,2,20,0,22,0,0,143,0,143,0,2,163,0,165,250,0,250,415
11/08/2004,BDR,CT,ANE,EN,Federal Contract Tower,0,6,16,0,22,0,0,29,0,29,0,6,45,0,51,32,0,32,83
11/09/2004,BDR,CT,ANE,EN,Federal Contract Tower,0,8,31,2,41,0,0,63,0,63,0,8,94,2,104,96,0,96,200
11/10/2004,BDR,CT,ANE,EN,Federal Contract Tower,0,10,30,0,40,0,0,72,2,74,0,10,102,2,114,164,0,164,278
11/11/2004,BDR,CT,ANE,EN,Federal Contract Tower,0,11,24,0,35,0,0,68,5,73,0,11,92,5,108,122,0,122,230
11/12/2004,BDR,CT,ANE,EN,Federal Contract Tower,0,6,12,0,18,0,0,4,2,6,0,6,16,2,24,2,0,2,26
11/13/2004,BDR,CT,ANE,EN,Federal Contract Tower,0,0,13,0,13,0,0,36,0,36,0,0,49,0,49,50,0,50,99
11/14/2004,BDR,CT,ANE,EN,Federal Contract Tower,0,0,10,0,10,0,0,111,2,113,0,0,121,2,123,130,0,130,253
11/15/2004,BDR,CT,ANE,EN,Federal Contract Tower,0,4,20,2,26,0,0,78,0,78,0,4,98,2,104,110,0,110,214
11/16/2004,BDR,CT,ANE,EN,Federal Contract Tower,0,5,24,1,30,0,0,93,8,101,0,5,117,9,131,164,0,164,295
11/17/2004,BDR,CT,ANE,EN,Federal Contract Tower,0,5,11,0,16,0,0,119,2,121,0,5,130,2,137,252,0,252,389
11/18/2004,BDR,CT,ANE,EN,Federal Contract Tower,0,11,29,0,40,0,0,54,0,54,0,11,83,0,94,142,0,142,236
11/19/2004,BDR,CT,ANE,EN,Federal Contract Tower,0,9,31,0,40,0,0,69,7,76,0,9,100,7,116,210,4,214,330
11/20/2004,BDR,CT,ANE,EN,Federal Contract Tower,0,4,15,0,19,0,0,19,0,19,0,4,34,0,38,122,0,122,160
11/21/2004,BDR,CT,ANE,EN,Federal Contract Tower,0,7,37,0,44,0,0,0,0,0,0,7,37,0,44,0,0,0,44
11/22/2004,BDR,CT,ANE,EN,Federal Contract Tower,0,4,41,0,45,0,0,54,0,54,0,4,95,0,99,100,0,100,199
11/23/2004,BDR,CT,ANE,EN,Federal Contract Tower,0,4,40,2,46,0,0,48,5,53,0,4,88,7,99,120,0,120,219
11/24/2004,BDR,CT,ANE,EN,Federal Contract Tower,0,7,46,0,53,0,0,2,0,2,0,7,48,0,55,0,0,0,55
11/25/2004,BDR,CT,ANE,EN,Federal Contract Tower,0,0,7,0,7,0,0,6,0,6,0,0,13,0,13,0,0,0,13
11/26/2004,BDR,CT,ANE,EN,Federal Contract Tower,0,5,11,0,16,0,2,72,0,74,0,7,83,0,90,142,0,142,232
11/27/2004,BDR,CT,ANE,EN,Federal Contract Tower,0,5,21,0,26,0,0,107,0,107,0,5,128,0,133,196,0,196,329
11/28/2004,BDR,CT,ANE,EN,Federal Contract Tower,0,3,38,0,41,0,1,6,0,7,0,4,44,0,48,0,0,0,48
11/29/2004,BDR,CT,ANE,EN,Federal Contract Tower,0,13,12,2,27,0,3,57,6,66,0,16,69,8,93,100,0,100,193
11/30/2004,BDR,CT,ANE,EN,Federal Contract Tower,0,5,23,0,28,0,0,64,0,64,0,5,87,0,92,142,0,142,234
12/01/2004,BDR,CT,ANE,EN,Federal Contract Tower,0,6,13,0,19,0,0,5,0,5,0,6,18,0,24,0,0,0,24
12/02/2004,BDR,CT,ANE,EN,Federal Contract Tower,0,12,33,0,45,0,0,73,0,73,0,12,106,0,118,118,0,118,236
12/03/2004,BDR,CT,ANE,EN,Federal Contract Tower,0,0,5,4,9,0,5,77,0,82,0,5,82,4,91,56,0,56,147
12/04/2004,BDR,CT,ANE,EN,Federal Contract Tower,0,2,19,0,21,0,0,122,0,122,0,2,141,0,143,306,0,306,449
12/05/2004,BDR,CT,ANE,EN,Federal Contract Tower,0,3,24,0,27,0,0,121,0,121,0,3,145,0,148,234,0,234,382
12/06/2004,BDR,CT,ANE,EN,Federal Contract Tower,0,6,14,0,20,0,2,19,2,23,0,8,33,2,43,0,0,0,43
12/07/2004,BDR,CT,ANE,EN,Federal Contract Tower,0,6,16,0,22,0,0,0,0,0,0,6,16,0,22,0,0,0,22
12/08/2004,BDR,CT,ANE,EN,Federal Contract Tower,0,9,23,0,32,0,0,33,2,35,0,9,56,2,67,30,0,30,97
12/09/2004,BDR,CT,ANE,EN,Federal Contract Tower,0,4,36,2,42,0,0,67,0,67,0,4,103,2,109,128,0,128,237
12/10/2004,BDR,CT,ANE,EN,Federal Contract Tower,0,7,32,0,39,0,0,0,0,0,0,7,32,0,39,0,0,0,39
12/11/2004,BDR,CT,ANE,EN,Federal Contract Tower,0,0,24,0,24,0,0,1,0,1,0,0,25,0,25,8,0,8,33
12/12/2004,BDR,CT,ANE,EN,Federal Contract Tower,0,0,14,0,14,0,0,90,4,94,0,0,104,4,108,148,0,148,256
12/13/2004,BDR,CT,ANE,EN,Federal Contract Tower,0,5,26,0,31,0,0,14,0,14,0,5,40,0,45,14,0,14,59
12/14/2004,BDR,CT,ANE,EN,Federal Contract Tower,0,9,11,0,20,0,0,49,2,51,0,9,60,2,71,48,0,48,119
12/15/2004,BDR,CT,ANE,EN,Federal Contract Tower,0,2,10,0,12,0,0,38,8,46,0,2,48,8,58,68,0,68,126
12/16/2004,BDR,CT,ANE,EN,Federal Contract Tower,0,13,24,0,37,0,0,76,0,76,0,13,100,0,113,116,0,116,229
12/17/2004,BDR,CT,ANE,EN,Federal Contract Tower,0,1,21,4,26,0,3,54,0,57,0,4,75,4,83,48,0,48,131
12/18/2004,BDR,CT,ANE,EN,Federal Contract Tower,0,4,11,0,15,0,0,102,2,104,0,4,113,2,119,198,0,198,317
12/19/2004,BDR,CT,ANE,EN,Federal Contract Tower,0,1,18,0,19,0,0,29,0,29,0,1,47,0,48,24,0,24,72
12/20/2004,BDR,CT,ANE,EN,Federal Contract Tower,0,1,13,0,14,0,0,6,0,6,0,1,19,0,20,2,0,2,22
12/21/2004,BDR,CT,ANE,EN,Federal Contract Tower,0,4,15,0,19,0,0,42,0,42,0,4,57,0,61,92,0,92,153
12/22/2004,BDR,CT,ANE,EN,Federal Contract Tower,0,2,14,0,16,0,1,94,2,97,0,3,108,2,113,137,0,137,250
12/23/2004,BDR,CT,ANE,EN,Federal Contract Tower,0,4,20,0,24,0,0,7,0,7,0,4,27,0,31,0,0,0,31
12/24/2004,BDR,CT,ANE,EN,Federal Contract Tower,0,4,5,0,9,0,0,32,0,32,0,4,37,0,41,42,0,42,83
12/25/2004,BDR,CT,ANE,EN,Federal Contract Tower,0,0,3,0,3,0,0,31,0,31,0,0,34,0,34,34,0,34,68
12/26/2004,BDR,CT,ANE,EN,Federal Contract Tower,0,1,21,0,22,0,0,19,0,19,0,1,40,0,41,24,0,24,65
12/27/2004,BDR,CT,ANE,EN,Federal Contract Tower,0,3,11,0,14,0,0,15,0,15,0,3,26,0,29,0,0,0,29
12/28/2004,BDR,CT,ANE,EN,Federal Contract Tower,0,5,5,0,10,0,0,41,0,41,0,5,46,0,51,72,0,72,123
12/29/2004,BDR,CT,ANE,EN,Federal Contract Tower,0,5,13,0,18,0,0,36,2,38,0,5,49,2,56,84,0,84,140
12/30/2004,BDR,CT,ANE,EN,Federal Contract Tower,0,3,15,0,18,0,0,84,0,84,0,3,99,0,102,148,0,148,250
12/31/2004,BDR,CT,ANE,EN,Federal Contract Tower,0,2,10,0,12,0,0,38,2,40,0,2,48,2,52,72,0,72,124
01/01/2005,BDR,CT,ANE,EN,Federal Contract Tower,0,5,6,0,11,0,0,69,2,71,0,5,75,2,82,46,0,46,128
01/02/2005,BDR,CT,ANE,EN,Federal Contract Tower,0,8,40,0,48,0,0,66,0,66,0,8,106,0,114,150,0,150,264
01/03/2005,BDR,CT,ANE,EN,Federal Contract Tower,0,4,20,0,24,0,0,14,0,14,0,4,34,0,38,14,0,14,52
01/04/2005,BDR,CT,ANE,EN,Federal Contract Tower,0,4,19,0,23,0,0,18,0,18,0,4,37,0,41,56,0,56,97
01/05/2005,BDR,CT,ANE,EN,Federal Contract Tower,0,3,7,4,14,0,0,2,0,2,0,3,9,4,16,8,0,8,24
01/06/2005,BDR,CT,ANE,EN,Federal Contract Tower,0,1,6,2,9,0,0,0,0,0,0,1,6,2,9,0,0,0,9
01/07/2005,BDR,CT,ANE,EN,Federal Contract Tower,0,2,8,2,12,0,2,52,6,60,0,4,60,8,72,56,0,56,128
01/08/2005,BDR,CT,ANE,EN,Federal Contract Tower,0,1,4,0,5,0,0,0,0,0,0,1,4,0,5,6,0,6,11
01/09/2005,BDR,CT,ANE,EN,Federal Contract Tower,0,2,18,0,20,0,0,113,0,113,0,2,131,0,133,240,0,240,373
01/10/2005,BDR,CT,ANE,EN,Federal Contract Tower,0,4,28,2,34,0,0,9,0,9,0,4,37,2,43,34,0,34,77
01/11/2005,BDR,CT,ANE,EN,Federal Contract Tower,0,2,15,0,17,0,0,18,0,18,0,2,33,0,35,0,0,0,35
01/12/2005,BDR,CT,ANE,EN,Federal Contract Tower,0,7,11,4,22,0,0,0,0,0,0,7,11,4,22,0,0,0,22
01/13/2005,BDR,CT,ANE,EN,Federal Contract Tower,0,0,8,0,8,0,0,0,0,0,0,0,8,0,8,0,0,0,8
01/14/2005,BDR,CT,ANE,EN,Federal Contract Tower,0,6,19,0,25,0,0,2,0,2,0,6,21,0,27,0,0,0,27
01/15/2005,BDR,CT,ANE,EN,Federal Contract Tower,0,2,15,0,17,0,0,105,0,105,0,2,120,0,122,236,0,236,358
01/16/2005,BDR,CT,ANE,EN,Federal Contract Tower,0,2,12,0,14,0,0,43,0,43,0,2,55,0,57,88,0,88,145
01/17/2005,BDR,CT,ANE,EN,Federal Contract Tower,0,1,11,0,12,0,1,21,0,22,0,2,32,0,34,0,0,0,34
01/18/2005,BDR,CT,ANE,EN,Federal Contract Tower,0,1,19,0,20,0,1,20,0,21,0,2,39,0,41,4,6,10,51
01/19/2005,BDR,CT,ANE,EN,Federal Contract Tower,0,2,21,0,23,0,0,14,2,16,0,2,35,2,39,22,0,22,61
01/20/2005,BDR,CT,ANE,EN,Federal Contract Tower,0,12,17,0,29,0,0,61,2,63,0,12,78,2,92,42,0,42,134
01/21/2005,BDR,CT,ANE,EN,Federal Contract Tower,0,3,10,4,17,0,0,41,6,47,0,3,51,10,64,16,0,16,80
01/22/2005,BDR,CT,ANE,EN,Federal Contract Tower,0,0,11,0,11,0,0,15,0,15,0,0,26,0,26,4,0,4,30
01/23/2005,BDR,CT,ANE,EN,Federal Contract Tower,0,0,2,0,2,0,0,2,0,2,0,0,4,0,4,0,0,0,4
01/24/2005,BDR,CT,ANE,EN,Federal Contract Tower,0,0,13,0,13,0,0,27,0,27,0,0,40,0,40,38,0,38,78
01/25/2005,BDR,CT,ANE,EN,Federal Contract Tower,0,4,14,0,18,0,0,56,2,58,0,4,70,2,76,74,0,74,150
01/26/2005,BDR,CT,ANE,EN,Federal Contract Tower,0,2,7,2,11,0,0,0,0,0,0,2,7,2,11,0,0,0,11
01/27/2005,BDR,CT,ANE,EN,Federal Contract Tower,0,5,15,0,20,0,0,42,0,42,0,5,57,0,62,46,2,48,110
01/28/2005,BDR,CT,ANE,EN,Federal Contract Tower,0,4,14,2,20,0,0,56,0,56,0,4,70,2,76,64,0,64,140
01/29/2005,BDR,CT,ANE,EN,Federal Contract Tower,0,1,12,0,13,0,0,70,0,70,0,1,82,0,83,178,0,178,261
01/30/2005,BDR,CT,ANE,EN,Federal Contract Tower,0,4,13,0,17,0,0,87,0,87,0,4,100,0,104,156,0,156,260
01/31/2005,BDR,CT,ANE,EN,Federal Contract Tower,0,2,8,0,10,0,1,43,0,44,0,3,51,0,54,56,0,56,110
02/01/2005,BDR,CT,ANE,EN,Federal Contract Tower,0,6,11,0,17,0,0,69,4,73,0,6,80,4,90,132,0,132,222
02/02/2005,BDR,CT,ANE,EN,Federal Contract Tower,0,9,20,0,29,0,0,85,4,89,0,9,105,4,118,142,0,142,260
02/03/2005,BDR,CT,ANE,EN,Federal Contract Tower,0,9,16,2,27,0,0,62,0,62,0,9,78,2,89,152,0,152,241
02/04/2005,BDR,CT,ANE,EN,Federal Contract Tower,0,1,14,0,15,0,0,22,0,22,0,1,36,0,37,16,0,16,53
02/05/2005,BDR,CT,ANE,EN,Federal Contract Tower,0,3,12,0,15,0,1,143,2,146,0,4,155,2,161,230,0,230,391
02/06/2005,BDR,CT,ANE,EN,Federal Contract Tower,0,4,18,0,22,0,0,130,0,130,0,4,148,0,152,226,0,226,378
02/07/2005,BDR,CT,ANE,EN,Federal Contract Tower,0,4,16,3,23,0,0,43,0,43,0,4,59,3,66,112,0,112,178
02/08/2005,BDR,CT,ANE,EN,Federal Contract Tower,0,8,12,2,22,0,0,70,0,70,0,8,82,2,92,98,0,98,190
02/09/2005,BDR,CT,ANE,EN,Federal Contract Tower,0,5,20,0,25,0,0,53,4,57,0,5,73,4,82,68,0,68,150
02/10/2005,BDR,CT,ANE,EN,Federal Contract Tower,0,4,7,4,15,0,0,5,0,5,0,4,12,4,20,0,0,0,20
02/11/2005,BDR,CT,ANE,EN,Federal Contract Tower,0,7,6,2,15,0,0,31,2,33,0,7,37,4,48,12,0,12,60
02/12/2005,BDR,CT,ANE,EN,Federal Contract Tower,0,1,21,0,22,0,0,63,4,67,0,1,84,4,89,142,0,142,231
02/13/2005,BDR,CT,ANE,EN,Federal Contract Tower,0,2,14,0,16,0,0,101,0,101,0,2,115,0,117,130,0,130,247
02/14/2005,BDR,CT,ANE,EN,Federal Contract Tower,0,4,11,0,15,0,40,13,0,53,0,44,24,0,68,6,0,6,74
02/15/2005,BDR,CT,ANE,EN,Federal Contract Tower,0,2,11,2,15,0,0,86,0,86,0,2,97,2,101,130,0,130,231
02/16/2005,BDR,CT,ANE,EN,Federal Contract Tower,0,5,15,3,23,0,0,22,1,23,0,5,37,4,46,14,0,14,60
02/17/2005,BDR,CT,ANE,EN,Federal Contract Tower,0,5,18,0,23,0,1,73,6,80,0,6,91,6,103,150,0,150,253
02/18/2005,BDR,CT,ANE,EN,Federal Contract Tower,0,8,31,0,39,0,0,25,0,25,0,8,56,0,64,50,0,50,114
02/19/2005,BDR,CT,ANE,EN,Federal Contract Tower,0,0,17,0,17,0,0,104,1,105,0,0,121,1,122,160,0,160,282
02/20/2005,BDR,CT,ANE,EN,Federal Contract Tower,0,0,13,0,13,0,0,80,6,86,0,0,93,6,99,170,0,170,269
02/21/2005,BDR,CT,ANE,EN,Federal Contract Tower,0,3,6,0,9,0,0,0,0,0,0,3,6,0,9,0,0,0,9
02/22/2005,BDR,CT,ANE,EN,Federal Contract Tower,0,6,20,0,26,0,0,28,4,32,0,6,48,4,58,90,0,90,148
02/23/2005,BDR,CT,ANE,EN,Federal Contract Tower,0,7,9,0,16,0,0,39,6,45,0,7,48,6,61,68,0,68,129
02/24/2005,BDR,CT,ANE,EN,Federal Contract Tower,0,3,16,0,19,0,0,26,2,28,0,3,42,2,47,50,0,50,97
02/25/2005,BDR,CT,ANE,EN,Federal Contract Tower,0,1,13,0,14,0,0,40,0,40,0,1,53,0,54,132,0,132,186
02/26/2005,BDR,CT,ANE,EN,Federal Contract Tower,0,0,18,0,18,0,0,51,1,52,0,0,69,1,70,122,0,122,192
02/27/2005,BDR,CT,ANE,EN,Federal Contract Tower,0,4,21,0,25,0,1,95,0,96,0,5,116,0,121,204,0,204,325
02/28/2005,BDR,CT,ANE,EN,Federal Contract Tower,0,2,15,0,17,0,0,6,4,10,0,2,21,4,27,6,0,6,33
03/01/2005,BDR,CT,ANE,EN,Federal Contract Tower,0,3,9,2,14,0,0,6,0,6,0,3,15,2,20,0,0,0,20
03/02/2005,BDR,CT,ANE,EN,Federal Contract Tower,0,5,8,0,13,0,0,29,2,31,0,5,37,2,44,26,0,26,70
03/03/2005,BDR,CT,ANE,EN,Federal Contract Tower,0,14,18,4,36,0,0,39,4,43,0,14,57,8,79,18,0,18,97
03/04/2005,BDR,CT,ANE,EN,Federal Contract Tower,0,6,27,2,35,0,0,57,2,59,0,6,84,4,94,126,0,126,220
03/05/2005,BDR,CT,ANE,EN,Federal Contract Tower,0,1,14,0,15,0,0,145,6,151,0,1,159,6,166,202,0,202,368
03/06/2005,BDR,CT,ANE,EN,Federal Contract Tower,0,2,23,0,25,0,0,75,0,75,0,2,98,0,100,116,0,116,216
03/07/2005,BDR,CT,ANE,EN,Federal Contract Tower,0,7,16,0,23,0,0,27,0,27,0,7,43,0,50,82,0,82,132
03/08/2005,BDR,CT,ANE,EN,Federal Contract Tower,0,1,6,0,7,0,0,1,0,1,0,1,7,0,8,0,0,0,8
03/09/2005,BDR,CT,ANE,EN,Federal Contract Tower,0,11,8,2,21,0,0,13,0,13,0,11,21,2,34,2,0,2,36
03/10/2005,BDR,CT,ANE,EN,Federal Contract Tower,0,9,11,2,22,0,0,43,0,43,0,9,54,2,65,126,0,126,191
03/11/2005,BDR,CT,ANE,EN,Federal Contract Tower,0,4,22,0,26,0,0,0,0,0,0,4,22,0,26,0,0,0,26
03/12/2005,BDR,CT,ANE,EN,Federal Contract Tower,0,3,12,0,15,0,0,21,0,21,0,3,33,0,36,70,0,70,106
03/13/2005,BDR,CT,ANE,EN,Federal Contract Tower,0,2,9,0,11,0,1,65,2,68,0,3,74,2,79,190,0,190,269
03/14/2005,BDR,CT,ANE,EN,Federal Contract Tower,0,2,9,0,11,0,1,65,2,68,0,3,74,2,79,190,0,190,269
03/15/2005,BDR,CT,ANE,EN,Federal Contract Tower,0,6,17,0,23,0,0,63,2,65,0,6,80,2,88,40,0,40,128
03/16/2005,BDR,CT,ANE,EN,Federal Contract Tower,0,9,14,0,23,0,0,59,4,63,0,9,73,4,86,144,0,144,230
03/17/2005,BDR,CT,ANE,EN,Federal Contract Tower,0,9,11,0,20,0,0,61,2,63,0,9,72,2,83,160,4,164,247
03/18/2005,BDR,CT,ANE,EN,Federal Contract Tower,0,14,10,0,24,0,0,87,0,87,0,14,97,0,111,126,2,128,239
03/19/2005,BDR,CT,ANE,EN,Federal Contract Tower,0,5,13,0,18,0,0,115,0,115,0,5,128,0,133,212,0,212,345
03/20/2005,BDR,CT,ANE,EN,Federal Contract Tower,0,2,10,0,12,0,0,10,2,12,0,2,20,2,24,0,0,0,24
03/21/2005,BDR,CT,ANE,EN,Federal Contract Tower,0,1,14,0,15,0,0,13,0,13,0,1,27,0,28,0,0,0,28
03/22/2005,BDR,CT,ANE,EN,Federal Contract Tower,0,6,26,2,34,0,0,77,4,81,0,6,103,6,115,246,0,246,361
03/23/2005,BDR,CT,ANE,EN,Federal Contract Tower,0,5,11,2,18,0,1,5,0,6,0,6,16,2,24,6,0,6,30
03/24/2005,BDR,CT,ANE,EN,Federal Contract Tower,0,2,16,2,20,0,0,35,2,37,0,2,51,4,57,4,0,4,61
03/25/2005,BDR,CT,ANE,EN,Federal Contract Tower,0,2,15,0,17,0,0,59,2,61,0,2,74,2,78,176,0,176,254
03/26/2005,BDR,CT,ANE,EN,Federal Contract Tower,0,1,16,0,17,0,0,149,0,149,0,1,165,0,166,206,0,206,372
03/27/2005,BDR,CT,ANE,EN,Federal Contract Tower,0,4,15,0,19,0,0,59,0,59,0,4,74,0,78,40,0,40,118
03/28/2005,BDR,CT,ANE,EN,Federal Contract Tower,0,10,15,0,25,0,0,0,0,0,0,10,15,0,25,0,0,0,25
03/29/2005,BDR,CT,ANE,EN,Federal Contract Tower,0,5,29,4,38,0,0,14,2,16,0,5,43,6,54,8,2,10,64
03/30/2005,BDR,CT,ANE,EN,Federal Contract Tower,0,9,21,2,32,0,0,114,10,124,0,9,135,12,156,226,4,230,386
03/31/2005,BDR,CT,ANE,EN,Federal Contract Tower,0,2,16,0,18,0,0,98,0,98,0,2,114,0,116,156,2,158,274
04/01/2005,BDR,CT,ANE,EN,Federal Contract Tower,0,8,39,4,51,0,0,8,4,12,0,8,47,8,63,8,0,8,71
04/02/2005,BDR,CT,ANE,EN,Federal Contract Tower,0,0,2,0,2,0,0,0,0,0,0,0,2,0,2,0,0,0,2
04/03/2005,BDR,CT,ANE,EN,Federal Contract Tower,0,1,26,0,27,0,0,21,0,21,0,1,47,0,48,70,0,70,118
04/04/2005,BDR,CT,ANE,EN,Federal Contract Tower,0,3,14,0,17,0,0,16,0,16,0,3,30,0,33,10,0,10,43
04/05/2005,BDR,CT,ANE,EN,Federal Contract Tower,0,2,23,0,25,0,0,90,0,90,0,2,113,0,115,218,0,218,333
04/06/2005,BDR,CT,ANE,EN,Federal Contract Tower,0,4,11,0,15,0,0,87,2,89,0,4,98,2,104,166,0,166,270
04/07/2005,BDR,CT,ANE,EN,Federal Contract Tower,0,10,16,2,28,0,0,47,2,49,0,10,63,4,77,76,6,82,159
04/08/2005,BDR,CT,ANE,EN,Federal Contract Tower,0,5,23,1,29,0,0,49,3,52,0,5,72,4,81,148,0,148,229
04/09/2005,BDR,CT,ANE,EN,Federal Contract Tower,0,4,13,0,17,0,0,124,1,125,0,4,137,1,142,252,2,254,396
04/10/2005,BDR,CT,ANE,EN,Federal Contract Tower,0,3,16,0,19,0,0,143,0,143,0,3,159,0,162,173,0,173,335
04/11/2005,BDR,CT,ANE,EN,Federal Contract Tower,0,7,12,2,21,0,0,66,0,66,0,7,78,2,87,116,0,116,203
04/12/2005,BDR,CT,ANE,EN,Federal Contract Tower,0,10,7,0,17,0,0,92,0,92,0,10,99,0,109,158,0,158,267
04/13/2005,BDR,CT,ANE,EN,Federal Contract Tower,0,5,19,2,26,0,0,70,2,72,0,5,89,4,98,102,2,104,202
04/14/2005,BDR,CT,ANE,EN,Federal Contract Tower,0,9,21,0,30,0,0,90,9,99,0,9,111,9,129,204,0,204,333
04/15/2005,BDR,CT,ANE,EN,Federal Contract Tower,0,6,12,0,18,0,1,95,4,100,0,7,107,4,118,140,0,140,258
04/16/2005,BDR,CT,ANE,EN,Federal Contract Tower,0,4,19,0,23,0,0,113,10,123,0,4,132,10,146,160,0,160,306
04/17/2005,BDR,CT,ANE,EN,Federal Contract Tower,0,2,7,0,9,0,0,146,0,146,0,2,153,0,155,143,0,143,298
04/18/2005,BDR,CT,ANE,EN,Federal Contract Tower,0,5,13,0,18,0,0,81,2,83,0,5,94,2,101,148,0,148,249
04/19/2005,BDR,CT,ANE,EN,Federal Contract Tower,0,7,23,3,33,0,0,97,0,97,0,7,120,3,130,202,0,202,332
04/20/2005,BDR,CT,ANE,EN,Federal Contract Tower,0,4,12,0,16,0,0,78,12,90,0,4,90,12,106,156,0,156,262
04/21/2005,BDR,CT,ANE,EN,Federal Contract Tower,0,7,15,0,22,0,0,77,2,79,0,7,92,2,101,112,0,112,213
04/22/2005,BDR,CT,ANE,EN,Federal Contract Tower,0,4,22,0,26,0,0,83,4,87,0,4,105,4,113,144,0,144,257
04/23/2005,BDR,CT,ANE,EN,Federal Contract Tower,0,2,9,0,11,0,0,8,0,8,0,2,17,0,19,0,0,0,19
04/24/2005,BDR,CT,ANE,EN,Federal Contract Tower,0,5,12,0,17,0,0,25,2,27,0,5,37,2,44,28,2,30,74
04/25/2005,BDR,CT,ANE,EN,Federal Contract Tower,0,5,44,0,49,0,0,22,2,24,0,5,66,2,73,66,0,66,139
04/26/2005,BDR,CT,ANE,EN,Federal Contract Tower,0,6,17,0,23,0,0,91,2,93,0,6,108,2,116,170,4,174,290
04/27/2005,BDR,CT,ANE,EN,Federal Contract Tower,0,1,17,2,20,0,0,0,0,0,0,1,17,2,20,0,0,0,20
04/28/2005,BDR,CT,ANE,EN,Federal Contract Tower,0,5,28,6,39,0,0,64,2,66,0,5,92,8,105,86,0,86,191
04/29/2005,BDR,CT,ANE,EN,Federal Contract Tower,0,2,14,0,16,0,0,100,0,100,0,2,114,0,116,158,0,158,274
04/30/2005,BDR,CT,ANE,EN,Federal Contract Tower,0,1,15,0,16,0,0,0,0,0,0,1,15,0,16,0,0,0,16
05/01/2005,BDR,CT,ANE,EN,Federal Contract Tower,0,4,27,0,31,0,0,59,0,59,0,4,86,0,90,160,0,160,250
05/02/2005,BDR,CT,ANE,EN,Federal Contract Tower,0,5,12,2,19,0,0,28,0,28,0,5,40,2,47,14,0,14,61
05/03/2005,BDR,CT,ANE,EN,Federal Contract Tower,0,12,18,2,32,0,0,117,5,122,0,12,135,7,154,82,4,86,240
05/04/2005,BDR,CT,ANE,EN,Federal Contract Tower,0,9,18,0,27,0,0,82,4,86,0,9,100,4,113,142,0,142,255
05/05/2005,BDR,CT,ANE,EN,Federal Contract Tower,0,15,16,0,31,0,0,116,2,118,0,15,132,2,149,168,0,168,317
05/06/2005,BDR,CT,ANE,EN,Federal Contract Tower,0,14,23,0,37,0,1,73,4,78,0,15,96,4,115,104,0,104,219
05/07/2005,BDR,CT,ANE,EN,Federal Contract Tower,0,3,2,0,5,0,0,8,0,8,0,3,10,0,13,22,0,22,35
05/08/2005,BDR,CT,ANE,EN,Federal Contract Tower,0,0,17,0,17,0,0,15,8,23,0,0,32,8,40,12,0,12,52
05/09/2005,BDR,CT,ANE,EN,Federal Contract Tower,0,8,18,0,26,0,0,83,6,89,0,8,101,6,115,180,10,190,305
05/10/2005,BDR,CT,ANE,EN,Federal Contract Tower,0,4,12,4,20,0,0,106,0,106,0,4,118,4,126,132,0,132,258
05/11/2005,BDR,CT,ANE,EN,Federal Contract Tower,0,9,30,0,39,0,0,98,10,108,0,9,128,10,147,164,0,164,311
05/12/2005,BDR,CT,ANE,EN,Federal Contract Tower,0,13,14,2,29,0,0,67,4,71,0,13,81,6,100,50,0,50,150
05/13/2005,BDR,CT,ANE,EN,Federal Contract Tower,0,10,16,4,30,0,0,125,4,129,0,10,141,8,159,172,0,172,331
05/14/2005,BDR,CT,ANE,EN,Federal Contract Tower,0,1,16,2,19,0,0,123,4,127,0,1,139,6,146,160,0,160,306
05/15/2005,BDR,CT,ANE,EN,Federal Contract Tower,0,7,22,0,29,0,0,26,0,26,0,7,48,0,55,64,0,64,119
05/16/2005,BDR,CT,ANE,EN,Federal Contract Tower,0,1,2,0,3,0,12,49,2,63,0,13,51,2,66,50,0,50,116
05/17/2005,BDR,CT,ANE,EN,Federal Contract Tower,0,8,28,5,41,0,0,101,0,101,0,8,129,5,142,196,0,196,338
05/18/2005,BDR,CT,ANE,EN,Federal Contract Tower,0,11,28,2,41,0,0,94,11,105,0,11,122,13,146,172,0,172,318
05/19/2005,BDR,CT,ANE,EN,Federal Contract Tower,0,17,18,2,37,0,0,102,3,105,0,17,120,5,142,168,0,168,310
05/20/2005,BDR,CT,ANE,EN,Federal Contract Tower,0,4,16,0,20,0,0,63,6,69,0,4,79,6,89,44,0,44,133
05/21/2005,BDR,CT,ANE,EN,Federal Contract Tower,0,2,19,0,21,0,0,89,2,91,0,2,108,2,112,128,0,128,240
05/22/2005,BDR,CT,ANE,EN,Federal Contract Tower,0,6,43,0,49,0,0,15,0,15,0,6,58,0,64,14,0,14,78
05/23/2005,BDR,CT,ANE,EN,Federal Contract Tower,0,7,20,0,27,0,0,54,0,54,0,7,74,0,81,92,0,92,173
05/24/2005,BDR,CT,ANE,EN,Federal Contract Tower,0,7,31,0,38,0,0,7,0,7,0,7,38,0,45,16,0,16,61
05/25/2005,BDR,CT,ANE,EN,Federal Contract Tower,0,5,30,0,35,0,0,8,0,8,0,5,38,0,43,0,0,0,43
05/26/2005,BDR,CT,ANE,EN,Federal Contract Tower,0,11,44,1,56,0,0,25,3,28,0,11,69,4,84,14,0,14,98
05/27/2005,BDR,CT,ANE,EN,Federal Contract Tower,0,8,36,0,44,0,0,104,4,108,0,8,140,4,152,158,0,158,310
05/28/2005,BDR,CT,ANE,EN,Federal Contract Tower,0,0,15,0,15,0,0,80,2,82,0,0,95,2,97,140,0,140,237
05/29/2005,BDR,CT,ANE,EN,Federal Contract Tower,0,1,9,0,10,0,0,85,8,93,0,1,94,8,103,160,0,160,263
05/30/2005,BDR,CT,ANE,EN,Federal Contract Tower,0,7,17,0,24,0,0,0,0,0,0,7,17,0,24,190,0,190,214
05/31/2005,BDR,CT,ANE,EN,Federal Contract Tower,0,6,21,4,31,0,4,47,0,51,0,10,68,4,82,144,0,144,226
06/01/2005,BDR,CT,ANE,EN,Federal Contract Tower,0,9,70,2,81,0,0,64,6,70,0,9,134,8,151,88,0,88,239
06/02/2005,BDR,CT,ANE,EN,Federal Contract Tower,0,10,35,0,45,0,0,45,0,45,0,10,80,0,90,44,0,44,134
06/03/2005,BDR,CT,ANE,EN,Federal Contract Tower,0,11,39,2,52,0,0,84,0,84,0,11,123,2,136,130,0,130,266
06/04/2005,BDR,CT,ANE,EN,Federal Contract Tower,0,3,25,0,28,0,0,137,0,137,0,3,162,0,165,120,8,128,293
06/05/2005,BDR,CT,ANE,EN,Federal Contract Tower,0,1,18,0,19,0,0,275,10,285,0,1,293,10,304,190,0,190,494
06/06/2005,BDR,CT,ANE,EN,Federal Contract Tower,0,3,29,4,36,0,0,27,0,27,0,3,56,4,63,16,4,20,83
06/07/2005,BDR,CT,ANE,EN,Federal Contract Tower,0,8,15,2,25,0,0,64,0,64,0,8,79,2,89,104,0,104,193
06/08/2005,BDR,CT,ANE,EN,Federal Contract Tower,0,0,18,0,18,0,3,153,8,164,0,3,171,8,182,196,0,196,378
06/09/2005,BDR,CT,ANE,EN,Federal Contract Tower,0,8,18,0,26,0,0,83,6,89,0,8,101,6,115,180,10,190,305
06/10/2005,BDR,CT,ANE,EN,Federal Contract Tower,0,4,40,2,46,0,0,32,0,32,0,4,72,2,78,4,0,4,82
06/11/2005,BDR,CT,ANE,EN,Federal Contract Tower,0,0,0,0,0,0,6,55,0,61,0,6,55,0,61,112,0,112,173
06/12/2005,BDR,CT,ANE,EN,Federal Contract Tower,0,5,28,0,33,0,0,40,0,40,0,5,68,0,73,82,0,82,155
06/13/2005,BDR,CT,ANE,EN,Federal Contract Tower,0,3,22,1,26,0,0,75,1,76,0,3,97,2,102,58,0,58,160
06/14/2005,BDR,CT,ANE,EN,Federal Contract Tower,0,4,15,0,19,0,0,56,4,60,0,4,71,4,79,64,4,68,147
06/15/2005,BDR,CT,ANE,EN,Federal Contract Tower,0,10,38,0,48,0,0,26,6,32,0,10,64,6,80,6,0,6,86
06/16/2005,BDR,CT,ANE,EN,Federal Contract Tower,0,6,57,2,65,0,0,1,0,1,0,6,58,2,66,2,0,2,68
06/17/2005,BDR,CT,ANE,EN,Federal Contract Tower,0,6,27,0,33,0,1,120,33,154,0,7,147,33,187,98,4,102,289
06/18/2005,BDR,CT,ANE,EN,Federal Contract Tower,0,4,29,0,33,0,0,97,0,97,0,4,126,0,130,224,0,224,354
06/19/2005,BDR,CT,ANE,EN,Federal Contract Tower,0,4,21,0,25,0,0,139,0,139,0,4,160,0,164,122,0,122,286
06/20/2005,BDR,CT,ANE,EN,Federal Contract Tower,0,6,20,4,30,0,0,105,0,105,0,6,125,4,135,182,0,182,317
06/21/2005,BDR,CT,ANE,EN,Federal Contract Tower,0,12,21,4,37,0,0,114,4,118,0,12,135,8,155,154,0,154,309
06/22/2005,BDR,CT,ANE,EN,Federal Contract Tower,0,8,16,0,24,0,0,74,6,80,0,8,90,6,104,126,0,126,230
06/23/2005,BDR,CT,ANE,EN,Federal Contract Tower,0,6,33,0,39,0,2,137,2,141,0,8,170,2,180,186,0,186,366
06/24/2005,BDR,CT,ANE,EN,Federal Contract Tower,0,6,29,0,35,0,2,120,0,122,0,8,149,0,157,133,2,135,292
06/25/2005,BDR,CT,ANE,EN,Federal Contract Tower,0,2,20,0,22,0,0,128,2,130,0,2,148,2,152,122,0,122,274
06/26/2005,BDR,CT,ANE,EN,Federal Contract Tower,0,3,24,0,27,0,0,89,0,89,0,3,113,0,116,44,0,44,160
06/27/2005,BDR,CT,ANE,EN,Federal Contract Tower,0,3,61,0,64,0,0,12,0,12,0,3,73,0,76,0,0,0,76
06/28/2005,BDR,CT,ANE,EN,Federal Contract Tower,0,7,28,0,35,0,3,27,0,30,0,10,55,0,65,12,8,20,85
06/29/2005,BDR,CT,ANE,EN,Federal Contract Tower,0,9,27,0,36,0,6,47,0,53,0,15,74,0,89,92,0,92,181
06/30/2005,BDR,CT,ANE,EN,Federal Contract Tower,0,13,47,2,62,0,0,25,4,29,0,13,72,6,91,6,0,6,97
07/01/2005,BDR,CT,ANE,EN,Federal Contract Tower,0,7,58,0,65,0,0,41,0,41,0,7,99,0,106,62,0,62,168
07/02/2005,BDR,CT,ANE,EN,Federal Contract Tower,0,2,27,0,29,0,0,91,0,91,0,2,118,0,120,166,0,166,286
07/03/2005,BDR,CT,ANE,EN,Federal Contract Tower,0,3,14,0,17,0,0,129,0,129,0,3,143,0,146,216,0,216,362
07/04/2005,BDR,CT,ANE,EN,Federal Contract Tower,0,4,15,0,19,0,0,134,0,134,0,4,149,0,153,42,0,42,195
07/05/2005,BDR,CT,ANE,EN,Federal Contract Tower,0,5,34,2,41,0,1,44,0,45,0,6,78,2,86,66,0,66,152
07/06/2005,BDR,CT,ANE,EN,Federal Contract Tower,0,8,32,0,40,0,0,2,0,2,0,8,34,0,42,0,0,0,42
07/07/2005,BDR,CT,ANE,EN,Federal Contract Tower,0,24,56,3,83,0,0,75,10,85,0,24,131,13,168,102,8,110,278
07/08/2005,BDR,CT,ANE,EN,Federal Contract Tower,0,4,17,0,21,0,0,5,0,5,0,4,22,0,26,0,0,0,26
07/09/2005,BDR,CT,ANE,EN,Federal Contract Tower,0,5,24,0,29,0,0,85,2,87,0,5,109,2,116,168,0,168,284
07/10/2005,BDR,CT,ANE,EN,Federal Contract Tower,0,5,15,0,20,0,0,201,0,201,0,5,216,0,221,116,0,116,337
07/11/2005,BDR,CT,ANE,EN,Federal Contract Tower,0,6,19,2,27,0,0,129,8,137,0,6,148,10,164,190,0,190,354
07/12/2005,BDR,CT,ANE,EN,Federal Contract Tower,0,4,13,2,19,0,0,127,0,127,0,4,140,2,146,178,0,178,324
07/13/2005,BDR,CT,ANE,EN,Federal Contract Tower,0,7,34,4,45,0,0,18,0,18,0,7,52,4,63,20,0,20,83
07/14/2005,BDR,CT,ANE,EN,Federal Contract Tower,0,4,31,4,39,0,3,26,0,29,0,7,57,4,68,34,2,36,104
07/15/2005,BDR,CT,ANE,EN,Federal Contract Tower,0,6,39,0,45,0,0,86,0,86,0,6,125,0,131,100,8,108,239
07/16/2005,BDR,CT,ANE,EN,Federal Contract Tower,0,2,38,0,40,0,0,7,0,7,0,2,45,0,47,18,0,18,65
07/17/2005,BDR,CT,ANE,EN,Federal Contract Tower,0,4,48,0,52,0,0,5,0,5,0,4,53,0,57,0,0,0,57
07/18/2005,BDR,CT,ANE,EN,Federal Contract Tower,0,6,42,0,48,0,0,3,0,3,0,6,45,0,51,2,0,2,53
07/19/2005,BDR,CT,ANE,EN,Federal Contract Tower,0,3,25,0,28,0,0,23,0,23,0,3,48,0,51,20,0,20,71
07/20/2005,BDR,CT,ANE,EN,Federal Contract Tower,0,13,22,0,35,0,0,121,2,123,0,13,143,2,158,164,0,164,322
07/21/2005,BDR,CT,ANE,EN,Federal Contract Tower,0,7,19,0,26,0,2,116,0,118,0,9,135,0,144,228,0,228,372
07/22/2005,BDR,CT,ANE,EN,Federal Contract Tower,0,12,27,4,43,0,0,101,0,101,0,12,128,4,144,144,0,144,288
07/23/2005,BDR,CT,ANE,EN,Federal Contract Tower,0,0,8,0,8,0,0,140,0,140,0,0,148,0,148,116,0,116,264
07/24/2005,BDR,CT,ANE,EN,Federal Contract Tower,0,7,7,0,14,0,0,136,0,136,0,7,143,0,150,130,0,130,280
07/25/2005,BDR,CT,ANE,EN,Federal Contract Tower,0,1,41,0,42,0,0,59,2,61,0,1,100,2,103,58,0,58,161
07/26/2005,BDR,CT,ANE,EN,Federal Contract Tower,0,7,33,0,40,0,8,78,0,86,0,15,111,0,126,86,0,86,212
07/27/2005,BDR,CT,ANE,EN,Federal Contract Tower,0,5,25,0,30,0,0,33,0,33,0,5,58,0,63,28,0,28,91
07/28/2005,BDR,CT,ANE,EN,Federal Contract Tower,0,13,21,2,36,0,0,105,0,105,0,13,126,2,141,164,0,164,305
07/29/2005,BDR,CT,ANE,EN,Federal Contract Tower,0,15,21,2,38,0,0,97,0,97,0,15,118,2,135,162,4,166,301
07/30/2005,BDR,CT,ANE,EN,Federal Contract Tower,0,3,19,0,22,0,0,89,4,93,0,3,108,4,115,136,0,136,251
07/31/2005,BDR,CT,ANE,EN,Federal Contract Tower,0,4,47,0,51,0,1,46,0,47,0,5,93,0,98,24,0,24,122
08/01/2005,BDR,CT,ANE,EN,Federal Contract Tower,0,1,35,0,36,0,0,74,0,74,0,1,109,0,110,100,2,102,212
08/02/2005,BDR,CT,ANE,EN,Federal Contract Tower,0,4,20,4,28,0,0,76,0,76,0,4,96,4,104,120,0,120,224
08/03/2005,BDR,CT,ANE,EN,Federal Contract Tower,0,7,14,0,21,0,0,138,0,138,0,7,152,0,159,164,0,164,323
08/04/2005,BDR,CT,ANE,EN,Federal Contract Tower,0,8,23,0,31,0,0,121,0,121,0,8,144,0,152,128,0,128,280
08/05/2005,BDR,CT,ANE,EN,Federal Contract Tower,0,7,26,0,33,0,0,62,0,62,0,7,88,0,95,68,0,68,163
08/06/2005,BDR,CT,ANE,EN,Federal Contract Tower,0,2,11,0,13,0,0,114,0,114,0,2,125,0,127,146,2,148,275
08/07/2005,BDR,CT,ANE,EN,Federal Contract Tower,0,2,23,0,25,0,1,103,0,104,0,3,126,0,129,76,0,76,205
08/08/2005,BDR,CT,ANE,EN,Federal Contract Tower,0,6,37,0,43,0,0,35,0,35,0,6,72,0,78,36,0,36,114
08/09/2005,BDR,CT,ANE,EN,Federal Contract Tower,0,12,24,0,36,0,0,56,0,56,0,12,80,0,92,126,0,126,218
08/10/2005,BDR,CT,ANE,EN,Federal Contract Tower,0,5,32,0,37,0,0,99,0,99,0,5,131,0,136,134,0,134,270
08/11/2005,BDR,CT,ANE,EN,Federal Contract Tower,0,7,17,3,27,0,2,90,0,92,0,9,107,3,119,1320,0,1320,1439
08/12/2005,BDR,CT,ANE,EN,Federal Contract Tower,0,10,26,0,36,0,0,76,2,78,0,10,102,2,114,50,0,50,164
08/13/2005,BDR,CT,ANE,EN,Federal Contract Tower,0,0,6,0,6,0,1,40,0,41,0,1,46,0,47,2,0,2,49
08/14/2005,BDR,CT,ANE,EN,Federal Contract Tower,0,7,33,0,40,0,1,14,0,15,0,8,47,0,55,6,0,6,61
08/15/2005,BDR,CT,ANE,EN,Federal Contract Tower,0,11,34,6,51,0,0,24,0,24,0,11,58,6,75,12,0,12,87
08/16/2005,BDR,CT,ANE,EN,Federal Contract Tower,0,8,25,0,33,0,0,77,0,77,0,8,102,0,110,126,0,126,236
08/17/2005,BDR,CT,ANE,EN,Federal Contract Tower,0,8,17,2,27,0,9,124,2,135,0,17,141,4,162,164,0,164,326
08/18/2005,BDR,CT,ANE,EN,Federal Contract Tower,0,6,35,0,41,0,0,114,2,116,0,6,149,2,157,160,2,162,319
08/19/2005,BDR,CT,ANE,EN,Federal Contract Tower,0,6,38,0,44,0,0,67,2,69,0,6,105,2,113,36,2,38,151
08/20/2005,BDR,CT,ANE,EN,Federal Contract Tower,0,3,28,0,31,0,27,31,0,58,0,30,59,0,89,56,0,56,145
08/21/2005,BDR,CT,ANE,EN,Federal Contract Tower,0,9,31,0,40,0,0,38,0,38,0,9,69,0,78,32,0,32,110
08/22/2005,BDR,CT,ANE,EN,Federal Contract Tower,0,12,13,0,25,0,1,128,0,129,0,13,141,0,154,148,0,148,302
08/23/2005,BDR,CT,ANE,EN,Federal Contract Tower,0,8,18,0,26,0,0,132,0,132,0,8,150,0,158,214,0,214,372
08/24/2005,BDR,CT,ANE,EN,Federal Contract Tower,0,9,14,6,29,0,0,105,4,109,0,9,119,10,138,198,0,198,336
08/25/2005,BDR,CT,ANE,EN,Federal Contract Tower,0,14,18,0,32,0,0,135,0,135,0,14,153,0,167,134,2,136,303
08/26/2005,BDR,CT,ANE,EN,Federal Contract Tower,0,9,31,2,42,0,0,132,0,132,0,9,163,2,174,80,0,80,254
08/27/2005,BDR,CT,ANE,EN,Federal Contract Tower,0,3,5,0,8,0,0,129,0,129,0,3,134,0,137,58,0,58,195
08/28/2005,BDR,CT,ANE,EN,Federal Contract Tower,0,3,20,0,23,0,0,55,0,55,0,3,75,0,78,156,0,156,234
08/29/2005,BDR,CT,ANE,EN,Federal Contract Tower,0,9,32,2,43,0,0,41,0,41,0,9,73,2,84,68,0,68,152
08/30/2005,BDR,CT,ANE,EN,Federal Contract Tower,0,16,26,0,42,0,0,5,0,5,0,16,31,0,47,0,0,0,47
08/31/2005,BDR,CT,ANE,EN,Federal Contract Tower,0,10,24,0,34,0,0,7,4,11,0,10,31,4,45,4,0,4,49
09/01/2005,BDR,CT,ANE,EN,Federal Contract Tower,0,8,24,2,34,0,1,137,0,138,0,9,161,2,172,128,0,128,300
09/02/2005,BDR,CT,ANE,EN,Federal Contract Tower,0,3,12,0,15,0,0,112,0,112,0,3,124,0,127,104,0,104,231
09/03/2005,BDR,CT,ANE,EN,Federal Contract Tower,0,1,10,0,11,0,0,158,0,158,0,1,168,0,169,172,0,172,341
09/04/2005,BDR,CT,ANE,EN,Federal Contract Tower,0,0,11,0,11,0,0,105,0,105,0,0,116,0,116,106,0,106,222
09/05/2005,BDR,CT,ANE,EN,Federal Contract Tower,0,7,20,0,27,0,0,206,0,206,0,7,226,0,233,110,0,110,343
09/06/2005,BDR,CT,ANE,EN,Federal Contract Tower,0,5,26,0,31,0,2,107,0,109,0,7,133,0,140,194,0,194,334
09/07/2005,BDR,CT,ANE,EN,Federal Contract Tower,0,11,12,0,23,0,0,110,2,112,0,11,122,2,135,74,0,74,209
09/08/2005,BDR,CT,ANE,EN,Federal Contract Tower,0,9,15,2,26,0,1,87,0,88,0,10,102,2,114,128,0,128,242
09/09/2005,BDR,CT,ANE,EN,Federal Contract Tower,0,3,34,1,38,0,0,95,0,95,0,3,129,1,133,122,0,122,255
09/10/2005,BDR,CT,ANE,EN,Federal Contract Tower,0,3,11,0,14,0,0,124,0,124,0,3,135,0,138,114,0,114,252
09/11/2005,BDR,CT,ANE,EN,Federal Contract Tower,0,2,16,0,18,0,1,143,0,144,0,3,159,0,162,166,0,166,328
09/12/2005,BDR,CT,ANE,EN,Federal Contract Tower,0,7,15,2,24,0,0,86,0,86,0,7,101,2,110,76,12,88,198
09/13/2005,BDR,CT,ANE,EN,Federal Contract Tower,0,5,20,0,25,0,0,60,2,62,0,5,80,2,87,94,6,100,187
09/14/2005,BDR,CT,ANE,EN,Federal Contract Tower,0,9,28,2,39,0,0,75,3,78,0,9,103,5,117,96,0,96,213
09/15/2005,BDR,CT,ANE,EN,Federal Contract Tower,0,7,36,2,45,0,0,5,0,5,0,7,41,2,50,0,0,0,50
09/16/2005,BDR,CT,ANE,EN,Federal Contract Tower,0,11,47,0,58,0,0,1,0,1,0,11,48,0,59,0,0,0,59
09/17/2005,BDR,CT,ANE,EN,Federal Contract Tower,0,4,19,0,23,0,0,24,0,24,0,4,43,0,47,60,0,60,107
09/18/2005,BDR,CT,ANE,EN,Federal Contract Tower,0,7,17,0,24,0,0,123,0,123,0,7,140,0,147,96,0,96,243
09/19/2005,BDR,CT,ANE,EN,Federal Contract Tower,0,11,16,2,29,0,0,100,0,100,0,11,116,2,129,102,0,102,231
09/20/2005,BDR,CT,ANE,EN,Federal Contract Tower,0,10,12,0,22,0,0,15,0,15,0,10,27,0,37,0,0,0,37
09/21/2005,BDR,CT,ANE,EN,Federal Contract Tower,0,8,18,2,28,0,0,104,2,106,0,8,122,4,134,160,2,162,296
09/22/2005,BDR,CT,ANE,EN,Federal Contract Tower,0,13,31,0,44,0,0,123,4,127,0,13,154,4,171,264,0,264,435
09/23/2005,BDR,CT,ANE,EN,Federal Contract Tower,0,7,33,0,40,0,3,66,0,69,0,10,99,0,109,92,0,92,201
09/24/2005,BDR,CT,ANE,EN,Federal Contract Tower,0,6,10,0,16,0,0,88,0,88,0,6,98,0,104,142,0,142,246
09/25/2005,BDR,CT,ANE,EN,Federal Contract Tower,0,10,25,0,35,0,0,116,2,118,0,10,141,2,153,144,0,144,297
09/26/2005,BDR,CT,ANE,EN,Federal Contract Tower,0,5,30,0,35,0,0,30,0,30,0,5,60,0,65,14,0,14,79
09/27/2005,BDR,CT,ANE,EN,Federal Contract Tower,0,14,28,0,42,0,0,63,0,63,0,14,91,0,105,112,0,112,217
09/28/2005,BDR,CT,ANE,EN,Federal Contract Tower,0,5,18,2,25,0,0,142,0,142,0,5,160,2,167,203,0,203,370
09/29/2005,BDR,CT,ANE,EN,Federal Contract Tower,0,2,21,2,25,0,0,34,0,34,0,2,55,2,59,0,0,0,59
09/30/2005,BDR,CT,ANE,EN,Federal Contract Tower,0,16,15,0,31,0,0,106,0,106,0,16,121,0,137,124,0,124,261
10/01/2005,BDR,CT,ANE,EN,Federal Contract Tower,0,3,11,0,14,0,0,96,0,96,0,3,107,0,110,166,0,166,276
10/02/2005,BDR,CT,ANE,EN,Federal Contract Tower,0,3,7,0,10,0,0,130,0,130,0,3,137,0,140,116,0,116,256
10/03/2005,BDR,CT,ANE,EN,Federal Contract Tower,0,5,33,0,38,0,0,55,8,63,0,5,88,8,101,108,0,108,209
10/04/2005,BDR,CT,ANE,EN,Federal Contract Tower,0,6,32,2,40,0,0,46,2,48,0,6,78,4,88,118,12,130,218
10/05/2005,BDR,CT,ANE,EN,Federal Contract Tower,0,8,34,1,43,0,5,35,3,43,0,13,69,4,86,22,0,22,108
10/06/2005,BDR,CT,ANE,EN,Federal Contract Tower,0,16,36,0,52,0,0,51,4,55,0,16,87,4,107,96,18,114,221
10/07/2005,BDR,CT,ANE,EN,Federal Contract Tower,0,9,61,0,70,0,5,12,2,19,0,14,73,2,89,10,0,10,99
10/08/2005,BDR,CT,ANE,EN,Federal Contract Tower,0,5,3,0,8,0,0,0,0,0,0,5,3,0,8,0,0,0,8
10/09/2005,BDR,CT,ANE,EN,Federal Contract Tower,0,1,36,0,37,0,0,0,0,0,0,1,36,0,37,0,0,0,37
10/10/2005,BDR,CT,ANE,EN,Federal Contract Tower,0,7,26,2,35,0,0,0,0,0,0,7,26,2,35,0,0,0,35
10/11/2005,BDR,CT,ANE,EN,Federal Contract Tower,0,7,36,6,49,0,2,2,2,6,0,9,38,8,55,0,0,0,55
10/12/2005,BDR,CT,ANE,EN,Federal Contract Tower,0,6,19,5,30,0,0,0,0,0,0,6,19,5,30,0,0,0,30
10/13/2005,BDR,CT,ANE,EN,Federal Contract Tower,0,7,19,0,26,0,0,0,0,0,0,7,19,0,26,2,0,2,28
10/14/2005,BDR,CT,ANE,EN,Federal Contract Tower,0,6,36,6,48,0,1,2,0,3,0,7,38,6,51,0,0,0,51
10/15/2005,BDR,CT,ANE,EN,Federal Contract Tower,0,4,16,0,20,0,3,20,0,23,0,7,36,0,43,6,0,6,49
10/16/2005,BDR,CT,ANE,EN,Federal Contract Tower,0,3,9,0,12,0,0,13,0,13,0,3,22,0,25,12,0,12,37
10/17/2005,BDR,CT,ANE,EN,Federal Contract Tower,0,3,21,0,24,0,0,55,0,55,0,3,76,0,79,80,6,86,165
10/18/2005,BDR,CT,ANE,EN,Federal Contract Tower,0,11,11,1,23,0,8,75,6,89,0,19,86,7,112,130,0,130,242
10/19/2005,BDR,CT,ANE,EN,Federal Contract Tower,0,9,12,4,25,0,2,141,10,153,0,11,153,14,178,322,0,322,500
10/20/2005,BDR,CT,ANE,EN,Federal Contract Tower,0,13,25,6,44,0,1,144,2,147,0,14,169,8,191,234,0,234,425
10/21/2005,BDR,CT,ANE,EN,Federal Contract Tower,0,4,21,0,25,0,3,85,2,90,0,7,106,2,115,115,0,115,230
10/22/2005,BDR,CT,ANE,EN,Federal Contract Tower,0,5,22,0,27,0,0,8,0,8,0,5,30,0,35,0,0,0,35
10/23/2005,BDR,CT,ANE,EN,Federal Contract Tower,0,5,19,0,24,0,0,50,0,50,0,5,69,0,74,128,0,128,202
10/24/2005,BDR,CT,ANE,EN,Federal Contract Tower,0,1,14,2,17,0,9,55,0,64,0,10,69,2,81,152,0,152,233
10/25/2005,BDR,CT,ANE,EN,Federal Contract Tower,0,4,6,0,10,0,0,0,0,0,0,4,6,0,10,0,0,0,10
10/26/2005,BDR,CT,ANE,EN,Federal Contract Tower,0,4,20,0,24,0,1,43,2,46,0,5,63,2,70,82,2,84,154
10/27/2005,BDR,CT,ANE,EN,Federal Contract Tower,0,9,18,2,29,0,0,87,4,91,0,9,105,6,120,180,0,180,300
10/28/2005,BDR,CT,ANE,EN,Federal Contract Tower,0,8,23,2,33,0,0,71,6,77,0,8,94,8,110,176,8,184,294
10/29/2005,BDR,CT,ANE,EN,Federal Contract Tower,0,0,19,0,19,0,0,88,0,88,0,0,107,0,107,216,0,216,323
10/30/2005,BDR,CT,ANE,EN,Federal Contract Tower,0,3,10,0,13,0,0,116,0,116,0,3,126,0,129,174,0,174,303
10/31/2005,BDR,CT,ANE,EN,Federal Contract Tower,0,4,10,0,14,0,0,93,0,93,0,4,103,0,107,92,0,92,199
11/01/2005,BDR,CT,ANE,EN,Federal Contract Tower,0,9,16,0,25,0,0,82,2,84,0,9,98,2,109,134,0,134,243
11/02/2005,BDR,CT,ANE,EN,Federal Contract Tower,0,5,17,0,22,0,0,45,2,47,0,5,62,2,69,82,6,88,157
11/03/2005,BDR,CT,ANE,EN,Federal Contract Tower,0,10,10,2,22,0,0,79,6,85,0,10,89,8,107,150,0,150,257
11/04/2005,BDR,CT,ANE,EN,Federal Contract Tower,0,9,18,2,29,0,0,80,4,84,0,9,98,6,113,230,0,230,343
11/05/2005,BDR,CT,ANE,EN,Federal Contract Tower,0,2,10,0,12,0,0,111,0,111,0,2,121,0,123,171,0,171,294
11/06/2005,BDR,CT,ANE,EN,Federal Contract Tower,0,8,35,0,43,0,0,7,0,7,0,8,42,0,50,10,0,10,60
11/07/2005,BDR,CT,ANE,EN,Federal Contract Tower,0,4,9,2,15,0,0,69,0,69,0,4,78,2,84,74,0,74,158
11/08/2005,BDR,CT,ANE,EN,Federal Contract Tower,0,4,17,0,21,0,0,74,12,86,0,4,91,12,107,86,0,86,193
11/09/2005,BDR,CT,ANE,EN,Federal Contract Tower,0,8,21,5,34,0,0,34,6,40,0,8,55,11,74,45,0,45,119
11/10/2005,BDR,CT,ANE,EN,Federal Contract Tower,0,10,28,0,38,0,0,24,2,26,0,10,52,2,64,6,0,6,70
11/11/2005,BDR,CT,ANE,EN,Federal Contract Tower,0,15,16,0,31,0,0,42,0,42,0,15,58,0,73,202,0,202,275
11/12/2005,BDR,CT,ANE,EN,Federal Contract Tower,0,7,7,0,14,0,0,131,0,131,0,7,138,0,145,166,0,166,311
11/13/2005,BDR,CT,ANE,EN,Federal Contract Tower,0,5,18,0,23,0,0,80,2,82,0,5,98,2,105,172,4,176,281
11/14/2005,BDR,CT,ANE,EN,Federal Contract Tower,0,2,18,0,20,0,0,58,0,58,0,2,76,0,78,152,4,156,234
11/15/2005,BDR,CT,ANE,EN,Federal Contract Tower,0,7,27,0,34,0,0,2,0,2,0,7,29,0,36,0,0,0,36
11/16/2005,BDR,CT,ANE,EN,Federal Contract Tower,0,13,15,6,34,0,3,11,4,18,0,16,26,10,52,2,4,6,58
11/17/2005,BDR,CT,ANE,EN,Federal Contract Tower,0,19,33,2,54,0,0,74,6,80,0,19,107,8,134,74,0,74,208
11/18/2005,BDR,CT,ANE,EN,Federal Contract Tower,0,9,32,0,41,0,0,56,0,56,0,9,88,0,97,192,0,192,289
11/19/2005,BDR,CT,ANE,EN,Federal Contract Tower,0,7,13,0,20,0,0,136,4,140,0,7,149,4,160,180,2,182,342
11/20/2005,BDR,CT,ANE,EN,Federal Contract Tower,0,5,21,0,26,0,0,99,0,99,0,5,120,0,125,253,0,253,378
11/21/2005,BDR,CT,ANE,EN,Federal Contract Tower,0,2,13,0,15,0,0,71,4,75,0,2,84,4,90,104,0,104,194
11/22/2005,BDR,CT,ANE,EN,Federal Contract Tower,0,2,18,0,20,0,0,0,0,0,0,2,18,0,20,0,0,0,20
11/23/2005,BDR,CT,ANE,EN,Federal Contract Tower,0,11,27,0,38,0,2,79,2,83,0,13,106,2,121,100,0,100,221
11/24/2005,BDR,CT,ANE,EN,Federal Contract Tower,0,1,1,0,2,0,0,7,6,13,0,1,8,6,15,0,0,0,15
11/25/2005,BDR,CT,ANE,EN,Federal Contract Tower,0,8,9,0,17,0,0,42,2,44,0,8,51,2,61,76,8,84,145
11/26/2005,BDR,CT,ANE,EN,Federal Contract Tower,0,0,13,0,13,0,0,73,0,73,0,0,86,0,86,220,0,220,306
11/27/2005,BDR,CT,ANE,EN,Federal Contract Tower,0,6,28,0,34,0,1,71,0,72,0,7,99,0,106,264,0,264,370
11/28/2005,BDR,CT,ANE,EN,Federal Contract Tower,0,6,21,10,37,0,0,13,8,21,0,6,34,18,58,16,0,16,74
11/29/2005,BDR,CT,ANE,EN,Federal Contract Tower,0,4,16,4,24,0,0,33,5,38,0,4,49,9,62,16,10,26,88
11/30/2005,BDR,CT,ANE,EN,Federal Contract Tower,0,8,31,0,39,0,0,18,2,20,0,8,49,2,59,34,0,34,93
12/01/2005,BDR,CT,ANE,EN,Federal Contract Tower,0,7,24,2,33,0,0,97,2,99,0,7,121,4,132,174,2,176,308
12/02/2005,BDR,CT,ANE,EN,Federal Contract Tower,0,7,10,0,17,0,1,35,0,36,0,8,45,0,53,70,0,70,123
12/03/2005,BDR,CT,ANE,EN,Federal Contract Tower,0,1,13,0,14,0,0,51,0,51,0,1,64,0,65,110,0,110,175
12/04/2005,BDR,CT,ANE,EN,Federal Contract Tower,0,2,15,0,17,0,0,3,0,3,0,2,18,0,20,0,0,0,20
12/05/2005,BDR,CT,ANE,EN,Federal Contract Tower,0,3,16,1,20,0,0,34,0,34,0,3,50,1,54,36,0,36,90
12/06/2005,BDR,CT,ANE,EN,Federal Contract Tower,0,4,15,0,19,0,0,18,0,18,0,4,33,0,37,46,0,46,83
12/07/2005,BDR,CT,ANE,EN,Federal Contract Tower,0,7,14,0,21,0,0,41,2,43,0,7,55,2,64,98,0,98,162
12/08/2005,BDR,CT,ANE,EN,Federal Contract Tower,0,9,10,0,19,0,1,74,6,81,0,10,84,6,100,122,6,128,228
12/09/2005,BDR,CT,ANE,EN,Federal Contract Tower,0,4,6,0,10,0,0,9,0,9,0,4,15,0,19,6,0,6,25
12/10/2005,BDR,CT,ANE,EN,Federal Contract Tower,0,1,5,0,6,0,0,46,0,46,0,1,51,0,52,194,0,194,246
12/11/2005,BDR,CT,ANE,EN,Federal Contract Tower,0,5,8,0,13,0,0,57,0,57,0,5,65,0,70,82,0,82,152
12/12/2005,BDR,CT,ANE,EN,Federal Contract Tower,0,10,18,2,30,0,0,52,6,58,0,10,70,8,88,100,0,100,188
12/13/2005,BDR,CT,ANE,EN,Federal Contract Tower,0,5,11,2,18,0,2,53,0,55,0,7,64,2,73,77,0,77,150
12/14/2005,BDR,CT,ANE,EN,Federal Contract Tower,0,9,14,1,24,0,0,53,3,56,0,9,67,4,80,80,2,82,162
12/15/2005,BDR,CT,ANE,EN,Federal Contract Tower,0,7,12,0,19,0,0,52,0,52,0,7,64,0,71,34,0,34,105
12/16/2005,BDR,CT,ANE,EN,Federal Contract Tower,0,3,15,0,18,0,0,20,0,20,0,3,35,0,38,22,0,22,60
12/17/2005,BDR,CT,ANE,EN,Federal Contract Tower,0,8,7,0,15,0,0,93,2,95,0,8,100,2,110,204,0,204,314
12/18/2005,BDR,CT,ANE,EN,Federal Contract Tower,0,6,14,0,20,0,0,92,0,92,0,6,106,0,112,119,0,119,231
12/19/2005,BDR,CT,ANE,EN,Federal Contract Tower,0,1,23,2,26,0,0,36,0,36,0,1,59,2,62,48,0,48,110
12/20/2005,BDR,CT,ANE,EN,Federal Contract Tower,0,6,14,0,20,0,0,53,0,53,0,6,67,0,73,142,0,142,215
12/21/2005,BDR,CT,ANE,EN,Federal Contract Tower,0,9,13,0,22,0,0,47,5,52,0,9,60,5,74,154,14,168,242
12/22/2005,BDR,CT,ANE,EN,Federal Contract Tower,0,5,9,0,14,0,0,52,1,53,0,5,61,1,67,132,2,134,201
12/23/2005,BDR,CT,ANE,EN,Federal Contract Tower,0,7,13,0,20,0,0,55,0,55,0,7,68,0,75,106,0,106,181
12/24/2005,BDR,CT,ANE,EN,Federal Contract Tower,0,5,1,0,6,0,0,48,0,48,0,5,49,0,54,78,0,78,132
12/25/2005,BDR,CT,ANE,EN,Federal Contract Tower,0,2,3,0,5,0,0,0,0,0,0,2,3,0,5,0,0,0,5
12/26/2005,BDR,CT,ANE,EN,Federal Contract Tower,0,3,32,0,35,0,0,1,0,1,0,3,33,0,36,0,0,0,36
12/27/2005,BDR,CT,ANE,EN,Federal Contract Tower,0,2,7,0,9,0,0,34,4,38,0,2,41,4,47,50,0,50,97
12/28/2005,BDR,CT,ANE,EN,Federal Contract Tower,0,10,28,0,38,0,0,71,2,73,0,10,99,2,111,124,0,124,235
12/29/2005,BDR,CT,ANE,EN,Federal Contract Tower,0,5,6,0,11,0,0,0,0,0,0,5,6,0,11,0,0,0,11
12/30/2005,BDR,CT,ANE,EN,Federal Contract Tower,0,6,9,0,15,0,0,44,0,44,0,6,53,0,59,42,2,44,103
12/31/2005,BDR,CT,ANE,EN,Federal Contract Tower,0,2,11,0,13,0,0,28,2,30,0,2,39,2,43,66,0,66,109
01/01/2006,BDR,CT,ANE,EN,Federal Contract Tower,0,2,9,0,11,0,0,29,0,29,0,2,38,0,40,52,0,52,92
01/02/2006,BDR,CT,ANE,EN,Federal Contract Tower,0,10,13,0,23,0,0,29,0,29,0,10,42,0,52,70,0,70,122
01/03/2006,BDR,CT,ANE,EN,Federal Contract Tower,0,3,10,0,13,0,0,0,0,0,0,3,10,0,13,0,0,0,13
01/04/2006,BDR,CT,ANE,EN,Federal Contract Tower,0,7,15,2,24,0,1,32,7,40,0,8,47,9,64,104,24,128,192
01/05/2006,BDR,CT,ANE,EN,Federal Contract Tower,0,5,10,1,16,0,0,11,4,15,0,5,21,5,31,26,4,30,61
01/06/2006,BDR,CT,ANE,EN,Federal Contract Tower,0,12,11,0,23,0,0,51,6,57,0,12,62,6,80,80,16,96,176
01/07/2006,BDR,CT,ANE,EN,Federal Contract Tower,0,0,9,0,9,0,3,99,0,102,0,3,108,0,111,156,0,156,267
01/08/2006,BDR,CT,ANE,EN,Federal Contract Tower,0,5,16,0,21,0,0,85,0,85,0,5,101,0,106,60,0,60,166
01/09/2006,BDR,CT,ANE,EN,Federal Contract Tower,0,11,25,2,38,0,0,101,0,101,0,11,126,2,139,234,0,234,373
01/10/2006,BDR,CT,ANE,EN,Federal Contract Tower,0,12,17,0,29,0,0,76,0,76,0,12,93,0,105,120,0,120,225
01/11/2006,BDR,CT,ANE,EN,Federal Contract Tower,0,2,18,0,20,0,0,6,0,6,0,2,24,0,26,4,0,4,30
01/12/2006,BDR,CT,ANE,EN,Federal Contract Tower,0,5,18,4,27,0,2,106,0,108,0,7,124,4,135,156,0,156,291
01/13/2006,BDR,CT,ANE,EN,Federal Contract Tower,0,1,10,0,11,0,0,0,0,0,0,1,10,0,11,2,2,4,15
01/14/2006,BDR,CT,ANE,EN,Federal Contract Tower,0,1,13,0,14,0,0,0,0,0,0,1,13,0,14,10,0,10,24
01/15/2006,BDR,CT,ANE,EN,Federal Contract Tower,0,0,3,0,3,0,0,0,0,0,0,0,3,0,3,0,0,0,3
01/16/2006,BDR,CT,ANE,EN,Federal Contract Tower,0,6,12,0,18,0,0,53,0,53,0,6,65,0,71,86,0,86,157
01/17/2006,BDR,CT,ANE,EN,Federal Contract Tower,0,5,9,2,16,0,0,44,0,44,0,5,53,2,60,105,0,105,165
01/18/2006,BDR,CT,ANE,EN,Federal Contract Tower,0,2,10,0,12,0,18,0,0,18,0,20,10,0,30,0,0,0,30
01/19/2006,BDR,CT,ANE,EN,Federal Contract Tower,0,8,18,0,26,0,0,81,6,87,0,8,99,6,113,148,2,150,263
01/20/2006,BDR,CT,ANE,EN,Federal Contract Tower,0,6,10,2,18,0,0,109,6,115,0,6,119,8,133,150,0,150,283
01/21/2006,BDR,CT,ANE,EN,Federal Contract Tower,0,2,1,0,3,0,0,94,0,94,0,2,95,0,97,208,0,208,305
01/22/2006,BDR,CT,ANE,EN,Federal Contract Tower,0,6,12,0,18,0,0,147,0,147,0,6,159,0,165,228,0,228,393
01/23/2006,BDR,CT,ANE,EN,Federal Contract Tower,0,7,13,0,20,0,0,2,0,2,0,7,15,0,22,10,0,10,32
01/24/2006,BDR,CT,ANE,EN,Federal Contract Tower,0,10,17,0,27,0,0,86,0,86,0,10,103,0,113,106,0,106,219
01/25/2006,BDR,CT,ANE,EN,Federal Contract Tower,0,5,18,4,27,0,0,44,2,46,0,5,62,6,73,136,0,136,209
01/26/2006,BDR,CT,ANE,EN,Federal Contract Tower,0,8,5,0,13,0,1,62,0,63,0,9,67,0,76,14,0,14,90
01/27/2006,BDR,CT,ANE,EN,Federal Contract Tower,0,4,19,1,24,0,14,138,0,152,0,18,157,1,176,140,2,142,318
01/28/2006,BDR,CT,ANE,EN,Federal Contract Tower,0,3,6,0,9,0,0,143,0,143,0,3,149,0,152,214,0,214,366
01/29/2006,BDR,CT,ANE,EN,Federal Contract Tower,0,3,14,0,17,0,0,57,0,57,0,3,71,0,74,76,4,80,154
01/30/2006,BDR,CT,ANE,EN,Federal Contract Tower,0,5,26,0,31,0,0,0,0,0,0,5,26,0,31,8,0,8,39
01/31/2006,BDR,CT,ANE,EN,Federal Contract Tower,0,5,11,0,16,0,0,5,0,5,0,5,16,0,21,0,0,0,21
02/01/2006,BDR,CT,ANE,EN,Federal Contract Tower,0,11,21,0,32,0,0,122,3,125,0,11,143,3,157,94,0,94,251
02/02/2006,BDR,CT,ANE,EN,Federal Contract Tower,0,7,7,0,14,0,0,109,6,115,0,7,116,6,129,190,2,192,321
02/03/2006,BDR,CT,ANE,EN,Federal Contract Tower,0,7,16,0,23,0,0,6,0,6,0,7,22,0,29,0,0,0,29
02/04/2006,BDR,CT,ANE,EN,Federal Contract Tower,0,0,12,0,12,0,0,64,0,64,0,0,76,0,76,112,0,112,188
02/05/2006,BDR,CT,ANE,EN,Federal Contract Tower,0,4,8,0,12,0,0,51,0,51,0,4,59,0,63,124,0,124,187
02/06/2006,BDR,CT,ANE,EN,Federal Contract Tower,0,1,15,0,16,0,0,28,4,32,0,1,43,4,48,12,0,12,60
02/07/2006,BDR,CT,ANE,EN,Federal Contract Tower,0,4,9,0,13,0,0,50,2,52,0,4,59,2,65,84,0,84,149
02/08/2006,BDR,CT,ANE,EN,Federal Contract Tower,0,4,26,0,30,0,0,75,0,75,0,4,101,0,105,136,0,136,241
02/09/2006,BDR,CT,ANE,EN,Federal Contract Tower,0,10,10,0,20,0,0,107,2,109,0,10,117,2,129,184,0,184,313
02/10/2006,BDR,CT,ANE,EN,Federal Contract Tower,0,5,23,4,32,0,0,68,0,68,0,5,91,4,100,126,0,126,226
02/11/2006,BDR,CT,ANE,EN,Federal Contract Tower,0,0,12,0,12,0,0,76,0,76,0,0,88,0,88,190,0,190,278
02/12/2006,BDR,CT,ANE,EN,Federal Contract Tower,0,0,0,0,0,0,0,0,0,0,0,0,0,0,0,0,0,0,0
02/13/2006,BDR,CT,ANE,EN,Federal Contract Tower,0,2,10,2,14,0,0,34,0,34,0,2,44,2,48,44,0,44,92
02/14/2006,BDR,CT,ANE,EN,Federal Contract Tower,0,8,26,0,34,0,0,63,0,63,0,8,89,0,97,175,0,175,272
02/15/2006,BDR,CT,ANE,EN,Federal Contract Tower,0,7,27,2,36,0,0,58,0,58,0,7,85,2,94,126,0,126,220
02/16/2006,BDR,CT,ANE,EN,Federal Contract Tower,0,7,20,0,27,0,0,139,0,139,0,7,159,0,166,233,0,233,399
02/17/2006,BDR,CT,ANE,EN,Federal Contract Tower,0,6,23,2,31,0,0,5,0,5,0,6,28,2,36,0,0,0,36
02/18/2006,BDR,CT,ANE,EN,Federal Contract Tower,0,0,18,0,18,0,0,18,0,18,0,0,36,0,36,46,0,46,82
02/19/2006,BDR,CT,ANE,EN,Federal Contract Tower,0,1,15,0,16,0,0,100,0,100,0,1,115,0,116,106,0,106,222
02/20/2006,BDR,CT,ANE,EN,Federal Contract Tower,0,5,12,0,17,0,0,59,0,59,0,5,71,0,76,148,0,148,224
02/21/2006,BDR,CT,ANE,EN,Federal Contract Tower,0,5,20,0,25,0,0,71,0,71,0,5,91,0,96,118,0,118,214
02/22/2006,BDR,CT,ANE,EN,Federal Contract Tower,0,3,29,0,32,0,0,76,0,76,0,3,105,0,108,118,0,118,226
02/23/2006,BDR,CT,ANE,EN,Federal Contract Tower,0,12,16,0,28,0,0,48,0,48,0,12,64,0,76,0,0,0,76
02/24/2006,BDR,CT,ANE,EN,Federal Contract Tower,0,12,0,0,12,0,0,51,0,51,0,12,51,0,63,10,0,10,73
02/25/2006,BDR,CT,ANE,EN,Federal Contract Tower,0,2,11,0,13,0,0,39,0,39,0,2,50,0,52,74,0,74,126
02/26/2006,BDR,CT,ANE,EN,Federal Contract Tower,0,0,8,0,8,0,0,25,0,25,0,0,33,0,33,44,0,44,77
02/27/2006,BDR,CT,ANE,EN,Federal Contract Tower,0,3,10,0,13,0,0,41,6,47,0,3,51,6,60,44,0,44,104
02/28/2006,BDR,CT,ANE,EN,Federal Contract Tower,0,6,9,0,15,0,1,42,0,43,0,7,51,0,58,104,0,104,162
03/01/2006,BDR,CT,ANE,EN,Federal Contract Tower,0,2,25,2,29,0,0,72,0,72,0,2,97,2,101,132,0,132,233
03/02/2006,BDR,CT,ANE,EN,Federal Contract Tower,0,5,4,0,9,0,0,7,0,7,0,5,11,0,16,0,0,0,16
03/03/2006,BDR,CT,ANE,EN,Federal Contract Tower,0,2,17,0,19,0,0,14,2,16,0,2,31,2,35,20,6,26,61
03/04/2006,BDR,CT,ANE,EN,Federal Contract Tower,0,3,9,0,12,0,0,57,0,57,0,3,66,0,69,98,0,98,167
03/05/2006,BDR,CT,ANE,EN,Federal Contract Tower,0,3,19,0,22,0,0,71,0,71,0,3,90,0,93,126,0,126,219
03/06/2006,BDR,CT,ANE,EN,Federal Contract Tower,0,2,14,0,16,0,0,79,0,79,0,2,93,0,95,130,0,130,225
03/07/2006,BDR,CT,ANE,EN,Federal Contract Tower,0,6,16,2,24,0,0,75,0,75,0,6,91,2,99,80,0,80,179
03/08/2006,BDR,CT,ANE,EN,Federal Contract Tower,0,4,21,0,25,0,0,128,0,128,0,4,149,0,153,186,0,186,339
03/09/2006,BDR,CT,ANE,EN,Federal Contract Tower,0,5,16,0,21,0,0,66,6,72,0,5,82,6,93,118,2,120,213
03/10/2006,BDR,CT,ANE,EN,Federal Contract Tower,0,5,20,0,25,0,0,42,0,42,0,5,62,0,67,4,0,4,71
03/11/2006,BDR,CT,ANE,EN,Federal Contract Tower,0,6,11,0,17,0,0,162,0,162,0,6,173,0,179,242,0,242,421
03/12/2006,BDR,CT,ANE,EN,Federal Contract Tower,0,0,24,0,24,0,0,8,0,8,0,0,32,0,32,24,0,24,56
03/13/2006,BDR,CT,ANE,EN,Federal Contract Tower,0,1,42,0,43,0,0,10,0,10,0,1,52,0,53,16,0,16,69
03/14/2006,BDR,CT,ANE,EN,Federal Contract Tower,0,3,22,0,25,0,1,26,0,27,0,4,48,0,52,0,0,0,52
03/15/2006,BDR,CT,ANE,EN,Federal Contract Tower,0,4,23,0,27,0,1,34,0,35,0,5,57,0,62,10,0,10,72
03/16/2006,BDR,CT,ANE,EN,Federal Contract Tower,0,7,16,0,23,0,0,76,2,78,0,7,92,2,101,166,2,168,269
03/17/2006,BDR,CT,ANE,EN,Federal Contract Tower,0,5,14,0,19,0,0,84,0,84,0,5,98,0,103,148,0,148,251
03/18/2006,BDR,CT,ANE,EN,Federal Contract Tower,0,0,19,0,19,0,0,89,0,89,0,0,108,0,108,190,0,190,298
03/19/2006,BDR,CT,ANE,EN,Federal Contract Tower,0,6,24,0,30,0,0,37,0,37,0,6,61,0,67,90,0,90,157
03/20/2006,BDR,CT,ANE,EN,Federal Contract Tower,0,2,21,0,23,0,0,65,0,65,0,2,86,0,88,102,0,102,190
03/21/2006,BDR,CT,ANE,EN,Federal Contract Tower,0,3,23,0,26,0,0,67,0,67,0,3,90,0,93,110,0,110,203
03/22/2006,BDR,CT,ANE,EN,Federal Contract Tower,0,6,22,4,32,0,0,46,1,47,0,6,68,5,79,66,0,66,145
03/23/2006,BDR,CT,ANE,EN,Federal Contract Tower,0,7,21,0,28,0,0,105,4,109,0,7,126,4,137,122,4,126,263
03/24/2006,BDR,CT,ANE,EN,Federal Contract Tower,0,14,22,0,36,0,2,141,8,151,0,16,163,8,187,204,0,204,391
03/25/2006,BDR,CT,ANE,EN,Federal Contract Tower,0,2,17,0,19,0,0,76,4,80,0,2,93,4,99,144,0,144,243
03/26/2006,BDR,CT,ANE,EN,Federal Contract Tower,0,5,23,0,28,0,0,44,0,44,0,5,67,0,72,94,0,94,166
03/27/2006,BDR,CT,ANE,EN,Federal Contract Tower,0,3,20,2,25,0,0,86,0,86,0,3,106,2,111,98,0,98,209
03/28/2006,BDR,CT,ANE,EN,Federal Contract Tower,0,3,23,0,26,0,0,107,0,107,0,3,130,0,133,182,0,182,315
03/29/2006,BDR,CT,ANE,EN,Federal Contract Tower,0,6,18,0,24,0,0,107,2,109,0,6,125,2,133,232,2,234,367
03/30/2006,BDR,CT,ANE,EN,Federal Contract Tower,0,6,9,2,17,0,0,128,0,128,0,6,137,2,145,210,0,210,355
03/31/2006,BDR,CT,ANE,EN,Federal Contract Tower,0,4,7,2,13,0,0,71,2,73,0,4,78,4,86,178,0,178,264
04/01/2006,BDR,CT,ANE,EN,Federal Contract Tower,0,0,16,0,16,0,1,30,6,37,0,1,46,6,53,48,6,54,107
04/02/2006,BDR,CT,ANE,EN,Federal Contract Tower,0,4,14,0,18,0,0,107,0,107,0,4,121,0,125,120,0,120,245
04/03/2006,BDR,CT,ANE,EN,Federal Contract Tower,0,4,21,2,27,0,0,49,3,52,0,4,70,5,79,80,0,80,159
04/04/2006,BDR,CT,ANE,EN,Federal Contract Tower,0,4,18,0,22,0,0,25,0,25,0,4,43,0,47,26,0,26,73
04/05/2006,BDR,CT,ANE,EN,Federal Contract Tower,0,4,25,4,33,0,0,19,4,23,0,4,44,8,56,26,0,26,82
04/06/2006,BDR,CT,ANE,EN,Federal Contract Tower,0,8,18,2,28,0,0,106,2,108,0,8,124,4,136,206,0,206,342
04/07/2006,BDR,CT,ANE,EN,Federal Contract Tower,0,6,15,0,21,0,1,68,8,77,0,7,83,8,98,44,0,44,142
04/08/2006,BDR,CT,ANE,EN,Federal Contract Tower,0,1,19,0,20,0,0,10,0,10,0,1,29,0,30,12,0,12,42
04/09/2006,BDR,CT,ANE,EN,Federal Contract Tower,0,2,26,0,28,0,0,149,0,149,0,2,175,0,177,230,0,230,407
04/10/2006,BDR,CT,ANE,EN,Federal Contract Tower,0,0,0,0,0,0,2,113,2,117,0,2,113,2,117,114,0,114,231
04/11/2006,BDR,CT,ANE,EN,Federal Contract Tower,0,7,23,4,34,0,0,98,0,98,0,7,121,4,132,250,0,250,382
04/12/2006,BDR,CT,ANE,EN,Federal Contract Tower,0,9,25,0,34,0,0,102,2,104,0,9,127,2,138,174,0,174,312
04/13/2006,BDR,CT,ANE,EN,Federal Contract Tower,0,8,18,2,28,0,1,97,0,98,0,9,115,2,126,116,8,124,250
04/14/2006,BDR,CT,ANE,EN,Federal Contract Tower,0,4,19,0,23,0,0,51,2,53,0,4,70,2,76,58,0,58,134
04/15/2006,BDR,CT,ANE,EN,Federal Contract Tower,0,0,19,0,19,0,0,39,0,39,0,0,58,0,58,54,0,54,112
04/16/2006,BDR,CT,ANE,EN,Federal Contract Tower,0,0,17,0,17,0,0,67,0,67,0,0,84,0,84,48,0,48,132
04/17/2006,BDR,CT,ANE,EN,Federal Contract Tower,0,5,27,5,37,0,0,86,2,88,0,5,113,7,125,102,0,102,227
04/18/2006,BDR,CT,ANE,EN,Federal Contract Tower,0,6,17,0,23,0,0,77,8,85,0,6,94,8,108,126,0,126,234
04/19/2006,BDR,CT,ANE,EN,Federal Contract Tower,0,3,12,2,17,0,0,89,2,91,0,3,101,4,108,94,0,94,202
04/20/2006,BDR,CT,ANE,EN,Federal Contract Tower,0,13,13,0,26,0,1,113,2,116,0,14,126,2,142,144,0,144,286
04/21/2006,BDR,CT,ANE,EN,Federal Contract Tower,0,6,30,2,38,0,2,119,2,123,0,8,149,4,161,114,0,114,275
04/22/2006,BDR,CT,ANE,EN,Federal Contract Tower,0,1,20,0,21,0,0,9,0,9,0,1,29,0,30,40,0,40,70
04/23/2006,BDR,CT,ANE,EN,Federal Contract Tower,0,0,27,0,27,0,0,0,0,0,0,0,27,0,27,0,0,0,27
04/24/2006,BDR,CT,ANE,EN,Federal Contract Tower,0,2,28,0,30,0,0,31,0,31,0,2,59,0,61,78,0,78,139
04/25/2006,BDR,CT,ANE,EN,Federal Contract Tower,0,5,16,2,23,0,0,53,0,53,0,5,69,2,76,116,0,116,192
04/26/2006,BDR,CT,ANE,EN,Federal Contract Tower,0,7,17,3,27,0,3,87,2,92,0,10,104,5,119,178,0,178,297
04/27/2006,BDR,CT,ANE,EN,Federal Contract Tower,0,7,26,0,33,0,0,88,0,88,0,7,114,0,121,164,0,164,285
04/28/2006,BDR,CT,ANE,EN,Federal Contract Tower,0,12,16,0,28,0,0,108,0,108,0,12,124,0,136,178,0,178,314
04/29/2006,BDR,CT,ANE,EN,Federal Contract Tower,0,3,12,0,15,0,0,124,0,124,0,3,136,0,139,218,0,218,357
04/30/2006,BDR,CT,ANE,EN,Federal Contract Tower,0,2,20,0,22,0,0,202,0,202,0,2,222,0,224,174,0,174,398
05/01/2006,BDR,CT,ANE,EN,Federal Contract Tower,0,5,24,6,35,0,0,69,2,71,0,5,93,8,106,54,0,54,160
05/02/2006,BDR,CT,ANE,EN,Federal Contract Tower,0,6,24,0,30,0,0,51,0,51,0,6,75,0,81,90,0,90,171
05/03/2006,BDR,CT,ANE,EN,Federal Contract Tower,0,5,24,0,29,0,0,57,0,57,0,5,81,0,86,80,0,80,166
05/04/2006,BDR,CT,ANE,EN,Federal Contract Tower,0,5,23,4,32,0,1,103,0,104,0,6,126,4,136,154,0,154,290
05/05/2006,BDR,CT,ANE,EN,Federal Contract Tower,0,16,22,0,38,0,4,140,0,144,0,20,162,0,182,182,0,182,364
05/06/2006,BDR,CT,ANE,EN,Federal Contract Tower,0,2,15,0,17,0,0,129,0,129,0,2,144,0,146,198,0,198,344
05/07/2006,BDR,CT,ANE,EN,Federal Contract Tower,0,4,31,0,35,0,0,149,0,149,0,4,180,0,184,178,0,178,362
05/08/2006,BDR,CT,ANE,EN,Federal Contract Tower,0,4,23,0,27,0,0,65,5,70,0,4,88,5,97,110,0,110,207
05/09/2006,BDR,CT,ANE,EN,Federal Contract Tower,0,4,25,2,31,0,0,42,0,42,0,4,67,2,73,34,0,34,107
05/10/2006,BDR,CT,ANE,EN,Federal Contract Tower,0,2,42,0,44,0,0,47,2,49,0,2,89,2,93,64,0,64,157
05/11/2006,BDR,CT,ANE,EN,Federal Contract Tower,0,11,36,2,49,0,0,4,0,4,0,11,40,2,53,6,0,6,59
05/12/2006,BDR,CT,ANE,EN,Federal Contract Tower,0,7,16,1,24,0,0,4,0,4,0,7,20,1,28,0,0,0,28
05/13/2006,BDR,CT,ANE,EN,Federal Contract Tower,0,0,28,0,28,0,0,0,0,0,0,0,28,0,28,20,0,20,48
05/14/2006,BDR,CT,ANE,EN,Federal Contract Tower,0,1,18,0,19,0,0,13,0,13,0,1,31,0,32,12,0,12,44
05/15/2006,BDR,CT,ANE,EN,Federal Contract Tower,0,1,15,1,17,0,1,7,0,8,0,2,22,1,25,2,0,2,27
05/16/2006,BDR,CT,ANE,EN,Federal Contract Tower,0,7,25,0,32,0,0,25,2,27,0,7,50,2,59,44,0,44,103
05/17/2006,BDR,CT,ANE,EN,Federal Contract Tower,0,7,36,2,45,0,0,106,2,108,0,7,142,4,153,192,0,192,345
05/18/2006,BDR,CT,ANE,EN,Federal Contract Tower,0,4,14,4,22,0,1,119,0,120,0,5,133,4,142,88,0,88,230
05/19/2006,BDR,CT,ANE,EN,Federal Contract Tower,0,10,27,0,37,0,1,18,2,21,0,11,45,2,58,52,0,52,110
05/20/2006,BDR,CT,ANE,EN,Federal Contract Tower,0,2,18,0,20,0,0,106,0,106,0,2,124,0,126,170,0,170,296
05/21/2006,BDR,CT,ANE,EN,Federal Contract Tower,0,0,26,0,26,0,0,113,0,113,0,0,139,0,139,144,0,144,283
05/22/2006,BDR,CT,ANE,EN,Federal Contract Tower,0,2,21,0,23,0,1,52,0,53,0,3,73,0,76,56,0,56,132
05/23/2006,BDR,CT,ANE,EN,Federal Contract Tower,0,9,27,0,36,0,0,70,0,70,0,9,97,0,106,102,0,102,208
05/24/2006,BDR,CT,ANE,EN,Federal Contract Tower,0,8,27,0,35,0,0,134,0,134,0,8,161,0,169,166,0,166,335
05/25/2006,BDR,CT,ANE,EN,Federal Contract Tower,0,15,18,2,35,0,0,148,4,152,0,15,166,6,187,176,0,176,363
05/26/2006,BDR,CT,ANE,EN,Federal Contract Tower,0,3,38,0,41,0,1,8,0,9,0,4,46,0,50,0,0,0,50
05/27/2006,BDR,CT,ANE,EN,Federal Contract Tower,0,4,29,0,33,0,0,52,0,52,0,4,81,0,85,24,0,24,109
05/28/2006,BDR,CT,ANE,EN,Federal Contract Tower,0,1,13,0,14,0,0,178,0,178,0,1,191,0,192,220,0,220,412
05/29/2006,BDR,CT,ANE,EN,Federal Contract Tower,0,2,38,0,40,0,0,106,0,106,0,2,144,0,146,196,0,196,342
05/30/2006,BDR,CT,ANE,EN,Federal Contract Tower,0,3,23,0,26,0,0,121,2,123,0,3,144,2,149,186,0,186,335
05/31/2006,BDR,CT,ANE,EN,Federal Contract Tower,0,3,39,0,42,0,0,31,0,31,0,3,70,0,73,76,0,76,149
06/01/2006,BDR,CT,ANE,EN,Federal Contract Tower,0,5,15,0,20,0,0,44,2,46,0,5,59,2,66,48,16,64,130
06/02/2006,BDR,CT,ANE,EN,Federal Contract Tower,0,6,35,3,44,0,0,16,0,16,0,6,51,3,60,0,0,0,60
06/03/2006,BDR,CT,ANE,EN,Federal Contract Tower,0,3,15,0,18,0,0,3,0,3,0,3,18,0,21,0,0,0,21
06/04/2006,BDR,CT,ANE,EN,Federal Contract Tower,0,4,26,0,30,0,0,64,0,64,0,4,90,0,94,190,0,190,284
06/05/2006,BDR,CT,ANE,EN,Federal Contract Tower,0,4,17,0,21,0,0,88,0,88,0,4,105,0,109,222,0,222,331
06/06/2006,BDR,CT,ANE,EN,Federal Contract Tower,0,7,13,3,23,0,0,106,4,110,0,7,119,7,133,218,0,218,351
06/07/2006,BDR,CT,ANE,EN,Federal Contract Tower,0,6,43,0,49,0,0,12,0,12,0,6,55,0,61,4,0,4,65
06/08/2006,BDR,CT,ANE,EN,Federal Contract Tower,0,6,18,2,26,0,1,54,2,57,0,7,72,4,83,106,0,106,189
06/09/2006,BDR,CT,ANE,EN,Federal Contract Tower,0,6,29,0,35,0,0,95,0,95,0,6,124,0,130,74,0,74,204
06/10/2006,BDR,CT,ANE,EN,Federal Contract Tower,0,8,18,0,26,0,0,44,0,44,0,8,62,0,70,34,0,34,104
06/11/2006,BDR,CT,ANE,EN,Federal Contract Tower,0,2,20,0,22,0,0,119,0,119,0,2,139,0,141,156,0,156,297
06/12/2006,BDR,CT,ANE,EN,Federal Contract Tower,0,7,14,0,21,0,0,103,0,103,0,7,117,0,124,178,0,178,302
06/13/2006,BDR,CT,ANE,EN,Federal Contract Tower,0,11,26,0,37,0,0,90,3,93,0,11,116,3,130,230,0,230,360
06/14/2006,BDR,CT,ANE,EN,Federal Contract Tower,0,7,23,0,30,0,0,84,3,87,0,7,107,3,117,140,0,140,257
06/15/2006,BDR,CT,ANE,EN,Federal Contract Tower,0,11,24,0,35,0,0,106,4,110,0,11,130,4,145,148,0,148,293
06/16/2006,BDR,CT,ANE,EN,Federal Contract Tower,0,18,16,4,38,0,0,191,4,195,0,18,207,8,233,170,0,170,403
06/17/2006,BDR,CT,ANE,EN,Federal Contract Tower,0,8,13,0,21,0,0,134,0,134,0,8,147,0,155,176,0,176,331
06/18/2006,BDR,CT,ANE,EN,Federal Contract Tower,0,4,30,0,34,0,0,89,0,89,0,4,119,0,123,134,0,134,257
06/19/2006,BDR,CT,ANE,EN,Federal Contract Tower,0,4,40,0,44,0,1,67,0,68,0,5,107,0,112,68,0,68,180
06/20/2006,BDR,CT,ANE,EN,Federal Contract Tower,0,12,20,2,34,0,0,82,1,83,0,12,102,3,117,136,0,136,253
06/21/2006,BDR,CT,ANE,EN,Federal Contract Tower,0,11,22,0,33,0,1,162,0,163,0,12,184,0,196,198,0,198,394
06/22/2006,BDR,CT,ANE,EN,Federal Contract Tower,0,10,52,0,62,0,1,88,0,89,0,11,140,0,151,178,0,178,329
06/23/2006,BDR,CT,ANE,EN,Federal Contract Tower,0,11,15,0,26,0,2,88,0,90,0,13,103,0,116,150,0,150,266
06/24/2006,BDR,CT,ANE,EN,Federal Contract Tower,0,1,9,0,10,0,0,14,0,14,0,1,23,0,24,0,0,0,24
06/25/2006,BDR,CT,ANE,EN,Federal Contract Tower,0,4,23,0,27,0,0,0,0,0,0,4,23,0,27,0,0,0,27
06/26/2006,BDR,CT,ANE,EN,Federal Contract Tower,0,1,23,0,24,0,0,45,3,48,0,1,68,3,72,92,0,92,164
06/27/2006,BDR,CT,ANE,EN,Federal Contract Tower,0,4,17,0,21,0,0,51,16,67,0,4,68,16,88,116,0,116,204
06/28/2006,BDR,CT,ANE,EN,Federal Contract Tower,0,5,30,0,35,0,0,41,2,43,0,5,71,2,78,34,0,34,112
06/29/2006,BDR,CT,ANE,EN,Federal Contract Tower,0,5,34,0,39,0,0,17,0,17,0,5,51,0,56,30,0,30,86
06/30/2006,BDR,CT,ANE,EN,Federal Contract Tower,0,9,37,0,46,0,0,149,4,153,0,9,186,4,199,230,0,230,429
07/01/2006,BDR,CT,ANE,EN,Federal Contract Tower,0,2,24,0,26,0,0,174,0,174,0,2,198,0,200,144,0,144,344
07/02/2006,BDR,CT,ANE,EN,Federal Contract Tower,0,0,14,0,14,0,0,75,0,75,0,0,89,0,89,92,0,92,181
07/03/2006,BDR,CT,ANE,EN,Federal Contract Tower,0,0,4,0,4,0,0,127,0,127,0,0,131,0,131,130,0,130,261
07/04/2006,BDR,CT,ANE,EN,Federal Contract Tower,0,6,25,0,31,0,1,34,0,35,0,7,59,0,66,38,0,38,104
07/05/2006,BDR,CT,ANE,EN,Federal Contract Tower,0,10,41,0,51,0,0,36,0,36,0,10,77,0,87,8,0,8,95
07/06/2006,BDR,CT,ANE,EN,Federal Contract Tower,0,7,18,0,25,0,1,143,5,149,0,8,161,5,174,176,0,176,350
07/07/2006,BDR,CT,ANE,EN,Federal Contract Tower,0,11,29,0,40,0,0,154,2,156,0,11,183,2,196,168,0,168,364
07/08/2006,BDR,CT,ANE,EN,Federal Contract Tower,0,3,30,0,33,0,0,203,0,203,0,3,233,0,236,168,0,168,404
07/09/2006,BDR,CT,ANE,EN,Federal Contract Tower,0,4,30,0,34,0,0,166,0,166,0,4,196,0,200,160,0,160,360
07/10/2006,BDR,CT,ANE,EN,Federal Contract Tower,0,6,22,4,32,0,0,114,0,114,0,6,136,4,146,56,0,56,202
07/11/2006,BDR,CT,ANE,EN,Federal Contract Tower,0,7,33,0,40,0,0,42,0,42,0,7,75,0,82,58,0,58,140
07/12/2006,BDR,CT,ANE,EN,Federal Contract Tower,0,6,29,0,35,0,0,8,0,8,0,6,37,0,43,0,0,0,43
07/13/2006,BDR,CT,ANE,EN,Federal Contract Tower,0,5,27,0,32,0,0,60,2,62,0,5,87,2,94,98,30,128,222
07/14/2006,BDR,CT,ANE,EN,Federal Contract Tower,0,7,22,0,29,0,0,141,2,143,0,7,163,2,172,200,0,200,372
07/15/2006,BDR,CT,ANE,EN,Federal Contract Tower,0,1,21,0,22,0,0,127,0,127,0,1,148,0,149,206,0,206,355
07/16/2006,BDR,CT,ANE,EN,Federal Contract Tower,0,0,21,0,21,0,0,119,0,119,0,0,140,0,140,146,0,146,286
07/17/2006,BDR,CT,ANE,EN,Federal Contract Tower,0,6,21,0,27,0,0,114,0,114,0,6,135,0,141,174,0,174,315
07/18/2006,BDR,CT,ANE,EN,Federal Contract Tower,0,7,22,0,29,0,2,50,0,52,0,9,72,0,81,120,0,120,201
07/19/2006,BDR,CT,ANE,EN,Federal Contract Tower,0,5,23,4,32,0,0,99,0,99,0,5,122,4,131,216,0,216,347
07/20/2006,BDR,CT,ANE,EN,Federal Contract Tower,0,11,41,0,52,0,2,73,0,75,0,13,114,0,127,80,0,80,207
07/21/2006,BDR,CT,ANE,EN,Federal Contract Tower,0,7,31,0,38,0,0,64,0,64,0,7,95,0,102,30,0,30,132
07/22/2006,BDR,CT,ANE,EN,Federal Contract Tower,0,1,26,0,27,0,0,2,0,2,0,1,28,0,29,0,0,0,29
07/23/2006,BDR,CT,ANE,EN,Federal Contract Tower,0,6,28,0,34,0,0,100,0,100,0,6,128,0,134,178,0,178,312
07/24/2006,BDR,CT,ANE,EN,Federal Contract Tower,0,3,17,4,24,0,0,129,4,133,0,3,146,8,157,172,0,172,329
07/25/2006,BDR,CT,ANE,EN,Federal Contract Tower,0,12,25,3,40,0,0,106,7,113,0,12,131,10,153,158,2,160,313
07/26/2006,BDR,CT,ANE,EN,Federal Contract Tower,0,2,27,1,30,0,0,123,1,124,0,2,150,2,154,126,2,128,282
07/27/2006,BDR,CT,ANE,EN,Federal Contract Tower,0,9,34,0,43,0,0,90,4,94,0,9,124,4,137,44,0,44,181
07/28/2006,BDR,CT,ANE,EN,Federal Contract Tower,0,11,35,0,46,0,2,112,0,114,0,13,147,0,160,26,0,26,186
07/29/2006,BDR,CT,ANE,EN,Federal Contract Tower,0,0,8,0,8,0,0,156,0,156,0,0,164,0,164,138,0,138,302
07/30/2006,BDR,CT,ANE,EN,Federal Contract Tower,0,3,18,0,21,0,0,156,0,156,0,3,174,0,177,72,0,72,249
07/31/2006,BDR,CT,ANE,EN,Federal Contract Tower,0,2,22,2,26,0,0,93,0,93,0,2,115,2,119,106,0,106,225
08/01/2006,BDR,CT,ANE,EN,Federal Contract Tower,0,9,23,2,34,0,0,77,0,77,0,9,100,2,111,0,40,40,151
08/02/2006,BDR,CT,ANE,EN,Federal Contract Tower,0,8,31,0,39,0,3,71,0,74,0,11,102,0,113,20,0,20,133
08/03/2006,BDR,CT,ANE,EN,Federal Contract Tower,0,14,19,2,35,0,0,90,4,94,0,14,109,6,129,54,0,54,183
08/04/2006,BDR,CT,ANE,EN,Federal Contract Tower,0,12,28,0,40,0,0,137,0,137,0,12,165,0,177,130,0,130,307
08/05/2006,BDR,CT,ANE,EN,Federal Contract Tower,0,2,24,0,26,0,0,138,0,138,0,2,162,0,164,72,0,72,236
08/06/2006,BDR,CT,ANE,EN,Federal Contract Tower,0,5,19,0,24,0,0,178,0,178,0,5,197,0,202,146,0,146,348
08/07/2006,BDR,CT,ANE,EN,Federal Contract Tower,0,3,40,0,43,0,0,82,0,82,0,3,122,0,125,84,0,84,209
08/08/2006,BDR,CT,ANE,EN,Federal Contract Tower,0,11,12,2,25,0,0,115,0,115,0,11,127,2,140,70,0,70,210
08/09/2006,BDR,CT,ANE,EN,Federal Contract Tower,0,5,12,0,17,0,1,107,6,114,0,6,119,6,131,94,0,94,225
08/10/2006,BDR,CT,ANE,EN,Federal Contract Tower,0,10,17,0,27,0,0,130,0,130,0,10,147,0,157,28,0,28,185
08/11/2006,BDR,CT,ANE,EN,Federal Contract Tower,0,12,35,0,47,0,3,157,6,166,0,15,192,6,213,60,0,60,273
08/12/2006,BDR,CT,ANE,EN,Federal Contract Tower,0,3,12,0,15,0,1,139,0,140,0,4,151,0,155,88,0,88,243
08/13/2006,BDR,CT,ANE,EN,Federal Contract Tower,0,7,22,0,29,0,0,175,0,175,0,7,197,0,204,140,0,140,344
08/14/2006,BDR,CT,ANE,EN,Federal Contract Tower,0,7,20,2,29,0,0,133,0,133,0,7,153,2,162,138,0,138,300
08/15/2006,BDR,CT,ANE,EN,Federal Contract Tower,0,5,16,0,21,0,0,29,2,31,0,5,45,2,52,50,0,50,102
08/16/2006,BDR,CT,ANE,EN,Federal Contract Tower,0,0,0,0,0,0,0,36,4,40,0,0,36,4,40,0,0,0,40
08/17/2006,BDR,CT,ANE,EN,Federal Contract Tower,0,8,11,0,19,0,0,141,0,141,0,8,152,0,160,66,0,66,226
08/18/2006,BDR,CT,ANE,EN,Federal Contract Tower,0,4,33,0,37,0,0,122,0,122,0,4,155,0,159,76,0,76,235
08/19/2006,BDR,CT,ANE,EN,Federal Contract Tower,0,3,8,0,11,0,0,114,0,114,0,3,122,0,125,74,0,74,199
08/20/2006,BDR,CT,ANE,EN,Federal Contract Tower,0,8,24,0,32,0,0,63,0,63,0,8,87,0,95,12,0,12,107
08/21/2006,BDR,CT,ANE,EN,Federal Contract Tower,0,9,39,0,48,0,0,117,0,117,0,9,156,0,165,264,0,264,429
08/22/2006,BDR,CT,ANE,EN,Federal Contract Tower,0,6,30,1,37,0,0,115,0,115,0,6,145,1,152,188,0,188,340
08/23/2006,BDR,CT,ANE,EN,Federal Contract Tower,0,4,25,0,29,0,1,151,6,158,0,5,176,6,187,174,2,176,363
08/24/2006,BDR,CT,ANE,EN,Federal Contract Tower,0,11,19,0,30,0,1,134,0,135,0,12,153,0,165,124,0,124,289
08/25/2006,BDR,CT,ANE,EN,Federal Contract Tower,0,8,49,1,58,0,1,29,1,31,0,9,78,2,89,2,0,2,91
08/26/2006,BDR,CT,ANE,EN,Federal Contract Tower,0,2,27,0,29,0,0,51,0,51,0,2,78,0,80,0,104,104,184
08/27/2006,BDR,CT,ANE,EN,Federal Contract Tower,0,5,35,0,40,0,0,5,0,5,0,5,40,0,45,8,0,8,53
08/28/2006,BDR,CT,ANE,EN,Federal Contract Tower,0,5,39,0,44,0,0,15,0,15,0,5,54,0,59,62,0,62,121
08/29/2006,BDR,CT,ANE,EN,Federal Contract Tower,0,1,38,1,40,0,0,2,0,2,0,1,40,1,42,0,0,0,42
08/30/2006,BDR,CT,ANE,EN,Federal Contract Tower,0,5,42,0,47,0,0,121,2,123,0,5,163,2,170,132,4,136,306
08/31/2006,BDR,CT,ANE,EN,Federal Contract Tower,0,8,33,0,41,0,0,160,6,166,0,8,193,6,207,220,2,222,429
09/01/2006,BDR,CT,ANE,EN,Federal Contract Tower,0,6,17,0,23,0,0,133,2,135,0,6,150,2,158,90,0,90,248
09/02/2006,BDR,CT,ANE,EN,Federal Contract Tower,0,2,9,0,11,0,0,2,0,2,0,2,11,0,13,0,0,0,13
09/03/2006,BDR,CT,ANE,EN,Federal Contract Tower,0,4,32,0,36,0,0,46,0,46,0,4,78,0,82,62,0,62,144
09/04/2006,BDR,CT,ANE,EN,Federal Contract Tower,0,2,33,0,35,0,4,173,0,177,0,6,206,0,212,292,0,292,504
09/05/2006,BDR,CT,ANE,EN,Federal Contract Tower,0,3,19,0,22,0,0,73,0,73,0,3,92,0,95,86,0,86,181
09/06/2006,BDR,CT,ANE,EN,Federal Contract Tower,0,8,19,0,27,0,30,88,0,118,0,38,107,0,145,106,0,106,251
09/07/2006,BDR,CT,ANE,EN,Federal Contract Tower,0,7,16,2,25,0,0,167,0,167,0,7,183,2,192,166,0,166,358
09/08/2006,BDR,CT,ANE,EN,Federal Contract Tower,0,8,28,2,38,0,1,139,7,147,0,9,167,9,185,146,0,146,331
09/09/2006,BDR,CT,ANE,EN,Federal Contract Tower,0,1,19,0,20,0,0,132,0,132,0,1,151,0,152,154,0,154,306
09/10/2006,BDR,CT,ANE,EN,Federal Contract Tower,0,6,45,0,51,0,0,155,0,155,0,6,200,0,206,248,0,248,454
09/11/2006,BDR,CT,ANE,EN,Federal Contract Tower,0,8,22,0,30,0,0,98,3,101,0,8,120,3,131,114,0,114,245
09/12/2006,BDR,CT,ANE,EN,Federal Contract Tower,0,8,23,0,31,0,0,111,0,111,0,8,134,0,142,182,0,182,324
09/13/2006,BDR,CT,ANE,EN,Federal Contract Tower,0,14,27,0,41,0,0,88,5,93,0,14,115,5,134,98,2,100,234
09/14/2006,BDR,CT,ANE,EN,Federal Contract Tower,0,5,54,0,59,0,0,10,0,10,0,5,64,0,69,8,0,8,77
09/15/2006,BDR,CT,ANE,EN,Federal Contract Tower,0,8,50,0,58,0,0,18,0,18,0,8,68,0,76,37,0,37,113
09/16/2006,BDR,CT,ANE,EN,Federal Contract Tower,0,5,15,0,20,0,0,117,0,117,0,5,132,0,137,204,0,204,341
09/17/2006,BDR,CT,ANE,EN,Federal Contract Tower,0,2,31,0,33,0,0,125,0,125,0,2,156,0,158,210,0,210,368
09/18/2006,BDR,CT,ANE,EN,Federal Contract Tower,0,5,15,0,20,0,0,117,0,117,0,5,132,0,137,204,0,204,341
09/19/2006,BDR,CT,ANE,EN,Federal Contract Tower,0,3,35,0,38,0,0,33,0,33,0,3,68,0,71,22,0,22,93
09/20/2006,BDR,CT,ANE,EN,Federal Contract Tower,0,9,14,0,23,0,2,121,6,129,0,11,135,6,152,168,0,168,320
09/21/2006,BDR,CT,ANE,EN,Federal Contract Tower,0,10,20,0,30,0,0,98,2,100,0,10,118,2,130,194,0,194,324
09/22/2006,BDR,CT,ANE,EN,Federal Contract Tower,0,10,16,2,28,0,0,124,0,124,0,10,140,2,152,156,0,156,308
09/23/2006,BDR,CT,ANE,EN,Federal Contract Tower,0,7,16,0,23,0,0,17,0,17,0,7,33,0,40,30,0,30,70
09/24/2006,BDR,CT,ANE,EN,Federal Contract Tower,0,1,33,0,34,0,0,46,0,46,0,1,79,0,80,64,0,64,144
09/25/2006,BDR,CT,ANE,EN,Federal Contract Tower,0,7,26,2,35,0,0,93,0,93,0,7,119,2,128,106,0,106,234
09/26/2006,BDR,CT,ANE,EN,Federal Contract Tower,0,12,27,3,42,0,0,110,2,112,0,12,137,5,154,146,2,148,302
09/27/2006,BDR,CT,ANE,EN,Federal Contract Tower,0,2,14,0,16,0,0,96,0,96,0,2,110,0,112,104,0,104,216
09/28/2006,BDR,CT,ANE,EN,Federal Contract Tower,0,7,14,0,21,0,0,91,4,95,0,7,105,4,116,162,0,162,278
09/29/2006,BDR,CT,ANE,EN,Federal Contract Tower,0,16,30,0,46,0,0,85,4,89,0,16,115,4,135,48,0,48,183
09/30/2006,BDR,CT,ANE,EN,Federal Contract Tower,0,4,16,0,20,0,0,177,0,177,0,4,193,0,197,228,0,228,425
10/01/2006,BDR,CT,ANE,EN,Federal Contract Tower,0,8,32,0,40,0,0,23,0,23,0,8,55,0,63,28,0,28,91
10/02/2006,BDR,CT,ANE,EN,Federal Contract Tower,0,10,23,2,35,0,0,118,4,122,0,10,141,6,157,200,0,200,357
10/03/2006,BDR,CT,ANE,EN,Federal Contract Tower,0,14,16,0,30,0,0,104,0,104,0,14,120,0,134,94,0,94,228
10/04/2006,BDR,CT,ANE,EN,Federal Contract Tower,0,10,29,0,39,0,1,68,4,73,0,11,97,4,112,136,0,136,248
10/05/2006,BDR,CT,ANE,EN,Federal Contract Tower,0,4,24,0,28,0,0,118,0,118,0,4,142,0,146,96,2,98,244
10/06/2006,BDR,CT,ANE,EN,Federal Contract Tower,0,11,30,0,41,0,0,104,4,108,0,11,134,4,149,50,0,50,199
10/07/2006,BDR,CT,ANE,EN,Federal Contract Tower,0,3,14,0,17,0,0,111,0,111,0,3,125,0,128,164,0,164,292
10/08/2006,BDR,CT,ANE,EN,Federal Contract Tower,0,7,18,0,25,0,0,137,0,137,0,7,155,0,162,136,0,136,298
10/09/2006,BDR,CT,ANE,EN,Federal Contract Tower,0,4,24,0,28,0,0,136,2,138,0,4,160,2,166,84,0,84,250
10/10/2006,BDR,CT,ANE,EN,Federal Contract Tower,0,8,10,0,18,0,1,123,2,126,0,9,133,2,144,98,0,98,242
10/11/2006,BDR,CT,ANE,EN,Federal Contract Tower,0,7,45,0,52,0,0,37,7,44,0,7,82,7,96,14,0,14,110
10/12/2006,BDR,CT,ANE,EN,Federal Contract Tower,0,6,23,0,29,0,0,41,2,43,0,6,64,2,72,28,0,28,100
10/13/2006,BDR,CT,ANE,EN,Federal Contract Tower,0,11,25,0,36,0,0,101,10,111,0,11,126,10,147,110,0,110,257
10/14/2006,BDR,CT,ANE,EN,Federal Contract Tower,0,4,13,0,17,0,0,128,0,128,0,4,141,0,145,60,0,60,205
10/15/2006,BDR,CT,ANE,EN,Federal Contract Tower,0,4,23,0,27,0,0,113,0,113,0,4,136,0,140,154,0,154,294
10/16/2006,BDR,CT,ANE,EN,Federal Contract Tower,0,10,31,0,41,0,0,98,5,103,0,10,129,5,144,112,0,112,256
10/17/2006,BDR,CT,ANE,EN,Federal Contract Tower,0,8,18,2,28,0,0,24,0,24,0,8,42,2,52,2,0,2,54
10/18/2006,BDR,CT,ANE,EN,Federal Contract Tower,0,7,29,2,38,0,0,54,0,54,0,7,83,2,92,94,0,94,186
10/19/2006,BDR,CT,ANE,EN,Federal Contract Tower,0,10,25,0,35,0,0,75,2,77,0,10,100,2,112,166,0,166,278
10/20/2006,BDR,CT,ANE,EN,Federal Contract Tower,0,12,44,0,56,0,0,17,0,17,0,12,61,0,73,0,0,0,73
10/21/2006,BDR,CT,ANE,EN,Federal Contract Tower,0,5,27,0,32,0,2,73,0,75,0,7,100,0,107,110,0,110,217
10/22/2006,BDR,CT,ANE,EN,Federal Contract Tower,0,6,18,0,24,0,0,104,0,104,0,6,122,0,128,178,0,178,306
10/23/2006,BDR,CT,ANE,EN,Federal Contract Tower,0,10,16,0,26,0,0,90,2,92,0,10,106,2,118,136,12,148,266
10/24/2006,BDR,CT,ANE,EN,Federal Contract Tower,0,11,13,0,24,0,0,52,0,52,0,11,65,0,76,64,0,64,140
10/25/2006,BDR,CT,ANE,EN,Federal Contract Tower,0,9,23,2,34,0,2,68,4,74,0,11,91,6,108,56,10,66,174
10/26/2006,BDR,CT,ANE,EN,Federal Contract Tower,0,8,19,0,27,0,2,110,4,116,0,10,129,4,143,96,0,96,239
10/27/2006,BDR,CT,ANE,EN,Federal Contract Tower,0,8,26,0,34,0,2,104,4,110,0,10,130,4,144,90,0,90,234
10/28/2006,BDR,CT,ANE,EN,Federal Contract Tower,0,5,4,0,9,0,0,0,0,0,0,5,4,0,9,0,0,0,9
10/29/2006,BDR,CT,ANE,EN,Federal Contract Tower,0,1,7,0,8,0,0,10,0,10,0,1,17,0,18,6,0,6,24
10/30/2006,BDR,CT,ANE,EN,Federal Contract Tower,0,4,13,0,17,0,0,98,0,98,0,4,111,0,115,94,0,94,209
10/31/2006,BDR,CT,ANE,EN,Federal Contract Tower,0,2,18,0,20,0,0,101,0,101,0,2,119,0,121,179,0,179,300
11/01/2006,BDR,CT,ANE,EN,Federal Contract Tower,0,9,30,0,39,0,0,110,2,112,0,9,140,2,151,186,0,186,337
11/02/2006,BDR,CT,ANE,EN,Federal Contract Tower,0,13,24,0,37,0,0,73,0,73,0,13,97,0,110,96,0,96,206
11/03/2006,BDR,CT,ANE,EN,Federal Contract Tower,0,15,25,0,40,0,0,137,18,155,0,15,162,18,195,140,0,140,335
11/04/2006,BDR,CT,ANE,EN,Federal Contract Tower,0,4,9,0,13,0,0,96,0,96,0,4,105,0,109,98,0,98,207
11/05/2006,BDR,CT,ANE,EN,Federal Contract Tower,0,8,16,0,24,0,0,120,0,120,0,8,136,0,144,154,0,154,298
11/06/2006,BDR,CT,ANE,EN,Federal Contract Tower,0,11,27,0,38,0,0,102,0,102,0,11,129,0,140,98,0,98,238
11/07/2006,BDR,CT,ANE,EN,Federal Contract Tower,0,6,32,0,38,0,0,72,2,74,0,6,104,2,112,78,0,78,190
11/08/2006,BDR,CT,ANE,EN,Federal Contract Tower,0,7,28,0,35,0,0,3,0,3,0,7,31,0,38,2,0,2,40
11/09/2006,BDR,CT,ANE,EN,Federal Contract Tower,0,13,35,0,48,0,0,78,3,81,0,13,113,3,129,82,0,82,211
11/10/2006,BDR,CT,ANE,EN,Federal Contract Tower,0,9,18,0,27,0,0,121,0,121,0,9,139,0,148,98,0,98,246
11/11/2006,BDR,CT,ANE,EN,Federal Contract Tower,0,2,10,0,12,0,0,150,0,150,0,2,160,0,162,148,0,148,310
11/12/2006,BDR,CT,ANE,EN,Federal Contract Tower,0,2,28,0,30,0,0,1,0,1,0,2,29,0,31,0,0,0,31
11/13/2006,BDR,CT,ANE,EN,Federal Contract Tower,0,6,24,0,30,0,1,11,0,12,0,7,35,0,42,0,0,0,42
11/14/2006,BDR,CT,ANE,EN,Federal Contract Tower,0,3,35,1,39,0,0,14,0,14,0,3,49,1,53,4,0,4,57
11/15/2006,BDR,CT,ANE,EN,Federal Contract Tower,0,7,50,0,57,0,0,15,2,17,0,7,65,2,74,4,2,6,80
11/16/2006,BDR,CT,ANE,EN,Federal Contract Tower,0,4,15,0,19,0,1,20,1,22,0,5,35,1,41,0,2,2,43
11/17/2006,BDR,CT,ANE,EN,Federal Contract Tower,0,10,26,0,36,0,0,107,6,113,0,10,133,6,149,164,4,168,317
11/18/2006,BDR,CT,ANE,EN,Federal Contract Tower,0,6,30,0,36,0,0,163,5,168,0,6,193,5,204,258,0,258,462
11/19/2006,BDR,CT,ANE,EN,Federal Contract Tower,0,1,30,0,31,0,0,148,0,148,0,1,178,0,179,188,0,188,367
11/20/2006,BDR,CT,ANE,EN,Federal Contract Tower,0,9,16,0,25,0,0,93,2,95,0,9,109,2,120,96,0,96,216
11/21/2006,BDR,CT,ANE,EN,Federal Contract Tower,0,9,30,0,39,0,0,97,0,97,0,9,127,0,136,120,0,120,256
11/22/2006,BDR,CT,ANE,EN,Federal Contract Tower,0,9,35,0,44,0,0,107,4,111,0,9,142,4,155,50,0,50,205
11/23/2006,BDR,CT,ANE,EN,Federal Contract Tower,0,0,5,0,5,0,0,0,0,0,0,0,5,0,5,0,0,0,5
11/24/2006,BDR,CT,ANE,EN,Federal Contract Tower,0,8,12,0,20,0,0,84,3,87,0,8,96,3,107,74,0,74,181
11/25/2006,BDR,CT,ANE,EN,Federal Contract Tower,0,7,19,0,26,0,0,154,0,154,0,7,173,0,180,240,0,240,420
11/26/2006,BDR,CT,ANE,EN,Federal Contract Tower,0,8,31,0,39,0,0,127,0,127,0,8,158,0,166,238,0,238,404
11/27/2006,BDR,CT,ANE,EN,Federal Contract Tower,0,4,28,0,32,0,0,94,0,94,0,4,122,0,126,114,0,114,240
11/28/2006,BDR,CT,ANE,EN,Federal Contract Tower,0,6,48,0,54,0,0,33,4,37,0,6,81,4,91,28,0,28,119
11/29/2006,BDR,CT,ANE,EN,Federal Contract Tower,0,5,55,0,60,0,0,5,0,5,0,5,60,0,65,0,0,0,65
11/30/2006,BDR,CT,ANE,EN,Federal Contract Tower,0,4,33,0,37,0,0,56,0,56,0,4,89,0,93,28,0,28,121
12/01/2006,BDR,CT,ANE,EN,Federal Contract Tower,0,6,32,0,38,0,0,3,0,3,0,6,35,0,41,0,0,0,41
12/02/2006,BDR,CT,ANE,EN,Federal Contract Tower,0,2,9,0,11,0,0,102,0,102,0,2,111,0,113,116,0,116,229
12/03/2006,BDR,CT,ANE,EN,Federal Contract Tower,0,2,23,0,25,0,0,183,0,183,0,2,206,0,208,194,0,194,402
12/04/2006,BDR,CT,ANE,EN,Federal Contract Tower,0,1,30,0,31,0,0,44,0,44,0,1,74,0,75,54,0,54,129
12/05/2006,BDR,CT,ANE,EN,Federal Contract Tower,0,8,24,0,32,0,0,81,0,81,0,8,105,0,113,82,0,82,195
12/06/2006,BDR,CT,ANE,EN,Federal Contract Tower,0,10,21,0,31,0,0,75,6,81,0,10,96,6,112,82,0,82,194
12/07/2006,BDR,CT,ANE,EN,Federal Contract Tower,0,6,26,0,32,0,0,99,0,99,0,6,125,0,131,152,0,152,283
12/08/2006,BDR,CT,ANE,EN,Federal Contract Tower,0,5,12,0,17,0,0,38,0,38,0,5,50,0,55,0,0,0,55
12/09/2006,BDR,CT,ANE,EN,Federal Contract Tower,0,4,10,0,14,0,0,114,2,116,0,4,124,2,130,170,0,170,300
12/10/2006,BDR,CT,ANE,EN,Federal Contract Tower,0,0,15,0,15,0,0,140,0,140,0,0,155,0,155,280,0,280,435
12/11/2006,BDR,CT,ANE,EN,Federal Contract Tower,0,7,16,0,23,0,0,108,0,108,0,7,124,0,131,140,0,140,271
12/12/2006,BDR,CT,ANE,EN,Federal Contract Tower,0,5,25,2,32,0,0,57,4,61,0,5,82,6,93,74,0,74,167
12/13/2006,BDR,CT,ANE,EN,Federal Contract Tower,0,5,36,0,41,0,1,11,0,12,0,6,47,0,53,4,0,4,57
12/14/2006,BDR,CT,ANE,EN,Federal Contract Tower,0,0,58,0,58,0,2,47,0,49,0,2,105,0,107,68,0,68,175
12/15/2006,BDR,CT,ANE,EN,Federal Contract Tower,0,9,53,0,62,0,0,17,2,19,0,9,70,2,81,36,0,36,117
12/16/2006,BDR,CT,ANE,EN,Federal Contract Tower,0,5,12,0,17,0,0,148,2,150,0,5,160,2,167,242,0,242,409
12/17/2006,BDR,CT,ANE,EN,Federal Contract Tower,0,3,11,0,14,0,0,140,0,140,0,3,151,0,154,152,0,152,306
12/18/2006,BDR,CT,ANE,EN,Federal Contract Tower,0,4,20,0,24,0,0,108,0,108,0,4,128,0,132,116,0,116,248
12/19/2006,BDR,CT,ANE,EN,Federal Contract Tower,0,9,32,0,41,0,0,111,2,113,0,9,143,2,154,172,0,172,326
12/20/2006,BDR,CT,ANE,EN,Federal Contract Tower,0,6,14,0,20,0,0,96,2,98,0,6,110,2,118,115,0,115,233
12/21/2006,BDR,CT,ANE,EN,Federal Contract Tower,0,2,28,0,30,0,0,97,0,97,0,2,125,0,127,102,0,102,229
12/22/2006,BDR,CT,ANE,EN,Federal Contract Tower,0,7,31,0,38,0,0,84,0,84,0,7,115,0,122,92,0,92,214
12/23/2006,BDR,CT,ANE,EN,Federal Contract Tower,0,1,22,0,23,0,0,17,0,17,0,1,39,0,40,36,0,36,76
12/24/2006,BDR,CT,ANE,EN,Federal Contract Tower,0,1,8,0,9,0,0,80,0,80,0,1,88,0,89,54,0,54,143
12/25/2006,BDR,CT,ANE,EN,Federal Contract Tower,0,3,7,0,10,0,0,53,0,53,0,3,60,0,63,54,0,54,117
12/26/2006,BDR,CT,ANE,EN,Federal Contract Tower,0,4,38,0,42,0,0,11,0,11,0,4,49,0,53,6,0,6,59
12/27/2006,BDR,CT,ANE,EN,Federal Contract Tower,0,9,22,0,31,0,0,87,0,87,0,9,109,0,118,66,0,66,184
12/28/2006,BDR,CT,ANE,EN,Federal Contract Tower,0,2,23,0,25,0,0,142,6,148,0,2,165,6,173,136,0,136,309
12/29/2006,BDR,CT,ANE,EN,Federal Contract Tower,0,4,10,0,14,0,0,109,2,111,0,4,119,2,125,76,2,78,203
12/30/2006,BDR,CT,ANE,EN,Federal Contract Tower,0,1,13,0,14,0,0,63,6,69,0,1,76,6,83,156,0,156,239
12/31/2006,BDR,CT,ANE,EN,Federal Contract Tower,0,1,7,0,8,0,0,128,0,128,0,1,135,0,136,178,0,178,314
01/01/2007,BDR,CT,ANE,EN,Federal Contract Tower,0,11,0,0,11,0,0,0,0,0,0,11,0,0,11,0,0,0,11
01/02/2007,BDR,CT,ANE,EN,Federal Contract Tower,0,5,14,0,19,0,1,62,2,65,0,6,76,2,84,54,0,54,138
01/03/2007,BDR,CT,ANE,EN,Federal Contract Tower,0,5,7,0,12,0,0,104,0,104,0,5,111,0,116,66,6,72,188
01/04/2007,BDR,CT,ANE,EN,Federal Contract Tower,0,5,24,1,30,0,0,92,1,93,0,5,116,2,123,112,0,112,235
01/05/2007,BDR,CT,ANE,EN,Federal Contract Tower,0,4,25,0,29,0,0,4,0,4,0,4,29,0,33,4,0,4,37
01/06/2007,BDR,CT,ANE,EN,Federal Contract Tower,0,3,13,0,16,0,0,63,0,63,0,3,76,0,79,144,0,144,223
01/07/2007,BDR,CT,ANE,EN,Federal Contract Tower,0,1,11,0,12,0,0,94,0,94,0,1,105,0,106,226,0,226,332
01/08/2007,BDR,CT,ANE,EN,Federal Contract Tower,0,0,11,0,11,0,0,12,0,12,0,0,23,0,23,0,0,0,23
01/09/2007,BDR,CT,ANE,EN,Federal Contract Tower,0,4,17,0,21,0,0,70,8,78,0,4,87,8,99,60,0,60,159
01/10/2007,BDR,CT,ANE,EN,Federal Contract Tower,0,2,11,0,13,0,0,91,2,93,0,2,102,2,106,76,0,76,182
01/11/2007,BDR,CT,ANE,EN,Federal Contract Tower,0,8,21,2,31,0,0,110,0,110,0,8,131,2,141,86,0,86,227
01/12/2007,BDR,CT,ANE,EN,Federal Contract Tower,0,7,19,0,26,0,0,75,6,81,0,7,94,6,107,90,0,90,197
01/13/2007,BDR,CT,ANE,EN,Federal Contract Tower,0,1,11,0,12,0,0,22,0,22,0,1,33,0,34,54,0,54,88
01/14/2007,BDR,CT,ANE,EN,Federal Contract Tower,0,2,15,0,17,0,0,2,0,2,0,2,17,0,19,0,0,0,19
01/15/2007,BDR,CT,ANE,EN,Federal Contract Tower,0,0,16,0,16,0,0,0,0,0,0,0,16,0,16,0,0,0,16
01/16/2007,BDR,CT,ANE,EN,Federal Contract Tower,0,4,27,0,31,0,0,56,2,58,0,4,83,2,89,34,0,34,123
01/17/2007,BDR,CT,ANE,EN,Federal Contract Tower,0,1,28,0,29,0,0,61,0,61,0,1,89,0,90,78,0,78,168
01/18/2007,BDR,CT,ANE,EN,Federal Contract Tower,0,2,27,0,29,0,0,75,4,79,0,2,102,4,108,44,0,44,152
01/19/2007,BDR,CT,ANE,EN,Federal Contract Tower,0,8,9,2,19,0,0,39,2,41,0,8,48,4,60,12,0,12,72
01/20/2007,BDR,CT,ANE,EN,Federal Contract Tower,0,4,8,0,12,0,0,19,0,19,0,4,27,0,31,26,0,26,57
01/21/2007,BDR,CT,ANE,EN,Federal Contract Tower,0,4,10,0,14,0,0,130,4,134,0,4,140,4,148,215,0,215,363
01/22/2007,BDR,CT,ANE,EN,Federal Contract Tower,0,3,14,0,17,0,0,74,0,74,0,3,88,0,91,78,0,78,169
01/23/2007,BDR,CT,ANE,EN,Federal Contract Tower,0,10,18,0,28,0,1,126,0,127,0,11,144,0,155,114,0,114,269
01/24/2007,BDR,CT,ANE,EN,Federal Contract Tower,0,5,28,0,33,0,0,102,0,102,0,5,130,0,135,198,0,198,333
01/25/2007,BDR,CT,ANE,EN,Federal Contract Tower,0,2,17,0,19,0,0,32,0,32,0,2,49,0,51,0,0,0,51
01/26/2007,BDR,CT,ANE,EN,Federal Contract Tower,0,6,17,0,23,0,0,41,0,41,0,6,58,0,64,2,0,2,66
01/27/2007,BDR,CT,ANE,EN,Federal Contract Tower,0,1,13,0,14,0,0,109,0,109,0,1,122,0,123,208,0,208,331
01/28/2007,BDR,CT,ANE,EN,Federal Contract Tower,0,1,19,0,20,0,0,132,0,132,0,1,151,0,152,226,0,226,378
01/29/2007,BDR,CT,ANE,EN,Federal Contract Tower,0,2,14,0,16,0,1,66,0,67,0,3,80,0,83,14,0,14,97
01/30/2007,BDR,CT,ANE,EN,Federal Contract Tower,0,4,24,0,28,0,0,123,4,127,0,4,147,4,155,172,0,172,327
01/31/2007,BDR,CT,ANE,EN,Federal Contract Tower,0,5,26,0,31,0,0,64,2,66,0,5,90,2,97,92,0,92,189
02/01/2007,BDR,CT,ANE,EN,Federal Contract Tower,0,2,26,0,28,0,0,67,2,69,0,2,93,2,97,90,0,90,187
02/02/2007,BDR,CT,ANE,EN,Federal Contract Tower,0,3,17,0,20,0,0,15,0,15,0,3,32,0,35,18,0,18,53
02/03/2007,BDR,CT,ANE,EN,Federal Contract Tower,0,4,9,0,13,0,0,112,0,112,0,4,121,0,125,134,0,134,259
02/04/2007,BDR,CT,ANE,EN,Federal Contract Tower,0,1,9,0,10,0,0,55,0,55,0,1,64,0,65,98,0,98,163
02/05/2007,BDR,CT,ANE,EN,Federal Contract Tower,0,4,19,0,23,0,0,65,2,67,0,4,84,2,90,0,0,0,90
02/06/2007,BDR,CT,ANE,EN,Federal Contract Tower,0,6,26,0,32,0,0,52,0,52,0,6,78,0,84,44,0,44,128
02/07/2007,BDR,CT,ANE,EN,Federal Contract Tower,0,7,24,0,31,0,0,60,0,60,0,7,84,0,91,100,0,100,191
02/08/2007,BDR,CT,ANE,EN,Federal Contract Tower,0,6,26,0,32,0,0,51,6,57,0,6,77,6,89,90,0,90,179
02/09/2007,BDR,CT,ANE,EN,Federal Contract Tower,0,6,11,0,17,0,0,50,2,52,0,6,61,2,69,52,0,52,121
02/10/2007,BDR,CT,ANE,EN,Federal Contract Tower,0,0,7,0,7,0,0,121,4,125,0,0,128,4,132,212,0,212,344
02/11/2007,BDR,CT,ANE,EN,Federal Contract Tower,0,0,17,0,17,0,0,124,0,124,0,0,141,0,141,144,0,144,285
02/12/2007,BDR,CT,ANE,EN,Federal Contract Tower,0,3,24,0,27,0,0,107,0,107,0,3,131,0,134,118,0,118,252
02/13/2007,BDR,CT,ANE,EN,Federal Contract Tower,0,1,20,0,21,0,0,49,0,49,0,1,69,0,70,20,0,20,90
02/14/2007,BDR,CT,ANE,EN,Federal Contract Tower,0,1,4,0,5,0,0,0,0,0,0,1,4,0,5,0,0,0,5
02/15/2007,BDR,CT,ANE,EN,Federal Contract Tower,0,4,15,0,19,0,0,16,0,16,0,4,31,0,35,0,0,0,35
02/16/2007,BDR,CT,ANE,EN,Federal Contract Tower,0,7,31,0,38,0,0,25,4,29,0,7,56,4,67,4,0,4,71
02/17/2007,BDR,CT,ANE,EN,Federal Contract Tower,0,2,14,0,16,0,0,66,0,66,0,2,80,0,82,162,0,162,244
02/18/2007,BDR,CT,ANE,EN,Federal Contract Tower,0,0,8,0,8,0,0,65,0,65,0,0,73,0,73,126,0,126,199
02/19/2007,BDR,CT,ANE,EN,Federal Contract Tower,0,2,15,0,17,0,0,34,0,34,0,2,49,0,51,22,0,22,73
02/20/2007,BDR,CT,ANE,EN,Federal Contract Tower,0,4,24,0,28,0,0,105,0,105,0,4,129,0,133,130,0,130,263
02/21/2007,BDR,CT,ANE,EN,Federal Contract Tower,0,2,29,0,31,0,0,151,0,151,0,2,180,0,182,142,0,142,324
02/22/2007,BDR,CT,ANE,EN,Federal Contract Tower,0,3,20,0,23,0,0,24,1,25,0,3,44,1,48,38,0,38,86
02/23/2007,BDR,CT,ANE,EN,Federal Contract Tower,0,4,12,0,16,0,0,30,0,30,0,4,42,0,46,8,0,8,54
02/24/2007,BDR,CT,ANE,EN,Federal Contract Tower,0,3,6,0,9,0,0,53,0,53,0,3,59,0,62,50,0,50,112
02/25/2007,BDR,CT,ANE,EN,Federal Contract Tower,0,2,16,0,18,0,0,168,0,168,0,2,184,0,186,260,0,260,446
02/26/2007,BDR,CT,ANE,EN,Federal Contract Tower,0,2,13,0,15,0,3,5,0,8,0,5,18,0,23,0,0,0,23
02/27/2007,BDR,CT,ANE,EN,Federal Contract Tower,0,4,28,4,36,0,2,45,0,47,0,6,73,4,83,40,0,40,123
02/28/2007,BDR,CT,ANE,EN,Federal Contract Tower,0,1,24,0,25,0,1,148,0,149,0,2,172,0,174,136,0,136,310
03/01/2007,BDR,CT,ANE,EN,Federal Contract Tower,0,8,22,0,30,0,0,86,0,86,0,8,108,0,116,212,0,212,328
03/02/2007,BDR,CT,ANE,EN,Federal Contract Tower,0,2,14,0,16,0,0,19,0,19,0,2,33,0,35,20,0,20,55
03/03/2007,BDR,CT,ANE,EN,Federal Contract Tower,0,1,8,0,9,0,0,132,0,132,0,1,140,0,141,210,2,212,353
03/04/2007,BDR,CT,ANE,EN,Federal Contract Tower,0,1,21,0,22,0,0,138,0,138,0,1,159,0,160,138,0,138,298
03/05/2007,BDR,CT,ANE,EN,Federal Contract Tower,0,2,17,0,19,0,0,47,0,47,0,2,64,0,66,6,0,6,72
03/06/2007,BDR,CT,ANE,EN,Federal Contract Tower,0,2,17,0,19,0,0,41,0,41,0,2,58,0,60,0,0,0,60
03/07/2007,BDR,CT,ANE,EN,Federal Contract Tower,0,3,18,0,21,0,0,29,4,33,0,3,47,4,54,0,0,0,54
03/08/2007,BDR,CT,ANE,EN,Federal Contract Tower,0,2,20,0,22,0,0,80,4,84,0,2,100,4,106,74,0,74,180
03/09/2007,BDR,CT,ANE,EN,Federal Contract Tower,0,7,24,0,31,0,0,115,12,127,0,7,139,12,158,188,6,194,352
03/10/2007,BDR,CT,ANE,EN,Federal Contract Tower,0,8,24,0,32,0,1,60,2,63,0,9,84,2,95,88,0,88,183
03/11/2007,BDR,CT,ANE,EN,Federal Contract Tower,0,6,8,0,14,0,0,117,0,117,0,6,125,0,131,140,0,140,271
03/12/2007,BDR,CT,ANE,EN,Federal Contract Tower,0,4,13,0,17,0,0,105,0,105,0,4,118,0,122,94,0,94,216
03/13/2007,BDR,CT,ANE,EN,Federal Contract Tower,0,3,19,2,24,0,0,93,0,93,0,3,112,2,117,122,0,122,239
03/14/2007,BDR,CT,ANE,EN,Federal Contract Tower,0,8,15,0,23,0,0,95,6,101,0,8,110,6,124,132,0,132,256
03/15/2007,BDR,CT,ANE,EN,Federal Contract Tower,0,8,21,0,29,0,0,38,2,40,0,8,59,2,69,0,2,2,71
03/16/2007,BDR,CT,ANE,EN,Federal Contract Tower,0,4,3,0,7,0,0,0,0,0,0,4,3,0,7,0,0,0,7
03/17/2007,BDR,CT,ANE,EN,Federal Contract Tower,0,0,9,0,9,0,0,6,0,6,0,0,15,0,15,10,0,10,25
03/18/2007,BDR,CT,ANE,EN,Federal Contract Tower,0,0,10,0,10,0,0,52,0,52,0,0,62,0,62,52,0,52,114
03/19/2007,BDR,CT,ANE,EN,Federal Contract Tower,0,6,10,0,16,0,0,100,0,100,0,6,110,0,116,106,0,106,222
03/20/2007,BDR,CT,ANE,EN,Federal Contract Tower,0,4,24,0,28,0,0,77,0,77,0,4,101,0,105,62,0,62,167
03/21/2007,BDR,CT,ANE,EN,Federal Contract Tower,0,4,22,0,26,0,0,109,0,109,0,4,131,0,135,146,2,148,283
03/22/2007,BDR,CT,ANE,EN,Federal Contract Tower,0,3,19,1,23,0,0,30,0,30,0,3,49,1,53,24,0,24,77
03/23/2007,BDR,CT,ANE,EN,Federal Contract Tower,0,8,18,0,26,0,0,107,2,109,0,8,125,2,135,98,0,98,233
03/24/2007,BDR,CT,ANE,EN,Federal Contract Tower,0,2,19,0,21,0,0,108,0,108,0,2,127,0,129,200,0,200,329
03/25/2007,BDR,CT,ANE,EN,Federal Contract Tower,0,5,21,0,26,0,0,124,2,126,0,5,145,2,152,200,0,200,352
03/26/2007,BDR,CT,ANE,EN,Federal Contract Tower,0,5,28,0,33,0,0,70,0,70,0,5,98,0,103,60,0,60,163
03/27/2007,BDR,CT,ANE,EN,Federal Contract Tower,0,4,28,0,32,0,0,109,0,109,0,4,137,0,141,108,0,108,249
03/28/2007,BDR,CT,ANE,EN,Federal Contract Tower,0,8,34,0,42,0,0,118,8,126,0,8,152,8,168,0,176,176,344
03/29/2007,BDR,CT,ANE,EN,Federal Contract Tower,0,4,31,0,35,0,0,79,0,79,0,4,110,0,114,36,0,36,150
03/30/2007,BDR,CT,ANE,EN,Federal Contract Tower,0,3,21,0,24,0,0,129,8,137,0,3,150,8,161,194,0,194,355
03/31/2007,BDR,CT,ANE,EN,Federal Contract Tower,0,4,20,0,24,0,0,147,6,153,0,4,167,6,177,240,0,240,417
04/01/2007,BDR,CT,ANE,EN,Federal Contract Tower,0,1,18,0,19,0,1,87,0,88,0,2,105,0,107,204,0,204,311
04/02/2007,BDR,CT,ANE,EN,Federal Contract Tower,0,9,31,0,40,0,0,30,0,30,0,9,61,0,70,16,0,16,86
04/03/2007,BDR,CT,ANE,EN,Federal Contract Tower,0,13,29,0,42,0,0,70,0,70,0,13,99,0,112,110,0,110,222
04/04/2007,BDR,CT,ANE,EN,Federal Contract Tower,0,11,22,0,33,0,0,2,0,2,0,11,24,0,35,0,0,0,35
04/05/2007,BDR,CT,ANE,EN,Federal Contract Tower,0,9,25,0,34,0,0,80,8,88,0,9,105,8,122,28,0,28,150
04/06/2007,BDR,CT,ANE,EN,Federal Contract Tower,0,4,20,0,24,0,1,102,0,103,0,5,122,0,127,258,0,258,385
04/07/2007,BDR,CT,ANE,EN,Federal Contract Tower,0,3,9,0,12,0,0,134,0,134,0,3,143,0,146,234,2,236,382
04/08/2007,BDR,CT,ANE,EN,Federal Contract Tower,0,5,24,0,29,0,0,50,0,50,0,5,74,0,79,78,0,78,157
04/09/2007,BDR,CT,ANE,EN,Federal Contract Tower,0,2,25,0,27,0,0,112,0,112,0,2,137,0,139,126,0,126,265
04/10/2007,BDR,CT,ANE,EN,Federal Contract Tower,0,8,14,0,22,0,0,125,8,133,0,8,139,8,155,176,2,178,333
04/11/2007,BDR,CT,ANE,EN,Federal Contract Tower,0,9,29,0,38,0,1,130,0,131,0,10,159,0,169,142,0,142,311
04/12/2007,BDR,CT,ANE,EN,Federal Contract Tower,0,1,15,0,16,0,0,5,0,5,0,1,20,0,21,0,0,0,21
04/13/2007,BDR,CT,ANE,EN,Federal Contract Tower,0,5,24,0,29,0,0,73,2,75,0,5,97,2,104,48,0,48,152
04/14/2007,BDR,CT,ANE,EN,Federal Contract Tower,0,2,12,0,14,0,0,147,2,149,0,2,159,2,163,248,0,248,411
04/15/2007,BDR,CT,ANE,EN,Federal Contract Tower,0,1,9,0,10,0,0,0,0,0,0,1,9,0,10,0,0,0,10
04/16/2007,BDR,CT,ANE,EN,Federal Contract Tower,0,3,5,0,8,0,0,2,0,2,0,3,7,0,10,0,0,0,10
04/17/2007,BDR,CT,ANE,EN,Federal Contract Tower,0,4,20,0,24,0,0,34,0,34,0,4,54,0,58,0,0,0,58
04/18/2007,BDR,CT,ANE,EN,Federal Contract Tower,0,6,15,0,21,0,1,94,4,99,0,7,109,4,120,140,0,140,260
04/19/2007,BDR,CT,ANE,EN,Federal Contract Tower,0,3,20,0,23,0,0,106,0,106,0,3,126,0,129,178,0,178,307
04/20/2007,BDR,CT,ANE,EN,Federal Contract Tower,0,5,13,0,18,0,0,138,0,138,0,5,151,0,156,182,0,182,338
04/21/2007,BDR,CT,ANE,EN,Federal Contract Tower,0,6,12,0,18,0,0,136,2,138,0,6,148,2,156,242,0,242,398
04/22/2007,BDR,CT,ANE,EN,Federal Contract Tower,0,5,14,0,19,0,0,145,0,145,0,5,159,0,164,184,0,184,348
04/23/2007,BDR,CT,ANE,EN,Federal Contract Tower,0,6,26,0,32,0,0,147,2,149,0,6,173,2,181,216,0,216,397
04/24/2007,BDR,CT,ANE,EN,Federal Contract Tower,0,6,19,0,25,0,0,123,2,125,0,6,142,2,150,92,0,92,242
04/25/2007,BDR,CT,ANE,EN,Federal Contract Tower,0,2,22,0,24,0,1,121,0,122,0,3,143,0,146,88,0,88,234
04/26/2007,BDR,CT,ANE,EN,Federal Contract Tower,0,5,13,2,20,0,0,102,20,122,0,5,115,22,142,158,2,160,302
04/27/2007,BDR,CT,ANE,EN,Federal Contract Tower,0,9,14,0,23,0,0,2,0,2,0,9,16,0,25,0,0,0,25
04/28/2007,BDR,CT,ANE,EN,Federal Contract Tower,0,3,23,0,26,0,0,62,0,62,0,3,85,0,88,178,0,178,266
04/29/2007,BDR,CT,ANE,EN,Federal Contract Tower,0,6,28,0,34,0,0,116,0,116,0,6,144,0,150,198,0,198,348
04/30/2007,BDR,CT,ANE,EN,Federal Contract Tower,0,2,19,0,21,0,1,91,2,94,0,3,110,2,115,48,0,48,163
05/01/2007,BDR,CT,ANE,EN,Federal Contract Tower,0,15,22,0,37,0,1,117,2,120,0,16,139,2,157,150,0,150,307
05/02/2007,BDR,CT,ANE,EN,Federal Contract Tower,0,9,23,0,32,0,1,91,2,94,0,10,114,2,126,96,0,96,222
05/03/2007,BDR,CT,ANE,EN,Federal Contract Tower,0,9,17,0,26,0,0,154,2,156,0,9,171,2,182,216,0,216,398
05/04/2007,BDR,CT,ANE,EN,Federal Contract Tower,0,18,15,0,33,0,0,130,0,130,0,18,145,0,163,192,0,192,355
05/05/2007,BDR,CT,ANE,EN,Federal Contract Tower,0,1,11,0,12,0,1,180,0,181,0,2,191,0,193,228,0,228,421
05/06/2007,BDR,CT,ANE,EN,Federal Contract Tower,0,5,13,0,18,0,1,104,0,105,0,6,117,0,123,158,0,158,281
05/07/2007,BDR,CT,ANE,EN,Federal Contract Tower,0,4,19,0,23,0,0,132,2,134,0,4,151,2,157,154,0,154,311
05/08/2007,BDR,CT,ANE,EN,Federal Contract Tower,0,12,28,0,40,0,0,123,0,123,0,12,151,0,163,190,0,190,353
05/09/2007,BDR,CT,ANE,EN,Federal Contract Tower,0,17,11,0,28,0,0,151,10,161,0,17,162,10,189,224,0,224,413
05/10/2007,BDR,CT,ANE,EN,Federal Contract Tower,0,7,17,0,24,0,0,36,0,36,0,7,53,0,60,79,0,79,139
05/11/2007,BDR,CT,ANE,EN,Federal Contract Tower,0,13,35,0,48,0,1,14,0,15,0,14,49,0,63,10,0,10,73
05/12/2007,BDR,CT,ANE,EN,Federal Contract Tower,0,3,11,1,15,0,0,304,8,312,0,3,315,9,327,194,16,210,537
05/13/2007,BDR,CT,ANE,EN,Federal Contract Tower,0,5,10,0,15,0,0,133,0,133,0,5,143,0,148,186,0,186,334
05/14/2007,BDR,CT,ANE,EN,Federal Contract Tower,0,8,10,2,20,0,0,122,0,122,0,8,132,2,142,108,0,108,250
05/15/2007,BDR,CT,ANE,EN,Federal Contract Tower,0,7,16,2,25,0,2,109,0,111,0,9,125,2,136,84,0,84,220
05/16/2007,BDR,CT,ANE,EN,Federal Contract Tower,0,7,15,0,22,0,0,93,0,93,0,7,108,0,115,86,0,86,201
05/17/2007,BDR,CT,ANE,EN,Federal Contract Tower,0,7,32,0,39,0,0,93,2,95,0,7,125,2,134,200,0,200,334
05/18/2007,BDR,CT,ANE,EN,Federal Contract Tower,0,5,30,0,35,0,0,25,0,25,0,5,55,0,60,4,0,4,64
05/19/2007,BDR,CT,ANE,EN,Federal Contract Tower,0,4,21,0,25,0,0,43,0,43,0,4,64,0,68,50,0,50,118
05/20/2007,BDR,CT,ANE,EN,Federal Contract Tower,0,3,20,0,23,0,0,84,10,94,0,3,104,10,117,116,12,128,245
05/21/2007,BDR,CT,ANE,EN,Federal Contract Tower,0,8,15,0,23,0,0,140,16,156,0,8,155,16,179,236,4,240,419
05/22/2007,BDR,CT,ANE,EN,Federal Contract Tower,0,9,21,0,30,0,0,160,2,162,0,9,181,2,192,176,0,176,368
05/23/2007,BDR,CT,ANE,EN,Federal Contract Tower,0,13,19,0,32,0,1,210,0,211,0,14,229,0,243,272,0,272,515
05/24/2007,BDR,CT,ANE,EN,Federal Contract Tower,0,8,23,0,31,0,3,125,2,130,0,11,148,2,161,234,0,234,395
05/25/2007,BDR,CT,ANE,EN,Federal Contract Tower,0,11,33,0,44,0,0,119,2,121,0,11,152,2,165,208,0,208,373
05/26/2007,BDR,CT,ANE,EN,Federal Contract Tower,0,7,18,0,25,0,0,127,0,127,0,7,145,0,152,195,0,195,347
05/27/2007,BDR,CT,ANE,EN,Federal Contract Tower,0,5,8,0,13,0,0,113,1,114,0,5,121,1,127,150,0,150,277
05/28/2007,BDR,CT,ANE,EN,Federal Contract Tower,0,6,22,0,28,0,1,134,8,143,0,7,156,8,171,260,16,276,447
05/29/2007,BDR,CT,ANE,EN,Federal Contract Tower,0,13,16,0,29,0,1,160,0,161,0,14,176,0,190,188,2,190,380
05/30/2007,BDR,CT,ANE,EN,Federal Contract Tower,0,7,15,0,22,0,0,142,2,144,0,7,157,2,166,188,0,188,354
05/31/2007,BDR,CT,ANE,EN,Federal Contract Tower,0,3,21,0,24,0,5,145,4,154,0,8,166,4,178,232,2,234,412
06/01/2007,BDR,CT,ANE,EN,Federal Contract Tower,0,9,22,0,31,0,0,82,10,92,0,9,104,10,123,92,0,92,215
06/02/2007,BDR,CT,ANE,EN,Federal Contract Tower,0,1,11,0,12,0,1,101,0,102,0,2,112,0,114,114,0,114,228
06/03/2007,BDR,CT,ANE,EN,Federal Contract Tower,0,2,24,0,26,0,0,63,0,63,0,2,87,0,89,120,0,120,209
06/04/2007,BDR,CT,ANE,EN,Federal Contract Tower,0,3,24,0,27,0,0,17,0,17,0,3,41,0,44,0,0,0,44
06/05/2007,BDR,CT,ANE,EN,Federal Contract Tower,0,14,21,0,35,0,0,91,2,93,0,14,112,2,128,88,10,98,226
06/06/2007,BDR,CT,ANE,EN,Federal Contract Tower,0,12,28,0,40,0,0,163,2,165,0,12,191,2,205,212,0,212,417
06/07/2007,BDR,CT,ANE,EN,Federal Contract Tower,0,6,21,0,27,0,2,170,4,176,0,8,191,4,203,176,0,176,379
06/08/2007,BDR,CT,ANE,EN,Federal Contract Tower,0,12,28,0,40,0,3,102,6,111,0,15,130,6,151,90,0,90,241
06/09/2007,BDR,CT,ANE,EN,Federal Contract Tower,0,0,13,0,13,0,0,1,0,1,0,0,14,0,14,12,0,12,26
06/10/2007,BDR,CT,ANE,EN,Federal Contract Tower,0,3,33,0,36,0,0,105,2,107,0,3,138,2,143,210,0,210,353
06/11/2007,BDR,CT,ANE,EN,Federal Contract Tower,0,7,24,0,31,0,0,108,4,112,0,7,132,4,143,104,0,104,247
06/12/2007,BDR,CT,ANE,EN,Federal Contract Tower,0,8,18,0,26,0,4,98,2,104,0,12,116,2,130,120,0,120,250
06/13/2007,BDR,CT,ANE,EN,Federal Contract Tower,0,11,34,0,45,0,3,54,0,57,0,14,88,0,102,62,46,108,210
06/14/2007,BDR,CT,ANE,EN,Federal Contract Tower,0,11,30,0,41,0,0,100,4,104,0,11,130,4,145,142,0,142,287
06/15/2007,BDR,CT,ANE,EN,Federal Contract Tower,0,10,21,0,31,0,1,143,13,157,0,11,164,13,188,168,0,168,356
06/16/2007,BDR,CT,ANE,EN,Federal Contract Tower,0,1,12,0,13,0,0,114,0,114,0,1,126,0,127,138,0,138,265
06/17/2007,BDR,CT,ANE,EN,Federal Contract Tower,0,9,18,0,27,0,0,108,1,109,0,9,126,1,136,160,0,160,296
06/18/2007,BDR,CT,ANE,EN,Federal Contract Tower,0,12,26,0,38,0,2,123,8,133,0,14,149,8,171,146,0,146,317
06/19/2007,BDR,CT,ANE,EN,Federal Contract Tower,0,13,11,0,24,0,0,119,0,119,0,13,130,0,143,128,0,128,271
06/20/2007,BDR,CT,ANE,EN,Federal Contract Tower,0,7,6,0,13,7,105,0,0,112,7,112,6,0,125,118,0,118,243
06/21/2007,BDR,CT,ANE,EN,Federal Contract Tower,0,10,21,0,31,0,0,156,0,156,0,10,177,0,187,168,0,168,355
06/22/2007,BDR,CT,ANE,EN,Federal Contract Tower,0,13,21,0,34,0,0,112,0,112,0,13,133,0,146,112,0,112,258
06/23/2007,BDR,CT,ANE,EN,Federal Contract Tower,0,3,17,0,20,0,1,142,1,144,0,4,159,1,164,204,0,204,368
06/24/2007,BDR,CT,ANE,EN,Federal Contract Tower,0,11,15,0,26,0,0,134,0,134,0,11,149,0,160,186,0,186,346
06/25/2007,BDR,CT,ANE,EN,Federal Contract Tower,0,6,9,0,15,0,1,112,14,127,0,7,121,14,142,108,0,108,250
06/26/2007,BDR,CT,ANE,EN,Federal Contract Tower,0,7,19,0,26,0,2,73,4,79,0,9,92,4,105,78,2,80,185
06/27/2007,BDR,CT,ANE,EN,Federal Contract Tower,0,11,35,0,46,0,0,34,0,34,0,11,69,0,80,12,0,12,92
06/28/2007,BDR,CT,ANE,EN,Federal Contract Tower,0,13,21,0,34,0,0,48,0,48,0,13,69,0,82,6,0,6,88
06/29/2007,BDR,CT,ANE,EN,Federal Contract Tower,0,15,27,0,42,0,1,150,4,155,0,16,177,4,197,0,224,224,421
06/30/2007,BDR,CT,ANE,EN,Federal Contract Tower,0,4,24,0,28,0,1,168,0,169,0,5,192,0,197,200,0,200,397
07/01/2007,BDR,CT,ANE,EN,Federal Contract Tower,0,5,23,0,28,0,2,139,0,141,0,7,162,0,169,138,0,138,307
07/02/2007,BDR,CT,ANE,EN,Federal Contract Tower,0,6,15,0,21,0,5,112,6,123,0,11,127,6,144,108,0,108,252
07/03/2007,BDR,CT,ANE,EN,Federal Contract Tower,0,8,13,0,21,0,0,147,2,149,0,8,160,2,170,96,0,96,266
07/04/2007,BDR,CT,ANE,EN,Federal Contract Tower,0,20,0,0,20,0,77,6,0,83,0,97,6,0,103,48,0,48,151
07/05/2007,BDR,CT,ANE,EN,Federal Contract Tower,0,9,24,0,33,0,0,41,2,43,0,9,65,2,76,16,0,16,92
07/06/2007,BDR,CT,ANE,EN,Federal Contract Tower,0,10,0,0,10,10,82,0,0,92,10,92,0,0,102,82,2,84,186
07/07/2007,BDR,CT,ANE,EN,Federal Contract Tower,0,1,12,0,13,0,2,146,0,148,0,3,158,0,161,146,0,146,307
07/08/2007,BDR,CT,ANE,EN,Federal Contract Tower,0,9,25,0,34,0,2,137,0,139,0,11,162,0,173,156,0,156,329
07/09/2007,BDR,CT,ANE,EN,Federal Contract Tower,0,15,24,2,41,0,4,76,6,86,0,19,100,8,127,62,0,62,189
07/10/2007,BDR,CT,ANE,EN,Federal Contract Tower,0,9,24,0,33,0,0,46,0,46,0,9,70,0,79,14,0,14,93
07/11/2007,BDR,CT,ANE,EN,Federal Contract Tower,0,8,44,0,52,0,0,23,0,23,0,8,67,0,75,0,36,36,111
07/12/2007,BDR,CT,ANE,EN,Federal Contract Tower,0,7,16,0,23,0,2,134,6,142,0,9,150,6,165,120,28,148,313
07/13/2007,BDR,CT,ANE,EN,Federal Contract Tower,0,12,22,0,34,0,2,126,6,134,0,14,148,6,168,162,0,162,330
07/14/2007,BDR,CT,ANE,EN,Federal Contract Tower,0,4,13,0,17,0,5,157,0,162,0,9,170,0,179,120,0,120,299
07/15/2007,BDR,CT,ANE,EN,Federal Contract Tower,0,5,23,0,28,0,1,111,0,112,0,6,134,0,140,154,0,154,294
07/16/2007,BDR,CT,ANE,EN,Federal Contract Tower,0,1,23,0,24,0,1,114,2,117,0,2,137,2,141,132,0,132,273
07/17/2007,BDR,CT,ANE,EN,Federal Contract Tower,0,9,26,0,35,0,0,96,17,113,0,9,122,17,148,138,0,138,286
07/18/2007,BDR,CT,ANE,EN,Federal Contract Tower,0,15,32,3,50,0,0,27,3,30,0,15,59,6,80,0,0,0,80
07/19/2007,BDR,CT,ANE,EN,Federal Contract Tower,0,14,56,0,70,0,0,19,0,19,0,14,75,0,89,2,0,2,91
07/20/2007,BDR,CT,ANE,EN,Federal Contract Tower,0,11,35,0,46,0,1,117,2,120,0,12,152,2,166,88,0,88,254
07/21/2007,BDR,CT,ANE,EN,Federal Contract Tower,0,7,13,0,20,0,0,172,0,172,0,7,185,0,192,172,0,172,364
07/22/2007,BDR,CT,ANE,EN,Federal Contract Tower,0,16,20,0,36,0,3,158,0,161,0,19,178,0,197,224,0,224,421
07/23/2007,BDR,CT,ANE,EN,Federal Contract Tower,0,4,53,0,57,0,0,7,0,7,0,4,60,0,64,0,0,0,64
07/24/2007,BDR,CT,ANE,EN,Federal Contract Tower,0,18,16,0,34,0,2,126,10,138,0,20,142,10,172,190,0,190,362
07/25/2007,BDR,CT,ANE,EN,Federal Contract Tower,0,15,42,0,57,0,0,115,4,119,0,15,157,4,176,138,0,138,314
07/26/2007,BDR,CT,ANE,EN,Federal Contract Tower,0,15,19,4,38,0,3,142,8,153,0,18,161,12,191,150,0,150,341
07/27/2007,BDR,CT,ANE,EN,Federal Contract Tower,0,21,47,0,68,0,1,87,8,96,0,22,134,8,164,134,2,136,300
07/28/2007,BDR,CT,ANE,EN,Federal Contract Tower,0,13,31,0,44,0,2,36,2,40,0,15,67,2,84,42,0,42,126
07/29/2007,BDR,CT,ANE,EN,Federal Contract Tower,0,9,43,0,52,0,0,31,0,31,0,9,74,0,83,52,0,52,135
07/30/2007,BDR,CT,ANE,EN,Federal Contract Tower,0,6,24,0,30,0,0,105,0,105,0,6,129,0,135,78,0,78,213
07/31/2007,BDR,CT,ANE,EN,Federal Contract Tower,0,8,28,0,36,0,2,140,7,149,0,10,168,7,185,170,0,170,355
08/01/2007,BDR,CT,ANE,EN,Federal Contract Tower,0,6,28,0,34,0,2,138,6,146,0,8,166,6,180,226,0,226,406
08/02/2007,BDR,CT,ANE,EN,Federal Contract Tower,0,9,15,0,24,0,2,124,2,128,0,11,139,2,152,138,0,138,290
08/03/2007,BDR,CT,ANE,EN,Federal Contract Tower,0,21,24,0,45,0,9,95,4,108,0,30,119,4,153,56,0,56,209
08/04/2007,BDR,CT,ANE,EN,Federal Contract Tower,0,4,33,0,37,0,2,122,5,129,0,6,155,5,166,142,0,142,308
08/05/2007,BDR,CT,ANE,EN,Federal Contract Tower,0,6,14,0,20,0,0,160,2,162,0,6,174,2,182,218,0,218,400
08/06/2007,BDR,CT,ANE,EN,Federal Contract Tower,0,19,40,0,59,0,5,33,0,38,0,24,73,0,97,6,0,6,103
08/07/2007,BDR,CT,ANE,EN,Federal Contract Tower,0,14,34,0,48,0,0,73,22,95,0,14,107,22,143,126,0,126,269
08/08/2007,BDR,CT,ANE,EN,Federal Contract Tower,0,9,0,0,9,9,78,0,0,87,9,87,0,0,96,90,0,90,186
08/09/2007,BDR,CT,ANE,EN,Federal Contract Tower,0,6,20,0,26,0,0,127,6,133,0,6,147,6,159,110,2,112,271
08/10/2007,BDR,CT,ANE,EN,Federal Contract Tower,0,14,38,0,52,0,2,41,2,45,0,16,79,2,97,0,0,0,97
08/11/2007,BDR,CT,ANE,EN,Federal Contract Tower,0,2,15,0,17,0,0,157,8,165,0,2,172,8,182,162,0,162,344
08/12/2007,BDR,CT,ANE,EN,Federal Contract Tower,0,11,17,0,28,0,3,167,0,170,0,14,184,0,198,238,0,238,436
08/13/2007,BDR,CT,ANE,EN,Federal Contract Tower,0,2,27,0,29,0,7,93,0,100,0,9,120,0,129,120,0,120,249
08/14/2007,BDR,CT,ANE,EN,Federal Contract Tower,0,10,10,0,20,0,2,138,3,143,0,12,148,3,163,144,0,144,307
08/15/2007,BDR,CT,ANE,EN,Federal Contract Tower,0,10,25,0,35,0,1,109,10,120,0,11,134,10,155,198,0,198,353
08/16/2007,BDR,CT,ANE,EN,Federal Contract Tower,0,12,47,0,59,0,1,79,2,82,0,13,126,2,141,90,0,90,231
08/17/2007,BDR,CT,ANE,EN,Federal Contract Tower,0,9,30,0,39,0,6,127,0,133,0,15,157,0,172,88,0,88,260
08/18/2007,BDR,CT,ANE,EN,Federal Contract Tower,0,8,12,0,20,0,3,91,0,94,0,11,103,0,114,98,0,98,212
08/19/2007,BDR,CT,ANE,EN,Federal Contract Tower,0,2,21,0,23,0,1,140,4,145,0,3,161,4,168,200,0,200,368
08/20/2007,BDR,CT,ANE,EN,Federal Contract Tower,0,3,20,0,23,0,4,70,0,74,0,7,90,0,97,118,0,118,215
08/21/2007,BDR,CT,ANE,EN,Federal Contract Tower,0,11,31,1,43,0,0,16,0,16,0,11,47,1,59,6,0,6,65
08/22/2007,BDR,CT,ANE,EN,Federal Contract Tower,0,5,30,0,35,0,0,72,2,74,0,5,102,2,109,58,0,58,167
08/23/2007,BDR,CT,ANE,EN,Federal Contract Tower,0,14,41,3,58,0,4,86,5,95,0,18,127,8,153,108,0,108,261
08/24/2007,BDR,CT,ANE,EN,Federal Contract Tower,0,14,42,0,56,0,0,108,4,112,0,14,150,4,168,54,0,54,222
08/25/2007,BDR,CT,ANE,EN,Federal Contract Tower,0,3,28,0,31,0,0,12,0,12,0,3,40,0,43,28,0,28,71
08/26/2007,BDR,CT,ANE,EN,Federal Contract Tower,0,2,24,0,26,0,5,119,0,124,0,7,143,0,150,187,0,187,337
08/27/2007,BDR,CT,ANE,EN,Federal Contract Tower,0,8,9,0,17,0,2,138,8,148,0,10,147,8,165,194,0,194,359
08/28/2007,BDR,CT,ANE,EN,Federal Contract Tower,0,10,21,4,35,0,2,188,0,190,0,12,209,4,225,260,0,260,485
08/29/2007,BDR,CT,ANE,EN,Federal Contract Tower,0,5,29,0,34,0,4,149,2,155,0,9,178,2,189,248,0,248,437
08/30/2007,BDR,CT,ANE,EN,Federal Contract Tower,0,7,19,2,28,0,2,132,4,138,0,9,151,6,166,184,0,184,350
08/31/2007,BDR,CT,ANE,EN,Federal Contract Tower,0,7,29,0,36,0,10,116,5,131,0,17,145,5,167,122,0,122,289
09/01/2007,BDR,CT,ANE,EN,Federal Contract Tower,0,8,12,0,20,0,0,121,0,121,0,8,133,0,141,136,0,136,277
09/02/2007,BDR,CT,ANE,EN,Federal Contract Tower,0,2,6,0,8,0,0,162,0,162,0,2,168,0,170,162,0,162,332
09/03/2007,BDR,CT,ANE,EN,Federal Contract Tower,0,8,10,0,18,0,2,139,0,141,0,10,149,0,159,140,0,140,299
09/04/2007,BDR,CT,ANE,EN,Federal Contract Tower,0,5,12,0,17,0,1,153,4,158,0,6,165,4,175,166,0,166,341
09/05/2007,BDR,CT,ANE,EN,Federal Contract Tower,0,4,25,2,31,0,0,156,0,156,0,4,181,2,187,216,0,216,403
09/06/2007,BDR,CT,ANE,EN,Federal Contract Tower,0,10,28,4,42,0,2,96,10,108,0,12,124,14,150,242,0,242,392
09/07/2007,BDR,CT,ANE,EN,Federal Contract Tower,0,8,32,0,40,0,2,149,4,155,0,10,181,4,195,214,0,214,409
09/08/2007,BDR,CT,ANE,EN,Federal Contract Tower,0,3,7,0,10,0,0,102,2,104,0,3,109,2,114,158,0,158,272
09/09/2007,BDR,CT,ANE,EN,Federal Contract Tower,0,4,20,0,24,0,1,130,0,131,0,5,150,0,155,218,0,218,373
09/10/2007,BDR,CT,ANE,EN,Federal Contract Tower,0,9,31,0,40,0,0,3,2,5,0,9,34,2,45,0,0,0,45
09/11/2007,BDR,CT,ANE,EN,Federal Contract Tower,0,2,16,0,18,0,0,8,0,8,0,2,24,0,26,8,0,8,34
09/12/2007,BDR,CT,ANE,EN,Federal Contract Tower,0,8,22,0,30,0,2,134,6,142,0,10,156,6,172,228,0,228,400
09/13/2007,BDR,CT,ANE,EN,Federal Contract Tower,0,5,17,2,24,0,2,140,4,146,0,7,157,6,170,198,0,198,368
09/14/2007,BDR,CT,ANE,EN,Federal Contract Tower,0,9,27,0,36,0,4,143,0,147,0,13,170,0,183,172,2,174,357
09/15/2007,BDR,CT,ANE,EN,Federal Contract Tower,0,3,29,0,32,0,0,54,0,54,0,3,83,0,86,56,0,56,142
09/16/2007,BDR,CT,ANE,EN,Federal Contract Tower,0,6,15,0,21,0,5,170,2,177,0,11,185,2,198,162,2,164,362
09/17/2007,BDR,CT,ANE,EN,Federal Contract Tower,0,14,15,0,29,0,3,131,6,140,0,17,146,6,169,216,0,216,385
09/18/2007,BDR,CT,ANE,EN,Federal Contract Tower,0,9,22,0,31,0,1,102,6,109,0,10,124,6,140,116,0,116,256
09/19/2007,BDR,CT,ANE,EN,Federal Contract Tower,0,9,25,0,34,0,0,183,2,185,0,9,208,2,219,236,0,236,455
09/20/2007,BDR,CT,ANE,EN,Federal Contract Tower,0,14,34,0,48,0,2,145,2,149,0,16,179,2,197,154,0,154,351
09/21/2007,BDR,CT,ANE,EN,Federal Contract Tower,0,16,33,6,55,0,0,165,4,169,0,16,198,10,224,226,0,226,450
09/22/2007,BDR,CT,ANE,EN,Federal Contract Tower,0,1,30,0,31,0,0,48,0,48,0,1,78,0,79,82,0,82,161
09/23/2007,BDR,CT,ANE,EN,Federal Contract Tower,0,7,19,0,26,0,0,171,0,171,0,7,190,0,197,108,0,108,305
09/24/2007,BDR,CT,ANE,EN,Federal Contract Tower,0,6,20,2,28,0,3,98,4,105,0,9,118,6,133,120,0,120,253
09/25/2007,BDR,CT,ANE,EN,Federal Contract Tower,0,9,36,0,45,0,7,111,6,124,0,16,147,6,169,230,0,230,399
09/26/2007,BDR,CT,ANE,EN,Federal Contract Tower,0,11,31,0,42,0,3,119,8,130,0,14,150,8,172,224,0,224,396
09/27/2007,BDR,CT,ANE,EN,Federal Contract Tower,0,7,32,3,42,0,1,48,3,52,0,8,80,6,94,38,0,38,132
09/28/2007,BDR,CT,ANE,EN,Federal Contract Tower,0,15,38,0,53,0,1,117,0,118,0,16,155,0,171,168,0,168,339
09/29/2007,BDR,CT,ANE,EN,Federal Contract Tower,0,2,7,0,9,0,0,120,6,126,0,2,127,6,135,132,0,132,267
09/30/2007,BDR,CT,ANE,EN,Federal Contract Tower,0,7,12,0,19,0,0,142,6,148,0,7,154,6,167,140,0,140,307
10/01/2007,BDR,CT,ANE,EN,Federal Contract Tower,0,11,23,0,34,0,2,114,0,116,0,13,137,0,150,202,0,202,352
10/02/2007,BDR,CT,ANE,EN,Federal Contract Tower,0,8,26,0,34,0,6,73,4,83,0,14,99,4,117,130,2,132,249
10/03/2007,BDR,CT,ANE,EN,Federal Contract Tower,0,20,33,1,54,0,0,19,2,21,0,20,52,3,75,20,2,22,97
10/04/2007,BDR,CT,ANE,EN,Federal Contract Tower,0,5,44,0,49,0,1,66,0,67,0,6,110,0,116,74,0,74,190
10/05/2007,BDR,CT,ANE,EN,Federal Contract Tower,0,22,42,0,64,0,0,40,0,40,0,22,82,0,104,2,0,2,106
10/06/2007,BDR,CT,ANE,EN,Federal Contract Tower,0,2,8,0,10,0,0,49,0,49,0,2,57,0,59,58,0,58,117
10/07/2007,BDR,CT,ANE,EN,Federal Contract Tower,0,3,22,0,25,0,0,105,0,105,0,3,127,0,130,178,0,178,308
10/08/2007,BDR,CT,ANE,EN,Federal Contract Tower,0,9,24,0,33,0,1,80,0,81,0,10,104,0,114,130,0,130,244
10/09/2007,BDR,CT,ANE,EN,Federal Contract Tower,0,16,21,0,37,0,3,70,0,73,0,19,91,0,110,60,0,60,170
10/10/2007,BDR,CT,ANE,EN,Federal Contract Tower,0,9,41,2,52,0,0,1,0,1,0,9,42,2,53,0,0,0,53
10/11/2007,BDR,CT,ANE,EN,Federal Contract Tower,0,12,48,4,64,0,0,9,1,10,0,12,57,5,74,0,0,0,74
10/12/2007,BDR,CT,ANE,EN,Federal Contract Tower,0,6,19,0,25,0,0,50,0,50,0,6,69,0,75,22,4,26,101
10/13/2007,BDR,CT,ANE,EN,Federal Contract Tower,0,4,5,0,9,0,1,116,22,139,0,5,121,22,148,162,0,162,310
10/14/2007,BDR,CT,ANE,EN,Federal Contract Tower,0,2,18,0,20,0,1,171,0,172,0,3,189,0,192,176,0,176,368
10/15/2007,BDR,CT,ANE,EN,Federal Contract Tower,0,7,19,1,27,0,4,117,0,121,0,11,136,1,148,178,0,178,326
10/16/2007,BDR,CT,ANE,EN,Federal Contract Tower,0,6,21,1,28,0,7,118,5,130,0,13,139,6,158,126,14,140,298
10/17/2007,BDR,CT,ANE,EN,Federal Contract Tower,0,9,23,1,33,0,2,72,0,74,0,11,95,1,107,104,0,104,211
10/18/2007,BDR,CT,ANE,EN,Federal Contract Tower,0,8,27,0,35,0,1,43,0,44,0,9,70,0,79,36,0,36,115
10/19/2007,BDR,CT,ANE,EN,Federal Contract Tower,0,16,35,0,51,0,0,6,0,6,0,16,41,0,57,0,0,0,57
10/20/2007,BDR,CT,ANE,EN,Federal Contract Tower,0,3,8,0,11,0,1,81,4,86,0,4,89,4,97,174,0,174,271
10/21/2007,BDR,CT,ANE,EN,Federal Contract Tower,0,8,20,0,28,0,0,230,0,230,0,8,250,0,258,316,0,316,574
10/22/2007,BDR,CT,ANE,EN,Federal Contract Tower,0,8,18,0,26,0,5,118,3,126,0,13,136,3,152,124,0,124,276
10/23/2007,BDR,CT,ANE,EN,Federal Contract Tower,0,7,26,0,33,0,0,64,2,66,0,7,90,2,99,76,2,78,177
10/24/2007,BDR,CT,ANE,EN,Federal Contract Tower,0,9,24,0,33,0,2,52,0,54,0,11,76,0,87,18,0,18,105
10/25/2007,BDR,CT,ANE,EN,Federal Contract Tower,0,5,38,0,43,0,4,65,5,74,0,9,103,5,117,86,2,88,205
10/26/2007,BDR,CT,ANE,EN,Federal Contract Tower,0,17,40,0,57,0,1,36,2,39,0,18,76,2,96,130,0,130,226
10/27/2007,BDR,CT,ANE,EN,Federal Contract Tower,0,2,15,0,17,0,0,5,0,5,0,2,20,0,22,4,0,4,26
10/28/2007,BDR,CT,ANE,EN,Federal Contract Tower,0,10,18,0,28,0,2,98,2,102,0,12,116,2,130,111,0,111,241
10/29/2007,BDR,CT,ANE,EN,Federal Contract Tower,0,4,7,0,11,0,1,112,6,119,0,5,119,6,130,210,0,210,340
10/30/2007,BDR,CT,ANE,EN,Federal Contract Tower,0,9,16,0,25,0,2,123,5,130,0,11,139,5,155,158,0,158,313
10/31/2007,BDR,CT,ANE,EN,Federal Contract Tower,0,5,14,0,19,0,3,125,6,134,0,8,139,6,153,174,0,174,327
11/01/2007,BDR,CT,ANE,EN,Federal Contract Tower,0,12,19,0,31,0,3,88,2,93,0,15,107,2,124,108,0,108,232
11/02/2007,BDR,CT,ANE,EN,Federal Contract Tower,0,9,28,0,37,0,0,88,0,88,0,9,116,0,125,170,0,170,295
11/03/2007,BDR,CT,ANE,EN,Federal Contract Tower,0,0,1,0,1,0,0,16,0,16,0,0,17,0,17,12,0,12,29
11/04/2007,BDR,CT,ANE,EN,Federal Contract Tower,0,1,19,0,20,0,0,139,0,139,0,1,158,0,159,236,0,236,395
11/05/2007,BDR,CT,ANE,EN,Federal Contract Tower,0,7,7,2,16,0,3,116,0,119,0,10,123,2,135,194,0,194,329
11/06/2007,BDR,CT,ANE,EN,Federal Contract Tower,0,12,5,2,19,0,0,50,0,50,0,12,55,2,69,58,0,58,127
11/07/2007,BDR,CT,ANE,EN,Federal Contract Tower,0,22,21,0,43,0,1,125,11,137,0,23,146,11,180,196,0,196,376
11/08/2007,BDR,CT,ANE,EN,Federal Contract Tower,0,15,20,0,35,0,0,108,4,112,0,15,128,4,147,144,0,144,291
11/09/2007,BDR,CT,ANE,EN,Federal Contract Tower,0,16,22,2,40,0,1,54,0,55,0,17,76,2,95,98,0,98,193
11/10/2007,BDR,CT,ANE,EN,Federal Contract Tower,0,0,6,0,6,0,5,77,0,82,0,5,83,0,88,182,0,182,270
11/11/2007,BDR,CT,ANE,EN,Federal Contract Tower,0,12,16,0,28,0,2,129,0,131,0,14,145,0,159,217,0,217,376
11/12/2007,BDR,CT,ANE,EN,Federal Contract Tower,0,7,24,0,31,0,1,92,0,93,0,8,116,0,124,160,0,160,284
11/13/2007,BDR,CT,ANE,EN,Federal Contract Tower,0,15,21,0,36,0,0,62,0,62,0,15,83,0,98,54,0,54,152
11/14/2007,BDR,CT,ANE,EN,Federal Contract Tower,0,4,23,2,29,0,0,83,0,83,0,4,106,2,112,148,2,150,262
11/15/2007,BDR,CT,ANE,EN,Federal Contract Tower,0,8,29,0,37,0,1,19,0,20,0,9,48,0,57,32,0,32,89
11/16/2007,BDR,CT,ANE,EN,Federal Contract Tower,0,16,16,0,32,0,0,24,2,26,0,16,40,2,58,4,2,6,64
11/17/2007,BDR,CT,ANE,EN,Federal Contract Tower,0,1,19,0,20,0,0,86,0,86,0,1,105,0,106,136,0,136,242
11/18/2007,BDR,CT,ANE,EN,Federal Contract Tower,0,2,20,0,22,0,0,79,0,79,0,2,99,0,101,208,0,208,309
11/19/2007,BDR,CT,ANE,EN,Federal Contract Tower,0,10,24,2,36,0,9,54,0,63,0,19,78,2,99,106,0,106,205
11/20/2007,BDR,CT,ANE,EN,Federal Contract Tower,0,21,26,0,47,0,1,10,2,13,0,22,36,2,60,0,0,0,60
11/21/2007,BDR,CT,ANE,EN,Federal Contract Tower,0,15,86,0,101,0,0,18,0,18,0,15,104,0,119,18,0,18,137
11/22/2007,BDR,CT,ANE,EN,Federal Contract Tower,0,3,16,0,19,0,0,22,0,22,0,3,38,0,41,92,0,92,133
11/23/2007,BDR,CT,ANE,EN,Federal Contract Tower,0,5,7,0,12,0,4,87,2,93,0,9,94,2,105,158,0,158,263
11/24/2007,BDR,CT,ANE,EN,Federal Contract Tower,0,5,21,0,26,0,0,105,0,105,0,5,126,0,131,180,0,180,311
11/25/2007,BDR,CT,ANE,EN,Federal Contract Tower,0,8,44,0,52,0,0,117,0,117,0,8,161,0,169,162,0,162,331
11/26/2007,BDR,CT,ANE,EN,Federal Contract Tower,0,10,23,0,33,0,1,0,0,1,0,11,23,0,34,0,0,0,34
11/27/2007,BDR,CT,ANE,EN,Federal Contract Tower,0,18,18,0,36,0,8,44,4,56,0,26,62,4,92,98,0,98,190
11/28/2007,BDR,CT,ANE,EN,Federal Contract Tower,0,10,20,0,30,0,0,90,0,90,0,10,110,0,120,156,0,156,276
11/29/2007,BDR,CT,ANE,EN,Federal Contract Tower,0,14,22,4,40,0,0,42,0,42,0,14,64,4,82,68,0,68,150
11/30/2007,BDR,CT,ANE,EN,Federal Contract Tower,0,12,11,4,27,0,0,81,1,82,0,12,92,5,109,164,0,164,273
12/01/2007,BDR,CT,ANE,EN,Federal Contract Tower,0,3,7,0,10,0,0,60,0,60,0,3,67,0,70,18,0,18,88
12/02/2007,BDR,CT,ANE,EN,Federal Contract Tower,0,5,22,0,27,0,0,4,0,4,0,5,26,0,31,8,0,8,39
12/03/2007,BDR,CT,ANE,EN,Federal Contract Tower,0,3,9,0,12,0,0,27,4,31,0,3,36,4,43,0,0,0,43
12/04/2007,BDR,CT,ANE,EN,Federal Contract Tower,0,13,4,0,17,0,2,27,4,33,0,15,31,4,50,4,0,4,54
12/05/2007,BDR,CT,ANE,EN,Federal Contract Tower,0,8,18,2,28,0,1,59,2,62,0,9,77,4,90,102,0,102,192
12/06/2007,BDR,CT,ANE,EN,Federal Contract Tower,0,5,18,0,23,0,4,86,0,90,0,9,104,0,113,192,4,196,309
12/07/2007,BDR,CT,ANE,EN,Federal Contract Tower,0,9,25,0,34,0,1,41,4,46,0,10,66,4,80,144,0,144,224
12/08/2007,BDR,CT,ANE,EN,Federal Contract Tower,0,0,15,0,15,0,0,104,1,105,0,0,119,1,120,206,0,206,326
12/09/2007,BDR,CT,ANE,EN,Federal Contract Tower,0,2,23,0,25,0,0,28,0,28,0,2,51,0,53,90,0,90,143
12/10/2007,BDR,CT,ANE,EN,Federal Contract Tower,0,10,24,0,34,0,0,20,0,20,0,10,44,0,54,74,0,74,128
12/11/2007,BDR,CT,ANE,EN,Federal Contract Tower,0,11,21,0,32,0,2,83,4,89,0,13,104,4,121,88,0,88,209
12/12/2007,BDR,CT,ANE,EN,Federal Contract Tower,0,8,28,2,38,0,0,35,0,35,0,8,63,2,73,36,0,36,109
12/13/2007,BDR,CT,ANE,EN,Federal Contract Tower,0,2,3,0,5,0,0,5,0,5,0,2,8,0,10,0,0,0,10
12/14/2007,BDR,CT,ANE,EN,Federal Contract Tower,0,3,20,2,25,0,0,47,0,47,0,3,67,2,72,78,6,84,156
12/15/2007,BDR,CT,ANE,EN,Federal Contract Tower,0,0,18,0,18,0,0,73,0,73,0,0,91,0,91,146,0,146,237
12/16/2007,BDR,CT,ANE,EN,Federal Contract Tower,0,0,1,0,1,0,0,0,0,0,0,0,1,0,1,0,0,0,1
12/17/2007,BDR,CT,ANE,EN,Federal Contract Tower,0,7,11,0,18,0,0,22,0,22,0,7,33,0,40,10,0,10,50
12/18/2007,BDR,CT,ANE,EN,Federal Contract Tower,0,3,24,0,27,0,1,94,2,97,0,4,118,2,124,148,0,148,272
12/19/2007,BDR,CT,ANE,EN,Federal Contract Tower,0,15,25,0,40,0,4,67,4,75,0,19,92,4,115,182,0,182,297
12/20/2007,BDR,CT,ANE,EN,Federal Contract Tower,0,2,14,0,16,0,0,64,0,64,0,2,78,0,80,126,0,126,206
12/21/2007,BDR,CT,ANE,EN,Federal Contract Tower,0,7,29,2,38,0,3,59,0,62,0,10,88,2,100,38,0,38,138
12/22/2007,BDR,CT,ANE,EN,Federal Contract Tower,0,10,17,0,27,0,0,72,0,72,0,10,89,0,99,168,0,168,267
12/23/2007,BDR,CT,ANE,EN,Federal Contract Tower,0,0,12,0,12,0,0,7,0,7,0,0,19,0,19,4,0,4,23
12/24/2007,BDR,CT,ANE,EN,Federal Contract Tower,0,1,0,0,1,0,0,37,2,39,0,1,37,2,40,42,0,42,82
12/25/2007,BDR,CT,ANE,EN,Federal Contract Tower,0,4,7,0,11,0,0,47,2,49,0,4,54,2,60,66,0,66,126
12/26/2007,BDR,CT,ANE,EN,Federal Contract Tower,0,9,12,0,21,0,1,85,0,86,0,10,97,0,107,158,0,158,265
12/27/2007,BDR,CT,ANE,EN,Federal Contract Tower,0,6,15,2,23,0,0,6,0,6,0,6,21,2,29,32,0,32,61
12/28/2007,BDR,CT,ANE,EN,Federal Contract Tower,0,4,12,0,16,0,0,97,4,101,0,4,109,4,117,140,0,140,257
12/29/2007,BDR,CT,ANE,EN,Federal Contract Tower,0,3,12,0,15,0,0,55,0,55,0,3,67,0,70,92,0,92,162
12/30/2007,BDR,CT,ANE,EN,Federal Contract Tower,0,0,6,0,6,0,0,64,0,64,0,0,70,0,70,190,0,190,260
12/31/2007,BDR,CT,ANE,EN,Federal Contract Tower,0,0,6,0,6,0,2,37,0,39,0,2,43,0,45,82,0,82,127
01/01/2008,BDR,CT,ANE,EN,Federal Contract Tower,0,6,22,0,28,0,0,9,0,9,0,6,31,0,37,6,0,6,43
01/02/2008,BDR,CT,ANE,EN,Federal Contract Tower,0,6,13,2,21,0,1,28,0,29,0,7,41,2,50,20,0,20,70
01/03/2008,BDR,CT,ANE,EN,Federal Contract Tower,0,9,8,0,17,0,1,39,3,43,0,10,47,3,60,94,0,94,154
01/04/2008,BDR,CT,ANE,EN,Federal Contract Tower,0,8,14,0,22,0,0,41,0,41,0,8,55,0,63,54,0,54,117
01/05/2008,BDR,CT,ANE,EN,Federal Contract Tower,0,0,13,0,13,0,0,82,0,82,0,0,95,0,95,182,0,182,277
01/06/2008,BDR,CT,ANE,EN,Federal Contract Tower,0,3,17,0,20,0,0,65,0,65,0,3,82,0,85,134,0,134,219
01/07/2008,BDR,CT,ANE,EN,Federal Contract Tower,0,5,12,2,19,0,6,45,0,51,0,11,57,2,70,86,0,86,156
01/08/2008,BDR,CT,ANE,EN,Federal Contract Tower,0,13,30,2,45,0,0,70,0,70,0,13,100,2,115,152,0,152,267
01/09/2008,BDR,CT,ANE,EN,Federal Contract Tower,0,6,6,0,12,0,0,9,0,9,0,6,15,0,21,28,0,28,49
01/10/2008,BDR,CT,ANE,EN,Federal Contract Tower,0,10,16,0,26,0,0,98,0,98,0,10,114,0,124,106,0,106,230
01/11/2008,BDR,CT,ANE,EN,Federal Contract Tower,0,1,22,0,23,0,1,5,0,6,0,2,27,0,29,14,0,14,43
01/12/2008,BDR,CT,ANE,EN,Federal Contract Tower,0,4,14,0,18,0,0,179,0,179,0,4,193,0,197,172,0,172,369
01/13/2008,BDR,CT,ANE,EN,Federal Contract Tower,0,8,22,0,30,0,0,122,0,122,0,8,144,0,152,266,0,266,418
01/14/2008,BDR,CT,ANE,EN,Federal Contract Tower,0,3,7,0,10,0,0,8,0,8,0,3,15,0,18,0,0,0,18
01/15/2008,BDR,CT,ANE,EN,Federal Contract Tower,0,10,22,4,36,0,3,72,0,75,0,13,94,4,111,104,0,104,215
01/16/2008,BDR,CT,ANE,EN,Federal Contract Tower,0,4,23,2,29,0,0,101,2,103,0,4,124,4,132,36,0,36,168
01/17/2008,BDR,CT,ANE,EN,Federal Contract Tower,0,6,15,0,21,0,1,92,2,95,0,7,107,2,116,86,0,86,202
01/18/2008,BDR,CT,ANE,EN,Federal Contract Tower,0,6,15,2,23,0,1,45,0,46,0,7,60,2,69,22,0,22,91
01/19/2008,BDR,CT,ANE,EN,Federal Contract Tower,0,1,11,0,12,0,0,97,2,99,0,1,108,2,111,166,0,166,277
01/20/2008,BDR,CT,ANE,EN,Federal Contract Tower,0,1,12,0,13,0,0,42,0,42,0,1,54,0,55,44,0,44,99
01/21/2008,BDR,CT,ANE,EN,Federal Contract Tower,0,9,17,0,26,0,0,75,0,75,0,9,92,0,101,142,0,142,243
01/22/2008,BDR,CT,ANE,EN,Federal Contract Tower,0,3,18,0,21,0,0,23,0,23,0,3,41,0,44,20,0,20,64
01/23/2008,BDR,CT,ANE,EN,Federal Contract Tower,0,3,12,0,15,0,2,98,2,102,0,5,110,2,117,110,0,110,227
01/24/2008,BDR,CT,ANE,EN,Federal Contract Tower,0,4,15,3,22,0,1,57,0,58,0,5,72,3,80,40,2,42,122
01/25/2008,BDR,CT,ANE,EN,Federal Contract Tower,0,2,16,0,18,0,1,89,6,96,0,3,105,6,114,62,0,62,176
01/26/2008,BDR,CT,ANE,EN,Federal Contract Tower,0,2,11,0,13,0,2,110,0,112,0,4,121,0,125,174,0,174,299
01/27/2008,BDR,CT,ANE,EN,Federal Contract Tower,0,0,16,0,16,0,0,41,0,41,0,0,57,0,57,90,0,90,147
01/28/2008,BDR,CT,ANE,EN,Federal Contract Tower,0,4,14,0,18,0,2,62,0,64,0,6,76,0,82,14,0,14,96
01/29/2008,BDR,CT,ANE,EN,Federal Contract Tower,0,1,25,0,26,0,2,44,0,46,0,3,69,0,72,74,0,74,146
01/30/2008,BDR,CT,ANE,EN,Federal Contract Tower,0,8,15,0,23,0,0,33,2,35,0,8,48,2,58,0,0,0,58
01/31/2008,BDR,CT,ANE,EN,Federal Contract Tower,0,9,13,0,22,0,1,87,0,88,0,10,100,0,110,106,0,106,216
02/01/2008,BDR,CT,ANE,EN,Federal Contract Tower,0,4,11,0,15,0,0,4,0,4,0,4,15,0,19,0,0,0,19
02/02/2008,BDR,CT,ANE,EN,Federal Contract Tower,0,1,15,0,16,0,3,72,0,75,0,4,87,0,91,224,0,224,315
02/03/2008,BDR,CT,ANE,EN,Federal Contract Tower,0,4,17,0,21,0,0,133,0,133,0,4,150,0,154,253,0,253,407
02/04/2008,BDR,CT,ANE,EN,Federal Contract Tower,0,10,17,0,27,0,1,35,0,36,0,11,52,0,63,56,0,56,119
02/05/2008,BDR,CT,ANE,EN,Federal Contract Tower,0,7,28,0,35,0,0,6,0,6,0,7,34,0,41,0,0,0,41
02/06/2008,BDR,CT,ANE,EN,Federal Contract Tower,0,1,17,0,18,0,0,9,0,9,0,1,26,0,27,0,0,0,27
02/07/2008,BDR,CT,ANE,EN,Federal Contract Tower,0,5,22,0,27,0,1,69,0,70,0,6,91,0,97,162,2,164,261
02/08/2008,BDR,CT,ANE,EN,Federal Contract Tower,0,9,14,0,23,0,1,52,8,61,0,10,66,8,84,58,2,60,144
02/09/2008,BDR,CT,ANE,EN,Federal Contract Tower,0,1,8,0,9,0,0,24,0,24,0,1,32,0,33,104,0,104,137
02/10/2008,BDR,CT,ANE,EN,Federal Contract Tower,0,5,12,0,17,0,1,9,0,10,0,6,21,0,27,18,0,18,45
02/11/2008,BDR,CT,ANE,EN,Federal Contract Tower,0,6,16,0,22,0,0,22,0,22,0,6,38,0,44,0,0,0,44
02/12/2008,BDR,CT,ANE,EN,Federal Contract Tower,0,4,17,0,21,0,0,44,1,45,0,4,61,1,66,50,0,50,116
02/13/2008,BDR,CT,ANE,EN,Federal Contract Tower,0,3,14,1,18,0,0,0,0,0,0,3,14,1,18,0,0,0,18
02/14/2008,BDR,CT,ANE,EN,Federal Contract Tower,0,13,25,0,38,0,0,90,0,90,0,13,115,0,128,62,0,62,190
02/15/2008,BDR,CT,ANE,EN,Federal Contract Tower,0,8,33,0,41,0,0,56,4,60,0,8,89,4,101,42,0,42,143
02/16/2008,BDR,CT,ANE,EN,Federal Contract Tower,0,1,14,0,15,0,0,74,0,74,0,1,88,0,89,198,0,198,287
02/17/2008,BDR,CT,ANE,EN,Federal Contract Tower,0,2,15,0,17,0,0,58,0,58,0,2,73,0,75,148,0,148,223
02/18/2008,BDR,CT,ANE,EN,Federal Contract Tower,0,4,17,0,21,0,1,6,0,7,0,5,23,0,28,0,0,0,28
02/19/2008,BDR,CT,ANE,EN,Federal Contract Tower,0,13,26,6,45,0,2,46,1,49,0,15,72,7,94,8,0,8,102
02/20/2008,BDR,CT,ANE,EN,Federal Contract Tower,0,5,19,4,28,0,0,77,1,78,0,5,96,5,106,74,0,74,180
02/21/2008,BDR,CT,ANE,EN,Federal Contract Tower,0,9,17,0,26,0,1,81,4,86,0,10,98,4,112,44,0,44,156
02/22/2008,BDR,CT,ANE,EN,Federal Contract Tower,0,1,3,0,4,0,0,0,0,0,0,1,3,0,4,0,0,0,4
02/23/2008,BDR,CT,ANE,EN,Federal Contract Tower,0,9,7,0,16,0,0,8,2,10,0,9,15,2,26,22,2,24,50
02/24/2008,BDR,CT,ANE,EN,Federal Contract Tower,0,7,26,0,33,0,0,116,0,116,0,7,142,0,149,194,0,194,343
02/25/2008,BDR,CT,ANE,EN,Federal Contract Tower,0,7,14,0,21,0,3,111,2,116,0,10,125,2,137,84,0,84,221
02/26/2008,BDR,CT,ANE,EN,Federal Contract Tower,0,8,14,2,24,0,2,11,0,13,0,10,25,2,37,0,0,0,37
02/27/2008,BDR,CT,ANE,EN,Federal Contract Tower,0,5,27,1,33,0,0,20,1,21,0,5,47,2,54,16,0,16,70
02/28/2008,BDR,CT,ANE,EN,Federal Contract Tower,0,7,14,0,21,0,0,84,1,85,0,7,98,1,106,72,0,72,178
02/29/2008,BDR,CT,ANE,EN,Federal Contract Tower,0,2,11,0,13,0,4,85,0,89,0,6,96,0,102,150,0,150,252
03/01/2008,BDR,CT,ANE,EN,Federal Contract Tower,0,1,8,0,9,0,0,13,0,13,0,1,21,0,22,32,0,32,54
03/02/2008,BDR,CT,ANE,EN,Federal Contract Tower,0,2,20,0,22,0,0,127,0,127,0,2,147,0,149,132,0,132,281
03/03/2008,BDR,CT,ANE,EN,Federal Contract Tower,0,3,11,0,14,0,0,93,0,93,0,3,104,0,107,162,0,162,269
03/04/2008,BDR,CT,ANE,EN,Federal Contract Tower,0,8,13,2,23,0,0,30,2,32,0,8,43,4,55,44,0,44,99
03/05/2008,BDR,CT,ANE,EN,Federal Contract Tower,0,4,16,3,23,0,0,14,3,17,0,4,30,6,40,0,2,2,42
03/06/2008,BDR,CT,ANE,EN,Federal Contract Tower,0,2,34,2,38,0,0,139,7,146,0,2,173,9,184,104,0,104,288
03/07/2008,BDR,CT,ANE,EN,Federal Contract Tower,0,0,22,0,22,0,2,89,0,91,0,2,111,0,113,106,0,106,219
03/08/2008,BDR,CT,ANE,EN,Federal Contract Tower,0,2,8,0,10,0,0,0,0,0,0,2,8,0,10,0,0,0,10
03/09/2008,BDR,CT,ANE,EN,Federal Contract Tower,0,3,14,0,17,0,0,32,1,33,0,3,46,1,50,38,0,38,88
03/10/2008,BDR,CT,ANE,EN,Federal Contract Tower,0,4,16,0,20,0,1,76,0,77,0,5,92,0,97,124,0,124,221
03/11/2008,BDR,CT,ANE,EN,Federal Contract Tower,0,14,14,0,28,0,1,112,2,115,0,15,126,2,143,62,0,62,205
03/12/2008,BDR,CT,ANE,EN,Federal Contract Tower,0,10,18,0,28,0,0,50,6,56,0,10,68,6,84,88,0,88,172
03/13/2008,BDR,CT,ANE,EN,Federal Contract Tower,0,9,16,0,25,0,0,86,2,88,0,9,102,2,113,186,0,186,299
03/14/2008,BDR,CT,ANE,EN,Federal Contract Tower,0,9,22,0,31,0,0,95,2,97,0,9,117,2,128,162,0,162,290
03/15/2008,BDR,CT,ANE,EN,Federal Contract Tower,0,2,25,0,27,0,1,44,0,45,0,3,69,0,72,168,0,168,240
03/16/2008,BDR,CT,ANE,EN,Federal Contract Tower,0,2,22,0,24,0,0,24,0,24,0,2,46,0,48,78,0,78,126
03/17/2008,BDR,CT,ANE,EN,Federal Contract Tower,0,4,18,0,22,0,0,68,0,68,0,4,86,0,90,22,0,22,112
03/18/2008,BDR,CT,ANE,EN,Federal Contract Tower,0,1,31,2,34,0,1,79,0,80,0,2,110,2,114,126,0,126,240
03/19/2008,BDR,CT,ANE,EN,Federal Contract Tower,0,3,13,1,17,0,5,1,0,6,0,8,14,1,23,6,2,8,31
03/20/2008,BDR,CT,ANE,EN,Federal Contract Tower,0,10,24,2,36,0,0,38,3,41,0,10,62,5,77,0,0,0,77
03/21/2008,BDR,CT,ANE,EN,Federal Contract Tower,0,2,24,0,26,0,2,38,0,40,0,4,62,0,66,4,0,4,70
03/22/2008,BDR,CT,ANE,EN,Federal Contract Tower,0,2,29,0,31,0,0,135,0,135,0,2,164,0,166,144,8,152,318
03/23/2008,BDR,CT,ANE,EN,Federal Contract Tower,0,3,16,0,19,0,0,110,0,110,0,3,126,0,129,136,0,136,265
03/24/2008,BDR,CT,ANE,EN,Federal Contract Tower,0,2,11,2,15,0,1,107,0,108,0,3,118,2,123,108,0,108,231
03/25/2008,BDR,CT,ANE,EN,Federal Contract Tower,0,10,17,2,29,0,0,85,2,87,0,10,102,4,116,102,0,102,218
03/26/2008,BDR,CT,ANE,EN,Federal Contract Tower,0,5,19,0,24,0,1,72,2,75,0,6,91,2,99,80,0,80,179
03/27/2008,BDR,CT,ANE,EN,Federal Contract Tower,0,8,14,0,22,0,1,49,0,50,0,9,63,0,72,40,0,40,112
03/28/2008,BDR,CT,ANE,EN,Federal Contract Tower,0,3,17,0,20,0,0,20,0,20,0,3,37,0,40,6,0,6,46
03/29/2008,BDR,CT,ANE,EN,Federal Contract Tower,0,0,12,0,12,0,0,79,0,79,0,0,91,0,91,56,0,56,147
03/30/2008,BDR,CT,ANE,EN,Federal Contract Tower,0,3,20,0,23,0,0,188,0,188,0,3,208,0,211,186,0,186,397
03/31/2008,BDR,CT,ANE,EN,Federal Contract Tower,0,3,15,0,18,0,1,23,0,24,0,4,38,0,42,26,0,26,68
04/01/2008,BDR,CT,ANE,EN,Federal Contract Tower,0,7,18,0,25,0,1,7,6,14,0,8,25,6,39,0,0,0,39
04/02/2008,BDR,CT,ANE,EN,Federal Contract Tower,0,5,21,0,26,0,0,47,0,47,0,5,68,0,73,14,0,14,87
04/03/2008,BDR,CT,ANE,EN,Federal Contract Tower,0,10,21,0,31,0,0,132,0,132,0,10,153,0,163,250,0,250,413
04/04/2008,BDR,CT,ANE,EN,Federal Contract Tower,0,9,9,0,18,0,0,0,0,0,0,9,9,0,18,0,0,0,18
04/05/2008,BDR,CT,ANE,EN,Federal Contract Tower,0,4,20,0,24,0,1,67,0,68,0,5,87,0,92,94,0,94,186
04/06/2008,BDR,CT,ANE,EN,Federal Contract Tower,0,8,36,0,44,0,0,71,0,71,0,8,107,0,115,146,0,146,261
04/07/2008,BDR,CT,ANE,EN,Federal Contract Tower,0,10,29,0,39,0,0,56,2,58,0,10,85,2,97,50,0,50,147
04/08/2008,BDR,CT,ANE,EN,Federal Contract Tower,0,10,21,0,31,0,2,101,0,103,0,12,122,0,134,140,0,140,274
04/09/2008,BDR,CT,ANE,EN,Federal Contract Tower,0,10,26,0,36,0,0,79,0,79,0,10,105,0,115,88,0,88,203
04/10/2008,BDR,CT,ANE,EN,Federal Contract Tower,0,18,22,0,40,0,0,106,6,112,0,18,128,6,152,86,0,86,238
04/11/2008,BDR,CT,ANE,EN,Federal Contract Tower,0,18,33,0,51,0,2,39,0,41,0,20,72,0,92,42,0,42,134
04/12/2008,BDR,CT,ANE,EN,Federal Contract Tower,0,0,16,0,16,0,0,19,0,19,0,0,35,0,35,62,0,62,97
04/13/2008,BDR,CT,ANE,EN,Federal Contract Tower,0,8,17,0,25,0,0,58,0,58,0,8,75,0,83,220,0,220,303
04/14/2008,BDR,CT,ANE,EN,Federal Contract Tower,0,4,8,0,12,0,0,72,0,72,0,4,80,0,84,136,0,136,220
04/15/2008,BDR,CT,ANE,EN,Federal Contract Tower,0,11,22,0,33,0,0,104,0,104,0,11,126,0,137,126,0,126,263
04/16/2008,BDR,CT,ANE,EN,Federal Contract Tower,0,5,21,0,26,0,2,75,0,77,0,7,96,0,103,254,0,254,357
04/17/2008,BDR,CT,ANE,EN,Federal Contract Tower,0,14,2,0,16,0,0,139,2,141,0,14,141,2,157,154,0,154,311
04/18/2008,BDR,CT,ANE,EN,Federal Contract Tower,0,9,25,0,34,0,0,112,0,112,0,9,137,0,146,236,0,236,382
04/19/2008,BDR,CT,ANE,EN,Federal Contract Tower,0,3,9,0,12,0,0,92,0,92,0,3,101,0,104,180,0,180,284
04/20/2008,BDR,CT,ANE,EN,Federal Contract Tower,0,6,34,0,40,0,1,41,0,42,0,7,75,0,82,18,0,18,100
04/21/2008,BDR,CT,ANE,EN,Federal Contract Tower,0,8,19,0,27,0,0,72,0,72,0,8,91,0,99,32,0,32,131
04/22/2008,BDR,CT,ANE,EN,Federal Contract Tower,0,7,22,2,31,0,0,55,0,55,0,7,77,2,86,58,0,58,144
04/23/2008,BDR,CT,ANE,EN,Federal Contract Tower,0,4,26,6,36,0,1,98,14,113,0,5,124,20,149,132,0,132,281
04/24/2008,BDR,CT,ANE,EN,Federal Contract Tower,0,8,17,0,25,0,0,97,0,97,0,8,114,0,122,80,0,80,202
04/25/2008,BDR,CT,ANE,EN,Federal Contract Tower,0,14,21,0,35,0,0,84,0,84,0,14,105,0,119,154,0,154,273
04/26/2008,BDR,CT,ANE,EN,Federal Contract Tower,0,1,19,0,20,0,0,66,1,67,0,1,85,1,87,106,0,106,193
04/27/2008,BDR,CT,ANE,EN,Federal Contract Tower,0,6,36,0,42,0,0,45,2,47,0,6,81,2,89,52,0,52,141
04/28/2008,BDR,CT,ANE,EN,Federal Contract Tower,0,8,11,0,19,0,3,0,2,5,0,11,11,2,24,0,0,0,24
04/29/2008,BDR,CT,ANE,EN,Federal Contract Tower,0,10,10,0,20,0,2,40,0,42,0,12,50,0,62,4,0,4,66
04/30/2008,BDR,CT,ANE,EN,Federal Contract Tower,0,11,24,0,35,0,0,108,0,108,0,11,132,0,143,188,0,188,331
05/01/2008,BDR,CT,ANE,EN,Federal Contract Tower,0,6,10,0,16,0,2,95,3,100,0,8,105,3,116,110,0,110,226
05/02/2008,BDR,CT,ANE,EN,Federal Contract Tower,0,4,47,0,51,0,0,4,0,4,0,4,51,0,55,0,0,0,55
05/03/2008,BDR,CT,ANE,EN,Federal Contract Tower,0,0,15,0,15,0,0,6,0,6,0,0,21,0,21,30,0,30,51
05/04/2008,BDR,CT,ANE,EN,Federal Contract Tower,0,5,30,0,35,0,0,56,2,58,0,5,86,2,93,94,0,94,187
05/05/2008,BDR,CT,ANE,EN,Federal Contract Tower,0,6,22,0,28,0,1,139,0,140,0,7,161,0,168,168,0,168,336
05/06/2008,BDR,CT,ANE,EN,Federal Contract Tower,0,7,20,0,27,0,3,121,0,124,0,10,141,0,151,144,2,146,297
05/07/2008,BDR,CT,ANE,EN,Federal Contract Tower,0,12,19,4,35,0,3,129,2,134,0,15,148,6,169,140,0,140,309
05/08/2008,BDR,CT,ANE,EN,Federal Contract Tower,0,12,18,0,30,0,0,69,0,69,0,12,87,0,99,90,0,90,189
05/09/2008,BDR,CT,ANE,EN,Federal Contract Tower,0,9,20,0,29,0,2,8,0,10,0,11,28,0,39,8,0,8,47
05/10/2008,BDR,CT,ANE,EN,Federal Contract Tower,0,4,14,0,18,0,0,228,0,228,0,4,242,0,246,210,0,210,456
05/11/2008,BDR,CT,ANE,EN,Federal Contract Tower,0,6,12,0,18,0,0,126,0,126,0,6,138,0,144,126,0,126,270
05/12/2008,BDR,CT,ANE,EN,Federal Contract Tower,0,2,25,0,27,0,0,14,0,14,0,2,39,0,41,0,0,0,41
05/13/2008,BDR,CT,ANE,EN,Federal Contract Tower,0,5,17,0,22,0,0,82,0,82,0,5,99,0,104,66,0,66,170
05/14/2008,BDR,CT,ANE,EN,Federal Contract Tower,0,9,20,0,29,0,1,154,6,161,0,10,174,6,190,222,0,222,412
05/15/2008,BDR,CT,ANE,EN,Federal Contract Tower,0,11,23,0,34,0,0,85,2,87,0,11,108,2,121,180,0,180,301
05/16/2008,BDR,CT,ANE,EN,Federal Contract Tower,0,4,30,0,34,0,0,32,0,32,0,4,62,0,66,38,0,38,104
05/17/2008,BDR,CT,ANE,EN,Federal Contract Tower,0,5,15,0,20,0,2,93,0,95,0,7,108,0,115,184,0,184,299
05/18/2008,BDR,CT,ANE,EN,Federal Contract Tower,0,9,27,0,36,0,0,105,0,105,0,9,132,0,141,108,0,108,249
05/19/2008,BDR,CT,ANE,EN,Federal Contract Tower,0,12,12,0,24,0,1,58,6,65,0,13,70,6,89,42,0,42,131
05/20/2008,BDR,CT,ANE,EN,Federal Contract Tower,0,10,12,0,22,0,5,52,0,57,0,15,64,0,79,122,0,122,201
05/21/2008,BDR,CT,ANE,EN,Federal Contract Tower,0,8,21,0,29,0,5,107,6,118,0,13,128,6,147,246,0,246,393
05/22/2008,BDR,CT,ANE,EN,Federal Contract Tower,0,9,18,0,27,0,3,51,2,56,0,12,69,2,83,60,0,60,143
05/23/2008,BDR,CT,ANE,EN,Federal Contract Tower,0,12,23,0,35,0,1,119,0,120,0,13,142,0,155,120,0,120,275
05/24/2008,BDR,CT,ANE,EN,Federal Contract Tower,0,1,7,0,8,0,2,98,2,102,0,3,105,2,110,118,0,118,228
05/25/2008,BDR,CT,ANE,EN,Federal Contract Tower,0,3,7,0,10,0,2,164,4,170,0,5,171,4,180,324,0,324,504
05/26/2008,BDR,CT,ANE,EN,Federal Contract Tower,0,9,20,0,29,0,1,113,6,120,0,10,133,6,149,98,0,98,247
05/27/2008,BDR,CT,ANE,EN,Federal Contract Tower,0,14,27,0,41,0,1,34,4,39,0,15,61,4,80,66,0,66,146
05/28/2008,BDR,CT,ANE,EN,Federal Contract Tower,0,9,16,2,27,0,10,79,0,89,0,19,95,2,116,196,0,196,312
05/29/2008,BDR,CT,ANE,EN,Federal Contract Tower,0,9,16,2,27,0,3,138,6,147,0,12,154,8,174,296,0,296,470
05/30/2008,BDR,CT,ANE,EN,Federal Contract Tower,0,9,16,0,25,0,0,123,2,125,0,9,139,2,150,218,0,218,368
05/31/2008,BDR,CT,ANE,EN,Federal Contract Tower,0,0,3,0,3,0,0,9,0,9,0,0,12,0,12,36,0,36,48
06/01/2008,BDR,CT,ANE,EN,Federal Contract Tower,0,5,8,0,13,0,0,151,0,151,0,5,159,0,164,172,0,172,336
06/02/2008,BDR,CT,ANE,EN,Federal Contract Tower,0,8,20,0,28,0,3,127,0,130,0,11,147,0,158,174,0,174,332
06/03/2008,BDR,CT,ANE,EN,Federal Contract Tower,0,3,15,3,21,0,1,93,4,98,0,4,108,7,119,122,0,122,241
06/04/2008,BDR,CT,ANE,EN,Federal Contract Tower,0,6,34,0,40,0,0,12,0,12,0,6,46,0,52,50,0,50,102
06/05/2008,BDR,CT,ANE,EN,Federal Contract Tower,0,9,40,0,49,0,2,52,6,60,0,11,92,6,109,80,0,80,189
06/06/2008,BDR,CT,ANE,EN,Federal Contract Tower,0,6,42,0,48,0,0,42,0,42,0,6,84,0,90,114,0,114,204
06/07/2008,BDR,CT,ANE,EN,Federal Contract Tower,0,0,15,0,15,0,0,73,0,73,0,0,88,0,88,128,0,128,216
06/08/2008,BDR,CT,ANE,EN,Federal Contract Tower,0,3,11,0,14,0,2,95,0,97,0,5,106,0,111,110,0,110,221
06/09/2008,BDR,CT,ANE,EN,Federal Contract Tower,0,5,18,0,23,0,1,101,2,104,0,6,119,2,127,80,0,80,207
06/10/2008,BDR,CT,ANE,EN,Federal Contract Tower,0,12,5,7,24,0,1,62,18,81,0,13,67,25,105,94,0,94,199
06/11/2008,BDR,CT,ANE,EN,Federal Contract Tower,0,15,28,0,43,0,12,121,2,135,0,27,149,2,178,66,2,68,246
06/12/2008,BDR,CT,ANE,EN,Federal Contract Tower,0,14,12,3,29,0,2,121,3,126,0,16,133,6,155,212,0,212,367
06/13/2008,BDR,CT,ANE,EN,Federal Contract Tower,0,22,18,0,40,0,0,102,2,104,0,22,120,2,144,242,0,242,386
06/14/2008,BDR,CT,ANE,EN,Federal Contract Tower,0,4,12,0,16,0,0,94,6,100,0,4,106,6,116,114,0,114,230
06/15/2008,BDR,CT,ANE,EN,Federal Contract Tower,0,7,55,0,62,0,1,8,0,9,0,8,63,0,71,14,0,14,85
06/16/2008,BDR,CT,ANE,EN,Federal Contract Tower,0,10,35,1,46,0,1,18,1,20,0,11,53,2,66,44,0,44,110
06/17/2008,BDR,CT,ANE,EN,Federal Contract Tower,0,12,23,0,35,0,3,90,2,95,0,15,113,2,130,164,0,164,294
06/18/2008,BDR,CT,ANE,EN,Federal Contract Tower,0,7,21,0,28,0,3,81,0,84,0,10,102,0,112,170,0,170,282
06/19/2008,BDR,CT,ANE,EN,Federal Contract Tower,0,18,17,2,37,0,1,124,4,129,0,19,141,6,166,204,0,204,370
06/20/2008,BDR,CT,ANE,EN,Federal Contract Tower,0,10,14,0,24,0,0,106,0,106,0,10,120,0,130,166,0,166,296
06/21/2008,BDR,CT,ANE,EN,Federal Contract Tower,0,1,24,0,25,0,2,149,0,151,0,3,173,0,176,248,0,248,424
06/22/2008,BDR,CT,ANE,EN,Federal Contract Tower,0,12,21,0,33,0,0,75,0,75,0,12,96,0,108,24,0,24,132
06/23/2008,BDR,CT,ANE,EN,Federal Contract Tower,0,8,36,0,44,0,0,23,0,23,0,8,59,0,67,18,0,18,85
06/24/2008,BDR,CT,ANE,EN,Federal Contract Tower,0,11,29,0,40,0,2,88,0,90,0,13,117,0,130,88,0,88,218
06/25/2008,BDR,CT,ANE,EN,Federal Contract Tower,0,6,20,3,29,0,0,158,1,159,0,6,178,4,188,210,2,212,400
06/26/2008,BDR,CT,ANE,EN,Federal Contract Tower,0,12,28,0,40,0,6,56,0,62,0,18,84,0,102,136,0,136,238
06/27/2008,BDR,CT,ANE,EN,Federal Contract Tower,0,9,21,0,30,0,0,104,0,104,0,9,125,0,134,148,0,148,282
06/28/2008,BDR,CT,ANE,EN,Federal Contract Tower,0,5,16,0,21,0,0,88,1,89,0,5,104,1,110,80,0,80,190
06/29/2008,BDR,CT,ANE,EN,Federal Contract Tower,0,11,23,0,34,0,0,79,2,81,0,11,102,2,115,166,0,166,281
06/30/2008,BDR,CT,ANE,EN,Federal Contract Tower,0,2,20,4,26,0,3,89,0,92,0,5,109,4,118,108,0,108,226
07/01/2008,BDR,CT,ANE,EN,Federal Contract Tower,0,4,13,0,17,0,3,85,0,88,0,7,98,0,105,176,0,176,281
07/02/2008,BDR,CT,ANE,EN,Federal Contract Tower,0,5,22,0,27,0,0,124,0,124,0,5,146,0,151,226,0,226,377
07/03/2008,BDR,CT,ANE,EN,Federal Contract Tower,0,5,16,0,21,0,0,81,0,81,0,5,97,0,102,104,0,104,206
07/04/2008,BDR,CT,ANE,EN,Federal Contract Tower,0,1,25,0,26,0,0,98,3,101,0,1,123,3,127,108,0,108,235
07/05/2008,BDR,CT,ANE,EN,Federal Contract Tower,0,4,17,0,21,0,0,4,0,4,0,4,21,0,25,0,0,0,25
07/06/2008,BDR,CT,ANE,EN,Federal Contract Tower,0,15,55,0,70,0,2,51,0,53,0,17,106,0,123,93,0,93,216
07/07/2008,BDR,CT,ANE,EN,Federal Contract Tower,0,8,34,0,42,0,3,45,0,48,0,11,79,0,90,72,0,72,162
07/08/2008,BDR,CT,ANE,EN,Federal Contract Tower,0,7,18,0,25,0,0,74,0,74,0,7,92,0,99,204,0,204,303
07/09/2008,BDR,CT,ANE,EN,Federal Contract Tower,0,10,12,0,22,0,0,46,0,46,0,10,58,0,68,106,0,106,174
07/10/2008,BDR,CT,ANE,EN,Federal Contract Tower,0,18,20,0,38,0,3,132,1,136,0,21,152,1,174,170,2,172,346
07/11/2008,BDR,CT,ANE,EN,Federal Contract Tower,0,14,14,0,28,0,0,148,0,148,0,14,162,0,176,232,0,232,408
07/12/2008,BDR,CT,ANE,EN,Federal Contract Tower,0,2,13,0,15,0,0,91,0,91,0,2,104,0,106,212,0,212,318
07/13/2008,BDR,CT,ANE,EN,Federal Contract Tower,0,6,23,0,29,0,0,91,2,93,0,6,114,2,122,260,0,260,382
07/14/2008,BDR,CT,ANE,EN,Federal Contract Tower,0,8,24,0,32,0,0,37,0,37,0,8,61,0,69,24,0,24,93
07/15/2008,BDR,CT,ANE,EN,Federal Contract Tower,0,11,14,0,25,0,4,92,0,96,0,15,106,0,121,128,0,128,249
07/16/2008,BDR,CT,ANE,EN,Federal Contract Tower,0,10,15,2,27,0,2,108,4,114,0,12,123,6,141,164,0,164,305
07/17/2008,BDR,CT,ANE,EN,Federal Contract Tower,0,12,14,0,26,0,0,117,0,117,0,12,131,0,143,214,0,214,357
07/18/2008,BDR,CT,ANE,EN,Federal Contract Tower,0,6,39,0,45,0,2,104,0,106,0,8,143,0,151,60,0,60,211
07/19/2008,BDR,CT,ANE,EN,Federal Contract Tower,0,2,16,0,18,0,1,83,0,84,0,3,99,0,102,136,0,136,238
07/20/2008,BDR,CT,ANE,EN,Federal Contract Tower,0,11,31,2,44,0,1,93,0,94,0,12,124,2,138,58,0,58,196
07/21/2008,BDR,CT,ANE,EN,Federal Contract Tower,0,10,18,0,28,0,0,99,0,99,0,10,117,0,127,162,0,162,289
07/22/2008,BDR,CT,ANE,EN,Federal Contract Tower,0,9,22,2,33,0,0,46,2,48,0,9,68,4,81,56,0,56,137
07/23/2008,BDR,CT,ANE,EN,Federal Contract Tower,0,6,20,2,28,0,2,0,0,2,0,8,20,2,30,0,0,0,30
07/24/2008,BDR,CT,ANE,EN,Federal Contract Tower,0,5,31,0,36,0,0,23,0,23,0,5,54,0,59,26,0,26,85
07/25/2008,BDR,CT,ANE,EN,Federal Contract Tower,0,19,25,6,50,0,4,162,0,166,0,23,187,6,216,278,0,278,494
07/26/2008,BDR,CT,ANE,EN,Federal Contract Tower,0,6,7,0,13,0,2,115,0,117,0,8,122,0,130,216,0,216,346
07/27/2008,BDR,CT,ANE,EN,Federal Contract Tower,0,4,23,0,27,0,0,26,0,26,0,4,49,0,53,8,0,8,61
07/28/2008,BDR,CT,ANE,EN,Federal Contract Tower,0,8,29,2,39,0,0,76,0,76,0,8,105,2,115,108,0,108,223
07/29/2008,BDR,CT,ANE,EN,Federal Contract Tower,0,13,20,2,35,0,0,116,2,118,0,13,136,4,153,270,0,270,423
07/30/2008,BDR,CT,ANE,EN,Federal Contract Tower,0,19,18,0,37,0,2,87,0,89,0,21,105,0,126,118,0,118,244
07/31/2008,BDR,CT,ANE,EN,Federal Contract Tower,0,10,33,0,43,0,3,59,0,62,0,13,92,0,105,162,0,162,267
08/01/2008,BDR,CT,ANE,EN,Federal Contract Tower,0,11,33,0,44,0,3,121,0,124,0,14,154,0,168,160,0,160,328
08/02/2008,BDR,CT,ANE,EN,Federal Contract Tower,0,5,7,0,12,0,0,30,0,30,0,5,37,0,42,0,0,0,42
08/03/2008,BDR,CT,ANE,EN,Federal Contract Tower,0,8,17,0,25,0,4,148,0,152,0,12,165,0,177,162,0,162,339
08/04/2008,BDR,CT,ANE,EN,Federal Contract Tower,0,11,21,2,34,0,1,110,0,111,0,12,131,2,145,142,0,142,287
08/05/2008,BDR,CT,ANE,EN,Federal Contract Tower,0,10,11,0,21,0,2,107,0,109,0,12,118,0,130,168,0,168,298
08/06/2008,BDR,CT,ANE,EN,Federal Contract Tower,0,5,26,0,31,0,3,30,4,37,0,8,56,4,68,26,0,26,94
08/07/2008,BDR,CT,ANE,EN,Federal Contract Tower,0,13,18,1,32,0,0,53,0,53,0,13,71,1,85,44,0,44,129
08/08/2008,BDR,CT,ANE,EN,Federal Contract Tower,0,11,27,0,38,0,2,81,0,83,0,13,108,0,121,114,0,114,235
08/09/2008,BDR,CT,ANE,EN,Federal Contract Tower,0,6,6,0,12,0,3,143,0,146,0,9,149,0,158,184,0,184,342
08/10/2008,BDR,CT,ANE,EN,Federal Contract Tower,0,3,16,0,19,0,6,80,0,86,0,9,96,0,105,164,0,164,269
08/11/2008,BDR,CT,ANE,EN,Federal Contract Tower,0,10,32,0,42,0,3,46,0,49,0,13,78,0,91,20,0,20,111
08/12/2008,BDR,CT,ANE,EN,Federal Contract Tower,0,10,16,0,26,0,0,96,0,96,0,10,112,0,122,184,0,184,306
08/13/2008,BDR,CT,ANE,EN,Federal Contract Tower,0,13,14,2,29,0,6,119,0,125,0,19,133,2,154,178,0,178,332
08/14/2008,BDR,CT,ANE,EN,Federal Contract Tower,0,12,29,0,41,0,0,57,4,61,0,12,86,4,102,36,0,36,138
08/15/2008,BDR,CT,ANE,EN,Federal Contract Tower,0,13,24,0,37,0,1,41,0,42,0,14,65,0,79,46,0,46,125
08/16/2008,BDR,CT,ANE,EN,Federal Contract Tower,0,4,11,0,15,0,0,69,0,69,0,4,80,0,84,88,0,88,172
08/17/2008,BDR,CT,ANE,EN,Federal Contract Tower,0,1,20,0,21,0,2,194,0,196,0,3,214,0,217,170,0,170,387
08/18/2008,BDR,CT,ANE,EN,Federal Contract Tower,0,6,15,0,21,0,2,153,0,155,0,8,168,0,176,158,0,158,334
08/19/2008,BDR,CT,ANE,EN,Federal Contract Tower,0,2,17,0,19,0,4,86,0,90,0,6,103,0,109,158,0,158,267
08/20/2008,BDR,CT,ANE,EN,Federal Contract Tower,0,6,15,0,21,0,0,121,0,121,0,6,136,0,142,232,0,232,374
08/21/2008,BDR,CT,ANE,EN,Federal Contract Tower,0,11,21,0,32,0,5,100,0,105,0,16,121,0,137,142,0,142,279
08/22/2008,BDR,CT,ANE,EN,Federal Contract Tower,0,6,18,0,24,0,3,117,0,120,0,9,135,0,144,158,0,158,302
08/23/2008,BDR,CT,ANE,EN,Federal Contract Tower,0,7,9,0,16,0,3,127,4,134,0,10,136,4,150,118,0,118,268
08/24/2008,BDR,CT,ANE,EN,Federal Contract Tower,0,6,19,0,25,0,1,124,0,125,0,7,143,0,150,108,0,108,258
08/25/2008,BDR,CT,ANE,EN,Federal Contract Tower,0,7,17,2,26,0,2,74,0,76,0,9,91,2,102,60,0,60,162
08/26/2008,BDR,CT,ANE,EN,Federal Contract Tower,0,6,11,0,17,0,0,106,0,106,0,6,117,0,123,158,0,158,281
08/27/2008,BDR,CT,ANE,EN,Federal Contract Tower,0,7,21,4,32,0,1,135,0,136,0,8,156,4,168,164,0,164,332
08/28/2008,BDR,CT,ANE,EN,Federal Contract Tower,0,17,13,0,30,0,5,127,4,136,0,22,140,4,166,160,0,160,326
08/29/2008,BDR,CT,ANE,EN,Federal Contract Tower,0,9,30,0,39,0,2,92,0,94,0,11,122,0,133,174,0,174,307
08/30/2008,BDR,CT,ANE,EN,Federal Contract Tower,0,7,18,0,25,0,1,23,2,26,0,8,41,2,51,2,0,2,53
08/31/2008,BDR,CT,ANE,EN,Federal Contract Tower,0,1,16,0,17,0,1,121,0,122,0,2,137,0,139,128,0,128,267
09/01/2008,BDR,CT,ANE,EN,Federal Contract Tower,0,11,23,0,34,0,1,134,0,135,0,12,157,0,169,46,0,46,215
09/02/2008,BDR,CT,ANE,EN,Federal Contract Tower,0,5,16,0,21,0,0,102,4,106,0,5,118,4,127,88,0,88,215
09/03/2008,BDR,CT,ANE,EN,Federal Contract Tower,0,14,12,4,30,0,0,91,0,91,0,14,103,4,121,192,0,192,313
09/04/2008,BDR,CT,ANE,EN,Federal Contract Tower,0,12,20,2,34,0,1,93,0,94,0,13,113,2,128,142,0,142,270
09/05/2008,BDR,CT,ANE,EN,Federal Contract Tower,0,12,24,0,36,0,0,65,4,69,0,12,89,4,105,108,0,108,213
09/06/2008,BDR,CT,ANE,EN,Federal Contract Tower,0,1,2,0,3,0,0,2,0,2,0,1,4,0,5,0,0,0,5
09/07/2008,BDR,CT,ANE,EN,Federal Contract Tower,0,3,9,0,12,0,1,91,0,92,0,4,100,0,104,124,0,124,228
09/08/2008,BDR,CT,ANE,EN,Federal Contract Tower,0,12,22,0,34,0,1,50,1,52,0,13,72,1,86,68,0,68,154
09/09/2008,BDR,CT,ANE,EN,Federal Contract Tower,0,11,20,0,31,0,0,9,0,9,0,11,29,0,40,18,0,18,58
09/10/2008,BDR,CT,ANE,EN,Federal Contract Tower,0,12,23,0,35,0,2,89,0,91,0,14,112,0,126,182,0,182,308
09/11/2008,BDR,CT,ANE,EN,Federal Contract Tower,0,12,16,0,28,0,0,78,0,78,0,12,94,0,106,84,0,84,190
09/12/2008,BDR,CT,ANE,EN,Federal Contract Tower,0,9,28,0,37,0,0,32,2,34,0,9,60,2,71,94,0,94,165
09/13/2008,BDR,CT,ANE,EN,Federal Contract Tower,0,4,19,0,23,0,0,27,0,27,0,4,46,0,50,56,0,56,106
09/14/2008,BDR,CT,ANE,EN,Federal Contract Tower,0,8,44,0,52,0,0,27,0,27,0,8,71,0,79,58,0,58,137
09/15/2008,BDR,CT,ANE,EN,Federal Contract Tower,0,12,14,0,26,0,0,49,2,51,0,12,63,2,77,76,0,76,153
09/16/2008,BDR,CT,ANE,EN,Federal Contract Tower,0,12,24,0,36,0,3,64,0,67,0,15,88,0,103,86,0,86,189
09/17/2008,BDR,CT,ANE,EN,Federal Contract Tower,0,4,19,0,23,0,1,83,0,84,0,5,102,0,107,166,0,166,273
09/18/2008,BDR,CT,ANE,EN,Federal Contract Tower,0,12,18,0,30,0,0,94,0,94,0,12,112,0,124,112,0,112,236
09/19/2008,BDR,CT,ANE,EN,Federal Contract Tower,0,8,20,0,28,0,3,95,0,98,0,11,115,0,126,108,0,108,234
09/20/2008,BDR,CT,ANE,EN,Federal Contract Tower,0,4,15,0,19,0,0,75,4,79,0,4,90,4,98,76,0,76,174
09/21/2008,BDR,CT,ANE,EN,Federal Contract Tower,0,5,15,0,20,0,0,141,0,141,0,5,156,0,161,208,0,208,369
09/22/2008,BDR,CT,ANE,EN,Federal Contract Tower,0,7,22,4,33,0,1,53,0,54,0,8,75,4,87,60,0,60,147
09/23/2008,BDR,CT,ANE,EN,Federal Contract Tower,0,4,19,3,26,0,0,83,0,83,0,4,102,3,109,148,0,148,257
09/24/2008,BDR,CT,ANE,EN,Federal Contract Tower,0,5,15,0,20,0,0,111,2,113,0,5,126,2,133,164,0,164,297
09/25/2008,BDR,CT,ANE,EN,Federal Contract Tower,0,12,19,5,36,0,7,62,0,69,0,19,81,5,105,142,0,142,247
09/26/2008,BDR,CT,ANE,EN,Federal Contract Tower,0,6,26,4,36,0,0,0,0,0,0,6,26,4,36,0,0,0,36
09/27/2008,BDR,CT,ANE,EN,Federal Contract Tower,0,0,16,0,16,0,0,0,0,0,0,0,16,0,16,0,0,0,16
09/28/2008,BDR,CT,ANE,EN,Federal Contract Tower,0,8,28,2,38,0,1,9,0,10,0,9,37,2,48,26,0,26,74
09/29/2008,BDR,CT,ANE,EN,Federal Contract Tower,0,6,13,0,19,0,0,48,2,50,0,6,61,2,69,56,0,56,125
09/30/2008,BDR,CT,ANE,EN,Federal Contract Tower,0,7,21,0,28,0,3,74,12,89,0,10,95,12,117,126,0,126,243
10/01/2008,BDR,CT,ANE,EN,Federal Contract Tower,0,11,20,2,33,0,1,28,2,31,0,12,48,4,64,80,0,80,144
10/02/2008,BDR,CT,ANE,EN,Federal Contract Tower,0,4,20,0,24,0,2,45,0,47,0,6,65,0,71,34,0,34,105
10/03/2008,BDR,CT,ANE,EN,Federal Contract Tower,0,10,21,0,31,0,3,51,2,56,0,13,72,2,87,50,0,50,137
10/04/2008,BDR,CT,ANE,EN,Federal Contract Tower,0,1,9,0,10,0,0,126,0,126,0,1,135,0,136,168,0,168,304
10/05/2008,BDR,CT,ANE,EN,Federal Contract Tower,0,7,38,0,45,0,2,45,0,47,0,9,83,0,92,42,0,42,134
10/06/2008,BDR,CT,ANE,EN,Federal Contract Tower,0,4,14,0,18,0,0,67,0,67,0,4,81,0,85,80,0,80,165
10/07/2008,BDR,CT,ANE,EN,Federal Contract Tower,0,5,18,3,26,0,0,102,0,102,0,5,120,3,128,122,0,122,250
10/08/2008,BDR,CT,ANE,EN,Federal Contract Tower,0,13,19,4,36,0,1,112,0,113,0,14,131,4,149,116,0,116,265
10/09/2008,BDR,CT,ANE,EN,Federal Contract Tower,0,13,17,0,30,0,3,58,0,61,0,16,75,0,91,64,0,64,155
10/10/2008,BDR,CT,ANE,EN,Federal Contract Tower,0,11,14,0,25,0,0,81,0,81,0,11,95,0,106,94,4,98,204
10/11/2008,BDR,CT,ANE,EN,Federal Contract Tower,0,1,13,0,14,0,2,116,0,118,0,3,129,0,132,110,0,110,242
10/12/2008,BDR,CT,ANE,EN,Federal Contract Tower,0,7,13,0,20,0,0,115,0,115,0,7,128,0,135,108,0,108,243
10/13/2008,BDR,CT,ANE,EN,Federal Contract Tower,0,4,29,0,33,0,1,81,0,82,0,5,110,0,115,138,0,138,253
10/14/2008,BDR,CT,ANE,EN,Federal Contract Tower,0,15,24,0,39,0,4,57,0,61,0,19,81,0,100,106,0,106,206
10/15/2008,BDR,CT,ANE,EN,Federal Contract Tower,0,4,19,0,23,0,1,118,0,119,0,5,137,0,142,166,0,166,308
10/16/2008,BDR,CT,ANE,EN,Federal Contract Tower,0,8,13,2,23,0,1,1,0,2,0,9,14,2,25,4,0,4,29
10/17/2008,BDR,CT,ANE,EN,Federal Contract Tower,0,6,13,0,19,0,1,83,0,84,0,7,96,0,103,110,0,110,213
10/18/2008,BDR,CT,ANE,EN,Federal Contract Tower,0,2,7,0,9,0,0,94,0,94,0,2,101,0,103,74,0,74,177
10/19/2008,BDR,CT,ANE,EN,Federal Contract Tower,0,6,5,0,11,0,2,91,4,97,0,8,96,4,108,92,0,92,200
10/20/2008,BDR,CT,ANE,EN,Federal Contract Tower,0,6,8,0,14,0,1,91,0,92,0,7,99,0,106,54,0,54,160
10/21/2008,BDR,CT,ANE,EN,Federal Contract Tower,0,7,19,0,26,0,0,51,0,51,0,7,70,0,77,58,0,58,135
10/22/2008,BDR,CT,ANE,EN,Federal Contract Tower,0,8,14,4,26,0,2,30,0,32,0,10,44,4,58,10,0,10,68
10/23/2008,BDR,CT,ANE,EN,Federal Contract Tower,0,4,13,4,21,0,2,72,0,74,0,6,85,4,95,140,0,140,235
10/24/2008,BDR,CT,ANE,EN,Federal Contract Tower,0,7,15,2,24,0,4,100,0,104,0,11,115,2,128,150,0,150,278
10/25/2008,BDR,CT,ANE,EN,Federal Contract Tower,0,0,2,0,2,0,0,12,0,12,0,0,14,0,14,12,0,12,26
10/26/2008,BDR,CT,ANE,EN,Federal Contract Tower,0,7,19,0,26,0,0,114,0,114,0,7,133,0,140,144,0,144,284
10/27/2008,BDR,CT,ANE,EN,Federal Contract Tower,0,8,15,0,23,0,0,50,0,50,0,8,65,0,73,130,0,130,203
10/28/2008,BDR,CT,ANE,EN,Federal Contract Tower,0,2,14,0,16,0,0,0,0,0,0,2,14,0,16,0,0,0,16
10/29/2008,BDR,CT,ANE,EN,Federal Contract Tower,0,9,14,0,23,0,0,20,4,24,0,9,34,4,47,62,0,62,109
10/30/2008,BDR,CT,ANE,EN,Federal Contract Tower,0,8,14,0,22,0,0,57,0,57,0,8,71,0,79,148,0,148,227
10/31/2008,BDR,CT,ANE,EN,Federal Contract Tower,0,8,18,0,26,0,1,144,0,145,0,9,162,0,171,156,2,158,329
11/01/2008,BDR,CT,ANE,EN,Federal Contract Tower,0,4,12,0,16,0,2,88,0,90,0,6,100,0,106,160,0,160,266
11/02/2008,BDR,CT,ANE,EN,Federal Contract Tower,0,3,19,0,22,0,0,126,0,126,0,3,145,0,148,156,0,156,304
11/03/2008,BDR,CT,ANE,EN,Federal Contract Tower,0,3,16,0,19,0,1,42,0,43,0,4,58,0,62,90,0,90,152
11/04/2008,BDR,CT,ANE,EN,Federal Contract Tower,0,5,16,0,21,0,1,67,0,68,0,6,83,0,89,94,0,94,183
11/05/2008,BDR,CT,ANE,EN,Federal Contract Tower,0,11,19,0,30,0,0,40,0,40,0,11,59,0,70,68,0,68,138
11/06/2008,BDR,CT,ANE,EN,Federal Contract Tower,0,7,26,1,34,0,0,4,0,4,0,7,30,1,38,0,2,2,40
11/07/2008,BDR,CT,ANE,EN,Federal Contract Tower,0,4,30,2,36,0,0,13,0,13,0,4,43,2,49,2,0,2,51
11/08/2008,BDR,CT,ANE,EN,Federal Contract Tower,0,2,12,0,14,0,0,10,0,10,0,2,22,0,24,0,0,0,24
11/09/2008,BDR,CT,ANE,EN,Federal Contract Tower,0,8,19,0,27,0,0,64,0,64,0,8,83,0,91,162,0,162,253
11/10/2008,BDR,CT,ANE,EN,Federal Contract Tower,0,6,21,0,27,0,0,64,4,68,0,6,85,4,95,40,0,40,135
11/11/2008,BDR,CT,ANE,EN,Federal Contract Tower,0,11,12,0,23,0,1,87,0,88,0,12,99,0,111,112,0,112,223
11/12/2008,BDR,CT,ANE,EN,Federal Contract Tower,0,7,15,2,24,0,0,61,0,61,0,7,76,2,85,98,0,98,183
11/13/2008,BDR,CT,ANE,EN,Federal Contract Tower,0,7,19,2,28,0,0,10,2,12,0,7,29,4,40,0,0,0,40
11/14/2008,BDR,CT,ANE,EN,Federal Contract Tower,0,9,22,0,31,0,0,0,0,0,0,9,22,0,31,0,0,0,31
11/15/2008,BDR,CT,ANE,EN,Federal Contract Tower,0,0,3,0,3,0,0,0,0,0,0,0,3,0,3,0,0,0,3
11/16/2008,BDR,CT,ANE,EN,Federal Contract Tower,0,13,20,0,33,0,0,37,0,37,0,13,57,0,70,82,0,82,152
11/17/2008,BDR,CT,ANE,EN,Federal Contract Tower,0,14,20,0,34,0,0,78,0,78,0,14,98,0,112,110,0,110,222
11/18/2008,BDR,CT,ANE,EN,Federal Contract Tower,0,10,8,0,18,0,0,52,0,52,0,10,60,0,70,32,0,32,102
11/19/2008,BDR,CT,ANE,EN,Federal Contract Tower,0,5,18,2,25,0,0,47,0,47,0,5,65,2,72,16,0,16,88
11/20/2008,BDR,CT,ANE,EN,Federal Contract Tower,0,6,6,0,12,0,0,59,0,59,0,6,65,0,71,82,0,82,153
11/21/2008,BDR,CT,ANE,EN,Federal Contract Tower,0,10,15,0,25,0,0,71,0,71,0,10,86,0,96,86,2,88,184
11/22/2008,BDR,CT,ANE,EN,Federal Contract Tower,0,0,9,0,9,0,2,20,0,22,0,2,29,0,31,26,0,26,57
11/23/2008,BDR,CT,ANE,EN,Federal Contract Tower,0,4,18,0,22,0,0,141,2,143,0,4,159,2,165,348,0,348,513
11/24/2008,BDR,CT,ANE,EN,Federal Contract Tower,0,2,13,0,15,0,0,83,0,83,0,2,96,0,98,214,0,214,312
11/25/2008,BDR,CT,ANE,EN,Federal Contract Tower,0,7,19,0,26,0,0,13,0,13,0,7,32,0,39,10,0,10,49
11/26/2008,BDR,CT,ANE,EN,Federal Contract Tower,0,3,22,0,25,0,2,91,0,93,0,5,113,0,118,144,0,144,262
11/27/2008,BDR,CT,ANE,EN,Federal Contract Tower,0,2,10,0,12,0,0,49,0,49,0,2,59,0,61,42,0,42,103
11/28/2008,BDR,CT,ANE,EN,Federal Contract Tower,0,8,16,0,24,0,0,77,0,77,0,8,93,0,101,142,0,142,243
11/29/2008,BDR,CT,ANE,EN,Federal Contract Tower,0,5,8,0,13,0,1,107,0,108,0,6,115,0,121,196,0,196,317
11/30/2008,BDR,CT,ANE,EN,Federal Contract Tower,0,10,39,0,49,0,0,1,0,1,0,10,40,0,50,0,0,0,50
12/01/2008,BDR,CT,ANE,EN,Federal Contract Tower,0,9,15,3,27,0,1,46,0,47,0,10,61,3,74,78,0,78,152
12/02/2008,BDR,CT,ANE,EN,Federal Contract Tower,0,2,17,2,21,0,2,71,2,75,0,4,88,4,96,120,0,120,216
12/03/2008,BDR,CT,ANE,EN,Federal Contract Tower,0,6,9,4,19,0,2,90,7,99,0,8,99,11,118,82,0,82,200
12/04/2008,BDR,CT,ANE,EN,Federal Contract Tower,0,7,13,6,26,0,2,43,0,45,0,9,56,6,71,38,0,38,109
12/05/2008,BDR,CT,ANE,EN,Federal Contract Tower,0,3,11,2,16,0,2,65,0,67,0,5,76,2,83,84,0,84,167
12/06/2008,BDR,CT,ANE,EN,Federal Contract Tower,0,0,14,0,14,0,0,98,0,98,0,0,112,0,112,234,0,234,346
12/07/2008,BDR,CT,ANE,EN,Federal Contract Tower,0,5,12,0,17,0,2,14,0,16,0,7,26,0,33,4,0,4,37
12/08/2008,BDR,CT,ANE,EN,Federal Contract Tower,0,5,16,2,23,0,0,78,0,78,0,5,94,2,101,98,0,98,199
12/09/2008,BDR,CT,ANE,EN,Federal Contract Tower,0,7,11,0,18,0,2,54,2,58,0,9,65,2,76,92,0,92,168
12/10/2008,BDR,CT,ANE,EN,Federal Contract Tower,0,5,16,0,21,0,1,1,0,2,0,6,17,0,23,0,0,0,23
12/11/2008,BDR,CT,ANE,EN,Federal Contract Tower,0,6,9,0,15,0,0,0,0,0,0,6,9,0,15,0,0,0,15
12/12/2008,BDR,CT,ANE,EN,Federal Contract Tower,0,5,18,0,23,0,0,16,0,16,0,5,34,0,39,10,0,10,49
12/13/2008,BDR,CT,ANE,EN,Federal Contract Tower,0,2,10,0,12,0,0,104,0,104,0,2,114,0,116,104,0,104,220
12/14/2008,BDR,CT,ANE,EN,Federal Contract Tower,0,6,15,0,21,0,0,136,0,136,0,6,151,0,157,246,0,246,403
12/15/2008,BDR,CT,ANE,EN,Federal Contract Tower,0,4,15,4,23,0,2,52,0,54,0,6,67,4,77,56,0,56,133
12/16/2008,BDR,CT,ANE,EN,Federal Contract Tower,0,16,24,2,42,0,0,17,0,17,0,16,41,2,59,0,0,0,59
12/17/2008,BDR,CT,ANE,EN,Federal Contract Tower,0,11,9,2,22,0,1,14,0,15,0,12,23,2,37,0,0,0,37
12/18/2008,BDR,CT,ANE,EN,Federal Contract Tower,0,3,18,0,21,0,1,92,0,93,0,4,110,0,114,162,0,162,276
12/19/2008,BDR,CT,ANE,EN,Federal Contract Tower,0,2,2,0,4,0,0,3,0,3,0,2,5,0,7,0,0,0,7
12/20/2008,BDR,CT,ANE,EN,Federal Contract Tower,0,1,6,0,7,0,0,0,0,0,0,1,6,0,7,0,0,0,7
12/21/2008,BDR,CT,ANE,EN,Federal Contract Tower,0,0,5,0,5,0,0,0,0,0,0,0,5,0,5,0,0,0,5
12/22/2008,BDR,CT,ANE,EN,Federal Contract Tower,0,2,10,0,12,0,1,9,0,10,0,3,19,0,22,0,0,0,22
12/23/2008,BDR,CT,ANE,EN,Federal Contract Tower,0,3,22,0,25,0,0,80,0,80,0,3,102,0,105,114,0,114,219
12/24/2008,BDR,CT,ANE,EN,Federal Contract Tower,0,0,6,0,6,0,0,1,0,1,0,0,7,0,7,0,0,0,7
12/25/2008,BDR,CT,ANE,EN,Federal Contract Tower,0,2,5,0,7,0,0,11,0,11,0,2,16,0,18,14,0,14,32
12/26/2008,BDR,CT,ANE,EN,Federal Contract Tower,0,7,12,0,19,0,0,52,2,54,0,7,64,2,73,142,0,142,215
12/27/2008,BDR,CT,ANE,EN,Federal Contract Tower,0,2,18,0,20,0,0,0,0,0,0,2,18,0,20,0,0,0,20
12/28/2008,BDR,CT,ANE,EN,Federal Contract Tower,0,1,17,0,18,0,0,10,0,10,0,1,27,0,28,4,0,4,32
12/29/2008,BDR,CT,ANE,EN,Federal Contract Tower,0,2,14,0,16,0,0,82,0,82,0,2,96,0,98,170,0,170,268
12/30/2008,BDR,CT,ANE,EN,Federal Contract Tower,0,7,8,0,15,0,0,23,0,23,0,7,31,0,38,0,0,0,38
12/31/2008,BDR,CT,ANE,EN,Federal Contract Tower,0,1,0,0,1,0,0,0,0,0,0,1,0,0,1,0,0,0,1
01/01/2009,BDR,CT,ANE,EN,Federal Contract Tower,0,5,9,0,14,0,0,19,0,19,0,5,28,0,33,8,0,8,41
01/02/2009,BDR,CT,ANE,EN,Federal Contract Tower,0,5,3,0,8,0,0,12,0,12,0,5,15,0,20,8,0,8,28
01/03/2009,BDR,CT,ANE,EN,Federal Contract Tower,0,4,9,0,13,0,0,52,3,55,0,4,61,3,68,110,0,110,178
01/04/2009,BDR,CT,ANE,EN,Federal Contract Tower,0,2,12,0,14,0,1,138,0,139,0,3,150,0,153,208,0,208,361
01/05/2009,BDR,CT,ANE,EN,Federal Contract Tower,0,3,10,0,13,0,4,37,0,41,0,7,47,0,54,58,0,58,112
01/06/2009,BDR,CT,ANE,EN,Federal Contract Tower,0,2,2,0,4,0,0,52,0,52,0,2,54,0,56,92,0,92,148
01/07/2009,BDR,CT,ANE,EN,Federal Contract Tower,0,2,3,0,5,0,0,0,0,0,0,2,3,0,5,0,0,0,5
01/08/2009,BDR,CT,ANE,EN,Federal Contract Tower,0,7,9,2,18,0,0,14,2,16,0,7,23,4,34,26,0,26,60
01/09/2009,BDR,CT,ANE,EN,Federal Contract Tower,0,6,12,2,20,0,0,64,0,64,0,6,76,2,84,38,0,38,122
01/10/2009,BDR,CT,ANE,EN,Federal Contract Tower,0,1,3,0,4,0,0,9,3,12,0,1,12,3,16,20,0,20,36
01/11/2009,BDR,CT,ANE,EN,Federal Contract Tower,0,2,2,0,4,0,0,18,0,18,0,2,20,0,22,38,0,38,60
01/12/2009,BDR,CT,ANE,EN,Federal Contract Tower,0,6,9,2,17,0,0,51,1,52,0,6,60,3,69,74,0,74,143
01/13/2009,BDR,CT,ANE,EN,Federal Contract Tower,0,7,19,4,30,0,0,39,0,39,0,7,58,4,69,54,0,54,123
01/14/2009,BDR,CT,ANE,EN,Federal Contract Tower,0,8,13,2,23,0,4,49,0,53,0,12,62,2,76,84,0,84,160
01/15/2009,BDR,CT,ANE,EN,Federal Contract Tower,0,3,9,2,14,0,1,5,0,6,0,4,14,2,20,0,0,0,20
01/16/2009,BDR,CT,ANE,EN,Federal Contract Tower,0,3,13,0,16,0,1,26,0,27,0,4,39,0,43,80,0,80,123
01/17/2009,BDR,CT,ANE,EN,Federal Contract Tower,0,4,9,0,13,0,0,59,0,59,0,4,68,0,72,100,0,100,172
01/18/2009,BDR,CT,ANE,EN,Federal Contract Tower,0,0,2,0,2,0,0,0,0,0,0,0,2,0,2,0,0,0,2
01/19/2009,BDR,CT,ANE,EN,Federal Contract Tower,0,0,15,0,15,0,0,9,2,11,0,0,24,2,26,20,2,22,48
01/20/2009,BDR,CT,ANE,EN,Federal Contract Tower,0,3,7,3,13,0,0,24,0,24,0,3,31,3,37,16,0,16,53
01/21/2009,BDR,CT,ANE,EN,Federal Contract Tower,0,3,8,0,11,0,0,48,0,48,0,3,56,0,59,102,0,102,161
01/22/2009,BDR,CT,ANE,EN,Federal Contract Tower,0,11,15,6,32,0,0,49,0,49,0,11,64,6,81,128,0,128,209
01/23/2009,BDR,CT,ANE,EN,Federal Contract Tower,0,4,14,4,22,0,1,85,0,86,0,5,99,4,108,146,0,146,254
01/24/2009,BDR,CT,ANE,EN,Federal Contract Tower,0,6,3,0,9,0,2,36,0,38,0,8,39,0,47,4,0,4,51
01/25/2009,BDR,CT,ANE,EN,Federal Contract Tower,0,5,17,0,22,0,0,88,4,92,0,5,105,4,114,114,0,114,228
01/26/2009,BDR,CT,ANE,EN,Federal Contract Tower,0,2,8,0,10,0,0,54,5,59,0,2,62,5,69,110,0,110,179
01/27/2009,BDR,CT,ANE,EN,Federal Contract Tower,0,5,12,4,21,0,0,38,0,38,0,5,50,4,59,62,0,62,121
01/28/2009,BDR,CT,ANE,EN,Federal Contract Tower,0,1,1,0,2,0,0,0,0,0,0,1,1,0,2,0,0,0,2
01/29/2009,BDR,CT,ANE,EN,Federal Contract Tower,0,11,14,4,29,0,1,34,0,35,0,12,48,4,64,12,0,12,76
01/30/2009,BDR,CT,ANE,EN,Federal Contract Tower,0,1,19,0,20,0,0,34,0,34,0,1,53,0,54,126,0,126,180
01/31/2009,BDR,CT,ANE,EN,Federal Contract Tower,0,1,11,0,12,0,0,47,4,51,0,1,58,4,63,62,0,62,125
02/01/2009,BDR,CT,ANE,EN,Federal Contract Tower,0,2,6,0,8,0,0,89,0,89,0,2,95,0,97,152,0,152,249
02/02/2009,BDR,CT,ANE,EN,Federal Contract Tower,0,2,11,4,17,0,1,73,0,74,0,3,84,4,91,44,0,44,135
02/03/2009,BDR,CT,ANE,EN,Federal Contract Tower,0,3,7,2,12,0,0,0,0,0,0,3,7,2,12,0,0,0,12
02/04/2009,BDR,CT,ANE,EN,Federal Contract Tower,0,2,14,2,18,0,0,25,0,25,0,2,39,2,43,40,0,40,83
02/05/2009,BDR,CT,ANE,EN,Federal Contract Tower,0,3,5,0,8,0,1,18,1,20,0,4,23,1,28,26,0,26,54
02/06/2009,BDR,CT,ANE,EN,Federal Contract Tower,0,11,10,0,21,0,0,70,2,72,0,11,80,2,93,92,0,92,185
02/07/2009,BDR,CT,ANE,EN,Federal Contract Tower,0,1,12,0,13,0,0,87,0,87,0,1,99,0,100,216,0,216,316
02/08/2009,BDR,CT,ANE,EN,Federal Contract Tower,0,0,5,0,5,0,0,41,0,41,0,0,46,0,46,70,0,70,116
02/09/2009,BDR,CT,ANE,EN,Federal Contract Tower,0,4,11,0,15,0,0,70,0,70,0,4,81,0,85,80,0,80,165
02/10/2009,BDR,CT,ANE,EN,Federal Contract Tower,0,8,13,4,25,0,0,34,2,36,0,8,47,6,61,22,0,22,83
02/11/2009,BDR,CT,ANE,EN,Federal Contract Tower,0,3,13,0,16,0,0,31,0,31,0,3,44,0,47,102,0,102,149
02/12/2009,BDR,CT,ANE,EN,Federal Contract Tower,0,8,8,0,16,0,0,3,0,3,0,8,11,0,19,0,0,0,19
02/13/2009,BDR,CT,ANE,EN,Federal Contract Tower,0,6,14,0,20,0,0,36,0,36,0,6,50,0,56,38,0,38,94
02/14/2009,BDR,CT,ANE,EN,Federal Contract Tower,0,3,9,0,12,0,0,74,0,74,0,3,83,0,86,110,0,110,196
02/15/2009,BDR,CT,ANE,EN,Federal Contract Tower,0,2,8,0,10,0,0,107,0,107,0,2,115,0,117,180,0,180,297
02/16/2009,BDR,CT,ANE,EN,Federal Contract Tower,0,2,21,0,23,0,0,73,0,73,0,2,94,0,96,94,0,94,190
02/17/2009,BDR,CT,ANE,EN,Federal Contract Tower,0,2,9,4,15,0,0,69,0,69,0,2,78,4,84,120,0,120,204
02/18/2009,BDR,CT,ANE,EN,Federal Contract Tower,0,4,13,0,17,0,1,15,0,16,0,5,28,0,33,30,0,30,63
02/19/2009,BDR,CT,ANE,EN,Federal Contract Tower,0,8,13,4,25,0,0,20,0,20,0,8,33,4,45,48,0,48,93
02/20/2009,BDR,CT,ANE,EN,Federal Contract Tower,0,6,11,2,19,0,14,0,0,14,0,20,11,2,33,0,0,0,33
02/21/2009,BDR,CT,ANE,EN,Federal Contract Tower,0,4,14,0,18,0,0,79,0,79,0,4,93,0,97,184,0,184,281
02/22/2009,BDR,CT,ANE,EN,Federal Contract Tower,0,2,6,0,8,0,0,0,0,0,0,2,6,0,8,24,0,24,32
02/23/2009,BDR,CT,ANE,EN,Federal Contract Tower,0,3,17,0,20,0,0,19,0,19,0,3,36,0,39,8,0,8,47
02/24/2009,BDR,CT,ANE,EN,Federal Contract Tower,0,2,10,3,15,0,0,50,0,50,0,2,60,3,65,144,0,144,209
02/25/2009,BDR,CT,ANE,EN,Federal Contract Tower,0,11,5,2,18,0,0,67,0,67,0,11,72,2,85,116,0,116,201
02/26/2009,BDR,CT,ANE,EN,Federal Contract Tower,0,5,4,2,11,0,1,53,2,56,0,6,57,4,67,86,0,86,153
02/27/2009,BDR,CT,ANE,EN,Federal Contract Tower,0,6,15,2,23,0,0,8,0,8,0,6,23,2,31,0,0,0,31
02/28/2009,BDR,CT,ANE,EN,Federal Contract Tower,0,1,4,0,5,0,0,50,0,50,0,1,54,0,55,100,0,100,155
03/01/2009,BDR,CT,ANE,EN,Federal Contract Tower,0,2,5,0,7,0,0,1,0,1,0,2,6,0,8,0,0,0,8
03/02/2009,BDR,CT,ANE,EN,Federal Contract Tower,0,1,1,0,2,0,0,0,0,0,0,1,1,0,2,0,0,0,2
03/03/2009,BDR,CT,ANE,EN,Federal Contract Tower,0,1,3,0,4,0,0,21,1,22,0,1,24,1,26,40,0,40,66
03/04/2009,BDR,CT,ANE,EN,Federal Contract Tower,0,11,10,0,21,0,2,50,0,52,0,13,60,0,73,94,0,94,167
03/05/2009,BDR,CT,ANE,EN,Federal Contract Tower,0,8,11,4,23,0,0,82,0,82,0,8,93,4,105,150,0,150,255
03/06/2009,BDR,CT,ANE,EN,Federal Contract Tower,0,6,19,0,25,0,0,35,0,35,0,6,54,0,60,82,0,82,142
03/07/2009,BDR,CT,ANE,EN,Federal Contract Tower,0,0,5,0,5,0,0,99,0,99,0,0,104,0,104,334,0,334,438
03/08/2009,BDR,CT,ANE,EN,Federal Contract Tower,0,1,11,0,12,0,0,82,0,82,0,1,93,0,94,150,0,150,244
03/09/2009,BDR,CT,ANE,EN,Federal Contract Tower,0,9,7,0,16,0,0,6,0,6,0,9,13,0,22,0,0,0,22
03/10/2009,BDR,CT,ANE,EN,Federal Contract Tower,0,6,9,0,15,0,0,59,0,59,0,6,68,0,74,90,0,90,164
03/11/2009,BDR,CT,ANE,EN,Federal Contract Tower,0,6,9,0,15,0,0,3,0,3,0,6,12,0,18,0,0,0,18
03/12/2009,BDR,CT,ANE,EN,Federal Contract Tower,0,6,14,0,20,0,0,59,0,59,0,6,73,0,79,104,0,104,183
03/13/2009,BDR,CT,ANE,EN,Federal Contract Tower,0,9,16,0,25,0,0,84,0,84,0,9,100,0,109,130,0,130,239
03/14/2009,BDR,CT,ANE,EN,Federal Contract Tower,0,8,8,0,16,0,2,119,0,121,0,10,127,0,137,290,0,290,427
03/15/2009,BDR,CT,ANE,EN,Federal Contract Tower,0,4,11,0,15,0,0,130,0,130,0,4,141,0,145,332,0,332,477
03/16/2009,BDR,CT,ANE,EN,Federal Contract Tower,0,4,16,0,20,0,0,53,0,53,0,4,69,0,73,22,0,22,95
03/17/2009,BDR,CT,ANE,EN,Federal Contract Tower,0,7,10,5,22,0,0,69,1,70,0,7,79,6,92,176,0,176,268
03/18/2009,BDR,CT,ANE,EN,Federal Contract Tower,0,7,13,3,23,0,0,79,0,79,0,7,92,3,102,126,0,126,228
03/19/2009,BDR,CT,ANE,EN,Federal Contract Tower,0,2,14,4,20,0,0,9,0,9,0,2,23,4,29,32,0,32,61
03/20/2009,BDR,CT,ANE,EN,Federal Contract Tower,0,12,15,4,31,0,0,49,0,49,0,12,64,4,80,76,0,76,156
03/21/2009,BDR,CT,ANE,EN,Federal Contract Tower,0,0,8,0,8,0,0,102,0,102,0,0,110,0,110,182,0,182,292
03/22/2009,BDR,CT,ANE,EN,Federal Contract Tower,0,1,15,0,16,0,0,94,0,94,0,1,109,0,110,148,0,148,258
03/23/2009,BDR,CT,ANE,EN,Federal Contract Tower,0,1,9,2,12,0,0,29,0,29,0,1,38,2,41,62,0,62,103
03/24/2009,BDR,CT,ANE,EN,Federal Contract Tower,0,4,11,2,17,0,0,20,0,20,0,4,31,2,37,22,0,22,59
03/25/2009,BDR,CT,ANE,EN,Federal Contract Tower,0,5,7,3,15,0,0,83,0,83,0,5,90,3,98,144,0,144,242
03/26/2009,BDR,CT,ANE,EN,Federal Contract Tower,0,1,20,0,21,0,0,9,0,9,0,1,29,0,30,38,0,38,68
03/27/2009,BDR,CT,ANE,EN,Federal Contract Tower,0,1,16,1,18,0,0,60,0,60,0,1,76,1,78,200,0,200,278
03/28/2009,BDR,CT,ANE,EN,Federal Contract Tower,0,3,27,0,30,0,0,32,0,32,0,3,59,0,62,86,0,86,148
03/29/2009,BDR,CT,ANE,EN,Federal Contract Tower,0,2,4,0,6,0,0,0,0,0,0,2,4,0,6,0,0,0,6
03/30/2009,BDR,CT,ANE,EN,Federal Contract Tower,0,6,12,0,18,0,0,30,0,30,0,6,42,0,48,0,0,0,48
03/31/2009,BDR,CT,ANE,EN,Federal Contract Tower,0,4,19,0,23,0,0,38,0,38,0,4,57,0,61,0,0,0,61
04/01/2009,BDR,CT,ANE,EN,Federal Contract Tower,0,8,10,0,18,0,0,26,2,28,0,8,36,2,46,54,0,54,100
04/02/2009,BDR,CT,ANE,EN,Federal Contract Tower,0,1,32,0,33,0,0,15,0,15,0,1,47,0,48,16,0,16,64
04/03/2009,BDR,CT,ANE,EN,Federal Contract Tower,0,0,3,0,3,0,0,0,0,0,0,0,3,0,3,0,0,0,3
04/04/2009,BDR,CT,ANE,EN,Federal Contract Tower,0,6,14,0,20,0,0,2,0,2,0,6,16,0,22,0,0,0,22
04/05/2009,BDR,CT,ANE,EN,Federal Contract Tower,0,1,10,0,11,0,0,128,0,128,0,1,138,0,139,156,0,156,295
04/06/2009,BDR,CT,ANE,EN,Federal Contract Tower,0,2,12,0,14,0,0,0,0,0,0,2,12,0,14,0,0,0,14
04/07/2009,BDR,CT,ANE,EN,Federal Contract Tower,0,6,13,0,19,0,0,10,0,10,0,6,23,0,29,0,0,0,29
04/08/2009,BDR,CT,ANE,EN,Federal Contract Tower,0,6,13,2,21,0,0,54,4,58,0,6,67,6,79,106,4,110,189
04/09/2009,BDR,CT,ANE,EN,Federal Contract Tower,0,6,19,2,27,0,0,110,0,110,0,6,129,2,137,279,0,279,416
04/10/2009,BDR,CT,ANE,EN,Federal Contract Tower,0,6,17,0,23,0,0,48,2,50,0,6,65,2,73,98,0,98,171
04/11/2009,BDR,CT,ANE,EN,Federal Contract Tower,0,3,9,0,12,0,0,2,0,2,0,3,11,0,14,2,0,2,16
04/12/2009,BDR,CT,ANE,EN,Federal Contract Tower,0,3,11,0,14,0,0,49,0,49,0,3,60,0,63,8,0,8,71
04/13/2009,BDR,CT,ANE,EN,Federal Contract Tower,0,2,3,0,5,0,0,68,0,68,0,2,71,0,73,68,0,68,141
04/14/2009,BDR,CT,ANE,EN,Federal Contract Tower,0,10,10,0,20,0,0,49,0,49,0,10,59,0,69,60,0,60,129
04/15/2009,BDR,CT,ANE,EN,Federal Contract Tower,0,4,11,0,15,0,0,24,0,24,0,4,35,0,39,56,0,56,95
04/16/2009,BDR,CT,ANE,EN,Federal Contract Tower,0,5,14,0,19,0,0,76,0,76,0,5,90,0,95,154,0,154,249
04/17/2009,BDR,CT,ANE,EN,Federal Contract Tower,0,7,11,0,18,0,2,95,4,101,0,9,106,4,119,188,0,188,307
04/18/2009,BDR,CT,ANE,EN,Federal Contract Tower,0,2,11,0,13,0,0,83,2,85,0,2,94,2,98,144,0,144,242
04/19/2009,BDR,CT,ANE,EN,Federal Contract Tower,0,8,16,0,24,0,0,97,0,97,0,8,113,0,121,148,0,148,269
04/20/2009,BDR,CT,ANE,EN,Federal Contract Tower,0,6,13,0,19,0,1,7,0,8,0,7,20,0,27,0,0,0,27
04/21/2009,BDR,CT,ANE,EN,Federal Contract Tower,0,8,10,0,18,0,0,0,0,0,0,8,10,0,18,0,0,0,18
04/22/2009,BDR,CT,ANE,EN,Federal Contract Tower,0,4,17,0,21,0,1,13,0,14,0,5,30,0,35,12,0,12,47
04/23/2009,BDR,CT,ANE,EN,Federal Contract Tower,0,8,11,3,22,0,0,49,0,49,0,8,60,3,71,104,0,104,175
04/24/2009,BDR,CT,ANE,EN,Federal Contract Tower,0,3,9,2,14,0,0,74,2,76,0,3,83,4,90,114,0,114,204
04/25/2009,BDR,CT,ANE,EN,Federal Contract Tower,0,2,22,0,24,0,0,80,3,83,0,2,102,3,107,114,0,114,221
04/26/2009,BDR,CT,ANE,EN,Federal Contract Tower,0,4,10,0,14,0,0,116,0,116,0,4,126,0,130,162,0,162,292
04/27/2009,BDR,CT,ANE,EN,Federal Contract Tower,0,9,10,2,21,0,0,61,3,64,0,9,71,5,85,80,2,82,167
04/28/2009,BDR,CT,ANE,EN,Federal Contract Tower,0,9,12,3,24,0,1,76,1,78,0,10,88,4,102,110,0,110,212
04/29/2009,BDR,CT,ANE,EN,Federal Contract Tower,0,11,17,5,33,0,0,66,5,71,0,11,83,10,104,183,0,183,287
04/30/2009,BDR,CT,ANE,EN,Federal Contract Tower,0,5,15,0,20,0,0,72,0,72,0,5,87,0,92,213,0,213,305
05/01/2009,BDR,CT,ANE,EN,Federal Contract Tower,0,6,27,0,33,0,0,3,0,3,0,6,30,0,36,0,0,0,36
05/02/2009,BDR,CT,ANE,EN,Federal Contract Tower,0,4,15,0,19,0,0,55,0,55,0,4,70,0,74,86,0,86,160
05/03/2009,BDR,CT,ANE,EN,Federal Contract Tower,0,2,28,0,30,0,0,7,0,7,0,2,35,0,37,2,0,2,39
05/04/2009,BDR,CT,ANE,EN,Federal Contract Tower,0,9,19,6,34,0,0,7,0,7,0,9,26,6,41,14,0,14,55
05/05/2009,BDR,CT,ANE,EN,Federal Contract Tower,0,9,15,2,26,0,0,0,0,0,0,9,15,2,26,0,0,0,26
05/06/2009,BDR,CT,ANE,EN,Federal Contract Tower,0,16,19,0,35,0,0,73,0,73,0,16,92,0,108,164,0,164,272
05/07/2009,BDR,CT,ANE,EN,Federal Contract Tower,0,10,18,0,28,0,0,10,0,10,0,10,28,0,38,2,0,2,40
05/08/2009,BDR,CT,ANE,EN,Federal Contract Tower,0,8,11,0,19,0,0,67,0,67,0,8,78,0,86,72,0,72,158
05/09/2009,BDR,CT,ANE,EN,Federal Contract Tower,0,0,17,0,17,0,0,4,1,5,0,0,21,1,22,0,0,0,22
05/10/2009,BDR,CT,ANE,EN,Federal Contract Tower,0,6,8,0,14,0,44,4,0,48,0,50,12,0,62,42,0,42,104
05/11/2009,BDR,CT,ANE,EN,Federal Contract Tower,0,9,8,0,17,0,0,105,0,105,0,9,113,0,122,140,0,140,262
05/12/2009,BDR,CT,ANE,EN,Federal Contract Tower,0,3,20,0,23,0,0,63,0,63,0,3,83,0,86,132,0,132,218
05/13/2009,BDR,CT,ANE,EN,Federal Contract Tower,0,3,15,0,18,0,0,111,2,113,0,3,126,2,131,108,0,108,239
05/14/2009,BDR,CT,ANE,EN,Federal Contract Tower,0,10,10,2,22,0,2,12,0,14,0,12,22,2,36,38,0,38,74
05/15/2009,BDR,CT,ANE,EN,Federal Contract Tower,0,5,34,0,39,0,1,39,0,40,0,6,73,0,79,28,0,28,107
05/16/2009,BDR,CT,ANE,EN,Federal Contract Tower,0,6,14,0,20,0,0,1,0,1,0,6,15,0,21,0,0,0,21
05/17/2009,BDR,CT,ANE,EN,Federal Contract Tower,0,6,27,0,33,0,0,48,0,48,0,6,75,0,81,44,0,44,125
05/18/2009,BDR,CT,ANE,EN,Federal Contract Tower,0,8,10,0,18,0,0,87,0,87,0,8,97,0,105,186,0,186,291
05/19/2009,BDR,CT,ANE,EN,Federal Contract Tower,0,2,16,3,21,0,0,101,0,101,0,2,117,3,122,202,0,202,324
05/20/2009,BDR,CT,ANE,EN,Federal Contract Tower,0,6,5,2,13,0,0,99,0,99,0,6,104,2,112,220,0,220,332
05/21/2009,BDR,CT,ANE,EN,Federal Contract Tower,0,13,23,0,36,0,0,113,0,113,0,13,136,0,149,272,0,272,421
05/22/2009,BDR,CT,ANE,EN,Federal Contract Tower,0,8,19,0,27,0,1,120,0,121,0,9,139,0,148,164,0,164,312
05/23/2009,BDR,CT,ANE,EN,Federal Contract Tower,0,1,8,0,9,0,0,57,0,57,0,1,65,0,66,108,0,108,174
05/24/2009,BDR,CT,ANE,EN,Federal Contract Tower,0,0,9,0,9,0,0,20,0,20,0,0,29,0,29,68,0,68,97
05/25/2009,BDR,CT,ANE,EN,Federal Contract Tower,0,4,6,0,10,0,0,142,0,142,0,4,148,0,152,258,0,258,410
05/26/2009,BDR,CT,ANE,EN,Federal Contract Tower,0,5,9,0,14,0,1,36,0,37,0,6,45,0,51,104,0,104,155
05/27/2009,BDR,CT,ANE,EN,Federal Contract Tower,0,4,18,2,24,0,0,5,0,5,0,4,23,2,29,0,0,0,29
05/28/2009,BDR,CT,ANE,EN,Federal Contract Tower,0,5,24,0,29,0,0,0,0,0,0,5,24,0,29,0,0,0,29
05/29/2009,BDR,CT,ANE,EN,Federal Contract Tower,0,7,13,0,20,0,0,10,0,10,0,7,23,0,30,14,0,14,44
05/30/2009,BDR,CT,ANE,EN,Federal Contract Tower,0,0,5,0,5,0,0,167,0,167,0,0,172,0,172,248,0,248,420
05/31/2009,BDR,CT,ANE,EN,Federal Contract Tower,0,4,8,0,12,0,0,119,0,119,0,4,127,0,131,136,0,136,267
06/01/2009,BDR,CT,ANE,EN,Federal Contract Tower,0,6,17,2,25,0,0,91,2,93,0,6,108,4,118,104,0,104,222
06/02/2009,BDR,CT,ANE,EN,Federal Contract Tower,0,7,16,1,24,0,0,55,1,56,0,7,71,2,80,99,0,99,179
06/03/2009,BDR,CT,ANE,EN,Federal Contract Tower,0,4,13,4,21,0,0,34,0,34,0,4,47,4,55,62,0,62,117
06/04/2009,BDR,CT,ANE,EN,Federal Contract Tower,0,9,14,0,23,0,0,49,0,49,0,9,63,0,72,60,0,60,132
06/05/2009,BDR,CT,ANE,EN,Federal Contract Tower,0,5,32,0,37,0,0,2,0,2,0,5,34,0,39,0,0,0,39
06/06/2009,BDR,CT,ANE,EN,Federal Contract Tower,0,1,10,0,11,0,0,114,0,114,0,1,124,0,125,208,0,208,333
06/07/2009,BDR,CT,ANE,EN,Federal Contract Tower,0,1,10,0,11,0,2,156,0,158,0,3,166,0,169,226,0,226,395
06/08/2009,BDR,CT,ANE,EN,Federal Contract Tower,0,3,14,0,17,0,0,86,0,86,0,3,100,0,103,74,0,74,177
06/09/2009,BDR,CT,ANE,EN,Federal Contract Tower,0,8,9,0,17,0,0,1,0,1,0,8,10,0,18,0,0,0,18
06/10/2009,BDR,CT,ANE,EN,Federal Contract Tower,0,6,38,0,44,0,0,9,0,9,0,6,47,0,53,12,0,12,65
06/11/2009,BDR,CT,ANE,EN,Federal Contract Tower,0,9,31,2,42,0,0,0,0,0,0,9,31,2,42,0,0,0,42
06/12/2009,BDR,CT,ANE,EN,Federal Contract Tower,0,6,20,0,26,0,1,7,0,8,0,7,27,0,34,0,0,0,34
06/13/2009,BDR,CT,ANE,EN,Federal Contract Tower,0,0,16,0,16,0,0,68,1,69,0,0,84,1,85,80,0,80,165
06/14/2009,BDR,CT,ANE,EN,Federal Contract Tower,0,6,31,0,37,0,0,101,1,102,0,6,132,1,139,102,0,102,241
06/15/2009,BDR,CT,ANE,EN,Federal Contract Tower,0,9,28,2,39,0,0,40,4,44,0,9,68,6,83,62,2,64,147
06/16/2009,BDR,CT,ANE,EN,Federal Contract Tower,0,9,17,0,26,0,0,69,0,69,0,9,86,0,95,108,0,108,203
06/17/2009,BDR,CT,ANE,EN,Federal Contract Tower,0,10,22,2,34,0,0,104,0,104,0,10,126,2,138,176,0,176,314
06/18/2009,BDR,CT,ANE,EN,Federal Contract Tower,0,8,23,2,33,0,0,0,0,0,0,8,23,2,33,0,0,0,33
06/19/2009,BDR,CT,ANE,EN,Federal Contract Tower,0,9,47,4,60,0,0,60,0,60,0,9,107,4,120,106,0,106,226
06/20/2009,BDR,CT,ANE,EN,Federal Contract Tower,0,2,13,0,15,0,0,30,0,30,0,2,43,0,45,32,0,32,77
06/21/2009,BDR,CT,ANE,EN,Federal Contract Tower,0,3,26,0,29,0,0,20,0,20,0,3,46,0,49,34,0,34,83
06/22/2009,BDR,CT,ANE,EN,Federal Contract Tower,0,4,25,0,29,0,0,49,0,49,0,4,74,0,78,68,0,68,146
06/23/2009,BDR,CT,ANE,EN,Federal Contract Tower,0,9,27,0,36,0,0,81,6,87,0,9,108,6,123,170,0,170,293
06/24/2009,BDR,CT,ANE,EN,Federal Contract Tower,0,8,30,1,39,0,0,17,2,19,0,8,47,3,58,40,0,40,98
06/25/2009,BDR,CT,ANE,EN,Federal Contract Tower,0,3,34,0,37,0,0,80,0,80,0,3,114,0,117,64,0,64,181
06/26/2009,BDR,CT,ANE,EN,Federal Contract Tower,0,5,31,0,36,0,0,11,0,11,0,5,42,0,47,2,0,2,49
06/27/2009,BDR,CT,ANE,EN,Federal Contract Tower,0,1,8,0,9,0,2,131,0,133,0,3,139,0,142,158,6,164,306
06/28/2009,BDR,CT,ANE,EN,Federal Contract Tower,0,7,19,0,26,0,0,79,2,81,0,7,98,2,107,120,0,120,227
06/29/2009,BDR,CT,ANE,EN,Federal Contract Tower,0,5,14,0,19,0,1,111,2,114,0,6,125,2,133,144,0,144,277
06/30/2009,BDR,CT,ANE,EN,Federal Contract Tower,0,12,13,0,25,0,0,91,0,91,0,12,104,0,116,72,0,72,188
07/01/2009,BDR,CT,ANE,EN,Federal Contract Tower,0,8,24,0,32,0,3,23,0,26,0,11,47,0,58,46,0,46,104
07/02/2009,BDR,CT,ANE,EN,Federal Contract Tower,0,8,19,1,28,0,0,10,0,10,0,8,29,1,38,46,2,48,86
07/03/2009,BDR,CT,ANE,EN,Federal Contract Tower,0,5,16,0,21,0,0,82,0,82,0,5,98,0,103,200,0,200,303
07/04/2009,BDR,CT,ANE,EN,Federal Contract Tower,0,1,12,0,13,0,1,83,0,84,0,2,95,0,97,32,0,32,129
07/05/2009,BDR,CT,ANE,EN,Federal Contract Tower,0,7,14,0,21,0,0,139,0,139,0,7,153,0,160,98,0,98,258
07/06/2009,BDR,CT,ANE,EN,Federal Contract Tower,0,6,20,0,26,0,0,122,0,122,0,6,142,0,148,136,0,136,284
07/07/2009,BDR,CT,ANE,EN,Federal Contract Tower,0,8,18,2,28,0,0,59,1,60,0,8,77,3,88,50,0,50,138
07/08/2009,BDR,CT,ANE,EN,Federal Contract Tower,0,11,18,0,29,0,0,87,0,87,0,11,105,0,116,158,0,158,274
07/09/2009,BDR,CT,ANE,EN,Federal Contract Tower,0,14,34,4,52,0,0,106,0,106,0,14,140,4,158,152,0,152,310
07/10/2009,BDR,CT,ANE,EN,Federal Contract Tower,0,7,16,2,25,0,3,143,0,146,0,10,159,2,171,94,0,94,265
07/11/2009,BDR,CT,ANE,EN,Federal Contract Tower,0,8,12,0,20,0,0,108,0,108,0,8,120,0,128,202,0,202,330
07/12/2009,BDR,CT,ANE,EN,Federal Contract Tower,0,14,27,0,41,0,0,110,1,111,0,14,137,1,152,108,0,108,260
07/13/2009,BDR,CT,ANE,EN,Federal Contract Tower,0,10,10,4,24,0,2,96,0,98,0,12,106,4,122,142,0,142,264
07/14/2009,BDR,CT,ANE,EN,Federal Contract Tower,0,4,16,2,22,0,0,112,3,115,0,4,128,5,137,206,0,206,343
07/15/2009,BDR,CT,ANE,EN,Federal Contract Tower,0,10,10,0,20,0,1,96,0,97,0,11,106,0,117,118,2,120,237
07/16/2009,BDR,CT,ANE,EN,Federal Contract Tower,0,6,17,6,29,0,2,55,0,57,0,8,72,6,86,84,0,84,170
07/17/2009,BDR,CT,ANE,EN,Federal Contract Tower,0,12,24,0,36,0,1,98,0,99,0,13,122,0,135,146,0,146,281
07/18/2009,BDR,CT,ANE,EN,Federal Contract Tower,0,5,10,0,15,0,0,85,0,85,0,5,95,0,100,148,0,148,248
07/19/2009,BDR,CT,ANE,EN,Federal Contract Tower,0,11,19,0,30,0,0,170,0,170,0,11,189,0,200,160,0,160,360
07/20/2009,BDR,CT,ANE,EN,Federal Contract Tower,0,7,14,0,21,0,1,111,0,112,0,8,125,0,133,180,0,180,313
07/21/2009,BDR,CT,ANE,EN,Federal Contract Tower,0,6,33,5,44,0,0,2,1,3,0,6,35,6,47,0,0,0,47
07/22/2009,BDR,CT,ANE,EN,Federal Contract Tower,0,4,16,4,24,0,2,73,0,75,0,6,89,4,99,150,0,150,249
07/23/2009,BDR,CT,ANE,EN,Federal Contract Tower,0,8,36,0,44,0,0,17,0,17,0,8,53,0,61,0,0,0,61
07/24/2009,BDR,CT,ANE,EN,Federal Contract Tower,0,12,31,0,43,0,0,79,0,79,0,12,110,0,122,120,0,120,242
07/25/2009,BDR,CT,ANE,EN,Federal Contract Tower,0,4,28,0,32,0,0,123,0,123,0,4,151,0,155,128,0,128,283
07/26/2009,BDR,CT,ANE,EN,Federal Contract Tower,0,8,25,0,33,0,0,39,0,39,0,8,64,0,72,76,0,76,148
07/27/2009,BDR,CT,ANE,EN,Federal Contract Tower,0,12,15,2,29,0,0,40,0,40,0,12,55,2,69,48,0,48,117
07/28/2009,BDR,CT,ANE,EN,Federal Contract Tower,0,10,31,4,45,0,1,65,0,66,0,11,96,4,111,84,0,84,195
07/29/2009,BDR,CT,ANE,EN,Federal Contract Tower,0,14,30,0,44,0,0,14,0,14,0,14,44,0,58,6,0,6,64
07/30/2009,BDR,CT,ANE,EN,Federal Contract Tower,0,6,17,4,27,0,0,78,0,78,0,6,95,4,105,152,0,152,257
07/31/2009,BDR,CT,ANE,EN,Federal Contract Tower,0,11,33,1,45,0,0,11,0,11,0,11,44,1,56,0,0,0,56
08/01/2009,BDR,CT,ANE,EN,Federal Contract Tower,0,3,8,0,11,0,0,134,0,134,0,3,142,0,145,172,0,172,317
08/02/2009,BDR,CT,ANE,EN,Federal Contract Tower,0,6,23,0,29,0,0,28,0,28,0,6,51,0,57,42,0,42,99
08/03/2009,BDR,CT,ANE,EN,Federal Contract Tower,0,6,12,2,20,0,0,104,0,104,0,6,116,2,124,134,0,134,258
08/04/2009,BDR,CT,ANE,EN,Federal Contract Tower,0,9,21,2,32,0,136,4,0,140,0,145,25,2,172,140,0,140,312
08/05/2009,BDR,CT,ANE,EN,Federal Contract Tower,0,9,12,2,23,0,1,39,0,40,0,10,51,2,63,72,0,72,135
08/06/2009,BDR,CT,ANE,EN,Federal Contract Tower,0,8,12,2,22,0,0,84,0,84,0,8,96,2,106,132,0,132,238
08/07/2009,BDR,CT,ANE,EN,Federal Contract Tower,0,6,24,0,30,0,0,136,0,136,0,6,160,0,166,160,0,160,326
08/08/2009,BDR,CT,ANE,EN,Federal Contract Tower,0,1,4,0,5,0,0,127,0,127,0,1,131,0,132,176,0,176,308
08/09/2009,BDR,CT,ANE,EN,Federal Contract Tower,0,7,44,0,51,0,0,72,0,72,0,7,116,0,123,120,0,120,243
08/10/2009,BDR,CT,ANE,EN,Federal Contract Tower,0,9,15,0,24,0,2,76,0,78,0,11,91,0,102,82,0,82,184
08/11/2009,BDR,CT,ANE,EN,Federal Contract Tower,0,7,5,0,12,0,0,87,0,87,0,7,92,0,99,106,0,106,205
08/12/2009,BDR,CT,ANE,EN,Federal Contract Tower,0,17,36,0,53,0,3,16,4,23,0,20,52,4,76,18,0,18,94
08/13/2009,BDR,CT,ANE,EN,Federal Contract Tower,0,6,31,7,44,0,0,15,2,17,0,6,46,9,61,0,0,0,61
08/14/2009,BDR,CT,ANE,EN,Federal Contract Tower,0,8,19,2,29,0,0,144,2,146,0,8,163,4,175,130,0,130,305
08/15/2009,BDR,CT,ANE,EN,Federal Contract Tower,0,4,13,0,17,0,0,104,0,104,0,4,117,0,121,148,0,148,269
08/16/2009,BDR,CT,ANE,EN,Federal Contract Tower,0,1,7,1,9,0,0,125,0,125,0,1,132,1,134,114,22,136,270
08/17/2009,BDR,CT,ANE,EN,Federal Contract Tower,0,7,6,0,13,0,2,86,0,88,0,9,92,0,101,120,0,120,221
08/18/2009,BDR,CT,ANE,EN,Federal Contract Tower,0,9,9,0,18,0,1,116,0,117,0,10,125,0,135,168,0,168,303
08/19/2009,BDR,CT,ANE,EN,Federal Contract Tower,0,19,16,4,39,0,1,91,0,92,0,20,107,4,131,148,0,148,279
08/20/2009,BDR,CT,ANE,EN,Federal Contract Tower,0,5,29,0,34,0,0,47,0,47,0,5,76,0,81,136,0,136,217
08/21/2009,BDR,CT,ANE,EN,Federal Contract Tower,0,9,26,0,35,0,0,45,0,45,0,9,71,0,80,166,0,166,246
08/22/2009,BDR,CT,ANE,EN,Federal Contract Tower,0,4,19,0,23,0,0,33,2,35,0,4,52,2,58,31,0,31,89
08/23/2009,BDR,CT,ANE,EN,Federal Contract Tower,0,6,32,0,38,0,2,13,0,15,0,8,45,0,53,0,0,0,53
08/24/2009,BDR,CT,ANE,EN,Federal Contract Tower,0,9,15,0,24,0,0,105,0,105,0,9,120,0,129,188,0,188,317
08/25/2009,BDR,CT,ANE,EN,Federal Contract Tower,0,12,14,0,26,0,0,100,0,100,0,12,114,0,126,72,0,72,198
08/26/2009,BDR,CT,ANE,EN,Federal Contract Tower,0,5,20,2,27,0,0,84,0,84,0,5,104,2,111,132,0,132,243
08/27/2009,BDR,CT,ANE,EN,Federal Contract Tower,0,15,15,2,32,0,0,94,2,96,0,15,109,4,128,86,0,86,214
08/28/2009,BDR,CT,ANE,EN,Federal Contract Tower,0,17,15,0,32,0,0,28,0,28,0,17,43,0,60,40,0,40,100
08/29/2009,BDR,CT,ANE,EN,Federal Contract Tower,0,4,12,0,16,0,0,2,0,2,0,4,14,0,18,0,0,0,18
08/30/2009,BDR,CT,ANE,EN,Federal Contract Tower,0,6,24,0,30,0,0,77,0,77,0,6,101,0,107,72,0,72,179
08/31/2009,BDR,CT,ANE,EN,Federal Contract Tower,0,4,24,0,28,0,2,93,0,95,0,6,117,0,123,114,0,114,237
09/01/2009,BDR,CT,ANE,EN,Federal Contract Tower,0,7,22,2,31,0,0,114,0,114,0,7,136,2,145,98,0,98,243
09/02/2009,BDR,CT,ANE,EN,Federal Contract Tower,0,13,19,4,36,0,0,103,0,103,0,13,122,4,139,238,0,238,377
09/03/2009,BDR,CT,ANE,EN,Federal Contract Tower,0,10,12,3,25,0,0,94,0,94,0,10,106,3,119,162,0,162,281
09/04/2009,BDR,CT,ANE,EN,Federal Contract Tower,0,8,20,0,28,0,0,121,0,121,0,8,141,0,149,164,0,164,313
09/05/2009,BDR,CT,ANE,EN,Federal Contract Tower,0,2,9,0,11,0,0,53,0,53,0,2,62,0,64,114,0,114,178
09/06/2009,BDR,CT,ANE,EN,Federal Contract Tower,0,2,7,0,9,0,0,99,2,101,0,2,106,2,110,116,0,116,226
09/07/2009,BDR,CT,ANE,EN,Federal Contract Tower,0,4,20,0,24,0,0,137,0,137,0,4,157,0,161,138,0,138,299
09/08/2009,BDR,CT,ANE,EN,Federal Contract Tower,0,4,18,1,23,0,0,90,0,90,0,4,108,1,113,104,0,104,217
09/09/2009,BDR,CT,ANE,EN,Federal Contract Tower,0,11,14,0,25,0,2,62,0,64,0,13,76,0,89,180,0,180,269
09/10/2009,BDR,CT,ANE,EN,Federal Contract Tower,0,7,16,0,23,0,0,38,0,38,0,7,54,0,61,50,0,50,111
09/11/2009,BDR,CT,ANE,EN,Federal Contract Tower,0,2,18,0,20,0,0,3,0,3,0,2,21,0,23,0,0,0,23
09/12/2009,BDR,CT,ANE,EN,Federal Contract Tower,0,4,15,0,19,0,0,7,0,7,0,4,22,0,26,10,0,10,36
09/13/2009,BDR,CT,ANE,EN,Federal Contract Tower,0,6,18,0,24,0,0,82,0,82,0,6,100,0,106,126,0,126,232
09/14/2009,BDR,CT,ANE,EN,Federal Contract Tower,0,6,25,2,33,0,0,70,0,70,0,6,95,2,103,146,0,146,249
09/15/2009,BDR,CT,ANE,EN,Federal Contract Tower,0,6,10,3,19,0,0,93,2,95,0,6,103,5,114,178,0,178,292
09/16/2009,BDR,CT,ANE,EN,Federal Contract Tower,0,14,40,0,54,0,2,22,0,24,0,16,62,0,78,12,2,14,92
09/17/2009,BDR,CT,ANE,EN,Federal Contract Tower,0,5,27,0,32,0,0,32,0,32,0,5,59,0,64,62,0,62,126
09/18/2009,BDR,CT,ANE,EN,Federal Contract Tower,0,10,22,2,34,0,0,70,0,70,0,10,92,2,104,96,0,96,200
09/19/2009,BDR,CT,ANE,EN,Federal Contract Tower,0,2,11,0,13,0,0,107,0,107,0,2,118,0,120,182,0,182,302
09/20/2009,BDR,CT,ANE,EN,Federal Contract Tower,0,5,21,0,26,0,2,121,0,123,0,7,142,0,149,162,0,162,311
09/21/2009,BDR,CT,ANE,EN,Federal Contract Tower,0,6,20,0,26,0,0,84,2,86,0,6,104,2,112,178,0,178,290
09/22/2009,BDR,CT,ANE,EN,Federal Contract Tower,0,9,26,2,37,0,0,70,0,70,0,9,96,2,107,238,0,238,345
09/23/2009,BDR,CT,ANE,EN,Federal Contract Tower,0,8,30,0,38,0,0,31,0,31,0,8,61,0,69,106,0,106,175
09/24/2009,BDR,CT,ANE,EN,Federal Contract Tower,0,3,20,0,23,0,2,76,0,78,0,5,96,0,101,212,0,212,313
09/25/2009,BDR,CT,ANE,EN,Federal Contract Tower,0,11,24,4,39,0,0,79,0,79,0,11,103,4,118,92,0,92,210
09/26/2009,BDR,CT,ANE,EN,Federal Contract Tower,0,7,12,0,19,0,1,88,0,89,0,8,100,0,108,196,0,196,304
09/27/2009,BDR,CT,ANE,EN,Federal Contract Tower,0,9,19,0,28,0,0,0,0,0,0,9,19,0,28,0,0,0,28
09/28/2009,BDR,CT,ANE,EN,Federal Contract Tower,0,6,9,2,17,0,1,34,0,35,0,7,43,2,52,72,0,72,124
09/29/2009,BDR,CT,ANE,EN,Federal Contract Tower,0,10,11,6,27,0,5,30,0,35,0,15,41,6,62,82,0,82,144
09/30/2009,BDR,CT,ANE,EN,Federal Contract Tower,0,9,30,8,47,0,1,59,0,60,0,10,89,8,107,86,4,90,197
10/01/2009,BDR,CT,ANE,EN,Federal Contract Tower,0,8,24,6,38,0,1,83,0,84,0,9,107,6,122,174,0,174,296
10/02/2009,BDR,CT,ANE,EN,Federal Contract Tower,0,11,19,0,30,0,0,77,0,77,0,11,96,0,107,80,0,80,187
10/03/2009,BDR,CT,ANE,EN,Federal Contract Tower,0,3,17,0,20,0,0,8,0,8,0,3,25,0,28,40,0,40,68
10/04/2009,BDR,CT,ANE,EN,Federal Contract Tower,0,2,22,0,24,0,0,60,0,60,0,2,82,0,84,82,0,82,166
10/05/2009,BDR,CT,ANE,EN,Federal Contract Tower,0,8,16,2,26,0,0,63,0,63,0,8,79,2,89,82,0,82,171
10/06/2009,BDR,CT,ANE,EN,Federal Contract Tower,0,6,11,3,20,0,4,105,0,109,0,10,116,3,129,176,0,176,305
10/07/2009,BDR,CT,ANE,EN,Federal Contract Tower,0,12,13,8,33,0,0,14,0,14,0,12,27,8,47,16,0,16,63
10/08/2009,BDR,CT,ANE,EN,Federal Contract Tower,0,12,29,0,41,0,0,81,0,81,0,12,110,0,122,124,0,124,246
10/09/2009,BDR,CT,ANE,EN,Federal Contract Tower,0,14,32,1,47,0,0,32,0,32,0,14,64,1,79,26,0,26,105
10/10/2009,BDR,CT,ANE,EN,Federal Contract Tower,0,3,20,0,23,0,0,49,0,49,0,3,69,0,72,76,0,76,148
10/11/2009,BDR,CT,ANE,EN,Federal Contract Tower,0,3,14,0,17,0,0,144,0,144,0,3,158,0,161,156,0,156,317
10/12/2009,BDR,CT,ANE,EN,Federal Contract Tower,0,13,16,0,29,0,1,91,3,95,0,14,107,3,124,142,0,142,266
10/13/2009,BDR,CT,ANE,EN,Federal Contract Tower,0,11,14,0,25,0,1,50,3,54,0,12,64,3,79,130,2,132,211
10/14/2009,BDR,CT,ANE,EN,Federal Contract Tower,0,5,29,0,34,0,4,74,5,83,0,9,103,5,117,58,0,58,175
10/15/2009,BDR,CT,ANE,EN,Federal Contract Tower,0,10,15,0,25,0,0,10,0,10,0,10,25,0,35,18,2,20,55
10/16/2009,BDR,CT,ANE,EN,Federal Contract Tower,0,4,12,0,16,0,0,7,1,8,0,4,19,1,24,54,0,54,78
10/17/2009,BDR,CT,ANE,EN,Federal Contract Tower,0,2,8,0,10,0,0,29,0,29,0,2,37,0,39,32,0,32,71
10/18/2009,BDR,CT,ANE,EN,Federal Contract Tower,0,11,6,0,17,0,0,0,0,0,0,11,6,0,17,0,0,0,17
10/19/2009,BDR,CT,ANE,EN,Federal Contract Tower,0,8,19,4,31,0,0,67,2,69,0,8,86,6,100,68,0,68,168
10/20/2009,BDR,CT,ANE,EN,Federal Contract Tower,0,6,25,4,35,0,2,121,0,123,0,8,146,4,158,154,0,154,312
10/21/2009,BDR,CT,ANE,EN,Federal Contract Tower,0,3,29,4,36,0,0,96,0,96,0,3,125,4,132,172,0,172,304
10/22/2009,BDR,CT,ANE,EN,Federal Contract Tower,0,8,16,3,27,0,0,69,0,69,0,8,85,3,96,112,0,112,208
10/23/2009,BDR,CT,ANE,EN,Federal Contract Tower,0,11,38,2,51,0,0,25,2,27,0,11,63,4,78,38,0,38,116
10/24/2009,BDR,CT,ANE,EN,Federal Contract Tower,0,2,9,0,11,0,0,3,0,3,0,2,12,0,14,0,0,0,14
10/25/2009,BDR,CT,ANE,EN,Federal Contract Tower,0,2,14,0,16,0,0,110,0,110,0,2,124,0,126,128,0,128,254
10/26/2009,BDR,CT,ANE,EN,Federal Contract Tower,0,8,10,2,20,0,0,81,0,81,0,8,91,2,101,112,0,112,213
10/27/2009,BDR,CT,ANE,EN,Federal Contract Tower,0,7,34,0,41,0,0,0,0,0,0,7,34,0,41,0,0,0,41
10/28/2009,BDR,CT,ANE,EN,Federal Contract Tower,0,11,14,0,25,0,0,0,0,0,0,11,14,0,25,0,0,0,25
10/29/2009,BDR,CT,ANE,EN,Federal Contract Tower,0,10,23,0,33,0,0,90,0,90,0,10,113,0,123,142,0,142,265
10/30/2009,BDR,CT,ANE,EN,Federal Contract Tower,0,4,32,1,37,0,0,91,10,101,0,4,123,11,138,186,0,186,324
10/31/2009,BDR,CT,ANE,EN,Federal Contract Tower,0,0,8,0,8,0,0,19,0,19,0,0,27,0,27,54,0,54,81
11/01/2009,BDR,CT,ANE,EN,Federal Contract Tower,0,2,17,0,19,0,2,93,0,95,0,4,110,0,114,130,0,130,244
11/02/2009,BDR,CT,ANE,EN,Federal Contract Tower,0,3,19,4,26,0,0,63,0,63,0,3,82,4,89,90,0,90,179
11/03/2009,BDR,CT,ANE,EN,Federal Contract Tower,0,6,17,4,27,0,0,66,0,66,0,6,83,4,93,68,0,68,161
11/04/2009,BDR,CT,ANE,EN,Federal Contract Tower,0,9,19,0,28,0,0,103,0,103,0,9,122,0,131,206,0,206,337
11/05/2009,BDR,CT,ANE,EN,Federal Contract Tower,0,13,20,2,35,0,0,33,0,33,0,13,53,2,68,62,0,62,130
11/06/2009,BDR,CT,ANE,EN,Federal Contract Tower,0,10,16,4,30,0,0,50,3,53,0,10,66,7,83,82,0,82,165
11/07/2009,BDR,CT,ANE,EN,Federal Contract Tower,0,4,6,0,10,0,0,131,2,133,0,4,137,2,143,150,0,150,293
11/08/2009,BDR,CT,ANE,EN,Federal Contract Tower,0,7,18,0,25,0,0,125,0,125,0,7,143,0,150,182,0,182,332
11/09/2009,BDR,CT,ANE,EN,Federal Contract Tower,0,9,19,6,34,0,1,78,0,79,0,10,97,6,113,70,0,70,183
11/10/2009,BDR,CT,ANE,EN,Federal Contract Tower,0,11,25,3,39,0,0,31,0,31,0,11,56,3,70,4,0,4,74
11/11/2009,BDR,CT,ANE,EN,Federal Contract Tower,0,6,26,0,32,0,0,53,0,53,0,6,79,0,85,84,2,86,171
11/12/2009,BDR,CT,ANE,EN,Federal Contract Tower,0,6,14,1,21,0,0,18,0,18,0,6,32,1,39,0,2,2,41
11/13/2009,BDR,CT,ANE,EN,Federal Contract Tower,0,2,11,0,13,0,0,6,2,8,0,2,17,2,21,0,0,0,21
11/14/2009,BDR,CT,ANE,EN,Federal Contract Tower,0,0,6,0,6,0,0,0,0,0,0,0,6,0,6,0,0,0,6
11/15/2009,BDR,CT,ANE,EN,Federal Contract Tower,0,2,22,0,24,0,0,40,0,40,0,2,62,0,64,132,0,132,196
11/16/2009,BDR,CT,ANE,EN,Federal Contract Tower,0,11,19,2,32,0,0,83,0,83,0,11,102,2,115,74,0,74,189
11/17/2009,BDR,CT,ANE,EN,Federal Contract Tower,0,8,17,2,27,0,0,70,2,72,0,8,87,4,99,158,0,158,257
11/18/2009,BDR,CT,ANE,EN,Federal Contract Tower,0,12,25,6,43,0,0,111,0,111,0,12,136,6,154,128,0,128,282
11/19/2009,BDR,CT,ANE,EN,Federal Contract Tower,0,7,35,0,42,0,0,32,3,35,0,7,67,3,77,72,0,72,149
11/20/2009,BDR,CT,ANE,EN,Federal Contract Tower,0,6,27,0,33,0,0,41,2,43,0,6,68,2,76,90,0,90,166
11/21/2009,BDR,CT,ANE,EN,Federal Contract Tower,0,1,18,0,19,0,0,90,0,90,0,1,108,0,109,164,0,164,273
11/22/2009,BDR,CT,ANE,EN,Federal Contract Tower,0,12,26,0,38,0,0,124,2,126,0,12,150,2,164,200,0,200,364
11/23/2009,BDR,CT,ANE,EN,Federal Contract Tower,0,10,24,4,38,0,0,23,0,23,0,10,47,4,61,18,0,18,79
11/24/2009,BDR,CT,ANE,EN,Federal Contract Tower,0,14,27,1,42,0,0,39,2,41,0,14,66,3,83,130,0,130,213
11/25/2009,BDR,CT,ANE,EN,Federal Contract Tower,0,19,43,2,64,0,0,0,0,0,0,19,43,2,64,0,0,0,64
11/26/2009,BDR,CT,ANE,EN,Federal Contract Tower,0,2,7,0,9,0,0,21,0,21,0,2,28,0,30,52,0,52,82
11/27/2009,BDR,CT,ANE,EN,Federal Contract Tower,0,4,8,2,14,0,0,4,0,4,0,4,12,2,18,0,0,0,18
11/28/2009,BDR,CT,ANE,EN,Federal Contract Tower,0,7,11,0,18,0,0,14,0,14,0,7,25,0,32,8,2,10,42
11/29/2009,BDR,CT,ANE,EN,Federal Contract Tower,0,11,46,0,57,0,0,127,0,127,0,11,173,0,184,118,0,118,302
11/30/2009,BDR,CT,ANE,EN,Federal Contract Tower,0,7,15,5,27,0,0,21,0,21,0,7,36,5,48,12,0,12,60
12/01/2009,BDR,CT,ANE,EN,Federal Contract Tower,0,5,22,0,27,0,0,65,0,65,0,5,87,0,92,100,0,100,192
12/02/2009,BDR,CT,ANE,EN,Federal Contract Tower,0,6,18,4,28,0,0,57,1,58,0,6,75,5,86,48,0,48,134
12/03/2009,BDR,CT,ANE,EN,Federal Contract Tower,0,4,19,0,23,0,0,24,0,24,0,4,43,0,47,24,0,24,71
12/04/2009,BDR,CT,ANE,EN,Federal Contract Tower,0,7,16,0,23,0,0,100,0,100,0,7,116,0,123,134,0,134,257
12/05/2009,BDR,CT,ANE,EN,Federal Contract Tower,0,5,18,0,23,0,0,6,0,6,0,5,24,0,29,0,0,0,29
12/06/2009,BDR,CT,ANE,EN,Federal Contract Tower,0,5,9,0,14,0,0,88,0,88,0,5,97,0,102,126,0,126,228
12/07/2009,BDR,CT,ANE,EN,Federal Contract Tower,0,7,17,2,26,0,0,83,0,83,0,7,100,2,109,82,0,82,191
12/08/2009,BDR,CT,ANE,EN,Federal Contract Tower,0,8,22,5,35,0,3,72,4,79,0,11,94,9,114,98,0,98,212
12/09/2009,BDR,CT,ANE,EN,Federal Contract Tower,0,7,18,0,25,0,0,0,0,0,0,7,18,0,25,0,0,0,25
12/10/2009,BDR,CT,ANE,EN,Federal Contract Tower,0,7,16,0,23,0,0,27,0,27,0,7,43,0,50,20,0,20,70
12/11/2009,BDR,CT,ANE,EN,Federal Contract Tower,0,4,15,0,19,0,0,21,0,21,0,4,36,0,40,64,0,64,104
12/12/2009,BDR,CT,ANE,EN,Federal Contract Tower,0,1,12,0,13,0,0,82,0,82,0,1,94,0,95,140,0,140,235
12/13/2009,BDR,CT,ANE,EN,Federal Contract Tower,0,1,8,1,10,0,0,22,0,22,0,1,30,1,32,56,0,56,88
12/14/2009,BDR,CT,ANE,EN,Federal Contract Tower,0,10,24,0,34,0,1,91,2,94,0,11,115,2,128,138,0,138,266
12/15/2009,BDR,CT,ANE,EN,Federal Contract Tower,0,6,23,0,29,0,0,45,0,45,0,6,68,0,74,44,0,44,118
12/16/2009,BDR,CT,ANE,EN,Federal Contract Tower,0,6,15,0,21,0,0,55,0,55,0,6,70,0,76,58,0,58,134
12/17/2009,BDR,CT,ANE,EN,Federal Contract Tower,0,2,9,2,13,0,2,45,0,47,0,4,54,2,60,20,0,20,80
12/18/2009,BDR,CT,ANE,EN,Federal Contract Tower,0,3,14,0,17,0,0,91,0,91,0,3,105,0,108,130,0,130,238
12/19/2009,BDR,CT,ANE,EN,Federal Contract Tower,0,0,8,0,8,0,0,10,0,10,0,0,18,0,18,4,0,4,22
12/20/2009,BDR,CT,ANE,EN,Federal Contract Tower,0,0,0,0,0,0,0,0,0,0,0,0,0,0,0,0,0,0,0
12/21/2009,BDR,CT,ANE,EN,Federal Contract Tower,0,8,7,0,15,0,0,15,0,15,0,8,22,0,30,0,0,0,30
12/22/2009,BDR,CT,ANE,EN,Federal Contract Tower,0,3,15,0,18,0,0,40,0,40,0,3,55,0,58,26,0,26,84
12/23/2009,BDR,CT,ANE,EN,Federal Contract Tower,0,6,13,0,19,0,0,40,0,40,0,6,53,0,59,118,0,118,177
12/24/2009,BDR,CT,ANE,EN,Federal Contract Tower,0,1,5,0,6,0,0,38,0,38,0,1,43,0,44,74,0,74,118
12/25/2009,BDR,CT,ANE,EN,Federal Contract Tower,0,0,5,0,5,0,0,0,0,0,0,0,5,0,5,0,0,0,5
12/26/2009,BDR,CT,ANE,EN,Federal Contract Tower,0,1,8,0,9,0,0,0,0,0,0,1,8,0,9,0,0,0,9
12/27/2009,BDR,CT,ANE,EN,Federal Contract Tower,0,1,12,0,13,0,0,65,0,65,0,1,77,0,78,64,0,64,142
12/28/2009,BDR,CT,ANE,EN,Federal Contract Tower,0,4,8,0,12,0,0,29,0,29,0,4,37,0,41,84,0,84,125
12/29/2009,BDR,CT,ANE,EN,Federal Contract Tower,0,2,11,0,13,0,0,7,0,7,0,2,18,0,20,0,0,0,20
12/30/2009,BDR,CT,ANE,EN,Federal Contract Tower,0,5,15,0,20,0,0,75,0,75,0,5,90,0,95,150,0,150,245
12/31/2009,BDR,CT,ANE,EN,Federal Contract Tower,0,1,1,0,2,0,0,0,0,0,0,1,1,0,2,2,0,2,4
01/01/2010,BDR,CT,ANE,EN,Federal Contract Tower,0,3,6,0,9,0,0,1,0,1,0,3,7,0,10,0,0,0,10
01/02/2010,BDR,CT,ANE,EN,Federal Contract Tower,0,1,9,0,10,0,0,1,0,1,0,1,10,0,11,0,0,0,11
01/03/2010,BDR,CT,ANE,EN,Federal Contract Tower,0,2,9,0,11,0,0,0,0,0,0,2,9,0,11,0,0,0,11
01/04/2010,BDR,CT,ANE,EN,Federal Contract Tower,0,2,13,0,15,0,0,24,0,24,0,2,37,0,39,38,0,38,77
01/05/2010,BDR,CT,ANE,EN,Federal Contract Tower,0,4,9,0,13,0,0,59,2,61,0,4,68,2,74,86,0,86,160
01/06/2010,BDR,CT,ANE,EN,Federal Contract Tower,0,6,29,0,35,0,0,55,0,55,0,6,84,0,90,64,0,64,154
01/07/2010,BDR,CT,ANE,EN,Federal Contract Tower,0,3,17,0,20,0,0,52,0,52,0,3,69,0,72,22,0,22,94
01/08/2010,BDR,CT,ANE,EN,Federal Contract Tower,0,2,3,2,7,0,0,1,0,1,0,2,4,2,8,0,0,0,8
01/09/2010,BDR,CT,ANE,EN,Federal Contract Tower,0,2,10,0,12,0,0,58,0,58,0,2,68,0,70,60,0,60,130
01/10/2010,BDR,CT,ANE,EN,Federal Contract Tower,0,3,11,0,14,0,0,80,0,80,0,3,91,0,94,92,0,92,186
01/11/2010,BDR,CT,ANE,EN,Federal Contract Tower,0,3,13,0,16,0,0,48,0,48,0,3,61,0,64,70,0,70,134
01/12/2010,BDR,CT,ANE,EN,Federal Contract Tower,0,4,10,0,14,0,0,41,0,41,0,4,51,0,55,38,0,38,93
01/13/2010,BDR,CT,ANE,EN,Federal Contract Tower,0,6,20,0,26,0,0,56,0,56,0,6,76,0,82,80,0,80,162
01/14/2010,BDR,CT,ANE,EN,Federal Contract Tower,0,2,13,0,15,0,0,54,0,54,0,2,67,0,69,120,0,120,189
01/15/2010,BDR,CT,ANE,EN,Federal Contract Tower,0,2,19,0,21,0,0,65,0,65,0,2,84,0,86,66,0,66,152
01/16/2010,BDR,CT,ANE,EN,Federal Contract Tower,0,0,12,0,12,0,0,101,0,101,0,0,113,0,113,102,0,102,215
01/17/2010,BDR,CT,ANE,EN,Federal Contract Tower,0,1,5,0,6,0,0,27,0,27,0,1,32,0,33,60,0,60,93
01/18/2010,BDR,CT,ANE,EN,Federal Contract Tower,0,7,15,0,22,0,1,33,0,34,0,8,48,0,56,62,0,62,118
01/19/2010,BDR,CT,ANE,EN,Federal Contract Tower,0,2,17,6,25,0,0,13,0,13,0,2,30,6,38,74,0,74,112
01/20/2010,BDR,CT,ANE,EN,Federal Contract Tower,0,9,19,6,34,0,0,60,2,62,0,9,79,8,96,52,0,52,148
01/21/2010,BDR,CT,ANE,EN,Federal Contract Tower,0,6,16,2,24,0,1,57,0,58,0,7,73,2,82,60,0,60,142
01/22/2010,BDR,CT,ANE,EN,Federal Contract Tower,0,5,17,4,26,0,0,83,0,83,0,5,100,4,109,82,0,82,191
01/23/2010,BDR,CT,ANE,EN,Federal Contract Tower,0,1,9,0,10,0,0,127,0,127,0,1,136,0,137,118,0,118,255
01/24/2010,BDR,CT,ANE,EN,Federal Contract Tower,0,5,17,0,22,0,0,25,0,25,0,5,42,0,47,46,0,46,93
01/25/2010,BDR,CT,ANE,EN,Federal Contract Tower,0,2,10,4,16,0,0,0,0,0,0,2,10,4,16,0,0,0,16
01/26/2010,BDR,CT,ANE,EN,Federal Contract Tower,0,6,10,0,16,0,1,33,0,34,0,7,43,0,50,58,0,58,108
01/27/2010,BDR,CT,ANE,EN,Federal Contract Tower,0,5,7,0,12,0,0,85,4,89,0,5,92,4,101,90,0,90,191
01/28/2010,BDR,CT,ANE,EN,Federal Contract Tower,0,5,8,2,15,0,0,3,0,3,0,5,11,2,18,0,0,0,18
01/29/2010,BDR,CT,ANE,EN,Federal Contract Tower,0,2,9,0,11,0,0,44,0,44,0,2,53,0,55,36,0,36,91
01/30/2010,BDR,CT,ANE,EN,Federal Contract Tower,0,1,7,0,8,0,0,39,0,39,0,1,46,0,47,102,0,102,149
01/31/2010,BDR,CT,ANE,EN,Federal Contract Tower,0,3,5,0,8,0,0,84,0,84,0,3,89,0,92,154,0,154,246
02/01/2010,BDR,CT,ANE,EN,Federal Contract Tower,0,4,11,1,16,0,3,43,0,46,0,7,54,1,62,122,0,122,184
02/02/2010,BDR,CT,ANE,EN,Federal Contract Tower,0,4,12,2,18,0,2,60,6,68,0,6,72,8,86,100,0,100,186
02/03/2010,BDR,CT,ANE,EN,Federal Contract Tower,0,8,10,0,18,0,0,23,0,23,0,8,33,0,41,36,0,36,77
02/04/2010,BDR,CT,ANE,EN,Federal Contract Tower,0,3,9,0,12,0,0,45,2,47,0,3,54,2,59,34,0,34,93
02/05/2010,BDR,CT,ANE,EN,Federal Contract Tower,0,8,6,1,15,0,1,88,0,89,0,9,94,1,104,124,0,124,228
02/06/2010,BDR,CT,ANE,EN,Federal Contract Tower,0,2,1,0,3,0,0,8,0,8,0,2,9,0,11,10,0,10,21
02/07/2010,BDR,CT,ANE,EN,Federal Contract Tower,0,2,10,0,12,0,0,67,0,67,0,2,77,0,79,30,0,30,109
02/08/2010,BDR,CT,ANE,EN,Federal Contract Tower,0,6,19,0,25,0,0,69,0,69,0,6,88,0,94,58,0,58,152
02/09/2010,BDR,CT,ANE,EN,Federal Contract Tower,0,6,14,0,20,0,3,62,0,65,0,9,76,0,85,58,0,58,143
02/10/2010,BDR,CT,ANE,EN,Federal Contract Tower,0,0,0,0,0,0,0,0,0,0,0,0,0,0,0,0,0,0,0
02/11/2010,BDR,CT,ANE,EN,Federal Contract Tower,0,1,13,0,14,0,0,14,0,14,0,1,27,0,28,4,0,4,32
02/12/2010,BDR,CT,ANE,EN,Federal Contract Tower,0,4,12,0,16,0,1,42,0,43,0,5,54,0,59,32,0,32,91
02/13/2010,BDR,CT,ANE,EN,Federal Contract Tower,0,1,8,0,9,0,0,43,0,43,0,1,51,0,52,78,0,78,130
02/14/2010,BDR,CT,ANE,EN,Federal Contract Tower,0,3,8,0,11,0,0,61,0,61,0,3,69,0,72,106,0,106,178
02/15/2010,BDR,CT,ANE,EN,Federal Contract Tower,0,5,9,0,14,0,1,90,3,94,0,6,99,3,108,130,0,130,238
02/16/2010,BDR,CT,ANE,EN,Federal Contract Tower,0,2,5,4,11,0,0,0,0,0,0,2,5,4,11,0,0,0,11
02/17/2010,BDR,CT,ANE,EN,Federal Contract Tower,0,5,11,0,16,0,0,55,0,55,0,5,66,0,71,116,0,116,187
02/18/2010,BDR,CT,ANE,EN,Federal Contract Tower,0,3,12,5,20,0,0,54,0,54,0,3,66,5,74,50,0,50,124
02/19/2010,BDR,CT,ANE,EN,Federal Contract Tower,0,2,5,3,10,0,0,33,0,33,0,2,38,3,43,26,2,28,71
02/20/2010,BDR,CT,ANE,EN,Federal Contract Tower,0,1,11,0,12,0,0,86,0,86,0,1,97,0,98,158,0,158,256
02/21/2010,BDR,CT,ANE,EN,Federal Contract Tower,0,5,11,0,16,0,0,104,0,104,0,5,115,0,120,158,0,158,278
02/22/2010,BDR,CT,ANE,EN,Federal Contract Tower,0,9,9,2,20,0,2,104,0,106,0,11,113,2,126,188,0,188,314
02/23/2010,BDR,CT,ANE,EN,Federal Contract Tower,0,4,5,0,9,0,0,0,0,0,0,4,5,0,9,0,0,0,9
02/24/2010,BDR,CT,ANE,EN,Federal Contract Tower,0,7,20,2,29,0,0,0,0,0,0,7,20,2,29,0,0,0,29
02/25/2010,BDR,CT,ANE,EN,Federal Contract Tower,0,2,6,0,8,0,0,0,0,0,0,2,6,0,8,0,0,0,8
02/26/2010,BDR,CT,ANE,EN,Federal Contract Tower,0,0,0,0,0,0,0,0,0,0,0,0,0,0,0,0,0,0,0
02/27/2010,BDR,CT,ANE,EN,Federal Contract Tower,0,1,3,0,4,0,0,29,0,29,0,1,32,0,33,138,0,138,171
02/28/2010,BDR,CT,ANE,EN,Federal Contract Tower,0,2,13,0,15,0,0,25,0,25,0,2,38,0,40,136,0,136,176
03/01/2010,BDR,CT,ANE,EN,Federal Contract Tower,0,9,18,0,27,0,0,16,0,16,0,9,34,0,43,18,0,18,61
03/02/2010,BDR,CT,ANE,EN,Federal Contract Tower,0,13,6,0,19,0,0,87,1,88,0,13,93,1,107,84,0,84,191
03/03/2010,BDR,CT,ANE,EN,Federal Contract Tower,0,6,6,0,12,0,0,2,0,2,0,6,8,0,14,6,0,6,20
03/04/2010,BDR,CT,ANE,EN,Federal Contract Tower,0,4,13,0,17,0,0,39,2,41,0,4,52,2,58,92,0,92,150
03/05/2010,BDR,CT,ANE,EN,Federal Contract Tower,0,1,19,0,20,0,0,37,0,37,0,1,56,0,57,72,0,72,129
03/06/2010,BDR,CT,ANE,EN,Federal Contract Tower,0,0,14,0,14,0,0,62,0,62,0,0,76,0,76,102,0,102,178
03/07/2010,BDR,CT,ANE,EN,Federal Contract Tower,0,2,9,0,11,0,0,134,0,134,0,2,143,0,145,250,0,250,395
03/08/2010,BDR,CT,ANE,EN,Federal Contract Tower,0,4,15,4,23,0,0,91,0,91,0,4,106,4,114,92,0,92,206
03/09/2010,BDR,CT,ANE,EN,Federal Contract Tower,0,2,14,0,16,0,0,118,0,118,0,2,132,0,134,106,0,106,240
03/10/2010,BDR,CT,ANE,EN,Federal Contract Tower,0,4,7,0,11,0,0,159,2,161,0,4,166,2,172,152,0,152,324
03/11/2010,BDR,CT,ANE,EN,Federal Contract Tower,0,1,18,0,19,0,0,18,0,18,0,1,36,0,37,26,0,26,63
03/12/2010,BDR,CT,ANE,EN,Federal Contract Tower,0,4,17,0,21,0,1,9,0,10,0,5,26,0,31,6,0,6,37
03/13/2010,BDR,CT,ANE,EN,Federal Contract Tower,0,0,3,0,3,0,0,0,0,0,0,0,3,0,3,0,0,0,3
03/14/2010,BDR,CT,ANE,EN,Federal Contract Tower,0,0,3,0,3,0,0,0,0,0,0,0,3,0,3,0,0,0,3
03/15/2010,BDR,CT,ANE,EN,Federal Contract Tower,0,3,18,4,25,0,0,5,0,5,0,3,23,4,30,0,0,0,30
03/16/2010,BDR,CT,ANE,EN,Federal Contract Tower,0,6,20,0,26,0,0,52,0,52,0,6,72,0,78,72,2,74,152
03/17/2010,BDR,CT,ANE,EN,Federal Contract Tower,0,10,19,0,29,0,2,92,0,94,0,12,111,0,123,120,0,120,243
03/18/2010,BDR,CT,ANE,EN,Federal Contract Tower,0,12,12,0,24,0,0,109,0,109,0,12,121,0,133,160,0,160,293
03/19/2010,BDR,CT,ANE,EN,Federal Contract Tower,0,12,15,0,27,0,0,139,0,139,0,12,154,0,166,142,0,142,308
03/20/2010,BDR,CT,ANE,EN,Federal Contract Tower,0,1,8,0,9,0,0,110,0,110,0,1,118,0,119,138,0,138,257
03/21/2010,BDR,CT,ANE,EN,Federal Contract Tower,0,7,20,0,27,0,3,135,0,138,0,10,155,0,165,198,0,198,363
03/22/2010,BDR,CT,ANE,EN,Federal Contract Tower,0,2,8,0,10,0,0,0,0,0,0,2,8,0,10,0,0,0,10
03/23/2010,BDR,CT,ANE,EN,Federal Contract Tower,0,11,40,2,53,0,0,1,0,1,0,11,41,2,54,0,0,0,54
03/24/2010,BDR,CT,ANE,EN,Federal Contract Tower,0,5,8,0,13,0,0,48,0,48,0,5,56,0,61,14,0,14,75
03/25/2010,BDR,CT,ANE,EN,Federal Contract Tower,0,7,16,0,23,0,0,55,2,57,0,7,71,2,80,110,0,110,190
03/26/2010,BDR,CT,ANE,EN,Federal Contract Tower,0,3,10,0,13,0,1,17,0,18,0,4,27,0,31,12,0,12,43
03/27/2010,BDR,CT,ANE,EN,Federal Contract Tower,0,4,9,0,13,0,0,92,0,92,0,4,101,0,105,84,0,84,189
03/28/2010,BDR,CT,ANE,EN,Federal Contract Tower,0,4,19,0,23,0,0,25,0,25,0,4,44,0,48,248,0,248,296
03/29/2010,BDR,CT,ANE,EN,Federal Contract Tower,0,5,21,0,26,0,0,0,0,0,0,5,21,0,26,0,0,0,26
03/30/2010,BDR,CT,ANE,EN,Federal Contract Tower,0,3,11,4,18,0,0,0,0,0,0,3,11,4,18,0,0,0,18
03/31/2010,BDR,CT,ANE,EN,Federal Contract Tower,0,8,41,0,49,0,0,28,0,28,0,8,69,0,77,60,0,60,137
04/01/2010,BDR,CT,ANE,EN,Federal Contract Tower,0,3,22,0,25,0,1,106,0,107,0,4,128,0,132,194,0,194,326
04/02/2010,BDR,CT,ANE,EN,Federal Contract Tower,0,5,20,0,25,0,0,132,0,132,0,5,152,0,157,192,0,192,349
04/03/2010,BDR,CT,ANE,EN,Federal Contract Tower,0,4,2,0,6,0,0,78,0,78,0,4,80,0,84,122,0,122,206
04/04/2010,BDR,CT,ANE,EN,Federal Contract Tower,0,9,19,0,28,0,0,51,0,51,0,9,70,0,79,40,0,40,119
04/05/2010,BDR,CT,ANE,EN,Federal Contract Tower,0,6,25,0,31,0,1,66,0,67,0,7,91,0,98,90,0,90,188
04/06/2010,BDR,CT,ANE,EN,Federal Contract Tower,0,6,9,0,15,0,0,42,0,42,0,6,51,0,57,130,0,130,187
04/07/2010,BDR,CT,ANE,EN,Federal Contract Tower,0,4,17,0,21,0,0,122,0,122,0,4,139,0,143,162,0,162,305
04/08/2010,BDR,CT,ANE,EN,Federal Contract Tower,0,5,17,0,22,0,0,42,0,42,0,5,59,0,64,42,0,42,106
04/09/2010,BDR,CT,ANE,EN,Federal Contract Tower,0,8,16,7,31,0,0,13,0,13,0,8,29,7,44,12,0,12,56
04/10/2010,BDR,CT,ANE,EN,Federal Contract Tower,0,3,13,0,16,0,0,66,0,66,0,3,79,0,82,142,0,142,224
04/11/2010,BDR,CT,ANE,EN,Federal Contract Tower,0,3,20,0,23,0,0,108,0,108,0,3,128,0,131,190,0,190,321
04/12/2010,BDR,CT,ANE,EN,Federal Contract Tower,0,2,22,2,26,0,0,70,0,70,0,2,92,2,96,44,0,44,140
04/13/2010,BDR,CT,ANE,EN,Federal Contract Tower,0,7,19,0,26,0,0,48,0,48,0,7,67,0,74,78,0,78,152
04/14/2010,BDR,CT,ANE,EN,Federal Contract Tower,0,10,19,2,31,0,0,114,0,114,0,10,133,2,145,96,0,96,241
04/15/2010,BDR,CT,ANE,EN,Federal Contract Tower,0,0,14,2,16,0,0,65,0,65,0,0,79,2,81,102,0,102,183
04/16/2010,BDR,CT,ANE,EN,Federal Contract Tower,0,6,23,0,29,0,0,32,0,32,0,6,55,0,61,36,0,36,97
04/17/2010,BDR,CT,ANE,EN,Federal Contract Tower,0,0,16,0,16,0,0,2,0,2,0,0,18,0,18,0,0,0,18
04/18/2010,BDR,CT,ANE,EN,Federal Contract Tower,0,8,21,0,29,0,1,90,0,91,0,9,111,0,120,156,0,156,276
04/19/2010,BDR,CT,ANE,EN,Federal Contract Tower,0,1,15,0,16,0,0,57,0,57,0,1,72,0,73,46,0,46,119
04/20/2010,BDR,CT,ANE,EN,Federal Contract Tower,0,6,22,4,32,0,0,95,0,95,0,6,117,4,127,192,0,192,319
04/21/2010,BDR,CT,ANE,EN,Federal Contract Tower,0,4,21,0,25,0,0,88,0,88,0,4,109,0,113,84,0,84,197
04/22/2010,BDR,CT,ANE,EN,Federal Contract Tower,0,4,23,4,31,0,0,50,0,50,0,4,73,4,81,28,0,28,109
04/23/2010,BDR,CT,ANE,EN,Federal Contract Tower,0,5,20,4,29,0,0,71,3,74,0,5,91,7,103,100,4,104,207
04/24/2010,BDR,CT,ANE,EN,Federal Contract Tower,0,0,17,0,17,0,0,131,0,131,0,0,148,0,148,270,0,270,418
04/25/2010,BDR,CT,ANE,EN,Federal Contract Tower,0,3,31,0,34,0,0,1,0,1,0,3,32,0,35,0,0,0,35
04/26/2010,BDR,CT,ANE,EN,Federal Contract Tower,0,3,32,2,37,0,0,4,0,4,0,3,36,2,41,0,0,0,41
04/27/2010,BDR,CT,ANE,EN,Federal Contract Tower,0,4,13,0,17,0,0,38,8,46,0,4,51,8,63,22,8,30,93
04/28/2010,BDR,CT,ANE,EN,Federal Contract Tower,0,5,18,3,26,0,1,37,0,38,0,6,55,3,64,26,0,26,90
04/29/2010,BDR,CT,ANE,EN,Federal Contract Tower,0,4,10,0,14,0,2,30,0,32,0,6,40,0,46,6,0,6,52
04/30/2010,BDR,CT,ANE,EN,Federal Contract Tower,0,10,13,4,27,0,0,177,0,177,0,10,190,4,204,208,0,208,412
05/01/2010,BDR,CT,ANE,EN,Federal Contract Tower,0,3,7,0,10,0,0,95,0,95,0,3,102,0,105,230,0,230,335
05/02/2010,BDR,CT,ANE,EN,Federal Contract Tower,0,4,19,0,23,0,0,98,0,98,0,4,117,0,121,218,0,218,339
05/03/2010,BDR,CT,ANE,EN,Federal Contract Tower,0,9,10,3,22,0,1,30,0,31,0,10,40,3,53,24,0,24,77
05/04/2010,BDR,CT,ANE,EN,Federal Contract Tower,0,4,25,4,33,0,0,59,0,59,0,4,84,4,92,90,0,90,182
05/05/2010,BDR,CT,ANE,EN,Federal Contract Tower,0,9,31,0,40,0,0,191,0,191,0,9,222,0,231,166,0,166,397
05/06/2010,BDR,CT,ANE,EN,Federal Contract Tower,0,5,22,0,27,0,0,78,0,78,0,5,100,0,105,42,0,42,147
05/07/2010,BDR,CT,ANE,EN,Federal Contract Tower,0,2,16,2,20,0,0,123,0,123,0,2,139,2,143,180,2,182,325
05/08/2010,BDR,CT,ANE,EN,Federal Contract Tower,0,2,7,0,9,0,0,10,0,10,0,2,17,0,19,16,0,16,35
05/09/2010,BDR,CT,ANE,EN,Federal Contract Tower,0,6,8,0,14,0,0,76,0,76,0,6,84,0,90,50,0,50,140
05/10/2010,BDR,CT,ANE,EN,Federal Contract Tower,0,8,21,0,29,0,0,133,0,133,0,8,154,0,162,48,0,48,210
05/11/2010,BDR,CT,ANE,EN,Federal Contract Tower,0,7,15,4,26,0,1,182,0,183,0,8,197,4,209,178,0,178,387
05/12/2010,BDR,CT,ANE,EN,Federal Contract Tower,0,6,19,0,25,0,0,4,0,4,0,6,23,0,29,0,0,0,29
05/13/2010,BDR,CT,ANE,EN,Federal Contract Tower,0,5,19,2,26,0,0,113,0,113,0,5,132,2,139,138,0,138,277
05/14/2010,BDR,CT,ANE,EN,Federal Contract Tower,0,6,25,0,31,0,0,37,0,37,0,6,62,0,68,62,0,62,130
05/15/2010,BDR,CT,ANE,EN,Federal Contract Tower,0,5,6,0,11,0,0,105,0,105,0,5,111,0,116,158,0,158,274
05/16/2010,BDR,CT,ANE,EN,Federal Contract Tower,0,13,19,0,32,0,0,215,0,215,0,13,234,0,247,208,0,208,455
05/17/2010,BDR,CT,ANE,EN,Federal Contract Tower,0,6,15,0,21,0,0,151,0,151,0,6,166,0,172,124,0,124,296
05/18/2010,BDR,CT,ANE,EN,Federal Contract Tower,0,9,27,7,43,0,0,6,0,6,0,9,33,7,49,0,0,0,49
05/19/2010,BDR,CT,ANE,EN,Federal Contract Tower,0,12,44,0,56,0,0,40,6,46,0,12,84,6,102,130,0,130,232
05/20/2010,BDR,CT,ANE,EN,Federal Contract Tower,0,6,23,0,29,0,0,167,6,173,0,6,190,6,202,206,2,208,410
05/21/2010,BDR,CT,ANE,EN,Federal Contract Tower,0,10,11,0,21,0,0,164,0,164,0,10,175,0,185,262,0,262,447
05/22/2010,BDR,CT,ANE,EN,Federal Contract Tower,0,6,16,0,22,0,2,105,0,107,0,8,121,0,129,158,0,158,287
05/23/2010,BDR,CT,ANE,EN,Federal Contract Tower,0,5,24,0,29,0,0,12,0,12,0,5,36,0,41,0,0,0,41
05/24/2010,BDR,CT,ANE,EN,Federal Contract Tower,0,3,31,4,38,0,0,50,2,52,0,3,81,6,90,38,0,38,128
05/25/2010,BDR,CT,ANE,EN,Federal Contract Tower,0,6,18,0,24,0,2,168,0,170,0,8,186,0,194,122,0,122,316
05/26/2010,BDR,CT,ANE,EN,Federal Contract Tower,0,8,21,0,29,0,1,124,4,129,0,9,145,4,158,112,2,114,272
05/27/2010,BDR,CT,ANE,EN,Federal Contract Tower,0,4,38,4,46,0,0,73,4,77,0,4,111,8,123,104,12,116,239
05/28/2010,BDR,CT,ANE,EN,Federal Contract Tower,0,6,23,0,29,0,0,193,8,201,0,6,216,8,230,196,0,196,426
05/29/2010,BDR,CT,ANE,EN,Federal Contract Tower,0,1,12,0,13,0,0,226,0,226,0,1,238,0,239,144,4,148,387
05/30/2010,BDR,CT,ANE,EN,Federal Contract Tower,0,0,7,0,7,0,0,306,4,310,0,0,313,4,317,256,6,262,579
05/31/2010,BDR,CT,ANE,EN,Federal Contract Tower,0,5,23,0,28,0,0,156,0,156,0,5,179,0,184,130,0,130,314
06/01/2010,BDR,CT,ANE,EN,Federal Contract Tower,0,7,14,0,21,0,0,36,1,37,0,7,50,1,58,76,0,76,134
06/02/2010,BDR,CT,ANE,EN,Federal Contract Tower,0,9,20,0,29,0,0,146,0,146,0,9,166,0,175,166,0,166,341
06/03/2010,BDR,CT,ANE,EN,Federal Contract Tower,0,4,11,0,15,0,0,22,0,22,0,4,33,0,37,12,0,12,49
06/04/2010,BDR,CT,ANE,EN,Federal Contract Tower,0,6,17,0,23,0,0,114,0,114,0,6,131,0,137,166,0,166,303
06/05/2010,BDR,CT,ANE,EN,Federal Contract Tower,0,6,13,0,19,0,0,72,0,72,0,6,85,0,91,152,0,152,243
06/06/2010,BDR,CT,ANE,EN,Federal Contract Tower,0,4,15,0,19,0,0,42,0,42,0,4,57,0,61,66,0,66,127
06/07/2010,BDR,CT,ANE,EN,Federal Contract Tower,0,4,19,0,23,0,0,91,2,93,0,4,110,2,116,99,0,99,215
06/08/2010,BDR,CT,ANE,EN,Federal Contract Tower,0,6,12,2,20,0,0,165,0,165,0,6,177,2,185,162,0,162,347
06/09/2010,BDR,CT,ANE,EN,Federal Contract Tower,0,7,30,0,37,0,1,67,0,68,0,8,97,0,105,102,0,102,207
06/10/2010,BDR,CT,ANE,EN,Federal Contract Tower,0,11,23,3,37,0,2,22,3,27,0,13,45,6,64,6,0,6,70
06/11/2010,BDR,CT,ANE,EN,Federal Contract Tower,0,7,32,2,41,0,0,107,0,107,0,7,139,2,148,154,0,154,302
06/12/2010,BDR,CT,ANE,EN,Federal Contract Tower,0,3,15,0,18,0,0,66,0,66,0,3,81,0,84,114,0,114,198
06/13/2010,BDR,CT,ANE,EN,Federal Contract Tower,0,5,56,0,61,0,0,16,0,16,0,5,72,0,77,14,0,14,91
06/14/2010,BDR,CT,ANE,EN,Federal Contract Tower,0,10,37,4,51,0,0,48,0,48,0,10,85,4,99,44,30,74,173
06/15/2010,BDR,CT,ANE,EN,Federal Contract Tower,0,7,31,2,40,0,0,206,0,206,0,7,237,2,246,236,0,236,482
06/16/2010,BDR,CT,ANE,EN,Federal Contract Tower,0,8,22,4,34,0,1,71,2,74,0,9,93,6,108,142,0,142,250
06/17/2010,BDR,CT,ANE,EN,Federal Contract Tower,0,8,27,4,39,0,0,83,1,84,0,8,110,5,123,152,0,152,275
06/18/2010,BDR,CT,ANE,EN,Federal Contract Tower,0,11,26,0,37,0,0,148,0,148,0,11,174,0,185,154,2,156,341
06/19/2010,BDR,CT,ANE,EN,Federal Contract Tower,0,1,12,0,13,0,0,148,0,148,0,1,160,0,161,166,0,166,327
06/20/2010,BDR,CT,ANE,EN,Federal Contract Tower,0,7,12,0,19,0,0,64,0,64,0,7,76,0,83,8,0,8,91
06/21/2010,BDR,CT,ANE,EN,Federal Contract Tower,0,6,28,0,34,0,0,73,0,73,0,6,101,0,107,100,0,100,207
06/22/2010,BDR,CT,ANE,EN,Federal Contract Tower,0,6,30,0,36,0,0,134,1,135,0,6,164,1,171,184,0,184,355
06/23/2010,BDR,CT,ANE,EN,Federal Contract Tower,0,9,31,0,40,0,0,118,0,118,0,9,149,0,158,188,0,188,346
06/24/2010,BDR,CT,ANE,EN,Federal Contract Tower,0,8,7,0,15,0,0,46,0,46,0,8,53,0,61,80,0,80,141
06/25/2010,BDR,CT,ANE,EN,Federal Contract Tower,0,12,16,0,28,0,0,154,0,154,0,12,170,0,182,112,0,112,294
06/26/2010,BDR,CT,ANE,EN,Federal Contract Tower,0,0,12,0,12,0,0,97,0,97,0,0,109,0,109,86,0,86,195
06/27/2010,BDR,CT,ANE,EN,Federal Contract Tower,0,12,25,0,37,0,0,57,0,57,0,12,82,0,94,18,0,18,112
06/28/2010,BDR,CT,ANE,EN,Federal Contract Tower,0,3,14,0,17,0,2,35,0,37,0,5,49,0,54,24,0,24,78
06/29/2010,BDR,CT,ANE,EN,Federal Contract Tower,0,9,14,1,24,0,0,94,0,94,0,9,108,1,118,174,0,174,292
06/30/2010,BDR,CT,ANE,EN,Federal Contract Tower,0,11,25,0,36,0,2,167,0,169,0,13,192,0,205,137,0,137,342
07/01/2010,BDR,CT,ANE,EN,Federal Contract Tower,0,10,24,3,37,0,0,200,3,203,0,10,224,6,240,116,0,116,356
07/02/2010,BDR,CT,ANE,EN,Federal Contract Tower,0,6,15,0,21,0,0,154,0,154,0,6,169,0,175,126,0,126,301
07/03/2010,BDR,CT,ANE,EN,Federal Contract Tower,0,2,13,0,15,0,0,126,0,126,0,2,139,0,141,174,0,174,315
07/04/2010,BDR,CT,ANE,EN,Federal Contract Tower,0,0,6,0,6,0,0,66,0,66,0,0,72,0,72,48,0,48,120
07/05/2010,BDR,CT,ANE,EN,Federal Contract Tower,0,7,21,0,28,0,0,101,0,101,0,7,122,0,129,130,0,130,259
07/06/2010,BDR,CT,ANE,EN,Federal Contract Tower,0,10,18,0,28,0,0,100,0,100,0,10,118,0,128,94,0,94,222
07/07/2010,BDR,CT,ANE,EN,Federal Contract Tower,0,2,20,1,23,0,0,99,0,99,0,2,119,1,122,86,0,86,208
07/08/2010,BDR,CT,ANE,EN,Federal Contract Tower,0,10,32,5,47,0,0,68,0,68,0,10,100,5,115,154,0,154,269
07/09/2010,BDR,CT,ANE,EN,Federal Contract Tower,0,4,24,0,28,0,0,136,0,136,0,4,160,0,164,224,0,224,388
07/10/2010,BDR,CT,ANE,EN,Federal Contract Tower,0,4,15,0,19,0,0,40,0,40,0,4,55,0,59,38,0,38,97
07/11/2010,BDR,CT,ANE,EN,Federal Contract Tower,0,5,14,0,19,0,0,169,0,169,0,5,183,0,188,192,0,192,380
07/12/2010,BDR,CT,ANE,EN,Federal Contract Tower,0,5,15,0,20,0,137,0,0,137,0,142,15,0,157,100,0,100,257
07/13/2010,BDR,CT,ANE,EN,Federal Contract Tower,0,8,20,4,32,0,1,71,0,72,0,9,91,4,104,92,0,92,196
07/14/2010,BDR,CT,ANE,EN,Federal Contract Tower,0,7,23,0,30,0,0,18,0,18,0,7,41,0,48,36,0,36,84
07/15/2010,BDR,CT,ANE,EN,Federal Contract Tower,0,7,52,2,61,0,0,145,0,145,0,7,197,2,206,162,0,162,368
07/16/2010,BDR,CT,ANE,EN,Federal Contract Tower,0,9,32,0,41,0,0,85,0,85,0,9,117,0,126,120,0,120,246
07/17/2010,BDR,CT,ANE,EN,Federal Contract Tower,0,2,20,0,22,0,0,148,0,148,0,2,168,0,170,176,0,176,346
07/18/2010,BDR,CT,ANE,EN,Federal Contract Tower,0,4,18,0,22,0,0,204,0,204,0,4,222,0,226,208,0,208,434
07/19/2010,BDR,CT,ANE,EN,Federal Contract Tower,0,5,22,0,27,0,0,66,4,70,0,5,88,4,97,24,0,24,121
07/20/2010,BDR,CT,ANE,EN,Federal Contract Tower,0,9,26,0,35,0,0,155,0,155,0,9,181,0,190,160,0,160,350
07/21/2010,BDR,CT,ANE,EN,Federal Contract Tower,0,5,13,2,20,0,0,76,1,77,0,5,89,3,97,44,0,44,141
07/22/2010,BDR,CT,ANE,EN,Federal Contract Tower,0,9,12,0,21,0,0,141,0,141,0,9,153,0,162,146,0,146,308
07/23/2010,BDR,CT,ANE,EN,Federal Contract Tower,0,5,22,0,27,0,0,59,0,59,0,5,81,0,86,42,0,42,128
07/24/2010,BDR,CT,ANE,EN,Federal Contract Tower,0,2,7,0,9,0,0,101,0,101,0,2,108,0,110,154,0,154,264
07/25/2010,BDR,CT,ANE,EN,Federal Contract Tower,0,11,11,0,22,0,4,109,0,113,0,15,120,0,135,154,0,154,289
07/26/2010,BDR,CT,ANE,EN,Federal Contract Tower,0,7,11,0,18,0,0,145,2,147,0,7,156,2,165,102,0,102,267
07/27/2010,BDR,CT,ANE,EN,Federal Contract Tower,0,7,6,0,13,0,0,127,0,127,0,7,133,0,140,156,0,156,296
07/28/2010,BDR,CT,ANE,EN,Federal Contract Tower,0,15,27,0,42,0,2,157,0,159,0,17,184,0,201,186,0,186,387
07/29/2010,BDR,CT,ANE,EN,Federal Contract Tower,0,8,32,0,40,0,0,84,0,84,0,8,116,0,124,82,4,86,210
07/30/2010,BDR,CT,ANE,EN,Federal Contract Tower,0,7,22,0,29,0,0,164,0,164,0,7,186,0,193,140,0,140,333
07/31/2010,BDR,CT,ANE,EN,Federal Contract Tower,0,1,7,0,8,0,0,153,0,153,0,1,160,0,161,162,0,162,323
08/01/2010,BDR,CT,ANE,EN,Federal Contract Tower,0,5,19,0,24,0,0,122,0,122,0,5,141,0,146,74,0,74,220
08/02/2010,BDR,CT,ANE,EN,Federal Contract Tower,0,4,15,0,19,0,0,128,0,128,0,4,143,0,147,152,0,152,299
08/03/2010,BDR,CT,ANE,EN,Federal Contract Tower,0,8,25,0,33,0,0,145,0,145,0,8,170,0,178,142,0,142,320
08/04/2010,BDR,CT,ANE,EN,Federal Contract Tower,0,6,22,2,30,0,0,98,0,98,0,6,120,2,128,156,0,156,284
08/05/2010,BDR,CT,ANE,EN,Federal Contract Tower,0,7,33,0,40,0,0,59,0,59,0,7,92,0,99,110,0,110,209
08/06/2010,BDR,CT,ANE,EN,Federal Contract Tower,0,3,17,0,20,0,0,116,0,116,0,3,133,0,136,136,2,138,274
08/07/2010,BDR,CT,ANE,EN,Federal Contract Tower,0,2,10,0,12,0,0,167,0,167,0,2,177,0,179,214,0,214,393
08/08/2010,BDR,CT,ANE,EN,Federal Contract Tower,0,2,12,0,14,0,0,155,0,155,0,2,167,0,169,234,0,234,403
08/09/2010,BDR,CT,ANE,EN,Federal Contract Tower,0,13,16,0,29,0,0,105,2,107,0,13,121,2,136,126,0,126,262
08/10/2010,BDR,CT,ANE,EN,Federal Contract Tower,0,15,3,0,18,0,0,98,0,98,0,15,101,0,116,112,0,112,228
08/11/2010,BDR,CT,ANE,EN,Federal Contract Tower,0,8,12,0,20,0,0,114,6,120,0,8,126,6,140,152,0,152,292
08/12/2010,BDR,CT,ANE,EN,Federal Contract Tower,0,6,21,0,27,0,0,119,0,119,0,6,140,0,146,114,0,114,260
08/13/2010,BDR,CT,ANE,EN,Federal Contract Tower,0,6,22,0,28,0,0,137,0,137,0,6,159,0,165,136,0,136,301
08/14/2010,BDR,CT,ANE,EN,Federal Contract Tower,0,6,7,0,13,0,0,146,0,146,0,6,153,0,159,200,0,200,359
08/15/2010,BDR,CT,ANE,EN,Federal Contract Tower,0,6,20,0,26,0,0,109,0,109,0,6,129,0,135,154,0,154,289
08/16/2010,BDR,CT,ANE,EN,Federal Contract Tower,0,12,33,0,45,0,0,50,0,50,0,12,83,0,95,66,0,66,161
08/17/2010,BDR,CT,ANE,EN,Federal Contract Tower,0,7,39,2,48,0,0,124,0,124,0,7,163,2,172,166,0,166,338
08/18/2010,BDR,CT,ANE,EN,Federal Contract Tower,0,6,31,0,37,0,0,140,0,140,0,6,171,0,177,204,0,204,381
08/19/2010,BDR,CT,ANE,EN,Federal Contract Tower,0,5,14,2,21,0,0,106,0,106,0,5,120,2,127,180,0,180,307
08/20/2010,BDR,CT,ANE,EN,Federal Contract Tower,0,14,21,2,37,0,0,150,0,150,0,14,171,2,187,142,0,142,329
08/21/2010,BDR,CT,ANE,EN,Federal Contract Tower,0,2,18,0,20,0,0,107,0,107,0,2,125,0,127,126,0,126,253
08/22/2010,BDR,CT,ANE,EN,Federal Contract Tower,0,6,32,0,38,0,0,13,0,13,0,6,45,0,51,14,0,14,65
08/23/2010,BDR,CT,ANE,EN,Federal Contract Tower,0,5,26,0,31,0,0,28,0,28,0,5,54,0,59,12,0,12,71
08/24/2010,BDR,CT,ANE,EN,Federal Contract Tower,0,8,20,0,28,0,0,29,0,29,0,8,49,0,57,12,2,14,71
08/25/2010,BDR,CT,ANE,EN,Federal Contract Tower,0,8,33,0,41,0,0,46,0,46,0,8,79,0,87,10,0,10,97
08/26/2010,BDR,CT,ANE,EN,Federal Contract Tower,0,4,16,0,20,0,0,185,4,189,0,4,201,4,209,168,0,168,377
08/27/2010,BDR,CT,ANE,EN,Federal Contract Tower,0,6,21,0,27,0,0,153,2,155,0,6,174,2,182,134,0,134,316
08/28/2010,BDR,CT,ANE,EN,Federal Contract Tower,0,5,7,0,12,0,0,171,0,171,0,5,178,0,183,222,0,222,405
08/29/2010,BDR,CT,ANE,EN,Federal Contract Tower,0,2,25,0,27,0,0,194,0,194,0,2,219,0,221,190,0,190,411
08/30/2010,BDR,CT,ANE,EN,Federal Contract Tower,0,5,17,0,22,0,0,119,0,119,0,5,136,0,141,106,0,106,247
08/31/2010,BDR,CT,ANE,EN,Federal Contract Tower,0,7,18,2,27,0,0,121,0,121,0,7,139,2,148,144,0,144,292
09/01/2010,BDR,CT,ANE,EN,Federal Contract Tower,0,8,25,4,37,0,0,134,1,135,0,8,159,5,172,176,0,176,348
09/02/2010,BDR,CT,ANE,EN,Federal Contract Tower,0,6,20,2,28,0,0,111,0,111,0,6,131,2,139,146,0,146,285
09/03/2010,BDR,CT,ANE,EN,Federal Contract Tower,0,5,16,0,21,0,0,26,0,26,0,5,42,0,47,38,0,38,85
09/04/2010,BDR,CT,ANE,EN,Federal Contract Tower,0,4,7,0,11,0,0,68,0,68,0,4,75,0,79,158,0,158,237
09/05/2010,BDR,CT,ANE,EN,Federal Contract Tower,0,2,7,0,9,0,0,124,0,124,0,2,131,0,133,156,0,156,289
09/06/2010,BDR,CT,ANE,EN,Federal Contract Tower,0,7,18,0,25,0,0,176,0,176,0,7,194,0,201,164,0,164,365
09/07/2010,BDR,CT,ANE,EN,Federal Contract Tower,0,5,25,0,30,0,1,92,0,93,0,6,117,0,123,162,0,162,285
09/08/2010,BDR,CT,ANE,EN,Federal Contract Tower,0,6,12,2,20,0,0,85,0,85,0,6,97,2,105,94,0,94,199
09/09/2010,BDR,CT,ANE,EN,Federal Contract Tower,0,8,14,2,24,0,0,82,0,82,0,8,96,2,106,56,0,56,162
09/10/2010,BDR,CT,ANE,EN,Federal Contract Tower,0,3,24,0,27,0,0,85,0,85,0,3,109,0,112,110,0,110,222
09/11/2010,BDR,CT,ANE,EN,Federal Contract Tower,0,3,6,0,9,0,0,135,0,135,0,3,141,0,144,152,0,152,296
09/12/2010,BDR,CT,ANE,EN,Federal Contract Tower,0,2,21,0,23,0,0,37,0,37,0,2,58,0,60,40,0,40,100
09/13/2010,BDR,CT,ANE,EN,Federal Contract Tower,0,3,36,2,41,0,0,29,0,29,0,3,65,2,70,30,0,30,100
09/14/2010,BDR,CT,ANE,EN,Federal Contract Tower,0,6,18,0,24,0,0,112,0,112,0,6,130,0,136,118,2,120,256
09/15/2010,BDR,CT,ANE,EN,Federal Contract Tower,0,11,27,6,44,0,0,151,0,151,0,11,178,6,195,140,0,140,335
09/16/2010,BDR,CT,ANE,EN,Federal Contract Tower,0,8,22,0,30,0,0,78,0,78,0,8,100,0,108,122,0,122,230
09/17/2010,BDR,CT,ANE,EN,Federal Contract Tower,0,6,34,8,48,0,0,99,0,99,0,6,133,8,147,96,0,96,243
09/18/2010,BDR,CT,ANE,EN,Federal Contract Tower,0,5,13,0,18,0,0,90,0,90,0,5,103,0,108,130,0,130,238
09/19/2010,BDR,CT,ANE,EN,Federal Contract Tower,0,6,16,0,22,0,0,125,0,125,0,6,141,0,147,168,0,168,315
09/20/2010,BDR,CT,ANE,EN,Federal Contract Tower,0,9,18,8,35,0,0,113,0,113,0,9,131,8,148,146,0,146,294
09/21/2010,BDR,CT,ANE,EN,Federal Contract Tower,0,7,25,3,35,0,0,107,0,107,0,7,132,3,142,162,2,164,306
09/22/2010,BDR,CT,ANE,EN,Federal Contract Tower,0,12,28,1,41,0,0,114,0,114,0,12,142,1,155,112,11,123,278
09/23/2010,BDR,CT,ANE,EN,Federal Contract Tower,0,5,16,0,21,0,0,131,0,131,0,5,147,0,152,172,2,174,326
09/24/2010,BDR,CT,ANE,EN,Federal Contract Tower,0,11,52,1,64,0,0,20,0,20,0,11,72,1,84,12,0,12,96
09/25/2010,BDR,CT,ANE,EN,Federal Contract Tower,0,1,5,0,6,0,0,105,0,105,0,1,110,0,111,208,0,208,319
09/26/2010,BDR,CT,ANE,EN,Federal Contract Tower,0,7,33,0,40,0,0,177,1,178,0,7,210,1,218,306,6,312,530
09/27/2010,BDR,CT,ANE,EN,Federal Contract Tower,0,7,11,6,24,0,0,0,0,0,0,7,11,6,24,0,0,0,24
09/28/2010,BDR,CT,ANE,EN,Federal Contract Tower,0,7,10,8,25,0,0,2,0,2,0,7,12,8,27,2,0,2,29
09/29/2010,BDR,CT,ANE,EN,Federal Contract Tower,0,9,22,3,34,0,0,107,2,109,0,9,129,5,143,164,2,166,309
09/30/2010,BDR,CT,ANE,EN,Federal Contract Tower,0,2,7,0,9,0,0,0,0,0,0,2,7,0,9,0,4,4,13
10/01/2010,BDR,CT,ANE,EN,Federal Contract Tower,0,2,15,0,17,0,0,0,0,0,0,2,15,0,17,2,0,2,19
10/02/2010,BDR,CT,ANE,EN,Federal Contract Tower,0,5,16,0,21,0,0,149,0,149,0,5,165,0,170,150,0,150,320
10/03/2010,BDR,CT,ANE,EN,Federal Contract Tower,0,4,20,0,24,0,0,89,0,89,0,4,109,0,113,138,0,138,251
10/04/2010,BDR,CT,ANE,EN,Federal Contract Tower,0,7,29,3,39,0,0,11,0,11,0,7,40,3,50,0,0,0,50
10/05/2010,BDR,CT,ANE,EN,Federal Contract Tower,0,4,32,0,36,0,0,1,0,1,0,4,33,0,37,0,0,0,37
10/06/2010,BDR,CT,ANE,EN,Federal Contract Tower,0,7,21,2,30,0,0,83,4,87,0,7,104,6,117,132,2,134,251
10/07/2010,BDR,CT,ANE,EN,Federal Contract Tower,0,12,18,2,32,0,0,92,0,92,0,12,110,2,124,94,0,94,218
10/08/2010,BDR,CT,ANE,EN,Federal Contract Tower,0,12,24,0,36,0,0,162,3,165,0,12,186,3,201,182,0,182,383
10/09/2010,BDR,CT,ANE,EN,Federal Contract Tower,0,4,9,0,13,0,0,170,0,170,0,4,179,0,183,172,0,172,355
10/10/2010,BDR,CT,ANE,EN,Federal Contract Tower,0,5,8,0,13,0,0,156,0,156,0,5,164,0,169,238,0,238,407
10/11/2010,BDR,CT,ANE,EN,Federal Contract Tower,0,9,14,0,23,0,0,93,0,93,0,9,107,0,116,138,0,138,254
10/12/2010,BDR,CT,ANE,EN,Federal Contract Tower,0,12,13,0,25,0,0,88,0,88,0,12,101,0,113,160,0,160,273
10/13/2010,BDR,CT,ANE,EN,Federal Contract Tower,0,18,23,2,43,0,0,150,0,150,0,18,173,2,193,208,0,208,401
10/14/2010,BDR,CT,ANE,EN,Federal Contract Tower,0,12,18,4,34,0,1,60,0,61,0,13,78,4,95,116,0,116,211
10/15/2010,BDR,CT,ANE,EN,Federal Contract Tower,0,7,16,0,23,0,0,18,0,18,0,7,34,0,41,14,0,14,55
10/16/2010,BDR,CT,ANE,EN,Federal Contract Tower,0,2,7,0,9,0,0,23,0,23,0,2,30,0,32,26,0,26,58
10/17/2010,BDR,CT,ANE,EN,Federal Contract Tower,0,3,15,0,18,0,2,138,0,140,0,5,153,0,158,250,0,250,408
10/18/2010,BDR,CT,ANE,EN,Federal Contract Tower,0,7,16,2,25,0,0,88,4,92,0,7,104,6,117,132,0,132,249
10/19/2010,BDR,CT,ANE,EN,Federal Contract Tower,0,7,13,1,21,0,0,87,0,87,0,7,100,1,108,102,0,102,210
10/20/2010,BDR,CT,ANE,EN,Federal Contract Tower,0,9,16,0,25,0,0,84,0,84,0,9,100,0,109,132,0,132,241
10/21/2010,BDR,CT,ANE,EN,Federal Contract Tower,0,3,13,1,17,0,0,19,0,19,0,3,32,1,36,26,2,28,64
10/22/2010,BDR,CT,ANE,EN,Federal Contract Tower,0,4,27,0,31,0,0,79,0,79,0,4,106,0,110,90,0,90,200
10/23/2010,BDR,CT,ANE,EN,Federal Contract Tower,0,4,10,0,14,0,0,100,0,100,0,4,110,0,114,74,0,74,188
10/24/2010,BDR,CT,ANE,EN,Federal Contract Tower,0,5,14,0,19,0,0,120,1,121,0,5,134,1,140,178,6,184,324
10/25/2010,BDR,CT,ANE,EN,Federal Contract Tower,0,7,26,0,33,0,0,50,0,50,0,7,76,0,83,74,0,74,157
10/26/2010,BDR,CT,ANE,EN,Federal Contract Tower,0,14,28,0,42,0,0,70,0,70,0,14,98,0,112,110,14,124,236
10/27/2010,BDR,CT,ANE,EN,Federal Contract Tower,0,5,21,2,28,0,0,3,0,3,0,5,24,2,31,0,0,0,31
10/28/2010,BDR,CT,ANE,EN,Federal Contract Tower,0,6,24,6,36,0,0,88,6,94,0,6,112,12,130,120,0,120,250
10/29/2010,BDR,CT,ANE,EN,Federal Contract Tower,0,3,25,2,30,0,0,80,0,80,0,3,105,2,110,162,0,162,272
10/30/2010,BDR,CT,ANE,EN,Federal Contract Tower,0,2,6,2,10,0,0,58,10,68,0,2,64,12,78,92,0,92,170
10/31/2010,BDR,CT,ANE,EN,Federal Contract Tower,0,1,20,2,23,0,0,75,5,80,0,1,95,7,103,138,0,138,241
11/01/2010,BDR,CT,ANE,EN,Federal Contract Tower,0,4,13,0,17,0,0,93,0,93,0,4,106,0,110,136,0,136,246
11/02/2010,BDR,CT,ANE,EN,Federal Contract Tower,0,4,11,0,15,0,0,59,0,59,0,4,70,0,74,146,0,146,220
11/03/2010,BDR,CT,ANE,EN,Federal Contract Tower,0,6,12,0,18,0,0,114,0,114,0,6,126,0,132,156,0,156,288
11/04/2010,BDR,CT,ANE,EN,Federal Contract Tower,0,2,18,0,20,0,0,2,0,2,0,2,20,0,22,0,0,0,22
11/05/2010,BDR,CT,ANE,EN,Federal Contract Tower,0,3,18,2,23,0,0,31,2,33,0,3,49,4,56,48,0,48,104
11/06/2010,BDR,CT,ANE,EN,Federal Contract Tower,0,2,15,0,17,0,0,121,0,121,0,2,136,0,138,196,0,196,334
11/07/2010,BDR,CT,ANE,EN,Federal Contract Tower,0,6,19,0,25,0,0,102,0,102,0,6,121,0,127,116,0,116,243
11/08/2010,BDR,CT,ANE,EN,Federal Contract Tower,0,3,10,0,13,0,0,1,0,1,0,3,11,0,14,0,0,0,14
11/09/2010,BDR,CT,ANE,EN,Federal Contract Tower,0,6,9,0,15,0,0,34,2,36,0,6,43,2,51,58,0,58,109
11/10/2010,BDR,CT,ANE,EN,Federal Contract Tower,0,5,21,2,28,0,0,48,0,48,0,5,69,2,76,94,0,94,170
11/11/2010,BDR,CT,ANE,EN,Federal Contract Tower,0,6,21,0,27,0,0,129,0,129,0,6,150,0,156,190,0,190,346
11/12/2010,BDR,CT,ANE,EN,Federal Contract Tower,0,10,17,0,27,0,0,114,0,114,0,10,131,0,141,178,0,178,319
11/13/2010,BDR,CT,ANE,EN,Federal Contract Tower,0,0,12,0,12,0,0,133,0,133,0,0,145,0,145,310,0,310,455
11/14/2010,BDR,CT,ANE,EN,Federal Contract Tower,0,6,9,2,17,0,2,110,2,114,0,8,119,4,131,224,14,238,369
11/15/2010,BDR,CT,ANE,EN,Federal Contract Tower,0,8,44,0,52,0,0,5,0,5,0,8,49,0,57,0,0,0,57
11/16/2010,BDR,CT,ANE,EN,Federal Contract Tower,0,4,35,4,43,0,0,1,0,1,0,4,36,4,44,0,0,0,44
11/17/2010,BDR,CT,ANE,EN,Federal Contract Tower,0,4,19,3,26,0,0,25,0,25,0,4,44,3,51,24,0,24,75
11/18/2010,BDR,CT,ANE,EN,Federal Contract Tower,0,9,16,0,25,0,0,82,0,82,0,9,98,0,107,92,2,94,201
11/19/2010,BDR,CT,ANE,EN,Federal Contract Tower,0,3,26,0,29,0,0,100,0,100,0,3,126,0,129,146,0,146,275
11/20/2010,BDR,CT,ANE,EN,Federal Contract Tower,0,2,11,0,13,0,0,58,0,58,0,2,69,0,71,142,0,142,213
11/21/2010,BDR,CT,ANE,EN,Federal Contract Tower,0,1,9,0,10,0,0,126,0,126,0,1,135,0,136,256,2,258,394
11/22/2010,BDR,CT,ANE,EN,Federal Contract Tower,0,4,29,0,33,0,1,59,0,60,0,5,88,0,93,126,2,128,221
11/23/2010,BDR,CT,ANE,EN,Federal Contract Tower,0,16,23,0,39,0,0,75,4,79,0,16,98,4,118,88,6,94,212
11/24/2010,BDR,CT,ANE,EN,Federal Contract Tower,0,7,20,0,27,0,0,57,0,57,0,7,77,0,84,28,0,28,112
11/25/2010,BDR,CT,ANE,EN,Federal Contract Tower,0,2,5,0,7,0,0,26,0,26,0,2,31,0,33,22,0,22,55
11/26/2010,BDR,CT,ANE,EN,Federal Contract Tower,0,4,10,0,14,0,0,18,0,18,0,4,28,0,32,12,0,12,44
11/27/2010,BDR,CT,ANE,EN,Federal Contract Tower,0,7,7,0,14,0,0,100,0,100,0,7,107,0,114,70,0,70,184
11/28/2010,BDR,CT,ANE,EN,Federal Contract Tower,0,9,32,0,41,0,0,144,0,144,0,9,176,0,185,252,0,252,437
11/29/2010,BDR,CT,ANE,EN,Federal Contract Tower,0,3,22,0,25,0,2,109,0,111,0,5,131,0,136,184,2,186,322
11/30/2010,BDR,CT,ANE,EN,Federal Contract Tower,0,2,17,2,21,0,0,50,0,50,0,2,67,2,71,90,2,92,163
12/01/2010,BDR,CT,ANE,EN,Federal Contract Tower,0,5,11,5,21,0,0,2,0,2,0,5,13,5,23,0,0,0,23
12/02/2010,BDR,CT,ANE,EN,Federal Contract Tower,0,7,30,0,37,0,0,68,0,68,0,7,98,0,105,130,0,130,235
12/03/2010,BDR,CT,ANE,EN,Federal Contract Tower,0,1,16,0,17,0,0,82,0,82,0,1,98,0,99,192,0,192,291
12/04/2010,BDR,CT,ANE,EN,Federal Contract Tower,0,0,19,0,19,0,0,77,0,77,0,0,96,0,96,138,0,138,234
12/05/2010,BDR,CT,ANE,EN,Federal Contract Tower,0,2,10,0,12,0,0,84,0,84,0,2,94,0,96,124,0,124,220
12/06/2010,BDR,CT,ANE,EN,Federal Contract Tower,0,6,16,0,22,0,0,28,0,28,0,6,44,0,50,22,0,22,72
12/07/2010,BDR,CT,ANE,EN,Federal Contract Tower,0,4,21,0,25,0,0,34,0,34,0,4,55,0,59,28,0,28,87
12/08/2010,BDR,CT,ANE,EN,Federal Contract Tower,0,9,11,0,20,0,0,47,0,47,0,9,58,0,67,102,0,102,169
12/09/2010,BDR,CT,ANE,EN,Federal Contract Tower,0,4,13,0,17,0,0,73,0,73,0,4,86,0,90,100,0,100,190
12/10/2010,BDR,CT,ANE,EN,Federal Contract Tower,0,3,20,0,23,0,0,62,0,62,0,3,82,0,85,106,0,106,191
12/11/2010,BDR,CT,ANE,EN,Federal Contract Tower,0,0,6,0,6,0,0,107,0,107,0,0,113,0,113,166,0,166,279
12/12/2010,BDR,CT,ANE,EN,Federal Contract Tower,0,0,8,0,8,0,0,0,0,0,0,0,8,0,8,0,0,0,8
12/13/2010,BDR,CT,ANE,EN,Federal Contract Tower,0,3,19,2,24,0,0,21,0,21,0,3,40,2,45,10,2,12,57
12/14/2010,BDR,CT,ANE,EN,Federal Contract Tower,0,3,14,2,19,0,0,28,2,30,0,3,42,4,49,12,26,38,87
12/15/2010,BDR,CT,ANE,EN,Federal Contract Tower,0,4,10,2,16,0,2,46,0,48,0,6,56,2,64,90,0,90,154
12/16/2010,BDR,CT,ANE,EN,Federal Contract Tower,0,4,10,0,14,0,0,73,0,73,0,4,83,0,87,62,0,62,149
12/17/2010,BDR,CT,ANE,EN,Federal Contract Tower,0,1,19,0,20,0,0,79,0,79,0,1,98,0,99,86,0,86,185
12/18/2010,BDR,CT,ANE,EN,Federal Contract Tower,0,5,9,0,14,0,0,90,0,90,0,5,99,0,104,142,0,142,246
12/19/2010,BDR,CT,ANE,EN,Federal Contract Tower,0,0,6,0,6,0,0,62,1,63,0,0,68,1,69,126,0,126,195
12/20/2010,BDR,CT,ANE,EN,Federal Contract Tower,0,1,15,0,16,0,2,54,0,56,0,3,69,0,72,22,0,22,94
12/21/2010,BDR,CT,ANE,EN,Federal Contract Tower,0,4,10,0,14,0,0,29,0,29,0,4,39,0,43,0,0,0,43
12/22/2010,BDR,CT,ANE,EN,Federal Contract Tower,0,1,4,0,5,0,0,98,0,98,0,1,102,0,103,126,0,126,229
12/23/2010,BDR,CT,ANE,EN,Federal Contract Tower,0,5,7,0,12,0,0,10,0,10,0,5,17,0,22,0,0,0,22
12/24/2010,BDR,CT,ANE,EN,Federal Contract Tower,0,2,15,0,17,0,0,40,0,40,0,2,55,0,57,40,0,40,97
12/25/2010,BDR,CT,ANE,EN,Federal Contract Tower,0,0,3,0,3,0,0,7,0,7,0,0,10,0,10,18,0,18,28
12/26/2010,BDR,CT,ANE,EN,Federal Contract Tower,0,1,10,0,11,0,0,1,0,1,0,1,11,0,12,0,0,0,12
12/27/2010,BDR,CT,ANE,EN,Federal Contract Tower,0,0,5,0,5,0,0,3,0,3,0,0,8,0,8,0,0,0,8
12/28/2010,BDR,CT,ANE,EN,Federal Contract Tower,0,6,16,0,22,0,0,15,0,15,0,6,31,0,37,0,0,0,37
12/29/2010,BDR,CT,ANE,EN,Federal Contract Tower,0,6,10,0,16,0,0,58,0,58,0,6,68,0,74,96,0,96,170
12/30/2010,BDR,CT,ANE,EN,Federal Contract Tower,0,4,14,0,18,0,0,54,0,54,0,4,68,0,72,92,0,92,164
12/31/2010,BDR,CT,ANE,EN,Federal Contract Tower,0,3,13,0,16,0,0,65,0,65,0,3,78,0,81,98,0,98,179
01/01/2011,BDR,CT,ANE,EN,Federal Contract Tower,0,1,9,0,10,0,0,41,0,41,0,1,50,0,51,8,0,8,59
01/02/2011,BDR,CT,ANE,EN,Federal Contract Tower,0,2,23,0,25,0,0,7,0,7,0,2,30,0,32,10,0,10,42
01/03/2011,BDR,CT,ANE,EN,Federal Contract Tower,0,3,12,0,15,0,0,41,0,41,0,3,53,0,56,70,0,70,126
01/04/2011,BDR,CT,ANE,EN,Federal Contract Tower,0,5,3,0,8,0,0,66,0,66,0,5,69,0,74,82,0,82,156
01/05/2011,BDR,CT,ANE,EN,Federal Contract Tower,0,5,10,0,15,0,0,84,4,88,0,5,94,4,103,150,0,150,253
01/06/2011,BDR,CT,ANE,EN,Federal Contract Tower,0,8,20,0,28,0,0,64,2,66,0,8,84,2,94,108,0,108,202
01/07/2011,BDR,CT,ANE,EN,Federal Contract Tower,0,1,4,0,5,0,0,1,0,1,0,1,5,0,6,0,0,0,6
01/08/2011,BDR,CT,ANE,EN,Federal Contract Tower,0,0,7,0,7,0,0,16,0,16,0,0,23,0,23,0,0,0,23
01/09/2011,BDR,CT,ANE,EN,Federal Contract Tower,0,0,12,0,12,0,0,26,0,26,0,0,38,0,38,20,0,20,58
01/10/2011,BDR,CT,ANE,EN,Federal Contract Tower,0,1,15,0,16,0,0,38,0,38,0,1,53,0,54,28,0,28,82
01/11/2011,BDR,CT,ANE,EN,Federal Contract Tower,0,2,10,0,12,0,0,58,2,60,0,2,68,2,72,68,0,68,140
01/12/2011,BDR,CT,ANE,EN,Federal Contract Tower,0,0,0,0,0,0,0,2,0,2,0,0,2,0,2,0,0,0,2
01/13/2011,BDR,CT,ANE,EN,Federal Contract Tower,0,0,10,0,10,0,1,14,2,17,0,1,24,2,27,4,0,4,31
01/14/2011,BDR,CT,ANE,EN,Federal Contract Tower,0,4,11,0,15,0,0,41,0,41,0,4,52,0,56,28,0,28,84
01/15/2011,BDR,CT,ANE,EN,Federal Contract Tower,0,0,9,0,9,0,0,65,0,65,0,0,74,0,74,68,0,68,142
01/16/2011,BDR,CT,ANE,EN,Federal Contract Tower,0,0,14,0,14,0,0,69,0,69,0,0,83,0,83,28,0,28,111
01/17/2011,BDR,CT,ANE,EN,Federal Contract Tower,0,4,14,0,18,0,0,63,0,63,0,4,77,0,81,68,0,68,149
01/18/2011,BDR,CT,ANE,EN,Federal Contract Tower,0,1,1,0,2,0,0,0,0,0,0,1,1,0,2,0,0,0,2
01/19/2011,BDR,CT,ANE,EN,Federal Contract Tower,0,7,16,0,23,0,0,20,0,20,0,7,36,0,43,18,0,18,61
01/20/2011,BDR,CT,ANE,EN,Federal Contract Tower,0,2,12,4,18,0,0,72,0,72,0,2,84,4,90,104,0,104,194
01/21/2011,BDR,CT,ANE,EN,Federal Contract Tower,0,0,8,0,8,0,0,7,0,7,0,0,15,0,15,0,0,0,15
01/22/2011,BDR,CT,ANE,EN,Federal Contract Tower,0,1,7,0,8,0,0,79,0,79,0,1,86,0,87,78,0,78,165
01/23/2011,BDR,CT,ANE,EN,Federal Contract Tower,0,0,6,0,6,0,0,54,0,54,0,0,60,0,60,122,0,122,182
01/24/2011,BDR,CT,ANE,EN,Federal Contract Tower,0,4,17,2,23,0,0,38,0,38,0,4,55,2,61,48,0,48,109
01/25/2011,BDR,CT,ANE,EN,Federal Contract Tower,0,2,12,2,16,0,0,6,0,6,0,2,18,2,22,0,0,0,22
01/26/2011,BDR,CT,ANE,EN,Federal Contract Tower,0,2,3,0,5,0,0,0,0,0,0,2,3,0,5,0,0,0,5
01/27/2011,BDR,CT,ANE,EN,Federal Contract Tower,0,4,7,1,12,0,0,4,0,4,0,4,11,1,16,0,0,0,16
01/28/2011,BDR,CT,ANE,EN,Federal Contract Tower,0,7,11,0,18,0,0,8,0,8,0,7,19,0,26,0,0,0,26
01/29/2011,BDR,CT,ANE,EN,Federal Contract Tower,0,0,5,0,5,0,0,29,0,29,0,0,34,0,34,146,2,148,182
01/30/2011,BDR,CT,ANE,EN,Federal Contract Tower,0,2,14,0,16,0,0,60,0,60,0,2,74,0,76,176,0,176,252
01/31/2011,BDR,CT,ANE,EN,Federal Contract Tower,0,1,17,0,18,0,0,58,0,58,0,1,75,0,76,76,0,76,152
02/01/2011,BDR,CT,ANE,EN,Federal Contract Tower,0,0,0,0,0,0,0,0,0,0,0,0,0,0,0,0,0,0,0
02/02/2011,BDR,CT,ANE,EN,Federal Contract Tower,0,0,1,0,1,0,0,0,0,0,0,0,1,0,1,0,0,0,1
02/03/2011,BDR,CT,ANE,EN,Federal Contract Tower,0,2,13,0,15,0,0,38,0,38,0,2,51,0,53,38,0,38,91
02/04/2011,BDR,CT,ANE,EN,Federal Contract Tower,0,9,10,0,19,0,0,84,0,84,0,9,94,0,103,76,2,78,181
02/05/2011,BDR,CT,ANE,EN,Federal Contract Tower,0,1,1,0,2,0,0,1,0,1,0,1,2,0,3,0,0,0,3
02/06/2011,BDR,CT,ANE,EN,Federal Contract Tower,0,2,7,0,9,0,0,74,0,74,0,2,81,0,83,190,0,190,273
02/07/2011,BDR,CT,ANE,EN,Federal Contract Tower,0,6,26,2,34,0,1,61,0,62,0,7,87,2,96,72,0,72,168
02/08/2011,BDR,CT,ANE,EN,Federal Contract Tower,0,0,6,0,6,0,0,2,0,2,0,0,8,0,8,12,0,12,20
02/09/2011,BDR,CT,ANE,EN,Federal Contract Tower,0,2,13,0,15,0,0,47,2,49,0,2,60,2,64,72,2,74,138
02/10/2011,BDR,CT,ANE,EN,Federal Contract Tower,0,8,13,0,21,0,0,70,1,71,0,8,83,1,92,96,0,96,188
02/11/2011,BDR,CT,ANE,EN,Federal Contract Tower,0,5,14,2,21,0,0,91,0,91,0,5,105,2,112,160,0,160,272
02/12/2011,BDR,CT,ANE,EN,Federal Contract Tower,0,1,5,0,6,0,0,76,0,76,0,1,81,0,82,142,0,142,224
02/13/2011,BDR,CT,ANE,EN,Federal Contract Tower,0,9,14,0,23,0,0,78,0,78,0,9,92,0,101,180,0,180,281
02/14/2011,BDR,CT,ANE,EN,Federal Contract Tower,0,10,17,2,29,0,0,40,0,40,0,10,57,2,69,18,0,18,87
02/15/2011,BDR,CT,ANE,EN,Federal Contract Tower,0,8,15,0,23,0,0,25,0,25,0,8,40,0,48,6,0,6,54
02/16/2011,BDR,CT,ANE,EN,Federal Contract Tower,0,13,25,4,42,0,0,86,3,89,0,13,111,7,131,92,2,94,225
02/17/2011,BDR,CT,ANE,EN,Federal Contract Tower,0,5,20,0,25,0,0,92,0,92,0,5,112,0,117,94,0,94,211
02/18/2011,BDR,CT,ANE,EN,Federal Contract Tower,0,3,45,0,48,0,2,98,0,100,0,5,143,0,148,66,0,66,214
02/19/2011,BDR,CT,ANE,EN,Federal Contract Tower,0,2,4,0,6,0,0,8,0,8,0,2,12,0,14,0,2,2,16
02/20/2011,BDR,CT,ANE,EN,Federal Contract Tower,0,2,7,0,9,0,0,60,0,60,0,2,67,0,69,18,0,18,87
02/21/2011,BDR,CT,ANE,EN,Federal Contract Tower,0,2,5,0,7,0,0,22,0,22,0,2,27,0,29,22,0,22,51
02/22/2011,BDR,CT,ANE,EN,Federal Contract Tower,0,2,13,4,19,0,0,55,0,55,0,2,68,4,74,62,2,64,138
02/23/2011,BDR,CT,ANE,EN,Federal Contract Tower,0,4,13,4,21,0,0,83,0,83,0,4,96,4,104,93,2,95,199
02/24/2011,BDR,CT,ANE,EN,Federal Contract Tower,0,3,11,0,14,0,0,43,0,43,0,3,54,0,57,94,0,94,151
02/25/2011,BDR,CT,ANE,EN,Federal Contract Tower,0,1,5,0,6,0,0,0,0,0,0,1,5,0,6,0,0,0,6
02/26/2011,BDR,CT,ANE,EN,Federal Contract Tower,0,2,13,0,15,0,0,98,2,100,0,2,111,2,115,156,0,156,271
02/27/2011,BDR,CT,ANE,EN,Federal Contract Tower,0,4,7,3,14,0,0,45,0,45,0,4,52,3,59,144,0,144,203
02/28/2011,BDR,CT,ANE,EN,Federal Contract Tower,0,3,10,0,13,0,0,12,0,12,0,3,22,0,25,0,0,0,25
03/01/2011,BDR,CT,ANE,EN,Federal Contract Tower,0,6,11,0,17,0,0,57,0,57,0,6,68,0,74,68,0,68,142
03/02/2011,BDR,CT,ANE,EN,Federal Contract Tower,0,5,20,0,25,0,0,46,0,46,0,5,66,0,71,60,2,62,133
03/03/2011,BDR,CT,ANE,EN,Federal Contract Tower,0,14,18,0,32,0,1,75,0,76,0,15,93,0,108,132,0,132,240
03/04/2011,BDR,CT,ANE,EN,Federal Contract Tower,0,6,16,0,22,0,0,94,0,94,0,6,110,0,116,196,0,196,312
03/05/2011,BDR,CT,ANE,EN,Federal Contract Tower,0,2,13,1,16,0,0,69,0,69,0,2,82,1,85,162,0,162,247
03/06/2011,BDR,CT,ANE,EN,Federal Contract Tower,0,4,7,0,11,0,0,0,0,0,0,4,7,0,11,0,0,0,11
03/07/2011,BDR,CT,ANE,EN,Federal Contract Tower,0,4,12,0,16,0,0,25,0,25,0,4,37,0,41,2,0,2,43
03/08/2011,BDR,CT,ANE,EN,Federal Contract Tower,0,6,15,0,21,0,0,89,4,93,0,6,104,4,114,92,0,92,206
03/09/2011,BDR,CT,ANE,EN,Federal Contract Tower,0,6,17,0,23,0,0,67,0,67,0,6,84,0,90,74,0,74,164
03/10/2011,BDR,CT,ANE,EN,Federal Contract Tower,0,4,15,0,19,0,0,5,0,5,0,4,20,0,24,0,0,0,24
03/11/2011,BDR,CT,ANE,EN,Federal Contract Tower,0,3,11,0,14,0,0,30,0,30,0,3,41,0,44,76,0,76,120
03/12/2011,BDR,CT,ANE,EN,Federal Contract Tower,0,5,13,0,18,0,0,109,0,109,0,5,122,0,127,124,0,124,251
03/13/2011,BDR,CT,ANE,EN,Federal Contract Tower,0,2,16,0,18,0,0,72,0,72,0,2,88,0,90,162,0,162,252
03/14/2011,BDR,CT,ANE,EN,Federal Contract Tower,0,3,18,0,21,0,1,59,0,60,0,4,77,0,81,120,0,120,201
03/15/2011,BDR,CT,ANE,EN,Federal Contract Tower,0,3,13,2,18,0,0,55,0,55,0,3,68,2,73,86,0,86,159
03/16/2011,BDR,CT,ANE,EN,Federal Contract Tower,0,5,16,0,21,0,0,29,0,29,0,5,45,0,50,18,0,18,68
03/17/2011,BDR,CT,ANE,EN,Federal Contract Tower,0,3,21,0,24,0,0,110,0,110,0,3,131,0,134,132,0,132,266
03/18/2011,BDR,CT,ANE,EN,Federal Contract Tower,0,8,16,0,24,0,0,72,0,72,0,8,88,0,96,98,0,98,194
03/19/2011,BDR,CT,ANE,EN,Federal Contract Tower,0,3,10,0,13,0,0,91,0,91,0,3,101,0,104,130,0,130,234
03/20/2011,BDR,CT,ANE,EN,Federal Contract Tower,0,0,13,0,13,0,0,159,0,159,0,0,172,0,172,162,0,162,334
03/21/2011,BDR,CT,ANE,EN,Federal Contract Tower,0,0,8,0,8,0,0,1,0,1,0,0,9,0,9,0,0,0,9
03/22/2011,BDR,CT,ANE,EN,Federal Contract Tower,0,1,25,0,26,0,0,58,0,58,0,1,83,0,84,22,0,22,106
03/23/2011,BDR,CT,ANE,EN,Federal Contract Tower,0,1,9,0,10,0,0,1,0,1,0,1,10,0,11,0,0,0,11
03/24/2011,BDR,CT,ANE,EN,Federal Contract Tower,0,2,13,4,19,0,0,39,2,41,0,2,52,6,60,80,0,80,140
03/25/2011,BDR,CT,ANE,EN,Federal Contract Tower,0,3,25,0,28,0,0,89,0,89,0,3,114,0,117,182,0,182,299
03/26/2011,BDR,CT,ANE,EN,Federal Contract Tower,0,2,9,0,11,0,0,99,0,99,0,2,108,0,110,138,0,138,248
03/27/2011,BDR,CT,ANE,EN,Federal Contract Tower,0,1,12,0,13,0,0,101,2,103,0,1,113,2,116,154,0,154,270
03/28/2011,BDR,CT,ANE,EN,Federal Contract Tower,0,0,16,0,16,0,0,65,0,65,0,0,81,0,81,132,0,132,213
03/29/2011,BDR,CT,ANE,EN,Federal Contract Tower,0,4,12,0,16,0,0,72,0,72,0,4,84,0,88,62,0,62,150
03/30/2011,BDR,CT,ANE,EN,Federal Contract Tower,0,9,30,4,43,0,0,98,0,98,0,9,128,4,141,150,0,150,291
03/31/2011,BDR,CT,ANE,EN,Federal Contract Tower,0,3,17,0,20,0,0,21,0,21,0,3,38,0,41,22,2,24,65
04/01/2011,BDR,CT,ANE,EN,Federal Contract Tower,0,3,8,0,11,0,0,4,0,4,0,3,12,0,15,0,0,0,15
04/02/2011,BDR,CT,ANE,EN,Federal Contract Tower,0,0,11,0,11,0,0,94,0,94,0,0,105,0,105,150,0,150,255
04/03/2011,BDR,CT,ANE,EN,Federal Contract Tower,0,1,12,0,13,0,0,99,0,99,0,1,111,0,112,110,0,110,222
04/04/2011,BDR,CT,ANE,EN,Federal Contract Tower,0,2,20,0,22,0,0,25,0,25,0,2,45,0,47,42,2,44,91
04/05/2011,BDR,CT,ANE,EN,Federal Contract Tower,0,0,7,0,7,0,0,4,4,8,0,0,11,4,15,0,0,0,15
04/06/2011,BDR,CT,ANE,EN,Federal Contract Tower,0,4,19,4,27,0,0,74,0,74,0,4,93,4,101,92,2,94,195
04/07/2011,BDR,CT,ANE,EN,Federal Contract Tower,0,6,23,0,29,0,0,79,0,79,0,6,102,0,108,140,0,140,248
04/08/2011,BDR,CT,ANE,EN,Federal Contract Tower,0,3,24,0,27,0,0,85,0,85,0,3,109,0,112,176,0,176,288
04/09/2011,BDR,CT,ANE,EN,Federal Contract Tower,0,1,16,0,17,0,0,159,0,159,0,1,175,0,176,208,0,208,384
04/10/2011,BDR,CT,ANE,EN,Federal Contract Tower,0,1,18,0,19,0,0,87,0,87,0,1,105,0,106,172,0,172,278
04/11/2011,BDR,CT,ANE,EN,Federal Contract Tower,0,2,18,0,20,0,0,16,0,16,0,2,34,0,36,38,0,38,74
04/12/2011,BDR,CT,ANE,EN,Federal Contract Tower,0,4,14,0,18,0,0,22,2,24,0,4,36,2,42,12,0,12,54
04/13/2011,BDR,CT,ANE,EN,Federal Contract Tower,0,3,18,0,21,0,0,0,0,0,0,3,18,0,21,0,0,0,21
04/14/2011,BDR,CT,ANE,EN,Federal Contract Tower,0,5,20,0,25,0,0,114,0,114,0,5,134,0,139,144,0,144,283
04/15/2011,BDR,CT,ANE,EN,Federal Contract Tower,0,6,30,0,36,0,0,122,0,122,0,6,152,0,158,170,0,170,328
04/16/2011,BDR,CT,ANE,EN,Federal Contract Tower,0,3,4,0,7,0,0,7,0,7,0,3,11,0,14,0,0,0,14
04/17/2011,BDR,CT,ANE,EN,Federal Contract Tower,0,4,13,0,17,0,0,38,0,38,0,4,51,0,55,12,0,12,67
04/18/2011,BDR,CT,ANE,EN,Federal Contract Tower,0,0,11,0,11,0,0,46,0,46,0,0,57,0,57,26,0,26,83
04/19/2011,BDR,CT,ANE,EN,Federal Contract Tower,0,3,22,0,25,0,0,24,0,24,0,3,46,0,49,16,0,16,65
04/20/2011,BDR,CT,ANE,EN,Federal Contract Tower,0,8,19,0,27,0,0,16,0,16,0,8,35,0,43,12,2,14,57
04/21/2011,BDR,CT,ANE,EN,Federal Contract Tower,0,8,15,0,23,0,0,61,0,61,0,8,76,0,84,112,0,112,196
04/22/2011,BDR,CT,ANE,EN,Federal Contract Tower,0,5,20,0,25,0,0,155,0,155,0,5,175,0,180,146,0,146,326
04/23/2011,BDR,CT,ANE,EN,Federal Contract Tower,0,2,14,0,16,0,0,0,0,0,0,2,14,0,16,0,0,0,16
04/24/2011,BDR,CT,ANE,EN,Federal Contract Tower,0,4,13,0,17,0,0,55,0,55,0,4,68,0,72,86,0,86,158
04/25/2011,BDR,CT,ANE,EN,Federal Contract Tower,0,1,29,0,30,0,0,48,0,48,0,1,77,0,78,130,0,130,208
04/26/2011,BDR,CT,ANE,EN,Federal Contract Tower,0,4,19,0,23,0,0,34,0,34,0,4,53,0,57,34,0,34,91
04/27/2011,BDR,CT,ANE,EN,Federal Contract Tower,0,1,22,0,23,0,0,0,0,0,0,1,22,0,23,0,0,0,23
04/28/2011,BDR,CT,ANE,EN,Federal Contract Tower,0,0,8,0,8,0,0,0,0,0,0,0,8,0,8,0,0,0,8
04/29/2011,BDR,CT,ANE,EN,Federal Contract Tower,0,2,20,0,22,0,0,112,0,112,0,2,132,0,134,150,22,172,306
04/30/2011,BDR,CT,ANE,EN,Federal Contract Tower,0,1,15,0,16,0,0,105,0,105,0,1,120,0,121,172,0,172,293
05/01/2011,BDR,CT,ANE,EN,Federal Contract Tower,0,5,12,0,17,0,0,160,0,160,0,5,172,0,177,228,0,228,405
05/02/2011,BDR,CT,ANE,EN,Federal Contract Tower,0,0,24,0,24,0,0,52,0,52,0,0,76,0,76,2,0,2,78
05/03/2011,BDR,CT,ANE,EN,Federal Contract Tower,0,0,11,0,11,0,0,68,0,68,0,0,79,0,79,56,0,56,135
05/04/2011,BDR,CT,ANE,EN,Federal Contract Tower,0,4,25,0,29,0,0,0,0,0,0,4,25,0,29,0,0,0,29
05/05/2011,BDR,CT,ANE,EN,Federal Contract Tower,0,3,22,2,27,0,0,74,2,76,0,3,96,4,103,78,6,84,187
05/06/2011,BDR,CT,ANE,EN,Federal Contract Tower,0,9,22,0,31,0,0,121,0,121,0,9,143,0,152,196,2,198,350
05/07/2011,BDR,CT,ANE,EN,Federal Contract Tower,0,1,6,0,7,0,0,119,0,119,0,1,125,0,126,228,0,228,354
05/08/2011,BDR,CT,ANE,EN,Federal Contract Tower,0,6,19,0,25,0,0,122,0,122,0,6,141,0,147,150,0,150,297
05/09/2011,BDR,CT,ANE,EN,Federal Contract Tower,0,4,29,0,33,0,0,79,0,79,0,4,108,0,112,80,0,80,192
05/10/2011,BDR,CT,ANE,EN,Federal Contract Tower,0,0,9,0,9,0,0,109,0,109,0,0,118,0,118,116,0,116,234
05/11/2011,BDR,CT,ANE,EN,Federal Contract Tower,0,3,21,0,24,0,0,80,0,80,0,3,101,0,104,94,2,96,200
05/12/2011,BDR,CT,ANE,EN,Federal Contract Tower,0,2,15,0,17,0,0,126,4,130,0,2,141,4,147,198,0,198,345
05/13/2011,BDR,CT,ANE,EN,Federal Contract Tower,0,11,25,0,36,0,0,104,0,104,0,11,129,0,140,110,2,112,252
05/14/2011,BDR,CT,ANE,EN,Federal Contract Tower,0,0,27,0,27,0,0,94,0,94,0,0,121,0,121,204,0,204,325
05/15/2011,BDR,CT,ANE,EN,Federal Contract Tower,0,5,44,0,49,0,0,0,0,0,0,5,44,0,49,0,0,0,49
05/16/2011,BDR,CT,ANE,EN,Federal Contract Tower,0,1,24,0,25,0,0,0,0,0,0,1,24,0,25,0,0,0,25
05/17/2011,BDR,CT,ANE,EN,Federal Contract Tower,0,1,14,0,15,0,0,0,0,0,0,1,14,0,15,0,0,0,15
05/18/2011,BDR,CT,ANE,EN,Federal Contract Tower,0,3,36,0,39,0,0,0,0,0,0,3,36,0,39,0,0,0,39
05/19/2011,BDR,CT,ANE,EN,Federal Contract Tower,0,9,47,0,56,0,0,2,0,2,0,9,49,0,58,0,0,0,58
05/20/2011,BDR,CT,ANE,EN,Federal Contract Tower,0,1,42,0,43,0,0,61,0,61,0,1,103,0,104,72,0,72,176
05/21/2011,BDR,CT,ANE,EN,Federal Contract Tower,0,6,32,2,40,0,0,42,0,42,0,6,74,2,82,18,0,18,100
05/22/2011,BDR,CT,ANE,EN,Federal Contract Tower,0,2,27,0,29,0,0,63,0,63,0,2,90,0,92,28,0,28,120
05/23/2011,BDR,CT,ANE,EN,Federal Contract Tower,0,1,33,2,36,0,0,0,0,0,0,1,33,2,36,0,0,0,36
05/24/2011,BDR,CT,ANE,EN,Federal Contract Tower,0,3,20,2,25,0,0,61,0,61,0,3,81,2,86,80,0,80,166
05/25/2011,BDR,CT,ANE,EN,Federal Contract Tower,0,8,25,2,35,0,0,178,0,178,0,8,203,2,213,188,0,188,401
05/26/2011,BDR,CT,ANE,EN,Federal Contract Tower,0,3,36,4,43,0,0,24,0,24,0,3,60,4,67,32,0,32,99
05/27/2011,BDR,CT,ANE,EN,Federal Contract Tower,0,7,28,0,35,0,0,74,0,74,0,7,102,0,109,111,0,111,220
05/28/2011,BDR,CT,ANE,EN,Federal Contract Tower,0,1,18,0,19,0,0,70,0,70,0,1,88,0,89,144,0,144,233
05/29/2011,BDR,CT,ANE,EN,Federal Contract Tower,0,0,9,0,9,0,0,45,0,45,0,0,54,0,54,108,0,108,162
05/30/2011,BDR,CT,ANE,EN,Federal Contract Tower,0,3,19,0,22,0,0,115,0,115,0,3,134,0,137,78,0,78,215
05/31/2011,BDR,CT,ANE,EN,Federal Contract Tower,0,2,18,6,26,0,0,88,0,88,0,2,106,6,114,142,0,142,256
06/01/2011,BDR,CT,ANE,EN,Federal Contract Tower,0,2,37,4,43,0,0,37,0,37,0,2,74,4,80,28,0,28,108
06/02/2011,BDR,CT,ANE,EN,Federal Contract Tower,0,3,15,2,20,0,0,64,0,64,0,3,79,2,84,36,0,36,120
06/03/2011,BDR,CT,ANE,EN,Federal Contract Tower,0,3,17,0,20,0,0,124,0,124,0,3,141,0,144,108,0,108,252
06/04/2011,BDR,CT,ANE,EN,Federal Contract Tower,0,1,12,0,13,0,0,129,2,131,0,1,141,2,144,170,0,170,314
06/05/2011,BDR,CT,ANE,EN,Federal Contract Tower,0,5,15,0,20,0,0,140,0,140,0,5,155,0,160,168,0,168,328
06/06/2011,BDR,CT,ANE,EN,Federal Contract Tower,0,1,20,7,28,0,0,75,0,75,0,1,95,7,103,146,0,146,249
06/07/2011,BDR,CT,ANE,EN,Federal Contract Tower,0,0,18,3,21,0,0,87,0,87,0,0,105,3,108,120,0,120,228
06/08/2011,BDR,CT,ANE,EN,Federal Contract Tower,0,2,25,0,27,0,0,82,0,82,0,2,107,0,109,86,0,86,195
06/09/2011,BDR,CT,ANE,EN,Federal Contract Tower,0,6,16,0,22,0,0,68,0,68,0,6,84,0,90,108,0,108,198
06/10/2011,BDR,CT,ANE,EN,Federal Contract Tower,0,2,23,4,29,0,3,84,0,87,0,5,107,4,116,134,0,134,250
06/11/2011,BDR,CT,ANE,EN,Federal Contract Tower,0,0,14,0,14,0,0,0,0,0,0,0,14,0,14,18,0,18,32
06/12/2011,BDR,CT,ANE,EN,Federal Contract Tower,0,6,39,0,45,0,0,11,0,11,0,6,50,0,56,38,0,38,94
06/13/2011,BDR,CT,ANE,EN,Federal Contract Tower,0,2,27,0,29,0,0,61,2,63,0,2,88,2,92,58,0,58,150
06/14/2011,BDR,CT,ANE,EN,Federal Contract Tower,0,1,31,2,34,0,0,35,0,35,0,1,66,2,69,28,0,28,97
06/15/2011,BDR,CT,ANE,EN,Federal Contract Tower,0,6,16,2,24,0,2,121,0,123,0,8,137,2,147,142,0,142,289
06/16/2011,BDR,CT,ANE,EN,Federal Contract Tower,0,2,23,0,25,0,2,120,0,122,0,4,143,0,147,98,0,98,245
06/17/2011,BDR,CT,ANE,EN,Federal Contract Tower,0,2,37,0,39,0,0,33,0,33,0,2,70,0,72,24,0,24,96
06/18/2011,BDR,CT,ANE,EN,Federal Contract Tower,0,3,20,0,23,0,0,141,0,141,0,3,161,0,164,244,0,244,408
06/19/2011,BDR,CT,ANE,EN,Federal Contract Tower,0,1,16,0,17,0,0,119,0,119,0,1,135,0,136,144,0,144,280
06/20/2011,BDR,CT,ANE,EN,Federal Contract Tower,0,5,13,0,18,0,0,87,0,87,0,5,100,0,105,124,0,124,229
06/21/2011,BDR,CT,ANE,EN,Federal Contract Tower,0,4,21,0,25,0,0,87,0,87,0,4,108,0,112,150,6,156,268
06/22/2011,BDR,CT,ANE,EN,Federal Contract Tower,0,5,24,0,29,0,0,18,0,18,0,5,42,0,47,18,0,18,65
06/23/2011,BDR,CT,ANE,EN,Federal Contract Tower,0,12,29,0,41,0,0,0,0,0,0,12,29,0,41,0,0,0,41
06/24/2011,BDR,CT,ANE,EN,Federal Contract Tower,0,9,47,0,56,0,0,1,0,1,0,9,48,0,57,0,0,0,57
06/25/2011,BDR,CT,ANE,EN,Federal Contract Tower,0,5,34,0,39,0,0,39,0,39,0,5,73,0,78,92,0,92,170
06/26/2011,BDR,CT,ANE,EN,Federal Contract Tower,0,3,28,0,31,0,0,110,0,110,0,3,138,0,141,184,0,184,325
06/27/2011,BDR,CT,ANE,EN,Federal Contract Tower,0,3,20,2,25,0,0,79,0,79,0,3,99,2,104,142,0,142,246
06/28/2011,BDR,CT,ANE,EN,Federal Contract Tower,0,4,22,0,26,0,0,92,0,92,0,4,114,0,118,92,0,92,210
06/29/2011,BDR,CT,ANE,EN,Federal Contract Tower,0,1,12,0,13,0,0,90,0,90,0,1,102,0,103,220,0,220,323
06/30/2011,BDR,CT,ANE,EN,Federal Contract Tower,0,5,7,0,12,0,1,120,0,121,0,6,127,0,133,172,0,172,305
07/01/2011,BDR,CT,ANE,EN,Federal Contract Tower,0,7,15,0,22,0,0,157,0,157,0,7,172,0,179,186,0,186,365
07/02/2011,BDR,CT,ANE,EN,Federal Contract Tower,0,0,12,0,12,0,0,172,0,172,0,0,184,0,184,204,0,204,388
07/03/2011,BDR,CT,ANE,EN,Federal Contract Tower,0,1,15,0,16,0,0,50,0,50,0,1,65,0,66,90,0,90,156
07/04/2011,BDR,CT,ANE,EN,Federal Contract Tower,0,3,12,0,15,0,0,55,0,55,0,3,67,0,70,78,0,78,148
07/05/2011,BDR,CT,ANE,EN,Federal Contract Tower,0,7,15,0,22,0,0,122,0,122,0,7,137,0,144,104,0,104,248
07/06/2011,BDR,CT,ANE,EN,Federal Contract Tower,0,1,7,2,10,0,0,97,0,97,0,1,104,2,107,134,0,134,241
07/07/2011,BDR,CT,ANE,EN,Federal Contract Tower,0,7,19,2,28,0,0,107,0,107,0,7,126,2,135,120,0,120,255
07/08/2011,BDR,CT,ANE,EN,Federal Contract Tower,0,9,35,0,44,0,0,16,0,16,0,9,51,0,60,6,0,6,66
07/09/2011,BDR,CT,ANE,EN,Federal Contract Tower,0,2,7,0,9,0,0,141,0,141,0,2,148,0,150,208,0,208,358
07/10/2011,BDR,CT,ANE,EN,Federal Contract Tower,0,5,15,0,20,0,0,187,0,187,0,5,202,0,207,184,0,184,391
07/11/2011,BDR,CT,ANE,EN,Federal Contract Tower,0,0,18,2,20,0,0,66,0,66,0,0,84,2,86,62,0,62,148
07/12/2011,BDR,CT,ANE,EN,Federal Contract Tower,0,5,10,0,15,0,0,64,0,64,0,5,74,0,79,66,0,66,145
07/13/2011,BDR,CT,ANE,EN,Federal Contract Tower,0,4,12,2,18,0,0,96,0,96,0,4,108,2,114,70,0,70,184
07/14/2011,BDR,CT,ANE,EN,Federal Contract Tower,0,7,18,0,25,0,0,122,2,124,0,7,140,2,149,156,0,156,305
07/15/2011,BDR,CT,ANE,EN,Federal Contract Tower,0,7,13,4,24,0,0,129,0,129,0,7,142,4,153,162,0,162,315
07/16/2011,BDR,CT,ANE,EN,Federal Contract Tower,0,2,4,0,6,0,0,151,0,151,0,2,155,0,157,162,0,162,319
07/17/2011,BDR,CT,ANE,EN,Federal Contract Tower,0,6,13,0,19,0,0,159,0,159,0,6,172,0,178,228,0,228,406
07/18/2011,BDR,CT,ANE,EN,Federal Contract Tower,0,4,16,0,20,0,0,38,1,39,0,4,54,1,59,50,0,50,109
07/19/2011,BDR,CT,ANE,EN,Federal Contract Tower,0,4,14,6,24,0,0,78,0,78,0,4,92,6,102,104,0,104,206
07/20/2011,BDR,CT,ANE,EN,Federal Contract Tower,0,4,24,5,33,0,0,80,4,84,0,4,104,9,117,54,0,54,171
07/21/2011,BDR,CT,ANE,EN,Federal Contract Tower,0,7,32,0,39,0,0,54,0,54,0,7,86,0,93,22,0,22,115
07/22/2011,BDR,CT,ANE,EN,Federal Contract Tower,0,13,20,4,37,0,0,84,2,86,0,13,104,6,123,22,0,22,145
07/23/2011,BDR,CT,ANE,EN,Federal Contract Tower,0,3,9,0,12,0,0,93,0,93,0,3,102,0,105,124,0,124,229
07/24/2011,BDR,CT,ANE,EN,Federal Contract Tower,0,8,16,0,24,0,0,115,0,115,0,8,131,0,139,116,0,116,255
07/25/2011,BDR,CT,ANE,EN,Federal Contract Tower,0,1,27,0,28,0,0,36,0,36,0,1,63,0,64,62,2,64,128
07/26/2011,BDR,CT,ANE,EN,Federal Contract Tower,0,3,18,0,21,0,0,60,0,60,0,3,78,0,81,48,0,48,129
07/27/2011,BDR,CT,ANE,EN,Federal Contract Tower,0,4,16,0,20,0,0,147,0,147,0,4,163,0,167,186,0,186,353
07/28/2011,BDR,CT,ANE,EN,Federal Contract Tower,0,7,16,0,23,0,0,92,0,92,0,7,108,0,115,132,0,132,247
07/29/2011,BDR,CT,ANE,EN,Federal Contract Tower,0,11,59,0,70,0,0,16,0,16,0,11,75,0,86,4,0,4,90
07/30/2011,BDR,CT,ANE,EN,Federal Contract Tower,0,5,18,0,23,0,0,125,0,125,0,5,143,0,148,116,0,116,264
07/31/2011,BDR,CT,ANE,EN,Federal Contract Tower,0,10,11,0,21,0,0,175,0,175,0,10,186,0,196,180,0,180,376
08/01/2011,BDR,CT,ANE,EN,Federal Contract Tower,0,1,17,0,18,0,0,77,0,77,0,1,94,0,95,74,0,74,169
08/02/2011,BDR,CT,ANE,EN,Federal Contract Tower,0,5,14,4,23,0,0,93,0,93,0,5,107,4,116,146,0,146,262
08/03/2011,BDR,CT,ANE,EN,Federal Contract Tower,0,6,14,0,20,0,0,97,0,97,0,6,111,0,117,128,0,128,245
08/04/2011,BDR,CT,ANE,EN,Federal Contract Tower,0,6,21,0,27,0,0,87,0,87,0,6,108,0,114,102,0,102,216
08/05/2011,BDR,CT,ANE,EN,Federal Contract Tower,0,4,30,2,36,0,0,96,0,96,0,4,126,2,132,260,0,260,392
08/06/2011,BDR,CT,ANE,EN,Federal Contract Tower,0,8,12,0,20,0,0,77,0,77,0,8,89,0,97,156,0,156,253
08/07/2011,BDR,CT,ANE,EN,Federal Contract Tower,0,0,26,0,26,0,0,24,0,24,0,0,50,0,50,4,0,4,54
08/08/2011,BDR,CT,ANE,EN,Federal Contract Tower,0,1,19,0,20,0,0,69,0,69,0,1,88,0,89,92,0,92,181
08/09/2011,BDR,CT,ANE,EN,Federal Contract Tower,0,11,18,0,29,0,0,27,0,27,0,11,45,0,56,40,0,40,96
08/10/2011,BDR,CT,ANE,EN,Federal Contract Tower,0,5,10,0,15,0,0,104,0,104,0,5,114,0,119,66,0,66,185
08/11/2011,BDR,CT,ANE,EN,Federal Contract Tower,0,7,20,0,27,0,0,121,0,121,0,7,141,0,148,102,0,102,250
08/12/2011,BDR,CT,ANE,EN,Federal Contract Tower,0,1,21,0,22,0,0,166,1,167,0,1,187,1,189,198,2,200,389
08/13/2011,BDR,CT,ANE,EN,Federal Contract Tower,0,0,8,0,8,0,0,141,0,141,0,0,149,0,149,134,0,134,283
08/14/2011,BDR,CT,ANE,EN,Federal Contract Tower,0,3,28,0,31,0,0,4,0,4,0,3,32,0,35,0,0,0,35
08/15/2011,BDR,CT,ANE,EN,Federal Contract Tower,0,7,32,0,39,0,0,5,0,5,0,7,37,0,44,0,0,0,44
08/16/2011,BDR,CT,ANE,EN,Federal Contract Tower,0,9,28,0,37,0,0,72,0,72,0,9,100,0,109,42,0,42,151
08/17/2011,BDR,CT,ANE,EN,Federal Contract Tower,0,4,15,0,19,0,2,153,0,155,0,6,168,0,174,144,0,144,318
08/18/2011,BDR,CT,ANE,EN,Federal Contract Tower,0,1,17,0,18,0,0,66,0,66,0,1,83,0,84,166,0,166,250
08/19/2011,BDR,CT,ANE,EN,Federal Contract Tower,0,7,22,0,29,0,0,67,0,67,0,7,89,0,96,182,0,182,278
08/20/2011,BDR,CT,ANE,EN,Federal Contract Tower,0,2,13,0,15,0,1,138,0,139,0,3,151,0,154,190,0,190,344
08/21/2011,BDR,CT,ANE,EN,Federal Contract Tower,0,3,22,0,25,0,0,83,0,83,0,3,105,0,108,104,0,104,212
08/22/2011,BDR,CT,ANE,EN,Federal Contract Tower,0,9,10,0,19,0,3,67,2,72,0,12,77,2,91,62,0,62,153
08/23/2011,BDR,CT,ANE,EN,Federal Contract Tower,0,7,7,2,16,0,0,93,0,93,0,7,100,2,109,42,0,42,151
08/24/2011,BDR,CT,ANE,EN,Federal Contract Tower,0,5,22,0,27,0,0,109,0,109,0,5,131,0,136,146,0,146,282
08/25/2011,BDR,CT,ANE,EN,Federal Contract Tower,0,7,39,0,46,0,0,41,0,41,0,7,80,0,87,46,0,46,133
08/26/2011,BDR,CT,ANE,EN,Federal Contract Tower,0,12,22,0,34,0,0,146,0,146,0,12,168,0,180,132,0,132,312
08/27/2011,BDR,CT,ANE,EN,Federal Contract Tower,0,14,21,0,35,0,0,0,0,0,0,14,21,0,35,0,0,0,35
08/28/2011,BDR,CT,ANE,EN,Federal Contract Tower,0,4,17,0,21,0,0,89,0,89,0,4,106,0,110,121,0,121,231
08/29/2011,BDR,CT,ANE,EN,Federal Contract Tower,0,3,14,0,17,0,0,63,0,63,0,3,77,0,80,10,0,10,90
08/30/2011,BDR,CT,ANE,EN,Federal Contract Tower,0,6,10,0,16,0,0,81,0,81,0,6,91,0,97,110,0,110,207
08/31/2011,BDR,CT,ANE,EN,Federal Contract Tower,0,5,16,0,21,0,0,76,0,76,0,5,92,0,97,126,0,126,223
09/01/2011,BDR,CT,ANE,EN,Federal Contract Tower,0,3,7,0,10,0,0,90,0,90,0,3,97,0,100,74,2,76,176
09/02/2011,BDR,CT,ANE,EN,Federal Contract Tower,0,10,15,3,28,0,0,129,0,129,0,10,144,3,157,158,0,158,315
09/03/2011,BDR,CT,ANE,EN,Federal Contract Tower,0,3,11,0,14,0,2,114,0,116,0,5,125,0,130,138,0,138,268
09/04/2011,BDR,CT,ANE,EN,Federal Contract Tower,0,0,17,0,17,0,0,59,0,59,0,0,76,0,76,94,0,94,170
09/05/2011,BDR,CT,ANE,EN,Federal Contract Tower,0,6,33,0,39,0,0,46,0,46,0,6,79,0,85,120,0,120,205
09/06/2011,BDR,CT,ANE,EN,Federal Contract Tower,0,2,20,4,26,0,0,1,0,1,0,2,21,4,27,0,0,0,27
09/07/2011,BDR,CT,ANE,EN,Federal Contract Tower,0,4,26,0,30,0,0,1,0,1,0,4,27,0,31,0,0,0,31
09/08/2011,BDR,CT,ANE,EN,Federal Contract Tower,0,6,22,2,30,0,1,61,0,62,0,7,83,2,92,54,0,54,146
09/09/2011,BDR,CT,ANE,EN,Federal Contract Tower,0,6,23,0,29,0,0,129,0,129,0,6,152,0,158,130,0,130,288
09/10/2011,BDR,CT,ANE,EN,Federal Contract Tower,0,1,9,0,10,0,0,139,0,139,0,1,148,0,149,238,0,238,387
09/11/2011,BDR,CT,ANE,EN,Federal Contract Tower,0,6,11,0,17,0,0,125,0,125,0,6,136,0,142,166,0,166,308
09/12/2011,BDR,CT,ANE,EN,Federal Contract Tower,0,13,24,0,37,0,0,64,0,64,0,13,88,0,101,0,38,38,139
09/13/2011,BDR,CT,ANE,EN,Federal Contract Tower,0,4,15,0,19,0,0,79,0,79,0,4,94,0,98,78,0,78,176
09/14/2011,BDR,CT,ANE,EN,Federal Contract Tower,0,8,14,4,26,0,0,91,0,91,0,8,105,4,117,112,2,114,231
09/15/2011,BDR,CT,ANE,EN,Federal Contract Tower,0,3,22,1,26,0,0,57,1,58,0,3,79,2,84,0,0,0,84
09/16/2011,BDR,CT,ANE,EN,Federal Contract Tower,0,10,11,0,21,0,0,110,0,110,0,10,121,0,131,116,0,116,247
09/17/2011,BDR,CT,ANE,EN,Federal Contract Tower,0,4,11,0,15,0,0,117,0,117,0,4,128,0,132,252,0,252,384
09/18/2011,BDR,CT,ANE,EN,Federal Contract Tower,0,5,8,0,13,0,0,111,0,111,0,5,119,0,124,214,0,214,338
09/19/2011,BDR,CT,ANE,EN,Federal Contract Tower,0,6,19,0,25,0,0,73,0,73,0,6,92,0,98,100,0,100,198
09/20/2011,BDR,CT,ANE,EN,Federal Contract Tower,0,4,22,0,26,0,0,17,0,17,0,4,39,0,43,44,0,44,87
09/21/2011,BDR,CT,ANE,EN,Federal Contract Tower,0,6,28,0,34,0,0,59,2,61,0,6,87,2,95,64,0,64,159
09/22/2011,BDR,CT,ANE,EN,Federal Contract Tower,0,4,38,0,42,0,0,38,0,38,0,4,76,0,80,38,2,40,120
09/23/2011,BDR,CT,ANE,EN,Federal Contract Tower,0,9,16,0,25,0,0,0,0,0,0,9,16,0,25,0,0,0,25
09/24/2011,BDR,CT,ANE,EN,Federal Contract Tower,0,1,21,0,22,0,0,51,0,51,0,1,72,0,73,84,0,84,157
09/25/2011,BDR,CT,ANE,EN,Federal Contract Tower,0,1,13,0,14,0,0,130,0,130,0,1,143,0,144,202,0,202,346
09/26/2011,BDR,CT,ANE,EN,Federal Contract Tower,0,0,12,0,12,0,2,50,0,52,0,2,62,0,64,88,0,88,152
09/27/2011,BDR,CT,ANE,EN,Federal Contract Tower,0,7,35,0,42,0,0,0,0,0,0,7,35,0,42,0,0,0,42
09/28/2011,BDR,CT,ANE,EN,Federal Contract Tower,0,5,32,4,41,0,0,10,2,12,0,5,42,6,53,4,2,6,59
09/29/2011,BDR,CT,ANE,EN,Federal Contract Tower,0,8,25,0,33,0,0,14,0,14,0,8,39,0,47,14,0,14,61
09/30/2011,BDR,CT,ANE,EN,Federal Contract Tower,0,8,22,0,30,0,2,153,0,155,0,10,175,0,185,145,0,145,330
10/01/2011,BDR,CT,ANE,EN,Federal Contract Tower,0,4,18,0,22,0,0,71,0,71,0,4,89,0,93,132,0,132,225
10/02/2011,BDR,CT,ANE,EN,Federal Contract Tower,0,3,17,0,20,0,0,100,0,100,0,3,117,0,120,228,0,228,348
10/03/2011,BDR,CT,ANE,EN,Federal Contract Tower,0,6,28,0,34,0,0,46,0,46,0,6,74,0,80,90,0,90,170
10/04/2011,BDR,CT,ANE,EN,Federal Contract Tower,0,3,22,2,27,0,1,58,0,59,0,4,80,2,86,52,0,52,138
10/05/2011,BDR,CT,ANE,EN,Federal Contract Tower,0,3,11,0,14,0,0,64,0,64,0,3,75,0,78,64,0,64,142
10/06/2011,BDR,CT,ANE,EN,Federal Contract Tower,0,8,19,0,27,0,4,119,0,123,0,12,138,0,150,86,0,86,236
10/07/2011,BDR,CT,ANE,EN,Federal Contract Tower,0,14,12,2,28,0,6,187,0,193,0,20,199,2,221,178,0,178,399
10/08/2011,BDR,CT,ANE,EN,Federal Contract Tower,0,6,8,0,14,0,1,136,0,137,0,7,144,0,151,188,0,188,339
10/09/2011,BDR,CT,ANE,EN,Federal Contract Tower,0,0,13,0,13,0,0,114,0,114,0,0,127,0,127,72,0,72,199
10/10/2011,BDR,CT,ANE,EN,Federal Contract Tower,0,7,9,0,16,0,0,149,0,149,0,7,158,0,165,66,0,66,231
10/11/2011,BDR,CT,ANE,EN,Federal Contract Tower,0,11,15,0,26,0,0,88,0,88,0,11,103,0,114,74,0,74,188
10/12/2011,BDR,CT,ANE,EN,Federal Contract Tower,0,7,19,0,26,0,0,22,0,22,0,7,41,0,48,32,2,34,82
10/13/2011,BDR,CT,ANE,EN,Federal Contract Tower,0,5,43,2,50,0,0,4,0,4,0,5,47,2,54,0,0,0,54
10/14/2011,BDR,CT,ANE,EN,Federal Contract Tower,0,12,24,4,40,0,0,9,0,9,0,12,33,4,49,0,0,0,49
10/15/2011,BDR,CT,ANE,EN,Federal Contract Tower,0,5,4,0,9,0,0,47,0,47,0,5,51,0,56,66,0,66,122
10/16/2011,BDR,CT,ANE,EN,Federal Contract Tower,0,5,15,0,20,0,0,55,0,55,0,5,70,0,75,44,0,44,119
10/17/2011,BDR,CT,ANE,EN,Federal Contract Tower,0,2,8,0,10,0,1,59,0,60,0,3,67,0,70,32,0,32,102
10/18/2011,BDR,CT,ANE,EN,Federal Contract Tower,0,8,13,4,25,0,0,98,0,98,0,8,111,4,123,136,8,144,267
10/19/2011,BDR,CT,ANE,EN,Federal Contract Tower,0,5,18,2,25,0,0,1,0,1,0,5,19,2,26,0,0,0,26
10/20/2011,BDR,CT,ANE,EN,Federal Contract Tower,0,5,16,0,21,0,3,45,0,48,0,8,61,0,69,4,0,4,73
10/21/2011,BDR,CT,ANE,EN,Federal Contract Tower,0,4,22,0,26,0,0,97,0,97,0,4,119,0,123,78,8,86,209
10/22/2011,BDR,CT,ANE,EN,Federal Contract Tower,0,4,10,0,14,0,0,167,0,167,0,4,177,0,181,188,2,190,371
10/23/2011,BDR,CT,ANE,EN,Federal Contract Tower,0,6,11,0,17,0,2,148,0,150,0,8,159,0,167,150,0,150,317
10/24/2011,BDR,CT,ANE,EN,Federal Contract Tower,0,9,17,0,26,0,0,117,0,117,0,9,134,0,143,56,0,56,199
10/25/2011,BDR,CT,ANE,EN,Federal Contract Tower,0,7,18,0,25,0,0,86,0,86,0,7,104,0,111,38,0,38,149
10/26/2011,BDR,CT,ANE,EN,Federal Contract Tower,0,8,23,0,31,0,0,66,0,66,0,8,89,0,97,116,0,116,213
10/27/2011,BDR,CT,ANE,EN,Federal Contract Tower,0,7,16,0,23,0,0,0,0,0,0,7,16,0,23,0,0,0,23
10/28/2011,BDR,CT,ANE,EN,Federal Contract Tower,0,9,20,0,29,0,0,131,0,131,0,9,151,0,160,196,6,202,362
10/29/2011,BDR,CT,ANE,EN,Federal Contract Tower,0,2,4,0,6,0,0,17,0,17,0,2,21,0,23,34,0,34,57
10/30/2011,BDR,CT,ANE,EN,Federal Contract Tower,0,4,10,0,14,0,0,59,0,59,0,4,69,0,73,22,0,22,95
10/31/2011,BDR,CT,ANE,EN,Federal Contract Tower,0,4,13,0,17,0,0,62,0,62,0,4,75,0,79,177,0,177,256
11/01/2011,BDR,CT,ANE,EN,Federal Contract Tower,0,6,17,0,23,0,0,102,0,102,0,6,119,0,125,132,0,132,257
11/02/2011,BDR,CT,ANE,EN,Federal Contract Tower,0,2,23,0,25,0,0,90,0,90,0,2,113,0,115,134,0,134,249
11/03/2011,BDR,CT,ANE,EN,Federal Contract Tower,0,6,24,0,30,0,0,83,0,83,0,6,107,0,113,132,0,132,245
11/04/2011,BDR,CT,ANE,EN,Federal Contract Tower,0,9,20,0,29,0,0,76,0,76,0,9,96,0,105,64,0,64,169
11/05/2011,BDR,CT,ANE,EN,Federal Contract Tower,0,5,9,0,14,0,0,140,2,142,0,5,149,2,156,122,0,122,278
11/06/2011,BDR,CT,ANE,EN,Federal Contract Tower,0,6,16,0,22,0,0,132,0,132,0,6,148,0,154,126,0,126,280
11/07/2011,BDR,CT,ANE,EN,Federal Contract Tower,0,8,13,0,21,0,95,0,0,95,0,103,13,0,116,60,0,60,176
11/08/2011,BDR,CT,ANE,EN,Federal Contract Tower,0,4,13,0,17,0,0,90,0,90,0,4,103,0,107,96,0,96,203
11/09/2011,BDR,CT,ANE,EN,Federal Contract Tower,0,6,24,0,30,0,0,29,0,29,0,6,53,0,59,18,0,18,77
11/10/2011,BDR,CT,ANE,EN,Federal Contract Tower,0,5,29,0,34,0,0,5,0,5,0,5,34,0,39,0,0,0,39
11/11/2011,BDR,CT,ANE,EN,Federal Contract Tower,0,4,6,0,10,0,0,48,0,48,0,4,54,0,58,56,0,56,114
11/12/2011,BDR,CT,ANE,EN,Federal Contract Tower,0,2,12,0,14,0,0,108,0,108,0,2,120,0,122,112,0,112,234
11/13/2011,BDR,CT,ANE,EN,Federal Contract Tower,0,5,9,0,14,0,0,114,0,114,0,5,123,0,128,124,0,124,252
11/14/2011,BDR,CT,ANE,EN,Federal Contract Tower,0,1,8,2,11,0,0,56,0,56,0,1,64,2,67,66,0,66,133
11/15/2011,BDR,CT,ANE,EN,Federal Contract Tower,0,6,11,0,17,0,0,55,0,55,0,6,66,0,72,56,0,56,128
11/16/2011,BDR,CT,ANE,EN,Federal Contract Tower,0,4,51,4,59,0,0,6,0,6,0,4,57,4,65,14,0,14,79
11/17/2011,BDR,CT,ANE,EN,Federal Contract Tower,0,4,15,0,19,0,0,51,2,53,0,4,66,2,72,76,0,76,148
11/18/2011,BDR,CT,ANE,EN,Federal Contract Tower,0,5,17,1,23,0,0,106,0,106,0,5,123,1,129,138,0,138,267
11/19/2011,BDR,CT,ANE,EN,Federal Contract Tower,0,4,10,0,14,0,0,102,0,102,0,4,112,0,116,156,0,156,272
11/20/2011,BDR,CT,ANE,EN,Federal Contract Tower,0,1,16,0,17,0,0,112,0,112,0,1,128,0,129,104,0,104,233
11/21/2011,BDR,CT,ANE,EN,Federal Contract Tower,0,7,13,0,20,0,0,37,0,37,0,7,50,0,57,29,0,29,86
11/22/2011,BDR,CT,ANE,EN,Federal Contract Tower,0,11,27,0,38,0,0,33,0,33,0,11,60,0,71,94,0,94,165
11/23/2011,BDR,CT,ANE,EN,Federal Contract Tower,0,7,23,0,30,0,0,11,0,11,0,7,34,0,41,10,0,10,51
11/24/2011,BDR,CT,ANE,EN,Federal Contract Tower,0,3,7,0,10,0,0,60,0,60,0,3,67,0,70,96,0,96,166
11/25/2011,BDR,CT,ANE,EN,Federal Contract Tower,0,5,3,0,8,0,0,111,0,111,0,5,114,0,119,226,0,226,345
11/26/2011,BDR,CT,ANE,EN,Federal Contract Tower,0,3,7,0,10,0,0,116,0,116,0,3,123,0,126,110,0,110,236
11/27/2011,BDR,CT,ANE,EN,Federal Contract Tower,0,15,21,0,36,0,0,57,0,57,0,15,78,0,93,64,0,64,157
11/28/2011,BDR,CT,ANE,EN,Federal Contract Tower,0,12,13,0,25,0,0,45,0,45,0,12,58,0,70,82,0,82,152
11/29/2011,BDR,CT,ANE,EN,Federal Contract Tower,0,3,21,0,24,0,0,19,0,19,0,3,40,0,43,14,0,14,57
11/30/2011,BDR,CT,ANE,EN,Federal Contract Tower,0,9,14,0,23,0,0,93,0,93,0,9,107,0,116,48,0,48,164
12/01/2011,BDR,CT,ANE,EN,Federal Contract Tower,0,8,7,0,15,0,0,88,0,88,0,8,95,0,103,96,2,98,201
12/02/2011,BDR,CT,ANE,EN,Federal Contract Tower,0,2,8,0,10,0,2,117,0,119,0,4,125,0,129,150,2,152,281
12/03/2011,BDR,CT,ANE,EN,Federal Contract Tower,0,0,7,0,7,0,0,147,0,147,0,0,154,0,154,154,0,154,308
12/04/2011,BDR,CT,ANE,EN,Federal Contract Tower,0,3,17,0,20,0,0,120,0,120,0,3,137,0,140,236,0,236,376
12/05/2011,BDR,CT,ANE,EN,Federal Contract Tower,0,0,11,0,11,0,0,0,0,0,0,0,11,0,11,0,0,0,11
12/06/2011,BDR,CT,ANE,EN,Federal Contract Tower,0,4,20,0,24,0,0,0,0,0,0,4,20,0,24,0,0,0,24
12/07/2011,BDR,CT,ANE,EN,Federal Contract Tower,0,2,13,0,15,0,0,1,0,1,0,2,14,0,16,0,0,0,16
12/08/2011,BDR,CT,ANE,EN,Federal Contract Tower,0,4,21,0,25,0,0,85,0,85,0,4,106,0,110,106,2,108,218
12/09/2011,BDR,CT,ANE,EN,Federal Contract Tower,0,12,11,0,23,0,0,118,0,118,0,12,129,0,141,171,0,171,312
12/10/2011,BDR,CT,ANE,EN,Federal Contract Tower,0,2,15,0,17,0,0,105,0,105,0,2,120,0,122,124,0,124,246
12/11/2011,BDR,CT,ANE,EN,Federal Contract Tower,0,3,2,0,5,0,0,125,0,125,0,3,127,0,130,160,0,160,290
12/12/2011,BDR,CT,ANE,EN,Federal Contract Tower,0,4,17,0,21,0,0,30,0,30,0,4,47,0,51,48,0,48,99
12/13/2011,BDR,CT,ANE,EN,Federal Contract Tower,0,5,15,0,20,0,0,66,0,66,0,5,81,0,86,96,0,96,182
12/14/2011,BDR,CT,ANE,EN,Federal Contract Tower,0,1,22,0,23,0,1,57,0,58,0,2,79,0,81,84,0,84,165
12/15/2011,BDR,CT,ANE,EN,Federal Contract Tower,0,5,16,0,21,0,0,37,2,39,0,5,53,2,60,44,0,44,104
12/16/2011,BDR,CT,ANE,EN,Federal Contract Tower,0,5,18,2,25,0,0,75,1,76,0,5,93,3,101,86,0,86,187
12/17/2011,BDR,CT,ANE,EN,Federal Contract Tower,0,6,17,0,23,0,0,76,0,76,0,6,93,0,99,144,2,146,245
12/18/2011,BDR,CT,ANE,EN,Federal Contract Tower,0,2,4,0,6,0,0,117,0,117,0,2,121,0,123,160,0,160,283
12/19/2011,BDR,CT,ANE,EN,Federal Contract Tower,0,0,10,0,10,0,0,53,0,53,0,0,63,0,63,32,0,32,95
12/20/2011,BDR,CT,ANE,EN,Federal Contract Tower,0,4,23,0,27,0,0,78,0,78,0,4,101,0,105,70,0,70,175
12/21/2011,BDR,CT,ANE,EN,Federal Contract Tower,0,5,14,0,19,0,0,0,0,0,0,5,14,0,19,0,0,0,19
12/22/2011,BDR,CT,ANE,EN,Federal Contract Tower,0,6,19,4,29,0,0,89,0,89,0,6,108,4,118,98,0,98,216
12/23/2011,BDR,CT,ANE,EN,Federal Contract Tower,0,2,12,4,18,0,0,46,2,48,0,2,58,6,66,78,0,78,144
12/24/2011,BDR,CT,ANE,EN,Federal Contract Tower,0,0,6,0,6,0,0,36,0,36,0,0,42,0,42,40,0,40,82
12/25/2011,BDR,CT,ANE,EN,Federal Contract Tower,0,1,1,0,2,0,0,25,0,25,0,1,26,0,27,46,0,46,73
12/26/2011,BDR,CT,ANE,EN,Federal Contract Tower,0,3,10,0,13,0,0,58,0,58,0,3,68,0,71,26,0,26,97
12/27/2011,BDR,CT,ANE,EN,Federal Contract Tower,0,3,8,0,11,0,0,55,0,55,0,3,63,0,66,94,0,94,160
12/28/2011,BDR,CT,ANE,EN,Federal Contract Tower,0,5,13,0,18,0,0,34,0,34,0,5,47,0,52,40,0,40,92
12/29/2011,BDR,CT,ANE,EN,Federal Contract Tower,0,4,25,1,30,0,0,94,0,94,0,4,119,1,124,122,0,122,246
12/30/2011,BDR,CT,ANE,EN,Federal Contract Tower,0,4,13,0,17,0,0,90,0,90,0,4,103,0,107,132,0,132,239
12/31/2011,BDR,CT,ANE,EN,Federal Contract Tower,0,3,10,0,13,0,0,32,0,32,0,3,42,0,45,74,4,78,123
01/01/2012,BDR,CT,ANE,EN,Federal Contract Tower,0,2,9,0,11,0,0,53,0,53,0,2,62,0,64,74,0,74,138
01/02/2012,BDR,CT,ANE,EN,Federal Contract Tower,0,6,10,0,16,0,0,55,0,55,0,6,65,0,71,54,0,54,125
01/03/2012,BDR,CT,ANE,EN,Federal Contract Tower,0,2,10,0,12,0,0,32,0,32,0,2,42,0,44,10,2,12,56
01/04/2012,BDR,CT,ANE,EN,Federal Contract Tower,0,5,14,0,19,0,0,49,0,49,0,5,63,0,68,70,0,70,138
01/05/2012,BDR,CT,ANE,EN,Federal Contract Tower,0,5,29,0,34,0,0,64,0,64,0,5,93,0,98,78,0,78,176
01/06/2012,BDR,CT,ANE,EN,Federal Contract Tower,0,2,20,0,22,0,0,108,1,109,0,2,128,1,131,120,2,122,253
01/07/2012,BDR,CT,ANE,EN,Federal Contract Tower,0,1,17,0,18,0,0,162,0,162,0,1,179,0,180,210,0,210,390
01/08/2012,BDR,CT,ANE,EN,Federal Contract Tower,0,1,5,0,6,0,0,73,0,73,0,1,78,0,79,84,0,84,163
01/09/2012,BDR,CT,ANE,EN,Federal Contract Tower,0,3,13,0,16,0,0,53,0,53,0,3,66,0,69,42,0,42,111
01/10/2012,BDR,CT,ANE,EN,Federal Contract Tower,0,1,17,0,18,0,0,63,0,63,0,1,80,0,81,92,0,92,173
01/11/2012,BDR,CT,ANE,EN,Federal Contract Tower,0,9,17,2,28,0,0,73,0,73,0,9,90,2,101,98,0,98,199
01/12/2012,BDR,CT,ANE,EN,Federal Contract Tower,0,1,14,0,15,0,0,10,0,10,0,1,24,0,25,2,0,2,27
01/13/2012,BDR,CT,ANE,EN,Federal Contract Tower,0,6,13,0,19,0,0,16,0,16,0,6,29,0,35,0,0,0,35
01/14/2012,BDR,CT,ANE,EN,Federal Contract Tower,0,0,8,0,8,0,0,58,0,58,0,0,66,0,66,120,0,120,186
01/15/2012,BDR,CT,ANE,EN,Federal Contract Tower,0,0,8,0,8,0,0,57,0,57,0,0,65,0,65,84,0,84,149
01/16/2012,BDR,CT,ANE,EN,Federal Contract Tower,0,8,10,0,18,0,0,85,0,85,0,8,95,0,103,96,0,96,199
01/17/2012,BDR,CT,ANE,EN,Federal Contract Tower,0,2,15,0,17,0,0,0,0,0,0,2,15,0,17,0,0,0,17
01/18/2012,BDR,CT,ANE,EN,Federal Contract Tower,0,6,15,4,25,0,0,37,0,37,0,6,52,4,62,36,0,36,98
01/19/2012,BDR,CT,ANE,EN,Federal Contract Tower,0,3,25,0,28,0,0,63,0,63,0,3,88,0,91,108,0,108,199
01/20/2012,BDR,CT,ANE,EN,Federal Contract Tower,0,5,20,0,25,0,0,68,0,68,0,5,88,0,93,134,4,138,231
01/21/2012,BDR,CT,ANE,EN,Federal Contract Tower,0,1,0,0,1,0,0,0,0,0,0,1,0,0,1,0,0,0,1
01/22/2012,BDR,CT,ANE,EN,Federal Contract Tower,0,2,6,0,8,0,0,19,0,19,0,2,25,0,27,40,0,40,67
01/23/2012,BDR,CT,ANE,EN,Federal Contract Tower,0,0,6,4,10,0,0,0,0,0,0,0,6,4,10,0,0,0,10
01/24/2012,BDR,CT,ANE,EN,Federal Contract Tower,0,5,21,0,26,0,0,53,0,53,0,5,74,0,79,138,0,138,217
01/25/2012,BDR,CT,ANE,EN,Federal Contract Tower,0,4,17,0,21,0,0,87,0,87,0,4,104,0,108,148,0,148,256
01/26/2012,BDR,CT,ANE,EN,Federal Contract Tower,0,3,20,0,23,0,0,45,0,45,0,3,65,0,68,76,0,76,144
01/27/2012,BDR,CT,ANE,EN,Federal Contract Tower,0,3,13,0,16,0,0,0,0,0,0,3,13,0,16,0,0,0,16
01/28/2012,BDR,CT,ANE,EN,Federal Contract Tower,0,2,8,0,10,0,0,136,0,136,0,2,144,0,146,210,2,212,358
01/29/2012,BDR,CT,ANE,EN,Federal Contract Tower,0,3,9,0,12,0,0,115,0,115,0,3,124,0,127,128,0,128,255
01/30/2012,BDR,CT,ANE,EN,Federal Contract Tower,0,2,9,0,11,0,0,41,0,41,0,2,50,0,52,62,0,62,114
01/31/2012,BDR,CT,ANE,EN,Federal Contract Tower,0,3,20,0,23,0,0,83,2,85,0,3,103,2,108,106,0,106,214
02/01/2012,BDR,CT,ANE,EN,Federal Contract Tower,0,10,20,0,30,0,0,85,0,85,0,10,105,0,115,84,0,84,199
02/02/2012,BDR,CT,ANE,EN,Federal Contract Tower,0,3,15,0,18,0,0,63,0,63,0,3,78,0,81,96,0,96,177
02/03/2012,BDR,CT,ANE,EN,Federal Contract Tower,0,5,17,0,22,0,0,99,0,99,0,5,116,0,121,126,0,126,247
02/04/2012,BDR,CT,ANE,EN,Federal Contract Tower,0,2,9,0,11,0,0,177,0,177,0,2,186,0,188,238,0,238,426
02/05/2012,BDR,CT,ANE,EN,Federal Contract Tower,0,9,10,0,19,0,0,110,0,110,0,9,120,0,129,194,0,194,323
02/06/2012,BDR,CT,ANE,EN,Federal Contract Tower,0,4,23,0,27,0,0,55,0,55,0,4,78,0,82,116,0,116,198
02/07/2012,BDR,CT,ANE,EN,Federal Contract Tower,0,5,19,2,26,0,1,85,0,86,0,6,104,2,112,76,0,76,188
02/08/2012,BDR,CT,ANE,EN,Federal Contract Tower,0,7,15,4,26,0,1,34,0,35,0,8,49,4,61,86,0,86,147
02/09/2012,BDR,CT,ANE,EN,Federal Contract Tower,0,4,28,0,32,0,1,81,0,82,0,5,109,0,114,96,0,96,210
02/10/2012,BDR,CT,ANE,EN,Federal Contract Tower,0,2,16,0,18,0,0,112,0,112,0,2,128,0,130,112,0,112,242
02/11/2012,BDR,CT,ANE,EN,Federal Contract Tower,0,0,4,0,4,0,0,8,0,8,0,0,12,0,12,48,0,48,60
02/12/2012,BDR,CT,ANE,EN,Federal Contract Tower,0,5,12,0,17,0,0,29,0,29,0,5,41,0,46,46,0,46,92
02/13/2012,BDR,CT,ANE,EN,Federal Contract Tower,0,1,6,2,9,0,0,24,0,24,0,1,30,2,33,32,0,32,65
02/14/2012,BDR,CT,ANE,EN,Federal Contract Tower,0,2,12,0,14,0,0,69,0,69,0,2,81,0,83,68,0,68,151
02/15/2012,BDR,CT,ANE,EN,Federal Contract Tower,0,9,18,0,27,0,43,0,0,43,0,52,18,0,70,74,0,74,144
02/16/2012,BDR,CT,ANE,EN,Federal Contract Tower,0,14,17,2,33,0,0,43,0,43,0,14,60,2,76,70,0,70,146
02/17/2012,BDR,CT,ANE,EN,Federal Contract Tower,0,14,25,0,39,0,0,85,0,85,0,14,110,0,124,152,0,152,276
02/18/2012,BDR,CT,ANE,EN,Federal Contract Tower,0,7,8,0,15,0,0,133,0,133,0,7,141,0,148,162,0,162,310
02/19/2012,BDR,CT,ANE,EN,Federal Contract Tower,0,1,9,0,10,0,11,96,0,107,0,12,105,0,117,86,0,86,203
02/20/2012,BDR,CT,ANE,EN,Federal Contract Tower,0,3,11,0,14,0,0,79,0,79,0,3,90,0,93,98,0,98,191
02/21/2012,BDR,CT,ANE,EN,Federal Contract Tower,0,9,19,2,30,0,0,59,0,59,0,9,78,2,89,70,0,70,159
02/22/2012,BDR,CT,ANE,EN,Federal Contract Tower,0,9,37,0,46,0,0,68,0,68,0,9,105,0,114,44,0,44,158
02/23/2012,BDR,CT,ANE,EN,Federal Contract Tower,0,10,23,0,33,0,1,50,0,51,0,11,73,0,84,46,0,46,130
02/24/2012,BDR,CT,ANE,EN,Federal Contract Tower,0,5,12,0,17,0,0,0,0,0,0,5,12,0,17,0,0,0,17
02/25/2012,BDR,CT,ANE,EN,Federal Contract Tower,0,3,0,0,3,0,7,0,0,7,0,10,0,0,10,0,0,0,10
02/26/2012,BDR,CT,ANE,EN,Federal Contract Tower,0,13,9,0,22,0,0,114,0,114,0,13,123,0,136,140,0,140,276
02/27/2012,BDR,CT,ANE,EN,Federal Contract Tower,0,1,12,0,13,0,0,44,0,44,0,1,56,0,57,48,0,48,105
02/28/2012,BDR,CT,ANE,EN,Federal Contract Tower,0,2,21,2,25,0,0,55,0,55,0,2,76,2,80,56,0,56,136
02/29/2012,BDR,CT,ANE,EN,Federal Contract Tower,0,5,4,0,9,0,0,8,0,8,0,5,12,0,17,0,0,0,17
03/01/2012,BDR,CT,ANE,EN,Federal Contract Tower,7,8,2,0,17,0,0,1,0,1,7,8,3,0,18,0,4,4,22
03/02/2012,BDR,CT,ANE,EN,Federal Contract Tower,0,6,19,1,26,0,0,44,0,44,0,6,63,1,70,106,0,106,176
03/03/2012,BDR,CT,ANE,EN,Federal Contract Tower,0,4,5,0,9,0,0,13,0,13,0,4,18,0,22,14,0,14,36
03/04/2012,BDR,CT,ANE,EN,Federal Contract Tower,0,7,7,0,14,0,0,93,0,93,0,7,100,0,107,184,0,184,291
03/05/2012,BDR,CT,ANE,EN,Federal Contract Tower,0,0,5,2,7,0,0,56,0,56,0,0,61,2,63,48,0,48,111
03/06/2012,BDR,CT,ANE,EN,Federal Contract Tower,0,6,13,0,19,0,0,59,0,59,0,6,72,0,78,76,0,76,154
03/07/2012,BDR,CT,ANE,EN,Federal Contract Tower,0,4,15,0,19,0,0,81,0,81,0,4,96,0,100,90,0,90,190
03/08/2012,BDR,CT,ANE,EN,Federal Contract Tower,0,11,17,0,28,0,0,42,0,42,0,11,59,0,70,6,0,6,76
03/09/2012,BDR,CT,ANE,EN,Federal Contract Tower,0,10,11,4,25,0,0,74,0,74,0,10,85,4,99,124,0,124,223
03/10/2012,BDR,CT,ANE,EN,Federal Contract Tower,0,2,7,0,9,0,0,86,0,86,0,2,93,0,95,102,0,102,197
03/11/2012,BDR,CT,ANE,EN,Federal Contract Tower,0,10,8,0,18,0,0,113,0,113,0,10,121,0,131,154,0,154,285
03/12/2012,BDR,CT,ANE,EN,Federal Contract Tower,0,2,11,0,13,0,1,44,0,45,0,3,55,0,58,110,0,110,168
03/13/2012,BDR,CT,ANE,EN,Federal Contract Tower,0,11,17,0,28,0,0,55,0,55,0,11,72,0,83,98,0,98,181
03/14/2012,BDR,CT,ANE,EN,Federal Contract Tower,0,6,22,0,28,0,0,95,0,95,0,6,117,0,123,144,0,144,267
03/15/2012,BDR,CT,ANE,EN,Federal Contract Tower,0,11,27,0,38,0,0,22,0,22,0,11,49,0,60,8,0,8,68
03/16/2012,BDR,CT,ANE,EN,Federal Contract Tower,0,8,16,0,24,0,0,0,0,0,0,8,16,0,24,0,0,0,24
03/17/2012,BDR,CT,ANE,EN,Federal Contract Tower,0,2,15,0,17,0,0,104,0,104,0,2,119,0,121,158,0,158,279
03/18/2012,BDR,CT,ANE,EN,Federal Contract Tower,0,2,21,0,23,0,0,50,0,50,0,2,71,0,73,18,0,18,91
03/19/2012,BDR,CT,ANE,EN,Federal Contract Tower,0,4,11,0,15,0,0,36,0,36,0,4,47,0,51,94,0,94,145
03/20/2012,BDR,CT,ANE,EN,Federal Contract Tower,0,12,28,0,40,0,0,38,0,38,0,12,66,0,78,86,0,86,164
03/21/2012,BDR,CT,ANE,EN,Federal Contract Tower,0,5,26,0,31,0,0,34,0,34,0,5,60,0,65,52,0,52,117
03/22/2012,BDR,CT,ANE,EN,Federal Contract Tower,0,4,13,0,17,0,1,37,0,38,0,5,50,0,55,38,0,38,93
03/23/2012,BDR,CT,ANE,EN,Federal Contract Tower,0,3,10,0,13,0,0,101,0,101,0,3,111,0,114,160,0,160,274
03/24/2012,BDR,CT,ANE,EN,Federal Contract Tower,0,1,8,0,9,0,0,106,0,106,0,1,114,0,115,168,0,168,283
03/25/2012,BDR,CT,ANE,EN,Federal Contract Tower,0,1,33,0,34,0,0,25,0,25,0,1,58,0,59,84,0,84,143
03/26/2012,BDR,CT,ANE,EN,Federal Contract Tower,0,2,7,0,9,0,0,27,0,27,0,2,34,0,36,10,0,10,46
03/27/2012,BDR,CT,ANE,EN,Federal Contract Tower,0,3,22,0,25,0,0,55,0,55,0,3,77,0,80,38,0,38,118
03/28/2012,BDR,CT,ANE,EN,Federal Contract Tower,0,9,25,0,34,0,0,35,0,35,0,9,60,0,69,0,0,0,69
03/29/2012,BDR,CT,ANE,EN,Federal Contract Tower,0,5,10,0,15,0,0,33,0,33,0,5,43,0,48,48,0,48,96
03/30/2012,BDR,CT,ANE,EN,Federal Contract Tower,0,3,19,0,22,0,0,113,0,113,0,3,132,0,135,132,0,132,267
03/31/2012,BDR,CT,ANE,EN,Federal Contract Tower,0,0,4,0,4,0,0,1,0,1,0,0,5,0,5,0,0,0,5
04/01/2012,BDR,CT,ANE,EN,Federal Contract Tower,0,8,11,0,19,0,0,77,0,77,0,8,88,0,96,112,0,112,208
04/02/2012,BDR,CT,ANE,EN,Federal Contract Tower,0,8,11,0,19,0,0,25,0,25,0,8,36,0,44,16,0,16,60
04/03/2012,BDR,CT,ANE,EN,Federal Contract Tower,0,7,10,0,17,0,0,59,0,59,0,7,69,0,76,126,0,126,202
04/04/2012,BDR,CT,ANE,EN,Federal Contract Tower,0,5,16,0,21,0,0,54,0,54,0,5,70,0,75,94,0,94,169
04/05/2012,BDR,CT,ANE,EN,Federal Contract Tower,0,15,13,0,28,0,3,96,2,101,0,18,109,2,129,106,4,110,239
04/06/2012,BDR,CT,ANE,EN,Federal Contract Tower,0,7,4,0,11,0,3,117,0,120,0,10,121,0,131,98,0,98,229
04/07/2012,BDR,CT,ANE,EN,Federal Contract Tower,0,3,8,0,11,0,1,111,0,112,0,4,119,0,123,146,0,146,269
04/08/2012,BDR,CT,ANE,EN,Federal Contract Tower,0,6,8,0,14,0,0,81,0,81,0,6,89,0,95,10,0,10,105
04/09/2012,BDR,CT,ANE,EN,Federal Contract Tower,0,11,15,0,26,0,0,31,0,31,0,11,46,0,57,6,0,6,63
04/10/2012,BDR,CT,ANE,EN,Federal Contract Tower,0,4,14,0,18,0,1,59,0,60,0,5,73,0,78,52,0,52,130
04/11/2012,BDR,CT,ANE,EN,Federal Contract Tower,0,3,22,0,25,0,0,47,0,47,0,3,69,0,72,68,0,68,140
04/12/2012,BDR,CT,ANE,EN,Federal Contract Tower,0,2,9,0,11,0,2,62,0,64,0,4,71,0,75,28,0,28,103
04/13/2012,BDR,CT,ANE,EN,Federal Contract Tower,0,6,15,3,24,0,0,115,0,115,0,6,130,3,139,98,0,98,237
04/14/2012,BDR,CT,ANE,EN,Federal Contract Tower,0,2,7,0,9,0,0,130,0,130,0,2,137,0,139,134,0,134,273
04/15/2012,BDR,CT,ANE,EN,Federal Contract Tower,0,4,12,0,16,0,0,90,0,90,0,4,102,0,106,108,0,108,214
04/16/2012,BDR,CT,ANE,EN,Federal Contract Tower,0,5,10,2,17,0,70,13,0,83,0,75,23,2,100,104,0,104,204
04/17/2012,BDR,CT,ANE,EN,Federal Contract Tower,0,6,13,0,19,0,1,75,0,76,0,7,88,0,95,32,2,34,129
04/18/2012,BDR,CT,ANE,EN,Federal Contract Tower,0,6,11,0,17,0,0,74,0,74,0,6,85,0,91,66,4,70,161
04/19/2012,BDR,CT,ANE,EN,Federal Contract Tower,0,8,11,0,19,0,2,110,0,112,0,10,121,0,131,160,4,164,295
04/20/2012,BDR,CT,ANE,EN,Federal Contract Tower,0,2,15,2,19,0,0,136,1,137,0,2,151,3,156,138,0,138,294
04/21/2012,BDR,CT,ANE,EN,Federal Contract Tower,0,4,24,0,28,0,0,62,0,62,0,4,86,0,90,88,2,90,180
04/22/2012,BDR,CT,ANE,EN,Federal Contract Tower,0,8,20,0,28,0,0,2,0,2,0,8,22,0,30,28,0,28,58
04/23/2012,BDR,CT,ANE,EN,Federal Contract Tower,0,17,23,0,40,0,0,2,0,2,0,17,25,0,42,0,0,0,42
04/24/2012,BDR,CT,ANE,EN,Federal Contract Tower,0,1,22,4,27,0,0,11,0,11,0,1,33,4,38,18,0,18,56
04/25/2012,BDR,CT,ANE,EN,Federal Contract Tower,0,5,23,0,28,0,0,73,0,73,0,5,96,0,101,104,0,104,205
04/26/2012,BDR,CT,ANE,EN,Federal Contract Tower,0,19,9,0,28,0,0,51,0,51,0,19,60,0,79,94,0,94,173
04/27/2012,BDR,CT,ANE,EN,Federal Contract Tower,0,5,13,0,18,0,0,49,0,49,0,5,62,0,67,32,0,32,99
04/28/2012,BDR,CT,ANE,EN,Federal Contract Tower,0,1,9,0,10,0,1,121,0,122,0,2,130,0,132,140,0,140,272
04/29/2012,BDR,CT,ANE,EN,Federal Contract Tower,0,2,15,0,17,0,0,106,0,106,0,2,121,0,123,56,0,56,179
04/30/2012,BDR,CT,ANE,EN,Federal Contract Tower,0,2,18,0,20,0,3,63,0,66,0,5,81,0,86,76,0,76,162
05/01/2012,BDR,CT,ANE,EN,Federal Contract Tower,0,7,26,2,35,0,0,18,0,18,0,7,44,2,53,30,0,30,83
05/02/2012,BDR,CT,ANE,EN,Federal Contract Tower,0,8,41,4,53,0,0,30,0,30,0,8,71,4,83,0,0,0,83
05/03/2012,BDR,CT,ANE,EN,Federal Contract Tower,0,13,14,2,29,0,0,0,0,0,0,13,14,2,29,0,0,0,29
05/04/2012,BDR,CT,ANE,EN,Federal Contract Tower,0,8,23,0,31,0,0,31,0,31,0,8,54,0,62,38,0,38,100
05/05/2012,BDR,CT,ANE,EN,Federal Contract Tower,0,3,19,0,22,0,0,40,0,40,0,3,59,0,62,70,0,70,132
05/06/2012,BDR,CT,ANE,EN,Federal Contract Tower,0,5,24,0,29,0,1,106,2,109,0,6,130,2,138,130,0,130,268
05/07/2012,BDR,CT,ANE,EN,Federal Contract Tower,0,5,17,4,26,0,0,82,0,82,0,5,99,4,108,92,0,92,200
05/08/2012,BDR,CT,ANE,EN,Federal Contract Tower,0,6,15,0,21,0,0,59,0,59,0,6,74,0,80,66,0,66,146
05/09/2012,BDR,CT,ANE,EN,Federal Contract Tower,0,3,16,0,19,0,0,0,0,0,0,3,16,0,19,0,0,0,19
05/10/2012,BDR,CT,ANE,EN,Federal Contract Tower,0,5,9,0,14,0,0,56,0,56,0,5,65,0,70,90,2,92,162
05/11/2012,BDR,CT,ANE,EN,Federal Contract Tower,0,9,13,0,22,0,0,117,0,117,0,9,130,0,139,112,0,112,251
05/12/2012,BDR,CT,ANE,EN,Federal Contract Tower,0,1,10,0,11,0,0,158,0,158,0,1,168,0,169,186,0,186,355
05/13/2012,BDR,CT,ANE,EN,Federal Contract Tower,0,3,9,0,12,0,1,120,0,121,0,4,129,0,133,70,0,70,203
05/14/2012,BDR,CT,ANE,EN,Federal Contract Tower,0,13,20,0,33,0,0,70,0,70,0,13,90,0,103,154,0,154,257
05/15/2012,BDR,CT,ANE,EN,Federal Contract Tower,0,6,29,0,35,0,0,9,0,9,0,6,38,0,44,0,0,0,44
05/16/2012,BDR,CT,ANE,EN,Federal Contract Tower,0,5,33,0,38,0,0,30,2,32,0,5,63,2,70,50,0,50,120
05/17/2012,BDR,CT,ANE,EN,Federal Contract Tower,0,5,13,4,22,0,2,121,2,125,0,7,134,6,147,132,0,132,279
05/18/2012,BDR,CT,ANE,EN,Federal Contract Tower,0,8,12,2,22,0,0,123,0,123,0,8,135,2,145,146,0,146,291
05/19/2012,BDR,CT,ANE,EN,Federal Contract Tower,0,0,16,0,16,0,0,144,0,144,0,0,160,0,160,138,0,138,298
05/20/2012,BDR,CT,ANE,EN,Federal Contract Tower,0,3,12,0,15,0,1,124,0,125,0,4,136,0,140,132,0,132,272
05/21/2012,BDR,CT,ANE,EN,Federal Contract Tower,0,6,13,2,21,0,0,1,0,1,0,6,14,2,22,0,0,0,22
05/22/2012,BDR,CT,ANE,EN,Federal Contract Tower,0,7,29,0,36,0,0,0,0,0,0,7,29,0,36,0,0,0,36
05/23/2012,BDR,CT,ANE,EN,Federal Contract Tower,0,11,29,0,40,0,0,47,0,47,0,11,76,0,87,58,0,58,145
05/24/2012,BDR,CT,ANE,EN,Federal Contract Tower,0,12,40,0,52,0,0,4,0,4,0,12,44,0,56,4,0,4,60
05/25/2012,BDR,CT,ANE,EN,Federal Contract Tower,0,10,33,0,43,0,0,0,0,0,0,10,33,0,43,0,0,0,43
05/26/2012,BDR,CT,ANE,EN,Federal Contract Tower,0,4,31,0,35,0,2,72,0,74,0,6,103,0,109,92,0,92,201
05/27/2012,BDR,CT,ANE,EN,Federal Contract Tower,0,4,10,0,14,0,0,77,0,77,0,4,87,0,91,116,0,116,207
05/28/2012,BDR,CT,ANE,EN,Federal Contract Tower,0,7,8,0,15,0,0,72,0,72,0,7,80,0,87,112,0,112,199
05/29/2012,BDR,CT,ANE,EN,Federal Contract Tower,0,8,12,0,20,0,1,65,0,66,0,9,77,0,86,98,0,98,184
05/30/2012,BDR,CT,ANE,EN,Federal Contract Tower,0,9,15,2,26,0,1,114,0,115,0,10,129,2,141,96,0,96,237
05/31/2012,BDR,CT,ANE,EN,Federal Contract Tower,0,4,13,4,21,0,2,104,0,106,0,6,117,4,127,120,0,120,247
06/01/2012,BDR,CT,ANE,EN,Federal Contract Tower,0,6,28,0,34,0,2,84,0,86,0,8,112,0,120,122,0,122,242
06/02/2012,BDR,CT,ANE,EN,Federal Contract Tower,0,1,13,0,14,0,0,22,0,22,0,1,35,0,36,48,0,48,84
06/03/2012,BDR,CT,ANE,EN,Federal Contract Tower,0,2,11,0,13,0,0,99,0,99,0,2,110,0,112,88,0,88,200
06/04/2012,BDR,CT,ANE,EN,Federal Contract Tower,0,8,21,0,29,0,0,38,0,38,0,8,59,0,67,48,0,48,115
06/05/2012,BDR,CT,ANE,EN,Federal Contract Tower,0,8,16,0,24,0,0,73,0,73,0,8,89,0,97,58,0,58,155
06/06/2012,BDR,CT,ANE,EN,Federal Contract Tower,0,2,15,0,17,0,0,64,0,64,0,2,79,0,81,82,0,82,163
06/07/2012,BDR,CT,ANE,EN,Federal Contract Tower,0,10,26,0,36,0,1,72,0,73,0,11,98,0,109,126,0,126,235
06/08/2012,BDR,CT,ANE,EN,Federal Contract Tower,0,5,10,0,15,0,6,99,0,105,0,11,109,0,120,102,0,102,222
06/09/2012,BDR,CT,ANE,EN,Federal Contract Tower,0,0,14,0,14,0,0,74,0,74,0,0,88,0,88,88,0,88,176
06/10/2012,BDR,CT,ANE,EN,Federal Contract Tower,0,7,8,0,15,0,0,122,0,122,0,7,130,0,137,100,0,100,237
06/11/2012,BDR,CT,ANE,EN,Federal Contract Tower,0,13,8,2,23,0,0,82,0,82,0,13,90,2,105,86,2,88,193
06/12/2012,BDR,CT,ANE,EN,Federal Contract Tower,0,7,26,0,33,0,0,28,0,28,0,7,54,0,61,12,0,12,73
06/13/2012,BDR,CT,ANE,EN,Federal Contract Tower,0,11,30,2,43,0,0,4,0,4,0,11,34,2,47,0,0,0,47
06/14/2012,BDR,CT,ANE,EN,Federal Contract Tower,0,12,10,0,22,0,3,73,0,76,0,15,83,0,98,106,0,106,204
06/15/2012,BDR,CT,ANE,EN,Federal Contract Tower,0,11,29,2,42,0,3,104,0,107,0,14,133,2,149,88,0,88,237
06/16/2012,BDR,CT,ANE,EN,Federal Contract Tower,0,6,10,0,16,0,0,135,0,135,0,6,145,0,151,168,0,168,319
06/17/2012,BDR,CT,ANE,EN,Federal Contract Tower,0,6,18,0,24,0,1,125,0,126,0,7,143,0,150,184,0,184,334
06/18/2012,BDR,CT,ANE,EN,Federal Contract Tower,0,10,14,4,28,0,0,72,0,72,0,10,86,4,100,92,0,92,192
06/19/2012,BDR,CT,ANE,EN,Federal Contract Tower,0,5,13,0,18,0,0,61,0,61,0,5,74,0,79,90,0,90,169
06/20/2012,BDR,CT,ANE,EN,Federal Contract Tower,0,7,15,0,22,0,0,67,2,69,0,7,82,2,91,50,0,50,141
06/21/2012,BDR,CT,ANE,EN,Federal Contract Tower,0,15,11,1,27,0,0,78,0,78,0,15,89,1,105,62,0,62,167
06/22/2012,BDR,CT,ANE,EN,Federal Contract Tower,0,9,35,0,44,0,1,75,2,78,0,10,110,2,122,64,0,64,186
06/23/2012,BDR,CT,ANE,EN,Federal Contract Tower,0,4,13,0,17,0,1,157,0,158,0,5,170,0,175,120,0,120,295
06/24/2012,BDR,CT,ANE,EN,Federal Contract Tower,0,5,10,0,15,0,2,123,0,125,0,7,133,0,140,127,0,127,267
06/25/2012,BDR,CT,ANE,EN,Federal Contract Tower,0,19,16,0,35,0,0,27,0,27,0,19,43,0,62,6,4,10,72
06/26/2012,BDR,CT,ANE,EN,Federal Contract Tower,0,7,14,4,25,0,0,76,0,76,0,7,90,4,101,54,0,54,155
06/27/2012,BDR,CT,ANE,EN,Federal Contract Tower,0,2,14,0,16,0,10,94,0,104,0,12,108,0,120,80,0,80,200
06/28/2012,BDR,CT,ANE,EN,Federal Contract Tower,0,8,7,0,15,0,4,62,0,66,0,12,69,0,81,68,0,68,149
06/29/2012,BDR,CT,ANE,EN,Federal Contract Tower,0,10,12,0,22,0,6,108,0,114,0,16,120,0,136,184,0,184,320
06/30/2012,BDR,CT,ANE,EN,Federal Contract Tower,0,2,7,0,9,0,3,168,0,171,0,5,175,0,180,104,0,104,284
07/01/2012,BDR,CT,ANE,EN,Federal Contract Tower,0,1,5,0,6,1,0,118,0,119,1,1,123,0,125,84,0,84,209
07/02/2012,BDR,CT,ANE,EN,Federal Contract Tower,0,3,11,0,14,0,10,104,0,114,0,13,115,0,128,44,0,44,172
07/03/2012,BDR,CT,ANE,EN,Federal Contract Tower,0,6,20,0,26,0,0,100,0,100,0,6,120,0,126,100,0,100,226
07/04/2012,BDR,CT,ANE,EN,Federal Contract Tower,0,4,5,0,9,0,0,57,0,57,0,4,62,0,66,70,0,70,136
07/05/2012,BDR,CT,ANE,EN,Federal Contract Tower,0,7,15,0,22,0,0,98,0,98,0,7,113,0,120,84,0,84,204
07/06/2012,BDR,CT,ANE,EN,Federal Contract Tower,0,7,18,0,25,0,0,117,0,117,0,7,135,0,142,104,0,104,246
07/07/2012,BDR,CT,ANE,EN,Federal Contract Tower,0,10,8,0,18,0,0,103,0,103,0,10,111,0,121,94,0,94,215
07/08/2012,BDR,CT,ANE,EN,Federal Contract Tower,0,4,19,0,23,0,1,138,2,141,0,5,157,2,164,120,0,120,284
07/09/2012,BDR,CT,ANE,EN,Federal Contract Tower,0,9,9,2,20,0,0,93,0,93,0,9,102,2,113,58,0,58,171
07/10/2012,BDR,CT,ANE,EN,Federal Contract Tower,0,5,15,4,24,0,0,66,0,66,0,5,81,4,90,98,0,98,188
07/11/2012,BDR,CT,ANE,EN,Federal Contract Tower,0,10,15,4,29,0,0,126,0,126,0,10,141,4,155,128,0,128,283
07/12/2012,BDR,CT,ANE,EN,Federal Contract Tower,0,8,18,0,26,0,7,104,2,113,0,15,122,2,139,70,0,70,209
07/13/2012,BDR,CT,ANE,EN,Federal Contract Tower,0,3,16,6,25,0,5,108,0,113,0,8,124,6,138,120,0,120,258
07/14/2012,BDR,CT,ANE,EN,Federal Contract Tower,0,3,9,0,12,0,1,117,0,118,0,4,126,0,130,108,0,108,238
07/15/2012,BDR,CT,ANE,EN,Federal Contract Tower,0,6,14,0,20,0,1,60,0,61,0,7,74,0,81,108,0,108,189
07/16/2012,BDR,CT,ANE,EN,Federal Contract Tower,0,1,20,0,21,0,0,76,0,76,0,1,96,0,97,98,0,98,195
07/17/2012,BDR,CT,ANE,EN,Federal Contract Tower,0,4,4,0,8,0,1,84,0,85,0,5,88,0,93,40,0,40,133
07/18/2012,BDR,CT,ANE,EN,Federal Contract Tower,0,2,11,0,13,0,1,39,0,40,0,3,50,0,53,38,0,38,91
07/19/2012,BDR,CT,ANE,EN,Federal Contract Tower,0,13,21,2,36,0,4,114,0,118,0,17,135,2,154,64,0,64,218
07/20/2012,BDR,CT,ANE,EN,Federal Contract Tower,0,15,53,0,68,0,1,25,0,26,0,16,78,0,94,0,0,0,94
07/21/2012,BDR,CT,ANE,EN,Federal Contract Tower,0,6,8,0,14,0,1,119,0,120,0,7,127,0,134,158,0,158,292
07/22/2012,BDR,CT,ANE,EN,Federal Contract Tower,0,11,12,0,23,0,0,175,0,175,0,11,187,0,198,162,0,162,360
07/23/2012,BDR,CT,ANE,EN,Federal Contract Tower,0,8,15,0,23,0,0,51,0,51,0,8,66,0,74,66,0,66,140
07/24/2012,BDR,CT,ANE,EN,Federal Contract Tower,0,9,9,0,18,0,0,101,0,101,0,9,110,0,119,74,0,74,193
07/25/2012,BDR,CT,ANE,EN,Federal Contract Tower,0,4,27,0,31,0,0,108,1,109,0,4,135,1,140,146,0,146,286
07/26/2012,BDR,CT,ANE,EN,Federal Contract Tower,0,10,23,0,33,0,1,51,0,52,0,11,74,0,85,58,2,60,145
07/27/2012,BDR,CT,ANE,EN,Federal Contract Tower,0,12,21,0,33,0,6,92,0,98,0,18,113,0,131,118,0,118,249
07/28/2012,BDR,CT,ANE,EN,Federal Contract Tower,0,8,10,0,18,0,0,3,0,3,0,8,13,0,21,16,0,16,37
07/29/2012,BDR,CT,ANE,EN,Federal Contract Tower,0,16,21,0,37,0,0,26,0,26,0,16,47,0,63,22,0,22,85
07/30/2012,BDR,CT,ANE,EN,Federal Contract Tower,0,5,16,0,21,0,0,76,0,76,0,5,92,0,97,82,2,84,181
07/31/2012,BDR,CT,ANE,EN,Federal Contract Tower,0,10,19,0,29,0,0,49,0,49,0,10,68,0,78,30,0,30,108
08/01/2012,BDR,CT,ANE,EN,Federal Contract Tower,0,4,16,0,20,0,1,52,0,53,0,5,68,0,73,78,0,78,151
08/02/2012,BDR,CT,ANE,EN,Federal Contract Tower,0,11,10,2,23,0,2,94,0,96,0,13,104,2,119,96,0,96,215
08/03/2012,BDR,CT,ANE,EN,Federal Contract Tower,0,11,23,0,34,0,3,132,0,135,0,14,155,0,169,100,0,100,269
08/04/2012,BDR,CT,ANE,EN,Federal Contract Tower,0,4,15,0,19,0,0,153,0,153,0,4,168,0,172,122,0,122,294
08/05/2012,BDR,CT,ANE,EN,Federal Contract Tower,0,16,24,0,40,0,1,29,0,30,0,17,53,0,70,32,0,32,102
08/06/2012,BDR,CT,ANE,EN,Federal Contract Tower,0,7,13,0,20,0,0,63,0,63,0,7,76,0,83,82,0,82,165
08/07/2012,BDR,CT,ANE,EN,Federal Contract Tower,0,6,10,0,16,0,0,107,0,107,0,6,117,0,123,66,0,66,189
08/08/2012,BDR,CT,ANE,EN,Federal Contract Tower,0,8,19,1,28,0,3,94,0,97,0,11,113,1,125,80,0,80,205
08/09/2012,BDR,CT,ANE,EN,Federal Contract Tower,0,10,16,0,26,0,2,57,0,59,0,12,73,0,85,22,2,24,109
08/10/2012,BDR,CT,ANE,EN,Federal Contract Tower,0,12,24,0,36,0,3,22,0,25,0,15,46,0,61,24,0,24,85
08/11/2012,BDR,CT,ANE,EN,Federal Contract Tower,0,10,10,0,20,0,0,16,0,16,0,10,26,0,36,2,0,2,38
08/12/2012,BDR,CT,ANE,EN,Federal Contract Tower,0,8,14,0,22,0,0,106,0,106,0,8,120,0,128,116,2,118,246
08/13/2012,BDR,CT,ANE,EN,Federal Contract Tower,0,9,10,0,19,0,2,101,0,103,0,11,111,0,122,78,0,78,200
08/14/2012,BDR,CT,ANE,EN,Federal Contract Tower,0,7,12,0,19,0,0,70,0,70,0,7,82,0,89,110,0,110,199
08/15/2012,BDR,CT,ANE,EN,Federal Contract Tower,0,7,15,0,22,0,0,27,0,27,0,7,42,0,49,42,0,42,91
08/16/2012,BDR,CT,ANE,EN,Federal Contract Tower,0,2,11,4,17,0,14,111,0,125,0,16,122,4,142,94,2,96,238
08/17/2012,BDR,CT,ANE,EN,Federal Contract Tower,0,2,9,0,11,0,0,132,0,132,0,2,141,0,143,118,0,118,261
08/18/2012,BDR,CT,ANE,EN,Federal Contract Tower,0,1,17,0,18,0,0,58,0,58,0,1,75,0,76,26,0,26,102
08/19/2012,BDR,CT,ANE,EN,Federal Contract Tower,0,4,12,0,16,0,4,125,0,129,0,8,137,0,145,164,0,164,309
08/20/2012,BDR,CT,ANE,EN,Federal Contract Tower,0,8,17,0,25,0,2,119,0,121,0,10,136,0,146,172,0,172,318
08/21/2012,BDR,CT,ANE,EN,Federal Contract Tower,0,6,25,0,31,0,0,81,0,81,0,6,106,0,112,108,0,108,220
08/22/2012,BDR,CT,ANE,EN,Federal Contract Tower,0,7,21,2,30,0,0,103,0,103,0,7,124,2,133,146,0,146,279
08/23/2012,BDR,CT,ANE,EN,Federal Contract Tower,0,4,14,0,18,0,1,112,0,113,0,5,126,0,131,160,0,160,291
08/24/2012,BDR,CT,ANE,EN,Federal Contract Tower,0,4,20,0,24,0,3,108,0,111,0,7,128,0,135,66,2,68,203
08/25/2012,BDR,CT,ANE,EN,Federal Contract Tower,0,4,21,0,25,0,2,102,0,104,0,6,123,0,129,86,0,86,215
08/26/2012,BDR,CT,ANE,EN,Federal Contract Tower,0,8,15,0,23,0,0,109,0,109,0,8,124,0,132,100,0,100,232
08/27/2012,BDR,CT,ANE,EN,Federal Contract Tower,0,6,20,4,30,0,1,52,1,54,0,7,72,5,84,62,0,62,146
08/28/2012,BDR,CT,ANE,EN,Federal Contract Tower,0,7,17,1,25,0,0,76,0,76,0,7,93,1,101,70,0,70,171
08/29/2012,BDR,CT,ANE,EN,Federal Contract Tower,0,3,20,0,23,0,1,120,0,121,0,4,140,0,144,132,0,132,276
08/30/2012,BDR,CT,ANE,EN,Federal Contract Tower,0,4,13,0,17,0,3,131,0,134,0,7,144,0,151,156,0,156,307
08/31/2012,BDR,CT,ANE,EN,Federal Contract Tower,0,7,22,0,29,0,3,140,0,143,0,10,162,0,172,178,0,178,350
09/01/2012,BDR,CT,ANE,EN,Federal Contract Tower,0,5,16,0,21,0,1,137,1,139,0,6,153,1,160,176,0,176,336
09/02/2012,BDR,CT,ANE,EN,Federal Contract Tower,0,0,6,0,6,0,0,106,0,106,0,0,112,0,112,148,0,148,260
09/03/2012,BDR,CT,ANE,EN,Federal Contract Tower,0,8,29,0,37,0,3,101,0,104,0,11,130,0,141,32,0,32,173
09/04/2012,BDR,CT,ANE,EN,Federal Contract Tower,0,10,24,4,38,0,0,25,0,25,0,10,49,4,63,0,0,0,63
09/05/2012,BDR,CT,ANE,EN,Federal Contract Tower,0,7,14,0,21,0,0,31,0,31,0,7,45,0,52,32,0,32,84
09/06/2012,BDR,CT,ANE,EN,Federal Contract Tower,0,8,15,0,23,0,2,52,0,54,0,10,67,0,77,38,0,38,115
09/07/2012,BDR,CT,ANE,EN,Federal Contract Tower,0,12,16,0,28,0,2,117,3,122,0,14,133,3,150,134,0,134,284
09/08/2012,BDR,CT,ANE,EN,Federal Contract Tower,0,2,21,0,23,0,0,34,0,34,0,2,55,0,57,60,0,60,117
09/09/2012,BDR,CT,ANE,EN,Federal Contract Tower,0,11,10,0,21,0,3,164,0,167,0,14,174,0,188,144,0,144,332
09/10/2012,BDR,CT,ANE,EN,Federal Contract Tower,0,5,21,0,26,0,2,88,0,90,0,7,109,0,116,90,0,90,206
09/11/2012,BDR,CT,ANE,EN,Federal Contract Tower,0,2,32,0,34,0,0,92,0,92,0,2,124,0,126,130,0,130,256
09/12/2012,BDR,CT,ANE,EN,Federal Contract Tower,0,5,10,5,20,0,0,99,0,99,0,5,109,5,119,134,0,134,253
09/13/2012,BDR,CT,ANE,EN,Federal Contract Tower,0,6,8,0,14,0,3,93,0,96,0,9,101,0,110,72,0,72,182
09/14/2012,BDR,CT,ANE,EN,Federal Contract Tower,0,6,22,0,28,0,5,129,0,134,0,11,151,0,162,108,0,108,270
09/15/2012,BDR,CT,ANE,EN,Federal Contract Tower,0,0,11,0,11,0,3,98,0,101,0,3,109,0,112,54,0,54,166
09/16/2012,BDR,CT,ANE,EN,Federal Contract Tower,0,2,12,0,14,0,8,116,0,124,0,10,128,0,138,116,0,116,254
09/17/2012,BDR,CT,ANE,EN,Federal Contract Tower,0,4,17,0,21,0,1,99,0,100,0,5,116,0,121,78,2,80,201
09/18/2012,BDR,CT,ANE,EN,Federal Contract Tower,0,11,10,0,21,0,0,6,0,6,0,11,16,0,27,0,0,0,27
09/19/2012,BDR,CT,ANE,EN,Federal Contract Tower,0,6,23,4,33,0,0,89,0,89,0,6,112,4,122,100,0,100,222
09/20/2012,BDR,CT,ANE,EN,Federal Contract Tower,0,9,29,0,38,0,5,82,0,87,0,14,111,0,125,92,0,92,217
09/21/2012,BDR,CT,ANE,EN,Federal Contract Tower,0,7,24,0,31,0,5,95,2,102,0,12,119,2,133,88,0,88,221
09/22/2012,BDR,CT,ANE,EN,Federal Contract Tower,0,1,8,0,9,0,0,60,0,60,0,1,68,0,69,100,0,100,169
09/23/2012,BDR,CT,ANE,EN,Federal Contract Tower,0,4,12,0,16,0,3,150,0,153,0,7,162,0,169,82,0,82,251
09/24/2012,BDR,CT,ANE,EN,Federal Contract Tower,0,2,15,0,17,0,1,103,0,104,0,3,118,0,121,100,0,100,221
09/25/2012,BDR,CT,ANE,EN,Federal Contract Tower,0,3,9,0,12,0,2,86,0,88,0,5,95,0,100,94,0,94,194
09/26/2012,BDR,CT,ANE,EN,Federal Contract Tower,0,14,16,8,38,0,0,65,0,65,0,14,81,8,103,32,0,32,135
09/27/2012,BDR,CT,ANE,EN,Federal Contract Tower,0,5,23,0,28,0,0,74,0,74,0,5,97,0,102,78,0,78,180
09/28/2012,BDR,CT,ANE,EN,Federal Contract Tower,0,9,20,0,29,0,0,3,0,3,0,9,23,0,32,0,2,2,34
09/29/2012,BDR,CT,ANE,EN,Federal Contract Tower,0,4,33,0,37,0,0,16,0,16,0,4,49,0,53,74,0,74,127
09/30/2012,BDR,CT,ANE,EN,Federal Contract Tower,0,5,17,0,22,0,0,67,0,67,0,5,84,0,89,76,0,76,165
10/01/2012,BDR,CT,ANE,EN,Federal Contract Tower,0,3,18,0,21,0,1,70,0,71,0,4,88,0,92,56,0,56,148
10/02/2012,BDR,CT,ANE,EN,Federal Contract Tower,0,6,22,1,29,0,0,34,0,34,0,6,56,1,63,38,0,38,101
10/03/2012,BDR,CT,ANE,EN,Federal Contract Tower,0,3,27,0,30,0,0,0,0,0,0,3,27,0,30,0,0,0,30
10/04/2012,BDR,CT,ANE,EN,Federal Contract Tower,0,5,26,0,31,0,0,0,0,0,0,5,26,0,31,0,0,0,31
10/05/2012,BDR,CT,ANE,EN,Federal Contract Tower,0,16,24,0,40,0,1,142,0,143,0,17,166,0,183,130,0,130,313
10/06/2012,BDR,CT,ANE,EN,Federal Contract Tower,0,4,12,0,16,0,0,113,0,113,0,4,125,0,129,150,0,150,279
10/07/2012,BDR,CT,ANE,EN,Federal Contract Tower,0,2,7,0,9,0,0,39,0,39,0,2,46,0,48,52,0,52,100
10/08/2012,BDR,CT,ANE,EN,Federal Contract Tower,0,14,17,0,31,0,0,85,0,85,0,14,102,0,116,140,0,140,256
10/09/2012,BDR,CT,ANE,EN,Federal Contract Tower,0,8,20,0,28,0,0,39,0,39,0,8,59,0,67,40,0,40,107
10/10/2012,BDR,CT,ANE,EN,Federal Contract Tower,0,7,36,0,43,0,0,31,0,31,0,7,67,0,74,72,0,72,146
10/11/2012,BDR,CT,ANE,EN,Federal Contract Tower,0,15,11,0,26,0,2,124,0,126,0,17,135,0,152,94,0,94,246
10/12/2012,BDR,CT,ANE,EN,Federal Contract Tower,0,11,18,0,29,0,1,74,0,75,0,12,92,0,104,45,2,47,151
10/13/2012,BDR,CT,ANE,EN,Federal Contract Tower,0,3,11,0,14,0,0,152,2,154,0,3,163,2,168,180,0,180,348
10/14/2012,BDR,CT,ANE,EN,Federal Contract Tower,0,6,7,0,13,0,0,96,1,97,0,6,103,1,110,136,0,136,246
10/15/2012,BDR,CT,ANE,EN,Federal Contract Tower,0,6,16,0,22,0,1,32,0,33,0,7,48,0,55,32,0,32,87
10/16/2012,BDR,CT,ANE,EN,Federal Contract Tower,0,6,11,0,17,0,0,55,0,55,0,6,66,0,72,32,4,36,108
10/17/2012,BDR,CT,ANE,EN,Federal Contract Tower,0,6,23,0,29,0,0,117,1,118,0,6,140,1,147,110,2,112,259
10/18/2012,BDR,CT,ANE,EN,Federal Contract Tower,0,5,18,4,27,0,0,87,1,88,0,5,105,5,115,118,8,126,241
10/19/2012,BDR,CT,ANE,EN,Federal Contract Tower,0,8,14,0,22,0,0,0,0,0,0,8,14,0,22,0,0,0,22
10/20/2012,BDR,CT,ANE,EN,Federal Contract Tower,0,5,17,0,22,0,3,138,0,141,0,8,155,0,163,158,0,158,321
10/21/2012,BDR,CT,ANE,EN,Federal Contract Tower,0,8,10,0,18,0,1,123,0,124,0,9,133,0,142,166,0,166,308
10/22/2012,BDR,CT,ANE,EN,Federal Contract Tower,0,5,15,0,20,0,2,90,0,92,0,7,105,0,112,110,0,110,222
10/23/2012,BDR,CT,ANE,EN,Federal Contract Tower,0,4,18,0,22,0,0,51,0,51,0,4,69,0,73,108,0,108,181
10/24/2012,BDR,CT,ANE,EN,Federal Contract Tower,0,8,27,2,37,0,0,14,0,14,0,8,41,2,51,50,0,50,101
10/25/2012,BDR,CT,ANE,EN,Federal Contract Tower,0,3,25,0,28,0,0,85,0,85,0,3,110,0,113,140,0,140,253
10/26/2012,BDR,CT,ANE,EN,Federal Contract Tower,0,5,26,0,31,0,0,97,2,99,0,5,123,2,130,132,2,134,264
10/27/2012,BDR,CT,ANE,EN,Federal Contract Tower,0,7,9,0,16,0,0,86,0,86,0,7,95,0,102,190,0,190,292
10/28/2012,BDR,CT,ANE,EN,Federal Contract Tower,0,11,13,0,24,0,0,12,0,12,0,11,25,0,36,12,0,12,48
10/29/2012,BDR,CT,ANE,EN,Federal Contract Tower,0,0,0,0,0,0,0,0,0,0,0,0,0,0,0,0,0,0,0
10/30/2012,BDR,CT,ANE,EN,Federal Contract Tower,0,0,0,0,0,0,0,0,0,0,0,0,0,0,0,0,0,0,0
10/31/2012,BDR,CT,ANE,EN,Federal Contract Tower,0,0,0,0,0,0,0,0,2,2,0,0,0,2,2,0,0,0,2
11/01/2012,BDR,CT,ANE,EN,Federal Contract Tower,0,1,3,0,4,0,0,21,4,25,0,1,24,4,29,0,0,0,29
11/02/2012,BDR,CT,ANE,EN,Federal Contract Tower,0,2,9,0,11,0,0,28,0,28,0,2,37,0,39,50,0,50,89
11/03/2012,BDR,CT,ANE,EN,Federal Contract Tower,0,2,4,0,6,0,0,47,1,48,0,2,51,1,54,58,0,58,112
11/04/2012,BDR,CT,ANE,EN,Federal Contract Tower,0,0,3,0,3,0,0,54,0,54,0,0,57,0,57,14,0,14,71
11/05/2012,BDR,CT,ANE,EN,Federal Contract Tower,0,5,11,0,16,0,0,23,1,24,0,5,34,1,40,16,0,16,56
11/06/2012,BDR,CT,ANE,EN,Federal Contract Tower,0,6,6,0,12,0,1,29,0,30,0,7,35,0,42,24,0,24,66
11/07/2012,BDR,CT,ANE,EN,Federal Contract Tower,0,4,2,0,6,0,0,5,0,5,0,4,7,0,11,0,0,0,11
11/08/2012,BDR,CT,ANE,EN,Federal Contract Tower,0,7,7,0,14,0,0,11,0,11,0,7,18,0,25,6,0,6,31
11/09/2012,BDR,CT,ANE,EN,Federal Contract Tower,0,6,8,0,14,0,2,68,0,70,0,8,76,0,84,96,0,96,180
11/10/2012,BDR,CT,ANE,EN,Federal Contract Tower,0,2,9,0,11,0,0,122,0,122,0,2,131,0,133,184,0,184,317
11/11/2012,BDR,CT,ANE,EN,Federal Contract Tower,0,6,7,0,13,0,1,102,0,103,0,7,109,0,116,134,0,134,250
11/12/2012,BDR,CT,ANE,EN,Federal Contract Tower,0,9,16,0,25,0,0,49,0,49,0,9,65,0,74,42,0,42,116
11/13/2012,BDR,CT,ANE,EN,Federal Contract Tower,0,3,12,0,15,0,0,33,0,33,0,3,45,0,48,14,0,14,62
11/14/2012,BDR,CT,ANE,EN,Federal Contract Tower,0,10,14,0,24,0,0,69,0,69,0,10,83,0,93,84,0,84,177
11/15/2012,BDR,CT,ANE,EN,Federal Contract Tower,0,5,18,0,23,0,1,43,0,44,0,6,61,0,67,56,0,56,123
11/16/2012,BDR,CT,ANE,EN,Federal Contract Tower,0,4,17,0,21,0,0,120,0,120,0,4,137,0,141,88,0,88,229
11/17/2012,BDR,CT,ANE,EN,Federal Contract Tower,0,1,10,0,11,0,0,143,0,143,0,1,153,0,154,104,0,104,258
11/18/2012,BDR,CT,ANE,EN,Federal Contract Tower,0,12,3,0,15,0,1,118,1,120,0,13,121,1,135,118,2,120,255
11/19/2012,BDR,CT,ANE,EN,Federal Contract Tower,0,4,13,0,17,0,0,66,0,66,0,4,79,0,83,58,2,60,143
11/20/2012,BDR,CT,ANE,EN,Federal Contract Tower,0,7,16,0,23,0,1,75,0,76,0,8,91,0,99,112,0,112,211
11/21/2012,BDR,CT,ANE,EN,Federal Contract Tower,0,3,25,0,28,0,0,90,0,90,0,3,115,0,118,78,0,78,196
11/22/2012,BDR,CT,ANE,EN,Federal Contract Tower,0,2,6,0,8,0,1,67,0,68,0,3,73,0,76,8,0,8,84
11/23/2012,BDR,CT,ANE,EN,Federal Contract Tower,0,4,15,0,19,0,0,97,0,97,0,4,112,0,116,88,0,88,204
11/24/2012,BDR,CT,ANE,EN,Federal Contract Tower,0,3,9,0,12,0,0,71,0,71,0,3,80,0,83,86,0,86,169
11/25/2012,BDR,CT,ANE,EN,Federal Contract Tower,0,9,18,0,27,0,1,79,0,80,0,10,97,0,107,84,0,84,191
11/26/2012,BDR,CT,ANE,EN,Federal Contract Tower,0,6,14,0,20,0,0,100,0,100,0,6,114,0,120,58,0,58,178
11/27/2012,BDR,CT,ANE,EN,Federal Contract Tower,0,2,10,0,12,0,0,0,0,0,0,2,10,0,12,0,0,0,12
11/28/2012,BDR,CT,ANE,EN,Federal Contract Tower,0,11,12,0,23,0,0,62,0,62,0,11,74,0,85,86,0,86,171
11/29/2012,BDR,CT,ANE,EN,Federal Contract Tower,0,12,21,0,33,0,0,97,0,97,0,12,118,0,130,90,0,90,220
11/30/2012,BDR,CT,ANE,EN,Federal Contract Tower,0,5,15,0,20,0,0,109,0,109,0,5,124,0,129,144,0,144,273
12/01/2012,BDR,CT,ANE,EN,Federal Contract Tower,0,3,10,0,13,0,0,8,0,8,0,3,18,0,21,50,0,50,71
12/02/2012,BDR,CT,ANE,EN,Federal Contract Tower,0,0,8,0,8,0,0,4,0,4,0,0,12,0,12,0,0,0,12
12/03/2012,BDR,CT,ANE,EN,Federal Contract Tower,0,6,9,0,15,0,0,41,0,41,0,6,50,0,56,74,0,74,130
12/04/2012,BDR,CT,ANE,EN,Federal Contract Tower,0,8,28,0,36,0,0,6,0,6,0,8,34,0,42,20,0,20,62
12/05/2012,BDR,CT,ANE,EN,Federal Contract Tower,0,10,5,0,15,0,0,55,0,55,0,10,60,0,70,104,6,110,180
12/06/2012,BDR,CT,ANE,EN,Federal Contract Tower,0,8,8,0,16,0,0,98,0,98,0,8,106,0,114,90,0,90,204
12/07/2012,BDR,CT,ANE,EN,Federal Contract Tower,0,9,18,0,27,0,0,51,0,51,0,9,69,0,78,66,2,68,146
12/08/2012,BDR,CT,ANE,EN,Federal Contract Tower,0,2,17,0,19,0,0,0,0,0,0,2,17,0,19,0,0,0,19
12/09/2012,BDR,CT,ANE,EN,Federal Contract Tower,0,4,9,0,13,0,0,55,0,55,0,4,64,0,68,78,0,78,146
12/10/2012,BDR,CT,ANE,EN,Federal Contract Tower,0,1,4,0,5,0,0,0,0,0,0,1,4,0,5,0,0,0,5
12/11/2012,BDR,CT,ANE,EN,Federal Contract Tower,0,2,25,2,29,0,0,67,0,67,0,2,92,2,96,70,0,70,166
12/12/2012,BDR,CT,ANE,EN,Federal Contract Tower,0,4,21,2,27,0,0,76,0,76,0,4,97,2,103,136,0,136,239
12/13/2012,BDR,CT,ANE,EN,Federal Contract Tower,0,10,13,2,25,0,0,106,0,106,0,10,119,2,131,114,0,114,245
12/14/2012,BDR,CT,ANE,EN,Federal Contract Tower,0,10,13,0,23,0,0,93,0,93,0,10,106,0,116,132,0,132,248
12/15/2012,BDR,CT,ANE,EN,Federal Contract Tower,0,1,9,0,10,0,0,128,0,128,0,1,137,0,138,194,0,194,332
12/16/2012,BDR,CT,ANE,EN,Federal Contract Tower,0,5,7,0,12,0,0,2,0,2,0,5,9,0,14,0,0,0,14
12/17/2012,BDR,CT,ANE,EN,Federal Contract Tower,0,4,5,2,11,0,0,0,0,0,0,4,5,2,11,0,0,0,11
12/18/2012,BDR,CT,ANE,EN,Federal Contract Tower,0,7,12,0,19,0,0,5,0,5,0,7,17,0,24,4,0,4,28
12/19/2012,BDR,CT,ANE,EN,Federal Contract Tower,0,5,8,0,13,0,0,61,0,61,0,5,69,0,74,40,0,40,114
12/20/2012,BDR,CT,ANE,EN,Federal Contract Tower,0,9,10,0,19,0,0,82,2,84,0,9,92,2,103,58,0,58,161
12/21/2012,BDR,CT,ANE,EN,Federal Contract Tower,0,5,6,0,11,0,0,15,0,15,0,5,21,0,26,0,0,0,26
12/22/2012,BDR,CT,ANE,EN,Federal Contract Tower,0,5,4,0,9,0,0,10,0,10,0,5,14,0,19,18,2,20,39
12/23/2012,BDR,CT,ANE,EN,Federal Contract Tower,0,3,11,0,14,0,0,88,0,88,0,3,99,0,102,108,0,108,210
12/24/2012,BDR,CT,ANE,EN,Federal Contract Tower,0,3,3,0,6,0,0,102,0,102,0,3,105,0,108,82,0,82,190
12/25/2012,BDR,CT,ANE,EN,Federal Contract Tower,0,1,2,0,3,0,0,4,0,4,0,1,6,0,7,16,0,16,23
12/26/2012,BDR,CT,ANE,EN,Federal Contract Tower,0,4,11,1,16,0,0,14,0,14,0,4,25,1,30,28,0,28,58
12/27/2012,BDR,CT,ANE,EN,Federal Contract Tower,0,2,7,0,9,0,0,0,0,0,0,2,7,0,9,0,0,0,9
12/28/2012,BDR,CT,ANE,EN,Federal Contract Tower,0,4,21,0,25,0,0,82,0,82,0,4,103,0,107,74,0,74,181
12/29/2012,BDR,CT,ANE,EN,Federal Contract Tower,0,5,9,0,14,0,0,0,0,0,0,5,9,0,14,0,0,0,14
12/30/2012,BDR,CT,ANE,EN,Federal Contract Tower,0,3,0,0,3,0,0,8,0,8,0,3,8,0,11,4,0,4,15
12/31/2012,BDR,CT,ANE,EN,Federal Contract Tower,0,2,6,0,8,0,0,67,0,67,0,2,73,0,75,84,0,84,159
01/01/2013,BDR,CT,ANE,EN,Federal Contract Tower,0,5,8,0,13,0,0,45,0,45,0,5,53,0,58,28,0,28,86
01/02/2013,BDR,CT,ANE,EN,Federal Contract Tower,0,3,2,2,7,0,0,38,0,38,0,3,40,2,45,32,0,32,77
01/03/2013,BDR,CT,ANE,EN,Federal Contract Tower,0,1,3,0,4,0,0,57,0,57,0,1,60,0,61,54,0,54,115
01/04/2013,BDR,CT,ANE,EN,Federal Contract Tower,0,3,10,0,13,0,1,40,0,41,0,4,50,0,54,96,0,96,150
01/05/2013,BDR,CT,ANE,EN,Federal Contract Tower,0,0,12,0,12,0,0,87,0,87,0,0,99,0,99,136,0,136,235
01/06/2013,BDR,CT,ANE,EN,Federal Contract Tower,0,2,7,0,9,0,0,101,0,101,0,2,108,0,110,102,0,102,212
01/07/2013,BDR,CT,ANE,EN,Federal Contract Tower,0,5,13,0,18,0,0,53,0,53,0,5,66,0,71,10,0,10,81
01/08/2013,BDR,CT,ANE,EN,Federal Contract Tower,0,1,11,0,12,0,0,84,0,84,0,1,95,0,96,44,0,44,140
01/09/2013,BDR,CT,ANE,EN,Federal Contract Tower,0,6,15,0,21,0,0,58,4,62,0,6,73,4,83,84,0,84,167
01/10/2013,BDR,CT,ANE,EN,Federal Contract Tower,0,5,10,0,15,0,0,72,0,72,0,5,82,0,87,38,0,38,125
01/11/2013,BDR,CT,ANE,EN,Federal Contract Tower,0,5,19,0,24,0,0,59,0,59,0,5,78,0,83,76,0,76,159
01/12/2013,BDR,CT,ANE,EN,Federal Contract Tower,0,6,19,0,25,0,0,0,0,0,0,6,19,0,25,0,0,0,25
01/13/2013,BDR,CT,ANE,EN,Federal Contract Tower,0,4,7,0,11,0,0,0,0,0,0,4,7,0,11,0,0,0,11
01/14/2013,BDR,CT,ANE,EN,Federal Contract Tower,0,4,13,1,18,0,0,16,0,16,0,4,29,1,34,6,0,6,40
01/15/2013,BDR,CT,ANE,EN,Federal Contract Tower,0,3,11,0,14,0,0,51,0,51,0,3,62,0,65,38,0,38,103
01/16/2013,BDR,CT,ANE,EN,Federal Contract Tower,0,4,9,0,13,0,0,0,0,0,0,4,9,0,13,0,0,0,13
01/17/2013,BDR,CT,ANE,EN,Federal Contract Tower,0,10,14,0,24,0,1,57,0,58,0,11,71,0,82,106,2,108,190
01/18/2013,BDR,CT,ANE,EN,Federal Contract Tower,0,6,11,0,17,0,1,69,0,70,0,7,80,0,87,64,0,64,151
01/19/2013,BDR,CT,ANE,EN,Federal Contract Tower,0,3,5,0,8,0,0,57,0,57,0,3,62,0,65,116,0,116,181
01/20/2013,BDR,CT,ANE,EN,Federal Contract Tower,0,2,4,0,6,0,0,68,0,68,0,2,72,0,74,72,0,72,146
01/21/2013,BDR,CT,ANE,EN,Federal Contract Tower,0,3,13,2,18,0,0,52,0,52,0,3,65,2,70,60,0,60,130
01/22/2013,BDR,CT,ANE,EN,Federal Contract Tower,0,7,15,2,24,0,0,38,0,38,0,7,53,2,62,30,0,30,92
01/23/2013,BDR,CT,ANE,EN,Federal Contract Tower,0,8,7,0,15,0,0,49,0,49,0,8,56,0,64,48,2,50,114
01/24/2013,BDR,CT,ANE,EN,Federal Contract Tower,0,6,16,0,22,0,1,25,0,26,0,7,41,0,48,18,0,18,66
01/25/2013,BDR,CT,ANE,EN,Federal Contract Tower,0,6,9,0,15,0,2,32,0,34,0,8,41,0,49,38,0,38,87
01/26/2013,BDR,CT,ANE,EN,Federal Contract Tower,0,0,12,0,12,0,0,49,0,49,0,0,61,0,61,30,0,30,91
01/27/2013,BDR,CT,ANE,EN,Federal Contract Tower,0,0,7,0,7,0,0,115,0,115,0,0,122,0,122,178,0,178,300
01/28/2013,BDR,CT,ANE,EN,Federal Contract Tower,0,3,4,0,7,0,0,6,0,6,0,3,10,0,13,12,0,12,25
01/29/2013,BDR,CT,ANE,EN,Federal Contract Tower,0,6,19,0,25,0,0,3,0,3,0,6,22,0,28,0,0,0,28
01/30/2013,BDR,CT,ANE,EN,Federal Contract Tower,0,6,13,0,19,0,0,0,0,0,0,6,13,0,19,0,0,0,19
01/31/2013,BDR,CT,ANE,EN,Federal Contract Tower,0,8,7,0,15,0,0,13,0,13,0,8,20,0,28,4,0,4,32
02/01/2013,BDR,CT,ANE,EN,Federal Contract Tower,0,6,14,0,20,0,0,39,0,39,0,6,53,0,59,30,0,30,89
02/02/2013,BDR,CT,ANE,EN,Federal Contract Tower,0,0,15,0,15,0,0,96,0,96,0,0,111,0,111,129,0,129,240
02/03/2013,BDR,CT,ANE,EN,Federal Contract Tower,0,1,5,0,6,0,0,33,0,33,0,1,38,0,39,50,0,50,89
02/04/2013,BDR,CT,ANE,EN,Federal Contract Tower,0,5,4,0,9,0,1,72,0,73,0,6,76,0,82,66,0,66,148
02/05/2013,BDR,CT,ANE,EN,Federal Contract Tower,0,0,9,0,9,0,13,0,0,13,0,13,9,0,22,12,0,12,34
02/06/2013,BDR,CT,ANE,EN,Federal Contract Tower,0,3,19,0,22,0,0,51,0,51,0,3,70,0,73,86,0,86,159
02/07/2013,BDR,CT,ANE,EN,Federal Contract Tower,0,3,15,0,18,0,0,67,0,67,0,3,82,0,85,98,0,98,183
02/08/2013,BDR,CT,ANE,EN,Federal Contract Tower,0,1,3,0,4,0,0,0,0,0,0,1,3,0,4,0,0,0,4
02/09/2013,BDR,CT,ANE,EN,Federal Contract Tower,0,0,0,0,0,0,0,0,0,0,0,0,0,0,0,0,0,0,0
02/10/2013,BDR,CT,ANE,EN,Federal Contract Tower,0,0,0,0,0,0,0,0,0,0,0,0,0,0,0,0,0,0,0
02/11/2013,BDR,CT,ANE,EN,Federal Contract Tower,0,0,1,0,1,0,0,0,0,0,0,0,1,0,1,0,0,0,1
02/12/2013,BDR,CT,ANE,EN,Federal Contract Tower,0,6,4,0,10,0,1,25,2,28,0,7,29,2,38,4,0,4,42
02/13/2013,BDR,CT,ANE,EN,Federal Contract Tower,0,8,9,0,17,0,0,26,2,28,0,8,35,2,45,32,0,32,77
02/14/2013,BDR,CT,ANE,EN,Federal Contract Tower,0,4,4,0,8,0,0,44,0,44,0,4,48,0,52,16,0,16,68
02/15/2013,BDR,CT,ANE,EN,Federal Contract Tower,0,4,19,0,23,0,0,73,0,73,0,4,92,0,96,120,0,120,216
02/16/2013,BDR,CT,ANE,EN,Federal Contract Tower,0,1,5,0,6,0,0,48,0,48,0,1,53,0,54,34,0,34,88
02/17/2013,BDR,CT,ANE,EN,Federal Contract Tower,0,3,1,0,4,0,0,2,0,2,0,3,3,0,6,0,0,0,6
02/18/2013,BDR,CT,ANE,EN,Federal Contract Tower,0,2,12,0,14,0,0,60,2,62,0,2,72,2,76,38,0,38,114
02/19/2013,BDR,CT,ANE,EN,Federal Contract Tower,0,8,11,0,19,0,0,39,0,39,0,8,50,0,58,54,0,54,112
02/20/2013,BDR,CT,ANE,EN,Federal Contract Tower,0,3,7,0,10,0,2,30,0,32,0,5,37,0,42,12,0,12,54
02/21/2013,BDR,CT,ANE,EN,Federal Contract Tower,0,7,14,0,21,0,0,22,0,22,0,7,36,0,43,18,0,18,61
02/22/2013,BDR,CT,ANE,EN,Federal Contract Tower,0,4,6,0,10,0,0,75,2,77,0,4,81,2,87,120,0,120,207
02/23/2013,BDR,CT,ANE,EN,Federal Contract Tower,0,2,4,0,6,0,0,1,0,1,0,2,5,0,7,0,0,0,7
02/24/2013,BDR,CT,ANE,EN,Federal Contract Tower,0,6,13,0,19,0,0,38,0,38,0,6,51,0,57,62,0,62,119
02/25/2013,BDR,CT,ANE,EN,Federal Contract Tower,0,4,10,0,14,0,0,107,0,107,0,4,117,0,121,148,0,148,269
02/26/2013,BDR,CT,ANE,EN,Federal Contract Tower,0,1,10,0,11,0,0,71,0,71,0,1,81,0,82,72,0,72,154
02/27/2013,BDR,CT,ANE,EN,Federal Contract Tower,0,5,7,0,12,0,0,0,0,0,0,5,7,0,12,0,0,0,12
02/28/2013,BDR,CT,ANE,EN,Federal Contract Tower,0,4,16,2,22,0,0,24,4,28,0,4,40,6,50,58,0,58,108
03/01/2013,BDR,CT,ANE,EN,Federal Contract Tower,0,7,19,0,26,0,0,79,0,79,0,7,98,0,105,112,0,112,217
03/02/2013,BDR,CT,ANE,EN,Federal Contract Tower,0,4,5,0,9,0,0,100,0,100,0,4,105,0,109,190,0,190,299
03/03/2013,BDR,CT,ANE,EN,Federal Contract Tower,0,1,9,0,10,0,0,86,0,86,0,1,95,0,96,104,0,104,200
03/04/2013,BDR,CT,ANE,EN,Federal Contract Tower,0,3,9,0,12,0,0,33,0,33,0,3,42,0,45,86,0,86,131
03/05/2013,BDR,CT,ANE,EN,Federal Contract Tower,0,9,9,0,18,0,0,83,2,85,0,9,92,2,103,148,0,148,251
03/06/2013,BDR,CT,ANE,EN,Federal Contract Tower,0,2,9,0,11,0,0,0,0,0,0,2,9,0,11,0,0,0,11
03/07/2013,BDR,CT,ANE,EN,Federal Contract Tower,0,3,6,0,9,0,0,2,0,2,0,3,8,0,11,0,0,0,11
03/08/2013,BDR,CT,ANE,EN,Federal Contract Tower,0,1,2,0,3,0,0,1,0,1,0,1,3,0,4,0,0,0,4
03/09/2013,BDR,CT,ANE,EN,Federal Contract Tower,0,1,7,0,8,0,0,136,0,136,0,1,143,0,144,178,0,178,322
03/10/2013,BDR,CT,ANE,EN,Federal Contract Tower,0,2,17,0,19,0,0,149,0,149,0,2,166,0,168,202,0,202,370
03/11/2013,BDR,CT,ANE,EN,Federal Contract Tower,0,4,11,0,15,0,0,19,0,19,0,4,30,0,34,18,0,18,52
03/12/2013,BDR,CT,ANE,EN,Federal Contract Tower,0,6,18,0,24,0,0,0,0,0,0,6,18,0,24,0,0,0,24
03/13/2013,BDR,CT,ANE,EN,Federal Contract Tower,0,9,17,0,26,0,0,71,0,71,0,9,88,0,97,110,0,110,207
03/14/2013,BDR,CT,ANE,EN,Federal Contract Tower,0,4,6,0,10,0,1,27,0,28,0,5,33,0,38,12,0,12,50
03/15/2013,BDR,CT,ANE,EN,Federal Contract Tower,0,6,19,0,25,0,1,68,0,69,0,7,87,0,94,92,0,92,186
03/16/2013,BDR,CT,ANE,EN,Federal Contract Tower,0,2,5,0,7,0,1,40,0,41,0,3,45,0,48,70,0,70,118
03/17/2013,BDR,CT,ANE,EN,Federal Contract Tower,0,4,8,0,12,0,0,87,0,87,0,4,95,0,99,132,0,132,231
03/18/2013,BDR,CT,ANE,EN,Federal Contract Tower,0,7,6,0,13,0,1,40,0,41,0,8,46,0,54,34,0,34,88
03/19/2013,BDR,CT,ANE,EN,Federal Contract Tower,0,2,3,0,5,0,0,3,0,3,0,2,6,0,8,20,0,20,28
03/20/2013,BDR,CT,ANE,EN,Federal Contract Tower,0,4,11,0,15,0,0,63,0,63,0,4,74,0,78,140,0,140,218
03/21/2013,BDR,CT,ANE,EN,Federal Contract Tower,0,8,11,0,19,0,0,23,0,23,0,8,34,0,42,22,0,22,64
03/22/2013,BDR,CT,ANE,EN,Federal Contract Tower,0,7,10,0,17,0,2,62,0,64,0,9,72,0,81,42,0,42,123
03/23/2013,BDR,CT,ANE,EN,Federal Contract Tower,0,3,9,0,12,0,0,91,0,91,0,3,100,0,103,106,0,106,209
03/24/2013,BDR,CT,ANE,EN,Federal Contract Tower,0,2,7,0,9,0,0,144,0,144,0,2,151,0,153,188,0,188,341
03/25/2013,BDR,CT,ANE,EN,Federal Contract Tower,0,2,5,0,7,0,0,12,0,12,0,2,17,0,19,26,0,26,45
03/26/2013,BDR,CT,ANE,EN,Federal Contract Tower,0,1,9,0,10,0,0,60,0,60,0,1,69,0,70,84,0,84,154
03/27/2013,BDR,CT,ANE,EN,Federal Contract Tower,0,7,12,0,19,0,0,87,2,89,0,7,99,2,108,136,0,136,244
03/28/2013,BDR,CT,ANE,EN,Federal Contract Tower,0,12,12,0,24,0,1,67,0,68,0,13,79,0,92,140,0,140,232
03/29/2013,BDR,CT,ANE,EN,Federal Contract Tower,0,4,9,0,13,0,1,126,0,127,0,5,135,0,140,156,0,156,296
03/30/2013,BDR,CT,ANE,EN,Federal Contract Tower,0,2,8,0,10,0,0,139,0,139,0,2,147,0,149,200,0,200,349
03/31/2013,BDR,CT,ANE,EN,Federal Contract Tower,0,7,7,0,14,0,0,65,0,65,0,7,72,0,79,74,0,74,153
04/01/2013,BDR,CT,ANE,EN,Federal Contract Tower,0,11,22,0,33,0,0,58,0,58,0,11,80,0,91,64,0,64,155
04/02/2013,BDR,CT,ANE,EN,Federal Contract Tower,0,3,5,0,8,0,1,48,0,49,0,4,53,0,57,62,6,68,125
04/03/2013,BDR,CT,ANE,EN,Federal Contract Tower,0,3,14,0,17,0,0,61,0,61,0,3,75,0,78,62,0,62,140
04/04/2013,BDR,CT,ANE,EN,Federal Contract Tower,0,6,17,0,23,0,0,107,0,107,0,6,124,0,130,118,0,118,248
04/05/2013,BDR,CT,ANE,EN,Federal Contract Tower,0,7,9,0,16,0,1,54,0,55,0,8,63,0,71,56,0,56,127
04/06/2013,BDR,CT,ANE,EN,Federal Contract Tower,0,3,13,0,16,0,0,76,0,76,0,3,89,0,92,112,0,112,204
04/07/2013,BDR,CT,ANE,EN,Federal Contract Tower,0,2,12,0,14,0,0,100,0,100,0,2,112,0,114,62,0,62,176
04/08/2013,BDR,CT,ANE,EN,Federal Contract Tower,0,8,15,0,23,0,2,84,0,86,0,10,99,0,109,112,0,112,221
04/09/2013,BDR,CT,ANE,EN,Federal Contract Tower,0,3,7,0,10,0,0,70,0,70,0,3,77,0,80,150,0,150,230
04/10/2013,BDR,CT,ANE,EN,Federal Contract Tower,0,11,24,0,35,0,0,90,0,90,0,11,114,0,125,136,0,136,261
04/11/2013,BDR,CT,ANE,EN,Federal Contract Tower,0,7,20,0,27,0,1,34,0,35,0,8,54,0,62,70,0,70,132
04/12/2013,BDR,CT,ANE,EN,Federal Contract Tower,0,6,6,0,12,0,0,1,0,1,0,6,7,0,13,0,0,0,13
04/13/2013,BDR,CT,ANE,EN,Federal Contract Tower,0,7,18,0,25,0,2,111,0,113,0,9,129,0,138,188,0,188,326
04/14/2013,BDR,CT,ANE,EN,Federal Contract Tower,0,4,11,0,15,0,2,118,0,120,0,6,129,0,135,92,0,92,227
04/15/2013,BDR,CT,ANE,EN,Federal Contract Tower,0,4,13,0,17,0,1,88,0,89,0,5,101,0,106,124,0,124,230
04/16/2013,BDR,CT,ANE,EN,Federal Contract Tower,0,7,20,0,27,0,0,69,0,69,0,7,89,0,96,50,8,58,154
04/17/2013,BDR,CT,ANE,EN,Federal Contract Tower,0,7,19,0,26,0,0,82,2,84,0,7,101,2,110,90,0,90,200
04/18/2013,BDR,CT,ANE,EN,Federal Contract Tower,0,9,21,0,30,0,1,55,0,56,0,10,76,0,86,84,0,84,170
04/19/2013,BDR,CT,ANE,EN,Federal Contract Tower,0,11,11,0,22,0,0,2,0,2,0,11,13,0,24,0,0,0,24
04/20/2013,BDR,CT,ANE,EN,Federal Contract Tower,0,10,12,0,22,0,1,81,0,82,0,11,93,0,104,68,0,68,172
04/21/2013,BDR,CT,ANE,EN,Federal Contract Tower,0,8,4,0,12,0,1,137,0,138,0,9,141,0,150,190,0,190,340
04/22/2013,BDR,CT,ANE,EN,Federal Contract Tower,0,2,7,0,9,0,0,41,0,41,0,2,48,0,50,40,0,40,90
04/23/2013,BDR,CT,ANE,EN,Federal Contract Tower,0,6,28,0,34,0,0,39,0,39,0,6,67,0,73,38,0,38,111
04/24/2013,BDR,CT,ANE,EN,Federal Contract Tower,0,3,20,0,23,0,1,84,0,85,0,4,104,0,108,134,0,134,242
04/25/2013,BDR,CT,ANE,EN,Federal Contract Tower,0,4,16,0,20,0,0,120,0,120,0,4,136,0,140,96,0,96,236
04/26/2013,BDR,CT,ANE,EN,Federal Contract Tower,0,5,20,0,25,0,0,124,0,124,0,5,144,0,149,154,0,154,303
04/27/2013,BDR,CT,ANE,EN,Federal Contract Tower,0,2,13,0,15,0,2,168,0,170,0,4,181,0,185,182,0,182,367
04/28/2013,BDR,CT,ANE,EN,Federal Contract Tower,0,5,7,0,12,0,0,129,0,129,0,5,136,0,141,228,0,228,369
04/29/2013,BDR,CT,ANE,EN,Federal Contract Tower,0,12,19,1,32,0,0,87,0,87,0,12,106,1,119,100,0,100,219
04/30/2013,BDR,CT,ANE,EN,Federal Contract Tower,0,1,27,0,28,0,0,86,0,86,0,1,113,0,114,142,0,142,256
05/01/2013,BDR,CT,ANE,EN,Federal Contract Tower,0,6,23,0,29,0,0,91,0,91,0,6,114,0,120,182,0,182,302
05/02/2013,BDR,CT,ANE,EN,Federal Contract Tower,0,7,23,0,30,0,1,97,0,98,0,8,120,0,128,158,0,158,286
05/03/2013,BDR,CT,ANE,EN,Federal Contract Tower,0,6,20,0,26,0,3,115,0,118,0,9,135,0,144,174,0,174,318
05/04/2013,BDR,CT,ANE,EN,Federal Contract Tower,0,0,10,0,10,0,0,136,0,136,0,0,146,0,146,190,0,190,336
05/05/2013,BDR,CT,ANE,EN,Federal Contract Tower,0,3,27,0,30,0,0,124,0,124,0,3,151,0,154,159,4,163,317
05/06/2013,BDR,CT,ANE,EN,Federal Contract Tower,0,4,20,1,25,0,0,123,0,123,0,4,143,1,148,124,0,124,272
05/07/2013,BDR,CT,ANE,EN,Federal Contract Tower,0,2,29,0,31,0,0,75,0,75,0,2,104,0,106,106,0,106,212
05/08/2013,BDR,CT,ANE,EN,Federal Contract Tower,0,5,11,0,16,0,0,0,0,0,0,5,11,0,16,0,0,0,16
05/09/2013,BDR,CT,ANE,EN,Federal Contract Tower,0,5,27,0,32,0,0,12,0,12,0,5,39,0,44,4,0,4,48
05/10/2013,BDR,CT,ANE,EN,Federal Contract Tower,0,5,11,0,16,0,1,135,2,138,0,6,146,2,154,180,0,180,334
05/11/2013,BDR,CT,ANE,EN,Federal Contract Tower,0,5,25,4,34,0,0,19,0,19,0,5,44,4,53,22,0,22,75
05/12/2013,BDR,CT,ANE,EN,Federal Contract Tower,0,1,9,0,10,0,2,102,2,106,0,3,111,2,116,164,0,164,280
05/13/2013,BDR,CT,ANE,EN,Federal Contract Tower,0,5,19,4,28,0,1,80,0,81,0,6,99,4,109,88,0,88,197
05/14/2013,BDR,CT,ANE,EN,Federal Contract Tower,0,9,22,0,31,0,0,106,0,106,0,9,128,0,137,112,0,112,249
05/15/2013,BDR,CT,ANE,EN,Federal Contract Tower,0,6,18,0,24,0,0,44,0,44,0,6,62,0,68,46,0,46,114
05/16/2013,BDR,CT,ANE,EN,Federal Contract Tower,0,4,20,0,24,0,0,86,0,86,0,4,106,0,110,144,0,144,254
05/17/2013,BDR,CT,ANE,EN,Federal Contract Tower,0,6,8,0,14,0,1,145,0,146,0,7,153,0,160,118,0,118,278
05/18/2013,BDR,CT,ANE,EN,Federal Contract Tower,0,11,11,0,22,0,0,133,0,133,0,11,144,0,155,178,0,178,333
05/19/2013,BDR,CT,ANE,EN,Federal Contract Tower,0,4,39,0,43,0,0,4,0,4,0,4,43,0,47,0,0,0,47
05/20/2013,BDR,CT,ANE,EN,Federal Contract Tower,0,10,16,0,26,0,0,50,0,50,0,10,66,0,76,104,0,104,180
05/21/2013,BDR,CT,ANE,EN,Federal Contract Tower,0,3,25,0,28,0,0,40,0,40,0,3,65,0,68,50,0,50,118
05/22/2013,BDR,CT,ANE,EN,Federal Contract Tower,0,9,30,0,39,0,0,9,0,9,0,9,39,0,48,22,0,22,70
05/23/2013,BDR,CT,ANE,EN,Federal Contract Tower,0,13,30,0,43,0,1,21,0,22,0,14,51,0,65,34,0,34,99
05/24/2013,BDR,CT,ANE,EN,Federal Contract Tower,0,14,34,0,48,0,0,11,0,11,0,14,45,0,59,4,0,4,63
05/25/2013,BDR,CT,ANE,EN,Federal Contract Tower,0,6,6,0,12,0,0,2,0,2,0,6,8,0,14,0,0,0,14
05/26/2013,BDR,CT,ANE,EN,Federal Contract Tower,0,1,9,0,10,0,0,32,0,32,0,1,41,0,42,10,0,10,52
05/27/2013,BDR,CT,ANE,EN,Federal Contract Tower,0,1,11,0,12,0,2,169,0,171,0,3,180,0,183,126,0,126,309
05/28/2013,BDR,CT,ANE,EN,Federal Contract Tower,0,9,21,0,30,0,0,44,0,44,0,9,65,0,74,8,0,8,82
05/29/2013,BDR,CT,ANE,EN,Federal Contract Tower,0,11,18,0,29,0,9,19,0,28,0,20,37,0,57,32,0,32,89
05/30/2013,BDR,CT,ANE,EN,Federal Contract Tower,0,8,14,0,22,0,0,92,0,92,0,8,106,0,114,102,0,102,216
05/31/2013,BDR,CT,ANE,EN,Federal Contract Tower,0,4,8,0,12,0,3,120,0,123,0,7,128,0,135,106,0,106,241
06/01/2013,BDR,CT,ANE,EN,Federal Contract Tower,0,4,8,0,12,0,0,127,0,127,0,4,135,0,139,120,0,120,259
06/02/2013,BDR,CT,ANE,EN,Federal Contract Tower,0,9,17,0,26,0,0,154,0,154,0,9,171,0,180,148,0,148,328
06/03/2013,BDR,CT,ANE,EN,Federal Contract Tower,0,10,12,0,22,0,0,41,0,41,0,10,53,0,63,26,0,26,89
06/04/2013,BDR,CT,ANE,EN,Federal Contract Tower,0,3,26,0,29,0,1,84,2,87,0,4,110,2,116,114,0,114,230
06/05/2013,BDR,CT,ANE,EN,Federal Contract Tower,0,11,16,0,27,0,0,109,0,109,0,11,125,0,136,156,0,156,292
06/06/2013,BDR,CT,ANE,EN,Federal Contract Tower,0,5,18,0,23,0,0,60,0,60,0,5,78,0,83,132,0,132,215
06/07/2013,BDR,CT,ANE,EN,Federal Contract Tower,0,6,10,0,16,0,0,0,0,0,0,6,10,0,16,0,0,0,16
06/08/2013,BDR,CT,ANE,EN,Federal Contract Tower,0,5,16,1,22,0,1,67,0,68,0,6,83,1,90,126,0,126,216
06/09/2013,BDR,CT,ANE,EN,Federal Contract Tower,0,4,9,0,13,0,0,155,4,159,0,4,164,4,172,212,0,212,384
06/10/2013,BDR,CT,ANE,EN,Federal Contract Tower,0,6,23,0,29,0,1,10,0,11,0,7,33,0,40,6,0,6,46
06/11/2013,BDR,CT,ANE,EN,Federal Contract Tower,0,8,16,0,24,0,0,29,0,29,0,8,45,0,53,28,0,28,81
06/12/2013,BDR,CT,ANE,EN,Federal Contract Tower,0,10,28,0,38,0,0,120,0,120,0,10,148,0,158,92,0,92,250
06/13/2013,BDR,CT,ANE,EN,Federal Contract Tower,0,0,9,9,18,0,0,4,0,4,0,0,13,9,22,0,0,0,22
06/14/2013,BDR,CT,ANE,EN,Federal Contract Tower,0,6,0,14,20,0,0,59,0,59,0,6,59,14,79,82,0,82,161
06/15/2013,BDR,CT,ANE,EN,Federal Contract Tower,0,1,6,0,7,0,2,182,0,184,0,3,188,0,191,238,0,238,429
06/16/2013,BDR,CT,ANE,EN,Federal Contract Tower,0,7,11,0,18,0,1,119,0,120,0,8,130,0,138,144,0,144,282
06/17/2013,BDR,CT,ANE,EN,Federal Contract Tower,0,2,12,0,14,0,2,43,0,45,0,4,55,0,59,64,0,64,123
06/18/2013,BDR,CT,ANE,EN,Federal Contract Tower,0,4,14,0,18,0,0,24,0,24,0,4,38,0,42,0,0,0,42
06/19/2013,BDR,CT,ANE,EN,Federal Contract Tower,0,8,26,0,34,0,0,90,0,90,0,8,116,0,124,104,0,104,228
06/20/2013,BDR,CT,ANE,EN,Federal Contract Tower,0,5,18,0,23,0,0,118,0,118,0,5,136,0,141,158,0,158,299
06/21/2013,BDR,CT,ANE,EN,Federal Contract Tower,0,16,15,0,31,0,3,127,2,132,0,19,142,2,163,164,0,164,327
06/22/2013,BDR,CT,ANE,EN,Federal Contract Tower,0,5,18,0,23,0,0,158,0,158,0,5,176,0,181,88,0,88,269
06/23/2013,BDR,CT,ANE,EN,Federal Contract Tower,0,2,16,0,18,0,1,135,0,136,0,3,151,0,154,88,0,88,242
06/24/2013,BDR,CT,ANE,EN,Federal Contract Tower,0,5,21,0,26,0,3,75,0,78,0,8,96,0,104,32,0,32,136
06/25/2013,BDR,CT,ANE,EN,Federal Contract Tower,0,4,16,0,20,0,0,62,0,62,0,4,78,0,82,82,0,82,164
06/26/2013,BDR,CT,ANE,EN,Federal Contract Tower,0,9,17,0,26,0,0,78,0,78,0,9,95,0,104,72,0,72,176
06/27/2013,BDR,CT,ANE,EN,Federal Contract Tower,0,7,24,0,31,0,0,23,0,23,0,7,47,0,54,50,0,50,104
06/28/2013,BDR,CT,ANE,EN,Federal Contract Tower,0,14,19,0,33,0,0,65,0,65,0,14,84,0,98,56,2,58,156
06/29/2013,BDR,CT,ANE,EN,Federal Contract Tower,0,1,18,0,19,0,2,98,0,100,0,3,116,0,119,144,0,144,263
06/30/2013,BDR,CT,ANE,EN,Federal Contract Tower,0,3,17,0,20,0,0,0,0,0,0,3,17,0,20,0,0,0,20
07/01/2013,BDR,CT,ANE,EN,Federal Contract Tower,0,11,27,0,38,0,0,1,0,1,0,11,28,0,39,0,0,0,39
07/02/2013,BDR,CT,ANE,EN,Federal Contract Tower,0,6,24,1,31,0,0,22,0,22,0,6,46,1,53,48,0,48,101
07/03/2013,BDR,CT,ANE,EN,Federal Contract Tower,0,6,24,0,30,0,0,72,0,72,0,6,96,0,102,90,0,90,192
07/04/2013,BDR,CT,ANE,EN,Federal Contract Tower,0,0,10,0,10,0,3,44,0,47,0,3,54,0,57,6,0,6,63
07/05/2013,BDR,CT,ANE,EN,Federal Contract Tower,0,3,13,0,16,0,0,109,0,109,0,3,122,0,125,140,0,140,265
07/06/2013,BDR,CT,ANE,EN,Federal Contract Tower,0,0,9,0,9,0,0,119,0,119,0,0,128,0,128,106,0,106,234
07/07/2013,BDR,CT,ANE,EN,Federal Contract Tower,0,4,21,0,25,0,2,152,0,154,0,6,173,0,179,212,0,212,391
07/08/2013,BDR,CT,ANE,EN,Federal Contract Tower,0,6,15,0,21,0,1,75,0,76,0,7,90,0,97,132,0,132,229
07/09/2013,BDR,CT,ANE,EN,Federal Contract Tower,0,6,19,0,25,0,1,65,0,66,0,7,84,0,91,64,0,64,155
07/10/2013,BDR,CT,ANE,EN,Federal Contract Tower,0,7,14,0,21,0,1,43,0,44,0,8,57,0,65,74,0,74,139
07/11/2013,BDR,CT,ANE,EN,Federal Contract Tower,0,14,21,0,35,0,1,48,0,49,0,15,69,0,84,32,0,32,116
07/12/2013,BDR,CT,ANE,EN,Federal Contract Tower,0,12,22,0,34,0,0,81,0,81,0,12,103,0,115,100,0,100,215
07/13/2013,BDR,CT,ANE,EN,Federal Contract Tower,0,1,35,0,36,0,0,0,0,0,0,1,35,0,36,0,0,0,36
07/14/2013,BDR,CT,ANE,EN,Federal Contract Tower,0,2,14,0,16,0,0,91,0,91,0,2,105,0,107,56,0,56,163
07/15/2013,BDR,CT,ANE,EN,Federal Contract Tower,0,3,16,0,19,0,1,90,0,91,0,4,106,0,110,48,0,48,158
07/16/2013,BDR,CT,ANE,EN,Federal Contract Tower,0,6,12,0,18,0,0,52,0,52,0,6,64,0,70,94,0,94,164
07/17/2013,BDR,CT,ANE,EN,Federal Contract Tower,0,4,14,0,18,0,0,88,0,88,0,4,102,0,106,106,0,106,212
07/18/2013,BDR,CT,ANE,EN,Federal Contract Tower,0,9,13,0,22,0,3,81,0,84,0,12,94,0,106,110,0,110,216
07/19/2013,BDR,CT,ANE,EN,Federal Contract Tower,0,12,17,0,29,0,0,88,0,88,0,12,105,0,117,92,0,92,209
07/20/2013,BDR,CT,ANE,EN,Federal Contract Tower,0,3,14,0,17,0,0,61,0,61,0,3,75,0,78,64,0,64,142
07/21/2013,BDR,CT,ANE,EN,Federal Contract Tower,0,8,11,0,19,0,2,147,0,149,0,10,158,0,168,104,0,104,272
07/22/2013,BDR,CT,ANE,EN,Federal Contract Tower,0,13,25,0,38,0,0,26,0,26,0,13,51,0,64,46,0,46,110
07/23/2013,BDR,CT,ANE,EN,Federal Contract Tower,0,6,27,0,33,0,0,53,0,53,0,6,80,0,86,103,0,103,189
07/24/2013,BDR,CT,ANE,EN,Federal Contract Tower,0,14,15,0,29,0,0,107,0,107,0,14,122,0,136,212,0,212,348
07/25/2013,BDR,CT,ANE,EN,Federal Contract Tower,0,10,22,0,32,0,0,50,0,50,0,10,72,0,82,46,0,46,128
07/26/2013,BDR,CT,ANE,EN,Federal Contract Tower,0,10,27,0,37,0,2,87,0,89,0,12,114,0,126,116,0,116,242
07/27/2013,BDR,CT,ANE,EN,Federal Contract Tower,0,1,17,0,18,0,1,162,0,163,0,2,179,0,181,184,0,184,365
07/28/2013,BDR,CT,ANE,EN,Federal Contract Tower,0,11,30,0,41,0,0,55,0,55,0,11,85,0,96,50,0,50,146
07/29/2013,BDR,CT,ANE,EN,Federal Contract Tower,0,5,15,0,20,0,0,80,0,80,0,5,95,0,100,168,2,170,270
07/30/2013,BDR,CT,ANE,EN,Federal Contract Tower,0,1,22,0,23,0,0,90,0,90,0,1,112,0,113,144,0,144,257
07/31/2013,BDR,CT,ANE,EN,Federal Contract Tower,0,6,22,0,28,0,1,104,0,105,0,7,126,0,133,174,0,174,307
08/01/2013,BDR,CT,ANE,EN,Federal Contract Tower,0,5,24,0,29,0,0,52,0,52,0,5,76,0,81,42,0,42,123
08/02/2013,BDR,CT,ANE,EN,Federal Contract Tower,0,11,25,0,36,0,0,88,0,88,0,11,113,0,124,158,0,158,282
08/03/2013,BDR,CT,ANE,EN,Federal Contract Tower,0,3,10,0,13,0,0,94,0,94,0,3,104,0,107,68,0,68,175
08/04/2013,BDR,CT,ANE,EN,Federal Contract Tower,0,7,12,0,19,0,0,123,0,123,0,7,135,0,142,74,0,74,216
08/05/2013,BDR,CT,ANE,EN,Federal Contract Tower,0,3,9,0,12,0,1,103,0,104,0,4,112,0,116,98,0,98,214
08/06/2013,BDR,CT,ANE,EN,Federal Contract Tower,0,7,14,0,21,0,1,107,0,108,0,8,121,0,129,130,0,130,259
08/07/2013,BDR,CT,ANE,EN,Federal Contract Tower,0,4,19,0,23,0,0,64,0,64,0,4,83,0,87,90,0,90,177
08/08/2013,BDR,CT,ANE,EN,Federal Contract Tower,0,7,13,0,20,0,38,0,0,38,0,45,13,0,58,50,4,54,112
08/09/2013,BDR,CT,ANE,EN,Federal Contract Tower,0,9,18,0,27,0,0,7,0,7,0,9,25,0,34,0,0,0,34
08/10/2013,BDR,CT,ANE,EN,Federal Contract Tower,0,5,11,0,16,0,0,112,0,112,0,5,123,0,128,152,0,152,280
08/11/2013,BDR,CT,ANE,EN,Federal Contract Tower,0,12,13,0,25,0,0,118,0,118,0,12,131,0,143,146,0,146,289
08/12/2013,BDR,CT,ANE,EN,Federal Contract Tower,0,4,19,0,23,0,0,87,0,87,0,4,106,0,110,90,0,90,200
08/13/2013,BDR,CT,ANE,EN,Federal Contract Tower,0,7,23,2,32,0,0,50,0,50,0,7,73,2,82,76,0,76,158
08/14/2013,BDR,CT,ANE,EN,Federal Contract Tower,0,10,16,0,26,0,0,111,0,111,0,10,127,0,137,100,0,100,237
08/15/2013,BDR,CT,ANE,EN,Federal Contract Tower,0,4,20,0,24,0,0,107,0,107,0,4,127,0,131,110,0,110,241
08/16/2013,BDR,CT,ANE,EN,Federal Contract Tower,0,6,23,0,29,0,5,110,0,115,0,11,133,0,144,180,0,180,324
08/17/2013,BDR,CT,ANE,EN,Federal Contract Tower,0,2,16,0,18,0,1,159,0,160,0,3,175,0,178,172,0,172,350
08/18/2013,BDR,CT,ANE,EN,Federal Contract Tower,0,1,14,0,15,0,1,96,0,97,0,2,110,0,112,154,0,154,266
08/19/2013,BDR,CT,ANE,EN,Federal Contract Tower,0,0,9,0,9,0,0,82,0,82,0,0,91,0,91,70,0,70,161
08/20/2013,BDR,CT,ANE,EN,Federal Contract Tower,0,5,15,2,22,0,0,100,0,100,0,5,115,2,122,140,0,140,262
08/21/2013,BDR,CT,ANE,EN,Federal Contract Tower,0,6,16,0,22,0,2,108,0,110,0,8,124,0,132,174,0,174,306
08/22/2013,BDR,CT,ANE,EN,Federal Contract Tower,0,6,10,0,16,0,0,31,0,31,0,6,41,0,47,26,0,26,73
08/23/2013,BDR,CT,ANE,EN,Federal Contract Tower,0,4,17,0,21,0,2,91,0,93,0,6,108,0,114,94,0,94,208
08/24/2013,BDR,CT,ANE,EN,Federal Contract Tower,0,3,14,0,17,0,0,114,0,114,0,3,128,0,131,176,0,176,307
08/25/2013,BDR,CT,ANE,EN,Federal Contract Tower,0,3,7,0,10,0,6,137,0,143,0,9,144,0,153,162,0,162,315
08/26/2013,BDR,CT,ANE,EN,Federal Contract Tower,0,6,24,0,30,0,1,70,0,71,0,7,94,0,101,100,0,100,201
08/27/2013,BDR,CT,ANE,EN,Federal Contract Tower,0,3,19,0,22,0,0,40,0,40,0,3,59,0,62,112,0,112,174
08/28/2013,BDR,CT,ANE,EN,Federal Contract Tower,0,14,20,0,34,0,0,57,0,57,0,14,77,0,91,118,0,118,209
08/29/2013,BDR,CT,ANE,EN,Federal Contract Tower,0,10,28,1,39,0,0,84,0,84,0,10,112,1,123,110,0,110,233
08/30/2013,BDR,CT,ANE,EN,Federal Contract Tower,0,20,34,0,54,0,0,88,0,88,0,20,122,0,142,66,0,66,208
08/31/2013,BDR,CT,ANE,EN,Federal Contract Tower,0,6,20,0,26,0,0,81,0,81,0,6,101,0,107,66,0,66,173
09/01/2013,BDR,CT,ANE,EN,Federal Contract Tower,0,9,10,0,19,0,4,41,0,45,0,13,51,0,64,112,0,112,176
09/02/2013,BDR,CT,ANE,EN,Federal Contract Tower,0,15,38,0,53,0,0,14,0,14,0,15,52,0,67,38,0,38,105
09/03/2013,BDR,CT,ANE,EN,Federal Contract Tower,0,2,14,0,16,0,0,30,2,32,0,2,44,2,48,24,0,24,72
09/04/2013,BDR,CT,ANE,EN,Federal Contract Tower,0,8,11,0,19,0,0,86,0,86,0,8,97,0,105,118,0,118,223
09/05/2013,BDR,CT,ANE,EN,Federal Contract Tower,0,9,10,0,19,0,2,62,0,64,0,11,72,0,83,184,0,184,267
09/06/2013,BDR,CT,ANE,EN,Federal Contract Tower,0,2,9,2,13,0,5,83,0,88,0,7,92,2,101,108,0,108,209
09/07/2013,BDR,CT,ANE,EN,Federal Contract Tower,0,4,7,0,11,0,0,144,0,144,0,4,151,0,155,154,0,154,309
09/08/2013,BDR,CT,ANE,EN,Federal Contract Tower,0,9,10,0,19,0,2,109,0,111,0,11,119,0,130,164,0,164,294
09/09/2013,BDR,CT,ANE,EN,Federal Contract Tower,0,10,20,0,30,0,2,88,0,90,0,12,108,0,120,106,0,106,226
09/10/2013,BDR,CT,ANE,EN,Federal Contract Tower,0,12,23,0,35,0,0,28,0,28,0,12,51,0,63,20,0,20,83
09/11/2013,BDR,CT,ANE,EN,Federal Contract Tower,0,7,18,0,25,0,0,86,0,86,0,7,104,0,111,118,0,118,229
09/12/2013,BDR,CT,ANE,EN,Federal Contract Tower,0,5,15,0,20,0,2,30,0,32,0,7,45,0,52,28,0,28,80
09/13/2013,BDR,CT,ANE,EN,Federal Contract Tower,0,9,25,0,34,0,1,66,0,67,0,10,91,0,101,48,2,50,151
09/14/2013,BDR,CT,ANE,EN,Federal Contract Tower,0,2,18,0,20,0,0,111,0,111,0,2,129,0,131,180,0,180,311
09/15/2013,BDR,CT,ANE,EN,Federal Contract Tower,0,2,18,0,20,0,0,144,0,144,0,2,162,0,164,198,0,198,362
09/16/2013,BDR,CT,ANE,EN,Federal Contract Tower,0,2,10,0,12,0,0,64,0,64,0,2,74,0,76,30,0,30,106
09/17/2013,BDR,CT,ANE,EN,Federal Contract Tower,0,4,19,0,23,0,3,42,0,45,0,7,61,0,68,132,0,132,200
09/18/2013,BDR,CT,ANE,EN,Federal Contract Tower,0,7,17,0,24,0,0,83,0,83,0,7,100,0,107,102,0,102,209
09/19/2013,BDR,CT,ANE,EN,Federal Contract Tower,0,6,11,0,17,0,1,102,0,103,0,7,113,0,120,112,0,112,232
09/20/2013,BDR,CT,ANE,EN,Federal Contract Tower,0,10,11,0,21,0,2,110,0,112,0,12,121,0,133,90,0,90,223
09/21/2013,BDR,CT,ANE,EN,Federal Contract Tower,0,4,17,0,21,0,1,88,0,89,0,5,105,0,110,118,0,118,228
09/22/2013,BDR,CT,ANE,EN,Federal Contract Tower,0,5,10,0,15,0,0,97,0,97,0,5,107,0,112,110,0,110,222
09/23/2013,BDR,CT,ANE,EN,Federal Contract Tower,0,4,9,0,13,0,1,60,0,61,0,5,69,0,74,98,0,98,172
09/24/2013,BDR,CT,ANE,EN,Federal Contract Tower,0,8,12,0,20,0,2,98,0,100,0,10,110,0,120,136,0,136,256
09/25/2013,BDR,CT,ANE,EN,Federal Contract Tower,0,5,16,0,21,0,0,92,0,92,0,5,108,0,113,108,0,108,221
09/26/2013,BDR,CT,ANE,EN,Federal Contract Tower,0,11,18,0,29,0,1,111,0,112,0,12,129,0,141,122,0,122,263
09/27/2013,BDR,CT,ANE,EN,Federal Contract Tower,0,8,17,0,25,0,2,99,0,101,0,10,116,0,126,138,0,138,264
09/28/2013,BDR,CT,ANE,EN,Federal Contract Tower,0,1,19,0,20,0,2,150,0,152,0,3,169,0,172,154,0,154,326
09/29/2013,BDR,CT,ANE,EN,Federal Contract Tower,0,1,20,0,21,0,2,141,0,143,0,3,161,0,164,148,0,148,312
09/30/2013,BDR,CT,ANE,EN,Federal Contract Tower,0,4,11,1,16,0,0,76,0,76,0,4,87,1,92,108,0,108,200
10/01/2013,BDR,CT,ANE,EN,Federal Contract Tower,0,10,4,0,14,0,0,73,0,73,0,10,77,0,87,90,0,90,177
10/02/2013,BDR,CT,ANE,EN,Federal Contract Tower,0,3,24,0,27,0,0,93,0,93,0,3,117,0,120,120,0,120,240
10/03/2013,BDR,CT,ANE,EN,Federal Contract Tower,0,8,15,0,23,0,0,68,0,68,0,8,83,0,91,98,0,98,189
10/04/2013,BDR,CT,ANE,EN,Federal Contract Tower,0,10,17,0,27,0,0,79,0,79,0,10,96,0,106,66,0,66,172
10/05/2013,BDR,CT,ANE,EN,Federal Contract Tower,0,6,19,0,25,0,0,45,0,45,0,6,64,0,70,30,0,30,100
10/06/2013,BDR,CT,ANE,EN,Federal Contract Tower,0,5,38,0,43,0,0,0,0,0,0,5,38,0,43,0,0,0,43
10/07/2013,BDR,CT,ANE,EN,Federal Contract Tower,0,9,18,0,27,0,0,4,0,4,0,9,22,0,31,0,0,0,31
10/08/2013,BDR,CT,ANE,EN,Federal Contract Tower,0,5,21,0,26,0,0,71,0,71,0,5,92,0,97,110,0,110,207
10/09/2013,BDR,CT,ANE,EN,Federal Contract Tower,0,6,28,0,34,0,0,53,0,53,0,6,81,0,87,102,0,102,189
10/10/2013,BDR,CT,ANE,EN,Federal Contract Tower,0,9,22,0,31,0,0,55,2,57,0,9,77,2,88,60,0,60,148
10/11/2013,BDR,CT,ANE,EN,Federal Contract Tower,0,14,17,0,31,0,0,50,0,50,0,14,67,0,81,38,0,38,119
10/12/2013,BDR,CT,ANE,EN,Federal Contract Tower,0,4,15,0,19,0,0,105,0,105,0,4,120,0,124,192,0,192,316
10/13/2013,BDR,CT,ANE,EN,Federal Contract Tower,0,0,20,0,20,0,0,108,0,108,0,0,128,0,128,150,0,150,278
10/14/2013,BDR,CT,ANE,EN,Federal Contract Tower,0,7,13,0,20,0,2,84,0,86,0,9,97,0,106,90,0,90,196
10/15/2013,BDR,CT,ANE,EN,Federal Contract Tower,0,6,30,0,36,0,0,73,0,73,0,6,103,0,109,122,0,122,231
10/16/2013,BDR,CT,ANE,EN,Federal Contract Tower,0,9,14,0,23,0,0,34,0,34,0,9,48,0,57,42,0,42,99
10/17/2013,BDR,CT,ANE,EN,Federal Contract Tower,0,7,21,0,28,0,0,21,0,21,0,7,42,0,49,54,0,54,103
10/18/2013,BDR,CT,ANE,EN,Federal Contract Tower,0,6,19,0,25,0,0,84,0,84,0,6,103,0,109,136,0,136,245
10/19/2013,BDR,CT,ANE,EN,Federal Contract Tower,0,3,14,0,17,0,0,93,0,93,0,3,107,0,110,124,0,124,234
10/20/2013,BDR,CT,ANE,EN,Federal Contract Tower,0,6,16,0,22,0,0,142,0,142,0,6,158,0,164,172,0,172,336
10/21/2013,BDR,CT,ANE,EN,Federal Contract Tower,0,7,16,0,23,0,0,124,0,124,0,7,140,0,147,118,0,118,265
10/22/2013,BDR,CT,ANE,EN,Federal Contract Tower,0,3,28,0,31,0,0,57,0,57,0,3,85,0,88,114,0,114,202
10/23/2013,BDR,CT,ANE,EN,Federal Contract Tower,0,7,31,0,38,0,0,43,0,43,0,7,74,0,81,88,0,88,169
10/24/2013,BDR,CT,ANE,EN,Federal Contract Tower,0,11,8,0,19,0,0,74,0,74,0,11,82,0,93,74,0,74,167
10/25/2013,BDR,CT,ANE,EN,Federal Contract Tower,0,5,20,0,25,0,0,118,0,118,0,5,138,0,143,120,0,120,263
10/26/2013,BDR,CT,ANE,EN,Federal Contract Tower,0,1,8,0,9,0,0,90,0,90,0,1,98,0,99,178,0,178,277
10/27/2013,BDR,CT,ANE,EN,Federal Contract Tower,0,3,16,0,19,0,0,92,0,92,0,3,108,0,111,94,0,94,205
10/28/2013,BDR,CT,ANE,EN,Federal Contract Tower,0,6,11,0,17,0,0,78,0,78,0,6,89,0,95,88,0,88,183
10/29/2013,BDR,CT,ANE,EN,Federal Contract Tower,0,5,14,0,19,0,0,86,0,86,0,5,100,0,105,112,0,112,217
10/30/2013,BDR,CT,ANE,EN,Federal Contract Tower,0,7,18,0,25,0,0,64,0,64,0,7,82,0,89,128,0,128,217
10/31/2013,BDR,CT,ANE,EN,Federal Contract Tower,0,2,19,2,23,0,0,22,0,22,0,2,41,2,45,58,0,58,103
11/01/2013,BDR,CT,ANE,EN,Federal Contract Tower,0,2,12,0,14,0,0,11,0,11,0,2,23,0,25,10,0,10,35
11/02/2013,BDR,CT,ANE,EN,Federal Contract Tower,0,0,6,0,6,0,0,135,0,135,0,0,141,0,141,222,0,222,363
11/03/2013,BDR,CT,ANE,EN,Federal Contract Tower,0,1,10,0,11,0,0,75,0,75,0,1,85,0,86,58,0,58,144
11/04/2013,BDR,CT,ANE,EN,Federal Contract Tower,0,10,13,2,25,0,0,61,0,61,0,10,74,2,86,56,0,56,142
11/05/2013,BDR,CT,ANE,EN,Federal Contract Tower,0,12,23,0,35,0,0,66,0,66,0,12,89,0,101,72,0,72,173
11/06/2013,BDR,CT,ANE,EN,Federal Contract Tower,0,4,21,0,25,0,0,75,0,75,0,4,96,0,100,120,0,120,220
11/07/2013,BDR,CT,ANE,EN,Federal Contract Tower,0,6,6,0,12,0,0,0,0,0,0,6,6,0,12,0,0,0,12
11/08/2013,BDR,CT,ANE,EN,Federal Contract Tower,0,7,27,0,34,0,0,67,0,67,0,7,94,0,101,62,0,62,163
11/09/2013,BDR,CT,ANE,EN,Federal Contract Tower,0,4,12,0,16,0,0,155,0,155,0,4,167,0,171,224,0,224,395
11/10/2013,BDR,CT,ANE,EN,Federal Contract Tower,0,3,9,0,12,0,0,53,0,53,0,3,62,0,65,16,0,16,81
11/11/2013,BDR,CT,ANE,EN,Federal Contract Tower,0,4,12,0,16,0,0,58,0,58,0,4,70,0,74,39,0,39,113
11/12/2013,BDR,CT,ANE,EN,Federal Contract Tower,0,10,12,0,22,0,0,21,0,21,0,10,33,0,43,24,0,24,67
11/13/2013,BDR,CT,ANE,EN,Federal Contract Tower,0,9,17,0,26,0,0,59,0,59,0,9,76,0,85,82,0,82,167
11/14/2013,BDR,CT,ANE,EN,Federal Contract Tower,0,8,22,0,30,0,2,52,0,54,0,10,74,0,84,84,0,84,168
11/15/2013,BDR,CT,ANE,EN,Federal Contract Tower,0,7,24,0,31,0,0,93,0,93,0,7,117,0,124,108,0,108,232
11/16/2013,BDR,CT,ANE,EN,Federal Contract Tower,0,2,10,0,12,0,0,114,0,114,0,2,124,0,126,162,0,162,288
11/17/2013,BDR,CT,ANE,EN,Federal Contract Tower,0,8,44,0,52,0,0,0,0,0,0,8,44,0,52,0,0,0,52
11/18/2013,BDR,CT,ANE,EN,Federal Contract Tower,0,4,16,0,20,0,0,62,0,62,0,4,78,0,82,54,0,54,136
11/19/2013,BDR,CT,ANE,EN,Federal Contract Tower,0,4,6,0,10,0,0,56,0,56,0,4,62,0,66,44,4,48,114
11/20/2013,BDR,CT,ANE,EN,Federal Contract Tower,0,10,15,0,25,0,0,77,0,77,0,10,92,0,102,74,0,74,176
11/21/2013,BDR,CT,ANE,EN,Federal Contract Tower,0,3,19,0,22,0,0,87,0,87,0,3,106,0,109,125,0,125,234
11/22/2013,BDR,CT,ANE,EN,Federal Contract Tower,0,11,17,0,28,0,0,8,0,8,0,11,25,0,36,6,0,6,42
11/23/2013,BDR,CT,ANE,EN,Federal Contract Tower,0,1,7,0,8,0,0,100,0,100,0,1,107,0,108,146,0,146,254
11/24/2013,BDR,CT,ANE,EN,Federal Contract Tower,0,2,8,0,10,0,0,25,0,25,0,2,33,0,35,0,0,0,35
11/25/2013,BDR,CT,ANE,EN,Federal Contract Tower,0,1,17,0,18,0,1,77,0,78,0,2,94,0,96,122,0,122,218
11/26/2013,BDR,CT,ANE,EN,Federal Contract Tower,0,15,10,0,25,0,0,43,0,43,0,15,53,0,68,24,0,24,92
11/27/2013,BDR,CT,ANE,EN,Federal Contract Tower,0,4,14,0,18,0,0,0,0,0,0,4,14,0,18,0,0,0,18
11/28/2013,BDR,CT,ANE,EN,Federal Contract Tower,0,2,4,0,6,0,0,24,0,24,0,2,28,0,30,0,0,0,30
11/29/2013,BDR,CT,ANE,EN,Federal Contract Tower,0,4,7,0,11,0,1,91,0,92,0,5,98,0,103,48,0,48,151
11/30/2013,BDR,CT,ANE,EN,Federal Contract Tower,0,4,14,0,18,0,2,111,0,113,0,6,125,0,131,148,0,148,279
12/01/2013,BDR,CT,ANE,EN,Federal Contract Tower,0,11,20,0,31,0,0,73,0,73,0,11,93,0,104,104,0,104,208
12/02/2013,BDR,CT,ANE,EN,Federal Contract Tower,0,5,15,0,20,0,0,72,0,72,0,5,87,0,92,66,0,66,158
12/03/2013,BDR,CT,ANE,EN,Federal Contract Tower,0,2,15,2,19,0,0,73,0,73,0,2,88,2,92,78,0,78,170
12/04/2013,BDR,CT,ANE,EN,Federal Contract Tower,0,8,7,0,15,0,0,83,0,83,0,8,90,0,98,112,4,116,214
12/05/2013,BDR,CT,ANE,EN,Federal Contract Tower,0,12,8,0,20,0,0,0,0,0,0,12,8,0,20,0,0,0,20
12/06/2013,BDR,CT,ANE,EN,Federal Contract Tower,0,6,19,0,25,0,0,6,0,6,0,6,25,0,31,0,0,0,31
12/07/2013,BDR,CT,ANE,EN,Federal Contract Tower,0,4,10,0,14,0,0,92,0,92,0,4,102,0,106,88,0,88,194
12/08/2013,BDR,CT,ANE,EN,Federal Contract Tower,0,7,13,0,20,0,0,98,0,98,0,7,111,0,118,82,0,82,200
12/09/2013,BDR,CT,ANE,EN,Federal Contract Tower,0,9,7,0,16,0,0,0,0,0,0,9,7,0,16,0,0,0,16
12/10/2013,BDR,CT,ANE,EN,Federal Contract Tower,0,7,8,0,15,0,0,14,0,14,0,7,22,0,29,0,0,0,29
12/11/2013,BDR,CT,ANE,EN,Federal Contract Tower,0,8,11,0,19,0,1,51,0,52,0,9,62,0,71,80,0,80,151
12/12/2013,BDR,CT,ANE,EN,Federal Contract Tower,0,11,25,0,36,0,0,50,0,50,0,11,75,0,86,36,0,36,122
12/13/2013,BDR,CT,ANE,EN,Federal Contract Tower,0,11,14,0,25,0,0,55,0,55,0,11,69,0,80,52,0,52,132
12/14/2013,BDR,CT,ANE,EN,Federal Contract Tower,0,0,1,0,1,0,0,0,0,0,0,0,1,0,1,0,0,0,1
12/15/2013,BDR,CT,ANE,EN,Federal Contract Tower,0,1,4,0,5,0,0,16,0,16,0,1,20,0,21,0,0,0,21
12/16/2013,BDR,CT,ANE,EN,Federal Contract Tower,0,2,8,0,10,0,0,48,0,48,0,2,56,0,58,46,0,46,104
12/17/2013,BDR,CT,ANE,EN,Federal Contract Tower,0,5,7,0,12,0,0,1,0,1,0,5,8,0,13,0,0,0,13
12/18/2013,BDR,CT,ANE,EN,Federal Contract Tower,0,5,8,2,15,0,0,63,0,63,0,5,71,2,78,96,0,96,174
12/19/2013,BDR,CT,ANE,EN,Federal Contract Tower,0,5,27,0,32,0,1,93,0,94,0,6,120,0,126,112,0,112,238
12/20/2013,BDR,CT,ANE,EN,Federal Contract Tower,0,11,21,0,32,0,0,74,2,76,0,11,95,2,108,108,0,108,216
12/21/2013,BDR,CT,ANE,EN,Federal Contract Tower,0,3,8,0,11,0,1,109,0,110,0,4,117,0,121,196,0,196,317
12/22/2013,BDR,CT,ANE,EN,Federal Contract Tower,0,3,5,0,8,0,1,10,0,11,0,4,15,0,19,14,0,14,33
12/23/2013,BDR,CT,ANE,EN,Federal Contract Tower,0,2,4,0,6,0,0,1,0,1,0,2,5,0,7,0,0,0,7
12/24/2013,BDR,CT,ANE,EN,Federal Contract Tower,0,3,7,0,10,0,0,36,0,36,0,3,43,0,46,50,0,50,96
12/25/2013,BDR,CT,ANE,EN,Federal Contract Tower,0,1,7,0,8,0,0,31,0,31,0,1,38,0,39,48,0,48,87
12/26/2013,BDR,CT,ANE,EN,Federal Contract Tower,0,6,29,0,35,0,0,52,0,52,0,6,81,0,87,116,0,116,203
12/27/2013,BDR,CT,ANE,EN,Federal Contract Tower,0,9,12,0,21,0,0,83,0,83,0,9,95,0,104,124,0,124,228
12/28/2013,BDR,CT,ANE,EN,Federal Contract Tower,0,3,15,0,18,0,1,82,0,83,0,4,97,0,101,136,0,136,237
12/29/2013,BDR,CT,ANE,EN,Federal Contract Tower,0,1,1,0,2,0,0,17,0,17,0,1,18,0,19,82,0,82,101
12/30/2013,BDR,CT,ANE,EN,Federal Contract Tower,0,10,13,0,23,0,0,79,0,79,0,10,92,0,102,56,0,56,158
12/31/2013,BDR,CT,ANE,EN,Federal Contract Tower,0,7,12,0,19,0,0,59,0,59,0,7,71,0,78,88,0,88,166
01/01/2014,BDR,CT,ANE,EN,Federal Contract Tower,0,1,4,0,5,0,0,50,0,50,0,1,54,0,55,38,0,38,93
01/02/2014,BDR,CT,ANE,EN,Federal Contract Tower,0,1,3,0,4,0,0,0,0,0,0,1,3,0,4,0,0,0,4
01/03/2014,BDR,CT,ANE,EN,Federal Contract Tower,0,0,1,0,1,0,0,5,0,5,0,0,6,0,6,0,0,0,6
01/04/2014,BDR,CT,ANE,EN,Federal Contract Tower,0,4,15,0,19,0,0,69,0,69,0,4,84,0,88,78,0,78,166
01/05/2014,BDR,CT,ANE,EN,Federal Contract Tower,0,4,10,0,14,0,0,0,0,0,0,4,10,0,14,0,0,0,14
01/06/2014,BDR,CT,ANE,EN,Federal Contract Tower,0,5,17,0,22,0,0,3,0,3,0,5,20,0,25,8,0,8,33
01/07/2014,BDR,CT,ANE,EN,Federal Contract Tower,0,4,6,0,10,0,0,14,0,14,0,4,20,0,24,0,0,0,24
01/08/2014,BDR,CT,ANE,EN,Federal Contract Tower,0,5,19,0,24,0,0,59,0,59,0,5,78,0,83,116,0,116,199
01/09/2014,BDR,CT,ANE,EN,Federal Contract Tower,0,4,9,2,15,0,1,61,2,64,0,5,70,4,79,80,0,80,159
01/10/2014,BDR,CT,ANE,EN,Federal Contract Tower,0,6,5,0,11,0,0,0,0,0,0,6,5,0,11,0,0,0,11
01/11/2014,BDR,CT,ANE,EN,Federal Contract Tower,0,2,1,0,3,0,0,0,0,0,0,2,1,0,3,0,0,0,3
01/12/2014,BDR,CT,ANE,EN,Federal Contract Tower,0,3,5,0,8,0,0,56,0,56,0,3,61,0,64,72,0,72,136
01/13/2014,BDR,CT,ANE,EN,Federal Contract Tower,0,3,14,0,17,0,0,73,0,73,0,3,87,0,90,68,0,68,158
01/14/2014,BDR,CT,ANE,EN,Federal Contract Tower,0,4,13,0,17,0,0,0,0,0,0,4,13,0,17,0,0,0,17
01/15/2014,BDR,CT,ANE,EN,Federal Contract Tower,0,10,12,0,22,0,0,35,0,35,0,10,47,0,57,75,0,75,132
01/16/2014,BDR,CT,ANE,EN,Federal Contract Tower,0,3,13,2,18,0,0,53,0,53,0,3,66,2,71,78,0,78,149
01/17/2014,BDR,CT,ANE,EN,Federal Contract Tower,0,7,12,0,19,0,0,77,0,77,0,7,89,0,96,94,0,94,190
01/18/2014,BDR,CT,ANE,EN,Federal Contract Tower,0,3,6,0,9,0,0,48,0,48,0,3,54,0,57,66,0,66,123
01/19/2014,BDR,CT,ANE,EN,Federal Contract Tower,0,1,8,0,9,0,0,95,0,95,0,1,103,0,104,112,0,112,216
01/20/2014,BDR,CT,ANE,EN,Federal Contract Tower,0,2,9,0,11,0,0,67,0,67,0,2,76,0,78,78,0,78,156
01/21/2014,BDR,CT,ANE,EN,Federal Contract Tower,0,3,3,0,6,0,0,3,0,3,0,3,6,0,9,0,0,0,9
01/22/2014,BDR,CT,ANE,EN,Federal Contract Tower,0,1,10,0,11,0,0,7,0,7,0,1,17,0,18,0,0,0,18
01/23/2014,BDR,CT,ANE,EN,Federal Contract Tower,0,3,3,0,6,0,0,30,0,30,0,3,33,0,36,40,0,40,76
01/24/2014,BDR,CT,ANE,EN,Federal Contract Tower,0,7,19,0,26,0,0,61,0,61,0,7,80,0,87,90,0,90,177
01/25/2014,BDR,CT,ANE,EN,Federal Contract Tower,0,0,6,0,6,0,0,11,0,11,0,0,17,0,17,16,0,16,33
01/26/2014,BDR,CT,ANE,EN,Federal Contract Tower,0,0,11,0,11,0,0,23,0,23,0,0,34,0,34,42,0,42,76
01/27/2014,BDR,CT,ANE,EN,Federal Contract Tower,0,2,10,0,12,0,0,25,0,25,0,2,35,0,37,0,0,0,37
01/28/2014,BDR,CT,ANE,EN,Federal Contract Tower,0,3,13,0,16,0,0,48,0,48,0,3,61,0,64,46,0,46,110
01/29/2014,BDR,CT,ANE,EN,Federal Contract Tower,0,2,10,0,12,0,0,61,0,61,0,2,71,0,73,70,0,70,143
01/30/2014,BDR,CT,ANE,EN,Federal Contract Tower,0,5,27,0,32,0,1,52,2,55,0,6,79,2,87,74,0,74,161
01/31/2014,BDR,CT,ANE,EN,Federal Contract Tower,0,11,7,0,18,0,0,64,0,64,0,11,71,0,82,78,0,78,160
02/01/2014,BDR,CT,ANE,EN,Federal Contract Tower,0,1,14,0,15,0,0,89,0,89,0,1,103,0,104,134,0,134,238
02/02/2014,BDR,CT,ANE,EN,Federal Contract Tower,0,12,10,0,22,0,0,63,0,63,0,12,73,0,85,98,0,98,183
02/03/2014,BDR,CT,ANE,EN,Federal Contract Tower,0,1,4,0,5,0,0,0,0,0,0,1,4,0,5,0,0,0,5
02/04/2014,BDR,CT,ANE,EN,Federal Contract Tower,0,5,5,0,10,0,0,44,0,44,0,5,49,0,54,0,10,10,64
02/05/2014,BDR,CT,ANE,EN,Federal Contract Tower,0,0,1,0,1,0,0,0,0,0,0,0,1,0,1,0,0,0,1
02/06/2014,BDR,CT,ANE,EN,Federal Contract Tower,0,4,15,0,19,0,0,46,0,46,0,4,61,0,65,38,0,38,103
02/07/2014,BDR,CT,ANE,EN,Federal Contract Tower,0,3,6,2,11,0,0,63,0,63,0,3,69,2,74,104,8,112,186
02/08/2014,BDR,CT,ANE,EN,Federal Contract Tower,0,3,8,0,11,0,0,87,0,87,0,3,95,0,98,102,0,102,200
02/09/2014,BDR,CT,ANE,EN,Federal Contract Tower,0,2,2,0,4,0,0,60,0,60,0,2,62,0,64,82,0,82,146
02/10/2014,BDR,CT,ANE,EN,Federal Contract Tower,0,3,4,0,7,0,0,42,0,42,0,3,46,0,49,10,0,10,59
02/11/2014,BDR,CT,ANE,EN,Federal Contract Tower,0,3,11,0,14,0,0,65,0,65,0,3,76,0,79,62,0,62,141
02/12/2014,BDR,CT,ANE,EN,Federal Contract Tower,0,9,14,0,23,0,0,53,0,53,0,9,67,0,76,84,0,84,160
02/13/2014,BDR,CT,ANE,EN,Federal Contract Tower,0,0,0,0,0,0,0,0,0,0,0,0,0,0,0,0,0,0,0
02/14/2014,BDR,CT,ANE,EN,Federal Contract Tower,0,2,4,0,6,0,0,6,0,6,0,2,10,0,12,0,0,0,12
02/15/2014,BDR,CT,ANE,EN,Federal Contract Tower,0,1,2,0,3,0,0,2,0,2,0,1,4,0,5,0,0,0,5
02/16/2014,BDR,CT,ANE,EN,Federal Contract Tower,0,4,2,0,6,0,1,42,0,43,0,5,44,0,49,12,0,12,61
02/17/2014,BDR,CT,ANE,EN,Federal Contract Tower,0,6,11,0,17,0,1,61,0,62,0,7,72,0,79,60,0,60,139
02/18/2014,BDR,CT,ANE,EN,Federal Contract Tower,0,4,1,0,5,0,0,4,0,4,0,4,5,0,9,0,0,0,9
02/19/2014,BDR,CT,ANE,EN,Federal Contract Tower,0,3,10,2,15,0,0,6,0,6,0,3,16,2,21,0,0,0,21
02/20/2014,BDR,CT,ANE,EN,Federal Contract Tower,0,10,20,4,34,0,1,63,0,64,0,11,83,4,98,68,0,68,166
02/21/2014,BDR,CT,ANE,EN,Federal Contract Tower,0,2,4,0,6,0,0,0,0,0,0,2,4,0,6,0,0,0,6
02/22/2014,BDR,CT,ANE,EN,Federal Contract Tower,0,3,10,0,13,0,0,110,0,110,0,3,120,0,123,152,0,152,275
02/23/2014,BDR,CT,ANE,EN,Federal Contract Tower,0,1,5,0,6,0,0,91,0,91,0,1,96,0,97,174,0,174,271
02/24/2014,BDR,CT,ANE,EN,Federal Contract Tower,0,1,15,2,18,0,0,66,0,66,0,1,81,2,84,20,0,20,104
02/25/2014,BDR,CT,ANE,EN,Federal Contract Tower,0,1,12,0,13,0,0,22,0,22,0,1,34,0,35,14,0,14,49
02/26/2014,BDR,CT,ANE,EN,Federal Contract Tower,0,2,5,2,9,0,0,20,0,20,0,2,25,2,29,28,0,28,57
02/27/2014,BDR,CT,ANE,EN,Federal Contract Tower,0,7,16,0,23,0,0,29,0,29,0,7,45,0,52,44,0,44,96
02/28/2014,BDR,CT,ANE,EN,Federal Contract Tower,0,3,10,0,13,0,0,71,0,71,0,3,81,0,84,92,0,92,176
03/01/2014,BDR,CT,ANE,EN,Federal Contract Tower,0,0,4,0,4,0,0,98,0,98,0,0,102,0,102,142,0,142,244
03/02/2014,BDR,CT,ANE,EN,Federal Contract Tower,0,2,6,0,8,0,0,6,0,6,0,2,12,0,14,6,0,6,20
03/03/2014,BDR,CT,ANE,EN,Federal Contract Tower,0,0,3,0,3,0,0,19,0,19,0,0,22,0,22,0,0,0,22
03/04/2014,BDR,CT,ANE,EN,Federal Contract Tower,0,6,19,0,25,0,0,55,0,55,0,6,74,0,80,78,0,78,158
03/05/2014,BDR,CT,ANE,EN,Federal Contract Tower,0,5,23,4,32,0,0,41,0,41,0,5,64,4,73,60,6,66,139
03/06/2014,BDR,CT,ANE,EN,Federal Contract Tower,0,7,15,0,22,0,0,55,0,55,0,7,70,0,77,88,0,88,165
03/07/2014,BDR,CT,ANE,EN,Federal Contract Tower,0,5,10,0,15,0,0,55,2,57,0,5,65,2,72,58,0,58,130
03/08/2014,BDR,CT,ANE,EN,Federal Contract Tower,0,1,20,0,21,0,0,122,2,124,0,1,142,2,145,146,0,146,291
03/09/2014,BDR,CT,ANE,EN,Federal Contract Tower,0,1,4,2,7,0,0,100,2,102,0,1,104,4,109,104,0,104,213
03/10/2014,BDR,CT,ANE,EN,Federal Contract Tower,0,11,9,0,20,0,0,33,0,33,0,11,42,0,53,12,0,12,65
03/11/2014,BDR,CT,ANE,EN,Federal Contract Tower,0,10,12,4,26,0,0,54,0,54,0,10,66,4,80,56,0,56,136
03/12/2014,BDR,CT,ANE,EN,Federal Contract Tower,0,5,18,0,23,0,0,18,0,18,0,5,36,0,41,24,0,24,65
03/13/2014,BDR,CT,ANE,EN,Federal Contract Tower,0,8,2,0,10,0,0,4,0,4,0,8,6,0,14,0,0,0,14
03/14/2014,BDR,CT,ANE,EN,Federal Contract Tower,0,6,19,0,25,0,1,71,0,72,0,7,90,0,97,128,0,128,225
03/15/2014,BDR,CT,ANE,EN,Federal Contract Tower,0,2,7,0,9,0,0,83,0,83,0,2,90,0,92,140,0,140,232
03/16/2014,BDR,CT,ANE,EN,Federal Contract Tower,0,3,11,0,14,0,0,122,0,122,0,3,133,0,136,162,0,162,298
03/17/2014,BDR,CT,ANE,EN,Federal Contract Tower,0,10,10,0,20,0,0,47,0,47,0,10,57,0,67,50,0,50,117
03/18/2014,BDR,CT,ANE,EN,Federal Contract Tower,0,5,14,2,21,0,0,75,0,75,0,5,89,2,96,120,0,120,216
03/19/2014,BDR,CT,ANE,EN,Federal Contract Tower,0,5,25,0,30,0,0,44,0,44,0,5,69,0,74,124,0,124,198
03/20/2014,BDR,CT,ANE,EN,Federal Contract Tower,0,4,11,0,15,0,1,46,0,47,0,5,57,0,62,56,0,56,118
03/21/2014,BDR,CT,ANE,EN,Federal Contract Tower,0,7,12,0,19,0,1,65,0,66,0,8,77,0,85,64,0,64,149
03/22/2014,BDR,CT,ANE,EN,Federal Contract Tower,0,3,15,0,18,0,0,82,0,82,0,3,97,0,100,82,0,82,182
03/23/2014,BDR,CT,ANE,EN,Federal Contract Tower,0,4,6,0,10,0,0,127,0,127,0,4,133,0,137,62,0,62,199
03/24/2014,BDR,CT,ANE,EN,Federal Contract Tower,0,5,11,0,16,0,0,62,0,62,0,5,73,0,78,38,0,38,116
03/25/2014,BDR,CT,ANE,EN,Federal Contract Tower,0,2,19,0,21,0,0,61,0,61,0,2,80,0,82,122,0,122,204
03/26/2014,BDR,CT,ANE,EN,Federal Contract Tower,0,9,2,4,15,0,0,7,0,7,0,9,9,4,22,0,0,0,22
03/27/2014,BDR,CT,ANE,EN,Federal Contract Tower,0,9,4,0,13,0,0,83,0,83,0,9,87,0,96,102,0,102,198
03/28/2014,BDR,CT,ANE,EN,Federal Contract Tower,0,9,18,0,27,0,0,24,0,24,0,9,42,0,51,0,0,0,51
03/29/2014,BDR,CT,ANE,EN,Federal Contract Tower,0,0,16,0,16,0,3,1690,6,1699,0,3,1706,6,1715,2060,6,2066,3781
03/30/2014,BDR,CT,ANE,EN,Federal Contract Tower,0,3,6,0,9,0,0,0,0,0,0,3,6,0,9,0,0,0,9
03/31/2014,BDR,CT,ANE,EN,Federal Contract Tower,0,3,20,0,23,0,0,8,0,8,0,3,28,0,31,0,0,0,31
04/01/2014,BDR,CT,ANE,EN,Federal Contract Tower,0,7,24,0,31,0,0,81,0,81,0,7,105,0,112,78,0,78,190
04/02/2014,BDR,CT,ANE,EN,Federal Contract Tower,0,3,18,0,21,0,0,69,0,69,0,3,87,0,90,112,0,112,202
04/03/2014,BDR,CT,ANE,EN,Federal Contract Tower,0,5,12,2,19,0,2,76,0,78,0,7,88,2,97,122,0,122,219
04/04/2014,BDR,CT,ANE,EN,Federal Contract Tower,0,4,21,0,25,0,0,22,2,24,0,4,43,2,49,18,0,18,67
04/05/2014,BDR,CT,ANE,EN,Federal Contract Tower,0,1,6,0,7,0,0,65,0,65,0,1,71,0,72,66,0,66,138
04/06/2014,BDR,CT,ANE,EN,Federal Contract Tower,0,4,11,0,15,0,0,119,0,119,0,4,130,0,134,138,0,138,272
04/07/2014,BDR,CT,ANE,EN,Federal Contract Tower,0,1,8,0,9,0,0,42,0,42,0,1,50,0,51,62,0,62,113
04/08/2014,BDR,CT,ANE,EN,Federal Contract Tower,0,4,17,2,23,0,0,20,0,20,0,4,37,2,43,46,0,46,89
04/09/2014,BDR,CT,ANE,EN,Federal Contract Tower,0,6,19,0,25,0,0,81,0,81,0,6,100,0,106,136,0,136,242
04/10/2014,BDR,CT,ANE,EN,Federal Contract Tower,0,3,14,0,17,0,2,54,0,56,0,5,68,0,73,42,0,42,115
04/11/2014,BDR,CT,ANE,EN,Federal Contract Tower,0,8,17,0,25,0,0,51,0,51,0,8,68,0,76,96,0,96,172
04/12/2014,BDR,CT,ANE,EN,Federal Contract Tower,0,3,10,0,13,0,0,100,0,100,0,3,110,0,113,116,0,116,229
04/13/2014,BDR,CT,ANE,EN,Federal Contract Tower,0,2,6,0,8,0,0,88,0,88,0,2,94,0,96,134,0,134,230
04/14/2014,BDR,CT,ANE,EN,Federal Contract Tower,0,1,5,0,6,0,0,71,0,71,0,1,76,0,77,80,0,80,157
04/15/2014,BDR,CT,ANE,EN,Federal Contract Tower,0,1,12,0,13,0,0,0,0,0,0,1,12,0,13,0,0,0,13
04/16/2014,BDR,CT,ANE,EN,Federal Contract Tower,0,3,15,0,18,0,0,61,0,61,0,3,76,0,79,104,0,104,183
04/17/2014,BDR,CT,ANE,EN,Federal Contract Tower,0,6,13,0,19,0,1,88,2,91,0,7,101,2,110,112,0,112,222
04/18/2014,BDR,CT,ANE,EN,Federal Contract Tower,0,2,13,0,15,0,0,61,0,61,0,2,74,0,76,138,0,138,214
04/19/2014,BDR,CT,ANE,EN,Federal Contract Tower,0,3,6,0,9,0,0,109,0,109,0,3,115,0,118,132,0,132,250
04/20/2014,BDR,CT,ANE,EN,Federal Contract Tower,0,7,4,0,11,0,0,66,0,66,0,7,70,0,77,46,0,46,123
04/21/2014,BDR,CT,ANE,EN,Federal Contract Tower,0,6,15,0,21,0,0,96,0,96,0,6,111,0,117,88,0,88,205
04/22/2014,BDR,CT,ANE,EN,Federal Contract Tower,0,6,31,0,37,0,0,58,0,58,0,6,89,0,95,136,0,136,231
04/23/2014,BDR,CT,ANE,EN,Federal Contract Tower,0,2,6,0,8,0,0,22,2,24,0,2,28,2,32,14,0,14,46
04/24/2014,BDR,CT,ANE,EN,Federal Contract Tower,0,6,7,0,13,0,0,32,1,33,0,6,39,1,46,6,0,6,52
04/25/2014,BDR,CT,ANE,EN,Federal Contract Tower,0,10,20,0,30,0,4,115,1,120,0,14,135,1,150,180,0,180,330
04/26/2014,BDR,CT,ANE,EN,Federal Contract Tower,0,0,16,0,16,0,0,17,0,17,0,0,33,0,33,24,0,24,57
04/27/2014,BDR,CT,ANE,EN,Federal Contract Tower,0,5,10,0,15,0,0,87,0,87,0,5,97,0,102,80,0,80,182
04/28/2014,BDR,CT,ANE,EN,Federal Contract Tower,0,10,18,0,28,0,2,100,0,102,0,12,118,0,130,204,0,204,334
04/29/2014,BDR,CT,ANE,EN,Federal Contract Tower,0,6,24,0,30,0,0,15,0,15,0,6,39,0,45,6,0,6,51
04/30/2014,BDR,CT,ANE,EN,Federal Contract Tower,0,3,12,0,15,0,0,0,0,0,0,3,12,0,15,0,0,0,15
05/01/2014,BDR,CT,ANE,EN,Federal Contract Tower,0,9,20,0,29,0,0,23,0,23,0,9,43,0,52,14,0,14,66
05/02/2014,BDR,CT,ANE,EN,Federal Contract Tower,0,10,16,0,26,0,1,103,0,104,0,11,119,0,130,104,0,104,234
05/03/2014,BDR,CT,ANE,EN,Federal Contract Tower,0,5,4,0,9,0,0,132,0,132,0,5,136,0,141,178,0,178,319
05/04/2014,BDR,CT,ANE,EN,Federal Contract Tower,0,4,4,0,8,0,0,45,0,45,0,4,49,0,53,68,0,68,121
05/05/2014,BDR,CT,ANE,EN,Federal Contract Tower,0,5,14,0,19,0,0,84,0,84,0,5,98,0,103,80,0,80,183
05/06/2014,BDR,CT,ANE,EN,Federal Contract Tower,0,6,17,0,23,0,0,88,0,88,0,6,105,0,111,92,0,92,203
05/07/2014,BDR,CT,ANE,EN,Federal Contract Tower,0,7,15,0,22,0,0,117,0,117,0,7,132,0,139,100,0,100,239
05/08/2014,BDR,CT,ANE,EN,Federal Contract Tower,0,18,23,0,41,0,0,1,0,1,0,18,24,0,42,0,0,0,42
05/09/2014,BDR,CT,ANE,EN,Federal Contract Tower,0,24,33,0,57,0,0,0,0,0,0,24,33,0,57,0,0,0,57
05/10/2014,BDR,CT,ANE,EN,Federal Contract Tower,0,1,15,0,16,0,0,25,0,25,0,1,40,0,41,26,0,26,67
05/11/2014,BDR,CT,ANE,EN,Federal Contract Tower,0,3,18,0,21,0,0,124,0,124,0,3,142,0,145,140,0,140,285
05/12/2014,BDR,CT,ANE,EN,Federal Contract Tower,0,6,16,0,22,0,2,79,0,81,0,8,95,0,103,100,0,100,203
05/13/2014,BDR,CT,ANE,EN,Federal Contract Tower,0,15,19,0,34,0,0,66,0,66,0,15,85,0,100,78,8,86,186
05/14/2014,BDR,CT,ANE,EN,Federal Contract Tower,0,8,20,0,28,0,0,30,0,30,0,8,50,0,58,62,0,62,120
05/15/2014,BDR,CT,ANE,EN,Federal Contract Tower,0,12,40,0,52,0,3,10,0,13,0,15,50,0,65,8,0,8,73
05/16/2014,BDR,CT,ANE,EN,Federal Contract Tower,0,15,19,0,34,0,0,2,0,2,0,15,21,0,36,0,0,0,36
05/17/2014,BDR,CT,ANE,EN,Federal Contract Tower,0,5,16,0,21,0,0,95,0,95,0,5,111,0,116,132,0,132,248
05/18/2014,BDR,CT,ANE,EN,Federal Contract Tower,0,6,14,0,20,0,4,174,0,178,0,10,188,0,198,148,0,148,346
05/19/2014,BDR,CT,ANE,EN,Federal Contract Tower,0,5,4,0,9,0,2,78,0,80,0,7,82,0,89,48,0,48,137
05/20/2014,BDR,CT,ANE,EN,Federal Contract Tower,0,3,13,0,16,0,0,94,0,94,0,3,107,0,110,86,0,86,196
05/21/2014,BDR,CT,ANE,EN,Federal Contract Tower,0,2,22,0,24,0,2,67,0,69,0,4,89,0,93,112,0,112,205
05/22/2014,BDR,CT,ANE,EN,Federal Contract Tower,0,27,43,0,70,0,1,0,0,1,0,28,43,0,71,0,0,0,71
05/23/2014,BDR,CT,ANE,EN,Federal Contract Tower,0,16,37,0,53,0,0,42,0,42,0,16,79,0,95,0,0,0,95
05/24/2014,BDR,CT,ANE,EN,Federal Contract Tower,0,3,22,0,25,0,1,77,0,78,0,4,99,0,103,102,0,102,205
05/25/2014,BDR,CT,ANE,EN,Federal Contract Tower,0,4,8,0,12,0,0,91,0,91,0,4,99,0,103,32,0,32,135
05/26/2014,BDR,CT,ANE,EN,Federal Contract Tower,0,2,12,2,16,0,0,82,0,82,0,2,94,2,98,110,0,110,208
05/27/2014,BDR,CT,ANE,EN,Federal Contract Tower,0,6,21,0,27,0,0,68,0,68,0,6,89,0,95,72,0,72,167
05/28/2014,BDR,CT,ANE,EN,Federal Contract Tower,0,6,31,6,43,0,0,4,0,4,0,6,35,6,47,26,0,26,73
05/29/2014,BDR,CT,ANE,EN,Federal Contract Tower,0,6,19,0,25,0,0,86,0,86,0,6,105,0,111,116,0,116,227
05/30/2014,BDR,CT,ANE,EN,Federal Contract Tower,0,4,16,0,20,0,4,76,1,81,0,8,92,1,101,112,0,112,213
05/31/2014,BDR,CT,ANE,EN,Federal Contract Tower,0,5,13,0,18,0,1,117,0,118,0,6,130,0,136,158,0,158,294
06/01/2014,BDR,CT,ANE,EN,Federal Contract Tower,0,4,11,0,15,0,1,131,0,132,0,5,142,0,147,142,0,142,289
06/02/2014,BDR,CT,ANE,EN,Federal Contract Tower,0,5,7,0,12,0,2,73,0,75,0,7,80,0,87,88,0,88,175
06/03/2014,BDR,CT,ANE,EN,Federal Contract Tower,0,3,8,0,11,0,0,56,0,56,0,3,64,0,67,110,0,110,177
06/04/2014,BDR,CT,ANE,EN,Federal Contract Tower,0,10,25,0,35,0,0,39,0,39,0,10,64,0,74,110,0,110,184
06/05/2014,BDR,CT,ANE,EN,Federal Contract Tower,0,7,13,0,20,0,0,113,0,113,0,7,126,0,133,122,0,122,255
06/06/2014,BDR,CT,ANE,EN,Federal Contract Tower,0,8,24,0,32,0,0,32,0,32,0,8,56,0,64,26,0,26,90
06/07/2014,BDR,CT,ANE,EN,Federal Contract Tower,0,2,3,0,5,0,0,130,0,130,0,2,133,0,135,156,0,156,291
06/08/2014,BDR,CT,ANE,EN,Federal Contract Tower,0,4,11,0,15,0,0,146,0,146,0,4,157,0,161,144,0,144,305
06/09/2014,BDR,CT,ANE,EN,Federal Contract Tower,0,12,25,0,37,0,0,2,0,2,0,12,27,0,39,0,0,0,39
06/10/2014,BDR,CT,ANE,EN,Federal Contract Tower,0,7,20,4,31,0,1,12,0,13,0,8,32,4,44,0,0,0,44
06/11/2014,BDR,CT,ANE,EN,Federal Contract Tower,0,5,19,0,24,0,0,48,0,48,0,5,67,0,72,86,0,86,158
06/12/2014,BDR,CT,ANE,EN,Federal Contract Tower,0,12,18,0,30,0,0,5,0,5,0,12,23,0,35,0,0,0,35
06/13/2014,BDR,CT,ANE,EN,Federal Contract Tower,0,7,26,0,33,0,0,2,0,2,0,7,28,0,35,0,0,0,35
06/14/2014,BDR,CT,ANE,EN,Federal Contract Tower,0,4,12,0,16,0,0,110,2,112,0,4,122,2,128,72,0,72,200
06/15/2014,BDR,CT,ANE,EN,Federal Contract Tower,0,6,10,0,16,0,0,114,2,116,0,6,124,2,132,90,0,90,222
06/16/2014,BDR,CT,ANE,EN,Federal Contract Tower,0,6,7,0,13,0,2,113,0,115,0,8,120,0,128,132,0,132,260
06/17/2014,BDR,CT,ANE,EN,Federal Contract Tower,0,20,25,0,45,0,1,117,0,118,0,21,142,0,163,114,0,114,277
06/18/2014,BDR,CT,ANE,EN,Federal Contract Tower,0,3,18,0,21,0,2,52,0,54,0,5,70,0,75,58,0,58,133
06/19/2014,BDR,CT,ANE,EN,Federal Contract Tower,0,11,24,0,35,0,4,31,0,35,0,15,55,0,70,30,0,30,100
06/20/2014,BDR,CT,ANE,EN,Federal Contract Tower,0,7,12,0,19,0,2,100,0,102,0,9,112,0,121,98,0,98,219
06/21/2014,BDR,CT,ANE,EN,Federal Contract Tower,0,3,13,0,16,0,0,129,0,129,0,3,142,0,145,148,0,148,293
06/22/2014,BDR,CT,ANE,EN,Federal Contract Tower,0,4,17,0,21,0,0,124,0,124,0,4,141,0,145,142,0,142,287
06/23/2014,BDR,CT,ANE,EN,Federal Contract Tower,0,7,10,0,17,0,0,109,0,109,0,7,119,0,126,88,0,88,214
06/24/2014,BDR,CT,ANE,EN,Federal Contract Tower,0,10,16,0,26,0,0,95,0,95,0,10,111,0,121,158,0,158,279
06/25/2014,BDR,CT,ANE,EN,Federal Contract Tower,0,11,25,0,36,0,0,42,0,42,0,11,67,0,78,70,0,70,148
06/26/2014,BDR,CT,ANE,EN,Federal Contract Tower,0,8,15,0,23,0,1,45,0,46,0,9,60,0,69,48,0,48,117
06/27/2014,BDR,CT,ANE,EN,Federal Contract Tower,0,16,18,0,34,0,5,101,0,106,0,21,119,0,140,104,0,104,244
06/28/2014,BDR,CT,ANE,EN,Federal Contract Tower,0,3,7,0,10,0,3,100,0,103,0,6,107,0,113,116,0,116,229
06/29/2014,BDR,CT,ANE,EN,Federal Contract Tower,0,3,17,0,20,0,1,179,0,180,0,4,196,0,200,199,0,199,399
06/30/2014,BDR,CT,ANE,EN,Federal Contract Tower,0,4,13,0,17,0,0,90,0,90,0,4,103,0,107,122,0,122,229
07/01/2014,BDR,CT,ANE,EN,Federal Contract Tower,0,4,19,0,23,0,0,69,0,69,0,4,88,0,92,88,0,88,180
07/02/2014,BDR,CT,ANE,EN,Federal Contract Tower,0,12,9,0,21,0,6,80,0,86,0,18,89,0,107,92,0,92,199
07/03/2014,BDR,CT,ANE,EN,Federal Contract Tower,0,12,13,0,25,0,0,40,0,40,0,12,53,0,65,66,0,66,131
07/04/2014,BDR,CT,ANE,EN,Federal Contract Tower,0,1,6,0,7,0,0,4,0,4,0,1,10,0,11,0,0,0,11
07/05/2014,BDR,CT,ANE,EN,Federal Contract Tower,0,3,7,0,10,0,0,87,0,87,0,3,94,0,97,96,0,96,193
07/06/2014,BDR,CT,ANE,EN,Federal Contract Tower,0,0,20,0,20,0,0,113,0,113,0,0,133,0,133,64,0,64,197
07/07/2014,BDR,CT,ANE,EN,Federal Contract Tower,0,8,18,0,26,0,0,84,0,84,0,8,102,0,110,108,0,108,218
07/08/2014,BDR,CT,ANE,EN,Federal Contract Tower,0,3,13,0,16,0,0,96,0,96,0,3,109,0,112,150,0,150,262
07/09/2014,BDR,CT,ANE,EN,Federal Contract Tower,0,10,6,0,16,0,1,92,0,93,0,11,98,0,109,130,0,130,239
07/10/2014,BDR,CT,ANE,EN,Federal Contract Tower,0,10,24,0,34,0,0,99,0,99,0,10,123,0,133,86,0,86,219
07/11/2014,BDR,CT,ANE,EN,Federal Contract Tower,0,15,20,2,37,0,5,139,0,144,0,20,159,2,181,170,0,170,351
07/12/2014,BDR,CT,ANE,EN,Federal Contract Tower,0,2,4,0,6,0,2,167,0,169,0,4,171,0,175,152,0,152,327
07/13/2014,BDR,CT,ANE,EN,Federal Contract Tower,0,6,18,0,24,0,0,109,0,109,0,6,127,0,133,128,0,128,261
07/14/2014,BDR,CT,ANE,EN,Federal Contract Tower,0,6,26,0,32,0,0,24,0,24,0,6,50,0,56,10,0,10,66
07/15/2014,BDR,CT,ANE,EN,Federal Contract Tower,0,11,14,0,25,0,0,7,0,7,0,11,21,0,32,0,0,0,32
07/16/2014,BDR,CT,ANE,EN,Federal Contract Tower,0,9,14,0,23,0,0,40,0,40,0,9,54,0,63,98,0,98,161
07/17/2014,BDR,CT,ANE,EN,Federal Contract Tower,0,7,31,0,38,0,1,101,0,102,0,8,132,0,140,82,0,82,222
07/18/2014,BDR,CT,ANE,EN,Federal Contract Tower,0,5,18,0,23,0,2,146,0,148,0,7,164,0,171,148,0,148,319
07/19/2014,BDR,CT,ANE,EN,Federal Contract Tower,0,10,12,0,22,0,0,113,0,113,0,10,125,0,135,156,0,156,291
07/20/2014,BDR,CT,ANE,EN,Federal Contract Tower,0,8,15,0,23,0,0,157,0,157,0,8,172,0,180,234,0,234,414
07/21/2014,BDR,CT,ANE,EN,Federal Contract Tower,0,10,24,0,34,0,0,103,0,103,0,10,127,0,137,196,0,196,333
07/22/2014,BDR,CT,ANE,EN,Federal Contract Tower,0,9,17,0,26,0,0,56,0,56,0,9,73,0,82,144,0,144,226
07/23/2014,BDR,CT,ANE,EN,Federal Contract Tower,0,9,12,0,21,0,0,85,0,85,0,9,97,0,106,92,0,92,198
07/24/2014,BDR,CT,ANE,EN,Federal Contract Tower,0,9,17,0,26,0,2,73,4,79,0,11,90,4,105,88,0,88,193
07/25/2014,BDR,CT,ANE,EN,Federal Contract Tower,0,16,12,0,28,0,8,104,1,113,0,24,116,1,141,54,0,54,195
07/26/2014,BDR,CT,ANE,EN,Federal Contract Tower,0,3,9,0,12,0,1,137,0,138,0,4,146,0,150,152,0,152,302
07/27/2014,BDR,CT,ANE,EN,Federal Contract Tower,0,10,22,0,32,0,0,69,0,69,0,10,91,0,101,48,0,48,149
07/28/2014,BDR,CT,ANE,EN,Federal Contract Tower,0,9,27,0,36,0,0,59,0,59,0,9,86,0,95,18,0,18,113
07/29/2014,BDR,CT,ANE,EN,Federal Contract Tower,0,6,22,0,28,0,0,92,0,92,0,6,114,0,120,108,0,108,228
07/30/2014,BDR,CT,ANE,EN,Federal Contract Tower,0,7,15,0,22,0,0,87,0,87,0,7,102,0,109,118,0,118,227
07/31/2014,BDR,CT,ANE,EN,Federal Contract Tower,0,6,13,0,19,0,0,97,0,97,0,6,110,0,116,98,0,98,214
08/01/2014,BDR,CT,ANE,EN,Federal Contract Tower,0,19,22,0,41,0,2,74,0,76,0,21,96,0,117,134,0,134,251
08/02/2014,BDR,CT,ANE,EN,Federal Contract Tower,0,7,26,0,33,0,0,25,0,25,0,7,51,0,58,36,0,36,94
08/03/2014,BDR,CT,ANE,EN,Federal Contract Tower,0,14,26,0,40,0,0,59,0,59,0,14,85,0,99,58,0,58,157
08/04/2014,BDR,CT,ANE,EN,Federal Contract Tower,0,5,9,0,14,0,0,80,0,80,0,5,89,0,94,26,0,26,120
08/05/2014,BDR,CT,ANE,EN,Federal Contract Tower,0,4,22,0,26,0,0,77,0,77,0,4,99,0,103,128,0,128,231
08/06/2014,BDR,CT,ANE,EN,Federal Contract Tower,0,5,9,0,14,0,0,59,0,59,0,5,68,0,73,110,0,110,183
08/07/2014,BDR,CT,ANE,EN,Federal Contract Tower,0,8,13,0,21,0,0,81,0,81,0,8,94,0,102,72,0,72,174
08/08/2014,BDR,CT,ANE,EN,Federal Contract Tower,0,6,9,0,15,0,0,107,1,108,0,6,116,1,123,112,0,112,235
08/09/2014,BDR,CT,ANE,EN,Federal Contract Tower,0,7,8,0,15,0,0,139,0,139,0,7,147,0,154,158,0,158,312
08/10/2014,BDR,CT,ANE,EN,Federal Contract Tower,0,9,8,0,17,0,0,145,0,145,0,9,153,0,162,174,0,174,336
08/11/2014,BDR,CT,ANE,EN,Federal Contract Tower,0,9,10,0,19,0,2,112,0,114,0,11,122,0,133,144,0,144,277
08/12/2014,BDR,CT,ANE,EN,Federal Contract Tower,0,10,15,0,25,0,0,45,0,45,0,10,60,0,70,102,0,102,172
08/13/2014,BDR,CT,ANE,EN,Federal Contract Tower,0,11,17,4,32,0,0,15,0,15,0,11,32,4,47,26,0,26,73
08/14/2014,BDR,CT,ANE,EN,Federal Contract Tower,0,6,10,0,16,0,1,87,0,88,0,7,97,0,104,126,0,126,230
08/15/2014,BDR,CT,ANE,EN,Federal Contract Tower,0,10,17,0,27,0,0,102,0,102,0,10,119,0,129,198,0,198,327
08/16/2014,BDR,CT,ANE,EN,Federal Contract Tower,0,0,10,0,10,0,2,142,0,144,0,2,152,0,154,148,0,148,302
08/17/2014,BDR,CT,ANE,EN,Federal Contract Tower,0,11,19,0,30,0,1,111,0,112,0,12,130,0,142,96,0,96,238
08/18/2014,BDR,CT,ANE,EN,Federal Contract Tower,0,5,13,0,18,0,1,112,0,113,0,6,125,0,131,102,0,102,233
08/19/2014,BDR,CT,ANE,EN,Federal Contract Tower,0,6,18,0,24,0,2,86,0,88,0,8,104,0,112,86,0,86,198
08/20/2014,BDR,CT,ANE,EN,Federal Contract Tower,0,10,24,0,34,0,0,71,0,71,0,10,95,0,105,62,0,62,167
08/21/2014,BDR,CT,ANE,EN,Federal Contract Tower,0,4,20,0,24,0,0,58,0,58,0,4,78,0,82,52,0,52,134
08/22/2014,BDR,CT,ANE,EN,Federal Contract Tower,0,9,19,0,28,0,0,45,0,45,0,9,64,0,73,74,0,74,147
08/23/2014,BDR,CT,ANE,EN,Federal Contract Tower,0,2,18,0,20,0,0,84,0,84,0,2,102,0,104,108,0,108,212
08/24/2014,BDR,CT,ANE,EN,Federal Contract Tower,0,8,13,0,21,0,2,99,0,101,0,10,112,0,122,114,0,114,236
08/25/2014,BDR,CT,ANE,EN,Federal Contract Tower,0,3,14,2,19,0,0,64,0,64,0,3,78,2,83,40,0,40,123
08/26/2014,BDR,CT,ANE,EN,Federal Contract Tower,0,3,9,0,12,0,2,76,1,79,0,5,85,1,91,58,0,58,149
08/27/2014,BDR,CT,ANE,EN,Federal Contract Tower,0,5,15,0,20,0,0,59,2,61,0,5,74,2,81,52,0,52,133
08/28/2014,BDR,CT,ANE,EN,Federal Contract Tower,0,9,10,0,19,0,0,69,0,69,0,9,79,0,88,36,0,36,124
08/29/2014,BDR,CT,ANE,EN,Federal Contract Tower,0,10,34,0,44,0,0,84,0,84,0,10,118,0,128,58,0,58,186
08/30/2014,BDR,CT,ANE,EN,Federal Contract Tower,0,8,17,0,25,0,0,60,0,60,0,8,77,0,85,48,0,48,133
08/31/2014,BDR,CT,ANE,EN,Federal Contract Tower,0,7,18,0,25,0,0,36,0,36,0,7,54,0,61,26,0,26,87
09/01/2014,BDR,CT,ANE,EN,Federal Contract Tower,0,7,33,0,40,0,0,86,0,86,0,7,119,0,126,164,0,164,290
09/02/2014,BDR,CT,ANE,EN,Federal Contract Tower,0,4,16,0,20,0,0,80,0,80,0,4,96,0,100,88,0,88,188
09/03/2014,BDR,CT,ANE,EN,Federal Contract Tower,0,2,15,0,17,0,0,80,0,80,0,2,95,0,97,98,0,98,195
09/04/2014,BDR,CT,ANE,EN,Federal Contract Tower,0,6,9,1,16,0,0,96,0,96,0,6,105,1,112,62,0,62,174
09/05/2014,BDR,CT,ANE,EN,Federal Contract Tower,0,5,14,0,19,0,0,108,0,108,0,5,122,0,127,52,0,52,179
09/06/2014,BDR,CT,ANE,EN,Federal Contract Tower,0,4,11,0,15,0,0,29,0,29,0,4,40,0,44,10,0,10,54
09/07/2014,BDR,CT,ANE,EN,Federal Contract Tower,0,4,5,0,9,0,0,116,0,116,0,4,121,0,125,122,0,122,247
09/08/2014,BDR,CT,ANE,EN,Federal Contract Tower,0,5,8,0,13,0,0,68,0,68,0,5,76,0,81,28,0,28,109
09/09/2014,BDR,CT,ANE,EN,Federal Contract Tower,0,7,16,0,23,0,0,52,0,52,0,7,68,0,75,42,0,42,117
09/10/2014,BDR,CT,ANE,EN,Federal Contract Tower,0,7,12,0,19,0,0,81,2,83,0,7,93,2,102,90,4,94,196
09/11/2014,BDR,CT,ANE,EN,Federal Contract Tower,0,2,20,0,22,0,1,33,0,34,0,3,53,0,56,24,2,26,82
09/12/2014,BDR,CT,ANE,EN,Federal Contract Tower,0,2,18,0,20,0,0,84,2,86,0,2,102,2,106,58,0,58,164
09/13/2014,BDR,CT,ANE,EN,Federal Contract Tower,0,6,18,0,24,0,1,39,0,40,0,7,57,0,64,24,0,24,88
09/14/2014,BDR,CT,ANE,EN,Federal Contract Tower,0,1,9,0,10,0,0,180,0,180,0,1,189,0,190,210,0,210,400
09/15/2014,BDR,CT,ANE,EN,Federal Contract Tower,0,0,0,0,0,0,0,0,0,0,0,0,0,0,0,0,0,0,0
09/16/2014,BDR,CT,ANE,EN,Federal Contract Tower,0,0,0,0,0,0,0,2,0,2,0,0,2,0,2,0,0,0,2
09/17/2014,BDR,CT,ANE,EN,Federal Contract Tower,0,6,13,2,21,0,0,73,0,73,0,6,86,2,94,96,6,102,196
09/18/2014,BDR,CT,ANE,EN,Federal Contract Tower,0,4,25,0,29,0,0,79,0,79,0,4,104,0,108,82,0,82,190
09/19/2014,BDR,CT,ANE,EN,Federal Contract Tower,0,0,22,0,22,0,7,94,0,101,0,7,116,0,123,106,0,106,229
09/20/2014,BDR,CT,ANE,EN,Federal Contract Tower,0,6,8,0,14,0,0,91,0,91,0,6,99,0,105,142,0,142,247
09/21/2014,BDR,CT,ANE,EN,Federal Contract Tower,0,5,28,0,33,0,0,59,0,59,0,5,87,0,92,60,0,60,152
09/22/2014,BDR,CT,ANE,EN,Federal Contract Tower,0,6,15,0,21,0,0,68,0,68,0,6,83,0,89,48,0,48,137
09/23/2014,BDR,CT,ANE,EN,Federal Contract Tower,0,10,14,0,24,0,0,69,0,69,0,10,83,0,93,84,0,84,177
09/24/2014,BDR,CT,ANE,EN,Federal Contract Tower,0,11,20,0,31,0,0,77,0,77,0,11,97,0,108,118,0,118,226
09/25/2014,BDR,CT,ANE,EN,Federal Contract Tower,0,5,16,0,21,0,0,2,0,2,0,5,18,0,23,0,0,0,23
09/26/2014,BDR,CT,ANE,EN,Federal Contract Tower,0,8,8,0,16,0,8,91,0,99,0,16,99,0,115,84,4,88,203
09/27/2014,BDR,CT,ANE,EN,Federal Contract Tower,0,3,5,1,9,0,0,140,0,140,0,3,145,1,149,26,0,26,175
09/28/2014,BDR,CT,ANE,EN,Federal Contract Tower,0,3,10,0,13,0,3,139,0,142,0,6,149,0,155,144,0,144,299
09/29/2014,BDR,CT,ANE,EN,Federal Contract Tower,0,2,10,0,12,0,0,71,0,71,0,2,81,0,83,104,0,104,187
09/30/2014,BDR,CT,ANE,EN,Federal Contract Tower,0,2,28,0,30,0,0,2,0,2,0,2,30,0,32,10,0,10,42
10/01/2014,BDR,CT,ANE,EN,Federal Contract Tower,0,6,25,0,31,0,0,2,0,2,0,6,27,0,33,0,0,0,33
10/02/2014,BDR,CT,ANE,EN,Federal Contract Tower,0,10,29,0,39,0,0,24,0,24,0,10,53,0,63,24,0,24,87
10/03/2014,BDR,CT,ANE,EN,Federal Contract Tower,0,9,21,0,30,0,0,84,0,84,0,9,105,0,114,94,0,94,208
10/04/2014,BDR,CT,ANE,EN,Federal Contract Tower,0,1,5,0,6,0,0,2,0,2,0,1,7,0,8,0,0,0,8
10/05/2014,BDR,CT,ANE,EN,Federal Contract Tower,0,2,17,0,19,0,0,151,1,152,0,2,168,1,171,108,0,108,279
10/06/2014,BDR,CT,ANE,EN,Federal Contract Tower,0,4,10,0,14,0,0,71,0,71,0,4,81,0,85,18,8,26,111
10/07/2014,BDR,CT,ANE,EN,Federal Contract Tower,0,8,20,2,30,0,0,28,0,28,0,8,48,2,58,20,0,20,78
10/08/2014,BDR,CT,ANE,EN,Federal Contract Tower,0,4,23,0,27,0,1,49,0,50,0,5,72,0,77,34,0,34,111
10/09/2014,BDR,CT,ANE,EN,Federal Contract Tower,0,6,13,0,19,0,0,115,0,115,0,6,128,0,134,52,0,52,186
10/10/2014,BDR,CT,ANE,EN,Federal Contract Tower,0,13,29,0,42,0,0,97,0,97,0,13,126,0,139,70,0,70,209
10/11/2014,BDR,CT,ANE,EN,Federal Contract Tower,0,6,14,2,22,0,0,15,0,15,0,6,29,2,37,0,0,0,37
10/12/2014,BDR,CT,ANE,EN,Federal Contract Tower,0,3,8,0,11,0,0,140,10,150,0,3,148,10,161,96,0,96,257
10/13/2014,BDR,CT,ANE,EN,Federal Contract Tower,0,8,19,0,27,0,0,112,0,112,0,8,131,0,139,110,0,110,249
10/14/2014,BDR,CT,ANE,EN,Federal Contract Tower,0,6,20,0,26,0,1,52,0,53,0,7,72,0,79,42,0,42,121
10/15/2014,BDR,CT,ANE,EN,Federal Contract Tower,0,11,14,0,25,0,0,24,0,24,0,11,38,0,49,10,0,10,59
10/16/2014,BDR,CT,ANE,EN,Federal Contract Tower,0,6,5,0,11,0,1,9,0,10,0,7,14,0,21,0,0,0,21
10/17/2014,BDR,CT,ANE,EN,Federal Contract Tower,0,6,12,0,18,0,2,56,0,58,0,8,68,0,76,72,0,72,148
10/18/2014,BDR,CT,ANE,EN,Federal Contract Tower,0,2,11,0,13,0,0,125,0,125,0,2,136,0,138,102,0,102,240
10/19/2014,BDR,CT,ANE,EN,Federal Contract Tower,0,1,5,0,6,0,0,80,0,80,0,1,85,0,86,48,0,48,134
10/20/2014,BDR,CT,ANE,EN,Federal Contract Tower,0,8,5,2,15,0,0,81,0,81,0,8,86,2,96,54,0,54,150
10/21/2014,BDR,CT,ANE,EN,Federal Contract Tower,0,4,11,0,15,0,0,64,0,64,0,4,75,0,79,58,0,58,137
10/22/2014,BDR,CT,ANE,EN,Federal Contract Tower,0,5,7,2,14,0,0,2,0,2,0,5,9,2,16,0,0,0,16
10/23/2014,BDR,CT,ANE,EN,Federal Contract Tower,0,15,17,0,32,0,0,8,0,8,0,15,25,0,40,0,0,0,40
10/24/2014,BDR,CT,ANE,EN,Federal Contract Tower,0,9,26,0,35,0,0,33,0,33,0,9,59,0,68,32,0,32,100
10/25/2014,BDR,CT,ANE,EN,Federal Contract Tower,0,0,11,0,11,0,0,125,0,125,0,0,136,0,136,130,0,130,266
10/26/2014,BDR,CT,ANE,EN,Federal Contract Tower,0,2,15,0,17,0,0,70,0,70,0,2,85,0,87,44,0,44,131
10/27/2014,BDR,CT,ANE,EN,Federal Contract Tower,0,6,5,1,12,0,0,83,0,83,0,6,88,1,95,82,0,82,177
10/28/2014,BDR,CT,ANE,EN,Federal Contract Tower,0,8,8,1,17,0,0,83,0,83,0,8,91,1,100,114,0,114,214
10/29/2014,BDR,CT,ANE,EN,Federal Contract Tower,0,8,10,2,20,0,0,52,2,54,0,8,62,4,74,108,0,108,182
10/30/2014,BDR,CT,ANE,EN,Federal Contract Tower,0,11,11,0,22,0,0,74,0,74,0,11,85,0,96,56,0,56,152
10/31/2014,BDR,CT,ANE,EN,Federal Contract Tower,0,9,17,0,26,0,1,75,4,80,0,10,92,4,106,104,0,104,210
11/01/2014,BDR,CT,ANE,EN,Federal Contract Tower,0,2,4,0,6,0,0,4,0,4,0,2,8,0,10,0,0,0,10
11/02/2014,BDR,CT,ANE,EN,Federal Contract Tower,0,1,5,0,6,0,1,4,10,15,0,2,9,10,21,0,0,0,21
11/03/2014,BDR,CT,ANE,EN,Federal Contract Tower,0,9,4,0,13,0,1,51,0,52,0,10,55,0,65,42,0,42,107
11/04/2014,BDR,CT,ANE,EN,Federal Contract Tower,0,4,24,0,28,0,0,88,0,88,0,4,112,0,116,94,0,94,210
11/05/2014,BDR,CT,ANE,EN,Federal Contract Tower,0,8,16,0,24,0,0,63,0,63,0,8,79,0,87,66,0,66,153
11/06/2014,BDR,CT,ANE,EN,Federal Contract Tower,0,6,9,6,21,0,0,0,0,0,0,6,9,6,21,0,0,0,21
11/07/2014,BDR,CT,ANE,EN,Federal Contract Tower,0,9,10,0,19,0,1,30,0,31,0,10,40,0,50,34,0,34,84
11/08/2014,BDR,CT,ANE,EN,Federal Contract Tower,0,2,15,0,17,0,1,109,0,110,0,3,124,0,127,128,0,128,255
11/09/2014,BDR,CT,ANE,EN,Federal Contract Tower,0,4,9,0,13,0,85,0,0,85,0,89,9,0,98,68,0,68,166
11/10/2014,BDR,CT,ANE,EN,Federal Contract Tower,0,4,7,0,11,0,0,87,0,87,0,4,94,0,98,90,0,90,188
11/11/2014,BDR,CT,ANE,EN,Federal Contract Tower,0,9,11,0,20,0,0,60,0,60,0,9,71,0,80,96,0,96,176
11/12/2014,BDR,CT,ANE,EN,Federal Contract Tower,0,0,0,0,0,0,0,1,0,1,0,0,1,0,1,0,0,0,1
11/13/2014,BDR,CT,ANE,EN,Federal Contract Tower,0,0,0,0,0,0,0,9,0,9,0,0,9,0,9,0,0,0,9
11/14/2014,BDR,CT,ANE,EN,Federal Contract Tower,0,0,0,0,0,0,0,1,4,5,0,0,1,4,5,0,0,0,5
11/15/2014,BDR,CT,ANE,EN,Federal Contract Tower,0,5,5,0,10,0,0,119,0,119,0,5,124,0,129,88,0,88,217
11/16/2014,BDR,CT,ANE,EN,Federal Contract Tower,0,6,19,0,25,0,0,99,0,99,0,6,118,0,124,160,0,160,284
11/17/2014,BDR,CT,ANE,EN,Federal Contract Tower,0,4,2,0,6,0,0,0,0,0,0,4,2,0,6,0,0,0,6
11/18/2014,BDR,CT,ANE,EN,Federal Contract Tower,0,4,6,1,11,0,0,30,0,30,0,4,36,1,41,44,0,44,85
11/19/2014,BDR,CT,ANE,EN,Federal Contract Tower,0,7,19,0,26,0,1,66,0,67,0,8,85,0,93,86,0,86,179
11/20/2014,BDR,CT,ANE,EN,Federal Contract Tower,0,5,11,0,16,0,1,29,0,30,0,6,40,0,46,20,0,20,66
11/21/2014,BDR,CT,ANE,EN,Federal Contract Tower,0,11,7,2,20,0,2,47,0,49,0,13,54,2,69,2,0,2,71
11/22/2014,BDR,CT,ANE,EN,Federal Contract Tower,0,1,6,0,7,0,0,51,0,51,0,1,57,0,58,44,0,44,102
11/23/2014,BDR,CT,ANE,EN,Federal Contract Tower,0,2,4,0,6,0,0,103,0,103,0,2,107,0,109,120,0,120,229
11/24/2014,BDR,CT,ANE,EN,Federal Contract Tower,0,4,15,0,19,0,0,11,0,11,0,4,26,0,30,0,0,0,30
11/25/2014,BDR,CT,ANE,EN,Federal Contract Tower,0,6,19,0,25,0,0,79,0,79,0,6,98,0,104,92,0,92,196
11/26/2014,BDR,CT,ANE,EN,Federal Contract Tower,0,2,8,0,10,0,0,1,0,1,0,2,9,0,11,0,0,0,11
11/27/2014,BDR,CT,ANE,EN,Federal Contract Tower,0,3,6,0,9,0,1,22,0,23,0,4,28,0,32,8,0,8,40
11/28/2014,BDR,CT,ANE,EN,Federal Contract Tower,0,6,11,0,17,0,0,68,0,68,0,6,79,0,85,58,0,58,143
11/29/2014,BDR,CT,ANE,EN,Federal Contract Tower,0,2,14,0,16,0,0,80,0,80,0,2,94,0,96,72,0,72,168
11/30/2014,BDR,CT,ANE,EN,Federal Contract Tower,0,10,22,0,32,0,0,101,0,101,0,10,123,0,133,86,0,86,219
12/01/2014,BDR,CT,ANE,EN,Federal Contract Tower,0,10,13,0,23,0,0,61,0,61,0,10,74,0,84,58,2,60,144
12/02/2014,BDR,CT,ANE,EN,Federal Contract Tower,0,6,10,0,16,0,0,17,0,17,0,6,27,0,33,16,0,16,49
12/03/2014,BDR,CT,ANE,EN,Federal Contract Tower,0,8,6,0,14,0,0,2,0,2,0,8,8,0,16,0,0,0,16
12/04/2014,BDR,CT,ANE,EN,Federal Contract Tower,0,14,9,0,23,0,0,82,0,82,0,14,91,0,105,86,0,86,191
12/05/2014,BDR,CT,ANE,EN,Federal Contract Tower,0,5,12,0,17,0,3,55,0,58,0,8,67,0,75,48,0,48,123
12/06/2014,BDR,CT,ANE,EN,Federal Contract Tower,0,0,12,0,12,0,0,0,0,0,0,0,12,0,12,0,0,0,12
12/07/2014,BDR,CT,ANE,EN,Federal Contract Tower,0,0,3,0,3,0,0,19,0,19,0,0,22,0,22,0,0,0,22
12/08/2014,BDR,CT,ANE,EN,Federal Contract Tower,0,3,12,0,15,0,0,34,0,34,0,3,46,0,49,6,0,6,55
12/10/2014,BDR,CT,ANE,EN,Federal Contract Tower,0,8,3,0,11,0,0,1,0,1,0,8,4,0,12,0,0,0,12
12/11/2014,BDR,CT,ANE,EN,Federal Contract Tower,0,7,5,0,12,0,0,19,4,23,0,7,24,4,35,8,2,10,45
12/12/2014,BDR,CT,ANE,EN,Federal Contract Tower,0,3,15,0,18,0,1,58,0,59,0,4,73,0,77,64,0,64,141
12/13/2014,BDR,CT,ANE,EN,Federal Contract Tower,0,0,6,0,6,0,0,98,0,98,0,0,104,0,104,104,0,104,208
12/14/2014,BDR,CT,ANE,EN,Federal Contract Tower,0,3,10,0,13,0,0,75,0,75,0,3,85,0,88,106,0,106,194
12/15/2014,BDR,CT,ANE,EN,Federal Contract Tower,0,15,14,0,29,0,0,64,0,64,0,15,78,0,93,66,0,66,159
12/16/2014,BDR,CT,ANE,EN,Federal Contract Tower,0,5,23,0,28,0,0,11,0,11,0,5,34,0,39,42,0,42,81
12/17/2014,BDR,CT,ANE,EN,Federal Contract Tower,0,3,18,2,23,0,0,49,0,49,0,3,67,2,72,66,6,72,144
12/18/2014,BDR,CT,ANE,EN,Federal Contract Tower,0,4,19,0,23,0,0,41,0,41,0,4,60,0,64,34,4,38,102
12/19/2014,BDR,CT,ANE,EN,Federal Contract Tower,0,4,16,0,20,0,0,61,0,61,0,4,77,0,81,52,0,52,133
12/20/2014,BDR,CT,ANE,EN,Federal Contract Tower,0,6,12,0,18,0,1,98,2,101,0,7,110,2,119,120,0,120,239
12/21/2014,BDR,CT,ANE,EN,Federal Contract Tower,0,2,13,0,15,0,0,5,0,5,0,2,18,0,20,0,0,0,20
12/22/2014,BDR,CT,ANE,EN,Federal Contract Tower,0,4,14,0,18,0,0,20,0,20,0,4,34,0,38,4,0,4,42
12/23/2014,BDR,CT,ANE,EN,Federal Contract Tower,0,7,6,0,13,0,0,0,0,0,0,7,6,0,13,0,0,0,13
12/24/2014,BDR,CT,ANE,EN,Federal Contract Tower,0,1,2,0,3,0,0,0,0,0,0,1,2,0,3,0,0,0,3
12/25/2014,BDR,CT,ANE,EN,Federal Contract Tower,0,0,4,0,4,0,1,8,0,9,0,1,12,0,13,0,0,0,13
12/26/2014,BDR,CT,ANE,EN,Federal Contract Tower,0,7,10,0,17,0,105,0,0,105,0,112,10,0,122,62,0,62,184
12/27/2014,BDR,CT,ANE,EN,Federal Contract Tower,0,1,10,0,11,0,2,128,0,130,0,3,138,0,141,80,0,80,221
12/28/2014,BDR,CT,ANE,EN,Federal Contract Tower,0,2,3,0,5,0,0,12,0,12,0,2,15,0,17,10,0,10,27
12/29/2014,BDR,CT,ANE,EN,Federal Contract Tower,0,1,3,0,4,0,0,71,0,71,0,1,74,0,75,28,0,28,103
12/30/2014,BDR,CT,ANE,EN,Federal Contract Tower,0,3,6,0,9,0,0,47,0,47,0,3,53,0,56,20,0,20,76
12/31/2014,BDR,CT,ANE,EN,Federal Contract Tower,0,3,2,0,5,0,0,37,0,37,0,3,39,0,42,40,0,40,82
01/01/2015,BDR,CT,ANE,EN,Federal Contract Tower,0,2,1,0,3,0,1,29,0,30,0,3,30,0,33,8,0,8,41
01/02/2015,BDR,CT,ANE,EN,Federal Contract Tower,0,7,10,0,17,0,0,68,0,68,0,7,78,0,85,62,0,62,147
01/03/2015,BDR,CT,ANE,EN,Federal Contract Tower,0,0,10,0,10,0,0,40,0,40,0,0,50,0,50,72,0,72,122
01/04/2015,BDR,CT,ANE,EN,Federal Contract Tower,0,0,14,0,14,0,0,0,0,0,0,0,14,0,14,0,0,0,14
01/05/2015,BDR,CT,ANE,EN,Federal Contract Tower,0,2,10,0,12,0,0,12,0,12,0,2,22,0,24,0,0,0,24
01/06/2015,BDR,CT,ANE,EN,Federal Contract Tower,0,3,1,0,4,0,0,2,0,2,0,3,3,0,6,2,0,2,8
01/07/2015,BDR,CT,ANE,EN,Federal Contract Tower,0,2,7,2,11,0,0,7,0,7,0,2,14,2,18,0,0,0,18
01/08/2015,BDR,CT,ANE,EN,Federal Contract Tower,0,6,8,0,14,0,2,23,0,25,0,8,31,0,39,12,0,12,51
01/09/2015,BDR,CT,ANE,EN,Federal Contract Tower,0,2,9,0,11,0,0,19,0,19,0,2,28,0,30,30,0,30,60
01/10/2015,BDR,CT,ANE,EN,Federal Contract Tower,0,2,2,0,4,0,0,52,0,52,0,2,54,0,56,98,0,98,154
01/11/2015,BDR,CT,ANE,EN,Federal Contract Tower,0,0,7,0,7,0,0,50,0,50,0,0,57,0,57,52,0,52,109
01/12/2015,BDR,CT,ANE,EN,Federal Contract Tower,0,3,5,0,8,0,0,0,0,0,0,3,5,0,8,0,0,0,8
01/13/2015,BDR,CT,ANE,EN,Federal Contract Tower,0,4,14,2,20,0,0,30,0,30,0,4,44,2,50,14,0,14,64
01/14/2015,BDR,CT,ANE,EN,Federal Contract Tower,0,6,16,0,22,0,1,35,2,38,0,7,51,2,60,52,0,52,112
01/15/2015,BDR,CT,ANE,EN,Federal Contract Tower,0,4,7,0,11,0,0,51,0,51,0,4,58,0,62,44,0,44,106
01/16/2015,BDR,CT,ANE,EN,Federal Contract Tower,0,4,9,0,13,0,0,34,0,34,0,4,43,0,47,14,2,16,63
01/17/2015,BDR,CT,ANE,EN,Federal Contract Tower,0,0,8,0,8,0,2,98,0,100,0,2,106,0,108,52,0,52,160
01/18/2015,BDR,CT,ANE,EN,Federal Contract Tower,0,1,3,0,4,0,0,0,0,0,0,1,3,0,4,0,0,0,4
01/19/2015,BDR,CT,ANE,EN,Federal Contract Tower,0,8,17,0,25,0,1,45,0,46,0,9,62,0,71,22,0,22,93
01/20/2015,BDR,CT,ANE,EN,Federal Contract Tower,0,11,13,0,24,0,0,36,0,36,0,11,49,0,60,56,0,56,116
01/21/2015,BDR,CT,ANE,EN,Federal Contract Tower,0,5,8,10,23,0,0,32,0,32,0,5,40,10,55,16,0,16,71
01/22/2015,BDR,CT,ANE,EN,Federal Contract Tower,0,6,15,0,21,0,0,57,0,57,0,6,72,0,78,98,0,98,176
01/23/2015,BDR,CT,ANE,EN,Federal Contract Tower,0,3,9,0,12,0,1,98,0,99,0,4,107,0,111,56,0,56,167
01/24/2015,BDR,CT,ANE,EN,Federal Contract Tower,0,0,2,0,2,0,0,0,0,0,0,0,2,0,2,0,0,0,2
01/25/2015,BDR,CT,ANE,EN,Federal Contract Tower,0,5,14,0,19,0,0,67,0,67,0,5,81,0,86,114,0,114,200
01/26/2015,BDR,CT,ANE,EN,Federal Contract Tower,0,0,2,0,2,0,0,0,0,0,0,0,2,0,2,0,0,0,2
01/27/2015,BDR,CT,ANE,EN,Federal Contract Tower,0,0,0,0,0,0,0,0,0,0,0,0,0,0,0,0,0,0,0
01/28/2015,BDR,CT,ANE,EN,Federal Contract Tower,0,6,3,0,9,0,0,9,0,9,0,6,12,0,18,16,0,16,34
01/29/2015,BDR,CT,ANE,EN,Federal Contract Tower,0,4,8,6,18,0,0,57,0,57,0,4,65,6,75,88,0,88,163
01/30/2015,BDR,CT,ANE,EN,Federal Contract Tower,0,3,5,0,8,0,0,5,0,5,0,3,10,0,13,0,0,0,13
01/31/2015,BDR,CT,ANE,EN,Federal Contract Tower,0,0,3,0,3,0,0,8,0,8,0,0,11,0,11,4,0,4,15
02/01/2015,BDR,CT,ANE,EN,Federal Contract Tower,0,2,10,0,12,0,1,63,0,64,0,3,73,0,76,110,0,110,186
02/02/2015,BDR,CT,ANE,EN,Federal Contract Tower,0,0,0,0,0,0,0,0,0,0,0,0,0,0,0,0,0,0,0
02/03/2015,BDR,CT,ANE,EN,Federal Contract Tower,0,8,7,0,15,0,0,10,0,10,0,8,17,0,25,8,0,8,33
02/04/2015,BDR,CT,ANE,EN,Federal Contract Tower,0,1,6,0,7,0,0,24,0,24,0,1,30,0,31,28,0,28,59
02/05/2015,BDR,CT,ANE,EN,Federal Contract Tower,0,1,4,2,7,0,0,3,0,3,0,1,7,2,10,0,0,0,10
02/06/2015,BDR,CT,ANE,EN,Federal Contract Tower,0,2,15,0,17,0,0,67,0,67,0,2,82,0,84,92,0,92,176
02/07/2015,BDR,CT,ANE,EN,Federal Contract Tower,0,0,7,0,7,0,0,38,0,38,0,0,45,0,45,38,0,38,83
02/08/2015,BDR,CT,ANE,EN,Federal Contract Tower,0,1,6,0,7,0,0,2,0,2,0,1,8,0,9,14,0,14,23
02/09/2015,BDR,CT,ANE,EN,Federal Contract Tower,0,0,0,0,0,0,0,0,0,0,0,0,0,0,0,0,0,0,0
02/10/2015,BDR,CT,ANE,EN,Federal Contract Tower,0,2,12,0,14,0,0,25,0,25,0,2,37,0,39,14,0,14,53
02/11/2015,BDR,CT,ANE,EN,Federal Contract Tower,0,2,18,2,22,0,0,47,0,47,0,2,65,2,69,64,0,64,133
02/12/2015,BDR,CT,ANE,EN,Federal Contract Tower,0,5,7,0,12,0,0,7,0,7,0,5,14,0,19,0,0,0,19
02/13/2015,BDR,CT,ANE,EN,Federal Contract Tower,0,10,4,0,14,0,3,20,0,23,0,13,24,0,37,38,0,38,75
02/14/2015,BDR,CT,ANE,EN,Federal Contract Tower,0,2,3,0,5,0,0,20,0,20,0,2,23,0,25,36,0,36,61
02/15/2015,BDR,CT,ANE,EN,Federal Contract Tower,0,0,1,0,1,0,0,0,0,0,0,0,1,0,1,0,0,0,1
02/16/2015,BDR,CT,ANE,EN,Federal Contract Tower,0,2,12,0,14,0,0,49,0,49,0,2,61,0,63,68,0,68,131
02/17/2015,BDR,CT,ANE,EN,Federal Contract Tower,0,4,6,2,12,0,0,9,0,9,0,4,15,2,21,0,0,0,21
02/18/2015,BDR,CT,ANE,EN,Federal Contract Tower,0,5,7,0,12,0,1,26,0,27,0,6,33,0,39,46,0,46,85
02/19/2015,BDR,CT,ANE,EN,Federal Contract Tower,0,6,11,0,17,0,0,17,0,17,0,6,28,0,34,8,2,10,44
02/20/2015,BDR,CT,ANE,EN,Federal Contract Tower,0,5,3,0,8,0,2,18,0,20,0,7,21,0,28,42,0,42,70
02/21/2015,BDR,CT,ANE,EN,Federal Contract Tower,0,1,2,0,3,0,0,32,0,32,0,1,34,0,35,56,0,56,91
02/22/2015,BDR,CT,ANE,EN,Federal Contract Tower,0,1,5,0,6,0,0,19,0,19,0,1,24,0,25,26,0,26,51
02/23/2015,BDR,CT,ANE,EN,Federal Contract Tower,0,2,13,0,15,0,0,26,0,26,0,2,39,0,41,16,0,16,57
02/24/2015,BDR,CT,ANE,EN,Federal Contract Tower,0,3,13,0,16,0,0,13,0,13,0,3,26,0,29,30,0,30,59
02/25/2015,BDR,CT,ANE,EN,Federal Contract Tower,0,2,5,2,9,0,0,37,2,39,0,2,42,4,48,20,14,34,82
02/26/2015,BDR,CT,ANE,EN,Federal Contract Tower,0,3,5,0,8,0,4,21,0,25,0,7,26,0,33,28,0,28,61
02/27/2015,BDR,CT,ANE,EN,Federal Contract Tower,0,1,6,0,7,0,2,42,0,44,0,3,48,0,51,16,0,16,67
02/28/2015,BDR,CT,ANE,EN,Federal Contract Tower,0,2,4,0,6,0,0,94,0,94,0,2,98,0,100,64,0,64,164
03/01/2015,BDR,CT,ANE,EN,Federal Contract Tower,0,0,1,0,1,0,0,7,0,7,0,0,8,0,8,36,0,36,44
03/02/2015,BDR,CT,ANE,EN,Federal Contract Tower,0,0,4,0,4,0,1,20,0,21,0,1,24,0,25,0,0,0,25
03/03/2015,BDR,CT,ANE,EN,Federal Contract Tower,0,5,5,0,10,0,2,25,0,27,0,7,30,0,37,24,2,26,63
03/04/2015,BDR,CT,ANE,EN,Federal Contract Tower,0,3,5,0,8,0,0,4,0,4,0,3,9,0,12,24,0,24,36
03/05/2015,BDR,CT,ANE,EN,Federal Contract Tower,0,2,1,0,3,0,0,0,0,0,0,2,1,0,3,0,0,0,3
03/06/2015,BDR,CT,ANE,EN,Federal Contract Tower,0,0,10,0,10,0,0,40,0,40,0,0,50,0,50,32,0,32,82
03/07/2015,BDR,CT,ANE,EN,Federal Contract Tower,0,0,2,0,2,0,0,52,0,52,0,0,54,0,54,74,0,74,128
03/08/2015,BDR,CT,ANE,EN,Federal Contract Tower,0,4,8,0,12,0,0,68,2,70,0,4,76,2,82,64,0,64,146
03/09/2015,BDR,CT,ANE,EN,Federal Contract Tower,0,2,7,0,9,0,0,110,0,110,0,2,117,0,119,120,0,120,239
03/10/2015,BDR,CT,ANE,EN,Federal Contract Tower,0,6,8,0,14,0,0,33,0,33,0,6,41,0,47,10,0,10,57
03/11/2015,BDR,CT,ANE,EN,Federal Contract Tower,0,4,8,2,14,0,0,44,0,44,0,4,52,2,58,60,0,60,118
03/12/2015,BDR,CT,ANE,EN,Federal Contract Tower,0,2,5,0,7,0,4,30,0,34,0,6,35,0,41,26,0,26,67
03/13/2015,BDR,CT,ANE,EN,Federal Contract Tower,0,4,4,0,8,0,3,55,4,62,0,7,59,4,70,84,0,84,154
03/14/2015,BDR,CT,ANE,EN,Federal Contract Tower,0,0,7,0,7,0,0,0,0,0,0,0,7,0,7,0,0,0,7
03/15/2015,BDR,CT,ANE,EN,Federal Contract Tower,0,1,7,0,8,0,0,43,0,43,0,1,50,0,51,52,0,52,103
03/16/2015,BDR,CT,ANE,EN,Federal Contract Tower,0,7,12,0,19,0,0,55,0,55,0,7,67,0,74,100,0,100,174
03/17/2015,BDR,CT,ANE,EN,Federal Contract Tower,0,5,4,0,9,0,0,6,0,6,0,5,10,0,15,0,2,2,17
03/18/2015,BDR,CT,ANE,EN,Federal Contract Tower,0,1,8,2,11,0,1,12,0,13,0,2,20,2,24,6,0,6,30
03/19/2015,BDR,CT,ANE,EN,Federal Contract Tower,0,7,13,0,20,0,5,65,0,70,0,12,78,0,90,94,6,100,190
03/20/2015,BDR,CT,ANE,EN,Federal Contract Tower,0,3,3,0,6,0,0,6,0,6,0,3,9,0,12,0,0,0,12
03/21/2015,BDR,CT,ANE,EN,Federal Contract Tower,0,1,5,0,6,0,0,39,0,39,0,1,44,0,45,72,0,72,117
03/22/2015,BDR,CT,ANE,EN,Federal Contract Tower,0,0,3,0,3,0,0,78,0,78,0,0,81,0,81,54,0,54,135
03/23/2015,BDR,CT,ANE,EN,Federal Contract Tower,0,4,8,0,12,0,0,61,0,61,0,4,69,0,73,28,0,28,101
03/24/2015,BDR,CT,ANE,EN,Federal Contract Tower,0,3,19,0,22,0,0,60,0,60,0,3,79,0,82,98,0,98,180
03/25/2015,BDR,CT,ANE,EN,Federal Contract Tower,0,6,14,0,20,0,0,60,0,60,0,6,74,0,80,96,0,96,176
03/26/2015,BDR,CT,ANE,EN,Federal Contract Tower,0,1,6,0,7,0,0,0,0,0,0,1,6,0,7,0,0,0,7
03/28/2015,BDR,CT,ANE,EN,Federal Contract Tower,0,1,5,0,6,0,0,1,0,1,0,1,6,0,7,0,0,0,7
03/29/2015,BDR,CT,ANE,EN,Federal Contract Tower,0,1,9,0,10,0,0,102,0,102,0,1,111,0,112,54,0,54,166
03/30/2015,BDR,CT,ANE,EN,Federal Contract Tower,0,3,6,0,9,0,0,61,0,61,0,3,67,0,70,30,0,30,100
03/31/2015,BDR,CT,ANE,EN,Federal Contract Tower,0,6,10,0,16,0,0,36,0,36,0,6,46,0,52,38,0,38,90
04/01/2015,BDR,CT,ANE,EN,Federal Contract Tower,0,1,11,0,12,0,0,77,0,77,0,1,88,0,89,66,0,66,155
04/02/2015,BDR,CT,ANE,EN,Federal Contract Tower,0,3,13,0,16,0,0,75,0,75,0,3,88,0,91,86,0,86,177
04/03/2015,BDR,CT,ANE,EN,Federal Contract Tower,0,4,15,0,19,0,0,6,0,6,0,4,21,0,25,14,0,14,39
04/04/2015,BDR,CT,ANE,EN,Federal Contract Tower,0,4,3,0,7,0,0,28,0,28,0,4,31,0,35,0,0,0,35
04/05/2015,BDR,CT,ANE,EN,Federal Contract Tower,0,3,6,0,9,0,0,47,0,47,0,3,53,0,56,40,0,40,96
04/06/2015,BDR,CT,ANE,EN,Federal Contract Tower,0,8,9,0,17,0,0,105,0,105,0,8,114,0,122,142,0,142,264
04/07/2015,BDR,CT,ANE,EN,Federal Contract Tower,0,2,13,0,15,0,0,18,0,18,0,2,31,0,33,6,0,6,39
04/08/2015,BDR,CT,ANE,EN,Federal Contract Tower,0,5,9,0,14,0,0,8,0,8,0,5,17,0,22,8,0,8,30
04/09/2015,BDR,CT,ANE,EN,Federal Contract Tower,0,8,14,0,22,0,0,13,8,21,0,8,27,8,43,0,0,0,43
04/10/2015,BDR,CT,ANE,EN,Federal Contract Tower,0,13,13,0,26,0,0,1,0,1,0,13,14,0,27,0,0,0,27
04/11/2015,BDR,CT,ANE,EN,Federal Contract Tower,0,7,16,0,23,0,3,90,0,93,0,10,106,0,116,82,0,82,198
04/12/2015,BDR,CT,ANE,EN,Federal Contract Tower,0,1,3,0,4,0,1,162,1,164,0,2,165,1,168,168,0,168,336
04/13/2015,BDR,CT,ANE,EN,Federal Contract Tower,0,0,9,0,9,0,1,64,0,65,0,1,73,0,74,100,0,100,174
04/14/2015,BDR,CT,ANE,EN,Federal Contract Tower,0,6,15,0,21,0,0,21,0,21,0,6,36,0,42,26,0,26,68
04/15/2015,BDR,CT,ANE,EN,Federal Contract Tower,0,3,15,4,22,0,0,37,0,37,0,3,52,4,59,60,0,60,119
04/16/2015,BDR,CT,ANE,EN,Federal Contract Tower,0,3,7,2,12,0,1,82,0,83,0,4,89,2,95,108,0,108,203
04/17/2015,BDR,CT,ANE,EN,Federal Contract Tower,0,4,13,0,17,0,0,30,2,32,0,4,43,2,49,48,0,48,97
04/18/2015,BDR,CT,ANE,EN,Federal Contract Tower,0,4,18,0,22,0,0,114,0,114,0,4,132,0,136,174,0,174,310
04/19/2015,BDR,CT,ANE,EN,Federal Contract Tower,0,5,8,0,13,0,2,147,0,149,0,7,155,0,162,118,0,118,280
04/20/2015,BDR,CT,ANE,EN,Federal Contract Tower,0,5,10,0,15,0,0,0,0,0,0,5,10,0,15,0,0,0,15
04/21/2015,BDR,CT,ANE,EN,Federal Contract Tower,0,7,18,0,25,0,1,44,0,45,0,8,62,0,70,58,0,58,128
04/22/2015,BDR,CT,ANE,EN,Federal Contract Tower,0,5,15,0,20,0,0,36,0,36,0,5,51,0,56,18,0,18,74
04/23/2015,BDR,CT,ANE,EN,Federal Contract Tower,0,5,6,0,11,0,0,37,0,37,0,5,43,0,48,34,0,34,82
04/24/2015,BDR,CT,ANE,EN,Federal Contract Tower,0,7,12,0,19,0,2,58,0,60,0,9,70,0,79,26,0,26,105
04/25/2015,BDR,CT,ANE,EN,Federal Contract Tower,0,2,2,0,4,0,0,127,0,127,0,2,129,0,131,134,0,134,265
04/26/2015,BDR,CT,ANE,EN,Federal Contract Tower,0,4,9,0,13,0,0,122,0,122,0,4,131,0,135,162,0,162,297
04/27/2015,BDR,CT,ANE,EN,Federal Contract Tower,0,1,12,0,13,0,0,56,0,56,0,1,68,0,69,46,0,46,115
04/28/2015,BDR,CT,ANE,EN,Federal Contract Tower,0,3,15,0,18,0,0,59,0,59,0,3,74,0,77,54,0,54,131
04/29/2015,BDR,CT,ANE,EN,Federal Contract Tower,0,5,13,0,18,0,0,75,0,75,0,5,88,0,93,66,0,66,159
04/30/2015,BDR,CT,ANE,EN,Federal Contract Tower,0,3,12,0,15,0,0,71,0,71,0,3,83,0,86,104,0,104,190
05/01/2015,BDR,CT,ANE,EN,Federal Contract Tower,0,8,14,0,22,0,1,73,0,74,0,9,87,0,96,60,2,62,158
05/02/2015,BDR,CT,ANE,EN,Federal Contract Tower,0,1,4,0,5,0,0,96,0,96,0,1,100,0,101,136,0,136,237
05/03/2015,BDR,CT,ANE,EN,Federal Contract Tower,0,1,12,0,13,0,1,126,0,127,0,2,138,0,140,138,0,138,278
05/04/2015,BDR,CT,ANE,EN,Federal Contract Tower,0,0,14,0,14,0,1,36,0,37,0,1,50,0,51,14,0,14,65
05/05/2015,BDR,CT,ANE,EN,Federal Contract Tower,0,5,11,0,16,0,0,72,0,72,0,5,83,0,88,90,0,90,178
05/06/2015,BDR,CT,ANE,EN,Federal Contract Tower,0,4,8,0,12,0,0,57,0,57,0,4,65,0,69,70,0,70,139
05/07/2015,BDR,CT,ANE,EN,Federal Contract Tower,0,9,15,0,24,0,0,72,0,72,0,9,87,0,96,68,0,68,164
05/08/2015,BDR,CT,ANE,EN,Federal Contract Tower,0,6,15,0,21,0,4,72,0,76,0,10,87,0,97,56,0,56,153
05/09/2015,BDR,CT,ANE,EN,Federal Contract Tower,0,7,14,0,21,0,0,2,0,2,0,7,16,0,23,8,0,8,31
05/10/2015,BDR,CT,ANE,EN,Federal Contract Tower,0,1,13,0,14,0,0,80,0,80,0,1,93,0,94,68,0,68,162
05/11/2015,BDR,CT,ANE,EN,Federal Contract Tower,0,4,15,0,19,0,0,51,0,51,0,4,66,0,70,26,2,28,98
05/12/2015,BDR,CT,ANE,EN,Federal Contract Tower,0,12,5,0,17,0,0,61,0,61,0,12,66,0,78,58,0,58,136
05/13/2015,BDR,CT,ANE,EN,Federal Contract Tower,0,9,18,0,27,0,0,66,0,66,0,9,84,0,93,114,0,114,207
05/14/2015,BDR,CT,ANE,EN,Federal Contract Tower,0,1,19,0,20,0,1,79,0,80,0,2,98,0,100,88,0,88,188
05/15/2015,BDR,CT,ANE,EN,Federal Contract Tower,0,7,19,0,26,0,4,66,0,70,0,11,85,0,96,60,0,60,156
05/16/2015,BDR,CT,ANE,EN,Federal Contract Tower,0,2,21,0,23,0,0,33,0,33,0,2,54,0,56,92,0,92,148
05/17/2015,BDR,CT,ANE,EN,Federal Contract Tower,0,6,9,0,15,0,1,78,0,79,0,7,87,0,94,82,0,82,176
05/18/2015,BDR,CT,ANE,EN,Federal Contract Tower,0,1,13,0,14,0,0,24,0,24,0,1,37,0,38,6,2,8,46
05/19/2015,BDR,CT,ANE,EN,Federal Contract Tower,0,7,15,0,22,0,15,0,0,15,0,22,15,0,37,6,0,6,43
05/20/2015,BDR,CT,ANE,EN,Federal Contract Tower,0,6,23,2,31,0,0,57,0,57,0,6,80,2,88,16,0,16,104
05/21/2015,BDR,CT,ANE,EN,Federal Contract Tower,0,6,15,0,21,0,0,77,0,77,0,6,92,0,98,80,0,80,178
05/22/2015,BDR,CT,ANE,EN,Federal Contract Tower,0,6,17,0,23,0,7,99,0,106,0,13,116,0,129,146,0,146,275
05/23/2015,BDR,CT,ANE,EN,Federal Contract Tower,0,2,8,0,10,0,1,98,0,99,0,3,106,0,109,130,0,130,239
05/24/2015,BDR,CT,ANE,EN,Federal Contract Tower,0,1,10,0,11,0,0,95,0,95,0,1,105,0,106,90,0,90,196
05/25/2015,BDR,CT,ANE,EN,Federal Contract Tower,0,5,5,0,10,0,1,124,0,125,0,6,129,0,135,88,0,88,223
05/26/2015,BDR,CT,ANE,EN,Federal Contract Tower,0,2,10,0,12,0,1,76,0,77,0,3,86,0,89,102,0,102,191
05/27/2015,BDR,CT,ANE,EN,Federal Contract Tower,0,3,11,0,14,0,0,30,0,30,0,3,41,0,44,24,0,24,68
05/28/2015,BDR,CT,ANE,EN,Federal Contract Tower,0,3,11,0,14,0,0,14,0,14,0,3,25,0,28,18,0,18,46
05/29/2015,BDR,CT,ANE,EN,Federal Contract Tower,0,3,19,0,22,0,4,131,0,135,0,7,150,0,157,108,0,108,265
05/30/2015,BDR,CT,ANE,EN,Federal Contract Tower,0,2,13,0,15,0,0,101,0,101,0,2,114,0,116,58,0,58,174
05/31/2015,BDR,CT,ANE,EN,Federal Contract Tower,0,3,13,0,16,0,0,37,0,37,0,3,50,0,53,34,0,34,87
06/01/2015,BDR,CT,ANE,EN,Federal Contract Tower,0,7,13,0,20,0,0,0,0,0,0,7,13,0,20,0,0,0,20
06/02/2015,BDR,CT,ANE,EN,Federal Contract Tower,0,2,13,2,17,0,0,1,0,1,0,2,14,2,18,0,0,0,18
06/03/2015,BDR,CT,ANE,EN,Federal Contract Tower,0,12,18,2,32,0,0,101,0,101,0,12,119,2,133,118,0,118,251
06/04/2015,BDR,CT,ANE,EN,Federal Contract Tower,0,8,9,0,17,0,3,74,0,77,0,11,83,0,94,54,0,54,148
06/05/2015,BDR,CT,ANE,EN,Federal Contract Tower,0,5,14,0,19,0,2,58,0,60,0,7,72,0,79,12,0,12,91
06/06/2015,BDR,CT,ANE,EN,Federal Contract Tower,0,7,12,0,19,0,0,91,0,91,0,7,103,0,110,90,0,90,200
06/07/2015,BDR,CT,ANE,EN,Federal Contract Tower,0,5,9,0,14,0,0,130,0,130,0,5,139,0,144,118,0,118,262
06/08/2015,BDR,CT,ANE,EN,Federal Contract Tower,0,2,13,0,15,0,0,51,0,51,0,2,64,0,66,22,0,22,88
06/09/2015,BDR,CT,ANE,EN,Federal Contract Tower,0,10,16,0,26,0,0,36,0,36,0,10,52,0,62,32,0,32,94
06/10/2015,BDR,CT,ANE,EN,Federal Contract Tower,0,12,7,0,19,0,1,111,0,112,0,13,118,0,131,116,0,116,247
06/11/2015,BDR,CT,ANE,EN,Federal Contract Tower,0,5,11,2,18,0,0,54,0,54,0,5,65,2,72,54,0,54,126
06/12/2015,BDR,CT,ANE,EN,Federal Contract Tower,0,3,27,0,30,0,1,94,0,95,0,4,121,0,125,112,0,112,237
06/13/2015,BDR,CT,ANE,EN,Federal Contract Tower,0,0,10,0,10,0,1,91,0,92,0,1,101,0,102,82,0,82,184
06/14/2015,BDR,CT,ANE,EN,Federal Contract Tower,0,0,10,0,10,0,3,124,0,127,0,3,134,0,137,88,0,88,225
06/15/2015,BDR,CT,ANE,EN,Federal Contract Tower,0,9,24,0,33,0,0,0,0,0,0,9,24,0,33,0,0,0,33
06/16/2015,BDR,CT,ANE,EN,Federal Contract Tower,0,5,17,3,25,0,0,4,1,5,0,5,21,4,30,4,0,4,34
06/17/2015,BDR,CT,ANE,EN,Federal Contract Tower,0,2,10,0,12,0,0,88,2,90,0,2,98,2,102,106,0,106,208
06/18/2015,BDR,CT,ANE,EN,Federal Contract Tower,0,7,20,0,27,0,2,75,0,77,0,9,95,0,104,116,0,116,220
06/19/2015,BDR,CT,ANE,EN,Federal Contract Tower,0,10,19,0,29,0,2,79,0,81,0,12,98,0,110,66,0,66,176
06/20/2015,BDR,CT,ANE,EN,Federal Contract Tower,0,1,17,0,18,0,1,41,0,42,0,2,58,0,60,54,0,54,114
06/21/2015,BDR,CT,ANE,EN,Federal Contract Tower,0,4,10,0,14,0,0,34,0,34,0,4,44,0,48,26,0,26,74
06/22/2015,BDR,CT,ANE,EN,Federal Contract Tower,0,2,10,2,14,0,0,94,0,94,0,2,104,2,108,122,0,122,230
06/23/2015,BDR,CT,ANE,EN,Federal Contract Tower,0,3,11,0,14,0,0,26,0,26,0,3,37,0,40,18,0,18,58
06/24/2015,BDR,CT,ANE,EN,Federal Contract Tower,0,3,19,0,22,0,0,85,0,85,0,3,104,0,107,124,0,124,231
06/25/2015,BDR,CT,ANE,EN,Federal Contract Tower,0,4,8,0,12,0,0,36,2,38,0,4,44,2,50,30,2,32,82
06/26/2015,BDR,CT,ANE,EN,Federal Contract Tower,0,13,22,0,35,0,4,87,0,91,0,17,109,0,126,120,0,120,246
06/27/2015,BDR,CT,ANE,EN,Federal Contract Tower,0,3,5,0,8,0,0,40,0,40,0,3,45,0,48,60,0,60,108
06/28/2015,BDR,CT,ANE,EN,Federal Contract Tower,0,9,27,0,36,0,0,2,0,2,0,9,29,0,38,6,0,6,44
06/29/2015,BDR,CT,ANE,EN,Federal Contract Tower,0,3,11,2,16,0,0,71,0,71,0,3,82,2,87,36,0,36,123
06/30/2015,BDR,CT,ANE,EN,Federal Contract Tower,0,4,24,0,28,0,0,84,0,84,0,4,108,0,112,164,0,164,276
07/01/2015,BDR,CT,ANE,EN,Federal Contract Tower,0,10,24,0,34,0,0,55,0,55,0,10,79,0,89,40,0,40,129
07/02/2015,BDR,CT,ANE,EN,Federal Contract Tower,0,3,24,0,27,0,0,109,0,109,0,3,133,0,136,122,0,122,258
07/03/2015,BDR,CT,ANE,EN,Federal Contract Tower,0,4,7,0,11,0,2,134,0,136,0,6,141,0,147,62,0,62,209
07/04/2015,BDR,CT,ANE,EN,Federal Contract Tower,0,2,4,0,6,0,0,62,0,62,0,2,66,0,68,30,0,30,98
07/05/2015,BDR,CT,ANE,EN,Federal Contract Tower,0,3,17,0,20,0,2,131,0,133,0,5,148,0,153,110,2,112,265
07/06/2015,BDR,CT,ANE,EN,Federal Contract Tower,0,6,8,0,14,0,2,96,0,98,0,8,104,0,112,72,0,72,184
07/07/2015,BDR,CT,ANE,EN,Federal Contract Tower,0,7,17,0,24,0,0,36,0,36,0,7,53,0,60,46,0,46,106
07/08/2015,BDR,CT,ANE,EN,Federal Contract Tower,0,10,25,0,35,0,1,24,0,25,0,11,49,0,60,42,0,42,102
07/09/2015,BDR,CT,ANE,EN,Federal Contract Tower,0,10,18,2,30,0,0,37,0,37,0,10,55,2,67,34,0,34,101
07/10/2015,BDR,CT,ANE,EN,Federal Contract Tower,0,10,24,0,34,0,0,113,0,113,0,10,137,0,147,68,0,68,215
07/11/2015,BDR,CT,ANE,EN,Federal Contract Tower,0,1,6,0,7,0,0,118,0,118,0,1,124,0,125,104,0,104,229
07/12/2015,BDR,CT,ANE,EN,Federal Contract Tower,0,4,10,0,14,0,5,126,0,131,0,9,136,0,145,108,0,108,253
07/13/2015,BDR,CT,ANE,EN,Federal Contract Tower,0,5,11,0,16,0,1,90,2,93,0,6,101,2,109,57,0,57,166
07/14/2015,BDR,CT,ANE,EN,Federal Contract Tower,0,12,15,0,27,0,0,20,0,20,0,12,35,0,47,4,0,4,51
07/15/2015,BDR,CT,ANE,EN,Federal Contract Tower,0,17,21,0,38,0,1,8,0,9,0,18,29,0,47,4,0,4,51
07/16/2015,BDR,CT,ANE,EN,Federal Contract Tower,0,9,18,0,27,0,4,108,0,112,0,13,126,0,139,104,0,104,243
07/17/2015,BDR,CT,ANE,EN,Federal Contract Tower,0,8,16,0,24,0,4,137,0,141,0,12,153,0,165,62,0,62,227
07/18/2015,BDR,CT,ANE,EN,Federal Contract Tower,0,5,6,0,11,0,1,27,0,28,0,6,33,0,39,12,0,12,51
07/19/2015,BDR,CT,ANE,EN,Federal Contract Tower,0,15,13,0,28,0,0,99,0,99,0,15,112,0,127,80,0,80,207
07/20/2015,BDR,CT,ANE,EN,Federal Contract Tower,0,3,14,0,17,0,1,61,0,62,0,4,75,0,79,52,0,52,131
07/21/2015,BDR,CT,ANE,EN,Federal Contract Tower,0,9,14,0,23,0,1,54,0,55,0,10,68,0,78,16,0,16,94
07/22/2015,BDR,CT,ANE,EN,Federal Contract Tower,0,7,20,0,27,0,2,81,0,83,0,9,101,0,110,148,0,148,258
07/23/2015,BDR,CT,ANE,EN,Federal Contract Tower,0,2,21,0,23,0,1,108,0,109,0,3,129,0,132,110,0,110,242
07/24/2015,BDR,CT,ANE,EN,Federal Contract Tower,0,8,15,0,23,0,3,116,0,119,0,11,131,0,142,68,0,68,210
07/25/2015,BDR,CT,ANE,EN,Federal Contract Tower,0,4,14,0,18,0,1,134,0,135,0,5,148,0,153,86,0,86,239
07/26/2015,BDR,CT,ANE,EN,Federal Contract Tower,0,8,9,0,17,0,0,71,0,71,0,8,80,0,88,20,0,20,108
07/27/2015,BDR,CT,ANE,EN,Federal Contract Tower,0,5,8,0,13,0,0,54,0,54,0,5,62,0,67,32,0,32,99
07/28/2015,BDR,CT,ANE,EN,Federal Contract Tower,0,1,9,0,10,0,1,75,0,76,0,2,84,0,86,128,0,128,214
07/29/2015,BDR,CT,ANE,EN,Federal Contract Tower,0,1,9,0,10,0,0,86,4,90,0,1,95,4,100,80,0,80,180
07/30/2015,BDR,CT,ANE,EN,Federal Contract Tower,0,12,11,0,23,0,1,31,0,32,0,13,42,0,55,0,0,0,55
07/31/2015,BDR,CT,ANE,EN,Federal Contract Tower,0,2,4,0,6,0,3,121,0,124,0,5,125,0,130,88,0,88,218
08/01/2015,BDR,CT,ANE,EN,Federal Contract Tower,0,1,3,0,4,0,0,91,0,91,0,1,94,0,95,104,0,104,199
08/02/2015,BDR,CT,ANE,EN,Federal Contract Tower,0,0,3,0,3,0,3,122,0,125,0,3,125,0,128,84,0,84,212
08/03/2015,BDR,CT,ANE,EN,Federal Contract Tower,0,0,13,0,13,0,0,81,0,81,0,0,94,0,94,74,0,74,168
08/04/2015,BDR,CT,ANE,EN,Federal Contract Tower,0,2,13,0,15,0,1,76,0,77,0,3,89,0,92,100,0,100,192
08/05/2015,BDR,CT,ANE,EN,Federal Contract Tower,0,1,16,0,17,0,1,108,0,109,0,2,124,0,126,30,0,30,156
08/06/2015,BDR,CT,ANE,EN,Federal Contract Tower,0,4,7,0,11,1,4,84,4,93,1,8,91,4,104,48,0,48,152
08/07/2015,BDR,CT,ANE,EN,Federal Contract Tower,0,2,5,0,7,0,4,107,0,111,0,6,112,0,118,48,0,48,166
08/08/2015,BDR,CT,ANE,EN,Federal Contract Tower,0,0,3,0,3,0,2,108,0,110,0,2,111,0,113,84,0,84,197
08/09/2015,BDR,CT,ANE,EN,Federal Contract Tower,0,6,9,0,15,0,0,98,0,98,0,6,107,0,113,52,0,52,165
08/10/2015,BDR,CT,ANE,EN,Federal Contract Tower,0,3,8,0,11,0,2,88,0,90,0,5,96,0,101,22,0,22,123
08/11/2015,BDR,CT,ANE,EN,Federal Contract Tower,0,5,8,0,13,0,0,2,0,2,0,5,10,0,15,0,0,0,15
08/12/2015,BDR,CT,ANE,EN,Federal Contract Tower,0,5,4,0,9,0,0,53,0,53,0,5,57,0,62,48,0,48,110
08/13/2015,BDR,CT,ANE,EN,Federal Contract Tower,0,3,16,0,19,0,4,123,0,127,0,7,139,0,146,84,0,84,230
08/14/2015,BDR,CT,ANE,EN,Federal Contract Tower,0,2,8,0,10,0,2,129,2,133,0,4,137,2,143,120,0,120,263
08/15/2015,BDR,CT,ANE,EN,Federal Contract Tower,0,0,5,0,5,0,1,121,0,122,0,1,126,0,127,72,0,72,199
08/16/2015,BDR,CT,ANE,EN,Federal Contract Tower,0,1,9,0,10,0,4,93,0,97,0,5,102,0,107,42,0,42,149
08/17/2015,BDR,CT,ANE,EN,Federal Contract Tower,0,0,4,0,4,0,0,76,0,76,0,0,80,0,80,54,0,54,134
08/18/2015,BDR,CT,ANE,EN,Federal Contract Tower,0,2,16,0,18,0,0,70,2,72,0,2,86,2,90,114,0,114,204
08/19/2015,BDR,CT,ANE,EN,Federal Contract Tower,0,1,8,0,9,0,0,60,0,60,0,1,68,0,69,18,0,18,87
08/20/2015,BDR,CT,ANE,EN,Federal Contract Tower,0,11,13,1,25,0,0,68,1,69,0,11,81,2,94,36,0,36,130
08/21/2015,BDR,CT,ANE,EN,Federal Contract Tower,0,6,21,0,27,0,0,44,0,44,0,6,65,0,71,10,0,10,81
08/22/2015,BDR,CT,ANE,EN,Federal Contract Tower,0,0,7,0,7,0,0,114,0,114,0,0,121,0,121,92,0,92,213
08/23/2015,BDR,CT,ANE,EN,Federal Contract Tower,0,3,15,0,18,0,0,53,0,53,0,3,68,0,71,58,0,58,129
08/24/2015,BDR,CT,ANE,EN,Federal Contract Tower,0,6,17,0,23,0,3,50,0,53,0,9,67,0,76,8,0,8,84
08/25/2015,BDR,CT,ANE,EN,Federal Contract Tower,0,5,0,0,5,0,1,30,0,31,0,6,30,0,36,28,0,28,64
08/26/2015,BDR,CT,ANE,EN,Federal Contract Tower,0,1,3,0,4,0,0,82,0,82,0,1,85,0,86,16,0,16,102
08/27/2015,BDR,CT,ANE,EN,Federal Contract Tower,0,3,11,0,14,0,1,105,0,106,0,4,116,0,120,72,0,72,192
08/28/2015,BDR,CT,ANE,EN,Federal Contract Tower,0,1,4,0,5,0,6,105,4,115,0,7,109,4,120,24,0,24,144
08/29/2015,BDR,CT,ANE,EN,Federal Contract Tower,0,0,2,0,2,0,5,104,0,109,0,5,106,0,111,0,0,0,111
08/30/2015,BDR,CT,ANE,EN,Federal Contract Tower,0,0,4,0,4,0,0,109,0,109,0,0,113,0,113,2,0,2,115
08/31/2015,BDR,CT,ANE,EN,Federal Contract Tower,0,1,6,0,7,0,2,88,0,90,0,3,94,0,97,4,0,4,101
09/01/2015,BDR,CT,ANE,EN,Federal Contract Tower,0,1,1,0,2,0,2,49,0,51,0,3,50,0,53,0,0,0,53
09/03/2015,BDR,CT,ANE,EN,Federal Contract Tower,0,1,10,0,11,0,0,65,2,67,0,1,75,2,78,4,0,4,82
09/04/2015,BDR,CT,ANE,EN,Federal Contract Tower,0,6,24,0,30,0,1,66,0,67,0,7,90,0,97,44,0,44,141
09/05/2015,BDR,CT,ANE,EN,Federal Contract Tower,0,0,7,0,7,0,1,119,0,120,0,1,126,0,127,74,0,74,201
09/06/2015,BDR,CT,ANE,EN,Federal Contract Tower,0,0,7,0,7,0,0,84,0,84,0,0,91,0,91,20,0,20,111
09/07/2015,BDR,CT,ANE,EN,Federal Contract Tower,0,3,8,0,11,0,2,123,0,125,0,5,131,0,136,24,0,24,160
09/08/2015,BDR,CT,ANE,EN,Federal Contract Tower,0,1,10,0,11,0,0,56,0,56,0,1,66,0,67,50,0,50,117
09/09/2015,BDR,CT,ANE,EN,Federal Contract Tower,0,5,15,0,20,0,0,47,0,47,0,5,62,0,67,10,0,10,77
09/10/2015,BDR,CT,ANE,EN,Federal Contract Tower,0,6,12,0,18,0,0,1,0,1,0,6,13,0,19,0,0,0,19
09/11/2015,BDR,CT,ANE,EN,Federal Contract Tower,0,17,15,0,32,0,0,43,0,43,0,17,58,0,75,48,0,48,123
09/12/2015,BDR,CT,ANE,EN,Federal Contract Tower,0,1,11,0,12,0,0,65,0,65,0,1,76,0,77,72,0,72,149
09/13/2015,BDR,CT,ANE,EN,Federal Contract Tower,0,9,8,0,17,0,0,45,0,45,0,9,53,0,62,28,0,28,90
09/14/2015,BDR,CT,ANE,EN,Federal Contract Tower,0,4,10,0,14,0,0,73,2,75,0,4,83,2,89,18,0,18,107
09/15/2015,BDR,CT,ANE,EN,Federal Contract Tower,0,4,14,0,18,0,1,86,0,87,0,5,100,0,105,86,0,86,191
09/16/2015,BDR,CT,ANE,EN,Federal Contract Tower,0,10,13,0,23,0,1,78,0,79,0,11,91,0,102,46,0,46,148
09/17/2015,BDR,CT,ANE,EN,Federal Contract Tower,0,10,7,0,17,0,2,76,0,78,0,12,83,0,95,52,0,52,147
09/18/2015,BDR,CT,ANE,EN,Federal Contract Tower,0,12,7,0,19,0,7,99,0,106,0,19,106,0,125,46,0,46,171
09/19/2015,BDR,CT,ANE,EN,Federal Contract Tower,0,6,11,0,17,0,0,72,0,72,0,6,83,0,89,28,0,28,117
09/20/2015,BDR,CT,ANE,EN,Federal Contract Tower,0,10,17,0,27,0,2,84,0,86,0,12,101,0,113,50,0,50,163
09/21/2015,BDR,CT,ANE,EN,Federal Contract Tower,0,4,10,0,14,0,0,51,0,51,0,4,61,0,65,10,0,10,75
09/22/2015,BDR,CT,ANE,EN,Federal Contract Tower,0,9,11,0,20,0,1,49,0,50,0,10,60,0,70,34,0,34,104
09/23/2015,BDR,CT,ANE,EN,Federal Contract Tower,0,4,5,0,9,0,0,76,0,76,0,4,81,0,85,68,0,68,153
09/24/2015,BDR,CT,ANE,EN,Federal Contract Tower,0,11,12,0,23,0,0,65,0,65,0,11,77,0,88,50,2,52,140
09/25/2015,BDR,CT,ANE,EN,Federal Contract Tower,0,11,16,0,27,0,1,82,0,83,0,12,98,0,110,84,0,84,194
09/26/2015,BDR,CT,ANE,EN,Federal Contract Tower,0,5,9,0,14,0,0,55,0,55,0,5,64,0,69,30,0,30,99
09/27/2015,BDR,CT,ANE,EN,Federal Contract Tower,0,4,7,0,11,0,0,94,0,94,0,4,101,0,105,92,0,92,197
09/28/2015,BDR,CT,ANE,EN,Federal Contract Tower,0,2,8,0,10,0,0,46,0,46,0,2,54,0,56,42,0,42,98
09/29/2015,BDR,CT,ANE,EN,Federal Contract Tower,0,5,22,0,27,0,0,19,0,19,0,5,41,0,46,34,0,34,80
09/30/2015,BDR,CT,ANE,EN,Federal Contract Tower,0,3,9,0,12,0,1,11,0,12,0,4,20,0,24,0,0,0,24
10/01/2015,BDR,CT,ANE,EN,Federal Contract Tower,0,9,7,0,16,0,0,35,0,35,0,9,42,0,51,10,0,10,61
10/02/2015,BDR,CT,ANE,EN,Federal Contract Tower,0,3,5,0,8,0,0,10,0,10,0,3,15,0,18,0,0,0,18
10/03/2015,BDR,CT,ANE,EN,Federal Contract Tower,0,2,1,0,3,0,0,1,0,1,0,2,2,0,4,0,0,0,4
10/04/2015,BDR,CT,ANE,EN,Federal Contract Tower,0,6,2,0,8,0,0,23,0,23,0,6,25,0,31,22,0,22,53
10/05/2015,BDR,CT,ANE,EN,Federal Contract Tower,0,5,11,0,16,0,0,39,0,39,0,5,50,0,55,10,0,10,65
10/06/2015,BDR,CT,ANE,EN,Federal Contract Tower,0,8,14,0,22,0,0,66,0,66,0,8,80,0,88,60,0,60,148
10/07/2015,BDR,CT,ANE,EN,Federal Contract Tower,0,7,12,0,19,0,0,81,0,81,0,7,93,0,100,50,0,50,150
10/08/2015,BDR,CT,ANE,EN,Federal Contract Tower,0,10,7,0,17,0,1,77,0,78,0,11,84,0,95,108,0,108,203
10/09/2015,BDR,CT,ANE,EN,Federal Contract Tower,0,16,13,0,29,0,1,19,0,20,0,17,32,0,49,32,0,32,81
10/10/2015,BDR,CT,ANE,EN,Federal Contract Tower,0,4,11,0,15,0,0,105,0,105,0,4,116,0,120,64,0,64,184
10/11/2015,BDR,CT,ANE,EN,Federal Contract Tower,0,1,5,0,6,0,0,96,0,96,0,1,101,0,102,116,0,116,218
10/12/2015,BDR,CT,ANE,EN,Federal Contract Tower,0,9,4,0,13,0,0,89,0,89,0,9,93,0,102,58,4,62,164
10/13/2015,BDR,CT,ANE,EN,Federal Contract Tower,0,7,12,0,19,0,2,25,0,27,0,9,37,0,46,42,0,42,88
10/14/2015,BDR,CT,ANE,EN,Federal Contract Tower,0,7,15,0,22,0,0,66,0,66,0,7,81,0,88,92,0,92,180
10/15/2015,BDR,CT,ANE,EN,Federal Contract Tower,0,8,7,1,16,0,0,75,0,75,0,8,82,1,91,108,0,108,199
10/16/2015,BDR,CT,ANE,EN,Federal Contract Tower,0,9,11,0,20,0,2,55,0,57,0,11,66,0,77,42,0,42,119
10/17/2015,BDR,CT,ANE,EN,Federal Contract Tower,0,4,3,0,7,0,1,85,0,86,0,5,88,0,93,16,0,16,109
10/18/2015,BDR,CT,ANE,EN,Federal Contract Tower,0,6,6,0,12,0,0,77,0,77,0,6,83,0,89,84,0,84,173
10/19/2015,BDR,CT,ANE,EN,Federal Contract Tower,0,3,10,0,13,0,0,37,0,37,0,3,47,0,50,20,0,20,70
10/20/2015,BDR,CT,ANE,EN,Federal Contract Tower,0,6,8,0,14,0,0,52,0,52,0,6,60,0,66,116,0,116,182
10/21/2015,BDR,CT,ANE,EN,Federal Contract Tower,0,4,11,0,15,0,0,72,0,72,0,4,83,0,87,86,0,86,173
10/22/2015,BDR,CT,ANE,EN,Federal Contract Tower,0,8,10,0,18,0,0,55,0,55,0,8,65,0,73,36,0,36,109
10/23/2015,BDR,CT,ANE,EN,Federal Contract Tower,0,7,4,0,11,0,2,56,0,58,0,9,60,0,69,52,0,52,121
10/24/2015,BDR,CT,ANE,EN,Federal Contract Tower,0,4,7,0,11,0,0,95,0,95,0,4,102,0,106,76,0,76,182
10/25/2015,BDR,CT,ANE,EN,Federal Contract Tower,0,4,21,0,25,0,1,39,0,40,0,5,60,0,65,28,0,28,93
10/26/2015,BDR,CT,ANE,EN,Federal Contract Tower,0,5,9,0,14,0,0,58,0,58,0,5,67,0,72,88,0,88,160
10/27/2015,BDR,CT,ANE,EN,Federal Contract Tower,0,11,8,0,19,0,0,47,0,47,0,11,55,0,66,84,0,84,150
10/28/2015,BDR,CT,ANE,EN,Federal Contract Tower,0,3,10,0,13,0,0,2,0,2,0,3,12,0,15,0,0,0,15
10/29/2015,BDR,CT,ANE,EN,Federal Contract Tower,0,5,4,0,9,0,0,50,0,50,0,5,54,0,59,16,0,16,75
10/30/2015,BDR,CT,ANE,EN,Federal Contract Tower,0,2,15,0,17,0,1,70,0,71,0,3,85,0,88,54,0,54,142
10/31/2015,BDR,CT,ANE,EN,Federal Contract Tower,0,3,0,0,3,0,0,92,0,92,0,3,92,0,95,112,0,112,207
11/01/2015,BDR,CT,ANE,EN,Federal Contract Tower,0,4,4,0,8,0,0,51,0,51,0,4,55,0,59,60,0,60,119
11/02/2015,BDR,CT,ANE,EN,Federal Contract Tower,0,7,5,0,12,0,0,31,0,31,0,7,36,0,43,48,0,48,91
11/04/2015,BDR,CT,ANE,EN,Federal Contract Tower,0,7,13,0,20,0,0,88,0,88,0,7,101,0,108,68,0,68,176
11/05/2015,BDR,CT,ANE,EN,Federal Contract Tower,0,5,19,0,24,0,0,6,0,6,0,5,25,0,30,12,0,12,42
11/06/2015,BDR,CT,ANE,EN,Federal Contract Tower,0,14,22,0,36,0,0,25,0,25,0,14,47,0,61,70,0,70,131
11/07/2015,BDR,CT,ANE,EN,Federal Contract Tower,0,2,4,0,6,0,0,61,0,61,0,2,65,0,67,102,0,102,169
11/08/2015,BDR,CT,ANE,EN,Federal Contract Tower,0,5,15,0,20,0,1,112,0,113,0,6,127,0,133,64,0,64,197
11/09/2015,BDR,CT,ANE,EN,Federal Contract Tower,0,8,12,0,20,0,0,67,0,67,0,8,79,0,87,62,0,62,149
11/10/2015,BDR,CT,ANE,EN,Federal Contract Tower,0,7,3,0,10,0,0,6,0,6,0,7,9,0,16,0,0,0,16
11/11/2015,BDR,CT,ANE,EN,Federal Contract Tower,0,5,11,0,16,0,0,16,0,16,0,5,27,0,32,14,0,14,46
11/12/2015,BDR,CT,ANE,EN,Federal Contract Tower,0,6,11,0,17,0,0,2,0,2,0,6,13,0,19,0,0,0,19
11/13/2015,BDR,CT,ANE,EN,Federal Contract Tower,0,6,7,0,13,0,1,13,0,14,0,7,20,0,27,0,0,0,27
11/14/2015,BDR,CT,ANE,EN,Federal Contract Tower,0,2,11,0,13,0,0,37,0,37,0,2,48,0,50,14,0,14,64
11/15/2015,BDR,CT,ANE,EN,Federal Contract Tower,0,0,10,0,10,0,0,107,0,107,0,0,117,0,117,104,0,104,221
11/16/2015,BDR,CT,ANE,EN,Federal Contract Tower,0,7,7,0,14,0,0,60,0,60,0,7,67,0,74,108,0,108,182
11/17/2015,BDR,CT,ANE,EN,Federal Contract Tower,0,2,12,0,14,0,0,90,0,90,0,2,102,0,104,104,0,104,208
11/18/2015,BDR,CT,ANE,EN,Federal Contract Tower,0,5,14,0,19,0,0,36,0,36,0,5,50,0,55,34,0,34,89
11/19/2015,BDR,CT,ANE,EN,Federal Contract Tower,0,7,12,0,19,0,0,1,0,1,0,7,13,0,20,0,0,0,20
11/20/2015,BDR,CT,ANE,EN,Federal Contract Tower,0,6,11,0,17,0,1,49,0,50,0,7,60,0,67,44,0,44,111
11/21/2015,BDR,CT,ANE,EN,Federal Contract Tower,0,4,5,0,9,0,0,89,0,89,0,4,94,0,98,70,0,70,168
11/22/2015,BDR,CT,ANE,EN,Federal Contract Tower,0,3,5,0,8,0,0,37,0,37,0,3,42,0,45,54,0,54,99
11/23/2015,BDR,CT,ANE,EN,Federal Contract Tower,0,4,4,0,8,0,0,46,0,46,0,4,50,0,54,10,0,10,64
11/24/2015,BDR,CT,ANE,EN,Federal Contract Tower,0,4,14,0,18,0,2,69,0,71,0,6,83,0,89,42,0,42,131
11/25/2015,BDR,CT,ANE,EN,Federal Contract Tower,0,6,10,0,16,0,2,78,0,80,0,8,88,0,96,50,0,50,146
11/26/2015,BDR,CT,ANE,EN,Federal Contract Tower,0,0,4,0,4,0,0,36,0,36,0,0,40,0,40,36,0,36,76
11/27/2015,BDR,CT,ANE,EN,Federal Contract Tower,0,3,10,0,13,0,1,60,0,61,0,4,70,0,74,74,0,74,148
11/28/2015,BDR,CT,ANE,EN,Federal Contract Tower,0,2,13,0,15,0,0,24,0,24,0,2,37,0,39,36,0,36,75
11/29/2015,BDR,CT,ANE,EN,Federal Contract Tower,0,5,14,0,19,0,0,94,0,94,0,5,108,0,113,84,0,84,197
11/30/2015,BDR,CT,ANE,EN,Federal Contract Tower,0,4,10,0,14,0,0,34,0,34,0,4,44,0,48,26,0,26,74
12/01/2015,BDR,CT,ANE,EN,Federal Contract Tower,0,2,11,0,13,0,0,0,0,0,0,2,11,0,13,0,0,0,13
12/02/2015,BDR,CT,ANE,EN,Federal Contract Tower,0,2,5,0,7,0,0,0,0,0,0,2,5,0,7,0,0,0,7
12/03/2015,BDR,CT,ANE,EN,Federal Contract Tower,0,11,5,0,16,0,1,40,0,41,0,12,45,0,57,28,0,28,85
12/04/2015,BDR,CT,ANE,EN,Federal Contract Tower,0,10,5,0,15,0,0,74,0,74,0,10,79,0,89,78,0,78,167
12/05/2015,BDR,CT,ANE,EN,Federal Contract Tower,0,1,6,0,7,0,0,89,0,89,0,1,95,0,96,112,0,112,208
12/06/2015,BDR,CT,ANE,EN,Federal Contract Tower,0,2,7,0,9,0,0,99,0,99,0,2,106,0,108,78,0,78,186
12/07/2015,BDR,CT,ANE,EN,Federal Contract Tower,0,6,5,0,11,0,1,34,0,35,0,7,39,0,46,40,0,40,86
12/08/2015,BDR,CT,ANE,EN,Federal Contract Tower,0,5,12,0,17,0,0,30,0,30,0,5,42,0,47,16,0,16,63
12/09/2015,BDR,CT,ANE,EN,Federal Contract Tower,0,6,10,0,16,0,0,36,0,36,0,6,46,0,52,46,0,46,98
12/10/2015,BDR,CT,ANE,EN,Federal Contract Tower,0,5,15,0,20,0,0,64,0,64,0,5,79,0,84,84,0,84,168
12/11/2015,BDR,CT,ANE,EN,Federal Contract Tower,0,11,11,0,22,0,0,36,0,36,0,11,47,0,58,48,0,48,106
12/12/2015,BDR,CT,ANE,EN,Federal Contract Tower,0,1,3,0,4,0,0,88,0,88,0,1,91,0,92,72,0,72,164
12/13/2015,BDR,CT,ANE,EN,Federal Contract Tower,0,2,7,0,9,0,2,62,0,64,0,4,69,0,73,50,0,50,123
12/14/2015,BDR,CT,ANE,EN,Federal Contract Tower,0,0,3,0,3,0,0,0,0,0,0,0,3,0,3,0,0,0,3
12/15/2015,BDR,CT,ANE,EN,Federal Contract Tower,0,5,10,0,15,0,0,9,0,9,0,5,19,0,24,6,0,6,30
12/16/2015,BDR,CT,ANE,EN,Federal Contract Tower,0,7,12,0,19,0,0,51,1,52,0,7,63,1,71,70,0,70,141
12/17/2015,BDR,CT,ANE,EN,Federal Contract Tower,0,6,13,0,19,0,0,0,0,0,0,6,13,0,19,0,0,0,19
12/18/2015,BDR,CT,ANE,EN,Federal Contract Tower,0,8,14,0,22,0,0,13,0,13,0,8,27,0,35,14,0,14,49
12/19/2015,BDR,CT,ANE,EN,Federal Contract Tower,0,1,6,0,7,0,0,30,0,30,0,1,36,0,37,0,0,0,37
12/20/2015,BDR,CT,ANE,EN,Federal Contract Tower,0,2,5,0,7,0,0,78,0,78,0,2,83,0,85,76,0,76,161
12/21/2015,BDR,CT,ANE,EN,Federal Contract Tower,0,5,4,0,9,1,0,45,0,46,1,5,49,0,55,26,0,26,81
12/22/2015,BDR,CT,ANE,EN,Federal Contract Tower,0,4,7,0,11,0,0,0,0,0,0,4,7,0,11,0,0,0,11
12/23/2015,BDR,CT,ANE,EN,Federal Contract Tower,0,8,7,0,15,0,0,0,0,0,0,8,7,0,15,0,0,0,15
12/24/2015,BDR,CT,ANE,EN,Federal Contract Tower,0,5,7,0,12,0,1,0,0,1,0,6,7,0,13,0,0,0,13
12/25/2015,BDR,CT,ANE,EN,Federal Contract Tower,0,5,4,0,9,0,0,15,0,15,0,5,19,0,24,12,0,12,36
12/26/2015,BDR,CT,ANE,EN,Federal Contract Tower,0,5,11,0,16,0,0,49,0,49,0,5,60,0,65,24,0,24,89
12/27/2015,BDR,CT,ANE,EN,Federal Contract Tower,0,3,10,0,13,0,0,0,0,0,0,3,10,0,13,0,0,0,13
12/28/2015,BDR,CT,ANE,EN,Federal Contract Tower,0,1,5,0,6,0,0,36,0,36,0,1,41,0,42,22,0,22,64
12/29/2015,BDR,CT,ANE,EN,Federal Contract Tower,0,2,5,0,7,0,0,2,0,2,0,2,7,0,9,2,0,2,11
12/30/2015,BDR,CT,ANE,EN,Federal Contract Tower,0,3,10,0,13,0,0,0,0,0,0,3,10,0,13,0,0,0,13
12/31/2015,BDR,CT,ANE,EN,Federal Contract Tower,0,9,8,0,17,0,0,31,0,31,0,9,39,0,48,46,0,46,94
01/01/2016,BDR,CT,ANE,EN,Federal Contract Tower,0,4,2,0,6,0,0,30,0,30,0,4,32,0,36,28,0,28,64
01/02/2016,BDR,CT,ANE,EN,Federal Contract Tower,0,1,15,0,16,0,0,84,0,84,0,1,99,0,100,86,0,86,186
01/03/2016,BDR,CT,ANE,EN,Federal Contract Tower,0,9,12,0,21,0,0,59,0,59,0,9,71,0,80,62,0,62,142
01/04/2016,BDR,CT,ANE,EN,Federal Contract Tower,0,8,4,0,12,0,0,22,0,22,0,8,26,0,34,20,0,20,54
01/05/2016,BDR,CT,ANE,EN,Federal Contract Tower,0,7,8,0,15,0,0,35,0,35,0,7,43,0,50,38,0,38,88
01/06/2016,BDR,CT,ANE,EN,Federal Contract Tower,0,6,13,0,19,0,0,54,0,54,0,6,67,0,73,54,0,54,127
01/07/2016,BDR,CT,ANE,EN,Federal Contract Tower,0,12,6,0,18,0,1,82,0,83,0,13,88,0,101,54,0,54,155
01/08/2016,BDR,CT,ANE,EN,Federal Contract Tower,0,13,7,0,20,0,0,32,0,32,0,13,39,0,52,80,0,80,132
01/09/2016,BDR,CT,ANE,EN,Federal Contract Tower,0,6,0,0,6,0,0,21,0,21,0,6,21,0,27,14,0,14,41
01/10/2016,BDR,CT,ANE,EN,Federal Contract Tower,0,0,2,0,2,0,0,0,0,0,0,0,2,0,2,0,0,0,2
01/11/2016,BDR,CT,ANE,EN,Federal Contract Tower,0,8,7,0,15,0,0,36,0,36,0,8,43,0,51,22,0,22,73
01/12/2016,BDR,CT,ANE,EN,Federal Contract Tower,0,5,11,0,16,0,0,31,0,31,0,5,42,0,47,30,0,30,77
01/13/2016,BDR,CT,ANE,EN,Federal Contract Tower,0,6,8,0,14,0,0,11,0,11,0,6,19,0,25,0,0,0,25
01/14/2016,BDR,CT,ANE,EN,Federal Contract Tower,0,10,9,0,19,0,0,44,0,44,0,10,53,0,63,64,0,64,127
01/15/2016,BDR,CT,ANE,EN,Federal Contract Tower,0,11,9,0,20,0,0,53,0,53,0,11,62,0,73,52,0,52,125
01/16/2016,BDR,CT,ANE,EN,Federal Contract Tower,0,4,0,0,4,0,0,20,0,20,0,4,20,0,24,28,0,28,52
01/17/2016,BDR,CT,ANE,EN,Federal Contract Tower,0,1,2,0,3,0,0,61,0,61,0,1,63,0,64,70,0,70,134
01/18/2016,BDR,CT,ANE,EN,Federal Contract Tower,0,6,6,0,12,0,0,22,0,22,0,6,28,0,34,0,0,0,34
01/19/2016,BDR,CT,ANE,EN,Federal Contract Tower,0,6,8,0,14,0,3,21,0,24,0,9,29,0,38,0,0,0,38
01/20/2016,BDR,CT,ANE,EN,Federal Contract Tower,0,10,6,0,16,0,0,66,0,66,0,10,72,0,82,120,0,120,202
01/21/2016,BDR,CT,ANE,EN,Federal Contract Tower,0,8,12,0,20,0,0,59,0,59,0,8,71,0,79,66,0,66,145
01/22/2016,BDR,CT,ANE,EN,Federal Contract Tower,0,12,10,0,22,0,0,33,0,33,0,12,43,0,55,30,0,30,85
01/23/2016,BDR,CT,ANE,EN,Federal Contract Tower,0,0,0,0,0,0,0,0,0,0,0,0,0,0,0,0,0,0,0
01/24/2016,BDR,CT,ANE,EN,Federal Contract Tower,0,3,1,0,4,0,0,22,0,22,0,3,23,0,26,0,0,0,26
01/25/2016,BDR,CT,ANE,EN,Federal Contract Tower,0,11,8,0,19,0,0,27,0,27,0,11,35,0,46,32,0,32,78
01/26/2016,BDR,CT,ANE,EN,Federal Contract Tower,0,2,13,0,15,0,0,47,0,47,0,2,60,0,62,54,0,54,116
01/27/2016,BDR,CT,ANE,EN,Federal Contract Tower,0,4,10,0,14,0,0,43,0,43,0,4,53,0,57,88,0,88,145
01/28/2016,BDR,CT,ANE,EN,Federal Contract Tower,0,7,14,0,21,0,5,55,0,60,0,12,69,0,81,58,0,58,139
01/29/2016,BDR,CT,ANE,EN,Federal Contract Tower,0,14,2,0,16,0,0,36,0,36,0,14,38,0,52,44,0,44,96
01/30/2016,BDR,CT,ANE,EN,Federal Contract Tower,0,2,0,0,2,0,0,79,0,79,0,2,79,0,81,90,0,90,171
01/31/2016,BDR,CT,ANE,EN,Federal Contract Tower,0,6,5,0,11,0,0,86,0,86,0,6,91,0,97,120,0,120,217
02/01/2016,BDR,CT,ANE,EN,Federal Contract Tower,0,7,3,0,10,0,0,31,0,31,0,7,34,0,41,56,0,56,97
02/02/2016,BDR,CT,ANE,EN,Federal Contract Tower,0,4,11,0,15,0,0,56,2,58,0,4,67,2,73,78,0,78,151
02/03/2016,BDR,CT,ANE,EN,Federal Contract Tower,0,11,5,0,16,0,0,5,0,5,0,11,10,0,21,0,0,0,21
02/04/2016,BDR,CT,ANE,EN,Federal Contract Tower,0,4,10,0,14,0,0,54,0,54,0,4,64,0,68,86,0,86,154
02/05/2016,BDR,CT,ANE,EN,Federal Contract Tower,0,5,4,0,9,0,0,4,0,4,0,5,8,0,13,0,0,0,13
02/06/2016,BDR,CT,ANE,EN,Federal Contract Tower,0,1,9,0,10,0,1,55,0,56,0,2,64,0,66,72,0,72,138
02/07/2016,BDR,CT,ANE,EN,Federal Contract Tower,0,2,5,0,7,0,0,103,0,103,0,2,108,0,110,113,0,113,223
02/08/2016,BDR,CT,ANE,EN,Federal Contract Tower,0,0,1,0,1,0,0,1,0,1,0,0,2,0,2,0,0,0,2
02/09/2016,BDR,CT,ANE,EN,Federal Contract Tower,0,5,4,0,9,0,0,10,0,10,0,5,14,0,19,12,0,12,31
02/10/2016,BDR,CT,ANE,EN,Federal Contract Tower,0,4,9,0,13,0,0,34,2,36,0,4,43,2,49,90,0,90,139
02/11/2016,BDR,CT,ANE,EN,Federal Contract Tower,0,6,4,0,10,0,0,19,0,19,0,6,23,0,29,4,0,4,33
02/12/2016,BDR,CT,ANE,EN,Federal Contract Tower,0,8,7,0,15,0,0,42,0,42,0,8,49,0,57,68,0,68,125
02/13/2016,BDR,CT,ANE,EN,Federal Contract Tower,0,1,2,0,3,0,0,17,0,17,0,1,19,0,20,8,0,8,28
02/15/2016,BDR,CT,ANE,EN,Federal Contract Tower,0,10,0,0,10,0,0,2,0,2,0,10,2,0,12,6,0,6,18
02/16/2016,BDR,CT,ANE,EN,Federal Contract Tower,0,9,13,0,22,0,0,1,0,1,0,9,14,0,23,0,0,0,23
02/17/2016,BDR,CT,ANE,EN,Federal Contract Tower,0,16,11,0,27,0,0,44,0,44,0,16,55,0,71,66,0,66,137
02/18/2016,BDR,CT,ANE,EN,Federal Contract Tower,0,3,15,0,18,0,2,40,0,42,0,5,55,0,60,10,0,10,70
02/19/2016,BDR,CT,ANE,EN,Federal Contract Tower,0,5,9,0,14,0,0,56,2,58,0,5,65,2,72,20,0,20,92
02/20/2016,BDR,CT,ANE,EN,Federal Contract Tower,0,0,2,0,2,0,1,73,2,76,0,1,75,2,78,112,0,112,190
02/21/2016,BDR,CT,ANE,EN,Federal Contract Tower,0,1,14,0,15,0,0,95,0,95,0,1,109,0,110,142,0,142,252
02/22/2016,BDR,CT,ANE,EN,Federal Contract Tower,0,4,8,0,12,0,0,48,0,48,0,4,56,0,60,54,0,54,114
02/23/2016,BDR,CT,ANE,EN,Federal Contract Tower,0,4,5,0,9,0,1,3,0,4,0,5,8,0,13,0,0,0,13
02/24/2016,BDR,CT,ANE,EN,Federal Contract Tower,0,2,3,0,5,0,0,0,0,0,0,2,3,0,5,0,0,0,5
02/25/2016,BDR,CT,ANE,EN,Federal Contract Tower,0,9,5,0,14,0,0,17,0,17,0,9,22,0,31,14,0,14,45
02/26/2016,BDR,CT,ANE,EN,Federal Contract Tower,0,6,2,0,8,0,0,22,0,22,0,6,24,0,30,6,0,6,36
02/27/2016,BDR,CT,ANE,EN,Federal Contract Tower,0,4,6,0,10,0,0,91,0,91,0,4,97,0,101,124,0,124,225
02/28/2016,BDR,CT,ANE,EN,Federal Contract Tower,0,3,5,0,8,0,0,99,0,99,0,3,104,0,107,162,0,162,269
02/29/2016,BDR,CT,ANE,EN,Federal Contract Tower,0,5,4,0,9,0,0,57,0,57,0,5,61,0,66,34,0,34,100
03/01/2016,BDR,CT,ANE,EN,Federal Contract Tower,0,6,6,0,12,0,65,0,0,65,0,71,6,0,77,128,0,128,205
03/02/2016,BDR,CT,ANE,EN,Federal Contract Tower,0,14,6,0,20,0,1,7,0,8,0,15,13,0,28,12,0,12,40
03/03/2016,BDR,CT,ANE,EN,Federal Contract Tower,0,6,7,0,13,0,1,65,0,66,0,7,72,0,79,96,0,96,175
03/04/2016,BDR,CT,ANE,EN,Federal Contract Tower,0,3,5,0,8,0,0,12,0,12,0,3,17,0,20,0,0,0,20
03/05/2016,BDR,CT,ANE,EN,Federal Contract Tower,0,3,3,0,6,0,1,67,0,68,0,4,70,0,74,116,0,116,190
03/06/2016,BDR,CT,ANE,EN,Federal Contract Tower,0,11,6,0,17,0,0,74,0,74,0,11,80,0,91,144,0,144,235
03/07/2016,BDR,CT,ANE,EN,Federal Contract Tower,0,5,6,0,11,0,0,72,0,72,0,5,78,0,83,46,0,46,129
03/08/2016,BDR,CT,ANE,EN,Federal Contract Tower,0,8,12,0,20,0,0,64,0,64,0,8,76,0,84,106,0,106,190
03/09/2016,BDR,CT,ANE,EN,Federal Contract Tower,0,8,9,0,17,0,4,70,0,74,0,12,79,0,91,68,0,68,159
03/10/2016,BDR,CT,ANE,EN,Federal Contract Tower,0,6,13,0,19,0,2,62,0,64,0,8,75,0,83,84,0,84,167
03/11/2016,BDR,CT,ANE,EN,Federal Contract Tower,0,7,8,0,15,0,0,49,0,49,0,7,57,0,64,60,0,60,124
03/12/2016,BDR,CT,ANE,EN,Federal Contract Tower,0,1,11,0,12,0,1,97,0,98,0,2,108,0,110,146,0,146,256
03/13/2016,BDR,CT,ANE,EN,Federal Contract Tower,0,4,7,0,11,0,1,102,0,103,0,5,109,0,114,46,0,46,160
03/14/2016,BDR,CT,ANE,EN,Federal Contract Tower,0,2,3,0,5,0,0,0,0,0,0,2,3,0,5,0,0,0,5
03/15/2016,BDR,CT,ANE,EN,Federal Contract Tower,0,4,16,0,20,0,0,14,0,14,0,4,30,0,34,38,0,38,72
03/16/2016,BDR,CT,ANE,EN,Federal Contract Tower,0,7,13,0,20,0,0,54,0,54,0,7,67,0,74,102,0,102,176
03/17/2016,BDR,CT,ANE,EN,Federal Contract Tower,0,4,7,0,11,0,0,47,0,47,0,4,54,0,58,62,0,62,120
03/18/2016,BDR,CT,ANE,EN,Federal Contract Tower,0,6,8,0,14,0,2,29,0,31,0,8,37,0,45,18,0,18,63
03/19/2016,BDR,CT,ANE,EN,Federal Contract Tower,0,3,7,0,10,0,0,103,0,103,0,3,110,0,113,180,0,180,293
03/20/2016,BDR,CT,ANE,EN,Federal Contract Tower,0,2,2,0,4,0,0,30,0,30,0,2,32,0,34,6,0,6,40
03/21/2016,BDR,CT,ANE,EN,Federal Contract Tower,0,5,3,0,8,0,0,31,0,31,0,5,34,0,39,24,0,24,63
03/22/2016,BDR,CT,ANE,EN,Federal Contract Tower,0,5,11,0,16,0,0,62,0,62,0,5,73,0,78,76,0,76,154
03/23/2016,BDR,CT,ANE,EN,Federal Contract Tower,0,9,14,0,23,0,0,57,0,57,0,9,71,0,80,78,0,78,158
03/24/2016,BDR,CT,ANE,EN,Federal Contract Tower,0,7,22,0,29,0,0,42,0,42,0,7,64,0,71,58,0,58,129
03/25/2016,BDR,CT,ANE,EN,Federal Contract Tower,0,3,10,0,13,0,0,20,0,20,0,3,30,0,33,8,0,8,41
03/26/2016,BDR,CT,ANE,EN,Federal Contract Tower,0,8,17,0,25,0,2,131,0,133,0,10,148,0,158,164,0,164,322
03/27/2016,BDR,CT,ANE,EN,Federal Contract Tower,0,1,6,0,7,0,2,57,0,59,0,3,63,0,66,77,0,77,143
03/28/2016,BDR,CT,ANE,EN,Federal Contract Tower,0,5,10,0,15,0,0,2,0,2,0,5,12,0,17,0,0,0,17
03/29/2016,BDR,CT,ANE,EN,Federal Contract Tower,0,6,9,0,15,0,0,41,0,41,0,6,50,0,56,18,0,18,74
03/30/2016,BDR,CT,ANE,EN,Federal Contract Tower,0,8,18,0,26,0,0,89,3,92,0,8,107,3,118,102,0,102,220
03/31/2016,BDR,CT,ANE,EN,Federal Contract Tower,0,8,8,2,18,0,3,39,0,42,0,11,47,2,60,82,0,82,142
04/01/2016,BDR,CT,ANE,EN,Federal Contract Tower,0,6,9,0,15,0,0,6,0,6,0,6,15,0,21,2,0,2,23
04/02/2016,BDR,CT,ANE,EN,Federal Contract Tower,0,11,18,0,29,0,0,33,0,33,0,11,51,0,62,20,0,20,82
04/03/2016,BDR,CT,ANE,EN,Federal Contract Tower,0,4,3,0,7,0,0,1,0,1,0,4,4,0,8,0,0,0,8
04/04/2016,BDR,CT,ANE,EN,Federal Contract Tower,0,2,9,0,11,0,0,0,0,0,0,2,9,0,11,0,0,0,11
04/06/2016,BDR,CT,ANE,EN,Federal Contract Tower,0,5,22,0,27,0,0,69,0,69,0,5,91,0,96,128,0,128,224
04/07/2016,BDR,CT,ANE,EN,Federal Contract Tower,0,3,8,0,11,0,0,6,0,6,0,3,14,0,17,0,0,0,17
04/08/2016,BDR,CT,ANE,EN,Federal Contract Tower,0,6,11,0,17,0,0,54,0,54,0,6,65,0,71,56,0,56,127
04/09/2016,BDR,CT,ANE,EN,Federal Contract Tower,0,3,8,0,11,0,0,28,0,28,0,3,36,0,39,48,0,48,87
04/10/2016,BDR,CT,ANE,EN,Federal Contract Tower,0,5,6,0,11,0,0,75,0,75,0,5,81,0,86,86,0,86,172
04/11/2016,BDR,CT,ANE,EN,Federal Contract Tower,0,2,9,0,11,0,0,59,0,59,0,2,68,0,70,0,0,0,70
04/12/2016,BDR,CT,ANE,EN,Federal Contract Tower,0,5,9,0,14,0,0,19,0,19,0,5,28,0,33,0,0,0,33
04/13/2016,BDR,CT,ANE,EN,Federal Contract Tower,0,9,11,0,20,0,2,64,0,66,0,11,75,0,86,86,0,86,172
04/14/2016,BDR,CT,ANE,EN,Federal Contract Tower,0,6,6,0,12,0,2,69,0,71,0,8,75,0,83,104,0,104,187
04/15/2016,BDR,CT,ANE,EN,Federal Contract Tower,0,14,10,0,24,0,1,53,0,54,0,15,63,0,78,74,0,74,152
04/16/2016,BDR,CT,ANE,EN,Federal Contract Tower,0,10,9,0,19,0,0,82,0,82,0,10,91,0,101,84,0,84,185
04/17/2016,BDR,CT,ANE,EN,Federal Contract Tower,0,11,6,0,17,0,2,110,0,112,0,13,116,0,129,118,0,118,247
04/18/2016,BDR,CT,ANE,EN,Federal Contract Tower,0,7,7,0,14,0,0,75,0,75,0,7,82,0,89,84,0,84,173
04/19/2016,BDR,CT,ANE,EN,Federal Contract Tower,0,10,6,0,16,0,0,29,0,29,0,10,35,0,45,0,0,0,45
04/20/2016,BDR,CT,ANE,EN,Federal Contract Tower,0,7,9,0,16,0,0,68,0,68,0,7,77,0,84,106,0,106,190
04/21/2016,BDR,CT,ANE,EN,Federal Contract Tower,0,9,16,1,26,0,2,68,1,71,0,11,84,2,97,74,2,76,173
04/22/2016,BDR,CT,ANE,EN,Federal Contract Tower,0,14,7,0,21,0,0,56,0,56,0,14,63,0,77,92,0,92,169
04/23/2016,BDR,CT,ANE,EN,Federal Contract Tower,0,8,10,0,18,0,0,56,0,56,0,8,66,0,74,104,0,104,178
04/24/2016,BDR,CT,ANE,EN,Federal Contract Tower,0,8,12,0,20,0,0,89,0,89,0,8,101,0,109,104,0,104,213
04/25/2016,BDR,CT,ANE,EN,Federal Contract Tower,0,5,5,0,10,0,0,78,0,78,0,5,83,0,88,90,0,90,178
04/26/2016,BDR,CT,ANE,EN,Federal Contract Tower,0,10,7,0,17,0,0,0,0,0,0,10,7,0,17,0,0,0,17
04/27/2016,BDR,CT,ANE,EN,Federal Contract Tower,0,10,6,0,16,0,0,72,2,74,0,10,78,2,90,86,0,86,176
04/28/2016,BDR,CT,ANE,EN,Federal Contract Tower,0,10,3,0,13,0,0,71,0,71,0,10,74,0,84,98,0,98,182
04/29/2016,BDR,CT,ANE,EN,Federal Contract Tower,0,10,5,0,15,0,0,50,0,50,0,10,55,0,65,40,0,40,105
04/30/2016,BDR,CT,ANE,EN,Federal Contract Tower,0,6,4,0,10,0,1,102,0,103,0,7,106,0,113,158,0,158,271
05/01/2016,BDR,CT,ANE,EN,Federal Contract Tower,0,10,10,0,20,0,0,2,0,2,0,10,12,0,22,0,0,0,22
05/02/2016,BDR,CT,ANE,EN,Federal Contract Tower,0,1,15,0,16,0,0,1,0,1,0,1,16,0,17,0,0,0,17
05/03/2016,BDR,CT,ANE,EN,Federal Contract Tower,0,5,11,0,16,0,0,0,0,0,0,5,11,0,16,0,0,0,16
05/04/2016,BDR,CT,ANE,EN,Federal Contract Tower,0,4,11,0,15,0,0,2,0,2,0,4,13,0,17,0,0,0,17
05/05/2016,BDR,CT,ANE,EN,Federal Contract Tower,0,9,14,0,23,0,4,19,0,23,0,13,33,0,46,20,0,20,66
05/06/2016,BDR,CT,ANE,EN,Federal Contract Tower,0,11,15,0,26,0,0,1,0,1,0,11,16,0,27,0,0,0,27
05/07/2016,BDR,CT,ANE,EN,Federal Contract Tower,0,2,25,2,29,0,0,0,0,0,0,2,25,2,29,0,0,0,29
05/08/2016,BDR,CT,ANE,EN,Federal Contract Tower,0,3,6,0,9,0,0,40,0,40,0,3,46,0,49,18,0,18,67
05/09/2016,BDR,CT,ANE,EN,Federal Contract Tower,0,5,9,0,14,0,0,66,0,66,0,5,75,0,80,96,0,96,176
05/10/2016,BDR,CT,ANE,EN,Federal Contract Tower,0,3,13,0,16,0,0,82,0,82,0,3,95,0,98,82,0,82,180
05/11/2016,BDR,CT,ANE,EN,Federal Contract Tower,0,5,6,2,13,0,0,84,0,84,0,5,90,2,97,116,0,116,213
05/12/2016,BDR,CT,ANE,EN,Federal Contract Tower,0,3,12,0,15,0,0,58,0,58,0,3,70,0,73,88,0,88,161
05/13/2016,BDR,CT,ANE,EN,Federal Contract Tower,0,6,16,0,22,0,0,9,0,9,0,6,25,0,31,14,0,14,45
05/14/2016,BDR,CT,ANE,EN,Federal Contract Tower,0,2,11,0,13,0,0,64,0,64,0,2,75,0,77,82,0,82,159
05/15/2016,BDR,CT,ANE,EN,Federal Contract Tower,0,10,8,0,18,0,0,66,0,66,0,10,74,0,84,156,0,156,240
05/16/2016,BDR,CT,ANE,EN,Federal Contract Tower,0,3,6,0,9,0,0,65,0,65,0,3,71,0,74,84,0,84,158
05/17/2016,BDR,CT,ANE,EN,Federal Contract Tower,0,13,5,0,18,0,0,62,2,64,0,13,67,2,82,120,0,120,202
05/18/2016,BDR,CT,ANE,EN,Federal Contract Tower,0,11,5,0,16,0,0,75,0,75,0,11,80,0,91,52,0,52,143
05/19/2016,BDR,CT,ANE,EN,Federal Contract Tower,0,7,9,0,16,0,2,77,0,79,0,9,86,0,95,148,0,148,243
05/20/2016,BDR,CT,ANE,EN,Federal Contract Tower,0,5,9,0,14,0,0,97,0,97,0,5,106,0,111,132,0,132,243
05/21/2016,BDR,CT,ANE,EN,Federal Contract Tower,0,0,10,0,10,0,0,70,0,70,0,0,80,0,80,104,0,104,184
05/22/2016,BDR,CT,ANE,EN,Federal Contract Tower,0,2,15,0,17,0,0,73,0,73,0,2,88,0,90,88,0,88,178
05/23/2016,BDR,CT,ANE,EN,Federal Contract Tower,0,3,8,0,11,0,0,106,0,106,0,3,114,0,117,132,0,132,249
05/24/2016,BDR,CT,ANE,EN,Federal Contract Tower,0,14,8,0,22,0,0,47,0,47,0,14,55,0,69,74,0,74,143
05/25/2016,BDR,CT,ANE,EN,Federal Contract Tower,0,2,10,0,12,0,0,84,0,84,0,2,94,0,96,154,0,154,250
05/26/2016,BDR,CT,ANE,EN,Federal Contract Tower,0,12,18,0,30,0,5,81,0,86,0,17,99,0,116,156,0,156,272
05/27/2016,BDR,CT,ANE,EN,Federal Contract Tower,0,12,11,0,23,0,0,100,0,100,0,12,111,0,123,124,0,124,247
05/28/2016,BDR,CT,ANE,EN,Federal Contract Tower,0,1,4,0,5,0,0,90,0,90,0,1,94,0,95,114,0,114,209
05/29/2016,BDR,CT,ANE,EN,Federal Contract Tower,0,2,9,0,11,0,0,64,0,64,0,2,73,0,75,82,0,82,157
05/30/2016,BDR,CT,ANE,EN,Federal Contract Tower,0,4,17,0,21,0,0,15,0,15,0,4,32,0,36,16,0,16,52
05/31/2016,BDR,CT,ANE,EN,Federal Contract Tower,0,8,8,0,16,0,2,74,2,78,0,10,82,2,94,116,0,116,210
06/01/2016,BDR,CT,ANE,EN,Federal Contract Tower,0,11,13,0,24,0,0,86,2,88,0,11,99,2,112,140,0,140,252
06/02/2016,BDR,CT,ANE,EN,Federal Contract Tower,0,11,18,0,29,0,0,83,0,83,0,11,101,0,112,134,0,134,246
06/03/2016,BDR,CT,ANE,EN,Federal Contract Tower,0,8,11,0,19,0,0,8,0,8,0,8,19,0,27,0,0,0,27
06/04/2016,BDR,CT,ANE,EN,Federal Contract Tower,0,6,9,0,15,0,0,89,0,89,0,6,98,0,104,84,0,84,188
06/05/2016,BDR,CT,ANE,EN,Federal Contract Tower,0,13,17,0,30,0,0,0,0,0,0,13,17,0,30,0,0,0,30
06/06/2016,BDR,CT,ANE,EN,Federal Contract Tower,0,9,16,0,25,0,0,99,0,99,0,9,115,0,124,116,0,116,240
06/07/2016,BDR,CT,ANE,EN,Federal Contract Tower,0,8,9,0,17,0,76,0,0,76,0,84,9,0,93,112,0,112,205
06/08/2016,BDR,CT,ANE,EN,Federal Contract Tower,0,5,4,0,9,0,0,35,0,35,0,5,39,0,44,22,0,22,66
06/09/2016,BDR,CT,ANE,EN,Federal Contract Tower,0,4,10,2,16,0,2,52,1,55,0,6,62,3,71,80,0,80,151
06/10/2016,BDR,CT,ANE,EN,Federal Contract Tower,0,6,9,0,15,0,1,106,0,107,0,7,115,0,122,128,0,128,250
06/11/2016,BDR,CT,ANE,EN,Federal Contract Tower,0,5,11,0,16,0,0,81,0,81,0,5,92,0,97,176,0,176,273
06/12/2016,BDR,CT,ANE,EN,Federal Contract Tower,0,5,10,0,15,0,0,84,0,84,0,5,94,0,99,54,0,54,153
06/13/2016,BDR,CT,ANE,EN,Federal Contract Tower,0,9,13,0,22,0,0,55,0,55,0,9,68,0,77,10,0,10,87
06/14/2016,BDR,CT,ANE,EN,Federal Contract Tower,0,6,5,0,11,0,1,79,0,80,0,7,84,0,91,118,0,118,209
06/15/2016,BDR,CT,ANE,EN,Federal Contract Tower,0,14,16,0,30,0,0,91,0,91,0,14,107,0,121,122,0,122,243
06/16/2016,BDR,CT,ANE,EN,Federal Contract Tower,0,9,5,0,14,0,1,78,0,79,0,10,83,0,93,68,0,68,161
06/17/2016,BDR,CT,ANE,EN,Federal Contract Tower,0,11,6,0,17,0,1,90,0,91,0,12,96,0,108,92,0,92,200
06/18/2016,BDR,CT,ANE,EN,Federal Contract Tower,0,1,10,0,11,0,0,95,0,95,0,1,105,0,106,140,0,140,246
06/19/2016,BDR,CT,ANE,EN,Federal Contract Tower,0,8,4,0,12,0,0,111,0,111,0,8,115,0,123,56,0,56,179
06/20/2016,BDR,CT,ANE,EN,Federal Contract Tower,0,5,7,0,12,0,0,111,0,111,0,5,118,0,123,106,0,106,229
06/21/2016,BDR,CT,ANE,EN,Federal Contract Tower,0,7,9,0,16,0,0,61,0,61,0,7,70,0,77,88,0,88,165
06/22/2016,BDR,CT,ANE,EN,Federal Contract Tower,0,5,10,0,15,0,2,62,0,64,0,7,72,0,79,86,0,86,165
06/23/2016,BDR,CT,ANE,EN,Federal Contract Tower,0,10,8,0,18,0,1,57,0,58,0,11,65,0,76,108,0,108,184
06/24/2016,BDR,CT,ANE,EN,Federal Contract Tower,0,12,10,0,22,0,0,108,0,108,0,12,118,0,130,162,0,162,292
06/25/2016,BDR,CT,ANE,EN,Federal Contract Tower,0,4,5,0,9,0,0,91,0,91,0,4,96,0,100,108,0,108,208
06/26/2016,BDR,CT,ANE,EN,Federal Contract Tower,0,4,8,0,12,0,0,101,0,101,0,4,109,0,113,132,0,132,245
06/27/2016,BDR,CT,ANE,EN,Federal Contract Tower,0,15,8,0,23,0,0,68,0,68,0,15,76,0,91,58,0,58,149
06/28/2016,BDR,CT,ANE,EN,Federal Contract Tower,0,8,20,0,28,0,2,7,0,9,0,10,27,0,37,0,0,0,37
06/29/2016,BDR,CT,ANE,EN,Federal Contract Tower,0,11,20,0,31,0,0,73,0,73,0,11,93,0,104,114,0,114,218
06/30/2016,BDR,CT,ANE,EN,Federal Contract Tower,0,10,7,0,17,0,0,94,0,94,0,10,101,0,111,147,0,147,258
07/01/2016,BDR,CT,ANE,EN,Federal Contract Tower,0,18,23,0,41,0,0,80,0,80,0,18,103,0,121,58,0,58,179
07/02/2016,BDR,CT,ANE,EN,Federal Contract Tower,0,4,5,0,9,0,5,110,0,115,0,9,115,0,124,96,0,96,220
07/03/2016,BDR,CT,ANE,EN,Federal Contract Tower,0,4,2,0,6,0,0,77,0,77,0,4,79,0,83,56,0,56,139
07/04/2016,BDR,CT,ANE,EN,Federal Contract Tower,0,12,3,0,15,0,0,83,0,83,0,12,86,0,98,82,0,82,180
07/05/2016,BDR,CT,ANE,EN,Federal Contract Tower,0,29,29,0,58,0,1,43,0,44,0,30,72,0,102,46,0,46,148
07/06/2016,BDR,CT,ANE,EN,Federal Contract Tower,0,9,6,0,15,0,2,95,0,97,0,11,101,0,112,74,0,74,186
07/07/2016,BDR,CT,ANE,EN,Federal Contract Tower,0,11,13,0,24,0,1,48,0,49,0,12,61,0,73,26,0,26,99
07/08/2016,BDR,CT,ANE,EN,Federal Contract Tower,0,5,17,0,22,0,0,42,0,42,0,5,59,0,64,20,0,20,84
07/09/2016,BDR,CT,ANE,EN,Federal Contract Tower,0,8,13,0,21,0,0,19,0,19,0,8,32,0,40,26,0,26,66
07/10/2016,BDR,CT,ANE,EN,Federal Contract Tower,0,20,22,0,42,0,0,44,0,44,0,20,66,0,86,48,0,48,134
07/11/2016,BDR,CT,ANE,EN,Federal Contract Tower,0,13,17,0,30,0,0,66,0,66,0,13,83,0,96,70,0,70,166
07/12/2016,BDR,CT,ANE,EN,Federal Contract Tower,0,4,2,0,6,0,3,120,0,123,0,7,122,0,129,110,0,110,239
07/13/2016,BDR,CT,ANE,EN,Federal Contract Tower,0,11,9,0,20,0,2,69,0,71,0,13,78,0,91,74,0,74,165
07/14/2016,BDR,CT,ANE,EN,Federal Contract Tower,0,12,22,0,34,0,0,37,0,37,0,12,59,0,71,16,0,16,87
07/15/2016,BDR,CT,ANE,EN,Federal Contract Tower,0,14,11,0,25,0,1,70,0,71,0,15,81,0,96,68,0,68,164
07/16/2016,BDR,CT,ANE,EN,Federal Contract Tower,0,2,3,0,5,0,0,74,0,74,0,2,77,0,79,56,0,56,135
07/17/2016,BDR,CT,ANE,EN,Federal Contract Tower,0,6,8,0,14,0,0,94,0,94,0,6,102,0,108,80,0,80,188
07/18/2016,BDR,CT,ANE,EN,Federal Contract Tower,0,7,2,0,9,0,1,47,0,48,0,8,49,0,57,18,0,18,75
07/19/2016,BDR,CT,ANE,EN,Federal Contract Tower,0,10,10,0,20,0,2,70,0,72,0,12,80,0,92,60,0,60,152
07/20/2016,BDR,CT,ANE,EN,Federal Contract Tower,0,7,9,0,16,0,1,109,0,110,0,8,118,0,126,142,0,142,268
07/21/2016,BDR,CT,ANE,EN,Federal Contract Tower,0,8,10,0,18,0,0,84,0,84,0,8,94,0,102,154,0,154,256
07/22/2016,BDR,CT,ANE,EN,Federal Contract Tower,0,14,8,0,22,0,4,81,0,85,0,18,89,0,107,62,0,62,169
07/23/2016,BDR,CT,ANE,EN,Federal Contract Tower,0,6,2,0,8,0,0,71,0,71,0,6,73,0,79,104,0,104,183
07/24/2016,BDR,CT,ANE,EN,Federal Contract Tower,0,10,7,0,17,0,0,78,0,78,0,10,85,0,95,64,0,64,159
07/25/2016,BDR,CT,ANE,EN,Federal Contract Tower,0,7,9,0,16,0,2,37,0,39,0,9,46,0,55,8,0,8,63
07/26/2016,BDR,CT,ANE,EN,Federal Contract Tower,0,12,6,0,18,0,1,82,0,83,0,13,88,0,101,96,0,96,197
07/27/2016,BDR,CT,ANE,EN,Federal Contract Tower,0,14,9,0,23,0,3,77,0,80,0,17,86,0,103,62,0,62,165
07/28/2016,BDR,CT,ANE,EN,Federal Contract Tower,0,8,16,0,24,0,4,70,0,74,0,12,86,0,98,108,0,108,206
07/29/2016,BDR,CT,ANE,EN,Federal Contract Tower,0,12,8,0,20,0,0,40,0,40,0,12,48,0,60,4,0,4,64
07/30/2016,BDR,CT,ANE,EN,Federal Contract Tower,0,4,5,0,9,0,1,67,0,68,0,5,72,0,77,102,0,102,179
07/31/2016,BDR,CT,ANE,EN,Federal Contract Tower,0,8,19,0,27,0,0,15,0,15,0,8,34,0,42,0,0,0,42
08/01/2016,BDR,CT,ANE,EN,Federal Contract Tower,0,15,6,0,21,0,0,37,0,37,0,15,43,0,58,10,0,10,68
08/02/2016,BDR,CT,ANE,EN,Federal Contract Tower,0,11,16,0,27,0,0,67,0,67,0,11,83,0,94,76,0,76,170
08/03/2016,BDR,CT,ANE,EN,Federal Contract Tower,0,7,12,0,19,0,1,103,0,104,0,8,115,0,123,132,0,132,255
08/04/2016,BDR,CT,ANE,EN,Federal Contract Tower,0,10,10,0,20,0,1,84,0,85,0,11,94,0,105,82,0,82,187
08/05/2016,BDR,CT,ANE,EN,Federal Contract Tower,0,12,15,0,27,0,0,85,0,85,0,12,100,0,112,68,0,68,180
08/06/2016,BDR,CT,ANE,EN,Federal Contract Tower,0,10,10,0,20,0,0,38,0,38,0,10,48,0,58,36,0,36,94
08/07/2016,BDR,CT,ANE,EN,Federal Contract Tower,0,7,10,0,17,0,0,130,0,130,0,7,140,0,147,164,0,164,311
08/08/2016,BDR,CT,ANE,EN,Federal Contract Tower,0,2,5,0,7,0,0,80,2,82,0,2,85,2,89,6,0,6,95
08/09/2016,BDR,CT,ANE,EN,Federal Contract Tower,0,14,3,0,17,0,0,87,0,87,0,14,90,0,104,88,0,88,192
08/10/2016,BDR,CT,ANE,EN,Federal Contract Tower,0,10,18,0,28,0,0,20,0,20,0,10,38,0,48,2,0,2,50
08/11/2016,BDR,CT,ANE,EN,Federal Contract Tower,0,15,14,0,29,0,0,53,0,53,0,15,67,0,82,16,0,16,98
08/12/2016,BDR,CT,ANE,EN,Federal Contract Tower,0,15,4,0,19,0,6,68,0,74,0,21,72,0,93,94,0,94,187
08/13/2016,BDR,CT,ANE,EN,Federal Contract Tower,0,9,4,0,13,0,0,49,0,49,0,9,53,0,62,76,0,76,138
08/14/2016,BDR,CT,ANE,EN,Federal Contract Tower,0,8,2,0,10,0,0,54,0,54,0,8,56,0,64,66,0,66,130
08/15/2016,BDR,CT,ANE,EN,Federal Contract Tower,0,10,6,0,16,0,0,46,0,46,0,10,52,0,62,30,0,30,92
08/16/2016,BDR,CT,ANE,EN,Federal Contract Tower,0,11,7,0,18,0,0,17,0,17,0,11,24,0,35,0,0,0,35
08/17/2016,BDR,CT,ANE,EN,Federal Contract Tower,0,14,11,0,25,0,1,83,0,84,0,15,94,0,109,92,0,92,201
08/18/2016,BDR,CT,ANE,EN,Federal Contract Tower,0,10,6,0,16,0,0,96,0,96,0,10,102,0,112,56,0,56,168
08/19/2016,BDR,CT,ANE,EN,Federal Contract Tower,0,10,6,0,16,0,0,64,0,64,0,10,70,0,80,44,0,44,124
08/20/2016,BDR,CT,ANE,EN,Federal Contract Tower,0,7,7,0,14,0,0,60,0,60,0,7,67,0,74,70,0,70,144
08/21/2016,BDR,CT,ANE,EN,Federal Contract Tower,0,15,4,0,19,0,0,48,0,48,0,15,52,0,67,34,0,34,101
08/22/2016,BDR,CT,ANE,EN,Federal Contract Tower,0,4,9,0,13,0,0,46,0,46,0,4,55,0,59,33,0,33,92
08/23/2016,BDR,CT,ANE,EN,Federal Contract Tower,0,9,7,0,16,0,0,112,0,112,0,9,119,0,128,124,0,124,252
08/24/2016,BDR,CT,ANE,EN,Federal Contract Tower,0,4,14,0,18,0,0,95,0,95,0,4,109,0,113,86,0,86,199
08/25/2016,BDR,CT,ANE,EN,Federal Contract Tower,0,6,4,0,10,0,0,79,0,79,0,6,83,0,89,48,0,48,137
08/26/2016,BDR,CT,ANE,EN,Federal Contract Tower,0,9,9,0,18,0,1,93,0,94,0,10,102,0,112,84,0,84,196
08/27/2016,BDR,CT,ANE,EN,Federal Contract Tower,0,6,3,0,9,0,0,95,0,95,0,6,98,0,104,62,0,62,166
08/28/2016,BDR,CT,ANE,EN,Federal Contract Tower,0,5,7,0,12,0,0,115,0,115,0,5,122,0,127,98,0,98,225
08/29/2016,BDR,CT,ANE,EN,Federal Contract Tower,0,5,5,0,10,0,0,65,0,65,0,5,70,0,75,76,0,76,151
08/30/2016,BDR,CT,ANE,EN,Federal Contract Tower,0,9,8,1,18,0,0,66,0,66,0,9,74,1,84,74,4,78,162
08/31/2016,BDR,CT,ANE,EN,Federal Contract Tower,0,17,17,0,34,0,0,60,0,60,0,17,77,0,94,56,0,56,150
09/01/2016,BDR,CT,ANE,EN,Federal Contract Tower,0,14,12,0,26,0,1,45,0,46,0,15,57,0,72,20,0,20,92
09/02/2016,BDR,CT,ANE,EN,Federal Contract Tower,0,12,6,0,18,0,2,81,0,83,0,14,87,0,101,62,0,62,163
09/03/2016,BDR,CT,ANE,EN,Federal Contract Tower,0,9,4,0,13,0,0,76,0,76,0,9,80,0,89,40,0,40,129
09/04/2016,BDR,CT,ANE,EN,Federal Contract Tower,0,0,1,0,1,0,0,39,0,39,0,0,40,0,40,0,0,0,40
09/05/2016,BDR,CT,ANE,EN,Federal Contract Tower,0,4,2,0,6,0,0,27,0,27,0,4,29,0,33,12,0,12,45
09/06/2016,BDR,CT,ANE,EN,Federal Contract Tower,0,11,2,0,13,0,0,5,0,5,0,11,7,0,18,2,0,2,20
09/07/2016,BDR,CT,ANE,EN,Federal Contract Tower,0,9,20,0,29,0,0,47,0,47,0,9,67,0,76,54,0,54,130
09/08/2016,BDR,CT,ANE,EN,Federal Contract Tower,0,5,12,0,17,0,1,59,0,60,0,6,71,0,77,84,0,84,161
09/09/2016,BDR,CT,ANE,EN,Federal Contract Tower,0,12,11,0,23,0,0,61,0,61,0,12,72,0,84,42,0,42,126
09/10/2016,BDR,CT,ANE,EN,Federal Contract Tower,0,4,5,0,9,0,0,82,0,82,0,4,87,0,91,130,0,130,221
09/11/2016,BDR,CT,ANE,EN,Federal Contract Tower,0,12,8,0,20,0,0,58,0,58,0,12,66,0,78,18,0,18,96
09/12/2016,BDR,CT,ANE,EN,Federal Contract Tower,0,8,9,0,17,0,0,78,0,78,0,8,87,0,95,51,0,51,146
09/13/2016,BDR,CT,ANE,EN,Federal Contract Tower,0,7,6,0,13,0,1,59,0,60,0,8,65,0,73,90,0,90,163
09/14/2016,BDR,CT,ANE,EN,Federal Contract Tower,0,5,6,0,11,0,2,47,2,51,0,7,53,2,62,40,2,42,104
09/15/2016,BDR,CT,ANE,EN,Federal Contract Tower,0,6,10,0,16,0,0,102,0,102,0,6,112,0,118,134,0,134,252
09/16/2016,BDR,CT,ANE,EN,Federal Contract Tower,0,2,8,0,10,0,1,39,0,40,0,3,47,0,50,0,0,0,50
09/17/2016,BDR,CT,ANE,EN,Federal Contract Tower,0,3,4,0,7,0,0,61,0,61,0,3,65,0,68,62,0,62,130
09/18/2016,BDR,CT,ANE,EN,Federal Contract Tower,0,11,8,0,19,0,0,47,0,47,0,11,55,0,66,65,0,65,131
09/19/2016,BDR,CT,ANE,EN,Federal Contract Tower,0,10,11,0,21,0,0,0,1,1,0,10,11,1,22,0,0,0,22
09/20/2016,BDR,CT,ANE,EN,Federal Contract Tower,0,9,14,0,23,0,0,34,0,34,0,9,48,0,57,54,0,54,111
09/21/2016,BDR,CT,ANE,EN,Federal Contract Tower,0,11,10,0,21,0,5,71,1,77,0,16,81,1,98,2,0,2,100
09/22/2016,BDR,CT,ANE,EN,Federal Contract Tower,0,14,3,0,17,0,0,59,0,59,0,14,62,0,76,6,0,6,82
09/23/2016,BDR,CT,ANE,EN,Federal Contract Tower,0,11,1,0,12,0,0,65,0,65,0,11,66,0,77,86,0,86,163
09/24/2016,BDR,CT,ANE,EN,Federal Contract Tower,0,0,11,0,11,0,0,65,0,65,0,0,76,0,76,64,0,64,140
09/25/2016,BDR,CT,ANE,EN,Federal Contract Tower,0,3,5,0,8,0,2,92,0,94,0,5,97,0,102,126,0,126,228
09/26/2016,BDR,CT,ANE,EN,Federal Contract Tower,0,11,4,0,15,0,0,55,0,55,0,11,59,0,70,56,0,56,126
09/27/2016,BDR,CT,ANE,EN,Federal Contract Tower,0,4,20,0,24,0,0,31,0,31,0,4,51,0,55,28,0,28,83
09/28/2016,BDR,CT,ANE,EN,Federal Contract Tower,0,4,11,0,15,0,5,20,0,25,0,9,31,0,40,0,0,0,40
09/29/2016,BDR,CT,ANE,EN,Federal Contract Tower,0,13,10,0,23,0,1,34,0,35,0,14,44,0,58,26,0,26,84
09/30/2016,BDR,CT,ANE,EN,Federal Contract Tower,0,10,6,0,16,0,0,6,0,6,0,10,12,0,22,4,0,4,26
10/01/2016,BDR,CT,ANE,EN,Federal Contract Tower,0,3,17,0,20,0,0,0,0,0,0,3,17,0,20,0,0,0,20
10/02/2016,BDR,CT,ANE,EN,Federal Contract Tower,0,6,16,0,22,0,0,18,0,18,0,6,34,0,40,30,0,30,70
10/03/2016,BDR,CT,ANE,EN,Federal Contract Tower,0,9,8,0,17,0,0,39,0,39,0,9,47,0,56,70,0,70,126
10/04/2016,BDR,CT,ANE,EN,Federal Contract Tower,0,5,6,0,11,0,0,52,0,52,0,5,58,0,63,64,0,64,127
10/05/2016,BDR,CT,ANE,EN,Federal Contract Tower,0,5,18,0,23,0,0,73,0,73,0,5,91,0,96,120,0,120,216
10/06/2016,BDR,CT,ANE,EN,Federal Contract Tower,0,8,14,0,22,0,0,68,0,68,0,8,82,0,90,144,0,144,234
10/07/2016,BDR,CT,ANE,EN,Federal Contract Tower,0,19,12,0,31,0,3,92,0,95,0,22,104,0,126,128,0,128,254
10/08/2016,BDR,CT,ANE,EN,Federal Contract Tower,0,7,11,0,18,0,0,43,0,43,0,7,54,0,61,14,0,14,75
10/09/2016,BDR,CT,ANE,EN,Federal Contract Tower,0,25,4,0,29,0,0,5,0,5,0,25,9,0,34,0,0,0,34
10/10/2016,BDR,CT,ANE,EN,Federal Contract Tower,0,3,6,0,9,0,0,74,0,74,0,3,80,0,83,6,4,10,93
10/11/2016,BDR,CT,ANE,EN,Federal Contract Tower,0,4,8,0,12,0,0,79,0,79,0,4,87,0,91,84,0,84,175
10/12/2016,BDR,CT,ANE,EN,Federal Contract Tower,0,8,24,0,32,0,1,81,0,82,0,9,105,0,114,90,0,90,204
10/13/2016,BDR,CT,ANE,EN,Federal Contract Tower,0,9,12,0,21,0,0,72,0,72,0,9,84,0,93,78,0,78,171
10/14/2016,BDR,CT,ANE,EN,Federal Contract Tower,0,9,6,0,15,0,1,68,0,69,0,10,74,0,84,58,0,58,142
10/15/2016,BDR,CT,ANE,EN,Federal Contract Tower,0,7,4,0,11,0,0,91,0,91,0,7,95,0,102,120,0,120,222
10/16/2016,BDR,CT,ANE,EN,Federal Contract Tower,0,6,2,0,8,0,0,82,0,82,0,6,84,0,90,88,0,88,178
10/17/2016,BDR,CT,ANE,EN,Federal Contract Tower,0,9,5,0,14,0,0,47,0,47,0,9,52,0,61,74,0,74,135
10/18/2016,BDR,CT,ANE,EN,Federal Contract Tower,0,9,10,0,19,0,0,53,0,53,0,9,63,0,72,76,0,76,148
10/19/2016,BDR,CT,ANE,EN,Federal Contract Tower,0,14,3,0,17,0,2,70,0,72,0,16,73,0,89,112,0,112,201
10/20/2016,BDR,CT,ANE,EN,Federal Contract Tower,0,8,19,0,27,0,2,36,0,38,0,10,55,0,65,40,0,40,105
10/21/2016,BDR,CT,ANE,EN,Federal Contract Tower,0,9,14,0,23,0,0,2,0,2,0,9,16,0,25,0,0,0,25
10/22/2016,BDR,CT,ANE,EN,Federal Contract Tower,0,3,7,0,10,0,0,0,0,0,0,3,7,0,10,0,0,0,10
10/23/2016,BDR,CT,ANE,EN,Federal Contract Tower,0,7,4,0,11,0,0,40,0,40,0,7,44,0,51,52,0,52,103
10/24/2016,BDR,CT,ANE,EN,Federal Contract Tower,0,5,5,0,10,0,0,38,0,38,0,5,43,0,48,40,0,40,88
10/25/2016,BDR,CT,ANE,EN,Federal Contract Tower,0,4,2,0,6,0,0,29,0,29,0,4,31,0,35,52,0,52,87
10/26/2016,BDR,CT,ANE,EN,Federal Contract Tower,0,3,18,0,21,0,0,72,0,72,0,3,90,0,93,62,0,62,155
10/27/2016,BDR,CT,ANE,EN,Federal Contract Tower,0,5,3,0,8,0,0,2,0,2,0,5,5,0,10,0,0,0,10
10/28/2016,BDR,CT,ANE,EN,Federal Contract Tower,0,11,6,0,17,0,0,17,0,17,0,11,23,0,34,4,0,4,38
10/29/2016,BDR,CT,ANE,EN,Federal Contract Tower,0,0,19,0,19,0,0,86,0,86,0,0,105,0,105,156,0,156,261
10/30/2016,BDR,CT,ANE,EN,Federal Contract Tower,0,2,6,0,8,0,0,63,0,63,0,2,69,0,71,158,0,158,229
10/31/2016,BDR,CT,ANE,EN,Federal Contract Tower,0,7,2,0,9,0,0,36,0,36,0,7,38,0,45,52,0,52,97
11/01/2016,BDR,CT,ANE,EN,Federal Contract Tower,0,7,17,0,24,0,2,68,0,70,0,9,85,0,94,78,0,78,172
11/02/2016,BDR,CT,ANE,EN,Federal Contract Tower,0,10,4,0,14,0,0,77,0,77,0,10,81,0,91,42,0,42,133
11/03/2016,BDR,CT,ANE,EN,Federal Contract Tower,0,8,6,0,14,0,1,19,0,20,0,9,25,0,34,28,0,28,62
11/04/2016,BDR,CT,ANE,EN,Federal Contract Tower,0,13,9,0,22,0,0,62,0,62,0,13,71,0,84,68,0,68,152
11/05/2016,BDR,CT,ANE,EN,Federal Contract Tower,0,9,4,0,13,0,0,98,0,98,0,9,102,0,111,136,0,136,247
11/06/2016,BDR,CT,ANE,EN,Federal Contract Tower,0,8,3,0,11,0,1,42,0,43,0,9,45,0,54,50,0,50,104
11/07/2016,BDR,CT,ANE,EN,Federal Contract Tower,0,8,10,0,18,0,0,65,0,65,0,8,75,0,83,28,0,28,111
11/08/2016,BDR,CT,ANE,EN,Federal Contract Tower,0,3,10,0,13,0,0,78,0,78,0,3,88,0,91,116,0,116,207
11/09/2016,BDR,CT,ANE,EN,Federal Contract Tower,0,8,3,0,11,0,0,6,0,6,0,8,9,0,17,6,0,6,23
11/10/2016,BDR,CT,ANE,EN,Federal Contract Tower,0,7,10,0,17,0,4,52,0,56,0,11,62,0,73,60,0,60,133
11/11/2016,BDR,CT,ANE,EN,Federal Contract Tower,0,12,7,0,19,0,0,44,0,44,0,12,51,0,63,64,0,64,127
11/12/2016,BDR,CT,ANE,EN,Federal Contract Tower,0,3,5,0,8,0,0,88,0,88,0,3,93,0,96,156,0,156,252
11/13/2016,BDR,CT,ANE,EN,Federal Contract Tower,0,4,9,0,13,0,0,89,0,89,0,4,98,0,102,184,0,184,286
11/14/2016,BDR,CT,ANE,EN,Federal Contract Tower,0,3,8,0,11,0,4,49,0,53,0,7,57,0,64,108,0,108,172
11/15/2016,BDR,CT,ANE,EN,Federal Contract Tower,0,8,4,0,12,0,1,0,0,1,0,9,4,0,13,0,0,0,13
11/16/2016,BDR,CT,ANE,EN,Federal Contract Tower,0,11,9,0,20,0,0,68,0,68,0,11,77,0,88,82,0,82,170
11/17/2016,BDR,CT,ANE,EN,Federal Contract Tower,0,9,7,0,16,0,0,64,0,64,0,9,71,0,80,34,0,34,114
11/18/2016,BDR,CT,ANE,EN,Federal Contract Tower,0,11,15,0,26,0,0,92,0,92,0,11,107,0,118,86,0,86,204
11/19/2016,BDR,CT,ANE,EN,Federal Contract Tower,0,4,3,0,7,0,0,88,0,88,0,4,91,0,95,80,0,80,175
11/20/2016,BDR,CT,ANE,EN,Federal Contract Tower,0,4,4,0,8,0,0,4,0,4,0,4,8,0,12,0,0,0,12
11/21/2016,BDR,CT,ANE,EN,Federal Contract Tower,0,5,3,0,8,0,0,11,2,13,0,5,14,2,21,0,0,0,21
11/22/2016,BDR,CT,ANE,EN,Federal Contract Tower,0,3,6,0,9,0,0,26,0,26,0,3,32,0,35,0,0,0,35
11/23/2016,BDR,CT,ANE,EN,Federal Contract Tower,0,9,17,0,26,0,0,55,0,55,0,9,72,0,81,58,0,58,139
11/24/2016,BDR,CT,ANE,EN,Federal Contract Tower,0,4,4,0,8,0,0,20,0,20,0,4,24,0,28,0,0,0,28
11/25/2016,BDR,CT,ANE,EN,Federal Contract Tower,0,3,6,0,9,0,0,28,0,28,0,3,34,0,37,22,0,22,59
11/26/2016,BDR,CT,ANE,EN,Federal Contract Tower,0,4,5,0,9,0,0,61,0,61,0,4,66,0,70,106,0,106,176
11/27/2016,BDR,CT,ANE,EN,Federal Contract Tower,0,12,9,0,21,0,0,93,0,93,0,12,102,0,114,74,0,74,188
11/28/2016,BDR,CT,ANE,EN,Federal Contract Tower,0,4,7,0,11,0,0,39,0,39,0,4,46,0,50,56,0,56,106
11/29/2016,BDR,CT,ANE,EN,Federal Contract Tower,0,5,6,0,11,0,0,2,0,2,0,5,8,0,13,0,0,0,13
12/01/2016,BDR,CT,ANE,EN,Federal Contract Tower,0,12,9,0,21,0,3,59,0,62,0,15,68,0,83,88,0,88,171
12/02/2016,BDR,CT,ANE,EN,Federal Contract Tower,0,10,8,0,18,0,0,66,0,66,0,10,74,0,84,102,0,102,186
12/03/2016,BDR,CT,ANE,EN,Federal Contract Tower,0,2,4,0,6,0,0,41,0,41,0,2,45,0,47,58,0,58,105
12/04/2016,BDR,CT,ANE,EN,Federal Contract Tower,0,4,7,0,11,0,0,115,0,115,0,4,122,0,126,127,0,127,253
12/05/2016,BDR,CT,ANE,EN,Federal Contract Tower,0,7,5,0,12,0,0,21,0,21,0,7,26,0,33,10,0,10,43
12/06/2016,BDR,CT,ANE,EN,Federal Contract Tower,0,9,12,0,21,0,0,44,0,44,0,9,56,0,65,94,0,94,159
12/07/2016,BDR,CT,ANE,EN,Federal Contract Tower,0,12,8,0,20,0,0,2,0,2,0,12,10,0,22,0,0,0,22
12/08/2016,BDR,CT,ANE,EN,Federal Contract Tower,0,12,4,0,16,0,0,47,0,47,0,12,51,0,63,50,0,50,113
12/09/2016,BDR,CT,ANE,EN,Federal Contract Tower,0,10,3,0,13,0,0,36,0,36,0,10,39,0,49,22,0,22,71
12/10/2016,BDR,CT,ANE,EN,Federal Contract Tower,0,0,11,0,11,0,0,90,0,90,0,0,101,0,101,110,0,110,211
12/11/2016,BDR,CT,ANE,EN,Federal Contract Tower,0,4,4,0,8,0,0,56,0,56,0,4,60,0,64,92,0,92,156
12/12/2016,BDR,CT,ANE,EN,Federal Contract Tower,0,4,4,0,8,0,0,3,0,3,0,4,7,0,11,0,0,0,11
12/13/2016,BDR,CT,ANE,EN,Federal Contract Tower,0,4,11,0,15,0,0,60,0,60,0,4,71,0,75,98,0,98,173
12/14/2016,BDR,CT,ANE,EN,Federal Contract Tower,0,10,6,0,16,0,1,49,0,50,0,11,55,0,66,84,0,84,150
12/15/2016,BDR,CT,ANE,EN,Federal Contract Tower,0,5,2,0,7,0,0,10,0,10,0,5,12,0,17,0,0,0,17
12/16/2016,BDR,CT,ANE,EN,Federal Contract Tower,0,9,2,0,11,0,0,48,0,48,0,9,50,0,59,50,0,50,109
12/17/2016,BDR,CT,ANE,EN,Federal Contract Tower,0,1,0,0,1,0,0,0,0,0,0,1,0,0,1,0,0,0,1
12/18/2016,BDR,CT,ANE,EN,Federal Contract Tower,0,3,4,0,7,0,0,5,0,5,0,3,9,0,12,0,0,0,12
12/19/2016,BDR,CT,ANE,EN,Federal Contract Tower,0,1,6,0,7,0,0,23,0,23,0,1,29,0,30,14,0,14,44
12/20/2016,BDR,CT,ANE,EN,Federal Contract Tower,0,2,4,0,6,0,0,48,0,48,0,2,52,0,54,78,0,78,132
12/21/2016,BDR,CT,ANE,EN,Federal Contract Tower,0,3,4,0,7,0,0,49,0,49,0,3,53,0,56,22,0,22,78
12/22/2016,BDR,CT,ANE,EN,Federal Contract Tower,0,6,7,0,13,0,0,49,0,49,0,6,56,0,62,44,0,44,106
12/23/2016,BDR,CT,ANE,EN,Federal Contract Tower,0,3,6,0,9,0,0,62,0,62,0,3,68,0,71,62,0,62,133
12/24/2016,BDR,CT,ANE,EN,Federal Contract Tower,0,2,1,0,3,0,0,2,0,2,0,2,3,0,5,0,0,0,5
12/25/2016,BDR,CT,ANE,EN,Federal Contract Tower,0,2,4,0,6,0,0,21,0,21,0,2,25,0,27,14,0,14,41
12/26/2016,BDR,CT,ANE,EN,Federal Contract Tower,0,2,9,0,11,0,0,31,0,31,0,2,40,0,42,50,0,50,92
12/27/2016,BDR,CT,ANE,EN,Federal Contract Tower,0,4,9,0,13,0,0,25,0,25,0,4,34,0,38,4,0,4,42
12/28/2016,BDR,CT,ANE,EN,Federal Contract Tower,0,3,6,0,9,0,0,60,0,60,0,3,66,0,69,90,0,90,159
12/29/2016,BDR,CT,ANE,EN,Federal Contract Tower,0,4,0,0,4,0,0,2,0,2,0,4,2,0,6,0,0,0,6
12/30/2016,BDR,CT,ANE,EN,Federal Contract Tower,0,3,1,0,4,0,0,18,0,18,0,3,19,0,22,0,0,0,22
12/31/2016,BDR,CT,ANE,EN,Federal Contract Tower,0,4,3,0,7,0,2,45,0,47,0,6,48,0,54,76,0,76,130
01/01/2017,BDR,CT,ANE,EN,Federal Contract Tower,0,3,4,0,7,0,0,56,0,56,0,3,60,0,63,46,14,60,123
01/02/2017,BDR,CT,ANE,EN,Federal Contract Tower,0,3,13,0,16,0,0,6,0,6,0,3,19,0,22,0,0,0,22
01/03/2017,BDR,CT,ANE,EN,Federal Contract Tower,0,6,3,0,9,0,0,0,0,0,0,6,3,0,9,0,0,0,9
01/04/2017,BDR,CT,ANE,EN,Federal Contract Tower,0,3,16,0,19,0,0,41,0,41,0,3,57,0,60,84,0,84,144
01/05/2017,BDR,CT,ANE,EN,Federal Contract Tower,0,10,4,0,14,0,0,49,0,49,0,10,53,0,63,22,0,22,85
01/06/2017,BDR,CT,ANE,EN,Federal Contract Tower,0,4,3,0,7,0,0,17,3,20,0,4,20,3,27,26,6,32,59
01/07/2017,BDR,CT,ANE,EN,Federal Contract Tower,0,0,3,0,3,0,0,5,0,5,0,0,8,0,8,14,0,14,22
01/08/2017,BDR,CT,ANE,EN,Federal Contract Tower,0,4,1,0,5,0,3,12,0,15,0,7,13,0,20,8,0,8,28
01/09/2017,BDR,CT,ANE,EN,Federal Contract Tower,0,8,4,0,12,0,0,34,0,34,0,8,38,0,46,16,0,16,62
01/10/2017,BDR,CT,ANE,EN,Federal Contract Tower,0,3,9,0,12,0,0,48,0,48,0,3,57,0,60,36,0,36,96
01/11/2017,BDR,CT,ANE,EN,Federal Contract Tower,0,11,6,0,17,0,0,53,0,53,0,11,59,0,70,96,0,96,166
01/12/2017,BDR,CT,ANE,EN,Federal Contract Tower,0,11,8,0,19,0,0,50,0,50,0,11,58,0,69,54,0,54,123
01/13/2017,BDR,CT,ANE,EN,Federal Contract Tower,0,4,5,0,9,0,0,40,0,40,0,4,45,0,49,64,0,64,113
01/14/2017,BDR,CT,ANE,EN,Federal Contract Tower,0,1,5,0,6,0,0,37,0,37,0,1,42,0,43,84,0,84,127
01/15/2017,BDR,CT,ANE,EN,Federal Contract Tower,0,2,4,0,6,0,0,76,0,76,0,2,80,0,82,92,0,92,174
01/16/2017,BDR,CT,ANE,EN,Federal Contract Tower,0,4,10,0,14,0,0,69,0,69,0,4,79,0,83,88,0,88,171
01/17/2017,BDR,CT,ANE,EN,Federal Contract Tower,0,9,5,0,14,0,0,3,0,3,0,9,8,0,17,0,0,0,17
01/18/2017,BDR,CT,ANE,EN,Federal Contract Tower,0,8,11,0,19,0,0,1,0,1,0,8,12,0,20,0,0,0,20
01/19/2017,BDR,CT,ANE,EN,Federal Contract Tower,0,6,8,0,14,0,0,49,0,49,0,6,57,0,63,112,2,114,177
01/20/2017,BDR,CT,ANE,EN,Federal Contract Tower,0,2,14,0,16,0,0,29,0,29,0,2,43,0,45,57,0,57,102
01/21/2017,BDR,CT,ANE,EN,Federal Contract Tower,0,1,17,0,18,0,0,6,0,6,0,1,23,0,24,26,0,26,50
01/22/2017,BDR,CT,ANE,EN,Federal Contract Tower,0,3,12,0,15,0,0,13,0,13,0,3,25,0,28,20,0,20,48
01/23/2017,BDR,CT,ANE,EN,Federal Contract Tower,0,2,2,0,4,0,0,0,0,0,0,2,2,0,4,0,0,0,4
01/24/2017,BDR,CT,ANE,EN,Federal Contract Tower,0,0,11,0,11,0,0,0,0,0,0,0,11,0,11,0,0,0,11
01/25/2017,BDR,CT,ANE,EN,Federal Contract Tower,0,6,10,0,16,0,0,51,6,57,0,6,61,6,73,82,0,82,155
01/26/2017,BDR,CT,ANE,EN,Federal Contract Tower,0,9,7,0,16,0,0,28,0,28,0,9,35,0,44,0,0,0,44
01/27/2017,BDR,CT,ANE,EN,Federal Contract Tower,0,7,14,0,21,0,0,26,0,26,0,7,40,0,47,0,0,0,47
01/28/2017,BDR,CT,ANE,EN,Federal Contract Tower,0,1,4,0,5,0,2,42,0,44,0,3,46,0,49,70,0,70,119
01/29/2017,BDR,CT,ANE,EN,Federal Contract Tower,0,5,14,0,19,0,0,95,0,95,0,5,109,0,114,151,0,151,265
01/30/2017,BDR,CT,ANE,EN,Federal Contract Tower,0,2,5,0,7,0,0,43,0,43,0,2,48,0,50,16,0,16,66
01/31/2017,BDR,CT,ANE,EN,Federal Contract Tower,0,5,3,0,8,0,1,0,0,1,0,6,3,0,9,0,0,0,9
02/01/2017,BDR,CT,ANE,EN,Federal Contract Tower,0,7,11,0,18,0,0,57,0,57,0,7,68,0,75,156,0,156,231
02/02/2017,BDR,CT,ANE,EN,Federal Contract Tower,0,9,11,0,20,0,0,50,0,50,0,9,61,0,70,58,0,58,128
02/03/2017,BDR,CT,ANE,EN,Federal Contract Tower,0,8,8,0,16,0,0,34,0,34,0,8,42,0,50,27,0,27,77
02/04/2017,BDR,CT,ANE,EN,Federal Contract Tower,0,4,10,0,14,0,0,85,0,85,0,4,95,0,99,74,0,74,173
02/05/2017,BDR,CT,ANE,EN,Federal Contract Tower,0,3,6,0,9,0,0,32,0,32,0,3,38,0,41,62,0,62,103
02/06/2017,BDR,CT,ANE,EN,Federal Contract Tower,0,2,4,0,6,0,0,51,0,51,0,2,55,0,57,62,0,62,119
02/07/2017,BDR,CT,ANE,EN,Federal Contract Tower,0,4,7,0,11,0,0,0,0,0,0,4,7,0,11,0,0,0,11
02/08/2017,BDR,CT,ANE,EN,Federal Contract Tower,0,12,18,0,30,0,0,56,0,56,0,12,74,0,86,68,0,68,154
02/09/2017,BDR,CT,ANE,EN,Federal Contract Tower,0,0,0,0,0,0,0,0,0,0,0,0,0,0,0,0,0,0,0
02/10/2017,BDR,CT,ANE,EN,Federal Contract Tower,0,1,3,0,4,0,0,18,0,18,0,1,21,0,22,0,0,0,22
02/11/2017,BDR,CT,ANE,EN,Federal Contract Tower,0,3,2,0,5,0,3,49,0,52,0,6,51,0,57,50,0,50,107
02/12/2017,BDR,CT,ANE,EN,Federal Contract Tower,0,1,3,0,4,0,0,0,0,0,0,1,3,0,4,0,0,0,4
02/13/2017,BDR,CT,ANE,EN,Federal Contract Tower,0,2,4,0,6,0,0,6,0,6,0,2,10,0,12,0,0,0,12
02/14/2017,BDR,CT,ANE,EN,Federal Contract Tower,0,6,9,0,15,0,0,57,0,57,0,6,66,0,72,76,0,76,148
02/15/2017,BDR,CT,ANE,EN,Federal Contract Tower,0,0,12,0,12,0,0,32,0,32,0,0,44,0,44,40,0,40,84
02/16/2017,BDR,CT,ANE,EN,Federal Contract Tower,0,6,7,0,13,0,0,23,0,23,0,6,30,0,36,24,0,24,60
02/17/2017,BDR,CT,ANE,EN,Federal Contract Tower,0,8,7,0,15,0,0,54,0,54,0,8,61,0,69,68,0,68,137
02/18/2017,BDR,CT,ANE,EN,Federal Contract Tower,0,7,5,0,12,0,0,90,2,92,0,7,95,2,104,144,0,144,248
02/19/2017,BDR,CT,ANE,EN,Federal Contract Tower,0,1,5,0,6,0,1,79,0,80,0,2,84,0,86,72,0,72,158
02/20/2017,BDR,CT,ANE,EN,Federal Contract Tower,0,3,10,0,13,0,0,50,0,50,0,3,60,0,63,92,0,92,155
02/21/2017,BDR,CT,ANE,EN,Federal Contract Tower,0,5,15,0,20,0,0,53,0,53,0,5,68,0,73,110,0,110,183
02/22/2017,BDR,CT,ANE,EN,Federal Contract Tower,0,9,15,0,24,0,0,60,0,60,0,9,75,0,84,54,0,54,138
02/23/2017,BDR,CT,ANE,EN,Federal Contract Tower,0,8,17,0,25,0,0,10,0,10,0,8,27,0,35,22,0,22,57
02/24/2017,BDR,CT,ANE,EN,Federal Contract Tower,0,9,4,0,13,0,1,60,0,61,0,10,64,0,74,72,0,72,146
02/25/2017,BDR,CT,ANE,EN,Federal Contract Tower,0,4,7,0,11,0,0,0,0,0,0,4,7,0,11,0,0,0,11
02/26/2017,BDR,CT,ANE,EN,Federal Contract Tower,0,2,5,0,7,0,0,58,0,58,0,2,63,0,65,54,0,54,119
02/27/2017,BDR,CT,ANE,EN,Federal Contract Tower,0,8,3,0,11,0,0,49,0,49,0,8,52,0,60,10,0,10,70
02/28/2017,BDR,CT,ANE,EN,Federal Contract Tower,0,6,11,0,17,0,0,40,0,40,0,6,51,0,57,46,0,46,103
03/01/2017,BDR,CT,ANE,EN,Federal Contract Tower,0,2,1,0,3,0,0,1,0,1,0,2,2,0,4,0,0,0,4
03/02/2017,BDR,CT,ANE,EN,Federal Contract Tower,0,4,6,0,10,0,0,7,0,7,0,4,13,0,17,0,0,0,17
03/03/2017,BDR,CT,ANE,EN,Federal Contract Tower,0,11,11,0,22,0,0,39,2,41,0,11,50,2,63,52,0,52,115
03/04/2017,BDR,CT,ANE,EN,Federal Contract Tower,0,6,3,0,9,0,0,13,0,13,0,6,16,0,22,24,0,24,46
03/05/2017,BDR,CT,ANE,EN,Federal Contract Tower,0,6,12,0,18,0,0,54,0,54,0,6,66,0,72,4,0,4,76
03/06/2017,BDR,CT,ANE,EN,Federal Contract Tower,0,6,2,0,8,0,0,42,0,42,0,6,44,0,50,114,0,114,164
03/07/2017,BDR,CT,ANE,EN,Federal Contract Tower,0,6,7,0,13,0,0,2,4,6,0,6,9,4,19,0,2,2,21
03/08/2017,BDR,CT,ANE,EN,Federal Contract Tower,0,11,7,0,18,0,0,54,2,56,0,11,61,2,74,62,0,62,136
03/09/2017,BDR,CT,ANE,EN,Federal Contract Tower,0,9,6,0,15,0,1,18,0,19,0,10,24,0,34,6,0,6,40
03/10/2017,BDR,CT,ANE,EN,Federal Contract Tower,0,5,1,0,6,0,0,2,0,2,0,5,3,0,8,0,0,0,8
03/11/2017,BDR,CT,ANE,EN,Federal Contract Tower,0,8,5,0,13,0,1,13,0,14,0,9,18,0,27,32,0,32,59
03/12/2017,BDR,CT,ANE,EN,Federal Contract Tower,0,4,3,0,7,0,0,39,2,41,0,4,42,2,48,70,0,70,118
03/13/2017,BDR,CT,ANE,EN,Federal Contract Tower,0,10,10,0,20,0,0,31,0,31,0,10,41,0,51,30,0,30,81
03/14/2017,BDR,CT,ANE,EN,Federal Contract Tower,0,0,0,0,0,0,0,0,0,0,0,0,0,0,0,0,0,0,0
03/15/2017,BDR,CT,ANE,EN,Federal Contract Tower,0,0,4,0,4,0,0,4,0,4,0,0,8,0,8,2,0,2,10
03/16/2017,BDR,CT,ANE,EN,Federal Contract Tower,0,3,6,0,9,0,0,35,2,37,0,3,41,2,46,18,2,20,66
03/17/2017,BDR,CT,ANE,EN,Federal Contract Tower,0,5,4,0,9,0,3,67,0,70,0,8,71,0,79,146,0,146,225
03/18/2017,BDR,CT,ANE,EN,Federal Contract Tower,0,1,3,0,4,0,0,31,1,32,0,1,34,1,36,84,0,84,120
03/19/2017,BDR,CT,ANE,EN,Federal Contract Tower,0,1,5,0,6,0,0,38,0,38,0,1,43,0,44,38,0,38,82
03/20/2017,BDR,CT,ANE,EN,Federal Contract Tower,0,0,6,0,6,0,0,78,0,78,0,0,84,0,84,64,0,64,148
03/21/2017,BDR,CT,ANE,EN,Federal Contract Tower,0,10,14,0,24,0,0,73,0,73,0,10,87,0,97,122,0,122,219
03/22/2017,BDR,CT,ANE,EN,Federal Contract Tower,0,5,7,0,12,0,0,12,0,12,0,5,19,0,24,0,0,0,24
03/23/2017,BDR,CT,ANE,EN,Federal Contract Tower,0,10,12,0,22,0,2,68,0,70,0,12,80,0,92,86,0,86,178
03/24/2017,BDR,CT,ANE,EN,Federal Contract Tower,0,6,14,0,20,0,0,47,0,47,0,6,61,0,67,50,0,50,117
03/25/2017,BDR,CT,ANE,EN,Federal Contract Tower,0,1,12,0,13,0,0,58,0,58,0,1,70,0,71,130,0,130,201
03/26/2017,BDR,CT,ANE,EN,Federal Contract Tower,0,6,7,0,13,0,0,30,0,30,0,6,37,0,43,78,0,78,121
03/27/2017,BDR,CT,ANE,EN,Federal Contract Tower,0,2,5,0,7,0,0,0,0,0,0,2,5,0,7,0,0,0,7
03/28/2017,BDR,CT,ANE,EN,Federal Contract Tower,0,8,4,0,12,0,0,0,0,0,0,8,4,0,12,0,0,0,12
03/29/2017,BDR,CT,ANE,EN,Federal Contract Tower,0,13,14,0,27,0,4,68,0,72,0,17,82,0,99,48,0,48,147
03/30/2017,BDR,CT,ANE,EN,Federal Contract Tower,0,6,14,0,20,0,1,81,0,82,0,7,95,0,102,160,0,160,262
03/31/2017,BDR,CT,ANE,EN,Federal Contract Tower,0,6,1,0,7,0,0,0,0,0,0,6,1,0,7,0,0,0,7
04/01/2017,BDR,CT,ANE,EN,Federal Contract Tower,0,6,3,0,9,0,0,4,0,4,0,6,7,0,13,0,0,0,13
04/02/2017,BDR,CT,ANE,EN,Federal Contract Tower,0,4,9,0,13,0,0,89,0,89,0,4,98,0,102,182,0,182,284
04/03/2017,BDR,CT,ANE,EN,Federal Contract Tower,0,11,9,0,20,0,0,82,0,82,0,11,91,0,102,188,0,188,290
04/04/2017,BDR,CT,ANE,EN,Federal Contract Tower,0,6,1,0,7,0,0,0,0,0,0,6,1,0,7,0,0,0,7
04/05/2017,BDR,CT,ANE,EN,Federal Contract Tower,0,7,13,0,20,0,1,69,0,70,0,8,82,0,90,106,0,106,196
04/06/2017,BDR,CT,ANE,EN,Federal Contract Tower,0,4,9,0,13,0,0,0,0,0,0,4,9,0,13,0,0,0,13
04/07/2017,BDR,CT,ANE,EN,Federal Contract Tower,0,14,7,0,21,0,0,18,0,18,0,14,25,0,39,0,0,0,39
04/08/2017,BDR,CT,ANE,EN,Federal Contract Tower,0,2,9,0,11,0,0,40,0,40,0,2,49,0,51,30,0,30,81
04/09/2017,BDR,CT,ANE,EN,Federal Contract Tower,0,2,6,0,8,0,0,123,0,123,0,2,129,0,131,160,0,160,291
04/10/2017,BDR,CT,ANE,EN,Federal Contract Tower,0,1,10,0,11,0,0,79,0,79,0,1,89,0,90,74,0,74,164
04/11/2017,BDR,CT,ANE,EN,Federal Contract Tower,0,11,9,0,20,0,0,80,0,80,0,11,89,0,100,102,0,102,202
04/12/2017,BDR,CT,ANE,EN,Federal Contract Tower,0,9,13,0,22,0,0,40,0,40,0,9,53,0,62,62,0,62,124
04/13/2017,BDR,CT,ANE,EN,Federal Contract Tower,0,7,12,0,19,0,0,82,0,82,0,7,94,0,101,84,0,84,185
04/14/2017,BDR,CT,ANE,EN,Federal Contract Tower,0,4,3,0,7,0,0,103,0,103,0,4,106,0,110,152,0,152,262
04/15/2017,BDR,CT,ANE,EN,Federal Contract Tower,0,3,5,0,8,0,0,70,0,70,0,3,75,0,78,108,0,108,186
04/16/2017,BDR,CT,ANE,EN,Federal Contract Tower,0,10,6,0,16,0,0,37,0,37,0,10,43,0,53,40,0,40,93
04/17/2017,BDR,CT,ANE,EN,Federal Contract Tower,0,2,9,0,11,0,4,47,0,51,0,6,56,0,62,56,0,56,118
04/18/2017,BDR,CT,ANE,EN,Federal Contract Tower,0,10,19,0,29,0,1,99,0,100,0,11,118,0,129,142,0,142,271
04/19/2017,BDR,CT,ANE,EN,Federal Contract Tower,0,10,8,2,20,0,0,43,0,43,0,10,51,2,63,66,0,66,129
04/20/2017,BDR,CT,ANE,EN,Federal Contract Tower,0,8,19,0,27,0,0,21,0,21,0,8,40,0,48,42,0,42,90
04/21/2017,BDR,CT,ANE,EN,Federal Contract Tower,0,8,11,0,19,0,0,0,0,0,0,8,11,0,19,0,0,0,19
04/22/2017,BDR,CT,ANE,EN,Federal Contract Tower,0,3,23,0,26,0,0,35,0,35,0,3,58,0,61,76,0,76,137
04/23/2017,BDR,CT,ANE,EN,Federal Contract Tower,0,1,4,0,5,0,3,95,0,98,0,4,99,0,103,146,0,146,249
04/24/2017,BDR,CT,ANE,EN,Federal Contract Tower,0,7,9,0,16,0,0,65,0,65,0,7,74,0,81,72,0,72,153
04/25/2017,BDR,CT,ANE,EN,Federal Contract Tower,0,11,9,0,20,0,0,0,0,0,0,11,9,0,20,0,0,0,20
04/26/2017,BDR,CT,ANE,EN,Federal Contract Tower,0,11,15,0,26,0,0,1,0,1,0,11,16,0,27,0,0,0,27
04/27/2017,BDR,CT,ANE,EN,Federal Contract Tower,0,8,32,0,40,0,0,8,0,8,0,8,40,0,48,12,0,12,60
04/28/2017,BDR,CT,ANE,EN,Federal Contract Tower,0,8,10,0,18,0,0,56,0,56,0,8,66,0,74,84,2,86,160
04/29/2017,BDR,CT,ANE,EN,Federal Contract Tower,0,4,15,0,19,0,1,72,0,73,0,5,87,0,92,90,0,90,182
04/30/2017,BDR,CT,ANE,EN,Federal Contract Tower,0,9,13,0,22,0,1,91,0,92,0,10,104,0,114,116,0,116,230
05/01/2017,BDR,CT,ANE,EN,Federal Contract Tower,0,2,13,0,15,0,0,12,0,12,0,2,25,0,27,30,0,30,57
05/02/2017,BDR,CT,ANE,EN,Federal Contract Tower,0,9,10,0,19,0,0,40,0,40,0,9,50,0,59,48,0,48,107
05/03/2017,BDR,CT,ANE,EN,Federal Contract Tower,0,19,7,0,26,0,0,59,0,59,0,19,66,0,85,44,0,44,129
05/04/2017,BDR,CT,ANE,EN,Federal Contract Tower,0,11,10,0,21,0,0,119,0,119,0,11,129,0,140,68,0,68,208
05/05/2017,BDR,CT,ANE,EN,Federal Contract Tower,0,7,6,0,13,0,0,0,0,0,0,7,6,0,13,0,0,0,13
05/06/2017,BDR,CT,ANE,EN,Federal Contract Tower,0,14,16,0,30,0,0,36,0,36,0,14,52,0,66,64,0,64,130
05/07/2017,BDR,CT,ANE,EN,Federal Contract Tower,0,12,3,0,15,0,0,41,0,41,0,12,44,0,56,22,4,26,82
05/08/2017,BDR,CT,ANE,EN,Federal Contract Tower,0,3,2,0,5,0,0,51,0,51,0,3,53,0,56,98,0,98,154
05/09/2017,BDR,CT,ANE,EN,Federal Contract Tower,0,13,7,0,20,2,59,0,0,61,2,72,7,0,81,70,0,70,151
05/10/2017,BDR,CT,ANE,EN,Federal Contract Tower,0,17,26,0,43,0,0,63,0,63,0,17,89,0,106,134,0,134,240
05/11/2017,BDR,CT,ANE,EN,Federal Contract Tower,0,16,12,0,28,0,0,100,0,100,0,16,112,0,128,206,0,206,334
05/12/2017,BDR,CT,ANE,EN,Federal Contract Tower,0,11,8,0,19,0,0,69,0,69,0,11,77,0,88,162,0,162,250
05/13/2017,BDR,CT,ANE,EN,Federal Contract Tower,0,0,5,0,5,0,0,0,0,0,0,0,5,0,5,0,0,0,5
05/14/2017,BDR,CT,ANE,EN,Federal Contract Tower,0,9,5,0,14,0,3,34,0,37,0,12,39,0,51,34,0,34,85
05/15/2017,BDR,CT,ANE,EN,Federal Contract Tower,0,4,8,0,12,0,0,22,0,22,0,4,30,0,34,0,0,0,34
05/16/2017,BDR,CT,ANE,EN,Federal Contract Tower,0,13,7,0,20,0,0,78,0,78,0,13,85,0,98,130,0,130,228
05/17/2017,BDR,CT,ANE,EN,Federal Contract Tower,0,7,13,2,22,0,0,70,0,70,0,7,83,2,92,146,0,146,238
05/18/2017,BDR,CT,ANE,EN,Federal Contract Tower,0,10,7,0,17,0,0,77,0,77,0,10,84,0,94,58,0,58,152
05/19/2017,BDR,CT,ANE,EN,Federal Contract Tower,0,12,12,0,24,0,8,69,0,77,0,20,81,0,101,86,0,86,187
05/20/2017,BDR,CT,ANE,EN,Federal Contract Tower,0,3,4,0,7,0,2,65,1,68,0,5,69,1,75,98,0,98,173
05/21/2017,BDR,CT,ANE,EN,Federal Contract Tower,0,2,6,0,8,0,0,103,3,106,0,2,109,3,114,120,0,120,234
05/22/2017,BDR,CT,ANE,EN,Federal Contract Tower,0,8,5,0,13,0,0,6,0,6,0,8,11,0,19,8,0,8,27
05/23/2017,BDR,CT,ANE,EN,Federal Contract Tower,0,13,8,0,21,0,1,79,0,80,0,14,87,0,101,226,0,226,327
05/24/2017,BDR,CT,ANE,EN,Federal Contract Tower,0,11,17,0,28,0,0,59,0,59,0,11,76,0,87,72,0,72,159
05/25/2017,BDR,CT,ANE,EN,Federal Contract Tower,0,9,15,0,24,0,0,0,0,0,0,9,15,0,24,0,0,0,24
05/26/2017,BDR,CT,ANE,EN,Federal Contract Tower,0,16,16,0,32,0,0,42,0,42,0,16,58,0,74,50,0,50,124
05/27/2017,BDR,CT,ANE,EN,Federal Contract Tower,0,0,10,0,10,0,5,76,0,81,0,5,86,0,91,119,0,119,210
05/28/2017,BDR,CT,ANE,EN,Federal Contract Tower,0,4,13,0,17,0,1,78,0,79,0,5,91,0,96,111,0,111,207
05/29/2017,BDR,CT,ANE,EN,Federal Contract Tower,0,19,30,0,49,0,0,22,0,22,0,19,52,0,71,0,0,0,71
05/30/2017,BDR,CT,ANE,EN,Federal Contract Tower,0,15,22,0,37,0,0,10,0,10,0,15,32,0,47,38,0,38,85
05/31/2017,BDR,CT,ANE,EN,Federal Contract Tower,0,4,8,0,12,0,0,0,0,0,0,4,8,0,12,2,0,2,14
06/01/2017,BDR,CT,ANE,EN,Federal Contract Tower,0,9,5,0,14,0,0,55,0,55,0,9,60,0,69,98,0,98,167
06/02/2017,BDR,CT,ANE,EN,Federal Contract Tower,0,4,15,0,19,0,0,54,0,54,0,4,69,0,73,58,0,58,131
06/03/2017,BDR,CT,ANE,EN,Federal Contract Tower,0,0,4,0,4,0,0,72,0,72,0,0,76,0,76,142,0,142,218
06/04/2017,BDR,CT,ANE,EN,Federal Contract Tower,0,2,6,1,9,0,7,72,0,79,0,9,78,1,88,60,0,60,148
06/05/2017,BDR,CT,ANE,EN,Federal Contract Tower,0,4,27,0,31,0,0,1,0,1,0,4,28,0,32,0,0,0,32
06/06/2017,BDR,CT,ANE,EN,Federal Contract Tower,0,14,33,0,47,0,0,21,0,21,0,14,54,0,68,36,0,36,104
06/07/2017,BDR,CT,ANE,EN,Federal Contract Tower,0,7,18,0,25,0,1,56,2,59,0,8,74,2,84,86,4,90,174
06/08/2017,BDR,CT,ANE,EN,Federal Contract Tower,0,3,11,0,14,0,0,65,0,65,0,3,76,0,79,98,0,98,177
06/09/2017,BDR,CT,ANE,EN,Federal Contract Tower,0,11,25,0,36,0,0,82,0,82,0,11,107,0,118,90,0,90,208
06/10/2017,BDR,CT,ANE,EN,Federal Contract Tower,0,1,7,0,8,0,2,62,0,64,0,3,69,0,72,66,0,66,138
06/11/2017,BDR,CT,ANE,EN,Federal Contract Tower,0,6,6,0,12,0,9,93,0,102,0,15,99,0,114,134,0,134,248
06/12/2017,BDR,CT,ANE,EN,Federal Contract Tower,0,3,8,0,11,0,3,60,0,63,0,6,68,0,74,62,0,62,136
06/13/2017,BDR,CT,ANE,EN,Federal Contract Tower,0,13,12,0,25,0,2,60,4,66,0,15,72,4,91,100,0,100,191
06/14/2017,BDR,CT,ANE,EN,Federal Contract Tower,0,7,14,0,21,0,0,57,0,57,0,7,71,0,78,66,0,66,144
06/15/2017,BDR,CT,ANE,EN,Federal Contract Tower,0,12,10,0,22,0,3,86,0,89,0,15,96,0,111,92,0,92,203
06/16/2017,BDR,CT,ANE,EN,Federal Contract Tower,0,14,14,0,28,0,0,4,0,4,0,14,18,0,32,2,0,2,34
06/17/2017,BDR,CT,ANE,EN,Federal Contract Tower,0,1,11,0,12,0,0,2,0,2,0,1,13,0,14,0,0,0,14
06/18/2017,BDR,CT,ANE,EN,Federal Contract Tower,0,4,21,0,25,0,0,27,0,27,0,4,48,0,52,38,0,38,90
06/19/2017,BDR,CT,ANE,EN,Federal Contract Tower,0,4,9,0,13,0,0,7,1,8,0,4,16,1,21,14,0,14,35
06/20/2017,BDR,CT,ANE,EN,Federal Contract Tower,0,18,14,0,32,0,0,43,0,43,0,18,57,0,75,44,0,44,119
06/21/2017,BDR,CT,ANE,EN,Federal Contract Tower,0,5,8,0,13,0,0,62,0,62,0,5,70,0,75,88,0,88,163
06/22/2017,BDR,CT,ANE,EN,Federal Contract Tower,0,5,21,0,26,0,0,77,0,77,0,5,98,0,103,92,0,92,195
06/23/2017,BDR,CT,ANE,EN,Federal Contract Tower,0,11,20,0,31,0,3,67,0,70,0,14,87,0,101,24,0,24,125
06/24/2017,BDR,CT,ANE,EN,Federal Contract Tower,0,7,6,0,13,0,1,52,0,53,0,8,58,0,66,84,0,84,150
06/25/2017,BDR,CT,ANE,EN,Federal Contract Tower,0,7,15,1,23,0,4,127,4,135,0,11,142,5,158,168,4,172,330
06/26/2017,BDR,CT,ANE,EN,Federal Contract Tower,0,11,9,0,20,0,1,53,0,54,0,12,62,0,74,106,0,106,180
06/27/2017,BDR,CT,ANE,EN,Federal Contract Tower,0,13,7,0,20,0,5,46,0,51,0,18,53,0,71,48,0,48,119
06/28/2017,BDR,CT,ANE,EN,Federal Contract Tower,0,12,9,0,21,0,0,58,0,58,0,12,67,0,79,120,0,120,199
06/29/2017,BDR,CT,ANE,EN,Federal Contract Tower,0,18,13,0,31,0,1,81,0,82,0,19,94,0,113,82,0,82,195
06/30/2017,BDR,CT,ANE,EN,Federal Contract Tower,0,14,13,0,27,0,7,84,0,91,0,21,97,0,118,56,0,56,174
07/01/2017,BDR,CT,ANE,EN,Federal Contract Tower,0,7,13,0,20,0,0,52,0,52,0,7,65,0,72,54,0,54,126
07/02/2017,BDR,CT,ANE,EN,Federal Contract Tower,0,6,11,0,17,0,2,79,0,81,0,8,90,0,98,96,0,96,194
07/03/2017,BDR,CT,ANE,EN,Federal Contract Tower,0,5,2,0,7,0,0,76,0,76,0,5,78,0,83,96,0,96,179
07/04/2017,BDR,CT,ANE,EN,Federal Contract Tower,0,7,9,0,16,0,3,80,0,83,0,10,89,0,99,8,0,8,107
07/05/2017,BDR,CT,ANE,EN,Federal Contract Tower,0,2,6,0,8,0,6,64,0,70,0,8,70,0,78,82,0,82,160
07/06/2017,BDR,CT,ANE,EN,Federal Contract Tower,0,13,13,0,26,0,2,67,0,69,0,15,80,0,95,52,0,52,147
07/07/2017,BDR,CT,ANE,EN,Federal Contract Tower,0,13,15,0,28,0,0,15,0,15,0,13,30,0,43,2,0,2,45
07/08/2017,BDR,CT,ANE,EN,Federal Contract Tower,0,6,11,0,17,0,0,60,0,60,0,6,71,0,77,160,0,160,237
07/09/2017,BDR,CT,ANE,EN,Federal Contract Tower,0,12,9,0,21,0,6,120,0,126,0,18,129,0,147,200,0,200,347
07/10/2017,BDR,CT,ANE,EN,Federal Contract Tower,0,9,6,0,15,1,8,69,0,78,1,17,75,0,93,46,0,46,139
07/11/2017,BDR,CT,ANE,EN,Federal Contract Tower,0,9,14,0,23,0,1,29,0,30,0,10,43,0,53,14,0,14,67
07/12/2017,BDR,CT,ANE,EN,Federal Contract Tower,0,9,14,0,23,0,0,46,0,46,0,9,60,0,69,32,0,32,101
07/13/2017,BDR,CT,ANE,EN,Federal Contract Tower,0,15,12,0,27,0,0,53,0,53,0,15,65,0,80,70,0,70,150
07/14/2017,BDR,CT,ANE,EN,Federal Contract Tower,0,13,35,0,48,0,0,0,0,0,0,13,35,0,48,0,0,0,48
07/15/2017,BDR,CT,ANE,EN,Federal Contract Tower,0,9,18,0,27,0,1,55,0,56,0,10,73,0,83,102,0,102,185
07/16/2017,BDR,CT,ANE,EN,Federal Contract Tower,0,4,14,0,18,0,4,113,0,117,0,8,127,0,135,140,0,140,275
07/17/2017,BDR,CT,ANE,EN,Federal Contract Tower,0,4,9,0,13,0,2,90,0,92,0,6,99,0,105,142,0,142,247
07/18/2017,BDR,CT,ANE,EN,Federal Contract Tower,0,9,12,0,21,0,0,43,0,43,0,9,55,0,64,92,0,92,156
07/19/2017,BDR,CT,ANE,EN,Federal Contract Tower,0,6,10,0,16,0,0,59,0,59,0,6,69,0,75,36,0,36,111
07/20/2017,BDR,CT,ANE,EN,Federal Contract Tower,0,6,24,0,30,0,0,68,0,68,0,6,92,0,98,62,0,62,160
07/21/2017,BDR,CT,ANE,EN,Federal Contract Tower,0,8,20,0,28,0,0,64,0,64,0,8,84,0,92,64,4,68,160
07/22/2017,BDR,CT,ANE,EN,Federal Contract Tower,0,8,6,0,14,0,0,58,0,58,0,8,64,0,72,78,0,78,150
07/23/2017,BDR,CT,ANE,EN,Federal Contract Tower,0,11,18,0,29,0,3,50,0,53,0,14,68,0,82,90,0,90,172
07/24/2017,BDR,CT,ANE,EN,Federal Contract Tower,0,14,10,0,24,0,0,7,0,7,0,14,17,0,31,0,0,0,31
07/25/2017,BDR,CT,ANE,EN,Federal Contract Tower,0,13,25,0,38,0,0,27,0,27,0,13,52,0,65,24,0,24,89
07/26/2017,BDR,CT,ANE,EN,Federal Contract Tower,0,11,7,1,19,0,0,83,0,83,0,11,90,1,102,100,12,112,214
07/27/2017,BDR,CT,ANE,EN,Federal Contract Tower,0,18,15,0,33,0,0,80,4,84,0,18,95,4,117,64,0,64,181
07/28/2017,BDR,CT,ANE,EN,Federal Contract Tower,0,11,19,0,30,0,1,46,0,47,0,12,65,0,77,72,0,72,149
07/29/2017,BDR,CT,ANE,EN,Federal Contract Tower,0,4,6,0,10,0,0,20,0,20,0,4,26,0,30,18,0,18,48
07/30/2017,BDR,CT,ANE,EN,Federal Contract Tower,0,4,10,2,16,0,2,99,0,101,0,6,109,2,117,77,0,77,194
07/31/2017,BDR,CT,ANE,EN,Federal Contract Tower,0,5,4,0,9,0,4,83,0,87,0,9,87,0,96,86,0,86,182
08/01/2017,BDR,CT,ANE,EN,Federal Contract Tower,0,11,17,0,28,0,1,64,0,65,0,12,81,0,93,82,0,82,175
08/02/2017,BDR,CT,ANE,EN,Federal Contract Tower,0,8,19,0,27,0,4,44,0,48,0,12,63,0,75,22,0,22,97
08/03/2017,BDR,CT,ANE,EN,Federal Contract Tower,0,8,8,0,16,0,0,65,0,65,0,8,73,0,81,80,0,80,161
08/04/2017,BDR,CT,ANE,EN,Federal Contract Tower,0,9,12,0,21,0,2,71,0,73,0,11,83,0,94,90,0,90,184
08/05/2017,BDR,CT,ANE,EN,Federal Contract Tower,0,11,9,0,20,0,0,30,0,30,0,11,39,0,50,46,0,46,96
08/06/2017,BDR,CT,ANE,EN,Federal Contract Tower,0,0,16,0,16,0,0,88,0,88,0,0,104,0,104,160,0,160,264
08/07/2017,BDR,CT,ANE,EN,Federal Contract Tower,0,8,9,0,17,0,0,19,0,19,0,8,28,0,36,0,0,0,36
08/08/2017,BDR,CT,ANE,EN,Federal Contract Tower,0,22,22,0,44,0,1,43,0,44,0,23,65,0,88,62,0,62,150
08/09/2017,BDR,CT,ANE,EN,Federal Contract Tower,0,12,8,0,20,0,1,95,0,96,0,13,103,0,116,182,2,184,300
08/10/2017,BDR,CT,ANE,EN,Federal Contract Tower,0,12,10,0,22,0,4,89,0,93,0,16,99,0,115,162,0,162,277
08/11/2017,BDR,CT,ANE,EN,Federal Contract Tower,0,9,13,0,22,0,1,85,0,86,0,10,98,0,108,134,0,134,242
08/12/2017,BDR,CT,ANE,EN,Federal Contract Tower,0,5,20,0,25,0,3,30,0,33,0,8,50,0,58,6,0,6,64
08/13/2017,BDR,CT,ANE,EN,Federal Contract Tower,0,1,10,0,11,0,6,128,0,134,0,7,138,0,145,276,0,276,421
08/14/2017,BDR,CT,ANE,EN,Federal Contract Tower,0,9,4,0,13,0,4,47,0,51,0,13,51,0,64,144,0,144,208
08/15/2017,BDR,CT,ANE,EN,Federal Contract Tower,0,12,18,0,30,0,0,17,0,17,0,12,35,0,47,22,6,28,75
08/16/2017,BDR,CT,ANE,EN,Federal Contract Tower,0,14,11,0,25,0,1,56,0,57,0,15,67,0,82,182,0,182,264
08/17/2017,BDR,CT,ANE,EN,Federal Contract Tower,0,12,12,0,24,0,6,104,0,110,0,18,116,0,134,98,0,98,232
08/18/2017,BDR,CT,ANE,EN,Federal Contract Tower,0,8,29,0,37,0,0,15,0,15,0,8,44,0,52,0,0,0,52
08/19/2017,BDR,CT,ANE,EN,Federal Contract Tower,0,3,10,0,13,0,0,134,2,136,0,3,144,2,149,120,0,120,269
08/20/2017,BDR,CT,ANE,EN,Federal Contract Tower,0,10,8,0,18,0,5,97,0,102,0,15,105,0,120,132,0,132,252
08/21/2017,BDR,CT,ANE,EN,Federal Contract Tower,0,0,7,0,7,0,5,63,0,68,0,5,70,0,75,118,0,118,193
08/22/2017,BDR,CT,ANE,EN,Federal Contract Tower,0,18,26,0,44,0,2,72,0,74,0,20,98,0,118,98,0,98,216
08/23/2017,BDR,CT,ANE,EN,Federal Contract Tower,0,16,14,0,30,0,1,64,0,65,0,17,78,0,95,146,0,146,241
08/24/2017,BDR,CT,ANE,EN,Federal Contract Tower,0,12,16,0,28,0,3,90,0,93,0,15,106,0,121,102,0,102,223
08/25/2017,BDR,CT,ANE,EN,Federal Contract Tower,0,10,10,0,20,0,2,85,0,87,0,12,95,0,107,82,0,82,189
08/26/2017,BDR,CT,ANE,EN,Federal Contract Tower,0,10,1,0,11,0,0,72,0,72,0,10,73,0,83,114,0,114,197
08/27/2017,BDR,CT,ANE,EN,Federal Contract Tower,0,8,7,0,15,0,2,105,0,107,0,10,112,0,122,124,0,124,246
08/28/2017,BDR,CT,ANE,EN,Federal Contract Tower,0,4,8,0,12,0,3,69,3,75,0,7,77,3,87,64,0,64,151
08/29/2017,BDR,CT,ANE,EN,Federal Contract Tower,0,19,19,0,38,0,0,38,0,38,0,19,57,0,76,4,0,4,80
08/30/2017,BDR,CT,ANE,EN,Federal Contract Tower,0,12,10,0,22,0,0,69,0,69,0,12,79,0,91,90,6,96,187
08/31/2017,BDR,CT,ANE,EN,Federal Contract Tower,0,12,7,0,19,0,0,69,0,69,0,12,76,0,88,58,0,58,146
09/01/2017,BDR,CT,ANE,EN,Federal Contract Tower,0,9,8,0,17,0,0,66,0,66,0,9,74,0,83,92,0,92,175
09/02/2017,BDR,CT,ANE,EN,Federal Contract Tower,0,5,4,0,9,0,1,52,0,53,0,6,56,0,62,26,0,26,88
09/03/2017,BDR,CT,ANE,EN,Federal Contract Tower,0,4,13,0,17,0,0,9,0,9,0,4,22,0,26,4,0,4,30
09/04/2017,BDR,CT,ANE,EN,Federal Contract Tower,0,5,0,17,22,0,4,118,0,122,0,9,118,17,144,46,0,46,190
09/05/2017,BDR,CT,ANE,EN,Federal Contract Tower,0,9,9,0,18,0,4,58,0,62,0,13,67,0,80,60,0,60,140
09/06/2017,BDR,CT,ANE,EN,Federal Contract Tower,0,7,11,0,18,0,0,7,0,7,0,7,18,0,25,2,0,2,27
09/07/2017,BDR,CT,ANE,EN,Federal Contract Tower,0,18,10,0,28,0,0,61,0,61,0,18,71,0,89,58,0,58,147
09/08/2017,BDR,CT,ANE,EN,Federal Contract Tower,0,15,10,0,25,0,2,76,0,78,0,17,86,0,103,60,0,60,163
09/09/2017,BDR,CT,ANE,EN,Federal Contract Tower,0,4,8,0,12,0,2,80,0,82,0,6,88,0,94,118,0,118,212
09/10/2017,BDR,CT,ANE,EN,Federal Contract Tower,0,3,9,0,12,0,4,98,0,102,0,7,107,0,114,102,0,102,216
09/11/2017,BDR,CT,ANE,EN,Federal Contract Tower,0,0,3,0,3,0,0,0,0,0,0,0,3,0,3,88,0,88,91
09/12/2017,BDR,CT,ANE,EN,Federal Contract Tower,0,11,8,0,19,0,3,60,0,63,0,14,68,0,82,98,0,98,180
09/13/2017,BDR,CT,ANE,EN,Federal Contract Tower,0,9,9,0,18,0,3,42,0,45,0,12,51,0,63,38,0,38,101
09/14/2017,BDR,CT,ANE,EN,Federal Contract Tower,0,15,15,0,30,0,2,33,0,35,0,17,48,0,65,64,0,64,129
09/15/2017,BDR,CT,ANE,EN,Federal Contract Tower,0,17,11,0,28,0,1,66,0,67,0,18,77,0,95,90,4,94,189
09/16/2017,BDR,CT,ANE,EN,Federal Contract Tower,0,8,15,0,23,0,0,36,0,36,0,8,51,0,59,32,0,32,91
09/17/2017,BDR,CT,ANE,EN,Federal Contract Tower,0,14,18,0,32,0,0,39,0,39,0,14,57,0,71,68,0,68,139
09/18/2017,BDR,CT,ANE,EN,Federal Contract Tower,0,8,29,0,37,0,0,4,0,4,0,8,33,0,41,2,0,2,43
09/19/2017,BDR,CT,ANE,EN,Federal Contract Tower,0,12,6,0,18,0,0,3,0,3,0,12,9,0,21,0,0,0,21
09/20/2017,BDR,CT,ANE,EN,Federal Contract Tower,0,4,6,0,10,0,0,7,0,7,0,4,13,0,17,28,0,28,45
09/21/2017,BDR,CT,ANE,EN,Federal Contract Tower,0,6,7,0,13,0,0,46,0,46,0,6,53,0,59,30,0,30,89
09/22/2017,BDR,CT,ANE,EN,Federal Contract Tower,0,12,5,0,17,0,0,42,0,42,0,12,47,0,59,30,0,30,89
09/23/2017,BDR,CT,ANE,EN,Federal Contract Tower,0,1,2,0,3,0,1,78,0,79,0,2,80,0,82,194,0,194,276
09/24/2017,BDR,CT,ANE,EN,Federal Contract Tower,0,7,3,2,12,0,4,94,0,98,0,11,97,2,110,116,0,116,226
09/25/2017,BDR,CT,ANE,EN,Federal Contract Tower,0,9,17,0,26,0,0,77,0,77,0,9,94,0,103,72,0,72,175
09/26/2017,BDR,CT,ANE,EN,Federal Contract Tower,0,9,15,0,24,0,3,38,0,41,0,12,53,0,65,70,0,70,135
09/27/2017,BDR,CT,ANE,EN,Federal Contract Tower,0,5,12,0,17,0,2,45,0,47,0,7,57,0,64,82,0,82,146
09/28/2017,BDR,CT,ANE,EN,Federal Contract Tower,0,9,4,0,13,0,0,43,0,43,0,9,47,0,56,6,0,6,62
09/29/2017,BDR,CT,ANE,EN,Federal Contract Tower,0,10,10,0,20,0,0,71,0,71,0,10,81,0,91,100,8,108,199
09/30/2017,BDR,CT,ANE,EN,Federal Contract Tower,0,6,10,0,16,0,0,10,0,10,0,6,20,0,26,26,0,26,52
10/01/2017,BDR,CT,ANE,EN,Federal Contract Tower,0,9,7,0,16,0,5,107,1,113,0,14,114,1,129,4,0,4,133
10/02/2017,BDR,CT,ANE,EN,Federal Contract Tower,0,4,7,0,11,0,1,66,0,67,0,5,73,0,78,116,0,116,194
10/03/2017,BDR,CT,ANE,EN,Federal Contract Tower,0,8,11,0,19,0,0,76,0,76,0,8,87,0,95,66,0,66,161
10/04/2017,BDR,CT,ANE,EN,Federal Contract Tower,0,5,5,0,10,0,0,75,1,76,0,5,80,1,86,74,2,76,162
10/05/2017,BDR,CT,ANE,EN,Federal Contract Tower,0,8,9,0,17,0,0,72,2,74,0,8,81,2,91,120,0,120,211
10/06/2017,BDR,CT,ANE,EN,Federal Contract Tower,0,10,13,0,23,0,2,55,0,57,0,12,68,0,80,72,0,72,152
10/07/2017,BDR,CT,ANE,EN,Federal Contract Tower,0,5,22,0,27,0,0,45,0,45,0,5,67,0,72,54,0,54,126
10/08/2017,BDR,CT,ANE,EN,Federal Contract Tower,0,3,15,0,18,0,0,8,0,8,0,3,23,0,26,16,0,16,42
10/09/2017,BDR,CT,ANE,EN,Federal Contract Tower,0,16,18,0,34,0,0,0,0,0,0,16,18,0,34,0,0,0,34
10/10/2017,BDR,CT,ANE,EN,Federal Contract Tower,0,13,7,0,20,0,4,73,0,77,0,17,80,0,97,130,0,130,227
10/11/2017,BDR,CT,ANE,EN,Federal Contract Tower,0,10,6,0,16,0,4,35,2,41,0,14,41,2,57,68,0,68,125
10/12/2017,BDR,CT,ANE,EN,Federal Contract Tower,0,10,2,0,12,0,2,40,0,42,0,12,42,0,54,26,0,26,80
10/13/2017,BDR,CT,ANE,EN,Federal Contract Tower,0,11,7,0,18,0,1,63,0,64,0,12,70,0,82,86,0,86,168
10/14/2017,BDR,CT,ANE,EN,Federal Contract Tower,0,4,25,1,30,0,0,26,0,26,0,4,51,1,56,28,0,28,84
10/15/2017,BDR,CT,ANE,EN,Federal Contract Tower,0,9,21,0,30,0,1,14,0,15,0,10,35,0,45,6,0,6,51
10/16/2017,BDR,CT,ANE,EN,Federal Contract Tower,0,8,9,0,17,0,0,26,0,26,0,8,35,0,43,32,0,32,75
10/17/2017,BDR,CT,ANE,EN,Federal Contract Tower,0,8,13,0,21,0,0,78,0,78,0,8,91,0,99,100,0,100,199
10/18/2017,BDR,CT,ANE,EN,Federal Contract Tower,0,9,14,0,23,0,0,51,0,51,0,9,65,0,74,112,0,112,186
10/19/2017,BDR,CT,ANE,EN,Federal Contract Tower,0,7,5,0,12,0,3,75,0,78,0,10,80,0,90,86,0,86,176
10/20/2017,BDR,CT,ANE,EN,Federal Contract Tower,0,2,8,0,10,0,2,43,4,49,0,4,51,4,59,14,0,14,73
10/21/2017,BDR,CT,ANE,EN,Federal Contract Tower,0,1,5,0,6,0,0,97,0,97,0,1,102,0,103,116,0,116,219
10/22/2017,BDR,CT,ANE,EN,Federal Contract Tower,0,7,6,0,13,0,1,95,0,96,0,8,101,0,109,74,0,74,183
10/23/2017,BDR,CT,ANE,EN,Federal Contract Tower,0,10,12,0,22,0,0,12,0,12,0,10,24,0,34,4,0,4,38
10/24/2017,BDR,CT,ANE,EN,Federal Contract Tower,0,9,0,0,9,0,0,0,0,0,0,9,0,0,9,0,0,0,9
10/25/2017,BDR,CT,ANE,EN,Federal Contract Tower,0,12,5,0,17,0,0,36,0,36,0,12,41,0,53,66,0,66,119
10/26/2017,BDR,CT,ANE,EN,Federal Contract Tower,0,9,7,0,16,0,0,40,0,40,0,9,47,0,56,30,0,30,86
10/27/2017,BDR,CT,ANE,EN,Federal Contract Tower,0,10,2,0,12,0,1,49,0,50,0,11,51,0,62,60,0,60,122
10/28/2017,BDR,CT,ANE,EN,Federal Contract Tower,0,7,4,0,11,0,0,81,4,85,0,7,85,4,96,112,4,116,212
10/29/2017,BDR,CT,ANE,EN,Federal Contract Tower,0,1,4,0,5,0,0,0,0,0,0,1,4,0,5,0,0,0,5
10/30/2017,BDR,CT,ANE,EN,Federal Contract Tower,0,4,6,0,10,0,0,5,0,5,0,4,11,0,15,0,0,0,15
10/31/2017,BDR,CT,ANE,EN,Federal Contract Tower,0,10,15,0,25,0,2,52,0,54,0,12,67,0,79,70,0,70,149
11/01/2017,BDR,CT,ANE,EN,Federal Contract Tower,0,8,10,0,18,0,2,98,0,100,0,10,108,0,118,72,0,72,190
11/02/2017,BDR,CT,ANE,EN,Federal Contract Tower,0,6,16,0,22,0,0,39,0,39,0,6,55,0,61,58,0,58,119
11/03/2017,BDR,CT,ANE,EN,Federal Contract Tower,0,8,7,0,15,0,0,50,0,50,0,8,57,0,65,66,0,66,131
11/04/2017,BDR,CT,ANE,EN,Federal Contract Tower,0,4,8,0,12,0,1,79,0,80,0,5,87,0,92,152,0,152,244
11/05/2017,BDR,CT,ANE,EN,Federal Contract Tower,0,10,19,0,29,0,0,0,0,0,0,10,19,0,29,0,0,0,29
11/06/2017,BDR,CT,ANE,EN,Federal Contract Tower,0,5,11,0,16,0,0,5,0,5,0,5,16,0,21,4,0,4,25
11/07/2017,BDR,CT,ANE,EN,Federal Contract Tower,0,8,5,0,13,0,0,28,2,30,0,8,33,2,43,30,0,30,73
11/08/2017,BDR,CT,ANE,EN,Federal Contract Tower,0,12,13,0,25,0,4,47,0,51,0,16,60,0,76,32,0,32,108
11/09/2017,BDR,CT,ANE,EN,Federal Contract Tower,0,11,12,0,23,0,1,41,0,42,0,12,53,0,65,60,0,60,125
11/10/2017,BDR,CT,ANE,EN,Federal Contract Tower,0,6,9,0,15,0,5,11,0,16,0,11,20,0,31,0,0,0,31
11/11/2017,BDR,CT,ANE,EN,Federal Contract Tower,0,2,8,0,10,0,2,64,2,68,0,4,72,2,78,104,0,104,182
11/12/2017,BDR,CT,ANE,EN,Federal Contract Tower,0,6,15,0,21,0,4,62,0,66,0,10,77,0,87,98,0,98,185
11/13/2017,BDR,CT,ANE,EN,Federal Contract Tower,0,6,9,0,15,0,0,26,0,26,0,6,35,0,41,32,0,32,73
11/14/2017,BDR,CT,ANE,EN,Federal Contract Tower,0,14,13,0,27,0,0,32,0,32,0,14,45,0,59,32,0,32,91
11/15/2017,BDR,CT,ANE,EN,Federal Contract Tower,0,10,14,0,24,0,1,59,0,60,0,11,73,0,84,142,0,142,226
11/16/2017,BDR,CT,ANE,EN,Federal Contract Tower,0,10,14,0,24,0,0,25,0,25,0,10,39,0,49,0,0,0,49
11/17/2017,BDR,CT,ANE,EN,Federal Contract Tower,0,12,2,0,14,0,1,34,0,35,0,13,36,0,49,60,2,62,111
11/18/2017,BDR,CT,ANE,EN,Federal Contract Tower,0,4,15,0,19,0,2,37,0,39,0,6,52,0,58,28,0,28,86
11/19/2017,BDR,CT,ANE,EN,Federal Contract Tower,0,8,4,0,12,0,0,3,0,3,0,8,7,0,15,0,0,0,15
11/20/2017,BDR,CT,ANE,EN,Federal Contract Tower,0,10,10,0,20,0,0,45,0,45,0,10,55,0,65,70,10,80,145
11/21/2017,BDR,CT,ANE,EN,Federal Contract Tower,0,7,15,0,22,0,0,68,0,68,0,7,83,0,90,120,0,120,210
11/22/2017,BDR,CT,ANE,EN,Federal Contract Tower,0,7,15,0,22,0,0,12,0,12,0,7,27,0,34,18,0,18,52
11/23/2017,BDR,CT,ANE,EN,Federal Contract Tower,0,3,6,0,9,0,0,30,0,30,0,3,36,0,39,20,0,20,59
11/24/2017,BDR,CT,ANE,EN,Federal Contract Tower,0,3,1,0,4,0,0,61,0,61,0,3,62,0,65,30,0,30,95
11/25/2017,BDR,CT,ANE,EN,Federal Contract Tower,0,4,9,0,13,0,0,101,0,101,0,4,110,0,114,104,0,104,218
11/26/2017,BDR,CT,ANE,EN,Federal Contract Tower,0,10,9,0,19,0,0,68,0,68,0,10,77,0,87,44,0,44,131
11/27/2017,BDR,CT,ANE,EN,Federal Contract Tower,0,5,8,0,13,0,3,32,0,35,0,8,40,0,48,82,0,82,130
11/28/2017,BDR,CT,ANE,EN,Federal Contract Tower,0,5,7,0,12,0,2,57,0,59,0,7,64,0,71,66,0,66,137
11/29/2017,BDR,CT,ANE,EN,Federal Contract Tower,0,5,2,0,7,0,1,56,2,59,0,6,58,2,66,86,2,88,154
11/30/2017,BDR,CT,ANE,EN,Federal Contract Tower,0,2,11,0,13,0,0,42,0,42,0,2,53,0,55,46,0,46,101
12/01/2017,BDR,CT,ANE,EN,Federal Contract Tower,0,9,8,0,17,0,0,62,0,62,0,9,70,0,79,54,0,54,133
12/02/2017,BDR,CT,ANE,EN,Federal Contract Tower,0,1,1,0,2,0,0,74,0,74,0,1,75,0,76,54,2,56,132
12/03/2017,BDR,CT,ANE,EN,Federal Contract Tower,0,9,15,0,24,0,0,62,0,62,0,9,77,0,86,112,0,112,198
12/04/2017,BDR,CT,ANE,EN,Federal Contract Tower,0,13,11,0,24,0,0,44,0,44,0,13,55,0,68,48,0,48,116
12/05/2017,BDR,CT,ANE,EN,Federal Contract Tower,0,5,14,1,20,0,0,14,0,14,0,5,28,1,34,0,0,0,34
12/06/2017,BDR,CT,ANE,EN,Federal Contract Tower,0,7,7,0,14,0,1,21,2,24,0,8,28,2,38,18,6,24,62
12/07/2017,BDR,CT,ANE,EN,Federal Contract Tower,0,8,10,0,18,0,0,43,2,45,0,8,53,2,63,64,4,68,131
12/08/2017,BDR,CT,ANE,EN,Federal Contract Tower,0,5,10,0,15,0,0,39,2,41,0,5,49,2,56,28,0,28,84
12/09/2017,BDR,CT,ANE,EN,Federal Contract Tower,0,0,0,0,0,0,0,0,0,0,0,0,0,0,0,0,0,0,0
12/10/2017,BDR,CT,ANE,EN,Federal Contract Tower,0,1,1,0,2,0,0,29,0,29,0,1,30,0,31,26,0,26,57
12/11/2017,BDR,CT,ANE,EN,Federal Contract Tower,0,4,4,0,8,0,0,50,1,51,0,4,54,1,59,28,0,28,87
12/12/2017,BDR,CT,ANE,EN,Federal Contract Tower,0,9,10,0,19,0,0,13,0,13,0,9,23,0,32,0,0,0,32
12/13/2017,BDR,CT,ANE,EN,Federal Contract Tower,0,15,2,0,17,0,0,10,2,12,0,15,12,2,29,0,8,8,37
12/14/2017,BDR,CT,ANE,EN,Federal Contract Tower,0,9,0,0,9,0,0,30,0,30,0,9,30,0,39,0,0,0,39
12/15/2017,BDR,CT,ANE,EN,Federal Contract Tower,0,12,7,0,19,0,1,26,0,27,0,13,33,0,46,22,0,22,68
12/16/2017,BDR,CT,ANE,EN,Federal Contract Tower,0,6,3,0,9,0,0,19,0,19,0,6,22,0,28,10,0,10,38
12/17/2017,BDR,CT,ANE,EN,Federal Contract Tower,0,5,7,0,12,0,0,40,0,40,0,5,47,0,52,38,0,38,90
12/18/2017,BDR,CT,ANE,EN,Federal Contract Tower,0,3,4,0,7,0,0,21,0,21,0,3,25,0,28,8,0,8,36
12/19/2017,BDR,CT,ANE,EN,Federal Contract Tower,0,8,12,0,20,0,1,73,0,74,0,9,85,0,94,178,0,178,272
12/20/2017,BDR,CT,ANE,EN,Federal Contract Tower,0,6,9,0,15,0,0,33,0,33,0,6,42,0,48,28,0,28,76
12/21/2017,BDR,CT,ANE,EN,Federal Contract Tower,0,4,17,0,21,0,4,64,0,68,0,8,81,0,89,130,10,140,229
12/22/2017,BDR,CT,ANE,EN,Federal Contract Tower,0,6,9,0,15,0,1,15,0,16,0,7,24,0,31,2,0,2,33
12/23/2017,BDR,CT,ANE,EN,Federal Contract Tower,0,4,3,0,7,0,0,0,0,0,0,4,3,0,7,0,0,0,7
12/24/2017,BDR,CT,ANE,EN,Federal Contract Tower,0,4,3,0,7,0,1,45,0,46,0,5,48,0,53,40,0,40,93
12/25/2017,BDR,CT,ANE,EN,Federal Contract Tower,0,3,4,0,7,0,0,4,0,4,0,3,8,0,11,0,0,0,11
12/26/2017,BDR,CT,ANE,EN,Federal Contract Tower,0,4,14,0,18,0,3,49,0,52,0,7,63,0,70,94,0,94,164
12/27/2017,BDR,CT,ANE,EN,Federal Contract Tower,0,5,4,0,9,0,0,24,0,24,0,5,28,0,33,6,0,6,39
12/28/2017,BDR,CT,ANE,EN,Federal Contract Tower,0,6,4,0,10,0,0,26,0,26,0,6,30,0,36,36,0,36,72
12/29/2017,BDR,CT,ANE,EN,Federal Contract Tower,0,7,8,0,15,0,0,44,0,44,0,7,52,0,59,20,0,20,79
12/30/2017,BDR,CT,ANE,EN,Federal Contract Tower,0,0,0,0,0,0,0,0,0,0,0,0,0,0,0,0,0,0,0
12/31/2017,BDR,CT,ANE,EN,Federal Contract Tower,0,2,2,0,4,0,0,17,0,17,0,2,19,0,21,6,0,6,27
01/02/2018,BDR,CT,ANE,EN,Federal Contract Tower,0,7,11,0,18,0,1,59,0,60,0,8,70,0,78,56,0,56,134
01/03/2018,BDR,CT,ANE,EN,Federal Contract Tower,0,11,4,0,15,0,0,59,0,59,0,11,63,0,74,84,0,84,158
01/04/2018,BDR,CT,ANE,EN,Federal Contract Tower,0,0,0,0,0,0,0,0,0,0,0,0,0,0,0,0,0,0,0
01/05/2018,BDR,CT,ANE,EN,Federal Contract Tower,0,2,2,0,4,0,0,2,0,2,0,2,4,0,6,0,0,0,6
01/06/2018,BDR,CT,ANE,EN,Federal Contract Tower,0,3,7,0,10,0,0,4,0,4,0,3,11,0,14,0,0,0,14
01/07/2018,BDR,CT,ANE,EN,Federal Contract Tower,0,6,5,0,11,0,0,31,0,31,0,6,36,0,42,10,0,10,52
01/08/2018,BDR,CT,ANE,EN,Federal Contract Tower,0,1,6,0,7,0,0,9,0,9,0,1,15,0,16,34,0,34,50
01/09/2018,BDR,CT,ANE,EN,Federal Contract Tower,0,8,11,0,19,0,0,50,0,50,0,8,61,0,69,32,0,32,101
01/10/2018,BDR,CT,ANE,EN,Federal Contract Tower,0,14,5,0,19,0,3,48,0,51,0,17,53,0,70,60,0,60,130
01/11/2018,BDR,CT,ANE,EN,Federal Contract Tower,0,10,12,0,22,0,0,16,0,16,0,10,28,0,38,8,0,8,46
01/12/2018,BDR,CT,ANE,EN,Federal Contract Tower,0,3,1,0,4,0,0,0,0,0,0,3,1,0,4,0,0,0,4
01/13/2018,BDR,CT,ANE,EN,Federal Contract Tower,0,1,3,0,4,0,0,18,2,20,0,1,21,2,24,2,0,2,26
01/15/2018,BDR,CT,ANE,EN,Federal Contract Tower,0,1,12,4,17,0,0,27,0,27,0,1,39,4,44,30,0,30,74
01/16/2018,BDR,CT,ANE,EN,Federal Contract Tower,0,10,10,0,20,0,0,36,0,36,0,10,46,0,56,58,0,58,114
01/17/2018,BDR,CT,ANE,EN,Federal Contract Tower,0,6,5,0,11,0,0,0,0,0,0,6,5,0,11,0,0,0,11
01/18/2018,BDR,CT,ANE,EN,Federal Contract Tower,0,15,13,0,28,0,0,34,0,34,0,15,47,0,62,56,0,56,118
01/19/2018,BDR,CT,ANE,EN,Federal Contract Tower,0,11,6,0,17,0,1,56,0,57,0,12,62,0,74,148,0,148,222
01/20/2018,BDR,CT,ANE,EN,Federal Contract Tower,0,2,5,0,7,0,0,57,0,57,0,2,62,0,64,88,0,88,152
01/21/2018,BDR,CT,ANE,EN,Federal Contract Tower,0,8,10,0,18,0,2,65,1,68,0,10,75,1,86,102,0,102,188
01/22/2018,BDR,CT,ANE,EN,Federal Contract Tower,0,3,6,0,9,0,0,0,0,0,0,3,6,0,9,0,0,0,9
01/23/2018,BDR,CT,ANE,EN,Federal Contract Tower,0,3,11,0,14,0,0,1,0,1,0,3,12,0,15,0,0,0,15
01/25/2018,BDR,CT,ANE,EN,Federal Contract Tower,0,9,4,0,13,0,0,53,1,54,0,9,57,1,67,48,0,48,115
01/26/2018,BDR,CT,ANE,EN,Federal Contract Tower,0,8,1,0,9,0,1,52,1,54,0,9,53,1,63,136,0,136,199
01/27/2018,BDR,CT,ANE,EN,Federal Contract Tower,0,4,9,0,13,0,0,86,0,86,0,4,95,0,99,178,0,178,277
01/28/2018,BDR,CT,ANE,EN,Federal Contract Tower,0,7,6,0,13,0,1,5,0,6,0,8,11,0,19,4,0,4,23
01/29/2018,BDR,CT,ANE,EN,Federal Contract Tower,0,3,4,0,7,0,0,30,2,32,0,3,34,2,39,28,0,28,67
01/30/2018,BDR,CT,ANE,EN,Federal Contract Tower,0,3,5,0,8,0,0,20,0,20,0,3,25,0,28,22,0,22,50
01/31/2018,BDR,CT,ANE,EN,Federal Contract Tower,0,5,9,0,14,0,0,53,0,53,0,5,62,0,67,84,0,84,151
02/01/2018,BDR,CT,ANE,EN,Federal Contract Tower,0,6,8,0,14,0,0,51,0,51,0,6,59,0,65,90,0,90,155
02/02/2018,BDR,CT,ANE,EN,Federal Contract Tower,0,4,2,0,6,0,0,6,0,6,0,4,8,0,12,0,0,0,12
02/03/2018,BDR,CT,ANE,EN,Federal Contract Tower,0,5,5,0,10,0,0,58,0,58,0,5,63,0,68,102,0,102,170
02/04/2018,BDR,CT,ANE,EN,Federal Contract Tower,0,4,2,0,6,0,0,34,0,34,0,4,36,0,40,118,0,118,158
02/05/2018,BDR,CT,ANE,EN,Federal Contract Tower,0,1,3,0,4,0,0,22,0,22,0,1,25,0,26,112,0,112,138
02/06/2018,BDR,CT,ANE,EN,Federal Contract Tower,0,10,8,0,18,0,0,74,0,74,0,10,82,0,92,162,0,162,254
02/07/2018,BDR,CT,ANE,EN,Federal Contract Tower,0,2,3,0,5,0,0,1,0,1,0,2,4,0,6,0,0,0,6
02/08/2018,BDR,CT,ANE,EN,Federal Contract Tower,0,6,5,0,11,0,0,53,0,53,0,6,58,0,64,92,0,92,156
02/09/2018,BDR,CT,ANE,EN,Federal Contract Tower,0,11,11,0,22,0,0,39,0,39,0,11,50,0,61,79,0,79,140
02/10/2018,BDR,CT,ANE,EN,Federal Contract Tower,0,4,8,0,12,0,0,33,0,33,0,4,41,0,45,94,0,94,139
02/11/2018,BDR,CT,ANE,EN,Federal Contract Tower,0,1,13,0,14,0,0,0,0,0,0,1,13,0,14,0,0,0,14
02/12/2018,BDR,CT,ANE,EN,Federal Contract Tower,0,6,16,0,22,0,0,29,3,32,0,6,45,3,54,32,0,32,86
02/13/2018,BDR,CT,ANE,EN,Federal Contract Tower,0,5,14,0,19,0,1,76,0,77,0,6,90,0,96,146,0,146,242
02/14/2018,BDR,CT,ANE,EN,Federal Contract Tower,0,6,6,0,12,0,0,66,0,66,0,6,72,0,78,92,0,92,170
02/15/2018,BDR,CT,ANE,EN,Federal Contract Tower,0,12,10,0,22,0,0,2,0,2,0,12,12,0,24,0,0,0,24
02/16/2018,BDR,CT,ANE,EN,Federal Contract Tower,0,6,4,0,10,0,0,8,0,8,0,6,12,0,18,6,0,6,24
02/17/2018,BDR,CT,ANE,EN,Federal Contract Tower,0,3,1,0,4,0,0,73,0,73,0,3,74,0,77,186,0,186,263
02/18/2018,BDR,CT,ANE,EN,Federal Contract Tower,0,5,2,0,7,0,0,64,0,64,0,5,66,0,71,104,0,104,175
02/19/2018,BDR,CT,ANE,EN,Federal Contract Tower,0,8,10,0,18,0,0,57,0,57,0,8,67,0,75,152,0,152,227
02/20/2018,BDR,CT,ANE,EN,Federal Contract Tower,0,11,9,0,20,0,1,34,0,35,0,12,43,0,55,110,0,110,165
02/21/2018,BDR,CT,ANE,EN,Federal Contract Tower,0,2,10,0,12,0,0,47,0,47,0,2,57,0,59,84,0,84,143
02/22/2018,BDR,CT,ANE,EN,Federal Contract Tower,0,6,9,0,15,0,0,18,2,20,0,6,27,2,35,18,18,36,71
02/23/2018,BDR,CT,ANE,EN,Federal Contract Tower,0,9,5,0,14,0,0,0,0,0,0,9,5,0,14,0,0,0,14
02/24/2018,BDR,CT,ANE,EN,Federal Contract Tower,0,3,7,0,10,0,61,2,0,63,0,64,9,0,73,142,0,142,215
02/25/2018,BDR,CT,ANE,EN,Federal Contract Tower,0,7,11,0,18,0,0,0,0,0,0,7,11,0,18,0,0,0,18
02/26/2018,BDR,CT,ANE,EN,Federal Contract Tower,0,5,7,0,12,0,0,33,0,33,0,5,40,0,45,46,0,46,91
02/27/2018,BDR,CT,ANE,EN,Federal Contract Tower,0,10,16,0,26,0,0,94,0,94,0,10,110,0,120,196,2,198,318
02/28/2018,BDR,CT,ANE,EN,Federal Contract Tower,0,7,17,0,24,0,0,63,0,63,0,7,80,0,87,140,0,140,227
03/01/2018,BDR,CT,ANE,EN,Federal Contract Tower,0,8,6,0,14,0,3,72,0,75,0,11,78,0,89,146,0,146,235
03/02/2018,BDR,CT,ANE,EN,Federal Contract Tower,0,3,0,0,3,0,0,0,0,0,0,3,0,0,3,0,0,0,3
03/03/2018,BDR,CT,ANE,EN,Federal Contract Tower,0,3,2,0,5,0,1,0,0,1,0,4,2,0,6,0,0,0,6
03/04/2018,BDR,CT,ANE,EN,Federal Contract Tower,0,0,2,0,2,0,0,31,0,31,0,0,33,0,33,76,0,76,109
03/05/2018,BDR,CT,ANE,EN,Federal Contract Tower,0,4,6,0,10,0,0,34,0,34,0,4,40,0,44,52,0,52,96
03/06/2018,BDR,CT,ANE,EN,Federal Contract Tower,0,5,10,0,15,0,1,79,0,80,0,6,89,0,95,204,0,204,299
03/07/2018,BDR,CT,ANE,EN,Federal Contract Tower,0,0,1,0,1,0,0,0,0,0,0,0,1,0,1,0,0,0,1
03/08/2018,BDR,CT,ANE,EN,Federal Contract Tower,0,2,6,0,8,0,0,20,0,20,0,2,26,0,28,30,0,30,58
03/09/2018,BDR,CT,ANE,EN,Federal Contract Tower,0,9,6,0,15,0,0,35,0,35,0,9,41,0,50,64,0,64,114
03/10/2018,BDR,CT,ANE,EN,Federal Contract Tower,0,8,16,0,24,0,0,47,0,47,0,8,63,0,71,114,0,114,185
03/11/2018,BDR,CT,ANE,EN,Federal Contract Tower,0,7,4,0,11,0,0,73,0,73,0,7,77,0,84,126,0,126,210
03/12/2018,BDR,CT,ANE,EN,Federal Contract Tower,0,12,14,0,26,0,0,34,0,34,0,12,48,0,60,90,0,90,150
03/13/2018,BDR,CT,ANE,EN,Federal Contract Tower,0,5,2,0,7,0,0,3,0,3,0,5,5,0,10,0,0,0,10
03/14/2018,BDR,CT,ANE,EN,Federal Contract Tower,0,7,10,0,17,0,0,22,0,22,0,7,32,0,39,20,0,20,59
03/15/2018,BDR,CT,ANE,EN,Federal Contract Tower,0,9,8,0,17,0,4,63,0,67,0,13,71,0,84,88,0,88,172
03/16/2018,BDR,CT,ANE,EN,Federal Contract Tower,0,10,6,0,16,0,2,12,0,14,0,12,18,0,30,28,0,28,58
03/17/2018,BDR,CT,ANE,EN,Federal Contract Tower,0,6,6,0,12,0,0,34,0,34,0,6,40,0,46,80,0,80,126
03/18/2018,BDR,CT,ANE,EN,Federal Contract Tower,0,11,12,0,23,0,2,59,0,61,0,13,71,0,84,70,0,70,154
03/19/2018,BDR,CT,ANE,EN,Federal Contract Tower,0,5,9,0,14,0,2,59,0,61,0,7,68,0,75,48,0,48,123
03/20/2018,BDR,CT,ANE,EN,Federal Contract Tower,0,16,9,0,25,0,0,73,0,73,0,16,82,0,98,172,0,172,270
03/21/2018,BDR,CT,ANE,EN,Federal Contract Tower,0,0,0,0,0,0,0,0,0,0,0,0,0,0,0,0,0,0,0
03/22/2018,BDR,CT,ANE,EN,Federal Contract Tower,0,6,5,0,11,0,1,34,3,38,0,7,39,3,49,0,0,0,49
03/23/2018,BDR,CT,ANE,EN,Federal Contract Tower,0,12,9,0,21,0,0,46,0,46,0,12,55,0,67,114,0,114,181
03/24/2018,BDR,CT,ANE,EN,Federal Contract Tower,0,3,8,0,11,0,3,73,0,76,0,6,81,0,87,120,0,120,207
03/26/2018,BDR,CT,ANE,EN,Federal Contract Tower,0,7,13,0,20,0,0,56,1,57,0,7,69,1,77,60,0,60,137
03/27/2018,BDR,CT,ANE,EN,Federal Contract Tower,0,13,7,0,20,0,2,55,0,57,0,15,62,0,77,142,0,142,219
03/28/2018,BDR,CT,ANE,EN,Federal Contract Tower,0,8,12,0,20,0,0,48,0,48,0,8,60,0,68,56,0,56,124
03/29/2018,BDR,CT,ANE,EN,Federal Contract Tower,0,21,12,2,35,0,0,9,0,9,0,21,21,2,44,2,0,2,46
03/30/2018,BDR,CT,ANE,EN,Federal Contract Tower,0,7,5,0,12,0,0,0,0,0,0,7,5,0,12,0,0,0,12
03/31/2018,BDR,CT,ANE,EN,Federal Contract Tower,0,3,3,0,6,0,0,98,0,98,0,3,101,0,104,180,0,180,284
04/01/2018,BDR,CT,ANE,EN,Federal Contract Tower,0,6,2,0,8,0,0,36,0,36,0,6,38,0,44,46,0,46,90
04/02/2018,BDR,CT,ANE,EN,Federal Contract Tower,0,8,15,0,23,0,0,35,0,35,0,8,50,0,58,62,0,62,120
04/03/2018,BDR,CT,ANE,EN,Federal Contract Tower,0,9,6,0,15,0,0,3,1,4,0,9,9,1,19,0,0,0,19
04/04/2018,BDR,CT,ANE,EN,Federal Contract Tower,0,1,4,0,5,0,0,1,0,1,0,1,5,0,6,0,0,0,6
04/05/2018,BDR,CT,ANE,EN,Federal Contract Tower,0,29,6,0,35,0,2,38,0,40,0,31,44,0,75,8,0,8,83
04/06/2018,BDR,CT,ANE,EN,Federal Contract Tower,0,4,3,0,7,0,0,15,0,15,0,4,18,0,22,60,0,60,82
04/07/2018,BDR,CT,ANE,EN,Federal Contract Tower,0,2,2,0,4,0,0,43,0,43,0,2,45,0,47,146,0,146,193
04/08/2018,BDR,CT,ANE,EN,Federal Contract Tower,0,4,7,0,11,0,0,76,0,76,0,4,83,0,87,94,0,94,181
04/09/2018,BDR,CT,ANE,EN,Federal Contract Tower,0,4,6,0,10,0,1,45,0,46,0,5,51,0,56,90,0,90,146
04/10/2018,BDR,CT,ANE,EN,Federal Contract Tower,0,18,2,0,20,0,1,19,0,20,0,19,21,0,40,66,0,66,106
04/11/2018,BDR,CT,ANE,EN,Federal Contract Tower,0,15,19,0,34,0,0,55,0,55,0,15,74,0,89,88,0,88,177
04/12/2018,BDR,CT,ANE,EN,Federal Contract Tower,0,19,6,0,25,0,0,31,0,31,0,19,37,0,56,16,0,16,72
04/13/2018,BDR,CT,ANE,EN,Federal Contract Tower,0,8,14,0,22,0,4,57,0,61,0,12,71,0,83,130,0,130,213
04/14/2018,BDR,CT,ANE,EN,Federal Contract Tower,0,6,15,0,21,0,1,68,0,69,0,7,83,0,90,136,0,136,226
04/15/2018,BDR,CT,ANE,EN,Federal Contract Tower,0,3,5,0,8,0,0,4,0,4,0,3,9,0,12,0,0,0,12
04/16/2018,BDR,CT,ANE,EN,Federal Contract Tower,0,4,1,0,5,0,0,0,0,0,0,4,1,0,5,0,0,0,5
04/17/2018,BDR,CT,ANE,EN,Federal Contract Tower,0,8,11,0,19,0,0,52,0,52,0,8,63,0,71,48,0,48,119
04/18/2018,BDR,CT,ANE,EN,Federal Contract Tower,0,7,10,0,17,0,1,37,0,38,0,8,47,0,55,114,0,114,169
04/19/2018,BDR,CT,ANE,EN,Federal Contract Tower,0,11,7,0,18,0,0,4,0,4,0,11,11,0,22,6,0,6,28
04/20/2018,BDR,CT,ANE,EN,Federal Contract Tower,0,15,0,0,15,0,0,48,2,50,0,15,48,2,65,62,0,62,127
04/21/2018,BDR,CT,ANE,EN,Federal Contract Tower,0,2,8,0,10,0,1,87,0,88,0,3,95,0,98,130,0,130,228
04/22/2018,BDR,CT,ANE,EN,Federal Contract Tower,0,4,2,0,6,0,3,76,0,79,0,7,78,0,85,76,0,76,161
04/23/2018,BDR,CT,ANE,EN,Federal Contract Tower,0,10,10,0,20,0,0,91,0,91,0,10,101,0,111,184,0,184,295
04/24/2018,BDR,CT,ANE,EN,Federal Contract Tower,0,7,7,4,18,0,3,56,0,59,0,10,63,4,77,174,0,174,251
04/25/2018,BDR,CT,ANE,EN,Federal Contract Tower,0,3,13,0,16,0,0,0,0,0,0,3,13,0,16,0,0,0,16
04/26/2018,BDR,CT,ANE,EN,Federal Contract Tower,0,5,10,0,15,0,0,77,0,77,0,5,87,0,92,108,0,108,200
04/27/2018,BDR,CT,ANE,EN,Federal Contract Tower,0,10,7,0,17,0,0,9,0,9,0,10,16,0,26,18,0,18,44
04/28/2018,BDR,CT,ANE,EN,Federal Contract Tower,0,1,9,0,10,0,0,37,0,37,0,1,46,0,47,38,0,38,85
04/29/2018,BDR,CT,ANE,EN,Federal Contract Tower,0,4,7,0,11,0,1,79,0,80,0,5,86,0,91,102,0,102,193
04/30/2018,BDR,CT,ANE,EN,Federal Contract Tower,0,9,15,0,24,0,0,24,0,24,0,9,39,0,48,112,0,112,160
05/01/2018,BDR,CT,ANE,EN,Federal Contract Tower,0,10,10,0,20,0,1,73,0,74,0,11,83,0,94,216,0,216,310
05/02/2018,BDR,CT,ANE,EN,Federal Contract Tower,0,7,13,0,20,0,8,73,0,81,0,15,86,0,101,200,0,200,301
05/03/2018,BDR,CT,ANE,EN,Federal Contract Tower,0,8,13,0,21,0,0,99,0,99,0,8,112,0,120,144,0,144,264
05/04/2018,BDR,CT,ANE,EN,Federal Contract Tower,0,14,8,0,22,0,1,37,0,38,0,15,45,0,60,38,0,38,98
05/05/2018,BDR,CT,ANE,EN,Federal Contract Tower,0,4,10,0,14,0,0,96,0,96,0,4,106,0,110,142,0,142,252
05/06/2018,BDR,CT,ANE,EN,Federal Contract Tower,0,11,4,0,15,0,1,45,0,46,0,12,49,0,61,82,0,82,143
05/07/2018,BDR,CT,ANE,EN,Federal Contract Tower,0,3,5,0,8,0,1,62,0,63,0,4,67,0,71,102,0,102,173
05/08/2018,BDR,CT,ANE,EN,Federal Contract Tower,0,4,10,0,14,0,1,89,0,90,0,5,99,0,104,170,0,170,274
05/09/2018,BDR,CT,ANE,EN,Federal Contract Tower,0,5,11,0,16,0,1,45,2,48,0,6,56,2,64,152,2,154,218
05/10/2018,BDR,CT,ANE,EN,Federal Contract Tower,0,13,14,0,27,0,0,27,0,27,0,13,41,0,54,76,0,76,130
05/11/2018,BDR,CT,ANE,EN,Federal Contract Tower,0,10,18,0,28,0,2,102,0,104,0,12,120,0,132,180,0,180,312
05/12/2018,BDR,CT,ANE,EN,Federal Contract Tower,0,6,11,0,17,0,0,14,0,14,0,6,25,0,31,42,0,42,73
05/13/2018,BDR,CT,ANE,EN,Federal Contract Tower,0,9,23,0,32,0,0,2,0,2,0,9,25,0,34,0,0,0,34
05/14/2018,BDR,CT,ANE,EN,Federal Contract Tower,0,11,33,0,44,0,0,30,0,30,0,11,63,0,74,58,0,58,132
05/15/2018,BDR,CT,ANE,EN,Federal Contract Tower,0,0,13,0,13,0,2,12,2,16,0,2,25,2,29,26,0,26,55
05/16/2018,BDR,CT,ANE,EN,Federal Contract Tower,0,6,20,0,26,0,9,0,0,9,0,15,20,0,35,2,0,2,37
05/17/2018,BDR,CT,ANE,EN,Federal Contract Tower,0,21,16,0,37,0,0,30,0,30,0,21,46,0,67,14,0,14,81
05/18/2018,BDR,CT,ANE,EN,Federal Contract Tower,0,9,11,2,22,0,0,32,4,36,0,9,43,6,58,44,0,44,102
05/19/2018,BDR,CT,ANE,EN,Federal Contract Tower,0,4,13,0,17,0,0,2,0,2,0,4,15,0,19,0,0,0,19
05/20/2018,BDR,CT,ANE,EN,Federal Contract Tower,0,6,14,0,20,0,0,37,0,37,0,6,51,0,57,60,0,60,117
05/21/2018,BDR,CT,ANE,EN,Federal Contract Tower,0,10,5,0,15,0,1,63,1,65,0,11,68,1,80,76,2,78,158
05/22/2018,BDR,CT,ANE,EN,Federal Contract Tower,0,6,10,0,16,0,9,26,0,35,0,15,36,0,51,88,0,88,139
05/23/2018,BDR,CT,ANE,EN,Federal Contract Tower,0,12,9,0,21,0,0,52,0,52,0,12,61,0,73,82,0,82,155
05/24/2018,BDR,CT,ANE,EN,Federal Contract Tower,0,6,7,0,13,0,4,77,4,85,0,10,84,4,98,108,8,116,214
05/25/2018,BDR,CT,ANE,EN,Federal Contract Tower,0,5,6,0,11,0,1,74,0,75,0,6,80,0,86,124,0,124,210
05/26/2018,BDR,CT,ANE,EN,Federal Contract Tower,0,1,4,0,5,0,2,98,0,100,0,3,102,0,105,144,0,144,249
05/27/2018,BDR,CT,ANE,EN,Federal Contract Tower,0,7,13,0,20,0,0,1,0,1,0,7,14,0,21,0,0,0,21
05/28/2018,BDR,CT,ANE,EN,Federal Contract Tower,0,9,22,0,31,0,1,76,0,77,0,10,98,0,108,80,0,80,188
05/29/2018,BDR,CT,ANE,EN,Federal Contract Tower,0,7,11,0,18,0,0,83,0,83,0,7,94,0,101,118,2,120,221
05/30/2018,BDR,CT,ANE,EN,Federal Contract Tower,0,3,16,0,19,0,0,33,4,37,0,3,49,4,56,66,0,66,122
05/31/2018,BDR,CT,ANE,EN,Federal Contract Tower,0,18,6,2,26,0,0,6,0,6,0,18,12,2,32,0,0,0,32
06/01/2018,BDR,CT,ANE,EN,Federal Contract Tower,0,5,16,0,21,0,0,1,0,1,0,5,17,0,22,0,0,0,22
06/02/2018,BDR,CT,ANE,EN,Federal Contract Tower,0,4,7,0,11,0,0,50,0,50,0,4,57,0,61,74,0,74,135
06/03/2018,BDR,CT,ANE,EN,Federal Contract Tower,0,2,7,0,9,0,0,40,0,40,0,2,47,0,49,34,0,34,83
06/04/2018,BDR,CT,ANE,EN,Federal Contract Tower,0,6,16,0,22,0,0,16,0,16,0,6,32,0,38,42,0,42,80
06/05/2018,BDR,CT,ANE,EN,Federal Contract Tower,0,7,9,0,16,0,1,38,3,42,0,8,47,3,58,68,2,70,128
06/06/2018,BDR,CT,ANE,EN,Federal Contract Tower,0,10,19,0,29,0,0,71,0,71,0,10,90,0,100,188,0,188,288
06/07/2018,BDR,CT,ANE,EN,Federal Contract Tower,0,5,17,0,22,0,0,77,0,77,0,5,94,0,99,186,2,188,287
06/08/2018,BDR,CT,ANE,EN,Federal Contract Tower,0,9,7,0,16,0,5,74,0,79,0,14,81,0,95,64,0,64,159
06/09/2018,BDR,CT,ANE,EN,Federal Contract Tower,0,6,3,0,9,0,1,81,0,82,0,7,84,0,91,114,0,114,205
06/10/2018,BDR,CT,ANE,EN,Federal Contract Tower,0,2,4,0,6,0,1,85,0,86,0,3,89,0,92,156,0,156,248
06/11/2018,BDR,CT,ANE,EN,Federal Contract Tower,0,6,9,0,15,0,0,88,0,88,0,6,97,0,103,146,0,146,249
06/12/2018,BDR,CT,ANE,EN,Federal Contract Tower,0,11,13,0,24,0,2,84,0,86,0,13,97,0,110,138,0,138,248
06/13/2018,BDR,CT,ANE,EN,Federal Contract Tower,0,5,13,0,18,0,0,6,0,6,0,5,19,0,24,0,0,0,24
06/14/2018,BDR,CT,ANE,EN,Federal Contract Tower,0,6,5,0,11,0,2,61,0,63,0,8,66,0,74,36,0,36,110
06/15/2018,BDR,CT,ANE,EN,Federal Contract Tower,0,9,17,0,26,0,0,62,0,62,0,9,79,0,88,128,0,128,216
06/16/2018,BDR,CT,ANE,EN,Federal Contract Tower,0,1,10,0,11,0,0,110,0,110,0,1,120,0,121,240,0,240,361
06/17/2018,BDR,CT,ANE,EN,Federal Contract Tower,0,3,6,0,9,0,2,120,0,122,0,5,126,0,131,166,0,166,297
06/18/2018,BDR,CT,ANE,EN,Federal Contract Tower,0,7,6,0,13,0,2,67,0,69,0,9,73,0,82,72,0,72,154
06/19/2018,BDR,CT,ANE,EN,Federal Contract Tower,0,8,10,0,18,0,3,72,2,77,0,11,82,2,95,102,0,102,197
06/20/2018,BDR,CT,ANE,EN,Federal Contract Tower,0,11,6,0,17,0,0,59,0,59,0,11,65,0,76,128,2,130,206
06/21/2018,BDR,CT,ANE,EN,Federal Contract Tower,0,11,15,0,26,0,0,65,0,65,0,11,80,0,91,110,0,110,201
06/22/2018,BDR,CT,ANE,EN,Federal Contract Tower,0,18,8,0,26,0,0,69,0,69,0,18,77,0,95,108,0,108,203
06/23/2018,BDR,CT,ANE,EN,Federal Contract Tower,0,8,9,0,17,0,0,3,0,3,0,8,12,0,20,0,0,0,20
06/24/2018,BDR,CT,ANE,EN,Federal Contract Tower,0,6,25,0,31,0,0,49,0,49,0,6,74,0,80,62,0,62,142
06/25/2018,BDR,CT,ANE,EN,Federal Contract Tower,0,8,13,0,21,0,2,66,0,68,0,10,79,0,89,68,0,68,157
06/26/2018,BDR,CT,ANE,EN,Federal Contract Tower,0,14,13,0,27,0,5,107,0,112,0,19,120,0,139,230,0,230,369
06/27/2018,BDR,CT,ANE,EN,Federal Contract Tower,0,8,15,0,23,0,0,82,0,82,0,8,97,0,105,188,0,188,293
06/28/2018,BDR,CT,ANE,EN,Federal Contract Tower,0,9,15,0,24,0,3,16,0,19,0,12,31,0,43,16,0,16,59
06/29/2018,BDR,CT,ANE,EN,Federal Contract Tower,0,17,19,0,36,0,0,86,0,86,0,17,105,0,122,120,0,120,242
06/30/2018,BDR,CT,ANE,EN,Federal Contract Tower,0,7,9,0,16,0,3,87,0,90,0,10,96,0,106,106,0,106,212
07/01/2018,BDR,CT,ANE,EN,Federal Contract Tower,0,7,10,0,17,0,1,88,0,89,0,8,98,0,106,72,0,72,178
07/02/2018,BDR,CT,ANE,EN,Federal Contract Tower,0,6,7,0,13,0,1,54,0,55,0,7,61,0,68,50,0,50,118
07/03/2018,BDR,CT,ANE,EN,Federal Contract Tower,0,10,14,0,24,0,3,37,0,40,0,13,51,0,64,50,0,50,114
07/04/2018,BDR,CT,ANE,EN,Federal Contract Tower,0,4,10,0,14,0,2,21,0,23,0,6,31,0,37,26,0,26,63
07/05/2018,BDR,CT,ANE,EN,Federal Contract Tower,0,12,12,0,24,0,3,60,0,63,0,15,72,0,87,176,0,176,263
07/06/2018,BDR,CT,ANE,EN,Federal Contract Tower,0,11,6,0,17,0,1,31,0,32,0,12,37,0,49,10,0,10,59
07/07/2018,BDR,CT,ANE,EN,Federal Contract Tower,0,6,13,0,19,0,1,114,0,115,0,7,127,0,134,178,0,178,312
07/08/2018,BDR,CT,ANE,EN,Federal Contract Tower,0,11,8,0,19,0,3,126,0,129,0,14,134,0,148,80,0,80,228
07/09/2018,BDR,CT,ANE,EN,Federal Contract Tower,0,14,11,1,26,0,6,90,2,98,0,20,101,3,124,86,0,86,210
07/10/2018,BDR,CT,ANE,EN,Federal Contract Tower,0,6,12,0,18,0,0,77,0,77,0,6,89,0,95,160,0,160,255
07/11/2018,BDR,CT,ANE,EN,Federal Contract Tower,0,12,10,0,22,0,0,56,0,56,0,12,66,0,78,108,0,108,186
07/12/2018,BDR,CT,ANE,EN,Federal Contract Tower,0,10,9,0,19,0,5,88,0,93,0,15,97,0,112,160,0,160,272
07/13/2018,BDR,CT,ANE,EN,Federal Contract Tower,0,10,6,0,16,0,1,75,0,76,0,11,81,0,92,124,0,124,216
07/14/2018,BDR,CT,ANE,EN,Federal Contract Tower,0,2,9,0,11,0,0,64,0,64,0,2,73,0,75,78,0,78,153
07/15/2018,BDR,CT,ANE,EN,Federal Contract Tower,0,10,5,0,15,0,1,60,0,61,0,11,65,0,76,60,0,60,136
07/16/2018,BDR,CT,ANE,EN,Federal Contract Tower,0,9,7,0,16,0,2,70,0,72,0,11,77,0,88,100,0,100,188
07/17/2018,BDR,CT,ANE,EN,Federal Contract Tower,0,7,13,0,20,0,11,33,0,44,0,18,46,0,64,30,0,30,94
07/18/2018,BDR,CT,ANE,EN,Federal Contract Tower,0,7,13,0,20,0,2,71,0,73,0,9,84,0,93,72,0,72,165
07/19/2018,BDR,CT,ANE,EN,Federal Contract Tower,0,15,10,0,25,0,10,85,0,95,0,25,95,0,120,220,0,220,340
07/20/2018,BDR,CT,ANE,EN,Federal Contract Tower,0,8,11,0,19,0,1,94,2,97,0,9,105,2,116,110,2,112,228
07/21/2018,BDR,CT,ANE,EN,Federal Contract Tower,0,16,11,0,27,0,0,108,0,108,0,16,119,0,135,158,0,158,293
07/22/2018,BDR,CT,ANE,EN,Federal Contract Tower,0,15,26,0,41,0,0,24,0,24,0,15,50,0,65,14,0,14,79
07/23/2018,BDR,CT,ANE,EN,Federal Contract Tower,0,13,14,0,27,0,2,14,0,16,0,15,28,0,43,6,0,6,49
07/24/2018,BDR,CT,ANE,EN,Federal Contract Tower,0,6,11,0,17,0,5,39,0,44,0,11,50,0,61,46,0,46,107
07/25/2018,BDR,CT,ANE,EN,Federal Contract Tower,0,11,14,0,25,0,0,8,0,8,0,11,22,0,33,0,0,0,33
07/26/2018,BDR,CT,ANE,EN,Federal Contract Tower,0,15,19,0,34,0,1,45,0,46,0,16,64,0,80,72,0,72,152
07/27/2018,BDR,CT,ANE,EN,Federal Contract Tower,0,8,16,0,24,0,0,80,0,80,0,8,96,0,104,126,0,126,230
07/28/2018,BDR,CT,ANE,EN,Federal Contract Tower,0,3,10,0,13,0,0,65,0,65,0,3,75,0,78,120,0,120,198
07/29/2018,BDR,CT,ANE,EN,Federal Contract Tower,0,5,12,0,17,0,1,115,0,116,0,6,127,0,133,160,0,160,293
07/30/2018,BDR,CT,ANE,EN,Federal Contract Tower,0,7,8,0,15,0,1,80,0,81,0,8,88,0,96,96,2,98,194
07/31/2018,BDR,CT,ANE,EN,Federal Contract Tower,0,13,13,0,26,0,3,67,0,70,0,16,80,0,96,108,0,108,204
08/01/2018,BDR,CT,ANE,EN,Federal Contract Tower,0,9,26,0,35,0,0,10,0,10,0,9,36,0,45,34,0,34,79
08/02/2018,BDR,CT,ANE,EN,Federal Contract Tower,0,15,12,0,27,0,0,71,0,71,0,15,83,0,98,66,0,66,164
08/03/2018,BDR,CT,ANE,EN,Federal Contract Tower,0,13,22,0,35,0,2,77,0,79,0,15,99,0,114,62,0,62,176
08/04/2018,BDR,CT,ANE,EN,Federal Contract Tower,0,6,8,0,14,0,0,28,0,28,0,6,36,0,42,64,0,64,106
08/05/2018,BDR,CT,ANE,EN,Federal Contract Tower,0,9,11,0,20,0,1,80,0,81,0,10,91,0,101,110,0,110,211
08/06/2018,BDR,CT,ANE,EN,Federal Contract Tower,0,2,10,0,12,0,5,86,0,91,0,7,96,0,103,116,0,116,219
08/07/2018,BDR,CT,ANE,EN,Federal Contract Tower,0,13,17,0,30,0,5,76,0,81,0,18,93,0,111,16,0,16,127
08/08/2018,BDR,CT,ANE,EN,Federal Contract Tower,0,17,11,0,28,0,3,64,0,67,0,20,75,0,95,126,0,126,221
08/09/2018,BDR,CT,ANE,EN,Federal Contract Tower,0,10,11,0,21,0,1,77,0,78,0,11,88,0,99,102,0,102,201
08/10/2018,BDR,CT,ANE,EN,Federal Contract Tower,0,6,12,0,18,0,5,87,0,92,0,11,99,0,110,68,0,68,178
08/11/2018,BDR,CT,ANE,EN,Federal Contract Tower,0,12,10,0,22,0,0,4,0,4,0,12,14,0,26,0,0,0,26
08/12/2018,BDR,CT,ANE,EN,Federal Contract Tower,0,11,14,0,25,0,0,43,0,43,0,11,57,0,68,32,0,32,100
08/13/2018,BDR,CT,ANE,EN,Federal Contract Tower,0,5,20,0,25,0,0,1,0,1,0,5,21,0,26,0,0,0,26
08/14/2018,BDR,CT,ANE,EN,Federal Contract Tower,0,10,14,0,24,0,4,38,0,42,0,14,52,0,66,64,0,64,130
08/15/2018,BDR,CT,ANE,EN,Federal Contract Tower,0,6,11,0,17,0,12,72,0,84,0,18,83,0,101,124,6,130,231
08/16/2018,BDR,CT,ANE,EN,Federal Contract Tower,0,6,10,0,16,0,1,70,0,71,0,7,80,0,87,124,0,124,211
08/17/2018,BDR,CT,ANE,EN,Federal Contract Tower,0,7,17,0,24,0,1,67,0,68,0,8,84,0,92,74,0,74,166
08/18/2018,BDR,CT,ANE,EN,Federal Contract Tower,0,10,11,0,21,0,0,36,0,36,0,10,47,0,57,4,0,4,61
08/19/2018,BDR,CT,ANE,EN,Federal Contract Tower,0,7,27,0,34,0,4,38,0,42,0,11,65,0,76,38,0,38,114
08/20/2018,BDR,CT,ANE,EN,Federal Contract Tower,0,5,21,0,26,0,1,56,0,57,0,6,77,0,83,138,0,138,221
08/21/2018,BDR,CT,ANE,EN,Federal Contract Tower,0,19,13,0,32,0,2,67,0,69,0,21,80,0,101,104,0,104,205
08/22/2018,BDR,CT,ANE,EN,Federal Contract Tower,0,8,18,0,26,0,0,39,2,41,0,8,57,2,67,58,2,60,127
08/23/2018,BDR,CT,ANE,EN,Federal Contract Tower,0,11,23,0,34,0,3,81,0,84,0,14,104,0,118,72,0,72,190
08/24/2018,BDR,CT,ANE,EN,Federal Contract Tower,0,13,12,0,25,0,0,92,0,92,0,13,104,0,117,180,0,180,297
08/25/2018,BDR,CT,ANE,EN,Federal Contract Tower,0,5,11,0,16,0,1,106,0,107,0,6,117,0,123,206,0,206,329
08/26/2018,BDR,CT,ANE,EN,Federal Contract Tower,0,4,9,0,13,0,1,130,0,131,0,5,139,0,144,152,0,152,296
08/27/2018,BDR,CT,ANE,EN,Federal Contract Tower,0,3,3,0,6,0,7,57,0,64,0,10,60,0,70,142,0,142,212
08/28/2018,BDR,CT,ANE,EN,Federal Contract Tower,0,9,12,0,21,0,2,74,0,76,0,11,86,0,97,90,0,90,187
08/29/2018,BDR,CT,ANE,EN,Federal Contract Tower,0,7,10,0,17,0,5,76,0,81,0,12,86,0,98,44,0,44,142
08/30/2018,BDR,CT,ANE,EN,Federal Contract Tower,0,7,15,0,22,0,1,80,0,81,0,8,95,0,103,58,2,60,163
08/31/2018,BDR,CT,ANE,EN,Federal Contract Tower,0,8,13,0,21,0,1,52,0,53,0,9,65,0,74,10,0,10,84
09/01/2018,BDR,CT,ANE,EN,Federal Contract Tower,0,3,12,0,15,0,0,71,0,71,0,3,83,0,86,160,0,160,246
09/02/2018,BDR,CT,ANE,EN,Federal Contract Tower,0,0,10,0,10,0,2,61,1,64,0,2,71,1,74,86,0,86,160
09/03/2018,BDR,CT,ANE,EN,Federal Contract Tower,0,10,20,0,30,0,3,79,0,82,0,13,99,0,112,32,0,32,144
09/04/2018,BDR,CT,ANE,EN,Federal Contract Tower,0,7,10,0,17,0,4,75,0,79,0,11,85,0,96,112,0,112,208
09/05/2018,BDR,CT,ANE,EN,Federal Contract Tower,0,10,8,0,18,0,1,63,0,64,0,11,71,0,82,44,0,44,126
09/06/2018,BDR,CT,ANE,EN,Federal Contract Tower,0,5,11,0,16,0,2,35,0,37,0,7,46,0,53,18,0,18,71
09/07/2018,BDR,CT,ANE,EN,Federal Contract Tower,0,10,22,0,32,0,4,69,0,73,0,14,91,0,105,20,2,22,127
09/08/2018,BDR,CT,ANE,EN,Federal Contract Tower,0,4,8,0,12,0,3,79,0,82,0,7,87,0,94,162,0,162,256
09/09/2018,BDR,CT,ANE,EN,Federal Contract Tower,0,14,12,0,26,0,0,60,0,60,0,14,72,0,86,30,0,30,116
09/10/2018,BDR,CT,ANE,EN,Federal Contract Tower,0,13,5,2,20,0,0,2,0,2,0,13,7,2,22,0,0,0,22
09/11/2018,BDR,CT,ANE,EN,Federal Contract Tower,0,18,19,0,37,0,0,18,0,18,0,18,37,0,55,24,0,24,79
09/12/2018,BDR,CT,ANE,EN,Federal Contract Tower,0,11,12,0,23,0,0,2,0,2,0,11,14,0,25,0,0,0,25
09/13/2018,BDR,CT,ANE,EN,Federal Contract Tower,0,11,13,0,24,0,0,12,0,12,0,11,25,0,36,6,0,6,42
09/14/2018,BDR,CT,ANE,EN,Federal Contract Tower,0,12,22,0,34,0,3,53,2,58,0,15,75,2,92,54,0,54,146
09/15/2018,BDR,CT,ANE,EN,Federal Contract Tower,0,1,5,0,6,0,0,104,0,104,0,1,109,0,110,302,0,302,412
09/16/2018,BDR,CT,ANE,EN,Federal Contract Tower,0,7,16,0,23,0,0,115,0,115,0,7,131,0,138,136,0,136,274
09/17/2018,BDR,CT,ANE,EN,Federal Contract Tower,0,11,18,0,29,0,2,62,0,64,0,13,80,0,93,72,0,72,165
09/18/2018,BDR,CT,ANE,EN,Federal Contract Tower,0,14,5,0,19,0,4,2,0,6,0,18,7,0,25,0,0,0,25
09/19/2018,BDR,CT,ANE,EN,Federal Contract Tower,0,6,10,0,16,0,4,40,0,44,0,10,50,0,60,120,0,120,180
09/20/2018,BDR,CT,ANE,EN,Federal Contract Tower,0,16,14,3,33,0,0,81,0,81,0,16,95,3,114,156,0,156,270
09/21/2018,BDR,CT,ANE,EN,Federal Contract Tower,0,12,13,0,25,0,0,49,0,49,0,12,62,0,74,116,0,116,190
09/22/2018,BDR,CT,ANE,EN,Federal Contract Tower,0,4,7,0,11,0,0,76,0,76,0,4,83,0,87,152,0,152,239
09/23/2018,BDR,CT,ANE,EN,Federal Contract Tower,0,11,9,0,20,0,1,45,0,46,0,12,54,0,66,72,0,72,138
09/24/2018,BDR,CT,ANE,EN,Federal Contract Tower,0,4,14,0,18,0,2,32,0,34,0,6,46,0,52,52,0,52,104
09/25/2018,BDR,CT,ANE,EN,Federal Contract Tower,0,6,11,0,17,0,0,0,0,0,0,6,11,0,17,0,0,0,17
09/26/2018,BDR,CT,ANE,EN,Federal Contract Tower,0,9,9,0,18,0,0,5,0,5,0,9,14,0,23,4,0,4,27
09/27/2018,BDR,CT,ANE,EN,Federal Contract Tower,0,12,14,0,26,0,3,76,0,79,0,15,90,0,105,193,2,195,300
09/28/2018,BDR,CT,ANE,EN,Federal Contract Tower,0,12,21,1,34,0,0,24,1,25,0,12,45,2,59,22,0,22,81
09/29/2018,BDR,CT,ANE,EN,Federal Contract Tower,0,7,9,0,16,0,3,88,0,91,0,10,97,0,107,178,0,178,285
09/30/2018,BDR,CT,ANE,EN,Federal Contract Tower,0,6,11,0,17,0,10,64,0,74,0,16,75,0,91,98,0,98,189
10/01/2018,BDR,CT,ANE,EN,Federal Contract Tower,0,10,10,0,20,0,2,30,0,32,0,12,40,0,52,82,0,82,134
10/02/2018,BDR,CT,ANE,EN,Federal Contract Tower,0,19,14,0,33,0,2,13,0,15,0,21,27,0,48,22,0,22,70
10/03/2018,BDR,CT,ANE,EN,Federal Contract Tower,0,14,23,0,37,0,0,46,0,46,0,14,69,0,83,88,0,88,171
10/04/2018,BDR,CT,ANE,EN,Federal Contract Tower,0,21,17,0,38,0,0,25,0,25,0,21,42,0,63,66,0,66,129
10/05/2018,BDR,CT,ANE,EN,Federal Contract Tower,0,14,19,0,33,0,1,84,2,87,0,15,103,2,120,52,0,52,172
10/06/2018,BDR,CT,ANE,EN,Federal Contract Tower,0,8,16,0,24,0,0,38,0,38,0,8,54,0,62,26,0,26,88
10/07/2018,BDR,CT,ANE,EN,Federal Contract Tower,0,10,12,0,22,0,0,31,0,31,0,10,43,0,53,18,0,18,71
10/08/2018,BDR,CT,ANE,EN,Federal Contract Tower,0,15,54,0,69,0,0,2,0,2,0,15,56,0,71,0,0,0,71
10/09/2018,BDR,CT,ANE,EN,Federal Contract Tower,0,15,21,6,42,0,0,39,0,39,0,15,60,6,81,66,0,66,147
10/10/2018,BDR,CT,ANE,EN,Federal Contract Tower,0,10,7,0,17,0,0,42,2,44,0,10,49,2,61,94,0,94,155
10/11/2018,BDR,CT,ANE,EN,Federal Contract Tower,0,8,13,0,21,0,0,1,0,1,0,8,14,0,22,0,0,0,22
10/12/2018,BDR,CT,ANE,EN,Federal Contract Tower,0,10,8,0,18,0,2,43,0,45,0,12,51,0,63,28,0,28,91
10/13/2018,BDR,CT,ANE,EN,Federal Contract Tower,0,4,6,0,10,0,2,28,0,30,0,6,34,0,40,54,0,54,94
10/14/2018,BDR,CT,ANE,EN,Federal Contract Tower,0,6,5,0,11,0,3,90,0,93,0,9,95,0,104,134,0,134,238
10/15/2018,BDR,CT,ANE,EN,Federal Contract Tower,0,1,23,0,24,0,1,6,0,7,0,2,29,0,31,8,0,8,39
10/16/2018,BDR,CT,ANE,EN,Federal Contract Tower,0,7,8,0,15,0,1,73,0,74,0,8,81,0,89,138,0,138,227
10/17/2018,BDR,CT,ANE,EN,Federal Contract Tower,0,6,8,0,14,0,2,29,0,31,0,8,37,0,45,2,0,2,47
10/18/2018,BDR,CT,ANE,EN,Federal Contract Tower,0,12,13,0,25,0,0,57,0,57,0,12,70,0,82,90,0,90,172
10/19/2018,BDR,CT,ANE,EN,Federal Contract Tower,0,10,9,0,19,0,3,66,0,69,0,13,75,0,88,70,0,70,158
10/20/2018,BDR,CT,ANE,EN,Federal Contract Tower,0,5,9,0,14,0,1,27,0,28,0,6,36,0,42,54,0,54,96
10/21/2018,BDR,CT,ANE,EN,Federal Contract Tower,0,8,12,0,20,0,0,27,0,27,0,8,39,0,47,0,0,0,47
10/22/2018,BDR,CT,ANE,EN,Federal Contract Tower,0,10,5,0,15,0,0,46,2,48,0,10,51,2,63,68,2,70,133
10/23/2018,BDR,CT,ANE,EN,Federal Contract Tower,0,7,11,0,18,0,0,91,0,91,0,7,102,0,109,52,0,52,161
10/24/2018,BDR,CT,ANE,EN,Federal Contract Tower,0,11,10,1,22,0,2,34,0,36,0,13,44,1,58,40,4,44,102
10/25/2018,BDR,CT,ANE,EN,Federal Contract Tower,0,4,8,0,12,0,0,53,0,53,0,4,61,0,65,54,4,58,123
10/26/2018,BDR,CT,ANE,EN,Federal Contract Tower,0,4,10,0,14,0,0,61,0,61,0,4,71,0,75,98,0,98,173
10/27/2018,BDR,CT,ANE,EN,Federal Contract Tower,0,0,2,0,2,0,0,0,0,0,0,0,2,0,2,0,0,0,2
10/28/2018,BDR,CT,ANE,EN,Federal Contract Tower,0,2,4,0,6,0,0,42,0,42,0,2,46,0,48,76,0,76,124
10/29/2018,BDR,CT,ANE,EN,Federal Contract Tower,0,6,4,0,10,0,0,19,0,19,0,6,23,0,29,24,0,24,53
10/30/2018,BDR,CT,ANE,EN,Federal Contract Tower,0,8,17,0,25,0,0,46,0,46,0,8,63,0,71,38,0,38,109
10/31/2018,BDR,CT,ANE,EN,Federal Contract Tower,0,3,7,2,12,0,0,53,0,53,0,3,60,2,65,30,4,34,99
11/01/2018,BDR,CT,ANE,EN,Federal Contract Tower,0,6,13,0,19,0,0,84,0,84,0,6,97,0,103,142,0,142,245
11/02/2018,BDR,CT,ANE,EN,Federal Contract Tower,0,5,17,0,22,0,0,12,0,12,0,5,29,0,34,0,0,0,34
11/03/2018,BDR,CT,ANE,EN,Federal Contract Tower,0,5,10,0,15,0,0,3,1,4,0,5,13,1,19,6,0,6,25
11/04/2018,BDR,CT,ANE,EN,Federal Contract Tower,0,2,14,0,16,0,1,116,0,117,0,3,130,0,133,176,0,176,309
11/05/2018,BDR,CT,ANE,EN,Federal Contract Tower,0,2,9,0,11,0,0,1,0,1,0,2,10,0,12,0,0,0,12
11/06/2018,BDR,CT,ANE,EN,Federal Contract Tower,0,4,3,0,7,0,4,0,0,4,0,8,3,0,11,0,0,0,11
11/07/2018,BDR,CT,ANE,EN,Federal Contract Tower,0,6,12,0,18,0,0,53,0,53,0,6,65,0,71,120,0,120,191
11/08/2018,BDR,CT,ANE,EN,Federal Contract Tower,0,5,14,0,19,0,0,70,0,70,0,5,84,0,89,62,0,62,151
11/09/2018,BDR,CT,ANE,EN,Federal Contract Tower,0,10,9,0,19,0,0,25,0,25,0,10,34,0,44,31,0,31,75
11/10/2018,BDR,CT,ANE,EN,Federal Contract Tower,0,1,3,0,4,0,0,15,0,15,0,1,18,0,19,36,0,36,55
11/11/2018,BDR,CT,ANE,EN,Federal Contract Tower,0,3,1,0,4,0,4,60,0,64,0,7,61,0,68,100,0,100,168
11/12/2018,BDR,CT,ANE,EN,Federal Contract Tower,0,6,4,0,10,0,2,50,0,52,0,8,54,0,62,98,0,98,160
11/13/2018,BDR,CT,ANE,EN,Federal Contract Tower,0,13,3,0,16,0,0,3,2,5,0,13,6,2,21,0,0,0,21
11/14/2018,BDR,CT,ANE,EN,Federal Contract Tower,0,3,14,2,19,0,0,48,0,48,0,3,62,2,67,86,0,86,153
11/15/2018,BDR,CT,ANE,EN,Federal Contract Tower,0,7,6,0,13,0,1,23,0,24,0,8,29,0,37,62,0,62,99
11/16/2018,BDR,CT,ANE,EN,Federal Contract Tower,0,4,5,2,11,0,0,9,0,9,0,4,14,2,20,0,0,0,20
11/17/2018,BDR,CT,ANE,EN,Federal Contract Tower,0,2,9,0,11,0,1,58,0,59,0,3,67,0,70,102,0,102,172
11/18/2018,BDR,CT,ANE,EN,Federal Contract Tower,0,6,6,0,12,0,0,63,0,63,0,6,69,0,75,220,4,224,299
11/19/2018,BDR,CT,ANE,EN,Federal Contract Tower,0,5,6,0,11,0,0,34,0,34,0,5,40,0,45,72,4,76,121
11/20/2018,BDR,CT,ANE,EN,Federal Contract Tower,0,12,16,0,28,0,0,8,0,8,0,12,24,0,36,26,0,26,62
11/21/2018,BDR,CT,ANE,EN,Federal Contract Tower,0,10,12,0,22,0,0,32,0,32,0,10,44,0,54,86,0,86,140
11/22/2018,BDR,CT,ANE,EN,Federal Contract Tower,0,1,3,0,4,0,0,10,0,10,0,1,13,0,14,0,0,0,14
11/23/2018,BDR,CT,ANE,EN,Federal Contract Tower,0,3,4,0,7,0,1,39,0,40,0,4,43,0,47,42,0,42,89
11/24/2018,BDR,CT,ANE,EN,Federal Contract Tower,0,4,16,0,20,0,0,32,0,32,0,4,48,0,52,48,0,48,100
11/25/2018,BDR,CT,ANE,EN,Federal Contract Tower,0,12,28,0,40,0,0,72,0,72,0,12,100,0,112,142,0,142,254
11/26/2018,BDR,CT,ANE,EN,Federal Contract Tower,0,14,15,0,29,0,0,0,0,0,0,14,15,0,29,0,0,0,29
11/27/2018,BDR,CT,ANE,EN,Federal Contract Tower,0,12,4,0,16,0,0,21,0,21,0,12,25,0,37,24,0,24,61
11/28/2018,BDR,CT,ANE,EN,Federal Contract Tower,0,4,6,2,12,0,0,18,0,18,0,4,24,2,30,18,0,18,48
11/29/2018,BDR,CT,ANE,EN,Federal Contract Tower,0,7,5,0,12,0,0,49,0,49,0,7,54,0,61,14,0,14,75
11/30/2018,BDR,CT,ANE,EN,Federal Contract Tower,0,5,9,0,14,0,0,40,0,40,0,5,49,0,54,114,0,114,168
12/01/2018,BDR,CT,ANE,EN,Federal Contract Tower,0,3,4,0,7,0,0,72,0,72,0,3,76,0,79,166,0,166,245
12/02/2018,BDR,CT,ANE,EN,Federal Contract Tower,0,9,5,0,14,0,0,0,0,0,0,9,5,0,14,0,0,0,14
12/03/2018,BDR,CT,ANE,EN,Federal Contract Tower,0,5,11,0,16,0,0,50,0,50,0,5,61,0,66,62,0,62,128
12/04/2018,BDR,CT,ANE,EN,Federal Contract Tower,0,13,19,0,32,0,0,55,0,55,0,13,74,0,87,60,0,60,147
12/05/2018,BDR,CT,ANE,EN,Federal Contract Tower,0,8,7,0,15,0,0,60,2,62,0,8,67,2,77,96,0,96,173
12/06/2018,BDR,CT,ANE,EN,Federal Contract Tower,0,8,6,0,14,0,0,39,0,39,0,8,45,0,53,44,0,44,97
12/07/2018,BDR,CT,ANE,EN,Federal Contract Tower,0,7,7,0,14,0,0,61,0,61,0,7,68,0,75,118,0,118,193
12/08/2018,BDR,CT,ANE,EN,Federal Contract Tower,0,0,5,0,5,0,0,57,0,57,0,0,62,0,62,86,0,86,148
12/09/2018,BDR,CT,ANE,EN,Federal Contract Tower,0,3,3,0,6,0,0,85,0,85,0,3,88,0,91,90,0,90,181
12/10/2018,BDR,CT,ANE,EN,Federal Contract Tower,0,0,12,0,12,0,0,29,2,31,0,0,41,2,43,56,4,60,103
12/11/2018,BDR,CT,ANE,EN,Federal Contract Tower,0,6,5,0,11,0,0,44,0,44,0,6,49,0,55,80,0,80,135
12/12/2018,BDR,CT,ANE,EN,Federal Contract Tower,0,7,18,0,25,0,2,42,0,44,0,9,60,0,69,120,0,120,189
12/13/2018,BDR,CT,ANE,EN,Federal Contract Tower,0,11,6,0,17,0,0,3,0,3,0,11,9,0,20,6,0,6,26
12/14/2018,BDR,CT,ANE,EN,Federal Contract Tower,0,7,9,0,16,0,0,33,2,35,0,7,42,2,51,74,0,74,125
12/15/2018,BDR,CT,ANE,EN,Federal Contract Tower,0,5,4,0,9,0,0,19,2,21,0,5,23,2,30,48,2,50,80
12/16/2018,BDR,CT,ANE,EN,Federal Contract Tower,0,1,4,0,5,0,0,0,0,0,0,1,4,0,5,0,0,0,5
12/17/2018,BDR,CT,ANE,EN,Federal Contract Tower,0,1,7,0,8,0,0,16,0,16,0,1,23,0,24,8,0,8,32
12/18/2018,BDR,CT,ANE,EN,Federal Contract Tower,0,18,7,0,25,0,3,29,0,32,0,21,36,0,57,0,0,0,57
12/19/2018,BDR,CT,ANE,EN,Federal Contract Tower,0,8,11,0,19,0,1,65,2,68,0,9,76,2,87,176,0,176,263
12/20/2018,BDR,CT,ANE,EN,Federal Contract Tower,0,9,19,0,28,0,0,39,2,41,0,9,58,2,69,94,0,94,163
12/21/2018,BDR,CT,ANE,EN,Federal Contract Tower,0,8,8,0,16,0,0,0,0,0,0,8,8,0,16,0,0,0,16
12/22/2018,BDR,CT,ANE,EN,Federal Contract Tower,0,12,13,2,27,0,0,6,0,6,0,12,19,2,33,0,0,0,33
12/23/2018,BDR,CT,ANE,EN,Federal Contract Tower,0,5,5,0,10,0,0,86,0,86,0,5,91,0,96,100,0,100,196
12/24/2018,BDR,CT,ANE,EN,Federal Contract Tower,0,0,2,0,2,0,0,9,0,9,0,0,11,0,11,28,0,28,39
12/25/2018,BDR,CT,ANE,EN,Federal Contract Tower,0,3,1,0,4,0,0,11,0,11,0,3,12,0,15,0,0,0,15
12/26/2018,BDR,CT,ANE,EN,Federal Contract Tower,0,3,13,0,16,0,0,45,4,49,0,3,58,4,65,98,0,98,163
12/27/2018,BDR,CT,ANE,EN,Federal Contract Tower,0,6,7,0,13,0,0,64,5,69,0,6,71,5,82,86,20,106,188
12/28/2018,BDR,CT,ANE,EN,Federal Contract Tower,0,4,1,0,5,0,0,0,0,0,0,4,1,0,5,0,0,0,5
12/29/2018,BDR,CT,ANE,EN,Federal Contract Tower,0,7,4,0,11,0,1,47,2,50,0,8,51,2,61,44,0,44,105
12/30/2018,BDR,CT,ANE,EN,Federal Contract Tower,0,2,4,0,6,0,0,56,0,56,0,2,60,0,62,46,0,46,108
12/31/2018,BDR,CT,ANE,EN,Federal Contract Tower,0,2,2,0,4,0,0,30,2,32,0,2,32,2,36,50,2,52,88
01/01/2019,BDR,CT,ANE,EN,Federal Contract Tower,0,3,3,0,6,0,0,4,0,4,0,3,7,0,10,2,0,2,12
01/02/2019,BDR,CT,ANE,EN,Federal Contract Tower,0,4,18,0,22,0,0,53,0,53,0,4,71,0,75,110,0,110,185
01/03/2019,BDR,CT,ANE,EN,Federal Contract Tower,0,10,4,0,14,0,0,31,0,31,0,10,35,0,45,37,2,39,84
01/04/2019,BDR,CT,ANE,EN,Federal Contract Tower,0,11,14,0,25,0,0,59,0,59,0,11,73,0,84,26,0,26,110
01/05/2019,BDR,CT,ANE,EN,Federal Contract Tower,0,3,5,0,8,0,0,0,0,0,0,3,5,0,8,4,0,4,12
01/06/2019,BDR,CT,ANE,EN,Federal Contract Tower,0,11,9,0,20,0,0,51,0,51,0,11,60,0,71,126,0,126,197
01/07/2019,BDR,CT,ANE,EN,Federal Contract Tower,0,4,5,0,9,0,0,30,0,30,0,4,35,0,39,48,2,50,89
01/08/2019,BDR,CT,ANE,EN,Federal Contract Tower,0,8,7,0,15,0,0,0,0,0,0,8,7,0,15,0,0,0,15
01/09/2019,BDR,CT,ANE,EN,Federal Contract Tower,0,7,5,0,12,0,0,7,0,7,0,7,12,0,19,6,0,6,25
01/10/2019,BDR,CT,ANE,EN,Federal Contract Tower,0,11,10,0,21,0,1,14,0,15,0,12,24,0,36,0,0,0,36
01/11/2019,BDR,CT,ANE,EN,Federal Contract Tower,0,9,9,0,18,0,2,51,2,55,0,11,60,2,73,76,2,78,151
01/12/2019,BDR,CT,ANE,EN,Federal Contract Tower,0,0,1,0,1,0,0,56,0,56,0,0,57,0,57,160,0,160,217
01/13/2019,BDR,CT,ANE,EN,Federal Contract Tower,0,2,3,0,5,0,0,72,0,72,0,2,75,0,77,36,0,36,113
01/14/2019,BDR,CT,ANE,EN,Federal Contract Tower,0,3,6,0,9,0,1,52,0,53,0,4,58,0,62,70,0,70,132
01/15/2019,BDR,CT,ANE,EN,Federal Contract Tower,0,9,3,0,12,0,1,36,2,39,0,10,39,2,51,42,0,42,93
01/16/2019,BDR,CT,ANE,EN,Federal Contract Tower,0,9,7,0,16,0,0,42,0,42,0,9,49,0,58,64,0,64,122
01/17/2019,BDR,CT,ANE,EN,Federal Contract Tower,0,14,11,0,25,0,0,53,0,53,0,14,64,0,78,88,0,88,166
01/18/2019,BDR,CT,ANE,EN,Federal Contract Tower,0,8,8,0,16,0,0,5,0,5,0,8,13,0,21,16,0,16,37
01/19/2019,BDR,CT,ANE,EN,Federal Contract Tower,0,3,4,0,7,0,0,40,0,40,0,3,44,0,47,104,0,104,151
01/20/2019,BDR,CT,ANE,EN,Federal Contract Tower,0,0,0,0,0,0,0,0,0,0,0,0,0,0,0,0,0,0,0
01/21/2019,BDR,CT,ANE,EN,Federal Contract Tower,0,8,8,0,16,0,0,3,0,3,0,8,11,0,19,0,0,0,19
01/22/2019,BDR,CT,ANE,EN,Federal Contract Tower,0,7,12,0,19,0,1,28,2,31,0,8,40,2,50,56,0,56,106
01/23/2019,BDR,CT,ANE,EN,Federal Contract Tower,0,11,9,0,20,0,0,12,0,12,0,11,21,0,32,16,0,16,48
01/24/2019,BDR,CT,ANE,EN,Federal Contract Tower,0,6,1,0,7,0,0,0,0,0,0,6,1,0,7,2,0,2,9
01/25/2019,BDR,CT,ANE,EN,Federal Contract Tower,0,13,3,0,16,0,0,48,4,52,0,13,51,4,68,72,0,72,140
01/26/2019,BDR,CT,ANE,EN,Federal Contract Tower,0,2,2,0,4,0,0,72,0,72,0,2,74,0,76,191,0,191,267
01/27/2019,BDR,CT,ANE,EN,Federal Contract Tower,0,4,8,0,12,0,1,56,0,57,0,5,64,0,69,126,0,126,195
01/28/2019,BDR,CT,ANE,EN,Federal Contract Tower,0,7,3,0,10,0,0,25,2,27,0,7,28,2,37,40,2,42,79
01/29/2019,BDR,CT,ANE,EN,Federal Contract Tower,0,5,3,0,8,0,0,3,0,3,0,5,6,0,11,10,0,10,21
01/30/2019,BDR,CT,ANE,EN,Federal Contract Tower,0,8,4,0,12,0,0,15,0,15,0,8,19,0,27,14,0,14,41
01/31/2019,BDR,CT,ANE,EN,Federal Contract Tower,0,5,11,0,16,0,0,14,0,14,0,5,25,0,30,15,0,15,45
02/01/2019,BDR,CT,ANE,EN,Federal Contract Tower,0,6,7,0,13,0,0,40,0,40,0,6,47,0,53,84,0,84,137
02/02/2019,BDR,CT,ANE,EN,Federal Contract Tower,0,2,6,0,8,0,0,53,0,53,0,2,59,0,61,148,0,148,209
02/03/2019,BDR,CT,ANE,EN,Federal Contract Tower,0,1,4,0,5,0,0,56,0,56,0,1,60,0,61,211,0,211,272
02/04/2019,BDR,CT,ANE,EN,Federal Contract Tower,0,7,7,0,14,0,0,33,0,33,0,7,40,0,47,46,0,46,93
02/05/2019,BDR,CT,ANE,EN,Federal Contract Tower,0,7,4,0,11,0,2,28,0,30,0,9,32,0,41,46,0,46,87
02/06/2019,BDR,CT,ANE,EN,Federal Contract Tower,0,6,3,2,11,0,6,35,0,41,0,12,38,2,52,36,0,36,88
02/07/2019,BDR,CT,ANE,EN,Federal Contract Tower,0,9,10,0,19,0,0,0,0,0,0,9,10,0,19,0,0,0,19
02/08/2019,BDR,CT,ANE,EN,Federal Contract Tower,0,6,7,0,13,0,0,9,0,9,0,6,16,0,22,0,2,2,24
02/09/2019,BDR,CT,ANE,EN,Federal Contract Tower,0,1,5,0,6,0,0,19,0,19,0,1,24,0,25,0,0,0,25
02/10/2019,BDR,CT,ANE,EN,Federal Contract Tower,0,3,2,0,5,0,0,101,0,101,0,3,103,0,106,151,0,151,257
02/11/2019,BDR,CT,ANE,EN,Federal Contract Tower,0,1,4,0,5,0,0,35,0,35,0,1,39,0,40,37,0,37,77
02/12/2019,BDR,CT,ANE,EN,Federal Contract Tower,0,3,1,0,4,0,0,1,0,1,0,3,2,0,5,0,0,0,5
02/13/2019,BDR,CT,ANE,EN,Federal Contract Tower,0,14,10,0,24,0,1,14,0,15,0,15,24,0,39,0,0,0,39
02/14/2019,BDR,CT,ANE,EN,Federal Contract Tower,0,6,14,0,20,0,0,47,2,49,0,6,61,2,69,45,0,45,114
02/15/2019,BDR,CT,ANE,EN,Federal Contract Tower,0,6,9,0,15,0,0,28,0,28,0,6,37,0,43,40,0,40,83
02/16/2019,BDR,CT,ANE,EN,Federal Contract Tower,0,3,2,0,5,0,4,82,0,86,0,7,84,0,91,100,0,100,191
02/17/2019,BDR,CT,ANE,EN,Federal Contract Tower,0,8,7,0,15,0,0,70,0,70,0,8,77,0,85,170,0,170,255
02/18/2019,BDR,CT,ANE,EN,Federal Contract Tower,0,3,6,0,9,0,0,8,0,8,0,3,14,0,17,6,0,6,23
02/19/2019,BDR,CT,ANE,EN,Federal Contract Tower,0,6,14,0,20,0,1,56,0,57,0,7,70,0,77,94,0,94,171
02/20/2019,BDR,CT,ANE,EN,Federal Contract Tower,0,7,4,0,11,0,0,8,0,8,0,7,12,0,19,8,0,8,27
02/21/2019,BDR,CT,ANE,EN,Federal Contract Tower,0,11,4,0,15,0,1,30,2,33,0,12,34,2,48,44,0,44,92
02/22/2019,BDR,CT,ANE,EN,Federal Contract Tower,0,7,7,0,14,0,0,65,0,65,0,7,72,0,79,69,0,69,148
02/23/2019,BDR,CT,ANE,EN,Federal Contract Tower,0,5,4,0,9,0,0,100,2,102,0,5,104,2,111,169,0,169,280
02/24/2019,BDR,CT,ANE,EN,Federal Contract Tower,0,2,2,0,4,0,0,1,0,1,0,2,3,0,5,0,0,0,5
02/25/2019,BDR,CT,ANE,EN,Federal Contract Tower,0,0,3,0,3,0,0,6,2,8,0,0,9,2,11,0,2,2,13
02/26/2019,BDR,CT,ANE,EN,Federal Contract Tower,0,4,6,0,10,0,0,41,2,43,0,4,47,2,53,56,0,56,109
02/27/2019,BDR,CT,ANE,EN,Federal Contract Tower,0,7,7,2,16,0,0,17,0,17,0,7,24,2,33,6,0,6,39
02/28/2019,BDR,CT,ANE,EN,Federal Contract Tower,0,5,14,0,19,0,0,36,0,36,0,5,50,0,55,48,0,48,103
03/01/2019,BDR,CT,ANE,EN,Federal Contract Tower,0,2,9,0,11,0,0,9,2,11,0,2,18,2,22,4,0,4,26
03/02/2019,BDR,CT,ANE,EN,Federal Contract Tower,0,0,3,0,3,0,0,7,0,7,0,0,10,0,10,32,0,32,42
03/03/2019,BDR,CT,ANE,EN,Federal Contract Tower,0,5,5,0,10,0,0,48,0,48,0,5,53,0,58,122,0,122,180
03/04/2019,BDR,CT,ANE,EN,Federal Contract Tower,0,4,4,0,8,0,0,17,0,17,0,4,21,0,25,40,0,40,65
03/05/2019,BDR,CT,ANE,EN,Federal Contract Tower,0,9,4,0,13,0,3,46,0,49,0,12,50,0,62,62,0,62,124
03/06/2019,BDR,CT,ANE,EN,Federal Contract Tower,0,7,13,0,20,0,0,37,2,39,0,7,50,2,59,30,0,30,89
03/07/2019,BDR,CT,ANE,EN,Federal Contract Tower,0,9,5,0,14,0,0,57,0,57,0,9,62,0,71,77,0,77,148
03/08/2019,BDR,CT,ANE,EN,Federal Contract Tower,0,5,8,0,13,0,0,29,0,29,0,5,37,0,42,112,0,112,154
03/09/2019,BDR,CT,ANE,EN,Federal Contract Tower,0,1,2,0,3,0,0,78,0,78,0,1,80,0,81,172,0,172,253
03/10/2019,BDR,CT,ANE,EN,Federal Contract Tower,0,1,4,0,5,0,0,0,0,0,0,1,4,0,5,0,0,0,5
03/11/2019,BDR,CT,ANE,EN,Federal Contract Tower,0,1,8,0,9,0,7,28,0,35,0,8,36,0,44,77,0,77,121
03/12/2019,BDR,CT,ANE,EN,Federal Contract Tower,0,10,6,0,16,0,0,40,0,40,0,10,46,0,56,46,0,46,102
03/13/2019,BDR,CT,ANE,EN,Federal Contract Tower,0,10,13,0,23,0,1,50,0,51,0,11,63,0,74,68,0,68,142
03/14/2019,BDR,CT,ANE,EN,Federal Contract Tower,0,7,7,0,14,0,0,72,0,72,0,7,79,0,86,52,0,52,138
03/15/2019,BDR,CT,ANE,EN,Federal Contract Tower,0,6,1,0,7,0,0,7,2,9,0,6,8,2,16,14,4,18,34
03/16/2019,BDR,CT,ANE,EN,Federal Contract Tower,0,2,3,0,5,0,0,47,0,47,0,2,50,0,52,30,0,30,82
03/17/2019,BDR,CT,ANE,EN,Federal Contract Tower,0,6,4,0,10,0,1,63,0,64,0,7,67,0,74,142,0,142,216
03/18/2019,BDR,CT,ANE,EN,Federal Contract Tower,0,7,4,0,11,0,3,29,0,32,0,10,33,0,43,44,0,44,87
03/19/2019,BDR,CT,ANE,EN,Federal Contract Tower,0,10,15,0,25,0,6,44,0,50,0,16,59,0,75,62,0,62,137
03/20/2019,BDR,CT,ANE,EN,Federal Contract Tower,0,14,11,0,25,0,1,74,0,75,0,15,85,0,100,100,0,100,200
03/21/2019,BDR,CT,ANE,EN,Federal Contract Tower,0,10,8,0,18,0,0,8,0,8,0,10,16,0,26,22,0,22,48
03/22/2019,BDR,CT,ANE,EN,Federal Contract Tower,0,6,3,0,9,0,0,4,0,4,0,6,7,0,13,0,0,0,13
03/23/2019,BDR,CT,ANE,EN,Federal Contract Tower,0,0,4,0,4,0,0,7,0,7,0,0,11,0,11,0,0,0,11
03/24/2019,BDR,CT,ANE,EN,Federal Contract Tower,0,3,12,0,15,0,0,105,0,105,0,3,117,0,120,246,0,246,366
03/25/2019,BDR,CT,ANE,EN,Federal Contract Tower,0,5,9,0,14,0,0,31,0,31,0,5,40,0,45,57,0,57,102
03/26/2019,BDR,CT,ANE,EN,Federal Contract Tower,0,8,4,0,12,0,0,37,0,37,0,8,41,0,49,70,0,70,119
03/27/2019,BDR,CT,ANE,EN,Federal Contract Tower,0,6,4,0,10,0,0,61,0,61,0,6,65,0,71,90,0,90,161
03/28/2019,BDR,CT,ANE,EN,Federal Contract Tower,0,5,10,0,15,0,2,62,6,70,0,7,72,6,85,102,0,102,187
03/29/2019,BDR,CT,ANE,EN,Federal Contract Tower,0,4,6,0,10,0,1,26,1,28,0,5,32,1,38,28,0,28,66
03/30/2019,BDR,CT,ANE,EN,Federal Contract Tower,0,4,3,0,7,0,0,94,0,94,0,4,97,0,101,169,0,169,270
03/31/2019,BDR,CT,ANE,EN,Federal Contract Tower,0,6,7,0,13,0,0,4,0,4,0,6,11,0,17,10,0,10,27
04/01/2019,BDR,CT,ANE,EN,Federal Contract Tower,0,1,0,0,1,0,0,26,0,26,0,1,26,0,27,42,0,42,69
04/02/2019,BDR,CT,ANE,EN,Federal Contract Tower,0,6,12,0,18,0,0,67,0,67,0,6,79,0,85,110,0,110,195
04/03/2019,BDR,CT,ANE,EN,Federal Contract Tower,0,11,5,0,16,0,4,30,0,34,0,15,35,0,50,18,0,18,68
04/04/2019,BDR,CT,ANE,EN,Federal Contract Tower,0,12,5,0,17,0,0,42,2,44,0,12,47,2,61,80,0,80,141
04/05/2019,BDR,CT,ANE,EN,Federal Contract Tower,0,6,8,0,14,0,0,36,0,36,0,6,44,0,50,34,0,34,84
04/06/2019,BDR,CT,ANE,EN,Federal Contract Tower,0,4,15,0,19,0,2,51,0,53,0,6,66,0,72,91,0,91,163
04/07/2019,BDR,CT,ANE,EN,Federal Contract Tower,0,2,7,0,9,0,4,95,0,99,0,6,102,0,108,120,0,120,228
04/08/2019,BDR,CT,ANE,EN,Federal Contract Tower,0,11,14,0,25,0,0,1,0,1,0,11,15,0,26,0,0,0,26
04/09/2019,BDR,CT,ANE,EN,Federal Contract Tower,0,5,13,0,18,0,0,0,0,0,0,5,13,0,18,0,0,0,18
04/10/2019,BDR,CT,ANE,EN,Federal Contract Tower,0,11,7,0,18,0,2,65,0,67,0,13,72,0,85,80,0,80,165
04/11/2019,BDR,CT,ANE,EN,Federal Contract Tower,0,18,11,0,29,0,0,51,6,57,0,18,62,6,86,72,0,72,158
04/12/2019,BDR,CT,ANE,EN,Federal Contract Tower,0,15,21,1,37,0,0,13,1,14,0,15,34,2,51,6,0,6,57
04/13/2019,BDR,CT,ANE,EN,Federal Contract Tower,0,4,5,0,9,0,0,27,0,27,0,4,32,0,36,52,0,52,88
04/14/2019,BDR,CT,ANE,EN,Federal Contract Tower,0,7,8,0,15,0,0,4,0,4,0,7,12,0,19,13,0,13,32
04/15/2019,BDR,CT,ANE,EN,Federal Contract Tower,0,1,7,2,10,0,0,5,0,5,0,1,12,2,15,9,0,9,24
04/16/2019,BDR,CT,ANE,EN,Federal Contract Tower,0,8,6,2,16,0,0,40,0,40,0,8,46,2,56,62,0,62,118
04/17/2019,BDR,CT,ANE,EN,Federal Contract Tower,0,3,11,0,14,0,0,87,0,87,0,3,98,0,101,178,0,178,279
04/18/2019,BDR,CT,ANE,EN,Federal Contract Tower,0,7,20,0,27,0,0,10,0,10,0,7,30,0,37,0,0,0,37
04/19/2019,BDR,CT,ANE,EN,Federal Contract Tower,0,2,12,0,14,0,0,3,2,5,0,2,15,2,19,0,0,0,19
04/20/2019,BDR,CT,ANE,EN,Federal Contract Tower,0,3,1,0,4,0,0,0,0,0,0,3,1,0,4,0,0,0,4
04/21/2019,BDR,CT,ANE,EN,Federal Contract Tower,0,5,9,0,14,0,1,14,0,15,0,6,23,0,29,18,0,18,47
04/22/2019,BDR,CT,ANE,EN,Federal Contract Tower,0,11,15,0,26,0,0,17,0,17,0,11,32,0,43,9,0,9,52
04/23/2019,BDR,CT,ANE,EN,Federal Contract Tower,0,9,20,0,29,0,9,55,0,64,0,18,75,0,93,138,0,138,231
04/24/2019,BDR,CT,ANE,EN,Federal Contract Tower,0,14,7,0,21,0,0,46,2,48,0,14,53,2,69,96,0,96,165
04/25/2019,BDR,CT,ANE,EN,Federal Contract Tower,0,14,12,2,28,0,3,87,2,92,0,17,99,4,120,162,2,164,284
04/26/2019,BDR,CT,ANE,EN,Federal Contract Tower,0,4,7,0,11,0,0,0,0,0,0,4,7,0,11,0,0,0,11
04/27/2019,BDR,CT,ANE,EN,Federal Contract Tower,0,3,8,0,11,0,0,9,0,9,0,3,17,0,20,36,0,36,56
04/28/2019,BDR,CT,ANE,EN,Federal Contract Tower,0,3,7,0,10,0,0,26,0,26,0,3,33,0,36,88,0,88,124
04/29/2019,BDR,CT,ANE,EN,Federal Contract Tower,0,8,9,0,17,0,2,63,2,67,0,10,72,2,84,110,2,112,196
04/30/2019,BDR,CT,ANE,EN,Federal Contract Tower,0,14,13,0,27,0,0,19,0,19,0,14,32,0,46,36,0,36,82
05/01/2019,BDR,CT,ANE,EN,Federal Contract Tower,0,10,14,0,24,0,0,20,0,20,0,10,34,0,44,8,0,8,52
05/02/2019,BDR,CT,ANE,EN,Federal Contract Tower,0,8,5,0,13,0,0,22,0,22,0,8,27,0,35,36,0,36,71
05/03/2019,BDR,CT,ANE,EN,Federal Contract Tower,0,7,8,0,15,0,0,0,0,0,0,7,8,0,15,0,0,0,15
05/04/2019,BDR,CT,ANE,EN,Federal Contract Tower,0,0,22,0,22,0,0,19,0,19,0,0,41,0,41,103,0,103,144
05/05/2019,BDR,CT,ANE,EN,Federal Contract Tower,0,9,13,0,22,0,0,0,0,0,0,9,13,0,22,0,0,0,22
05/06/2019,BDR,CT,ANE,EN,Federal Contract Tower,0,4,11,2,17,0,1,87,0,88,0,5,98,2,105,124,0,124,229
05/07/2019,BDR,CT,ANE,EN,Federal Contract Tower,0,19,3,0,22,0,1,58,0,59,0,20,61,0,81,106,0,106,187
05/08/2019,BDR,CT,ANE,EN,Federal Contract Tower,0,4,13,0,17,0,0,61,0,61,0,4,74,0,78,119,0,119,197
05/09/2019,BDR,CT,ANE,EN,Federal Contract Tower,0,9,13,0,22,0,1,45,0,46,0,10,58,0,68,68,10,78,146
05/10/2019,BDR,CT,ANE,EN,Federal Contract Tower,0,10,13,0,23,0,0,20,0,20,0,10,33,0,43,18,0,18,61
05/11/2019,BDR,CT,ANE,EN,Federal Contract Tower,0,4,11,0,15,0,4,96,0,100,0,8,107,0,115,186,0,186,301
05/12/2019,BDR,CT,ANE,EN,Federal Contract Tower,0,1,10,0,11,0,1,0,0,1,0,2,10,0,12,0,0,0,12
05/13/2019,BDR,CT,ANE,EN,Federal Contract Tower,0,7,14,0,21,0,0,0,0,0,0,7,14,0,21,0,0,0,21
05/14/2019,BDR,CT,ANE,EN,Federal Contract Tower,0,18,24,0,42,0,0,7,0,7,0,18,31,0,49,16,4,20,69
05/15/2019,BDR,CT,ANE,EN,Federal Contract Tower,0,5,11,0,16,0,0,70,0,70,0,5,81,0,86,160,0,160,246
05/16/2019,BDR,CT,ANE,EN,Federal Contract Tower,0,7,12,0,19,0,1,53,0,54,0,8,65,0,73,62,0,62,135
05/17/2019,BDR,CT,ANE,EN,Federal Contract Tower,0,8,12,0,20,0,0,54,0,54,0,8,66,0,74,69,0,69,143
05/18/2019,BDR,CT,ANE,EN,Federal Contract Tower,0,9,13,0,22,0,0,118,0,118,0,9,131,0,140,168,0,168,308
05/19/2019,BDR,CT,ANE,EN,Federal Contract Tower,0,7,19,0,26,0,6,63,0,69,0,13,82,0,95,102,0,102,197
05/20/2019,BDR,CT,ANE,EN,Federal Contract Tower,0,9,12,0,21,0,0,58,0,58,0,9,70,0,79,58,0,58,137
05/21/2019,BDR,CT,ANE,EN,Federal Contract Tower,0,5,5,0,10,0,2,34,0,36,0,7,39,0,46,66,0,66,112
05/22/2019,BDR,CT,ANE,EN,Federal Contract Tower,0,5,8,0,13,0,2,88,0,90,0,7,96,0,103,128,0,128,231
05/23/2019,BDR,CT,ANE,EN,Federal Contract Tower,0,10,11,0,21,0,0,32,0,32,0,10,43,0,53,20,0,20,73
05/24/2019,BDR,CT,ANE,EN,Federal Contract Tower,0,1,9,0,10,0,4,46,0,50,0,5,55,0,60,24,0,24,84
05/25/2019,BDR,CT,ANE,EN,Federal Contract Tower,0,1,8,0,9,0,0,84,0,84,0,1,92,0,93,144,0,144,237
05/26/2019,BDR,CT,ANE,EN,Federal Contract Tower,0,3,4,1,8,0,1,51,0,52,0,4,55,1,60,148,0,148,208
05/27/2019,BDR,CT,ANE,EN,Federal Contract Tower,0,6,11,0,17,0,1,162,0,163,0,7,173,0,180,182,0,182,362
05/28/2019,BDR,CT,ANE,EN,Federal Contract Tower,0,10,6,4,20,0,2,22,1,25,0,12,28,5,45,32,0,32,77
05/29/2019,BDR,CT,ANE,EN,Federal Contract Tower,0,8,21,0,29,0,0,33,0,33,0,8,54,0,62,62,0,62,124
05/30/2019,BDR,CT,ANE,EN,Federal Contract Tower,0,12,33,2,47,0,1,6,0,7,0,13,39,2,54,14,0,14,68
05/31/2019,BDR,CT,ANE,EN,Federal Contract Tower,0,7,8,0,15,0,3,103,0,106,0,10,111,0,121,181,0,181,302
06/01/2019,BDR,CT,ANE,EN,Federal Contract Tower,0,8,5,0,13,0,0,87,7,94,0,8,92,7,107,235,0,235,342
06/02/2019,BDR,CT,ANE,EN,Federal Contract Tower,0,8,16,0,24,0,1,42,0,43,0,9,58,0,67,152,0,152,219
06/03/2019,BDR,CT,ANE,EN,Federal Contract Tower,0,6,4,0,10,0,3,57,0,60,0,9,61,0,70,136,0,136,206
06/04/2019,BDR,CT,ANE,EN,Federal Contract Tower,0,10,16,0,26,0,2,56,0,58,0,12,72,0,84,170,0,170,254
06/05/2019,BDR,CT,ANE,EN,Federal Contract Tower,0,6,16,0,22,0,0,59,0,59,0,6,75,0,81,80,0,80,161
06/06/2019,BDR,CT,ANE,EN,Federal Contract Tower,0,6,4,0,10,0,1,46,0,47,0,7,50,0,57,10,0,10,67
06/07/2019,BDR,CT,ANE,EN,Federal Contract Tower,0,6,12,0,18,0,1,101,0,102,0,7,113,0,120,176,0,176,296
06/08/2019,BDR,CT,ANE,EN,Federal Contract Tower,0,7,3,0,10,0,0,77,0,77,0,7,80,0,87,150,0,150,237
06/09/2019,BDR,CT,ANE,EN,Federal Contract Tower,0,5,3,0,8,0,4,86,0,90,0,9,89,0,98,142,0,142,240
06/10/2019,BDR,CT,ANE,EN,Federal Contract Tower,0,4,23,0,27,0,0,19,0,19,0,4,42,0,46,20,0,20,66
06/11/2019,BDR,CT,ANE,EN,Federal Contract Tower,0,11,9,0,20,0,0,38,0,38,0,11,47,0,58,30,0,30,88
06/12/2019,BDR,CT,ANE,EN,Federal Contract Tower,0,7,10,0,17,0,3,89,0,92,0,10,99,0,109,220,0,220,329
06/13/2019,BDR,CT,ANE,EN,Federal Contract Tower,0,13,18,0,31,0,0,14,0,14,0,13,32,0,45,6,0,6,51
06/14/2019,BDR,CT,ANE,EN,Federal Contract Tower,0,4,22,0,26,0,0,79,0,79,0,4,101,0,105,84,0,84,189
06/15/2019,BDR,CT,ANE,EN,Federal Contract Tower,0,5,6,0,11,0,0,69,0,69,0,5,75,0,80,121,1,122,202
06/16/2019,BDR,CT,ANE,EN,Federal Contract Tower,0,8,10,0,18,0,0,57,0,57,0,8,67,0,75,158,0,158,233
06/17/2019,BDR,CT,ANE,EN,Federal Contract Tower,0,7,7,0,14,0,2,70,1,73,0,9,77,1,87,114,1,115,202
06/18/2019,BDR,CT,ANE,EN,Federal Contract Tower,0,12,12,0,24,0,0,0,0,0,0,12,12,0,24,0,0,0,24
06/19/2019,BDR,CT,ANE,EN,Federal Contract Tower,0,14,39,0,53,0,1,7,0,8,0,15,46,0,61,42,0,42,103
06/20/2019,BDR,CT,ANE,EN,Federal Contract Tower,0,7,9,0,16,0,0,0,0,0,0,7,9,0,16,0,0,0,16
06/21/2019,BDR,CT,ANE,EN,Federal Contract Tower,0,8,17,0,25,0,2,49,0,51,0,10,66,0,76,32,0,32,108
06/22/2019,BDR,CT,ANE,EN,Federal Contract Tower,0,3,7,1,11,0,1,68,0,69,0,4,75,1,80,108,0,108,188
06/23/2019,BDR,CT,ANE,EN,Federal Contract Tower,0,5,12,0,17,0,0,128,0,128,0,5,140,0,145,128,0,128,273
06/24/2019,BDR,CT,ANE,EN,Federal Contract Tower,0,3,7,0,10,0,5,75,0,80,0,8,82,0,90,136,0,136,226
06/25/2019,BDR,CT,ANE,EN,Federal Contract Tower,0,7,18,0,25,0,0,0,0,0,0,7,18,0,25,0,0,0,25
06/26/2019,BDR,CT,ANE,EN,Federal Contract Tower,0,5,9,0,14,0,1,68,5,74,0,6,77,5,88,127,0,127,215
06/27/2019,BDR,CT,ANE,EN,Federal Contract Tower,0,9,10,0,19,0,4,117,0,121,0,13,127,0,140,206,0,206,346
06/28/2019,BDR,CT,ANE,EN,Federal Contract Tower,0,4,12,0,16,0,0,97,0,97,0,4,109,0,113,198,0,198,311
06/29/2019,BDR,CT,ANE,EN,Federal Contract Tower,0,7,11,0,18,0,0,79,0,79,0,7,90,0,97,80,0,80,177
06/30/2019,BDR,CT,ANE,EN,Federal Contract Tower,0,7,7,0,14,0,0,58,0,58,0,7,65,0,72,144,0,144,216
07/01/2019,BDR,CT,ANE,EN,Federal Contract Tower,0,4,5,0,9,0,3,56,0,59,0,7,61,0,68,126,0,126,194
07/02/2019,BDR,CT,ANE,EN,Federal Contract Tower,0,7,12,0,19,0,2,64,0,66,0,9,76,0,85,152,0,152,237
07/03/2019,BDR,CT,ANE,EN,Federal Contract Tower,0,6,9,0,15,0,1,120,0,121,0,7,129,0,136,112,0,112,248
07/04/2019,BDR,CT,ANE,EN,Federal Contract Tower,0,3,10,0,13,0,3,78,0,81,0,6,88,0,94,132,0,132,226
07/05/2019,BDR,CT,ANE,EN,Federal Contract Tower,0,5,19,0,24,0,4,58,0,62,0,9,77,0,86,28,0,28,114
07/06/2019,BDR,CT,ANE,EN,Federal Contract Tower,0,8,15,0,23,0,1,15,0,16,0,9,30,0,39,4,0,4,43
07/07/2019,BDR,CT,ANE,EN,Federal Contract Tower,0,7,18,0,25,0,3,93,0,96,0,10,111,0,121,64,0,64,185
07/08/2019,BDR,CT,ANE,EN,Federal Contract Tower,0,7,8,0,15,0,3,76,0,79,0,10,84,0,94,88,0,88,182
07/09/2019,BDR,CT,ANE,EN,Federal Contract Tower,0,12,11,0,23,0,3,78,0,81,0,15,89,0,104,164,0,164,268
07/10/2019,BDR,CT,ANE,EN,Federal Contract Tower,0,5,23,0,28,0,0,103,0,103,0,5,126,0,131,102,0,102,233
07/11/2019,BDR,CT,ANE,EN,Federal Contract Tower,0,7,9,0,16,0,2,62,0,64,0,9,71,0,80,90,0,90,170
07/12/2019,BDR,CT,ANE,EN,Federal Contract Tower,0,14,22,0,36,0,0,63,0,63,0,14,85,0,99,66,0,66,165
07/13/2019,BDR,CT,ANE,EN,Federal Contract Tower,0,3,3,0,6,0,1,105,0,106,0,4,108,0,112,164,0,164,276
07/14/2019,BDR,CT,ANE,EN,Federal Contract Tower,0,4,22,3,29,0,5,100,0,105,0,9,122,3,134,124,0,124,258
07/15/2019,BDR,CT,ANE,EN,Federal Contract Tower,0,4,8,1,13,0,4,86,0,90,0,8,94,1,103,138,0,138,241
07/16/2019,BDR,CT,ANE,EN,Federal Contract Tower,0,9,8,0,17,0,3,73,0,76,0,12,81,0,93,176,0,176,269
07/17/2019,BDR,CT,ANE,EN,Federal Contract Tower,0,7,10,0,17,0,1,30,0,31,0,8,40,0,48,24,0,24,72
07/18/2019,BDR,CT,ANE,EN,Federal Contract Tower,0,10,28,0,38,0,1,1,0,2,0,11,29,0,40,0,0,0,40
07/19/2019,BDR,CT,ANE,EN,Federal Contract Tower,0,14,32,0,46,0,1,59,0,60,0,15,91,0,106,44,0,44,150
07/20/2019,BDR,CT,ANE,EN,Federal Contract Tower,0,4,9,0,13,0,0,90,0,90,0,4,99,0,103,148,0,148,251
07/21/2019,BDR,CT,ANE,EN,Federal Contract Tower,0,4,18,0,22,0,7,71,0,78,0,11,89,0,100,88,0,88,188
07/22/2019,BDR,CT,ANE,EN,Federal Contract Tower,0,21,4,0,25,0,7,35,0,42,0,28,39,0,67,58,0,58,125
07/23/2019,BDR,CT,ANE,EN,Federal Contract Tower,0,11,17,0,28,0,5,23,0,28,0,16,40,0,56,48,0,48,104
07/24/2019,BDR,CT,ANE,EN,Federal Contract Tower,0,13,8,0,21,0,4,91,0,95,0,17,99,0,116,80,0,80,196
07/25/2019,BDR,CT,ANE,EN,Federal Contract Tower,0,13,11,0,24,0,3,106,0,109,0,16,117,0,133,170,0,170,303
07/26/2019,BDR,CT,ANE,EN,Federal Contract Tower,0,5,10,0,15,0,3,101,0,104,0,8,111,0,119,135,0,135,254
07/27/2019,BDR,CT,ANE,EN,Federal Contract Tower,0,11,5,0,16,0,0,101,0,101,0,11,106,0,117,152,0,152,269
07/28/2019,BDR,CT,ANE,EN,Federal Contract Tower,0,5,9,0,14,0,3,98,0,101,0,8,107,0,115,158,0,158,273
07/29/2019,BDR,CT,ANE,EN,Federal Contract Tower,0,3,4,0,7,0,2,78,0,80,0,5,82,0,87,56,0,56,143
07/30/2019,BDR,CT,ANE,EN,Federal Contract Tower,0,6,9,0,15,0,10,81,0,91,0,16,90,0,106,94,0,94,200
07/31/2019,BDR,CT,ANE,EN,Federal Contract Tower,0,11,11,0,22,0,5,49,0,54,0,16,60,0,76,40,0,40,116
08/01/2019,BDR,CT,ANE,EN,Federal Contract Tower,0,10,14,0,24,0,0,87,0,87,0,10,101,0,111,96,0,96,207
08/02/2019,BDR,CT,ANE,EN,Federal Contract Tower,0,10,9,0,19,0,8,87,0,95,0,18,96,0,114,92,0,92,206
08/03/2019,BDR,CT,ANE,EN,Federal Contract Tower,0,8,7,0,15,0,1,79,0,80,0,9,86,0,95,170,0,170,265
08/04/2019,BDR,CT,ANE,EN,Federal Contract Tower,0,4,5,0,9,0,5,104,0,109,0,9,109,0,118,146,0,146,264
08/05/2019,BDR,CT,ANE,EN,Federal Contract Tower,0,2,6,1,9,0,2,90,0,92,0,4,96,1,101,60,0,60,161
08/06/2019,BDR,CT,ANE,EN,Federal Contract Tower,0,7,26,0,33,0,4,19,0,23,0,11,45,0,56,10,0,10,66
08/07/2019,BDR,CT,ANE,EN,Federal Contract Tower,0,15,16,0,31,0,1,22,0,23,0,16,38,0,54,4,0,4,58
08/08/2019,BDR,CT,ANE,EN,Federal Contract Tower,0,11,10,0,21,0,2,76,0,78,0,13,86,0,99,56,0,56,155
08/09/2019,BDR,CT,ANE,EN,Federal Contract Tower,0,9,10,0,19,0,3,51,0,54,0,12,61,0,73,46,0,46,119
08/10/2019,BDR,CT,ANE,EN,Federal Contract Tower,0,2,6,0,8,0,2,82,0,84,0,4,88,0,92,56,0,56,148
08/11/2019,BDR,CT,ANE,EN,Federal Contract Tower,0,5,8,0,13,0,5,98,0,103,0,10,106,0,116,135,0,135,251
08/12/2019,BDR,CT,ANE,EN,Federal Contract Tower,0,4,11,0,15,0,7,74,0,81,0,11,85,0,96,80,0,80,176
08/13/2019,BDR,CT,ANE,EN,Federal Contract Tower,0,10,5,0,15,0,0,16,0,16,0,10,21,0,31,16,0,16,47
08/14/2019,BDR,CT,ANE,EN,Federal Contract Tower,0,12,8,0,20,0,2,45,0,47,0,14,53,0,67,46,0,46,113
08/15/2019,BDR,CT,ANE,EN,Federal Contract Tower,0,8,14,0,22,0,2,112,0,114,0,10,126,0,136,124,2,126,262
08/16/2019,BDR,CT,ANE,EN,Federal Contract Tower,0,12,16,0,28,0,4,68,0,72,0,16,84,0,100,102,0,102,202
08/17/2019,BDR,CT,ANE,EN,Federal Contract Tower,0,2,43,0,45,0,0,11,0,11,0,2,54,0,56,0,0,0,56
08/18/2019,BDR,CT,ANE,EN,Federal Contract Tower,0,13,20,0,33,0,1,56,0,57,0,14,76,0,90,48,0,48,138
08/19/2019,BDR,CT,ANE,EN,Federal Contract Tower,0,3,13,0,16,0,6,76,0,82,0,9,89,0,98,88,0,88,186
08/20/2019,BDR,CT,ANE,EN,Federal Contract Tower,0,10,21,0,31,0,5,76,0,81,0,15,97,0,112,138,0,138,250
08/21/2019,BDR,CT,ANE,EN,Federal Contract Tower,0,14,17,2,33,0,2,19,0,21,0,16,36,2,54,28,2,30,84
08/22/2019,BDR,CT,ANE,EN,Federal Contract Tower,0,13,12,0,25,0,2,92,2,96,0,15,104,2,121,62,10,72,193
08/23/2019,BDR,CT,ANE,EN,Federal Contract Tower,0,15,9,0,24,0,2,82,0,84,0,17,91,0,108,46,0,46,154
08/24/2019,BDR,CT,ANE,EN,Federal Contract Tower,0,12,6,0,18,0,2,84,0,86,0,14,90,0,104,102,0,102,206
08/25/2019,BDR,CT,ANE,EN,Federal Contract Tower,0,12,16,0,28,0,1,79,0,80,0,13,95,0,108,150,0,150,258
08/26/2019,BDR,CT,ANE,EN,Federal Contract Tower,0,11,6,0,17,0,6,72,0,78,0,17,78,0,95,108,0,108,203
08/27/2019,BDR,CT,ANE,EN,Federal Contract Tower,0,6,10,0,16,0,1,59,0,60,0,7,69,0,76,76,0,76,152
08/28/2019,BDR,CT,ANE,EN,Federal Contract Tower,0,9,14,0,23,0,3,3,0,6,0,12,17,0,29,0,0,0,29
08/30/2019,BDR,CT,ANE,EN,Federal Contract Tower,0,6,14,0,20,0,2,120,0,122,0,8,134,0,142,104,0,104,246
08/31/2019,BDR,CT,ANE,EN,Federal Contract Tower,0,4,5,0,9,0,2,87,0,89,0,6,92,0,98,150,0,150,248
09/01/2019,BDR,CT,ANE,EN,Federal Contract Tower,0,1,7,0,8,0,2,113,0,115,0,3,120,0,123,190,0,190,313
09/02/2019,BDR,CT,ANE,EN,Federal Contract Tower,0,14,10,0,24,0,7,40,0,47,0,21,50,0,71,44,0,44,115
09/03/2019,BDR,CT,ANE,EN,Federal Contract Tower,0,12,14,0,26,0,11,82,0,93,0,23,96,0,119,160,0,160,279
09/04/2019,BDR,CT,ANE,EN,Federal Contract Tower,0,8,11,0,19,0,4,41,0,45,0,12,52,0,64,36,0,36,100
09/05/2019,BDR,CT,ANE,EN,Federal Contract Tower,0,5,14,0,19,0,1,75,0,76,0,6,89,0,95,100,14,114,209
09/06/2019,BDR,CT,ANE,EN,Federal Contract Tower,0,9,10,0,19,0,1,25,0,26,0,10,35,0,45,4,0,4,49
09/07/2019,BDR,CT,ANE,EN,Federal Contract Tower,0,5,5,0,10,0,2,86,0,88,0,7,91,0,98,170,0,170,268
09/08/2019,BDR,CT,ANE,EN,Federal Contract Tower,0,10,9,0,19,0,2,78,0,80,0,12,87,0,99,182,0,182,281
09/09/2019,BDR,CT,ANE,EN,Federal Contract Tower,0,6,6,0,12,0,4,60,0,64,0,10,66,0,76,86,0,86,162
09/10/2019,BDR,CT,ANE,EN,Federal Contract Tower,0,5,18,0,23,0,0,53,0,53,0,5,71,0,76,22,2,24,100
09/11/2019,BDR,CT,ANE,EN,Federal Contract Tower,0,10,6,0,16,0,2,54,0,56,0,12,60,0,72,44,0,44,116
09/12/2019,BDR,CT,ANE,EN,Federal Contract Tower,0,14,22,0,36,0,0,15,0,15,0,14,37,0,51,38,0,38,89
09/13/2019,BDR,CT,ANE,EN,Federal Contract Tower,0,8,9,0,17,0,8,86,0,94,0,16,95,0,111,114,0,114,225
09/14/2019,BDR,CT,ANE,EN,Federal Contract Tower,0,7,13,0,20,0,5,75,0,80,0,12,88,0,100,144,0,144,244
09/15/2019,BDR,CT,ANE,EN,Federal Contract Tower,0,8,3,0,11,0,8,89,0,97,0,16,92,0,108,176,0,176,284
09/16/2019,BDR,CT,ANE,EN,Federal Contract Tower,0,11,7,0,18,0,0,32,0,32,0,11,39,0,50,38,0,38,88
09/17/2019,BDR,CT,ANE,EN,Federal Contract Tower,0,4,8,0,12,0,5,83,0,88,0,9,91,0,100,118,0,118,218
09/18/2019,BDR,CT,ANE,EN,Federal Contract Tower,0,7,7,0,14,0,2,68,0,70,0,9,75,0,84,78,0,78,162
09/19/2019,BDR,CT,ANE,EN,Federal Contract Tower,0,10,6,0,16,0,4,74,0,78,0,14,80,0,94,92,0,92,186
09/20/2019,BDR,CT,ANE,EN,Federal Contract Tower,0,2,12,0,14,0,2,94,0,96,0,4,106,0,110,74,0,74,184
09/21/2019,BDR,CT,ANE,EN,Federal Contract Tower,0,9,8,0,17,0,8,139,0,147,0,17,147,0,164,102,0,102,266
09/22/2019,BDR,CT,ANE,EN,Federal Contract Tower,0,1,7,0,8,0,4,92,0,96,0,5,99,0,104,140,0,140,244
09/23/2019,BDR,CT,ANE,EN,Federal Contract Tower,0,8,8,0,16,0,0,72,0,72,0,8,80,0,88,140,0,140,228
09/24/2019,BDR,CT,ANE,EN,Federal Contract Tower,0,6,13,0,19,0,0,73,0,73,0,6,86,0,92,32,0,32,124
09/25/2019,BDR,CT,ANE,EN,Federal Contract Tower,0,5,12,0,17,0,4,69,5,78,0,9,81,5,95,134,0,134,229
09/26/2019,BDR,CT,ANE,EN,Federal Contract Tower,0,13,9,0,22,0,0,51,0,51,0,13,60,0,73,70,0,70,143
09/27/2019,BDR,CT,ANE,EN,Federal Contract Tower,0,10,8,0,18,0,3,89,0,92,0,13,97,0,110,152,0,152,262
09/28/2019,BDR,CT,ANE,EN,Federal Contract Tower,0,3,7,0,10,0,0,71,0,71,0,3,78,0,81,170,0,170,251
09/29/2019,BDR,CT,ANE,EN,Federal Contract Tower,0,7,7,0,14,0,4,99,0,103,0,11,106,0,117,173,0,173,290
09/30/2019,BDR,CT,ANE,EN,Federal Contract Tower,0,2,6,0,8,0,2,53,0,55,0,4,59,0,63,96,0,96,159
10/01/2019,BDR,CT,ANE,EN,Federal Contract Tower,0,7,25,0,32,0,2,47,0,49,0,9,72,0,81,124,0,124,205
10/02/2019,BDR,CT,ANE,EN,Federal Contract Tower,0,11,2,0,13,0,0,35,0,35,0,11,37,0,48,66,0,66,114
10/03/2019,BDR,CT,ANE,EN,Federal Contract Tower,0,11,20,2,33,0,0,0,0,0,0,11,20,2,33,0,0,0,33
10/04/2019,BDR,CT,ANE,EN,Federal Contract Tower,0,8,7,0,15,0,2,52,0,54,0,10,59,0,69,12,0,12,81
10/05/2019,BDR,CT,ANE,EN,Federal Contract Tower,0,4,7,0,11,0,4,115,0,119,0,8,122,0,130,242,0,242,372
10/06/2019,BDR,CT,ANE,EN,Federal Contract Tower,0,6,15,0,21,0,0,43,0,43,0,6,58,0,64,60,0,60,124
10/07/2019,BDR,CT,ANE,EN,Federal Contract Tower,0,5,7,0,12,0,14,51,0,65,0,19,58,0,77,74,0,74,151
10/08/2019,BDR,CT,ANE,EN,Federal Contract Tower,0,8,10,0,18,0,2,54,0,56,0,10,64,0,74,96,0,96,170
10/09/2019,BDR,CT,ANE,EN,Federal Contract Tower,0,2,16,0,18,0,3,7,0,10,0,5,23,0,28,0,0,0,28
10/10/2019,BDR,CT,ANE,EN,Federal Contract Tower,0,10,9,0,19,0,2,14,0,16,0,12,23,0,35,0,0,0,35
10/11/2019,BDR,CT,ANE,EN,Federal Contract Tower,0,13,10,0,23,0,0,31,4,35,0,13,41,4,58,0,0,0,58
10/12/2019,BDR,CT,ANE,EN,Federal Contract Tower,0,4,13,0,17,0,2,59,0,61,0,6,72,0,78,98,0,98,176
10/13/2019,BDR,CT,ANE,EN,Federal Contract Tower,0,5,10,0,15,0,1,74,0,75,0,6,84,0,90,146,0,146,236
10/14/2019,BDR,CT,ANE,EN,Federal Contract Tower,0,6,14,0,20,0,2,73,0,75,0,8,87,0,95,68,0,68,163
10/15/2019,BDR,CT,ANE,EN,Federal Contract Tower,0,4,4,0,8,0,1,87,0,88,0,5,91,0,96,140,0,140,236
10/16/2019,BDR,CT,ANE,EN,Federal Contract Tower,0,5,14,0,19,0,0,28,0,28,0,5,42,0,47,30,0,30,77
10/17/2019,BDR,CT,ANE,EN,Federal Contract Tower,0,7,2,0,9,0,1,8,0,9,0,8,10,0,18,0,0,0,18
10/18/2019,BDR,CT,ANE,EN,Federal Contract Tower,0,9,13,0,22,0,1,65,2,68,0,10,78,2,90,86,0,86,176
10/19/2019,BDR,CT,ANE,EN,Federal Contract Tower,0,1,7,0,8,0,0,119,0,119,0,1,126,0,127,214,0,214,341
10/20/2019,BDR,CT,ANE,EN,Federal Contract Tower,0,4,17,0,21,0,1,77,0,78,0,5,94,0,99,128,0,128,227
10/21/2019,BDR,CT,ANE,EN,Federal Contract Tower,0,4,6,0,10,0,4,91,0,95,0,8,97,0,105,124,0,124,229
10/22/2019,BDR,CT,ANE,EN,Federal Contract Tower,0,13,15,0,28,0,0,2,0,2,0,13,17,0,30,0,0,0,30
10/23/2019,BDR,CT,ANE,EN,Federal Contract Tower,0,7,12,0,19,0,1,69,0,70,0,8,81,0,89,204,0,204,293
10/24/2019,BDR,CT,ANE,EN,Federal Contract Tower,0,8,9,0,17,0,2,63,0,65,0,10,72,0,82,122,0,122,204
10/25/2019,BDR,CT,ANE,EN,Federal Contract Tower,0,6,10,0,16,0,2,64,0,66,0,8,74,0,82,128,0,128,210
10/26/2019,BDR,CT,ANE,EN,Federal Contract Tower,0,5,6,0,11,0,11,90,0,101,0,16,96,0,112,220,0,220,332
10/27/2019,BDR,CT,ANE,EN,Federal Contract Tower,0,9,7,0,16,0,0,2,0,2,0,9,9,0,18,0,0,0,18
10/28/2019,BDR,CT,ANE,EN,Federal Contract Tower,0,3,13,0,16,0,0,47,0,47,0,3,60,0,63,98,0,98,161
10/29/2019,BDR,CT,ANE,EN,Federal Contract Tower,0,12,6,0,18,0,0,0,0,0,0,12,6,0,18,0,0,0,18
10/30/2019,BDR,CT,ANE,EN,Federal Contract Tower,0,8,13,0,21,0,0,0,0,0,0,8,13,0,21,0,0,0,21
10/31/2019,BDR,CT,ANE,EN,Federal Contract Tower,0,7,13,0,20,0,0,0,0,0,0,7,13,0,20,0,0,0,20
11/01/2019,BDR,CT,ANE,EN,Federal Contract Tower,0,7,5,0,12,0,0,23,0,23,0,7,28,0,35,2,0,2,37
11/02/2019,BDR,CT,ANE,EN,Federal Contract Tower,0,6,6,0,12,0,0,100,0,100,0,6,106,0,112,88,0,88,200
11/03/2019,BDR,CT,ANE,EN,Federal Contract Tower,0,6,8,0,14,0,0,100,0,100,0,6,108,0,114,124,0,124,238
11/04/2019,BDR,CT,ANE,EN,Federal Contract Tower,0,4,8,0,12,0,0,58,0,58,0,4,66,0,70,122,0,122,192
11/05/2019,BDR,CT,ANE,EN,Federal Contract Tower,0,4,7,0,11,0,0,29,0,29,0,4,36,0,40,26,0,26,66
11/06/2019,BDR,CT,ANE,EN,Federal Contract Tower,0,4,9,0,13,0,1,95,0,96,0,5,104,0,109,120,0,120,229
11/07/2019,BDR,CT,ANE,EN,Federal Contract Tower,0,8,17,0,25,0,0,54,0,54,0,8,71,0,79,64,0,64,143
11/08/2019,BDR,CT,ANE,EN,Federal Contract Tower,0,11,7,0,18,0,0,10,0,10,0,11,17,0,28,0,0,0,28
11/09/2019,BDR,CT,ANE,EN,Federal Contract Tower,0,2,7,0,9,0,1,89,0,90,0,3,96,0,99,170,0,170,269
11/10/2019,BDR,CT,ANE,EN,Federal Contract Tower,0,8,13,0,21,0,1,55,0,56,0,9,68,0,77,150,0,150,227
11/11/2019,BDR,CT,ANE,EN,Federal Contract Tower,0,10,7,0,17,0,1,70,0,71,0,11,77,0,88,133,0,133,221
11/12/2019,BDR,CT,ANE,EN,Federal Contract Tower,0,5,1,0,6,0,0,0,0,0,0,5,1,0,6,0,0,0,6
11/13/2019,BDR,CT,ANE,EN,Federal Contract Tower,0,6,8,0,14,0,6,41,0,47,0,12,49,0,61,12,0,12,73
11/14/2019,BDR,CT,ANE,EN,Federal Contract Tower,0,10,7,0,17,0,0,60,0,60,0,10,67,0,77,70,0,70,147
11/15/2019,BDR,CT,ANE,EN,Federal Contract Tower,0,7,7,0,14,0,0,74,0,74,0,7,81,0,88,128,0,128,216
11/16/2019,BDR,CT,ANE,EN,Federal Contract Tower,0,3,11,0,14,0,0,50,0,50,0,3,61,0,64,80,0,80,144
11/17/2019,BDR,CT,ANE,EN,Federal Contract Tower,0,5,7,0,12,0,0,39,0,39,0,5,46,0,51,53,0,53,104
11/18/2019,BDR,CT,ANE,EN,Federal Contract Tower,0,0,10,0,10,0,0,3,0,3,0,0,13,0,13,6,0,6,19
11/19/2019,BDR,CT,ANE,EN,Federal Contract Tower,0,14,24,0,38,0,0,48,2,50,0,14,72,2,88,90,0,90,178
11/20/2019,BDR,CT,ANE,EN,Federal Contract Tower,0,7,10,0,17,0,0,30,0,30,0,7,40,0,47,76,0,76,123
11/21/2019,BDR,CT,ANE,EN,Federal Contract Tower,0,9,12,0,21,0,1,63,0,64,0,10,75,0,85,122,0,122,207
11/22/2019,BDR,CT,ANE,EN,Federal Contract Tower,0,14,4,0,18,0,0,18,0,18,0,14,22,0,36,12,0,12,48
11/23/2019,BDR,CT,ANE,EN,Federal Contract Tower,0,5,7,0,12,0,0,108,0,108,0,5,115,0,120,150,0,150,270
11/24/2019,BDR,CT,ANE,EN,Federal Contract Tower,0,1,6,0,7,0,0,0,0,0,0,1,6,0,7,0,0,0,7
11/25/2019,BDR,CT,ANE,EN,Federal Contract Tower,0,5,8,0,13,0,0,53,0,53,0,5,61,0,66,94,0,94,160
11/26/2019,BDR,CT,ANE,EN,Federal Contract Tower,0,8,13,0,21,0,4,89,0,93,0,12,102,0,114,134,0,134,248
11/27/2019,BDR,CT,ANE,EN,Federal Contract Tower,0,9,29,0,38,0,0,27,0,27,0,9,56,0,65,12,0,12,77
11/28/2019,BDR,CT,ANE,EN,Federal Contract Tower,0,5,0,0,5,0,0,9,0,9,0,5,9,0,14,0,0,0,14
11/29/2019,BDR,CT,ANE,EN,Federal Contract Tower,0,5,10,0,15,0,0,63,0,63,0,5,73,0,78,34,0,34,112
11/30/2019,BDR,CT,ANE,EN,Federal Contract Tower,0,7,19,0,26,0,0,84,0,84,0,7,103,0,110,54,0,54,164
12/01/2019,BDR,CT,ANE,EN,Federal Contract Tower,0,1,15,0,16,0,0,5,0,5,0,1,20,0,21,0,0,0,21
12/02/2019,BDR,CT,ANE,EN,Federal Contract Tower,0,3,4,0,7,0,0,0,0,0,0,3,4,0,7,0,0,0,7
12/03/2019,BDR,CT,ANE,EN,Federal Contract Tower,0,0,11,0,11,0,0,39,0,39,0,0,50,0,50,20,0,20,70
12/04/2019,BDR,CT,ANE,EN,Federal Contract Tower,0,10,9,0,19,0,0,42,2,44,0,10,51,2,63,82,0,82,145
12/05/2019,BDR,CT,ANE,EN,Federal Contract Tower,0,12,11,0,23,0,6,36,0,42,0,18,47,0,65,32,0,32,97
12/06/2019,BDR,CT,ANE,EN,Federal Contract Tower,0,10,9,0,19,0,0,62,2,64,0,10,71,2,83,144,0,144,227
12/07/2019,BDR,CT,ANE,EN,Federal Contract Tower,0,2,4,0,6,0,0,112,0,112,0,2,116,0,118,173,0,173,291
12/08/2019,BDR,CT,ANE,EN,Federal Contract Tower,0,9,8,0,17,0,2,90,0,92,0,11,98,0,109,144,0,144,253
12/09/2019,BDR,CT,ANE,EN,Federal Contract Tower,0,5,6,0,11,0,0,0,0,0,0,5,6,0,11,0,0,0,11
12/10/2019,BDR,CT,ANE,EN,Federal Contract Tower,0,3,6,0,9,0,4,4,0,8,0,7,10,0,17,2,0,2,19
12/11/2019,BDR,CT,ANE,EN,Federal Contract Tower,0,6,6,0,12,0,4,24,0,28,0,10,30,0,40,36,0,36,76
12/12/2019,BDR,CT,ANE,EN,Federal Contract Tower,0,5,11,0,16,0,0,48,0,48,0,5,59,0,64,76,0,76,140
12/13/2019,BDR,CT,ANE,EN,Federal Contract Tower,0,5,22,0,27,0,0,4,0,4,0,5,26,0,31,6,0,6,37
12/14/2019,BDR,CT,ANE,EN,Federal Contract Tower,0,2,7,0,9,0,0,0,0,0,0,2,7,0,9,0,0,0,9
12/15/2019,BDR,CT,ANE,EN,Federal Contract Tower,0,3,4,0,7,0,0,25,0,25,0,3,29,0,32,20,0,20,52
12/16/2019,BDR,CT,ANE,EN,Federal Contract Tower,0,9,7,0,16,0,1,56,0,57,0,10,63,0,73,68,0,68,141
12/17/2019,BDR,CT,ANE,EN,Federal Contract Tower,0,0,4,0,4,0,0,0,0,0,0,0,4,0,4,0,0,0,4
12/18/2019,BDR,CT,ANE,EN,Federal Contract Tower,0,4,13,0,17,0,2,35,0,37,0,6,48,0,54,0,0,0,54
12/19/2019,BDR,CT,ANE,EN,Federal Contract Tower,0,15,7,0,22,0,0,40,0,40,0,15,47,0,62,50,0,50,112
12/20/2019,BDR,CT,ANE,EN,Federal Contract Tower,0,11,6,0,17,0,0,46,0,46,0,11,52,0,63,36,0,36,99
12/21/2019,BDR,CT,ANE,EN,Federal Contract Tower,0,4,15,0,19,0,3,68,0,71,0,7,83,0,90,136,0,136,226
12/22/2019,BDR,CT,ANE,EN,Federal Contract Tower,0,4,5,0,9,0,0,63,0,63,0,4,68,0,72,74,0,74,146
12/23/2019,BDR,CT,ANE,EN,Federal Contract Tower,0,3,10,0,13,0,0,93,0,93,0,3,103,0,106,130,0,130,236
12/24/2019,BDR,CT,ANE,EN,Federal Contract Tower,0,3,1,0,4,0,0,42,0,42,0,3,43,0,46,42,0,42,88
12/25/2019,BDR,CT,ANE,EN,Federal Contract Tower,0,0,4,0,4,0,0,12,0,12,0,0,16,0,16,14,0,14,30
12/26/2019,BDR,CT,ANE,EN,Federal Contract Tower,0,9,23,0,32,0,0,19,0,19,0,9,42,0,51,46,0,46,97
12/27/2019,BDR,CT,ANE,EN,Federal Contract Tower,0,9,8,0,17,0,0,29,0,29,0,9,37,0,46,104,0,104,150
12/28/2019,BDR,CT,ANE,EN,Federal Contract Tower,0,1,5,0,6,0,0,82,0,82,0,1,87,0,88,122,0,122,210
12/29/2019,BDR,CT,ANE,EN,Federal Contract Tower,0,4,2,0,6,0,0,47,0,47,0,4,49,0,53,106,0,106,159
12/30/2019,BDR,CT,ANE,EN,Federal Contract Tower,0,3,0,0,3,0,0,0,0,0,0,3,0,0,3,0,0,0,3
12/31/2019,BDR,CT,ANE,EN,Federal Contract Tower,0,5,5,0,10,0,0,15,0,15,0,5,20,0,25,36,0,36,61
01/01/2020,BDR,CT,ANE,EN,Federal Contract Tower,0,4,4,0,8,0,0,33,0,33,0,4,37,0,41,24,0,24,65
01/02/2020,BDR,CT,ANE,EN,Federal Contract Tower,0,4,4,0,8,0,4,57,0,61,0,8,61,0,69,62,0,62,131
01/03/2020,BDR,CT,ANE,EN,Federal Contract Tower,0,3,17,0,20,0,0,0,0,0,0,3,17,0,20,0,0,0,20
01/04/2020,BDR,CT,ANE,EN,Federal Contract Tower,0,2,4,0,6,0,0,0,0,0,0,2,4,0,6,0,0,0,6
01/05/2020,BDR,CT,ANE,EN,Federal Contract Tower,0,6,10,0,16,0,0,29,0,29,0,6,39,0,45,12,0,12,57
01/06/2020,BDR,CT,ANE,EN,Federal Contract Tower,0,6,2,0,8,0,0,32,0,32,0,6,34,0,40,58,0,58,98
01/07/2020,BDR,CT,ANE,EN,Federal Contract Tower,0,7,7,0,14,0,0,47,0,47,0,7,54,0,61,56,0,56,117
01/08/2020,BDR,CT,ANE,EN,Federal Contract Tower,0,6,13,0,19,0,1,23,0,24,0,7,36,0,43,0,0,0,43
01/09/2020,BDR,CT,ANE,EN,Federal Contract Tower,0,8,8,0,16,0,2,69,2,73,0,10,77,2,89,118,4,122,211
01/10/2020,BDR,CT,ANE,EN,Federal Contract Tower,0,2,7,0,9,0,0,46,0,46,0,2,53,0,55,124,0,124,179
01/11/2020,BDR,CT,ANE,EN,Federal Contract Tower,0,7,16,0,23,0,1,44,0,45,0,8,60,0,68,134,0,134,202
01/12/2020,BDR,CT,ANE,EN,Federal Contract Tower,0,1,8,0,9,0,0,38,0,38,0,1,46,0,47,60,0,60,107
01/13/2020,BDR,CT,ANE,EN,Federal Contract Tower,0,5,9,0,14,0,0,6,0,6,0,5,15,0,20,0,0,0,20
01/14/2020,BDR,CT,ANE,EN,Federal Contract Tower,0,5,13,0,18,0,0,18,0,18,0,5,31,0,36,24,0,24,60
01/15/2020,BDR,CT,ANE,EN,Federal Contract Tower,0,9,7,0,16,0,0,94,0,94,0,9,101,0,110,172,0,172,282
01/16/2020,BDR,CT,ANE,EN,Federal Contract Tower,0,8,6,0,14,0,0,3,0,3,0,8,9,0,17,0,0,0,17
01/17/2020,BDR,CT,ANE,EN,Federal Contract Tower,0,5,13,0,18,0,0,23,0,23,0,5,36,0,41,16,0,16,57
01/18/2020,BDR,CT,ANE,EN,Federal Contract Tower,0,1,1,0,2,0,0,45,0,45,0,1,46,0,47,90,0,90,137
01/19/2020,BDR,CT,ANE,EN,Federal Contract Tower,0,6,6,0,12,0,0,52,0,52,0,6,58,0,64,74,0,74,138
01/20/2020,BDR,CT,ANE,EN,Federal Contract Tower,0,4,10,0,14,0,4,48,0,52,0,8,58,0,66,24,0,24,90
01/21/2020,BDR,CT,ANE,EN,Federal Contract Tower,0,7,9,0,16,0,2,59,0,61,0,9,68,0,77,72,0,72,149
01/22/2020,BDR,CT,ANE,EN,Federal Contract Tower,0,10,4,0,14,0,3,55,0,58,0,13,59,0,72,134,0,134,206
01/23/2020,BDR,CT,ANE,EN,Federal Contract Tower,0,4,9,0,13,0,3,46,0,49,0,7,55,0,62,90,0,90,152
01/24/2020,BDR,CT,ANE,EN,Federal Contract Tower,0,6,8,0,14,0,0,75,2,77,0,6,83,2,91,182,2,184,275
01/25/2020,BDR,CT,ANE,EN,Federal Contract Tower,0,3,3,0,6,0,0,0,0,0,0,3,3,0,6,0,0,0,6
01/26/2020,BDR,CT,ANE,EN,Federal Contract Tower,0,3,7,0,10,0,0,99,0,99,0,3,106,0,109,226,0,226,335
01/27/2020,BDR,CT,ANE,EN,Federal Contract Tower,0,1,7,0,8,0,0,39,0,39,0,1,46,0,47,90,0,90,137
01/28/2020,BDR,CT,ANE,EN,Federal Contract Tower,0,6,4,0,10,0,6,39,0,45,0,12,43,0,55,96,0,96,151
01/29/2020,BDR,CT,ANE,EN,Federal Contract Tower,0,6,9,0,15,0,1,67,0,68,0,7,76,0,83,102,0,102,185
01/30/2020,BDR,CT,ANE,EN,Federal Contract Tower,0,8,18,0,26,0,2,46,0,48,0,10,64,0,74,74,0,74,148
01/31/2020,BDR,CT,ANE,EN,Federal Contract Tower,0,7,5,0,12,0,0,41,0,41,0,7,46,0,53,92,0,92,145
02/01/2020,BDR,CT,ANE,EN,Federal Contract Tower,0,3,9,0,12,0,0,0,0,0,0,3,9,0,12,0,0,0,12
02/02/2020,BDR,CT,ANE,EN,Federal Contract Tower,0,2,9,0,11,0,0,54,0,54,0,2,63,0,65,198,0,198,263
02/03/2020,BDR,CT,ANE,EN,Federal Contract Tower,0,8,7,0,15,0,0,64,0,64,0,8,71,0,79,110,0,110,189
02/04/2020,BDR,CT,ANE,EN,Federal Contract Tower,0,6,12,0,18,0,0,27,0,27,0,6,39,0,45,66,0,66,111
02/05/2020,BDR,CT,ANE,EN,Federal Contract Tower,0,6,11,0,17,0,0,54,0,54,0,6,65,0,71,146,0,146,217
02/06/2020,BDR,CT,ANE,EN,Federal Contract Tower,0,2,6,0,8,0,0,0,0,0,0,2,6,0,8,0,0,0,8
02/07/2020,BDR,CT,ANE,EN,Federal Contract Tower,0,8,3,0,11,0,0,1,0,1,0,8,4,0,12,0,0,0,12
02/08/2020,BDR,CT,ANE,EN,Federal Contract Tower,0,2,5,0,7,0,2,59,0,61,0,4,64,0,68,152,0,152,220
02/09/2020,BDR,CT,ANE,EN,Federal Contract Tower,0,4,11,0,15,0,0,75,0,75,0,4,86,0,90,254,0,254,344
02/10/2020,BDR,CT,ANE,EN,Federal Contract Tower,0,2,14,0,16,0,0,3,0,3,0,2,17,0,19,0,0,0,19
02/11/2020,BDR,CT,ANE,EN,Federal Contract Tower,0,6,5,0,11,0,0,0,0,0,0,6,5,0,11,0,0,0,11
02/12/2020,BDR,CT,ANE,EN,Federal Contract Tower,0,2,20,0,22,0,0,64,0,64,0,2,84,0,86,106,0,106,192
02/13/2020,BDR,CT,ANE,EN,Federal Contract Tower,0,3,17,0,20,0,0,3,0,3,0,3,20,0,23,0,0,0,23
02/14/2020,BDR,CT,ANE,EN,Federal Contract Tower,0,8,8,0,16,0,0,29,0,29,0,8,37,0,45,12,0,12,57
02/15/2020,BDR,CT,ANE,EN,Federal Contract Tower,0,1,13,0,14,0,2,54,0,56,0,3,67,0,70,158,0,158,228
02/16/2020,BDR,CT,ANE,EN,Federal Contract Tower,0,2,3,0,5,0,0,71,0,71,0,2,74,0,76,228,0,228,304
02/17/2020,BDR,CT,ANE,EN,Federal Contract Tower,0,5,11,0,16,0,4,82,0,86,0,9,93,0,102,194,0,194,296
02/18/2020,BDR,CT,ANE,EN,Federal Contract Tower,0,12,5,0,17,0,0,2,0,2,0,12,7,0,19,0,0,0,19
02/19/2020,BDR,CT,ANE,EN,Federal Contract Tower,0,6,5,0,11,0,1,38,4,43,0,7,43,4,54,58,0,58,112
02/20/2020,BDR,CT,ANE,EN,Federal Contract Tower,0,6,2,0,8,0,1,60,0,61,0,7,62,0,69,120,0,120,189
02/21/2020,BDR,CT,ANE,EN,Federal Contract Tower,0,4,13,0,17,0,2,57,0,59,0,6,70,0,76,148,0,148,224
02/22/2020,BDR,CT,ANE,EN,Federal Contract Tower,0,0,11,0,11,0,0,58,0,58,0,0,69,0,69,132,0,132,201
02/23/2020,BDR,CT,ANE,EN,Federal Contract Tower,0,2,2,0,4,0,0,95,0,95,0,2,97,0,99,190,0,190,289
02/25/2020,BDR,CT,ANE,EN,Federal Contract Tower,0,9,9,0,18,0,2,14,0,16,0,11,23,0,34,12,0,12,46
02/26/2020,BDR,CT,ANE,EN,Federal Contract Tower,0,2,18,0,20,0,0,0,0,0,0,2,18,0,20,0,0,0,20
02/27/2020,BDR,CT,ANE,EN,Federal Contract Tower,0,7,8,0,15,0,0,4,0,4,0,7,12,0,19,0,0,0,19
02/28/2020,BDR,CT,ANE,EN,Federal Contract Tower,0,3,9,0,12,0,0,12,0,12,0,3,21,0,24,14,0,14,38
02/29/2020,BDR,CT,ANE,EN,Federal Contract Tower,0,3,4,0,7,0,0,58,0,58,0,3,62,0,65,152,0,152,217
03/01/2020,BDR,CT,ANE,EN,Federal Contract Tower,0,6,6,0,12,0,0,41,0,41,0,6,47,0,53,118,0,118,171
03/02/2020,BDR,CT,ANE,EN,Federal Contract Tower,0,7,8,0,15,0,1,72,0,73,0,8,80,0,88,174,0,174,262
03/03/2020,BDR,CT,ANE,EN,Federal Contract Tower,0,8,4,0,12,0,1,18,0,19,0,9,22,0,31,10,0,10,41
03/04/2020,BDR,CT,ANE,EN,Federal Contract Tower,0,12,8,0,20,0,0,20,0,20,0,12,28,0,40,6,0,6,46
03/05/2020,BDR,CT,ANE,EN,Federal Contract Tower,0,3,10,0,13,0,2,66,0,68,0,5,76,0,81,108,2,110,191
03/06/2020,BDR,CT,ANE,EN,Federal Contract Tower,0,10,7,0,17,0,0,25,0,25,0,10,32,0,42,32,0,32,74
03/07/2020,BDR,CT,ANE,EN,Federal Contract Tower,0,0,2,0,2,0,0,37,0,37,0,0,39,0,39,10,0,10,49
03/08/2020,BDR,CT,ANE,EN,Federal Contract Tower,0,2,7,0,9,0,0,151,0,151,0,2,158,0,160,238,0,238,398
03/09/2020,BDR,CT,ANE,EN,Federal Contract Tower,0,4,3,0,7,0,2,82,0,84,0,6,85,0,91,250,0,250,341
03/10/2020,BDR,CT,ANE,EN,Federal Contract Tower,0,5,11,0,16,0,0,40,0,40,0,5,51,0,56,58,0,58,114
03/11/2020,BDR,CT,ANE,EN,Federal Contract Tower,0,10,18,0,28,0,0,75,0,75,0,10,93,0,103,178,0,178,281
03/12/2020,BDR,CT,ANE,EN,Federal Contract Tower,0,9,14,0,23,0,0,28,4,32,0,9,42,4,55,40,0,40,95
03/13/2020,BDR,CT,ANE,EN,Federal Contract Tower,0,4,3,0,7,0,0,0,0,0,0,4,3,0,7,6,0,6,13
03/14/2020,BDR,CT,ANE,EN,Federal Contract Tower,0,7,13,0,20,0,0,104,0,104,0,7,117,0,124,172,0,172,296
03/15/2020,BDR,CT,ANE,EN,Federal Contract Tower,0,9,5,0,14,0,0,87,0,87,0,9,92,0,101,206,0,206,307
03/16/2020,BDR,CT,ANE,EN,Federal Contract Tower,0,9,5,0,14,0,1,57,0,58,0,10,62,0,72,137,0,137,209
03/17/2020,BDR,CT,ANE,EN,Federal Contract Tower,0,3,8,0,11,0,0,2,0,2,0,3,10,0,13,0,0,0,13
03/18/2020,BDR,CT,ANE,EN,Federal Contract Tower,0,6,14,0,20,0,0,52,0,52,0,6,66,0,72,106,0,106,178
03/19/2020,BDR,CT,ANE,EN,Federal Contract Tower,0,7,2,1,10,0,0,0,0,0,0,7,2,1,10,0,0,0,10
03/20/2020,BDR,CT,ANE,EN,Federal Contract Tower,0,5,6,0,11,0,0,4,10,14,0,5,10,10,25,0,0,0,25
03/21/2020,BDR,CT,ANE,EN,Federal Contract Tower,0,0,1,0,1,0,0,52,0,52,0,0,53,0,53,100,0,100,153
03/22/2020,BDR,CT,ANE,EN,Federal Contract Tower,0,3,9,0,12,0,0,68,0,68,0,3,77,0,80,184,0,184,264
03/23/2020,BDR,CT,ANE,EN,Federal Contract Tower,0,1,1,0,2,0,0,0,0,0,0,1,1,0,2,0,0,0,2
03/24/2020,BDR,CT,ANE,EN,Federal Contract Tower,0,2,4,0,6,0,0,20,0,20,0,2,24,0,26,46,0,46,72
03/25/2020,BDR,CT,ANE,EN,Federal Contract Tower,0,2,1,0,3,0,0,4,0,4,0,2,5,0,7,0,0,0,7
03/26/2020,BDR,CT,ANE,EN,Federal Contract Tower,0,3,17,0,20,0,0,66,0,66,0,3,83,0,86,92,0,92,178
03/27/2020,BDR,CT,ANE,EN,Federal Contract Tower,0,2,3,0,5,0,0,20,0,20,0,2,23,0,25,30,0,30,55
03/28/2020,BDR,CT,ANE,EN,Federal Contract Tower,0,0,0,0,0,0,0,13,0,13,0,0,13,0,13,72,0,72,85
03/29/2020,BDR,CT,ANE,EN,Federal Contract Tower,0,3,5,0,8,0,0,0,0,0,0,3,5,0,8,0,0,0,8
03/30/2020,BDR,CT,ANE,EN,Federal Contract Tower,0,3,5,0,8,0,0,5,0,5,0,3,10,0,13,16,0,16,29
03/31/2020,BDR,CT,ANE,EN,Federal Contract Tower,0,3,1,0,4,0,16,0,0,16,0,19,1,0,20,116,0,116,136
04/01/2020,BDR,CT,ANE,EN,Federal Contract Tower,0,3,5,0,8,0,0,18,0,18,0,3,23,0,26,64,0,64,90
04/02/2020,BDR,CT,ANE,EN,Federal Contract Tower,0,2,1,0,3,0,0,10,0,10,0,2,11,0,13,0,0,0,13
04/03/2020,BDR,CT,ANE,EN,Federal Contract Tower,0,2,4,2,8,0,0,1,0,1,0,2,5,2,9,0,0,0,9
04/04/2020,BDR,CT,ANE,EN,Federal Contract Tower,0,0,2,0,2,0,0,32,0,32,0,0,34,0,34,72,0,72,106
04/05/2020,BDR,CT,ANE,EN,Federal Contract Tower,0,0,9,0,9,0,0,27,0,27,0,0,36,0,36,108,0,108,144
04/06/2020,BDR,CT,ANE,EN,Federal Contract Tower,0,2,0,0,2,0,0,40,0,40,0,2,40,0,42,90,0,90,132
04/07/2020,BDR,CT,ANE,EN,Federal Contract Tower,0,2,1,2,5,0,0,43,0,43,0,2,44,2,48,132,0,132,180
04/08/2020,BDR,CT,ANE,EN,Federal Contract Tower,0,4,3,0,7,0,0,4,0,4,0,4,7,0,11,10,2,12,23
04/09/2020,BDR,CT,ANE,EN,Federal Contract Tower,0,2,1,0,3,0,0,0,0,0,0,2,1,0,3,0,0,0,3
04/10/2020,BDR,CT,ANE,EN,Federal Contract Tower,0,2,1,0,3,0,0,3,0,3,0,2,4,0,6,0,0,0,6
04/11/2020,BDR,CT,ANE,EN,Federal Contract Tower,0,0,1,0,1,0,0,20,0,20,0,0,21,0,21,56,0,56,77
04/12/2020,BDR,CT,ANE,EN,Federal Contract Tower,0,0,4,0,4,0,0,50,0,50,0,0,54,0,54,146,0,146,200
04/13/2020,BDR,CT,ANE,EN,Federal Contract Tower,0,1,0,0,1,0,0,0,0,0,0,1,0,0,1,0,0,0,1
04/14/2020,BDR,CT,ANE,EN,Federal Contract Tower,0,2,2,0,4,0,0,52,0,52,0,2,54,0,56,162,0,162,218
04/15/2020,BDR,CT,ANE,EN,Federal Contract Tower,0,5,1,0,6,0,0,32,2,34,0,5,33,2,40,46,0,46,86
04/16/2020,BDR,CT,ANE,EN,Federal Contract Tower,0,2,1,0,3,0,0,20,0,20,0,2,21,0,23,40,2,42,65
04/17/2020,BDR,CT,ANE,EN,Federal Contract Tower,0,3,4,0,7,0,0,24,0,24,0,3,28,0,31,46,0,46,77
04/18/2020,BDR,CT,ANE,EN,Federal Contract Tower,0,6,2,0,8,0,0,2,0,2,0,6,4,0,10,24,0,24,34
04/19/2020,BDR,CT,ANE,EN,Federal Contract Tower,0,3,8,0,11,0,0,65,0,65,0,3,73,0,76,84,0,84,160
04/20/2020,BDR,CT,ANE,EN,Federal Contract Tower,0,2,3,0,5,0,0,26,0,26,0,2,29,0,31,62,0,62,93
04/21/2020,BDR,CT,ANE,EN,Federal Contract Tower,0,3,3,0,6,0,0,0,0,0,0,3,3,0,6,0,0,0,6
04/22/2020,BDR,CT,ANE,EN,Federal Contract Tower,0,2,5,0,7,0,0,7,0,7,0,2,12,0,14,0,0,0,14
04/23/2020,BDR,CT,ANE,EN,Federal Contract Tower,0,2,6,0,8,0,0,52,0,52,0,2,58,0,60,208,0,208,268
04/24/2020,BDR,CT,ANE,EN,Federal Contract Tower,0,4,9,0,13,0,0,0,0,0,0,4,9,0,13,0,0,0,13
04/25/2020,BDR,CT,ANE,EN,Federal Contract Tower,0,3,9,0,12,0,0,128,0,128,0,3,137,0,140,122,0,122,262
04/26/2020,BDR,CT,ANE,EN,Federal Contract Tower,0,0,1,0,1,0,0,0,0,0,0,0,1,0,1,0,0,0,1
04/27/2020,BDR,CT,ANE,EN,Federal Contract Tower,0,3,1,0,4,0,0,0,0,0,0,3,1,0,4,0,0,0,4
04/28/2020,BDR,CT,ANE,EN,Federal Contract Tower,0,4,6,0,10,0,0,54,0,54,0,4,60,0,64,146,0,146,210
04/29/2020,BDR,CT,ANE,EN,Federal Contract Tower,0,7,6,0,13,0,0,18,0,18,0,7,24,0,31,38,0,38,69
04/30/2020,BDR,CT,ANE,EN,Federal Contract Tower,0,4,2,0,6,0,1,0,0,1,0,5,2,0,7,0,0,0,7
05/01/2020,BDR,CT,ANE,EN,Federal Contract Tower,0,8,7,0,15,0,0,0,0,0,0,8,7,0,15,0,0,0,15
05/02/2020,BDR,CT,ANE,EN,Federal Contract Tower,0,15,19,0,34,0,0,63,0,63,0,15,82,0,97,60,0,60,157
05/03/2020,BDR,CT,ANE,EN,Federal Contract Tower,0,12,8,0,20,0,0,101,0,101,0,12,109,0,121,220,0,220,341
05/04/2020,BDR,CT,ANE,EN,Federal Contract Tower,0,10,2,0,12,0,0,24,0,24,0,10,26,0,36,74,0,74,110
05/05/2020,BDR,CT,ANE,EN,Federal Contract Tower,0,10,4,0,14,0,0,52,0,52,0,10,56,0,66,170,0,170,236
05/06/2020,BDR,CT,ANE,EN,Federal Contract Tower,0,12,5,1,18,0,0,14,2,16,0,12,19,3,34,52,0,52,86
05/07/2020,BDR,CT,ANE,EN,Federal Contract Tower,0,6,8,0,14,0,2,59,0,61,0,8,67,0,75,176,0,176,251
05/08/2020,BDR,CT,ANE,EN,Federal Contract Tower,0,12,4,0,16,0,0,20,0,20,0,12,24,0,36,76,0,76,112
05/09/2020,BDR,CT,ANE,EN,Federal Contract Tower,0,9,2,0,11,0,0,3,0,3,0,9,5,0,14,2,0,2,16
05/10/2020,BDR,CT,ANE,EN,Federal Contract Tower,0,8,2,0,10,0,0,24,0,24,0,8,26,0,34,36,0,36,70
05/11/2020,BDR,CT,ANE,EN,Federal Contract Tower,0,8,1,0,9,0,1,7,0,8,0,9,8,0,17,20,0,20,37
05/12/2020,BDR,CT,ANE,EN,Federal Contract Tower,0,10,9,0,19,0,1,31,0,32,0,11,40,0,51,126,0,126,177
05/13/2020,BDR,CT,ANE,EN,Federal Contract Tower,0,14,14,0,28,0,0,60,0,60,0,14,74,0,88,126,0,126,214
05/14/2020,BDR,CT,ANE,EN,Federal Contract Tower,0,9,7,0,16,0,0,73,0,73,0,9,80,0,89,188,0,188,277
05/15/2020,BDR,CT,ANE,EN,Federal Contract Tower,0,11,8,0,19,0,3,37,0,40,0,14,45,0,59,88,0,88,147
05/16/2020,BDR,CT,ANE,EN,Federal Contract Tower,0,14,7,0,21,0,1,78,0,79,0,15,85,0,100,96,0,96,196
05/17/2020,BDR,CT,ANE,EN,Federal Contract Tower,0,8,4,0,12,0,0,97,0,97,0,8,101,0,109,236,0,236,345
05/18/2020,BDR,CT,ANE,EN,Federal Contract Tower,0,6,1,0,7,0,1,37,0,38,0,7,38,0,45,80,0,80,125
05/19/2020,BDR,CT,ANE,EN,Federal Contract Tower,0,8,7,0,15,0,0,19,4,23,0,8,26,4,38,24,0,24,62
05/20/2020,BDR,CT,ANE,EN,Federal Contract Tower,0,8,3,0,11,0,0,34,0,34,0,8,37,0,45,70,0,70,115
05/21/2020,BDR,CT,ANE,EN,Federal Contract Tower,0,5,7,2,14,0,3,77,0,80,0,8,84,2,94,176,0,176,270
05/22/2020,BDR,CT,ANE,EN,Federal Contract Tower,0,5,1,0,6,0,2,56,0,58,0,7,57,0,64,100,0,100,164
05/23/2020,BDR,CT,ANE,EN,Federal Contract Tower,0,4,4,0,8,0,0,0,0,0,0,4,4,0,8,0,0,0,8
05/24/2020,BDR,CT,ANE,EN,Federal Contract Tower,0,1,4,0,5,0,0,48,0,48,0,1,52,0,53,26,0,26,79
05/25/2020,BDR,CT,ANE,EN,Federal Contract Tower,0,1,8,2,11,0,0,12,0,12,0,1,20,2,23,28,0,28,51
05/26/2020,BDR,CT,ANE,EN,Federal Contract Tower,0,4,10,2,16,0,2,21,0,23,0,6,31,2,39,44,0,44,83
05/27/2020,BDR,CT,ANE,EN,Federal Contract Tower,0,6,13,0,19,0,1,36,0,37,0,7,49,0,56,86,0,86,142
05/28/2020,BDR,CT,ANE,EN,Federal Contract Tower,0,8,14,4,26,0,0,1,0,1,0,8,15,4,27,0,0,0,27
05/29/2020,BDR,CT,ANE,EN,Federal Contract Tower,0,12,9,0,21,0,0,2,0,2,0,12,11,0,23,0,0,0,23
05/30/2020,BDR,CT,ANE,EN,Federal Contract Tower,0,3,21,0,24,0,0,75,0,75,0,3,96,0,99,146,0,146,245
05/31/2020,BDR,CT,ANE,EN,Federal Contract Tower,0,5,6,0,11,0,0,76,0,76,0,5,82,0,87,164,0,164,251
06/01/2020,BDR,CT,ANE,EN,Federal Contract Tower,0,16,5,0,21,0,0,86,0,86,0,16,91,0,107,126,0,126,233
06/02/2020,BDR,CT,ANE,EN,Federal Contract Tower,0,5,16,0,21,0,0,41,0,41,0,5,57,0,62,48,0,48,110
06/03/2020,BDR,CT,ANE,EN,Federal Contract Tower,0,2,3,0,5,0,0,13,0,13,0,2,16,0,18,12,0,12,30
06/04/2020,BDR,CT,ANE,EN,Federal Contract Tower,0,6,6,0,12,0,0,76,0,76,0,6,82,0,88,170,0,170,258
06/05/2020,BDR,CT,ANE,EN,Federal Contract Tower,0,7,19,0,26,0,0,5,0,5,0,7,24,0,31,0,0,0,31
06/06/2020,BDR,CT,ANE,EN,Federal Contract Tower,0,3,6,0,9,0,0,39,0,39,0,3,45,0,48,96,0,96,144
06/07/2020,BDR,CT,ANE,EN,Federal Contract Tower,0,4,3,0,7,0,0,44,0,44,0,4,47,0,51,62,0,62,113
06/08/2020,BDR,CT,ANE,EN,Federal Contract Tower,0,7,10,0,17,0,6,79,0,85,0,13,89,0,102,136,0,136,238
06/09/2020,BDR,CT,ANE,EN,Federal Contract Tower,0,10,8,0,18,0,3,78,0,81,0,13,86,0,99,194,0,194,293
06/10/2020,BDR,CT,ANE,EN,Federal Contract Tower,0,10,4,0,14,0,0,57,0,57,0,10,61,0,71,160,0,160,231
06/11/2020,BDR,CT,ANE,EN,Federal Contract Tower,0,10,6,0,16,0,1,0,0,1,0,11,6,0,17,0,0,0,17
06/12/2020,BDR,CT,ANE,EN,Federal Contract Tower,0,11,8,0,19,0,0,82,0,82,0,11,90,0,101,174,0,174,275
06/13/2020,BDR,CT,ANE,EN,Federal Contract Tower,0,2,9,0,11,0,0,63,0,63,0,2,72,0,74,88,0,88,162
06/14/2020,BDR,CT,ANE,EN,Federal Contract Tower,0,3,3,0,6,0,0,96,0,96,0,3,99,0,102,72,0,72,174
06/15/2020,BDR,CT,ANE,EN,Federal Contract Tower,0,16,4,0,20,0,1,66,0,67,0,17,70,0,87,143,0,143,230
06/16/2020,BDR,CT,ANE,EN,Federal Contract Tower,0,9,8,2,19,0,0,56,0,56,0,9,64,2,75,132,0,132,207
06/17/2020,BDR,CT,ANE,EN,Federal Contract Tower,0,3,10,0,13,0,0,85,0,85,0,3,95,0,98,124,0,124,222
06/18/2020,BDR,CT,ANE,EN,Federal Contract Tower,0,11,17,0,28,0,1,26,0,27,0,12,43,0,55,2,0,2,57
06/19/2020,BDR,CT,ANE,EN,Federal Contract Tower,0,10,6,0,16,0,0,35,0,35,0,10,41,0,51,110,0,110,161
06/20/2020,BDR,CT,ANE,EN,Federal Contract Tower,0,5,9,0,14,0,0,61,0,61,0,5,70,0,75,122,0,122,197
06/21/2020,BDR,CT,ANE,EN,Federal Contract Tower,0,2,9,0,11,0,0,81,0,81,0,2,90,0,92,134,0,134,226
06/22/2020,BDR,CT,ANE,EN,Federal Contract Tower,0,8,6,0,14,0,1,63,0,64,0,9,69,0,78,116,0,116,194
06/23/2020,BDR,CT,ANE,EN,Federal Contract Tower,0,4,15,0,19,0,0,80,0,80,0,4,95,0,99,146,0,146,245
06/24/2020,BDR,CT,ANE,EN,Federal Contract Tower,0,17,13,0,30,0,1,48,0,49,0,18,61,0,79,130,0,130,209
06/25/2020,BDR,CT,ANE,EN,Federal Contract Tower,0,8,10,0,18,0,2,83,0,85,0,10,93,0,103,156,0,156,259
06/26/2020,BDR,CT,ANE,EN,Federal Contract Tower,0,9,8,0,17,0,0,96,0,96,0,9,104,0,113,158,0,158,271
06/27/2020,BDR,CT,ANE,EN,Federal Contract Tower,0,1,5,0,6,0,5,36,0,41,0,6,41,0,47,42,0,42,89
06/28/2020,BDR,CT,ANE,EN,Federal Contract Tower,0,2,15,0,17,0,0,0,0,0,0,2,15,0,17,8,0,8,25
06/29/2020,BDR,CT,ANE,EN,Federal Contract Tower,0,6,13,0,19,0,1,48,0,49,0,7,61,0,68,52,0,52,120
06/30/2020,BDR,CT,ANE,EN,Federal Contract Tower,0,9,12,0,21,0,2,42,0,44,0,11,54,0,65,106,0,106,171
07/01/2020,BDR,CT,ANE,EN,Federal Contract Tower,0,4,4,0,8,0,2,25,0,27,0,6,29,0,35,62,0,62,97
07/02/2020,BDR,CT,ANE,EN,Federal Contract Tower,0,9,14,0,23,0,4,121,0,125,0,13,135,0,148,216,0,216,364
07/03/2020,BDR,CT,ANE,EN,Federal Contract Tower,0,3,6,0,9,0,5,41,0,46,0,8,47,0,55,94,0,94,149
07/04/2020,BDR,CT,ANE,EN,Federal Contract Tower,0,3,15,0,18,0,0,64,0,64,0,3,79,0,82,130,0,130,212
07/05/2020,BDR,CT,ANE,EN,Federal Contract Tower,0,8,14,0,22,0,4,66,0,70,0,12,80,0,92,40,0,40,132
07/07/2020,BDR,CT,ANE,EN,Federal Contract Tower,0,13,19,0,32,0,0,3,0,3,0,13,22,0,35,0,0,0,35
07/08/2020,BDR,CT,ANE,EN,Federal Contract Tower,0,7,16,0,23,0,1,38,2,41,0,8,54,2,64,56,0,56,120
07/09/2020,BDR,CT,ANE,EN,Federal Contract Tower,0,9,19,0,28,0,1,76,0,77,0,10,95,0,105,214,0,214,319
07/10/2020,BDR,CT,ANE,EN,Federal Contract Tower,0,6,3,0,9,0,0,0,0,0,0,6,3,0,9,0,0,0,9
07/11/2020,BDR,CT,ANE,EN,Federal Contract Tower,0,6,7,1,14,0,0,15,0,15,0,6,22,1,29,22,0,22,51
07/12/2020,BDR,CT,ANE,EN,Federal Contract Tower,0,6,19,0,25,0,2,128,0,130,0,8,147,0,155,264,0,264,419
07/13/2020,BDR,CT,ANE,EN,Federal Contract Tower,0,8,9,0,17,0,0,42,0,42,0,8,51,0,59,146,0,146,205
07/14/2020,BDR,CT,ANE,EN,Federal Contract Tower,0,11,5,0,16,6,85,0,0,91,6,96,5,0,107,206,0,206,313
07/15/2020,BDR,CT,ANE,EN,Federal Contract Tower,0,7,25,0,32,0,0,82,0,82,0,7,107,0,114,168,0,168,282
07/16/2020,BDR,CT,ANE,EN,Federal Contract Tower,0,4,14,0,18,0,0,89,0,89,0,4,103,0,107,186,0,186,293
07/17/2020,BDR,CT,ANE,EN,Federal Contract Tower,0,9,22,0,31,0,0,12,0,12,0,9,34,0,43,0,0,0,43
07/18/2020,BDR,CT,ANE,EN,Federal Contract Tower,0,2,13,0,15,0,0,103,0,103,0,2,116,0,118,142,0,142,260
07/19/2020,BDR,CT,ANE,EN,Federal Contract Tower,0,2,8,0,10,0,0,102,0,102,0,2,110,0,112,104,0,104,216
07/20/2020,BDR,CT,ANE,EN,Federal Contract Tower,0,8,11,0,19,0,0,75,0,75,0,8,86,0,94,84,0,84,178
07/21/2020,BDR,CT,ANE,EN,Federal Contract Tower,0,11,5,0,16,0,0,124,0,124,0,11,129,0,140,188,0,188,328
07/22/2020,BDR,CT,ANE,EN,Federal Contract Tower,0,7,16,0,23,0,0,88,0,88,0,7,104,0,111,140,0,140,251
07/23/2020,BDR,CT,ANE,EN,Federal Contract Tower,0,14,15,0,29,0,3,43,0,46,0,17,58,0,75,124,0,124,199
07/24/2020,BDR,CT,ANE,EN,Federal Contract Tower,0,6,11,0,17,0,6,57,0,63,0,12,68,0,80,84,0,84,164
07/25/2020,BDR,CT,ANE,EN,Federal Contract Tower,0,3,13,0,16,0,0,132,0,132,0,3,145,0,148,182,0,182,330
07/26/2020,BDR,CT,ANE,EN,Federal Contract Tower,0,6,8,0,14,0,1,100,0,101,0,7,108,0,115,174,0,174,289
07/27/2020,BDR,CT,ANE,EN,Federal Contract Tower,0,1,4,1,6,0,0,71,0,71,0,1,75,1,77,100,0,100,177
07/28/2020,BDR,CT,ANE,EN,Federal Contract Tower,0,10,2,0,12,0,10,56,0,66,0,20,58,0,78,198,0,198,276
07/29/2020,BDR,CT,ANE,EN,Federal Contract Tower,0,12,8,0,20,0,0,83,0,83,0,12,91,0,103,132,0,132,235
07/30/2020,BDR,CT,ANE,EN,Federal Contract Tower,0,8,10,0,18,0,5,66,0,71,0,13,76,0,89,124,0,124,213
07/31/2020,BDR,CT,ANE,EN,Federal Contract Tower,0,8,20,0,28,0,2,43,0,45,0,10,63,0,73,56,0,56,129
08/01/2020,BDR,CT,ANE,EN,Federal Contract Tower,0,5,3,0,8,0,9,146,0,155,0,14,149,0,163,242,0,242,405
08/02/2020,BDR,CT,ANE,EN,Federal Contract Tower,0,9,19,0,28,0,0,26,0,26,0,9,45,0,54,80,0,80,134
08/03/2020,BDR,CT,ANE,EN,Federal Contract Tower,0,7,7,0,14,0,7,89,0,96,0,14,96,0,110,186,0,186,296
08/04/2020,BDR,CT,ANE,EN,Federal Contract Tower,0,3,3,0,6,0,0,0,0,0,0,3,3,0,6,0,0,0,6
08/05/2020,BDR,CT,ANE,EN,Federal Contract Tower,0,0,0,0,0,0,0,0,0,0,0,0,0,0,0,0,0,0,0
08/06/2020,BDR,CT,ANE,EN,Federal Contract Tower,0,4,1,0,5,2,19,0,0,21,2,23,1,0,26,0,0,0,26
08/07/2020,BDR,CT,ANE,EN,Federal Contract Tower,0,8,10,0,18,0,0,34,0,34,0,8,44,0,52,48,0,48,100
08/08/2020,BDR,CT,ANE,EN,Federal Contract Tower,0,2,15,0,17,0,1,48,0,49,0,3,63,0,66,142,0,142,208
08/09/2020,BDR,CT,ANE,EN,Federal Contract Tower,0,3,9,0,12,0,6,59,0,65,0,9,68,0,77,124,0,124,201
08/10/2020,BDR,CT,ANE,EN,Federal Contract Tower,0,3,13,0,16,0,2,64,0,66,0,5,77,0,82,70,0,70,152
08/11/2020,BDR,CT,ANE,EN,Federal Contract Tower,0,6,17,2,25,0,2,74,0,76,0,8,91,2,101,182,0,182,283
08/12/2020,BDR,CT,ANE,EN,Federal Contract Tower,0,4,14,0,18,0,0,49,0,49,0,4,63,0,67,74,0,74,141
08/13/2020,BDR,CT,ANE,EN,Federal Contract Tower,0,8,13,0,21,0,0,37,0,37,0,8,50,0,58,94,0,94,152
08/14/2020,BDR,CT,ANE,EN,Federal Contract Tower,0,6,4,0,10,0,0,108,0,108,0,6,112,0,118,266,0,266,384
08/15/2020,BDR,CT,ANE,EN,Federal Contract Tower,0,5,15,0,20,0,2,105,0,107,0,7,120,0,127,259,0,259,386
08/16/2020,BDR,CT,ANE,EN,Federal Contract Tower,0,8,11,0,19,0,0,11,0,11,0,8,22,0,30,24,0,24,54
08/17/2020,BDR,CT,ANE,EN,Federal Contract Tower,0,3,15,0,18,0,0,86,0,86,0,3,101,0,104,116,0,116,220
08/18/2020,BDR,CT,ANE,EN,Federal Contract Tower,0,8,9,0,17,0,5,85,0,90,0,13,94,0,107,190,0,190,297
08/19/2020,BDR,CT,ANE,EN,Federal Contract Tower,0,10,6,1,17,0,0,59,1,60,0,10,65,2,77,156,0,156,233
08/20/2020,BDR,CT,ANE,EN,Federal Contract Tower,0,6,10,0,16,0,1,101,0,102,0,7,111,0,118,186,0,186,304
08/21/2020,BDR,CT,ANE,EN,Federal Contract Tower,0,7,18,0,25,0,0,92,0,92,0,7,110,0,117,126,0,126,243
08/22/2020,BDR,CT,ANE,EN,Federal Contract Tower,0,7,10,0,17,0,4,77,0,81,0,11,87,0,98,116,0,116,214
08/24/2020,BDR,CT,ANE,EN,Federal Contract Tower,0,3,12,0,15,0,0,36,0,36,0,3,48,0,51,31,0,31,82
08/25/2020,BDR,CT,ANE,EN,Federal Contract Tower,0,12,13,0,25,0,0,41,1,42,0,12,54,1,67,116,0,116,183
08/26/2020,BDR,CT,ANE,EN,Federal Contract Tower,0,6,9,0,15,0,0,70,2,72,0,6,79,2,87,108,0,108,195
08/27/2020,BDR,CT,ANE,EN,Federal Contract Tower,0,11,5,0,16,0,1,23,0,24,0,12,28,0,40,42,0,42,82
08/28/2020,BDR,CT,ANE,EN,Federal Contract Tower,0,5,14,0,19,0,2,100,0,102,0,7,114,0,121,250,0,250,371
08/29/2020,BDR,CT,ANE,EN,Federal Contract Tower,0,6,2,0,8,0,0,0,0,0,0,6,2,0,8,0,0,0,8
08/30/2020,BDR,CT,ANE,EN,Federal Contract Tower,0,6,12,0,18,0,1,81,0,82,0,7,93,0,100,196,0,196,296
08/31/2020,BDR,CT,ANE,EN,Federal Contract Tower,0,6,8,0,14,0,2,105,0,107,0,8,113,0,121,170,0,170,291
09/01/2020,BDR,CT,ANE,EN,Federal Contract Tower,0,3,12,1,16,0,0,34,0,34,0,3,46,1,50,26,0,26,76
09/02/2020,BDR,CT,ANE,EN,Federal Contract Tower,0,12,12,0,24,0,0,3,0,3,0,12,15,0,27,24,0,24,51
09/03/2020,BDR,CT,ANE,EN,Federal Contract Tower,0,11,16,0,27,0,1,87,0,88,0,12,103,0,115,156,0,156,271
09/04/2020,BDR,CT,ANE,EN,Federal Contract Tower,0,11,6,0,17,0,2,110,0,112,0,13,116,0,129,212,0,212,341
09/05/2020,BDR,CT,ANE,EN,Federal Contract Tower,0,1,6,0,7,0,2,104,0,106,0,3,110,0,113,286,0,286,399
09/06/2020,BDR,CT,ANE,EN,Federal Contract Tower,0,1,6,0,7,0,1,102,0,103,0,2,108,0,110,202,0,202,312
09/07/2020,BDR,CT,ANE,EN,Federal Contract Tower,0,9,10,0,19,0,1,114,0,115,0,10,124,0,134,160,0,160,294
09/08/2020,BDR,CT,ANE,EN,Federal Contract Tower,0,9,23,0,32,0,3,62,0,65,0,12,85,0,97,146,0,146,243
09/09/2020,BDR,CT,ANE,EN,Federal Contract Tower,0,8,8,0,16,0,0,58,0,58,0,8,66,0,74,150,0,150,224
09/10/2020,BDR,CT,ANE,EN,Federal Contract Tower,0,9,9,0,18,0,0,7,0,7,0,9,16,0,25,4,0,4,29
09/11/2020,BDR,CT,ANE,EN,Federal Contract Tower,0,14,16,0,30,0,1,84,0,85,0,15,100,0,115,200,0,200,315
09/12/2020,BDR,CT,ANE,EN,Federal Contract Tower,0,3,13,0,16,0,0,90,0,90,0,3,103,0,106,132,0,132,238
09/13/2020,BDR,CT,ANE,EN,Federal Contract Tower,0,5,7,0,12,0,5,63,0,68,0,10,70,0,80,154,0,154,234
09/14/2020,BDR,CT,ANE,EN,Federal Contract Tower,0,13,2,0,15,0,0,58,0,58,0,13,60,0,73,78,0,78,151
09/15/2020,BDR,CT,ANE,EN,Federal Contract Tower,0,12,12,0,24,0,0,110,0,110,0,12,122,0,134,154,0,154,288
09/16/2020,BDR,CT,ANE,EN,Federal Contract Tower,0,6,10,0,16,0,0,105,5,110,0,6,115,5,126,162,0,162,288
09/17/2020,BDR,CT,ANE,EN,Federal Contract Tower,0,6,15,0,21,0,0,80,0,80,0,6,95,0,101,100,0,100,201
09/18/2020,BDR,CT,ANE,EN,Federal Contract Tower,0,13,18,0,31,0,0,48,0,48,0,13,66,0,79,26,0,26,105
09/19/2020,BDR,CT,ANE,EN,Federal Contract Tower,0,3,4,0,7,0,3,70,0,73,0,6,74,0,80,111,0,111,191
09/20/2020,BDR,CT,ANE,EN,Federal Contract Tower,0,7,7,0,14,0,6,79,0,85,0,13,86,0,99,18,0,18,117
09/21/2020,BDR,CT,ANE,EN,Federal Contract Tower,0,8,10,0,18,0,1,81,0,82,0,9,91,0,100,116,0,116,216
09/22/2020,BDR,CT,ANE,EN,Federal Contract Tower,0,2,10,0,12,0,3,53,0,56,0,5,63,0,68,16,0,16,84
09/23/2020,BDR,CT,ANE,EN,Federal Contract Tower,0,7,3,0,10,0,1,77,0,78,0,8,80,0,88,172,0,172,260
09/24/2020,BDR,CT,ANE,EN,Federal Contract Tower,0,8,8,0,16,0,2,84,0,86,0,10,92,0,102,110,0,110,212
09/25/2020,BDR,CT,ANE,EN,Federal Contract Tower,0,6,15,0,21,0,3,80,0,83,0,9,95,0,104,226,0,226,330
09/26/2020,BDR,CT,ANE,EN,Federal Contract Tower,0,4,9,0,13,0,0,51,0,51,0,4,60,0,64,101,0,101,165
09/27/2020,BDR,CT,ANE,EN,Federal Contract Tower,0,3,18,0,21,0,0,29,0,29,0,3,47,0,50,70,0,70,120
09/28/2020,BDR,CT,ANE,EN,Federal Contract Tower,0,5,20,0,25,0,1,43,0,44,0,6,63,0,69,6,2,8,77
09/29/2020,BDR,CT,ANE,EN,Federal Contract Tower,0,11,19,0,30,0,0,13,0,13,0,11,32,0,43,0,0,0,43
09/30/2020,BDR,CT,ANE,EN,Federal Contract Tower,0,3,10,0,13,0,0,30,2,32,0,3,40,2,45,16,0,16,61
10/01/2020,BDR,CT,ANE,EN,Federal Contract Tower,0,7,13,0,20,0,0,89,0,89,0,7,102,0,109,152,0,152,261
10/02/2020,BDR,CT,ANE,EN,Federal Contract Tower,0,13,16,0,29,0,2,47,0,49,0,15,63,0,78,74,0,74,152
10/03/2020,BDR,CT,ANE,EN,Federal Contract Tower,0,6,4,0,10,0,0,110,2,112,0,6,114,2,122,166,0,166,288
10/04/2020,BDR,CT,ANE,EN,Federal Contract Tower,0,4,5,0,9,0,2,101,0,103,0,6,106,0,112,140,0,140,252
10/05/2020,BDR,CT,ANE,EN,Federal Contract Tower,0,9,9,0,18,0,1,37,0,38,0,10,46,0,56,110,0,110,166
10/06/2020,BDR,CT,ANE,EN,Federal Contract Tower,0,6,13,0,19,0,0,55,0,55,0,6,68,0,74,78,0,78,152
10/07/2020,BDR,CT,ANE,EN,Federal Contract Tower,0,11,13,0,24,0,0,40,0,40,0,11,53,0,64,48,0,48,112
10/08/2020,BDR,CT,ANE,EN,Federal Contract Tower,0,14,9,0,23,0,1,57,2,60,0,15,66,2,83,82,0,82,165
10/09/2020,BDR,CT,ANE,EN,Federal Contract Tower,0,11,14,0,25,0,4,90,2,96,0,15,104,2,121,300,0,300,421
10/11/2020,BDR,CT,ANE,EN,Federal Contract Tower,0,5,10,0,15,0,0,81,0,81,0,5,91,0,96,176,0,176,272
10/12/2020,BDR,CT,ANE,EN,Federal Contract Tower,0,9,9,0,18,0,1,3,2,6,0,10,12,2,24,0,0,0,24
10/13/2020,BDR,CT,ANE,EN,Federal Contract Tower,0,7,12,0,19,0,0,2,0,2,0,7,14,0,21,0,0,0,21
10/14/2020,BDR,CT,ANE,EN,Federal Contract Tower,0,9,16,0,25,0,0,81,0,81,0,9,97,0,106,234,0,234,340
10/15/2020,BDR,CT,ANE,EN,Federal Contract Tower,0,7,11,0,18,0,1,76,0,77,0,8,87,0,95,170,0,170,265
10/16/2020,BDR,CT,ANE,EN,Federal Contract Tower,0,5,17,0,22,0,0,1,0,1,0,5,18,0,23,14,0,14,37
10/17/2020,BDR,CT,ANE,EN,Federal Contract Tower,0,6,11,0,17,0,1,65,0,66,0,7,76,0,83,160,0,160,243
10/18/2020,BDR,CT,ANE,EN,Federal Contract Tower,0,3,9,0,12,0,2,118,0,120,0,5,127,0,132,192,0,192,324
10/19/2020,BDR,CT,ANE,EN,Federal Contract Tower,0,14,5,0,19,0,3,57,0,60,0,17,62,0,79,139,0,139,218
10/20/2020,BDR,CT,ANE,EN,Federal Contract Tower,0,7,24,0,31,0,0,12,0,12,0,7,36,0,43,14,0,14,57
10/21/2020,BDR,CT,ANE,EN,Federal Contract Tower,0,6,18,0,24,0,0,15,0,15,0,6,33,0,39,2,0,2,41
10/22/2020,BDR,CT,ANE,EN,Federal Contract Tower,0,11,22,0,33,0,1,35,0,36,0,12,57,0,69,76,0,76,145
10/23/2020,BDR,CT,ANE,EN,Federal Contract Tower,0,8,36,0,44,0,0,1,0,1,0,8,37,0,45,0,0,0,45
10/24/2020,BDR,CT,ANE,EN,Federal Contract Tower,0,3,18,0,21,0,0,23,0,23,0,3,41,0,44,92,0,92,136
10/25/2020,BDR,CT,ANE,EN,Federal Contract Tower,0,8,10,0,18,0,1,132,0,133,0,9,142,0,151,170,0,170,321
10/26/2020,BDR,CT,ANE,EN,Federal Contract Tower,0,5,20,0,25,0,0,0,0,0,0,5,20,0,25,0,0,0,25
10/27/2020,BDR,CT,ANE,EN,Federal Contract Tower,0,7,5,0,12,0,1,37,0,38,0,8,42,0,50,128,0,128,178
10/28/2020,BDR,CT,ANE,EN,Federal Contract Tower,0,5,7,0,12,0,0,5,0,5,0,5,12,0,17,20,0,20,37
10/29/2020,BDR,CT,ANE,EN,Federal Contract Tower,0,9,7,0,16,0,0,0,0,0,0,9,7,0,16,0,0,0,16
10/30/2020,BDR,CT,ANE,EN,Federal Contract Tower,0,5,8,0,13,0,0,10,0,10,0,5,18,0,23,24,0,24,47
10/31/2020,BDR,CT,ANE,EN,Federal Contract Tower,0,2,11,0,13,0,0,132,0,132,0,2,143,0,145,196,0,196,341
11/01/2020,BDR,CT,ANE,EN,Federal Contract Tower,0,6,12,0,18,0,0,20,0,20,0,6,32,0,38,60,0,60,98
11/02/2020,BDR,CT,ANE,EN,Federal Contract Tower,0,4,0,0,4,0,0,7,1,8,0,4,7,1,12,0,0,0,12
11/03/2020,BDR,CT,ANE,EN,Federal Contract Tower,0,7,8,0,15,0,0,54,0,54,0,7,62,0,69,70,0,70,139
11/04/2020,BDR,CT,ANE,EN,Federal Contract Tower,0,5,2,0,7,0,0,90,0,90,0,5,92,0,97,242,0,242,339
11/05/2020,BDR,CT,ANE,EN,Federal Contract Tower,0,5,10,0,15,0,1,88,2,91,0,6,98,2,106,152,2,154,260
11/06/2020,BDR,CT,ANE,EN,Federal Contract Tower,0,13,2,0,15,0,0,108,0,108,0,13,110,0,123,222,0,222,345
11/07/2020,BDR,CT,ANE,EN,Federal Contract Tower,0,3,5,0,8,0,4,95,0,99,0,7,100,0,107,196,0,196,303
11/08/2020,BDR,CT,ANE,EN,Federal Contract Tower,0,2,4,0,6,0,0,137,0,137,0,2,141,0,143,186,0,186,329
11/09/2020,BDR,CT,ANE,EN,Federal Contract Tower,0,3,8,0,11,0,0,80,4,84,0,3,88,4,95,256,0,256,351
11/10/2020,BDR,CT,ANE,EN,Federal Contract Tower,0,4,3,1,8,0,0,72,1,73,0,4,75,2,81,118,0,118,199
11/11/2020,BDR,CT,ANE,EN,Federal Contract Tower,0,2,5,0,7,0,0,0,0,0,0,2,5,0,7,0,0,0,7
11/12/2020,BDR,CT,ANE,EN,Federal Contract Tower,0,3,12,0,15,0,0,14,0,14,0,3,26,0,29,26,0,26,55
11/13/2020,BDR,CT,ANE,EN,Federal Contract Tower,0,10,16,0,26,0,0,4,0,4,0,10,20,0,30,4,0,4,34
11/14/2020,BDR,CT,ANE,EN,Federal Contract Tower,0,3,3,0,6,0,0,104,0,104,0,3,107,0,110,148,0,148,258
11/15/2020,BDR,CT,ANE,EN,Federal Contract Tower,0,6,5,0,11,0,0,39,0,39,0,6,44,0,50,138,0,138,188
11/16/2020,BDR,CT,ANE,EN,Federal Contract Tower,0,3,6,0,9,0,0,17,0,17,0,3,23,0,26,6,0,6,32
11/17/2020,BDR,CT,ANE,EN,Federal Contract Tower,0,7,7,0,14,0,0,30,1,31,0,7,37,1,45,52,0,52,97
11/19/2020,BDR,CT,ANE,EN,Federal Contract Tower,0,7,6,0,13,0,0,56,0,56,0,7,62,0,69,122,0,122,191
11/20/2020,BDR,CT,ANE,EN,Federal Contract Tower,0,7,10,0,17,0,2,76,0,78,0,9,86,0,95,98,0,98,193
11/21/2020,BDR,CT,ANE,EN,Federal Contract Tower,0,5,10,0,15,0,0,120,0,120,0,5,130,0,135,222,0,222,357
11/22/2020,BDR,CT,ANE,EN,Federal Contract Tower,0,5,9,0,14,0,0,37,0,37,0,5,46,0,51,118,0,118,169
11/23/2020,BDR,CT,ANE,EN,Federal Contract Tower,0,1,16,0,17,0,0,8,0,8,0,1,24,0,25,4,0,4,29
11/24/2020,BDR,CT,ANE,EN,Federal Contract Tower,0,8,15,0,23,0,1,72,0,73,0,9,87,0,96,156,0,156,252
11/25/2020,BDR,CT,ANE,EN,Federal Contract Tower,0,8,13,0,21,0,0,60,0,60,0,8,73,0,81,154,0,154,235
11/26/2020,BDR,CT,ANE,EN,Federal Contract Tower,0,2,1,0,3,0,0,2,0,2,0,2,3,0,5,0,0,0,5
11/27/2020,BDR,CT,ANE,EN,Federal Contract Tower,0,3,7,0,10,0,0,78,0,78,0,3,85,0,88,150,0,150,238
11/28/2020,BDR,CT,ANE,EN,Federal Contract Tower,0,0,9,0,9,0,4,76,0,80,0,4,85,0,89,116,0,116,205
11/29/2020,BDR,CT,ANE,EN,Federal Contract Tower,0,4,3,0,7,0,0,0,147,147,0,4,3,147,154,188,0,188,342
11/30/2020,BDR,CT,ANE,EN,Federal Contract Tower,0,6,4,0,10,0,0,0,0,0,0,6,4,0,10,0,0,0,10
12/01/2020,BDR,CT,ANE,EN,Federal Contract Tower,0,8,13,0,21,0,2,12,0,14,0,10,25,0,35,8,0,8,43
12/02/2020,BDR,CT,ANE,EN,Federal Contract Tower,0,4,8,0,12,0,0,34,0,34,0,4,42,0,46,78,0,78,124
12/03/2020,BDR,CT,ANE,EN,Federal Contract Tower,0,5,4,0,9,0,0,67,2,69,0,5,71,2,78,174,0,174,252
12/04/2020,BDR,CT,ANE,EN,Federal Contract Tower,0,6,11,0,17,0,0,67,3,70,0,6,78,3,87,126,0,126,213
12/05/2020,BDR,CT,ANE,EN,Federal Contract Tower,0,4,0,0,4,0,0,0,0,0,0,4,0,0,4,0,0,0,4
12/06/2020,BDR,CT,ANE,EN,Federal Contract Tower,0,3,4,0,7,0,1,47,0,48,0,4,51,0,55,88,0,88,143
12/07/2020,BDR,CT,ANE,EN,Federal Contract Tower,0,5,5,0,10,0,1,40,0,41,0,6,45,0,51,130,0,130,181
12/08/2020,BDR,CT,ANE,EN,Federal Contract Tower,0,7,4,0,11,0,1,17,0,18,0,8,21,0,29,38,0,38,67
12/09/2020,BDR,CT,ANE,EN,Federal Contract Tower,0,5,6,0,11,0,0,57,0,57,0,5,63,0,68,117,0,117,185
12/10/2020,BDR,CT,ANE,EN,Federal Contract Tower,0,7,8,0,15,0,1,104,0,105,0,8,112,0,120,110,0,110,230
12/11/2020,BDR,CT,ANE,EN,Federal Contract Tower,0,6,11,0,17,0,0,73,0,73,0,6,84,0,90,108,0,108,198
12/12/2020,BDR,CT,ANE,EN,Federal Contract Tower,0,0,9,0,9,0,0,0,0,0,0,0,9,0,9,0,0,0,9
12/13/2020,BDR,CT,ANE,EN,Federal Contract Tower,0,7,14,0,21,0,2,77,0,79,0,9,91,0,100,172,0,172,272
12/14/2020,BDR,CT,ANE,EN,Federal Contract Tower,0,0,6,0,6,0,0,0,0,0,0,0,6,0,6,0,0,0,6
12/15/2020,BDR,CT,ANE,EN,Federal Contract Tower,0,8,10,0,18,0,0,59,0,59,0,8,69,0,77,92,0,92,169
12/16/2020,BDR,CT,ANE,EN,Federal Contract Tower,0,6,1,0,7,0,0,15,0,15,0,6,16,0,22,22,0,22,44
12/18/2020,BDR,CT,ANE,EN,Federal Contract Tower,0,2,3,0,5,0,0,12,0,12,0,2,15,0,17,8,0,8,25
12/19/2020,BDR,CT,ANE,EN,Federal Contract Tower,0,6,1,0,7,0,0,67,0,67,0,6,68,0,74,44,0,44,118
12/20/2020,BDR,CT,ANE,EN,Federal Contract Tower,0,5,11,0,16,0,0,20,0,20,0,5,31,0,36,26,0,26,62
12/21/2020,BDR,CT,ANE,EN,Federal Contract Tower,0,12,6,0,18,0,0,12,2,14,0,12,18,2,32,28,2,30,62
12/22/2020,BDR,CT,ANE,EN,Federal Contract Tower,0,11,6,0,17,0,2,55,0,57,0,13,61,0,74,154,0,154,228
12/23/2020,BDR,CT,ANE,EN,Federal Contract Tower,0,3,10,0,13,0,1,106,0,107,0,4,116,0,120,174,0,174,294
12/24/2020,BDR,CT,ANE,EN,Federal Contract Tower,0,3,5,0,8,0,0,6,0,6,0,3,11,0,14,4,0,4,18
12/25/2020,BDR,CT,ANE,EN,Federal Contract Tower,0,3,2,0,5,0,0,1,0,1,0,3,3,0,6,0,0,0,6
12/26/2020,BDR,CT,ANE,EN,Federal Contract Tower,0,11,6,0,17,0,0,47,0,47,0,11,53,0,64,120,0,120,184
12/27/2020,BDR,CT,ANE,EN,Federal Contract Tower,0,1,17,0,18,0,1,134,0,135,0,2,151,0,153,168,0,168,321
12/28/2020,BDR,CT,ANE,EN,Federal Contract Tower,0,3,2,0,5,0,1,52,0,53,0,4,54,0,58,84,0,84,142
12/29/2020,BDR,CT,ANE,EN,Federal Contract Tower,0,3,12,0,15,0,0,46,0,46,0,3,58,0,61,68,0,68,129
12/30/2020,BDR,CT,ANE,EN,Federal Contract Tower,0,4,4,0,8,0,0,94,0,94,0,4,98,0,102,112,0,112,214
12/31/2020,BDR,CT,ANE,EN,Federal Contract Tower,0,4,8,0,12,0,0,13,0,13,0,4,21,0,25,50,0,50,75
01/01/2021,BDR,CT,ANE,EN,Federal Contract Tower,0,5,4,0,9,0,0,53,0,53,0,5,57,0,62,65,0,65,127
01/02/2021,BDR,CT,ANE,EN,Federal Contract Tower,0,10,6,0,16,0,0,23,0,23,0,10,29,0,39,22,0,22,61
01/03/2021,BDR,CT,ANE,EN,Federal Contract Tower,0,8,7,0,15,0,0,3,0,3,0,8,10,0,18,8,0,8,26
01/04/2021,BDR,CT,ANE,EN,Federal Contract Tower,0,7,12,0,19,0,1,44,0,45,0,8,56,0,64,50,0,50,114
01/05/2021,BDR,CT,ANE,EN,Federal Contract Tower,0,5,4,0,9,0,0,55,2,57,0,5,59,2,66,90,6,96,162
01/06/2021,BDR,CT,ANE,EN,Federal Contract Tower,0,6,6,0,12,0,0,38,0,38,0,6,44,0,50,26,0,26,76
01/07/2021,BDR,CT,ANE,EN,Federal Contract Tower,0,3,3,0,6,0,2,50,0,52,0,5,53,0,58,34,0,34,92
01/08/2021,BDR,CT,ANE,EN,Federal Contract Tower,0,10,9,0,19,0,0,57,0,57,0,10,66,0,76,96,0,96,172
01/09/2021,BDR,CT,ANE,EN,Federal Contract Tower,0,4,4,0,8,0,0,60,0,60,0,4,64,0,68,124,0,124,192
01/10/2021,BDR,CT,ANE,EN,Federal Contract Tower,0,1,5,0,6,0,0,93,0,93,0,1,98,0,99,238,0,238,337
01/11/2021,BDR,CT,ANE,EN,Federal Contract Tower,0,2,2,0,4,0,0,51,0,51,0,2,53,0,55,175,0,175,230
01/12/2021,BDR,CT,ANE,EN,Federal Contract Tower,0,6,5,0,11,0,1,56,0,57,0,7,61,0,68,116,0,116,184
01/14/2021,BDR,CT,ANE,EN,Federal Contract Tower,0,3,11,0,14,0,0,35,2,37,0,3,46,2,51,24,0,24,75
01/15/2021,BDR,CT,ANE,EN,Federal Contract Tower,0,8,7,0,15,0,0,9,0,9,0,8,16,0,24,46,0,46,70
01/16/2021,BDR,CT,ANE,EN,Federal Contract Tower,0,1,8,0,9,0,0,7,0,7,0,1,15,0,16,22,0,22,38
01/17/2021,BDR,CT,ANE,EN,Federal Contract Tower,0,1,5,0,6,0,0,23,0,23,0,1,28,0,29,18,0,18,47
01/18/2021,BDR,CT,ANE,EN,Federal Contract Tower,0,5,11,0,16,0,1,88,0,89,0,6,99,0,105,84,0,84,189
01/19/2021,BDR,CT,ANE,EN,Federal Contract Tower,0,3,5,0,8,0,0,52,0,52,0,3,57,0,60,50,0,50,110
01/20/2021,BDR,CT,ANE,EN,Federal Contract Tower,0,10,5,0,15,0,0,12,0,12,0,10,17,0,27,6,0,6,33
01/21/2021,BDR,CT,ANE,EN,Federal Contract Tower,0,11,7,0,18,0,0,55,0,55,0,11,62,0,73,94,0,94,167
01/22/2021,BDR,CT,ANE,EN,Federal Contract Tower,0,2,8,0,10,0,0,53,0,53,0,2,61,0,63,58,0,58,121
01/23/2021,BDR,CT,ANE,EN,Federal Contract Tower,0,2,4,0,6,0,2,14,0,16,0,4,18,0,22,17,0,17,39
01/24/2021,BDR,CT,ANE,EN,Federal Contract Tower,0,4,6,0,10,0,0,58,0,58,0,4,64,0,68,92,0,92,160
01/25/2021,BDR,CT,ANE,EN,Federal Contract Tower,0,5,8,0,13,0,2,58,0,60,0,7,66,0,73,162,0,162,235
01/26/2021,BDR,CT,ANE,EN,Federal Contract Tower,0,4,2,0,6,0,1,9,0,10,0,5,11,0,16,20,0,20,36
01/27/2021,BDR,CT,ANE,EN,Federal Contract Tower,0,0,7,0,7,0,0,15,0,15,0,0,22,0,22,12,0,12,34
01/28/2021,BDR,CT,ANE,EN,Federal Contract Tower,0,6,3,0,9,0,0,17,3,20,0,6,20,3,29,6,0,6,35
01/29/2021,BDR,CT,ANE,EN,Federal Contract Tower,0,4,4,0,8,0,0,7,0,7,0,4,11,0,15,0,0,0,15
01/30/2021,BDR,CT,ANE,EN,Federal Contract Tower,0,5,13,0,18,0,0,77,0,77,0,5,90,0,95,128,0,128,223
01/31/2021,BDR,CT,ANE,EN,Federal Contract Tower,0,6,6,0,12,0,0,70,0,70,0,6,76,0,82,200,0,200,282
02/01/2021,BDR,CT,ANE,EN,Federal Contract Tower,0,0,0,0,0,0,0,0,0,0,0,0,0,0,0,0,0,0,0
02/02/2021,BDR,CT,ANE,EN,Federal Contract Tower,0,0,3,0,3,0,0,0,0,0,0,0,3,0,3,0,0,0,3
02/03/2021,BDR,CT,ANE,EN,Federal Contract Tower,0,2,2,0,4,0,0,23,0,23,0,2,25,0,27,20,2,22,49
02/04/2021,BDR,CT,ANE,EN,Federal Contract Tower,0,8,4,0,12,0,0,53,0,53,0,8,57,0,65,86,0,86,151
02/05/2021,BDR,CT,ANE,EN,Federal Contract Tower,0,3,6,0,9,0,0,7,0,7,0,3,13,0,16,18,0,18,34
02/06/2021,BDR,CT,ANE,EN,Federal Contract Tower,0,1,5,0,6,0,2,105,0,107,0,3,110,0,113,154,0,154,267
02/07/2021,BDR,CT,ANE,EN,Federal Contract Tower,0,0,2,0,2,0,0,1,0,1,0,0,3,0,3,12,0,12,15
02/08/2021,BDR,CT,ANE,EN,Federal Contract Tower,0,0,7,0,7,0,0,27,0,27,0,0,34,0,34,70,0,70,104
02/09/2021,BDR,CT,ANE,EN,Federal Contract Tower,0,1,1,0,2,0,0,4,0,4,0,1,5,0,6,40,0,40,46
02/10/2021,BDR,CT,ANE,EN,Federal Contract Tower,0,6,6,0,12,0,0,87,0,87,0,6,93,0,99,122,0,122,221
02/11/2021,BDR,CT,ANE,EN,Federal Contract Tower,0,4,1,0,5,0,0,45,0,45,0,4,46,0,50,48,0,48,98
02/12/2021,BDR,CT,ANE,EN,Federal Contract Tower,0,8,2,0,10,0,0,54,0,54,0,8,56,0,64,88,0,88,152
02/13/2021,BDR,CT,ANE,EN,Federal Contract Tower,0,4,4,0,8,0,0,60,0,60,0,4,64,0,68,150,0,150,218
02/14/2021,BDR,CT,ANE,EN,Federal Contract Tower,0,1,6,0,7,0,0,15,0,15,0,1,21,0,22,36,0,36,58
02/15/2021,BDR,CT,ANE,EN,Federal Contract Tower,0,6,5,0,11,0,0,13,0,13,0,6,18,0,24,12,0,12,36
02/16/2021,BDR,CT,ANE,EN,Federal Contract Tower,0,1,9,0,10,0,0,3,0,3,0,1,12,0,13,6,0,6,19
02/17/2021,BDR,CT,ANE,EN,Federal Contract Tower,0,1,3,1,5,0,0,56,0,56,0,1,59,1,61,86,0,86,147
02/18/2021,BDR,CT,ANE,EN,Federal Contract Tower,0,0,1,0,1,0,0,2,0,2,0,0,3,0,3,0,0,0,3
02/19/2021,BDR,CT,ANE,EN,Federal Contract Tower,0,1,1,0,2,0,0,0,0,0,0,1,1,0,2,0,0,0,2
02/20/2021,BDR,CT,ANE,EN,Federal Contract Tower,0,3,10,0,13,0,1,47,0,48,0,4,57,0,61,38,0,38,99
02/21/2021,BDR,CT,ANE,EN,Federal Contract Tower,0,5,3,0,8,0,0,110,0,110,0,5,113,0,118,100,0,100,218
02/22/2021,BDR,CT,ANE,EN,Federal Contract Tower,0,7,3,0,10,0,0,19,0,19,0,7,22,0,29,10,0,10,39
02/23/2021,BDR,CT,ANE,EN,Federal Contract Tower,0,2,7,0,9,0,0,22,0,22,0,2,29,0,31,50,0,50,81
02/24/2021,BDR,CT,ANE,EN,Federal Contract Tower,0,4,10,0,14,0,0,73,0,73,0,4,83,0,87,154,0,154,241
02/25/2021,BDR,CT,ANE,EN,Federal Contract Tower,0,1,12,0,13,0,0,37,0,37,0,1,49,0,50,6,0,6,56
02/26/2021,BDR,CT,ANE,EN,Federal Contract Tower,0,6,6,0,12,0,0,149,3,152,0,6,155,3,164,194,0,194,358
02/27/2021,BDR,CT,ANE,EN,Federal Contract Tower,0,0,6,0,6,0,0,1,0,1,0,0,7,0,7,0,0,0,7
02/28/2021,BDR,CT,ANE,EN,Federal Contract Tower,0,4,12,0,16,0,0,53,0,53,0,4,65,0,69,84,0,84,153
03/01/2021,BDR,CT,ANE,EN,Federal Contract Tower,0,6,0,0,6,0,0,4,2,6,0,6,4,2,12,0,2,2,14
03/02/2021,BDR,CT,ANE,EN,Federal Contract Tower,0,1,4,0,5,0,0,2,0,2,0,1,6,0,7,0,0,0,7
03/03/2021,BDR,CT,ANE,EN,Federal Contract Tower,0,8,3,2,13,0,5,86,0,91,0,13,89,2,104,142,0,142,246
03/04/2021,BDR,CT,ANE,EN,Federal Contract Tower,0,6,8,0,14,0,0,41,2,43,0,6,49,2,57,48,0,48,105
03/05/2021,BDR,CT,ANE,EN,Federal Contract Tower,0,7,5,0,12,0,2,17,0,19,0,9,22,0,31,24,0,24,55
03/06/2021,BDR,CT,ANE,EN,Federal Contract Tower,0,6,3,0,9,0,0,50,0,50,0,6,53,0,59,122,0,122,181
03/07/2021,BDR,CT,ANE,EN,Federal Contract Tower,0,4,7,0,11,0,0,91,0,91,0,4,98,0,102,220,0,220,322
03/08/2021,BDR,CT,ANE,EN,Federal Contract Tower,0,2,4,0,6,0,1,54,0,55,0,3,58,0,61,98,0,98,159
03/09/2021,BDR,CT,ANE,EN,Federal Contract Tower,0,7,5,0,12,0,0,107,0,107,0,7,112,0,119,222,0,222,341
03/10/2021,BDR,CT,ANE,EN,Federal Contract Tower,0,5,5,0,10,0,0,117,2,119,0,5,122,2,129,188,0,188,317
03/11/2021,BDR,CT,ANE,EN,Federal Contract Tower,0,9,8,0,17,0,0,73,0,73,0,9,81,0,90,188,0,188,278
03/12/2021,BDR,CT,ANE,EN,Federal Contract Tower,0,11,3,0,14,0,1,90,2,93,0,12,93,2,107,128,0,128,235
03/13/2021,BDR,CT,ANE,EN,Federal Contract Tower,0,4,1,0,5,0,0,69,0,69,0,4,70,0,74,66,0,66,140
03/14/2021,BDR,CT,ANE,EN,Federal Contract Tower,0,12,4,0,16,0,0,40,0,40,0,12,44,0,56,82,0,82,138
03/15/2021,BDR,CT,ANE,EN,Federal Contract Tower,0,8,6,0,14,0,0,18,0,18,0,8,24,0,32,4,0,4,36
03/16/2021,BDR,CT,ANE,EN,Federal Contract Tower,0,2,11,0,13,0,0,78,2,80,0,2,89,2,93,170,6,176,269
03/17/2021,BDR,CT,ANE,EN,Federal Contract Tower,0,8,11,0,19,0,0,35,0,35,0,8,46,0,54,86,0,86,140
03/18/2021,BDR,CT,ANE,EN,Federal Contract Tower,0,6,9,0,15,0,0,0,0,0,0,6,9,0,15,0,0,0,15
03/19/2021,BDR,CT,ANE,EN,Federal Contract Tower,0,9,12,2,23,0,0,18,0,18,0,9,30,2,41,30,0,30,71
03/20/2021,BDR,CT,ANE,EN,Federal Contract Tower,0,2,7,0,9,0,0,100,0,100,0,2,107,0,109,296,0,296,405
03/21/2021,BDR,CT,ANE,EN,Federal Contract Tower,0,5,10,0,15,0,1,129,0,130,0,6,139,0,145,292,0,292,437
03/22/2021,BDR,CT,ANE,EN,Federal Contract Tower,0,6,6,0,12,0,1,103,0,104,0,7,109,0,116,238,0,238,354
03/23/2021,BDR,CT,ANE,EN,Federal Contract Tower,0,6,10,0,16,0,8,65,0,73,0,14,75,0,89,180,0,180,269
03/24/2021,BDR,CT,ANE,EN,Federal Contract Tower,0,5,2,0,7,0,2,13,0,15,0,7,15,0,22,0,0,0,22
03/27/2021,BDR,CT,ANE,EN,Federal Contract Tower,0,8,8,0,16,0,0,154,0,154,0,8,162,0,170,264,0,264,434
03/28/2021,BDR,CT,ANE,EN,Federal Contract Tower,0,1,4,0,5,0,0,1,0,1,0,1,5,0,6,0,0,0,6
03/29/2021,BDR,CT,ANE,EN,Federal Contract Tower,0,8,7,0,15,0,0,6,0,6,0,8,13,0,21,0,0,0,21
03/30/2021,BDR,CT,ANE,EN,Federal Contract Tower,0,4,6,0,10,0,1,119,0,120,0,5,125,0,130,168,0,168,298
03/31/2021,BDR,CT,ANE,EN,Federal Contract Tower,0,3,8,0,11,0,2,29,0,31,0,5,37,0,42,86,0,86,128
04/01/2021,BDR,CT,ANE,EN,Federal Contract Tower,0,8,5,0,13,0,0,7,0,7,0,8,12,0,20,10,0,10,30
04/02/2021,BDR,CT,ANE,EN,Federal Contract Tower,0,5,11,0,16,0,2,73,0,75,0,7,84,0,91,194,0,194,285
04/03/2021,BDR,CT,ANE,EN,Federal Contract Tower,0,5,10,0,15,0,0,115,0,115,0,5,125,0,130,204,0,204,334
04/04/2021,BDR,CT,ANE,EN,Federal Contract Tower,0,9,4,0,13,0,0,69,0,69,0,9,73,0,82,136,0,136,218
04/05/2021,BDR,CT,ANE,EN,Federal Contract Tower,0,4,9,0,13,0,0,29,0,29,0,4,38,0,42,20,0,20,62
04/06/2021,BDR,CT,ANE,EN,Federal Contract Tower,0,6,9,0,15,0,0,60,0,60,0,6,69,0,75,100,0,100,175
04/07/2021,BDR,CT,ANE,EN,Federal Contract Tower,0,9,7,0,16,0,0,78,0,78,0,9,85,0,94,220,0,220,314
04/08/2021,BDR,CT,ANE,EN,Federal Contract Tower,0,10,10,0,20,0,2,93,0,95,0,12,103,0,115,178,0,178,293
04/09/2021,BDR,CT,ANE,EN,Federal Contract Tower,0,11,21,0,32,0,0,38,0,38,0,11,59,0,70,42,0,42,112
04/10/2021,BDR,CT,ANE,EN,Federal Contract Tower,0,2,19,0,21,0,0,48,0,48,0,2,67,0,69,172,0,172,241
04/11/2021,BDR,CT,ANE,EN,Federal Contract Tower,0,10,2,0,12,0,0,0,0,0,0,10,2,0,12,0,0,0,12
04/12/2021,BDR,CT,ANE,EN,Federal Contract Tower,0,15,14,0,29,0,0,6,0,6,0,15,20,0,35,10,0,10,45
04/13/2021,BDR,CT,ANE,EN,Federal Contract Tower,0,8,8,1,17,0,0,77,0,77,0,8,85,1,94,172,0,172,266
04/14/2021,BDR,CT,ANE,EN,Federal Contract Tower,0,5,7,0,12,0,1,91,0,92,0,6,98,0,104,168,0,168,272
04/15/2021,BDR,CT,ANE,EN,Federal Contract Tower,0,0,7,0,7,0,0,0,0,0,0,0,7,0,7,0,0,0,7
04/16/2021,BDR,CT,ANE,EN,Federal Contract Tower,0,14,7,0,21,0,0,11,2,13,0,14,18,2,34,40,0,40,74
04/17/2021,BDR,CT,ANE,EN,Federal Contract Tower,0,6,8,0,14,0,3,91,0,94,0,9,99,0,108,138,0,138,246
04/18/2021,BDR,CT,ANE,EN,Federal Contract Tower,0,6,7,0,13,0,5,107,0,112,0,11,114,0,125,204,0,204,329
04/19/2021,BDR,CT,ANE,EN,Federal Contract Tower,0,5,10,0,15,0,2,54,0,56,0,7,64,0,71,118,0,118,189
04/20/2021,BDR,CT,ANE,EN,Federal Contract Tower,0,3,10,0,13,0,0,72,0,72,0,3,82,0,85,124,0,124,209
04/21/2021,BDR,CT,ANE,EN,Federal Contract Tower,0,4,9,0,13,0,0,37,0,37,0,4,46,0,50,18,0,18,68
04/22/2021,BDR,CT,ANE,EN,Federal Contract Tower,0,5,4,0,9,0,3,15,0,18,0,8,19,0,27,0,0,0,27
04/23/2021,BDR,CT,ANE,EN,Federal Contract Tower,0,6,12,0,18,0,5,47,4,56,0,11,59,4,74,46,0,46,120
04/24/2021,BDR,CT,ANE,EN,Federal Contract Tower,0,5,7,0,12,0,0,105,4,109,0,5,112,4,121,166,0,166,287
04/25/2021,BDR,CT,ANE,EN,Federal Contract Tower,0,6,15,0,21,0,0,9,0,9,0,6,24,0,30,18,0,18,48
04/26/2021,BDR,CT,ANE,EN,Federal Contract Tower,0,4,6,0,10,0,1,41,0,42,0,5,47,0,52,58,0,58,110
04/27/2021,BDR,CT,ANE,EN,Federal Contract Tower,0,5,6,0,11,0,5,114,0,119,0,10,120,0,130,194,0,194,324
04/28/2021,BDR,CT,ANE,EN,Federal Contract Tower,0,7,5,0,12,0,1,96,0,97,0,8,101,0,109,136,0,136,245
04/29/2021,BDR,CT,ANE,EN,Federal Contract Tower,0,11,19,0,30,0,2,20,0,22,0,13,39,0,52,0,0,0,52
04/30/2021,BDR,CT,ANE,EN,Federal Contract Tower,0,11,5,0,16,0,0,9,0,9,0,11,14,0,25,0,0,0,25
05/01/2021,BDR,CT,ANE,EN,Federal Contract Tower,0,2,14,0,16,0,8,91,0,99,0,10,105,0,115,58,0,58,173
05/02/2021,BDR,CT,ANE,EN,Federal Contract Tower,0,3,6,0,9,0,1,116,0,117,0,4,122,0,126,128,0,128,254
05/03/2021,BDR,CT,ANE,EN,Federal Contract Tower,0,8,3,0,11,0,2,24,0,26,0,10,27,0,37,122,0,122,159
05/04/2021,BDR,CT,ANE,EN,Federal Contract Tower,0,5,19,0,24,0,0,11,0,11,0,5,30,0,35,36,0,36,71
05/05/2021,BDR,CT,ANE,EN,Federal Contract Tower,0,0,8,0,8,0,0,0,0,0,0,0,8,0,8,0,0,0,8
05/06/2021,BDR,CT,ANE,EN,Federal Contract Tower,0,8,11,0,19,0,4,78,4,86,0,12,89,4,105,168,0,168,273
05/07/2021,BDR,CT,ANE,EN,Federal Contract Tower,0,12,1,0,13,0,3,84,0,87,0,15,85,0,100,194,0,194,294
05/08/2021,BDR,CT,ANE,EN,Federal Contract Tower,0,4,5,0,9,0,2,48,0,50,0,6,53,0,59,124,0,124,183
05/09/2021,BDR,CT,ANE,EN,Federal Contract Tower,0,9,4,0,13,0,2,67,0,69,0,11,71,0,82,84,0,84,166
05/10/2021,BDR,CT,ANE,EN,Federal Contract Tower,0,1,9,0,10,0,0,32,0,32,0,1,41,0,42,68,0,68,110
05/11/2021,BDR,CT,ANE,EN,Federal Contract Tower,0,6,9,0,15,0,0,91,0,91,0,6,100,0,106,116,0,116,222
05/12/2021,BDR,CT,ANE,EN,Federal Contract Tower,0,3,8,0,11,0,1,74,2,77,0,4,82,2,88,72,6,78,166
05/13/2021,BDR,CT,ANE,EN,Federal Contract Tower,0,3,8,0,11,0,0,79,0,79,0,3,87,0,90,164,0,164,254
05/14/2021,BDR,CT,ANE,EN,Federal Contract Tower,0,8,19,0,27,0,6,113,2,121,0,14,132,2,148,256,0,256,404
05/15/2021,BDR,CT,ANE,EN,Federal Contract Tower,0,2,4,0,6,0,2,128,0,130,0,4,132,0,136,112,0,112,248
05/16/2021,BDR,CT,ANE,EN,Federal Contract Tower,0,10,12,0,22,0,3,92,0,95,0,13,104,0,117,148,0,148,265
05/17/2021,BDR,CT,ANE,EN,Federal Contract Tower,0,6,9,0,15,0,0,68,0,68,0,6,77,0,83,160,0,160,243
05/18/2021,BDR,CT,ANE,EN,Federal Contract Tower,0,4,11,0,15,0,0,79,0,79,0,4,90,0,94,210,0,210,304
05/19/2021,BDR,CT,ANE,EN,Federal Contract Tower,0,11,9,0,20,1,83,0,0,84,1,94,9,0,104,174,0,174,278
05/20/2021,BDR,CT,ANE,EN,Federal Contract Tower,0,5,7,0,12,0,2,84,0,86,0,7,91,0,98,159,0,159,257
05/21/2021,BDR,CT,ANE,EN,Federal Contract Tower,0,13,3,0,16,0,2,88,0,90,0,15,91,0,106,188,0,188,294
05/22/2021,BDR,CT,ANE,EN,Federal Contract Tower,0,0,10,0,10,0,0,119,0,119,0,0,129,0,129,166,0,166,295
05/23/2021,BDR,CT,ANE,EN,Federal Contract Tower,0,11,9,0,20,0,6,82,0,88,0,17,91,0,108,108,0,108,216
05/24/2021,BDR,CT,ANE,EN,Federal Contract Tower,0,19,4,0,23,0,0,59,0,59,0,19,63,0,82,200,0,200,282
05/25/2021,BDR,CT,ANE,EN,Federal Contract Tower,0,4,15,0,19,0,5,103,0,108,0,9,118,0,127,144,0,144,271
05/26/2021,BDR,CT,ANE,EN,Federal Contract Tower,0,5,11,0,16,0,1,63,0,64,0,6,74,0,80,106,0,106,186
05/27/2021,BDR,CT,ANE,EN,Federal Contract Tower,0,7,14,0,21,0,5,85,0,90,0,12,99,0,111,200,0,200,311
05/28/2021,BDR,CT,ANE,EN,Federal Contract Tower,0,6,8,0,14,0,6,50,0,56,0,12,58,0,70,22,0,22,92
05/29/2021,BDR,CT,ANE,EN,Federal Contract Tower,0,2,13,0,15,0,0,1,0,1,0,2,14,0,16,0,0,0,16
05/30/2021,BDR,CT,ANE,EN,Federal Contract Tower,0,5,2,0,7,0,0,0,0,0,0,5,2,0,7,0,0,0,7
05/31/2021,BDR,CT,ANE,EN,Federal Contract Tower,0,17,14,0,31,0,2,55,0,57,0,19,69,0,88,96,0,96,184
06/01/2021,BDR,CT,ANE,EN,Federal Contract Tower,0,11,10,0,21,0,5,88,0,93,0,16,98,0,114,94,0,94,208
06/02/2021,BDR,CT,ANE,EN,Federal Contract Tower,0,11,9,0,20,0,0,103,0,103,0,11,112,0,123,146,4,150,273
06/03/2021,BDR,CT,ANE,EN,Federal Contract Tower,0,7,7,0,14,0,0,0,0,0,0,7,7,0,14,0,0,0,14
06/04/2021,BDR,CT,ANE,EN,Federal Contract Tower,0,9,11,0,20,0,2,34,2,38,0,11,45,2,58,12,2,14,72
06/05/2021,BDR,CT,ANE,EN,Federal Contract Tower,0,4,6,0,10,0,2,115,0,117,0,6,121,0,127,170,0,170,297
06/06/2021,BDR,CT,ANE,EN,Federal Contract Tower,0,16,8,0,24,0,5,116,0,121,0,21,124,0,145,98,0,98,243
06/07/2021,BDR,CT,ANE,EN,Federal Contract Tower,0,3,18,0,21,0,1,81,0,82,0,4,99,0,103,148,0,148,251
06/08/2021,BDR,CT,ANE,EN,Federal Contract Tower,0,6,14,0,20,0,2,36,0,38,0,8,50,0,58,124,0,124,182
06/09/2021,BDR,CT,ANE,EN,Federal Contract Tower,0,8,25,0,33,0,0,60,0,60,0,8,85,0,93,120,0,120,213
06/10/2021,BDR,CT,ANE,EN,Federal Contract Tower,0,13,9,2,24,0,11,98,2,111,0,24,107,4,135,154,0,154,289
06/11/2021,BDR,CT,ANE,EN,Federal Contract Tower,0,8,11,2,21,0,8,123,1,132,0,16,134,3,153,244,0,244,397
06/12/2021,BDR,CT,ANE,EN,Federal Contract Tower,0,1,15,0,16,0,1,80,0,81,0,2,95,0,97,182,0,182,279
06/13/2021,BDR,CT,ANE,EN,Federal Contract Tower,0,3,3,0,6,0,3,137,0,140,0,6,140,0,146,198,0,198,344
06/14/2021,BDR,CT,ANE,EN,Federal Contract Tower,0,7,22,0,29,0,4,13,0,17,0,11,35,0,46,26,0,26,72
06/15/2021,BDR,CT,ANE,EN,Federal Contract Tower,0,13,23,0,36,0,8,53,6,67,0,21,76,6,103,96,12,108,211
06/16/2021,BDR,CT,ANE,EN,Federal Contract Tower,0,8,16,0,24,0,4,96,0,100,0,12,112,0,124,128,0,128,252
06/17/2021,BDR,CT,ANE,EN,Federal Contract Tower,0,10,5,0,15,0,3,113,0,116,0,13,118,0,131,158,0,158,289
06/18/2021,BDR,CT,ANE,EN,Federal Contract Tower,0,18,10,0,28,0,10,113,0,123,0,28,123,0,151,224,0,224,375
06/19/2021,BDR,CT,ANE,EN,Federal Contract Tower,0,6,5,0,11,0,5,114,0,119,0,11,119,0,130,110,0,110,240
06/20/2021,BDR,CT,ANE,EN,Federal Contract Tower,0,2,10,0,12,0,7,148,0,155,0,9,158,0,167,54,0,54,221
06/21/2021,BDR,CT,ANE,EN,Federal Contract Tower,0,8,19,0,27,0,2,13,0,15,0,10,32,0,42,34,0,34,76
06/22/2021,BDR,CT,ANE,EN,Federal Contract Tower,0,16,8,0,24,0,0,18,0,18,0,16,26,0,42,20,0,20,62
06/23/2021,BDR,CT,ANE,EN,Federal Contract Tower,0,13,8,0,21,0,6,91,4,101,0,19,99,4,122,216,0,216,338
06/24/2021,BDR,CT,ANE,EN,Federal Contract Tower,0,6,12,0,18,0,4,118,0,122,0,10,130,0,140,250,0,250,390
06/25/2021,BDR,CT,ANE,EN,Federal Contract Tower,0,15,15,0,30,0,6,48,0,54,0,21,63,0,84,82,0,82,166
06/26/2021,BDR,CT,ANE,EN,Federal Contract Tower,0,8,23,0,31,0,1,54,0,55,0,9,77,0,86,56,0,56,142
06/27/2021,BDR,CT,ANE,EN,Federal Contract Tower,0,10,14,0,24,0,4,59,0,63,0,14,73,0,87,108,0,108,195
06/28/2021,BDR,CT,ANE,EN,Federal Contract Tower,0,19,13,0,32,0,3,102,0,105,0,22,115,0,137,161,0,161,298
06/29/2021,BDR,CT,ANE,EN,Federal Contract Tower,0,9,9,0,18,0,0,75,6,81,0,9,84,6,99,142,8,150,249
06/30/2021,BDR,CT,ANE,EN,Federal Contract Tower,0,13,7,0,20,0,2,72,10,84,0,15,79,10,104,152,40,192,296
07/01/2021,BDR,CT,ANE,EN,Federal Contract Tower,0,16,8,0,24,0,4,57,0,61,0,20,65,0,85,76,0,76,161
07/02/2021,BDR,CT,ANE,EN,Federal Contract Tower,0,14,27,0,41,0,4,14,0,18,0,18,41,0,59,12,0,12,71
07/03/2021,BDR,CT,ANE,EN,Federal Contract Tower,0,9,10,0,19,0,0,4,0,4,0,9,14,0,23,4,0,4,27
07/04/2021,BDR,CT,ANE,EN,Federal Contract Tower,0,1,15,0,16,0,0,22,0,22,0,1,37,0,38,12,0,12,50
07/05/2021,BDR,CT,ANE,EN,Federal Contract Tower,0,10,24,0,34,0,6,34,0,40,0,16,58,0,74,70,0,70,144
07/06/2021,BDR,CT,ANE,EN,Federal Contract Tower,0,17,5,0,22,0,5,62,0,67,0,22,67,0,89,84,0,84,173
07/07/2021,BDR,CT,ANE,EN,Federal Contract Tower,0,2,16,0,18,0,7,125,0,132,0,9,141,0,150,116,0,116,266
07/08/2021,BDR,CT,ANE,EN,Federal Contract Tower,0,21,16,0,37,0,2,14,0,16,0,23,30,0,53,14,0,14,67
07/09/2021,BDR,CT,ANE,EN,Federal Contract Tower,0,11,9,0,20,0,0,25,0,25,0,11,34,0,45,6,0,6,51
07/10/2021,BDR,CT,ANE,EN,Federal Contract Tower,0,6,21,0,27,0,3,50,0,53,0,9,71,0,80,82,0,82,162
07/11/2021,BDR,CT,ANE,EN,Federal Contract Tower,0,9,19,0,28,0,6,46,0,52,0,15,65,0,80,98,0,98,178
07/12/2021,BDR,CT,ANE,EN,Federal Contract Tower,0,9,15,0,24,0,7,2,0,9,0,16,17,0,33,0,0,0,33
07/13/2021,BDR,CT,ANE,EN,Federal Contract Tower,0,20,15,0,35,0,1,0,4,5,0,21,15,4,40,0,6,6,46
07/14/2021,BDR,CT,ANE,EN,Federal Contract Tower,0,13,11,0,24,0,0,40,2,42,0,13,51,2,66,92,0,92,158
07/15/2021,BDR,CT,ANE,EN,Federal Contract Tower,0,13,16,0,29,0,8,118,0,126,0,21,134,0,155,240,0,240,395
07/16/2021,BDR,CT,ANE,EN,Federal Contract Tower,0,11,9,0,20,0,3,70,0,73,0,14,79,0,93,220,0,220,313
07/17/2021,BDR,CT,ANE,EN,Federal Contract Tower,0,6,6,0,12,0,1,62,0,63,0,7,68,0,75,111,0,111,186
07/18/2021,BDR,CT,ANE,EN,Federal Contract Tower,0,12,24,0,36,0,3,49,0,52,0,15,73,0,88,41,0,41,129
07/19/2021,BDR,CT,ANE,EN,Federal Contract Tower,0,10,11,0,21,0,6,50,0,56,0,16,61,0,77,154,0,154,231
07/20/2021,BDR,CT,ANE,EN,Federal Contract Tower,0,7,23,0,30,0,1,70,0,71,0,8,93,0,101,196,0,196,297
07/21/2021,BDR,CT,ANE,EN,Federal Contract Tower,0,14,6,0,20,0,4,72,0,76,0,18,78,0,96,56,0,56,152
07/22/2021,BDR,CT,ANE,EN,Federal Contract Tower,0,7,16,0,23,0,4,133,0,137,0,11,149,0,160,218,0,218,378
07/23/2021,BDR,CT,ANE,EN,Federal Contract Tower,0,10,6,0,16,0,3,115,0,118,0,13,121,0,134,182,0,182,316
07/24/2021,BDR,CT,ANE,EN,Federal Contract Tower,0,5,13,0,18,0,4,110,0,114,0,9,123,0,132,242,0,242,374
07/25/2021,BDR,CT,ANE,EN,Federal Contract Tower,0,16,14,0,30,0,3,8,0,11,0,19,22,0,41,8,0,8,49
07/26/2021,BDR,CT,ANE,EN,Federal Contract Tower,0,6,2,0,8,0,8,57,0,65,0,14,59,0,73,242,0,242,315
07/27/2021,BDR,CT,ANE,EN,Federal Contract Tower,0,7,2,0,9,0,2,59,2,63,0,9,61,2,72,194,2,196,268
07/28/2021,BDR,CT,ANE,EN,Federal Contract Tower,0,9,5,0,14,0,3,65,4,72,0,12,70,4,86,196,0,196,282
07/29/2021,BDR,CT,ANE,EN,Federal Contract Tower,0,10,16,0,26,0,2,24,0,26,0,12,40,0,52,10,0,10,62
07/30/2021,BDR,CT,ANE,EN,Federal Contract Tower,0,21,5,0,26,0,7,89,0,96,0,28,94,0,122,74,0,74,196
07/31/2021,BDR,CT,ANE,EN,Federal Contract Tower,0,13,5,0,18,0,5,114,0,119,0,18,119,0,137,199,0,199,336
08/01/2021,BDR,CT,ANE,EN,Federal Contract Tower,0,16,6,0,22,0,5,58,0,63,0,21,64,0,85,100,0,100,185
08/02/2021,BDR,CT,ANE,EN,Federal Contract Tower,0,15,7,0,22,0,3,95,0,98,0,18,102,0,120,168,0,168,288
08/03/2021,BDR,CT,ANE,EN,Federal Contract Tower,0,8,8,0,16,0,4,66,0,70,0,12,74,0,86,208,0,208,294
08/04/2021,BDR,CT,ANE,EN,Federal Contract Tower,0,13,6,0,19,0,4,68,0,72,0,17,74,0,91,188,0,188,279
08/05/2021,BDR,CT,ANE,EN,Federal Contract Tower,0,24,14,0,38,0,4,16,0,20,0,28,30,0,58,38,4,42,100
08/06/2021,BDR,CT,ANE,EN,Federal Contract Tower,0,5,12,0,17,0,5,97,0,102,0,10,109,0,119,202,0,202,321
08/07/2021,BDR,CT,ANE,EN,Federal Contract Tower,0,10,2,0,12,0,6,61,1,68,0,16,63,1,80,122,16,138,218
08/08/2021,BDR,CT,ANE,EN,Federal Contract Tower,0,10,7,0,17,0,6,61,1,68,0,16,68,1,85,106,0,106,191
08/09/2021,BDR,CT,ANE,EN,Federal Contract Tower,0,10,17,0,27,0,1,24,0,25,0,11,41,0,52,26,0,26,78
08/10/2021,BDR,CT,ANE,EN,Federal Contract Tower,0,15,13,0,28,0,1,24,0,25,0,16,37,0,53,76,0,76,129
08/11/2021,BDR,CT,ANE,EN,Federal Contract Tower,0,5,11,0,16,0,3,84,0,87,0,8,95,0,103,124,0,124,227
08/12/2021,BDR,CT,ANE,EN,Federal Contract Tower,0,14,3,0,17,0,7,87,0,94,0,21,90,0,111,80,0,80,191
08/13/2021,BDR,CT,ANE,EN,Federal Contract Tower,0,12,2,1,15,0,5,75,0,80,0,17,77,1,95,136,0,136,231
08/14/2021,BDR,CT,ANE,EN,Federal Contract Tower,0,3,3,1,7,0,10,46,0,56,0,13,49,1,63,90,0,90,153
08/15/2021,BDR,CT,ANE,EN,Federal Contract Tower,0,4,4,0,8,0,3,111,0,114,0,7,115,0,122,182,0,182,304
08/16/2021,BDR,CT,ANE,EN,Federal Contract Tower,0,7,5,0,12,0,6,106,0,112,0,13,111,0,124,182,0,182,306
08/17/2021,BDR,CT,ANE,EN,Federal Contract Tower,0,9,12,0,21,0,3,70,0,73,0,12,82,0,94,184,0,184,278
08/18/2021,BDR,CT,ANE,EN,Federal Contract Tower,0,14,12,0,26,0,3,52,2,57,0,17,64,2,83,150,0,150,233
08/19/2021,BDR,CT,ANE,EN,Federal Contract Tower,0,7,9,0,16,0,6,8,0,14,0,13,17,0,30,44,0,44,74
08/20/2021,BDR,CT,ANE,EN,Federal Contract Tower,0,18,22,0,40,0,8,43,0,51,0,26,65,0,91,144,14,158,249
08/21/2021,BDR,CT,ANE,EN,Federal Contract Tower,0,6,17,0,23,0,2,48,0,50,0,8,65,0,73,32,0,32,105
08/22/2021,BDR,CT,ANE,EN,Federal Contract Tower,0,0,0,0,0,0,0,0,0,0,0,0,0,0,0,0,0,0,0
08/23/2021,BDR,CT,ANE,EN,Federal Contract Tower,0,8,18,0,26,0,0,1,0,1,0,8,19,0,27,0,0,0,27
08/24/2021,BDR,CT,ANE,EN,Federal Contract Tower,0,17,10,0,27,0,6,87,0,93,0,23,97,0,120,144,0,144,264
08/25/2021,BDR,CT,ANE,EN,Federal Contract Tower,0,5,9,1,15,0,3,95,0,98,0,8,104,1,113,96,0,96,209
08/26/2021,BDR,CT,ANE,EN,Federal Contract Tower,0,17,10,0,27,0,5,84,0,89,0,22,94,0,116,84,0,84,200
08/27/2021,BDR,CT,ANE,EN,Federal Contract Tower,0,11,9,0,20,0,6,73,0,79,0,17,82,0,99,12,0,12,111
08/28/2021,BDR,CT,ANE,EN,Federal Contract Tower,0,12,11,0,23,0,8,48,0,56,0,20,59,0,79,46,0,46,125
08/29/2021,BDR,CT,ANE,EN,Federal Contract Tower,0,24,16,0,40,0,3,31,0,34,0,27,47,0,74,14,0,14,88
08/30/2021,BDR,CT,ANE,EN,Federal Contract Tower,0,8,12,0,20,0,4,21,0,25,0,12,33,0,45,18,0,18,63
08/31/2021,BDR,CT,ANE,EN,Federal Contract Tower,0,8,8,0,16,0,7,98,0,105,0,15,106,0,121,76,0,76,197
09/01/2021,BDR,CT,ANE,EN,Federal Contract Tower,0,5,7,0,12,0,5,4,0,9,0,10,11,0,21,0,0,0,21
09/02/2021,BDR,CT,ANE,EN,Federal Contract Tower,0,9,12,0,21,0,2,24,0,26,0,11,36,0,47,42,0,42,89
09/03/2021,BDR,CT,ANE,EN,Federal Contract Tower,0,9,5,0,14,0,11,111,0,122,0,20,116,0,136,179,0,179,315
09/04/2021,BDR,CT,ANE,EN,Federal Contract Tower,0,5,12,0,17,0,4,135,1,140,0,9,147,1,157,218,0,218,375
09/05/2021,BDR,CT,ANE,EN,Federal Contract Tower,0,5,11,0,16,0,4,41,0,45,0,9,52,0,61,0,0,0,61
09/06/2021,BDR,CT,ANE,EN,Federal Contract Tower,0,6,5,0,11,0,6,96,0,102,0,12,101,0,113,102,0,102,215
09/07/2021,BDR,CT,ANE,EN,Federal Contract Tower,0,5,11,0,16,0,17,92,0,109,0,22,103,0,125,60,0,60,185
09/08/2021,BDR,CT,ANE,EN,Federal Contract Tower,0,15,5,1,21,0,9,92,0,101,0,24,97,1,122,96,0,96,218
09/09/2021,BDR,CT,ANE,EN,Federal Contract Tower,0,8,11,0,19,0,3,5,0,8,0,11,16,0,27,4,0,4,31
09/10/2021,BDR,CT,ANE,EN,Federal Contract Tower,0,11,11,0,22,0,10,85,0,95,0,21,96,0,117,116,0,116,233
09/11/2021,BDR,CT,ANE,EN,Federal Contract Tower,0,6,7,0,13,0,0,139,0,139,0,6,146,0,152,166,0,166,318
09/12/2021,BDR,CT,ANE,EN,Federal Contract Tower,0,11,10,0,21,0,12,89,0,101,0,23,99,0,122,122,0,122,244
09/13/2021,BDR,CT,ANE,EN,Federal Contract Tower,0,10,7,0,17,0,8,55,0,63,0,18,62,0,80,210,0,210,290
09/14/2021,BDR,CT,ANE,EN,Federal Contract Tower,0,13,7,1,21,0,1,65,1,67,0,14,72,2,88,174,0,174,262
09/15/2021,BDR,CT,ANE,EN,Federal Contract Tower,0,13,9,1,23,0,6,60,2,68,0,19,69,3,91,78,0,78,169
09/16/2021,BDR,CT,ANE,EN,Federal Contract Tower,0,11,10,0,21,0,2,31,3,36,0,13,41,3,57,40,0,40,97
09/17/2021,BDR,CT,ANE,EN,Federal Contract Tower,0,17,12,0,29,0,2,11,0,13,0,19,23,0,42,32,0,32,74
09/18/2021,BDR,CT,ANE,EN,Federal Contract Tower,0,9,14,2,25,0,0,87,0,87,0,9,101,2,112,280,0,280,392
09/19/2021,BDR,CT,ANE,EN,Federal Contract Tower,0,11,4,0,15,0,4,122,0,126,0,15,126,0,141,190,0,190,331
09/20/2021,BDR,CT,ANE,EN,Federal Contract Tower,0,3,10,0,13,0,6,74,2,82,0,9,84,2,95,184,0,184,279
09/21/2021,BDR,CT,ANE,EN,Federal Contract Tower,0,14,11,0,25,0,2,79,0,81,0,16,90,0,106,134,0,134,240
09/22/2021,BDR,CT,ANE,EN,Federal Contract Tower,0,7,16,0,23,0,1,18,0,19,0,8,34,0,42,86,0,86,128
09/23/2021,BDR,CT,ANE,EN,Federal Contract Tower,0,19,8,0,27,0,1,18,0,19,0,20,26,0,46,12,0,12,58
09/24/2021,BDR,CT,ANE,EN,Federal Contract Tower,0,16,8,0,24,0,7,34,0,41,0,23,42,0,65,118,0,118,183
09/25/2021,BDR,CT,ANE,EN,Federal Contract Tower,0,4,9,0,13,0,6,119,0,125,0,10,128,0,138,252,0,252,390
09/26/2021,BDR,CT,ANE,EN,Federal Contract Tower,0,5,10,0,15,0,5,98,2,105,0,10,108,2,120,120,2,122,242
09/27/2021,BDR,CT,ANE,EN,Federal Contract Tower,0,3,9,0,12,0,2,81,0,83,0,5,90,0,95,206,0,206,301
09/28/2021,BDR,CT,ANE,EN,Federal Contract Tower,0,12,9,0,21,0,3,19,0,22,0,15,28,0,43,80,0,80,123
09/29/2021,BDR,CT,ANE,EN,Federal Contract Tower,0,7,5,0,12,0,0,73,0,73,0,7,78,0,85,88,0,88,173
09/30/2021,BDR,CT,ANE,EN,Federal Contract Tower,0,6,5,0,11,0,6,70,4,80,0,12,75,4,91,110,0,110,201
10/01/2021,BDR,CT,ANE,EN,Federal Contract Tower,0,11,11,0,22,0,5,83,0,88,0,16,94,0,110,168,0,168,278
10/02/2021,BDR,CT,ANE,EN,Federal Contract Tower,0,0,9,0,9,0,1,165,0,166,0,1,174,0,175,250,0,250,425
10/03/2021,BDR,CT,ANE,EN,Federal Contract Tower,0,10,10,0,20,0,3,117,0,120,0,13,127,0,140,160,0,160,300
10/04/2021,BDR,CT,ANE,EN,Federal Contract Tower,0,13,15,0,28,0,0,0,0,0,0,13,15,0,28,0,0,0,28
10/05/2021,BDR,CT,ANE,EN,Federal Contract Tower,0,11,16,0,27,0,1,8,0,9,0,12,24,0,36,20,2,22,58
10/06/2021,BDR,CT,ANE,EN,Federal Contract Tower,0,7,14,0,21,0,2,87,0,89,0,9,101,0,110,174,0,174,284
10/07/2021,BDR,CT,ANE,EN,Federal Contract Tower,0,14,13,0,27,0,3,64,0,67,0,17,77,0,94,186,0,186,280
10/08/2021,BDR,CT,ANE,EN,Federal Contract Tower,0,15,11,0,26,0,4,75,4,83,0,19,86,4,109,124,0,124,233
10/09/2021,BDR,CT,ANE,EN,Federal Contract Tower,0,12,16,0,28,0,0,28,0,28,0,12,44,0,56,82,0,82,138
10/10/2021,BDR,CT,ANE,EN,Federal Contract Tower,0,4,23,0,27,0,0,3,0,3,0,4,26,0,30,6,0,6,36
10/11/2021,BDR,CT,ANE,EN,Federal Contract Tower,0,17,10,0,27,0,3,51,0,54,0,20,61,0,81,114,0,114,195
10/12/2021,BDR,CT,ANE,EN,Federal Contract Tower,0,7,7,0,14,0,4,85,0,89,0,11,92,0,103,166,0,166,269
10/13/2021,BDR,CT,ANE,EN,Federal Contract Tower,0,21,10,0,31,0,1,48,0,49,0,22,58,0,80,134,0,134,214
10/14/2021,BDR,CT,ANE,EN,Federal Contract Tower,0,14,5,0,19,0,6,103,0,109,0,20,108,0,128,118,0,118,246
10/15/2021,BDR,CT,ANE,EN,Federal Contract Tower,0,11,10,0,21,0,4,69,2,75,0,15,79,2,96,192,0,192,288
10/16/2021,BDR,CT,ANE,EN,Federal Contract Tower,0,10,5,0,15,0,0,30,0,30,0,10,35,0,45,54,0,54,99
10/17/2021,BDR,CT,ANE,EN,Federal Contract Tower,0,8,11,0,19,0,2,100,0,102,0,10,111,0,121,180,0,180,301
10/18/2021,BDR,CT,ANE,EN,Federal Contract Tower,0,7,7,0,14,0,6,27,0,33,0,13,34,0,47,38,0,38,85
10/19/2021,BDR,CT,ANE,EN,Federal Contract Tower,0,6,10,0,16,0,5,60,0,65,0,11,70,0,81,80,2,82,163
10/20/2021,BDR,CT,ANE,EN,Federal Contract Tower,0,4,10,0,14,0,5,77,0,82,0,9,87,0,96,210,0,210,306
10/21/2021,BDR,CT,ANE,EN,Federal Contract Tower,0,20,4,0,24,0,6,83,0,89,0,26,87,0,113,152,0,152,265
10/22/2021,BDR,CT,ANE,EN,Federal Contract Tower,0,17,11,2,30,0,7,83,0,90,0,24,94,2,120,194,0,194,314
10/23/2021,BDR,CT,ANE,EN,Federal Contract Tower,0,4,8,0,12,0,3,94,0,97,0,7,102,0,109,215,0,215,324
10/24/2021,BDR,CT,ANE,EN,Federal Contract Tower,0,8,13,0,21,0,5,75,0,80,0,13,88,0,101,140,6,146,247
10/25/2021,BDR,CT,ANE,EN,Federal Contract Tower,0,12,4,0,16,0,4,20,0,24,0,16,24,0,40,26,0,26,66
10/26/2021,BDR,CT,ANE,EN,Federal Contract Tower,0,1,5,0,6,0,0,0,0,0,0,1,5,0,6,0,0,0,6
10/27/2021,BDR,CT,ANE,EN,Federal Contract Tower,0,7,5,0,12,0,0,8,0,8,0,7,13,0,20,0,0,0,20
10/29/2021,BDR,CT,ANE,EN,Federal Contract Tower,0,7,11,0,18,0,4,18,0,22,0,11,29,0,40,72,0,72,112
10/30/2021,BDR,CT,ANE,EN,Federal Contract Tower,0,1,13,0,14,0,0,1,0,1,0,1,14,0,15,0,0,0,15
10/31/2021,BDR,CT,ANE,EN,Federal Contract Tower,0,4,14,0,18,0,0,78,0,78,0,4,92,0,96,166,0,166,262
11/01/2021,BDR,CT,ANE,EN,Federal Contract Tower,0,1,9,0,10,0,2,60,0,62,0,3,69,0,72,86,0,86,158
11/02/2021,BDR,CT,ANE,EN,Federal Contract Tower,0,5,14,0,19,0,4,47,0,51,0,9,61,0,70,102,0,102,172
11/03/2021,BDR,CT,ANE,EN,Federal Contract Tower,0,8,11,0,19,0,3,79,0,82,0,11,90,0,101,124,0,124,225
11/04/2021,BDR,CT,ANE,EN,Federal Contract Tower,0,3,10,0,13,0,4,62,0,66,0,7,72,0,79,122,0,122,201
11/05/2021,BDR,CT,ANE,EN,Federal Contract Tower,0,7,11,0,18,0,3,89,0,92,0,10,100,0,110,268,0,268,378
11/06/2021,BDR,CT,ANE,EN,Federal Contract Tower,0,6,7,0,13,0,2,113,2,117,0,8,120,2,130,174,0,174,304
11/07/2021,BDR,CT,ANE,EN,Federal Contract Tower,0,5,12,0,17,0,0,113,2,115,0,5,125,2,132,132,16,148,280
11/08/2021,BDR,CT,ANE,EN,Federal Contract Tower,0,8,6,0,14,0,2,55,0,57,0,10,61,0,71,184,0,184,255
11/09/2021,BDR,CT,ANE,EN,Federal Contract Tower,0,9,3,0,12,0,3,70,0,73,0,12,73,0,85,160,0,160,245
11/10/2021,BDR,CT,ANE,EN,Federal Contract Tower,0,6,8,0,14,0,4,86,0,90,0,10,94,0,104,98,0,98,202
11/11/2021,BDR,CT,ANE,EN,Federal Contract Tower,0,8,16,0,24,0,2,79,0,81,0,10,95,0,105,134,0,134,239
11/12/2021,BDR,CT,ANE,EN,Federal Contract Tower,0,5,12,0,17,0,0,6,0,6,0,5,18,0,23,12,0,12,35
11/13/2021,BDR,CT,ANE,EN,Federal Contract Tower,0,3,10,0,13,0,0,37,0,37,0,3,47,0,50,64,0,64,114
11/14/2021,BDR,CT,ANE,EN,Federal Contract Tower,0,16,4,0,20,0,1,107,0,108,0,17,111,0,128,148,0,148,276
11/15/2021,BDR,CT,ANE,EN,Federal Contract Tower,0,3,5,0,8,0,1,23,0,24,0,4,28,0,32,82,0,82,114
11/16/2021,BDR,CT,ANE,EN,Federal Contract Tower,0,4,7,0,11,0,0,40,0,40,0,4,47,0,51,50,0,50,101
11/17/2021,BDR,CT,ANE,EN,Federal Contract Tower,0,9,12,0,21,0,0,68,0,68,0,9,80,0,89,162,0,162,251
11/18/2021,BDR,CT,ANE,EN,Federal Contract Tower,0,9,18,0,27,0,1,60,2,63,0,10,78,2,90,80,0,80,170
11/19/2021,BDR,CT,ANE,EN,Federal Contract Tower,0,11,5,0,16,0,1,51,0,52,0,12,56,0,68,64,4,68,136
11/20/2021,BDR,CT,ANE,EN,Federal Contract Tower,0,5,7,0,12,0,1,68,0,69,0,6,75,0,81,242,0,242,323
11/21/2021,BDR,CT,ANE,EN,Federal Contract Tower,0,7,5,0,12,0,3,79,0,82,0,10,84,0,94,178,0,178,272
11/22/2021,BDR,CT,ANE,EN,Federal Contract Tower,0,11,12,0,23,0,2,23,0,25,0,13,35,0,48,60,0,60,108
11/23/2021,BDR,CT,ANE,EN,Federal Contract Tower,0,11,7,2,20,0,1,28,2,31,0,12,35,4,51,108,0,108,159
11/24/2021,BDR,CT,ANE,EN,Federal Contract Tower,0,5,8,0,13,0,2,76,0,78,0,7,84,0,91,132,0,132,223
11/25/2021,BDR,CT,ANE,EN,Federal Contract Tower,0,2,4,0,6,0,2,19,0,21,0,4,23,0,27,50,0,50,77
11/26/2021,BDR,CT,ANE,EN,Federal Contract Tower,0,8,6,0,14,0,0,2,0,2,0,8,8,0,16,0,0,0,16
11/27/2021,BDR,CT,ANE,EN,Federal Contract Tower,0,3,3,0,6,0,0,34,0,34,0,3,37,0,40,24,0,24,64
11/28/2021,BDR,CT,ANE,EN,Federal Contract Tower,0,10,11,0,21,0,0,20,0,20,0,10,31,0,41,104,0,104,145
11/29/2021,BDR,CT,ANE,EN,Federal Contract Tower,0,7,10,0,17,0,3,23,0,26,0,10,33,0,43,38,0,38,81
11/30/2021,BDR,CT,ANE,EN,Federal Contract Tower,0,6,12,0,18,0,0,51,2,53,0,6,63,2,71,100,0,100,171
12/01/2021,BDR,CT,ANE,EN,Federal Contract Tower,0,5,5,0,10,0,6,74,0,80,0,11,79,0,90,144,0,144,234
12/02/2021,BDR,CT,ANE,EN,Federal Contract Tower,0,7,6,0,13,0,1,31,0,32,0,8,37,0,45,50,0,50,95
12/03/2021,BDR,CT,ANE,EN,Federal Contract Tower,0,9,8,0,17,0,3,45,0,48,0,12,53,0,65,42,0,42,107
12/04/2021,BDR,CT,ANE,EN,Federal Contract Tower,0,3,4,0,7,0,2,86,0,88,0,5,90,0,95,132,0,132,227
12/05/2021,BDR,CT,ANE,EN,Federal Contract Tower,0,11,6,0,17,0,8,102,0,110,0,19,108,0,127,194,0,194,321
12/06/2021,BDR,CT,ANE,EN,Federal Contract Tower,0,7,14,0,21,0,0,2,0,2,0,7,16,0,23,0,0,0,23
12/07/2021,BDR,CT,ANE,EN,Federal Contract Tower,0,3,5,0,8,0,1,43,0,44,0,4,48,0,52,130,0,130,182
12/08/2021,BDR,CT,ANE,EN,Federal Contract Tower,0,9,12,0,21,0,0,13,0,13,0,9,25,0,34,10,0,10,44
12/09/2021,BDR,CT,ANE,EN,Federal Contract Tower,0,12,4,0,16,0,0,77,0,77,0,12,81,0,93,130,0,130,223
12/10/2021,BDR,CT,ANE,EN,Federal Contract Tower,0,6,9,0,15,0,3,67,0,70,0,9,76,0,85,92,0,92,177
12/11/2021,BDR,CT,ANE,EN,Federal Contract Tower,0,4,6,0,10,0,0,0,0,0,0,4,6,0,10,0,0,0,10
12/12/2021,BDR,CT,ANE,EN,Federal Contract Tower,0,9,5,0,14,0,1,77,2,80,0,10,82,2,94,82,0,82,176
12/13/2021,BDR,CT,ANE,EN,Federal Contract Tower,0,2,5,0,7,0,4,37,0,41,0,6,42,0,48,94,0,94,142
12/14/2021,BDR,CT,ANE,EN,Federal Contract Tower,0,14,9,0,23,0,1,76,0,77,0,15,85,0,100,150,0,150,250
12/15/2021,BDR,CT,ANE,EN,Federal Contract Tower,0,10,4,0,14,0,6,55,0,61,0,16,59,0,75,128,0,128,203
12/16/2021,BDR,CT,ANE,EN,Federal Contract Tower,0,9,7,0,16,0,3,48,0,51,0,12,55,0,67,92,0,92,159
12/17/2021,BDR,CT,ANE,EN,Federal Contract Tower,0,7,8,0,15,0,3,32,0,35,0,10,40,0,50,102,0,102,152
12/18/2021,BDR,CT,ANE,EN,Federal Contract Tower,0,9,5,0,14,0,0,1,0,1,0,9,6,0,15,4,0,4,19
12/19/2021,BDR,CT,ANE,EN,Federal Contract Tower,0,5,7,0,12,0,0,27,0,27,0,5,34,0,39,52,0,52,91
12/20/2021,BDR,CT,ANE,EN,Federal Contract Tower,0,8,1,0,9,0,1,43,0,44,0,9,44,0,53,146,0,146,199
12/21/2021,BDR,CT,ANE,EN,Federal Contract Tower,0,6,4,0,10,0,0,51,0,51,0,6,55,0,61,168,0,168,229
12/22/2021,BDR,CT,ANE,EN,Federal Contract Tower,0,5,4,0,9,0,0,12,0,12,0,5,16,0,21,50,0,50,71
12/23/2021,BDR,CT,ANE,EN,Federal Contract Tower,0,10,5,0,15,0,2,62,0,64,0,12,67,0,79,154,0,154,233
12/24/2021,BDR,CT,ANE,EN,Federal Contract Tower,0,9,6,0,15,0,0,0,0,0,0,9,6,0,15,8,0,8,23
12/25/2021,BDR,CT,ANE,EN,Federal Contract Tower,0,2,1,0,3,0,0,0,0,0,0,2,1,0,3,0,0,0,3
12/26/2021,BDR,CT,ANE,EN,Federal Contract Tower,0,6,6,0,12,0,0,40,0,40,0,6,46,0,52,70,0,70,122
12/27/2021,BDR,CT,ANE,EN,Federal Contract Tower,0,6,5,0,11,0,0,31,0,31,0,6,36,0,42,78,0,78,120
12/28/2021,BDR,CT,ANE,EN,Federal Contract Tower,0,6,7,0,13,0,1,44,0,45,0,7,51,0,58,102,0,102,160
12/29/2021,BDR,CT,ANE,EN,Federal Contract Tower,0,5,4,0,9,0,0,0,0,0,0,5,4,0,9,0,0,0,9
12/30/2021,BDR,CT,ANE,EN,Federal Contract Tower,0,9,10,0,19,0,0,4,0,4,0,9,14,0,23,30,2,32,55
12/31/2021,BDR,CT,ANE,EN,Federal Contract Tower,0,1,8,0,9,0,0,6,0,6,0,1,14,0,15,22,0,22,37
01/01/2022,BDR,CT,ANE,EN,Federal Contract Tower,0,3,3,0,6,0,0,0,0,0,0,3,3,0,6,0,0,0,6
01/02/2022,BDR,CT,ANE,EN,Federal Contract Tower,0,6,14,0,20,0,0,10,0,10,0,6,24,0,30,0,0,0,30
01/03/2022,BDR,CT,ANE,EN,Federal Contract Tower,0,9,5,0,14,0,1,15,0,16,0,10,20,0,30,34,0,34,64
01/04/2022,BDR,CT,ANE,EN,Federal Contract Tower,0,3,6,1,10,0,1,73,0,74,0,4,79,1,84,110,2,112,196
01/05/2022,BDR,CT,ANE,EN,Federal Contract Tower,0,1,2,0,3,0,0,0,0,0,0,1,2,0,3,0,0,0,3
01/06/2022,BDR,CT,ANE,EN,Federal Contract Tower,0,6,8,0,14,0,1,68,13,82,0,7,76,13,96,132,10,142,238
01/07/2022,BDR,CT,ANE,EN,Federal Contract Tower,0,0,2,0,2,0,0,4,0,4,0,0,6,0,6,0,0,0,6
01/08/2022,BDR,CT,ANE,EN,Federal Contract Tower,0,3,5,0,8,0,0,54,0,54,0,3,59,0,62,90,0,90,152
01/09/2022,BDR,CT,ANE,EN,Federal Contract Tower,0,7,2,0,9,0,0,3,0,3,0,7,5,0,12,10,0,10,22
01/10/2022,BDR,CT,ANE,EN,Federal Contract Tower,0,7,6,0,13,0,2,25,0,27,0,9,31,0,40,84,0,84,124
01/11/2022,BDR,CT,ANE,EN,Federal Contract Tower,0,7,3,0,10,0,0,13,0,13,0,7,16,0,23,30,0,30,53
01/12/2022,BDR,CT,ANE,EN,Federal Contract Tower,0,4,1,0,5,0,0,19,0,19,0,4,20,0,24,48,0,48,72
01/13/2022,BDR,CT,ANE,EN,Federal Contract Tower,0,10,6,0,16,0,0,81,0,81,0,10,87,0,97,78,6,84,181
01/14/2022,BDR,CT,ANE,EN,Federal Contract Tower,0,6,1,0,7,0,0,19,0,19,0,6,20,0,26,10,0,10,36
01/15/2022,BDR,CT,ANE,EN,Federal Contract Tower,0,6,3,0,9,0,1,30,0,31,0,7,33,0,40,62,0,62,102
01/16/2022,BDR,CT,ANE,EN,Federal Contract Tower,0,3,6,0,9,0,0,46,0,46,0,3,52,0,55,70,0,70,125
01/17/2022,BDR,CT,ANE,EN,Federal Contract Tower,0,6,5,0,11,0,0,0,0,0,0,6,5,0,11,0,0,0,11
01/18/2022,BDR,CT,ANE,EN,Federal Contract Tower,0,5,2,0,7,0,2,16,0,18,0,7,18,0,25,6,0,6,31
01/19/2022,BDR,CT,ANE,EN,Federal Contract Tower,0,11,5,0,16,0,3,51,0,54,0,14,56,0,70,70,0,70,140
01/20/2022,BDR,CT,ANE,EN,Federal Contract Tower,0,5,3,0,8,0,1,7,0,8,0,6,10,0,16,0,8,8,24
01/21/2022,BDR,CT,ANE,EN,Federal Contract Tower,0,2,5,0,7,0,0,40,0,40,0,2,45,0,47,94,0,94,141
01/22/2022,BDR,CT,ANE,EN,Federal Contract Tower,0,2,2,0,4,0,3,63,0,66,0,5,65,0,70,200,0,200,270
01/23/2022,BDR,CT,ANE,EN,Federal Contract Tower,0,4,5,0,9,0,0,61,0,61,0,4,66,0,70,134,0,134,204
01/24/2022,BDR,CT,ANE,EN,Federal Contract Tower,0,3,3,0,6,0,0,30,1,31,0,3,33,1,37,68,0,68,105
01/25/2022,BDR,CT,ANE,EN,Federal Contract Tower,0,9,2,0,11,0,0,39,0,39,0,9,41,0,50,46,0,46,96
01/26/2022,BDR,CT,ANE,EN,Federal Contract Tower,0,9,5,0,14,0,0,39,0,39,0,9,44,0,53,66,0,66,119
01/27/2022,BDR,CT,ANE,EN,Federal Contract Tower,0,6,11,0,17,0,0,48,0,48,0,6,59,0,65,98,0,98,163
01/28/2022,BDR,CT,ANE,EN,Federal Contract Tower,0,5,10,0,15,0,0,5,0,5,0,5,15,0,20,44,0,44,64
01/29/2022,BDR,CT,ANE,EN,Federal Contract Tower,0,0,0,0,0,0,0,0,0,0,0,0,0,0,0,0,0,0,0
01/30/2022,BDR,CT,ANE,EN,Federal Contract Tower,0,5,3,0,8,0,0,11,0,11,0,5,14,0,19,38,8,46,65
01/31/2022,BDR,CT,ANE,EN,Federal Contract Tower,0,5,6,0,11,0,1,39,0,40,0,6,45,0,51,46,0,46,97
02/01/2022,BDR,CT,ANE,EN,Federal Contract Tower,0,4,9,0,13,0,0,45,0,45,0,4,54,0,58,66,0,66,124
02/02/2022,BDR,CT,ANE,EN,Federal Contract Tower,0,7,10,0,17,0,1,17,0,18,0,8,27,0,35,26,6,32,67
02/03/2022,BDR,CT,ANE,EN,Federal Contract Tower,0,2,0,0,2,0,0,0,0,0,0,2,0,0,2,0,0,0,2
02/04/2022,BDR,CT,ANE,EN,Federal Contract Tower,0,1,2,0,3,0,0,0,0,0,0,1,2,0,3,0,0,0,3
02/05/2022,BDR,CT,ANE,EN,Federal Contract Tower,0,1,1,0,2,0,0,25,0,25,0,1,26,0,27,18,0,18,45
02/06/2022,BDR,CT,ANE,EN,Federal Contract Tower,0,0,1,0,1,0,0,83,0,83,0,0,84,0,84,204,0,204,288
02/07/2022,BDR,CT,ANE,EN,Federal Contract Tower,0,5,2,0,7,0,0,0,0,0,0,5,2,0,7,0,0,0,7
02/08/2022,BDR,CT,ANE,EN,Federal Contract Tower,0,4,7,0,11,0,0,33,0,33,0,4,40,0,44,60,8,68,112
02/09/2022,BDR,CT,ANE,EN,Federal Contract Tower,0,4,3,0,7,0,2,76,0,78,0,6,79,0,85,140,0,140,225
02/10/2022,BDR,CT,ANE,EN,Federal Contract Tower,0,3,11,0,14,0,0,26,0,26,0,3,37,0,40,110,0,110,150
02/11/2022,BDR,CT,ANE,EN,Federal Contract Tower,0,6,2,0,8,0,0,67,0,67,0,6,69,0,75,76,0,76,151
02/12/2022,BDR,CT,ANE,EN,Federal Contract Tower,0,5,4,0,9,0,1,80,0,81,0,6,84,0,90,260,0,260,350
02/13/2022,BDR,CT,ANE,EN,Federal Contract Tower,0,2,8,0,10,0,0,3,0,3,0,2,11,0,13,0,0,0,13
02/14/2022,BDR,CT,ANE,EN,Federal Contract Tower,0,4,3,0,7,0,0,20,0,20,0,4,23,0,27,46,2,48,75
02/15/2022,BDR,CT,ANE,EN,Federal Contract Tower,0,4,5,0,9,0,0,57,0,57,0,4,62,0,66,104,2,106,172
02/16/2022,BDR,CT,ANE,EN,Federal Contract Tower,0,11,6,0,17,0,0,41,0,41,0,11,47,0,58,68,0,68,126
02/17/2022,BDR,CT,ANE,EN,Federal Contract Tower,0,14,3,0,17,0,0,18,0,18,0,14,21,0,35,8,0,8,43
02/18/2022,BDR,CT,ANE,EN,Federal Contract Tower,0,7,9,0,16,0,2,13,0,15,0,9,22,0,31,0,0,0,31
02/19/2022,BDR,CT,ANE,EN,Federal Contract Tower,0,2,2,0,4,0,0,16,0,16,0,2,18,0,20,22,0,22,42
02/20/2022,BDR,CT,ANE,EN,Federal Contract Tower,0,1,3,0,4,0,0,59,1,60,0,1,62,1,64,192,0,192,256
02/21/2022,BDR,CT,ANE,EN,Federal Contract Tower,0,11,7,0,18,0,0,69,0,69,0,11,76,0,87,198,0,198,285
02/22/2022,BDR,CT,ANE,EN,Federal Contract Tower,0,4,12,0,16,0,0,0,0,0,0,4,12,0,16,0,0,0,16
02/23/2022,BDR,CT,ANE,EN,Federal Contract Tower,0,7,6,0,13,0,0,24,0,24,0,7,30,0,37,36,0,36,73
02/24/2022,BDR,CT,ANE,EN,Federal Contract Tower,0,5,7,0,12,0,1,43,0,44,0,6,50,0,56,56,0,56,112
02/25/2022,BDR,CT,ANE,EN,Federal Contract Tower,0,1,5,0,6,0,0,0,0,0,0,1,5,0,6,6,0,6,12
02/26/2022,BDR,CT,ANE,EN,Federal Contract Tower,0,7,6,0,13,0,0,85,0,85,0,7,91,0,98,230,0,230,328
02/27/2022,BDR,CT,ANE,EN,Federal Contract Tower,0,9,9,0,18,0,0,51,0,51,0,9,60,0,69,72,0,72,141
02/28/2022,BDR,CT,ANE,EN,Federal Contract Tower,0,5,6,0,11,0,1,22,0,23,0,6,28,0,34,58,0,58,92
03/01/2022,BDR,CT,ANE,EN,Federal Contract Tower,0,3,3,0,6,0,0,37,0,37,0,3,40,0,43,66,0,66,109
03/02/2022,BDR,CT,ANE,EN,Federal Contract Tower,0,3,4,0,7,0,1,45,0,46,0,4,49,0,53,110,0,110,163
03/03/2022,BDR,CT,ANE,EN,Federal Contract Tower,0,1,3,0,4,0,3,41,0,44,0,4,44,0,48,80,0,80,128
03/04/2022,BDR,CT,ANE,EN,Federal Contract Tower,0,5,4,0,9,0,0,56,0,56,0,5,60,0,65,164,0,164,229
03/05/2022,BDR,CT,ANE,EN,Federal Contract Tower,0,7,7,0,14,0,2,92,0,94,0,9,99,0,108,272,0,272,380
03/06/2022,BDR,CT,ANE,EN,Federal Contract Tower,0,6,11,0,17,0,0,4,0,4,0,6,15,0,21,16,0,16,37
03/07/2022,BDR,CT,ANE,EN,Federal Contract Tower,0,4,5,0,9,0,0,21,0,21,0,4,26,0,30,58,0,58,88
03/08/2022,BDR,CT,ANE,EN,Federal Contract Tower,0,28,12,0,40,0,1,30,0,31,0,29,42,0,71,46,6,52,123
03/09/2022,BDR,CT,ANE,EN,Federal Contract Tower,0,2,3,0,5,0,0,0,0,0,0,2,3,0,5,0,0,0,5
03/10/2022,BDR,CT,ANE,EN,Federal Contract Tower,0,7,14,0,21,0,0,65,0,65,0,7,79,0,86,118,2,120,206
03/11/2022,BDR,CT,ANE,EN,Federal Contract Tower,0,8,8,0,16,0,2,75,1,78,0,10,83,1,94,208,0,208,302
03/12/2022,BDR,CT,ANE,EN,Federal Contract Tower,0,0,2,0,2,0,0,0,0,0,0,0,2,0,2,0,0,0,2
03/13/2022,BDR,CT,ANE,EN,Federal Contract Tower,0,4,11,0,15,0,0,44,0,44,0,4,55,0,59,148,0,148,207
03/14/2022,BDR,CT,ANE,EN,Federal Contract Tower,0,4,10,0,14,0,1,44,0,45,0,5,54,0,59,244,0,244,303
03/15/2022,BDR,CT,ANE,EN,Federal Contract Tower,0,2,9,0,11,0,0,56,0,56,0,2,65,0,67,158,0,158,225
03/16/2022,BDR,CT,ANE,EN,Federal Contract Tower,0,7,12,0,19,0,2,80,0,82,0,9,92,0,101,146,4,150,251
03/17/2022,BDR,CT,ANE,EN,Federal Contract Tower,0,7,8,0,15,0,0,0,0,0,0,7,8,0,15,0,0,0,15
03/18/2022,BDR,CT,ANE,EN,Federal Contract Tower,0,3,10,0,13,0,1,51,0,52,0,4,61,0,65,98,0,98,163
03/19/2022,BDR,CT,ANE,EN,Federal Contract Tower,0,7,0,0,7,0,0,3,0,3,0,7,3,0,10,22,0,22,32
03/20/2022,BDR,CT,ANE,EN,Federal Contract Tower,0,2,12,0,14,0,6,59,2,67,0,8,71,2,81,202,0,202,283
03/21/2022,BDR,CT,ANE,EN,Federal Contract Tower,0,2,7,0,9,0,0,29,0,29,0,2,36,0,38,120,0,120,158
03/22/2022,BDR,CT,ANE,EN,Federal Contract Tower,0,4,3,0,7,0,0,54,0,54,0,4,57,0,61,92,0,92,153
03/23/2022,BDR,CT,ANE,EN,Federal Contract Tower,0,7,11,1,19,0,0,35,1,36,0,7,46,2,55,94,10,104,159
03/24/2022,BDR,CT,ANE,EN,Federal Contract Tower,0,2,6,0,8,0,0,0,0,0,0,2,6,0,8,0,0,0,8
03/25/2022,BDR,CT,ANE,EN,Federal Contract Tower,0,8,9,0,17,0,0,56,0,56,0,8,65,0,73,128,2,130,203
03/26/2022,BDR,CT,ANE,EN,Federal Contract Tower,0,5,5,0,10,0,3,36,0,39,0,8,41,0,49,144,0,144,193
03/27/2022,BDR,CT,ANE,EN,Federal Contract Tower,0,12,6,0,18,0,0,38,0,38,0,12,44,0,56,42,0,42,98
03/28/2022,BDR,CT,ANE,EN,Federal Contract Tower,0,3,8,0,11,0,0,13,0,13,0,3,21,0,24,24,0,24,48
03/29/2022,BDR,CT,ANE,EN,Federal Contract Tower,0,7,8,0,15,0,3,36,0,39,0,10,44,0,54,62,2,64,118
03/30/2022,BDR,CT,ANE,EN,Federal Contract Tower,0,3,8,0,11,0,6,55,4,65,0,9,63,4,76,100,0,100,176
03/31/2022,BDR,CT,ANE,EN,Federal Contract Tower,0,5,4,0,9,0,0,1,0,1,0,5,5,0,10,4,0,4,14
04/01/2022,BDR,CT,ANE,EN,Federal Contract Tower,0,3,10,0,13,0,0,24,0,24,0,3,34,0,37,34,0,34,71
04/02/2022,BDR,CT,ANE,EN,Federal Contract Tower,0,0,10,0,10,0,15,93,0,108,0,15,103,0,118,202,0,202,320
04/03/2022,BDR,CT,ANE,EN,Federal Contract Tower,0,11,9,0,20,0,0,8,0,8,0,11,17,0,28,10,0,10,38
04/04/2022,BDR,CT,ANE,EN,Federal Contract Tower,0,8,6,0,14,0,3,47,0,50,0,11,53,0,64,92,0,92,156
04/05/2022,BDR,CT,ANE,EN,Federal Contract Tower,0,5,7,0,12,0,1,67,2,70,0,6,74,2,82,172,0,172,254
04/06/2022,BDR,CT,ANE,EN,Federal Contract Tower,0,2,29,0,31,0,0,1,0,1,0,2,30,0,32,0,0,0,32
04/07/2022,BDR,CT,ANE,EN,Federal Contract Tower,0,2,12,0,14,0,0,0,0,0,0,2,12,0,14,0,0,0,14
04/08/2022,BDR,CT,ANE,EN,Federal Contract Tower,0,2,10,0,12,0,2,57,0,59,0,4,67,0,71,128,0,128,199
04/09/2022,BDR,CT,ANE,EN,Federal Contract Tower,0,1,1,0,2,0,1,32,0,33,0,2,33,0,35,62,0,62,97
04/10/2022,BDR,CT,ANE,EN,Federal Contract Tower,0,3,11,0,14,0,2,41,0,43,0,5,52,0,57,112,0,112,169
04/11/2022,BDR,CT,ANE,EN,Federal Contract Tower,0,4,5,0,9,0,3,55,0,58,0,7,60,0,67,144,0,144,211
04/12/2022,BDR,CT,ANE,EN,Federal Contract Tower,0,7,5,0,12,0,4,30,0,34,0,11,35,0,46,74,0,74,120
04/13/2022,BDR,CT,ANE,EN,Federal Contract Tower,0,6,12,0,18,0,2,68,0,70,0,8,80,0,88,130,0,130,218
04/14/2022,BDR,CT,ANE,EN,Federal Contract Tower,0,12,9,0,21,4,32,2,0,38,4,44,11,0,59,44,0,44,103
04/15/2022,BDR,CT,ANE,EN,Federal Contract Tower,0,7,6,0,13,0,1,66,0,67,0,8,72,0,80,184,0,184,264
04/16/2022,BDR,CT,ANE,EN,Federal Contract Tower,0,2,4,0,6,0,4,35,0,39,0,6,39,0,45,118,0,118,163
04/17/2022,BDR,CT,ANE,EN,Federal Contract Tower,0,17,3,0,20,0,5,29,0,34,0,22,32,0,54,52,0,52,106
04/18/2022,BDR,CT,ANE,EN,Federal Contract Tower,0,9,16,0,25,0,4,35,0,39,0,13,51,0,64,102,0,102,166
04/19/2022,BDR,CT,ANE,EN,Federal Contract Tower,0,4,7,0,11,0,0,6,0,6,0,4,13,0,17,0,14,14,31
04/20/2022,BDR,CT,ANE,EN,Federal Contract Tower,0,11,3,0,14,0,4,60,3,67,0,15,63,3,81,80,0,80,161
04/21/2022,BDR,CT,ANE,EN,Federal Contract Tower,0,9,7,0,16,0,5,52,0,57,0,14,59,0,73,142,0,142,215
04/22/2022,BDR,CT,ANE,EN,Federal Contract Tower,0,7,7,0,14,0,4,80,2,86,0,11,87,2,100,74,0,74,174
04/23/2022,BDR,CT,ANE,EN,Federal Contract Tower,0,6,6,0,12,0,3,111,2,116,0,9,117,2,128,266,8,274,402
04/24/2022,BDR,CT,ANE,EN,Federal Contract Tower,0,7,4,0,11,0,7,81,0,88,0,14,85,0,99,224,0,224,323
04/25/2022,BDR,CT,ANE,EN,Federal Contract Tower,0,5,12,0,17,0,0,43,0,43,0,5,55,0,60,178,0,178,238
04/26/2022,BDR,CT,ANE,EN,Federal Contract Tower,0,2,8,0,10,0,0,0,0,0,0,2,8,0,10,0,0,0,10
04/27/2022,BDR,CT,ANE,EN,Federal Contract Tower,0,15,11,1,27,0,1,24,3,28,0,16,35,4,55,10,0,10,65
04/28/2022,BDR,CT,ANE,EN,Federal Contract Tower,0,10,6,0,16,0,2,18,6,26,0,12,24,6,42,0,0,0,42
04/29/2022,BDR,CT,ANE,EN,Federal Contract Tower,0,10,9,0,19,0,0,36,0,36,0,10,45,0,55,12,0,12,67
04/30/2022,BDR,CT,ANE,EN,Federal Contract Tower,0,2,10,0,12,0,0,69,0,69,0,2,79,0,81,246,0,246,327
05/01/2022,BDR,CT,ANE,EN,Federal Contract Tower,0,0,7,0,7,0,1,88,0,89,0,1,95,0,96,188,0,188,284
05/02/2022,BDR,CT,ANE,EN,Federal Contract Tower,0,5,11,0,16,0,0,0,0,0,0,5,11,0,16,0,0,0,16
05/03/2022,BDR,CT,ANE,EN,Federal Contract Tower,0,18,38,0,56,0,0,20,0,20,0,18,58,0,76,68,0,68,144
05/04/2022,BDR,CT,ANE,EN,Federal Contract Tower,0,2,16,2,20,0,0,6,0,6,0,2,22,2,26,0,0,0,26
05/05/2022,BDR,CT,ANE,EN,Federal Contract Tower,0,8,7,0,15,0,3,86,0,89,0,11,93,0,104,212,0,212,316
05/06/2022,BDR,CT,ANE,EN,Federal Contract Tower,0,2,14,0,16,0,0,12,0,12,0,2,26,0,28,14,0,14,42
05/07/2022,BDR,CT,ANE,EN,Federal Contract Tower,0,2,7,0,9,0,2,4,0,6,0,4,11,0,15,0,0,0,15
05/08/2022,BDR,CT,ANE,EN,Federal Contract Tower,0,8,4,0,12,0,5,13,0,18,0,13,17,0,30,0,0,0,30
05/09/2022,BDR,CT,ANE,EN,Federal Contract Tower,0,10,5,0,15,0,6,33,0,39,0,16,38,0,54,34,0,34,88
05/10/2022,BDR,CT,ANE,EN,Federal Contract Tower,0,11,7,0,18,0,5,28,1,34,0,16,35,1,52,20,0,20,72
05/11/2022,BDR,CT,ANE,EN,Federal Contract Tower,0,8,4,0,12,0,0,52,5,57,0,8,56,5,69,92,4,96,165
05/12/2022,BDR,CT,ANE,EN,Federal Contract Tower,0,11,13,0,24,0,1,31,0,32,0,12,44,0,56,42,0,42,98
05/13/2022,BDR,CT,ANE,EN,Federal Contract Tower,0,11,10,1,22,0,0,0,0,0,0,11,10,1,22,8,0,8,30
05/14/2022,BDR,CT,ANE,EN,Federal Contract Tower,0,5,14,0,19,0,0,12,0,12,0,5,26,0,31,60,4,64,95
05/15/2022,BDR,CT,ANE,EN,Federal Contract Tower,0,7,11,0,18,0,4,39,0,43,0,11,50,0,61,104,0,104,165
05/16/2022,BDR,CT,ANE,EN,Federal Contract Tower,0,4,3,0,7,0,1,15,0,16,0,5,18,0,23,14,0,14,37
05/17/2022,BDR,CT,ANE,EN,Federal Contract Tower,0,15,7,0,22,0,4,42,0,46,0,19,49,0,68,118,0,118,186
05/18/2022,BDR,CT,ANE,EN,Federal Contract Tower,0,6,5,0,11,0,1,72,1,74,0,7,77,1,85,148,0,148,233
05/19/2022,BDR,CT,ANE,EN,Federal Contract Tower,0,8,17,0,25,0,1,12,0,13,0,9,29,0,38,6,0,6,44
05/20/2022,BDR,CT,ANE,EN,Federal Contract Tower,0,8,17,0,25,0,0,16,0,16,0,8,33,0,41,78,0,78,119
05/21/2022,BDR,CT,ANE,EN,Federal Contract Tower,0,6,10,0,16,0,2,69,0,71,0,8,79,0,87,202,0,202,289
05/22/2022,BDR,CT,ANE,EN,Federal Contract Tower,0,8,2,0,10,0,2,88,0,90,0,10,90,0,100,177,2,179,279
05/23/2022,BDR,CT,ANE,EN,Federal Contract Tower,0,6,3,0,9,0,3,48,0,51,0,9,51,0,60,134,0,134,194
05/24/2022,BDR,CT,ANE,EN,Federal Contract Tower,0,6,5,0,11,0,4,82,0,86,0,10,87,0,97,136,0,136,233
05/25/2022,BDR,CT,ANE,EN,Federal Contract Tower,0,8,7,0,15,0,4,110,0,114,0,12,117,0,129,336,0,336,465
05/26/2022,BDR,CT,ANE,EN,Federal Contract Tower,0,7,14,0,21,0,1,83,0,84,0,8,97,0,105,266,0,266,371
05/27/2022,BDR,CT,ANE,EN,Federal Contract Tower,0,15,12,0,27,0,4,2,0,6,0,19,14,0,33,6,0,6,39
05/28/2022,BDR,CT,ANE,EN,Federal Contract Tower,0,7,13,0,20,0,1,16,0,17,0,8,29,0,37,50,0,50,87
05/29/2022,BDR,CT,ANE,EN,Federal Contract Tower,0,5,8,0,13,0,0,77,0,77,0,5,85,0,90,130,0,130,220
05/30/2022,BDR,CT,ANE,EN,Federal Contract Tower,0,7,8,0,15,0,8,99,0,107,0,15,107,0,122,154,0,154,276
05/31/2022,BDR,CT,ANE,EN,Federal Contract Tower,0,3,9,0,12,0,4,55,0,59,0,7,64,0,71,166,0,166,237
06/01/2022,BDR,CT,ANE,EN,Federal Contract Tower,0,11,16,0,27,0,4,56,0,60,0,15,72,0,87,152,0,152,239
06/02/2022,BDR,CT,ANE,EN,Federal Contract Tower,0,11,15,0,26,0,1,6,0,7,0,12,21,0,33,18,0,18,51
06/03/2022,BDR,CT,ANE,EN,Federal Contract Tower,0,10,15,0,25,3,38,2,0,43,3,48,17,0,68,48,2,50,118
06/04/2022,BDR,CT,ANE,EN,Federal Contract Tower,0,3,7,0,10,0,0,101,0,101,0,3,108,0,111,186,0,186,297
06/05/2022,BDR,CT,ANE,EN,Federal Contract Tower,0,7,8,0,15,0,0,101,0,101,0,7,109,0,116,334,0,334,450
06/06/2022,BDR,CT,ANE,EN,Federal Contract Tower,0,8,6,0,14,0,2,85,0,87,0,10,91,0,101,200,0,200,301
06/07/2022,BDR,CT,ANE,EN,Federal Contract Tower,0,6,4,0,10,0,3,50,0,53,0,9,54,0,63,120,0,120,183
06/08/2022,BDR,CT,ANE,EN,Federal Contract Tower,0,9,12,0,21,0,2,58,0,60,0,11,70,0,81,84,2,86,167
06/09/2022,BDR,CT,ANE,EN,Federal Contract Tower,0,11,12,0,23,0,3,32,0,35,0,14,44,0,58,52,0,52,110
06/10/2022,BDR,CT,ANE,EN,Federal Contract Tower,0,9,12,0,21,0,10,100,0,110,0,19,112,0,131,206,0,206,337
06/11/2022,BDR,CT,ANE,EN,Federal Contract Tower,0,2,2,0,4,0,1,89,0,90,0,3,91,0,94,208,0,208,302
06/12/2022,BDR,CT,ANE,EN,Federal Contract Tower,0,10,13,0,23,0,4,25,0,29,0,14,38,0,52,72,0,72,124
06/13/2022,BDR,CT,ANE,EN,Federal Contract Tower,0,11,13,0,24,0,3,39,2,44,0,14,52,2,68,152,0,152,220
06/14/2022,BDR,CT,ANE,EN,Federal Contract Tower,0,7,9,0,16,0,6,76,0,82,0,13,85,0,98,258,2,260,358
06/15/2022,BDR,CT,ANE,EN,Federal Contract Tower,0,4,8,2,14,0,1,93,0,94,0,5,101,2,108,210,0,210,318
06/16/2022,BDR,CT,ANE,EN,Federal Contract Tower,0,13,19,0,32,0,1,52,0,53,0,14,71,0,85,66,4,70,155
06/17/2022,BDR,CT,ANE,EN,Federal Contract Tower,0,10,25,0,35,0,12,47,1,60,0,22,72,1,95,88,0,88,183
06/18/2022,BDR,CT,ANE,EN,Federal Contract Tower,0,5,6,0,11,0,0,38,0,38,0,5,44,0,49,20,0,20,69
06/19/2022,BDR,CT,ANE,EN,Federal Contract Tower,0,6,5,0,11,0,4,56,0,60,0,10,61,0,71,64,0,64,135
06/20/2022,BDR,CT,ANE,EN,Federal Contract Tower,0,12,6,0,18,0,3,75,0,78,0,15,81,0,96,138,0,138,234
06/21/2022,BDR,CT,ANE,EN,Federal Contract Tower,0,4,10,0,14,0,5,75,0,80,0,9,85,0,94,224,2,226,320
06/22/2022,BDR,CT,ANE,EN,Federal Contract Tower,0,6,15,0,21,0,0,4,0,4,0,6,19,0,25,0,0,0,25
06/23/2022,BDR,CT,ANE,EN,Federal Contract Tower,0,9,18,0,27,0,2,70,4,76,0,11,88,4,103,156,0,156,259
06/24/2022,BDR,CT,ANE,EN,Federal Contract Tower,0,12,14,0,26,0,8,90,0,98,0,20,104,0,124,180,0,180,304
06/25/2022,BDR,CT,ANE,EN,Federal Contract Tower,0,2,10,0,12,0,2,118,0,120,0,4,128,0,132,150,0,150,282
06/26/2022,BDR,CT,ANE,EN,Federal Contract Tower,0,4,10,0,14,0,3,104,0,107,0,7,114,0,121,236,0,236,357
06/27/2022,BDR,CT,ANE,EN,Federal Contract Tower,0,6,13,0,19,0,3,4,0,7,0,9,17,0,26,20,0,20,46
06/28/2022,BDR,CT,ANE,EN,Federal Contract Tower,0,5,10,0,15,0,5,80,3,88,0,10,90,3,103,170,4,174,277
06/29/2022,BDR,CT,ANE,EN,Federal Contract Tower,0,9,2,0,11,0,3,97,0,100,0,12,99,0,111,260,0,260,371
06/30/2022,BDR,CT,ANE,EN,Federal Contract Tower,0,11,5,0,16,0,8,106,0,114,0,19,111,0,130,176,0,176,306
07/01/2022,BDR,CT,ANE,EN,Federal Contract Tower,0,3,6,0,9,0,8,91,0,99,0,11,97,0,108,166,0,166,274
07/02/2022,BDR,CT,ANE,EN,Federal Contract Tower,0,9,6,0,15,0,2,33,0,35,0,11,39,0,50,56,0,56,106
07/03/2022,BDR,CT,ANE,EN,Federal Contract Tower,0,4,6,0,10,0,4,75,0,79,0,8,81,0,89,196,0,196,285
07/04/2022,BDR,CT,ANE,EN,Federal Contract Tower,0,5,5,0,10,0,11,77,0,88,0,16,82,0,98,62,0,62,160
07/05/2022,BDR,CT,ANE,EN,Federal Contract Tower,0,4,11,0,15,0,7,61,0,68,0,11,72,0,83,70,0,70,153
07/06/2022,BDR,CT,ANE,EN,Federal Contract Tower,0,4,8,0,12,0,7,72,2,81,0,11,80,2,93,132,2,134,227
07/07/2022,BDR,CT,ANE,EN,Federal Contract Tower,0,12,4,0,16,0,6,69,0,75,0,18,73,0,91,164,0,164,255
07/08/2022,BDR,CT,ANE,EN,Federal Contract Tower,0,6,9,0,15,0,3,117,0,120,0,9,126,0,135,198,0,198,333
07/09/2022,BDR,CT,ANE,EN,Federal Contract Tower,0,5,5,0,10,0,6,99,0,105,0,11,104,0,115,194,0,194,309
07/10/2022,BDR,CT,ANE,EN,Federal Contract Tower,0,5,8,0,13,0,13,132,0,145,0,18,140,0,158,180,0,180,338
07/11/2022,BDR,CT,ANE,EN,Federal Contract Tower,0,5,4,0,9,0,7,93,0,100,0,12,97,0,109,188,0,188,297
07/12/2022,BDR,CT,ANE,EN,Federal Contract Tower,0,5,5,2,12,0,8,56,0,64,0,13,61,2,76,80,0,80,156
07/13/2022,BDR,CT,ANE,EN,Federal Contract Tower,0,3,7,1,11,0,2,69,2,73,0,5,76,3,84,174,0,174,258
07/14/2022,BDR,CT,ANE,EN,Federal Contract Tower,0,4,8,1,13,0,5,119,0,124,0,9,127,1,137,214,0,214,351
07/15/2022,BDR,CT,ANE,EN,Federal Contract Tower,0,7,3,0,10,0,2,90,0,92,0,9,93,0,102,222,0,222,324
07/16/2022,BDR,CT,ANE,EN,Federal Contract Tower,0,6,11,0,17,0,0,64,0,64,0,6,75,0,81,58,0,58,139
07/17/2022,BDR,CT,ANE,EN,Federal Contract Tower,0,9,10,0,19,0,3,113,0,116,0,12,123,0,135,122,0,122,257
07/18/2022,BDR,CT,ANE,EN,Federal Contract Tower,0,10,11,0,21,0,1,3,0,4,0,11,14,0,25,4,0,4,29
07/19/2022,BDR,CT,ANE,EN,Federal Contract Tower,0,6,2,0,8,0,8,102,0,110,0,14,104,0,118,180,0,180,298
07/20/2022,BDR,CT,ANE,EN,Federal Contract Tower,0,11,12,0,23,0,3,95,0,98,0,14,107,0,121,226,0,226,347
07/21/2022,BDR,CT,ANE,EN,Federal Contract Tower,0,9,7,0,16,0,10,58,0,68,0,19,65,0,84,110,0,110,194
07/22/2022,BDR,CT,ANE,EN,Federal Contract Tower,0,5,12,0,17,0,7,91,0,98,0,12,103,0,115,172,0,172,287
07/23/2022,BDR,CT,ANE,EN,Federal Contract Tower,0,4,7,0,11,0,7,81,0,88,0,11,88,0,99,172,0,172,271
07/24/2022,BDR,CT,ANE,EN,Federal Contract Tower,0,14,18,0,32,0,4,73,0,77,0,18,91,0,109,204,0,204,313
07/25/2022,BDR,CT,ANE,EN,Federal Contract Tower,0,15,15,0,30,0,6,26,0,32,0,21,41,0,62,64,0,64,126
07/26/2022,BDR,CT,ANE,EN,Federal Contract Tower,0,7,7,0,14,0,6,84,0,90,0,13,91,0,104,146,4,150,254
07/27/2022,BDR,CT,ANE,EN,Federal Contract Tower,0,7,15,0,22,0,6,93,2,101,0,13,108,2,123,222,0,222,345
07/28/2022,BDR,CT,ANE,EN,Federal Contract Tower,0,8,13,0,21,0,4,43,0,47,0,12,56,0,68,102,0,102,170
07/29/2022,BDR,CT,ANE,EN,Federal Contract Tower,0,11,9,0,20,0,17,97,0,114,0,28,106,0,134,138,0,138,272
07/30/2022,BDR,CT,ANE,EN,Federal Contract Tower,0,7,7,0,14,0,8,77,0,85,0,15,84,0,99,118,0,118,217
07/31/2022,BDR,CT,ANE,EN,Federal Contract Tower,0,7,9,0,16,0,12,120,0,132,0,19,129,0,148,184,0,184,332
08/01/2022,BDR,CT,ANE,EN,Federal Contract Tower,0,6,33,0,39,0,3,25,0,28,0,9,58,0,67,98,0,98,165
08/02/2022,BDR,CT,ANE,EN,Federal Contract Tower,0,7,7,0,14,0,6,94,0,100,0,13,101,0,114,124,0,124,238
08/03/2022,BDR,CT,ANE,EN,Federal Contract Tower,0,7,4,0,11,0,4,97,0,101,0,11,101,0,112,177,0,177,289
08/04/2022,BDR,CT,ANE,EN,Federal Contract Tower,0,10,6,0,16,0,9,112,0,121,0,19,118,0,137,188,0,188,325
08/05/2022,BDR,CT,ANE,EN,Federal Contract Tower,0,7,5,0,12,0,4,71,0,75,0,11,76,0,87,116,2,118,205
08/06/2022,BDR,CT,ANE,EN,Federal Contract Tower,0,5,7,0,12,0,6,65,0,71,0,11,72,0,83,106,0,106,189
08/07/2022,BDR,CT,ANE,EN,Federal Contract Tower,0,8,13,0,21,0,5,75,0,80,0,13,88,0,101,166,0,166,267
08/08/2022,BDR,CT,ANE,EN,Federal Contract Tower,0,9,6,0,15,0,4,60,0,64,0,13,66,0,79,156,0,156,235
08/09/2022,BDR,CT,ANE,EN,Federal Contract Tower,0,3,5,0,8,0,5,74,0,79,0,8,79,0,87,100,0,100,187
08/10/2022,BDR,CT,ANE,EN,Federal Contract Tower,0,5,7,0,12,0,1,68,0,69,0,6,75,0,81,196,0,196,277
08/11/2022,BDR,CT,ANE,EN,Federal Contract Tower,0,5,15,0,20,0,1,87,0,88,0,6,102,0,108,160,0,160,268
08/12/2022,BDR,CT,ANE,EN,Federal Contract Tower,0,8,5,0,13,0,3,111,0,114,0,11,116,0,127,262,0,262,389
08/13/2022,BDR,CT,ANE,EN,Federal Contract Tower,0,13,12,0,25,0,1,112,0,113,0,14,124,0,138,140,0,140,278
08/14/2022,BDR,CT,ANE,EN,Federal Contract Tower,0,7,12,0,19,0,2,129,0,131,0,9,141,0,150,270,0,270,420
08/15/2022,BDR,CT,ANE,EN,Federal Contract Tower,0,5,12,0,17,0,9,93,0,102,0,14,105,0,119,194,0,194,313
08/16/2022,BDR,CT,ANE,EN,Federal Contract Tower,0,4,6,0,10,0,8,96,0,104,0,12,102,0,114,178,0,178,292
08/17/2022,BDR,CT,ANE,EN,Federal Contract Tower,0,12,14,0,26,0,3,64,0,67,0,15,78,0,93,100,0,100,193
08/18/2022,BDR,CT,ANE,EN,Federal Contract Tower,0,3,9,0,12,0,2,89,0,91,0,5,98,0,103,158,0,158,261
08/19/2022,BDR,CT,ANE,EN,Federal Contract Tower,0,5,7,0,12,0,5,95,0,100,0,10,102,0,112,246,0,246,358
08/20/2022,BDR,CT,ANE,EN,Federal Contract Tower,0,11,10,0,21,0,3,105,0,108,0,14,115,0,129,188,0,188,317
08/21/2022,BDR,CT,ANE,EN,Federal Contract Tower,0,5,6,0,11,0,6,94,0,100,0,11,100,0,111,168,0,168,279
08/22/2022,BDR,CT,ANE,EN,Federal Contract Tower,0,14,9,0,23,0,0,2,0,2,0,14,11,0,25,10,0,10,35
08/23/2022,BDR,CT,ANE,EN,Federal Contract Tower,0,12,12,3,27,0,3,8,2,13,0,15,20,5,40,16,0,16,56
08/24/2022,BDR,CT,ANE,EN,Federal Contract Tower,0,4,10,0,14,0,13,135,0,148,0,17,145,0,162,288,0,288,450
08/25/2022,BDR,CT,ANE,EN,Federal Contract Tower,0,6,9,0,15,0,5,116,0,121,0,11,125,0,136,176,0,176,312
08/26/2022,BDR,CT,ANE,EN,Federal Contract Tower,0,11,10,0,21,0,2,86,0,88,0,13,96,0,109,112,0,112,221
08/27/2022,BDR,CT,ANE,EN,Federal Contract Tower,0,13,8,0,21,0,4,150,0,154,0,17,158,0,175,180,0,180,355
08/28/2022,BDR,CT,ANE,EN,Federal Contract Tower,0,5,13,0,18,0,6,72,0,78,0,11,85,0,96,122,0,122,218
08/29/2022,BDR,CT,ANE,EN,Federal Contract Tower,0,4,8,0,12,0,2,67,0,69,0,6,75,0,81,98,0,98,179
08/30/2022,BDR,CT,ANE,EN,Federal Contract Tower,0,6,12,0,18,0,2,42,4,48,0,8,54,4,66,70,0,70,136
08/31/2022,BDR,CT,ANE,EN,Federal Contract Tower,0,13,11,0,24,0,3,119,0,122,0,16,130,0,146,110,0,110,256
09/01/2022,BDR,CT,ANE,EN,Federal Contract Tower,0,11,12,0,23,0,6,107,0,113,0,17,119,0,136,84,0,84,220
09/02/2022,BDR,CT,ANE,EN,Federal Contract Tower,0,9,7,0,16,0,3,125,0,128,0,12,132,0,144,248,0,248,392
09/03/2022,BDR,CT,ANE,EN,Federal Contract Tower,0,5,4,0,9,0,3,93,0,96,0,8,97,0,105,314,0,314,419
09/04/2022,BDR,CT,ANE,EN,Federal Contract Tower,0,4,5,0,9,0,1,44,0,45,0,5,49,0,54,184,0,184,238
09/05/2022,BDR,CT,ANE,EN,Federal Contract Tower,0,10,16,0,26,0,6,15,0,21,0,16,31,0,47,62,0,62,109
09/06/2022,BDR,CT,ANE,EN,Federal Contract Tower,0,11,19,0,30,0,0,0,0,0,0,11,19,0,30,0,0,0,30
09/07/2022,BDR,CT,ANE,EN,Federal Contract Tower,0,10,9,0,19,0,0,28,0,28,0,10,37,0,47,58,6,64,111
09/08/2022,BDR,CT,ANE,EN,Federal Contract Tower,0,9,10,0,19,0,8,95,0,103,0,17,105,0,122,224,0,224,346
09/09/2022,BDR,CT,ANE,EN,Federal Contract Tower,0,6,9,0,15,0,3,97,0,100,0,9,106,0,115,238,0,238,353
09/10/2022,BDR,CT,ANE,EN,Federal Contract Tower,0,6,2,0,8,0,1,92,0,93,0,7,94,0,101,178,0,178,279
09/11/2022,BDR,CT,ANE,EN,Federal Contract Tower,0,15,12,1,28,0,1,64,0,65,0,16,76,1,93,112,0,112,205
09/12/2022,BDR,CT,ANE,EN,Federal Contract Tower,0,10,10,0,20,0,0,30,0,30,0,10,40,0,50,28,2,30,80
09/13/2022,BDR,CT,ANE,EN,Federal Contract Tower,0,8,17,1,26,0,0,17,1,18,0,8,34,2,44,16,0,16,60
09/14/2022,BDR,CT,ANE,EN,Federal Contract Tower,0,5,5,0,10,0,8,66,1,75,0,13,71,1,85,194,0,194,279
09/15/2022,BDR,CT,ANE,EN,Federal Contract Tower,0,13,4,0,17,0,2,51,0,53,0,15,55,0,70,96,0,96,166
09/16/2022,BDR,CT,ANE,EN,Federal Contract Tower,0,11,12,0,23,0,5,87,0,92,0,16,99,0,115,190,0,190,305
09/17/2022,BDR,CT,ANE,EN,Federal Contract Tower,0,2,8,0,10,0,0,103,0,103,0,2,111,0,113,244,0,244,357
09/18/2022,BDR,CT,ANE,EN,Federal Contract Tower,0,5,19,0,24,0,8,90,0,98,0,13,109,0,122,168,0,168,290
09/19/2022,BDR,CT,ANE,EN,Federal Contract Tower,0,10,8,0,18,0,6,57,0,63,0,16,65,0,81,138,0,138,219
09/20/2022,BDR,CT,ANE,EN,Federal Contract Tower,0,7,6,0,13,0,0,63,0,63,0,7,69,0,76,128,0,128,204
09/21/2022,BDR,CT,ANE,EN,Federal Contract Tower,0,15,9,0,24,0,2,93,0,95,0,17,102,0,119,170,0,170,289
09/22/2022,BDR,CT,ANE,EN,Federal Contract Tower,0,14,6,0,20,0,1,12,0,13,0,15,18,0,33,24,0,24,57
09/23/2022,BDR,CT,ANE,EN,Federal Contract Tower,0,6,11,0,17,0,2,29,0,31,0,8,40,0,48,32,0,32,80
09/24/2022,BDR,CT,ANE,EN,Federal Contract Tower,0,7,1,0,8,0,3,71,0,74,0,10,72,0,82,130,0,130,212
09/25/2022,BDR,CT,ANE,EN,Federal Contract Tower,0,9,12,0,21,0,1,61,0,62,0,10,73,0,83,144,0,144,227
09/26/2022,BDR,CT,ANE,EN,Federal Contract Tower,0,12,10,0,22,0,2,49,0,51,0,14,59,0,73,136,0,136,209
09/27/2022,BDR,CT,ANE,EN,Federal Contract Tower,0,5,7,0,12,0,4,72,0,76,0,9,79,0,88,164,0,164,252
09/28/2022,BDR,CT,ANE,EN,Federal Contract Tower,0,9,7,0,16,0,1,69,0,70,0,10,76,0,86,186,0,186,272
09/29/2022,BDR,CT,ANE,EN,Federal Contract Tower,0,1,4,0,5,0,6,64,0,70,0,7,68,0,75,122,0,122,197
09/30/2022,BDR,CT,ANE,EN,Federal Contract Tower,0,6,17,0,23,0,4,72,0,76,0,10,89,0,99,228,0,228,327
10/01/2022,BDR,CT,ANE,EN,Federal Contract Tower,0,5,15,0,20,0,0,2,0,2,0,5,17,0,22,2,0,2,24
10/02/2022,BDR,CT,ANE,EN,Federal Contract Tower,0,6,12,0,18,0,1,13,0,14,0,7,25,0,32,0,0,0,32
10/03/2022,BDR,CT,ANE,EN,Federal Contract Tower,0,12,6,0,18,0,2,11,0,13,0,14,17,0,31,6,0,6,37
10/04/2022,BDR,CT,ANE,EN,Federal Contract Tower,0,9,5,0,14,0,0,0,0,0,0,9,5,0,14,0,0,0,14
10/05/2022,BDR,CT,ANE,EN,Federal Contract Tower,0,9,7,0,16,0,0,1,0,1,0,9,8,0,17,0,0,0,17
10/06/2022,BDR,CT,ANE,EN,Federal Contract Tower,0,8,8,0,16,0,2,140,1,143,0,10,148,1,159,242,0,242,401
10/07/2022,BDR,CT,ANE,EN,Federal Contract Tower,0,10,8,0,18,0,5,105,0,110,0,15,113,0,128,148,0,148,276
10/08/2022,BDR,CT,ANE,EN,Federal Contract Tower,0,7,2,0,9,0,9,111,0,120,0,16,113,0,129,148,0,148,277
10/09/2022,BDR,CT,ANE,EN,Federal Contract Tower,0,10,6,0,16,0,4,116,0,120,0,14,122,0,136,308,0,308,444
10/10/2022,BDR,CT,ANE,EN,Federal Contract Tower,0,10,9,0,19,0,3,71,0,74,0,13,80,0,93,240,0,240,333
10/11/2022,BDR,CT,ANE,EN,Federal Contract Tower,0,1,4,1,6,0,4,67,0,71,0,5,71,1,77,128,0,128,205
10/12/2022,BDR,CT,ANE,EN,Federal Contract Tower,0,5,10,0,15,0,0,110,0,110,0,5,120,0,125,196,0,196,321
10/13/2022,BDR,CT,ANE,EN,Federal Contract Tower,0,6,7,0,13,0,3,10,0,13,0,9,17,0,26,2,0,2,28
10/14/2022,BDR,CT,ANE,EN,Federal Contract Tower,0,5,19,0,24,0,3,61,0,64,0,8,80,0,88,118,0,118,206
10/15/2022,BDR,CT,ANE,EN,Federal Contract Tower,0,8,7,0,15,0,2,96,0,98,0,10,103,0,113,236,0,236,349
10/16/2022,BDR,CT,ANE,EN,Federal Contract Tower,0,14,5,0,19,0,3,93,0,96,0,17,98,0,115,230,0,230,345
10/17/2022,BDR,CT,ANE,EN,Federal Contract Tower,0,9,11,2,22,0,2,14,0,16,0,11,25,2,38,62,0,62,100
10/18/2022,BDR,CT,ANE,EN,Federal Contract Tower,0,5,8,0,13,0,4,44,0,48,0,9,52,0,61,194,2,196,257
10/19/2022,BDR,CT,ANE,EN,Federal Contract Tower,0,13,8,0,21,0,3,60,0,63,0,16,68,0,84,136,0,136,220
10/20/2022,BDR,CT,ANE,EN,Federal Contract Tower,0,3,5,0,8,0,7,55,0,62,0,10,60,0,70,46,0,46,116
10/21/2022,BDR,CT,ANE,EN,Federal Contract Tower,0,11,9,0,20,0,2,89,0,91,0,13,98,0,111,228,0,228,339
10/22/2022,BDR,CT,ANE,EN,Federal Contract Tower,0,0,11,0,11,0,0,116,0,116,0,0,127,0,127,212,0,212,339
10/23/2022,BDR,CT,ANE,EN,Federal Contract Tower,0,5,13,0,18,0,0,29,0,29,0,5,42,0,47,36,0,36,83
10/24/2022,BDR,CT,ANE,EN,Federal Contract Tower,0,10,9,0,19,0,0,0,0,0,0,10,9,0,19,0,0,0,19
10/25/2022,BDR,CT,ANE,EN,Federal Contract Tower,0,1,11,0,12,0,0,0,0,0,0,1,11,0,12,0,0,0,12
10/26/2022,BDR,CT,ANE,EN,Federal Contract Tower,0,8,16,0,24,0,0,0,0,0,0,8,16,0,24,0,0,0,24
10/27/2022,BDR,CT,ANE,EN,Federal Contract Tower,0,9,6,0,15,0,2,76,0,78,0,11,82,0,93,116,0,116,209
10/28/2022,BDR,CT,ANE,EN,Federal Contract Tower,0,8,10,0,18,0,5,74,0,79,0,13,84,0,97,260,0,260,357
10/29/2022,BDR,CT,ANE,EN,Federal Contract Tower,0,8,11,0,19,0,3,105,2,110,0,11,116,2,129,160,0,160,289
10/30/2022,BDR,CT,ANE,EN,Federal Contract Tower,0,6,8,0,14,0,2,73,0,75,0,8,81,0,89,224,0,224,313
10/31/2022,BDR,CT,ANE,EN,Federal Contract Tower,0,3,4,0,7,0,2,70,0,72,0,5,74,0,79,164,6,170,249
11/01/2022,BDR,CT,ANE,EN,Federal Contract Tower,0,10,15,0,25,0,0,5,0,5,0,10,20,0,30,26,0,26,56
11/02/2022,BDR,CT,ANE,EN,Federal Contract Tower,0,6,12,0,18,0,3,64,2,69,0,9,76,2,87,142,6,148,235
11/03/2022,BDR,CT,ANE,EN,Federal Contract Tower,0,4,8,0,12,0,18,71,6,95,0,22,79,6,107,96,0,96,203
11/04/2022,BDR,CT,ANE,EN,Federal Contract Tower,0,11,13,0,24,0,0,26,2,28,0,11,39,2,52,56,0,56,108
11/05/2022,BDR,CT,ANE,EN,Federal Contract Tower,0,4,9,0,13,0,0,71,0,71,0,4,80,0,84,238,0,238,322
11/06/2022,BDR,CT,ANE,EN,Federal Contract Tower,0,11,16,0,27,0,1,66,0,67,0,12,82,0,94,156,0,156,250
11/07/2022,BDR,CT,ANE,EN,Federal Contract Tower,0,3,9,0,12,0,2,77,0,79,0,5,86,0,91,158,0,158,249
11/08/2022,BDR,CT,ANE,EN,Federal Contract Tower,0,4,9,0,13,0,0,29,0,29,0,4,38,0,42,18,0,18,60
11/09/2022,BDR,CT,ANE,EN,Federal Contract Tower,0,9,3,0,12,0,2,96,0,98,0,11,99,0,110,260,0,260,370
11/10/2022,BDR,CT,ANE,EN,Federal Contract Tower,0,7,3,2,12,0,2,57,0,59,0,9,60,2,71,112,0,112,183
11/11/2022,BDR,CT,ANE,EN,Federal Contract Tower,0,7,10,2,19,0,2,4,0,6,0,9,14,2,25,18,0,18,43
11/12/2022,BDR,CT,ANE,EN,Federal Contract Tower,0,8,4,0,12,0,0,46,0,46,0,8,50,0,58,52,0,52,110
11/13/2022,BDR,CT,ANE,EN,Federal Contract Tower,0,4,19,0,23,0,2,28,0,30,0,6,47,0,53,22,0,22,75
11/14/2022,BDR,CT,ANE,EN,Federal Contract Tower,0,5,7,0,12,0,3,56,0,59,0,8,63,0,71,122,0,122,193
11/15/2022,BDR,CT,ANE,EN,Federal Contract Tower,0,6,9,0,15,0,1,74,0,75,0,7,83,0,90,74,0,74,164
11/16/2022,BDR,CT,ANE,EN,Federal Contract Tower,0,2,12,0,14,0,0,12,0,12,0,2,24,0,26,2,0,2,28
11/17/2022,BDR,CT,ANE,EN,Federal Contract Tower,0,8,4,0,12,0,4,61,0,65,0,12,65,0,77,54,0,54,131
11/18/2022,BDR,CT,ANE,EN,Federal Contract Tower,0,8,8,0,16,0,1,61,0,62,0,9,69,0,78,102,0,102,180
11/19/2022,BDR,CT,ANE,EN,Federal Contract Tower,0,6,8,0,14,0,0,96,1,97,0,6,104,1,111,220,0,220,331
11/20/2022,BDR,CT,ANE,EN,Federal Contract Tower,0,10,7,0,17,0,0,14,0,14,0,10,21,0,31,54,0,54,85
11/21/2022,BDR,CT,ANE,EN,Federal Contract Tower,0,7,1,0,8,0,5,60,2,67,0,12,61,2,75,150,2,152,227
11/22/2022,BDR,CT,ANE,EN,Federal Contract Tower,0,9,8,1,18,0,4,69,1,74,0,13,77,2,92,216,0,216,308
11/23/2022,BDR,CT,ANE,EN,Federal Contract Tower,0,4,11,0,15,0,0,86,0,86,0,4,97,0,101,194,0,194,295
11/24/2022,BDR,CT,ANE,EN,Federal Contract Tower,0,3,2,0,5,0,0,31,0,31,0,3,33,0,36,46,0,46,82
11/25/2022,BDR,CT,ANE,EN,Federal Contract Tower,0,5,9,0,14,0,2,18,0,20,0,7,27,0,34,20,0,20,54
11/26/2022,BDR,CT,ANE,EN,Federal Contract Tower,0,2,8,0,10,0,0,114,0,114,0,2,122,0,124,216,0,216,340
11/27/2022,BDR,CT,ANE,EN,Federal Contract Tower,0,6,12,0,18,0,2,20,0,22,0,8,32,0,40,66,0,66,106
11/28/2022,BDR,CT,ANE,EN,Federal Contract Tower,0,8,10,0,18,0,7,35,0,42,0,15,45,0,60,48,0,48,108
11/29/2022,BDR,CT,ANE,EN,Federal Contract Tower,0,11,6,0,17,0,4,82,0,86,0,15,88,0,103,192,4,196,299
11/30/2022,BDR,CT,ANE,EN,Federal Contract Tower,0,3,0,0,3,0,0,4,0,4,0,3,4,0,7,2,0,2,9
12/01/2022,BDR,CT,ANE,EN,Federal Contract Tower,0,9,2,0,11,0,0,35,2,37,0,9,37,2,48,24,0,24,72
12/02/2022,BDR,CT,ANE,EN,Federal Contract Tower,0,5,7,0,12,0,3,81,2,86,0,8,88,2,98,130,4,134,232
12/03/2022,BDR,CT,ANE,EN,Federal Contract Tower,0,0,1,0,1,0,0,1,0,1,0,0,2,0,2,0,0,0,2
12/04/2022,BDR,CT,ANE,EN,Federal Contract Tower,0,6,8,0,14,0,2,105,0,107,0,8,113,0,121,176,0,176,297
12/05/2022,BDR,CT,ANE,EN,Federal Contract Tower,0,3,5,0,8,0,1,70,6,77,0,4,75,6,85,166,4,170,255
12/06/2022,BDR,CT,ANE,EN,Federal Contract Tower,0,0,14,0,14,0,0,25,0,25,0,0,39,0,39,20,0,20,59
12/07/2022,BDR,CT,ANE,EN,Federal Contract Tower,0,0,4,0,4,0,0,1,0,1,0,0,5,0,5,0,0,0,5
12/08/2022,BDR,CT,ANE,EN,Federal Contract Tower,0,6,7,0,13,0,2,58,0,60,0,8,65,0,73,82,0,82,155
12/09/2022,BDR,CT,ANE,EN,Federal Contract Tower,0,8,3,0,11,0,3,62,0,65,0,11,65,0,76,138,0,138,214
12/10/2022,BDR,CT,ANE,EN,Federal Contract Tower,0,0,8,0,8,0,1,56,0,57,0,1,64,0,65,204,0,204,269
12/11/2022,BDR,CT,ANE,EN,Federal Contract Tower,0,4,13,0,17,0,0,6,0,6,0,4,19,0,23,0,0,0,23
12/12/2022,BDR,CT,ANE,EN,Federal Contract Tower,0,5,3,0,8,0,2,42,0,44,0,7,45,0,52,56,2,58,110
12/13/2022,BDR,CT,ANE,EN,Federal Contract Tower,0,0,7,0,7,0,1,82,0,83,0,1,89,0,90,206,0,206,296
12/14/2022,BDR,CT,ANE,EN,Federal Contract Tower,0,6,8,0,14,0,2,48,2,52,0,8,56,2,66,64,2,66,132
12/15/2022,BDR,CT,ANE,EN,Federal Contract Tower,0,6,4,0,10,0,2,23,0,25,0,8,27,0,35,76,0,76,111
12/16/2022,BDR,CT,ANE,EN,Federal Contract Tower,0,2,3,0,5,0,0,0,0,0,0,2,3,0,5,0,0,0,5
12/17/2022,BDR,CT,ANE,EN,Federal Contract Tower,0,4,4,0,8,0,2,91,0,93,0,6,95,0,101,172,0,172,273
12/18/2022,BDR,CT,ANE,EN,Federal Contract Tower,0,7,1,0,8,0,3,82,1,86,0,10,83,1,94,196,0,196,290
12/19/2022,BDR,CT,ANE,EN,Federal Contract Tower,0,4,6,0,10,0,6,39,0,45,0,10,45,0,55,82,6,88,143
12/20/2022,BDR,CT,ANE,EN,Federal Contract Tower,0,2,6,0,8,0,0,74,0,74,0,2,80,0,82,196,0,196,278
12/21/2022,BDR,CT,ANE,EN,Federal Contract Tower,0,4,17,0,21,0,0,118,0,118,0,4,135,0,139,199,0,199,338
12/22/2022,BDR,CT,ANE,EN,Federal Contract Tower,0,9,7,0,16,0,1,22,0,23,0,10,29,0,39,28,0,28,67
12/23/2022,BDR,CT,ANE,EN,Federal Contract Tower,0,2,2,0,4,0,0,0,0,0,0,2,2,0,4,0,0,0,4
12/24/2022,BDR,CT,ANE,EN,Federal Contract Tower,0,4,1,0,5,0,0,7,0,7,0,4,8,0,12,0,0,0,12
12/25/2022,BDR,CT,ANE,EN,Federal Contract Tower,0,2,0,0,2,0,0,3,0,3,0,2,3,0,5,16,0,16,21
12/26/2022,BDR,CT,ANE,EN,Federal Contract Tower,0,5,13,0,18,0,0,57,0,57,0,5,70,0,75,110,0,110,185
12/27/2022,BDR,CT,ANE,EN,Federal Contract Tower,0,4,0,0,4,0,0,65,0,65,0,4,65,0,69,212,0,212,281
12/28/2022,BDR,CT,ANE,EN,Federal Contract Tower,0,5,10,0,15,0,0,83,0,83,0,5,93,0,98,256,0,256,354
12/29/2022,BDR,CT,ANE,EN,Federal Contract Tower,0,6,3,0,9,0,1,74,0,75,0,7,77,0,84,204,0,204,288
12/30/2022,BDR,CT,ANE,EN,Federal Contract Tower,0,2,4,0,6,0,0,83,0,83,0,2,87,0,89,215,0,215,304
12/31/2022,BDR,CT,ANE,EN,Federal Contract Tower,0,0,4,0,4,0,0,0,0,0,0,0,4,0,4,0,0,0,4
01/01/2023,BDR,CT,ANE,EN,Federal Contract Tower,0,4,4,0,8,0,0,26,0,26,0,4,30,0,34,92,0,92,126
01/02/2023,BDR,CT,ANE,EN,Federal Contract Tower,0,5,8,0,13,0,4,68,0,72,0,9,76,0,85,108,0,108,193
01/03/2023,BDR,CT,ANE,EN,Federal Contract Tower,0,6,4,0,10,0,0,0,0,0,0,6,4,0,10,0,0,0,10
01/04/2023,BDR,CT,ANE,EN,Federal Contract Tower,0,2,5,1,8,0,0,27,2,29,0,2,32,3,37,42,0,42,79
01/05/2023,BDR,CT,ANE,EN,Federal Contract Tower,0,2,7,0,9,0,0,0,0,0,0,2,7,0,9,0,0,0,9
01/06/2023,BDR,CT,ANE,EN,Federal Contract Tower,0,4,3,0,7,0,0,11,0,11,0,4,14,0,18,0,0,0,18
01/07/2023,BDR,CT,ANE,EN,Federal Contract Tower,0,2,5,0,7,0,0,75,0,75,0,2,80,0,82,250,0,250,332
01/08/2023,BDR,CT,ANE,EN,Federal Contract Tower,0,6,10,0,16,0,1,78,0,79,0,7,88,0,95,198,0,198,293
01/09/2023,BDR,CT,ANE,EN,Federal Contract Tower,0,4,3,0,7,0,2,40,0,42,0,6,43,0,49,38,0,38,87
01/10/2023,BDR,CT,ANE,EN,Federal Contract Tower,0,3,14,0,17,0,0,63,4,67,0,3,77,4,84,158,0,158,242
01/11/2023,BDR,CT,ANE,EN,Federal Contract Tower,0,1,8,0,9,0,1,81,0,82,0,2,89,0,91,104,0,104,195
01/12/2023,BDR,CT,ANE,EN,Federal Contract Tower,0,4,2,0,6,0,0,3,0,3,0,4,5,0,9,16,0,16,25
01/13/2023,BDR,CT,ANE,EN,Federal Contract Tower,0,6,6,0,12,0,0,21,0,21,0,6,27,0,33,52,0,52,85
01/14/2023,BDR,CT,ANE,EN,Federal Contract Tower,0,5,1,0,6,0,0,25,0,25,0,5,26,0,31,56,0,56,87
01/15/2023,BDR,CT,ANE,EN,Federal Contract Tower,0,5,2,0,7,0,0,39,0,39,0,5,41,0,46,70,0,70,116
01/16/2023,BDR,CT,ANE,EN,Federal Contract Tower,0,9,14,0,23,0,0,60,0,60,0,9,74,0,83,126,0,126,209
01/17/2023,BDR,CT,ANE,EN,Federal Contract Tower,0,8,4,1,13,0,2,57,2,61,0,10,61,3,74,158,0,158,232
01/18/2023,BDR,CT,ANE,EN,Federal Contract Tower,0,4,7,2,13,0,0,65,0,65,0,4,72,2,78,110,0,110,188
01/19/2023,BDR,CT,ANE,EN,Federal Contract Tower,0,3,9,0,12,0,0,2,0,2,0,3,11,0,14,16,0,16,30
01/20/2023,BDR,CT,ANE,EN,Federal Contract Tower,0,9,8,0,17,0,0,36,0,36,0,9,44,0,53,44,0,44,97
01/21/2023,BDR,CT,ANE,EN,Federal Contract Tower,0,4,8,0,12,0,0,91,0,91,0,4,99,0,103,146,0,146,249
01/22/2023,BDR,CT,ANE,EN,Federal Contract Tower,0,4,2,2,8,0,0,68,0,68,0,4,70,2,76,126,0,126,202
01/23/2023,BDR,CT,ANE,EN,Federal Contract Tower,0,4,2,0,6,0,0,4,0,4,0,4,6,0,10,0,0,0,10
01/24/2023,BDR,CT,ANE,EN,Federal Contract Tower,0,1,4,2,7,0,0,46,0,46,0,1,50,2,53,70,0,70,123
01/25/2023,BDR,CT,ANE,EN,Federal Contract Tower,0,3,2,0,5,0,0,3,0,3,0,3,5,0,8,38,0,38,46
01/26/2023,BDR,CT,ANE,EN,Federal Contract Tower,0,4,2,0,6,0,1,37,2,40,0,5,39,2,46,14,0,14,60
01/27/2023,BDR,CT,ANE,EN,Federal Contract Tower,0,5,9,0,14,0,1,83,0,84,0,6,92,0,98,128,0,128,226
01/28/2023,BDR,CT,ANE,EN,Federal Contract Tower,0,4,3,0,7,0,2,103,0,105,0,6,106,0,112,308,0,308,420
01/29/2023,BDR,CT,ANE,EN,Federal Contract Tower,0,2,5,0,7,0,0,174,0,174,0,2,179,0,181,252,0,252,433
01/30/2023,BDR,CT,ANE,EN,Federal Contract Tower,0,8,9,0,17,0,0,72,0,72,0,8,81,0,89,190,0,190,279
01/31/2023,BDR,CT,ANE,EN,Federal Contract Tower,0,6,5,0,11,0,0,31,0,31,0,6,36,0,42,74,0,74,116
02/01/2023,BDR,CT,ANE,EN,Federal Contract Tower,0,5,6,0,11,0,0,88,0,88,0,5,94,0,99,180,0,180,279
02/02/2023,BDR,CT,ANE,EN,Federal Contract Tower,0,2,5,0,7,0,0,68,0,68,0,2,73,0,75,170,0,170,245
02/03/2023,BDR,CT,ANE,EN,Federal Contract Tower,0,3,3,0,6,0,0,10,2,12,0,3,13,2,18,0,0,0,18
02/04/2023,BDR,CT,ANE,EN,Federal Contract Tower,0,2,3,0,5,0,0,30,0,30,0,2,33,0,35,76,0,76,111
02/05/2023,BDR,CT,ANE,EN,Federal Contract Tower,0,11,8,0,19,0,1,61,3,65,0,12,69,3,84,202,0,202,286
02/06/2023,BDR,CT,ANE,EN,Federal Contract Tower,0,2,8,0,10,0,2,27,0,29,0,4,35,0,39,62,0,62,101
02/07/2023,BDR,CT,ANE,EN,Federal Contract Tower,0,0,5,0,5,0,1,76,0,77,0,1,81,0,82,232,0,232,314
02/08/2023,BDR,CT,ANE,EN,Federal Contract Tower,0,5,9,0,14,0,1,90,0,91,0,6,99,0,105,158,0,158,263
02/09/2023,BDR,CT,ANE,EN,Federal Contract Tower,0,3,4,0,7,0,2,16,0,18,0,5,20,0,25,84,0,84,109
02/10/2023,BDR,CT,ANE,EN,Federal Contract Tower,0,2,4,0,6,0,1,39,0,40,0,3,43,0,46,28,0,28,74
02/11/2023,BDR,CT,ANE,EN,Federal Contract Tower,0,2,3,0,5,0,0,84,0,84,0,2,87,0,89,146,0,146,235
02/12/2023,BDR,CT,ANE,EN,Federal Contract Tower,0,3,3,0,6,0,0,89,0,89,0,3,92,0,95,156,0,156,251
02/13/2023,BDR,CT,ANE,EN,Federal Contract Tower,0,4,4,2,10,0,1,54,0,55,0,5,58,2,65,100,0,100,165
02/14/2023,BDR,CT,ANE,EN,Federal Contract Tower,0,5,6,0,11,0,0,63,0,63,0,5,69,0,74,176,0,176,250
02/15/2023,BDR,CT,ANE,EN,Federal Contract Tower,0,3,4,0,7,0,0,55,0,55,0,3,59,0,62,82,0,82,144
02/16/2023,BDR,CT,ANE,EN,Federal Contract Tower,0,8,2,0,10,0,0,59,0,59,0,8,61,0,69,142,0,142,211
02/17/2023,BDR,CT,ANE,EN,Federal Contract Tower,0,8,7,0,15,0,0,1,0,1,0,8,8,0,16,0,0,0,16
02/18/2023,BDR,CT,ANE,EN,Federal Contract Tower,0,2,10,0,12,0,3,108,1,112,0,5,118,1,124,206,0,206,330
02/19/2023,BDR,CT,ANE,EN,Federal Contract Tower,0,1,8,0,9,0,0,84,0,84,0,1,92,0,93,218,0,218,311
02/20/2023,BDR,CT,ANE,EN,Federal Contract Tower,0,1,5,0,6,0,0,46,0,46,0,1,51,0,52,162,0,162,214
02/21/2023,BDR,CT,ANE,EN,Federal Contract Tower,0,2,5,0,7,0,0,12,0,12,0,2,17,0,19,32,0,32,51
02/22/2023,BDR,CT,ANE,EN,Federal Contract Tower,0,1,5,0,6,0,0,59,0,59,0,1,64,0,65,94,0,94,159
02/23/2023,BDR,CT,ANE,EN,Federal Contract Tower,0,3,6,0,9,0,0,0,0,0,0,3,6,0,9,0,0,0,9
02/24/2023,BDR,CT,ANE,EN,Federal Contract Tower,0,0,6,0,6,0,0,21,0,21,0,0,27,0,27,10,0,10,37
02/25/2023,BDR,CT,ANE,EN,Federal Contract Tower,0,0,2,0,2,0,0,23,0,23,0,0,25,0,25,36,0,36,61
02/26/2023,BDR,CT,ANE,EN,Federal Contract Tower,0,3,10,0,13,0,0,22,0,22,0,3,32,0,35,98,0,98,133
02/27/2023,BDR,CT,ANE,EN,Federal Contract Tower,0,4,6,0,10,0,0,60,0,60,0,4,66,0,70,110,0,110,180
03/01/2023,BDR,CT,ANE,EN,Federal Contract Tower,0,7,6,0,13,0,1,33,0,34,0,8,39,0,47,152,0,152,199
03/02/2023,BDR,CT,ANE,EN,Federal Contract Tower,0,4,4,0,8,0,0,13,0,13,0,4,17,0,21,32,0,32,53
03/03/2023,BDR,CT,ANE,EN,Federal Contract Tower,0,7,4,0,11,0,0,74,0,74,0,7,78,0,85,124,0,124,209
03/04/2023,BDR,CT,ANE,EN,Federal Contract Tower,0,3,2,0,5,0,0,6,0,6,0,3,8,0,11,42,0,42,53
03/05/2023,BDR,CT,ANE,EN,Federal Contract Tower,0,5,12,0,17,0,3,97,0,100,0,8,109,0,117,260,0,260,377
03/06/2023,BDR,CT,ANE,EN,Federal Contract Tower,0,8,7,0,15,0,0,46,0,46,0,8,53,0,61,86,0,86,147
03/07/2023,BDR,CT,ANE,EN,Federal Contract Tower,0,4,3,0,7,0,0,12,0,12,0,4,15,0,19,24,0,24,43
03/08/2023,BDR,CT,ANE,EN,Federal Contract Tower,0,5,3,0,8,0,8,11,0,19,0,13,14,0,27,6,0,6,33
03/09/2023,BDR,CT,ANE,EN,Federal Contract Tower,0,4,4,0,8,0,0,50,0,50,0,4,54,0,58,122,0,122,180
03/10/2023,BDR,CT,ANE,EN,Federal Contract Tower,0,3,8,0,11,0,0,62,0,62,0,3,70,0,73,96,0,96,169
03/11/2023,BDR,CT,ANE,EN,Federal Contract Tower,0,10,6,0,16,0,1,7,0,8,0,11,13,0,24,0,0,0,24
03/12/2023,BDR,CT,ANE,EN,Federal Contract Tower,0,8,6,0,14,0,0,117,0,117,0,8,123,0,131,208,0,208,339
03/13/2023,BDR,CT,ANE,EN,Federal Contract Tower,0,5,2,0,7,0,0,0,0,0,0,5,2,0,7,0,0,0,7
03/14/2023,BDR,CT,ANE,EN,Federal Contract Tower,0,2,0,0,2,0,0,0,0,0,0,2,0,0,2,0,0,0,2
03/15/2023,BDR,CT,ANE,EN,Federal Contract Tower,0,4,1,0,5,0,0,16,0,16,0,4,17,0,21,10,0,10,31
03/16/2023,BDR,CT,ANE,EN,Federal Contract Tower,0,14,9,0,23,0,5,71,0,76,0,19,80,0,99,214,0,214,313
03/17/2023,BDR,CT,ANE,EN,Federal Contract Tower,0,10,3,0,13,0,4,88,0,92,0,14,91,0,105,212,0,212,317
03/18/2023,BDR,CT,ANE,EN,Federal Contract Tower,0,5,6,0,11,0,0,118,0,118,0,5,124,0,129,181,0,181,310
03/19/2023,BDR,CT,ANE,EN,Federal Contract Tower,0,6,8,0,14,0,1,34,0,35,0,7,42,0,49,30,0,30,79
03/20/2023,BDR,CT,ANE,EN,Federal Contract Tower,0,5,4,0,9,0,1,68,0,69,0,6,72,0,78,162,0,162,240
03/21/2023,BDR,CT,ANE,EN,Federal Contract Tower,0,2,15,0,17,0,2,115,0,117,0,4,130,0,134,202,0,202,336
03/22/2023,BDR,CT,ANE,EN,Federal Contract Tower,0,3,12,0,15,0,2,89,0,91,0,5,101,0,106,236,4,240,346
03/23/2023,BDR,CT,ANE,EN,Federal Contract Tower,0,0,15,0,15,0,0,4,0,4,0,0,19,0,19,2,0,2,21
03/24/2023,BDR,CT,ANE,EN,Federal Contract Tower,0,4,12,0,16,0,1,85,0,86,0,5,97,0,102,196,2,198,300
03/25/2023,BDR,CT,ANE,EN,Federal Contract Tower,0,1,4,0,5,0,0,3,0,3,0,1,7,0,8,12,0,12,20
03/26/2023,BDR,CT,ANE,EN,Federal Contract Tower,0,3,3,0,6,0,0,76,0,76,0,3,79,0,82,162,0,162,244
03/27/2023,BDR,CT,ANE,EN,Federal Contract Tower,0,5,5,0,10,0,0,76,0,76,0,5,81,0,86,114,0,114,200
03/28/2023,BDR,CT,ANE,EN,Federal Contract Tower,0,1,0,0,1,0,0,61,0,61,0,1,61,0,62,122,0,122,184
03/29/2023,BDR,CT,ANE,EN,Federal Contract Tower,0,4,7,0,11,0,1,92,0,93,0,5,99,0,104,172,0,172,276
03/30/2023,BDR,CT,ANE,EN,Federal Contract Tower,0,8,13,0,21,0,2,53,0,55,0,10,66,0,76,116,0,116,192
03/31/2023,BDR,CT,ANE,EN,Federal Contract Tower,0,7,4,0,11,0,1,39,5,45,0,8,43,5,56,166,0,166,222
04/01/2023,BDR,CT,ANE,EN,Federal Contract Tower,0,3,4,0,7,0,0,0,0,0,0,3,4,0,7,0,0,0,7
04/02/2023,BDR,CT,ANE,EN,Federal Contract Tower,0,7,3,0,10,0,0,38,0,38,0,7,41,0,48,40,0,40,88
04/03/2023,BDR,CT,ANE,EN,Federal Contract Tower,0,1,9,0,10,0,0,65,0,65,0,1,74,0,75,184,0,184,259
04/04/2023,BDR,CT,ANE,EN,Federal Contract Tower,0,0,8,0,8,0,0,95,0,95,0,0,103,0,103,126,0,126,229
04/05/2023,BDR,CT,ANE,EN,Federal Contract Tower,0,5,6,0,11,0,0,6,0,6,0,5,12,0,17,0,0,0,17
04/06/2023,BDR,CT,ANE,EN,Federal Contract Tower,0,3,14,0,17,0,1,16,0,17,0,4,30,0,34,30,0,30,64
04/07/2023,BDR,CT,ANE,EN,Federal Contract Tower,0,4,6,0,10,0,3,81,0,84,0,7,87,0,94,88,0,88,182
04/08/2023,BDR,CT,ANE,EN,Federal Contract Tower,0,10,2,0,12,0,0,116,0,116,0,10,118,0,128,192,0,192,320
04/09/2023,BDR,CT,ANE,EN,Federal Contract Tower,0,7,6,0,13,0,1,57,0,58,0,8,63,0,71,140,0,140,211
04/10/2023,BDR,CT,ANE,EN,Federal Contract Tower,0,3,5,0,8,0,0,85,0,85,0,3,90,0,93,250,0,250,343
04/11/2023,BDR,CT,ANE,EN,Federal Contract Tower,0,3,4,0,7,0,2,55,0,57,0,5,59,0,64,204,0,204,268
04/12/2023,BDR,CT,ANE,EN,Federal Contract Tower,0,5,6,0,11,0,1,65,0,66,0,6,71,0,77,88,0,88,165
04/13/2023,BDR,CT,ANE,EN,Federal Contract Tower,0,4,3,0,7,0,5,95,0,100,0,9,98,0,107,194,0,194,301
04/14/2023,BDR,CT,ANE,EN,Federal Contract Tower,0,7,4,0,11,0,11,111,0,122,0,18,115,0,133,190,0,190,323
04/15/2023,BDR,CT,ANE,EN,Federal Contract Tower,0,0,15,0,15,0,0,11,0,11,0,0,26,0,26,10,0,10,36
04/16/2023,BDR,CT,ANE,EN,Federal Contract Tower,0,5,12,0,17,0,0,0,0,0,0,5,12,0,17,0,0,0,17
04/17/2023,BDR,CT,ANE,EN,Federal Contract Tower,0,3,7,0,10,0,0,10,0,10,0,3,17,0,20,8,0,8,28
04/18/2023,BDR,CT,ANE,EN,Federal Contract Tower,0,4,8,0,12,0,0,33,0,33,0,4,41,0,45,18,0,18,63
04/19/2023,BDR,CT,ANE,EN,Federal Contract Tower,0,1,7,1,9,0,0,77,0,77,0,1,84,1,86,114,0,114,200
04/20/2023,BDR,CT,ANE,EN,Federal Contract Tower,0,3,4,0,7,0,1,100,0,101,0,4,104,0,108,292,0,292,400
04/21/2023,BDR,CT,ANE,EN,Federal Contract Tower,0,8,10,0,18,0,3,110,0,113,0,11,120,0,131,178,0,178,309
04/22/2023,BDR,CT,ANE,EN,Federal Contract Tower,0,0,8,0,8,0,0,0,0,0,0,0,8,0,8,2,0,2,10
04/23/2023,BDR,CT,ANE,EN,Federal Contract Tower,0,1,15,0,16,0,1,36,0,37,0,2,51,0,53,56,0,56,109
04/24/2023,BDR,CT,ANE,EN,Federal Contract Tower,0,6,11,0,17,0,4,85,0,89,0,10,96,0,106,178,0,178,284
04/25/2023,BDR,CT,ANE,EN,Federal Contract Tower,0,2,7,0,9,0,5,61,1,67,0,7,68,1,76,170,0,170,246
04/26/2023,BDR,CT,ANE,EN,Federal Contract Tower,0,2,6,0,8,0,3,51,0,54,0,5,57,0,62,142,0,142,204
04/27/2023,BDR,CT,ANE,EN,Federal Contract Tower,0,9,12,0,21,0,0,18,0,18,0,9,30,0,39,32,0,32,71
04/28/2023,BDR,CT,ANE,EN,Federal Contract Tower,0,10,9,0,19,0,2,50,0,52,0,12,59,0,71,108,0,108,179
04/29/2023,BDR,CT,ANE,EN,Federal Contract Tower,0,8,1,0,9,0,0,0,0,0,0,8,1,0,9,0,0,0,9
04/30/2023,BDR,CT,ANE,EN,Federal Contract Tower,0,2,10,0,12,0,0,0,0,0,0,2,10,0,12,0,0,0,12
05/01/2023,BDR,CT,ANE,EN,Federal Contract Tower,0,3,6,0,9,0,0,38,0,38,0,3,44,0,47,62,0,62,109
05/02/2023,BDR,CT,ANE,EN,Federal Contract Tower,0,2,10,0,12,0,1,37,0,38,0,3,47,0,50,88,0,88,138
05/03/2023,BDR,CT,ANE,EN,Federal Contract Tower,0,13,5,0,18,0,1,68,0,69,0,14,73,0,87,114,0,114,201
05/04/2023,BDR,CT,ANE,EN,Federal Contract Tower,0,3,5,0,8,0,2,25,0,27,0,5,30,0,35,74,0,74,109
05/05/2023,BDR,CT,ANE,EN,Federal Contract Tower,0,8,10,0,18,0,1,79,0,80,0,9,89,0,98,172,0,172,270
05/06/2023,BDR,CT,ANE,EN,Federal Contract Tower,0,4,9,0,13,0,3,119,0,122,0,7,128,0,135,200,0,200,335
05/07/2023,BDR,CT,ANE,EN,Federal Contract Tower,0,4,7,0,11,0,4,142,2,148,0,8,149,2,159,202,2,204,363
05/08/2023,BDR,CT,ANE,EN,Federal Contract Tower,0,10,4,0,14,0,1,63,0,64,0,11,67,0,78,74,0,74,152
05/09/2023,BDR,CT,ANE,EN,Federal Contract Tower,0,7,11,0,18,0,0,90,0,90,0,7,101,0,108,194,0,194,302
05/10/2023,BDR,CT,ANE,EN,Federal Contract Tower,0,4,15,1,20,0,1,53,0,54,0,5,68,1,74,58,0,58,132
05/11/2023,BDR,CT,ANE,EN,Federal Contract Tower,0,2,7,0,9,0,0,80,0,80,0,2,87,0,89,204,0,204,293
05/12/2023,BDR,CT,ANE,EN,Federal Contract Tower,0,8,10,0,18,0,2,63,0,65,0,10,73,0,83,132,0,132,215
05/13/2023,BDR,CT,ANE,EN,Federal Contract Tower,0,3,3,0,6,0,1,91,0,92,0,4,94,0,98,156,0,156,254
05/14/2023,BDR,CT,ANE,EN,Federal Contract Tower,0,5,5,0,10,0,7,89,0,96,0,12,94,0,106,102,0,102,208
05/15/2023,BDR,CT,ANE,EN,Federal Contract Tower,0,6,7,0,13,0,6,64,0,70,0,12,71,0,83,88,0,88,171
05/16/2023,BDR,CT,ANE,EN,Federal Contract Tower,0,12,2,0,14,0,7,68,0,75,0,19,70,0,89,130,0,130,219
05/17/2023,BDR,CT,ANE,EN,Federal Contract Tower,0,8,3,0,11,0,10,26,0,36,0,18,29,0,47,10,6,16,63
05/18/2023,BDR,CT,ANE,EN,Federal Contract Tower,0,14,6,0,20,0,5,82,0,87,0,19,88,0,107,226,0,226,333
05/19/2023,BDR,CT,ANE,EN,Federal Contract Tower,0,9,6,0,15,0,4,83,0,87,0,13,89,0,102,168,0,168,270
05/20/2023,BDR,CT,ANE,EN,Federal Contract Tower,0,3,8,0,11,0,0,2,0,2,0,3,10,0,13,0,0,0,13
05/21/2023,BDR,CT,ANE,EN,Federal Contract Tower,0,11,14,0,25,0,13,126,0,139,0,24,140,0,164,176,0,176,340
05/22/2023,BDR,CT,ANE,EN,Federal Contract Tower,0,3,4,0,7,0,0,74,0,74,0,3,78,0,81,114,0,114,195
05/23/2023,BDR,CT,ANE,EN,Federal Contract Tower,0,3,8,0,11,0,1,92,0,93,0,4,100,0,104,170,0,170,274
05/24/2023,BDR,CT,ANE,EN,Federal Contract Tower,0,7,9,0,16,0,5,83,0,88,0,12,92,0,104,126,0,126,230
05/25/2023,BDR,CT,ANE,EN,Federal Contract Tower,0,8,11,0,19,0,8,93,0,101,0,16,104,0,120,140,0,140,260
05/26/2023,BDR,CT,ANE,EN,Federal Contract Tower,0,6,2,0,8,0,1,88,0,89,0,7,90,0,97,142,0,142,239
05/27/2023,BDR,CT,ANE,EN,Federal Contract Tower,0,4,2,0,6,0,3,94,0,97,0,7,96,0,103,304,0,304,407
05/28/2023,BDR,CT,ANE,EN,Federal Contract Tower,0,5,5,1,11,0,1,95,0,96,0,6,100,1,107,164,0,164,271
05/29/2023,BDR,CT,ANE,EN,Federal Contract Tower,0,4,4,0,8,0,5,84,0,89,0,9,88,0,97,116,0,116,213
05/30/2023,BDR,CT,ANE,EN,Federal Contract Tower,0,6,12,0,18,0,8,72,0,80,0,14,84,0,98,120,2,122,220
05/31/2023,BDR,CT,ANE,EN,Federal Contract Tower,0,4,4,0,8,0,5,83,0,88,0,9,87,0,96,140,0,140,236
06/01/2023,BDR,CT,ANE,EN,Federal Contract Tower,0,3,4,0,7,0,15,95,0,110,0,18,99,0,117,240,0,240,357
06/02/2023,BDR,CT,ANE,EN,Federal Contract Tower,0,10,3,0,13,0,5,51,0,56,0,15,54,0,69,102,0,102,171
06/03/2023,BDR,CT,ANE,EN,Federal Contract Tower,0,1,24,0,25,0,0,31,0,31,0,1,55,0,56,28,0,28,84
06/04/2023,BDR,CT,ANE,EN,Federal Contract Tower,0,8,5,0,13,0,8,97,0,105,0,16,102,0,118,50,0,50,168
06/05/2023,BDR,CT,ANE,EN,Federal Contract Tower,0,12,10,0,22,0,4,78,0,82,0,16,88,0,104,112,0,112,216
06/06/2023,BDR,CT,ANE,EN,Federal Contract Tower,0,8,12,0,20,0,5,44,6,55,0,13,56,6,75,58,0,58,133
06/07/2023,BDR,CT,ANE,EN,Federal Contract Tower,0,3,19,0,22,0,0,24,0,24,0,3,43,0,46,62,0,62,108
06/08/2023,BDR,CT,ANE,EN,Federal Contract Tower,0,12,10,0,22,0,4,23,0,27,0,16,33,0,49,44,0,44,93
06/09/2023,BDR,CT,ANE,EN,Federal Contract Tower,0,4,11,0,15,0,5,38,0,43,0,9,49,0,58,46,0,46,104
06/10/2023,BDR,CT,ANE,EN,Federal Contract Tower,0,5,11,0,16,0,2,86,0,88,0,7,97,0,104,158,0,158,262
06/11/2023,BDR,CT,ANE,EN,Federal Contract Tower,0,2,9,0,11,0,1,157,0,158,0,3,166,0,169,202,0,202,371
06/12/2023,BDR,CT,ANE,EN,Federal Contract Tower,0,6,8,0,14,0,2,34,0,36,0,8,42,0,50,94,0,94,144
06/13/2023,BDR,CT,ANE,EN,Federal Contract Tower,0,4,10,0,14,0,2,45,4,51,0,6,55,4,65,140,0,140,205
06/14/2023,BDR,CT,ANE,EN,Federal Contract Tower,0,8,4,0,12,0,6,48,0,54,0,14,52,0,66,86,2,88,154
06/15/2023,BDR,CT,ANE,EN,Federal Contract Tower,0,11,11,0,22,0,5,126,0,131,0,16,137,0,153,270,0,270,423
06/16/2023,BDR,CT,ANE,EN,Federal Contract Tower,0,7,14,0,21,0,4,56,0,60,0,11,70,0,81,142,0,142,223
06/17/2023,BDR,CT,ANE,EN,Federal Contract Tower,0,5,7,0,12,0,0,37,0,37,0,5,44,0,49,74,0,74,123
06/18/2023,BDR,CT,ANE,EN,Federal Contract Tower,0,11,7,0,18,0,2,94,2,98,0,13,101,2,116,150,0,150,266
06/19/2023,BDR,CT,ANE,EN,Federal Contract Tower,0,4,13,0,17,0,4,89,0,93,0,8,102,0,110,194,8,202,312
06/20/2023,BDR,CT,ANE,EN,Federal Contract Tower,0,6,8,0,14,0,5,62,0,67,0,11,70,0,81,148,2,150,231
06/21/2023,BDR,CT,ANE,EN,Federal Contract Tower,0,11,2,0,13,0,5,54,18,77,0,16,56,18,90,188,0,188,278
06/22/2023,BDR,CT,ANE,EN,Federal Contract Tower,0,2,12,0,14,0,1,24,2,27,0,3,36,2,41,16,4,20,61
06/23/2023,BDR,CT,ANE,EN,Federal Contract Tower,0,13,31,0,44,0,2,11,0,13,0,15,42,0,57,14,0,14,71
06/24/2023,BDR,CT,ANE,EN,Federal Contract Tower,0,1,12,0,13,0,0,7,0,7,0,1,19,0,20,8,0,8,28
06/25/2023,BDR,CT,ANE,EN,Federal Contract Tower,0,8,15,2,25,0,4,51,0,55,0,12,66,2,80,96,0,96,176
06/26/2023,BDR,CT,ANE,EN,Federal Contract Tower,0,7,8,1,16,0,1,8,2,11,0,8,16,3,27,0,6,6,33
06/27/2023,BDR,CT,ANE,EN,Federal Contract Tower,0,4,21,0,25,0,5,30,0,35,0,9,51,0,60,28,2,30,90
06/28/2023,BDR,CT,ANE,EN,Federal Contract Tower,0,8,11,0,19,0,2,39,0,41,0,10,50,0,60,58,0,58,118
06/29/2023,BDR,CT,ANE,EN,Federal Contract Tower,0,7,11,0,18,0,5,87,0,92,0,12,98,0,110,226,0,226,336
06/30/2023,BDR,CT,ANE,EN,Federal Contract Tower,0,14,32,0,46,0,7,35,0,42,0,21,67,0,88,12,0,12,100
07/01/2023,BDR,CT,ANE,EN,Federal Contract Tower,0,8,9,0,17,0,1,66,5,72,0,9,75,5,89,169,0,169,258
07/02/2023,BDR,CT,ANE,EN,Federal Contract Tower,0,1,4,0,5,0,2,13,0,15,0,3,17,0,20,40,0,40,60
07/03/2023,BDR,CT,ANE,EN,Federal Contract Tower,0,3,4,0,7,0,4,82,0,86,0,7,86,0,93,138,0,138,231
07/04/2023,BDR,CT,ANE,EN,Federal Contract Tower,0,4,7,0,11,0,2,16,0,18,0,6,23,0,29,4,0,4,33
07/05/2023,BDR,CT,ANE,EN,Federal Contract Tower,0,7,10,1,18,0,2,67,2,71,0,9,77,3,89,132,0,132,221
07/06/2023,BDR,CT,ANE,EN,Federal Contract Tower,0,12,10,0,22,0,2,96,0,98,0,14,106,0,120,192,0,192,312
07/07/2023,BDR,CT,ANE,EN,Federal Contract Tower,0,10,16,0,26,0,8,75,0,83,0,18,91,0,109,110,0,110,219
07/08/2023,BDR,CT,ANE,EN,Federal Contract Tower,0,4,11,0,15,0,0,55,0,55,0,4,66,0,70,56,0,56,126
07/09/2023,BDR,CT,ANE,EN,Federal Contract Tower,0,21,8,0,29,0,7,29,0,36,0,28,37,0,65,18,0,18,83
07/10/2023,BDR,CT,ANE,EN,Federal Contract Tower,0,15,8,0,23,0,0,54,2,56,0,15,62,2,79,88,0,88,167
07/11/2023,BDR,CT,ANE,EN,Federal Contract Tower,0,9,5,0,14,0,4,90,0,94,0,13,95,0,108,230,2,232,340
07/12/2023,BDR,CT,ANE,EN,Federal Contract Tower,0,2,5,0,7,0,6,117,0,123,0,8,122,0,130,162,0,162,292
07/13/2023,BDR,CT,ANE,EN,Federal Contract Tower,0,10,12,0,22,0,9,106,3,118,0,19,118,3,140,86,6,92,232
07/14/2023,BDR,CT,ANE,EN,Federal Contract Tower,0,5,6,0,11,0,6,22,0,28,0,11,28,0,39,6,0,6,45
07/15/2023,BDR,CT,ANE,EN,Federal Contract Tower,0,4,11,0,15,0,3,46,0,49,0,7,57,0,64,90,0,90,154
07/16/2023,BDR,CT,ANE,EN,Federal Contract Tower,0,10,8,0,18,0,2,1,0,3,0,12,9,0,21,0,0,0,21
07/17/2023,BDR,CT,ANE,EN,Federal Contract Tower,0,8,18,0,26,0,6,77,10,93,0,14,95,10,119,158,0,158,277
07/18/2023,BDR,CT,ANE,EN,Federal Contract Tower,0,10,12,0,22,0,2,17,0,19,0,12,29,0,41,0,0,0,41
07/19/2023,BDR,CT,ANE,EN,Federal Contract Tower,0,6,9,0,15,0,3,72,0,75,0,9,81,0,90,123,0,123,213
07/20/2023,BDR,CT,ANE,EN,Federal Contract Tower,0,6,3,0,9,0,13,144,0,157,0,19,147,0,166,168,0,168,334
07/21/2023,BDR,CT,ANE,EN,Federal Contract Tower,0,6,16,0,22,0,6,26,0,32,0,12,42,0,54,12,0,12,66
07/23/2023,BDR,CT,ANE,EN,Federal Contract Tower,0,5,17,0,22,0,10,137,0,147,0,15,154,0,169,126,0,126,295
07/24/2023,BDR,CT,ANE,EN,Federal Contract Tower,0,9,5,0,14,0,11,98,0,109,0,20,103,0,123,204,0,204,327
07/25/2023,BDR,CT,ANE,EN,Federal Contract Tower,0,5,5,0,10,0,11,74,2,87,0,16,79,2,97,96,0,96,193
07/26/2023,BDR,CT,ANE,EN,Federal Contract Tower,0,4,5,0,9,0,3,84,0,87,0,7,89,0,96,130,0,130,226
07/27/2023,BDR,CT,ANE,EN,Federal Contract Tower,0,5,21,0,26,0,5,35,0,40,0,10,56,0,66,44,0,44,110
07/28/2023,BDR,CT,ANE,EN,Federal Contract Tower,0,10,6,0,16,0,7,97,0,104,0,17,103,0,120,180,0,180,300
07/29/2023,BDR,CT,ANE,EN,Federal Contract Tower,0,6,4,0,10,0,3,55,0,58,0,9,59,0,68,164,0,164,232
07/30/2023,BDR,CT,ANE,EN,Federal Contract Tower,0,7,9,0,16,0,4,117,0,121,0,11,126,0,137,138,0,138,275
07/31/2023,BDR,CT,ANE,EN,Federal Contract Tower,0,6,11,0,17,0,4,81,1,86,0,10,92,1,103,152,0,152,255
08/01/2023,BDR,CT,ANE,EN,Federal Contract Tower,0,5,5,1,11,0,4,104,0,108,0,9,109,1,119,10,0,10,129
08/03/2023,BDR,CT,ANE,EN,Federal Contract Tower,0,8,7,0,15,0,4,85,0,89,0,12,92,0,104,178,0,178,282
08/04/2023,BDR,CT,ANE,EN,Federal Contract Tower,0,6,14,0,20,0,3,28,0,31,0,9,42,0,51,58,0,58,109
08/05/2023,BDR,CT,ANE,EN,Federal Contract Tower,0,2,7,0,9,0,3,99,0,102,0,5,106,0,111,164,0,164,275
08/06/2023,BDR,CT,ANE,EN,Federal Contract Tower,0,10,8,0,18,0,3,122,0,125,0,13,130,0,143,126,0,126,269
08/07/2023,BDR,CT,ANE,EN,Federal Contract Tower,0,17,5,0,22,0,0,3,0,3,0,17,8,0,25,0,0,0,25
08/08/2023,BDR,CT,ANE,EN,Federal Contract Tower,0,10,5,1,16,0,2,23,2,27,0,12,28,3,43,30,0,30,73
08/09/2023,BDR,CT,ANE,EN,Federal Contract Tower,0,11,5,0,16,0,5,94,0,99,0,16,99,0,115,144,0,144,259
08/10/2023,BDR,CT,ANE,EN,Federal Contract Tower,0,10,12,0,22,0,6,52,0,58,0,16,64,0,80,110,0,110,190
08/11/2023,BDR,CT,ANE,EN,Federal Contract Tower,0,9,7,0,16,0,8,133,0,141,0,17,140,0,157,234,0,234,391
08/12/2023,BDR,CT,ANE,EN,Federal Contract Tower,0,8,13,0,21,0,3,78,0,81,0,11,91,0,102,162,0,162,264
08/13/2023,BDR,CT,ANE,EN,Federal Contract Tower,0,6,12,0,18,0,5,85,0,90,0,11,97,0,108,96,0,96,204
08/14/2023,BDR,CT,ANE,EN,Federal Contract Tower,0,8,9,0,17,0,4,81,2,87,0,12,90,2,104,208,0,208,312
08/15/2023,BDR,CT,ANE,EN,Federal Contract Tower,0,2,15,1,18,0,2,8,0,10,0,4,23,1,28,6,0,6,34
08/16/2023,BDR,CT,ANE,EN,Federal Contract Tower,0,1,11,5,17,0,4,36,0,40,0,5,47,5,57,74,0,74,131
08/17/2023,BDR,CT,ANE,EN,Federal Contract Tower,0,4,38,3,45,0,0,17,0,17,0,4,55,3,62,6,0,6,68
08/18/2023,BDR,CT,ANE,EN,Federal Contract Tower,0,6,6,0,12,0,4,83,0,87,0,10,89,0,99,168,0,168,267
08/20/2023,BDR,CT,ANE,EN,Federal Contract Tower,0,1,15,0,16,0,1,123,0,124,0,2,138,0,140,104,0,104,244
08/21/2023,BDR,CT,ANE,EN,Federal Contract Tower,0,4,7,0,11,0,5,67,0,72,0,9,74,0,83,184,0,184,267
08/22/2023,BDR,CT,ANE,EN,Federal Contract Tower,0,5,8,1,14,0,5,77,0,82,0,10,85,1,96,142,2,144,240
08/23/2023,BDR,CT,ANE,EN,Federal Contract Tower,0,5,6,1,12,0,1,119,1,121,0,6,125,2,133,276,0,276,409
08/24/2023,BDR,CT,ANE,EN,Federal Contract Tower,0,7,10,0,17,0,4,42,0,46,0,11,52,0,63,112,0,112,175
08/25/2023,BDR,CT,ANE,EN,Federal Contract Tower,0,11,15,0,26,0,2,5,0,7,0,13,20,0,33,42,0,42,75
08/26/2023,BDR,CT,ANE,EN,Federal Contract Tower,0,4,5,0,9,0,11,74,0,85,0,15,79,0,94,172,0,172,266
08/27/2023,BDR,CT,ANE,EN,Federal Contract Tower,0,2,9,0,11,0,2,112,0,114,0,4,121,0,125,190,0,190,315
08/28/2023,BDR,CT,ANE,EN,Federal Contract Tower,0,6,14,0,20,0,2,40,0,42,0,8,54,0,62,58,0,58,120
08/29/2023,BDR,CT,ANE,EN,Federal Contract Tower,0,14,13,0,27,0,3,8,0,11,0,17,21,0,38,4,0,4,42
08/30/2023,BDR,CT,ANE,EN,Federal Contract Tower,0,8,7,0,15,0,1,48,0,49,0,9,55,0,64,60,0,60,124
08/31/2023,BDR,CT,ANE,EN,Federal Contract Tower,0,8,11,0,19,0,7,110,0,117,0,15,121,0,136,140,0,140,276
