01/01/2000,BED,MA,ANE,EN,Towers with Display (VFR),0,6,22,0,28,0,8,190,0,198,0,14,212,0,226,122,0,122,348
01/02/2000,BED,MA,ANE,EN,Towers with Display (VFR),0,24,89,0,113,0,4,134,0,138,0,28,223,0,251,178,0,178,429
01/03/2000,BED,MA,ANE,EN,Towers with Display (VFR),2,21,77,0,100,0,22,165,0,187,2,43,242,0,287,158,0,158,445
01/04/2000,BED,MA,ANE,EN,Towers with Display (VFR),0,18,60,1,79,0,17,0,0,17,0,35,60,1,96,0,0,0,96
01/05/2000,BED,MA,ANE,EN,Towers with Display (VFR),0,20,73,0,93,0,24,129,0,153,0,44,202,0,246,44,0,44,290
01/06/2000,BED,MA,ANE,EN,Towers with Display (VFR),0,22,76,2,100,0,11,349,2,362,0,33,425,4,462,300,0,300,762
01/07/2000,BED,MA,ANE,EN,Towers with Display (VFR),1,18,65,2,86,0,19,209,2,230,1,37,274,4,316,195,0,195,511
01/08/2000,BED,MA,ANE,EN,Towers with Display (VFR),0,13,42,1,56,0,7,387,3,397,0,20,429,4,453,236,0,236,689
01/09/2000,BED,MA,ANE,EN,Towers with Display (VFR),0,19,63,2,84,0,5,397,2,404,0,24,460,4,488,310,0,310,798
01/10/2000,BED,MA,ANE,EN,Towers with Display (VFR),2,26,87,2,117,0,7,31,0,38,2,33,118,2,155,36,0,36,191
01/11/2000,BED,MA,ANE,EN,Towers with Display (VFR),1,23,75,0,99,0,20,103,0,123,1,43,178,0,222,10,0,10,232
01/12/2000,BED,MA,ANE,EN,Towers with Display (VFR),10,20,73,3,106,6,0,112,1,119,16,20,185,4,225,22,0,22,247
01/13/2000,BED,MA,ANE,EN,Towers with Display (VFR),8,9,61,3,81,9,0,2,1,12,17,9,63,4,93,4,0,4,97
01/14/2000,BED,MA,ANE,EN,Towers with Display (VFR),10,23,75,3,111,10,14,54,3,81,20,37,129,6,192,0,0,0,192
01/15/2000,BED,MA,ANE,EN,Towers with Display (VFR),5,13,41,2,61,6,7,249,1,263,11,20,290,3,324,276,0,276,600
01/16/2000,BED,MA,ANE,EN,Towers with Display (VFR),4,5,27,1,37,7,0,33,1,41,11,5,60,2,78,52,0,52,130
01/17/2000,BED,MA,ANE,EN,Towers with Display (VFR),8,19,61,3,91,9,6,18,0,33,17,25,79,3,124,2,0,2,126
01/18/2000,BED,MA,ANE,EN,Towers with Display (VFR),12,26,88,1,127,6,9,200,0,215,18,35,288,1,342,118,0,118,460
01/19/2000,BED,MA,ANE,EN,Towers with Display (VFR),11,24,80,3,118,8,2,229,6,245,19,26,309,9,363,208,0,208,571
01/20/2000,BED,MA,ANE,EN,Towers with Display (VFR),11,21,82,0,114,5,0,73,0,78,16,21,155,0,192,148,0,148,340
01/21/2000,BED,MA,ANE,EN,Towers with Display (VFR),13,30,96,4,143,4,6,30,5,45,17,36,126,9,188,0,0,0,188
01/22/2000,BED,MA,ANE,EN,Towers with Display (VFR),3,8,24,0,35,4,4,75,0,83,7,12,99,0,118,8,0,8,126
01/23/2000,BED,MA,ANE,EN,Towers with Display (VFR),9,22,70,3,104,5,6,183,3,197,14,28,253,6,301,290,0,290,591
01/24/2000,BED,MA,ANE,EN,Towers with Display (VFR),8,19,62,0,89,7,10,154,0,171,15,29,216,0,260,152,0,152,412
01/25/2000,BED,MA,ANE,EN,Towers with Display (VFR),1,8,24,0,33,0,6,0,0,6,1,14,24,0,39,0,0,0,39
01/26/2000,BED,MA,ANE,EN,Towers with Display (VFR),11,22,83,2,118,3,0,48,0,51,14,22,131,2,169,12,0,12,181
01/27/2000,BED,MA,ANE,EN,Towers with Display (VFR),11,24,80,0,115,3,16,147,0,166,14,40,227,0,281,102,0,102,383
01/28/2000,BED,MA,ANE,EN,Towers with Display (VFR),12,27,89,3,131,6,2,204,1,213,18,29,293,4,344,150,0,150,494
01/29/2000,BED,MA,ANE,EN,Towers with Display (VFR),6,14,46,1,67,2,4,475,1,482,8,18,521,2,549,306,0,306,855
01/30/2000,BED,MA,ANE,EN,Towers with Display (VFR),8,15,57,0,80,6,0,352,0,358,14,15,409,0,438,256,0,256,694
01/31/2000,BED,MA,ANE,EN,Towers with Display (VFR),11,26,85,2,124,6,6,10,0,22,17,32,95,2,146,16,0,16,162
02/01/2000,BED,MA,ANE,EN,Towers with Display (VFR),15,14,81,1,111,0,7,252,0,259,15,21,333,1,370,186,0,186,556
02/02/2000,BED,MA,ANE,EN,Towers with Display (VFR),14,13,75,2,104,3,16,92,3,114,17,29,167,5,218,54,0,54,272
02/03/2000,BED,MA,ANE,EN,Towers with Display (VFR),14,16,90,2,122,0,3,232,2,237,14,19,322,4,359,148,0,148,507
02/04/2000,BED,MA,ANE,EN,Towers with Display (VFR),16,15,85,2,118,0,10,161,4,175,16,25,246,6,293,170,0,170,463
02/05/2000,BED,MA,ANE,EN,Towers with Display (VFR),8,9,52,1,70,0,1,343,8,352,8,10,395,9,422,282,0,282,704
02/06/2000,BED,MA,ANE,EN,Towers with Display (VFR),10,11,59,1,81,0,3,137,5,145,10,14,196,6,226,132,0,132,358
02/07/2000,BED,MA,ANE,EN,Towers with Display (VFR),13,13,75,2,103,7,4,162,2,175,20,17,237,4,278,80,0,80,358
02/08/2000,BED,MA,ANE,EN,Towers with Display (VFR),16,15,85,2,118,5,10,238,2,255,21,25,323,4,373,146,0,146,519
02/09/2000,BED,MA,ANE,EN,Towers with Display (VFR),15,14,82,0,111,3,13,166,0,182,18,27,248,0,293,98,0,98,391
02/10/2000,BED,MA,ANE,EN,Towers with Display (VFR),17,19,108,1,145,0,18,220,0,238,17,37,328,1,383,164,0,164,547
02/11/2000,BED,MA,ANE,EN,Towers with Display (VFR),10,12,77,2,101,0,0,5,3,8,10,12,82,5,109,0,0,0,109
02/12/2000,BED,MA,ANE,EN,Towers with Display (VFR),9,9,48,1,67,0,2,384,0,386,9,11,432,1,453,344,0,344,797
02/13/2000,BED,MA,ANE,EN,Towers with Display (VFR),14,8,73,3,98,4,0,321,1,326,18,8,394,4,424,288,0,288,712
02/14/2000,BED,MA,ANE,EN,Towers with Display (VFR),14,11,70,2,97,7,5,3,0,15,21,16,73,2,112,0,0,0,112
02/15/2000,BED,MA,ANE,EN,Towers with Display (VFR),17,14,84,3,118,5,18,180,0,203,22,32,264,3,321,182,0,182,503
02/16/2000,BED,MA,ANE,EN,Towers with Display (VFR),17,15,87,3,122,1,0,104,3,108,18,15,191,6,230,96,0,96,326
02/17/2000,BED,MA,ANE,EN,Towers with Display (VFR),19,16,94,0,129,1,20,250,0,271,20,36,344,0,400,120,0,120,520
02/18/2000,BED,MA,ANE,EN,Towers with Display (VFR),8,12,74,0,94,0,8,51,0,59,8,20,125,0,153,100,0,100,253
02/19/2000,BED,MA,ANE,EN,Towers with Display (VFR),8,8,47,0,63,0,11,0,0,11,8,19,47,0,74,6,0,6,80
02/20/2000,BED,MA,ANE,EN,Towers with Display (VFR),8,6,65,2,81,0,0,117,0,117,8,6,182,2,198,208,0,208,406
02/21/2000,BED,MA,ANE,EN,Towers with Display (VFR),14,11,75,1,101,0,0,320,0,320,14,11,395,1,421,256,0,256,677
02/22/2000,BED,MA,ANE,EN,Towers with Display (VFR),17,15,86,2,120,3,5,235,0,243,20,20,321,2,363,218,0,218,581
02/23/2000,BED,MA,ANE,EN,Towers with Display (VFR),20,17,104,2,143,0,2,220,0,222,20,19,324,2,365,160,0,160,525
02/24/2000,BED,MA,ANE,EN,Towers with Display (VFR),21,19,117,2,159,0,7,176,0,183,21,26,293,2,342,156,0,156,498
02/25/2000,BED,MA,ANE,EN,Towers with Display (VFR),16,16,99,3,134,0,6,2,0,8,16,22,101,3,142,10,0,10,152
02/26/2000,BED,MA,ANE,EN,Towers with Display (VFR),15,11,83,0,109,0,0,6,0,6,15,11,89,0,115,0,0,0,115
02/27/2000,BED,MA,ANE,EN,Towers with Display (VFR),14,18,125,2,159,0,0,121,0,121,14,18,246,2,280,152,0,152,432
02/28/2000,BED,MA,ANE,EN,Towers with Display (VFR),17,14,86,0,117,1,12,50,0,63,18,26,136,0,180,46,0,46,226
02/29/2000,BED,MA,ANE,EN,Towers with Display (VFR),18,16,93,2,129,1,14,164,3,182,19,30,257,5,311,86,0,86,397
03/01/2000,BED,MA,ANE,EN,Towers with Display (VFR),0,37,102,3,142,0,6,330,0,336,0,43,432,3,478,236,0,236,714
03/02/2000,BED,MA,ANE,EN,Towers with Display (VFR),1,42,119,4,166,1,0,172,0,173,2,42,291,4,339,120,0,120,459
03/03/2000,BED,MA,ANE,EN,Towers with Display (VFR),0,30,82,3,115,0,12,172,5,189,0,42,254,8,304,160,0,160,464
03/04/2000,BED,MA,ANE,EN,Towers with Display (VFR),0,16,46,1,63,0,9,401,4,414,0,25,447,5,477,266,0,266,743
03/05/2000,BED,MA,ANE,EN,Towers with Display (VFR),1,25,72,3,101,1,6,311,0,318,2,31,383,3,419,356,0,356,775
03/06/2000,BED,MA,ANE,EN,Towers with Display (VFR),0,28,76,1,105,0,10,192,0,202,0,38,268,1,307,140,0,140,447
03/07/2000,BED,MA,ANE,EN,Towers with Display (VFR),1,38,105,2,146,0,17,437,0,454,1,55,542,2,600,276,0,276,876
03/08/2000,BED,MA,ANE,EN,Towers with Display (VFR),0,32,88,4,124,0,9,299,0,308,0,41,387,4,432,247,0,247,679
03/09/2000,BED,MA,ANE,EN,Towers with Display (VFR),0,41,113,3,157,0,13,197,0,210,0,54,310,3,367,148,0,148,515
03/10/2000,BED,MA,ANE,EN,Towers with Display (VFR),0,37,101,4,142,0,23,259,2,284,0,60,360,6,426,184,0,184,610
03/11/2000,BED,MA,ANE,EN,Towers with Display (VFR),0,11,37,1,49,0,0,77,3,80,0,11,114,4,129,206,0,206,335
03/12/2000,BED,MA,ANE,EN,Towers with Display (VFR),0,25,64,2,91,0,3,15,4,22,0,28,79,6,113,40,0,40,153
03/13/2000,BED,MA,ANE,EN,Towers with Display (VFR),1,31,82,3,117,0,12,166,7,185,1,43,248,10,302,140,0,140,442
03/14/2000,BED,MA,ANE,EN,Towers with Display (VFR),1,32,85,4,122,0,14,247,2,263,1,46,332,6,385,312,0,312,697
03/15/2000,BED,MA,ANE,EN,Towers with Display (VFR),1,27,73,3,104,0,11,297,7,315,1,38,370,10,419,230,0,230,649
03/16/2000,BED,MA,ANE,EN,Towers with Display (VFR),1,43,113,4,161,0,0,178,5,183,1,43,291,9,344,134,0,134,478
03/17/2000,BED,MA,ANE,EN,Towers with Display (VFR),1,32,88,2,123,2,0,7,0,9,3,32,95,2,132,0,0,0,132
03/18/2000,BED,MA,ANE,EN,Towers with Display (VFR),1,18,53,2,74,1,0,308,3,312,2,18,361,5,386,246,0,246,632
03/19/2000,BED,MA,ANE,EN,Towers with Display (VFR),1,27,70,2,100,1,9,414,0,424,2,36,484,2,524,272,0,272,796
03/20/2000,BED,MA,ANE,EN,Towers with Display (VFR),0,38,101,5,144,0,6,89,0,95,0,44,190,5,239,196,0,196,435
03/21/2000,BED,MA,ANE,EN,Towers with Display (VFR),0,41,115,3,159,1,0,10,0,11,1,41,125,3,170,14,0,14,184
03/22/2000,BED,MA,ANE,EN,Towers with Display (VFR),0,40,105,1,146,1,7,134,0,142,1,47,239,1,288,214,0,214,502
03/23/2000,BED,MA,ANE,EN,Towers with Display (VFR),0,43,114,6,163,1,3,394,0,398,1,46,508,6,561,388,0,388,949
03/24/2000,BED,MA,ANE,EN,Towers with Display (VFR),0,36,95,4,135,0,18,411,0,429,0,54,506,4,564,252,0,252,816
03/25/2000,BED,MA,ANE,EN,Towers with Display (VFR),0,16,54,0,70,0,0,513,0,513,0,16,567,0,583,228,0,228,811
03/26/2000,BED,MA,ANE,EN,Towers with Display (VFR),0,34,90,4,128,0,4,284,3,291,0,38,374,7,419,256,0,256,675
03/27/2000,BED,MA,ANE,EN,Towers with Display (VFR),0,34,89,1,124,0,17,302,0,319,0,51,391,1,443,296,0,296,739
03/28/2000,BED,MA,ANE,EN,Towers with Display (VFR),0,38,101,2,141,0,8,44,0,52,0,46,145,2,193,10,0,10,203
03/29/2000,BED,MA,ANE,EN,Towers with Display (VFR),0,40,105,2,147,0,19,111,0,130,0,59,216,2,277,152,0,152,429
03/30/2000,BED,MA,ANE,EN,Towers with Display (VFR),0,38,101,0,139,0,19,333,0,352,0,57,434,0,491,220,0,220,711
03/31/2000,BED,MA,ANE,EN,Towers with Display (VFR),0,36,98,4,138,1,30,411,3,445,1,66,509,7,583,338,0,338,921
04/01/2000,BED,MA,ANE,EN,Towers with Display (VFR),0,21,70,1,92,0,0,473,1,474,0,21,543,2,566,288,0,288,854
04/02/2000,BED,MA,ANE,EN,Towers with Display (VFR),0,26,82,2,110,0,0,310,0,310,0,26,392,2,420,348,0,348,768
04/03/2000,BED,MA,ANE,EN,Towers with Display (VFR),1,38,118,1,158,3,10,47,0,60,4,48,165,1,218,28,0,28,246
04/04/2000,BED,MA,ANE,EN,Towers with Display (VFR),0,41,127,3,171,0,2,6,3,11,0,43,133,6,182,6,0,6,188
04/05/2000,BED,MA,ANE,EN,Towers with Display (VFR),1,26,84,0,111,0,23,125,0,148,1,49,209,0,259,112,0,112,371
04/06/2000,BED,MA,ANE,EN,Towers with Display (VFR),0,31,97,2,130,0,12,272,5,289,0,43,369,7,419,288,0,288,707
04/07/2000,BED,MA,ANE,EN,Towers with Display (VFR),1,32,102,2,137,0,0,328,2,330,1,32,430,4,467,324,0,324,791
04/08/2000,BED,MA,ANE,EN,Towers with Display (VFR),1,16,51,0,68,3,9,166,0,178,4,25,217,0,246,200,0,200,446
04/09/2000,BED,MA,ANE,EN,Towers with Display (VFR),0,16,51,1,68,0,5,20,1,26,0,21,71,2,94,38,0,38,132
04/10/2000,BED,MA,ANE,EN,Towers with Display (VFR),0,32,101,0,133,0,16,159,0,175,0,48,260,0,308,48,0,48,356
04/11/2000,BED,MA,ANE,EN,Towers with Display (VFR),0,33,103,0,136,0,19,212,0,231,0,52,315,0,367,276,0,276,643
04/12/2000,BED,MA,ANE,EN,Towers with Display (VFR),0,38,115,3,156,0,8,98,3,109,0,46,213,6,265,84,0,84,349
04/13/2000,BED,MA,ANE,EN,Towers with Display (VFR),0,35,106,3,144,0,19,429,2,450,0,54,535,5,594,388,0,388,982
04/14/2000,BED,MA,ANE,EN,Towers with Display (VFR),0,41,123,3,167,0,34,415,7,456,0,75,538,10,623,240,0,240,863
04/15/2000,BED,MA,ANE,EN,Towers with Display (VFR),0,25,74,1,100,0,4,282,8,294,0,29,356,9,394,316,0,316,710
04/16/2000,BED,MA,ANE,EN,Towers with Display (VFR),1,39,117,3,160,1,3,167,6,177,2,42,284,9,337,318,0,318,655
04/17/2000,BED,MA,ANE,EN,Towers with Display (VFR),1,35,105,0,141,0,12,203,0,215,1,47,308,0,356,164,0,164,520
04/18/2000,BED,MA,ANE,EN,Towers with Display (VFR),0,36,108,2,146,0,1,116,2,119,0,37,224,4,265,162,0,162,427
04/19/2000,BED,MA,ANE,EN,Towers with Display (VFR),0,35,141,2,178,0,0,14,0,14,0,35,155,2,192,0,0,0,192
04/20/2000,BED,MA,ANE,EN,Towers with Display (VFR),0,44,142,1,187,0,0,274,0,274,0,44,416,1,461,250,0,250,711
04/21/2000,BED,MA,ANE,EN,Towers with Display (VFR),0,38,114,0,152,0,0,50,0,50,0,38,164,0,202,142,0,142,344
04/22/2000,BED,MA,ANE,EN,Towers with Display (VFR),0,26,73,0,99,0,6,0,0,6,0,32,73,0,105,0,0,0,105
04/23/2000,BED,MA,ANE,EN,Towers with Display (VFR),0,30,87,0,117,0,7,0,0,7,0,37,87,0,124,0,0,0,124
04/24/2000,BED,MA,ANE,EN,Towers with Display (VFR),0,48,145,4,197,0,2,190,0,192,0,50,335,4,389,98,0,98,487
04/25/2000,BED,MA,ANE,EN,Towers with Display (VFR),0,38,115,2,155,4,22,431,0,457,4,60,546,2,612,284,0,284,896
04/26/2000,BED,MA,ANE,EN,Towers with Display (VFR),0,41,118,4,163,0,4,0,3,7,0,45,118,7,170,0,0,0,170
04/27/2000,BED,MA,ANE,EN,Towers with Display (VFR),0,45,136,0,181,0,1,157,0,158,0,46,293,0,339,244,0,244,583
04/28/2000,BED,MA,ANE,EN,Towers with Display (VFR),1,56,172,4,233,1,6,192,0,199,2,62,364,4,432,294,0,294,726
04/29/2000,BED,MA,ANE,EN,Towers with Display (VFR),0,25,75,2,102,0,20,423,3,446,0,45,498,5,548,388,0,388,936
04/30/2000,BED,MA,ANE,EN,Towers with Display (VFR),0,24,73,1,98,1,7,254,3,265,1,31,327,4,363,192,0,192,555
05/01/2000,BED,MA,ANE,EN,Towers with Display (VFR),0,27,89,3,119,0,29,282,1,312,0,56,371,4,431,224,0,224,655
05/02/2000,BED,MA,ANE,EN,Towers with Display (VFR),1,37,119,2,159,1,13,104,0,118,2,50,223,2,277,126,0,126,403
05/03/2000,BED,MA,ANE,EN,Towers with Display (VFR),0,32,104,0,136,0,26,457,0,483,0,58,561,0,619,338,0,338,957
05/04/2000,BED,MA,ANE,EN,Towers with Display (VFR),1,35,113,0,149,1,3,284,0,288,2,38,397,0,437,200,0,200,637
05/05/2000,BED,MA,ANE,EN,Towers with Display (VFR),0,32,102,3,137,0,5,315,5,325,0,37,417,8,462,328,0,328,790
05/06/2000,BED,MA,ANE,EN,Towers with Display (VFR),0,22,82,2,106,0,0,469,4,473,0,22,551,6,579,522,0,522,1101
05/07/2000,BED,MA,ANE,EN,Towers with Display (VFR),0,27,82,2,111,0,2,359,0,361,0,29,441,2,472,388,0,388,860
05/08/2000,BED,MA,ANE,EN,Towers with Display (VFR),0,25,77,2,104,0,15,210,0,225,0,40,287,2,329,212,0,212,541
05/09/2000,BED,MA,ANE,EN,Towers with Display (VFR),0,42,131,2,175,0,7,138,0,145,0,49,269,2,320,250,0,250,570
05/10/2000,BED,MA,ANE,EN,Towers with Display (VFR),0,28,80,2,110,0,8,0,0,8,0,36,80,2,118,0,0,0,118
05/11/2000,BED,MA,ANE,EN,Towers with Display (VFR),0,56,175,4,235,0,3,144,0,147,0,59,319,4,382,262,0,262,644
05/12/2000,BED,MA,ANE,EN,Towers with Display (VFR),0,45,139,6,190,0,5,306,0,311,0,50,445,6,501,268,0,268,769
05/13/2000,BED,MA,ANE,EN,Towers with Display (VFR),0,23,98,2,123,0,0,15,0,15,0,23,113,2,138,12,0,12,150
05/14/2000,BED,MA,ANE,EN,Towers with Display (VFR),0,23,71,0,94,1,11,360,0,372,1,34,431,0,466,334,0,334,800
05/15/2000,BED,MA,ANE,EN,Towers with Display (VFR),0,28,88,4,120,0,19,328,2,349,0,47,416,6,469,268,0,268,737
05/16/2000,BED,MA,ANE,EN,Towers with Display (VFR),0,36,110,4,150,0,21,367,2,390,0,57,477,6,540,338,0,338,878
05/17/2000,BED,MA,ANE,EN,Towers with Display (VFR),0,36,117,5,158,0,0,348,5,353,0,36,465,10,511,308,0,308,819
05/18/2000,BED,MA,ANE,EN,Towers with Display (VFR),0,42,129,5,176,0,10,0,3,13,0,52,129,8,189,26,0,26,215
05/19/2000,BED,MA,ANE,EN,Towers with Display (VFR),0,42,164,6,212,0,0,11,5,16,0,42,175,11,228,0,0,0,228
05/20/2000,BED,MA,ANE,EN,Towers with Display (VFR),0,24,89,4,117,0,0,243,5,248,0,24,332,9,365,318,0,318,683
05/21/2000,BED,MA,ANE,EN,Towers with Display (VFR),0,32,144,4,180,0,0,120,0,120,0,32,264,4,300,308,0,308,608
05/22/2000,BED,MA,ANE,EN,Towers with Display (VFR),0,43,133,5,181,0,3,127,2,132,0,46,260,7,313,298,0,298,611
05/23/2000,BED,MA,ANE,EN,Towers with Display (VFR),0,44,149,5,198,0,0,206,3,209,0,44,355,8,407,306,0,306,713
05/24/2000,BED,MA,ANE,EN,Towers with Display (VFR),0,34,129,4,167,2,0,19,5,26,2,34,148,9,193,24,0,24,217
05/25/2000,BED,MA,ANE,EN,Towers with Display (VFR),0,43,134,4,181,0,5,206,5,216,0,48,340,9,397,190,0,190,587
05/26/2000,BED,MA,ANE,EN,Towers with Display (VFR),0,36,115,4,155,0,18,513,4,535,0,54,628,8,690,424,0,424,1114
05/27/2000,BED,MA,ANE,EN,Towers with Display (VFR),0,11,36,0,47,0,7,427,0,434,0,18,463,0,481,298,0,298,779
05/28/2000,BED,MA,ANE,EN,Towers with Display (VFR),0,15,45,1,61,0,3,267,5,275,0,18,312,6,336,336,0,336,672
05/29/2000,BED,MA,ANE,EN,Towers with Display (VFR),0,34,106,0,140,0,8,258,0,266,0,42,364,0,406,330,0,330,736
05/30/2000,BED,MA,ANE,EN,Towers with Display (VFR),0,39,123,2,164,8,10,243,0,261,8,49,366,2,425,306,0,306,731
05/31/2000,BED,MA,ANE,EN,Towers with Display (VFR),0,36,111,2,149,0,9,360,0,369,0,45,471,2,518,386,0,386,904
06/01/2000,BED,MA,ANE,EN,Towers with Display (VFR),0,30,96,0,126,0,17,370,0,387,0,47,466,0,513,432,0,432,945
06/02/2000,BED,MA,ANE,EN,Towers with Display (VFR),0,35,111,1,147,0,17,217,0,234,0,52,328,1,381,194,0,194,575
06/03/2000,BED,MA,ANE,EN,Towers with Display (VFR),0,17,55,1,73,0,8,456,3,467,0,25,511,4,540,342,0,342,882
06/04/2000,BED,MA,ANE,EN,Towers with Display (VFR),0,24,79,2,105,0,12,540,3,555,0,36,619,5,660,398,0,398,1058
06/05/2000,BED,MA,ANE,EN,Towers with Display (VFR),0,39,125,3,167,0,0,206,0,206,0,39,331,3,373,242,0,242,615
06/06/2000,BED,MA,ANE,EN,Towers with Display (VFR),1,30,95,2,128,0,2,2,1,5,1,32,97,3,133,0,0,0,133
06/07/2000,BED,MA,ANE,EN,Towers with Display (VFR),1,38,122,3,164,2,12,284,4,302,3,50,406,7,466,178,0,178,644
06/08/2000,BED,MA,ANE,EN,Towers with Display (VFR),0,35,111,3,149,0,6,520,0,526,0,41,631,3,675,394,0,394,1069
06/09/2000,BED,MA,ANE,EN,Towers with Display (VFR),0,34,106,2,142,0,14,318,2,334,0,48,424,4,476,430,0,430,906
06/10/2000,BED,MA,ANE,EN,Towers with Display (VFR),0,18,57,0,75,0,18,575,0,593,0,36,632,0,668,480,0,480,1148
06/11/2000,BED,MA,ANE,EN,Towers with Display (VFR),0,23,75,2,100,0,24,387,1,412,0,47,462,3,512,446,0,446,958
06/12/2000,BED,MA,ANE,EN,Towers with Display (VFR),0,39,154,4,197,0,0,9,4,13,0,39,163,8,210,0,0,0,210
06/13/2000,BED,MA,ANE,EN,Towers with Display (VFR),0,40,121,0,161,0,10,248,0,258,0,50,369,0,419,386,0,386,805
06/14/2000,BED,MA,ANE,EN,Towers with Display (VFR),0,42,128,0,170,0,2,205,0,207,0,44,333,0,377,276,0,276,653
06/15/2000,BED,MA,ANE,EN,Towers with Display (VFR),0,54,166,6,226,0,3,51,3,57,0,57,217,9,283,136,0,136,419
06/16/2000,BED,MA,ANE,EN,Towers with Display (VFR),0,44,134,4,182,0,2,380,6,388,0,46,514,10,570,354,0,354,924
06/17/2000,BED,MA,ANE,EN,Towers with Display (VFR),0,20,59,2,81,0,8,231,1,240,0,28,290,3,321,396,0,396,717
06/18/2000,BED,MA,ANE,EN,Towers with Display (VFR),0,23,106,4,133,0,0,326,4,330,0,23,432,8,463,280,0,280,743
06/19/2000,BED,MA,ANE,EN,Towers with Display (VFR),0,43,132,3,178,0,14,166,0,180,0,57,298,3,358,180,0,180,538
06/20/2000,BED,MA,ANE,EN,Towers with Display (VFR),0,33,99,3,135,3,10,462,0,475,3,43,561,3,610,296,0,296,906
06/21/2000,BED,MA,ANE,EN,Towers with Display (VFR),0,38,117,1,156,1,20,297,0,318,1,58,414,1,474,158,0,158,632
06/22/2000,BED,MA,ANE,EN,Towers with Display (VFR),0,23,73,3,99,0,12,302,0,314,0,35,375,3,413,360,0,360,773
06/23/2000,BED,MA,ANE,EN,Towers with Display (VFR),0,38,116,4,158,0,4,405,0,409,0,42,521,4,567,498,0,498,1065
06/24/2000,BED,MA,ANE,EN,Towers with Display (VFR),0,19,59,2,80,0,9,460,1,470,0,28,519,3,550,438,0,438,988
06/25/2000,BED,MA,ANE,EN,Towers with Display (VFR),0,30,96,3,129,2,0,292,2,296,2,30,388,5,425,226,0,226,651
06/26/2000,BED,MA,ANE,EN,Towers with Display (VFR),0,33,102,0,135,1,11,162,0,174,1,44,264,0,309,202,0,202,511
06/27/2000,BED,MA,ANE,EN,Towers with Display (VFR),0,44,135,2,181,0,3,49,0,52,0,47,184,2,233,22,0,22,255
06/28/2000,BED,MA,ANE,EN,Towers with Display (VFR),0,34,105,0,139,1,9,396,0,406,1,43,501,0,545,390,0,390,935
06/29/2000,BED,MA,ANE,EN,Towers with Display (VFR),0,44,135,2,181,0,5,178,0,183,0,49,313,2,364,306,0,306,670
06/30/2000,BED,MA,ANE,EN,Towers with Display (VFR),0,43,132,2,177,2,4,478,0,484,2,47,610,2,661,442,2,444,1105
07/01/2000,BED,MA,ANE,EN,Towers with Display (VFR),0,20,59,2,81,0,4,457,4,465,0,24,516,6,546,350,0,350,896
07/02/2000,BED,MA,ANE,EN,Towers with Display (VFR),1,16,49,1,67,0,12,414,0,426,1,28,463,1,493,444,0,444,937
07/03/2000,BED,MA,ANE,EN,Towers with Display (VFR),0,15,45,1,61,0,15,310,0,325,0,30,355,1,386,314,0,314,700
07/04/2000,BED,MA,ANE,EN,Towers with Display (VFR),0,21,62,0,83,0,13,214,0,227,0,34,276,0,310,360,0,360,670
07/05/2000,BED,MA,ANE,EN,Towers with Display (VFR),0,29,83,3,115,0,10,337,5,352,0,39,420,8,467,160,0,160,627
07/06/2000,BED,MA,ANE,EN,Towers with Display (VFR),1,29,81,3,114,1,16,423,2,442,2,45,504,5,556,380,0,380,936
07/07/2000,BED,MA,ANE,EN,Towers with Display (VFR),0,34,95,3,132,0,2,396,5,403,0,36,491,8,535,284,0,284,819
07/08/2000,BED,MA,ANE,EN,Towers with Display (VFR),0,18,48,1,67,0,3,497,0,500,0,21,545,1,567,376,0,376,943
07/09/2000,BED,MA,ANE,EN,Towers with Display (VFR),0,27,80,3,110,0,0,382,14,396,0,27,462,17,506,380,0,380,886
07/10/2000,BED,MA,ANE,EN,Towers with Display (VFR),0,44,122,4,170,0,3,139,0,142,0,47,261,4,312,186,0,186,498
07/11/2000,BED,MA,ANE,EN,Towers with Display (VFR),0,31,89,4,124,1,24,397,11,433,1,55,486,15,557,296,0,296,853
07/12/2000,BED,MA,ANE,EN,Towers with Display (VFR),0,31,87,4,122,0,8,412,11,431,0,39,499,15,553,270,0,270,823
07/13/2000,BED,MA,ANE,EN,Towers with Display (VFR),0,39,108,3,150,0,17,412,0,429,0,56,520,3,579,222,0,222,801
07/14/2000,BED,MA,ANE,EN,Towers with Display (VFR),0,34,96,4,134,0,8,369,3,380,0,42,465,7,514,342,0,342,856
07/15/2000,BED,MA,ANE,EN,Towers with Display (VFR),0,15,43,0,58,0,9,139,0,148,0,24,182,0,206,170,0,170,376
07/16/2000,BED,MA,ANE,EN,Towers with Display (VFR),0,28,127,4,159,0,0,56,0,56,0,28,183,4,215,100,0,100,315
07/17/2000,BED,MA,ANE,EN,Towers with Display (VFR),0,52,148,1,201,0,0,88,0,88,0,52,236,1,289,96,0,96,385
07/18/2000,BED,MA,ANE,EN,Towers with Display (VFR),0,49,140,2,191,2,22,143,0,167,2,71,283,2,358,258,0,258,616
07/19/2000,BED,MA,ANE,EN,Towers with Display (VFR),0,39,112,4,155,0,3,426,0,429,0,42,538,4,584,256,0,256,840
07/20/2000,BED,MA,ANE,EN,Towers with Display (VFR),0,44,122,1,167,0,17,423,0,440,0,61,545,1,607,314,0,314,921
07/21/2000,BED,MA,ANE,EN,Towers with Display (VFR),0,36,101,3,140,0,18,356,1,375,0,54,457,4,515,258,0,258,773
07/22/2000,BED,MA,ANE,EN,Towers with Display (VFR),0,29,83,3,115,0,2,145,2,149,0,31,228,5,264,248,0,248,512
07/23/2000,BED,MA,ANE,EN,Towers with Display (VFR),0,28,77,2,107,0,12,454,2,468,0,40,531,4,575,322,0,322,897
07/24/2000,BED,MA,ANE,EN,Towers with Display (VFR),0,36,102,1,139,0,15,357,0,372,0,51,459,1,511,420,0,420,931
07/25/2000,BED,MA,ANE,EN,Towers with Display (VFR),0,40,115,4,159,1,14,213,2,230,1,54,328,6,389,256,0,256,645
07/26/2000,BED,MA,ANE,EN,Towers with Display (VFR),0,50,180,6,236,0,0,24,5,29,0,50,204,11,265,4,0,4,269
07/27/2000,BED,MA,ANE,EN,Towers with Display (VFR),0,49,132,1,182,0,8,0,0,8,0,57,132,1,190,0,0,0,190
07/28/2000,BED,MA,ANE,EN,Towers with Display (VFR),0,46,141,5,192,0,0,99,6,105,0,46,240,11,297,238,0,238,535
07/29/2000,BED,MA,ANE,EN,Towers with Display (VFR),0,29,87,3,119,0,0,134,3,137,0,29,221,6,256,358,0,358,614
07/30/2000,BED,MA,ANE,EN,Towers with Display (VFR),0,39,111,0,150,0,3,44,0,47,0,42,155,0,197,52,0,52,249
07/31/2000,BED,MA,ANE,EN,Towers with Display (VFR),0,58,167,0,225,0,1,28,0,29,0,59,195,0,254,60,0,60,314
08/01/2000,BED,MA,ANE,EN,Towers with Display (VFR),0,45,148,3,196,0,0,11,0,11,0,45,159,3,207,0,0,0,207
08/02/2000,BED,MA,ANE,EN,Towers with Display (VFR),0,55,171,2,228,0,0,61,0,61,0,55,232,2,289,40,0,40,329
08/03/2000,BED,MA,ANE,EN,Towers with Display (VFR),0,45,122,3,170,0,3,84,3,90,0,48,206,6,260,210,0,210,470
08/04/2000,BED,MA,ANE,EN,Towers with Display (VFR),0,50,136,3,189,0,6,468,1,475,0,56,604,4,664,416,0,416,1080
08/05/2000,BED,MA,ANE,EN,Towers with Display (VFR),0,19,54,2,75,0,14,524,0,538,0,33,578,2,613,518,0,518,1131
08/06/2000,BED,MA,ANE,EN,Towers with Display (VFR),0,31,85,3,119,0,6,470,1,477,0,37,555,4,596,406,0,406,1002
08/07/2000,BED,MA,ANE,EN,Towers with Display (VFR),0,39,104,4,147,2,3,62,1,68,2,42,166,5,215,68,0,68,283
08/08/2000,BED,MA,ANE,EN,Towers with Display (VFR),0,29,79,1,109,0,19,364,0,383,0,48,443,1,492,434,0,434,926
08/09/2000,BED,MA,ANE,EN,Towers with Display (VFR),0,49,130,3,182,0,3,251,0,254,0,52,381,3,436,366,0,366,802
08/10/2000,BED,MA,ANE,EN,Towers with Display (VFR),0,38,101,3,142,0,18,344,0,362,0,56,445,3,504,358,0,358,862
08/11/2000,BED,MA,ANE,EN,Towers with Display (VFR),0,37,97,2,136,0,15,429,0,444,0,52,526,2,580,390,0,390,970
08/12/2000,BED,MA,ANE,EN,Towers with Display (VFR),0,19,71,2,92,0,0,118,0,118,0,19,189,2,210,230,0,230,440
08/13/2000,BED,MA,ANE,EN,Towers with Display (VFR),0,27,120,4,151,0,0,74,1,75,0,27,194,5,226,146,0,146,372
08/14/2000,BED,MA,ANE,EN,Towers with Display (VFR),0,52,141,2,195,0,0,4,0,4,0,52,145,2,199,0,0,0,199
08/15/2000,BED,MA,ANE,EN,Towers with Display (VFR),0,46,148,5,199,0,0,74,7,81,0,46,222,12,280,138,0,138,418
08/16/2000,BED,MA,ANE,EN,Towers with Display (VFR),0,50,131,2,183,0,24,137,0,161,0,74,268,2,344,136,0,136,480
08/17/2000,BED,MA,ANE,EN,Towers with Display (VFR),0,35,91,2,128,0,14,555,0,569,0,49,646,2,697,376,0,376,1073
08/18/2000,BED,MA,ANE,EN,Towers with Display (VFR),0,40,109,3,152,0,22,368,0,390,0,62,477,3,542,386,0,386,928
08/19/2000,BED,MA,ANE,EN,Towers with Display (VFR),0,29,79,3,111,0,0,283,0,283,0,29,362,3,394,224,0,224,618
08/20/2000,BED,MA,ANE,EN,Towers with Display (VFR),0,27,71,3,101,0,6,458,1,465,0,33,529,4,566,372,0,372,938
08/21/2000,BED,MA,ANE,EN,Towers with Display (VFR),0,31,83,3,117,0,17,387,5,409,0,48,470,8,526,304,0,304,830
08/22/2000,BED,MA,ANE,EN,Towers with Display (VFR),0,34,90,2,126,0,33,367,2,402,0,67,457,4,528,252,0,252,780
08/23/2000,BED,MA,ANE,EN,Towers with Display (VFR),0,43,117,0,160,0,6,234,0,240,0,49,351,0,400,206,0,206,606
08/24/2000,BED,MA,ANE,EN,Towers with Display (VFR),0,45,121,2,168,0,1,261,0,262,0,46,382,2,430,238,0,238,668
08/25/2000,BED,MA,ANE,EN,Towers with Display (VFR),0,38,102,2,142,0,12,409,6,427,0,50,511,8,569,290,0,290,859
08/26/2000,BED,MA,ANE,EN,Towers with Display (VFR),0,19,53,1,73,0,13,407,3,423,0,32,460,4,496,302,0,302,798
08/27/2000,BED,MA,ANE,EN,Towers with Display (VFR),0,36,97,2,135,1,6,428,4,439,1,42,525,6,574,436,0,436,1010
08/28/2000,BED,MA,ANE,EN,Towers with Display (VFR),0,43,116,1,160,1,24,302,0,327,1,67,418,1,487,268,0,268,755
08/29/2000,BED,MA,ANE,EN,Towers with Display (VFR),0,35,92,2,129,0,13,389,0,402,0,48,481,2,531,268,0,268,799
08/30/2000,BED,MA,ANE,EN,Towers with Display (VFR),0,36,96,2,134,0,11,263,1,275,0,47,359,3,409,242,0,242,651
08/31/2000,BED,MA,ANE,EN,Towers with Display (VFR),0,45,121,2,168,0,3,257,0,260,0,48,378,2,428,240,0,240,668
09/01/2000,BED,MA,ANE,EN,Towers with Display (VFR),1,38,99,3,141,1,12,273,0,286,2,50,372,3,427,268,0,268,695
09/02/2000,BED,MA,ANE,EN,Towers with Display (VFR),1,14,72,2,89,1,0,13,0,14,2,14,85,2,103,0,0,0,103
09/03/2000,BED,MA,ANE,EN,Towers with Display (VFR),0,27,73,2,102,0,0,34,0,34,0,27,107,2,136,90,0,90,226
09/04/2000,BED,MA,ANE,EN,Towers with Display (VFR),0,38,113,2,153,0,0,57,0,57,0,38,170,2,210,70,0,70,280
09/05/2000,BED,MA,ANE,EN,Towers with Display (VFR),0,31,82,3,116,0,24,348,0,372,0,55,430,3,488,236,0,236,724
09/06/2000,BED,MA,ANE,EN,Towers with Display (VFR),0,36,93,3,132,0,2,422,7,431,0,38,515,10,563,314,0,314,877
09/07/2000,BED,MA,ANE,EN,Towers with Display (VFR),0,29,75,2,106,0,22,342,1,365,0,51,417,3,471,304,0,304,775
09/08/2000,BED,MA,ANE,EN,Towers with Display (VFR),0,34,88,3,125,0,30,401,4,435,0,64,489,7,560,270,0,270,830
09/09/2000,BED,MA,ANE,EN,Towers with Display (VFR),0,19,50,1,70,0,5,380,1,386,0,24,430,2,456,386,0,386,842
09/10/2000,BED,MA,ANE,EN,Towers with Display (VFR),0,28,73,2,103,0,11,423,4,438,0,39,496,6,541,216,0,216,757
09/11/2000,BED,MA,ANE,EN,Towers with Display (VFR),0,41,107,4,152,0,1,214,4,219,0,42,321,8,371,222,0,222,593
09/12/2000,BED,MA,ANE,EN,Towers with Display (VFR),0,54,141,4,199,0,11,150,0,161,0,65,291,4,360,180,0,180,540
09/13/2000,BED,MA,ANE,EN,Towers with Display (VFR),0,36,94,3,133,0,12,268,5,285,0,48,362,8,418,232,0,232,650
09/14/2000,BED,MA,ANE,EN,Towers with Display (VFR),1,39,102,1,143,0,15,421,0,436,1,54,523,1,579,252,0,252,831
09/15/2000,BED,MA,ANE,EN,Towers with Display (VFR),2,46,120,2,170,1,2,100,0,103,3,48,220,2,273,86,0,86,359
09/16/2000,BED,MA,ANE,EN,Towers with Display (VFR),1,21,52,2,76,1,3,392,0,396,2,24,444,2,472,294,0,294,766
09/17/2000,BED,MA,ANE,EN,Towers with Display (VFR),1,25,62,2,90,0,8,355,2,365,1,33,417,4,455,248,0,248,703
09/18/2000,BED,MA,ANE,EN,Towers with Display (VFR),0,38,95,1,134,0,18,415,0,433,0,56,510,1,567,248,0,248,815
09/19/2000,BED,MA,ANE,EN,Towers with Display (VFR),0,49,123,2,174,0,15,317,0,332,0,64,440,2,506,344,0,344,850
09/20/2000,BED,MA,ANE,EN,Towers with Display (VFR),0,42,106,3,151,0,6,221,0,227,0,48,327,3,378,172,0,172,550
09/21/2000,BED,MA,ANE,EN,Towers with Display (VFR),0,45,112,5,162,3,11,159,0,173,3,56,271,5,335,158,0,158,493
09/22/2000,BED,MA,ANE,EN,Towers with Display (VFR),0,46,115,5,166,2,13,520,3,538,2,59,635,8,704,310,0,310,1014
09/23/2000,BED,MA,ANE,EN,Towers with Display (VFR),0,29,73,3,105,2,3,449,1,455,2,32,522,4,560,386,0,386,946
09/24/2000,BED,MA,ANE,EN,Towers with Display (VFR),0,25,102,5,132,1,0,96,0,97,1,25,198,5,229,96,0,96,325
09/25/2000,BED,MA,ANE,EN,Towers with Display (VFR),0,38,96,5,139,0,11,350,0,361,0,49,446,5,500,404,0,404,904
09/26/2000,BED,MA,ANE,EN,Towers with Display (VFR),1,50,140,0,191,0,0,23,0,23,1,50,163,0,214,62,0,62,276
09/27/2000,BED,MA,ANE,EN,Towers with Display (VFR),0,36,90,4,130,0,0,345,6,351,0,36,435,10,481,294,0,294,775
09/28/2000,BED,MA,ANE,EN,Towers with Display (VFR),0,33,83,4,120,0,21,293,5,319,0,54,376,9,439,312,0,312,751
09/29/2000,BED,MA,ANE,EN,Towers with Display (VFR),0,41,102,2,145,2,0,385,0,387,2,41,487,2,532,250,0,250,782
09/30/2000,BED,MA,ANE,EN,Towers with Display (VFR),0,19,48,0,67,2,17,436,0,455,2,36,484,0,522,344,0,344,866
10/01/2000,BED,MA,ANE,EN,Towers with Display (VFR),0,33,81,1,115,0,14,504,0,518,0,47,585,1,633,274,0,274,907
10/02/2000,BED,MA,ANE,EN,Towers with Display (VFR),1,33,82,0,116,1,0,161,0,162,2,33,243,0,278,140,0,140,418
10/03/2000,BED,MA,ANE,EN,Towers with Display (VFR),0,41,101,0,142,0,17,280,0,297,0,58,381,0,439,194,0,194,633
10/04/2000,BED,MA,ANE,EN,Towers with Display (VFR),0,45,111,0,156,0,0,269,0,269,0,45,380,0,425,226,0,226,651
10/05/2000,BED,MA,ANE,EN,Towers with Display (VFR),2,58,148,1,209,1,0,172,0,173,3,58,320,1,382,174,0,174,556
10/06/2000,BED,MA,ANE,EN,Towers with Display (VFR),1,37,143,1,182,0,0,26,0,26,1,37,169,1,208,0,0,0,208
10/07/2000,BED,MA,ANE,EN,Towers with Display (VFR),0,21,53,1,75,0,13,483,0,496,0,34,536,1,571,288,0,288,859
10/08/2000,BED,MA,ANE,EN,Towers with Display (VFR),1,24,60,0,85,1,17,344,0,362,2,41,404,0,447,296,0,296,743
10/09/2000,BED,MA,ANE,EN,Towers with Display (VFR),1,41,101,0,143,1,19,190,0,210,2,60,291,0,353,236,0,236,589
10/10/2000,BED,MA,ANE,EN,Towers with Display (VFR),0,45,114,4,163,0,7,215,7,229,0,52,329,11,392,244,0,244,636
10/11/2000,BED,MA,ANE,EN,Towers with Display (VFR),0,35,87,3,125,0,8,207,0,215,0,43,294,3,340,142,0,142,482
10/12/2000,BED,MA,ANE,EN,Towers with Display (VFR),0,38,95,4,137,0,16,406,3,425,0,54,501,7,562,272,0,272,834
10/13/2000,BED,MA,ANE,EN,Towers with Display (VFR),1,46,111,5,163,1,2,465,3,471,2,48,576,8,634,260,0,260,894
10/14/2000,BED,MA,ANE,EN,Towers with Display (VFR),1,19,50,0,70,1,0,557,0,558,2,19,607,0,628,382,0,382,1010
10/15/2000,BED,MA,ANE,EN,Towers with Display (VFR),0,34,84,3,121,0,0,495,6,501,0,34,579,9,622,328,0,328,950
10/16/2000,BED,MA,ANE,EN,Towers with Display (VFR),0,43,123,4,170,0,0,68,0,68,0,43,191,4,238,96,0,96,334
10/17/2000,BED,MA,ANE,EN,Towers with Display (VFR),1,48,144,5,198,0,0,80,4,84,1,48,224,9,282,78,0,78,360
10/18/2000,BED,MA,ANE,EN,Towers with Display (VFR),1,49,130,5,185,0,0,0,17,17,1,49,130,22,202,0,0,0,202
10/19/2000,BED,MA,ANE,EN,Towers with Display (VFR),1,44,105,4,154,0,19,339,7,365,1,63,444,11,519,178,0,178,697
10/20/2000,BED,MA,ANE,EN,Towers with Display (VFR),0,35,84,4,123,3,19,385,21,428,3,54,469,25,551,280,0,280,831
10/21/2000,BED,MA,ANE,EN,Towers with Display (VFR),0,23,54,3,80,2,13,465,4,484,2,36,519,7,564,438,0,438,1002
10/22/2000,BED,MA,ANE,EN,Towers with Display (VFR),0,34,80,3,117,0,8,401,0,409,0,42,481,3,526,298,0,298,824
10/23/2000,BED,MA,ANE,EN,Towers with Display (VFR),0,34,80,0,114,0,14,365,0,379,0,48,445,0,493,314,0,314,807
10/24/2000,BED,MA,ANE,EN,Towers with Display (VFR),0,37,88,0,125,0,15,346,0,361,0,52,434,0,486,204,0,204,690
10/25/2000,BED,MA,ANE,EN,Towers with Display (VFR),0,36,87,0,123,1,5,347,0,353,1,41,434,0,476,186,0,186,662
10/26/2000,BED,MA,ANE,EN,Towers with Display (VFR),0,41,99,3,143,0,7,311,0,318,0,48,410,3,461,176,0,176,637
10/27/2000,BED,MA,ANE,EN,Towers with Display (VFR),1,50,121,4,176,1,17,258,5,281,2,67,379,9,457,168,0,168,625
10/28/2000,BED,MA,ANE,EN,Towers with Display (VFR),0,19,44,0,63,2,7,58,0,67,2,26,102,0,130,20,0,20,150
10/29/2000,BED,MA,ANE,EN,Towers with Display (VFR),0,33,81,3,117,0,3,117,2,122,0,36,198,5,239,100,0,100,339
10/30/2000,BED,MA,ANE,EN,Towers with Display (VFR),0,34,82,3,119,0,22,41,0,63,0,56,123,3,182,42,0,42,224
10/31/2000,BED,MA,ANE,EN,Towers with Display (VFR),0,41,93,0,134,0,10,0,0,10,0,51,93,0,144,0,0,0,144
11/01/2000,BED,MA,ANE,EN,Towers with Display (VFR),0,55,105,1,161,0,0,209,0,209,0,55,314,1,370,128,0,128,498
11/02/2000,BED,MA,ANE,EN,Towers with Display (VFR),0,46,87,1,134,0,12,360,0,372,0,58,447,1,506,238,0,238,744
11/03/2000,BED,MA,ANE,EN,Towers with Display (VFR),1,61,115,3,180,1,24,479,19,523,2,85,594,22,703,298,0,298,1001
11/04/2000,BED,MA,ANE,EN,Towers with Display (VFR),1,28,60,1,90,2,0,454,1,457,3,28,514,2,547,374,0,374,921
11/05/2000,BED,MA,ANE,EN,Towers with Display (VFR),0,34,92,2,128,0,0,58,2,60,0,34,150,4,188,94,0,94,282
11/06/2000,BED,MA,ANE,EN,Towers with Display (VFR),1,43,82,0,126,1,16,174,0,191,2,59,256,0,317,146,0,146,463
11/07/2000,BED,MA,ANE,EN,Towers with Display (VFR),0,46,87,0,133,0,18,348,0,366,0,64,435,0,499,236,0,236,735
11/08/2000,BED,MA,ANE,EN,Towers with Display (VFR),0,62,120,2,184,0,0,213,2,215,0,62,333,4,399,296,0,296,695
11/09/2000,BED,MA,ANE,EN,Towers with Display (VFR),0,56,124,0,180,0,0,26,0,26,0,56,150,0,206,24,0,24,230
11/10/2000,BED,MA,ANE,EN,Towers with Display (VFR),1,52,96,0,149,2,5,0,0,7,3,57,96,0,156,0,0,0,156
11/11/2000,BED,MA,ANE,EN,Towers with Display (VFR),0,23,82,0,105,0,0,32,0,32,0,23,114,0,137,0,0,0,137
11/12/2000,BED,MA,ANE,EN,Towers with Display (VFR),0,44,83,0,127,0,5,446,0,451,0,49,529,0,578,268,0,268,846
11/13/2000,BED,MA,ANE,EN,Towers with Display (VFR),0,54,118,2,174,0,0,161,0,161,0,54,279,2,335,208,0,208,543
11/14/2000,BED,MA,ANE,EN,Towers with Display (VFR),0,63,116,0,179,0,6,0,0,6,0,69,116,0,185,0,0,0,185
11/15/2000,BED,MA,ANE,EN,Towers with Display (VFR),0,53,97,2,152,0,7,209,1,217,0,60,306,3,369,138,0,138,507
11/16/2000,BED,MA,ANE,EN,Towers with Display (VFR),0,55,101,0,156,0,16,304,0,320,0,71,405,0,476,238,0,238,714
11/17/2000,BED,MA,ANE,EN,Towers with Display (VFR),1,55,106,2,164,0,0,322,2,324,1,55,428,4,488,232,0,232,720
11/18/2000,BED,MA,ANE,EN,Towers with Display (VFR),0,29,53,1,83,0,7,311,1,319,0,36,364,2,402,306,0,306,708
11/19/2000,BED,MA,ANE,EN,Towers with Display (VFR),0,38,69,2,109,0,16,452,0,468,0,54,521,2,577,340,0,340,917
11/20/2000,BED,MA,ANE,EN,Towers with Display (VFR),0,47,86,2,135,2,16,257,3,278,2,63,343,5,413,296,0,296,709
11/21/2000,BED,MA,ANE,EN,Towers with Display (VFR),0,56,113,0,169,2,0,219,0,221,2,56,332,0,390,140,0,140,530
11/22/2000,BED,MA,ANE,EN,Towers with Display (VFR),0,74,138,1,213,0,18,307,0,325,0,92,445,1,538,240,0,240,778
11/23/2000,BED,MA,ANE,EN,Towers with Display (VFR),0,18,33,0,51,2,17,70,0,89,2,35,103,0,140,20,0,20,160
11/24/2000,BED,MA,ANE,EN,Towers with Display (VFR),0,25,46,0,71,2,23,360,0,385,2,48,406,0,456,234,0,234,690
11/25/2000,BED,MA,ANE,EN,Towers with Display (VFR),0,29,53,0,82,0,25,372,0,397,0,54,425,0,479,266,0,266,745
11/26/2000,BED,MA,ANE,EN,Towers with Display (VFR),0,49,104,0,153,1,0,16,0,17,1,49,120,0,170,4,0,4,174
11/27/2000,BED,MA,ANE,EN,Towers with Display (VFR),1,65,126,3,195,0,0,123,7,130,1,65,249,10,325,210,0,210,535
11/28/2000,BED,MA,ANE,EN,Towers with Display (VFR),0,55,102,1,158,1,33,256,0,290,1,88,358,1,448,316,0,316,764
11/29/2000,BED,MA,ANE,EN,Towers with Display (VFR),0,57,106,3,166,0,21,367,4,392,0,78,473,7,558,216,0,216,774
11/30/2000,BED,MA,ANE,EN,Towers with Display (VFR),0,49,90,2,141,2,23,42,3,70,2,72,132,5,211,20,0,20,231
12/01/2000,BED,MA,ANE,EN,Towers with Display (VFR),1,57,90,2,150,0,10,286,9,305,1,67,376,11,455,230,0,230,685
12/02/2000,BED,MA,ANE,EN,Towers with Display (VFR),1,27,42,0,70,1,6,333,4,344,2,33,375,4,414,264,0,264,678
12/03/2000,BED,MA,ANE,EN,Towers with Display (VFR),1,40,64,1,106,2,1,377,2,382,3,41,441,3,488,176,0,176,664
12/04/2000,BED,MA,ANE,EN,Towers with Display (VFR),1,51,80,1,133,0,13,328,0,341,1,64,408,1,474,210,0,210,684
12/05/2000,BED,MA,ANE,EN,Towers with Display (VFR),0,50,78,1,129,0,3,225,0,228,0,53,303,1,357,210,0,210,567
12/06/2000,BED,MA,ANE,EN,Towers with Display (VFR),0,46,72,1,119,0,5,176,7,188,0,51,248,8,307,126,0,126,433
12/07/2000,BED,MA,ANE,EN,Towers with Display (VFR),1,54,84,2,141,1,24,237,0,262,2,78,321,2,403,240,0,240,643
12/08/2000,BED,MA,ANE,EN,Towers with Display (VFR),0,61,111,1,173,0,0,31,0,31,0,61,142,1,204,36,0,36,240
12/09/2000,BED,MA,ANE,EN,Towers with Display (VFR),0,31,54,1,86,0,0,315,0,315,0,31,369,1,401,268,0,268,669
12/10/2000,BED,MA,ANE,EN,Towers with Display (VFR),0,33,52,0,85,0,17,300,0,317,0,50,352,0,402,280,0,280,682
12/11/2000,BED,MA,ANE,EN,Towers with Display (VFR),0,46,90,0,136,0,0,65,0,65,0,46,155,0,201,34,0,34,235
12/12/2000,BED,MA,ANE,EN,Towers with Display (VFR),0,50,78,0,128,0,10,12,0,22,0,60,90,0,150,18,0,18,168
12/13/2000,BED,MA,ANE,EN,Towers with Display (VFR),0,61,96,2,159,0,19,338,2,359,0,80,434,4,518,270,0,270,788
12/14/2000,BED,MA,ANE,EN,Towers with Display (VFR),0,49,69,0,118,0,12,0,0,12,0,61,69,0,130,0,0,0,130
12/15/2000,BED,MA,ANE,EN,Towers with Display (VFR),1,55,86,1,143,1,3,280,3,287,2,58,366,4,430,242,0,242,672
12/16/2000,BED,MA,ANE,EN,Towers with Display (VFR),0,27,44,0,71,0,0,141,2,143,0,27,185,2,214,360,0,360,574
12/17/2000,BED,MA,ANE,EN,Towers with Display (VFR),0,11,15,0,26,0,2,0,0,2,0,13,15,0,28,0,0,0,28
12/18/2000,BED,MA,ANE,EN,Towers with Display (VFR),0,46,69,2,117,3,11,98,1,113,3,57,167,3,230,120,0,120,350
12/19/2000,BED,MA,ANE,EN,Towers with Display (VFR),0,53,80,2,135,0,10,300,2,312,0,63,380,4,447,244,0,244,691
12/20/2000,BED,MA,ANE,EN,Towers with Display (VFR),1,59,136,3,199,1,0,22,1,24,2,59,158,4,223,24,0,24,247
12/21/2000,BED,MA,ANE,EN,Towers with Display (VFR),0,50,75,0,125,0,7,254,0,261,0,57,329,0,386,254,0,254,640
12/22/2000,BED,MA,ANE,EN,Towers with Display (VFR),0,38,57,0,95,0,2,1,0,3,0,40,58,0,98,0,0,0,98
12/23/2000,BED,MA,ANE,EN,Towers with Display (VFR),0,26,38,0,64,0,13,257,0,270,0,39,295,0,334,206,0,206,540
12/24/2000,BED,MA,ANE,EN,Towers with Display (VFR),0,20,29,0,49,0,11,163,0,174,0,31,192,0,223,244,0,244,467
12/25/2000,BED,MA,ANE,EN,Towers with Display (VFR),0,14,13,0,27,1,22,0,0,23,1,36,13,0,50,0,0,0,50
12/26/2000,BED,MA,ANE,EN,Towers with Display (VFR),0,40,60,0,100,2,10,53,0,65,2,50,113,0,165,10,0,10,175
12/27/2000,BED,MA,ANE,EN,Towers with Display (VFR),0,37,56,1,94,0,20,200,0,220,0,57,256,1,314,102,0,102,416
12/28/2000,BED,MA,ANE,EN,Towers with Display (VFR),0,26,40,0,66,0,13,166,0,179,0,39,206,0,245,252,0,252,497
12/29/2000,BED,MA,ANE,EN,Towers with Display (VFR),0,36,55,0,91,0,19,356,0,375,0,55,411,0,466,310,0,310,776
12/30/2000,BED,MA,ANE,EN,Towers with Display (VFR),0,7,12,0,19,0,0,12,0,12,0,7,24,0,31,42,0,42,73
12/31/2000,BED,MA,ANE,EN,Towers with Display (VFR),0,12,14,0,26,1,20,0,0,21,1,32,14,0,47,54,0,54,101
01/01/2001,BED,MA,ANE,EN,Towers with Display (VFR),1,27,46,0,74,1,11,100,0,112,2,38,146,0,186,16,0,16,202
01/02/2001,BED,MA,ANE,EN,Towers with Display (VFR),1,41,68,0,110,0,25,197,0,222,1,66,265,0,332,286,0,286,618
01/03/2001,BED,MA,ANE,EN,Towers with Display (VFR),0,39,65,1,105,0,7,285,0,292,0,46,350,1,397,272,0,272,669
01/04/2001,BED,MA,ANE,EN,Towers with Display (VFR),0,50,82,2,134,0,9,209,3,221,0,59,291,5,355,176,0,176,531
01/05/2001,BED,MA,ANE,EN,Towers with Display (VFR),0,51,85,2,138,0,11,151,4,166,0,62,236,6,304,122,0,122,426
01/06/2001,BED,MA,ANE,EN,Towers with Display (VFR),0,22,39,0,61,0,10,1,0,11,0,32,40,0,72,0,0,0,72
01/07/2001,BED,MA,ANE,EN,Towers with Display (VFR),0,39,65,1,105,0,0,336,8,344,0,39,401,9,449,230,0,230,679
01/08/2001,BED,MA,ANE,EN,Towers with Display (VFR),0,40,66,1,107,0,2,147,3,152,0,42,213,4,259,240,0,240,499
01/09/2001,BED,MA,ANE,EN,Towers with Display (VFR),1,52,97,3,153,0,0,43,1,44,1,52,140,4,197,4,0,4,201
01/10/2001,BED,MA,ANE,EN,Towers with Display (VFR),0,45,73,0,118,0,9,148,0,157,0,54,221,0,275,64,0,64,339
01/11/2001,BED,MA,ANE,EN,Towers with Display (VFR),1,53,85,0,139,0,14,217,0,231,1,67,302,0,370,236,0,236,606
01/12/2001,BED,MA,ANE,EN,Towers with Display (VFR),0,45,72,2,119,0,27,314,3,344,0,72,386,5,463,262,0,262,725
01/13/2001,BED,MA,ANE,EN,Towers with Display (VFR),0,28,45,1,74,0,13,438,2,453,0,41,483,3,527,248,0,248,775
01/14/2001,BED,MA,ANE,EN,Towers with Display (VFR),1,41,66,1,109,0,0,378,1,379,1,41,444,2,488,344,0,344,832
01/15/2001,BED,MA,ANE,EN,Towers with Display (VFR),1,26,58,0,85,1,0,11,0,12,2,26,69,0,97,0,0,0,97
01/16/2001,BED,MA,ANE,EN,Towers with Display (VFR),0,56,90,1,147,0,8,81,0,89,0,64,171,1,236,66,0,66,302
01/17/2001,BED,MA,ANE,EN,Towers with Display (VFR),0,60,95,2,157,0,12,215,8,235,0,72,310,10,392,116,0,116,508
01/18/2001,BED,MA,ANE,EN,Towers with Display (VFR),0,47,74,2,123,0,9,280,0,289,0,56,354,2,412,220,0,220,632
01/19/2001,BED,MA,ANE,EN,Towers with Display (VFR),0,52,73,3,128,0,9,0,2,11,0,61,73,5,139,0,0,0,139
01/20/2001,BED,MA,ANE,EN,Towers with Display (VFR),0,22,35,0,57,0,4,9,0,13,0,26,44,0,70,14,0,14,84
01/21/2001,BED,MA,ANE,EN,Towers with Display (VFR),0,34,55,2,91,1,1,7,2,11,1,35,62,4,102,6,0,6,108
01/22/2001,BED,MA,ANE,EN,Towers with Display (VFR),0,50,79,0,129,2,7,229,0,238,2,57,308,0,367,212,0,212,579
01/23/2001,BED,MA,ANE,EN,Towers with Display (VFR),0,54,86,3,143,1,19,235,1,256,1,73,321,4,399,206,0,206,605
01/24/2001,BED,MA,ANE,EN,Towers with Display (VFR),0,52,93,3,148,0,0,300,1,301,0,52,393,4,449,344,0,344,793
01/25/2001,BED,MA,ANE,EN,Towers with Display (VFR),0,57,91,0,148,0,1,222,0,223,0,58,313,0,371,316,0,316,687
01/26/2001,BED,MA,ANE,EN,Towers with Display (VFR),0,46,74,1,121,1,8,253,0,262,1,54,327,1,383,274,0,274,657
01/27/2001,BED,MA,ANE,EN,Towers with Display (VFR),0,27,42,0,69,1,6,209,0,216,1,33,251,0,285,402,0,402,687
01/28/2001,BED,MA,ANE,EN,Towers with Display (VFR),0,35,56,0,91,0,14,252,0,266,0,49,308,0,357,296,0,296,653
01/29/2001,BED,MA,ANE,EN,Towers with Display (VFR),0,56,90,2,148,2,16,248,6,272,2,72,338,8,420,266,0,266,686
01/30/2001,BED,MA,ANE,EN,Towers with Display (VFR),0,52,85,0,137,1,11,3,0,15,1,63,88,0,152,10,0,10,162
01/31/2001,BED,MA,ANE,EN,Towers with Display (VFR),0,60,103,1,164,1,0,103,0,104,1,60,206,1,268,122,0,122,390
02/01/2001,BED,MA,ANE,EN,Towers with Display (VFR),0,53,92,2,147,0,18,191,0,209,0,71,283,2,356,178,0,178,534
02/02/2001,BED,MA,ANE,EN,Towers with Display (VFR),0,58,105,3,166,0,0,156,1,157,0,58,261,4,323,274,0,274,597
02/03/2001,BED,MA,ANE,EN,Towers with Display (VFR),0,22,40,1,63,0,18,279,1,298,0,40,319,2,361,220,0,220,581
02/04/2001,BED,MA,ANE,EN,Towers with Display (VFR),1,33,58,0,92,1,5,318,0,324,2,38,376,0,416,346,0,346,762
02/05/2001,BED,MA,ANE,EN,Towers with Display (VFR),0,28,56,1,85,0,0,37,4,41,0,28,93,5,126,44,0,44,170
02/06/2001,BED,MA,ANE,EN,Towers with Display (VFR),1,52,100,0,153,4,0,86,0,90,5,52,186,0,243,8,0,8,251
02/07/2001,BED,MA,ANE,EN,Towers with Display (VFR),0,50,88,0,138,0,0,237,0,237,0,50,325,0,375,180,0,180,555
02/08/2001,BED,MA,ANE,EN,Towers with Display (VFR),1,53,93,2,149,1,0,136,0,137,2,53,229,2,286,140,0,140,426
02/09/2001,BED,MA,ANE,EN,Towers with Display (VFR),0,58,108,3,169,0,0,10,0,10,0,58,118,3,179,0,0,0,179
02/10/2001,BED,MA,ANE,EN,Towers with Display (VFR),0,15,24,0,39,0,4,5,0,9,0,19,29,0,48,0,0,0,48
02/11/2001,BED,MA,ANE,EN,Towers with Display (VFR),1,26,55,1,83,0,0,91,1,92,1,26,146,2,175,24,0,24,199
02/12/2001,BED,MA,ANE,EN,Towers with Display (VFR),1,51,86,2,140,0,14,287,0,301,1,65,373,2,441,179,0,179,620
02/13/2001,BED,MA,ANE,EN,Towers with Display (VFR),0,63,105,0,168,0,11,270,0,281,0,74,375,0,449,280,0,280,729
02/14/2001,BED,MA,ANE,EN,Towers with Display (VFR),1,46,78,2,127,1,17,85,5,108,2,63,163,7,235,84,0,84,319
02/15/2001,BED,MA,ANE,EN,Towers with Display (VFR),0,66,118,2,186,0,0,196,0,196,0,66,314,2,382,152,0,152,534
02/16/2001,BED,MA,ANE,EN,Towers with Display (VFR),0,65,110,1,176,0,4,165,0,169,0,69,275,1,345,196,0,196,541
02/17/2001,BED,MA,ANE,EN,Towers with Display (VFR),0,24,41,0,65,0,13,76,0,89,0,37,117,0,154,64,0,64,218
02/18/2001,BED,MA,ANE,EN,Towers with Display (VFR),0,26,43,1,70,0,0,300,2,302,0,26,343,3,372,282,0,282,654
02/19/2001,BED,MA,ANE,EN,Towers with Display (VFR),0,43,71,3,117,0,6,251,2,259,0,49,322,5,376,204,0,204,580
02/20/2001,BED,MA,ANE,EN,Towers with Display (VFR),0,43,72,3,118,2,21,168,1,192,2,64,240,4,310,272,0,272,582
02/21/2001,BED,MA,ANE,EN,Towers with Display (VFR),0,41,68,3,112,2,20,88,3,113,2,61,156,6,225,32,0,32,257
02/22/2001,BED,MA,ANE,EN,Towers with Display (VFR),0,50,84,0,134,0,18,231,0,249,0,68,315,0,383,304,0,304,687
02/23/2001,BED,MA,ANE,EN,Towers with Display (VFR),0,54,91,4,149,0,2,165,6,173,0,56,256,10,322,168,0,168,490
02/24/2001,BED,MA,ANE,EN,Towers with Display (VFR),0,27,55,1,83,0,0,354,2,356,0,27,409,3,439,281,0,281,720
02/25/2001,BED,MA,ANE,EN,Towers with Display (VFR),0,30,48,1,79,1,2,0,1,4,1,32,48,2,83,0,0,0,83
02/26/2001,BED,MA,ANE,EN,Towers with Display (VFR),0,45,76,1,122,0,13,131,0,144,0,58,207,1,266,80,0,80,346
02/27/2001,BED,MA,ANE,EN,Towers with Display (VFR),0,59,100,2,161,0,12,204,0,216,0,71,304,2,377,218,0,218,595
02/28/2001,BED,MA,ANE,EN,Towers with Display (VFR),0,51,86,0,137,1,20,267,0,288,1,71,353,0,425,246,0,246,671
03/01/2001,BED,MA,ANE,EN,Towers with Display (VFR),0,54,104,1,159,0,0,215,0,215,0,54,319,1,374,250,0,250,624
03/02/2001,BED,MA,ANE,EN,Towers with Display (VFR),0,62,110,3,175,0,3,8,2,13,0,65,118,5,188,20,0,20,208
03/03/2001,BED,MA,ANE,EN,Towers with Display (VFR),0,22,45,1,68,0,0,138,1,139,0,22,183,2,207,258,0,258,465
03/04/2001,BED,MA,ANE,EN,Towers with Display (VFR),1,46,89,1,137,1,0,240,0,241,2,46,329,1,378,324,0,324,702
03/05/2001,BED,MA,ANE,EN,Towers with Display (VFR),0,5,8,0,13,0,3,0,0,3,0,8,8,0,16,0,0,0,16
03/06/2001,BED,MA,ANE,EN,Towers with Display (VFR),0,6,12,0,18,0,1,0,0,1,0,7,12,0,19,0,0,0,19
03/07/2001,BED,MA,ANE,EN,Towers with Display (VFR),0,43,77,2,122,0,19,65,0,84,0,62,142,2,206,0,0,0,206
03/08/2001,BED,MA,ANE,EN,Towers with Display (VFR),0,45,80,0,125,0,17,212,0,229,0,62,292,0,354,236,0,236,590
03/09/2001,BED,MA,ANE,EN,Towers with Display (VFR),0,58,101,2,161,0,3,66,4,73,0,61,167,6,234,90,0,90,324
03/10/2001,BED,MA,ANE,EN,Towers with Display (VFR),0,17,32,0,49,0,7,45,0,52,0,24,77,0,101,32,0,32,133
03/11/2001,BED,MA,ANE,EN,Towers with Display (VFR),1,39,78,2,120,1,0,351,0,352,2,39,429,2,472,210,0,210,682
03/12/2001,BED,MA,ANE,EN,Towers with Display (VFR),0,49,84,0,133,0,31,291,0,322,0,80,375,0,455,308,0,308,763
03/13/2001,BED,MA,ANE,EN,Towers with Display (VFR),0,51,97,0,148,0,0,9,0,9,0,51,106,0,157,0,0,0,157
03/14/2001,BED,MA,ANE,EN,Towers with Display (VFR),0,56,96,2,154,0,13,154,0,167,0,69,250,2,321,174,0,174,495
03/15/2001,BED,MA,ANE,EN,Towers with Display (VFR),0,56,96,3,155,0,7,280,4,291,0,63,376,7,446,176,0,176,622
03/16/2001,BED,MA,ANE,EN,Towers with Display (VFR),1,52,88,2,143,1,18,330,0,349,2,70,418,2,492,270,0,270,762
03/17/2001,BED,MA,ANE,EN,Towers with Display (VFR),0,21,36,0,57,0,16,472,0,488,0,37,508,0,545,374,0,374,919
03/18/2001,BED,MA,ANE,EN,Towers with Display (VFR),0,33,57,2,92,0,8,223,0,231,0,41,280,2,323,266,0,266,589
03/19/2001,BED,MA,ANE,EN,Towers with Display (VFR),0,42,72,3,117,0,25,281,0,306,0,67,353,3,423,220,0,220,643
03/20/2001,BED,MA,ANE,EN,Towers with Display (VFR),0,48,82,2,132,0,29,341,0,370,0,77,423,2,502,186,0,186,688
03/21/2001,BED,MA,ANE,EN,Towers with Display (VFR),0,49,84,0,133,2,1,159,0,162,2,50,243,0,295,292,0,292,587
03/22/2001,BED,MA,ANE,EN,Towers with Display (VFR),0,35,43,2,80,0,15,0,0,15,0,50,43,2,95,0,0,0,95
03/23/2001,BED,MA,ANE,EN,Towers with Display (VFR),0,53,91,3,147,1,7,70,3,81,1,60,161,6,228,70,0,70,298
03/24/2001,BED,MA,ANE,EN,Towers with Display (VFR),0,26,44,2,72,1,6,205,2,214,1,32,249,4,286,226,0,226,512
03/25/2001,BED,MA,ANE,EN,Towers with Display (VFR),0,37,63,3,103,1,11,333,3,348,1,48,396,6,451,398,0,398,849
03/26/2001,BED,MA,ANE,EN,Towers with Display (VFR),0,43,85,3,131,1,0,153,2,156,1,43,238,5,287,194,0,194,481
03/27/2001,BED,MA,ANE,EN,Towers with Display (VFR),0,54,92,2,148,1,5,251,11,268,1,59,343,13,416,254,0,254,670
03/28/2001,BED,MA,ANE,EN,Towers with Display (VFR),0,48,83,0,131,0,6,393,0,399,0,54,476,0,530,300,0,300,830
03/29/2001,BED,MA,ANE,EN,Towers with Display (VFR),0,54,94,0,148,0,12,280,0,292,0,66,374,0,440,308,0,308,748
03/30/2001,BED,MA,ANE,EN,Towers with Display (VFR),0,44,72,0,116,2,4,0,0,6,2,48,72,0,122,0,0,0,122
03/31/2001,BED,MA,ANE,EN,Towers with Display (VFR),0,30,52,0,82,1,8,218,0,227,1,38,270,0,309,360,0,360,669
04/01/2001,BED,MA,ANE,EN,Towers with Display (VFR),0,34,74,0,108,0,7,195,0,202,0,41,269,0,310,427,0,427,737
04/02/2001,BED,MA,ANE,EN,Towers with Display (VFR),0,43,90,0,133,0,38,183,0,221,0,81,273,0,354,268,0,268,622
04/03/2001,BED,MA,ANE,EN,Towers with Display (VFR),1,47,99,2,149,1,18,257,0,276,2,65,356,2,425,346,0,346,771
04/04/2001,BED,MA,ANE,EN,Towers with Display (VFR),0,45,96,2,143,0,15,304,0,319,0,60,400,2,462,302,0,302,764
04/05/2001,BED,MA,ANE,EN,Towers with Display (VFR),1,43,91,4,139,0,15,344,3,362,1,58,435,7,501,254,0,254,755
04/06/2001,BED,MA,ANE,EN,Towers with Display (VFR),1,59,123,5,188,0,1,191,3,195,1,60,314,8,383,183,0,183,566
04/07/2001,BED,MA,ANE,EN,Towers with Display (VFR),1,29,61,2,93,0,8,260,2,270,1,37,321,4,363,358,0,358,721
04/08/2001,BED,MA,ANE,EN,Towers with Display (VFR),1,36,76,3,116,0,1,0,2,3,1,37,76,5,119,16,0,16,135
04/09/2001,BED,MA,ANE,EN,Towers with Display (VFR),1,45,96,4,146,0,7,244,2,253,1,52,340,6,399,322,0,322,721
04/10/2001,BED,MA,ANE,EN,Towers with Display (VFR),1,44,93,0,138,0,17,280,0,297,1,61,373,0,435,360,0,360,795
04/11/2001,BED,MA,ANE,EN,Towers with Display (VFR),1,41,87,4,133,0,21,311,3,335,1,62,398,7,468,386,0,386,854
04/12/2001,BED,MA,ANE,EN,Towers with Display (VFR),1,60,121,5,187,2,1,0,1,4,3,61,121,6,191,0,0,0,191
04/13/2001,BED,MA,ANE,EN,Towers with Display (VFR),0,53,115,4,172,0,0,165,7,172,0,53,280,11,344,104,0,104,448
04/14/2001,BED,MA,ANE,EN,Towers with Display (VFR),0,21,45,2,68,0,10,262,1,273,0,31,307,3,341,160,0,160,501
04/15/2001,BED,MA,ANE,EN,Towers with Display (VFR),0,30,61,2,93,0,16,283,0,299,0,46,344,2,392,164,0,164,556
04/16/2001,BED,MA,ANE,EN,Towers with Display (VFR),1,43,87,2,133,1,7,280,0,288,2,50,367,2,421,358,0,358,779
04/17/2001,BED,MA,ANE,EN,Towers with Display (VFR),1,47,96,0,144,0,27,197,0,224,1,74,293,0,368,292,0,292,660
04/18/2001,BED,MA,ANE,EN,Towers with Display (VFR),0,40,82,0,122,0,13,56,0,69,0,53,138,0,191,16,0,16,207
04/19/2001,BED,MA,ANE,EN,Towers with Display (VFR),0,52,107,4,163,0,0,415,0,415,0,52,522,4,578,276,0,276,854
04/20/2001,BED,MA,ANE,EN,Towers with Display (VFR),0,47,95,4,146,0,3,409,4,416,0,50,504,8,562,362,0,362,924
04/21/2001,BED,MA,ANE,EN,Towers with Display (VFR),0,31,63,4,98,0,7,344,7,358,0,38,407,11,456,300,0,300,756
04/22/2001,BED,MA,ANE,EN,Towers with Display (VFR),0,34,71,4,109,0,8,255,4,267,0,42,326,8,376,168,0,168,544
04/23/2001,BED,MA,ANE,EN,Towers with Display (VFR),0,47,90,1,138,0,14,291,0,305,0,61,381,1,443,322,0,322,765
04/24/2001,BED,MA,ANE,EN,Towers with Display (VFR),0,45,91,4,140,1,30,202,2,235,1,75,293,6,375,124,0,124,499
04/25/2001,BED,MA,ANE,EN,Towers with Display (VFR),0,49,99,5,153,0,14,267,0,281,0,63,366,5,434,274,0,274,708
04/26/2001,BED,MA,ANE,EN,Towers with Display (VFR),0,56,114,5,175,2,5,337,3,347,2,61,451,8,522,252,0,252,774
04/27/2001,BED,MA,ANE,EN,Towers with Display (VFR),0,65,132,6,203,2,2,366,6,376,2,67,498,12,579,252,0,252,831
04/28/2001,BED,MA,ANE,EN,Towers with Display (VFR),0,23,46,2,71,0,9,254,0,263,0,32,300,2,334,162,0,162,496
04/29/2001,BED,MA,ANE,EN,Towers with Display (VFR),0,35,71,4,110,0,11,560,1,572,0,46,631,5,682,300,0,300,982
04/30/2001,BED,MA,ANE,EN,Towers with Display (VFR),0,37,76,0,113,0,20,317,0,337,0,57,393,0,450,294,0,294,744
05/01/2001,BED,MA,ANE,EN,Towers with Display (VFR),1,36,88,2,127,0,35,322,0,357,1,71,410,2,484,380,0,380,864
05/02/2001,BED,MA,ANE,EN,Towers with Display (VFR),1,40,95,4,140,0,11,361,5,377,1,51,456,9,517,278,0,278,795
05/03/2001,BED,MA,ANE,EN,Towers with Display (VFR),0,38,91,4,133,0,20,271,6,297,0,58,362,10,430,238,0,238,668
05/04/2001,BED,MA,ANE,EN,Towers with Display (VFR),0,48,111,6,165,0,8,270,6,284,0,56,381,12,449,288,0,288,737
05/05/2001,BED,MA,ANE,EN,Towers with Display (VFR),0,22,51,3,76,0,8,290,8,306,0,30,341,11,382,440,0,440,822
05/06/2001,BED,MA,ANE,EN,Towers with Display (VFR),0,26,63,4,93,0,16,354,8,378,0,42,417,12,471,284,0,284,755
05/07/2001,BED,MA,ANE,EN,Towers with Display (VFR),0,38,89,4,131,0,25,297,0,322,0,63,386,4,453,324,0,324,777
05/08/2001,BED,MA,ANE,EN,Towers with Display (VFR),0,38,90,2,130,0,26,368,0,394,0,64,458,2,524,316,0,316,840
05/09/2001,BED,MA,ANE,EN,Towers with Display (VFR),0,48,111,4,163,0,16,398,0,414,0,64,509,4,577,390,0,390,967
05/10/2001,BED,MA,ANE,EN,Towers with Display (VFR),0,41,95,5,141,0,12,298,1,311,0,53,393,6,452,242,0,242,694
05/11/2001,BED,MA,ANE,EN,Towers with Display (VFR),0,45,105,6,156,0,10,401,0,411,0,55,506,6,567,232,0,232,799
05/12/2001,BED,MA,ANE,EN,Towers with Display (VFR),0,26,60,1,87,0,9,298,0,307,0,35,358,1,394,182,0,182,576
05/13/2001,BED,MA,ANE,EN,Towers with Display (VFR),0,28,67,4,99,0,5,315,2,322,0,33,382,6,421,240,0,240,661
05/14/2001,BED,MA,ANE,EN,Towers with Display (VFR),0,40,92,5,137,0,3,290,3,296,0,43,382,8,433,134,0,134,567
05/15/2001,BED,MA,ANE,EN,Towers with Display (VFR),0,39,90,4,133,0,27,232,0,259,0,66,322,4,392,298,0,298,690
05/16/2001,BED,MA,ANE,EN,Towers with Display (VFR),0,54,134,6,194,0,0,19,0,19,0,54,153,6,213,28,0,28,241
05/17/2001,BED,MA,ANE,EN,Towers with Display (VFR),0,53,126,7,186,1,6,316,6,329,1,59,442,13,515,380,0,380,895
05/18/2001,BED,MA,ANE,EN,Towers with Display (VFR),0,62,146,8,216,0,2,297,11,310,0,64,443,19,526,320,0,320,846
05/19/2001,BED,MA,ANE,EN,Towers with Display (VFR),0,28,68,3,99,0,1,252,0,253,0,29,320,3,352,306,0,306,658
05/20/2001,BED,MA,ANE,EN,Towers with Display (VFR),0,39,92,4,135,0,5,326,4,335,0,44,418,8,470,348,0,348,818
05/21/2001,BED,MA,ANE,EN,Towers with Display (VFR),0,45,108,3,156,0,0,290,0,290,0,45,398,3,446,268,0,268,714
05/22/2001,BED,MA,ANE,EN,Towers with Display (VFR),0,45,121,3,169,0,0,9,0,9,0,45,130,3,178,0,0,0,178
05/23/2001,BED,MA,ANE,EN,Towers with Display (VFR),0,57,141,4,202,0,0,197,0,197,0,57,338,4,399,230,0,230,629
05/24/2001,BED,MA,ANE,EN,Towers with Display (VFR),0,51,118,5,174,0,18,200,2,220,0,69,318,7,394,378,0,378,772
05/25/2001,BED,MA,ANE,EN,Towers with Display (VFR),0,47,111,3,161,0,25,349,0,374,0,72,460,3,535,290,2,292,827
05/26/2001,BED,MA,ANE,EN,Towers with Display (VFR),0,22,53,0,75,0,13,279,0,292,0,35,332,0,367,394,0,394,761
05/27/2001,BED,MA,ANE,EN,Towers with Display (VFR),0,14,35,0,49,0,0,2,0,2,0,14,37,0,51,0,0,0,51
05/28/2001,BED,MA,ANE,EN,Towers with Display (VFR),0,46,108,1,155,0,4,50,0,54,0,50,158,1,209,48,0,48,257
05/29/2001,BED,MA,ANE,EN,Towers with Display (VFR),0,39,91,0,130,1,18,301,0,320,1,57,392,0,450,334,0,334,784
05/30/2001,BED,MA,ANE,EN,Towers with Display (VFR),0,35,82,4,121,0,16,271,0,287,0,51,353,4,408,234,0,234,642
05/31/2001,BED,MA,ANE,EN,Towers with Display (VFR),0,41,95,0,136,0,12,282,0,294,0,53,377,0,430,150,0,150,580
06/01/2001,BED,MA,ANE,EN,Towers with Display (VFR),0,43,134,3,180,0,10,467,10,487,0,53,601,13,667,310,0,310,977
06/02/2001,BED,MA,ANE,EN,Towers with Display (VFR),0,20,56,1,77,0,2,0,6,8,0,22,56,7,85,0,0,0,85
06/03/2001,BED,MA,ANE,EN,Towers with Display (VFR),0,34,121,3,158,0,0,1,4,5,0,34,122,7,163,0,0,0,163
06/04/2001,BED,MA,ANE,EN,Towers with Display (VFR),0,42,131,3,176,0,15,271,11,297,0,57,402,14,473,392,0,392,865
06/05/2001,BED,MA,ANE,EN,Towers with Display (VFR),0,35,109,3,147,0,26,366,1,393,0,61,475,4,540,410,0,410,950
06/06/2001,BED,MA,ANE,EN,Towers with Display (VFR),0,43,134,0,177,0,20,365,0,385,0,63,499,0,562,300,0,300,862
06/07/2001,BED,MA,ANE,EN,Towers with Display (VFR),0,32,102,0,134,0,23,411,0,434,0,55,513,0,568,418,0,418,986
06/08/2001,BED,MA,ANE,EN,Towers with Display (VFR),0,32,103,4,139,0,12,399,4,415,0,44,502,8,554,366,0,366,920
06/09/2001,BED,MA,ANE,EN,Towers with Display (VFR),0,19,60,2,81,0,10,450,8,468,0,29,510,10,549,368,0,368,917
06/10/2001,BED,MA,ANE,EN,Towers with Display (VFR),0,29,92,3,124,0,15,401,4,420,0,44,493,7,544,372,0,372,916
06/11/2001,BED,MA,ANE,EN,Towers with Display (VFR),0,40,126,1,167,0,5,139,0,144,0,45,265,1,311,196,0,196,507
06/12/2001,BED,MA,ANE,EN,Towers with Display (VFR),0,51,171,2,224,0,0,62,0,62,0,51,233,2,286,160,0,160,446
06/13/2001,BED,MA,ANE,EN,Towers with Display (VFR),0,44,137,2,183,0,16,251,0,267,0,60,388,2,450,289,0,289,739
06/14/2001,BED,MA,ANE,EN,Towers with Display (VFR),0,43,134,4,181,0,23,255,0,278,0,66,389,4,459,452,0,452,911
06/15/2001,BED,MA,ANE,EN,Towers with Display (VFR),0,53,164,3,220,0,7,245,0,252,0,60,409,3,472,240,0,240,712
06/16/2001,BED,MA,ANE,EN,Towers with Display (VFR),0,28,88,3,119,1,7,268,1,277,1,35,356,4,396,182,2,184,580
06/17/2001,BED,MA,ANE,EN,Towers with Display (VFR),0,25,82,1,108,1,7,15,0,23,1,32,97,1,131,64,0,64,195
06/18/2001,BED,MA,ANE,EN,Towers with Display (VFR),0,37,118,0,155,1,22,463,0,486,1,59,581,0,641,316,0,316,957
06/19/2001,BED,MA,ANE,EN,Towers with Display (VFR),0,28,90,0,118,0,43,457,0,500,0,71,547,0,618,434,0,434,1052
06/20/2001,BED,MA,ANE,EN,Towers with Display (VFR),0,47,142,4,193,0,31,304,0,335,0,78,446,4,528,372,0,372,900
06/21/2001,BED,MA,ANE,EN,Towers with Display (VFR),0,45,139,4,188,0,23,241,0,264,0,68,380,4,452,266,0,266,718
06/22/2001,BED,MA,ANE,EN,Towers with Display (VFR),0,57,175,6,238,0,0,83,1,84,0,57,258,7,322,82,0,82,404
06/23/2001,BED,MA,ANE,EN,Towers with Display (VFR),0,23,71,2,96,0,2,96,0,98,0,25,167,2,194,182,0,182,376
06/24/2001,BED,MA,ANE,EN,Towers with Display (VFR),0,32,98,1,131,0,0,122,0,122,0,32,220,1,253,278,0,278,531
06/25/2001,BED,MA,ANE,EN,Towers with Display (VFR),0,37,111,1,149,0,17,358,0,375,0,54,469,1,524,318,0,318,842
06/26/2001,BED,MA,ANE,EN,Towers with Display (VFR),1,48,102,0,151,0,22,453,1,476,1,70,555,1,627,342,0,342,969
06/27/2001,BED,MA,ANE,EN,Towers with Display (VFR),0,38,118,3,159,3,24,403,2,432,3,62,521,5,591,326,0,326,917
06/28/2001,BED,MA,ANE,EN,Towers with Display (VFR),0,30,90,2,122,0,24,317,0,341,0,54,407,2,463,326,0,326,789
06/29/2001,BED,MA,ANE,EN,Towers with Display (VFR),0,50,410,12,472,0,0,78,6,84,0,50,488,18,556,340,0,340,896
06/30/2001,BED,MA,ANE,EN,Towers with Display (VFR),0,16,65,0,81,0,0,274,0,274,0,16,339,0,355,240,0,240,595
07/01/2001,BED,MA,ANE,EN,Towers with Display (VFR),0,15,54,1,70,0,0,157,0,157,0,15,211,1,227,218,0,218,445
07/02/2001,BED,MA,ANE,EN,Towers with Display (VFR),0,31,71,0,102,0,22,286,0,308,0,53,357,0,410,250,0,250,660
07/03/2001,BED,MA,ANE,EN,Towers with Display (VFR),0,31,73,0,104,0,25,412,0,437,0,56,485,0,541,314,0,314,855
07/04/2001,BED,MA,ANE,EN,Towers with Display (VFR),0,10,26,0,36,0,2,134,0,136,0,12,160,0,172,148,0,148,320
07/05/2001,BED,MA,ANE,EN,Towers with Display (VFR),0,35,87,0,122,0,3,158,0,161,0,38,245,0,283,264,0,264,547
07/06/2001,BED,MA,ANE,EN,Towers with Display (VFR),0,26,66,3,95,0,25,465,1,491,0,51,531,4,586,344,0,344,930
07/07/2001,BED,MA,ANE,EN,Towers with Display (VFR),0,14,33,1,48,0,14,486,0,500,0,28,519,1,548,294,0,294,842
07/08/2001,BED,MA,ANE,EN,Towers with Display (VFR),0,38,111,3,152,0,0,64,0,64,0,38,175,3,216,170,0,170,386
07/09/2001,BED,MA,ANE,EN,Towers with Display (VFR),0,45,109,2,156,0,6,265,0,271,0,51,374,2,427,435,0,435,862
07/10/2001,BED,MA,ANE,EN,Towers with Display (VFR),0,45,109,5,159,0,29,200,4,233,0,74,309,9,392,232,0,232,624
07/11/2001,BED,MA,ANE,EN,Towers with Display (VFR),0,38,94,4,136,0,9,252,0,261,0,47,346,4,397,298,0,298,695
07/12/2001,BED,MA,ANE,EN,Towers with Display (VFR),0,28,70,3,101,0,30,345,4,379,0,58,415,7,480,288,0,288,768
07/13/2001,BED,MA,ANE,EN,Towers with Display (VFR),0,33,97,4,134,0,9,456,0,465,0,42,553,4,599,342,0,342,941
07/14/2001,BED,MA,ANE,EN,Towers with Display (VFR),0,19,48,2,69,0,21,357,2,380,0,40,405,4,449,248,0,248,697
07/15/2001,BED,MA,ANE,EN,Towers with Display (VFR),0,34,83,3,120,0,13,425,6,444,0,47,508,9,564,300,0,300,864
07/16/2001,BED,MA,ANE,EN,Towers with Display (VFR),0,39,94,4,137,0,23,349,1,373,0,62,443,5,510,342,0,342,852
07/17/2001,BED,MA,ANE,EN,Towers with Display (VFR),0,48,116,2,166,0,8,41,0,49,0,56,157,2,215,58,0,58,273
07/18/2001,BED,MA,ANE,EN,Towers with Display (VFR),0,48,116,4,168,0,9,213,0,222,0,57,329,4,390,278,0,278,668
07/19/2001,BED,MA,ANE,EN,Towers with Display (VFR),0,56,144,4,204,0,0,280,0,280,0,56,424,4,484,322,0,322,806
07/20/2001,BED,MA,ANE,EN,Towers with Display (VFR),0,35,88,4,127,0,5,453,2,460,0,40,541,6,587,282,0,282,869
07/21/2001,BED,MA,ANE,EN,Towers with Display (VFR),0,18,46,2,66,0,17,473,10,500,0,35,519,12,566,340,0,340,906
07/22/2001,BED,MA,ANE,EN,Towers with Display (VFR),0,18,51,7,76,0,9,403,0,412,0,27,454,7,488,276,0,276,764
07/23/2001,BED,MA,ANE,EN,Towers with Display (VFR),0,50,121,5,176,0,6,295,1,302,0,56,416,6,478,362,0,362,840
07/24/2001,BED,MA,ANE,EN,Towers with Display (VFR),0,41,107,6,154,0,15,213,0,228,0,56,320,6,382,274,0,274,656
07/25/2001,BED,MA,ANE,EN,Towers with Display (VFR),0,43,96,0,139,0,6,313,0,319,0,49,409,0,458,300,0,300,758
07/26/2001,BED,MA,ANE,EN,Towers with Display (VFR),0,51,158,7,216,0,3,93,0,96,0,54,251,7,312,84,0,84,396
07/27/2001,BED,MA,ANE,EN,Towers with Display (VFR),0,41,92,11,144,0,11,502,0,513,0,52,594,11,657,260,2,262,919
07/28/2001,BED,MA,ANE,EN,Towers with Display (VFR),0,15,28,4,47,0,14,421,0,435,0,29,449,4,482,316,0,316,798
07/29/2001,BED,MA,ANE,EN,Towers with Display (VFR),0,31,55,5,91,0,13,375,0,388,0,44,430,5,479,320,0,320,799
07/30/2001,BED,MA,ANE,EN,Towers with Display (VFR),0,40,86,0,126,0,14,379,0,393,0,54,465,0,519,302,0,302,821
07/31/2001,BED,MA,ANE,EN,Towers with Display (VFR),0,47,97,3,147,0,16,364,1,381,0,63,461,4,528,410,0,410,938
08/01/2001,BED,MA,ANE,EN,Towers with Display (VFR),2,35,91,6,134,0,16,395,1,412,2,51,486,7,546,342,0,342,888
08/02/2001,BED,MA,ANE,EN,Towers with Display (VFR),0,47,88,4,139,0,7,401,0,408,0,54,489,4,547,332,0,332,879
08/03/2001,BED,MA,ANE,EN,Towers with Display (VFR),0,34,112,6,152,0,2,142,2,146,0,36,254,8,298,180,0,180,478
08/04/2001,BED,MA,ANE,EN,Towers with Display (VFR),0,19,98,5,122,0,0,8,0,8,0,19,106,5,130,0,0,0,130
08/05/2001,BED,MA,ANE,EN,Towers with Display (VFR),0,27,147,7,181,0,3,86,0,89,0,30,233,7,270,128,0,128,398
08/06/2001,BED,MA,ANE,EN,Towers with Display (VFR),0,41,101,4,146,0,17,245,5,267,0,58,346,9,413,266,0,266,679
08/07/2001,BED,MA,ANE,EN,Towers with Display (VFR),0,62,117,4,183,0,6,294,0,300,0,68,411,4,483,324,0,324,807
08/08/2001,BED,MA,ANE,EN,Towers with Display (VFR),0,53,75,2,130,0,20,315,0,335,0,73,390,2,465,384,0,384,849
08/09/2001,BED,MA,ANE,EN,Towers with Display (VFR),2,31,96,2,131,0,12,281,0,293,2,43,377,2,424,268,0,268,692
08/10/2001,BED,MA,ANE,EN,Towers with Display (VFR),0,34,157,4,195,0,0,17,0,17,0,34,174,4,212,8,0,8,220
08/11/2001,BED,MA,ANE,EN,Towers with Display (VFR),0,21,64,3,88,0,6,421,1,428,0,27,485,4,516,344,0,344,860
08/12/2001,BED,MA,ANE,EN,Towers with Display (VFR),0,28,101,5,134,0,0,3,0,3,0,28,104,5,137,18,0,18,155
08/13/2001,BED,MA,ANE,EN,Towers with Display (VFR),0,55,123,0,178,0,2,29,0,31,0,57,152,0,209,54,0,54,263
08/14/2001,BED,MA,ANE,EN,Towers with Display (VFR),0,41,94,2,137,0,6,323,0,329,0,47,417,2,466,372,0,372,838
08/15/2001,BED,MA,ANE,EN,Towers with Display (VFR),0,52,90,0,142,0,19,458,1,478,0,71,548,1,620,481,0,481,1101
08/16/2001,BED,MA,ANE,EN,Towers with Display (VFR),2,39,89,4,134,0,2,437,0,439,2,41,526,4,573,510,0,510,1083
08/17/2001,BED,MA,ANE,EN,Towers with Display (VFR),0,38,131,0,169,0,11,166,0,177,0,49,297,0,346,334,0,334,680
08/18/2001,BED,MA,ANE,EN,Towers with Display (VFR),0,30,47,1,78,0,17,398,0,415,0,47,445,1,493,340,0,340,833
08/19/2001,BED,MA,ANE,EN,Towers with Display (VFR),2,19,74,0,95,0,6,300,0,306,2,25,374,0,401,354,0,354,755
08/20/2001,BED,MA,ANE,EN,Towers with Display (VFR),0,37,113,1,151,0,2,26,0,28,0,39,139,1,179,60,0,60,239
08/21/2001,BED,MA,ANE,EN,Towers with Display (VFR),0,61,167,0,228,0,2,70,0,72,0,63,237,0,300,200,0,200,500
08/22/2001,BED,MA,ANE,EN,Towers with Display (VFR),1,49,120,2,172,0,3,452,4,459,1,52,572,6,631,338,0,338,969
08/23/2001,BED,MA,ANE,EN,Towers with Display (VFR),0,59,77,6,142,0,1,407,4,412,0,60,484,10,554,374,0,374,928
08/24/2001,BED,MA,ANE,EN,Towers with Display (VFR),0,35,79,14,128,0,9,418,6,433,0,44,497,20,561,404,0,404,965
08/25/2001,BED,MA,ANE,EN,Towers with Display (VFR),0,31,42,5,78,0,11,450,2,463,0,42,492,7,541,243,0,243,784
08/26/2001,BED,MA,ANE,EN,Towers with Display (VFR),0,26,81,6,113,0,14,345,0,359,0,40,426,6,472,178,0,178,650
08/27/2001,BED,MA,ANE,EN,Towers with Display (VFR),0,53,106,3,162,0,0,122,0,122,0,53,228,3,284,256,0,256,540
08/28/2001,BED,MA,ANE,EN,Towers with Display (VFR),0,45,81,0,126,0,10,323,1,334,0,55,404,1,460,368,0,368,828
08/29/2001,BED,MA,ANE,EN,Towers with Display (VFR),0,38,95,1,134,0,18,476,0,494,0,56,571,1,628,328,0,328,956
08/30/2001,BED,MA,ANE,EN,Towers with Display (VFR),1,41,113,7,162,0,17,495,0,512,1,58,608,7,674,310,0,310,984
08/31/2001,BED,MA,ANE,EN,Towers with Display (VFR),1,35,135,5,176,0,6,252,0,258,1,41,387,5,434,366,0,366,800
09/01/2001,BED,MA,ANE,EN,Towers with Display (VFR),0,23,59,2,84,0,7,281,0,288,0,30,340,2,372,256,0,256,628
09/02/2001,BED,MA,ANE,EN,Towers with Display (VFR),1,24,62,0,87,0,9,349,1,359,1,33,411,1,446,330,0,330,776
09/03/2001,BED,MA,ANE,EN,Towers with Display (VFR),0,45,69,0,114,0,16,426,5,447,0,61,495,5,561,262,0,262,823
09/04/2001,BED,MA,ANE,EN,Towers with Display (VFR),0,33,90,1,124,0,6,203,0,209,0,39,293,1,333,198,0,198,531
09/05/2001,BED,MA,ANE,EN,Towers with Display (VFR),0,27,98,6,131,0,23,293,1,317,0,50,391,7,448,302,0,302,750
09/06/2001,BED,MA,ANE,EN,Towers with Display (VFR),3,36,92,2,133,0,17,386,0,403,3,53,478,2,536,304,0,304,840
09/07/2001,BED,MA,ANE,EN,Towers with Display (VFR),1,24,69,8,102,0,20,419,5,444,1,44,488,13,546,296,0,296,842
09/08/2001,BED,MA,ANE,EN,Towers with Display (VFR),0,34,37,3,74,0,9,413,0,422,0,43,450,3,496,302,0,302,798
09/09/2001,BED,MA,ANE,EN,Towers with Display (VFR),2,22,60,1,85,0,14,387,0,401,2,36,447,1,486,254,0,254,740
09/10/2001,BED,MA,ANE,EN,Towers with Display (VFR),0,23,90,0,113,0,12,211,0,223,0,35,301,0,336,296,0,296,632
09/11/2001,BED,MA,ANE,EN,Towers with Display (VFR),0,29,22,0,51,0,2,55,0,57,0,31,77,0,108,54,0,54,162
09/12/2001,BED,MA,ANE,EN,Towers with Display (VFR),0,24,0,0,24,0,1,0,0,1,0,25,0,0,25,0,0,0,25
09/13/2001,BED,MA,ANE,EN,Towers with Display (VFR),0,35,0,0,35,0,1,0,0,1,0,36,0,0,36,0,0,0,36
09/14/2001,BED,MA,ANE,EN,Towers with Display (VFR),0,7,0,2,9,0,1,0,0,1,0,8,0,2,10,0,0,0,10
09/15/2001,BED,MA,ANE,EN,Towers with Display (VFR),0,34,102,2,138,0,1,0,0,1,0,35,102,2,139,0,0,0,139
09/16/2001,BED,MA,ANE,EN,Towers with Display (VFR),0,36,96,0,132,0,7,0,0,7,0,43,96,0,139,0,0,0,139
09/17/2001,BED,MA,ANE,EN,Towers with Display (VFR),0,63,118,3,184,0,4,0,0,4,0,67,118,3,188,0,0,0,188
09/18/2001,BED,MA,ANE,EN,Towers with Display (VFR),0,68,150,0,218,0,2,1,0,3,0,70,151,0,221,0,0,0,221
09/19/2001,BED,MA,ANE,EN,Towers with Display (VFR),0,63,167,0,230,0,0,14,0,14,0,63,181,0,244,0,0,0,244
09/20/2001,BED,MA,ANE,EN,Towers with Display (VFR),0,72,125,0,197,0,1,0,0,1,0,73,125,0,198,0,0,0,198
09/21/2001,BED,MA,ANE,EN,Towers with Display (VFR),2,70,137,1,210,0,0,0,1,1,2,70,137,2,211,0,0,0,211
09/22/2001,BED,MA,ANE,EN,Towers with Display (VFR),2,35,129,0,166,0,3,0,0,3,2,38,129,0,169,0,0,0,169
09/23/2001,BED,MA,ANE,EN,Towers with Display (VFR),0,38,189,1,228,0,3,0,1,4,0,41,189,2,232,0,0,0,232
09/24/2001,BED,MA,ANE,EN,Towers with Display (VFR),0,75,126,0,201,0,0,0,0,0,0,75,126,0,201,0,0,0,201
09/25/2001,BED,MA,ANE,EN,Towers with Display (VFR),0,76,115,0,191,0,0,0,0,0,0,76,115,0,191,0,0,0,191
09/26/2001,BED,MA,ANE,EN,Towers with Display (VFR),0,59,254,0,313,0,7,0,2,9,0,66,254,2,322,0,0,0,322
09/27/2001,BED,MA,ANE,EN,Towers with Display (VFR),3,54,215,2,274,0,9,0,0,9,3,63,215,2,283,0,0,0,283
09/28/2001,BED,MA,ANE,EN,Towers with Display (VFR),0,72,177,1,250,0,1,7,0,8,0,73,184,1,258,0,0,0,258
09/29/2001,BED,MA,ANE,EN,Towers with Display (VFR),0,41,152,0,193,0,0,0,0,0,0,41,152,0,193,0,0,0,193
09/30/2001,BED,MA,ANE,EN,Towers with Display (VFR),0,53,183,2,238,0,6,0,0,6,0,59,183,2,244,0,0,0,244
10/01/2001,BED,MA,ANE,EN,Towers with Display (VFR),1,50,180,2,233,0,8,0,0,8,1,58,180,2,241,0,0,0,241
10/02/2001,BED,MA,ANE,EN,Towers with Display (VFR),0,49,245,0,294,0,5,0,0,5,0,54,245,0,299,0,0,0,299
10/03/2001,BED,MA,ANE,EN,Towers with Display (VFR),0,58,265,2,325,0,1,0,0,1,0,59,265,2,326,0,0,0,326
10/04/2001,BED,MA,ANE,EN,Towers with Display (VFR),0,71,275,1,347,0,1,0,0,1,0,72,275,1,348,0,0,0,348
10/05/2001,BED,MA,ANE,EN,Towers with Display (VFR),2,71,255,7,335,0,5,0,0,5,2,76,255,7,340,0,0,0,340
10/06/2001,BED,MA,ANE,EN,Towers with Display (VFR),0,36,35,4,75,0,9,12,0,21,0,45,47,4,96,12,0,12,108
10/07/2001,BED,MA,ANE,EN,Towers with Display (VFR),0,31,112,0,143,0,15,87,0,102,0,46,199,0,245,164,0,164,409
10/08/2001,BED,MA,ANE,EN,Towers with Display (VFR),0,63,137,3,203,0,14,88,0,102,0,77,225,3,305,112,0,112,417
10/09/2001,BED,MA,ANE,EN,Towers with Display (VFR),0,67,205,4,276,0,5,95,0,100,0,72,300,4,376,128,0,128,504
10/10/2001,BED,MA,ANE,EN,Towers with Display (VFR),0,77,185,0,262,0,12,131,0,143,0,89,316,0,405,132,0,132,537
10/11/2001,BED,MA,ANE,EN,Towers with Display (VFR),1,74,252,6,333,0,12,158,2,172,1,86,410,8,505,160,0,160,665
10/12/2001,BED,MA,ANE,EN,Towers with Display (VFR),2,70,206,3,281,0,2,88,0,90,2,72,294,3,371,134,0,134,505
10/13/2001,BED,MA,ANE,EN,Towers with Display (VFR),0,40,96,2,138,0,0,18,0,18,0,40,114,2,156,0,0,0,156
10/14/2001,BED,MA,ANE,EN,Towers with Display (VFR),0,70,124,0,194,0,0,0,0,0,0,70,124,0,194,0,0,0,194
10/15/2001,BED,MA,ANE,EN,Towers with Display (VFR),0,94,158,2,254,0,4,49,0,53,0,98,207,2,307,66,0,66,373
10/16/2001,BED,MA,ANE,EN,Towers with Display (VFR),0,93,180,0,273,0,13,208,0,221,0,106,388,0,494,152,0,152,646
10/17/2001,BED,MA,ANE,EN,Towers with Display (VFR),0,74,148,6,228,0,16,69,0,85,0,90,217,6,313,58,0,58,371
10/18/2001,BED,MA,ANE,EN,Towers with Display (VFR),0,75,204,2,281,0,0,138,4,142,0,75,342,6,423,178,0,178,601
10/19/2001,BED,MA,ANE,EN,Towers with Display (VFR),2,71,190,3,266,0,10,148,1,159,2,81,338,4,425,172,0,172,597
10/20/2001,BED,MA,ANE,EN,Towers with Display (VFR),2,53,135,0,190,0,6,150,0,156,2,59,285,0,346,280,0,280,626
10/21/2001,BED,MA,ANE,EN,Towers with Display (VFR),0,41,176,1,218,0,10,147,1,158,0,51,323,2,376,166,0,166,542
10/22/2001,BED,MA,ANE,EN,Towers with Display (VFR),0,79,165,0,244,0,33,108,0,141,0,112,273,0,385,160,0,160,545
10/23/2001,BED,MA,ANE,EN,Towers with Display (VFR),0,83,172,4,259,0,14,150,0,164,0,97,322,4,423,250,0,250,673
10/24/2001,BED,MA,ANE,EN,Towers with Display (VFR),0,73,168,4,245,0,14,159,5,178,0,87,327,9,423,212,0,212,635
10/25/2001,BED,MA,ANE,EN,Towers with Display (VFR),0,64,137,0,201,0,17,59,0,76,0,81,196,0,277,102,0,102,379
10/26/2001,BED,MA,ANE,EN,Towers with Display (VFR),2,76,185,0,263,0,25,144,0,169,2,101,329,0,432,180,0,180,612
10/27/2001,BED,MA,ANE,EN,Towers with Display (VFR),0,37,150,0,187,0,11,157,0,168,0,48,307,0,355,206,0,206,561
10/28/2001,BED,MA,ANE,EN,Towers with Display (VFR),1,56,194,0,251,0,11,158,0,169,1,67,352,0,420,304,0,304,724
10/29/2001,BED,MA,ANE,EN,Towers with Display (VFR),0,74,192,1,267,0,14,136,0,150,0,88,328,1,417,158,0,158,575
10/30/2001,BED,MA,ANE,EN,Towers with Display (VFR),0,78,150,2,230,0,19,156,0,175,0,97,306,2,405,166,0,166,571
10/31/2001,BED,MA,ANE,EN,Towers with Display (VFR),0,67,161,4,232,0,12,148,0,160,0,79,309,4,392,184,0,184,576
11/01/2001,BED,MA,ANE,EN,Towers with Display (VFR),1,81,185,6,273,0,14,148,6,168,1,95,333,12,441,170,0,170,611
11/02/2001,BED,MA,ANE,EN,Towers with Display (VFR),3,79,186,5,273,0,6,109,0,115,3,85,295,5,388,106,0,106,494
11/03/2001,BED,MA,ANE,EN,Towers with Display (VFR),2,42,103,0,147,0,12,146,0,158,2,54,249,0,305,220,0,220,525
11/04/2001,BED,MA,ANE,EN,Towers with Display (VFR),1,70,176,8,255,0,4,181,0,185,1,74,357,8,440,178,0,178,618
11/05/2001,BED,MA,ANE,EN,Towers with Display (VFR),0,90,116,3,209,0,4,58,0,62,0,94,174,3,271,68,0,68,339
11/06/2001,BED,MA,ANE,EN,Towers with Display (VFR),0,83,118,4,205,0,8,52,0,60,0,91,170,4,265,28,0,28,293
11/07/2001,BED,MA,ANE,EN,Towers with Display (VFR),0,67,190,35,292,0,5,51,3,59,0,72,241,38,351,114,0,114,465
11/08/2001,BED,MA,ANE,EN,Towers with Display (VFR),0,78,207,4,289,0,23,151,2,176,0,101,358,6,465,188,0,188,653
11/09/2001,BED,MA,ANE,EN,Towers with Display (VFR),0,80,161,6,247,0,9,49,0,58,0,89,210,6,305,118,0,118,423
11/10/2001,BED,MA,ANE,EN,Towers with Display (VFR),0,36,97,4,137,0,16,177,0,193,0,52,274,4,330,300,0,300,630
11/11/2001,BED,MA,ANE,EN,Towers with Display (VFR),0,56,81,0,137,0,6,106,0,112,0,62,187,0,249,122,0,122,371
11/12/2001,BED,MA,ANE,EN,Towers with Display (VFR),0,76,155,2,233,0,11,124,0,135,0,87,279,2,368,140,0,140,508
11/13/2001,BED,MA,ANE,EN,Towers with Display (VFR),0,92,195,0,287,0,9,151,0,160,0,101,346,0,447,164,0,164,611
11/14/2001,BED,MA,ANE,EN,Towers with Display (VFR),0,62,179,2,243,0,12,115,0,127,0,74,294,2,370,164,0,164,534
11/15/2001,BED,MA,ANE,EN,Towers with Display (VFR),0,111,185,5,301,0,9,175,0,184,0,120,360,5,485,226,0,226,711
11/16/2001,BED,MA,ANE,EN,Towers with Display (VFR),0,69,200,5,274,0,13,139,2,154,0,82,339,7,428,150,0,150,578
11/17/2001,BED,MA,ANE,EN,Towers with Display (VFR),0,44,163,2,209,0,14,176,1,191,0,58,339,3,400,174,0,174,574
11/18/2001,BED,MA,ANE,EN,Towers with Display (VFR),0,50,157,0,207,0,16,175,2,193,0,66,332,2,400,192,0,192,592
11/19/2001,BED,MA,ANE,EN,Towers with Display (VFR),0,89,183,1,273,0,19,118,0,137,0,108,301,1,410,124,0,124,534
11/20/2001,BED,MA,ANE,EN,Towers with Display (VFR),0,96,154,0,250,0,10,64,0,74,0,106,218,0,324,74,0,74,398
11/21/2001,BED,MA,ANE,EN,Towers with Display (VFR),0,124,238,2,364,0,35,165,0,200,0,159,403,2,564,140,0,140,704
11/22/2001,BED,MA,ANE,EN,Towers with Display (VFR),0,30,44,0,74,0,11,10,0,21,0,41,54,0,95,52,0,52,147
11/23/2001,BED,MA,ANE,EN,Towers with Display (VFR),3,32,97,0,132,0,12,101,0,113,3,44,198,0,245,226,0,226,471
11/24/2001,BED,MA,ANE,EN,Towers with Display (VFR),2,47,61,1,111,0,1,0,0,1,2,48,61,1,112,0,0,0,112
11/25/2001,BED,MA,ANE,EN,Towers with Display (VFR),0,94,190,0,284,0,2,92,0,94,0,96,282,0,378,114,0,114,492
11/26/2001,BED,MA,ANE,EN,Towers with Display (VFR),0,96,195,4,295,0,8,70,0,78,0,104,265,4,373,96,0,96,469
11/27/2001,BED,MA,ANE,EN,Towers with Display (VFR),1,81,195,2,279,0,6,116,0,122,1,87,311,2,401,86,0,86,487
11/28/2001,BED,MA,ANE,EN,Towers with Display (VFR),0,65,144,2,211,0,8,88,0,96,0,73,232,2,307,82,0,82,389
11/29/2001,BED,MA,ANE,EN,Towers with Display (VFR),0,84,108,3,195,0,0,0,0,0,0,84,108,3,195,0,0,0,195
11/30/2001,BED,MA,ANE,EN,Towers with Display (VFR),0,32,44,4,80,0,0,0,0,0,0,32,44,4,80,0,0,0,80
12/01/2001,BED,MA,ANE,EN,Towers with Display (VFR),0,36,120,0,156,0,6,351,0,357,0,42,471,0,513,292,0,292,805
12/02/2001,BED,MA,ANE,EN,Towers with Display (VFR),2,50,151,0,203,0,10,317,0,327,2,60,468,0,530,262,0,262,792
12/03/2001,BED,MA,ANE,EN,Towers with Display (VFR),0,66,165,0,231,0,15,208,0,223,0,81,373,0,454,220,0,220,674
12/04/2001,BED,MA,ANE,EN,Towers with Display (VFR),1,80,114,0,195,0,18,254,0,272,1,98,368,0,467,240,0,240,707
12/05/2001,BED,MA,ANE,EN,Towers with Display (VFR),1,68,142,6,217,0,8,227,0,235,1,76,369,6,452,200,0,200,652
12/06/2001,BED,MA,ANE,EN,Towers with Display (VFR),2,67,131,2,202,0,17,237,3,257,2,84,368,5,459,242,0,242,701
12/07/2001,BED,MA,ANE,EN,Towers with Display (VFR),2,62,131,3,198,0,11,250,0,261,2,73,381,3,459,198,0,198,657
12/08/2001,BED,MA,ANE,EN,Towers with Display (VFR),0,46,74,3,123,0,9,258,0,267,0,55,332,3,390,302,0,302,692
12/09/2001,BED,MA,ANE,EN,Towers with Display (VFR),0,41,53,2,96,0,4,10,0,14,0,45,63,2,110,24,0,24,134
12/10/2001,BED,MA,ANE,EN,Towers with Display (VFR),1,62,135,4,202,0,7,151,1,159,1,69,286,5,361,158,0,158,519
12/11/2001,BED,MA,ANE,EN,Towers with Display (VFR),1,64,111,4,180,0,7,198,3,208,1,71,309,7,388,160,0,160,548
12/12/2001,BED,MA,ANE,EN,Towers with Display (VFR),0,92,154,3,249,0,27,191,17,235,0,119,345,20,484,304,0,304,788
12/13/2001,BED,MA,ANE,EN,Towers with Display (VFR),0,59,70,3,132,0,1,0,0,1,0,60,70,3,133,0,0,0,133
12/14/2001,BED,MA,ANE,EN,Towers with Display (VFR),1,79,132,0,212,0,5,126,0,131,1,84,258,0,343,166,0,166,509
12/15/2001,BED,MA,ANE,EN,Towers with Display (VFR),1,43,74,1,119,0,10,48,0,58,1,53,122,1,177,138,0,138,315
12/16/2001,BED,MA,ANE,EN,Towers with Display (VFR),2,34,84,0,120,0,6,330,0,336,2,40,414,0,456,284,0,284,740
12/17/2001,BED,MA,ANE,EN,Towers with Display (VFR),0,70,105,0,175,0,6,17,0,23,0,76,122,0,198,52,0,52,250
12/18/2001,BED,MA,ANE,EN,Towers with Display (VFR),0,66,104,0,170,0,3,20,0,23,0,69,124,0,193,0,0,0,193
12/19/2001,BED,MA,ANE,EN,Towers with Display (VFR),0,68,139,4,211,0,21,275,0,296,0,89,414,4,507,268,0,268,775
12/20/2001,BED,MA,ANE,EN,Towers with Display (VFR),1,64,101,0,166,0,7,69,0,76,1,71,170,0,242,228,0,228,470
12/21/2001,BED,MA,ANE,EN,Towers with Display (VFR),1,75,92,2,170,0,26,110,2,138,1,101,202,4,308,78,0,78,386
12/22/2001,BED,MA,ANE,EN,Towers with Display (VFR),1,51,66,0,118,0,10,294,0,304,1,61,360,0,422,308,0,308,730
12/23/2001,BED,MA,ANE,EN,Towers with Display (VFR),1,53,51,2,107,0,10,301,0,311,1,63,352,2,418,288,0,288,706
12/24/2001,BED,MA,ANE,EN,Towers with Display (VFR),0,34,25,0,59,0,2,0,0,2,0,36,25,0,61,0,0,0,61
12/25/2001,BED,MA,ANE,EN,Towers with Display (VFR),3,23,22,0,48,0,5,40,0,45,3,28,62,0,93,20,0,20,113
12/26/2001,BED,MA,ANE,EN,Towers with Display (VFR),0,43,80,0,123,0,13,135,0,148,0,56,215,0,271,156,0,156,427
12/27/2001,BED,MA,ANE,EN,Towers with Display (VFR),0,55,82,0,137,0,12,184,0,196,0,67,266,0,333,234,0,234,567
12/28/2001,BED,MA,ANE,EN,Towers with Display (VFR),0,47,5,0,52,0,0,326,0,326,0,47,331,0,378,251,0,251,629
12/29/2001,BED,MA,ANE,EN,Towers with Display (VFR),2,34,63,1,100,0,8,224,0,232,2,42,287,1,332,292,0,292,624
12/30/2001,BED,MA,ANE,EN,Towers with Display (VFR),0,24,41,0,65,0,11,153,0,164,0,35,194,0,229,126,0,126,355
12/31/2001,BED,MA,ANE,EN,Towers with Display (VFR),0,31,33,0,64,0,8,117,0,125,0,39,150,0,189,134,0,134,323
01/01/2002,BED,MA,ANE,EN,Towers with Display (VFR),0,48,66,0,114,0,6,81,0,87,0,54,147,0,201,102,0,102,303
01/02/2002,BED,MA,ANE,EN,Towers with Display (VFR),0,55,83,0,138,0,14,200,0,214,0,69,283,0,352,278,0,278,630
01/03/2002,BED,MA,ANE,EN,Towers with Display (VFR),0,63,79,2,144,0,6,211,0,217,0,69,290,2,361,206,0,206,567
01/04/2002,BED,MA,ANE,EN,Towers with Display (VFR),1,52,82,4,139,0,19,219,0,238,1,71,301,4,377,234,0,234,611
01/05/2002,BED,MA,ANE,EN,Towers with Display (VFR),0,35,67,0,102,0,15,343,4,362,0,50,410,4,464,410,0,410,874
01/06/2002,BED,MA,ANE,EN,Towers with Display (VFR),0,47,66,0,113,0,4,238,0,242,0,51,304,0,355,356,0,356,711
01/07/2002,BED,MA,ANE,EN,Towers with Display (VFR),1,54,74,0,129,0,0,1,0,1,1,54,75,0,130,0,0,0,130
01/08/2002,BED,MA,ANE,EN,Towers with Display (VFR),0,23,70,3,96,0,0,0,0,0,0,23,70,3,96,180,0,180,276
01/09/2002,BED,MA,ANE,EN,Towers with Display (VFR),0,82,88,0,170,0,15,105,3,123,0,97,193,3,293,164,0,164,457
01/10/2002,BED,MA,ANE,EN,Towers with Display (VFR),0,91,135,21,247,0,29,194,30,253,0,120,329,51,500,259,0,259,759
01/11/2002,BED,MA,ANE,EN,Towers with Display (VFR),0,79,84,3,166,0,11,61,2,74,0,90,145,5,240,100,0,100,340
01/12/2002,BED,MA,ANE,EN,Towers with Display (VFR),1,38,57,0,96,0,17,297,0,314,1,55,354,0,410,310,0,310,720
01/13/2002,BED,MA,ANE,EN,Towers with Display (VFR),0,49,40,0,89,0,1,0,0,1,0,50,40,0,90,0,0,0,90
01/14/2002,BED,MA,ANE,EN,Towers with Display (VFR),0,61,87,0,148,0,15,164,5,184,0,76,251,5,332,224,0,224,556
01/15/2002,BED,MA,ANE,EN,Towers with Display (VFR),0,32,48,1,81,0,29,56,1,86,0,61,104,2,167,0,0,0,167
01/16/2002,BED,MA,ANE,EN,Towers with Display (VFR),0,66,122,2,190,0,21,203,1,225,0,87,325,3,415,324,0,324,739
01/17/2002,BED,MA,ANE,EN,Towers with Display (VFR),0,68,123,0,191,0,7,33,4,44,0,75,156,4,235,54,0,54,289
01/18/2002,BED,MA,ANE,EN,Towers with Display (VFR),2,63,124,3,192,1,21,260,0,282,3,84,384,3,474,236,0,236,710
01/19/2002,BED,MA,ANE,EN,Towers with Display (VFR),0,31,45,0,76,0,9,244,0,253,0,40,289,0,329,330,0,330,659
01/20/2002,BED,MA,ANE,EN,Towers with Display (VFR),0,26,52,0,78,0,4,194,0,198,0,30,246,0,276,274,0,274,550
01/21/2002,BED,MA,ANE,EN,Towers with Display (VFR),0,58,91,1,150,0,1,53,0,54,0,59,144,1,204,116,0,116,320
01/22/2002,BED,MA,ANE,EN,Towers with Display (VFR),0,86,112,2,200,0,26,237,0,263,0,112,349,2,463,146,0,146,609
01/23/2002,BED,MA,ANE,EN,Towers with Display (VFR),1,68,82,0,151,0,19,96,0,115,1,87,178,0,266,114,0,114,380
01/24/2002,BED,MA,ANE,EN,Towers with Display (VFR),0,86,110,0,196,0,11,41,0,52,0,97,151,0,248,44,0,44,292
01/25/2002,BED,MA,ANE,EN,Towers with Display (VFR),1,69,110,5,185,0,11,273,0,284,1,80,383,5,469,210,0,210,679
01/26/2002,BED,MA,ANE,EN,Towers with Display (VFR),0,43,76,0,119,0,9,380,0,389,0,52,456,0,508,322,0,322,830
01/27/2002,BED,MA,ANE,EN,Towers with Display (VFR),0,46,79,4,129,0,11,344,1,356,0,57,423,5,485,280,0,280,765
01/28/2002,BED,MA,ANE,EN,Towers with Display (VFR),0,46,103,6,155,0,6,163,0,169,0,52,266,6,324,204,0,204,528
01/29/2002,BED,MA,ANE,EN,Towers with Display (VFR),0,68,113,0,181,0,17,256,0,273,0,85,369,0,454,294,0,294,748
01/30/2002,BED,MA,ANE,EN,Towers with Display (VFR),2,75,107,0,184,0,0,1,0,1,2,75,108,0,185,0,0,0,185
01/31/2002,BED,MA,ANE,EN,Towers with Display (VFR),0,49,77,0,126,0,0,6,0,6,0,49,83,0,132,16,0,16,148
02/01/2002,BED,MA,ANE,EN,Towers with Display (VFR),1,43,107,0,151,0,0,0,0,0,1,43,107,0,151,0,0,0,151
02/02/2002,BED,MA,ANE,EN,Towers with Display (VFR),2,34,71,0,107,0,16,117,0,133,2,50,188,0,240,86,0,86,326
02/03/2002,BED,MA,ANE,EN,Towers with Display (VFR),1,28,55,0,84,0,8,265,0,273,1,36,320,0,357,262,0,262,619
02/04/2002,BED,MA,ANE,EN,Towers with Display (VFR),4,73,114,2,193,0,13,144,0,157,4,86,258,2,350,142,0,142,492
02/05/2002,BED,MA,ANE,EN,Towers with Display (VFR),0,71,98,2,171,0,10,214,0,224,0,81,312,2,395,254,0,254,649
02/06/2002,BED,MA,ANE,EN,Towers with Display (VFR),0,87,112,2,201,0,18,301,0,319,0,105,413,2,520,308,0,308,828
02/07/2002,BED,MA,ANE,EN,Towers with Display (VFR),0,70,104,4,178,0,15,222,0,237,0,85,326,4,415,346,0,346,761
02/08/2002,BED,MA,ANE,EN,Towers with Display (VFR),0,88,113,10,211,0,10,216,1,227,0,98,329,11,438,188,0,188,626
02/09/2002,BED,MA,ANE,EN,Towers with Display (VFR),2,42,59,0,103,0,13,433,0,446,2,55,492,0,549,294,0,294,843
02/10/2002,BED,MA,ANE,EN,Towers with Display (VFR),0,60,74,3,137,0,0,139,0,139,0,60,213,3,276,252,0,252,528
02/11/2002,BED,MA,ANE,EN,Towers with Display (VFR),0,76,98,4,178,0,4,41,0,45,0,80,139,4,223,0,0,0,223
02/12/2002,BED,MA,ANE,EN,Towers with Display (VFR),0,82,110,0,192,0,12,132,4,148,0,94,242,4,340,84,0,84,424
02/13/2002,BED,MA,ANE,EN,Towers with Display (VFR),0,72,130,0,202,0,10,147,0,157,0,82,277,0,359,130,0,130,489
02/14/2002,BED,MA,ANE,EN,Towers with Display (VFR),0,98,112,1,211,0,7,323,0,330,0,105,435,1,541,286,0,286,827
02/15/2002,BED,MA,ANE,EN,Towers with Display (VFR),0,118,127,4,249,0,22,228,1,251,0,140,355,5,500,160,0,160,660
02/16/2002,BED,MA,ANE,EN,Towers with Display (VFR),0,79,69,1,149,0,5,289,0,294,0,84,358,1,443,274,0,274,717
02/17/2002,BED,MA,ANE,EN,Towers with Display (VFR),0,35,46,1,82,0,1,19,0,20,0,36,65,1,102,174,0,174,276
02/18/2002,BED,MA,ANE,EN,Towers with Display (VFR),0,70,88,0,158,0,8,268,0,276,0,78,356,0,434,152,0,152,586
02/19/2002,BED,MA,ANE,EN,Towers with Display (VFR),0,76,115,2,193,0,22,271,3,296,0,98,386,5,489,216,0,216,705
02/20/2002,BED,MA,ANE,EN,Towers with Display (VFR),0,89,91,1,181,0,17,266,0,283,0,106,357,1,464,308,0,308,772
02/21/2002,BED,MA,ANE,EN,Towers with Display (VFR),0,76,144,8,228,0,2,26,0,28,0,78,170,8,256,174,0,174,430
02/22/2002,BED,MA,ANE,EN,Towers with Display (VFR),0,75,108,4,187,0,17,214,0,231,0,92,322,4,418,312,0,312,730
02/23/2002,BED,MA,ANE,EN,Towers with Display (VFR),0,82,82,2,166,0,4,440,0,444,0,86,522,2,610,294,0,294,904
02/24/2002,BED,MA,ANE,EN,Towers with Display (VFR),1,69,112,2,184,0,21,406,0,427,1,90,518,2,611,310,0,310,921
02/25/2002,BED,MA,ANE,EN,Towers with Display (VFR),0,84,104,3,191,0,9,249,0,258,0,93,353,3,449,286,0,286,735
02/26/2002,BED,MA,ANE,EN,Towers with Display (VFR),0,79,117,4,200,0,16,176,0,192,0,95,293,4,392,168,0,168,560
02/27/2002,BED,MA,ANE,EN,Towers with Display (VFR),0,80,87,5,172,0,4,28,0,32,0,84,115,5,204,60,0,60,264
02/28/2002,BED,MA,ANE,EN,Towers with Display (VFR),1,83,108,3,195,0,22,109,0,131,1,105,217,3,326,82,0,82,408
03/01/2002,BED,MA,ANE,EN,Towers with Display (VFR),2,75,129,7,213,0,19,256,0,275,2,94,385,7,488,224,0,224,712
03/02/2002,BED,MA,ANE,EN,Towers with Display (VFR),1,40,61,0,102,0,14,386,0,400,1,54,447,0,502,262,0,262,764
03/03/2002,BED,MA,ANE,EN,Towers with Display (VFR),1,35,48,3,87,0,0,4,0,4,1,35,52,3,91,12,0,12,103
03/04/2002,BED,MA,ANE,EN,Towers with Display (VFR),0,63,116,2,181,0,42,214,1,257,0,105,330,3,438,240,0,240,678
03/05/2002,BED,MA,ANE,EN,Towers with Display (VFR),0,52,115,2,169,0,10,265,0,275,0,62,380,2,444,224,0,224,668
03/06/2002,BED,MA,ANE,EN,Towers with Display (VFR),0,72,126,2,200,0,11,163,0,174,0,83,289,2,374,260,0,260,634
03/07/2002,BED,MA,ANE,EN,Towers with Display (VFR),0,85,104,4,193,0,10,277,0,287,0,95,381,4,480,376,0,376,856
03/08/2002,BED,MA,ANE,EN,Towers with Display (VFR),0,77,144,0,221,0,3,70,0,73,0,80,214,0,294,250,0,250,544
03/09/2002,BED,MA,ANE,EN,Towers with Display (VFR),0,31,55,3,89,0,4,228,0,232,0,35,283,3,321,260,0,260,581
03/10/2002,BED,MA,ANE,EN,Towers with Display (VFR),3,30,40,0,73,0,4,117,0,121,3,34,157,0,194,158,0,158,352
03/11/2002,BED,MA,ANE,EN,Towers with Display (VFR),1,40,119,2,162,0,48,142,0,190,1,88,261,2,352,260,0,260,612
03/12/2002,BED,MA,ANE,EN,Towers with Display (VFR),0,78,136,2,216,0,15,167,0,182,0,93,303,2,398,232,0,232,630
03/13/2002,BED,MA,ANE,EN,Towers with Display (VFR),0,67,132,4,203,0,3,62,0,65,0,70,194,4,268,222,0,222,490
03/14/2002,BED,MA,ANE,EN,Towers with Display (VFR),1,95,165,5,266,0,24,334,0,358,1,119,499,5,624,326,0,326,950
03/15/2002,BED,MA,ANE,EN,Towers with Display (VFR),0,81,134,2,217,0,4,106,0,110,0,85,240,2,327,226,0,226,553
03/16/2002,BED,MA,ANE,EN,Towers with Display (VFR),0,51,77,0,128,0,3,92,0,95,0,54,169,0,223,164,0,164,387
03/17/2002,BED,MA,ANE,EN,Towers with Display (VFR),0,60,92,0,152,0,6,369,0,375,0,66,461,0,527,376,0,376,903
03/18/2002,BED,MA,ANE,EN,Towers with Display (VFR),0,55,73,1,129,0,0,4,0,4,0,55,77,1,133,6,0,6,139
03/19/2002,BED,MA,ANE,EN,Towers with Display (VFR),0,74,94,2,170,0,0,1,0,1,0,74,95,2,171,0,0,0,171
03/20/2002,BED,MA,ANE,EN,Towers with Display (VFR),2,68,68,2,140,0,8,0,1,9,2,76,68,3,149,184,0,184,333
03/21/2002,BED,MA,ANE,EN,Towers with Display (VFR),0,75,94,7,176,0,17,279,0,296,0,92,373,7,472,382,0,382,854
03/22/2002,BED,MA,ANE,EN,Towers with Display (VFR),0,84,97,5,186,0,4,99,0,103,0,88,196,5,289,46,0,46,335
03/23/2002,BED,MA,ANE,EN,Towers with Display (VFR),3,60,63,3,129,0,17,223,0,240,3,77,286,3,369,164,0,164,533
03/24/2002,BED,MA,ANE,EN,Towers with Display (VFR),0,69,79,0,148,0,9,324,0,333,0,78,403,0,481,286,0,286,767
03/25/2002,BED,MA,ANE,EN,Towers with Display (VFR),0,65,93,0,158,0,9,231,0,240,0,74,324,0,398,254,0,254,652
03/26/2002,BED,MA,ANE,EN,Towers with Display (VFR),0,77,105,0,182,0,1,63,0,64,0,78,168,0,246,106,0,106,352
03/27/2002,BED,MA,ANE,EN,Towers with Display (VFR),0,83,164,3,250,0,14,100,0,114,0,97,264,3,364,168,0,168,532
03/28/2002,BED,MA,ANE,EN,Towers with Display (VFR),0,94,126,0,220,0,6,383,0,389,0,100,509,0,609,256,0,256,865
03/29/2002,BED,MA,ANE,EN,Towers with Display (VFR),0,88,94,3,185,0,15,363,0,378,0,103,457,3,563,264,0,264,827
03/30/2002,BED,MA,ANE,EN,Towers with Display (VFR),1,40,86,1,128,0,4,150,0,154,1,44,236,1,282,212,0,212,494
03/31/2002,BED,MA,ANE,EN,Towers with Display (VFR),1,62,77,0,140,0,4,221,0,225,1,66,298,0,365,362,0,362,727
04/01/2002,BED,MA,ANE,EN,Towers with Display (VFR),0,76,125,0,201,1,13,69,0,83,1,89,194,0,284,28,0,28,312
04/02/2002,BED,MA,ANE,EN,Towers with Display (VFR),0,78,106,6,190,0,13,278,0,291,0,91,384,6,481,296,0,296,777
04/03/2002,BED,MA,ANE,EN,Towers with Display (VFR),0,53,109,1,163,0,7,79,3,89,0,60,188,4,252,220,0,220,472
04/04/2002,BED,MA,ANE,EN,Towers with Display (VFR),0,79,129,4,212,0,5,305,1,311,0,84,434,5,523,336,0,336,859
04/05/2002,BED,MA,ANE,EN,Towers with Display (VFR),0,71,148,3,222,0,11,255,3,269,0,82,403,6,491,266,0,266,757
04/06/2002,BED,MA,ANE,EN,Towers with Display (VFR),1,43,76,0,120,0,7,255,0,262,1,50,331,0,382,254,0,254,636
04/07/2002,BED,MA,ANE,EN,Towers with Display (VFR),1,49,98,3,151,0,6,396,0,402,1,55,494,3,553,298,0,298,851
04/08/2002,BED,MA,ANE,EN,Towers with Display (VFR),0,45,126,3,174,0,9,179,0,188,0,54,305,3,362,256,0,256,618
04/09/2002,BED,MA,ANE,EN,Towers with Display (VFR),1,62,103,2,168,0,6,147,0,153,1,68,250,2,321,184,0,184,505
04/10/2002,BED,MA,ANE,EN,Towers with Display (VFR),1,87,126,4,218,0,31,280,2,313,1,118,406,6,531,290,0,290,821
04/11/2002,BED,MA,ANE,EN,Towers with Display (VFR),0,89,146,0,235,0,6,323,0,329,0,95,469,0,564,254,0,254,818
04/12/2002,BED,MA,ANE,EN,Towers with Display (VFR),2,99,170,1,272,0,18,283,4,305,2,117,453,5,577,210,0,210,787
04/13/2002,BED,MA,ANE,EN,Towers with Display (VFR),2,71,94,6,173,0,3,166,1,170,2,74,260,7,343,314,0,314,657
04/14/2002,BED,MA,ANE,EN,Towers with Display (VFR),1,46,96,2,145,0,18,253,0,271,1,64,349,2,416,280,0,280,696
04/15/2002,BED,MA,ANE,EN,Towers with Display (VFR),0,72,125,2,199,0,4,93,0,97,0,76,218,2,296,106,0,106,402
04/16/2002,BED,MA,ANE,EN,Towers with Display (VFR),1,83,96,5,185,0,11,241,2,254,1,94,337,7,439,374,0,374,813
04/17/2002,BED,MA,ANE,EN,Towers with Display (VFR),0,77,125,2,204,0,14,281,0,295,0,91,406,2,499,210,0,210,709
04/18/2002,BED,MA,ANE,EN,Towers with Display (VFR),0,83,133,1,217,0,3,175,2,180,0,86,308,3,397,282,0,282,679
04/19/2002,BED,MA,ANE,EN,Towers with Display (VFR),3,69,103,6,181,0,7,34,0,41,3,76,137,6,222,64,0,64,286
04/20/2002,BED,MA,ANE,EN,Towers with Display (VFR),0,51,95,4,150,0,8,290,5,303,0,59,385,9,453,238,0,238,691
04/21/2002,BED,MA,ANE,EN,Towers with Display (VFR),2,72,113,7,194,0,10,323,2,335,2,82,436,9,529,228,0,228,757
04/22/2002,BED,MA,ANE,EN,Towers with Display (VFR),2,61,104,6,173,0,2,20,0,22,2,63,124,6,195,46,0,46,241
04/23/2002,BED,MA,ANE,EN,Towers with Display (VFR),0,67,146,14,227,0,23,141,0,164,0,90,287,14,391,178,0,178,569
04/24/2002,BED,MA,ANE,EN,Towers with Display (VFR),0,81,130,12,223,0,26,319,0,345,0,107,449,12,568,346,0,346,914
04/25/2002,BED,MA,ANE,EN,Towers with Display (VFR),0,78,138,11,227,0,4,150,3,157,0,82,288,14,384,114,0,114,498
04/26/2002,BED,MA,ANE,EN,Towers with Display (VFR),1,87,129,2,219,0,6,258,1,265,1,93,387,3,484,246,0,246,730
04/27/2002,BED,MA,ANE,EN,Towers with Display (VFR),1,40,61,2,104,0,7,439,1,447,1,47,500,3,551,292,0,292,843
04/28/2002,BED,MA,ANE,EN,Towers with Display (VFR),2,45,73,2,122,0,1,7,0,8,2,46,80,2,130,12,0,12,142
04/29/2002,BED,MA,ANE,EN,Towers with Display (VFR),2,61,126,3,192,0,0,7,1,8,2,61,133,4,200,36,0,36,236
04/30/2002,BED,MA,ANE,EN,Towers with Display (VFR),1,74,123,0,198,0,18,216,1,235,1,92,339,1,433,388,0,388,821
05/01/2002,BED,MA,ANE,EN,Towers with Display (VFR),2,74,126,2,204,0,21,281,0,302,2,95,407,2,506,264,0,264,770
05/02/2002,BED,MA,ANE,EN,Towers with Display (VFR),1,81,133,5,220,0,12,10,0,22,1,93,143,5,242,84,0,84,326
05/03/2002,BED,MA,ANE,EN,Towers with Display (VFR),0,84,101,2,187,0,6,114,0,120,0,90,215,2,307,60,0,60,367
05/04/2002,BED,MA,ANE,EN,Towers with Display (VFR),1,55,67,0,123,0,5,361,0,366,1,60,428,0,489,392,0,392,881
05/05/2002,BED,MA,ANE,EN,Towers with Display (VFR),1,53,67,1,122,0,16,361,0,377,1,69,428,1,499,254,0,254,753
05/06/2002,BED,MA,ANE,EN,Towers with Display (VFR),0,60,81,0,141,0,5,272,0,277,0,65,353,0,418,296,0,296,714
05/07/2002,BED,MA,ANE,EN,Towers with Display (VFR),2,71,157,0,230,0,10,255,0,265,2,81,412,0,495,310,0,310,805
05/08/2002,BED,MA,ANE,EN,Towers with Display (VFR),0,98,160,1,259,0,23,316,0,339,0,121,476,1,598,298,0,298,896
05/09/2002,BED,MA,ANE,EN,Towers with Display (VFR),2,63,142,0,207,0,10,124,0,134,2,73,266,0,341,260,0,260,601
05/10/2002,BED,MA,ANE,EN,Towers with Display (VFR),0,68,126,6,200,0,23,271,1,295,0,91,397,7,495,356,0,356,851
05/11/2002,BED,MA,ANE,EN,Towers with Display (VFR),2,48,78,2,130,0,13,406,0,419,2,61,484,2,549,304,0,304,853
05/12/2002,BED,MA,ANE,EN,Towers with Display (VFR),1,31,94,0,126,0,1,101,0,102,1,32,195,0,228,204,0,204,432
05/13/2002,BED,MA,ANE,EN,Towers with Display (VFR),1,61,97,0,159,0,0,61,0,61,1,61,158,0,220,0,0,0,220
05/14/2002,BED,MA,ANE,EN,Towers with Display (VFR),0,91,126,2,219,0,12,89,1,102,0,103,215,3,321,116,0,116,437
05/15/2002,BED,MA,ANE,EN,Towers with Display (VFR),0,83,103,2,188,0,9,60,0,69,0,92,163,2,257,40,0,40,297
05/16/2002,BED,MA,ANE,EN,Towers with Display (VFR),2,69,142,0,213,0,14,307,9,330,2,83,449,9,543,206,0,206,749
05/17/2002,BED,MA,ANE,EN,Towers with Display (VFR),2,65,133,3,203,0,14,222,1,237,2,79,355,4,440,244,0,244,684
05/18/2002,BED,MA,ANE,EN,Towers with Display (VFR),1,46,73,0,120,0,1,4,0,5,1,47,77,0,125,8,0,8,133
05/19/2002,BED,MA,ANE,EN,Towers with Display (VFR),0,72,118,1,191,0,4,407,0,411,0,76,525,1,602,280,0,280,882
05/20/2002,BED,MA,ANE,EN,Towers with Display (VFR),1,56,146,1,204,0,15,310,0,325,1,71,456,1,529,250,0,250,779
05/21/2002,BED,MA,ANE,EN,Towers with Display (VFR),0,71,104,0,175,0,3,306,0,309,0,74,410,0,484,216,0,216,700
05/22/2002,BED,MA,ANE,EN,Towers with Display (VFR),0,74,107,3,184,0,12,408,0,420,0,86,515,3,604,398,0,398,1002
05/23/2002,BED,MA,ANE,EN,Towers with Display (VFR),2,89,138,2,231,0,12,378,0,390,2,101,516,2,621,392,0,392,1013
05/24/2002,BED,MA,ANE,EN,Towers with Display (VFR),4,96,112,4,216,0,19,359,0,378,4,115,471,4,594,226,0,226,820
05/25/2002,BED,MA,ANE,EN,Towers with Display (VFR),0,46,57,0,103,0,18,363,0,381,0,64,420,0,484,218,0,218,702
05/26/2002,BED,MA,ANE,EN,Towers with Display (VFR),0,31,52,0,83,0,15,148,0,163,0,46,200,0,246,258,0,258,504
05/27/2002,BED,MA,ANE,EN,Towers with Display (VFR),0,72,130,6,208,0,6,216,0,222,0,78,346,6,430,384,0,384,814
05/28/2002,BED,MA,ANE,EN,Towers with Display (VFR),1,80,141,6,228,0,3,57,0,60,1,83,198,6,288,136,0,136,424
05/29/2002,BED,MA,ANE,EN,Towers with Display (VFR),0,88,144,4,236,0,4,51,0,55,0,92,195,4,291,92,0,92,383
05/30/2002,BED,MA,ANE,EN,Towers with Display (VFR),0,86,155,11,252,0,24,201,4,229,0,110,356,15,481,86,0,86,567
05/31/2002,BED,MA,ANE,EN,Towers with Display (VFR),0,41,80,18,139,0,4,53,23,80,0,45,133,41,219,84,48,132,351
06/01/2002,BED,MA,ANE,EN,Towers with Display (VFR),0,22,20,3,45,0,8,111,20,139,0,30,131,23,184,16,4,20,204
06/02/2002,BED,MA,ANE,EN,Towers with Display (VFR),1,30,33,7,71,0,6,65,21,92,1,36,98,28,163,18,0,18,181
06/03/2002,BED,MA,ANE,EN,Towers with Display (VFR),0,65,110,18,193,0,11,337,1,349,0,76,447,19,542,300,18,318,860
06/04/2002,BED,MA,ANE,EN,Towers with Display (VFR),0,77,120,4,201,0,20,345,2,367,0,97,465,6,568,310,0,310,878
06/05/2002,BED,MA,ANE,EN,Towers with Display (VFR),0,79,184,8,271,0,7,64,0,71,0,86,248,8,342,190,0,190,532
06/06/2002,BED,MA,ANE,EN,Towers with Display (VFR),1,78,158,3,240,0,0,0,0,0,1,78,158,3,240,0,0,0,240
06/07/2002,BED,MA,ANE,EN,Towers with Display (VFR),0,90,172,8,270,0,10,126,1,137,0,100,298,9,407,106,0,106,513
06/08/2002,BED,MA,ANE,EN,Towers with Display (VFR),0,48,55,0,103,0,15,544,0,559,0,63,599,0,662,372,0,372,1034
06/09/2002,BED,MA,ANE,EN,Towers with Display (VFR),0,67,97,7,171,0,0,324,0,324,0,67,421,7,495,328,0,328,823
06/10/2002,BED,MA,ANE,EN,Towers with Display (VFR),0,85,108,2,195,0,20,338,0,358,0,105,446,2,553,342,0,342,895
06/11/2002,BED,MA,ANE,EN,Towers with Display (VFR),2,80,106,12,200,0,16,188,0,204,2,96,294,12,404,226,0,226,630
06/12/2002,BED,MA,ANE,EN,Towers with Display (VFR),0,81,164,4,249,0,0,0,0,0,0,81,164,4,249,0,0,0,249
06/13/2002,BED,MA,ANE,EN,Towers with Display (VFR),1,95,165,2,263,0,18,187,0,205,1,113,352,2,468,272,0,272,740
06/14/2002,BED,MA,ANE,EN,Towers with Display (VFR),0,77,134,7,218,0,12,47,0,59,0,89,181,7,277,64,0,64,341
06/15/2002,BED,MA,ANE,EN,Towers with Display (VFR),0,46,70,4,120,0,0,0,0,0,0,46,70,4,120,0,0,0,120
06/16/2002,BED,MA,ANE,EN,Towers with Display (VFR),0,41,126,0,167,0,1,2,0,3,0,42,128,0,170,0,0,0,170
06/17/2002,BED,MA,ANE,EN,Towers with Display (VFR),0,89,113,4,206,0,6,299,1,306,0,95,412,5,512,322,0,322,834
06/18/2002,BED,MA,ANE,EN,Towers with Display (VFR),0,85,128,4,217,0,29,359,0,388,0,114,487,4,605,372,0,372,977
06/19/2002,BED,MA,ANE,EN,Towers with Display (VFR),0,91,128,4,223,0,21,373,0,394,0,112,501,4,617,322,0,322,939
06/20/2002,BED,MA,ANE,EN,Towers with Display (VFR),0,75,131,6,212,0,13,376,2,391,0,88,507,8,603,266,0,266,869
06/21/2002,BED,MA,ANE,EN,Towers with Display (VFR),0,72,116,8,196,0,16,386,0,402,0,88,502,8,598,217,0,217,815
06/22/2002,BED,MA,ANE,EN,Towers with Display (VFR),0,46,79,5,130,0,5,174,0,179,0,51,253,5,309,168,0,168,477
06/23/2002,BED,MA,ANE,EN,Towers with Display (VFR),0,44,168,3,215,0,11,91,0,102,0,55,259,3,317,156,0,156,473
06/24/2002,BED,MA,ANE,EN,Towers with Display (VFR),0,53,113,2,168,0,12,347,1,360,0,65,460,3,528,290,0,290,818
06/25/2002,BED,MA,ANE,EN,Towers with Display (VFR),0,72,139,9,220,0,21,390,1,412,0,93,529,10,632,234,0,234,866
06/26/2002,BED,MA,ANE,EN,Towers with Display (VFR),3,64,155,0,222,0,10,177,1,188,3,74,332,1,410,248,0,248,658
06/27/2002,BED,MA,ANE,EN,Towers with Display (VFR),0,74,110,0,184,0,9,190,0,199,0,83,300,0,383,290,4,294,677
06/28/2002,BED,MA,ANE,EN,Towers with Display (VFR),0,83,129,6,218,0,7,227,1,235,0,90,356,7,453,292,0,292,745
06/29/2002,BED,MA,ANE,EN,Towers with Display (VFR),0,43,56,3,102,0,14,460,4,478,0,57,516,7,580,244,0,244,824
06/30/2002,BED,MA,ANE,EN,Towers with Display (VFR),1,36,89,0,126,0,9,310,1,320,1,45,399,1,446,214,0,214,660
07/01/2002,BED,MA,ANE,EN,Towers with Display (VFR),0,55,132,2,189,0,14,201,1,216,0,69,333,3,405,228,0,228,633
07/02/2002,BED,MA,ANE,EN,Towers with Display (VFR),0,64,142,2,208,0,10,120,2,132,0,74,262,4,340,264,0,264,604
07/03/2002,BED,MA,ANE,EN,Towers with Display (VFR),0,58,110,3,171,0,26,231,0,257,0,84,341,3,428,250,0,250,678
07/04/2002,BED,MA,ANE,EN,Towers with Display (VFR),1,35,34,2,72,0,27,152,1,180,1,62,186,3,252,158,0,158,410
07/05/2002,BED,MA,ANE,EN,Towers with Display (VFR),0,48,67,0,115,0,12,273,0,285,0,60,340,0,400,236,0,236,636
07/06/2002,BED,MA,ANE,EN,Towers with Display (VFR),2,43,63,2,110,0,12,316,0,328,2,55,379,2,438,278,0,278,716
07/07/2002,BED,MA,ANE,EN,Towers with Display (VFR),0,58,190,3,251,0,0,79,0,79,0,58,269,3,330,182,0,182,512
07/08/2002,BED,MA,ANE,EN,Towers with Display (VFR),0,47,109,0,156,0,0,260,0,260,0,47,369,0,416,246,0,246,662
07/09/2002,BED,MA,ANE,EN,Towers with Display (VFR),0,59,146,8,213,0,10,154,0,164,0,69,300,8,377,236,0,236,613
07/10/2002,BED,MA,ANE,EN,Towers with Display (VFR),0,67,139,6,212,0,11,357,3,371,0,78,496,9,583,262,0,262,845
07/11/2002,BED,MA,ANE,EN,Towers with Display (VFR),0,59,98,8,165,0,9,347,1,357,0,68,445,9,522,282,0,282,804
07/12/2002,BED,MA,ANE,EN,Towers with Display (VFR),0,61,101,5,167,0,13,413,1,427,0,74,514,6,594,338,0,338,932
07/13/2002,BED,MA,ANE,EN,Towers with Display (VFR),0,38,58,2,98,0,22,365,5,392,0,60,423,7,490,278,0,278,768
07/14/2002,BED,MA,ANE,EN,Towers with Display (VFR),0,42,90,4,136,0,9,326,2,337,0,51,416,6,473,310,2,312,785
07/15/2002,BED,MA,ANE,EN,Towers with Display (VFR),0,61,88,3,152,0,7,47,1,55,0,68,135,4,207,206,0,206,413
07/16/2002,BED,MA,ANE,EN,Towers with Display (VFR),0,73,141,2,216,0,11,357,0,368,0,84,498,2,584,416,0,416,1000
07/17/2002,BED,MA,ANE,EN,Towers with Display (VFR),0,92,134,2,228,0,17,319,0,336,0,109,453,2,564,350,0,350,914
07/18/2002,BED,MA,ANE,EN,Towers with Display (VFR),0,88,141,0,229,0,12,246,0,258,0,100,387,0,487,384,0,384,871
07/19/2002,BED,MA,ANE,EN,Towers with Display (VFR),0,65,141,3,209,0,0,0,0,0,0,65,141,3,209,0,0,0,209
07/20/2002,BED,MA,ANE,EN,Towers with Display (VFR),0,50,122,1,173,0,7,124,0,131,0,57,246,1,304,210,0,210,514
07/21/2002,BED,MA,ANE,EN,Towers with Display (VFR),0,34,131,4,169,0,27,271,2,300,0,61,402,6,469,322,0,322,791
07/22/2002,BED,MA,ANE,EN,Towers with Display (VFR),0,80,139,4,223,0,4,240,2,246,0,84,379,6,469,298,0,298,767
07/23/2002,BED,MA,ANE,EN,Towers with Display (VFR),0,60,135,3,198,0,7,100,1,108,0,67,235,4,306,168,0,168,474
07/24/2002,BED,MA,ANE,EN,Towers with Display (VFR),0,81,123,0,204,0,11,381,0,392,0,92,504,0,596,322,0,322,918
07/25/2002,BED,MA,ANE,EN,Towers with Display (VFR),0,70,145,3,218,0,16,430,0,446,0,86,575,3,664,254,0,254,918
07/26/2002,BED,MA,ANE,EN,Towers with Display (VFR),0,80,118,3,201,0,22,344,0,366,0,102,462,3,567,252,0,252,819
07/27/2002,BED,MA,ANE,EN,Towers with Display (VFR),1,35,93,12,141,0,10,131,1,142,1,45,224,13,283,234,0,234,517
07/28/2002,BED,MA,ANE,EN,Towers with Display (VFR),0,66,139,3,208,0,0,0,0,0,0,66,139,3,208,0,0,0,208
07/29/2002,BED,MA,ANE,EN,Towers with Display (VFR),0,75,138,3,216,0,19,203,0,222,0,94,341,3,438,246,0,246,684
07/30/2002,BED,MA,ANE,EN,Towers with Display (VFR),0,76,115,7,198,0,21,279,0,300,0,97,394,7,498,354,0,354,852
07/31/2002,BED,MA,ANE,EN,Towers with Display (VFR),0,70,140,3,213,0,20,348,0,368,0,90,488,3,581,450,0,450,1031
08/01/2002,BED,MA,ANE,EN,Towers with Display (VFR),0,56,125,6,187,0,13,356,0,369,0,69,481,6,556,356,0,356,912
08/02/2002,BED,MA,ANE,EN,Towers with Display (VFR),0,52,112,3,167,0,13,131,0,144,0,65,243,3,311,136,0,136,447
08/03/2002,BED,MA,ANE,EN,Towers with Display (VFR),1,47,48,4,100,0,17,360,0,377,1,64,408,4,477,268,0,268,745
08/04/2002,BED,MA,ANE,EN,Towers with Display (VFR),1,42,78,5,126,0,11,369,0,380,1,53,447,5,506,186,0,186,692
08/05/2002,BED,MA,ANE,EN,Towers with Display (VFR),0,63,134,2,199,0,14,124,0,138,0,77,258,2,337,238,0,238,575
08/06/2002,BED,MA,ANE,EN,Towers with Display (VFR),0,64,129,4,197,0,17,153,0,170,0,81,282,4,367,140,2,142,509
08/07/2002,BED,MA,ANE,EN,Towers with Display (VFR),1,68,112,3,184,0,17,376,0,393,1,85,488,3,577,310,0,310,887
08/08/2002,BED,MA,ANE,EN,Towers with Display (VFR),1,66,101,7,175,0,13,430,0,443,1,79,531,7,618,298,0,298,916
08/09/2002,BED,MA,ANE,EN,Towers with Display (VFR),0,62,111,1,174,0,23,387,3,413,0,85,498,4,587,316,0,316,903
08/10/2002,BED,MA,ANE,EN,Towers with Display (VFR),1,39,54,5,99,0,13,410,0,423,1,52,464,5,522,298,0,298,820
08/11/2002,BED,MA,ANE,EN,Towers with Display (VFR),2,54,77,2,135,0,25,358,1,384,2,79,435,3,519,316,0,316,835
08/12/2002,BED,MA,ANE,EN,Towers with Display (VFR),0,72,95,8,175,0,13,263,0,276,0,85,358,8,451,252,0,252,703
08/13/2002,BED,MA,ANE,EN,Towers with Display (VFR),1,74,121,2,198,0,16,166,0,182,1,90,287,2,380,216,0,216,596
08/14/2002,BED,MA,ANE,EN,Towers with Display (VFR),1,64,156,1,222,0,12,153,1,166,1,76,309,2,388,198,0,198,586
08/15/2002,BED,MA,ANE,EN,Towers with Display (VFR),0,67,106,4,177,0,19,261,0,280,0,86,367,4,457,334,0,334,791
08/16/2002,BED,MA,ANE,EN,Towers with Display (VFR),0,60,128,1,189,0,9,178,0,187,0,69,306,1,376,268,0,268,644
08/17/2002,BED,MA,ANE,EN,Towers with Display (VFR),0,56,73,2,131,0,18,323,0,341,0,74,396,2,472,214,0,214,686
08/18/2002,BED,MA,ANE,EN,Towers with Display (VFR),0,43,80,2,125,0,13,260,0,273,0,56,340,2,398,242,0,242,640
08/19/2002,BED,MA,ANE,EN,Towers with Display (VFR),0,77,93,2,172,0,7,270,0,277,0,84,363,2,449,258,0,258,707
08/20/2002,BED,MA,ANE,EN,Towers with Display (VFR),2,72,123,2,199,0,12,186,0,198,2,84,309,2,397,230,0,230,627
08/21/2002,BED,MA,ANE,EN,Towers with Display (VFR),2,66,102,5,175,0,22,377,0,399,2,88,479,5,574,336,0,336,910
08/22/2002,BED,MA,ANE,EN,Towers with Display (VFR),2,59,87,10,158,0,16,255,1,272,2,75,342,11,430,184,0,184,614
08/23/2002,BED,MA,ANE,EN,Towers with Display (VFR),0,72,124,3,199,0,17,197,1,215,0,89,321,4,414,210,0,210,624
08/24/2002,BED,MA,ANE,EN,Towers with Display (VFR),0,36,93,0,129,0,10,195,0,205,0,46,288,0,334,408,0,408,742
08/25/2002,BED,MA,ANE,EN,Towers with Display (VFR),0,57,104,4,165,0,12,291,0,303,0,69,395,4,468,168,0,168,636
08/26/2002,BED,MA,ANE,EN,Towers with Display (VFR),2,72,84,3,161,0,28,309,0,337,2,100,393,3,498,256,0,256,754
08/27/2002,BED,MA,ANE,EN,Towers with Display (VFR),1,65,110,0,176,0,16,328,2,346,1,81,438,2,522,324,0,324,846
08/28/2002,BED,MA,ANE,EN,Towers with Display (VFR),0,78,102,4,184,0,21,311,1,333,0,99,413,5,517,330,0,330,847
08/29/2002,BED,MA,ANE,EN,Towers with Display (VFR),0,83,159,3,245,0,8,0,0,8,0,91,159,3,253,0,0,0,253
08/30/2002,BED,MA,ANE,EN,Towers with Display (VFR),0,65,131,8,204,0,11,136,0,147,0,76,267,8,351,138,0,138,489
08/31/2002,BED,MA,ANE,EN,Towers with Display (VFR),0,22,75,3,100,0,7,214,0,221,0,29,289,3,321,252,0,252,573
09/01/2002,BED,MA,ANE,EN,Towers with Display (VFR),1,28,69,1,99,0,12,258,0,270,1,40,327,1,369,350,0,350,719
09/02/2002,BED,MA,ANE,EN,Towers with Display (VFR),0,52,139,4,195,0,0,0,0,0,0,52,139,4,195,0,0,0,195
09/03/2002,BED,MA,ANE,EN,Towers with Display (VFR),2,82,184,4,272,0,0,27,0,27,2,82,211,4,299,56,0,56,355
09/04/2002,BED,MA,ANE,EN,Towers with Display (VFR),0,69,121,4,194,0,12,165,0,177,0,81,286,4,371,346,0,346,717
09/05/2002,BED,MA,ANE,EN,Towers with Display (VFR),0,61,96,5,162,0,13,266,5,284,0,74,362,10,446,282,0,282,728
09/06/2002,BED,MA,ANE,EN,Towers with Display (VFR),0,73,81,8,162,0,3,350,5,358,0,76,431,13,520,268,0,268,788
09/07/2002,BED,MA,ANE,EN,Towers with Display (VFR),2,37,42,1,82,0,0,387,0,387,2,37,429,1,469,340,0,340,809
09/08/2002,BED,MA,ANE,EN,Towers with Display (VFR),0,56,85,3,144,0,16,341,0,357,0,72,426,3,501,224,0,224,725
09/09/2002,BED,MA,ANE,EN,Towers with Display (VFR),0,64,134,5,203,0,19,182,1,202,0,83,316,6,405,254,0,254,659
09/10/2002,BED,MA,ANE,EN,Towers with Display (VFR),0,61,109,4,174,0,16,236,0,252,0,77,345,4,426,384,0,384,810
09/11/2002,BED,MA,ANE,EN,Towers with Display (VFR),0,59,99,2,160,0,3,76,0,79,0,62,175,2,239,146,0,146,385
09/12/2002,BED,MA,ANE,EN,Towers with Display (VFR),0,77,147,1,225,0,8,253,0,261,0,85,400,1,486,174,0,174,660
09/13/2002,BED,MA,ANE,EN,Towers with Display (VFR),0,72,113,8,193,0,14,284,0,298,0,86,397,8,491,222,0,222,713
09/14/2002,BED,MA,ANE,EN,Towers with Display (VFR),0,49,48,11,108,0,24,463,5,492,0,73,511,16,600,330,0,330,930
09/15/2002,BED,MA,ANE,EN,Towers with Display (VFR),0,50,107,8,165,0,11,39,0,50,0,61,146,8,215,90,0,90,305
09/16/2002,BED,MA,ANE,EN,Towers with Display (VFR),0,79,109,2,190,0,0,17,0,17,0,79,126,2,207,14,0,14,221
09/17/2002,BED,MA,ANE,EN,Towers with Display (VFR),0,95,129,1,225,0,9,201,0,210,0,104,330,1,435,288,0,288,723
09/18/2002,BED,MA,ANE,EN,Towers with Display (VFR),0,51,115,2,168,0,15,336,0,351,0,66,451,2,519,206,0,206,725
09/19/2002,BED,MA,ANE,EN,Towers with Display (VFR),0,71,134,13,218,0,19,335,0,354,0,90,469,13,572,320,0,320,892
09/20/2002,BED,MA,ANE,EN,Towers with Display (VFR),5,86,147,9,247,0,13,257,0,270,5,99,404,9,517,158,0,158,675
09/21/2002,BED,MA,ANE,EN,Towers with Display (VFR),0,45,76,3,124,0,9,311,1,321,0,54,387,4,445,410,0,410,855
09/22/2002,BED,MA,ANE,EN,Towers with Display (VFR),0,57,116,6,179,0,11,267,0,278,0,68,383,6,457,342,0,342,799
09/23/2002,BED,MA,ANE,EN,Towers with Display (VFR),1,63,121,0,185,0,14,156,1,171,1,77,277,1,356,188,0,188,544
09/24/2002,BED,MA,ANE,EN,Towers with Display (VFR),1,66,136,6,209,0,13,221,0,234,1,79,357,6,443,340,0,340,783
09/25/2002,BED,MA,ANE,EN,Towers with Display (VFR),0,71,139,1,211,0,6,282,1,289,0,77,421,2,500,250,0,250,750
09/26/2002,BED,MA,ANE,EN,Towers with Display (VFR),1,53,146,2,202,0,9,187,0,196,1,62,333,2,398,304,0,304,702
09/27/2002,BED,MA,ANE,EN,Towers with Display (VFR),1,72,153,0,226,0,0,0,0,0,1,72,153,0,226,0,0,0,226
09/28/2002,BED,MA,ANE,EN,Towers with Display (VFR),1,28,73,6,108,0,0,172,0,172,1,28,245,6,280,190,0,190,470
09/29/2002,BED,MA,ANE,EN,Towers with Display (VFR),1,48,155,0,204,0,15,374,0,389,1,63,529,0,593,278,0,278,871
09/30/2002,BED,MA,ANE,EN,Towers with Display (VFR),0,63,101,0,164,0,12,252,0,264,0,75,353,0,428,258,0,258,686
10/01/2002,BED,MA,ANE,EN,Towers with Display (VFR),1,61,128,5,195,0,11,294,6,311,1,72,422,11,506,288,0,288,794
10/02/2002,BED,MA,ANE,EN,Towers with Display (VFR),0,76,169,1,246,0,24,186,0,210,0,100,355,1,456,346,0,346,802
10/03/2002,BED,MA,ANE,EN,Towers with Display (VFR),0,97,145,0,242,0,3,91,0,94,0,100,236,0,336,126,0,126,462
10/04/2002,BED,MA,ANE,EN,Towers with Display (VFR),0,83,164,9,256,0,22,125,0,147,0,105,289,9,403,156,0,156,559
10/05/2002,BED,MA,ANE,EN,Towers with Display (VFR),0,34,72,0,106,0,2,159,0,161,0,36,231,0,267,230,0,230,497
10/06/2002,BED,MA,ANE,EN,Towers with Display (VFR),1,52,131,2,186,0,2,403,6,411,1,54,534,8,597,228,0,228,825
10/07/2002,BED,MA,ANE,EN,Towers with Display (VFR),2,60,139,3,204,0,5,119,0,124,2,65,258,3,328,194,0,194,522
10/08/2002,BED,MA,ANE,EN,Towers with Display (VFR),0,58,85,10,153,0,13,330,0,343,0,71,415,10,496,212,0,212,708
10/09/2002,BED,MA,ANE,EN,Towers with Display (VFR),1,80,130,0,211,0,6,266,0,272,1,86,396,0,483,290,0,290,773
10/10/2002,BED,MA,ANE,EN,Towers with Display (VFR),1,81,169,2,253,0,15,285,7,307,1,96,454,9,560,264,0,264,824
10/11/2002,BED,MA,ANE,EN,Towers with Display (VFR),0,80,177,7,264,0,2,61,0,63,0,82,238,7,327,150,0,150,477
10/12/2002,BED,MA,ANE,EN,Towers with Display (VFR),0,34,78,1,113,0,0,0,0,0,0,34,78,1,113,0,0,0,113
10/13/2002,BED,MA,ANE,EN,Towers with Display (VFR),2,39,120,1,162,0,0,0,0,0,2,39,120,1,162,0,0,0,162
10/14/2002,BED,MA,ANE,EN,Towers with Display (VFR),1,60,113,3,177,0,25,296,0,321,1,85,409,3,498,148,0,148,646
10/15/2002,BED,MA,ANE,EN,Towers with Display (VFR),0,55,120,6,181,0,24,315,0,339,0,79,435,6,520,338,0,338,858
10/16/2002,BED,MA,ANE,EN,Towers with Display (VFR),0,48,127,1,176,0,0,5,0,5,0,48,132,1,181,32,0,32,213
10/17/2002,BED,MA,ANE,EN,Towers with Display (VFR),1,74,119,0,194,0,26,338,2,366,1,100,457,2,560,260,0,260,820
10/18/2002,BED,MA,ANE,EN,Towers with Display (VFR),5,50,110,4,169,0,26,351,0,377,5,76,461,4,546,222,0,222,768
10/19/2002,BED,MA,ANE,EN,Towers with Display (VFR),4,41,56,0,101,0,12,154,0,166,4,53,210,0,267,116,0,116,383
10/20/2002,BED,MA,ANE,EN,Towers with Display (VFR),0,39,90,7,136,0,6,426,0,432,0,45,516,7,568,234,0,234,802
10/21/2002,BED,MA,ANE,EN,Towers with Display (VFR),0,48,86,3,137,0,15,265,0,280,0,63,351,3,417,290,0,290,707
10/22/2002,BED,MA,ANE,EN,Towers with Display (VFR),1,63,112,2,178,0,21,296,0,317,1,84,408,2,495,230,0,230,725
10/23/2002,BED,MA,ANE,EN,Towers with Display (VFR),0,60,115,1,176,0,7,97,1,105,0,67,212,2,281,110,0,110,391
10/24/2002,BED,MA,ANE,EN,Towers with Display (VFR),2,63,143,7,215,0,19,333,3,355,2,82,476,10,570,238,0,238,808
10/25/2002,BED,MA,ANE,EN,Towers with Display (VFR),3,60,122,0,185,0,32,346,0,378,3,92,468,0,563,266,0,266,829
10/26/2002,BED,MA,ANE,EN,Towers with Display (VFR),4,27,53,0,84,0,0,2,0,2,4,27,55,0,86,0,0,0,86
10/27/2002,BED,MA,ANE,EN,Towers with Display (VFR),0,55,87,1,143,0,17,401,0,418,0,72,488,1,561,312,0,312,873
10/28/2002,BED,MA,ANE,EN,Towers with Display (VFR),1,67,94,3,165,0,19,253,0,272,1,86,347,3,437,186,0,186,623
10/29/2002,BED,MA,ANE,EN,Towers with Display (VFR),1,53,100,2,156,0,6,261,0,267,1,59,361,2,423,264,0,264,687
10/30/2002,BED,MA,ANE,EN,Towers with Display (VFR),0,57,98,2,157,0,27,197,0,224,0,84,295,2,381,282,0,282,663
10/31/2002,BED,MA,ANE,EN,Towers with Display (VFR),0,66,78,0,144,0,21,290,0,311,0,87,368,0,455,368,0,368,823
11/01/2002,BED,MA,ANE,EN,Towers with Display (VFR),2,54,107,6,169,0,21,231,0,252,2,75,338,6,421,194,0,194,615
11/02/2002,BED,MA,ANE,EN,Towers with Display (VFR),2,26,60,1,89,0,17,249,2,268,2,43,309,3,357,402,0,402,759
11/03/2002,BED,MA,ANE,EN,Towers with Display (VFR),1,47,81,1,130,0,6,346,1,353,1,53,427,2,483,258,0,258,741
11/04/2002,BED,MA,ANE,EN,Towers with Display (VFR),0,46,106,5,157,0,19,147,0,166,0,65,253,5,323,184,0,184,507
11/05/2002,BED,MA,ANE,EN,Towers with Display (VFR),2,58,112,0,172,0,10,222,2,234,2,68,334,2,406,256,0,256,662
11/06/2002,BED,MA,ANE,EN,Towers with Display (VFR),0,70,80,0,150,0,0,0,0,0,0,70,80,0,150,0,0,0,150
11/07/2002,BED,MA,ANE,EN,Towers with Display (VFR),0,66,115,1,182,0,12,111,1,124,0,78,226,2,306,128,0,128,434
11/08/2002,BED,MA,ANE,EN,Towers with Display (VFR),3,67,114,3,187,0,14,318,2,334,3,81,432,5,521,228,2,230,751
11/09/2002,BED,MA,ANE,EN,Towers with Display (VFR),2,37,56,0,95,0,5,360,3,368,2,42,416,3,463,294,0,294,757
11/10/2002,BED,MA,ANE,EN,Towers with Display (VFR),0,38,90,1,129,0,10,194,0,204,0,48,284,1,333,244,0,244,577
11/11/2002,BED,MA,ANE,EN,Towers with Display (VFR),2,65,78,6,151,0,2,8,0,10,2,67,86,6,161,10,0,10,171
11/12/2002,BED,MA,ANE,EN,Towers with Display (VFR),0,52,130,2,184,0,11,107,0,118,0,63,237,2,302,192,0,192,494
11/13/2002,BED,MA,ANE,EN,Towers with Display (VFR),0,54,141,0,195,0,0,8,0,8,0,54,149,0,203,18,0,18,221
11/14/2002,BED,MA,ANE,EN,Towers with Display (VFR),0,51,126,1,178,0,18,351,0,369,0,69,477,1,547,290,0,290,837
11/15/2002,BED,MA,ANE,EN,Towers with Display (VFR),4,68,90,7,169,0,20,369,0,389,4,88,459,7,558,232,0,232,790
11/16/2002,BED,MA,ANE,EN,Towers with Display (VFR),2,33,29,0,64,0,0,12,0,12,2,33,41,0,76,38,0,38,114
11/17/2002,BED,MA,ANE,EN,Towers with Display (VFR),1,30,63,0,94,0,0,0,0,0,1,30,63,0,94,0,0,0,94
11/18/2002,BED,MA,ANE,EN,Towers with Display (VFR),2,57,113,3,175,0,10,34,0,44,2,67,147,3,219,36,0,36,255
11/19/2002,BED,MA,ANE,EN,Towers with Display (VFR),3,72,120,8,203,0,16,193,1,210,3,88,313,9,413,340,0,340,753
11/20/2002,BED,MA,ANE,EN,Towers with Display (VFR),1,78,140,4,223,0,20,219,0,239,1,98,359,4,462,138,0,138,600
11/21/2002,BED,MA,ANE,EN,Towers with Display (VFR),0,46,79,1,126,0,0,0,0,0,0,46,79,1,126,0,0,0,126
11/22/2002,BED,MA,ANE,EN,Towers with Display (VFR),3,52,105,2,162,0,0,0,0,0,3,52,105,2,162,0,0,0,162
11/23/2002,BED,MA,ANE,EN,Towers with Display (VFR),2,41,38,6,87,0,5,22,0,27,2,46,60,6,114,14,0,14,128
11/24/2002,BED,MA,ANE,EN,Towers with Display (VFR),1,39,67,2,109,0,10,228,0,238,1,49,295,2,347,212,0,212,559
11/25/2002,BED,MA,ANE,EN,Towers with Display (VFR),0,52,93,0,145,0,22,235,0,257,0,74,328,0,402,320,0,320,722
11/26/2002,BED,MA,ANE,EN,Towers with Display (VFR),1,87,138,4,230,0,15,321,1,337,1,102,459,5,567,332,0,332,899
11/27/2002,BED,MA,ANE,EN,Towers with Display (VFR),0,79,100,0,179,0,2,12,0,14,0,81,112,0,193,0,0,0,193
11/28/2002,BED,MA,ANE,EN,Towers with Display (VFR),0,33,22,0,55,0,6,88,0,94,0,39,110,0,149,64,0,64,213
11/29/2002,BED,MA,ANE,EN,Towers with Display (VFR),5,33,42,0,80,0,9,158,0,167,5,42,200,0,247,294,0,294,541
11/30/2002,BED,MA,ANE,EN,Towers with Display (VFR),3,49,63,0,115,0,14,265,0,279,3,63,328,0,394,190,0,190,584
12/01/2002,BED,MA,ANE,EN,Towers with Display (VFR),2,79,144,0,225,0,10,97,0,107,2,89,241,0,332,88,0,88,420
12/02/2002,BED,MA,ANE,EN,Towers with Display (VFR),0,86,112,2,200,0,8,151,0,159,0,94,263,2,359,258,0,258,617
12/03/2002,BED,MA,ANE,EN,Towers with Display (VFR),1,74,88,4,167,0,10,45,0,55,1,84,133,4,222,16,0,16,238
12/04/2002,BED,MA,ANE,EN,Towers with Display (VFR),0,50,109,2,161,0,26,226,0,252,0,76,335,2,413,234,0,234,647
12/05/2002,BED,MA,ANE,EN,Towers with Display (VFR),0,45,75,2,122,0,0,72,0,72,0,45,147,2,194,170,0,170,364
12/06/2002,BED,MA,ANE,EN,Towers with Display (VFR),0,55,118,3,176,0,6,42,0,48,0,61,160,3,224,4,0,4,228
12/07/2002,BED,MA,ANE,EN,Towers with Display (VFR),1,48,58,1,108,0,10,352,0,362,1,58,410,1,470,206,0,206,676
12/08/2002,BED,MA,ANE,EN,Towers with Display (VFR),2,31,90,1,124,0,10,259,0,269,2,41,349,1,393,268,0,268,661
12/09/2002,BED,MA,ANE,EN,Towers with Display (VFR),1,57,94,5,157,0,6,207,0,213,1,63,301,5,370,322,0,322,692
12/10/2002,BED,MA,ANE,EN,Towers with Display (VFR),0,68,118,2,188,0,17,313,0,330,0,85,431,2,518,280,0,280,798
12/11/2002,BED,MA,ANE,EN,Towers with Display (VFR),0,48,91,2,141,0,9,165,4,178,0,57,256,6,319,315,0,315,634
12/12/2002,BED,MA,ANE,EN,Towers with Display (VFR),2,62,122,0,186,0,0,5,0,5,2,62,127,0,191,28,0,28,219
12/13/2002,BED,MA,ANE,EN,Towers with Display (VFR),3,45,117,2,167,0,17,282,0,299,3,62,399,2,466,236,0,236,702
12/14/2002,BED,MA,ANE,EN,Towers with Display (VFR),0,41,44,0,85,0,0,0,0,0,0,41,44,0,85,0,0,0,85
12/15/2002,BED,MA,ANE,EN,Towers with Display (VFR),1,27,51,0,79,0,7,275,0,282,1,34,326,0,361,290,0,290,651
12/16/2002,BED,MA,ANE,EN,Towers with Display (VFR),0,58,100,0,158,0,0,9,0,9,0,58,109,0,167,30,0,30,197
12/17/2002,BED,MA,ANE,EN,Towers with Display (VFR),1,67,104,1,173,0,14,184,5,203,1,81,288,6,376,166,0,166,542
12/18/2002,BED,MA,ANE,EN,Towers with Display (VFR),0,64,118,5,187,0,29,279,1,309,0,93,397,6,496,214,0,214,710
12/19/2002,BED,MA,ANE,EN,Towers with Display (VFR),0,61,106,6,173,0,18,250,2,270,0,79,356,8,443,274,0,274,717
12/20/2002,BED,MA,ANE,EN,Towers with Display (VFR),1,69,111,2,183,0,0,0,0,0,1,69,111,2,183,0,0,0,183
12/21/2002,BED,MA,ANE,EN,Towers with Display (VFR),0,35,65,0,100,0,14,220,0,234,0,49,285,0,334,258,0,258,592
12/22/2002,BED,MA,ANE,EN,Towers with Display (VFR),2,37,63,0,102,0,11,212,0,223,2,48,275,0,325,350,0,350,675
12/23/2002,BED,MA,ANE,EN,Towers with Display (VFR),1,49,64,0,114,0,20,209,0,229,1,69,273,0,343,156,0,156,499
12/24/2002,BED,MA,ANE,EN,Towers with Display (VFR),0,28,27,0,55,0,5,195,2,202,0,33,222,2,257,102,0,102,359
12/25/2002,BED,MA,ANE,EN,Towers with Display (VFR),1,16,6,0,23,0,0,0,0,0,1,16,6,0,23,0,0,0,23
12/26/2002,BED,MA,ANE,EN,Towers with Display (VFR),2,55,68,0,125,0,16,27,0,43,2,71,95,0,168,0,0,0,168
12/27/2002,BED,MA,ANE,EN,Towers with Display (VFR),0,48,82,0,130,0,24,209,2,235,0,72,291,2,365,144,0,144,509
12/28/2002,BED,MA,ANE,EN,Towers with Display (VFR),2,28,35,0,65,0,10,247,0,257,2,38,282,0,322,310,0,310,632
12/29/2002,BED,MA,ANE,EN,Towers with Display (VFR),1,23,40,0,64,0,7,187,0,194,1,30,227,0,258,230,0,230,488
12/30/2002,BED,MA,ANE,EN,Towers with Display (VFR),0,33,41,0,74,0,5,220,0,225,0,38,261,0,299,214,0,214,513
12/31/2002,BED,MA,ANE,EN,Towers with Display (VFR),0,13,14,0,27,0,0,0,0,0,0,13,14,0,27,0,0,0,27
01/01/2003,BED,MA,ANE,EN,Towers with Display (VFR),0,27,41,0,68,0,7,85,0,92,0,34,126,0,160,140,0,140,300
01/02/2003,BED,MA,ANE,EN,Towers with Display (VFR),4,37,45,0,86,0,8,33,0,41,4,45,78,0,127,0,0,0,127
01/03/2003,BED,MA,ANE,EN,Towers with Display (VFR),0,35,0,0,35,0,0,0,67,67,0,35,0,67,102,0,0,0,102
01/04/2003,BED,MA,ANE,EN,Towers with Display (VFR),0,31,36,0,67,0,0,0,0,0,0,31,36,0,67,0,0,0,67
01/05/2003,BED,MA,ANE,EN,Towers with Display (VFR),0,46,72,0,118,0,8,164,0,172,0,54,236,0,290,250,0,250,540
01/06/2003,BED,MA,ANE,EN,Towers with Display (VFR),1,43,70,0,114,0,2,2,0,4,1,45,72,0,118,6,0,6,124
01/07/2003,BED,MA,ANE,EN,Towers with Display (VFR),1,48,58,2,109,0,14,128,0,142,1,62,186,2,251,118,0,118,369
01/08/2003,BED,MA,ANE,EN,Towers with Display (VFR),0,49,83,0,132,0,11,127,0,138,0,60,210,0,270,180,0,180,450
01/09/2003,BED,MA,ANE,EN,Towers with Display (VFR),3,50,69,1,123,0,8,72,1,81,3,58,141,2,204,66,0,66,270
01/10/2003,BED,MA,ANE,EN,Towers with Display (VFR),0,45,117,2,164,0,4,116,2,122,0,49,233,4,286,98,0,98,384
01/11/2003,BED,MA,ANE,EN,Towers with Display (VFR),0,29,50,0,79,0,13,233,0,246,0,42,283,0,325,322,0,322,647
01/12/2003,BED,MA,ANE,EN,Towers with Display (VFR),1,29,58,0,88,0,7,196,0,203,1,36,254,0,291,216,0,216,507
01/13/2003,BED,MA,ANE,EN,Towers with Display (VFR),1,42,64,0,107,0,14,147,0,161,1,56,211,0,268,178,0,178,446
01/14/2003,BED,MA,ANE,EN,Towers with Display (VFR),0,60,93,4,157,0,15,174,0,189,0,75,267,4,346,222,0,222,568
01/15/2003,BED,MA,ANE,EN,Towers with Display (VFR),2,57,83,3,145,0,10,175,0,185,2,67,258,3,330,192,0,192,522
01/16/2003,BED,MA,ANE,EN,Towers with Display (VFR),0,54,87,0,141,0,28,216,0,244,0,82,303,0,385,284,0,284,669
01/17/2003,BED,MA,ANE,EN,Towers with Display (VFR),0,67,78,2,147,0,9,144,0,153,0,76,222,2,300,114,0,114,414
01/18/2003,BED,MA,ANE,EN,Towers with Display (VFR),0,24,43,2,69,0,11,245,0,256,0,35,288,2,325,320,0,320,645
01/19/2003,BED,MA,ANE,EN,Towers with Display (VFR),1,26,41,2,70,0,2,195,2,199,1,28,236,4,269,262,0,262,531
01/20/2003,BED,MA,ANE,EN,Towers with Display (VFR),0,51,85,2,138,0,6,70,0,76,0,57,155,2,214,102,0,102,316
01/21/2003,BED,MA,ANE,EN,Towers with Display (VFR),0,55,85,3,143,0,13,80,0,93,0,68,165,3,236,14,0,14,250
01/22/2003,BED,MA,ANE,EN,Towers with Display (VFR),1,40,81,1,123,0,9,74,0,83,1,49,155,1,206,66,0,66,272
01/23/2003,BED,MA,ANE,EN,Towers with Display (VFR),2,30,82,4,118,0,45,158,1,204,2,75,240,5,322,272,0,272,594
01/24/2003,BED,MA,ANE,EN,Towers with Display (VFR),0,40,94,4,138,0,11,179,0,190,0,51,273,4,328,212,0,212,540
01/25/2003,BED,MA,ANE,EN,Towers with Display (VFR),0,25,57,3,85,0,27,340,0,367,0,52,397,3,452,294,0,294,746
01/26/2003,BED,MA,ANE,EN,Towers with Display (VFR),2,24,70,2,98,0,0,183,0,183,2,24,253,2,281,294,0,294,575
01/27/2003,BED,MA,ANE,EN,Towers with Display (VFR),1,51,94,0,146,0,12,45,0,57,1,63,139,0,203,32,0,32,235
01/28/2003,BED,MA,ANE,EN,Towers with Display (VFR),0,50,103,2,155,0,9,130,0,139,0,59,233,2,294,56,0,56,350
01/29/2003,BED,MA,ANE,EN,Towers with Display (VFR),0,65,86,2,153,0,1,60,0,61,0,66,146,2,214,108,0,108,322
01/30/2003,BED,MA,ANE,EN,Towers with Display (VFR),0,57,119,0,176,0,15,177,0,192,0,72,296,0,368,320,0,320,688
01/31/2003,BED,MA,ANE,EN,Towers with Display (VFR),0,68,106,1,175,0,4,45,0,49,0,72,151,1,224,28,0,28,252
02/01/2003,BED,MA,ANE,EN,Towers with Display (VFR),0,28,40,1,69,0,0,0,0,0,0,28,40,1,69,0,0,0,69
02/02/2003,BED,MA,ANE,EN,Towers with Display (VFR),1,38,61,1,101,0,4,1,0,5,1,42,62,1,106,0,0,0,106
02/03/2003,BED,MA,ANE,EN,Towers with Display (VFR),0,53,99,3,155,0,0,236,0,236,0,53,335,3,391,280,0,280,671
02/04/2003,BED,MA,ANE,EN,Towers with Display (VFR),0,45,89,4,138,0,1,1,0,2,0,46,90,4,140,0,0,0,140
02/05/2003,BED,MA,ANE,EN,Towers with Display (VFR),4,50,71,0,125,0,20,147,0,167,4,70,218,0,292,140,0,140,432
02/06/2003,BED,MA,ANE,EN,Towers with Display (VFR),0,44,107,4,155,0,8,239,0,247,0,52,346,4,402,248,0,248,650
02/07/2003,BED,MA,ANE,EN,Towers with Display (VFR),0,27,64,1,92,0,0,0,0,0,0,27,64,1,92,0,0,0,92
02/08/2003,BED,MA,ANE,EN,Towers with Display (VFR),0,27,76,3,106,0,4,288,0,292,0,31,364,3,398,170,0,170,568
02/09/2003,BED,MA,ANE,EN,Towers with Display (VFR),0,31,85,5,121,0,9,252,0,261,0,40,337,5,382,220,0,220,602
02/10/2003,BED,MA,ANE,EN,Towers with Display (VFR),2,40,80,1,123,0,4,68,0,72,2,44,148,1,195,118,0,118,313
02/11/2003,BED,MA,ANE,EN,Towers with Display (VFR),0,47,87,0,134,0,12,142,0,154,0,59,229,0,288,166,0,166,454
02/12/2003,BED,MA,ANE,EN,Towers with Display (VFR),7,62,98,2,169,0,4,17,0,21,7,66,115,2,190,0,0,0,190
02/13/2003,BED,MA,ANE,EN,Towers with Display (VFR),0,58,102,4,164,0,6,123,2,131,0,64,225,6,295,94,0,94,389
02/14/2003,BED,MA,ANE,EN,Towers with Display (VFR),2,83,90,0,175,0,11,222,0,233,2,94,312,0,408,122,0,122,530
02/15/2003,BED,MA,ANE,EN,Towers with Display (VFR),1,36,59,0,96,0,18,216,0,234,1,54,275,0,330,236,0,236,566
02/16/2003,BED,MA,ANE,EN,Towers with Display (VFR),2,23,50,0,75,0,4,192,0,196,2,27,242,0,271,332,0,332,603
02/17/2003,BED,MA,ANE,EN,Towers with Display (VFR),1,5,25,2,33,0,3,0,0,3,1,8,25,2,36,12,0,12,48
02/18/2003,BED,MA,ANE,EN,Towers with Display (VFR),0,37,65,0,102,0,0,0,0,0,0,37,65,0,102,0,0,0,102
02/19/2003,BED,MA,ANE,EN,Towers with Display (VFR),2,69,104,4,179,0,27,200,0,227,2,96,304,4,406,254,0,254,660
02/20/2003,BED,MA,ANE,EN,Towers with Display (VFR),0,48,94,0,142,0,25,256,2,283,0,73,350,2,425,232,0,232,657
02/21/2003,BED,MA,ANE,EN,Towers with Display (VFR),2,52,83,3,140,0,10,310,0,320,2,62,393,3,460,256,0,256,716
02/22/2003,BED,MA,ANE,EN,Towers with Display (VFR),0,29,43,0,72,0,1,23,0,24,0,30,66,0,96,48,0,48,144
02/23/2003,BED,MA,ANE,EN,Towers with Display (VFR),0,47,73,0,120,0,0,0,0,0,0,47,73,0,120,0,0,0,120
02/24/2003,BED,MA,ANE,EN,Towers with Display (VFR),1,63,104,0,168,0,8,123,0,131,1,71,227,0,299,136,0,136,435
02/25/2003,BED,MA,ANE,EN,Towers with Display (VFR),2,48,91,4,145,0,10,142,2,154,2,58,233,6,299,178,0,178,477
02/26/2003,BED,MA,ANE,EN,Towers with Display (VFR),0,48,118,6,172,0,15,211,3,229,0,63,329,9,401,314,0,314,715
02/27/2003,BED,MA,ANE,EN,Towers with Display (VFR),0,57,79,1,137,0,3,179,3,185,0,60,258,4,322,264,0,264,586
02/28/2003,BED,MA,ANE,EN,Towers with Display (VFR),1,47,112,1,161,0,8,102,1,111,1,55,214,2,272,286,0,286,558
03/01/2003,BED,MA,ANE,EN,Towers with Display (VFR),2,41,65,1,109,0,12,341,0,353,2,53,406,1,462,368,0,368,830
03/02/2003,BED,MA,ANE,EN,Towers with Display (VFR),1,32,67,2,102,0,0,0,0,0,1,32,67,2,102,0,0,0,102
03/03/2003,BED,MA,ANE,EN,Towers with Display (VFR),4,62,71,4,141,0,10,71,0,81,4,72,142,4,222,64,0,64,286
03/04/2003,BED,MA,ANE,EN,Towers with Display (VFR),0,42,111,0,153,0,12,206,0,218,0,54,317,0,371,332,0,332,703
03/05/2003,BED,MA,ANE,EN,Towers with Display (VFR),0,76,82,2,160,0,3,33,0,36,0,79,115,2,196,82,0,82,278
03/06/2003,BED,MA,ANE,EN,Towers with Display (VFR),0,44,63,1,108,0,6,40,0,46,0,50,103,1,154,132,0,132,286
03/07/2003,BED,MA,ANE,EN,Towers with Display (VFR),1,62,83,1,147,0,12,246,0,258,1,74,329,1,405,252,0,252,657
03/08/2003,BED,MA,ANE,EN,Towers with Display (VFR),1,27,63,1,92,0,9,443,0,452,1,36,506,1,544,254,0,254,798
03/09/2003,BED,MA,ANE,EN,Towers with Display (VFR),1,27,56,1,85,0,6,113,0,119,1,33,169,1,204,170,0,170,374
03/10/2003,BED,MA,ANE,EN,Towers with Display (VFR),0,46,81,2,129,0,12,160,0,172,0,58,241,2,301,172,0,172,473
03/11/2003,BED,MA,ANE,EN,Towers with Display (VFR),0,64,79,2,145,0,24,191,0,215,0,88,270,2,360,358,0,358,718
03/12/2003,BED,MA,ANE,EN,Towers with Display (VFR),1,51,91,2,145,0,12,191,0,203,1,63,282,2,348,382,0,382,730
03/13/2003,BED,MA,ANE,EN,Towers with Display (VFR),0,45,104,9,158,0,4,37,0,41,0,49,141,9,199,60,0,60,259
03/14/2003,BED,MA,ANE,EN,Towers with Display (VFR),1,49,89,12,151,0,18,197,3,218,1,67,286,15,369,150,0,150,519
03/15/2003,BED,MA,ANE,EN,Towers with Display (VFR),1,31,73,3,108,0,20,331,0,351,1,51,404,3,459,334,0,334,793
03/16/2003,BED,MA,ANE,EN,Towers with Display (VFR),1,38,74,6,119,0,4,423,1,428,1,42,497,7,547,330,0,330,877
03/17/2003,BED,MA,ANE,EN,Towers with Display (VFR),0,56,88,0,144,0,1,220,0,221,0,57,308,0,365,334,0,334,699
03/18/2003,BED,MA,ANE,EN,Towers with Display (VFR),2,40,137,0,179,0,6,98,0,104,2,46,235,0,283,138,0,138,421
03/19/2003,BED,MA,ANE,EN,Towers with Display (VFR),2,37,100,0,139,0,10,259,0,269,2,47,359,0,408,284,0,284,692
03/20/2003,BED,MA,ANE,EN,Towers with Display (VFR),0,60,107,3,170,0,11,155,2,168,0,71,262,5,338,304,0,304,642
03/21/2003,BED,MA,ANE,EN,Towers with Display (VFR),2,63,108,0,173,0,3,47,0,50,2,66,155,0,223,140,0,140,363
03/22/2003,BED,MA,ANE,EN,Towers with Display (VFR),2,37,85,1,125,0,4,75,1,80,2,41,160,2,205,158,0,158,363
03/23/2003,BED,MA,ANE,EN,Towers with Display (VFR),3,40,119,0,162,0,11,262,3,276,3,51,381,3,438,218,0,218,656
03/24/2003,BED,MA,ANE,EN,Towers with Display (VFR),0,54,99,0,153,0,3,207,4,214,0,57,306,4,367,220,0,220,587
03/25/2003,BED,MA,ANE,EN,Towers with Display (VFR),1,56,117,0,174,0,5,151,0,156,1,61,268,0,330,174,0,174,504
03/26/2003,BED,MA,ANE,EN,Towers with Display (VFR),3,39,125,0,167,0,13,168,0,181,3,52,293,0,348,364,0,364,712
03/27/2003,BED,MA,ANE,EN,Towers with Display (VFR),1,42,102,2,147,0,12,244,0,256,1,54,346,2,403,262,0,262,665
03/28/2003,BED,MA,ANE,EN,Towers with Display (VFR),3,49,108,3,163,0,6,295,0,301,3,55,403,3,464,258,0,258,722
03/29/2003,BED,MA,ANE,EN,Towers with Display (VFR),0,31,41,0,72,0,1,24,0,25,0,32,65,0,97,18,0,18,115
03/30/2003,BED,MA,ANE,EN,Towers with Display (VFR),4,36,94,1,135,0,0,2,0,2,4,36,96,1,137,26,0,26,163
03/31/2003,BED,MA,ANE,EN,Towers with Display (VFR),1,45,60,2,108,0,9,71,0,80,1,54,131,2,188,80,0,80,268
04/01/2003,BED,MA,ANE,EN,Towers with Display (VFR),0,59,108,2,169,0,11,123,0,134,0,70,231,2,303,170,0,170,473
04/02/2003,BED,MA,ANE,EN,Towers with Display (VFR),0,72,120,4,196,0,10,107,0,117,0,82,227,4,313,340,0,340,653
04/03/2003,BED,MA,ANE,EN,Towers with Display (VFR),0,62,139,2,203,0,0,0,0,0,0,62,139,2,203,0,0,0,203
04/04/2003,BED,MA,ANE,EN,Towers with Display (VFR),0,34,71,0,105,0,0,0,0,0,0,34,71,0,105,0,0,0,105
04/05/2003,BED,MA,ANE,EN,Towers with Display (VFR),0,34,24,2,60,0,0,0,0,0,0,34,24,2,60,0,0,0,60
04/06/2003,BED,MA,ANE,EN,Towers with Display (VFR),0,32,80,4,116,0,16,212,0,228,0,48,292,4,344,264,0,264,608
04/07/2003,BED,MA,ANE,EN,Towers with Display (VFR),0,37,76,3,116,0,14,150,0,164,0,51,226,3,280,242,0,242,522
04/08/2003,BED,MA,ANE,EN,Towers with Display (VFR),2,55,94,2,153,0,0,0,0,0,2,55,94,2,153,0,0,0,153
04/09/2003,BED,MA,ANE,EN,Towers with Display (VFR),0,74,83,1,158,0,0,19,0,19,0,74,102,1,177,36,0,36,213
04/10/2003,BED,MA,ANE,EN,Towers with Display (VFR),2,68,140,2,212,0,11,303,0,314,2,79,443,2,526,236,0,236,762
04/11/2003,BED,MA,ANE,EN,Towers with Display (VFR),3,60,104,6,173,0,2,87,0,89,3,62,191,6,262,148,0,148,410
04/12/2003,BED,MA,ANE,EN,Towers with Display (VFR),0,37,57,0,94,0,2,67,0,69,0,39,124,0,163,140,0,140,303
04/13/2003,BED,MA,ANE,EN,Towers with Display (VFR),0,37,92,3,132,0,6,370,0,376,0,43,462,3,508,356,0,356,864
04/14/2003,BED,MA,ANE,EN,Towers with Display (VFR),0,55,102,4,161,0,15,265,2,282,0,70,367,6,443,338,0,338,781
04/15/2003,BED,MA,ANE,EN,Towers with Display (VFR),0,64,96,2,162,0,12,236,0,248,0,76,332,2,410,358,0,358,768
04/16/2003,BED,MA,ANE,EN,Towers with Display (VFR),1,63,108,5,177,0,23,175,2,200,1,86,283,7,377,150,0,150,527
04/17/2003,BED,MA,ANE,EN,Towers with Display (VFR),1,61,115,4,181,0,19,213,6,238,1,80,328,10,419,184,4,188,607
04/18/2003,BED,MA,ANE,EN,Towers with Display (VFR),2,68,148,3,221,0,21,293,0,314,2,89,441,3,535,248,0,248,783
04/19/2003,BED,MA,ANE,EN,Towers with Display (VFR),0,42,99,2,143,0,26,351,0,377,0,68,450,2,520,372,0,372,892
04/20/2003,BED,MA,ANE,EN,Towers with Display (VFR),2,32,51,2,87,0,8,268,0,276,2,40,319,2,363,324,0,324,687
04/21/2003,BED,MA,ANE,EN,Towers with Display (VFR),3,62,134,2,201,0,8,306,0,314,3,70,440,2,515,327,0,327,842
04/22/2003,BED,MA,ANE,EN,Towers with Display (VFR),2,61,123,0,186,0,0,0,0,0,2,61,123,0,186,0,0,0,186
04/23/2003,BED,MA,ANE,EN,Towers with Display (VFR),0,66,132,3,201,0,4,117,0,121,0,70,249,3,322,230,0,230,552
04/24/2003,BED,MA,ANE,EN,Towers with Display (VFR),0,61,143,0,204,0,13,109,0,122,0,74,252,0,326,104,0,104,430
04/25/2003,BED,MA,ANE,EN,Towers with Display (VFR),0,50,149,4,203,0,16,342,3,361,0,66,491,7,564,216,0,216,780
04/26/2003,BED,MA,ANE,EN,Towers with Display (VFR),0,32,69,1,102,0,0,0,0,0,0,32,69,1,102,0,0,0,102
04/27/2003,BED,MA,ANE,EN,Towers with Display (VFR),0,37,146,1,184,0,20,286,0,306,0,57,432,1,490,262,0,262,752
04/28/2003,BED,MA,ANE,EN,Towers with Display (VFR),2,68,93,2,165,0,6,294,0,300,2,74,387,2,465,252,0,252,717
04/29/2003,BED,MA,ANE,EN,Towers with Display (VFR),2,60,114,2,178,0,16,290,1,307,2,76,404,3,485,284,0,284,769
04/30/2003,BED,MA,ANE,EN,Towers with Display (VFR),0,48,119,5,172,0,12,375,1,388,0,60,494,6,560,292,0,292,852
05/01/2003,BED,MA,ANE,EN,Towers with Display (VFR),3,83,161,9,256,0,6,36,0,42,3,89,197,9,298,74,0,74,372
05/02/2003,BED,MA,ANE,EN,Towers with Display (VFR),0,61,118,1,180,0,10,109,0,119,0,71,227,1,299,174,0,174,473
05/03/2003,BED,MA,ANE,EN,Towers with Display (VFR),0,28,51,1,80,0,10,202,0,212,0,38,253,1,292,322,0,322,614
05/04/2003,BED,MA,ANE,EN,Towers with Display (VFR),3,47,73,2,125,0,7,372,0,379,3,54,445,2,504,292,0,292,796
05/05/2003,BED,MA,ANE,EN,Towers with Display (VFR),0,54,93,2,149,0,15,252,0,267,0,69,345,2,416,358,0,358,774
05/06/2003,BED,MA,ANE,EN,Towers with Display (VFR),0,72,139,2,213,0,3,23,0,26,0,75,162,2,239,62,0,62,301
05/07/2003,BED,MA,ANE,EN,Towers with Display (VFR),0,64,136,0,200,0,9,247,0,256,0,73,383,0,456,244,0,244,700
05/08/2003,BED,MA,ANE,EN,Towers with Display (VFR),1,74,180,3,258,0,5,37,0,42,1,79,217,3,300,62,0,62,362
05/09/2003,BED,MA,ANE,EN,Towers with Display (VFR),0,51,183,0,234,0,9,188,0,197,0,60,371,0,431,160,0,160,591
05/10/2003,BED,MA,ANE,EN,Towers with Display (VFR),1,33,52,2,88,0,9,358,0,367,1,42,410,2,455,196,0,196,651
05/11/2003,BED,MA,ANE,EN,Towers with Display (VFR),0,37,87,2,126,0,3,190,0,193,0,40,277,2,319,258,0,258,577
05/12/2003,BED,MA,ANE,EN,Towers with Display (VFR),2,61,133,2,198,0,0,5,0,5,2,61,138,2,203,19,0,19,222
05/13/2003,BED,MA,ANE,EN,Towers with Display (VFR),3,57,119,5,184,0,13,146,1,160,3,70,265,6,344,340,0,340,684
05/14/2003,BED,MA,ANE,EN,Towers with Display (VFR),0,52,167,6,225,0,1,179,1,181,0,53,346,7,406,302,0,302,708
05/15/2003,BED,MA,ANE,EN,Towers with Display (VFR),2,65,177,1,245,0,1,268,3,272,2,66,445,4,517,264,0,264,781
05/16/2003,BED,MA,ANE,EN,Towers with Display (VFR),0,78,175,6,259,0,1,127,4,132,0,79,302,10,391,190,0,190,581
05/17/2003,BED,MA,ANE,EN,Towers with Display (VFR),0,38,114,0,152,0,10,237,0,247,0,48,351,0,399,292,0,292,691
05/18/2003,BED,MA,ANE,EN,Towers with Display (VFR),0,47,99,3,149,0,21,423,0,444,0,68,522,3,593,314,0,314,907
05/19/2003,BED,MA,ANE,EN,Towers with Display (VFR),2,54,115,0,171,0,7,423,0,430,2,61,538,0,601,302,0,302,903
05/20/2003,BED,MA,ANE,EN,Towers with Display (VFR),1,57,131,4,193,0,19,270,0,289,1,76,401,4,482,244,0,244,726
05/21/2003,BED,MA,ANE,EN,Towers with Display (VFR),1,49,166,3,219,0,6,85,0,91,1,55,251,3,310,142,0,142,452
05/22/2003,BED,MA,ANE,EN,Towers with Display (VFR),0,45,186,5,236,0,10,145,1,156,0,55,331,6,392,166,0,166,558
05/23/2003,BED,MA,ANE,EN,Towers with Display (VFR),0,57,153,5,215,0,0,0,0,0,0,57,153,5,215,0,0,0,215
05/24/2003,BED,MA,ANE,EN,Towers with Display (VFR),0,28,65,0,93,0,0,0,0,0,0,28,65,0,93,0,0,0,93
05/25/2003,BED,MA,ANE,EN,Towers with Display (VFR),0,4,84,0,88,0,6,25,0,31,0,10,109,0,119,34,0,34,153
05/26/2003,BED,MA,ANE,EN,Towers with Display (VFR),0,41,99,0,140,0,0,2,0,2,0,41,101,0,142,6,0,6,148
05/27/2003,BED,MA,ANE,EN,Towers with Display (VFR),0,62,91,4,157,0,4,112,0,116,0,66,203,4,273,233,0,233,506
05/28/2003,BED,MA,ANE,EN,Towers with Display (VFR),0,73,112,0,185,0,18,76,0,94,0,91,188,0,279,214,0,214,493
05/29/2003,BED,MA,ANE,EN,Towers with Display (VFR),4,65,128,4,201,0,13,229,0,242,4,78,357,4,443,270,0,270,713
05/30/2003,BED,MA,ANE,EN,Towers with Display (VFR),0,52,126,2,180,0,13,255,1,269,0,65,381,3,449,210,0,210,659
05/31/2003,BED,MA,ANE,EN,Towers with Display (VFR),0,29,58,3,90,0,5,285,0,290,0,34,343,3,380,328,0,328,708
06/01/2003,BED,MA,ANE,EN,Towers with Display (VFR),0,29,54,5,88,0,0,3,0,3,0,29,57,5,91,8,0,8,99
06/02/2003,BED,MA,ANE,EN,Towers with Display (VFR),0,41,99,0,140,0,10,257,1,268,0,51,356,1,408,214,0,214,622
06/03/2003,BED,MA,ANE,EN,Towers with Display (VFR),1,50,134,4,189,0,11,321,1,333,1,61,455,5,522,346,0,346,868
06/04/2003,BED,MA,ANE,EN,Towers with Display (VFR),0,60,182,3,245,0,17,135,0,152,0,77,317,3,397,154,0,154,551
06/05/2003,BED,MA,ANE,EN,Towers with Display (VFR),0,63,203,2,268,0,0,6,0,6,0,63,209,2,274,10,0,10,284
06/06/2003,BED,MA,ANE,EN,Towers with Display (VFR),1,60,125,3,189,0,13,405,3,421,1,73,530,6,610,264,2,266,876
06/07/2003,BED,MA,ANE,EN,Towers with Display (VFR),0,19,81,0,100,0,3,177,0,180,0,22,258,0,280,206,0,206,486
06/08/2003,BED,MA,ANE,EN,Towers with Display (VFR),0,46,143,2,191,0,2,70,0,72,0,48,213,2,263,190,0,190,453
06/09/2003,BED,MA,ANE,EN,Towers with Display (VFR),0,55,138,4,197,0,7,86,0,93,0,62,224,4,290,128,0,128,418
06/10/2003,BED,MA,ANE,EN,Towers with Display (VFR),0,60,103,2,165,0,5,351,0,356,0,65,454,2,521,330,0,330,851
06/11/2003,BED,MA,ANE,EN,Towers with Display (VFR),0,67,140,0,207,0,6,128,2,136,0,73,268,2,343,104,0,104,447
06/12/2003,BED,MA,ANE,EN,Towers with Display (VFR),0,67,163,0,230,0,14,160,0,174,0,81,323,0,404,254,0,254,658
06/13/2003,BED,MA,ANE,EN,Towers with Display (VFR),0,50,119,4,173,0,2,28,0,30,0,52,147,4,203,32,0,32,235
06/14/2003,BED,MA,ANE,EN,Towers with Display (VFR),0,32,89,0,121,0,6,62,0,68,0,38,151,0,189,184,0,184,373
06/15/2003,BED,MA,ANE,EN,Towers with Display (VFR),0,34,99,1,134,0,10,341,0,351,0,44,440,1,485,392,0,392,877
06/16/2003,BED,MA,ANE,EN,Towers with Display (VFR),0,56,118,3,177,0,9,324,0,333,0,65,442,3,510,428,0,428,938
06/17/2003,BED,MA,ANE,EN,Towers with Display (VFR),0,66,133,4,203,0,30,302,0,332,0,96,435,4,535,288,0,288,823
06/18/2003,BED,MA,ANE,EN,Towers with Display (VFR),0,63,164,2,229,0,0,20,0,20,0,63,184,2,249,54,0,54,303
06/19/2003,BED,MA,ANE,EN,Towers with Display (VFR),0,64,139,4,207,0,5,155,1,161,0,69,294,5,368,198,0,198,566
06/20/2003,BED,MA,ANE,EN,Towers with Display (VFR),0,69,133,10,212,0,9,237,4,250,0,78,370,14,462,228,0,228,690
06/21/2003,BED,MA,ANE,EN,Towers with Display (VFR),0,22,64,1,87,0,7,218,0,225,0,29,282,1,312,294,0,294,606
06/22/2003,BED,MA,ANE,EN,Towers with Display (VFR),0,26,96,3,125,0,1,5,0,6,0,27,101,3,131,18,0,18,149
06/23/2003,BED,MA,ANE,EN,Towers with Display (VFR),0,39,130,3,172,0,9,126,0,135,0,48,256,3,307,224,0,224,531
06/24/2003,BED,MA,ANE,EN,Towers with Display (VFR),0,64,114,0,178,0,29,318,0,347,0,93,432,0,525,308,0,308,833
06/25/2003,BED,MA,ANE,EN,Towers with Display (VFR),1,68,121,0,190,0,4,327,6,337,1,72,448,6,527,306,0,306,833
06/26/2003,BED,MA,ANE,EN,Towers with Display (VFR),0,48,111,7,166,0,13,231,3,247,0,61,342,10,413,282,0,282,695
06/27/2003,BED,MA,ANE,EN,Towers with Display (VFR),0,70,166,7,243,0,11,93,2,106,0,81,259,9,349,166,0,166,515
06/28/2003,BED,MA,ANE,EN,Towers with Display (VFR),0,32,47,3,82,0,11,321,2,334,0,43,368,5,416,234,0,234,650
06/29/2003,BED,MA,ANE,EN,Towers with Display (VFR),0,40,76,5,121,0,7,287,1,295,0,47,363,6,416,414,0,414,830
06/30/2003,BED,MA,ANE,EN,Towers with Display (VFR),0,53,106,7,166,0,9,163,0,172,0,62,269,7,338,422,0,422,760
07/01/2003,BED,MA,ANE,EN,Towers with Display (VFR),0,27,57,1,85,0,2,0,4,6,0,29,57,5,91,8,0,8,99
07/02/2003,BED,MA,ANE,EN,Towers with Display (VFR),4,118,97,4,223,0,12,356,0,368,4,130,453,4,591,298,0,298,889
07/03/2003,BED,MA,ANE,EN,Towers with Display (VFR),1,29,115,2,147,0,6,252,3,261,1,35,367,5,408,322,0,322,730
07/04/2003,BED,MA,ANE,EN,Towers with Display (VFR),0,11,53,0,64,0,14,142,0,156,0,25,195,0,220,146,0,146,366
07/05/2003,BED,MA,ANE,EN,Towers with Display (VFR),0,24,52,2,78,0,5,193,0,198,0,29,245,2,276,208,0,208,484
07/06/2003,BED,MA,ANE,EN,Towers with Display (VFR),0,25,86,3,114,0,14,305,0,319,0,39,391,3,433,246,0,246,679
07/07/2003,BED,MA,ANE,EN,Towers with Display (VFR),0,53,98,1,152,0,4,247,0,251,0,57,345,1,403,391,0,391,794
07/08/2003,BED,MA,ANE,EN,Towers with Display (VFR),0,61,122,2,185,0,19,181,0,200,0,80,303,2,385,272,0,272,657
07/09/2003,BED,MA,ANE,EN,Towers with Display (VFR),1,60,127,5,193,0,11,139,0,150,1,71,266,5,343,136,0,136,479
07/10/2003,BED,MA,ANE,EN,Towers with Display (VFR),0,61,97,1,159,0,14,394,1,409,0,75,491,2,568,308,0,308,876
07/11/2003,BED,MA,ANE,EN,Towers with Display (VFR),0,55,125,4,184,0,0,0,0,0,0,55,125,4,184,0,0,0,184
07/12/2003,BED,MA,ANE,EN,Towers with Display (VFR),2,20,77,1,100,0,5,255,0,260,2,25,332,1,360,198,0,198,558
07/13/2003,BED,MA,ANE,EN,Towers with Display (VFR),2,30,81,1,114,0,14,368,0,382,2,44,449,1,496,338,0,338,834
07/14/2003,BED,MA,ANE,EN,Towers with Display (VFR),0,57,118,2,177,0,17,218,0,235,0,74,336,2,412,232,0,232,644
07/15/2003,BED,MA,ANE,EN,Towers with Display (VFR),0,50,127,3,180,0,14,249,0,263,0,64,376,3,443,302,0,302,745
07/16/2003,BED,MA,ANE,EN,Towers with Display (VFR),0,59,143,5,207,0,4,81,0,85,0,63,224,5,292,262,0,262,554
07/17/2003,BED,MA,ANE,EN,Towers with Display (VFR),0,50,150,3,203,0,14,409,3,426,0,64,559,6,629,294,0,294,923
07/18/2003,BED,MA,ANE,EN,Towers with Display (VFR),0,64,125,8,197,0,6,158,0,164,0,70,283,8,361,170,0,170,531
07/19/2003,BED,MA,ANE,EN,Towers with Display (VFR),0,27,86,11,124,0,23,238,0,261,0,50,324,11,385,286,0,286,671
07/20/2003,BED,MA,ANE,EN,Towers with Display (VFR),3,47,146,6,202,0,7,322,2,331,3,54,468,8,533,306,0,306,839
07/21/2003,BED,MA,ANE,EN,Towers with Display (VFR),1,54,123,8,186,0,6,181,0,187,1,60,304,8,373,328,0,328,701
07/22/2003,BED,MA,ANE,EN,Towers with Display (VFR),0,58,93,1,152,0,8,66,0,74,0,66,159,1,226,114,0,114,340
07/23/2003,BED,MA,ANE,EN,Towers with Display (VFR),0,60,95,0,155,0,3,24,0,27,0,63,119,0,182,110,0,110,292
07/24/2003,BED,MA,ANE,EN,Towers with Display (VFR),0,72,142,1,215,0,10,82,0,92,0,82,224,1,307,218,0,218,525
07/25/2003,BED,MA,ANE,EN,Towers with Display (VFR),0,60,130,1,191,0,23,357,2,382,0,83,487,3,573,192,0,192,765
07/26/2003,BED,MA,ANE,EN,Towers with Display (VFR),2,26,56,0,84,0,26,405,0,431,2,52,461,0,515,348,0,348,863
07/27/2003,BED,MA,ANE,EN,Towers with Display (VFR),0,31,72,2,105,0,5,188,0,193,0,36,260,2,298,374,0,374,672
07/28/2003,BED,MA,ANE,EN,Towers with Display (VFR),0,67,113,2,182,0,23,262,0,285,0,90,375,2,467,284,0,284,751
07/29/2003,BED,MA,ANE,EN,Towers with Display (VFR),0,69,114,0,183,0,17,295,0,312,0,86,409,0,495,364,0,364,859
07/30/2003,BED,MA,ANE,EN,Towers with Display (VFR),0,70,138,4,212,0,35,434,0,469,0,105,572,4,681,376,0,376,1057
07/31/2003,BED,MA,ANE,EN,Towers with Display (VFR),0,57,118,2,177,0,11,316,0,327,0,68,434,2,504,270,0,270,774
08/01/2003,BED,MA,ANE,EN,Towers with Display (VFR),0,64,142,1,207,0,0,1,0,1,0,64,143,1,208,0,0,0,208
08/02/2003,BED,MA,ANE,EN,Towers with Display (VFR),0,30,76,2,108,0,1,12,0,13,0,31,88,2,121,4,0,4,125
08/03/2003,BED,MA,ANE,EN,Towers with Display (VFR),2,41,107,2,152,0,3,23,0,26,2,44,130,2,178,10,0,10,188
08/04/2003,BED,MA,ANE,EN,Towers with Display (VFR),0,75,124,6,205,0,1,36,0,37,0,76,160,6,242,66,0,66,308
08/05/2003,BED,MA,ANE,EN,Towers with Display (VFR),0,58,97,4,159,0,9,60,0,69,0,67,157,4,228,162,0,162,390
08/06/2003,BED,MA,ANE,EN,Towers with Display (VFR),0,51,117,2,170,0,0,152,0,152,0,51,269,2,322,346,0,346,668
08/07/2003,BED,MA,ANE,EN,Towers with Display (VFR),0,64,121,2,187,0,3,110,1,114,0,67,231,3,301,334,0,334,635
08/08/2003,BED,MA,ANE,EN,Towers with Display (VFR),0,49,140,0,189,0,2,43,0,45,0,51,183,0,234,74,0,74,308
08/09/2003,BED,MA,ANE,EN,Towers with Display (VFR),0,23,70,0,93,0,10,39,0,49,0,33,109,0,142,94,0,94,236
08/10/2003,BED,MA,ANE,EN,Towers with Display (VFR),0,33,92,2,127,0,5,98,3,106,0,38,190,5,233,332,0,332,565
08/11/2003,BED,MA,ANE,EN,Towers with Display (VFR),0,65,122,0,187,0,8,122,0,130,0,73,244,0,317,336,0,336,653
08/12/2003,BED,MA,ANE,EN,Towers with Display (VFR),0,59,147,0,206,0,4,60,0,64,0,63,207,0,270,230,0,230,500
08/13/2003,BED,MA,ANE,EN,Towers with Display (VFR),0,58,123,0,181,0,8,81,0,89,0,66,204,0,270,142,0,142,412
08/14/2003,BED,MA,ANE,EN,Towers with Display (VFR),0,52,124,2,178,0,18,419,0,437,0,70,543,2,615,332,0,332,947
08/15/2003,BED,MA,ANE,EN,Towers with Display (VFR),1,51,125,1,178,0,11,335,0,346,1,62,460,1,524,262,0,262,786
08/16/2003,BED,MA,ANE,EN,Towers with Display (VFR),2,29,71,0,102,0,2,234,0,236,2,31,305,0,338,342,0,342,680
08/17/2003,BED,MA,ANE,EN,Towers with Display (VFR),0,24,127,2,153,0,2,237,0,239,0,26,364,2,392,404,0,404,796
08/18/2003,BED,MA,ANE,EN,Towers with Display (VFR),0,55,136,8,199,0,5,227,0,232,0,60,363,8,431,342,0,342,773
08/19/2003,BED,MA,ANE,EN,Towers with Display (VFR),0,49,105,9,163,0,19,318,0,337,0,68,423,9,500,290,0,290,790
08/20/2003,BED,MA,ANE,EN,Towers with Display (VFR),0,52,130,8,190,0,13,385,1,399,0,65,515,9,589,294,0,294,883
08/21/2003,BED,MA,ANE,EN,Towers with Display (VFR),1,48,98,18,165,0,17,311,2,330,1,65,409,20,495,304,0,304,799
08/22/2003,BED,MA,ANE,EN,Towers with Display (VFR),0,36,141,5,182,0,4,64,0,68,0,40,205,5,250,102,0,102,352
08/23/2003,BED,MA,ANE,EN,Towers with Display (VFR),0,33,50,2,85,0,10,386,0,396,0,43,436,2,481,254,0,254,735
08/24/2003,BED,MA,ANE,EN,Towers with Display (VFR),0,31,69,2,102,0,18,364,0,382,0,49,433,2,484,256,0,256,740
08/25/2003,BED,MA,ANE,EN,Towers with Display (VFR),2,64,100,8,174,0,12,300,0,312,2,76,400,8,486,332,0,332,818
08/26/2003,BED,MA,ANE,EN,Towers with Display (VFR),0,66,105,4,175,0,6,309,0,315,0,72,414,4,490,296,0,296,786
08/27/2003,BED,MA,ANE,EN,Towers with Display (VFR),1,53,110,9,173,0,7,279,2,288,1,60,389,11,461,326,0,326,787
08/28/2003,BED,MA,ANE,EN,Towers with Display (VFR),0,66,104,6,176,0,13,363,4,380,0,79,467,10,556,336,0,336,892
08/29/2003,BED,MA,ANE,EN,Towers with Display (VFR),0,57,107,4,168,0,15,237,0,252,0,72,344,4,420,270,0,270,690
08/30/2003,BED,MA,ANE,EN,Towers with Display (VFR),0,28,75,1,104,0,3,211,0,214,0,31,286,1,318,284,0,284,602
08/31/2003,BED,MA,ANE,EN,Towers with Display (VFR),0,24,53,1,78,0,8,326,0,334,0,32,379,1,412,276,0,276,688
09/01/2003,BED,MA,ANE,EN,Towers with Radar,0,44,83,0,127,0,15,148,0,163,0,59,231,0,290,376,0,376,666
09/02/2003,BED,MA,ANE,EN,Towers with Radar,1,46,119,2,168,0,6,35,0,41,1,52,154,2,209,74,0,74,283
09/03/2003,BED,MA,ANE,EN,Towers with Radar,0,53,130,5,188,0,11,132,0,143,0,64,262,5,331,278,0,278,609
09/04/2003,BED,MA,ANE,EN,Towers with Radar,0,59,123,1,183,0,0,0,0,0,0,59,123,1,183,4,0,4,187
09/05/2003,BED,MA,ANE,EN,Towers with Radar,3,56,156,2,217,0,11,285,0,296,3,67,441,2,513,252,0,252,765
09/06/2003,BED,MA,ANE,EN,Towers with Radar,3,29,62,2,96,0,33,373,0,406,3,62,435,2,502,304,0,304,806
09/07/2003,BED,MA,ANE,EN,Towers with Radar,2,33,97,2,134,0,12,378,1,391,2,45,475,3,525,284,0,284,809
09/08/2003,BED,MA,ANE,EN,Towers with Radar,0,38,107,0,145,0,16,236,0,252,0,54,343,0,397,288,0,288,685
09/09/2003,BED,MA,ANE,EN,Towers with Radar,0,56,107,0,163,0,9,238,1,248,0,65,345,1,411,268,0,268,679
09/10/2003,BED,MA,ANE,EN,Towers with Radar,0,59,95,0,154,0,29,384,1,414,0,88,479,1,568,310,0,310,878
09/11/2003,BED,MA,ANE,EN,Towers with Radar,0,54,104,2,160,0,19,319,0,338,0,73,423,2,498,330,0,330,828
09/12/2003,BED,MA,ANE,EN,Towers with Radar,0,51,131,11,193,0,20,269,8,297,0,71,400,19,490,176,0,176,666
09/13/2003,BED,MA,ANE,EN,Towers with Radar,0,35,105,1,141,0,7,157,2,166,0,42,262,3,307,276,0,276,583
09/14/2003,BED,MA,ANE,EN,Towers with Radar,2,33,133,4,172,0,5,113,0,118,2,38,246,4,290,246,0,246,536
09/15/2003,BED,MA,ANE,EN,Towers with Radar,0,57,120,4,181,0,11,93,0,104,0,68,213,4,285,170,0,170,455
09/16/2003,BED,MA,ANE,EN,Towers with Radar,0,53,145,5,203,0,3,117,0,120,0,56,262,5,323,252,0,252,575
09/17/2003,BED,MA,ANE,EN,Towers with Radar,0,50,124,0,174,0,29,290,0,319,0,79,414,0,493,316,0,316,809
09/18/2003,BED,MA,ANE,EN,Towers with Radar,2,47,81,1,131,0,13,203,4,220,2,60,284,5,351,208,0,208,559
09/19/2003,BED,MA,ANE,EN,Towers with Radar,1,52,63,1,117,0,0,0,0,0,1,52,63,1,117,0,0,0,117
09/20/2003,BED,MA,ANE,EN,Towers with Radar,2,29,89,0,120,0,6,258,0,264,2,35,347,0,384,288,0,288,672
09/21/2003,BED,MA,ANE,EN,Towers with Radar,1,37,78,3,119,0,16,376,0,392,1,53,454,3,511,312,0,312,823
09/22/2003,BED,MA,ANE,EN,Towers with Radar,1,49,132,0,182,0,6,249,1,256,1,55,381,1,438,320,0,320,758
09/23/2003,BED,MA,ANE,EN,Towers with Radar,1,75,126,2,204,0,6,30,0,36,1,81,156,2,240,118,0,118,358
09/24/2003,BED,MA,ANE,EN,Towers with Radar,0,63,119,2,184,0,15,338,3,356,0,78,457,5,540,312,0,312,852
09/25/2003,BED,MA,ANE,EN,Towers with Radar,0,68,145,5,218,0,11,281,1,293,0,79,426,6,511,334,0,334,845
09/26/2003,BED,MA,ANE,EN,Towers with Radar,0,60,219,1,280,0,0,0,0,0,0,60,219,1,280,0,0,0,280
09/27/2003,BED,MA,ANE,EN,Towers with Radar,3,29,73,0,105,0,3,80,0,83,3,32,153,0,188,238,0,238,426
09/28/2003,BED,MA,ANE,EN,Towers with Radar,1,34,138,5,178,0,0,3,0,3,1,34,141,5,181,6,0,6,187
09/29/2003,BED,MA,ANE,EN,Towers with Radar,0,66,130,3,199,0,14,324,1,339,0,80,454,4,538,286,0,286,824
09/30/2003,BED,MA,ANE,EN,Towers with Radar,0,45,120,3,168,0,19,300,0,319,0,64,420,3,487,372,0,372,859
10/01/2003,BED,MA,ANE,EN,Towers with Radar,0,72,131,1,204,0,16,189,1,206,0,88,320,2,410,228,0,228,638
10/02/2003,BED,MA,ANE,EN,Towers with Radar,0,70,132,2,204,0,7,204,4,215,0,77,336,6,419,240,0,240,659
10/03/2003,BED,MA,ANE,EN,Towers with Radar,0,65,124,7,196,0,25,315,5,345,0,90,439,12,541,136,2,138,679
10/04/2003,BED,MA,ANE,EN,Towers with Radar,0,25,77,0,102,0,3,68,0,71,0,28,145,0,173,170,0,170,343
10/05/2003,BED,MA,ANE,EN,Towers with Radar,0,41,85,3,129,0,15,276,3,294,0,56,361,6,423,352,0,352,775
10/06/2003,BED,MA,ANE,EN,Towers with Radar,0,41,104,6,151,0,14,235,0,249,0,55,339,6,400,244,0,244,644
10/07/2003,BED,MA,ANE,EN,Towers with Radar,0,54,109,4,167,0,12,249,0,261,0,66,358,4,428,310,0,310,738
10/08/2003,BED,MA,ANE,EN,Towers with Radar,0,69,100,3,172,0,2,291,0,293,0,71,391,3,465,242,0,242,707
10/09/2003,BED,MA,ANE,EN,Towers with Radar,1,62,133,6,202,0,21,207,2,230,1,83,340,8,432,84,0,84,516
10/10/2003,BED,MA,ANE,EN,Towers with Radar,1,62,185,6,254,0,12,157,7,176,1,74,342,13,430,48,0,48,478
10/11/2003,BED,MA,ANE,EN,Towers with Radar,2,45,100,4,151,0,8,344,5,357,2,53,444,9,508,314,0,314,822
10/12/2003,BED,MA,ANE,EN,Towers with Radar,0,35,116,2,153,0,3,17,0,20,0,38,133,2,173,90,0,90,263
10/13/2003,BED,MA,ANE,EN,Towers with Radar,2,61,119,4,186,0,6,347,0,353,2,67,466,4,539,226,0,226,765
10/14/2003,BED,MA,ANE,EN,Towers with Radar,3,50,100,3,156,0,7,215,1,223,3,57,315,4,379,234,0,234,613
10/15/2003,BED,MA,ANE,EN,Towers with Radar,0,54,75,3,132,0,5,12,0,17,0,59,87,3,149,0,0,0,149
10/16/2003,BED,MA,ANE,EN,Towers with Radar,0,68,132,1,201,0,0,181,0,181,0,68,313,1,382,226,0,226,608
10/17/2003,BED,MA,ANE,EN,Towers with Radar,1,66,119,7,193,0,8,211,0,219,1,74,330,7,412,160,0,160,572
10/18/2003,BED,MA,ANE,EN,Towers with Radar,3,30,69,6,108,0,14,280,0,294,3,44,349,6,402,296,0,296,698
10/19/2003,BED,MA,ANE,EN,Towers with Radar,0,49,97,1,147,0,7,77,0,84,0,56,174,1,231,224,0,224,455
10/20/2003,BED,MA,ANE,EN,Towers with Radar,0,48,133,0,181,0,25,243,0,268,0,73,376,0,449,244,0,244,693
10/21/2003,BED,MA,ANE,EN,Towers with Radar,0,57,119,3,179,0,6,71,0,77,0,63,190,3,256,64,0,64,320
10/22/2003,BED,MA,ANE,EN,Towers with Radar,0,66,122,6,194,0,0,22,0,22,0,66,144,6,216,100,0,100,316
10/23/2003,BED,MA,ANE,EN,Towers with Radar,2,79,112,1,194,0,5,19,0,24,2,84,131,1,218,4,0,4,222
10/24/2003,BED,MA,ANE,EN,Towers with Radar,3,72,130,3,208,0,13,284,1,298,3,85,414,4,506,218,0,218,724
10/25/2003,BED,MA,ANE,EN,Towers with Radar,2,36,58,1,97,0,9,403,0,412,2,45,461,1,509,198,0,198,707
10/26/2003,BED,MA,ANE,EN,Towers with Radar,0,47,130,4,181,0,1,30,0,31,0,48,160,4,212,90,0,90,302
10/27/2003,BED,MA,ANE,EN,Towers with Radar,1,56,96,7,160,0,0,2,0,2,1,56,98,7,162,0,0,0,162
10/28/2003,BED,MA,ANE,EN,Towers with Radar,0,67,119,3,189,0,13,251,7,271,0,80,370,10,460,304,0,304,764
10/29/2003,BED,MA,ANE,EN,Towers with Radar,0,66,82,0,148,0,0,5,0,5,0,66,87,0,153,0,0,0,153
10/30/2003,BED,MA,ANE,EN,Towers with Radar,2,74,104,6,186,0,14,325,0,339,2,88,429,6,525,224,0,224,749
10/31/2003,BED,MA,ANE,EN,Towers with Radar,4,57,107,7,175,0,16,285,0,301,4,73,392,7,476,256,0,256,732
11/01/2003,BED,MA,ANE,EN,Towers with Radar,4,20,78,0,102,0,15,384,0,399,4,35,462,0,501,344,0,344,845
11/02/2003,BED,MA,ANE,EN,Towers with Radar,0,31,118,2,151,0,6,205,4,215,0,37,323,6,366,370,0,370,736
11/03/2003,BED,MA,ANE,EN,Towers with Radar,1,57,129,2,189,0,2,39,0,41,1,59,168,2,230,138,0,138,368
11/04/2003,BED,MA,ANE,EN,Towers with Radar,2,78,111,0,191,0,1,8,0,9,2,79,119,0,200,0,0,0,200
11/05/2003,BED,MA,ANE,EN,Towers with Radar,0,60,99,2,161,0,0,0,0,0,0,60,99,2,161,0,0,0,161
11/06/2003,BED,MA,ANE,EN,Towers with Radar,0,74,139,7,220,0,8,203,2,213,0,82,342,9,433,272,0,272,705
11/07/2003,BED,MA,ANE,EN,Towers with Radar,2,61,126,7,196,0,6,280,0,286,2,67,406,7,482,198,0,198,680
11/08/2003,BED,MA,ANE,EN,Towers with Radar,3,30,60,1,94,0,8,170,2,180,3,38,230,3,274,208,0,208,482
11/09/2003,BED,MA,ANE,EN,Towers with Radar,3,45,95,1,144,0,10,370,0,380,3,55,465,1,524,262,0,262,786
11/10/2003,BED,MA,ANE,EN,Towers with Radar,3,52,100,0,155,0,7,255,0,262,3,59,355,0,417,242,0,242,659
11/11/2003,BED,MA,ANE,EN,Towers with Radar,2,55,108,0,165,0,6,185,0,191,2,61,293,0,356,300,0,300,656
11/12/2003,BED,MA,ANE,EN,Towers with Radar,0,45,124,2,171,0,3,42,0,45,0,48,166,2,216,60,0,60,276
11/13/2003,BED,MA,ANE,EN,Towers with Radar,6,47,59,0,112,0,9,23,0,32,6,56,82,0,144,28,0,28,172
11/14/2003,BED,MA,ANE,EN,Towers with Radar,4,42,67,3,116,0,0,3,0,3,4,42,70,3,119,0,0,0,119
11/15/2003,BED,MA,ANE,EN,Towers with Radar,2,20,38,3,63,0,16,206,1,223,2,36,244,4,286,198,0,198,484
11/16/2003,BED,MA,ANE,EN,Towers with Radar,1,25,83,2,111,0,4,338,2,344,1,29,421,4,455,326,0,326,781
11/17/2003,BED,MA,ANE,EN,Towers with Radar,0,43,99,3,145,0,2,114,1,117,0,45,213,4,262,248,0,248,510
11/18/2003,BED,MA,ANE,EN,Towers with Radar,2,55,117,4,178,0,21,232,3,256,2,76,349,7,434,332,0,332,766
11/19/2003,BED,MA,ANE,EN,Towers with Radar,2,59,103,2,166,0,2,35,0,37,2,61,138,2,203,84,0,84,287
11/20/2003,BED,MA,ANE,EN,Towers with Radar,3,67,114,2,186,0,1,25,3,29,3,68,139,5,215,16,0,16,231
11/21/2003,BED,MA,ANE,EN,Towers with Radar,2,61,149,2,214,0,8,159,3,170,2,69,308,5,384,282,0,282,666
11/22/2003,BED,MA,ANE,EN,Towers with Radar,0,33,55,6,94,0,9,446,2,457,0,42,501,8,551,320,0,320,871
11/23/2003,BED,MA,ANE,EN,Towers with Radar,2,36,73,0,111,0,4,361,0,365,2,40,434,0,476,310,0,310,786
11/24/2003,BED,MA,ANE,EN,Towers with Radar,1,56,124,4,185,0,7,121,0,128,1,63,245,4,313,136,0,136,449
11/25/2003,BED,MA,ANE,EN,Towers with Radar,1,68,114,0,183,0,16,215,0,231,1,84,329,0,414,284,0,284,698
11/26/2003,BED,MA,ANE,EN,Towers with Radar,3,91,110,2,206,0,8,269,0,277,3,99,379,2,483,212,0,212,695
11/27/2003,BED,MA,ANE,EN,Towers with Radar,0,21,21,0,42,0,2,97,0,99,0,23,118,0,141,148,0,148,289
11/28/2003,BED,MA,ANE,EN,Towers with Radar,1,26,30,0,57,0,0,0,0,0,1,26,30,0,57,0,0,0,57
11/29/2003,BED,MA,ANE,EN,Towers with Radar,1,43,45,0,89,0,0,31,0,31,1,43,76,0,120,28,0,28,148
11/30/2003,BED,MA,ANE,EN,Towers with Radar,2,95,127,0,224,0,15,217,0,232,2,110,344,0,456,188,0,188,644
12/01/2003,BED,MA,ANE,EN,Towers with Radar,1,50,109,2,162,0,1,106,0,107,1,51,215,2,269,62,0,62,331
12/02/2003,BED,MA,ANE,EN,Towers with Radar,2,51,100,2,155,0,5,36,4,45,2,56,136,6,200,30,0,30,230
12/03/2003,BED,MA,ANE,EN,Towers with Radar,1,68,121,0,190,0,32,219,0,251,1,100,340,0,441,228,0,228,669
12/04/2003,BED,MA,ANE,EN,Towers with Radar,0,61,137,0,198,0,15,196,0,211,0,76,333,0,409,242,0,242,651
12/05/2003,BED,MA,ANE,EN,Towers with Radar,0,64,93,0,157,0,8,216,0,224,0,72,309,0,381,152,0,152,533
12/06/2003,BED,MA,ANE,EN,Towers with Radar,1,13,8,0,22,0,0,0,0,0,1,13,8,0,22,0,0,0,22
12/07/2003,BED,MA,ANE,EN,Towers with Radar,1,30,51,1,83,0,0,0,0,0,1,30,51,1,83,0,0,0,83
12/08/2003,BED,MA,ANE,EN,Towers with Radar,2,81,119,5,207,0,7,86,0,93,2,88,205,5,300,18,0,18,318
12/09/2003,BED,MA,ANE,EN,Towers with Radar,0,46,120,2,168,0,22,197,2,221,0,68,317,4,389,212,0,212,601
12/10/2003,BED,MA,ANE,EN,Towers with Radar,0,57,115,3,175,0,7,98,0,105,0,64,213,3,280,228,0,228,508
12/11/2003,BED,MA,ANE,EN,Towers with Radar,0,70,118,2,190,0,0,0,0,0,0,70,118,2,190,0,0,0,190
12/12/2003,BED,MA,ANE,EN,Towers with Radar,1,41,93,0,135,0,7,133,0,140,1,48,226,0,275,74,0,74,349
12/13/2003,BED,MA,ANE,EN,Towers with Radar,1,23,61,0,85,0,10,349,2,361,1,33,410,2,446,338,0,338,784
12/14/2003,BED,MA,ANE,EN,Towers with Radar,3,25,61,0,89,0,3,133,0,136,3,28,194,0,225,198,0,198,423
12/15/2003,BED,MA,ANE,EN,Towers with Radar,4,51,80,0,135,0,0,0,0,0,4,51,80,0,135,0,0,0,135
12/16/2003,BED,MA,ANE,EN,Towers with Radar,0,71,116,0,187,0,12,260,0,272,0,83,376,0,459,278,0,278,737
12/17/2003,BED,MA,ANE,EN,Towers with Radar,2,56,99,0,157,0,2,59,0,61,2,58,158,0,218,132,0,132,350
12/18/2003,BED,MA,ANE,EN,Towers with Radar,0,63,139,2,204,0,16,79,0,95,0,79,218,2,299,50,0,50,349
12/19/2003,BED,MA,ANE,EN,Towers with Radar,1,63,109,5,178,0,14,224,0,238,1,77,333,5,416,166,0,166,582
12/20/2003,BED,MA,ANE,EN,Towers with Radar,2,56,73,1,132,0,13,289,2,304,2,69,362,3,436,280,0,280,716
12/21/2003,BED,MA,ANE,EN,Towers with Radar,3,33,65,1,102,0,20,231,0,251,3,53,296,1,353,274,0,274,627
12/22/2003,BED,MA,ANE,EN,Towers with Radar,1,56,60,0,117,0,4,242,0,246,1,60,302,0,363,248,0,248,611
12/23/2003,BED,MA,ANE,EN,Towers with Radar,1,60,68,0,129,0,14,202,0,216,1,74,270,0,345,132,0,132,477
12/24/2003,BED,MA,ANE,EN,Towers with Radar,1,37,43,0,81,0,0,19,0,19,1,37,62,0,100,52,0,52,152
12/25/2003,BED,MA,ANE,EN,Towers with Radar,1,24,30,0,55,0,0,0,0,0,1,24,30,0,55,2,0,2,57
12/26/2003,BED,MA,ANE,EN,Towers with Radar,2,44,72,0,118,0,8,120,0,128,2,52,192,0,246,88,0,88,334
12/27/2003,BED,MA,ANE,EN,Towers with Radar,0,33,61,1,95,0,14,268,8,290,0,47,329,9,385,232,0,232,617
12/28/2003,BED,MA,ANE,EN,Towers with Radar,0,31,61,0,92,0,15,301,5,321,0,46,362,5,413,304,0,304,717
12/29/2003,BED,MA,ANE,EN,Towers with Radar,0,20,50,0,70,0,14,259,0,273,0,34,309,0,343,218,0,218,561
12/30/2003,BED,MA,ANE,EN,Towers with Radar,3,33,37,0,73,0,4,56,0,60,3,37,93,0,133,56,0,56,189
12/31/2003,BED,MA,ANE,EN,Towers with Radar,0,29,36,0,65,0,12,234,0,246,0,41,270,0,311,288,0,288,599
01/01/2004,BED,MA,ANE,EN,Towers with Radar,4,10,50,0,64,0,9,113,0,122,4,19,163,0,186,142,0,142,328
01/02/2004,BED,MA,ANE,EN,Towers with Radar,0,28,41,0,69,0,1,12,0,13,0,29,53,0,82,2,0,2,84
01/03/2004,BED,MA,ANE,EN,Towers with Radar,1,41,52,2,96,0,0,0,0,0,1,41,52,2,96,0,0,0,96
01/04/2004,BED,MA,ANE,EN,Towers with Radar,0,56,115,0,171,0,5,106,0,111,0,61,221,0,282,254,0,254,536
01/05/2004,BED,MA,ANE,EN,Towers with Radar,0,37,52,0,89,0,0,0,0,0,0,37,52,0,89,0,0,0,89
01/06/2004,BED,MA,ANE,EN,Towers with Radar,2,55,67,0,124,0,11,121,0,132,2,66,188,0,256,188,0,188,444
01/07/2004,BED,MA,ANE,EN,Towers with Radar,0,54,78,0,132,0,13,149,0,162,0,67,227,0,294,94,0,94,388
01/08/2004,BED,MA,ANE,EN,Towers with Radar,1,73,88,3,165,0,10,86,0,96,1,83,174,3,261,88,0,88,349
01/09/2004,BED,MA,ANE,EN,Towers with Radar,0,45,65,2,112,0,23,83,0,106,0,68,148,2,218,32,0,32,250
01/10/2004,BED,MA,ANE,EN,Towers with Radar,1,28,45,0,74,0,10,117,0,127,1,38,162,0,201,98,0,98,299
01/11/2004,BED,MA,ANE,EN,Towers with Radar,3,28,70,0,101,0,8,163,0,171,3,36,233,0,272,92,0,92,364
01/12/2004,BED,MA,ANE,EN,Towers with Radar,0,51,68,0,119,0,7,41,0,48,0,58,109,0,167,58,0,58,225
01/13/2004,BED,MA,ANE,EN,Towers with Radar,2,47,65,3,117,0,7,75,0,82,2,54,140,3,199,104,0,104,303
01/14/2004,BED,MA,ANE,EN,Towers with Radar,2,43,72,5,122,0,12,76,0,88,2,55,148,5,210,0,0,0,210
01/15/2004,BED,MA,ANE,EN,Towers with Radar,1,53,77,2,133,0,6,51,0,57,1,59,128,2,190,0,0,0,190
01/16/2004,BED,MA,ANE,EN,Towers with Radar,0,55,82,1,138,0,10,33,0,43,0,65,115,1,181,0,0,0,181
01/17/2004,BED,MA,ANE,EN,Towers with Radar,0,35,50,0,85,0,3,197,0,200,0,38,247,0,285,212,0,212,497
01/18/2004,BED,MA,ANE,EN,Towers with Radar,1,32,37,0,70,0,0,1,0,1,1,32,38,0,71,12,0,12,83
01/19/2004,BED,MA,ANE,EN,Towers with Radar,4,60,90,0,154,0,10,113,0,123,4,70,203,0,277,92,0,92,369
01/20/2004,BED,MA,ANE,EN,Towers with Radar,2,57,88,2,149,0,17,132,0,149,2,74,220,2,298,56,0,56,354
01/21/2004,BED,MA,ANE,EN,Towers with Radar,2,43,77,4,126,0,12,208,3,223,2,55,285,7,349,234,0,234,583
01/22/2004,BED,MA,ANE,EN,Towers with Radar,4,42,88,1,135,0,1,112,0,113,4,43,200,1,248,130,0,130,378
01/23/2004,BED,MA,ANE,EN,Towers with Radar,2,44,84,3,133,0,1,98,4,103,2,45,182,7,236,112,0,112,348
01/24/2004,BED,MA,ANE,EN,Towers with Radar,2,33,42,0,77,0,6,240,4,250,2,39,282,4,327,230,0,230,557
01/25/2004,BED,MA,ANE,EN,Towers with Radar,5,22,71,0,98,0,15,214,0,229,5,37,285,0,327,142,0,142,469
01/26/2004,BED,MA,ANE,EN,Towers with Radar,2,37,71,0,110,0,13,138,0,151,2,50,209,0,261,74,0,74,335
01/27/2004,BED,MA,ANE,EN,Towers with Radar,0,46,83,0,129,0,6,88,0,94,0,52,171,0,223,136,0,136,359
01/28/2004,BED,MA,ANE,EN,Towers with Radar,1,51,71,1,124,0,0,3,0,3,1,51,74,1,127,0,0,0,127
01/29/2004,BED,MA,ANE,EN,Towers with Radar,2,64,99,1,166,0,9,43,0,52,2,73,142,1,218,2,0,2,220
01/30/2004,BED,MA,ANE,EN,Towers with Radar,5,50,94,0,149,0,9,139,0,148,5,59,233,0,297,92,0,92,389
01/31/2004,BED,MA,ANE,EN,Towers with Radar,4,31,68,2,105,0,16,115,0,131,4,47,183,2,236,130,0,130,366
02/01/2004,BED,MA,ANE,EN,Towers with Radar,3,42,82,0,127,0,31,209,0,240,3,73,291,0,367,362,0,362,729
02/02/2004,BED,MA,ANE,EN,Towers with Radar,2,57,154,6,219,0,12,208,0,220,2,69,362,6,439,140,0,140,579
02/03/2004,BED,MA,ANE,EN,Towers with Radar,2,65,92,0,159,0,4,65,0,69,2,69,157,0,228,148,0,148,376
02/04/2004,BED,MA,ANE,EN,Towers with Radar,2,37,81,1,121,0,17,100,1,118,2,54,181,2,239,38,0,38,277
02/05/2004,BED,MA,ANE,EN,Towers with Radar,2,51,129,0,182,0,12,215,0,227,2,63,344,0,409,184,0,184,593
02/06/2004,BED,MA,ANE,EN,Towers with Radar,0,39,71,0,110,0,0,0,0,0,0,39,71,0,110,0,0,0,110
02/07/2004,BED,MA,ANE,EN,Towers with Radar,0,44,49,0,93,0,2,33,0,35,0,46,82,0,128,110,0,110,238
02/08/2004,BED,MA,ANE,EN,Towers with Radar,0,32,64,0,96,0,8,76,0,84,0,40,140,0,180,104,0,104,284
02/09/2004,BED,MA,ANE,EN,Towers with Radar,2,45,96,0,143,0,11,158,0,169,2,56,254,0,312,196,0,196,508
02/10/2004,BED,MA,ANE,EN,Towers with Radar,0,44,107,1,152,0,24,210,0,234,0,68,317,1,386,282,0,282,668
02/11/2004,BED,MA,ANE,EN,Towers with Radar,0,53,121,2,176,0,20,163,1,184,0,73,284,3,360,222,0,222,582
02/12/2004,BED,MA,ANE,EN,Towers with Radar,1,63,99,1,164,0,0,219,0,219,1,63,318,1,383,202,0,202,585
02/13/2004,BED,MA,ANE,EN,Towers with Radar,0,80,145,7,232,0,11,219,1,231,0,91,364,8,463,210,0,210,673
02/14/2004,BED,MA,ANE,EN,Towers with Radar,2,42,45,0,89,0,19,315,0,334,2,61,360,0,423,320,0,320,743
02/15/2004,BED,MA,ANE,EN,Towers with Radar,0,18,47,0,65,0,7,105,0,112,0,25,152,0,177,132,0,132,309
02/16/2004,BED,MA,ANE,EN,Towers with Radar,1,40,63,0,104,0,18,242,0,260,1,58,305,0,364,190,0,190,554
02/17/2004,BED,MA,ANE,EN,Towers with Radar,0,67,99,0,166,0,24,178,3,205,0,91,277,3,371,190,0,190,561
02/18/2004,BED,MA,ANE,EN,Towers with Radar,0,55,74,2,131,0,6,82,0,88,0,61,156,2,219,176,0,176,395
02/19/2004,BED,MA,ANE,EN,Towers with Radar,1,60,79,0,140,0,13,147,5,165,1,73,226,5,305,84,0,84,389
02/20/2004,BED,MA,ANE,EN,Towers with Radar,1,41,101,0,143,0,7,232,0,239,1,48,333,0,382,212,0,212,594
02/21/2004,BED,MA,ANE,EN,Towers with Radar,1,36,43,0,80,0,0,0,0,0,1,36,43,0,80,0,0,0,80
02/22/2004,BED,MA,ANE,EN,Towers with Radar,3,42,95,0,140,0,13,192,2,207,3,55,287,2,347,306,0,306,653
02/23/2004,BED,MA,ANE,EN,Towers with Radar,4,56,99,0,159,0,14,224,0,238,4,70,323,0,397,146,0,146,543
02/24/2004,BED,MA,ANE,EN,Towers with Radar,2,51,124,1,178,0,4,224,1,229,2,55,348,2,407,268,0,268,675
02/25/2004,BED,MA,ANE,EN,Towers with Radar,2,58,83,2,145,0,2,201,2,205,2,60,284,4,350,192,0,192,542
02/26/2004,BED,MA,ANE,EN,Towers with Radar,2,59,130,2,193,0,16,203,0,219,2,75,333,2,412,100,0,100,512
02/27/2004,BED,MA,ANE,EN,Towers with Radar,1,53,93,0,147,0,8,207,0,215,1,61,300,0,362,244,0,244,606
02/28/2004,BED,MA,ANE,EN,Towers with Radar,2,28,58,0,88,0,19,324,0,343,2,47,382,0,431,212,0,212,643
02/29/2004,BED,MA,ANE,EN,Towers with Radar,2,32,64,0,98,0,16,308,0,324,2,48,372,0,422,400,0,400,822
03/01/2004,BED,MA,ANE,EN,Towers with Radar,2,48,75,0,125,0,9,197,0,206,2,57,272,0,331,264,0,264,595
03/02/2004,BED,MA,ANE,EN,Towers with Radar,0,72,86,0,158,0,10,142,0,152,0,82,228,0,310,152,0,152,462
03/03/2004,BED,MA,ANE,EN,Towers with Radar,1,60,84,6,151,0,10,200,0,210,1,70,284,6,361,180,0,180,541
03/04/2004,BED,MA,ANE,EN,Towers with Radar,0,60,116,4,180,0,3,53,0,56,0,63,169,4,236,68,0,68,304
03/05/2004,BED,MA,ANE,EN,Towers with Radar,2,53,136,0,191,0,1,38,0,39,2,54,174,0,230,132,0,132,362
03/06/2004,BED,MA,ANE,EN,Towers with Radar,4,34,44,2,84,0,5,35,0,40,4,39,79,2,124,46,0,46,170
03/07/2004,BED,MA,ANE,EN,Towers with Radar,1,32,71,2,106,0,12,330,5,347,1,44,401,7,453,386,0,386,839
03/08/2004,BED,MA,ANE,EN,Towers with Radar,3,52,72,3,130,0,0,0,0,0,3,52,72,3,130,0,0,0,130
03/09/2004,BED,MA,ANE,EN,Towers with Radar,0,64,116,0,180,0,8,53,0,61,0,72,169,0,241,74,0,74,315
03/10/2004,BED,MA,ANE,EN,Towers with Radar,0,59,123,1,183,0,16,165,0,181,0,75,288,1,364,344,0,344,708
03/11/2004,BED,MA,ANE,EN,Towers with Radar,0,69,95,2,166,0,6,152,0,158,0,75,247,2,324,102,0,102,426
03/12/2004,BED,MA,ANE,EN,Towers with Radar,4,65,87,5,161,0,3,64,0,67,4,68,151,5,228,58,0,58,286
03/13/2004,BED,MA,ANE,EN,Towers with Radar,2,51,42,1,96,0,6,229,0,235,2,57,271,1,331,220,0,220,551
03/14/2004,BED,MA,ANE,EN,Towers with Radar,0,33,104,4,141,0,6,356,0,362,0,39,460,4,503,324,0,324,827
03/15/2004,BED,MA,ANE,EN,Towers with Radar,2,41,81,2,126,0,11,136,0,147,2,52,217,2,273,134,0,134,407
03/16/2004,BED,MA,ANE,EN,Towers with Radar,0,34,90,0,124,0,0,126,0,126,0,34,216,0,250,164,0,164,414
03/17/2004,BED,MA,ANE,EN,Towers with Radar,4,37,64,2,107,0,0,4,0,4,4,37,68,2,111,28,0,28,139
03/18/2004,BED,MA,ANE,EN,Towers with Radar,2,59,115,0,176,0,2,22,0,24,2,61,137,0,200,138,0,138,338
03/19/2004,BED,MA,ANE,EN,Towers with Radar,2,53,101,8,164,0,7,61,4,72,2,60,162,12,236,90,0,90,326
03/20/2004,BED,MA,ANE,EN,Towers with Radar,1,35,56,0,92,0,9,298,0,307,1,44,354,0,399,306,0,306,705
03/21/2004,BED,MA,ANE,EN,Towers with Radar,0,40,82,4,126,0,8,106,1,115,0,48,188,5,241,240,0,240,481
03/22/2004,BED,MA,ANE,EN,Towers with Radar,0,56,98,2,156,0,6,196,4,206,0,62,294,6,362,160,0,160,522
03/23/2004,BED,MA,ANE,EN,Towers with Radar,0,52,98,2,152,0,19,185,1,205,0,71,283,3,357,242,0,242,599
03/24/2004,BED,MA,ANE,EN,Towers with Radar,0,47,115,0,162,0,16,295,2,313,0,63,410,2,475,258,0,258,733
03/25/2004,BED,MA,ANE,EN,Towers with Radar,0,88,155,4,247,0,8,54,0,62,0,96,209,4,309,90,0,90,399
03/26/2004,BED,MA,ANE,EN,Towers with Radar,0,54,114,1,169,0,15,293,3,311,0,69,407,4,480,274,0,274,754
03/27/2004,BED,MA,ANE,EN,Towers with Radar,0,44,99,0,143,0,16,135,0,151,0,60,234,0,294,240,0,240,534
03/28/2004,BED,MA,ANE,EN,Towers with Radar,2,48,90,3,143,0,5,99,0,104,2,53,189,3,247,234,0,234,481
03/29/2004,BED,MA,ANE,EN,Towers with Radar,3,56,86,3,148,0,12,160,0,172,3,68,246,3,320,288,0,288,608
03/30/2004,BED,MA,ANE,EN,Towers with Radar,0,58,136,6,200,0,23,75,14,112,0,81,211,20,312,252,0,252,564
03/31/2004,BED,MA,ANE,EN,Towers with Radar,4,55,97,3,159,0,0,0,0,0,4,55,97,3,159,0,0,0,159
04/01/2004,BED,MA,ANE,EN,Towers with Radar,3,75,87,2,167,0,0,0,0,0,3,75,87,2,167,0,0,0,167
04/02/2004,BED,MA,ANE,EN,Towers with Radar,0,58,103,1,162,0,0,0,0,0,0,58,103,1,162,0,0,0,162
04/03/2004,BED,MA,ANE,EN,Towers with Radar,6,24,107,0,137,0,0,0,0,0,6,24,107,0,137,0,0,0,137
04/04/2004,BED,MA,ANE,EN,Towers with Radar,3,29,103,1,136,0,1,10,0,11,3,30,113,1,147,14,0,14,161
04/05/2004,BED,MA,ANE,EN,Towers with Radar,0,48,91,0,139,0,10,64,0,74,0,58,155,0,213,24,0,24,237
04/06/2004,BED,MA,ANE,EN,Towers with Radar,0,60,96,0,156,0,11,156,0,167,0,71,252,0,323,42,0,42,365
04/07/2004,BED,MA,ANE,EN,Towers with Radar,3,78,108,3,192,0,14,300,0,314,3,92,408,3,506,328,0,328,834
04/08/2004,BED,MA,ANE,EN,Towers with Radar,0,77,111,3,191,0,5,318,3,326,0,82,429,6,517,264,0,264,781
04/09/2004,BED,MA,ANE,EN,Towers with Radar,3,75,86,3,167,0,24,256,0,280,3,99,342,3,447,150,0,150,597
04/10/2004,BED,MA,ANE,EN,Towers with Radar,1,32,58,2,93,0,18,376,0,394,1,50,434,2,487,266,0,266,753
04/11/2004,BED,MA,ANE,EN,Towers with Radar,2,47,73,2,124,0,11,192,0,203,2,58,265,2,327,250,0,250,577
04/12/2004,BED,MA,ANE,EN,Towers with Radar,1,81,103,7,192,0,28,151,1,180,1,109,254,8,372,274,0,274,646
04/13/2004,BED,MA,ANE,EN,Towers with Radar,0,53,91,6,150,0,0,0,0,0,0,53,91,6,150,0,0,0,150
04/14/2004,BED,MA,ANE,EN,Towers with Radar,2,63,116,3,184,0,14,9,0,23,2,77,125,3,207,18,0,18,225
04/15/2004,BED,MA,ANE,EN,Towers with Radar,2,86,153,1,242,0,6,107,0,113,2,92,260,1,355,138,0,138,493
04/16/2004,BED,MA,ANE,EN,Towers with Radar,5,108,126,3,242,0,7,312,0,319,5,115,438,3,561,182,0,182,743
04/17/2004,BED,MA,ANE,EN,Towers with Radar,1,48,98,0,147,0,8,327,4,339,1,56,425,4,486,266,0,266,752
04/18/2004,BED,MA,ANE,EN,Towers with Radar,1,47,112,1,161,0,10,308,0,318,1,57,420,1,479,272,0,272,751
04/19/2004,BED,MA,ANE,EN,Towers with Radar,2,63,143,0,208,0,34,127,0,161,2,97,270,0,369,76,0,76,445
04/20/2004,BED,MA,ANE,EN,Towers with Radar,0,70,130,2,202,0,8,296,1,305,0,78,426,3,507,270,0,270,777
04/21/2004,BED,MA,ANE,EN,Towers with Radar,0,78,104,3,185,0,4,223,4,231,0,82,327,7,416,212,0,212,628
04/22/2004,BED,MA,ANE,EN,Towers with Radar,0,87,120,0,207,0,17,182,0,199,0,104,302,0,406,194,0,194,600
04/23/2004,BED,MA,ANE,EN,Towers with Radar,2,75,181,4,262,0,0,3,0,3,2,75,184,4,265,0,0,0,265
04/24/2004,BED,MA,ANE,EN,Towers with Radar,1,40,81,5,127,0,5,168,0,173,1,45,249,5,300,190,0,190,490
04/25/2004,BED,MA,ANE,EN,Towers with Radar,1,50,146,4,201,0,12,329,2,343,1,62,475,6,544,250,0,250,794
04/26/2004,BED,MA,ANE,EN,Towers with Radar,0,84,130,3,217,0,0,0,0,0,0,84,130,3,217,0,0,0,217
04/27/2004,BED,MA,ANE,EN,Towers with Radar,0,77,125,2,204,0,3,118,0,121,0,80,243,2,325,158,0,158,483
04/28/2004,BED,MA,ANE,EN,Towers with Radar,0,80,135,0,215,0,7,251,0,258,0,87,386,0,473,240,0,240,713
04/29/2004,BED,MA,ANE,EN,Towers with Radar,0,82,110,11,203,0,5,269,2,276,0,87,379,13,479,170,0,170,649
04/30/2004,BED,MA,ANE,EN,Towers with Radar,0,71,125,3,199,0,19,220,0,239,0,90,345,3,438,24,0,24,462
05/01/2004,BED,MA,ANE,EN,Towers with Radar,2,38,58,0,98,0,17,309,5,331,2,55,367,5,429,300,0,300,729
05/02/2004,BED,MA,ANE,EN,Towers with Radar,2,54,133,6,195,0,1,65,0,66,2,55,198,6,261,197,0,197,458
05/03/2004,BED,MA,ANE,EN,Towers with Radar,0,74,128,3,205,0,0,0,0,0,0,74,128,3,205,0,0,0,205
05/04/2004,BED,MA,ANE,EN,Towers with Radar,0,72,105,3,180,0,14,150,0,164,0,86,255,3,344,202,0,202,546
05/05/2004,BED,MA,ANE,EN,Towers with Radar,0,91,122,1,214,0,21,203,0,224,0,112,325,1,438,316,0,316,754
05/06/2004,BED,MA,ANE,EN,Towers with Radar,0,91,106,2,199,0,14,355,2,371,0,105,461,4,570,258,0,258,828
05/07/2004,BED,MA,ANE,EN,Towers with Radar,2,93,103,7,205,0,15,218,1,234,2,108,321,8,439,127,0,127,566
05/08/2004,BED,MA,ANE,EN,Towers with Radar,0,36,83,1,120,0,9,346,0,355,0,45,429,1,475,254,0,254,729
05/09/2004,BED,MA,ANE,EN,Towers with Radar,0,47,99,2,148,0,3,59,2,64,0,50,158,4,212,105,0,105,317
05/10/2004,BED,MA,ANE,EN,Towers with Radar,0,64,116,4,184,0,10,144,0,154,0,74,260,4,338,165,0,165,503
05/11/2004,BED,MA,ANE,EN,Towers with Radar,1,67,114,6,188,0,18,204,3,225,1,85,318,9,413,271,0,271,684
05/12/2004,BED,MA,ANE,EN,Towers with Radar,0,75,114,2,191,0,14,239,0,253,0,89,353,2,444,214,0,214,658
05/13/2004,BED,MA,ANE,EN,Towers with Radar,0,66,126,2,194,0,8,198,0,206,0,74,324,2,400,192,0,192,592
05/14/2004,BED,MA,ANE,EN,Towers with Radar,2,74,123,2,201,0,4,128,0,132,2,78,251,2,333,192,0,192,525
05/15/2004,BED,MA,ANE,EN,Towers with Radar,1,33,64,0,98,0,9,247,2,258,1,42,311,2,356,209,0,209,565
05/16/2004,BED,MA,ANE,EN,Towers with Radar,1,53,143,1,198,0,0,27,0,27,1,53,170,1,225,26,0,26,251
05/17/2004,BED,MA,ANE,EN,Towers with Radar,0,81,162,2,245,0,11,132,0,143,0,92,294,2,388,216,0,216,604
05/18/2004,BED,MA,ANE,EN,Towers with Radar,0,69,136,4,209,0,4,35,0,39,0,73,171,4,248,62,0,62,310
05/19/2004,BED,MA,ANE,EN,Towers with Radar,0,67,168,7,242,0,10,226,2,238,0,77,394,9,480,281,0,281,761
05/20/2004,BED,MA,ANE,EN,Towers with Radar,4,95,132,3,234,0,23,309,2,334,4,118,441,5,568,246,0,246,814
05/21/2004,BED,MA,ANE,EN,Towers with Radar,1,71,126,0,198,0,15,284,0,299,1,86,410,0,497,276,0,276,773
05/22/2004,BED,MA,ANE,EN,Towers with Radar,1,32,109,0,142,0,0,11,0,11,1,32,120,0,153,16,0,16,169
05/23/2004,BED,MA,ANE,EN,Towers with Radar,1,42,111,0,154,0,9,30,0,39,1,51,141,0,193,12,0,12,205
05/24/2004,BED,MA,ANE,EN,Towers with Radar,1,64,124,0,189,0,0,0,0,0,1,64,124,0,189,0,0,0,189
05/25/2004,BED,MA,ANE,EN,Towers with Radar,0,67,139,2,208,0,0,4,1,5,0,67,143,3,213,8,0,8,221
05/26/2004,BED,MA,ANE,EN,Towers with Radar,0,79,107,5,191,0,0,0,0,0,0,79,107,5,191,0,0,0,191
05/27/2004,BED,MA,ANE,EN,Towers with Radar,0,96,166,1,263,0,14,204,1,219,0,110,370,2,482,166,0,166,648
05/28/2004,BED,MA,ANE,EN,Towers with Radar,0,97,177,2,276,0,0,2,0,2,0,97,179,2,278,0,0,0,278
05/29/2004,BED,MA,ANE,EN,Towers with Radar,0,38,64,2,104,0,12,248,0,260,0,50,312,2,364,162,0,162,526
05/30/2004,BED,MA,ANE,EN,Towers with Radar,0,29,37,1,67,0,14,356,0,370,0,43,393,1,437,268,0,268,705
05/31/2004,BED,MA,ANE,EN,Towers with Radar,0,70,98,0,168,0,10,387,0,397,0,80,485,0,565,296,0,296,861
06/01/2004,BED,MA,ANE,EN,Towers with Radar,0,65,144,3,212,0,3,55,0,58,0,68,199,3,270,56,0,56,326
06/02/2004,BED,MA,ANE,EN,Towers with Radar,0,82,118,3,203,0,6,46,1,53,0,88,164,4,256,42,0,42,298
06/03/2004,BED,MA,ANE,EN,Towers with Radar,0,81,134,0,215,0,9,156,5,170,0,90,290,5,385,208,0,208,593
06/04/2004,BED,MA,ANE,EN,Towers with Radar,1,77,106,0,184,0,9,359,0,368,1,86,465,0,552,243,0,243,795
06/05/2004,BED,MA,ANE,EN,Towers with Radar,0,27,62,2,91,0,16,291,0,307,0,43,353,2,398,244,0,244,642
06/06/2004,BED,MA,ANE,EN,Towers with Radar,1,39,130,3,173,0,11,102,0,113,1,50,232,3,286,210,0,210,496
06/07/2004,BED,MA,ANE,EN,Towers with Radar,1,62,138,0,201,0,15,146,0,161,1,77,284,0,362,159,0,159,521
06/08/2004,BED,MA,ANE,EN,Towers with Radar,4,85,150,3,242,0,25,270,0,295,4,110,420,3,537,210,0,210,747
06/09/2004,BED,MA,ANE,EN,Towers with Radar,1,64,124,2,191,0,5,227,3,235,1,69,351,5,426,302,0,302,728
06/10/2004,BED,MA,ANE,EN,Towers with Radar,1,75,160,1,237,0,12,168,0,180,1,87,328,1,417,197,0,197,614
06/11/2004,BED,MA,ANE,EN,Towers with Radar,2,54,86,1,143,0,24,336,0,360,2,78,422,1,503,224,0,224,727
06/12/2004,BED,MA,ANE,EN,Towers with Radar,0,35,51,0,86,0,15,394,0,409,0,50,445,0,495,244,0,244,739
06/13/2004,BED,MA,ANE,EN,Towers with Radar,0,42,91,1,134,0,22,333,2,357,0,64,424,3,491,328,0,328,819
06/14/2004,BED,MA,ANE,EN,Towers with Radar,2,62,133,3,200,0,5,43,0,48,2,67,176,3,248,88,0,88,336
06/15/2004,BED,MA,ANE,EN,Towers with Radar,0,54,127,1,182,0,16,164,0,180,0,70,291,1,362,226,0,226,588
06/16/2004,BED,MA,ANE,EN,Towers with Radar,0,70,131,5,206,0,16,416,1,433,0,86,547,6,639,333,0,333,972
06/17/2004,BED,MA,ANE,EN,Towers with Radar,0,71,127,2,200,0,12,177,2,191,0,83,304,4,391,332,0,332,723
06/18/2004,BED,MA,ANE,EN,Towers with Radar,0,66,170,1,237,0,0,0,0,0,0,66,170,1,237,0,0,0,237
06/19/2004,BED,MA,ANE,EN,Towers with Radar,0,28,81,0,109,0,16,137,0,153,0,44,218,0,262,146,0,146,408
06/20/2004,BED,MA,ANE,EN,Towers with Radar,2,38,78,0,118,0,15,300,5,320,2,53,378,5,438,262,0,262,700
06/21/2004,BED,MA,ANE,EN,Towers with Radar,0,80,113,4,197,0,29,264,2,295,0,109,377,6,492,211,0,211,703
06/22/2004,BED,MA,ANE,EN,Towers with Radar,0,74,139,3,216,0,12,140,1,153,0,86,279,4,369,215,0,215,584
06/23/2004,BED,MA,ANE,EN,Towers with Radar,4,73,133,4,214,0,16,342,3,361,4,89,475,7,575,276,0,276,851
06/24/2004,BED,MA,ANE,EN,Towers with Radar,2,79,107,3,191,2,16,332,5,355,4,95,439,8,546,212,0,212,758
06/25/2004,BED,MA,ANE,EN,Towers with Radar,2,71,138,13,224,0,6,134,0,140,2,77,272,13,364,250,0,250,614
06/26/2004,BED,MA,ANE,EN,Towers with Radar,1,29,101,4,135,0,6,27,0,33,1,35,128,4,168,74,0,74,242
06/27/2004,BED,MA,ANE,EN,Towers with Radar,3,62,87,5,157,0,23,409,0,432,3,85,496,5,589,231,0,231,820
06/28/2004,BED,MA,ANE,EN,Towers with Radar,1,59,105,1,166,0,10,250,1,261,1,69,355,2,427,302,0,302,729
06/29/2004,BED,MA,ANE,EN,Towers with Radar,0,65,124,0,189,0,14,137,0,151,0,79,261,0,340,237,0,237,577
06/30/2004,BED,MA,ANE,EN,Towers with Radar,0,56,108,5,169,0,11,294,0,305,0,67,402,5,474,254,0,254,728
07/01/2004,BED,MA,ANE,EN,Towers with Radar,0,54,123,2,179,0,22,201,3,226,0,76,324,5,405,214,0,214,619
07/02/2004,BED,MA,ANE,EN,Towers with Radar,2,50,103,5,160,0,15,196,2,213,2,65,299,7,373,143,0,143,516
07/03/2004,BED,MA,ANE,EN,Towers with Radar,0,14,34,3,51,0,14,277,1,292,0,28,311,4,343,177,0,177,520
07/04/2004,BED,MA,ANE,EN,Towers with Radar,0,10,24,0,34,0,9,187,1,197,0,19,211,1,231,237,0,237,468
07/05/2004,BED,MA,ANE,EN,Towers with Radar,0,46,135,2,183,0,4,28,0,32,0,50,163,2,215,63,0,63,278
07/06/2004,BED,MA,ANE,EN,Towers with Radar,3,64,93,0,160,0,8,221,0,229,3,72,314,0,389,237,0,237,626
07/07/2004,BED,MA,ANE,EN,Towers with Radar,0,52,95,1,148,0,7,353,1,361,0,59,448,2,509,282,0,282,791
07/08/2004,BED,MA,ANE,EN,Towers with Radar,3,60,130,2,195,0,1,10,0,11,3,61,140,2,206,54,0,54,260
07/09/2004,BED,MA,ANE,EN,Towers with Radar,0,59,103,3,165,0,14,232,1,247,0,73,335,4,412,228,0,228,640
07/10/2004,BED,MA,ANE,EN,Towers with Radar,2,28,49,3,82,0,9,333,1,343,2,37,382,4,425,272,0,272,697
07/11/2004,BED,MA,ANE,EN,Towers with Radar,1,19,107,2,129,0,11,261,0,272,1,30,368,2,401,435,0,435,836
07/12/2004,BED,MA,ANE,EN,Towers with Radar,1,69,116,0,186,0,10,198,0,208,1,79,314,0,394,308,0,308,702
07/13/2004,BED,MA,ANE,EN,Towers with Radar,1,58,129,2,190,0,0,40,0,40,1,58,169,2,230,131,0,131,361
07/14/2004,BED,MA,ANE,EN,Towers with Radar,1,61,115,1,178,0,0,0,0,0,1,61,115,1,178,0,0,0,178
07/15/2004,BED,MA,ANE,EN,Towers with Radar,1,66,164,0,231,0,3,111,0,114,1,69,275,0,345,173,0,173,518
07/16/2004,BED,MA,ANE,EN,Towers with Radar,0,62,122,8,192,0,15,327,6,348,0,77,449,14,540,222,0,222,762
07/17/2004,BED,MA,ANE,EN,Towers with Radar,0,30,71,1,102,0,8,316,0,324,0,38,387,1,426,326,0,326,752
07/18/2004,BED,MA,ANE,EN,Towers with Radar,2,30,118,2,152,0,14,201,1,216,2,44,319,3,368,301,0,301,669
07/19/2004,BED,MA,ANE,EN,Towers with Radar,0,69,111,5,185,0,0,12,0,12,0,69,123,5,197,12,0,12,209
07/20/2004,BED,MA,ANE,EN,Towers with Radar,0,69,127,7,203,0,24,152,7,183,0,93,279,14,386,292,0,292,678
07/21/2004,BED,MA,ANE,EN,Towers with Radar,2,58,108,1,169,0,22,274,8,304,2,80,382,9,473,295,0,295,768
07/22/2004,BED,MA,ANE,EN,Towers with Radar,1,68,143,3,215,0,16,228,20,264,1,84,371,23,479,210,0,210,689
07/23/2004,BED,MA,ANE,EN,Towers with Radar,0,56,138,8,202,0,3,68,14,85,0,59,206,22,287,128,28,156,443
07/24/2004,BED,MA,ANE,EN,Towers with Radar,0,30,98,1,129,0,9,49,3,61,0,39,147,4,190,161,6,167,357
07/25/2004,BED,MA,ANE,EN,Towers with Radar,2,54,183,1,240,0,14,207,12,233,2,68,390,13,473,155,0,155,628
07/26/2004,BED,MA,ANE,EN,Towers with Radar,0,69,199,0,268,0,15,44,8,67,0,84,243,8,335,0,0,0,335
07/27/2004,BED,MA,ANE,EN,Towers with Radar,2,84,199,4,289,0,12,40,5,57,2,96,239,9,346,0,0,0,346
07/28/2004,BED,MA,ANE,EN,Towers with Radar,2,90,147,6,245,0,0,0,3,3,2,90,147,9,248,0,0,0,248
07/29/2004,BED,MA,ANE,EN,Towers with Radar,0,112,195,2,309,0,2,44,9,55,0,114,239,11,364,0,0,0,364
07/30/2004,BED,MA,ANE,EN,Towers with Radar,0,93,182,3,278,0,3,245,11,259,0,96,427,14,537,138,0,138,675
07/31/2004,BED,MA,ANE,EN,Towers with Radar,0,33,82,12,127,0,13,189,1,203,0,46,271,13,330,232,0,232,562
08/01/2004,BED,MA,ANE,EN,Towers with Radar,0,32,88,4,124,0,7,119,1,127,0,39,207,5,251,286,0,286,537
08/02/2004,BED,MA,ANE,EN,Towers with Radar,0,63,116,1,180,0,11,238,0,249,0,74,354,1,429,189,0,189,618
08/03/2004,BED,MA,ANE,EN,Towers with Radar,0,69,96,1,166,0,9,240,0,249,0,78,336,1,415,212,0,212,627
08/04/2004,BED,MA,ANE,EN,Towers with Radar,0,64,109,0,173,0,10,327,0,337,0,74,436,0,510,347,0,347,857
08/05/2004,BED,MA,ANE,EN,Towers with Radar,3,56,126,1,186,0,15,147,0,162,3,71,273,1,348,176,0,176,524
08/06/2004,BED,MA,ANE,EN,Towers with Radar,0,55,129,3,187,0,17,249,0,266,0,72,378,3,453,198,0,198,651
08/07/2004,BED,MA,ANE,EN,Towers with Radar,1,29,66,0,96,0,18,281,0,299,1,47,347,0,395,254,0,254,649
08/08/2004,BED,MA,ANE,EN,Towers with Radar,2,28,83,0,113,0,14,251,3,268,2,42,334,3,381,227,0,227,608
08/09/2004,BED,MA,ANE,EN,Towers with Radar,1,65,102,2,170,0,15,272,0,287,1,80,374,2,457,229,0,229,686
08/10/2004,BED,MA,ANE,EN,Towers with Radar,0,58,89,0,147,0,7,247,0,254,0,65,336,0,401,180,0,180,581
08/11/2004,BED,MA,ANE,EN,Towers with Radar,2,46,143,5,196,0,6,21,0,27,2,52,164,5,223,70,0,70,293
08/12/2004,BED,MA,ANE,EN,Towers with Radar,1,55,139,4,199,0,15,140,0,155,1,70,279,4,354,269,0,269,623
08/13/2004,BED,MA,ANE,EN,Towers with Radar,0,67,92,0,159,0,0,2,0,2,0,67,94,0,161,26,0,26,187
08/14/2004,BED,MA,ANE,EN,Towers with Radar,0,37,86,6,129,0,16,335,2,353,0,53,421,8,482,270,0,270,752
08/15/2004,BED,MA,ANE,EN,Towers with Radar,2,38,72,5,117,0,0,0,0,0,2,38,72,5,117,0,0,0,117
08/16/2004,BED,MA,ANE,EN,Towers with Radar,0,60,152,6,218,0,0,0,0,0,0,60,152,6,218,0,0,0,218
08/17/2004,BED,MA,ANE,EN,Towers with Radar,0,62,112,5,179,0,7,194,3,204,0,69,306,8,383,261,0,261,644
08/18/2004,BED,MA,ANE,EN,Towers with Radar,2,56,109,2,169,0,14,216,5,235,2,70,325,7,404,261,0,261,665
08/19/2004,BED,MA,ANE,EN,Towers with Radar,2,68,123,5,198,0,8,102,0,110,2,76,225,5,308,204,0,204,512
08/20/2004,BED,MA,ANE,EN,Towers with Radar,1,52,108,4,165,0,2,108,1,111,1,54,216,5,276,163,0,163,439
08/21/2004,BED,MA,ANE,EN,Towers with Radar,1,34,41,1,77,0,0,2,0,2,1,34,43,1,79,0,0,0,79
08/22/2004,BED,MA,ANE,EN,Towers with Radar,1,38,88,2,129,0,25,337,1,363,1,63,425,3,492,363,0,363,855
08/23/2004,BED,MA,ANE,EN,Towers with Radar,0,57,85,0,142,0,9,217,0,226,0,66,302,0,368,271,0,271,639
08/24/2004,BED,MA,ANE,EN,Towers with Radar,1,70,73,2,146,0,14,307,0,321,1,84,380,2,467,320,0,320,787
08/25/2004,BED,MA,ANE,EN,Towers with Radar,0,54,91,5,150,0,12,275,0,287,0,66,366,5,437,374,0,374,811
08/26/2004,BED,MA,ANE,EN,Towers with Radar,0,48,78,0,126,0,20,279,0,299,0,68,357,0,425,296,0,296,721
08/27/2004,BED,MA,ANE,EN,Towers with Radar,2,50,106,6,164,0,0,154,6,160,2,50,260,12,324,233,0,233,557
08/28/2004,BED,MA,ANE,EN,Towers with Radar,0,20,67,3,90,0,14,151,2,167,0,34,218,5,257,286,0,286,543
08/29/2004,BED,MA,ANE,EN,Towers with Radar,0,34,110,5,149,0,7,74,5,86,0,41,184,10,235,236,0,236,471
08/30/2004,BED,MA,ANE,EN,Towers with Radar,2,60,118,2,182,0,5,54,0,59,2,65,172,2,241,54,0,54,295
08/31/2004,BED,MA,ANE,EN,Towers with Radar,2,51,111,0,164,0,11,47,0,58,2,62,158,0,222,126,0,126,348
09/01/2004,BED,MA,ANE,EN,Towers with Radar,2,51,75,0,128,0,9,280,2,291,2,60,355,2,419,227,0,227,646
09/02/2004,BED,MA,ANE,EN,Towers with Radar,1,70,99,2,172,0,9,314,5,328,1,79,413,7,500,327,0,327,827
09/03/2004,BED,MA,ANE,EN,Towers with Radar,3,57,95,2,157,0,9,297,1,307,3,66,392,3,464,339,0,339,803
09/04/2004,BED,MA,ANE,EN,Towers with Radar,0,26,43,2,71,0,5,268,4,277,0,31,311,6,348,305,0,305,653
09/05/2004,BED,MA,ANE,EN,Towers with Radar,0,30,58,0,88,0,9,187,0,196,0,39,245,0,284,195,0,195,479
09/06/2004,BED,MA,ANE,EN,Towers with Radar,1,37,74,6,118,0,13,260,0,273,1,50,334,6,391,260,0,260,651
09/07/2004,BED,MA,ANE,EN,Towers with Radar,1,66,135,4,206,0,2,190,0,192,1,68,325,4,398,255,0,255,653
09/08/2004,BED,MA,ANE,EN,Towers with Radar,0,58,142,5,205,0,0,0,0,0,0,58,142,5,205,0,0,0,205
09/09/2004,BED,MA,ANE,EN,Towers with Radar,0,65,128,4,197,0,0,2,0,2,0,65,130,4,199,0,0,0,199
09/10/2004,BED,MA,ANE,EN,Towers with Radar,3,75,141,7,226,1,10,183,0,194,4,85,324,7,420,107,0,107,527
09/11/2004,BED,MA,ANE,EN,Towers with Radar,2,22,57,0,81,0,5,386,0,391,2,27,443,0,472,356,0,356,828
09/12/2004,BED,MA,ANE,EN,Towers with Radar,0,37,81,0,118,0,10,267,0,277,0,47,348,0,395,236,0,236,631
09/13/2004,BED,MA,ANE,EN,Towers with Radar,1,54,76,1,132,0,6,187,0,193,1,60,263,1,325,223,0,223,548
09/14/2004,BED,MA,ANE,EN,Towers with Radar,0,64,119,12,195,0,6,250,1,257,0,70,369,13,452,212,0,212,664
09/15/2004,BED,MA,ANE,EN,Towers with Radar,4,69,110,3,186,0,22,233,0,255,4,91,343,3,441,308,0,308,749
09/16/2004,BED,MA,ANE,EN,Towers with Radar,1,59,128,1,189,0,0,9,0,9,1,59,137,1,198,8,0,8,206
09/17/2004,BED,MA,ANE,EN,Towers with Radar,1,55,112,4,172,0,8,73,0,81,1,63,185,4,253,110,0,110,363
09/18/2004,BED,MA,ANE,EN,Towers with Radar,0,25,55,2,82,0,0,0,0,0,0,25,55,2,82,0,0,0,82
09/19/2004,BED,MA,ANE,EN,Towers with Radar,1,37,79,0,117,0,18,184,0,202,1,55,263,0,319,196,0,196,515
09/20/2004,BED,MA,ANE,EN,Towers with Radar,0,68,117,0,185,0,5,193,0,198,0,73,310,0,383,212,0,212,595
09/21/2004,BED,MA,ANE,EN,Towers with Radar,2,77,126,0,205,0,23,270,4,297,2,100,396,4,502,261,0,261,763
09/22/2004,BED,MA,ANE,EN,Towers with Radar,1,69,107,1,178,0,21,216,0,237,1,90,323,1,415,334,0,334,749
09/23/2004,BED,MA,ANE,EN,Towers with Radar,0,74,122,3,199,0,13,242,0,255,0,87,364,3,454,249,0,249,703
09/24/2004,BED,MA,ANE,EN,Towers with Radar,6,88,110,3,207,0,7,264,1,272,6,95,374,4,479,164,0,164,643
09/25/2004,BED,MA,ANE,EN,Towers with Radar,2,28,57,0,87,0,6,289,0,295,2,34,346,0,382,299,0,299,681
09/26/2004,BED,MA,ANE,EN,Towers with Radar,3,36,85,4,128,0,10,325,0,335,3,46,410,4,463,278,0,278,741
09/27/2004,BED,MA,ANE,EN,Towers with Radar,0,59,100,3,162,0,15,220,0,235,0,74,320,3,397,250,0,250,647
09/28/2004,BED,MA,ANE,EN,Towers with Radar,1,72,87,7,167,0,0,0,0,0,1,72,87,7,167,0,0,0,167
09/29/2004,BED,MA,ANE,EN,Towers with Radar,0,63,108,0,171,0,14,52,0,66,0,77,160,0,237,89,0,89,326
09/30/2004,BED,MA,ANE,EN,Towers with Radar,1,74,116,0,191,0,8,243,2,253,1,82,359,2,444,243,0,243,687
10/01/2004,BED,MA,ANE,EN,Towers with Radar,0,83,120,4,207,0,6,169,0,175,0,89,289,4,382,123,0,123,505
10/02/2004,BED,MA,ANE,EN,Towers with Radar,0,38,102,0,140,0,7,44,0,51,0,45,146,0,191,137,0,137,328
10/03/2004,BED,MA,ANE,EN,Towers with Radar,0,55,106,0,161,0,0,289,0,289,0,55,395,0,450,272,0,272,722
10/04/2004,BED,MA,ANE,EN,Towers with Radar,1,57,128,3,189,0,8,170,6,184,1,65,298,9,373,180,6,186,559
10/05/2004,BED,MA,ANE,EN,Towers with Radar,0,77,74,1,152,0,17,166,0,183,0,94,240,1,335,183,0,183,518
10/06/2004,BED,MA,ANE,EN,Towers with Radar,0,65,102,0,167,0,17,260,2,279,0,82,362,2,446,281,0,281,727
10/07/2004,BED,MA,ANE,EN,Towers with Radar,0,66,109,1,176,0,16,256,0,272,0,82,365,1,448,259,0,259,707
10/08/2004,BED,MA,ANE,EN,Towers with Radar,0,79,117,5,201,0,13,263,3,279,0,92,380,8,480,192,0,192,672
10/09/2004,BED,MA,ANE,EN,Towers with Radar,0,41,76,0,117,0,7,161,0,168,0,48,237,0,285,190,0,190,475
10/10/2004,BED,MA,ANE,EN,Towers with Radar,3,19,87,2,111,0,14,229,2,245,3,33,316,4,356,180,5,185,541
10/11/2004,BED,MA,ANE,EN,Towers with Radar,1,41,108,2,152,0,13,129,1,143,1,54,237,3,295,100,0,100,395
10/12/2004,BED,MA,ANE,EN,Towers with Radar,0,57,102,2,161,0,12,79,1,92,0,69,181,3,253,66,0,66,319
10/13/2004,BED,MA,ANE,EN,Towers with Radar,1,65,95,0,161,0,16,293,1,310,1,81,388,1,471,200,0,200,671
10/14/2004,BED,MA,ANE,EN,Towers with Radar,0,85,140,1,226,0,8,21,5,34,0,93,161,6,260,20,0,20,280
10/15/2004,BED,MA,ANE,EN,Towers with Radar,4,64,117,5,190,0,0,0,0,0,4,64,117,5,190,0,0,0,190
10/16/2004,BED,MA,ANE,EN,Towers with Radar,3,42,63,4,112,0,13,208,1,222,3,55,271,5,334,160,0,160,494
10/17/2004,BED,MA,ANE,EN,Towers with Radar,1,46,101,1,149,0,7,268,2,277,1,53,369,3,426,162,0,162,588
10/18/2004,BED,MA,ANE,EN,Towers with Radar,2,66,117,0,185,0,16,202,1,219,2,82,319,1,404,165,0,165,569
10/19/2004,BED,MA,ANE,EN,Towers with Radar,1,74,130,5,210,0,0,1,0,1,1,74,131,5,211,2,0,2,213
10/20/2004,BED,MA,ANE,EN,Towers with Radar,0,66,155,0,221,0,14,88,0,102,0,80,243,0,323,128,0,128,451
10/21/2004,BED,MA,ANE,EN,Towers with Radar,2,74,116,2,194,0,4,128,0,132,2,78,244,2,326,160,0,160,486
10/22/2004,BED,MA,ANE,EN,Towers with Radar,2,65,155,4,226,0,7,26,0,33,2,72,181,4,259,4,0,4,263
10/23/2004,BED,MA,ANE,EN,Towers with Radar,1,56,82,7,146,0,6,154,3,163,1,62,236,10,309,237,0,237,546
10/24/2004,BED,MA,ANE,EN,Towers with Radar,3,52,148,2,205,0,3,37,0,40,3,55,185,2,245,214,0,214,459
10/25/2004,BED,MA,ANE,EN,Towers with Radar,0,71,155,5,231,0,23,53,0,76,0,94,208,5,307,217,0,217,524
10/26/2004,BED,MA,ANE,EN,Towers with Radar,0,68,116,7,191,0,25,220,0,245,0,93,336,7,436,268,0,268,704
10/27/2004,BED,MA,ANE,EN,Towers with Radar,0,70,110,7,187,0,8,204,0,212,0,78,314,7,399,130,0,130,529
10/28/2004,BED,MA,ANE,EN,Towers with Radar,0,52,99,13,164,0,19,222,0,241,0,71,321,13,405,139,0,139,544
10/29/2004,BED,MA,ANE,EN,Towers with Radar,0,62,113,6,181,0,16,150,0,166,0,78,263,6,347,113,0,113,460
10/30/2004,BED,MA,ANE,EN,Towers with Radar,0,32,43,0,75,0,0,0,0,0,0,32,43,0,75,0,0,0,75
10/31/2004,BED,MA,ANE,EN,Towers with Radar,0,27,84,3,114,0,12,157,0,169,0,39,241,3,283,193,0,193,476
11/01/2004,BED,MA,ANE,EN,Towers with Radar,0,53,90,1,144,0,17,136,0,153,0,70,226,1,297,91,0,91,388
11/02/2004,BED,MA,ANE,EN,Towers with Radar,5,58,84,2,149,0,5,98,0,103,5,63,182,2,252,230,0,230,482
11/03/2004,BED,MA,ANE,EN,Towers with Radar,1,58,85,3,147,0,11,64,0,75,1,69,149,3,222,6,0,6,228
11/04/2004,BED,MA,ANE,EN,Towers with Radar,0,60,133,3,196,0,10,172,4,186,0,70,305,7,382,207,0,207,589
11/05/2004,BED,MA,ANE,EN,Towers with Radar,3,64,94,2,163,0,1,31,0,32,3,65,125,2,195,0,0,0,195
11/06/2004,BED,MA,ANE,EN,Towers with Radar,2,34,35,4,75,0,11,254,5,270,2,45,289,9,345,232,0,232,577
11/07/2004,BED,MA,ANE,EN,Towers with Radar,0,46,70,1,117,0,14,262,0,276,0,60,332,1,393,195,0,195,588
11/08/2004,BED,MA,ANE,EN,Towers with Radar,0,52,85,3,140,0,26,142,0,168,0,78,227,3,308,164,0,164,472
11/09/2004,BED,MA,ANE,EN,Towers with Radar,3,84,104,1,192,0,13,177,4,194,3,97,281,5,386,240,0,240,626
11/10/2004,BED,MA,ANE,EN,Towers with Radar,0,65,124,0,189,0,11,201,0,212,0,76,325,0,401,177,0,177,578
11/11/2004,BED,MA,ANE,EN,Towers with Radar,2,62,110,4,178,0,12,213,0,225,2,74,323,4,403,246,0,246,649
11/12/2004,BED,MA,ANE,EN,Towers with Radar,3,53,116,6,178,0,2,29,0,31,3,55,145,6,209,89,0,89,298
11/13/2004,BED,MA,ANE,EN,Towers with Radar,2,25,41,0,68,0,11,80,0,91,2,36,121,0,159,98,0,98,257
11/14/2004,BED,MA,ANE,EN,Towers with Radar,0,48,71,0,119,0,7,246,1,254,0,55,317,1,373,225,0,225,598
11/15/2004,BED,MA,ANE,EN,Towers with Radar,0,73,83,0,156,0,13,164,0,177,0,86,247,0,333,202,0,202,535
11/16/2004,BED,MA,ANE,EN,Towers with Radar,1,51,122,0,174,0,11,225,0,236,1,62,347,0,410,341,0,341,751
11/17/2004,BED,MA,ANE,EN,Towers with Radar,0,60,119,2,181,0,11,198,10,219,0,71,317,12,400,180,0,180,580
11/18/2004,BED,MA,ANE,EN,Towers with Radar,1,75,134,5,215,0,13,194,0,207,1,88,328,5,422,285,0,285,707
11/19/2004,BED,MA,ANE,EN,Towers with Radar,3,81,134,3,221,0,14,235,0,249,3,95,369,3,470,245,0,245,715
11/20/2004,BED,MA,ANE,EN,Towers with Radar,2,35,76,0,113,0,12,315,1,328,2,47,391,1,441,243,0,243,684
11/21/2004,BED,MA,ANE,EN,Towers with Radar,0,32,100,0,132,0,0,0,0,0,0,32,100,0,132,0,0,0,132
11/22/2004,BED,MA,ANE,EN,Towers with Radar,2,53,104,2,161,0,14,171,0,185,2,67,275,2,346,207,6,213,559
11/23/2004,BED,MA,ANE,EN,Towers with Radar,0,76,135,1,212,0,16,248,4,268,0,92,383,5,480,131,0,131,611
11/24/2004,BED,MA,ANE,EN,Towers with Radar,0,83,162,0,245,0,0,33,0,33,0,83,195,0,278,75,0,75,353
11/25/2004,BED,MA,ANE,EN,Towers with Radar,1,17,20,0,38,0,1,2,0,3,1,18,22,0,41,0,0,0,41
11/26/2004,BED,MA,ANE,EN,Towers with Radar,5,48,58,0,111,0,15,262,0,277,5,63,320,0,388,252,0,252,640
11/27/2004,BED,MA,ANE,EN,Towers with Radar,5,62,88,0,155,0,7,270,0,277,5,69,358,0,432,140,0,140,572
11/28/2004,BED,MA,ANE,EN,Towers with Radar,0,85,173,0,258,0,0,16,0,16,0,85,189,0,274,10,0,10,284
11/29/2004,BED,MA,ANE,EN,Towers with Radar,0,70,101,6,177,0,14,168,0,182,0,84,269,6,359,195,0,195,554
11/30/2004,BED,MA,ANE,EN,Towers with Radar,0,50,120,0,170,0,5,180,0,185,0,55,300,0,355,180,0,180,535
12/01/2004,BED,MA,ANE,EN,Towers with Radar,0,63,74,2,139,0,0,2,0,2,0,63,76,2,141,0,0,0,141
12/02/2004,BED,MA,ANE,EN,Towers with Radar,4,72,95,2,173,0,6,214,0,220,4,78,309,2,393,182,0,182,575
12/03/2004,BED,MA,ANE,EN,Towers with Radar,1,54,122,7,184,0,15,118,1,134,1,69,240,8,318,250,0,250,568
12/04/2004,BED,MA,ANE,EN,Towers with Radar,1,29,56,1,87,0,17,302,5,324,1,46,358,6,411,243,0,243,654
12/05/2004,BED,MA,ANE,EN,Towers with Radar,3,37,82,2,124,0,14,175,9,198,3,51,257,11,322,159,0,159,481
12/06/2004,BED,MA,ANE,EN,Towers with Radar,0,52,108,0,160,0,5,55,0,60,0,57,163,0,220,106,0,106,326
12/07/2004,BED,MA,ANE,EN,Towers with Radar,0,45,74,0,119,0,0,0,0,0,0,45,74,0,119,0,0,0,119
12/08/2004,BED,MA,ANE,EN,Towers with Radar,0,63,96,0,159,0,8,37,0,45,0,71,133,0,204,38,0,38,242
12/09/2004,BED,MA,ANE,EN,Towers with Radar,2,50,114,0,166,0,12,201,0,213,2,62,315,0,379,232,0,232,611
12/10/2004,BED,MA,ANE,EN,Towers with Radar,0,71,94,2,167,0,0,0,0,0,0,71,94,2,167,0,0,0,167
12/11/2004,BED,MA,ANE,EN,Towers with Radar,0,17,37,0,54,0,0,0,0,0,0,17,37,0,54,0,0,0,54
12/12/2004,BED,MA,ANE,EN,Towers with Radar,1,35,82,2,120,0,17,190,0,207,1,52,272,2,327,306,0,306,633
12/13/2004,BED,MA,ANE,EN,Towers with Radar,0,62,84,1,147,0,13,74,0,87,0,75,158,1,234,131,0,131,365
12/14/2004,BED,MA,ANE,EN,Towers with Radar,3,62,113,1,179,0,4,113,1,118,3,66,226,2,297,136,0,136,433
12/15/2004,BED,MA,ANE,EN,Towers with Radar,1,68,110,5,184,0,21,190,0,211,1,89,300,5,395,155,0,155,550
12/16/2004,BED,MA,ANE,EN,Towers with Radar,2,71,112,4,189,0,4,188,0,192,2,75,300,4,381,158,0,158,539
12/17/2004,BED,MA,ANE,EN,Towers with Radar,1,76,107,1,185,0,8,86,1,95,1,84,193,2,280,71,0,71,351
12/18/2004,BED,MA,ANE,EN,Towers with Radar,2,42,59,0,103,0,7,277,0,284,2,49,336,0,387,237,0,237,624
12/19/2004,BED,MA,ANE,EN,Towers with Radar,0,28,57,0,85,0,5,156,0,161,0,33,213,0,246,294,0,294,540
12/20/2004,BED,MA,ANE,EN,Towers with Radar,0,79,68,1,148,0,1,7,0,8,0,80,75,1,156,0,0,0,156
12/21/2004,BED,MA,ANE,EN,Towers with Radar,0,61,106,1,168,0,13,93,0,106,0,74,199,1,274,127,0,127,401
12/22/2004,BED,MA,ANE,EN,Towers with Radar,3,50,96,2,151,0,13,212,0,225,3,63,308,2,376,214,0,214,590
12/23/2004,BED,MA,ANE,EN,Towers with Radar,0,38,42,0,80,0,0,4,0,4,0,38,46,0,84,0,0,0,84
12/24/2004,BED,MA,ANE,EN,Towers with Radar,0,31,23,0,54,0,10,121,0,131,0,41,144,0,185,161,0,161,346
12/25/2004,BED,MA,ANE,EN,Towers with Radar,3,17,19,0,39,0,6,17,1,24,3,23,36,1,63,10,0,10,73
12/26/2004,BED,MA,ANE,EN,Towers with Radar,0,36,81,0,117,0,0,0,0,0,0,36,81,0,117,0,0,0,117
12/27/2004,BED,MA,ANE,EN,Towers with Radar,3,35,53,0,91,0,11,22,0,33,3,46,75,0,124,0,0,0,124
12/28/2004,BED,MA,ANE,EN,Towers with Radar,0,57,41,0,98,0,10,135,0,145,0,67,176,0,243,172,0,172,415
12/29/2004,BED,MA,ANE,EN,Towers with Radar,0,34,63,2,99,0,8,145,1,154,0,42,208,3,253,289,0,289,542
12/30/2004,BED,MA,ANE,EN,Towers with Radar,6,40,51,2,99,0,4,158,0,162,6,44,209,2,261,168,0,168,429
12/31/2004,BED,MA,ANE,EN,Towers with Radar,0,31,27,0,58,0,1,40,0,41,0,32,67,0,99,139,0,139,238
01/01/2005,BED,MA,ANE,EN,Towers with Radar,2,24,52,0,78,0,0,71,0,71,2,24,123,0,149,10,0,10,159
01/02/2005,BED,MA,ANE,EN,Towers with Radar,1,40,76,0,117,0,7,204,0,211,1,47,280,0,328,264,0,264,592
01/03/2005,BED,MA,ANE,EN,Towers with Radar,1,62,70,0,133,0,11,89,0,100,1,73,159,0,233,132,0,132,365
01/04/2005,BED,MA,ANE,EN,Towers with Radar,0,55,75,2,132,0,7,57,0,64,0,62,132,2,196,104,0,104,300
01/05/2005,BED,MA,ANE,EN,Towers with Radar,2,47,67,0,116,0,0,7,0,7,2,47,74,0,123,4,0,4,127
01/06/2005,BED,MA,ANE,EN,Towers with Radar,1,24,48,0,73,0,0,0,0,0,1,24,48,0,73,0,0,0,73
01/07/2005,BED,MA,ANE,EN,Towers with Radar,0,51,67,3,121,0,0,136,1,137,0,51,203,4,258,112,0,112,370
01/08/2005,BED,MA,ANE,EN,Towers with Radar,1,28,19,0,48,0,0,9,0,9,1,28,28,0,57,18,0,18,75
01/09/2005,BED,MA,ANE,EN,Towers with Radar,1,22,67,0,90,0,6,116,0,122,1,28,183,0,212,220,0,220,432
01/10/2005,BED,MA,ANE,EN,Towers with Radar,0,51,81,0,132,0,12,58,0,70,0,63,139,0,202,91,0,91,293
01/11/2005,BED,MA,ANE,EN,Towers with Radar,1,45,100,2,148,0,16,143,0,159,1,61,243,2,307,109,0,109,416
01/12/2005,BED,MA,ANE,EN,Towers with Radar,0,45,94,1,140,0,0,0,0,0,0,45,94,1,140,0,0,0,140
01/13/2005,BED,MA,ANE,EN,Towers with Radar,4,9,45,0,58,0,0,0,0,0,4,9,45,0,58,0,0,0,58
01/14/2005,BED,MA,ANE,EN,Towers with Radar,0,54,96,0,150,0,0,2,0,2,0,54,98,0,152,0,0,0,152
01/15/2005,BED,MA,ANE,EN,Towers with Radar,0,30,48,1,79,0,5,277,0,282,0,35,325,1,361,267,2,269,630
01/16/2005,BED,MA,ANE,EN,Towers with Radar,1,17,48,0,66,0,14,182,2,198,1,31,230,2,264,186,0,186,450
01/17/2005,BED,MA,ANE,EN,Towers with Radar,0,70,88,2,160,0,7,44,0,51,0,77,132,2,211,40,0,40,251
01/18/2005,BED,MA,ANE,EN,Towers with Radar,3,63,96,0,162,0,10,91,0,101,3,73,187,0,263,40,0,40,303
01/19/2005,BED,MA,ANE,EN,Towers with Radar,0,49,99,0,148,0,10,70,0,80,0,59,169,0,228,130,0,130,358
01/20/2005,BED,MA,ANE,EN,Towers with Radar,3,67,92,0,162,0,13,110,0,123,3,80,202,0,285,88,0,88,373
01/21/2005,BED,MA,ANE,EN,Towers with Radar,2,43,79,0,124,0,11,101,0,112,2,54,180,0,236,90,0,90,326
01/22/2005,BED,MA,ANE,EN,Towers with Radar,0,24,42,0,66,0,4,41,0,45,0,28,83,0,111,185,0,185,296
01/23/2005,BED,MA,ANE,EN,Towers with Radar,0,2,7,0,9,0,0,0,0,0,0,2,7,0,9,0,0,0,9
01/24/2005,BED,MA,ANE,EN,Towers with Radar,0,68,107,2,177,0,19,21,0,40,0,87,128,2,217,0,0,0,217
01/25/2005,BED,MA,ANE,EN,Towers with Radar,0,71,95,7,173,0,11,98,4,113,0,82,193,11,286,158,0,158,444
01/26/2005,BED,MA,ANE,EN,Towers with Radar,0,35,73,0,108,0,0,0,0,0,0,35,73,0,108,0,0,0,108
01/27/2005,BED,MA,ANE,EN,Towers with Radar,4,67,78,0,149,0,6,110,0,116,4,73,188,0,265,67,0,67,332
01/28/2005,BED,MA,ANE,EN,Towers with Radar,3,62,102,2,169,0,8,126,0,134,3,70,228,2,303,101,0,101,404
01/29/2005,BED,MA,ANE,EN,Towers with Radar,0,24,38,2,64,0,9,196,0,205,0,33,234,2,269,215,0,215,484
01/30/2005,BED,MA,ANE,EN,Towers with Radar,2,23,72,0,97,0,8,212,0,220,2,31,284,0,317,196,0,196,513
01/31/2005,BED,MA,ANE,EN,Towers with Radar,0,61,76,0,137,0,5,100,0,105,0,66,176,0,242,100,0,100,342
02/01/2005,BED,MA,ANE,EN,Towers with Radar,1,57,78,1,137,0,14,200,0,214,1,71,278,1,351,383,0,383,734
02/02/2005,BED,MA,ANE,EN,Towers with Radar,0,58,120,1,179,0,6,196,0,202,0,64,316,1,381,181,0,181,562
02/03/2005,BED,MA,ANE,EN,Towers with Radar,0,60,98,4,162,0,6,57,0,63,0,66,155,4,225,80,0,80,305
02/04/2005,BED,MA,ANE,EN,Towers with Radar,2,67,105,0,174,0,5,14,0,19,2,72,119,0,193,12,0,12,205
02/05/2005,BED,MA,ANE,EN,Towers with Radar,2,43,62,0,107,0,4,240,1,245,2,47,302,1,352,209,0,209,561
02/06/2005,BED,MA,ANE,EN,Towers with Radar,0,32,67,0,99,0,6,252,0,258,0,38,319,0,357,194,0,194,551
02/07/2005,BED,MA,ANE,EN,Towers with Radar,3,100,107,2,212,0,7,180,2,189,3,107,287,4,401,179,0,179,580
02/08/2005,BED,MA,ANE,EN,Towers with Radar,3,78,92,0,173,0,16,144,0,160,3,94,236,0,333,206,0,206,539
02/09/2005,BED,MA,ANE,EN,Towers with Radar,0,70,128,2,200,0,12,135,0,147,0,82,263,2,347,158,0,158,505
02/10/2005,BED,MA,ANE,EN,Towers with Radar,0,49,53,0,102,0,0,0,0,0,0,49,53,0,102,0,0,0,102
02/11/2005,BED,MA,ANE,EN,Towers with Radar,0,39,85,0,124,0,1,34,0,35,0,40,119,0,159,0,0,0,159
02/12/2005,BED,MA,ANE,EN,Towers with Radar,1,20,46,3,70,0,5,174,0,179,1,25,220,3,249,327,0,327,576
02/13/2005,BED,MA,ANE,EN,Towers with Radar,1,23,84,1,109,0,13,210,0,223,1,36,294,1,332,270,0,270,602
02/14/2005,BED,MA,ANE,EN,Towers with Radar,2,45,76,1,124,0,5,70,0,75,2,50,146,1,199,109,0,109,308
02/15/2005,BED,MA,ANE,EN,Towers with Radar,0,58,118,0,176,0,11,106,1,118,0,69,224,1,294,76,0,76,370
02/16/2005,BED,MA,ANE,EN,Towers with Radar,2,66,108,0,176,0,6,74,0,80,2,72,182,0,256,48,0,48,304
02/17/2005,BED,MA,ANE,EN,Towers with Radar,0,70,127,0,197,0,8,176,0,184,0,78,303,0,381,188,0,188,569
02/18/2005,BED,MA,ANE,EN,Towers with Radar,0,82,138,1,221,0,14,106,0,120,0,96,244,1,341,78,0,78,419
02/19/2005,BED,MA,ANE,EN,Towers with Radar,0,50,69,0,119,0,9,234,0,243,0,59,303,0,362,170,0,170,532
02/20/2005,BED,MA,ANE,EN,Towers with Radar,1,44,61,0,106,0,5,217,1,223,1,49,278,1,329,259,0,259,588
02/21/2005,BED,MA,ANE,EN,Towers with Radar,1,36,45,0,82,0,0,0,0,0,1,36,45,0,82,0,0,0,82
02/22/2005,BED,MA,ANE,EN,Towers with Radar,0,78,99,0,177,0,6,24,0,30,0,84,123,0,207,43,0,43,250
02/23/2005,BED,MA,ANE,EN,Towers with Radar,0,51,97,9,157,0,11,146,1,158,0,62,243,10,315,103,0,103,418
02/24/2005,BED,MA,ANE,EN,Towers with Radar,1,54,108,0,163,0,3,129,0,132,1,57,237,0,295,126,0,126,421
02/25/2005,BED,MA,ANE,EN,Towers with Radar,1,59,75,0,135,0,6,89,0,95,1,65,164,0,230,66,0,66,296
02/26/2005,BED,MA,ANE,EN,Towers with Radar,0,37,79,0,116,0,5,188,0,193,0,42,267,0,309,195,0,195,504
02/27/2005,BED,MA,ANE,EN,Towers with Radar,0,46,89,0,135,0,7,210,0,217,0,53,299,0,352,122,0,122,474
02/28/2005,BED,MA,ANE,EN,Towers with Radar,1,42,84,0,127,0,7,60,0,67,1,49,144,0,194,51,0,51,245
03/01/2005,BED,MA,ANE,EN,Towers with Radar,0,56,77,1,134,0,0,0,0,0,0,56,77,1,134,0,0,0,134
03/02/2005,BED,MA,ANE,EN,Towers with Radar,0,76,120,1,197,0,8,74,0,82,0,84,194,1,279,34,0,34,313
03/03/2005,BED,MA,ANE,EN,Towers with Radar,0,52,108,2,162,0,19,100,0,119,0,71,208,2,281,110,0,110,391
03/04/2005,BED,MA,ANE,EN,Towers with Radar,0,46,102,6,154,0,12,175,0,187,0,58,277,6,341,131,0,131,472
03/05/2005,BED,MA,ANE,EN,Towers with Radar,0,48,48,1,97,0,18,328,0,346,0,66,376,1,443,228,0,228,671
03/06/2005,BED,MA,ANE,EN,Towers with Radar,0,49,107,3,159,0,3,142,0,145,0,52,249,3,304,117,0,117,421
03/07/2005,BED,MA,ANE,EN,Towers with Radar,0,54,81,2,137,0,12,74,0,86,0,66,155,2,223,96,0,96,319
03/08/2005,BED,MA,ANE,EN,Towers with Radar,0,37,52,0,89,0,1,8,0,9,0,38,60,0,98,24,0,24,122
03/09/2005,BED,MA,ANE,EN,Towers with Radar,1,56,94,7,158,0,3,28,0,31,1,59,122,7,189,2,0,2,191
03/10/2005,BED,MA,ANE,EN,Towers with Radar,0,72,101,1,174,0,13,188,1,202,0,85,289,2,376,129,0,129,505
03/11/2005,BED,MA,ANE,EN,Towers with Radar,2,54,106,0,162,0,4,43,0,47,2,58,149,0,209,62,0,62,271
03/12/2005,BED,MA,ANE,EN,Towers with Radar,0,22,26,0,48,0,0,0,0,0,0,22,26,0,48,0,0,0,48
03/13/2005,BED,MA,ANE,EN,Towers with Radar,1,46,84,0,131,0,8,109,4,121,1,54,193,4,252,226,0,226,478
03/14/2005,BED,MA,ANE,EN,Towers with Radar,0,65,75,0,140,0,7,118,0,125,0,72,193,0,265,167,0,167,432
03/15/2005,BED,MA,ANE,EN,Towers with Radar,2,70,100,2,174,0,2,128,0,130,2,72,228,2,304,166,0,166,470
03/16/2005,BED,MA,ANE,EN,Towers with Radar,1,58,88,0,147,0,12,182,0,194,1,70,270,0,341,181,0,181,522
03/17/2005,BED,MA,ANE,EN,Towers with Radar,2,62,122,0,186,0,8,152,2,162,2,70,274,2,348,174,0,174,522
03/18/2005,BED,MA,ANE,EN,Towers with Radar,0,64,113,2,179,0,9,163,1,173,0,73,276,3,352,207,0,207,559
03/19/2005,BED,MA,ANE,EN,Towers with Radar,0,29,58,0,87,0,0,311,2,313,0,29,369,2,400,238,0,238,638
03/20/2005,BED,MA,ANE,EN,Towers with Radar,1,16,84,1,102,0,4,142,0,146,1,20,226,1,248,255,0,255,503
03/21/2005,BED,MA,ANE,EN,Towers with Radar,0,66,86,0,152,0,8,81,0,89,0,74,167,0,241,125,0,125,366
03/22/2005,BED,MA,ANE,EN,Towers with Radar,2,66,94,2,164,0,11,230,0,241,2,77,324,2,405,207,0,207,612
03/23/2005,BED,MA,ANE,EN,Towers with Radar,5,54,97,4,160,0,4,143,0,147,5,58,240,4,307,222,0,222,529
03/24/2005,BED,MA,ANE,EN,Towers with Radar,2,64,82,0,148,0,13,57,0,70,2,77,139,0,218,60,0,60,278
03/25/2005,BED,MA,ANE,EN,Towers with Radar,1,54,115,2,172,0,17,200,0,217,1,71,315,2,389,199,0,199,588
03/26/2005,BED,MA,ANE,EN,Towers with Radar,3,35,45,0,83,0,11,327,0,338,3,46,372,0,421,252,0,252,673
03/27/2005,BED,MA,ANE,EN,Towers with Radar,0,43,67,0,110,0,12,169,0,181,0,55,236,0,291,247,0,247,538
03/28/2005,BED,MA,ANE,EN,Towers with Radar,0,52,105,2,159,0,0,0,0,0,0,52,105,2,159,0,0,0,159
03/29/2005,BED,MA,ANE,EN,Towers with Radar,0,64,124,0,188,0,3,10,0,13,0,67,134,0,201,40,0,40,241
03/30/2005,BED,MA,ANE,EN,Towers with Radar,0,51,120,2,173,0,18,165,0,183,0,69,285,2,356,222,0,222,578
03/31/2005,BED,MA,ANE,EN,Towers with Radar,2,69,112,2,185,0,6,224,0,230,2,75,336,2,415,114,0,114,529
04/01/2005,BED,MA,ANE,EN,Towers with Radar,0,43,108,4,155,0,7,120,0,127,0,50,228,4,282,189,0,189,471
04/02/2005,BED,MA,ANE,EN,Towers with Radar,0,25,26,0,51,0,0,0,0,0,0,25,26,0,51,0,0,0,51
04/03/2005,BED,MA,ANE,EN,Towers with Radar,0,31,81,1,113,0,9,75,0,84,0,40,156,1,197,181,0,181,378
04/04/2005,BED,MA,ANE,EN,Towers with Radar,2,51,130,0,183,0,11,72,1,84,2,62,202,1,267,166,0,166,433
04/05/2005,BED,MA,ANE,EN,Towers with Radar,0,71,99,0,170,0,9,170,0,179,0,80,269,0,349,142,0,142,491
04/06/2005,BED,MA,ANE,EN,Towers with Radar,2,68,113,2,185,0,10,233,0,243,2,78,346,2,428,168,0,168,596
04/07/2005,BED,MA,ANE,EN,Towers with Radar,1,62,114,0,177,0,7,103,0,110,1,69,217,0,287,155,0,155,442
04/08/2005,BED,MA,ANE,EN,Towers with Radar,1,81,115,0,197,0,9,212,0,221,1,90,327,0,418,191,0,191,609
04/09/2005,BED,MA,ANE,EN,Towers with Radar,3,25,69,2,99,0,17,364,13,394,3,42,433,15,493,275,0,275,768
04/10/2005,BED,MA,ANE,EN,Towers with Radar,2,39,103,0,144,0,11,324,0,335,2,50,427,0,479,330,0,330,809
04/11/2005,BED,MA,ANE,EN,Towers with Radar,3,48,109,3,163,0,4,147,0,151,3,52,256,3,314,161,0,161,475
04/12/2005,BED,MA,ANE,EN,Towers with Radar,3,76,119,2,200,3,1,100,1,105,6,77,219,3,305,65,0,65,370
04/13/2005,BED,MA,ANE,EN,Towers with Radar,0,72,149,4,225,0,14,196,0,210,0,86,345,4,435,352,0,352,787
04/14/2005,BED,MA,ANE,EN,Towers with Radar,1,76,135,0,212,0,7,183,2,192,1,83,318,2,404,127,0,127,531
04/15/2005,BED,MA,ANE,EN,Towers with Radar,0,83,122,4,209,0,8,190,0,198,0,91,312,4,407,87,0,87,494
04/16/2005,BED,MA,ANE,EN,Towers with Radar,2,48,55,3,108,0,12,341,1,354,2,60,396,4,462,259,0,259,721
04/17/2005,BED,MA,ANE,EN,Towers with Radar,0,35,102,2,139,0,23,273,0,296,0,58,375,2,435,246,0,246,681
04/18/2005,BED,MA,ANE,EN,Towers with Radar,0,66,104,4,174,0,11,179,0,190,0,77,283,4,364,180,0,180,544
04/19/2005,BED,MA,ANE,EN,Towers with Radar,2,69,92,2,165,0,13,172,0,185,2,82,264,2,350,157,0,157,507
04/20/2005,BED,MA,ANE,EN,Towers with Radar,2,42,105,5,154,0,12,147,0,159,2,54,252,5,313,197,0,197,510
04/21/2005,BED,MA,ANE,EN,Towers with Radar,0,76,117,3,196,0,15,186,2,203,0,91,303,5,399,85,0,85,484
04/22/2005,BED,MA,ANE,EN,Towers with Radar,3,73,94,1,171,0,9,189,2,200,3,82,283,3,371,169,0,169,540
04/23/2005,BED,MA,ANE,EN,Towers with Radar,2,45,52,0,99,0,0,0,0,0,2,45,52,0,99,0,0,0,99
04/24/2005,BED,MA,ANE,EN,Towers with Radar,0,43,95,0,138,0,11,77,0,88,0,54,172,0,226,77,0,77,303
04/25/2005,BED,MA,ANE,EN,Towers with Radar,5,71,93,0,169,0,11,85,0,96,5,82,178,0,265,74,0,74,339
04/26/2005,BED,MA,ANE,EN,Towers with Radar,1,53,108,0,162,0,23,222,0,245,1,76,330,0,407,204,0,204,611
04/27/2005,BED,MA,ANE,EN,Towers with Radar,2,59,117,0,178,0,0,0,0,0,2,59,117,0,178,0,0,0,178
04/28/2005,BED,MA,ANE,EN,Towers with Radar,0,55,164,2,221,0,12,112,0,124,0,67,276,2,345,138,0,138,483
04/29/2005,BED,MA,ANE,EN,Towers with Radar,2,56,124,4,186,0,15,230,0,245,2,71,354,4,431,215,0,215,646
04/30/2005,BED,MA,ANE,EN,Towers with Radar,1,33,73,2,109,0,2,35,2,39,1,35,108,4,148,112,0,112,260
05/01/2005,BED,MA,ANE,EN,Towers with Radar,0,26,106,5,137,0,5,50,0,55,0,31,156,5,192,33,0,33,225
05/02/2005,BED,MA,ANE,EN,Towers with Radar,4,54,102,3,163,0,6,131,0,137,4,60,233,3,300,81,0,81,381
05/03/2005,BED,MA,ANE,EN,Towers with Radar,1,63,115,2,181,0,11,217,1,229,1,74,332,3,410,397,0,397,807
05/04/2005,BED,MA,ANE,EN,Towers with Radar,2,68,131,6,207,0,15,230,2,247,2,83,361,8,454,306,0,306,760
05/05/2005,BED,MA,ANE,EN,Towers with Radar,0,63,136,3,202,0,12,232,2,246,0,75,368,5,448,245,0,245,693
05/06/2005,BED,MA,ANE,EN,Towers with Radar,1,62,127,1,191,0,7,206,0,213,1,69,333,1,404,266,0,266,670
05/07/2005,BED,MA,ANE,EN,Towers with Radar,0,36,29,0,65,0,0,0,0,0,0,36,29,0,65,0,0,0,65
05/08/2005,BED,MA,ANE,EN,Towers with Radar,1,36,70,0,107,0,1,1,0,2,1,37,71,0,109,0,0,0,109
05/09/2005,BED,MA,ANE,EN,Towers with Radar,0,70,137,0,207,0,5,126,0,131,0,75,263,0,338,182,0,182,520
05/10/2005,BED,MA,ANE,EN,Towers with Radar,4,86,135,3,228,0,12,159,13,184,4,98,294,16,412,290,0,290,702
05/11/2005,BED,MA,ANE,EN,Towers with Radar,1,67,151,2,221,0,23,269,0,292,1,90,420,2,513,251,0,251,764
05/12/2005,BED,MA,ANE,EN,Towers with Radar,0,67,139,4,210,0,14,158,2,174,0,81,297,6,384,76,0,76,460
05/13/2005,BED,MA,ANE,EN,Towers with Radar,3,69,91,1,164,0,24,285,3,312,3,93,376,4,476,226,0,226,702
05/14/2005,BED,MA,ANE,EN,Towers with Radar,0,37,103,2,142,0,11,275,12,298,0,48,378,14,440,286,0,286,726
05/15/2005,BED,MA,ANE,EN,Towers with Radar,0,36,128,3,167,0,2,155,0,157,0,38,283,3,324,177,0,177,501
05/16/2005,BED,MA,ANE,EN,Towers with Radar,0,65,124,5,194,0,5,48,0,53,0,70,172,5,247,96,0,96,343
05/17/2005,BED,MA,ANE,EN,Towers with Radar,0,80,121,3,204,0,7,152,0,159,0,87,273,3,363,194,0,194,557
05/18/2005,BED,MA,ANE,EN,Towers with Radar,0,73,152,4,229,0,7,72,1,80,0,80,224,5,309,102,2,104,413
05/19/2005,BED,MA,ANE,EN,Towers with Radar,2,54,127,1,184,0,12,241,2,255,2,66,368,3,439,245,0,245,684
05/20/2005,BED,MA,ANE,EN,Towers with Radar,0,50,121,2,173,0,8,226,2,236,0,58,347,4,409,219,0,219,628
05/21/2005,BED,MA,ANE,EN,Towers with Radar,0,35,103,0,138,0,1,86,0,87,0,36,189,0,225,159,0,159,384
05/22/2005,BED,MA,ANE,EN,Towers with Radar,0,46,158,2,206,0,4,55,0,59,0,50,213,2,265,206,0,206,471
05/23/2005,BED,MA,ANE,EN,Towers with Radar,0,62,145,0,207,0,0,3,0,3,0,62,148,0,210,22,0,22,232
05/24/2005,BED,MA,ANE,EN,Towers with Radar,0,57,97,0,154,0,0,0,0,0,0,57,97,0,154,0,0,0,154
05/25/2005,BED,MA,ANE,EN,Towers with Radar,0,62,108,0,170,0,0,0,0,0,0,62,108,0,170,0,0,0,170
05/26/2005,BED,MA,ANE,EN,Towers with Radar,0,73,151,0,224,0,0,0,0,0,0,73,151,0,224,0,0,0,224
05/27/2005,BED,MA,ANE,EN,Towers with Radar,0,63,171,4,238,0,27,114,0,141,0,90,285,4,379,188,0,188,567
05/28/2005,BED,MA,ANE,EN,Towers with Radar,0,34,60,0,94,0,6,228,0,234,0,40,288,0,328,238,0,238,566
05/29/2005,BED,MA,ANE,EN,Towers with Radar,0,13,51,3,67,0,5,151,0,156,0,18,202,3,223,253,0,253,476
05/30/2005,BED,MA,ANE,EN,Towers with Radar,0,56,115,1,172,0,10,203,0,213,0,66,318,1,385,198,0,198,583
05/31/2005,BED,MA,ANE,EN,Towers with Radar,0,58,144,0,202,0,4,41,0,45,0,62,185,0,247,43,0,43,290
06/01/2005,BED,MA,ANE,EN,Towers with Radar,0,49,137,1,187,0,18,150,0,168,0,67,287,1,355,398,0,398,753
06/02/2005,BED,MA,ANE,EN,Towers with Radar,0,65,170,0,235,0,10,222,0,232,0,75,392,0,467,236,0,236,703
06/03/2005,BED,MA,ANE,EN,Towers with Radar,0,58,142,3,203,0,12,252,0,264,0,70,394,3,467,350,0,350,817
06/04/2005,BED,MA,ANE,EN,Towers with Radar,0,29,64,0,93,0,16,323,2,341,0,45,387,2,434,335,0,335,769
06/05/2005,BED,MA,ANE,EN,Towers with Radar,3,26,69,2,100,0,11,312,0,323,3,37,381,2,423,338,0,338,761
06/06/2005,BED,MA,ANE,EN,Towers with Radar,0,71,121,2,194,0,9,38,0,47,0,80,159,2,241,106,0,106,347
06/07/2005,BED,MA,ANE,EN,Towers with Radar,2,88,128,7,225,0,0,169,1,170,2,88,297,8,395,227,0,227,622
06/08/2005,BED,MA,ANE,EN,Towers with Radar,2,63,143,3,211,0,6,309,1,316,2,69,452,4,527,185,0,185,712
06/09/2005,BED,MA,ANE,EN,Towers with Radar,0,72,154,0,226,0,11,204,0,215,0,83,358,0,441,407,0,407,848
06/10/2005,BED,MA,ANE,EN,Towers with Radar,1,70,135,4,210,1,14,125,6,146,2,84,260,10,356,195,0,195,551
06/11/2005,BED,MA,ANE,EN,Towers with Radar,0,45,101,0,146,0,3,143,0,146,0,48,244,0,292,306,0,306,598
06/12/2005,BED,MA,ANE,EN,Towers with Radar,0,55,102,0,157,0,12,75,0,87,0,67,177,0,244,199,0,199,443
06/13/2005,BED,MA,ANE,EN,Towers with Radar,2,67,103,0,172,0,5,160,5,170,2,72,263,5,342,332,0,332,674
06/14/2005,BED,MA,ANE,EN,Towers with Radar,2,111,143,0,256,0,87,15,2,104,2,198,158,2,360,44,0,44,404
06/15/2005,BED,MA,ANE,EN,Towers with Radar,0,81,179,2,262,0,0,0,0,0,0,81,179,2,262,22,0,22,284
06/16/2005,BED,MA,ANE,EN,Towers with Radar,2,71,185,1,259,0,3,25,0,28,2,74,210,1,287,103,0,103,390
06/17/2005,BED,MA,ANE,EN,Towers with Radar,3,73,150,4,230,0,4,123,0,127,3,77,273,4,357,138,0,138,495
06/18/2005,BED,MA,ANE,EN,Towers with Radar,2,30,102,8,142,0,4,98,0,102,2,34,200,8,244,285,0,285,529
06/19/2005,BED,MA,ANE,EN,Towers with Radar,0,61,116,5,182,0,1,167,1,169,0,62,283,6,351,370,0,370,721
06/20/2005,BED,MA,ANE,EN,Towers with Radar,3,55,68,1,127,0,13,283,0,296,3,68,351,1,423,260,0,260,683
06/21/2005,BED,MA,ANE,EN,Towers with Radar,0,54,124,2,180,0,4,256,0,260,0,58,380,2,440,200,0,200,640
06/22/2005,BED,MA,ANE,EN,Towers with Radar,3,66,156,0,225,0,4,141,2,147,3,70,297,2,372,208,0,208,580
06/23/2005,BED,MA,ANE,EN,Towers with Radar,0,82,105,0,187,0,18,374,0,392,0,100,479,0,579,270,0,270,849
06/24/2005,BED,MA,ANE,EN,Towers with Radar,1,61,101,4,167,0,24,257,2,283,1,85,358,6,450,305,0,305,755
06/25/2005,BED,MA,ANE,EN,Towers with Radar,0,43,65,0,108,0,4,250,1,255,0,47,315,1,363,275,0,275,638
06/26/2005,BED,MA,ANE,EN,Towers with Radar,0,40,102,4,146,0,2,132,0,134,0,42,234,4,280,207,0,207,487
06/27/2005,BED,MA,ANE,EN,Towers with Radar,0,57,84,1,142,0,11,127,2,140,0,68,211,3,282,220,0,220,502
06/28/2005,BED,MA,ANE,EN,Towers with Radar,2,91,137,0,230,0,4,42,0,46,2,95,179,0,276,146,0,146,422
06/29/2005,BED,MA,ANE,EN,Towers with Radar,1,65,120,0,186,0,21,31,0,52,1,86,151,0,238,118,0,118,356
06/30/2005,BED,MA,ANE,EN,Towers with Radar,0,62,160,3,225,0,8,46,0,54,0,70,206,3,279,139,0,139,418
07/01/2005,BED,MA,ANE,EN,Towers with Radar,2,57,140,3,202,0,3,26,0,29,2,60,166,3,231,91,0,91,322
07/02/2005,BED,MA,ANE,EN,Towers with Radar,0,33,58,2,93,0,15,248,0,263,0,48,306,2,356,268,0,268,624
07/03/2005,BED,MA,ANE,EN,Towers with Radar,1,13,30,0,44,0,4,227,0,231,1,17,257,0,275,202,0,202,477
07/04/2005,BED,MA,ANE,EN,Towers with Radar,0,20,44,2,66,0,11,198,0,209,0,31,242,2,275,237,0,237,512
07/05/2005,BED,MA,ANE,EN,Towers with Radar,0,47,97,1,145,0,12,194,1,207,0,59,291,2,352,257,0,257,609
07/06/2005,BED,MA,ANE,EN,Towers with Radar,1,44,98,6,149,0,0,0,0,0,1,44,98,6,149,0,0,0,149
07/07/2005,BED,MA,ANE,EN,Towers with Radar,0,68,104,3,175,0,9,68,0,77,0,77,172,3,252,261,0,261,513
07/08/2005,BED,MA,ANE,EN,Towers with Radar,0,40,100,1,141,0,0,0,0,0,0,40,100,1,141,0,0,0,141
07/09/2005,BED,MA,ANE,EN,Towers with Radar,0,21,89,2,112,0,9,70,0,79,0,30,159,2,191,155,0,155,346
07/10/2005,BED,MA,ANE,EN,Towers with Radar,2,24,116,0,142,0,16,345,0,361,2,40,461,0,503,278,0,278,781
07/11/2005,BED,MA,ANE,EN,Towers with Radar,0,59,84,0,143,0,11,222,0,233,0,70,306,0,376,208,0,208,584
07/12/2005,BED,MA,ANE,EN,Towers with Radar,0,63,109,0,172,0,5,226,1,232,0,68,335,1,404,259,0,259,663
07/13/2005,BED,MA,ANE,EN,Towers with Radar,1,63,141,0,205,0,20,236,0,256,1,83,377,0,461,304,0,304,765
07/14/2005,BED,MA,ANE,EN,Towers with Radar,0,74,154,2,230,0,9,55,0,64,0,83,209,2,294,135,0,135,429
07/15/2005,BED,MA,ANE,EN,Towers with Radar,0,54,145,2,201,0,9,173,0,182,0,63,318,2,383,274,0,274,657
07/16/2005,BED,MA,ANE,EN,Towers with Radar,0,42,85,2,129,0,5,119,0,124,0,47,204,2,253,215,0,215,468
07/17/2005,BED,MA,ANE,EN,Towers with Radar,1,31,125,3,160,0,9,53,0,62,1,40,178,3,222,178,0,178,400
07/18/2005,BED,MA,ANE,EN,Towers with Radar,0,65,150,1,216,0,2,21,0,23,0,67,171,1,239,50,0,50,289
07/19/2005,BED,MA,ANE,EN,Towers with Radar,1,76,140,2,219,0,6,36,1,43,1,82,176,3,262,109,0,109,371
07/20/2005,BED,MA,ANE,EN,Towers with Radar,0,68,92,0,160,0,11,321,1,333,0,79,413,1,493,391,0,391,884
07/21/2005,BED,MA,ANE,EN,Towers with Radar,1,52,119,4,176,0,11,261,0,272,1,63,380,4,448,297,0,297,745
07/22/2005,BED,MA,ANE,EN,Towers with Radar,3,54,96,0,153,0,13,209,13,235,3,67,305,13,388,226,0,226,614
07/23/2005,BED,MA,ANE,EN,Towers with Radar,0,30,49,0,79,0,15,312,0,327,0,45,361,0,406,228,0,228,634
07/24/2005,BED,MA,ANE,EN,Towers with Radar,0,35,64,2,101,0,9,315,0,324,0,44,379,2,425,248,0,248,673
07/25/2005,BED,MA,ANE,EN,Towers with Radar,1,63,110,0,174,0,12,145,1,158,1,75,255,1,332,121,0,121,453
07/26/2005,BED,MA,ANE,EN,Towers with Radar,0,56,100,0,156,0,12,216,0,228,0,68,316,0,384,219,0,219,603
07/27/2005,BED,MA,ANE,EN,Towers with Radar,0,49,106,2,157,0,9,120,0,129,0,58,226,2,286,138,0,138,424
07/28/2005,BED,MA,ANE,EN,Towers with Radar,4,68,149,2,223,0,16,239,0,255,4,84,388,2,478,245,0,245,723
07/29/2005,BED,MA,ANE,EN,Towers with Radar,0,50,83,3,136,0,9,306,2,317,0,59,389,5,453,188,0,188,641
07/30/2005,BED,MA,ANE,EN,Towers with Radar,0,31,61,0,92,0,8,261,1,270,0,39,322,1,362,263,0,263,625
07/31/2005,BED,MA,ANE,EN,Towers with Radar,3,39,120,1,163,0,1,88,2,91,3,40,208,3,254,117,0,117,371
08/01/2005,BED,MA,ANE,EN,Towers with Radar,0,41,129,4,174,0,12,86,0,98,0,53,215,4,272,126,0,126,398
08/02/2005,BED,MA,ANE,EN,Towers with Radar,0,61,100,0,161,0,13,215,3,231,0,74,315,3,392,206,0,206,598
08/03/2005,BED,MA,ANE,EN,Towers with Radar,0,59,116,5,180,0,11,221,2,234,0,70,337,7,414,296,0,296,710
08/04/2005,BED,MA,ANE,EN,Towers with Radar,0,55,121,7,183,0,8,247,0,255,0,63,368,7,438,326,0,326,764
08/05/2005,BED,MA,ANE,EN,Towers with Radar,0,67,141,4,212,0,10,83,1,94,0,77,224,5,306,195,0,195,501
08/06/2005,BED,MA,ANE,EN,Towers with Radar,0,35,47,0,82,0,14,290,8,312,0,49,337,8,394,275,0,275,669
08/07/2005,BED,MA,ANE,EN,Towers with Radar,1,32,70,1,104,0,18,298,1,317,1,50,368,2,421,167,0,167,588
08/08/2005,BED,MA,ANE,EN,Towers with Radar,3,43,98,0,144,0,13,170,0,183,3,56,268,0,327,200,0,200,527
08/09/2005,BED,MA,ANE,EN,Towers with Radar,0,69,101,6,176,0,15,114,7,136,0,84,215,13,312,246,0,246,558
08/10/2005,BED,MA,ANE,EN,Towers with Radar,1,46,114,3,164,0,16,193,6,215,1,62,307,9,379,261,0,261,640
08/11/2005,BED,MA,ANE,EN,Towers with Radar,0,54,104,0,158,0,13,221,2,236,0,67,325,2,394,244,0,244,638
08/12/2005,BED,MA,ANE,EN,Towers with Radar,0,42,87,2,131,0,8,184,1,193,0,50,271,3,324,277,0,277,601
08/13/2005,BED,MA,ANE,EN,Towers with Radar,0,35,76,1,112,0,6,102,5,113,0,41,178,6,225,182,0,182,407
08/14/2005,BED,MA,ANE,EN,Towers with Radar,3,35,83,1,122,0,0,83,0,83,3,35,166,1,205,196,0,196,401
08/15/2005,BED,MA,ANE,EN,Towers with Radar,2,70,133,1,206,0,5,13,0,18,2,75,146,1,224,24,0,24,248
08/16/2005,BED,MA,ANE,EN,Towers with Radar,0,60,102,0,162,0,10,229,1,240,0,70,331,1,402,236,0,236,638
08/17/2005,BED,MA,ANE,EN,Towers with Radar,2,48,111,0,161,0,15,248,0,263,2,63,359,0,424,293,0,293,717
08/18/2005,BED,MA,ANE,EN,Towers with Radar,0,62,124,2,188,0,9,319,11,339,0,71,443,13,527,215,0,215,742
08/19/2005,BED,MA,ANE,EN,Towers with Radar,1,51,89,2,143,0,13,243,2,258,1,64,332,4,401,260,0,260,661
08/20/2005,BED,MA,ANE,EN,Towers with Radar,0,25,75,0,100,0,4,53,0,57,0,29,128,0,157,121,0,121,278
08/21/2005,BED,MA,ANE,EN,Towers with Radar,0,37,93,4,134,0,3,39,0,42,0,40,132,4,176,113,0,113,289
08/22/2005,BED,MA,ANE,EN,Towers with Radar,1,56,112,1,170,0,13,165,0,178,1,69,277,1,348,185,0,185,533
08/23/2005,BED,MA,ANE,EN,Towers with Radar,0,60,89,0,149,0,13,239,1,253,0,73,328,1,402,250,0,250,652
08/24/2005,BED,MA,ANE,EN,Towers with Radar,0,67,100,5,172,0,11,195,1,207,0,78,295,6,379,204,0,204,583
08/25/2005,BED,MA,ANE,EN,Towers with Radar,1,62,109,2,174,0,28,254,2,284,1,90,363,4,458,142,0,142,600
08/26/2005,BED,MA,ANE,EN,Towers with Radar,0,54,88,10,152,0,9,318,0,327,0,63,406,10,479,256,0,256,735
08/27/2005,BED,MA,ANE,EN,Towers with Radar,0,36,57,5,98,0,19,311,0,330,0,55,368,5,428,326,0,326,754
08/28/2005,BED,MA,ANE,EN,Towers with Radar,3,43,86,1,133,0,5,209,1,215,3,48,295,2,348,262,0,262,610
08/29/2005,BED,MA,ANE,EN,Towers with Radar,0,56,137,8,201,0,6,64,0,70,0,62,201,8,271,155,0,155,426
08/30/2005,BED,MA,ANE,EN,Towers with Radar,0,51,97,2,150,0,0,0,0,0,0,51,97,2,150,0,0,0,150
08/31/2005,BED,MA,ANE,EN,Towers with Radar,1,60,75,0,136,0,0,1,0,1,1,60,76,0,137,0,0,0,137
09/01/2005,BED,MA,ANE,EN,Towers with Radar,2,74,102,6,184,0,16,236,0,252,2,90,338,6,436,186,0,186,622
09/02/2005,BED,MA,ANE,EN,Towers with Radar,1,59,104,0,164,0,27,283,15,325,1,86,387,15,489,243,0,243,732
09/03/2005,BED,MA,ANE,EN,Towers with Radar,3,26,50,2,81,0,24,265,0,289,3,50,315,2,370,270,0,270,640
09/04/2005,BED,MA,ANE,EN,Towers with Radar,1,21,55,0,77,0,12,243,0,255,1,33,298,0,332,344,0,344,676
09/05/2005,BED,MA,ANE,EN,Towers with Radar,3,43,67,0,113,0,14,273,0,287,3,57,340,0,400,193,0,193,593
09/06/2005,BED,MA,ANE,EN,Towers with Radar,0,53,78,2,133,0,15,135,0,150,0,68,213,2,283,209,0,209,492
09/07/2005,BED,MA,ANE,EN,Towers with Radar,5,74,115,2,196,0,12,240,0,252,5,86,355,2,448,247,0,247,695
09/08/2005,BED,MA,ANE,EN,Towers with Radar,0,40,80,13,133,0,15,260,3,278,0,55,340,16,411,212,0,212,623
09/09/2005,BED,MA,ANE,EN,Towers with Radar,0,61,114,7,182,0,15,200,1,216,0,76,314,8,398,237,0,237,635
09/10/2005,BED,MA,ANE,EN,Towers with Radar,0,26,50,0,76,0,16,275,2,293,0,42,325,2,369,227,0,227,596
09/11/2005,BED,MA,ANE,EN,Towers with Radar,0,38,61,4,103,0,21,269,5,295,0,59,330,9,398,245,0,245,643
09/12/2005,BED,MA,ANE,EN,Towers with Radar,1,63,84,2,150,0,3,179,0,182,1,66,263,2,332,282,0,282,614
09/13/2005,BED,MA,ANE,EN,Towers with Radar,0,56,104,0,160,0,10,172,2,184,0,66,276,2,344,288,0,288,632
09/14/2005,BED,MA,ANE,EN,Towers with Radar,0,44,139,3,186,0,16,100,7,123,0,60,239,10,309,282,0,282,591
09/15/2005,BED,MA,ANE,EN,Towers with Radar,0,57,150,3,210,0,1,4,0,5,0,58,154,3,215,6,0,6,221
09/16/2005,BED,MA,ANE,EN,Towers with Radar,1,68,131,0,200,0,0,0,0,0,1,68,131,0,200,0,0,0,200
09/17/2005,BED,MA,ANE,EN,Towers with Radar,0,37,77,3,117,0,0,0,0,0,0,37,77,3,117,0,0,0,117
09/18/2005,BED,MA,ANE,EN,Towers with Radar,3,36,98,4,141,0,11,197,0,208,3,47,295,4,349,358,0,358,707
09/19/2005,BED,MA,ANE,EN,Towers with Radar,0,51,102,4,157,0,19,216,0,235,0,70,318,4,392,222,0,222,614
09/20/2005,BED,MA,ANE,EN,Towers with Radar,0,73,117,2,192,0,5,0,0,5,0,78,117,2,197,0,0,0,197
09/21/2005,BED,MA,ANE,EN,Towers with Radar,0,70,93,0,163,0,27,244,0,271,0,97,337,0,434,338,0,338,772
09/22/2005,BED,MA,ANE,EN,Towers with Radar,2,75,96,4,177,0,17,217,1,235,2,92,313,5,412,158,0,158,570
09/23/2005,BED,MA,ANE,EN,Towers with Radar,2,52,97,2,153,0,14,201,4,219,2,66,298,6,372,268,0,268,640
09/24/2005,BED,MA,ANE,EN,Towers with Radar,1,42,69,1,113,0,7,313,1,321,1,49,382,2,434,233,0,233,667
09/25/2005,BED,MA,ANE,EN,Towers with Radar,1,37,95,2,135,0,12,265,2,279,1,49,360,4,414,314,0,314,728
09/26/2005,BED,MA,ANE,EN,Towers with Radar,0,56,5,0,61,0,0,120,5,125,0,56,125,5,186,114,0,114,300
09/27/2005,BED,MA,ANE,EN,Towers with Radar,0,66,74,0,140,0,16,120,0,136,0,82,194,0,276,74,0,74,350
09/28/2005,BED,MA,ANE,EN,Towers with Radar,1,55,93,3,152,0,15,284,0,299,1,70,377,3,451,236,0,236,687
09/29/2005,BED,MA,ANE,EN,Towers with Radar,1,66,115,4,186,0,9,41,0,50,1,75,156,4,236,92,0,92,328
09/30/2005,BED,MA,ANE,EN,Towers with Radar,1,61,108,2,172,0,24,278,0,302,1,85,386,2,474,220,0,220,694
10/01/2005,BED,MA,ANE,EN,Towers with Radar,1,33,80,2,116,0,27,294,0,321,1,60,374,2,437,211,0,211,648
10/02/2005,BED,MA,ANE,EN,Towers with Radar,2,40,101,1,144,0,20,306,0,326,2,60,407,1,470,239,0,239,709
10/03/2005,BED,MA,ANE,EN,Towers with Radar,0,55,97,0,152,0,12,159,0,171,0,67,256,0,323,248,0,248,571
10/04/2005,BED,MA,ANE,EN,Towers with Radar,0,65,99,0,164,0,10,117,0,127,0,75,216,0,291,198,0,198,489
10/05/2005,BED,MA,ANE,EN,Towers with Radar,2,63,114,1,180,0,14,121,0,135,2,77,235,1,315,147,0,147,462
10/06/2005,BED,MA,ANE,EN,Towers with Radar,2,53,137,4,196,0,8,154,0,162,2,61,291,4,358,256,0,256,614
10/07/2005,BED,MA,ANE,EN,Towers with Radar,5,68,126,1,200,0,5,70,0,75,5,73,196,1,275,154,0,154,429
10/08/2005,BED,MA,ANE,EN,Towers with Radar,5,30,53,0,88,0,0,0,0,0,5,30,53,0,88,0,0,0,88
10/09/2005,BED,MA,ANE,EN,Towers with Radar,0,37,102,2,141,0,0,0,0,0,0,37,102,2,141,0,0,0,141
10/10/2005,BED,MA,ANE,EN,Towers with Radar,5,68,133,2,208,0,0,0,0,0,5,68,133,2,208,0,0,0,208
10/11/2005,BED,MA,ANE,EN,Towers with Radar,1,69,164,1,235,0,0,0,0,0,1,69,164,1,235,0,0,0,235
10/12/2005,BED,MA,ANE,EN,Towers with Radar,3,75,150,0,228,0,0,1,0,1,3,75,151,0,229,0,0,0,229
10/13/2005,BED,MA,ANE,EN,Towers with Radar,0,75,108,0,183,0,0,0,0,0,0,75,108,0,183,0,0,0,183
10/14/2005,BED,MA,ANE,EN,Towers with Radar,5,68,116,0,189,0,0,0,0,0,5,68,116,0,189,0,0,0,189
10/15/2005,BED,MA,ANE,EN,Towers with Radar,2,36,56,0,94,0,4,5,0,9,2,40,61,0,103,0,0,0,103
10/16/2005,BED,MA,ANE,EN,Towers with Radar,2,59,91,0,152,0,3,36,0,39,2,62,127,0,191,42,42,84,275
10/17/2005,BED,MA,ANE,EN,Towers with Radar,0,58,96,2,156,0,24,128,3,155,0,82,224,5,311,148,0,148,459
10/18/2005,BED,MA,ANE,EN,Towers with Radar,2,55,134,1,192,0,16,132,0,148,2,71,266,1,340,163,0,163,503
10/19/2005,BED,MA,ANE,EN,Towers with Radar,2,59,123,6,190,0,16,238,0,254,2,75,361,6,444,257,0,257,701
10/20/2005,BED,MA,ANE,EN,Towers with Radar,2,82,110,2,196,0,28,267,0,295,2,110,377,2,491,271,0,271,762
10/21/2005,BED,MA,ANE,EN,Towers with Radar,1,66,108,0,175,0,20,262,14,296,1,86,370,14,471,229,0,229,700
10/22/2005,BED,MA,ANE,EN,Towers with Radar,2,32,52,0,86,0,12,154,2,168,2,44,206,2,254,314,0,314,568
10/23/2005,BED,MA,ANE,EN,Towers with Radar,0,37,94,4,135,0,4,10,1,15,0,41,104,5,150,46,0,46,196
10/24/2005,BED,MA,ANE,EN,Towers with Radar,2,53,118,2,175,0,6,6,0,12,2,59,124,2,187,22,0,22,209
10/25/2005,BED,MA,ANE,EN,Towers with Radar,0,25,39,0,64,0,0,0,0,0,0,25,39,0,64,0,0,0,64
10/26/2005,BED,MA,ANE,EN,Towers with Radar,2,72,117,2,193,0,14,51,0,65,2,86,168,2,258,124,0,124,382
10/27/2005,BED,MA,ANE,EN,Towers with Radar,0,69,88,2,159,0,27,164,3,194,0,96,252,5,353,194,0,194,547
10/28/2005,BED,MA,ANE,EN,Towers with Radar,2,66,138,0,206,0,20,183,0,203,2,86,321,0,409,250,0,250,659
10/29/2005,BED,MA,ANE,EN,Towers with Radar,0,38,67,0,105,0,7,97,0,104,0,45,164,0,209,166,0,166,375
10/30/2005,BED,MA,ANE,EN,Towers with Radar,0,31,88,0,119,0,26,379,0,405,0,57,467,0,524,252,0,252,776
10/31/2005,BED,MA,ANE,EN,Towers with Radar,1,48,70,0,119,0,22,178,0,200,1,70,248,0,319,192,0,192,511
11/01/2005,BED,MA,ANE,EN,Towers with Radar,0,60,113,2,175,0,13,156,1,170,0,73,269,3,345,120,0,120,465
11/02/2005,BED,MA,ANE,EN,Towers with Radar,0,55,118,2,175,0,14,173,0,187,0,69,291,2,362,192,0,192,554
11/03/2005,BED,MA,ANE,EN,Towers with Radar,1,57,112,0,170,0,14,109,0,123,1,71,221,0,293,75,0,75,368
11/04/2005,BED,MA,ANE,EN,Towers with Radar,2,51,102,3,158,0,18,209,1,228,2,69,311,4,386,169,0,169,555
11/05/2005,BED,MA,ANE,EN,Towers with Radar,2,34,80,0,116,0,16,207,0,223,2,50,287,0,339,191,0,191,530
11/06/2005,BED,MA,ANE,EN,Towers with Radar,3,42,107,0,152,0,0,0,0,0,3,42,107,0,152,0,0,0,152
11/07/2005,BED,MA,ANE,EN,Towers with Radar,1,57,91,5,154,0,20,120,2,142,1,77,211,7,296,78,0,78,374
11/08/2005,BED,MA,ANE,EN,Towers with Radar,0,72,118,0,190,0,29,188,0,217,0,101,306,0,407,140,0,140,547
11/09/2005,BED,MA,ANE,EN,Towers with Radar,1,53,113,2,169,0,12,143,0,155,1,65,256,2,324,265,0,265,589
11/10/2005,BED,MA,ANE,EN,Towers with Radar,0,70,142,4,216,0,19,95,0,114,0,89,237,4,330,134,0,134,464
11/11/2005,BED,MA,ANE,EN,Towers with Radar,2,59,89,0,150,0,22,226,4,252,2,81,315,4,402,238,0,238,640
11/12/2005,BED,MA,ANE,EN,Towers with Radar,0,29,55,1,85,0,23,319,1,343,0,52,374,2,428,213,0,213,641
11/13/2005,BED,MA,ANE,EN,Towers with Radar,0,37,74,3,114,0,8,288,0,296,0,45,362,3,410,208,0,208,618
11/14/2005,BED,MA,ANE,EN,Towers with Radar,2,69,75,2,148,0,27,157,0,184,2,96,232,2,332,112,0,112,444
11/15/2005,BED,MA,ANE,EN,Towers with Radar,0,56,109,0,165,0,8,29,0,37,0,64,138,0,202,36,0,36,238
11/16/2005,BED,MA,ANE,EN,Towers with Radar,0,53,133,0,186,0,5,5,0,10,0,58,138,0,196,10,0,10,206
11/17/2005,BED,MA,ANE,EN,Towers with Radar,0,51,135,1,187,0,28,177,2,207,0,79,312,3,394,249,0,249,643
11/18/2005,BED,MA,ANE,EN,Towers with Radar,5,54,123,1,183,0,23,231,0,254,5,77,354,1,437,160,0,160,597
11/19/2005,BED,MA,ANE,EN,Towers with Radar,2,35,65,0,102,0,11,299,4,314,2,46,364,4,416,256,0,256,672
11/20/2005,BED,MA,ANE,EN,Towers with Radar,4,15,80,0,99,0,30,271,6,307,4,45,351,6,406,199,0,199,605
11/21/2005,BED,MA,ANE,EN,Towers with Radar,3,51,101,0,155,0,16,223,0,239,3,67,324,0,394,202,0,202,596
11/22/2005,BED,MA,ANE,EN,Towers with Radar,0,67,126,0,193,0,0,0,0,0,0,67,126,0,193,0,0,0,193
11/23/2005,BED,MA,ANE,EN,Towers with Radar,1,96,152,0,249,0,32,160,0,192,1,128,312,0,441,145,0,145,586
11/24/2005,BED,MA,ANE,EN,Towers with Radar,2,36,18,0,56,0,0,3,0,3,2,36,21,0,59,0,0,0,59
11/25/2005,BED,MA,ANE,EN,Towers with Radar,1,44,36,0,81,0,14,136,0,150,1,58,172,0,231,150,0,150,381
11/26/2005,BED,MA,ANE,EN,Towers with Radar,2,51,85,0,138,0,5,106,0,111,2,56,191,0,249,110,0,110,359
11/27/2005,BED,MA,ANE,EN,Towers with Radar,0,59,163,1,223,0,6,241,1,248,0,65,404,2,471,122,0,122,593
11/28/2005,BED,MA,ANE,EN,Towers with Radar,0,69,130,1,200,0,8,16,0,24,0,77,146,1,224,82,0,82,306
11/29/2005,BED,MA,ANE,EN,Towers with Radar,2,81,118,4,205,0,23,42,0,65,2,104,160,4,270,62,0,62,332
11/30/2005,BED,MA,ANE,EN,Towers with Radar,0,69,121,1,191,0,0,1,0,1,0,69,122,1,192,0,0,0,192
12/01/2005,BED,MA,ANE,EN,Towers with Radar,1,62,104,2,169,0,30,181,1,212,1,92,285,3,381,216,8,224,605
12/02/2005,BED,MA,ANE,EN,Towers with Radar,3,62,107,0,172,0,24,79,0,103,3,86,186,0,275,126,0,126,401
12/03/2005,BED,MA,ANE,EN,Towers with Radar,1,28,51,2,82,0,7,146,0,153,1,35,197,2,235,182,0,182,417
12/04/2005,BED,MA,ANE,EN,Towers with Radar,0,53,81,2,136,0,0,3,0,3,0,53,84,2,139,0,0,0,139
12/05/2005,BED,MA,ANE,EN,Towers with Radar,1,60,100,0,161,0,11,126,0,137,1,71,226,0,298,144,0,144,442
12/06/2005,BED,MA,ANE,EN,Towers with Radar,0,70,81,0,151,0,20,66,0,86,0,90,147,0,237,77,0,77,314
12/07/2005,BED,MA,ANE,EN,Towers with Radar,2,60,122,2,186,0,21,106,0,127,2,81,228,2,313,125,0,125,438
12/08/2005,BED,MA,ANE,EN,Towers with Radar,4,68,109,1,182,0,22,232,0,254,4,90,341,1,436,219,0,219,655
12/09/2005,BED,MA,ANE,EN,Towers with Radar,0,17,42,0,59,0,0,4,0,4,0,17,46,0,63,0,0,0,63
12/10/2005,BED,MA,ANE,EN,Towers with Radar,1,49,62,0,112,0,9,147,1,157,1,58,209,1,269,206,0,206,475
12/11/2005,BED,MA,ANE,EN,Towers with Radar,4,30,68,0,102,0,17,216,0,233,4,47,284,0,335,265,0,265,600
12/12/2005,BED,MA,ANE,EN,Towers with Radar,0,55,101,0,156,0,23,99,0,122,0,78,200,0,278,183,0,183,461
12/13/2005,BED,MA,ANE,EN,Towers with Radar,0,52,104,4,160,0,19,119,0,138,0,71,223,4,298,113,0,113,411
12/14/2005,BED,MA,ANE,EN,Towers with Radar,0,68,105,0,173,0,15,116,1,132,0,83,221,1,305,139,0,139,444
12/15/2005,BED,MA,ANE,EN,Towers with Radar,0,64,79,0,143,0,6,145,0,151,0,70,224,0,294,142,0,142,436
12/16/2005,BED,MA,ANE,EN,Towers with Radar,0,54,79,3,136,0,3,14,0,17,0,57,93,3,153,4,0,4,157
12/17/2005,BED,MA,ANE,EN,Towers with Radar,0,39,68,1,108,0,19,250,0,269,0,58,318,1,377,290,0,290,667
12/18/2005,BED,MA,ANE,EN,Towers with Radar,2,37,44,2,85,0,5,243,1,249,2,42,287,3,334,273,0,273,607
12/19/2005,BED,MA,ANE,EN,Towers with Radar,0,62,87,5,154,0,17,74,6,97,0,79,161,11,251,139,0,139,390
12/20/2005,BED,MA,ANE,EN,Towers with Radar,0,47,76,0,123,0,19,188,1,208,0,66,264,1,331,153,0,153,484
12/21/2005,BED,MA,ANE,EN,Towers with Radar,0,60,92,1,153,0,9,187,1,197,0,69,279,2,350,146,0,146,496
12/22/2005,BED,MA,ANE,EN,Towers with Radar,1,39,81,0,121,0,14,169,0,183,1,53,250,0,304,267,0,267,571
12/23/2005,BED,MA,ANE,EN,Towers with Radar,0,49,64,0,113,0,8,151,2,161,0,57,215,2,274,222,0,222,496
12/24/2005,BED,MA,ANE,EN,Towers with Radar,1,46,40,1,88,0,10,118,3,131,1,56,158,4,219,176,0,176,395
12/25/2005,BED,MA,ANE,EN,Towers with Radar,1,30,17,0,48,0,1,6,2,9,1,31,23,2,57,0,12,12,69
12/26/2005,BED,MA,ANE,EN,Towers with Radar,0,47,87,0,134,0,0,0,0,0,0,47,87,0,134,0,0,0,134
12/27/2005,BED,MA,ANE,EN,Towers with Radar,0,59,63,5,127,0,3,84,5,92,0,62,147,10,219,75,6,81,300
12/28/2005,BED,MA,ANE,EN,Towers with Radar,0,24,65,0,89,0,18,195,1,214,0,42,260,1,303,232,0,232,535
12/29/2005,BED,MA,ANE,EN,Towers with Radar,0,8,12,0,20,0,0,0,0,0,0,8,12,0,20,0,0,0,20
12/30/2005,BED,MA,ANE,EN,Towers with Radar,1,41,51,0,93,0,18,94,0,112,1,59,145,0,205,46,0,46,251
12/31/2005,BED,MA,ANE,EN,Towers with Radar,0,22,32,0,54,0,8,106,11,125,0,30,138,11,179,284,0,284,463
01/01/2006,BED,MA,ANE,EN,Towers with Radar,0,29,75,0,104,0,11,9,0,20,0,40,84,0,124,0,0,0,124
01/02/2006,BED,MA,ANE,EN,Towers with Radar,1,39,79,1,120,0,3,133,0,136,1,42,212,1,256,331,0,331,587
01/03/2006,BED,MA,ANE,EN,Towers with Radar,0,45,40,0,85,0,2,0,0,2,0,47,40,0,87,0,0,0,87
01/04/2006,BED,MA,ANE,EN,Towers with Radar,2,53,88,2,145,0,2,37,0,39,2,55,125,2,184,134,0,134,318
01/05/2006,BED,MA,ANE,EN,Towers with Radar,2,40,51,0,93,0,0,11,0,11,2,40,62,0,104,0,0,0,104
01/06/2006,BED,MA,ANE,EN,Towers with Radar,2,47,67,0,116,0,17,51,0,68,2,64,118,0,184,88,0,88,272
01/07/2006,BED,MA,ANE,EN,Towers with Radar,1,32,61,3,97,11,13,285,5,314,12,45,346,8,411,232,0,232,643
01/08/2006,BED,MA,ANE,EN,Towers with Radar,1,24,68,1,94,0,19,23,0,42,1,43,91,1,136,55,0,55,191
01/09/2006,BED,MA,ANE,EN,Towers with Radar,1,56,91,0,148,0,6,12,0,18,1,62,103,0,166,51,0,51,217
01/10/2006,BED,MA,ANE,EN,Towers with Radar,0,59,68,3,130,0,24,202,6,232,0,83,270,9,362,249,18,267,629
01/11/2006,BED,MA,ANE,EN,Towers with Radar,4,54,125,2,185,0,0,32,0,32,4,54,157,2,217,53,0,53,270
01/12/2006,BED,MA,ANE,EN,Towers with Radar,2,74,88,0,164,0,15,184,1,200,2,89,272,1,364,219,0,219,583
01/13/2006,BED,MA,ANE,EN,Towers with Radar,1,56,114,2,173,0,11,117,2,130,1,67,231,4,303,164,0,164,467
01/14/2006,BED,MA,ANE,EN,Towers with Radar,1,25,39,0,65,0,0,0,0,0,1,25,39,0,65,0,0,0,65
01/15/2006,BED,MA,ANE,EN,Towers with Radar,0,12,23,0,35,0,1,1,0,2,0,13,24,0,37,0,0,0,37
01/16/2006,BED,MA,ANE,EN,Towers with Radar,1,60,71,0,132,0,17,44,0,61,1,77,115,0,193,24,0,24,217
01/17/2006,BED,MA,ANE,EN,Towers with Radar,2,60,86,0,148,0,13,122,0,135,2,73,208,0,283,147,0,147,430
01/18/2006,BED,MA,ANE,EN,Towers with Radar,0,37,57,0,94,0,1,3,0,4,0,38,60,0,98,0,0,0,98
01/19/2006,BED,MA,ANE,EN,Towers with Radar,0,52,94,1,147,0,22,130,2,154,0,74,224,3,301,96,0,96,397
01/20/2006,BED,MA,ANE,EN,Towers with Radar,2,52,86,2,142,0,23,181,1,205,2,75,267,3,347,145,18,163,510
01/21/2006,BED,MA,ANE,EN,Towers with Radar,0,31,57,1,89,0,2,139,9,150,0,33,196,10,239,122,0,122,361
01/22/2006,BED,MA,ANE,EN,Towers with Radar,1,27,74,1,103,0,10,285,7,302,1,37,359,8,405,275,0,275,680
01/23/2006,BED,MA,ANE,EN,Towers with Radar,0,49,72,0,121,0,0,0,0,0,0,49,72,0,121,0,0,0,121
01/24/2006,BED,MA,ANE,EN,Towers with Radar,0,55,77,0,132,0,8,131,1,140,0,63,208,1,272,182,8,190,462
01/25/2006,BED,MA,ANE,EN,Towers with Radar,0,61,102,1,164,0,9,15,0,24,0,70,117,1,188,38,0,38,226
01/26/2006,BED,MA,ANE,EN,Towers with Radar,3,57,99,0,159,0,22,70,0,92,3,79,169,0,251,60,0,60,311
01/27/2006,BED,MA,ANE,EN,Towers with Radar,0,71,101,2,174,0,25,234,0,259,0,96,335,2,433,175,0,175,608
01/28/2006,BED,MA,ANE,EN,Towers with Radar,2,29,50,0,81,0,17,374,4,395,2,46,424,4,476,279,0,279,755
01/29/2006,BED,MA,ANE,EN,Towers with Radar,0,33,82,0,115,0,9,131,1,141,0,42,213,1,256,194,0,194,450
01/30/2006,BED,MA,ANE,EN,Towers with Radar,0,53,64,0,117,0,0,0,0,0,0,53,64,0,117,0,0,0,117
01/31/2006,BED,MA,ANE,EN,Towers with Radar,0,46,80,0,126,0,0,0,0,0,0,46,80,0,126,0,0,0,126
02/01/2006,BED,MA,ANE,EN,Towers with Radar,4,51,118,0,173,0,19,128,4,151,4,70,246,4,324,178,8,186,510
02/02/2006,BED,MA,ANE,EN,Towers with Radar,2,60,96,0,158,0,14,176,1,191,2,74,272,1,349,169,0,169,518
02/03/2006,BED,MA,ANE,EN,Towers with Radar,1,52,104,10,167,0,0,1,0,1,1,52,105,10,168,0,0,0,168
02/04/2006,BED,MA,ANE,EN,Towers with Radar,0,31,63,0,94,0,10,247,0,257,0,41,310,0,351,188,0,188,539
02/05/2006,BED,MA,ANE,EN,Towers with Radar,1,33,80,2,116,0,5,49,0,54,1,38,129,2,170,142,0,142,312
02/06/2006,BED,MA,ANE,EN,Towers with Radar,0,71,84,0,155,0,26,77,2,105,0,97,161,2,260,52,0,52,312
02/07/2006,BED,MA,ANE,EN,Towers with Radar,3,56,78,2,139,0,13,113,0,126,3,69,191,2,265,89,0,89,354
02/08/2006,BED,MA,ANE,EN,Towers with Radar,0,59,91,2,152,0,24,198,2,224,0,83,289,4,376,113,0,113,489
02/09/2006,BED,MA,ANE,EN,Towers with Radar,0,61,86,0,147,0,27,176,0,203,0,88,262,0,350,215,0,215,565
02/10/2006,BED,MA,ANE,EN,Towers with Radar,3,104,106,0,213,0,0,143,0,143,3,104,249,0,356,169,0,169,525
02/11/2006,BED,MA,ANE,EN,Towers with Radar,2,36,63,0,101,0,3,246,0,249,2,39,309,0,350,327,0,327,677
02/12/2006,BED,MA,ANE,EN,Towers with Radar,0,2,7,0,9,0,0,0,0,0,0,2,7,0,9,0,0,0,9
02/13/2006,BED,MA,ANE,EN,Towers with Radar,0,78,78,1,157,0,16,71,0,87,0,94,149,1,244,85,0,85,329
02/14/2006,BED,MA,ANE,EN,Towers with Radar,0,57,85,1,143,0,16,141,1,158,0,73,226,2,301,201,0,201,502
02/15/2006,BED,MA,ANE,EN,Towers with Radar,1,71,114,2,188,0,19,216,0,235,1,90,330,2,423,229,0,229,652
02/16/2006,BED,MA,ANE,EN,Towers with Radar,0,45,129,0,174,0,23,196,8,227,0,68,325,8,401,274,0,274,675
02/17/2006,BED,MA,ANE,EN,Towers with Radar,0,67,88,0,155,0,3,15,0,18,0,70,103,0,173,0,0,0,173
02/18/2006,BED,MA,ANE,EN,Towers with Radar,0,33,67,0,100,0,7,42,0,49,0,40,109,0,149,19,0,19,168
02/19/2006,BED,MA,ANE,EN,Towers with Radar,1,25,49,0,75,0,9,137,0,146,1,34,186,0,221,183,0,183,404
02/20/2006,BED,MA,ANE,EN,Towers with Radar,2,50,79,2,133,0,10,211,2,223,2,60,290,4,356,233,0,233,589
02/21/2006,BED,MA,ANE,EN,Towers with Radar,0,83,90,0,173,0,21,196,0,217,0,104,286,0,390,148,0,148,538
02/22/2006,BED,MA,ANE,EN,Towers with Radar,1,58,86,6,151,0,5,196,4,205,1,63,282,10,356,168,0,168,524
02/23/2006,BED,MA,ANE,EN,Towers with Radar,2,71,99,2,174,0,4,7,0,11,2,75,106,2,185,0,0,0,185
02/24/2006,BED,MA,ANE,EN,Towers with Radar,2,37,67,0,106,0,4,33,0,37,2,41,100,0,143,0,0,0,143
02/25/2006,BED,MA,ANE,EN,Towers with Radar,5,35,65,0,105,0,2,84,0,86,5,37,149,0,191,131,0,131,322
02/26/2006,BED,MA,ANE,EN,Towers with Radar,1,40,79,0,120,0,8,66,0,74,1,48,145,0,194,142,0,142,336
02/27/2006,BED,MA,ANE,EN,Towers with Radar,1,45,72,0,118,0,16,76,0,92,1,61,148,0,210,25,0,25,235
02/28/2006,BED,MA,ANE,EN,Towers with Radar,2,44,89,2,137,0,18,132,1,151,2,62,221,3,288,68,0,68,356
03/01/2006,BED,MA,ANE,EN,Towers with Radar,1,65,104,2,172,0,18,156,3,177,1,83,260,5,349,174,0,174,523
03/02/2006,BED,MA,ANE,EN,Towers with Radar,1,60,95,1,157,0,12,59,2,73,1,72,154,3,230,127,0,127,357
03/03/2006,BED,MA,ANE,EN,Towers with Radar,2,55,78,0,135,0,13,76,0,89,2,68,154,0,224,36,0,36,260
03/04/2006,BED,MA,ANE,EN,Towers with Radar,6,43,41,0,90,0,7,129,1,137,6,50,170,1,227,94,0,94,321
03/05/2006,BED,MA,ANE,EN,Towers with Radar,5,43,70,1,119,0,5,267,19,291,5,48,337,20,410,202,0,202,612
03/06/2006,BED,MA,ANE,EN,Towers with Radar,0,42,74,6,122,0,16,145,5,166,0,58,219,11,288,198,0,198,486
03/07/2006,BED,MA,ANE,EN,Towers with Radar,0,56,92,0,148,0,29,155,2,186,0,85,247,2,334,207,0,207,541
03/08/2006,BED,MA,ANE,EN,Towers with Radar,2,66,85,4,157,0,18,208,5,231,2,84,293,9,388,236,0,236,624
03/09/2006,BED,MA,ANE,EN,Towers with Radar,2,79,88,2,171,0,21,60,0,81,2,100,148,2,252,107,0,107,359
03/10/2006,BED,MA,ANE,EN,Towers with Radar,1,50,71,1,123,0,2,46,0,48,1,52,117,1,171,20,0,20,191
03/11/2006,BED,MA,ANE,EN,Towers with Radar,1,47,71,1,120,0,10,302,4,316,1,57,373,5,436,271,0,271,707
03/12/2006,BED,MA,ANE,EN,Towers with Radar,4,31,78,1,114,0,11,148,6,165,4,42,226,7,279,280,0,280,559
03/13/2006,BED,MA,ANE,EN,Towers with Radar,2,60,93,4,159,0,7,21,0,28,2,67,114,4,187,72,0,72,259
03/14/2006,BED,MA,ANE,EN,Towers with Radar,0,53,96,2,151,0,8,23,0,31,0,61,119,2,182,10,0,10,192
03/15/2006,BED,MA,ANE,EN,Towers with Radar,3,66,87,2,158,0,1,25,0,26,3,67,112,2,184,12,0,12,196
03/16/2006,BED,MA,ANE,EN,Towers with Radar,2,74,112,3,191,0,31,95,1,127,2,105,207,4,318,79,0,79,397
03/17/2006,BED,MA,ANE,EN,Towers with Radar,3,46,113,5,167,0,27,167,1,195,3,73,280,6,362,122,0,122,484
03/18/2006,BED,MA,ANE,EN,Towers with Radar,0,36,72,3,111,0,11,224,5,240,0,47,296,8,351,254,10,264,615
03/19/2006,BED,MA,ANE,EN,Towers with Radar,2,33,85,4,124,0,8,141,2,151,2,41,226,6,275,333,0,333,608
03/20/2006,BED,MA,ANE,EN,Towers with Radar,2,55,72,0,129,0,13,63,3,79,2,68,135,3,208,36,0,36,244
03/21/2006,BED,MA,ANE,EN,Towers with Radar,1,45,71,0,117,0,28,196,3,227,1,73,267,3,344,321,0,321,665
03/22/2006,BED,MA,ANE,EN,Towers with Radar,5,62,87,2,156,0,24,162,3,189,5,86,249,5,345,151,0,151,496
03/23/2006,BED,MA,ANE,EN,Towers with Radar,4,57,97,3,161,0,32,153,5,190,4,89,250,8,351,255,0,255,606
03/24/2006,BED,MA,ANE,EN,Towers with Radar,0,45,98,0,143,0,19,149,0,168,0,64,247,0,311,270,0,270,581
03/25/2006,BED,MA,ANE,EN,Towers with Radar,4,37,69,1,111,0,21,127,5,153,4,58,196,6,264,365,0,365,629
03/26/2006,BED,MA,ANE,EN,Towers with Radar,4,36,108,0,148,0,20,158,5,183,4,56,266,5,331,300,0,300,631
03/27/2006,BED,MA,ANE,EN,Towers with Radar,0,60,97,3,160,0,11,147,1,159,0,71,244,4,319,98,0,98,417
03/28/2006,BED,MA,ANE,EN,Towers with Radar,1,53,92,1,147,0,21,194,6,221,1,74,286,7,368,303,0,303,671
03/29/2006,BED,MA,ANE,EN,Towers with Radar,0,60,132,3,195,0,27,76,0,103,0,87,208,3,298,212,0,212,510
03/30/2006,BED,MA,ANE,EN,Towers with Radar,0,55,109,0,164,0,22,214,2,238,0,77,323,2,402,160,0,160,562
03/31/2006,BED,MA,ANE,EN,Towers with Radar,2,47,97,6,152,0,26,216,6,248,2,73,313,12,400,163,4,167,567
04/01/2006,BED,MA,ANE,EN,Towers with Radar,1,39,55,2,97,0,6,116,3,125,1,45,171,5,222,116,0,116,338
04/02/2006,BED,MA,ANE,EN,Towers with Radar,0,27,105,3,135,0,8,173,2,183,0,35,278,5,318,115,0,115,433
04/03/2006,BED,MA,ANE,EN,Towers with Radar,1,55,128,1,185,0,36,163,1,200,1,91,291,2,385,124,0,124,509
04/04/2006,BED,MA,ANE,EN,Towers with Radar,0,77,118,2,197,0,0,13,0,13,0,77,131,2,210,15,0,15,225
04/05/2006,BED,MA,ANE,EN,Towers with Radar,0,69,108,2,179,0,10,12,0,22,0,79,120,2,201,6,0,6,207
04/06/2006,BED,MA,ANE,EN,Towers with Radar,3,71,123,3,200,0,13,197,2,212,3,84,320,5,412,233,10,243,655
04/07/2006,BED,MA,ANE,EN,Towers with Radar,0,53,123,0,176,0,11,101,1,113,0,64,224,1,289,104,0,104,393
04/08/2006,BED,MA,ANE,EN,Towers with Radar,1,27,69,0,97,0,14,141,1,156,1,41,210,1,253,252,0,252,505
04/09/2006,BED,MA,ANE,EN,Towers with Radar,0,18,79,1,98,0,18,318,29,365,0,36,397,30,463,339,0,339,802
04/10/2006,BED,MA,ANE,EN,Towers with Radar,2,53,98,0,153,0,21,207,0,228,2,74,305,0,381,212,0,212,593
04/11/2006,BED,MA,ANE,EN,Towers with Radar,2,60,105,2,169,0,11,229,6,246,2,71,334,8,415,216,2,218,633
04/12/2006,BED,MA,ANE,EN,Towers with Radar,3,60,118,2,183,0,21,220,3,244,3,81,338,5,427,192,3,195,622
04/13/2006,BED,MA,ANE,EN,Towers with Radar,0,64,116,1,181,0,18,94,0,112,0,82,210,1,293,58,0,58,351
04/14/2006,BED,MA,ANE,EN,Towers with Radar,1,68,128,2,199,0,18,223,3,244,1,86,351,5,443,242,0,242,685
04/15/2006,BED,MA,ANE,EN,Towers with Radar,2,29,84,0,115,0,8,124,0,132,2,37,208,0,247,208,0,208,455
04/16/2006,BED,MA,ANE,EN,Towers with Radar,0,19,74,0,93,0,4,119,0,123,0,23,193,0,216,137,0,137,353
04/17/2006,BED,MA,ANE,EN,Towers with Radar,1,81,116,1,199,0,17,193,0,210,1,98,309,1,409,184,0,184,593
04/18/2006,BED,MA,ANE,EN,Towers with Radar,0,61,93,0,154,0,20,119,2,141,0,81,212,2,295,60,0,60,355
04/19/2006,BED,MA,ANE,EN,Towers with Radar,2,51,94,3,150,0,11,124,1,136,2,62,218,4,286,112,0,112,398
04/20/2006,BED,MA,ANE,EN,Towers with Radar,1,53,74,0,128,0,27,256,5,288,1,80,330,5,416,207,8,215,631
04/21/2006,BED,MA,ANE,EN,Towers with Radar,0,51,103,0,154,0,28,240,1,269,0,79,343,1,423,139,0,139,562
04/22/2006,BED,MA,ANE,EN,Towers with Radar,0,45,92,2,139,0,16,180,0,196,0,61,272,2,335,276,0,276,611
04/23/2006,BED,MA,ANE,EN,Towers with Radar,0,42,97,1,140,0,8,44,1,53,0,50,141,2,193,108,0,108,301
04/24/2006,BED,MA,ANE,EN,Towers with Radar,0,66,117,0,183,0,0,0,0,0,0,66,117,0,183,6,0,6,189
04/25/2006,BED,MA,ANE,EN,Towers with Radar,3,60,93,2,158,0,20,141,0,161,3,80,234,2,319,180,0,180,499
04/26/2006,BED,MA,ANE,EN,Towers with Radar,0,50,125,0,175,0,17,229,8,254,0,67,354,8,429,110,0,110,539
04/27/2006,BED,MA,ANE,EN,Towers with Radar,3,55,115,0,173,0,29,180,2,211,3,84,295,2,384,249,0,249,633
04/28/2006,BED,MA,ANE,EN,Towers with Radar,0,59,116,0,175,0,19,232,4,255,0,78,348,4,430,233,0,233,663
04/29/2006,BED,MA,ANE,EN,Towers with Radar,0,33,68,2,103,0,19,251,0,270,0,52,319,2,373,281,0,281,654
04/30/2006,BED,MA,ANE,EN,Towers with Radar,5,47,94,2,148,0,13,322,1,336,5,60,416,3,484,175,0,175,659
05/01/2006,BED,MA,ANE,EN,Towers with Radar,2,56,91,0,149,0,30,93,0,123,2,86,184,0,272,59,0,59,331
05/02/2006,BED,MA,ANE,EN,Towers with Radar,2,54,140,2,198,0,0,0,0,0,2,54,140,2,198,0,0,0,198
05/03/2006,BED,MA,ANE,EN,Towers with Radar,0,61,137,0,198,0,0,0,0,0,0,61,137,0,198,0,0,0,198
05/04/2006,BED,MA,ANE,EN,Towers with Radar,0,52,136,1,189,0,24,173,4,201,0,76,309,5,390,250,0,250,640
05/05/2006,BED,MA,ANE,EN,Towers with Radar,0,56,86,0,142,0,30,230,3,263,0,86,316,3,405,274,0,274,679
05/06/2006,BED,MA,ANE,EN,Towers with Radar,1,36,60,1,98,0,21,282,3,306,1,57,342,4,404,289,0,289,693
05/07/2006,BED,MA,ANE,EN,Towers with Radar,0,44,75,0,119,0,18,275,5,298,0,62,350,5,417,352,0,352,769
05/08/2006,BED,MA,ANE,EN,Towers with Radar,0,52,67,0,119,0,17,222,0,239,0,69,289,0,358,283,0,283,641
05/09/2006,BED,MA,ANE,EN,Towers with Radar,0,66,100,0,166,0,8,44,1,53,0,74,144,1,219,61,0,61,280
05/10/2006,BED,MA,ANE,EN,Towers with Radar,0,60,123,1,184,0,0,0,0,0,0,60,123,1,184,0,0,0,184
05/11/2006,BED,MA,ANE,EN,Towers with Radar,2,72,153,1,228,0,0,0,0,0,2,72,153,1,228,0,0,0,228
05/12/2006,BED,MA,ANE,EN,Towers with Radar,1,61,121,1,184,0,0,0,0,0,1,61,121,1,184,0,0,0,184
05/13/2006,BED,MA,ANE,EN,Towers with Radar,0,34,63,0,97,0,0,0,0,0,0,34,63,0,97,0,0,0,97
05/14/2006,BED,MA,ANE,EN,Towers with Radar,0,40,60,0,100,0,0,0,0,0,0,40,60,0,100,0,0,0,100
05/15/2006,BED,MA,ANE,EN,Towers with Radar,1,51,82,0,134,0,0,0,0,0,1,51,82,0,134,0,0,0,134
05/16/2006,BED,MA,ANE,EN,Towers with Radar,0,66,123,2,191,0,0,4,1,5,0,66,127,3,196,20,14,34,230
05/17/2006,BED,MA,ANE,EN,Towers with Radar,2,62,128,6,198,0,24,189,12,225,2,86,317,18,423,281,0,281,704
05/18/2006,BED,MA,ANE,EN,Towers with Radar,5,78,113,3,199,0,15,240,8,263,5,93,353,11,462,272,0,272,734
05/19/2006,BED,MA,ANE,EN,Towers with Radar,0,55,99,0,154,0,11,24,0,35,0,66,123,0,189,4,0,4,193
05/20/2006,BED,MA,ANE,EN,Towers with Radar,1,42,74,1,118,0,15,239,6,260,1,57,313,7,378,195,0,195,573
05/21/2006,BED,MA,ANE,EN,Towers with Radar,0,44,96,1,141,0,19,186,18,223,0,63,282,19,364,309,0,309,673
05/22/2006,BED,MA,ANE,EN,Towers with Radar,1,59,91,0,151,0,18,125,1,144,1,77,216,1,295,169,0,169,464
05/23/2006,BED,MA,ANE,EN,Towers with Radar,0,59,100,2,161,0,30,159,4,193,0,89,259,6,354,154,6,160,514
05/24/2006,BED,MA,ANE,EN,Towers with Radar,4,55,123,0,182,0,34,241,7,282,4,89,364,7,464,361,0,361,825
05/25/2006,BED,MA,ANE,EN,Towers with Radar,0,61,117,4,182,0,15,260,6,281,0,76,377,10,463,306,0,306,769
05/26/2006,BED,MA,ANE,EN,Towers with Radar,1,43,137,2,183,0,12,87,1,100,1,55,224,3,283,255,0,255,538
05/27/2006,BED,MA,ANE,EN,Towers with Radar,2,35,97,3,137,0,5,133,1,139,2,40,230,4,276,255,4,259,535
05/28/2006,BED,MA,ANE,EN,Towers with Radar,0,11,41,0,52,0,18,234,3,255,0,29,275,3,307,285,0,285,592
05/29/2006,BED,MA,ANE,EN,Towers with Radar,0,51,89,1,141,0,21,226,6,253,0,72,315,7,394,293,0,293,687
05/30/2006,BED,MA,ANE,EN,Towers with Radar,0,62,82,5,149,0,23,126,2,151,0,85,208,7,300,278,0,278,578
05/31/2006,BED,MA,ANE,EN,Towers with Radar,0,66,125,2,193,0,10,154,4,168,0,76,279,6,361,238,0,238,599
06/01/2006,BED,MA,ANE,EN,Towers with Radar,0,50,129,0,179,0,20,122,0,142,0,70,251,0,321,255,0,255,576
06/02/2006,BED,MA,ANE,EN,Towers with Radar,0,44,125,1,170,0,0,3,0,3,0,44,128,1,173,0,0,0,173
06/03/2006,BED,MA,ANE,EN,Towers with Radar,0,30,55,2,87,0,0,0,0,0,0,30,55,2,87,0,0,0,87
06/04/2006,BED,MA,ANE,EN,Towers with Radar,0,57,103,4,164,0,0,11,3,14,0,57,114,7,178,120,0,120,298
06/05/2006,BED,MA,ANE,EN,Towers with Radar,0,49,129,0,178,0,26,140,4,170,0,75,269,4,348,307,0,307,655
06/06/2006,BED,MA,ANE,EN,Towers with Radar,1,70,137,0,208,0,19,231,3,253,1,89,368,3,461,274,0,274,735
06/07/2006,BED,MA,ANE,EN,Towers with Radar,0,86,175,5,266,0,0,0,0,0,0,86,175,5,266,0,0,0,266
06/08/2006,BED,MA,ANE,EN,Towers with Radar,2,77,195,12,286,0,0,0,0,0,2,77,195,12,286,0,0,0,286
06/09/2006,BED,MA,ANE,EN,Towers with Radar,0,69,162,4,235,0,5,24,1,30,0,74,186,5,265,24,0,24,289
06/10/2006,BED,MA,ANE,EN,Towers with Radar,1,51,97,3,152,0,1,9,0,10,1,52,106,3,162,29,0,29,191
06/11/2006,BED,MA,ANE,EN,Towers with Radar,3,44,90,2,139,0,11,223,4,238,3,55,313,6,377,248,0,248,625
06/12/2006,BED,MA,ANE,EN,Towers with Radar,0,64,117,0,181,1,28,197,2,228,1,92,314,2,409,295,0,295,704
06/13/2006,BED,MA,ANE,EN,Towers with Radar,0,71,100,1,172,0,37,230,3,270,0,108,330,4,442,303,0,303,745
06/14/2006,BED,MA,ANE,EN,Towers with Radar,0,59,142,6,207,0,17,108,0,125,0,76,250,6,332,166,0,166,498
06/15/2006,BED,MA,ANE,EN,Towers with Radar,3,56,138,2,199,0,20,115,0,135,3,76,253,2,334,125,0,125,459
06/16/2006,BED,MA,ANE,EN,Towers with Radar,1,55,119,4,179,0,19,309,2,330,1,74,428,6,509,230,0,230,739
06/17/2006,BED,MA,ANE,EN,Towers with Radar,0,26,40,0,66,0,22,273,0,295,0,48,313,0,361,304,0,304,665
06/18/2006,BED,MA,ANE,EN,Towers with Radar,0,31,102,0,133,0,17,239,6,262,0,48,341,6,395,298,0,298,693
06/19/2006,BED,MA,ANE,EN,Towers with Radar,0,64,107,1,172,0,17,111,0,128,0,81,218,1,300,174,0,174,474
06/20/2006,BED,MA,ANE,EN,Towers with Radar,2,48,132,1,183,1,19,115,3,138,3,67,247,4,321,216,12,228,549
06/21/2006,BED,MA,ANE,EN,Towers with Radar,0,61,126,1,188,0,29,281,6,316,0,90,407,7,504,323,0,323,827
06/22/2006,BED,MA,ANE,EN,Towers with Radar,0,65,107,1,173,0,23,166,0,189,0,88,273,1,362,257,0,257,619
06/23/2006,BED,MA,ANE,EN,Towers with Radar,0,51,138,2,191,0,0,33,0,33,0,51,171,2,224,84,0,84,308
06/24/2006,BED,MA,ANE,EN,Towers with Radar,1,42,54,2,99,0,0,5,0,5,1,42,59,2,104,0,0,0,104
06/25/2006,BED,MA,ANE,EN,Towers with Radar,0,51,96,0,147,0,0,0,0,0,0,51,96,0,147,0,0,0,147
06/26/2006,BED,MA,ANE,EN,Towers with Radar,0,66,116,5,187,0,20,87,0,107,0,86,203,5,294,128,0,128,422
06/27/2006,BED,MA,ANE,EN,Towers with Radar,0,63,117,7,187,0,17,152,0,169,0,80,269,7,356,182,0,182,538
06/28/2006,BED,MA,ANE,EN,Towers with Radar,1,70,136,0,207,0,1,4,0,5,1,71,140,0,212,38,0,38,250
06/29/2006,BED,MA,ANE,EN,Towers with Radar,0,53,138,0,191,0,5,32,0,37,0,58,170,0,228,81,0,81,309
06/30/2006,BED,MA,ANE,EN,Towers with Radar,1,66,113,0,180,0,22,189,2,213,1,88,302,2,393,200,0,200,593
07/01/2006,BED,MA,ANE,EN,Towers with Radar,0,25,71,0,96,0,22,319,2,343,0,47,390,2,439,237,0,237,676
07/02/2006,BED,MA,ANE,EN,Towers with Radar,0,15,60,0,75,0,2,84,0,86,0,17,144,0,161,234,0,234,395
07/03/2006,BED,MA,ANE,EN,Towers with Radar,0,33,60,0,93,0,47,251,4,302,0,80,311,4,395,295,0,295,690
07/04/2006,BED,MA,ANE,EN,Towers with Radar,0,29,68,0,97,0,5,77,5,87,0,34,145,5,184,190,0,190,374
07/05/2006,BED,MA,ANE,EN,Towers with Radar,1,56,110,0,167,0,22,191,0,213,1,78,301,0,380,208,0,208,588
07/06/2006,BED,MA,ANE,EN,Towers with Radar,0,35,103,0,138,0,25,134,2,161,0,60,237,2,299,169,0,169,468
07/07/2006,BED,MA,ANE,EN,Towers with Radar,2,49,82,2,135,0,33,343,5,381,2,82,425,7,516,225,0,225,741
07/08/2006,BED,MA,ANE,EN,Towers with Radar,0,25,74,0,99,0,16,366,3,385,0,41,440,3,484,202,12,214,698
07/09/2006,BED,MA,ANE,EN,Towers with Radar,0,32,66,7,105,0,20,274,2,296,0,52,340,9,401,344,0,344,745
07/10/2006,BED,MA,ANE,EN,Towers with Radar,0,59,116,3,178,0,19,230,3,252,0,78,346,6,430,264,0,264,694
07/11/2006,BED,MA,ANE,EN,Towers with Radar,1,56,101,1,159,0,6,62,0,68,1,62,163,1,227,132,0,132,359
07/12/2006,BED,MA,ANE,EN,Towers with Radar,4,76,135,3,218,0,7,41,0,48,4,83,176,3,266,81,0,81,347
07/13/2006,BED,MA,ANE,EN,Towers with Radar,0,63,134,2,199,0,1,17,0,18,0,64,151,2,217,44,0,44,261
07/14/2006,BED,MA,ANE,EN,Towers with Radar,3,61,101,5,170,0,24,297,0,321,3,85,398,5,491,316,0,316,807
07/15/2006,BED,MA,ANE,EN,Towers with Radar,0,31,66,1,98,0,21,232,8,261,0,52,298,9,359,355,0,355,714
07/16/2006,BED,MA,ANE,EN,Towers with Radar,1,25,86,4,116,0,14,277,2,293,1,39,363,6,409,354,0,354,763
07/17/2006,BED,MA,ANE,EN,Towers with Radar,0,48,113,0,161,0,26,202,5,233,0,74,315,5,394,300,8,308,702
07/18/2006,BED,MA,ANE,EN,Towers with Radar,2,70,95,4,171,0,25,190,4,219,2,95,285,8,390,316,0,316,706
07/19/2006,BED,MA,ANE,EN,Towers with Radar,5,62,127,0,194,0,15,266,2,283,5,77,393,2,477,323,0,323,800
07/20/2006,BED,MA,ANE,EN,Towers with Radar,3,59,155,0,217,0,7,165,0,172,3,66,320,0,389,258,0,258,647
07/21/2006,BED,MA,ANE,EN,Towers with Radar,0,50,108,2,160,0,2,66,0,68,0,52,174,2,228,112,0,112,340
07/22/2006,BED,MA,ANE,EN,Towers with Radar,0,37,70,0,107,0,0,0,0,0,0,37,70,0,107,0,0,0,107
07/23/2006,BED,MA,ANE,EN,Towers with Radar,2,45,115,2,164,0,13,115,0,128,2,58,230,2,292,200,0,200,492
07/24/2006,BED,MA,ANE,EN,Towers with Radar,5,62,104,3,174,0,33,256,2,291,5,95,360,5,465,217,0,217,682
07/25/2006,BED,MA,ANE,EN,Towers with Radar,3,60,107,3,173,0,34,252,0,286,3,94,359,3,459,300,0,300,759
07/26/2006,BED,MA,ANE,EN,Towers with Radar,2,54,125,3,184,0,27,174,5,206,2,81,299,8,390,359,0,359,749
07/27/2006,BED,MA,ANE,EN,Towers with Radar,1,62,123,2,188,1,16,140,5,162,2,78,263,7,350,220,0,220,570
07/28/2006,BED,MA,ANE,EN,Towers with Radar,0,52,102,7,161,0,12,110,1,123,0,64,212,8,284,133,0,133,417
07/29/2006,BED,MA,ANE,EN,Towers with Radar,0,24,41,0,65,0,9,258,0,267,0,33,299,0,332,254,0,254,586
07/30/2006,BED,MA,ANE,EN,Towers with Radar,0,39,66,2,107,0,10,278,1,289,0,49,344,3,396,354,0,354,750
07/31/2006,BED,MA,ANE,EN,Towers with Radar,0,53,107,0,160,0,17,180,0,197,0,70,287,0,357,323,0,323,680
08/01/2006,BED,MA,ANE,EN,Towers with Radar,1,64,112,0,177,0,26,132,2,160,1,90,244,2,337,174,0,174,511
08/02/2006,BED,MA,ANE,EN,Towers with Radar,0,77,93,0,170,0,21,152,0,173,0,98,245,0,343,146,0,146,489
08/03/2006,BED,MA,ANE,EN,Towers with Radar,0,55,114,2,171,0,17,168,0,185,0,72,282,2,356,156,0,156,512
08/04/2006,BED,MA,ANE,EN,Towers with Radar,0,60,125,4,189,0,17,127,0,144,0,77,252,4,333,118,0,118,451
08/05/2006,BED,MA,ANE,EN,Towers with Radar,0,25,45,1,71,0,16,303,1,320,0,41,348,2,391,258,0,258,649
08/06/2006,BED,MA,ANE,EN,Towers with Radar,0,31,61,1,93,0,18,294,3,315,0,49,355,4,408,372,0,372,780
08/07/2006,BED,MA,ANE,EN,Towers with Radar,1,47,107,0,155,0,19,65,0,84,1,66,172,0,239,77,0,77,316
08/08/2006,BED,MA,ANE,EN,Towers with Radar,0,55,108,4,167,0,20,248,0,268,0,75,356,4,435,236,0,236,671
08/09/2006,BED,MA,ANE,EN,Towers with Radar,1,64,106,2,173,0,21,284,4,309,1,85,390,6,482,247,0,247,729
08/10/2006,BED,MA,ANE,EN,Towers with Radar,2,52,120,3,177,0,30,116,2,148,2,82,236,5,325,127,0,127,452
08/11/2006,BED,MA,ANE,EN,Towers with Radar,0,73,103,2,178,0,29,208,0,237,0,102,311,2,415,194,0,194,609
08/12/2006,BED,MA,ANE,EN,Towers with Radar,0,30,69,3,102,0,19,263,1,283,0,49,332,4,385,236,0,236,621
08/13/2006,BED,MA,ANE,EN,Towers with Radar,1,43,77,2,123,0,13,255,1,269,1,56,332,3,392,275,0,275,667
08/14/2006,BED,MA,ANE,EN,Towers with Radar,2,61,85,0,148,0,29,174,2,205,2,90,259,2,353,143,0,143,496
08/15/2006,BED,MA,ANE,EN,Towers with Radar,2,67,92,1,162,0,17,103,1,121,2,84,195,2,283,124,1,125,408
08/16/2006,BED,MA,ANE,EN,Towers with Radar,0,58,105,8,171,0,37,247,4,288,0,95,352,12,459,320,0,320,779
08/17/2006,BED,MA,ANE,EN,Towers with Radar,4,60,98,1,163,0,52,238,2,292,4,112,336,3,455,227,0,227,682
08/18/2006,BED,MA,ANE,EN,Towers with Radar,4,50,108,6,168,0,22,258,0,280,4,72,366,6,448,222,6,228,676
08/19/2006,BED,MA,ANE,EN,Towers with Radar,0,35,65,3,103,0,15,272,1,288,0,50,337,4,391,313,0,313,704
08/20/2006,BED,MA,ANE,EN,Towers with Radar,0,52,77,2,131,0,3,42,4,49,0,55,119,6,180,47,0,47,227
08/21/2006,BED,MA,ANE,EN,Towers with Radar,3,52,136,1,192,0,28,160,1,189,3,80,296,2,381,186,0,186,567
08/22/2006,BED,MA,ANE,EN,Towers with Radar,2,46,91,1,140,0,11,263,1,275,2,57,354,2,415,233,0,233,648
08/23/2006,BED,MA,ANE,EN,Towers with Radar,3,63,116,2,184,0,19,204,9,232,3,82,320,11,416,116,0,116,532
08/24/2006,BED,MA,ANE,EN,Towers with Radar,0,47,111,4,162,0,21,183,1,205,0,68,294,5,367,181,0,181,548
08/25/2006,BED,MA,ANE,EN,Towers with Radar,0,52,127,5,184,0,0,0,0,0,0,52,127,5,184,0,0,0,184
08/26/2006,BED,MA,ANE,EN,Towers with Radar,0,35,64,3,102,0,9,163,0,172,0,44,227,3,274,289,0,289,563
08/27/2006,BED,MA,ANE,EN,Towers with Radar,0,39,113,4,156,0,7,72,10,89,0,46,185,14,245,224,0,224,469
08/28/2006,BED,MA,ANE,EN,Towers with Radar,0,61,122,2,185,0,4,2,0,6,0,65,124,2,191,44,0,44,235
08/29/2006,BED,MA,ANE,EN,Towers with Radar,1,60,123,0,184,0,0,0,0,0,1,60,123,0,184,0,0,0,184
08/30/2006,BED,MA,ANE,EN,Towers with Radar,3,69,136,0,208,0,25,191,5,221,3,94,327,5,429,262,0,262,691
08/31/2006,BED,MA,ANE,EN,Towers with Radar,0,56,87,0,143,0,10,294,7,311,0,66,381,7,454,290,0,290,744
09/01/2006,BED,MA,ANE,EN,Towers with Radar,2,48,97,2,149,0,22,235,2,259,2,70,332,4,408,235,6,241,649
09/02/2006,BED,MA,ANE,EN,Towers with Radar,2,16,61,1,80,0,12,13,2,27,2,28,74,3,107,177,0,177,284
09/03/2006,BED,MA,ANE,EN,Towers with Radar,0,29,55,2,86,0,0,0,0,0,0,29,55,2,86,0,0,0,86
09/04/2006,BED,MA,ANE,EN,Towers with Radar,1,57,111,0,169,0,30,227,6,263,1,87,338,6,432,137,5,142,574
09/05/2006,BED,MA,ANE,EN,Towers with Radar,2,53,90,0,145,0,21,130,1,152,2,74,220,1,297,205,0,205,502
09/06/2006,BED,MA,ANE,EN,Towers with Radar,0,85,110,1,196,0,13,143,7,163,0,98,253,8,359,90,0,90,449
09/07/2006,BED,MA,ANE,EN,Towers with Radar,0,80,127,2,209,0,26,166,8,200,0,106,293,10,409,184,2,186,595
09/08/2006,BED,MA,ANE,EN,Towers with Radar,0,53,126,5,184,0,32,203,8,243,0,85,329,13,427,225,0,225,652
09/09/2006,BED,MA,ANE,EN,Towers with Radar,0,36,71,1,108,0,16,252,8,276,0,52,323,9,384,302,0,302,686
09/10/2006,BED,MA,ANE,EN,Towers with Radar,2,46,134,2,184,0,20,199,3,222,2,66,333,5,406,278,0,278,684
09/11/2006,BED,MA,ANE,EN,Towers with Radar,1,55,120,1,177,0,19,152,5,176,1,74,272,6,353,131,0,131,484
09/12/2006,BED,MA,ANE,EN,Towers with Radar,2,70,104,0,176,0,19,181,0,200,2,89,285,0,376,194,0,194,570
09/13/2006,BED,MA,ANE,EN,Towers with Radar,0,77,102,2,181,0,32,161,2,195,0,109,263,4,376,128,0,128,504
09/14/2006,BED,MA,ANE,EN,Towers with Radar,4,79,181,2,266,0,7,47,0,54,4,86,228,2,320,29,0,29,349
09/15/2006,BED,MA,ANE,EN,Towers with Radar,0,79,124,5,208,0,4,62,0,66,0,83,186,5,274,84,0,84,358
09/16/2006,BED,MA,ANE,EN,Towers with Radar,0,29,75,2,106,0,23,256,11,290,0,52,331,13,396,244,4,248,644
09/17/2006,BED,MA,ANE,EN,Towers with Radar,8,39,84,8,139,0,9,284,3,296,8,48,368,11,435,326,0,326,761
09/18/2006,BED,MA,ANE,EN,Towers with Radar,1,68,112,1,182,0,19,162,1,182,1,87,274,2,364,152,0,152,516
09/19/2006,BED,MA,ANE,EN,Towers with Radar,1,54,121,2,178,0,12,90,1,103,1,66,211,3,281,146,0,146,427
09/20/2006,BED,MA,ANE,EN,Towers with Radar,0,59,97,5,161,0,24,175,5,204,0,83,272,10,365,229,0,229,594
09/21/2006,BED,MA,ANE,EN,Towers with Radar,0,91,98,0,189,0,24,180,1,205,0,115,278,1,394,145,0,145,539
09/22/2006,BED,MA,ANE,EN,Towers with Radar,3,57,114,2,176,0,20,208,1,229,3,77,322,3,405,122,0,122,527
09/23/2006,BED,MA,ANE,EN,Towers with Radar,0,25,95,3,123,0,0,19,0,19,0,25,114,3,142,41,0,41,183
09/24/2006,BED,MA,ANE,EN,Towers with Radar,0,46,91,2,139,0,7,31,0,38,0,53,122,2,177,79,0,79,256
09/25/2006,BED,MA,ANE,EN,Towers with Radar,0,54,107,3,164,0,28,150,0,178,0,82,257,3,342,123,0,123,465
09/26/2006,BED,MA,ANE,EN,Towers with Radar,0,70,111,4,185,0,23,186,4,213,0,93,297,8,398,191,0,191,589
09/27/2006,BED,MA,ANE,EN,Towers with Radar,2,60,115,0,177,0,29,219,1,249,2,89,334,1,426,275,0,275,701
09/28/2006,BED,MA,ANE,EN,Towers with Radar,3,87,133,1,224,0,18,130,4,152,3,105,263,5,376,218,0,218,594
09/29/2006,BED,MA,ANE,EN,Towers with Radar,2,99,81,2,184,0,18,46,1,65,2,117,127,3,249,33,0,33,282
09/30/2006,BED,MA,ANE,EN,Towers with Radar,0,34,68,0,102,0,16,273,0,289,0,50,341,0,391,301,0,301,692
10/01/2006,BED,MA,ANE,EN,Towers with Radar,0,43,70,2,115,0,2,14,0,16,0,45,84,2,131,44,0,44,175
10/02/2006,BED,MA,ANE,EN,Towers with Radar,0,86,108,1,195,0,17,148,1,166,0,103,256,2,361,135,0,135,496
10/03/2006,BED,MA,ANE,EN,Towers with Radar,2,88,117,4,211,0,26,159,5,190,2,114,276,9,401,217,0,217,618
10/04/2006,BED,MA,ANE,EN,Towers with Radar,1,67,125,2,195,0,24,127,0,151,1,91,252,2,346,162,0,162,508
10/05/2006,BED,MA,ANE,EN,Towers with Radar,1,57,127,2,187,0,27,100,2,129,1,84,227,4,316,92,0,92,408
10/06/2006,BED,MA,ANE,EN,Towers with Radar,0,71,145,11,227,0,18,218,4,240,0,89,363,15,467,99,0,99,566
10/07/2006,BED,MA,ANE,EN,Towers with Radar,2,37,94,3,136,0,30,287,2,319,2,67,381,5,455,254,0,254,709
10/08/2006,BED,MA,ANE,EN,Towers with Radar,2,32,62,4,100,0,27,293,3,323,2,59,355,7,423,262,0,262,685
10/09/2006,BED,MA,ANE,EN,Towers with Radar,2,61,106,4,173,0,22,253,0,275,2,83,359,4,448,184,6,190,638
10/10/2006,BED,MA,ANE,EN,Towers with Radar,1,79,104,2,186,0,13,187,0,200,1,92,291,2,386,208,0,208,594
10/11/2006,BED,MA,ANE,EN,Towers with Radar,3,57,153,2,215,0,7,45,1,53,3,64,198,3,268,169,0,169,437
10/12/2006,BED,MA,ANE,EN,Towers with Radar,1,74,160,2,237,2,11,54,0,67,3,85,214,2,304,112,0,112,416
10/13/2006,BED,MA,ANE,EN,Towers with Radar,0,75,112,0,187,0,19,150,2,171,0,94,262,2,358,178,0,178,536
10/14/2006,BED,MA,ANE,EN,Towers with Radar,0,30,72,0,102,0,23,263,1,287,0,53,335,1,389,217,0,217,606
10/15/2006,BED,MA,ANE,EN,Towers with Radar,1,41,94,1,137,0,25,234,5,264,1,66,328,6,401,258,7,265,666
10/16/2006,BED,MA,ANE,EN,Towers with Radar,2,74,90,1,167,0,30,150,0,180,2,104,240,1,347,176,0,176,523
10/17/2006,BED,MA,ANE,EN,Towers with Radar,1,54,115,1,171,0,21,113,0,134,1,75,228,1,305,285,0,285,590
10/18/2006,BED,MA,ANE,EN,Towers with Radar,1,77,116,0,194,0,17,83,2,102,1,94,199,2,296,97,0,97,393
10/19/2006,BED,MA,ANE,EN,Towers with Radar,3,71,130,7,211,0,26,174,5,205,3,97,304,12,416,204,0,204,620
10/20/2006,BED,MA,ANE,EN,Towers with Radar,3,86,106,2,197,0,4,1,0,5,3,90,107,2,202,0,0,0,202
10/21/2006,BED,MA,ANE,EN,Towers with Radar,0,39,58,1,98,0,28,155,8,191,0,67,213,9,289,151,0,151,440
10/22/2006,BED,MA,ANE,EN,Towers with Radar,2,45,109,2,158,0,30,233,11,274,2,75,342,13,432,266,0,266,698
10/23/2006,BED,MA,ANE,EN,Towers with Radar,2,70,97,0,169,0,17,26,0,43,2,87,123,0,212,38,0,38,250
10/24/2006,BED,MA,ANE,EN,Towers with Radar,0,62,115,2,179,0,10,132,0,142,0,72,247,2,321,236,0,236,557
10/25/2006,BED,MA,ANE,EN,Towers with Radar,0,87,118,0,205,0,24,91,7,122,0,111,209,7,327,76,0,76,403
10/26/2006,BED,MA,ANE,EN,Towers with Radar,0,62,109,3,174,0,24,176,0,200,0,86,285,3,374,184,0,184,558
10/27/2006,BED,MA,ANE,EN,Towers with Radar,2,71,134,5,212,0,8,203,4,215,2,79,337,9,427,176,0,176,603
10/28/2006,BED,MA,ANE,EN,Towers with Radar,2,26,30,1,59,0,0,0,0,0,2,26,30,1,59,0,0,0,59
10/29/2006,BED,MA,ANE,EN,Towers with Radar,0,39,58,0,97,0,0,10,0,10,0,39,68,0,107,2,0,2,109
10/30/2006,BED,MA,ANE,EN,Towers with Radar,1,70,85,2,158,0,24,77,0,101,1,94,162,2,259,60,0,60,319
10/31/2006,BED,MA,ANE,EN,Towers with Radar,1,53,94,2,150,0,20,169,0,189,1,73,263,2,339,227,0,227,566
11/01/2006,BED,MA,ANE,EN,Towers with Radar,2,65,124,5,196,0,23,166,1,190,2,88,290,6,386,150,0,150,536
11/02/2006,BED,MA,ANE,EN,Towers with Radar,3,67,114,2,186,0,9,69,0,78,3,76,183,2,264,86,0,86,350
11/03/2006,BED,MA,ANE,EN,Towers with Radar,7,92,104,5,208,0,41,188,1,230,7,133,292,6,438,171,0,171,609
11/04/2006,BED,MA,ANE,EN,Towers with Radar,2,25,60,10,97,0,10,268,0,278,2,35,328,10,375,309,0,309,684
11/05/2006,BED,MA,ANE,EN,Towers with Radar,2,31,91,5,129,1,15,294,6,316,3,46,385,11,445,250,0,250,695
11/06/2006,BED,MA,ANE,EN,Towers with Radar,0,63,92,4,159,0,17,136,6,159,0,80,228,10,318,231,24,255,573
11/07/2006,BED,MA,ANE,EN,Towers with Radar,0,60,115,6,181,0,20,176,1,197,0,80,291,7,378,231,6,237,615
11/08/2006,BED,MA,ANE,EN,Towers with Radar,0,71,142,3,216,0,0,0,0,0,0,71,142,3,216,0,0,0,216
11/09/2006,BED,MA,ANE,EN,Towers with Radar,0,72,128,2,202,0,3,78,0,81,0,75,206,2,283,109,0,109,392
11/10/2006,BED,MA,ANE,EN,Towers with Radar,4,66,96,4,170,0,14,222,4,240,4,80,318,8,410,133,0,133,543
11/11/2006,BED,MA,ANE,EN,Towers with Radar,1,28,65,0,94,0,10,298,2,310,1,38,363,2,404,345,0,345,749
11/12/2006,BED,MA,ANE,EN,Towers with Radar,1,40,101,0,142,0,0,0,0,0,1,40,101,0,142,0,0,0,142
11/13/2006,BED,MA,ANE,EN,Towers with Radar,0,65,131,0,196,0,0,0,0,0,0,65,131,0,196,0,0,0,196
11/14/2006,BED,MA,ANE,EN,Towers with Radar,2,63,125,1,191,0,0,2,0,2,2,63,127,1,193,0,0,0,193
11/15/2006,BED,MA,ANE,EN,Towers with Radar,0,78,161,3,242,0,6,36,0,42,0,84,197,3,284,135,0,135,419
11/16/2006,BED,MA,ANE,EN,Towers with Radar,2,67,120,0,189,0,0,3,0,3,2,67,123,0,192,0,0,0,192
11/17/2006,BED,MA,ANE,EN,Towers with Radar,2,66,138,3,209,0,9,95,2,106,2,75,233,5,315,143,0,143,458
11/18/2006,BED,MA,ANE,EN,Towers with Radar,2,41,99,4,146,0,10,267,6,283,2,51,366,10,429,305,0,305,734
11/19/2006,BED,MA,ANE,EN,Towers with Radar,2,43,92,4,141,0,14,165,28,207,2,57,257,32,348,292,0,292,640
11/20/2006,BED,MA,ANE,EN,Towers with Radar,2,70,121,1,194,0,23,117,0,140,2,93,238,1,334,210,0,210,544
11/21/2006,BED,MA,ANE,EN,Towers with Radar,3,80,117,2,202,0,20,219,3,242,3,100,336,5,444,222,0,222,666
11/22/2006,BED,MA,ANE,EN,Towers with Radar,3,91,155,0,249,0,28,121,2,151,3,119,276,2,400,145,0,145,545
11/23/2006,BED,MA,ANE,EN,Towers with Radar,1,29,18,0,48,0,0,0,0,0,1,29,18,0,48,0,0,0,48
11/24/2006,BED,MA,ANE,EN,Towers with Radar,4,23,46,2,75,0,14,196,2,212,4,37,242,4,287,152,0,152,439
11/25/2006,BED,MA,ANE,EN,Towers with Radar,2,59,79,0,140,0,13,240,1,254,2,72,319,1,394,283,0,283,677
11/26/2006,BED,MA,ANE,EN,Towers with Radar,0,55,140,0,195,0,20,287,0,307,0,75,427,0,502,206,0,206,708
11/27/2006,BED,MA,ANE,EN,Towers with Radar,0,55,126,1,182,0,15,145,1,161,0,70,271,2,343,153,0,153,496
11/28/2006,BED,MA,ANE,EN,Towers with Radar,4,78,120,0,202,0,0,0,0,0,4,78,120,0,202,0,0,0,202
11/29/2006,BED,MA,ANE,EN,Towers with Radar,2,73,104,10,189,0,0,0,0,0,2,73,104,10,189,0,0,0,189
11/30/2006,BED,MA,ANE,EN,Towers with Radar,5,62,142,4,213,0,14,56,2,72,5,76,198,6,285,110,0,110,395
12/01/2006,BED,MA,ANE,EN,Towers with Radar,2,65,83,3,153,0,1,3,0,4,2,66,86,3,157,4,0,4,161
12/02/2006,BED,MA,ANE,EN,Towers with Radar,0,33,55,0,88,0,7,75,1,83,0,40,130,1,171,40,0,40,211
12/03/2006,BED,MA,ANE,EN,Towers with Radar,0,39,83,5,127,0,8,308,7,323,0,47,391,12,450,260,0,260,710
12/04/2006,BED,MA,ANE,EN,Towers with Radar,0,63,79,1,143,0,21,53,1,75,0,84,132,2,218,57,0,57,275
12/05/2006,BED,MA,ANE,EN,Towers with Radar,0,74,132,1,207,0,26,138,1,165,0,100,270,2,372,198,0,198,570
12/06/2006,BED,MA,ANE,EN,Towers with Radar,0,73,110,1,184,0,20,185,2,207,0,93,295,3,391,182,0,182,573
12/07/2006,BED,MA,ANE,EN,Towers with Radar,1,63,113,4,181,0,24,159,3,186,1,87,272,7,367,263,2,265,632
12/08/2006,BED,MA,ANE,EN,Towers with Radar,0,64,94,1,159,0,7,49,0,56,0,71,143,1,215,7,0,7,222
12/09/2006,BED,MA,ANE,EN,Towers with Radar,2,35,60,2,99,0,12,242,1,255,2,47,302,3,354,328,0,328,682
12/10/2006,BED,MA,ANE,EN,Towers with Radar,3,47,85,2,137,0,7,216,6,229,3,54,301,8,366,309,0,309,675
12/11/2006,BED,MA,ANE,EN,Towers with Radar,1,63,118,0,182,0,32,96,0,128,1,95,214,0,310,180,0,180,490
12/12/2006,BED,MA,ANE,EN,Towers with Radar,2,84,145,3,234,0,15,151,1,167,2,99,296,4,401,202,0,202,603
12/13/2006,BED,MA,ANE,EN,Towers with Radar,0,68,147,0,215,0,1,16,0,17,0,69,163,0,232,64,0,64,296
12/14/2006,BED,MA,ANE,EN,Towers with Radar,5,64,141,1,211,0,18,93,0,111,5,82,234,1,322,166,0,166,488
12/15/2006,BED,MA,ANE,EN,Towers with Radar,5,71,144,2,222,0,9,41,2,52,5,80,185,4,274,52,0,52,326
12/16/2006,BED,MA,ANE,EN,Towers with Radar,2,39,66,0,107,0,13,256,0,269,2,52,322,0,376,282,0,282,658
12/17/2006,BED,MA,ANE,EN,Towers with Radar,1,27,93,1,122,0,15,219,1,235,1,42,312,2,357,197,0,197,554
12/18/2006,BED,MA,ANE,EN,Towers with Radar,2,57,103,0,162,0,11,98,2,111,2,68,201,2,273,131,0,131,404
12/19/2006,BED,MA,ANE,EN,Towers with Radar,0,82,102,4,188,0,20,194,0,214,0,102,296,4,402,180,0,180,582
12/20/2006,BED,MA,ANE,EN,Towers with Radar,0,67,119,0,186,0,20,207,4,231,0,87,326,4,417,164,0,164,581
12/21/2006,BED,MA,ANE,EN,Towers with Radar,0,66,101,1,168,0,28,123,4,155,0,94,224,5,323,185,0,185,508
12/22/2006,BED,MA,ANE,EN,Towers with Radar,0,67,90,1,158,0,16,145,2,163,0,83,235,3,321,177,0,177,498
12/23/2006,BED,MA,ANE,EN,Towers with Radar,1,39,57,0,97,0,2,0,0,2,1,41,57,0,99,0,0,0,99
12/24/2006,BED,MA,ANE,EN,Towers with Radar,0,20,22,0,42,0,13,62,0,75,0,33,84,0,117,109,0,109,226
12/25/2006,BED,MA,ANE,EN,Towers with Radar,2,30,24,0,56,0,5,29,1,35,2,35,53,1,91,13,0,13,104
12/26/2006,BED,MA,ANE,EN,Towers with Radar,3,60,88,0,151,0,1,0,0,1,3,61,88,0,152,0,0,0,152
12/27/2006,BED,MA,ANE,EN,Towers with Radar,0,56,60,0,116,0,13,89,1,103,0,69,149,1,219,241,0,241,460
12/28/2006,BED,MA,ANE,EN,Towers with Radar,2,40,53,0,95,0,32,149,0,181,2,72,202,0,276,214,0,214,490
12/29/2006,BED,MA,ANE,EN,Towers with Radar,1,33,51,1,86,0,15,175,3,193,1,48,226,4,279,191,0,191,470
12/30/2006,BED,MA,ANE,EN,Towers with Radar,4,32,55,0,91,0,7,80,0,87,4,39,135,0,178,178,0,178,356
12/31/2006,BED,MA,ANE,EN,Towers with Radar,0,20,47,1,68,0,10,160,3,173,0,30,207,4,241,207,0,207,448
01/01/2007,BED,MA,ANE,EN,Towers with Radar,0,37,62,0,99,0,0,0,0,0,0,37,62,0,99,0,0,0,99
01/02/2007,BED,MA,ANE,EN,Towers with Radar,2,69,58,0,129,0,16,69,0,85,2,85,127,0,214,48,0,48,262
01/03/2007,BED,MA,ANE,EN,Towers with Radar,1,59,76,0,136,0,21,142,3,166,1,80,218,3,302,186,0,186,488
01/04/2007,BED,MA,ANE,EN,Towers with Radar,1,47,85,0,133,0,18,178,4,200,1,65,263,4,333,175,0,175,508
01/05/2007,BED,MA,ANE,EN,Towers with Radar,0,47,83,4,134,0,22,18,0,40,0,69,101,4,174,4,0,4,178
01/06/2007,BED,MA,ANE,EN,Towers with Radar,1,28,57,0,86,0,8,27,0,35,1,36,84,0,121,30,0,30,151
01/07/2007,BED,MA,ANE,EN,Towers with Radar,4,29,75,0,108,0,15,269,8,292,4,44,344,8,400,271,0,271,671
01/08/2007,BED,MA,ANE,EN,Towers with Radar,5,58,82,7,152,0,14,3,0,17,5,72,85,7,169,10,0,10,179
01/09/2007,BED,MA,ANE,EN,Towers with Radar,0,54,89,7,150,0,25,136,3,164,0,79,225,10,314,172,0,172,486
01/10/2007,BED,MA,ANE,EN,Towers with Radar,5,47,102,3,157,0,21,106,4,131,5,68,208,7,288,62,0,62,350
01/11/2007,BED,MA,ANE,EN,Towers with Radar,1,80,100,1,182,0,14,171,1,186,1,94,271,2,368,205,0,205,573
01/12/2007,BED,MA,ANE,EN,Towers with Radar,3,64,103,0,170,0,18,117,1,136,3,82,220,1,306,86,0,86,392
01/13/2007,BED,MA,ANE,EN,Towers with Radar,2,30,74,0,106,0,9,63,0,72,2,39,137,0,178,126,0,126,304
01/14/2007,BED,MA,ANE,EN,Towers with Radar,2,30,42,0,74,0,0,0,0,0,2,30,42,0,74,0,0,0,74
01/15/2007,BED,MA,ANE,EN,Towers with Radar,5,46,90,0,141,0,0,0,0,0,5,46,90,0,141,0,0,0,141
01/16/2007,BED,MA,ANE,EN,Towers with Radar,0,65,84,0,149,0,15,71,2,88,0,80,155,2,237,101,0,101,338
01/17/2007,BED,MA,ANE,EN,Towers with Radar,1,64,89,0,154,0,23,91,3,117,1,87,180,3,271,85,0,85,356
01/18/2007,BED,MA,ANE,EN,Towers with Radar,0,57,105,0,162,0,10,101,0,111,0,67,206,0,273,271,0,271,544
01/19/2007,BED,MA,ANE,EN,Towers with Radar,3,50,72,4,129,0,15,28,0,43,3,65,100,4,172,13,0,13,185
01/20/2007,BED,MA,ANE,EN,Towers with Radar,1,27,40,0,68,0,1,24,0,25,1,28,64,0,93,0,0,0,93
01/21/2007,BED,MA,ANE,EN,Towers with Radar,0,38,59,0,97,0,14,201,5,220,0,52,260,5,317,198,2,200,517
01/22/2007,BED,MA,ANE,EN,Towers with Radar,0,62,85,5,152,0,13,65,1,79,0,75,150,6,231,154,0,154,385
01/23/2007,BED,MA,ANE,EN,Towers with Radar,1,71,91,7,170,0,18,104,1,123,1,89,195,8,293,108,0,108,401
01/24/2007,BED,MA,ANE,EN,Towers with Radar,1,78,94,4,177,0,25,143,1,169,1,103,237,5,346,181,0,181,527
01/25/2007,BED,MA,ANE,EN,Towers with Radar,2,66,94,0,162,0,21,92,0,113,2,87,186,0,275,115,0,115,390
01/26/2007,BED,MA,ANE,EN,Towers with Radar,1,68,86,3,158,0,26,36,0,62,1,94,122,3,220,59,0,59,279
01/27/2007,BED,MA,ANE,EN,Towers with Radar,2,25,42,0,69,0,7,82,0,89,2,32,124,0,158,309,0,309,467
01/28/2007,BED,MA,ANE,EN,Towers with Radar,1,45,67,2,115,0,16,254,2,272,1,61,321,4,387,392,0,392,779
01/29/2007,BED,MA,ANE,EN,Towers with Radar,3,71,74,0,148,0,23,88,0,111,3,94,162,0,259,65,0,65,324
01/30/2007,BED,MA,ANE,EN,Towers with Radar,1,53,101,0,155,0,17,115,2,134,1,70,216,2,289,165,0,165,454
01/31/2007,BED,MA,ANE,EN,Towers with Radar,2,68,87,2,159,0,16,91,3,110,2,84,178,5,269,97,0,97,366
02/01/2007,BED,MA,ANE,EN,Towers with Radar,2,71,117,1,191,0,33,96,3,132,2,104,213,4,323,85,2,87,410
02/02/2007,BED,MA,ANE,EN,Towers with Radar,3,67,77,0,147,0,6,15,0,21,3,73,92,0,168,88,0,88,256
02/03/2007,BED,MA,ANE,EN,Towers with Radar,0,38,41,0,79,0,10,65,0,75,0,48,106,0,154,62,0,62,216
02/04/2007,BED,MA,ANE,EN,Towers with Radar,0,43,70,0,113,0,15,103,0,118,0,58,173,0,231,80,0,80,311
02/05/2007,BED,MA,ANE,EN,Towers with Radar,2,77,55,0,134,0,7,28,0,35,2,84,83,0,169,0,0,0,169
02/06/2007,BED,MA,ANE,EN,Towers with Radar,3,59,80,3,145,0,18,110,2,130,3,77,190,5,275,106,0,106,381
02/07/2007,BED,MA,ANE,EN,Towers with Radar,3,66,82,0,151,0,14,90,1,105,3,80,172,1,256,18,0,18,274
02/08/2007,BED,MA,ANE,EN,Towers with Radar,1,77,91,3,172,0,20,40,0,60,1,97,131,3,232,65,0,65,297
02/09/2007,BED,MA,ANE,EN,Towers with Radar,2,72,86,2,162,0,29,94,6,129,2,101,180,8,291,36,0,36,327
02/10/2007,BED,MA,ANE,EN,Towers with Radar,5,30,75,1,111,0,19,233,0,252,5,49,308,1,363,260,0,260,623
02/11/2007,BED,MA,ANE,EN,Towers with Radar,0,44,80,1,125,0,48,253,16,317,0,92,333,17,442,231,3,234,676
02/12/2007,BED,MA,ANE,EN,Towers with Radar,2,61,99,0,162,0,21,88,0,109,2,82,187,0,271,90,0,90,361
02/13/2007,BED,MA,ANE,EN,Towers with Radar,4,71,91,0,166,0,24,162,0,186,4,95,253,0,352,163,0,163,515
02/14/2007,BED,MA,ANE,EN,Towers with Radar,0,3,10,0,13,0,0,0,0,0,0,3,10,0,13,0,0,0,13
02/15/2007,BED,MA,ANE,EN,Towers with Radar,1,72,104,0,177,0,14,19,0,33,1,86,123,0,210,0,0,0,210
02/16/2007,BED,MA,ANE,EN,Towers with Radar,2,111,149,0,262,0,22,48,0,70,2,133,197,0,332,0,0,0,332
02/17/2007,BED,MA,ANE,EN,Towers with Radar,3,44,71,0,118,0,8,172,0,180,3,52,243,0,298,210,0,210,508
02/18/2007,BED,MA,ANE,EN,Towers with Radar,2,27,53,1,83,0,24,60,0,84,2,51,113,1,167,216,0,216,383
02/19/2007,BED,MA,ANE,EN,Towers with Radar,1,74,76,0,151,0,20,50,3,73,1,94,126,3,224,12,0,12,236
02/20/2007,BED,MA,ANE,EN,Towers with Radar,7,79,70,2,158,0,27,111,1,139,7,106,181,3,297,108,0,108,405
02/21/2007,BED,MA,ANE,EN,Towers with Radar,0,51,86,2,139,0,16,93,2,111,0,67,179,4,250,113,0,113,363
02/22/2007,BED,MA,ANE,EN,Towers with Radar,0,69,101,2,172,0,19,42,0,61,0,88,143,2,233,82,0,82,315
02/23/2007,BED,MA,ANE,EN,Towers with Radar,1,57,81,4,143,0,14,64,2,80,1,71,145,6,223,32,0,32,255
02/24/2007,BED,MA,ANE,EN,Towers with Radar,3,55,69,1,128,0,30,68,0,98,3,85,137,1,226,76,0,76,302
02/25/2007,BED,MA,ANE,EN,Towers with Radar,2,41,116,0,159,0,31,252,0,283,2,72,368,0,442,274,0,274,716
02/26/2007,BED,MA,ANE,EN,Towers with Radar,1,58,84,0,143,0,3,14,0,17,1,61,98,0,160,0,0,0,160
02/27/2007,BED,MA,ANE,EN,Towers with Radar,0,63,77,4,144,0,13,58,1,72,0,76,135,5,216,97,0,97,313
02/28/2007,BED,MA,ANE,EN,Towers with Radar,1,78,93,0,172,0,22,128,2,152,1,100,221,2,324,178,0,178,502
03/01/2007,BED,MA,ANE,EN,Towers with Radar,0,70,139,2,211,0,24,133,0,157,0,94,272,2,368,204,0,204,572
03/02/2007,BED,MA,ANE,EN,Towers with Radar,2,60,78,1,141,0,1,2,0,3,2,61,80,1,144,0,0,0,144
03/03/2007,BED,MA,ANE,EN,Towers with Radar,4,30,72,0,106,0,21,181,9,211,4,51,253,9,317,125,0,125,442
03/04/2007,BED,MA,ANE,EN,Towers with Radar,2,53,112,0,167,0,25,176,4,205,2,78,288,4,372,177,0,177,549
03/05/2007,BED,MA,ANE,EN,Towers with Radar,2,70,76,4,152,0,9,50,0,59,2,79,126,4,211,64,0,64,275
03/06/2007,BED,MA,ANE,EN,Towers with Radar,1,57,75,0,133,0,5,31,2,38,1,62,106,2,171,0,0,0,171
03/07/2007,BED,MA,ANE,EN,Towers with Radar,5,59,103,5,172,0,20,111,2,133,5,79,214,7,305,85,0,85,390
03/08/2007,BED,MA,ANE,EN,Towers with Radar,2,65,87,3,157,0,13,73,2,88,2,78,160,5,245,33,0,33,278
03/09/2007,BED,MA,ANE,EN,Towers with Radar,1,65,96,1,163,0,32,175,2,209,1,97,271,3,372,215,0,215,587
03/10/2007,BED,MA,ANE,EN,Towers with Radar,5,47,98,0,150,0,25,159,0,184,5,72,257,0,334,193,0,193,527
03/11/2007,BED,MA,ANE,EN,Towers with Radar,2,29,97,1,129,0,11,184,0,195,2,40,281,1,324,206,0,206,530
03/12/2007,BED,MA,ANE,EN,Towers with Radar,2,71,89,0,162,0,23,175,0,198,2,94,264,0,360,129,0,129,489
03/13/2007,BED,MA,ANE,EN,Towers with Radar,1,72,75,0,148,0,20,156,0,176,1,92,231,0,324,134,0,134,458
03/14/2007,BED,MA,ANE,EN,Towers with Radar,2,76,89,0,167,0,21,108,2,131,2,97,197,2,298,100,0,100,398
03/15/2007,BED,MA,ANE,EN,Towers with Radar,2,79,112,0,193,0,6,6,0,12,2,85,118,0,205,0,0,0,205
03/16/2007,BED,MA,ANE,EN,Towers with Radar,0,32,56,0,88,0,3,7,0,10,0,35,63,0,98,0,0,0,98
03/17/2007,BED,MA,ANE,EN,Towers with Radar,1,49,67,0,117,0,3,3,0,6,1,52,70,0,123,0,0,0,123
03/18/2007,BED,MA,ANE,EN,Towers with Radar,1,40,82,0,123,0,25,67,0,92,1,65,149,0,215,83,0,83,298
03/19/2007,BED,MA,ANE,EN,Towers with Radar,1,88,70,0,159,0,21,98,0,119,1,109,168,0,278,132,0,132,410
03/20/2007,BED,MA,ANE,EN,Towers with Radar,1,79,76,4,160,0,26,54,2,82,1,105,130,6,242,6,0,6,248
03/21/2007,BED,MA,ANE,EN,Towers with Radar,2,80,96,2,180,0,24,197,0,221,2,104,293,2,401,219,0,219,620
03/22/2007,BED,MA,ANE,EN,Towers with Radar,0,73,93,0,166,0,11,12,0,23,0,84,105,0,189,24,0,24,213
03/23/2007,BED,MA,ANE,EN,Towers with Radar,0,81,94,3,178,0,28,124,0,152,0,109,218,3,330,135,0,135,465
03/24/2007,BED,MA,ANE,EN,Towers with Radar,3,40,74,0,117,0,15,233,2,250,3,55,307,2,367,158,0,158,525
03/25/2007,BED,MA,ANE,EN,Towers with Radar,1,65,115,1,182,0,23,108,1,132,1,88,223,2,314,196,0,196,510
03/26/2007,BED,MA,ANE,EN,Towers with Radar,0,78,74,0,152,0,5,47,0,52,0,83,121,0,204,56,0,56,260
03/27/2007,BED,MA,ANE,EN,Towers with Radar,0,56,119,0,175,0,14,96,1,111,0,70,215,1,286,143,0,143,429
03/28/2007,BED,MA,ANE,EN,Towers with Radar,2,67,84,0,153,0,23,71,2,96,2,90,155,2,249,40,0,40,289
03/29/2007,BED,MA,ANE,EN,Towers with Radar,4,52,111,0,167,0,20,64,1,85,4,72,175,1,252,14,0,14,266
03/30/2007,BED,MA,ANE,EN,Towers with Radar,2,55,67,0,124,0,21,149,5,175,2,76,216,5,299,132,0,132,431
03/31/2007,BED,MA,ANE,EN,Towers with Radar,3,35,52,5,95,0,15,240,13,268,3,50,292,18,363,263,0,263,626
04/01/2007,BED,MA,ANE,EN,Towers with Radar,0,44,90,4,138,0,27,172,0,199,0,71,262,4,337,270,0,270,607
04/02/2007,BED,MA,ANE,EN,Towers with Radar,0,74,74,2,150,0,0,0,0,0,0,74,74,2,150,0,0,0,150
04/03/2007,BED,MA,ANE,EN,Towers with Radar,3,76,101,0,180,0,2,9,0,11,3,78,110,0,191,18,0,18,209
04/04/2007,BED,MA,ANE,EN,Towers with Radar,0,60,103,1,164,0,1,2,0,3,0,61,105,1,167,0,0,0,167
04/05/2007,BED,MA,ANE,EN,Towers with Radar,0,82,138,3,223,0,18,49,1,68,0,100,187,4,291,33,0,33,324
04/06/2007,BED,MA,ANE,EN,Towers with Radar,1,79,88,0,168,0,23,124,6,153,1,102,212,6,321,184,0,184,505
04/07/2007,BED,MA,ANE,EN,Towers with Radar,0,26,39,0,65,0,17,207,3,227,0,43,246,3,292,377,0,377,669
04/08/2007,BED,MA,ANE,EN,Towers with Radar,0,42,60,0,102,0,15,78,1,94,0,57,138,1,196,60,0,60,256
04/09/2007,BED,MA,ANE,EN,Towers with Radar,1,81,109,1,192,0,26,109,0,135,1,107,218,1,327,172,0,172,499
04/10/2007,BED,MA,ANE,EN,Towers with Radar,1,66,111,8,186,0,18,169,10,197,1,84,280,18,383,182,0,182,565
04/11/2007,BED,MA,ANE,EN,Towers with Radar,2,62,112,4,180,0,34,163,0,197,2,96,275,4,377,18,0,18,395
04/12/2007,BED,MA,ANE,EN,Towers with Radar,1,86,91,0,178,0,2,1,0,3,1,88,92,0,181,29,0,29,210
04/13/2007,BED,MA,ANE,EN,Towers with Radar,0,100,135,1,236,0,24,78,1,103,0,124,213,2,339,126,0,126,465
04/14/2007,BED,MA,ANE,EN,Towers with Radar,3,53,84,0,140,0,18,176,5,199,3,71,260,5,339,342,0,342,681
04/15/2007,BED,MA,ANE,EN,Towers with Radar,0,31,56,0,87,0,0,2,0,2,0,31,58,0,89,14,0,14,103
04/16/2007,BED,MA,ANE,EN,Towers with Radar,0,62,83,0,145,0,0,15,0,15,0,62,98,0,160,34,0,34,194
04/17/2007,BED,MA,ANE,EN,Towers with Radar,0,87,103,0,190,0,0,0,0,0,0,87,103,0,190,0,0,0,190
04/18/2007,BED,MA,ANE,EN,Towers with Radar,0,91,100,0,191,0,0,0,0,0,0,91,100,0,191,0,0,0,191
04/19/2007,BED,MA,ANE,EN,Towers with Radar,2,82,105,0,189,0,12,85,2,99,2,94,190,2,288,87,0,87,375
04/20/2007,BED,MA,ANE,EN,Towers with Radar,3,74,87,1,165,0,38,170,2,210,3,112,257,3,375,142,0,142,517
04/21/2007,BED,MA,ANE,EN,Towers with Radar,1,45,81,0,127,0,21,296,7,324,1,66,377,7,451,247,0,247,698
04/22/2007,BED,MA,ANE,EN,Towers with Radar,1,59,117,0,177,0,29,277,2,308,1,88,394,2,485,323,4,327,812
04/23/2007,BED,MA,ANE,EN,Towers with Radar,0,88,82,1,171,0,13,143,1,157,0,101,225,2,328,162,0,162,490
04/24/2007,BED,MA,ANE,EN,Towers with Radar,3,77,98,1,179,0,19,134,1,154,3,96,232,2,333,140,0,140,473
04/25/2007,BED,MA,ANE,EN,Towers with Radar,0,75,132,0,207,0,19,101,2,122,0,94,233,2,329,177,0,177,506
04/26/2007,BED,MA,ANE,EN,Towers with Radar,0,85,116,5,206,0,34,158,2,194,0,119,274,7,400,236,0,236,636
04/27/2007,BED,MA,ANE,EN,Towers with Radar,0,81,103,1,185,0,0,0,0,0,0,81,103,1,185,0,0,0,185
04/28/2007,BED,MA,ANE,EN,Towers with Radar,0,35,95,7,137,0,16,51,2,69,0,51,146,9,206,128,0,128,334
04/29/2007,BED,MA,ANE,EN,Towers with Radar,0,34,187,5,226,0,0,0,0,0,0,34,187,5,226,8,0,8,234
04/30/2007,BED,MA,ANE,EN,Towers with Radar,1,55,101,2,159,0,24,82,0,106,1,79,183,2,265,124,0,124,389
05/01/2007,BED,MA,ANE,EN,Towers with Radar,0,74,121,1,196,0,27,201,1,229,0,101,322,2,425,206,0,206,631
05/02/2007,BED,MA,ANE,EN,Towers with Radar,2,84,127,1,214,0,29,121,2,152,2,113,248,3,366,90,0,90,456
05/03/2007,BED,MA,ANE,EN,Towers with Radar,0,80,123,1,204,0,29,207,1,237,0,109,330,2,441,171,11,182,623
05/04/2007,BED,MA,ANE,EN,Towers with Radar,3,65,96,3,167,0,37,123,0,160,3,102,219,3,327,89,16,105,432
05/05/2007,BED,MA,ANE,EN,Towers with Radar,1,39,49,1,90,0,21,254,5,280,1,60,303,6,370,222,0,222,592
05/06/2007,BED,MA,ANE,EN,Towers with Radar,0,47,92,1,140,0,11,205,3,219,0,58,297,4,359,396,0,396,755
05/07/2007,BED,MA,ANE,EN,Towers with Radar,0,83,96,1,180,0,23,134,1,158,0,106,230,2,338,163,0,163,501
05/08/2007,BED,MA,ANE,EN,Towers with Radar,0,73,116,1,190,0,22,192,0,214,0,95,308,1,404,178,0,178,582
05/09/2007,BED,MA,ANE,EN,Towers with Radar,0,87,143,0,230,0,22,139,1,162,0,109,282,1,392,124,0,124,516
05/10/2007,BED,MA,ANE,EN,Towers with Radar,0,94,129,2,225,0,21,160,0,181,0,115,289,2,406,193,0,193,599
05/11/2007,BED,MA,ANE,EN,Towers with Radar,0,81,108,3,192,0,16,56,0,72,0,97,164,3,264,54,0,54,318
05/12/2007,BED,MA,ANE,EN,Towers with Radar,0,45,85,3,133,0,18,263,14,295,0,63,348,17,428,266,2,268,696
05/13/2007,BED,MA,ANE,EN,Towers with Radar,0,51,88,0,139,0,8,208,4,220,0,59,296,4,359,208,0,208,567
05/14/2007,BED,MA,ANE,EN,Towers with Radar,0,68,78,2,148,0,18,197,0,215,0,86,275,2,363,315,0,315,678
05/15/2007,BED,MA,ANE,EN,Towers with Radar,0,63,116,2,181,0,35,116,0,151,0,98,232,2,332,115,0,115,447
05/16/2007,BED,MA,ANE,EN,Towers with Radar,2,71,92,5,170,0,9,50,0,59,2,80,142,5,229,131,0,131,360
05/17/2007,BED,MA,ANE,EN,Towers with Radar,4,87,139,4,234,0,11,22,0,33,4,98,161,4,267,65,0,65,332
05/18/2007,BED,MA,ANE,EN,Towers with Radar,1,69,147,1,218,0,0,0,0,0,1,69,147,1,218,0,0,0,218
05/19/2007,BED,MA,ANE,EN,Towers with Radar,2,30,85,2,119,0,0,0,0,0,2,30,85,2,119,0,0,0,119
05/20/2007,BED,MA,ANE,EN,Towers with Radar,3,39,135,6,183,0,5,21,1,27,3,44,156,7,210,50,0,50,260
05/21/2007,BED,MA,ANE,EN,Towers with Radar,2,64,112,1,179,0,21,135,0,156,2,85,247,1,335,132,0,132,467
05/22/2007,BED,MA,ANE,EN,Towers with Radar,4,77,93,2,176,0,15,253,3,271,4,92,346,5,447,236,0,236,683
05/23/2007,BED,MA,ANE,EN,Towers with Radar,3,64,85,2,154,0,18,216,4,238,3,82,301,6,392,242,0,242,634
05/24/2007,BED,MA,ANE,EN,Towers with Radar,0,85,106,0,191,0,34,230,3,267,0,119,336,3,458,198,0,198,656
05/25/2007,BED,MA,ANE,EN,Towers with Radar,0,67,120,0,187,0,21,203,6,230,0,88,323,6,417,103,0,103,520
05/26/2007,BED,MA,ANE,EN,Towers with Radar,0,30,51,4,85,0,18,209,3,230,0,48,260,7,315,247,0,247,562
05/27/2007,BED,MA,ANE,EN,Towers with Radar,0,19,39,0,58,0,9,179,1,189,0,28,218,1,247,164,0,164,411
05/28/2007,BED,MA,ANE,EN,Towers with Radar,0,54,105,0,159,0,8,166,1,175,0,62,271,1,334,160,0,160,494
05/29/2007,BED,MA,ANE,EN,Towers with Radar,0,69,102,0,171,0,21,173,2,196,0,90,275,2,367,247,0,247,614
05/30/2007,BED,MA,ANE,EN,Towers with Radar,1,79,160,1,241,0,35,224,4,263,1,114,384,5,504,253,0,253,757
05/31/2007,BED,MA,ANE,EN,Towers with Radar,0,73,142,5,220,0,14,56,18,88,0,87,198,23,308,199,0,199,507
06/01/2007,BED,MA,ANE,EN,Towers with Radar,0,58,107,8,173,0,18,114,0,132,0,76,221,8,305,130,0,130,435
06/02/2007,BED,MA,ANE,EN,Towers with Radar,0,37,55,1,93,0,12,107,1,120,0,49,162,2,213,278,0,278,491
06/03/2007,BED,MA,ANE,EN,Towers with Radar,1,59,106,10,176,0,0,0,0,0,1,59,106,10,176,24,0,24,200
06/04/2007,BED,MA,ANE,EN,Towers with Radar,0,75,107,0,182,0,0,0,0,0,0,75,107,0,182,0,0,0,182
06/05/2007,BED,MA,ANE,EN,Towers with Radar,2,59,130,6,197,0,12,71,3,86,2,71,201,9,283,148,2,150,433
06/06/2007,BED,MA,ANE,EN,Towers with Radar,2,74,116,3,195,0,23,187,3,213,2,97,303,6,408,197,0,197,605
06/07/2007,BED,MA,ANE,EN,Towers with Radar,2,92,113,4,211,0,25,220,4,249,2,117,333,8,460,163,0,163,623
06/08/2007,BED,MA,ANE,EN,Towers with Radar,0,75,100,5,180,0,31,179,1,211,0,106,279,6,391,207,1,208,599
06/09/2007,BED,MA,ANE,EN,Towers with Radar,0,35,80,1,116,0,0,0,0,0,0,35,80,1,116,0,0,0,116
06/10/2007,BED,MA,ANE,EN,Towers with Radar,3,43,103,5,154,0,18,215,1,234,3,61,318,6,388,330,0,330,718
06/11/2007,BED,MA,ANE,EN,Towers with Radar,0,49,126,0,175,0,21,143,0,164,0,70,269,0,339,191,0,191,530
06/12/2007,BED,MA,ANE,EN,Towers with Radar,2,66,116,2,186,0,22,142,0,164,2,88,258,2,350,295,0,295,645
06/13/2007,BED,MA,ANE,EN,Towers with Radar,0,75,183,1,259,0,6,21,0,27,0,81,204,1,286,95,0,95,381
06/14/2007,BED,MA,ANE,EN,Towers with Radar,3,64,178,4,249,0,25,116,0,141,3,89,294,4,390,220,0,220,610
06/15/2007,BED,MA,ANE,EN,Towers with Radar,0,68,134,12,214,0,18,221,5,244,0,86,355,17,458,163,0,163,621
06/16/2007,BED,MA,ANE,EN,Towers with Radar,0,37,67,3,107,0,9,265,1,275,0,46,332,4,382,286,0,286,668
06/17/2007,BED,MA,ANE,EN,Towers with Radar,0,62,116,3,181,0,15,195,0,210,0,77,311,3,391,230,0,230,621
06/18/2007,BED,MA,ANE,EN,Towers with Radar,0,73,106,1,180,0,19,165,0,184,0,92,271,1,364,223,0,223,587
06/19/2007,BED,MA,ANE,EN,Towers with Radar,0,63,112,3,178,0,35,193,5,233,0,98,305,8,411,271,0,271,682
06/20/2007,BED,MA,ANE,EN,Towers with Radar,1,67,151,2,221,0,10,105,0,115,1,77,256,2,336,122,0,122,458
06/21/2007,BED,MA,ANE,EN,Towers with Radar,0,74,107,2,183,0,21,147,6,174,0,95,254,8,357,117,0,117,474
06/22/2007,BED,MA,ANE,EN,Towers with Radar,1,67,86,2,156,0,25,117,2,144,1,92,203,4,300,40,0,40,340
06/23/2007,BED,MA,ANE,EN,Towers with Radar,0,27,72,3,102,0,18,194,2,214,0,45,266,5,316,194,0,194,510
06/24/2007,BED,MA,ANE,EN,Towers with Radar,1,57,80,5,143,0,27,248,5,280,1,84,328,10,423,222,6,228,651
06/25/2007,BED,MA,ANE,EN,Towers with Radar,1,57,112,0,170,0,19,181,1,201,1,76,293,1,371,303,0,303,674
06/26/2007,BED,MA,ANE,EN,Towers with Radar,0,68,117,0,185,0,22,157,7,186,0,90,274,7,371,257,0,257,628
06/27/2007,BED,MA,ANE,EN,Towers with Radar,2,57,105,3,167,0,15,137,10,162,2,72,242,13,329,221,0,221,550
06/28/2007,BED,MA,ANE,EN,Towers with Radar,2,78,89,4,173,0,18,137,2,157,2,96,226,6,330,261,0,261,591
06/29/2007,BED,MA,ANE,EN,Towers with Radar,0,76,120,13,209,0,27,244,0,271,0,103,364,13,480,217,2,219,699
06/30/2007,BED,MA,ANE,EN,Towers with Radar,0,27,49,1,77,0,13,229,9,251,0,40,278,10,328,293,0,293,621
07/01/2007,BED,MA,ANE,EN,Towers with Radar,0,36,72,8,116,0,7,217,0,224,0,43,289,8,340,372,0,372,712
07/02/2007,BED,MA,ANE,EN,Towers with Radar,2,63,77,2,144,0,25,183,0,208,2,88,260,2,352,239,0,239,591
07/03/2007,BED,MA,ANE,EN,Towers with Radar,0,53,76,2,131,0,15,234,4,253,0,68,310,6,384,234,0,234,618
07/04/2007,BED,MA,ANE,EN,Towers with Radar,0,17,30,2,49,0,14,90,1,105,0,31,120,3,154,166,0,166,320
07/05/2007,BED,MA,ANE,EN,Towers with Radar,0,55,72,3,130,0,15,42,0,57,0,70,114,3,187,77,0,77,264
07/06/2007,BED,MA,ANE,EN,Towers with Radar,0,56,64,6,126,0,11,143,2,156,0,67,207,8,282,183,0,183,465
07/07/2007,BED,MA,ANE,EN,Towers with Radar,0,27,59,2,88,0,17,262,0,279,0,44,321,2,367,277,0,277,644
07/08/2007,BED,MA,ANE,EN,Towers with Radar,0,46,133,4,183,0,12,176,0,188,0,58,309,4,371,212,0,212,583
07/09/2007,BED,MA,ANE,EN,Towers with Radar,0,61,120,1,182,0,2,27,0,29,0,63,147,1,211,70,0,70,281
07/10/2007,BED,MA,ANE,EN,Towers with Radar,1,60,149,3,213,0,10,69,0,79,1,70,218,3,292,137,0,137,429
07/11/2007,BED,MA,ANE,EN,Towers with Radar,1,84,115,5,205,0,10,45,0,55,1,94,160,5,260,161,0,161,421
07/12/2007,BED,MA,ANE,EN,Towers with Radar,0,69,129,2,200,0,26,201,0,227,0,95,330,2,427,267,0,267,694
07/13/2007,BED,MA,ANE,EN,Towers with Radar,0,69,77,1,147,0,20,200,0,220,0,89,277,1,367,192,0,192,559
07/14/2007,BED,MA,ANE,EN,Towers with Radar,0,28,51,0,79,0,16,269,1,286,0,44,320,1,365,307,0,307,672
07/15/2007,BED,MA,ANE,EN,Towers with Radar,2,45,77,0,124,0,21,135,1,157,2,66,212,1,281,134,0,134,415
07/16/2007,BED,MA,ANE,EN,Towers with Radar,3,74,90,0,167,0,21,229,0,250,3,95,319,0,417,254,0,254,671
07/17/2007,BED,MA,ANE,EN,Towers with Radar,0,73,100,0,173,0,21,200,0,221,0,94,300,0,394,399,0,399,793
07/18/2007,BED,MA,ANE,EN,Towers with Radar,1,69,117,0,187,0,47,44,0,91,1,116,161,0,278,90,0,90,368
07/19/2007,BED,MA,ANE,EN,Towers with Radar,0,75,121,0,196,0,6,10,0,16,0,81,131,0,212,142,0,142,354
07/20/2007,BED,MA,ANE,EN,Towers with Radar,0,62,100,1,163,0,18,121,0,139,0,80,221,1,302,169,0,169,471
07/21/2007,BED,MA,ANE,EN,Towers with Radar,0,33,60,0,93,0,9,213,1,223,0,42,273,1,316,245,0,245,561
07/22/2007,BED,MA,ANE,EN,Towers with Radar,0,41,67,1,109,0,10,254,1,265,0,51,321,2,374,286,0,286,660
07/23/2007,BED,MA,ANE,EN,Towers with Radar,0,68,154,0,222,0,5,15,0,20,0,73,169,0,242,61,0,61,303
07/24/2007,BED,MA,ANE,EN,Towers with Radar,0,72,125,1,198,0,21,184,1,206,0,93,309,2,404,265,0,265,669
07/25/2007,BED,MA,ANE,EN,Towers with Radar,0,59,96,1,156,0,27,217,1,245,0,86,313,2,401,258,8,266,667
07/26/2007,BED,MA,ANE,EN,Towers with Radar,0,58,112,0,170,0,28,187,3,218,0,86,299,3,388,200,0,200,588
07/27/2007,BED,MA,ANE,EN,Towers with Radar,1,61,109,4,175,0,30,178,0,208,1,91,287,4,383,253,0,253,636
07/28/2007,BED,MA,ANE,EN,Towers with Radar,0,30,74,1,105,0,10,30,0,40,0,40,104,1,145,114,0,114,259
07/29/2007,BED,MA,ANE,EN,Towers with Radar,0,32,106,0,138,0,21,102,0,123,0,53,208,0,261,312,0,312,573
07/30/2007,BED,MA,ANE,EN,Towers with Radar,0,72,162,2,236,0,14,64,0,78,0,86,226,2,314,131,0,131,445
07/31/2007,BED,MA,ANE,EN,Towers with Radar,0,98,128,3,229,0,18,184,3,205,0,116,312,6,434,264,0,264,698
08/01/2007,BED,MA,ANE,EN,Towers with Radar,0,62,90,2,154,0,19,223,4,246,0,81,313,6,400,240,0,240,640
08/02/2007,BED,MA,ANE,EN,Towers with Radar,1,61,102,0,164,0,17,203,5,225,1,78,305,5,389,287,0,287,676
08/03/2007,BED,MA,ANE,EN,Towers with Radar,0,55,121,1,177,0,17,145,0,162,0,72,266,1,339,232,0,232,571
08/04/2007,BED,MA,ANE,EN,Towers with Radar,0,28,66,1,95,0,19,189,1,209,0,47,255,2,304,315,0,315,619
08/05/2007,BED,MA,ANE,EN,Towers with Radar,0,42,72,5,119,0,23,307,2,332,0,65,379,7,451,291,0,291,742
08/06/2007,BED,MA,ANE,EN,Towers with Radar,0,64,113,1,178,0,8,36,0,44,0,72,149,1,222,86,0,86,308
08/07/2007,BED,MA,ANE,EN,Towers with Radar,0,78,156,1,235,0,23,164,2,189,0,101,320,3,424,283,0,283,707
08/08/2007,BED,MA,ANE,EN,Towers with Radar,0,77,126,5,208,0,16,75,1,92,0,93,201,6,300,114,0,114,414
08/09/2007,BED,MA,ANE,EN,Towers with Radar,0,83,109,3,195,0,28,213,4,245,0,111,322,7,440,241,0,241,681
08/10/2007,BED,MA,ANE,EN,Towers with Radar,0,73,90,2,165,0,40,87,4,131,0,113,177,6,296,225,0,225,521
08/11/2007,BED,MA,ANE,EN,Towers with Radar,2,29,44,0,75,0,22,242,0,264,2,51,286,0,339,290,0,290,629
08/12/2007,BED,MA,ANE,EN,Towers with Radar,0,23,86,1,110,0,37,281,5,323,0,60,367,6,433,286,0,286,719
08/13/2007,BED,MA,ANE,EN,Towers with Radar,0,68,90,0,158,0,10,150,0,160,0,78,240,0,318,217,0,217,535
08/14/2007,BED,MA,ANE,EN,Towers with Radar,0,63,103,1,167,0,29,237,2,268,0,92,340,3,435,302,0,302,737
08/15/2007,BED,MA,ANE,EN,Towers with Radar,0,56,108,1,165,0,20,164,0,184,0,76,272,1,349,190,0,190,539
08/16/2007,BED,MA,ANE,EN,Towers with Radar,0,87,117,0,204,0,16,156,5,177,0,103,273,5,381,216,0,216,597
08/17/2007,BED,MA,ANE,EN,Towers with Radar,2,83,96,2,183,0,17,133,3,153,2,100,229,5,336,252,0,252,588
08/18/2007,BED,MA,ANE,EN,Towers with Radar,0,36,41,5,82,0,17,119,2,138,0,53,160,7,220,103,0,103,323
08/19/2007,BED,MA,ANE,EN,Towers with Radar,2,46,88,3,139,0,17,303,15,335,2,63,391,18,474,267,0,267,741
08/20/2007,BED,MA,ANE,EN,Towers with Radar,0,57,95,3,155,0,44,149,4,197,0,101,244,7,352,214,0,214,566
08/21/2007,BED,MA,ANE,EN,Towers with Radar,0,71,79,2,152,0,21,163,2,186,0,92,242,4,338,275,0,275,613
08/22/2007,BED,MA,ANE,EN,Towers with Radar,1,52,104,10,167,0,18,153,2,173,1,70,257,12,340,201,0,201,541
08/23/2007,BED,MA,ANE,EN,Towers with Radar,0,58,108,2,168,0,20,103,0,123,0,78,211,2,291,249,0,249,540
08/24/2007,BED,MA,ANE,EN,Towers with Radar,1,59,99,2,161,0,21,98,2,121,1,80,197,4,282,84,0,84,366
08/25/2007,BED,MA,ANE,EN,Towers with Radar,0,30,75,0,105,0,17,111,0,128,0,47,186,0,233,256,0,256,489
08/26/2007,BED,MA,ANE,EN,Towers with Radar,0,28,87,5,120,0,19,130,1,150,0,47,217,6,270,260,0,260,530
08/27/2007,BED,MA,ANE,EN,Towers with Radar,0,59,85,3,147,0,30,214,2,246,0,89,299,5,393,248,0,248,641
08/28/2007,BED,MA,ANE,EN,Towers with Radar,0,60,118,0,178,0,34,199,0,233,0,94,317,0,411,243,0,243,654
08/29/2007,BED,MA,ANE,EN,Towers with Radar,0,57,92,1,150,0,38,231,3,272,0,95,323,4,422,211,0,211,633
08/30/2007,BED,MA,ANE,EN,Towers with Radar,0,64,97,5,166,0,24,157,6,187,0,88,254,11,353,179,0,179,532
08/31/2007,BED,MA,ANE,EN,Towers with Radar,6,58,120,10,194,0,33,125,1,159,6,91,245,11,353,286,0,286,639
09/01/2007,BED,MA,ANE,EN,Towers with Radar,3,38,59,0,100,0,17,235,5,257,3,55,294,5,357,274,11,285,642
09/02/2007,BED,MA,ANE,EN,Towers with Radar,0,25,29,3,57,0,18,216,2,236,0,43,245,5,293,326,0,326,619
09/03/2007,BED,MA,ANE,EN,Towers with Radar,0,43,73,7,123,0,17,246,4,267,0,60,319,11,390,156,0,156,546
09/04/2007,BED,MA,ANE,EN,Towers with Radar,2,67,102,4,175,0,26,207,12,245,2,93,309,16,420,196,0,196,616
09/05/2007,BED,MA,ANE,EN,Towers with Radar,0,74,104,0,178,0,27,220,11,258,0,101,324,11,436,256,0,256,692
09/06/2007,BED,MA,ANE,EN,Towers with Radar,0,84,121,1,206,0,39,147,1,187,0,123,268,2,393,179,0,179,572
09/07/2007,BED,MA,ANE,EN,Towers with Radar,2,79,102,7,190,0,36,175,7,218,2,115,277,14,408,225,4,229,637
09/08/2007,BED,MA,ANE,EN,Towers with Radar,0,37,74,0,111,0,19,177,15,211,0,56,251,15,322,177,0,177,499
09/09/2007,BED,MA,ANE,EN,Towers with Radar,0,42,123,4,169,0,2,9,0,11,0,44,132,4,180,12,0,12,192
09/10/2007,BED,MA,ANE,EN,Towers with Radar,3,59,129,1,192,0,0,0,0,0,3,59,129,1,192,0,0,0,192
09/11/2007,BED,MA,ANE,EN,Towers with Radar,0,77,137,0,214,0,0,6,0,6,0,77,143,0,220,0,0,0,220
09/12/2007,BED,MA,ANE,EN,Towers with Radar,3,70,115,4,192,0,21,146,1,168,3,91,261,5,360,85,0,85,445
09/13/2007,BED,MA,ANE,EN,Towers with Radar,0,58,90,2,150,0,25,183,11,219,0,83,273,13,369,180,6,186,555
09/14/2007,BED,MA,ANE,EN,Towers with Radar,3,57,106,9,175,0,30,205,5,240,3,87,311,14,415,134,0,134,549
09/15/2007,BED,MA,ANE,EN,Towers with Radar,3,28,67,2,100,0,6,33,0,39,3,34,100,2,139,24,0,24,163
09/16/2007,BED,MA,ANE,EN,Towers with Radar,1,56,73,7,137,0,23,279,3,305,1,79,352,10,442,280,0,280,722
09/17/2007,BED,MA,ANE,EN,Towers with Radar,0,55,95,5,155,0,22,167,1,190,0,77,262,6,345,266,0,266,611
09/18/2007,BED,MA,ANE,EN,Towers with Radar,0,81,111,1,193,0,28,188,2,218,0,109,299,3,411,215,0,215,626
09/19/2007,BED,MA,ANE,EN,Towers with Radar,4,67,106,0,177,0,20,180,8,208,4,87,286,8,385,239,0,239,624
09/20/2007,BED,MA,ANE,EN,Towers with Radar,0,70,114,2,186,0,26,152,2,180,0,96,266,4,366,195,0,195,561
09/21/2007,BED,MA,ANE,EN,Towers with Radar,1,58,111,2,172,0,20,176,1,197,1,78,287,3,369,187,0,187,556
09/22/2007,BED,MA,ANE,EN,Towers with Radar,0,15,104,0,119,0,12,138,3,153,0,27,242,3,272,312,0,312,584
09/23/2007,BED,MA,ANE,EN,Towers with Radar,4,39,77,0,120,0,21,221,1,243,4,60,298,1,363,201,0,201,564
09/24/2007,BED,MA,ANE,EN,Towers with Radar,1,61,95,2,159,1,12,183,1,197,2,73,278,3,356,200,0,200,556
09/25/2007,BED,MA,ANE,EN,Towers with Radar,1,68,102,3,174,0,16,193,8,217,1,84,295,11,391,245,3,248,639
09/26/2007,BED,MA,ANE,EN,Towers with Radar,6,59,118,3,186,0,20,161,0,181,6,79,279,3,367,182,0,182,549
09/27/2007,BED,MA,ANE,EN,Towers with Radar,0,71,138,0,209,0,20,76,0,96,0,91,214,0,305,153,0,153,458
09/28/2007,BED,MA,ANE,EN,Towers with Radar,1,72,148,3,224,0,15,112,4,131,1,87,260,7,355,155,0,155,510
09/29/2007,BED,MA,ANE,EN,Towers with Radar,0,37,73,0,110,0,27,198,0,225,0,64,271,0,335,202,0,202,537
09/30/2007,BED,MA,ANE,EN,Towers with Radar,1,34,88,4,127,0,15,289,0,304,1,49,377,4,431,217,0,217,648
10/01/2007,BED,MA,ANE,EN,Towers with Radar,5,57,96,2,160,0,21,155,0,176,5,78,251,2,336,204,0,204,540
10/02/2007,BED,MA,ANE,EN,Towers with Radar,0,70,118,4,192,0,19,159,0,178,0,89,277,4,370,320,0,320,690
10/03/2007,BED,MA,ANE,EN,Towers with Radar,0,60,142,4,206,0,13,47,1,61,0,73,189,5,267,135,0,135,402
10/04/2007,BED,MA,ANE,EN,Towers with Radar,1,68,134,0,203,0,17,108,1,126,1,85,242,1,329,208,0,208,537
10/05/2007,BED,MA,ANE,EN,Towers with Radar,2,68,147,0,217,0,32,210,3,245,2,100,357,3,462,244,0,244,706
10/06/2007,BED,MA,ANE,EN,Towers with Radar,3,26,99,2,130,0,17,224,0,241,3,43,323,2,371,273,0,273,644
10/07/2007,BED,MA,ANE,EN,Towers with Radar,0,41,146,4,191,0,16,70,0,86,0,57,216,4,277,134,0,134,411
10/08/2007,BED,MA,ANE,EN,Towers with Radar,0,76,141,1,218,0,0,0,0,0,0,76,141,1,218,0,0,0,218
10/09/2007,BED,MA,ANE,EN,Towers with Radar,0,64,134,3,201,0,24,153,5,182,0,88,287,8,383,318,0,318,701
10/10/2007,BED,MA,ANE,EN,Towers with Radar,0,49,150,2,201,0,8,15,0,23,0,57,165,2,224,0,0,0,224
10/11/2007,BED,MA,ANE,EN,Towers with Radar,0,62,142,0,204,0,0,0,0,0,0,62,142,0,204,0,0,0,204
10/12/2007,BED,MA,ANE,EN,Towers with Radar,4,71,137,6,218,0,10,24,2,36,4,81,161,8,254,0,0,0,254
10/13/2007,BED,MA,ANE,EN,Towers with Radar,1,30,102,0,133,0,26,273,16,315,1,56,375,16,448,308,0,308,756
10/14/2007,BED,MA,ANE,EN,Towers with Radar,1,60,84,0,145,0,19,240,3,262,1,79,324,3,407,237,0,237,644
10/15/2007,BED,MA,ANE,EN,Towers with Radar,0,70,111,1,182,0,13,142,3,158,0,83,253,4,340,206,0,206,546
10/16/2007,BED,MA,ANE,EN,Towers with Radar,1,44,123,0,168,0,19,170,1,190,1,63,293,1,358,286,0,286,644
10/17/2007,BED,MA,ANE,EN,Towers with Radar,3,73,118,0,194,0,32,183,4,219,3,105,301,4,413,309,0,309,722
10/18/2007,BED,MA,ANE,EN,Towers with Radar,1,62,153,0,216,0,15,51,0,66,1,77,204,0,282,132,0,132,414
10/19/2007,BED,MA,ANE,EN,Towers with Radar,5,75,147,1,228,0,0,0,0,0,5,75,147,1,228,0,0,0,228
10/20/2007,BED,MA,ANE,EN,Towers with Radar,0,34,110,3,147,0,12,144,4,160,0,46,254,7,307,278,0,278,585
10/21/2007,BED,MA,ANE,EN,Towers with Radar,0,41,111,1,153,0,10,265,5,280,0,51,376,6,433,268,0,268,701
10/22/2007,BED,MA,ANE,EN,Towers with Radar,0,63,118,0,181,0,21,226,3,250,0,84,344,3,431,183,0,183,614
10/23/2007,BED,MA,ANE,EN,Towers with Radar,2,62,103,0,167,0,18,41,0,59,2,80,144,0,226,105,0,105,331
10/24/2007,BED,MA,ANE,EN,Towers with Radar,3,81,173,0,257,0,17,31,4,52,3,98,204,4,309,139,0,139,448
10/25/2007,BED,MA,ANE,EN,Towers with Radar,0,79,126,2,207,0,26,136,0,162,0,105,262,2,369,201,0,201,570
10/26/2007,BED,MA,ANE,EN,Towers with Radar,0,69,155,0,224,0,29,176,0,205,0,98,331,0,429,236,0,236,665
10/27/2007,BED,MA,ANE,EN,Towers with Radar,3,31,78,0,112,0,2,1,0,3,3,33,79,0,115,20,0,20,135
10/28/2007,BED,MA,ANE,EN,Towers with Radar,0,45,79,0,124,0,18,184,2,204,0,63,263,2,328,123,6,129,457
10/29/2007,BED,MA,ANE,EN,Towers with Radar,1,37,122,2,162,0,17,182,3,202,1,54,304,5,364,178,0,178,542
10/30/2007,BED,MA,ANE,EN,Towers with Radar,0,56,108,0,164,0,21,182,0,203,0,77,290,0,367,291,0,291,658
10/31/2007,BED,MA,ANE,EN,Towers with Radar,4,54,131,1,190,0,25,167,0,192,4,79,298,1,382,244,0,244,626
11/01/2007,BED,MA,ANE,EN,Towers with Radar,2,77,161,3,243,0,24,66,3,93,2,101,227,6,336,122,0,122,458
11/02/2007,BED,MA,ANE,EN,Towers with Radar,1,76,150,0,227,0,14,190,7,211,1,90,340,7,438,262,0,262,700
11/03/2007,BED,MA,ANE,EN,Towers with Radar,1,20,26,2,49,0,0,0,0,0,1,20,26,2,49,14,0,14,63
11/04/2007,BED,MA,ANE,EN,Towers with Radar,1,37,105,0,143,0,13,270,4,287,1,50,375,4,430,264,0,264,694
11/05/2007,BED,MA,ANE,EN,Towers with Radar,0,64,101,1,166,0,19,137,0,156,0,83,238,1,322,127,0,127,449
11/06/2007,BED,MA,ANE,EN,Towers with Radar,3,68,102,5,178,0,20,19,1,40,3,88,121,6,218,49,0,49,267
11/07/2007,BED,MA,ANE,EN,Towers with Radar,1,72,140,4,217,0,36,137,7,180,1,108,277,11,397,184,0,184,581
11/08/2007,BED,MA,ANE,EN,Towers with Radar,1,83,132,2,218,0,26,145,1,172,1,109,277,3,390,154,0,154,544
11/09/2007,BED,MA,ANE,EN,Towers with Radar,2,89,119,10,220,0,32,135,2,169,2,121,254,12,389,206,0,206,595
11/10/2007,BED,MA,ANE,EN,Towers with Radar,0,40,34,0,74,0,18,161,0,179,0,58,195,0,253,214,0,214,467
11/11/2007,BED,MA,ANE,EN,Towers with Radar,1,42,70,0,113,0,20,235,5,260,1,62,305,5,373,220,0,220,593
11/12/2007,BED,MA,ANE,EN,Towers with Radar,1,61,108,2,172,0,17,117,0,134,1,78,225,2,306,284,0,284,590
11/13/2007,BED,MA,ANE,EN,Towers with Radar,0,62,147,0,209,0,17,63,0,80,0,79,210,0,289,120,0,120,409
11/14/2007,BED,MA,ANE,EN,Towers with Radar,3,51,155,0,209,0,31,120,0,151,3,82,275,0,360,192,0,192,552
11/15/2007,BED,MA,ANE,EN,Towers with Radar,3,71,148,1,223,0,7,7,0,14,3,78,155,1,237,28,0,28,265
11/16/2007,BED,MA,ANE,EN,Towers with Radar,5,62,134,4,205,0,14,62,0,76,5,76,196,4,281,10,0,10,291
11/17/2007,BED,MA,ANE,EN,Towers with Radar,7,39,93,3,142,0,14,170,13,197,7,53,263,16,339,200,0,200,539
11/18/2007,BED,MA,ANE,EN,Towers with Radar,0,26,71,7,104,0,18,195,5,218,0,44,266,12,322,263,0,263,585
11/19/2007,BED,MA,ANE,EN,Towers with Radar,2,45,96,0,143,0,17,96,0,113,2,62,192,0,256,148,0,148,404
11/20/2007,BED,MA,ANE,EN,Towers with Radar,0,84,135,1,220,0,4,9,0,13,0,88,144,1,233,14,0,14,247
11/21/2007,BED,MA,ANE,EN,Towers with Radar,0,85,211,2,298,0,0,0,0,0,0,85,211,2,298,0,0,0,298
11/22/2007,BED,MA,ANE,EN,Towers with Radar,2,29,33,0,64,0,0,0,0,0,2,29,33,0,64,0,0,0,64
11/23/2007,BED,MA,ANE,EN,Towers with Radar,7,26,46,2,81,0,16,137,5,158,7,42,183,7,239,114,0,114,353
11/24/2007,BED,MA,ANE,EN,Towers with Radar,2,50,73,3,128,0,17,235,3,255,2,67,308,6,383,262,0,262,645
11/25/2007,BED,MA,ANE,EN,Towers with Radar,2,56,160,0,218,0,15,240,3,258,2,71,400,3,476,157,0,157,633
11/26/2007,BED,MA,ANE,EN,Towers with Radar,2,56,87,2,147,0,0,0,0,0,2,56,87,2,147,0,0,0,147
11/27/2007,BED,MA,ANE,EN,Towers with Radar,0,47,79,2,128,0,27,87,0,114,0,74,166,2,242,93,0,93,335
11/28/2007,BED,MA,ANE,EN,Towers with Radar,1,48,120,2,171,0,18,141,2,161,1,66,261,4,332,269,0,269,601
11/29/2007,BED,MA,ANE,EN,Towers with Radar,3,52,122,0,177,0,25,85,0,110,3,77,207,0,287,128,0,128,415
11/30/2007,BED,MA,ANE,EN,Towers with Radar,1,67,120,5,193,0,34,195,5,234,1,101,315,10,427,172,0,172,599
12/01/2007,BED,MA,ANE,EN,Towers with Radar,5,31,45,0,81,0,14,48,17,79,5,45,93,17,160,26,0,26,186
12/02/2007,BED,MA,ANE,EN,Towers with Radar,2,39,66,6,113,0,12,130,10,152,2,51,196,16,265,281,0,281,546
12/03/2007,BED,MA,ANE,EN,Towers with Radar,2,42,56,0,100,0,0,0,0,0,2,42,56,0,100,0,0,0,100
12/04/2007,BED,MA,ANE,EN,Towers with Radar,4,45,90,1,140,0,10,21,0,31,4,55,111,1,171,2,0,2,173
12/05/2007,BED,MA,ANE,EN,Towers with Radar,0,62,175,2,239,0,41,116,0,157,0,103,291,2,396,0,208,208,604
12/06/2007,BED,MA,ANE,EN,Towers with Radar,2,64,130,0,196,0,26,139,1,166,2,90,269,1,362,251,0,251,613
12/07/2007,BED,MA,ANE,EN,Towers with Radar,1,62,101,0,164,0,10,53,1,64,1,72,154,1,228,152,0,152,380
12/08/2007,BED,MA,ANE,EN,Towers with Radar,0,30,59,0,89,0,25,219,5,249,0,55,278,5,338,257,0,257,595
12/09/2007,BED,MA,ANE,EN,Towers with Radar,2,50,85,0,137,0,9,116,3,128,2,59,201,3,265,290,0,290,555
12/10/2007,BED,MA,ANE,EN,Towers with Radar,1,20,65,0,86,0,0,1,0,1,1,20,66,0,87,0,0,0,87
12/11/2007,BED,MA,ANE,EN,Towers with Radar,2,54,116,0,172,0,17,59,0,76,2,71,175,0,248,82,0,82,330
12/12/2007,BED,MA,ANE,EN,Towers with Radar,1,58,132,3,194,0,24,79,6,109,1,82,211,9,303,89,0,89,392
12/13/2007,BED,MA,ANE,EN,Towers with Radar,2,26,86,0,114,0,13,27,0,40,2,39,113,0,154,60,0,60,214
12/14/2007,BED,MA,ANE,EN,Towers with Radar,1,40,110,0,151,0,16,28,0,44,1,56,138,0,195,96,0,96,291
12/15/2007,BED,MA,ANE,EN,Towers with Radar,1,30,54,0,85,0,13,195,1,209,1,43,249,1,294,309,0,309,603
12/16/2007,BED,MA,ANE,EN,Towers with Radar,0,7,18,0,25,0,0,0,0,0,0,7,18,0,25,0,0,0,25
12/17/2007,BED,MA,ANE,EN,Towers with Radar,2,65,88,0,155,0,15,11,0,26,2,80,99,0,181,0,0,0,181
12/18/2007,BED,MA,ANE,EN,Towers with Radar,0,59,102,0,161,0,20,81,0,101,0,79,183,0,262,128,0,128,390
12/19/2007,BED,MA,ANE,EN,Towers with Radar,0,58,108,0,166,0,22,65,0,87,0,80,173,0,253,145,0,145,398
12/20/2007,BED,MA,ANE,EN,Towers with Radar,1,61,83,4,149,0,0,0,0,0,1,61,83,4,149,0,0,0,149
12/21/2007,BED,MA,ANE,EN,Towers with Radar,3,52,115,1,171,0,1,13,0,14,3,53,128,1,185,45,0,45,230
12/22/2007,BED,MA,ANE,EN,Towers with Radar,1,51,89,0,141,0,18,136,0,154,1,69,225,0,295,181,0,181,476
12/23/2007,BED,MA,ANE,EN,Towers with Radar,5,27,4,0,36,0,4,49,0,53,5,31,53,0,89,39,0,39,128
12/24/2007,BED,MA,ANE,EN,Towers with Radar,0,25,28,1,54,0,9,47,1,57,0,34,75,2,111,68,0,68,179
12/25/2007,BED,MA,ANE,EN,Towers with Radar,3,22,22,0,47,0,3,16,0,19,3,25,38,0,66,0,0,0,66
12/26/2007,BED,MA,ANE,EN,Towers with Radar,3,63,108,1,175,0,16,190,7,213,3,79,298,8,388,304,0,304,692
12/27/2007,BED,MA,ANE,EN,Towers with Radar,1,43,45,2,91,0,0,0,0,0,1,43,45,2,91,0,0,0,91
12/28/2007,BED,MA,ANE,EN,Towers with Radar,1,35,66,2,104,0,14,156,2,172,1,49,222,4,276,303,0,303,579
12/29/2007,BED,MA,ANE,EN,Towers with Radar,6,25,29,0,60,0,0,0,0,0,6,25,29,0,60,0,0,0,60
12/30/2007,BED,MA,ANE,EN,Towers with Radar,1,23,32,0,56,0,12,172,5,189,1,35,204,5,245,240,0,240,485
12/31/2007,BED,MA,ANE,EN,Towers with Radar,5,24,35,0,64,0,10,15,0,25,5,34,50,0,89,18,0,18,107
01/01/2008,BED,MA,ANE,EN,Towers with Radar,1,44,37,0,82,0,2,8,0,10,1,46,45,0,92,14,0,14,106
01/02/2008,BED,MA,ANE,EN,Towers with Radar,2,49,90,0,141,0,19,28,0,47,2,68,118,0,188,41,0,41,229
01/03/2008,BED,MA,ANE,EN,Towers with Radar,1,41,64,0,106,0,25,50,0,75,1,66,114,0,181,18,0,18,199
01/04/2008,BED,MA,ANE,EN,Towers with Radar,7,25,61,0,93,0,34,138,3,175,7,59,199,3,268,212,0,212,480
01/05/2008,BED,MA,ANE,EN,Towers with Radar,4,27,59,0,90,0,18,218,0,236,4,45,277,0,326,340,0,340,666
01/06/2008,BED,MA,ANE,EN,Towers with Radar,1,27,84,1,113,0,17,163,2,182,1,44,247,3,295,279,0,279,574
01/07/2008,BED,MA,ANE,EN,Towers with Radar,0,43,100,0,143,0,19,72,0,91,0,62,172,0,234,243,0,243,477
01/08/2008,BED,MA,ANE,EN,Towers with Radar,0,30,85,2,117,0,20,159,1,180,0,50,244,3,297,231,0,231,528
01/09/2008,BED,MA,ANE,EN,Towers with Radar,3,45,73,1,122,0,12,43,1,56,3,57,116,2,178,24,0,24,202
01/10/2008,BED,MA,ANE,EN,Towers with Radar,3,56,104,0,163,0,36,196,0,232,3,92,300,0,395,215,0,215,610
01/11/2008,BED,MA,ANE,EN,Towers with Radar,4,50,87,3,144,0,0,0,0,0,4,50,87,3,144,0,0,0,144
01/12/2008,BED,MA,ANE,EN,Towers with Radar,1,29,58,0,88,0,20,237,0,257,1,49,295,0,345,280,0,280,625
01/13/2008,BED,MA,ANE,EN,Towers with Radar,0,39,78,0,117,0,16,122,1,139,0,55,200,1,256,330,1,331,587
01/14/2008,BED,MA,ANE,EN,Towers with Radar,0,17,37,0,54,0,0,0,0,0,0,17,37,0,54,0,0,0,54
01/15/2008,BED,MA,ANE,EN,Towers with Radar,0,55,100,0,155,0,12,46,0,58,0,67,146,0,213,10,0,10,223
01/16/2008,BED,MA,ANE,EN,Towers with Radar,0,67,120,0,187,0,26,137,0,163,0,93,257,0,350,229,0,229,579
01/17/2008,BED,MA,ANE,EN,Towers with Radar,0,59,131,0,190,0,29,116,0,145,0,88,247,0,335,216,0,216,551
01/18/2008,BED,MA,ANE,EN,Towers with Radar,0,73,110,5,188,0,21,38,0,59,0,94,148,5,247,75,0,75,322
01/19/2008,BED,MA,ANE,EN,Towers with Radar,0,36,54,0,90,0,19,209,4,232,0,55,263,4,322,331,0,331,653
01/20/2008,BED,MA,ANE,EN,Towers with Radar,2,42,58,0,102,0,13,81,4,98,2,55,139,4,200,130,0,130,330
01/21/2008,BED,MA,ANE,EN,Towers with Radar,2,36,102,1,141,0,13,122,1,136,2,49,224,2,277,60,0,60,337
01/22/2008,BED,MA,ANE,EN,Towers with Radar,0,42,70,0,112,0,14,76,0,90,0,56,146,0,202,56,0,56,258
01/23/2008,BED,MA,ANE,EN,Towers with Radar,4,66,102,3,175,0,21,126,1,148,4,87,228,4,323,214,0,214,537
01/24/2008,BED,MA,ANE,EN,Towers with Radar,1,2,4,0,7,0,91,220,0,311,1,93,224,0,318,195,0,195,513
01/25/2008,BED,MA,ANE,EN,Towers with Radar,0,38,95,3,136,0,25,147,3,175,0,63,242,6,311,250,0,250,561
01/26/2008,BED,MA,ANE,EN,Towers with Radar,3,35,45,3,86,0,10,200,9,219,3,45,245,12,305,401,13,414,719
01/27/2008,BED,MA,ANE,EN,Towers with Radar,0,42,60,0,102,0,0,2,0,2,0,42,62,0,104,18,0,18,122
01/28/2008,BED,MA,ANE,EN,Towers with Radar,1,56,74,2,133,0,10,84,0,94,1,66,158,2,227,76,0,76,303
01/29/2008,BED,MA,ANE,EN,Towers with Radar,1,54,86,2,143,0,28,114,0,142,1,82,200,2,285,212,0,212,497
01/30/2008,BED,MA,ANE,EN,Towers with Radar,2,44,85,0,131,0,8,28,2,38,2,52,113,2,169,8,0,8,177
01/31/2008,BED,MA,ANE,EN,Towers with Radar,2,58,132,1,193,1,19,226,2,248,3,77,358,3,441,278,0,278,719
02/01/2008,BED,MA,ANE,EN,Towers with Radar,2,41,99,0,142,0,4,19,0,23,2,45,118,0,165,86,0,86,251
02/02/2008,BED,MA,ANE,EN,Towers with Radar,0,40,53,1,94,0,10,87,1,98,0,50,140,2,192,181,0,181,373
02/03/2008,BED,MA,ANE,EN,Towers with Radar,0,21,65,2,88,0,10,228,3,241,0,31,293,5,329,313,0,313,642
02/04/2008,BED,MA,ANE,EN,Towers with Radar,8,43,95,3,149,0,20,91,2,113,8,63,186,5,262,169,0,169,431
02/05/2008,BED,MA,ANE,EN,Towers with Radar,2,40,86,0,128,0,0,0,0,0,2,40,86,0,128,0,0,0,128
02/06/2008,BED,MA,ANE,EN,Towers with Radar,2,43,102,1,148,0,0,0,0,0,2,43,102,1,148,0,0,0,148
02/07/2008,BED,MA,ANE,EN,Towers with Radar,2,55,102,5,164,0,0,0,0,0,2,55,102,5,164,4,0,4,168
02/08/2008,BED,MA,ANE,EN,Towers with Radar,0,66,110,4,180,0,0,0,0,0,0,66,110,4,180,3,0,3,183
02/09/2008,BED,MA,ANE,EN,Towers with Radar,1,25,38,0,64,0,4,101,0,105,1,29,139,0,169,204,0,204,373
02/10/2008,BED,MA,ANE,EN,Towers with Radar,1,16,46,0,63,0,0,5,0,5,1,16,51,0,68,2,0,2,70
02/11/2008,BED,MA,ANE,EN,Towers with Radar,2,45,73,2,122,0,9,14,0,23,2,54,87,2,145,6,0,6,151
02/12/2008,BED,MA,ANE,EN,Towers with Radar,0,41,110,1,152,0,13,85,0,98,0,54,195,1,250,206,0,206,456
02/13/2008,BED,MA,ANE,EN,Towers with Radar,2,54,63,4,123,0,0,0,0,0,2,54,63,4,123,0,0,0,123
02/14/2008,BED,MA,ANE,EN,Towers with Radar,5,74,102,2,183,0,17,109,2,128,5,91,211,4,311,102,0,102,413
02/15/2008,BED,MA,ANE,EN,Towers with Radar,3,86,114,2,205,0,27,151,0,178,3,113,265,2,383,222,0,222,605
02/16/2008,BED,MA,ANE,EN,Towers with Radar,0,42,72,2,116,0,15,202,0,217,0,57,274,2,333,406,0,406,739
02/17/2008,BED,MA,ANE,EN,Towers with Radar,2,27,51,1,81,0,20,159,1,180,2,47,210,2,261,240,0,240,501
02/18/2008,BED,MA,ANE,EN,Towers with Radar,3,42,76,0,121,0,2,2,0,4,3,44,78,0,125,0,0,0,125
02/19/2008,BED,MA,ANE,EN,Towers with Radar,0,45,78,2,125,0,15,101,0,116,0,60,179,2,241,194,0,194,435
02/20/2008,BED,MA,ANE,EN,Towers with Radar,0,49,82,2,133,0,29,107,0,136,0,78,189,2,269,192,0,192,461
02/21/2008,BED,MA,ANE,EN,Towers with Radar,1,69,1,1,72,0,0,253,3,256,1,69,254,4,328,165,2,167,495
02/22/2008,BED,MA,ANE,EN,Towers with Radar,1,19,46,0,66,0,0,0,0,0,1,19,46,0,66,0,0,0,66
02/23/2008,BED,MA,ANE,EN,Towers with Radar,1,52,54,0,107,0,13,77,0,90,1,65,131,0,197,145,0,145,342
02/24/2008,BED,MA,ANE,EN,Towers with Radar,0,54,104,5,163,0,20,233,5,258,0,74,337,10,421,366,0,366,787
02/25/2008,BED,MA,ANE,EN,Towers with Radar,9,56,122,8,195,0,32,89,1,122,9,88,211,9,317,133,4,137,454
02/26/2008,BED,MA,ANE,EN,Towers with Radar,2,55,100,1,158,0,10,66,1,77,2,65,166,2,235,147,0,147,382
02/27/2008,BED,MA,ANE,EN,Towers with Radar,2,44,105,2,153,0,7,17,0,24,2,51,122,2,177,65,0,65,242
02/28/2008,BED,MA,ANE,EN,Towers with Radar,5,55,150,2,212,0,25,83,1,109,5,80,233,3,321,181,0,181,502
02/29/2008,BED,MA,ANE,EN,Towers with Radar,4,56,96,1,157,0,17,145,2,164,4,73,241,3,321,177,0,177,498
03/01/2008,BED,MA,ANE,EN,Towers with Radar,2,45,40,0,87,0,1,6,0,7,2,46,46,0,94,0,0,0,94
03/02/2008,BED,MA,ANE,EN,Towers with Radar,3,47,76,2,128,0,22,102,5,129,3,69,178,7,257,116,6,122,379
03/03/2008,BED,MA,ANE,EN,Towers with Radar,0,36,105,2,143,0,19,100,8,127,0,55,205,10,270,224,0,224,494
03/04/2008,BED,MA,ANE,EN,Towers with Radar,2,47,92,0,141,0,0,18,0,18,2,47,110,0,159,46,0,46,205
03/05/2008,BED,MA,ANE,EN,Towers with Radar,0,45,81,2,128,0,0,5,0,5,0,45,86,2,133,11,0,11,144
03/06/2008,BED,MA,ANE,EN,Towers with Radar,1,47,91,3,142,0,32,207,5,244,1,79,298,8,386,273,6,279,665
03/07/2008,BED,MA,ANE,EN,Towers with Radar,4,71,103,3,181,0,17,107,1,125,4,88,210,4,306,103,0,103,409
03/08/2008,BED,MA,ANE,EN,Towers with Radar,4,30,41,0,75,0,0,0,0,0,4,30,41,0,75,0,0,0,75
03/09/2008,BED,MA,ANE,EN,Towers with Radar,2,37,57,1,97,0,7,41,5,53,2,44,98,6,150,50,0,50,200
03/10/2008,BED,MA,ANE,EN,Towers with Radar,3,30,95,1,129,0,17,102,2,121,3,47,197,3,250,185,0,185,435
03/11/2008,BED,MA,ANE,EN,Towers with Radar,1,40,85,3,129,0,22,171,1,194,1,62,256,4,323,280,0,280,603
03/12/2008,BED,MA,ANE,EN,Towers with Radar,3,41,103,0,147,0,9,19,0,28,3,50,122,0,175,30,0,30,205
03/13/2008,BED,MA,ANE,EN,Towers with Radar,2,60,132,2,196,0,22,156,2,180,2,82,288,4,376,378,0,378,754
03/14/2008,BED,MA,ANE,EN,Towers with Radar,2,68,84,5,159,1,22,148,1,172,3,90,232,6,331,271,0,271,602
03/15/2008,BED,MA,ANE,EN,Towers with Radar,3,40,47,5,95,0,4,19,0,23,3,44,66,5,118,34,0,34,152
03/16/2008,BED,MA,ANE,EN,Towers with Radar,1,54,58,2,115,0,9,64,0,73,1,63,122,2,188,182,0,182,370
03/17/2008,BED,MA,ANE,EN,Towers with Radar,2,34,87,2,125,0,15,146,0,161,2,49,233,2,286,156,0,156,442
03/18/2008,BED,MA,ANE,EN,Towers with Radar,5,45,103,12,165,40,29,202,0,271,45,74,305,12,436,272,36,308,744
03/19/2008,BED,MA,ANE,EN,Towers with Radar,2,54,71,3,130,0,0,0,0,0,2,54,71,3,130,0,0,0,130
03/20/2008,BED,MA,ANE,EN,Towers with Radar,1,66,98,2,167,0,11,22,0,33,1,77,120,2,200,8,0,8,208
03/21/2008,BED,MA,ANE,EN,Towers with Radar,3,31,58,2,94,0,7,26,0,33,3,38,84,2,127,32,0,32,159
03/22/2008,BED,MA,ANE,EN,Towers with Radar,0,41,63,0,104,0,20,255,12,287,0,61,318,12,391,288,0,288,679
03/23/2008,BED,MA,ANE,EN,Towers with Radar,3,37,72,0,112,0,21,171,0,192,3,58,243,0,304,259,0,259,563
03/24/2008,BED,MA,ANE,EN,Towers with Radar,2,50,121,2,175,0,24,132,4,160,2,74,253,6,335,164,0,164,499
03/25/2008,BED,MA,ANE,EN,Towers with Radar,3,50,132,2,187,0,23,200,4,227,3,73,332,6,414,268,2,270,684
03/26/2008,BED,MA,ANE,EN,Towers with Radar,0,59,92,1,152,0,34,92,0,126,0,93,184,1,278,154,0,154,432
03/27/2008,BED,MA,ANE,EN,Towers with Radar,0,50,125,0,175,0,17,125,2,144,0,67,250,2,319,172,0,172,491
03/28/2008,BED,MA,ANE,EN,Towers with Radar,4,48,75,0,127,0,0,0,0,0,4,48,75,0,127,0,0,0,127
03/29/2008,BED,MA,ANE,EN,Towers with Radar,1,36,47,1,85,0,17,138,2,157,1,53,185,3,242,129,0,129,371
03/30/2008,BED,MA,ANE,EN,Towers with Radar,0,39,95,4,138,0,17,253,0,270,0,56,348,4,408,326,0,326,734
03/31/2008,BED,MA,ANE,EN,Towers with Radar,0,44,85,3,132,1,2,20,3,26,1,46,105,6,158,34,0,34,192
04/01/2008,BED,MA,ANE,EN,Towers with Radar,1,49,82,2,134,0,0,0,0,0,1,49,82,2,134,0,0,0,134
04/02/2008,BED,MA,ANE,EN,Towers with Radar,0,56,81,1,138,0,25,57,1,83,0,81,138,2,221,32,0,32,253
04/03/2008,BED,MA,ANE,EN,Towers with Radar,0,51,72,3,126,0,33,247,3,283,0,84,319,6,409,339,11,350,759
04/04/2008,BED,MA,ANE,EN,Towers with Radar,3,53,74,2,132,0,0,0,1,1,3,53,74,3,133,0,1,1,134
04/05/2008,BED,MA,ANE,EN,Towers with Radar,1,31,68,1,101,0,4,34,0,38,1,35,102,1,139,96,16,112,251
04/06/2008,BED,MA,ANE,EN,Towers with Radar,0,49,101,1,151,0,1,30,0,31,0,50,131,1,182,90,0,90,272
04/07/2008,BED,MA,ANE,EN,Towers with Radar,1,47,105,4,157,0,17,103,0,120,1,64,208,4,277,197,0,197,474
04/08/2008,BED,MA,ANE,EN,Towers with Radar,0,40,103,1,144,0,30,169,3,202,0,70,272,4,346,247,10,257,603
04/09/2008,BED,MA,ANE,EN,Towers with Radar,0,42,117,4,163,0,14,117,2,133,0,56,234,6,296,192,4,196,492
04/10/2008,BED,MA,ANE,EN,Towers with Radar,0,63,108,0,171,0,16,132,0,148,0,79,240,0,319,224,0,224,543
04/11/2008,BED,MA,ANE,EN,Towers with Radar,0,43,102,1,146,0,15,61,0,76,0,58,163,1,222,282,0,282,504
04/12/2008,BED,MA,ANE,EN,Towers with Radar,0,26,44,2,72,0,8,68,1,77,0,34,112,3,149,140,0,140,289
04/13/2008,BED,MA,ANE,EN,Towers with Radar,3,35,84,1,123,0,24,120,0,144,3,59,204,1,267,334,0,334,601
04/14/2008,BED,MA,ANE,EN,Towers with Radar,0,46,88,1,135,0,19,113,1,133,0,65,201,2,268,175,0,175,443
04/15/2008,BED,MA,ANE,EN,Towers with Radar,1,40,110,1,152,0,27,156,2,185,1,67,266,3,337,272,0,272,609
04/16/2008,BED,MA,ANE,EN,Towers with Radar,1,37,100,4,142,0,23,182,6,211,1,60,282,10,353,357,1,358,711
04/17/2008,BED,MA,ANE,EN,Towers with Radar,0,63,121,3,187,0,31,208,3,242,0,94,329,6,429,326,0,326,755
04/18/2008,BED,MA,ANE,EN,Towers with Radar,0,59,103,3,165,0,23,254,18,295,0,82,357,21,460,265,0,265,725
04/19/2008,BED,MA,ANE,EN,Towers with Radar,0,50,100,1,151,0,10,325,14,349,0,60,425,15,500,252,4,256,756
04/20/2008,BED,MA,ANE,EN,Towers with Radar,1,51,85,3,140,0,16,206,4,226,1,67,291,7,366,229,0,229,595
04/21/2008,BED,MA,ANE,EN,Towers with Radar,1,51,106,5,163,0,26,115,5,146,1,77,221,10,309,209,26,235,544
04/22/2008,BED,MA,ANE,EN,Towers with Radar,1,60,115,4,180,0,16,134,1,151,1,76,249,5,331,314,0,314,645
04/23/2008,BED,MA,ANE,EN,Towers with Radar,2,55,75,3,135,0,17,150,2,169,2,72,225,5,304,259,0,259,563
04/24/2008,BED,MA,ANE,EN,Towers with Radar,0,37,114,6,157,0,25,83,0,108,0,62,197,6,265,67,18,85,350
04/25/2008,BED,MA,ANE,EN,Towers with Radar,2,47,124,1,174,0,21,163,0,184,2,68,287,1,358,181,0,181,539
04/26/2008,BED,MA,ANE,EN,Towers with Radar,0,44,102,0,146,0,10,248,8,266,0,54,350,8,412,358,0,358,770
04/27/2008,BED,MA,ANE,EN,Towers with Radar,0,65,156,2,223,0,13,69,0,82,0,78,225,2,305,266,0,266,571
04/28/2008,BED,MA,ANE,EN,Towers with Radar,0,50,105,2,157,0,3,0,0,3,0,53,105,2,160,32,0,32,192
04/29/2008,BED,MA,ANE,EN,Towers with Radar,1,58,105,3,167,0,0,0,0,0,1,58,105,3,167,0,0,0,167
04/30/2008,BED,MA,ANE,EN,Towers with Radar,1,67,121,0,189,0,32,160,0,192,1,99,281,0,381,230,0,230,611
05/01/2008,BED,MA,ANE,EN,Towers with Radar,1,58,116,1,176,0,21,196,2,219,1,79,312,3,395,310,1,311,706
05/02/2008,BED,MA,ANE,EN,Towers with Radar,0,57,118,2,177,0,6,29,0,35,0,63,147,2,212,211,0,211,423
05/03/2008,BED,MA,ANE,EN,Towers with Radar,2,33,89,9,133,0,8,71,2,81,2,41,160,11,214,185,0,185,399
05/04/2008,BED,MA,ANE,EN,Towers with Radar,0,33,97,0,130,0,0,5,0,5,0,33,102,0,135,18,0,18,153
05/05/2008,BED,MA,ANE,EN,Towers with Radar,0,48,125,3,176,0,14,163,1,178,0,62,288,4,354,205,0,205,559
05/06/2008,BED,MA,ANE,EN,Towers with Radar,0,48,143,1,192,0,21,235,0,256,0,69,378,1,448,368,0,368,816
05/07/2008,BED,MA,ANE,EN,Towers with Radar,0,46,138,1,185,0,45,209,3,257,0,91,347,4,442,331,0,331,773
05/08/2008,BED,MA,ANE,EN,Towers with Radar,0,50,148,8,206,0,22,77,9,108,0,72,225,17,314,288,0,288,602
05/09/2008,BED,MA,ANE,EN,Towers with Radar,1,42,150,0,193,0,16,79,0,95,1,58,229,0,288,154,0,154,442
05/10/2008,BED,MA,ANE,EN,Towers with Radar,0,27,97,4,128,0,10,158,1,169,0,37,255,5,297,439,0,439,736
05/11/2008,BED,MA,ANE,EN,Towers with Radar,0,31,96,0,127,0,19,266,16,301,0,50,362,16,428,261,0,261,689
05/12/2008,BED,MA,ANE,EN,Towers with Radar,0,45,88,0,133,0,14,25,0,39,0,59,113,0,172,15,0,15,187
05/13/2008,BED,MA,ANE,EN,Towers with Radar,1,76,107,0,184,0,6,98,0,104,1,82,205,0,288,227,0,227,515
05/14/2008,BED,MA,ANE,EN,Towers with Radar,1,50,112,5,168,0,41,302,6,349,1,91,414,11,517,399,0,399,916
05/15/2008,BED,MA,ANE,EN,Towers with Radar,3,46,162,0,211,0,32,144,10,186,3,78,306,10,397,239,1,240,637
05/16/2008,BED,MA,ANE,EN,Towers with Radar,0,43,128,0,171,0,19,127,0,146,0,62,255,0,317,242,0,242,559
05/17/2008,BED,MA,ANE,EN,Towers with Radar,0,37,81,1,119,0,17,195,0,212,0,54,276,1,331,219,0,219,550
05/18/2008,BED,MA,ANE,EN,Towers with Radar,2,32,97,6,137,0,24,193,0,217,2,56,290,6,354,272,0,272,626
05/19/2008,BED,MA,ANE,EN,Towers with Radar,0,40,97,3,140,0,16,79,4,99,0,56,176,7,239,131,0,131,370
05/20/2008,BED,MA,ANE,EN,Towers with Radar,0,45,153,2,200,0,24,143,0,167,0,69,296,2,367,357,0,357,724
05/21/2008,BED,MA,ANE,EN,Towers with Radar,0,47,119,4,170,0,9,136,4,149,0,56,255,8,319,143,0,143,462
05/22/2008,BED,MA,ANE,EN,Towers with Radar,7,61,139,1,208,0,19,111,0,130,7,80,250,1,338,348,0,348,686
05/23/2008,BED,MA,ANE,EN,Towers with Radar,0,72,123,0,195,0,16,205,0,221,0,88,328,0,416,283,0,283,699
05/24/2008,BED,MA,ANE,EN,Towers with Radar,2,35,57,1,95,0,25,243,1,269,2,60,300,2,364,352,0,352,716
05/25/2008,BED,MA,ANE,EN,Towers with Radar,0,23,43,0,66,0,16,224,7,247,0,39,267,7,313,233,0,233,546
05/26/2008,BED,MA,ANE,EN,Towers with Radar,1,56,103,2,162,0,24,203,0,227,1,80,306,2,389,133,0,133,522
05/27/2008,BED,MA,ANE,EN,Towers with Radar,0,55,106,0,161,0,26,82,0,108,0,81,188,0,269,134,0,134,403
05/28/2008,BED,MA,ANE,EN,Towers with Radar,0,42,125,1,168,0,27,250,0,277,0,69,375,1,445,278,0,278,723
05/29/2008,BED,MA,ANE,EN,Towers with Radar,1,45,111,0,157,0,37,203,0,240,1,82,314,0,397,320,0,320,717
05/30/2008,BED,MA,ANE,EN,Towers with Radar,0,54,113,7,174,0,39,215,9,263,0,93,328,16,437,284,12,296,733
05/31/2008,BED,MA,ANE,EN,Towers with Radar,0,25,36,1,62,0,1,30,0,31,0,26,66,1,93,40,0,40,133
06/01/2008,BED,MA,ANE,EN,Towers with Radar,0,40,86,3,129,0,14,168,0,182,0,54,254,3,311,276,0,276,587
06/02/2008,BED,MA,ANE,EN,Towers with Radar,0,52,114,7,173,0,39,142,5,186,0,91,256,12,359,257,0,257,616
06/03/2008,BED,MA,ANE,EN,Towers with Radar,0,67,131,5,203,0,21,146,0,167,0,88,277,5,370,244,0,244,614
06/04/2008,BED,MA,ANE,EN,Towers with Radar,0,55,167,5,227,0,2,3,3,8,0,57,170,8,235,0,0,0,235
06/05/2008,BED,MA,ANE,EN,Towers with Radar,3,84,216,2,305,0,1,11,0,12,3,85,227,2,317,9,0,9,326
06/06/2008,BED,MA,ANE,EN,Towers with Radar,0,68,173,7,248,0,2,0,0,2,0,70,173,7,250,0,0,0,250
06/07/2008,BED,MA,ANE,EN,Towers with Radar,0,25,62,3,90,0,12,156,1,169,0,37,218,4,259,212,0,212,471
06/08/2008,BED,MA,ANE,EN,Towers with Radar,6,38,80,3,127,0,23,136,0,159,6,61,216,3,286,283,0,283,569
06/09/2008,BED,MA,ANE,EN,Towers with Radar,3,46,110,2,161,0,30,144,2,176,3,76,254,4,337,207,0,207,544
06/10/2008,BED,MA,ANE,EN,Towers with Radar,0,51,110,5,166,0,17,141,3,161,0,68,251,8,327,190,0,190,517
06/11/2008,BED,MA,ANE,EN,Towers with Radar,2,42,106,1,151,0,25,154,0,179,2,67,260,1,330,197,0,197,527
06/12/2008,BED,MA,ANE,EN,Towers with Radar,0,45,86,0,131,0,24,252,0,276,0,69,338,0,407,238,0,238,645
06/13/2008,BED,MA,ANE,EN,Towers with Radar,0,46,71,0,117,0,19,206,1,226,0,65,277,1,343,425,0,425,768
06/14/2008,BED,MA,ANE,EN,Towers with Radar,0,40,46,0,86,0,15,198,0,213,0,55,244,0,299,306,9,315,614
06/15/2008,BED,MA,ANE,EN,Towers with Radar,1,50,88,0,139,0,0,1,0,1,1,50,89,0,140,2,0,2,142
06/16/2008,BED,MA,ANE,EN,Towers with Radar,2,50,116,2,170,0,8,1,0,9,2,58,117,2,179,0,0,0,179
06/17/2008,BED,MA,ANE,EN,Towers with Radar,2,78,120,9,209,0,15,125,2,142,2,93,245,11,351,264,0,264,615
06/18/2008,BED,MA,ANE,EN,Towers with Radar,7,64,107,7,185,0,20,134,2,156,7,84,241,9,341,185,0,185,526
06/19/2008,BED,MA,ANE,EN,Towers with Radar,9,69,115,10,203,0,16,168,2,186,9,85,283,12,389,279,0,279,668
06/20/2008,BED,MA,ANE,EN,Towers with Radar,1,60,123,7,191,0,21,173,0,194,1,81,296,7,385,225,0,225,610
06/21/2008,BED,MA,ANE,EN,Towers with Radar,0,28,68,4,100,0,15,235,2,252,0,43,303,6,352,307,0,307,659
06/22/2008,BED,MA,ANE,EN,Towers with Radar,3,51,112,7,173,0,7,40,1,48,3,58,152,8,221,104,0,104,325
06/23/2008,BED,MA,ANE,EN,Towers with Radar,0,44,107,1,152,0,0,2,0,2,0,44,109,1,154,40,0,40,194
06/24/2008,BED,MA,ANE,EN,Towers with Radar,2,52,123,1,178,0,3,52,1,56,2,55,175,2,234,152,0,152,386
06/25/2008,BED,MA,ANE,EN,Towers with Radar,2,43,90,2,137,0,27,253,1,281,2,70,343,3,418,196,0,196,614
06/26/2008,BED,MA,ANE,EN,Towers with Radar,4,50,89,2,145,0,20,114,0,134,4,70,203,2,279,209,0,209,488
06/27/2008,BED,MA,ANE,EN,Towers with Radar,2,68,117,4,191,0,7,109,0,116,2,75,226,4,307,88,0,88,395
06/28/2008,BED,MA,ANE,EN,Towers with Radar,0,33,77,0,110,0,0,14,0,14,0,33,91,0,124,80,0,80,204
06/29/2008,BED,MA,ANE,EN,Towers with Radar,0,36,90,2,128,0,3,37,0,40,0,39,127,2,168,88,0,88,256
06/30/2008,BED,MA,ANE,EN,Towers with Radar,2,44,74,6,126,0,15,94,2,111,2,59,168,8,237,174,0,174,411
07/01/2008,BED,MA,ANE,EN,Towers with Radar,0,34,89,4,127,2,42,210,5,259,2,76,299,9,386,252,0,252,638
07/02/2008,BED,MA,ANE,EN,Towers with Radar,0,28,87,0,115,0,47,195,0,242,0,75,282,0,357,223,0,223,580
07/03/2008,BED,MA,ANE,EN,Towers with Radar,0,43,82,0,125,0,66,198,0,264,0,109,280,0,389,196,0,196,585
07/04/2008,BED,MA,ANE,EN,Towers with Radar,0,16,37,0,53,0,18,57,0,75,0,34,94,0,128,41,0,41,169
07/05/2008,BED,MA,ANE,EN,Towers with Radar,0,27,58,0,85,0,31,88,0,119,0,58,146,0,204,190,0,190,394
07/06/2008,BED,MA,ANE,EN,Towers with Radar,2,63,116,0,181,2,67,240,14,323,4,130,356,14,504,284,0,284,788
07/07/2008,BED,MA,ANE,EN,Towers with Radar,0,31,127,3,161,0,39,203,4,246,0,70,330,7,407,239,0,239,646
07/08/2008,BED,MA,ANE,EN,Towers with Radar,2,33,96,1,132,2,48,236,6,292,4,81,332,7,424,214,0,214,638
07/09/2008,BED,MA,ANE,EN,Towers with Radar,5,40,95,4,144,6,49,221,7,283,11,89,316,11,427,200,0,200,627
07/10/2008,BED,MA,ANE,EN,Towers with Radar,1,52,103,0,156,1,72,315,1,389,2,124,418,1,545,244,3,247,792
07/11/2008,BED,MA,ANE,EN,Towers with Radar,0,33,84,3,120,0,61,275,3,339,0,94,359,6,459,210,0,210,669
07/12/2008,BED,MA,ANE,EN,Towers with Radar,0,36,61,4,101,0,62,306,10,378,0,98,367,14,479,344,0,344,823
07/13/2008,BED,MA,ANE,EN,Towers with Radar,0,34,81,3,118,0,70,285,12,367,0,104,366,15,485,180,0,180,665
07/14/2008,BED,MA,ANE,EN,Towers with Radar,0,45,96,4,145,0,85,180,6,271,0,130,276,10,416,181,0,181,597
07/15/2008,BED,MA,ANE,EN,Towers with Radar,0,40,89,2,131,0,68,301,4,373,0,108,390,6,504,262,0,262,766
07/16/2008,BED,MA,ANE,EN,Towers with Radar,0,43,86,7,136,0,34,180,0,214,0,77,266,7,350,226,6,232,582
07/17/2008,BED,MA,ANE,EN,Towers with Radar,0,60,100,2,162,0,84,334,2,420,0,144,434,4,582,319,0,319,901
07/18/2008,BED,MA,ANE,EN,Towers with Radar,0,45,89,1,135,0,79,247,3,329,0,124,336,4,464,293,0,293,757
07/19/2008,BED,MA,ANE,EN,Towers with Radar,0,34,75,0,109,0,47,243,2,292,0,81,318,2,401,294,0,294,695
07/20/2008,BED,MA,ANE,EN,Towers with Radar,0,54,98,1,153,0,64,173,1,238,0,118,271,2,391,239,0,239,630
07/21/2008,BED,MA,ANE,EN,Towers with Radar,0,46,104,1,151,0,81,161,1,243,0,127,265,2,394,116,0,116,510
07/22/2008,BED,MA,ANE,EN,Towers with Radar,0,44,122,0,166,0,59,234,0,293,0,103,356,0,459,221,0,221,680
07/23/2008,BED,MA,ANE,EN,Towers with Radar,0,65,118,0,183,0,0,3,0,3,0,65,121,0,186,2,0,2,188
07/24/2008,BED,MA,ANE,EN,Towers with Radar,0,59,111,0,170,0,0,0,0,0,0,59,111,0,170,0,0,0,170
07/25/2008,BED,MA,ANE,EN,Towers with Radar,0,52,122,7,181,0,74,299,11,384,0,126,421,18,565,282,0,282,847
07/26/2008,BED,MA,ANE,EN,Towers with Radar,0,29,86,1,116,0,57,344,5,406,0,86,430,6,522,389,0,389,911
07/27/2008,BED,MA,ANE,EN,Towers with Radar,0,35,90,8,133,0,60,180,9,249,0,95,270,17,382,239,0,239,621
07/28/2008,BED,MA,ANE,EN,Towers with Radar,0,45,105,2,152,0,79,254,4,337,0,124,359,6,489,286,0,286,775
07/29/2008,BED,MA,ANE,EN,Towers with Radar,0,96,328,9,433,0,57,91,4,152,0,153,419,13,585,362,0,362,947
07/30/2008,BED,MA,ANE,EN,Towers with Radar,0,56,102,3,161,0,95,385,6,486,0,151,487,9,647,436,0,436,1083
07/31/2008,BED,MA,ANE,EN,Towers with Radar,0,57,132,2,191,0,70,188,2,260,0,127,320,4,451,173,0,173,624
08/01/2008,BED,MA,ANE,EN,Towers with Radar,0,64,106,7,177,0,89,310,7,406,0,153,416,14,583,334,0,334,917
08/02/2008,BED,MA,ANE,EN,Towers with Radar,1,43,72,2,118,1,56,135,2,194,2,99,207,4,312,298,0,298,610
08/03/2008,BED,MA,ANE,EN,Towers with Radar,1,56,76,1,134,1,73,175,5,254,2,129,251,6,388,237,0,237,625
08/04/2008,BED,MA,ANE,EN,Towers with Radar,0,47,100,0,147,0,66,269,0,335,0,113,369,0,482,262,0,262,744
08/05/2008,BED,MA,ANE,EN,Towers with Radar,0,43,106,3,152,0,64,247,5,316,0,107,353,8,468,240,0,240,708
08/06/2008,BED,MA,ANE,EN,Towers with Radar,0,57,122,3,182,0,6,1,0,7,0,63,123,3,189,0,0,0,189
08/07/2008,BED,MA,ANE,EN,Towers with Radar,0,48,107,2,157,0,1,3,2,6,0,49,110,4,163,6,2,8,171
08/08/2008,BED,MA,ANE,EN,Towers with Radar,0,61,80,0,141,0,72,127,0,199,0,133,207,0,340,84,0,84,424
08/09/2008,BED,MA,ANE,EN,Towers with Radar,0,0,0,0,0,0,51,211,1,263,0,51,211,1,263,282,0,282,545
08/10/2008,BED,MA,ANE,EN,Towers with Radar,0,41,81,3,125,0,58,192,5,255,0,99,273,8,380,290,0,290,670
08/11/2008,BED,MA,ANE,EN,Towers with Radar,0,39,100,2,141,0,41,107,2,150,0,80,207,4,291,60,0,60,351
08/12/2008,BED,MA,ANE,EN,Towers with Radar,0,38,109,1,148,0,51,139,1,191,0,89,248,2,339,248,0,248,587
08/13/2008,BED,MA,ANE,EN,Towers with Radar,0,42,114,1,157,0,83,361,4,448,0,125,475,5,605,434,14,448,1053
08/14/2008,BED,MA,ANE,EN,Towers with Radar,0,43,130,2,175,0,75,227,6,308,0,118,357,8,483,170,0,170,653
08/15/2008,BED,MA,ANE,EN,Towers with Radar,0,42,90,1,133,0,68,179,1,248,0,110,269,2,381,131,0,131,512
08/16/2008,BED,MA,ANE,EN,Towers with Radar,0,37,85,5,127,0,47,181,9,237,0,84,266,14,364,187,0,187,551
08/17/2008,BED,MA,ANE,EN,Towers with Radar,0,42,67,1,110,0,68,377,0,445,0,110,444,1,555,281,0,281,836
08/18/2008,BED,MA,ANE,EN,Towers with Radar,0,36,97,3,136,0,65,281,5,351,0,101,378,8,487,225,0,225,712
08/19/2008,BED,MA,ANE,EN,Towers with Radar,0,24,85,0,109,0,53,179,0,232,0,77,264,0,341,294,0,294,635
08/20/2008,BED,MA,ANE,EN,Towers with Radar,0,41,86,2,129,0,27,213,2,242,0,68,299,4,371,263,1,264,635
08/21/2008,BED,MA,ANE,EN,Towers with Radar,0,56,93,0,149,0,32,259,0,291,0,88,352,0,440,303,0,303,743
08/22/2008,BED,MA,ANE,EN,Towers with Radar,0,34,64,5,103,0,75,328,7,410,0,109,392,12,513,331,0,331,844
08/23/2008,BED,MA,ANE,EN,Towers with Radar,0,24,34,0,58,0,25,237,0,262,0,49,271,0,320,199,0,199,519
08/24/2008,BED,MA,ANE,EN,Towers with Radar,0,52,75,3,130,0,86,273,6,365,0,138,348,9,495,300,0,300,795
08/25/2008,BED,MA,ANE,EN,Towers with Radar,0,39,85,0,124,0,45,80,2,127,0,84,165,2,251,102,0,102,353
08/26/2008,BED,MA,ANE,EN,Towers with Radar,2,39,68,1,110,2,72,283,2,359,4,111,351,3,469,190,0,190,659
08/27/2008,BED,MA,ANE,EN,Towers with Radar,3,24,66,8,101,3,71,326,28,428,6,95,392,36,529,339,0,339,868
08/28/2008,BED,MA,ANE,EN,Towers with Radar,0,40,84,1,125,0,81,369,4,454,0,121,453,5,579,320,0,320,899
08/29/2008,BED,MA,ANE,EN,Towers with Radar,3,37,68,2,110,3,61,350,4,418,6,98,418,6,528,396,0,396,924
08/30/2008,BED,MA,ANE,EN,Towers with Radar,0,35,67,2,104,0,48,203,2,253,0,83,270,4,357,243,0,243,600
08/31/2008,BED,MA,ANE,EN,Towers with Radar,0,35,44,1,80,0,50,254,1,305,0,85,298,2,385,201,0,201,586
09/01/2008,BED,MA,ANE,EN,Towers with Radar,0,48,54,9,111,0,81,362,0,443,0,129,416,9,554,233,0,233,787
09/02/2008,BED,MA,ANE,EN,Towers with Radar,0,40,68,1,109,0,69,241,5,315,0,109,309,6,424,257,0,257,681
09/03/2008,BED,MA,ANE,EN,Towers with Radar,2,35,79,2,118,0,27,251,5,283,2,62,330,7,401,273,2,275,676
09/04/2008,BED,MA,ANE,EN,Towers with Radar,0,42,130,2,174,0,39,224,4,267,0,81,354,6,441,237,10,247,688
09/05/2008,BED,MA,ANE,EN,Towers with Radar,0,43,98,1,142,0,76,258,2,336,0,119,356,3,478,187,0,187,665
09/06/2008,BED,MA,ANE,EN,Towers with Radar,0,19,40,0,59,0,19,40,0,59,0,38,80,0,118,12,0,12,130
09/07/2008,BED,MA,ANE,EN,Towers with Radar,0,21,61,5,87,0,46,208,7,261,0,67,269,12,348,201,0,201,549
09/08/2008,BED,MA,ANE,EN,Towers with Radar,0,41,89,2,132,0,65,264,7,336,0,106,353,9,468,234,0,234,702
09/09/2008,BED,MA,ANE,EN,Towers with Radar,0,36,113,0,149,0,47,139,0,186,0,83,252,0,335,68,0,68,403
09/10/2008,BED,MA,ANE,EN,Towers with Radar,0,53,165,3,221,0,114,262,0,376,0,167,427,3,597,108,0,108,705
09/11/2008,BED,MA,ANE,EN,Towers with Radar,0,44,135,9,188,0,64,343,0,407,0,108,478,9,595,241,1,242,837
09/12/2008,BED,MA,ANE,EN,Towers with Radar,0,52,92,2,146,0,72,224,0,296,0,124,316,2,442,86,2,88,530
09/13/2008,BED,MA,ANE,EN,Towers with Radar,0,28,106,0,134,0,64,250,17,331,0,92,356,17,465,417,0,417,882
09/14/2008,BED,MA,ANE,EN,Towers with Radar,0,46,87,3,136,0,46,87,3,136,0,92,174,6,272,136,0,136,408
09/15/2008,BED,MA,ANE,EN,Towers with Radar,0,56,76,3,135,0,82,146,5,233,0,138,222,8,368,70,0,70,438
09/16/2008,BED,MA,ANE,EN,Towers with Radar,0,46,106,2,154,0,73,269,2,344,0,119,375,4,498,236,0,236,734
09/17/2008,BED,MA,ANE,EN,Towers with Radar,0,45,119,3,167,0,86,373,6,465,0,131,492,9,632,314,0,314,946
09/18/2008,BED,MA,ANE,EN,Towers with Radar,1,44,114,4,163,1,76,312,9,398,2,120,426,13,561,160,8,168,729
09/19/2008,BED,MA,ANE,EN,Towers with Radar,3,43,118,0,164,3,69,322,4,398,6,112,440,4,562,276,0,276,838
09/20/2008,BED,MA,ANE,EN,Towers with Radar,3,31,56,2,92,3,61,262,5,331,6,92,318,7,423,374,0,374,797
09/21/2008,BED,MA,ANE,EN,Towers with Radar,0,49,77,0,126,0,89,299,3,391,0,138,376,3,517,305,0,305,822
09/22/2008,BED,MA,ANE,EN,Towers with Radar,2,36,117,3,158,3,58,209,4,274,5,94,326,7,432,158,0,158,590
09/23/2008,BED,MA,ANE,EN,Towers with Radar,1,45,108,11,165,1,80,297,22,400,2,125,405,33,565,308,0,308,873
09/24/2008,BED,MA,ANE,EN,Towers with Radar,0,23,92,0,115,0,29,176,0,205,0,52,268,0,320,289,0,289,609
09/25/2008,BED,MA,ANE,EN,Towers with Radar,0,45,117,3,165,0,23,114,1,138,0,68,231,4,303,277,0,277,580
09/26/2008,BED,MA,ANE,EN,Towers with Radar,0,46,90,2,138,0,0,0,0,0,0,46,90,2,138,0,0,0,138
09/27/2008,BED,MA,ANE,EN,Towers with Radar,2,17,41,0,60,2,17,71,0,90,4,34,112,0,150,0,0,0,150
09/28/2008,BED,MA,ANE,EN,Towers with Radar,2,55,74,2,133,0,0,0,0,0,2,55,74,2,133,0,0,0,133
09/29/2008,BED,MA,ANE,EN,Towers with Radar,0,30,119,0,149,0,56,197,0,253,0,86,316,0,402,178,0,178,580
09/30/2008,BED,MA,ANE,EN,Towers with Radar,0,43,129,3,175,0,68,178,3,249,0,111,307,6,424,80,0,80,504
10/01/2008,BED,MA,ANE,EN,Towers with Radar,0,39,138,0,177,0,55,190,0,245,0,94,328,0,422,100,0,100,522
10/02/2008,BED,MA,ANE,EN,Towers with Radar,0,30,123,0,153,0,77,257,0,334,0,107,380,0,487,158,0,158,645
10/03/2008,BED,MA,ANE,EN,Towers with Radar,1,51,105,0,157,1,74,248,4,327,2,125,353,4,484,247,0,247,731
10/04/2008,BED,MA,ANE,EN,Towers with Radar,5,38,55,0,98,5,58,290,0,353,10,96,345,0,451,282,0,282,733
10/05/2008,BED,MA,ANE,EN,Towers with Radar,2,45,98,0,145,2,92,269,1,364,4,137,367,1,509,201,0,201,710
10/06/2008,BED,MA,ANE,EN,Towers with Radar,0,53,102,0,155,0,101,192,0,293,0,154,294,0,448,140,0,140,588
10/07/2008,BED,MA,ANE,EN,Towers with Radar,0,44,90,2,136,0,78,225,2,305,0,122,315,4,441,233,0,233,674
10/08/2008,BED,MA,ANE,EN,Towers with Radar,1,46,84,2,133,0,21,147,0,168,1,67,231,2,301,212,0,212,513
10/09/2008,BED,MA,ANE,EN,Towers with Radar,0,43,102,5,150,0,69,199,7,275,0,112,301,12,425,132,0,132,557
10/10/2008,BED,MA,ANE,EN,Towers with Radar,0,62,97,0,159,0,84,290,0,374,0,146,387,0,533,213,0,213,746
10/11/2008,BED,MA,ANE,EN,Towers with Radar,0,23,39,1,63,0,44,298,1,343,0,67,337,2,406,367,0,367,773
10/12/2008,BED,MA,ANE,EN,Towers with Radar,1,38,61,2,102,1,57,284,0,342,2,95,345,2,444,354,0,354,798
10/13/2008,BED,MA,ANE,EN,Towers with Radar,2,46,85,3,136,2,62,267,8,339,4,108,352,11,475,224,0,224,699
10/14/2008,BED,MA,ANE,EN,Towers with Radar,0,46,130,0,176,0,86,252,1,339,0,132,382,1,515,286,0,286,801
10/15/2008,BED,MA,ANE,EN,Towers with Radar,0,62,101,1,164,0,80,284,1,365,0,142,385,2,529,224,0,224,753
10/16/2008,BED,MA,ANE,EN,Towers with Radar,0,48,117,0,165,0,53,163,0,216,0,101,280,0,381,82,0,82,463
10/17/2008,BED,MA,ANE,EN,Towers with Radar,6,60,111,4,181,6,81,299,6,392,12,141,410,10,573,316,0,316,889
10/18/2008,BED,MA,ANE,EN,Towers with Radar,6,60,111,4,181,6,81,299,6,392,12,141,410,10,573,316,0,316,889
10/19/2008,BED,MA,ANE,EN,Towers with Radar,5,33,77,5,120,5,57,218,8,288,10,90,295,13,408,235,0,235,643
10/20/2008,BED,MA,ANE,EN,Towers with Radar,1,48,73,0,122,1,75,203,0,279,2,123,276,0,401,127,0,127,528
10/21/2008,BED,MA,ANE,EN,Towers with Radar,0,51,86,5,142,0,67,191,6,264,0,118,277,11,406,93,0,93,499
10/22/2008,BED,MA,ANE,EN,Towers with Radar,2,39,87,5,133,0,6,14,0,20,2,45,101,5,153,32,0,32,185
10/23/2008,BED,MA,ANE,EN,Towers with Radar,0,51,106,8,165,0,85,308,12,405,0,136,414,20,570,273,0,273,843
10/24/2008,BED,MA,ANE,EN,Towers with Radar,2,47,96,1,146,2,72,286,16,376,4,119,382,17,522,265,0,265,787
10/25/2008,BED,MA,ANE,EN,Towers with Radar,4,29,39,0,72,4,35,145,0,184,8,64,184,0,256,130,0,130,386
10/26/2008,BED,MA,ANE,EN,Towers with Radar,2,27,224,2,255,2,36,224,2,264,4,63,448,4,519,197,0,197,716
10/27/2008,BED,MA,ANE,EN,Towers with Radar,0,40,80,1,121,0,52,265,1,318,0,92,345,2,439,235,0,235,674
10/28/2008,BED,MA,ANE,EN,Towers with Radar,0,42,107,4,153,0,43,107,4,154,0,85,214,8,307,0,0,0,307
10/29/2008,BED,MA,ANE,EN,Towers with Radar,0,40,73,4,117,0,53,139,4,196,0,93,212,8,313,94,0,94,407
10/30/2008,BED,MA,ANE,EN,Towers with Radar,2,38,95,5,140,2,63,216,6,287,4,101,311,11,427,277,0,277,704
10/31/2008,BED,MA,ANE,EN,Towers with Radar,2,26,80,4,112,2,56,241,4,303,4,82,321,8,415,246,0,246,661
11/01/2008,BED,MA,ANE,EN,Towers with Radar,0,17,58,4,79,0,31,269,5,305,0,48,327,9,384,321,0,321,705
11/02/2008,BED,MA,ANE,EN,Towers with Radar,0,32,72,1,105,0,55,270,1,326,0,87,342,2,431,216,0,216,647
11/03/2008,BED,MA,ANE,EN,Towers with Radar,0,44,72,0,116,0,65,153,1,219,0,109,225,1,335,80,0,80,415
11/04/2008,BED,MA,ANE,EN,Towers with Radar,0,57,92,1,150,0,21,107,5,133,0,78,199,6,283,181,0,181,464
11/05/2008,BED,MA,ANE,EN,Towers with Radar,0,36,93,0,129,0,24,116,0,140,0,60,209,0,269,244,0,244,513
11/06/2008,BED,MA,ANE,EN,Towers with Radar,2,44,126,0,172,0,0,0,0,0,2,44,126,0,172,0,0,0,172
11/07/2008,BED,MA,ANE,EN,Towers with Radar,0,47,128,0,175,0,0,0,0,0,0,47,128,0,175,0,0,0,175
11/08/2008,BED,MA,ANE,EN,Towers with Radar,5,23,79,8,115,5,26,92,8,131,10,49,171,16,246,46,0,46,292
11/09/2008,BED,MA,ANE,EN,Towers with Radar,1,36,66,2,105,1,48,254,4,307,2,84,320,6,412,328,0,328,740
11/10/2008,BED,MA,ANE,EN,Towers with Radar,0,21,87,2,110,0,32,114,2,148,0,53,201,4,258,169,0,169,427
11/11/2008,BED,MA,ANE,EN,Towers with Radar,2,31,100,0,133,2,54,276,0,332,4,85,376,0,465,214,0,214,679
11/12/2008,BED,MA,ANE,EN,Towers with Radar,0,31,113,0,144,0,55,305,0,360,0,86,418,0,504,263,0,263,767
11/13/2008,BED,MA,ANE,EN,Towers with Radar,0,58,125,0,183,0,74,227,0,301,0,132,352,0,484,214,0,214,698
11/14/2008,BED,MA,ANE,EN,Towers with Radar,6,46,102,0,154,6,46,102,0,154,12,92,204,0,308,0,0,0,308
11/15/2008,BED,MA,ANE,EN,Towers with Radar,0,12,36,3,51,0,12,36,3,51,0,24,72,6,102,4,0,4,106
11/16/2008,BED,MA,ANE,EN,Towers with Radar,1,35,43,0,79,1,36,117,0,154,2,71,160,0,233,175,0,175,408
11/17/2008,BED,MA,ANE,EN,Towers with Radar,1,40,107,0,148,0,18,143,3,164,1,58,250,3,312,192,0,192,504
11/18/2008,BED,MA,ANE,EN,Towers with Radar,3,44,88,1,136,3,67,229,3,302,6,111,317,4,438,178,0,178,616
11/19/2008,BED,MA,ANE,EN,Towers with Radar,1,33,100,0,134,0,28,103,2,133,1,61,203,2,267,131,0,131,398
11/20/2008,BED,MA,ANE,EN,Towers with Radar,2,39,101,0,142,2,80,212,1,295,4,119,313,1,437,174,0,174,611
11/21/2008,BED,MA,ANE,EN,Towers with Radar,3,48,103,2,156,0,22,117,0,139,3,70,220,2,295,196,0,196,491
11/22/2008,BED,MA,ANE,EN,Towers with Radar,2,28,47,1,78,2,36,138,1,177,4,64,185,2,255,114,0,114,369
11/23/2008,BED,MA,ANE,EN,Towers with Radar,2,28,48,7,85,2,35,229,11,277,4,63,277,18,362,247,0,247,609
11/24/2008,BED,MA,ANE,EN,Towers with Radar,0,30,102,0,132,0,47,200,2,249,0,77,302,2,381,227,0,227,608
11/25/2008,BED,MA,ANE,EN,Towers with Radar,1,57,107,0,165,1,57,112,0,170,2,114,219,0,335,0,0,0,335
11/26/2008,BED,MA,ANE,EN,Towers with Radar,0,51,115,0,166,0,75,250,0,325,0,126,365,0,491,208,0,208,699
11/27/2008,BED,MA,ANE,EN,Towers with Radar,1,24,20,0,45,1,28,41,1,71,2,52,61,1,116,10,0,10,126
11/28/2008,BED,MA,ANE,EN,Towers with Radar,2,52,64,1,119,2,57,143,1,203,4,109,207,2,322,184,0,184,506
11/29/2008,BED,MA,ANE,EN,Towers with Radar,0,35,90,0,125,0,44,367,0,411,0,79,457,0,536,268,0,268,804
11/30/2008,BED,MA,ANE,EN,Towers with Radar,1,59,140,0,200,1,64,186,0,251,2,123,326,0,451,139,0,139,590
12/01/2008,BED,MA,ANE,EN,Towers with Radar,1,51,84,0,136,1,63,154,0,218,2,114,238,0,354,128,0,128,482
12/02/2008,BED,MA,ANE,EN,Towers with Radar,0,32,85,1,118,0,54,213,2,269,0,86,298,3,387,167,0,167,554
12/03/2008,BED,MA,ANE,EN,Towers with Radar,1,36,97,0,134,0,21,151,3,175,1,57,248,3,309,246,0,246,555
12/04/2008,BED,MA,ANE,EN,Towers with Radar,6,33,79,2,120,6,53,182,2,243,12,86,261,4,363,134,0,134,497
12/05/2008,BED,MA,ANE,EN,Towers with Radar,3,36,102,7,148,0,17,131,0,148,3,53,233,7,296,171,0,171,467
12/06/2008,BED,MA,ANE,EN,Towers with Radar,5,29,45,1,80,0,12,219,0,231,5,41,264,1,311,348,2,350,661
12/07/2008,BED,MA,ANE,EN,Towers with Radar,4,22,49,5,80,4,23,56,5,88,8,45,105,10,168,103,0,103,271
12/08/2008,BED,MA,ANE,EN,Towers with Radar,1,41,87,4,133,1,64,159,6,230,2,105,246,10,363,108,0,108,471
12/09/2008,BED,MA,ANE,EN,Towers with Radar,2,34,106,0,142,2,64,170,0,236,4,98,276,0,378,112,0,112,490
12/10/2008,BED,MA,ANE,EN,Towers with Radar,2,38,97,1,138,2,38,97,1,138,4,76,194,2,276,0,0,0,276
12/11/2008,BED,MA,ANE,EN,Towers with Radar,0,42,94,0,136,0,42,94,0,136,0,84,188,0,272,0,0,0,272
12/12/2008,BED,MA,ANE,EN,Towers with Radar,0,37,62,2,101,0,38,69,3,110,0,75,131,5,211,28,0,28,239
12/13/2008,BED,MA,ANE,EN,Towers with Radar,1,12,48,2,63,1,28,215,3,247,2,40,263,5,310,292,0,292,602
12/14/2008,BED,MA,ANE,EN,Towers with Radar,2,24,40,1,67,2,40,188,3,233,4,64,228,4,300,300,0,300,600
12/15/2008,BED,MA,ANE,EN,Towers with Radar,0,31,65,0,96,0,39,120,0,159,0,70,185,0,255,66,0,66,321
12/16/2008,BED,MA,ANE,EN,Towers with Radar,2,40,83,2,127,0,15,63,2,80,2,55,146,4,207,48,0,48,255
12/17/2008,BED,MA,ANE,EN,Towers with Radar,0,28,65,0,93,0,28,65,0,93,0,56,130,0,186,0,0,0,186
12/18/2008,BED,MA,ANE,EN,Towers with Radar,1,42,109,0,152,1,51,249,0,301,2,93,358,0,453,201,0,201,654
12/19/2008,BED,MA,ANE,EN,Towers with Radar,2,24,39,0,65,2,30,54,0,86,4,54,93,0,151,17,0,17,168
12/20/2008,BED,MA,ANE,EN,Towers with Radar,4,39,57,0,100,4,39,57,0,100,8,78,114,0,200,0,0,0,200
12/21/2008,BED,MA,ANE,EN,Towers with Radar,0,23,14,0,37,0,23,14,0,37,0,46,28,0,74,0,0,0,74
12/22/2008,BED,MA,ANE,EN,Towers with Radar,1,45,59,0,105,1,55,96,0,152,2,100,155,0,257,6,0,6,263
12/23/2008,BED,MA,ANE,EN,Towers with Radar,0,48,78,0,126,0,65,223,0,288,0,113,301,0,414,224,0,224,638
12/24/2008,BED,MA,ANE,EN,Towers with Radar,0,21,24,0,45,0,23,27,0,50,0,44,51,0,95,0,0,0,95
12/25/2008,BED,MA,ANE,EN,Towers with Radar,0,26,14,0,40,0,28,21,0,49,0,54,35,0,89,2,0,2,91
12/26/2008,BED,MA,ANE,EN,Towers with Radar,1,40,74,0,115,0,20,128,0,148,1,60,202,0,263,272,0,272,535
12/27/2008,BED,MA,ANE,EN,Towers with Radar,2,19,31,0,52,2,19,39,0,60,4,38,70,0,112,18,0,18,130
12/28/2008,BED,MA,ANE,EN,Towers with Radar,0,26,41,0,67,0,28,49,0,77,0,54,90,0,144,106,0,106,250
12/29/2008,BED,MA,ANE,EN,Towers with Radar,2,15,41,12,70,2,26,165,16,209,4,41,206,28,279,148,6,154,433
12/30/2008,BED,MA,ANE,EN,Towers with Radar,0,27,33,0,60,0,31,57,0,88,0,58,90,0,148,32,0,32,180
12/31/2008,BED,MA,ANE,EN,Towers with Radar,2,12,16,0,30,0,0,0,0,0,2,12,16,0,30,0,0,0,30
01/01/2009,BED,MA,ANE,EN,Towers with Radar,7,18,18,0,43,7,19,31,0,57,14,37,49,0,100,16,0,16,116
01/02/2009,BED,MA,ANE,EN,Towers with Radar,2,33,124,0,159,2,29,53,0,84,4,62,177,0,243,152,0,152,395
01/03/2009,BED,MA,ANE,EN,Towers with Radar,4,30,69,0,103,4,41,161,0,206,8,71,230,0,309,132,0,132,441
01/04/2009,BED,MA,ANE,EN,Towers with Radar,0,54,79,0,133,0,69,255,0,324,0,123,334,0,457,230,0,230,687
01/05/2009,BED,MA,ANE,EN,Towers with Radar,2,27,47,0,76,2,33,104,0,139,4,60,151,0,215,33,0,33,248
01/06/2009,BED,MA,ANE,EN,Towers with Radar,2,23,76,0,101,2,52,209,4,267,4,75,285,4,368,220,0,220,588
01/07/2009,BED,MA,ANE,EN,Towers with Radar,1,11,25,0,37,0,0,0,0,0,1,11,25,0,37,0,0,0,37
01/08/2009,BED,MA,ANE,EN,Towers with Radar,2,27,56,0,85,2,32,75,0,109,4,59,131,0,194,28,0,28,222
01/09/2009,BED,MA,ANE,EN,Towers with Radar,0,39,78,0,117,0,56,291,0,347,0,95,369,0,464,126,0,126,590
01/10/2009,BED,MA,ANE,EN,Towers with Radar,0,15,39,3,57,0,0,0,0,0,0,15,39,3,57,335,0,335,392
01/11/2009,BED,MA,ANE,EN,Towers with Radar,4,23,29,0,56,4,23,31,0,58,8,46,60,0,114,10,0,10,124
01/12/2009,BED,MA,ANE,EN,Towers with Radar,0,22,92,0,114,0,38,163,0,201,0,60,255,0,315,128,0,128,443
01/13/2009,BED,MA,ANE,EN,Towers with Radar,0,28,68,0,96,0,16,78,3,97,0,44,146,3,193,204,0,204,397
01/14/2009,BED,MA,ANE,EN,Towers with Radar,2,28,58,0,88,0,6,59,0,65,2,34,117,0,153,134,0,134,287
01/15/2009,BED,MA,ANE,EN,Towers with Radar,0,29,64,1,94,0,49,113,1,163,0,78,177,2,257,70,0,70,327
01/16/2009,BED,MA,ANE,EN,Towers with Radar,2,40,66,1,109,0,23,75,0,98,2,63,141,1,207,110,0,110,317
01/17/2009,BED,MA,ANE,EN,Towers with Radar,2,16,60,1,79,2,35,270,3,310,4,51,330,4,389,282,0,282,671
01/18/2009,BED,MA,ANE,EN,Towers with Radar,6,19,23,0,48,6,19,23,0,48,12,38,46,0,96,0,0,0,96
01/19/2009,BED,MA,ANE,EN,Towers with Radar,2,34,77,0,113,2,47,123,0,172,4,81,200,0,285,40,0,40,325
01/20/2009,BED,MA,ANE,EN,Towers with Radar,1,46,79,2,128,1,59,168,2,230,2,105,247,4,358,256,0,256,614
01/21/2009,BED,MA,ANE,EN,Towers with Radar,1,34,96,4,135,1,57,225,5,288,2,91,321,9,423,321,0,321,744
01/22/2009,BED,MA,ANE,EN,Towers with Radar,1,47,79,0,127,1,72,193,0,266,2,119,272,0,393,266,0,266,659
01/23/2009,BED,MA,ANE,EN,Towers with Radar,3,26,74,3,106,3,45,251,3,302,6,71,325,6,408,272,0,272,680
01/24/2009,BED,MA,ANE,EN,Towers with Radar,1,22,28,0,51,1,30,129,0,160,2,52,157,0,211,198,0,198,409
01/25/2009,BED,MA,ANE,EN,Towers with Radar,0,33,45,2,80,0,45,209,2,256,0,78,254,4,336,282,0,282,618
01/26/2009,BED,MA,ANE,EN,Towers with Radar,2,26,62,2,92,2,38,145,4,189,4,64,207,6,281,230,0,230,511
01/27/2009,BED,MA,ANE,EN,Towers with Radar,2,41,74,1,118,2,55,171,1,229,4,96,245,2,347,227,0,227,574
01/28/2009,BED,MA,ANE,EN,Towers with Radar,0,21,31,0,52,0,0,0,0,0,0,21,31,0,52,0,0,0,52
01/29/2009,BED,MA,ANE,EN,Towers with Radar,0,47,69,2,118,0,63,147,2,212,0,110,216,4,330,100,0,100,430
01/30/2009,BED,MA,ANE,EN,Towers with Radar,0,37,71,1,109,0,54,185,1,240,0,91,256,2,349,178,0,178,527
01/31/2009,BED,MA,ANE,EN,Towers with Radar,3,27,32,0,62,3,40,174,0,217,6,67,206,0,279,198,0,198,477
02/01/2009,BED,MA,ANE,EN,Towers with Radar,2,27,53,0,82,2,37,197,0,236,4,64,250,0,318,0,0,0,318
02/02/2009,BED,MA,ANE,EN,Towers with Radar,1,27,72,0,100,1,45,172,0,218,2,72,244,0,318,129,0,129,447
02/03/2009,BED,MA,ANE,EN,Towers with Radar,2,36,72,0,110,2,36,76,0,114,4,72,148,0,224,0,0,0,224
02/04/2009,BED,MA,ANE,EN,Towers with Radar,0,30,74,1,105,0,19,92,2,113,0,49,166,3,218,103,0,103,321
02/05/2009,BED,MA,ANE,EN,Towers with Radar,0,51,64,0,115,0,71,153,1,225,0,122,217,1,340,101,0,101,441
02/06/2009,BED,MA,ANE,EN,Towers with Radar,1,41,68,8,118,1,82,175,8,266,2,123,243,16,384,169,0,169,553
02/07/2009,BED,MA,ANE,EN,Towers with Radar,1,26,42,0,69,1,37,276,0,314,2,63,318,0,383,344,0,344,727
02/08/2009,BED,MA,ANE,EN,Towers with Radar,0,32,40,0,72,0,35,88,2,125,0,67,128,2,197,34,0,34,231
02/09/2009,BED,MA,ANE,EN,Towers with Radar,1,33,80,2,116,1,52,194,3,250,2,85,274,5,366,156,0,156,522
02/10/2009,BED,MA,ANE,EN,Towers with Radar,2,39,86,0,127,2,57,189,1,249,4,96,275,1,376,217,0,217,593
02/11/2009,BED,MA,ANE,EN,Towers with Radar,2,33,90,1,126,0,22,143,1,166,2,55,233,2,292,188,0,188,480
02/12/2009,BED,MA,ANE,EN,Towers with Radar,2,28,93,0,123,2,33,122,0,157,4,61,215,0,280,44,0,44,324
02/13/2009,BED,MA,ANE,EN,Towers with Radar,3,43,107,0,153,3,58,186,0,247,6,101,293,0,400,39,0,39,439
02/14/2009,BED,MA,ANE,EN,Towers with Radar,1,24,45,0,70,1,39,168,0,208,2,63,213,0,278,260,0,260,538
02/15/2009,BED,MA,ANE,EN,Towers with Radar,0,24,42,1,67,0,31,180,2,213,0,55,222,3,280,229,0,229,509
02/16/2009,BED,MA,ANE,EN,Towers with Radar,1,40,86,1,128,1,63,270,5,339,2,103,356,6,467,298,5,303,770
02/17/2009,BED,MA,ANE,EN,Towers with Radar,3,38,67,0,108,3,55,184,0,242,6,93,251,0,350,317,0,317,667
02/18/2009,BED,MA,ANE,EN,Towers with Radar,2,27,60,2,91,0,11,91,4,106,2,38,151,6,197,170,0,170,367
02/19/2009,BED,MA,ANE,EN,Towers with Radar,0,36,75,0,111,0,39,90,0,129,0,75,165,0,240,55,0,55,295
02/20/2009,BED,MA,ANE,EN,Towers with Radar,0,34,44,1,79,0,44,74,1,119,0,78,118,2,198,18,0,18,216
02/21/2009,BED,MA,ANE,EN,Towers with Radar,0,29,47,2,78,0,47,249,3,299,0,76,296,5,377,224,0,224,601
02/22/2009,BED,MA,ANE,EN,Towers with Radar,0,42,69,0,111,0,44,84,0,128,0,86,153,0,239,58,0,58,297
02/23/2009,BED,MA,ANE,EN,Towers with Radar,0,38,82,4,124,0,0,28,0,28,0,38,110,4,152,13,0,13,165
02/24/2009,BED,MA,ANE,EN,Towers with Radar,2,43,87,3,135,2,57,215,4,278,4,100,302,7,413,168,0,168,581
02/25/2009,BED,MA,ANE,EN,Towers with Radar,2,28,96,2,128,2,51,231,3,287,4,79,327,5,415,352,0,352,767
02/26/2009,BED,MA,ANE,EN,Towers with Radar,1,35,84,0,120,1,47,203,0,251,2,82,287,0,371,232,0,232,603
02/27/2009,BED,MA,ANE,EN,Towers with Radar,7,32,60,3,102,7,49,111,3,170,14,81,171,6,272,0,0,0,272
02/28/2009,BED,MA,ANE,EN,Towers with Radar,2,34,45,9,90,0,0,258,7,265,2,34,303,16,355,0,0,0,355
03/01/2009,BED,MA,ANE,EN,Towers with Radar,0,21,63,1,85,0,21,64,1,86,0,42,127,2,171,0,0,0,171
03/02/2009,BED,MA,ANE,EN,Towers with Radar,1,21,23,0,45,0,0,0,0,0,1,21,23,0,45,0,0,0,45
03/03/2009,BED,MA,ANE,EN,Towers with Radar,3,58,67,0,128,3,75,129,0,207,6,133,196,0,335,105,0,105,440
03/04/2009,BED,MA,ANE,EN,Towers with Radar,0,31,90,0,121,0,18,71,2,91,0,49,161,2,212,134,0,134,346
03/05/2009,BED,MA,ANE,EN,Towers with Radar,1,51,191,0,243,0,0,191,0,191,1,51,382,0,434,0,0,0,434
03/06/2009,BED,MA,ANE,EN,Towers with Radar,0,42,75,2,119,0,52,129,2,183,0,94,204,4,302,64,0,64,366
03/07/2009,BED,MA,ANE,EN,Towers with Radar,4,17,55,6,82,4,27,294,5,330,8,44,349,11,412,357,0,357,769
03/08/2009,BED,MA,ANE,EN,Towers with Radar,1,31,59,4,95,1,45,181,6,233,2,76,240,10,328,154,0,154,482
03/09/2009,BED,MA,ANE,EN,Towers with Radar,0,39,64,0,103,0,39,64,0,103,0,78,128,0,206,0,0,0,206
03/10/2009,BED,MA,ANE,EN,Towers with Radar,1,41,89,5,136,1,74,210,6,291,2,115,299,11,427,245,0,245,672
03/11/2009,BED,MA,ANE,EN,Towers with Radar,0,36,102,2,140,0,0,0,0,0,0,36,102,2,140,0,0,0,140
03/12/2009,BED,MA,ANE,EN,Towers with Radar,0,42,93,1,136,0,63,224,5,292,0,105,317,6,428,314,0,314,742
03/13/2009,BED,MA,ANE,EN,Towers with Radar,2,49,62,5,118,2,65,276,11,354,4,114,338,16,472,0,0,0,472
03/14/2009,BED,MA,ANE,EN,Towers with Radar,7,21,53,0,81,7,39,252,4,302,14,60,305,4,383,300,7,307,690
03/15/2009,BED,MA,ANE,EN,Towers with Radar,7,35,83,4,129,7,46,257,6,316,14,81,340,10,445,378,0,378,823
03/16/2009,BED,MA,ANE,EN,Towers with Radar,0,19,86,2,107,0,43,191,3,237,0,62,277,5,344,98,0,98,442
03/17/2009,BED,MA,ANE,EN,Towers with Radar,2,36,75,2,115,2,62,224,7,295,4,98,299,9,410,262,0,262,672
03/18/2009,BED,MA,ANE,EN,Towers with Radar,3,37,75,2,117,3,58,153,2,216,6,95,228,4,333,160,0,160,493
03/19/2009,BED,MA,ANE,EN,Towers with Radar,3,44,78,7,132,3,57,121,7,188,6,101,199,14,320,160,0,160,480
03/20/2009,BED,MA,ANE,EN,Towers with Radar,1,29,77,0,107,1,37,215,0,253,2,66,292,0,360,0,0,0,360
03/21/2009,BED,MA,ANE,EN,Towers with Radar,0,25,42,2,69,0,37,241,2,280,0,62,283,4,349,325,0,325,674
03/22/2009,BED,MA,ANE,EN,Towers with Radar,0,37,61,0,98,0,47,166,1,214,0,84,227,1,312,329,0,329,641
03/23/2009,BED,MA,ANE,EN,Towers with Radar,1,29,49,2,81,1,39,115,2,157,2,68,164,4,238,44,0,44,282
03/24/2009,BED,MA,ANE,EN,Towers with Radar,2,37,68,1,108,2,58,144,2,206,4,95,212,3,314,52,0,52,366
03/25/2009,BED,MA,ANE,EN,Towers with Radar,0,35,96,0,131,0,48,219,0,267,0,83,315,0,398,259,0,259,657
03/26/2009,BED,MA,ANE,EN,Towers with Radar,0,38,147,0,185,0,54,212,4,270,0,92,359,4,455,242,0,242,697
03/27/2009,BED,MA,ANE,EN,Towers with Radar,2,34,147,4,187,2,29,97,4,132,4,63,244,8,319,157,0,157,476
03/28/2009,BED,MA,ANE,EN,Towers with Radar,0,27,61,3,91,0,29,161,4,194,0,56,222,7,285,248,0,248,533
03/29/2009,BED,MA,ANE,EN,Towers with Radar,0,53,65,0,118,0,0,0,0,0,0,53,65,0,118,0,0,0,118
03/30/2009,BED,MA,ANE,EN,Towers with Radar,3,30,75,2,110,3,35,77,2,117,6,65,152,4,227,0,0,0,227
03/31/2009,BED,MA,ANE,EN,Towers with Radar,0,40,97,2,139,0,58,244,20,322,0,98,341,22,461,324,0,324,785
04/01/2009,BED,MA,ANE,EN,Towers with Radar,1,36,87,6,130,1,53,192,6,252,2,89,279,12,382,321,0,321,703
04/02/2009,BED,MA,ANE,EN,Towers with Radar,0,45,103,3,151,0,49,143,3,195,0,94,246,6,346,74,0,74,420
04/03/2009,BED,MA,ANE,EN,Towers with Radar,0,43,74,0,117,0,43,73,0,116,0,86,147,0,233,0,0,0,233
04/04/2009,BED,MA,ANE,EN,Towers with Radar,0,23,53,0,76,0,24,78,0,102,0,47,131,0,178,44,0,44,222
04/05/2009,BED,MA,ANE,EN,Towers with Radar,0,41,58,1,100,0,48,204,4,256,0,89,262,5,356,238,0,238,594
04/06/2009,BED,MA,ANE,EN,Towers with Radar,1,37,69,0,107,1,44,101,0,146,2,81,170,0,253,38,0,38,291
04/07/2009,BED,MA,ANE,EN,Towers with Radar,0,34,82,2,118,0,45,127,2,174,0,79,209,4,292,52,0,52,344
04/08/2009,BED,MA,ANE,EN,Towers with Radar,2,27,89,3,121,2,45,212,3,262,4,72,301,6,383,306,0,306,689
04/09/2009,BED,MA,ANE,EN,Towers with Radar,2,38,88,3,131,2,54,225,5,286,4,92,313,8,417,295,0,295,712
04/10/2009,BED,MA,ANE,EN,Towers with Radar,4,33,76,4,117,4,50,188,5,247,8,83,264,9,364,200,0,200,564
04/11/2009,BED,MA,ANE,EN,Towers with Radar,1,24,65,4,94,0,0,0,0,0,1,24,65,4,94,10,0,10,104
04/12/2009,BED,MA,ANE,EN,Towers with Radar,2,36,58,0,96,0,15,61,0,76,2,51,119,0,172,25,0,25,197
04/13/2009,BED,MA,ANE,EN,Towers with Radar,0,25,86,4,115,0,26,105,0,131,0,51,191,4,246,100,0,100,346
04/14/2009,BED,MA,ANE,EN,Towers with Radar,0,35,111,0,146,0,18,175,0,193,0,53,286,0,339,390,0,390,729
04/15/2009,BED,MA,ANE,EN,Towers with Radar,0,28,106,0,134,0,17,110,3,130,0,45,216,3,264,142,0,142,406
04/16/2009,BED,MA,ANE,EN,Towers with Radar,0,42,108,1,151,0,69,308,1,378,0,111,416,2,529,278,0,278,807
04/17/2009,BED,MA,ANE,EN,Towers with Radar,1,50,105,0,156,1,79,278,24,382,2,129,383,24,538,197,0,197,735
04/18/2009,BED,MA,ANE,EN,Towers with Radar,0,31,78,0,109,0,43,284,0,327,0,74,362,0,436,319,0,319,755
04/19/2009,BED,MA,ANE,EN,Towers with Radar,2,37,82,2,123,2,49,279,2,332,4,86,361,4,455,218,0,218,673
04/20/2009,BED,MA,ANE,EN,Towers with Radar,0,35,82,2,119,0,56,163,4,223,0,91,245,6,342,104,0,104,446
04/21/2009,BED,MA,ANE,EN,Towers with Radar,0,35,67,0,102,0,35,67,0,102,0,70,134,0,204,0,0,0,204
04/22/2009,BED,MA,ANE,EN,Towers with Radar,2,40,74,2,118,2,58,111,2,173,4,98,185,4,291,93,0,93,384
04/23/2009,BED,MA,ANE,EN,Towers with Radar,3,36,75,2,116,3,53,140,2,198,6,89,215,4,314,72,0,72,386
04/24/2009,BED,MA,ANE,EN,Towers with Radar,0,45,70,0,115,0,60,253,1,314,0,105,323,1,429,308,0,308,737
04/25/2009,BED,MA,ANE,EN,Towers with Radar,0,23,62,0,85,0,13,193,2,208,0,36,255,2,293,301,0,301,594
04/26/2009,BED,MA,ANE,EN,Towers with Radar,1,45,91,3,140,0,14,216,2,232,1,59,307,5,372,170,0,170,542
04/27/2009,BED,MA,ANE,EN,Towers with Radar,1,33,98,5,137,1,42,257,7,307,2,75,355,12,444,172,0,172,616
04/28/2009,BED,MA,ANE,EN,Towers with Radar,2,30,95,0,127,0,23,120,0,143,2,53,215,0,270,100,0,100,370
04/29/2009,BED,MA,ANE,EN,Towers with Radar,1,30,87,5,123,0,16,185,2,203,1,46,272,7,326,314,0,314,640
04/30/2009,BED,MA,ANE,EN,Towers with Radar,1,32,90,2,125,1,56,273,2,332,2,88,363,4,457,288,0,288,745
05/01/2009,BED,MA,ANE,EN,Towers with Radar,5,47,92,1,145,5,55,112,2,174,10,102,204,3,319,0,0,0,319
05/02/2009,BED,MA,ANE,EN,Towers with Radar,0,16,60,2,78,0,24,209,6,239,0,40,269,8,317,312,0,312,629
05/03/2009,BED,MA,ANE,EN,Towers with Radar,0,29,82,4,115,0,41,247,4,292,0,70,329,8,407,229,0,229,636
05/04/2009,BED,MA,ANE,EN,Towers with Radar,0,43,103,3,149,2,53,256,3,314,2,96,359,6,463,210,0,210,673
05/05/2009,BED,MA,ANE,EN,Towers with Radar,1,34,81,4,120,1,36,83,4,124,2,70,164,8,244,0,0,0,244
05/06/2009,BED,MA,ANE,EN,Towers with Radar,1,36,139,0,176,1,56,252,0,309,2,92,391,0,485,227,0,227,712
05/07/2009,BED,MA,ANE,EN,Towers with Radar,1,38,94,0,133,1,41,100,0,142,2,79,194,0,275,6,0,6,281
05/08/2009,BED,MA,ANE,EN,Towers with Radar,1,42,86,4,133,1,51,326,9,387,2,93,412,13,520,348,0,348,868
05/09/2009,BED,MA,ANE,EN,Towers with Radar,2,25,57,0,84,0,0,97,0,97,2,25,154,0,181,258,0,258,439
05/10/2009,BED,MA,ANE,EN,Towers with Radar,0,35,55,3,93,0,46,118,5,169,0,81,173,8,262,32,0,32,294
05/11/2009,BED,MA,ANE,EN,Towers with Radar,3,32,72,1,108,3,54,215,2,274,6,86,287,3,382,170,0,170,552
05/12/2009,BED,MA,ANE,EN,Towers with Radar,0,38,82,10,130,0,73,281,14,368,0,111,363,24,498,288,6,294,792
05/13/2009,BED,MA,ANE,EN,Towers with Radar,4,46,99,1,150,0,19,176,1,196,4,65,275,2,346,282,0,282,628
05/14/2009,BED,MA,ANE,EN,Towers with Radar,0,35,112,2,149,0,43,132,2,177,0,78,244,4,326,24,8,32,358
05/15/2009,BED,MA,ANE,EN,Towers with Radar,0,49,115,5,169,0,76,233,5,314,0,125,348,10,483,182,0,182,665
05/16/2009,BED,MA,ANE,EN,Towers with Radar,1,19,58,4,82,1,31,213,6,251,2,50,271,10,333,251,2,253,586
05/17/2009,BED,MA,ANE,EN,Towers with Radar,0,46,102,2,150,0,63,183,5,251,0,109,285,7,401,126,0,126,527
05/18/2009,BED,MA,ANE,EN,Towers with Radar,0,32,113,4,149,0,55,239,4,298,0,87,352,8,447,155,0,155,602
05/19/2009,BED,MA,ANE,EN,Towers with Radar,1,42,82,0,125,1,77,285,0,363,2,119,367,0,488,336,0,336,824
05/20/2009,BED,MA,ANE,EN,Towers with Radar,1,30,107,3,141,1,56,295,2,354,2,86,402,5,495,226,0,226,721
05/21/2009,BED,MA,ANE,EN,Towers with Radar,1,40,112,0,153,1,61,277,4,343,2,101,389,4,496,242,0,242,738
05/22/2009,BED,MA,ANE,EN,Towers with Radar,0,37,80,4,121,0,57,298,6,361,0,94,378,10,482,235,16,251,733
05/23/2009,BED,MA,ANE,EN,Towers with Radar,0,13,46,2,61,0,19,195,0,214,0,32,241,2,275,200,0,200,475
05/24/2009,BED,MA,ANE,EN,Towers with Radar,0,21,52,7,80,0,11,65,0,76,0,32,117,7,156,116,0,116,272
05/25/2009,BED,MA,ANE,EN,Towers with Radar,1,36,95,2,134,1,50,364,4,419,2,86,459,6,553,169,0,169,722
05/26/2009,BED,MA,ANE,EN,Towers with Radar,0,32,69,2,103,0,45,266,2,313,0,77,335,4,416,332,0,332,748
05/27/2009,BED,MA,ANE,EN,Towers with Radar,0,27,109,6,142,0,9,6,1,16,0,36,115,7,158,16,0,16,174
05/28/2009,BED,MA,ANE,EN,Towers with Radar,0,42,129,5,176,0,42,129,5,176,0,84,258,10,352,0,0,0,352
05/29/2009,BED,MA,ANE,EN,Towers with Radar,0,46,97,0,143,0,46,97,0,143,0,92,194,0,286,0,0,0,286
05/30/2009,BED,MA,ANE,EN,Towers with Radar,0,18,63,1,82,0,37,293,3,333,0,55,356,4,415,297,0,297,712
05/31/2009,BED,MA,ANE,EN,Towers with Radar,0,42,66,3,111,0,56,189,3,248,0,98,255,6,359,147,0,147,506
06/01/2009,BED,MA,ANE,EN,Towers with Radar,0,38,71,18,127,0,66,251,19,336,0,104,322,37,463,183,0,183,646
06/02/2009,BED,MA,ANE,EN,Towers with Radar,0,29,100,2,131,0,54,316,4,374,0,83,416,6,505,404,0,404,909
06/03/2009,BED,MA,ANE,EN,Towers with Radar,0,40,104,3,147,0,62,254,4,320,0,102,358,7,467,293,0,293,760
06/04/2009,BED,MA,ANE,EN,Towers with Radar,1,37,100,5,143,1,61,265,8,335,2,98,365,13,478,240,4,244,722
06/05/2009,BED,MA,ANE,EN,Towers with Radar,0,26,96,6,128,0,42,197,6,245,0,68,293,12,373,260,0,260,633
06/06/2009,BED,MA,ANE,EN,Towers with Radar,0,16,80,9,105,0,20,140,5,165,0,36,220,14,270,215,0,215,485
06/07/2009,BED,MA,ANE,EN,Towers with Radar,1,34,80,6,121,0,11,236,2,249,1,45,316,8,370,325,0,325,695
06/08/2009,BED,MA,ANE,EN,Towers with Radar,2,36,89,0,127,2,67,245,4,318,4,103,334,4,445,252,0,252,697
06/09/2009,BED,MA,ANE,EN,Towers with Radar,0,35,88,1,124,0,4,16,0,20,0,39,104,1,144,0,0,0,144
06/10/2009,BED,MA,ANE,EN,Towers with Radar,0,32,126,7,165,0,32,126,7,165,0,64,252,14,330,0,0,0,330
06/11/2009,BED,MA,ANE,EN,Towers with Radar,0,43,126,3,172,0,43,129,3,175,0,86,255,6,347,6,0,6,353
06/12/2009,BED,MA,ANE,EN,Towers with Radar,0,45,135,10,190,0,47,167,9,223,0,92,302,19,413,52,0,52,465
06/13/2009,BED,MA,ANE,EN,Towers with Radar,2,25,59,1,87,2,47,305,7,361,4,72,364,8,448,353,0,353,801
06/14/2009,BED,MA,ANE,EN,Towers with Radar,3,51,113,12,179,3,57,145,13,218,6,108,258,25,397,56,0,56,453
06/15/2009,BED,MA,ANE,EN,Towers with Radar,0,37,86,2,125,0,45,105,2,152,0,82,191,4,277,74,0,74,351
06/16/2009,BED,MA,ANE,EN,Towers with Radar,0,43,102,2,147,0,64,317,2,383,0,107,419,4,530,354,0,354,884
06/17/2009,BED,MA,ANE,EN,Towers with Radar,0,44,103,3,150,0,67,365,4,436,0,111,468,7,586,316,0,316,902
06/18/2009,BED,MA,ANE,EN,Towers with Radar,0,43,125,11,179,0,49,174,11,234,0,92,299,22,413,150,0,150,563
06/19/2009,BED,MA,ANE,EN,Towers with Radar,0,38,125,5,168,0,40,129,5,174,0,78,254,10,342,14,0,14,356
06/20/2009,BED,MA,ANE,EN,Towers with Radar,1,18,64,0,83,1,24,210,0,235,2,42,274,0,318,252,0,252,570
06/21/2009,BED,MA,ANE,EN,Towers with Radar,0,52,81,1,134,0,48,85,1,134,0,100,166,2,268,0,0,0,268
06/22/2009,BED,MA,ANE,EN,Towers with Radar,0,36,90,2,128,0,36,90,2,128,0,72,180,4,256,0,0,0,256
06/23/2009,BED,MA,ANE,EN,Towers with Radar,0,50,149,0,199,0,50,171,0,221,0,100,320,0,420,24,0,24,444
06/24/2009,BED,MA,ANE,EN,Towers with Radar,0,54,122,3,179,0,54,122,3,179,0,108,244,6,358,0,0,0,358
06/25/2009,BED,MA,ANE,EN,Towers with Radar,0,42,130,2,174,0,54,257,5,316,0,96,387,7,490,255,0,255,745
06/26/2009,BED,MA,ANE,EN,Towers with Radar,0,60,103,0,163,0,0,186,0,186,0,60,289,0,349,30,0,30,379
06/27/2009,BED,MA,ANE,EN,Towers with Radar,0,27,46,0,73,0,38,264,0,302,0,65,310,0,375,413,0,413,788
06/28/2009,BED,MA,ANE,EN,Towers with Radar,0,36,122,1,159,0,36,124,1,161,0,72,246,2,320,10,0,10,330
06/29/2009,BED,MA,ANE,EN,Towers with Radar,0,18,104,1,123,0,24,150,2,176,0,42,254,3,299,110,0,110,409
06/30/2009,BED,MA,ANE,EN,Towers with Radar,0,26,117,3,146,0,26,129,3,158,0,52,246,6,304,14,0,14,318
07/01/2009,BED,MA,ANE,EN,Towers with Radar,0,27,89,1,117,0,27,89,1,117,0,54,178,2,234,0,0,0,234
07/02/2009,BED,MA,ANE,EN,Towers with Radar,0,39,112,0,151,0,0,0,0,0,0,39,112,0,151,0,0,0,151
07/03/2009,BED,MA,ANE,EN,Towers with Radar,0,24,73,1,98,0,36,174,2,212,0,60,247,3,310,192,0,192,502
07/04/2009,BED,MA,ANE,EN,Towers with Radar,0,11,24,0,35,0,24,153,0,177,0,35,177,0,212,207,0,207,419
07/05/2009,BED,MA,ANE,EN,Towers with Radar,1,30,59,1,91,1,49,285,2,337,2,79,344,3,428,274,0,274,702
07/06/2009,BED,MA,ANE,EN,Towers with Radar,0,35,82,2,119,0,54,272,3,329,0,89,354,5,448,323,2,325,773
07/07/2009,BED,MA,ANE,EN,Towers with Radar,0,38,113,3,154,0,38,114,3,155,0,76,227,6,309,6,0,6,315
07/08/2009,BED,MA,ANE,EN,Towers with Radar,0,41,78,1,120,0,41,78,1,120,0,82,156,2,240,22,0,22,262
07/09/2009,BED,MA,ANE,EN,Towers with Radar,5,42,95,2,144,5,59,179,3,246,10,101,274,5,390,308,0,308,698
07/10/2009,BED,MA,ANE,EN,Towers with Radar,0,34,69,5,108,0,52,376,5,433,0,86,445,10,541,347,0,347,888
07/11/2009,BED,MA,ANE,EN,Towers with Radar,0,18,54,4,76,0,34,317,6,357,0,52,371,10,433,213,0,213,646
07/12/2009,BED,MA,ANE,EN,Towers with Radar,0,36,81,1,118,0,40,256,3,299,0,76,337,4,417,202,0,202,619
07/13/2009,BED,MA,ANE,EN,Towers with Radar,2,34,100,9,145,2,46,274,14,336,4,80,374,23,481,222,0,222,703
07/14/2009,BED,MA,ANE,EN,Towers with Radar,0,31,79,3,113,0,41,311,10,362,0,72,390,13,475,272,0,272,747
07/15/2009,BED,MA,ANE,EN,Towers with Radar,0,38,105,2,145,0,53,349,3,405,0,91,454,5,550,323,0,323,873
07/16/2009,BED,MA,ANE,EN,Towers with Radar,0,31,112,1,144,0,50,226,1,277,0,81,338,2,421,262,0,262,683
07/17/2009,BED,MA,ANE,EN,Towers with Radar,0,26,96,2,124,0,56,292,2,350,0,82,388,4,474,286,0,286,760
07/18/2009,BED,MA,ANE,EN,Towers with Radar,0,26,65,0,91,0,43,132,0,175,0,69,197,0,266,126,0,126,392
07/19/2009,BED,MA,ANE,EN,Towers with Radar,1,32,91,2,126,0,12,285,4,301,1,44,376,6,427,238,0,238,665
07/20/2009,BED,MA,ANE,EN,Towers with Radar,2,29,73,2,106,0,13,233,4,250,2,42,306,6,356,277,0,277,633
07/21/2009,BED,MA,ANE,EN,Towers with Radar,2,29,116,3,150,0,2,19,0,21,2,31,135,3,171,48,0,48,219
07/22/2009,BED,MA,ANE,EN,Towers with Radar,2,55,85,2,144,2,63,184,2,251,4,118,269,4,395,198,0,198,593
07/23/2009,BED,MA,ANE,EN,Towers with Radar,0,50,143,3,196,0,52,149,4,205,0,102,292,7,401,68,0,68,469
07/24/2009,BED,MA,ANE,EN,Towers with Radar,2,31,100,3,136,2,36,123,2,163,4,67,223,5,299,111,0,111,410
07/25/2009,BED,MA,ANE,EN,Towers with Radar,2,16,56,2,76,3,23,276,2,304,5,39,332,4,380,225,0,225,605
07/26/2009,BED,MA,ANE,EN,Towers with Radar,1,42,100,3,146,1,51,172,3,227,2,93,272,6,373,237,0,237,610
07/27/2009,BED,MA,ANE,EN,Towers with Radar,2,41,117,0,160,2,54,236,0,292,4,95,353,0,452,192,0,192,644
07/28/2009,BED,MA,ANE,EN,Towers with Radar,3,46,85,0,134,3,64,271,2,340,6,110,356,2,474,266,0,266,740
07/29/2009,BED,MA,ANE,EN,Towers with Radar,0,29,103,0,132,0,37,161,0,198,0,66,264,0,330,126,0,126,456
07/30/2009,BED,MA,ANE,EN,Towers with Radar,1,38,113,1,153,1,44,188,2,235,2,82,301,3,388,208,0,208,596
07/31/2009,BED,MA,ANE,EN,Towers with Radar,0,39,111,5,155,0,42,140,4,186,0,81,251,9,341,70,0,70,411
08/01/2009,BED,MA,ANE,EN,Towers with Radar,0,18,57,0,75,0,37,328,0,365,0,55,385,0,440,332,0,332,772
08/02/2009,BED,MA,ANE,EN,Towers with Radar,1,26,95,1,123,1,31,147,1,180,2,57,242,2,303,210,0,210,513
08/03/2009,BED,MA,ANE,EN,Towers with Radar,1,28,84,3,116,1,38,241,6,286,2,66,325,9,402,272,0,272,674
08/04/2009,BED,MA,ANE,EN,Towers with Radar,1,35,89,1,126,1,45,284,10,340,2,80,373,11,466,300,0,300,766
08/05/2009,BED,MA,ANE,EN,Towers with Radar,1,35,83,1,120,1,43,164,2,210,2,78,247,3,330,168,0,168,498
08/06/2009,BED,MA,ANE,EN,Towers with Radar,0,45,117,1,163,0,65,359,4,428,0,110,476,5,591,256,0,256,847
08/07/2009,BED,MA,ANE,EN,Towers with Radar,0,31,71,0,102,0,41,298,5,344,0,72,369,5,446,280,0,280,726
08/08/2009,BED,MA,ANE,EN,Towers with Radar,0,10,61,2,73,0,30,316,8,354,0,40,377,10,427,246,0,246,673
08/09/2009,BED,MA,ANE,EN,Towers with Radar,0,27,63,3,93,0,41,211,6,258,0,68,274,9,351,212,2,214,565
08/10/2009,BED,MA,ANE,EN,Towers with Radar,0,24,81,5,110,0,29,217,5,251,0,53,298,10,361,232,0,232,593
08/11/2009,BED,MA,ANE,EN,Towers with Radar,0,38,95,0,133,0,41,216,0,257,0,79,311,0,390,330,0,330,720
08/12/2009,BED,MA,ANE,EN,Towers with Radar,1,44,123,0,168,1,47,155,0,203,2,91,278,0,371,90,0,90,461
08/13/2009,BED,MA,ANE,EN,Towers with Radar,1,43,140,0,184,1,57,171,0,229,2,100,311,0,413,165,9,174,587
08/14/2009,BED,MA,ANE,EN,Towers with Radar,1,30,79,5,115,1,45,323,10,379,2,75,402,15,494,243,0,243,737
08/15/2009,BED,MA,ANE,EN,Towers with Radar,0,14,46,1,61,0,36,258,1,295,0,50,304,2,356,297,0,297,653
08/16/2009,BED,MA,ANE,EN,Towers with Radar,0,37,76,2,115,0,13,293,3,309,0,50,369,5,424,332,0,332,756
08/17/2009,BED,MA,ANE,EN,Towers with Radar,0,32,77,0,109,0,9,170,5,184,0,41,247,5,293,200,0,200,493
08/18/2009,BED,MA,ANE,EN,Towers with Radar,0,31,79,0,110,0,10,164,0,174,0,41,243,0,284,272,0,272,556
08/19/2009,BED,MA,ANE,EN,Towers with Radar,2,40,104,3,149,2,56,312,3,373,4,96,416,6,522,272,0,272,794
08/20/2009,BED,MA,ANE,EN,Towers with Radar,1,42,90,1,134,1,61,210,1,273,2,103,300,2,407,244,0,244,651
08/21/2009,BED,MA,ANE,EN,Towers with Radar,2,34,93,1,130,2,41,154,1,198,4,75,247,2,328,76,0,76,404
08/22/2009,BED,MA,ANE,EN,Towers with Radar,0,28,59,0,87,0,41,131,0,172,0,69,190,0,259,182,0,182,441
08/23/2009,BED,MA,ANE,EN,Towers with Radar,0,34,64,2,100,0,42,167,2,211,0,76,231,4,311,272,0,272,583
08/24/2009,BED,MA,ANE,EN,Towers with Radar,1,49,111,3,164,1,56,181,3,241,2,105,292,6,405,102,0,102,507
08/25/2009,BED,MA,ANE,EN,Towers with Radar,0,37,81,5,123,0,62,280,12,354,0,99,361,17,477,354,0,354,831
08/26/2009,BED,MA,ANE,EN,Towers with Radar,0,39,84,4,127,0,58,271,4,333,0,97,355,8,460,212,0,212,672
08/27/2009,BED,MA,ANE,EN,Towers with Radar,1,27,99,4,131,1,52,303,4,360,2,79,402,8,491,270,0,270,761
08/28/2009,BED,MA,ANE,EN,Towers with Radar,0,31,100,2,133,0,41,233,4,278,0,72,333,6,411,175,0,175,586
08/29/2009,BED,MA,ANE,EN,Towers with Radar,2,31,42,6,81,2,31,42,6,81,4,62,84,12,162,0,0,0,162
08/30/2009,BED,MA,ANE,EN,Towers with Radar,0,28,64,0,92,0,10,123,0,133,0,38,187,0,225,248,0,248,473
08/31/2009,BED,MA,ANE,EN,Towers with Radar,0,36,85,2,123,0,49,276,7,332,0,85,361,9,455,194,0,194,649
09/01/2009,BED,MA,ANE,EN,Towers with Radar,0,27,74,3,104,0,49,229,5,283,0,76,303,8,387,210,0,210,597
09/02/2009,BED,MA,ANE,EN,Towers with Radar,0,37,70,0,107,0,46,256,1,303,0,83,326,1,410,254,0,254,664
09/03/2009,BED,MA,ANE,EN,Towers with Radar,0,31,73,2,106,0,44,263,3,310,0,75,336,5,416,224,0,224,640
09/04/2009,BED,MA,ANE,EN,Towers with Radar,0,28,74,0,102,0,46,262,0,308,0,74,336,0,410,160,0,160,570
09/05/2009,BED,MA,ANE,EN,Towers with Radar,0,10,35,2,47,0,29,242,2,273,0,39,277,4,320,284,0,284,604
09/06/2009,BED,MA,ANE,EN,Towers with Radar,0,21,36,1,58,0,19,164,1,184,0,40,200,2,242,256,0,256,498
09/07/2009,BED,MA,ANE,EN,Towers with Radar,0,38,85,1,124,0,17,198,0,215,0,55,283,1,339,158,0,158,497
09/08/2009,BED,MA,ANE,EN,Towers with Radar,0,36,98,3,137,0,18,154,6,178,0,54,252,9,315,290,0,290,605
09/09/2009,BED,MA,ANE,EN,Towers with Radar,0,39,124,2,165,0,8,137,0,145,0,47,261,2,310,142,0,142,452
09/10/2009,BED,MA,ANE,EN,Towers with Radar,0,31,96,1,128,0,16,128,2,146,0,47,224,3,274,178,0,178,452
09/11/2009,BED,MA,ANE,EN,Towers with Radar,1,40,11,7,59,0,4,7,0,11,1,44,18,7,70,72,0,72,142
09/12/2009,BED,MA,ANE,EN,Towers with Radar,1,31,54,2,88,0,0,0,0,0,1,31,54,2,88,0,0,0,88
09/13/2009,BED,MA,ANE,EN,Towers with Radar,0,34,89,2,125,0,12,141,1,154,0,46,230,3,279,164,0,164,443
09/14/2009,BED,MA,ANE,EN,Towers with Radar,1,48,80,1,130,1,68,229,1,299,2,116,309,2,429,173,0,173,602
09/15/2009,BED,MA,ANE,EN,Towers with Radar,2,26,125,0,153,0,10,197,0,207,2,36,322,0,360,248,0,248,608
09/16/2009,BED,MA,ANE,EN,Towers with Radar,1,45,108,2,156,0,9,74,2,85,1,54,182,4,241,186,0,186,427
09/17/2009,BED,MA,ANE,EN,Towers with Radar,2,37,103,2,144,0,16,93,0,109,2,53,196,2,253,196,0,196,449
09/18/2009,BED,MA,ANE,EN,Towers with Radar,2,34,86,3,125,0,18,137,0,155,2,52,223,3,280,162,0,162,442
09/19/2009,BED,MA,ANE,EN,Towers with Radar,2,9,46,0,57,2,17,201,0,220,4,26,247,0,277,134,0,134,411
09/20/2009,BED,MA,ANE,EN,Towers with Radar,0,36,84,1,121,0,46,398,1,445,0,82,482,2,566,311,0,311,877
09/21/2009,BED,MA,ANE,EN,Towers with Radar,3,18,94,2,117,3,29,253,4,289,6,47,347,6,406,190,0,190,596
09/22/2009,BED,MA,ANE,EN,Towers with Radar,1,26,105,3,135,1,32,196,3,232,2,58,301,6,367,123,0,123,490
09/23/2009,BED,MA,ANE,EN,Towers with Radar,0,51,81,0,132,0,60,213,0,273,0,111,294,0,405,106,0,106,511
09/24/2009,BED,MA,ANE,EN,Towers with Radar,1,27,78,8,114,0,25,161,5,191,1,52,239,13,305,193,1,194,499
09/25/2009,BED,MA,ANE,EN,Towers with Radar,1,34,99,5,139,0,18,112,2,132,1,52,211,7,271,78,0,78,349
09/26/2009,BED,MA,ANE,EN,Towers with Radar,3,27,53,1,84,0,18,319,2,339,3,45,372,3,423,312,0,312,735
09/27/2009,BED,MA,ANE,EN,Towers with Radar,0,33,77,2,112,0,33,97,2,132,0,66,174,4,244,0,0,0,244
09/28/2009,BED,MA,ANE,EN,Towers with Radar,1,25,79,3,108,1,32,184,3,220,2,57,263,6,328,60,0,60,388
09/29/2009,BED,MA,ANE,EN,Towers with Radar,0,25,94,1,120,0,3,122,1,126,0,28,216,2,246,142,0,142,388
09/30/2009,BED,MA,ANE,EN,Towers with Radar,1,34,103,8,146,1,47,223,8,279,2,81,326,16,425,136,0,136,561
10/01/2009,BED,MA,ANE,EN,Towers with Radar,0,40,118,2,160,0,25,140,0,165,0,65,258,2,325,196,0,196,521
10/02/2009,BED,MA,ANE,EN,Towers with Radar,1,58,121,10,190,1,86,322,1,410,2,144,443,11,600,202,0,202,802
10/03/2009,BED,MA,ANE,EN,Towers with Radar,0,24,52,0,76,0,24,52,0,76,0,48,104,0,152,0,0,0,152
10/04/2009,BED,MA,ANE,EN,Towers with Radar,2,32,109,0,143,0,9,81,0,90,2,41,190,0,233,228,0,228,461
10/05/2009,BED,MA,ANE,EN,Towers with Radar,1,25,84,0,110,1,36,231,0,268,2,61,315,0,378,132,0,132,510
10/06/2009,BED,MA,ANE,EN,Towers with Radar,1,46,224,1,272,0,14,224,1,239,1,60,448,2,511,266,0,266,777
10/07/2009,BED,MA,ANE,EN,Towers with Radar,0,42,116,3,161,0,10,24,0,34,0,52,140,3,195,14,0,14,209
10/08/2009,BED,MA,ANE,EN,Towers with Radar,1,42,92,6,141,0,22,112,0,134,1,64,204,6,275,166,0,166,441
10/09/2009,BED,MA,ANE,EN,Towers with Radar,2,49,116,3,170,2,56,187,3,248,4,105,303,6,418,92,0,92,510
10/10/2009,BED,MA,ANE,EN,Towers with Radar,2,30,69,2,103,0,15,136,1,152,2,45,205,3,255,166,0,166,421
10/11/2009,BED,MA,ANE,EN,Towers with Radar,2,36,61,0,99,0,12,165,2,179,2,48,226,2,278,182,0,182,460
10/12/2009,BED,MA,ANE,EN,Towers with Radar,2,38,104,3,147,0,19,287,7,313,2,57,391,10,460,250,0,250,710
10/13/2009,BED,MA,ANE,EN,Towers with Radar,0,41,97,2,140,0,52,113,2,167,0,93,210,4,307,43,0,43,350
10/14/2009,BED,MA,ANE,EN,Towers with Radar,1,31,101,7,140,1,57,303,8,369,2,88,404,15,509,152,0,152,661
10/15/2009,BED,MA,ANE,EN,Towers with Radar,1,40,117,0,158,0,24,153,0,177,1,64,270,0,335,148,0,148,483
10/16/2009,BED,MA,ANE,EN,Towers with Radar,2,47,82,1,132,2,54,121,1,178,4,101,203,2,310,90,0,90,400
10/17/2009,BED,MA,ANE,EN,Towers with Radar,3,33,58,0,94,1,33,237,0,271,4,66,295,0,365,294,0,294,659
10/18/2009,BED,MA,ANE,EN,Towers with Radar,0,38,59,2,99,0,38,59,2,99,0,76,118,4,198,0,0,0,198
10/19/2009,BED,MA,ANE,EN,Towers with Radar,2,44,192,15,253,0,16,116,15,147,2,60,308,30,400,197,0,197,597
10/20/2009,BED,MA,ANE,EN,Towers with Radar,2,20,129,2,153,2,28,304,3,337,4,48,433,5,490,224,0,224,714
10/21/2009,BED,MA,ANE,EN,Towers with Radar,1,42,254,1,298,0,10,175,2,187,1,52,429,3,485,229,0,229,714
10/22/2009,BED,MA,ANE,EN,Towers with Radar,3,38,101,5,147,0,19,162,3,184,3,57,263,8,331,174,0,174,505
10/23/2009,BED,MA,ANE,EN,Towers with Radar,4,47,103,5,159,4,54,184,7,249,8,101,287,12,408,96,0,96,504
10/24/2009,BED,MA,ANE,EN,Towers with Radar,1,20,34,3,58,0,0,0,0,0,1,20,34,3,58,0,0,0,58
10/25/2009,BED,MA,ANE,EN,Towers with Radar,3,31,80,2,116,3,52,335,4,394,6,83,415,6,510,311,0,311,821
10/26/2009,BED,MA,ANE,EN,Towers with Radar,1,23,98,0,122,1,38,228,0,267,2,61,326,0,389,274,0,274,663
10/27/2009,BED,MA,ANE,EN,Towers with Radar,0,35,125,2,162,0,40,169,2,211,0,75,294,4,373,65,0,65,438
10/28/2009,BED,MA,ANE,EN,Towers with Radar,1,33,99,0,133,0,0,0,0,0,1,33,99,0,133,0,0,0,133
10/29/2009,BED,MA,ANE,EN,Towers with Radar,0,35,109,3,147,0,29,120,0,149,0,64,229,3,296,156,0,156,452
10/30/2009,BED,MA,ANE,EN,Towers with Radar,2,52,280,6,340,0,9,176,5,190,2,61,456,11,530,202,4,206,736
10/31/2009,BED,MA,ANE,EN,Towers with Radar,13,22,56,0,91,13,23,75,0,111,26,45,131,0,202,32,0,32,234
11/01/2009,BED,MA,ANE,EN,Towers with Radar,1,29,84,3,117,0,5,186,5,196,1,34,270,8,313,306,0,306,619
11/02/2009,BED,MA,ANE,EN,Towers with Radar,1,48,89,5,143,1,68,190,5,264,2,116,279,10,407,141,0,141,548
11/03/2009,BED,MA,ANE,EN,Towers with Radar,2,23,75,2,102,0,15,134,2,151,2,38,209,4,253,232,0,232,485
11/04/2009,BED,MA,ANE,EN,Towers with Radar,0,26,105,10,141,0,23,161,5,189,0,49,266,15,330,218,0,218,548
11/05/2009,BED,MA,ANE,EN,Towers with Radar,2,35,123,5,165,0,7,73,0,80,2,42,196,5,245,134,0,134,379
11/06/2009,BED,MA,ANE,EN,Towers with Radar,2,29,88,5,124,2,56,205,5,268,4,85,293,10,392,46,0,46,438
11/07/2009,BED,MA,ANE,EN,Towers with Radar,2,24,59,1,86,2,41,252,1,296,4,65,311,2,382,250,0,250,632
11/08/2009,BED,MA,ANE,EN,Towers with Radar,1,41,70,4,116,0,22,161,8,191,1,63,231,12,307,148,2,150,457
11/09/2009,BED,MA,ANE,EN,Towers with Radar,0,28,75,3,106,0,41,186,3,230,0,69,261,6,336,102,0,102,438
11/10/2009,BED,MA,ANE,EN,Towers with Radar,0,37,59,0,96,0,5,27,0,32,0,42,86,0,128,0,0,0,128
11/11/2009,BED,MA,ANE,EN,Towers with Radar,0,21,103,1,125,0,33,204,3,240,0,54,307,4,365,148,0,148,513
11/12/2009,BED,MA,ANE,EN,Towers with Radar,1,37,110,6,154,0,16,160,1,177,1,53,270,7,331,176,0,176,507
11/13/2009,BED,MA,ANE,EN,Towers with Radar,0,10,10,1,21,3,45,110,8,166,3,55,120,9,187,30,0,30,217
11/14/2009,BED,MA,ANE,EN,Towers with Radar,1,30,39,0,70,1,30,39,0,70,2,60,78,0,140,0,0,0,140
11/15/2009,BED,MA,ANE,EN,Towers with Radar,2,39,74,9,124,2,42,103,9,156,4,81,177,18,280,82,0,82,362
11/16/2009,BED,MA,ANE,EN,Towers with Radar,0,31,88,0,119,0,38,261,0,299,0,69,349,0,418,165,0,165,583
11/17/2009,BED,MA,ANE,EN,Towers with Radar,0,55,146,0,201,0,18,178,0,196,0,73,324,0,397,138,0,138,535
11/18/2009,BED,MA,ANE,EN,Towers with Radar,2,49,103,4,158,2,70,288,6,366,4,119,391,10,524,252,0,252,776
11/19/2009,BED,MA,ANE,EN,Towers with Radar,2,70,279,2,353,0,20,151,0,171,2,90,430,2,524,190,0,190,714
11/20/2009,BED,MA,ANE,EN,Towers with Radar,5,46,102,0,153,5,48,153,0,206,10,94,255,0,359,36,0,36,395
11/21/2009,BED,MA,ANE,EN,Towers with Radar,3,16,57,0,76,0,22,239,3,264,3,38,296,3,340,275,0,275,615
11/22/2009,BED,MA,ANE,EN,Towers with Radar,5,33,77,5,120,0,0,0,0,0,5,33,77,5,120,335,6,341,461
11/23/2009,BED,MA,ANE,EN,Towers with Radar,0,32,112,7,151,0,10,39,0,49,0,42,151,7,200,46,0,46,246
11/24/2009,BED,MA,ANE,EN,Towers with Radar,0,57,131,2,190,0,0,0,0,0,0,57,131,2,190,0,0,0,190
11/25/2009,BED,MA,ANE,EN,Towers with Radar,0,53,140,0,193,0,53,140,0,193,0,106,280,0,386,0,0,0,386
11/26/2009,BED,MA,ANE,EN,Towers with Radar,0,16,26,0,42,0,0,0,0,0,0,16,26,0,42,0,0,0,42
11/27/2009,BED,MA,ANE,EN,Towers with Radar,2,29,36,0,67,2,29,37,0,68,4,58,73,0,135,0,0,0,135
11/28/2009,BED,MA,ANE,EN,Towers with Radar,2,22,49,0,73,2,22,55,0,79,4,44,104,0,152,1,0,1,153
11/29/2009,BED,MA,ANE,EN,Towers with Radar,1,63,131,0,195,1,93,481,2,577,2,156,612,2,772,226,0,226,998
11/30/2009,BED,MA,ANE,EN,Towers with Radar,0,39,75,0,114,0,51,124,0,175,0,90,199,0,289,100,0,100,389
12/01/2009,BED,MA,ANE,EN,Towers with Radar,1,36,80,3,120,0,19,160,3,182,1,55,240,6,302,169,0,169,471
12/02/2009,BED,MA,ANE,EN,Towers with Radar,0,36,103,1,140,0,49,214,1,264,0,85,317,2,404,212,0,212,616
12/03/2009,BED,MA,ANE,EN,Towers with Radar,0,33,77,0,110,0,54,27,0,81,0,87,104,0,191,37,0,37,228
12/04/2009,BED,MA,ANE,EN,Towers with Radar,0,30,101,5,136,0,21,178,0,199,0,51,279,5,335,206,0,206,541
12/05/2009,BED,MA,ANE,EN,Towers with Radar,0,16,35,2,53,0,7,78,0,85,0,23,113,2,138,164,0,164,302
12/06/2009,BED,MA,ANE,EN,Towers with Radar,0,33,74,2,109,0,15,99,5,119,0,48,173,7,228,118,0,118,346
12/07/2009,BED,MA,ANE,EN,Towers with Radar,2,27,82,3,114,2,41,188,7,238,4,68,270,10,352,72,4,76,428
12/08/2009,BED,MA,ANE,EN,Towers with Radar,1,34,85,3,123,1,47,286,8,342,2,81,371,11,465,280,0,280,745
12/09/2009,BED,MA,ANE,EN,Towers with Radar,2,29,70,2,103,0,0,0,0,0,2,29,70,2,103,0,0,0,103
12/10/2009,BED,MA,ANE,EN,Towers with Radar,1,36,88,3,128,0,14,55,0,69,1,50,143,3,197,110,5,115,312
12/11/2009,BED,MA,ANE,EN,Towers with Radar,2,68,170,2,242,0,16,85,0,101,2,84,255,2,343,28,0,28,371
12/12/2009,BED,MA,ANE,EN,Towers with Radar,0,21,53,4,78,0,27,217,4,248,0,48,270,8,326,216,0,216,542
12/13/2009,BED,MA,ANE,EN,Towers with Radar,0,34,54,0,88,0,4,110,3,117,0,38,164,3,205,181,0,181,386
12/14/2009,BED,MA,ANE,EN,Towers with Radar,0,32,98,1,131,0,16,139,0,155,0,48,237,1,286,215,0,215,501
12/15/2009,BED,MA,ANE,EN,Towers with Radar,0,35,112,1,148,0,18,84,0,102,0,53,196,1,250,126,0,126,376
12/16/2009,BED,MA,ANE,EN,Towers with Radar,1,30,101,2,134,0,15,100,8,123,1,45,201,10,257,116,0,116,373
12/17/2009,BED,MA,ANE,EN,Towers with Radar,0,50,84,1,135,0,63,181,2,246,0,113,265,3,381,90,0,90,471
12/18/2009,BED,MA,ANE,EN,Towers with Radar,1,38,86,2,127,0,10,157,0,167,1,48,243,2,294,168,0,168,462
12/19/2009,BED,MA,ANE,EN,Towers with Radar,2,28,49,0,79,2,37,242,2,283,4,65,291,2,362,262,0,262,624
12/20/2009,BED,MA,ANE,EN,Towers with Radar,0,26,25,0,51,0,0,0,0,0,0,26,25,0,51,0,0,0,51
12/21/2009,BED,MA,ANE,EN,Towers with Radar,1,38,60,0,99,0,15,72,1,88,1,53,132,1,187,36,0,36,223
12/22/2009,BED,MA,ANE,EN,Towers with Radar,2,27,67,0,96,0,15,115,0,130,2,42,182,0,226,118,0,118,344
12/23/2009,BED,MA,ANE,EN,Towers with Radar,2,50,59,0,111,1,65,143,12,221,3,115,202,12,332,82,0,82,414
12/24/2009,BED,MA,ANE,EN,Towers with Radar,1,18,28,0,47,0,14,26,0,40,1,32,54,0,87,74,0,74,161
12/25/2009,BED,MA,ANE,EN,Towers with Radar,0,14,24,0,38,0,14,26,0,40,0,28,50,0,78,0,0,0,78
12/26/2009,BED,MA,ANE,EN,Towers with Radar,2,47,59,0,108,0,0,0,0,0,2,47,59,0,108,0,0,0,108
12/27/2009,BED,MA,ANE,EN,Towers with Radar,0,41,67,0,108,0,7,21,0,28,0,48,88,0,136,48,0,48,184
12/28/2009,BED,MA,ANE,EN,Towers with Radar,0,31,35,0,66,0,38,63,0,101,0,69,98,0,167,38,0,38,205
12/29/2009,BED,MA,ANE,EN,Towers with Radar,4,20,34,1,59,4,24,51,2,81,8,44,85,3,140,14,28,42,182
12/30/2009,BED,MA,ANE,EN,Towers with Radar,2,33,89,2,126,0,17,165,0,182,2,50,254,2,308,294,14,308,616
12/31/2009,BED,MA,ANE,EN,Towers with Radar,3,23,30,0,56,0,0,25,0,25,3,23,55,0,81,54,0,54,135
01/01/2010,BED,MA,ANE,EN,Towers with Radar,0,21,40,0,61,0,2,16,1,19,0,23,56,1,80,28,0,28,108
01/02/2010,BED,MA,ANE,EN,Towers with Radar,0,28,52,0,80,0,0,0,0,0,0,28,52,0,80,0,0,0,80
01/03/2010,BED,MA,ANE,EN,Towers with Radar,3,46,64,1,114,0,1,0,0,1,3,47,64,1,115,0,0,0,115
01/04/2010,BED,MA,ANE,EN,Towers with Radar,1,42,67,1,111,1,55,140,1,197,2,97,207,2,308,64,0,64,372
01/05/2010,BED,MA,ANE,EN,Towers with Radar,2,32,56,0,90,2,46,160,0,208,4,78,216,0,298,162,0,162,460
01/06/2010,BED,MA,ANE,EN,Towers with Radar,2,30,52,1,85,0,11,114,0,125,2,41,166,1,210,167,0,167,377
01/07/2010,BED,MA,ANE,EN,Towers with Radar,0,15,85,1,101,0,13,96,0,109,0,28,181,1,210,126,0,126,336
01/08/2010,BED,MA,ANE,EN,Towers with Radar,0,23,40,0,63,0,0,2,0,2,0,23,42,0,65,0,0,0,65
01/09/2010,BED,MA,ANE,EN,Towers with Radar,0,19,45,0,64,0,35,165,2,202,0,54,210,2,266,166,0,166,432
01/10/2010,BED,MA,ANE,EN,Towers with Radar,1,28,57,0,86,1,35,178,0,214,2,63,235,0,300,230,0,230,530
01/11/2010,BED,MA,ANE,EN,Towers with Radar,4,25,74,0,103,0,7,90,0,97,4,32,164,0,200,138,0,138,338
01/12/2010,BED,MA,ANE,EN,Towers with Radar,3,37,81,3,124,0,17,75,0,92,3,54,156,3,216,168,0,168,384
01/13/2010,BED,MA,ANE,EN,Towers with Radar,2,35,61,5,103,0,7,65,0,72,2,42,126,5,175,96,0,96,271
01/14/2010,BED,MA,ANE,EN,Towers with Radar,2,62,88,0,152,0,14,133,0,147,2,76,221,0,299,253,0,253,552
01/15/2010,BED,MA,ANE,EN,Towers with Radar,0,46,121,0,167,0,18,96,0,114,0,64,217,0,281,94,0,94,375
01/16/2010,BED,MA,ANE,EN,Towers with Radar,1,21,42,0,64,0,23,265,0,288,1,44,307,0,352,370,0,370,722
01/17/2010,BED,MA,ANE,EN,Towers with Radar,0,31,54,0,85,0,7,56,0,63,0,38,110,0,148,136,0,136,284
01/18/2010,BED,MA,ANE,EN,Towers with Radar,0,31,67,0,98,0,31,67,0,98,0,62,134,0,196,0,0,0,196
01/19/2010,BED,MA,ANE,EN,Towers with Radar,0,37,72,0,109,0,0,0,0,0,0,37,72,0,109,0,0,0,109
01/20/2010,BED,MA,ANE,EN,Towers with Radar,1,42,93,4,140,0,20,50,0,70,1,62,143,4,210,134,0,134,344
01/21/2010,BED,MA,ANE,EN,Towers with Radar,2,30,86,3,121,2,42,247,4,295,4,72,333,7,416,204,0,204,620
01/22/2010,BED,MA,ANE,EN,Towers with Radar,0,25,87,2,114,0,17,137,0,154,0,42,224,2,268,120,0,120,388
01/23/2010,BED,MA,ANE,EN,Towers with Radar,2,21,63,2,88,0,14,188,1,203,2,35,251,3,291,370,0,370,661
01/24/2010,BED,MA,ANE,EN,Towers with Radar,1,50,66,0,117,0,4,128,0,132,1,54,194,0,249,270,0,270,519
01/25/2010,BED,MA,ANE,EN,Towers with Radar,0,22,60,0,82,0,0,0,0,0,0,22,60,0,82,0,0,0,82
01/26/2010,BED,MA,ANE,EN,Towers with Radar,0,37,93,3,133,0,53,210,5,268,0,90,303,8,401,190,0,190,591
01/27/2010,BED,MA,ANE,EN,Towers with Radar,2,39,79,0,120,0,19,141,8,168,2,58,220,8,288,236,0,236,524
01/28/2010,BED,MA,ANE,EN,Towers with Radar,0,36,88,0,124,0,3,30,0,33,0,39,118,0,157,70,0,70,227
01/29/2010,BED,MA,ANE,EN,Towers with Radar,1,26,53,0,80,0,0,19,0,19,1,26,72,0,99,18,0,18,117
01/30/2010,BED,MA,ANE,EN,Towers with Radar,1,19,64,2,86,0,25,180,1,206,1,44,244,3,292,191,0,191,483
01/31/2010,BED,MA,ANE,EN,Towers with Radar,2,33,66,1,102,0,17,195,2,214,2,50,261,3,316,264,0,264,580
02/01/2010,BED,MA,ANE,EN,Towers with Radar,2,32,84,0,118,0,19,86,4,109,2,51,170,4,227,126,0,126,353
02/02/2010,BED,MA,ANE,EN,Towers with Radar,1,29,67,1,98,0,16,69,0,85,1,45,136,1,183,128,0,128,311
02/03/2010,BED,MA,ANE,EN,Towers with Radar,0,32,75,7,114,0,39,137,13,189,0,71,212,20,303,36,0,36,339
02/04/2010,BED,MA,ANE,EN,Towers with Radar,0,49,79,2,130,0,59,207,4,270,0,108,286,6,400,220,0,220,620
02/05/2010,BED,MA,ANE,EN,Towers with Radar,0,36,71,1,108,0,52,191,19,262,0,88,262,20,370,116,0,116,486
02/06/2010,BED,MA,ANE,EN,Towers with Radar,1,15,38,0,54,1,26,143,1,171,2,41,181,1,225,276,2,278,503
02/07/2010,BED,MA,ANE,EN,Towers with Radar,0,32,56,0,88,0,37,165,2,204,0,69,221,2,292,124,0,124,416
02/08/2010,BED,MA,ANE,EN,Towers with Radar,1,33,82,0,116,0,7,60,2,69,1,40,142,2,185,122,0,122,307
02/09/2010,BED,MA,ANE,EN,Towers with Radar,2,45,94,1,142,2,71,257,3,333,4,116,351,4,475,313,0,313,788
02/10/2010,BED,MA,ANE,EN,Towers with Radar,0,19,32,0,51,0,0,10,0,10,0,19,42,0,61,12,0,12,73
02/11/2010,BED,MA,ANE,EN,Towers with Radar,2,41,101,1,145,0,12,64,1,77,2,53,165,2,222,80,0,80,302
02/12/2010,BED,MA,ANE,EN,Towers with Radar,1,61,117,1,180,0,10,109,2,121,1,71,226,3,301,106,1,107,408
02/13/2010,BED,MA,ANE,EN,Towers with Radar,0,32,65,5,102,0,44,285,6,335,0,76,350,11,437,292,0,292,729
02/14/2010,BED,MA,ANE,EN,Towers with Radar,0,37,31,2,70,0,17,106,0,123,0,54,137,2,193,154,2,156,349
02/15/2010,BED,MA,ANE,EN,Towers with Radar,1,32,63,0,96,0,29,128,0,157,1,61,191,0,253,252,0,252,505
02/16/2010,BED,MA,ANE,EN,Towers with Radar,0,32,44,0,76,0,32,44,0,76,0,64,88,0,152,0,0,0,152
02/17/2010,BED,MA,ANE,EN,Towers with Radar,2,49,70,1,122,2,59,162,2,225,4,108,232,3,347,104,0,104,451
02/18/2010,BED,MA,ANE,EN,Towers with Radar,0,40,81,2,123,0,16,107,1,124,0,56,188,3,247,174,0,174,421
02/19/2010,BED,MA,ANE,EN,Towers with Radar,1,46,73,1,121,1,74,124,2,201,2,120,197,3,322,62,0,62,384
02/20/2010,BED,MA,ANE,EN,Towers with Radar,0,36,69,2,107,0,16,143,0,159,0,52,212,2,266,226,0,226,492
02/21/2010,BED,MA,ANE,EN,Towers with Radar,3,46,73,3,125,3,63,191,3,260,6,109,264,6,385,250,0,250,635
02/22/2010,BED,MA,ANE,EN,Towers with Radar,1,36,75,0,112,0,3,119,0,122,1,39,194,0,234,236,0,236,470
02/23/2010,BED,MA,ANE,EN,Towers with Radar,0,24,62,0,86,0,4,13,0,17,0,28,75,0,103,26,0,26,129
02/24/2010,BED,MA,ANE,EN,Towers with Radar,0,33,95,2,130,0,0,0,0,0,0,33,95,2,130,0,0,0,130
02/25/2010,BED,MA,ANE,EN,Towers with Radar,0,47,57,0,104,0,0,0,0,0,0,47,57,0,104,10,0,10,114
02/26/2010,BED,MA,ANE,EN,Towers with Radar,0,31,61,0,92,0,0,2,0,2,0,31,63,0,94,0,0,0,94
02/27/2010,BED,MA,ANE,EN,Towers with Radar,0,9,23,1,33,0,11,26,1,38,0,20,49,2,71,26,0,26,97
02/28/2010,BED,MA,ANE,EN,Towers with Radar,0,34,76,1,111,0,48,122,2,172,0,82,198,3,283,130,0,130,413
03/01/2010,BED,MA,ANE,EN,Towers with Radar,1,31,59,0,91,1,43,75,0,119,2,74,134,0,210,16,0,16,226
03/02/2010,BED,MA,ANE,EN,Towers with Radar,0,60,85,2,147,0,10,142,2,154,0,70,227,4,301,254,0,254,555
03/03/2010,BED,MA,ANE,EN,Towers with Radar,0,53,82,0,135,0,1,1,0,2,0,54,83,0,137,0,0,0,137
03/04/2010,BED,MA,ANE,EN,Towers with Radar,1,52,106,3,162,0,0,8,0,8,1,52,114,3,170,20,0,20,190
03/05/2010,BED,MA,ANE,EN,Towers with Radar,3,27,99,6,135,0,20,91,2,113,3,47,190,8,248,220,0,220,468
03/06/2010,BED,MA,ANE,EN,Towers with Radar,2,19,43,1,65,2,37,273,1,313,4,56,316,2,378,288,0,288,666
03/07/2010,BED,MA,ANE,EN,Towers with Radar,2,35,71,2,110,0,11,248,7,266,2,46,319,9,376,223,0,223,599
03/08/2010,BED,MA,ANE,EN,Towers with Radar,1,38,82,0,121,1,51,200,0,252,2,89,282,0,373,182,0,182,555
03/09/2010,BED,MA,ANE,EN,Towers with Radar,0,25,82,4,111,0,38,262,6,306,0,63,344,10,417,228,14,242,659
03/10/2010,BED,MA,ANE,EN,Towers with Radar,0,46,106,2,154,0,15,173,2,190,0,61,279,4,344,212,0,212,556
03/11/2010,BED,MA,ANE,EN,Towers with Radar,2,51,104,0,157,0,15,138,0,153,2,66,242,0,310,194,0,194,504
03/12/2010,BED,MA,ANE,EN,Towers with Radar,4,50,102,1,157,0,7,76,0,83,4,57,178,1,240,72,0,72,312
03/13/2010,BED,MA,ANE,EN,Towers with Radar,2,19,48,1,70,0,2,15,0,17,2,21,63,1,87,34,0,34,121
03/14/2010,BED,MA,ANE,EN,Towers with Radar,1,27,56,0,84,0,0,0,0,0,1,27,56,0,84,0,0,0,84
03/15/2010,BED,MA,ANE,EN,Towers with Radar,0,24,63,0,87,0,0,0,0,0,0,24,63,0,87,0,0,0,87
03/16/2010,BED,MA,ANE,EN,Towers with Radar,2,37,182,6,227,2,56,200,15,273,4,93,382,21,500,168,0,168,668
03/17/2010,BED,MA,ANE,EN,Towers with Radar,2,39,82,3,126,1,15,208,1,225,3,54,290,4,351,297,0,297,648
03/18/2010,BED,MA,ANE,EN,Towers with Radar,1,33,118,4,156,0,14,163,3,180,1,47,281,7,336,235,0,235,571
03/19/2010,BED,MA,ANE,EN,Towers with Radar,2,28,114,4,148,0,31,186,2,219,2,59,300,6,367,230,0,230,597
03/20/2010,BED,MA,ANE,EN,Towers with Radar,0,10,55,7,72,0,24,357,9,390,0,34,412,16,462,346,0,346,808
03/21/2010,BED,MA,ANE,EN,Towers with Radar,2,82,25,2,111,0,18,181,5,204,2,100,206,7,315,314,0,314,629
03/22/2010,BED,MA,ANE,EN,Towers with Radar,1,45,97,0,143,0,0,0,0,0,1,45,97,0,143,0,0,0,143
03/23/2010,BED,MA,ANE,EN,Towers with Radar,2,33,94,3,132,0,0,0,0,0,2,33,94,3,132,0,0,0,132
03/24/2010,BED,MA,ANE,EN,Towers with Radar,3,42,83,3,131,0,10,61,1,72,3,52,144,4,203,60,0,60,263
03/25/2010,BED,MA,ANE,EN,Towers with Radar,1,46,95,1,143,0,42,164,9,215,1,88,259,10,358,208,18,226,584
03/26/2010,BED,MA,ANE,EN,Towers with Radar,0,32,71,1,104,0,11,62,0,73,0,43,133,1,177,72,0,72,249
03/27/2010,BED,MA,ANE,EN,Towers with Radar,1,39,54,2,96,0,20,246,2,268,1,59,300,4,364,327,0,327,691
03/28/2010,BED,MA,ANE,EN,Towers with Radar,1,50,85,3,139,0,14,148,3,165,1,64,233,6,304,255,0,255,559
03/29/2010,BED,MA,ANE,EN,Towers with Radar,2,40,72,2,116,0,0,0,0,0,2,40,72,2,116,0,0,0,116
03/30/2010,BED,MA,ANE,EN,Towers with Radar,0,29,83,0,112,0,29,83,0,112,0,58,166,0,224,0,0,0,224
03/31/2010,BED,MA,ANE,EN,Towers with Radar,0,59,110,3,172,0,59,110,3,172,0,118,220,6,344,0,0,0,344
04/01/2010,BED,MA,ANE,EN,Towers with Radar,1,43,127,0,171,0,10,143,0,153,1,53,270,0,324,180,0,180,504
04/02/2010,BED,MA,ANE,EN,Towers with Radar,1,38,107,2,148,0,31,235,2,268,1,69,342,4,416,296,0,296,712
04/03/2010,BED,MA,ANE,EN,Towers with Radar,0,26,56,0,82,0,34,365,0,399,0,60,421,0,481,239,0,239,720
04/04/2010,BED,MA,ANE,EN,Towers with Radar,0,36,71,1,108,0,11,146,9,166,0,47,217,10,274,141,0,141,415
04/05/2010,BED,MA,ANE,EN,Towers with Radar,2,57,74,6,139,0,15,154,1,170,2,72,228,7,309,192,0,192,501
04/06/2010,BED,MA,ANE,EN,Towers with Radar,2,38,92,6,138,0,13,142,3,158,2,51,234,9,296,284,0,284,580
04/07/2010,BED,MA,ANE,EN,Towers with Radar,2,54,87,4,147,0,14,166,3,183,2,68,253,7,330,256,0,256,586
04/08/2010,BED,MA,ANE,EN,Towers with Radar,0,54,115,2,171,0,18,93,0,111,0,72,208,2,282,186,0,186,468
04/09/2010,BED,MA,ANE,EN,Towers with Radar,2,50,105,6,163,0,0,0,0,0,2,50,105,6,163,0,0,0,163
04/10/2010,BED,MA,ANE,EN,Towers with Radar,1,16,47,0,64,0,16,130,0,146,1,32,177,0,210,136,0,136,346
04/11/2010,BED,MA,ANE,EN,Towers with Radar,2,27,72,4,105,0,20,160,15,195,2,47,232,19,300,148,0,148,448
04/12/2010,BED,MA,ANE,EN,Towers with Radar,5,34,87,4,130,5,54,255,4,318,10,88,342,8,448,288,0,288,736
04/13/2010,BED,MA,ANE,EN,Towers with Radar,3,35,93,1,132,3,56,262,2,323,6,91,355,3,455,276,0,276,731
04/14/2010,BED,MA,ANE,EN,Towers with Radar,2,58,97,2,159,0,4,212,0,216,2,62,309,2,375,238,0,238,613
04/15/2010,BED,MA,ANE,EN,Towers with Radar,2,57,111,3,173,0,15,149,0,164,2,72,260,3,337,212,0,212,549
04/16/2010,BED,MA,ANE,EN,Towers with Radar,2,42,131,2,177,0,0,4,0,4,2,42,135,2,181,0,0,0,181
04/17/2010,BED,MA,ANE,EN,Towers with Radar,2,35,65,1,103,0,0,0,0,0,2,35,65,1,103,0,0,0,103
04/18/2010,BED,MA,ANE,EN,Towers with Radar,2,46,78,1,127,2,53,149,1,205,4,99,227,2,332,153,0,153,485
04/19/2010,BED,MA,ANE,EN,Towers with Radar,1,46,100,0,147,0,31,129,2,162,1,77,229,2,309,244,0,244,553
04/20/2010,BED,MA,ANE,EN,Towers with Radar,0,53,98,4,155,0,40,201,0,241,0,93,299,4,396,174,0,174,570
04/21/2010,BED,MA,ANE,EN,Towers with Radar,2,53,79,2,136,0,17,195,7,219,2,70,274,9,355,215,0,215,570
04/22/2010,BED,MA,ANE,EN,Towers with Radar,3,67,95,1,166,0,21,111,1,133,3,88,206,2,299,155,0,155,454
04/23/2010,BED,MA,ANE,EN,Towers with Radar,0,57,91,3,151,0,25,125,5,155,0,82,216,8,306,168,0,168,474
04/24/2010,BED,MA,ANE,EN,Towers with Radar,3,48,72,3,126,0,16,346,6,368,3,64,418,9,494,304,0,304,798
04/25/2010,BED,MA,ANE,EN,Towers with Radar,2,58,118,5,183,2,72,288,8,370,4,130,406,13,553,296,0,296,849
04/26/2010,BED,MA,ANE,EN,Towers with Radar,1,47,148,2,198,0,7,41,0,48,1,54,189,2,246,137,0,137,383
04/27/2010,BED,MA,ANE,EN,Towers with Radar,0,27,109,4,140,0,30,132,4,166,0,57,241,8,306,59,0,59,365
04/28/2010,BED,MA,ANE,EN,Towers with Radar,1,43,98,0,142,0,6,52,0,58,1,49,150,0,200,126,0,126,326
04/29/2010,BED,MA,ANE,EN,Towers with Radar,0,37,136,3,176,0,4,51,1,56,0,41,187,4,232,102,0,102,334
04/30/2010,BED,MA,ANE,EN,Towers with Radar,2,41,74,8,125,0,23,261,5,289,2,64,335,13,414,274,6,280,694
05/01/2010,BED,MA,ANE,EN,Towers with Radar,0,28,63,3,94,0,48,309,8,365,0,76,372,11,459,337,0,337,796
05/02/2010,BED,MA,ANE,EN,Towers with Radar,0,28,74,1,103,0,10,129,0,139,0,38,203,1,242,324,0,324,566
05/03/2010,BED,MA,ANE,EN,Towers with Radar,4,26,95,1,126,0,18,56,7,81,4,44,151,8,207,48,0,48,255
05/04/2010,BED,MA,ANE,EN,Towers with Radar,1,25,104,0,130,0,20,122,34,176,1,45,226,34,306,132,0,132,438
05/05/2010,BED,MA,ANE,EN,Towers with Radar,0,52,89,7,148,0,12,207,4,223,0,64,296,11,371,261,0,261,632
05/06/2010,BED,MA,ANE,EN,Towers with Radar,1,46,110,2,159,0,30,97,5,132,1,76,207,7,291,117,0,117,408
05/07/2010,BED,MA,ANE,EN,Towers with Radar,0,39,93,3,135,32,182,35,38,287,32,221,128,41,422,196,0,196,618
05/08/2010,BED,MA,ANE,EN,Towers with Radar,0,24,30,1,55,0,24,30,5,59,0,48,60,6,114,0,0,0,114
05/09/2010,BED,MA,ANE,EN,Towers with Radar,3,39,62,6,110,3,55,133,15,206,6,94,195,21,316,68,0,68,384
05/10/2010,BED,MA,ANE,EN,Towers with Radar,1,52,91,0,144,1,70,209,1,281,2,122,300,1,425,132,0,132,557
05/11/2010,BED,MA,ANE,EN,Towers with Radar,2,31,84,2,119,0,16,133,0,149,2,47,217,2,268,210,0,210,478
05/12/2010,BED,MA,ANE,EN,Towers with Radar,0,33,109,4,146,0,45,171,6,222,0,78,280,10,368,138,0,138,506
05/13/2010,BED,MA,ANE,EN,Towers with Radar,0,42,113,0,155,0,66,328,0,394,0,108,441,0,549,311,0,311,860
05/14/2010,BED,MA,ANE,EN,Towers with Radar,0,40,109,6,155,0,25,51,0,76,0,65,160,6,231,56,0,56,287
05/15/2010,BED,MA,ANE,EN,Towers with Radar,5,32,82,3,122,0,22,173,5,200,5,54,255,8,322,134,0,134,456
05/16/2010,BED,MA,ANE,EN,Towers with Radar,0,42,82,0,124,0,57,359,9,425,0,99,441,9,549,342,0,342,891
05/17/2010,BED,MA,ANE,EN,Towers with Radar,0,33,109,3,145,0,18,133,8,159,0,51,242,11,304,192,0,192,496
05/18/2010,BED,MA,ANE,EN,Towers with Radar,0,30,91,0,121,0,37,187,0,224,0,67,278,0,345,227,0,227,572
05/19/2010,BED,MA,ANE,EN,Towers with Radar,1,41,119,6,167,0,0,0,0,0,1,41,119,6,167,0,0,0,167
05/20/2010,BED,MA,ANE,EN,Towers with Radar,0,35,105,3,143,0,23,177,4,204,0,58,282,7,347,310,0,310,657
05/21/2010,BED,MA,ANE,EN,Towers with Radar,0,24,75,9,108,0,13,211,0,224,0,37,286,9,332,251,0,251,583
05/22/2010,BED,MA,ANE,EN,Towers with Radar,0,20,52,6,78,0,33,286,13,332,0,53,338,19,410,238,0,238,648
05/23/2010,BED,MA,ANE,EN,Towers with Radar,0,51,105,2,158,0,23,116,2,141,0,74,221,4,299,378,0,378,677
05/24/2010,BED,MA,ANE,EN,Towers with Radar,0,41,104,0,145,0,60,280,1,341,0,101,384,1,486,222,0,222,708
05/25/2010,BED,MA,ANE,EN,Towers with Radar,2,41,107,2,152,2,58,268,5,333,4,99,375,7,485,375,0,375,860
05/26/2010,BED,MA,ANE,EN,Towers with Radar,2,37,111,4,154,2,43,319,7,371,4,80,430,11,525,351,0,351,876
05/27/2010,BED,MA,ANE,EN,Towers with Radar,8,56,106,2,172,0,23,129,0,152,8,79,235,2,324,178,0,178,502
05/28/2010,BED,MA,ANE,EN,Towers with Radar,0,45,93,0,138,0,27,220,4,251,0,72,313,4,389,284,8,292,681
05/29/2010,BED,MA,ANE,EN,Towers with Radar,0,26,50,0,76,0,7,145,1,153,0,33,195,1,229,211,0,211,440
05/30/2010,BED,MA,ANE,EN,Towers with Radar,1,23,47,0,71,0,11,110,0,121,1,34,157,0,192,280,0,280,472
05/31/2010,BED,MA,ANE,EN,Towers with Radar,3,52,117,2,174,0,5,138,0,143,3,57,255,2,317,244,0,244,561
06/01/2010,BED,MA,ANE,EN,Towers with Radar,0,31,91,1,123,0,7,49,1,57,0,38,140,2,180,62,0,62,242
06/02/2010,BED,MA,ANE,EN,Towers with Radar,2,43,110,2,157,0,14,184,4,202,2,57,294,6,359,296,0,296,655
06/03/2010,BED,MA,ANE,EN,Towers with Radar,0,33,99,9,141,0,2,58,2,62,0,35,157,11,203,104,0,104,307
06/04/2010,BED,MA,ANE,EN,Towers with Radar,0,38,103,4,145,0,14,172,0,186,0,52,275,4,331,254,0,254,585
06/05/2010,BED,MA,ANE,EN,Towers with Radar,0,18,52,0,70,0,23,121,0,144,0,41,173,0,214,162,0,162,376
06/06/2010,BED,MA,ANE,EN,Towers with Radar,0,37,48,0,85,0,0,1,0,1,0,37,49,0,86,0,0,0,86
06/07/2010,BED,MA,ANE,EN,Towers with Radar,3,30,91,1,125,3,37,243,1,284,6,67,334,2,409,306,0,306,715
06/08/2010,BED,MA,ANE,EN,Towers with Radar,1,33,137,1,172,1,46,369,23,439,2,79,506,24,611,236,0,236,847
06/09/2010,BED,MA,ANE,EN,Towers with Radar,0,30,110,0,140,0,45,273,0,318,0,75,383,0,458,216,0,216,674
06/10/2010,BED,MA,ANE,EN,Towers with Radar,0,53,163,10,226,0,0,0,0,0,0,53,163,10,226,0,0,0,226
06/11/2010,BED,MA,ANE,EN,Towers with Radar,0,33,153,0,186,0,11,89,0,100,0,44,242,0,286,228,0,228,514
06/12/2010,BED,MA,ANE,EN,Towers with Radar,0,32,65,2,99,0,35,137,3,175,0,67,202,5,274,248,2,250,524
06/13/2010,BED,MA,ANE,EN,Towers with Radar,1,55,122,0,178,1,55,122,0,178,2,110,244,0,356,0,0,0,356
06/14/2010,BED,MA,ANE,EN,Towers with Radar,3,29,104,0,136,0,8,63,0,71,3,37,167,0,207,186,0,186,393
06/15/2010,BED,MA,ANE,EN,Towers with Radar,0,37,96,2,135,0,58,344,11,413,0,95,440,13,548,366,0,366,914
06/16/2010,BED,MA,ANE,EN,Towers with Radar,1,55,105,0,161,0,1,157,2,160,1,56,262,2,321,272,0,272,593
06/17/2010,BED,MA,ANE,EN,Towers with Radar,0,41,132,4,177,0,7,92,1,100,0,48,224,5,277,178,8,186,463
06/18/2010,BED,MA,ANE,EN,Towers with Radar,3,30,102,5,140,0,22,198,2,222,3,52,300,7,362,318,0,318,680
06/19/2010,BED,MA,ANE,EN,Towers with Radar,1,19,54,1,75,0,8,218,0,226,1,27,272,1,301,240,0,240,541
06/20/2010,BED,MA,ANE,EN,Towers with Radar,0,37,88,2,127,0,51,246,3,300,0,88,334,5,427,200,0,200,627
06/21/2010,BED,MA,ANE,EN,Towers with Radar,0,44,88,6,138,0,7,222,5,234,0,51,310,11,372,273,0,273,645
06/22/2010,BED,MA,ANE,EN,Towers with Radar,0,44,94,3,141,0,59,263,4,326,0,103,357,7,467,430,0,430,897
06/23/2010,BED,MA,ANE,EN,Towers with Radar,0,34,115,2,151,0,39,220,6,265,0,73,335,8,416,191,0,191,607
06/24/2010,BED,MA,ANE,EN,Towers with Radar,0,36,94,0,130,0,49,188,1,238,0,85,282,1,368,178,0,178,546
06/25/2010,BED,MA,ANE,EN,Towers with Radar,0,34,83,2,119,0,14,246,1,261,0,48,329,3,380,232,0,232,612
06/26/2010,BED,MA,ANE,EN,Towers with Radar,0,12,51,2,65,0,28,220,6,254,0,40,271,8,319,231,0,231,550
06/27/2010,BED,MA,ANE,EN,Towers with Radar,0,29,100,0,129,0,7,132,1,140,0,36,232,1,269,278,0,278,547
06/28/2010,BED,MA,ANE,EN,Towers with Radar,0,34,93,3,130,0,8,53,5,66,0,42,146,8,196,89,0,89,285
06/29/2010,BED,MA,ANE,EN,Towers with Radar,1,31,102,5,139,1,56,282,6,345,2,87,384,11,484,270,0,270,754
06/30/2010,BED,MA,ANE,EN,Towers with Radar,1,38,91,0,130,0,25,195,2,222,1,63,286,2,352,216,0,216,568
07/01/2010,BED,MA,ANE,EN,Towers with Radar,0,36,90,5,131,0,15,256,2,273,0,51,346,7,404,248,4,252,656
07/02/2010,BED,MA,ANE,EN,Towers with Radar,0,28,53,0,81,0,14,170,18,202,0,42,223,18,283,146,0,146,429
07/03/2010,BED,MA,ANE,EN,Towers with Radar,0,14,51,1,66,0,26,230,5,261,0,40,281,6,327,354,0,354,681
07/04/2010,BED,MA,ANE,EN,Towers with Radar,0,10,36,0,46,0,24,171,4,199,0,34,207,4,245,144,0,144,389
07/05/2010,BED,MA,ANE,EN,Towers with Radar,0,34,80,1,115,0,49,266,2,317,0,83,346,3,432,305,2,307,739
07/06/2010,BED,MA,ANE,EN,Towers with Radar,0,31,70,3,104,0,40,204,8,252,0,71,274,11,356,108,0,108,464
07/07/2010,BED,MA,ANE,EN,Towers with Radar,0,31,103,1,135,0,37,268,12,317,0,68,371,13,452,212,0,212,664
07/08/2010,BED,MA,ANE,EN,Towers with Radar,3,35,92,3,133,3,50,245,6,304,6,85,337,9,437,308,0,308,745
07/09/2010,BED,MA,ANE,EN,Towers with Radar,5,31,70,15,121,0,15,161,2,178,5,46,231,17,299,258,0,258,557
07/10/2010,BED,MA,ANE,EN,Towers with Radar,0,18,38,2,58,0,21,93,6,120,0,39,131,8,178,196,0,196,374
07/11/2010,BED,MA,ANE,EN,Towers with Radar,0,50,89,1,140,0,64,215,7,286,0,114,304,8,426,304,0,304,730
07/12/2010,BED,MA,ANE,EN,Towers with Radar,0,37,91,2,130,0,9,139,3,151,0,46,230,5,281,188,0,188,469
07/13/2010,BED,MA,ANE,EN,Towers with Radar,0,39,111,3,153,0,49,246,8,303,0,88,357,11,456,334,0,334,790
07/14/2010,BED,MA,ANE,EN,Towers with Radar,0,40,101,1,142,0,0,0,0,0,0,40,101,1,142,0,0,0,142
07/15/2010,BED,MA,ANE,EN,Towers with Radar,0,45,158,0,203,0,39,146,16,201,0,84,304,16,404,280,0,280,684
07/16/2010,BED,MA,ANE,EN,Towers with Radar,0,29,125,5,159,0,7,85,20,112,0,36,210,25,271,226,0,226,497
07/17/2010,BED,MA,ANE,EN,Towers with Radar,0,8,41,10,59,0,13,164,1,178,0,21,205,11,237,235,8,243,480
07/18/2010,BED,MA,ANE,EN,Towers with Radar,1,30,86,4,121,0,10,194,0,204,1,40,280,4,325,218,0,218,543
07/19/2010,BED,MA,ANE,EN,Towers with Radar,1,34,56,2,93,0,12,151,2,165,1,46,207,4,258,261,0,261,519
07/20/2010,BED,MA,ANE,EN,Towers with Radar,1,29,96,0,126,1,56,257,0,314,2,85,353,0,440,310,0,310,750
07/21/2010,BED,MA,ANE,EN,Towers with Radar,0,33,73,0,106,0,7,84,0,91,0,40,157,0,197,90,0,90,287
07/22/2010,BED,MA,ANE,EN,Towers with Radar,0,43,84,0,127,0,70,284,3,357,0,113,368,3,484,282,0,282,766
07/23/2010,BED,MA,ANE,EN,Towers with Radar,0,38,98,6,142,0,7,80,3,90,0,45,178,9,232,176,0,176,408
07/24/2010,BED,MA,ANE,EN,Towers with Radar,1,21,42,1,65,0,9,62,0,71,1,30,104,1,136,76,0,76,212
07/25/2010,BED,MA,ANE,EN,Towers with Radar,1,32,59,9,101,1,43,224,20,288,2,75,283,29,389,206,4,210,599
07/26/2010,BED,MA,ANE,EN,Towers with Radar,0,35,82,1,118,0,13,121,11,145,0,48,203,12,263,168,18,186,449
07/27/2010,BED,MA,ANE,EN,Towers with Radar,0,37,85,5,127,0,52,287,11,350,0,89,372,16,477,280,0,280,757
07/28/2010,BED,MA,ANE,EN,Towers with Radar,0,38,99,2,139,0,15,167,2,184,0,53,266,4,323,254,0,254,577
07/29/2010,BED,MA,ANE,EN,Towers with Radar,2,52,106,0,160,0,9,133,0,142,2,61,239,0,302,200,0,200,502
07/30/2010,BED,MA,ANE,EN,Towers with Radar,0,42,92,2,136,0,66,351,2,419,0,108,443,4,555,336,0,336,891
07/31/2010,BED,MA,ANE,EN,Towers with Radar,0,21,56,1,78,0,15,167,3,185,0,36,223,4,263,262,0,262,525
08/01/2010,BED,MA,ANE,EN,Towers with Radar,0,21,70,6,97,0,27,305,7,339,0,48,375,13,436,297,0,297,733
08/02/2010,BED,MA,ANE,EN,Towers with Radar,0,23,73,1,97,0,12,160,0,172,0,35,233,1,269,248,0,248,517
08/03/2010,BED,MA,ANE,EN,Towers with Radar,0,34,90,2,126,0,48,269,8,325,0,82,359,10,451,284,0,284,735
08/04/2010,BED,MA,ANE,EN,Towers with Radar,0,31,103,0,134,0,54,194,8,256,0,85,297,8,390,248,0,248,638
08/05/2010,BED,MA,ANE,EN,Towers with Radar,0,41,109,1,151,0,48,141,2,191,0,89,250,3,342,139,0,139,481
08/06/2010,BED,MA,ANE,EN,Towers with Radar,0,31,98,1,130,0,6,177,2,185,0,37,275,3,315,170,0,170,485
08/07/2010,BED,MA,ANE,EN,Towers with Radar,0,22,61,2,85,0,33,266,2,301,0,55,327,4,386,319,0,319,705
08/08/2010,BED,MA,ANE,EN,Towers with Radar,0,25,75,0,100,0,27,183,5,215,0,52,258,5,315,208,0,208,523
08/09/2010,BED,MA,ANE,EN,Towers with Radar,0,23,103,2,128,0,15,120,11,146,0,38,223,13,274,204,8,212,486
08/10/2010,BED,MA,ANE,EN,Towers with Radar,2,30,84,6,122,0,12,159,12,183,2,42,243,18,305,352,0,352,657
08/11/2010,BED,MA,ANE,EN,Towers with Radar,0,43,111,0,154,0,12,201,0,213,0,55,312,0,367,284,0,284,651
08/12/2010,BED,MA,ANE,EN,Towers with Radar,1,32,139,0,172,0,12,148,0,160,1,44,287,0,332,188,0,188,520
08/13/2010,BED,MA,ANE,EN,Towers with Radar,2,24,92,9,127,0,13,144,6,163,2,37,236,15,290,236,0,236,526
08/14/2010,BED,MA,ANE,EN,Towers with Radar,0,16,48,0,64,0,17,254,19,290,0,33,302,19,354,318,0,318,672
08/15/2010,BED,MA,ANE,EN,Towers with Radar,7,23,72,0,102,0,29,201,4,234,7,52,273,4,336,218,0,218,554
08/16/2010,BED,MA,ANE,EN,Towers with Radar,0,34,118,4,156,0,38,138,4,180,0,72,256,8,336,14,0,14,350
08/17/2010,BED,MA,ANE,EN,Towers with Radar,0,36,81,6,123,0,48,230,9,287,0,84,311,15,410,222,0,222,632
08/18/2010,BED,MA,ANE,EN,Towers with Radar,0,43,79,2,124,0,59,257,6,322,0,102,336,8,446,216,0,216,662
08/19/2010,BED,MA,ANE,EN,Towers with Radar,0,39,85,0,124,0,11,148,7,166,0,50,233,7,290,304,0,304,594
08/20/2010,BED,MA,ANE,EN,Towers with Radar,0,33,95,3,131,0,13,205,3,221,0,46,300,6,352,300,0,300,652
08/21/2010,BED,MA,ANE,EN,Towers with Radar,0,13,45,1,59,0,36,318,6,360,0,49,363,7,419,354,0,354,773
08/22/2010,BED,MA,ANE,EN,Towers with Radar,0,33,107,4,144,0,4,36,0,40,0,37,143,4,184,122,0,122,306
08/23/2010,BED,MA,ANE,EN,Towers with Radar,0,53,108,3,164,0,0,0,0,0,0,53,108,3,164,0,0,0,164
08/24/2010,BED,MA,ANE,EN,Towers with Radar,2,45,131,3,181,0,0,0,0,0,2,45,131,3,181,0,0,0,181
08/25/2010,BED,MA,ANE,EN,Towers with Radar,1,34,120,3,158,0,0,0,0,0,1,34,120,3,158,0,0,0,158
08/26/2010,BED,MA,ANE,EN,Towers with Radar,0,49,118,7,174,0,24,238,4,266,0,73,356,11,440,396,54,450,890
08/27/2010,BED,MA,ANE,EN,Towers with Radar,2,26,78,6,112,0,17,295,0,312,2,43,373,6,424,346,0,346,770
08/28/2010,BED,MA,ANE,EN,Towers with Radar,0,18,45,5,68,0,18,277,2,297,0,36,322,7,365,346,0,346,711
08/29/2010,BED,MA,ANE,EN,Towers with Radar,0,31,52,3,86,0,19,201,5,225,0,50,253,8,311,230,0,230,541
08/30/2010,BED,MA,ANE,EN,Towers with Radar,0,42,68,2,112,0,24,210,3,237,0,66,278,5,349,210,0,210,559
08/31/2010,BED,MA,ANE,EN,Towers with Radar,0,34,106,4,144,0,45,261,5,311,0,79,367,9,455,180,0,180,635
09/01/2010,BED,MA,ANE,EN,Towers with Radar,0,29,94,1,124,0,13,157,8,178,0,42,251,9,302,234,0,234,536
09/02/2010,BED,MA,ANE,EN,Towers with Radar,0,41,110,1,152,0,27,171,11,209,0,68,281,12,361,242,0,242,603
09/03/2010,BED,MA,ANE,EN,Towers with Radar,0,18,57,0,75,0,4,66,0,70,0,22,123,0,145,84,0,84,229
09/04/2010,BED,MA,ANE,EN,Towers with Radar,0,25,32,0,57,0,34,177,0,211,0,59,209,0,268,100,0,100,368
09/05/2010,BED,MA,ANE,EN,Towers with Radar,0,29,38,0,67,0,18,160,3,181,0,47,198,3,248,204,0,204,452
09/06/2010,BED,MA,ANE,EN,Towers with Radar,0,42,61,4,107,0,21,268,2,291,0,63,329,6,398,340,6,346,744
09/07/2010,BED,MA,ANE,EN,Towers with Radar,1,39,78,0,118,1,49,239,5,294,2,88,317,5,412,260,10,270,682
09/08/2010,BED,MA,ANE,EN,Towers with Radar,1,52,97,3,153,0,19,88,2,109,1,71,185,5,262,124,0,124,386
09/09/2010,BED,MA,ANE,EN,Towers with Radar,3,28,101,2,134,0,12,16,0,28,3,40,117,2,162,196,0,196,358
09/10/2010,BED,MA,ANE,EN,Towers with Radar,1,33,91,9,134,0,14,147,3,164,1,47,238,12,298,312,0,312,610
09/11/2010,BED,MA,ANE,EN,Towers with Radar,1,25,51,3,80,0,10,234,3,247,1,35,285,6,327,331,0,331,658
09/12/2010,BED,MA,ANE,EN,Towers with Radar,0,41,94,4,139,0,11,161,3,175,0,52,255,7,314,294,0,294,608
09/13/2010,BED,MA,ANE,EN,Towers with Radar,0,36,84,0,120,0,19,89,0,108,0,55,173,0,228,180,0,180,408
09/14/2010,BED,MA,ANE,EN,Towers with Radar,0,42,81,17,140,0,10,139,4,153,0,52,220,21,293,200,6,206,499
09/15/2010,BED,MA,ANE,EN,Towers with Radar,0,43,112,0,155,0,53,291,9,353,0,96,403,9,508,230,0,230,738
09/16/2010,BED,MA,ANE,EN,Towers with Radar,2,32,108,0,142,0,13,105,2,120,2,45,213,2,262,248,0,248,510
09/17/2010,BED,MA,ANE,EN,Towers with Radar,0,58,116,3,177,0,12,55,0,67,0,70,171,3,244,105,0,105,349
09/18/2010,BED,MA,ANE,EN,Towers with Radar,0,17,75,2,94,0,32,245,2,279,0,49,320,4,373,214,0,214,587
09/19/2010,BED,MA,ANE,EN,Towers with Radar,1,35,108,1,145,0,13,182,0,195,1,48,290,1,340,256,0,256,596
09/20/2010,BED,MA,ANE,EN,Towers with Radar,0,34,75,0,109,0,46,198,1,245,0,80,273,1,354,158,0,158,512
09/21/2010,BED,MA,ANE,EN,Towers with Radar,1,44,119,2,166,0,14,188,0,202,1,58,307,2,368,230,0,230,598
09/22/2010,BED,MA,ANE,EN,Towers with Radar,1,35,90,0,126,0,17,145,0,162,1,52,235,0,288,194,0,194,482
09/23/2010,BED,MA,ANE,EN,Towers with Radar,0,32,123,6,161,0,49,296,2,347,0,81,419,8,508,236,0,236,744
09/24/2010,BED,MA,ANE,EN,Towers with Radar,1,38,110,0,149,0,20,120,2,142,1,58,230,2,291,158,0,158,449
09/25/2010,BED,MA,ANE,EN,Towers with Radar,1,17,74,0,92,1,39,296,0,336,2,56,370,0,428,222,0,222,650
09/26/2010,BED,MA,ANE,EN,Towers with Radar,0,42,129,1,172,0,8,149,0,157,0,50,278,1,329,170,0,170,499
09/27/2010,BED,MA,ANE,EN,Towers with Radar,0,43,97,1,141,0,0,0,0,0,0,43,97,1,141,0,0,0,141
09/28/2010,BED,MA,ANE,EN,Towers with Radar,1,53,107,3,164,0,0,0,0,0,1,53,107,3,164,0,0,0,164
09/29/2010,BED,MA,ANE,EN,Towers with Radar,1,56,115,11,183,0,27,137,11,175,1,83,252,22,358,180,0,180,538
09/30/2010,BED,MA,ANE,EN,Towers with Radar,0,54,110,1,165,0,55,110,1,166,0,109,220,2,331,0,0,0,331
10/01/2010,BED,MA,ANE,EN,Towers with Radar,2,35,78,1,116,0,0,0,0,0,2,35,78,1,116,0,0,0,116
10/02/2010,BED,MA,ANE,EN,Towers with Radar,1,32,68,2,103,1,53,358,1,413,2,85,426,3,516,265,0,265,781
10/03/2010,BED,MA,ANE,EN,Towers with Radar,0,35,83,1,119,0,12,229,0,241,0,47,312,1,360,256,0,256,616
10/04/2010,BED,MA,ANE,EN,Towers with Radar,0,39,98,1,138,0,1,32,0,33,0,40,130,1,171,20,0,20,191
10/05/2010,BED,MA,ANE,EN,Towers with Radar,0,47,111,6,164,0,0,2,0,2,0,47,113,6,166,6,0,6,172
10/06/2010,BED,MA,ANE,EN,Towers with Radar,0,39,131,2,172,0,0,0,0,0,0,39,131,2,172,0,0,0,172
10/07/2010,BED,MA,ANE,EN,Towers with Radar,1,45,134,3,183,0,10,31,0,41,1,55,165,3,224,38,0,38,262
10/08/2010,BED,MA,ANE,EN,Towers with Radar,1,33,76,13,123,0,20,205,10,235,1,53,281,23,358,226,0,226,584
10/09/2010,BED,MA,ANE,EN,Towers with Radar,2,29,76,2,109,0,13,194,2,209,2,42,270,4,318,204,0,204,522
10/10/2010,BED,MA,ANE,EN,Towers with Radar,1,34,52,2,89,0,16,301,1,318,1,50,353,3,407,254,0,254,661
10/11/2010,BED,MA,ANE,EN,Towers with Radar,1,36,104,3,144,0,20,245,3,268,1,56,349,6,412,260,0,260,672
10/12/2010,BED,MA,ANE,EN,Towers with Radar,0,58,93,3,154,0,68,236,4,308,0,126,329,7,462,234,0,234,696
10/13/2010,BED,MA,ANE,EN,Towers with Radar,0,44,97,1,142,0,15,162,4,181,0,59,259,5,323,330,0,330,653
10/14/2010,BED,MA,ANE,EN,Towers with Radar,2,58,89,5,154,0,16,152,5,173,2,74,241,10,327,168,0,168,495
10/15/2010,BED,MA,ANE,EN,Towers with Radar,0,43,50,0,93,0,0,1,0,1,0,43,51,0,94,8,0,8,102
10/16/2010,BED,MA,ANE,EN,Towers with Radar,2,18,38,1,59,2,20,64,1,87,4,38,102,2,146,28,0,28,174
10/17/2010,BED,MA,ANE,EN,Towers with Radar,0,39,78,1,118,0,5,252,4,261,0,44,330,5,379,248,0,248,627
10/18/2010,BED,MA,ANE,EN,Towers with Radar,1,49,83,3,136,1,65,240,5,311,2,114,323,8,447,132,0,132,579
10/19/2010,BED,MA,ANE,EN,Towers with Radar,0,37,114,4,155,0,22,197,10,229,0,59,311,14,384,360,0,360,744
10/20/2010,BED,MA,ANE,EN,Towers with Radar,0,40,95,2,137,0,14,137,7,158,0,54,232,9,295,346,0,346,641
10/21/2010,BED,MA,ANE,EN,Towers with Radar,1,52,100,1,154,0,21,86,0,107,1,73,186,1,261,154,0,154,415
10/22/2010,BED,MA,ANE,EN,Towers with Radar,1,47,82,2,132,0,10,121,0,131,1,57,203,2,263,206,0,206,469
10/23/2010,BED,MA,ANE,EN,Towers with Radar,2,27,54,0,83,2,41,322,0,365,4,68,376,0,448,284,0,284,732
10/24/2010,BED,MA,ANE,EN,Towers with Radar,0,40,94,4,138,0,18,158,1,177,0,58,252,5,315,0,336,336,651
10/25/2010,BED,MA,ANE,EN,Towers with Radar,1,50,132,2,185,0,1,9,0,10,1,51,141,2,195,8,0,8,203
10/26/2010,BED,MA,ANE,EN,Towers with Radar,2,44,94,5,145,2,52,220,6,280,4,96,314,11,425,280,0,280,705
10/27/2010,BED,MA,ANE,EN,Towers with Radar,0,36,115,0,151,0,37,125,0,162,0,73,240,0,313,4,0,4,317
10/28/2010,BED,MA,ANE,EN,Towers with Radar,0,37,103,0,140,0,11,165,2,178,0,48,268,2,318,228,0,228,546
10/29/2010,BED,MA,ANE,EN,Towers with Radar,3,34,100,2,139,0,10,127,7,144,3,44,227,9,283,278,0,278,561
10/30/2010,BED,MA,ANE,EN,Towers with Radar,0,23,76,0,99,0,33,292,0,325,0,56,368,0,424,188,0,188,612
10/31/2010,BED,MA,ANE,EN,Towers with Radar,1,39,75,2,117,0,12,209,2,223,1,51,284,4,340,212,0,212,552
11/01/2010,BED,MA,ANE,EN,Towers with Radar,4,35,84,0,123,0,15,121,1,137,4,50,205,1,260,256,0,256,516
11/02/2010,BED,MA,ANE,EN,Towers with Radar,1,33,86,0,120,1,47,197,0,245,2,80,283,0,365,222,0,222,587
11/03/2010,BED,MA,ANE,EN,Towers with Radar,3,53,129,1,186,0,36,157,0,193,3,89,286,1,379,304,0,304,683
11/04/2010,BED,MA,ANE,EN,Towers with Radar,3,42,117,6,168,0,1,22,0,23,3,43,139,6,191,48,0,48,239
11/05/2010,BED,MA,ANE,EN,Towers with Radar,3,44,110,0,157,0,5,37,0,42,3,49,147,0,199,82,0,82,281
11/06/2010,BED,MA,ANE,EN,Towers with Radar,2,28,67,0,97,2,42,266,3,313,4,70,333,3,410,367,0,367,777
11/07/2010,BED,MA,ANE,EN,Towers with Radar,2,39,68,0,109,2,13,163,0,178,4,52,231,0,287,226,0,226,513
11/08/2010,BED,MA,ANE,EN,Towers with Radar,0,41,83,7,131,0,41,84,7,132,0,82,167,14,263,0,0,0,263
11/09/2010,BED,MA,ANE,EN,Towers with Radar,1,35,99,5,140,1,35,123,5,164,2,70,222,10,304,52,0,52,356
11/10/2010,BED,MA,ANE,EN,Towers with Radar,0,39,87,1,127,0,47,155,2,204,0,86,242,3,331,82,0,82,413
11/11/2010,BED,MA,ANE,EN,Towers with Radar,0,35,88,2,125,0,12,169,0,181,0,47,257,2,306,218,0,218,524
11/12/2010,BED,MA,ANE,EN,Towers with Radar,0,30,81,1,112,0,74,227,1,302,0,104,308,2,414,295,0,295,709
11/13/2010,BED,MA,ANE,EN,Towers with Radar,3,24,46,1,74,3,34,257,5,299,6,58,303,6,373,290,0,290,663
11/14/2010,BED,MA,ANE,EN,Towers with Radar,0,34,104,1,139,0,43,262,3,308,0,77,366,4,447,390,0,390,837
11/15/2010,BED,MA,ANE,EN,Towers with Radar,0,48,114,0,162,0,9,43,0,52,0,57,157,0,214,156,0,156,370
11/16/2010,BED,MA,ANE,EN,Towers with Radar,1,49,94,3,147,1,59,125,4,189,2,108,219,7,336,76,0,76,412
11/17/2010,BED,MA,ANE,EN,Towers with Radar,0,34,88,4,126,0,1,25,0,26,0,35,113,4,152,32,0,32,184
11/18/2010,BED,MA,ANE,EN,Towers with Radar,0,45,109,2,156,0,23,174,1,198,0,68,283,3,354,296,0,296,650
11/19/2010,BED,MA,ANE,EN,Towers with Radar,2,33,93,1,129,2,12,206,1,221,4,45,299,2,350,236,0,236,586
11/20/2010,BED,MA,ANE,EN,Towers with Radar,4,23,49,0,76,0,11,153,0,164,4,34,202,0,240,266,0,266,506
11/21/2010,BED,MA,ANE,EN,Towers with Radar,1,35,56,0,92,0,6,207,0,213,1,41,263,0,305,399,2,401,706
11/22/2010,BED,MA,ANE,EN,Towers with Radar,0,34,83,0,117,0,7,81,0,88,0,41,164,0,205,252,0,252,457
11/23/2010,BED,MA,ANE,EN,Towers with Radar,1,68,123,4,196,1,72,235,4,312,2,140,358,8,508,156,0,156,664
11/24/2010,BED,MA,ANE,EN,Towers with Radar,0,50,99,1,150,0,49,175,1,225,0,99,274,2,375,40,0,40,415
11/25/2010,BED,MA,ANE,EN,Towers with Radar,0,29,34,0,63,0,3,52,0,55,0,32,86,0,118,68,0,68,186
11/26/2010,BED,MA,ANE,EN,Towers with Radar,0,28,42,0,70,0,30,58,0,88,0,58,100,0,158,42,0,42,200
11/27/2010,BED,MA,ANE,EN,Towers with Radar,1,30,43,0,74,0,5,171,0,176,1,35,214,0,250,175,0,175,425
11/28/2010,BED,MA,ANE,EN,Towers with Radar,1,73,107,2,183,0,16,225,0,241,1,89,332,2,424,262,0,262,686
11/29/2010,BED,MA,ANE,EN,Towers with Radar,1,42,91,4,138,1,59,268,9,337,2,101,359,13,475,288,0,288,763
11/30/2010,BED,MA,ANE,EN,Towers with Radar,1,45,104,0,150,0,10,102,1,113,1,55,206,1,263,148,0,148,411
12/01/2010,BED,MA,ANE,EN,Towers with Radar,1,31,65,0,97,0,2,0,0,2,1,33,65,0,99,0,0,0,99
12/02/2010,BED,MA,ANE,EN,Towers with Radar,0,39,88,0,127,0,14,163,0,177,0,53,251,0,304,202,0,202,506
12/03/2010,BED,MA,ANE,EN,Towers with Radar,2,39,108,3,152,0,19,180,6,205,2,58,288,9,357,212,0,212,569
12/04/2010,BED,MA,ANE,EN,Towers with Radar,1,15,49,2,67,0,15,157,2,174,1,30,206,4,241,260,0,260,501
12/05/2010,BED,MA,ANE,EN,Towers with Radar,2,34,76,3,115,0,7,162,3,172,2,41,238,6,287,360,0,360,647
12/06/2010,BED,MA,ANE,EN,Towers with Radar,2,38,80,0,120,0,3,75,0,78,2,41,155,0,198,104,0,104,302
12/07/2010,BED,MA,ANE,EN,Towers with Radar,0,39,87,1,127,0,55,223,1,279,0,94,310,2,406,148,0,148,554
12/08/2010,BED,MA,ANE,EN,Towers with Radar,2,37,101,4,144,2,45,186,6,239,4,82,287,10,383,88,0,88,471
12/09/2010,BED,MA,ANE,EN,Towers with Radar,0,33,102,6,141,0,38,238,8,284,0,71,340,14,425,222,0,222,647
12/10/2010,BED,MA,ANE,EN,Towers with Radar,0,41,68,1,110,0,46,198,3,247,0,87,266,4,357,144,0,144,501
12/11/2010,BED,MA,ANE,EN,Towers with Radar,0,20,67,1,88,0,38,294,3,335,0,58,361,4,423,300,0,300,723
12/12/2010,BED,MA,ANE,EN,Towers with Radar,0,29,47,1,77,0,29,47,1,77,0,58,94,2,154,0,0,0,154
12/13/2010,BED,MA,ANE,EN,Towers with Radar,0,36,92,2,130,0,18,39,1,58,0,54,131,3,188,122,0,122,310
12/14/2010,BED,MA,ANE,EN,Towers with Radar,3,24,95,0,122,0,13,73,6,92,3,37,168,6,214,158,0,158,372
12/15/2010,BED,MA,ANE,EN,Towers with Radar,0,40,92,1,133,0,18,111,0,129,0,58,203,1,262,88,0,88,350
12/16/2010,BED,MA,ANE,EN,Towers with Radar,0,30,112,1,143,0,15,141,1,157,0,45,253,2,300,196,0,196,496
12/17/2010,BED,MA,ANE,EN,Towers with Radar,1,43,100,1,145,0,8,8,2,18,1,51,108,3,163,222,0,222,385
12/18/2010,BED,MA,ANE,EN,Towers with Radar,0,24,65,2,91,0,8,216,5,229,0,32,281,7,320,282,0,282,602
12/19/2010,BED,MA,ANE,EN,Towers with Radar,0,37,60,0,97,0,11,132,0,143,0,48,192,0,240,310,0,310,550
12/20/2010,BED,MA,ANE,EN,Towers with Radar,0,42,89,0,131,0,1,62,0,63,0,43,151,0,194,144,0,144,338
12/21/2010,BED,MA,ANE,EN,Towers with Radar,0,39,75,1,115,0,43,103,1,147,0,82,178,2,262,34,14,48,310
12/22/2010,BED,MA,ANE,EN,Towers with Radar,3,31,65,0,99,3,38,103,4,148,6,69,168,4,247,84,0,84,331
12/23/2010,BED,MA,ANE,EN,Towers with Radar,1,44,104,0,149,1,59,129,0,189,2,103,233,0,338,26,0,26,364
12/24/2010,BED,MA,ANE,EN,Towers with Radar,0,14,41,3,58,0,25,150,9,184,0,39,191,12,242,138,0,138,380
12/25/2010,BED,MA,ANE,EN,Towers with Radar,0,38,22,0,60,0,45,55,0,100,0,83,77,0,160,22,0,22,182
12/26/2010,BED,MA,ANE,EN,Towers with Radar,3,45,70,0,118,0,0,0,0,0,3,45,70,0,118,10,0,10,128
12/27/2010,BED,MA,ANE,EN,Towers with Radar,0,19,14,0,33,0,0,0,0,0,0,19,14,0,33,0,0,0,33
12/28/2010,BED,MA,ANE,EN,Towers with Radar,0,58,82,0,140,0,74,142,0,216,0,132,224,0,356,28,0,28,384
12/29/2010,BED,MA,ANE,EN,Towers with Radar,0,36,58,0,94,0,10,120,0,130,0,46,178,0,224,204,0,204,428
12/30/2010,BED,MA,ANE,EN,Towers with Radar,0,31,45,1,77,0,7,180,0,187,0,38,225,1,264,210,0,210,474
12/31/2010,BED,MA,ANE,EN,Towers with Radar,0,11,32,0,43,0,11,131,0,142,0,22,163,0,185,214,28,242,427
01/01/2011,BED,MA,ANE,EN,Towers with Radar,1,26,64,1,92,0,12,105,3,120,1,38,169,4,212,136,0,136,348
01/02/2011,BED,MA,ANE,EN,Towers with Radar,1,47,92,2,142,0,1,30,1,32,1,48,122,3,174,32,2,34,208
01/03/2011,BED,MA,ANE,EN,Towers with Radar,0,37,73,1,111,0,48,144,8,200,0,85,217,9,311,72,0,72,383
01/04/2011,BED,MA,ANE,EN,Towers with Radar,0,40,58,1,99,0,13,129,2,144,0,53,187,3,243,258,0,258,501
01/05/2011,BED,MA,ANE,EN,Towers with Radar,0,25,61,0,86,0,19,129,12,160,0,44,190,12,246,88,0,88,334
01/06/2011,BED,MA,ANE,EN,Towers with Radar,1,24,81,0,106,0,12,131,0,143,1,36,212,0,249,190,0,190,439
01/07/2011,BED,MA,ANE,EN,Towers with Radar,1,28,54,2,85,0,3,65,2,70,1,31,119,4,155,208,0,208,363
01/08/2011,BED,MA,ANE,EN,Towers with Radar,2,16,36,1,55,0,0,5,0,5,2,16,41,1,60,42,0,42,102
01/09/2011,BED,MA,ANE,EN,Towers with Radar,1,37,48,4,90,1,56,136,4,197,2,93,184,8,287,160,0,160,447
01/10/2011,BED,MA,ANE,EN,Towers with Radar,1,40,68,5,114,1,56,188,8,253,2,96,256,13,367,184,0,184,551
01/11/2011,BED,MA,ANE,EN,Towers with Radar,1,46,85,7,139,0,14,71,0,85,1,60,156,7,224,276,0,276,500
01/12/2011,BED,MA,ANE,EN,Towers with Radar,0,2,10,0,12,0,0,0,0,0,0,2,10,0,12,0,0,0,12
01/13/2011,BED,MA,ANE,EN,Towers with Radar,1,45,86,0,132,0,1,57,0,58,1,46,143,0,190,22,0,22,212
01/14/2011,BED,MA,ANE,EN,Towers with Radar,1,58,90,5,154,1,62,199,10,272,2,120,289,15,426,184,0,184,610
01/15/2011,BED,MA,ANE,EN,Towers with Radar,0,20,47,1,68,0,5,125,1,131,0,25,172,2,199,200,0,200,399
01/16/2011,BED,MA,ANE,EN,Towers with Radar,0,31,43,1,75,0,42,154,5,201,0,73,197,6,276,244,0,244,520
01/17/2011,BED,MA,ANE,EN,Towers with Radar,4,44,69,1,118,0,8,107,2,117,4,52,176,3,235,169,0,169,404
01/18/2011,BED,MA,ANE,EN,Towers with Radar,0,28,34,0,62,0,0,0,0,0,0,28,34,0,62,0,0,0,62
01/19/2011,BED,MA,ANE,EN,Towers with Radar,2,38,56,2,98,0,0,0,0,0,2,38,56,2,98,0,0,0,98
01/20/2011,BED,MA,ANE,EN,Towers with Radar,0,51,88,4,143,0,12,98,0,110,0,63,186,4,253,154,0,154,407
01/21/2011,BED,MA,ANE,EN,Towers with Radar,2,37,49,3,91,0,2,8,0,10,2,39,57,3,101,0,0,0,101
01/22/2011,BED,MA,ANE,EN,Towers with Radar,0,37,56,4,97,0,48,168,4,220,0,85,224,8,317,182,0,182,499
01/23/2011,BED,MA,ANE,EN,Towers with Radar,0,35,68,0,103,0,15,86,1,102,0,50,154,1,205,172,0,172,377
01/24/2011,BED,MA,ANE,EN,Towers with Radar,0,42,75,2,119,0,57,148,2,207,0,99,223,4,326,218,0,218,544
01/25/2011,BED,MA,ANE,EN,Towers with Radar,1,32,91,4,128,0,5,39,0,44,1,37,130,4,172,94,0,94,266
01/26/2011,BED,MA,ANE,EN,Towers with Radar,2,17,67,0,86,0,2,1,0,3,2,19,68,0,89,0,0,0,89
01/27/2011,BED,MA,ANE,EN,Towers with Radar,2,41,80,0,123,2,56,138,0,196,4,97,218,0,319,92,0,92,411
01/28/2011,BED,MA,ANE,EN,Towers with Radar,0,55,65,2,122,0,67,186,2,255,0,122,251,4,377,262,0,262,639
01/29/2011,BED,MA,ANE,EN,Towers with Radar,1,31,37,0,69,0,5,79,9,93,1,36,116,9,162,244,0,244,406
01/30/2011,BED,MA,ANE,EN,Towers with Radar,0,44,65,2,111,0,17,165,1,183,0,61,230,3,294,336,0,336,630
01/31/2011,BED,MA,ANE,EN,Towers with Radar,2,46,89,3,140,0,11,122,1,134,2,57,211,4,274,176,2,178,452
02/01/2011,BED,MA,ANE,EN,Towers with Radar,0,19,51,0,70,0,0,2,0,2,0,19,53,0,72,12,0,12,84
02/02/2011,BED,MA,ANE,EN,Towers with Radar,1,13,20,0,34,0,2,0,0,2,1,15,20,0,36,0,0,0,36
02/03/2011,BED,MA,ANE,EN,Towers with Radar,1,72,109,2,184,0,6,73,1,80,1,78,182,3,264,130,0,130,394
02/04/2011,BED,MA,ANE,EN,Towers with Radar,1,44,116,0,161,0,5,135,4,144,1,49,251,4,305,212,6,218,523
02/05/2011,BED,MA,ANE,EN,Towers with Radar,0,19,21,0,40,0,24,57,0,81,0,43,78,0,121,82,0,82,203
02/06/2011,BED,MA,ANE,EN,Towers with Radar,3,43,68,0,114,3,52,193,0,248,6,95,261,0,362,160,0,160,522
02/07/2011,BED,MA,ANE,EN,Towers with Radar,0,29,92,2,123,0,15,90,0,105,0,44,182,2,228,174,0,174,402
02/08/2011,BED,MA,ANE,EN,Towers with Radar,2,21,80,7,110,2,21,84,7,114,4,42,164,14,224,0,0,0,224
02/09/2011,BED,MA,ANE,EN,Towers with Radar,0,35,102,7,144,0,17,120,0,137,0,52,222,7,281,184,0,184,465
02/10/2011,BED,MA,ANE,EN,Towers with Radar,0,36,85,2,123,0,48,170,3,221,0,84,255,5,344,210,0,210,554
02/11/2011,BED,MA,ANE,EN,Towers with Radar,1,45,81,2,129,0,13,99,5,117,1,58,180,7,246,168,0,168,414
02/12/2011,BED,MA,ANE,EN,Towers with Radar,4,18,61,5,88,0,8,121,2,131,4,26,182,7,219,168,0,168,387
02/13/2011,BED,MA,ANE,EN,Towers with Radar,4,27,49,0,80,0,16,126,0,142,4,43,175,0,222,316,0,316,538
02/14/2011,BED,MA,ANE,EN,Towers with Radar,2,36,70,2,110,0,8,45,4,57,2,44,115,6,167,62,0,62,229
02/15/2011,BED,MA,ANE,EN,Towers with Radar,2,41,87,2,132,0,7,33,2,42,2,48,120,4,174,20,0,20,194
02/16/2011,BED,MA,ANE,EN,Towers with Radar,3,35,70,3,111,0,14,177,4,195,3,49,247,7,306,230,0,230,536
02/17/2011,BED,MA,ANE,EN,Towers with Radar,3,41,109,2,155,0,16,181,0,197,3,57,290,2,352,272,0,272,624
02/18/2011,BED,MA,ANE,EN,Towers with Radar,1,67,134,0,202,0,9,124,0,133,1,76,258,0,335,248,0,248,583
02/19/2011,BED,MA,ANE,EN,Towers with Radar,0,29,33,0,62,0,2,12,0,14,0,31,45,0,76,12,0,12,88
02/20/2011,BED,MA,ANE,EN,Towers with Radar,0,27,44,0,71,0,17,96,3,116,0,44,140,3,187,148,0,148,335
02/21/2011,BED,MA,ANE,EN,Towers with Radar,2,36,75,0,113,2,39,128,0,169,4,75,203,0,282,74,0,74,356
02/22/2011,BED,MA,ANE,EN,Towers with Radar,1,44,89,5,139,1,60,215,7,283,2,104,304,12,422,170,0,170,592
02/23/2011,BED,MA,ANE,EN,Towers with Radar,0,34,85,0,119,0,52,240,6,298,0,86,325,6,417,242,0,242,659
02/24/2011,BED,MA,ANE,EN,Towers with Radar,1,56,94,0,151,0,14,120,0,134,1,70,214,0,285,208,0,208,493
02/25/2011,BED,MA,ANE,EN,Towers with Radar,0,42,42,0,84,0,0,0,0,0,0,42,42,0,84,0,0,0,84
02/26/2011,BED,MA,ANE,EN,Towers with Radar,1,36,82,2,121,0,16,126,10,152,1,52,208,12,273,230,0,230,503
02/27/2011,BED,MA,ANE,EN,Towers with Radar,3,42,67,0,112,0,0,14,0,14,3,42,81,0,126,14,0,14,140
02/28/2011,BED,MA,ANE,EN,Towers with Radar,0,36,54,0,90,0,0,0,0,0,0,36,54,0,90,0,0,0,90
03/01/2011,BED,MA,ANE,EN,Towers with Radar,2,33,89,2,126,0,23,124,3,150,2,56,213,5,276,220,4,224,500
03/02/2011,BED,MA,ANE,EN,Towers with Radar,2,29,92,0,123,0,13,49,2,64,2,42,141,2,187,154,0,154,341
03/03/2011,BED,MA,ANE,EN,Towers with Radar,0,42,86,4,132,0,14,116,2,132,0,56,202,6,264,224,0,224,488
03/04/2011,BED,MA,ANE,EN,Towers with Radar,0,47,81,2,130,0,19,147,3,169,0,66,228,5,299,160,0,160,459
03/05/2011,BED,MA,ANE,EN,Towers with Radar,5,21,62,3,91,5,24,152,7,188,10,45,214,10,279,206,0,206,485
03/06/2011,BED,MA,ANE,EN,Towers with Radar,1,36,77,0,114,1,41,102,0,144,2,77,179,0,258,90,0,90,348
03/07/2011,BED,MA,ANE,EN,Towers with Radar,0,34,83,1,118,0,2,8,0,10,0,36,91,1,128,0,0,0,128
03/08/2011,BED,MA,ANE,EN,Towers with Radar,2,48,126,4,180,2,50,190,5,247,4,98,316,9,427,106,0,106,533
03/09/2011,BED,MA,ANE,EN,Towers with Radar,1,33,140,1,175,1,39,245,3,288,2,72,385,4,463,300,0,300,763
03/10/2011,BED,MA,ANE,EN,Towers with Radar,7,31,85,0,123,0,0,0,0,0,7,31,85,0,123,0,0,0,123
03/11/2011,BED,MA,ANE,EN,Towers with Radar,3,27,93,2,125,3,27,97,2,129,6,54,190,4,254,0,0,0,254
03/12/2011,BED,MA,ANE,EN,Towers with Radar,1,35,74,1,111,1,45,255,1,302,2,80,329,2,413,196,0,196,609
03/13/2011,BED,MA,ANE,EN,Towers with Radar,4,37,88,1,130,4,39,250,1,294,8,76,338,2,424,188,0,188,612
03/14/2011,BED,MA,ANE,EN,Towers with Radar,2,31,74,2,109,2,42,140,2,186,4,73,214,4,295,148,0,148,443
03/15/2011,BED,MA,ANE,EN,Towers with Radar,1,26,82,5,114,0,12,149,8,169,1,38,231,13,283,290,0,290,573
03/16/2011,BED,MA,ANE,EN,Towers with Radar,3,35,74,0,112,0,0,1,0,1,3,35,75,0,113,44,0,44,157
03/17/2011,BED,MA,ANE,EN,Towers with Radar,1,27,94,0,122,0,6,177,0,183,1,33,271,0,305,305,0,305,610
03/18/2011,BED,MA,ANE,EN,Towers with Radar,1,38,62,0,101,0,13,114,0,127,1,51,176,0,228,64,0,64,292
03/19/2011,BED,MA,ANE,EN,Towers with Radar,2,38,66,4,110,2,43,266,5,316,4,81,332,9,426,232,0,232,658
03/20/2011,BED,MA,ANE,EN,Towers with Radar,5,34,85,1,125,5,47,350,10,412,10,81,435,11,537,374,0,374,911
03/21/2011,BED,MA,ANE,EN,Towers with Radar,1,38,83,0,122,1,38,84,0,123,2,76,167,0,245,0,0,0,245
03/22/2011,BED,MA,ANE,EN,Towers with Radar,1,47,95,2,145,1,56,176,6,239,2,103,271,8,384,62,0,62,446
03/23/2011,BED,MA,ANE,EN,Towers with Radar,2,27,84,2,115,0,5,82,0,87,2,32,166,2,202,132,0,132,334
03/24/2011,BED,MA,ANE,EN,Towers with Radar,0,50,96,5,151,0,54,127,5,186,0,104,223,10,337,70,0,70,407
03/25/2011,BED,MA,ANE,EN,Towers with Radar,0,40,74,1,115,0,48,235,2,285,0,88,309,3,400,234,0,234,634
03/26/2011,BED,MA,ANE,EN,Towers with Radar,4,30,72,2,108,4,39,262,2,307,8,69,334,4,415,196,0,196,611
03/27/2011,BED,MA,ANE,EN,Towers with Radar,2,54,109,2,167,0,11,167,5,183,2,65,276,7,350,192,0,192,542
03/28/2011,BED,MA,ANE,EN,Towers with Radar,0,31,58,2,91,0,36,117,2,155,0,67,175,4,246,27,0,27,273
03/29/2011,BED,MA,ANE,EN,Towers with Radar,2,39,78,0,119,0,17,113,5,135,2,56,191,5,254,218,0,218,472
03/30/2011,BED,MA,ANE,EN,Towers with Radar,0,42,95,1,138,0,15,163,1,179,0,57,258,2,317,242,0,242,559
03/31/2011,BED,MA,ANE,EN,Towers with Radar,0,46,101,2,149,0,3,94,0,97,0,49,195,2,246,205,0,205,451
04/01/2011,BED,MA,ANE,EN,Towers with Radar,0,27,56,2,85,0,0,0,0,0,0,27,56,2,85,0,0,0,85
04/02/2011,BED,MA,ANE,EN,Towers with Radar,3,27,47,2,79,3,33,229,9,274,6,60,276,11,353,356,0,356,709
04/03/2011,BED,MA,ANE,EN,Towers with Radar,1,36,73,0,110,1,38,210,0,249,2,74,283,0,359,194,0,194,553
04/04/2011,BED,MA,ANE,EN,Towers with Radar,2,35,89,2,128,2,36,101,2,141,4,71,190,4,269,46,0,46,315
04/05/2011,BED,MA,ANE,EN,Towers with Radar,0,43,73,0,116,0,46,108,0,154,0,89,181,0,270,72,0,72,342
04/06/2011,BED,MA,ANE,EN,Towers with Radar,3,49,88,3,143,0,9,153,9,171,3,58,241,12,314,182,3,185,499
04/07/2011,BED,MA,ANE,EN,Towers with Radar,0,43,103,0,146,0,43,287,1,331,0,86,390,1,477,318,0,318,795
04/08/2011,BED,MA,ANE,EN,Towers with Radar,1,82,253,10,346,1,46,89,8,144,2,128,342,18,490,262,6,268,758
04/09/2011,BED,MA,ANE,EN,Towers with Radar,2,34,59,4,99,2,41,299,4,346,4,75,358,8,445,356,0,356,801
04/10/2011,BED,MA,ANE,EN,Towers with Radar,1,50,90,0,141,0,6,189,9,204,1,56,279,9,345,306,0,306,651
04/11/2011,BED,MA,ANE,EN,Towers with Radar,0,33,88,0,121,0,49,229,0,278,0,82,317,0,399,279,0,279,678
04/12/2011,BED,MA,ANE,EN,Towers with Radar,1,39,107,0,147,0,9,121,0,130,1,48,228,0,277,180,0,180,457
04/13/2011,BED,MA,ANE,EN,Towers with Radar,0,52,149,0,201,0,0,1,0,1,0,52,150,0,202,0,0,0,202
04/14/2011,BED,MA,ANE,EN,Towers with Radar,0,50,107,2,159,0,7,161,2,170,0,57,268,4,329,197,0,197,526
04/15/2011,BED,MA,ANE,EN,Towers with Radar,0,46,112,1,159,0,17,211,0,228,0,63,323,1,387,280,0,280,667
04/16/2011,BED,MA,ANE,EN,Towers with Radar,0,47,59,1,107,0,55,182,2,239,0,102,241,3,346,240,0,240,586
04/17/2011,BED,MA,ANE,EN,Towers with Radar,1,53,83,2,139,1,57,142,17,217,2,110,225,19,356,102,0,102,458
04/18/2011,BED,MA,ANE,EN,Towers with Radar,2,37,112,1,152,0,25,121,1,147,2,62,233,2,299,224,0,224,523
04/19/2011,BED,MA,ANE,EN,Towers with Radar,0,46,96,0,142,0,50,131,0,181,0,96,227,0,323,38,0,38,361
04/20/2011,BED,MA,ANE,EN,Towers with Radar,0,67,98,0,165,0,0,0,0,0,0,67,98,0,165,0,0,0,165
04/21/2011,BED,MA,ANE,EN,Towers with Radar,0,53,99,0,152,0,62,182,0,244,0,115,281,0,396,56,0,56,452
04/22/2011,BED,MA,ANE,EN,Towers with Radar,0,45,91,2,138,0,14,313,2,329,0,59,404,4,467,323,0,323,790
04/23/2011,BED,MA,ANE,EN,Towers with Radar,0,37,78,2,117,0,37,78,2,117,0,74,156,4,234,0,0,0,234
04/24/2011,BED,MA,ANE,EN,Towers with Radar,1,42,93,1,137,1,45,208,1,255,2,87,301,2,392,128,0,128,520
04/25/2011,BED,MA,ANE,EN,Towers with Radar,0,43,116,0,159,0,44,119,0,163,0,87,235,0,322,0,0,0,322
04/26/2011,BED,MA,ANE,EN,Towers with Radar,0,51,102,2,155,0,51,123,2,176,0,102,225,4,331,56,0,56,387
04/27/2011,BED,MA,ANE,EN,Towers with Radar,1,59,118,1,179,0,7,81,0,88,1,66,199,1,267,172,0,172,439
04/28/2011,BED,MA,ANE,EN,Towers with Radar,2,30,100,1,133,0,2,14,0,16,2,32,114,1,149,6,0,6,155
04/29/2011,BED,MA,ANE,EN,Towers with Radar,0,40,123,9,172,0,14,193,4,211,0,54,316,13,383,232,8,240,623
04/30/2011,BED,MA,ANE,EN,Towers with Radar,1,24,58,1,84,1,33,269,14,317,2,57,327,15,401,200,0,200,601
05/01/2011,BED,MA,ANE,EN,Towers with Radar,0,37,85,2,124,0,11,193,0,204,0,48,278,2,328,238,0,238,566
05/02/2011,BED,MA,ANE,EN,Towers with Radar,0,43,90,9,142,0,7,126,1,134,0,50,216,10,276,222,0,222,498
05/03/2011,BED,MA,ANE,EN,Towers with Radar,0,45,96,5,146,0,8,134,8,150,0,53,230,13,296,202,0,202,498
05/04/2011,BED,MA,ANE,EN,Towers with Radar,1,40,102,1,144,0,0,2,0,2,1,40,104,1,146,10,0,10,156
05/05/2011,BED,MA,ANE,EN,Towers with Radar,0,43,110,3,156,0,52,206,3,261,0,95,316,6,417,216,0,216,633
05/06/2011,BED,MA,ANE,EN,Towers with Radar,1,57,83,13,154,0,10,211,5,226,1,67,294,18,380,194,14,208,588
05/07/2011,BED,MA,ANE,EN,Towers with Radar,0,32,63,5,100,0,2,134,3,139,0,34,197,8,239,194,0,194,433
05/08/2011,BED,MA,ANE,EN,Towers with Radar,1,40,82,4,127,0,3,124,0,127,1,43,206,4,254,322,0,322,576
05/09/2011,BED,MA,ANE,EN,Towers with Radar,3,42,90,2,137,0,12,99,20,131,3,54,189,22,268,82,0,82,350
05/10/2011,BED,MA,ANE,EN,Towers with Radar,4,45,108,2,159,4,49,162,2,217,8,94,270,4,376,102,0,102,478
05/11/2011,BED,MA,ANE,EN,Towers with Radar,0,49,144,3,196,0,1,34,0,35,0,50,178,3,231,112,0,112,343
05/12/2011,BED,MA,ANE,EN,Towers with Radar,1,52,126,1,180,0,14,159,4,177,1,66,285,5,357,254,24,278,635
05/13/2011,BED,MA,ANE,EN,Towers with Radar,0,63,85,3,151,0,12,212,4,228,0,75,297,7,379,323,0,323,702
05/14/2011,BED,MA,ANE,EN,Towers with Radar,0,33,69,4,106,0,39,182,5,226,0,72,251,9,332,250,0,250,582
05/15/2011,BED,MA,ANE,EN,Towers with Radar,0,35,80,0,115,0,0,0,0,0,0,35,80,0,115,0,0,0,115
05/16/2011,BED,MA,ANE,EN,Towers with Radar,0,66,134,1,201,0,1,4,0,5,0,67,138,1,206,38,0,38,244
05/17/2011,BED,MA,ANE,EN,Towers with Radar,0,73,138,0,211,0,0,0,0,0,0,73,138,0,211,0,0,0,211
05/18/2011,BED,MA,ANE,EN,Towers with Radar,2,59,147,4,212,0,0,0,0,0,2,59,147,4,212,0,0,0,212
05/19/2011,BED,MA,ANE,EN,Towers with Radar,0,78,110,2,190,0,78,118,2,198,0,156,228,4,388,18,0,18,406
05/20/2011,BED,MA,ANE,EN,Towers with Radar,2,65,133,2,202,0,0,11,1,12,2,65,144,3,214,110,0,110,324
05/21/2011,BED,MA,ANE,EN,Towers with Radar,1,46,109,0,156,0,10,142,0,152,1,56,251,0,308,358,0,358,666
05/22/2011,BED,MA,ANE,EN,Towers with Radar,2,68,136,0,206,2,73,230,0,305,4,141,366,0,511,174,0,174,685
05/23/2011,BED,MA,ANE,EN,Towers with Radar,0,42,113,1,156,0,42,113,1,156,0,84,226,2,312,0,0,0,312
05/24/2011,BED,MA,ANE,EN,Towers with Radar,1,55,87,0,143,0,27,130,0,157,1,82,217,0,300,270,0,270,570
05/25/2011,BED,MA,ANE,EN,Towers with Radar,0,57,134,7,198,0,17,217,10,244,0,74,351,17,442,324,0,324,766
05/26/2011,BED,MA,ANE,EN,Towers with Radar,0,57,120,2,179,0,5,156,1,162,0,62,276,3,341,306,0,306,647
05/27/2011,BED,MA,ANE,EN,Towers with Radar,0,57,117,2,176,0,11,170,0,181,0,68,287,2,357,172,0,172,529
05/28/2011,BED,MA,ANE,EN,Towers with Radar,0,30,69,0,99,0,10,110,0,120,0,40,179,0,219,188,0,188,407
05/29/2011,BED,MA,ANE,EN,Towers with Radar,0,29,58,2,89,0,19,107,0,126,0,48,165,2,215,140,2,142,357
05/30/2011,BED,MA,ANE,EN,Towers with Radar,0,41,99,0,140,0,3,152,0,155,0,44,251,0,295,242,0,242,537
05/31/2011,BED,MA,ANE,EN,Towers with Radar,0,32,103,5,140,0,12,181,1,194,0,44,284,6,334,244,0,244,578
06/01/2011,BED,MA,ANE,EN,Towers with Radar,0,35,85,1,121,0,34,132,2,168,0,69,217,3,289,72,0,72,361
06/02/2011,BED,MA,ANE,EN,Towers with Radar,3,47,125,7,182,0,22,155,2,179,3,69,280,9,361,182,0,182,543
06/03/2011,BED,MA,ANE,EN,Towers with Radar,0,49,79,1,129,0,14,147,4,165,0,63,226,5,294,247,0,247,541
06/04/2011,BED,MA,ANE,EN,Towers with Radar,2,26,44,0,72,0,10,245,19,274,2,36,289,19,346,212,0,212,558
06/05/2011,BED,MA,ANE,EN,Towers with Radar,1,52,91,0,144,0,11,235,0,246,1,63,326,0,390,273,0,273,663
06/06/2011,BED,MA,ANE,EN,Towers with Radar,0,39,87,2,128,0,59,238,2,299,0,98,325,4,427,236,0,236,663
06/07/2011,BED,MA,ANE,EN,Towers with Radar,0,45,100,2,147,0,70,287,6,363,0,115,387,8,510,296,0,296,806
06/08/2011,BED,MA,ANE,EN,Towers with Radar,0,50,123,0,173,0,18,173,1,192,0,68,296,1,365,314,0,314,679
06/09/2011,BED,MA,ANE,EN,Towers with Radar,0,42,105,2,149,0,3,57,0,60,0,45,162,2,209,70,0,70,279
06/10/2011,BED,MA,ANE,EN,Towers with Radar,0,66,110,14,190,0,18,123,2,143,0,84,233,16,333,156,12,168,501
06/11/2011,BED,MA,ANE,EN,Towers with Radar,0,29,118,2,149,0,3,42,0,45,0,32,160,2,194,136,0,136,330
06/12/2011,BED,MA,ANE,EN,Towers with Radar,2,56,154,6,218,0,0,0,0,0,2,56,154,6,218,4,0,4,222
06/13/2011,BED,MA,ANE,EN,Towers with Radar,0,58,138,2,198,0,71,187,2,260,0,129,325,4,458,166,0,166,624
06/14/2011,BED,MA,ANE,EN,Towers with Radar,1,44,109,2,156,1,52,164,2,219,2,96,273,4,375,160,0,160,535
06/15/2011,BED,MA,ANE,EN,Towers with Radar,0,34,107,3,144,0,45,282,8,335,0,79,389,11,479,258,0,258,737
06/16/2011,BED,MA,ANE,EN,Towers with Radar,0,39,108,0,147,0,10,224,8,242,0,49,332,8,389,322,0,322,711
06/17/2011,BED,MA,ANE,EN,Towers with Radar,2,48,128,4,182,0,6,66,2,74,2,54,194,6,256,79,2,81,337
06/18/2011,BED,MA,ANE,EN,Towers with Radar,0,34,79,0,113,0,24,127,0,151,0,58,206,0,264,270,0,270,534
06/19/2011,BED,MA,ANE,EN,Towers with Radar,0,28,82,1,111,0,52,351,1,404,0,80,433,2,515,250,0,250,765
06/20/2011,BED,MA,ANE,EN,Towers with Radar,0,45,64,2,111,0,18,172,1,191,0,63,236,3,302,166,0,166,468
06/21/2011,BED,MA,ANE,EN,Towers with Radar,1,46,84,0,131,0,24,220,1,245,1,70,304,1,376,283,8,291,667
06/22/2011,BED,MA,ANE,EN,Towers with Radar,0,45,92,0,137,0,11,29,0,40,0,56,121,0,177,104,0,104,281
06/23/2011,BED,MA,ANE,EN,Towers with Radar,0,64,118,0,182,0,0,0,0,0,0,64,118,0,182,0,0,0,182
06/24/2011,BED,MA,ANE,EN,Towers with Radar,3,52,97,3,155,0,0,0,0,0,3,52,97,3,155,0,0,0,155
06/25/2011,BED,MA,ANE,EN,Towers with Radar,0,26,103,0,129,0,27,124,0,151,0,53,227,0,280,136,0,136,416
06/26/2011,BED,MA,ANE,EN,Towers with Radar,2,46,146,1,195,0,11,114,0,125,2,57,260,1,320,186,0,186,506
06/27/2011,BED,MA,ANE,EN,Towers with Radar,0,49,94,0,143,0,14,12,0,26,0,63,106,0,169,277,3,280,449
06/28/2011,BED,MA,ANE,EN,Towers with Radar,3,52,111,2,168,3,62,294,2,361,6,114,405,4,529,292,0,292,821
06/29/2011,BED,MA,ANE,EN,Towers with Radar,0,43,87,0,130,0,48,208,0,256,0,91,295,0,386,246,0,246,632
06/30/2011,BED,MA,ANE,EN,Towers with Radar,2,50,104,4,160,0,23,272,2,297,2,73,376,6,457,320,0,320,777
07/01/2011,BED,MA,ANE,EN,Towers with Radar,0,41,96,0,137,0,15,219,0,234,0,56,315,0,371,228,0,228,599
07/02/2011,BED,MA,ANE,EN,Towers with Radar,0,24,36,0,60,0,4,213,1,218,0,28,249,1,278,236,0,236,514
07/03/2011,BED,MA,ANE,EN,Towers with Radar,0,26,36,0,62,0,8,116,0,124,0,34,152,0,186,274,0,274,460
07/04/2011,BED,MA,ANE,EN,Towers with Radar,0,24,48,0,72,0,6,88,0,94,0,30,136,0,166,116,2,118,284
07/05/2011,BED,MA,ANE,EN,Towers with Radar,0,33,80,1,114,0,54,230,3,287,0,87,310,4,401,196,0,196,597
07/06/2011,BED,MA,ANE,EN,Towers with Radar,0,28,80,1,109,0,33,197,4,234,0,61,277,5,343,166,0,166,509
07/07/2011,BED,MA,ANE,EN,Towers with Radar,0,35,77,2,114,0,16,168,3,187,0,51,245,5,301,192,0,192,493
07/08/2011,BED,MA,ANE,EN,Towers with Radar,0,35,87,5,127,0,1,12,0,13,0,36,99,5,140,60,0,60,200
07/09/2011,BED,MA,ANE,EN,Towers with Radar,0,32,59,0,91,0,11,161,0,172,0,43,220,0,263,156,0,156,419
07/10/2011,BED,MA,ANE,EN,Towers with Radar,0,41,69,4,114,0,50,318,5,373,0,91,387,9,487,246,0,246,733
07/11/2011,BED,MA,ANE,EN,Towers with Radar,0,34,80,0,114,0,29,162,4,195,0,63,242,4,309,258,0,258,567
07/12/2011,BED,MA,ANE,EN,Towers with Radar,0,50,98,0,148,0,16,118,6,140,0,66,216,6,288,242,0,242,530
07/13/2011,BED,MA,ANE,EN,Towers with Radar,0,39,74,4,117,0,9,163,1,173,0,48,237,5,290,224,0,224,514
07/14/2011,BED,MA,ANE,EN,Towers with Radar,0,37,67,6,110,0,15,193,1,209,0,52,260,7,319,242,0,242,561
07/15/2011,BED,MA,ANE,EN,Towers with Radar,0,32,64,1,97,0,9,292,0,301,0,41,356,1,398,266,0,266,664
07/16/2011,BED,MA,ANE,EN,Towers with Radar,0,18,36,0,54,0,14,260,21,295,0,32,296,21,349,290,0,290,639
07/17/2011,BED,MA,ANE,EN,Towers with Radar,0,27,57,1,85,0,11,236,7,254,0,38,293,8,339,218,0,218,557
07/18/2011,BED,MA,ANE,EN,Towers with Radar,0,44,93,1,138,0,6,115,0,121,0,50,208,1,259,200,0,200,459
07/19/2011,BED,MA,ANE,EN,Towers with Radar,0,28,79,2,109,0,39,260,5,304,0,67,339,7,413,180,0,180,593
07/20/2011,BED,MA,ANE,EN,Towers with Radar,0,32,83,2,117,0,14,247,0,261,0,46,330,2,378,194,0,194,572
07/21/2011,BED,MA,ANE,EN,Towers with Radar,0,50,121,3,174,0,18,187,0,205,0,68,308,3,379,223,0,223,602
07/22/2011,BED,MA,ANE,EN,Towers with Radar,0,57,115,5,177,0,15,195,0,210,0,72,310,5,387,178,0,178,565
07/23/2011,BED,MA,ANE,EN,Towers with Radar,0,19,28,2,49,0,6,150,0,156,0,25,178,2,205,158,0,158,363
07/24/2011,BED,MA,ANE,EN,Towers with Radar,0,35,60,4,99,0,10,179,0,189,0,45,239,4,288,124,0,124,412
07/25/2011,BED,MA,ANE,EN,Towers with Radar,0,52,100,5,157,0,63,217,6,286,0,115,317,11,443,119,0,119,562
07/26/2011,BED,MA,ANE,EN,Towers with Radar,0,48,105,1,154,0,56,171,1,228,0,104,276,2,382,104,0,104,486
07/27/2011,BED,MA,ANE,EN,Towers with Radar,0,46,115,1,162,0,18,257,11,286,0,64,372,12,448,246,10,256,704
07/28/2011,BED,MA,ANE,EN,Towers with Radar,0,51,112,2,165,0,9,197,4,210,0,60,309,6,375,212,0,212,587
07/29/2011,BED,MA,ANE,EN,Towers with Radar,0,30,122,2,154,0,6,24,0,30,0,36,146,2,184,72,0,72,256
07/30/2011,BED,MA,ANE,EN,Towers with Radar,0,18,39,2,59,0,6,176,8,190,0,24,215,10,249,242,0,242,491
07/31/2011,BED,MA,ANE,EN,Towers with Radar,0,25,80,6,111,0,30,281,11,322,0,55,361,17,433,249,0,249,682
08/01/2011,BED,MA,ANE,EN,Towers with Radar,0,36,84,3,123,0,48,246,19,313,0,84,330,22,436,184,0,184,620
08/02/2011,BED,MA,ANE,EN,Towers with Radar,2,38,72,6,118,0,9,162,7,178,2,47,234,13,296,188,6,194,490
08/03/2011,BED,MA,ANE,EN,Towers with Radar,0,38,92,2,132,0,12,194,9,215,0,50,286,11,347,314,0,314,661
08/04/2011,BED,MA,ANE,EN,Towers with Radar,0,36,99,4,139,0,7,149,4,160,0,43,248,8,299,168,2,170,469
08/05/2011,BED,MA,ANE,EN,Towers with Radar,0,35,83,8,126,0,20,185,2,207,0,55,268,10,333,204,0,204,537
08/06/2011,BED,MA,ANE,EN,Towers with Radar,0,13,67,2,82,0,14,205,3,222,0,27,272,5,304,296,0,296,600
08/07/2011,BED,MA,ANE,EN,Towers with Radar,0,36,125,4,165,0,36,125,4,165,0,72,250,8,330,0,0,0,330
08/08/2011,BED,MA,ANE,EN,Towers with Radar,0,59,124,1,184,0,6,53,0,59,0,65,177,1,243,72,0,72,315
08/09/2011,BED,MA,ANE,EN,Towers with Radar,2,38,93,1,134,0,16,109,3,128,2,54,202,4,262,188,0,188,450
08/10/2011,BED,MA,ANE,EN,Towers with Radar,0,38,101,3,142,0,7,89,1,97,0,45,190,4,239,238,0,238,477
08/11/2011,BED,MA,ANE,EN,Towers with Radar,0,52,80,1,133,0,30,266,0,296,0,82,346,1,429,296,0,296,725
08/12/2011,BED,MA,ANE,EN,Towers with Radar,0,44,78,3,125,0,16,187,3,206,0,60,265,6,331,288,0,288,619
08/13/2011,BED,MA,ANE,EN,Towers with Radar,0,15,78,3,96,0,23,268,11,302,0,38,346,14,398,294,8,302,700
08/14/2011,BED,MA,ANE,EN,Towers with Radar,0,20,83,3,106,0,22,132,3,157,0,42,215,6,263,80,0,80,343
08/15/2011,BED,MA,ANE,EN,Towers with Radar,0,53,88,0,141,0,0,0,0,0,0,53,88,0,141,0,0,0,141
08/16/2011,BED,MA,ANE,EN,Towers with Radar,0,39,111,4,154,0,20,88,0,108,0,59,199,4,262,102,0,102,364
08/17/2011,BED,MA,ANE,EN,Towers with Radar,0,41,100,0,141,0,8,267,2,277,0,49,367,2,418,352,2,354,772
08/18/2011,BED,MA,ANE,EN,Towers with Radar,1,41,100,0,142,0,7,184,0,191,1,48,284,0,333,228,0,228,561
08/19/2011,BED,MA,ANE,EN,Towers with Radar,2,36,60,2,100,0,4,92,1,97,2,40,152,3,197,134,0,134,331
08/20/2011,BED,MA,ANE,EN,Towers with Radar,0,28,65,0,93,0,14,128,0,142,0,42,193,0,235,193,0,193,428
08/21/2011,BED,MA,ANE,EN,Towers with Radar,0,52,77,0,129,0,8,109,0,117,0,60,186,0,246,141,0,141,387
08/22/2011,BED,MA,ANE,EN,Towers with Radar,3,33,76,3,115,2,18,141,0,161,5,51,217,3,276,114,0,114,390
08/23/2011,BED,MA,ANE,EN,Towers with Radar,2,29,80,0,111,0,14,192,1,207,2,43,272,1,318,172,0,172,490
08/24/2011,BED,MA,ANE,EN,Towers with Radar,0,40,81,1,122,0,7,212,0,219,0,47,293,1,341,234,0,234,575
08/25/2011,BED,MA,ANE,EN,Towers with Radar,1,42,85,1,129,0,3,83,0,86,1,45,168,1,215,86,0,86,301
08/26/2011,BED,MA,ANE,EN,Towers with Radar,0,42,90,1,133,0,17,185,2,204,0,59,275,3,337,190,0,190,527
08/27/2011,BED,MA,ANE,EN,Towers with Radar,0,27,71,0,98,0,1,58,0,59,0,28,129,0,157,144,0,144,301
08/28/2011,BED,MA,ANE,EN,Towers with Radar,0,3,0,0,3,0,0,0,0,0,0,3,0,0,3,0,0,0,3
08/29/2011,BED,MA,ANE,EN,Towers with Radar,0,39,88,0,127,0,18,147,3,168,0,57,235,3,295,146,0,146,441
08/30/2011,BED,MA,ANE,EN,Towers with Radar,2,43,85,0,130,0,16,238,0,254,2,59,323,0,384,318,0,318,702
08/31/2011,BED,MA,ANE,EN,Towers with Radar,0,56,98,0,154,0,17,194,1,212,0,73,292,1,366,230,0,230,596
09/01/2011,BED,MA,ANE,EN,Towers with Radar,1,40,124,3,168,0,16,200,0,216,1,56,324,3,384,234,0,234,618
09/02/2011,BED,MA,ANE,EN,Towers with Radar,2,38,73,1,114,0,1,163,0,164,2,39,236,1,278,244,0,244,522
09/03/2011,BED,MA,ANE,EN,Towers with Radar,2,18,35,1,56,0,4,198,0,202,2,22,233,1,258,200,0,200,458
09/04/2011,BED,MA,ANE,EN,Towers with Radar,1,14,46,2,63,0,4,62,0,66,1,18,108,2,129,106,0,106,235
09/05/2011,BED,MA,ANE,EN,Towers with Radar,0,47,72,1,120,0,10,115,0,125,0,57,187,1,245,160,0,160,405
09/06/2011,BED,MA,ANE,EN,Towers with Radar,0,44,108,2,154,0,0,8,0,8,0,44,116,2,162,0,0,0,162
09/07/2011,BED,MA,ANE,EN,Towers with Radar,0,54,96,2,152,0,1,1,0,2,0,55,97,2,154,2,0,2,156
09/08/2011,BED,MA,ANE,EN,Towers with Radar,0,69,141,0,210,0,0,0,0,0,0,69,141,0,210,0,0,0,210
09/09/2011,BED,MA,ANE,EN,Towers with Radar,0,51,112,4,167,0,8,145,0,153,0,59,257,4,320,218,0,218,538
09/10/2011,BED,MA,ANE,EN,Towers with Radar,0,21,46,0,67,0,14,196,0,210,0,35,242,0,277,326,0,326,603
09/11/2011,BED,MA,ANE,EN,Towers with Radar,0,46,92,3,141,0,10,201,0,211,0,56,293,3,352,236,0,236,588
09/12/2011,BED,MA,ANE,EN,Towers with Radar,0,45,99,2,146,0,10,129,1,140,0,55,228,3,286,266,0,266,552
09/13/2011,BED,MA,ANE,EN,Towers with Radar,0,47,98,0,145,0,6,168,0,174,0,53,266,0,319,178,0,178,497
09/14/2011,BED,MA,ANE,EN,Towers with Radar,0,35,92,3,130,0,10,136,0,146,0,45,228,3,276,216,0,216,492
09/15/2011,BED,MA,ANE,EN,Towers with Radar,0,48,113,1,162,0,10,42,0,52,0,58,155,1,214,135,0,135,349
09/16/2011,BED,MA,ANE,EN,Towers with Radar,2,48,80,1,131,0,9,176,0,185,2,57,256,1,316,198,0,198,514
09/17/2011,BED,MA,ANE,EN,Towers with Radar,2,24,55,1,82,0,15,297,0,312,2,39,352,1,394,206,0,206,600
09/18/2011,BED,MA,ANE,EN,Towers with Radar,2,46,84,0,132,0,7,236,4,247,2,53,320,4,379,282,0,282,661
09/19/2011,BED,MA,ANE,EN,Towers with Radar,0,62,77,4,143,0,5,144,0,149,0,67,221,4,292,208,0,208,500
09/20/2011,BED,MA,ANE,EN,Towers with Radar,2,63,95,3,163,0,2,62,0,64,2,65,157,3,227,94,0,94,321
09/21/2011,BED,MA,ANE,EN,Towers with Radar,5,52,109,1,167,0,8,145,0,153,5,60,254,1,320,156,0,156,476
09/22/2011,BED,MA,ANE,EN,Towers with Radar,0,69,124,0,193,0,0,11,0,11,0,69,135,0,204,44,0,44,248
09/23/2011,BED,MA,ANE,EN,Towers with Radar,0,56,135,0,191,0,0,17,0,17,0,56,152,0,208,34,0,34,242
09/24/2011,BED,MA,ANE,EN,Towers with Radar,1,27,94,0,122,0,6,99,0,105,1,33,193,0,227,212,0,212,439
09/25/2011,BED,MA,ANE,EN,Towers with Radar,0,46,104,0,150,0,24,152,0,176,0,70,256,0,326,283,0,283,609
09/26/2011,BED,MA,ANE,EN,Towers with Radar,0,35,82,6,123,0,3,202,0,205,0,38,284,6,328,234,0,234,562
09/27/2011,BED,MA,ANE,EN,Towers with Radar,2,52,89,3,146,0,5,135,0,140,2,57,224,3,286,134,0,134,420
09/28/2011,BED,MA,ANE,EN,Towers with Radar,0,61,93,0,154,0,6,111,0,117,0,67,204,0,271,186,0,186,457
09/29/2011,BED,MA,ANE,EN,Towers with Radar,0,58,109,0,167,0,0,2,0,2,0,58,111,0,169,0,0,0,169
09/30/2011,BED,MA,ANE,EN,Towers with Radar,2,49,105,0,156,0,11,164,0,175,2,60,269,0,331,189,0,189,520
10/01/2011,BED,MA,ANE,EN,Towers with Radar,2,28,69,2,101,0,0,0,0,0,2,28,69,2,101,16,0,16,117
10/02/2011,BED,MA,ANE,EN,Towers with Radar,0,43,103,0,146,0,0,1,0,1,0,43,104,0,147,0,0,0,147
10/03/2011,BED,MA,ANE,EN,Towers with Radar,0,44,88,4,136,0,17,97,1,115,0,61,185,5,251,169,0,169,420
10/04/2011,BED,MA,ANE,EN,Towers with Radar,0,49,111,1,161,0,0,9,0,9,0,49,120,1,170,14,0,14,184
10/05/2011,BED,MA,ANE,EN,Towers with Radar,2,43,73,2,120,0,10,114,0,124,2,53,187,2,244,147,0,147,391
10/06/2011,BED,MA,ANE,EN,Towers with Radar,2,29,89,1,121,0,8,182,0,190,2,37,271,1,311,202,0,202,513
10/07/2011,BED,MA,ANE,EN,Towers with Radar,2,55,75,0,132,0,20,278,1,299,2,75,353,1,431,272,0,272,703
10/08/2011,BED,MA,ANE,EN,Towers with Radar,0,30,50,0,80,0,17,268,0,285,0,47,318,0,365,258,0,258,623
10/09/2011,BED,MA,ANE,EN,Towers with Radar,0,30,51,0,81,0,8,225,0,233,0,38,276,0,314,206,0,206,520
10/10/2011,BED,MA,ANE,EN,Towers with Radar,1,43,104,0,148,0,10,282,0,292,1,53,386,0,440,220,0,220,660
10/11/2011,BED,MA,ANE,EN,Towers with Radar,1,52,86,3,142,0,9,181,0,190,1,61,267,3,332,166,0,166,498
10/12/2011,BED,MA,ANE,EN,Towers with Radar,0,50,116,1,167,0,3,112,0,115,0,53,228,1,282,172,0,172,454
10/13/2011,BED,MA,ANE,EN,Towers with Radar,0,57,122,0,179,0,0,0,0,0,0,57,122,0,179,0,0,0,179
10/14/2011,BED,MA,ANE,EN,Towers with Radar,0,52,101,2,155,0,0,0,0,0,0,52,101,2,155,0,0,0,155
10/15/2011,BED,MA,ANE,EN,Towers with Radar,0,28,63,1,92,0,1,130,0,131,0,29,193,1,223,200,0,200,423
10/16/2011,BED,MA,ANE,EN,Towers with Radar,0,42,85,2,129,0,5,154,1,160,0,47,239,3,289,132,0,132,421
10/17/2011,BED,MA,ANE,EN,Towers with Radar,2,38,68,2,110,0,9,114,0,123,2,47,182,2,233,165,0,165,398
10/18/2011,BED,MA,ANE,EN,Towers with Radar,0,39,98,2,139,0,5,204,0,209,0,44,302,2,348,256,0,256,604
10/19/2011,BED,MA,ANE,EN,Towers with Radar,0,41,100,4,145,0,0,16,0,16,0,41,116,4,161,34,0,34,195
10/20/2011,BED,MA,ANE,EN,Towers with Radar,0,65,93,0,158,0,8,51,0,59,0,73,144,0,217,52,0,52,269
10/21/2011,BED,MA,ANE,EN,Towers with Radar,3,66,117,6,192,0,10,255,0,265,3,76,372,6,457,316,0,316,773
10/22/2011,BED,MA,ANE,EN,Towers with Radar,1,29,45,2,77,0,5,275,0,280,1,34,320,2,357,232,0,232,589
10/23/2011,BED,MA,ANE,EN,Towers with Radar,1,41,88,1,131,0,14,278,0,292,1,55,366,1,423,298,0,298,721
10/24/2011,BED,MA,ANE,EN,Towers with Radar,0,34,77,2,113,1,7,146,0,154,1,41,223,2,267,187,0,187,454
10/25/2011,BED,MA,ANE,EN,Towers with Radar,0,47,99,3,149,0,6,164,0,170,0,53,263,3,319,159,0,159,478
10/26/2011,BED,MA,ANE,EN,Towers with Radar,0,45,95,2,142,0,3,130,0,133,0,48,225,2,275,222,0,222,497
10/27/2011,BED,MA,ANE,EN,Towers with Radar,0,63,108,6,177,0,0,0,0,0,0,63,108,6,177,0,0,0,177
10/28/2011,BED,MA,ANE,EN,Towers with Radar,2,48,91,4,145,0,9,157,2,168,2,57,248,6,313,220,3,223,536
10/29/2011,BED,MA,ANE,EN,Towers with Radar,1,29,46,0,76,0,2,91,0,93,1,31,137,0,169,132,0,132,301
10/30/2011,BED,MA,ANE,EN,Towers with Radar,0,32,51,0,83,0,9,29,0,38,0,41,80,0,121,20,0,20,141
10/31/2011,BED,MA,ANE,EN,Towers with Radar,1,32,54,0,87,0,16,125,0,141,1,48,179,0,228,136,0,136,364
11/01/2011,BED,MA,ANE,EN,Towers with Radar,1,59,78,2,140,0,11,131,2,144,1,70,209,4,284,150,0,150,434
11/02/2011,BED,MA,ANE,EN,Towers with Radar,0,35,78,0,113,0,15,150,2,167,0,50,228,2,280,230,0,230,510
11/03/2011,BED,MA,ANE,EN,Towers with Radar,0,44,98,2,144,0,7,195,0,202,0,51,293,2,346,267,0,267,613
11/04/2011,BED,MA,ANE,EN,Towers with Radar,0,40,64,2,106,0,10,81,0,91,0,50,145,2,197,53,0,53,250
11/05/2011,BED,MA,ANE,EN,Towers with Radar,0,25,40,1,66,0,2,256,1,259,0,27,296,2,325,230,0,230,555
11/06/2011,BED,MA,ANE,EN,Towers with Radar,0,32,82,4,118,0,10,218,1,229,0,42,300,5,347,224,0,224,571
11/07/2011,BED,MA,ANE,EN,Towers with Radar,0,49,96,0,145,0,6,136,0,142,0,55,232,0,287,178,0,178,465
11/08/2011,BED,MA,ANE,EN,Towers with Radar,0,32,73,0,105,0,3,203,0,206,0,35,276,0,311,224,0,224,535
11/09/2011,BED,MA,ANE,EN,Towers with Radar,0,39,100,0,139,0,4,201,1,206,0,43,301,1,345,200,0,200,545
11/10/2011,BED,MA,ANE,EN,Towers with Radar,0,55,101,0,156,0,0,0,0,0,0,55,101,0,156,0,0,0,156
11/11/2011,BED,MA,ANE,EN,Towers with Radar,2,33,78,0,113,0,10,142,0,152,2,43,220,0,265,194,0,194,459
11/12/2011,BED,MA,ANE,EN,Towers with Radar,2,21,53,0,76,0,10,165,0,175,2,31,218,0,251,192,0,192,443
11/13/2011,BED,MA,ANE,EN,Towers with Radar,1,35,90,4,130,0,9,175,0,184,1,44,265,4,314,270,0,270,584
11/14/2011,BED,MA,ANE,EN,Towers with Radar,0,41,81,0,122,0,6,109,0,115,0,47,190,0,237,178,0,178,415
11/15/2011,BED,MA,ANE,EN,Towers with Radar,0,45,87,3,135,0,7,100,0,107,0,52,187,3,242,132,0,132,374
11/16/2011,BED,MA,ANE,EN,Towers with Radar,0,40,103,0,143,0,3,62,0,65,0,43,165,0,208,158,0,158,366
11/17/2011,BED,MA,ANE,EN,Towers with Radar,1,58,106,0,165,0,1,110,0,111,1,59,216,0,276,188,0,188,464
11/18/2011,BED,MA,ANE,EN,Towers with Radar,4,59,83,2,148,0,7,190,0,197,4,66,273,2,345,224,0,224,569
11/19/2011,BED,MA,ANE,EN,Towers with Radar,1,24,48,0,73,0,5,190,1,196,1,29,238,1,269,98,0,98,367
11/20/2011,BED,MA,ANE,EN,Towers with Radar,0,28,44,1,73,0,2,158,0,160,0,30,202,1,233,174,0,174,407
11/21/2011,BED,MA,ANE,EN,Towers with Radar,0,33,86,5,124,0,47,113,0,160,0,80,199,5,284,150,0,150,434
11/22/2011,BED,MA,ANE,EN,Towers with Radar,0,80,96,0,176,0,4,74,1,79,0,84,170,1,255,152,0,152,407
11/23/2011,BED,MA,ANE,EN,Towers with Radar,0,52,100,0,152,0,0,1,0,1,0,52,101,0,153,0,0,0,153
11/24/2011,BED,MA,ANE,EN,Towers with Radar,0,28,25,0,53,0,10,50,0,60,0,38,75,0,113,30,0,30,143
11/25/2011,BED,MA,ANE,EN,Towers with Radar,0,26,47,0,73,0,6,221,1,228,0,32,268,1,301,164,0,164,465
11/26/2011,BED,MA,ANE,EN,Towers with Radar,0,41,57,0,98,0,4,215,3,222,0,45,272,3,320,200,0,200,520
11/27/2011,BED,MA,ANE,EN,Towers with Radar,1,49,145,0,195,0,1,57,0,58,1,50,202,0,253,94,0,94,347
11/28/2011,BED,MA,ANE,EN,Towers with Radar,1,40,99,0,140,0,8,157,1,166,1,48,256,1,306,166,0,166,472
11/29/2011,BED,MA,ANE,EN,Towers with Radar,1,39,106,0,146,0,4,146,0,150,1,43,252,0,296,216,0,216,512
11/30/2011,BED,MA,ANE,EN,Towers with Radar,0,48,96,0,144,0,6,152,2,160,0,54,248,2,304,208,0,208,512
12/01/2011,BED,MA,ANE,EN,Towers with Radar,0,51,93,0,144,0,6,155,0,161,0,57,248,0,305,164,0,164,469
12/02/2011,BED,MA,ANE,EN,Towers with Radar,0,45,71,0,116,0,5,192,1,198,0,50,263,1,314,225,0,225,539
12/03/2011,BED,MA,ANE,EN,Towers with Radar,0,26,30,0,56,0,9,260,0,269,0,35,290,0,325,221,0,221,546
12/04/2011,BED,MA,ANE,EN,Towers with Radar,2,34,73,0,109,0,6,190,0,196,2,40,263,0,305,222,0,222,527
12/05/2011,BED,MA,ANE,EN,Towers with Radar,0,45,89,3,137,0,0,106,0,106,0,45,195,3,243,132,0,132,375
12/06/2011,BED,MA,ANE,EN,Towers with Radar,0,51,103,0,154,0,0,7,0,7,0,51,110,0,161,28,0,28,189
12/07/2011,BED,MA,ANE,EN,Towers with Radar,1,36,82,0,119,0,0,0,0,0,1,36,82,0,119,0,0,0,119
12/08/2011,BED,MA,ANE,EN,Towers with Radar,0,38,65,4,107,0,2,41,2,45,0,40,106,6,152,60,0,60,212
12/09/2011,BED,MA,ANE,EN,Towers with Radar,1,53,77,2,133,0,10,164,2,176,1,63,241,4,309,262,0,262,571
12/10/2011,BED,MA,ANE,EN,Towers with Radar,0,26,55,1,82,0,3,226,5,234,0,29,281,6,316,272,0,272,588
12/11/2011,BED,MA,ANE,EN,Towers with Radar,0,36,54,1,91,0,5,202,1,208,0,41,256,2,299,252,0,252,551
12/12/2011,BED,MA,ANE,EN,Towers with Radar,0,44,83,1,128,0,13,159,0,172,0,57,242,1,300,172,0,172,472
12/13/2011,BED,MA,ANE,EN,Towers with Radar,0,54,104,1,159,0,10,230,0,240,0,64,334,1,399,303,0,303,702
12/14/2011,BED,MA,ANE,EN,Towers with Radar,0,43,108,1,152,0,7,132,0,139,0,50,240,1,291,282,0,282,573
12/15/2011,BED,MA,ANE,EN,Towers with Radar,0,42,107,4,153,0,1,35,0,36,0,43,142,4,189,12,0,12,201
12/16/2011,BED,MA,ANE,EN,Towers with Radar,3,58,77,1,139,0,7,31,0,38,3,65,108,1,177,30,0,30,207
12/17/2011,BED,MA,ANE,EN,Towers with Radar,3,29,49,0,81,0,6,184,0,190,3,35,233,0,271,452,0,452,723
12/18/2011,BED,MA,ANE,EN,Towers with Radar,2,33,41,0,76,0,4,176,0,180,2,37,217,0,256,210,0,210,466
12/19/2011,BED,MA,ANE,EN,Towers with Radar,0,47,58,0,105,0,3,133,0,136,0,50,191,0,241,212,0,212,453
12/20/2011,BED,MA,ANE,EN,Towers with Radar,0,52,67,0,119,0,9,172,0,181,0,61,239,0,300,190,0,190,490
12/21/2011,BED,MA,ANE,EN,Towers with Radar,0,49,76,0,125,0,0,46,0,46,0,49,122,0,171,124,0,124,295
12/22/2011,BED,MA,ANE,EN,Towers with Radar,0,41,71,2,114,0,14,158,1,173,0,55,229,3,287,206,0,206,493
12/23/2011,BED,MA,ANE,EN,Towers with Radar,0,39,41,2,82,0,0,13,0,13,0,39,54,2,95,16,0,16,111
12/24/2011,BED,MA,ANE,EN,Towers with Radar,1,28,38,0,67,0,4,121,0,125,1,32,159,0,192,192,0,192,384
12/25/2011,BED,MA,ANE,EN,Towers with Radar,1,22,28,0,51,0,1,9,0,10,1,23,37,0,61,6,0,6,67
12/26/2011,BED,MA,ANE,EN,Towers with Radar,2,50,83,0,135,0,2,127,0,129,2,52,210,0,264,209,0,209,473
12/27/2011,BED,MA,ANE,EN,Towers with Radar,1,44,42,0,87,0,0,135,1,136,1,44,177,1,223,202,0,202,425
12/28/2011,BED,MA,ANE,EN,Towers with Radar,0,41,26,0,67,0,0,53,0,53,0,41,79,0,120,88,0,88,208
12/29/2011,BED,MA,ANE,EN,Towers with Radar,0,33,34,0,67,0,5,100,0,105,0,38,134,0,172,158,0,158,330
12/30/2011,BED,MA,ANE,EN,Towers with Radar,0,26,44,0,70,0,7,108,0,115,0,33,152,0,185,286,0,286,471
12/31/2011,BED,MA,ANE,EN,Towers with Radar,1,26,14,3,44,0,0,0,0,0,1,26,14,3,44,0,0,0,44
01/01/2012,BED,MA,ANE,EN,Towers with Radar,1,45,48,1,95,0,2,130,0,132,1,47,178,1,227,230,0,230,457
01/02/2012,BED,MA,ANE,EN,Towers with Radar,2,68,74,0,144,0,11,93,0,104,2,79,167,0,248,150,0,150,398
01/03/2012,BED,MA,ANE,EN,Towers with Radar,1,43,44,2,90,0,5,145,0,150,1,48,189,2,240,186,0,186,426
01/04/2012,BED,MA,ANE,EN,Towers with Radar,0,29,45,2,76,0,7,145,0,152,0,36,190,2,228,278,0,278,506
01/05/2012,BED,MA,ANE,EN,Towers with Radar,0,48,57,0,105,0,20,189,0,209,0,68,246,0,314,214,0,214,528
01/06/2012,BED,MA,ANE,EN,Towers with Radar,0,40,42,0,82,0,6,156,0,162,0,46,198,0,244,240,0,240,484
01/07/2012,BED,MA,ANE,EN,Towers with Radar,0,20,45,0,65,0,7,261,0,268,0,27,306,0,333,300,0,300,633
01/08/2012,BED,MA,ANE,EN,Towers with Radar,0,25,50,2,77,0,8,167,0,175,0,33,217,2,252,349,0,349,601
01/09/2012,BED,MA,ANE,EN,Towers with Radar,0,41,65,4,110,0,2,93,0,95,0,43,158,4,205,168,0,168,373
01/10/2012,BED,MA,ANE,EN,Towers with Radar,0,31,68,0,99,0,10,111,0,121,0,41,179,0,220,114,0,114,334
01/11/2012,BED,MA,ANE,EN,Towers with Radar,2,42,53,2,99,0,10,130,0,140,2,52,183,2,239,190,0,190,429
01/12/2012,BED,MA,ANE,EN,Towers with Radar,2,49,67,0,118,0,0,0,0,0,2,49,67,0,118,0,0,0,118
01/13/2012,BED,MA,ANE,EN,Towers with Radar,3,50,57,0,110,0,2,6,0,8,3,52,63,0,118,0,0,0,118
01/14/2012,BED,MA,ANE,EN,Towers with Radar,2,18,42,0,62,0,10,177,0,187,2,28,219,0,249,288,0,288,537
01/15/2012,BED,MA,ANE,EN,Towers with Radar,1,25,43,0,69,0,2,126,0,128,1,27,169,0,197,106,0,106,303
01/16/2012,BED,MA,ANE,EN,Towers with Radar,1,59,52,0,112,0,4,216,0,220,1,63,268,0,332,284,0,284,616
01/17/2012,BED,MA,ANE,EN,Towers with Radar,0,29,84,2,115,0,0,19,0,19,0,29,103,2,134,58,0,58,192
01/18/2012,BED,MA,ANE,EN,Towers with Radar,0,31,60,4,95,0,4,29,2,35,0,35,89,6,130,0,0,0,130
01/19/2012,BED,MA,ANE,EN,Towers with Radar,0,45,81,10,136,0,6,168,2,176,0,51,249,12,312,213,0,213,525
01/20/2012,BED,MA,ANE,EN,Towers with Radar,0,46,58,4,108,0,10,104,0,114,0,56,162,4,222,198,0,198,420
01/21/2012,BED,MA,ANE,EN,Towers with Radar,3,23,28,0,54,0,0,0,0,0,3,23,28,0,54,0,0,0,54
01/22/2012,BED,MA,ANE,EN,Towers with Radar,2,48,62,2,114,0,2,133,0,135,2,50,195,2,249,354,0,354,603
01/23/2012,BED,MA,ANE,EN,Towers with Radar,0,38,83,0,121,0,1,24,0,25,0,39,107,0,146,104,0,104,250
01/24/2012,BED,MA,ANE,EN,Towers with Radar,2,50,76,3,131,0,5,123,2,130,2,55,199,5,261,112,0,112,373
01/25/2012,BED,MA,ANE,EN,Towers with Radar,1,51,81,1,134,0,3,180,0,183,1,54,261,1,317,278,0,278,595
01/26/2012,BED,MA,ANE,EN,Towers with Radar,1,46,86,2,135,0,6,166,2,174,1,52,252,4,309,210,0,210,519
01/27/2012,BED,MA,ANE,EN,Towers with Radar,1,48,70,2,121,0,0,0,0,0,1,48,70,2,121,0,0,0,121
01/28/2012,BED,MA,ANE,EN,Towers with Radar,0,26,47,0,73,0,3,234,0,237,0,29,281,0,310,266,0,266,576
01/29/2012,BED,MA,ANE,EN,Towers with Radar,0,32,46,0,78,0,6,142,0,148,0,38,188,0,226,214,0,214,440
01/30/2012,BED,MA,ANE,EN,Towers with Radar,2,38,45,1,86,0,5,63,0,68,2,43,108,1,154,78,0,78,232
01/31/2012,BED,MA,ANE,EN,Towers with Radar,3,35,71,2,111,0,3,126,0,129,3,38,197,2,240,147,0,147,387
02/01/2012,BED,MA,ANE,EN,Towers with Radar,0,42,76,0,118,0,7,57,0,64,0,49,133,0,182,94,0,94,276
02/02/2012,BED,MA,ANE,EN,Towers with Radar,0,58,99,4,161,0,2,104,0,106,0,60,203,4,267,286,0,286,553
02/03/2012,BED,MA,ANE,EN,Towers with Radar,0,34,81,0,115,0,9,143,0,152,0,43,224,0,267,224,0,224,491
02/04/2012,BED,MA,ANE,EN,Towers with Radar,1,41,62,0,104,0,3,236,0,239,1,44,298,0,343,340,0,340,683
02/05/2012,BED,MA,ANE,EN,Towers with Radar,1,44,65,0,110,0,12,207,0,219,1,56,272,0,329,332,0,332,661
02/06/2012,BED,MA,ANE,EN,Towers with Radar,0,74,119,2,195,0,9,132,0,141,0,83,251,2,336,202,0,202,538
02/07/2012,BED,MA,ANE,EN,Towers with Radar,3,33,78,2,116,0,6,140,0,146,3,39,218,2,262,256,0,256,518
02/08/2012,BED,MA,ANE,EN,Towers with Radar,2,51,75,1,129,0,7,118,0,125,2,58,193,1,254,240,0,240,494
02/09/2012,BED,MA,ANE,EN,Towers with Radar,0,44,68,6,118,3,8,143,0,154,3,52,211,6,272,258,0,258,530
02/10/2012,BED,MA,ANE,EN,Towers with Radar,0,47,67,0,114,0,10,167,2,179,0,57,234,2,293,351,0,351,644
02/11/2012,BED,MA,ANE,EN,Towers with Radar,0,22,33,0,55,0,0,12,1,13,0,22,45,1,68,50,0,50,118
02/12/2012,BED,MA,ANE,EN,Towers with Radar,0,33,48,0,81,0,7,78,4,89,0,40,126,4,170,138,0,138,308
02/13/2012,BED,MA,ANE,EN,Towers with Radar,0,35,59,2,96,0,10,67,1,78,0,45,126,3,174,126,0,126,300
02/14/2012,BED,MA,ANE,EN,Towers with Radar,1,36,54,0,91,0,8,153,0,161,1,44,207,0,252,294,0,294,546
02/15/2012,BED,MA,ANE,EN,Towers with Radar,1,49,108,0,158,0,4,88,0,92,1,53,196,0,250,190,0,190,440
02/16/2012,BED,MA,ANE,EN,Towers with Radar,2,50,92,2,146,0,2,159,0,161,2,52,251,2,307,275,0,275,582
02/17/2012,BED,MA,ANE,EN,Towers with Radar,0,68,130,0,198,0,3,146,0,149,0,71,276,0,347,248,0,248,595
02/18/2012,BED,MA,ANE,EN,Towers with Radar,0,38,58,3,99,0,5,210,0,215,0,43,268,3,314,300,0,300,614
02/19/2012,BED,MA,ANE,EN,Towers with Radar,0,36,64,0,100,0,12,190,0,202,0,48,254,0,302,232,0,232,534
02/20/2012,BED,MA,ANE,EN,Towers with Radar,1,41,80,1,123,0,12,158,0,170,1,53,238,1,293,188,0,188,481
02/21/2012,BED,MA,ANE,EN,Towers with Radar,1,55,81,0,137,0,10,154,0,164,1,65,235,0,301,212,0,212,513
02/22/2012,BED,MA,ANE,EN,Towers with Radar,1,33,54,0,88,0,11,104,0,115,1,44,158,0,203,176,0,176,379
02/23/2012,BED,MA,ANE,EN,Towers with Radar,1,62,83,1,147,0,6,75,2,83,1,68,158,3,230,234,0,234,464
02/24/2012,BED,MA,ANE,EN,Towers with Radar,0,63,53,0,116,0,0,1,0,1,0,63,54,0,117,0,0,0,117
02/25/2012,BED,MA,ANE,EN,Towers with Radar,0,35,39,0,74,0,3,7,0,10,0,38,46,0,84,36,0,36,120
02/26/2012,BED,MA,ANE,EN,Towers with Radar,1,59,71,0,131,0,18,151,0,169,1,77,222,0,300,150,0,150,450
02/27/2012,BED,MA,ANE,EN,Towers with Radar,3,34,68,0,105,0,7,139,0,146,3,41,207,0,251,258,0,258,509
02/28/2012,BED,MA,ANE,EN,Towers with Radar,2,41,79,2,124,0,13,158,0,171,2,54,237,2,295,160,0,160,455
02/29/2012,BED,MA,ANE,EN,Towers with Radar,0,41,83,2,126,0,0,29,0,29,0,41,112,2,155,104,0,104,259
03/01/2012,BED,MA,ANE,EN,Towers with Radar,0,41,59,2,102,0,0,0,0,0,0,41,59,2,102,0,0,0,102
03/02/2012,BED,MA,ANE,EN,Towers with Radar,2,49,78,0,129,0,0,3,0,3,2,49,81,0,132,66,0,66,198
03/03/2012,BED,MA,ANE,EN,Towers with Radar,2,31,27,0,60,0,0,9,0,9,2,31,36,0,69,4,0,4,73
03/04/2012,BED,MA,ANE,EN,Towers with Radar,0,52,65,0,117,0,5,216,0,221,0,57,281,0,338,380,0,380,718
03/05/2012,BED,MA,ANE,EN,Towers with Radar,0,34,75,0,109,0,5,96,0,101,0,39,171,0,210,122,0,122,332
03/06/2012,BED,MA,ANE,EN,Towers with Radar,1,53,93,0,147,1,9,138,0,148,2,62,231,0,295,242,0,242,537
03/07/2012,BED,MA,ANE,EN,Towers with Radar,1,46,92,4,143,0,7,183,3,193,1,53,275,7,336,258,0,258,594
03/08/2012,BED,MA,ANE,EN,Towers with Radar,0,54,75,1,130,0,3,67,0,70,0,57,142,1,200,36,0,36,236
03/09/2012,BED,MA,ANE,EN,Towers with Radar,4,52,90,1,147,0,2,139,0,141,4,54,229,1,288,206,0,206,494
03/10/2012,BED,MA,ANE,EN,Towers with Radar,2,18,62,0,82,0,6,200,1,207,2,24,262,1,289,360,0,360,649
03/11/2012,BED,MA,ANE,EN,Towers with Radar,0,56,62,0,118,0,6,225,0,231,0,62,287,0,349,202,0,202,551
03/12/2012,BED,MA,ANE,EN,Towers with Radar,0,36,77,0,113,0,8,158,0,166,0,44,235,0,279,268,0,268,547
03/13/2012,BED,MA,ANE,EN,Towers with Radar,2,52,65,0,119,0,3,130,0,133,2,55,195,0,252,299,0,299,551
03/14/2012,BED,MA,ANE,EN,Towers with Radar,2,56,71,0,129,0,2,25,0,27,2,58,96,0,156,50,0,50,206
03/15/2012,BED,MA,ANE,EN,Towers with Radar,0,57,95,2,154,0,2,113,0,115,0,59,208,2,269,300,0,300,569
03/16/2012,BED,MA,ANE,EN,Towers with Radar,2,64,87,6,159,0,0,24,0,24,2,64,111,6,183,98,0,98,281
03/17/2012,BED,MA,ANE,EN,Towers with Radar,1,41,61,0,103,0,2,143,0,145,1,43,204,0,248,468,0,468,716
03/18/2012,BED,MA,ANE,EN,Towers with Radar,1,34,76,0,111,0,3,234,0,237,1,37,310,0,348,270,0,270,618
03/19/2012,BED,MA,ANE,EN,Towers with Radar,0,37,59,6,102,0,17,134,0,151,0,54,193,6,253,164,0,164,417
03/20/2012,BED,MA,ANE,EN,Towers with Radar,0,37,54,6,97,0,15,152,0,167,0,52,206,6,264,212,0,212,476
03/21/2012,BED,MA,ANE,EN,Towers with Radar,1,62,82,2,147,0,13,158,0,171,1,75,240,2,318,248,0,248,566
03/22/2012,BED,MA,ANE,EN,Towers with Radar,0,48,64,6,118,0,8,175,2,185,0,56,239,8,303,272,0,272,575
03/23/2012,BED,MA,ANE,EN,Towers with Radar,2,46,58,4,110,4,6,197,0,207,6,52,255,4,317,188,0,188,505
03/24/2012,BED,MA,ANE,EN,Towers with Radar,1,29,52,3,85,0,8,240,0,248,1,37,292,3,333,346,0,346,679
03/25/2012,BED,MA,ANE,EN,Towers with Radar,0,44,94,1,139,0,7,54,0,61,0,51,148,1,200,160,0,160,360
03/26/2012,BED,MA,ANE,EN,Towers with Radar,1,42,54,7,104,0,2,30,0,32,1,44,84,7,136,30,0,30,166
03/27/2012,BED,MA,ANE,EN,Towers with Radar,0,65,85,5,155,0,14,128,0,142,0,79,213,5,297,148,0,148,445
03/28/2012,BED,MA,ANE,EN,Towers with Radar,0,47,54,1,102,0,9,182,0,191,0,56,236,1,293,346,0,346,639
03/29/2012,BED,MA,ANE,EN,Towers with Radar,3,45,71,0,119,0,0,99,0,99,3,45,170,0,218,232,0,232,450
03/30/2012,BED,MA,ANE,EN,Towers with Radar,2,56,76,2,136,0,9,214,1,224,2,65,290,3,360,262,0,262,622
03/31/2012,BED,MA,ANE,EN,Towers with Radar,1,38,39,0,78,0,3,129,1,133,1,41,168,1,211,334,0,334,545
04/01/2012,BED,MA,ANE,EN,Towers with Radar,1,38,70,2,111,0,4,221,0,225,1,42,291,2,336,354,0,354,690
04/02/2012,BED,MA,ANE,EN,Towers with Radar,0,29,80,2,111,0,4,76,0,80,0,33,156,2,191,96,0,96,287
04/03/2012,BED,MA,ANE,EN,Towers with Radar,2,42,51,4,99,2,14,107,0,123,4,56,158,4,222,124,0,124,346
04/04/2012,BED,MA,ANE,EN,Towers with Radar,2,46,72,3,123,0,6,161,0,167,2,52,233,3,290,270,0,270,560
04/05/2012,BED,MA,ANE,EN,Towers with Radar,0,48,65,2,115,0,4,182,0,186,0,52,247,2,301,224,0,224,525
04/06/2012,BED,MA,ANE,EN,Towers with Radar,0,43,60,0,103,0,8,203,0,211,0,51,263,0,314,240,0,240,554
04/07/2012,BED,MA,ANE,EN,Towers with Radar,1,32,37,0,70,0,7,261,0,268,1,39,298,0,338,356,0,356,694
04/08/2012,BED,MA,ANE,EN,Towers with Radar,3,47,45,0,95,0,9,182,0,191,3,56,227,0,286,204,0,204,490
04/09/2012,BED,MA,ANE,EN,Towers with Radar,2,40,81,2,125,0,9,119,1,129,2,49,200,3,254,140,0,140,394
04/10/2012,BED,MA,ANE,EN,Towers with Radar,0,51,86,0,137,0,3,176,0,179,0,54,262,0,316,324,0,324,640
04/11/2012,BED,MA,ANE,EN,Towers with Radar,0,44,74,2,120,0,8,206,0,214,0,52,280,2,334,460,0,460,794
04/12/2012,BED,MA,ANE,EN,Towers with Radar,1,75,97,0,173,0,6,130,0,136,1,81,227,0,309,232,0,232,541
04/13/2012,BED,MA,ANE,EN,Towers with Radar,0,49,81,3,133,0,17,254,3,274,0,66,335,6,407,322,0,322,729
04/14/2012,BED,MA,ANE,EN,Towers with Radar,0,39,52,1,92,0,14,328,0,342,0,53,380,1,434,348,0,348,782
04/15/2012,BED,MA,ANE,EN,Towers with Radar,1,59,74,2,136,0,9,225,3,237,1,68,299,5,373,316,0,316,689
04/16/2012,BED,MA,ANE,EN,Towers with Radar,0,56,59,2,117,0,9,148,0,157,0,65,207,2,274,282,0,282,556
04/17/2012,BED,MA,ANE,EN,Towers with Radar,0,48,77,0,125,0,14,128,0,142,0,62,205,0,267,156,0,156,423
04/18/2012,BED,MA,ANE,EN,Towers with Radar,1,67,80,1,149,0,9,169,0,178,1,76,249,1,327,230,0,230,557
04/19/2012,BED,MA,ANE,EN,Towers with Radar,1,50,96,1,148,0,11,186,1,198,1,61,282,2,346,308,0,308,654
04/20/2012,BED,MA,ANE,EN,Towers with Radar,0,63,107,2,172,0,12,205,5,222,0,75,312,7,394,242,0,242,636
04/21/2012,BED,MA,ANE,EN,Towers with Radar,0,40,73,2,115,0,4,122,0,126,0,44,195,2,241,228,0,228,469
04/22/2012,BED,MA,ANE,EN,Towers with Radar,0,57,94,0,151,0,0,0,0,0,0,57,94,0,151,0,0,0,151
04/23/2012,BED,MA,ANE,EN,Towers with Radar,1,43,83,2,129,0,0,0,0,0,1,43,83,2,129,0,0,0,129
04/24/2012,BED,MA,ANE,EN,Towers with Radar,0,50,52,7,109,0,2,126,0,128,0,52,178,7,237,106,0,106,343
04/25/2012,BED,MA,ANE,EN,Towers with Radar,0,50,78,0,128,0,7,180,0,187,0,57,258,0,315,224,0,224,539
04/26/2012,BED,MA,ANE,EN,Towers with Radar,0,51,105,0,156,0,6,182,0,188,0,57,287,0,344,266,0,266,610
04/27/2012,BED,MA,ANE,EN,Towers with Radar,1,71,88,1,161,0,13,90,0,103,1,84,178,1,264,76,0,76,340
04/28/2012,BED,MA,ANE,EN,Towers with Radar,1,32,50,0,83,0,14,285,0,299,1,46,335,0,382,500,0,500,882
04/29/2012,BED,MA,ANE,EN,Towers with Radar,0,43,61,1,105,0,11,204,0,215,0,54,265,1,320,280,0,280,600
04/30/2012,BED,MA,ANE,EN,Towers with Radar,2,49,70,0,121,0,7,225,0,232,2,56,295,0,353,370,0,370,723
05/01/2012,BED,MA,ANE,EN,Towers with Radar,0,56,96,0,152,0,0,10,0,10,0,56,106,0,162,54,0,54,216
05/02/2012,BED,MA,ANE,EN,Towers with Radar,0,47,140,0,187,0,0,40,0,40,0,47,180,0,227,102,0,102,329
05/03/2012,BED,MA,ANE,EN,Towers with Radar,0,36,145,0,181,0,0,0,0,0,0,36,145,0,181,0,0,0,181
05/04/2012,BED,MA,ANE,EN,Towers with Radar,0,57,114,1,172,0,0,2,0,2,0,57,116,1,174,16,0,16,190
05/05/2012,BED,MA,ANE,EN,Towers with Radar,0,28,96,4,128,0,3,73,0,76,0,31,169,4,204,234,0,234,438
05/06/2012,BED,MA,ANE,EN,Towers with Radar,1,31,81,1,114,0,5,241,0,246,1,36,322,1,360,482,0,482,842
05/07/2012,BED,MA,ANE,EN,Towers with Radar,2,47,85,0,134,0,10,244,0,254,2,57,329,0,388,384,0,384,772
05/08/2012,BED,MA,ANE,EN,Towers with Radar,0,65,104,0,169,0,1,60,0,61,0,66,164,0,230,118,0,118,348
05/09/2012,BED,MA,ANE,EN,Towers with Radar,0,67,102,2,171,0,0,0,0,0,0,67,102,2,171,0,0,0,171
05/10/2012,BED,MA,ANE,EN,Towers with Radar,0,55,84,0,139,0,6,100,0,106,0,61,184,0,245,250,0,250,495
05/11/2012,BED,MA,ANE,EN,Towers with Radar,0,47,85,4,136,0,17,208,0,225,0,64,293,4,361,242,0,242,603
05/12/2012,BED,MA,ANE,EN,Towers with Radar,2,35,41,0,78,0,14,310,0,324,2,49,351,0,402,326,0,326,728
05/13/2012,BED,MA,ANE,EN,Towers with Radar,0,43,41,4,88,0,10,204,0,214,0,53,245,4,302,231,0,231,533
05/14/2012,BED,MA,ANE,EN,Towers with Radar,3,58,86,0,147,0,3,89,0,92,3,61,175,0,239,230,0,230,469
05/15/2012,BED,MA,ANE,EN,Towers with Radar,2,55,93,2,152,0,5,157,0,162,2,60,250,2,314,251,0,251,565
05/16/2012,BED,MA,ANE,EN,Towers with Radar,0,54,112,0,166,0,1,28,0,29,0,55,140,0,195,122,0,122,317
05/17/2012,BED,MA,ANE,EN,Towers with Radar,1,63,85,0,149,1,16,243,0,260,2,79,328,0,409,322,0,322,731
05/18/2012,BED,MA,ANE,EN,Towers with Radar,0,49,85,0,134,0,15,232,0,247,0,64,317,0,381,290,0,290,671
05/19/2012,BED,MA,ANE,EN,Towers with Radar,0,30,52,1,83,0,11,260,0,271,0,41,312,1,354,296,0,296,650
05/20/2012,BED,MA,ANE,EN,Towers with Radar,0,66,95,1,162,0,9,292,0,301,0,75,387,1,463,307,0,307,770
05/21/2012,BED,MA,ANE,EN,Towers with Radar,0,92,131,2,225,0,2,41,0,43,0,94,172,2,268,96,0,96,364
05/22/2012,BED,MA,ANE,EN,Towers with Radar,2,68,97,2,169,0,0,0,0,0,2,68,97,2,169,0,0,0,169
05/23/2012,BED,MA,ANE,EN,Towers with Radar,0,62,107,0,169,0,6,142,0,148,0,68,249,0,317,286,0,286,603
05/24/2012,BED,MA,ANE,EN,Towers with Radar,2,66,88,4,160,0,6,139,1,146,2,72,227,5,306,282,0,282,588
05/25/2012,BED,MA,ANE,EN,Towers with Radar,0,72,129,0,201,0,4,32,0,36,0,76,161,0,237,100,0,100,337
05/26/2012,BED,MA,ANE,EN,Towers with Radar,0,41,76,0,117,0,7,188,0,195,0,48,264,0,312,384,0,384,696
05/27/2012,BED,MA,ANE,EN,Towers with Radar,3,32,28,0,63,0,11,173,0,184,3,43,201,0,247,316,0,316,563
05/28/2012,BED,MA,ANE,EN,Towers with Radar,0,61,69,0,130,0,9,220,0,229,0,70,289,0,359,282,0,282,641
05/29/2012,BED,MA,ANE,EN,Towers with Radar,1,46,93,7,147,0,3,45,0,48,1,49,138,7,195,130,0,130,325
05/30/2012,BED,MA,ANE,EN,Towers with Radar,3,44,98,8,153,0,8,162,0,170,3,52,260,8,323,304,0,304,627
05/31/2012,BED,MA,ANE,EN,Towers with Radar,2,40,118,5,165,1,21,239,4,265,3,61,357,9,430,340,0,340,770
06/01/2012,BED,MA,ANE,EN,Towers with Radar,0,57,97,1,155,0,14,232,0,246,0,71,329,1,401,290,0,290,691
06/02/2012,BED,MA,ANE,EN,Towers with Radar,0,31,45,0,76,0,0,0,0,0,0,31,45,0,76,0,0,0,76
06/03/2012,BED,MA,ANE,EN,Towers with Radar,0,50,92,2,144,0,4,46,1,51,0,54,138,3,195,108,0,108,303
06/04/2012,BED,MA,ANE,EN,Towers with Radar,1,48,92,4,145,0,0,3,0,3,1,48,95,4,148,0,0,0,148
06/05/2012,BED,MA,ANE,EN,Towers with Radar,0,47,123,4,174,0,6,74,0,80,0,53,197,4,254,241,0,241,495
06/06/2012,BED,MA,ANE,EN,Towers with Radar,2,63,112,2,179,0,14,135,1,150,2,77,247,3,329,278,0,278,607
06/07/2012,BED,MA,ANE,EN,Towers with Radar,1,74,111,0,186,0,11,136,2,149,1,85,247,2,335,268,0,268,603
06/08/2012,BED,MA,ANE,EN,Towers with Radar,1,59,90,2,152,2,10,122,0,134,3,69,212,2,286,172,0,172,458
06/09/2012,BED,MA,ANE,EN,Towers with Radar,4,42,69,0,115,0,5,266,0,271,4,47,335,0,386,292,0,292,678
06/10/2012,BED,MA,ANE,EN,Towers with Radar,2,45,92,2,141,0,9,293,0,302,2,54,385,2,443,304,0,304,747
06/11/2012,BED,MA,ANE,EN,Towers with Radar,0,44,70,2,116,0,12,179,1,192,0,56,249,3,308,201,0,201,509
06/12/2012,BED,MA,ANE,EN,Towers with Radar,0,44,102,0,146,0,9,186,0,195,0,53,288,0,341,187,0,187,528
06/13/2012,BED,MA,ANE,EN,Towers with Radar,0,62,105,0,167,0,0,0,0,0,0,62,105,0,167,0,0,0,167
06/14/2012,BED,MA,ANE,EN,Towers with Radar,0,73,109,2,184,0,15,185,0,200,0,88,294,2,384,298,0,298,682
06/15/2012,BED,MA,ANE,EN,Towers with Radar,0,49,87,0,136,0,17,229,0,246,0,66,316,0,382,190,0,190,572
06/16/2012,BED,MA,ANE,EN,Towers with Radar,0,32,57,0,89,0,6,171,0,177,0,38,228,0,266,170,0,170,436
06/17/2012,BED,MA,ANE,EN,Towers with Radar,0,38,76,0,114,0,10,253,0,263,0,48,329,0,377,218,0,218,595
06/18/2012,BED,MA,ANE,EN,Towers with Radar,0,51,101,4,156,0,12,152,0,164,0,63,253,4,320,230,0,230,550
06/19/2012,BED,MA,ANE,EN,Towers with Radar,0,49,68,0,117,0,12,137,0,149,0,61,205,0,266,168,0,168,434
06/20/2012,BED,MA,ANE,EN,Towers with Radar,0,32,76,0,108,0,13,209,0,222,0,45,285,0,330,198,0,198,528
06/21/2012,BED,MA,ANE,EN,Towers with Radar,4,48,85,2,139,0,17,174,4,195,4,65,259,6,334,198,0,198,532
06/22/2012,BED,MA,ANE,EN,Towers with Radar,0,42,65,2,109,0,17,128,0,145,0,59,193,2,254,152,0,152,406
06/23/2012,BED,MA,ANE,EN,Towers with Radar,0,33,41,2,76,0,4,146,0,150,0,37,187,2,226,169,0,169,395
06/24/2012,BED,MA,ANE,EN,Towers with Radar,0,39,65,2,106,0,5,292,0,297,0,44,357,2,403,296,0,296,699
06/25/2012,BED,MA,ANE,EN,Towers with Radar,0,52,85,0,137,0,0,23,0,23,0,52,108,0,160,48,0,48,208
06/26/2012,BED,MA,ANE,EN,Towers with Radar,2,67,94,0,163,0,7,100,0,107,2,74,194,0,270,180,0,180,450
06/27/2012,BED,MA,ANE,EN,Towers with Radar,0,50,93,0,143,0,12,173,2,187,0,62,266,2,330,188,0,188,518
06/28/2012,BED,MA,ANE,EN,Towers with Radar,0,60,76,0,136,0,19,197,15,231,0,79,273,15,367,268,0,268,635
06/29/2012,BED,MA,ANE,EN,Towers with Radar,0,47,80,0,127,0,8,194,0,202,0,55,274,0,329,194,0,194,523
06/30/2012,BED,MA,ANE,EN,Towers with Radar,0,33,30,0,63,0,19,304,0,323,0,52,334,0,386,344,0,344,730
07/01/2012,BED,MA,ANE,EN,Towers with Radar,0,36,34,0,70,0,9,191,0,200,0,45,225,0,270,212,0,212,482
07/02/2012,BED,MA,ANE,EN,Towers with Radar,0,33,66,2,101,0,8,147,3,158,0,41,213,5,259,132,0,132,391
07/03/2012,BED,MA,ANE,EN,Towers with Radar,0,28,55,4,87,0,11,217,3,231,0,39,272,7,318,270,0,270,588
07/04/2012,BED,MA,ANE,EN,Towers with Radar,0,11,34,1,46,0,9,77,6,92,0,20,111,7,138,84,0,84,222
07/05/2012,BED,MA,ANE,EN,Towers with Radar,0,31,38,2,71,0,8,213,2,223,0,39,251,4,294,278,0,278,572
07/06/2012,BED,MA,ANE,EN,Towers with Radar,0,33,53,0,86,0,14,214,0,228,0,47,267,0,314,136,1,137,451
07/07/2012,BED,MA,ANE,EN,Towers with Radar,0,21,45,0,66,0,7,143,0,150,0,28,188,0,216,238,0,238,454
07/08/2012,BED,MA,ANE,EN,Towers with Radar,0,32,63,0,95,0,4,273,0,277,0,36,336,0,372,334,0,334,706
07/09/2012,BED,MA,ANE,EN,Towers with Radar,0,48,59,0,107,0,4,194,0,198,0,52,253,0,305,178,0,178,483
07/10/2012,BED,MA,ANE,EN,Towers with Radar,2,43,51,5,101,0,14,210,0,224,2,57,261,5,325,228,0,228,553
07/11/2012,BED,MA,ANE,EN,Towers with Radar,0,43,65,1,109,0,18,183,1,202,0,61,248,2,311,226,0,226,537
07/12/2012,BED,MA,ANE,EN,Towers with Radar,2,46,88,0,136,0,14,234,3,251,2,60,322,3,387,246,0,246,633
07/13/2012,BED,MA,ANE,EN,Towers with Radar,0,45,74,0,119,0,8,202,0,210,0,53,276,0,329,146,0,146,475
07/14/2012,BED,MA,ANE,EN,Towers with Radar,1,24,26,0,51,0,7,170,0,177,1,31,196,0,228,242,0,242,470
07/15/2012,BED,MA,ANE,EN,Towers with Radar,3,35,71,0,109,0,4,143,0,147,3,39,214,0,256,138,0,138,394
07/16/2012,BED,MA,ANE,EN,Towers with Radar,0,52,77,4,133,0,12,148,2,162,0,64,225,6,295,225,0,225,520
07/17/2012,BED,MA,ANE,EN,Towers with Radar,0,55,77,0,132,0,6,204,0,210,0,61,281,0,342,230,0,230,572
07/18/2012,BED,MA,ANE,EN,Towers with Radar,2,45,87,0,134,0,5,100,0,105,2,50,187,0,239,120,0,120,359
07/19/2012,BED,MA,ANE,EN,Towers with Radar,0,75,90,0,165,0,10,264,1,275,0,85,354,1,440,244,2,246,686
07/20/2012,BED,MA,ANE,EN,Towers with Radar,0,50,82,0,132,0,10,167,0,177,0,60,249,0,309,198,0,198,507
07/21/2012,BED,MA,ANE,EN,Towers with Radar,0,21,48,0,69,0,10,243,0,253,0,31,291,0,322,346,0,346,668
07/22/2012,BED,MA,ANE,EN,Towers with Radar,1,20,56,0,77,0,9,241,0,250,1,29,297,0,327,270,0,270,597
07/23/2012,BED,MA,ANE,EN,Towers with Radar,1,60,93,0,154,0,1,101,0,102,1,61,194,0,256,162,0,162,418
07/24/2012,BED,MA,ANE,EN,Towers with Radar,0,65,101,1,167,0,4,90,4,98,0,69,191,5,265,85,0,85,350
07/25/2012,BED,MA,ANE,EN,Towers with Radar,0,69,79,0,148,0,19,200,2,221,0,88,279,2,369,138,0,138,507
07/26/2012,BED,MA,ANE,EN,Towers with Radar,0,70,68,0,138,0,6,137,1,144,0,76,205,1,282,170,0,170,452
07/27/2012,BED,MA,ANE,EN,Towers with Radar,1,63,84,5,153,0,2,10,0,12,1,65,94,5,165,16,0,16,181
07/28/2012,BED,MA,ANE,EN,Towers with Radar,0,23,73,0,96,0,0,77,0,77,0,23,150,0,173,240,0,240,413
07/29/2012,BED,MA,ANE,EN,Towers with Radar,0,59,86,1,146,0,6,30,0,36,0,65,116,1,182,142,0,142,324
07/30/2012,BED,MA,ANE,EN,Towers with Radar,0,41,61,5,107,0,13,209,10,232,0,54,270,15,339,296,8,304,643
07/31/2012,BED,MA,ANE,EN,Towers with Radar,0,57,97,0,154,0,7,131,0,138,0,64,228,0,292,194,0,194,486
08/01/2012,BED,MA,ANE,EN,Towers with Radar,0,65,67,1,133,0,12,94,0,106,0,77,161,1,239,306,0,306,545
08/02/2012,BED,MA,ANE,EN,Towers with Radar,0,65,80,2,147,0,18,157,1,176,0,83,237,3,323,280,0,280,603
08/03/2012,BED,MA,ANE,EN,Towers with Radar,0,59,83,9,151,0,25,186,7,218,0,84,269,16,369,272,0,272,641
08/04/2012,BED,MA,ANE,EN,Towers with Radar,0,28,45,3,76,0,4,138,0,142,0,32,183,3,218,348,0,348,566
08/05/2012,BED,MA,ANE,EN,Towers with Radar,0,29,88,3,120,0,2,127,3,132,0,31,215,6,252,198,0,198,450
08/06/2012,BED,MA,ANE,EN,Towers with Radar,0,59,87,0,146,0,18,201,1,220,0,77,288,1,366,234,0,234,600
08/07/2012,BED,MA,ANE,EN,Towers with Radar,0,51,72,2,125,0,20,198,0,218,0,71,270,2,343,250,0,250,593
08/08/2012,BED,MA,ANE,EN,Towers with Radar,1,43,75,0,119,0,12,204,0,216,1,55,279,0,335,320,0,320,655
08/09/2012,BED,MA,ANE,EN,Towers with Radar,1,61,89,4,155,0,10,185,0,195,1,71,274,4,350,338,0,338,688
08/10/2012,BED,MA,ANE,EN,Towers with Radar,1,61,75,2,139,0,3,45,0,48,1,64,120,2,187,48,0,48,235
08/11/2012,BED,MA,ANE,EN,Towers with Radar,0,28,46,2,76,0,0,41,0,41,0,28,87,2,117,150,0,150,267
08/12/2012,BED,MA,ANE,EN,Towers with Radar,0,44,88,2,134,0,2,113,0,115,0,46,201,2,249,238,0,238,487
08/13/2012,BED,MA,ANE,EN,Towers with Radar,0,49,72,0,121,0,14,195,2,211,0,63,267,2,332,284,0,284,616
08/14/2012,BED,MA,ANE,EN,Towers with Radar,0,53,64,0,117,0,24,224,1,249,0,77,288,1,366,310,0,310,676
08/15/2012,BED,MA,ANE,EN,Towers with Radar,0,52,68,0,120,0,1,109,0,110,0,53,177,0,230,250,0,250,480
08/16/2012,BED,MA,ANE,EN,Towers with Radar,1,45,95,0,141,0,17,185,0,202,1,62,280,0,343,210,0,210,553
08/17/2012,BED,MA,ANE,EN,Towers with Radar,1,50,62,0,113,0,18,185,0,203,1,68,247,0,316,172,0,172,488
08/18/2012,BED,MA,ANE,EN,Towers with Radar,0,39,40,0,79,0,2,69,0,71,0,41,109,0,150,120,0,120,270
08/19/2012,BED,MA,ANE,EN,Towers with Radar,0,49,62,0,111,0,10,220,0,230,0,59,282,0,341,232,0,232,573
08/20/2012,BED,MA,ANE,EN,Towers with Radar,2,56,56,0,114,0,22,185,0,207,2,78,241,0,321,220,0,220,541
08/21/2012,BED,MA,ANE,EN,Towers with Radar,0,46,58,0,104,0,16,137,0,153,0,62,195,0,257,202,0,202,459
08/22/2012,BED,MA,ANE,EN,Towers with Radar,0,48,50,4,102,0,13,199,2,214,0,61,249,6,316,240,0,240,556
08/23/2012,BED,MA,ANE,EN,Towers with Radar,0,42,82,0,124,0,6,198,0,204,0,48,280,0,328,310,0,310,638
08/24/2012,BED,MA,ANE,EN,Towers with Radar,0,35,53,0,88,0,20,220,0,240,0,55,273,0,328,164,0,164,492
08/25/2012,BED,MA,ANE,EN,Towers with Radar,0,25,44,0,69,0,16,200,1,217,0,41,244,1,286,384,0,384,670
08/26/2012,BED,MA,ANE,EN,Towers with Radar,0,47,64,1,112,0,16,209,4,229,0,63,273,5,341,266,0,266,607
08/27/2012,BED,MA,ANE,EN,Towers with Radar,1,49,88,1,139,0,18,161,0,179,1,67,249,1,318,119,0,119,437
08/28/2012,BED,MA,ANE,EN,Towers with Radar,1,50,69,2,122,0,10,90,1,101,1,60,159,3,223,234,4,238,461
08/29/2012,BED,MA,ANE,EN,Towers with Radar,0,41,61,0,102,0,11,246,2,259,0,52,307,2,361,278,0,278,639
08/30/2012,BED,MA,ANE,EN,Towers with Radar,0,48,68,0,116,0,15,310,5,330,0,63,378,5,446,262,6,268,714
08/31/2012,BED,MA,ANE,EN,Towers with Radar,2,32,48,0,82,0,18,204,0,222,2,50,252,0,304,249,0,249,553
09/01/2012,BED,MA,ANE,EN,Towers with Radar,2,20,53,0,75,0,7,167,0,174,2,27,220,0,249,198,0,198,447
09/02/2012,BED,MA,ANE,EN,Towers with Radar,0,20,37,0,57,0,10,151,0,161,0,30,188,0,218,212,0,212,430
09/03/2012,BED,MA,ANE,EN,Towers with Radar,2,51,60,0,113,0,10,185,0,195,2,61,245,0,308,110,0,110,418
09/04/2012,BED,MA,ANE,EN,Towers with Radar,0,48,119,0,167,0,0,2,0,2,0,48,121,0,169,0,0,0,169
09/05/2012,BED,MA,ANE,EN,Towers with Radar,2,33,93,0,128,0,6,48,1,55,2,39,141,1,183,142,0,142,325
09/06/2012,BED,MA,ANE,EN,Towers with Radar,0,43,102,2,147,0,9,156,3,168,0,52,258,5,315,314,4,318,633
09/07/2012,BED,MA,ANE,EN,Towers with Radar,2,47,97,3,149,0,13,145,0,158,2,60,242,3,307,172,0,172,479
09/08/2012,BED,MA,ANE,EN,Towers with Radar,1,22,40,0,63,0,1,70,0,71,1,23,110,0,134,180,0,180,314
09/09/2012,BED,MA,ANE,EN,Towers with Radar,3,46,53,4,106,0,9,243,1,253,3,55,296,5,359,302,0,302,661
09/10/2012,BED,MA,ANE,EN,Towers with Radar,0,42,59,1,102,0,17,124,0,141,0,59,183,1,243,84,0,84,327
09/11/2012,BED,MA,ANE,EN,Towers with Radar,0,56,69,3,128,0,13,126,0,139,0,69,195,3,267,220,0,220,487
09/12/2012,BED,MA,ANE,EN,Towers with Radar,0,65,99,1,165,0,16,196,2,214,0,81,295,3,379,214,0,214,593
09/13/2012,BED,MA,ANE,EN,Towers with Radar,0,45,81,3,129,0,19,186,0,205,0,64,267,3,334,280,0,280,614
09/14/2012,BED,MA,ANE,EN,Towers with Radar,0,47,72,1,120,0,20,221,0,241,0,67,293,1,361,178,0,178,539
09/15/2012,BED,MA,ANE,EN,Towers with Radar,0,29,50,1,80,0,7,156,0,163,0,36,206,1,243,232,0,232,475
09/16/2012,BED,MA,ANE,EN,Towers with Radar,0,30,52,1,83,0,14,262,0,276,0,44,314,1,359,322,0,322,681
09/17/2012,BED,MA,ANE,EN,Towers with Radar,0,39,80,0,119,0,5,203,0,208,0,44,283,0,327,206,0,206,533
09/18/2012,BED,MA,ANE,EN,Towers with Radar,0,40,55,5,100,0,5,46,3,54,0,45,101,8,154,90,2,92,246
09/19/2012,BED,MA,ANE,EN,Towers with Radar,0,50,88,0,138,0,6,102,0,108,0,56,190,0,246,120,0,120,366
09/20/2012,BED,MA,ANE,EN,Towers with Radar,0,55,78,0,133,0,17,153,1,171,0,72,231,1,304,248,0,248,552
09/21/2012,BED,MA,ANE,EN,Towers with Radar,0,72,89,0,161,0,13,155,0,168,0,85,244,0,329,264,0,264,593
09/22/2012,BED,MA,ANE,EN,Towers with Radar,0,32,67,0,99,0,3,79,0,82,0,35,146,0,181,148,0,148,329
09/23/2012,BED,MA,ANE,EN,Towers with Radar,0,47,68,0,115,0,14,191,0,205,0,61,259,0,320,300,0,300,620
09/24/2012,BED,MA,ANE,EN,Towers with Radar,0,36,73,4,113,0,7,137,0,144,0,43,210,4,257,336,0,336,593
09/25/2012,BED,MA,ANE,EN,Towers with Radar,0,45,67,2,114,0,14,123,1,138,0,59,190,3,252,150,0,150,402
09/26/2012,BED,MA,ANE,EN,Towers with Radar,0,41,73,0,114,0,14,81,0,95,0,55,154,0,209,182,0,182,391
09/27/2012,BED,MA,ANE,EN,Towers with Radar,1,44,95,5,145,0,8,182,0,190,1,52,277,5,335,278,0,278,613
09/28/2012,BED,MA,ANE,EN,Towers with Radar,0,58,97,2,157,0,0,0,0,0,0,58,97,2,157,0,0,0,157
09/29/2012,BED,MA,ANE,EN,Towers with Radar,0,38,89,0,127,0,0,19,0,19,0,38,108,0,146,18,0,18,164
09/30/2012,BED,MA,ANE,EN,Towers with Radar,0,49,80,0,129,0,2,6,0,8,0,51,86,0,137,0,0,0,137
10/01/2012,BED,MA,ANE,EN,Towers with Radar,0,30,69,0,99,2,13,123,2,140,2,43,192,2,239,124,0,124,363
10/02/2012,BED,MA,ANE,EN,Towers with Radar,0,59,71,0,130,0,5,107,0,112,0,64,178,0,242,238,0,238,480
10/03/2012,BED,MA,ANE,EN,Towers with Radar,0,60,94,0,154,0,0,0,0,0,0,60,94,0,154,0,0,0,154
10/04/2012,BED,MA,ANE,EN,Towers with Radar,1,69,124,0,194,0,0,0,0,0,1,69,124,0,194,0,0,0,194
10/05/2012,BED,MA,ANE,EN,Towers with Radar,2,71,114,1,188,0,16,217,0,233,2,87,331,1,421,212,0,212,633
10/06/2012,BED,MA,ANE,EN,Towers with Radar,0,30,46,0,76,0,6,179,0,185,0,36,225,0,261,328,0,328,589
10/07/2012,BED,MA,ANE,EN,Towers with Radar,0,36,58,1,95,0,5,166,0,171,0,41,224,1,266,276,0,276,542
10/08/2012,BED,MA,ANE,EN,Towers with Radar,0,77,124,0,201,0,7,228,0,235,0,84,352,0,436,294,0,294,730
10/09/2012,BED,MA,ANE,EN,Towers with Radar,0,55,83,0,138,0,0,56,0,56,0,55,139,0,194,120,0,120,314
10/10/2012,BED,MA,ANE,EN,Towers with Radar,0,54,88,3,145,0,3,1,0,4,0,57,89,3,149,0,0,0,149
10/11/2012,BED,MA,ANE,EN,Towers with Radar,0,56,109,1,166,0,8,208,5,221,0,64,317,6,387,302,0,302,689
10/12/2012,BED,MA,ANE,EN,Towers with Radar,0,32,96,0,128,0,9,147,0,156,0,41,243,0,284,244,0,244,528
10/13/2012,BED,MA,ANE,EN,Towers with Radar,0,33,66,0,99,0,14,269,2,285,0,47,335,2,384,260,0,260,644
10/14/2012,BED,MA,ANE,EN,Towers with Radar,0,44,69,0,113,0,6,94,0,100,0,50,163,0,213,196,0,196,409
10/15/2012,BED,MA,ANE,EN,Towers with Radar,1,62,71,8,142,0,4,71,0,75,1,66,142,8,217,162,0,162,379
10/16/2012,BED,MA,ANE,EN,Towers with Radar,1,41,92,2,136,0,10,111,1,122,1,51,203,3,258,100,0,100,358
10/17/2012,BED,MA,ANE,EN,Towers with Radar,1,62,77,0,140,0,8,193,0,201,1,70,270,0,341,184,0,184,525
10/18/2012,BED,MA,ANE,EN,Towers with Radar,0,52,102,1,155,0,13,140,0,153,0,65,242,1,308,196,0,196,504
10/19/2012,BED,MA,ANE,EN,Towers with Radar,0,58,112,3,173,0,0,13,0,13,0,58,125,3,186,22,0,22,208
10/20/2012,BED,MA,ANE,EN,Towers with Radar,0,31,76,0,107,0,2,126,0,128,0,33,202,0,235,228,0,228,463
10/21/2012,BED,MA,ANE,EN,Towers with Radar,1,48,75,0,124,0,12,236,0,248,1,60,311,0,372,218,0,218,590
10/22/2012,BED,MA,ANE,EN,Towers with Radar,0,30,76,0,106,0,19,111,0,130,0,49,187,0,236,110,0,110,346
10/23/2012,BED,MA,ANE,EN,Towers with Radar,1,34,67,0,102,0,27,142,0,169,1,61,209,0,271,208,0,208,479
10/24/2012,BED,MA,ANE,EN,Towers with Radar,0,46,71,6,123,0,3,153,0,156,0,49,224,6,279,294,0,294,573
10/25/2012,BED,MA,ANE,EN,Towers with Radar,0,45,101,2,148,0,11,142,0,153,0,56,243,2,301,238,0,238,539
10/26/2012,BED,MA,ANE,EN,Towers with Radar,2,37,83,0,122,0,12,126,1,139,2,49,209,1,261,262,0,262,523
10/27/2012,BED,MA,ANE,EN,Towers with Radar,2,36,68,0,106,0,2,54,0,56,2,38,122,0,162,66,0,66,228
10/28/2012,BED,MA,ANE,EN,Towers with Radar,1,51,98,0,150,0,0,16,0,16,1,51,114,0,166,54,0,54,220
10/29/2012,BED,MA,ANE,EN,Towers with Radar,0,1,5,0,6,0,0,0,0,0,0,1,5,0,6,0,0,0,6
10/30/2012,BED,MA,ANE,EN,Towers with Radar,0,20,20,4,44,0,4,10,2,16,0,24,30,6,60,6,0,6,66
10/31/2012,BED,MA,ANE,EN,Towers with Radar,3,39,62,2,106,0,11,42,8,61,3,50,104,10,167,72,0,72,239
11/01/2012,BED,MA,ANE,EN,Towers with Radar,0,21,77,2,100,0,12,116,12,140,0,33,193,14,240,288,0,288,528
11/02/2012,BED,MA,ANE,EN,Towers with Radar,3,46,86,8,143,0,8,114,1,123,3,54,200,9,266,152,0,152,418
11/03/2012,BED,MA,ANE,EN,Towers with Radar,0,23,51,0,74,0,5,215,4,224,0,28,266,4,298,266,0,266,564
11/04/2012,BED,MA,ANE,EN,Towers with Radar,0,34,71,0,105,0,7,187,0,194,0,41,258,0,299,176,0,176,475
11/05/2012,BED,MA,ANE,EN,Towers with Radar,3,45,93,0,141,0,11,117,5,133,3,56,210,5,274,156,0,156,430
11/06/2012,BED,MA,ANE,EN,Towers with Radar,1,38,81,0,120,0,12,114,0,126,1,50,195,0,246,156,0,156,402
11/07/2012,BED,MA,ANE,EN,Towers with Radar,0,23,76,0,99,0,0,11,0,11,0,23,87,0,110,4,0,4,114
11/08/2012,BED,MA,ANE,EN,Towers with Radar,1,60,81,4,146,0,0,0,0,0,1,60,81,4,146,0,0,0,146
11/09/2012,BED,MA,ANE,EN,Towers with Radar,3,42,73,2,120,0,9,144,1,154,3,51,217,3,274,136,0,136,410
11/10/2012,BED,MA,ANE,EN,Towers with Radar,1,34,50,0,85,0,5,243,0,248,1,39,293,0,333,297,0,297,630
11/11/2012,BED,MA,ANE,EN,Towers with Radar,0,37,65,1,103,0,8,246,0,254,0,45,311,1,357,298,0,298,655
11/12/2012,BED,MA,ANE,EN,Towers with Radar,0,46,89,0,135,0,13,151,1,165,0,59,240,1,300,166,0,166,466
11/13/2012,BED,MA,ANE,EN,Towers with Radar,3,49,79,4,135,0,0,13,0,13,3,49,92,4,148,22,0,22,170
11/14/2012,BED,MA,ANE,EN,Towers with Radar,1,27,88,4,120,0,11,169,8,188,1,38,257,12,308,170,0,170,478
11/15/2012,BED,MA,ANE,EN,Towers with Radar,1,38,105,0,144,0,10,109,2,121,1,48,214,2,265,140,0,140,405
11/16/2012,BED,MA,ANE,EN,Towers with Radar,1,52,83,3,139,0,6,151,0,157,1,58,234,3,296,206,0,206,502
11/17/2012,BED,MA,ANE,EN,Towers with Radar,3,31,60,2,96,0,6,241,2,249,3,37,301,4,345,279,0,279,624
11/18/2012,BED,MA,ANE,EN,Towers with Radar,0,34,65,2,101,0,4,220,0,224,0,38,285,2,325,284,0,284,609
11/19/2012,BED,MA,ANE,EN,Towers with Radar,0,27,81,2,110,0,7,151,2,160,0,34,232,4,270,166,0,166,436
11/20/2012,BED,MA,ANE,EN,Towers with Radar,3,64,102,2,171,0,17,145,1,163,3,81,247,3,334,328,0,328,662
11/21/2012,BED,MA,ANE,EN,Towers with Radar,3,70,119,0,192,0,19,190,0,209,3,89,309,0,401,232,0,232,633
11/22/2012,BED,MA,ANE,EN,Towers with Radar,3,23,16,0,42,0,2,44,0,46,3,25,60,0,88,40,0,40,128
11/23/2012,BED,MA,ANE,EN,Towers with Radar,2,33,51,0,86,0,6,163,0,169,2,39,214,0,255,148,0,148,403
11/24/2012,BED,MA,ANE,EN,Towers with Radar,3,38,32,0,73,0,5,88,0,93,3,43,120,0,166,76,0,76,242
11/25/2012,BED,MA,ANE,EN,Towers with Radar,0,94,97,0,191,0,10,113,0,123,0,104,210,0,314,92,0,92,406
11/26/2012,BED,MA,ANE,EN,Towers with Radar,0,41,71,0,112,0,15,113,0,128,0,56,184,0,240,150,0,150,390
11/27/2012,BED,MA,ANE,EN,Towers with Radar,0,40,67,0,107,0,0,4,0,4,0,40,71,0,111,26,0,26,137
11/28/2012,BED,MA,ANE,EN,Towers with Radar,0,47,69,2,118,0,4,102,0,106,0,51,171,2,224,246,0,246,470
11/29/2012,BED,MA,ANE,EN,Towers with Radar,2,49,78,0,129,0,20,186,0,206,2,69,264,0,335,252,0,252,587
11/30/2012,BED,MA,ANE,EN,Towers with Radar,1,51,71,0,123,0,10,158,0,168,1,61,229,0,291,192,0,192,483
12/01/2012,BED,MA,ANE,EN,Towers with Radar,0,38,37,0,75,0,0,2,0,2,0,38,39,0,77,0,0,0,77
12/02/2012,BED,MA,ANE,EN,Towers with Radar,0,35,51,0,86,0,3,33,0,36,0,38,84,0,122,118,0,118,240
12/03/2012,BED,MA,ANE,EN,Towers with Radar,1,33,62,4,100,0,2,112,0,114,1,35,174,4,214,169,0,169,383
12/04/2012,BED,MA,ANE,EN,Towers with Radar,0,60,106,0,166,0,0,5,0,5,0,60,111,0,171,28,0,28,199
12/05/2012,BED,MA,ANE,EN,Towers with Radar,0,33,77,0,110,0,7,110,0,117,0,40,187,0,227,138,0,138,365
12/06/2012,BED,MA,ANE,EN,Towers with Radar,1,26,84,6,117,1,13,159,8,181,2,39,243,14,298,302,0,302,600
12/07/2012,BED,MA,ANE,EN,Towers with Radar,0,28,82,1,111,0,4,92,0,96,0,32,174,1,207,220,0,220,427
12/08/2012,BED,MA,ANE,EN,Towers with Radar,0,28,63,1,92,0,0,0,0,0,0,28,63,1,92,0,0,0,92
12/09/2012,BED,MA,ANE,EN,Towers with Radar,0,47,72,1,120,0,8,211,1,220,0,55,283,2,340,204,0,204,544
12/10/2012,BED,MA,ANE,EN,Towers with Radar,1,31,62,2,96,0,0,0,0,0,1,31,62,2,96,0,0,0,96
12/11/2012,BED,MA,ANE,EN,Towers with Radar,0,36,90,2,128,0,8,112,5,125,0,44,202,7,253,154,0,154,407
12/12/2012,BED,MA,ANE,EN,Towers with Radar,0,35,90,0,125,0,13,154,0,167,0,48,244,0,292,220,0,220,512
12/13/2012,BED,MA,ANE,EN,Towers with Radar,1,33,74,6,114,0,10,144,0,154,1,43,218,6,268,195,0,195,463
12/14/2012,BED,MA,ANE,EN,Towers with Radar,0,27,69,0,96,0,5,172,1,178,0,32,241,1,274,190,0,190,464
12/15/2012,BED,MA,ANE,EN,Towers with Radar,0,21,47,0,68,0,5,219,0,224,0,26,266,0,292,167,0,167,459
12/16/2012,BED,MA,ANE,EN,Towers with Radar,0,24,47,0,71,0,3,48,0,51,0,27,95,0,122,64,0,64,186
12/17/2012,BED,MA,ANE,EN,Towers with Radar,0,42,55,0,97,0,0,0,0,0,0,42,55,0,97,0,0,0,97
12/18/2012,BED,MA,ANE,EN,Towers with Radar,0,38,69,0,107,0,0,0,0,0,0,38,69,0,107,0,0,0,107
12/19/2012,BED,MA,ANE,EN,Towers with Radar,1,41,82,0,124,1,5,77,4,87,2,46,159,4,211,66,0,66,277
12/20/2012,BED,MA,ANE,EN,Towers with Radar,1,64,99,0,164,0,7,139,0,146,1,71,238,0,310,174,0,174,484
12/21/2012,BED,MA,ANE,EN,Towers with Radar,2,46,48,0,96,0,0,1,0,1,2,46,49,0,97,0,0,0,97
12/22/2012,BED,MA,ANE,EN,Towers with Radar,2,53,47,0,102,0,3,67,0,70,2,56,114,0,172,96,0,96,268
12/23/2012,BED,MA,ANE,EN,Towers with Radar,0,39,40,0,79,0,8,99,0,107,0,47,139,0,186,134,0,134,320
12/24/2012,BED,MA,ANE,EN,Towers with Radar,2,30,18,0,50,0,7,105,0,112,2,37,123,0,162,114,0,114,276
12/25/2012,BED,MA,ANE,EN,Towers with Radar,0,31,11,0,42,0,0,2,0,2,0,31,13,0,44,0,0,0,44
12/26/2012,BED,MA,ANE,EN,Towers with Radar,2,49,71,0,122,0,4,82,1,87,2,53,153,1,209,136,0,136,345
12/27/2012,BED,MA,ANE,EN,Towers with Radar,0,42,41,0,83,0,0,0,0,0,0,42,41,0,83,0,0,0,83
12/28/2012,BED,MA,ANE,EN,Towers with Radar,0,30,49,0,79,0,8,96,2,106,0,38,145,2,185,46,0,46,231
12/29/2012,BED,MA,ANE,EN,Towers with Radar,0,20,29,0,49,0,0,57,0,57,0,20,86,0,106,118,0,118,224
12/30/2012,BED,MA,ANE,EN,Towers with Radar,0,41,15,0,56,0,2,8,0,10,0,43,23,0,66,0,0,0,66
12/31/2012,BED,MA,ANE,EN,Towers with Radar,0,25,28,0,53,0,13,53,0,66,0,38,81,0,119,58,0,58,177
01/01/2013,BED,MA,ANE,EN,Towers with Radar,1,44,50,0,95,0,3,31,0,34,1,47,81,0,129,88,0,88,217
01/02/2013,BED,MA,ANE,EN,Towers with Radar,1,34,71,0,106,0,10,116,0,126,1,44,187,0,232,201,0,201,433
01/03/2013,BED,MA,ANE,EN,Towers with Radar,0,20,41,0,61,0,6,101,0,107,0,26,142,0,168,146,0,146,314
01/04/2013,BED,MA,ANE,EN,Towers with Radar,0,27,43,2,72,0,6,76,0,82,0,33,119,2,154,103,0,103,257
01/05/2013,BED,MA,ANE,EN,Towers with Radar,2,38,49,0,89,0,5,197,0,202,2,43,246,0,291,232,0,232,523
01/06/2013,BED,MA,ANE,EN,Towers with Radar,0,29,48,0,77,0,11,141,0,152,0,40,189,0,229,168,0,168,397
01/07/2013,BED,MA,ANE,EN,Towers with Radar,0,22,48,0,70,0,3,103,0,106,0,25,151,0,176,96,0,96,272
01/08/2013,BED,MA,ANE,EN,Towers with Radar,1,38,55,2,96,0,6,106,0,112,1,44,161,2,208,138,0,138,346
01/09/2013,BED,MA,ANE,EN,Towers with Radar,0,35,46,0,81,0,11,141,0,152,0,46,187,0,233,194,0,194,427
01/10/2013,BED,MA,ANE,EN,Towers with Radar,0,33,71,1,105,0,8,84,1,93,0,41,155,2,198,58,0,58,256
01/11/2013,BED,MA,ANE,EN,Towers with Radar,0,52,83,0,135,0,9,93,0,102,0,61,176,0,237,120,0,120,357
01/12/2013,BED,MA,ANE,EN,Towers with Radar,0,21,27,0,48,0,0,5,0,5,0,21,32,0,53,0,0,0,53
01/13/2013,BED,MA,ANE,EN,Towers with Radar,0,30,71,1,102,0,0,0,0,0,0,30,71,1,102,0,0,0,102
01/14/2013,BED,MA,ANE,EN,Towers with Radar,0,41,79,0,120,0,11,83,2,96,0,52,162,2,216,114,0,114,330
01/15/2013,BED,MA,ANE,EN,Towers with Radar,0,36,82,0,118,0,9,119,0,128,0,45,201,0,246,236,0,236,482
01/16/2013,BED,MA,ANE,EN,Towers with Radar,0,32,62,0,94,0,0,0,0,0,0,32,62,0,94,0,0,0,94
01/17/2013,BED,MA,ANE,EN,Towers with Radar,2,46,98,0,146,0,14,125,1,140,2,60,223,1,286,174,0,174,460
01/18/2013,BED,MA,ANE,EN,Towers with Radar,1,44,69,5,119,0,6,116,0,122,1,50,185,5,241,136,0,136,377
01/19/2013,BED,MA,ANE,EN,Towers with Radar,1,30,32,0,63,0,1,122,0,123,1,31,154,0,186,126,0,126,312
01/20/2013,BED,MA,ANE,EN,Towers with Radar,0,32,24,1,57,0,0,57,0,57,0,32,81,1,114,46,0,46,160
01/21/2013,BED,MA,ANE,EN,Towers with Radar,2,41,76,0,119,0,2,116,0,118,2,43,192,0,237,266,0,266,503
01/22/2013,BED,MA,ANE,EN,Towers with Radar,2,51,69,0,122,0,9,38,0,47,2,60,107,0,169,70,0,70,239
01/23/2013,BED,MA,ANE,EN,Towers with Radar,0,39,60,0,99,0,8,84,0,92,0,47,144,0,191,124,0,124,315
01/24/2013,BED,MA,ANE,EN,Towers with Radar,4,33,61,0,98,0,7,58,0,65,4,40,119,0,163,6,0,6,169
01/25/2013,BED,MA,ANE,EN,Towers with Radar,0,38,61,0,99,0,12,110,1,123,0,50,171,1,222,182,0,182,404
01/26/2013,BED,MA,ANE,EN,Towers with Radar,2,32,58,0,92,0,5,188,0,193,2,37,246,0,285,282,0,282,567
01/27/2013,BED,MA,ANE,EN,Towers with Radar,2,29,63,0,94,0,9,180,1,190,2,38,243,1,284,208,0,208,492
01/28/2013,BED,MA,ANE,EN,Towers with Radar,2,31,50,0,83,0,1,65,1,67,2,32,115,1,150,120,0,120,270
01/29/2013,BED,MA,ANE,EN,Towers with Radar,1,43,63,0,107,0,1,6,0,7,1,44,69,0,114,30,0,30,144
01/30/2013,BED,MA,ANE,EN,Towers with Radar,1,38,46,2,87,0,0,2,0,2,1,38,48,2,89,0,0,0,89
01/31/2013,BED,MA,ANE,EN,Towers with Radar,0,49,55,0,104,0,0,23,1,24,0,49,78,1,128,22,0,22,150
02/01/2013,BED,MA,ANE,EN,Towers with Radar,1,39,68,2,110,0,3,58,0,61,1,42,126,2,171,106,0,106,277
02/02/2013,BED,MA,ANE,EN,Towers with Radar,1,29,36,0,66,0,2,239,0,241,1,31,275,0,307,352,0,352,659
02/03/2013,BED,MA,ANE,EN,Towers with Radar,1,40,34,0,75,0,0,31,0,31,1,40,65,0,106,64,0,64,170
02/04/2013,BED,MA,ANE,EN,Towers with Radar,0,42,70,0,112,0,2,66,2,70,0,44,136,2,182,68,0,68,250
02/05/2013,BED,MA,ANE,EN,Towers with Radar,3,38,70,0,111,0,4,79,1,84,3,42,149,1,195,178,0,178,373
02/06/2013,BED,MA,ANE,EN,Towers with Radar,0,38,75,2,115,0,3,102,0,105,0,41,177,2,220,232,0,232,452
02/07/2013,BED,MA,ANE,EN,Towers with Radar,0,53,84,0,137,0,2,165,1,168,0,55,249,1,305,200,0,200,505
02/08/2013,BED,MA,ANE,EN,Towers with Radar,0,18,11,0,29,0,0,0,0,0,0,18,11,0,29,0,0,0,29
02/09/2013,BED,MA,ANE,EN,Towers with Radar,2,5,0,0,7,0,0,0,0,0,2,5,0,0,7,0,0,0,7
02/10/2013,BED,MA,ANE,EN,Towers with Radar,1,62,51,0,114,0,5,51,0,56,1,67,102,0,170,14,0,14,184
02/11/2013,BED,MA,ANE,EN,Towers with Radar,1,39,56,2,98,0,6,0,0,6,1,45,56,2,104,0,0,0,104
02/12/2013,BED,MA,ANE,EN,Towers with Radar,2,44,75,0,121,3,9,51,0,63,5,53,126,0,184,46,0,46,230
02/13/2013,BED,MA,ANE,EN,Towers with Radar,2,43,121,3,169,0,12,145,6,163,2,55,266,9,332,122,2,124,456
02/14/2013,BED,MA,ANE,EN,Towers with Radar,1,35,82,0,118,0,5,180,0,185,1,40,262,0,303,272,0,272,575
02/15/2013,BED,MA,ANE,EN,Towers with Radar,2,72,96,0,170,0,7,167,0,174,2,79,263,0,344,151,0,151,495
02/16/2013,BED,MA,ANE,EN,Towers with Radar,0,37,53,0,90,0,1,60,0,61,0,38,113,0,151,190,0,190,341
02/17/2013,BED,MA,ANE,EN,Towers with Radar,0,22,30,0,52,0,0,0,0,0,0,22,30,0,52,0,0,0,52
02/18/2013,BED,MA,ANE,EN,Towers with Radar,4,36,66,1,107,0,6,64,0,70,4,42,130,1,177,66,0,66,243
02/19/2013,BED,MA,ANE,EN,Towers with Radar,0,49,75,0,124,0,10,77,0,87,0,59,152,0,211,130,0,130,341
02/20/2013,BED,MA,ANE,EN,Towers with Radar,1,35,53,0,89,0,6,62,0,68,1,41,115,0,157,128,0,128,285
02/21/2013,BED,MA,ANE,EN,Towers with Radar,0,24,58,1,83,0,8,112,3,123,0,32,170,4,206,58,6,64,270
02/22/2013,BED,MA,ANE,EN,Towers with Radar,0,43,67,1,111,0,8,174,2,184,0,51,241,3,295,230,0,230,525
02/23/2013,BED,MA,ANE,EN,Towers with Radar,0,34,42,0,76,0,0,61,0,61,0,34,103,0,137,246,0,246,383
02/24/2013,BED,MA,ANE,EN,Towers with Radar,2,52,52,0,106,0,0,0,0,0,2,52,52,0,106,0,0,0,106
02/25/2013,BED,MA,ANE,EN,Towers with Radar,0,34,74,0,108,0,8,85,0,93,0,42,159,0,201,200,0,200,401
02/26/2013,BED,MA,ANE,EN,Towers with Radar,0,28,74,1,103,0,9,99,0,108,0,37,173,1,211,126,0,126,337
02/27/2013,BED,MA,ANE,EN,Towers with Radar,1,26,69,1,97,0,0,0,0,0,1,26,69,1,97,0,0,0,97
02/28/2013,BED,MA,ANE,EN,Towers with Radar,0,47,102,0,149,0,0,39,0,39,0,47,141,0,188,132,0,132,320
03/01/2013,BED,MA,ANE,EN,Towers with Radar,0,39,84,0,123,0,14,105,0,119,0,53,189,0,242,119,0,119,361
03/02/2013,BED,MA,ANE,EN,Towers with Radar,0,31,58,2,91,0,4,226,0,230,0,35,284,2,321,344,0,344,665
03/03/2013,BED,MA,ANE,EN,Towers with Radar,1,57,48,2,108,0,1,48,0,49,1,58,96,2,157,196,0,196,353
03/04/2013,BED,MA,ANE,EN,Towers with Radar,4,42,60,2,108,0,3,88,0,91,4,45,148,2,199,76,0,76,275
03/05/2013,BED,MA,ANE,EN,Towers with Radar,0,38,98,1,137,0,3,100,0,103,0,41,198,1,240,224,0,224,464
03/06/2013,BED,MA,ANE,EN,Towers with Radar,1,71,82,0,154,0,0,0,0,0,1,71,82,0,154,0,0,0,154
03/07/2013,BED,MA,ANE,EN,Towers with Radar,0,28,47,0,75,0,0,0,0,0,0,28,47,0,75,0,0,0,75
03/08/2013,BED,MA,ANE,EN,Towers with Radar,1,43,71,3,118,0,1,2,0,3,1,44,73,3,121,0,0,0,121
03/09/2013,BED,MA,ANE,EN,Towers with Radar,4,34,65,0,103,0,6,271,2,279,4,40,336,2,382,203,0,203,585
03/10/2013,BED,MA,ANE,EN,Towers with Radar,1,30,98,0,129,0,7,239,0,246,1,37,337,0,375,288,0,288,663
03/11/2013,BED,MA,ANE,EN,Towers with Radar,2,37,91,0,130,0,4,107,0,111,2,41,198,0,241,208,0,208,449
03/12/2013,BED,MA,ANE,EN,Towers with Radar,0,46,68,0,114,0,0,0,0,0,0,46,68,0,114,0,0,0,114
03/13/2013,BED,MA,ANE,EN,Towers with Radar,0,46,90,2,138,0,5,173,0,178,0,51,263,2,316,200,0,200,516
03/14/2013,BED,MA,ANE,EN,Towers with Radar,0,43,76,0,119,0,12,116,0,128,0,55,192,0,247,164,0,164,411
03/15/2013,BED,MA,ANE,EN,Towers with Radar,2,44,80,0,126,0,6,149,0,155,2,50,229,0,281,192,0,192,473
03/16/2013,BED,MA,ANE,EN,Towers with Radar,1,31,53,0,85,0,8,195,0,203,1,39,248,0,288,304,0,304,592
03/17/2013,BED,MA,ANE,EN,Towers with Radar,2,48,49,0,99,0,2,149,0,151,2,50,198,0,250,180,0,180,430
03/18/2013,BED,MA,ANE,EN,Towers with Radar,2,42,71,0,115,8,3,131,1,143,10,45,202,1,258,196,0,196,454
03/19/2013,BED,MA,ANE,EN,Towers with Radar,1,38,50,0,89,0,0,0,0,0,1,38,50,0,89,0,0,0,89
03/20/2013,BED,MA,ANE,EN,Towers with Radar,0,46,71,0,117,0,10,66,2,78,0,56,137,2,195,78,0,78,273
03/21/2013,BED,MA,ANE,EN,Towers with Radar,0,69,69,0,138,0,2,92,2,96,0,71,161,2,234,176,0,176,410
03/22/2013,BED,MA,ANE,EN,Towers with Radar,2,63,77,0,142,0,3,101,2,106,2,66,178,2,248,70,0,70,318
03/23/2013,BED,MA,ANE,EN,Towers with Radar,0,31,45,0,76,0,10,122,0,132,0,41,167,0,208,176,0,176,384
03/24/2013,BED,MA,ANE,EN,Towers with Radar,2,57,69,0,128,0,6,216,0,222,2,63,285,0,350,338,0,338,688
03/25/2013,BED,MA,ANE,EN,Towers with Radar,0,43,51,2,96,0,6,68,0,74,0,49,119,2,170,233,0,233,403
03/26/2013,BED,MA,ANE,EN,Towers with Radar,0,49,71,1,121,0,7,103,0,110,0,56,174,1,231,238,0,238,469
03/27/2013,BED,MA,ANE,EN,Towers with Radar,0,42,81,8,131,0,12,177,1,190,0,54,258,9,321,256,0,256,577
03/28/2013,BED,MA,ANE,EN,Towers with Radar,1,27,54,1,83,0,3,126,2,131,1,30,180,3,214,230,0,230,444
03/29/2013,BED,MA,ANE,EN,Towers with Radar,2,45,70,3,120,0,5,189,0,194,2,50,259,3,314,304,0,304,618
03/30/2013,BED,MA,ANE,EN,Towers with Radar,1,29,35,0,65,0,9,266,0,275,1,38,301,0,340,328,0,328,668
03/31/2013,BED,MA,ANE,EN,Towers with Radar,0,49,51,1,101,0,5,97,0,102,0,54,148,1,203,140,0,140,343
04/01/2013,BED,MA,ANE,EN,Towers with Radar,1,41,74,2,118,0,1,112,0,113,1,42,186,2,231,172,0,172,403
04/02/2013,BED,MA,ANE,EN,Towers with Radar,0,41,65,0,106,0,2,62,0,64,0,43,127,0,170,64,0,64,234
04/03/2013,BED,MA,ANE,EN,Towers with Radar,1,50,68,1,120,0,7,103,0,110,1,57,171,1,230,134,0,134,364
04/04/2013,BED,MA,ANE,EN,Towers with Radar,0,50,82,2,134,0,4,194,0,198,0,54,276,2,332,294,0,294,626
04/05/2013,BED,MA,ANE,EN,Towers with Radar,0,47,90,3,140,0,3,149,2,154,0,50,239,5,294,286,0,286,580
04/06/2013,BED,MA,ANE,EN,Towers with Radar,0,34,48,0,82,0,12,160,1,173,0,46,208,1,255,142,0,142,397
04/07/2013,BED,MA,ANE,EN,Towers with Radar,0,46,53,1,100,0,7,104,7,118,0,53,157,8,218,210,0,210,428
04/08/2013,BED,MA,ANE,EN,Towers with Radar,0,50,80,0,130,0,9,151,2,162,0,59,231,2,292,186,0,186,478
04/09/2013,BED,MA,ANE,EN,Towers with Radar,1,59,67,2,129,0,7,94,1,102,1,66,161,3,231,126,0,126,357
04/10/2013,BED,MA,ANE,EN,Towers with Radar,0,48,81,2,131,0,0,71,1,72,0,48,152,3,203,96,0,96,299
04/11/2013,BED,MA,ANE,EN,Towers with Radar,1,53,82,0,136,0,6,66,0,72,1,59,148,0,208,156,0,156,364
04/12/2013,BED,MA,ANE,EN,Towers with Radar,1,60,79,0,140,0,0,0,0,0,1,60,79,0,140,0,0,0,140
04/13/2013,BED,MA,ANE,EN,Towers with Radar,0,52,69,0,121,0,2,126,1,129,0,54,195,1,250,272,0,272,522
04/14/2013,BED,MA,ANE,EN,Towers with Radar,1,50,49,0,100,0,6,188,0,194,1,56,237,0,294,252,0,252,546
04/15/2013,BED,MA,ANE,EN,Towers with Radar,0,47,96,0,143,0,19,201,3,223,0,66,297,3,366,276,0,276,642
04/16/2013,BED,MA,ANE,EN,Towers with Radar,2,47,65,0,114,0,16,134,5,155,2,63,199,5,269,144,0,144,413
04/17/2013,BED,MA,ANE,EN,Towers with Radar,1,40,108,0,149,0,10,159,2,171,1,50,267,2,320,138,0,138,458
04/18/2013,BED,MA,ANE,EN,Towers with Radar,2,57,114,0,173,0,3,70,0,73,2,60,184,0,246,128,0,128,374
04/19/2013,BED,MA,ANE,EN,Towers with Radar,2,61,93,2,158,0,2,9,9,20,2,63,102,11,178,0,0,0,178
04/20/2013,BED,MA,ANE,EN,Towers with Radar,0,46,67,0,113,0,9,159,6,174,0,55,226,6,287,268,0,268,555
04/21/2013,BED,MA,ANE,EN,Towers with Radar,1,61,79,0,141,0,10,254,0,264,1,71,333,0,405,254,0,254,659
04/22/2013,BED,MA,ANE,EN,Towers with Radar,1,38,85,3,127,0,7,136,1,144,1,45,221,4,271,194,0,194,465
04/23/2013,BED,MA,ANE,EN,Towers with Radar,0,47,94,3,144,0,0,0,0,0,0,47,94,3,144,0,0,0,144
04/24/2013,BED,MA,ANE,EN,Towers with Radar,1,43,84,2,130,0,11,167,0,178,1,54,251,2,308,206,0,206,514
04/25/2013,BED,MA,ANE,EN,Towers with Radar,1,51,83,3,138,0,2,174,0,176,1,53,257,3,314,252,0,252,566
04/26/2013,BED,MA,ANE,EN,Towers with Radar,1,57,85,1,144,0,14,209,1,224,1,71,294,2,368,266,0,266,634
04/27/2013,BED,MA,ANE,EN,Towers with Radar,0,33,63,0,96,0,15,273,7,295,0,48,336,7,391,306,0,306,697
04/28/2013,BED,MA,ANE,EN,Towers with Radar,0,48,48,0,96,0,12,239,2,253,0,60,287,2,349,228,0,228,577
04/29/2013,BED,MA,ANE,EN,Towers with Radar,0,53,52,3,108,0,6,123,0,129,0,59,175,3,237,148,0,148,385
04/30/2013,BED,MA,ANE,EN,Towers with Radar,1,39,69,2,111,0,11,139,0,150,1,50,208,2,261,176,0,176,437
05/01/2013,BED,MA,ANE,EN,Towers with Radar,0,28,74,0,102,0,5,229,0,234,0,33,303,0,336,304,0,304,640
05/02/2013,BED,MA,ANE,EN,Towers with Radar,3,40,77,0,120,0,14,162,1,177,3,54,239,1,297,266,0,266,563
05/03/2013,BED,MA,ANE,EN,Towers with Radar,0,53,69,0,122,0,12,170,0,182,0,65,239,0,304,166,0,166,470
05/04/2013,BED,MA,ANE,EN,Towers with Radar,0,42,65,0,107,0,17,280,0,297,0,59,345,0,404,264,0,264,668
05/05/2013,BED,MA,ANE,EN,Towers with Radar,0,79,86,0,165,0,16,208,0,224,0,95,294,0,389,224,0,224,613
05/06/2013,BED,MA,ANE,EN,Towers with Radar,0,41,86,0,127,0,17,129,0,146,0,58,215,0,273,230,0,230,503
05/07/2013,BED,MA,ANE,EN,Towers with Radar,0,54,82,2,138,0,19,178,0,197,0,73,260,2,335,184,0,184,519
05/08/2013,BED,MA,ANE,EN,Towers with Radar,0,62,82,4,148,0,5,39,0,44,0,67,121,4,192,114,0,114,306
05/09/2013,BED,MA,ANE,EN,Towers with Radar,0,81,99,0,180,0,1,5,0,6,0,82,104,0,186,0,0,0,186
05/10/2013,BED,MA,ANE,EN,Towers with Radar,0,73,96,0,169,0,8,186,0,194,0,81,282,0,363,240,0,240,603
05/11/2013,BED,MA,ANE,EN,Towers with Radar,0,34,61,0,95,0,0,48,0,48,0,34,109,0,143,191,0,191,334
05/12/2013,BED,MA,ANE,EN,Towers with Radar,0,46,76,0,122,0,5,67,0,72,0,51,143,0,194,132,0,132,326
05/13/2013,BED,MA,ANE,EN,Towers with Radar,0,47,71,0,118,0,17,168,0,185,0,64,239,0,303,216,0,216,519
05/14/2013,BED,MA,ANE,EN,Towers with Radar,0,45,83,0,128,0,7,192,17,216,0,52,275,17,344,260,0,260,604
05/15/2013,BED,MA,ANE,EN,Towers with Radar,0,35,88,3,126,0,7,90,1,98,0,42,178,4,224,92,0,92,316
05/16/2013,BED,MA,ANE,EN,Towers with Radar,4,45,92,1,142,0,12,125,6,143,4,57,217,7,285,124,0,124,409
05/17/2013,BED,MA,ANE,EN,Towers with Radar,0,44,84,0,128,0,16,183,0,199,0,60,267,0,327,176,0,176,503
05/18/2013,BED,MA,ANE,EN,Towers with Radar,0,28,72,0,100,0,7,314,2,323,0,35,386,2,423,330,0,330,753
05/19/2013,BED,MA,ANE,EN,Towers with Radar,0,63,100,0,163,0,9,173,0,182,0,72,273,0,345,208,0,208,553
05/20/2013,BED,MA,ANE,EN,Towers with Radar,0,52,110,0,162,0,3,86,0,89,0,55,196,0,251,196,0,196,447
05/21/2013,BED,MA,ANE,EN,Towers with Radar,0,57,86,0,143,0,0,72,0,72,0,57,158,0,215,138,0,138,353
05/22/2013,BED,MA,ANE,EN,Towers with Radar,0,69,110,0,179,0,0,10,0,10,0,69,120,0,189,72,0,72,261
05/23/2013,BED,MA,ANE,EN,Towers with Radar,0,56,101,0,157,0,1,4,0,5,0,57,105,0,162,6,0,6,168
05/24/2013,BED,MA,ANE,EN,Towers with Radar,0,64,119,0,183,0,1,11,0,12,0,65,130,0,195,34,0,34,229
05/25/2013,BED,MA,ANE,EN,Towers with Radar,0,34,74,0,108,0,0,0,0,0,0,34,74,0,108,0,0,0,108
05/26/2013,BED,MA,ANE,EN,Towers with Radar,0,13,45,0,58,0,1,85,0,86,0,14,130,0,144,176,0,176,320
05/27/2013,BED,MA,ANE,EN,Towers with Radar,1,62,65,0,128,0,22,300,1,323,1,84,365,1,451,306,0,306,757
05/28/2013,BED,MA,ANE,EN,Towers with Radar,0,49,96,1,146,0,9,182,0,191,0,58,278,1,337,232,0,232,569
05/29/2013,BED,MA,ANE,EN,Towers with Radar,1,53,92,1,147,0,0,7,0,7,1,53,99,1,154,20,0,20,174
05/30/2013,BED,MA,ANE,EN,Towers with Radar,0,52,99,3,154,0,17,199,0,216,0,69,298,3,370,224,0,224,594
05/31/2013,BED,MA,ANE,EN,Towers with Radar,1,55,86,4,146,0,23,225,0,248,1,78,311,4,394,217,0,217,611
06/01/2013,BED,MA,ANE,EN,Towers with Radar,0,20,43,0,63,0,11,222,0,233,0,31,265,0,296,306,0,306,602
06/02/2013,BED,MA,ANE,EN,Towers with Radar,0,53,80,1,134,0,5,186,0,191,0,58,266,1,325,100,0,100,425
06/03/2013,BED,MA,ANE,EN,Towers with Radar,2,38,73,0,113,0,4,48,0,52,2,42,121,0,165,96,0,96,261
06/04/2013,BED,MA,ANE,EN,Towers with Radar,1,61,77,0,139,0,15,165,0,180,1,76,242,0,319,188,0,188,507
06/05/2013,BED,MA,ANE,EN,Towers with Radar,0,38,74,0,112,0,32,194,0,226,0,70,268,0,338,298,0,298,636
06/06/2013,BED,MA,ANE,EN,Towers with Radar,0,58,66,0,124,0,4,155,0,159,0,62,221,0,283,239,0,239,522
06/07/2013,BED,MA,ANE,EN,Towers with Radar,0,47,86,0,133,0,0,1,0,1,0,47,87,0,134,0,0,0,134
06/08/2013,BED,MA,ANE,EN,Towers with Radar,0,49,70,0,119,0,6,67,0,73,0,55,137,0,192,194,0,194,386
06/09/2013,BED,MA,ANE,EN,Towers with Radar,0,46,66,0,112,0,8,224,0,232,0,54,290,0,344,242,0,242,586
06/10/2013,BED,MA,ANE,EN,Towers with Radar,0,56,75,0,131,0,3,126,0,129,0,59,201,0,260,166,0,166,426
06/11/2013,BED,MA,ANE,EN,Towers with Radar,0,51,82,0,133,0,0,0,0,0,0,51,82,0,133,0,0,0,133
06/12/2013,BED,MA,ANE,EN,Towers with Radar,0,56,85,5,146,0,9,71,0,80,0,65,156,5,226,140,0,140,366
06/13/2013,BED,MA,ANE,EN,Towers with Radar,3,38,90,0,131,0,4,75,0,79,3,42,165,0,210,130,0,130,340
06/14/2013,BED,MA,ANE,EN,Towers with Radar,0,71,85,3,159,0,13,124,0,137,0,84,209,3,296,200,0,200,496
06/15/2013,BED,MA,ANE,EN,Towers with Radar,0,32,57,1,90,0,9,305,1,315,0,41,362,2,405,292,0,292,697
06/16/2013,BED,MA,ANE,EN,Towers with Radar,0,44,52,1,97,0,3,164,0,167,0,47,216,1,264,289,0,289,553
06/17/2013,BED,MA,ANE,EN,Towers with Radar,0,46,75,2,123,0,13,142,0,155,0,59,217,2,278,104,0,104,382
06/18/2013,BED,MA,ANE,EN,Towers with Radar,0,51,77,1,129,0,9,67,3,79,0,60,144,4,208,83,0,83,291
06/19/2013,BED,MA,ANE,EN,Towers with Radar,2,40,54,0,96,0,11,235,2,248,2,51,289,2,344,324,0,324,668
06/20/2013,BED,MA,ANE,EN,Towers with Radar,0,35,81,2,118,0,15,221,0,236,0,50,302,2,354,294,0,294,648
06/21/2013,BED,MA,ANE,EN,Towers with Radar,2,40,63,1,106,0,14,262,0,276,2,54,325,1,382,310,0,310,692
06/22/2013,BED,MA,ANE,EN,Towers with Radar,0,36,57,0,93,0,10,250,0,260,0,46,307,0,353,272,0,272,625
06/23/2013,BED,MA,ANE,EN,Towers with Radar,2,52,78,1,133,0,8,186,0,194,2,60,264,1,327,216,0,216,543
06/24/2013,BED,MA,ANE,EN,Towers with Radar,0,48,67,2,117,0,12,138,0,150,0,60,205,2,267,244,0,244,511
06/25/2013,BED,MA,ANE,EN,Towers with Radar,1,34,92,0,127,0,11,124,0,135,1,45,216,0,262,172,0,172,434
06/26/2013,BED,MA,ANE,EN,Towers with Radar,0,44,78,6,128,0,7,140,6,153,0,51,218,12,281,258,0,258,539
06/27/2013,BED,MA,ANE,EN,Towers with Radar,2,48,125,0,175,0,0,12,0,12,2,48,137,0,187,36,0,36,223
06/28/2013,BED,MA,ANE,EN,Towers with Radar,0,53,72,2,127,0,0,44,0,44,0,53,116,2,171,44,0,44,215
06/29/2013,BED,MA,ANE,EN,Towers with Radar,0,40,43,0,83,0,0,127,0,127,0,40,170,0,210,318,0,318,528
06/30/2013,BED,MA,ANE,EN,Towers with Radar,0,60,66,2,128,0,6,157,0,163,0,66,223,2,291,204,0,204,495
07/01/2013,BED,MA,ANE,EN,Towers with Radar,0,46,74,0,120,0,0,18,0,18,0,46,92,0,138,30,0,30,168
07/02/2013,BED,MA,ANE,EN,Towers with Radar,0,39,69,0,108,0,3,91,0,94,0,42,160,0,202,218,0,218,420
07/03/2013,BED,MA,ANE,EN,Towers with Radar,0,59,71,3,133,0,8,142,0,150,0,67,213,3,283,218,0,218,501
07/04/2013,BED,MA,ANE,EN,Towers with Radar,0,21,23,0,44,0,9,121,0,130,0,30,144,0,174,160,0,160,334
07/05/2013,BED,MA,ANE,EN,Towers with Radar,0,29,69,0,98,0,6,163,0,169,0,35,232,0,267,172,0,172,439
07/06/2013,BED,MA,ANE,EN,Towers with Radar,0,33,34,2,69,0,4,230,1,235,0,37,264,3,304,244,0,244,548
07/07/2013,BED,MA,ANE,EN,Towers with Radar,2,57,75,0,134,0,16,169,0,185,2,73,244,0,319,186,0,186,505
07/08/2013,BED,MA,ANE,EN,Towers with Radar,0,49,63,1,113,0,3,135,0,138,0,52,198,1,251,190,0,190,441
07/09/2013,BED,MA,ANE,EN,Towers with Radar,0,51,101,1,153,0,0,18,0,18,0,51,119,1,171,90,0,90,261
07/10/2013,BED,MA,ANE,EN,Towers with Radar,2,61,83,0,146,0,1,12,0,13,2,62,95,0,159,10,0,10,169
07/11/2013,BED,MA,ANE,EN,Towers with Radar,0,68,101,0,169,0,4,103,0,107,0,72,204,0,276,132,0,132,408
07/12/2013,BED,MA,ANE,EN,Towers with Radar,0,53,79,0,132,0,8,175,0,183,0,61,254,0,315,234,0,234,549
07/13/2013,BED,MA,ANE,EN,Towers with Radar,0,39,114,0,153,0,2,62,0,64,0,41,176,0,217,340,0,340,557
07/14/2013,BED,MA,ANE,EN,Towers with Radar,0,55,85,0,140,0,11,199,0,210,0,66,284,0,350,306,0,306,656
07/15/2013,BED,MA,ANE,EN,Towers with Radar,0,40,62,3,105,0,8,195,0,203,0,48,257,3,308,280,0,280,588
07/16/2013,BED,MA,ANE,EN,Towers with Radar,2,43,67,1,113,0,11,245,0,256,2,54,312,1,369,316,0,316,685
07/17/2013,BED,MA,ANE,EN,Towers with Radar,1,48,76,0,125,0,11,229,1,241,1,59,305,1,366,284,0,284,650
07/18/2013,BED,MA,ANE,EN,Towers with Radar,0,55,87,0,142,0,15,187,6,208,0,70,274,6,350,454,0,454,804
07/19/2013,BED,MA,ANE,EN,Towers with Radar,0,44,88,0,132,0,14,243,0,257,0,58,331,0,389,268,0,268,657
07/20/2013,BED,MA,ANE,EN,Towers with Radar,0,28,35,0,63,0,6,158,0,164,0,34,193,0,227,316,0,316,543
07/21/2013,BED,MA,ANE,EN,Towers with Radar,0,51,65,0,116,0,9,188,0,197,0,60,253,0,313,198,0,198,511
07/22/2013,BED,MA,ANE,EN,Towers with Radar,0,60,112,0,172,0,8,112,0,120,0,68,224,0,292,172,0,172,464
07/23/2013,BED,MA,ANE,EN,Towers with Radar,0,53,103,0,156,0,0,18,0,18,0,53,121,0,174,36,0,36,210
07/24/2013,BED,MA,ANE,EN,Towers with Radar,2,59,105,0,166,0,15,285,0,300,2,74,390,0,466,328,0,328,794
07/25/2013,BED,MA,ANE,EN,Towers with Radar,1,79,90,0,170,0,6,68,0,74,1,85,158,0,244,182,0,182,426
07/26/2013,BED,MA,ANE,EN,Towers with Radar,0,48,104,1,153,0,1,47,0,48,0,49,151,1,201,86,0,86,287
07/27/2013,BED,MA,ANE,EN,Towers with Radar,2,26,42,0,70,0,13,234,1,248,2,39,276,1,318,238,0,238,556
07/28/2013,BED,MA,ANE,EN,Towers with Radar,0,56,89,1,146,0,3,76,0,79,0,59,165,1,225,188,0,188,413
07/29/2013,BED,MA,ANE,EN,Towers with Radar,0,34,87,0,121,0,0,83,0,83,0,34,170,0,204,106,0,106,310
07/30/2013,BED,MA,ANE,EN,Towers with Radar,0,49,86,0,135,0,14,228,0,242,0,63,314,0,377,298,0,298,675
07/31/2013,BED,MA,ANE,EN,Towers with Radar,0,47,64,0,111,0,10,276,0,286,0,57,340,0,397,264,0,264,661
08/01/2013,BED,MA,ANE,EN,Towers with Radar,0,42,94,2,138,0,6,210,0,216,0,48,304,2,354,244,0,244,598
08/02/2013,BED,MA,ANE,EN,Towers with Radar,4,48,92,2,146,0,5,169,1,175,4,53,261,3,321,224,0,224,545
08/03/2013,BED,MA,ANE,EN,Towers with Radar,0,26,46,2,74,0,9,202,1,212,0,35,248,3,286,270,0,270,556
08/04/2013,BED,MA,ANE,EN,Towers with Radar,1,37,59,2,99,0,14,185,1,200,1,51,244,3,299,246,0,246,545
08/05/2013,BED,MA,ANE,EN,Towers with Radar,1,40,68,0,109,0,15,203,0,218,1,55,271,0,327,182,0,182,509
08/06/2013,BED,MA,ANE,EN,Towers with Radar,0,38,59,0,97,0,12,181,1,194,0,50,240,1,291,344,0,344,635
08/07/2013,BED,MA,ANE,EN,Towers with Radar,0,48,70,0,118,0,22,172,0,194,0,70,242,0,312,248,0,248,560
08/08/2013,BED,MA,ANE,EN,Towers with Radar,0,60,83,2,145,0,6,65,1,72,0,66,148,3,217,128,0,128,345
08/09/2013,BED,MA,ANE,EN,Towers with Radar,0,66,79,0,145,0,0,0,0,0,0,66,79,0,145,0,0,0,145
08/10/2013,BED,MA,ANE,EN,Towers with Radar,0,33,44,0,77,0,7,186,6,199,0,40,230,6,276,126,0,126,402
08/11/2013,BED,MA,ANE,EN,Towers with Radar,0,61,67,2,130,0,7,196,0,203,0,68,263,2,333,236,0,236,569
08/12/2013,BED,MA,ANE,EN,Towers with Radar,0,52,74,4,130,0,6,219,0,225,0,58,293,4,355,276,0,276,631
08/13/2013,BED,MA,ANE,EN,Towers with Radar,0,66,77,2,145,0,4,126,0,130,0,70,203,2,275,188,0,188,463
08/14/2013,BED,MA,ANE,EN,Towers with Radar,0,29,96,2,127,0,12,183,2,197,0,41,279,4,324,206,0,206,530
08/15/2013,BED,MA,ANE,EN,Towers with Radar,2,37,71,8,118,0,9,225,8,242,2,46,296,16,360,248,0,248,608
08/16/2013,BED,MA,ANE,EN,Towers with Radar,0,34,53,2,89,0,4,221,0,225,0,38,274,2,314,262,0,262,576
08/17/2013,BED,MA,ANE,EN,Towers with Radar,0,22,54,1,77,0,17,302,0,319,0,39,356,1,396,296,0,296,692
08/18/2013,BED,MA,ANE,EN,Towers with Radar,0,30,60,3,93,0,11,225,0,236,0,41,285,3,329,153,0,153,482
08/19/2013,BED,MA,ANE,EN,Towers with Radar,0,36,67,0,103,0,29,143,0,172,0,65,210,0,275,266,0,266,541
08/20/2013,BED,MA,ANE,EN,Towers with Radar,0,37,74,2,113,0,15,195,0,210,0,52,269,2,323,286,0,286,609
08/21/2013,BED,MA,ANE,EN,Towers with Radar,0,47,81,0,128,0,22,230,0,252,0,69,311,0,380,222,0,222,602
08/22/2013,BED,MA,ANE,EN,Towers with Radar,1,39,77,0,117,0,21,194,0,215,1,60,271,0,332,254,0,254,586
08/23/2013,BED,MA,ANE,EN,Towers with Radar,0,29,63,0,92,0,10,159,0,169,0,39,222,0,261,122,0,122,383
08/24/2013,BED,MA,ANE,EN,Towers with Radar,0,21,44,0,65,0,18,282,0,300,0,39,326,0,365,252,0,252,617
08/25/2013,BED,MA,ANE,EN,Towers with Radar,0,33,53,0,86,0,14,227,0,241,0,47,280,0,327,200,0,200,527
08/26/2013,BED,MA,ANE,EN,Towers with Radar,0,41,87,1,129,0,8,154,0,162,0,49,241,1,291,102,0,102,393
08/27/2013,BED,MA,ANE,EN,Towers with Radar,0,36,82,0,118,0,7,136,0,143,0,43,218,0,261,154,0,154,415
08/28/2013,BED,MA,ANE,EN,Towers with Radar,0,38,81,1,120,0,3,144,0,147,0,41,225,1,267,192,0,192,459
08/29/2013,BED,MA,ANE,EN,Towers with Radar,2,68,136,0,206,0,1,16,0,17,2,69,152,0,223,88,0,88,311
08/30/2013,BED,MA,ANE,EN,Towers with Radar,3,45,94,0,142,0,5,210,1,216,3,50,304,1,358,346,0,346,704
08/31/2013,BED,MA,ANE,EN,Towers with Radar,1,40,51,0,92,0,0,72,0,72,1,40,123,0,164,196,0,196,360
09/01/2013,BED,MA,ANE,EN,Towers with Radar,0,27,32,0,59,0,2,35,0,37,0,29,67,0,96,60,0,60,156
09/02/2013,BED,MA,ANE,EN,Towers with Radar,0,67,60,0,127,0,0,21,0,21,0,67,81,0,148,34,0,34,182
09/03/2013,BED,MA,ANE,EN,Towers with Radar,0,47,73,0,120,0,8,131,0,139,0,55,204,0,259,222,0,222,481
09/04/2013,BED,MA,ANE,EN,Towers with Radar,0,40,66,4,110,0,19,194,2,215,0,59,260,6,325,220,0,220,545
09/05/2013,BED,MA,ANE,EN,Towers with Radar,1,39,52,1,93,0,11,148,0,159,1,50,200,1,252,130,0,130,382
09/06/2013,BED,MA,ANE,EN,Towers with Radar,2,49,53,2,106,0,17,232,0,249,2,66,285,2,355,246,0,246,601
09/07/2013,BED,MA,ANE,EN,Towers with Radar,1,36,44,0,81,0,7,280,0,287,1,43,324,0,368,308,0,308,676
09/08/2013,BED,MA,ANE,EN,Towers with Radar,0,57,71,0,128,0,13,114,0,127,0,70,185,0,255,164,0,164,419
09/09/2013,BED,MA,ANE,EN,Towers with Radar,0,41,94,0,135,0,5,210,0,215,0,46,304,0,350,190,0,190,540
09/10/2013,BED,MA,ANE,EN,Towers with Radar,0,37,88,0,125,0,0,52,3,55,0,37,140,3,180,122,0,122,302
09/11/2013,BED,MA,ANE,EN,Towers with Radar,1,43,128,4,176,0,6,123,0,129,1,49,251,4,305,252,0,252,557
09/12/2013,BED,MA,ANE,EN,Towers with Radar,0,57,104,0,161,0,2,65,0,67,0,59,169,0,228,122,0,122,350
09/13/2013,BED,MA,ANE,EN,Towers with Radar,0,53,108,9,170,0,2,95,2,99,0,55,203,11,269,198,0,198,467
09/14/2013,BED,MA,ANE,EN,Towers with Radar,0,29,63,2,94,0,10,219,0,229,0,39,282,2,323,276,0,276,599
09/15/2013,BED,MA,ANE,EN,Towers with Radar,0,37,51,3,91,0,21,228,1,250,0,58,279,4,341,276,0,276,617
09/16/2013,BED,MA,ANE,EN,Towers with Radar,1,53,74,0,128,0,8,178,0,186,1,61,252,0,314,314,0,314,628
09/17/2013,BED,MA,ANE,EN,Towers with Radar,1,61,83,0,145,0,16,166,0,182,1,77,249,0,327,244,0,244,571
09/18/2013,BED,MA,ANE,EN,Towers with Radar,1,45,102,0,148,0,9,220,0,229,1,54,322,0,377,160,0,160,537
09/19/2013,BED,MA,ANE,EN,Towers with Radar,0,50,89,2,141,0,10,187,2,199,0,60,276,4,340,234,0,234,574
09/20/2013,BED,MA,ANE,EN,Towers with Radar,2,48,94,7,151,0,9,178,1,188,2,57,272,8,339,126,0,126,465
09/21/2013,BED,MA,ANE,EN,Towers with Radar,0,32,69,0,101,0,10,154,0,164,0,42,223,0,265,263,0,263,528
09/22/2013,BED,MA,ANE,EN,Towers with Radar,0,53,85,3,141,0,1,118,0,119,0,54,203,3,260,161,0,161,421
09/23/2013,BED,MA,ANE,EN,Towers with Radar,0,55,88,0,143,0,5,160,0,165,0,60,248,0,308,182,0,182,490
09/24/2013,BED,MA,ANE,EN,Towers with Radar,0,39,86,0,125,0,8,189,7,204,0,47,275,7,329,166,0,166,495
09/25/2013,BED,MA,ANE,EN,Towers with Radar,2,42,66,0,110,0,11,151,4,166,2,53,217,4,276,216,0,216,492
09/26/2013,BED,MA,ANE,EN,Towers with Radar,2,52,88,9,151,0,17,160,0,177,2,69,248,9,328,198,0,198,526
09/27/2013,BED,MA,ANE,EN,Towers with Radar,0,87,69,0,156,0,9,163,0,172,0,96,232,0,328,218,0,218,546
09/28/2013,BED,MA,ANE,EN,Towers with Radar,1,32,49,2,84,0,16,329,0,345,1,48,378,2,429,277,0,277,706
09/29/2013,BED,MA,ANE,EN,Towers with Radar,2,70,82,0,154,0,10,170,1,181,2,80,252,1,335,168,0,168,503
09/30/2013,BED,MA,ANE,EN,Towers with Radar,0,36,83,0,119,0,8,120,0,128,0,44,203,0,247,168,0,168,415
10/01/2013,BED,MA,ANE,EN,Towers with Radar,0,46,83,1,130,0,12,158,0,170,0,58,241,1,300,168,0,168,468
10/02/2013,BED,MA,ANE,EN,Towers with Radar,0,43,79,0,122,0,14,177,0,191,0,57,256,0,313,204,0,204,517
10/03/2013,BED,MA,ANE,EN,Towers with Radar,1,43,80,0,124,0,14,187,0,201,1,57,267,0,325,192,0,192,517
10/04/2013,BED,MA,ANE,EN,Towers with Radar,0,52,104,0,156,0,3,95,0,98,0,55,199,0,254,110,0,110,364
10/05/2013,BED,MA,ANE,EN,Towers with Radar,0,40,66,0,106,0,6,129,0,135,0,46,195,0,241,230,0,230,471
10/06/2013,BED,MA,ANE,EN,Towers with Radar,0,51,85,0,136,0,0,0,0,0,0,51,85,0,136,0,0,0,136
10/07/2013,BED,MA,ANE,EN,Towers with Radar,0,58,59,0,117,0,1,5,0,6,0,59,64,0,123,0,0,0,123
10/08/2013,BED,MA,ANE,EN,Towers with Radar,0,49,70,0,119,0,11,170,0,181,0,60,240,0,300,216,0,216,516
10/09/2013,BED,MA,ANE,EN,Towers with Radar,0,48,66,0,114,0,12,158,0,170,0,60,224,0,284,194,0,194,478
10/10/2013,BED,MA,ANE,EN,Towers with Radar,1,64,91,0,156,0,4,126,0,130,1,68,217,0,286,190,0,190,476
10/11/2013,BED,MA,ANE,EN,Towers with Radar,1,76,108,0,185,0,7,148,0,155,1,83,256,0,340,160,0,160,500
10/12/2013,BED,MA,ANE,EN,Towers with Radar,2,41,91,0,134,0,0,10,0,10,2,41,101,0,144,18,0,18,162
10/13/2013,BED,MA,ANE,EN,Towers with Radar,1,38,66,0,105,0,9,165,0,174,1,47,231,0,279,210,0,210,489
10/14/2013,BED,MA,ANE,EN,Towers with Radar,1,53,87,0,141,0,13,226,0,239,1,66,313,0,380,208,0,208,588
10/15/2013,BED,MA,ANE,EN,Towers with Radar,0,47,95,2,144,0,21,141,0,162,0,68,236,2,306,238,0,238,544
10/16/2013,BED,MA,ANE,EN,Towers with Radar,3,46,94,1,144,0,0,70,0,70,3,46,164,1,214,180,0,180,394
10/17/2013,BED,MA,ANE,EN,Towers with Radar,1,51,104,1,157,0,7,160,0,167,1,58,264,1,324,258,0,258,582
10/18/2013,BED,MA,ANE,EN,Towers with Radar,0,40,60,0,100,0,3,151,0,154,0,43,211,0,254,164,0,164,418
10/19/2013,BED,MA,ANE,EN,Towers with Radar,2,28,46,0,76,0,12,273,1,286,2,40,319,1,362,306,0,306,668
10/20/2013,BED,MA,ANE,EN,Towers with Radar,0,42,75,0,117,0,10,216,0,226,0,52,291,0,343,108,0,108,451
10/21/2013,BED,MA,ANE,EN,Towers with Radar,1,54,75,1,131,0,12,225,0,237,1,66,300,1,368,198,0,198,566
10/22/2013,BED,MA,ANE,EN,Towers with Radar,1,53,73,0,127,0,9,114,0,123,1,62,187,0,250,112,0,112,362
10/23/2013,BED,MA,ANE,EN,Towers with Radar,0,62,96,7,165,0,5,142,2,149,0,67,238,9,314,158,0,158,472
10/24/2013,BED,MA,ANE,EN,Towers with Radar,0,54,96,6,156,0,11,157,0,168,0,65,253,6,324,158,0,158,482
10/25/2013,BED,MA,ANE,EN,Towers with Radar,2,49,89,1,141,0,4,177,0,181,2,53,266,1,322,76,0,76,398
10/26/2013,BED,MA,ANE,EN,Towers with Radar,0,40,49,16,105,0,0,234,2,236,0,40,283,18,341,294,0,294,635
10/27/2013,BED,MA,ANE,EN,Towers with Radar,0,40,66,0,106,0,3,228,0,231,0,43,294,0,337,264,0,264,601
10/28/2013,BED,MA,ANE,EN,Towers with Radar,0,41,73,5,119,0,8,158,0,166,0,49,231,5,285,232,0,232,517
10/29/2013,BED,MA,ANE,EN,Towers with Radar,3,54,76,1,134,0,13,195,0,208,3,67,271,1,342,204,0,204,546
10/30/2013,BED,MA,ANE,EN,Towers with Radar,0,43,115,0,158,0,4,66,0,70,0,47,181,0,228,197,0,197,425
10/31/2013,BED,MA,ANE,EN,Towers with Radar,2,62,104,0,168,0,2,9,0,11,2,64,113,0,179,20,0,20,199
11/01/2013,BED,MA,ANE,EN,Towers with Radar,4,46,50,1,101,0,3,8,0,11,4,49,58,1,112,34,0,34,146
11/02/2013,BED,MA,ANE,EN,Towers with Radar,4,41,42,2,89,0,5,221,0,226,4,46,263,2,315,330,0,330,645
11/03/2013,BED,MA,ANE,EN,Towers with Radar,1,48,76,0,125,0,3,102,1,106,1,51,178,1,231,188,0,188,419
11/04/2013,BED,MA,ANE,EN,Towers with Radar,0,52,65,2,119,0,8,158,0,166,0,60,223,2,285,208,0,208,493
11/05/2013,BED,MA,ANE,EN,Towers with Radar,1,40,81,2,124,0,11,177,0,188,1,51,258,2,312,180,0,180,492
11/06/2013,BED,MA,ANE,EN,Towers with Radar,0,45,83,2,130,0,11,172,0,183,0,56,255,2,313,179,0,179,492
11/07/2013,BED,MA,ANE,EN,Towers with Radar,1,41,110,8,160,0,8,18,0,26,1,49,128,8,186,12,0,12,198
11/08/2013,BED,MA,ANE,EN,Towers with Radar,2,52,80,4,138,0,5,134,0,139,2,57,214,4,277,230,0,230,507
11/09/2013,BED,MA,ANE,EN,Towers with Radar,0,19,41,0,60,0,4,234,0,238,0,23,275,0,298,340,0,340,638
11/10/2013,BED,MA,ANE,EN,Towers with Radar,1,52,51,0,104,0,4,126,0,130,1,56,177,0,234,132,0,132,366
11/11/2013,BED,MA,ANE,EN,Towers with Radar,0,38,72,0,110,0,3,150,0,153,0,41,222,0,263,188,0,188,451
11/12/2013,BED,MA,ANE,EN,Towers with Radar,0,56,55,0,111,0,15,74,0,89,0,71,129,0,200,102,0,102,302
11/13/2013,BED,MA,ANE,EN,Towers with Radar,0,49,86,0,135,0,5,183,0,188,0,54,269,0,323,220,0,220,543
11/14/2013,BED,MA,ANE,EN,Towers with Radar,1,49,81,1,132,0,11,152,1,164,1,60,233,2,296,160,0,160,456
11/15/2013,BED,MA,ANE,EN,Towers with Radar,3,47,88,2,140,0,12,175,0,187,3,59,263,2,327,226,0,226,553
11/16/2013,BED,MA,ANE,EN,Towers with Radar,0,25,45,0,70,0,7,301,0,308,0,32,346,0,378,350,0,350,728
11/17/2013,BED,MA,ANE,EN,Towers with Radar,0,47,92,1,140,0,0,106,0,106,0,47,198,1,246,194,0,194,440
11/18/2013,BED,MA,ANE,EN,Towers with Radar,0,34,91,0,125,0,8,84,0,92,0,42,175,0,217,78,0,78,295
11/19/2013,BED,MA,ANE,EN,Towers with Radar,2,38,70,1,111,0,7,89,0,96,2,45,159,1,207,98,0,98,305
11/20/2013,BED,MA,ANE,EN,Towers with Radar,1,41,76,2,120,0,15,184,0,199,1,56,260,2,319,242,0,242,561
11/21/2013,BED,MA,ANE,EN,Towers with Radar,3,51,71,5,130,0,17,194,2,213,3,68,265,7,343,254,0,254,597
11/22/2013,BED,MA,ANE,EN,Towers with Radar,1,53,92,0,146,0,0,33,0,33,1,53,125,0,179,54,0,54,233
11/23/2013,BED,MA,ANE,EN,Towers with Radar,2,29,37,0,68,0,4,182,0,186,2,33,219,0,254,250,0,250,504
11/24/2013,BED,MA,ANE,EN,Towers with Radar,0,40,28,1,69,0,2,23,0,25,0,42,51,1,94,8,0,8,102
11/25/2013,BED,MA,ANE,EN,Towers with Radar,2,47,69,1,119,0,8,160,0,168,2,55,229,1,287,188,0,188,475
11/26/2013,BED,MA,ANE,EN,Towers with Radar,2,80,96,0,178,0,2,82,0,84,2,82,178,0,262,160,0,160,422
11/27/2013,BED,MA,ANE,EN,Towers with Radar,0,54,65,0,119,0,0,0,0,0,0,54,65,0,119,0,0,0,119
11/28/2013,BED,MA,ANE,EN,Towers with Radar,1,28,26,0,55,0,2,21,0,23,1,30,47,0,78,12,0,12,90
11/29/2013,BED,MA,ANE,EN,Towers with Radar,1,31,37,0,69,0,16,184,0,200,1,47,221,0,269,198,0,198,467
11/30/2013,BED,MA,ANE,EN,Towers with Radar,0,50,39,0,89,0,9,192,0,201,0,59,231,0,290,332,0,332,622
12/01/2013,BED,MA,ANE,EN,Towers with Radar,0,100,126,0,226,0,0,11,0,11,0,100,137,0,237,44,0,44,281
12/02/2013,BED,MA,ANE,EN,Towers with Radar,0,60,90,0,150,0,0,1,0,1,0,60,91,0,151,0,0,0,151
12/03/2013,BED,MA,ANE,EN,Towers with Radar,0,46,79,0,125,0,1,83,0,84,0,47,162,0,209,196,0,196,405
12/04/2013,BED,MA,ANE,EN,Towers with Radar,0,46,76,0,122,0,4,180,0,184,0,50,256,0,306,234,0,234,540
12/05/2013,BED,MA,ANE,EN,Towers with Radar,2,47,101,0,150,0,0,27,0,27,2,47,128,0,177,86,0,86,263
12/06/2013,BED,MA,ANE,EN,Towers with Radar,0,59,98,0,157,0,7,52,0,59,0,66,150,0,216,159,0,159,375
12/07/2013,BED,MA,ANE,EN,Towers with Radar,2,34,43,0,79,0,7,213,0,220,2,41,256,0,299,296,0,296,595
12/08/2013,BED,MA,ANE,EN,Towers with Radar,2,49,54,1,106,0,5,162,0,167,2,54,216,1,273,308,0,308,581
12/09/2013,BED,MA,ANE,EN,Towers with Radar,0,44,58,2,104,0,0,0,0,0,0,44,58,2,104,0,0,0,104
12/10/2013,BED,MA,ANE,EN,Towers with Radar,0,45,72,1,118,0,0,6,0,6,0,45,78,1,124,24,0,24,148
12/11/2013,BED,MA,ANE,EN,Towers with Radar,3,50,76,4,133,0,5,112,0,117,3,55,188,4,250,146,0,146,396
12/12/2013,BED,MA,ANE,EN,Towers with Radar,0,36,96,0,132,0,9,111,0,120,0,45,207,0,252,148,0,148,400
12/13/2013,BED,MA,ANE,EN,Towers with Radar,0,29,76,0,105,0,7,89,0,96,0,36,165,0,201,94,0,94,295
12/14/2013,BED,MA,ANE,EN,Towers with Radar,0,23,38,0,61,0,1,112,0,113,0,24,150,0,174,286,0,286,460
12/15/2013,BED,MA,ANE,EN,Towers with Radar,2,25,39,0,66,0,0,0,0,0,2,25,39,0,66,0,0,0,66
12/16/2013,BED,MA,ANE,EN,Towers with Radar,0,50,84,0,134,0,9,102,3,114,0,59,186,3,248,62,0,62,310
12/17/2013,BED,MA,ANE,EN,Towers with Radar,0,42,53,0,95,0,1,30,0,31,0,43,83,0,126,54,0,54,180
12/18/2013,BED,MA,ANE,EN,Towers with Radar,2,52,76,0,130,0,15,97,0,112,2,67,173,0,242,128,0,128,370
12/19/2013,BED,MA,ANE,EN,Towers with Radar,0,47,75,0,122,0,13,127,0,140,0,60,202,0,262,146,0,146,408
12/20/2013,BED,MA,ANE,EN,Towers with Radar,2,65,80,0,147,0,9,126,0,135,2,74,206,0,282,160,0,160,442
12/21/2013,BED,MA,ANE,EN,Towers with Radar,1,58,51,2,112,0,4,140,0,144,1,62,191,2,256,257,0,257,513
12/22/2013,BED,MA,ANE,EN,Towers with Radar,1,45,25,2,73,0,0,0,0,0,1,45,25,2,73,0,0,0,73
12/23/2013,BED,MA,ANE,EN,Towers with Radar,0,35,31,0,66,0,0,0,0,0,0,35,31,0,66,0,0,0,66
12/24/2013,BED,MA,ANE,EN,Towers with Radar,0,28,23,0,51,0,4,74,0,78,0,32,97,0,129,110,0,110,239
12/25/2013,BED,MA,ANE,EN,Towers with Radar,0,24,15,1,40,0,3,2,0,5,0,27,17,1,45,0,0,0,45
12/26/2013,BED,MA,ANE,EN,Towers with Radar,1,72,65,0,138,0,0,12,0,12,1,72,77,0,150,38,0,38,188
12/27/2013,BED,MA,ANE,EN,Towers with Radar,1,47,53,1,102,0,17,144,0,161,1,64,197,1,263,178,0,178,441
12/28/2013,BED,MA,ANE,EN,Towers with Radar,0,34,50,1,85,0,7,217,0,224,0,41,267,1,309,256,0,256,565
12/29/2013,BED,MA,ANE,EN,Towers with Radar,0,25,24,0,49,0,0,49,0,49,0,25,73,0,98,146,0,146,244
12/30/2013,BED,MA,ANE,EN,Towers with Radar,0,27,31,0,58,0,4,105,0,109,0,31,136,0,167,120,0,120,287
12/31/2013,BED,MA,ANE,EN,Towers with Radar,0,34,26,0,60,0,8,121,1,130,0,42,147,1,190,186,0,186,376
01/01/2014,BED,MA,ANE,EN,Towers with Radar,1,29,30,0,60,0,9,72,0,81,1,38,102,0,141,58,0,58,199
01/02/2014,BED,MA,ANE,EN,Towers with Radar,0,23,26,0,49,0,0,0,0,0,0,23,26,0,49,0,0,0,49
01/03/2014,BED,MA,ANE,EN,Towers with Radar,2,33,23,0,58,0,0,0,0,0,2,33,23,0,58,0,0,0,58
01/04/2014,BED,MA,ANE,EN,Towers with Radar,2,65,41,0,108,0,8,129,0,137,2,73,170,0,245,186,0,186,431
01/05/2014,BED,MA,ANE,EN,Towers with Radar,3,55,60,0,118,0,0,114,0,114,3,55,174,0,232,198,0,198,430
01/06/2014,BED,MA,ANE,EN,Towers with Radar,3,59,74,0,136,0,0,7,0,7,3,59,81,0,143,8,0,8,151
01/07/2014,BED,MA,ANE,EN,Towers with Radar,0,45,62,1,108,0,4,60,0,64,0,49,122,1,172,20,0,20,192
01/08/2014,BED,MA,ANE,EN,Towers with Radar,0,41,58,1,100,0,7,113,0,120,0,48,171,1,220,90,0,90,310
01/09/2014,BED,MA,ANE,EN,Towers with Radar,0,35,62,0,97,0,3,165,0,168,0,38,227,0,265,238,0,238,503
01/10/2014,BED,MA,ANE,EN,Towers with Radar,0,54,34,0,88,0,0,40,0,40,0,54,74,0,128,102,0,102,230
01/11/2014,BED,MA,ANE,EN,Towers with Radar,0,35,19,0,54,0,0,0,0,0,0,35,19,0,54,0,0,0,54
01/12/2014,BED,MA,ANE,EN,Towers with Radar,5,45,53,0,103,0,10,123,1,134,5,55,176,1,237,134,0,134,371
01/13/2014,BED,MA,ANE,EN,Towers with Radar,0,35,88,0,123,0,6,119,0,125,0,41,207,0,248,119,0,119,367
01/14/2014,BED,MA,ANE,EN,Towers with Radar,3,52,55,0,110,0,3,9,0,12,3,55,64,0,122,28,0,28,150
01/15/2014,BED,MA,ANE,EN,Towers with Radar,2,47,54,1,104,0,0,106,2,108,2,47,160,3,212,206,0,206,418
01/16/2014,BED,MA,ANE,EN,Towers with Radar,1,58,95,1,155,0,0,7,0,7,1,58,102,1,162,24,0,24,186
01/17/2014,BED,MA,ANE,EN,Towers with Radar,1,62,64,0,127,0,10,182,0,192,1,72,246,0,319,278,0,278,597
01/18/2014,BED,MA,ANE,EN,Towers with Radar,0,23,19,0,42,0,0,1,0,1,0,23,20,0,43,0,0,0,43
01/19/2014,BED,MA,ANE,EN,Towers with Radar,2,17,42,0,61,0,7,66,0,73,2,24,108,0,134,120,0,120,254
01/20/2014,BED,MA,ANE,EN,Towers with Radar,1,62,81,0,144,0,10,170,0,180,1,72,251,0,324,184,0,184,508
01/21/2014,BED,MA,ANE,EN,Towers with Radar,0,32,61,0,93,0,7,30,0,37,0,39,91,0,130,16,0,16,146
01/22/2014,BED,MA,ANE,EN,Towers with Radar,0,38,41,0,79,0,4,26,0,30,0,42,67,0,109,16,0,16,125
01/23/2014,BED,MA,ANE,EN,Towers with Radar,0,31,61,4,96,0,10,85,4,99,0,41,146,8,195,128,0,128,323
01/24/2014,BED,MA,ANE,EN,Towers with Radar,1,29,51,5,86,0,7,118,0,125,1,36,169,5,211,165,0,165,376
01/25/2014,BED,MA,ANE,EN,Towers with Radar,1,25,42,1,69,0,4,73,0,77,1,29,115,1,146,86,0,86,232
01/26/2014,BED,MA,ANE,EN,Towers with Radar,1,43,62,0,106,0,9,82,0,91,1,52,144,0,197,132,0,132,329
01/27/2014,BED,MA,ANE,EN,Towers with Radar,1,41,61,0,103,0,8,25,0,33,1,49,86,0,136,90,0,90,226
01/28/2014,BED,MA,ANE,EN,Towers with Radar,1,38,56,0,95,1,14,113,1,129,2,52,169,1,224,126,0,126,350
01/29/2014,BED,MA,ANE,EN,Towers with Radar,1,34,55,2,92,0,11,121,1,133,1,45,176,3,225,259,0,259,484
01/30/2014,BED,MA,ANE,EN,Towers with Radar,0,32,58,2,92,0,10,138,0,148,0,42,196,2,240,282,0,282,522
01/31/2014,BED,MA,ANE,EN,Towers with Radar,0,48,83,0,131,0,12,178,0,190,0,60,261,0,321,182,0,182,503
02/01/2014,BED,MA,ANE,EN,Towers with Radar,0,33,35,0,68,0,7,251,0,258,0,40,286,0,326,394,0,394,720
02/02/2014,BED,MA,ANE,EN,Towers with Radar,2,31,62,1,96,0,3,125,0,128,2,34,187,1,224,246,0,246,470
02/03/2014,BED,MA,ANE,EN,Towers with Radar,0,41,60,0,101,0,0,10,0,10,0,41,70,0,111,8,0,8,119
02/04/2014,BED,MA,ANE,EN,Towers with Radar,1,58,68,0,127,0,16,124,0,140,1,74,192,0,267,252,0,252,519
02/05/2014,BED,MA,ANE,EN,Towers with Radar,1,9,20,0,30,0,0,0,0,0,1,9,20,0,30,0,0,0,30
02/06/2014,BED,MA,ANE,EN,Towers with Radar,1,58,81,0,140,0,9,105,0,114,1,67,186,0,254,172,0,172,426
02/07/2014,BED,MA,ANE,EN,Towers with Radar,1,45,66,0,112,0,9,111,0,120,1,54,177,0,232,170,0,170,402
02/08/2014,BED,MA,ANE,EN,Towers with Radar,0,25,40,0,65,0,7,198,1,206,0,32,238,1,271,296,0,296,567
02/09/2014,BED,MA,ANE,EN,Towers with Radar,2,45,69,0,116,0,2,92,0,94,2,47,161,0,210,182,0,182,392
02/10/2014,BED,MA,ANE,EN,Towers with Radar,0,37,52,1,90,0,12,69,0,81,0,49,121,1,171,80,0,80,251
02/11/2014,BED,MA,ANE,EN,Towers with Radar,1,45,74,1,121,0,14,117,1,132,1,59,191,2,253,182,0,182,435
02/12/2014,BED,MA,ANE,EN,Towers with Radar,0,49,74,0,123,0,14,100,4,118,0,63,174,4,241,230,0,230,471
02/13/2014,BED,MA,ANE,EN,Towers with Radar,0,10,17,0,27,0,0,0,0,0,0,10,17,0,27,0,0,0,27
02/14/2014,BED,MA,ANE,EN,Towers with Radar,0,82,88,0,170,0,2,5,0,7,0,84,93,0,177,0,0,0,177
02/15/2014,BED,MA,ANE,EN,Towers with Radar,0,40,36,1,77,0,3,84,0,87,0,43,120,1,164,266,0,266,430
02/16/2014,BED,MA,ANE,EN,Towers with Radar,0,24,39,0,63,0,0,66,0,66,0,24,105,0,129,108,0,108,237
02/17/2014,BED,MA,ANE,EN,Towers with Radar,2,47,63,0,112,0,13,107,0,120,2,60,170,0,232,62,0,62,294
02/18/2014,BED,MA,ANE,EN,Towers with Radar,2,43,56,0,101,0,0,2,0,2,2,43,58,0,103,12,0,12,115
02/19/2014,BED,MA,ANE,EN,Towers with Radar,0,39,57,0,96,0,1,30,0,31,0,40,87,0,127,94,0,94,221
02/20/2014,BED,MA,ANE,EN,Towers with Radar,0,41,73,0,114,0,5,171,0,176,0,46,244,0,290,142,0,142,432
02/21/2014,BED,MA,ANE,EN,Towers with Radar,0,35,33,0,68,0,0,0,0,0,0,35,33,0,68,0,0,0,68
02/22/2014,BED,MA,ANE,EN,Towers with Radar,0,47,38,0,85,0,9,242,0,251,0,56,280,0,336,338,0,338,674
02/23/2014,BED,MA,ANE,EN,Towers with Radar,2,44,65,0,111,0,13,178,2,193,2,57,243,2,304,344,0,344,648
02/24/2014,BED,MA,ANE,EN,Towers with Radar,0,45,66,0,111,0,7,71,0,78,0,52,137,0,189,98,0,98,287
02/25/2014,BED,MA,ANE,EN,Towers with Radar,2,36,80,2,120,0,5,78,0,83,2,41,158,2,203,74,0,74,277
02/26/2014,BED,MA,ANE,EN,Towers with Radar,0,51,64,0,115,0,23,54,0,77,0,74,118,0,192,46,0,46,238
02/27/2014,BED,MA,ANE,EN,Towers with Radar,1,45,80,3,129,0,0,114,1,115,1,45,194,4,244,230,0,230,474
02/28/2014,BED,MA,ANE,EN,Towers with Radar,2,56,54,2,114,0,13,191,0,204,2,69,245,2,318,278,0,278,596
03/01/2014,BED,MA,ANE,EN,Towers with Radar,2,34,41,1,78,0,1,246,1,248,2,35,287,2,326,336,0,336,662
03/02/2014,BED,MA,ANE,EN,Towers with Radar,0,44,53,1,98,0,6,147,5,158,0,50,200,6,256,256,0,256,512
03/03/2014,BED,MA,ANE,EN,Towers with Radar,0,41,51,1,93,0,10,52,0,62,0,51,103,1,155,72,0,72,227
03/04/2014,BED,MA,ANE,EN,Towers with Radar,0,34,62,2,98,0,9,96,0,105,0,43,158,2,203,222,0,222,425
03/05/2014,BED,MA,ANE,EN,Towers with Radar,0,69,82,2,153,0,1,32,0,33,0,70,114,2,186,84,0,84,270
03/06/2014,BED,MA,ANE,EN,Towers with Radar,0,48,62,0,110,0,13,113,0,126,0,61,175,0,236,190,0,190,426
03/07/2014,BED,MA,ANE,EN,Towers with Radar,0,62,92,0,154,0,8,141,0,149,0,70,233,0,303,213,0,213,516
03/08/2014,BED,MA,ANE,EN,Towers with Radar,1,25,38,0,64,0,8,273,0,281,1,33,311,0,345,363,0,363,708
03/09/2014,BED,MA,ANE,EN,Towers with Radar,0,48,68,0,116,0,10,208,0,218,0,58,276,0,334,272,0,272,606
03/10/2014,BED,MA,ANE,EN,Towers with Radar,1,52,76,0,129,0,10,74,0,84,1,62,150,0,213,112,0,112,325
03/11/2014,BED,MA,ANE,EN,Towers with Radar,0,51,67,0,118,0,10,139,1,150,0,61,206,1,268,200,0,200,468
03/12/2014,BED,MA,ANE,EN,Towers with Radar,1,38,70,1,110,0,0,60,0,60,1,38,130,1,170,134,0,134,304
03/13/2014,BED,MA,ANE,EN,Towers with Radar,2,31,65,0,98,0,1,7,0,8,2,32,72,0,106,0,0,0,106
03/14/2014,BED,MA,ANE,EN,Towers with Radar,1,60,96,1,158,0,2,145,0,147,1,62,241,1,305,170,0,170,475
03/15/2014,BED,MA,ANE,EN,Towers with Radar,1,43,43,0,87,0,0,168,0,168,1,43,211,0,255,350,0,350,605
03/16/2014,BED,MA,ANE,EN,Towers with Radar,0,35,58,2,95,0,10,113,0,123,0,45,171,2,218,156,0,156,374
03/17/2014,BED,MA,ANE,EN,Towers with Radar,2,31,72,1,106,0,20,144,1,165,2,51,216,2,271,186,0,186,457
03/18/2014,BED,MA,ANE,EN,Towers with Radar,4,32,71,0,107,0,9,157,0,166,4,41,228,0,273,204,0,204,477
03/19/2014,BED,MA,ANE,EN,Towers with Radar,2,28,75,0,105,0,10,154,2,166,2,38,229,2,271,228,0,228,499
03/20/2014,BED,MA,ANE,EN,Towers with Radar,2,32,72,0,106,0,3,40,0,43,2,35,112,0,149,34,0,34,183
03/21/2014,BED,MA,ANE,EN,Towers with Radar,0,50,62,0,112,0,8,83,0,91,0,58,145,0,203,118,0,118,321
03/22/2014,BED,MA,ANE,EN,Towers with Radar,5,32,36,4,77,0,3,87,0,90,5,35,123,4,167,133,0,133,300
03/23/2014,BED,MA,ANE,EN,Towers with Radar,0,46,65,3,114,0,3,208,0,211,0,49,273,3,325,194,0,194,519
03/24/2014,BED,MA,ANE,EN,Towers with Radar,0,45,57,0,102,0,16,77,0,93,0,61,134,0,195,26,0,26,221
03/25/2014,BED,MA,ANE,EN,Towers with Radar,0,44,78,0,122,0,8,107,0,115,0,52,185,0,237,154,0,154,391
03/26/2014,BED,MA,ANE,EN,Towers with Radar,1,32,55,0,88,0,3,0,0,3,1,35,55,0,91,0,0,0,91
03/27/2014,BED,MA,ANE,EN,Towers with Radar,2,43,76,0,121,0,10,126,2,138,2,53,202,2,259,133,0,133,392
03/28/2014,BED,MA,ANE,EN,Towers with Radar,2,37,55,3,97,0,2,54,1,57,2,39,109,4,154,121,0,121,275
03/29/2014,BED,MA,ANE,EN,Towers with Radar,1,41,58,0,100,0,1,128,0,129,1,42,186,0,229,220,0,220,449
03/30/2014,BED,MA,ANE,EN,Towers with Radar,1,41,76,0,118,0,0,0,0,0,1,41,76,0,118,0,0,0,118
03/31/2014,BED,MA,ANE,EN,Towers with Radar,0,44,60,0,104,0,2,11,0,13,0,46,71,0,117,20,0,20,137
04/01/2014,BED,MA,ANE,EN,Towers with Radar,3,49,79,0,131,0,11,144,0,155,3,60,223,0,286,78,0,78,364
04/02/2014,BED,MA,ANE,EN,Towers with Radar,0,54,66,7,127,0,13,107,1,121,0,67,173,8,248,162,0,162,410
04/03/2014,BED,MA,ANE,EN,Towers with Radar,3,48,64,1,116,0,15,154,0,169,3,63,218,1,285,86,0,86,371
04/04/2014,BED,MA,ANE,EN,Towers with Radar,2,55,61,0,118,0,11,99,2,112,2,66,160,2,230,116,0,116,346
04/05/2014,BED,MA,ANE,EN,Towers with Radar,1,35,43,2,81,0,7,47,3,57,1,42,90,5,138,73,0,73,211
04/06/2014,BED,MA,ANE,EN,Towers with Radar,3,48,65,0,116,0,9,206,4,219,3,57,271,4,335,166,0,166,501
04/07/2014,BED,MA,ANE,EN,Towers with Radar,1,40,67,0,108,0,6,82,2,90,1,46,149,2,198,156,0,156,354
04/08/2014,BED,MA,ANE,EN,Towers with Radar,1,46,52,2,101,0,5,8,0,13,1,51,60,2,114,18,0,18,132
04/09/2014,BED,MA,ANE,EN,Towers with Radar,0,52,92,4,148,0,8,114,1,123,0,60,206,5,271,106,0,106,377
04/10/2014,BED,MA,ANE,EN,Towers with Radar,1,47,92,4,144,0,5,91,0,96,1,52,183,4,240,81,0,81,321
04/11/2014,BED,MA,ANE,EN,Towers with Radar,6,57,64,6,133,0,3,117,0,120,6,60,181,6,253,136,0,136,389
04/12/2014,BED,MA,ANE,EN,Towers with Radar,2,26,46,0,74,0,4,191,0,195,2,30,237,0,269,241,0,241,510
04/13/2014,BED,MA,ANE,EN,Towers with Radar,2,59,74,3,138,0,5,124,1,130,2,64,198,4,268,236,0,236,504
04/14/2014,BED,MA,ANE,EN,Towers with Radar,0,48,51,3,102,0,0,37,0,37,0,48,88,3,139,28,0,28,167
04/15/2014,BED,MA,ANE,EN,Towers with Radar,8,34,60,2,104,0,0,1,0,1,8,34,61,2,105,0,0,0,105
04/16/2014,BED,MA,ANE,EN,Towers with Radar,0,64,61,3,128,0,14,69,0,83,0,78,130,3,211,61,0,61,272
04/17/2014,BED,MA,ANE,EN,Towers with Radar,0,58,87,5,150,0,10,140,3,153,0,68,227,8,303,162,0,162,465
04/18/2014,BED,MA,ANE,EN,Towers with Radar,2,64,119,2,187,0,3,103,0,106,2,67,222,2,293,282,0,282,575
04/19/2014,BED,MA,ANE,EN,Towers with Radar,0,35,53,0,88,0,5,175,0,180,0,40,228,0,268,112,0,112,380
04/20/2014,BED,MA,ANE,EN,Towers with Radar,0,45,39,0,84,0,14,104,0,118,0,59,143,0,202,138,0,138,340
04/21/2014,BED,MA,ANE,EN,Towers with Radar,1,48,79,1,129,0,9,126,15,150,1,57,205,16,279,88,0,88,367
04/22/2014,BED,MA,ANE,EN,Towers with Radar,0,58,93,0,151,0,6,80,10,96,0,64,173,10,247,78,0,78,325
04/23/2014,BED,MA,ANE,EN,Towers with Radar,0,61,81,0,142,0,16,21,1,38,0,77,102,1,180,14,0,14,194
04/24/2014,BED,MA,ANE,EN,Towers with Radar,0,45,72,0,117,0,15,13,0,28,0,60,85,0,145,16,0,16,161
04/25/2014,BED,MA,ANE,EN,Towers with Radar,0,46,62,0,108,0,16,222,0,238,0,62,284,0,346,290,0,290,636
04/26/2014,BED,MA,ANE,EN,Towers with Radar,0,30,70,1,101,0,3,8,1,12,0,33,78,2,113,96,0,96,209
04/27/2014,BED,MA,ANE,EN,Towers with Radar,0,62,109,0,171,0,1,75,0,76,0,63,184,0,247,158,0,158,405
04/28/2014,BED,MA,ANE,EN,Towers with Radar,2,68,75,1,146,0,12,116,2,130,2,80,191,3,276,184,0,184,460
04/29/2014,BED,MA,ANE,EN,Towers with Radar,0,40,84,1,125,0,8,40,0,48,0,48,124,1,173,136,0,136,309
04/30/2014,BED,MA,ANE,EN,Towers with Radar,0,54,57,2,113,0,2,14,0,16,0,56,71,2,129,20,0,20,149
05/01/2014,BED,MA,ANE,EN,Towers with Radar,0,56,94,2,152,0,0,12,0,12,0,56,106,2,164,18,0,18,182
05/02/2014,BED,MA,ANE,EN,Towers with Radar,1,40,91,2,134,0,11,155,0,166,1,51,246,2,300,157,0,157,457
05/03/2014,BED,MA,ANE,EN,Towers with Radar,0,36,51,0,87,0,5,238,0,243,0,41,289,0,330,298,0,298,628
05/04/2014,BED,MA,ANE,EN,Towers with Radar,0,46,83,2,131,0,5,85,0,90,0,51,168,2,221,142,0,142,363
05/05/2014,BED,MA,ANE,EN,Towers with Radar,0,55,96,2,153,0,11,68,0,79,0,66,164,2,232,68,0,68,300
05/06/2014,BED,MA,ANE,EN,Towers with Radar,0,47,93,2,142,0,13,120,0,133,0,60,213,2,275,96,0,96,371
05/07/2014,BED,MA,ANE,EN,Towers with Radar,0,54,103,0,157,0,21,171,0,192,0,75,274,0,349,196,0,196,545
05/08/2014,BED,MA,ANE,EN,Towers with Radar,2,50,104,0,156,0,11,159,0,170,2,61,263,0,326,194,0,194,520
05/09/2014,BED,MA,ANE,EN,Towers with Radar,0,54,130,3,187,0,0,0,0,0,0,54,130,3,187,0,0,0,187
05/10/2014,BED,MA,ANE,EN,Towers with Radar,2,43,45,0,90,0,5,54,0,59,2,48,99,0,149,180,0,180,329
05/11/2014,BED,MA,ANE,EN,Towers with Radar,0,35,58,0,93,0,14,165,1,180,0,49,223,1,273,218,0,218,491
05/12/2014,BED,MA,ANE,EN,Towers with Radar,0,61,95,0,156,0,16,140,0,156,0,77,235,0,312,122,0,122,434
05/13/2014,BED,MA,ANE,EN,Towers with Radar,0,49,86,0,135,0,5,96,3,104,0,54,182,3,239,192,0,192,431
05/14/2014,BED,MA,ANE,EN,Towers with Radar,0,56,119,0,175,0,6,122,0,128,0,62,241,0,303,170,0,170,473
05/15/2014,BED,MA,ANE,EN,Towers with Radar,2,36,102,2,142,0,8,66,0,74,2,44,168,2,216,148,0,148,364
05/16/2014,BED,MA,ANE,EN,Towers with Radar,3,55,120,0,178,0,0,10,0,10,3,55,130,0,188,38,0,38,226
05/17/2014,BED,MA,ANE,EN,Towers with Radar,2,51,55,0,108,0,6,149,3,158,2,57,204,3,266,200,0,200,466
05/18/2014,BED,MA,ANE,EN,Towers with Radar,0,69,86,1,156,0,12,187,0,199,0,81,273,1,355,246,0,246,601
05/19/2014,BED,MA,ANE,EN,Towers with Radar,0,38,100,5,143,0,18,75,2,95,0,56,175,7,238,63,0,63,301
05/20/2014,BED,MA,ANE,EN,Towers with Radar,0,26,79,0,105,0,7,111,1,119,0,33,190,1,224,87,0,87,311
05/21/2014,BED,MA,ANE,EN,Towers with Radar,0,45,104,4,153,0,10,161,2,173,0,55,265,6,326,182,0,182,508
05/22/2014,BED,MA,ANE,EN,Towers with Radar,0,68,105,5,178,0,2,22,1,25,0,70,127,6,203,34,0,34,237
05/23/2014,BED,MA,ANE,EN,Towers with Radar,0,61,129,1,191,0,0,25,0,25,0,61,154,1,216,30,0,30,246
05/24/2014,BED,MA,ANE,EN,Towers with Radar,2,31,70,1,104,0,4,99,0,103,2,35,169,1,207,336,0,336,543
05/25/2014,BED,MA,ANE,EN,Towers with Radar,0,23,75,0,98,0,6,68,0,74,0,29,143,0,172,92,0,92,264
05/26/2014,BED,MA,ANE,EN,Towers with Radar,0,45,76,0,121,0,20,139,0,159,0,65,215,0,280,250,0,250,530
05/27/2014,BED,MA,ANE,EN,Towers with Radar,5,35,107,4,151,0,1,59,1,61,5,36,166,5,212,142,0,142,354
05/28/2014,BED,MA,ANE,EN,Towers with Radar,1,60,107,1,169,0,0,0,0,0,1,60,107,1,169,0,0,0,169
05/29/2014,BED,MA,ANE,EN,Towers with Radar,2,60,98,5,165,0,8,212,1,221,2,68,310,6,386,298,0,298,684
05/30/2014,BED,MA,ANE,EN,Towers with Radar,2,47,73,4,126,0,12,141,1,154,2,59,214,5,280,142,0,142,422
05/31/2014,BED,MA,ANE,EN,Towers with Radar,0,32,67,1,100,0,12,170,0,182,0,44,237,1,282,272,0,272,554
06/01/2014,BED,MA,ANE,EN,Towers with Radar,0,1,3,0,4,1,10,3,0,14,1,11,6,0,18,0,0,0,18
06/02/2014,BED,MA,ANE,EN,Towers with Radar,0,38,71,0,109,0,9,133,0,142,0,47,204,0,251,150,0,150,401
06/03/2014,BED,MA,ANE,EN,Towers with Radar,0,41,93,0,134,0,6,131,2,139,0,47,224,2,273,80,0,80,353
06/04/2014,BED,MA,ANE,EN,Towers with Radar,0,53,90,0,143,0,0,38,0,38,0,53,128,0,181,156,0,156,337
06/05/2014,BED,MA,ANE,EN,Towers with Radar,0,50,83,0,133,0,0,0,0,0,0,50,83,0,133,0,0,0,133
06/06/2014,BED,MA,ANE,EN,Towers with Radar,0,49,78,5,132,0,7,163,0,170,0,56,241,5,302,86,0,86,388
06/07/2014,BED,MA,ANE,EN,Towers with Radar,0,37,35,0,72,0,7,284,0,291,0,44,319,0,363,322,0,322,685
06/08/2014,BED,MA,ANE,EN,Towers with Radar,1,41,50,3,95,0,8,233,2,243,1,49,283,5,338,264,0,264,602
06/09/2014,BED,MA,ANE,EN,Towers with Radar,0,45,83,3,131,0,8,138,5,151,0,53,221,8,282,170,19,189,471
06/10/2014,BED,MA,ANE,EN,Towers with Radar,0,52,121,1,174,0,3,35,0,38,0,55,156,1,212,90,0,90,302
06/11/2014,BED,MA,ANE,EN,Towers with Radar,0,58,88,0,146,0,6,85,0,91,0,64,173,0,237,178,0,178,415
06/12/2014,BED,MA,ANE,EN,Towers with Radar,0,47,92,0,139,0,6,45,0,51,0,53,137,0,190,292,0,292,482
06/13/2014,BED,MA,ANE,EN,Towers with Radar,0,64,60,1,125,0,0,0,0,0,0,64,60,1,125,0,0,0,125
06/14/2014,BED,MA,ANE,EN,Towers with Radar,0,37,113,2,152,0,4,67,1,72,0,41,180,3,224,218,0,218,442
06/15/2014,BED,MA,ANE,EN,Towers with Radar,0,54,65,2,121,0,9,186,0,195,0,63,251,2,316,148,0,148,464
06/16/2014,BED,MA,ANE,EN,Towers with Radar,0,44,93,3,140,0,16,168,1,185,0,60,261,4,325,164,0,164,489
06/17/2014,BED,MA,ANE,EN,Towers with Radar,0,53,98,2,153,0,10,147,3,160,0,63,245,5,313,168,0,168,481
06/18/2014,BED,MA,ANE,EN,Towers with Radar,0,49,91,0,140,0,10,98,5,113,0,59,189,5,253,190,0,190,443
06/19/2014,BED,MA,ANE,EN,Towers with Radar,0,46,79,4,129,0,8,156,0,164,0,54,235,4,293,167,0,167,460
06/20/2014,BED,MA,ANE,EN,Towers with Radar,2,56,89,4,151,0,14,195,7,216,2,70,284,11,367,174,0,174,541
06/21/2014,BED,MA,ANE,EN,Towers with Radar,0,27,48,0,75,0,6,208,0,214,0,33,256,0,289,158,0,158,447
06/22/2014,BED,MA,ANE,EN,Towers with Radar,0,34,79,5,118,0,16,182,0,198,0,50,261,5,316,154,0,154,470
06/23/2014,BED,MA,ANE,EN,Towers with Radar,0,53,78,1,132,0,18,137,0,155,0,71,215,1,287,108,0,108,395
06/24/2014,BED,MA,ANE,EN,Towers with Radar,0,40,84,0,124,0,6,161,0,167,0,46,245,0,291,196,0,196,487
06/25/2014,BED,MA,ANE,EN,Towers with Radar,0,46,92,0,138,0,4,107,0,111,0,50,199,0,249,136,0,136,385
06/26/2014,BED,MA,ANE,EN,Towers with Radar,0,60,109,0,169,0,3,23,0,26,0,63,132,0,195,64,0,64,259
06/27/2014,BED,MA,ANE,EN,Towers with Radar,0,54,94,1,149,0,12,207,4,223,0,66,301,5,372,172,0,172,544
06/28/2014,BED,MA,ANE,EN,Towers with Radar,0,32,42,0,74,0,7,250,0,257,0,39,292,0,331,176,0,176,507
06/29/2014,BED,MA,ANE,EN,Towers with Radar,1,41,77,1,120,0,10,182,1,193,1,51,259,2,313,180,0,180,493
06/30/2014,BED,MA,ANE,EN,Towers with Radar,0,40,66,1,107,0,14,107,0,121,0,54,173,1,228,72,0,72,300
07/01/2014,BED,MA,ANE,EN,Towers with Radar,0,33,67,0,100,0,10,107,0,117,0,43,174,0,217,92,0,92,309
07/02/2014,BED,MA,ANE,EN,Towers with Radar,0,46,68,0,114,0,8,113,0,121,0,54,181,0,235,152,0,152,387
07/03/2014,BED,MA,ANE,EN,Towers with Radar,0,49,70,0,119,0,4,34,0,38,0,53,104,0,157,70,0,70,227
07/04/2014,BED,MA,ANE,EN,Towers with Radar,0,7,29,0,36,0,1,42,0,43,0,8,71,0,79,10,0,10,89
07/05/2014,BED,MA,ANE,EN,Towers with Radar,0,25,29,0,54,0,7,13,0,20,0,32,42,0,74,2,0,2,76
07/06/2014,BED,MA,ANE,EN,Towers with Radar,0,30,70,0,100,0,10,157,0,167,0,40,227,0,267,78,0,78,345
07/07/2014,BED,MA,ANE,EN,Towers with Radar,0,40,65,1,106,0,19,124,0,143,0,59,189,1,249,80,0,80,329
07/08/2014,BED,MA,ANE,EN,Towers with Radar,2,40,78,2,122,0,12,99,1,112,2,52,177,3,234,84,0,84,318
07/09/2014,BED,MA,ANE,EN,Towers with Radar,2,42,54,0,98,0,18,101,0,119,2,60,155,0,217,214,0,214,431
07/10/2014,BED,MA,ANE,EN,Towers with Radar,2,33,62,2,99,0,12,130,3,145,2,45,192,5,244,218,0,218,462
07/11/2014,BED,MA,ANE,EN,Towers with Radar,0,39,63,1,103,0,12,236,0,248,0,51,299,1,351,204,0,204,555
07/12/2014,BED,MA,ANE,EN,Towers with Radar,0,29,31,0,60,0,9,220,0,229,0,38,251,0,289,254,0,254,543
07/13/2014,BED,MA,ANE,EN,Towers with Radar,0,45,49,3,97,0,11,149,1,161,0,56,198,4,258,184,0,184,442
07/14/2014,BED,MA,ANE,EN,Towers with Radar,0,46,62,0,108,0,2,40,0,42,0,48,102,0,150,60,0,60,210
07/15/2014,BED,MA,ANE,EN,Towers with Radar,0,46,70,0,116,0,4,18,0,22,0,50,88,0,138,10,0,10,148
07/16/2014,BED,MA,ANE,EN,Towers with Radar,0,61,79,0,140,0,0,9,0,9,0,61,88,0,149,24,0,24,173
07/17/2014,BED,MA,ANE,EN,Towers with Radar,0,42,92,0,134,0,16,200,3,219,0,58,292,3,353,218,0,218,571
07/18/2014,BED,MA,ANE,EN,Towers with Radar,2,54,75,1,132,0,13,192,2,207,2,67,267,3,339,222,0,222,561
07/19/2014,BED,MA,ANE,EN,Towers with Radar,0,28,32,1,61,0,16,195,1,212,0,44,227,2,273,268,0,268,541
07/20/2014,BED,MA,ANE,EN,Towers with Radar,0,59,79,5,143,0,16,173,0,189,0,75,252,5,332,206,0,206,538
07/21/2014,BED,MA,ANE,EN,Towers with Radar,0,48,70,1,119,0,6,118,0,124,0,54,188,1,243,146,0,146,389
07/22/2014,BED,MA,ANE,EN,Towers with Radar,0,32,94,1,127,0,9,146,1,156,0,41,240,2,283,140,0,140,423
07/23/2014,BED,MA,ANE,EN,Towers with Radar,0,41,61,6,108,0,22,109,2,133,0,63,170,8,241,162,0,162,403
07/24/2014,BED,MA,ANE,EN,Towers with Radar,0,59,104,2,165,0,8,83,0,91,0,67,187,2,256,104,0,104,360
07/25/2014,BED,MA,ANE,EN,Towers with Radar,0,43,77,2,122,0,16,207,0,223,0,59,284,2,345,298,0,298,643
07/26/2014,BED,MA,ANE,EN,Towers with Radar,0,29,42,0,71,0,8,214,0,222,0,37,256,0,293,273,0,273,566
07/27/2014,BED,MA,ANE,EN,Towers with Radar,0,55,62,0,117,0,1,22,0,23,0,56,84,0,140,6,0,6,146
07/28/2014,BED,MA,ANE,EN,Towers with Radar,0,56,59,0,115,0,0,28,0,28,0,56,87,0,143,66,0,66,209
07/29/2014,BED,MA,ANE,EN,Towers with Radar,0,38,57,2,97,0,7,167,1,175,0,45,224,3,272,162,0,162,434
07/30/2014,BED,MA,ANE,EN,Towers with Radar,0,52,66,0,118,0,11,151,0,162,0,63,217,0,280,186,0,186,466
07/31/2014,BED,MA,ANE,EN,Towers with Radar,0,43,64,0,107,0,15,123,3,141,0,58,187,3,248,196,0,196,444
08/01/2014,BED,MA,ANE,EN,Towers with Radar,0,64,66,3,133,0,16,113,0,129,0,80,179,3,262,180,0,180,442
08/02/2014,BED,MA,ANE,EN,Towers with Radar,0,44,52,2,98,0,0,49,0,49,0,44,101,2,147,84,0,84,231
08/03/2014,BED,MA,ANE,EN,Towers with Radar,0,45,91,1,137,0,4,145,0,149,0,49,236,1,286,360,0,360,646
08/04/2014,BED,MA,ANE,EN,Towers with Radar,0,45,70,0,115,0,15,107,1,123,0,60,177,1,238,130,0,130,368
08/05/2014,BED,MA,ANE,EN,Towers with Radar,0,47,72,0,119,0,15,151,2,168,0,62,223,2,287,182,0,182,469
08/06/2014,BED,MA,ANE,EN,Towers with Radar,0,52,53,0,105,0,10,104,0,114,0,62,157,0,219,118,0,118,337
08/07/2014,BED,MA,ANE,EN,Towers with Radar,0,44,77,2,123,0,4,97,0,101,0,48,174,2,224,218,0,218,442
08/08/2014,BED,MA,ANE,EN,Towers with Radar,0,38,70,0,108,0,25,162,0,187,0,63,232,0,295,136,0,136,431
08/09/2014,BED,MA,ANE,EN,Towers with Radar,0,43,49,2,94,0,15,174,0,189,0,58,223,2,283,158,0,158,441
08/10/2014,BED,MA,ANE,EN,Towers with Radar,0,44,55,0,99,0,16,192,0,208,0,60,247,0,307,164,0,164,471
08/11/2014,BED,MA,ANE,EN,Towers with Radar,0,56,68,0,124,0,12,145,0,157,0,68,213,0,281,158,0,158,439
08/12/2014,BED,MA,ANE,EN,Towers with Radar,0,43,93,6,142,0,5,114,0,119,0,48,207,6,261,160,0,160,421
08/13/2014,BED,MA,ANE,EN,Towers with Radar,0,36,67,0,103,0,0,0,0,0,0,36,67,0,103,0,0,0,103
08/14/2014,BED,MA,ANE,EN,Towers with Radar,0,52,78,4,134,0,23,186,1,210,0,75,264,5,344,214,0,214,558
08/15/2014,BED,MA,ANE,EN,Towers with Radar,0,35,49,0,84,0,9,169,4,182,0,44,218,4,266,168,0,168,434
08/16/2014,BED,MA,ANE,EN,Towers with Radar,0,44,58,0,102,0,11,158,1,170,0,55,216,1,272,210,0,210,482
08/17/2014,BED,MA,ANE,EN,Towers with Radar,0,49,69,0,118,0,13,120,0,133,0,62,189,0,251,160,0,160,411
08/18/2014,BED,MA,ANE,EN,Towers with Radar,0,43,61,1,105,0,21,98,0,119,0,64,159,1,224,92,0,92,316
08/19/2014,BED,MA,ANE,EN,Towers with Radar,0,33,46,2,81,0,15,150,0,165,0,48,196,2,246,207,0,207,453
08/20/2014,BED,MA,ANE,EN,Towers with Radar,1,51,58,3,113,0,5,142,0,147,1,56,200,3,260,120,0,120,380
08/21/2014,BED,MA,ANE,EN,Towers with Radar,0,48,109,2,159,0,8,81,1,90,0,56,190,3,249,84,0,84,333
08/22/2014,BED,MA,ANE,EN,Towers with Radar,0,48,71,2,121,0,6,51,0,57,0,54,122,2,178,80,0,80,258
08/23/2014,BED,MA,ANE,EN,Towers with Radar,0,28,55,0,83,0,6,149,0,155,0,34,204,0,238,284,0,284,522
08/24/2014,BED,MA,ANE,EN,Towers with Radar,1,30,65,4,100,0,10,233,1,244,1,40,298,5,344,228,0,228,572
08/25/2014,BED,MA,ANE,EN,Towers with Radar,0,36,71,2,109,0,15,153,0,168,0,51,224,2,277,124,0,124,401
08/26/2014,BED,MA,ANE,EN,Towers with Radar,0,50,85,1,136,0,12,151,0,163,0,62,236,1,299,172,0,172,471
08/27/2014,BED,MA,ANE,EN,Towers with Radar,2,36,83,1,122,0,7,118,4,129,2,43,201,5,251,146,0,146,397
08/28/2014,BED,MA,ANE,EN,Towers with Radar,0,43,97,9,149,0,11,154,3,168,0,54,251,12,317,132,0,132,449
08/29/2014,BED,MA,ANE,EN,Towers with Radar,0,35,76,0,111,0,16,170,0,186,0,51,246,0,297,160,0,160,457
08/30/2014,BED,MA,ANE,EN,Towers with Radar,0,25,52,0,77,0,10,188,0,198,0,35,240,0,275,336,0,336,611
08/31/2014,BED,MA,ANE,EN,Towers with Radar,0,29,67,0,96,0,2,63,0,65,0,31,130,0,161,144,0,144,305
09/01/2014,BED,MA,ANE,EN,Towers with Radar,0,40,75,0,115,0,17,119,1,137,0,57,194,1,252,176,0,176,428
09/02/2014,BED,MA,ANE,EN,Towers with Radar,0,39,60,2,101,0,4,83,0,87,0,43,143,2,188,90,0,90,278
09/03/2014,BED,MA,ANE,EN,Towers with Radar,0,52,84,0,136,0,13,111,0,124,0,65,195,0,260,90,0,90,350
09/04/2014,BED,MA,ANE,EN,Towers with Radar,2,33,86,0,121,0,17,136,3,156,2,50,222,3,277,146,0,146,423
09/05/2014,BED,MA,ANE,EN,Towers with Radar,1,51,76,0,128,0,21,168,1,190,1,72,244,1,318,210,0,210,528
09/06/2014,BED,MA,ANE,EN,Towers with Radar,0,33,50,0,83,0,3,103,0,106,0,36,153,0,189,276,0,276,465
09/07/2014,BED,MA,ANE,EN,Towers with Radar,0,42,80,0,122,0,16,220,0,236,0,58,300,0,358,184,0,184,542
09/08/2014,BED,MA,ANE,EN,Towers with Radar,1,45,74,1,121,0,17,142,0,159,1,62,216,1,280,124,0,124,404
09/09/2014,BED,MA,ANE,EN,Towers with Radar,0,35,63,4,102,0,7,129,0,136,0,42,192,4,238,152,0,152,390
09/10/2014,BED,MA,ANE,EN,Towers with Radar,0,45,115,0,160,0,3,43,2,48,0,48,158,2,208,156,0,156,364
09/11/2014,BED,MA,ANE,EN,Towers with Radar,2,40,80,2,124,0,12,53,2,67,2,52,133,4,191,84,6,90,281
09/12/2014,BED,MA,ANE,EN,Towers with Radar,2,42,72,0,116,0,11,149,0,160,2,53,221,0,276,124,0,124,400
09/13/2014,BED,MA,ANE,EN,Towers with Radar,0,52,149,2,203,0,6,152,3,161,0,58,301,5,364,318,0,318,682
09/14/2014,BED,MA,ANE,EN,Towers with Radar,0,87,116,0,203,0,16,245,0,261,0,103,361,0,464,134,0,134,598
09/15/2014,BED,MA,ANE,EN,Towers with Radar,2,41,79,0,122,0,13,103,0,116,2,54,182,0,238,168,0,168,406
09/16/2014,BED,MA,ANE,EN,Towers with Radar,0,46,98,0,144,0,3,50,0,53,0,49,148,0,197,96,0,96,293
09/17/2014,BED,MA,ANE,EN,Towers with Radar,0,29,76,1,106,0,11,143,0,154,0,40,219,1,260,156,0,156,416
09/18/2014,BED,MA,ANE,EN,Towers with Radar,0,59,104,1,164,0,6,161,3,170,0,65,265,4,334,152,0,152,486
09/19/2014,BED,MA,ANE,EN,Towers with Radar,0,40,92,6,138,0,19,189,1,209,0,59,281,7,347,176,0,176,523
09/20/2014,BED,MA,ANE,EN,Towers with Radar,0,40,69,3,112,0,11,206,0,217,0,51,275,3,329,134,0,134,463
09/21/2014,BED,MA,ANE,EN,Towers with Radar,0,61,119,1,181,0,1,66,1,68,0,62,185,2,249,60,0,60,309
09/22/2014,BED,MA,ANE,EN,Towers with Radar,0,43,92,6,141,0,17,88,1,106,0,60,180,7,247,78,0,78,325
09/23/2014,BED,MA,ANE,EN,Towers with Radar,2,48,116,0,166,0,8,162,0,170,2,56,278,0,336,158,0,158,494
09/24/2014,BED,MA,ANE,EN,Towers with Radar,0,32,91,0,123,0,10,139,0,149,0,42,230,0,272,238,0,238,510
09/25/2014,BED,MA,ANE,EN,Towers with Radar,1,50,82,0,133,0,7,59,0,66,1,57,141,0,199,166,0,166,365
09/26/2014,BED,MA,ANE,EN,Towers with Radar,2,39,83,3,127,0,18,153,1,172,2,57,236,4,299,148,0,148,447
09/27/2014,BED,MA,ANE,EN,Towers with Radar,1,23,49,1,74,0,10,275,1,286,1,33,324,2,360,267,0,267,627
09/28/2014,BED,MA,ANE,EN,Towers with Radar,0,55,70,5,130,0,25,249,0,274,0,80,319,5,404,242,0,242,646
09/29/2014,BED,MA,ANE,EN,Towers with Radar,0,58,94,0,152,0,2,81,0,83,0,60,175,0,235,104,0,104,339
09/30/2014,BED,MA,ANE,EN,Towers with Radar,0,49,94,0,143,0,0,0,0,0,0,49,94,0,143,0,0,0,143
10/01/2014,BED,MA,ANE,EN,Towers with Radar,0,69,98,0,167,0,0,0,0,0,0,69,98,0,167,0,0,0,167
10/02/2014,BED,MA,ANE,EN,Towers with Radar,0,75,100,0,175,0,7,3,0,10,0,82,103,0,185,0,0,0,185
10/03/2014,BED,MA,ANE,EN,Towers with Radar,0,41,85,1,127,0,6,62,0,68,0,47,147,1,195,109,0,109,304
10/04/2014,BED,MA,ANE,EN,Towers with Radar,2,27,56,0,85,0,0,0,0,0,2,27,56,0,85,0,0,0,85
10/05/2014,BED,MA,ANE,EN,Towers with Radar,0,41,58,1,100,0,9,231,0,240,0,50,289,1,340,186,0,186,526
10/06/2014,BED,MA,ANE,EN,Towers with Radar,0,39,77,0,116,0,8,145,1,154,0,47,222,1,270,160,0,160,430
10/07/2014,BED,MA,ANE,EN,Towers with Radar,0,48,99,1,148,0,9,64,0,73,0,57,163,1,221,30,0,30,251
10/08/2014,BED,MA,ANE,EN,Towers with Radar,0,41,83,0,124,0,5,73,0,78,0,46,156,0,202,92,0,92,294
10/09/2014,BED,MA,ANE,EN,Towers with Radar,0,44,79,2,125,0,26,135,1,162,0,70,214,3,287,104,0,104,391
10/10/2014,BED,MA,ANE,EN,Towers with Radar,0,63,104,6,173,0,22,191,0,213,0,85,295,6,386,192,4,196,582
10/11/2014,BED,MA,ANE,EN,Towers with Radar,0,31,82,1,114,0,3,47,0,50,0,34,129,1,164,90,0,90,254
10/12/2014,BED,MA,ANE,EN,Towers with Radar,0,25,60,0,85,0,6,202,1,209,0,31,262,1,294,236,0,236,530
10/13/2014,BED,MA,ANE,EN,Towers with Radar,0,59,114,0,173,0,12,159,0,171,0,71,273,0,344,173,0,173,517
10/14/2014,BED,MA,ANE,EN,Towers with Radar,1,74,98,0,173,0,2,69,0,71,1,76,167,0,244,66,0,66,310
10/15/2014,BED,MA,ANE,EN,Towers with Radar,0,53,98,0,151,0,10,33,0,43,0,63,131,0,194,62,0,62,256
10/16/2014,BED,MA,ANE,EN,Towers with Radar,0,65,74,0,139,0,0,0,0,0,0,65,74,0,139,0,0,0,139
10/17/2014,BED,MA,ANE,EN,Towers with Radar,2,55,91,0,148,0,12,131,0,143,2,67,222,0,291,99,0,99,390
10/18/2014,BED,MA,ANE,EN,Towers with Radar,3,41,71,2,117,0,8,120,0,128,3,49,191,2,245,318,0,318,563
10/19/2014,BED,MA,ANE,EN,Towers with Radar,2,48,78,0,128,0,12,117,0,129,2,60,195,0,257,110,0,110,367
10/20/2014,BED,MA,ANE,EN,Towers with Radar,1,46,78,2,127,0,21,147,1,169,1,67,225,3,296,94,0,94,390
10/21/2014,BED,MA,ANE,EN,Towers with Radar,1,50,73,1,125,0,7,38,0,45,1,57,111,1,170,132,0,132,302
10/22/2014,BED,MA,ANE,EN,Towers with Radar,0,57,74,0,131,0,0,0,0,0,0,57,74,0,131,0,0,0,131
10/23/2014,BED,MA,ANE,EN,Towers with Radar,1,50,96,0,147,0,0,0,0,0,1,50,96,0,147,0,0,0,147
10/24/2014,BED,MA,ANE,EN,Towers with Radar,0,71,89,1,161,0,0,27,0,27,0,71,116,1,188,94,0,94,282
10/25/2014,BED,MA,ANE,EN,Towers with Radar,0,38,51,0,89,0,10,232,0,242,0,48,283,0,331,350,0,350,681
10/26/2014,BED,MA,ANE,EN,Towers with Radar,0,62,79,1,142,0,3,125,0,128,0,65,204,1,270,177,0,177,447
10/27/2014,BED,MA,ANE,EN,Towers with Radar,0,46,88,2,136,0,14,127,0,141,0,60,215,2,277,140,0,140,417
10/28/2014,BED,MA,ANE,EN,Towers with Radar,0,67,78,0,145,0,6,130,1,137,0,73,208,1,282,108,0,108,390
10/29/2014,BED,MA,ANE,EN,Towers with Radar,2,44,86,2,134,0,10,47,2,59,2,54,133,4,193,102,0,102,295
10/30/2014,BED,MA,ANE,EN,Towers with Radar,2,40,87,2,131,0,16,136,0,152,2,56,223,2,283,130,0,130,413
10/31/2014,BED,MA,ANE,EN,Towers with Radar,1,46,72,2,121,0,5,121,0,126,1,51,193,2,247,108,0,108,355
11/01/2014,BED,MA,ANE,EN,Towers with Radar,0,24,42,0,66,0,0,21,0,21,0,24,63,0,87,72,0,72,159
11/02/2014,BED,MA,ANE,EN,Towers with Radar,0,31,41,0,72,0,0,5,0,5,0,31,46,0,77,22,0,22,99
11/03/2014,BED,MA,ANE,EN,Towers with Radar,0,40,62,0,102,0,12,54,0,66,0,52,116,0,168,12,0,12,180
11/04/2014,BED,MA,ANE,EN,Towers with Radar,2,40,70,0,112,0,5,131,0,136,2,45,201,0,248,162,0,162,410
11/05/2014,BED,MA,ANE,EN,Towers with Radar,2,36,70,5,113,0,6,144,0,150,2,42,214,5,263,154,0,154,417
11/06/2014,BED,MA,ANE,EN,Towers with Radar,1,61,105,4,171,0,3,29,0,32,1,64,134,4,203,82,0,82,285
11/07/2014,BED,MA,ANE,EN,Towers with Radar,1,56,72,3,132,0,8,47,0,55,1,64,119,3,187,76,0,76,263
11/08/2014,BED,MA,ANE,EN,Towers with Radar,0,29,46,0,75,0,10,225,0,235,0,39,271,0,310,282,0,282,592
11/09/2014,BED,MA,ANE,EN,Towers with Radar,0,48,68,0,116,0,13,245,1,259,0,61,313,1,375,248,0,248,623
11/10/2014,BED,MA,ANE,EN,Towers with Radar,0,30,72,0,102,0,14,107,0,121,0,44,179,0,223,126,0,126,349
11/11/2014,BED,MA,ANE,EN,Towers with Radar,3,43,101,0,147,0,2,124,0,126,3,45,225,0,273,270,0,270,543
11/12/2014,BED,MA,ANE,EN,Towers with Radar,0,50,83,0,133,0,4,31,0,35,0,54,114,0,168,30,0,30,198
11/13/2014,BED,MA,ANE,EN,Towers with Radar,2,53,78,0,133,0,23,126,0,149,2,76,204,0,282,150,0,150,432
11/14/2014,BED,MA,ANE,EN,Towers with Radar,1,57,74,0,132,0,6,63,0,69,1,63,137,0,201,118,0,118,319
11/15/2014,BED,MA,ANE,EN,Towers with Radar,1,21,41,0,63,0,9,205,0,214,1,30,246,0,277,288,0,288,565
11/16/2014,BED,MA,ANE,EN,Towers with Radar,2,49,70,0,121,0,7,171,0,178,2,56,241,0,299,304,0,304,603
11/17/2014,BED,MA,ANE,EN,Towers with Radar,0,28,63,0,91,0,0,0,0,0,0,28,63,0,91,0,0,0,91
11/18/2014,BED,MA,ANE,EN,Towers with Radar,1,33,71,0,105,0,7,55,1,63,1,40,126,1,168,42,2,44,212
11/19/2014,BED,MA,ANE,EN,Towers with Radar,0,35,80,0,115,0,11,84,1,96,0,46,164,1,211,167,0,167,378
11/20/2014,BED,MA,ANE,EN,Towers with Radar,2,38,88,2,130,0,12,79,0,91,2,50,167,2,221,40,2,42,263
11/21/2014,BED,MA,ANE,EN,Towers with Radar,0,54,76,0,130,0,3,88,0,91,0,57,164,0,221,76,0,76,297
11/22/2014,BED,MA,ANE,EN,Towers with Radar,1,32,46,0,79,0,4,157,0,161,1,36,203,0,240,118,0,118,358
11/23/2014,BED,MA,ANE,EN,Towers with Radar,0,34,64,0,98,0,7,218,0,225,0,41,282,0,323,278,0,278,601
11/24/2014,BED,MA,ANE,EN,Towers with Radar,1,44,41,0,86,0,0,2,0,2,1,44,43,0,88,4,0,4,92
11/25/2014,BED,MA,ANE,EN,Towers with Radar,4,64,106,0,174,0,12,132,2,146,4,76,238,2,320,198,0,198,518
11/26/2014,BED,MA,ANE,EN,Towers with Radar,0,49,65,0,114,0,0,6,0,6,0,49,71,0,120,12,0,12,132
11/27/2014,BED,MA,ANE,EN,Towers with Radar,0,28,34,0,62,0,2,11,0,13,0,30,45,0,75,6,0,6,81
11/28/2014,BED,MA,ANE,EN,Towers with Radar,0,36,37,0,73,0,11,52,0,63,0,47,89,0,136,74,0,74,210
11/29/2014,BED,MA,ANE,EN,Towers with Radar,0,49,65,0,114,0,10,173,0,183,0,59,238,0,297,218,0,218,515
11/30/2014,BED,MA,ANE,EN,Towers with Radar,1,91,143,0,235,0,6,162,0,168,1,97,305,0,403,166,0,166,569
12/01/2014,BED,MA,ANE,EN,Towers with Radar,2,50,81,2,135,0,8,71,0,79,2,58,152,2,214,122,0,122,336
12/02/2014,BED,MA,ANE,EN,Towers with Radar,0,48,84,0,132,0,8,83,0,91,0,56,167,0,223,202,0,202,425
12/03/2014,BED,MA,ANE,EN,Towers with Radar,0,65,75,0,140,0,1,0,0,1,0,66,75,0,141,0,0,0,141
12/04/2014,BED,MA,ANE,EN,Towers with Radar,0,52,95,5,152,0,22,172,0,194,0,74,267,5,346,252,0,252,598
12/05/2014,BED,MA,ANE,EN,Towers with Radar,3,39,87,2,131,0,13,116,0,129,3,52,203,2,260,254,0,254,514
12/06/2014,BED,MA,ANE,EN,Towers with Radar,0,33,32,0,65,0,0,0,0,0,0,33,32,0,65,0,0,0,65
12/07/2014,BED,MA,ANE,EN,Towers with Radar,4,48,60,1,113,0,5,136,1,142,4,53,196,2,255,154,0,154,409
12/08/2014,BED,MA,ANE,EN,Towers with Radar,0,45,85,4,134,0,0,23,0,23,0,45,108,4,157,68,0,68,225
12/09/2014,BED,MA,ANE,EN,Towers with Radar,0,40,60,2,102,0,0,0,0,0,0,40,60,2,102,0,0,0,102
12/10/2014,BED,MA,ANE,EN,Towers with Radar,0,44,68,2,114,0,0,0,0,0,0,44,68,2,114,0,0,0,114
12/11/2014,BED,MA,ANE,EN,Towers with Radar,0,55,96,1,152,0,0,3,0,3,0,55,99,1,155,6,0,6,161
12/12/2014,BED,MA,ANE,EN,Towers with Radar,4,42,65,4,115,0,14,92,0,106,4,56,157,4,221,150,0,150,371
12/13/2014,BED,MA,ANE,EN,Towers with Radar,2,24,34,0,60,0,2,141,0,143,2,26,175,0,203,292,0,292,495
12/14/2014,BED,MA,ANE,EN,Towers with Radar,2,30,55,1,88,0,11,172,0,183,2,41,227,1,271,292,0,292,563
12/15/2014,BED,MA,ANE,EN,Towers with Radar,0,33,77,0,110,0,13,120,0,133,0,46,197,0,243,164,0,164,407
12/16/2014,BED,MA,ANE,EN,Towers with Radar,1,49,79,0,129,0,3,13,0,16,1,52,92,0,145,70,2,72,217
12/17/2014,BED,MA,ANE,EN,Towers with Radar,0,51,95,2,148,0,0,14,0,14,0,51,109,2,162,4,0,4,166
12/18/2014,BED,MA,ANE,EN,Towers with Radar,2,41,79,3,125,0,8,66,0,74,2,49,145,3,199,120,2,122,321
12/19/2014,BED,MA,ANE,EN,Towers with Radar,2,60,85,0,147,0,11,156,0,167,2,71,241,0,314,136,0,136,450
12/20/2014,BED,MA,ANE,EN,Towers with Radar,2,44,56,0,102,0,1,141,0,142,2,45,197,0,244,248,0,248,492
12/21/2014,BED,MA,ANE,EN,Towers with Radar,0,27,50,0,77,0,3,65,0,68,0,30,115,0,145,202,0,202,347
12/22/2014,BED,MA,ANE,EN,Towers with Radar,0,69,49,0,118,0,1,19,0,20,0,70,68,0,138,92,0,92,230
12/23/2014,BED,MA,ANE,EN,Towers with Radar,0,46,49,0,95,0,0,0,0,0,0,46,49,0,95,0,0,0,95
12/24/2014,BED,MA,ANE,EN,Towers with Radar,1,28,10,0,39,0,0,0,0,0,1,28,10,0,39,0,0,0,39
12/25/2014,BED,MA,ANE,EN,Towers with Radar,1,33,10,0,44,0,0,1,0,1,1,33,11,0,45,0,0,0,45
12/26/2014,BED,MA,ANE,EN,Towers with Radar,3,55,56,0,114,0,8,129,0,137,3,63,185,0,251,88,0,88,339
12/27/2014,BED,MA,ANE,EN,Towers with Radar,1,42,60,0,103,0,5,180,0,185,1,47,240,0,288,222,0,222,510
12/28/2014,BED,MA,ANE,EN,Towers with Radar,2,35,38,0,75,0,5,56,0,61,2,40,94,0,136,106,0,106,242
12/29/2014,BED,MA,ANE,EN,Towers with Radar,0,20,33,0,53,0,9,86,0,95,0,29,119,0,148,116,0,116,264
12/30/2014,BED,MA,ANE,EN,Towers with Radar,2,29,41,0,72,0,3,145,0,148,2,32,186,0,220,166,0,166,386
12/31/2014,BED,MA,ANE,EN,Towers with Radar,0,17,22,0,39,0,9,103,0,112,0,26,125,0,151,144,0,144,295
01/01/2015,BED,MA,ANE,EN,Towers with Radar,0,11,23,0,34,0,4,42,0,46,0,15,65,0,80,86,0,86,166
01/02/2015,BED,MA,ANE,EN,Towers with Radar,1,48,53,0,102,0,9,95,0,104,1,57,148,0,206,116,0,116,322
01/03/2015,BED,MA,ANE,EN,Towers with Radar,2,41,62,0,105,0,2,120,0,122,2,43,182,0,227,224,0,224,451
01/04/2015,BED,MA,ANE,EN,Towers with Radar,3,62,61,0,126,0,0,1,0,1,3,62,62,0,127,0,0,0,127
01/05/2015,BED,MA,ANE,EN,Towers with Radar,2,48,40,0,90,0,4,19,0,23,2,52,59,0,113,0,0,0,113
01/06/2015,BED,MA,ANE,EN,Towers with Radar,0,29,43,0,72,0,1,26,0,27,0,30,69,0,99,90,0,90,189
01/07/2015,BED,MA,ANE,EN,Towers with Radar,0,46,55,3,104,0,8,46,0,54,0,54,101,3,158,78,0,78,236
01/08/2015,BED,MA,ANE,EN,Towers with Radar,0,42,69,2,113,0,20,55,0,75,0,62,124,2,188,42,0,42,230
01/09/2015,BED,MA,ANE,EN,Towers with Radar,0,39,51,8,98,0,1,15,0,16,0,40,66,8,114,0,0,0,114
01/10/2015,BED,MA,ANE,EN,Towers with Radar,0,31,31,3,65,0,1,143,2,146,0,32,174,5,211,184,0,184,395
01/11/2015,BED,MA,ANE,EN,Towers with Radar,0,47,59,2,108,0,6,125,0,131,0,53,184,2,239,174,0,174,413
01/12/2015,BED,MA,ANE,EN,Towers with Radar,0,55,52,1,108,0,0,3,0,3,0,55,55,1,111,16,0,16,127
01/13/2015,BED,MA,ANE,EN,Towers with Radar,0,30,45,4,79,0,10,75,0,85,0,40,120,4,164,158,0,158,322
01/14/2015,BED,MA,ANE,EN,Towers with Radar,0,44,49,2,95,0,2,23,0,25,0,46,72,2,120,128,0,128,248
01/15/2015,BED,MA,ANE,EN,Towers with Radar,2,62,61,2,127,0,0,6,0,6,2,62,67,2,133,2,0,2,135
01/16/2015,BED,MA,ANE,EN,Towers with Radar,0,60,66,2,128,0,4,43,0,47,0,64,109,2,175,50,0,50,225
01/17/2015,BED,MA,ANE,EN,Towers with Radar,1,26,49,0,76,0,10,147,0,157,1,36,196,0,233,210,0,210,443
01/18/2015,BED,MA,ANE,EN,Towers with Radar,1,32,38,2,73,0,0,9,0,9,1,32,47,2,82,58,0,58,140
01/19/2015,BED,MA,ANE,EN,Towers with Radar,1,71,77,2,151,0,19,107,0,126,1,90,184,2,277,126,0,126,403
01/20/2015,BED,MA,ANE,EN,Towers with Radar,2,44,63,1,110,0,13,87,2,102,2,57,150,3,212,112,0,112,324
01/21/2015,BED,MA,ANE,EN,Towers with Radar,0,44,67,0,111,0,20,93,2,115,0,64,160,2,226,150,0,150,376
01/22/2015,BED,MA,ANE,EN,Towers with Radar,3,43,62,1,109,0,5,97,3,105,3,48,159,4,214,220,0,220,434
01/23/2015,BED,MA,ANE,EN,Towers with Radar,0,37,58,0,95,0,14,135,0,149,0,51,193,0,244,198,0,198,442
01/24/2015,BED,MA,ANE,EN,Towers with Radar,1,24,18,0,43,0,0,0,0,0,1,24,18,0,43,0,0,0,43
01/25/2015,BED,MA,ANE,EN,Towers with Radar,0,50,60,0,110,0,8,104,0,112,0,58,164,0,222,144,0,144,366
01/26/2015,BED,MA,ANE,EN,Towers with Radar,0,34,44,0,78,0,0,24,0,24,0,34,68,0,102,66,0,66,168
01/27/2015,BED,MA,ANE,EN,Towers with Radar,0,0,0,0,0,0,0,0,0,0,0,0,0,0,0,0,0,0,0
01/28/2015,BED,MA,ANE,EN,Towers with Radar,3,49,27,1,80,0,13,11,0,24,3,62,38,1,104,30,0,30,134
01/29/2015,BED,MA,ANE,EN,Towers with Radar,2,41,50,1,94,0,6,64,5,75,2,47,114,6,169,112,0,112,281
01/30/2015,BED,MA,ANE,EN,Towers with Radar,0,58,62,0,120,0,0,0,0,0,0,58,62,0,120,0,0,0,120
01/31/2015,BED,MA,ANE,EN,Towers with Radar,2,39,35,0,76,0,5,5,0,10,2,44,40,0,86,12,0,12,98
02/01/2015,BED,MA,ANE,EN,Towers with Radar,2,51,74,0,127,0,9,126,0,135,2,60,200,0,262,168,0,168,430
02/02/2015,BED,MA,ANE,EN,Towers with Radar,0,24,19,0,43,0,0,0,0,0,0,24,19,0,43,0,0,0,43
02/03/2015,BED,MA,ANE,EN,Towers with Radar,2,43,70,0,115,0,7,17,0,24,2,50,87,0,139,22,0,22,161
02/04/2015,BED,MA,ANE,EN,Towers with Radar,0,44,80,5,129,0,6,40,0,46,0,50,120,5,175,72,0,72,247
02/05/2015,BED,MA,ANE,EN,Towers with Radar,0,52,51,0,103,0,3,4,0,7,0,55,55,0,110,0,0,0,110
02/06/2015,BED,MA,ANE,EN,Towers with Radar,0,37,65,0,102,0,12,47,1,60,0,49,112,1,162,99,0,99,261
02/07/2015,BED,MA,ANE,EN,Towers with Radar,0,37,53,1,91,0,2,68,0,70,0,39,121,1,161,172,0,172,333
02/08/2015,BED,MA,ANE,EN,Towers with Radar,1,64,34,0,99,0,0,0,0,0,1,64,34,0,99,0,0,0,99
02/09/2015,BED,MA,ANE,EN,Towers with Radar,0,18,12,0,30,0,0,0,0,0,0,18,12,0,30,0,0,0,30
02/10/2015,BED,MA,ANE,EN,Towers with Radar,1,49,58,0,108,0,7,25,0,32,1,56,83,0,140,22,0,22,162
02/11/2015,BED,MA,ANE,EN,Towers with Radar,1,45,88,2,136,0,2,43,0,45,1,47,131,2,181,70,0,70,251
02/12/2015,BED,MA,ANE,EN,Towers with Radar,3,54,79,0,136,0,0,15,0,15,3,54,94,0,151,146,0,146,297
02/13/2015,BED,MA,ANE,EN,Towers with Radar,1,73,93,1,168,0,7,60,0,67,1,80,153,1,235,106,0,106,341
02/14/2015,BED,MA,ANE,EN,Towers with Radar,0,47,48,0,95,0,3,50,0,53,0,50,98,0,148,150,0,150,298
02/15/2015,BED,MA,ANE,EN,Towers with Radar,0,9,12,0,21,0,0,0,0,0,0,9,12,0,21,0,0,0,21
02/16/2015,BED,MA,ANE,EN,Towers with Radar,5,53,71,0,129,0,5,12,0,17,5,58,83,0,146,7,0,7,153
02/17/2015,BED,MA,ANE,EN,Towers with Radar,1,60,80,0,141,0,2,5,0,7,1,62,85,0,148,0,0,0,148
02/18/2015,BED,MA,ANE,EN,Towers with Radar,2,41,58,0,101,0,3,47,0,50,2,44,105,0,151,130,0,130,281
02/19/2015,BED,MA,ANE,EN,Towers with Radar,0,45,56,0,101,0,5,7,0,12,0,50,63,0,113,6,0,6,119
02/20/2015,BED,MA,ANE,EN,Towers with Radar,0,46,53,0,99,0,0,24,4,28,0,46,77,4,127,0,0,0,127
02/21/2015,BED,MA,ANE,EN,Towers with Radar,0,45,37,0,82,0,4,71,0,75,0,49,108,0,157,154,0,154,311
02/22/2015,BED,MA,ANE,EN,Towers with Radar,3,52,58,0,113,0,9,55,0,64,3,61,113,0,177,181,0,181,358
02/23/2015,BED,MA,ANE,EN,Towers with Radar,0,34,58,0,92,0,7,32,0,39,0,41,90,0,131,2,0,2,133
02/24/2015,BED,MA,ANE,EN,Towers with Radar,2,35,78,0,115,0,8,49,0,57,2,43,127,0,172,58,0,58,230
02/25/2015,BED,MA,ANE,EN,Towers with Radar,1,33,93,2,129,0,9,61,0,70,1,42,154,2,199,134,0,134,333
02/26/2015,BED,MA,ANE,EN,Towers with Radar,1,44,71,0,116,0,3,33,0,36,1,47,104,0,152,44,2,46,198
02/27/2015,BED,MA,ANE,EN,Towers with Radar,2,32,67,2,103,0,15,73,3,91,2,47,140,5,194,87,0,87,281
02/28/2015,BED,MA,ANE,EN,Towers with Radar,2,30,39,0,71,0,2,180,0,182,2,32,219,0,253,230,0,230,483
03/01/2015,BED,MA,ANE,EN,Towers with Radar,0,50,44,0,94,0,2,75,0,77,0,52,119,0,171,176,0,176,347
03/02/2015,BED,MA,ANE,EN,Towers with Radar,2,62,65,2,131,0,1,18,3,22,2,63,83,5,153,12,0,12,165
03/03/2015,BED,MA,ANE,EN,Towers with Radar,0,50,71,0,121,0,9,95,0,104,0,59,166,0,225,112,0,112,337
03/04/2015,BED,MA,ANE,EN,Towers with Radar,0,42,61,0,103,0,5,35,3,43,0,47,96,3,146,64,0,64,210
03/05/2015,BED,MA,ANE,EN,Towers with Radar,1,33,55,0,89,0,1,33,0,34,1,34,88,0,123,18,0,18,141
03/06/2015,BED,MA,ANE,EN,Towers with Radar,0,44,70,0,114,0,20,98,0,118,0,64,168,0,232,110,0,110,342
03/07/2015,BED,MA,ANE,EN,Towers with Radar,0,29,42,0,71,0,5,162,0,167,0,34,204,0,238,212,0,212,450
03/08/2015,BED,MA,ANE,EN,Towers with Radar,0,42,62,6,110,0,3,93,4,100,0,45,155,10,210,178,0,178,388
03/09/2015,BED,MA,ANE,EN,Towers with Radar,1,34,64,0,99,0,5,74,0,79,1,39,138,0,178,66,0,66,244
03/10/2015,BED,MA,ANE,EN,Towers with Radar,0,47,67,3,117,0,12,88,0,100,0,59,155,3,217,78,0,78,295
03/11/2015,BED,MA,ANE,EN,Towers with Radar,1,38,71,2,112,0,9,79,0,88,1,47,150,2,200,84,0,84,284
03/12/2015,BED,MA,ANE,EN,Towers with Radar,0,44,68,0,112,0,6,38,2,46,0,50,106,2,158,14,8,22,180
03/13/2015,BED,MA,ANE,EN,Towers with Radar,4,58,83,2,147,0,9,137,0,146,4,67,220,2,293,170,0,170,463
03/14/2015,BED,MA,ANE,EN,Towers with Radar,0,34,38,0,72,0,0,2,0,2,0,34,40,0,74,0,0,0,74
03/15/2015,BED,MA,ANE,EN,Towers with Radar,0,33,64,0,97,0,0,4,0,4,0,33,68,0,101,16,0,16,117
03/16/2015,BED,MA,ANE,EN,Towers with Radar,2,45,61,2,110,0,4,86,0,90,2,49,147,2,200,44,0,44,244
03/17/2015,BED,MA,ANE,EN,Towers with Radar,3,45,68,2,118,0,2,2,0,4,3,47,70,2,122,16,0,16,138
03/18/2015,BED,MA,ANE,EN,Towers with Radar,2,28,62,0,92,0,0,8,1,9,2,28,70,1,101,8,0,8,109
03/19/2015,BED,MA,ANE,EN,Towers with Radar,0,36,62,0,98,0,5,66,0,71,0,41,128,0,169,48,0,48,217
03/20/2015,BED,MA,ANE,EN,Towers with Radar,1,38,68,1,108,0,2,78,0,80,1,40,146,1,188,150,0,150,338
03/21/2015,BED,MA,ANE,EN,Towers with Radar,3,45,32,0,80,0,0,28,0,28,3,45,60,0,108,62,0,62,170
03/22/2015,BED,MA,ANE,EN,Towers with Radar,3,46,77,2,128,0,7,50,0,57,3,53,127,2,185,40,0,40,225
03/23/2015,BED,MA,ANE,EN,Towers with Radar,3,53,63,0,119,0,1,81,1,83,3,54,144,1,202,88,0,88,290
03/24/2015,BED,MA,ANE,EN,Towers with Radar,1,31,72,0,104,0,6,123,3,132,1,37,195,3,236,176,0,176,412
03/25/2015,BED,MA,ANE,EN,Towers with Radar,0,40,99,2,141,0,6,118,1,125,0,46,217,3,266,156,0,156,422
03/26/2015,BED,MA,ANE,EN,Towers with Radar,3,39,85,2,129,0,0,0,0,0,3,39,85,2,129,0,0,0,129
03/27/2015,BED,MA,ANE,EN,Towers with Radar,0,46,74,2,122,0,2,16,0,18,0,48,90,2,140,80,0,80,220
03/28/2015,BED,MA,ANE,EN,Towers with Radar,3,37,40,0,80,0,0,2,0,2,3,37,42,0,82,6,0,6,88
03/29/2015,BED,MA,ANE,EN,Towers with Radar,5,41,97,0,143,0,3,226,0,229,5,44,323,0,372,236,0,236,608
03/30/2015,BED,MA,ANE,EN,Towers with Radar,1,47,89,2,139,0,7,15,0,22,1,54,104,2,161,12,0,12,173
03/31/2015,BED,MA,ANE,EN,Towers with Radar,1,39,72,2,114,0,5,100,0,105,1,44,172,2,219,202,0,202,421
04/01/2015,BED,MA,ANE,EN,Towers with Radar,2,36,83,1,122,0,7,99,0,106,2,43,182,1,228,84,0,84,312
04/02/2015,BED,MA,ANE,EN,Towers with Radar,0,36,98,2,136,0,8,118,3,129,0,44,216,5,265,166,0,166,431
04/03/2015,BED,MA,ANE,EN,Towers with Radar,1,45,73,0,119,0,4,98,1,103,1,49,171,1,222,86,0,86,308
04/04/2015,BED,MA,ANE,EN,Towers with Radar,0,34,40,0,74,0,3,17,0,20,0,37,57,0,94,26,0,26,120
04/05/2015,BED,MA,ANE,EN,Towers with Radar,1,55,48,0,104,0,12,75,0,87,1,67,123,0,191,40,0,40,231
04/06/2015,BED,MA,ANE,EN,Towers with Radar,1,45,75,0,121,0,11,111,0,122,1,56,186,0,243,174,2,176,419
04/07/2015,BED,MA,ANE,EN,Towers with Radar,2,51,86,0,139,0,2,5,0,7,2,53,91,0,146,74,0,74,220
04/08/2015,BED,MA,ANE,EN,Towers with Radar,0,51,92,2,145,0,2,64,0,66,0,53,156,2,211,98,0,98,309
04/09/2015,BED,MA,ANE,EN,Towers with Radar,0,56,93,3,152,0,0,0,0,0,0,56,93,3,152,0,0,0,152
04/10/2015,BED,MA,ANE,EN,Towers with Radar,0,54,97,1,152,0,0,0,0,0,0,54,97,1,152,0,0,0,152
04/11/2015,BED,MA,ANE,EN,Towers with Radar,0,33,57,0,90,0,5,135,0,140,0,38,192,0,230,126,0,126,356
04/12/2015,BED,MA,ANE,EN,Towers with Radar,0,40,92,0,132,0,10,274,0,284,0,50,366,0,416,216,0,216,632
04/13/2015,BED,MA,ANE,EN,Towers with Radar,0,29,79,2,110,0,22,132,1,155,0,51,211,3,265,130,0,130,395
04/14/2015,BED,MA,ANE,EN,Towers with Radar,1,44,66,1,112,0,9,105,5,119,1,53,171,6,231,242,0,242,473
04/15/2015,BED,MA,ANE,EN,Towers with Radar,0,45,81,2,128,0,9,136,0,145,0,54,217,2,273,126,0,126,399
04/16/2015,BED,MA,ANE,EN,Towers with Radar,0,56,74,0,130,0,11,164,0,175,0,67,238,0,305,211,0,211,516
04/17/2015,BED,MA,ANE,EN,Towers with Radar,0,70,90,0,160,0,2,16,0,18,0,72,106,0,178,54,0,54,232
04/18/2015,BED,MA,ANE,EN,Towers with Radar,1,38,66,0,105,0,2,180,2,184,1,40,246,2,289,238,0,238,527
04/19/2015,BED,MA,ANE,EN,Towers with Radar,0,43,61,0,104,0,12,182,0,194,0,55,243,0,298,214,0,214,512
04/20/2015,BED,MA,ANE,EN,Towers with Radar,0,56,70,4,130,0,1,2,0,3,0,57,72,4,133,2,0,2,135
04/21/2015,BED,MA,ANE,EN,Towers with Radar,0,50,72,3,125,0,4,32,0,36,0,54,104,3,161,78,0,78,239
04/22/2015,BED,MA,ANE,EN,Towers with Radar,0,49,57,5,111,0,7,106,1,114,0,56,163,6,225,126,0,126,351
04/23/2015,BED,MA,ANE,EN,Towers with Radar,0,53,83,2,138,0,3,68,1,72,0,56,151,3,210,126,0,126,336
04/24/2015,BED,MA,ANE,EN,Towers with Radar,0,43,79,0,122,0,6,74,1,81,0,49,153,1,203,30,0,30,233
04/25/2015,BED,MA,ANE,EN,Towers with Radar,0,38,47,2,87,0,5,186,0,191,0,43,233,2,278,266,0,266,544
04/26/2015,BED,MA,ANE,EN,Towers with Radar,0,41,83,0,124,0,13,167,0,180,0,54,250,0,304,184,0,184,488
04/27/2015,BED,MA,ANE,EN,Towers with Radar,0,37,80,0,117,0,12,48,0,60,0,49,128,0,177,88,0,88,265
04/28/2015,BED,MA,ANE,EN,Towers with Radar,0,38,69,0,107,0,9,73,0,82,0,47,142,0,189,138,0,138,327
04/29/2015,BED,MA,ANE,EN,Towers with Radar,0,40,73,0,113,0,10,148,3,161,0,50,221,3,274,262,0,262,536
04/30/2015,BED,MA,ANE,EN,Towers with Radar,1,72,85,2,160,0,9,104,0,113,1,81,189,2,273,164,0,164,437
05/01/2015,BED,MA,ANE,EN,Towers with Radar,0,46,88,1,135,0,6,131,0,137,0,52,219,1,272,148,0,148,420
05/02/2015,BED,MA,ANE,EN,Towers with Radar,0,26,64,0,90,0,4,205,0,209,0,30,269,0,299,266,0,266,565
05/03/2015,BED,MA,ANE,EN,Towers with Radar,1,32,83,0,116,0,15,212,0,227,1,47,295,0,343,198,0,198,541
05/04/2015,BED,MA,ANE,EN,Towers with Radar,1,49,79,0,129,0,9,99,0,108,1,58,178,0,237,90,0,90,327
05/05/2015,BED,MA,ANE,EN,Towers with Radar,0,51,72,0,123,0,9,90,0,99,0,60,162,0,222,166,0,166,388
05/06/2015,BED,MA,ANE,EN,Towers with Radar,0,62,83,0,145,0,7,122,1,130,0,69,205,1,275,122,0,122,397
05/07/2015,BED,MA,ANE,EN,Towers with Radar,5,61,83,0,149,0,17,167,3,187,5,78,250,3,336,198,0,198,534
05/08/2015,BED,MA,ANE,EN,Towers with Radar,0,41,69,3,113,0,14,150,1,165,0,55,219,4,278,220,0,220,498
05/09/2015,BED,MA,ANE,EN,Towers with Radar,0,29,70,0,99,0,2,151,0,153,0,31,221,0,252,262,0,262,514
05/10/2015,BED,MA,ANE,EN,Towers with Radar,0,45,68,0,113,0,6,93,0,99,0,51,161,0,212,140,0,140,352
05/11/2015,BED,MA,ANE,EN,Towers with Radar,1,77,101,7,186,0,1,44,0,45,1,78,145,7,231,76,0,76,307
05/12/2015,BED,MA,ANE,EN,Towers with Radar,1,58,95,2,156,0,3,26,0,29,1,61,121,2,185,64,0,64,249
05/13/2015,BED,MA,ANE,EN,Towers with Radar,0,52,80,1,133,0,14,111,0,125,0,66,191,1,258,154,0,154,412
05/14/2015,BED,MA,ANE,EN,Towers with Radar,2,52,106,4,164,0,8,174,6,188,2,60,280,10,352,194,0,194,546
05/15/2015,BED,MA,ANE,EN,Towers with Radar,2,52,66,3,123,0,20,141,2,163,2,72,207,5,286,162,0,162,448
05/16/2015,BED,MA,ANE,EN,Towers with Radar,0,48,55,0,103,0,4,109,0,113,0,52,164,0,216,114,0,114,330
05/17/2015,BED,MA,ANE,EN,Towers with Radar,0,59,77,0,136,0,13,205,1,219,0,72,282,1,355,284,0,284,639
05/18/2015,BED,MA,ANE,EN,Towers with Radar,0,52,81,0,133,0,8,57,0,65,0,60,138,0,198,90,0,90,288
05/19/2015,BED,MA,ANE,EN,Towers with Radar,0,52,90,0,142,0,3,4,0,7,0,55,94,0,149,0,0,0,149
05/20/2015,BED,MA,ANE,EN,Towers with Radar,2,37,75,3,117,0,6,92,3,101,2,43,167,6,218,136,0,136,354
05/21/2015,BED,MA,ANE,EN,Towers with Radar,3,59,85,3,150,0,15,155,1,171,3,74,240,4,321,218,0,218,539
05/22/2015,BED,MA,ANE,EN,Towers with Radar,0,54,78,1,133,0,13,170,0,183,0,67,248,1,316,116,0,116,432
05/23/2015,BED,MA,ANE,EN,Towers with Radar,0,29,30,0,59,0,15,163,0,178,0,44,193,0,237,144,0,144,381
05/24/2015,BED,MA,ANE,EN,Towers with Radar,0,22,35,0,57,0,10,146,1,157,0,32,181,1,214,160,0,160,374
05/25/2015,BED,MA,ANE,EN,Towers with Radar,0,50,62,0,112,0,11,190,2,203,0,61,252,2,315,220,0,220,535
05/26/2015,BED,MA,ANE,EN,Towers with Radar,2,46,86,2,136,0,11,110,1,122,2,57,196,3,258,168,0,168,426
05/27/2015,BED,MA,ANE,EN,Towers with Radar,0,57,70,0,127,0,10,99,7,116,0,67,169,7,243,132,0,132,375
05/28/2015,BED,MA,ANE,EN,Towers with Radar,0,63,99,0,162,0,6,70,0,76,0,69,169,0,238,146,0,146,384
05/29/2015,BED,MA,ANE,EN,Towers with Radar,1,62,110,3,176,0,12,167,0,179,1,74,277,3,355,234,0,234,589
05/30/2015,BED,MA,ANE,EN,Towers with Radar,1,29,51,0,81,0,0,177,2,179,1,29,228,2,260,198,0,198,458
05/31/2015,BED,MA,ANE,EN,Towers with Radar,0,66,68,1,135,0,1,20,0,21,0,67,88,1,156,48,0,48,204
06/01/2015,BED,MA,ANE,EN,Towers with Radar,0,54,85,2,141,0,0,0,0,0,0,54,85,2,141,0,0,0,141
06/02/2015,BED,MA,ANE,EN,Towers with Radar,0,54,112,8,174,0,1,0,0,1,0,55,112,8,175,0,0,0,175
06/03/2015,BED,MA,ANE,EN,Towers with Radar,0,65,106,6,177,0,11,97,2,110,0,76,203,8,287,242,0,242,529
06/04/2015,BED,MA,ANE,EN,Towers with Radar,0,66,92,4,162,0,5,182,4,191,0,71,274,8,353,242,0,242,595
06/05/2015,BED,MA,ANE,EN,Towers with Radar,0,61,64,2,127,0,14,133,4,151,0,75,197,6,278,188,0,188,466
06/06/2015,BED,MA,ANE,EN,Towers with Radar,1,46,55,0,102,0,5,182,0,187,1,51,237,0,289,326,0,326,615
06/07/2015,BED,MA,ANE,EN,Towers with Radar,0,56,62,0,118,0,14,192,3,209,0,70,254,3,327,226,0,226,553
06/08/2015,BED,MA,ANE,EN,Towers with Radar,0,47,80,0,127,0,13,125,3,141,0,60,205,3,268,110,0,110,378
06/09/2015,BED,MA,ANE,EN,Towers with Radar,0,45,94,0,139,0,0,16,0,16,0,45,110,0,155,116,0,116,271
06/10/2015,BED,MA,ANE,EN,Towers with Radar,0,48,85,2,135,0,6,185,4,195,0,54,270,6,330,182,0,182,512
06/11/2015,BED,MA,ANE,EN,Towers with Radar,0,60,92,0,152,0,10,129,0,139,0,70,221,0,291,128,0,128,419
06/12/2015,BED,MA,ANE,EN,Towers with Radar,0,58,56,2,116,0,9,139,2,150,0,67,195,4,266,208,0,208,474
06/13/2015,BED,MA,ANE,EN,Towers with Radar,2,34,41,2,79,0,9,166,0,175,2,43,207,2,254,174,0,174,428
06/14/2015,BED,MA,ANE,EN,Towers with Radar,0,45,69,1,115,0,7,228,0,235,0,52,297,1,350,214,0,214,564
06/15/2015,BED,MA,ANE,EN,Towers with Radar,0,68,109,0,177,0,0,0,0,0,0,68,109,0,177,0,0,0,177
06/16/2015,BED,MA,ANE,EN,Towers with Radar,0,50,104,4,158,0,2,21,0,23,0,52,125,4,181,54,0,54,235
06/17/2015,BED,MA,ANE,EN,Towers with Radar,0,49,78,4,131,0,12,164,3,179,0,61,242,7,310,274,0,274,584
06/18/2015,BED,MA,ANE,EN,Towers with Radar,0,50,92,5,147,0,7,135,3,145,0,57,227,8,292,204,0,204,496
06/19/2015,BED,MA,ANE,EN,Towers with Radar,0,45,80,1,126,0,9,157,2,168,0,54,237,3,294,147,0,147,441
06/20/2015,BED,MA,ANE,EN,Towers with Radar,0,37,51,2,90,0,10,209,2,221,0,47,260,4,311,369,0,369,680
06/21/2015,BED,MA,ANE,EN,Towers with Radar,1,60,81,0,142,0,0,5,0,5,1,60,86,0,147,26,0,26,173
06/22/2015,BED,MA,ANE,EN,Towers with Radar,0,58,82,2,142,0,10,93,0,103,0,68,175,2,245,142,0,142,387
06/23/2015,BED,MA,ANE,EN,Towers with Radar,0,45,64,1,110,0,5,48,0,53,0,50,112,1,163,70,0,70,233
06/24/2015,BED,MA,ANE,EN,Towers with Radar,2,54,81,1,138,0,13,179,0,192,2,67,260,1,330,230,0,230,560
06/25/2015,BED,MA,ANE,EN,Towers with Radar,0,60,79,4,143,0,16,163,1,180,0,76,242,5,323,214,0,214,537
06/26/2015,BED,MA,ANE,EN,Towers with Radar,0,48,66,0,114,0,14,131,2,147,0,62,197,2,261,150,2,152,413
06/27/2015,BED,MA,ANE,EN,Towers with Radar,0,33,48,0,81,0,4,192,1,197,0,37,240,1,278,260,0,260,538
06/28/2015,BED,MA,ANE,EN,Towers with Radar,0,52,69,0,121,0,0,0,0,0,0,52,69,0,121,12,0,12,133
06/29/2015,BED,MA,ANE,EN,Towers with Radar,0,51,101,0,152,0,10,49,0,59,0,61,150,0,211,50,0,50,261
06/30/2015,BED,MA,ANE,EN,Towers with Radar,0,50,80,0,130,0,13,169,0,182,0,63,249,0,312,184,0,184,496
07/01/2015,BED,MA,ANE,EN,Towers with Radar,0,35,67,0,102,0,3,42,0,45,0,38,109,0,147,94,0,94,241
07/02/2015,BED,MA,ANE,EN,Towers with Radar,0,48,80,1,129,0,11,199,1,211,0,59,279,2,340,220,0,220,560
07/03/2015,BED,MA,ANE,EN,Towers with Radar,1,20,27,0,48,0,16,162,0,178,1,36,189,0,226,132,0,132,358
07/04/2015,BED,MA,ANE,EN,Towers with Radar,1,13,19,0,33,0,7,99,0,106,1,20,118,0,139,184,0,184,323
07/05/2015,BED,MA,ANE,EN,Towers with Radar,0,41,61,0,102,0,14,159,0,173,0,55,220,0,275,274,0,274,549
07/06/2015,BED,MA,ANE,EN,Towers with Radar,0,42,80,0,122,0,20,136,0,156,0,62,216,0,278,233,0,233,511
07/07/2015,BED,MA,ANE,EN,Towers with Radar,0,46,80,0,126,0,3,61,0,64,0,49,141,0,190,114,0,114,304
07/08/2015,BED,MA,ANE,EN,Towers with Radar,1,33,74,0,108,0,5,97,0,102,1,38,171,0,210,194,0,194,404
07/09/2015,BED,MA,ANE,EN,Towers with Radar,0,40,76,2,118,0,6,138,0,144,0,46,214,2,262,308,0,308,570
07/10/2015,BED,MA,ANE,EN,Towers with Radar,0,43,75,0,118,0,16,134,0,150,0,59,209,0,268,214,0,214,482
07/11/2015,BED,MA,ANE,EN,Towers with Radar,0,24,43,2,69,0,10,200,0,210,0,34,243,2,279,220,0,220,499
07/12/2015,BED,MA,ANE,EN,Towers with Radar,0,39,59,0,98,0,21,174,0,195,0,60,233,0,293,228,0,228,521
07/13/2015,BED,MA,ANE,EN,Towers with Radar,0,41,69,0,110,0,22,140,0,162,0,63,209,0,272,130,0,130,402
07/14/2015,BED,MA,ANE,EN,Towers with Radar,0,63,87,0,150,0,3,45,0,48,0,66,132,0,198,78,0,78,276
07/15/2015,BED,MA,ANE,EN,Towers with Radar,1,51,87,0,139,0,3,59,0,62,1,54,146,0,201,278,0,278,479
07/16/2015,BED,MA,ANE,EN,Towers with Radar,0,42,87,0,129,0,32,171,0,203,0,74,258,0,332,307,0,307,639
07/17/2015,BED,MA,ANE,EN,Towers with Radar,1,41,88,6,136,0,12,159,2,173,1,53,247,8,309,178,0,178,487
07/18/2015,BED,MA,ANE,EN,Towers with Radar,0,36,54,0,90,0,3,68,0,71,0,39,122,0,161,212,0,212,373
07/19/2015,BED,MA,ANE,EN,Towers with Radar,0,52,74,2,128,0,8,99,1,108,0,60,173,3,236,220,0,220,456
07/20/2015,BED,MA,ANE,EN,Towers with Radar,0,51,68,2,121,0,15,123,0,138,0,66,191,2,259,169,0,169,428
07/21/2015,BED,MA,ANE,EN,Towers with Radar,1,53,67,4,125,0,13,105,0,118,1,66,172,4,243,234,0,234,477
07/22/2015,BED,MA,ANE,EN,Towers with Radar,0,52,60,1,113,0,12,146,0,158,0,64,206,1,271,176,0,176,447
07/23/2015,BED,MA,ANE,EN,Towers with Radar,0,50,82,2,134,0,13,131,0,144,0,63,213,2,278,146,0,146,424
07/24/2015,BED,MA,ANE,EN,Towers with Radar,0,50,85,1,136,0,7,107,0,114,0,57,192,1,250,128,0,128,378
07/25/2015,BED,MA,ANE,EN,Towers with Radar,0,26,74,2,102,0,4,48,0,52,0,30,122,2,154,170,0,170,324
07/26/2015,BED,MA,ANE,EN,Towers with Radar,0,53,84,1,138,0,4,53,0,57,0,57,137,1,195,140,0,140,335
07/27/2015,BED,MA,ANE,EN,Towers with Radar,0,62,80,2,144,0,3,51,0,54,0,65,131,2,198,86,0,86,284
07/28/2015,BED,MA,ANE,EN,Towers with Radar,0,46,80,0,126,0,8,111,0,119,0,54,191,0,245,212,0,212,457
07/29/2015,BED,MA,ANE,EN,Towers with Radar,0,51,97,2,150,0,15,170,0,185,0,66,267,2,335,228,0,228,563
07/30/2015,BED,MA,ANE,EN,Towers with Radar,0,67,96,2,165,0,11,108,0,119,0,78,204,2,284,154,0,154,438
07/31/2015,BED,MA,ANE,EN,Towers with Radar,0,46,77,1,124,0,26,195,0,221,0,72,272,1,345,208,0,208,553
08/01/2015,BED,MA,ANE,EN,Towers with Radar,0,31,38,1,70,0,9,213,0,222,0,40,251,1,292,293,0,293,585
08/02/2015,BED,MA,ANE,EN,Towers with Radar,0,42,54,1,97,0,9,214,0,223,0,51,268,1,320,222,0,222,542
08/03/2015,BED,MA,ANE,EN,Towers with Radar,0,48,74,0,122,0,12,131,0,143,0,60,205,0,265,138,0,138,403
08/04/2015,BED,MA,ANE,EN,Towers with Radar,0,48,63,0,111,0,6,50,0,56,0,54,113,0,167,120,0,120,287
08/05/2015,BED,MA,ANE,EN,Towers with Radar,0,30,74,0,104,0,21,144,0,165,0,51,218,0,269,209,0,209,478
08/06/2015,BED,MA,ANE,EN,Towers with Radar,0,53,94,1,148,0,12,233,4,249,0,65,327,5,397,426,0,426,823
08/07/2015,BED,MA,ANE,EN,Towers with Radar,0,35,75,4,114,0,16,170,0,186,0,51,245,4,300,258,0,258,558
08/08/2015,BED,MA,ANE,EN,Towers with Radar,0,28,36,0,64,0,7,158,0,165,0,35,194,0,229,272,0,272,501
08/09/2015,BED,MA,ANE,EN,Towers with Radar,0,45,70,1,116,0,7,111,0,118,0,52,181,1,234,323,0,323,557
08/10/2015,BED,MA,ANE,EN,Towers with Radar,0,43,76,0,119,0,19,118,1,138,0,62,194,1,257,188,0,188,445
08/11/2015,BED,MA,ANE,EN,Towers with Radar,0,48,83,0,131,0,0,2,0,2,0,48,85,0,133,0,0,0,133
08/12/2015,BED,MA,ANE,EN,Towers with Radar,0,27,85,0,112,0,16,140,1,157,0,43,225,1,269,228,0,228,497
08/13/2015,BED,MA,ANE,EN,Towers with Radar,0,44,71,0,115,0,18,201,0,219,0,62,272,0,334,360,0,360,694
08/14/2015,BED,MA,ANE,EN,Towers with Radar,0,29,63,0,92,0,14,170,1,185,0,43,233,1,277,136,0,136,413
08/15/2015,BED,MA,ANE,EN,Towers with Radar,0,31,49,0,80,0,13,157,1,171,0,44,206,1,251,300,0,300,551
08/16/2015,BED,MA,ANE,EN,Towers with Radar,0,34,56,0,90,0,13,187,0,200,0,47,243,0,290,284,0,284,574
08/17/2015,BED,MA,ANE,EN,Towers with Radar,0,41,75,0,116,0,27,108,0,135,0,68,183,0,251,142,0,142,393
08/18/2015,BED,MA,ANE,EN,Towers with Radar,0,46,73,1,120,0,7,74,3,84,0,53,147,4,204,174,0,174,378
08/19/2015,BED,MA,ANE,EN,Towers with Radar,0,48,71,0,119,0,10,137,5,152,0,58,208,5,271,228,3,231,502
08/20/2015,BED,MA,ANE,EN,Towers with Radar,0,39,87,0,126,0,8,72,0,80,0,47,159,0,206,161,0,161,367
08/21/2015,BED,MA,ANE,EN,Towers with Radar,0,44,75,0,119,0,1,29,0,30,0,45,104,0,149,76,0,76,225
08/22/2015,BED,MA,ANE,EN,Towers with Radar,0,40,79,0,119,0,2,35,0,37,0,42,114,0,156,78,0,78,234
08/23/2015,BED,MA,ANE,EN,Towers with Radar,0,48,91,0,139,0,0,10,0,10,0,48,101,0,149,24,0,24,173
08/24/2015,BED,MA,ANE,EN,Towers with Radar,0,54,96,2,152,0,7,44,0,51,0,61,140,2,203,94,0,94,297
08/25/2015,BED,MA,ANE,EN,Towers with Radar,0,45,100,0,145,0,12,32,0,44,0,57,132,0,189,104,0,104,293
08/26/2015,BED,MA,ANE,EN,Towers with Radar,0,37,100,0,137,0,9,121,0,130,0,46,221,0,267,202,0,202,469
08/27/2015,BED,MA,ANE,EN,Towers with Radar,0,45,84,0,129,0,18,147,4,169,0,63,231,4,298,152,0,152,450
08/28/2015,BED,MA,ANE,EN,Towers with Radar,0,44,65,1,110,0,15,164,0,179,0,59,229,1,289,178,0,178,467
08/29/2015,BED,MA,ANE,EN,Towers with Radar,0,31,44,2,77,0,9,182,1,192,0,40,226,3,269,288,0,288,557
08/30/2015,BED,MA,ANE,EN,Towers with Radar,0,39,56,0,95,0,18,214,1,233,0,57,270,1,328,282,0,282,610
08/31/2015,BED,MA,ANE,EN,Towers with Radar,0,31,76,0,107,0,15,121,1,137,0,46,197,1,244,152,0,152,396
09/01/2015,BED,MA,ANE,EN,Towers with Radar,0,52,76,0,128,0,10,146,5,161,0,62,222,5,289,124,0,124,413
09/02/2015,BED,MA,ANE,EN,Towers with Radar,0,39,78,0,117,0,16,111,3,130,0,55,189,3,247,126,0,126,373
09/03/2015,BED,MA,ANE,EN,Towers with Radar,0,45,74,1,120,0,10,120,0,130,0,55,194,1,250,194,0,194,444
09/04/2015,BED,MA,ANE,EN,Towers with Radar,0,57,69,0,126,0,8,114,0,122,0,65,183,0,248,132,0,132,380
09/05/2015,BED,MA,ANE,EN,Towers with Radar,0,17,28,0,45,0,7,210,0,217,0,24,238,0,262,174,0,174,436
09/06/2015,BED,MA,ANE,EN,Towers with Radar,2,22,28,1,53,0,17,137,0,154,2,39,165,1,207,221,0,221,428
09/07/2015,BED,MA,ANE,EN,Towers with Radar,0,50,86,0,136,0,11,90,0,101,0,61,176,0,237,102,0,102,339
09/08/2015,BED,MA,ANE,EN,Towers with Radar,0,38,74,0,112,0,7,108,0,115,0,45,182,0,227,174,0,174,401
09/09/2015,BED,MA,ANE,EN,Towers with Radar,0,39,102,0,141,0,12,97,0,109,0,51,199,0,250,160,0,160,410
09/10/2015,BED,MA,ANE,EN,Towers with Radar,1,52,109,0,162,0,2,19,0,21,1,54,128,0,183,64,0,64,247
09/11/2015,BED,MA,ANE,EN,Towers with Radar,0,52,108,3,163,0,5,55,0,60,0,57,163,3,223,90,0,90,313
09/12/2015,BED,MA,ANE,EN,Towers with Radar,0,41,50,0,91,0,5,124,0,129,0,46,174,0,220,96,0,96,316
09/13/2015,BED,MA,ANE,EN,Towers with Radar,0,62,116,0,178,0,0,0,0,0,0,62,116,0,178,2,0,2,180
09/14/2015,BED,MA,ANE,EN,Towers with Radar,0,49,77,0,126,0,7,108,0,115,0,56,185,0,241,136,0,136,377
09/15/2015,BED,MA,ANE,EN,Towers with Radar,0,69,45,0,114,0,11,119,4,134,0,80,164,4,248,150,2,152,400
09/16/2015,BED,MA,ANE,EN,Towers with Radar,0,59,72,0,131,0,9,155,4,168,0,68,227,4,299,216,0,216,515
09/17/2015,BED,MA,ANE,EN,Towers with Radar,0,59,83,3,145,0,10,119,0,129,0,69,202,3,274,136,0,136,410
09/18/2015,BED,MA,ANE,EN,Towers with Radar,1,50,82,3,136,0,15,150,1,166,1,65,232,4,302,204,0,204,506
09/19/2015,BED,MA,ANE,EN,Towers with Radar,0,34,55,3,92,0,3,167,0,170,0,37,222,3,262,246,0,246,508
09/20/2015,BED,MA,ANE,EN,Towers with Radar,0,55,70,3,128,0,5,148,0,153,0,60,218,3,281,198,0,198,479
09/21/2015,BED,MA,ANE,EN,Towers with Radar,0,44,62,2,108,0,13,94,0,107,0,57,156,2,215,146,0,146,361
09/22/2015,BED,MA,ANE,EN,Towers with Radar,0,38,79,0,117,0,9,122,2,133,0,47,201,2,250,126,0,126,376
09/23/2015,BED,MA,ANE,EN,Towers with Radar,0,41,99,0,140,0,15,136,0,151,0,56,235,0,291,200,0,200,491
09/24/2015,BED,MA,ANE,EN,Towers with Radar,0,39,91,4,134,0,14,135,3,152,0,53,226,7,286,88,0,88,374
09/25/2015,BED,MA,ANE,EN,Towers with Radar,1,52,98,0,151,0,16,150,0,166,1,68,248,0,317,226,0,226,543
09/26/2015,BED,MA,ANE,EN,Towers with Radar,2,29,60,0,91,0,10,196,0,206,2,39,256,0,297,248,0,248,545
09/27/2015,BED,MA,ANE,EN,Towers with Radar,0,53,77,0,130,0,8,211,0,219,0,61,288,0,349,188,0,188,537
09/28/2015,BED,MA,ANE,EN,Towers with Radar,0,48,74,0,122,0,16,81,0,97,0,64,155,0,219,71,0,71,290
09/29/2015,BED,MA,ANE,EN,Towers with Radar,0,41,84,0,125,0,3,41,0,44,0,44,125,0,169,44,0,44,213
09/30/2015,BED,MA,ANE,EN,Towers with Radar,1,44,62,0,107,0,0,0,0,0,1,44,62,0,107,0,0,0,107
10/01/2015,BED,MA,ANE,EN,Towers with Radar,0,56,96,0,152,0,9,63,0,72,0,65,159,0,224,88,0,88,312
10/02/2015,BED,MA,ANE,EN,Towers with Radar,1,56,75,2,134,0,0,58,1,59,1,56,133,3,193,101,0,101,294
10/03/2015,BED,MA,ANE,EN,Towers with Radar,0,31,38,0,69,0,2,22,0,24,0,33,60,0,93,50,0,50,143
10/04/2015,BED,MA,ANE,EN,Towers with Radar,2,47,67,0,116,0,9,93,2,104,2,56,160,2,220,194,0,194,414
10/05/2015,BED,MA,ANE,EN,Towers with Radar,0,42,64,0,106,0,14,81,0,95,0,56,145,0,201,81,0,81,282
10/06/2015,BED,MA,ANE,EN,Towers with Radar,0,46,76,0,122,0,10,157,1,168,0,56,233,1,290,160,0,160,450
10/07/2015,BED,MA,ANE,EN,Towers with Radar,0,46,71,3,120,0,10,178,1,189,0,56,249,4,309,184,0,184,493
10/08/2015,BED,MA,ANE,EN,Towers with Radar,0,52,86,2,140,0,13,168,0,181,0,65,254,2,321,94,0,94,415
10/09/2015,BED,MA,ANE,EN,Towers with Radar,3,70,77,5,155,0,6,34,0,40,3,76,111,5,195,36,0,36,231
10/10/2015,BED,MA,ANE,EN,Towers with Radar,1,36,50,1,88,0,13,225,0,238,1,49,275,1,326,223,0,223,549
10/11/2015,BED,MA,ANE,EN,Towers with Radar,0,55,45,0,100,0,6,161,3,170,0,61,206,3,270,169,0,169,439
10/12/2015,BED,MA,ANE,EN,Towers with Radar,1,58,85,0,144,0,10,187,1,198,1,68,272,1,342,170,0,170,512
10/13/2015,BED,MA,ANE,EN,Towers with Radar,3,50,77,1,131,0,7,34,0,41,3,57,111,1,172,54,0,54,226
10/14/2015,BED,MA,ANE,EN,Towers with Radar,0,45,81,5,131,0,6,107,4,117,0,51,188,9,248,64,0,64,312
10/15/2015,BED,MA,ANE,EN,Towers with Radar,0,33,96,2,131,0,5,185,0,190,0,38,281,2,321,174,0,174,495
10/16/2015,BED,MA,ANE,EN,Towers with Radar,0,77,69,0,146,0,9,105,1,115,0,86,174,1,261,156,0,156,417
10/17/2015,BED,MA,ANE,EN,Towers with Radar,0,40,56,0,96,0,8,173,0,181,0,48,229,0,277,168,0,168,445
10/18/2015,BED,MA,ANE,EN,Towers with Radar,2,50,90,0,142,0,10,153,0,163,2,60,243,0,305,128,0,128,433
10/19/2015,BED,MA,ANE,EN,Towers with Radar,0,50,68,0,118,0,20,106,0,126,0,70,174,0,244,86,0,86,330
10/20/2015,BED,MA,ANE,EN,Towers with Radar,0,39,73,1,113,0,3,89,0,92,0,42,162,1,205,82,0,82,287
10/21/2015,BED,MA,ANE,EN,Towers with Radar,0,42,97,1,140,0,10,92,6,108,0,52,189,7,248,136,0,136,384
10/22/2015,BED,MA,ANE,EN,Towers with Radar,2,46,81,3,132,0,7,117,1,125,2,53,198,4,257,168,0,168,425
10/23/2015,BED,MA,ANE,EN,Towers with Radar,0,61,76,0,137,0,9,115,0,124,0,70,191,0,261,78,0,78,339
10/24/2015,BED,MA,ANE,EN,Towers with Radar,2,31,52,1,86,0,5,170,0,175,2,36,222,1,261,258,0,258,519
10/25/2015,BED,MA,ANE,EN,Towers with Radar,1,55,90,2,148,0,8,64,0,72,1,63,154,2,220,144,0,144,364
10/26/2015,BED,MA,ANE,EN,Towers with Radar,0,42,67,0,109,0,5,132,0,137,0,47,199,0,246,176,0,176,422
10/27/2015,BED,MA,ANE,EN,Towers with Radar,0,47,81,0,128,0,11,108,0,119,0,58,189,0,247,124,0,124,371
10/28/2015,BED,MA,ANE,EN,Towers with Radar,0,45,72,0,117,0,1,39,1,41,0,46,111,1,158,104,0,104,262
10/29/2015,BED,MA,ANE,EN,Towers with Radar,2,59,90,2,153,0,6,39,0,45,2,65,129,2,198,39,0,39,237
10/30/2015,BED,MA,ANE,EN,Towers with Radar,2,60,50,1,113,0,6,98,3,107,2,66,148,4,220,72,0,72,292
10/31/2015,BED,MA,ANE,EN,Towers with Radar,3,24,46,0,73,0,9,249,2,260,3,33,295,2,333,178,0,178,511
11/01/2015,BED,MA,ANE,EN,Towers with Radar,0,38,46,0,84,0,8,87,0,95,0,46,133,0,179,198,0,198,377
11/02/2015,BED,MA,ANE,EN,Towers with Radar,0,44,52,0,96,0,9,99,0,108,0,53,151,0,204,170,0,170,374
11/03/2015,BED,MA,ANE,EN,Towers with Radar,1,57,69,2,129,0,16,102,0,118,1,73,171,2,247,108,0,108,355
11/04/2015,BED,MA,ANE,EN,Towers with Radar,2,43,71,2,118,0,3,157,0,160,2,46,228,2,278,240,0,240,518
11/05/2015,BED,MA,ANE,EN,Towers with Radar,2,46,106,3,157,0,9,118,0,127,2,55,224,3,284,132,0,132,416
11/06/2015,BED,MA,ANE,EN,Towers with Radar,2,55,72,2,131,0,9,41,0,50,2,64,113,2,181,129,0,129,310
11/07/2015,BED,MA,ANE,EN,Towers with Radar,2,29,63,0,94,0,4,131,0,135,2,33,194,0,229,134,0,134,363
11/08/2015,BED,MA,ANE,EN,Towers with Radar,1,57,51,0,109,0,7,177,0,184,1,64,228,0,293,164,0,164,457
11/09/2015,BED,MA,ANE,EN,Towers with Radar,1,38,76,1,116,0,16,110,0,126,1,54,186,1,242,194,0,194,436
11/10/2015,BED,MA,ANE,EN,Towers with Radar,0,50,71,1,122,0,9,81,1,91,0,59,152,2,213,88,0,88,301
11/11/2015,BED,MA,ANE,EN,Towers with Radar,2,51,72,2,127,0,0,0,0,0,2,51,72,2,127,0,0,0,127
11/12/2015,BED,MA,ANE,EN,Towers with Radar,1,64,100,0,165,0,0,2,0,2,1,64,102,0,167,0,0,0,167
11/13/2015,BED,MA,ANE,EN,Towers with Radar,1,58,75,0,134,0,2,69,0,71,1,60,144,0,205,42,0,42,247
11/14/2015,BED,MA,ANE,EN,Towers with Radar,1,28,40,0,69,0,6,75,0,81,1,34,115,0,150,80,0,80,230
11/15/2015,BED,MA,ANE,EN,Towers with Radar,0,46,76,0,122,0,4,194,1,199,0,50,270,1,321,231,0,231,552
11/16/2015,BED,MA,ANE,EN,Towers with Radar,0,37,62,0,99,0,14,96,0,110,0,51,158,0,209,90,0,90,299
11/17/2015,BED,MA,ANE,EN,Towers with Radar,2,52,61,0,115,0,8,110,5,123,2,60,171,5,238,106,0,106,344
11/18/2015,BED,MA,ANE,EN,Towers with Radar,0,41,84,4,129,0,10,123,0,133,0,51,207,4,262,192,0,192,454
11/19/2015,BED,MA,ANE,EN,Towers with Radar,2,52,92,2,148,0,4,26,0,30,2,56,118,2,178,82,0,82,260
11/20/2015,BED,MA,ANE,EN,Towers with Radar,0,55,95,3,153,0,4,86,3,93,0,59,181,6,246,107,0,107,353
11/21/2015,BED,MA,ANE,EN,Towers with Radar,3,23,51,0,77,0,6,274,0,280,3,29,325,0,357,233,0,233,590
11/22/2015,BED,MA,ANE,EN,Towers with Radar,1,48,60,2,111,0,2,31,0,33,1,50,91,2,144,116,0,116,260
11/23/2015,BED,MA,ANE,EN,Towers with Radar,0,49,63,0,112,0,6,112,0,118,0,55,175,0,230,72,0,72,302
11/24/2015,BED,MA,ANE,EN,Towers with Radar,0,56,92,0,148,0,19,124,3,146,0,75,216,3,294,132,0,132,426
11/25/2015,BED,MA,ANE,EN,Towers with Radar,0,55,99,0,154,0,13,140,0,153,0,68,239,0,307,202,0,202,509
11/26/2015,BED,MA,ANE,EN,Towers with Radar,0,22,25,0,47,0,2,12,0,14,0,24,37,0,61,24,0,24,85
11/27/2015,BED,MA,ANE,EN,Towers with Radar,0,28,44,0,72,0,2,83,1,86,0,30,127,1,158,58,0,58,216
11/28/2015,BED,MA,ANE,EN,Towers with Radar,2,53,65,0,120,0,0,13,0,13,2,53,78,0,133,8,0,8,141
11/29/2015,BED,MA,ANE,EN,Towers with Radar,0,71,115,0,186,0,15,174,1,190,0,86,289,1,376,122,0,122,498
11/30/2015,BED,MA,ANE,EN,Towers with Radar,1,57,101,0,159,0,12,87,0,99,1,69,188,0,258,177,0,177,435
12/01/2015,BED,MA,ANE,EN,Towers with Radar,0,47,67,0,114,0,0,49,0,49,0,47,116,0,163,42,0,42,205
12/02/2015,BED,MA,ANE,EN,Towers with Radar,0,48,68,0,116,0,0,0,0,0,0,48,68,0,116,0,0,0,116
12/03/2015,BED,MA,ANE,EN,Towers with Radar,0,62,73,0,135,0,7,55,0,62,0,69,128,0,197,62,0,62,259
12/04/2015,BED,MA,ANE,EN,Towers with Radar,0,53,82,0,135,0,8,130,0,138,0,61,212,0,273,192,0,192,465
12/05/2015,BED,MA,ANE,EN,Towers with Radar,0,27,58,0,85,0,6,215,0,221,0,33,273,0,306,275,0,275,581
12/06/2015,BED,MA,ANE,EN,Towers with Radar,2,49,57,0,108,0,8,154,0,162,2,57,211,0,270,218,0,218,488
12/07/2015,BED,MA,ANE,EN,Towers with Radar,0,48,84,3,135,0,13,135,1,149,0,61,219,4,284,148,0,148,432
12/08/2015,BED,MA,ANE,EN,Towers with Radar,1,51,92,1,145,0,2,17,0,19,1,53,109,1,164,88,0,88,252
12/09/2015,BED,MA,ANE,EN,Towers with Radar,2,50,77,8,137,0,8,130,0,138,2,58,207,8,275,260,0,260,535
12/10/2015,BED,MA,ANE,EN,Towers with Radar,1,52,69,2,124,0,2,71,3,76,1,54,140,5,200,190,0,190,390
12/11/2015,BED,MA,ANE,EN,Towers with Radar,0,54,68,3,125,0,1,35,0,36,0,55,103,3,161,64,0,64,225
12/12/2015,BED,MA,ANE,EN,Towers with Radar,0,32,38,0,70,0,8,185,0,193,0,40,223,0,263,271,0,271,534
12/13/2015,BED,MA,ANE,EN,Towers with Radar,0,40,56,0,96,0,21,128,0,149,0,61,184,0,245,150,0,150,395
12/14/2015,BED,MA,ANE,EN,Towers with Radar,0,38,70,0,108,0,0,2,0,2,0,38,72,0,110,6,0,6,116
12/15/2015,BED,MA,ANE,EN,Towers with Radar,0,45,68,0,113,0,6,25,2,33,0,51,93,2,146,8,0,8,154
12/16/2015,BED,MA,ANE,EN,Towers with Radar,0,44,97,0,141,0,5,129,0,134,0,49,226,0,275,214,0,214,489
12/17/2015,BED,MA,ANE,EN,Towers with Radar,1,66,74,0,141,0,0,2,0,2,1,66,76,0,143,16,0,16,159
12/18/2015,BED,MA,ANE,EN,Towers with Radar,5,72,94,0,171,0,2,36,0,38,5,74,130,0,209,94,0,94,303
12/19/2015,BED,MA,ANE,EN,Towers with Radar,2,48,63,0,113,0,2,107,0,109,2,50,170,0,222,162,0,162,384
12/20/2015,BED,MA,ANE,EN,Towers with Radar,0,34,52,0,86,0,5,167,0,172,0,39,219,0,258,160,0,160,418
12/21/2015,BED,MA,ANE,EN,Towers with Radar,2,39,49,4,94,0,8,60,0,68,2,47,109,4,162,49,0,49,211
12/22/2015,BED,MA,ANE,EN,Towers with Radar,1,44,57,0,102,0,4,5,0,9,1,48,62,0,111,32,0,32,143
12/23/2015,BED,MA,ANE,EN,Towers with Radar,1,49,62,1,113,0,4,61,0,65,1,53,123,1,178,118,0,118,296
12/24/2015,BED,MA,ANE,EN,Towers with Radar,0,22,35,0,57,0,6,12,0,18,0,28,47,0,75,56,0,56,131
12/25/2015,BED,MA,ANE,EN,Towers with Radar,1,26,18,0,45,0,4,16,0,20,1,30,34,0,65,0,0,0,65
12/26/2015,BED,MA,ANE,EN,Towers with Radar,1,73,77,0,151,0,3,120,0,123,1,76,197,0,274,228,0,228,502
12/27/2015,BED,MA,ANE,EN,Towers with Radar,0,72,50,0,122,0,0,0,0,0,0,72,50,0,122,0,0,0,122
12/28/2015,BED,MA,ANE,EN,Towers with Radar,0,39,38,2,79,0,4,110,0,114,0,43,148,2,193,172,0,172,365
12/29/2015,BED,MA,ANE,EN,Towers with Radar,0,28,16,0,44,0,0,0,0,0,0,28,16,0,44,0,0,0,44
12/30/2015,BED,MA,ANE,EN,Towers with Radar,0,39,24,0,63,0,0,0,0,0,0,39,24,0,63,0,0,0,63
12/31/2015,BED,MA,ANE,EN,Towers with Radar,0,32,60,0,92,0,4,63,0,67,0,36,123,0,159,94,0,94,253
01/01/2016,BED,MA,ANE,EN,Towers with Radar,1,26,18,0,45,0,3,45,0,48,1,29,63,0,93,161,0,161,254
01/02/2016,BED,MA,ANE,EN,Towers with Radar,2,44,82,0,128,0,3,149,0,152,2,47,231,0,280,139,0,139,419
01/03/2016,BED,MA,ANE,EN,Towers with Radar,4,52,70,0,126,0,5,140,0,145,4,57,210,0,271,152,0,152,423
01/04/2016,BED,MA,ANE,EN,Towers with Radar,0,36,49,2,87,0,1,47,0,48,0,37,96,2,135,116,0,116,251
01/05/2016,BED,MA,ANE,EN,Towers with Radar,1,33,63,0,97,0,4,46,0,50,1,37,109,0,147,40,0,40,187
01/06/2016,BED,MA,ANE,EN,Towers with Radar,2,36,52,2,92,0,3,131,0,134,2,39,183,2,226,120,0,120,346
01/07/2016,BED,MA,ANE,EN,Towers with Radar,2,34,61,2,99,0,4,96,0,100,2,38,157,2,199,116,0,116,315
01/08/2016,BED,MA,ANE,EN,Towers with Radar,0,38,50,3,91,0,4,49,0,53,0,42,99,3,144,166,0,166,310
01/09/2016,BED,MA,ANE,EN,Towers with Radar,0,29,44,0,73,0,0,0,0,0,0,29,44,0,73,16,0,16,89
01/10/2016,BED,MA,ANE,EN,Towers with Radar,0,41,33,0,74,0,0,0,0,0,0,41,33,0,74,0,0,0,74
01/11/2016,BED,MA,ANE,EN,Towers with Radar,0,38,53,2,93,0,15,54,0,69,0,53,107,2,162,28,0,28,190
01/12/2016,BED,MA,ANE,EN,Towers with Radar,0,40,60,0,100,0,4,75,3,82,0,44,135,3,182,83,0,83,265
01/13/2016,BED,MA,ANE,EN,Towers with Radar,1,35,63,0,99,0,5,14,3,22,1,40,77,3,121,6,0,6,127
01/14/2016,BED,MA,ANE,EN,Towers with Radar,1,38,88,0,127,0,12,87,0,99,1,50,175,0,226,120,0,120,346
01/15/2016,BED,MA,ANE,EN,Towers with Radar,1,50,73,0,124,0,6,82,0,88,1,56,155,0,212,142,0,142,354
01/16/2016,BED,MA,ANE,EN,Towers with Radar,2,48,17,0,67,0,0,3,0,3,2,48,20,0,70,8,0,8,78
01/17/2016,BED,MA,ANE,EN,Towers with Radar,2,23,40,0,65,0,6,120,0,126,2,29,160,0,191,208,0,208,399
01/18/2016,BED,MA,ANE,EN,Towers with Radar,2,52,67,0,121,0,9,12,0,21,2,61,79,0,142,2,0,2,144
01/19/2016,BED,MA,ANE,EN,Towers with Radar,0,52,54,0,106,0,5,11,0,16,0,57,65,0,122,2,0,2,124
01/20/2016,BED,MA,ANE,EN,Towers with Radar,0,36,59,1,96,0,10,38,0,48,0,46,97,1,144,34,0,34,178
01/21/2016,BED,MA,ANE,EN,Towers with Radar,2,40,63,0,105,0,10,106,0,116,2,50,169,0,221,102,0,102,323
01/22/2016,BED,MA,ANE,EN,Towers with Radar,0,32,40,0,72,0,4,126,2,132,0,36,166,2,204,72,0,72,276
01/23/2016,BED,MA,ANE,EN,Towers with Radar,3,16,17,0,36,0,0,20,0,20,3,16,37,0,56,78,0,78,134
01/24/2016,BED,MA,ANE,EN,Towers with Radar,2,38,47,0,87,0,10,78,0,88,2,48,125,0,175,124,0,124,299
01/25/2016,BED,MA,ANE,EN,Towers with Radar,1,33,58,0,92,0,4,78,1,83,1,37,136,1,175,140,0,140,315
01/26/2016,BED,MA,ANE,EN,Towers with Radar,3,47,61,0,111,0,5,77,0,82,3,52,138,0,193,88,0,88,281
01/27/2016,BED,MA,ANE,EN,Towers with Radar,0,49,66,0,115,0,10,100,0,110,0,59,166,0,225,90,0,90,315
01/28/2016,BED,MA,ANE,EN,Towers with Radar,2,39,72,2,115,0,9,148,1,158,2,48,220,3,273,162,0,162,435
01/29/2016,BED,MA,ANE,EN,Towers with Radar,0,54,59,0,113,0,0,26,0,26,0,54,85,0,139,46,0,46,185
01/30/2016,BED,MA,ANE,EN,Towers with Radar,1,36,56,2,95,0,9,194,4,207,1,45,250,6,302,174,0,174,476
01/31/2016,BED,MA,ANE,EN,Towers with Radar,0,54,65,0,119,0,7,181,0,188,0,61,246,0,307,210,0,210,517
02/01/2016,BED,MA,ANE,EN,Towers with Radar,0,29,68,0,97,0,5,107,0,112,0,34,175,0,209,146,0,146,355
02/02/2016,BED,MA,ANE,EN,Towers with Radar,0,51,64,0,115,0,4,140,7,151,0,55,204,7,266,150,0,150,416
02/03/2016,BED,MA,ANE,EN,Towers with Radar,2,45,40,0,87,0,4,8,0,12,2,49,48,0,99,28,0,28,127
02/04/2016,BED,MA,ANE,EN,Towers with Radar,1,50,63,0,114,0,12,74,0,86,1,62,137,0,200,70,0,70,270
02/05/2016,BED,MA,ANE,EN,Towers with Radar,1,48,59,0,108,0,3,5,0,8,1,51,64,0,116,0,0,0,116
02/06/2016,BED,MA,ANE,EN,Towers with Radar,3,43,41,0,87,0,9,131,1,141,3,52,172,1,228,106,0,106,334
02/07/2016,BED,MA,ANE,EN,Towers with Radar,0,46,34,0,80,0,6,151,0,157,0,52,185,0,237,174,0,174,411
02/08/2016,BED,MA,ANE,EN,Towers with Radar,3,30,22,0,55,0,1,0,0,1,3,31,22,0,56,0,0,0,56
02/09/2016,BED,MA,ANE,EN,Towers with Radar,0,38,39,2,79,0,2,12,2,16,0,40,51,4,95,24,0,24,119
02/10/2016,BED,MA,ANE,EN,Towers with Radar,1,53,63,4,121,0,1,0,0,1,1,54,63,4,122,4,0,4,126
02/11/2016,BED,MA,ANE,EN,Towers with Radar,2,60,70,0,132,0,5,32,0,37,2,65,102,0,169,21,0,21,190
02/12/2016,BED,MA,ANE,EN,Towers with Radar,0,64,78,0,142,0,12,80,0,92,0,76,158,0,234,58,2,60,294
02/13/2016,BED,MA,ANE,EN,Towers with Radar,2,44,34,1,81,0,9,38,0,47,2,53,72,1,128,56,0,56,184
02/14/2016,BED,MA,ANE,EN,Towers with Radar,2,33,13,0,48,0,3,13,0,16,2,36,26,0,64,0,0,0,64
02/15/2016,BED,MA,ANE,EN,Towers with Radar,2,48,47,0,97,0,0,56,0,56,2,48,103,0,153,120,0,120,273
02/16/2016,BED,MA,ANE,EN,Towers with Radar,0,41,53,0,94,0,0,0,0,0,0,41,53,0,94,0,0,0,94
02/17/2016,BED,MA,ANE,EN,Towers with Radar,1,42,56,2,101,0,1,102,0,103,1,43,158,2,204,154,0,154,358
02/18/2016,BED,MA,ANE,EN,Towers with Radar,0,46,86,0,132,0,2,86,0,88,0,48,172,0,220,112,0,112,332
02/19/2016,BED,MA,ANE,EN,Towers with Radar,0,52,62,0,114,0,14,132,0,146,0,66,194,0,260,118,0,118,378
02/20/2016,BED,MA,ANE,EN,Towers with Radar,0,40,56,1,97,0,6,82,0,88,0,46,138,1,185,90,0,90,275
02/21/2016,BED,MA,ANE,EN,Towers with Radar,2,54,62,1,119,0,4,184,0,188,2,58,246,1,307,236,0,236,543
02/22/2016,BED,MA,ANE,EN,Towers with Radar,0,46,54,8,108,0,23,100,0,123,0,69,154,8,231,166,0,166,397
02/23/2016,BED,MA,ANE,EN,Towers with Radar,0,46,78,2,126,0,3,64,0,67,0,49,142,2,193,88,0,88,281
02/24/2016,BED,MA,ANE,EN,Towers with Radar,1,43,56,0,100,0,0,0,0,0,1,43,56,0,100,0,0,0,100
02/25/2016,BED,MA,ANE,EN,Towers with Radar,4,61,61,0,126,0,0,11,0,11,4,61,72,0,137,2,0,2,139
02/26/2016,BED,MA,ANE,EN,Towers with Radar,0,42,57,0,99,0,7,51,0,58,0,49,108,0,157,52,0,52,209
02/27/2016,BED,MA,ANE,EN,Towers with Radar,1,17,51,0,69,0,5,177,0,182,1,22,228,0,251,206,0,206,457
02/28/2016,BED,MA,ANE,EN,Towers with Radar,0,43,56,0,99,0,3,160,0,163,0,46,216,0,262,180,0,180,442
02/29/2016,BED,MA,ANE,EN,Towers with Radar,0,40,51,0,91,0,5,40,0,45,0,45,91,0,136,75,0,75,211
03/01/2016,BED,MA,ANE,EN,Towers with Radar,0,43,77,2,122,0,10,147,5,162,0,53,224,7,284,160,0,160,444
03/02/2016,BED,MA,ANE,EN,Towers with Radar,0,30,49,2,81,0,4,14,2,20,0,34,63,4,101,24,0,24,125
03/03/2016,BED,MA,ANE,EN,Towers with Radar,0,51,64,2,117,0,6,114,0,120,0,57,178,2,237,108,0,108,345
03/04/2016,BED,MA,ANE,EN,Towers with Radar,2,65,61,1,129,0,2,19,0,21,2,67,80,1,150,44,0,44,194
03/05/2016,BED,MA,ANE,EN,Towers with Radar,0,23,49,2,74,0,8,197,0,205,0,31,246,2,279,233,0,233,512
03/06/2016,BED,MA,ANE,EN,Towers with Radar,1,58,50,3,112,0,10,177,4,191,1,68,227,7,303,192,0,192,495
03/07/2016,BED,MA,ANE,EN,Towers with Radar,0,30,55,2,87,0,1,95,0,96,0,31,150,2,183,94,0,94,277
03/08/2016,BED,MA,ANE,EN,Towers with Radar,1,35,67,2,105,0,13,125,0,138,1,48,192,2,243,176,0,176,419
03/09/2016,BED,MA,ANE,EN,Towers with Radar,7,62,71,3,143,0,49,153,3,205,7,111,224,6,348,238,0,238,586
03/10/2016,BED,MA,ANE,EN,Towers with Radar,1,61,77,0,139,0,0,38,1,39,1,61,115,1,178,90,0,90,268
03/11/2016,BED,MA,ANE,EN,Towers with Radar,2,42,85,0,129,0,7,71,0,78,2,49,156,0,207,34,0,34,241
03/12/2016,BED,MA,ANE,EN,Towers with Radar,1,36,42,0,79,0,4,189,0,193,1,40,231,0,272,202,0,202,474
03/13/2016,BED,MA,ANE,EN,Towers with Radar,2,32,49,0,83,0,10,153,0,163,2,42,202,0,246,110,0,110,356
03/14/2016,BED,MA,ANE,EN,Towers with Radar,2,27,57,0,86,0,0,9,0,9,2,27,66,0,95,38,0,38,133
03/15/2016,BED,MA,ANE,EN,Towers with Radar,0,39,59,0,98,0,0,0,0,0,0,39,59,0,98,0,0,0,98
03/16/2016,BED,MA,ANE,EN,Towers with Radar,1,44,80,2,127,0,4,41,0,45,1,48,121,2,172,55,0,55,227
03/17/2016,BED,MA,ANE,EN,Towers with Radar,2,50,62,0,114,0,6,74,0,80,2,56,136,0,194,70,0,70,264
03/18/2016,BED,MA,ANE,EN,Towers with Radar,0,35,55,2,92,0,4,64,0,68,0,39,119,2,160,66,0,66,226
03/19/2016,BED,MA,ANE,EN,Towers with Radar,0,30,54,0,84,0,8,216,0,224,0,38,270,0,308,185,0,185,493
03/20/2016,BED,MA,ANE,EN,Towers with Radar,3,49,66,0,118,0,4,116,0,120,3,53,182,0,238,118,0,118,356
03/21/2016,BED,MA,ANE,EN,Towers with Radar,0,47,42,0,89,0,3,10,0,13,0,50,52,0,102,12,0,12,114
03/22/2016,BED,MA,ANE,EN,Towers with Radar,1,37,59,4,101,0,7,113,1,121,1,44,172,5,222,116,0,116,338
03/23/2016,BED,MA,ANE,EN,Towers with Radar,2,45,59,1,107,0,0,72,1,73,2,45,131,2,180,108,0,108,288
03/24/2016,BED,MA,ANE,EN,Towers with Radar,3,71,65,2,141,0,4,34,4,42,3,75,99,6,183,82,0,82,265
03/25/2016,BED,MA,ANE,EN,Towers with Radar,2,48,51,1,102,0,0,0,0,0,2,48,51,1,102,0,0,0,102
03/26/2016,BED,MA,ANE,EN,Towers with Radar,0,28,55,0,83,0,17,172,0,189,0,45,227,0,272,272,0,272,544
03/27/2016,BED,MA,ANE,EN,Towers with Radar,1,63,67,0,131,0,10,57,0,67,1,73,124,0,198,66,0,66,264
03/28/2016,BED,MA,ANE,EN,Towers with Radar,2,56,90,0,148,0,0,1,0,1,2,56,91,0,149,0,0,0,149
03/29/2016,BED,MA,ANE,EN,Towers with Radar,0,48,56,1,105,0,5,27,1,33,0,53,83,2,138,28,0,28,166
03/30/2016,BED,MA,ANE,EN,Towers with Radar,3,45,64,0,112,0,2,133,0,135,3,47,197,0,247,110,0,110,357
03/31/2016,BED,MA,ANE,EN,Towers with Radar,1,50,53,0,104,0,5,33,1,39,1,55,86,1,143,22,0,22,165
04/01/2016,BED,MA,ANE,EN,Towers with Radar,0,47,67,0,114,0,4,23,1,28,0,51,90,1,142,33,0,33,175
04/02/2016,BED,MA,ANE,EN,Towers with Radar,0,34,62,2,98,0,0,47,0,47,0,34,109,2,145,88,0,88,233
04/03/2016,BED,MA,ANE,EN,Towers with Radar,2,46,39,0,87,0,1,3,2,6,2,47,42,2,93,0,0,0,93
04/04/2016,BED,MA,ANE,EN,Towers with Radar,1,50,49,0,100,0,1,0,0,1,1,51,49,0,101,0,0,0,101
04/05/2016,BED,MA,ANE,EN,Towers with Radar,0,62,65,0,127,0,11,73,0,84,0,73,138,0,211,74,0,74,285
04/06/2016,BED,MA,ANE,EN,Towers with Radar,0,43,85,1,129,0,7,138,2,147,0,50,223,3,276,102,0,102,378
04/07/2016,BED,MA,ANE,EN,Towers with Radar,0,48,71,0,119,0,0,0,0,0,0,48,71,0,119,0,0,0,119
04/08/2016,BED,MA,ANE,EN,Towers with Radar,1,59,69,1,130,0,7,86,8,101,1,66,155,9,231,70,0,70,301
04/09/2016,BED,MA,ANE,EN,Towers with Radar,0,37,50,3,90,0,6,206,0,212,0,43,256,3,302,220,0,220,522
04/10/2016,BED,MA,ANE,EN,Towers with Radar,0,56,58,2,116,0,6,166,5,177,0,62,224,7,293,154,0,154,447
04/11/2016,BED,MA,ANE,EN,Towers with Radar,0,52,52,2,106,0,13,29,2,44,0,65,81,4,150,42,0,42,192
04/12/2016,BED,MA,ANE,EN,Towers with Radar,0,58,68,1,127,0,2,20,0,22,0,60,88,1,149,26,0,26,175
04/13/2016,BED,MA,ANE,EN,Towers with Radar,0,47,61,0,108,0,18,138,0,156,0,65,199,0,264,126,0,126,390
04/14/2016,BED,MA,ANE,EN,Towers with Radar,1,53,71,0,125,0,8,145,0,153,1,61,216,0,278,124,0,124,402
04/15/2016,BED,MA,ANE,EN,Towers with Radar,1,66,75,7,149,0,6,122,0,128,1,72,197,7,277,110,0,110,387
04/16/2016,BED,MA,ANE,EN,Towers with Radar,0,46,49,0,95,0,9,123,4,136,0,55,172,4,231,150,0,150,381
04/17/2016,BED,MA,ANE,EN,Towers with Radar,0,44,66,6,116,0,5,226,1,232,0,49,292,7,348,218,0,218,566
04/18/2016,BED,MA,ANE,EN,Towers with Radar,0,67,70,0,137,0,13,165,6,184,0,80,235,6,321,152,0,152,473
04/19/2016,BED,MA,ANE,EN,Towers with Radar,0,53,102,0,155,0,6,51,0,57,0,59,153,0,212,69,0,69,281
04/20/2016,BED,MA,ANE,EN,Towers with Radar,1,50,59,0,110,0,8,136,4,148,1,58,195,4,258,102,0,102,360
04/21/2016,BED,MA,ANE,EN,Towers with Radar,0,51,71,1,123,0,7,119,0,126,0,58,190,1,249,264,0,264,513
04/22/2016,BED,MA,ANE,EN,Towers with Radar,0,75,75,1,151,0,10,105,2,117,0,85,180,3,268,128,0,128,396
04/23/2016,BED,MA,ANE,EN,Towers with Radar,0,46,64,2,112,0,10,117,5,132,0,56,181,7,244,154,0,154,398
04/24/2016,BED,MA,ANE,EN,Towers with Radar,0,55,60,2,117,0,16,184,1,201,0,71,244,3,318,198,0,198,516
04/25/2016,BED,MA,ANE,EN,Towers with Radar,1,55,70,2,128,0,3,86,0,89,1,58,156,2,217,126,0,126,343
04/26/2016,BED,MA,ANE,EN,Towers with Radar,0,57,61,0,118,0,0,6,0,6,0,57,67,0,124,8,0,8,132
04/27/2016,BED,MA,ANE,EN,Towers with Radar,1,55,67,0,123,0,17,155,0,172,1,72,222,0,295,164,0,164,459
04/28/2016,BED,MA,ANE,EN,Towers with Radar,0,59,82,1,142,0,14,121,0,135,0,73,203,1,277,194,0,194,471
04/29/2016,BED,MA,ANE,EN,Towers with Radar,0,52,61,2,115,0,10,123,1,134,0,62,184,3,249,142,0,142,391
04/30/2016,BED,MA,ANE,EN,Towers with Radar,1,27,54,1,83,0,14,280,0,294,1,41,334,1,377,296,0,296,673
05/01/2016,BED,MA,ANE,EN,Towers with Radar,0,49,70,1,120,0,9,107,0,116,0,58,177,1,236,212,0,212,448
05/02/2016,BED,MA,ANE,EN,Towers with Radar,0,56,87,4,147,0,0,0,0,0,0,56,87,4,147,0,0,0,147
05/03/2016,BED,MA,ANE,EN,Towers with Radar,0,51,98,2,151,0,4,17,0,21,0,55,115,2,172,44,0,44,216
05/04/2016,BED,MA,ANE,EN,Towers with Radar,0,65,66,0,131,0,11,19,0,30,0,76,85,0,161,76,0,76,237
05/05/2016,BED,MA,ANE,EN,Towers with Radar,0,62,99,0,161,0,2,0,0,2,0,64,99,0,163,12,0,12,175
05/06/2016,BED,MA,ANE,EN,Towers with Radar,0,72,72,1,145,0,8,54,0,62,0,80,126,1,207,162,0,162,369
05/07/2016,BED,MA,ANE,EN,Towers with Radar,0,35,73,0,108,0,0,3,0,3,0,35,76,0,111,30,0,30,141
05/08/2016,BED,MA,ANE,EN,Towers with Radar,0,56,68,0,124,0,10,27,0,37,0,66,95,0,161,48,0,48,209
05/09/2016,BED,MA,ANE,EN,Towers with Radar,0,56,87,3,146,0,13,77,0,90,0,69,164,3,236,68,0,68,304
05/10/2016,BED,MA,ANE,EN,Towers with Radar,0,58,76,5,139,0,31,141,1,173,0,89,217,6,312,236,0,236,548
05/11/2016,BED,MA,ANE,EN,Towers with Radar,0,58,63,1,122,0,13,171,2,186,0,71,234,3,308,154,0,154,462
05/12/2016,BED,MA,ANE,EN,Towers with Radar,1,44,86,2,133,0,20,202,4,226,1,64,288,6,359,202,0,202,561
05/13/2016,BED,MA,ANE,EN,Towers with Radar,0,46,65,0,111,0,5,69,0,74,0,51,134,0,185,166,0,166,351
05/14/2016,BED,MA,ANE,EN,Towers with Radar,2,45,48,0,95,0,18,206,0,224,2,63,254,0,319,156,0,156,475
05/15/2016,BED,MA,ANE,EN,Towers with Radar,0,56,62,2,120,0,8,58,0,66,0,64,120,2,186,36,0,36,222
05/16/2016,BED,MA,ANE,EN,Towers with Radar,0,40,62,3,105,0,5,33,0,38,0,45,95,3,143,43,0,43,186
05/17/2016,BED,MA,ANE,EN,Towers with Radar,0,57,95,1,153,0,21,167,0,188,0,78,262,1,341,160,0,160,501
05/18/2016,BED,MA,ANE,EN,Towers with Radar,0,65,79,1,145,0,8,143,0,151,0,73,222,1,296,194,0,194,490
05/19/2016,BED,MA,ANE,EN,Towers with Radar,0,58,84,2,144,0,10,164,3,177,0,68,248,5,321,288,0,288,609
05/20/2016,BED,MA,ANE,EN,Towers with Radar,0,51,65,0,116,0,17,186,2,205,0,68,251,2,321,254,0,254,575
05/21/2016,BED,MA,ANE,EN,Towers with Radar,1,37,38,0,76,0,5,208,0,213,1,42,246,0,289,208,0,208,497
05/22/2016,BED,MA,ANE,EN,Towers with Radar,0,74,69,1,144,0,8,100,0,108,0,82,169,1,252,246,0,246,498
05/23/2016,BED,MA,ANE,EN,Towers with Radar,1,53,70,2,126,0,9,135,0,144,1,62,205,2,270,268,0,268,538
05/24/2016,BED,MA,ANE,EN,Towers with Radar,0,55,97,0,152,0,0,1,0,1,0,55,98,0,153,6,0,6,159
05/25/2016,BED,MA,ANE,EN,Towers with Radar,0,42,75,0,117,0,9,138,3,150,0,51,213,3,267,180,0,180,447
05/26/2016,BED,MA,ANE,EN,Towers with Radar,3,54,89,0,146,0,10,172,1,183,3,64,261,1,329,250,0,250,579
05/27/2016,BED,MA,ANE,EN,Towers with Radar,0,66,76,0,142,0,14,172,1,187,0,80,248,1,329,172,0,172,501
05/28/2016,BED,MA,ANE,EN,Towers with Radar,0,23,40,0,63,0,6,178,0,184,0,29,218,0,247,101,0,101,348
05/29/2016,BED,MA,ANE,EN,Towers with Radar,0,31,46,0,77,0,1,7,0,8,0,32,53,0,85,38,0,38,123
05/30/2016,BED,MA,ANE,EN,Towers with Radar,0,67,53,1,121,0,7,13,0,20,0,74,66,1,141,0,0,0,141
05/31/2016,BED,MA,ANE,EN,Towers with Radar,0,58,65,3,126,0,29,182,0,211,0,87,247,3,337,220,0,220,557
06/01/2016,BED,MA,ANE,EN,Towers with Radar,0,47,67,0,114,0,7,131,1,139,0,54,198,1,253,200,0,200,453
06/02/2016,BED,MA,ANE,EN,Towers with Radar,0,63,92,0,155,0,2,74,0,76,0,65,166,0,231,92,0,92,323
06/03/2016,BED,MA,ANE,EN,Towers with Radar,0,63,68,0,131,0,8,68,0,76,0,71,136,0,207,184,1,185,392
06/04/2016,BED,MA,ANE,EN,Towers with Radar,0,52,79,0,131,0,15,157,1,173,0,67,236,1,304,164,0,164,468
06/05/2016,BED,MA,ANE,EN,Towers with Radar,0,64,75,0,139,0,2,1,0,3,0,66,76,0,142,0,0,0,142
06/06/2016,BED,MA,ANE,EN,Towers with Radar,0,46,66,0,112,0,9,104,0,113,0,55,170,0,225,162,0,162,387
06/07/2016,BED,MA,ANE,EN,Towers with Radar,0,54,70,0,124,0,7,89,0,96,0,61,159,0,220,198,0,198,418
06/08/2016,BED,MA,ANE,EN,Towers with Radar,0,47,88,0,135,0,10,131,0,141,0,57,219,0,276,134,0,134,410
06/09/2016,BED,MA,ANE,EN,Towers with Radar,0,63,83,0,146,0,6,67,8,81,0,69,150,8,227,48,0,48,275
06/10/2016,BED,MA,ANE,EN,Towers with Radar,0,60,83,1,144,0,8,152,5,165,0,68,235,6,309,112,0,112,421
06/11/2016,BED,MA,ANE,EN,Towers with Radar,2,35,57,0,94,0,4,136,1,141,2,39,193,1,235,168,0,168,403
06/12/2016,BED,MA,ANE,EN,Towers with Radar,0,57,61,1,119,0,15,68,0,83,0,72,129,1,202,48,0,48,250
06/13/2016,BED,MA,ANE,EN,Towers with Radar,0,52,55,2,109,0,8,61,0,69,0,60,116,2,178,92,0,92,270
06/14/2016,BED,MA,ANE,EN,Towers with Radar,0,40,82,4,126,0,13,96,3,112,0,53,178,7,238,72,0,72,310
06/15/2016,BED,MA,ANE,EN,Towers with Radar,0,39,79,6,124,0,14,154,1,169,0,53,233,7,293,170,0,170,463
06/16/2016,BED,MA,ANE,EN,Towers with Radar,1,51,73,1,126,0,12,166,0,178,1,63,239,1,304,166,0,166,470
06/17/2016,BED,MA,ANE,EN,Towers with Radar,0,44,84,4,132,0,17,156,0,173,0,61,240,4,305,120,0,120,425
06/18/2016,BED,MA,ANE,EN,Towers with Radar,0,29,43,2,74,0,11,208,0,219,0,40,251,2,293,240,0,240,533
06/19/2016,BED,MA,ANE,EN,Towers with Radar,3,39,49,0,91,0,11,160,0,171,3,50,209,0,262,148,0,148,410
06/20/2016,BED,MA,ANE,EN,Towers with Radar,0,61,65,2,128,0,15,133,0,148,0,76,198,2,276,134,0,134,410
06/21/2016,BED,MA,ANE,EN,Towers with Radar,0,47,82,2,131,0,11,107,0,118,0,58,189,2,249,120,0,120,369
06/22/2016,BED,MA,ANE,EN,Towers with Radar,0,42,84,1,127,0,4,139,1,144,0,46,223,2,271,136,0,136,407
06/23/2016,BED,MA,ANE,EN,Towers with Radar,0,62,81,3,146,0,16,147,2,165,0,78,228,5,311,184,0,184,495
06/24/2016,BED,MA,ANE,EN,Towers with Radar,2,62,64,1,129,0,11,170,1,182,2,73,234,2,311,148,0,148,459
06/25/2016,BED,MA,ANE,EN,Towers with Radar,0,28,52,1,81,0,13,221,0,234,0,41,273,1,315,222,0,222,537
06/26/2016,BED,MA,ANE,EN,Towers with Radar,0,56,73,0,129,0,17,213,0,230,0,73,286,0,359,166,0,166,525
06/27/2016,BED,MA,ANE,EN,Towers with Radar,0,47,63,2,112,0,6,110,4,120,0,53,173,6,232,106,0,106,338
06/28/2016,BED,MA,ANE,EN,Towers with Radar,0,51,92,3,146,0,0,49,19,68,0,51,141,22,214,106,0,106,320
06/29/2016,BED,MA,ANE,EN,Towers with Radar,2,41,74,2,119,0,1,63,0,64,2,42,137,2,183,108,0,108,291
06/30/2016,BED,MA,ANE,EN,Towers with Radar,0,68,87,1,156,0,12,190,0,202,0,80,277,1,358,198,0,198,556
07/01/2016,BED,MA,ANE,EN,Towers with Radar,0,57,63,1,121,0,8,151,0,159,0,65,214,1,280,194,0,194,474
07/02/2016,BED,MA,ANE,EN,Towers with Radar,1,29,29,1,60,0,12,203,0,215,1,41,232,1,275,148,0,148,423
07/03/2016,BED,MA,ANE,EN,Towers with Radar,2,23,33,2,60,0,11,149,0,160,2,34,182,2,220,102,0,102,322
07/04/2016,BED,MA,ANE,EN,Towers with Radar,0,36,32,1,69,0,13,133,0,146,0,49,165,1,215,54,0,54,269
07/05/2016,BED,MA,ANE,EN,Towers with Radar,0,57,78,0,135,0,0,42,0,42,0,57,120,0,177,56,0,56,233
07/06/2016,BED,MA,ANE,EN,Towers with Radar,2,38,48,0,88,0,22,136,0,158,2,60,184,0,246,140,0,140,386
07/07/2016,BED,MA,ANE,EN,Towers with Radar,0,36,75,0,111,0,3,88,0,91,0,39,163,0,202,128,0,128,330
07/08/2016,BED,MA,ANE,EN,Towers with Radar,0,61,88,2,151,0,4,33,0,37,0,65,121,2,188,114,0,114,302
07/09/2016,BED,MA,ANE,EN,Towers with Radar,0,30,78,2,110,0,0,11,0,11,0,30,89,2,121,28,0,28,149
07/10/2016,BED,MA,ANE,EN,Towers with Radar,1,54,93,1,149,0,0,1,0,1,1,54,94,1,150,0,0,0,150
07/11/2016,BED,MA,ANE,EN,Towers with Radar,1,57,87,2,147,0,3,118,2,123,1,60,205,4,270,166,0,166,436
07/12/2016,BED,MA,ANE,EN,Towers with Radar,0,42,75,1,118,0,11,196,0,207,0,53,271,1,325,184,0,184,509
07/13/2016,BED,MA,ANE,EN,Towers with Radar,0,56,63,1,120,0,17,172,0,189,0,73,235,1,309,212,0,212,521
07/14/2016,BED,MA,ANE,EN,Towers with Radar,0,59,65,1,125,0,2,77,0,79,0,61,142,1,204,164,0,164,368
07/15/2016,BED,MA,ANE,EN,Towers with Radar,0,60,56,0,116,0,13,156,0,169,0,73,212,0,285,130,0,130,415
07/16/2016,BED,MA,ANE,EN,Towers with Radar,0,26,34,0,60,0,10,227,0,237,0,36,261,0,297,244,0,244,541
07/17/2016,BED,MA,ANE,EN,Towers with Radar,0,62,60,4,126,0,6,126,0,132,0,68,186,4,258,156,0,156,414
07/18/2016,BED,MA,ANE,EN,Towers with Radar,0,49,68,0,117,0,20,113,0,133,0,69,181,0,250,144,0,144,394
07/19/2016,BED,MA,ANE,EN,Towers with Radar,0,52,62,0,114,0,15,170,0,185,0,67,232,0,299,198,0,198,497
07/20/2016,BED,MA,ANE,EN,Towers with Radar,0,42,68,0,110,0,11,180,0,191,0,53,248,0,301,172,0,172,473
07/21/2016,BED,MA,ANE,EN,Towers with Radar,1,54,76,2,133,0,18,177,1,196,1,72,253,3,329,202,0,202,531
07/22/2016,BED,MA,ANE,EN,Towers with Radar,0,51,55,3,109,0,10,127,0,137,0,61,182,3,246,170,0,170,416
07/23/2016,BED,MA,ANE,EN,Towers with Radar,2,36,34,0,72,0,11,162,0,173,2,47,196,0,245,102,0,102,347
07/24/2016,BED,MA,ANE,EN,Towers with Radar,0,39,61,1,101,0,18,182,0,200,0,57,243,1,301,126,0,126,427
07/25/2016,BED,MA,ANE,EN,Towers with Radar,0,51,74,2,127,0,4,91,2,97,0,55,165,4,224,130,0,130,354
07/26/2016,BED,MA,ANE,EN,Towers with Radar,0,42,65,4,111,0,9,137,0,146,0,51,202,4,257,110,0,110,367
07/27/2016,BED,MA,ANE,EN,Towers with Radar,0,49,90,0,139,0,8,151,0,159,0,57,241,0,298,102,0,102,400
07/28/2016,BED,MA,ANE,EN,Towers with Radar,1,42,75,0,118,0,9,152,4,165,1,51,227,4,283,132,0,132,415
07/29/2016,BED,MA,ANE,EN,Towers with Radar,0,49,73,3,125,0,3,84,1,88,0,52,157,4,213,104,0,104,317
07/30/2016,BED,MA,ANE,EN,Towers with Radar,2,19,35,0,56,0,3,213,0,216,2,22,248,0,272,190,0,190,462
07/31/2016,BED,MA,ANE,EN,Towers with Radar,0,59,70,0,129,0,1,4,0,5,0,60,74,0,134,0,0,0,134
08/01/2016,BED,MA,ANE,EN,Towers with Radar,0,66,92,2,160,0,4,26,0,30,0,70,118,2,190,24,0,24,214
08/02/2016,BED,MA,ANE,EN,Towers with Radar,0,38,80,2,120,0,7,69,0,76,0,45,149,2,196,80,0,80,276
08/03/2016,BED,MA,ANE,EN,Towers with Radar,10,47,55,0,112,0,4,153,0,157,10,51,208,0,269,138,0,138,407
08/04/2016,BED,MA,ANE,EN,Towers with Radar,0,39,65,4,108,0,10,170,4,184,0,49,235,8,292,94,0,94,386
08/05/2016,BED,MA,ANE,EN,Towers with Radar,0,49,48,0,97,0,15,163,1,179,0,64,211,1,276,114,0,114,390
08/06/2016,BED,MA,ANE,EN,Towers with Radar,0,28,35,0,63,0,6,122,0,128,0,34,157,0,191,260,0,260,451
08/07/2016,BED,MA,ANE,EN,Towers with Radar,0,44,52,0,96,0,13,160,0,173,0,57,212,0,269,110,0,110,379
08/08/2016,BED,MA,ANE,EN,Towers with Radar,0,49,57,0,106,0,6,146,1,153,0,55,203,1,259,110,0,110,369
08/09/2016,BED,MA,ANE,EN,Towers with Radar,0,42,97,0,139,0,15,172,0,187,0,57,269,0,326,205,0,205,531
08/10/2016,BED,MA,ANE,EN,Towers with Radar,0,63,80,0,143,0,1,14,0,15,0,64,94,0,158,42,0,42,200
08/11/2016,BED,MA,ANE,EN,Towers with Radar,0,53,89,0,142,0,17,145,1,163,0,70,234,1,305,112,2,114,419
08/12/2016,BED,MA,ANE,EN,Towers with Radar,0,43,59,1,103,0,4,60,0,64,0,47,119,1,167,80,0,80,247
08/13/2016,BED,MA,ANE,EN,Towers with Radar,0,30,66,0,96,0,0,34,2,36,0,30,100,2,132,84,0,84,216
08/14/2016,BED,MA,ANE,EN,Towers with Radar,2,46,39,3,90,0,11,110,0,121,2,57,149,3,211,156,0,156,367
08/15/2016,BED,MA,ANE,EN,Towers with Radar,2,50,64,0,116,0,7,123,0,130,2,57,187,0,246,128,0,128,374
08/16/2016,BED,MA,ANE,EN,Towers with Radar,0,36,86,0,122,0,4,91,0,95,0,40,177,0,217,118,0,118,335
08/17/2016,BED,MA,ANE,EN,Towers with Radar,0,35,62,0,97,0,9,125,0,134,0,44,187,0,231,94,0,94,325
08/18/2016,BED,MA,ANE,EN,Towers with Radar,0,48,79,1,128,0,7,184,0,191,0,55,263,1,319,220,0,220,539
08/19/2016,BED,MA,ANE,EN,Towers with Radar,0,36,62,2,100,0,15,179,2,196,0,51,241,4,296,246,0,246,542
08/20/2016,BED,MA,ANE,EN,Towers with Radar,0,28,83,6,117,0,6,88,0,94,0,34,171,6,211,168,0,168,379
08/21/2016,BED,MA,ANE,EN,Towers with Radar,0,35,68,3,106,0,9,148,0,157,0,44,216,3,263,174,0,174,437
08/22/2016,BED,MA,ANE,EN,Towers with Radar,0,35,82,1,118,0,16,104,1,121,0,51,186,2,239,68,0,68,307
08/23/2016,BED,MA,ANE,EN,Towers with Radar,0,42,73,0,115,0,20,199,4,223,0,62,272,4,338,232,4,236,574
08/24/2016,BED,MA,ANE,EN,Towers with Radar,0,40,79,5,124,0,12,144,4,160,0,52,223,9,284,114,0,114,398
08/25/2016,BED,MA,ANE,EN,Towers with Radar,0,56,75,4,135,0,9,180,3,192,0,65,255,7,327,166,0,166,493
08/26/2016,BED,MA,ANE,EN,Towers with Radar,0,46,81,4,131,0,10,73,2,85,0,56,154,6,216,116,0,116,332
08/27/2016,BED,MA,ANE,EN,Towers with Radar,2,27,57,3,89,0,9,172,0,181,2,36,229,3,270,162,0,162,432
08/28/2016,BED,MA,ANE,EN,Towers with Radar,0,42,69,3,114,0,11,194,3,208,0,53,263,6,322,122,0,122,444
08/29/2016,BED,MA,ANE,EN,Towers with Radar,0,39,73,0,112,0,17,105,0,122,0,56,178,0,234,106,0,106,340
08/30/2016,BED,MA,ANE,EN,Towers with Radar,0,54,83,2,139,0,8,172,0,180,0,62,255,2,319,150,0,150,469
08/31/2016,BED,MA,ANE,EN,Towers with Radar,0,37,75,2,114,0,8,104,0,112,0,45,179,2,226,196,0,196,422
09/01/2016,BED,MA,ANE,EN,Towers with Radar,0,51,70,0,121,0,1,79,0,80,0,52,149,0,201,106,0,106,307
09/02/2016,BED,MA,ANE,EN,Towers with Radar,0,42,45,0,87,0,11,149,0,160,0,53,194,0,247,210,0,210,457
09/03/2016,BED,MA,ANE,EN,Towers with Radar,0,35,39,0,74,0,11,189,1,201,0,46,228,1,275,212,0,212,487
09/04/2016,BED,MA,ANE,EN,Towers with Radar,0,36,34,0,70,0,7,109,0,116,0,43,143,0,186,74,0,74,260
09/05/2016,BED,MA,ANE,EN,Towers with Radar,0,41,56,0,97,0,7,39,0,46,0,48,95,0,143,34,0,34,177
09/06/2016,BED,MA,ANE,EN,Towers with Radar,0,64,88,0,152,0,0,0,0,0,0,64,88,0,152,4,0,4,156
09/07/2016,BED,MA,ANE,EN,Towers with Radar,3,52,107,1,163,0,2,13,1,16,3,54,120,2,179,70,0,70,249
09/08/2016,BED,MA,ANE,EN,Towers with Radar,2,72,98,0,172,0,6,69,0,75,2,78,167,0,247,144,0,144,391
09/09/2016,BED,MA,ANE,EN,Towers with Radar,0,63,82,1,146,0,9,143,0,152,0,72,225,1,298,114,0,114,412
09/10/2016,BED,MA,ANE,EN,Towers with Radar,0,34,60,0,94,0,9,169,0,178,0,43,229,0,272,244,0,244,516
09/11/2016,BED,MA,ANE,EN,Towers with Radar,0,57,73,3,133,0,3,56,8,67,0,60,129,11,200,76,0,76,276
09/12/2016,BED,MA,ANE,EN,Towers with Radar,0,45,66,0,111,0,13,158,1,172,0,58,224,1,283,122,0,122,405
09/13/2016,BED,MA,ANE,EN,Towers with Radar,0,42,70,2,114,0,8,162,0,170,0,50,232,2,284,148,0,148,432
09/14/2016,BED,MA,ANE,EN,Towers with Radar,0,47,70,1,118,0,7,124,0,131,0,54,194,1,249,132,0,132,381
09/15/2016,BED,MA,ANE,EN,Towers with Radar,0,55,69,1,125,0,6,130,0,136,0,61,199,1,261,148,0,148,409
09/16/2016,BED,MA,ANE,EN,Towers with Radar,0,49,83,4,136,0,17,169,1,187,0,66,252,5,323,118,0,118,441
09/17/2016,BED,MA,ANE,EN,Towers with Radar,0,46,48,0,94,0,9,232,0,241,0,55,280,0,335,196,0,196,531
09/18/2016,BED,MA,ANE,EN,Towers with Radar,0,78,86,1,165,0,11,50,0,61,0,89,136,1,226,170,0,170,396
09/19/2016,BED,MA,ANE,EN,Towers with Radar,0,60,81,0,141,0,0,1,0,1,0,60,82,0,142,0,0,0,142
09/20/2016,BED,MA,ANE,EN,Towers with Radar,2,54,62,1,119,0,6,55,1,62,2,60,117,2,181,132,0,132,313
09/21/2016,BED,MA,ANE,EN,Towers with Radar,0,39,75,0,114,0,4,149,1,154,0,43,224,1,268,134,0,134,402
09/22/2016,BED,MA,ANE,EN,Towers with Radar,0,80,101,0,181,0,16,152,0,168,0,96,253,0,349,148,0,148,497
09/23/2016,BED,MA,ANE,EN,Towers with Radar,0,76,65,0,141,0,11,131,1,143,0,87,196,1,284,120,0,120,404
09/24/2016,BED,MA,ANE,EN,Towers with Radar,0,46,49,0,95,0,17,170,0,187,0,63,219,0,282,176,0,176,458
09/25/2016,BED,MA,ANE,EN,Towers with Radar,5,81,65,0,151,0,20,148,0,168,5,101,213,0,319,92,0,92,411
09/26/2016,BED,MA,ANE,EN,Towers with Radar,1,85,66,0,152,0,12,113,0,125,1,97,179,0,277,168,0,168,445
09/27/2016,BED,MA,ANE,EN,Towers with Radar,1,86,81,1,169,0,5,56,1,62,1,91,137,2,231,72,0,72,303
09/28/2016,BED,MA,ANE,EN,Towers with Radar,0,64,118,0,182,0,2,4,0,6,0,66,122,0,188,14,0,14,202
09/29/2016,BED,MA,ANE,EN,Towers with Radar,0,78,92,0,170,0,7,58,0,65,0,85,150,0,235,118,0,118,353
09/30/2016,BED,MA,ANE,EN,Towers with Radar,4,70,101,0,175,0,5,33,0,38,4,75,134,0,213,74,0,74,287
10/01/2016,BED,MA,ANE,EN,Towers with Radar,2,43,77,0,122,0,0,0,0,0,2,43,77,0,122,0,0,0,122
10/02/2016,BED,MA,ANE,EN,Towers with Radar,0,56,105,2,163,0,0,0,0,0,0,56,105,2,163,0,0,0,163
10/03/2016,BED,MA,ANE,EN,Towers with Radar,1,36,82,0,119,0,4,94,0,98,1,40,176,0,217,154,0,154,371
10/04/2016,BED,MA,ANE,EN,Towers with Radar,1,54,90,0,145,0,4,66,0,70,1,58,156,0,215,90,0,90,305
10/05/2016,BED,MA,ANE,EN,Towers with Radar,0,62,70,2,134,0,8,140,2,150,0,70,210,4,284,174,0,174,458
10/06/2016,BED,MA,ANE,EN,Towers with Radar,3,62,87,4,156,0,12,166,3,181,3,74,253,7,337,186,0,186,523
10/07/2016,BED,MA,ANE,EN,Towers with Radar,1,84,105,0,190,0,21,157,0,178,1,105,262,0,368,152,0,152,520
10/08/2016,BED,MA,ANE,EN,Towers with Radar,0,40,65,1,106,0,9,201,0,210,0,49,266,1,316,166,0,166,482
10/09/2016,BED,MA,ANE,EN,Towers with Radar,0,65,89,0,154,0,0,0,0,0,0,65,89,0,154,0,0,0,154
10/10/2016,BED,MA,ANE,EN,Towers with Radar,0,57,73,1,131,0,22,111,0,133,0,79,184,1,264,68,0,68,332
10/11/2016,BED,MA,ANE,EN,Towers with Radar,1,40,71,1,113,0,8,142,0,150,1,48,213,1,263,207,0,207,470
10/12/2016,BED,MA,ANE,EN,Towers with Radar,3,51,59,0,113,0,10,126,2,138,3,61,185,2,251,148,0,148,399
10/13/2016,BED,MA,ANE,EN,Towers with Radar,2,79,121,0,202,0,5,67,0,72,2,84,188,0,274,90,0,90,364
10/14/2016,BED,MA,ANE,EN,Towers with Radar,1,46,67,6,120,0,9,183,0,192,1,55,250,6,312,148,0,148,460
10/15/2016,BED,MA,ANE,EN,Towers with Radar,3,46,55,4,108,0,7,240,7,254,3,53,295,11,362,142,0,142,504
10/16/2016,BED,MA,ANE,EN,Towers with Radar,3,69,73,6,151,0,14,201,1,216,3,83,274,7,367,154,4,158,525
10/17/2016,BED,MA,ANE,EN,Towers with Radar,0,58,65,0,123,0,7,111,0,118,0,65,176,0,241,110,0,110,351
10/18/2016,BED,MA,ANE,EN,Towers with Radar,0,72,106,2,180,0,3,7,0,10,0,75,113,2,190,16,0,16,206
10/19/2016,BED,MA,ANE,EN,Towers with Radar,0,70,94,1,165,0,8,143,2,153,0,78,237,3,318,158,0,158,476
10/20/2016,BED,MA,ANE,EN,Towers with Radar,0,87,92,2,181,0,6,73,0,79,0,93,165,2,260,126,0,126,386
10/21/2016,BED,MA,ANE,EN,Towers with Radar,0,69,58,4,131,0,0,5,0,5,0,69,63,4,136,0,0,0,136
10/22/2016,BED,MA,ANE,EN,Towers with Radar,0,48,62,0,110,0,0,2,0,2,0,48,64,0,112,6,0,6,118
10/23/2016,BED,MA,ANE,EN,Towers with Radar,0,75,61,0,136,0,12,23,0,35,0,87,84,0,171,24,0,24,195
10/24/2016,BED,MA,ANE,EN,Towers with Radar,1,50,94,2,147,0,5,62,1,68,1,55,156,3,215,52,0,52,267
10/25/2016,BED,MA,ANE,EN,Towers with Radar,0,49,67,6,122,0,8,99,0,107,0,57,166,6,229,106,0,106,335
10/26/2016,BED,MA,ANE,EN,Towers with Radar,0,58,85,2,145,0,20,137,0,157,0,78,222,2,302,76,0,76,378
10/27/2016,BED,MA,ANE,EN,Towers with Radar,0,64,82,0,146,0,0,38,0,38,0,64,120,0,184,88,0,88,272
10/28/2016,BED,MA,ANE,EN,Towers with Radar,1,61,80,0,142,0,0,1,0,1,1,61,81,0,143,0,0,0,143
10/29/2016,BED,MA,ANE,EN,Towers with Radar,0,47,58,0,105,0,7,151,0,158,0,54,209,0,263,234,0,234,497
10/30/2016,BED,MA,ANE,EN,Towers with Radar,0,61,79,0,140,0,11,145,6,162,0,72,224,6,302,190,0,190,492
10/31/2016,BED,MA,ANE,EN,Towers with Radar,0,28,56,2,86,0,8,93,0,101,0,36,149,2,187,110,0,110,297
11/01/2016,BED,MA,ANE,EN,Towers with Radar,0,52,76,0,128,0,16,142,0,158,0,68,218,0,286,108,0,108,394
11/02/2016,BED,MA,ANE,EN,Towers with Radar,1,60,85,0,146,0,21,144,2,167,1,81,229,2,313,215,0,215,528
11/03/2016,BED,MA,ANE,EN,Towers with Radar,0,67,101,0,168,0,4,4,0,8,0,71,105,0,176,0,0,0,176
11/04/2016,BED,MA,ANE,EN,Towers with Radar,2,60,67,0,129,0,8,106,0,114,2,68,173,0,243,154,0,154,397
11/05/2016,BED,MA,ANE,EN,Towers with Radar,1,28,49,0,78,0,2,165,2,169,1,30,214,2,247,148,0,148,395
11/06/2016,BED,MA,ANE,EN,Towers with Radar,0,58,74,0,132,0,7,56,0,63,0,65,130,0,195,80,0,80,275
11/07/2016,BED,MA,ANE,EN,Towers with Radar,1,51,71,2,125,0,10,102,0,112,1,61,173,2,237,68,0,68,305
11/08/2016,BED,MA,ANE,EN,Towers with Radar,1,48,69,2,120,0,10,109,2,121,1,58,178,4,241,122,6,128,369
11/09/2016,BED,MA,ANE,EN,Towers with Radar,0,49,71,0,120,0,10,51,0,61,0,59,122,0,181,98,0,98,279
11/10/2016,BED,MA,ANE,EN,Towers with Radar,2,50,94,0,146,0,12,120,2,134,2,62,214,2,280,102,0,102,382
11/11/2016,BED,MA,ANE,EN,Towers with Radar,2,46,52,0,100,0,11,37,0,48,2,57,89,0,148,38,0,38,186
11/12/2016,BED,MA,ANE,EN,Towers with Radar,0,33,65,0,98,0,14,176,0,190,0,47,241,0,288,156,0,156,444
11/13/2016,BED,MA,ANE,EN,Towers with Radar,1,48,52,0,101,0,10,167,1,178,1,58,219,1,279,64,0,64,343
11/14/2016,BED,MA,ANE,EN,Towers with Radar,0,56,83,0,139,0,12,123,0,135,0,68,206,0,274,132,0,132,406
11/15/2016,BED,MA,ANE,EN,Towers with Radar,0,45,58,2,105,0,4,18,0,22,0,49,76,2,127,40,0,40,167
11/16/2016,BED,MA,ANE,EN,Towers with Radar,0,64,75,0,139,0,2,23,0,25,0,66,98,0,164,30,0,30,194
11/17/2016,BED,MA,ANE,EN,Towers with Radar,3,66,99,1,169,0,8,106,0,114,3,74,205,1,283,86,0,86,369
11/18/2016,BED,MA,ANE,EN,Towers with Radar,2,59,82,3,146,0,15,149,0,164,2,74,231,3,310,112,0,112,422
11/19/2016,BED,MA,ANE,EN,Towers with Radar,0,34,78,1,113,0,4,162,0,166,0,38,240,1,279,220,0,220,499
11/20/2016,BED,MA,ANE,EN,Towers with Radar,0,47,48,0,95,0,4,16,0,20,0,51,64,0,115,28,0,28,143
11/21/2016,BED,MA,ANE,EN,Towers with Radar,0,43,55,0,98,0,9,11,0,20,0,52,66,0,118,6,0,6,124
11/22/2016,BED,MA,ANE,EN,Towers with Radar,0,62,109,0,171,0,11,53,0,64,0,73,162,0,235,94,0,94,329
11/23/2016,BED,MA,ANE,EN,Towers with Radar,1,64,84,0,149,0,13,123,0,136,1,77,207,0,285,162,0,162,447
11/24/2016,BED,MA,ANE,EN,Towers with Radar,3,19,17,0,39,0,1,3,0,4,3,20,20,0,43,2,0,2,45
11/25/2016,BED,MA,ANE,EN,Towers with Radar,1,32,44,0,77,0,0,0,0,0,1,32,44,0,77,0,0,0,77
11/26/2016,BED,MA,ANE,EN,Towers with Radar,0,42,55,0,97,0,2,22,0,24,0,44,77,0,121,60,0,60,181
11/27/2016,BED,MA,ANE,EN,Towers with Radar,4,67,100,0,171,0,11,149,0,160,4,78,249,0,331,94,0,94,425
11/28/2016,BED,MA,ANE,EN,Towers with Radar,1,53,73,0,127,0,6,104,0,110,1,59,177,0,237,124,0,124,361
11/29/2016,BED,MA,ANE,EN,Towers with Radar,1,82,88,0,171,0,3,10,0,13,1,85,98,0,184,52,0,52,236
11/30/2016,BED,MA,ANE,EN,Towers with Radar,0,76,61,0,137,0,1,0,0,1,0,77,61,0,138,0,0,0,138
12/01/2016,BED,MA,ANE,EN,Towers with Radar,0,57,112,0,169,0,7,78,0,85,0,64,190,0,254,60,0,60,314
12/02/2016,BED,MA,ANE,EN,Towers with Radar,2,37,68,0,107,0,6,135,2,143,2,43,203,2,250,138,4,142,392
12/03/2016,BED,MA,ANE,EN,Towers with Radar,2,31,37,0,70,0,6,134,0,140,2,37,171,0,210,82,0,82,292
12/04/2016,BED,MA,ANE,EN,Towers with Radar,0,54,60,2,116,0,13,151,0,164,0,67,211,2,280,232,0,232,512
12/05/2016,BED,MA,ANE,EN,Towers with Radar,0,49,60,0,109,0,3,7,0,10,0,52,67,0,119,0,0,0,119
12/06/2016,BED,MA,ANE,EN,Towers with Radar,1,59,62,1,123,0,10,137,0,147,1,69,199,1,270,150,0,150,420
12/07/2016,BED,MA,ANE,EN,Towers with Radar,0,55,65,5,125,0,4,1,0,5,0,59,66,5,130,0,0,0,130
12/08/2016,BED,MA,ANE,EN,Towers with Radar,1,64,54,0,119,0,8,84,0,92,1,72,138,0,211,98,0,98,309
12/09/2016,BED,MA,ANE,EN,Towers with Radar,0,45,79,3,127,1,12,68,0,81,1,57,147,3,208,92,0,92,300
12/10/2016,BED,MA,ANE,EN,Towers with Radar,4,25,45,2,76,0,12,141,0,153,4,37,186,2,229,124,0,124,353
12/11/2016,BED,MA,ANE,EN,Towers with Radar,1,41,40,1,83,0,7,114,0,121,1,48,154,1,204,186,0,186,390
12/12/2016,BED,MA,ANE,EN,Towers with Radar,0,46,42,0,88,0,2,7,0,9,0,48,49,0,97,0,0,0,97
12/13/2016,BED,MA,ANE,EN,Towers with Radar,0,58,68,2,128,0,4,97,0,101,0,62,165,2,229,156,0,156,385
12/14/2016,BED,MA,ANE,EN,Towers with Radar,0,56,77,2,135,0,10,86,1,97,0,66,163,3,232,95,0,95,327
12/15/2016,BED,MA,ANE,EN,Towers with Radar,3,40,66,0,109,0,1,22,0,23,3,41,88,0,132,2,0,2,134
12/16/2016,BED,MA,ANE,EN,Towers with Radar,0,49,72,2,123,0,9,56,0,65,0,58,128,2,188,14,0,14,202
12/17/2016,BED,MA,ANE,EN,Towers with Radar,3,30,15,0,48,0,0,0,0,0,3,30,15,0,48,0,0,0,48
12/18/2016,BED,MA,ANE,EN,Towers with Radar,0,47,31,0,78,0,0,3,0,3,0,47,34,0,81,0,0,0,81
12/19/2016,BED,MA,ANE,EN,Towers with Radar,0,46,60,0,106,0,8,81,0,89,0,54,141,0,195,122,0,122,317
12/20/2016,BED,MA,ANE,EN,Towers with Radar,2,31,77,0,110,0,11,116,0,127,2,42,193,0,237,128,0,128,365
12/21/2016,BED,MA,ANE,EN,Towers with Radar,2,41,58,4,105,0,6,116,0,122,2,47,174,4,227,194,0,194,421
12/22/2016,BED,MA,ANE,EN,Towers with Radar,3,56,40,0,99,0,4,21,3,28,3,60,61,3,127,28,0,28,155
12/23/2016,BED,MA,ANE,EN,Towers with Radar,1,49,54,0,104,0,8,141,0,149,1,57,195,0,253,154,0,154,407
12/24/2016,BED,MA,ANE,EN,Towers with Radar,1,40,7,0,48,0,3,6,0,9,1,43,13,0,57,0,0,0,57
12/25/2016,BED,MA,ANE,EN,Towers with Radar,3,41,12,0,56,0,1,6,0,7,3,42,18,0,63,4,0,4,67
12/26/2016,BED,MA,ANE,EN,Towers with Radar,5,70,64,0,139,0,3,84,0,87,5,73,148,0,226,84,0,84,310
12/27/2016,BED,MA,ANE,EN,Towers with Radar,2,57,49,0,108,0,0,26,0,26,2,57,75,0,134,38,0,38,172
12/28/2016,BED,MA,ANE,EN,Towers with Radar,1,37,47,0,85,0,5,126,0,131,1,42,173,0,216,166,0,166,382
12/29/2016,BED,MA,ANE,EN,Towers with Radar,0,17,24,0,41,0,0,12,0,12,0,17,36,0,53,20,0,20,73
12/30/2016,BED,MA,ANE,EN,Towers with Radar,1,31,27,0,59,0,7,31,0,38,1,38,58,0,97,18,0,18,115
12/31/2016,BED,MA,ANE,EN,Towers with Radar,0,25,36,0,61,0,6,131,0,137,0,31,167,0,198,176,0,176,374
01/01/2017,BED,MA,ANE,EN,Towers with Radar,3,38,39,0,80,0,9,41,0,50,3,47,80,0,130,28,0,28,158
01/02/2017,BED,MA,ANE,EN,Towers with Radar,4,73,74,0,151,0,10,137,0,147,4,83,211,0,298,104,0,104,402
01/03/2017,BED,MA,ANE,EN,Towers with Radar,0,61,59,0,120,0,0,0,0,0,0,61,59,0,120,0,0,0,120
01/04/2017,BED,MA,ANE,EN,Towers with Radar,1,43,64,0,108,0,2,16,0,18,1,45,80,0,126,32,0,32,158
01/05/2017,BED,MA,ANE,EN,Towers with Radar,0,49,45,2,96,0,10,87,0,97,0,59,132,2,193,74,0,74,267
01/06/2017,BED,MA,ANE,EN,Towers with Radar,3,53,31,0,87,0,8,57,1,66,3,61,88,1,153,82,0,82,235
01/07/2017,BED,MA,ANE,EN,Towers with Radar,0,21,10,0,31,0,2,18,0,20,0,23,28,0,51,88,0,88,139
01/08/2017,BED,MA,ANE,EN,Towers with Radar,2,61,53,0,116,0,7,57,0,64,2,68,110,0,180,38,0,38,218
01/09/2017,BED,MA,ANE,EN,Towers with Radar,2,30,59,2,93,0,3,53,0,56,2,33,112,2,149,86,0,86,235
01/10/2017,BED,MA,ANE,EN,Towers with Radar,2,39,58,0,99,0,9,47,0,56,2,48,105,0,155,124,0,124,279
01/11/2017,BED,MA,ANE,EN,Towers with Radar,2,35,79,0,116,0,5,58,0,63,2,40,137,0,179,48,0,48,227
01/12/2017,BED,MA,ANE,EN,Towers with Radar,7,63,54,2,126,0,2,16,0,18,7,65,70,2,144,42,0,42,186
01/13/2017,BED,MA,ANE,EN,Towers with Radar,2,56,60,0,118,0,2,73,0,75,2,58,133,0,193,54,0,54,247
01/14/2017,BED,MA,ANE,EN,Towers with Radar,2,28,44,0,74,0,2,147,0,149,2,30,191,0,223,180,0,180,403
01/15/2017,BED,MA,ANE,EN,Towers with Radar,0,23,52,0,75,0,0,170,0,170,0,23,222,0,245,160,0,160,405
01/16/2017,BED,MA,ANE,EN,Towers with Radar,2,63,59,0,124,0,7,106,0,113,2,70,165,0,237,92,0,92,329
01/17/2017,BED,MA,ANE,EN,Towers with Radar,2,55,59,2,118,0,5,75,0,80,2,60,134,2,198,128,0,128,326
01/18/2017,BED,MA,ANE,EN,Towers with Radar,0,42,55,0,97,0,0,0,0,0,0,42,55,0,97,0,0,0,97
01/19/2017,BED,MA,ANE,EN,Towers with Radar,1,40,79,0,120,0,4,48,0,52,1,44,127,0,172,118,0,118,290
01/20/2017,BED,MA,ANE,EN,Towers with Radar,1,54,71,0,126,0,6,103,0,109,1,60,174,0,235,198,0,198,433
01/21/2017,BED,MA,ANE,EN,Towers with Radar,3,28,68,0,99,0,3,85,0,88,3,31,153,0,187,212,0,212,399
01/22/2017,BED,MA,ANE,EN,Towers with Radar,4,47,85,0,136,0,0,12,0,12,4,47,97,0,148,16,0,16,164
01/23/2017,BED,MA,ANE,EN,Towers with Radar,1,45,45,0,91,0,0,0,0,0,1,45,45,0,91,0,0,0,91
01/24/2017,BED,MA,ANE,EN,Towers with Radar,0,39,47,0,86,0,0,0,0,0,0,39,47,0,86,0,0,0,86
01/25/2017,BED,MA,ANE,EN,Towers with Radar,1,45,62,0,108,0,2,70,0,72,1,47,132,0,180,76,0,76,256
01/26/2017,BED,MA,ANE,EN,Towers with Radar,2,55,79,0,136,0,7,62,0,69,2,62,141,0,205,88,0,88,293
01/27/2017,BED,MA,ANE,EN,Towers with Radar,2,55,55,0,112,0,6,35,1,42,2,61,90,1,154,28,0,28,182
01/28/2017,BED,MA,ANE,EN,Towers with Radar,2,27,58,0,87,0,6,129,0,135,2,33,187,0,222,186,0,186,408
01/29/2017,BED,MA,ANE,EN,Towers with Radar,2,49,55,0,106,0,9,140,1,150,2,58,195,1,256,208,0,208,464
01/30/2017,BED,MA,ANE,EN,Towers with Radar,3,31,58,0,92,0,10,88,0,98,3,41,146,0,190,108,0,108,298
01/31/2017,BED,MA,ANE,EN,Towers with Radar,1,35,74,0,110,0,4,66,0,70,1,39,140,0,180,151,0,151,331
02/01/2017,BED,MA,ANE,EN,Towers with Radar,2,65,50,1,118,0,5,52,0,57,2,70,102,1,175,88,0,88,263
02/02/2017,BED,MA,ANE,EN,Towers with Radar,1,64,86,5,156,0,8,96,5,109,1,72,182,10,265,126,0,126,391
02/03/2017,BED,MA,ANE,EN,Towers with Radar,2,58,96,0,156,0,11,112,3,126,2,69,208,3,282,156,0,156,438
02/04/2017,BED,MA,ANE,EN,Towers with Radar,1,37,54,1,93,0,5,154,8,167,1,42,208,9,260,202,0,202,462
02/05/2017,BED,MA,ANE,EN,Towers with Radar,0,45,54,2,101,0,7,78,0,85,0,52,132,2,186,86,0,86,272
02/06/2017,BED,MA,ANE,EN,Towers with Radar,3,69,86,0,158,0,13,31,0,44,3,82,117,0,202,50,0,50,252
02/07/2017,BED,MA,ANE,EN,Towers with Radar,3,33,50,0,86,0,0,0,0,0,3,33,50,0,86,0,0,0,86
02/08/2017,BED,MA,ANE,EN,Towers with Radar,1,55,87,0,143,0,7,45,0,52,1,62,132,0,195,40,0,40,235
02/09/2017,BED,MA,ANE,EN,Towers with Radar,0,6,12,0,18,0,0,0,0,0,0,6,12,0,18,0,0,0,18
02/10/2017,BED,MA,ANE,EN,Towers with Radar,0,50,68,0,118,0,16,24,0,40,0,66,92,0,158,4,0,4,162
02/11/2017,BED,MA,ANE,EN,Towers with Radar,0,38,35,0,73,0,2,14,0,16,0,40,49,0,89,46,0,46,135
02/12/2017,BED,MA,ANE,EN,Towers with Radar,0,19,27,0,46,0,0,2,0,2,0,19,29,0,48,0,0,0,48
02/13/2017,BED,MA,ANE,EN,Towers with Radar,0,46,32,0,78,0,4,1,0,5,0,50,33,0,83,0,0,0,83
02/14/2017,BED,MA,ANE,EN,Towers with Radar,1,64,78,0,143,0,11,81,0,92,1,75,159,0,235,84,0,84,319
02/15/2017,BED,MA,ANE,EN,Towers with Radar,0,44,48,4,96,0,0,3,0,3,0,44,51,4,99,4,0,4,103
02/16/2017,BED,MA,ANE,EN,Towers with Radar,1,69,67,0,137,0,11,38,0,49,1,80,105,0,186,30,0,30,216
02/17/2017,BED,MA,ANE,EN,Towers with Radar,3,64,72,2,141,0,13,125,0,138,3,77,197,2,279,132,0,132,411
02/18/2017,BED,MA,ANE,EN,Towers with Radar,1,33,54,0,88,0,6,173,0,179,1,39,227,0,267,182,0,182,449
02/19/2017,BED,MA,ANE,EN,Towers with Radar,0,33,35,0,68,0,7,181,0,188,0,40,216,0,256,234,0,234,490
02/20/2017,BED,MA,ANE,EN,Towers with Radar,2,50,64,0,116,0,6,93,0,99,2,56,157,0,215,156,0,156,371
02/21/2017,BED,MA,ANE,EN,Towers with Radar,1,51,75,2,129,0,13,77,0,90,1,64,152,2,219,202,0,202,421
02/22/2017,BED,MA,ANE,EN,Towers with Radar,0,51,53,4,108,0,14,93,0,107,0,65,146,4,215,192,0,192,407
02/23/2017,BED,MA,ANE,EN,Towers with Radar,2,55,76,0,133,0,12,94,0,106,2,67,170,0,239,108,0,108,347
02/24/2017,BED,MA,ANE,EN,Towers with Radar,0,48,55,2,105,0,13,84,0,97,0,61,139,2,202,118,0,118,320
02/25/2017,BED,MA,ANE,EN,Towers with Radar,0,35,67,0,102,0,3,30,0,33,0,38,97,0,135,110,0,110,245
02/26/2017,BED,MA,ANE,EN,Towers with Radar,4,53,65,0,122,0,3,56,0,59,4,56,121,0,181,59,0,59,240
02/27/2017,BED,MA,ANE,EN,Towers with Radar,0,45,63,0,108,0,19,70,0,89,0,64,133,0,197,116,0,116,313
02/28/2017,BED,MA,ANE,EN,Towers with Radar,0,51,72,1,124,0,4,71,0,75,0,55,143,1,199,248,0,248,447
03/01/2017,BED,MA,ANE,EN,Towers with Radar,0,60,55,2,117,0,0,5,0,5,0,60,60,2,122,0,0,0,122
03/02/2017,BED,MA,ANE,EN,Towers with Radar,5,49,58,0,112,0,4,12,0,16,5,53,70,0,128,0,0,0,128
03/03/2017,BED,MA,ANE,EN,Towers with Radar,0,62,53,2,117,0,6,73,1,80,0,68,126,3,197,142,0,142,339
03/04/2017,BED,MA,ANE,EN,Towers with Radar,0,25,37,0,62,0,4,43,0,47,0,29,80,0,109,104,0,104,213
03/05/2017,BED,MA,ANE,EN,Towers with Radar,1,46,55,1,103,0,10,87,0,97,1,56,142,1,200,92,0,92,292
03/06/2017,BED,MA,ANE,EN,Towers with Radar,0,50,66,2,118,0,13,87,0,100,0,63,153,2,218,144,0,144,362
03/07/2017,BED,MA,ANE,EN,Towers with Radar,0,64,82,0,146,0,0,26,1,27,0,64,108,1,173,98,0,98,271
03/08/2017,BED,MA,ANE,EN,Towers with Radar,0,56,91,2,149,0,9,91,1,101,0,65,182,3,250,96,0,96,346
03/09/2017,BED,MA,ANE,EN,Towers with Radar,0,60,93,0,153,0,9,22,0,31,0,69,115,0,184,0,0,0,184
03/10/2017,BED,MA,ANE,EN,Towers with Radar,0,68,78,2,148,0,0,8,0,8,0,68,86,2,156,14,0,14,170
03/11/2017,BED,MA,ANE,EN,Towers with Radar,3,41,35,0,79,0,2,18,0,20,3,43,53,0,99,4,0,4,103
03/12/2017,BED,MA,ANE,EN,Towers with Radar,1,53,54,0,108,0,6,102,0,108,1,59,156,0,216,112,0,112,328
03/13/2017,BED,MA,ANE,EN,Towers with Radar,1,50,63,0,114,0,16,150,0,166,1,66,213,0,280,162,0,162,442
03/14/2017,BED,MA,ANE,EN,Towers with Radar,0,2,0,0,2,0,0,0,0,0,0,2,0,0,2,0,0,0,2
03/15/2017,BED,MA,ANE,EN,Towers with Radar,4,39,48,0,91,0,4,19,0,23,4,43,67,0,114,50,0,50,164
03/16/2017,BED,MA,ANE,EN,Towers with Radar,2,71,63,2,138,0,5,66,0,71,2,76,129,2,209,72,0,72,281
03/17/2017,BED,MA,ANE,EN,Towers with Radar,1,53,63,1,118,0,15,128,0,143,1,68,191,1,261,282,0,282,543
03/18/2017,BED,MA,ANE,EN,Towers with Radar,4,34,46,1,85,0,2,156,0,158,4,36,202,1,243,224,0,224,467
03/19/2017,BED,MA,ANE,EN,Towers with Radar,3,54,43,0,100,0,0,36,0,36,3,54,79,0,136,86,0,86,222
03/20/2017,BED,MA,ANE,EN,Towers with Radar,0,46,71,0,117,0,8,79,0,87,0,54,150,0,204,118,0,118,322
03/21/2017,BED,MA,ANE,EN,Towers with Radar,0,41,78,0,119,0,14,107,0,121,0,55,185,0,240,212,0,212,452
03/22/2017,BED,MA,ANE,EN,Towers with Radar,1,27,53,2,83,0,4,11,1,16,1,31,64,3,99,0,0,0,99
03/23/2017,BED,MA,ANE,EN,Towers with Radar,0,62,61,0,123,0,9,114,0,123,0,71,175,0,246,124,0,124,370
03/24/2017,BED,MA,ANE,EN,Towers with Radar,1,41,52,2,96,0,6,33,0,39,1,47,85,2,135,72,0,72,207
03/25/2017,BED,MA,ANE,EN,Towers with Radar,2,38,71,0,111,0,8,8,0,16,2,46,79,0,127,18,0,18,145
03/26/2017,BED,MA,ANE,EN,Towers with Radar,2,64,60,1,127,0,5,95,0,100,2,69,155,1,227,138,0,138,365
03/27/2017,BED,MA,ANE,EN,Towers with Radar,1,50,76,0,127,0,0,0,0,0,1,50,76,0,127,0,0,0,127
03/28/2017,BED,MA,ANE,EN,Towers with Radar,0,67,82,3,152,0,0,0,0,0,0,67,82,3,152,0,0,0,152
03/29/2017,BED,MA,ANE,EN,Towers with Radar,0,61,64,3,128,0,3,62,2,67,0,64,126,5,195,134,0,134,329
03/30/2017,BED,MA,ANE,EN,Towers with Radar,0,64,85,3,152,0,21,175,4,200,0,85,260,7,352,254,0,254,606
03/31/2017,BED,MA,ANE,EN,Towers with Radar,0,59,38,0,97,0,0,2,0,2,0,59,40,0,99,22,0,22,121
04/01/2017,BED,MA,ANE,EN,Towers with Radar,4,21,16,0,41,0,0,0,0,0,4,21,16,0,41,0,0,0,41
04/02/2017,BED,MA,ANE,EN,Towers with Radar,3,77,63,0,143,0,17,143,4,164,3,94,206,4,307,136,0,136,443
04/03/2017,BED,MA,ANE,EN,Towers with Radar,1,40,79,0,120,0,7,129,0,136,1,47,208,0,256,180,0,180,436
04/04/2017,BED,MA,ANE,EN,Towers with Radar,0,65,75,0,140,0,0,0,0,0,0,65,75,0,140,0,0,0,140
04/05/2017,BED,MA,ANE,EN,Towers with Radar,1,86,116,0,203,0,3,20,2,25,1,89,136,2,228,66,0,66,294
04/06/2017,BED,MA,ANE,EN,Towers with Radar,0,57,52,0,109,0,0,0,0,0,0,57,52,0,109,0,0,0,109
04/07/2017,BED,MA,ANE,EN,Towers with Radar,0,67,63,0,130,0,5,66,1,72,0,72,129,1,202,180,0,180,382
04/08/2017,BED,MA,ANE,EN,Towers with Radar,0,33,50,1,84,0,3,91,9,103,0,36,141,10,187,148,4,152,339
04/09/2017,BED,MA,ANE,EN,Towers with Radar,0,57,57,0,114,0,11,193,2,206,0,68,250,2,320,186,0,186,506
04/10/2017,BED,MA,ANE,EN,Towers with Radar,0,48,61,0,109,0,9,104,0,113,0,57,165,0,222,182,0,182,404
04/11/2017,BED,MA,ANE,EN,Towers with Radar,2,46,89,0,137,0,9,131,0,140,2,55,220,0,277,186,0,186,463
04/12/2017,BED,MA,ANE,EN,Towers with Radar,0,48,78,5,131,0,4,75,0,79,0,52,153,5,210,168,0,168,378
04/13/2017,BED,MA,ANE,EN,Towers with Radar,0,64,104,1,169,0,7,131,0,138,0,71,235,1,307,126,0,126,433
04/14/2017,BED,MA,ANE,EN,Towers with Radar,3,62,88,1,154,0,3,182,0,185,3,65,270,1,339,192,0,192,531
04/15/2017,BED,MA,ANE,EN,Towers with Radar,2,30,49,0,81,0,6,187,2,195,2,36,236,2,276,170,0,170,446
04/16/2017,BED,MA,ANE,EN,Towers with Radar,0,37,51,0,88,0,7,82,2,91,0,44,133,2,179,82,0,82,261
04/17/2017,BED,MA,ANE,EN,Towers with Radar,0,62,94,1,157,0,10,84,10,104,0,72,178,11,261,113,0,113,374
04/18/2017,BED,MA,ANE,EN,Towers with Radar,0,64,73,0,137,0,6,123,0,129,0,70,196,0,266,132,0,132,398
04/19/2017,BED,MA,ANE,EN,Towers with Radar,1,56,81,0,138,0,7,76,0,83,1,63,157,0,221,90,0,90,311
04/20/2017,BED,MA,ANE,EN,Towers with Radar,3,65,98,3,169,0,5,24,1,30,3,70,122,4,199,40,0,40,239
04/21/2017,BED,MA,ANE,EN,Towers with Radar,0,58,78,2,138,0,0,0,0,0,0,58,78,2,138,0,0,0,138
04/22/2017,BED,MA,ANE,EN,Towers with Radar,0,53,92,0,145,0,0,1,0,1,0,53,93,0,146,0,0,0,146
04/23/2017,BED,MA,ANE,EN,Towers with Radar,0,49,69,2,120,0,20,224,2,246,0,69,293,4,366,260,0,260,626
04/24/2017,BED,MA,ANE,EN,Towers with Radar,1,49,81,1,132,0,12,144,0,156,1,61,225,1,288,278,0,278,566
04/25/2017,BED,MA,ANE,EN,Towers with Radar,2,56,82,1,141,0,0,0,0,0,2,56,82,1,141,0,0,0,141
04/26/2017,BED,MA,ANE,EN,Towers with Radar,2,82,99,1,184,0,0,0,0,0,2,82,99,1,184,0,0,0,184
04/27/2017,BED,MA,ANE,EN,Towers with Radar,1,77,125,0,203,0,0,33,0,33,1,77,158,0,236,46,0,46,282
04/28/2017,BED,MA,ANE,EN,Towers with Radar,0,64,97,1,162,0,12,118,0,130,0,76,215,1,292,78,0,78,370
04/29/2017,BED,MA,ANE,EN,Towers with Radar,2,40,54,1,97,0,7,179,0,186,2,47,233,1,283,222,0,222,505
04/30/2017,BED,MA,ANE,EN,Towers with Radar,0,55,83,0,138,0,11,154,0,165,0,66,237,0,303,190,0,190,493
05/01/2017,BED,MA,ANE,EN,Towers with Radar,0,65,114,0,179,0,0,0,0,0,0,65,114,0,179,0,0,0,179
05/02/2017,BED,MA,ANE,EN,Towers with Radar,0,72,104,3,179,0,12,20,0,32,0,84,124,3,211,96,0,96,307
05/03/2017,BED,MA,ANE,EN,Towers with Radar,1,56,106,3,166,0,15,137,0,152,1,71,243,3,318,152,0,152,470
05/04/2017,BED,MA,ANE,EN,Towers with Radar,0,59,98,3,160,0,16,210,0,226,0,75,308,3,386,280,0,280,666
05/05/2017,BED,MA,ANE,EN,Towers with Radar,0,52,57,3,112,0,0,16,0,16,0,52,73,3,128,122,0,122,250
05/06/2017,BED,MA,ANE,EN,Towers with Radar,0,50,48,0,98,0,3,7,0,10,0,53,55,0,108,10,0,10,118
05/07/2017,BED,MA,ANE,EN,Towers with Radar,0,60,75,0,135,0,17,94,0,111,0,77,169,0,246,200,0,200,446
05/08/2017,BED,MA,ANE,EN,Towers with Radar,0,53,89,0,142,0,19,108,0,127,0,72,197,0,269,208,0,208,477
05/09/2017,BED,MA,ANE,EN,Towers with Radar,0,51,93,4,148,0,20,127,5,152,0,71,220,9,300,286,0,286,586
05/10/2017,BED,MA,ANE,EN,Towers with Radar,0,60,90,0,150,0,4,171,0,175,0,64,261,0,325,238,0,238,563
05/11/2017,BED,MA,ANE,EN,Towers with Radar,1,54,99,1,155,0,12,118,0,130,1,66,217,1,285,240,0,240,525
05/12/2017,BED,MA,ANE,EN,Towers with Radar,0,71,100,0,171,0,10,43,1,54,0,81,143,1,225,91,0,91,316
05/13/2017,BED,MA,ANE,EN,Towers with Radar,0,34,79,0,113,0,4,26,0,30,0,38,105,0,143,110,0,110,253
05/14/2017,BED,MA,ANE,EN,Towers with Radar,0,58,58,1,117,0,0,3,0,3,0,58,61,1,120,0,0,0,120
05/15/2017,BED,MA,ANE,EN,Towers with Radar,0,51,68,0,119,0,5,38,0,43,0,56,106,0,162,80,0,80,242
05/16/2017,BED,MA,ANE,EN,Towers with Radar,0,53,76,2,131,0,16,156,0,172,0,69,232,2,303,272,0,272,575
05/17/2017,BED,MA,ANE,EN,Towers with Radar,2,60,96,0,158,0,8,178,0,186,2,68,274,0,344,208,0,208,552
05/18/2017,BED,MA,ANE,EN,Towers with Radar,0,56,95,3,154,0,11,170,0,181,0,67,265,3,335,175,0,175,510
05/19/2017,BED,MA,ANE,EN,Towers with Radar,0,67,82,5,154,0,16,183,0,199,0,83,265,5,353,196,0,196,549
05/20/2017,BED,MA,ANE,EN,Towers with Radar,2,41,61,0,104,0,4,227,0,231,2,45,288,0,335,206,0,206,541
05/21/2017,BED,MA,ANE,EN,Towers with Radar,2,89,105,3,199,0,6,207,0,213,2,95,312,3,412,250,0,250,662
05/22/2017,BED,MA,ANE,EN,Towers with Radar,0,98,110,3,211,0,1,14,0,15,0,99,124,3,226,46,0,46,272
05/23/2017,BED,MA,ANE,EN,Towers with Radar,0,84,133,4,221,0,16,142,1,159,0,100,275,5,380,250,0,250,630
05/24/2017,BED,MA,ANE,EN,Towers with Radar,4,91,107,8,210,0,8,169,1,178,4,99,276,9,388,266,0,266,654
05/25/2017,BED,MA,ANE,EN,Towers with Radar,1,111,119,0,231,0,5,11,0,16,1,116,130,0,247,4,0,4,251
05/26/2017,BED,MA,ANE,EN,Towers with Radar,1,103,109,0,213,0,3,15,0,18,1,106,124,0,231,32,0,32,263
05/27/2017,BED,MA,ANE,EN,Towers with Radar,0,34,61,0,95,0,12,196,0,208,0,46,257,0,303,296,0,296,599
05/28/2017,BED,MA,ANE,EN,Towers with Radar,3,43,47,0,93,0,8,178,0,186,3,51,225,0,279,280,0,280,559
05/29/2017,BED,MA,ANE,EN,Towers with Radar,3,136,118,3,260,0,0,0,0,0,3,136,118,3,260,0,0,0,260
05/30/2017,BED,MA,ANE,EN,Towers with Radar,0,77,99,1,177,0,3,20,0,23,0,80,119,1,200,106,0,106,306
05/31/2017,BED,MA,ANE,EN,Towers with Radar,0,90,119,0,209,0,4,29,0,33,0,94,148,0,242,44,0,44,286
06/01/2017,BED,MA,ANE,EN,Towers with Radar,0,83,96,0,179,0,17,147,0,164,0,100,243,0,343,226,0,226,569
06/02/2017,BED,MA,ANE,EN,Towers with Radar,0,80,74,2,156,0,9,166,4,179,0,89,240,6,335,216,0,216,551
06/03/2017,BED,MA,ANE,EN,Towers with Radar,0,37,34,0,71,0,3,200,8,211,0,40,234,8,282,204,0,204,486
06/04/2017,BED,MA,ANE,EN,Towers with Radar,0,62,76,0,138,0,4,152,2,158,0,66,228,2,296,364,0,364,660
06/05/2017,BED,MA,ANE,EN,Towers with Radar,0,60,103,2,165,0,0,0,0,0,0,60,103,2,165,0,0,0,165
06/06/2017,BED,MA,ANE,EN,Towers with Radar,0,88,89,4,181,0,0,0,0,0,0,88,89,4,181,0,0,0,181
06/07/2017,BED,MA,ANE,EN,Towers with Radar,0,53,76,5,134,0,13,166,4,183,0,66,242,9,317,224,0,224,541
06/08/2017,BED,MA,ANE,EN,Towers with Radar,0,67,103,2,172,0,13,255,0,268,0,80,358,2,440,244,0,244,684
06/09/2017,BED,MA,ANE,EN,Towers with Radar,0,59,99,2,160,0,8,173,0,181,0,67,272,2,341,256,0,256,597
06/10/2017,BED,MA,ANE,EN,Towers with Radar,0,34,54,0,88,0,3,224,2,229,0,37,278,2,317,322,0,322,639
06/11/2017,BED,MA,ANE,EN,Towers with Radar,0,61,81,0,142,0,13,160,0,173,0,74,241,0,315,230,0,230,545
06/12/2017,BED,MA,ANE,EN,Towers with Radar,0,53,63,1,117,0,7,157,2,166,0,60,220,3,283,182,0,182,465
06/13/2017,BED,MA,ANE,EN,Towers with Radar,0,46,99,1,146,0,10,126,2,138,0,56,225,3,284,180,0,180,464
06/14/2017,BED,MA,ANE,EN,Towers with Radar,0,66,121,2,189,0,18,195,13,226,0,84,316,15,415,248,0,248,663
06/15/2017,BED,MA,ANE,EN,Towers with Radar,0,56,83,0,139,0,15,193,1,209,0,71,276,1,348,150,0,150,498
06/16/2017,BED,MA,ANE,EN,Towers with Radar,0,80,98,4,182,0,6,78,0,84,0,86,176,4,266,198,0,198,464
06/17/2017,BED,MA,ANE,EN,Towers with Radar,2,45,70,1,118,0,1,4,2,7,2,46,74,3,125,4,0,4,129
06/18/2017,BED,MA,ANE,EN,Towers with Radar,0,59,60,2,121,0,4,69,0,73,0,63,129,2,194,104,0,104,298
06/19/2017,BED,MA,ANE,EN,Towers with Radar,0,63,90,2,155,0,0,42,0,42,0,63,132,2,197,130,0,130,327
06/20/2017,BED,MA,ANE,EN,Towers with Radar,1,87,96,1,185,0,5,115,1,121,1,92,211,2,306,160,0,160,466
06/21/2017,BED,MA,ANE,EN,Towers with Radar,0,78,95,0,173,0,14,175,0,189,0,92,270,0,362,234,0,234,596
06/22/2017,BED,MA,ANE,EN,Towers with Radar,0,72,91,2,165,0,24,235,0,259,0,96,326,2,424,248,0,248,672
06/23/2017,BED,MA,ANE,EN,Towers with Radar,0,68,78,0,146,0,9,122,2,133,0,77,200,2,279,200,0,200,479
06/24/2017,BED,MA,ANE,EN,Towers with Radar,0,45,55,0,100,0,5,81,0,86,0,50,136,0,186,132,0,132,318
06/25/2017,BED,MA,ANE,EN,Towers with Radar,0,57,78,0,135,0,14,183,0,197,0,71,261,0,332,164,0,164,496
06/26/2017,BED,MA,ANE,EN,Towers with Radar,0,55,80,2,137,0,14,158,0,172,0,69,238,2,309,244,0,244,553
06/27/2017,BED,MA,ANE,EN,Towers with Radar,0,58,78,0,136,0,5,63,0,68,0,63,141,0,204,96,0,96,300
06/28/2017,BED,MA,ANE,EN,Towers with Radar,0,56,77,0,133,0,5,231,1,237,0,61,308,1,370,268,8,276,646
06/29/2017,BED,MA,ANE,EN,Towers with Radar,0,77,87,2,166,0,18,176,1,195,0,95,263,3,361,218,0,218,579
06/30/2017,BED,MA,ANE,EN,Towers with Radar,0,69,76,0,145,0,8,119,0,127,0,77,195,0,272,150,0,150,422
07/01/2017,BED,MA,ANE,EN,Towers with Radar,0,38,70,0,108,0,9,106,0,115,0,47,176,0,223,186,0,186,409
07/02/2017,BED,MA,ANE,EN,Towers with Radar,1,41,34,0,76,0,6,105,0,111,1,47,139,0,187,90,0,90,277
07/03/2017,BED,MA,ANE,EN,Towers with Radar,0,31,10,8,49,0,8,105,0,113,0,39,115,8,162,116,0,116,278
07/04/2017,BED,MA,ANE,EN,Towers with Radar,0,23,23,0,46,0,12,144,0,156,0,35,167,0,202,154,0,154,356
07/05/2017,BED,MA,ANE,EN,Towers with Radar,0,41,47,4,92,0,22,161,1,184,0,63,208,5,276,112,0,112,388
07/06/2017,BED,MA,ANE,EN,Towers with Radar,0,40,65,3,108,0,17,151,2,170,0,57,216,5,278,270,0,270,548
07/07/2017,BED,MA,ANE,EN,Towers with Radar,1,57,90,0,148,0,3,19,0,22,1,60,109,0,170,48,0,48,218
07/08/2017,BED,MA,ANE,EN,Towers with Radar,1,32,49,0,82,0,7,101,0,108,1,39,150,0,190,176,0,176,366
07/09/2017,BED,MA,ANE,EN,Towers with Radar,2,52,50,2,106,0,14,240,0,254,2,66,290,2,360,166,0,166,526
07/10/2017,BED,MA,ANE,EN,Towers with Radar,0,53,74,0,127,0,27,145,0,172,0,80,219,0,299,146,0,146,445
07/11/2017,BED,MA,ANE,EN,Towers with Radar,0,62,128,6,196,0,4,47,0,51,0,66,175,6,247,122,0,122,369
07/12/2017,BED,MA,ANE,EN,Towers with Radar,0,52,89,0,141,0,6,88,0,94,0,58,177,0,235,87,0,87,322
07/13/2017,BED,MA,ANE,EN,Towers with Radar,0,83,116,5,204,0,2,2,1,5,0,85,118,6,209,0,0,0,209
07/14/2017,BED,MA,ANE,EN,Towers with Radar,0,50,89,1,140,0,6,8,0,14,0,56,97,1,154,30,0,30,184
07/15/2017,BED,MA,ANE,EN,Towers with Radar,0,35,83,0,118,0,6,76,1,83,0,41,159,1,201,212,0,212,413
07/16/2017,BED,MA,ANE,EN,Towers with Radar,1,48,70,4,123,0,14,197,1,212,1,62,267,5,335,188,0,188,523
07/17/2017,BED,MA,ANE,EN,Towers with Radar,2,72,72,4,150,0,17,109,1,127,2,89,181,5,277,104,0,104,381
07/18/2017,BED,MA,ANE,EN,Towers with Radar,0,64,87,1,152,0,9,70,0,79,0,73,157,1,231,150,0,150,381
07/19/2017,BED,MA,ANE,EN,Towers with Radar,0,63,73,4,140,0,10,166,2,178,0,73,239,6,318,258,0,258,576
07/20/2017,BED,MA,ANE,EN,Towers with Radar,1,76,69,1,147,0,15,139,2,156,1,91,208,3,303,216,0,216,519
07/21/2017,BED,MA,ANE,EN,Towers with Radar,1,45,50,0,96,0,15,175,1,191,1,60,225,1,287,176,0,176,463
07/22/2017,BED,MA,ANE,EN,Towers with Radar,1,34,55,5,95,0,5,192,1,198,1,39,247,6,293,186,0,186,479
07/23/2017,BED,MA,ANE,EN,Towers with Radar,0,49,65,0,114,0,15,151,0,166,0,64,216,0,280,156,0,156,436
07/24/2017,BED,MA,ANE,EN,Towers with Radar,0,64,89,2,155,0,3,1,0,4,0,67,90,2,159,0,0,0,159
07/25/2017,BED,MA,ANE,EN,Towers with Radar,0,68,81,4,153,0,7,61,2,70,0,75,142,6,223,150,0,150,373
07/26/2017,BED,MA,ANE,EN,Towers with Radar,2,65,85,0,152,0,18,192,0,210,2,83,277,0,362,274,0,274,636
07/27/2017,BED,MA,ANE,EN,Towers with Radar,1,73,82,0,156,0,9,82,0,91,1,82,164,0,247,124,0,124,371
07/28/2017,BED,MA,ANE,EN,Towers with Radar,0,45,61,0,106,0,12,134,0,146,0,57,195,0,252,148,0,148,400
07/29/2017,BED,MA,ANE,EN,Towers with Radar,0,29,42,0,71,0,5,130,0,135,0,34,172,0,206,164,0,164,370
07/30/2017,BED,MA,ANE,EN,Towers with Radar,1,56,53,0,110,0,13,188,0,201,1,69,241,0,311,166,0,166,477
07/31/2017,BED,MA,ANE,EN,Towers with Radar,0,48,70,0,118,0,6,131,0,137,0,54,201,0,255,146,0,146,401
08/01/2017,BED,MA,ANE,EN,Towers with Radar,0,52,55,0,107,0,9,162,0,171,0,61,217,0,278,178,0,178,456
08/02/2017,BED,MA,ANE,EN,Towers with Radar,0,59,81,0,140,0,11,109,1,121,0,70,190,1,261,74,0,74,335
08/03/2017,BED,MA,ANE,EN,Towers with Radar,0,73,68,0,141,0,10,125,2,137,0,83,193,2,278,208,0,208,486
08/04/2017,BED,MA,ANE,EN,Towers with Radar,0,62,80,0,142,0,15,88,0,103,0,77,168,0,245,140,0,140,385
08/05/2017,BED,MA,ANE,EN,Towers with Radar,0,36,35,0,71,0,0,8,0,8,0,36,43,0,79,58,0,58,137
08/06/2017,BED,MA,ANE,EN,Towers with Radar,0,43,54,0,97,0,7,173,2,182,0,50,227,2,279,122,0,122,401
08/07/2017,BED,MA,ANE,EN,Towers with Radar,0,41,65,1,107,0,10,100,0,110,0,51,165,1,217,208,0,208,425
08/08/2017,BED,MA,ANE,EN,Towers with Radar,0,72,73,0,145,0,6,56,0,62,0,78,129,0,207,118,0,118,325
08/09/2017,BED,MA,ANE,EN,Towers with Radar,0,37,67,0,104,0,12,180,1,193,0,49,247,1,297,214,0,214,511
08/10/2017,BED,MA,ANE,EN,Towers with Radar,1,56,70,5,132,0,20,183,1,204,1,76,253,6,336,292,2,294,630
08/11/2017,BED,MA,ANE,EN,Towers with Radar,0,39,67,1,107,0,4,163,2,169,0,43,230,3,276,176,0,176,452
08/12/2017,BED,MA,ANE,EN,Towers with Radar,0,1,0,0,1,0,3,13,0,16,0,4,13,0,17,26,0,26,43
08/13/2017,BED,MA,ANE,EN,Towers with Radar,0,0,0,0,0,0,7,19,0,26,0,7,19,0,26,10,0,10,36
08/14/2017,BED,MA,ANE,EN,Towers with Radar,0,45,74,0,119,0,18,158,0,176,0,63,232,0,295,208,0,208,503
08/15/2017,BED,MA,ANE,EN,Towers with Radar,0,65,75,0,140,0,6,94,0,100,0,71,169,0,240,294,0,294,534
08/16/2017,BED,MA,ANE,EN,Towers with Radar,0,49,61,0,110,0,10,160,0,170,0,59,221,0,280,142,0,142,422
08/17/2017,BED,MA,ANE,EN,Towers with Radar,0,34,57,0,91,0,15,167,0,182,0,49,224,0,273,178,0,178,451
08/18/2017,BED,MA,ANE,EN,Towers with Radar,0,48,77,1,126,0,3,19,0,22,0,51,96,1,148,12,0,12,160
08/19/2017,BED,MA,ANE,EN,Towers with Radar,0,41,44,1,86,0,5,74,0,79,0,46,118,1,165,158,0,158,323
08/20/2017,BED,MA,ANE,EN,Towers with Radar,0,54,57,0,111,0,17,151,0,168,0,71,208,0,279,58,0,58,337
08/21/2017,BED,MA,ANE,EN,Towers with Radar,0,53,60,0,113,0,3,146,0,149,0,56,206,0,262,126,0,126,388
08/22/2017,BED,MA,ANE,EN,Towers with Radar,0,44,82,0,126,0,9,113,0,122,0,53,195,0,248,204,0,204,452
08/23/2017,BED,MA,ANE,EN,Towers with Radar,0,58,60,2,120,0,17,97,2,116,0,75,157,4,236,136,0,136,372
08/24/2017,BED,MA,ANE,EN,Towers with Radar,0,44,78,2,124,0,21,174,0,195,0,65,252,2,319,190,0,190,509
08/25/2017,BED,MA,ANE,EN,Towers with Radar,0,37,63,0,100,0,7,124,0,131,0,44,187,0,231,181,0,181,412
08/26/2017,BED,MA,ANE,EN,Towers with Radar,1,32,44,1,78,0,10,161,0,171,1,42,205,1,249,252,0,252,501
08/27/2017,BED,MA,ANE,EN,Towers with Radar,0,55,68,1,124,0,16,149,0,165,0,71,217,1,289,154,0,154,443
08/28/2017,BED,MA,ANE,EN,Towers with Radar,0,55,59,2,116,0,12,149,0,161,0,67,208,2,277,100,0,100,377
08/29/2017,BED,MA,ANE,EN,Towers with Radar,0,59,85,0,144,0,10,83,0,93,0,69,168,0,237,106,0,106,343
08/30/2017,BED,MA,ANE,EN,Towers with Radar,0,43,68,2,113,0,2,95,0,97,0,45,163,2,210,260,0,260,470
08/31/2017,BED,MA,ANE,EN,Towers with Radar,2,58,93,8,161,0,14,113,0,127,2,72,206,8,288,138,0,138,426
09/01/2017,BED,MA,ANE,EN,Towers with Radar,2,64,48,2,116,0,17,100,0,117,2,81,148,2,233,138,0,138,371
09/02/2017,BED,MA,ANE,EN,Towers with Radar,0,31,42,0,73,0,9,174,0,183,0,40,216,0,256,296,0,296,552
09/03/2017,BED,MA,ANE,EN,Towers with Radar,0,36,42,0,78,0,0,3,0,3,0,36,45,0,81,10,0,10,91
09/04/2017,BED,MA,ANE,EN,Towers with Radar,1,79,73,0,153,0,15,140,0,155,1,94,213,0,308,162,0,162,470
09/05/2017,BED,MA,ANE,EN,Towers with Radar,0,53,96,0,149,0,12,103,0,115,0,65,199,0,264,140,0,140,404
09/06/2017,BED,MA,ANE,EN,Towers with Radar,1,51,140,0,192,0,2,7,0,9,1,53,147,0,201,2,0,2,203
09/07/2017,BED,MA,ANE,EN,Towers with Radar,0,55,119,0,174,0,15,94,0,109,0,70,213,0,283,140,0,140,423
09/08/2017,BED,MA,ANE,EN,Towers with Radar,1,56,96,5,158,0,20,124,0,144,1,76,220,5,302,120,0,120,422
09/09/2017,BED,MA,ANE,EN,Towers with Radar,1,34,52,0,87,0,10,159,0,169,1,44,211,0,256,284,0,284,540
09/10/2017,BED,MA,ANE,EN,Towers with Radar,0,56,70,1,127,0,16,212,0,228,0,72,282,1,355,234,0,234,589
09/11/2017,BED,MA,ANE,EN,Towers with Radar,1,69,67,6,143,0,14,96,0,110,1,83,163,6,253,140,0,140,393
09/12/2017,BED,MA,ANE,EN,Towers with Radar,3,45,86,2,136,0,10,131,1,142,3,55,217,3,278,172,0,172,450
09/13/2017,BED,MA,ANE,EN,Towers with Radar,0,64,86,5,155,0,15,176,5,196,0,79,262,10,351,280,2,282,633
09/14/2017,BED,MA,ANE,EN,Towers with Radar,0,91,124,1,216,0,6,92,6,104,0,97,216,7,320,140,4,144,464
09/15/2017,BED,MA,ANE,EN,Towers with Radar,2,64,128,1,195,0,3,71,0,74,2,67,199,1,269,58,0,58,327
09/16/2017,BED,MA,ANE,EN,Towers with Radar,0,43,77,0,120,0,8,52,0,60,0,51,129,0,180,92,0,92,272
09/17/2017,BED,MA,ANE,EN,Towers with Radar,1,83,102,2,188,0,2,127,0,129,1,85,229,2,317,138,0,138,455
09/18/2017,BED,MA,ANE,EN,Towers with Radar,2,66,94,3,165,0,0,13,0,13,2,66,107,3,178,12,0,12,190
09/19/2017,BED,MA,ANE,EN,Towers with Radar,0,70,97,0,167,0,0,0,0,0,0,70,97,0,167,0,0,0,167
09/20/2017,BED,MA,ANE,EN,Towers with Radar,0,57,62,6,125,0,0,0,0,0,0,57,62,6,125,0,0,0,125
09/21/2017,BED,MA,ANE,EN,Towers with Radar,0,48,76,2,126,0,7,52,0,59,0,55,128,2,185,58,0,58,243
09/22/2017,BED,MA,ANE,EN,Towers with Radar,1,59,85,2,147,0,2,19,0,21,1,61,104,2,168,36,0,36,204
09/23/2017,BED,MA,ANE,EN,Towers with Radar,4,44,44,0,92,0,1,139,0,140,4,45,183,0,232,278,0,278,510
09/24/2017,BED,MA,ANE,EN,Towers with Radar,1,42,68,0,111,0,9,192,0,201,1,51,260,0,312,177,0,177,489
09/25/2017,BED,MA,ANE,EN,Towers with Radar,1,63,86,0,150,0,15,140,4,159,1,78,226,4,309,178,0,178,487
09/26/2017,BED,MA,ANE,EN,Towers with Radar,0,36,115,0,151,0,5,112,0,117,0,41,227,0,268,178,0,178,446
09/27/2017,BED,MA,ANE,EN,Towers with Radar,1,65,86,2,154,0,5,111,0,116,1,70,197,2,270,150,0,150,420
09/28/2017,BED,MA,ANE,EN,Towers with Radar,1,72,91,5,169,0,17,95,1,113,1,89,186,6,282,96,0,96,378
09/29/2017,BED,MA,ANE,EN,Towers with Radar,3,48,77,0,128,0,16,129,0,145,3,64,206,0,273,148,0,148,421
09/30/2017,BED,MA,ANE,EN,Towers with Radar,4,30,73,0,107,0,0,9,0,9,4,30,82,0,116,8,0,8,124
10/01/2017,BED,MA,ANE,EN,Towers with Radar,0,60,68,0,128,0,11,199,0,210,0,71,267,0,338,206,0,206,544
10/02/2017,BED,MA,ANE,EN,Towers with Radar,1,61,82,0,144,0,15,119,0,134,1,76,201,0,278,198,0,198,476
10/03/2017,BED,MA,ANE,EN,Towers with Radar,0,50,82,2,134,0,7,136,0,143,0,57,218,2,277,242,0,242,519
10/04/2017,BED,MA,ANE,EN,Towers with Radar,0,69,92,2,163,0,18,115,0,133,0,87,207,2,296,220,0,220,516
10/05/2017,BED,MA,ANE,EN,Towers with Radar,3,70,120,0,193,0,6,147,0,153,3,76,267,0,346,188,0,188,534
10/06/2017,BED,MA,ANE,EN,Towers with Radar,1,87,113,0,201,0,4,100,0,104,1,91,213,0,305,122,0,122,427
10/07/2017,BED,MA,ANE,EN,Towers with Radar,2,48,54,0,104,0,12,140,0,152,2,60,194,0,256,218,0,218,474
10/08/2017,BED,MA,ANE,EN,Towers with Radar,1,58,80,0,139,0,1,8,0,9,1,59,88,0,148,0,0,0,148
10/09/2017,BED,MA,ANE,EN,Towers with Radar,1,95,121,0,217,0,0,0,0,0,1,95,121,0,217,0,0,0,217
10/10/2017,BED,MA,ANE,EN,Towers with Radar,2,58,75,2,137,0,23,109,1,133,2,81,184,3,270,144,0,144,414
10/11/2017,BED,MA,ANE,EN,Towers with Radar,0,64,81,2,147,0,19,100,2,121,0,83,181,4,268,178,0,178,446
10/12/2017,BED,MA,ANE,EN,Towers with Radar,3,81,104,0,188,0,5,127,1,133,3,86,231,1,321,122,0,122,443
10/13/2017,BED,MA,ANE,EN,Towers with Radar,0,56,105,0,161,0,3,131,0,134,0,59,236,0,295,88,0,88,383
10/14/2017,BED,MA,ANE,EN,Towers with Radar,2,44,75,0,121,0,6,49,0,55,2,50,124,0,176,178,0,178,354
10/15/2017,BED,MA,ANE,EN,Towers with Radar,0,73,91,2,166,0,2,44,0,46,0,75,135,2,212,52,0,52,264
10/16/2017,BED,MA,ANE,EN,Towers with Radar,3,60,81,3,147,0,1,70,0,71,3,61,151,3,218,114,0,114,332
10/17/2017,BED,MA,ANE,EN,Towers with Radar,1,59,84,2,146,0,21,108,0,129,1,80,192,2,275,150,0,150,425
10/18/2017,BED,MA,ANE,EN,Towers with Radar,0,54,63,2,119,0,10,154,0,164,0,64,217,2,283,174,0,174,457
10/19/2017,BED,MA,ANE,EN,Towers with Radar,3,73,82,2,160,0,9,118,0,127,3,82,200,2,287,194,0,194,481
10/20/2017,BED,MA,ANE,EN,Towers with Radar,0,54,86,2,142,0,15,144,0,159,0,69,230,2,301,164,0,164,465
10/21/2017,BED,MA,ANE,EN,Towers with Radar,1,29,44,0,74,0,14,226,0,240,1,43,270,0,314,230,0,230,544
10/22/2017,BED,MA,ANE,EN,Towers with Radar,0,62,83,2,147,0,8,206,0,214,0,70,289,2,361,185,0,185,546
10/23/2017,BED,MA,ANE,EN,Towers with Radar,2,82,118,0,202,0,6,34,0,40,2,88,152,0,242,70,0,70,312
10/24/2017,BED,MA,ANE,EN,Towers with Radar,0,45,61,0,106,0,2,1,0,3,0,47,62,0,109,0,0,0,109
10/25/2017,BED,MA,ANE,EN,Towers with Radar,3,46,98,2,149,0,1,0,0,1,3,47,98,2,150,0,0,0,150
10/26/2017,BED,MA,ANE,EN,Towers with Radar,2,70,101,0,173,0,1,3,0,4,2,71,104,0,177,2,0,2,179
10/27/2017,BED,MA,ANE,EN,Towers with Radar,1,66,70,4,141,0,18,149,1,168,1,84,219,5,309,222,0,222,531
10/28/2017,BED,MA,ANE,EN,Towers with Radar,0,35,48,3,86,0,7,202,0,209,0,42,250,3,295,238,0,238,533
10/29/2017,BED,MA,ANE,EN,Towers with Radar,3,75,66,2,146,0,4,27,0,31,3,79,93,2,177,28,0,28,205
10/30/2017,BED,MA,ANE,EN,Towers with Radar,0,40,55,1,96,0,5,7,0,12,0,45,62,1,108,0,0,0,108
10/31/2017,BED,MA,ANE,EN,Towers with Radar,0,38,54,4,96,0,6,138,0,144,0,44,192,4,240,207,0,207,447
11/01/2017,BED,MA,ANE,EN,Towers with Radar,0,69,76,0,145,0,19,135,0,154,0,88,211,0,299,184,0,184,483
11/02/2017,BED,MA,ANE,EN,Towers with Radar,1,61,89,0,151,0,12,36,2,50,1,73,125,2,201,102,0,102,303
11/03/2017,BED,MA,ANE,EN,Towers with Radar,0,64,81,0,145,0,5,76,0,81,0,69,157,0,226,76,0,76,302
11/04/2017,BED,MA,ANE,EN,Towers with Radar,0,23,40,2,65,0,14,240,0,254,0,37,280,2,319,230,0,230,549
11/05/2017,BED,MA,ANE,EN,Towers with Radar,0,81,81,0,162,0,5,57,0,62,0,86,138,0,224,168,0,168,392
11/06/2017,BED,MA,ANE,EN,Towers with Radar,1,51,74,0,126,0,2,7,1,10,1,53,81,1,136,6,0,6,142
11/07/2017,BED,MA,ANE,EN,Towers with Radar,1,47,93,3,144,0,5,83,0,88,1,52,176,3,232,174,0,174,406
11/08/2017,BED,MA,ANE,EN,Towers with Radar,0,49,92,0,141,0,5,94,2,101,0,54,186,2,242,96,0,96,338
11/09/2017,BED,MA,ANE,EN,Towers with Radar,0,61,89,2,152,0,10,99,0,109,0,71,188,2,261,210,0,210,471
11/10/2017,BED,MA,ANE,EN,Towers with Radar,1,44,52,0,97,0,6,23,0,29,1,50,75,0,126,16,0,16,142
11/11/2017,BED,MA,ANE,EN,Towers with Radar,1,43,35,0,79,0,11,180,0,191,1,54,215,0,270,154,0,154,424
11/12/2017,BED,MA,ANE,EN,Towers with Radar,1,72,51,0,124,0,10,118,0,128,1,82,169,0,252,186,0,186,438
11/13/2017,BED,MA,ANE,EN,Towers with Radar,2,61,92,0,155,0,0,7,0,7,2,61,99,0,162,70,0,70,232
11/14/2017,BED,MA,ANE,EN,Towers with Radar,0,56,112,3,171,0,4,91,0,95,0,60,203,3,266,164,0,164,430
11/15/2017,BED,MA,ANE,EN,Towers with Radar,0,52,96,2,150,0,8,129,0,137,0,60,225,2,287,202,0,202,489
11/16/2017,BED,MA,ANE,EN,Towers with Radar,0,86,96,0,182,0,5,2,0,7,0,91,98,0,189,30,0,30,219
11/17/2017,BED,MA,ANE,EN,Towers with Radar,1,86,65,3,155,2,14,92,0,108,3,100,157,3,263,46,0,46,309
11/18/2017,BED,MA,ANE,EN,Towers with Radar,0,48,43,0,91,0,15,160,0,175,0,63,203,0,266,247,0,247,513
11/19/2017,BED,MA,ANE,EN,Towers with Radar,1,46,52,1,100,0,3,10,0,13,1,49,62,1,113,2,0,2,115
11/20/2017,BED,MA,ANE,EN,Towers with Radar,0,59,89,0,148,0,13,49,0,62,0,72,138,0,210,74,0,74,284
11/21/2017,BED,MA,ANE,EN,Towers with Radar,1,60,110,0,171,0,7,94,0,101,1,67,204,0,272,94,0,94,366
11/22/2017,BED,MA,ANE,EN,Towers with Radar,0,58,100,4,162,0,0,6,0,6,0,58,106,4,168,6,0,6,174
11/23/2017,BED,MA,ANE,EN,Towers with Radar,1,27,13,0,41,0,4,35,0,39,1,31,48,0,80,35,0,35,115
11/24/2017,BED,MA,ANE,EN,Towers with Radar,0,38,39,0,77,0,7,139,0,146,0,45,178,0,223,160,0,160,383
11/25/2017,BED,MA,ANE,EN,Towers with Radar,0,44,67,2,113,0,9,139,0,148,0,53,206,2,261,164,0,164,425
11/26/2017,BED,MA,ANE,EN,Towers with Radar,2,92,104,0,198,0,4,77,6,87,2,96,181,6,285,32,0,32,317
11/27/2017,BED,MA,ANE,EN,Towers with Radar,0,54,89,9,152,0,4,36,0,40,0,58,125,9,192,46,0,46,238
11/28/2017,BED,MA,ANE,EN,Towers with Radar,0,76,65,0,141,0,6,116,0,122,0,82,181,0,263,156,0,156,419
11/29/2017,BED,MA,ANE,EN,Towers with Radar,0,63,81,0,144,0,3,96,0,99,0,66,177,0,243,107,0,107,350
11/30/2017,BED,MA,ANE,EN,Towers with Radar,0,72,77,0,149,0,11,127,0,138,0,83,204,0,287,146,0,146,433
12/01/2017,BED,MA,ANE,EN,Towers with Radar,1,67,69,0,137,0,14,109,0,123,1,81,178,0,260,150,0,150,410
12/02/2017,BED,MA,ANE,EN,Towers with Radar,0,26,36,0,62,0,5,153,0,158,0,31,189,0,220,300,0,300,520
12/03/2017,BED,MA,ANE,EN,Towers with Radar,0,53,58,0,111,0,13,156,0,169,0,66,214,0,280,234,0,234,514
12/04/2017,BED,MA,ANE,EN,Towers with Radar,0,43,74,0,117,0,7,109,0,116,0,50,183,0,233,120,0,120,353
12/05/2017,BED,MA,ANE,EN,Towers with Radar,1,55,81,0,137,1,0,22,0,23,2,55,103,0,160,124,0,124,284
12/06/2017,BED,MA,ANE,EN,Towers with Radar,0,55,80,0,135,0,12,100,0,112,0,67,180,0,247,172,0,172,419
12/07/2017,BED,MA,ANE,EN,Towers with Radar,1,58,82,0,141,0,16,95,2,113,1,74,177,2,254,148,0,148,402
12/08/2017,BED,MA,ANE,EN,Towers with Radar,0,51,72,1,124,0,5,99,1,105,0,56,171,2,229,148,0,148,377
12/09/2017,BED,MA,ANE,EN,Towers with Radar,0,18,15,0,33,0,0,2,0,2,0,18,17,0,35,12,0,12,47
12/10/2017,BED,MA,ANE,EN,Towers with Radar,0,53,49,1,103,0,8,73,0,81,0,61,122,1,184,148,0,148,332
12/11/2017,BED,MA,ANE,EN,Towers with Radar,0,62,70,0,132,0,10,104,0,114,0,72,174,0,246,168,0,168,414
12/12/2017,BED,MA,ANE,EN,Towers with Radar,3,51,51,0,105,0,0,2,0,2,3,51,53,0,107,20,0,20,127
12/13/2017,BED,MA,ANE,EN,Towers with Radar,1,58,61,0,120,0,5,14,0,19,1,63,75,0,139,32,0,32,171
12/14/2017,BED,MA,ANE,EN,Towers with Radar,1,78,91,4,174,0,12,88,2,102,1,90,179,6,276,164,0,164,440
12/15/2017,BED,MA,ANE,EN,Towers with Radar,3,69,78,0,150,0,9,76,0,85,3,78,154,0,235,128,0,128,363
12/16/2017,BED,MA,ANE,EN,Towers with Radar,1,40,34,0,75,0,6,145,0,151,1,46,179,0,226,222,0,222,448
12/17/2017,BED,MA,ANE,EN,Towers with Radar,1,39,39,0,79,0,6,107,0,113,1,45,146,0,192,218,0,218,410
12/18/2017,BED,MA,ANE,EN,Towers with Radar,0,72,66,0,138,0,2,17,0,19,0,74,83,0,157,80,0,80,237
12/19/2017,BED,MA,ANE,EN,Towers with Radar,1,60,76,0,137,0,8,85,2,95,1,68,161,2,232,186,0,186,418
12/20/2017,BED,MA,ANE,EN,Towers with Radar,0,50,60,1,111,0,11,65,0,76,0,61,125,1,187,62,0,62,249
12/21/2017,BED,MA,ANE,EN,Towers with Radar,0,43,72,1,116,0,6,130,2,138,0,49,202,3,254,120,0,120,374
12/22/2017,BED,MA,ANE,EN,Towers with Radar,0,55,42,0,97,0,0,13,0,13,0,55,55,0,110,10,0,10,120
12/23/2017,BED,MA,ANE,EN,Towers with Radar,1,33,31,0,65,0,0,0,0,0,1,33,31,0,65,0,0,0,65
12/24/2017,BED,MA,ANE,EN,Towers with Radar,2,28,25,2,57,0,10,26,0,36,2,38,51,2,93,46,0,46,139
12/25/2017,BED,MA,ANE,EN,Towers with Radar,1,28,14,0,43,0,3,0,0,3,1,31,14,0,46,0,0,0,46
12/26/2017,BED,MA,ANE,EN,Towers with Radar,3,73,84,0,160,0,5,46,0,51,3,78,130,0,211,72,0,72,283
12/27/2017,BED,MA,ANE,EN,Towers with Radar,1,69,55,0,125,0,4,57,0,61,1,73,112,0,186,120,0,120,306
12/28/2017,BED,MA,ANE,EN,Towers with Radar,1,22,38,0,61,0,5,16,0,21,1,27,54,0,82,4,0,4,86
12/29/2017,BED,MA,ANE,EN,Towers with Radar,0,24,24,0,48,0,3,37,0,40,0,27,61,0,88,57,0,57,145
12/30/2017,BED,MA,ANE,EN,Towers with Radar,0,37,29,0,66,0,2,13,0,15,0,39,42,0,81,38,0,38,119
12/31/2017,BED,MA,ANE,EN,Towers with Radar,2,16,19,0,37,0,7,14,0,21,2,23,33,0,58,14,0,14,72
01/01/2018,BED,MA,ANE,EN,Towers with Radar,3,64,44,0,111,0,4,32,0,36,3,68,76,0,147,0,0,0,147
01/02/2018,BED,MA,ANE,EN,Towers with Radar,2,63,64,0,129,0,8,31,0,39,2,71,95,0,168,38,0,38,206
01/03/2018,BED,MA,ANE,EN,Towers with Radar,2,53,62,0,117,0,6,87,0,93,2,59,149,0,210,122,0,122,332
01/04/2018,BED,MA,ANE,EN,Towers with Radar,0,3,0,0,3,0,0,0,0,0,0,3,0,0,3,0,0,0,3
01/05/2018,BED,MA,ANE,EN,Towers with Radar,7,50,35,0,92,0,5,4,1,10,7,55,39,1,102,0,0,0,102
01/06/2018,BED,MA,ANE,EN,Towers with Radar,3,33,10,0,46,0,8,3,1,12,3,41,13,1,58,0,0,0,58
01/07/2018,BED,MA,ANE,EN,Towers with Radar,4,46,41,0,91,0,6,34,0,40,4,52,75,0,131,32,0,32,163
01/08/2018,BED,MA,ANE,EN,Towers with Radar,0,49,43,0,92,0,8,36,0,44,0,57,79,0,136,20,0,20,156
01/09/2018,BED,MA,ANE,EN,Towers with Radar,1,40,57,0,98,0,9,64,0,73,1,49,121,0,171,88,0,88,259
01/10/2018,BED,MA,ANE,EN,Towers with Radar,0,46,71,0,117,0,11,91,0,102,0,57,162,0,219,80,0,80,299
01/11/2018,BED,MA,ANE,EN,Towers with Radar,1,51,65,2,119,0,5,23,0,28,1,56,88,2,147,56,0,56,203
01/12/2018,BED,MA,ANE,EN,Towers with Radar,1,62,47,0,110,0,0,0,0,0,1,62,47,0,110,0,0,0,110
01/13/2018,BED,MA,ANE,EN,Towers with Radar,0,26,29,2,57,0,4,20,0,24,0,30,49,2,81,60,0,60,141
01/14/2018,BED,MA,ANE,EN,Towers with Radar,2,29,31,0,62,0,4,106,0,110,2,33,137,0,172,184,0,184,356
01/15/2018,BED,MA,ANE,EN,Towers with Radar,2,80,74,0,156,0,5,31,0,36,2,85,105,0,192,36,0,36,228
01/16/2018,BED,MA,ANE,EN,Towers with Radar,0,62,70,0,132,0,6,45,0,51,0,68,115,0,183,76,0,76,259
01/17/2018,BED,MA,ANE,EN,Towers with Radar,0,39,28,0,67,0,0,0,0,0,0,39,28,0,67,0,0,0,67
01/18/2018,BED,MA,ANE,EN,Towers with Radar,0,43,68,0,111,0,4,55,0,59,0,47,123,0,170,70,0,70,240
01/19/2018,BED,MA,ANE,EN,Towers with Radar,0,53,87,0,140,0,14,76,0,90,0,67,163,0,230,86,0,86,316
01/20/2018,BED,MA,ANE,EN,Towers with Radar,0,30,49,0,79,0,14,126,0,140,0,44,175,0,219,258,0,258,477
01/21/2018,BED,MA,ANE,EN,Towers with Radar,1,70,47,1,119,0,4,176,0,180,1,74,223,1,299,240,0,240,539
01/22/2018,BED,MA,ANE,EN,Towers with Radar,0,57,70,0,127,0,0,0,0,0,0,57,70,0,127,0,0,0,127
01/23/2018,BED,MA,ANE,EN,Towers with Radar,3,33,30,0,66,0,0,0,0,0,3,33,30,0,66,0,0,0,66
01/24/2018,BED,MA,ANE,EN,Towers with Radar,1,43,80,4,128,0,10,76,0,86,1,53,156,4,214,78,0,78,292
01/25/2018,BED,MA,ANE,EN,Towers with Radar,0,50,66,2,118,0,9,69,0,78,0,59,135,2,196,103,0,103,299
01/26/2018,BED,MA,ANE,EN,Towers with Radar,0,42,77,0,119,0,10,121,0,131,0,52,198,0,250,154,0,154,404
01/27/2018,BED,MA,ANE,EN,Towers with Radar,1,24,22,0,47,0,2,87,0,89,1,26,109,0,136,142,0,142,278
01/28/2018,BED,MA,ANE,EN,Towers with Radar,0,49,61,0,110,0,5,118,0,123,0,54,179,0,233,260,0,260,493
01/29/2018,BED,MA,ANE,EN,Towers with Radar,0,40,78,0,118,0,4,49,2,55,0,44,127,2,173,202,0,202,375
01/30/2018,BED,MA,ANE,EN,Towers with Radar,2,39,66,0,107,0,14,14,0,28,2,53,80,0,135,41,0,41,176
01/31/2018,BED,MA,ANE,EN,Towers with Radar,0,64,73,0,137,0,12,94,2,108,0,76,167,2,245,148,0,148,393
02/01/2018,BED,MA,ANE,EN,Towers with Radar,0,65,53,0,118,0,10,111,0,121,0,75,164,0,239,136,0,136,375
02/02/2018,BED,MA,ANE,EN,Towers with Radar,0,84,46,0,130,0,10,11,0,21,0,94,57,0,151,0,0,0,151
02/03/2018,BED,MA,ANE,EN,Towers with Radar,2,40,43,0,85,0,6,88,0,94,2,46,131,0,179,213,0,213,392
02/04/2018,BED,MA,ANE,EN,Towers with Radar,3,71,48,0,122,0,1,20,0,21,3,72,68,0,143,80,0,80,223
02/05/2018,BED,MA,ANE,EN,Towers with Radar,3,85,86,0,174,0,7,43,0,50,3,92,129,0,224,34,0,34,258
02/06/2018,BED,MA,ANE,EN,Towers with Radar,0,47,95,2,144,0,3,66,0,69,0,50,161,2,213,183,0,183,396
02/07/2018,BED,MA,ANE,EN,Towers with Radar,0,30,34,0,64,0,0,2,0,2,0,30,36,0,66,0,0,0,66
02/08/2018,BED,MA,ANE,EN,Towers with Radar,1,73,66,0,140,0,15,56,1,72,1,88,122,1,212,88,0,88,300
02/09/2018,BED,MA,ANE,EN,Towers with Radar,0,52,79,0,131,0,13,80,0,93,0,65,159,0,224,192,0,192,416
02/10/2018,BED,MA,ANE,EN,Towers with Radar,1,35,54,0,90,0,2,30,0,32,1,37,84,0,122,50,0,50,172
02/11/2018,BED,MA,ANE,EN,Towers with Radar,0,33,25,0,58,0,0,0,0,0,0,33,25,0,58,0,0,0,58
02/12/2018,BED,MA,ANE,EN,Towers with Radar,0,38,76,4,118,0,6,49,0,55,0,44,125,4,173,100,0,100,273
02/13/2018,BED,MA,ANE,EN,Towers with Radar,0,38,65,0,103,0,6,144,0,150,0,44,209,0,253,286,0,286,539
02/14/2018,BED,MA,ANE,EN,Towers with Radar,1,65,61,0,127,0,14,106,0,120,1,79,167,0,247,160,0,160,407
02/15/2018,BED,MA,ANE,EN,Towers with Radar,1,66,114,0,181,0,4,11,0,15,1,70,125,0,196,28,0,28,224
02/16/2018,BED,MA,ANE,EN,Towers with Radar,1,75,99,0,175,0,4,39,3,46,1,79,138,3,221,76,0,76,297
02/17/2018,BED,MA,ANE,EN,Towers with Radar,0,52,52,0,104,0,6,188,0,194,0,58,240,0,298,196,0,196,494
02/18/2018,BED,MA,ANE,EN,Towers with Radar,0,35,36,0,71,0,9,62,0,71,0,44,98,0,142,42,0,42,184
02/19/2018,BED,MA,ANE,EN,Towers with Radar,0,60,58,0,118,0,11,98,0,109,0,71,156,0,227,82,0,82,309
02/20/2018,BED,MA,ANE,EN,Towers with Radar,0,67,85,0,152,0,1,79,0,80,0,68,164,0,232,180,0,180,412
02/21/2018,BED,MA,ANE,EN,Towers with Radar,1,61,85,0,147,0,10,81,0,91,1,71,166,0,238,176,0,176,414
02/22/2018,BED,MA,ANE,EN,Towers with Radar,1,46,47,0,94,0,2,43,0,45,1,48,90,0,139,140,0,140,279
02/23/2018,BED,MA,ANE,EN,Towers with Radar,0,50,58,0,108,0,3,33,0,36,0,53,91,0,144,154,0,154,298
02/24/2018,BED,MA,ANE,EN,Towers with Radar,2,45,51,0,98,11,10,127,0,148,13,55,178,0,246,238,0,238,484
02/25/2018,BED,MA,ANE,EN,Towers with Radar,4,56,60,0,120,0,0,0,0,0,4,56,60,0,120,0,0,0,120
02/26/2018,BED,MA,ANE,EN,Towers with Radar,1,42,59,2,104,0,6,65,0,71,1,48,124,2,175,158,0,158,333
02/27/2018,BED,MA,ANE,EN,Towers with Radar,1,57,59,0,117,0,13,101,0,114,1,70,160,0,231,224,0,224,455
02/28/2018,BED,MA,ANE,EN,Towers with Radar,2,45,64,2,113,0,10,123,0,133,2,55,187,2,246,152,0,152,398
03/01/2018,BED,MA,ANE,EN,Towers with Radar,0,60,86,0,146,0,9,96,0,105,0,69,182,0,251,252,0,252,503
03/02/2018,BED,MA,ANE,EN,Towers with Radar,1,11,10,0,22,0,0,0,0,0,1,11,10,0,22,0,0,0,22
03/03/2018,BED,MA,ANE,EN,Towers with Radar,0,50,33,0,83,0,0,25,0,25,0,50,58,0,108,98,0,98,206
03/04/2018,BED,MA,ANE,EN,Towers with Radar,0,41,65,0,106,0,5,95,0,100,0,46,160,0,206,280,0,280,486
03/05/2018,BED,MA,ANE,EN,Towers with Radar,0,52,67,0,119,0,3,28,0,31,0,55,95,0,150,46,0,46,196
03/06/2018,BED,MA,ANE,EN,Towers with Radar,0,58,77,0,135,0,6,98,0,104,0,64,175,0,239,234,0,234,473
03/07/2018,BED,MA,ANE,EN,Towers with Radar,0,32,14,0,46,0,0,0,0,0,0,32,14,0,46,0,0,0,46
03/08/2018,BED,MA,ANE,EN,Towers with Radar,1,50,66,0,117,0,2,0,0,2,1,52,66,0,119,0,0,0,119
03/09/2018,BED,MA,ANE,EN,Towers with Radar,1,78,86,2,167,0,8,52,2,62,1,86,138,4,229,190,0,190,419
03/10/2018,BED,MA,ANE,EN,Towers with Radar,4,50,51,0,105,0,10,112,0,122,4,60,163,0,227,222,0,222,449
03/11/2018,BED,MA,ANE,EN,Towers with Radar,8,58,66,0,132,0,6,171,0,177,8,64,237,0,309,216,0,216,525
03/12/2018,BED,MA,ANE,EN,Towers with Radar,0,80,74,0,154,0,8,64,0,72,0,88,138,0,226,180,0,180,406
03/13/2018,BED,MA,ANE,EN,Towers with Radar,0,0,8,0,8,0,0,0,0,0,0,0,8,0,8,0,0,0,8
03/14/2018,BED,MA,ANE,EN,Towers with Radar,0,72,67,0,139,0,11,11,0,22,0,83,78,0,161,8,0,8,169
03/15/2018,BED,MA,ANE,EN,Towers with Radar,2,45,66,0,113,0,14,67,0,81,2,59,133,0,194,80,0,80,274
03/16/2018,BED,MA,ANE,EN,Towers with Radar,0,66,63,0,129,0,8,61,0,69,0,74,124,0,198,45,0,45,243
03/17/2018,BED,MA,ANE,EN,Towers with Radar,0,46,48,1,95,0,9,85,0,94,0,55,133,1,189,68,0,68,257
03/18/2018,BED,MA,ANE,EN,Towers with Radar,0,62,65,1,128,0,7,104,0,111,0,69,169,1,239,100,0,100,339
03/19/2018,BED,MA,ANE,EN,Towers with Radar,0,41,54,0,95,0,8,66,0,74,0,49,120,0,169,74,0,74,243
03/20/2018,BED,MA,ANE,EN,Towers with Radar,4,51,66,1,122,0,10,89,0,99,4,61,155,1,221,184,0,184,405
03/21/2018,BED,MA,ANE,EN,Towers with Radar,1,14,24,0,39,0,4,11,0,15,1,18,35,0,54,34,0,34,88
03/22/2018,BED,MA,ANE,EN,Towers with Radar,0,59,56,0,115,0,6,13,0,19,0,65,69,0,134,22,0,22,156
03/23/2018,BED,MA,ANE,EN,Towers with Radar,1,52,101,2,156,0,14,110,0,124,1,66,211,2,280,119,0,119,399
03/24/2018,BED,MA,ANE,EN,Towers with Radar,4,47,48,0,99,0,1,135,0,136,4,48,183,0,235,222,0,222,457
03/25/2018,BED,MA,ANE,EN,Towers with Radar,6,49,81,0,136,0,1,21,0,22,6,50,102,0,158,76,0,76,234
03/26/2018,BED,MA,ANE,EN,Towers with Radar,1,54,88,2,145,0,7,94,0,101,1,61,182,2,246,76,0,76,322
03/27/2018,BED,MA,ANE,EN,Towers with Radar,0,49,80,4,133,0,13,123,0,136,0,62,203,4,269,182,0,182,451
03/28/2018,BED,MA,ANE,EN,Towers with Radar,1,47,71,2,121,7,9,81,1,98,8,56,152,3,219,218,0,218,437
03/29/2018,BED,MA,ANE,EN,Towers with Radar,1,59,95,1,156,0,5,88,0,93,1,64,183,1,249,288,0,288,537
03/30/2018,BED,MA,ANE,EN,Towers with Radar,1,46,74,0,121,0,2,26,0,28,1,48,100,0,149,58,0,58,207
03/31/2018,BED,MA,ANE,EN,Towers with Radar,1,24,42,0,67,0,13,185,0,198,1,37,227,0,265,194,0,194,459
04/01/2018,BED,MA,ANE,EN,Towers with Radar,1,67,42,0,110,0,8,42,0,50,1,75,84,0,160,32,0,32,192
04/02/2018,BED,MA,ANE,EN,Towers with Radar,1,67,75,0,143,0,2,11,0,13,1,69,86,0,156,32,0,32,188
04/03/2018,BED,MA,ANE,EN,Towers with Radar,0,51,68,4,123,0,2,48,0,50,0,53,116,4,173,122,0,122,295
04/04/2018,BED,MA,ANE,EN,Towers with Radar,0,38,54,3,95,0,0,2,0,2,0,38,56,3,97,4,0,4,101
04/05/2018,BED,MA,ANE,EN,Towers with Radar,1,55,71,6,133,0,15,35,1,51,1,70,106,7,184,60,0,60,244
04/06/2018,BED,MA,ANE,EN,Towers with Radar,0,63,71,2,136,0,2,53,0,55,0,65,124,2,191,86,0,86,277
04/07/2018,BED,MA,ANE,EN,Towers with Radar,0,34,50,0,84,0,0,128,0,128,0,34,178,0,212,170,0,170,382
04/08/2018,BED,MA,ANE,EN,Towers with Radar,0,63,52,1,116,0,12,152,0,164,0,75,204,1,280,152,0,152,432
04/09/2018,BED,MA,ANE,EN,Towers with Radar,3,44,84,2,133,0,10,111,0,121,3,54,195,2,254,94,0,94,348
04/10/2018,BED,MA,ANE,EN,Towers with Radar,1,58,86,0,145,0,7,68,0,75,1,65,154,0,220,240,0,240,460
04/11/2018,BED,MA,ANE,EN,Towers with Radar,1,44,84,0,129,10,6,92,0,108,11,50,176,0,237,140,0,140,377
04/12/2018,BED,MA,ANE,EN,Towers with Radar,0,81,108,0,189,0,17,102,0,119,0,98,210,0,308,150,0,150,458
04/13/2018,BED,MA,ANE,EN,Towers with Radar,0,61,89,2,152,0,9,123,2,134,0,70,212,4,286,256,0,256,542
04/14/2018,BED,MA,ANE,EN,Towers with Radar,0,49,66,0,115,0,2,100,0,102,0,51,166,0,217,218,0,218,435
04/15/2018,BED,MA,ANE,EN,Towers with Radar,1,38,42,0,81,0,2,2,0,4,1,40,44,0,85,6,0,6,91
04/16/2018,BED,MA,ANE,EN,Towers with Radar,0,54,75,0,129,0,0,0,0,0,0,54,75,0,129,0,0,0,129
04/17/2018,BED,MA,ANE,EN,Towers with Radar,0,45,86,2,133,0,7,89,0,96,0,52,175,2,229,164,0,164,393
04/18/2018,BED,MA,ANE,EN,Towers with Radar,0,52,72,4,128,0,6,79,0,85,0,58,151,4,213,106,0,106,319
04/19/2018,BED,MA,ANE,EN,Towers with Radar,4,76,87,2,169,0,2,2,0,4,4,78,89,2,173,0,0,0,173
04/20/2018,BED,MA,ANE,EN,Towers with Radar,1,57,83,2,143,0,7,110,1,118,1,64,193,3,261,90,0,90,351
04/21/2018,BED,MA,ANE,EN,Towers with Radar,0,41,47,0,88,0,13,199,0,212,0,54,246,0,300,285,0,285,585
04/22/2018,BED,MA,ANE,EN,Towers with Radar,3,54,62,0,119,0,7,194,0,201,3,61,256,0,320,196,0,196,516
04/23/2018,BED,MA,ANE,EN,Towers with Radar,0,63,68,0,131,0,9,145,0,154,0,72,213,0,285,153,0,153,438
04/24/2018,BED,MA,ANE,EN,Towers with Radar,0,41,73,1,115,0,14,109,0,123,0,55,182,1,238,140,0,140,378
04/25/2018,BED,MA,ANE,EN,Towers with Radar,1,85,93,5,184,0,1,0,0,1,1,86,93,5,185,0,0,0,185
04/26/2018,BED,MA,ANE,EN,Towers with Radar,1,72,99,2,174,0,8,84,1,93,1,80,183,3,267,88,0,88,355
04/27/2018,BED,MA,ANE,EN,Towers with Radar,1,64,92,1,158,0,8,55,1,64,1,72,147,2,222,94,0,94,316
04/28/2018,BED,MA,ANE,EN,Towers with Radar,0,33,75,1,109,0,10,165,0,175,0,43,240,1,284,178,0,178,462
04/29/2018,BED,MA,ANE,EN,Towers with Radar,1,60,74,0,135,0,2,35,0,37,1,62,109,0,172,84,0,84,256
04/30/2018,BED,MA,ANE,EN,Towers with Radar,0,61,75,0,136,0,7,36,0,43,0,68,111,0,179,72,0,72,251
05/01/2018,BED,MA,ANE,EN,Towers with Radar,1,46,63,0,110,0,14,131,1,146,1,60,194,1,256,172,0,172,428
05/02/2018,BED,MA,ANE,EN,Towers with Radar,1,59,72,3,135,0,19,93,9,121,1,78,165,12,256,101,0,101,357
05/03/2018,BED,MA,ANE,EN,Towers with Radar,1,86,92,0,179,0,12,70,4,86,1,98,162,4,265,128,0,128,393
05/04/2018,BED,MA,ANE,EN,Towers with Radar,2,69,66,0,137,0,8,87,0,95,2,77,153,0,232,122,0,122,354
05/05/2018,BED,MA,ANE,EN,Towers with Radar,4,29,38,4,75,0,7,137,0,144,4,36,175,4,219,180,0,180,399
05/06/2018,BED,MA,ANE,EN,Towers with Radar,2,63,99,2,166,0,5,92,0,97,2,68,191,2,263,268,0,268,531
05/07/2018,BED,MA,ANE,EN,Towers with Radar,0,65,74,0,139,0,5,80,0,85,0,70,154,0,224,82,0,82,306
05/08/2018,BED,MA,ANE,EN,Towers with Radar,0,58,72,0,130,0,14,124,0,138,0,72,196,0,268,176,0,176,444
05/09/2018,BED,MA,ANE,EN,Towers with Radar,2,68,90,0,160,0,6,143,0,149,2,74,233,0,309,140,0,140,449
05/10/2018,BED,MA,ANE,EN,Towers with Radar,7,81,99,2,189,0,18,132,1,151,7,99,231,3,340,108,0,108,448
05/11/2018,BED,MA,ANE,EN,Towers with Radar,0,52,79,2,133,0,12,126,0,138,0,64,205,2,271,176,0,176,447
05/12/2018,BED,MA,ANE,EN,Towers with Radar,0,59,56,0,115,0,0,24,0,24,0,59,80,0,139,50,0,50,189
05/13/2018,BED,MA,ANE,EN,Towers with Radar,0,56,81,0,137,0,3,60,0,63,0,59,141,0,200,108,0,108,308
05/14/2018,BED,MA,ANE,EN,Towers with Radar,0,59,81,0,140,0,10,74,0,84,0,69,155,0,224,90,0,90,314
05/15/2018,BED,MA,ANE,EN,Towers with Radar,0,60,98,0,158,0,9,64,0,73,0,69,162,0,231,54,0,54,285
05/16/2018,BED,MA,ANE,EN,Towers with Radar,0,66,112,3,181,0,8,91,5,104,0,74,203,8,285,124,0,124,409
05/17/2018,BED,MA,ANE,EN,Towers with Radar,3,60,141,2,206,0,15,127,2,144,3,75,268,4,350,196,0,196,546
05/18/2018,BED,MA,ANE,EN,Towers with Radar,1,69,87,2,159,0,14,107,6,127,1,83,194,8,286,214,0,214,500
05/19/2018,BED,MA,ANE,EN,Towers with Radar,0,44,53,0,97,0,2,36,0,38,0,46,89,0,135,118,0,118,253
05/20/2018,BED,MA,ANE,EN,Towers with Radar,0,70,85,0,155,0,7,37,0,44,0,77,122,0,199,28,0,28,227
05/21/2018,BED,MA,ANE,EN,Towers with Radar,0,70,77,4,151,0,14,138,0,152,0,84,215,4,303,88,0,88,391
05/22/2018,BED,MA,ANE,EN,Towers with Radar,1,56,97,2,156,0,7,89,0,96,1,63,186,2,252,134,0,134,386
05/23/2018,BED,MA,ANE,EN,Towers with Radar,0,56,102,6,164,0,6,103,0,109,0,62,205,6,273,162,0,162,435
05/24/2018,BED,MA,ANE,EN,Towers with Radar,1,69,89,0,159,0,12,150,2,164,1,81,239,2,323,162,0,162,485
05/25/2018,BED,MA,ANE,EN,Towers with Radar,0,70,95,0,165,0,6,100,0,106,0,76,195,0,271,72,0,72,343
05/26/2018,BED,MA,ANE,EN,Towers with Radar,0,35,23,0,58,0,8,141,0,149,0,43,164,0,207,212,0,212,419
05/27/2018,BED,MA,ANE,EN,Towers with Radar,0,46,47,0,93,0,4,5,0,9,0,50,52,0,102,0,0,0,102
05/28/2018,BED,MA,ANE,EN,Towers with Radar,0,87,101,1,189,0,5,4,0,9,0,92,105,1,198,4,0,4,202
05/29/2018,BED,MA,ANE,EN,Towers with Radar,1,49,90,0,140,0,12,125,2,139,1,61,215,2,279,200,0,200,479
05/30/2018,BED,MA,ANE,EN,Towers with Radar,0,69,61,0,130,0,12,193,0,205,0,81,254,0,335,264,0,264,599
05/31/2018,BED,MA,ANE,EN,Towers with Radar,0,68,83,0,151,0,8,126,0,134,0,76,209,0,285,214,0,214,499
06/01/2018,BED,MA,ANE,EN,Towers with Radar,0,62,90,0,152,0,6,29,0,35,0,68,119,0,187,106,0,106,293
06/02/2018,BED,MA,ANE,EN,Towers with Radar,0,38,47,0,85,0,12,100,0,112,0,50,147,0,197,198,0,198,395
06/03/2018,BED,MA,ANE,EN,Towers with Radar,0,67,71,0,138,0,9,130,0,139,0,76,201,0,277,182,0,182,459
06/04/2018,BED,MA,ANE,EN,Towers with Radar,0,76,96,0,172,0,0,0,0,0,0,76,96,0,172,0,0,0,172
06/05/2018,BED,MA,ANE,EN,Towers with Radar,0,75,86,4,165,0,4,28,0,32,0,79,114,4,197,100,0,100,297
06/06/2018,BED,MA,ANE,EN,Towers with Radar,0,62,106,0,168,0,5,92,0,97,0,67,198,0,265,222,0,222,487
06/07/2018,BED,MA,ANE,EN,Towers with Radar,1,55,99,0,155,0,7,144,0,151,1,62,243,0,306,158,0,158,464
06/08/2018,BED,MA,ANE,EN,Towers with Radar,0,53,98,1,152,0,15,164,0,179,0,68,262,1,331,166,0,166,497
06/09/2018,BED,MA,ANE,EN,Towers with Radar,0,30,34,0,64,0,13,151,0,164,0,43,185,0,228,192,0,192,420
06/10/2018,BED,MA,ANE,EN,Towers with Radar,0,60,70,1,131,0,7,199,4,210,0,67,269,5,341,220,0,220,561
06/11/2018,BED,MA,ANE,EN,Towers with Radar,0,43,103,0,146,0,7,105,0,112,0,50,208,0,258,166,0,166,424
06/12/2018,BED,MA,ANE,EN,Towers with Radar,1,50,90,1,142,0,19,131,0,150,1,69,221,1,292,104,0,104,396
06/13/2018,BED,MA,ANE,EN,Towers with Radar,0,60,80,2,142,0,9,41,0,50,0,69,121,2,192,58,0,58,250
06/14/2018,BED,MA,ANE,EN,Towers with Radar,0,51,104,5,160,0,11,122,3,136,0,62,226,8,296,107,0,107,403
06/15/2018,BED,MA,ANE,EN,Towers with Radar,0,62,103,3,168,0,10,84,1,95,0,72,187,4,263,104,0,104,367
06/16/2018,BED,MA,ANE,EN,Towers with Radar,0,36,33,0,69,0,15,186,1,202,0,51,219,1,271,258,0,258,529
06/17/2018,BED,MA,ANE,EN,Towers with Radar,0,63,70,0,133,0,14,190,0,204,0,77,260,0,337,108,0,108,445
06/18/2018,BED,MA,ANE,EN,Towers with Radar,0,71,88,1,160,0,18,77,7,102,0,89,165,8,262,76,0,76,338
06/19/2018,BED,MA,ANE,EN,Towers with Radar,0,64,86,1,151,0,23,122,0,145,0,87,208,1,296,110,0,110,406
06/20/2018,BED,MA,ANE,EN,Towers with Radar,0,55,89,0,144,0,13,160,0,173,0,68,249,0,317,162,0,162,479
06/21/2018,BED,MA,ANE,EN,Towers with Radar,0,67,105,0,172,0,13,132,0,145,0,80,237,0,317,172,0,172,489
06/22/2018,BED,MA,ANE,EN,Towers with Radar,0,75,93,1,169,0,13,150,0,163,0,88,243,1,332,138,0,138,470
06/23/2018,BED,MA,ANE,EN,Towers with Radar,0,40,62,0,102,0,2,44,0,46,0,42,106,0,148,80,0,80,228
06/24/2018,BED,MA,ANE,EN,Towers with Radar,0,68,80,2,150,0,0,36,1,37,0,68,116,3,187,70,0,70,257
06/25/2018,BED,MA,ANE,EN,Towers with Radar,0,59,75,0,134,0,13,103,1,117,0,72,178,1,251,76,0,76,327
06/26/2018,BED,MA,ANE,EN,Towers with Radar,2,61,57,0,120,0,6,173,0,179,2,67,230,0,299,205,0,205,504
06/27/2018,BED,MA,ANE,EN,Towers with Radar,1,53,88,0,142,0,11,151,2,164,1,64,239,2,306,194,0,194,500
06/28/2018,BED,MA,ANE,EN,Towers with Radar,0,77,86,0,163,0,0,4,0,4,0,77,90,0,167,0,0,0,167
06/29/2018,BED,MA,ANE,EN,Towers with Radar,0,69,75,1,145,0,20,256,0,276,0,89,331,1,421,206,0,206,627
06/30/2018,BED,MA,ANE,EN,Towers with Radar,0,45,36,0,81,0,7,179,0,186,0,52,215,0,267,156,0,156,423
07/01/2018,BED,MA,ANE,EN,Towers with Radar,0,37,50,0,87,0,10,144,1,155,0,47,194,1,242,90,0,90,332
07/02/2018,BED,MA,ANE,EN,Towers with Radar,0,31,39,0,70,0,11,99,0,110,0,42,138,0,180,170,0,170,350
07/03/2018,BED,MA,ANE,EN,Towers with Radar,0,44,40,0,84,0,9,100,0,109,0,53,140,0,193,124,0,124,317
07/04/2018,BED,MA,ANE,EN,Towers with Radar,0,16,17,0,33,0,8,78,0,86,0,24,95,0,119,66,0,66,185
07/05/2018,BED,MA,ANE,EN,Towers with Radar,0,53,51,0,104,0,23,141,0,164,0,76,192,0,268,178,0,178,446
07/06/2018,BED,MA,ANE,EN,Towers with Radar,0,36,40,2,78,0,3,20,0,23,0,39,60,2,101,20,0,20,121
07/07/2018,BED,MA,ANE,EN,Towers with Radar,0,32,46,1,79,0,11,156,0,167,0,43,202,1,246,204,0,204,450
07/08/2018,BED,MA,ANE,EN,Towers with Radar,1,67,58,0,126,0,11,195,0,206,1,78,253,0,332,132,0,132,464
07/09/2018,BED,MA,ANE,EN,Towers with Radar,0,71,95,0,166,0,18,124,0,142,0,89,219,0,308,118,0,118,426
07/10/2018,BED,MA,ANE,EN,Towers with Radar,0,55,64,4,123,0,19,121,2,142,0,74,185,6,265,142,0,142,407
07/11/2018,BED,MA,ANE,EN,Towers with Radar,0,68,55,2,125,0,16,127,0,143,0,84,182,2,268,152,0,152,420
07/12/2018,BED,MA,ANE,EN,Towers with Radar,0,53,88,0,141,0,15,156,0,171,0,68,244,0,312,120,0,120,432
07/13/2018,BED,MA,ANE,EN,Towers with Radar,0,56,59,0,115,0,11,135,0,146,0,67,194,0,261,156,0,156,417
07/14/2018,BED,MA,ANE,EN,Towers with Radar,0,37,35,0,72,0,12,160,0,172,0,49,195,0,244,304,0,304,548
07/15/2018,BED,MA,ANE,EN,Towers with Radar,0,48,72,0,120,0,5,90,0,95,0,53,162,0,215,174,0,174,389
07/16/2018,BED,MA,ANE,EN,Towers with Radar,0,58,79,0,137,0,8,89,0,97,0,66,168,0,234,110,0,110,344
07/17/2018,BED,MA,ANE,EN,Towers with Radar,0,57,57,4,118,0,2,36,0,38,0,59,93,4,156,56,0,56,212
07/18/2018,BED,MA,ANE,EN,Towers with Radar,2,60,96,0,158,0,11,128,0,139,2,71,224,0,297,119,0,119,416
07/19/2018,BED,MA,ANE,EN,Towers with Radar,0,61,80,4,145,0,22,185,1,208,0,83,265,5,353,186,0,186,539
07/20/2018,BED,MA,ANE,EN,Towers with Radar,0,53,72,4,129,0,18,172,3,193,0,71,244,7,322,158,8,166,488
07/21/2018,BED,MA,ANE,EN,Towers with Radar,0,33,50,2,85,0,13,160,2,175,0,46,210,4,260,208,0,208,468
07/22/2018,BED,MA,ANE,EN,Towers with Radar,0,64,88,3,155,0,0,2,0,2,0,64,90,3,157,0,0,0,157
07/23/2018,BED,MA,ANE,EN,Towers with Radar,0,66,79,1,146,0,37,23,2,62,0,103,102,3,208,30,0,30,238
07/24/2018,BED,MA,ANE,EN,Towers with Radar,0,48,112,0,160,3,13,75,1,92,3,61,187,1,252,94,0,94,346
07/25/2018,BED,MA,ANE,EN,Towers with Radar,0,57,103,0,160,0,2,24,0,26,0,59,127,0,186,61,0,61,247
07/26/2018,BED,MA,ANE,EN,Towers with Radar,0,87,96,0,183,0,8,23,0,31,0,95,119,0,214,36,0,36,250
07/27/2018,BED,MA,ANE,EN,Towers with Radar,1,70,87,3,161,0,8,140,0,148,1,78,227,3,309,152,0,152,461
07/28/2018,BED,MA,ANE,EN,Towers with Radar,1,30,37,3,71,0,5,100,1,106,1,35,137,4,177,116,0,116,293
07/29/2018,BED,MA,ANE,EN,Towers with Radar,0,49,51,1,101,0,2,188,0,190,0,51,239,1,291,146,0,146,437
07/30/2018,BED,MA,ANE,EN,Towers with Radar,0,63,61,1,125,0,2,150,0,152,0,65,211,1,277,162,0,162,439
07/31/2018,BED,MA,ANE,EN,Towers with Radar,0,49,74,6,129,0,3,114,1,118,0,52,188,7,247,138,0,138,385
08/01/2018,BED,MA,ANE,EN,Towers with Radar,0,45,66,2,113,0,1,26,0,27,0,46,92,2,140,38,0,38,178
08/02/2018,BED,MA,ANE,EN,Towers with Radar,2,62,110,0,174,0,3,106,1,110,2,65,216,1,284,98,0,98,382
08/03/2018,BED,MA,ANE,EN,Towers with Radar,0,63,83,0,146,0,4,47,0,51,0,67,130,0,197,76,0,76,273
08/04/2018,BED,MA,ANE,EN,Towers with Radar,0,32,51,0,83,0,5,8,0,13,0,37,59,0,96,8,0,8,104
08/05/2018,BED,MA,ANE,EN,Towers with Radar,1,65,78,0,144,0,2,149,0,151,1,67,227,0,295,234,0,234,529
08/06/2018,BED,MA,ANE,EN,Towers with Radar,1,55,55,0,111,0,9,111,0,120,1,64,166,0,231,118,0,118,349
08/07/2018,BED,MA,ANE,EN,Towers with Radar,0,65,71,0,136,0,5,115,0,120,0,70,186,0,256,144,0,144,400
08/08/2018,BED,MA,ANE,EN,Towers with Radar,1,64,86,0,151,0,3,86,0,89,1,67,172,0,240,112,0,112,352
08/09/2018,BED,MA,ANE,EN,Towers with Radar,0,46,80,2,128,0,2,115,2,119,0,48,195,4,247,240,0,240,487
08/10/2018,BED,MA,ANE,EN,Towers with Radar,0,57,57,10,124,0,15,154,0,169,0,72,211,10,293,196,0,196,489
08/11/2018,BED,MA,ANE,EN,Towers with Radar,0,41,49,2,92,0,0,7,0,7,0,41,56,2,99,24,0,24,123
08/12/2018,BED,MA,ANE,EN,Towers with Radar,0,82,98,0,180,0,0,0,0,0,0,82,98,0,180,0,0,0,180
08/13/2018,BED,MA,ANE,EN,Towers with Radar,0,83,96,0,179,0,0,0,0,0,0,83,96,0,179,0,0,0,179
08/14/2018,BED,MA,ANE,EN,Towers with Radar,0,73,76,0,149,0,4,28,0,32,0,77,104,0,181,64,0,64,245
08/15/2018,BED,MA,ANE,EN,Towers with Radar,0,45,84,0,129,0,5,96,2,103,0,50,180,2,232,160,0,160,392
08/16/2018,BED,MA,ANE,EN,Towers with Radar,0,50,70,5,125,0,7,140,5,152,0,57,210,10,277,314,0,314,591
08/17/2018,BED,MA,ANE,EN,Towers with Radar,0,50,54,0,104,0,4,94,0,98,0,54,148,0,202,122,0,122,324
08/18/2018,BED,MA,ANE,EN,Towers with Radar,0,35,44,0,79,0,0,40,0,40,0,35,84,0,119,95,0,95,214
08/19/2018,BED,MA,ANE,EN,Towers with Radar,0,45,57,0,102,0,2,110,0,112,0,47,167,0,214,114,0,114,328
08/20/2018,BED,MA,ANE,EN,Towers with Radar,0,61,72,0,133,0,3,80,0,83,0,64,152,0,216,90,0,90,306
08/21/2018,BED,MA,ANE,EN,Towers with Radar,0,54,91,2,147,0,1,58,0,59,0,55,149,2,206,96,0,96,302
08/22/2018,BED,MA,ANE,EN,Towers with Radar,0,38,69,0,107,0,0,17,0,17,0,38,86,0,124,48,0,48,172
08/23/2018,BED,MA,ANE,EN,Towers with Radar,0,52,70,2,124,0,14,140,0,154,0,66,210,2,278,290,0,290,568
08/24/2018,BED,MA,ANE,EN,Towers with Radar,0,49,77,3,129,0,8,182,0,190,0,57,259,3,319,172,0,172,491
08/25/2018,BED,MA,ANE,EN,Towers with Radar,0,32,39,1,72,0,3,210,0,213,0,35,249,1,285,263,0,263,548
08/26/2018,BED,MA,ANE,EN,Towers with Radar,0,48,62,1,111,0,4,164,0,168,0,52,226,1,279,180,0,180,459
08/27/2018,BED,MA,ANE,EN,Towers with Radar,0,42,67,3,112,0,16,119,2,137,0,58,186,5,249,124,0,124,373
08/28/2018,BED,MA,ANE,EN,Towers with Radar,0,57,73,3,133,0,11,103,1,115,0,68,176,4,248,144,0,144,392
08/29/2018,BED,MA,ANE,EN,Towers with Radar,0,41,73,3,117,0,18,130,1,149,0,59,203,4,266,104,0,104,370
08/30/2018,BED,MA,ANE,EN,Towers with Radar,0,76,65,0,141,0,9,123,0,132,0,85,188,0,273,140,0,140,413
08/31/2018,BED,MA,ANE,EN,Towers with Radar,0,53,97,2,152,0,12,103,0,115,0,65,200,2,267,132,0,132,399
09/01/2018,BED,MA,ANE,EN,Towers with Radar,0,25,48,0,73,0,4,120,0,124,0,29,168,0,197,148,0,148,345
09/02/2018,BED,MA,ANE,EN,Towers with Radar,0,28,34,0,62,0,1,121,0,122,0,29,155,0,184,168,0,168,352
09/03/2018,BED,MA,ANE,EN,Towers with Radar,0,70,72,0,142,0,4,93,0,97,0,74,165,0,239,94,0,94,333
09/04/2018,BED,MA,ANE,EN,Towers with Radar,0,57,98,0,155,0,7,100,2,109,0,64,198,2,264,166,0,166,430
09/05/2018,BED,MA,ANE,EN,Towers with Radar,0,63,103,0,166,0,4,118,0,122,0,67,221,0,288,160,0,160,448
09/06/2018,BED,MA,ANE,EN,Towers with Radar,0,49,90,0,139,0,8,87,0,95,0,57,177,0,234,66,0,66,300
09/07/2018,BED,MA,ANE,EN,Towers with Radar,0,59,76,0,135,0,5,104,0,109,0,64,180,0,244,108,0,108,352
09/08/2018,BED,MA,ANE,EN,Towers with Radar,0,29,58,0,87,0,9,145,0,154,0,38,203,0,241,160,0,160,401
09/09/2018,BED,MA,ANE,EN,Towers with Radar,0,54,79,0,133,0,1,103,0,104,0,55,182,0,237,156,0,156,393
09/10/2018,BED,MA,ANE,EN,Towers with Radar,0,51,71,0,122,0,2,23,0,25,0,53,94,0,147,36,0,36,183
09/11/2018,BED,MA,ANE,EN,Towers with Radar,0,63,71,0,134,0,1,16,0,17,0,64,87,0,151,22,0,22,173
09/12/2018,BED,MA,ANE,EN,Towers with Radar,2,77,106,0,185,0,0,9,0,9,2,77,115,0,194,2,0,2,196
09/13/2018,BED,MA,ANE,EN,Towers with Radar,0,101,96,0,197,0,0,19,0,19,0,101,115,0,216,6,0,6,222
09/14/2018,BED,MA,ANE,EN,Towers with Radar,0,77,98,1,176,0,6,123,0,129,0,83,221,1,305,196,0,196,501
09/15/2018,BED,MA,ANE,EN,Towers with Radar,0,39,75,0,114,0,0,62,0,62,0,39,137,0,176,84,0,84,260
09/16/2018,BED,MA,ANE,EN,Towers with Radar,0,64,60,0,124,0,8,152,0,160,0,72,212,0,284,124,0,124,408
09/17/2018,BED,MA,ANE,EN,Towers with Radar,1,46,74,0,121,0,5,107,0,112,1,51,181,0,233,112,0,112,345
09/18/2018,BED,MA,ANE,EN,Towers with Radar,2,64,64,2,132,0,3,7,0,10,2,67,71,2,142,4,0,4,146
09/19/2018,BED,MA,ANE,EN,Towers with Radar,1,45,102,4,152,0,0,6,0,6,1,45,108,4,158,14,0,14,172
09/20/2018,BED,MA,ANE,EN,Towers with Radar,0,57,100,1,158,0,8,114,0,122,0,65,214,1,280,216,0,216,496
09/21/2018,BED,MA,ANE,EN,Towers with Radar,2,56,86,0,144,0,7,104,0,111,2,63,190,0,255,138,0,138,393
09/22/2018,BED,MA,ANE,EN,Towers with Radar,4,44,48,0,96,0,0,150,0,150,4,44,198,0,246,126,0,126,372
09/23/2018,BED,MA,ANE,EN,Towers with Radar,0,58,67,0,125,0,11,146,0,157,0,69,213,0,282,194,0,194,476
09/24/2018,BED,MA,ANE,EN,Towers with Radar,2,60,85,0,147,0,2,90,0,92,2,62,175,0,239,164,0,164,403
09/25/2018,BED,MA,ANE,EN,Towers with Radar,2,66,84,0,152,0,8,25,0,33,2,74,109,0,185,96,0,96,281
09/26/2018,BED,MA,ANE,EN,Towers with Radar,0,72,61,0,133,0,0,37,0,37,0,72,98,0,170,50,0,50,220
09/27/2018,BED,MA,ANE,EN,Towers with Radar,2,78,96,2,178,0,18,141,0,159,2,96,237,2,337,222,0,222,559
09/28/2018,BED,MA,ANE,EN,Towers with Radar,0,92,112,2,206,0,0,6,0,6,0,92,118,2,212,0,0,0,212
09/29/2018,BED,MA,ANE,EN,Towers with Radar,1,45,45,0,91,0,2,158,0,160,1,47,203,0,251,256,0,256,507
09/30/2018,BED,MA,ANE,EN,Towers with Radar,0,59,85,0,144,0,4,202,0,206,0,63,287,0,350,216,0,216,566
10/01/2018,BED,MA,ANE,EN,Towers with Radar,0,58,114,0,172,0,0,6,0,6,0,58,120,0,178,10,0,10,188
10/02/2018,BED,MA,ANE,EN,Towers with Radar,1,67,85,0,153,0,0,0,0,0,1,67,85,0,153,4,0,4,157
10/03/2018,BED,MA,ANE,EN,Towers with Radar,0,65,108,0,173,0,0,2,0,2,0,65,110,0,175,14,0,14,189
10/04/2018,BED,MA,ANE,EN,Towers with Radar,0,60,134,0,194,0,2,55,0,57,0,62,189,0,251,50,0,50,301
10/05/2018,BED,MA,ANE,EN,Towers with Radar,4,70,91,0,165,0,9,157,0,166,4,79,248,0,331,266,0,266,597
10/06/2018,BED,MA,ANE,EN,Towers with Radar,2,38,82,0,122,0,2,128,0,130,2,40,210,0,252,192,0,192,444
10/07/2018,BED,MA,ANE,EN,Towers with Radar,2,56,74,0,132,0,0,35,0,35,2,56,109,0,167,104,0,104,271
10/08/2018,BED,MA,ANE,EN,Towers with Radar,1,70,142,0,213,0,0,13,0,13,1,70,155,0,226,28,0,28,254
10/09/2018,BED,MA,ANE,EN,Towers with Radar,2,64,115,0,181,0,0,52,0,52,2,64,167,0,233,152,0,152,385
10/10/2018,BED,MA,ANE,EN,Towers with Radar,0,67,87,0,154,0,9,128,0,137,0,76,215,0,291,182,0,182,473
10/11/2018,BED,MA,ANE,EN,Towers with Radar,3,93,90,0,186,0,0,0,0,0,3,93,90,0,186,0,0,0,186
10/12/2018,BED,MA,ANE,EN,Towers with Radar,1,81,80,3,165,0,6,77,0,83,1,87,157,3,248,66,0,66,314
10/13/2018,BED,MA,ANE,EN,Towers with Radar,1,47,51,1,100,0,0,44,0,44,1,47,95,1,144,98,0,98,242
10/14/2018,BED,MA,ANE,EN,Towers with Radar,0,75,63,2,140,0,4,213,0,217,0,79,276,2,357,167,0,167,524
10/15/2018,BED,MA,ANE,EN,Towers with Radar,0,70,107,4,181,0,0,38,0,38,0,70,145,4,219,108,0,108,327
10/16/2018,BED,MA,ANE,EN,Towers with Radar,2,59,82,0,143,0,11,108,0,119,2,70,190,0,262,70,0,70,332
10/17/2018,BED,MA,ANE,EN,Towers with Radar,0,70,86,2,158,0,4,89,0,93,0,74,175,2,251,100,0,100,351
10/18/2018,BED,MA,ANE,EN,Towers with Radar,2,55,80,2,139,0,6,80,0,86,2,61,160,2,225,84,0,84,309
10/19/2018,BED,MA,ANE,EN,Towers with Radar,0,57,76,3,136,0,6,166,1,173,0,63,242,4,309,152,0,152,461
10/20/2018,BED,MA,ANE,EN,Towers with Radar,0,36,66,0,102,0,2,99,0,101,0,38,165,0,203,194,0,194,397
10/21/2018,BED,MA,ANE,EN,Towers with Radar,2,62,59,1,124,0,2,52,0,54,2,64,111,1,178,26,0,26,204
10/22/2018,BED,MA,ANE,EN,Towers with Radar,0,47,67,0,114,0,5,114,0,119,0,52,181,0,233,216,0,216,449
10/23/2018,BED,MA,ANE,EN,Towers with Radar,1,77,98,0,176,0,2,50,0,52,1,79,148,0,228,118,0,118,346
10/24/2018,BED,MA,ANE,EN,Towers with Radar,3,66,94,0,163,0,7,38,0,45,3,73,132,0,208,28,0,28,236
10/25/2018,BED,MA,ANE,EN,Towers with Radar,2,68,104,7,181,0,3,134,4,141,2,71,238,11,322,104,0,104,426
10/26/2018,BED,MA,ANE,EN,Towers with Radar,2,76,81,5,164,0,8,162,1,171,2,84,243,6,335,124,0,124,459
10/27/2018,BED,MA,ANE,EN,Towers with Radar,2,19,12,0,33,0,0,0,0,0,2,19,12,0,33,0,0,0,33
10/28/2018,BED,MA,ANE,EN,Towers with Radar,2,71,88,0,161,0,0,35,0,35,2,71,123,0,196,92,0,92,288
10/29/2018,BED,MA,ANE,EN,Towers with Radar,2,73,87,0,162,0,0,29,0,29,2,73,116,0,191,96,0,96,287
10/30/2018,BED,MA,ANE,EN,Towers with Radar,0,59,92,0,151,0,7,110,2,119,0,66,202,2,270,156,0,156,426
10/31/2018,BED,MA,ANE,EN,Towers with Radar,0,53,78,0,131,0,3,152,0,155,0,56,230,0,286,256,0,256,542
11/01/2018,BED,MA,ANE,EN,Towers with Radar,0,78,102,0,180,0,4,18,0,22,0,82,120,0,202,20,0,20,222
11/02/2018,BED,MA,ANE,EN,Towers with Radar,6,65,73,0,144,0,0,0,0,0,6,65,73,0,144,0,0,0,144
11/03/2018,BED,MA,ANE,EN,Towers with Radar,4,33,27,0,64,0,0,4,0,4,4,33,31,0,68,0,0,0,68
11/04/2018,BED,MA,ANE,EN,Towers with Radar,1,44,80,2,127,0,9,253,0,262,1,53,333,2,389,168,0,168,557
11/05/2018,BED,MA,ANE,EN,Towers with Radar,0,49,71,2,122,0,1,28,0,29,0,50,99,2,151,118,0,118,269
11/06/2018,BED,MA,ANE,EN,Towers with Radar,0,40,75,1,116,0,0,0,0,0,0,40,75,1,116,0,0,0,116
11/07/2018,BED,MA,ANE,EN,Towers with Radar,0,62,67,0,129,0,12,140,0,152,0,74,207,0,281,184,0,184,465
11/08/2018,BED,MA,ANE,EN,Towers with Radar,4,70,105,1,180,0,9,140,2,151,4,79,245,3,331,220,0,220,551
11/09/2018,BED,MA,ANE,EN,Towers with Radar,3,73,82,0,158,0,5,91,2,98,3,78,173,2,256,114,0,114,370
11/10/2018,BED,MA,ANE,EN,Towers with Radar,3,30,33,0,66,0,0,17,0,17,3,30,50,0,83,8,0,8,91
11/11/2018,BED,MA,ANE,EN,Towers with Radar,1,67,65,0,133,0,2,154,3,159,1,69,219,3,292,142,0,142,434
11/12/2018,BED,MA,ANE,EN,Towers with Radar,2,51,64,0,117,0,3,145,0,148,2,54,209,0,265,270,0,270,535
11/13/2018,BED,MA,ANE,EN,Towers with Radar,1,56,72,0,129,0,2,4,0,6,1,58,76,0,135,0,0,0,135
11/14/2018,BED,MA,ANE,EN,Towers with Radar,0,58,53,0,111,0,11,37,0,48,0,69,90,0,159,14,0,14,173
11/15/2018,BED,MA,ANE,EN,Towers with Radar,0,52,93,0,145,0,2,108,0,110,0,54,201,0,255,208,0,208,463
11/16/2018,BED,MA,ANE,EN,Towers with Radar,2,79,87,4,172,0,2,11,0,13,2,81,98,4,185,0,0,0,185
11/17/2018,BED,MA,ANE,EN,Towers with Radar,0,32,56,3,91,0,0,186,0,186,0,32,242,3,277,242,0,242,519
11/18/2018,BED,MA,ANE,EN,Towers with Radar,1,60,80,2,143,0,4,148,0,152,1,64,228,2,295,260,0,260,555
11/19/2018,BED,MA,ANE,EN,Towers with Radar,0,58,72,2,132,0,0,0,0,0,0,58,72,2,132,0,0,0,132
11/20/2018,BED,MA,ANE,EN,Towers with Radar,0,92,77,0,169,0,0,0,0,0,0,92,77,0,169,0,0,0,169
11/21/2018,BED,MA,ANE,EN,Towers with Radar,0,84,87,0,171,0,5,114,0,119,0,89,201,0,290,102,0,102,392
11/22/2018,BED,MA,ANE,EN,Towers with Radar,1,35,20,0,56,0,4,14,0,18,1,39,34,0,74,0,0,0,74
11/23/2018,BED,MA,ANE,EN,Towers with Radar,3,28,35,0,66,0,3,106,0,109,3,31,141,0,175,74,0,74,249
11/24/2018,BED,MA,ANE,EN,Towers with Radar,2,57,72,0,131,0,8,116,0,124,2,65,188,0,255,208,0,208,463
11/25/2018,BED,MA,ANE,EN,Towers with Radar,0,88,142,0,230,0,0,0,0,0,0,88,142,0,230,4,0,4,234
11/26/2018,BED,MA,ANE,EN,Towers with Radar,0,65,82,2,149,0,0,0,0,0,0,65,82,2,149,0,0,0,149
11/27/2018,BED,MA,ANE,EN,Towers with Radar,0,63,69,0,132,0,0,8,0,8,0,63,77,0,140,22,0,22,162
11/28/2018,BED,MA,ANE,EN,Towers with Radar,0,62,73,0,135,0,0,71,0,71,0,62,144,0,206,70,0,70,276
11/29/2018,BED,MA,ANE,EN,Towers with Radar,0,53,51,0,104,0,1,102,0,103,0,54,153,0,207,58,0,58,265
11/30/2018,BED,MA,ANE,EN,Towers with Radar,1,55,60,0,116,0,4,124,0,128,1,59,184,0,244,182,0,182,426
12/01/2018,BED,MA,ANE,EN,Towers with Radar,0,45,37,0,82,0,0,162,0,162,0,45,199,0,244,218,0,218,462
12/02/2018,BED,MA,ANE,EN,Towers with Radar,1,66,55,0,122,0,0,0,0,0,1,66,55,0,122,0,0,0,122
12/03/2018,BED,MA,ANE,EN,Towers with Radar,1,59,92,1,153,0,5,50,0,55,1,64,142,1,208,60,0,60,268
12/04/2018,BED,MA,ANE,EN,Towers with Radar,0,48,71,3,122,0,2,88,0,90,0,50,159,3,212,80,0,80,292
12/05/2018,BED,MA,ANE,EN,Towers with Radar,1,77,80,1,159,0,8,133,0,141,1,85,213,1,300,162,0,162,462
12/06/2018,BED,MA,ANE,EN,Towers with Radar,1,59,78,1,139,0,9,109,2,120,1,68,187,3,259,160,0,160,419
12/07/2018,BED,MA,ANE,EN,Towers with Radar,4,67,46,0,117,0,8,92,0,100,4,75,138,0,217,176,0,176,393
12/08/2018,BED,MA,ANE,EN,Towers with Radar,0,25,33,0,58,0,1,175,0,176,0,26,208,0,234,202,0,202,436
12/09/2018,BED,MA,ANE,EN,Towers with Radar,2,46,52,0,100,0,1,143,0,144,2,47,195,0,244,222,0,222,466
12/10/2018,BED,MA,ANE,EN,Towers with Radar,2,45,74,1,122,0,8,66,0,74,2,53,140,1,196,76,0,76,272
12/11/2018,BED,MA,ANE,EN,Towers with Radar,1,50,71,5,127,0,10,141,0,151,1,60,212,5,278,204,0,204,482
12/12/2018,BED,MA,ANE,EN,Towers with Radar,0,63,71,0,134,0,6,115,0,121,0,69,186,0,255,112,0,112,367
12/13/2018,BED,MA,ANE,EN,Towers with Radar,2,58,84,0,144,0,5,95,2,102,2,63,179,2,246,152,0,152,398
12/14/2018,BED,MA,ANE,EN,Towers with Radar,0,59,71,0,130,0,6,98,0,104,0,65,169,0,234,178,0,178,412
12/15/2018,BED,MA,ANE,EN,Towers with Radar,0,37,47,0,84,0,4,122,0,126,0,41,169,0,210,142,0,142,352
12/16/2018,BED,MA,ANE,EN,Towers with Radar,2,47,58,0,107,0,0,34,0,34,2,47,92,0,141,120,0,120,261
12/17/2018,BED,MA,ANE,EN,Towers with Radar,0,56,52,0,108,0,1,41,0,42,0,57,93,0,150,94,0,94,244
12/18/2018,BED,MA,ANE,EN,Towers with Radar,0,71,64,0,135,0,6,33,2,41,0,77,97,2,176,2,0,2,178
12/19/2018,BED,MA,ANE,EN,Towers with Radar,2,50,66,5,123,0,6,140,2,148,2,56,206,7,271,172,0,172,443
12/20/2018,BED,MA,ANE,EN,Towers with Radar,0,66,100,1,167,2,7,138,0,147,2,73,238,1,314,144,0,144,458
12/21/2018,BED,MA,ANE,EN,Towers with Radar,2,69,30,0,101,0,0,0,0,0,2,69,30,0,101,0,0,0,101
12/22/2018,BED,MA,ANE,EN,Towers with Radar,4,79,57,0,140,0,1,35,0,36,4,80,92,0,176,74,0,74,250
12/23/2018,BED,MA,ANE,EN,Towers with Radar,1,46,35,0,82,0,9,162,0,171,1,55,197,0,253,188,0,188,441
12/24/2018,BED,MA,ANE,EN,Towers with Radar,0,35,25,0,60,0,0,18,0,18,0,35,43,0,78,44,0,44,122
12/25/2018,BED,MA,ANE,EN,Towers with Radar,1,27,13,0,41,0,3,8,0,11,1,30,21,0,52,0,0,0,52
12/26/2018,BED,MA,ANE,EN,Towers with Radar,3,89,80,0,172,0,2,102,2,106,3,91,182,2,278,64,0,64,342
12/27/2018,BED,MA,ANE,EN,Towers with Radar,0,59,70,0,129,0,5,121,0,126,0,64,191,0,255,174,0,174,429
12/28/2018,BED,MA,ANE,EN,Towers with Radar,1,39,24,0,64,0,0,0,0,0,1,39,24,0,64,0,0,0,64
12/29/2018,BED,MA,ANE,EN,Towers with Radar,0,45,31,1,77,0,1,103,0,104,0,46,134,1,181,134,0,134,315
12/30/2018,BED,MA,ANE,EN,Towers with Radar,2,32,50,1,85,0,0,113,0,113,2,32,163,1,198,184,0,184,382
12/31/2018,BED,MA,ANE,EN,Towers with Radar,0,30,29,0,59,0,0,69,3,72,0,30,98,3,131,70,0,70,201
01/01/2019,BED,MA,ANE,EN,Towers with Radar,4,75,46,0,125,0,2,11,0,13,4,77,57,0,138,0,0,0,138
01/02/2019,BED,MA,ANE,EN,Towers with Radar,0,37,63,2,102,0,1,107,0,108,0,38,170,2,210,160,0,160,370
01/03/2019,BED,MA,ANE,EN,Towers with Radar,0,57,38,0,95,0,2,46,0,48,0,59,84,0,143,64,0,64,207
01/04/2019,BED,MA,ANE,EN,Towers with Radar,0,39,54,0,93,0,2,106,0,108,0,41,160,0,201,72,0,72,273
01/05/2019,BED,MA,ANE,EN,Towers with Radar,1,38,36,0,75,0,0,1,0,1,1,38,37,0,76,12,0,12,88
01/06/2019,BED,MA,ANE,EN,Towers with Radar,2,52,61,0,115,0,4,125,0,129,2,56,186,0,244,178,0,178,422
01/07/2019,BED,MA,ANE,EN,Towers with Radar,2,40,56,0,98,0,3,94,0,97,2,43,150,0,195,118,0,118,313
01/08/2019,BED,MA,ANE,EN,Towers with Radar,0,41,50,0,91,0,0,0,0,0,0,41,50,0,91,0,0,0,91
01/09/2019,BED,MA,ANE,EN,Towers with Radar,0,43,26,4,73,0,1,17,0,18,0,44,43,4,91,80,0,80,171
01/10/2019,BED,MA,ANE,EN,Towers with Radar,3,51,50,2,106,0,5,43,0,48,3,56,93,2,154,96,0,96,250
01/11/2019,BED,MA,ANE,EN,Towers with Radar,2,45,46,2,95,0,8,79,0,87,2,53,125,2,182,80,0,80,262
01/12/2019,BED,MA,ANE,EN,Towers with Radar,2,25,39,0,66,0,6,141,0,147,2,31,180,0,213,166,0,166,379
01/13/2019,BED,MA,ANE,EN,Towers with Radar,2,39,39,0,80,0,6,98,0,104,2,45,137,0,184,168,0,168,352
01/14/2019,BED,MA,ANE,EN,Towers with Radar,0,46,74,0,120,0,7,64,0,71,0,53,138,0,191,118,0,118,309
01/15/2019,BED,MA,ANE,EN,Towers with Radar,1,61,79,0,141,0,8,99,0,107,1,69,178,0,248,80,0,80,328
01/16/2019,BED,MA,ANE,EN,Towers with Radar,2,51,56,0,109,0,5,102,0,107,2,56,158,0,216,96,0,96,312
01/17/2019,BED,MA,ANE,EN,Towers with Radar,3,65,70,0,138,0,4,84,0,88,3,69,154,0,226,80,0,80,306
01/18/2019,BED,MA,ANE,EN,Towers with Radar,1,43,65,0,109,0,1,39,0,40,1,44,104,0,149,94,0,94,243
01/19/2019,BED,MA,ANE,EN,Towers with Radar,1,37,41,0,79,0,1,102,0,103,1,38,143,0,182,110,0,110,292
01/20/2019,BED,MA,ANE,EN,Towers with Radar,4,18,4,0,26,0,0,2,0,2,4,18,6,0,28,0,0,0,28
01/21/2019,BED,MA,ANE,EN,Towers with Radar,1,99,86,0,186,0,0,3,0,3,1,99,89,0,189,0,0,0,189
01/22/2019,BED,MA,ANE,EN,Towers with Radar,2,82,115,0,199,0,9,58,0,67,2,91,173,0,266,18,0,18,284
01/23/2019,BED,MA,ANE,EN,Towers with Radar,9,57,75,0,141,0,4,59,1,64,9,61,134,1,205,52,0,52,257
01/24/2019,BED,MA,ANE,EN,Towers with Radar,10,72,79,0,161,0,0,2,0,2,10,72,81,0,163,0,0,0,163
01/25/2019,BED,MA,ANE,EN,Towers with Radar,0,54,60,0,114,0,9,103,0,112,0,63,163,0,226,158,0,158,384
01/26/2019,BED,MA,ANE,EN,Towers with Radar,0,21,35,0,56,0,3,144,0,147,0,24,179,0,203,262,0,262,465
01/27/2019,BED,MA,ANE,EN,Towers with Radar,21,41,46,0,108,0,8,91,0,99,21,49,137,0,207,188,0,188,395
01/28/2019,BED,MA,ANE,EN,Towers with Radar,0,45,70,2,117,0,7,119,0,126,0,52,189,2,243,107,0,107,350
01/29/2019,BED,MA,ANE,EN,Towers with Radar,2,33,48,0,83,0,0,14,0,14,2,33,62,0,97,56,0,56,153
01/30/2019,BED,MA,ANE,EN,Towers with Radar,1,44,48,1,94,0,1,30,0,31,1,45,78,1,125,18,0,18,143
01/31/2019,BED,MA,ANE,EN,Towers with Radar,2,57,72,4,135,0,8,29,0,37,2,65,101,4,172,26,0,26,198
02/01/2019,BED,MA,ANE,EN,Towers with Radar,0,66,78,2,146,0,6,95,0,101,0,72,173,2,247,150,0,150,397
02/02/2019,BED,MA,ANE,EN,Towers with Radar,1,40,66,0,107,0,3,174,0,177,1,43,240,0,284,264,0,264,548
02/03/2019,BED,MA,ANE,EN,Towers with Radar,2,48,51,0,101,0,6,127,0,133,2,54,178,0,234,292,0,292,526
02/04/2019,BED,MA,ANE,EN,Towers with Radar,1,89,87,2,179,0,12,115,0,127,1,101,202,2,306,156,0,156,462
02/05/2019,BED,MA,ANE,EN,Towers with Radar,3,62,77,0,142,0,1,119,1,121,3,63,196,1,263,146,0,146,409
02/06/2019,BED,MA,ANE,EN,Towers with Radar,0,36,63,6,105,0,4,82,0,86,0,40,145,6,191,178,0,178,369
02/07/2019,BED,MA,ANE,EN,Towers with Radar,4,70,79,2,155,0,0,0,0,0,4,70,79,2,155,0,0,0,155
02/08/2019,BED,MA,ANE,EN,Towers with Radar,1,62,80,1,144,0,2,24,0,26,1,64,104,1,170,22,0,22,192
02/09/2019,BED,MA,ANE,EN,Towers with Radar,1,21,24,0,46,0,6,21,0,27,1,27,45,0,73,4,0,4,77
02/10/2019,BED,MA,ANE,EN,Towers with Radar,1,51,59,0,111,0,5,177,0,182,1,56,236,0,293,270,0,270,563
02/11/2019,BED,MA,ANE,EN,Towers with Radar,2,52,60,2,116,0,0,98,0,98,2,52,158,2,214,100,0,100,314
02/12/2019,BED,MA,ANE,EN,Towers with Radar,1,31,58,0,90,0,0,31,0,31,1,31,89,0,121,92,0,92,213
02/13/2019,BED,MA,ANE,EN,Towers with Radar,3,54,61,2,120,0,0,15,0,15,3,54,76,2,135,30,0,30,165
02/14/2019,BED,MA,ANE,EN,Towers with Radar,1,67,85,2,155,0,4,73,0,77,1,71,158,2,232,76,0,76,308
02/15/2019,BED,MA,ANE,EN,Towers with Radar,0,78,96,0,174,0,1,22,2,25,0,79,118,2,199,38,0,38,237
02/16/2019,BED,MA,ANE,EN,Towers with Radar,1,42,38,0,81,0,2,160,0,162,1,44,198,0,243,250,0,250,493
02/17/2019,BED,MA,ANE,EN,Towers with Radar,1,37,45,0,83,0,6,144,0,150,1,43,189,0,233,258,0,258,491
02/18/2019,BED,MA,ANE,EN,Towers with Radar,3,52,59,0,114,0,0,1,0,1,3,52,60,0,115,0,0,0,115
02/19/2019,BED,MA,ANE,EN,Towers with Radar,0,58,68,0,126,0,12,77,0,89,0,70,145,0,215,76,0,76,291
02/20/2019,BED,MA,ANE,EN,Towers with Radar,2,44,52,0,98,0,10,66,0,76,2,54,118,0,174,80,0,80,254
02/21/2019,BED,MA,ANE,EN,Towers with Radar,0,50,60,0,110,0,5,48,0,53,0,55,108,0,163,32,0,32,195
02/22/2019,BED,MA,ANE,EN,Towers with Radar,0,41,51,1,93,0,14,134,0,148,0,55,185,1,241,138,0,138,379
02/23/2019,BED,MA,ANE,EN,Towers with Radar,1,32,56,1,90,0,6,169,0,175,1,38,225,1,265,212,0,212,477
02/24/2019,BED,MA,ANE,EN,Towers with Radar,3,63,53,0,119,0,0,0,0,0,3,63,53,0,119,0,0,0,119
02/25/2019,BED,MA,ANE,EN,Towers with Radar,0,30,43,0,73,0,0,3,0,3,0,30,46,0,76,0,0,0,76
02/26/2019,BED,MA,ANE,EN,Towers with Radar,2,63,55,7,127,0,6,26,0,32,2,69,81,7,159,6,0,6,165
02/27/2019,BED,MA,ANE,EN,Towers with Radar,1,56,68,0,125,0,6,92,0,98,1,62,160,0,223,152,0,152,375
02/28/2019,BED,MA,ANE,EN,Towers with Radar,0,69,72,0,141,0,3,66,2,71,0,72,138,2,212,118,0,118,330
03/01/2019,BED,MA,ANE,EN,Towers with Radar,0,55,77,0,132,0,5,131,0,136,0,60,208,0,268,170,0,170,438
03/02/2019,BED,MA,ANE,EN,Towers with Radar,1,22,29,0,52,0,0,1,0,1,1,22,30,0,53,0,0,0,53
03/03/2019,BED,MA,ANE,EN,Towers with Radar,2,66,65,0,133,0,4,136,0,140,2,70,201,0,273,270,0,270,543
03/04/2019,BED,MA,ANE,EN,Towers with Radar,2,63,79,0,144,0,0,20,0,20,2,63,99,0,164,16,0,16,180
03/05/2019,BED,MA,ANE,EN,Towers with Radar,3,50,101,1,155,0,6,88,0,94,3,56,189,1,249,132,0,132,381
03/06/2019,BED,MA,ANE,EN,Towers with Radar,0,66,67,5,138,0,8,58,0,66,0,74,125,5,204,44,0,44,248
03/07/2019,BED,MA,ANE,EN,Towers with Radar,2,59,84,0,145,0,2,77,0,79,2,61,161,0,224,106,0,106,330
03/08/2019,BED,MA,ANE,EN,Towers with Radar,4,64,73,0,141,0,13,132,0,145,4,77,205,0,286,166,0,166,452
03/09/2019,BED,MA,ANE,EN,Towers with Radar,2,33,35,0,70,0,6,206,0,212,2,39,241,0,282,302,0,302,584
03/10/2019,BED,MA,ANE,EN,Towers with Radar,0,63,47,0,110,0,0,0,0,0,0,63,47,0,110,0,0,0,110
03/11/2019,BED,MA,ANE,EN,Towers with Radar,0,53,71,2,126,0,0,75,0,75,0,53,146,2,201,98,0,98,299
03/12/2019,BED,MA,ANE,EN,Towers with Radar,2,59,70,4,135,0,3,109,0,112,2,62,179,4,247,58,0,58,305
03/13/2019,BED,MA,ANE,EN,Towers with Radar,2,45,79,0,126,0,0,107,0,107,2,45,186,0,233,168,0,168,401
03/14/2019,BED,MA,ANE,EN,Towers with Radar,0,50,75,1,126,0,4,112,0,116,0,54,187,1,242,140,0,140,382
03/15/2019,BED,MA,ANE,EN,Towers with Radar,0,54,62,1,117,0,0,11,0,11,0,54,73,1,128,36,0,36,164
03/16/2019,BED,MA,ANE,EN,Towers with Radar,0,29,47,0,76,0,4,66,0,70,0,33,113,0,146,62,0,62,208
03/17/2019,BED,MA,ANE,EN,Towers with Radar,0,50,57,0,107,0,7,140,0,147,0,57,197,0,254,152,0,152,406
03/18/2019,BED,MA,ANE,EN,Towers with Radar,2,45,58,0,105,0,4,113,0,117,2,49,171,0,222,132,0,132,354
03/19/2019,BED,MA,ANE,EN,Towers with Radar,1,47,61,0,109,0,4,120,0,124,1,51,181,0,233,152,0,152,385
03/20/2019,BED,MA,ANE,EN,Towers with Radar,0,36,80,0,116,0,4,113,3,120,0,40,193,3,236,132,0,132,368
03/21/2019,BED,MA,ANE,EN,Towers with Radar,2,52,73,0,127,0,4,64,0,68,2,56,137,0,195,160,0,160,355
03/22/2019,BED,MA,ANE,EN,Towers with Radar,0,40,46,0,86,0,1,1,0,2,0,41,47,0,88,0,0,0,88
03/23/2019,BED,MA,ANE,EN,Towers with Radar,0,28,42,0,70,0,12,11,0,23,0,40,53,0,93,0,0,0,93
03/24/2019,BED,MA,ANE,EN,Towers with Radar,4,58,85,0,147,0,4,193,0,197,4,62,278,0,344,191,0,191,535
03/25/2019,BED,MA,ANE,EN,Towers with Radar,1,45,66,2,114,0,6,106,0,112,1,51,172,2,226,116,0,116,342
03/26/2019,BED,MA,ANE,EN,Towers with Radar,1,30,51,3,85,0,13,98,3,114,1,43,149,6,199,104,0,104,303
03/27/2019,BED,MA,ANE,EN,Towers with Radar,0,44,51,2,97,0,5,126,0,131,0,49,177,2,228,168,0,168,396
03/28/2019,BED,MA,ANE,EN,Towers with Radar,1,49,77,0,127,0,4,118,0,122,1,53,195,0,249,128,0,128,377
03/29/2019,BED,MA,ANE,EN,Towers with Radar,1,64,71,12,148,0,1,59,0,60,1,65,130,12,208,180,0,180,388
03/30/2019,BED,MA,ANE,EN,Towers with Radar,1,37,76,0,114,2,1,93,0,96,3,38,169,0,210,152,0,152,362
03/31/2019,BED,MA,ANE,EN,Towers with Radar,0,72,63,1,136,0,0,13,0,13,0,72,76,1,149,24,0,24,173
04/01/2019,BED,MA,ANE,EN,Towers with Radar,0,49,53,0,102,0,6,45,0,51,0,55,98,0,153,6,0,6,159
04/02/2019,BED,MA,ANE,EN,Towers with Radar,3,55,54,0,112,0,7,100,0,107,3,62,154,0,219,98,0,98,317
04/03/2019,BED,MA,ANE,EN,Towers with Radar,0,68,57,0,125,0,1,29,3,33,0,69,86,3,158,6,0,6,164
04/04/2019,BED,MA,ANE,EN,Towers with Radar,2,49,59,1,111,0,7,65,0,72,2,56,124,1,183,14,0,14,197
04/05/2019,BED,MA,ANE,EN,Towers with Radar,2,60,69,0,131,0,3,99,0,102,2,63,168,0,233,230,0,230,463
04/06/2019,BED,MA,ANE,EN,Towers with Radar,0,27,52,0,79,0,5,111,2,118,0,32,163,2,197,200,0,200,397
04/07/2019,BED,MA,ANE,EN,Towers with Radar,1,66,67,2,136,0,4,200,0,204,1,70,267,2,340,266,14,280,620
04/08/2019,BED,MA,ANE,EN,Towers with Radar,2,52,67,0,121,0,0,0,0,0,2,52,67,0,121,0,0,0,121
04/09/2019,BED,MA,ANE,EN,Towers with Radar,0,49,57,2,108,0,0,0,0,0,0,49,57,2,108,0,0,0,108
04/10/2019,BED,MA,ANE,EN,Towers with Radar,1,54,76,0,131,0,5,95,0,100,1,59,171,0,231,106,2,108,339
04/11/2019,BED,MA,ANE,EN,Towers with Radar,0,67,86,0,153,0,10,165,0,175,0,77,251,0,328,238,0,238,566
04/12/2019,BED,MA,ANE,EN,Towers with Radar,0,68,88,2,158,0,9,60,6,75,0,77,148,8,233,147,0,147,380
04/13/2019,BED,MA,ANE,EN,Towers with Radar,1,39,71,0,111,0,5,86,0,91,1,44,157,0,202,162,0,162,364
04/14/2019,BED,MA,ANE,EN,Towers with Radar,1,61,61,1,124,0,10,136,0,146,1,71,197,1,270,204,0,204,474
04/15/2019,BED,MA,ANE,EN,Towers with Radar,0,36,61,1,98,0,3,20,0,23,0,39,81,1,121,20,0,20,141
04/16/2019,BED,MA,ANE,EN,Towers with Radar,0,58,59,0,117,0,18,41,0,59,0,76,100,0,176,0,0,0,176
04/17/2019,BED,MA,ANE,EN,Towers with Radar,0,70,88,3,161,0,15,147,0,162,0,85,235,3,323,212,0,212,535
04/18/2019,BED,MA,ANE,EN,Towers with Radar,2,71,93,1,167,0,5,61,0,66,2,76,154,1,233,96,0,96,329
04/19/2019,BED,MA,ANE,EN,Towers with Radar,1,49,63,0,113,0,13,14,1,28,1,62,77,1,141,24,0,24,165
04/20/2019,BED,MA,ANE,EN,Towers with Radar,1,40,42,0,83,0,0,0,0,0,1,40,42,0,83,0,0,0,83
04/21/2019,BED,MA,ANE,EN,Towers with Radar,2,73,61,0,136,0,11,37,0,48,2,84,98,0,184,72,0,72,256
04/22/2019,BED,MA,ANE,EN,Towers with Radar,0,61,107,0,168,0,0,8,0,8,0,61,115,0,176,22,0,22,198
04/23/2019,BED,MA,ANE,EN,Towers with Radar,0,58,100,0,158,0,26,32,0,58,0,84,132,0,216,54,0,54,270
04/24/2019,BED,MA,ANE,EN,Towers with Radar,2,54,73,2,131,0,6,71,3,80,2,60,144,5,211,60,2,62,273
04/25/2019,BED,MA,ANE,EN,Towers with Radar,0,57,97,0,154,0,8,202,0,210,0,65,299,0,364,246,0,246,610
04/26/2019,BED,MA,ANE,EN,Towers with Radar,0,58,69,0,127,0,0,0,0,0,0,58,69,0,127,0,0,0,127
04/27/2019,BED,MA,ANE,EN,Towers with Radar,3,27,40,7,77,0,4,50,22,76,3,31,90,29,153,122,10,132,285
04/28/2019,BED,MA,ANE,EN,Towers with Radar,3,50,95,2,150,0,7,136,0,143,3,57,231,2,293,256,0,256,549
04/29/2019,BED,MA,ANE,EN,Towers with Radar,1,32,67,1,101,0,10,129,0,139,1,42,196,1,240,254,0,254,494
04/30/2019,BED,MA,ANE,EN,Towers with Radar,9,70,77,0,156,0,10,32,1,43,9,80,109,1,199,64,6,70,269
05/01/2019,BED,MA,ANE,EN,Towers with Radar,6,57,92,3,158,0,6,111,0,117,6,63,203,3,275,234,0,234,509
05/02/2019,BED,MA,ANE,EN,Towers with Radar,0,84,115,5,204,0,0,0,0,0,0,84,115,5,204,0,0,0,204
05/03/2019,BED,MA,ANE,EN,Towers with Radar,0,58,91,6,155,0,3,9,0,12,0,61,100,6,167,6,0,6,173
05/04/2019,BED,MA,ANE,EN,Towers with Radar,1,52,55,0,108,0,3,19,0,22,1,55,74,0,130,64,0,64,194
05/05/2019,BED,MA,ANE,EN,Towers with Radar,1,68,93,0,162,0,3,34,0,37,1,71,127,0,199,120,0,120,319
05/06/2019,BED,MA,ANE,EN,Towers with Radar,0,61,92,0,153,0,7,92,4,103,0,68,184,4,256,160,0,160,416
05/07/2019,BED,MA,ANE,EN,Towers with Radar,1,57,81,2,141,0,15,98,0,113,1,72,179,2,254,164,0,164,418
05/08/2019,BED,MA,ANE,EN,Towers with Radar,1,64,105,1,171,0,24,193,0,217,1,88,298,1,388,146,0,146,534
05/09/2019,BED,MA,ANE,EN,Towers with Radar,1,64,115,2,182,0,13,145,0,158,1,77,260,2,340,168,0,168,508
05/10/2019,BED,MA,ANE,EN,Towers with Radar,0,47,70,2,119,0,5,15,0,20,0,52,85,2,139,52,0,52,191
05/11/2019,BED,MA,ANE,EN,Towers with Radar,0,39,44,0,83,0,16,246,0,262,0,55,290,0,345,222,0,222,567
05/12/2019,BED,MA,ANE,EN,Towers with Radar,3,54,53,0,110,0,0,35,0,35,3,54,88,0,145,132,0,132,277
05/13/2019,BED,MA,ANE,EN,Towers with Radar,2,53,90,0,145,0,4,51,0,55,2,57,141,0,200,94,0,94,294
05/14/2019,BED,MA,ANE,EN,Towers with Radar,0,68,112,2,182,0,0,1,0,1,0,68,113,2,183,0,0,0,183
05/15/2019,BED,MA,ANE,EN,Towers with Radar,0,73,98,0,171,0,8,114,0,122,0,81,212,0,293,146,0,146,439
05/16/2019,BED,MA,ANE,EN,Towers with Radar,0,50,104,0,154,0,10,147,0,157,0,60,251,0,311,226,0,226,537
05/17/2019,BED,MA,ANE,EN,Towers with Radar,0,67,97,0,164,0,6,41,0,47,0,73,138,0,211,54,0,54,265
05/18/2019,BED,MA,ANE,EN,Towers with Radar,0,40,60,1,101,0,10,206,0,216,0,50,266,1,317,202,0,202,519
05/19/2019,BED,MA,ANE,EN,Towers with Radar,0,68,79,0,147,0,8,95,0,103,0,76,174,0,250,204,0,204,454
05/20/2019,BED,MA,ANE,EN,Towers with Radar,0,71,86,1,158,0,9,56,0,65,0,80,142,1,223,82,0,82,305
05/21/2019,BED,MA,ANE,EN,Towers with Radar,0,45,70,0,115,0,7,75,0,82,0,52,145,0,197,59,0,59,256
05/22/2019,BED,MA,ANE,EN,Towers with Radar,2,63,76,0,141,0,18,201,0,219,2,81,277,0,360,152,0,152,512
05/23/2019,BED,MA,ANE,EN,Towers with Radar,3,74,86,0,163,0,10,150,0,160,3,84,236,0,323,238,0,238,561
05/24/2019,BED,MA,ANE,EN,Towers with Radar,0,86,75,0,161,0,5,60,0,65,0,91,135,0,226,58,0,58,284
05/25/2019,BED,MA,ANE,EN,Towers with Radar,1,34,49,0,84,0,23,167,0,190,1,57,216,0,274,184,0,184,458
05/26/2019,BED,MA,ANE,EN,Towers with Radar,0,34,41,0,75,0,14,136,0,150,0,48,177,0,225,224,0,224,449
05/27/2019,BED,MA,ANE,EN,Towers with Radar,4,71,73,0,148,0,20,240,0,260,4,91,313,0,408,224,0,224,632
05/28/2019,BED,MA,ANE,EN,Towers with Radar,0,52,88,1,141,0,4,64,0,68,0,56,152,1,209,118,0,118,327
05/29/2019,BED,MA,ANE,EN,Towers with Radar,5,89,141,2,237,0,3,18,0,21,5,92,159,2,258,76,0,76,334
05/30/2019,BED,MA,ANE,EN,Towers with Radar,1,76,127,2,206,0,3,49,0,52,1,79,176,2,258,154,0,154,412
05/31/2019,BED,MA,ANE,EN,Towers with Radar,0,77,94,2,173,0,20,105,0,125,0,97,199,2,298,184,0,184,482
06/01/2019,BED,MA,ANE,EN,Towers with Radar,2,44,59,3,108,0,4,174,0,178,2,48,233,3,286,286,0,286,572
06/02/2019,BED,MA,ANE,EN,Towers with Radar,0,83,87,2,172,0,2,54,0,56,0,85,141,2,228,104,0,104,332
06/03/2019,BED,MA,ANE,EN,Towers with Radar,1,44,72,0,117,0,13,110,0,123,1,57,182,0,240,112,0,112,352
06/04/2019,BED,MA,ANE,EN,Towers with Radar,3,38,90,0,131,0,15,153,0,168,3,53,243,0,299,188,0,188,487
06/05/2019,BED,MA,ANE,EN,Towers with Radar,2,47,70,0,119,0,11,105,0,116,2,58,175,0,235,168,0,168,403
06/06/2019,BED,MA,ANE,EN,Towers with Radar,2,75,115,2,194,0,6,44,3,53,2,81,159,5,247,142,0,142,389
06/07/2019,BED,MA,ANE,EN,Towers with Radar,1,77,80,5,163,0,24,160,0,184,1,101,240,5,347,110,0,110,457
06/08/2019,BED,MA,ANE,EN,Towers with Radar,2,38,67,0,107,0,14,171,0,185,2,52,238,0,292,200,0,200,492
06/09/2019,BED,MA,ANE,EN,Towers with Radar,0,68,72,2,142,0,13,158,1,172,0,81,230,3,314,248,0,248,562
06/10/2019,BED,MA,ANE,EN,Towers with Radar,2,68,93,1,164,0,13,112,0,125,2,81,205,1,289,220,0,220,509
06/11/2019,BED,MA,ANE,EN,Towers with Radar,0,67,115,0,182,0,6,52,0,58,0,73,167,0,240,18,0,18,258
06/12/2019,BED,MA,ANE,EN,Towers with Radar,4,60,85,0,149,0,24,134,0,158,4,84,219,0,307,226,0,226,533
06/13/2019,BED,MA,ANE,EN,Towers with Radar,0,91,94,0,185,0,2,26,0,28,0,93,120,0,213,70,0,70,283
06/14/2019,BED,MA,ANE,EN,Towers with Radar,0,68,103,0,171,0,6,109,0,115,0,74,212,0,286,166,0,166,452
06/15/2019,BED,MA,ANE,EN,Towers with Radar,0,55,70,0,125,0,13,214,0,227,0,68,284,0,352,198,0,198,550
06/16/2019,BED,MA,ANE,EN,Towers with Radar,0,74,79,0,153,0,0,13,0,13,0,74,92,0,166,22,0,22,188
06/17/2019,BED,MA,ANE,EN,Towers with Radar,0,45,93,0,138,0,24,176,0,200,0,69,269,0,338,346,0,346,684
06/18/2019,BED,MA,ANE,EN,Towers with Radar,0,51,90,2,143,0,2,16,0,18,0,53,106,2,161,46,0,46,207
06/19/2019,BED,MA,ANE,EN,Towers with Radar,0,73,94,1,168,0,3,48,0,51,0,76,142,1,219,110,0,110,329
06/20/2019,BED,MA,ANE,EN,Towers with Radar,1,74,94,2,171,0,0,0,0,0,1,74,94,2,171,0,0,0,171
06/21/2019,BED,MA,ANE,EN,Towers with Radar,0,62,94,0,156,0,9,68,0,77,0,71,162,0,233,70,0,70,303
06/22/2019,BED,MA,ANE,EN,Towers with Radar,0,37,34,4,75,0,11,142,0,153,0,48,176,4,228,182,0,182,410
06/23/2019,BED,MA,ANE,EN,Towers with Radar,3,59,71,0,133,0,14,169,4,187,3,73,240,4,320,152,0,152,472
06/24/2019,BED,MA,ANE,EN,Towers with Radar,0,62,95,0,157,0,12,176,0,188,0,74,271,0,345,192,0,192,537
06/25/2019,BED,MA,ANE,EN,Towers with Radar,1,68,91,1,161,0,4,42,0,46,1,72,133,1,207,92,0,92,299
06/26/2019,BED,MA,ANE,EN,Towers with Radar,0,61,126,1,188,0,3,95,1,99,0,64,221,2,287,128,2,130,417
06/27/2019,BED,MA,ANE,EN,Towers with Radar,0,90,124,2,216,0,11,131,0,142,0,101,255,2,358,136,0,136,494
06/28/2019,BED,MA,ANE,EN,Towers with Radar,1,53,79,2,135,0,18,184,0,202,1,71,263,2,337,174,0,174,511
06/29/2019,BED,MA,ANE,EN,Towers with Radar,0,30,31,1,62,0,5,50,0,55,0,35,81,1,117,102,0,102,219
06/30/2019,BED,MA,ANE,EN,Towers with Radar,0,45,41,0,86,0,3,47,0,50,0,48,88,0,136,74,0,74,210
07/01/2019,BED,MA,ANE,EN,Towers with Radar,0,22,62,0,84,0,23,170,0,193,0,45,232,0,277,288,0,288,565
07/02/2019,BED,MA,ANE,EN,Towers with Radar,0,50,59,0,109,1,5,161,0,167,1,55,220,0,276,244,0,244,520
07/03/2019,BED,MA,ANE,EN,Towers with Radar,0,52,58,0,110,0,9,167,1,177,0,61,225,1,287,196,0,196,483
07/04/2019,BED,MA,ANE,EN,Towers with Radar,0,11,23,0,34,0,4,94,0,98,0,15,117,0,132,120,0,120,252
07/05/2019,BED,MA,ANE,EN,Towers with Radar,1,33,36,0,70,0,11,104,0,115,1,44,140,0,185,124,0,124,309
07/06/2019,BED,MA,ANE,EN,Towers with Radar,0,39,23,0,62,0,7,49,0,56,0,46,72,0,118,152,0,152,270
07/07/2019,BED,MA,ANE,EN,Towers with Radar,0,65,88,0,153,0,20,145,0,165,0,85,233,0,318,120,0,120,438
07/08/2019,BED,MA,ANE,EN,Towers with Radar,0,62,75,2,139,0,10,113,0,123,0,72,188,2,262,174,0,174,436
07/09/2019,BED,MA,ANE,EN,Towers with Radar,2,41,56,4,103,0,10,124,0,134,2,51,180,4,237,78,0,78,315
07/10/2019,BED,MA,ANE,EN,Towers with Radar,1,47,74,0,122,0,18,182,0,200,1,65,256,0,322,216,0,216,538
07/11/2019,BED,MA,ANE,EN,Towers with Radar,2,63,75,2,142,0,13,71,1,85,2,76,146,3,227,96,0,96,323
07/12/2019,BED,MA,ANE,EN,Towers with Radar,0,58,61,0,119,0,4,51,1,56,0,62,112,1,175,38,0,38,213
07/13/2019,BED,MA,ANE,EN,Towers with Radar,0,33,50,0,83,0,9,211,2,222,0,42,261,2,305,340,0,340,645
07/14/2019,BED,MA,ANE,EN,Towers with Radar,2,58,75,0,135,0,16,179,0,195,2,74,254,0,330,166,0,166,496
07/15/2019,BED,MA,ANE,EN,Towers with Radar,0,54,63,0,117,0,24,137,0,161,0,78,200,0,278,170,0,170,448
07/16/2019,BED,MA,ANE,EN,Towers with Radar,1,53,63,0,117,0,17,151,0,168,1,70,214,0,285,218,0,218,503
07/17/2019,BED,MA,ANE,EN,Towers with Radar,2,43,75,0,120,0,5,83,0,88,2,48,158,0,208,170,0,170,378
07/18/2019,BED,MA,ANE,EN,Towers with Radar,0,80,127,0,207,0,3,29,0,32,0,83,156,0,239,92,0,92,331
07/19/2019,BED,MA,ANE,EN,Towers with Radar,3,67,72,0,142,0,15,130,1,146,3,82,202,1,288,152,0,152,440
07/20/2019,BED,MA,ANE,EN,Towers with Radar,4,23,58,0,85,0,12,155,0,167,4,35,213,0,252,236,0,236,488
07/21/2019,BED,MA,ANE,EN,Towers with Radar,4,60,54,0,118,0,20,146,0,166,4,80,200,0,284,92,0,92,376
07/22/2019,BED,MA,ANE,EN,Towers with Radar,1,65,66,2,134,0,9,85,0,94,1,74,151,2,228,164,0,164,392
07/23/2019,BED,MA,ANE,EN,Towers with Radar,1,60,79,0,140,0,12,19,0,31,1,72,98,0,171,34,0,34,205
07/24/2019,BED,MA,ANE,EN,Towers with Radar,1,44,65,0,110,0,15,117,0,132,1,59,182,0,242,186,0,186,428
07/25/2019,BED,MA,ANE,EN,Towers with Radar,2,62,73,4,141,0,20,226,4,250,2,82,299,8,391,176,0,176,567
07/26/2019,BED,MA,ANE,EN,Towers with Radar,1,59,66,2,128,0,14,142,0,156,1,73,208,2,284,142,0,142,426
07/27/2019,BED,MA,ANE,EN,Towers with Radar,1,28,61,0,90,0,11,143,0,154,1,39,204,0,244,170,1,171,415
07/28/2019,BED,MA,ANE,EN,Towers with Radar,1,48,79,0,128,0,20,124,0,144,1,68,203,0,272,92,0,92,364
07/29/2019,BED,MA,ANE,EN,Towers with Radar,0,61,87,0,148,0,16,160,0,176,0,77,247,0,324,198,0,198,522
07/30/2019,BED,MA,ANE,EN,Towers with Radar,0,62,56,2,120,0,11,165,8,184,0,73,221,10,304,300,0,300,604
07/31/2019,BED,MA,ANE,EN,Towers with Radar,3,75,78,0,156,0,8,99,0,107,3,83,177,0,263,146,0,146,409
08/01/2019,BED,MA,ANE,EN,Towers with Radar,0,65,83,5,153,0,9,147,0,156,0,74,230,5,309,172,0,172,481
08/02/2019,BED,MA,ANE,EN,Towers with Radar,0,50,85,0,135,0,13,169,0,182,0,63,254,0,317,144,16,160,477
08/03/2019,BED,MA,ANE,EN,Towers with Radar,0,28,47,0,75,0,9,113,1,123,0,37,160,1,198,206,0,206,404
08/04/2019,BED,MA,ANE,EN,Towers with Radar,0,46,63,0,109,0,12,148,0,160,0,58,211,0,269,186,0,186,455
08/05/2019,BED,MA,ANE,EN,Towers with Radar,2,51,69,0,122,0,13,138,4,155,2,64,207,4,277,132,0,132,409
08/06/2019,BED,MA,ANE,EN,Towers with Radar,0,74,68,0,142,0,17,136,0,153,0,91,204,0,295,208,0,208,503
08/07/2019,BED,MA,ANE,EN,Towers with Radar,0,50,69,0,119,1,5,26,0,32,1,55,95,0,151,52,0,52,203
08/08/2019,BED,MA,ANE,EN,Towers with Radar,0,65,84,1,150,0,7,72,0,79,0,72,156,1,229,122,0,122,351
08/09/2019,BED,MA,ANE,EN,Towers with Radar,2,69,57,1,129,0,27,138,0,165,2,96,195,1,294,116,0,116,410
08/10/2019,BED,MA,ANE,EN,Towers with Radar,0,24,34,0,58,0,6,152,0,158,0,30,186,0,216,212,0,212,428
08/11/2019,BED,MA,ANE,EN,Towers with Radar,2,50,55,0,107,0,10,155,0,165,2,60,210,0,272,102,0,102,374
08/12/2019,BED,MA,ANE,EN,Towers with Radar,2,58,79,0,139,0,29,154,0,183,2,87,233,0,322,120,0,120,442
08/13/2019,BED,MA,ANE,EN,Towers with Radar,1,67,94,0,162,0,8,68,0,76,1,75,162,0,238,140,0,140,378
08/14/2019,BED,MA,ANE,EN,Towers with Radar,0,75,77,0,152,0,8,116,1,125,0,83,193,1,277,160,0,160,437
08/15/2019,BED,MA,ANE,EN,Towers with Radar,0,72,87,2,161,0,11,119,4,134,0,83,206,6,295,120,0,120,415
08/16/2019,BED,MA,ANE,EN,Towers with Radar,0,51,96,2,149,0,6,118,2,126,0,57,214,4,275,118,0,118,393
08/17/2019,BED,MA,ANE,EN,Towers with Radar,0,37,55,0,92,0,0,28,0,28,0,37,83,0,120,140,0,140,260
08/18/2019,BED,MA,ANE,EN,Towers with Radar,0,64,93,1,158,0,7,90,0,97,0,71,183,1,255,166,0,166,421
08/19/2019,BED,MA,ANE,EN,Towers with Radar,0,58,80,0,138,0,16,102,4,122,0,74,182,4,260,171,0,171,431
08/20/2019,BED,MA,ANE,EN,Towers with Radar,0,59,66,0,125,0,11,161,7,179,0,70,227,7,304,294,0,294,598
08/21/2019,BED,MA,ANE,EN,Towers with Radar,0,52,73,1,126,0,2,49,0,51,0,54,122,1,177,120,0,120,297
08/22/2019,BED,MA,ANE,EN,Towers with Radar,0,63,73,3,139,0,11,91,0,102,0,74,164,3,241,84,0,84,325
08/23/2019,BED,MA,ANE,EN,Towers with Radar,0,66,60,0,126,0,12,143,0,155,0,78,203,0,281,144,0,144,425
08/24/2019,BED,MA,ANE,EN,Towers with Radar,9,29,52,0,90,0,13,150,0,163,9,42,202,0,253,244,0,244,497
08/25/2019,BED,MA,ANE,EN,Towers with Radar,2,51,70,0,123,0,15,100,0,115,2,66,170,0,238,148,0,148,386
08/26/2019,BED,MA,ANE,EN,Towers with Radar,0,57,77,0,134,0,19,123,1,143,0,76,200,1,277,232,0,232,509
08/27/2019,BED,MA,ANE,EN,Towers with Radar,0,46,81,1,128,0,26,169,1,196,0,72,250,2,324,142,0,142,466
08/28/2019,BED,MA,ANE,EN,Towers with Radar,2,94,83,0,179,0,8,60,0,68,2,102,143,0,247,88,0,88,335
08/29/2019,BED,MA,ANE,EN,Towers with Radar,3,62,72,0,137,1,10,148,0,159,4,72,220,0,296,178,0,178,474
08/30/2019,BED,MA,ANE,EN,Towers with Radar,2,52,80,4,138,0,21,119,0,140,2,73,199,4,278,116,0,116,394
08/31/2019,BED,MA,ANE,EN,Towers with Radar,2,36,39,0,77,0,5,135,0,140,2,41,174,0,217,182,0,182,399
09/01/2019,BED,MA,ANE,EN,Towers with Radar,0,33,59,0,92,0,15,93,0,108,0,48,152,0,200,141,0,141,341
09/02/2019,BED,MA,ANE,EN,Towers with Radar,1,80,74,0,155,0,8,75,0,83,1,88,149,0,238,94,0,94,332
09/03/2019,BED,MA,ANE,EN,Towers with Radar,0,52,90,1,143,0,10,143,0,153,0,62,233,1,296,132,0,132,428
09/04/2019,BED,MA,ANE,EN,Towers with Radar,0,66,84,3,153,0,1,31,0,32,0,67,115,3,185,67,0,67,252
09/05/2019,BED,MA,ANE,EN,Towers with Radar,0,59,68,0,127,0,8,163,0,171,0,67,231,0,298,248,0,248,546
09/06/2019,BED,MA,ANE,EN,Towers with Radar,1,55,91,1,148,0,9,106,5,120,1,64,197,6,268,114,0,114,382
09/07/2019,BED,MA,ANE,EN,Towers with Radar,1,27,34,2,64,0,7,48,0,55,1,34,82,2,119,132,0,132,251
09/08/2019,BED,MA,ANE,EN,Towers with Radar,0,48,86,0,134,0,7,208,3,218,0,55,294,3,352,172,0,172,524
09/09/2019,BED,MA,ANE,EN,Towers with Radar,0,55,82,2,139,0,18,120,2,140,0,73,202,4,279,164,0,164,443
09/10/2019,BED,MA,ANE,EN,Towers with Radar,0,56,93,4,153,0,8,64,0,72,0,64,157,4,225,142,0,142,367
09/11/2019,BED,MA,ANE,EN,Towers with Radar,0,74,83,0,157,2,5,144,0,151,2,79,227,0,308,152,0,152,460
09/12/2019,BED,MA,ANE,EN,Towers with Radar,2,82,113,0,197,0,19,40,0,59,2,101,153,0,256,72,0,72,328
09/13/2019,BED,MA,ANE,EN,Towers with Radar,0,76,76,0,152,0,5,165,1,171,0,81,241,1,323,160,0,160,483
09/14/2019,BED,MA,ANE,EN,Towers with Radar,0,29,57,0,86,0,2,139,0,141,0,31,196,0,227,158,0,158,385
09/15/2019,BED,MA,ANE,EN,Towers with Radar,0,59,75,0,134,0,2,204,0,206,0,61,279,0,340,244,0,244,584
09/16/2019,BED,MA,ANE,EN,Towers with Radar,1,41,78,0,120,0,5,112,0,117,1,46,190,0,237,171,0,171,408
09/17/2019,BED,MA,ANE,EN,Towers with Radar,1,48,71,0,120,0,15,142,0,157,1,63,213,0,277,224,0,224,501
09/18/2019,BED,MA,ANE,EN,Towers with Radar,2,59,79,1,141,0,2,111,4,117,2,61,190,5,258,172,0,172,430
09/19/2019,BED,MA,ANE,EN,Towers with Radar,1,68,81,1,151,0,19,141,0,160,1,87,222,1,311,166,0,166,477
09/20/2019,BED,MA,ANE,EN,Towers with Radar,2,50,87,0,139,0,8,122,0,130,2,58,209,0,269,138,0,138,407
09/21/2019,BED,MA,ANE,EN,Towers with Radar,3,37,51,0,91,0,7,164,0,171,3,44,215,0,262,198,0,198,460
09/22/2019,BED,MA,ANE,EN,Towers with Radar,0,65,59,0,124,0,15,184,0,199,0,80,243,0,323,168,0,168,491
09/23/2019,BED,MA,ANE,EN,Towers with Radar,0,52,77,0,129,0,10,110,0,120,0,62,187,0,249,110,0,110,359
09/24/2019,BED,MA,ANE,EN,Towers with Radar,0,65,62,6,133,0,20,115,0,135,0,85,177,6,268,202,0,202,470
09/25/2019,BED,MA,ANE,EN,Towers with Radar,3,58,85,0,146,0,9,138,0,147,3,67,223,0,293,184,0,184,477
09/26/2019,BED,MA,ANE,EN,Towers with Radar,0,98,85,0,183,0,2,82,0,84,0,100,167,0,267,70,0,70,337
09/27/2019,BED,MA,ANE,EN,Towers with Radar,2,80,85,0,167,0,11,161,1,173,2,91,246,1,340,174,0,174,514
09/28/2019,BED,MA,ANE,EN,Towers with Radar,1,58,60,0,119,0,11,145,0,156,1,69,205,0,275,113,0,113,388
09/29/2019,BED,MA,ANE,EN,Towers with Radar,0,67,70,0,137,0,11,156,1,168,0,78,226,1,305,200,0,200,505
09/30/2019,BED,MA,ANE,EN,Towers with Radar,0,57,83,0,140,0,19,142,0,161,0,76,225,0,301,170,0,170,471
10/01/2019,BED,MA,ANE,EN,Towers with Radar,1,61,90,0,152,0,8,58,0,66,1,69,148,0,218,150,0,150,368
10/02/2019,BED,MA,ANE,EN,Towers with Radar,1,54,100,1,156,0,2,35,1,38,1,56,135,2,194,78,0,78,272
10/03/2019,BED,MA,ANE,EN,Towers with Radar,0,61,94,0,155,0,7,109,0,116,0,68,203,0,271,146,0,146,417
10/04/2019,BED,MA,ANE,EN,Towers with Radar,2,80,66,1,149,0,16,72,0,88,2,96,138,1,237,78,0,78,315
10/05/2019,BED,MA,ANE,EN,Towers with Radar,3,39,57,4,103,0,10,228,0,238,3,49,285,4,341,236,0,236,577
10/06/2019,BED,MA,ANE,EN,Towers with Radar,0,60,92,1,153,0,8,125,0,133,0,68,217,1,286,176,0,176,462
10/07/2019,BED,MA,ANE,EN,Towers with Radar,0,54,80,0,134,0,6,29,0,35,0,60,109,0,169,28,0,28,197
10/08/2019,BED,MA,ANE,EN,Towers with Radar,1,49,79,0,129,0,10,133,1,144,1,59,212,1,273,236,0,236,509
10/09/2019,BED,MA,ANE,EN,Towers with Radar,0,47,57,4,108,0,9,45,0,54,0,56,102,4,162,82,0,82,244
10/10/2019,BED,MA,ANE,EN,Towers with Radar,0,63,90,0,153,0,6,17,0,23,0,69,107,0,176,10,0,10,186
10/11/2019,BED,MA,ANE,EN,Towers with Radar,1,79,89,2,171,0,0,1,0,1,1,79,90,2,172,0,0,0,172
10/12/2019,BED,MA,ANE,EN,Towers with Radar,0,42,67,0,109,0,3,18,1,22,0,45,85,1,131,48,0,48,179
10/13/2019,BED,MA,ANE,EN,Towers with Radar,1,44,84,2,131,0,20,158,0,178,1,64,242,2,309,272,0,272,581
10/14/2019,BED,MA,ANE,EN,Towers with Radar,2,70,95,0,167,0,5,126,1,132,2,75,221,1,299,100,0,100,399
10/15/2019,BED,MA,ANE,EN,Towers with Radar,2,63,81,0,146,0,21,170,0,191,2,84,251,0,337,206,0,206,543
10/16/2019,BED,MA,ANE,EN,Towers with Radar,0,66,83,0,149,0,13,82,2,97,0,79,165,2,246,148,0,148,394
10/17/2019,BED,MA,ANE,EN,Towers with Radar,2,78,65,0,145,0,4,10,0,14,2,82,75,0,159,0,0,0,159
10/18/2019,BED,MA,ANE,EN,Towers with Radar,2,77,75,0,154,0,20,95,0,115,2,97,170,0,269,74,0,74,343
10/19/2019,BED,MA,ANE,EN,Towers with Radar,1,45,52,2,100,0,14,201,0,215,1,59,253,2,315,188,0,188,503
10/20/2019,BED,MA,ANE,EN,Towers with Radar,1,64,80,0,145,0,12,148,0,160,1,76,228,0,305,202,0,202,507
10/21/2019,BED,MA,ANE,EN,Towers with Radar,0,63,99,1,163,0,15,115,0,130,0,78,214,1,293,126,0,126,419
10/22/2019,BED,MA,ANE,EN,Towers with Radar,2,84,126,1,213,0,0,5,0,5,2,84,131,1,218,6,0,6,224
10/23/2019,BED,MA,ANE,EN,Towers with Radar,0,98,111,0,209,0,5,65,0,70,0,103,176,0,279,84,0,84,363
10/24/2019,BED,MA,ANE,EN,Towers with Radar,1,85,119,4,209,0,17,116,0,133,1,102,235,4,342,90,0,90,432
10/25/2019,BED,MA,ANE,EN,Towers with Radar,3,72,100,2,177,0,12,125,5,142,3,84,225,7,319,124,0,124,443
10/26/2019,BED,MA,ANE,EN,Towers with Radar,1,54,81,2,138,0,10,168,0,178,1,64,249,2,316,334,0,334,650
10/27/2019,BED,MA,ANE,EN,Towers with Radar,1,96,83,0,180,0,0,5,0,5,1,96,88,0,185,18,0,18,203
10/28/2019,BED,MA,ANE,EN,Towers with Radar,1,58,107,1,167,0,1,1,0,2,1,59,108,1,169,0,0,0,169
10/29/2019,BED,MA,ANE,EN,Towers with Radar,2,83,108,1,194,0,5,7,0,12,2,88,115,1,206,2,0,2,208
10/30/2019,BED,MA,ANE,EN,Towers with Radar,2,94,111,2,209,0,0,1,0,1,2,94,112,2,210,0,0,0,210
10/31/2019,BED,MA,ANE,EN,Towers with Radar,0,51,84,0,135,0,0,0,0,0,0,51,84,0,135,0,0,0,135
11/01/2019,BED,MA,ANE,EN,Towers with Radar,3,64,57,1,125,0,8,14,0,22,3,72,71,1,147,0,0,0,147
11/02/2019,BED,MA,ANE,EN,Towers with Radar,3,29,55,2,89,0,7,182,0,189,3,36,237,2,278,232,0,232,510
11/03/2019,BED,MA,ANE,EN,Towers with Radar,0,61,79,1,141,0,9,190,0,199,0,70,269,1,340,200,0,200,540
11/04/2019,BED,MA,ANE,EN,Towers with Radar,2,65,86,1,154,0,16,151,0,167,2,81,237,1,321,126,0,126,447
11/05/2019,BED,MA,ANE,EN,Towers with Radar,0,65,127,0,192,0,3,50,0,53,0,68,177,0,245,72,0,72,317
11/06/2019,BED,MA,ANE,EN,Towers with Radar,0,57,80,3,140,0,13,124,0,137,0,70,204,3,277,142,0,142,419
11/07/2019,BED,MA,ANE,EN,Towers with Radar,1,64,138,1,204,0,2,74,0,76,1,66,212,1,280,134,0,134,414
11/08/2019,BED,MA,ANE,EN,Towers with Radar,1,69,78,0,148,0,15,50,8,73,1,84,128,8,221,28,0,28,249
11/09/2019,BED,MA,ANE,EN,Towers with Radar,2,45,46,1,94,0,15,184,1,200,2,60,230,2,294,274,0,274,568
11/10/2019,BED,MA,ANE,EN,Towers with Radar,1,73,64,2,140,0,5,135,0,140,1,78,199,2,280,212,0,212,492
11/11/2019,BED,MA,ANE,EN,Towers with Radar,0,65,73,0,138,0,10,63,0,73,0,75,136,0,211,128,0,128,339
11/12/2019,BED,MA,ANE,EN,Towers with Radar,1,71,76,0,148,0,1,1,0,2,1,72,77,0,150,0,0,0,150
11/13/2019,BED,MA,ANE,EN,Towers with Radar,1,84,78,2,165,0,7,51,0,58,1,91,129,2,223,40,0,40,263
11/14/2019,BED,MA,ANE,EN,Towers with Radar,2,93,92,1,188,0,12,120,0,132,2,105,212,1,320,192,0,192,512
11/15/2019,BED,MA,ANE,EN,Towers with Radar,0,65,81,1,147,0,4,144,1,149,0,69,225,2,296,190,0,190,486
11/16/2019,BED,MA,ANE,EN,Towers with Radar,1,46,47,0,94,0,5,135,3,143,1,51,182,3,237,166,0,166,403
11/17/2019,BED,MA,ANE,EN,Towers with Radar,0,76,67,3,146,0,3,76,0,79,0,79,143,3,225,182,0,182,407
11/18/2019,BED,MA,ANE,EN,Towers with Radar,1,49,65,0,115,0,0,0,0,0,1,49,65,0,115,0,0,0,115
11/19/2019,BED,MA,ANE,EN,Towers with Radar,0,57,79,0,136,0,0,0,0,0,0,57,79,0,136,0,0,0,136
11/20/2019,BED,MA,ANE,EN,Towers with Radar,1,78,85,0,164,0,0,0,0,0,1,78,85,0,164,0,0,0,164
11/21/2019,BED,MA,ANE,EN,Towers with Radar,0,58,127,0,185,0,6,216,0,222,0,64,343,0,407,228,0,228,635
11/22/2019,BED,MA,ANE,EN,Towers with Radar,4,66,72,0,142,0,12,17,0,29,4,78,89,0,171,60,0,60,231
11/23/2019,BED,MA,ANE,EN,Towers with Radar,4,39,56,0,99,0,14,180,0,194,4,53,236,0,293,200,0,200,493
11/24/2019,BED,MA,ANE,EN,Towers with Radar,1,74,57,0,132,0,0,0,0,0,1,74,57,0,132,0,0,0,132
11/25/2019,BED,MA,ANE,EN,Towers with Radar,1,71,91,0,163,0,29,137,0,166,1,100,228,0,329,186,0,186,515
11/26/2019,BED,MA,ANE,EN,Towers with Radar,0,76,113,0,189,0,15,137,0,152,0,91,250,0,341,134,0,134,475
11/27/2019,BED,MA,ANE,EN,Towers with Radar,0,74,94,0,168,0,10,71,0,81,0,84,165,0,249,128,0,128,377
11/28/2019,BED,MA,ANE,EN,Towers with Radar,2,29,19,0,50,0,7,3,0,10,2,36,22,0,60,0,0,0,60
11/29/2019,BED,MA,ANE,EN,Towers with Radar,2,49,41,0,92,0,6,49,0,55,2,55,90,0,147,20,0,20,167
11/30/2019,BED,MA,ANE,EN,Towers with Radar,2,61,61,0,124,0,23,85,0,108,2,84,146,0,232,102,0,102,334
12/01/2019,BED,MA,ANE,EN,Towers with Radar,1,106,98,0,205,0,6,56,0,62,1,112,154,0,267,108,0,108,375
12/02/2019,BED,MA,ANE,EN,Towers with Radar,0,40,43,0,83,0,0,0,0,0,0,40,43,0,83,0,0,0,83
12/03/2019,BED,MA,ANE,EN,Towers with Radar,0,94,81,0,175,0,3,6,0,9,0,97,87,0,184,0,0,0,184
12/04/2019,BED,MA,ANE,EN,Towers with Radar,1,86,107,2,196,0,4,54,0,58,1,90,161,2,254,50,0,50,304
12/05/2019,BED,MA,ANE,EN,Towers with Radar,1,60,99,0,160,0,9,109,2,120,1,69,208,2,280,124,0,124,404
12/06/2019,BED,MA,ANE,EN,Towers with Radar,1,74,80,0,155,0,8,45,1,54,1,82,125,1,209,58,0,58,267
12/07/2019,BED,MA,ANE,EN,Towers with Radar,1,38,40,2,81,0,1,133,0,134,1,39,173,2,215,186,0,186,401
12/08/2019,BED,MA,ANE,EN,Towers with Radar,2,73,80,0,155,0,7,136,0,143,2,80,216,0,298,114,0,114,412
12/09/2019,BED,MA,ANE,EN,Towers with Radar,1,92,82,0,175,0,0,0,0,0,1,92,82,0,175,0,0,0,175
12/10/2019,BED,MA,ANE,EN,Towers with Radar,2,74,112,0,188,0,5,7,0,12,2,79,119,0,200,52,0,52,252
12/11/2019,BED,MA,ANE,EN,Towers with Radar,1,67,71,0,139,0,2,28,0,30,1,69,99,0,169,60,0,60,229
12/12/2019,BED,MA,ANE,EN,Towers with Radar,1,72,94,0,167,0,12,134,0,146,1,84,228,0,313,140,0,140,453
12/13/2019,BED,MA,ANE,EN,Towers with Radar,0,62,76,0,138,0,7,56,0,63,0,69,132,0,201,104,0,104,305
12/14/2019,BED,MA,ANE,EN,Towers with Radar,0,31,23,0,54,0,0,0,0,0,0,31,23,0,54,0,0,0,54
12/15/2019,BED,MA,ANE,EN,Towers with Radar,0,43,55,0,98,0,8,28,0,36,0,51,83,0,134,0,0,0,134
12/16/2019,BED,MA,ANE,EN,Towers with Radar,0,57,75,0,132,0,18,126,0,144,0,75,201,0,276,186,0,186,462
12/17/2019,BED,MA,ANE,EN,Towers with Radar,1,35,58,0,94,0,0,0,0,0,1,35,58,0,94,0,0,0,94
12/18/2019,BED,MA,ANE,EN,Towers with Radar,1,55,95,0,151,0,10,55,0,65,1,65,150,0,216,94,0,94,310
12/19/2019,BED,MA,ANE,EN,Towers with Radar,2,56,81,0,139,0,5,36,0,41,2,61,117,0,180,38,0,38,218
12/20/2019,BED,MA,ANE,EN,Towers with Radar,2,82,76,2,162,0,8,85,0,93,2,90,161,2,255,92,0,92,347
12/21/2019,BED,MA,ANE,EN,Towers with Radar,1,58,52,1,112,0,6,132,0,138,1,64,184,1,250,182,0,182,432
12/22/2019,BED,MA,ANE,EN,Towers with Radar,0,58,41,1,100,0,13,133,0,146,0,71,174,1,246,210,0,210,456
12/23/2019,BED,MA,ANE,EN,Towers with Radar,0,59,51,0,110,0,23,111,0,134,0,82,162,0,244,100,0,100,344
12/24/2019,BED,MA,ANE,EN,Towers with Radar,2,29,27,0,58,0,8,68,0,76,2,37,95,0,134,110,0,110,244
12/25/2019,BED,MA,ANE,EN,Towers with Radar,2,30,17,0,49,0,3,13,0,16,2,33,30,0,65,8,0,8,73
12/26/2019,BED,MA,ANE,EN,Towers with Radar,2,86,68,2,158,0,11,77,0,88,2,97,145,2,246,104,0,104,350
12/27/2019,BED,MA,ANE,EN,Towers with Radar,1,62,53,0,116,0,6,19,0,25,1,68,72,0,141,66,0,66,207
12/28/2019,BED,MA,ANE,EN,Towers with Radar,0,38,40,0,78,0,8,124,0,132,0,46,164,0,210,196,0,196,406
12/29/2019,BED,MA,ANE,EN,Towers with Radar,2,41,33,0,76,0,3,85,0,88,2,44,118,0,164,142,0,142,306
12/30/2019,BED,MA,ANE,EN,Towers with Radar,2,22,12,0,36,0,0,0,0,0,2,22,12,0,36,0,0,0,36
12/31/2019,BED,MA,ANE,EN,Towers with Radar,3,32,25,0,60,0,0,0,0,0,3,32,25,0,60,0,0,0,60
01/01/2020,BED,MA,ANE,EN,Towers with Radar,3,35,34,0,72,0,3,42,0,45,3,38,76,0,117,90,0,90,207
01/02/2020,BED,MA,ANE,EN,Towers with Radar,2,42,55,2,101,0,10,108,0,118,2,52,163,2,219,114,0,114,333
01/03/2020,BED,MA,ANE,EN,Towers with Radar,0,43,41,0,84,0,3,55,0,58,0,46,96,0,142,148,0,148,290
01/04/2020,BED,MA,ANE,EN,Towers with Radar,2,51,46,0,99,0,0,1,0,1,2,51,47,0,100,38,0,38,138
01/05/2020,BED,MA,ANE,EN,Towers with Radar,1,60,53,0,114,0,5,25,0,30,1,65,78,0,144,34,0,34,178
01/06/2020,BED,MA,ANE,EN,Towers with Radar,3,43,49,0,95,0,11,34,0,45,3,54,83,0,140,108,0,108,248
01/07/2020,BED,MA,ANE,EN,Towers with Radar,2,40,48,2,92,0,4,121,5,130,2,44,169,7,222,144,0,144,366
01/08/2020,BED,MA,ANE,EN,Towers with Radar,3,45,45,2,95,0,10,40,0,50,3,55,85,2,145,82,0,82,227
01/09/2020,BED,MA,ANE,EN,Towers with Radar,2,41,83,0,126,0,13,111,0,124,2,54,194,0,250,138,0,138,388
01/10/2020,BED,MA,ANE,EN,Towers with Radar,4,48,47,1,100,0,6,49,1,56,4,54,96,2,156,62,0,62,218
01/11/2020,BED,MA,ANE,EN,Towers with Radar,2,25,30,3,60,0,7,31,0,38,2,32,61,3,98,84,0,84,182
01/12/2020,BED,MA,ANE,EN,Towers with Radar,0,59,49,1,109,0,6,30,0,36,0,65,79,1,145,10,0,10,155
01/13/2020,BED,MA,ANE,EN,Towers with Radar,0,42,58,1,101,0,0,2,0,2,0,42,60,1,103,4,0,4,107
01/14/2020,BED,MA,ANE,EN,Towers with Radar,1,56,61,0,118,0,3,21,0,24,1,59,82,0,142,82,0,82,224
01/15/2020,BED,MA,ANE,EN,Towers with Radar,1,45,80,0,126,0,7,154,0,161,1,52,234,0,287,206,0,206,493
01/16/2020,BED,MA,ANE,EN,Towers with Radar,1,68,55,0,124,0,3,6,0,9,1,71,61,0,133,0,0,0,133
01/17/2020,BED,MA,ANE,EN,Towers with Radar,1,56,58,0,115,0,6,23,0,29,1,62,81,0,144,10,0,10,154
01/18/2020,BED,MA,ANE,EN,Towers with Radar,1,30,41,0,72,0,3,101,0,104,1,33,142,0,176,130,0,130,306
01/19/2020,BED,MA,ANE,EN,Towers with Radar,3,30,45,0,78,0,12,41,0,53,3,42,86,0,131,38,0,38,169
01/20/2020,BED,MA,ANE,EN,Towers with Radar,2,74,83,0,159,0,15,106,0,121,2,89,189,0,280,109,0,109,389
01/21/2020,BED,MA,ANE,EN,Towers with Radar,2,64,63,2,131,0,8,84,1,93,2,72,147,3,224,162,0,162,386
01/22/2020,BED,MA,ANE,EN,Towers with Radar,0,50,59,0,109,0,11,87,0,98,0,61,146,0,207,121,0,121,328
01/23/2020,BED,MA,ANE,EN,Towers with Radar,1,49,84,2,136,0,7,124,0,131,1,56,208,2,267,160,0,160,427
01/24/2020,BED,MA,ANE,EN,Towers with Radar,0,46,59,0,105,0,5,78,0,83,0,51,137,0,188,182,0,182,370
01/25/2020,BED,MA,ANE,EN,Towers with Radar,0,30,40,0,70,0,2,8,0,10,0,32,48,0,80,24,0,24,104
01/26/2020,BED,MA,ANE,EN,Towers with Radar,0,56,55,0,111,0,4,104,0,108,0,60,159,0,219,170,0,170,389
01/27/2020,BED,MA,ANE,EN,Towers with Radar,0,63,68,0,131,0,6,76,0,82,0,69,144,0,213,164,0,164,377
01/28/2020,BED,MA,ANE,EN,Towers with Radar,2,51,75,0,128,0,5,95,0,100,2,56,170,0,228,184,0,184,412
01/29/2020,BED,MA,ANE,EN,Towers with Radar,4,67,66,4,141,0,13,105,0,118,4,80,171,4,259,72,0,72,331
01/30/2020,BED,MA,ANE,EN,Towers with Radar,1,61,92,0,154,0,16,133,0,149,1,77,225,0,303,168,0,168,471
01/31/2020,BED,MA,ANE,EN,Towers with Radar,0,71,82,0,153,0,10,103,0,113,0,81,185,0,266,138,0,138,404
02/01/2020,BED,MA,ANE,EN,Towers with Radar,0,29,45,0,74,0,0,8,0,8,0,29,53,0,82,46,0,46,128
02/02/2020,BED,MA,ANE,EN,Towers with Radar,1,65,56,0,122,0,10,143,0,153,1,75,199,0,275,234,0,234,509
02/03/2020,BED,MA,ANE,EN,Towers with Radar,2,49,68,2,121,0,7,90,0,97,2,56,158,2,218,76,0,76,294
02/04/2020,BED,MA,ANE,EN,Towers with Radar,1,55,78,0,134,0,7,64,0,71,1,62,142,0,205,160,0,160,365
02/05/2020,BED,MA,ANE,EN,Towers with Radar,3,50,64,0,117,0,7,67,0,74,3,57,131,0,191,92,0,92,283
02/06/2020,BED,MA,ANE,EN,Towers with Radar,1,74,62,0,137,0,0,0,0,0,1,74,62,0,137,0,0,0,137
02/07/2020,BED,MA,ANE,EN,Towers with Radar,0,70,45,0,115,0,2,0,0,2,0,72,45,0,117,0,0,0,117
02/08/2020,BED,MA,ANE,EN,Towers with Radar,3,35,48,0,86,0,11,89,0,100,3,46,137,0,186,108,0,108,294
02/09/2020,BED,MA,ANE,EN,Towers with Radar,2,57,57,0,116,0,4,106,0,110,2,61,163,0,226,234,0,234,460
02/10/2020,BED,MA,ANE,EN,Towers with Radar,0,54,63,0,117,0,5,0,0,5,0,59,63,0,122,0,0,0,122
02/11/2020,BED,MA,ANE,EN,Towers with Radar,1,51,59,0,111,0,0,0,0,0,1,51,59,0,111,0,0,0,111
02/12/2020,BED,MA,ANE,EN,Towers with Radar,2,42,62,4,110,0,15,127,0,142,2,57,189,4,252,142,0,142,394
02/13/2020,BED,MA,ANE,EN,Towers with Radar,2,59,81,0,142,0,0,0,0,0,2,59,81,0,142,0,0,0,142
02/14/2020,BED,MA,ANE,EN,Towers with Radar,1,79,77,0,157,0,8,43,2,53,1,87,120,2,210,8,0,8,218
02/15/2020,BED,MA,ANE,EN,Towers with Radar,4,51,53,0,108,0,4,132,2,138,4,55,185,2,246,172,0,172,418
02/16/2020,BED,MA,ANE,EN,Towers with Radar,3,30,48,0,81,0,3,106,0,109,3,33,154,0,190,154,0,154,344
02/17/2020,BED,MA,ANE,EN,Towers with Radar,2,63,75,0,140,0,12,173,0,185,2,75,248,0,325,168,0,168,493
02/18/2020,BED,MA,ANE,EN,Towers with Radar,0,50,70,2,122,0,0,17,0,17,0,50,87,2,139,64,0,64,203
02/19/2020,BED,MA,ANE,EN,Towers with Radar,0,46,64,0,110,0,11,44,2,57,0,57,108,2,167,74,0,74,241
02/20/2020,BED,MA,ANE,EN,Towers with Radar,1,53,79,2,135,0,8,91,4,103,1,61,170,6,238,174,0,174,412
02/21/2020,BED,MA,ANE,EN,Towers with Radar,0,59,78,1,138,0,15,128,0,143,0,74,206,1,281,168,2,170,451
02/22/2020,BED,MA,ANE,EN,Towers with Radar,2,35,44,2,83,0,3,129,0,132,2,38,173,2,215,170,0,170,385
02/23/2020,BED,MA,ANE,EN,Towers with Radar,3,57,89,1,150,0,7,164,0,171,3,64,253,1,321,158,0,158,479
02/24/2020,BED,MA,ANE,EN,Towers with Radar,3,46,71,0,120,0,15,125,0,140,3,61,196,0,260,204,0,204,464
02/25/2020,BED,MA,ANE,EN,Towers with Radar,0,47,75,0,122,0,7,109,0,116,0,54,184,0,238,232,0,232,470
02/26/2020,BED,MA,ANE,EN,Towers with Radar,1,72,93,2,168,0,2,29,0,31,1,74,122,2,199,82,0,82,281
02/27/2020,BED,MA,ANE,EN,Towers with Radar,2,60,76,0,138,0,5,3,0,8,2,65,79,0,146,0,0,0,146
02/28/2020,BED,MA,ANE,EN,Towers with Radar,1,73,70,0,144,0,15,42,9,66,1,88,112,9,210,14,0,14,224
02/29/2020,BED,MA,ANE,EN,Towers with Radar,1,47,35,0,83,0,11,128,1,140,1,58,163,1,223,190,0,190,413
03/01/2020,BED,MA,ANE,EN,Towers with Radar,0,60,71,0,131,0,6,108,0,114,0,66,179,0,245,152,0,152,397
03/02/2020,BED,MA,ANE,EN,Towers with Radar,4,53,73,0,130,0,11,80,0,91,4,64,153,0,221,134,0,134,355
03/03/2020,BED,MA,ANE,EN,Towers with Radar,4,57,83,0,144,0,6,80,0,86,4,63,163,0,230,170,0,170,400
03/04/2020,BED,MA,ANE,EN,Towers with Radar,0,62,73,0,135,0,8,11,0,19,0,70,84,0,154,0,0,0,154
03/05/2020,BED,MA,ANE,EN,Towers with Radar,0,76,79,1,156,0,10,107,0,117,0,86,186,1,273,95,0,95,368
03/06/2020,BED,MA,ANE,EN,Towers with Radar,2,68,76,0,146,0,6,72,0,78,2,74,148,0,224,136,0,136,360
03/07/2020,BED,MA,ANE,EN,Towers with Radar,2,36,24,0,62,0,5,68,0,73,2,41,92,0,135,102,0,102,237
03/08/2020,BED,MA,ANE,EN,Towers with Radar,1,42,70,0,113,0,17,160,0,177,1,59,230,0,290,180,0,180,470
03/09/2020,BED,MA,ANE,EN,Towers with Radar,2,59,75,2,138,0,12,131,0,143,2,71,206,2,281,92,0,92,373
03/10/2020,BED,MA,ANE,EN,Towers with Radar,0,57,73,0,130,0,10,63,0,73,0,67,136,0,203,128,0,128,331
03/11/2020,BED,MA,ANE,EN,Towers with Radar,0,60,73,0,133,0,10,116,7,133,0,70,189,7,266,218,0,218,484
03/12/2020,BED,MA,ANE,EN,Towers with Radar,5,71,95,2,173,0,8,107,4,119,5,79,202,6,292,186,0,186,478
03/13/2020,BED,MA,ANE,EN,Towers with Radar,2,68,78,4,152,0,3,9,0,12,2,71,87,4,164,4,0,4,168
03/14/2020,BED,MA,ANE,EN,Towers with Radar,1,54,72,0,127,0,4,74,0,78,1,58,146,0,205,66,0,66,271
03/15/2020,BED,MA,ANE,EN,Towers with Radar,0,65,82,0,147,0,5,113,0,118,0,70,195,0,265,132,0,132,397
03/16/2020,BED,MA,ANE,EN,Towers with Radar,0,76,69,0,145,1,7,75,0,83,1,83,144,0,228,160,0,160,388
03/17/2020,BED,MA,ANE,EN,Towers with Radar,2,55,39,0,96,0,0,1,0,1,2,55,40,0,97,0,0,0,97
03/18/2020,BED,MA,ANE,EN,Towers with Radar,2,45,50,0,97,1,4,102,0,107,3,49,152,0,204,202,0,202,406
03/19/2020,BED,MA,ANE,EN,Towers with Radar,0,21,21,0,42,0,0,0,0,0,0,21,21,0,42,0,0,0,42
03/20/2020,BED,MA,ANE,EN,Towers with Radar,0,28,36,0,64,0,3,3,0,6,0,31,39,0,70,0,0,0,70
03/21/2020,BED,MA,ANE,EN,Towers with Radar,0,28,31,0,59,0,2,98,0,100,0,30,129,0,159,94,0,94,253
03/22/2020,BED,MA,ANE,EN,Towers with Radar,0,45,33,0,78,0,2,105,0,107,0,47,138,0,185,170,0,170,355
03/23/2020,BED,MA,ANE,EN,Towers with Radar,0,30,18,0,48,0,0,12,0,12,0,30,30,0,60,28,0,28,88
03/24/2020,BED,MA,ANE,EN,Towers with Radar,0,31,18,0,49,0,7,12,0,19,0,38,30,0,68,4,0,4,72
03/25/2020,BED,MA,ANE,EN,Towers with Radar,0,10,10,0,20,0,5,7,0,12,0,15,17,0,32,0,0,0,32
03/26/2020,BED,MA,ANE,EN,Towers with Radar,0,21,6,0,27,0,8,25,0,33,0,29,31,0,60,0,0,0,60
03/27/2020,BED,MA,ANE,EN,Towers with Radar,0,23,18,0,41,0,12,36,0,48,0,35,54,0,89,24,0,24,113
03/28/2020,BED,MA,ANE,EN,Towers with Radar,0,21,14,0,35,0,0,56,0,56,0,21,70,0,91,32,0,32,123
03/29/2020,BED,MA,ANE,EN,Towers with Radar,0,26,42,0,68,0,0,0,0,0,0,26,42,0,68,0,0,0,68
03/30/2020,BED,MA,ANE,EN,Towers with Radar,0,19,17,0,36,0,0,0,0,0,0,19,17,0,36,6,0,6,42
03/31/2020,BED,MA,ANE,EN,Towers with Radar,0,17,17,0,34,0,4,17,0,21,0,21,34,0,55,0,0,0,55
04/01/2020,BED,MA,ANE,EN,Towers with Radar,0,20,16,0,36,0,7,13,0,20,0,27,29,0,56,14,0,14,70
04/02/2020,BED,MA,ANE,EN,Towers with Radar,0,14,6,0,20,0,0,3,0,3,0,14,9,0,23,2,0,2,25
04/03/2020,BED,MA,ANE,EN,Towers with Radar,0,11,9,0,20,0,0,0,0,0,0,11,9,0,20,0,0,0,20
04/04/2020,BED,MA,ANE,EN,Towers with Radar,0,19,10,0,29,0,0,10,0,10,0,19,20,0,39,48,0,48,87
04/05/2020,BED,MA,ANE,EN,Towers with Radar,0,27,33,0,60,0,0,36,0,36,0,27,69,0,96,46,0,46,142
04/06/2020,BED,MA,ANE,EN,Towers with Radar,0,17,24,4,45,0,2,42,0,44,0,19,66,4,89,6,0,6,95
04/07/2020,BED,MA,ANE,EN,Towers with Radar,0,19,14,0,33,0,4,33,0,37,0,23,47,0,70,28,0,28,98
04/08/2020,BED,MA,ANE,EN,Towers with Radar,0,19,18,2,39,0,1,8,0,9,0,20,26,2,48,0,0,0,48
04/09/2020,BED,MA,ANE,EN,Towers with Radar,0,7,4,0,11,0,1,0,0,1,0,8,4,0,12,0,0,0,12
04/10/2020,BED,MA,ANE,EN,Towers with Radar,0,12,12,0,24,0,3,1,3,7,0,15,13,3,31,0,0,0,31
04/11/2020,BED,MA,ANE,EN,Towers with Radar,0,16,17,2,35,0,17,33,0,50,0,33,50,2,85,34,0,34,119
04/12/2020,BED,MA,ANE,EN,Towers with Radar,0,13,16,0,29,0,13,54,0,67,0,26,70,0,96,42,0,42,138
04/13/2020,BED,MA,ANE,EN,Towers with Radar,0,6,3,0,9,0,0,0,0,0,0,6,3,0,9,0,0,0,9
04/14/2020,BED,MA,ANE,EN,Towers with Radar,0,12,20,0,32,0,2,28,5,35,0,14,48,5,67,44,0,44,111
04/15/2020,BED,MA,ANE,EN,Towers with Radar,0,10,16,0,26,0,6,23,0,29,0,16,39,0,55,38,0,38,93
04/16/2020,BED,MA,ANE,EN,Towers with Radar,0,9,15,2,26,0,3,24,0,27,0,12,39,2,53,8,0,8,61
04/17/2020,BED,MA,ANE,EN,Towers with Radar,2,29,8,2,41,0,4,21,0,25,2,33,29,2,66,16,0,16,82
04/18/2020,BED,MA,ANE,EN,Towers with Radar,0,9,4,2,15,0,1,2,0,3,0,10,6,2,18,4,0,4,22
04/19/2020,BED,MA,ANE,EN,Towers with Radar,0,12,21,0,33,0,0,48,0,48,0,12,69,0,81,48,0,48,129
04/20/2020,BED,MA,ANE,EN,Towers with Radar,0,14,24,2,40,0,5,40,0,45,0,19,64,2,85,38,0,38,123
04/21/2020,BED,MA,ANE,EN,Towers with Radar,0,5,4,0,9,0,1,0,0,1,0,6,4,0,10,0,0,0,10
04/22/2020,BED,MA,ANE,EN,Towers with Radar,0,17,12,0,29,0,6,7,0,13,0,23,19,0,42,0,0,0,42
04/23/2020,BED,MA,ANE,EN,Towers with Radar,0,11,16,0,27,0,3,43,0,46,0,14,59,0,73,26,0,26,99
04/24/2020,BED,MA,ANE,EN,Towers with Radar,0,10,19,2,31,0,0,3,0,3,0,10,22,2,34,0,0,0,34
04/25/2020,BED,MA,ANE,EN,Towers with Radar,0,10,26,0,36,0,10,108,0,118,0,20,134,0,154,64,0,64,218
04/26/2020,BED,MA,ANE,EN,Towers with Radar,0,23,15,0,38,0,0,10,0,10,0,23,25,0,48,8,0,8,56
04/27/2020,BED,MA,ANE,EN,Towers with Radar,0,14,21,2,37,0,0,0,0,0,0,14,21,2,37,0,0,0,37
04/28/2020,BED,MA,ANE,EN,Towers with Radar,0,16,27,0,43,0,0,42,0,42,0,16,69,0,85,52,0,52,137
04/29/2020,BED,MA,ANE,EN,Towers with Radar,0,24,32,0,56,0,3,51,0,54,0,27,83,0,110,58,0,58,168
04/30/2020,BED,MA,ANE,EN,Towers with Radar,0,24,17,0,41,0,0,1,0,1,0,24,18,0,42,0,0,0,42
05/01/2020,BED,MA,ANE,EN,Towers with Radar,0,9,21,3,33,0,1,0,0,1,0,10,21,3,34,0,0,0,34
05/02/2020,BED,MA,ANE,EN,Towers with Radar,0,23,32,2,57,0,6,55,2,63,0,29,87,4,120,30,0,30,150
05/03/2020,BED,MA,ANE,EN,Towers with Radar,0,18,36,2,56,0,6,64,0,70,0,24,100,2,126,40,0,40,166
05/04/2020,BED,MA,ANE,EN,Towers with Radar,0,23,11,0,34,0,6,18,0,24,0,29,29,0,58,10,0,10,68
05/05/2020,BED,MA,ANE,EN,Towers with Radar,0,19,20,2,41,0,11,31,0,42,0,30,51,2,83,36,0,36,119
05/06/2020,BED,MA,ANE,EN,Towers with Radar,0,19,27,0,46,0,3,44,0,47,0,22,71,0,93,42,0,42,135
05/07/2020,BED,MA,ANE,EN,Towers with Radar,0,19,28,0,47,0,6,31,0,37,0,25,59,0,84,28,0,28,112
05/08/2020,BED,MA,ANE,EN,Towers with Radar,0,23,27,2,52,0,2,26,1,29,0,25,53,3,81,8,0,8,89
05/09/2020,BED,MA,ANE,EN,Towers with Radar,0,17,12,0,29,0,3,0,0,3,0,20,12,0,32,0,0,0,32
05/10/2020,BED,MA,ANE,EN,Towers with Radar,2,20,26,0,48,0,10,16,0,26,2,30,42,0,74,24,0,24,98
05/11/2020,BED,MA,ANE,EN,Towers with Radar,0,19,21,4,44,0,1,3,0,4,0,20,24,4,48,0,0,0,48
05/12/2020,BED,MA,ANE,EN,Towers with Radar,0,17,17,0,34,0,13,25,0,38,0,30,42,0,72,40,0,40,112
05/13/2020,BED,MA,ANE,EN,Towers with Radar,0,17,28,0,45,0,19,30,0,49,0,36,58,0,94,12,0,12,106
05/14/2020,BED,MA,ANE,EN,Towers with Radar,2,29,22,0,53,0,8,82,2,92,2,37,104,2,145,78,0,78,223
05/15/2020,BED,MA,ANE,EN,Towers with Radar,0,29,31,2,62,0,5,9,0,14,0,34,40,2,76,12,0,12,88
05/16/2020,BED,MA,ANE,EN,Towers with Radar,0,32,31,0,63,0,3,71,0,74,0,35,102,0,137,78,0,78,215
05/17/2020,BED,MA,ANE,EN,Towers with Radar,0,31,25,0,56,0,5,44,0,49,0,36,69,0,105,42,0,42,147
05/18/2020,BED,MA,ANE,EN,Towers with Radar,0,16,25,2,43,0,10,14,0,24,0,26,39,2,67,0,0,0,67
05/19/2020,BED,MA,ANE,EN,Towers with Radar,0,32,26,6,64,0,3,21,0,24,0,35,47,6,88,2,0,2,90
05/20/2020,BED,MA,ANE,EN,Towers with Radar,0,26,44,0,70,0,5,53,0,58,0,31,97,0,128,6,0,6,134
05/21/2020,BED,MA,ANE,EN,Towers with Radar,2,38,30,0,70,0,10,53,1,64,2,48,83,1,134,53,0,53,187
05/22/2020,BED,MA,ANE,EN,Towers with Radar,0,29,39,0,68,0,7,40,0,47,0,36,79,0,115,28,0,28,143
05/23/2020,BED,MA,ANE,EN,Towers with Radar,0,18,26,0,44,0,3,13,0,16,0,21,39,0,60,4,0,4,64
05/24/2020,BED,MA,ANE,EN,Towers with Radar,0,23,30,0,53,0,8,63,0,71,0,31,93,0,124,22,0,22,146
05/25/2020,BED,MA,ANE,EN,Towers with Radar,0,44,45,0,89,0,3,18,0,21,0,47,63,0,110,30,0,30,140
05/26/2020,BED,MA,ANE,EN,Towers with Radar,0,28,44,2,74,0,8,29,0,37,0,36,73,2,111,16,0,16,127
05/27/2020,BED,MA,ANE,EN,Towers with Radar,0,45,37,0,82,0,18,29,0,47,0,63,66,0,129,18,0,18,147
05/28/2020,BED,MA,ANE,EN,Towers with Radar,0,41,32,1,74,0,3,12,1,16,0,44,44,2,90,0,0,0,90
05/29/2020,BED,MA,ANE,EN,Towers with Radar,0,48,31,0,79,0,3,0,0,3,0,51,31,0,82,0,0,0,82
05/30/2020,BED,MA,ANE,EN,Towers with Radar,0,24,34,0,58,0,6,34,1,41,0,30,68,1,99,30,0,30,129
05/31/2020,BED,MA,ANE,EN,Towers with Radar,0,33,40,0,73,0,5,58,0,63,0,38,98,0,136,28,0,28,164
06/01/2020,BED,MA,ANE,EN,Towers with Radar,0,32,47,0,79,0,6,34,0,40,0,38,81,0,119,2,0,2,121
06/02/2020,BED,MA,ANE,EN,Towers with Radar,0,40,36,0,76,0,14,41,0,55,0,54,77,0,131,50,0,50,181
06/03/2020,BED,MA,ANE,EN,Towers with Radar,0,60,22,0,82,0,13,40,0,53,0,73,62,0,135,8,0,8,143
06/04/2020,BED,MA,ANE,EN,Towers with Radar,0,35,34,0,69,0,10,65,0,75,0,45,99,0,144,58,0,58,202
06/05/2020,BED,MA,ANE,EN,Towers with Radar,0,32,53,0,85,0,0,20,0,20,0,32,73,0,105,26,0,26,131
06/06/2020,BED,MA,ANE,EN,Towers with Radar,0,34,29,0,63,0,2,24,0,26,0,36,53,0,89,16,0,16,105
06/07/2020,BED,MA,ANE,EN,Towers with Radar,0,47,51,0,98,0,5,48,0,53,0,52,99,0,151,56,0,56,207
06/08/2020,BED,MA,ANE,EN,Towers with Radar,0,26,36,0,62,0,8,90,0,98,0,34,126,0,160,132,0,132,292
06/09/2020,BED,MA,ANE,EN,Towers with Radar,0,33,58,0,91,0,27,116,0,143,0,60,174,0,234,178,0,178,412
06/10/2020,BED,MA,ANE,EN,Towers with Radar,0,52,54,0,106,0,12,105,0,117,0,64,159,0,223,166,0,166,389
06/11/2020,BED,MA,ANE,EN,Towers with Radar,0,36,44,0,80,0,2,2,0,4,0,38,46,0,84,0,0,0,84
06/12/2020,BED,MA,ANE,EN,Towers with Radar,0,55,70,0,125,0,13,122,0,135,0,68,192,0,260,154,0,154,414
06/13/2020,BED,MA,ANE,EN,Towers with Radar,0,28,42,0,70,0,5,116,0,121,0,33,158,0,191,120,0,120,311
06/14/2020,BED,MA,ANE,EN,Towers with Radar,0,40,40,0,80,0,11,105,0,116,0,51,145,0,196,154,0,154,350
06/15/2020,BED,MA,ANE,EN,Towers with Radar,0,44,41,0,85,0,13,58,0,71,0,57,99,0,156,112,0,112,268
06/16/2020,BED,MA,ANE,EN,Towers with Radar,0,29,39,0,68,0,17,108,0,125,0,46,147,0,193,156,0,156,349
06/17/2020,BED,MA,ANE,EN,Towers with Radar,0,53,35,2,90,0,13,105,0,118,0,66,140,2,208,210,0,210,418
06/18/2020,BED,MA,ANE,EN,Towers with Radar,0,58,46,0,104,0,7,113,0,120,0,65,159,0,224,104,0,104,328
06/19/2020,BED,MA,ANE,EN,Towers with Radar,0,41,42,0,83,0,10,90,0,100,0,51,132,0,183,178,0,178,361
06/20/2020,BED,MA,ANE,EN,Towers with Radar,0,32,53,0,85,0,15,121,0,136,0,47,174,0,221,122,0,122,343
06/21/2020,BED,MA,ANE,EN,Towers with Radar,0,35,40,0,75,0,16,79,0,95,0,51,119,0,170,100,0,100,270
06/22/2020,BED,MA,ANE,EN,Towers with Radar,0,60,50,4,114,0,6,36,0,42,0,66,86,4,156,112,0,112,268
06/23/2020,BED,MA,ANE,EN,Towers with Radar,0,43,43,2,88,0,17,114,0,131,0,60,157,2,219,144,0,144,363
06/24/2020,BED,MA,ANE,EN,Towers with Radar,0,33,67,0,100,0,4,26,0,30,0,37,93,0,130,58,0,58,188
06/25/2020,BED,MA,ANE,EN,Towers with Radar,0,38,58,0,96,0,16,149,0,165,0,54,207,0,261,152,0,152,413
06/26/2020,BED,MA,ANE,EN,Towers with Radar,0,48,74,0,122,0,6,127,0,133,0,54,201,0,255,118,0,118,373
06/27/2020,BED,MA,ANE,EN,Towers with Radar,0,44,52,2,98,0,1,122,0,123,0,45,174,2,221,242,0,242,463
06/28/2020,BED,MA,ANE,EN,Towers with Radar,0,38,49,0,87,0,0,53,0,53,0,38,102,0,140,42,0,42,182
06/29/2020,BED,MA,ANE,EN,Towers with Radar,0,51,51,0,102,0,2,1,0,3,0,53,52,0,105,0,0,0,105
06/30/2020,BED,MA,ANE,EN,Towers with Radar,0,43,58,2,103,0,0,2,0,2,0,43,60,2,105,0,0,0,105
07/01/2020,BED,MA,ANE,EN,Towers with Radar,0,50,57,0,107,0,7,26,0,33,0,57,83,0,140,50,0,50,190
07/02/2020,BED,MA,ANE,EN,Towers with Radar,0,46,61,2,109,0,9,107,0,116,0,55,168,2,225,178,0,178,403
07/03/2020,BED,MA,ANE,EN,Towers with Radar,1,45,55,0,101,0,1,1,0,2,1,46,56,0,103,2,0,2,105
07/04/2020,BED,MA,ANE,EN,Towers with Radar,0,23,30,0,53,0,7,64,0,71,0,30,94,0,124,84,0,84,208
07/05/2020,BED,MA,ANE,EN,Towers with Radar,0,54,53,2,109,0,6,73,0,79,0,60,126,2,188,82,0,82,270
07/06/2020,BED,MA,ANE,EN,Towers with Radar,0,50,66,1,117,0,4,66,1,71,0,54,132,2,188,186,0,186,374
07/07/2020,BED,MA,ANE,EN,Towers with Radar,1,36,67,0,104,0,12,102,0,114,1,48,169,0,218,146,0,146,364
07/08/2020,BED,MA,ANE,EN,Towers with Radar,1,45,59,0,105,0,4,33,0,37,1,49,92,0,142,82,0,82,224
07/09/2020,BED,MA,ANE,EN,Towers with Radar,2,43,69,2,116,0,11,114,0,125,2,54,183,2,241,224,0,224,465
07/10/2020,BED,MA,ANE,EN,Towers with Radar,0,36,46,0,82,0,3,29,0,32,0,39,75,0,114,66,0,66,180
07/11/2020,BED,MA,ANE,EN,Towers with Radar,0,25,32,0,57,0,5,25,0,30,0,30,57,0,87,66,0,66,153
07/12/2020,BED,MA,ANE,EN,Towers with Radar,0,34,55,0,89,0,1,87,0,88,0,35,142,0,177,96,0,96,273
07/13/2020,BED,MA,ANE,EN,Towers with Radar,0,33,29,0,62,0,4,39,0,43,0,37,68,0,105,72,0,72,177
07/14/2020,BED,MA,ANE,EN,Towers with Radar,0,43,37,0,80,0,14,55,0,69,0,57,92,0,149,132,0,132,281
07/15/2020,BED,MA,ANE,EN,Towers with Radar,0,55,75,1,131,0,5,123,0,128,0,60,198,1,259,278,0,278,537
07/16/2020,BED,MA,ANE,EN,Towers with Radar,0,48,66,2,116,0,14,138,0,152,0,62,204,2,268,146,0,146,414
07/17/2020,BED,MA,ANE,EN,Towers with Radar,0,45,68,0,113,0,7,13,0,20,0,52,81,0,133,110,0,110,243
07/18/2020,BED,MA,ANE,EN,Towers with Radar,0,30,35,0,65,0,7,139,0,146,0,37,174,0,211,172,0,172,383
07/19/2020,BED,MA,ANE,EN,Towers with Radar,0,49,48,0,97,0,5,121,2,128,0,54,169,2,225,182,0,182,407
07/20/2020,BED,MA,ANE,EN,Towers with Radar,0,49,60,0,109,0,11,92,0,103,0,60,152,0,212,210,0,210,422
07/21/2020,BED,MA,ANE,EN,Towers with Radar,0,39,42,0,81,0,9,119,1,129,0,48,161,1,210,146,0,146,356
07/22/2020,BED,MA,ANE,EN,Towers with Radar,0,39,45,0,84,0,12,97,0,109,0,51,142,0,193,206,0,206,399
07/23/2020,BED,MA,ANE,EN,Towers with Radar,0,43,53,0,96,0,2,41,0,43,0,45,94,0,139,72,0,72,211
07/24/2020,BED,MA,ANE,EN,Towers with Radar,0,34,46,0,80,0,11,137,0,148,0,45,183,0,228,126,0,126,354
07/25/2020,BED,MA,ANE,EN,Towers with Radar,0,39,52,2,93,0,4,149,0,153,0,43,201,2,246,206,0,206,452
07/26/2020,BED,MA,ANE,EN,Towers with Radar,2,71,87,0,160,0,10,136,0,146,2,81,223,0,306,138,0,138,444
07/27/2020,BED,MA,ANE,EN,Towers with Radar,0,37,46,0,83,0,8,106,0,114,0,45,152,0,197,162,0,162,359
07/28/2020,BED,MA,ANE,EN,Towers with Radar,0,34,63,2,99,0,4,111,0,115,0,38,174,2,214,204,0,204,418
07/29/2020,BED,MA,ANE,EN,Towers with Radar,0,52,44,0,96,0,8,139,0,147,0,60,183,0,243,196,0,196,439
07/30/2020,BED,MA,ANE,EN,Towers with Radar,2,56,73,0,131,0,1,96,0,97,2,57,169,0,228,128,0,128,356
07/31/2020,BED,MA,ANE,EN,Towers with Radar,0,46,54,0,100,0,12,162,0,174,0,58,216,0,274,138,0,138,412
08/01/2020,BED,MA,ANE,EN,Towers with Radar,0,40,78,0,118,0,7,135,0,142,0,47,213,0,260,190,0,190,450
08/02/2020,BED,MA,ANE,EN,Towers with Radar,0,50,55,0,105,0,3,104,0,107,0,53,159,0,212,22,0,22,234
08/03/2020,BED,MA,ANE,EN,Towers with Radar,0,45,39,2,86,0,11,139,2,152,0,56,178,4,238,268,0,268,506
08/04/2020,BED,MA,ANE,EN,Towers with Radar,0,24,22,0,46,0,2,61,0,63,0,26,83,0,109,232,0,232,341
08/05/2020,BED,MA,ANE,EN,Towers with Radar,0,42,39,0,81,0,11,116,0,127,0,53,155,0,208,234,0,234,442
08/06/2020,BED,MA,ANE,EN,Towers with Radar,0,37,51,3,91,0,7,148,4,159,0,44,199,7,250,174,0,174,424
08/07/2020,BED,MA,ANE,EN,Towers with Radar,0,35,46,1,82,0,8,86,0,94,0,43,132,1,176,152,0,152,328
08/08/2020,BED,MA,ANE,EN,Towers with Radar,0,40,42,0,82,0,12,125,0,137,0,52,167,0,219,190,0,190,409
08/09/2020,BED,MA,ANE,EN,Towers with Radar,1,60,50,0,111,0,10,131,0,141,1,70,181,0,252,168,0,168,420
08/10/2020,BED,MA,ANE,EN,Towers with Radar,0,50,49,0,99,0,9,97,0,106,0,59,146,0,205,160,0,160,365
08/11/2020,BED,MA,ANE,EN,Towers with Radar,0,40,52,0,92,0,18,96,0,114,0,58,148,0,206,56,0,56,262
08/12/2020,BED,MA,ANE,EN,Towers with Radar,1,51,38,0,90,0,5,117,0,122,1,56,155,0,212,164,0,164,376
08/13/2020,BED,MA,ANE,EN,Towers with Radar,3,53,35,0,91,0,4,135,0,139,3,57,170,0,230,162,0,162,392
08/14/2020,BED,MA,ANE,EN,Towers with Radar,0,47,46,0,93,0,10,136,0,146,0,57,182,0,239,156,0,156,395
08/15/2020,BED,MA,ANE,EN,Towers with Radar,0,39,69,0,108,0,4,24,0,28,0,43,93,0,136,48,0,48,184
08/16/2020,BED,MA,ANE,EN,Towers with Radar,0,44,64,0,108,0,0,53,0,53,0,44,117,0,161,232,0,232,393
08/17/2020,BED,MA,ANE,EN,Towers with Radar,0,55,36,0,91,0,8,80,0,88,0,63,116,0,179,228,0,228,407
08/18/2020,BED,MA,ANE,EN,Towers with Radar,0,30,63,0,93,0,8,115,0,123,0,38,178,0,216,214,0,214,430
08/19/2020,BED,MA,ANE,EN,Towers with Radar,0,35,49,0,84,0,5,93,0,98,0,40,142,0,182,126,0,126,308
08/20/2020,BED,MA,ANE,EN,Towers with Radar,1,61,63,0,125,0,12,159,0,171,1,73,222,0,296,218,0,218,514
08/21/2020,BED,MA,ANE,EN,Towers with Radar,0,39,53,0,92,0,16,143,2,161,0,55,196,2,253,106,0,106,359
08/22/2020,BED,MA,ANE,EN,Towers with Radar,0,52,49,0,101,0,6,117,1,124,0,58,166,1,225,150,0,150,375
08/23/2020,BED,MA,ANE,EN,Towers with Radar,0,55,56,0,111,0,7,90,0,97,0,62,146,0,208,92,0,92,300
08/24/2020,BED,MA,ANE,EN,Towers with Radar,0,44,46,1,91,0,12,61,1,74,0,56,107,2,165,100,0,100,265
08/25/2020,BED,MA,ANE,EN,Towers with Radar,1,64,45,0,110,0,17,117,0,134,1,81,162,0,244,180,0,180,424
08/26/2020,BED,MA,ANE,EN,Towers with Radar,2,52,49,2,105,0,16,95,0,111,2,68,144,2,216,74,0,74,290
08/27/2020,BED,MA,ANE,EN,Towers with Radar,0,66,70,0,136,0,6,55,0,61,0,72,125,0,197,94,0,94,291
08/28/2020,BED,MA,ANE,EN,Towers with Radar,2,60,95,4,161,0,8,102,0,110,2,68,197,4,271,170,0,170,441
08/29/2020,BED,MA,ANE,EN,Towers with Radar,1,45,39,0,85,0,0,0,0,0,1,45,39,0,85,0,0,0,85
08/30/2020,BED,MA,ANE,EN,Towers with Radar,0,56,57,0,113,0,17,104,0,121,0,73,161,0,234,88,0,88,322
08/31/2020,BED,MA,ANE,EN,Towers with Radar,0,46,36,0,82,0,17,132,0,149,0,63,168,0,231,160,0,160,391
09/01/2020,BED,MA,ANE,EN,Towers with Radar,0,44,59,4,107,0,10,139,0,149,0,54,198,4,256,250,0,250,506
09/02/2020,BED,MA,ANE,EN,Towers with Radar,0,63,65,0,128,0,1,2,0,3,0,64,67,0,131,0,0,0,131
09/03/2020,BED,MA,ANE,EN,Towers with Radar,0,43,66,0,109,0,10,36,0,46,0,53,102,0,155,70,0,70,225
09/04/2020,BED,MA,ANE,EN,Towers with Radar,0,32,66,1,99,0,16,169,0,185,0,48,235,1,284,136,0,136,420
09/05/2020,BED,MA,ANE,EN,Towers with Radar,0,23,48,2,73,0,10,136,0,146,0,33,184,2,219,160,0,160,379
09/06/2020,BED,MA,ANE,EN,Towers with Radar,2,29,40,0,71,0,7,106,0,113,2,36,146,0,184,206,0,206,390
09/07/2020,BED,MA,ANE,EN,Towers with Radar,0,49,61,0,110,0,6,123,0,129,0,55,184,0,239,110,0,110,349
09/08/2020,BED,MA,ANE,EN,Towers with Radar,2,43,70,1,116,0,1,107,0,108,2,44,177,1,224,166,0,166,390
09/09/2020,BED,MA,ANE,EN,Towers with Radar,0,52,61,0,113,0,6,85,0,91,0,58,146,0,204,136,0,136,340
09/10/2020,BED,MA,ANE,EN,Towers with Radar,0,41,69,2,112,0,0,5,0,5,0,41,74,2,117,28,0,28,145
09/11/2020,BED,MA,ANE,EN,Towers with Radar,1,42,71,0,114,0,8,76,0,84,1,50,147,0,198,164,0,164,362
09/12/2020,BED,MA,ANE,EN,Towers with Radar,2,45,36,0,83,0,11,174,2,187,2,56,210,2,270,214,0,214,484
09/13/2020,BED,MA,ANE,EN,Towers with Radar,1,58,62,0,121,0,9,111,0,120,1,67,173,0,241,256,0,256,497
09/14/2020,BED,MA,ANE,EN,Towers with Radar,0,51,63,0,114,0,10,97,3,110,0,61,160,3,224,111,0,111,335
09/15/2020,BED,MA,ANE,EN,Towers with Radar,3,35,57,3,98,1,3,167,1,172,4,38,224,4,270,256,0,256,526
09/16/2020,BED,MA,ANE,EN,Towers with Radar,2,36,48,1,87,0,17,81,4,102,2,53,129,5,189,106,0,106,295
09/17/2020,BED,MA,ANE,EN,Towers with Radar,0,54,61,2,117,0,11,143,1,155,0,65,204,3,272,176,0,176,448
09/18/2020,BED,MA,ANE,EN,Towers with Radar,0,59,69,0,128,0,6,65,4,75,0,65,134,4,203,172,0,172,375
09/19/2020,BED,MA,ANE,EN,Towers with Radar,0,43,50,0,93,0,6,133,0,139,0,49,183,0,232,134,0,134,366
09/20/2020,BED,MA,ANE,EN,Towers with Radar,2,54,49,0,105,0,18,120,0,138,2,72,169,0,243,166,0,166,409
09/21/2020,BED,MA,ANE,EN,Towers with Radar,0,36,42,1,79,0,7,105,0,112,0,43,147,1,191,221,0,221,412
09/22/2020,BED,MA,ANE,EN,Towers with Radar,0,34,42,1,77,0,5,78,0,83,0,39,120,1,160,60,0,60,220
09/23/2020,BED,MA,ANE,EN,Towers with Radar,2,47,76,0,125,0,11,111,0,122,2,58,187,0,247,74,0,74,321
09/24/2020,BED,MA,ANE,EN,Towers with Radar,0,55,89,2,146,0,10,166,0,176,0,65,255,2,322,142,0,142,464
09/25/2020,BED,MA,ANE,EN,Towers with Radar,1,40,76,3,120,0,10,146,1,157,1,50,222,4,277,168,0,168,445
09/26/2020,BED,MA,ANE,EN,Towers with Radar,0,33,58,1,92,0,5,95,0,100,0,38,153,1,192,94,0,94,286
09/27/2020,BED,MA,ANE,EN,Towers with Radar,2,55,83,0,140,0,8,52,0,60,2,63,135,0,200,140,0,140,340
09/28/2020,BED,MA,ANE,EN,Towers with Radar,4,44,76,4,128,0,5,50,0,55,4,49,126,4,183,112,0,112,295
09/29/2020,BED,MA,ANE,EN,Towers with Radar,1,38,50,0,89,0,12,90,0,102,1,50,140,0,191,120,0,120,311
09/30/2020,BED,MA,ANE,EN,Towers with Radar,0,34,38,2,74,0,6,19,0,25,0,40,57,2,99,6,0,6,105
10/01/2020,BED,MA,ANE,EN,Towers with Radar,0,37,58,0,95,0,8,113,1,122,0,45,171,1,217,138,0,138,355
10/02/2020,BED,MA,ANE,EN,Towers with Radar,1,31,57,2,91,0,10,100,2,112,1,41,157,4,203,176,0,176,379
10/03/2020,BED,MA,ANE,EN,Towers with Radar,2,26,45,0,73,0,11,154,0,165,2,37,199,0,238,222,0,222,460
10/04/2020,BED,MA,ANE,EN,Towers with Radar,4,43,66,0,113,0,16,142,0,158,4,59,208,0,271,242,0,242,513
10/05/2020,BED,MA,ANE,EN,Towers with Radar,0,43,68,3,114,0,2,47,0,49,0,45,115,3,163,100,0,100,263
10/06/2020,BED,MA,ANE,EN,Towers with Radar,0,37,64,3,104,0,6,109,0,115,0,43,173,3,219,207,0,207,426
10/07/2020,BED,MA,ANE,EN,Towers with Radar,0,37,40,0,77,0,1,37,0,38,0,38,77,0,115,50,0,50,165
10/08/2020,BED,MA,ANE,EN,Towers with Radar,0,60,59,1,120,0,27,57,0,84,0,87,116,1,204,26,0,26,230
10/09/2020,BED,MA,ANE,EN,Towers with Radar,0,64,84,0,148,1,8,141,0,150,1,72,225,0,298,148,0,148,446
10/10/2020,BED,MA,ANE,EN,Towers with Radar,2,55,34,0,91,0,6,49,0,55,2,61,83,0,146,38,0,38,184
10/11/2020,BED,MA,ANE,EN,Towers with Radar,1,53,69,0,123,0,10,176,3,189,1,63,245,3,312,216,0,216,528
10/12/2020,BED,MA,ANE,EN,Towers with Radar,0,59,80,0,139,0,6,83,0,89,0,65,163,0,228,230,0,230,458
10/13/2020,BED,MA,ANE,EN,Towers with Radar,0,58,40,5,103,0,0,0,0,0,0,58,40,5,103,0,0,0,103
10/14/2020,BED,MA,ANE,EN,Towers with Radar,1,62,54,3,120,0,8,103,2,113,1,70,157,5,233,196,0,196,429
10/15/2020,BED,MA,ANE,EN,Towers with Radar,0,45,50,4,99,0,7,88,1,96,0,52,138,5,195,44,0,44,239
10/16/2020,BED,MA,ANE,EN,Towers with Radar,0,68,83,2,153,0,0,2,0,2,0,68,85,2,155,0,0,0,155
10/17/2020,BED,MA,ANE,EN,Towers with Radar,2,37,48,0,87,0,12,43,0,55,2,49,91,0,142,54,0,54,196
10/18/2020,BED,MA,ANE,EN,Towers with Radar,0,49,53,0,102,0,15,166,0,181,0,64,219,0,283,228,0,228,511
10/19/2020,BED,MA,ANE,EN,Towers with Radar,2,37,60,2,101,1,4,130,1,136,3,41,190,3,237,236,0,236,473
10/20/2020,BED,MA,ANE,EN,Towers with Radar,0,35,69,2,106,0,0,9,0,9,0,35,78,2,115,28,0,28,143
10/21/2020,BED,MA,ANE,EN,Towers with Radar,0,68,79,0,147,0,2,11,0,13,0,70,90,0,160,22,0,22,182
10/22/2020,BED,MA,ANE,EN,Towers with Radar,1,66,77,0,144,0,4,132,0,136,1,70,209,0,280,173,0,173,453
10/23/2020,BED,MA,ANE,EN,Towers with Radar,2,63,99,4,168,0,4,59,0,63,2,67,158,4,231,166,0,166,397
10/24/2020,BED,MA,ANE,EN,Towers with Radar,1,33,67,0,101,0,7,80,0,87,1,40,147,0,188,212,0,212,400
10/25/2020,BED,MA,ANE,EN,Towers with Radar,3,57,85,0,145,0,8,113,0,121,3,65,198,0,266,126,0,126,392
10/26/2020,BED,MA,ANE,EN,Towers with Radar,0,40,63,2,105,0,0,1,0,1,0,40,64,2,106,0,0,0,106
10/27/2020,BED,MA,ANE,EN,Towers with Radar,0,45,55,0,100,0,3,107,2,112,0,48,162,2,212,158,0,158,370
10/28/2020,BED,MA,ANE,EN,Towers with Radar,1,41,82,0,124,0,0,0,0,0,1,41,82,0,124,0,0,0,124
10/29/2020,BED,MA,ANE,EN,Towers with Radar,1,50,53,2,106,0,1,36,0,37,1,51,89,2,143,112,0,112,255
10/30/2020,BED,MA,ANE,EN,Towers with Radar,0,22,42,2,66,0,1,3,0,4,0,23,45,2,70,0,0,0,70
10/31/2020,BED,MA,ANE,EN,Towers with Radar,0,44,35,0,79,0,15,155,0,170,0,59,190,0,249,206,0,206,455
11/01/2020,BED,MA,ANE,EN,Towers with Radar,1,53,52,0,106,0,0,67,0,67,1,53,119,0,173,118,0,118,291
11/02/2020,BED,MA,ANE,EN,Towers with Radar,0,48,45,0,93,0,7,26,0,33,0,55,71,0,126,24,0,24,150
11/03/2020,BED,MA,ANE,EN,Towers with Radar,0,37,28,0,65,0,14,45,0,59,0,51,73,0,124,46,0,46,170
11/04/2020,BED,MA,ANE,EN,Towers with Radar,0,39,60,0,99,0,9,128,0,137,0,48,188,0,236,138,0,138,374
11/05/2020,BED,MA,ANE,EN,Towers with Radar,0,33,57,0,90,0,16,98,0,114,0,49,155,0,204,126,0,126,330
11/06/2020,BED,MA,ANE,EN,Towers with Radar,0,42,72,0,114,0,3,141,0,144,0,45,213,0,258,92,0,92,350
11/07/2020,BED,MA,ANE,EN,Towers with Radar,2,32,35,0,69,0,10,182,0,192,2,42,217,0,261,184,0,184,445
11/08/2020,BED,MA,ANE,EN,Towers with Radar,2,37,55,0,94,0,10,167,0,177,2,47,222,0,271,190,0,190,461
11/09/2020,BED,MA,ANE,EN,Towers with Radar,0,37,37,0,74,0,8,148,0,156,0,45,185,0,230,170,0,170,400
11/10/2020,BED,MA,ANE,EN,Towers with Radar,0,35,48,0,83,0,15,172,0,187,0,50,220,0,270,208,0,208,478
11/11/2020,BED,MA,ANE,EN,Towers with Radar,0,46,70,0,116,0,1,20,0,21,0,47,90,0,137,38,0,38,175
11/12/2020,BED,MA,ANE,EN,Towers with Radar,0,50,66,2,118,0,6,74,5,85,0,56,140,7,203,124,0,124,327
11/13/2020,BED,MA,ANE,EN,Towers with Radar,0,55,61,0,116,0,0,0,0,0,0,55,61,0,116,0,0,0,116
11/14/2020,BED,MA,ANE,EN,Towers with Radar,0,36,45,0,81,0,23,140,0,163,0,59,185,0,244,218,0,218,462
11/15/2020,BED,MA,ANE,EN,Towers with Radar,0,48,45,0,93,0,6,122,0,128,0,54,167,0,221,232,0,232,453
11/16/2020,BED,MA,ANE,EN,Towers with Radar,0,40,47,0,87,3,16,52,0,71,3,56,99,0,158,40,0,40,198
11/17/2020,BED,MA,ANE,EN,Towers with Radar,0,38,45,1,84,0,4,99,0,103,0,42,144,1,187,138,0,138,325
11/18/2020,BED,MA,ANE,EN,Towers with Radar,0,49,49,1,99,0,8,52,1,61,0,57,101,2,160,56,0,56,216
11/19/2020,BED,MA,ANE,EN,Towers with Radar,0,48,47,3,98,0,14,129,0,143,0,62,176,3,241,92,0,92,333
11/20/2020,BED,MA,ANE,EN,Towers with Radar,1,50,72,1,124,0,10,131,0,141,1,60,203,1,265,116,0,116,381
11/21/2020,BED,MA,ANE,EN,Towers with Radar,0,68,77,0,145,0,7,136,0,143,0,75,213,0,288,126,0,126,414
11/22/2020,BED,MA,ANE,EN,Towers with Radar,0,60,73,0,133,0,11,90,1,102,0,71,163,1,235,184,0,184,419
11/23/2020,BED,MA,ANE,EN,Towers with Radar,2,41,40,2,85,0,6,7,0,13,2,47,47,2,98,12,0,12,110
11/24/2020,BED,MA,ANE,EN,Towers with Radar,0,71,58,4,133,0,15,136,0,151,0,86,194,4,284,136,0,136,420
11/25/2020,BED,MA,ANE,EN,Towers with Radar,0,51,65,0,116,0,8,101,0,109,0,59,166,0,225,250,0,250,475
11/26/2020,BED,MA,ANE,EN,Towers with Radar,0,25,8,0,33,0,0,0,0,0,0,25,8,0,33,0,0,0,33
11/27/2020,BED,MA,ANE,EN,Towers with Radar,2,40,36,0,78,0,9,88,0,97,2,49,124,0,175,136,2,138,313
11/28/2020,BED,MA,ANE,EN,Towers with Radar,3,44,62,0,109,0,10,119,0,129,3,54,181,0,238,200,0,200,438
11/29/2020,BED,MA,ANE,EN,Towers with Radar,3,73,68,0,144,0,4,184,0,188,3,77,252,0,332,122,0,122,454
11/30/2020,BED,MA,ANE,EN,Towers with Radar,0,42,46,0,88,0,3,27,0,30,0,45,73,0,118,50,0,50,168
12/01/2020,BED,MA,ANE,EN,Towers with Radar,0,70,43,0,113,0,2,39,0,41,0,72,82,0,154,70,0,70,224
12/02/2020,BED,MA,ANE,EN,Towers with Radar,0,55,49,0,104,0,12,78,0,90,0,67,127,0,194,98,0,98,292
12/03/2020,BED,MA,ANE,EN,Towers with Radar,0,35,45,0,80,0,5,102,0,107,0,40,147,0,187,124,0,124,311
12/04/2020,BED,MA,ANE,EN,Towers with Radar,0,49,53,0,102,0,7,97,0,104,0,56,150,0,206,124,0,124,330
12/05/2020,BED,MA,ANE,EN,Towers with Radar,2,27,11,0,40,0,0,0,0,0,2,27,11,0,40,0,0,0,40
12/06/2020,BED,MA,ANE,EN,Towers with Radar,2,70,55,1,128,0,4,47,0,51,2,74,102,1,179,62,0,62,241
12/07/2020,BED,MA,ANE,EN,Towers with Radar,0,46,45,3,94,1,2,108,0,111,1,48,153,3,205,170,0,170,375
12/08/2020,BED,MA,ANE,EN,Towers with Radar,2,34,35,0,71,0,8,63,0,71,2,42,98,0,142,166,0,166,308
12/09/2020,BED,MA,ANE,EN,Towers with Radar,0,38,48,1,87,0,4,72,0,76,0,42,120,1,163,94,0,94,257
12/10/2020,BED,MA,ANE,EN,Towers with Radar,0,36,52,1,89,0,14,107,0,121,0,50,159,1,210,126,0,126,336
12/11/2020,BED,MA,ANE,EN,Towers with Radar,1,36,50,0,87,0,11,142,0,153,1,47,192,0,240,183,0,183,423
12/12/2020,BED,MA,ANE,EN,Towers with Radar,2,25,36,0,63,0,0,0,0,0,2,25,36,0,63,0,0,0,63
12/13/2020,BED,MA,ANE,EN,Towers with Radar,1,54,68,0,123,0,6,147,0,153,1,60,215,0,276,170,0,170,446
12/14/2020,BED,MA,ANE,EN,Towers with Radar,2,59,40,0,101,0,2,4,0,6,2,61,44,0,107,0,0,0,107
12/15/2020,BED,MA,ANE,EN,Towers with Radar,2,60,45,3,110,0,9,99,0,108,2,69,144,3,218,112,0,112,330
12/16/2020,BED,MA,ANE,EN,Towers with Radar,1,59,42,0,102,0,10,101,0,111,1,69,143,0,213,148,0,148,361
12/17/2020,BED,MA,ANE,EN,Towers with Radar,0,21,24,0,45,0,5,0,0,5,0,26,24,0,50,0,0,0,50
12/18/2020,BED,MA,ANE,EN,Towers with Radar,1,83,93,0,177,0,9,67,0,76,1,92,160,0,253,120,0,120,373
12/19/2020,BED,MA,ANE,EN,Towers with Radar,1,51,96,0,148,0,11,114,0,125,1,62,210,0,273,94,0,94,367
12/20/2020,BED,MA,ANE,EN,Towers with Radar,0,61,62,0,123,0,2,71,0,73,0,63,133,0,196,153,0,153,349
12/21/2020,BED,MA,ANE,EN,Towers with Radar,0,50,48,0,98,0,0,1,0,1,0,50,49,0,99,0,0,0,99
12/22/2020,BED,MA,ANE,EN,Towers with Radar,0,63,75,0,138,0,10,108,0,118,0,73,183,0,256,142,0,142,398
12/23/2020,BED,MA,ANE,EN,Towers with Radar,0,60,61,0,121,0,12,171,0,183,0,72,232,0,304,216,0,216,520
12/24/2020,BED,MA,ANE,EN,Towers with Radar,1,24,32,0,57,0,3,40,0,43,1,27,72,0,100,34,0,34,134
12/25/2020,BED,MA,ANE,EN,Towers with Radar,1,24,10,0,35,0,0,0,0,0,1,24,10,0,35,0,0,0,35
12/26/2020,BED,MA,ANE,EN,Towers with Radar,2,90,106,0,198,0,13,73,0,86,2,103,179,0,284,52,0,52,336
12/27/2020,BED,MA,ANE,EN,Towers with Radar,0,64,81,0,145,0,3,165,0,168,0,67,246,0,313,138,0,138,451
12/28/2020,BED,MA,ANE,EN,Towers with Radar,0,55,47,0,102,0,5,55,0,60,0,60,102,0,162,128,0,128,290
12/29/2020,BED,MA,ANE,EN,Towers with Radar,0,54,51,2,107,0,10,43,0,53,0,64,94,2,160,18,0,18,178
12/30/2020,BED,MA,ANE,EN,Towers with Radar,2,54,53,2,111,0,5,121,0,126,2,59,174,2,237,166,0,166,403
12/31/2020,BED,MA,ANE,EN,Towers with Radar,1,43,44,0,88,0,3,53,0,56,1,46,97,0,144,90,0,90,234
01/01/2021,BED,MA,ANE,EN,Towers with Radar,1,31,53,0,85,0,2,69,0,71,1,33,122,0,156,48,0,48,204
01/02/2021,BED,MA,ANE,EN,Towers with Radar,3,73,76,0,152,0,4,12,0,16,3,77,88,0,168,44,0,44,212
01/03/2021,BED,MA,ANE,EN,Towers with Radar,6,84,74,0,164,0,1,19,0,20,6,85,93,0,184,104,0,104,288
01/04/2021,BED,MA,ANE,EN,Towers with Radar,0,46,58,0,104,0,5,40,0,45,0,51,98,0,149,122,0,122,271
01/05/2021,BED,MA,ANE,EN,Towers with Radar,2,52,40,0,94,0,0,1,0,1,2,52,41,0,95,0,0,0,95
01/06/2021,BED,MA,ANE,EN,Towers with Radar,1,39,59,2,101,0,10,106,1,117,1,49,165,3,218,146,0,146,364
01/07/2021,BED,MA,ANE,EN,Towers with Radar,0,46,41,0,87,0,5,134,0,139,0,51,175,0,226,163,0,163,389
01/08/2021,BED,MA,ANE,EN,Towers with Radar,3,40,36,0,79,0,8,113,0,121,3,48,149,0,200,124,0,124,324
01/09/2021,BED,MA,ANE,EN,Towers with Radar,1,43,50,0,94,0,4,118,0,122,1,47,168,0,216,170,0,170,386
01/10/2021,BED,MA,ANE,EN,Towers with Radar,1,52,52,0,105,0,11,141,0,152,1,63,193,0,257,118,0,118,375
01/11/2021,BED,MA,ANE,EN,Towers with Radar,2,24,32,0,58,0,7,68,0,75,2,31,100,0,133,156,0,156,289
01/12/2021,BED,MA,ANE,EN,Towers with Radar,3,38,26,0,67,0,8,84,0,92,3,46,110,0,159,126,0,126,285
01/13/2021,BED,MA,ANE,EN,Towers with Radar,3,42,48,0,93,0,0,89,1,90,3,42,137,1,183,108,0,108,291
01/14/2021,BED,MA,ANE,EN,Towers with Radar,1,52,52,0,105,0,2,11,0,13,1,54,63,0,118,34,0,34,152
01/15/2021,BED,MA,ANE,EN,Towers with Radar,0,53,48,1,102,0,2,47,5,54,0,55,95,6,156,156,0,156,312
01/16/2021,BED,MA,ANE,EN,Towers with Radar,0,33,39,3,75,0,5,0,0,5,0,38,39,3,80,0,0,0,80
01/17/2021,BED,MA,ANE,EN,Towers with Radar,0,39,36,0,75,0,13,15,0,28,0,52,51,0,103,0,0,0,103
01/18/2021,BED,MA,ANE,EN,Towers with Radar,4,42,66,1,113,0,5,79,0,84,4,47,145,1,197,94,0,94,291
01/19/2021,BED,MA,ANE,EN,Towers with Radar,3,32,39,1,75,0,3,74,0,77,3,35,113,1,152,104,0,104,256
01/20/2021,BED,MA,ANE,EN,Towers with Radar,0,43,45,0,88,0,14,71,0,85,0,57,116,0,173,94,0,94,267
01/21/2021,BED,MA,ANE,EN,Towers with Radar,0,42,48,2,92,0,4,58,1,63,0,46,106,3,155,56,0,56,211
01/22/2021,BED,MA,ANE,EN,Towers with Radar,0,54,44,0,98,0,4,92,0,96,0,58,136,0,194,166,0,166,360
01/23/2021,BED,MA,ANE,EN,Towers with Radar,0,38,35,0,73,0,5,54,0,59,0,43,89,0,132,66,0,66,198
01/24/2021,BED,MA,ANE,EN,Towers with Radar,0,48,53,2,103,0,5,8,0,13,0,53,61,2,116,1,0,1,117
01/25/2021,BED,MA,ANE,EN,Towers with Radar,0,36,42,0,78,0,2,95,0,97,0,38,137,0,175,152,0,152,327
01/26/2021,BED,MA,ANE,EN,Towers with Radar,2,34,36,0,72,0,0,62,0,62,2,34,98,0,134,154,0,154,288
01/27/2021,BED,MA,ANE,EN,Towers with Radar,0,38,32,2,72,0,0,2,0,2,0,38,34,2,74,0,0,0,74
01/28/2021,BED,MA,ANE,EN,Towers with Radar,2,38,27,0,67,0,2,8,0,10,2,40,35,0,77,12,0,12,89
01/29/2021,BED,MA,ANE,EN,Towers with Radar,1,42,47,0,90,0,1,8,0,9,1,43,55,0,99,4,0,4,103
01/30/2021,BED,MA,ANE,EN,Towers with Radar,0,45,38,0,83,0,3,91,0,94,0,48,129,0,177,100,0,100,277
01/31/2021,BED,MA,ANE,EN,Towers with Radar,2,49,66,0,117,0,8,128,0,136,2,57,194,0,253,168,0,168,421
02/01/2021,BED,MA,ANE,EN,Towers with Radar,1,20,16,0,37,0,0,2,0,2,1,20,18,0,39,0,0,0,39
02/02/2021,BED,MA,ANE,EN,Towers with Radar,2,18,14,0,34,0,0,0,0,0,2,18,14,0,34,0,0,0,34
02/03/2021,BED,MA,ANE,EN,Towers with Radar,5,56,31,0,92,0,14,15,0,29,5,70,46,0,121,54,0,54,175
02/04/2021,BED,MA,ANE,EN,Towers with Radar,0,39,41,0,80,0,4,117,0,121,0,43,158,0,201,166,0,166,367
02/05/2021,BED,MA,ANE,EN,Towers with Radar,1,36,36,0,73,0,0,5,0,5,1,36,41,0,78,22,0,22,100
02/06/2021,BED,MA,ANE,EN,Towers with Radar,1,48,52,0,101,0,10,94,0,104,1,58,146,0,205,86,0,86,291
02/07/2021,BED,MA,ANE,EN,Towers with Radar,0,22,20,0,42,0,2,0,0,2,0,24,20,0,44,0,0,0,44
02/08/2021,BED,MA,ANE,EN,Towers with Radar,0,46,40,2,88,0,7,63,0,70,0,53,103,2,158,112,0,112,270
02/09/2021,BED,MA,ANE,EN,Towers with Radar,5,29,17,0,51,0,0,0,0,0,5,29,17,0,51,0,0,0,51
02/10/2021,BED,MA,ANE,EN,Towers with Radar,3,53,58,0,114,0,8,68,0,76,3,61,126,0,190,124,0,124,314
02/11/2021,BED,MA,ANE,EN,Towers with Radar,1,61,53,2,117,0,15,98,0,113,1,76,151,2,230,136,0,136,366
02/12/2021,BED,MA,ANE,EN,Towers with Radar,0,66,74,0,140,0,15,104,0,119,0,81,178,0,259,126,0,126,385
02/13/2021,BED,MA,ANE,EN,Towers with Radar,2,65,65,0,132,0,7,178,0,185,2,72,243,0,317,162,0,162,479
02/14/2021,BED,MA,ANE,EN,Towers with Radar,2,55,33,0,90,0,10,10,0,20,2,65,43,0,110,46,0,46,156
02/15/2021,BED,MA,ANE,EN,Towers with Radar,0,54,41,0,95,0,2,4,0,6,0,56,45,0,101,8,0,8,109
02/16/2021,BED,MA,ANE,EN,Towers with Radar,2,53,37,0,92,0,0,0,0,0,2,53,37,0,92,0,0,0,92
02/17/2021,BED,MA,ANE,EN,Towers with Radar,0,49,45,0,94,0,5,96,0,101,0,54,141,0,195,100,0,100,295
02/18/2021,BED,MA,ANE,EN,Towers with Radar,0,40,19,0,59,0,3,45,0,48,0,43,64,0,107,98,0,98,205
02/19/2021,BED,MA,ANE,EN,Towers with Radar,1,34,25,0,60,0,0,0,0,0,1,34,25,0,60,0,0,0,60
02/20/2021,BED,MA,ANE,EN,Towers with Radar,5,54,56,0,115,0,4,63,0,67,5,58,119,0,182,158,0,158,340
02/21/2021,BED,MA,ANE,EN,Towers with Radar,0,55,71,4,130,0,7,149,0,156,0,62,220,4,286,124,0,124,410
02/22/2021,BED,MA,ANE,EN,Towers with Radar,2,35,29,1,67,0,7,8,1,16,2,42,37,2,83,6,0,6,89
02/23/2021,BED,MA,ANE,EN,Towers with Radar,2,39,60,1,102,0,14,74,1,89,2,53,134,2,191,100,14,114,305
02/24/2021,BED,MA,ANE,EN,Towers with Radar,1,42,49,0,92,0,18,113,0,131,1,60,162,0,223,126,0,126,349
02/25/2021,BED,MA,ANE,EN,Towers with Radar,0,44,42,2,88,0,4,15,0,19,0,48,57,2,107,16,0,16,123
02/26/2021,BED,MA,ANE,EN,Towers with Radar,0,52,63,0,115,0,6,152,1,159,0,58,215,1,274,170,0,170,444
02/27/2021,BED,MA,ANE,EN,Towers with Radar,0,41,33,2,76,0,0,0,0,0,0,41,33,2,76,0,0,0,76
02/28/2021,BED,MA,ANE,EN,Towers with Radar,2,71,62,0,135,0,10,133,0,143,2,81,195,0,278,234,0,234,512
03/01/2021,BED,MA,ANE,EN,Towers with Radar,0,49,39,0,88,0,2,3,0,5,0,51,42,0,93,0,0,0,93
03/02/2021,BED,MA,ANE,EN,Towers with Radar,0,38,26,0,64,0,0,5,0,5,0,38,31,0,69,0,0,0,69
03/03/2021,BED,MA,ANE,EN,Towers with Radar,0,64,65,2,131,0,24,123,0,147,0,88,188,2,278,194,0,194,472
03/04/2021,BED,MA,ANE,EN,Towers with Radar,0,59,42,4,105,0,18,62,0,80,0,77,104,4,185,92,0,92,277
03/05/2021,BED,MA,ANE,EN,Towers with Radar,0,62,53,0,115,0,17,44,0,61,0,79,97,0,176,30,0,30,206
03/06/2021,BED,MA,ANE,EN,Towers with Radar,0,41,67,1,109,0,11,125,0,136,0,52,192,1,245,184,0,184,429
03/07/2021,BED,MA,ANE,EN,Towers with Radar,0,49,78,2,129,0,12,144,3,159,0,61,222,5,288,162,1,163,451
03/08/2021,BED,MA,ANE,EN,Towers with Radar,1,40,46,0,87,0,12,95,0,107,1,52,141,0,194,140,0,140,334
03/09/2021,BED,MA,ANE,EN,Towers with Radar,2,55,30,0,87,0,9,82,0,91,2,64,112,0,178,120,0,120,298
03/10/2021,BED,MA,ANE,EN,Towers with Radar,1,56,58,2,117,0,6,124,0,130,1,62,182,2,247,148,0,148,395
03/11/2021,BED,MA,ANE,EN,Towers with Radar,0,67,40,3,110,0,8,85,0,93,0,75,125,3,203,180,0,180,383
03/12/2021,BED,MA,ANE,EN,Towers with Radar,1,80,94,0,175,0,11,47,0,58,1,91,141,0,233,14,0,14,247
03/13/2021,BED,MA,ANE,EN,Towers with Radar,1,77,81,1,160,0,10,59,0,69,1,87,140,1,229,24,0,24,253
03/14/2021,BED,MA,ANE,EN,Towers with Radar,1,76,61,1,139,0,5,30,0,35,1,81,91,1,174,20,0,20,194
03/15/2021,BED,MA,ANE,EN,Towers with Radar,2,56,31,0,89,0,2,19,0,21,2,58,50,0,110,2,0,2,112
03/16/2021,BED,MA,ANE,EN,Towers with Radar,1,49,65,2,117,0,9,112,0,121,1,58,177,2,238,222,0,222,460
03/17/2021,BED,MA,ANE,EN,Towers with Radar,0,49,57,0,106,0,16,124,0,140,0,65,181,0,246,184,0,184,430
03/18/2021,BED,MA,ANE,EN,Towers with Radar,0,60,57,2,119,0,2,6,0,8,0,62,63,2,127,42,0,42,169
03/19/2021,BED,MA,ANE,EN,Towers with Radar,2,52,52,1,107,1,11,42,0,54,3,63,94,1,161,6,0,6,167
03/20/2021,BED,MA,ANE,EN,Towers with Radar,0,48,76,0,124,0,3,209,0,212,0,51,285,0,336,170,0,170,506
03/21/2021,BED,MA,ANE,EN,Towers with Radar,2,63,93,2,160,0,9,156,0,165,2,72,249,2,325,204,0,204,529
03/22/2021,BED,MA,ANE,EN,Towers with Radar,0,62,55,4,121,1,10,115,0,126,1,72,170,4,247,186,0,186,433
03/23/2021,BED,MA,ANE,EN,Towers with Radar,0,34,62,5,101,0,20,123,0,143,0,54,185,5,244,218,0,218,462
03/24/2021,BED,MA,ANE,EN,Towers with Radar,2,74,69,0,145,0,10,126,0,136,2,84,195,0,281,144,0,144,425
03/25/2021,BED,MA,ANE,EN,Towers with Radar,0,62,93,2,157,0,4,21,0,25,0,66,114,2,182,38,0,38,220
03/26/2021,BED,MA,ANE,EN,Towers with Radar,0,78,64,2,144,0,2,0,0,2,0,80,64,2,146,0,0,0,146
03/27/2021,BED,MA,ANE,EN,Towers with Radar,1,85,78,0,164,0,8,185,0,193,1,93,263,0,357,280,0,280,637
03/28/2021,BED,MA,ANE,EN,Towers with Radar,3,81,55,0,139,0,0,0,0,0,3,81,55,0,139,0,0,0,139
03/29/2021,BED,MA,ANE,EN,Towers with Radar,0,59,48,0,107,0,12,6,0,18,0,71,54,0,125,0,0,0,125
03/30/2021,BED,MA,ANE,EN,Towers with Radar,5,70,53,0,128,0,19,137,0,156,5,89,190,0,284,138,0,138,422
03/31/2021,BED,MA,ANE,EN,Towers with Radar,0,80,63,0,143,0,7,27,1,35,0,87,90,1,178,32,0,32,210
04/01/2021,BED,MA,ANE,EN,Towers with Radar,0,57,46,0,103,0,8,9,0,17,0,65,55,0,120,20,0,20,140
04/02/2021,BED,MA,ANE,EN,Towers with Radar,1,50,65,2,118,0,10,115,0,125,1,60,180,2,243,134,0,134,377
04/03/2021,BED,MA,ANE,EN,Towers with Radar,1,39,59,0,99,0,15,149,0,164,1,54,208,0,263,198,0,198,461
04/04/2021,BED,MA,ANE,EN,Towers with Radar,0,65,39,0,104,0,6,94,0,100,0,71,133,0,204,132,0,132,336
04/05/2021,BED,MA,ANE,EN,Towers with Radar,1,56,59,1,117,0,8,24,0,32,1,64,83,1,149,4,0,4,153
04/06/2021,BED,MA,ANE,EN,Towers with Radar,2,50,58,0,110,0,20,106,1,127,2,70,164,1,237,150,0,150,387
04/07/2021,BED,MA,ANE,EN,Towers with Radar,0,73,49,0,122,0,14,110,0,124,0,87,159,0,246,174,0,174,420
04/08/2021,BED,MA,ANE,EN,Towers with Radar,0,51,65,0,116,0,9,121,0,130,0,60,186,0,246,180,0,180,426
04/09/2021,BED,MA,ANE,EN,Towers with Radar,0,53,73,1,127,0,11,150,1,162,0,64,223,2,289,164,0,164,453
04/10/2021,BED,MA,ANE,EN,Towers with Radar,3,36,62,0,101,0,9,161,0,170,3,45,223,0,271,196,0,196,467
04/11/2021,BED,MA,ANE,EN,Towers with Radar,0,50,89,1,140,0,0,0,0,0,0,50,89,1,140,2,0,2,142
04/12/2021,BED,MA,ANE,EN,Towers with Radar,0,49,48,1,98,0,11,3,0,14,0,60,51,1,112,14,0,14,126
04/13/2021,BED,MA,ANE,EN,Towers with Radar,2,46,54,0,102,0,15,92,0,107,2,61,146,0,209,190,0,190,399
04/14/2021,BED,MA,ANE,EN,Towers with Radar,0,44,55,2,101,0,20,139,0,159,0,64,194,2,260,184,0,184,444
04/15/2021,BED,MA,ANE,EN,Towers with Radar,0,56,73,2,131,0,14,58,0,72,0,70,131,2,203,118,0,118,321
04/16/2021,BED,MA,ANE,EN,Towers with Radar,2,63,67,1,133,0,0,0,0,0,2,63,67,1,133,0,0,0,133
04/17/2021,BED,MA,ANE,EN,Towers with Radar,2,79,72,0,153,0,4,28,0,32,2,83,100,0,185,118,0,118,303
04/18/2021,BED,MA,ANE,EN,Towers with Radar,2,62,68,0,132,0,8,152,0,160,2,70,220,0,292,114,0,114,406
04/19/2021,BED,MA,ANE,EN,Towers with Radar,1,54,52,0,107,0,8,124,0,132,1,62,176,0,239,276,0,276,515
04/20/2021,BED,MA,ANE,EN,Towers with Radar,2,61,48,0,111,0,16,104,1,121,2,77,152,1,232,90,0,90,322
04/21/2021,BED,MA,ANE,EN,Towers with Radar,0,50,40,0,90,0,6,23,0,29,0,56,63,0,119,4,0,4,123
04/22/2021,BED,MA,ANE,EN,Towers with Radar,0,62,38,3,103,0,7,20,0,27,0,69,58,3,130,0,0,0,130
04/23/2021,BED,MA,ANE,EN,Towers with Radar,0,64,61,0,125,0,16,31,0,47,0,80,92,0,172,0,0,0,172
04/24/2021,BED,MA,ANE,EN,Towers with Radar,3,63,68,0,134,0,5,146,0,151,3,68,214,0,285,120,0,120,405
04/25/2021,BED,MA,ANE,EN,Towers with Radar,2,65,66,2,135,0,2,11,0,13,2,67,77,2,148,2,0,2,150
04/26/2021,BED,MA,ANE,EN,Towers with Radar,0,52,43,0,95,0,11,38,0,49,0,63,81,0,144,22,0,22,166
04/27/2021,BED,MA,ANE,EN,Towers with Radar,2,69,72,0,143,0,14,132,0,146,2,83,204,0,289,163,0,163,452
04/28/2021,BED,MA,ANE,EN,Towers with Radar,2,54,65,0,121,0,3,82,0,85,2,57,147,0,206,180,4,184,390
04/29/2021,BED,MA,ANE,EN,Towers with Radar,0,52,98,0,150,0,0,0,0,0,0,52,98,0,150,0,0,0,150
04/30/2021,BED,MA,ANE,EN,Towers with Radar,0,73,66,1,140,0,18,24,0,42,0,91,90,1,182,10,0,10,192
05/01/2021,BED,MA,ANE,EN,Towers with Radar,1,67,64,0,132,0,11,113,0,124,1,78,177,0,256,78,0,78,334
05/02/2021,BED,MA,ANE,EN,Towers with Radar,2,63,87,0,152,0,12,108,0,120,2,75,195,0,272,52,0,52,324
05/03/2021,BED,MA,ANE,EN,Towers with Radar,1,51,75,0,127,0,7,107,0,114,1,58,182,0,241,102,0,102,343
05/04/2021,BED,MA,ANE,EN,Towers with Radar,1,47,83,2,133,0,2,8,0,10,1,49,91,2,143,12,0,12,155
05/05/2021,BED,MA,ANE,EN,Towers with Radar,0,67,71,1,139,0,0,0,0,0,0,67,71,1,139,0,0,0,139
05/06/2021,BED,MA,ANE,EN,Towers with Radar,0,59,92,0,151,0,3,88,0,91,0,62,180,0,242,84,0,84,326
05/07/2021,BED,MA,ANE,EN,Towers with Radar,2,63,69,0,134,0,12,135,0,147,2,75,204,0,281,94,0,94,375
05/08/2021,BED,MA,ANE,EN,Towers with Radar,1,59,53,0,113,0,13,140,0,153,1,72,193,0,266,160,0,160,426
05/09/2021,BED,MA,ANE,EN,Towers with Radar,1,58,75,0,134,0,3,126,0,129,1,61,201,0,263,62,0,62,325
05/10/2021,BED,MA,ANE,EN,Towers with Radar,0,38,86,4,128,0,7,62,1,70,0,45,148,5,198,218,0,218,416
05/11/2021,BED,MA,ANE,EN,Towers with Radar,3,66,58,4,131,0,13,69,0,82,3,79,127,4,213,20,0,20,233
05/12/2021,BED,MA,ANE,EN,Towers with Radar,1,60,62,3,126,0,10,133,0,143,1,70,195,3,269,96,0,96,365
05/13/2021,BED,MA,ANE,EN,Towers with Radar,1,76,72,2,151,0,23,172,1,196,1,99,244,3,347,290,0,290,637
05/14/2021,BED,MA,ANE,EN,Towers with Radar,2,65,77,4,148,0,21,171,0,192,2,86,248,4,340,244,0,244,584
05/15/2021,BED,MA,ANE,EN,Towers with Radar,0,50,54,0,104,0,5,166,0,171,0,55,220,0,275,268,0,268,543
05/16/2021,BED,MA,ANE,EN,Towers with Radar,3,66,61,0,130,0,19,97,0,116,3,85,158,0,246,116,0,116,362
05/17/2021,BED,MA,ANE,EN,Towers with Radar,1,66,67,0,134,0,19,108,0,127,1,85,175,0,261,179,0,179,440
05/18/2021,BED,MA,ANE,EN,Towers with Radar,0,54,70,0,124,0,13,117,0,130,0,67,187,0,254,151,0,151,405
05/19/2021,BED,MA,ANE,EN,Towers with Radar,0,47,61,0,108,0,10,157,0,167,0,57,218,0,275,256,0,256,531
05/20/2021,BED,MA,ANE,EN,Towers with Radar,2,41,68,1,112,0,12,142,0,154,2,53,210,1,266,252,0,252,518
05/21/2021,BED,MA,ANE,EN,Towers with Radar,2,67,80,3,152,0,13,144,0,157,2,80,224,3,309,172,0,172,481
05/22/2021,BED,MA,ANE,EN,Towers with Radar,4,56,50,3,113,0,7,130,0,137,4,63,180,3,250,274,0,274,524
05/23/2021,BED,MA,ANE,EN,Towers with Radar,0,70,75,1,146,0,9,111,0,120,0,79,186,1,266,152,0,152,418
05/24/2021,BED,MA,ANE,EN,Towers with Radar,0,41,73,2,116,0,15,154,1,170,0,56,227,3,286,182,0,182,468
05/25/2021,BED,MA,ANE,EN,Towers with Radar,2,61,76,1,140,0,13,108,2,123,2,74,184,3,263,96,0,96,359
05/26/2021,BED,MA,ANE,EN,Towers with Radar,0,69,77,1,147,0,13,100,0,113,0,82,177,1,260,110,0,110,370
05/27/2021,BED,MA,ANE,EN,Towers with Radar,0,72,79,0,151,0,34,139,0,173,0,106,218,0,324,156,0,156,480
05/28/2021,BED,MA,ANE,EN,Towers with Radar,2,85,89,0,176,0,26,131,0,157,2,111,220,0,333,138,0,138,471
05/29/2021,BED,MA,ANE,EN,Towers with Radar,2,42,44,0,88,0,2,0,0,2,2,44,44,0,90,0,0,0,90
05/30/2021,BED,MA,ANE,EN,Towers with Radar,0,48,25,0,73,0,0,0,0,0,0,48,25,0,73,0,0,0,73
05/31/2021,BED,MA,ANE,EN,Towers with Radar,2,96,105,0,203,0,13,25,0,38,2,109,130,0,241,18,0,18,259
06/01/2021,BED,MA,ANE,EN,Towers with Radar,0,58,66,2,126,0,13,169,0,182,0,71,235,2,308,250,0,250,558
06/02/2021,BED,MA,ANE,EN,Towers with Radar,2,65,58,4,129,1,17,181,0,199,3,82,239,4,328,258,0,258,586
06/03/2021,BED,MA,ANE,EN,Towers with Radar,0,71,96,0,167,0,8,25,0,33,0,79,121,0,200,54,0,54,254
06/04/2021,BED,MA,ANE,EN,Towers with Radar,1,53,69,1,124,0,8,52,0,60,1,61,121,1,184,162,0,162,346
06/05/2021,BED,MA,ANE,EN,Towers with Radar,0,48,49,0,97,0,13,156,4,173,0,61,205,4,270,236,0,236,506
06/06/2021,BED,MA,ANE,EN,Towers with Radar,0,66,83,2,151,0,16,188,1,205,0,82,271,3,356,204,0,204,560
06/07/2021,BED,MA,ANE,EN,Towers with Radar,0,40,62,1,103,0,17,150,1,168,0,57,212,2,271,164,0,164,435
06/08/2021,BED,MA,ANE,EN,Towers with Radar,3,66,63,3,135,0,19,101,2,122,3,85,164,5,257,110,0,110,367
06/09/2021,BED,MA,ANE,EN,Towers with Radar,0,67,82,0,149,0,13,120,0,133,0,80,202,0,282,236,0,236,518
06/10/2021,BED,MA,ANE,EN,Towers with Radar,3,73,93,2,171,0,16,191,0,207,3,89,284,2,378,222,0,222,600
06/11/2021,BED,MA,ANE,EN,Towers with Radar,0,60,88,0,148,0,10,164,0,174,0,70,252,0,322,154,0,154,476
06/12/2021,BED,MA,ANE,EN,Towers with Radar,0,50,75,0,125,0,13,69,0,82,0,63,144,0,207,198,0,198,405
06/13/2021,BED,MA,ANE,EN,Towers with Radar,0,69,74,1,144,0,12,182,0,194,0,81,256,1,338,200,0,200,538
06/14/2021,BED,MA,ANE,EN,Towers with Radar,0,71,70,3,144,0,1,7,0,8,0,72,77,3,152,6,0,6,158
06/15/2021,BED,MA,ANE,EN,Towers with Radar,2,83,104,3,192,0,5,24,0,29,2,88,128,3,221,58,0,58,279
06/16/2021,BED,MA,ANE,EN,Towers with Radar,0,53,96,3,152,0,21,180,1,202,0,74,276,4,354,124,0,124,478
06/17/2021,BED,MA,ANE,EN,Towers with Radar,2,70,83,3,158,0,20,213,1,234,2,90,296,4,392,268,0,268,660
06/18/2021,BED,MA,ANE,EN,Towers with Radar,2,89,87,4,182,0,18,163,0,181,2,107,250,4,363,180,0,180,543
06/19/2021,BED,MA,ANE,EN,Towers with Radar,0,59,61,0,120,0,22,135,0,157,0,81,196,0,277,122,0,122,399
06/20/2021,BED,MA,ANE,EN,Towers with Radar,0,85,55,2,142,0,42,151,0,193,0,127,206,2,335,160,0,160,495
06/21/2021,BED,MA,ANE,EN,Towers with Radar,0,67,77,2,146,0,13,80,0,93,0,80,157,2,239,66,0,66,305
06/22/2021,BED,MA,ANE,EN,Towers with Radar,0,61,64,2,127,0,11,57,0,68,0,72,121,2,195,100,0,100,295
06/23/2021,BED,MA,ANE,EN,Towers with Radar,3,61,97,7,168,0,19,212,3,234,3,80,309,10,402,248,0,248,650
06/24/2021,BED,MA,ANE,EN,Towers with Radar,0,68,94,1,163,0,19,217,0,236,0,87,311,1,399,184,0,184,583
06/25/2021,BED,MA,ANE,EN,Towers with Radar,0,80,90,0,170,0,8,4,0,12,0,88,94,0,182,0,0,0,182
06/26/2021,BED,MA,ANE,EN,Towers with Radar,2,65,68,0,135,0,7,76,0,83,2,72,144,0,218,182,0,182,400
06/27/2021,BED,MA,ANE,EN,Towers with Radar,2,88,76,0,166,0,10,138,0,148,2,98,214,0,314,180,0,180,494
06/28/2021,BED,MA,ANE,EN,Towers with Radar,0,52,64,1,117,0,11,113,1,125,0,63,177,2,242,118,0,118,360
06/29/2021,BED,MA,ANE,EN,Towers with Radar,2,53,59,2,116,0,16,156,5,177,2,69,215,7,293,106,0,106,399
06/30/2021,BED,MA,ANE,EN,Towers with Radar,0,60,67,1,128,0,20,84,4,108,0,80,151,5,236,126,0,126,362
07/01/2021,BED,MA,ANE,EN,Towers with Radar,1,74,65,2,142,0,38,116,0,154,1,112,181,2,296,152,0,152,448
07/02/2021,BED,MA,ANE,EN,Towers with Radar,1,74,78,0,153,0,0,0,0,0,1,74,78,0,153,0,0,0,153
07/03/2021,BED,MA,ANE,EN,Towers with Radar,1,52,46,2,101,0,0,0,0,0,1,52,46,2,101,0,0,0,101
07/04/2021,BED,MA,ANE,EN,Towers with Radar,0,27,55,0,82,0,6,12,0,18,0,33,67,0,100,8,0,8,108
07/05/2021,BED,MA,ANE,EN,Towers with Radar,1,71,89,0,161,0,10,125,0,135,1,81,214,0,296,276,0,276,572
07/06/2021,BED,MA,ANE,EN,Towers with Radar,9,59,55,0,123,0,11,70,0,81,9,70,125,0,204,120,0,120,324
07/07/2021,BED,MA,ANE,EN,Towers with Radar,0,49,65,4,118,0,9,121,0,130,0,58,186,4,248,152,0,152,400
07/08/2021,BED,MA,ANE,EN,Towers with Radar,2,76,70,0,148,0,6,14,0,20,2,82,84,0,168,86,0,86,254
07/09/2021,BED,MA,ANE,EN,Towers with Radar,1,54,37,0,92,0,6,1,0,7,1,60,38,0,99,0,0,0,99
07/10/2021,BED,MA,ANE,EN,Towers with Radar,7,70,90,0,167,0,16,80,0,96,7,86,170,0,263,238,0,238,501
07/11/2021,BED,MA,ANE,EN,Towers with Radar,0,64,94,2,160,0,11,121,0,132,0,75,215,2,292,176,0,176,468
07/12/2021,BED,MA,ANE,EN,Towers with Radar,0,75,82,0,157,0,0,0,0,0,0,75,82,0,157,0,0,0,157
07/13/2021,BED,MA,ANE,EN,Towers with Radar,2,60,111,0,173,0,0,0,0,0,2,60,111,0,173,4,0,4,177
07/14/2021,BED,MA,ANE,EN,Towers with Radar,0,72,76,0,148,0,5,12,0,17,0,77,88,0,165,50,0,50,215
07/15/2021,BED,MA,ANE,EN,Towers with Radar,0,57,102,0,159,0,18,167,0,185,0,75,269,0,344,188,0,188,532
07/16/2021,BED,MA,ANE,EN,Towers with Radar,2,71,53,1,127,0,10,104,0,114,2,81,157,1,241,114,0,114,355
07/17/2021,BED,MA,ANE,EN,Towers with Radar,0,36,45,0,81,0,7,107,0,114,0,43,152,0,195,212,0,212,407
07/18/2021,BED,MA,ANE,EN,Towers with Radar,0,83,83,2,168,0,0,0,0,0,0,83,83,2,168,0,0,0,168
07/19/2021,BED,MA,ANE,EN,Towers with Radar,1,84,79,0,164,0,2,14,0,16,1,86,93,0,180,52,0,52,232
07/20/2021,BED,MA,ANE,EN,Towers with Radar,3,68,79,0,150,0,29,139,0,168,3,97,218,0,318,280,0,280,598
07/21/2021,BED,MA,ANE,EN,Towers with Radar,1,81,71,0,153,0,10,85,0,95,1,91,156,0,248,194,0,194,442
07/22/2021,BED,MA,ANE,EN,Towers with Radar,2,78,72,2,154,0,35,197,0,232,2,113,269,2,386,180,0,180,566
07/23/2021,BED,MA,ANE,EN,Towers with Radar,0,61,81,1,143,0,21,133,0,154,0,82,214,1,297,144,0,144,441
07/24/2021,BED,MA,ANE,EN,Towers with Radar,7,40,64,1,112,0,23,205,0,228,7,63,269,1,340,236,0,236,576
07/25/2021,BED,MA,ANE,EN,Towers with Radar,3,80,97,0,180,0,12,20,0,32,3,92,117,0,212,30,0,30,242
07/26/2021,BED,MA,ANE,EN,Towers with Radar,0,75,110,0,185,0,16,49,0,65,0,91,159,0,250,142,0,142,392
07/27/2021,BED,MA,ANE,EN,Towers with Radar,2,60,71,1,134,0,24,132,0,156,2,84,203,1,290,130,0,130,420
07/28/2021,BED,MA,ANE,EN,Towers with Radar,0,83,94,2,179,0,16,87,0,103,0,99,181,2,282,156,0,156,438
07/29/2021,BED,MA,ANE,EN,Towers with Radar,0,67,93,2,162,0,11,58,0,69,0,78,151,2,231,96,0,96,327
07/30/2021,BED,MA,ANE,EN,Towers with Radar,1,65,78,2,146,0,23,111,0,134,1,88,189,2,280,88,0,88,368
07/31/2021,BED,MA,ANE,EN,Towers with Radar,1,48,55,0,104,0,14,197,0,211,1,62,252,0,315,202,0,202,517
08/01/2021,BED,MA,ANE,EN,Towers with Radar,2,80,54,0,136,0,24,129,0,153,2,104,183,0,289,196,0,196,485
08/02/2021,BED,MA,ANE,EN,Towers with Radar,2,57,55,1,115,0,19,89,0,108,2,76,144,1,223,80,0,80,303
08/03/2021,BED,MA,ANE,EN,Towers with Radar,4,55,75,1,135,0,16,155,3,174,4,71,230,4,309,274,0,274,583
08/04/2021,BED,MA,ANE,EN,Towers with Radar,3,70,95,4,172,0,8,101,3,112,3,78,196,7,284,150,0,150,434
08/05/2021,BED,MA,ANE,EN,Towers with Radar,2,99,84,3,188,0,2,3,0,5,2,101,87,3,193,0,0,0,193
08/06/2021,BED,MA,ANE,EN,Towers with Radar,2,64,98,2,166,1,30,162,0,193,3,94,260,2,359,230,0,230,589
08/07/2021,BED,MA,ANE,EN,Towers with Radar,1,52,55,2,110,0,14,156,0,170,1,66,211,2,280,194,0,194,474
08/08/2021,BED,MA,ANE,EN,Towers with Radar,2,83,71,2,158,0,10,131,0,141,2,93,202,2,299,150,0,150,449
08/09/2021,BED,MA,ANE,EN,Towers with Radar,4,74,104,0,182,0,5,18,0,23,4,79,122,0,205,56,0,56,261
08/10/2021,BED,MA,ANE,EN,Towers with Radar,4,67,99,0,170,0,7,24,3,34,4,74,123,3,204,42,0,42,246
08/11/2021,BED,MA,ANE,EN,Towers with Radar,2,58,73,0,133,0,9,115,8,132,2,67,188,8,265,162,0,162,427
08/12/2021,BED,MA,ANE,EN,Towers with Radar,1,66,74,0,141,1,16,144,3,164,2,82,218,3,305,124,0,124,429
08/13/2021,BED,MA,ANE,EN,Towers with Radar,2,62,54,0,118,0,19,94,0,113,2,81,148,0,231,82,0,82,313
08/14/2021,BED,MA,ANE,EN,Towers with Radar,0,53,48,0,101,0,21,113,0,134,0,74,161,0,235,222,0,222,457
08/15/2021,BED,MA,ANE,EN,Towers with Radar,2,56,74,0,132,0,16,183,0,199,2,72,257,0,331,184,0,184,515
08/16/2021,BED,MA,ANE,EN,Towers with Radar,2,57,68,1,128,0,17,125,0,142,2,74,193,1,270,168,0,168,438
08/17/2021,BED,MA,ANE,EN,Towers with Radar,1,61,59,3,124,0,37,147,0,184,1,98,206,3,308,194,0,194,502
08/18/2021,BED,MA,ANE,EN,Towers with Radar,0,57,87,1,145,0,23,141,0,164,0,80,228,1,309,142,0,142,451
08/19/2021,BED,MA,ANE,EN,Towers with Radar,0,77,94,0,171,0,4,1,0,5,0,81,95,0,176,0,0,0,176
08/20/2021,BED,MA,ANE,EN,Towers with Radar,1,71,119,3,194,0,17,42,0,59,1,88,161,3,253,98,0,98,351
08/21/2021,BED,MA,ANE,EN,Towers with Radar,0,77,97,0,174,0,8,93,0,101,0,85,190,0,275,161,0,161,436
08/22/2021,BED,MA,ANE,EN,Towers with Radar,0,16,17,0,33,0,0,0,0,0,0,16,17,0,33,0,0,0,33
08/23/2021,BED,MA,ANE,EN,Towers with Radar,1,62,65,0,128,0,1,3,0,4,1,63,68,0,132,0,0,0,132
08/24/2021,BED,MA,ANE,EN,Towers with Radar,2,77,102,2,183,0,15,99,0,114,2,92,201,2,297,86,0,86,383
08/25/2021,BED,MA,ANE,EN,Towers with Radar,1,67,79,2,149,0,12,117,1,130,1,79,196,3,279,130,0,130,409
08/26/2021,BED,MA,ANE,EN,Towers with Radar,0,65,87,0,152,0,13,149,0,162,0,78,236,0,314,142,0,142,456
08/27/2021,BED,MA,ANE,EN,Towers with Radar,2,66,85,0,153,0,22,142,0,164,2,88,227,0,317,90,0,90,407
08/28/2021,BED,MA,ANE,EN,Towers with Radar,0,51,64,0,115,0,17,159,0,176,0,68,223,0,291,166,0,166,457
08/29/2021,BED,MA,ANE,EN,Towers with Radar,0,100,113,0,213,0,14,115,0,129,0,114,228,0,342,310,0,310,652
08/30/2021,BED,MA,ANE,EN,Towers with Radar,1,68,67,0,136,0,4,11,0,15,1,72,78,0,151,56,0,56,207
08/31/2021,BED,MA,ANE,EN,Towers with Radar,3,61,67,0,131,0,21,180,0,201,3,82,247,0,332,196,0,196,528
09/01/2021,BED,MA,ANE,EN,Towers with Radar,0,55,68,0,123,0,8,59,0,67,0,63,127,0,190,50,0,50,240
09/02/2021,BED,MA,ANE,EN,Towers with Radar,6,58,66,0,130,0,11,20,0,31,6,69,86,0,161,4,0,4,165
09/03/2021,BED,MA,ANE,EN,Towers with Radar,0,72,73,0,145,0,20,145,0,165,0,92,218,0,310,98,0,98,408
09/04/2021,BED,MA,ANE,EN,Towers with Radar,1,37,47,0,85,0,9,178,1,188,1,46,225,1,273,196,0,196,469
09/05/2021,BED,MA,ANE,EN,Towers with Radar,0,40,60,2,102,0,13,80,0,93,0,53,140,2,195,120,0,120,315
09/06/2021,BED,MA,ANE,EN,Towers with Radar,0,66,77,1,144,0,12,114,0,126,0,78,191,1,270,192,0,192,462
09/07/2021,BED,MA,ANE,EN,Towers with Radar,2,62,57,4,125,0,25,144,0,169,2,87,201,4,294,136,0,136,430
09/08/2021,BED,MA,ANE,EN,Towers with Radar,0,76,68,6,150,0,10,82,0,92,0,86,150,6,242,48,0,48,290
09/09/2021,BED,MA,ANE,EN,Towers with Radar,0,83,89,0,172,0,0,0,0,0,0,83,89,0,172,0,0,0,172
09/10/2021,BED,MA,ANE,EN,Towers with Radar,0,89,94,4,187,0,10,123,0,133,0,99,217,4,320,106,0,106,426
09/11/2021,BED,MA,ANE,EN,Towers with Radar,0,34,62,0,96,0,20,190,0,210,0,54,252,0,306,188,0,188,494
09/12/2021,BED,MA,ANE,EN,Towers with Radar,0,68,70,0,138,0,20,118,0,138,0,88,188,0,276,114,0,114,390
09/13/2021,BED,MA,ANE,EN,Towers with Radar,0,52,72,0,124,0,19,90,0,109,0,71,162,0,233,118,0,118,351
09/14/2021,BED,MA,ANE,EN,Towers with Radar,2,43,67,0,112,0,27,151,0,178,2,70,218,0,290,168,0,168,458
09/15/2021,BED,MA,ANE,EN,Towers with Radar,0,68,115,1,184,0,14,29,1,44,0,82,144,2,228,15,0,15,243
09/16/2021,BED,MA,ANE,EN,Towers with Radar,0,61,95,1,157,0,8,19,0,27,0,69,114,1,184,28,0,28,212
09/17/2021,BED,MA,ANE,EN,Towers with Radar,1,71,127,0,199,0,0,0,0,0,1,71,127,0,199,0,0,0,199
09/18/2021,BED,MA,ANE,EN,Towers with Radar,2,45,69,0,116,0,8,38,0,46,2,53,107,0,162,78,0,78,240
09/19/2021,BED,MA,ANE,EN,Towers with Radar,0,80,91,0,171,0,56,180,0,236,0,136,271,0,407,112,0,112,519
09/20/2021,BED,MA,ANE,EN,Towers with Radar,0,58,79,2,139,0,25,154,2,181,0,83,233,4,320,150,0,150,470
09/21/2021,BED,MA,ANE,EN,Towers with Radar,5,68,96,0,169,0,11,132,0,143,5,79,228,0,312,218,0,218,530
09/22/2021,BED,MA,ANE,EN,Towers with Radar,0,93,144,0,237,0,8,20,2,30,0,101,164,2,267,31,0,31,298
09/23/2021,BED,MA,ANE,EN,Towers with Radar,2,88,104,2,196,0,16,37,0,53,2,104,141,2,249,26,0,26,275
09/24/2021,BED,MA,ANE,EN,Towers with Radar,4,73,111,2,190,0,6,9,0,15,4,79,120,2,205,0,0,0,205
09/25/2021,BED,MA,ANE,EN,Towers with Radar,4,62,63,0,129,0,8,168,0,176,4,70,231,0,305,144,0,144,449
09/26/2021,BED,MA,ANE,EN,Towers with Radar,2,103,121,0,226,0,29,172,0,201,2,132,293,0,427,82,0,82,509
09/27/2021,BED,MA,ANE,EN,Towers with Radar,0,64,68,0,132,0,17,113,0,130,0,81,181,0,262,180,0,180,442
09/28/2021,BED,MA,ANE,EN,Towers with Radar,5,65,69,0,139,0,13,18,0,31,5,78,87,0,170,26,0,26,196
09/29/2021,BED,MA,ANE,EN,Towers with Radar,0,73,79,0,152,0,18,141,0,159,0,91,220,0,311,146,0,146,457
09/30/2021,BED,MA,ANE,EN,Towers with Radar,2,73,80,2,157,0,15,135,0,150,2,88,215,2,307,100,0,100,407
10/01/2021,BED,MA,ANE,EN,Towers with Radar,0,65,76,0,141,0,22,142,0,164,0,87,218,0,305,192,0,192,497
10/02/2021,BED,MA,ANE,EN,Towers with Radar,0,51,68,0,119,0,18,174,0,192,0,69,242,0,311,144,0,144,455
10/03/2021,BED,MA,ANE,EN,Towers with Radar,1,101,139,0,241,0,2,14,0,16,1,103,153,0,257,98,0,98,355
10/04/2021,BED,MA,ANE,EN,Towers with Radar,1,58,90,0,149,0,0,0,0,0,1,58,90,0,149,0,0,0,149
10/05/2021,BED,MA,ANE,EN,Towers with Radar,4,67,90,0,161,0,6,8,0,14,4,73,98,0,175,24,0,24,199
10/06/2021,BED,MA,ANE,EN,Towers with Radar,2,75,106,1,184,0,16,158,0,174,2,91,264,1,358,170,0,170,528
10/07/2021,BED,MA,ANE,EN,Towers with Radar,0,67,94,0,161,0,11,152,0,163,0,78,246,0,324,148,0,148,472
10/08/2021,BED,MA,ANE,EN,Towers with Radar,0,126,125,0,251,0,10,187,0,197,0,136,312,0,448,40,0,40,488
10/09/2021,BED,MA,ANE,EN,Towers with Radar,0,68,74,0,142,0,10,87,0,97,0,78,161,0,239,292,0,292,531
10/10/2021,BED,MA,ANE,EN,Towers with Radar,1,70,130,0,201,0,15,38,0,53,1,85,168,0,254,134,0,134,388
10/11/2021,BED,MA,ANE,EN,Towers with Radar,1,91,125,0,217,0,12,61,0,73,1,103,186,0,290,120,0,120,410
10/12/2021,BED,MA,ANE,EN,Towers with Radar,2,82,80,2,166,0,17,109,0,126,2,99,189,2,292,148,0,148,440
10/13/2021,BED,MA,ANE,EN,Towers with Radar,0,47,97,0,144,0,23,129,0,152,0,70,226,0,296,198,0,198,494
10/14/2021,BED,MA,ANE,EN,Towers with Radar,0,66,93,0,159,0,16,107,0,123,0,82,200,0,282,118,0,118,400
10/15/2021,BED,MA,ANE,EN,Towers with Radar,2,96,132,0,230,0,6,88,0,94,2,102,220,0,324,199,0,199,523
10/16/2021,BED,MA,ANE,EN,Towers with Radar,1,47,74,0,122,0,15,109,0,124,1,62,183,0,246,138,0,138,384
10/17/2021,BED,MA,ANE,EN,Towers with Radar,0,75,124,0,199,0,37,161,1,199,0,112,285,1,398,150,0,150,548
10/18/2021,BED,MA,ANE,EN,Towers with Radar,2,76,85,2,165,0,18,89,0,107,2,94,174,2,272,68,0,68,340
10/19/2021,BED,MA,ANE,EN,Towers with Radar,4,71,98,2,175,0,6,89,8,103,4,77,187,10,278,46,0,46,324
10/20/2021,BED,MA,ANE,EN,Towers with Radar,0,66,100,2,168,0,12,116,0,128,0,78,216,2,296,160,0,160,456
10/21/2021,BED,MA,ANE,EN,Towers with Radar,1,61,79,3,144,0,14,142,0,156,1,75,221,3,300,164,0,164,464
10/22/2021,BED,MA,ANE,EN,Towers with Radar,1,71,104,1,177,0,19,178,14,211,1,90,282,15,388,114,0,114,502
10/23/2021,BED,MA,ANE,EN,Towers with Radar,2,62,78,0,142,0,29,143,11,183,2,91,221,11,325,214,0,214,539
10/24/2021,BED,MA,ANE,EN,Towers with Radar,0,93,91,0,184,0,16,175,0,191,0,109,266,0,375,120,0,120,495
10/25/2021,BED,MA,ANE,EN,Towers with Radar,0,79,84,2,165,0,0,0,0,0,0,79,84,2,165,0,0,0,165
10/26/2021,BED,MA,ANE,EN,Towers with Radar,2,55,58,0,115,0,0,0,0,0,2,55,58,0,115,0,0,0,115
10/27/2021,BED,MA,ANE,EN,Towers with Radar,0,69,46,7,122,0,5,0,0,5,0,74,46,7,127,0,0,0,127
10/28/2021,BED,MA,ANE,EN,Towers with Radar,1,80,98,7,186,0,12,121,1,134,1,92,219,8,320,228,0,228,548
10/29/2021,BED,MA,ANE,EN,Towers with Radar,1,87,88,2,178,0,8,49,0,57,1,95,137,2,235,188,0,188,423
10/30/2021,BED,MA,ANE,EN,Towers with Radar,0,39,44,0,83,0,0,0,0,0,0,39,44,0,83,0,0,0,83
10/31/2021,BED,MA,ANE,EN,Towers with Radar,1,80,103,0,184,0,11,74,0,85,1,91,177,0,269,166,0,166,435
11/01/2021,BED,MA,ANE,EN,Towers with Radar,0,49,59,3,111,0,15,85,0,100,0,64,144,3,211,72,0,72,283
11/02/2021,BED,MA,ANE,EN,Towers with Radar,4,40,50,0,94,0,23,99,1,123,4,63,149,1,217,168,0,168,385
11/03/2021,BED,MA,ANE,EN,Towers with Radar,0,51,82,0,133,0,14,126,0,140,0,65,208,0,273,175,0,175,448
11/04/2021,BED,MA,ANE,EN,Towers with Radar,5,68,75,0,148,0,15,91,0,106,5,83,166,0,254,134,0,134,388
11/05/2021,BED,MA,ANE,EN,Towers with Radar,3,60,98,0,161,0,10,123,0,133,3,70,221,0,294,164,0,164,458
11/06/2021,BED,MA,ANE,EN,Towers with Radar,2,46,56,0,104,0,6,176,0,182,2,52,232,0,286,164,0,164,450
11/07/2021,BED,MA,ANE,EN,Towers with Radar,2,75,88,0,165,0,17,175,0,192,2,92,263,0,357,177,0,177,534
11/08/2021,BED,MA,ANE,EN,Towers with Radar,1,68,88,6,163,0,19,110,0,129,1,87,198,6,292,176,0,176,468
11/09/2021,BED,MA,ANE,EN,Towers with Radar,2,59,72,0,133,0,18,134,0,152,2,77,206,0,285,172,0,172,457
11/10/2021,BED,MA,ANE,EN,Towers with Radar,0,85,86,0,171,0,24,103,1,128,0,109,189,1,299,148,0,148,447
11/11/2021,BED,MA,ANE,EN,Towers with Radar,2,76,104,0,182,0,7,221,0,228,2,83,325,0,410,164,0,164,574
11/12/2021,BED,MA,ANE,EN,Towers with Radar,3,76,60,0,139,0,2,3,0,5,3,78,63,0,144,0,0,0,144
11/13/2021,BED,MA,ANE,EN,Towers with Radar,3,36,52,1,92,0,1,135,0,136,3,37,187,1,228,94,0,94,322
11/14/2021,BED,MA,ANE,EN,Towers with Radar,0,73,106,0,179,0,9,150,2,161,0,82,256,2,340,112,0,112,452
11/15/2021,BED,MA,ANE,EN,Towers with Radar,0,70,66,0,136,0,4,66,0,70,0,74,132,0,206,110,0,110,316
11/16/2021,BED,MA,ANE,EN,Towers with Radar,2,71,72,0,145,0,13,52,1,66,2,84,124,1,211,52,0,52,263
11/17/2021,BED,MA,ANE,EN,Towers with Radar,1,69,69,0,139,0,7,103,0,110,1,76,172,0,249,168,0,168,417
11/18/2021,BED,MA,ANE,EN,Towers with Radar,0,69,100,0,169,0,6,150,0,156,0,75,250,0,325,136,0,136,461
11/19/2021,BED,MA,ANE,EN,Towers with Radar,3,96,76,1,176,0,12,59,0,71,3,108,135,1,247,48,0,48,295
11/20/2021,BED,MA,ANE,EN,Towers with Radar,2,35,76,2,115,0,9,180,0,189,2,44,256,2,304,150,0,150,454
11/21/2021,BED,MA,ANE,EN,Towers with Radar,0,83,75,1,159,0,5,145,0,150,0,88,220,1,309,148,0,148,457
11/22/2021,BED,MA,ANE,EN,Towers with Radar,1,78,66,2,147,0,15,48,0,63,1,93,114,2,210,66,0,66,276
11/23/2021,BED,MA,ANE,EN,Towers with Radar,1,95,104,0,200,0,18,117,0,135,1,113,221,0,335,32,0,32,367
11/24/2021,BED,MA,ANE,EN,Towers with Radar,0,92,96,0,188,0,14,126,0,140,0,106,222,0,328,62,0,62,390
11/25/2021,BED,MA,ANE,EN,Towers with Radar,1,26,23,0,50,0,2,65,0,67,1,28,88,0,117,106,0,106,223
11/26/2021,BED,MA,ANE,EN,Towers with Radar,0,49,69,4,122,0,0,4,0,4,0,49,73,4,126,6,0,6,132
11/27/2021,BED,MA,ANE,EN,Towers with Radar,1,81,90,6,178,0,7,58,1,66,1,88,148,7,244,40,0,40,284
11/28/2021,BED,MA,ANE,EN,Towers with Radar,2,125,145,0,272,0,2,120,0,122,2,127,265,0,394,120,0,120,514
11/29/2021,BED,MA,ANE,EN,Towers with Radar,2,88,98,2,190,0,14,61,2,77,2,102,159,4,267,162,0,162,429
11/30/2021,BED,MA,ANE,EN,Towers with Radar,3,74,79,1,157,0,18,98,0,116,3,92,177,1,273,90,0,90,363
12/01/2021,BED,MA,ANE,EN,Towers with Radar,3,68,75,0,146,0,14,91,0,105,3,82,166,0,251,80,0,80,331
12/02/2021,BED,MA,ANE,EN,Towers with Radar,4,68,70,2,144,0,9,34,0,43,4,77,104,2,187,66,0,66,253
12/03/2021,BED,MA,ANE,EN,Towers with Radar,2,67,67,1,137,0,13,70,0,83,2,80,137,1,220,90,0,90,310
12/04/2021,BED,MA,ANE,EN,Towers with Radar,0,28,45,0,73,0,10,135,0,145,0,38,180,0,218,216,0,216,434
12/05/2021,BED,MA,ANE,EN,Towers with Radar,0,63,87,0,150,0,19,142,0,161,0,82,229,0,311,172,0,172,483
12/06/2021,BED,MA,ANE,EN,Towers with Radar,1,86,65,0,152,0,6,1,0,7,1,92,66,0,159,0,0,0,159
12/07/2021,BED,MA,ANE,EN,Towers with Radar,3,66,68,1,138,0,28,116,0,144,3,94,184,1,282,146,0,146,428
12/08/2021,BED,MA,ANE,EN,Towers with Radar,0,80,72,0,152,0,8,80,0,88,0,88,152,0,240,130,0,130,370
12/09/2021,BED,MA,ANE,EN,Towers with Radar,0,48,82,0,130,0,22,100,0,122,0,70,182,0,252,114,0,114,366
12/10/2021,BED,MA,ANE,EN,Towers with Radar,2,54,91,0,147,0,16,109,1,126,2,70,200,1,273,246,0,246,519
12/11/2021,BED,MA,ANE,EN,Towers with Radar,3,36,13,0,52,0,0,0,0,0,3,36,13,0,52,0,0,0,52
12/12/2021,BED,MA,ANE,EN,Towers with Radar,1,75,70,0,146,0,17,73,0,90,1,92,143,0,236,62,0,62,298
12/13/2021,BED,MA,ANE,EN,Towers with Radar,1,66,74,0,141,0,9,88,0,97,1,75,162,0,238,136,0,136,374
12/14/2021,BED,MA,ANE,EN,Towers with Radar,4,70,69,0,143,0,12,149,0,161,4,82,218,0,304,140,0,140,444
12/15/2021,BED,MA,ANE,EN,Towers with Radar,0,70,69,0,139,0,10,111,2,123,0,80,180,2,262,98,0,98,360
12/16/2021,BED,MA,ANE,EN,Towers with Radar,2,76,84,0,162,0,14,90,0,104,2,90,174,0,266,62,0,62,328
12/17/2021,BED,MA,ANE,EN,Towers with Radar,2,95,73,1,171,0,23,75,0,98,2,118,148,1,269,14,0,14,283
12/18/2021,BED,MA,ANE,EN,Towers with Radar,2,69,60,0,131,0,0,40,0,40,2,69,100,0,171,76,0,76,247
12/19/2021,BED,MA,ANE,EN,Towers with Radar,1,95,81,0,177,0,2,28,0,30,1,97,109,0,207,62,0,62,269
12/20/2021,BED,MA,ANE,EN,Towers with Radar,0,44,65,0,109,0,21,110,0,131,0,65,175,0,240,116,0,116,356
12/21/2021,BED,MA,ANE,EN,Towers with Radar,0,70,67,0,137,0,16,116,0,132,0,86,183,0,269,146,0,146,415
12/22/2021,BED,MA,ANE,EN,Towers with Radar,1,69,48,0,118,0,8,7,0,15,1,77,55,0,133,12,0,12,145
12/23/2021,BED,MA,ANE,EN,Towers with Radar,0,60,57,0,117,0,7,77,0,84,0,67,134,0,201,36,0,36,237
12/24/2021,BED,MA,ANE,EN,Towers with Radar,2,46,27,0,75,0,6,15,0,21,2,52,42,0,96,22,0,22,118
12/25/2021,BED,MA,ANE,EN,Towers with Radar,0,39,18,0,57,0,0,0,0,0,0,39,18,0,57,0,0,0,57
12/26/2021,BED,MA,ANE,EN,Towers with Radar,2,88,84,0,174,0,13,23,0,36,2,101,107,0,210,86,0,86,296
12/27/2021,BED,MA,ANE,EN,Towers with Radar,2,71,88,0,161,0,15,93,0,108,2,86,181,0,269,98,0,98,367
12/28/2021,BED,MA,ANE,EN,Towers with Radar,3,56,66,0,125,0,11,49,0,60,3,67,115,0,185,64,0,64,249
12/29/2021,BED,MA,ANE,EN,Towers with Radar,4,48,60,0,112,0,10,55,0,65,4,58,115,0,177,156,0,156,333
12/30/2021,BED,MA,ANE,EN,Towers with Radar,1,38,29,0,68,0,0,0,0,0,1,38,29,0,68,0,0,0,68
12/31/2021,BED,MA,ANE,EN,Towers with Radar,1,53,56,0,110,0,0,0,0,0,1,53,56,0,110,0,0,0,110
01/01/2022,BED,MA,ANE,EN,Towers with Radar,1,65,36,0,102,0,0,0,0,0,1,65,36,0,102,0,0,0,102
01/02/2022,BED,MA,ANE,EN,Towers with Radar,3,72,88,0,163,0,1,0,0,1,3,73,88,0,164,0,0,0,164
01/03/2022,BED,MA,ANE,EN,Towers with Radar,1,80,83,0,164,0,8,80,0,88,1,88,163,0,252,108,0,108,360
01/04/2022,BED,MA,ANE,EN,Towers with Radar,2,49,67,0,118,0,9,118,0,127,2,58,185,0,245,168,0,168,413
01/05/2022,BED,MA,ANE,EN,Towers with Radar,3,56,54,0,113,0,0,0,0,0,3,56,54,0,113,0,0,0,113
01/06/2022,BED,MA,ANE,EN,Towers with Radar,3,62,64,0,129,0,11,105,0,116,3,73,169,0,245,20,0,20,265
01/07/2022,BED,MA,ANE,EN,Towers with Radar,2,35,20,0,57,0,2,0,0,2,2,37,20,0,59,0,0,0,59
01/08/2022,BED,MA,ANE,EN,Towers with Radar,2,51,58,0,111,0,5,152,0,157,2,56,210,0,268,150,0,150,418
01/09/2022,BED,MA,ANE,EN,Towers with Radar,0,75,50,0,125,0,0,3,0,3,0,75,53,0,128,0,0,0,128
01/10/2022,BED,MA,ANE,EN,Towers with Radar,0,49,43,0,92,0,5,59,0,64,0,54,102,0,156,44,0,44,200
01/11/2022,BED,MA,ANE,EN,Towers with Radar,5,27,37,0,69,0,9,21,0,30,5,36,58,0,99,14,0,14,113
01/12/2022,BED,MA,ANE,EN,Towers with Radar,2,56,40,0,98,0,10,39,0,49,2,66,79,0,147,34,0,34,181
01/13/2022,BED,MA,ANE,EN,Towers with Radar,3,63,57,0,123,0,14,125,0,139,3,77,182,0,262,150,0,150,412
01/14/2022,BED,MA,ANE,EN,Towers with Radar,1,61,59,0,121,0,5,28,0,33,1,66,87,0,154,54,0,54,208
01/15/2022,BED,MA,ANE,EN,Towers with Radar,3,41,34,0,78,0,8,17,0,25,3,49,51,0,103,2,0,2,105
01/16/2022,BED,MA,ANE,EN,Towers with Radar,3,42,64,0,109,0,4,177,0,181,3,46,241,0,290,160,0,160,450
01/17/2022,BED,MA,ANE,EN,Towers with Radar,4,73,62,0,139,0,0,3,0,3,4,73,65,0,142,0,0,0,142
01/18/2022,BED,MA,ANE,EN,Towers with Radar,3,53,55,0,111,0,18,25,0,43,3,71,80,0,154,0,0,0,154
01/19/2022,BED,MA,ANE,EN,Towers with Radar,0,43,46,0,89,0,15,52,0,67,0,58,98,0,156,30,0,30,186
01/20/2022,BED,MA,ANE,EN,Towers with Radar,1,46,56,0,103,0,9,57,0,66,1,55,113,0,169,30,0,30,199
01/21/2022,BED,MA,ANE,EN,Towers with Radar,2,48,56,1,107,0,14,87,0,101,2,62,143,1,208,136,0,136,344
01/22/2022,BED,MA,ANE,EN,Towers with Radar,2,42,45,0,89,0,9,129,0,138,2,51,174,0,227,139,0,139,366
01/23/2022,BED,MA,ANE,EN,Towers with Radar,5,61,63,0,129,0,17,142,0,159,5,78,205,0,288,204,0,204,492
01/24/2022,BED,MA,ANE,EN,Towers with Radar,1,56,72,0,129,0,11,91,2,104,1,67,163,2,233,104,0,104,337
01/25/2022,BED,MA,ANE,EN,Towers with Radar,3,61,47,0,111,0,10,34,0,44,3,71,81,0,155,92,0,92,247
01/26/2022,BED,MA,ANE,EN,Towers with Radar,2,46,62,8,118,0,11,122,0,133,2,57,184,8,251,136,0,136,387
01/27/2022,BED,MA,ANE,EN,Towers with Radar,2,56,61,0,119,0,2,77,0,79,2,58,138,0,198,80,0,80,278
01/28/2022,BED,MA,ANE,EN,Towers with Radar,0,68,82,0,150,0,8,66,0,74,0,76,148,0,224,126,0,126,350
01/29/2022,BED,MA,ANE,EN,Towers with Radar,0,0,0,0,0,0,0,0,0,0,0,0,0,0,0,0,0,0,0
01/30/2022,BED,MA,ANE,EN,Towers with Radar,6,60,46,0,112,0,11,13,0,24,6,71,59,0,136,6,0,6,142
01/31/2022,BED,MA,ANE,EN,Towers with Radar,2,64,52,0,118,0,11,69,0,80,2,75,121,0,198,104,0,104,302
02/01/2022,BED,MA,ANE,EN,Towers with Radar,3,68,61,0,132,0,2,58,0,60,3,70,119,0,192,84,0,84,276
02/02/2022,BED,MA,ANE,EN,Towers with Radar,3,43,77,1,124,0,0,17,0,17,3,43,94,1,141,56,0,56,197
02/03/2022,BED,MA,ANE,EN,Towers with Radar,2,47,46,0,95,0,2,0,0,2,2,49,46,0,97,0,0,0,97
02/04/2022,BED,MA,ANE,EN,Towers with Radar,3,28,9,0,40,0,0,0,0,0,3,28,9,0,40,0,0,0,40
02/05/2022,BED,MA,ANE,EN,Towers with Radar,1,51,34,0,86,0,4,13,0,17,1,55,47,0,103,12,0,12,115
02/06/2022,BED,MA,ANE,EN,Towers with Radar,1,67,47,0,115,0,10,51,0,61,1,77,98,0,176,14,0,14,190
02/07/2022,BED,MA,ANE,EN,Towers with Radar,2,50,40,0,92,0,0,1,0,1,2,50,41,0,93,0,0,0,93
02/08/2022,BED,MA,ANE,EN,Towers with Radar,3,67,62,2,134,0,7,2,0,9,3,74,64,2,143,18,0,18,161
02/09/2022,BED,MA,ANE,EN,Towers with Radar,2,55,75,2,134,0,14,127,0,141,2,69,202,2,275,110,0,110,385
02/10/2022,BED,MA,ANE,EN,Towers with Radar,2,45,71,2,120,0,13,83,0,96,2,58,154,2,216,166,0,166,382
02/11/2022,BED,MA,ANE,EN,Towers with Radar,1,68,71,0,140,0,21,141,2,164,1,89,212,2,304,132,0,132,436
02/12/2022,BED,MA,ANE,EN,Towers with Radar,4,39,70,0,113,0,7,146,0,153,4,46,216,0,266,126,0,126,392
02/13/2022,BED,MA,ANE,EN,Towers with Radar,0,59,29,0,88,0,0,0,0,0,0,59,29,0,88,0,0,0,88
02/14/2022,BED,MA,ANE,EN,Towers with Radar,3,67,54,2,126,0,8,18,0,26,3,75,72,2,152,16,0,16,168
02/15/2022,BED,MA,ANE,EN,Towers with Radar,4,44,65,4,117,0,8,109,0,117,4,52,174,4,234,124,0,124,358
02/16/2022,BED,MA,ANE,EN,Towers with Radar,4,76,78,3,161,0,14,74,0,88,4,90,152,3,249,34,0,34,283
02/17/2022,BED,MA,ANE,EN,Towers with Radar,1,71,58,0,130,0,13,22,0,35,1,84,80,0,165,8,0,8,173
02/18/2022,BED,MA,ANE,EN,Towers with Radar,1,86,93,1,181,0,9,10,0,19,1,95,103,1,200,0,0,0,200
02/19/2022,BED,MA,ANE,EN,Towers with Radar,0,77,54,0,131,0,2,88,0,90,0,79,142,0,221,84,0,84,305
02/20/2022,BED,MA,ANE,EN,Towers with Radar,1,53,70,2,126,0,8,175,0,183,1,61,245,2,309,188,0,188,497
02/21/2022,BED,MA,ANE,EN,Towers with Radar,6,54,75,0,135,0,14,162,0,176,6,68,237,0,311,148,0,148,459
02/22/2022,BED,MA,ANE,EN,Towers with Radar,6,75,68,0,149,0,2,0,0,2,6,77,68,0,151,0,0,0,151
02/23/2022,BED,MA,ANE,EN,Towers with Radar,3,67,71,0,141,0,11,50,3,64,3,78,121,3,205,80,0,80,285
02/24/2022,BED,MA,ANE,EN,Towers with Radar,1,63,106,3,173,0,11,133,1,145,1,74,239,4,318,188,0,188,506
02/25/2022,BED,MA,ANE,EN,Towers with Radar,0,28,14,0,42,0,1,0,0,1,0,29,14,0,43,0,0,0,43
02/26/2022,BED,MA,ANE,EN,Towers with Radar,0,82,65,0,147,0,11,98,0,109,0,93,163,0,256,24,0,24,280
02/27/2022,BED,MA,ANE,EN,Towers with Radar,1,113,92,0,206,0,12,70,0,82,1,125,162,0,288,66,0,66,354
02/28/2022,BED,MA,ANE,EN,Towers with Radar,0,57,72,2,131,0,16,86,0,102,0,73,158,2,233,88,0,88,321
03/01/2022,BED,MA,ANE,EN,Towers with Radar,7,60,77,0,144,0,5,78,3,86,7,65,155,3,230,80,0,80,310
03/02/2022,BED,MA,ANE,EN,Towers with Radar,0,64,83,0,147,0,15,111,0,126,0,79,194,0,273,138,0,138,411
03/03/2022,BED,MA,ANE,EN,Towers with Radar,6,69,72,2,149,0,14,54,0,68,6,83,126,2,217,16,0,16,233
03/04/2022,BED,MA,ANE,EN,Towers with Radar,1,75,72,2,150,0,11,127,7,145,1,86,199,9,295,110,0,110,405
03/05/2022,BED,MA,ANE,EN,Towers with Radar,4,38,63,2,107,0,15,155,0,170,4,53,218,2,277,198,0,198,475
03/06/2022,BED,MA,ANE,EN,Towers with Radar,0,75,53,0,128,0,7,11,0,18,0,82,64,0,146,20,0,20,166
03/07/2022,BED,MA,ANE,EN,Towers with Radar,0,55,62,0,117,0,2,51,0,53,0,57,113,0,170,124,0,124,294
03/08/2022,BED,MA,ANE,EN,Towers with Radar,1,50,66,0,117,0,15,19,0,34,1,65,85,0,151,8,0,8,159
03/09/2022,BED,MA,ANE,EN,Towers with Radar,2,47,68,0,117,0,4,27,0,31,2,51,95,0,148,66,0,66,214
03/10/2022,BED,MA,ANE,EN,Towers with Radar,1,66,92,0,159,9,13,130,8,160,10,79,222,8,319,104,0,104,423
03/11/2022,BED,MA,ANE,EN,Towers with Radar,2,83,111,0,196,0,11,152,0,163,2,94,263,0,359,176,0,176,535
03/12/2022,BED,MA,ANE,EN,Towers with Radar,2,62,64,0,128,0,0,0,0,0,2,62,64,0,128,0,0,0,128
03/13/2022,BED,MA,ANE,EN,Towers with Radar,2,68,72,0,142,0,9,30,0,39,2,77,102,0,181,0,0,0,181
03/14/2022,BED,MA,ANE,EN,Towers with Radar,0,71,50,0,121,0,15,76,0,91,0,86,126,0,212,72,0,72,284
03/15/2022,BED,MA,ANE,EN,Towers with Radar,3,75,62,1,141,0,9,130,0,139,3,84,192,1,280,180,0,180,460
03/16/2022,BED,MA,ANE,EN,Towers with Radar,0,48,66,0,114,0,7,101,0,108,0,55,167,0,222,128,0,128,350
03/17/2022,BED,MA,ANE,EN,Towers with Radar,0,71,74,0,145,0,2,5,0,7,0,73,79,0,152,4,0,4,156
03/18/2022,BED,MA,ANE,EN,Towers with Radar,0,60,68,0,128,0,7,145,0,152,0,67,213,0,280,228,0,228,508
03/19/2022,BED,MA,ANE,EN,Towers with Radar,1,66,46,0,113,0,0,0,0,0,1,66,46,0,113,0,0,0,113
03/20/2022,BED,MA,ANE,EN,Towers with Radar,1,80,117,0,198,0,6,97,0,103,1,86,214,0,301,156,0,156,457
03/21/2022,BED,MA,ANE,EN,Towers with Radar,0,62,74,0,136,0,8,40,0,48,0,70,114,0,184,20,0,20,204
03/22/2022,BED,MA,ANE,EN,Towers with Radar,2,53,61,3,119,0,10,31,0,41,2,63,92,3,160,22,0,22,182
03/23/2022,BED,MA,ANE,EN,Towers with Radar,0,58,84,0,142,0,7,145,0,152,0,65,229,0,294,216,0,216,510
03/24/2022,BED,MA,ANE,EN,Towers with Radar,0,51,59,2,112,0,0,0,0,0,0,51,59,2,112,0,0,0,112
03/25/2022,BED,MA,ANE,EN,Towers with Radar,0,57,100,0,157,0,3,93,0,96,0,60,193,0,253,164,0,164,417
03/26/2022,BED,MA,ANE,EN,Towers with Radar,1,55,87,0,143,0,10,123,0,133,1,65,210,0,276,140,0,140,416
03/27/2022,BED,MA,ANE,EN,Towers with Radar,2,87,94,0,183,0,8,99,0,107,2,95,193,0,290,108,0,108,398
03/28/2022,BED,MA,ANE,EN,Towers with Radar,2,70,79,1,152,0,5,36,1,42,2,75,115,2,194,20,0,20,214
03/29/2022,BED,MA,ANE,EN,Towers with Radar,2,49,77,2,130,0,11,87,0,98,2,60,164,2,228,56,0,56,284
03/30/2022,BED,MA,ANE,EN,Towers with Radar,0,59,93,0,152,0,10,99,0,109,0,69,192,0,261,72,0,72,333
03/31/2022,BED,MA,ANE,EN,Towers with Radar,2,60,76,0,138,0,3,3,0,6,2,63,79,0,144,0,0,0,144
04/01/2022,BED,MA,ANE,EN,Towers with Radar,3,61,66,0,130,0,1,38,0,39,3,62,104,0,169,92,0,92,261
04/02/2022,BED,MA,ANE,EN,Towers with Radar,0,37,62,0,99,0,8,107,0,115,0,45,169,0,214,50,0,50,264
04/03/2022,BED,MA,ANE,EN,Towers with Radar,1,63,82,0,146,0,5,98,0,103,1,68,180,0,249,138,0,138,387
04/04/2022,BED,MA,ANE,EN,Towers with Radar,1,55,78,0,134,0,9,91,1,101,1,64,169,1,235,128,0,128,363
04/05/2022,BED,MA,ANE,EN,Towers with Radar,4,52,84,0,140,0,8,144,3,155,4,60,228,3,295,204,0,204,499
04/06/2022,BED,MA,ANE,EN,Towers with Radar,0,61,94,0,155,0,3,6,0,9,0,64,100,0,164,50,0,50,214
04/07/2022,BED,MA,ANE,EN,Towers with Radar,0,67,76,3,146,0,7,41,0,48,0,74,117,3,194,116,0,116,310
04/08/2022,BED,MA,ANE,EN,Towers with Radar,2,78,78,6,164,0,12,38,0,50,2,90,116,6,214,48,0,48,262
04/09/2022,BED,MA,ANE,EN,Towers with Radar,1,46,58,0,105,0,5,59,2,66,1,51,117,2,171,94,0,94,265
04/10/2022,BED,MA,ANE,EN,Towers with Radar,3,63,99,1,166,0,15,109,0,124,3,78,208,1,290,78,0,78,368
04/11/2022,BED,MA,ANE,EN,Towers with Radar,0,51,83,1,135,0,2,81,0,83,0,53,164,1,218,132,0,132,350
04/12/2022,BED,MA,ANE,EN,Towers with Radar,2,63,68,1,134,0,9,94,0,103,2,72,162,1,237,172,0,172,409
04/13/2022,BED,MA,ANE,EN,Towers with Radar,1,59,69,2,131,0,16,104,0,120,1,75,173,2,251,94,0,94,345
04/14/2022,BED,MA,ANE,EN,Towers with Radar,0,108,112,0,220,0,0,0,0,0,0,108,112,0,220,0,0,0,220
04/15/2022,BED,MA,ANE,EN,Towers with Radar,2,80,118,0,200,0,15,120,0,135,2,95,238,0,335,38,0,38,373
04/16/2022,BED,MA,ANE,EN,Towers with Radar,1,48,52,0,101,0,14,94,1,109,1,62,146,1,210,84,0,84,294
04/17/2022,BED,MA,ANE,EN,Towers with Radar,0,62,68,2,132,0,16,53,0,69,0,78,121,2,201,102,0,102,303
04/18/2022,BED,MA,ANE,EN,Towers with Radar,1,69,90,2,162,0,14,88,0,102,1,83,178,2,264,126,0,126,390
04/19/2022,BED,MA,ANE,EN,Towers with Radar,0,67,66,0,133,0,8,5,0,13,0,75,71,0,146,0,0,0,146
04/20/2022,BED,MA,ANE,EN,Towers with Radar,0,59,86,2,147,0,20,69,0,89,0,79,155,2,236,36,0,36,272
04/21/2022,BED,MA,ANE,EN,Towers with Radar,0,67,72,0,139,0,27,76,0,103,0,94,148,0,242,74,0,74,316
04/22/2022,BED,MA,ANE,EN,Towers with Radar,4,67,85,0,156,0,3,99,2,104,4,70,184,2,260,58,0,58,318
04/23/2022,BED,MA,ANE,EN,Towers with Radar,1,63,73,0,137,0,13,146,0,159,1,76,219,0,296,192,0,192,488
04/24/2022,BED,MA,ANE,EN,Towers with Radar,0,94,129,0,223,0,9,127,0,136,0,103,256,0,359,146,0,146,505
04/25/2022,BED,MA,ANE,EN,Towers with Radar,0,50,65,0,115,0,14,83,0,97,0,64,148,0,212,140,0,140,352
04/26/2022,BED,MA,ANE,EN,Towers with Radar,2,71,75,0,148,0,4,42,0,46,2,75,117,0,194,162,0,162,356
04/27/2022,BED,MA,ANE,EN,Towers with Radar,0,68,81,0,149,0,28,54,0,82,0,96,135,0,231,80,0,80,311
04/28/2022,BED,MA,ANE,EN,Towers with Radar,2,67,63,0,132,0,15,24,5,44,2,82,87,5,176,0,0,0,176
04/29/2022,BED,MA,ANE,EN,Towers with Radar,3,69,79,1,152,0,20,39,0,59,3,89,118,1,211,1,0,1,212
04/30/2022,BED,MA,ANE,EN,Towers with Radar,2,55,55,0,112,0,7,160,0,167,2,62,215,0,279,88,0,88,367
05/01/2022,BED,MA,ANE,EN,Towers with Radar,4,87,96,0,187,0,18,148,0,166,4,105,244,0,353,174,0,174,527
05/02/2022,BED,MA,ANE,EN,Towers with Radar,0,67,91,2,160,0,11,66,0,77,0,78,157,2,237,104,0,104,341
05/03/2022,BED,MA,ANE,EN,Towers with Radar,2,67,99,0,168,0,10,46,0,56,2,77,145,0,224,110,0,110,334
05/04/2022,BED,MA,ANE,EN,Towers with Radar,2,70,89,0,161,0,0,0,0,0,2,70,89,0,161,0,0,0,161
05/05/2022,BED,MA,ANE,EN,Towers with Radar,3,57,85,0,145,0,30,207,6,243,3,87,292,6,388,182,0,182,570
05/06/2022,BED,MA,ANE,EN,Towers with Radar,4,70,96,0,170,0,11,133,0,144,4,81,229,0,314,207,0,207,521
05/07/2022,BED,MA,ANE,EN,Towers with Radar,1,49,46,0,96,0,10,24,0,34,1,59,70,0,130,12,0,12,142
05/08/2022,BED,MA,ANE,EN,Towers with Radar,2,84,76,1,163,0,8,36,1,45,2,92,112,2,208,30,0,30,238
05/09/2022,BED,MA,ANE,EN,Towers with Radar,1,85,63,0,149,0,15,45,0,60,1,100,108,0,209,62,0,62,271
05/10/2022,BED,MA,ANE,EN,Towers with Radar,2,62,93,0,157,0,20,70,0,90,2,82,163,0,247,84,0,84,331
05/11/2022,BED,MA,ANE,EN,Towers with Radar,0,64,94,0,158,0,22,90,0,112,0,86,184,0,270,66,0,66,336
05/12/2022,BED,MA,ANE,EN,Towers with Radar,2,84,115,0,201,0,9,76,0,85,2,93,191,0,286,70,0,70,356
05/13/2022,BED,MA,ANE,EN,Towers with Radar,5,61,62,0,128,0,21,73,0,94,5,82,135,0,222,128,0,128,350
05/14/2022,BED,MA,ANE,EN,Towers with Radar,6,52,64,0,122,0,10,131,0,141,6,62,195,0,263,160,0,160,423
05/15/2022,BED,MA,ANE,EN,Towers with Radar,3,101,109,0,213,0,15,20,0,35,3,116,129,0,248,78,0,78,326
05/16/2022,BED,MA,ANE,EN,Towers with Radar,1,86,75,0,162,0,11,52,0,63,1,97,127,0,225,52,0,52,277
05/17/2022,BED,MA,ANE,EN,Towers with Radar,4,77,83,0,164,0,19,78,0,97,4,96,161,0,261,24,0,24,285
05/18/2022,BED,MA,ANE,EN,Towers with Radar,0,71,72,2,145,0,17,144,2,163,0,88,216,4,308,80,0,80,388
05/19/2022,BED,MA,ANE,EN,Towers with Radar,0,74,114,0,188,0,1,14,0,15,0,75,128,0,203,40,0,40,243
05/20/2022,BED,MA,ANE,EN,Towers with Radar,4,74,93,2,173,0,11,112,0,123,4,85,205,2,296,128,0,128,424
05/21/2022,BED,MA,ANE,EN,Towers with Radar,0,62,69,0,131,0,17,79,0,96,0,79,148,0,227,128,0,128,355
05/22/2022,BED,MA,ANE,EN,Towers with Radar,2,72,87,0,161,0,9,125,3,137,2,81,212,3,298,114,0,114,412
05/23/2022,BED,MA,ANE,EN,Towers with Radar,1,89,81,0,171,0,11,130,0,141,1,100,211,0,312,162,0,162,474
05/24/2022,BED,MA,ANE,EN,Towers with Radar,6,67,85,3,161,0,10,142,0,152,6,77,227,3,313,166,0,166,479
05/25/2022,BED,MA,ANE,EN,Towers with Radar,3,72,77,1,153,0,9,165,0,174,3,81,242,1,327,134,0,134,461
05/26/2022,BED,MA,ANE,EN,Towers with Radar,1,99,93,2,195,0,22,134,0,156,1,121,227,2,351,129,0,129,480
05/27/2022,BED,MA,ANE,EN,Towers with Radar,2,103,111,0,216,0,4,39,0,43,2,107,150,0,259,84,0,84,343
05/28/2022,BED,MA,ANE,EN,Towers with Radar,2,77,61,0,140,0,0,6,0,6,2,77,67,0,146,16,0,16,162
05/29/2022,BED,MA,ANE,EN,Towers with Radar,2,44,58,0,104,0,19,143,0,162,2,63,201,0,266,192,0,192,458
05/30/2022,BED,MA,ANE,EN,Towers with Radar,3,62,87,0,152,0,20,124,0,144,3,82,211,0,296,143,0,143,439
05/31/2022,BED,MA,ANE,EN,Towers with Radar,4,68,66,0,138,0,21,104,0,125,4,89,170,0,263,192,0,192,455
06/01/2022,BED,MA,ANE,EN,Towers with Radar,4,86,109,0,199,0,6,37,0,43,4,92,146,0,242,118,0,118,360
06/02/2022,BED,MA,ANE,EN,Towers with Radar,0,95,139,0,234,0,11,4,0,15,0,106,143,0,249,8,0,8,257
06/03/2022,BED,MA,ANE,EN,Towers with Radar,0,90,91,0,181,0,4,8,0,12,0,94,99,0,193,22,0,22,215
06/04/2022,BED,MA,ANE,EN,Towers with Radar,0,35,55,1,91,0,5,92,3,100,0,40,147,4,191,134,0,134,325
06/05/2022,BED,MA,ANE,EN,Towers with Radar,2,76,67,1,146,0,7,168,0,175,2,83,235,1,321,172,0,172,493
06/06/2022,BED,MA,ANE,EN,Towers with Radar,3,80,75,0,158,0,24,133,0,157,3,104,208,0,315,152,0,152,467
06/07/2022,BED,MA,ANE,EN,Towers with Radar,3,59,73,0,135,0,27,143,5,175,3,86,216,5,310,164,0,164,474
06/08/2022,BED,MA,ANE,EN,Towers with Radar,0,69,123,2,194,0,9,72,0,81,0,78,195,2,275,124,0,124,399
06/09/2022,BED,MA,ANE,EN,Towers with Radar,3,78,93,4,178,0,5,15,0,20,3,83,108,4,198,2,0,2,200
06/10/2022,BED,MA,ANE,EN,Towers with Radar,0,104,120,2,226,0,32,165,0,197,0,136,285,2,423,111,0,111,534
06/11/2022,BED,MA,ANE,EN,Towers with Radar,5,69,60,0,134,0,12,161,0,173,5,81,221,0,307,174,0,174,481
06/12/2022,BED,MA,ANE,EN,Towers with Radar,3,109,84,0,196,0,9,105,0,114,3,118,189,0,310,70,0,70,380
06/13/2022,BED,MA,ANE,EN,Towers with Radar,1,72,58,0,131,0,15,77,0,92,1,87,135,0,223,166,0,166,389
06/14/2022,BED,MA,ANE,EN,Towers with Radar,6,58,85,2,151,0,28,153,0,181,6,86,238,2,332,122,0,122,454
06/15/2022,BED,MA,ANE,EN,Towers with Radar,1,64,90,1,156,0,12,118,1,131,1,76,208,2,287,258,0,258,545
06/16/2022,BED,MA,ANE,EN,Towers with Radar,2,83,142,0,227,0,14,123,0,137,2,97,265,0,364,78,0,78,442
06/17/2022,BED,MA,ANE,EN,Towers with Radar,0,146,108,4,258,0,9,71,0,80,0,155,179,4,338,90,0,90,428
06/18/2022,BED,MA,ANE,EN,Towers with Radar,2,66,60,0,128,0,7,86,0,93,2,73,146,0,221,52,0,52,273
06/19/2022,BED,MA,ANE,EN,Towers with Radar,1,88,92,0,181,0,12,51,0,63,1,100,143,0,244,34,0,34,278
06/20/2022,BED,MA,ANE,EN,Towers with Radar,0,90,86,2,178,0,13,167,0,180,0,103,253,2,358,108,0,108,466
06/21/2022,BED,MA,ANE,EN,Towers with Radar,2,55,77,2,136,0,21,147,0,168,2,76,224,2,304,186,0,186,490
06/22/2022,BED,MA,ANE,EN,Towers with Radar,0,78,109,0,187,0,6,61,0,67,0,84,170,0,254,92,0,92,346
06/23/2022,BED,MA,ANE,EN,Towers with Radar,3,102,98,0,203,0,7,102,0,109,3,109,200,0,312,200,0,200,512
06/24/2022,BED,MA,ANE,EN,Towers with Radar,1,69,87,4,161,0,10,152,0,162,1,79,239,4,323,292,0,292,615
06/25/2022,BED,MA,ANE,EN,Towers with Radar,0,56,44,0,100,0,21,131,1,153,0,77,175,1,253,184,0,184,437
06/26/2022,BED,MA,ANE,EN,Towers with Radar,0,60,71,6,137,0,14,140,0,154,0,74,211,6,291,110,0,110,401
06/27/2022,BED,MA,ANE,EN,Towers with Radar,0,56,57,2,115,0,6,25,0,31,0,62,82,2,146,32,0,32,178
06/28/2022,BED,MA,ANE,EN,Towers with Radar,3,45,84,2,134,0,12,146,0,158,3,57,230,2,292,146,0,146,438
06/29/2022,BED,MA,ANE,EN,Towers with Radar,0,57,79,0,136,0,16,156,0,172,0,73,235,0,308,120,0,120,428
06/30/2022,BED,MA,ANE,EN,Towers with Radar,0,57,103,0,160,0,17,165,2,184,0,74,268,2,344,262,0,262,606
07/01/2022,BED,MA,ANE,EN,Towers with Radar,1,54,79,0,134,0,26,151,0,177,1,80,230,0,311,178,0,178,489
07/02/2022,BED,MA,ANE,EN,Towers with Radar,2,56,41,0,99,0,14,46,0,60,2,70,87,0,159,130,0,130,289
07/03/2022,BED,MA,ANE,EN,Towers with Radar,1,34,24,0,59,0,7,136,0,143,1,41,160,0,202,176,0,176,378
07/04/2022,BED,MA,ANE,EN,Towers with Radar,0,40,23,0,63,0,9,85,0,94,0,49,108,0,157,78,0,78,235
07/05/2022,BED,MA,ANE,EN,Towers with Radar,2,67,63,0,132,0,16,105,0,121,2,83,168,0,253,182,0,182,435
07/06/2022,BED,MA,ANE,EN,Towers with Radar,0,30,66,0,96,0,10,73,3,86,0,40,139,3,182,108,0,108,290
07/07/2022,BED,MA,ANE,EN,Towers with Radar,1,41,56,1,99,0,20,159,2,181,1,61,215,3,280,256,0,256,536
07/08/2022,BED,MA,ANE,EN,Towers with Radar,3,43,60,4,110,0,17,153,11,181,3,60,213,15,291,150,0,150,441
07/09/2022,BED,MA,ANE,EN,Towers with Radar,1,31,27,1,60,0,15,184,6,205,1,46,211,7,265,210,0,210,475
07/10/2022,BED,MA,ANE,EN,Towers with Radar,1,57,57,2,117,0,19,185,1,205,1,76,242,3,322,190,0,190,512
07/11/2022,BED,MA,ANE,EN,Towers with Radar,0,63,71,5,139,0,20,118,0,138,0,83,189,5,277,82,0,82,359
07/12/2022,BED,MA,ANE,EN,Towers with Radar,2,57,47,0,106,0,17,59,0,76,2,74,106,0,182,42,0,42,224
07/13/2022,BED,MA,ANE,EN,Towers with Radar,1,62,54,0,117,0,25,141,3,169,1,87,195,3,286,162,0,162,448
07/14/2022,BED,MA,ANE,EN,Towers with Radar,1,75,80,0,156,0,12,78,0,90,1,87,158,0,246,144,0,144,390
07/15/2022,BED,MA,ANE,EN,Towers with Radar,1,66,63,0,130,0,17,192,0,209,1,83,255,0,339,204,0,204,543
07/16/2022,BED,MA,ANE,EN,Towers with Radar,0,48,58,0,106,0,10,156,0,166,0,58,214,0,272,180,0,180,452
07/17/2022,BED,MA,ANE,EN,Towers with Radar,2,92,68,0,162,0,10,136,0,146,2,102,204,0,308,184,0,184,492
07/18/2022,BED,MA,ANE,EN,Towers with Radar,0,79,64,0,143,0,2,46,0,48,0,81,110,0,191,126,0,126,317
07/19/2022,BED,MA,ANE,EN,Towers with Radar,2,71,65,0,138,0,11,114,0,125,2,82,179,0,263,90,0,90,353
07/20/2022,BED,MA,ANE,EN,Towers with Radar,2,61,81,3,147,0,23,125,0,148,2,84,206,3,295,184,0,184,479
07/21/2022,BED,MA,ANE,EN,Towers with Radar,1,69,69,1,140,0,14,93,4,111,1,83,162,5,251,70,0,70,321
07/22/2022,BED,MA,ANE,EN,Towers with Radar,2,52,43,3,100,0,35,138,2,175,2,87,181,5,275,150,0,150,425
07/23/2022,BED,MA,ANE,EN,Towers with Radar,0,38,53,1,92,0,15,180,0,195,0,53,233,1,287,164,0,164,451
07/24/2022,BED,MA,ANE,EN,Towers with Radar,2,76,63,0,141,0,17,113,1,131,2,93,176,1,272,82,0,82,354
07/25/2022,BED,MA,ANE,EN,Towers with Radar,0,54,50,0,104,0,1,41,0,42,0,55,91,0,146,68,0,68,214
07/26/2022,BED,MA,ANE,EN,Towers with Radar,0,58,63,0,121,0,19,160,0,179,0,77,223,0,300,204,0,204,504
07/27/2022,BED,MA,ANE,EN,Towers with Radar,0,60,69,0,129,0,23,155,0,178,0,83,224,0,307,188,0,188,495
07/28/2022,BED,MA,ANE,EN,Towers with Radar,0,64,94,1,159,0,10,75,1,86,0,74,169,2,245,198,0,198,443
07/29/2022,BED,MA,ANE,EN,Towers with Radar,1,64,77,0,142,0,21,127,0,148,1,85,204,0,290,146,0,146,436
07/30/2022,BED,MA,ANE,EN,Towers with Radar,0,30,68,0,98,0,14,120,0,134,0,44,188,0,232,90,0,90,322
07/31/2022,BED,MA,ANE,EN,Towers with Radar,0,60,74,0,134,0,27,204,0,231,0,87,278,0,365,207,0,207,572
08/01/2022,BED,MA,ANE,EN,Towers with Radar,0,63,78,0,141,0,9,131,0,140,0,72,209,0,281,206,0,206,487
08/02/2022,BED,MA,ANE,EN,Towers with Radar,2,47,56,0,105,0,15,132,0,147,2,62,188,0,252,172,0,172,424
08/03/2022,BED,MA,ANE,EN,Towers with Radar,0,80,80,0,160,0,22,175,0,197,0,102,255,0,357,170,0,170,527
08/04/2022,BED,MA,ANE,EN,Towers with Radar,1,83,86,0,170,0,11,137,1,149,1,94,223,1,319,98,0,98,417
08/05/2022,BED,MA,ANE,EN,Towers with Radar,2,67,72,2,143,0,13,72,0,85,2,80,144,2,228,104,0,104,332
08/06/2022,BED,MA,ANE,EN,Towers with Radar,1,68,52,0,121,0,13,101,0,114,1,81,153,0,235,136,0,136,371
08/07/2022,BED,MA,ANE,EN,Towers with Radar,1,70,47,0,118,0,36,104,0,140,1,106,151,0,258,90,0,90,348
08/08/2022,BED,MA,ANE,EN,Towers with Radar,0,68,55,0,123,0,20,64,0,84,0,88,119,0,207,58,0,58,265
08/09/2022,BED,MA,ANE,EN,Towers with Radar,2,50,59,3,114,0,14,72,0,86,2,64,131,3,200,108,0,108,308
08/10/2022,BED,MA,ANE,EN,Towers with Radar,0,68,100,3,171,0,9,56,0,65,0,77,156,3,236,174,0,174,410
08/11/2022,BED,MA,ANE,EN,Towers with Radar,0,85,68,0,153,0,10,97,0,107,0,95,165,0,260,196,0,196,456
08/12/2022,BED,MA,ANE,EN,Towers with Radar,4,68,66,1,139,0,34,182,0,216,4,102,248,1,355,60,0,60,415
08/13/2022,BED,MA,ANE,EN,Towers with Radar,0,40,36,1,77,0,16,165,0,181,0,56,201,1,258,206,0,206,464
08/14/2022,BED,MA,ANE,EN,Towers with Radar,3,75,63,0,141,0,20,181,0,201,3,95,244,0,342,183,0,183,525
08/15/2022,BED,MA,ANE,EN,Towers with Radar,1,68,58,0,127,0,22,100,0,122,1,90,158,0,249,96,0,96,345
08/16/2022,BED,MA,ANE,EN,Towers with Radar,7,47,72,0,126,0,35,130,0,165,7,82,202,0,291,118,0,118,409
08/17/2022,BED,MA,ANE,EN,Towers with Radar,0,64,71,0,135,0,19,64,1,84,0,83,135,1,219,104,0,104,323
08/18/2022,BED,MA,ANE,EN,Towers with Radar,0,77,78,0,155,0,13,85,0,98,0,90,163,0,253,40,0,40,293
08/19/2022,BED,MA,ANE,EN,Towers with Radar,2,55,50,3,110,0,25,134,0,159,2,80,184,3,269,220,0,220,489
08/20/2022,BED,MA,ANE,EN,Towers with Radar,3,43,35,1,82,0,32,172,1,205,3,75,207,2,287,132,0,132,419
08/21/2022,BED,MA,ANE,EN,Towers with Radar,2,78,35,2,117,0,37,95,0,132,2,115,130,2,249,138,0,138,387
08/22/2022,BED,MA,ANE,EN,Towers with Radar,1,79,71,0,151,0,0,0,0,0,1,79,71,0,151,0,0,0,151
08/23/2022,BED,MA,ANE,EN,Towers with Radar,0,56,78,0,134,0,9,3,0,12,0,65,81,0,146,18,0,18,164
08/24/2022,BED,MA,ANE,EN,Towers with Radar,1,64,77,0,142,0,18,146,2,166,1,82,223,2,308,214,0,214,522
08/25/2022,BED,MA,ANE,EN,Towers with Radar,0,50,79,2,131,0,22,174,0,196,0,72,253,2,327,163,0,163,490
08/26/2022,BED,MA,ANE,EN,Towers with Radar,1,53,54,0,108,0,17,104,0,121,1,70,158,0,229,110,0,110,339
08/27/2022,BED,MA,ANE,EN,Towers with Radar,1,50,54,0,105,0,21,138,1,160,1,71,192,1,265,174,0,174,439
08/28/2022,BED,MA,ANE,EN,Towers with Radar,0,93,95,0,188,0,48,107,0,155,0,141,202,0,343,244,0,244,587
08/29/2022,BED,MA,ANE,EN,Towers with Radar,2,81,58,0,141,0,15,131,0,146,2,96,189,0,287,142,0,142,429
08/30/2022,BED,MA,ANE,EN,Towers with Radar,3,74,52,0,129,0,21,129,0,150,3,95,181,0,279,154,0,154,433
08/31/2022,BED,MA,ANE,EN,Towers with Radar,1,72,62,2,137,0,25,128,0,153,1,97,190,2,290,168,0,168,458
09/01/2022,BED,MA,ANE,EN,Towers with Radar,1,72,63,0,136,0,12,88,1,101,1,84,151,1,237,98,0,98,335
09/02/2022,BED,MA,ANE,EN,Towers with Radar,0,48,75,0,123,0,28,151,0,179,0,76,226,0,302,182,0,182,484
09/03/2022,BED,MA,ANE,EN,Towers with Radar,2,38,39,0,79,0,8,148,0,156,2,46,187,0,235,136,0,136,371
09/04/2022,BED,MA,ANE,EN,Towers with Radar,2,53,47,0,102,0,15,103,0,118,2,68,150,0,220,92,0,92,312
09/05/2022,BED,MA,ANE,EN,Towers with Radar,0,84,104,0,188,0,0,0,0,0,0,84,104,0,188,0,0,0,188
09/06/2022,BED,MA,ANE,EN,Towers with Radar,2,75,91,0,168,0,0,0,0,0,2,75,91,0,168,0,0,0,168
09/07/2022,BED,MA,ANE,EN,Towers with Radar,0,63,114,5,182,0,3,54,1,58,0,66,168,6,240,79,0,79,319
09/08/2022,BED,MA,ANE,EN,Towers with Radar,1,62,82,1,146,0,13,141,5,159,1,75,223,6,305,159,0,159,464
09/09/2022,BED,MA,ANE,EN,Towers with Radar,1,55,78,2,136,0,36,140,0,176,1,91,218,2,312,184,0,184,496
09/10/2022,BED,MA,ANE,EN,Towers with Radar,0,43,50,2,95,0,21,179,0,200,0,64,229,2,295,169,0,169,464
09/11/2022,BED,MA,ANE,EN,Towers with Radar,2,81,89,2,174,0,12,137,0,149,2,93,226,2,323,172,0,172,495
09/12/2022,BED,MA,ANE,EN,Towers with Radar,0,101,100,0,201,0,6,12,0,18,0,107,112,0,219,24,0,24,243
09/13/2022,BED,MA,ANE,EN,Towers with Radar,4,71,75,2,152,0,2,1,0,3,4,73,76,2,155,0,0,0,155
09/14/2022,BED,MA,ANE,EN,Towers with Radar,3,64,86,2,155,0,18,158,0,176,3,82,244,2,331,100,0,100,431
09/15/2022,BED,MA,ANE,EN,Towers with Radar,2,72,91,3,168,0,15,88,0,103,2,87,179,3,271,63,0,63,334
09/16/2022,BED,MA,ANE,EN,Towers with Radar,3,55,66,2,126,0,15,128,0,143,3,70,194,2,269,126,0,126,395
09/17/2022,BED,MA,ANE,EN,Towers with Radar,0,43,43,0,86,0,28,161,0,189,0,71,204,0,275,170,0,170,445
09/18/2022,BED,MA,ANE,EN,Towers with Radar,2,71,79,0,152,0,11,134,0,145,2,82,213,0,297,88,0,88,385
09/19/2022,BED,MA,ANE,EN,Towers with Radar,0,67,79,0,146,0,1,0,0,1,0,68,79,0,147,0,0,0,147
09/20/2022,BED,MA,ANE,EN,Towers with Radar,0,82,85,0,167,0,3,0,0,3,0,85,85,0,170,0,0,0,170
09/21/2022,BED,MA,ANE,EN,Towers with Radar,0,88,102,3,193,0,8,71,0,79,0,96,173,3,272,188,0,188,460
09/22/2022,BED,MA,ANE,EN,Towers with Radar,0,71,68,1,140,0,5,5,0,10,0,76,73,1,150,0,0,0,150
09/23/2022,BED,MA,ANE,EN,Towers with Radar,1,84,73,2,160,0,6,56,0,62,1,90,129,2,222,30,0,30,252
09/24/2022,BED,MA,ANE,EN,Towers with Radar,4,32,38,0,74,0,18,103,0,121,4,50,141,0,195,78,0,78,273
09/25/2022,BED,MA,ANE,EN,Towers with Radar,3,66,74,2,145,0,10,122,1,133,3,76,196,3,278,174,0,174,452
09/26/2022,BED,MA,ANE,EN,Towers with Radar,0,64,73,0,137,0,8,51,0,59,0,72,124,0,196,81,0,81,277
09/27/2022,BED,MA,ANE,EN,Towers with Radar,2,74,56,0,132,0,13,108,0,121,2,87,164,0,253,104,0,104,357
09/28/2022,BED,MA,ANE,EN,Towers with Radar,0,66,61,0,127,0,16,99,0,115,0,82,160,0,242,75,0,75,317
09/29/2022,BED,MA,ANE,EN,Towers with Radar,0,97,86,0,183,0,17,118,0,135,0,114,204,0,318,112,0,112,430
09/30/2022,BED,MA,ANE,EN,Towers with Radar,2,76,85,0,163,0,11,126,0,137,2,87,211,0,300,128,0,128,428
10/01/2022,BED,MA,ANE,EN,Towers with Radar,2,51,44,0,97,0,2,63,0,65,2,53,107,0,162,193,0,193,355
10/02/2022,BED,MA,ANE,EN,Towers with Radar,4,98,72,0,174,0,10,30,0,40,4,108,102,0,214,66,0,66,280
10/03/2022,BED,MA,ANE,EN,Towers with Radar,1,70,65,0,136,0,13,89,0,102,1,83,154,0,238,92,0,92,330
10/04/2022,BED,MA,ANE,EN,Towers with Radar,3,54,78,2,137,0,8,13,0,21,3,62,91,2,158,32,0,32,190
10/05/2022,BED,MA,ANE,EN,Towers with Radar,2,74,85,1,162,0,0,0,0,0,2,74,85,1,162,0,0,0,162
10/06/2022,BED,MA,ANE,EN,Towers with Radar,4,100,100,0,204,0,11,163,0,174,4,111,263,0,378,147,0,147,525
10/07/2022,BED,MA,ANE,EN,Towers with Radar,2,72,110,0,184,0,17,141,0,158,2,89,251,0,342,174,0,174,516
10/08/2022,BED,MA,ANE,EN,Towers with Radar,5,65,51,0,121,0,15,131,0,146,5,80,182,0,267,80,0,80,347
10/09/2022,BED,MA,ANE,EN,Towers with Radar,1,80,68,0,149,0,13,108,0,121,1,93,176,0,270,94,0,94,364
10/10/2022,BED,MA,ANE,EN,Towers with Radar,2,94,69,0,165,0,5,119,0,124,2,99,188,0,289,152,0,152,441
10/11/2022,BED,MA,ANE,EN,Towers with Radar,2,59,61,1,123,0,12,120,0,132,2,71,181,1,255,148,0,148,403
10/12/2022,BED,MA,ANE,EN,Towers with Radar,0,76,82,0,158,0,10,144,6,160,0,86,226,6,318,150,0,150,468
10/13/2022,BED,MA,ANE,EN,Towers with Radar,4,87,86,3,180,0,3,3,0,6,4,90,89,3,186,0,0,0,186
10/14/2022,BED,MA,ANE,EN,Towers with Radar,0,88,91,2,181,0,2,8,0,10,0,90,99,2,191,10,0,10,201
10/15/2022,BED,MA,ANE,EN,Towers with Radar,0,59,53,0,112,0,18,143,0,161,0,77,196,0,273,156,0,156,429
10/16/2022,BED,MA,ANE,EN,Towers with Radar,0,74,86,0,160,0,9,184,0,193,0,83,270,0,353,144,0,144,497
10/17/2022,BED,MA,ANE,EN,Towers with Radar,0,47,79,0,126,0,16,44,0,60,0,63,123,0,186,106,0,106,292
10/18/2022,BED,MA,ANE,EN,Towers with Radar,3,80,99,0,182,0,4,57,0,61,3,84,156,0,243,94,0,94,337
10/19/2022,BED,MA,ANE,EN,Towers with Radar,0,68,66,0,134,0,15,108,0,123,0,83,174,0,257,80,0,80,337
10/20/2022,BED,MA,ANE,EN,Towers with Radar,1,82,82,3,168,0,9,119,0,128,1,91,201,3,296,124,0,124,420
10/21/2022,BED,MA,ANE,EN,Towers with Radar,0,59,76,2,137,0,14,179,0,193,0,73,255,2,330,190,0,190,520
10/22/2022,BED,MA,ANE,EN,Towers with Radar,0,47,39,0,86,0,12,201,0,213,0,59,240,0,299,126,0,126,425
10/23/2022,BED,MA,ANE,EN,Towers with Radar,0,93,75,2,170,0,6,109,0,115,0,99,184,2,285,140,0,140,425
10/24/2022,BED,MA,ANE,EN,Towers with Radar,1,63,55,2,121,0,0,0,0,0,1,63,55,2,121,0,0,0,121
10/25/2022,BED,MA,ANE,EN,Towers with Radar,2,74,68,2,146,0,0,0,0,0,2,74,68,2,146,0,0,0,146
10/26/2022,BED,MA,ANE,EN,Towers with Radar,1,79,95,4,179,0,0,0,0,0,1,79,95,4,179,2,0,2,181
10/27/2022,BED,MA,ANE,EN,Towers with Radar,1,56,91,4,152,0,10,145,0,155,1,66,236,4,307,174,0,174,481
10/28/2022,BED,MA,ANE,EN,Towers with Radar,0,60,69,2,131,0,19,149,0,168,0,79,218,2,299,114,0,114,413
10/29/2022,BED,MA,ANE,EN,Towers with Radar,1,56,46,0,103,0,10,166,0,176,1,66,212,0,279,146,0,146,425
10/30/2022,BED,MA,ANE,EN,Towers with Radar,2,66,62,0,130,0,18,155,0,173,2,84,217,0,303,126,0,126,429
10/31/2022,BED,MA,ANE,EN,Towers with Radar,2,55,46,0,103,0,9,85,0,94,2,64,131,0,197,144,0,144,341
11/01/2022,BED,MA,ANE,EN,Towers with Radar,3,70,77,0,150,0,6,19,0,25,3,76,96,0,175,38,0,38,213
11/02/2022,BED,MA,ANE,EN,Towers with Radar,0,69,56,0,125,0,18,122,4,144,0,87,178,4,269,134,0,134,403
11/03/2022,BED,MA,ANE,EN,Towers with Radar,3,74,108,0,185,0,18,150,0,168,3,92,258,0,353,210,0,210,563
11/04/2022,BED,MA,ANE,EN,Towers with Radar,2,77,71,5,155,0,9,125,1,135,2,86,196,6,290,78,0,78,368
11/05/2022,BED,MA,ANE,EN,Towers with Radar,0,41,42,0,83,0,8,114,0,122,0,49,156,0,205,192,0,192,397
11/06/2022,BED,MA,ANE,EN,Towers with Radar,0,99,77,2,178,0,9,70,2,81,0,108,147,4,259,40,0,40,299
11/07/2022,BED,MA,ANE,EN,Towers with Radar,0,53,58,0,111,0,13,80,1,94,0,66,138,1,205,98,0,98,303
11/08/2022,BED,MA,ANE,EN,Towers with Radar,2,63,49,0,114,0,18,58,5,81,2,81,107,5,195,34,0,34,229
11/09/2022,BED,MA,ANE,EN,Towers with Radar,1,66,65,0,132,0,20,136,0,156,1,86,201,0,288,182,0,182,470
11/10/2022,BED,MA,ANE,EN,Towers with Radar,1,60,81,0,142,0,12,90,0,102,1,72,171,0,244,72,0,72,316
11/11/2022,BED,MA,ANE,EN,Towers with Radar,4,75,80,0,159,0,7,65,0,72,4,82,145,0,231,190,0,190,421
11/12/2022,BED,MA,ANE,EN,Towers with Radar,1,39,24,0,64,0,6,28,0,34,1,45,52,0,98,36,0,36,134
11/13/2022,BED,MA,ANE,EN,Towers with Radar,4,90,82,0,176,0,4,11,0,15,4,94,93,0,191,54,0,54,245
11/14/2022,BED,MA,ANE,EN,Towers with Radar,0,68,70,0,138,0,6,124,0,130,0,74,194,0,268,76,0,76,344
11/15/2022,BED,MA,ANE,EN,Towers with Radar,4,67,75,0,146,12,8,108,0,128,16,75,183,0,274,148,0,148,422
11/16/2022,BED,MA,ANE,EN,Towers with Radar,0,69,69,0,138,0,5,5,0,10,0,74,74,0,148,0,0,0,148
11/17/2022,BED,MA,ANE,EN,Towers with Radar,0,64,83,0,147,0,10,72,0,82,0,74,155,0,229,90,0,90,319
11/18/2022,BED,MA,ANE,EN,Towers with Radar,0,72,80,1,153,0,12,115,1,128,0,84,195,2,281,138,0,138,419
11/19/2022,BED,MA,ANE,EN,Towers with Radar,0,61,55,0,116,0,9,220,0,229,0,70,275,0,345,132,0,132,477
11/20/2022,BED,MA,ANE,EN,Towers with Radar,1,81,62,0,144,0,12,47,0,59,1,93,109,0,203,0,0,0,203
11/21/2022,BED,MA,ANE,EN,Towers with Radar,0,73,58,0,131,0,15,97,0,112,0,88,155,0,243,164,0,164,407
11/22/2022,BED,MA,ANE,EN,Towers with Radar,5,76,63,0,144,0,17,139,0,156,5,93,202,0,300,134,0,134,434
11/23/2022,BED,MA,ANE,EN,Towers with Radar,0,72,64,0,136,0,16,115,0,131,0,88,179,0,267,50,0,50,317
11/24/2022,BED,MA,ANE,EN,Towers with Radar,0,28,13,0,41,0,13,33,0,46,0,41,46,0,87,36,0,36,123
11/25/2022,BED,MA,ANE,EN,Towers with Radar,4,57,43,0,104,0,4,16,0,20,4,61,59,0,124,64,0,64,188
11/26/2022,BED,MA,ANE,EN,Towers with Radar,0,70,66,0,136,0,9,96,0,105,0,79,162,0,241,70,0,70,311
11/27/2022,BED,MA,ANE,EN,Towers with Radar,0,99,124,0,223,10,2,58,0,70,10,101,182,0,293,116,0,116,409
11/28/2022,BED,MA,ANE,EN,Towers with Radar,0,73,71,0,144,0,16,58,0,74,0,89,129,0,218,56,0,56,274
11/29/2022,BED,MA,ANE,EN,Towers with Radar,4,64,78,3,149,0,14,118,1,133,4,78,196,4,282,180,0,180,462
11/30/2022,BED,MA,ANE,EN,Towers with Radar,1,57,50,0,108,0,6,16,1,23,1,63,66,1,131,85,0,85,216
12/01/2022,BED,MA,ANE,EN,Towers with Radar,1,76,60,1,138,0,14,18,0,32,1,90,78,1,170,0,0,0,170
12/02/2022,BED,MA,ANE,EN,Towers with Radar,1,93,105,0,199,0,20,95,0,115,1,113,200,0,314,88,0,88,402
12/03/2022,BED,MA,ANE,EN,Towers with Radar,2,63,27,0,92,0,0,0,0,0,2,63,27,0,92,0,0,0,92
12/04/2022,BED,MA,ANE,EN,Towers with Radar,0,88,71,0,159,0,18,162,0,180,0,106,233,0,339,110,0,110,449
12/05/2022,BED,MA,ANE,EN,Towers with Radar,2,57,51,3,113,0,16,132,0,148,2,73,183,3,261,130,0,130,391
12/06/2022,BED,MA,ANE,EN,Towers with Radar,3,63,72,2,140,0,19,93,0,112,3,82,165,2,252,180,0,180,432
12/07/2022,BED,MA,ANE,EN,Towers with Radar,0,66,80,1,147,0,0,1,0,1,0,66,81,1,148,0,0,0,148
12/08/2022,BED,MA,ANE,EN,Towers with Radar,1,66,67,0,134,0,9,97,2,108,1,75,164,2,242,72,0,72,314
12/09/2022,BED,MA,ANE,EN,Towers with Radar,0,67,69,0,136,0,13,106,0,119,0,80,175,0,255,62,0,62,317
12/10/2022,BED,MA,ANE,EN,Towers with Radar,0,44,47,0,91,0,0,67,0,67,0,44,114,0,158,234,0,234,392
12/11/2022,BED,MA,ANE,EN,Towers with Radar,0,67,52,0,119,0,2,36,0,38,0,69,88,0,157,160,0,160,317
12/12/2022,BED,MA,ANE,EN,Towers with Radar,3,61,44,0,108,0,24,65,0,89,3,85,109,0,197,94,0,94,291
12/13/2022,BED,MA,ANE,EN,Towers with Radar,4,46,56,1,107,0,19,91,0,110,4,65,147,1,217,94,0,94,311
12/14/2022,BED,MA,ANE,EN,Towers with Radar,1,54,69,1,125,0,15,42,0,57,1,69,111,1,182,14,0,14,196
12/15/2022,BED,MA,ANE,EN,Towers with Radar,0,72,70,0,142,0,8,64,0,72,0,80,134,0,214,116,0,116,330
12/16/2022,BED,MA,ANE,EN,Towers with Radar,1,83,46,1,131,0,0,0,0,0,1,83,46,1,131,0,0,0,131
12/17/2022,BED,MA,ANE,EN,Towers with Radar,3,73,64,1,141,0,6,22,0,28,3,79,86,1,169,36,0,36,205
12/18/2022,BED,MA,ANE,EN,Towers with Radar,2,75,57,3,137,9,9,102,1,121,11,84,159,4,258,102,0,102,360
12/19/2022,BED,MA,ANE,EN,Towers with Radar,0,73,50,0,123,0,14,47,0,61,0,87,97,0,184,24,0,24,208
12/20/2022,BED,MA,ANE,EN,Towers with Radar,0,56,52,2,110,0,9,91,2,102,0,65,143,4,212,118,0,118,330
12/21/2022,BED,MA,ANE,EN,Towers with Radar,1,85,54,3,143,0,15,130,2,147,1,100,184,5,290,180,0,180,470
12/22/2022,BED,MA,ANE,EN,Towers with Radar,0,74,45,0,119,0,18,65,0,83,0,92,110,0,202,100,0,100,302
12/23/2022,BED,MA,ANE,EN,Towers with Radar,1,38,7,0,46,0,0,0,0,0,1,38,7,0,46,0,0,0,46
12/24/2022,BED,MA,ANE,EN,Towers with Radar,0,34,23,0,57,0,6,9,0,15,0,40,32,0,72,4,0,4,76
12/25/2022,BED,MA,ANE,EN,Towers with Radar,1,61,21,0,83,0,7,2,0,9,1,68,23,0,92,0,0,0,92
12/26/2022,BED,MA,ANE,EN,Towers with Radar,1,102,101,0,204,0,17,75,0,92,1,119,176,0,296,12,0,12,308
12/27/2022,BED,MA,ANE,EN,Towers with Radar,2,55,63,0,120,0,25,100,1,126,2,80,163,1,246,124,0,124,370
12/28/2022,BED,MA,ANE,EN,Towers with Radar,2,40,28,0,70,0,12,72,0,84,2,52,100,0,154,88,0,88,242
12/29/2022,BED,MA,ANE,EN,Towers with Radar,2,35,47,2,86,0,4,81,0,85,2,39,128,2,171,116,0,116,287
12/30/2022,BED,MA,ANE,EN,Towers with Radar,1,35,49,0,85,0,7,94,0,101,1,42,143,0,186,124,0,124,310
12/31/2022,BED,MA,ANE,EN,Towers with Radar,4,40,49,0,93,0,0,3,0,3,4,40,52,0,96,16,0,16,112
01/01/2023,BED,MA,ANE,EN,Towers with Radar,5,75,55,0,135,0,7,26,0,33,5,82,81,0,168,28,0,28,196
01/02/2023,BED,MA,ANE,EN,Towers with Radar,4,86,85,0,175,0,28,143,2,173,4,114,228,2,348,186,0,186,534
01/03/2023,BED,MA,ANE,EN,Towers with Radar,3,65,32,1,101,0,0,0,0,0,3,65,32,1,101,0,0,0,101
01/04/2023,BED,MA,ANE,EN,Towers with Radar,0,79,62,1,142,0,0,0,1,1,0,79,62,2,143,0,0,0,143
01/05/2023,BED,MA,ANE,EN,Towers with Radar,0,69,49,1,119,0,0,0,0,0,0,69,49,1,119,0,0,0,119
01/06/2023,BED,MA,ANE,EN,Towers with Radar,0,48,34,1,83,0,0,0,0,0,0,48,34,1,83,0,0,0,83
01/07/2023,BED,MA,ANE,EN,Towers with Radar,0,49,57,0,106,0,11,109,0,120,0,60,166,0,226,150,0,150,376
01/08/2023,BED,MA,ANE,EN,Towers with Radar,0,57,61,0,118,0,10,138,0,148,0,67,199,0,266,172,0,172,438
01/09/2023,BED,MA,ANE,EN,Towers with Radar,1,51,50,0,102,0,15,122,0,137,1,66,172,0,239,158,0,158,397
01/10/2023,BED,MA,ANE,EN,Towers with Radar,5,55,55,2,117,0,16,103,0,119,5,71,158,2,236,60,0,60,296
01/11/2023,BED,MA,ANE,EN,Towers with Radar,1,63,63,0,127,0,17,107,0,124,1,80,170,0,251,178,0,178,429
01/12/2023,BED,MA,ANE,EN,Towers with Radar,1,72,61,1,135,0,2,0,0,2,1,74,61,1,137,0,0,0,137
01/13/2023,BED,MA,ANE,EN,Towers with Radar,2,92,57,0,151,0,6,4,0,10,2,98,61,0,161,20,0,20,181
01/14/2023,BED,MA,ANE,EN,Towers with Radar,2,52,35,0,89,0,0,0,0,0,2,52,35,0,89,0,0,0,89
01/15/2023,BED,MA,ANE,EN,Towers with Radar,0,39,30,0,69,0,4,36,0,40,0,43,66,0,109,74,0,74,183
01/16/2023,BED,MA,ANE,EN,Towers with Radar,6,90,61,0,157,0,0,3,0,3,6,90,64,0,160,0,0,0,160
01/17/2023,BED,MA,ANE,EN,Towers with Radar,4,66,46,0,116,0,9,132,0,141,4,75,178,0,257,182,0,182,439
01/18/2023,BED,MA,ANE,EN,Towers with Radar,2,54,67,1,124,0,7,89,0,96,2,61,156,1,220,120,0,120,340
01/19/2023,BED,MA,ANE,EN,Towers with Radar,0,58,64,1,123,0,2,73,0,75,0,60,137,1,198,94,0,94,292
01/20/2023,BED,MA,ANE,EN,Towers with Radar,4,65,56,0,125,0,0,0,0,0,4,65,56,0,125,0,0,0,125
01/21/2023,BED,MA,ANE,EN,Towers with Radar,1,54,38,0,93,0,6,48,0,54,1,60,86,0,147,176,0,176,323
01/22/2023,BED,MA,ANE,EN,Towers with Radar,0,60,40,0,100,0,5,45,0,50,0,65,85,0,150,284,0,284,434
01/23/2023,BED,MA,ANE,EN,Towers with Radar,2,45,31,0,78,0,0,0,0,0,2,45,31,0,78,0,0,0,78
01/24/2023,BED,MA,ANE,EN,Towers with Radar,1,58,62,0,121,0,16,124,0,140,1,74,186,0,261,84,0,84,345
01/25/2023,BED,MA,ANE,EN,Towers with Radar,5,51,53,0,109,0,10,41,0,51,5,61,94,0,160,72,0,72,232
01/26/2023,BED,MA,ANE,EN,Towers with Radar,0,70,60,0,130,0,4,8,0,12,0,74,68,0,142,0,0,0,142
01/27/2023,BED,MA,ANE,EN,Towers with Radar,2,58,62,2,124,0,16,150,2,168,2,74,212,4,292,162,0,162,454
01/28/2023,BED,MA,ANE,EN,Towers with Radar,4,35,57,0,96,0,6,127,0,133,4,41,184,0,229,124,0,124,353
01/29/2023,BED,MA,ANE,EN,Towers with Radar,3,86,57,0,146,0,7,125,0,132,3,93,182,0,278,82,0,82,360
01/30/2023,BED,MA,ANE,EN,Towers with Radar,0,61,54,0,115,0,10,94,0,104,0,71,148,0,219,176,0,176,395
01/31/2023,BED,MA,ANE,EN,Towers with Radar,1,53,64,2,120,0,9,62,0,71,1,62,126,2,191,78,0,78,269
02/01/2023,BED,MA,ANE,EN,Towers with Radar,3,63,59,2,127,0,4,104,0,108,3,67,163,2,235,150,0,150,385
02/02/2023,BED,MA,ANE,EN,Towers with Radar,0,92,56,0,148,0,11,80,0,91,0,103,136,0,239,128,0,128,367
02/03/2023,BED,MA,ANE,EN,Towers with Radar,1,50,35,0,86,0,11,7,0,18,1,61,42,0,104,0,0,0,104
02/04/2023,BED,MA,ANE,EN,Towers with Radar,3,34,23,0,60,0,9,14,0,23,3,43,37,0,83,14,0,14,97
02/05/2023,BED,MA,ANE,EN,Towers with Radar,1,71,51,0,123,0,12,105,0,117,1,83,156,0,240,36,0,36,276
02/06/2023,BED,MA,ANE,EN,Towers with Radar,0,57,62,0,119,0,6,51,0,57,0,63,113,0,176,56,0,56,232
02/07/2023,BED,MA,ANE,EN,Towers with Radar,4,49,69,0,122,0,5,77,2,84,4,54,146,2,206,130,0,130,336
02/08/2023,BED,MA,ANE,EN,Towers with Radar,2,60,56,0,118,0,13,98,0,111,2,73,154,0,229,104,0,104,333
02/09/2023,BED,MA,ANE,EN,Towers with Radar,2,58,41,0,101,0,1,76,0,77,2,59,117,0,178,152,0,152,330
02/10/2023,BED,MA,ANE,EN,Towers with Radar,2,59,45,0,106,0,7,31,0,38,2,66,76,0,144,2,0,2,146
02/11/2023,BED,MA,ANE,EN,Towers with Radar,1,57,36,0,94,0,3,85,0,88,1,60,121,0,182,88,0,88,270
02/12/2023,BED,MA,ANE,EN,Towers with Radar,2,63,46,0,111,0,11,168,0,179,2,74,214,0,290,150,0,150,440
02/13/2023,BED,MA,ANE,EN,Towers with Radar,3,58,57,0,118,0,6,36,0,42,3,64,93,0,160,100,0,100,260
02/14/2023,BED,MA,ANE,EN,Towers with Radar,0,40,47,1,88,0,13,87,0,100,0,53,134,1,188,72,0,72,260
02/15/2023,BED,MA,ANE,EN,Towers with Radar,5,62,59,1,127,0,11,59,0,70,5,73,118,1,197,38,0,38,235
02/16/2023,BED,MA,ANE,EN,Towers with Radar,2,75,59,1,137,0,12,110,0,122,2,87,169,1,259,76,0,76,335
02/17/2023,BED,MA,ANE,EN,Towers with Radar,2,112,88,0,202,0,0,4,0,4,2,112,92,0,206,0,0,0,206
02/18/2023,BED,MA,ANE,EN,Towers with Radar,2,65,55,0,122,0,14,156,0,170,2,79,211,0,292,110,0,110,402
02/19/2023,BED,MA,ANE,EN,Towers with Radar,4,54,52,0,110,0,9,103,0,112,4,63,155,0,222,104,0,104,326
02/20/2023,BED,MA,ANE,EN,Towers with Radar,1,75,54,0,130,0,3,90,0,93,1,78,144,0,223,86,0,86,309
02/21/2023,BED,MA,ANE,EN,Towers with Radar,5,74,48,0,127,0,0,0,0,0,5,74,48,0,127,0,0,0,127
02/22/2023,BED,MA,ANE,EN,Towers with Radar,1,53,44,0,98,0,10,99,0,109,1,63,143,0,207,156,0,156,363
02/23/2023,BED,MA,ANE,EN,Towers with Radar,1,52,43,0,96,0,0,0,0,0,1,52,43,0,96,0,0,0,96
02/24/2023,BED,MA,ANE,EN,Towers with Radar,2,66,45,0,113,1,10,5,0,16,3,76,50,0,129,0,0,0,129
02/25/2023,BED,MA,ANE,EN,Towers with Radar,3,60,38,0,101,19,3,39,0,61,22,63,77,0,162,108,0,108,270
02/26/2023,BED,MA,ANE,EN,Towers with Radar,2,88,80,0,170,0,4,6,0,10,2,92,86,0,180,12,0,12,192
02/27/2023,BED,MA,ANE,EN,Towers with Radar,1,59,74,0,134,5,14,88,0,107,6,73,162,0,241,120,0,120,361
02/28/2023,BED,MA,ANE,EN,Towers with Radar,3,46,37,0,86,0,0,0,0,0,3,46,37,0,86,0,0,0,86
03/01/2023,BED,MA,ANE,EN,Towers with Radar,3,47,71,0,121,16,10,55,0,81,19,57,126,0,202,160,0,160,362
03/02/2023,BED,MA,ANE,EN,Towers with Radar,0,67,54,2,123,0,6,0,0,6,0,73,54,2,129,0,0,0,129
03/03/2023,BED,MA,ANE,EN,Towers with Radar,2,69,68,0,139,8,9,131,0,148,10,78,199,0,287,110,0,110,397
03/04/2023,BED,MA,ANE,EN,Towers with Radar,1,29,17,0,47,0,0,0,0,0,1,29,17,0,47,0,0,0,47
03/05/2023,BED,MA,ANE,EN,Towers with Radar,2,69,56,0,127,0,10,94,0,104,2,79,150,0,231,198,0,198,429
03/06/2023,BED,MA,ANE,EN,Towers with Radar,2,54,42,0,98,5,7,30,0,42,7,61,72,0,140,38,0,38,178
03/07/2023,BED,MA,ANE,EN,Towers with Radar,3,55,41,2,101,0,6,58,0,64,3,61,99,2,165,10,0,10,175
03/08/2023,BED,MA,ANE,EN,Towers with Radar,0,71,74,1,146,0,7,105,0,112,0,78,179,1,258,100,0,100,358
03/09/2023,BED,MA,ANE,EN,Towers with Radar,3,86,86,0,175,0,16,102,0,118,3,102,188,0,293,122,0,122,415
03/10/2023,BED,MA,ANE,EN,Towers with Radar,2,72,64,0,138,0,11,152,1,164,2,83,216,1,302,206,0,206,508
03/11/2023,BED,MA,ANE,EN,Towers with Radar,2,78,52,0,132,0,4,35,0,39,2,82,87,0,171,54,0,54,225
03/12/2023,BED,MA,ANE,EN,Towers with Radar,0,75,79,0,154,0,9,119,0,128,0,84,198,0,282,126,0,126,408
03/13/2023,BED,MA,ANE,EN,Towers with Radar,2,62,42,0,106,0,6,39,0,45,2,68,81,0,151,262,0,262,413
03/14/2023,BED,MA,ANE,EN,Towers with Radar,2,20,8,0,30,0,0,0,0,0,2,20,8,0,30,0,0,0,30
03/15/2023,BED,MA,ANE,EN,Towers with Radar,3,77,49,0,129,0,9,3,0,12,3,86,52,0,141,0,0,0,141
03/16/2023,BED,MA,ANE,EN,Towers with Radar,0,56,73,0,129,0,12,124,0,136,0,68,197,0,265,116,0,116,381
03/17/2023,BED,MA,ANE,EN,Towers with Radar,1,63,55,0,119,0,19,78,0,97,1,82,133,0,216,112,0,112,328
03/18/2023,BED,MA,ANE,EN,Towers with Radar,0,48,53,0,101,0,2,125,0,127,0,50,178,0,228,108,0,108,336
03/19/2023,BED,MA,ANE,EN,Towers with Radar,2,64,58,0,124,0,6,27,0,33,2,70,85,0,157,4,0,4,161
03/20/2023,BED,MA,ANE,EN,Towers with Radar,0,57,53,2,112,0,8,90,0,98,0,65,143,2,210,30,0,30,240
03/21/2023,BED,MA,ANE,EN,Towers with Radar,2,45,54,0,101,0,8,119,0,127,2,53,173,0,228,180,0,180,408
03/22/2023,BED,MA,ANE,EN,Towers with Radar,2,60,71,0,133,0,10,143,0,153,2,70,214,0,286,132,0,132,418
03/23/2023,BED,MA,ANE,EN,Towers with Radar,0,59,60,0,119,0,10,41,0,51,0,69,101,0,170,90,0,90,260
03/24/2023,BED,MA,ANE,EN,Towers with Radar,2,47,71,2,122,0,8,122,0,130,2,55,193,2,252,164,0,164,416
03/25/2023,BED,MA,ANE,EN,Towers with Radar,1,56,43,1,101,0,0,49,0,49,1,56,92,1,150,106,0,106,256
03/26/2023,BED,MA,ANE,EN,Towers with Radar,2,74,61,0,137,0,8,70,0,78,2,82,131,0,215,65,0,65,280
03/27/2023,BED,MA,ANE,EN,Towers with Radar,3,88,59,3,153,0,9,110,5,124,3,97,169,8,277,192,0,192,469
03/28/2023,BED,MA,ANE,EN,Towers with Radar,2,65,71,0,138,0,5,21,0,26,2,70,92,0,164,74,0,74,238
03/29/2023,BED,MA,ANE,EN,Towers with Radar,0,60,69,0,129,0,14,133,1,148,0,74,202,1,277,160,0,160,437
03/30/2023,BED,MA,ANE,EN,Towers with Radar,0,58,70,0,128,0,6,26,3,35,0,64,96,3,163,8,0,8,171
03/31/2023,BED,MA,ANE,EN,Towers with Radar,3,65,78,0,146,0,9,110,0,119,3,74,188,0,265,188,0,188,453
04/01/2023,BED,MA,ANE,EN,Towers with Radar,2,42,34,0,78,0,2,3,0,5,2,44,37,0,83,8,0,8,91
04/02/2023,BED,MA,ANE,EN,Towers with Radar,1,93,67,0,161,0,6,57,0,63,1,99,124,0,224,46,0,46,270
04/03/2023,BED,MA,ANE,EN,Towers with Radar,2,64,53,1,120,0,7,83,0,90,2,71,136,1,210,76,0,76,286
04/04/2023,BED,MA,ANE,EN,Towers with Radar,5,78,76,1,160,0,8,96,1,105,5,86,172,2,265,234,0,234,499
04/05/2023,BED,MA,ANE,EN,Towers with Radar,4,46,73,2,125,0,4,11,0,15,4,50,84,2,140,8,0,8,148
04/06/2023,BED,MA,ANE,EN,Towers with Radar,4,90,82,0,176,0,3,24,0,27,4,93,106,0,203,72,0,72,275
04/07/2023,BED,MA,ANE,EN,Towers with Radar,4,51,69,0,124,0,28,58,0,86,4,79,127,0,210,30,0,30,240
04/08/2023,BED,MA,ANE,EN,Towers with Radar,0,37,49,0,86,0,15,155,0,170,0,52,204,0,256,195,0,195,451
04/09/2023,BED,MA,ANE,EN,Towers with Radar,1,73,47,0,121,0,11,124,0,135,1,84,171,0,256,154,0,154,410
04/10/2023,BED,MA,ANE,EN,Towers with Radar,0,71,71,0,142,0,11,134,0,145,0,82,205,0,287,168,0,168,455
04/11/2023,BED,MA,ANE,EN,Towers with Radar,2,48,55,2,107,0,18,74,0,92,2,66,129,2,199,58,0,58,257
04/12/2023,BED,MA,ANE,EN,Towers with Radar,1,54,55,0,110,0,13,39,0,52,1,67,94,0,162,40,0,40,202
04/13/2023,BED,MA,ANE,EN,Towers with Radar,1,66,93,0,160,0,17,150,0,167,1,83,243,0,327,98,0,98,425
04/14/2023,BED,MA,ANE,EN,Towers with Radar,2,72,74,0,148,0,14,155,0,169,2,86,229,0,317,114,0,114,431
04/15/2023,BED,MA,ANE,EN,Towers with Radar,0,77,65,0,142,0,7,110,0,117,0,84,175,0,259,194,0,194,453
04/16/2023,BED,MA,ANE,EN,Towers with Radar,3,82,65,1,151,0,0,0,0,0,3,82,65,1,151,0,0,0,151
04/17/2023,BED,MA,ANE,EN,Towers with Radar,0,63,64,1,128,0,0,0,0,0,0,63,64,1,128,0,0,0,128
04/18/2023,BED,MA,ANE,EN,Towers with Radar,2,73,66,1,142,0,20,73,0,93,2,93,139,1,235,80,0,80,315
04/19/2023,BED,MA,ANE,EN,Towers with Radar,0,61,71,2,134,0,11,90,0,101,0,72,161,2,235,56,0,56,291
04/20/2023,BED,MA,ANE,EN,Towers with Radar,4,60,54,0,118,0,19,158,0,177,4,79,212,0,295,158,0,158,453
04/21/2023,BED,MA,ANE,EN,Towers with Radar,1,46,67,2,116,0,18,110,0,128,1,64,177,2,244,136,0,136,380
04/22/2023,BED,MA,ANE,EN,Towers with Radar,0,69,63,1,133,0,2,45,0,47,0,71,108,1,180,186,0,186,366
04/23/2023,BED,MA,ANE,EN,Towers with Radar,0,103,68,0,171,0,0,0,0,0,0,103,68,0,171,0,0,0,171
04/24/2023,BED,MA,ANE,EN,Towers with Radar,2,69,77,0,148,0,4,47,0,51,2,73,124,0,199,88,0,88,287
04/25/2023,BED,MA,ANE,EN,Towers with Radar,2,70,68,0,140,0,8,84,0,92,2,78,152,0,232,140,0,140,372
04/26/2023,BED,MA,ANE,EN,Towers with Radar,2,75,107,4,188,0,8,73,0,81,2,83,180,4,269,118,0,118,387
04/27/2023,BED,MA,ANE,EN,Towers with Radar,1,66,66,0,133,0,6,105,0,111,1,72,171,0,244,256,0,256,500
04/28/2023,BED,MA,ANE,EN,Towers with Radar,2,80,94,0,176,0,11,113,1,125,2,91,207,1,301,120,0,120,421
04/29/2023,BED,MA,ANE,EN,Towers with Radar,1,44,36,0,81,0,5,92,0,97,1,49,128,0,178,142,0,142,320
04/30/2023,BED,MA,ANE,EN,Towers with Radar,4,98,61,0,163,0,0,0,0,0,4,98,61,0,163,0,0,0,163
05/01/2023,BED,MA,ANE,EN,Towers with Radar,1,82,58,0,141,0,8,63,0,71,1,90,121,0,212,82,0,82,294
05/02/2023,BED,MA,ANE,EN,Towers with Radar,3,60,67,0,130,0,2,12,0,14,3,62,79,0,144,32,0,32,176
05/03/2023,BED,MA,ANE,EN,Towers with Radar,0,88,72,0,160,0,3,60,0,63,0,91,132,0,223,100,0,100,323
05/04/2023,BED,MA,ANE,EN,Towers with Radar,1,71,81,0,153,0,5,17,0,22,1,76,98,0,175,36,0,36,211
05/05/2023,BED,MA,ANE,EN,Towers with Radar,2,68,103,2,175,0,5,44,1,50,2,73,147,3,225,82,0,82,307
05/06/2023,BED,MA,ANE,EN,Towers with Radar,0,47,34,0,81,0,11,167,0,178,0,58,201,0,259,108,0,108,367
05/07/2023,BED,MA,ANE,EN,Towers with Radar,2,78,65,3,148,0,7,200,0,207,2,85,265,3,355,146,0,146,501
05/08/2023,BED,MA,ANE,EN,Towers with Radar,0,66,72,3,141,0,18,100,0,118,0,84,172,3,259,122,0,122,381
05/09/2023,BED,MA,ANE,EN,Towers with Radar,3,68,69,1,141,0,17,155,0,172,3,85,224,1,313,202,0,202,515
05/10/2023,BED,MA,ANE,EN,Towers with Radar,1,66,69,0,136,0,16,176,0,192,1,82,245,0,328,156,0,156,484
05/11/2023,BED,MA,ANE,EN,Towers with Radar,0,81,72,1,154,0,21,154,0,175,0,102,226,1,329,198,0,198,527
05/12/2023,BED,MA,ANE,EN,Towers with Radar,2,66,79,0,147,0,19,128,0,147,2,85,207,0,294,129,0,129,423
05/13/2023,BED,MA,ANE,EN,Towers with Radar,1,63,50,3,117,0,19,155,0,174,1,82,205,3,291,86,0,86,377
05/14/2023,BED,MA,ANE,EN,Towers with Radar,1,88,58,0,147,0,14,116,0,130,1,102,174,0,277,86,0,86,363
05/15/2023,BED,MA,ANE,EN,Towers with Radar,0,66,77,2,145,0,18,103,0,121,0,84,180,2,266,92,0,92,358
05/16/2023,BED,MA,ANE,EN,Towers with Radar,4,81,65,0,150,0,22,71,1,94,4,103,136,1,244,108,0,108,352
05/17/2023,BED,MA,ANE,EN,Towers with Radar,1,81,75,1,158,0,15,59,1,75,1,96,134,2,233,2,0,2,235
05/18/2023,BED,MA,ANE,EN,Towers with Radar,5,76,82,1,164,0,22,168,0,190,5,98,250,1,354,234,0,234,588
05/19/2023,BED,MA,ANE,EN,Towers with Radar,4,67,97,3,171,0,24,106,0,130,4,91,203,3,301,102,0,102,403
05/20/2023,BED,MA,ANE,EN,Towers with Radar,1,53,76,2,132,0,4,9,0,13,1,57,85,2,145,36,0,36,181
05/21/2023,BED,MA,ANE,EN,Towers with Radar,6,96,99,3,204,0,26,142,0,168,6,122,241,3,372,158,0,158,530
05/22/2023,BED,MA,ANE,EN,Towers with Radar,2,93,95,1,191,0,23,118,0,141,2,116,213,1,332,120,0,120,452
05/23/2023,BED,MA,ANE,EN,Towers with Radar,4,86,100,2,192,0,19,135,0,154,4,105,235,2,346,164,0,164,510
05/24/2023,BED,MA,ANE,EN,Towers with Radar,2,98,87,0,187,0,7,124,0,131,2,105,211,0,318,118,0,118,436
05/25/2023,BED,MA,ANE,EN,Towers with Radar,1,120,85,0,206,0,26,140,0,166,1,146,225,0,372,142,0,142,514
05/26/2023,BED,MA,ANE,EN,Towers with Radar,3,101,58,0,162,0,19,158,0,177,3,120,216,0,339,94,0,94,433
05/27/2023,BED,MA,ANE,EN,Towers with Radar,2,52,35,0,89,0,17,143,0,160,2,69,178,0,249,182,0,182,431
05/28/2023,BED,MA,ANE,EN,Towers with Radar,2,47,41,0,90,0,15,137,0,152,2,62,178,0,242,84,0,84,326
05/29/2023,BED,MA,ANE,EN,Towers with Radar,2,107,62,0,171,0,22,108,0,130,2,129,170,0,301,48,0,48,349
05/30/2023,BED,MA,ANE,EN,Towers with Radar,4,80,87,0,171,0,21,114,0,135,4,101,201,0,306,178,0,178,484
05/31/2023,BED,MA,ANE,EN,Towers with Radar,3,76,70,1,150,0,20,182,0,202,3,96,252,1,352,232,0,232,584
06/01/2023,BED,MA,ANE,EN,Towers with Radar,0,73,79,1,153,0,22,160,1,183,0,95,239,2,336,202,0,202,538
06/02/2023,BED,MA,ANE,EN,Towers with Radar,0,84,76,0,160,0,17,89,0,106,0,101,165,0,266,148,0,148,414
06/03/2023,BED,MA,ANE,EN,Towers with Radar,3,64,80,2,149,0,3,2,0,5,3,67,82,2,154,12,0,12,166
06/04/2023,BED,MA,ANE,EN,Towers with Radar,5,109,90,1,205,0,10,9,0,19,5,119,99,1,224,8,0,8,232
06/05/2023,BED,MA,ANE,EN,Towers with Radar,4,83,81,5,173,0,8,21,0,29,4,91,102,5,202,44,0,44,246
06/06/2023,BED,MA,ANE,EN,Towers with Radar,2,54,70,0,126,0,16,87,0,103,2,70,157,0,229,244,0,244,473
06/07/2023,BED,MA,ANE,EN,Towers with Radar,0,57,75,0,132,0,17,133,0,150,0,74,208,0,282,157,0,157,439
06/08/2023,BED,MA,ANE,EN,Towers with Radar,0,85,82,2,169,0,13,108,0,121,0,98,190,2,290,240,0,240,530
06/09/2023,BED,MA,ANE,EN,Towers with Radar,3,76,61,0,140,0,8,29,0,37,3,84,90,0,177,66,0,66,243
06/10/2023,BED,MA,ANE,EN,Towers with Radar,0,40,56,0,96,0,17,56,0,73,0,57,112,0,169,88,0,88,257
06/11/2023,BED,MA,ANE,EN,Towers with Radar,0,68,56,0,124,0,12,204,0,216,0,80,260,0,340,224,0,224,564
06/12/2023,BED,MA,ANE,EN,Towers with Radar,0,85,54,0,139,0,14,117,0,131,0,99,171,0,270,214,0,214,484
06/13/2023,BED,MA,ANE,EN,Towers with Radar,2,72,88,3,165,0,0,6,0,6,2,72,94,3,171,16,0,16,187
06/14/2023,BED,MA,ANE,EN,Towers with Radar,0,69,101,0,170,0,12,106,0,118,0,81,207,0,288,116,0,116,404
06/15/2023,BED,MA,ANE,EN,Towers with Radar,0,62,82,3,147,0,5,119,0,124,0,67,201,3,271,208,0,208,479
06/16/2023,BED,MA,ANE,EN,Towers with Radar,1,84,90,0,175,0,18,125,0,143,1,102,215,0,318,170,0,170,488
06/17/2023,BED,MA,ANE,EN,Towers with Radar,2,72,54,1,129,0,0,0,0,0,2,72,54,1,129,0,0,0,129
06/18/2023,BED,MA,ANE,EN,Towers with Radar,1,69,69,0,139,0,12,98,0,110,1,81,167,0,249,184,0,184,433
06/19/2023,BED,MA,ANE,EN,Towers with Radar,0,85,72,0,157,0,9,110,0,119,0,94,182,0,276,222,0,222,498
06/20/2023,BED,MA,ANE,EN,Towers with Radar,2,66,82,0,150,0,15,116,0,131,2,81,198,0,281,124,0,124,405
06/21/2023,BED,MA,ANE,EN,Towers with Radar,0,66,67,0,133,0,17,145,0,162,0,83,212,0,295,214,0,214,509
06/22/2023,BED,MA,ANE,EN,Towers with Radar,0,75,83,0,158,0,13,140,0,153,0,88,223,0,311,212,0,212,523
06/23/2023,BED,MA,ANE,EN,Towers with Radar,3,72,77,0,152,0,7,39,0,46,3,79,116,0,198,82,0,82,280
06/24/2023,BED,MA,ANE,EN,Towers with Radar,0,46,35,0,81,0,9,6,0,15,0,55,41,0,96,12,0,12,108
06/25/2023,BED,MA,ANE,EN,Towers with Radar,1,80,74,0,155,0,5,45,0,50,1,85,119,0,205,122,0,122,327
06/26/2023,BED,MA,ANE,EN,Towers with Radar,1,87,53,0,141,0,5,11,0,16,1,92,64,0,157,18,0,18,175
06/27/2023,BED,MA,ANE,EN,Towers with Radar,2,95,88,0,185,0,11,25,0,36,2,106,113,0,221,92,0,92,313
06/28/2023,BED,MA,ANE,EN,Towers with Radar,0,73,84,2,159,0,1,2,0,3,0,74,86,2,162,0,0,0,162
06/29/2023,BED,MA,ANE,EN,Towers with Radar,1,122,102,5,230,0,8,132,0,140,1,130,234,5,370,138,0,138,508
06/30/2023,BED,MA,ANE,EN,Towers with Radar,2,62,77,2,143,0,10,180,0,190,2,72,257,2,333,164,0,164,497
07/01/2023,BED,MA,ANE,EN,Towers with Radar,0,65,88,0,153,0,12,53,0,65,0,77,141,0,218,98,0,98,316
07/02/2023,BED,MA,ANE,EN,Towers with Radar,3,54,40,0,97,0,0,0,0,0,3,54,40,0,97,0,0,0,97
07/03/2023,BED,MA,ANE,EN,Towers with Radar,1,40,39,0,80,0,6,12,0,18,1,46,51,0,98,56,0,56,154
07/04/2023,BED,MA,ANE,EN,Towers with Radar,0,33,30,1,64,0,0,0,0,0,0,33,30,1,64,0,0,0,64
07/05/2023,BED,MA,ANE,EN,Towers with Radar,0,37,66,1,104,0,13,138,0,151,0,50,204,1,255,190,0,190,445
07/06/2023,BED,MA,ANE,EN,Towers with Radar,2,43,55,4,104,0,20,154,0,174,2,63,209,4,278,119,0,119,397
07/07/2023,BED,MA,ANE,EN,Towers with Radar,3,79,74,4,160,0,14,190,0,204,3,93,264,4,364,136,0,136,500
07/08/2023,BED,MA,ANE,EN,Towers with Radar,3,51,74,0,128,0,10,76,0,86,3,61,150,0,214,156,0,156,370
07/09/2023,BED,MA,ANE,EN,Towers with Radar,1,99,75,1,176,0,7,17,0,24,1,106,92,1,200,48,0,48,248
07/10/2023,BED,MA,ANE,EN,Towers with Radar,0,79,70,1,150,0,0,0,0,0,0,79,70,1,150,0,0,0,150
07/11/2023,BED,MA,ANE,EN,Towers with Radar,0,68,68,0,136,0,19,184,0,203,0,87,252,0,339,194,0,194,533
07/12/2023,BED,MA,ANE,EN,Towers with Radar,0,74,76,0,150,0,12,191,0,203,0,86,267,0,353,192,0,192,545
07/13/2023,BED,MA,ANE,EN,Towers with Radar,1,92,70,0,163,0,25,163,1,189,1,117,233,1,352,146,0,146,498
07/14/2023,BED,MA,ANE,EN,Towers with Radar,1,70,53,0,124,0,12,55,0,67,1,82,108,0,191,98,0,98,289
07/15/2023,BED,MA,ANE,EN,Towers with Radar,0,53,77,2,132,0,11,99,3,113,0,64,176,5,245,174,0,174,419
07/16/2023,BED,MA,ANE,EN,Towers with Radar,0,108,63,0,171,0,0,0,0,0,0,108,63,0,171,0,0,0,171
07/17/2023,BED,MA,ANE,EN,Towers with Radar,2,75,103,0,180,0,13,113,0,126,2,88,216,0,306,230,0,230,536
07/18/2023,BED,MA,ANE,EN,Towers with Radar,2,73,90,0,165,0,4,59,0,63,2,77,149,0,228,119,0,119,347
07/19/2023,BED,MA,ANE,EN,Towers with Radar,0,67,80,0,147,0,36,166,0,202,0,103,246,0,349,252,0,252,601
07/20/2023,BED,MA,ANE,EN,Towers with Radar,0,87,85,0,172,0,25,206,2,233,0,112,291,2,405,152,0,152,557
07/21/2023,BED,MA,ANE,EN,Towers with Radar,2,66,76,1,145,0,3,30,1,34,2,69,106,2,179,34,0,34,213
07/22/2023,BED,MA,ANE,EN,Towers with Radar,0,44,69,0,113,0,8,105,0,113,0,52,174,0,226,150,0,150,376
07/23/2023,BED,MA,ANE,EN,Towers with Radar,2,88,87,2,179,0,11,187,0,198,2,99,274,2,377,219,0,219,596
07/24/2023,BED,MA,ANE,EN,Towers with Radar,0,75,88,0,163,0,18,117,0,135,0,93,205,0,298,164,0,164,462
07/25/2023,BED,MA,ANE,EN,Towers with Radar,2,82,59,0,143,0,11,63,0,74,2,93,122,0,217,64,0,64,281
07/26/2023,BED,MA,ANE,EN,Towers with Radar,1,82,73,0,156,0,11,159,0,170,1,93,232,0,326,164,0,164,490
07/27/2023,BED,MA,ANE,EN,Towers with Radar,0,101,83,2,186,0,3,21,0,24,0,104,104,2,210,8,0,8,218
07/28/2023,BED,MA,ANE,EN,Towers with Radar,2,66,55,0,123,0,8,172,0,180,2,74,227,0,303,123,0,123,426
07/29/2023,BED,MA,ANE,EN,Towers with Radar,0,35,32,0,67,0,3,55,0,58,0,38,87,0,125,84,0,84,209
07/30/2023,BED,MA,ANE,EN,Towers with Radar,0,80,74,1,155,0,8,153,0,161,0,88,227,1,316,210,0,210,526
07/31/2023,BED,MA,ANE,EN,Towers with Radar,2,68,44,0,114,0,14,143,0,157,2,82,187,0,271,132,0,132,403
08/01/2023,BED,MA,ANE,EN,Towers with Radar,0,58,51,0,109,0,16,160,1,177,0,74,211,1,286,186,0,186,472
08/02/2023,BED,MA,ANE,EN,Towers with Radar,2,77,72,0,151,3,14,183,0,200,5,91,255,0,351,122,0,122,473
08/03/2023,BED,MA,ANE,EN,Towers with Radar,1,77,58,4,140,0,13,136,0,149,1,90,194,4,289,146,0,146,435
08/04/2023,BED,MA,ANE,EN,Towers with Radar,1,71,53,0,125,0,7,45,0,52,1,78,98,0,177,45,0,45,222
08/05/2023,BED,MA,ANE,EN,Towers with Radar,2,37,46,0,85,0,10,153,0,163,2,47,199,0,248,194,0,194,442
08/06/2023,BED,MA,ANE,EN,Towers with Radar,2,71,65,0,138,0,16,196,0,212,2,87,261,0,350,250,0,250,600
08/07/2023,BED,MA,ANE,EN,Towers with Radar,0,79,57,2,138,0,4,27,0,31,0,83,84,2,169,46,0,46,215
08/08/2023,BED,MA,ANE,EN,Towers with Radar,2,53,38,3,96,0,1,6,0,7,2,54,44,3,103,0,0,0,103
08/09/2023,BED,MA,ANE,EN,Towers with Radar,1,58,49,1,109,0,14,121,0,135,1,72,170,1,244,82,0,82,326
08/10/2023,BED,MA,ANE,EN,Towers with Radar,1,69,55,1,126,0,9,127,0,136,1,78,182,1,262,74,0,74,336
08/11/2023,BED,MA,ANE,EN,Towers with Radar,0,65,58,1,124,0,14,135,0,149,0,79,193,1,273,98,0,98,371
08/12/2023,BED,MA,ANE,EN,Towers with Radar,7,41,56,1,105,0,2,175,0,177,7,43,231,1,282,158,0,158,440
08/13/2023,BED,MA,ANE,EN,Towers with Radar,0,56,66,0,122,0,7,88,0,95,0,63,154,0,217,110,0,110,327
08/14/2023,BED,MA,ANE,EN,Towers with Radar,0,73,48,2,123,0,19,162,0,181,0,92,210,2,304,112,0,112,416
08/15/2023,BED,MA,ANE,EN,Towers with Radar,2,81,64,0,147,0,0,0,0,0,2,81,64,0,147,0,0,0,147
08/16/2023,BED,MA,ANE,EN,Towers with Radar,0,65,93,1,159,0,2,0,0,2,0,67,93,1,161,0,0,0,161
08/17/2023,BED,MA,ANE,EN,Towers with Radar,0,78,90,0,168,0,2,18,0,20,0,80,108,0,188,84,0,84,272
08/18/2023,BED,MA,ANE,EN,Towers with Radar,0,90,81,0,171,0,3,23,0,26,0,93,104,0,197,28,0,28,225
08/19/2023,BED,MA,ANE,EN,Towers with Radar,0,43,57,0,100,0,11,102,0,113,0,54,159,0,213,164,0,164,377
08/20/2023,BED,MA,ANE,EN,Towers with Radar,0,79,58,0,137,21,16,179,0,216,21,95,237,0,353,196,0,196,549
08/21/2023,BED,MA,ANE,EN,Towers with Radar,0,83,40,0,123,0,9,125,2,136,0,92,165,2,259,116,0,116,375
08/22/2023,BED,MA,ANE,EN,Towers with Radar,0,61,64,0,125,0,15,157,0,172,0,76,221,0,297,186,0,186,483
08/23/2023,BED,MA,ANE,EN,Towers with Radar,0,59,60,0,119,0,13,198,0,211,0,72,258,0,330,126,0,126,456
08/24/2023,BED,MA,ANE,EN,Towers with Radar,0,89,77,0,166,0,17,197,0,214,0,106,274,0,380,150,0,150,530
08/25/2023,BED,MA,ANE,EN,Towers with Radar,3,86,69,3,161,0,0,0,0,0,3,86,69,3,161,0,0,0,161
08/26/2023,BED,MA,ANE,EN,Towers with Radar,10,78,72,0,160,0,9,91,0,100,10,87,163,0,260,124,0,124,384
08/27/2023,BED,MA,ANE,EN,Towers with Radar,3,104,82,0,189,0,3,33,0,36,3,107,115,0,225,60,0,60,285
08/28/2023,BED,MA,ANE,EN,Towers with Radar,0,68,80,0,148,0,10,112,0,122,0,78,192,0,270,146,0,146,416
08/29/2023,BED,MA,ANE,EN,Towers with Radar,7,103,90,1,201,0,3,54,4,61,7,106,144,5,262,172,0,172,434
08/30/2023,BED,MA,ANE,EN,Towers with Radar,0,71,74,1,146,0,2,41,0,43,0,73,115,1,189,24,0,24,213
08/31/2023,BED,MA,ANE,EN,Towers with Radar,2,87,85,1,175,0,21,158,15,194,2,108,243,16,369,74,0,74,443
