01/01/2000,BET,AK,AAL,WE,Federal Contract Tower,1,4,0,0,5,3,20,2,0,25,4,24,2,0,30,0,0,0,30
01/02/2000,BET,AK,AAL,WE,Federal Contract Tower,3,8,2,0,13,2,259,0,0,261,5,267,2,0,274,0,4,4,278
01/03/2000,BET,AK,AAL,WE,Federal Contract Tower,7,11,4,1,23,3,245,8,1,257,10,256,12,2,280,2,0,2,282
01/04/2000,BET,AK,AAL,WE,Federal Contract Tower,4,6,2,0,12,4,224,39,0,267,8,230,41,0,279,4,0,4,283
01/05/2000,BET,AK,AAL,WE,Federal Contract Tower,11,47,14,0,72,0,69,33,0,102,11,116,47,0,174,0,0,0,174
01/06/2000,BET,AK,AAL,WE,Federal Contract Tower,7,10,4,1,22,2,317,53,3,375,9,327,57,4,397,0,0,0,397
01/07/2000,BET,AK,AAL,WE,Federal Contract Tower,13,34,4,2,53,0,120,0,0,120,13,154,4,2,173,0,0,0,173
01/08/2000,BET,AK,AAL,WE,Federal Contract Tower,4,7,2,0,13,4,296,4,0,304,8,303,6,0,317,0,0,0,317
01/09/2000,BET,AK,AAL,WE,Federal Contract Tower,3,6,2,0,11,3,206,2,0,211,6,212,4,0,222,0,0,0,222
01/10/2000,BET,AK,AAL,WE,Federal Contract Tower,6,10,3,0,19,1,508,37,4,550,7,518,40,4,569,0,0,0,569
01/11/2000,BET,AK,AAL,WE,Federal Contract Tower,8,19,6,0,33,0,266,54,0,320,8,285,60,0,353,8,0,8,361
01/12/2000,BET,AK,AAL,WE,Federal Contract Tower,8,12,4,0,24,6,415,81,2,504,14,427,85,2,528,0,0,0,528
01/13/2000,BET,AK,AAL,WE,Federal Contract Tower,10,15,5,0,30,7,310,89,4,410,17,325,94,4,440,4,8,12,452
01/14/2000,BET,AK,AAL,WE,Federal Contract Tower,10,16,0,2,28,0,5,0,0,5,10,21,0,2,33,0,0,0,33
01/15/2000,BET,AK,AAL,WE,Federal Contract Tower,8,12,3,0,23,4,396,18,0,418,12,408,21,0,441,4,0,4,445
01/16/2000,BET,AK,AAL,WE,Federal Contract Tower,4,6,2,0,12,0,0,0,0,0,4,6,2,0,12,0,0,0,12
01/17/2000,BET,AK,AAL,WE,Federal Contract Tower,5,2,2,0,9,0,0,5,0,5,5,2,7,0,14,0,0,0,14
01/18/2000,BET,AK,AAL,WE,Federal Contract Tower,5,1,2,0,8,0,0,6,2,8,5,1,8,2,16,0,0,0,16
01/19/2000,BET,AK,AAL,WE,Federal Contract Tower,9,29,3,2,43,0,16,0,0,16,9,45,3,2,59,0,0,0,59
01/20/2000,BET,AK,AAL,WE,Federal Contract Tower,15,28,8,0,51,0,39,6,0,45,15,67,14,0,96,0,0,0,96
01/21/2000,BET,AK,AAL,WE,Federal Contract Tower,13,34,0,0,47,0,21,0,0,21,13,55,0,0,68,0,0,0,68
01/22/2000,BET,AK,AAL,WE,Federal Contract Tower,5,4,0,0,9,5,0,0,0,5,10,4,0,0,14,0,0,0,14
01/23/2000,BET,AK,AAL,WE,Federal Contract Tower,5,4,1,0,10,0,0,3,0,3,5,4,4,0,13,0,0,0,13
01/24/2000,BET,AK,AAL,WE,Federal Contract Tower,9,13,4,0,26,0,243,26,2,271,9,256,30,2,297,0,0,0,297
01/25/2000,BET,AK,AAL,WE,Federal Contract Tower,9,13,3,0,25,3,642,38,4,687,12,655,41,4,712,0,0,0,712
01/26/2000,BET,AK,AAL,WE,Federal Contract Tower,14,19,5,0,38,3,578,60,0,641,17,597,65,0,679,4,0,4,683
01/27/2000,BET,AK,AAL,WE,Federal Contract Tower,7,16,4,0,27,0,380,24,0,404,7,396,28,0,431,4,0,4,435
01/28/2000,BET,AK,AAL,WE,Federal Contract Tower,6,9,3,0,18,7,495,30,0,532,13,504,33,0,550,2,0,2,552
01/29/2000,BET,AK,AAL,WE,Federal Contract Tower,6,9,2,0,17,5,454,11,0,470,11,463,13,0,487,2,0,2,489
01/30/2000,BET,AK,AAL,WE,Federal Contract Tower,3,4,0,0,7,2,509,7,0,518,5,513,7,0,525,0,0,0,525
01/31/2000,BET,AK,AAL,WE,Federal Contract Tower,7,10,2,0,19,1,533,32,2,568,8,543,34,2,587,8,2,10,597
02/01/2000,BET,AK,AAL,WE,Federal Contract Tower,5,7,1,0,13,2,4,1,0,7,7,11,2,0,20,0,0,0,20
02/02/2000,BET,AK,AAL,WE,Federal Contract Tower,5,9,0,0,14,2,1,0,0,3,7,10,0,0,17,0,0,0,17
02/03/2000,BET,AK,AAL,WE,Federal Contract Tower,7,10,3,0,20,6,562,11,0,579,13,572,14,0,599,12,0,12,611
02/04/2000,BET,AK,AAL,WE,Federal Contract Tower,7,11,3,2,23,2,385,52,4,443,9,396,55,6,466,8,0,8,474
02/05/2000,BET,AK,AAL,WE,Federal Contract Tower,11,20,5,2,38,0,315,30,0,345,11,335,35,2,383,10,0,10,393
02/06/2000,BET,AK,AAL,WE,Federal Contract Tower,6,8,2,1,17,0,369,50,5,424,6,377,52,6,441,12,0,12,453
02/07/2000,BET,AK,AAL,WE,Federal Contract Tower,7,9,3,2,21,1,476,60,2,539,8,485,63,4,560,14,0,14,574
02/08/2000,BET,AK,AAL,WE,Federal Contract Tower,7,7,3,0,17,4,521,1,0,526,11,528,4,0,543,9,0,9,552
02/09/2000,BET,AK,AAL,WE,Federal Contract Tower,11,13,3,2,29,5,711,80,2,798,16,724,83,4,827,12,0,12,839
02/10/2000,BET,AK,AAL,WE,Federal Contract Tower,7,7,3,0,17,2,148,35,0,185,9,155,38,0,202,0,0,0,202
02/11/2000,BET,AK,AAL,WE,Federal Contract Tower,11,13,0,2,26,6,236,0,0,242,17,249,0,2,268,2,0,2,270
02/12/2000,BET,AK,AAL,WE,Federal Contract Tower,6,6,0,0,12,2,259,0,0,261,8,265,0,0,273,12,0,12,285
02/13/2000,BET,AK,AAL,WE,Federal Contract Tower,6,7,2,1,16,0,241,42,3,286,6,248,44,4,302,26,0,26,328
02/14/2000,BET,AK,AAL,WE,Federal Contract Tower,5,6,1,0,12,2,469,64,0,535,7,475,65,0,547,16,0,16,563
02/15/2000,BET,AK,AAL,WE,Federal Contract Tower,8,11,2,0,21,5,430,31,0,466,13,441,33,0,487,0,0,0,487
02/16/2000,BET,AK,AAL,WE,Federal Contract Tower,7,10,1,1,19,6,417,43,1,467,13,427,44,2,486,0,0,0,486
02/17/2000,BET,AK,AAL,WE,Federal Contract Tower,7,10,1,1,19,6,665,50,1,722,13,675,51,2,741,8,0,8,749
02/18/2000,BET,AK,AAL,WE,Federal Contract Tower,6,13,2,1,22,0,689,34,1,724,6,702,36,2,746,40,0,40,786
02/19/2000,BET,AK,AAL,WE,Federal Contract Tower,4,19,2,0,25,0,14,0,0,14,4,33,2,0,39,0,0,0,39
02/20/2000,BET,AK,AAL,WE,Federal Contract Tower,4,28,5,0,37,0,27,3,0,30,4,55,8,0,67,0,0,0,67
02/21/2000,BET,AK,AAL,WE,Federal Contract Tower,11,52,11,0,74,0,12,21,0,33,11,64,32,0,107,0,0,0,107
02/22/2000,BET,AK,AAL,WE,Federal Contract Tower,8,13,2,0,23,0,583,24,0,607,8,596,26,0,630,0,0,0,630
02/23/2000,BET,AK,AAL,WE,Federal Contract Tower,9,13,2,1,25,6,644,31,1,682,15,657,33,2,707,8,0,8,715
02/24/2000,BET,AK,AAL,WE,Federal Contract Tower,7,10,2,0,19,3,527,21,0,551,10,537,23,0,570,0,0,0,570
02/25/2000,BET,AK,AAL,WE,Federal Contract Tower,11,16,3,1,31,9,696,18,2,725,20,712,21,3,756,0,0,0,756
02/26/2000,BET,AK,AAL,WE,Federal Contract Tower,6,8,0,0,14,2,653,0,2,657,8,661,0,2,671,22,0,22,693
02/27/2000,BET,AK,AAL,WE,Federal Contract Tower,4,12,2,1,19,0,313,52,9,374,4,325,54,10,393,0,0,0,393
02/28/2000,BET,AK,AAL,WE,Federal Contract Tower,6,8,2,0,16,3,455,47,0,505,9,463,49,0,521,4,0,4,525
02/29/2000,BET,AK,AAL,WE,Federal Contract Tower,8,11,2,0,21,2,408,21,0,431,10,419,23,0,452,23,0,23,475
03/01/2000,BET,AK,AAL,WE,Federal Contract Tower,12,35,2,0,49,0,288,0,0,288,12,323,2,0,337,10,0,10,347
03/02/2000,BET,AK,AAL,WE,Federal Contract Tower,5,11,2,0,18,7,515,19,0,541,12,526,21,0,559,8,0,8,567
03/03/2000,BET,AK,AAL,WE,Federal Contract Tower,6,13,2,0,21,7,443,8,0,458,13,456,10,0,479,10,0,10,489
03/04/2000,BET,AK,AAL,WE,Federal Contract Tower,8,19,2,0,29,0,344,0,0,344,8,363,2,0,373,27,0,27,400
03/05/2000,BET,AK,AAL,WE,Federal Contract Tower,3,8,2,0,13,2,212,25,0,239,5,220,27,0,252,12,0,12,264
03/06/2000,BET,AK,AAL,WE,Federal Contract Tower,5,14,3,0,22,0,366,23,0,389,5,380,26,0,411,8,0,8,419
03/07/2000,BET,AK,AAL,WE,Federal Contract Tower,5,11,2,0,18,3,229,2,0,234,8,240,4,0,252,14,0,14,266
03/08/2000,BET,AK,AAL,WE,Federal Contract Tower,5,10,2,0,17,8,295,22,0,325,13,305,24,0,342,14,0,14,356
03/09/2000,BET,AK,AAL,WE,Federal Contract Tower,5,11,2,0,18,7,388,12,0,407,12,399,14,0,425,0,0,0,425
03/10/2000,BET,AK,AAL,WE,Federal Contract Tower,8,15,3,0,26,4,794,1,10,809,12,809,4,10,835,40,2,42,877
03/11/2000,BET,AK,AAL,WE,Federal Contract Tower,0,0,0,0,0,9,561,7,0,577,9,561,7,0,577,12,0,12,589
03/12/2000,BET,AK,AAL,WE,Federal Contract Tower,3,4,0,0,7,3,406,0,0,409,6,410,0,0,416,17,0,17,433
03/13/2000,BET,AK,AAL,WE,Federal Contract Tower,8,13,1,1,23,3,537,24,3,567,11,550,25,4,590,8,0,8,598
03/14/2000,BET,AK,AAL,WE,Federal Contract Tower,5,9,1,0,15,8,392,53,0,453,13,401,54,0,468,14,0,14,482
03/15/2000,BET,AK,AAL,WE,Federal Contract Tower,8,13,0,1,22,2,418,0,3,423,10,431,0,4,445,0,0,0,445
03/16/2000,BET,AK,AAL,WE,Federal Contract Tower,14,39,5,0,58,0,309,17,0,326,14,348,22,0,384,0,0,0,384
03/17/2000,BET,AK,AAL,WE,Federal Contract Tower,8,14,2,0,24,6,387,52,0,445,14,401,54,0,469,0,14,14,483
03/18/2000,BET,AK,AAL,WE,Federal Contract Tower,4,8,0,0,12,5,375,0,0,380,9,383,0,0,392,48,6,54,446
03/19/2000,BET,AK,AAL,WE,Federal Contract Tower,5,8,0,0,13,2,346,0,0,348,7,354,0,0,361,12,0,12,373
03/20/2000,BET,AK,AAL,WE,Federal Contract Tower,6,10,2,1,19,4,255,27,2,288,10,265,29,3,307,28,4,32,339
03/21/2000,BET,AK,AAL,WE,Federal Contract Tower,11,95,14,0,120,0,21,24,0,45,11,116,38,0,165,0,0,0,165
03/22/2000,BET,AK,AAL,WE,Federal Contract Tower,12,36,3,2,53,0,217,0,0,217,12,253,3,2,270,0,0,0,270
03/23/2000,BET,AK,AAL,WE,Federal Contract Tower,7,9,0,0,16,0,0,0,0,0,7,9,0,0,16,0,0,0,16
03/24/2000,BET,AK,AAL,WE,Federal Contract Tower,10,22,3,0,35,0,225,20,0,245,10,247,23,0,280,0,3,3,283
03/25/2000,BET,AK,AAL,WE,Federal Contract Tower,7,12,0,0,19,8,360,0,0,368,15,372,0,0,387,38,0,38,425
03/26/2000,BET,AK,AAL,WE,Federal Contract Tower,0,0,0,0,0,5,313,0,0,318,5,313,0,0,318,14,0,14,332
03/27/2000,BET,AK,AAL,WE,Federal Contract Tower,5,12,1,0,18,0,240,9,0,249,5,252,10,0,267,0,8,8,275
03/28/2000,BET,AK,AAL,WE,Federal Contract Tower,5,9,1,0,15,6,444,15,0,465,11,453,16,0,480,12,0,12,492
03/29/2000,BET,AK,AAL,WE,Federal Contract Tower,7,12,0,0,19,5,323,0,2,330,12,335,0,2,349,46,0,46,395
03/30/2000,BET,AK,AAL,WE,Federal Contract Tower,11,21,3,0,35,1,294,10,2,307,12,315,13,2,342,26,0,26,368
03/31/2000,BET,AK,AAL,WE,Federal Contract Tower,8,15,2,0,25,1,456,10,6,473,9,471,12,6,498,22,1,23,521
04/01/2000,BET,AK,AAL,WE,Federal Contract Tower,6,13,0,0,19,7,408,0,0,415,13,421,0,0,434,23,1,24,458
04/02/2000,BET,AK,AAL,WE,Federal Contract Tower,0,0,0,0,0,5,292,0,1,298,5,292,0,1,298,0,2,2,300
04/03/2000,BET,AK,AAL,WE,Federal Contract Tower,4,20,4,0,28,0,315,22,0,337,4,335,26,0,365,8,2,10,375
04/04/2000,BET,AK,AAL,WE,Federal Contract Tower,11,18,4,0,33,5,0,15,0,20,16,18,19,0,53,0,0,0,53
04/05/2000,BET,AK,AAL,WE,Federal Contract Tower,13,0,0,0,13,0,0,0,0,0,13,0,0,0,13,0,0,0,13
04/06/2000,BET,AK,AAL,WE,Federal Contract Tower,7,14,2,0,23,6,527,7,4,544,13,541,9,4,567,16,0,16,583
04/07/2000,BET,AK,AAL,WE,Federal Contract Tower,8,16,2,0,26,9,587,4,2,602,17,603,6,2,628,63,0,63,691
04/08/2000,BET,AK,AAL,WE,Federal Contract Tower,5,11,0,0,16,6,610,0,0,616,11,621,0,0,632,78,0,78,710
04/09/2000,BET,AK,AAL,WE,Federal Contract Tower,4,9,0,0,13,0,328,2,0,330,4,337,2,0,343,25,0,25,368
04/10/2000,BET,AK,AAL,WE,Federal Contract Tower,8,12,1,1,22,2,394,19,2,417,10,406,20,3,439,20,0,20,459
04/11/2000,BET,AK,AAL,WE,Federal Contract Tower,6,11,1,0,18,5,247,13,0,265,11,258,14,0,283,18,0,18,301
04/12/2000,BET,AK,AAL,WE,Federal Contract Tower,8,12,1,1,22,5,370,8,3,386,13,382,9,4,408,12,0,12,420
04/13/2000,BET,AK,AAL,WE,Federal Contract Tower,6,11,1,0,18,3,352,3,0,358,9,363,4,0,376,7,0,7,383
04/14/2000,BET,AK,AAL,WE,Federal Contract Tower,8,12,1,0,21,2,396,6,0,404,10,408,7,0,425,67,0,67,492
04/15/2000,BET,AK,AAL,WE,Federal Contract Tower,9,24,2,1,36,0,315,0,1,316,9,339,2,2,352,0,0,0,352
04/16/2000,BET,AK,AAL,WE,Federal Contract Tower,0,6,0,0,6,0,216,0,0,216,0,222,0,0,222,0,0,0,222
04/17/2000,BET,AK,AAL,WE,Federal Contract Tower,6,8,0,0,14,2,444,16,0,462,8,452,16,0,476,14,0,14,490
04/18/2000,BET,AK,AAL,WE,Federal Contract Tower,6,10,1,1,18,3,513,9,1,526,9,523,10,2,544,4,6,10,554
04/19/2000,BET,AK,AAL,WE,Federal Contract Tower,12,19,1,1,33,3,296,1,3,303,15,315,2,4,336,0,0,0,336
04/20/2000,BET,AK,AAL,WE,Federal Contract Tower,6,95,0,0,101,0,136,0,0,136,6,231,0,0,237,0,0,0,237
04/21/2000,BET,AK,AAL,WE,Federal Contract Tower,11,18,1,0,30,3,361,10,0,374,14,379,11,0,404,2,0,2,406
04/22/2000,BET,AK,AAL,WE,Federal Contract Tower,3,41,0,0,44,0,277,0,0,277,3,318,0,0,321,0,0,0,321
04/23/2000,BET,AK,AAL,WE,Federal Contract Tower,2,4,0,0,6,0,248,19,0,267,2,252,19,0,273,11,0,11,284
04/24/2000,BET,AK,AAL,WE,Federal Contract Tower,6,9,0,0,15,1,527,36,0,564,7,536,36,0,579,6,0,6,585
04/25/2000,BET,AK,AAL,WE,Federal Contract Tower,8,13,1,0,22,3,463,16,0,482,11,476,17,0,504,0,22,22,526
04/26/2000,BET,AK,AAL,WE,Federal Contract Tower,0,1,0,0,1,15,442,14,2,473,15,443,14,2,474,16,0,16,490
04/27/2000,BET,AK,AAL,WE,Federal Contract Tower,9,15,1,0,25,4,414,13,2,433,13,429,14,2,458,6,0,6,464
04/28/2000,BET,AK,AAL,WE,Federal Contract Tower,6,11,1,0,18,5,425,1,7,438,11,436,2,7,456,32,0,32,488
04/29/2000,BET,AK,AAL,WE,Federal Contract Tower,5,9,0,0,14,7,555,2,0,564,12,564,2,0,578,61,0,61,639
04/30/2000,BET,AK,AAL,WE,Federal Contract Tower,3,5,0,0,8,1,436,0,0,437,4,441,0,0,445,12,0,12,457
05/01/2000,BET,AK,AAL,WE,Federal Contract Tower,10,18,4,1,33,0,345,8,5,358,10,363,12,6,391,0,0,0,391
05/02/2000,BET,AK,AAL,WE,Federal Contract Tower,11,43,10,0,64,0,512,22,0,534,11,555,32,0,598,40,0,40,638
05/03/2000,BET,AK,AAL,WE,Federal Contract Tower,10,12,3,0,25,4,429,2,0,435,14,441,5,0,460,28,0,28,488
05/04/2000,BET,AK,AAL,WE,Federal Contract Tower,13,15,4,0,32,3,535,4,4,546,16,550,8,4,578,54,0,54,632
05/05/2000,BET,AK,AAL,WE,Federal Contract Tower,9,11,3,0,23,4,707,21,2,734,13,718,24,2,757,67,0,67,824
05/06/2000,BET,AK,AAL,WE,Federal Contract Tower,5,7,2,0,14,4,516,0,0,520,9,523,2,0,534,24,0,24,558
05/07/2000,BET,AK,AAL,WE,Federal Contract Tower,2,6,2,0,10,0,488,2,1,491,2,494,4,1,501,12,0,12,513
05/08/2000,BET,AK,AAL,WE,Federal Contract Tower,7,9,3,0,19,4,500,22,2,528,11,509,25,2,547,20,0,20,567
05/09/2000,BET,AK,AAL,WE,Federal Contract Tower,11,43,6,0,60,0,379,0,0,379,11,422,6,0,439,0,0,0,439
05/10/2000,BET,AK,AAL,WE,Federal Contract Tower,10,13,4,0,27,0,512,5,2,519,10,525,9,2,546,8,0,8,554
05/11/2000,BET,AK,AAL,WE,Federal Contract Tower,12,15,4,1,32,0,296,14,3,313,12,311,18,4,345,14,0,14,359
05/12/2000,BET,AK,AAL,WE,Federal Contract Tower,9,10,2,1,22,7,507,19,1,534,16,517,21,2,556,24,0,24,580
05/13/2000,BET,AK,AAL,WE,Federal Contract Tower,5,7,1,0,13,5,373,7,0,385,10,380,8,0,398,58,0,58,456
05/14/2000,BET,AK,AAL,WE,Federal Contract Tower,2,7,0,0,9,0,195,0,0,195,2,202,0,0,204,2,0,2,206
05/15/2000,BET,AK,AAL,WE,Federal Contract Tower,9,9,2,1,21,1,410,20,1,432,10,419,22,2,453,0,0,0,453
05/16/2000,BET,AK,AAL,WE,Federal Contract Tower,9,9,2,0,20,0,428,21,0,449,9,437,23,0,469,8,0,8,477
05/17/2000,BET,AK,AAL,WE,Federal Contract Tower,11,11,2,1,25,6,393,27,5,431,17,404,29,6,456,14,0,14,470
05/18/2000,BET,AK,AAL,WE,Federal Contract Tower,9,9,2,0,20,5,356,13,0,374,14,365,15,0,394,24,0,24,418
05/19/2000,BET,AK,AAL,WE,Federal Contract Tower,8,7,1,0,16,6,435,6,0,447,14,442,7,0,463,38,0,38,501
05/20/2000,BET,AK,AAL,WE,Federal Contract Tower,10,9,2,0,21,4,384,10,0,398,14,393,12,0,419,22,0,22,441
05/21/2000,BET,AK,AAL,WE,Federal Contract Tower,2,13,2,0,17,0,181,1,0,182,2,194,3,0,199,78,0,78,277
05/22/2000,BET,AK,AAL,WE,Federal Contract Tower,8,9,2,1,20,0,386,19,1,406,8,395,21,2,426,10,0,10,436
05/23/2000,BET,AK,AAL,WE,Federal Contract Tower,10,10,2,1,23,7,321,11,1,340,17,331,13,2,363,8,4,12,375
05/24/2000,BET,AK,AAL,WE,Federal Contract Tower,10,10,2,1,23,3,458,7,3,471,13,468,9,4,494,0,0,0,494
05/25/2000,BET,AK,AAL,WE,Federal Contract Tower,10,10,3,0,23,4,467,28,0,499,14,477,31,0,522,0,0,0,522
05/26/2000,BET,AK,AAL,WE,Federal Contract Tower,10,10,3,1,24,5,459,7,2,473,15,469,10,3,497,42,0,42,539
05/27/2000,BET,AK,AAL,WE,Federal Contract Tower,7,7,1,0,15,5,364,10,0,379,12,371,11,0,394,28,0,28,422
05/28/2000,BET,AK,AAL,WE,Federal Contract Tower,2,3,0,0,5,0,183,1,0,184,2,186,1,0,189,0,0,0,189
05/29/2000,BET,AK,AAL,WE,Federal Contract Tower,7,6,1,0,14,1,171,10,0,182,8,177,11,0,196,10,0,10,206
05/30/2000,BET,AK,AAL,WE,Federal Contract Tower,10,20,4,1,35,0,356,10,1,367,10,376,14,2,402,36,0,36,438
05/31/2000,BET,AK,AAL,WE,Federal Contract Tower,9,10,2,0,21,4,409,11,4,428,13,419,13,4,449,36,0,36,485
06/01/2000,BET,AK,AAL,WE,Federal Contract Tower,10,15,4,0,29,5,446,9,0,460,15,461,13,0,489,20,0,20,509
06/02/2000,BET,AK,AAL,WE,Federal Contract Tower,10,12,3,0,25,5,440,14,6,465,15,452,17,6,490,34,0,34,524
06/03/2000,BET,AK,AAL,WE,Federal Contract Tower,7,11,3,0,21,5,386,18,0,409,12,397,21,0,430,12,0,12,442
06/04/2000,BET,AK,AAL,WE,Federal Contract Tower,1,5,2,0,8,0,212,6,1,219,1,217,8,1,227,4,0,4,231
06/05/2000,BET,AK,AAL,WE,Federal Contract Tower,6,9,2,0,17,1,451,18,4,474,7,460,20,4,491,6,0,6,497
06/06/2000,BET,AK,AAL,WE,Federal Contract Tower,5,8,3,0,16,4,267,7,2,280,9,275,10,2,296,16,0,16,312
06/07/2000,BET,AK,AAL,WE,Federal Contract Tower,10,15,4,0,29,5,358,14,0,377,15,373,18,0,406,0,0,0,406
06/08/2000,BET,AK,AAL,WE,Federal Contract Tower,8,12,4,0,24,2,308,19,4,333,10,320,23,4,357,0,0,0,357
06/09/2000,BET,AK,AAL,WE,Federal Contract Tower,10,14,3,1,28,3,377,9,1,390,13,391,12,2,418,0,0,0,418
06/10/2000,BET,AK,AAL,WE,Federal Contract Tower,6,9,2,0,17,7,415,10,0,432,13,424,12,0,449,4,0,4,453
06/11/2000,BET,AK,AAL,WE,Federal Contract Tower,2,8,1,0,11,0,214,17,0,231,2,222,18,0,242,0,0,0,242
06/12/2000,BET,AK,AAL,WE,Federal Contract Tower,6,6,1,1,14,2,447,29,1,479,8,453,30,2,493,12,0,12,505
06/13/2000,BET,AK,AAL,WE,Federal Contract Tower,9,11,3,1,24,6,325,27,5,363,15,336,30,6,387,30,0,30,417
06/14/2000,BET,AK,AAL,WE,Federal Contract Tower,9,11,2,0,22,5,400,20,0,425,14,411,22,0,447,0,0,0,447
06/15/2000,BET,AK,AAL,WE,Federal Contract Tower,10,12,2,0,24,3,274,30,0,307,13,286,32,0,331,78,0,78,409
06/16/2000,BET,AK,AAL,WE,Federal Contract Tower,10,14,3,2,29,4,516,11,2,533,14,530,14,4,562,48,0,48,610
06/17/2000,BET,AK,AAL,WE,Federal Contract Tower,8,9,2,0,19,5,328,30,0,363,13,337,32,0,382,12,0,12,394
06/18/2000,BET,AK,AAL,WE,Federal Contract Tower,3,10,2,0,15,0,173,12,0,185,3,183,14,0,200,52,0,52,252
06/19/2000,BET,AK,AAL,WE,Federal Contract Tower,9,11,2,1,23,1,399,34,11,445,10,410,36,12,468,14,0,14,482
06/20/2000,BET,AK,AAL,WE,Federal Contract Tower,13,47,10,1,71,0,328,17,0,345,13,375,27,1,416,10,0,10,426
06/21/2000,BET,AK,AAL,WE,Federal Contract Tower,11,15,3,2,31,4,387,5,4,400,15,402,8,6,431,36,4,40,471
06/22/2000,BET,AK,AAL,WE,Federal Contract Tower,12,16,3,2,33,1,316,6,2,325,13,332,9,4,358,48,0,48,406
06/23/2000,BET,AK,AAL,WE,Federal Contract Tower,9,11,2,0,22,5,390,1,0,396,14,401,3,0,418,38,0,38,456
06/24/2000,BET,AK,AAL,WE,Federal Contract Tower,5,6,1,0,12,9,276,24,0,309,14,282,25,0,321,28,0,28,349
06/25/2000,BET,AK,AAL,WE,Federal Contract Tower,1,4,0,0,5,0,158,6,0,164,1,162,6,0,169,8,0,8,177
06/26/2000,BET,AK,AAL,WE,Federal Contract Tower,7,8,1,1,17,1,512,10,1,524,8,520,11,2,541,10,0,10,551
06/27/2000,BET,AK,AAL,WE,Federal Contract Tower,6,8,2,0,16,5,372,10,0,387,11,380,12,0,403,12,0,12,415
06/28/2000,BET,AK,AAL,WE,Federal Contract Tower,9,71,2,2,84,0,135,0,0,135,9,206,2,2,219,0,0,0,219
06/29/2000,BET,AK,AAL,WE,Federal Contract Tower,14,21,4,1,40,0,382,11,3,396,14,403,15,4,436,0,0,0,436
06/30/2000,BET,AK,AAL,WE,Federal Contract Tower,15,33,6,2,56,0,313,5,4,322,15,346,11,6,378,0,0,0,378
07/01/2000,BET,AK,AAL,WE,Federal Contract Tower,7,14,2,0,23,5,307,20,0,332,12,321,22,0,355,26,0,26,381
07/02/2000,BET,AK,AAL,WE,Federal Contract Tower,4,9,1,0,14,0,164,5,0,169,4,173,6,0,183,2,0,2,185
07/03/2000,BET,AK,AAL,WE,Federal Contract Tower,5,10,1,0,16,7,322,3,0,332,12,332,4,0,348,4,0,4,352
07/04/2000,BET,AK,AAL,WE,Federal Contract Tower,2,6,0,0,8,4,81,11,0,96,6,87,11,0,104,2,0,2,106
07/05/2000,BET,AK,AAL,WE,Federal Contract Tower,9,20,2,2,33,1,264,6,0,271,10,284,8,2,304,14,0,14,318
07/06/2000,BET,AK,AAL,WE,Federal Contract Tower,6,13,2,0,21,4,318,4,0,326,10,331,6,0,347,0,0,0,347
07/07/2000,BET,AK,AAL,WE,Federal Contract Tower,12,24,3,2,41,1,400,26,4,431,13,424,29,6,472,25,0,25,497
07/08/2000,BET,AK,AAL,WE,Federal Contract Tower,5,13,2,0,20,9,310,6,0,325,14,323,8,0,345,0,0,0,345
07/09/2000,BET,AK,AAL,WE,Federal Contract Tower,1,11,1,0,13,0,152,0,0,152,1,163,1,0,165,0,0,0,165
07/10/2000,BET,AK,AAL,WE,Federal Contract Tower,7,12,2,1,22,11,340,17,21,389,18,352,19,22,411,3,4,7,418
07/11/2000,BET,AK,AAL,WE,Federal Contract Tower,8,15,2,1,26,5,362,13,1,381,13,377,15,2,407,4,0,4,411
07/12/2000,BET,AK,AAL,WE,Federal Contract Tower,9,17,2,2,30,6,324,4,2,336,15,341,6,4,366,6,0,6,372
07/13/2000,BET,AK,AAL,WE,Federal Contract Tower,16,65,5,4,90,0,155,0,0,155,16,220,5,4,245,0,0,0,245
07/14/2000,BET,AK,AAL,WE,Federal Contract Tower,14,47,6,3,70,0,125,5,3,133,14,172,11,6,203,0,0,0,203
07/15/2000,BET,AK,AAL,WE,Federal Contract Tower,13,31,3,0,47,0,237,3,0,240,13,268,6,0,287,16,0,16,303
07/16/2000,BET,AK,AAL,WE,Federal Contract Tower,4,8,0,0,12,0,128,4,0,132,4,136,4,0,144,42,0,42,186
07/17/2000,BET,AK,AAL,WE,Federal Contract Tower,6,9,1,1,17,2,364,14,1,381,8,373,15,2,398,14,0,14,412
07/18/2000,BET,AK,AAL,WE,Federal Contract Tower,8,27,2,2,39,0,237,18,0,255,8,264,20,2,294,4,0,4,298
07/19/2000,BET,AK,AAL,WE,Federal Contract Tower,12,40,1,3,56,0,182,0,21,203,12,222,1,24,259,24,0,24,283
07/20/2000,BET,AK,AAL,WE,Federal Contract Tower,16,40,4,2,62,0,106,3,0,109,16,146,7,2,171,0,0,0,171
07/21/2000,BET,AK,AAL,WE,Federal Contract Tower,11,18,1,1,31,7,383,24,0,414,18,401,25,1,445,20,0,20,465
07/22/2000,BET,AK,AAL,WE,Federal Contract Tower,7,12,1,0,20,6,371,16,0,393,13,383,17,0,413,0,0,0,413
07/23/2000,BET,AK,AAL,WE,Federal Contract Tower,6,24,2,0,32,0,193,17,0,210,6,217,19,0,242,28,0,28,270
07/24/2000,BET,AK,AAL,WE,Federal Contract Tower,8,17,2,0,27,0,316,31,8,355,8,333,33,8,382,12,0,12,394
07/25/2000,BET,AK,AAL,WE,Federal Contract Tower,7,13,1,0,21,4,324,8,4,340,11,337,9,4,361,10,0,10,371
07/26/2000,BET,AK,AAL,WE,Federal Contract Tower,9,15,1,0,25,0,354,13,2,369,9,369,14,2,394,36,0,36,430
07/27/2000,BET,AK,AAL,WE,Federal Contract Tower,9,15,1,0,25,5,286,12,4,307,14,301,13,4,332,4,0,4,336
07/28/2000,BET,AK,AAL,WE,Federal Contract Tower,8,14,2,0,24,7,448,41,0,496,15,462,43,0,520,0,0,0,520
07/29/2000,BET,AK,AAL,WE,Federal Contract Tower,9,16,1,0,26,5,311,22,0,338,14,327,23,0,364,28,0,28,392
07/30/2000,BET,AK,AAL,WE,Federal Contract Tower,5,8,0,0,13,1,114,12,0,127,6,122,12,0,140,8,0,8,148
07/31/2000,BET,AK,AAL,WE,Federal Contract Tower,7,14,1,0,22,0,388,15,4,407,7,402,16,4,429,10,6,16,445
08/01/2000,BET,AK,AAL,WE,Federal Contract Tower,5,14,3,0,22,8,320,4,2,334,13,334,7,2,356,6,2,8,364
08/02/2000,BET,AK,AAL,WE,Federal Contract Tower,8,26,5,0,39,8,227,0,0,235,16,253,5,0,274,0,0,0,274
08/03/2000,BET,AK,AAL,WE,Federal Contract Tower,9,25,0,0,34,3,9,0,2,14,12,34,0,2,48,2,0,2,50
08/04/2000,BET,AK,AAL,WE,Federal Contract Tower,8,24,6,0,38,9,424,5,1,439,17,448,11,1,477,10,0,10,487
08/05/2000,BET,AK,AAL,WE,Federal Contract Tower,12,56,11,0,79,0,261,11,0,272,12,317,22,0,351,0,2,2,353
08/06/2000,BET,AK,AAL,WE,Federal Contract Tower,4,11,3,0,18,2,230,22,0,254,6,241,25,0,272,30,0,30,302
08/07/2000,BET,AK,AAL,WE,Federal Contract Tower,7,15,3,1,26,0,476,23,1,500,7,491,26,2,526,6,0,6,532
08/08/2000,BET,AK,AAL,WE,Federal Contract Tower,7,16,2,1,26,5,335,9,1,350,12,351,11,2,376,2,12,14,390
08/09/2000,BET,AK,AAL,WE,Federal Contract Tower,17,45,7,1,70,0,378,22,1,401,17,423,29,2,471,0,0,0,471
08/10/2000,BET,AK,AAL,WE,Federal Contract Tower,18,102,15,2,137,0,218,0,0,218,18,320,15,2,355,0,0,0,355
08/11/2000,BET,AK,AAL,WE,Federal Contract Tower,9,21,3,1,34,5,366,28,4,403,14,387,31,5,437,0,0,0,437
08/12/2000,BET,AK,AAL,WE,Federal Contract Tower,6,52,8,0,66,0,86,0,0,86,6,138,8,0,152,2,0,2,154
08/13/2000,BET,AK,AAL,WE,Federal Contract Tower,6,33,5,1,45,0,193,19,3,215,6,226,24,4,260,38,0,38,298
08/14/2000,BET,AK,AAL,WE,Federal Contract Tower,5,62,9,1,77,0,240,16,0,256,5,302,25,1,333,18,0,18,351
08/15/2000,BET,AK,AAL,WE,Federal Contract Tower,5,12,2,1,20,10,373,24,2,409,15,385,26,3,429,6,0,6,435
08/16/2000,BET,AK,AAL,WE,Federal Contract Tower,21,49,7,1,78,0,324,18,3,345,21,373,25,4,423,20,0,20,443
08/17/2000,BET,AK,AAL,WE,Federal Contract Tower,15,41,6,1,63,0,386,33,3,422,15,427,39,4,485,4,0,4,489
08/18/2000,BET,AK,AAL,WE,Federal Contract Tower,16,59,9,0,84,0,143,10,0,153,16,202,19,0,237,16,0,16,253
08/19/2000,BET,AK,AAL,WE,Federal Contract Tower,6,13,2,1,22,4,461,19,1,485,10,474,21,2,507,0,6,6,513
08/20/2000,BET,AK,AAL,WE,Federal Contract Tower,6,24,3,0,33,0,340,20,0,360,6,364,23,0,393,0,0,0,393
08/21/2000,BET,AK,AAL,WE,Federal Contract Tower,11,27,4,0,42,1,355,24,0,380,12,382,28,0,422,4,0,4,426
08/22/2000,BET,AK,AAL,WE,Federal Contract Tower,5,14,2,0,21,8,407,18,6,439,13,421,20,6,460,0,0,0,460
08/23/2000,BET,AK,AAL,WE,Federal Contract Tower,6,14,2,0,22,11,380,16,0,407,17,394,18,0,429,2,0,2,431
08/24/2000,BET,AK,AAL,WE,Federal Contract Tower,7,17,2,0,26,12,391,20,2,425,19,408,22,2,451,48,0,48,499
08/25/2000,BET,AK,AAL,WE,Federal Contract Tower,10,23,3,0,36,8,368,9,2,387,18,391,12,2,423,22,0,22,445
08/26/2000,BET,AK,AAL,WE,Federal Contract Tower,15,36,6,0,57,0,145,17,4,166,15,181,23,4,223,2,0,2,225
08/27/2000,BET,AK,AAL,WE,Federal Contract Tower,5,12,1,0,18,1,174,16,0,191,6,186,17,0,209,0,0,0,209
08/28/2000,BET,AK,AAL,WE,Federal Contract Tower,8,21,3,0,32,1,357,18,0,376,9,378,21,0,408,0,8,8,416
08/29/2000,BET,AK,AAL,WE,Federal Contract Tower,12,28,3,0,43,2,17,0,2,21,14,45,3,2,64,0,0,0,64
08/30/2000,BET,AK,AAL,WE,Federal Contract Tower,14,35,5,0,54,0,372,19,2,393,14,407,24,2,447,4,0,4,451
08/31/2000,BET,AK,AAL,WE,Federal Contract Tower,13,33,5,0,51,3,310,5,6,324,16,343,10,6,375,0,0,0,375
09/01/2000,BET,AK,AAL,WE,Federal Contract Tower,9,17,2,0,28,7,407,12,1,427,16,424,14,1,455,0,0,0,455
09/02/2000,BET,AK,AAL,WE,Federal Contract Tower,14,68,6,0,88,0,250,0,0,250,14,318,6,0,338,2,0,2,340
09/03/2000,BET,AK,AAL,WE,Federal Contract Tower,6,16,2,0,24,0,147,26,0,173,6,163,28,0,197,18,0,18,215
09/04/2000,BET,AK,AAL,WE,Federal Contract Tower,8,52,6,0,66,0,50,0,0,50,8,102,6,0,116,0,0,0,116
09/05/2000,BET,AK,AAL,WE,Federal Contract Tower,11,22,3,0,36,3,400,36,0,439,14,422,39,0,475,0,0,0,475
09/06/2000,BET,AK,AAL,WE,Federal Contract Tower,9,19,2,0,30,0,330,4,2,336,9,349,6,2,366,0,0,0,366
09/07/2000,BET,AK,AAL,WE,Federal Contract Tower,8,17,2,0,27,4,389,8,0,401,12,406,10,0,428,0,0,0,428
09/08/2000,BET,AK,AAL,WE,Federal Contract Tower,11,18,2,0,31,4,585,22,2,613,15,603,24,2,644,0,0,0,644
09/09/2000,BET,AK,AAL,WE,Federal Contract Tower,13,24,3,0,40,7,222,8,0,237,20,246,11,0,277,28,0,28,305
09/10/2000,BET,AK,AAL,WE,Federal Contract Tower,4,24,3,0,31,0,240,20,1,261,4,264,23,1,292,6,0,6,298
09/11/2000,BET,AK,AAL,WE,Federal Contract Tower,10,28,4,0,42,0,461,9,4,474,10,489,13,4,516,6,0,6,522
09/12/2000,BET,AK,AAL,WE,Federal Contract Tower,14,29,4,0,47,0,372,8,2,382,14,401,12,2,429,10,0,10,439
09/13/2000,BET,AK,AAL,WE,Federal Contract Tower,15,27,4,0,46,2,365,28,6,401,17,392,32,6,447,8,0,8,455
09/14/2000,BET,AK,AAL,WE,Federal Contract Tower,10,18,1,1,30,7,420,15,1,443,17,438,16,2,473,8,0,8,481
09/15/2000,BET,AK,AAL,WE,Federal Contract Tower,6,12,1,1,20,7,553,10,1,571,13,565,11,2,591,26,0,26,617
09/16/2000,BET,AK,AAL,WE,Federal Contract Tower,5,10,1,0,16,7,509,10,0,526,12,519,11,0,542,14,0,14,556
09/17/2000,BET,AK,AAL,WE,Federal Contract Tower,4,7,0,1,12,0,260,39,2,301,4,267,39,3,313,4,0,4,317
09/18/2000,BET,AK,AAL,WE,Federal Contract Tower,6,11,1,0,18,4,443,21,0,468,10,454,22,0,486,8,0,8,494
09/19/2000,BET,AK,AAL,WE,Federal Contract Tower,8,13,1,0,22,5,527,31,0,563,13,540,32,0,585,10,0,10,595
09/20/2000,BET,AK,AAL,WE,Federal Contract Tower,8,14,1,1,24,5,506,26,1,538,13,520,27,2,562,32,0,32,594
09/21/2000,BET,AK,AAL,WE,Federal Contract Tower,10,18,0,1,29,12,356,0,1,369,22,374,0,2,398,0,0,0,398
09/22/2000,BET,AK,AAL,WE,Federal Contract Tower,11,20,2,1,34,0,373,6,2,381,11,393,8,3,415,6,0,6,421
09/23/2000,BET,AK,AAL,WE,Federal Contract Tower,6,11,1,1,19,7,285,35,1,328,13,296,36,2,347,2,0,2,349
09/24/2000,BET,AK,AAL,WE,Federal Contract Tower,4,33,3,1,41,0,243,46,6,295,4,276,49,7,336,28,0,28,364
09/25/2000,BET,AK,AAL,WE,Federal Contract Tower,9,26,3,0,38,0,215,4,8,227,9,241,7,8,265,0,0,0,265
09/26/2000,BET,AK,AAL,WE,Federal Contract Tower,8,14,1,0,23,5,364,7,6,382,13,378,8,6,405,8,0,8,413
09/27/2000,BET,AK,AAL,WE,Federal Contract Tower,11,19,1,0,31,9,413,12,8,442,20,432,13,8,473,0,0,0,473
09/28/2000,BET,AK,AAL,WE,Federal Contract Tower,6,13,1,0,20,2,325,9,2,338,8,338,10,2,358,10,0,10,368
09/29/2000,BET,AK,AAL,WE,Federal Contract Tower,13,25,2,0,40,4,321,8,0,333,17,346,10,0,373,6,0,6,379
09/30/2000,BET,AK,AAL,WE,Federal Contract Tower,7,13,1,0,21,5,299,9,0,313,12,312,10,0,334,4,0,4,338
10/01/2000,BET,AK,AAL,WE,Federal Contract Tower,2,8,0,0,10,2,194,33,0,229,4,202,33,0,239,0,0,0,239
10/02/2000,BET,AK,AAL,WE,Federal Contract Tower,4,19,2,1,26,6,356,72,1,435,10,375,74,2,461,0,0,0,461
10/03/2000,BET,AK,AAL,WE,Federal Contract Tower,4,18,2,0,24,7,354,16,0,377,11,372,18,0,401,0,0,0,401
10/04/2000,BET,AK,AAL,WE,Federal Contract Tower,6,18,2,0,26,9,399,4,0,412,15,417,6,0,438,12,0,12,450
10/05/2000,BET,AK,AAL,WE,Federal Contract Tower,6,15,0,0,21,5,306,5,0,316,11,321,5,0,337,16,0,16,353
10/06/2000,BET,AK,AAL,WE,Federal Contract Tower,7,19,2,0,28,11,233,2,0,246,18,252,4,0,274,22,0,22,296
10/07/2000,BET,AK,AAL,WE,Federal Contract Tower,5,11,0,1,17,6,285,9,0,300,11,296,9,1,317,24,0,24,341
10/08/2000,BET,AK,AAL,WE,Federal Contract Tower,3,9,0,0,12,3,312,19,0,334,6,321,19,0,346,23,0,23,369
10/09/2000,BET,AK,AAL,WE,Federal Contract Tower,5,14,0,0,19,3,461,18,0,482,8,475,18,0,501,16,0,16,517
10/10/2000,BET,AK,AAL,WE,Federal Contract Tower,1,59,4,2,66,0,253,4,0,257,1,312,8,2,323,4,0,4,327
10/11/2000,BET,AK,AAL,WE,Federal Contract Tower,6,17,2,1,26,9,457,5,0,471,15,474,7,1,497,34,0,34,531
10/12/2000,BET,AK,AAL,WE,Federal Contract Tower,6,16,2,0,24,8,373,6,4,391,14,389,8,4,415,46,0,46,461
10/13/2000,BET,AK,AAL,WE,Federal Contract Tower,6,15,0,0,21,5,351,9,1,366,11,366,9,1,387,2,0,2,389
10/14/2000,BET,AK,AAL,WE,Federal Contract Tower,6,18,2,0,26,10,455,22,1,488,16,473,24,1,514,18,0,18,532
10/15/2000,BET,AK,AAL,WE,Federal Contract Tower,5,16,2,0,23,0,45,0,0,45,5,61,2,0,68,8,0,8,76
10/16/2000,BET,AK,AAL,WE,Federal Contract Tower,8,65,5,0,78,0,387,26,0,413,8,452,31,0,491,0,0,0,491
10/17/2000,BET,AK,AAL,WE,Federal Contract Tower,14,79,6,1,100,0,61,0,3,64,14,140,6,4,164,0,0,0,164
10/18/2000,BET,AK,AAL,WE,Federal Contract Tower,16,42,3,0,61,0,429,2,2,433,16,471,5,2,494,88,0,88,582
10/19/2000,BET,AK,AAL,WE,Federal Contract Tower,15,48,3,0,66,0,300,5,8,313,15,348,8,8,379,0,0,0,379
10/20/2000,BET,AK,AAL,WE,Federal Contract Tower,6,18,1,0,25,8,589,18,2,617,14,607,19,2,642,26,0,26,668
10/21/2000,BET,AK,AAL,WE,Federal Contract Tower,14,182,0,0,196,0,126,0,0,126,14,308,0,0,322,0,0,0,322
10/22/2000,BET,AK,AAL,WE,Federal Contract Tower,5,12,0,0,17,3,234,13,1,251,8,246,13,1,268,2,0,2,270
10/23/2000,BET,AK,AAL,WE,Federal Contract Tower,10,59,3,1,73,0,291,3,3,297,10,350,6,4,370,0,0,0,370
10/24/2000,BET,AK,AAL,WE,Federal Contract Tower,12,35,2,0,49,4,493,2,3,502,16,528,4,3,551,3,0,3,554
10/25/2000,BET,AK,AAL,WE,Federal Contract Tower,6,17,1,0,24,9,436,19,0,464,15,453,20,0,488,34,0,34,522
10/26/2000,BET,AK,AAL,WE,Federal Contract Tower,12,38,2,0,52,0,453,12,0,465,12,491,14,0,517,26,0,26,543
10/27/2000,BET,AK,AAL,WE,Federal Contract Tower,16,68,4,0,88,0,329,7,0,336,16,397,11,0,424,6,0,6,430
10/28/2000,BET,AK,AAL,WE,Federal Contract Tower,16,45,3,0,64,2,258,3,0,263,18,303,6,0,327,12,0,12,339
10/29/2000,BET,AK,AAL,WE,Federal Contract Tower,3,10,0,0,13,3,276,10,0,289,6,286,10,0,302,0,0,0,302
10/30/2000,BET,AK,AAL,WE,Federal Contract Tower,4,11,0,0,15,3,546,5,2,556,7,557,5,2,571,12,0,12,583
10/31/2000,BET,AK,AAL,WE,Federal Contract Tower,8,21,1,0,30,5,383,10,2,400,13,404,11,2,430,4,0,4,434
11/01/2000,BET,AK,AAL,WE,Federal Contract Tower,13,15,2,0,30,5,484,12,6,507,18,499,14,6,537,14,0,14,551
11/02/2000,BET,AK,AAL,WE,Federal Contract Tower,12,12,2,0,26,1,591,3,0,595,13,603,5,0,621,4,0,4,625
11/03/2000,BET,AK,AAL,WE,Federal Contract Tower,12,14,2,0,28,4,547,10,3,564,16,561,12,3,592,0,0,0,592
11/04/2000,BET,AK,AAL,WE,Federal Contract Tower,6,8,1,0,15,5,244,0,0,249,11,252,1,0,264,0,0,0,264
11/05/2000,BET,AK,AAL,WE,Federal Contract Tower,6,10,1,0,17,0,364,22,2,388,6,374,23,2,405,28,0,28,433
11/06/2000,BET,AK,AAL,WE,Federal Contract Tower,5,7,1,0,13,4,568,19,0,591,9,575,20,0,604,6,0,6,610
11/07/2000,BET,AK,AAL,WE,Federal Contract Tower,7,8,1,0,16,4,497,14,0,515,11,505,15,0,531,10,0,10,541
11/08/2000,BET,AK,AAL,WE,Federal Contract Tower,17,33,4,1,55,0,43,2,2,47,17,76,6,3,102,0,0,0,102
11/09/2000,BET,AK,AAL,WE,Federal Contract Tower,9,11,2,0,22,1,488,4,0,493,10,499,6,0,515,0,0,0,515
11/10/2000,BET,AK,AAL,WE,Federal Contract Tower,17,42,5,0,64,0,511,7,0,518,17,553,12,0,582,0,0,0,582
11/11/2000,BET,AK,AAL,WE,Federal Contract Tower,6,8,1,0,15,4,548,15,0,567,10,556,16,0,582,0,0,0,582
11/12/2000,BET,AK,AAL,WE,Federal Contract Tower,6,11,1,0,18,0,167,1,0,168,6,178,2,0,186,2,0,2,188
11/13/2000,BET,AK,AAL,WE,Federal Contract Tower,9,8,0,0,17,0,121,1,0,122,9,129,1,0,139,6,0,6,145
11/14/2000,BET,AK,AAL,WE,Federal Contract Tower,13,12,1,1,27,0,421,2,3,426,13,433,3,4,453,2,0,2,455
11/15/2000,BET,AK,AAL,WE,Federal Contract Tower,12,11,0,1,24,3,364,0,3,370,15,375,0,4,394,24,0,24,418
11/16/2000,BET,AK,AAL,WE,Federal Contract Tower,12,12,1,0,25,2,414,5,0,421,14,426,6,0,446,20,0,20,466
11/17/2000,BET,AK,AAL,WE,Federal Contract Tower,13,13,0,1,27,0,541,0,1,542,13,554,0,2,569,0,0,0,569
11/18/2000,BET,AK,AAL,WE,Federal Contract Tower,8,7,0,0,15,4,403,5,0,412,12,410,5,0,427,18,0,18,445
11/19/2000,BET,AK,AAL,WE,Federal Contract Tower,3,3,0,0,6,0,300,33,0,333,3,303,33,0,339,8,0,8,347
11/20/2000,BET,AK,AAL,WE,Federal Contract Tower,7,6,0,1,14,3,519,8,5,535,10,525,8,6,549,14,0,14,563
11/21/2000,BET,AK,AAL,WE,Federal Contract Tower,11,10,1,1,23,0,479,8,1,488,11,489,9,2,511,24,0,24,535
11/22/2000,BET,AK,AAL,WE,Federal Contract Tower,0,0,0,0,0,14,447,7,2,470,14,447,7,2,470,18,0,18,488
11/23/2000,BET,AK,AAL,WE,Federal Contract Tower,0,0,0,0,0,0,10,6,0,16,0,10,6,0,16,0,0,0,16
11/24/2000,BET,AK,AAL,WE,Federal Contract Tower,10,10,0,0,20,6,488,8,0,502,16,498,8,0,522,2,0,2,524
11/25/2000,BET,AK,AAL,WE,Federal Contract Tower,10,9,0,0,19,2,409,8,0,419,12,418,8,0,438,12,0,12,450
11/26/2000,BET,AK,AAL,WE,Federal Contract Tower,9,12,1,0,22,0,362,18,0,380,9,374,19,0,402,0,0,0,402
11/27/2000,BET,AK,AAL,WE,Federal Contract Tower,9,12,1,1,23,0,422,16,3,441,9,434,17,4,464,4,0,4,468
11/28/2000,BET,AK,AAL,WE,Federal Contract Tower,10,10,1,0,21,2,453,10,0,465,12,463,11,0,486,20,0,20,506
11/29/2000,BET,AK,AAL,WE,Federal Contract Tower,12,11,1,1,25,1,333,5,0,339,13,344,6,1,364,6,0,6,370
11/30/2000,BET,AK,AAL,WE,Federal Contract Tower,10,11,1,0,22,5,308,5,0,318,15,319,6,0,340,4,0,4,344
12/01/2000,BET,AK,AAL,WE,Federal Contract Tower,12,11,3,1,27,6,484,14,3,507,18,495,17,4,534,12,0,12,546
12/02/2000,BET,AK,AAL,WE,Federal Contract Tower,7,11,0,1,19,0,78,0,3,81,7,89,0,4,100,0,0,0,100
12/03/2000,BET,AK,AAL,WE,Federal Contract Tower,8,10,3,1,22,0,314,10,2,326,8,324,13,3,348,2,0,2,350
12/04/2000,BET,AK,AAL,WE,Federal Contract Tower,9,8,3,0,20,4,448,7,2,461,13,456,10,2,481,6,0,6,487
12/05/2000,BET,AK,AAL,WE,Federal Contract Tower,13,11,2,1,27,0,449,0,1,450,13,460,2,2,477,0,0,0,477
12/06/2000,BET,AK,AAL,WE,Federal Contract Tower,10,10,2,1,23,4,311,3,25,343,14,321,5,26,366,6,0,6,372
12/07/2000,BET,AK,AAL,WE,Federal Contract Tower,10,9,3,0,22,2,465,13,8,488,12,474,16,8,510,8,0,8,518
12/08/2000,BET,AK,AAL,WE,Federal Contract Tower,13,11,2,2,28,4,543,4,2,553,17,554,6,4,581,6,2,8,589
12/09/2000,BET,AK,AAL,WE,Federal Contract Tower,10,10,1,2,23,5,294,3,0,302,15,304,4,2,325,0,0,0,325
12/10/2000,BET,AK,AAL,WE,Federal Contract Tower,4,11,2,0,17,0,96,1,0,97,4,107,3,0,114,0,0,0,114
12/11/2000,BET,AK,AAL,WE,Federal Contract Tower,9,12,2,2,25,0,263,1,48,312,9,275,3,50,337,2,10,12,349
12/12/2000,BET,AK,AAL,WE,Federal Contract Tower,10,9,2,1,22,3,222,5,9,239,13,231,7,10,261,0,0,0,261
12/13/2000,BET,AK,AAL,WE,Federal Contract Tower,7,7,2,1,17,4,343,1,1,349,11,350,3,2,366,0,0,0,366
12/14/2000,BET,AK,AAL,WE,Federal Contract Tower,9,9,2,2,22,0,559,2,6,567,9,568,4,8,589,0,0,0,589
12/15/2000,BET,AK,AAL,WE,Federal Contract Tower,12,8,2,0,22,1,439,2,0,442,13,447,4,0,464,6,0,6,470
12/16/2000,BET,AK,AAL,WE,Federal Contract Tower,14,11,2,0,27,0,458,10,0,468,14,469,12,0,495,16,0,16,511
12/17/2000,BET,AK,AAL,WE,Federal Contract Tower,8,7,0,0,15,0,93,0,0,93,8,100,0,0,108,8,0,8,116
12/18/2000,BET,AK,AAL,WE,Federal Contract Tower,8,8,2,1,19,0,355,2,4,361,8,363,4,5,380,4,0,4,384
12/19/2000,BET,AK,AAL,WE,Federal Contract Tower,9,7,2,0,18,2,360,8,0,370,11,367,10,0,388,4,0,4,392
12/20/2000,BET,AK,AAL,WE,Federal Contract Tower,10,8,2,0,20,0,407,6,0,413,10,415,8,0,433,2,0,2,435
12/21/2000,BET,AK,AAL,WE,Federal Contract Tower,15,11,0,2,28,2,499,0,2,503,17,510,0,4,531,0,0,0,531
12/22/2000,BET,AK,AAL,WE,Federal Contract Tower,11,10,1,0,22,4,614,9,0,627,15,624,10,0,649,22,0,22,671
12/23/2000,BET,AK,AAL,WE,Federal Contract Tower,7,5,1,0,13,5,491,3,0,499,12,496,4,0,512,6,0,6,518
12/24/2000,BET,AK,AAL,WE,Federal Contract Tower,4,3,0,0,7,0,106,2,1,109,4,109,2,1,116,0,0,0,116
12/25/2000,BET,AK,AAL,WE,Federal Contract Tower,0,0,0,0,0,0,33,4,0,37,0,33,4,0,37,0,0,0,37
12/26/2000,BET,AK,AAL,WE,Federal Contract Tower,7,6,1,0,14,1,365,7,0,373,8,371,8,0,387,0,0,0,387
12/27/2000,BET,AK,AAL,WE,Federal Contract Tower,10,11,2,0,23,0,290,12,0,302,10,301,14,0,325,2,0,2,327
12/28/2000,BET,AK,AAL,WE,Federal Contract Tower,7,7,2,0,16,0,249,3,3,255,7,256,5,3,271,22,0,22,293
12/29/2000,BET,AK,AAL,WE,Federal Contract Tower,14,12,0,0,26,0,389,0,0,389,14,401,0,0,415,10,0,10,425
12/30/2000,BET,AK,AAL,WE,Federal Contract Tower,7,6,1,0,14,2,421,3,0,426,9,427,4,0,440,0,0,0,440
12/31/2000,BET,AK,AAL,WE,Federal Contract Tower,8,16,3,0,27,0,36,13,0,49,8,52,16,0,76,0,0,0,76
01/01/2001,BET,AK,AAL,WE,Federal Contract Tower,2,4,0,0,6,4,31,18,0,53,6,35,18,0,59,4,0,4,63
01/02/2001,BET,AK,AAL,WE,Federal Contract Tower,8,17,3,1,29,0,233,3,1,237,8,250,6,2,266,8,0,8,274
01/03/2001,BET,AK,AAL,WE,Federal Contract Tower,6,10,2,1,19,2,320,5,0,327,8,330,7,1,346,10,0,10,356
01/04/2001,BET,AK,AAL,WE,Federal Contract Tower,7,10,2,0,19,2,327,7,0,336,9,337,9,0,355,0,0,0,355
01/05/2001,BET,AK,AAL,WE,Federal Contract Tower,10,13,2,1,26,4,302,3,1,310,14,315,5,2,336,0,0,0,336
01/06/2001,BET,AK,AAL,WE,Federal Contract Tower,8,11,0,0,19,3,5,0,0,8,11,16,0,0,27,0,0,0,27
01/07/2001,BET,AK,AAL,WE,Federal Contract Tower,4,5,0,0,9,0,2,0,0,2,4,7,0,0,11,0,0,0,11
01/08/2001,BET,AK,AAL,WE,Federal Contract Tower,6,9,2,0,17,0,256,19,4,279,6,265,21,4,296,4,0,4,300
01/09/2001,BET,AK,AAL,WE,Federal Contract Tower,8,10,2,0,20,0,243,14,0,257,8,253,16,0,277,4,4,8,285
01/10/2001,BET,AK,AAL,WE,Federal Contract Tower,14,20,3,0,37,0,251,0,4,255,14,271,3,4,292,12,0,12,304
01/11/2001,BET,AK,AAL,WE,Federal Contract Tower,9,12,0,0,21,0,13,0,2,15,9,25,0,2,36,0,0,0,36
01/12/2001,BET,AK,AAL,WE,Federal Contract Tower,6,9,2,0,17,0,395,10,2,407,6,404,12,2,424,14,0,14,438
01/13/2001,BET,AK,AAL,WE,Federal Contract Tower,9,10,2,0,21,1,262,3,0,266,10,272,5,0,287,0,0,0,287
01/14/2001,BET,AK,AAL,WE,Federal Contract Tower,6,13,3,0,22,0,102,4,0,106,6,115,7,0,128,0,8,8,136
01/15/2001,BET,AK,AAL,WE,Federal Contract Tower,4,10,2,0,16,0,308,1,0,309,4,318,3,0,325,2,0,2,327
01/16/2001,BET,AK,AAL,WE,Federal Contract Tower,8,9,2,0,19,0,333,5,0,338,8,342,7,0,357,4,0,4,361
01/17/2001,BET,AK,AAL,WE,Federal Contract Tower,10,13,1,0,24,2,150,4,0,156,12,163,5,0,180,18,0,18,198
01/18/2001,BET,AK,AAL,WE,Federal Contract Tower,9,12,0,0,21,2,277,0,2,281,11,289,0,2,302,4,0,4,306
01/19/2001,BET,AK,AAL,WE,Federal Contract Tower,10,13,1,0,24,4,346,4,0,354,14,359,5,0,378,54,0,54,432
01/20/2001,BET,AK,AAL,WE,Federal Contract Tower,5,8,1,0,14,1,234,5,0,240,6,242,6,0,254,8,0,8,262
01/21/2001,BET,AK,AAL,WE,Federal Contract Tower,4,7,0,0,11,0,190,6,0,196,4,197,6,0,207,8,0,8,215
01/22/2001,BET,AK,AAL,WE,Federal Contract Tower,8,22,0,0,30,0,105,0,2,107,8,127,0,2,137,2,0,2,139
01/23/2001,BET,AK,AAL,WE,Federal Contract Tower,10,12,1,0,23,0,248,2,2,252,10,260,3,2,275,2,0,2,277
01/24/2001,BET,AK,AAL,WE,Federal Contract Tower,9,12,1,0,22,3,379,7,4,393,12,391,8,4,415,6,0,6,421
01/25/2001,BET,AK,AAL,WE,Federal Contract Tower,6,7,0,0,13,2,254,1,6,263,8,261,1,6,276,4,0,4,280
01/26/2001,BET,AK,AAL,WE,Federal Contract Tower,9,12,1,0,22,5,178,3,0,186,14,190,4,0,208,18,0,18,226
01/27/2001,BET,AK,AAL,WE,Federal Contract Tower,10,12,1,0,23,1,325,4,0,330,11,337,5,0,353,0,0,0,353
01/28/2001,BET,AK,AAL,WE,Federal Contract Tower,5,8,1,0,14,1,72,3,0,76,6,80,4,0,90,0,0,0,90
01/29/2001,BET,AK,AAL,WE,Federal Contract Tower,5,8,1,0,14,3,182,5,0,190,8,190,6,0,204,0,12,12,216
01/30/2001,BET,AK,AAL,WE,Federal Contract Tower,8,11,1,0,20,5,251,9,0,265,13,262,10,0,285,12,0,12,297
01/31/2001,BET,AK,AAL,WE,Federal Contract Tower,13,26,3,2,44,0,242,0,0,242,13,268,3,2,286,10,0,10,296
02/01/2001,BET,AK,AAL,WE,Federal Contract Tower,11,15,4,0,30,0,267,3,0,270,11,282,7,0,300,0,0,0,300
02/02/2001,BET,AK,AAL,WE,Federal Contract Tower,9,10,3,0,22,4,303,5,1,313,13,313,8,1,335,0,0,0,335
02/03/2001,BET,AK,AAL,WE,Federal Contract Tower,5,6,2,0,13,4,270,5,4,283,9,276,7,4,296,12,0,12,308
02/04/2001,BET,AK,AAL,WE,Federal Contract Tower,3,12,3,0,18,0,99,5,2,106,3,111,8,2,124,26,0,26,150
02/05/2001,BET,AK,AAL,WE,Federal Contract Tower,6,12,3,0,21,0,11,1,0,12,6,23,4,0,33,6,0,6,39
02/06/2001,BET,AK,AAL,WE,Federal Contract Tower,8,13,0,0,21,0,5,0,0,5,8,18,0,0,26,0,0,0,26
02/07/2001,BET,AK,AAL,WE,Federal Contract Tower,11,14,3,0,28,4,326,8,4,342,15,340,11,4,370,20,0,20,390
02/08/2001,BET,AK,AAL,WE,Federal Contract Tower,11,15,4,0,30,2,218,3,0,223,13,233,7,0,253,12,0,12,265
02/09/2001,BET,AK,AAL,WE,Federal Contract Tower,6,8,2,0,16,4,268,0,11,283,10,276,2,11,299,14,0,14,313
02/10/2001,BET,AK,AAL,WE,Federal Contract Tower,8,10,2,1,21,2,27,3,25,57,10,37,5,26,78,0,0,0,78
02/11/2001,BET,AK,AAL,WE,Federal Contract Tower,5,5,1,0,11,1,169,9,0,179,6,174,10,0,190,0,0,0,190
02/12/2001,BET,AK,AAL,WE,Federal Contract Tower,6,12,2,0,20,0,124,4,0,128,6,136,6,0,148,8,0,8,156
02/13/2001,BET,AK,AAL,WE,Federal Contract Tower,12,24,2,0,38,0,148,0,0,148,12,172,2,0,186,4,0,4,190
02/14/2001,BET,AK,AAL,WE,Federal Contract Tower,6,20,4,1,31,0,169,0,0,169,6,189,4,1,200,0,0,0,200
02/15/2001,BET,AK,AAL,WE,Federal Contract Tower,12,13,2,1,28,0,219,2,9,230,12,232,4,10,258,4,0,4,262
02/16/2001,BET,AK,AAL,WE,Federal Contract Tower,9,11,2,1,23,7,108,0,0,115,16,119,2,1,138,2,0,2,140
02/17/2001,BET,AK,AAL,WE,Federal Contract Tower,4,5,0,1,10,5,132,8,3,148,9,137,8,4,158,2,0,2,160
02/18/2001,BET,AK,AAL,WE,Federal Contract Tower,5,5,1,1,12,1,120,15,11,147,6,125,16,12,159,22,12,34,193
02/19/2001,BET,AK,AAL,WE,Federal Contract Tower,8,12,3,1,24,0,212,5,19,236,8,224,8,20,260,10,0,10,270
02/20/2001,BET,AK,AAL,WE,Federal Contract Tower,6,7,1,1,15,3,294,8,9,314,9,301,9,10,329,10,0,10,339
02/21/2001,BET,AK,AAL,WE,Federal Contract Tower,12,14,3,1,30,4,261,9,7,281,16,275,12,8,311,26,0,26,337
02/22/2001,BET,AK,AAL,WE,Federal Contract Tower,12,13,2,1,28,3,307,6,9,325,15,320,8,10,353,0,0,0,353
02/23/2001,BET,AK,AAL,WE,Federal Contract Tower,9,11,2,1,23,7,358,13,7,385,16,369,15,8,408,6,4,10,418
02/24/2001,BET,AK,AAL,WE,Federal Contract Tower,8,10,2,1,21,8,250,8,39,305,16,260,10,40,326,4,0,4,330
02/25/2001,BET,AK,AAL,WE,Federal Contract Tower,8,14,0,0,22,0,21,0,6,27,8,35,0,6,49,2,0,2,51
02/26/2001,BET,AK,AAL,WE,Federal Contract Tower,4,7,1,0,12,0,285,4,14,303,4,292,5,14,315,6,12,18,333
02/27/2001,BET,AK,AAL,WE,Federal Contract Tower,13,25,4,1,43,0,35,0,6,41,13,60,4,7,84,0,0,0,84
02/28/2001,BET,AK,AAL,WE,Federal Contract Tower,17,26,4,1,48,0,329,0,17,346,17,355,4,18,394,0,0,0,394
03/01/2001,BET,AK,AAL,WE,Federal Contract Tower,10,21,0,0,31,0,262,0,31,293,10,283,0,31,324,30,0,30,354
03/02/2001,BET,AK,AAL,WE,Federal Contract Tower,6,11,1,0,18,6,331,3,5,345,12,342,4,5,363,4,0,4,367
03/03/2001,BET,AK,AAL,WE,Federal Contract Tower,13,26,2,0,41,0,186,3,3,192,13,212,5,3,233,8,0,8,241
03/04/2001,BET,AK,AAL,WE,Federal Contract Tower,4,8,1,0,13,2,51,0,1,54,6,59,1,1,67,8,0,8,75
03/05/2001,BET,AK,AAL,WE,Federal Contract Tower,4,9,1,0,14,6,224,2,2,234,10,233,3,2,248,6,0,6,254
03/06/2001,BET,AK,AAL,WE,Federal Contract Tower,6,10,1,0,17,2,305,5,0,312,8,315,6,0,329,7,0,7,336
03/07/2001,BET,AK,AAL,WE,Federal Contract Tower,6,11,1,0,18,8,359,11,2,380,14,370,12,2,398,2,0,2,400
03/08/2001,BET,AK,AAL,WE,Federal Contract Tower,6,10,1,0,17,4,280,7,3,294,10,290,8,3,311,6,0,6,317
03/09/2001,BET,AK,AAL,WE,Federal Contract Tower,16,38,2,0,56,0,99,1,0,100,16,137,3,0,156,0,0,0,156
03/10/2001,BET,AK,AAL,WE,Federal Contract Tower,8,18,1,0,27,0,179,9,0,188,8,197,10,0,215,4,0,4,219
03/11/2001,BET,AK,AAL,WE,Federal Contract Tower,6,26,0,0,32,0,12,0,0,12,6,38,0,0,44,2,0,2,46
03/12/2001,BET,AK,AAL,WE,Federal Contract Tower,6,22,2,0,30,0,223,6,0,229,6,245,8,0,259,0,0,0,259
03/13/2001,BET,AK,AAL,WE,Federal Contract Tower,11,26,2,0,39,0,169,14,0,183,11,195,16,0,222,0,0,0,222
03/14/2001,BET,AK,AAL,WE,Federal Contract Tower,16,43,3,1,63,0,73,4,1,78,16,116,7,2,141,0,0,0,141
03/15/2001,BET,AK,AAL,WE,Federal Contract Tower,8,21,2,0,31,0,130,2,0,132,8,151,4,0,163,0,0,0,163
03/16/2001,BET,AK,AAL,WE,Federal Contract Tower,7,9,0,1,17,2,305,14,3,324,9,314,14,4,341,6,0,6,347
03/17/2001,BET,AK,AAL,WE,Federal Contract Tower,8,10,0,0,18,9,180,11,0,200,17,190,11,0,218,22,0,22,240
03/18/2001,BET,AK,AAL,WE,Federal Contract Tower,6,9,0,1,16,1,156,6,1,164,7,165,6,2,180,2,0,2,182
03/19/2001,BET,AK,AAL,WE,Federal Contract Tower,7,10,0,0,17,3,288,4,0,295,10,298,4,0,312,10,0,10,322
03/20/2001,BET,AK,AAL,WE,Federal Contract Tower,8,16,0,1,25,0,234,8,1,243,8,250,8,2,268,12,0,12,280
03/21/2001,BET,AK,AAL,WE,Federal Contract Tower,7,9,0,0,16,1,333,8,0,342,8,342,8,0,358,6,0,6,364
03/22/2001,BET,AK,AAL,WE,Federal Contract Tower,6,9,0,0,15,4,330,0,0,334,10,339,0,0,349,2,0,2,351
03/23/2001,BET,AK,AAL,WE,Federal Contract Tower,10,13,0,0,23,6,217,6,0,229,16,230,6,0,252,10,0,10,262
03/24/2001,BET,AK,AAL,WE,Federal Contract Tower,6,8,0,1,15,5,129,3,0,137,11,137,3,1,152,0,0,0,152
03/25/2001,BET,AK,AAL,WE,Federal Contract Tower,3,4,0,0,7,3,90,6,0,99,6,94,6,0,106,0,0,0,106
03/26/2001,BET,AK,AAL,WE,Federal Contract Tower,6,12,0,0,18,0,33,0,0,33,6,45,0,0,51,0,0,0,51
03/27/2001,BET,AK,AAL,WE,Federal Contract Tower,8,10,0,0,18,2,197,5,0,204,10,207,5,0,222,0,0,0,222
03/28/2001,BET,AK,AAL,WE,Federal Contract Tower,10,16,0,0,26,2,279,10,2,293,12,295,10,2,319,2,0,2,321
03/29/2001,BET,AK,AAL,WE,Federal Contract Tower,8,14,0,0,22,0,296,4,0,300,8,310,4,0,322,0,0,0,322
03/30/2001,BET,AK,AAL,WE,Federal Contract Tower,9,14,0,0,23,6,261,6,2,275,15,275,6,2,298,2,0,2,300
03/31/2001,BET,AK,AAL,WE,Federal Contract Tower,8,11,0,0,19,3,251,0,0,254,11,262,0,0,273,18,0,18,291
04/01/2001,BET,AK,AAL,WE,Federal Contract Tower,6,3,1,0,10,0,154,0,0,154,6,157,1,0,164,11,0,11,175
04/02/2001,BET,AK,AAL,WE,Federal Contract Tower,3,6,1,0,10,5,70,1,0,76,8,76,2,0,86,12,0,12,98
04/03/2001,BET,AK,AAL,WE,Federal Contract Tower,11,36,1,0,48,0,274,2,0,276,11,310,3,0,324,0,0,0,324
04/04/2001,BET,AK,AAL,WE,Federal Contract Tower,11,61,2,0,74,0,79,0,0,79,11,140,2,0,153,2,0,2,155
04/05/2001,BET,AK,AAL,WE,Federal Contract Tower,12,155,3,0,170,0,65,0,0,65,12,220,3,0,235,0,0,0,235
04/06/2001,BET,AK,AAL,WE,Federal Contract Tower,8,25,0,0,33,5,45,3,0,53,13,70,3,0,86,5,0,5,91
04/07/2001,BET,AK,AAL,WE,Federal Contract Tower,6,45,0,0,51,0,1,0,0,1,6,46,0,0,52,0,0,0,52
04/08/2001,BET,AK,AAL,WE,Federal Contract Tower,8,72,0,0,80,0,299,6,0,305,8,371,6,0,385,12,0,12,397
04/09/2001,BET,AK,AAL,WE,Federal Contract Tower,10,183,2,0,195,0,41,2,0,43,10,224,4,0,238,2,0,2,240
04/10/2001,BET,AK,AAL,WE,Federal Contract Tower,10,80,1,2,93,0,1,0,0,1,10,81,1,2,94,0,0,0,94
04/11/2001,BET,AK,AAL,WE,Federal Contract Tower,4,4,1,0,9,0,2,0,0,2,4,6,1,0,11,0,0,0,11
04/12/2001,BET,AK,AAL,WE,Federal Contract Tower,4,13,0,0,17,8,403,20,0,431,12,416,20,0,448,10,0,10,458
04/13/2001,BET,AK,AAL,WE,Federal Contract Tower,14,54,0,0,68,0,283,6,2,291,14,337,6,2,359,8,0,8,367
04/14/2001,BET,AK,AAL,WE,Federal Contract Tower,15,7,0,0,22,0,300,5,0,305,15,307,5,0,327,6,0,6,333
04/15/2001,BET,AK,AAL,WE,Federal Contract Tower,6,28,0,0,34,0,43,0,0,43,6,71,0,0,77,0,0,0,77
04/16/2001,BET,AK,AAL,WE,Federal Contract Tower,6,123,4,0,133,0,12,1,0,13,6,135,5,0,146,6,0,6,152
04/17/2001,BET,AK,AAL,WE,Federal Contract Tower,10,39,0,0,49,0,254,5,0,259,10,293,5,0,308,10,0,10,318
04/18/2001,BET,AK,AAL,WE,Federal Contract Tower,9,32,1,0,42,3,0,0,0,3,12,32,1,0,45,0,0,0,45
04/19/2001,BET,AK,AAL,WE,Federal Contract Tower,12,10,0,0,22,0,392,8,1,401,12,402,8,1,423,3,0,3,426
04/20/2001,BET,AK,AAL,WE,Federal Contract Tower,13,22,0,0,35,1,342,6,1,350,14,364,6,1,385,4,0,4,389
04/21/2001,BET,AK,AAL,WE,Federal Contract Tower,14,4,0,0,18,0,362,6,0,368,14,366,6,0,386,8,0,8,394
04/22/2001,BET,AK,AAL,WE,Federal Contract Tower,6,10,0,0,16,0,219,20,0,239,6,229,20,0,255,26,0,26,281
04/23/2001,BET,AK,AAL,WE,Federal Contract Tower,6,11,0,0,17,0,276,4,0,280,6,287,4,0,297,4,0,4,301
04/24/2001,BET,AK,AAL,WE,Federal Contract Tower,5,11,0,0,16,2,324,11,0,337,7,335,11,0,353,14,0,14,367
04/25/2001,BET,AK,AAL,WE,Federal Contract Tower,11,8,2,0,21,0,345,14,0,359,11,353,16,0,380,16,0,16,396
04/26/2001,BET,AK,AAL,WE,Federal Contract Tower,9,8,0,0,17,1,382,17,0,400,10,390,17,0,417,4,0,4,421
04/27/2001,BET,AK,AAL,WE,Federal Contract Tower,12,8,0,0,20,0,374,17,1,392,12,382,17,1,412,5,0,5,417
04/28/2001,BET,AK,AAL,WE,Federal Contract Tower,12,5,0,0,17,1,350,32,1,384,13,355,32,1,401,2,0,2,403
04/29/2001,BET,AK,AAL,WE,Federal Contract Tower,6,58,10,0,74,0,221,5,0,226,6,279,15,0,300,0,0,0,300
04/30/2001,BET,AK,AAL,WE,Federal Contract Tower,6,12,5,0,23,0,374,22,0,396,6,386,27,0,419,19,0,19,438
05/01/2001,BET,AK,AAL,WE,Federal Contract Tower,12,8,2,0,22,0,311,15,2,328,12,319,17,2,350,0,0,0,350
05/02/2001,BET,AK,AAL,WE,Federal Contract Tower,15,8,0,0,23,0,331,14,2,347,15,339,14,2,370,14,0,14,384
05/03/2001,BET,AK,AAL,WE,Federal Contract Tower,10,47,0,0,57,0,290,6,0,296,10,337,6,0,353,0,0,0,353
05/04/2001,BET,AK,AAL,WE,Federal Contract Tower,12,95,0,0,107,0,168,4,2,174,12,263,4,2,281,10,0,10,291
05/05/2001,BET,AK,AAL,WE,Federal Contract Tower,11,9,0,0,20,0,444,10,2,456,11,453,10,2,476,22,0,22,498
05/06/2001,BET,AK,AAL,WE,Federal Contract Tower,8,14,1,1,24,0,176,17,1,194,8,190,18,2,218,0,0,0,218
05/07/2001,BET,AK,AAL,WE,Federal Contract Tower,6,8,1,0,15,0,306,13,2,321,6,314,14,2,336,12,0,12,348
05/08/2001,BET,AK,AAL,WE,Federal Contract Tower,10,6,0,0,16,0,297,22,0,319,10,303,22,0,335,20,0,20,355
05/09/2001,BET,AK,AAL,WE,Federal Contract Tower,13,20,0,1,34,0,237,9,3,249,13,257,9,4,283,10,0,10,293
05/10/2001,BET,AK,AAL,WE,Federal Contract Tower,14,16,0,0,30,0,406,6,0,412,14,422,6,0,442,20,0,20,462
05/11/2001,BET,AK,AAL,WE,Federal Contract Tower,13,10,1,0,24,0,498,20,0,518,13,508,21,0,542,12,0,12,554
05/12/2001,BET,AK,AAL,WE,Federal Contract Tower,11,8,0,0,19,2,337,16,0,355,13,345,16,0,374,24,0,24,398
05/13/2001,BET,AK,AAL,WE,Federal Contract Tower,5,2,0,0,7,0,254,23,0,277,5,256,23,0,284,16,0,16,300
05/14/2001,BET,AK,AAL,WE,Federal Contract Tower,6,17,0,0,23,0,369,27,0,396,6,386,27,0,419,6,0,6,425
05/15/2001,BET,AK,AAL,WE,Federal Contract Tower,13,10,2,0,25,0,362,35,0,397,13,372,37,0,422,4,0,4,426
05/16/2001,BET,AK,AAL,WE,Federal Contract Tower,12,12,0,0,24,0,331,24,0,355,12,343,24,0,379,0,0,0,379
05/17/2001,BET,AK,AAL,WE,Federal Contract Tower,11,11,0,0,22,0,366,26,0,392,11,377,26,0,414,2,0,2,416
05/18/2001,BET,AK,AAL,WE,Federal Contract Tower,12,94,0,0,106,0,249,20,0,269,12,343,20,0,375,0,0,0,375
05/19/2001,BET,AK,AAL,WE,Federal Contract Tower,2,6,0,0,8,10,426,22,0,458,12,432,22,0,466,0,0,0,466
05/20/2001,BET,AK,AAL,WE,Federal Contract Tower,6,10,0,0,16,0,263,23,0,286,6,273,23,0,302,2,0,2,304
05/21/2001,BET,AK,AAL,WE,Federal Contract Tower,8,10,0,0,18,0,283,16,6,305,8,293,16,6,323,46,2,48,371
05/22/2001,BET,AK,AAL,WE,Federal Contract Tower,7,6,1,2,16,1,343,24,4,372,8,349,25,6,388,10,0,10,398
05/23/2001,BET,AK,AAL,WE,Federal Contract Tower,7,13,0,0,20,9,262,20,6,297,16,275,20,6,317,12,0,12,329
05/24/2001,BET,AK,AAL,WE,Federal Contract Tower,7,14,0,0,21,5,231,25,6,267,12,245,25,6,288,34,0,34,322
05/25/2001,BET,AK,AAL,WE,Federal Contract Tower,16,39,1,1,57,0,197,7,1,205,16,236,8,2,262,2,0,2,264
05/26/2001,BET,AK,AAL,WE,Federal Contract Tower,14,17,0,0,31,0,257,11,0,268,14,274,11,0,299,0,0,0,299
05/27/2001,BET,AK,AAL,WE,Federal Contract Tower,6,19,0,0,25,0,115,18,0,133,6,134,18,0,158,0,0,0,158
05/28/2001,BET,AK,AAL,WE,Federal Contract Tower,5,0,0,0,5,1,115,21,0,137,6,115,21,0,142,4,0,4,146
05/29/2001,BET,AK,AAL,WE,Federal Contract Tower,10,9,0,0,19,0,277,18,0,295,10,286,18,0,314,8,0,8,322
05/30/2001,BET,AK,AAL,WE,Federal Contract Tower,8,20,0,0,28,0,225,24,2,251,8,245,24,2,279,6,0,6,285
05/31/2001,BET,AK,AAL,WE,Federal Contract Tower,11,32,6,2,51,0,201,14,0,215,11,233,20,2,266,4,0,4,270
06/01/2001,BET,AK,AAL,WE,Federal Contract Tower,7,12,1,0,20,7,307,34,2,350,14,319,35,2,370,18,0,18,388
06/02/2001,BET,AK,AAL,WE,Federal Contract Tower,14,2,0,0,16,0,299,39,4,342,14,301,39,4,358,24,0,24,382
06/03/2001,BET,AK,AAL,WE,Federal Contract Tower,6,9,0,0,15,1,143,32,2,178,7,152,32,2,193,34,0,34,227
06/04/2001,BET,AK,AAL,WE,Federal Contract Tower,10,9,0,1,20,0,300,29,1,330,10,309,29,2,350,2,0,2,352
06/05/2001,BET,AK,AAL,WE,Federal Contract Tower,12,11,2,0,25,0,254,17,2,273,12,265,19,2,298,4,0,4,302
06/06/2001,BET,AK,AAL,WE,Federal Contract Tower,15,51,2,1,69,1,284,21,1,307,16,335,23,2,376,4,0,4,380
06/07/2001,BET,AK,AAL,WE,Federal Contract Tower,14,61,8,0,83,0,219,9,2,230,14,280,17,2,313,0,0,0,313
06/08/2001,BET,AK,AAL,WE,Federal Contract Tower,12,61,0,0,73,0,201,24,0,225,12,262,24,0,298,2,0,2,300
06/09/2001,BET,AK,AAL,WE,Federal Contract Tower,11,19,1,0,31,0,240,26,0,266,11,259,27,0,297,10,0,10,307
06/10/2001,BET,AK,AAL,WE,Federal Contract Tower,6,5,0,0,11,0,132,22,0,154,6,137,22,0,165,0,0,0,165
06/11/2001,BET,AK,AAL,WE,Federal Contract Tower,9,31,7,0,47,1,246,11,2,260,10,277,18,2,307,10,0,10,317
06/12/2001,BET,AK,AAL,WE,Federal Contract Tower,14,43,4,0,61,0,219,20,4,243,14,262,24,4,304,28,0,28,332
06/13/2001,BET,AK,AAL,WE,Federal Contract Tower,15,24,0,0,39,0,200,10,0,210,15,224,10,0,249,10,0,10,259
06/14/2001,BET,AK,AAL,WE,Federal Contract Tower,14,34,7,4,59,2,229,15,0,246,16,263,22,4,305,0,0,0,305
06/15/2001,BET,AK,AAL,WE,Federal Contract Tower,12,33,3,0,48,0,274,22,5,301,12,307,25,5,349,4,0,4,353
06/16/2001,BET,AK,AAL,WE,Federal Contract Tower,4,8,0,0,12,10,287,41,0,338,14,295,41,0,350,4,0,4,354
06/17/2001,BET,AK,AAL,WE,Federal Contract Tower,6,6,0,0,12,0,114,34,0,148,6,120,34,0,160,48,0,48,208
06/18/2001,BET,AK,AAL,WE,Federal Contract Tower,6,5,1,0,12,0,296,19,0,315,6,301,20,0,327,46,0,46,373
06/19/2001,BET,AK,AAL,WE,Federal Contract Tower,12,4,1,0,17,1,281,26,2,310,13,285,27,2,327,22,0,22,349
06/20/2001,BET,AK,AAL,WE,Federal Contract Tower,16,7,6,0,29,1,229,13,0,243,17,236,19,0,272,46,0,46,318
06/21/2001,BET,AK,AAL,WE,Federal Contract Tower,11,6,3,0,20,1,337,32,0,370,12,343,35,0,390,60,0,60,450
06/22/2001,BET,AK,AAL,WE,Federal Contract Tower,14,10,0,0,24,0,255,30,0,285,14,265,30,0,309,8,0,8,317
06/23/2001,BET,AK,AAL,WE,Federal Contract Tower,13,11,0,0,24,1,176,28,0,205,14,187,28,0,229,24,0,24,253
06/24/2001,BET,AK,AAL,WE,Federal Contract Tower,6,8,0,0,14,0,113,17,0,130,6,121,17,0,144,8,0,8,152
06/25/2001,BET,AK,AAL,WE,Federal Contract Tower,6,17,7,0,30,0,246,15,2,263,6,263,22,2,293,16,0,16,309
06/26/2001,BET,AK,AAL,WE,Federal Contract Tower,13,74,10,1,98,0,171,24,0,195,13,245,34,1,293,8,0,8,301
06/27/2001,BET,AK,AAL,WE,Federal Contract Tower,19,61,8,0,88,0,129,9,0,138,19,190,17,0,226,3,0,3,229
06/28/2001,BET,AK,AAL,WE,Federal Contract Tower,14,10,0,0,24,0,260,24,1,285,14,270,24,1,309,22,0,22,331
06/29/2001,BET,AK,AAL,WE,Federal Contract Tower,12,113,3,0,128,0,55,21,0,76,12,168,24,0,204,10,0,10,214
06/30/2001,BET,AK,AAL,WE,Federal Contract Tower,11,23,3,0,37,0,265,31,0,296,11,288,34,0,333,26,0,26,359
07/01/2001,BET,AK,AAL,WE,Federal Contract Tower,8,22,1,0,31,0,121,8,0,129,8,143,9,0,160,8,0,8,168
07/02/2001,BET,AK,AAL,WE,Federal Contract Tower,8,14,2,0,24,0,256,13,0,269,8,270,15,0,293,0,0,0,293
07/03/2001,BET,AK,AAL,WE,Federal Contract Tower,14,63,4,0,81,0,169,13,0,182,14,232,17,0,263,4,0,4,267
07/04/2001,BET,AK,AAL,WE,Federal Contract Tower,10,14,1,0,25,0,35,23,0,58,10,49,24,0,83,12,0,12,95
07/05/2001,BET,AK,AAL,WE,Federal Contract Tower,13,60,4,0,77,0,219,21,0,240,13,279,25,0,317,0,0,0,317
07/06/2001,BET,AK,AAL,WE,Federal Contract Tower,7,17,0,0,24,7,287,24,0,318,14,304,24,0,342,12,0,12,354
07/07/2001,BET,AK,AAL,WE,Federal Contract Tower,9,7,0,0,16,1,287,28,0,316,10,294,28,0,332,12,0,12,344
07/08/2001,BET,AK,AAL,WE,Federal Contract Tower,8,45,6,0,59,0,70,11,0,81,8,115,17,0,140,8,0,8,148
07/09/2001,BET,AK,AAL,WE,Federal Contract Tower,10,10,1,0,21,0,270,19,0,289,10,280,20,0,310,16,0,16,326
07/10/2001,BET,AK,AAL,WE,Federal Contract Tower,11,66,5,0,82,0,97,5,0,102,11,163,10,0,184,0,0,0,184
07/11/2001,BET,AK,AAL,WE,Federal Contract Tower,13,59,4,0,76,0,96,0,0,96,13,155,4,0,172,0,0,0,172
07/12/2001,BET,AK,AAL,WE,Federal Contract Tower,14,38,1,0,53,0,237,9,0,246,14,275,10,0,299,4,0,4,303
07/13/2001,BET,AK,AAL,WE,Federal Contract Tower,13,41,2,2,58,0,263,32,2,297,13,304,34,4,355,14,0,14,369
07/14/2001,BET,AK,AAL,WE,Federal Contract Tower,3,8,0,0,11,8,262,32,0,302,11,270,32,0,313,16,0,16,329
07/15/2001,BET,AK,AAL,WE,Federal Contract Tower,4,48,5,0,57,0,5,2,0,7,4,53,7,0,64,0,0,0,64
07/16/2001,BET,AK,AAL,WE,Federal Contract Tower,9,50,3,0,62,3,228,24,2,257,12,278,27,2,319,18,0,18,337
07/17/2001,BET,AK,AAL,WE,Federal Contract Tower,9,31,0,0,40,0,258,42,0,300,9,289,42,0,340,0,0,0,340
07/18/2001,BET,AK,AAL,WE,Federal Contract Tower,11,15,1,1,28,0,221,18,2,241,11,236,19,3,269,4,0,4,273
07/19/2001,BET,AK,AAL,WE,Federal Contract Tower,11,35,1,0,47,0,195,22,2,219,11,230,23,2,266,4,0,4,270
07/20/2001,BET,AK,AAL,WE,Federal Contract Tower,12,33,0,0,45,0,291,20,0,311,12,324,20,0,356,4,0,4,360
07/21/2001,BET,AK,AAL,WE,Federal Contract Tower,11,22,1,0,34,0,310,33,0,343,11,332,34,0,377,6,0,6,383
07/22/2001,BET,AK,AAL,WE,Federal Contract Tower,5,8,0,0,13,3,155,29,0,187,8,163,29,0,200,8,0,8,208
07/23/2001,BET,AK,AAL,WE,Federal Contract Tower,8,59,6,0,73,0,181,21,0,202,8,240,27,0,275,6,0,6,281
07/24/2001,BET,AK,AAL,WE,Federal Contract Tower,14,16,3,0,33,0,215,28,0,243,14,231,31,0,276,12,0,12,288
07/25/2001,BET,AK,AAL,WE,Federal Contract Tower,19,5,1,4,29,1,259,22,0,282,20,264,23,4,311,4,0,4,315
07/26/2001,BET,AK,AAL,WE,Federal Contract Tower,12,106,0,1,119,0,61,4,0,65,12,167,4,1,184,0,0,0,184
07/27/2001,BET,AK,AAL,WE,Federal Contract Tower,13,20,0,0,33,0,328,30,0,358,13,348,30,0,391,0,0,0,391
07/28/2001,BET,AK,AAL,WE,Federal Contract Tower,8,12,0,0,20,0,255,40,0,295,8,267,40,0,315,8,0,8,323
07/29/2001,BET,AK,AAL,WE,Federal Contract Tower,6,56,2,0,64,0,28,6,0,34,6,84,8,0,98,0,0,0,98
07/30/2001,BET,AK,AAL,WE,Federal Contract Tower,6,90,6,0,102,0,15,1,1,17,6,105,7,1,119,2,0,2,121
07/31/2001,BET,AK,AAL,WE,Federal Contract Tower,16,51,3,5,75,0,289,31,0,320,16,340,34,5,395,10,0,10,405
08/01/2001,BET,AK,AAL,WE,Federal Contract Tower,10,9,2,6,27,1,285,35,5,326,11,294,37,11,353,4,0,4,357
08/02/2001,BET,AK,AAL,WE,Federal Contract Tower,15,113,1,0,129,0,218,23,1,242,15,331,24,1,371,20,0,20,391
08/03/2001,BET,AK,AAL,WE,Federal Contract Tower,11,11,0,2,24,1,381,46,2,430,12,392,46,4,454,16,0,16,470
08/04/2001,BET,AK,AAL,WE,Federal Contract Tower,16,33,3,1,53,0,272,67,1,340,16,305,70,2,393,10,0,10,403
08/05/2001,BET,AK,AAL,WE,Federal Contract Tower,4,36,6,3,49,0,66,29,1,96,4,102,35,4,145,4,0,4,149
08/06/2001,BET,AK,AAL,WE,Federal Contract Tower,8,12,0,0,20,0,292,36,3,331,8,304,36,3,351,6,0,6,357
08/07/2001,BET,AK,AAL,WE,Federal Contract Tower,12,44,2,0,58,0,210,22,0,232,12,254,24,0,290,2,0,2,292
08/08/2001,BET,AK,AAL,WE,Federal Contract Tower,16,12,0,0,28,0,228,17,0,245,16,240,17,0,273,8,0,8,281
08/09/2001,BET,AK,AAL,WE,Federal Contract Tower,12,13,0,0,25,0,313,35,3,351,12,326,35,3,376,4,0,4,380
08/10/2001,BET,AK,AAL,WE,Federal Contract Tower,12,147,7,4,170,0,160,9,2,171,12,307,16,6,341,10,0,10,351
08/11/2001,BET,AK,AAL,WE,Federal Contract Tower,10,66,8,0,84,0,106,13,0,119,10,172,21,0,203,0,0,0,203
08/12/2001,BET,AK,AAL,WE,Federal Contract Tower,8,57,6,0,71,0,90,13,0,103,8,147,19,0,174,0,0,0,174
08/13/2001,BET,AK,AAL,WE,Federal Contract Tower,6,54,5,0,65,0,100,9,0,109,6,154,14,0,174,0,0,0,174
08/14/2001,BET,AK,AAL,WE,Federal Contract Tower,8,135,11,4,158,0,127,6,0,133,8,262,17,4,291,0,0,0,291
08/15/2001,BET,AK,AAL,WE,Federal Contract Tower,18,87,3,2,110,0,72,2,0,74,18,159,5,2,184,0,0,0,184
08/16/2001,BET,AK,AAL,WE,Federal Contract Tower,19,40,1,0,60,0,298,34,0,332,19,338,35,0,392,12,0,12,404
08/17/2001,BET,AK,AAL,WE,Federal Contract Tower,18,176,12,1,207,0,118,9,0,127,18,294,21,1,334,0,0,0,334
08/18/2001,BET,AK,AAL,WE,Federal Contract Tower,15,5,0,0,20,2,431,48,4,485,17,436,48,4,505,38,0,38,543
08/19/2001,BET,AK,AAL,WE,Federal Contract Tower,8,31,1,0,40,0,136,7,0,143,8,167,8,0,183,4,0,4,187
08/20/2001,BET,AK,AAL,WE,Federal Contract Tower,7,28,0,0,35,0,153,2,0,155,7,181,2,0,190,0,0,0,190
08/21/2001,BET,AK,AAL,WE,Federal Contract Tower,13,97,5,1,116,0,253,19,3,275,13,350,24,4,391,6,0,6,397
08/22/2001,BET,AK,AAL,WE,Federal Contract Tower,7,29,1,0,37,9,266,16,4,295,16,295,17,4,332,8,10,18,350
08/23/2001,BET,AK,AAL,WE,Federal Contract Tower,10,43,3,0,56,3,277,3,4,287,13,320,6,4,343,20,0,20,363
08/24/2001,BET,AK,AAL,WE,Federal Contract Tower,14,93,5,2,114,0,212,25,0,237,14,305,30,2,351,0,0,0,351
08/25/2001,BET,AK,AAL,WE,Federal Contract Tower,12,32,3,0,47,0,240,25,0,265,12,272,28,0,312,10,0,10,322
08/26/2001,BET,AK,AAL,WE,Federal Contract Tower,6,6,0,0,12,0,142,21,1,164,6,148,21,1,176,0,0,0,176
08/27/2001,BET,AK,AAL,WE,Federal Contract Tower,8,8,1,0,17,0,273,34,0,307,8,281,35,0,324,16,0,16,340
08/28/2001,BET,AK,AAL,WE,Federal Contract Tower,11,9,7,0,27,0,299,18,20,337,11,308,25,20,364,0,0,0,364
08/29/2001,BET,AK,AAL,WE,Federal Contract Tower,12,99,3,1,115,0,116,0,0,116,12,215,3,1,231,0,0,0,231
08/30/2001,BET,AK,AAL,WE,Federal Contract Tower,19,43,0,0,62,1,279,27,0,307,20,322,27,0,369,0,0,0,369
08/31/2001,BET,AK,AAL,WE,Federal Contract Tower,13,52,0,0,65,0,217,18,1,236,13,269,18,1,301,12,0,12,313
09/01/2001,BET,AK,AAL,WE,Federal Contract Tower,14,89,1,0,104,0,204,33,0,237,14,293,34,0,341,0,0,0,341
09/02/2001,BET,AK,AAL,WE,Federal Contract Tower,3,3,0,0,6,5,103,19,2,129,8,106,19,2,135,4,0,4,139
09/03/2001,BET,AK,AAL,WE,Federal Contract Tower,6,1,0,0,7,0,122,19,0,141,6,123,19,0,148,10,0,10,158
09/04/2001,BET,AK,AAL,WE,Federal Contract Tower,10,15,3,0,28,0,229,9,0,238,10,244,12,0,266,16,0,16,282
09/05/2001,BET,AK,AAL,WE,Federal Contract Tower,15,11,2,0,28,0,274,19,2,295,15,285,21,2,323,2,0,2,325
09/06/2001,BET,AK,AAL,WE,Federal Contract Tower,10,26,0,0,36,0,228,25,6,259,10,254,25,6,295,6,0,6,301
09/07/2001,BET,AK,AAL,WE,Federal Contract Tower,16,12,0,4,32,2,331,23,1,357,18,343,23,5,389,2,0,2,391
09/08/2001,BET,AK,AAL,WE,Federal Contract Tower,12,10,0,0,22,0,299,22,0,321,12,309,22,0,343,24,0,24,367
09/09/2001,BET,AK,AAL,WE,Federal Contract Tower,4,6,0,0,10,0,219,34,0,253,4,225,34,0,263,0,0,0,263
09/10/2001,BET,AK,AAL,WE,Federal Contract Tower,6,9,1,0,16,0,244,24,0,268,6,253,25,0,284,5,0,5,289
09/11/2001,BET,AK,AAL,WE,Federal Contract Tower,0,1,0,0,1,0,1,4,0,5,0,2,4,0,6,0,0,0,6
09/12/2001,BET,AK,AAL,WE,Federal Contract Tower,0,3,1,0,4,0,1,1,0,2,0,4,2,0,6,0,0,0,6
09/13/2001,BET,AK,AAL,WE,Federal Contract Tower,5,11,0,0,16,0,204,34,1,239,5,215,34,1,255,0,0,0,255
09/14/2001,BET,AK,AAL,WE,Federal Contract Tower,11,29,1,0,41,0,226,17,0,243,11,255,18,0,284,8,0,8,292
09/15/2001,BET,AK,AAL,WE,Federal Contract Tower,12,6,0,0,18,0,268,23,0,291,12,274,23,0,309,10,0,10,319
09/16/2001,BET,AK,AAL,WE,Federal Contract Tower,6,6,0,0,12,0,92,42,0,134,6,98,42,0,146,14,0,14,160
09/17/2001,BET,AK,AAL,WE,Federal Contract Tower,8,17,0,0,25,0,233,27,0,260,8,250,27,0,285,0,0,0,285
09/18/2001,BET,AK,AAL,WE,Federal Contract Tower,9,6,4,0,19,2,329,37,1,369,11,335,41,1,388,12,1,13,401
09/19/2001,BET,AK,AAL,WE,Federal Contract Tower,10,21,0,0,31,8,254,34,2,298,18,275,34,2,329,2,0,2,331
09/20/2001,BET,AK,AAL,WE,Federal Contract Tower,15,14,0,0,29,0,218,16,0,234,15,232,16,0,263,0,0,0,263
09/21/2001,BET,AK,AAL,WE,Federal Contract Tower,13,14,0,2,29,0,374,21,0,395,13,388,21,2,424,0,0,0,424
09/22/2001,BET,AK,AAL,WE,Federal Contract Tower,11,60,4,0,75,0,193,16,0,209,11,253,20,0,284,4,0,4,288
09/23/2001,BET,AK,AAL,WE,Federal Contract Tower,6,8,0,2,16,0,179,26,0,205,6,187,26,2,221,8,0,8,229
09/24/2001,BET,AK,AAL,WE,Federal Contract Tower,10,119,2,0,131,0,97,18,0,115,10,216,20,0,246,0,0,0,246
09/25/2001,BET,AK,AAL,WE,Federal Contract Tower,16,11,0,0,27,0,273,30,0,303,16,284,30,0,330,13,0,13,343
09/26/2001,BET,AK,AAL,WE,Federal Contract Tower,19,23,1,1,44,0,230,20,1,251,19,253,21,2,295,8,0,8,303
09/27/2001,BET,AK,AAL,WE,Federal Contract Tower,11,31,3,0,45,0,184,14,0,198,11,215,17,0,243,2,0,2,245
09/28/2001,BET,AK,AAL,WE,Federal Contract Tower,14,15,0,0,29,0,369,12,0,381,14,384,12,0,410,8,0,8,418
09/29/2001,BET,AK,AAL,WE,Federal Contract Tower,10,4,0,0,14,0,316,16,2,334,10,320,16,2,348,20,0,20,368
09/30/2001,BET,AK,AAL,WE,Federal Contract Tower,2,21,3,0,26,0,103,7,0,110,2,124,10,0,136,10,0,10,146
10/01/2001,BET,AK,AAL,WE,Federal Contract Tower,8,66,1,0,75,0,130,6,0,136,8,196,7,0,211,0,0,0,211
10/02/2001,BET,AK,AAL,WE,Federal Contract Tower,12,80,1,0,93,0,221,19,1,241,12,301,20,1,334,2,0,2,336
10/03/2001,BET,AK,AAL,WE,Federal Contract Tower,17,15,0,0,32,0,198,13,0,211,17,213,13,0,243,8,0,8,251
10/04/2001,BET,AK,AAL,WE,Federal Contract Tower,14,23,1,1,39,0,288,8,1,297,14,311,9,2,336,22,0,22,358
10/05/2001,BET,AK,AAL,WE,Federal Contract Tower,0,0,0,0,0,15,353,22,0,390,15,353,22,0,390,17,0,17,407
10/06/2001,BET,AK,AAL,WE,Federal Contract Tower,19,11,0,0,30,1,303,27,0,331,20,314,27,0,361,18,0,18,379
10/07/2001,BET,AK,AAL,WE,Federal Contract Tower,4,16,0,0,20,0,124,10,1,135,4,140,10,1,155,0,0,0,155
10/08/2001,BET,AK,AAL,WE,Federal Contract Tower,6,8,0,0,14,0,253,7,0,260,6,261,7,0,274,6,0,6,280
10/09/2001,BET,AK,AAL,WE,Federal Contract Tower,0,0,0,0,0,14,247,6,0,267,14,247,6,0,267,2,0,2,269
10/10/2001,BET,AK,AAL,WE,Federal Contract Tower,0,0,0,0,0,18,419,10,6,453,18,419,10,6,453,18,0,18,471
10/11/2001,BET,AK,AAL,WE,Federal Contract Tower,17,11,0,0,28,0,559,18,2,579,17,570,18,2,607,54,0,54,661
10/12/2001,BET,AK,AAL,WE,Federal Contract Tower,15,18,1,4,38,1,318,7,2,328,16,336,8,6,366,4,0,4,370
10/13/2001,BET,AK,AAL,WE,Federal Contract Tower,15,23,0,0,38,0,299,5,6,310,15,322,5,6,348,2,0,2,350
10/14/2001,BET,AK,AAL,WE,Federal Contract Tower,6,10,0,0,16,0,194,10,12,216,6,204,10,12,232,12,0,12,244
10/15/2001,BET,AK,AAL,WE,Federal Contract Tower,10,13,0,0,23,0,366,15,2,383,10,379,15,2,406,6,0,6,412
10/16/2001,BET,AK,AAL,WE,Federal Contract Tower,8,13,0,0,21,3,362,6,1,372,11,375,6,1,393,18,0,18,411
10/17/2001,BET,AK,AAL,WE,Federal Contract Tower,14,20,0,0,34,0,62,0,0,62,14,82,0,0,96,1,0,1,97
10/18/2001,BET,AK,AAL,WE,Federal Contract Tower,14,4,0,4,22,1,342,15,0,358,15,346,15,4,380,30,0,30,410
10/19/2001,BET,AK,AAL,WE,Federal Contract Tower,0,0,0,0,0,14,443,23,0,480,14,443,23,0,480,20,0,20,500
10/20/2001,BET,AK,AAL,WE,Federal Contract Tower,14,3,0,0,17,1,317,18,0,336,15,320,18,0,353,0,0,0,353
10/21/2001,BET,AK,AAL,WE,Federal Contract Tower,6,15,0,0,21,0,177,15,1,193,6,192,15,1,214,6,0,6,220
10/22/2001,BET,AK,AAL,WE,Federal Contract Tower,10,13,1,1,25,0,369,17,1,387,10,382,18,2,412,1,0,1,413
10/23/2001,BET,AK,AAL,WE,Federal Contract Tower,13,10,0,0,23,0,425,7,0,432,13,435,7,0,455,16,0,16,471
10/24/2001,BET,AK,AAL,WE,Federal Contract Tower,17,20,0,2,39,0,361,13,0,374,17,381,13,2,413,15,0,15,428
10/25/2001,BET,AK,AAL,WE,Federal Contract Tower,15,14,1,0,30,0,412,15,0,427,15,426,16,0,457,6,0,6,463
10/26/2001,BET,AK,AAL,WE,Federal Contract Tower,0,0,0,0,0,13,475,19,4,511,13,475,19,4,511,4,0,4,515
10/27/2001,BET,AK,AAL,WE,Federal Contract Tower,12,5,0,0,17,0,539,24,0,563,12,544,24,0,580,0,0,0,580
10/28/2001,BET,AK,AAL,WE,Federal Contract Tower,9,8,0,0,17,0,244,6,0,250,9,252,6,0,267,0,0,0,267
10/29/2001,BET,AK,AAL,WE,Federal Contract Tower,10,8,0,2,20,0,533,13,0,546,10,541,13,2,566,9,0,9,575
10/30/2001,BET,AK,AAL,WE,Federal Contract Tower,14,35,1,0,50,0,254,11,0,265,14,289,12,0,315,2,0,2,317
10/31/2001,BET,AK,AAL,WE,Federal Contract Tower,20,29,1,0,50,0,314,7,1,322,20,343,8,1,372,0,0,0,372
11/01/2001,BET,AK,AAL,WE,Federal Contract Tower,14,9,0,0,23,0,447,20,1,468,14,456,20,1,491,18,0,18,509
11/02/2001,BET,AK,AAL,WE,Federal Contract Tower,0,0,0,0,0,14,449,12,5,480,14,449,12,5,480,0,0,0,480
11/03/2001,BET,AK,AAL,WE,Federal Contract Tower,11,4,0,2,17,0,388,22,0,410,11,392,22,2,427,4,0,4,431
11/04/2001,BET,AK,AAL,WE,Federal Contract Tower,6,10,0,0,16,0,225,11,8,244,6,235,11,8,260,4,0,4,264
11/05/2001,BET,AK,AAL,WE,Federal Contract Tower,11,6,0,3,20,0,397,21,0,418,11,403,21,3,438,4,0,4,442
11/06/2001,BET,AK,AAL,WE,Federal Contract Tower,11,11,0,3,25,0,406,9,1,416,11,417,9,4,441,2,0,2,443
11/07/2001,BET,AK,AAL,WE,Federal Contract Tower,10,10,0,0,20,5,360,14,1,380,15,370,14,1,400,4,0,4,404
11/08/2001,BET,AK,AAL,WE,Federal Contract Tower,16,7,3,3,29,0,361,20,3,384,16,368,23,6,413,2,0,2,415
11/09/2001,BET,AK,AAL,WE,Federal Contract Tower,13,7,1,0,21,1,398,20,0,419,14,405,21,0,440,0,0,0,440
11/10/2001,BET,AK,AAL,WE,Federal Contract Tower,13,3,1,0,17,4,387,3,0,394,17,390,4,0,411,0,0,0,411
11/11/2001,BET,AK,AAL,WE,Federal Contract Tower,4,7,1,0,12,0,210,6,0,216,4,217,7,0,228,0,0,0,228
11/12/2001,BET,AK,AAL,WE,Federal Contract Tower,8,7,0,0,15,0,278,6,0,284,8,285,6,0,299,4,0,4,303
11/13/2001,BET,AK,AAL,WE,Federal Contract Tower,15,12,2,2,31,0,414,9,0,423,15,426,11,2,454,5,0,5,459
11/14/2001,BET,AK,AAL,WE,Federal Contract Tower,16,7,0,2,25,0,289,10,0,299,16,296,10,2,324,10,0,10,334
11/15/2001,BET,AK,AAL,WE,Federal Contract Tower,12,14,3,0,29,1,395,24,2,422,13,409,27,2,451,2,0,2,453
11/16/2001,BET,AK,AAL,WE,Federal Contract Tower,14,8,0,2,24,4,421,26,0,451,18,429,26,2,475,2,0,2,477
11/17/2001,BET,AK,AAL,WE,Federal Contract Tower,14,7,0,0,21,0,167,9,0,176,14,174,9,0,197,0,0,0,197
11/18/2001,BET,AK,AAL,WE,Federal Contract Tower,8,15,0,0,23,0,205,15,1,221,8,220,15,1,244,0,0,0,244
11/19/2001,BET,AK,AAL,WE,Federal Contract Tower,10,8,1,0,19,1,371,3,2,377,11,379,4,2,396,0,4,4,400
11/20/2001,BET,AK,AAL,WE,Federal Contract Tower,15,12,2,0,29,0,341,11,0,352,15,353,13,0,381,2,0,2,383
11/21/2001,BET,AK,AAL,WE,Federal Contract Tower,18,8,2,3,31,3,416,9,0,428,21,424,11,3,459,20,0,20,479
11/22/2001,BET,AK,AAL,WE,Federal Contract Tower,0,0,0,0,0,0,6,11,0,17,0,6,11,0,17,0,0,0,17
11/23/2001,BET,AK,AAL,WE,Federal Contract Tower,13,7,0,0,20,0,328,16,0,344,13,335,16,0,364,0,0,0,364
11/24/2001,BET,AK,AAL,WE,Federal Contract Tower,17,11,0,0,28,0,287,5,0,292,17,298,5,0,320,0,0,0,320
11/25/2001,BET,AK,AAL,WE,Federal Contract Tower,5,12,0,0,17,0,259,11,0,270,5,271,11,0,287,0,0,0,287
11/26/2001,BET,AK,AAL,WE,Federal Contract Tower,7,8,0,0,15,5,381,7,3,396,12,389,7,3,411,6,4,10,421
11/27/2001,BET,AK,AAL,WE,Federal Contract Tower,11,13,1,0,25,0,338,6,0,344,11,351,7,0,369,0,0,0,369
11/28/2001,BET,AK,AAL,WE,Federal Contract Tower,15,8,8,1,32,0,303,5,3,311,15,311,13,4,343,4,0,4,347
11/29/2001,BET,AK,AAL,WE,Federal Contract Tower,16,27,5,0,48,1,208,18,0,227,17,235,23,0,275,5,0,5,280
11/30/2001,BET,AK,AAL,WE,Federal Contract Tower,17,109,4,2,132,0,38,1,0,39,17,147,5,2,171,0,0,0,171
12/01/2001,BET,AK,AAL,WE,Federal Contract Tower,15,13,0,0,28,1,392,14,0,407,16,405,14,0,435,0,0,0,435
12/02/2001,BET,AK,AAL,WE,Federal Contract Tower,4,13,0,1,18,2,170,5,1,178,6,183,5,2,196,2,0,2,198
12/03/2001,BET,AK,AAL,WE,Federal Contract Tower,5,11,0,7,23,4,304,9,0,317,9,315,9,7,340,0,0,0,340
12/04/2001,BET,AK,AAL,WE,Federal Contract Tower,13,14,1,5,33,0,290,11,5,306,13,304,12,10,339,6,0,6,345
12/05/2001,BET,AK,AAL,WE,Federal Contract Tower,15,12,4,7,38,3,310,12,25,350,18,322,16,32,388,4,0,4,392
12/06/2001,BET,AK,AAL,WE,Federal Contract Tower,15,12,0,5,32,3,279,15,7,304,18,291,15,12,336,2,0,2,338
12/07/2001,BET,AK,AAL,WE,Federal Contract Tower,13,16,0,0,29,4,280,12,13,309,17,296,12,13,338,2,0,2,340
12/08/2001,BET,AK,AAL,WE,Federal Contract Tower,12,6,0,4,22,2,280,4,8,294,14,286,4,12,316,2,14,16,332
12/09/2001,BET,AK,AAL,WE,Federal Contract Tower,6,15,0,0,21,1,135,8,6,150,7,150,8,6,171,0,8,8,179
12/10/2001,BET,AK,AAL,WE,Federal Contract Tower,7,55,0,16,78,1,61,0,22,84,8,116,0,38,162,0,12,12,174
12/11/2001,BET,AK,AAL,WE,Federal Contract Tower,10,41,0,2,53,1,1,0,4,6,11,42,0,6,59,2,0,2,61
12/12/2001,BET,AK,AAL,WE,Federal Contract Tower,16,11,1,0,28,1,295,1,1,298,17,306,2,1,326,2,0,2,328
12/13/2001,BET,AK,AAL,WE,Federal Contract Tower,9,17,0,0,26,6,293,4,6,309,15,310,4,6,335,0,0,0,335
12/14/2001,BET,AK,AAL,WE,Federal Contract Tower,9,18,0,0,27,4,252,4,7,267,13,270,4,7,294,0,0,0,294
12/15/2001,BET,AK,AAL,WE,Federal Contract Tower,8,17,0,0,25,9,223,0,0,232,17,240,0,0,257,0,0,0,257
12/16/2001,BET,AK,AAL,WE,Federal Contract Tower,6,10,1,0,17,0,130,4,0,134,6,140,5,0,151,0,0,0,151
12/17/2001,BET,AK,AAL,WE,Federal Contract Tower,8,15,0,0,23,0,250,8,2,260,8,265,8,2,283,12,0,12,295
12/18/2001,BET,AK,AAL,WE,Federal Contract Tower,5,8,0,0,13,10,244,4,1,259,15,252,4,1,272,2,0,2,274
12/19/2001,BET,AK,AAL,WE,Federal Contract Tower,13,45,0,0,58,0,132,1,0,133,13,177,1,0,191,0,0,0,191
12/20/2001,BET,AK,AAL,WE,Federal Contract Tower,8,14,0,0,22,0,72,4,0,76,8,86,4,0,98,0,0,0,98
12/21/2001,BET,AK,AAL,WE,Federal Contract Tower,18,76,1,0,95,0,78,0,0,78,18,154,1,0,173,0,0,0,173
12/22/2001,BET,AK,AAL,WE,Federal Contract Tower,18,31,0,1,50,0,327,3,1,331,18,358,3,2,381,0,0,0,381
12/23/2001,BET,AK,AAL,WE,Federal Contract Tower,6,17,0,0,23,0,150,13,0,163,6,167,13,0,186,1,0,1,187
12/24/2001,BET,AK,AAL,WE,Federal Contract Tower,8,7,0,0,15,0,129,2,0,131,8,136,2,0,146,4,0,4,150
12/25/2001,BET,AK,AAL,WE,Federal Contract Tower,0,0,0,0,0,0,3,2,0,5,0,3,2,0,5,0,0,0,5
12/26/2001,BET,AK,AAL,WE,Federal Contract Tower,11,22,0,0,33,0,140,3,0,143,11,162,3,0,176,0,0,0,176
12/27/2001,BET,AK,AAL,WE,Federal Contract Tower,14,15,0,0,29,0,167,2,0,169,14,182,2,0,198,15,0,15,213
12/28/2001,BET,AK,AAL,WE,Federal Contract Tower,15,10,0,0,25,0,295,0,2,297,15,305,0,2,322,1,0,1,323
12/29/2001,BET,AK,AAL,WE,Federal Contract Tower,15,6,0,0,21,0,136,2,0,138,15,142,2,0,159,0,0,0,159
12/30/2001,BET,AK,AAL,WE,Federal Contract Tower,6,8,0,0,14,0,47,2,0,49,6,55,2,0,63,4,0,4,67
12/31/2001,BET,AK,AAL,WE,Federal Contract Tower,8,9,0,0,17,0,130,5,0,135,8,139,5,0,152,0,0,0,152
01/01/2002,BET,AK,AAL,WE,Federal Contract Tower,5,3,0,0,8,1,6,5,0,12,6,9,5,0,20,0,0,0,20
01/02/2002,BET,AK,AAL,WE,Federal Contract Tower,14,15,0,0,29,2,250,2,0,254,16,265,2,0,283,0,0,0,283
01/03/2002,BET,AK,AAL,WE,Federal Contract Tower,13,17,1,0,31,2,202,10,0,214,15,219,11,0,245,0,0,0,245
01/04/2002,BET,AK,AAL,WE,Federal Contract Tower,9,27,2,2,40,2,102,4,2,110,11,129,6,4,150,0,0,0,150
01/05/2002,BET,AK,AAL,WE,Federal Contract Tower,0,0,0,0,0,0,0,0,0,0,0,0,0,0,0,0,0,0,0
01/06/2002,BET,AK,AAL,WE,Federal Contract Tower,8,36,2,3,49,2,53,0,1,56,10,89,2,4,105,0,0,0,105
01/07/2002,BET,AK,AAL,WE,Federal Contract Tower,13,23,0,2,38,2,167,3,0,172,15,190,3,2,210,8,0,8,218
01/08/2002,BET,AK,AAL,WE,Federal Contract Tower,14,41,0,0,55,1,141,4,1,147,15,182,4,1,202,0,0,0,202
01/09/2002,BET,AK,AAL,WE,Federal Contract Tower,12,28,0,0,40,9,88,6,0,103,21,116,6,0,143,0,0,0,143
01/10/2002,BET,AK,AAL,WE,Federal Contract Tower,14,19,0,2,35,0,230,7,1,238,14,249,7,3,273,2,2,4,277
01/11/2002,BET,AK,AAL,WE,Federal Contract Tower,10,18,0,2,30,0,272,5,0,277,10,290,5,2,307,5,0,5,312
01/12/2002,BET,AK,AAL,WE,Federal Contract Tower,15,0,0,1,16,1,270,5,1,277,16,270,5,2,293,0,0,0,293
01/13/2002,BET,AK,AAL,WE,Federal Contract Tower,5,10,0,0,15,1,163,4,5,173,6,173,4,5,188,2,0,2,190
01/14/2002,BET,AK,AAL,WE,Federal Contract Tower,2,4,0,0,6,0,12,1,0,13,2,16,1,0,19,0,0,0,19
01/15/2002,BET,AK,AAL,WE,Federal Contract Tower,10,21,0,0,31,2,309,9,4,324,12,330,9,4,355,2,0,2,357
01/16/2002,BET,AK,AAL,WE,Federal Contract Tower,11,11,0,0,22,1,130,5,2,138,12,141,5,2,160,29,0,29,189
01/17/2002,BET,AK,AAL,WE,Federal Contract Tower,13,6,0,0,19,0,324,12,0,336,13,330,12,0,355,12,0,12,367
01/18/2002,BET,AK,AAL,WE,Federal Contract Tower,12,57,0,0,69,0,0,0,0,0,12,57,0,0,69,0,0,0,69
01/19/2002,BET,AK,AAL,WE,Federal Contract Tower,15,121,0,0,136,0,118,0,0,118,15,239,0,0,254,0,0,0,254
01/20/2002,BET,AK,AAL,WE,Federal Contract Tower,4,19,0,0,23,0,155,1,0,156,4,174,1,0,179,7,0,7,186
01/21/2002,BET,AK,AAL,WE,Federal Contract Tower,7,16,0,0,23,1,351,16,0,368,8,367,16,0,391,19,0,19,410
01/22/2002,BET,AK,AAL,WE,Federal Contract Tower,11,8,0,2,21,0,295,6,2,303,11,303,6,4,324,23,0,23,347
01/23/2002,BET,AK,AAL,WE,Federal Contract Tower,8,8,0,3,19,1,237,6,5,249,9,245,6,8,268,12,0,12,280
01/24/2002,BET,AK,AAL,WE,Federal Contract Tower,15,6,0,0,21,3,199,4,0,206,18,205,4,0,227,13,0,13,240
01/25/2002,BET,AK,AAL,WE,Federal Contract Tower,13,29,0,0,42,1,156,3,1,161,14,185,3,1,203,8,0,8,211
01/26/2002,BET,AK,AAL,WE,Federal Contract Tower,13,35,0,0,48,0,3,0,0,3,13,38,0,0,51,0,0,0,51
01/27/2002,BET,AK,AAL,WE,Federal Contract Tower,6,48,0,0,54,0,77,0,0,77,6,125,0,0,131,0,0,0,131
01/28/2002,BET,AK,AAL,WE,Federal Contract Tower,4,32,0,0,36,0,4,0,0,4,4,36,0,0,40,0,0,0,40
01/29/2002,BET,AK,AAL,WE,Federal Contract Tower,4,10,0,0,14,8,42,2,1,53,12,52,2,1,67,0,0,0,67
01/30/2002,BET,AK,AAL,WE,Federal Contract Tower,7,16,0,0,23,10,332,13,4,359,17,348,13,4,382,22,0,22,404
01/31/2002,BET,AK,AAL,WE,Federal Contract Tower,13,20,0,0,33,0,234,10,0,244,13,254,10,0,277,32,0,32,309
02/01/2002,BET,AK,AAL,WE,Federal Contract Tower,14,11,0,0,25,0,269,12,2,283,14,280,12,2,308,8,0,8,316
02/02/2002,BET,AK,AAL,WE,Federal Contract Tower,14,5,0,0,19,0,305,12,5,322,14,310,12,5,341,24,0,24,365
02/03/2002,BET,AK,AAL,WE,Federal Contract Tower,6,8,0,0,14,0,108,6,2,116,6,116,6,2,130,4,0,4,134
02/04/2002,BET,AK,AAL,WE,Federal Contract Tower,13,22,3,0,38,0,175,2,5,182,13,197,5,5,220,2,0,2,222
02/05/2002,BET,AK,AAL,WE,Federal Contract Tower,11,17,0,0,28,0,128,4,4,136,11,145,4,4,164,0,0,0,164
02/06/2002,BET,AK,AAL,WE,Federal Contract Tower,7,8,0,0,15,8,181,1,2,192,15,189,1,2,207,0,0,0,207
02/07/2002,BET,AK,AAL,WE,Federal Contract Tower,18,12,1,1,32,0,281,10,2,293,18,293,11,3,325,0,0,0,325
02/08/2002,BET,AK,AAL,WE,Federal Contract Tower,10,21,0,2,33,0,264,7,0,271,10,285,7,2,304,5,0,5,309
02/09/2002,BET,AK,AAL,WE,Federal Contract Tower,15,24,0,0,39,0,170,7,0,177,15,194,7,0,216,6,0,6,222
02/10/2002,BET,AK,AAL,WE,Federal Contract Tower,5,10,0,0,15,1,122,20,0,143,6,132,20,0,158,5,0,5,163
02/11/2002,BET,AK,AAL,WE,Federal Contract Tower,9,25,4,2,40,0,13,0,0,13,9,38,4,2,53,0,0,0,53
02/12/2002,BET,AK,AAL,WE,Federal Contract Tower,13,20,0,0,33,0,140,3,0,143,13,160,3,0,176,0,0,0,176
02/13/2002,BET,AK,AAL,WE,Federal Contract Tower,5,14,0,0,19,1,53,0,0,54,6,67,0,0,73,0,0,0,73
02/14/2002,BET,AK,AAL,WE,Federal Contract Tower,13,6,0,0,19,0,7,0,0,7,13,13,0,0,26,0,0,0,26
02/15/2002,BET,AK,AAL,WE,Federal Contract Tower,11,10,0,4,25,0,325,8,1,334,11,335,8,5,359,2,0,2,361
02/16/2002,BET,AK,AAL,WE,Federal Contract Tower,11,13,0,0,24,0,275,10,0,285,11,288,10,0,309,6,0,6,315
02/17/2002,BET,AK,AAL,WE,Federal Contract Tower,5,13,0,0,18,0,152,8,0,160,5,165,8,0,178,2,0,2,180
02/18/2002,BET,AK,AAL,WE,Federal Contract Tower,10,9,0,0,19,0,224,3,0,227,10,233,3,0,246,2,0,2,248
02/19/2002,BET,AK,AAL,WE,Federal Contract Tower,13,41,0,4,58,0,82,5,0,87,13,123,5,4,145,6,0,6,151
02/20/2002,BET,AK,AAL,WE,Federal Contract Tower,15,52,0,4,71,0,22,0,0,22,15,74,0,4,93,0,0,0,93
02/21/2002,BET,AK,AAL,WE,Federal Contract Tower,14,12,0,2,28,0,208,4,1,213,14,220,4,3,241,6,7,13,254
02/22/2002,BET,AK,AAL,WE,Federal Contract Tower,14,9,0,2,25,0,59,0,2,61,14,68,0,4,86,0,0,0,86
02/23/2002,BET,AK,AAL,WE,Federal Contract Tower,10,23,0,0,33,0,250,11,0,261,10,273,11,0,294,3,0,3,297
02/24/2002,BET,AK,AAL,WE,Federal Contract Tower,7,7,0,0,14,0,169,26,0,195,7,176,26,0,209,28,0,28,237
02/25/2002,BET,AK,AAL,WE,Federal Contract Tower,10,7,0,8,25,0,267,10,1,278,10,274,10,9,303,4,15,19,322
02/26/2002,BET,AK,AAL,WE,Federal Contract Tower,15,22,0,2,39,1,235,15,0,251,16,257,15,2,290,0,0,0,290
02/27/2002,BET,AK,AAL,WE,Federal Contract Tower,13,24,0,2,39,1,254,16,0,271,14,278,16,2,310,1,0,1,311
02/28/2002,BET,AK,AAL,WE,Federal Contract Tower,19,59,0,0,78,0,141,6,0,147,19,200,6,0,225,6,0,6,231
03/01/2002,BET,AK,AAL,WE,Federal Contract Tower,11,38,0,1,50,0,132,4,1,137,11,170,4,2,187,0,0,0,187
03/02/2002,BET,AK,AAL,WE,Federal Contract Tower,14,58,0,0,72,0,13,0,0,13,14,71,0,0,85,0,0,0,85
03/03/2002,BET,AK,AAL,WE,Federal Contract Tower,6,6,0,4,16,0,181,23,2,206,6,187,23,6,222,0,0,0,222
03/04/2002,BET,AK,AAL,WE,Federal Contract Tower,7,7,0,2,16,0,333,23,3,359,7,340,23,5,375,3,8,11,386
03/05/2002,BET,AK,AAL,WE,Federal Contract Tower,13,7,0,2,22,0,247,10,2,259,13,254,10,4,281,29,0,29,310
03/06/2002,BET,AK,AAL,WE,Federal Contract Tower,15,11,0,0,26,0,228,26,1,255,15,239,26,1,281,44,0,44,325
03/07/2002,BET,AK,AAL,WE,Federal Contract Tower,13,6,1,0,20,0,256,17,1,274,13,262,18,1,294,2,0,2,296
03/08/2002,BET,AK,AAL,WE,Federal Contract Tower,13,7,0,2,22,3,282,22,29,336,16,289,22,31,358,2,0,2,360
03/09/2002,BET,AK,AAL,WE,Federal Contract Tower,13,11,0,0,24,0,209,20,0,229,13,220,20,0,253,0,0,0,253
03/10/2002,BET,AK,AAL,WE,Federal Contract Tower,9,14,0,0,23,0,93,8,0,101,9,107,8,0,124,6,0,6,130
03/11/2002,BET,AK,AAL,WE,Federal Contract Tower,9,4,0,2,15,0,192,5,2,199,9,196,5,4,214,11,0,11,225
03/12/2002,BET,AK,AAL,WE,Federal Contract Tower,11,8,0,0,19,0,227,20,0,247,11,235,20,0,266,30,1,31,297
03/13/2002,BET,AK,AAL,WE,Federal Contract Tower,16,33,1,0,50,0,43,3,0,46,16,76,4,0,96,14,0,14,110
03/14/2002,BET,AK,AAL,WE,Federal Contract Tower,11,105,6,4,126,0,5,3,0,8,11,110,9,4,134,0,0,0,134
03/15/2002,BET,AK,AAL,WE,Federal Contract Tower,6,13,1,0,20,6,208,1,1,216,12,221,2,1,236,0,0,0,236
03/16/2002,BET,AK,AAL,WE,Federal Contract Tower,11,16,1,0,28,2,184,3,0,189,13,200,4,0,217,0,0,0,217
03/17/2002,BET,AK,AAL,WE,Federal Contract Tower,0,2,0,0,2,0,159,10,0,169,0,161,10,0,171,11,0,11,182
03/18/2002,BET,AK,AAL,WE,Federal Contract Tower,9,19,0,0,28,0,208,11,0,219,9,227,11,0,247,6,0,6,253
03/19/2002,BET,AK,AAL,WE,Federal Contract Tower,13,11,0,0,24,7,274,14,0,295,20,285,14,0,319,10,0,10,329
03/20/2002,BET,AK,AAL,WE,Federal Contract Tower,15,15,0,2,32,8,226,14,0,248,23,241,14,2,280,4,0,4,284
03/21/2002,BET,AK,AAL,WE,Federal Contract Tower,8,18,0,0,26,12,307,20,2,341,20,325,20,2,367,4,0,4,371
03/22/2002,BET,AK,AAL,WE,Federal Contract Tower,17,4,0,2,23,1,327,15,0,343,18,331,15,2,366,21,0,21,387
03/23/2002,BET,AK,AAL,WE,Federal Contract Tower,7,15,0,0,22,6,149,13,0,168,13,164,13,0,190,0,0,0,190
03/24/2002,BET,AK,AAL,WE,Federal Contract Tower,7,9,0,0,16,1,165,10,0,176,8,174,10,0,192,4,0,4,196
03/25/2002,BET,AK,AAL,WE,Federal Contract Tower,8,79,0,2,89,0,129,3,1,133,8,208,3,3,222,0,0,0,222
03/26/2002,BET,AK,AAL,WE,Federal Contract Tower,13,62,0,1,76,0,83,6,0,89,13,145,6,1,165,4,0,4,169
03/27/2002,BET,AK,AAL,WE,Federal Contract Tower,15,150,3,2,170,0,97,3,1,101,15,247,6,3,271,0,0,0,271
03/28/2002,BET,AK,AAL,WE,Federal Contract Tower,19,21,0,0,40,1,218,7,19,245,20,239,7,19,285,32,0,32,317
03/29/2002,BET,AK,AAL,WE,Federal Contract Tower,11,8,0,2,21,0,324,23,4,351,11,332,23,6,372,5,0,5,377
03/30/2002,BET,AK,AAL,WE,Federal Contract Tower,14,3,0,0,17,3,229,17,0,249,17,232,17,0,266,0,0,0,266
03/31/2002,BET,AK,AAL,WE,Federal Contract Tower,6,5,0,0,11,2,84,7,0,93,8,89,7,0,104,0,0,0,104
04/01/2002,BET,AK,AAL,WE,Federal Contract Tower,4,9,4,0,17,1,258,6,2,267,5,267,10,2,284,6,0,6,290
04/02/2002,BET,AK,AAL,WE,Federal Contract Tower,11,10,0,0,21,0,258,19,0,277,11,268,19,0,298,16,0,16,314
04/03/2002,BET,AK,AAL,WE,Federal Contract Tower,13,10,0,0,23,2,213,9,0,224,15,223,9,0,247,11,0,11,258
04/04/2002,BET,AK,AAL,WE,Federal Contract Tower,13,16,0,2,31,0,292,15,1,308,13,308,15,3,339,2,0,2,341
04/05/2002,BET,AK,AAL,WE,Federal Contract Tower,14,11,0,2,27,1,345,15,1,362,15,356,15,3,389,12,0,12,401
04/06/2002,BET,AK,AAL,WE,Federal Contract Tower,12,4,0,2,18,0,207,14,0,221,12,211,14,2,239,5,0,5,244
04/07/2002,BET,AK,AAL,WE,Federal Contract Tower,8,9,0,2,19,0,168,4,0,172,8,177,4,2,191,8,0,8,199
04/08/2002,BET,AK,AAL,WE,Federal Contract Tower,8,9,0,0,17,0,294,3,0,297,8,303,3,0,314,1,0,1,315
04/09/2002,BET,AK,AAL,WE,Federal Contract Tower,13,7,0,2,22,1,276,10,0,287,14,283,10,2,309,2,0,2,311
04/10/2002,BET,AK,AAL,WE,Federal Contract Tower,20,18,0,0,38,0,265,7,3,275,20,283,7,3,313,10,0,10,323
04/11/2002,BET,AK,AAL,WE,Federal Contract Tower,14,11,2,0,27,1,290,12,0,303,15,301,14,0,330,16,0,16,346
04/12/2002,BET,AK,AAL,WE,Federal Contract Tower,15,60,1,2,78,0,121,5,0,126,15,181,6,2,204,15,0,15,219
04/13/2002,BET,AK,AAL,WE,Federal Contract Tower,14,45,0,0,59,0,134,3,0,137,14,179,3,0,196,0,0,0,196
04/14/2002,BET,AK,AAL,WE,Federal Contract Tower,6,18,0,0,24,0,91,7,0,98,6,109,7,0,122,17,0,17,139
04/15/2002,BET,AK,AAL,WE,Federal Contract Tower,8,14,0,0,22,0,354,17,2,373,8,368,17,2,395,10,0,10,405
04/16/2002,BET,AK,AAL,WE,Federal Contract Tower,11,30,1,0,42,1,33,6,0,40,12,63,7,0,82,5,0,5,87
04/17/2002,BET,AK,AAL,WE,Federal Contract Tower,19,24,0,0,43,0,87,0,0,87,19,111,0,0,130,1,0,1,131
04/18/2002,BET,AK,AAL,WE,Federal Contract Tower,10,15,0,0,25,2,354,17,0,373,12,369,17,0,398,42,0,42,440
04/19/2002,BET,AK,AAL,WE,Federal Contract Tower,20,55,3,2,80,0,88,1,1,90,20,143,4,3,170,1,0,1,171
04/20/2002,BET,AK,AAL,WE,Federal Contract Tower,13,45,0,0,58,0,44,0,0,44,13,89,0,0,102,6,0,6,108
04/21/2002,BET,AK,AAL,WE,Federal Contract Tower,8,11,0,2,21,2,241,4,0,247,10,252,4,2,268,12,0,12,280
04/22/2002,BET,AK,AAL,WE,Federal Contract Tower,8,98,2,4,112,0,156,10,0,166,8,254,12,4,278,6,0,6,284
04/23/2002,BET,AK,AAL,WE,Federal Contract Tower,14,22,0,1,37,2,287,29,4,322,16,309,29,5,359,35,0,35,394
04/24/2002,BET,AK,AAL,WE,Federal Contract Tower,13,14,0,0,27,3,319,28,0,350,16,333,28,0,377,26,0,26,403
04/25/2002,BET,AK,AAL,WE,Federal Contract Tower,14,62,3,0,79,0,143,10,0,153,14,205,13,0,232,26,0,26,258
04/26/2002,BET,AK,AAL,WE,Federal Contract Tower,13,55,4,0,72,0,0,0,0,0,13,55,4,0,72,2,0,2,74
04/27/2002,BET,AK,AAL,WE,Federal Contract Tower,16,116,5,0,137,0,20,2,0,22,16,136,7,0,159,0,0,0,159
04/28/2002,BET,AK,AAL,WE,Federal Contract Tower,6,32,0,2,40,0,110,2,0,112,6,142,2,2,152,0,0,0,152
04/29/2002,BET,AK,AAL,WE,Federal Contract Tower,8,107,2,0,117,0,7,0,0,7,8,114,2,0,124,0,0,0,124
04/30/2002,BET,AK,AAL,WE,Federal Contract Tower,14,92,8,0,114,0,125,2,0,127,14,217,10,0,241,0,0,0,241
05/01/2002,BET,AK,AAL,WE,Federal Contract Tower,13,35,4,2,54,1,379,16,2,398,14,414,20,4,452,6,0,6,458
05/02/2002,BET,AK,AAL,WE,Federal Contract Tower,11,14,0,2,27,3,0,0,0,3,14,14,0,2,30,0,0,0,30
05/03/2002,BET,AK,AAL,WE,Federal Contract Tower,14,37,1,0,52,2,241,7,0,250,16,278,8,0,302,8,0,8,310
05/04/2002,BET,AK,AAL,WE,Federal Contract Tower,14,54,0,0,68,2,172,8,0,182,16,226,8,0,250,0,0,0,250
05/05/2002,BET,AK,AAL,WE,Federal Contract Tower,4,42,0,0,46,2,115,17,0,134,6,157,17,0,180,0,0,0,180
05/06/2002,BET,AK,AAL,WE,Federal Contract Tower,8,142,3,2,155,0,76,2,0,78,8,218,5,2,233,4,0,4,237
05/07/2002,BET,AK,AAL,WE,Federal Contract Tower,11,22,4,0,37,2,0,0,0,2,13,22,4,0,39,0,0,0,39
05/08/2002,BET,AK,AAL,WE,Federal Contract Tower,16,109,4,0,129,4,146,4,0,154,20,255,8,0,283,2,0,2,285
05/09/2002,BET,AK,AAL,WE,Federal Contract Tower,14,99,2,2,117,2,226,1,1,230,16,325,3,3,347,1,0,1,348
05/10/2002,BET,AK,AAL,WE,Federal Contract Tower,10,41,0,0,51,2,336,17,0,355,12,377,17,0,406,28,0,28,434
05/11/2002,BET,AK,AAL,WE,Federal Contract Tower,11,47,0,0,58,2,380,21,0,403,13,427,21,0,461,18,0,18,479
05/12/2002,BET,AK,AAL,WE,Federal Contract Tower,4,11,0,0,15,2,234,28,3,267,6,245,28,3,282,64,0,64,346
05/13/2002,BET,AK,AAL,WE,Federal Contract Tower,7,15,0,3,25,3,407,21,3,434,10,422,21,6,459,35,0,35,494
05/14/2002,BET,AK,AAL,WE,Federal Contract Tower,9,21,1,2,33,2,361,39,2,404,11,382,40,4,437,20,0,20,457
05/15/2002,BET,AK,AAL,WE,Federal Contract Tower,17,11,0,0,28,2,351,39,2,394,19,362,39,2,422,1,0,1,423
05/16/2002,BET,AK,AAL,WE,Federal Contract Tower,14,13,2,1,30,1,384,44,1,430,15,397,46,2,460,24,0,24,484
05/17/2002,BET,AK,AAL,WE,Federal Contract Tower,10,10,0,0,20,2,391,25,4,422,12,401,25,4,442,19,0,19,461
05/18/2002,BET,AK,AAL,WE,Federal Contract Tower,16,6,0,0,22,1,242,24,0,267,17,248,24,0,289,27,0,27,316
05/19/2002,BET,AK,AAL,WE,Federal Contract Tower,4,7,0,0,11,2,111,29,0,142,6,118,29,0,153,34,0,34,187
05/20/2002,BET,AK,AAL,WE,Federal Contract Tower,0,0,0,0,0,11,307,20,2,340,11,307,20,2,340,6,0,6,346
05/21/2002,BET,AK,AAL,WE,Federal Contract Tower,8,9,2,0,19,2,296,23,0,321,10,305,25,0,340,4,0,4,344
05/22/2002,BET,AK,AAL,WE,Federal Contract Tower,10,16,0,0,26,1,308,26,0,335,11,324,26,0,361,20,0,20,381
05/23/2002,BET,AK,AAL,WE,Federal Contract Tower,8,15,0,0,23,3,306,19,0,328,11,321,19,0,351,14,0,14,365
05/24/2002,BET,AK,AAL,WE,Federal Contract Tower,13,13,0,1,27,4,381,32,1,418,17,394,32,2,445,9,0,9,454
05/25/2002,BET,AK,AAL,WE,Federal Contract Tower,13,8,0,0,21,1,260,40,0,301,14,268,40,0,322,9,0,9,331
05/26/2002,BET,AK,AAL,WE,Federal Contract Tower,5,5,0,0,10,1,109,25,0,135,6,114,25,0,145,8,0,8,153
05/27/2002,BET,AK,AAL,WE,Federal Contract Tower,7,58,0,0,65,1,116,16,0,133,8,174,16,0,198,15,0,15,213
05/28/2002,BET,AK,AAL,WE,Federal Contract Tower,8,24,0,2,34,1,267,40,0,308,9,291,40,2,342,13,0,13,355
05/29/2002,BET,AK,AAL,WE,Federal Contract Tower,12,12,0,0,24,2,287,38,0,327,14,299,38,0,351,34,0,34,385
05/30/2002,BET,AK,AAL,WE,Federal Contract Tower,12,44,0,2,58,1,251,35,0,287,13,295,35,2,345,13,0,13,358
05/31/2002,BET,AK,AAL,WE,Federal Contract Tower,12,22,1,1,36,1,300,27,2,330,13,322,28,3,366,16,0,16,382
06/01/2002,BET,AK,AAL,WE,Federal Contract Tower,14,8,0,0,22,2,218,49,4,273,16,226,49,4,295,24,0,24,319
06/02/2002,BET,AK,AAL,WE,Federal Contract Tower,6,21,1,0,28,0,72,35,5,112,6,93,36,5,140,6,0,6,146
06/03/2002,BET,AK,AAL,WE,Federal Contract Tower,7,14,0,0,21,1,295,32,0,328,8,309,32,0,349,2,0,2,351
06/04/2002,BET,AK,AAL,WE,Federal Contract Tower,9,15,0,0,24,1,274,38,0,313,10,289,38,0,337,12,0,12,349
06/05/2002,BET,AK,AAL,WE,Federal Contract Tower,11,35,1,0,47,2,217,35,0,254,13,252,36,0,301,16,0,16,317
06/06/2002,BET,AK,AAL,WE,Federal Contract Tower,11,17,2,2,32,2,288,43,0,333,13,305,45,2,365,5,0,5,370
06/07/2002,BET,AK,AAL,WE,Federal Contract Tower,16,10,2,0,28,2,306,41,0,349,18,316,43,0,377,0,0,0,377
06/08/2002,BET,AK,AAL,WE,Federal Contract Tower,14,12,0,0,26,2,267,11,1,281,16,279,11,1,307,7,0,7,314
06/09/2002,BET,AK,AAL,WE,Federal Contract Tower,8,10,0,0,18,0,110,6,0,116,8,120,6,0,134,10,0,10,144
06/10/2002,BET,AK,AAL,WE,Federal Contract Tower,8,14,5,1,28,0,286,33,2,321,8,300,38,3,349,8,0,8,357
06/11/2002,BET,AK,AAL,WE,Federal Contract Tower,14,21,0,2,37,2,243,34,2,281,16,264,34,4,318,18,0,18,336
06/12/2002,BET,AK,AAL,WE,Federal Contract Tower,13,27,0,0,40,3,196,19,0,218,16,223,19,0,258,0,0,0,258
06/13/2002,BET,AK,AAL,WE,Federal Contract Tower,12,27,2,0,41,0,278,41,0,319,12,305,43,0,360,27,0,27,387
06/14/2002,BET,AK,AAL,WE,Federal Contract Tower,18,6,0,1,25,0,342,37,1,380,18,348,37,2,405,10,0,10,415
06/15/2002,BET,AK,AAL,WE,Federal Contract Tower,14,10,1,0,25,0,231,26,0,257,14,241,27,0,282,6,0,6,288
06/16/2002,BET,AK,AAL,WE,Federal Contract Tower,6,7,0,0,13,0,155,40,6,201,6,162,40,6,214,9,0,9,223
06/17/2002,BET,AK,AAL,WE,Federal Contract Tower,9,12,0,0,21,0,280,33,0,313,9,292,33,0,334,31,0,31,365
06/18/2002,BET,AK,AAL,WE,Federal Contract Tower,9,119,9,2,139,0,150,26,0,176,9,269,35,2,315,12,0,12,327
06/19/2002,BET,AK,AAL,WE,Federal Contract Tower,12,18,2,2,34,0,283,18,0,301,12,301,20,2,335,13,0,13,348
06/20/2002,BET,AK,AAL,WE,Federal Contract Tower,11,18,0,1,30,0,315,35,1,351,11,333,35,2,381,14,0,14,395
06/21/2002,BET,AK,AAL,WE,Federal Contract Tower,12,9,0,2,23,2,277,31,0,310,14,286,31,2,333,8,0,8,341
06/22/2002,BET,AK,AAL,WE,Federal Contract Tower,9,12,0,0,21,6,245,33,0,284,15,257,33,0,305,0,0,0,305
06/23/2002,BET,AK,AAL,WE,Federal Contract Tower,4,12,2,0,18,0,138,24,0,162,4,150,26,0,180,25,0,25,205
06/24/2002,BET,AK,AAL,WE,Federal Contract Tower,9,15,5,2,31,1,259,21,0,281,10,274,26,2,312,4,0,4,316
06/25/2002,BET,AK,AAL,WE,Federal Contract Tower,11,15,3,0,29,0,283,38,0,321,11,298,41,0,350,9,0,9,359
06/26/2002,BET,AK,AAL,WE,Federal Contract Tower,13,13,0,2,28,0,251,29,0,280,13,264,29,2,308,1,0,1,309
06/27/2002,BET,AK,AAL,WE,Federal Contract Tower,11,13,0,0,24,2,289,27,0,318,13,302,27,0,342,9,0,9,351
06/28/2002,BET,AK,AAL,WE,Federal Contract Tower,15,14,0,2,31,0,297,32,2,331,15,311,32,4,362,19,0,19,381
06/29/2002,BET,AK,AAL,WE,Federal Contract Tower,11,43,0,0,54,4,212,23,1,240,15,255,23,1,294,0,0,0,294
06/30/2002,BET,AK,AAL,WE,Federal Contract Tower,6,8,0,0,14,0,120,28,0,148,6,128,28,0,162,2,0,2,164
07/01/2002,BET,AK,AAL,WE,Federal Contract Tower,11,21,1,0,33,1,248,21,0,270,12,269,22,0,303,4,0,4,307
07/02/2002,BET,AK,AAL,WE,Federal Contract Tower,10,33,0,0,43,2,231,37,1,271,12,264,37,1,314,8,0,8,322
07/03/2002,BET,AK,AAL,WE,Federal Contract Tower,11,135,5,0,151,0,57,7,0,64,11,192,12,0,215,0,0,0,215
07/04/2002,BET,AK,AAL,WE,Federal Contract Tower,4,6,0,0,10,2,42,31,2,77,6,48,31,2,87,0,0,0,87
07/05/2002,BET,AK,AAL,WE,Federal Contract Tower,8,164,8,0,180,2,34,4,0,40,10,198,12,0,220,0,0,0,220
07/06/2002,BET,AK,AAL,WE,Federal Contract Tower,10,83,0,0,93,2,72,13,0,87,12,155,13,0,180,0,0,0,180
07/07/2002,BET,AK,AAL,WE,Federal Contract Tower,6,25,0,0,31,2,112,7,0,121,8,137,7,0,152,0,0,0,152
07/08/2002,BET,AK,AAL,WE,Federal Contract Tower,8,23,5,2,38,2,313,25,0,340,10,336,30,2,378,27,0,27,405
07/09/2002,BET,AK,AAL,WE,Federal Contract Tower,11,16,8,0,35,2,263,36,10,311,13,279,44,10,346,0,0,0,346
07/10/2002,BET,AK,AAL,WE,Federal Contract Tower,10,12,0,1,23,2,287,54,0,343,12,299,54,1,366,8,1,9,375
07/11/2002,BET,AK,AAL,WE,Federal Contract Tower,11,20,0,0,31,2,303,46,0,351,13,323,46,0,382,30,0,30,412
07/12/2002,BET,AK,AAL,WE,Federal Contract Tower,12,11,0,0,23,2,328,29,0,359,14,339,29,0,382,23,0,23,405
07/13/2002,BET,AK,AAL,WE,Federal Contract Tower,13,13,0,0,26,2,189,13,0,204,15,202,13,0,230,34,0,34,264
07/14/2002,BET,AK,AAL,WE,Federal Contract Tower,5,10,0,0,15,1,125,21,0,147,6,135,21,0,162,27,0,27,189
07/15/2002,BET,AK,AAL,WE,Federal Contract Tower,7,101,6,2,116,1,68,8,1,78,8,169,14,3,194,0,0,0,194
07/16/2002,BET,AK,AAL,WE,Federal Contract Tower,10,17,0,0,27,2,313,42,0,357,12,330,42,0,384,26,0,26,410
07/17/2002,BET,AK,AAL,WE,Federal Contract Tower,11,47,0,0,58,1,261,27,0,289,12,308,27,0,347,18,0,18,365
07/18/2002,BET,AK,AAL,WE,Federal Contract Tower,11,30,2,0,43,1,290,26,0,317,12,320,28,0,360,13,0,13,373
07/19/2002,BET,AK,AAL,WE,Federal Contract Tower,12,60,0,2,74,1,204,22,0,227,13,264,22,2,301,8,0,8,309
07/20/2002,BET,AK,AAL,WE,Federal Contract Tower,12,23,0,0,35,2,255,31,0,288,14,278,31,0,323,16,0,16,339
07/21/2002,BET,AK,AAL,WE,Federal Contract Tower,8,12,0,0,20,0,114,17,0,131,8,126,17,0,151,0,0,0,151
07/22/2002,BET,AK,AAL,WE,Federal Contract Tower,7,36,0,0,43,1,269,28,0,298,8,305,28,0,341,4,0,4,345
07/23/2002,BET,AK,AAL,WE,Federal Contract Tower,8,7,0,0,15,0,302,44,0,346,8,309,44,0,361,24,0,24,385
07/24/2002,BET,AK,AAL,WE,Federal Contract Tower,9,48,0,0,57,0,222,16,0,238,9,270,16,0,295,1,0,1,296
07/25/2002,BET,AK,AAL,WE,Federal Contract Tower,14,8,0,0,22,0,309,39,0,348,14,317,39,0,370,1,0,1,371
07/26/2002,BET,AK,AAL,WE,Federal Contract Tower,11,12,0,0,23,0,304,9,0,313,11,316,9,0,336,6,0,6,342
07/27/2002,BET,AK,AAL,WE,Federal Contract Tower,13,13,1,0,27,0,266,19,0,285,13,279,20,0,312,21,0,21,333
07/28/2002,BET,AK,AAL,WE,Federal Contract Tower,6,7,0,0,13,0,124,31,0,155,6,131,31,0,168,3,0,3,171
07/29/2002,BET,AK,AAL,WE,Federal Contract Tower,10,15,1,1,27,0,309,25,1,335,10,324,26,2,362,0,0,0,362
07/30/2002,BET,AK,AAL,WE,Federal Contract Tower,10,14,5,0,29,0,269,22,0,291,10,283,27,0,320,2,0,2,322
07/31/2002,BET,AK,AAL,WE,Federal Contract Tower,11,16,1,0,28,0,263,40,0,303,11,279,41,0,331,5,0,5,336
08/01/2002,BET,AK,AAL,WE,Federal Contract Tower,7,9,3,0,19,0,338,24,0,362,7,347,27,0,381,0,0,0,381
08/02/2002,BET,AK,AAL,WE,Federal Contract Tower,17,36,2,2,57,0,228,21,0,249,17,264,23,2,306,6,0,6,312
08/03/2002,BET,AK,AAL,WE,Federal Contract Tower,14,6,2,0,22,0,258,12,0,270,14,264,14,0,292,0,0,0,292
08/04/2002,BET,AK,AAL,WE,Federal Contract Tower,6,7,1,2,16,0,155,28,0,183,6,162,29,2,199,0,0,0,199
08/05/2002,BET,AK,AAL,WE,Federal Contract Tower,8,19,2,2,31,0,224,25,0,249,8,243,27,2,280,0,0,0,280
08/06/2002,BET,AK,AAL,WE,Federal Contract Tower,12,24,3,0,39,0,222,12,0,234,12,246,15,0,273,21,0,21,294
08/07/2002,BET,AK,AAL,WE,Federal Contract Tower,17,9,0,2,28,1,269,25,0,295,18,278,25,2,323,66,0,66,389
08/08/2002,BET,AK,AAL,WE,Federal Contract Tower,15,11,3,2,31,1,334,16,0,351,16,345,19,2,382,27,0,27,409
08/09/2002,BET,AK,AAL,WE,Federal Contract Tower,10,10,0,0,20,0,367,28,0,395,10,377,28,0,415,34,0,34,449
08/10/2002,BET,AK,AAL,WE,Federal Contract Tower,15,14,0,0,29,0,254,24,0,278,15,268,24,0,307,12,0,12,319
08/11/2002,BET,AK,AAL,WE,Federal Contract Tower,8,10,0,0,18,0,158,32,0,190,8,168,32,0,208,7,0,7,215
08/12/2002,BET,AK,AAL,WE,Federal Contract Tower,10,13,0,0,23,0,319,30,3,352,10,332,30,3,375,4,0,4,379
08/13/2002,BET,AK,AAL,WE,Federal Contract Tower,16,12,1,2,31,0,330,26,5,361,16,342,27,7,392,8,0,8,400
08/14/2002,BET,AK,AAL,WE,Federal Contract Tower,21,13,1,0,35,6,289,29,2,326,27,302,30,2,361,1,0,1,362
08/15/2002,BET,AK,AAL,WE,Federal Contract Tower,11,14,0,0,25,2,306,24,2,334,13,320,24,2,359,10,0,10,369
08/16/2002,BET,AK,AAL,WE,Federal Contract Tower,17,9,1,0,27,0,343,19,2,364,17,352,20,2,391,1,0,1,392
08/17/2002,BET,AK,AAL,WE,Federal Contract Tower,8,45,0,0,53,0,175,11,0,186,8,220,11,0,239,0,0,0,239
08/18/2002,BET,AK,AAL,WE,Federal Contract Tower,8,24,0,0,32,0,116,27,1,144,8,140,27,1,176,5,0,5,181
08/19/2002,BET,AK,AAL,WE,Federal Contract Tower,10,16,0,0,26,0,290,19,0,309,10,306,19,0,335,0,0,0,335
08/20/2002,BET,AK,AAL,WE,Federal Contract Tower,13,10,0,0,23,0,242,6,0,248,13,252,6,0,271,0,0,0,271
08/21/2002,BET,AK,AAL,WE,Federal Contract Tower,14,13,0,0,27,0,286,22,0,308,14,299,22,0,335,21,0,21,356
08/22/2002,BET,AK,AAL,WE,Federal Contract Tower,16,129,2,1,148,0,154,10,1,165,16,283,12,2,313,0,0,0,313
08/23/2002,BET,AK,AAL,WE,Federal Contract Tower,10,15,1,3,29,1,367,35,0,403,11,382,36,3,432,0,0,0,432
08/24/2002,BET,AK,AAL,WE,Federal Contract Tower,14,45,4,0,63,0,182,33,0,215,14,227,37,0,278,0,0,0,278
08/25/2002,BET,AK,AAL,WE,Federal Contract Tower,5,8,2,0,15,1,146,26,0,173,6,154,28,0,188,6,0,6,194
08/26/2002,BET,AK,AAL,WE,Federal Contract Tower,7,10,0,0,17,3,247,37,2,289,10,257,37,2,306,14,0,14,320
08/27/2002,BET,AK,AAL,WE,Federal Contract Tower,15,10,0,0,25,0,280,44,0,324,15,290,44,0,349,23,0,23,372
08/28/2002,BET,AK,AAL,WE,Federal Contract Tower,14,12,2,0,28,0,305,29,0,334,14,317,31,0,362,33,0,33,395
08/29/2002,BET,AK,AAL,WE,Federal Contract Tower,10,6,5,2,23,2,304,41,0,347,12,310,46,2,370,11,0,11,381
08/30/2002,BET,AK,AAL,WE,Federal Contract Tower,11,14,1,0,26,0,324,40,0,364,11,338,41,0,390,15,0,15,405
08/31/2002,BET,AK,AAL,WE,Federal Contract Tower,12,5,0,0,17,0,225,32,0,257,12,230,32,0,274,0,0,0,274
09/01/2002,BET,AK,AAL,WE,Federal Contract Tower,8,2,2,0,12,0,158,30,0,188,8,160,32,0,200,4,0,4,204
09/02/2002,BET,AK,AAL,WE,Federal Contract Tower,8,9,0,0,17,0,132,43,0,175,8,141,43,0,192,9,0,9,201
09/03/2002,BET,AK,AAL,WE,Federal Contract Tower,12,5,0,2,19,0,269,28,0,297,12,274,28,2,316,0,0,0,316
09/04/2002,BET,AK,AAL,WE,Federal Contract Tower,18,76,1,0,95,0,61,5,2,68,18,137,6,2,163,0,0,0,163
09/05/2002,BET,AK,AAL,WE,Federal Contract Tower,11,41,2,0,54,0,256,15,2,273,11,297,17,2,327,2,0,2,329
09/06/2002,BET,AK,AAL,WE,Federal Contract Tower,20,43,1,2,66,0,291,23,0,314,20,334,24,2,380,0,0,0,380
09/07/2002,BET,AK,AAL,WE,Federal Contract Tower,12,21,0,0,33,0,225,27,0,252,12,246,27,0,285,0,0,0,285
09/08/2002,BET,AK,AAL,WE,Federal Contract Tower,6,5,0,0,11,0,137,23,0,160,6,142,23,0,171,0,0,0,171
09/09/2002,BET,AK,AAL,WE,Federal Contract Tower,11,11,0,0,22,1,297,45,0,343,12,308,45,0,365,5,0,5,370
09/10/2002,BET,AK,AAL,WE,Federal Contract Tower,12,30,1,2,45,1,204,12,0,217,13,234,13,2,262,0,0,0,262
09/11/2002,BET,AK,AAL,WE,Federal Contract Tower,15,105,6,2,128,0,94,10,0,104,15,199,16,2,232,0,0,0,232
09/12/2002,BET,AK,AAL,WE,Federal Contract Tower,11,33,0,0,44,0,91,2,0,93,11,124,2,0,137,10,0,10,147
09/13/2002,BET,AK,AAL,WE,Federal Contract Tower,9,10,0,0,19,0,335,30,1,366,9,345,30,1,385,0,0,0,385
09/14/2002,BET,AK,AAL,WE,Federal Contract Tower,10,12,0,2,24,0,254,27,0,281,10,266,27,2,305,0,0,0,305
09/15/2002,BET,AK,AAL,WE,Federal Contract Tower,8,3,0,0,11,0,172,27,0,199,8,175,27,0,210,3,0,3,213
09/16/2002,BET,AK,AAL,WE,Federal Contract Tower,12,14,0,0,26,0,259,32,1,292,12,273,32,1,318,16,0,16,334
09/17/2002,BET,AK,AAL,WE,Federal Contract Tower,10,12,3,0,25,5,255,18,0,278,15,267,21,0,303,12,0,12,315
09/18/2002,BET,AK,AAL,WE,Federal Contract Tower,14,13,0,0,27,0,343,47,0,390,14,356,47,0,417,19,0,19,436
09/19/2002,BET,AK,AAL,WE,Federal Contract Tower,12,15,0,0,27,0,309,30,0,339,12,324,30,0,366,2,0,2,368
09/20/2002,BET,AK,AAL,WE,Federal Contract Tower,15,11,0,0,26,1,334,26,0,361,16,345,26,0,387,7,0,7,394
09/21/2002,BET,AK,AAL,WE,Federal Contract Tower,4,8,0,0,12,8,270,40,2,320,12,278,40,2,332,10,0,10,342
09/22/2002,BET,AK,AAL,WE,Federal Contract Tower,6,2,0,0,8,0,117,26,0,143,6,119,26,0,151,2,0,2,153
09/23/2002,BET,AK,AAL,WE,Federal Contract Tower,10,7,0,2,19,0,245,25,0,270,10,252,25,2,289,21,0,21,310
09/24/2002,BET,AK,AAL,WE,Federal Contract Tower,11,13,0,0,24,1,270,20,2,293,12,283,20,2,317,6,0,6,323
09/25/2002,BET,AK,AAL,WE,Federal Contract Tower,16,11,2,0,29,0,310,11,0,321,16,321,13,0,350,28,0,28,378
09/26/2002,BET,AK,AAL,WE,Federal Contract Tower,14,13,0,0,27,0,165,4,0,169,14,178,4,0,196,6,0,6,202
09/27/2002,BET,AK,AAL,WE,Federal Contract Tower,12,12,0,0,24,0,307,8,2,317,12,319,8,2,341,14,0,14,355
09/28/2002,BET,AK,AAL,WE,Federal Contract Tower,10,9,0,0,19,0,259,30,0,289,10,268,30,0,308,84,0,84,392
09/29/2002,BET,AK,AAL,WE,Federal Contract Tower,8,2,0,0,10,0,138,15,0,153,8,140,15,0,163,36,0,36,199
09/30/2002,BET,AK,AAL,WE,Federal Contract Tower,12,21,0,0,33,0,274,24,0,298,12,295,24,0,331,6,0,6,337
10/01/2002,BET,AK,AAL,WE,Federal Contract Tower,12,10,0,0,22,0,296,33,0,329,12,306,33,0,351,12,0,12,363
10/02/2002,BET,AK,AAL,WE,Federal Contract Tower,7,5,1,2,15,0,299,22,0,321,7,304,23,2,336,6,0,6,342
10/03/2002,BET,AK,AAL,WE,Federal Contract Tower,9,8,0,0,17,0,288,16,0,304,9,296,16,0,321,0,0,0,321
10/04/2002,BET,AK,AAL,WE,Federal Contract Tower,15,6,0,0,21,0,305,13,0,318,15,311,13,0,339,2,0,2,341
10/05/2002,BET,AK,AAL,WE,Federal Contract Tower,12,4,0,0,16,0,271,19,0,290,12,275,19,0,306,0,0,0,306
10/06/2002,BET,AK,AAL,WE,Federal Contract Tower,6,57,7,0,70,0,54,6,0,60,6,111,13,0,130,0,0,0,130
10/07/2002,BET,AK,AAL,WE,Federal Contract Tower,10,9,0,0,19,0,325,7,0,332,10,334,7,0,351,6,0,6,357
10/08/2002,BET,AK,AAL,WE,Federal Contract Tower,6,8,0,0,14,9,264,21,0,294,15,272,21,0,308,14,0,14,322
10/09/2002,BET,AK,AAL,WE,Federal Contract Tower,17,10,0,0,27,0,311,22,1,334,17,321,22,1,361,11,0,11,372
10/10/2002,BET,AK,AAL,WE,Federal Contract Tower,11,7,0,0,18,0,231,7,0,238,11,238,7,0,256,67,0,67,323
10/11/2002,BET,AK,AAL,WE,Federal Contract Tower,13,55,0,0,68,0,263,7,0,270,13,318,7,0,338,17,0,17,355
10/12/2002,BET,AK,AAL,WE,Federal Contract Tower,14,7,0,0,21,0,279,14,0,293,14,286,14,0,314,26,0,26,340
10/13/2002,BET,AK,AAL,WE,Federal Contract Tower,6,4,0,0,10,0,152,19,0,171,6,156,19,0,181,0,0,0,181
10/14/2002,BET,AK,AAL,WE,Federal Contract Tower,9,10,0,0,19,1,328,14,0,343,10,338,14,0,362,27,0,27,389
10/15/2002,BET,AK,AAL,WE,Federal Contract Tower,11,10,0,0,21,0,335,13,0,348,11,345,13,0,369,11,0,11,380
10/16/2002,BET,AK,AAL,WE,Federal Contract Tower,19,17,1,4,41,0,317,28,0,345,19,334,29,4,386,22,0,22,408
10/17/2002,BET,AK,AAL,WE,Federal Contract Tower,14,116,6,1,137,0,128,4,1,133,14,244,10,2,270,36,0,36,306
10/18/2002,BET,AK,AAL,WE,Federal Contract Tower,11,18,0,0,29,6,119,6,1,132,17,137,6,1,161,0,0,0,161
10/19/2002,BET,AK,AAL,WE,Federal Contract Tower,11,8,0,0,19,0,103,1,0,104,11,111,1,0,123,12,0,12,135
10/20/2002,BET,AK,AAL,WE,Federal Contract Tower,4,4,0,2,10,0,0,0,0,0,4,4,0,2,10,7,0,7,17
10/21/2002,BET,AK,AAL,WE,Federal Contract Tower,9,42,0,0,51,1,371,14,1,387,10,413,14,1,438,28,0,28,466
10/22/2002,BET,AK,AAL,WE,Federal Contract Tower,11,22,0,0,33,0,285,12,0,297,11,307,12,0,330,26,0,26,356
10/23/2002,BET,AK,AAL,WE,Federal Contract Tower,20,16,0,0,36,0,394,21,0,415,20,410,21,0,451,23,0,23,474
10/24/2002,BET,AK,AAL,WE,Federal Contract Tower,17,10,0,2,29,0,441,16,0,457,17,451,16,2,486,48,0,48,534
10/25/2002,BET,AK,AAL,WE,Federal Contract Tower,15,16,0,0,31,0,545,12,0,557,15,561,12,0,588,2,0,2,590
10/26/2002,BET,AK,AAL,WE,Federal Contract Tower,14,42,0,0,56,0,417,18,0,435,14,459,18,0,491,12,0,12,503
10/27/2002,BET,AK,AAL,WE,Federal Contract Tower,6,9,0,0,15,0,285,16,0,301,6,294,16,0,316,10,0,10,326
10/28/2002,BET,AK,AAL,WE,Federal Contract Tower,10,9,0,0,19,0,419,1,0,420,10,428,1,0,439,4,0,4,443
10/29/2002,BET,AK,AAL,WE,Federal Contract Tower,10,11,0,0,21,0,420,10,1,431,10,431,10,1,452,23,0,23,475
10/30/2002,BET,AK,AAL,WE,Federal Contract Tower,17,73,1,0,91,0,216,7,0,223,17,289,8,0,314,2,0,2,316
10/31/2002,BET,AK,AAL,WE,Federal Contract Tower,15,16,0,0,31,0,420,19,1,440,15,436,19,1,471,21,0,21,492
11/01/2002,BET,AK,AAL,WE,Federal Contract Tower,13,10,0,0,23,1,460,33,10,504,14,470,33,10,527,15,0,15,542
11/02/2002,BET,AK,AAL,WE,Federal Contract Tower,0,0,0,0,0,4,12,0,0,16,4,12,0,0,16,0,0,0,16
11/03/2002,BET,AK,AAL,WE,Federal Contract Tower,8,4,0,3,15,0,257,12,1,270,8,261,12,4,285,4,0,4,289
11/04/2002,BET,AK,AAL,WE,Federal Contract Tower,11,13,0,2,26,0,408,8,12,428,11,421,8,14,454,14,0,14,468
11/05/2002,BET,AK,AAL,WE,Federal Contract Tower,13,10,0,2,25,0,380,22,0,402,13,390,22,2,427,7,0,7,434
11/06/2002,BET,AK,AAL,WE,Federal Contract Tower,15,11,0,0,26,0,345,21,1,367,15,356,21,1,393,10,0,10,403
11/07/2002,BET,AK,AAL,WE,Federal Contract Tower,10,10,3,1,24,0,353,25,1,379,10,363,28,2,403,17,0,17,420
11/08/2002,BET,AK,AAL,WE,Federal Contract Tower,9,10,0,1,20,1,403,20,1,425,10,413,20,2,445,34,0,34,479
11/09/2002,BET,AK,AAL,WE,Federal Contract Tower,17,7,0,0,24,0,376,8,0,384,17,383,8,0,408,15,0,15,423
11/10/2002,BET,AK,AAL,WE,Federal Contract Tower,5,6,2,0,13,0,208,22,0,230,5,214,24,0,243,12,0,12,255
11/11/2002,BET,AK,AAL,WE,Federal Contract Tower,10,7,0,0,17,0,258,12,0,270,10,265,12,0,287,1,0,1,288
11/12/2002,BET,AK,AAL,WE,Federal Contract Tower,14,7,0,2,23,1,429,19,0,449,15,436,19,2,472,11,0,11,483
11/13/2002,BET,AK,AAL,WE,Federal Contract Tower,16,12,0,0,28,0,405,20,0,425,16,417,20,0,453,2,0,2,455
11/14/2002,BET,AK,AAL,WE,Federal Contract Tower,18,16,4,2,40,0,425,16,1,442,18,441,20,3,482,16,0,16,498
11/15/2002,BET,AK,AAL,WE,Federal Contract Tower,15,81,2,0,98,0,141,6,0,147,15,222,8,0,245,0,0,0,245
11/16/2002,BET,AK,AAL,WE,Federal Contract Tower,13,9,0,0,22,0,410,7,0,417,13,419,7,0,439,3,0,3,442
11/17/2002,BET,AK,AAL,WE,Federal Contract Tower,6,3,0,2,11,0,237,16,2,255,6,240,16,4,266,24,0,24,290
11/18/2002,BET,AK,AAL,WE,Federal Contract Tower,11,12,0,0,23,0,408,21,0,429,11,420,21,0,452,3,0,3,455
11/19/2002,BET,AK,AAL,WE,Federal Contract Tower,10,9,0,0,19,1,408,13,0,422,11,417,13,0,441,14,0,14,455
11/20/2002,BET,AK,AAL,WE,Federal Contract Tower,21,9,1,0,31,2,304,28,1,335,23,313,29,1,366,11,0,11,377
11/21/2002,BET,AK,AAL,WE,Federal Contract Tower,10,12,0,0,22,2,409,17,0,428,12,421,17,0,450,4,0,4,454
11/22/2002,BET,AK,AAL,WE,Federal Contract Tower,15,10,2,0,27,1,375,12,2,390,16,385,14,2,417,8,0,8,425
11/23/2002,BET,AK,AAL,WE,Federal Contract Tower,12,18,1,0,31,0,190,3,0,193,12,208,4,0,224,4,0,4,228
11/24/2002,BET,AK,AAL,WE,Federal Contract Tower,6,2,0,0,8,0,230,15,0,245,6,232,15,0,253,0,0,0,253
11/25/2002,BET,AK,AAL,WE,Federal Contract Tower,13,16,5,0,34,0,364,12,1,377,13,380,17,1,411,3,0,3,414
11/26/2002,BET,AK,AAL,WE,Federal Contract Tower,11,61,0,0,72,0,23,0,0,23,11,84,0,0,95,2,0,2,97
11/27/2002,BET,AK,AAL,WE,Federal Contract Tower,19,74,2,2,97,1,61,3,0,65,20,135,5,2,162,0,0,0,162
11/28/2002,BET,AK,AAL,WE,Federal Contract Tower,0,4,1,0,5,0,18,10,0,28,0,22,11,0,33,1,0,1,34
11/29/2002,BET,AK,AAL,WE,Federal Contract Tower,16,44,0,0,60,0,46,2,0,48,16,90,2,0,108,1,0,1,109
11/30/2002,BET,AK,AAL,WE,Federal Contract Tower,11,10,0,0,21,0,419,16,0,435,11,429,16,0,456,4,0,4,460
12/01/2002,BET,AK,AAL,WE,Federal Contract Tower,3,6,1,0,10,1,169,9,0,179,4,175,10,0,189,0,0,0,189
12/02/2002,BET,AK,AAL,WE,Federal Contract Tower,6,12,0,2,20,3,400,15,2,420,9,412,15,4,440,0,0,0,440
12/03/2002,BET,AK,AAL,WE,Federal Contract Tower,5,22,1,0,28,3,112,4,0,119,8,134,5,0,147,7,0,7,154
12/04/2002,BET,AK,AAL,WE,Federal Contract Tower,14,17,0,7,38,3,450,15,22,490,17,467,15,29,528,4,0,4,532
12/05/2002,BET,AK,AAL,WE,Federal Contract Tower,8,19,0,2,29,2,323,9,2,336,10,342,9,4,365,8,0,8,373
12/06/2002,BET,AK,AAL,WE,Federal Contract Tower,11,15,0,2,28,4,415,10,0,429,15,430,10,2,457,6,0,6,463
12/07/2002,BET,AK,AAL,WE,Federal Contract Tower,10,20,0,0,30,2,339,4,0,345,12,359,4,0,375,0,0,0,375
12/08/2002,BET,AK,AAL,WE,Federal Contract Tower,3,10,0,2,15,2,184,22,0,208,5,194,22,2,223,2,0,2,225
12/09/2002,BET,AK,AAL,WE,Federal Contract Tower,8,9,0,7,24,1,267,15,25,308,9,276,15,32,332,3,0,3,335
12/10/2002,BET,AK,AAL,WE,Federal Contract Tower,13,26,1,0,40,0,245,5,6,256,13,271,6,6,296,2,0,2,298
12/11/2002,BET,AK,AAL,WE,Federal Contract Tower,12,16,0,0,28,1,369,19,0,389,13,385,19,0,417,4,0,4,421
12/12/2002,BET,AK,AAL,WE,Federal Contract Tower,12,38,0,0,50,1,338,10,4,353,13,376,10,4,403,8,0,8,411
12/13/2002,BET,AK,AAL,WE,Federal Contract Tower,11,16,0,0,27,1,358,9,0,368,12,374,9,0,395,26,0,26,421
12/14/2002,BET,AK,AAL,WE,Federal Contract Tower,17,8,0,0,25,1,277,7,0,285,18,285,7,0,310,10,0,10,320
12/15/2002,BET,AK,AAL,WE,Federal Contract Tower,4,9,0,0,13,1,145,15,0,161,5,154,15,0,174,6,0,6,180
12/16/2002,BET,AK,AAL,WE,Federal Contract Tower,7,49,0,0,56,0,28,0,0,28,7,77,0,0,84,0,0,0,84
12/17/2002,BET,AK,AAL,WE,Federal Contract Tower,9,11,0,1,21,1,424,9,6,440,10,435,9,7,461,0,0,0,461
12/18/2002,BET,AK,AAL,WE,Federal Contract Tower,11,10,1,0,22,2,378,9,2,391,13,388,10,2,413,14,0,14,427
12/19/2002,BET,AK,AAL,WE,Federal Contract Tower,12,24,0,3,39,0,195,3,4,202,12,219,3,7,241,8,0,8,249
12/20/2002,BET,AK,AAL,WE,Federal Contract Tower,13,11,0,0,24,1,389,6,0,396,14,400,6,0,420,2,0,2,422
12/21/2002,BET,AK,AAL,WE,Federal Contract Tower,14,8,0,0,22,1,321,10,1,333,15,329,10,1,355,11,0,11,366
12/22/2002,BET,AK,AAL,WE,Federal Contract Tower,4,6,0,0,10,1,177,8,0,186,5,183,8,0,196,2,0,2,198
12/23/2002,BET,AK,AAL,WE,Federal Contract Tower,9,33,0,0,42,0,105,3,0,108,9,138,3,0,150,0,0,0,150
12/24/2002,BET,AK,AAL,WE,Federal Contract Tower,7,16,0,0,23,0,241,4,0,245,7,257,4,0,268,0,0,0,268
12/25/2002,BET,AK,AAL,WE,Federal Contract Tower,0,0,0,0,0,0,7,2,0,9,0,7,2,0,9,0,0,0,9
12/26/2002,BET,AK,AAL,WE,Federal Contract Tower,12,12,0,0,24,1,253,15,2,271,13,265,15,2,295,2,0,2,297
12/27/2002,BET,AK,AAL,WE,Federal Contract Tower,18,14,0,0,32,1,276,4,0,281,19,290,4,0,313,1,0,1,314
12/28/2002,BET,AK,AAL,WE,Federal Contract Tower,11,10,0,0,21,1,206,1,0,208,12,216,1,0,229,8,0,8,237
12/29/2002,BET,AK,AAL,WE,Federal Contract Tower,5,3,0,0,8,1,69,3,0,73,6,72,3,0,81,8,0,8,89
12/30/2002,BET,AK,AAL,WE,Federal Contract Tower,7,8,0,0,15,1,218,3,0,222,8,226,3,0,237,3,0,3,240
12/31/2002,BET,AK,AAL,WE,Federal Contract Tower,10,6,0,0,16,1,228,6,0,235,11,234,6,0,251,0,0,0,251
01/01/2003,BET,AK,AAL,WE,Federal Contract Tower,4,1,0,0,5,0,15,6,0,21,4,16,6,0,26,0,0,0,26
01/02/2003,BET,AK,AAL,WE,Federal Contract Tower,14,13,0,2,29,0,173,8,1,182,14,186,8,3,211,17,0,17,228
01/03/2003,BET,AK,AAL,WE,Federal Contract Tower,15,53,0,2,70,0,49,1,0,50,15,102,1,2,120,0,0,0,120
01/04/2003,BET,AK,AAL,WE,Federal Contract Tower,15,10,0,0,25,0,196,3,0,199,15,206,3,0,224,0,0,0,224
01/05/2003,BET,AK,AAL,WE,Federal Contract Tower,4,3,0,2,9,0,165,9,0,174,4,168,9,2,183,7,0,7,190
01/06/2003,BET,AK,AAL,WE,Federal Contract Tower,8,5,1,1,15,2,281,3,1,287,10,286,4,2,302,10,0,10,312
01/07/2003,BET,AK,AAL,WE,Federal Contract Tower,9,6,0,2,17,1,129,4,0,134,10,135,4,2,151,16,0,16,167
01/08/2003,BET,AK,AAL,WE,Federal Contract Tower,14,10,0,0,24,0,221,9,0,230,14,231,9,0,254,0,0,0,254
01/09/2003,BET,AK,AAL,WE,Federal Contract Tower,7,10,2,0,19,0,271,9,2,282,7,281,11,2,301,4,4,8,309
01/10/2003,BET,AK,AAL,WE,Federal Contract Tower,8,17,0,1,26,1,211,8,0,220,9,228,8,1,246,8,0,8,254
01/11/2003,BET,AK,AAL,WE,Federal Contract Tower,9,4,0,0,13,1,190,11,0,202,10,194,11,0,215,6,0,6,221
01/12/2003,BET,AK,AAL,WE,Federal Contract Tower,1,6,0,0,7,0,133,14,0,147,1,139,14,0,154,9,0,9,163
01/13/2003,BET,AK,AAL,WE,Federal Contract Tower,7,10,0,2,19,0,234,9,3,246,7,244,9,5,265,36,0,36,301
01/14/2003,BET,AK,AAL,WE,Federal Contract Tower,6,12,0,1,19,0,255,18,2,275,6,267,18,3,294,0,2,2,296
01/15/2003,BET,AK,AAL,WE,Federal Contract Tower,15,9,0,2,26,0,237,8,0,245,15,246,8,2,271,0,0,0,271
01/16/2003,BET,AK,AAL,WE,Federal Contract Tower,7,9,0,0,16,0,267,12,0,279,7,276,12,0,295,9,0,9,304
01/17/2003,BET,AK,AAL,WE,Federal Contract Tower,12,14,0,0,26,0,247,7,0,254,12,261,7,0,280,7,0,7,287
01/18/2003,BET,AK,AAL,WE,Federal Contract Tower,10,6,0,0,16,0,205,8,0,213,10,211,8,0,229,25,0,25,254
01/19/2003,BET,AK,AAL,WE,Federal Contract Tower,3,4,0,0,7,0,131,8,0,139,3,135,8,0,146,2,0,2,148
01/20/2003,BET,AK,AAL,WE,Federal Contract Tower,5,6,0,0,11,0,210,17,0,227,5,216,17,0,238,14,0,14,252
01/21/2003,BET,AK,AAL,WE,Federal Contract Tower,10,6,2,0,18,1,262,10,0,273,11,268,12,0,291,19,0,19,310
01/22/2003,BET,AK,AAL,WE,Federal Contract Tower,13,13,0,0,26,0,140,10,0,150,13,153,10,0,176,16,0,16,192
01/23/2003,BET,AK,AAL,WE,Federal Contract Tower,13,9,0,0,22,2,286,12,2,302,15,295,12,2,324,5,7,12,336
01/24/2003,BET,AK,AAL,WE,Federal Contract Tower,10,9,2,0,21,0,267,9,2,278,10,276,11,2,299,10,0,10,309
01/25/2003,BET,AK,AAL,WE,Federal Contract Tower,10,10,0,0,20,0,210,10,0,220,10,220,10,0,240,0,0,0,240
01/26/2003,BET,AK,AAL,WE,Federal Contract Tower,6,4,0,0,10,0,95,8,0,103,6,99,8,0,113,0,0,0,113
01/27/2003,BET,AK,AAL,WE,Federal Contract Tower,7,9,0,0,16,0,235,9,0,244,7,244,9,0,260,5,0,5,265
01/28/2003,BET,AK,AAL,WE,Federal Contract Tower,10,10,0,0,20,1,208,9,0,218,11,218,9,0,238,9,0,9,247
01/29/2003,BET,AK,AAL,WE,Federal Contract Tower,15,12,2,0,29,0,243,11,0,254,15,255,13,0,283,17,0,17,300
01/30/2003,BET,AK,AAL,WE,Federal Contract Tower,11,8,0,0,19,0,240,8,0,248,11,248,8,0,267,3,0,3,270
01/31/2003,BET,AK,AAL,WE,Federal Contract Tower,14,7,0,1,22,0,240,12,1,253,14,247,12,2,275,4,0,4,279
02/01/2003,BET,AK,AAL,WE,Federal Contract Tower,13,3,0,0,16,0,234,10,0,244,13,237,10,0,260,10,0,10,270
02/02/2003,BET,AK,AAL,WE,Federal Contract Tower,3,31,3,2,39,0,69,2,0,71,3,100,5,2,110,0,0,0,110
02/03/2003,BET,AK,AAL,WE,Federal Contract Tower,7,10,1,0,18,0,137,7,0,144,7,147,8,0,162,8,0,8,170
02/04/2003,BET,AK,AAL,WE,Federal Contract Tower,16,8,0,0,24,0,105,5,0,110,16,113,5,0,134,3,0,3,137
02/05/2003,BET,AK,AAL,WE,Federal Contract Tower,20,51,0,0,71,0,65,5,0,70,20,116,5,0,141,0,0,0,141
02/06/2003,BET,AK,AAL,WE,Federal Contract Tower,10,10,0,3,23,2,292,17,1,312,12,302,17,4,335,6,0,6,341
02/07/2003,BET,AK,AAL,WE,Federal Contract Tower,9,17,0,0,26,0,202,7,0,209,9,219,7,0,235,10,0,10,245
02/08/2003,BET,AK,AAL,WE,Federal Contract Tower,15,33,0,0,48,1,68,1,1,71,16,101,1,1,119,8,0,8,127
02/09/2003,BET,AK,AAL,WE,Federal Contract Tower,0,0,0,0,0,1,0,3,0,4,1,0,3,0,4,6,0,6,10
02/10/2003,BET,AK,AAL,WE,Federal Contract Tower,6,50,0,0,56,0,0,0,0,0,6,50,0,0,56,0,0,0,56
02/11/2003,BET,AK,AAL,WE,Federal Contract Tower,10,114,3,0,127,0,0,0,0,0,10,114,3,0,127,0,0,0,127
02/12/2003,BET,AK,AAL,WE,Federal Contract Tower,11,15,0,0,26,0,263,8,1,272,11,278,8,1,298,7,0,7,305
02/13/2003,BET,AK,AAL,WE,Federal Contract Tower,13,72,3,0,88,0,14,0,0,14,13,86,3,0,102,6,0,6,108
02/14/2003,BET,AK,AAL,WE,Federal Contract Tower,13,14,0,1,28,1,254,7,1,263,14,268,7,2,291,11,0,11,302
02/15/2003,BET,AK,AAL,WE,Federal Contract Tower,11,10,0,0,21,0,196,5,0,201,11,206,5,0,222,2,0,2,224
02/16/2003,BET,AK,AAL,WE,Federal Contract Tower,4,2,0,0,6,0,128,9,0,137,4,130,9,0,143,36,0,36,179
02/17/2003,BET,AK,AAL,WE,Federal Contract Tower,7,9,0,0,16,0,245,12,0,257,7,254,12,0,273,24,0,24,297
02/18/2003,BET,AK,AAL,WE,Federal Contract Tower,8,10,0,1,19,0,254,17,1,272,8,264,17,2,291,20,0,20,311
02/19/2003,BET,AK,AAL,WE,Federal Contract Tower,17,23,0,0,40,1,171,13,0,185,18,194,13,0,225,0,0,0,225
02/20/2003,BET,AK,AAL,WE,Federal Contract Tower,7,17,0,0,24,4,261,7,0,272,11,278,7,0,296,0,0,0,296
02/21/2003,BET,AK,AAL,WE,Federal Contract Tower,19,13,0,2,34,0,301,16,1,318,19,314,16,3,352,6,0,6,358
02/22/2003,BET,AK,AAL,WE,Federal Contract Tower,13,37,0,0,50,0,56,0,0,56,13,93,0,0,106,0,0,0,106
02/23/2003,BET,AK,AAL,WE,Federal Contract Tower,8,8,0,0,16,0,88,3,0,91,8,96,3,0,107,14,0,14,121
02/24/2003,BET,AK,AAL,WE,Federal Contract Tower,8,15,0,2,25,0,161,5,0,166,8,176,5,2,191,12,0,12,203
02/25/2003,BET,AK,AAL,WE,Federal Contract Tower,12,16,0,0,28,0,161,7,0,168,12,177,7,0,196,18,0,18,214
02/26/2003,BET,AK,AAL,WE,Federal Contract Tower,13,15,0,0,28,0,279,10,0,289,13,294,10,0,317,22,8,30,347
02/27/2003,BET,AK,AAL,WE,Federal Contract Tower,7,33,0,0,40,2,96,4,1,103,9,129,4,1,143,4,0,4,147
02/28/2003,BET,AK,AAL,WE,Federal Contract Tower,16,14,0,0,30,0,389,10,3,402,16,403,10,3,432,15,2,17,449
03/01/2003,BET,AK,AAL,WE,Federal Contract Tower,13,35,0,0,48,0,67,0,0,67,13,102,0,0,115,0,0,0,115
03/02/2003,BET,AK,AAL,WE,Federal Contract Tower,3,5,0,0,8,0,39,3,0,42,3,44,3,0,50,0,0,0,50
03/03/2003,BET,AK,AAL,WE,Federal Contract Tower,6,150,3,0,159,0,95,4,0,99,6,245,7,0,258,2,0,2,260
03/04/2003,BET,AK,AAL,WE,Federal Contract Tower,11,8,0,0,19,0,398,19,2,419,11,406,19,2,438,7,0,7,445
03/05/2003,BET,AK,AAL,WE,Federal Contract Tower,13,13,0,0,26,2,413,24,4,443,15,426,24,4,469,2,0,2,471
03/06/2003,BET,AK,AAL,WE,Federal Contract Tower,4,9,0,0,13,0,337,13,0,350,4,346,13,0,363,33,0,33,396
03/07/2003,BET,AK,AAL,WE,Federal Contract Tower,13,12,0,0,25,0,324,11,1,336,13,336,11,1,361,17,0,17,378
03/08/2003,BET,AK,AAL,WE,Federal Contract Tower,14,7,0,2,23,0,229,8,31,268,14,236,8,33,291,10,0,10,301
03/09/2003,BET,AK,AAL,WE,Federal Contract Tower,3,3,0,4,10,0,133,13,4,150,3,136,13,8,160,8,0,8,168
03/10/2003,BET,AK,AAL,WE,Federal Contract Tower,7,10,0,0,17,1,254,23,0,278,8,264,23,0,295,6,0,6,301
03/11/2003,BET,AK,AAL,WE,Federal Contract Tower,8,5,1,0,14,0,213,13,0,226,8,218,14,0,240,8,0,8,248
03/12/2003,BET,AK,AAL,WE,Federal Contract Tower,13,10,0,0,23,0,215,16,0,231,13,225,16,0,254,3,0,3,257
03/13/2003,BET,AK,AAL,WE,Federal Contract Tower,12,4,0,0,16,0,65,5,0,70,12,69,5,0,86,0,0,0,86
03/14/2003,BET,AK,AAL,WE,Federal Contract Tower,15,14,0,0,29,1,225,6,0,232,16,239,6,0,261,0,0,0,261
03/15/2003,BET,AK,AAL,WE,Federal Contract Tower,10,11,0,0,21,0,219,6,0,225,10,230,6,0,246,18,0,18,264
03/16/2003,BET,AK,AAL,WE,Federal Contract Tower,6,8,0,0,14,0,139,12,0,151,6,147,12,0,165,4,0,4,169
03/17/2003,BET,AK,AAL,WE,Federal Contract Tower,9,13,0,0,22,1,246,8,0,255,10,259,8,0,277,4,0,4,281
03/18/2003,BET,AK,AAL,WE,Federal Contract Tower,8,9,0,0,17,0,254,7,0,261,8,263,7,0,278,38,0,38,316
03/19/2003,BET,AK,AAL,WE,Federal Contract Tower,13,9,0,0,22,0,245,10,2,257,13,254,10,2,279,0,0,0,279
03/20/2003,BET,AK,AAL,WE,Federal Contract Tower,9,54,0,2,65,0,119,3,0,122,9,173,3,2,187,0,0,0,187
03/21/2003,BET,AK,AAL,WE,Federal Contract Tower,16,9,0,5,30,0,322,10,4,336,16,331,10,9,366,14,0,14,380
03/22/2003,BET,AK,AAL,WE,Federal Contract Tower,14,10,0,1,25,1,286,24,17,328,15,296,24,18,353,6,0,6,359
03/23/2003,BET,AK,AAL,WE,Federal Contract Tower,4,3,0,0,7,0,181,10,0,191,4,184,10,0,198,14,0,14,212
03/24/2003,BET,AK,AAL,WE,Federal Contract Tower,9,11,0,2,22,1,298,12,0,311,10,309,12,2,333,20,0,20,353
03/25/2003,BET,AK,AAL,WE,Federal Contract Tower,13,13,0,0,26,0,255,18,0,273,13,268,18,0,299,13,0,13,312
03/26/2003,BET,AK,AAL,WE,Federal Contract Tower,15,8,0,0,23,0,270,14,0,284,15,278,14,0,307,30,0,30,337
03/27/2003,BET,AK,AAL,WE,Federal Contract Tower,10,11,0,1,22,1,278,25,7,311,11,289,25,8,333,12,0,12,345
03/28/2003,BET,AK,AAL,WE,Federal Contract Tower,18,46,0,2,66,0,117,3,1,121,18,163,3,3,187,0,0,0,187
03/29/2003,BET,AK,AAL,WE,Federal Contract Tower,12,11,0,0,23,0,203,11,0,214,12,214,11,0,237,4,0,4,241
03/30/2003,BET,AK,AAL,WE,Federal Contract Tower,5,42,5,0,52,0,61,15,0,76,5,103,20,0,128,12,0,12,140
03/31/2003,BET,AK,AAL,WE,Federal Contract Tower,7,48,1,1,57,0,75,10,0,85,7,123,11,1,142,0,0,0,142
04/01/2003,BET,AK,AAL,WE,Federal Contract Tower,13,35,0,1,49,1,0,0,0,1,14,35,0,1,50,0,0,0,50
04/02/2003,BET,AK,AAL,WE,Federal Contract Tower,13,153,0,0,166,0,6,0,0,6,13,159,0,0,172,0,0,0,172
04/03/2003,BET,AK,AAL,WE,Federal Contract Tower,12,20,0,0,32,1,333,9,0,343,13,353,9,0,375,10,0,10,385
04/04/2003,BET,AK,AAL,WE,Federal Contract Tower,21,119,4,6,150,0,76,1,0,77,21,195,5,6,227,0,0,0,227
04/05/2003,BET,AK,AAL,WE,Federal Contract Tower,9,17,0,0,26,0,298,20,0,318,9,315,20,0,344,6,0,6,350
04/06/2003,BET,AK,AAL,WE,Federal Contract Tower,4,4,0,1,9,0,175,22,2,199,4,179,22,3,208,21,0,21,229
04/07/2003,BET,AK,AAL,WE,Federal Contract Tower,9,11,0,1,21,1,345,10,1,357,10,356,10,2,378,15,0,15,393
04/08/2003,BET,AK,AAL,WE,Federal Contract Tower,10,10,0,0,20,0,284,9,0,293,10,294,9,0,313,53,0,53,366
04/09/2003,BET,AK,AAL,WE,Federal Contract Tower,12,12,0,2,26,1,280,24,0,305,13,292,24,2,331,9,0,9,340
04/10/2003,BET,AK,AAL,WE,Federal Contract Tower,12,8,0,0,20,1,284,24,0,309,13,292,24,0,329,12,0,12,341
04/11/2003,BET,AK,AAL,WE,Federal Contract Tower,10,9,0,1,20,0,344,15,1,360,10,353,15,2,380,2,0,2,382
04/12/2003,BET,AK,AAL,WE,Federal Contract Tower,11,23,0,0,34,0,116,3,0,119,11,139,3,0,153,0,0,0,153
04/13/2003,BET,AK,AAL,WE,Federal Contract Tower,4,46,2,1,53,0,121,4,1,126,4,167,6,2,179,0,0,0,179
04/14/2003,BET,AK,AAL,WE,Federal Contract Tower,8,55,8,0,71,0,98,0,0,98,8,153,8,0,169,2,0,2,171
04/15/2003,BET,AK,AAL,WE,Federal Contract Tower,14,70,1,1,86,0,0,1,0,1,14,70,2,1,87,0,0,0,87
04/16/2003,BET,AK,AAL,WE,Federal Contract Tower,13,56,2,0,71,0,320,13,0,333,13,376,15,0,404,0,0,0,404
04/17/2003,BET,AK,AAL,WE,Federal Contract Tower,8,6,1,0,15,1,336,24,0,361,9,342,25,0,376,14,0,14,390
04/18/2003,BET,AK,AAL,WE,Federal Contract Tower,14,8,0,1,23,0,454,29,1,484,14,462,29,2,507,10,0,10,517
04/19/2003,BET,AK,AAL,WE,Federal Contract Tower,11,9,0,0,20,0,295,11,0,306,11,304,11,0,326,20,0,20,346
04/20/2003,BET,AK,AAL,WE,Federal Contract Tower,4,3,1,0,8,0,109,12,0,121,4,112,13,0,129,0,0,0,129
04/21/2003,BET,AK,AAL,WE,Federal Contract Tower,10,9,0,4,23,0,270,12,4,286,10,279,12,8,309,4,3,7,316
04/22/2003,BET,AK,AAL,WE,Federal Contract Tower,10,12,0,0,22,0,333,14,0,347,10,345,14,0,369,6,0,6,375
04/23/2003,BET,AK,AAL,WE,Federal Contract Tower,13,12,0,0,25,1,239,13,0,253,14,251,13,0,278,0,0,0,278
04/24/2003,BET,AK,AAL,WE,Federal Contract Tower,9,14,0,0,23,0,409,15,0,424,9,423,15,0,447,3,0,3,450
04/25/2003,BET,AK,AAL,WE,Federal Contract Tower,9,48,0,0,57,0,382,20,4,406,9,430,20,4,463,1,0,1,464
04/26/2003,BET,AK,AAL,WE,Federal Contract Tower,13,12,0,0,25,0,327,22,0,349,13,339,22,0,374,10,0,10,384
04/27/2003,BET,AK,AAL,WE,Federal Contract Tower,4,9,2,0,15,0,142,41,0,183,4,151,43,0,198,17,0,17,215
04/28/2003,BET,AK,AAL,WE,Federal Contract Tower,12,58,1,0,71,0,253,20,0,273,12,311,21,0,344,0,0,0,344
04/29/2003,BET,AK,AAL,WE,Federal Contract Tower,10,10,0,0,20,0,333,17,0,350,10,343,17,0,370,13,0,13,383
04/30/2003,BET,AK,AAL,WE,Federal Contract Tower,11,10,0,0,21,0,347,33,0,380,11,357,33,0,401,28,0,28,429
05/01/2003,BET,AK,AAL,WE,Federal Contract Tower,11,14,1,2,28,0,381,36,2,419,11,395,37,4,447,20,0,20,467
05/02/2003,BET,AK,AAL,WE,Federal Contract Tower,15,35,0,1,51,0,318,16,1,335,15,353,16,2,386,4,0,4,390
05/03/2003,BET,AK,AAL,WE,Federal Contract Tower,8,11,0,0,19,0,307,25,2,334,8,318,25,2,353,0,0,0,353
05/04/2003,BET,AK,AAL,WE,Federal Contract Tower,4,46,0,3,53,0,92,7,0,99,4,138,7,3,152,1,0,1,153
05/05/2003,BET,AK,AAL,WE,Federal Contract Tower,12,37,6,4,59,0,240,5,4,249,12,277,11,8,308,10,0,10,318
05/06/2003,BET,AK,AAL,WE,Federal Contract Tower,10,17,2,2,31,0,308,23,0,331,10,325,25,2,362,15,0,15,377
05/07/2003,BET,AK,AAL,WE,Federal Contract Tower,15,39,2,0,56,0,212,5,0,217,15,251,7,0,273,0,0,0,273
05/08/2003,BET,AK,AAL,WE,Federal Contract Tower,12,47,2,0,61,0,246,3,0,249,12,293,5,0,310,0,0,0,310
05/09/2003,BET,AK,AAL,WE,Federal Contract Tower,16,88,2,0,106,0,282,19,0,301,16,370,21,0,407,2,0,2,409
05/10/2003,BET,AK,AAL,WE,Federal Contract Tower,10,14,0,0,24,1,349,19,0,369,11,363,19,0,393,30,0,30,423
05/11/2003,BET,AK,AAL,WE,Federal Contract Tower,4,26,1,0,31,0,134,9,0,143,4,160,10,0,174,12,0,12,186
05/12/2003,BET,AK,AAL,WE,Federal Contract Tower,10,41,0,0,51,1,286,20,0,307,11,327,20,0,358,11,0,11,369
05/13/2003,BET,AK,AAL,WE,Federal Contract Tower,13,63,1,4,81,1,238,16,0,255,14,301,17,4,336,10,0,10,346
05/14/2003,BET,AK,AAL,WE,Federal Contract Tower,14,10,0,0,24,0,413,29,0,442,14,423,29,0,466,17,0,17,483
05/15/2003,BET,AK,AAL,WE,Federal Contract Tower,12,10,0,0,22,0,405,26,0,431,12,415,26,0,453,19,0,19,472
05/16/2003,BET,AK,AAL,WE,Federal Contract Tower,14,7,0,0,21,1,398,48,0,447,15,405,48,0,468,6,0,6,474
05/17/2003,BET,AK,AAL,WE,Federal Contract Tower,14,7,0,0,21,0,312,39,1,352,14,319,39,1,373,42,4,46,419
05/18/2003,BET,AK,AAL,WE,Federal Contract Tower,6,4,1,0,11,0,182,34,0,216,6,186,35,0,227,33,0,33,260
05/19/2003,BET,AK,AAL,WE,Federal Contract Tower,8,7,0,0,15,0,311,23,1,335,8,318,23,1,350,19,0,19,369
05/20/2003,BET,AK,AAL,WE,Federal Contract Tower,15,9,0,0,24,0,285,27,0,312,15,294,27,0,336,13,0,13,349
05/21/2003,BET,AK,AAL,WE,Federal Contract Tower,13,8,0,2,23,0,347,29,0,376,13,355,29,2,399,6,0,6,405
05/22/2003,BET,AK,AAL,WE,Federal Contract Tower,11,46,3,2,62,0,290,10,0,300,11,336,13,2,362,8,0,8,370
05/23/2003,BET,AK,AAL,WE,Federal Contract Tower,16,8,1,2,27,1,437,20,2,460,17,445,21,4,487,7,0,7,494
05/24/2003,BET,AK,AAL,WE,Federal Contract Tower,11,11,0,0,22,0,290,32,0,322,11,301,32,0,344,0,0,0,344
05/25/2003,BET,AK,AAL,WE,Federal Contract Tower,4,6,1,0,11,0,120,21,0,141,4,126,22,0,152,4,0,4,156
05/26/2003,BET,AK,AAL,WE,Federal Contract Tower,8,10,0,0,18,0,146,19,0,165,8,156,19,0,183,4,0,4,187
05/27/2003,BET,AK,AAL,WE,Federal Contract Tower,10,73,0,2,85,0,185,13,0,198,10,258,13,2,283,2,0,2,285
05/28/2003,BET,AK,AAL,WE,Federal Contract Tower,14,6,0,0,20,0,338,46,1,385,14,344,46,1,405,14,0,14,419
05/29/2003,BET,AK,AAL,WE,Federal Contract Tower,9,14,0,1,24,0,324,18,4,346,9,338,18,5,370,8,0,8,378
05/30/2003,BET,AK,AAL,WE,Federal Contract Tower,8,9,0,0,17,1,316,29,0,346,9,325,29,0,363,22,0,22,385
05/31/2003,BET,AK,AAL,WE,Federal Contract Tower,13,11,0,0,24,2,264,27,0,293,15,275,27,0,317,2,0,2,319
06/01/2003,BET,AK,AAL,WE,Federal Contract Tower,4,9,1,0,14,0,156,36,0,192,4,165,37,0,206,14,0,14,220
06/02/2003,BET,AK,AAL,WE,Federal Contract Tower,10,48,1,1,60,0,242,28,1,271,10,290,29,2,331,14,0,14,345
06/03/2003,BET,AK,AAL,WE,Federal Contract Tower,10,10,1,0,21,0,253,20,0,273,10,263,21,0,294,39,0,39,333
06/04/2003,BET,AK,AAL,WE,Federal Contract Tower,11,6,2,0,19,0,273,17,0,290,11,279,19,0,309,16,0,16,325
06/05/2003,BET,AK,AAL,WE,Federal Contract Tower,8,10,0,2,20,0,287,27,0,314,8,297,27,2,334,2,0,2,336
06/06/2003,BET,AK,AAL,WE,Federal Contract Tower,16,9,0,0,25,0,313,18,0,331,16,322,18,0,356,44,0,44,400
06/07/2003,BET,AK,AAL,WE,Federal Contract Tower,13,11,1,0,25,0,265,20,7,292,13,276,21,7,317,26,0,26,343
06/08/2003,BET,AK,AAL,WE,Federal Contract Tower,6,3,1,0,10,0,132,19,3,154,6,135,20,3,164,2,0,2,166
06/09/2003,BET,AK,AAL,WE,Federal Contract Tower,10,17,3,2,32,2,246,14,0,262,12,263,17,2,294,12,2,14,308
06/10/2003,BET,AK,AAL,WE,Federal Contract Tower,12,13,1,0,26,0,266,16,0,282,12,279,17,0,308,1,0,1,309
06/11/2003,BET,AK,AAL,WE,Federal Contract Tower,13,10,0,0,23,0,343,24,0,367,13,353,24,0,390,19,0,19,409
06/12/2003,BET,AK,AAL,WE,Federal Contract Tower,13,42,0,0,55,0,273,17,0,290,13,315,17,0,345,12,0,12,357
06/13/2003,BET,AK,AAL,WE,Federal Contract Tower,19,9,2,0,30,0,389,52,0,441,19,398,54,0,471,18,0,18,489
06/14/2003,BET,AK,AAL,WE,Federal Contract Tower,7,15,0,0,22,0,274,37,0,311,7,289,37,0,333,19,0,19,352
06/15/2003,BET,AK,AAL,WE,Federal Contract Tower,6,4,0,0,10,0,175,21,2,198,6,179,21,2,208,9,0,9,217
06/16/2003,BET,AK,AAL,WE,Federal Contract Tower,9,9,3,0,21,0,256,18,2,276,9,265,21,2,297,10,0,10,307
06/17/2003,BET,AK,AAL,WE,Federal Contract Tower,7,11,1,0,19,3,316,14,0,333,10,327,15,0,352,15,0,15,367
06/18/2003,BET,AK,AAL,WE,Federal Contract Tower,14,11,0,0,25,0,292,21,0,313,14,303,21,0,338,26,0,26,364
06/19/2003,BET,AK,AAL,WE,Federal Contract Tower,10,20,1,0,31,6,317,18,4,345,16,337,19,4,376,32,0,32,408
06/20/2003,BET,AK,AAL,WE,Federal Contract Tower,14,10,3,0,27,0,309,11,0,320,14,319,14,0,347,4,0,4,351
06/21/2003,BET,AK,AAL,WE,Federal Contract Tower,11,7,0,0,18,0,285,31,0,316,11,292,31,0,334,0,0,0,334
06/22/2003,BET,AK,AAL,WE,Federal Contract Tower,6,8,0,0,14,0,124,31,0,155,6,132,31,0,169,14,0,14,183
06/23/2003,BET,AK,AAL,WE,Federal Contract Tower,12,10,1,3,26,0,278,20,0,298,12,288,21,3,324,4,0,4,328
06/24/2003,BET,AK,AAL,WE,Federal Contract Tower,9,12,0,0,21,2,255,33,0,290,11,267,33,0,311,0,0,0,311
06/25/2003,BET,AK,AAL,WE,Federal Contract Tower,15,16,0,0,31,1,317,24,0,342,16,333,24,0,373,6,0,6,379
06/26/2003,BET,AK,AAL,WE,Federal Contract Tower,12,18,1,0,31,0,350,25,0,375,12,368,26,0,406,17,0,17,423
06/27/2003,BET,AK,AAL,WE,Federal Contract Tower,10,6,1,0,17,1,355,26,1,383,11,361,27,1,400,4,0,4,404
06/28/2003,BET,AK,AAL,WE,Federal Contract Tower,12,9,0,0,21,0,252,22,0,274,12,261,22,0,295,14,0,14,309
06/29/2003,BET,AK,AAL,WE,Federal Contract Tower,8,86,10,0,104,0,0,0,0,0,8,86,10,0,104,0,0,0,104
06/30/2003,BET,AK,AAL,WE,Federal Contract Tower,11,157,1,2,171,0,78,5,0,83,11,235,6,2,254,0,0,0,254
07/01/2003,BET,AK,AAL,WE,Federal Contract Tower,15,141,5,0,161,0,1,0,0,1,15,142,5,0,162,0,0,0,162
07/02/2003,BET,AK,AAL,WE,Federal Contract Tower,19,49,1,0,69,0,285,23,0,308,19,334,24,0,377,0,0,0,377
07/03/2003,BET,AK,AAL,WE,Federal Contract Tower,13,132,5,0,150,1,185,23,0,209,14,317,28,0,359,0,0,0,359
07/04/2003,BET,AK,AAL,WE,Federal Contract Tower,10,21,1,0,32,0,38,14,4,56,10,59,15,4,88,0,0,0,88
07/05/2003,BET,AK,AAL,WE,Federal Contract Tower,10,8,0,0,18,3,296,20,0,319,13,304,20,0,337,16,0,16,353
07/06/2003,BET,AK,AAL,WE,Federal Contract Tower,4,8,0,0,12,0,176,28,0,204,4,184,28,0,216,13,0,13,229
07/07/2003,BET,AK,AAL,WE,Federal Contract Tower,6,11,1,2,20,0,353,31,0,384,6,364,32,2,404,22,0,22,426
07/08/2003,BET,AK,AAL,WE,Federal Contract Tower,11,8,0,0,19,0,290,17,0,307,11,298,17,0,326,16,0,16,342
07/09/2003,BET,AK,AAL,WE,Federal Contract Tower,15,86,6,1,108,0,173,12,1,186,15,259,18,2,294,22,0,22,316
07/10/2003,BET,AK,AAL,WE,Federal Contract Tower,13,36,0,0,49,3,290,21,0,314,16,326,21,0,363,10,0,10,373
07/11/2003,BET,AK,AAL,WE,Federal Contract Tower,16,21,0,2,39,0,320,17,0,337,16,341,17,2,376,19,0,19,395
07/12/2003,BET,AK,AAL,WE,Federal Contract Tower,9,31,0,0,40,3,245,15,0,263,12,276,15,0,303,4,0,4,307
07/13/2003,BET,AK,AAL,WE,Federal Contract Tower,6,4,1,0,11,0,178,33,0,211,6,182,34,0,222,16,0,16,238
07/14/2003,BET,AK,AAL,WE,Federal Contract Tower,12,12,0,0,24,0,264,34,0,298,12,276,34,0,322,16,0,16,338
07/15/2003,BET,AK,AAL,WE,Federal Contract Tower,8,12,1,0,21,0,299,21,3,323,8,311,22,3,344,16,0,16,360
07/16/2003,BET,AK,AAL,WE,Federal Contract Tower,14,15,0,0,29,1,350,18,0,369,15,365,18,0,398,23,0,23,421
07/17/2003,BET,AK,AAL,WE,Federal Contract Tower,11,11,0,0,22,3,286,22,0,311,14,297,22,0,333,24,0,24,357
07/18/2003,BET,AK,AAL,WE,Federal Contract Tower,11,14,1,0,26,3,417,25,0,445,14,431,26,0,471,8,0,8,479
07/19/2003,BET,AK,AAL,WE,Federal Contract Tower,20,9,0,0,29,0,282,20,0,302,20,291,20,0,331,0,0,0,331
07/20/2003,BET,AK,AAL,WE,Federal Contract Tower,6,6,0,0,12,0,143,26,0,169,6,149,26,0,181,28,0,28,209
07/21/2003,BET,AK,AAL,WE,Federal Contract Tower,10,128,1,0,139,0,128,10,0,138,10,256,11,0,277,4,0,4,281
07/22/2003,BET,AK,AAL,WE,Federal Contract Tower,10,12,1,0,23,0,300,26,2,328,10,312,27,2,351,2,0,2,353
07/23/2003,BET,AK,AAL,WE,Federal Contract Tower,14,100,1,3,118,0,167,11,1,179,14,267,12,4,297,6,0,6,303
07/24/2003,BET,AK,AAL,WE,Federal Contract Tower,7,22,0,0,29,6,289,18,0,313,13,311,18,0,342,9,0,9,351
07/25/2003,BET,AK,AAL,WE,Federal Contract Tower,15,13,3,1,32,2,389,16,0,407,17,402,19,1,439,0,10,10,449
07/26/2003,BET,AK,AAL,WE,Federal Contract Tower,8,7,0,0,15,0,251,9,2,262,8,258,9,2,277,4,0,4,281
07/27/2003,BET,AK,AAL,WE,Federal Contract Tower,5,13,2,0,20,2,98,10,0,110,7,111,12,0,130,0,0,0,130
07/28/2003,BET,AK,AAL,WE,Federal Contract Tower,13,71,1,2,87,0,208,18,0,226,13,279,19,2,313,0,0,0,313
07/29/2003,BET,AK,AAL,WE,Federal Contract Tower,9,13,0,0,22,0,299,20,0,319,9,312,20,0,341,8,0,8,349
07/30/2003,BET,AK,AAL,WE,Federal Contract Tower,19,29,2,0,50,2,245,9,0,256,21,274,11,0,306,0,0,0,306
07/31/2003,BET,AK,AAL,WE,Federal Contract Tower,11,60,2,0,73,0,314,26,0,340,11,374,28,0,413,0,0,0,413
08/01/2003,BET,AK,AAL,WE,Federal Contract Tower,14,20,3,0,37,1,400,15,2,418,15,420,18,2,455,28,0,28,483
08/02/2003,BET,AK,AAL,WE,Federal Contract Tower,11,36,0,0,47,0,222,34,2,258,11,258,34,2,305,0,0,0,305
08/03/2003,BET,AK,AAL,WE,Federal Contract Tower,7,7,0,0,14,1,137,23,2,163,8,144,23,2,177,1,0,1,178
08/04/2003,BET,AK,AAL,WE,Federal Contract Tower,10,12,0,0,22,3,340,39,0,382,13,352,39,0,404,15,0,15,419
08/05/2003,BET,AK,AAL,WE,Federal Contract Tower,11,12,0,0,23,0,253,22,0,275,11,265,22,0,298,15,0,15,313
08/06/2003,BET,AK,AAL,WE,Federal Contract Tower,14,97,1,0,112,1,239,22,0,262,15,336,23,0,374,4,0,4,378
08/07/2003,BET,AK,AAL,WE,Federal Contract Tower,8,30,1,0,39,1,298,26,0,325,9,328,27,0,364,36,0,36,400
08/08/2003,BET,AK,AAL,WE,Federal Contract Tower,15,8,0,0,23,1,365,22,0,388,16,373,22,0,411,2,0,2,413
08/09/2003,BET,AK,AAL,WE,Federal Contract Tower,13,11,0,0,24,2,269,33,0,304,15,280,33,0,328,7,0,7,335
08/10/2003,BET,AK,AAL,WE,Federal Contract Tower,3,8,0,0,11,1,124,14,0,139,4,132,14,0,150,0,0,0,150
08/11/2003,BET,AK,AAL,WE,Federal Contract Tower,9,46,0,0,55,2,228,21,0,251,11,274,21,0,306,2,0,2,308
08/12/2003,BET,AK,AAL,WE,Federal Contract Tower,11,32,0,0,43,1,246,5,0,252,12,278,5,0,295,4,0,4,299
08/13/2003,BET,AK,AAL,WE,Federal Contract Tower,14,35,0,0,49,1,221,5,0,227,15,256,5,0,276,0,0,0,276
08/14/2003,BET,AK,AAL,WE,Federal Contract Tower,14,75,1,0,90,0,294,13,0,307,14,369,14,0,397,0,0,0,397
08/15/2003,BET,AK,AAL,WE,Federal Contract Tower,20,16,0,0,36,5,454,17,0,476,25,470,17,0,512,4,0,4,516
08/16/2003,BET,AK,AAL,WE,Federal Contract Tower,15,39,0,0,54,0,308,21,1,330,15,347,21,1,384,14,1,15,399
08/17/2003,BET,AK,AAL,WE,Federal Contract Tower,6,10,0,0,16,0,250,23,0,273,6,260,23,0,289,43,0,43,332
08/18/2003,BET,AK,AAL,WE,Federal Contract Tower,8,15,0,2,25,0,312,24,0,336,8,327,24,2,361,26,0,26,387
08/19/2003,BET,AK,AAL,WE,Federal Contract Tower,14,11,0,2,27,0,345,23,2,370,14,356,23,4,397,4,0,4,401
08/20/2003,BET,AK,AAL,WE,Federal Contract Tower,17,10,0,0,27,1,398,35,0,434,18,408,35,0,461,0,0,0,461
08/21/2003,BET,AK,AAL,WE,Federal Contract Tower,11,12,0,0,23,0,319,36,0,355,11,331,36,0,378,6,0,6,384
08/22/2003,BET,AK,AAL,WE,Federal Contract Tower,18,10,0,2,30,0,343,24,0,367,18,353,24,2,397,28,0,28,425
08/23/2003,BET,AK,AAL,WE,Federal Contract Tower,13,113,2,0,128,1,138,3,0,142,14,251,5,0,270,2,0,2,272
08/24/2003,BET,AK,AAL,WE,Federal Contract Tower,6,67,2,0,75,0,105,0,0,105,6,172,2,0,180,0,0,0,180
08/25/2003,BET,AK,AAL,WE,Federal Contract Tower,8,93,3,2,106,1,135,12,0,148,9,228,15,2,254,4,0,4,258
08/26/2003,BET,AK,AAL,WE,Federal Contract Tower,14,12,0,2,28,0,267,23,0,290,14,279,23,2,318,28,0,28,346
08/27/2003,BET,AK,AAL,WE,Federal Contract Tower,22,28,2,2,54,0,222,19,0,241,22,250,21,2,295,7,0,7,302
08/28/2003,BET,AK,AAL,WE,Federal Contract Tower,13,13,0,2,28,0,397,34,0,431,13,410,34,2,459,20,0,20,479
08/29/2003,BET,AK,AAL,WE,Federal Contract Tower,15,14,2,1,32,2,388,43,0,433,17,402,45,1,465,49,0,49,514
08/30/2003,BET,AK,AAL,WE,Federal Contract Tower,13,58,0,0,71,0,266,18,0,284,13,324,18,0,355,6,0,6,361
08/31/2003,BET,AK,AAL,WE,Federal Contract Tower,6,6,0,0,12,0,136,40,0,176,6,142,40,0,188,10,0,10,198
09/01/2003,BET,AK,AAL,WE,Federal Contract Tower,6,31,2,0,39,0,109,28,0,137,6,140,30,0,176,0,0,0,176
09/02/2003,BET,AK,AAL,WE,Federal Contract Tower,10,25,0,0,35,3,309,27,0,339,13,334,27,0,374,4,0,4,378
09/03/2003,BET,AK,AAL,WE,Federal Contract Tower,17,20,0,0,37,1,331,35,0,367,18,351,35,0,404,24,0,24,428
09/04/2003,BET,AK,AAL,WE,Federal Contract Tower,9,15,0,0,24,0,318,24,0,342,9,333,24,0,366,0,0,0,366
09/05/2003,BET,AK,AAL,WE,Federal Contract Tower,17,32,0,0,49,1,398,25,0,424,18,430,25,0,473,2,0,2,475
09/06/2003,BET,AK,AAL,WE,Federal Contract Tower,12,11,0,0,23,0,320,17,0,337,12,331,17,0,360,7,0,7,367
09/07/2003,BET,AK,AAL,WE,Federal Contract Tower,6,11,0,0,17,0,142,13,0,155,6,153,13,0,172,16,0,16,188
09/08/2003,BET,AK,AAL,WE,Federal Contract Tower,7,8,0,0,15,1,273,25,0,299,8,281,25,0,314,13,0,13,327
09/09/2003,BET,AK,AAL,WE,Federal Contract Tower,11,10,0,1,22,0,287,35,4,326,11,297,35,5,348,13,0,13,361
09/10/2003,BET,AK,AAL,WE,Federal Contract Tower,18,7,0,0,25,0,369,38,0,407,18,376,38,0,432,0,0,0,432
09/11/2003,BET,AK,AAL,WE,Federal Contract Tower,14,68,1,0,83,0,197,11,0,208,14,265,12,0,291,2,0,2,293
09/12/2003,BET,AK,AAL,WE,Federal Contract Tower,17,15,0,0,32,0,395,19,0,414,17,410,19,0,446,0,0,0,446
09/13/2003,BET,AK,AAL,WE,Federal Contract Tower,9,126,0,0,135,0,113,7,0,120,9,239,7,0,255,2,0,2,257
09/14/2003,BET,AK,AAL,WE,Federal Contract Tower,6,2,0,0,8,0,138,41,0,179,6,140,41,0,187,6,0,6,193
09/15/2003,BET,AK,AAL,WE,Federal Contract Tower,10,9,0,0,19,0,298,20,2,320,10,307,20,2,339,8,0,8,347
09/16/2003,BET,AK,AAL,WE,Federal Contract Tower,8,10,0,0,18,1,272,23,0,296,9,282,23,0,314,0,0,0,314
09/17/2003,BET,AK,AAL,WE,Federal Contract Tower,11,4,0,0,15,0,357,24,0,381,11,361,24,0,396,4,5,9,405
09/18/2003,BET,AK,AAL,WE,Federal Contract Tower,9,12,0,0,21,0,367,20,0,387,9,379,20,0,408,5,0,5,413
09/19/2003,BET,AK,AAL,WE,Federal Contract Tower,15,7,0,2,24,2,432,22,0,456,17,439,22,2,480,17,0,17,497
09/20/2003,BET,AK,AAL,WE,Federal Contract Tower,9,9,0,0,18,0,316,13,0,329,9,325,13,0,347,6,0,6,353
09/21/2003,BET,AK,AAL,WE,Federal Contract Tower,6,4,0,2,12,0,160,31,0,191,6,164,31,2,203,14,0,14,217
09/22/2003,BET,AK,AAL,WE,Federal Contract Tower,10,8,0,0,18,0,281,25,0,306,10,289,25,0,324,0,0,0,324
09/23/2003,BET,AK,AAL,WE,Federal Contract Tower,10,10,1,0,21,0,289,22,0,311,10,299,23,0,332,8,0,8,340
09/24/2003,BET,AK,AAL,WE,Federal Contract Tower,13,15,0,0,28,0,277,21,0,298,13,292,21,0,326,24,0,24,350
09/25/2003,BET,AK,AAL,WE,Federal Contract Tower,11,10,0,0,21,1,303,22,0,326,12,313,22,0,347,52,0,52,399
09/26/2003,BET,AK,AAL,WE,Federal Contract Tower,15,8,0,0,23,0,372,15,0,387,15,380,15,0,410,34,0,34,444
09/27/2003,BET,AK,AAL,WE,Federal Contract Tower,10,11,0,0,21,0,303,14,0,317,10,314,14,0,338,0,0,0,338
09/28/2003,BET,AK,AAL,WE,Federal Contract Tower,6,5,0,0,11,0,158,4,0,162,6,163,4,0,173,0,0,0,173
09/29/2003,BET,AK,AAL,WE,Federal Contract Tower,12,12,0,0,24,0,324,20,0,344,12,336,20,0,368,14,0,14,382
09/30/2003,BET,AK,AAL,WE,Federal Contract Tower,8,12,0,0,20,0,308,10,0,318,8,320,10,0,338,35,0,35,373
10/01/2003,BET,AK,AAL,WE,Federal Contract Tower,8,20,0,0,28,9,267,17,4,297,17,287,17,4,325,14,0,14,339
10/02/2003,BET,AK,AAL,WE,Federal Contract Tower,9,121,0,0,130,0,129,4,0,133,9,250,4,0,263,6,0,6,269
10/03/2003,BET,AK,AAL,WE,Federal Contract Tower,16,99,0,0,115,0,41,0,0,41,16,140,0,0,156,0,0,0,156
10/04/2003,BET,AK,AAL,WE,Federal Contract Tower,11,49,1,0,61,0,159,8,0,167,11,208,9,0,228,0,0,0,228
10/05/2003,BET,AK,AAL,WE,Federal Contract Tower,4,10,1,0,15,2,188,19,0,209,6,198,20,0,224,25,0,25,249
10/06/2003,BET,AK,AAL,WE,Federal Contract Tower,7,19,1,0,27,5,361,14,0,380,12,380,15,0,407,28,0,28,435
10/07/2003,BET,AK,AAL,WE,Federal Contract Tower,13,143,1,0,157,0,100,5,0,105,13,243,6,0,262,18,0,18,280
10/08/2003,BET,AK,AAL,WE,Federal Contract Tower,8,23,1,0,32,8,431,19,0,458,16,454,20,0,490,22,0,22,512
10/09/2003,BET,AK,AAL,WE,Federal Contract Tower,4,13,1,0,18,5,399,20,1,425,9,412,21,1,443,35,0,35,478
10/10/2003,BET,AK,AAL,WE,Federal Contract Tower,8,23,0,1,32,6,362,16,1,385,14,385,16,2,417,44,0,44,461
10/11/2003,BET,AK,AAL,WE,Federal Contract Tower,4,11,0,0,15,5,354,5,0,364,9,365,5,0,379,23,0,23,402
10/12/2003,BET,AK,AAL,WE,Federal Contract Tower,2,7,0,0,9,4,201,7,0,212,6,208,7,0,221,0,0,0,221
10/13/2003,BET,AK,AAL,WE,Federal Contract Tower,4,12,0,0,16,4,252,16,0,272,8,264,16,0,288,6,0,6,294
10/14/2003,BET,AK,AAL,WE,Federal Contract Tower,4,13,0,1,18,4,300,6,1,311,8,313,6,2,329,29,0,29,358
10/15/2003,BET,AK,AAL,WE,Federal Contract Tower,9,25,0,0,34,10,341,24,0,375,19,366,24,0,409,28,0,28,437
10/16/2003,BET,AK,AAL,WE,Federal Contract Tower,8,49,0,1,58,0,272,2,1,275,8,321,2,2,333,16,0,16,349
10/17/2003,BET,AK,AAL,WE,Federal Contract Tower,7,21,0,0,28,8,422,5,0,435,15,443,5,0,463,20,0,20,483
10/18/2003,BET,AK,AAL,WE,Federal Contract Tower,5,16,0,0,21,5,371,0,0,376,10,387,0,0,397,22,0,22,419
10/19/2003,BET,AK,AAL,WE,Federal Contract Tower,3,11,0,0,14,3,168,3,0,174,6,179,3,0,188,0,0,0,188
10/20/2003,BET,AK,AAL,WE,Federal Contract Tower,5,17,0,0,22,5,377,15,0,397,10,394,15,0,419,0,0,0,419
10/21/2003,BET,AK,AAL,WE,Federal Contract Tower,5,15,0,0,20,8,362,13,0,383,13,377,13,0,403,24,0,24,427
10/22/2003,BET,AK,AAL,WE,Federal Contract Tower,8,23,0,0,31,6,408,18,2,434,14,431,18,2,465,33,5,38,503
10/23/2003,BET,AK,AAL,WE,Federal Contract Tower,6,18,0,0,24,5,465,7,1,478,11,483,7,1,502,19,1,20,522
10/24/2003,BET,AK,AAL,WE,Federal Contract Tower,7,20,0,0,27,9,551,4,0,564,16,571,4,0,591,19,0,19,610
10/25/2003,BET,AK,AAL,WE,Federal Contract Tower,8,25,0,0,33,6,494,11,0,511,14,519,11,0,544,11,0,11,555
10/26/2003,BET,AK,AAL,WE,Federal Contract Tower,4,14,0,0,18,2,252,4,0,258,6,266,4,0,276,0,0,0,276
10/27/2003,BET,AK,AAL,WE,Federal Contract Tower,8,24,0,0,32,2,527,17,0,546,10,551,17,0,578,16,0,16,594
10/28/2003,BET,AK,AAL,WE,Federal Contract Tower,11,118,0,0,129,0,311,10,0,321,11,429,10,0,450,0,0,0,450
10/29/2003,BET,AK,AAL,WE,Federal Contract Tower,6,18,0,0,24,9,466,10,0,485,15,484,10,0,509,10,0,10,519
10/30/2003,BET,AK,AAL,WE,Federal Contract Tower,7,22,0,0,29,5,121,0,2,128,12,143,0,2,157,1,0,1,158
10/31/2003,BET,AK,AAL,WE,Federal Contract Tower,10,28,0,0,38,4,587,3,5,599,14,615,3,5,637,6,0,6,643
11/01/2003,BET,AK,AAL,WE,Federal Contract Tower,9,42,0,0,51,0,134,2,0,136,9,176,2,0,187,7,0,7,194
11/02/2003,BET,AK,AAL,WE,Federal Contract Tower,3,12,0,0,15,0,218,6,6,230,3,230,6,6,245,0,0,0,245
11/03/2003,BET,AK,AAL,WE,Federal Contract Tower,8,26,0,0,34,0,374,6,0,380,8,400,6,0,414,0,0,0,414
11/04/2003,BET,AK,AAL,WE,Federal Contract Tower,9,33,0,0,42,0,208,9,0,217,9,241,9,0,259,6,0,6,265
11/05/2003,BET,AK,AAL,WE,Federal Contract Tower,11,27,1,0,39,4,331,10,0,345,15,358,11,0,384,19,0,19,403
11/06/2003,BET,AK,AAL,WE,Federal Contract Tower,7,26,1,0,34,0,422,5,0,427,7,448,6,0,461,12,0,12,473
11/07/2003,BET,AK,AAL,WE,Federal Contract Tower,15,49,1,0,65,0,224,3,0,227,15,273,4,0,292,6,0,6,298
11/08/2003,BET,AK,AAL,WE,Federal Contract Tower,5,11,1,0,17,3,349,2,0,354,8,360,3,0,371,0,0,0,371
11/09/2003,BET,AK,AAL,WE,Federal Contract Tower,2,28,1,0,31,0,146,6,0,152,2,174,7,0,183,4,0,4,187
11/10/2003,BET,AK,AAL,WE,Federal Contract Tower,11,41,1,0,53,0,243,8,0,251,11,284,9,0,304,4,0,4,308
11/11/2003,BET,AK,AAL,WE,Federal Contract Tower,5,13,1,0,19,7,360,17,0,384,12,373,18,0,403,15,0,15,418
11/12/2003,BET,AK,AAL,WE,Federal Contract Tower,6,16,1,0,23,10,441,11,0,462,16,457,12,0,485,19,0,19,504
11/13/2003,BET,AK,AAL,WE,Federal Contract Tower,5,14,0,0,19,4,535,13,0,552,9,549,13,0,571,14,0,14,585
11/14/2003,BET,AK,AAL,WE,Federal Contract Tower,8,29,0,0,37,0,5,0,0,5,8,34,0,0,42,0,0,0,42
11/15/2003,BET,AK,AAL,WE,Federal Contract Tower,6,15,0,0,21,8,567,5,0,580,14,582,5,0,601,6,0,6,607
11/16/2003,BET,AK,AAL,WE,Federal Contract Tower,3,11,0,0,14,0,238,1,0,239,3,249,1,0,253,0,0,0,253
11/17/2003,BET,AK,AAL,WE,Federal Contract Tower,6,17,0,0,23,5,443,21,0,469,11,460,21,0,492,9,0,9,501
11/18/2003,BET,AK,AAL,WE,Federal Contract Tower,9,22,0,0,31,3,189,3,0,195,12,211,3,0,226,0,0,0,226
11/19/2003,BET,AK,AAL,WE,Federal Contract Tower,10,38,0,0,48,0,3,2,0,5,10,41,2,0,53,0,0,0,53
11/20/2003,BET,AK,AAL,WE,Federal Contract Tower,11,28,0,0,39,0,201,3,0,204,11,229,3,0,243,0,0,0,243
11/21/2003,BET,AK,AAL,WE,Federal Contract Tower,9,23,0,0,32,2,523,1,0,526,11,546,1,0,558,0,0,0,558
11/22/2003,BET,AK,AAL,WE,Federal Contract Tower,8,22,0,0,30,2,421,0,0,423,10,443,0,0,453,0,0,0,453
11/23/2003,BET,AK,AAL,WE,Federal Contract Tower,6,24,0,0,30,0,129,0,0,129,6,153,0,0,159,0,0,0,159
11/24/2003,BET,AK,AAL,WE,Federal Contract Tower,7,19,0,0,26,2,406,0,0,408,9,425,0,0,434,0,0,0,434
11/25/2003,BET,AK,AAL,WE,Federal Contract Tower,7,19,0,0,26,3,405,9,1,418,10,424,9,1,444,6,13,19,463
11/26/2003,BET,AK,AAL,WE,Federal Contract Tower,7,17,0,0,24,7,511,24,2,544,14,528,24,2,568,18,0,18,586
11/27/2003,BET,AK,AAL,WE,Federal Contract Tower,0,0,0,0,0,0,5,0,0,5,0,5,0,0,5,0,0,0,5
11/28/2003,BET,AK,AAL,WE,Federal Contract Tower,10,24,0,0,34,6,322,8,0,336,16,346,8,0,370,2,0,2,372
11/29/2003,BET,AK,AAL,WE,Federal Contract Tower,11,30,0,0,41,0,157,4,0,161,11,187,4,0,202,13,0,13,215
11/30/2003,BET,AK,AAL,WE,Federal Contract Tower,3,8,0,0,11,0,235,0,0,235,3,243,0,0,246,6,0,6,252
12/01/2003,BET,AK,AAL,WE,Federal Contract Tower,4,19,1,0,24,5,402,6,0,413,9,421,7,0,437,6,0,6,443
12/02/2003,BET,AK,AAL,WE,Federal Contract Tower,6,21,0,0,27,5,238,0,2,245,11,259,0,2,272,14,0,14,286
12/03/2003,BET,AK,AAL,WE,Federal Contract Tower,11,33,1,0,45,0,190,5,8,203,11,223,6,8,248,0,0,0,248
12/04/2003,BET,AK,AAL,WE,Federal Contract Tower,5,18,1,0,24,5,501,2,2,510,10,519,3,2,534,8,0,8,542
12/05/2003,BET,AK,AAL,WE,Federal Contract Tower,7,23,1,0,31,5,451,3,2,461,12,474,4,2,492,13,0,13,505
12/06/2003,BET,AK,AAL,WE,Federal Contract Tower,6,19,1,0,26,8,356,3,1,368,14,375,4,1,394,7,0,7,401
12/07/2003,BET,AK,AAL,WE,Federal Contract Tower,3,41,0,0,44,0,25,0,0,25,3,66,0,0,69,0,0,0,69
12/08/2003,BET,AK,AAL,WE,Federal Contract Tower,6,18,1,0,25,4,348,6,19,377,10,366,7,19,402,16,10,26,428
12/09/2003,BET,AK,AAL,WE,Federal Contract Tower,8,27,0,0,35,2,223,5,0,230,10,250,5,0,265,2,0,2,267
12/10/2003,BET,AK,AAL,WE,Federal Contract Tower,6,20,0,0,26,10,355,18,0,383,16,375,18,0,409,2,0,2,411
12/11/2003,BET,AK,AAL,WE,Federal Contract Tower,6,66,0,0,72,0,15,0,0,15,6,81,0,0,87,0,0,0,87
12/12/2003,BET,AK,AAL,WE,Federal Contract Tower,8,26,0,0,34,1,9,0,0,10,9,35,0,0,44,2,0,2,46
12/13/2003,BET,AK,AAL,WE,Federal Contract Tower,8,26,0,0,34,2,262,2,0,266,10,288,2,0,300,0,0,0,300
12/14/2003,BET,AK,AAL,WE,Federal Contract Tower,2,8,0,0,10,3,186,1,0,190,5,194,1,0,200,0,0,0,200
12/15/2003,BET,AK,AAL,WE,Federal Contract Tower,5,17,0,0,22,4,316,5,0,325,9,333,5,0,347,0,0,0,347
12/16/2003,BET,AK,AAL,WE,Federal Contract Tower,5,15,0,0,20,3,315,3,0,321,8,330,3,0,341,0,0,0,341
12/17/2003,BET,AK,AAL,WE,Federal Contract Tower,8,24,0,1,33,6,359,0,1,366,14,383,0,2,399,0,0,0,399
12/18/2003,BET,AK,AAL,WE,Federal Contract Tower,5,17,0,0,22,3,304,0,6,313,8,321,0,6,335,0,0,0,335
12/19/2003,BET,AK,AAL,WE,Federal Contract Tower,12,70,0,0,82,0,52,3,0,55,12,122,3,0,137,0,0,0,137
12/20/2003,BET,AK,AAL,WE,Federal Contract Tower,9,44,0,0,53,0,308,1,0,309,9,352,1,0,362,0,0,0,362
12/21/2003,BET,AK,AAL,WE,Federal Contract Tower,2,37,0,0,39,0,34,0,0,34,2,71,0,0,73,0,0,0,73
12/22/2003,BET,AK,AAL,WE,Federal Contract Tower,4,18,0,0,22,0,330,13,0,343,4,348,13,0,365,0,0,0,365
12/23/2003,BET,AK,AAL,WE,Federal Contract Tower,6,19,0,0,25,4,319,4,0,327,10,338,4,0,352,2,0,2,354
12/24/2003,BET,AK,AAL,WE,Federal Contract Tower,10,102,0,0,112,0,23,0,0,23,10,125,0,0,135,0,0,0,135
12/25/2003,BET,AK,AAL,WE,Federal Contract Tower,0,0,0,0,0,0,19,1,0,20,0,19,1,0,20,0,0,0,20
12/26/2003,BET,AK,AAL,WE,Federal Contract Tower,3,13,0,0,16,6,233,2,0,241,9,246,2,0,257,0,0,0,257
12/27/2003,BET,AK,AAL,WE,Federal Contract Tower,6,21,0,0,27,3,29,0,0,32,9,50,0,0,59,0,0,0,59
12/28/2003,BET,AK,AAL,WE,Federal Contract Tower,3,10,0,0,13,0,106,0,0,106,3,116,0,0,119,0,0,0,119
12/29/2003,BET,AK,AAL,WE,Federal Contract Tower,5,27,0,0,32,0,142,4,0,146,5,169,4,0,178,0,0,0,178
12/30/2003,BET,AK,AAL,WE,Federal Contract Tower,8,28,0,0,36,0,181,0,0,181,8,209,0,0,217,0,0,0,217
12/31/2003,BET,AK,AAL,WE,Federal Contract Tower,7,31,0,0,38,0,139,8,0,147,7,170,8,0,185,2,0,2,187
01/01/2004,BET,AK,AAL,WE,Federal Contract Tower,0,0,1,0,1,1,1,1,0,3,1,1,2,0,4,8,0,8,12
01/02/2004,BET,AK,AAL,WE,Federal Contract Tower,14,25,0,0,39,0,13,0,0,13,14,38,0,0,52,0,0,0,52
01/03/2004,BET,AK,AAL,WE,Federal Contract Tower,8,9,0,0,17,0,308,0,0,308,8,317,0,0,325,0,0,0,325
01/04/2004,BET,AK,AAL,WE,Federal Contract Tower,4,3,0,0,7,0,123,0,0,123,4,126,0,0,130,4,0,4,134
01/05/2004,BET,AK,AAL,WE,Federal Contract Tower,6,10,1,0,17,2,218,3,0,223,8,228,4,0,240,0,0,0,240
01/06/2004,BET,AK,AAL,WE,Federal Contract Tower,5,8,1,0,14,5,151,8,0,164,10,159,9,0,178,0,0,0,178
01/07/2004,BET,AK,AAL,WE,Federal Contract Tower,9,13,0,0,22,3,104,2,0,109,12,117,2,0,131,6,0,6,137
01/08/2004,BET,AK,AAL,WE,Federal Contract Tower,8,12,0,0,20,0,215,5,0,220,8,227,5,0,240,10,0,10,250
01/09/2004,BET,AK,AAL,WE,Federal Contract Tower,7,11,0,0,18,2,219,1,0,222,9,230,1,0,240,26,0,26,266
01/10/2004,BET,AK,AAL,WE,Federal Contract Tower,7,17,0,1,25,0,185,5,0,190,7,202,5,1,215,0,0,0,215
01/11/2004,BET,AK,AAL,WE,Federal Contract Tower,4,7,0,0,11,0,121,2,0,123,4,128,2,0,134,0,0,0,134
01/12/2004,BET,AK,AAL,WE,Federal Contract Tower,5,11,0,0,16,0,213,11,0,224,5,224,11,0,240,2,0,2,242
01/13/2004,BET,AK,AAL,WE,Federal Contract Tower,6,11,0,0,17,5,233,6,0,244,11,244,6,0,261,8,0,8,269
01/14/2004,BET,AK,AAL,WE,Federal Contract Tower,8,12,0,0,20,3,238,2,0,243,11,250,2,0,263,8,0,8,271
01/15/2004,BET,AK,AAL,WE,Federal Contract Tower,7,22,0,0,29,0,203,8,0,211,7,225,8,0,240,12,0,12,252
01/16/2004,BET,AK,AAL,WE,Federal Contract Tower,10,15,0,0,25,3,288,6,1,298,13,303,6,1,323,13,0,13,336
01/17/2004,BET,AK,AAL,WE,Federal Contract Tower,7,23,0,0,30,0,191,2,0,193,7,214,2,0,223,0,0,0,223
01/18/2004,BET,AK,AAL,WE,Federal Contract Tower,4,8,0,0,12,4,92,0,0,96,8,100,0,0,108,0,0,0,108
01/19/2004,BET,AK,AAL,WE,Federal Contract Tower,10,18,0,0,28,0,53,0,0,53,10,71,0,0,81,0,0,0,81
01/20/2004,BET,AK,AAL,WE,Federal Contract Tower,10,17,0,0,27,5,248,3,0,256,15,265,3,0,283,0,0,0,283
01/21/2004,BET,AK,AAL,WE,Federal Contract Tower,11,24,0,0,35,0,138,1,0,139,11,162,1,0,174,16,0,16,190
01/22/2004,BET,AK,AAL,WE,Federal Contract Tower,7,23,0,0,30,0,218,2,0,220,7,241,2,0,250,0,0,0,250
01/23/2004,BET,AK,AAL,WE,Federal Contract Tower,8,12,0,0,20,4,240,11,0,255,12,252,11,0,275,2,0,2,277
01/24/2004,BET,AK,AAL,WE,Federal Contract Tower,10,17,0,0,27,4,162,3,2,171,14,179,3,2,198,5,0,5,203
01/25/2004,BET,AK,AAL,WE,Federal Contract Tower,2,5,0,0,7,3,162,9,0,174,5,167,9,0,181,2,0,2,183
01/26/2004,BET,AK,AAL,WE,Federal Contract Tower,6,9,0,0,15,3,141,4,0,148,9,150,4,0,163,7,0,7,170
01/27/2004,BET,AK,AAL,WE,Federal Contract Tower,10,17,0,0,27,2,198,1,0,201,12,215,1,0,228,10,0,10,238
01/28/2004,BET,AK,AAL,WE,Federal Contract Tower,8,12,0,0,20,3,277,6,0,286,11,289,6,0,306,2,0,2,308
01/29/2004,BET,AK,AAL,WE,Federal Contract Tower,8,14,0,0,22,1,266,4,4,275,9,280,4,4,297,4,0,4,301
01/30/2004,BET,AK,AAL,WE,Federal Contract Tower,5,9,0,0,14,5,245,5,0,255,10,254,5,0,269,9,0,9,278
01/31/2004,BET,AK,AAL,WE,Federal Contract Tower,9,21,0,0,30,0,135,1,0,136,9,156,1,0,166,5,0,5,171
02/01/2004,BET,AK,AAL,WE,Federal Contract Tower,2,9,1,0,12,1,105,2,0,108,3,114,3,0,120,0,0,0,120
02/02/2004,BET,AK,AAL,WE,Federal Contract Tower,10,125,3,0,138,0,88,3,0,91,10,213,6,0,229,0,0,0,229
02/03/2004,BET,AK,AAL,WE,Federal Contract Tower,10,37,0,0,47,0,27,0,0,27,10,64,0,0,74,0,0,0,74
02/04/2004,BET,AK,AAL,WE,Federal Contract Tower,9,30,0,0,39,0,30,0,0,30,9,60,0,0,69,0,0,0,69
02/05/2004,BET,AK,AAL,WE,Federal Contract Tower,7,19,1,0,27,3,268,3,1,275,10,287,4,1,302,7,0,7,309
02/06/2004,BET,AK,AAL,WE,Federal Contract Tower,7,16,1,0,24,8,291,1,2,302,15,307,2,2,326,7,0,7,333
02/07/2004,BET,AK,AAL,WE,Federal Contract Tower,12,62,3,0,77,0,99,3,0,102,12,161,6,0,179,0,0,0,179
02/08/2004,BET,AK,AAL,WE,Federal Contract Tower,3,8,1,0,12,1,55,0,2,58,4,63,1,2,70,22,0,22,92
02/09/2004,BET,AK,AAL,WE,Federal Contract Tower,3,14,0,0,17,0,39,0,1,40,3,53,0,1,57,0,0,0,57
02/10/2004,BET,AK,AAL,WE,Federal Contract Tower,7,20,0,0,27,6,212,2,0,220,13,232,2,0,247,3,0,3,250
02/11/2004,BET,AK,AAL,WE,Federal Contract Tower,6,17,0,1,24,6,266,13,0,285,12,283,13,1,309,16,0,16,325
02/12/2004,BET,AK,AAL,WE,Federal Contract Tower,4,11,0,0,15,6,238,6,0,250,10,249,6,0,265,36,0,36,301
02/13/2004,BET,AK,AAL,WE,Federal Contract Tower,5,15,0,0,20,6,191,3,0,200,11,206,3,0,220,0,0,0,220
02/14/2004,BET,AK,AAL,WE,Federal Contract Tower,3,12,0,0,15,6,267,16,0,289,9,279,16,0,304,11,0,11,315
02/15/2004,BET,AK,AAL,WE,Federal Contract Tower,2,6,0,0,8,2,141,11,0,154,4,147,11,0,162,12,0,12,174
02/16/2004,BET,AK,AAL,WE,Federal Contract Tower,4,14,0,0,18,6,184,16,0,206,10,198,16,0,224,2,0,2,226
02/17/2004,BET,AK,AAL,WE,Federal Contract Tower,4,13,0,0,17,6,225,14,0,245,10,238,14,0,262,0,0,0,262
02/18/2004,BET,AK,AAL,WE,Federal Contract Tower,4,14,0,0,18,7,264,12,2,285,11,278,12,2,303,6,0,6,309
02/19/2004,BET,AK,AAL,WE,Federal Contract Tower,4,13,0,0,17,8,241,10,0,259,12,254,10,0,276,6,0,6,282
02/20/2004,BET,AK,AAL,WE,Federal Contract Tower,12,117,2,0,131,0,206,5,0,211,12,323,7,0,342,0,0,0,342
02/21/2004,BET,AK,AAL,WE,Federal Contract Tower,4,15,0,0,19,6,212,6,0,224,10,227,6,0,243,0,0,0,243
02/22/2004,BET,AK,AAL,WE,Federal Contract Tower,4,20,0,0,24,0,86,2,0,88,4,106,2,0,112,11,0,11,123
02/23/2004,BET,AK,AAL,WE,Federal Contract Tower,8,39,0,0,47,0,95,3,2,100,8,134,3,2,147,0,0,0,147
02/24/2004,BET,AK,AAL,WE,Federal Contract Tower,7,22,0,0,29,6,205,9,2,222,13,227,9,2,251,29,0,29,280
02/25/2004,BET,AK,AAL,WE,Federal Contract Tower,9,61,1,0,71,0,134,3,4,141,9,195,4,4,212,11,0,11,223
02/26/2004,BET,AK,AAL,WE,Federal Contract Tower,14,43,0,0,57,0,0,0,0,0,14,43,0,0,57,0,0,0,57
02/27/2004,BET,AK,AAL,WE,Federal Contract Tower,6,19,0,0,25,4,183,6,3,196,10,202,6,3,221,5,6,11,232
02/28/2004,BET,AK,AAL,WE,Federal Contract Tower,4,15,0,0,19,8,261,18,2,289,12,276,18,2,308,18,0,18,326
02/29/2004,BET,AK,AAL,WE,Federal Contract Tower,3,11,0,0,14,1,144,12,0,157,4,155,12,0,171,0,0,0,171
03/01/2004,BET,AK,AAL,WE,Federal Contract Tower,5,17,1,0,23,7,180,1,0,188,12,197,2,0,211,5,0,5,216
03/02/2004,BET,AK,AAL,WE,Federal Contract Tower,6,19,1,0,26,6,247,17,0,270,12,266,18,0,296,0,0,0,296
03/03/2004,BET,AK,AAL,WE,Federal Contract Tower,8,41,3,0,52,0,270,6,0,276,8,311,9,0,328,0,0,0,328
03/04/2004,BET,AK,AAL,WE,Federal Contract Tower,11,54,1,1,67,0,74,0,0,74,11,128,1,1,141,0,0,0,141
03/05/2004,BET,AK,AAL,WE,Federal Contract Tower,14,78,4,2,98,0,117,1,0,118,14,195,5,2,216,0,0,0,216
03/06/2004,BET,AK,AAL,WE,Federal Contract Tower,7,20,1,0,28,5,238,15,11,269,12,258,16,11,297,4,0,4,301
03/07/2004,BET,AK,AAL,WE,Federal Contract Tower,1,4,1,0,6,3,152,6,6,167,4,156,7,6,173,2,0,2,175
03/08/2004,BET,AK,AAL,WE,Federal Contract Tower,5,12,0,1,18,5,275,8,2,290,10,287,8,3,308,11,0,11,319
03/09/2004,BET,AK,AAL,WE,Federal Contract Tower,7,21,0,0,28,0,3,0,0,3,7,24,0,0,31,0,0,0,31
03/10/2004,BET,AK,AAL,WE,Federal Contract Tower,13,33,2,2,50,1,251,2,0,254,14,284,4,2,304,0,0,0,304
03/11/2004,BET,AK,AAL,WE,Federal Contract Tower,8,42,2,0,52,0,208,4,0,212,8,250,6,0,264,9,0,9,273
03/12/2004,BET,AK,AAL,WE,Federal Contract Tower,13,42,2,2,59,0,173,2,1,176,13,215,4,3,235,0,0,0,235
03/13/2004,BET,AK,AAL,WE,Federal Contract Tower,5,13,0,0,18,5,251,11,0,267,10,264,11,0,285,4,0,4,289
03/14/2004,BET,AK,AAL,WE,Federal Contract Tower,3,25,0,0,28,0,11,0,0,11,3,36,0,0,39,0,0,0,39
03/15/2004,BET,AK,AAL,WE,Federal Contract Tower,10,59,1,4,74,0,92,5,1,98,10,151,6,5,172,0,0,0,172
03/16/2004,BET,AK,AAL,WE,Federal Contract Tower,9,24,0,0,33,1,197,12,0,210,10,221,12,0,243,0,0,0,243
03/17/2004,BET,AK,AAL,WE,Federal Contract Tower,13,46,0,2,61,0,235,0,0,235,13,281,0,2,296,2,0,2,298
03/18/2004,BET,AK,AAL,WE,Federal Contract Tower,4,8,0,1,13,4,239,9,1,253,8,247,9,2,266,28,0,28,294
03/19/2004,BET,AK,AAL,WE,Federal Contract Tower,7,16,0,1,24,3,276,15,3,297,10,292,15,4,321,9,0,9,330
03/20/2004,BET,AK,AAL,WE,Federal Contract Tower,5,13,0,1,19,5,153,10,0,168,10,166,10,1,187,21,7,28,215
03/21/2004,BET,AK,AAL,WE,Federal Contract Tower,2,4,0,1,7,2,177,9,1,189,4,181,9,2,196,5,0,5,201
03/22/2004,BET,AK,AAL,WE,Federal Contract Tower,5,12,0,1,18,1,247,14,1,263,6,259,14,2,281,6,0,6,287
03/23/2004,BET,AK,AAL,WE,Federal Contract Tower,5,12,0,1,18,4,264,18,2,288,9,276,18,3,306,0,0,0,306
03/24/2004,BET,AK,AAL,WE,Federal Contract Tower,11,45,1,0,57,0,43,7,0,50,11,88,8,0,107,4,0,4,111
03/25/2004,BET,AK,AAL,WE,Federal Contract Tower,5,12,0,0,17,6,208,4,0,218,11,220,4,0,235,9,0,9,244
03/26/2004,BET,AK,AAL,WE,Federal Contract Tower,6,17,0,0,23,7,269,12,0,288,13,286,12,0,311,4,0,4,315
03/27/2004,BET,AK,AAL,WE,Federal Contract Tower,4,11,0,0,15,5,163,12,0,180,9,174,12,0,195,10,0,10,205
03/28/2004,BET,AK,AAL,WE,Federal Contract Tower,2,6,0,0,8,2,106,8,0,116,4,112,8,0,124,0,0,0,124
03/29/2004,BET,AK,AAL,WE,Federal Contract Tower,9,23,0,0,32,1,226,3,2,232,10,249,3,2,264,6,0,6,270
03/30/2004,BET,AK,AAL,WE,Federal Contract Tower,3,11,0,0,14,0,253,5,4,262,3,264,5,4,276,31,2,33,309
03/31/2004,BET,AK,AAL,WE,Federal Contract Tower,5,14,0,0,19,5,250,15,4,274,10,264,15,4,293,0,0,0,293
04/01/2004,BET,AK,AAL,WE,Federal Contract Tower,5,13,1,0,19,7,257,8,2,274,12,270,9,2,293,8,1,9,302
04/02/2004,BET,AK,AAL,WE,Federal Contract Tower,6,15,1,0,22,7,298,15,0,320,13,313,16,0,342,56,0,56,398
04/03/2004,BET,AK,AAL,WE,Federal Contract Tower,5,15,1,0,21,6,259,16,0,281,11,274,17,0,302,20,0,20,322
04/04/2004,BET,AK,AAL,WE,Federal Contract Tower,1,5,1,0,7,3,167,9,0,179,4,172,10,0,186,9,0,9,195
04/05/2004,BET,AK,AAL,WE,Federal Contract Tower,7,18,1,0,26,3,258,19,2,282,10,276,20,2,308,6,0,6,314
04/06/2004,BET,AK,AAL,WE,Federal Contract Tower,3,9,1,0,13,3,245,9,0,257,6,254,10,0,270,6,0,6,276
04/07/2004,BET,AK,AAL,WE,Federal Contract Tower,8,18,1,0,27,6,304,22,0,332,14,322,23,0,359,2,0,2,361
04/08/2004,BET,AK,AAL,WE,Federal Contract Tower,6,12,1,0,19,1,299,18,0,318,7,311,19,0,337,14,2,16,353
04/09/2004,BET,AK,AAL,WE,Federal Contract Tower,7,16,1,0,24,8,357,12,0,377,15,373,13,0,401,4,0,4,405
04/10/2004,BET,AK,AAL,WE,Federal Contract Tower,7,14,1,0,22,6,170,14,0,190,13,184,15,0,212,22,0,22,234
04/11/2004,BET,AK,AAL,WE,Federal Contract Tower,2,4,1,0,7,2,90,17,0,109,4,94,18,0,116,11,0,11,127
04/12/2004,BET,AK,AAL,WE,Federal Contract Tower,6,13,0,0,19,3,363,38,0,404,9,376,38,0,423,3,0,3,426
04/13/2004,BET,AK,AAL,WE,Federal Contract Tower,8,87,4,0,99,0,98,13,0,111,8,185,17,0,210,13,0,13,223
04/14/2004,BET,AK,AAL,WE,Federal Contract Tower,11,73,4,2,90,0,51,4,0,55,11,124,8,2,145,0,0,0,145
04/15/2004,BET,AK,AAL,WE,Federal Contract Tower,8,19,0,0,27,1,338,17,0,356,9,357,17,0,383,10,0,10,393
04/16/2004,BET,AK,AAL,WE,Federal Contract Tower,18,43,2,0,63,0,423,24,0,447,18,466,26,0,510,0,0,0,510
04/17/2004,BET,AK,AAL,WE,Federal Contract Tower,5,11,0,0,16,4,269,17,0,290,9,280,17,0,306,14,0,14,320
04/18/2004,BET,AK,AAL,WE,Federal Contract Tower,3,6,0,0,9,3,267,24,0,294,6,273,24,0,303,0,0,0,303
04/19/2004,BET,AK,AAL,WE,Federal Contract Tower,6,14,0,0,20,4,393,15,0,412,10,407,15,0,432,3,0,3,435
04/20/2004,BET,AK,AAL,WE,Federal Contract Tower,8,18,0,0,26,3,292,18,0,313,11,310,18,0,339,3,0,3,342
04/21/2004,BET,AK,AAL,WE,Federal Contract Tower,8,17,0,0,25,2,373,25,2,402,10,390,25,2,427,12,0,12,439
04/22/2004,BET,AK,AAL,WE,Federal Contract Tower,4,10,0,0,14,5,361,21,4,391,9,371,21,4,405,15,0,15,420
04/23/2004,BET,AK,AAL,WE,Federal Contract Tower,6,15,0,0,21,5,415,25,8,453,11,430,25,8,474,24,0,24,498
04/24/2004,BET,AK,AAL,WE,Federal Contract Tower,6,13,0,0,19,6,264,15,0,285,12,277,15,0,304,11,0,11,315
04/25/2004,BET,AK,AAL,WE,Federal Contract Tower,4,27,2,0,33,0,158,24,0,182,4,185,26,0,215,0,0,0,215
04/26/2004,BET,AK,AAL,WE,Federal Contract Tower,9,63,2,0,74,0,162,12,0,174,9,225,14,0,248,8,0,8,256
04/27/2004,BET,AK,AAL,WE,Federal Contract Tower,11,34,1,0,46,0,237,2,0,239,11,271,3,0,285,14,0,14,299
04/28/2004,BET,AK,AAL,WE,Federal Contract Tower,10,26,1,0,37,1,309,12,3,325,11,335,13,3,362,4,0,4,366
04/29/2004,BET,AK,AAL,WE,Federal Contract Tower,10,43,2,0,55,0,281,16,2,299,10,324,18,2,354,0,0,0,354
04/30/2004,BET,AK,AAL,WE,Federal Contract Tower,7,15,0,0,22,2,420,23,0,445,9,435,23,0,467,12,0,12,479
05/01/2004,BET,AK,AAL,WE,Federal Contract Tower,6,15,1,0,22,5,336,17,0,358,11,351,18,0,380,1,0,1,381
05/02/2004,BET,AK,AAL,WE,Federal Contract Tower,2,6,1,0,9,2,255,26,0,283,4,261,27,0,292,7,0,7,299
05/03/2004,BET,AK,AAL,WE,Federal Contract Tower,8,22,1,0,31,0,397,31,2,430,8,419,32,2,461,10,0,10,471
05/04/2004,BET,AK,AAL,WE,Federal Contract Tower,5,12,1,0,18,3,287,21,0,311,8,299,22,0,329,26,0,26,355
05/05/2004,BET,AK,AAL,WE,Federal Contract Tower,9,18,1,0,28,3,279,28,0,310,12,297,29,0,338,0,0,0,338
05/06/2004,BET,AK,AAL,WE,Federal Contract Tower,6,23,1,0,30,0,301,30,2,333,6,324,31,2,363,18,0,18,381
05/07/2004,BET,AK,AAL,WE,Federal Contract Tower,8,16,1,0,25,4,336,20,0,360,12,352,21,0,385,6,0,6,391
05/08/2004,BET,AK,AAL,WE,Federal Contract Tower,12,65,3,0,80,0,184,5,0,189,12,249,8,0,269,0,0,0,269
05/09/2004,BET,AK,AAL,WE,Federal Contract Tower,4,49,3,0,56,0,16,2,0,18,4,65,5,0,74,0,0,0,74
05/10/2004,BET,AK,AAL,WE,Federal Contract Tower,8,17,1,0,26,0,325,15,0,340,8,342,16,0,366,0,0,0,366
05/11/2004,BET,AK,AAL,WE,Federal Contract Tower,11,24,2,0,37,1,297,21,0,319,12,321,23,0,356,15,15,30,386
05/12/2004,BET,AK,AAL,WE,Federal Contract Tower,8,16,1,0,25,6,289,20,2,317,14,305,21,2,342,20,2,22,364
05/13/2004,BET,AK,AAL,WE,Federal Contract Tower,7,20,1,0,28,0,316,17,0,333,7,336,18,0,361,15,0,15,376
05/14/2004,BET,AK,AAL,WE,Federal Contract Tower,5,12,1,0,18,5,320,37,2,364,10,332,38,2,382,8,0,8,390
05/15/2004,BET,AK,AAL,WE,Federal Contract Tower,7,16,1,0,24,5,215,20,0,240,12,231,21,0,264,10,0,10,274
05/16/2004,BET,AK,AAL,WE,Federal Contract Tower,4,9,1,0,14,0,125,7,1,133,4,134,8,1,147,0,0,0,147
05/17/2004,BET,AK,AAL,WE,Federal Contract Tower,10,21,0,0,31,0,291,8,0,299,10,312,8,0,330,2,0,2,332
05/18/2004,BET,AK,AAL,WE,Federal Contract Tower,6,13,0,0,19,4,279,20,0,303,10,292,20,0,322,16,0,16,338
05/19/2004,BET,AK,AAL,WE,Federal Contract Tower,7,15,0,0,22,6,309,34,2,351,13,324,34,2,373,11,0,11,384
05/20/2004,BET,AK,AAL,WE,Federal Contract Tower,5,13,0,0,18,6,326,32,0,364,11,339,32,0,382,2,0,2,384
05/21/2004,BET,AK,AAL,WE,Federal Contract Tower,12,52,2,0,66,0,230,12,0,242,12,282,14,0,308,11,0,11,319
05/22/2004,BET,AK,AAL,WE,Federal Contract Tower,12,34,1,0,47,0,277,23,0,300,12,311,24,0,347,16,0,16,363
05/23/2004,BET,AK,AAL,WE,Federal Contract Tower,3,9,0,0,12,3,129,8,0,140,6,138,8,0,152,6,0,6,158
05/24/2004,BET,AK,AAL,WE,Federal Contract Tower,5,12,0,0,17,3,287,28,1,319,8,299,28,1,336,14,0,14,350
05/25/2004,BET,AK,AAL,WE,Federal Contract Tower,10,29,1,0,40,0,248,9,0,257,10,277,10,0,297,1,0,1,298
05/26/2004,BET,AK,AAL,WE,Federal Contract Tower,11,39,1,0,51,0,290,40,1,331,11,329,41,1,382,3,0,3,385
05/27/2004,BET,AK,AAL,WE,Federal Contract Tower,5,12,0,0,17,2,323,33,0,358,7,335,33,0,375,0,0,0,375
05/28/2004,BET,AK,AAL,WE,Federal Contract Tower,7,15,0,0,22,2,314,23,0,339,9,329,23,0,361,0,0,0,361
05/29/2004,BET,AK,AAL,WE,Federal Contract Tower,6,14,0,0,20,4,242,23,0,269,10,256,23,0,289,0,0,0,289
05/30/2004,BET,AK,AAL,WE,Federal Contract Tower,3,8,0,0,11,1,104,17,0,122,4,112,17,0,133,2,0,2,135
05/31/2004,BET,AK,AAL,WE,Federal Contract Tower,6,14,0,0,20,2,144,22,0,168,8,158,22,0,188,5,0,5,193
06/01/2004,BET,AK,AAL,WE,Federal Contract Tower,6,11,1,0,18,0,232,13,0,245,6,243,14,0,263,1,0,1,264
06/02/2004,BET,AK,AAL,WE,Federal Contract Tower,6,11,1,0,18,2,342,25,0,369,8,353,26,0,387,3,1,4,391
06/03/2004,BET,AK,AAL,WE,Federal Contract Tower,7,12,1,0,20,0,334,23,1,358,7,346,24,1,378,0,0,0,378
06/04/2004,BET,AK,AAL,WE,Federal Contract Tower,9,15,1,0,25,9,297,19,0,325,18,312,20,0,350,14,0,14,364
06/05/2004,BET,AK,AAL,WE,Federal Contract Tower,6,10,1,0,17,4,247,27,0,278,10,257,28,0,295,20,0,20,315
06/06/2004,BET,AK,AAL,WE,Federal Contract Tower,1,5,1,0,7,5,118,32,0,155,6,123,33,0,162,20,0,20,182
06/07/2004,BET,AK,AAL,WE,Federal Contract Tower,8,13,1,0,22,2,304,29,3,338,10,317,30,3,360,2,0,2,362
06/08/2004,BET,AK,AAL,WE,Federal Contract Tower,8,11,1,0,20,3,274,22,1,300,11,285,23,1,320,1,0,1,321
06/09/2004,BET,AK,AAL,WE,Federal Contract Tower,10,14,1,0,25,0,277,22,2,301,10,291,23,2,326,4,0,4,330
06/10/2004,BET,AK,AAL,WE,Federal Contract Tower,7,11,1,0,19,2,304,21,0,327,9,315,22,0,346,9,0,9,355
06/11/2004,BET,AK,AAL,WE,Federal Contract Tower,8,12,1,0,21,0,264,14,0,278,8,276,15,0,299,6,0,6,305
06/12/2004,BET,AK,AAL,WE,Federal Contract Tower,10,13,1,0,24,1,180,27,0,208,11,193,28,0,232,4,0,4,236
06/13/2004,BET,AK,AAL,WE,Federal Contract Tower,4,18,0,0,22,0,112,11,0,123,4,130,11,0,145,0,0,0,145
06/14/2004,BET,AK,AAL,WE,Federal Contract Tower,9,12,0,1,22,0,226,31,1,258,9,238,31,2,280,0,0,0,280
06/15/2004,BET,AK,AAL,WE,Federal Contract Tower,9,33,4,0,46,0,286,28,0,314,9,319,32,0,360,0,0,0,360
06/16/2004,BET,AK,AAL,WE,Federal Contract Tower,9,12,0,0,21,3,340,22,0,365,12,352,22,0,386,7,0,7,393
06/17/2004,BET,AK,AAL,WE,Federal Contract Tower,10,13,0,1,24,1,353,14,0,368,11,366,14,1,392,0,0,0,392
06/18/2004,BET,AK,AAL,WE,Federal Contract Tower,10,14,0,0,24,2,279,29,0,310,12,293,29,0,334,0,0,0,334
06/19/2004,BET,AK,AAL,WE,Federal Contract Tower,8,13,0,0,21,6,211,15,1,233,14,224,15,1,254,0,0,0,254
06/20/2004,BET,AK,AAL,WE,Federal Contract Tower,2,5,0,0,7,0,89,25,0,114,2,94,25,0,121,9,0,9,130
06/21/2004,BET,AK,AAL,WE,Federal Contract Tower,11,16,0,0,27,1,271,18,0,290,12,287,18,0,317,0,0,0,317
06/22/2004,BET,AK,AAL,WE,Federal Contract Tower,8,12,0,0,20,2,310,20,0,332,10,322,20,0,352,9,0,9,361
06/23/2004,BET,AK,AAL,WE,Federal Contract Tower,11,22,2,0,35,0,282,21,1,304,11,304,23,1,339,0,0,0,339
06/24/2004,BET,AK,AAL,WE,Federal Contract Tower,12,17,0,0,29,2,247,28,0,277,14,264,28,0,306,9,0,9,315
06/25/2004,BET,AK,AAL,WE,Federal Contract Tower,9,14,0,0,23,7,287,14,0,308,16,301,14,0,331,2,0,2,333
06/26/2004,BET,AK,AAL,WE,Federal Contract Tower,9,14,0,0,23,4,197,27,0,228,13,211,27,0,251,6,0,6,257
06/27/2004,BET,AK,AAL,WE,Federal Contract Tower,2,5,0,0,7,2,148,19,0,169,4,153,19,0,176,0,0,0,176
06/28/2004,BET,AK,AAL,WE,Federal Contract Tower,8,12,0,0,20,2,279,35,0,316,10,291,35,0,336,4,0,4,340
06/29/2004,BET,AK,AAL,WE,Federal Contract Tower,12,59,4,0,75,0,199,19,0,218,12,258,23,0,293,6,0,6,299
06/30/2004,BET,AK,AAL,WE,Federal Contract Tower,11,17,0,0,28,0,239,38,0,277,11,256,38,0,305,8,0,8,313
07/01/2004,BET,AK,AAL,WE,Federal Contract Tower,7,13,1,0,21,3,245,23,0,271,10,258,24,0,292,11,0,11,303
07/02/2004,BET,AK,AAL,WE,Federal Contract Tower,15,33,4,0,52,0,188,21,0,209,15,221,25,0,261,6,0,6,267
07/03/2004,BET,AK,AAL,WE,Federal Contract Tower,8,15,1,0,24,7,216,31,0,254,15,231,32,0,278,4,0,4,282
07/04/2004,BET,AK,AAL,WE,Federal Contract Tower,1,4,1,0,6,5,41,17,0,63,6,45,18,0,69,0,0,0,69
07/05/2004,BET,AK,AAL,WE,Federal Contract Tower,8,17,3,0,28,0,169,20,0,189,8,186,23,0,217,12,0,12,229
07/06/2004,BET,AK,AAL,WE,Federal Contract Tower,7,30,3,0,40,0,170,28,1,199,7,200,31,1,239,0,0,0,239
07/07/2004,BET,AK,AAL,WE,Federal Contract Tower,14,54,4,0,72,0,250,13,4,267,14,304,17,4,339,17,0,17,356
07/08/2004,BET,AK,AAL,WE,Federal Contract Tower,8,44,3,0,55,0,196,33,0,229,8,240,36,0,284,6,0,6,290
07/09/2004,BET,AK,AAL,WE,Federal Contract Tower,13,23,2,0,38,0,169,16,0,185,13,192,18,0,223,2,0,2,225
07/10/2004,BET,AK,AAL,WE,Federal Contract Tower,6,10,1,0,17,3,216,24,0,243,9,226,25,0,260,0,0,0,260
07/11/2004,BET,AK,AAL,WE,Federal Contract Tower,3,5,1,0,9,1,135,22,1,159,4,140,23,1,168,8,0,8,176
07/12/2004,BET,AK,AAL,WE,Federal Contract Tower,5,7,1,0,13,1,318,38,2,359,6,325,39,2,372,11,0,11,383
07/13/2004,BET,AK,AAL,WE,Federal Contract Tower,7,11,1,0,19,2,264,27,0,293,9,275,28,0,312,14,0,14,326
07/14/2004,BET,AK,AAL,WE,Federal Contract Tower,6,9,0,1,16,4,297,26,3,330,10,306,26,4,346,4,0,4,350
07/15/2004,BET,AK,AAL,WE,Federal Contract Tower,9,14,0,0,23,3,288,26,0,317,12,302,26,0,340,2,0,2,342
07/16/2004,BET,AK,AAL,WE,Federal Contract Tower,8,12,0,0,20,2,293,15,0,310,10,305,15,0,330,0,0,0,330
07/17/2004,BET,AK,AAL,WE,Federal Contract Tower,6,9,0,0,15,4,212,27,0,243,10,221,27,0,258,0,0,0,258
07/18/2004,BET,AK,AAL,WE,Federal Contract Tower,4,7,0,1,12,0,163,24,1,188,4,170,24,2,200,6,0,6,206
07/19/2004,BET,AK,AAL,WE,Federal Contract Tower,8,18,1,0,27,0,260,20,0,280,8,278,21,0,307,8,0,8,315
07/20/2004,BET,AK,AAL,WE,Federal Contract Tower,9,35,2,0,46,0,291,12,0,303,9,326,14,0,349,8,0,8,357
07/21/2004,BET,AK,AAL,WE,Federal Contract Tower,6,10,0,0,16,4,310,34,0,348,10,320,34,0,364,2,0,2,366
07/22/2004,BET,AK,AAL,WE,Federal Contract Tower,9,17,1,0,27,6,287,41,0,334,15,304,42,0,361,8,0,8,369
07/23/2004,BET,AK,AAL,WE,Federal Contract Tower,7,12,0,0,19,10,302,33,0,345,17,314,33,0,364,26,0,26,390
07/24/2004,BET,AK,AAL,WE,Federal Contract Tower,6,11,0,0,17,3,222,16,0,241,9,233,16,0,258,5,0,5,263
07/25/2004,BET,AK,AAL,WE,Federal Contract Tower,3,7,0,0,10,1,182,21,0,204,4,189,21,0,214,0,0,0,214
07/26/2004,BET,AK,AAL,WE,Federal Contract Tower,7,13,0,0,20,3,289,19,0,311,10,302,19,0,331,16,0,16,347
07/27/2004,BET,AK,AAL,WE,Federal Contract Tower,9,15,0,0,24,1,270,15,0,286,10,285,15,0,310,0,0,0,310
07/28/2004,BET,AK,AAL,WE,Federal Contract Tower,17,35,2,0,54,0,274,25,0,299,17,309,27,0,353,2,0,2,355
07/29/2004,BET,AK,AAL,WE,Federal Contract Tower,7,16,1,0,24,0,291,11,1,303,7,307,12,1,327,17,0,17,344
07/30/2004,BET,AK,AAL,WE,Federal Contract Tower,9,17,1,0,27,4,255,31,2,292,13,272,32,2,319,0,0,0,319
07/31/2004,BET,AK,AAL,WE,Federal Contract Tower,7,13,0,0,20,3,170,25,0,198,10,183,25,0,218,21,0,21,239
08/01/2004,BET,AK,AAL,WE,Federal Contract Tower,4,9,1,0,14,0,125,19,0,144,4,134,20,0,158,6,0,6,164
08/02/2004,BET,AK,AAL,WE,Federal Contract Tower,4,11,1,0,16,6,304,33,0,343,10,315,34,0,359,5,0,5,364
08/03/2004,BET,AK,AAL,WE,Federal Contract Tower,15,47,4,0,66,0,229,17,0,246,15,276,21,0,312,6,0,6,318
08/04/2004,BET,AK,AAL,WE,Federal Contract Tower,8,16,3,0,27,1,290,46,2,339,9,306,49,2,366,7,0,7,373
08/05/2004,BET,AK,AAL,WE,Federal Contract Tower,6,14,1,0,21,6,272,31,0,309,12,286,32,0,330,11,0,11,341
08/06/2004,BET,AK,AAL,WE,Federal Contract Tower,9,15,1,0,25,7,286,21,0,314,16,301,22,0,339,2,0,2,341
08/07/2004,BET,AK,AAL,WE,Federal Contract Tower,9,16,1,0,26,3,289,16,0,308,12,305,17,0,334,12,0,12,346
08/08/2004,BET,AK,AAL,WE,Federal Contract Tower,6,17,3,0,26,0,160,15,0,175,6,177,18,0,201,8,0,8,209
08/09/2004,BET,AK,AAL,WE,Federal Contract Tower,8,28,3,0,39,0,250,23,0,273,8,278,26,0,312,1,0,1,313
08/10/2004,BET,AK,AAL,WE,Federal Contract Tower,10,19,3,0,32,9,266,26,0,301,19,285,29,0,333,4,0,4,337
08/11/2004,BET,AK,AAL,WE,Federal Contract Tower,18,37,4,0,59,0,205,23,0,228,18,242,27,0,287,1,0,1,288
08/12/2004,BET,AK,AAL,WE,Federal Contract Tower,11,23,2,0,36,0,238,8,0,246,11,261,10,0,282,0,0,0,282
08/13/2004,BET,AK,AAL,WE,Federal Contract Tower,13,25,1,0,39,4,231,8,0,243,17,256,9,0,282,2,0,2,284
08/14/2004,BET,AK,AAL,WE,Federal Contract Tower,9,16,0,0,25,4,253,16,0,273,13,269,16,0,298,0,0,0,298
08/15/2004,BET,AK,AAL,WE,Federal Contract Tower,2,4,0,0,6,2,195,22,0,219,4,199,22,0,225,0,0,0,225
08/16/2004,BET,AK,AAL,WE,Federal Contract Tower,6,28,1,0,35,0,248,17,0,265,6,276,18,0,300,0,0,0,300
08/17/2004,BET,AK,AAL,WE,Federal Contract Tower,8,14,0,0,22,2,354,23,0,379,10,368,23,0,401,1,0,1,402
08/18/2004,BET,AK,AAL,WE,Federal Contract Tower,8,15,0,0,23,7,351,33,1,392,15,366,33,1,415,7,0,7,422
08/19/2004,BET,AK,AAL,WE,Federal Contract Tower,14,31,1,0,46,0,276,20,0,296,14,307,21,0,342,14,0,14,356
08/20/2004,BET,AK,AAL,WE,Federal Contract Tower,11,21,1,0,33,2,223,23,0,248,13,244,24,0,281,0,0,0,281
08/21/2004,BET,AK,AAL,WE,Federal Contract Tower,8,16,0,0,24,3,239,29,1,272,11,255,29,1,296,0,0,0,296
08/22/2004,BET,AK,AAL,WE,Federal Contract Tower,3,7,0,0,10,3,130,25,2,160,6,137,25,2,170,10,0,10,180
08/23/2004,BET,AK,AAL,WE,Federal Contract Tower,7,12,0,0,19,3,260,17,0,280,10,272,17,0,299,0,0,0,299
08/24/2004,BET,AK,AAL,WE,Federal Contract Tower,6,12,0,0,18,8,314,16,0,338,14,326,16,0,356,1,0,1,357
08/25/2004,BET,AK,AAL,WE,Federal Contract Tower,12,43,2,0,57,0,177,8,0,185,12,220,10,0,242,0,0,0,242
08/26/2004,BET,AK,AAL,WE,Federal Contract Tower,6,12,0,0,18,5,262,24,0,291,11,274,24,0,309,3,0,3,312
08/27/2004,BET,AK,AAL,WE,Federal Contract Tower,13,57,3,0,73,0,186,7,0,193,13,243,10,0,266,0,0,0,266
08/28/2004,BET,AK,AAL,WE,Federal Contract Tower,8,39,1,0,48,0,13,0,0,13,8,52,1,0,61,0,0,0,61
08/29/2004,BET,AK,AAL,WE,Federal Contract Tower,6,11,0,0,17,0,203,17,0,220,6,214,17,0,237,4,0,4,241
08/30/2004,BET,AK,AAL,WE,Federal Contract Tower,7,13,0,0,20,2,300,20,0,322,9,313,20,0,342,14,0,14,356
08/31/2004,BET,AK,AAL,WE,Federal Contract Tower,9,18,1,0,28,9,257,15,0,281,18,275,16,0,309,4,0,4,313
09/01/2004,BET,AK,AAL,WE,Federal Contract Tower,12,76,5,0,93,0,85,6,0,91,12,161,11,0,184,0,0,0,184
09/02/2004,BET,AK,AAL,WE,Federal Contract Tower,7,20,2,0,29,0,322,35,3,360,7,342,37,3,389,1,0,1,390
09/03/2004,BET,AK,AAL,WE,Federal Contract Tower,5,14,1,0,20,6,335,28,0,369,11,349,29,0,389,30,0,30,419
09/04/2004,BET,AK,AAL,WE,Federal Contract Tower,13,32,2,0,47,2,196,23,0,221,15,228,25,0,268,19,0,19,287
09/05/2004,BET,AK,AAL,WE,Federal Contract Tower,2,23,2,0,27,0,93,39,0,132,2,116,41,0,159,7,0,7,166
09/06/2004,BET,AK,AAL,WE,Federal Contract Tower,3,10,1,0,14,3,220,27,0,250,6,230,28,0,264,17,0,17,281
09/07/2004,BET,AK,AAL,WE,Federal Contract Tower,5,12,1,0,18,3,265,29,0,297,8,277,30,0,315,2,0,2,317
09/08/2004,BET,AK,AAL,WE,Federal Contract Tower,8,17,1,0,26,4,267,21,2,294,12,284,22,2,320,9,0,9,329
09/09/2004,BET,AK,AAL,WE,Federal Contract Tower,7,13,1,0,21,6,280,31,0,317,13,293,32,0,338,16,0,16,354
09/10/2004,BET,AK,AAL,WE,Federal Contract Tower,10,23,2,0,35,9,255,24,0,288,19,278,26,0,323,12,0,12,335
09/11/2004,BET,AK,AAL,WE,Federal Contract Tower,5,10,1,0,16,5,218,19,0,242,10,228,20,0,258,0,0,0,258
09/12/2004,BET,AK,AAL,WE,Federal Contract Tower,3,5,1,0,9,1,142,43,0,186,4,147,44,0,195,2,0,2,197
09/13/2004,BET,AK,AAL,WE,Federal Contract Tower,8,17,1,0,26,3,313,21,0,337,11,330,22,0,363,0,0,0,363
09/14/2004,BET,AK,AAL,WE,Federal Contract Tower,8,19,2,0,29,5,330,17,0,352,13,349,19,0,381,2,0,2,383
09/15/2004,BET,AK,AAL,WE,Federal Contract Tower,16,45,3,0,64,0,257,20,2,279,16,302,23,2,343,8,0,8,351
09/16/2004,BET,AK,AAL,WE,Federal Contract Tower,7,14,1,0,22,8,304,26,0,338,15,318,27,0,360,0,0,0,360
09/17/2004,BET,AK,AAL,WE,Federal Contract Tower,8,18,0,1,27,9,325,44,1,379,17,343,44,2,406,16,0,16,422
09/18/2004,BET,AK,AAL,WE,Federal Contract Tower,12,58,3,0,73,0,172,29,0,201,12,230,32,0,274,9,0,9,283
09/19/2004,BET,AK,AAL,WE,Federal Contract Tower,4,36,1,1,42,0,125,11,1,137,4,161,12,2,179,2,0,2,181
09/20/2004,BET,AK,AAL,WE,Federal Contract Tower,8,18,1,0,27,3,250,11,0,264,11,268,12,0,291,2,0,2,293
09/21/2004,BET,AK,AAL,WE,Federal Contract Tower,11,77,4,0,92,0,157,7,0,164,11,234,11,0,256,0,0,0,256
09/22/2004,BET,AK,AAL,WE,Federal Contract Tower,8,18,0,1,27,11,293,12,1,317,19,311,12,2,344,0,0,0,344
09/23/2004,BET,AK,AAL,WE,Federal Contract Tower,7,13,0,0,20,7,327,24,0,358,14,340,24,0,378,4,0,4,382
09/24/2004,BET,AK,AAL,WE,Federal Contract Tower,10,22,1,0,33,7,311,33,0,351,17,333,34,0,384,0,0,0,384
09/25/2004,BET,AK,AAL,WE,Federal Contract Tower,6,12,0,0,18,1,188,36,0,225,7,200,36,0,243,0,0,0,243
09/26/2004,BET,AK,AAL,WE,Federal Contract Tower,2,14,0,0,16,0,107,20,0,127,2,121,20,0,143,0,0,0,143
09/27/2004,BET,AK,AAL,WE,Federal Contract Tower,5,10,0,0,15,4,251,37,0,292,9,261,37,0,307,6,0,6,313
09/28/2004,BET,AK,AAL,WE,Federal Contract Tower,6,14,0,0,20,7,291,25,0,323,13,305,25,0,343,4,0,4,347
09/29/2004,BET,AK,AAL,WE,Federal Contract Tower,17,45,0,0,62,0,6,0,0,6,17,51,0,0,68,0,0,0,68
09/30/2004,BET,AK,AAL,WE,Federal Contract Tower,6,14,0,0,20,8,326,30,0,364,14,340,30,0,384,1,0,1,385
10/01/2004,BET,AK,AAL,WE,Federal Contract Tower,13,5,0,2,20,0,346,27,1,374,13,351,27,3,394,5,0,5,399
10/02/2004,BET,AK,AAL,WE,Federal Contract Tower,9,15,0,0,24,0,213,21,0,234,9,228,21,0,258,0,0,0,258
10/03/2004,BET,AK,AAL,WE,Federal Contract Tower,4,13,1,0,18,0,131,12,0,143,4,144,13,0,161,0,0,0,161
10/04/2004,BET,AK,AAL,WE,Federal Contract Tower,2,11,0,0,13,0,0,1,0,1,2,11,1,0,14,0,0,0,14
10/05/2004,BET,AK,AAL,WE,Federal Contract Tower,9,88,1,0,98,0,0,0,0,0,9,88,1,0,98,0,0,0,98
10/06/2004,BET,AK,AAL,WE,Federal Contract Tower,11,50,3,0,64,0,7,0,0,7,11,57,3,0,71,0,0,0,71
10/07/2004,BET,AK,AAL,WE,Federal Contract Tower,2,25,0,0,27,0,0,0,0,0,2,25,0,0,27,0,0,0,27
10/08/2004,BET,AK,AAL,WE,Federal Contract Tower,18,28,0,2,48,2,328,16,0,346,20,356,16,2,394,19,0,19,413
10/09/2004,BET,AK,AAL,WE,Federal Contract Tower,10,13,0,0,23,0,193,6,0,199,10,206,6,0,222,14,0,14,236
10/10/2004,BET,AK,AAL,WE,Federal Contract Tower,7,3,0,0,10,1,149,3,0,153,8,152,3,0,163,6,0,6,169
10/11/2004,BET,AK,AAL,WE,Federal Contract Tower,8,10,0,0,18,0,328,23,0,351,8,338,23,0,369,6,0,6,375
10/12/2004,BET,AK,AAL,WE,Federal Contract Tower,10,12,0,0,22,0,313,15,0,328,10,325,15,0,350,6,0,6,356
10/13/2004,BET,AK,AAL,WE,Federal Contract Tower,11,13,0,0,24,1,362,39,0,402,12,375,39,0,426,29,0,29,455
10/14/2004,BET,AK,AAL,WE,Federal Contract Tower,13,38,1,0,52,0,200,14,0,214,13,238,15,0,266,12,0,12,278
10/15/2004,BET,AK,AAL,WE,Federal Contract Tower,19,83,4,0,106,0,281,6,0,287,19,364,10,0,393,12,0,12,405
10/16/2004,BET,AK,AAL,WE,Federal Contract Tower,11,14,0,0,25,0,161,25,0,186,11,175,25,0,211,28,0,28,239
10/17/2004,BET,AK,AAL,WE,Federal Contract Tower,4,3,0,0,7,0,208,21,0,229,4,211,21,0,236,16,0,16,252
10/18/2004,BET,AK,AAL,WE,Federal Contract Tower,12,27,0,0,39,0,99,3,0,102,12,126,3,0,141,26,0,26,167
10/19/2004,BET,AK,AAL,WE,Federal Contract Tower,14,7,0,2,23,0,406,14,0,420,14,413,14,2,443,6,0,6,449
10/20/2004,BET,AK,AAL,WE,Federal Contract Tower,15,8,1,0,24,2,348,12,0,362,17,356,13,0,386,4,0,4,390
10/21/2004,BET,AK,AAL,WE,Federal Contract Tower,12,9,0,4,25,0,401,6,0,407,12,410,6,4,432,27,0,27,459
10/22/2004,BET,AK,AAL,WE,Federal Contract Tower,19,26,0,0,45,0,346,7,0,353,19,372,7,0,398,26,0,26,424
10/23/2004,BET,AK,AAL,WE,Federal Contract Tower,11,61,1,0,73,0,27,0,0,27,11,88,1,0,100,0,0,0,100
10/24/2004,BET,AK,AAL,WE,Federal Contract Tower,4,4,0,0,8,0,222,5,0,227,4,226,5,0,235,0,0,0,235
10/25/2004,BET,AK,AAL,WE,Federal Contract Tower,9,26,2,0,37,0,156,3,0,159,9,182,5,0,196,12,0,12,208
10/26/2004,BET,AK,AAL,WE,Federal Contract Tower,18,17,0,0,35,0,400,15,0,415,18,417,15,0,450,12,0,12,462
10/27/2004,BET,AK,AAL,WE,Federal Contract Tower,10,55,1,0,66,0,253,8,0,261,10,308,9,0,327,24,0,24,351
10/28/2004,BET,AK,AAL,WE,Federal Contract Tower,8,69,2,0,79,0,42,1,0,43,8,111,3,0,122,0,0,0,122
10/29/2004,BET,AK,AAL,WE,Federal Contract Tower,12,22,1,0,35,3,480,9,0,492,15,502,10,0,527,15,0,15,542
10/30/2004,BET,AK,AAL,WE,Federal Contract Tower,10,15,0,0,25,0,283,20,0,303,10,298,20,0,328,12,0,12,340
10/31/2004,BET,AK,AAL,WE,Federal Contract Tower,8,5,0,0,13,0,193,4,0,197,8,198,4,0,210,0,0,0,210
11/01/2004,BET,AK,AAL,WE,Federal Contract Tower,10,2,0,0,12,1,358,16,0,375,11,360,16,0,387,24,0,24,411
11/02/2004,BET,AK,AAL,WE,Federal Contract Tower,7,4,1,0,12,0,188,6,0,194,7,192,7,0,206,0,0,0,206
11/03/2004,BET,AK,AAL,WE,Federal Contract Tower,10,7,1,0,18,0,357,5,0,362,10,364,6,0,380,0,0,0,380
11/04/2004,BET,AK,AAL,WE,Federal Contract Tower,12,28,0,0,40,0,295,4,0,299,12,323,4,0,339,0,0,0,339
11/05/2004,BET,AK,AAL,WE,Federal Contract Tower,14,13,1,2,30,0,430,16,0,446,14,443,17,2,476,2,0,2,478
11/06/2004,BET,AK,AAL,WE,Federal Contract Tower,8,50,0,0,58,0,16,0,0,16,8,66,0,0,74,0,0,0,74
11/07/2004,BET,AK,AAL,WE,Federal Contract Tower,3,24,0,0,27,0,0,0,0,0,3,24,0,0,27,0,0,0,27
11/08/2004,BET,AK,AAL,WE,Federal Contract Tower,6,43,2,2,53,0,200,10,0,210,6,243,12,2,263,0,0,0,263
11/09/2004,BET,AK,AAL,WE,Federal Contract Tower,9,44,1,2,56,0,13,0,0,13,9,57,1,2,69,0,0,0,69
11/10/2004,BET,AK,AAL,WE,Federal Contract Tower,12,13,0,0,25,0,429,14,0,443,12,442,14,0,468,0,0,0,468
11/11/2004,BET,AK,AAL,WE,Federal Contract Tower,12,11,0,0,23,0,294,12,0,306,12,305,12,0,329,13,0,13,342
11/12/2004,BET,AK,AAL,WE,Federal Contract Tower,6,4,0,0,10,0,0,0,0,0,6,4,0,0,10,0,0,0,10
11/13/2004,BET,AK,AAL,WE,Federal Contract Tower,11,12,0,0,23,0,243,7,0,250,11,255,7,0,273,2,0,2,275
11/14/2004,BET,AK,AAL,WE,Federal Contract Tower,2,6,0,0,8,0,134,6,0,140,2,140,6,0,148,0,0,0,148
11/15/2004,BET,AK,AAL,WE,Federal Contract Tower,10,12,0,0,22,0,464,13,4,481,10,476,13,4,503,2,18,20,523
11/16/2004,BET,AK,AAL,WE,Federal Contract Tower,15,23,0,0,38,0,382,10,1,393,15,405,10,1,431,0,30,30,461
11/17/2004,BET,AK,AAL,WE,Federal Contract Tower,14,19,1,4,38,1,311,1,15,328,15,330,2,19,366,2,0,2,368
11/18/2004,BET,AK,AAL,WE,Federal Contract Tower,11,68,0,0,79,0,269,2,2,273,11,337,2,2,352,6,0,6,358
11/19/2004,BET,AK,AAL,WE,Federal Contract Tower,18,8,0,0,26,1,247,1,0,249,19,255,1,0,275,8,0,8,283
11/20/2004,BET,AK,AAL,WE,Federal Contract Tower,12,9,0,0,21,0,394,5,0,399,12,403,5,0,420,0,0,0,420
11/21/2004,BET,AK,AAL,WE,Federal Contract Tower,2,7,0,0,9,0,99,2,2,103,2,106,2,2,112,0,0,0,112
11/22/2004,BET,AK,AAL,WE,Federal Contract Tower,7,8,0,4,19,0,486,11,17,514,7,494,11,21,533,18,0,18,551
11/23/2004,BET,AK,AAL,WE,Federal Contract Tower,12,10,0,0,22,0,446,5,4,455,12,456,5,4,477,0,0,0,477
11/24/2004,BET,AK,AAL,WE,Federal Contract Tower,12,50,0,0,62,0,215,4,0,219,12,265,4,0,281,0,0,0,281
11/25/2004,BET,AK,AAL,WE,Federal Contract Tower,0,4,3,0,7,0,13,2,0,15,0,17,5,0,22,0,0,0,22
11/26/2004,BET,AK,AAL,WE,Federal Contract Tower,14,9,0,0,23,2,188,9,1,200,16,197,9,1,223,2,0,2,225
11/27/2004,BET,AK,AAL,WE,Federal Contract Tower,8,19,0,0,27,0,277,5,0,282,8,296,5,0,309,0,0,0,309
11/28/2004,BET,AK,AAL,WE,Federal Contract Tower,2,58,0,0,60,0,77,0,0,77,2,135,0,0,137,0,0,0,137
11/29/2004,BET,AK,AAL,WE,Federal Contract Tower,9,14,0,0,23,1,358,9,0,368,10,372,9,0,391,4,0,4,395
11/30/2004,BET,AK,AAL,WE,Federal Contract Tower,13,98,0,1,112,0,129,2,1,132,13,227,2,2,244,0,0,0,244
12/01/2004,BET,AK,AAL,WE,Federal Contract Tower,13,21,1,0,35,0,360,13,0,373,13,381,14,0,408,0,0,0,408
12/02/2004,BET,AK,AAL,WE,Federal Contract Tower,13,10,0,0,23,0,389,2,0,391,13,399,2,0,414,23,0,23,437
12/03/2004,BET,AK,AAL,WE,Federal Contract Tower,9,5,0,2,16,0,351,17,0,368,9,356,17,2,384,12,0,12,396
12/04/2004,BET,AK,AAL,WE,Federal Contract Tower,12,6,0,0,18,0,297,5,0,302,12,303,5,0,320,16,0,16,336
12/05/2004,BET,AK,AAL,WE,Federal Contract Tower,3,19,0,2,24,0,45,5,0,50,3,64,5,2,74,0,0,0,74
12/06/2004,BET,AK,AAL,WE,Federal Contract Tower,8,19,0,0,27,0,258,8,0,266,8,277,8,0,293,20,0,20,313
12/07/2004,BET,AK,AAL,WE,Federal Contract Tower,13,12,1,0,26,0,277,3,0,280,13,289,4,0,306,2,0,2,308
12/08/2004,BET,AK,AAL,WE,Federal Contract Tower,14,41,1,0,56,0,285,6,0,291,14,326,7,0,347,0,0,0,347
12/09/2004,BET,AK,AAL,WE,Federal Contract Tower,12,39,1,1,53,1,244,10,3,258,13,283,11,4,311,8,0,8,319
12/10/2004,BET,AK,AAL,WE,Federal Contract Tower,12,10,0,0,22,0,297,14,0,311,12,307,14,0,333,0,0,0,333
12/11/2004,BET,AK,AAL,WE,Federal Contract Tower,13,10,0,0,23,0,270,7,0,277,13,280,7,0,300,2,0,2,302
12/12/2004,BET,AK,AAL,WE,Federal Contract Tower,4,7,0,0,11,0,167,3,0,170,4,174,3,0,181,0,0,0,181
12/13/2004,BET,AK,AAL,WE,Federal Contract Tower,7,11,0,0,18,0,293,4,1,298,7,304,4,1,316,0,0,0,316
12/14/2004,BET,AK,AAL,WE,Federal Contract Tower,13,67,0,2,82,0,86,0,0,86,13,153,0,2,168,0,0,0,168
12/15/2004,BET,AK,AAL,WE,Federal Contract Tower,16,26,0,2,44,0,298,7,0,305,16,324,7,2,349,8,0,8,357
12/16/2004,BET,AK,AAL,WE,Federal Contract Tower,9,20,0,0,29,1,281,15,0,297,10,301,15,0,326,0,0,0,326
12/17/2004,BET,AK,AAL,WE,Federal Contract Tower,11,10,0,0,21,0,333,6,0,339,11,343,6,0,360,0,0,0,360
12/18/2004,BET,AK,AAL,WE,Federal Contract Tower,8,33,0,0,41,0,7,0,0,7,8,40,0,0,48,0,0,0,48
12/19/2004,BET,AK,AAL,WE,Federal Contract Tower,3,10,0,0,13,0,167,7,0,174,3,177,7,0,187,0,0,0,187
12/20/2004,BET,AK,AAL,WE,Federal Contract Tower,10,10,0,0,20,0,344,11,2,357,10,354,11,2,377,8,0,8,385
12/21/2004,BET,AK,AAL,WE,Federal Contract Tower,11,13,0,0,24,0,145,5,0,150,11,158,5,0,174,8,0,8,182
12/22/2004,BET,AK,AAL,WE,Federal Contract Tower,0,2,0,0,2,0,0,0,0,0,0,2,0,0,2,0,0,0,2
12/23/2004,BET,AK,AAL,WE,Federal Contract Tower,13,10,0,0,23,0,285,7,0,292,13,295,7,0,315,13,0,13,328
12/24/2004,BET,AK,AAL,WE,Federal Contract Tower,16,11,0,0,27,0,237,4,0,241,16,248,4,0,268,0,0,0,268
12/25/2004,BET,AK,AAL,WE,Federal Contract Tower,0,0,0,0,0,0,1,0,0,1,0,1,0,0,1,0,0,0,1
12/26/2004,BET,AK,AAL,WE,Federal Contract Tower,2,7,0,0,9,0,0,0,0,0,2,7,0,0,9,0,0,0,9
12/27/2004,BET,AK,AAL,WE,Federal Contract Tower,6,26,0,0,32,0,176,1,0,177,6,202,1,0,209,0,0,0,209
12/28/2004,BET,AK,AAL,WE,Federal Contract Tower,8,87,0,0,95,0,0,0,0,0,8,87,0,0,95,0,0,0,95
12/29/2004,BET,AK,AAL,WE,Federal Contract Tower,13,4,0,0,17,1,274,12,0,287,14,278,12,0,304,0,0,0,304
12/30/2004,BET,AK,AAL,WE,Federal Contract Tower,9,16,0,0,25,0,73,9,0,82,9,89,9,0,107,7,0,7,114
12/31/2004,BET,AK,AAL,WE,Federal Contract Tower,9,8,0,0,17,1,156,5,0,162,10,164,5,0,179,14,0,14,193
01/01/2005,BET,AK,AAL,WE,Federal Contract Tower,6,3,0,0,9,0,2,0,0,2,6,5,0,0,11,0,0,0,11
01/02/2005,BET,AK,AAL,WE,Federal Contract Tower,2,18,0,0,20,0,0,0,0,0,2,18,0,0,20,0,0,0,20
01/03/2005,BET,AK,AAL,WE,Federal Contract Tower,7,23,0,0,30,0,212,2,0,214,7,235,2,0,244,2,0,2,246
01/04/2005,BET,AK,AAL,WE,Federal Contract Tower,12,6,0,0,18,0,316,8,0,324,12,322,8,0,342,5,0,5,347
01/05/2005,BET,AK,AAL,WE,Federal Contract Tower,13,34,1,0,48,0,39,0,0,39,13,73,1,0,87,0,0,0,87
01/06/2005,BET,AK,AAL,WE,Federal Contract Tower,11,85,2,2,100,0,0,0,0,0,11,85,2,2,100,0,0,0,100
01/07/2005,BET,AK,AAL,WE,Federal Contract Tower,14,5,0,0,19,1,392,31,0,424,15,397,31,0,443,20,0,20,463
01/08/2005,BET,AK,AAL,WE,Federal Contract Tower,8,11,0,0,19,0,301,7,0,308,8,312,7,0,327,17,0,17,344
01/09/2005,BET,AK,AAL,WE,Federal Contract Tower,3,3,0,0,6,0,161,13,0,174,3,164,13,0,180,14,0,14,194
01/10/2005,BET,AK,AAL,WE,Federal Contract Tower,12,3,0,0,15,0,239,5,0,244,12,242,5,0,259,7,0,7,266
01/11/2005,BET,AK,AAL,WE,Federal Contract Tower,10,3,0,0,13,0,221,9,0,230,10,224,9,0,243,0,0,0,243
01/12/2005,BET,AK,AAL,WE,Federal Contract Tower,9,6,0,2,17,1,209,8,0,218,10,215,8,2,235,8,0,8,243
01/13/2005,BET,AK,AAL,WE,Federal Contract Tower,15,9,0,0,24,0,80,2,0,82,15,89,2,0,106,0,0,0,106
01/14/2005,BET,AK,AAL,WE,Federal Contract Tower,8,55,4,0,67,0,107,3,0,110,8,162,7,0,177,0,0,0,177
01/15/2005,BET,AK,AAL,WE,Federal Contract Tower,10,49,4,0,63,0,11,0,0,11,10,60,4,0,74,0,0,0,74
01/16/2005,BET,AK,AAL,WE,Federal Contract Tower,4,2,0,0,6,0,151,8,0,159,4,153,8,0,165,4,0,4,169
01/17/2005,BET,AK,AAL,WE,Federal Contract Tower,10,9,0,0,19,0,201,11,0,212,10,210,11,0,231,0,0,0,231
01/18/2005,BET,AK,AAL,WE,Federal Contract Tower,10,6,0,0,16,0,263,5,0,268,10,269,5,0,284,0,0,0,284
01/19/2005,BET,AK,AAL,WE,Federal Contract Tower,14,4,0,0,18,0,294,16,0,310,14,298,16,0,328,2,0,2,330
01/20/2005,BET,AK,AAL,WE,Federal Contract Tower,8,4,0,0,12,0,273,16,0,289,8,277,16,0,301,12,0,12,313
01/21/2005,BET,AK,AAL,WE,Federal Contract Tower,13,13,0,0,26,2,240,20,0,262,15,253,20,0,288,10,0,10,298
01/22/2005,BET,AK,AAL,WE,Federal Contract Tower,12,7,0,0,19,0,201,18,0,219,12,208,18,0,238,2,0,2,240
01/23/2005,BET,AK,AAL,WE,Federal Contract Tower,4,3,0,0,7,0,125,13,0,138,4,128,13,0,145,14,0,14,159
01/24/2005,BET,AK,AAL,WE,Federal Contract Tower,8,8,3,0,19,0,251,19,0,270,8,259,22,0,289,0,0,0,289
01/25/2005,BET,AK,AAL,WE,Federal Contract Tower,7,6,0,0,13,0,208,23,0,231,7,214,23,0,244,43,0,43,287
01/26/2005,BET,AK,AAL,WE,Federal Contract Tower,16,6,2,0,24,0,229,19,0,248,16,235,21,0,272,23,0,23,295
01/27/2005,BET,AK,AAL,WE,Federal Contract Tower,9,6,3,0,18,0,219,4,0,223,9,225,7,0,241,12,0,12,253
01/28/2005,BET,AK,AAL,WE,Federal Contract Tower,13,2,2,0,17,1,252,13,0,266,14,254,15,0,283,13,0,13,296
01/29/2005,BET,AK,AAL,WE,Federal Contract Tower,9,5,0,0,14,0,208,6,0,214,9,213,6,0,228,0,0,0,228
01/30/2005,BET,AK,AAL,WE,Federal Contract Tower,4,3,0,0,7,0,59,3,0,62,4,62,3,0,69,2,0,2,71
01/31/2005,BET,AK,AAL,WE,Federal Contract Tower,6,5,1,0,12,0,185,11,0,196,6,190,12,0,208,18,0,18,226
02/01/2005,BET,AK,AAL,WE,Federal Contract Tower,14,59,4,0,77,1,149,7,0,157,15,208,11,0,234,0,0,0,234
02/02/2005,BET,AK,AAL,WE,Federal Contract Tower,15,8,2,0,25,0,246,21,0,267,15,254,23,0,292,0,0,0,292
02/03/2005,BET,AK,AAL,WE,Federal Contract Tower,10,4,1,0,15,0,261,9,0,270,10,265,10,0,285,11,0,11,296
02/04/2005,BET,AK,AAL,WE,Federal Contract Tower,14,26,2,0,42,1,175,14,0,190,15,201,16,0,232,12,0,12,244
02/05/2005,BET,AK,AAL,WE,Federal Contract Tower,10,6,0,0,16,1,207,11,0,219,11,213,11,0,235,2,0,2,237
02/06/2005,BET,AK,AAL,WE,Federal Contract Tower,4,12,0,0,16,0,107,0,0,107,4,119,0,0,123,14,0,14,137
02/07/2005,BET,AK,AAL,WE,Federal Contract Tower,8,34,2,0,44,0,58,1,0,59,8,92,3,0,103,0,0,0,103
02/08/2005,BET,AK,AAL,WE,Federal Contract Tower,10,32,0,0,42,0,156,3,0,159,10,188,3,0,201,0,0,0,201
02/09/2005,BET,AK,AAL,WE,Federal Contract Tower,12,6,0,0,18,0,278,11,0,289,12,284,11,0,307,6,0,6,313
02/10/2005,BET,AK,AAL,WE,Federal Contract Tower,11,6,0,0,17,0,251,15,0,266,11,257,15,0,283,0,0,0,283
02/11/2005,BET,AK,AAL,WE,Federal Contract Tower,17,67,1,0,85,0,23,1,0,24,17,90,2,0,109,2,0,2,111
02/12/2005,BET,AK,AAL,WE,Federal Contract Tower,11,13,0,0,24,0,38,0,0,38,11,51,0,0,62,8,0,8,70
02/13/2005,BET,AK,AAL,WE,Federal Contract Tower,2,9,1,0,12,0,13,0,0,13,2,22,1,0,25,0,0,0,25
02/14/2005,BET,AK,AAL,WE,Federal Contract Tower,4,2,0,0,6,0,89,1,0,90,4,91,1,0,96,2,0,2,98
02/15/2005,BET,AK,AAL,WE,Federal Contract Tower,12,37,3,0,52,0,272,12,0,284,12,309,15,0,336,3,0,3,339
02/16/2005,BET,AK,AAL,WE,Federal Contract Tower,18,3,0,0,21,3,242,8,0,253,21,245,8,0,274,3,0,3,277
02/17/2005,BET,AK,AAL,WE,Federal Contract Tower,17,14,1,0,32,0,197,9,0,206,17,211,10,0,238,25,0,25,263
02/18/2005,BET,AK,AAL,WE,Federal Contract Tower,11,12,1,0,24,0,249,7,0,256,11,261,8,0,280,11,0,11,291
02/19/2005,BET,AK,AAL,WE,Federal Contract Tower,10,2,0,0,12,0,233,10,0,243,10,235,10,0,255,0,0,0,255
02/20/2005,BET,AK,AAL,WE,Federal Contract Tower,5,5,0,0,10,0,112,6,0,118,5,117,6,0,128,4,0,4,132
02/21/2005,BET,AK,AAL,WE,Federal Contract Tower,8,9,2,0,19,0,231,8,0,239,8,240,10,0,258,0,0,0,258
02/22/2005,BET,AK,AAL,WE,Federal Contract Tower,10,63,0,0,73,1,143,8,0,152,11,206,8,0,225,0,0,0,225
02/23/2005,BET,AK,AAL,WE,Federal Contract Tower,14,141,2,0,157,0,24,0,0,24,14,165,2,0,181,0,0,0,181
02/24/2005,BET,AK,AAL,WE,Federal Contract Tower,8,51,1,2,62,0,0,0,0,0,8,51,1,2,62,0,0,0,62
02/25/2005,BET,AK,AAL,WE,Federal Contract Tower,18,7,1,0,26,0,310,11,0,321,18,317,12,0,347,12,0,12,359
02/26/2005,BET,AK,AAL,WE,Federal Contract Tower,14,7,0,0,21,1,258,22,0,281,15,265,22,0,302,6,0,6,308
02/27/2005,BET,AK,AAL,WE,Federal Contract Tower,2,3,0,0,5,0,107,14,0,121,2,110,14,0,126,8,0,8,134
02/28/2005,BET,AK,AAL,WE,Federal Contract Tower,12,32,0,0,44,0,135,6,0,141,12,167,6,0,185,0,0,0,185
03/01/2005,BET,AK,AAL,WE,Federal Contract Tower,11,2,0,0,13,2,266,17,0,285,13,268,17,0,298,0,0,0,298
03/02/2005,BET,AK,AAL,WE,Federal Contract Tower,14,13,0,0,27,1,264,12,0,277,15,277,12,0,304,9,0,9,313
03/03/2005,BET,AK,AAL,WE,Federal Contract Tower,8,7,0,0,15,1,319,13,0,333,9,326,13,0,348,10,0,10,358
03/04/2005,BET,AK,AAL,WE,Federal Contract Tower,11,5,0,0,16,0,323,14,0,337,11,328,14,0,353,10,0,10,363
03/05/2005,BET,AK,AAL,WE,Federal Contract Tower,5,3,0,0,8,0,230,11,0,241,5,233,11,0,249,2,0,2,251
03/06/2005,BET,AK,AAL,WE,Federal Contract Tower,4,5,0,0,9,0,138,18,0,156,4,143,18,0,165,0,0,0,165
03/07/2005,BET,AK,AAL,WE,Federal Contract Tower,13,3,0,2,18,0,225,16,0,241,13,228,16,2,259,10,0,10,269
03/08/2005,BET,AK,AAL,WE,Federal Contract Tower,9,8,0,0,17,1,218,15,0,234,10,226,15,0,251,11,0,11,262
03/09/2005,BET,AK,AAL,WE,Federal Contract Tower,13,7,0,0,20,1,303,17,0,321,14,310,17,0,341,8,0,8,349
03/10/2005,BET,AK,AAL,WE,Federal Contract Tower,6,7,0,0,13,0,245,12,0,257,6,252,12,0,270,13,0,13,283
03/11/2005,BET,AK,AAL,WE,Federal Contract Tower,6,9,0,2,17,1,228,13,0,242,7,237,13,2,259,4,0,4,263
03/12/2005,BET,AK,AAL,WE,Federal Contract Tower,12,10,0,0,22,0,170,7,0,177,12,180,7,0,199,3,0,3,202
03/13/2005,BET,AK,AAL,WE,Federal Contract Tower,3,17,1,0,21,0,199,8,0,207,3,216,9,0,228,16,0,16,244
03/14/2005,BET,AK,AAL,WE,Federal Contract Tower,8,6,0,2,16,0,269,19,0,288,8,275,19,2,304,8,0,8,312
03/15/2005,BET,AK,AAL,WE,Federal Contract Tower,12,41,4,0,57,0,3,0,0,3,12,44,4,0,60,0,0,0,60
03/16/2005,BET,AK,AAL,WE,Federal Contract Tower,17,58,4,0,79,1,95,3,0,99,18,153,7,0,178,0,0,0,178
03/17/2005,BET,AK,AAL,WE,Federal Contract Tower,7,4,0,0,11,0,372,36,0,408,7,376,36,0,419,0,0,0,419
03/18/2005,BET,AK,AAL,WE,Federal Contract Tower,10,8,0,0,18,0,330,22,0,352,10,338,22,0,370,0,0,0,370
03/19/2005,BET,AK,AAL,WE,Federal Contract Tower,11,1,0,0,12,0,266,34,0,300,11,267,34,0,312,4,0,4,316
03/20/2005,BET,AK,AAL,WE,Federal Contract Tower,4,12,0,0,16,0,137,10,0,147,4,149,10,0,163,30,0,30,193
03/21/2005,BET,AK,AAL,WE,Federal Contract Tower,11,8,0,0,19,0,180,7,0,187,11,188,7,0,206,0,0,0,206
03/22/2005,BET,AK,AAL,WE,Federal Contract Tower,11,5,1,0,17,3,329,15,0,347,14,334,16,0,364,3,0,3,367
03/23/2005,BET,AK,AAL,WE,Federal Contract Tower,12,11,0,0,23,0,346,25,0,371,12,357,25,0,394,32,0,32,426
03/24/2005,BET,AK,AAL,WE,Federal Contract Tower,10,68,2,2,82,1,160,10,0,171,11,228,12,2,253,9,0,9,262
03/25/2005,BET,AK,AAL,WE,Federal Contract Tower,17,24,2,0,43,0,258,3,0,261,17,282,5,0,304,0,0,0,304
03/26/2005,BET,AK,AAL,WE,Federal Contract Tower,11,9,0,0,20,0,245,21,0,266,11,254,21,0,286,0,0,0,286
03/27/2005,BET,AK,AAL,WE,Federal Contract Tower,3,8,3,0,14,0,108,21,0,129,3,116,24,0,143,0,0,0,143
03/28/2005,BET,AK,AAL,WE,Federal Contract Tower,7,29,2,0,38,0,179,5,0,184,7,208,7,0,222,0,0,0,222
03/29/2005,BET,AK,AAL,WE,Federal Contract Tower,8,6,0,0,14,0,252,9,0,261,8,258,9,0,275,22,0,22,297
03/30/2005,BET,AK,AAL,WE,Federal Contract Tower,8,11,0,0,19,0,274,11,0,285,8,285,11,0,304,1,0,1,305
03/31/2005,BET,AK,AAL,WE,Federal Contract Tower,11,18,0,0,29,0,199,4,2,205,11,217,4,2,234,0,0,0,234
04/01/2005,BET,AK,AAL,WE,Federal Contract Tower,13,10,0,0,23,0,263,22,0,285,13,273,22,0,308,6,0,6,314
04/02/2005,BET,AK,AAL,WE,Federal Contract Tower,12,6,0,0,18,0,184,14,0,198,12,190,14,0,216,0,0,0,216
04/03/2005,BET,AK,AAL,WE,Federal Contract Tower,4,5,0,1,10,0,123,13,1,137,4,128,13,2,147,0,0,0,147
04/04/2005,BET,AK,AAL,WE,Federal Contract Tower,8,2,0,0,10,0,311,13,0,324,8,313,13,0,334,0,0,0,334
04/05/2005,BET,AK,AAL,WE,Federal Contract Tower,12,3,0,0,15,0,226,27,0,253,12,229,27,0,268,23,0,23,291
04/06/2005,BET,AK,AAL,WE,Federal Contract Tower,14,58,1,0,73,0,10,0,0,10,14,68,1,0,83,0,0,0,83
04/07/2005,BET,AK,AAL,WE,Federal Contract Tower,6,79,0,0,85,0,211,14,0,225,6,290,14,0,310,0,0,0,310
04/08/2005,BET,AK,AAL,WE,Federal Contract Tower,11,21,0,0,32,0,258,36,0,294,11,279,36,0,326,3,0,3,329
04/09/2005,BET,AK,AAL,WE,Federal Contract Tower,9,102,4,0,115,0,63,0,0,63,9,165,4,0,178,0,0,0,178
04/10/2005,BET,AK,AAL,WE,Federal Contract Tower,4,110,0,0,114,0,54,4,0,58,4,164,4,0,172,0,0,0,172
04/11/2005,BET,AK,AAL,WE,Federal Contract Tower,12,12,0,0,24,1,281,32,0,314,13,293,32,0,338,5,0,5,343
04/12/2005,BET,AK,AAL,WE,Federal Contract Tower,8,10,0,0,18,1,309,24,0,334,9,319,24,0,352,6,0,6,358
04/13/2005,BET,AK,AAL,WE,Federal Contract Tower,12,12,0,0,24,0,273,18,0,291,12,285,18,0,315,21,0,21,336
04/14/2005,BET,AK,AAL,WE,Federal Contract Tower,9,7,0,0,16,0,296,28,0,324,9,303,28,0,340,21,0,21,361
04/15/2005,BET,AK,AAL,WE,Federal Contract Tower,14,13,3,0,30,0,319,26,0,345,14,332,29,0,375,14,0,14,389
04/16/2005,BET,AK,AAL,WE,Federal Contract Tower,10,85,2,0,97,0,161,15,0,176,10,246,17,0,273,0,0,0,273
04/17/2005,BET,AK,AAL,WE,Federal Contract Tower,4,3,0,0,7,0,111,18,0,129,4,114,18,0,136,2,0,2,138
04/18/2005,BET,AK,AAL,WE,Federal Contract Tower,7,6,2,0,15,1,259,23,0,283,8,265,25,0,298,7,0,7,305
04/19/2005,BET,AK,AAL,WE,Federal Contract Tower,12,9,0,0,21,0,227,18,0,245,12,236,18,0,266,10,0,10,276
04/20/2005,BET,AK,AAL,WE,Federal Contract Tower,10,10,0,0,20,0,246,33,0,279,10,256,33,0,299,12,0,12,311
04/21/2005,BET,AK,AAL,WE,Federal Contract Tower,13,14,0,2,29,0,216,10,0,226,13,230,10,2,255,0,0,0,255
04/22/2005,BET,AK,AAL,WE,Federal Contract Tower,8,8,1,2,19,0,34,5,0,39,8,42,6,2,58,0,0,0,58
04/23/2005,BET,AK,AAL,WE,Federal Contract Tower,11,7,1,0,19,0,352,21,0,373,11,359,22,0,392,9,0,9,401
04/24/2005,BET,AK,AAL,WE,Federal Contract Tower,4,9,1,0,14,0,183,32,0,215,4,192,33,0,229,24,0,24,253
04/25/2005,BET,AK,AAL,WE,Federal Contract Tower,12,12,4,0,28,1,306,27,0,334,13,318,31,0,362,0,0,0,362
04/26/2005,BET,AK,AAL,WE,Federal Contract Tower,10,13,0,2,25,0,311,40,0,351,10,324,40,2,376,19,0,19,395
04/27/2005,BET,AK,AAL,WE,Federal Contract Tower,12,10,0,0,22,0,322,32,0,354,12,332,32,0,376,8,0,8,384
04/28/2005,BET,AK,AAL,WE,Federal Contract Tower,11,5,0,0,16,0,375,33,0,408,11,380,33,0,424,36,0,36,460
04/29/2005,BET,AK,AAL,WE,Federal Contract Tower,15,8,0,0,23,0,411,44,0,455,15,419,44,0,478,12,0,12,490
04/30/2005,BET,AK,AAL,WE,Federal Contract Tower,12,2,1,0,15,1,268,41,0,310,13,270,42,0,325,12,0,12,337
05/01/2005,BET,AK,AAL,WE,Federal Contract Tower,3,0,0,0,3,1,218,41,0,260,4,218,41,0,263,2,0,2,265
05/02/2005,BET,AK,AAL,WE,Federal Contract Tower,9,8,0,0,17,1,325,39,0,365,10,333,39,0,382,2,0,2,384
05/03/2005,BET,AK,AAL,WE,Federal Contract Tower,9,7,0,2,18,0,369,37,0,406,9,376,37,2,424,25,0,25,449
05/04/2005,BET,AK,AAL,WE,Federal Contract Tower,12,150,6,0,168,0,15,1,0,16,12,165,7,0,184,0,0,0,184
05/05/2005,BET,AK,AAL,WE,Federal Contract Tower,11,7,0,0,18,0,416,2,0,418,11,423,2,0,436,0,0,0,436
05/06/2005,BET,AK,AAL,WE,Federal Contract Tower,14,11,2,0,27,0,423,28,0,451,14,434,30,0,478,8,0,8,486
05/07/2005,BET,AK,AAL,WE,Federal Contract Tower,9,7,0,0,16,0,317,33,0,350,9,324,33,0,366,34,0,34,400
05/08/2005,BET,AK,AAL,WE,Federal Contract Tower,4,6,0,0,10,0,235,27,0,262,4,241,27,0,272,2,0,2,274
05/09/2005,BET,AK,AAL,WE,Federal Contract Tower,9,1,0,0,10,0,329,22,0,351,9,330,22,0,361,9,0,9,370
05/10/2005,BET,AK,AAL,WE,Federal Contract Tower,9,2,0,1,12,0,300,20,1,321,9,302,20,2,333,14,0,14,347
05/11/2005,BET,AK,AAL,WE,Federal Contract Tower,14,6,0,0,20,1,325,21,0,347,15,331,21,0,367,39,0,39,406
05/12/2005,BET,AK,AAL,WE,Federal Contract Tower,8,7,2,0,17,1,353,17,0,371,9,360,19,0,388,8,0,8,396
05/13/2005,BET,AK,AAL,WE,Federal Contract Tower,15,2,2,0,19,0,420,38,0,458,15,422,40,0,477,32,0,32,509
05/14/2005,BET,AK,AAL,WE,Federal Contract Tower,7,40,1,0,48,1,244,16,2,263,8,284,17,2,311,7,0,7,318
05/15/2005,BET,AK,AAL,WE,Federal Contract Tower,4,6,0,0,10,0,171,17,4,192,4,177,17,4,202,19,3,22,224
05/16/2005,BET,AK,AAL,WE,Federal Contract Tower,8,35,1,0,44,0,176,14,0,190,8,211,15,0,234,8,0,8,242
05/17/2005,BET,AK,AAL,WE,Federal Contract Tower,9,29,1,0,39,0,137,10,0,147,9,166,11,0,186,0,0,0,186
05/18/2005,BET,AK,AAL,WE,Federal Contract Tower,14,71,0,0,85,0,194,12,0,206,14,265,12,0,291,7,0,7,298
05/19/2005,BET,AK,AAL,WE,Federal Contract Tower,12,45,1,0,58,0,297,25,1,323,12,342,26,1,381,39,4,43,424
05/20/2005,BET,AK,AAL,WE,Federal Contract Tower,11,54,0,0,65,0,238,14,0,252,11,292,14,0,317,0,0,0,317
05/21/2005,BET,AK,AAL,WE,Federal Contract Tower,13,66,1,0,80,0,184,15,0,199,13,250,16,0,279,4,0,4,283
05/22/2005,BET,AK,AAL,WE,Federal Contract Tower,6,17,5,0,28,0,165,34,0,199,6,182,39,0,227,2,0,2,229
05/23/2005,BET,AK,AAL,WE,Federal Contract Tower,14,24,4,0,42,0,226,24,0,250,14,250,28,0,292,19,0,19,311
05/24/2005,BET,AK,AAL,WE,Federal Contract Tower,9,6,0,0,15,1,319,33,0,353,10,325,33,0,368,50,0,50,418
05/25/2005,BET,AK,AAL,WE,Federal Contract Tower,13,4,0,0,17,0,308,21,2,331,13,312,21,2,348,23,0,23,371
05/26/2005,BET,AK,AAL,WE,Federal Contract Tower,13,4,3,0,20,0,326,29,0,355,13,330,32,0,375,21,0,21,396
05/27/2005,BET,AK,AAL,WE,Federal Contract Tower,15,14,0,0,29,1,348,29,0,378,16,362,29,0,407,0,0,0,407
05/28/2005,BET,AK,AAL,WE,Federal Contract Tower,12,8,0,0,20,0,281,33,0,314,12,289,33,0,334,0,0,0,334
05/29/2005,BET,AK,AAL,WE,Federal Contract Tower,4,5,0,0,9,0,124,35,0,159,4,129,35,0,168,10,0,10,178
05/30/2005,BET,AK,AAL,WE,Federal Contract Tower,8,5,2,0,15,0,150,29,0,179,8,155,31,0,194,5,0,5,199
05/31/2005,BET,AK,AAL,WE,Federal Contract Tower,9,7,2,0,18,1,292,20,0,313,10,299,22,0,331,2,0,2,333
06/01/2005,BET,AK,AAL,WE,Federal Contract Tower,14,3,1,0,18,0,323,37,0,360,14,326,38,0,378,0,0,0,378
06/02/2005,BET,AK,AAL,WE,Federal Contract Tower,10,7,0,0,17,0,332,22,0,354,10,339,22,0,371,6,0,6,377
06/03/2005,BET,AK,AAL,WE,Federal Contract Tower,9,13,0,0,22,0,352,29,0,381,9,365,29,0,403,2,0,2,405
06/04/2005,BET,AK,AAL,WE,Federal Contract Tower,12,5,0,0,17,1,249,18,0,268,13,254,18,0,285,8,0,8,293
06/05/2005,BET,AK,AAL,WE,Federal Contract Tower,4,2,0,0,6,0,156,30,0,186,4,158,30,0,192,8,0,8,200
06/06/2005,BET,AK,AAL,WE,Federal Contract Tower,9,8,0,0,17,1,294,50,0,345,10,302,50,0,362,0,0,0,362
06/07/2005,BET,AK,AAL,WE,Federal Contract Tower,8,7,1,0,16,1,264,23,0,288,9,271,24,0,304,8,0,8,312
06/08/2005,BET,AK,AAL,WE,Federal Contract Tower,14,3,0,2,19,0,303,25,0,328,14,306,25,2,347,7,0,7,354
06/09/2005,BET,AK,AAL,WE,Federal Contract Tower,11,12,0,0,23,0,269,32,0,301,11,281,32,0,324,24,0,24,348
06/10/2005,BET,AK,AAL,WE,Federal Contract Tower,12,6,2,0,20,0,325,23,0,348,12,331,25,0,368,10,0,10,378
06/11/2005,BET,AK,AAL,WE,Federal Contract Tower,10,10,0,0,20,1,177,20,0,198,11,187,20,0,218,0,0,0,218
06/12/2005,BET,AK,AAL,WE,Federal Contract Tower,4,10,4,0,18,0,120,30,0,150,4,130,34,0,168,0,0,0,168
06/13/2005,BET,AK,AAL,WE,Federal Contract Tower,6,10,3,0,19,0,299,40,0,339,6,309,43,0,358,10,0,10,368
06/14/2005,BET,AK,AAL,WE,Federal Contract Tower,10,114,9,0,133,0,149,24,0,173,10,263,33,0,306,8,0,8,314
06/15/2005,BET,AK,AAL,WE,Federal Contract Tower,16,9,0,0,25,0,315,20,0,335,16,324,20,0,360,8,0,8,368
06/16/2005,BET,AK,AAL,WE,Federal Contract Tower,7,8,0,0,15,0,313,27,0,340,7,321,27,0,355,9,0,9,364
06/17/2005,BET,AK,AAL,WE,Federal Contract Tower,11,39,0,0,50,1,239,24,0,264,12,278,24,0,314,0,0,0,314
06/18/2005,BET,AK,AAL,WE,Federal Contract Tower,6,4,0,0,10,0,238,20,3,261,6,242,20,3,271,6,0,6,277
06/19/2005,BET,AK,AAL,WE,Federal Contract Tower,6,4,0,0,10,0,139,21,1,161,6,143,21,1,171,0,0,0,171
06/20/2005,BET,AK,AAL,WE,Federal Contract Tower,8,12,0,2,22,0,257,30,0,287,8,269,30,2,309,0,0,0,309
06/21/2005,BET,AK,AAL,WE,Federal Contract Tower,8,4,0,0,12,0,255,40,0,295,8,259,40,0,307,3,0,3,310
06/22/2005,BET,AK,AAL,WE,Federal Contract Tower,16,6,0,0,22,0,276,39,0,315,16,282,39,0,337,4,0,4,341
06/23/2005,BET,AK,AAL,WE,Federal Contract Tower,12,7,1,1,21,0,288,34,0,322,12,295,35,1,343,8,0,8,351
06/24/2005,BET,AK,AAL,WE,Federal Contract Tower,14,11,0,0,25,0,314,28,0,342,14,325,28,0,367,0,0,0,367
06/25/2005,BET,AK,AAL,WE,Federal Contract Tower,13,7,0,0,20,0,263,24,0,287,13,270,24,0,307,16,0,16,323
06/26/2005,BET,AK,AAL,WE,Federal Contract Tower,6,5,0,0,11,0,152,32,0,184,6,157,32,0,195,3,0,3,198
06/27/2005,BET,AK,AAL,WE,Federal Contract Tower,6,3,0,0,9,0,304,35,0,339,6,307,35,0,348,4,0,4,352
06/28/2005,BET,AK,AAL,WE,Federal Contract Tower,14,7,0,0,21,0,308,33,0,341,14,315,33,0,362,0,0,0,362
06/29/2005,BET,AK,AAL,WE,Federal Contract Tower,10,7,1,0,18,4,311,29,0,344,14,318,30,0,362,12,0,12,374
06/30/2005,BET,AK,AAL,WE,Federal Contract Tower,14,63,2,3,82,0,227,15,0,242,14,290,17,3,324,10,0,10,334
07/01/2005,BET,AK,AAL,WE,Federal Contract Tower,13,15,5,0,33,0,325,19,0,344,13,340,24,0,377,21,0,21,398
07/02/2005,BET,AK,AAL,WE,Federal Contract Tower,14,5,5,0,24,2,257,28,0,287,16,262,33,0,311,28,0,28,339
07/03/2005,BET,AK,AAL,WE,Federal Contract Tower,8,6,2,0,16,0,146,28,0,174,8,152,30,0,190,22,0,22,212
07/04/2005,BET,AK,AAL,WE,Federal Contract Tower,8,0,0,0,8,0,21,24,0,45,8,21,24,0,53,0,0,0,53
07/05/2005,BET,AK,AAL,WE,Federal Contract Tower,6,6,0,0,12,0,260,25,0,285,6,266,25,0,297,27,0,27,324
07/06/2005,BET,AK,AAL,WE,Federal Contract Tower,10,6,2,0,18,2,250,44,0,296,12,256,46,0,314,24,0,24,338
07/07/2005,BET,AK,AAL,WE,Federal Contract Tower,9,16,2,0,27,2,292,29,0,323,11,308,31,0,350,7,0,7,357
07/08/2005,BET,AK,AAL,WE,Federal Contract Tower,15,45,1,0,61,4,226,24,0,254,19,271,25,0,315,2,0,2,317
07/09/2005,BET,AK,AAL,WE,Federal Contract Tower,12,32,2,0,46,2,205,28,0,235,14,237,30,0,281,24,0,24,305
07/10/2005,BET,AK,AAL,WE,Federal Contract Tower,4,10,1,0,15,0,125,18,0,143,4,135,19,0,158,1,0,1,159
07/11/2005,BET,AK,AAL,WE,Federal Contract Tower,8,20,0,0,28,0,256,28,0,284,8,276,28,0,312,22,0,22,334
07/12/2005,BET,AK,AAL,WE,Federal Contract Tower,13,4,0,0,17,1,280,25,0,306,14,284,25,0,323,29,0,29,352
07/13/2005,BET,AK,AAL,WE,Federal Contract Tower,13,7,2,0,22,2,259,32,0,293,15,266,34,0,315,22,0,22,337
07/14/2005,BET,AK,AAL,WE,Federal Contract Tower,9,11,2,2,24,0,303,43,0,346,9,314,45,2,370,2,0,2,372
07/15/2005,BET,AK,AAL,WE,Federal Contract Tower,16,4,1,0,21,0,292,38,0,330,16,296,39,0,351,5,0,5,356
07/16/2005,BET,AK,AAL,WE,Federal Contract Tower,10,5,1,0,16,1,247,29,0,277,11,252,30,0,293,21,0,21,314
07/17/2005,BET,AK,AAL,WE,Federal Contract Tower,4,27,1,0,32,0,125,18,0,143,4,152,19,0,175,3,0,3,178
07/18/2005,BET,AK,AAL,WE,Federal Contract Tower,10,36,2,0,48,0,247,25,0,272,10,283,27,0,320,1,0,1,321
07/19/2005,BET,AK,AAL,WE,Federal Contract Tower,13,10,3,0,26,1,212,31,0,244,14,222,34,0,270,3,0,3,273
07/20/2005,BET,AK,AAL,WE,Federal Contract Tower,14,4,1,0,19,1,309,30,0,340,15,313,31,0,359,1,0,1,360
07/21/2005,BET,AK,AAL,WE,Federal Contract Tower,10,11,3,0,24,1,285,44,0,330,11,296,47,0,354,18,0,18,372
07/22/2005,BET,AK,AAL,WE,Federal Contract Tower,14,11,0,0,25,0,299,29,0,328,14,310,29,0,353,25,0,25,378
07/23/2005,BET,AK,AAL,WE,Federal Contract Tower,13,12,0,0,25,0,250,30,0,280,13,262,30,0,305,11,0,11,316
07/24/2005,BET,AK,AAL,WE,Federal Contract Tower,4,1,1,0,6,0,152,30,0,182,4,153,31,0,188,4,0,4,192
07/25/2005,BET,AK,AAL,WE,Federal Contract Tower,8,8,0,0,16,3,258,28,0,289,11,266,28,0,305,2,0,2,307
07/26/2005,BET,AK,AAL,WE,Federal Contract Tower,8,9,8,0,25,1,259,24,0,284,9,268,32,0,309,21,0,21,330
07/27/2005,BET,AK,AAL,WE,Federal Contract Tower,13,10,1,4,28,4,275,31,0,310,17,285,32,4,338,27,0,27,365
07/28/2005,BET,AK,AAL,WE,Federal Contract Tower,14,25,2,0,41,1,246,27,0,274,15,271,29,0,315,6,0,6,321
07/29/2005,BET,AK,AAL,WE,Federal Contract Tower,16,13,1,0,30,1,310,54,0,365,17,323,55,0,395,33,0,33,428
07/30/2005,BET,AK,AAL,WE,Federal Contract Tower,15,53,1,0,69,0,193,29,0,222,15,246,30,0,291,2,0,2,293
07/31/2005,BET,AK,AAL,WE,Federal Contract Tower,3,13,3,0,19,0,167,37,0,204,3,180,40,0,223,32,0,32,255
08/01/2005,BET,AK,AAL,WE,Federal Contract Tower,6,16,0,0,22,0,259,39,0,298,6,275,39,0,320,8,0,8,328
08/02/2005,BET,AK,AAL,WE,Federal Contract Tower,13,39,0,0,52,1,181,35,0,217,14,220,35,0,269,7,0,7,276
08/03/2005,BET,AK,AAL,WE,Federal Contract Tower,10,36,3,0,49,0,232,15,0,247,10,268,18,0,296,0,0,0,296
08/04/2005,BET,AK,AAL,WE,Federal Contract Tower,14,11,0,2,27,0,291,33,0,324,14,302,33,2,351,6,0,6,357
08/05/2005,BET,AK,AAL,WE,Federal Contract Tower,16,14,1,2,33,3,326,32,0,361,19,340,33,2,394,18,6,24,418
08/06/2005,BET,AK,AAL,WE,Federal Contract Tower,15,28,5,0,48,1,222,16,0,239,16,250,21,0,287,3,0,3,290
08/07/2005,BET,AK,AAL,WE,Federal Contract Tower,4,13,0,0,17,0,133,21,1,155,4,146,21,1,172,2,0,2,174
08/08/2005,BET,AK,AAL,WE,Federal Contract Tower,9,9,1,0,19,0,256,41,2,299,9,265,42,2,318,12,1,13,331
08/09/2005,BET,AK,AAL,WE,Federal Contract Tower,20,8,1,0,29,0,329,26,0,355,20,337,27,0,384,5,0,5,389
08/10/2005,BET,AK,AAL,WE,Federal Contract Tower,13,10,0,0,23,0,280,34,0,314,13,290,34,0,337,9,0,9,346
08/11/2005,BET,AK,AAL,WE,Federal Contract Tower,13,12,4,2,31,0,296,39,0,335,13,308,43,2,366,24,0,24,390
08/12/2005,BET,AK,AAL,WE,Federal Contract Tower,14,13,2,0,29,1,360,50,0,411,15,373,52,0,440,13,0,13,453
08/13/2005,BET,AK,AAL,WE,Federal Contract Tower,7,71,10,0,88,2,73,11,0,86,9,144,21,0,174,6,0,6,180
08/14/2005,BET,AK,AAL,WE,Federal Contract Tower,6,23,3,0,32,0,0,0,0,0,6,23,3,0,32,0,0,0,32
08/15/2005,BET,AK,AAL,WE,Federal Contract Tower,4,10,3,0,17,0,0,0,0,0,4,10,3,0,17,0,0,0,17
08/16/2005,BET,AK,AAL,WE,Federal Contract Tower,8,12,2,0,22,2,332,37,0,371,10,344,39,0,393,10,0,10,403
08/17/2005,BET,AK,AAL,WE,Federal Contract Tower,21,8,0,0,29,0,436,43,0,479,21,444,43,0,508,49,0,49,557
08/18/2005,BET,AK,AAL,WE,Federal Contract Tower,11,21,5,0,37,0,1,1,0,2,11,22,6,0,39,0,0,0,39
08/19/2005,BET,AK,AAL,WE,Federal Contract Tower,9,56,6,0,71,0,167,13,0,180,9,223,19,0,251,5,0,5,256
08/20/2005,BET,AK,AAL,WE,Federal Contract Tower,24,60,4,0,88,0,218,12,0,230,24,278,16,0,318,2,0,2,320
08/21/2005,BET,AK,AAL,WE,Federal Contract Tower,4,9,2,0,15,0,207,34,0,241,4,216,36,0,256,9,0,9,265
08/22/2005,BET,AK,AAL,WE,Federal Contract Tower,6,106,7,0,119,0,103,7,0,110,6,209,14,0,229,4,0,4,233
08/23/2005,BET,AK,AAL,WE,Federal Contract Tower,9,69,4,0,82,1,256,11,0,268,10,325,15,0,350,2,0,2,352
08/24/2005,BET,AK,AAL,WE,Federal Contract Tower,13,14,1,0,28,1,338,49,0,388,14,352,50,0,416,9,0,9,425
08/25/2005,BET,AK,AAL,WE,Federal Contract Tower,14,21,1,2,38,0,334,33,0,367,14,355,34,2,405,5,0,5,410
08/26/2005,BET,AK,AAL,WE,Federal Contract Tower,13,9,1,0,23,0,356,57,0,413,13,365,58,0,436,22,0,22,458
08/27/2005,BET,AK,AAL,WE,Federal Contract Tower,15,66,6,0,87,0,129,29,0,158,15,195,35,0,245,3,0,3,248
08/28/2005,BET,AK,AAL,WE,Federal Contract Tower,6,41,0,0,47,0,95,5,0,100,6,136,5,0,147,0,0,0,147
08/29/2005,BET,AK,AAL,WE,Federal Contract Tower,9,82,4,0,95,1,146,12,0,159,10,228,16,0,254,4,0,4,258
08/30/2005,BET,AK,AAL,WE,Federal Contract Tower,8,88,5,0,101,1,188,33,0,222,9,276,38,0,323,11,0,11,334
08/31/2005,BET,AK,AAL,WE,Federal Contract Tower,12,8,5,0,25,0,336,53,0,389,12,344,58,0,414,41,0,41,455
09/01/2005,BET,AK,AAL,WE,Federal Contract Tower,11,38,3,0,52,0,202,53,0,255,11,240,56,0,307,11,0,11,318
09/02/2005,BET,AK,AAL,WE,Federal Contract Tower,12,120,6,0,138,0,53,5,0,58,12,173,11,0,196,4,0,4,200
09/03/2005,BET,AK,AAL,WE,Federal Contract Tower,11,42,1,0,54,0,271,27,0,298,11,313,28,0,352,19,0,19,371
09/04/2005,BET,AK,AAL,WE,Federal Contract Tower,4,25,0,0,29,0,100,31,0,131,4,125,31,0,160,6,0,6,166
09/05/2005,BET,AK,AAL,WE,Federal Contract Tower,6,75,10,0,91,0,52,12,0,64,6,127,22,0,155,6,0,6,161
09/06/2005,BET,AK,AAL,WE,Federal Contract Tower,7,57,7,0,71,0,199,30,0,229,7,256,37,0,300,10,0,10,310
09/07/2005,BET,AK,AAL,WE,Federal Contract Tower,15,15,2,0,32,0,286,52,0,338,15,301,54,0,370,30,0,30,400
09/08/2005,BET,AK,AAL,WE,Federal Contract Tower,9,10,2,0,21,0,270,49,0,319,9,280,51,0,340,10,0,10,350
09/09/2005,BET,AK,AAL,WE,Federal Contract Tower,12,57,5,0,74,1,143,14,0,158,13,200,19,0,232,14,0,14,246
09/10/2005,BET,AK,AAL,WE,Federal Contract Tower,10,38,3,0,51,0,214,45,0,259,10,252,48,0,310,6,0,6,316
09/11/2005,BET,AK,AAL,WE,Federal Contract Tower,4,9,0,0,13,0,131,24,0,155,4,140,24,0,168,8,0,8,176
09/12/2005,BET,AK,AAL,WE,Federal Contract Tower,10,10,0,2,22,0,214,18,4,236,10,224,18,6,258,8,0,8,266
09/13/2005,BET,AK,AAL,WE,Federal Contract Tower,10,97,8,0,115,1,164,14,0,179,11,261,22,0,294,2,0,2,296
09/14/2005,BET,AK,AAL,WE,Federal Contract Tower,14,36,0,0,50,0,243,30,0,273,14,279,30,0,323,24,0,24,347
09/15/2005,BET,AK,AAL,WE,Federal Contract Tower,7,65,3,0,75,0,220,11,0,231,7,285,14,0,306,2,0,2,308
09/16/2005,BET,AK,AAL,WE,Federal Contract Tower,13,11,0,0,24,0,320,38,0,358,13,331,38,0,382,9,0,9,391
09/17/2005,BET,AK,AAL,WE,Federal Contract Tower,10,8,2,0,20,0,269,56,2,327,10,277,58,2,347,31,0,31,378
09/18/2005,BET,AK,AAL,WE,Federal Contract Tower,4,30,8,0,42,0,136,38,0,174,4,166,46,0,216,24,0,24,240
09/19/2005,BET,AK,AAL,WE,Federal Contract Tower,9,41,1,0,51,1,236,28,0,265,10,277,29,0,316,14,0,14,330
09/20/2005,BET,AK,AAL,WE,Federal Contract Tower,10,17,1,0,28,0,239,32,2,273,10,256,33,2,301,3,0,3,304
09/21/2005,BET,AK,AAL,WE,Federal Contract Tower,15,44,1,0,60,0,65,1,0,66,15,109,2,0,126,0,0,0,126
09/22/2005,BET,AK,AAL,WE,Federal Contract Tower,13,32,0,0,45,0,38,2,0,40,13,70,2,0,85,6,0,6,91
09/23/2005,BET,AK,AAL,WE,Federal Contract Tower,10,10,0,0,20,1,345,45,0,391,11,355,45,0,411,6,0,6,417
09/24/2005,BET,AK,AAL,WE,Federal Contract Tower,11,53,5,0,69,1,167,17,0,185,12,220,22,0,254,4,0,4,258
09/25/2005,BET,AK,AAL,WE,Federal Contract Tower,4,5,0,0,9,0,159,39,0,198,4,164,39,0,207,24,0,24,231
09/26/2005,BET,AK,AAL,WE,Federal Contract Tower,10,6,0,0,16,0,266,40,2,308,10,272,40,2,324,30,0,30,354
09/27/2005,BET,AK,AAL,WE,Federal Contract Tower,10,6,3,0,19,0,292,19,0,311,10,298,22,0,330,9,0,9,339
09/28/2005,BET,AK,AAL,WE,Federal Contract Tower,15,7,1,0,23,0,298,48,0,346,15,305,49,0,369,5,0,5,374
09/29/2005,BET,AK,AAL,WE,Federal Contract Tower,13,45,4,0,62,0,274,19,0,293,13,319,23,0,355,1,0,1,356
09/30/2005,BET,AK,AAL,WE,Federal Contract Tower,11,3,1,0,15,0,335,37,0,372,11,338,38,0,387,12,0,12,399
10/01/2005,BET,AK,AAL,WE,Federal Contract Tower,8,3,0,0,11,0,271,61,0,332,8,274,61,0,343,6,0,6,349
10/02/2005,BET,AK,AAL,WE,Federal Contract Tower,6,27,2,0,35,0,106,19,0,125,6,133,21,0,160,8,0,8,168
10/03/2005,BET,AK,AAL,WE,Federal Contract Tower,9,3,0,0,12,0,301,55,0,356,9,304,55,0,368,20,0,20,388
10/04/2005,BET,AK,AAL,WE,Federal Contract Tower,8,5,0,0,13,0,314,29,0,343,8,319,29,0,356,6,0,6,362
10/05/2005,BET,AK,AAL,WE,Federal Contract Tower,15,5,2,0,22,0,283,37,0,320,15,288,39,0,342,0,0,0,342
10/06/2005,BET,AK,AAL,WE,Federal Contract Tower,8,33,0,4,45,0,296,30,0,326,8,329,30,4,371,0,0,0,371
10/07/2005,BET,AK,AAL,WE,Federal Contract Tower,12,12,2,0,26,0,344,22,0,366,12,356,24,0,392,18,0,18,410
10/08/2005,BET,AK,AAL,WE,Federal Contract Tower,8,5,1,0,14,2,276,33,0,311,10,281,34,0,325,13,0,13,338
10/09/2005,BET,AK,AAL,WE,Federal Contract Tower,4,9,0,0,13,0,148,15,0,163,4,157,15,0,176,13,0,13,189
10/10/2005,BET,AK,AAL,WE,Federal Contract Tower,7,11,0,0,18,1,243,14,0,258,8,254,14,0,276,23,0,23,299
10/11/2005,BET,AK,AAL,WE,Federal Contract Tower,10,12,2,0,24,0,278,8,0,286,10,290,10,0,310,26,0,26,336
10/12/2005,BET,AK,AAL,WE,Federal Contract Tower,13,33,2,2,50,0,252,14,0,266,13,285,16,2,316,16,0,16,332
10/13/2005,BET,AK,AAL,WE,Federal Contract Tower,13,43,2,0,58,0,146,8,0,154,13,189,10,0,212,12,0,12,224
10/14/2005,BET,AK,AAL,WE,Federal Contract Tower,13,27,1,0,41,0,313,27,0,340,13,340,28,0,381,15,0,15,396
10/15/2005,BET,AK,AAL,WE,Federal Contract Tower,6,4,1,0,11,0,0,0,0,0,6,4,1,0,11,0,0,0,11
10/16/2005,BET,AK,AAL,WE,Federal Contract Tower,8,44,6,2,60,0,17,1,0,18,8,61,7,2,78,0,0,0,78
10/17/2005,BET,AK,AAL,WE,Federal Contract Tower,11,42,1,0,54,0,75,0,0,75,11,117,1,0,129,6,0,6,135
10/18/2005,BET,AK,AAL,WE,Federal Contract Tower,11,22,1,0,34,0,427,14,0,441,11,449,15,0,475,36,0,36,511
10/19/2005,BET,AK,AAL,WE,Federal Contract Tower,13,18,0,0,31,0,363,21,0,384,13,381,21,0,415,24,0,24,439
10/20/2005,BET,AK,AAL,WE,Federal Contract Tower,8,82,3,4,97,0,205,7,5,217,8,287,10,9,314,6,0,6,320
10/21/2005,BET,AK,AAL,WE,Federal Contract Tower,14,43,0,2,59,0,275,11,0,286,14,318,11,2,345,13,0,13,358
10/22/2005,BET,AK,AAL,WE,Federal Contract Tower,8,105,0,0,113,0,10,0,0,10,8,115,0,0,123,0,0,0,123
10/23/2005,BET,AK,AAL,WE,Federal Contract Tower,6,9,2,0,17,0,197,10,8,215,6,206,12,8,232,6,0,6,238
10/24/2005,BET,AK,AAL,WE,Federal Contract Tower,12,14,0,0,26,0,302,8,0,310,12,316,8,0,336,12,0,12,348
10/25/2005,BET,AK,AAL,WE,Federal Contract Tower,12,13,0,5,30,0,285,6,0,291,12,298,6,5,321,32,0,32,353
10/26/2005,BET,AK,AAL,WE,Federal Contract Tower,13,7,4,0,24,0,288,22,0,310,13,295,26,0,334,0,0,0,334
10/27/2005,BET,AK,AAL,WE,Federal Contract Tower,10,11,0,0,21,0,351,17,0,368,10,362,17,0,389,17,0,17,406
10/28/2005,BET,AK,AAL,WE,Federal Contract Tower,11,6,0,0,17,0,436,24,0,460,11,442,24,0,477,6,0,6,483
10/29/2005,BET,AK,AAL,WE,Federal Contract Tower,13,10,0,0,23,1,389,34,0,424,14,399,34,0,447,5,0,5,452
10/30/2005,BET,AK,AAL,WE,Federal Contract Tower,4,4,0,0,8,0,230,12,0,242,4,234,12,0,250,16,0,16,266
10/31/2005,BET,AK,AAL,WE,Federal Contract Tower,7,10,0,0,17,0,379,6,0,385,7,389,6,0,402,9,0,9,411
11/01/2005,BET,AK,AAL,WE,Federal Contract Tower,12,46,0,0,58,0,177,4,0,181,12,223,4,0,239,2,0,2,241
11/02/2005,BET,AK,AAL,WE,Federal Contract Tower,13,48,0,0,61,0,140,3,0,143,13,188,3,0,204,5,0,5,209
11/03/2005,BET,AK,AAL,WE,Federal Contract Tower,7,11,0,0,18,0,406,25,0,431,7,417,25,0,449,16,0,16,465
11/04/2005,BET,AK,AAL,WE,Federal Contract Tower,13,6,0,0,19,0,448,18,3,469,13,454,18,3,488,1,0,1,489
11/05/2005,BET,AK,AAL,WE,Federal Contract Tower,7,44,4,1,56,0,226,10,3,239,7,270,14,4,295,2,0,2,297
11/06/2005,BET,AK,AAL,WE,Federal Contract Tower,3,9,0,0,12,0,241,24,2,267,3,250,24,2,279,6,0,6,285
11/07/2005,BET,AK,AAL,WE,Federal Contract Tower,13,11,0,0,24,0,300,8,0,308,13,311,8,0,332,18,0,18,350
11/08/2005,BET,AK,AAL,WE,Federal Contract Tower,8,10,0,0,18,0,331,9,0,340,8,341,9,0,358,14,0,14,372
11/09/2005,BET,AK,AAL,WE,Federal Contract Tower,12,3,0,0,15,0,377,8,0,385,12,380,8,0,400,2,0,2,402
11/10/2005,BET,AK,AAL,WE,Federal Contract Tower,8,7,3,3,21,0,363,9,0,372,8,370,12,3,393,0,0,0,393
11/11/2005,BET,AK,AAL,WE,Federal Contract Tower,12,9,2,0,23,1,341,19,0,361,13,350,21,0,384,0,0,0,384
11/12/2005,BET,AK,AAL,WE,Federal Contract Tower,11,8,0,0,19,0,319,14,0,333,11,327,14,0,352,6,0,6,358
11/13/2005,BET,AK,AAL,WE,Federal Contract Tower,3,2,1,0,6,0,153,16,0,169,3,155,17,0,175,0,0,0,175
11/14/2005,BET,AK,AAL,WE,Federal Contract Tower,11,5,0,0,16,0,265,12,0,277,11,270,12,0,293,13,0,13,306
11/15/2005,BET,AK,AAL,WE,Federal Contract Tower,7,9,0,2,18,1,364,24,0,389,8,373,24,2,407,0,0,0,407
11/16/2005,BET,AK,AAL,WE,Federal Contract Tower,12,10,2,2,26,0,126,1,2,129,12,136,3,4,155,2,0,2,157
11/17/2005,BET,AK,AAL,WE,Federal Contract Tower,7,62,0,1,70,0,26,1,5,32,7,88,1,6,102,0,0,0,102
11/18/2005,BET,AK,AAL,WE,Federal Contract Tower,11,84,2,8,105,0,41,1,2,44,11,125,3,10,149,0,0,0,149
11/19/2005,BET,AK,AAL,WE,Federal Contract Tower,12,102,0,0,114,0,80,0,0,80,12,182,0,0,194,0,0,0,194
11/20/2005,BET,AK,AAL,WE,Federal Contract Tower,9,11,0,0,20,0,192,9,0,201,9,203,9,0,221,0,0,0,221
11/21/2005,BET,AK,AAL,WE,Federal Contract Tower,6,8,0,2,16,0,367,9,0,376,6,375,9,2,392,0,0,0,392
11/22/2005,BET,AK,AAL,WE,Federal Contract Tower,13,19,1,3,36,0,275,15,12,302,13,294,16,15,338,6,0,6,344
11/23/2005,BET,AK,AAL,WE,Federal Contract Tower,12,6,0,0,18,0,385,17,0,402,12,391,17,0,420,8,0,8,428
11/24/2005,BET,AK,AAL,WE,Federal Contract Tower,0,0,0,0,0,0,28,14,0,42,0,28,14,0,42,0,0,0,42
11/25/2005,BET,AK,AAL,WE,Federal Contract Tower,14,5,0,0,19,0,296,5,0,301,14,301,5,0,320,0,0,0,320
11/26/2005,BET,AK,AAL,WE,Federal Contract Tower,9,7,0,0,16,0,303,21,0,324,9,310,21,0,340,2,0,2,342
11/27/2005,BET,AK,AAL,WE,Federal Contract Tower,4,3,0,0,7,0,190,21,0,211,4,193,21,0,218,28,0,28,246
11/28/2005,BET,AK,AAL,WE,Federal Contract Tower,7,43,0,0,50,0,109,3,0,112,7,152,3,0,162,2,0,2,164
11/29/2005,BET,AK,AAL,WE,Federal Contract Tower,8,79,1,0,88,0,64,2,0,66,8,143,3,0,154,0,0,0,154
11/30/2005,BET,AK,AAL,WE,Federal Contract Tower,10,57,0,0,67,3,40,0,0,43,13,97,0,0,110,2,0,2,112
12/01/2005,BET,AK,AAL,WE,Federal Contract Tower,13,17,0,2,32,0,331,9,0,340,13,348,9,2,372,0,0,0,372
12/02/2005,BET,AK,AAL,WE,Federal Contract Tower,9,4,0,0,13,1,370,25,16,412,10,374,25,16,425,23,0,23,448
12/03/2005,BET,AK,AAL,WE,Federal Contract Tower,10,73,2,5,90,1,44,0,1,46,11,117,2,6,136,0,0,0,136
12/04/2005,BET,AK,AAL,WE,Federal Contract Tower,2,47,2,2,53,0,83,0,0,83,2,130,2,2,136,0,0,0,136
12/05/2005,BET,AK,AAL,WE,Federal Contract Tower,8,43,0,0,51,0,148,4,0,152,8,191,4,0,203,0,0,0,203
12/06/2005,BET,AK,AAL,WE,Federal Contract Tower,14,33,0,0,47,0,43,0,0,43,14,76,0,0,90,0,0,0,90
12/07/2005,BET,AK,AAL,WE,Federal Contract Tower,11,11,0,0,22,0,247,7,0,254,11,258,7,0,276,0,0,0,276
12/08/2005,BET,AK,AAL,WE,Federal Contract Tower,10,8,0,0,18,0,305,10,0,315,10,313,10,0,333,10,0,10,343
12/09/2005,BET,AK,AAL,WE,Federal Contract Tower,16,32,0,0,48,0,0,0,0,0,16,32,0,0,48,8,0,8,56
12/10/2005,BET,AK,AAL,WE,Federal Contract Tower,11,91,0,0,102,0,33,0,0,33,11,124,0,0,135,4,0,4,139
12/11/2005,BET,AK,AAL,WE,Federal Contract Tower,3,47,1,0,51,0,118,5,0,123,3,165,6,0,174,2,0,2,176
12/12/2005,BET,AK,AAL,WE,Federal Contract Tower,9,20,0,0,29,1,339,11,0,351,10,359,11,0,380,6,0,6,386
12/13/2005,BET,AK,AAL,WE,Federal Contract Tower,11,22,2,2,37,1,255,5,0,261,12,277,7,2,298,12,0,12,310
12/14/2005,BET,AK,AAL,WE,Federal Contract Tower,11,10,1,2,24,0,202,2,2,206,11,212,3,4,230,1,0,1,231
12/15/2005,BET,AK,AAL,WE,Federal Contract Tower,9,4,0,0,13,0,300,10,0,310,9,304,10,0,323,4,0,4,327
12/16/2005,BET,AK,AAL,WE,Federal Contract Tower,8,50,0,14,72,0,1,0,5,6,8,51,0,19,78,2,0,2,80
12/17/2005,BET,AK,AAL,WE,Federal Contract Tower,13,7,1,0,21,1,364,16,0,381,14,371,17,0,402,2,0,2,404
12/18/2005,BET,AK,AAL,WE,Federal Contract Tower,5,1,2,0,8,0,181,14,0,195,5,182,16,0,203,0,0,0,203
12/19/2005,BET,AK,AAL,WE,Federal Contract Tower,10,9,1,1,21,0,307,11,1,319,10,316,12,2,340,10,0,10,350
12/20/2005,BET,AK,AAL,WE,Federal Contract Tower,7,9,0,2,18,1,301,12,0,314,8,310,12,2,332,0,0,0,332
12/21/2005,BET,AK,AAL,WE,Federal Contract Tower,10,8,0,0,18,0,330,12,0,342,10,338,12,0,360,0,0,0,360
12/22/2005,BET,AK,AAL,WE,Federal Contract Tower,11,20,0,0,31,0,222,11,0,233,11,242,11,0,264,10,0,10,274
12/23/2005,BET,AK,AAL,WE,Federal Contract Tower,10,12,1,0,23,0,294,13,0,307,10,306,14,0,330,1,0,1,331
12/24/2005,BET,AK,AAL,WE,Federal Contract Tower,12,1,0,0,13,0,197,6,0,203,12,198,6,0,216,3,0,3,219
12/25/2005,BET,AK,AAL,WE,Federal Contract Tower,0,0,0,0,0,0,2,0,0,2,0,2,0,0,2,0,0,0,2
12/26/2005,BET,AK,AAL,WE,Federal Contract Tower,7,2,0,0,9,0,129,8,0,137,7,131,8,0,146,5,0,5,151
12/27/2005,BET,AK,AAL,WE,Federal Contract Tower,5,3,0,0,8,0,244,11,0,255,5,247,11,0,263,0,0,0,263
12/28/2005,BET,AK,AAL,WE,Federal Contract Tower,10,8,0,0,18,2,223,9,0,234,12,231,9,0,252,21,0,21,273
12/29/2005,BET,AK,AAL,WE,Federal Contract Tower,8,5,0,0,13,0,236,17,0,253,8,241,17,0,266,10,0,10,276
12/30/2005,BET,AK,AAL,WE,Federal Contract Tower,10,10,0,0,20,1,228,15,0,244,11,238,15,0,264,0,0,0,264
12/31/2005,BET,AK,AAL,WE,Federal Contract Tower,11,5,0,0,16,0,157,10,0,167,11,162,10,0,183,2,0,2,185
01/01/2006,BET,AK,AAL,WE,Federal Contract Tower,4,2,0,0,6,0,14,5,0,19,4,16,5,0,25,0,0,0,25
01/02/2006,BET,AK,AAL,WE,Federal Contract Tower,6,1,0,0,7,0,148,13,0,161,6,149,13,0,168,0,0,0,168
01/03/2006,BET,AK,AAL,WE,Federal Contract Tower,5,42,1,4,52,1,68,4,0,73,6,110,5,4,125,4,0,4,129
01/04/2006,BET,AK,AAL,WE,Federal Contract Tower,11,40,1,0,52,1,116,7,0,124,12,156,8,0,176,0,0,0,176
01/05/2006,BET,AK,AAL,WE,Federal Contract Tower,9,3,0,2,14,0,253,15,0,268,9,256,15,2,282,6,0,6,288
01/06/2006,BET,AK,AAL,WE,Federal Contract Tower,10,29,0,0,39,0,253,5,0,258,10,282,5,0,297,9,0,9,306
01/07/2006,BET,AK,AAL,WE,Federal Contract Tower,11,9,1,0,21,0,183,8,0,191,11,192,9,0,212,5,0,5,217
01/08/2006,BET,AK,AAL,WE,Federal Contract Tower,4,5,0,0,9,0,135,4,0,139,4,140,4,0,148,0,0,0,148
01/09/2006,BET,AK,AAL,WE,Federal Contract Tower,6,4,0,0,10,0,197,2,0,199,6,201,2,0,209,6,0,6,215
01/10/2006,BET,AK,AAL,WE,Federal Contract Tower,10,17,1,0,28,0,180,9,0,189,10,197,10,0,217,0,0,0,217
01/11/2006,BET,AK,AAL,WE,Federal Contract Tower,9,45,0,0,54,0,70,2,0,72,9,115,2,0,126,0,0,0,126
01/12/2006,BET,AK,AAL,WE,Federal Contract Tower,8,27,1,0,36,0,239,18,0,257,8,266,19,0,293,0,0,0,293
01/13/2006,BET,AK,AAL,WE,Federal Contract Tower,13,59,0,0,72,0,187,4,0,191,13,246,4,0,263,0,0,0,263
01/14/2006,BET,AK,AAL,WE,Federal Contract Tower,9,71,0,0,80,0,0,0,0,0,9,71,0,0,80,0,0,0,80
01/15/2006,BET,AK,AAL,WE,Federal Contract Tower,3,48,0,0,51,0,0,0,0,0,3,48,0,0,51,0,0,0,51
01/16/2006,BET,AK,AAL,WE,Federal Contract Tower,8,24,0,0,32,0,28,0,0,28,8,52,0,0,60,0,0,0,60
01/17/2006,BET,AK,AAL,WE,Federal Contract Tower,7,42,1,2,52,1,197,9,0,207,8,239,10,2,259,0,0,0,259
01/18/2006,BET,AK,AAL,WE,Federal Contract Tower,13,2,0,0,15,0,214,17,0,231,13,216,17,0,246,11,0,11,257
01/19/2006,BET,AK,AAL,WE,Federal Contract Tower,11,5,0,0,16,0,277,3,0,280,11,282,3,0,296,9,0,9,305
01/20/2006,BET,AK,AAL,WE,Federal Contract Tower,13,35,0,0,48,0,160,4,5,169,13,195,4,5,217,10,0,10,227
01/21/2006,BET,AK,AAL,WE,Federal Contract Tower,7,7,0,0,14,1,164,1,0,166,8,171,1,0,180,0,0,0,180
01/22/2006,BET,AK,AAL,WE,Federal Contract Tower,3,3,1,0,7,0,104,3,0,107,3,107,4,0,114,6,0,6,120
01/23/2006,BET,AK,AAL,WE,Federal Contract Tower,7,4,0,0,11,1,259,4,0,264,8,263,4,0,275,0,0,0,275
01/24/2006,BET,AK,AAL,WE,Federal Contract Tower,9,4,0,0,13,2,257,10,0,269,11,261,10,0,282,21,0,21,303
01/25/2006,BET,AK,AAL,WE,Federal Contract Tower,10,5,0,0,15,0,255,13,0,268,10,260,13,0,283,10,0,10,293
01/26/2006,BET,AK,AAL,WE,Federal Contract Tower,13,5,0,0,18,0,255,12,0,267,13,260,12,0,285,8,0,8,293
01/27/2006,BET,AK,AAL,WE,Federal Contract Tower,13,6,0,0,19,0,218,11,0,229,13,224,11,0,248,4,0,4,252
01/28/2006,BET,AK,AAL,WE,Federal Contract Tower,9,3,0,0,12,1,156,4,0,161,10,159,4,0,173,10,0,10,183
01/29/2006,BET,AK,AAL,WE,Federal Contract Tower,4,4,2,0,10,0,105,10,0,115,4,109,12,0,125,6,0,6,131
01/30/2006,BET,AK,AAL,WE,Federal Contract Tower,9,12,0,0,21,0,230,12,0,242,9,242,12,0,263,6,0,6,269
01/31/2006,BET,AK,AAL,WE,Federal Contract Tower,7,8,0,0,15,0,212,3,0,215,7,220,3,0,230,16,0,16,246
02/01/2006,BET,AK,AAL,WE,Federal Contract Tower,15,3,0,0,18,0,234,8,0,242,15,237,8,0,260,0,0,0,260
02/02/2006,BET,AK,AAL,WE,Federal Contract Tower,6,6,3,0,15,0,120,10,0,130,6,126,13,0,145,5,0,5,150
02/03/2006,BET,AK,AAL,WE,Federal Contract Tower,9,37,4,2,52,0,170,8,0,178,9,207,12,2,230,0,0,0,230
02/04/2006,BET,AK,AAL,WE,Federal Contract Tower,7,5,0,0,12,0,104,4,0,108,7,109,4,0,120,7,0,7,127
02/05/2006,BET,AK,AAL,WE,Federal Contract Tower,4,2,0,0,6,0,106,2,0,108,4,108,2,0,114,20,0,20,134
02/06/2006,BET,AK,AAL,WE,Federal Contract Tower,11,29,0,0,40,0,215,13,0,228,11,244,13,0,268,0,0,0,268
02/07/2006,BET,AK,AAL,WE,Federal Contract Tower,7,4,0,0,11,0,292,20,0,312,7,296,20,0,323,11,0,11,334
02/08/2006,BET,AK,AAL,WE,Federal Contract Tower,10,8,0,0,18,1,198,9,0,208,11,206,9,0,226,0,0,0,226
02/09/2006,BET,AK,AAL,WE,Federal Contract Tower,10,5,0,0,15,1,264,25,0,290,11,269,25,0,305,2,0,2,307
02/10/2006,BET,AK,AAL,WE,Federal Contract Tower,9,10,0,0,19,1,207,16,0,224,10,217,16,0,243,9,0,9,252
02/11/2006,BET,AK,AAL,WE,Federal Contract Tower,5,15,1,0,21,0,206,11,0,217,5,221,12,0,238,0,0,0,238
02/12/2006,BET,AK,AAL,WE,Federal Contract Tower,5,7,0,0,12,1,9,0,0,10,6,16,0,0,22,0,0,0,22
02/13/2006,BET,AK,AAL,WE,Federal Contract Tower,10,15,0,0,25,0,111,0,0,111,10,126,0,0,136,0,0,0,136
02/14/2006,BET,AK,AAL,WE,Federal Contract Tower,13,9,0,0,22,0,46,2,0,48,13,55,2,0,70,0,0,0,70
02/15/2006,BET,AK,AAL,WE,Federal Contract Tower,11,105,2,0,118,0,10,0,0,10,11,115,2,0,128,0,0,0,128
02/16/2006,BET,AK,AAL,WE,Federal Contract Tower,9,109,1,0,119,0,176,9,0,185,9,285,10,0,304,0,0,0,304
02/17/2006,BET,AK,AAL,WE,Federal Contract Tower,15,15,0,0,30,0,310,13,0,323,15,325,13,0,353,15,0,15,368
02/18/2006,BET,AK,AAL,WE,Federal Contract Tower,8,14,0,0,22,0,19,0,0,19,8,33,0,0,41,0,0,0,41
02/19/2006,BET,AK,AAL,WE,Federal Contract Tower,4,9,0,0,13,0,206,1,1,208,4,215,1,1,221,7,0,7,228
02/20/2006,BET,AK,AAL,WE,Federal Contract Tower,10,4,2,0,16,0,243,14,0,257,10,247,16,0,273,10,0,10,283
02/21/2006,BET,AK,AAL,WE,Federal Contract Tower,8,9,0,0,17,0,279,17,0,296,8,288,17,0,313,0,0,0,313
02/22/2006,BET,AK,AAL,WE,Federal Contract Tower,5,97,4,2,108,0,3,1,0,4,5,100,5,2,112,0,0,0,112
02/23/2006,BET,AK,AAL,WE,Federal Contract Tower,10,35,0,0,45,0,249,13,0,262,10,284,13,0,307,16,2,18,325
02/24/2006,BET,AK,AAL,WE,Federal Contract Tower,10,99,2,0,111,0,0,0,0,0,10,99,2,0,111,0,0,0,111
02/25/2006,BET,AK,AAL,WE,Federal Contract Tower,9,5,0,0,14,0,251,4,0,255,9,256,4,0,269,0,0,0,269
02/26/2006,BET,AK,AAL,WE,Federal Contract Tower,2,52,0,0,54,0,6,0,0,6,2,58,0,0,60,0,0,0,60
02/27/2006,BET,AK,AAL,WE,Federal Contract Tower,9,14,4,0,27,0,252,9,0,261,9,266,13,0,288,25,2,27,315
02/28/2006,BET,AK,AAL,WE,Federal Contract Tower,10,5,0,0,15,1,275,17,0,293,11,280,17,0,308,9,0,9,317
03/01/2006,BET,AK,AAL,WE,Federal Contract Tower,9,6,0,0,15,0,48,0,0,48,9,54,0,0,63,0,0,0,63
03/02/2006,BET,AK,AAL,WE,Federal Contract Tower,6,36,0,0,42,0,14,1,0,15,6,50,1,0,57,0,0,0,57
03/03/2006,BET,AK,AAL,WE,Federal Contract Tower,9,17,3,0,29,0,227,11,1,239,9,244,14,1,268,2,0,2,270
03/04/2006,BET,AK,AAL,WE,Federal Contract Tower,9,70,0,4,83,0,21,2,1,24,9,91,2,5,107,0,0,0,107
03/05/2006,BET,AK,AAL,WE,Federal Contract Tower,2,40,1,2,45,0,62,1,0,63,2,102,2,2,108,0,0,0,108
03/06/2006,BET,AK,AAL,WE,Federal Contract Tower,7,33,4,0,44,0,274,13,0,287,7,307,17,0,331,2,0,2,333
03/07/2006,BET,AK,AAL,WE,Federal Contract Tower,9,8,3,0,20,0,250,12,0,262,9,258,15,0,282,15,0,15,297
03/08/2006,BET,AK,AAL,WE,Federal Contract Tower,10,7,2,2,21,0,287,19,0,306,10,294,21,2,327,19,0,19,346
03/09/2006,BET,AK,AAL,WE,Federal Contract Tower,9,5,0,0,14,1,284,30,2,317,10,289,30,2,331,4,0,4,335
03/10/2006,BET,AK,AAL,WE,Federal Contract Tower,12,1,2,2,17,0,265,12,1,278,12,266,14,3,295,1,0,1,296
03/11/2006,BET,AK,AAL,WE,Federal Contract Tower,8,11,0,0,19,0,17,0,6,23,8,28,0,6,42,0,0,0,42
03/12/2006,BET,AK,AAL,WE,Federal Contract Tower,3,22,0,0,25,0,157,12,1,170,3,179,12,1,195,2,0,2,197
03/13/2006,BET,AK,AAL,WE,Federal Contract Tower,9,14,0,0,23,1,259,14,0,274,10,273,14,0,297,1,0,1,298
03/14/2006,BET,AK,AAL,WE,Federal Contract Tower,7,5,0,0,12,0,309,20,0,329,7,314,20,0,341,0,0,0,341
03/15/2006,BET,AK,AAL,WE,Federal Contract Tower,10,30,0,0,40,1,273,34,0,308,11,303,34,0,348,0,0,0,348
03/16/2006,BET,AK,AAL,WE,Federal Contract Tower,11,7,0,0,18,0,313,16,0,329,11,320,16,0,347,4,0,4,351
03/17/2006,BET,AK,AAL,WE,Federal Contract Tower,9,16,0,0,25,1,14,0,0,15,10,30,0,0,40,0,0,0,40
03/18/2006,BET,AK,AAL,WE,Federal Contract Tower,8,7,1,0,16,0,204,8,0,212,8,211,9,0,228,5,0,5,233
03/19/2006,BET,AK,AAL,WE,Federal Contract Tower,3,33,0,0,36,0,0,0,0,0,3,33,0,0,36,0,0,0,36
03/20/2006,BET,AK,AAL,WE,Federal Contract Tower,9,80,1,0,90,2,175,0,0,177,11,255,1,0,267,0,0,0,267
03/21/2006,BET,AK,AAL,WE,Federal Contract Tower,9,4,1,0,14,1,335,20,0,356,10,339,21,0,370,20,0,20,390
03/22/2006,BET,AK,AAL,WE,Federal Contract Tower,11,13,0,0,24,1,302,19,0,322,12,315,19,0,346,11,0,11,357
03/23/2006,BET,AK,AAL,WE,Federal Contract Tower,9,1,1,0,11,0,335,16,0,351,9,336,17,0,362,4,0,4,366
03/24/2006,BET,AK,AAL,WE,Federal Contract Tower,8,4,0,0,12,1,336,19,0,356,9,340,19,0,368,8,0,8,376
03/25/2006,BET,AK,AAL,WE,Federal Contract Tower,8,2,0,0,10,1,276,13,0,290,9,278,13,0,300,12,0,12,312
03/26/2006,BET,AK,AAL,WE,Federal Contract Tower,3,2,0,0,5,0,152,17,0,169,3,154,17,0,174,4,0,4,178
03/27/2006,BET,AK,AAL,WE,Federal Contract Tower,9,4,2,0,15,0,243,20,0,263,9,247,22,0,278,2,0,2,280
03/28/2006,BET,AK,AAL,WE,Federal Contract Tower,9,5,4,0,18,0,253,21,0,274,9,258,25,0,292,2,0,2,294
03/29/2006,BET,AK,AAL,WE,Federal Contract Tower,11,44,9,0,64,0,159,1,0,160,11,203,10,0,224,4,0,4,228
03/30/2006,BET,AK,AAL,WE,Federal Contract Tower,6,12,0,0,18,0,131,3,0,134,6,143,3,0,152,2,0,2,154
03/31/2006,BET,AK,AAL,WE,Federal Contract Tower,12,6,2,0,20,1,280,11,0,292,13,286,13,0,312,7,0,7,319
04/01/2006,BET,AK,AAL,WE,Federal Contract Tower,9,17,0,0,26,0,232,13,0,245,9,249,13,0,271,3,0,3,274
04/02/2006,BET,AK,AAL,WE,Federal Contract Tower,4,46,1,0,51,0,53,11,0,64,4,99,12,0,115,5,0,5,120
04/03/2006,BET,AK,AAL,WE,Federal Contract Tower,4,29,0,0,33,2,105,5,0,112,6,134,5,0,145,4,0,4,149
04/04/2006,BET,AK,AAL,WE,Federal Contract Tower,10,37,0,0,47,0,116,10,0,126,10,153,10,0,173,9,0,9,182
04/05/2006,BET,AK,AAL,WE,Federal Contract Tower,12,3,0,0,15,0,261,23,0,284,12,264,23,0,299,12,0,12,311
04/06/2006,BET,AK,AAL,WE,Federal Contract Tower,9,7,1,0,17,0,299,26,0,325,9,306,27,0,342,6,0,6,348
04/07/2006,BET,AK,AAL,WE,Federal Contract Tower,9,30,0,0,39,1,178,13,0,192,10,208,13,0,231,8,0,8,239
04/08/2006,BET,AK,AAL,WE,Federal Contract Tower,14,28,0,0,42,0,117,4,0,121,14,145,4,0,163,0,0,0,163
04/09/2006,BET,AK,AAL,WE,Federal Contract Tower,4,90,2,0,96,0,16,0,0,16,4,106,2,0,112,0,0,0,112
04/10/2006,BET,AK,AAL,WE,Federal Contract Tower,11,7,0,0,18,0,275,23,0,298,11,282,23,0,316,29,0,29,345
04/11/2006,BET,AK,AAL,WE,Federal Contract Tower,8,44,2,0,54,0,161,13,0,174,8,205,15,0,228,20,0,20,248
04/12/2006,BET,AK,AAL,WE,Federal Contract Tower,12,106,3,0,121,0,72,6,0,78,12,178,9,0,199,2,0,2,201
04/13/2006,BET,AK,AAL,WE,Federal Contract Tower,11,46,0,0,57,0,254,6,0,260,11,300,6,0,317,8,0,8,325
04/14/2006,BET,AK,AAL,WE,Federal Contract Tower,15,11,0,0,26,0,366,9,0,375,15,377,9,0,401,24,0,24,425
04/15/2006,BET,AK,AAL,WE,Federal Contract Tower,8,5,0,0,13,0,263,19,0,282,8,268,19,0,295,14,0,14,309
04/16/2006,BET,AK,AAL,WE,Federal Contract Tower,2,1,0,0,3,0,0,0,0,0,2,1,0,0,3,0,0,0,3
04/17/2006,BET,AK,AAL,WE,Federal Contract Tower,7,8,3,0,18,0,303,13,0,316,7,311,16,0,334,15,0,15,349
04/18/2006,BET,AK,AAL,WE,Federal Contract Tower,10,6,2,0,18,0,264,23,0,287,10,270,25,0,305,22,0,22,327
04/19/2006,BET,AK,AAL,WE,Federal Contract Tower,15,9,0,0,24,1,280,29,0,310,16,289,29,0,334,13,0,13,347
04/20/2006,BET,AK,AAL,WE,Federal Contract Tower,7,6,2,2,17,1,329,15,0,345,8,335,17,2,362,16,0,16,378
04/21/2006,BET,AK,AAL,WE,Federal Contract Tower,8,8,4,0,20,0,335,15,0,350,8,343,19,0,370,11,0,11,381
04/22/2006,BET,AK,AAL,WE,Federal Contract Tower,9,65,0,0,74,1,139,8,0,148,10,204,8,0,222,42,0,42,264
04/23/2006,BET,AK,AAL,WE,Federal Contract Tower,4,80,5,0,89,0,65,4,0,69,4,145,9,0,158,0,0,0,158
04/24/2006,BET,AK,AAL,WE,Federal Contract Tower,6,21,2,0,29,1,205,3,0,209,7,226,5,0,238,2,0,2,240
04/25/2006,BET,AK,AAL,WE,Federal Contract Tower,7,22,1,0,30,1,242,12,0,255,8,264,13,0,285,8,0,8,293
04/26/2006,BET,AK,AAL,WE,Federal Contract Tower,6,4,5,0,15,1,292,24,0,317,7,296,29,0,332,4,0,4,336
04/27/2006,BET,AK,AAL,WE,Federal Contract Tower,11,11,0,0,22,0,220,17,0,237,11,231,17,0,259,10,0,10,269
04/28/2006,BET,AK,AAL,WE,Federal Contract Tower,10,7,0,0,17,1,349,24,0,374,11,356,24,0,391,16,0,16,407
04/29/2006,BET,AK,AAL,WE,Federal Contract Tower,6,23,4,0,33,0,219,21,0,240,6,242,25,0,273,0,0,0,273
04/30/2006,BET,AK,AAL,WE,Federal Contract Tower,4,10,0,0,14,0,155,17,0,172,4,165,17,0,186,17,0,17,203
05/01/2006,BET,AK,AAL,WE,Federal Contract Tower,7,6,1,0,14,0,273,21,0,294,7,279,22,0,308,37,0,37,345
05/02/2006,BET,AK,AAL,WE,Federal Contract Tower,7,7,0,0,14,0,324,24,0,348,7,331,24,0,362,16,0,16,378
05/03/2006,BET,AK,AAL,WE,Federal Contract Tower,14,4,0,1,19,0,351,33,1,385,14,355,33,2,404,24,0,24,428
05/04/2006,BET,AK,AAL,WE,Federal Contract Tower,7,6,0,0,13,0,296,25,0,321,7,302,25,0,334,35,0,35,369
05/05/2006,BET,AK,AAL,WE,Federal Contract Tower,8,6,0,0,14,0,292,19,0,311,8,298,19,0,325,11,0,11,336
05/06/2006,BET,AK,AAL,WE,Federal Contract Tower,11,49,5,0,65,0,120,4,0,124,11,169,9,0,189,0,0,0,189
05/07/2006,BET,AK,AAL,WE,Federal Contract Tower,4,8,0,0,12,0,158,13,0,171,4,166,13,0,183,3,0,3,186
05/08/2006,BET,AK,AAL,WE,Federal Contract Tower,8,8,0,0,16,0,307,30,0,337,8,315,30,0,353,18,0,18,371
05/09/2006,BET,AK,AAL,WE,Federal Contract Tower,7,47,5,0,59,0,225,13,0,238,7,272,18,0,297,16,0,16,313
05/10/2006,BET,AK,AAL,WE,Federal Contract Tower,10,9,1,0,20,1,296,36,0,333,11,305,37,0,353,10,2,12,365
05/11/2006,BET,AK,AAL,WE,Federal Contract Tower,11,6,0,0,17,1,424,40,3,468,12,430,40,3,485,8,0,8,493
05/12/2006,BET,AK,AAL,WE,Federal Contract Tower,13,70,0,0,83,2,255,10,0,267,15,325,10,0,350,14,0,14,364
05/13/2006,BET,AK,AAL,WE,Federal Contract Tower,8,89,0,0,97,0,107,2,0,109,8,196,2,0,206,0,0,0,206
05/14/2006,BET,AK,AAL,WE,Federal Contract Tower,2,32,1,0,35,0,128,6,0,134,2,160,7,0,169,0,0,0,169
05/15/2006,BET,AK,AAL,WE,Federal Contract Tower,8,11,0,0,19,0,313,25,0,338,8,324,25,0,357,12,0,12,369
05/16/2006,BET,AK,AAL,WE,Federal Contract Tower,8,11,0,0,19,0,318,10,1,329,8,329,10,1,348,8,0,8,356
05/17/2006,BET,AK,AAL,WE,Federal Contract Tower,12,17,0,0,29,9,325,18,0,352,21,342,18,0,381,9,0,9,390
05/18/2006,BET,AK,AAL,WE,Federal Contract Tower,13,133,6,0,152,0,147,7,0,154,13,280,13,0,306,0,0,0,306
05/19/2006,BET,AK,AAL,WE,Federal Contract Tower,13,105,0,0,118,0,236,13,0,249,13,341,13,0,367,0,0,0,367
05/20/2006,BET,AK,AAL,WE,Federal Contract Tower,11,36,0,0,47,0,119,4,0,123,11,155,4,0,170,0,0,0,170
05/21/2006,BET,AK,AAL,WE,Federal Contract Tower,4,7,1,0,12,0,250,36,0,286,4,257,37,0,298,0,0,0,298
05/22/2006,BET,AK,AAL,WE,Federal Contract Tower,6,25,0,0,31,0,222,18,0,240,6,247,18,0,271,5,0,5,276
05/23/2006,BET,AK,AAL,WE,Federal Contract Tower,9,5,2,0,16,0,372,32,0,404,9,377,34,0,420,0,0,0,420
05/24/2006,BET,AK,AAL,WE,Federal Contract Tower,12,8,1,0,21,2,411,49,0,462,14,419,50,0,483,22,0,22,505
05/25/2006,BET,AK,AAL,WE,Federal Contract Tower,8,11,0,0,19,0,369,26,0,395,8,380,26,0,414,17,0,17,431
05/26/2006,BET,AK,AAL,WE,Federal Contract Tower,10,8,1,0,19,1,341,26,0,368,11,349,27,0,387,13,0,13,400
05/27/2006,BET,AK,AAL,WE,Federal Contract Tower,11,2,1,0,14,1,259,38,0,298,12,261,39,0,312,12,0,12,324
05/28/2006,BET,AK,AAL,WE,Federal Contract Tower,4,1,0,0,5,0,115,75,0,190,4,116,75,0,195,0,0,0,195
05/29/2006,BET,AK,AAL,WE,Federal Contract Tower,8,4,0,0,12,0,134,34,0,168,8,138,34,0,180,10,0,10,190
05/30/2006,BET,AK,AAL,WE,Federal Contract Tower,6,7,1,0,14,0,215,33,0,248,6,222,34,0,262,4,0,4,266
05/31/2006,BET,AK,AAL,WE,Federal Contract Tower,13,28,5,0,46,0,200,35,0,235,13,228,40,0,281,15,0,15,296
06/01/2006,BET,AK,AAL,WE,Federal Contract Tower,9,4,0,0,13,1,289,45,0,335,10,293,45,0,348,6,0,6,354
06/02/2006,BET,AK,AAL,WE,Federal Contract Tower,3,94,1,0,98,0,179,17,0,196,3,273,18,0,294,2,0,2,296
06/03/2006,BET,AK,AAL,WE,Federal Contract Tower,14,6,0,0,20,0,233,33,0,266,14,239,33,0,286,0,0,0,286
06/04/2006,BET,AK,AAL,WE,Federal Contract Tower,6,3,0,0,9,0,141,41,0,182,6,144,41,0,191,3,0,3,194
06/05/2006,BET,AK,AAL,WE,Federal Contract Tower,11,6,0,1,18,0,284,48,3,335,11,290,48,4,353,10,0,10,363
06/06/2006,BET,AK,AAL,WE,Federal Contract Tower,11,4,0,0,15,1,258,40,2,301,12,262,40,2,316,25,0,25,341
06/07/2006,BET,AK,AAL,WE,Federal Contract Tower,10,20,0,0,30,1,229,18,2,250,11,249,18,2,280,5,0,5,285
06/08/2006,BET,AK,AAL,WE,Federal Contract Tower,9,7,0,0,16,5,298,42,0,345,14,305,42,0,361,16,0,16,377
06/09/2006,BET,AK,AAL,WE,Federal Contract Tower,12,11,0,0,23,0,293,21,0,314,12,304,21,0,337,24,0,24,361
06/10/2006,BET,AK,AAL,WE,Federal Contract Tower,10,7,0,0,17,0,202,35,0,237,10,209,35,0,254,6,0,6,260
06/11/2006,BET,AK,AAL,WE,Federal Contract Tower,6,3,1,0,10,0,146,39,0,185,6,149,40,0,195,11,0,11,206
06/12/2006,BET,AK,AAL,WE,Federal Contract Tower,11,7,5,0,23,0,263,28,0,291,11,270,33,0,314,17,0,17,331
06/13/2006,BET,AK,AAL,WE,Federal Contract Tower,9,47,0,0,56,0,224,35,0,259,9,271,35,0,315,7,0,7,322
06/14/2006,BET,AK,AAL,WE,Federal Contract Tower,9,67,1,0,77,0,212,32,0,244,9,279,33,0,321,4,0,4,325
06/15/2006,BET,AK,AAL,WE,Federal Contract Tower,9,6,0,0,15,0,284,45,0,329,9,290,45,0,344,6,0,6,350
06/16/2006,BET,AK,AAL,WE,Federal Contract Tower,11,5,0,2,18,3,311,19,1,334,14,316,19,3,352,2,0,2,354
06/17/2006,BET,AK,AAL,WE,Federal Contract Tower,8,5,1,0,14,1,238,35,0,274,9,243,36,0,288,0,0,0,288
06/18/2006,BET,AK,AAL,WE,Federal Contract Tower,4,5,0,0,9,0,102,40,0,142,4,107,40,0,151,39,0,39,190
06/19/2006,BET,AK,AAL,WE,Federal Contract Tower,8,9,4,4,25,1,270,53,0,324,9,279,57,4,349,1,0,1,350
06/20/2006,BET,AK,AAL,WE,Federal Contract Tower,12,23,3,0,38,1,226,38,2,267,13,249,41,2,305,14,0,14,319
06/21/2006,BET,AK,AAL,WE,Federal Contract Tower,12,4,4,0,20,0,224,27,3,254,12,228,31,3,274,3,2,5,279
06/22/2006,BET,AK,AAL,WE,Federal Contract Tower,11,6,1,0,18,0,265,38,2,305,11,271,39,2,323,14,0,14,337
06/23/2006,BET,AK,AAL,WE,Federal Contract Tower,12,80,3,0,95,0,203,38,0,241,12,283,41,0,336,4,0,4,340
06/24/2006,BET,AK,AAL,WE,Federal Contract Tower,13,63,3,0,79,0,128,22,0,150,13,191,25,0,229,0,0,0,229
06/25/2006,BET,AK,AAL,WE,Federal Contract Tower,4,11,0,0,15,0,107,39,0,146,4,118,39,0,161,9,0,9,170
06/26/2006,BET,AK,AAL,WE,Federal Contract Tower,8,32,2,0,42,0,236,56,0,292,8,268,58,0,334,2,0,2,336
06/27/2006,BET,AK,AAL,WE,Federal Contract Tower,12,7,4,0,23,2,253,39,0,294,14,260,43,0,317,19,0,19,336
06/28/2006,BET,AK,AAL,WE,Federal Contract Tower,11,49,1,1,62,2,148,7,1,158,13,197,8,2,220,2,0,2,222
06/29/2006,BET,AK,AAL,WE,Federal Contract Tower,18,126,5,2,151,0,21,9,1,31,18,147,14,3,182,2,0,2,184
06/30/2006,BET,AK,AAL,WE,Federal Contract Tower,11,80,2,3,96,0,202,34,2,238,11,282,36,5,334,7,0,7,341
07/01/2006,BET,AK,AAL,WE,Federal Contract Tower,13,98,12,2,125,1,111,9,0,121,14,209,21,2,246,0,0,0,246
07/02/2006,BET,AK,AAL,WE,Federal Contract Tower,6,76,5,2,89,0,73,11,0,84,6,149,16,2,173,0,0,0,173
07/03/2006,BET,AK,AAL,WE,Federal Contract Tower,10,78,7,0,95,0,136,26,0,162,10,214,33,0,257,0,0,0,257
07/04/2006,BET,AK,AAL,WE,Federal Contract Tower,5,3,3,0,11,1,19,31,0,51,6,22,34,0,62,10,0,10,72
07/05/2006,BET,AK,AAL,WE,Federal Contract Tower,9,5,2,0,16,0,284,43,1,328,9,289,45,1,344,11,0,11,355
07/06/2006,BET,AK,AAL,WE,Federal Contract Tower,12,11,0,0,23,0,285,45,0,330,12,296,45,0,353,0,0,0,353
07/07/2006,BET,AK,AAL,WE,Federal Contract Tower,11,9,1,0,21,2,317,30,0,349,13,326,31,0,370,9,0,9,379
07/08/2006,BET,AK,AAL,WE,Federal Contract Tower,11,28,4,2,45,0,213,26,15,254,11,241,30,17,299,4,0,4,303
07/09/2006,BET,AK,AAL,WE,Federal Contract Tower,4,6,0,0,10,0,121,53,1,175,4,127,53,1,185,9,0,9,194
07/10/2006,BET,AK,AAL,WE,Federal Contract Tower,10,7,3,0,20,0,261,39,2,302,10,268,42,2,322,7,0,7,329
07/11/2006,BET,AK,AAL,WE,Federal Contract Tower,10,6,2,0,18,2,276,45,0,323,12,282,47,0,341,38,0,38,379
07/12/2006,BET,AK,AAL,WE,Federal Contract Tower,8,5,0,0,13,2,258,29,0,289,10,263,29,0,302,6,0,6,308
07/13/2006,BET,AK,AAL,WE,Federal Contract Tower,11,97,4,0,112,3,132,19,0,154,14,229,23,0,266,0,0,0,266
07/14/2006,BET,AK,AAL,WE,Federal Contract Tower,10,83,0,0,93,0,222,25,0,247,10,305,25,0,340,38,0,38,378
07/15/2006,BET,AK,AAL,WE,Federal Contract Tower,9,67,2,0,78,0,161,21,0,182,9,228,23,0,260,5,0,5,265
07/16/2006,BET,AK,AAL,WE,Federal Contract Tower,4,6,0,0,10,0,148,46,0,194,4,154,46,0,204,24,0,24,228
07/17/2006,BET,AK,AAL,WE,Federal Contract Tower,7,9,1,0,17,0,229,52,2,283,7,238,53,2,300,3,0,3,303
07/18/2006,BET,AK,AAL,WE,Federal Contract Tower,11,7,6,2,26,4,261,37,0,302,15,268,43,2,328,14,0,14,342
07/19/2006,BET,AK,AAL,WE,Federal Contract Tower,8,6,0,5,19,0,220,27,1,248,8,226,27,6,267,12,0,12,279
07/20/2006,BET,AK,AAL,WE,Federal Contract Tower,9,16,1,0,26,3,244,33,0,280,12,260,34,0,306,22,0,22,328
07/21/2006,BET,AK,AAL,WE,Federal Contract Tower,9,62,0,2,73,0,253,37,0,290,9,315,37,2,363,18,0,18,381
07/22/2006,BET,AK,AAL,WE,Federal Contract Tower,10,5,0,0,15,0,206,50,0,256,10,211,50,0,271,6,0,6,277
07/23/2006,BET,AK,AAL,WE,Federal Contract Tower,8,6,4,0,18,0,127,37,0,164,8,133,41,0,182,3,0,3,185
07/24/2006,BET,AK,AAL,WE,Federal Contract Tower,9,9,0,3,21,0,273,42,0,315,9,282,42,3,336,11,0,11,347
07/25/2006,BET,AK,AAL,WE,Federal Contract Tower,13,49,0,0,62,0,240,26,1,267,13,289,26,1,329,6,0,6,335
07/26/2006,BET,AK,AAL,WE,Federal Contract Tower,7,26,1,2,36,0,262,38,2,302,7,288,39,4,338,21,0,21,359
07/27/2006,BET,AK,AAL,WE,Federal Contract Tower,7,35,9,2,53,0,253,30,2,285,7,288,39,4,338,21,0,21,359
07/28/2006,BET,AK,AAL,WE,Federal Contract Tower,14,49,2,0,65,0,170,13,0,183,14,219,15,0,248,0,0,0,248
07/29/2006,BET,AK,AAL,WE,Federal Contract Tower,10,79,3,0,92,0,112,14,0,126,10,191,17,0,218,0,0,0,218
07/30/2006,BET,AK,AAL,WE,Federal Contract Tower,5,30,7,0,42,0,116,26,2,144,5,146,33,2,186,0,1,1,187
07/31/2006,BET,AK,AAL,WE,Federal Contract Tower,10,60,8,0,78,0,220,38,0,258,10,280,46,0,336,2,0,2,338
08/01/2006,BET,AK,AAL,WE,Federal Contract Tower,16,84,10,0,110,0,119,7,0,126,16,203,17,0,236,5,2,7,243
08/02/2006,BET,AK,AAL,WE,Federal Contract Tower,12,37,7,0,56,0,236,46,0,282,12,273,53,0,338,34,0,34,372
08/03/2006,BET,AK,AAL,WE,Federal Contract Tower,4,8,0,0,12,1,265,35,0,301,5,273,35,0,313,13,0,13,326
08/04/2006,BET,AK,AAL,WE,Federal Contract Tower,12,20,17,0,49,0,289,46,0,335,12,309,63,0,384,0,0,0,384
08/05/2006,BET,AK,AAL,WE,Federal Contract Tower,12,21,4,0,37,2,218,30,0,250,14,239,34,0,287,27,0,27,314
08/06/2006,BET,AK,AAL,WE,Federal Contract Tower,4,11,7,0,22,0,130,42,0,172,4,141,49,0,194,7,0,7,201
08/07/2006,BET,AK,AAL,WE,Federal Contract Tower,10,71,16,0,97,0,185,8,0,193,10,256,24,0,290,0,0,0,290
08/08/2006,BET,AK,AAL,WE,Federal Contract Tower,10,152,1,0,163,0,135,25,1,161,10,287,26,1,324,1,0,1,325
08/09/2006,BET,AK,AAL,WE,Federal Contract Tower,15,144,5,0,164,0,52,1,0,53,15,196,6,0,217,0,0,0,217
08/10/2006,BET,AK,AAL,WE,Federal Contract Tower,7,116,10,0,133,0,125,6,0,131,7,241,16,0,264,0,0,0,264
08/11/2006,BET,AK,AAL,WE,Federal Contract Tower,20,72,5,0,97,0,165,16,0,181,20,237,21,0,278,2,0,2,280
08/12/2006,BET,AK,AAL,WE,Federal Contract Tower,16,20,4,0,40,0,197,25,0,222,16,217,29,0,262,7,0,7,269
08/13/2006,BET,AK,AAL,WE,Federal Contract Tower,4,97,3,0,104,0,44,6,0,50,4,141,9,0,154,0,0,0,154
08/14/2006,BET,AK,AAL,WE,Federal Contract Tower,9,68,12,4,93,0,170,31,2,203,9,238,43,6,296,6,5,11,307
08/15/2006,BET,AK,AAL,WE,Federal Contract Tower,13,47,4,1,65,1,234,33,1,269,14,281,37,2,334,12,0,12,346
08/16/2006,BET,AK,AAL,WE,Federal Contract Tower,10,24,2,0,36,2,239,20,1,262,12,263,22,1,298,15,0,15,313
08/17/2006,BET,AK,AAL,WE,Federal Contract Tower,10,112,3,2,127,0,184,15,0,199,10,296,18,2,326,8,0,8,334
08/18/2006,BET,AK,AAL,WE,Federal Contract Tower,17,35,2,0,54,1,288,18,0,307,18,323,20,0,361,7,0,7,368
08/19/2006,BET,AK,AAL,WE,Federal Contract Tower,10,9,1,0,20,4,245,61,0,310,14,254,62,0,330,27,0,27,357
08/20/2006,BET,AK,AAL,WE,Federal Contract Tower,6,1,2,0,9,0,155,49,0,204,6,156,51,0,213,12,0,12,225
08/21/2006,BET,AK,AAL,WE,Federal Contract Tower,7,8,6,0,21,2,251,28,0,281,9,259,34,0,302,34,0,34,336
08/22/2006,BET,AK,AAL,WE,Federal Contract Tower,11,14,3,0,28,0,303,33,2,338,11,317,36,2,366,1,0,1,367
08/23/2006,BET,AK,AAL,WE,Federal Contract Tower,9,8,1,0,18,2,303,43,2,350,11,311,44,2,368,17,0,17,385
08/24/2006,BET,AK,AAL,WE,Federal Contract Tower,6,7,2,0,15,0,306,51,2,359,6,313,53,2,374,6,0,6,380
08/25/2006,BET,AK,AAL,WE,Federal Contract Tower,9,6,2,0,17,1,315,34,0,350,10,321,36,0,367,8,0,8,375
08/26/2006,BET,AK,AAL,WE,Federal Contract Tower,10,59,4,0,73,1,129,22,0,152,11,188,26,0,225,5,0,5,230
08/27/2006,BET,AK,AAL,WE,Federal Contract Tower,6,42,2,0,50,0,64,32,0,96,6,106,34,0,146,5,0,5,151
08/28/2006,BET,AK,AAL,WE,Federal Contract Tower,8,4,0,0,12,0,254,53,2,309,8,258,53,2,321,5,0,5,326
08/29/2006,BET,AK,AAL,WE,Federal Contract Tower,12,13,4,0,29,0,232,26,2,260,12,245,30,2,289,51,1,52,341
08/30/2006,BET,AK,AAL,WE,Federal Contract Tower,6,5,4,2,17,3,234,36,3,276,9,239,40,5,293,10,1,11,304
08/31/2006,BET,AK,AAL,WE,Federal Contract Tower,11,9,0,0,20,1,292,20,2,315,12,301,20,2,335,16,10,26,361
09/01/2006,BET,AK,AAL,WE,Federal Contract Tower,10,44,4,0,58,2,227,30,0,259,12,271,34,0,317,9,0,9,326
09/02/2006,BET,AK,AAL,WE,Federal Contract Tower,7,14,2,0,23,1,255,53,0,309,8,269,55,0,332,7,0,7,339
09/03/2006,BET,AK,AAL,WE,Federal Contract Tower,6,21,3,0,30,0,97,26,0,123,6,118,29,0,153,7,0,7,160
09/04/2006,BET,AK,AAL,WE,Federal Contract Tower,8,4,1,0,13,0,158,33,0,191,8,162,34,0,204,10,0,10,214
09/05/2006,BET,AK,AAL,WE,Federal Contract Tower,8,15,2,3,28,0,269,42,2,313,8,284,44,5,341,0,0,0,341
09/06/2006,BET,AK,AAL,WE,Federal Contract Tower,13,36,0,2,51,0,172,13,2,187,13,208,13,4,238,2,0,2,240
09/07/2006,BET,AK,AAL,WE,Federal Contract Tower,10,31,0,0,41,0,146,8,0,154,10,177,8,0,195,0,0,0,195
09/08/2006,BET,AK,AAL,WE,Federal Contract Tower,12,2,0,0,14,0,324,28,0,352,12,326,28,0,366,34,0,34,400
09/09/2006,BET,AK,AAL,WE,Federal Contract Tower,11,8,0,0,19,1,245,33,0,279,12,253,33,0,298,4,0,4,302
09/10/2006,BET,AK,AAL,WE,Federal Contract Tower,4,66,11,0,81,0,47,13,0,60,4,113,24,0,141,6,0,6,147
09/11/2006,BET,AK,AAL,WE,Federal Contract Tower,9,13,0,2,24,0,236,41,5,282,9,249,41,7,306,20,0,20,326
09/12/2006,BET,AK,AAL,WE,Federal Contract Tower,11,7,1,0,19,1,290,48,0,339,12,297,49,0,358,30,0,30,388
09/13/2006,BET,AK,AAL,WE,Federal Contract Tower,9,37,2,4,52,0,177,29,0,206,9,214,31,4,258,0,0,0,258
09/14/2006,BET,AK,AAL,WE,Federal Contract Tower,6,10,0,0,16,0,211,29,0,240,6,221,29,0,256,2,0,2,258
09/15/2006,BET,AK,AAL,WE,Federal Contract Tower,10,13,4,0,27,0,297,23,2,322,10,310,27,2,349,23,0,23,372
09/16/2006,BET,AK,AAL,WE,Federal Contract Tower,9,15,1,0,25,0,243,55,0,298,9,258,56,0,323,30,0,30,353
09/17/2006,BET,AK,AAL,WE,Federal Contract Tower,6,10,1,0,17,0,126,20,0,146,6,136,21,0,163,5,0,5,168
09/18/2006,BET,AK,AAL,WE,Federal Contract Tower,9,22,0,2,33,0,224,18,0,242,9,246,18,2,275,20,0,20,295
09/19/2006,BET,AK,AAL,WE,Federal Contract Tower,10,11,0,0,21,0,289,66,0,355,10,300,66,0,376,9,0,9,385
09/20/2006,BET,AK,AAL,WE,Federal Contract Tower,7,6,3,0,16,5,241,38,0,284,12,247,41,0,300,26,0,26,326
09/21/2006,BET,AK,AAL,WE,Federal Contract Tower,6,67,4,0,77,6,180,37,0,223,12,247,41,0,300,26,0,26,326
09/22/2006,BET,AK,AAL,WE,Federal Contract Tower,15,122,10,1,148,0,0,20,0,20,15,122,30,1,168,2,0,2,170
09/23/2006,BET,AK,AAL,WE,Federal Contract Tower,9,10,2,0,21,0,211,41,0,252,9,221,43,0,273,12,0,12,285
09/24/2006,BET,AK,AAL,WE,Federal Contract Tower,6,14,0,0,20,0,142,37,0,179,6,156,37,0,199,11,0,11,210
09/25/2006,BET,AK,AAL,WE,Federal Contract Tower,8,5,3,0,16,1,273,37,2,313,9,278,40,2,329,1,0,1,330
09/26/2006,BET,AK,AAL,WE,Federal Contract Tower,7,51,3,0,61,0,138,22,0,160,7,189,25,0,221,2,0,2,223
09/27/2006,BET,AK,AAL,WE,Federal Contract Tower,9,11,0,0,20,0,298,23,0,321,9,309,23,0,341,11,0,11,352
09/28/2006,BET,AK,AAL,WE,Federal Contract Tower,8,5,0,2,15,0,317,17,2,336,8,322,17,4,351,13,0,13,364
09/29/2006,BET,AK,AAL,WE,Federal Contract Tower,14,9,0,0,23,2,312,33,0,347,16,321,33,0,370,27,7,34,404
09/30/2006,BET,AK,AAL,WE,Federal Contract Tower,9,5,1,0,15,1,177,7,0,185,10,182,8,0,200,0,0,0,200
10/01/2006,BET,AK,AAL,WE,Federal Contract Tower,4,2,2,0,8,1,147,18,16,182,5,149,20,16,190,11,0,11,201
10/02/2006,BET,AK,AAL,WE,Federal Contract Tower,8,11,2,0,21,0,270,23,3,296,8,281,25,3,317,4,1,5,322
10/03/2006,BET,AK,AAL,WE,Federal Contract Tower,6,9,2,0,17,0,231,8,0,239,6,240,10,0,256,20,0,20,276
10/04/2006,BET,AK,AAL,WE,Federal Contract Tower,8,26,0,0,34,0,174,38,0,212,8,200,38,0,246,11,0,11,257
10/05/2006,BET,AK,AAL,WE,Federal Contract Tower,15,19,3,0,37,0,322,22,0,344,15,341,25,0,381,9,0,9,390
10/06/2006,BET,AK,AAL,WE,Federal Contract Tower,11,102,0,2,115,0,177,16,0,193,11,279,16,2,308,27,0,27,335
10/07/2006,BET,AK,AAL,WE,Federal Contract Tower,9,39,0,0,48,0,153,1,1,155,9,192,1,1,203,0,0,0,203
10/08/2006,BET,AK,AAL,WE,Federal Contract Tower,4,22,0,0,26,0,104,12,0,116,4,126,12,0,142,0,0,0,142
10/09/2006,BET,AK,AAL,WE,Federal Contract Tower,8,63,0,0,71,1,30,9,0,40,9,93,9,0,111,9,0,9,120
10/10/2006,BET,AK,AAL,WE,Federal Contract Tower,7,36,1,0,44,0,237,18,2,257,7,273,19,2,301,10,0,10,311
10/11/2006,BET,AK,AAL,WE,Federal Contract Tower,11,8,0,0,19,2,289,15,0,306,13,297,15,0,325,67,0,67,392
10/12/2006,BET,AK,AAL,WE,Federal Contract Tower,9,9,0,1,19,0,347,47,1,395,9,356,47,2,414,23,0,23,437
10/13/2006,BET,AK,AAL,WE,Federal Contract Tower,15,5,1,0,21,0,412,40,1,453,15,417,41,1,474,25,1,26,500
10/14/2006,BET,AK,AAL,WE,Federal Contract Tower,7,20,0,0,27,0,229,11,0,240,7,249,11,0,267,0,0,0,267
10/15/2006,BET,AK,AAL,WE,Federal Contract Tower,6,3,0,0,9,0,132,15,0,147,6,135,15,0,156,0,0,0,156
10/16/2006,BET,AK,AAL,WE,Federal Contract Tower,12,7,3,0,22,1,217,7,2,227,13,224,10,2,249,26,0,26,275
10/17/2006,BET,AK,AAL,WE,Federal Contract Tower,7,3,1,0,11,2,253,25,1,281,9,256,26,1,292,15,5,20,312
10/18/2006,BET,AK,AAL,WE,Federal Contract Tower,11,8,0,0,19,0,257,11,0,268,11,265,11,0,287,14,0,14,301
10/19/2006,BET,AK,AAL,WE,Federal Contract Tower,10,5,0,0,15,2,291,7,2,302,12,296,7,2,317,9,0,9,326
10/20/2006,BET,AK,AAL,WE,Federal Contract Tower,11,9,0,0,20,1,279,14,0,294,12,288,14,0,314,6,0,6,320
10/21/2006,BET,AK,AAL,WE,Federal Contract Tower,8,31,0,0,39,0,204,19,0,223,8,235,19,0,262,4,0,4,266
10/22/2006,BET,AK,AAL,WE,Federal Contract Tower,4,9,0,0,13,0,143,13,0,156,4,152,13,0,169,0,0,0,169
10/23/2006,BET,AK,AAL,WE,Federal Contract Tower,9,13,4,0,26,0,280,18,0,298,9,293,22,0,324,11,0,11,335
10/24/2006,BET,AK,AAL,WE,Federal Contract Tower,8,10,0,0,18,3,296,11,1,311,11,306,11,1,329,8,0,8,337
10/25/2006,BET,AK,AAL,WE,Federal Contract Tower,8,59,3,2,72,1,194,14,1,210,9,253,17,3,282,0,0,0,282
10/26/2006,BET,AK,AAL,WE,Federal Contract Tower,13,11,1,0,25,3,269,15,0,287,16,280,16,0,312,2,12,14,326
10/27/2006,BET,AK,AAL,WE,Federal Contract Tower,13,63,0,0,76,2,150,6,0,158,15,213,6,0,234,0,0,0,234
10/28/2006,BET,AK,AAL,WE,Federal Contract Tower,13,11,0,0,24,0,68,5,0,73,13,79,5,0,97,2,0,2,99
10/29/2006,BET,AK,AAL,WE,Federal Contract Tower,6,80,0,0,86,0,82,0,0,82,6,162,0,0,168,4,0,4,172
10/30/2006,BET,AK,AAL,WE,Federal Contract Tower,10,10,2,0,22,0,299,8,0,307,10,309,10,0,329,8,0,8,337
10/31/2006,BET,AK,AAL,WE,Federal Contract Tower,12,4,0,0,16,0,272,21,0,293,12,276,21,0,309,7,7,14,323
11/01/2006,BET,AK,AAL,WE,Federal Contract Tower,11,11,3,0,25,1,251,20,0,272,12,262,23,0,297,22,0,22,319
11/02/2006,BET,AK,AAL,WE,Federal Contract Tower,11,89,0,0,100,1,161,9,0,171,12,250,9,0,271,6,0,6,277
11/03/2006,BET,AK,AAL,WE,Federal Contract Tower,17,78,1,0,96,0,225,6,2,233,17,303,7,2,329,18,0,18,347
11/04/2006,BET,AK,AAL,WE,Federal Contract Tower,6,53,0,0,59,0,105,0,0,105,6,158,0,0,164,7,0,7,171
11/05/2006,BET,AK,AAL,WE,Federal Contract Tower,3,6,2,0,11,0,207,21,3,231,3,213,23,3,242,12,0,12,254
11/06/2006,BET,AK,AAL,WE,Federal Contract Tower,5,37,0,0,42,0,317,7,2,326,5,354,7,2,368,6,0,6,374
11/07/2006,BET,AK,AAL,WE,Federal Contract Tower,7,8,1,0,16,1,384,11,2,398,8,392,12,2,414,19,0,19,433
11/08/2006,BET,AK,AAL,WE,Federal Contract Tower,9,8,0,0,17,1,348,20,1,370,10,356,20,1,387,16,28,44,431
11/09/2006,BET,AK,AAL,WE,Federal Contract Tower,14,11,2,0,27,1,331,7,2,341,15,342,9,2,368,4,27,31,399
11/10/2006,BET,AK,AAL,WE,Federal Contract Tower,9,9,0,0,18,0,359,12,0,371,9,368,12,0,389,4,0,4,393
11/11/2006,BET,AK,AAL,WE,Federal Contract Tower,9,10,0,0,19,1,289,35,0,325,10,299,35,0,344,7,0,7,351
11/12/2006,BET,AK,AAL,WE,Federal Contract Tower,2,4,6,0,12,0,154,3,0,157,2,158,9,0,169,0,0,0,169
11/13/2006,BET,AK,AAL,WE,Federal Contract Tower,8,8,4,0,20,0,297,9,0,306,8,305,13,0,326,8,0,8,334
11/14/2006,BET,AK,AAL,WE,Federal Contract Tower,8,19,0,0,27,0,232,4,0,236,8,251,4,0,263,0,0,0,263
11/15/2006,BET,AK,AAL,WE,Federal Contract Tower,7,5,0,0,12,0,260,9,0,269,7,265,9,0,281,20,0,20,301
11/16/2006,BET,AK,AAL,WE,Federal Contract Tower,13,7,2,0,22,0,263,6,0,269,13,270,8,0,291,3,0,3,294
11/17/2006,BET,AK,AAL,WE,Federal Contract Tower,13,7,0,0,20,0,400,17,0,417,13,407,17,0,437,15,0,15,452
11/18/2006,BET,AK,AAL,WE,Federal Contract Tower,6,7,0,0,13,0,354,13,1,368,6,361,13,1,381,1,0,1,382
11/19/2006,BET,AK,AAL,WE,Federal Contract Tower,6,2,0,0,8,1,162,14,1,178,7,164,14,1,186,0,0,0,186
11/20/2006,BET,AK,AAL,WE,Federal Contract Tower,10,41,0,0,51,0,110,5,0,115,10,151,5,0,166,2,0,2,168
11/21/2006,BET,AK,AAL,WE,Federal Contract Tower,10,69,2,1,82,0,178,13,1,192,10,247,15,2,274,1,0,1,275
11/22/2006,BET,AK,AAL,WE,Federal Contract Tower,9,25,0,0,34,0,64,1,0,65,9,89,1,0,99,0,0,0,99
11/23/2006,BET,AK,AAL,WE,Federal Contract Tower,0,0,0,0,0,0,100,22,0,122,0,100,22,0,122,0,0,0,122
11/24/2006,BET,AK,AAL,WE,Federal Contract Tower,13,7,0,0,20,1,252,19,0,272,14,259,19,0,292,7,0,7,299
11/25/2006,BET,AK,AAL,WE,Federal Contract Tower,9,4,0,0,13,0,279,15,0,294,9,283,15,0,307,0,0,0,307
11/26/2006,BET,AK,AAL,WE,Federal Contract Tower,0,5,1,0,6,0,0,0,0,0,0,5,1,0,6,0,0,0,6
11/27/2006,BET,AK,AAL,WE,Federal Contract Tower,11,80,3,0,94,0,49,4,0,53,11,129,7,0,147,0,0,0,147
11/28/2006,BET,AK,AAL,WE,Federal Contract Tower,13,10,0,0,23,0,376,20,0,396,13,386,20,0,419,12,0,12,431
11/29/2006,BET,AK,AAL,WE,Federal Contract Tower,12,18,0,0,30,0,306,10,0,316,12,324,10,0,346,18,0,18,364
11/30/2006,BET,AK,AAL,WE,Federal Contract Tower,8,7,4,0,19,0,339,8,0,347,8,346,12,0,366,10,0,10,376
12/01/2006,BET,AK,AAL,WE,Federal Contract Tower,14,6,0,0,20,0,329,19,0,348,14,335,19,0,368,17,0,17,385
12/02/2006,BET,AK,AAL,WE,Federal Contract Tower,13,5,0,0,18,0,325,28,0,353,13,330,28,0,371,2,0,2,373
12/03/2006,BET,AK,AAL,WE,Federal Contract Tower,3,8,0,0,11,0,159,13,0,172,3,167,13,0,183,21,0,21,204
12/04/2006,BET,AK,AAL,WE,Federal Contract Tower,10,11,0,0,21,0,17,10,1,28,10,28,10,1,49,16,0,16,65
12/05/2006,BET,AK,AAL,WE,Federal Contract Tower,8,5,0,0,13,0,312,11,0,323,8,317,11,0,336,14,23,37,373
12/06/2006,BET,AK,AAL,WE,Federal Contract Tower,11,35,1,2,49,0,185,10,0,195,11,220,11,2,244,12,2,14,258
12/07/2006,BET,AK,AAL,WE,Federal Contract Tower,9,4,0,2,15,0,288,15,0,303,9,292,15,2,318,11,20,31,349
12/08/2006,BET,AK,AAL,WE,Federal Contract Tower,9,31,1,0,41,0,257,11,0,268,9,288,12,0,309,41,1,42,351
12/09/2006,BET,AK,AAL,WE,Federal Contract Tower,12,5,0,0,17,1,222,23,0,246,13,227,23,0,263,14,0,14,277
12/10/2006,BET,AK,AAL,WE,Federal Contract Tower,4,34,0,2,40,0,88,5,0,93,4,122,5,2,133,0,0,0,133
12/11/2006,BET,AK,AAL,WE,Federal Contract Tower,7,36,0,0,43,1,187,3,1,192,8,223,3,1,235,11,0,11,246
12/12/2006,BET,AK,AAL,WE,Federal Contract Tower,9,8,0,1,18,0,266,5,1,272,9,274,5,2,290,32,2,34,324
12/13/2006,BET,AK,AAL,WE,Federal Contract Tower,14,54,2,0,70,1,81,4,0,86,15,135,6,0,156,13,0,13,169
12/14/2006,BET,AK,AAL,WE,Federal Contract Tower,8,53,0,0,61,0,230,9,0,239,8,283,9,0,300,0,37,37,337
12/15/2006,BET,AK,AAL,WE,Federal Contract Tower,9,5,2,0,16,0,273,10,0,283,9,278,12,0,299,17,41,58,357
12/16/2006,BET,AK,AAL,WE,Federal Contract Tower,10,25,0,0,35,1,162,12,0,175,11,187,12,0,210,1,0,1,211
12/17/2006,BET,AK,AAL,WE,Federal Contract Tower,4,26,1,0,31,0,47,7,0,54,4,73,8,0,85,16,0,16,101
12/18/2006,BET,AK,AAL,WE,Federal Contract Tower,4,116,0,0,120,1,0,0,0,1,5,116,0,0,121,0,0,0,121
12/19/2006,BET,AK,AAL,WE,Federal Contract Tower,8,13,1,2,24,0,352,15,1,368,8,365,16,3,392,23,2,25,417
12/20/2006,BET,AK,AAL,WE,Federal Contract Tower,11,4,0,0,15,1,286,13,2,302,12,290,13,2,317,5,0,5,322
12/21/2006,BET,AK,AAL,WE,Federal Contract Tower,12,3,0,0,15,0,261,13,0,274,12,264,13,0,289,6,33,39,328
12/22/2006,BET,AK,AAL,WE,Federal Contract Tower,8,19,0,0,27,4,240,14,0,258,12,259,14,0,285,20,0,20,305
12/23/2006,BET,AK,AAL,WE,Federal Contract Tower,5,4,0,0,9,0,216,23,0,239,5,220,23,0,248,2,0,2,250
12/24/2006,BET,AK,AAL,WE,Federal Contract Tower,4,8,0,0,12,0,103,1,0,104,4,111,1,0,116,0,0,0,116
12/25/2006,BET,AK,AAL,WE,Federal Contract Tower,0,2,0,0,2,0,0,0,0,0,0,2,0,0,2,0,0,0,2
12/26/2006,BET,AK,AAL,WE,Federal Contract Tower,6,36,0,0,42,0,102,2,0,104,6,138,2,0,146,1,0,1,147
12/27/2006,BET,AK,AAL,WE,Federal Contract Tower,11,24,0,0,35,0,24,0,0,24,11,48,0,0,59,0,0,0,59
12/28/2006,BET,AK,AAL,WE,Federal Contract Tower,11,94,0,0,105,0,55,0,0,55,11,149,0,0,160,0,0,0,160
12/29/2006,BET,AK,AAL,WE,Federal Contract Tower,14,35,3,0,52,1,174,10,0,185,15,209,13,0,237,18,0,18,255
12/30/2006,BET,AK,AAL,WE,Federal Contract Tower,9,8,0,0,17,1,185,4,0,190,10,193,4,0,207,3,0,3,210
12/31/2006,BET,AK,AAL,WE,Federal Contract Tower,3,3,0,0,6,0,71,8,0,79,3,74,8,0,85,0,0,0,85
01/01/2007,BET,AK,AAL,WE,Federal Contract Tower,5,1,0,0,6,0,22,0,0,22,5,23,0,0,28,6,0,6,34
01/02/2007,BET,AK,AAL,WE,Federal Contract Tower,4,4,0,0,8,0,203,5,0,208,4,207,5,0,216,3,0,3,219
01/03/2007,BET,AK,AAL,WE,Federal Contract Tower,7,4,2,0,13,0,193,5,0,198,7,197,7,0,211,0,0,0,211
01/04/2007,BET,AK,AAL,WE,Federal Contract Tower,8,5,0,0,13,0,209,7,0,216,8,214,7,0,229,3,0,3,232
01/05/2007,BET,AK,AAL,WE,Federal Contract Tower,10,6,0,0,16,0,205,5,0,210,10,211,5,0,226,6,0,6,232
01/06/2007,BET,AK,AAL,WE,Federal Contract Tower,9,2,0,0,11,0,174,0,0,174,9,176,0,0,185,0,0,0,185
01/07/2007,BET,AK,AAL,WE,Federal Contract Tower,2,1,0,0,3,0,140,2,0,142,2,141,2,0,145,0,0,0,145
01/08/2007,BET,AK,AAL,WE,Federal Contract Tower,6,3,4,2,15,0,207,6,2,215,6,210,10,4,230,16,2,18,248
01/09/2007,BET,AK,AAL,WE,Federal Contract Tower,8,17,4,0,29,1,58,0,0,59,9,75,4,0,88,18,0,18,106
01/10/2007,BET,AK,AAL,WE,Federal Contract Tower,5,6,2,0,13,1,16,0,0,17,6,22,2,0,30,2,0,2,32
01/11/2007,BET,AK,AAL,WE,Federal Contract Tower,10,17,0,0,27,1,262,13,0,276,11,279,13,0,303,16,0,16,319
01/12/2007,BET,AK,AAL,WE,Federal Contract Tower,12,18,0,0,30,0,193,5,2,200,12,211,5,2,230,0,1,1,231
01/13/2007,BET,AK,AAL,WE,Federal Contract Tower,9,6,0,0,15,0,183,11,0,194,9,189,11,0,209,9,0,9,218
01/14/2007,BET,AK,AAL,WE,Federal Contract Tower,4,18,0,0,22,0,0,0,0,0,4,18,0,0,22,0,0,0,22
01/15/2007,BET,AK,AAL,WE,Federal Contract Tower,6,87,3,0,96,0,23,16,0,39,6,110,19,0,135,0,0,0,135
01/16/2007,BET,AK,AAL,WE,Federal Contract Tower,10,22,0,2,34,0,64,1,0,65,10,86,1,2,99,8,0,8,107
01/17/2007,BET,AK,AAL,WE,Federal Contract Tower,13,21,1,0,35,0,185,9,1,195,13,206,10,1,230,6,0,6,236
01/18/2007,BET,AK,AAL,WE,Federal Contract Tower,9,6,1,0,16,0,268,14,2,284,9,274,15,2,300,22,0,22,322
01/19/2007,BET,AK,AAL,WE,Federal Contract Tower,11,22,2,0,35,2,217,9,0,228,13,239,11,0,263,2,0,2,265
01/20/2007,BET,AK,AAL,WE,Federal Contract Tower,9,83,2,0,94,0,123,5,0,128,9,206,7,0,222,0,0,0,222
01/21/2007,BET,AK,AAL,WE,Federal Contract Tower,5,17,2,0,24,0,92,14,0,106,5,109,16,0,130,15,0,15,145
01/22/2007,BET,AK,AAL,WE,Federal Contract Tower,9,66,6,0,81,0,165,1,0,166,9,231,7,0,247,31,0,31,278
01/23/2007,BET,AK,AAL,WE,Federal Contract Tower,13,10,4,0,27,1,225,5,0,231,14,235,9,0,258,7,0,7,265
01/24/2007,BET,AK,AAL,WE,Federal Contract Tower,9,7,0,0,16,1,221,11,0,233,10,228,11,0,249,9,0,9,258
01/25/2007,BET,AK,AAL,WE,Federal Contract Tower,4,6,0,0,10,0,0,0,0,0,4,6,0,0,10,0,0,0,10
01/26/2007,BET,AK,AAL,WE,Federal Contract Tower,14,18,0,0,32,0,83,0,0,83,14,101,0,0,115,0,0,0,115
01/27/2007,BET,AK,AAL,WE,Federal Contract Tower,6,9,1,0,16,0,161,8,0,169,6,170,9,0,185,4,0,4,189
01/28/2007,BET,AK,AAL,WE,Federal Contract Tower,1,4,2,0,7,0,147,20,0,167,1,151,22,0,174,24,0,24,198
01/29/2007,BET,AK,AAL,WE,Federal Contract Tower,9,11,0,0,20,0,182,13,0,195,9,193,13,0,215,0,0,0,215
01/30/2007,BET,AK,AAL,WE,Federal Contract Tower,6,2,1,0,9,0,43,1,2,46,6,45,2,2,55,0,0,0,55
01/31/2007,BET,AK,AAL,WE,Federal Contract Tower,9,5,1,0,15,2,316,13,0,331,11,321,14,0,346,3,0,3,349
02/01/2007,BET,AK,AAL,WE,Federal Contract Tower,5,11,0,0,16,0,291,15,0,306,5,302,15,0,322,4,0,4,326
02/02/2007,BET,AK,AAL,WE,Federal Contract Tower,8,7,0,0,15,0,169,2,0,171,8,176,2,0,186,4,0,4,190
02/03/2007,BET,AK,AAL,WE,Federal Contract Tower,11,25,0,0,36,0,258,9,0,267,11,283,9,0,303,23,0,23,326
02/04/2007,BET,AK,AAL,WE,Federal Contract Tower,2,5,2,0,9,0,107,35,0,142,2,112,37,0,151,29,0,29,180
02/05/2007,BET,AK,AAL,WE,Federal Contract Tower,6,3,2,0,11,1,253,14,0,268,7,256,16,0,279,20,0,20,299
02/06/2007,BET,AK,AAL,WE,Federal Contract Tower,5,5,0,1,11,0,259,22,1,282,5,264,22,2,293,25,0,25,318
02/07/2007,BET,AK,AAL,WE,Federal Contract Tower,6,8,3,0,17,0,269,13,0,282,6,277,16,0,299,7,0,7,306
02/08/2007,BET,AK,AAL,WE,Federal Contract Tower,8,5,0,0,13,0,237,18,1,256,8,242,18,1,269,8,2,10,279
02/09/2007,BET,AK,AAL,WE,Federal Contract Tower,9,34,1,0,44,0,147,3,1,151,9,181,4,1,195,6,0,6,201
02/10/2007,BET,AK,AAL,WE,Federal Contract Tower,10,34,0,0,44,0,115,5,0,120,10,149,5,0,164,0,0,0,164
02/11/2007,BET,AK,AAL,WE,Federal Contract Tower,5,25,0,0,30,0,75,11,1,87,5,100,11,1,117,0,0,0,117
02/12/2007,BET,AK,AAL,WE,Federal Contract Tower,5,5,0,2,12,0,235,14,0,249,5,240,14,2,261,19,0,19,280
02/13/2007,BET,AK,AAL,WE,Federal Contract Tower,5,42,1,2,50,0,135,1,1,137,5,177,2,3,187,16,0,16,203
02/14/2007,BET,AK,AAL,WE,Federal Contract Tower,7,129,6,0,142,0,73,0,0,73,7,202,6,0,215,0,0,0,215
02/15/2007,BET,AK,AAL,WE,Federal Contract Tower,6,3,0,2,11,0,244,14,1,259,6,247,14,3,270,0,0,0,270
02/16/2007,BET,AK,AAL,WE,Federal Contract Tower,8,3,0,0,11,0,292,20,0,312,8,295,20,0,323,11,0,11,334
02/17/2007,BET,AK,AAL,WE,Federal Contract Tower,6,8,0,0,14,0,246,45,0,291,6,254,45,0,305,3,0,3,308
02/18/2007,BET,AK,AAL,WE,Federal Contract Tower,5,32,0,0,37,0,24,3,0,27,5,56,3,0,64,0,0,0,64
02/19/2007,BET,AK,AAL,WE,Federal Contract Tower,5,5,0,0,10,0,201,7,0,208,5,206,7,0,218,0,0,0,218
02/20/2007,BET,AK,AAL,WE,Federal Contract Tower,6,5,0,0,11,0,231,17,0,248,6,236,17,0,259,22,0,22,281
02/21/2007,BET,AK,AAL,WE,Federal Contract Tower,7,6,1,0,14,0,197,24,0,221,7,203,25,0,235,10,0,10,245
02/22/2007,BET,AK,AAL,WE,Federal Contract Tower,7,5,0,2,14,0,275,23,2,300,7,280,23,4,314,1,0,1,315
02/23/2007,BET,AK,AAL,WE,Federal Contract Tower,9,47,0,0,56,0,185,10,0,195,9,232,10,0,251,0,0,0,251
02/24/2007,BET,AK,AAL,WE,Federal Contract Tower,9,5,0,0,14,1,209,23,0,233,10,214,23,0,247,6,0,6,253
02/25/2007,BET,AK,AAL,WE,Federal Contract Tower,6,43,2,0,51,0,3,0,0,3,6,46,2,0,54,0,0,0,54
02/26/2007,BET,AK,AAL,WE,Federal Contract Tower,7,145,1,0,153,0,12,0,0,12,7,157,1,0,165,0,0,0,165
02/27/2007,BET,AK,AAL,WE,Federal Contract Tower,10,6,0,0,16,0,219,5,1,225,10,225,5,1,241,7,0,7,248
02/28/2007,BET,AK,AAL,WE,Federal Contract Tower,11,5,0,0,16,0,173,0,0,173,11,178,0,0,189,0,0,0,189
03/01/2007,BET,AK,AAL,WE,Federal Contract Tower,9,2,0,0,11,0,209,0,0,209,9,211,0,0,220,0,0,0,220
03/02/2007,BET,AK,AAL,WE,Federal Contract Tower,9,4,0,0,13,0,237,14,0,251,9,241,14,0,264,8,0,8,272
03/03/2007,BET,AK,AAL,WE,Federal Contract Tower,9,4,0,0,13,0,198,26,0,224,9,202,26,0,237,0,0,0,237
03/04/2007,BET,AK,AAL,WE,Federal Contract Tower,5,3,0,0,8,0,112,12,0,124,5,115,12,0,132,2,0,2,134
03/05/2007,BET,AK,AAL,WE,Federal Contract Tower,6,7,0,0,13,0,214,11,0,225,6,221,11,0,238,11,0,11,249
03/06/2007,BET,AK,AAL,WE,Federal Contract Tower,6,5,0,0,11,0,237,16,0,253,6,242,16,0,264,1,0,1,265
03/07/2007,BET,AK,AAL,WE,Federal Contract Tower,11,6,0,0,17,1,181,0,0,182,12,187,0,0,199,11,0,11,210
03/08/2007,BET,AK,AAL,WE,Federal Contract Tower,8,3,0,0,11,0,140,1,0,141,8,143,1,0,152,0,0,0,152
03/09/2007,BET,AK,AAL,WE,Federal Contract Tower,11,4,0,0,15,0,296,7,0,303,11,300,7,0,318,0,0,0,318
03/10/2007,BET,AK,AAL,WE,Federal Contract Tower,7,4,0,0,11,1,184,7,0,192,8,188,7,0,203,10,0,10,213
03/11/2007,BET,AK,AAL,WE,Federal Contract Tower,3,7,0,0,10,0,221,13,1,235,3,228,13,1,245,0,0,0,245
03/12/2007,BET,AK,AAL,WE,Federal Contract Tower,5,5,0,0,10,0,265,18,0,283,5,270,18,0,293,6,0,6,299
03/13/2007,BET,AK,AAL,WE,Federal Contract Tower,6,2,0,0,8,0,247,6,0,253,6,249,6,0,261,0,0,0,261
03/14/2007,BET,AK,AAL,WE,Federal Contract Tower,6,6,0,0,12,0,224,11,5,240,6,230,11,5,252,38,0,38,290
03/15/2007,BET,AK,AAL,WE,Federal Contract Tower,9,4,0,0,13,0,255,8,0,263,9,259,8,0,276,20,0,20,296
03/16/2007,BET,AK,AAL,WE,Federal Contract Tower,11,6,0,0,17,0,250,9,1,260,11,256,9,1,277,0,0,0,277
03/17/2007,BET,AK,AAL,WE,Federal Contract Tower,6,3,0,0,9,1,221,24,0,246,7,224,24,0,255,21,0,21,276
03/18/2007,BET,AK,AAL,WE,Federal Contract Tower,2,4,0,0,6,0,105,15,0,120,2,109,15,0,126,5,0,5,131
03/19/2007,BET,AK,AAL,WE,Federal Contract Tower,9,26,0,0,35,0,216,16,0,232,9,242,16,0,267,2,0,2,269
03/20/2007,BET,AK,AAL,WE,Federal Contract Tower,3,2,0,0,5,0,221,23,0,244,3,223,23,0,249,20,11,31,280
03/21/2007,BET,AK,AAL,WE,Federal Contract Tower,8,5,0,0,13,0,219,13,0,232,8,224,13,0,245,1,0,1,246
03/22/2007,BET,AK,AAL,WE,Federal Contract Tower,7,5,0,0,12,0,210,17,0,227,7,215,17,0,239,5,0,5,244
03/23/2007,BET,AK,AAL,WE,Federal Contract Tower,10,4,0,0,14,0,271,26,0,297,10,275,26,0,311,17,0,17,328
03/24/2007,BET,AK,AAL,WE,Federal Contract Tower,8,4,1,0,13,0,192,27,0,219,8,196,28,0,232,2,0,2,234
03/25/2007,BET,AK,AAL,WE,Federal Contract Tower,7,9,0,0,16,0,120,7,0,127,7,129,7,0,143,0,0,0,143
03/26/2007,BET,AK,AAL,WE,Federal Contract Tower,6,22,0,0,28,0,28,4,0,32,6,50,4,0,60,2,0,2,62
03/27/2007,BET,AK,AAL,WE,Federal Contract Tower,4,6,0,0,10,1,284,28,0,313,5,290,28,0,323,39,0,39,362
03/28/2007,BET,AK,AAL,WE,Federal Contract Tower,10,11,2,0,23,0,215,17,0,232,10,226,19,0,255,0,0,0,255
03/29/2007,BET,AK,AAL,WE,Federal Contract Tower,6,136,3,0,145,0,50,0,0,50,6,186,3,0,195,0,0,0,195
03/30/2007,BET,AK,AAL,WE,Federal Contract Tower,6,9,1,0,16,0,311,24,9,344,6,320,25,9,360,40,0,40,400
03/31/2007,BET,AK,AAL,WE,Federal Contract Tower,7,57,0,0,64,0,73,4,0,77,7,130,4,0,141,19,0,19,160
04/01/2007,BET,AK,AAL,WE,Federal Contract Tower,2,53,2,0,57,0,22,2,0,24,2,75,4,0,81,9,0,9,90
04/02/2007,BET,AK,AAL,WE,Federal Contract Tower,10,16,0,2,28,2,282,23,0,307,12,298,23,2,335,16,0,16,351
04/03/2007,BET,AK,AAL,WE,Federal Contract Tower,8,4,0,0,12,0,305,36,0,341,8,309,36,0,353,32,0,32,385
04/04/2007,BET,AK,AAL,WE,Federal Contract Tower,9,11,0,0,20,0,285,32,0,317,9,296,32,0,337,10,0,10,347
04/05/2007,BET,AK,AAL,WE,Federal Contract Tower,9,8,0,2,19,1,265,19,0,285,10,273,19,2,304,1,0,1,305
04/06/2007,BET,AK,AAL,WE,Federal Contract Tower,13,2,0,0,15,0,337,24,0,361,13,339,24,0,376,29,0,29,405
04/07/2007,BET,AK,AAL,WE,Federal Contract Tower,10,3,0,0,13,0,285,39,0,324,10,288,39,0,337,0,0,0,337
04/08/2007,BET,AK,AAL,WE,Federal Contract Tower,8,3,0,0,11,0,119,44,0,163,8,122,44,0,174,14,0,14,188
04/09/2007,BET,AK,AAL,WE,Federal Contract Tower,0,3,1,0,4,0,298,35,0,333,0,301,36,0,337,17,0,17,354
04/10/2007,BET,AK,AAL,WE,Federal Contract Tower,11,10,1,0,22,0,309,44,0,353,11,319,45,0,375,10,0,10,385
04/11/2007,BET,AK,AAL,WE,Federal Contract Tower,9,34,0,0,43,2,255,35,0,292,11,289,35,0,335,0,0,0,335
04/12/2007,BET,AK,AAL,WE,Federal Contract Tower,11,7,2,0,20,0,304,54,0,358,11,311,56,0,378,23,0,23,401
04/13/2007,BET,AK,AAL,WE,Federal Contract Tower,13,12,0,0,25,0,338,35,3,376,13,350,35,3,401,0,0,0,401
04/14/2007,BET,AK,AAL,WE,Federal Contract Tower,6,10,0,0,16,0,279,39,0,318,6,289,39,0,334,29,0,29,363
04/15/2007,BET,AK,AAL,WE,Federal Contract Tower,6,1,0,0,7,0,149,34,0,183,6,150,34,0,190,12,0,12,202
04/16/2007,BET,AK,AAL,WE,Federal Contract Tower,8,11,0,0,19,1,254,27,0,282,9,265,27,0,301,20,0,20,321
04/17/2007,BET,AK,AAL,WE,Federal Contract Tower,8,21,0,0,29,0,117,8,0,125,8,138,8,0,154,0,0,0,154
04/18/2007,BET,AK,AAL,WE,Federal Contract Tower,8,49,2,0,59,1,37,0,0,38,9,86,2,0,97,0,0,0,97
04/19/2007,BET,AK,AAL,WE,Federal Contract Tower,6,19,1,0,26,1,307,16,0,324,7,326,17,0,350,0,0,0,350
04/20/2007,BET,AK,AAL,WE,Federal Contract Tower,11,7,0,0,18,1,292,29,0,322,12,299,29,0,340,4,0,4,344
04/21/2007,BET,AK,AAL,WE,Federal Contract Tower,12,9,0,0,21,1,232,13,0,246,13,241,13,0,267,7,0,7,274
04/22/2007,BET,AK,AAL,WE,Federal Contract Tower,6,10,0,0,16,0,186,29,0,215,6,196,29,0,231,13,0,13,244
04/23/2007,BET,AK,AAL,WE,Federal Contract Tower,7,6,0,0,13,0,291,41,0,332,7,297,41,0,345,11,0,11,356
04/24/2007,BET,AK,AAL,WE,Federal Contract Tower,9,6,1,0,16,0,350,25,0,375,9,356,26,0,391,32,0,32,423
04/25/2007,BET,AK,AAL,WE,Federal Contract Tower,12,9,0,0,21,0,315,21,0,336,12,324,21,0,357,25,0,25,382
04/26/2007,BET,AK,AAL,WE,Federal Contract Tower,7,3,1,0,11,0,331,19,2,352,7,334,20,2,363,2,0,2,365
04/27/2007,BET,AK,AAL,WE,Federal Contract Tower,11,59,0,0,70,0,220,4,2,226,11,279,4,2,296,0,0,0,296
04/28/2007,BET,AK,AAL,WE,Federal Contract Tower,8,9,1,0,18,0,251,6,1,258,8,260,7,1,276,6,0,6,282
04/29/2007,BET,AK,AAL,WE,Federal Contract Tower,8,6,0,0,14,0,175,34,0,209,8,181,34,0,223,10,0,10,233
04/30/2007,BET,AK,AAL,WE,Federal Contract Tower,8,6,0,0,14,0,281,34,0,315,8,287,34,0,329,19,0,19,348
05/01/2007,BET,AK,AAL,WE,Federal Contract Tower,12,32,0,0,44,1,332,30,0,363,13,364,30,0,407,0,0,0,407
05/02/2007,BET,AK,AAL,WE,Federal Contract Tower,10,10,1,0,21,0,325,23,0,348,10,335,24,0,369,20,0,20,389
05/03/2007,BET,AK,AAL,WE,Federal Contract Tower,9,51,2,0,62,1,313,28,0,342,10,364,30,0,404,10,0,10,414
05/04/2007,BET,AK,AAL,WE,Federal Contract Tower,9,46,1,0,56,2,314,37,0,353,11,360,38,0,409,0,0,0,409
05/05/2007,BET,AK,AAL,WE,Federal Contract Tower,12,5,0,0,17,0,325,41,0,366,12,330,41,0,383,0,0,0,383
05/06/2007,BET,AK,AAL,WE,Federal Contract Tower,4,7,0,0,11,0,154,29,0,183,4,161,29,0,194,18,0,18,212
05/07/2007,BET,AK,AAL,WE,Federal Contract Tower,5,81,1,0,87,2,150,14,0,166,7,231,15,0,253,2,0,2,255
05/08/2007,BET,AK,AAL,WE,Federal Contract Tower,8,43,0,0,51,0,183,27,0,210,8,226,27,0,261,3,0,3,264
05/09/2007,BET,AK,AAL,WE,Federal Contract Tower,16,45,0,0,61,0,263,22,0,285,16,308,22,0,346,4,0,4,350
05/10/2007,BET,AK,AAL,WE,Federal Contract Tower,11,6,1,0,18,0,351,37,0,388,11,357,38,0,406,2,0,2,408
05/11/2007,BET,AK,AAL,WE,Federal Contract Tower,11,5,0,0,16,0,299,28,0,327,11,304,28,0,343,22,0,22,365
05/12/2007,BET,AK,AAL,WE,Federal Contract Tower,12,31,0,0,43,0,251,33,0,284,12,282,33,0,327,0,0,0,327
05/13/2007,BET,AK,AAL,WE,Federal Contract Tower,8,5,0,0,13,0,187,37,0,224,8,192,37,0,237,4,14,18,255
05/14/2007,BET,AK,AAL,WE,Federal Contract Tower,9,7,0,0,16,7,296,17,0,320,16,303,17,0,336,0,0,0,336
05/15/2007,BET,AK,AAL,WE,Federal Contract Tower,6,9,0,0,15,1,314,34,0,349,7,323,34,0,364,5,0,5,369
05/16/2007,BET,AK,AAL,WE,Federal Contract Tower,9,10,0,0,19,0,283,28,0,311,9,293,28,0,330,10,0,10,340
05/17/2007,BET,AK,AAL,WE,Federal Contract Tower,10,9,0,1,20,0,289,27,1,317,10,298,27,2,337,0,0,0,337
05/18/2007,BET,AK,AAL,WE,Federal Contract Tower,8,7,0,0,15,0,257,22,0,279,8,264,22,0,294,2,0,2,296
05/19/2007,BET,AK,AAL,WE,Federal Contract Tower,10,5,0,0,15,0,241,22,0,263,10,246,22,0,278,2,0,2,280
05/20/2007,BET,AK,AAL,WE,Federal Contract Tower,6,5,0,0,11,0,147,26,0,173,6,152,26,0,184,8,0,8,192
05/21/2007,BET,AK,AAL,WE,Federal Contract Tower,6,44,0,0,50,0,201,20,0,221,6,245,20,0,271,2,0,2,273
05/22/2007,BET,AK,AAL,WE,Federal Contract Tower,8,7,0,0,15,1,304,26,0,331,9,311,26,0,346,0,0,0,346
05/23/2007,BET,AK,AAL,WE,Federal Contract Tower,9,9,0,0,18,0,336,30,0,366,9,345,30,0,384,4,0,4,388
05/24/2007,BET,AK,AAL,WE,Federal Contract Tower,9,8,0,0,17,1,306,34,0,341,10,314,34,0,358,8,0,8,366
05/25/2007,BET,AK,AAL,WE,Federal Contract Tower,11,4,0,0,15,0,301,35,0,336,11,305,35,0,351,8,0,8,359
05/26/2007,BET,AK,AAL,WE,Federal Contract Tower,11,8,0,0,19,0,211,32,0,243,11,219,32,0,262,6,0,6,268
05/27/2007,BET,AK,AAL,WE,Federal Contract Tower,4,15,2,0,21,0,138,54,12,204,4,153,56,12,225,10,0,10,235
05/28/2007,BET,AK,AAL,WE,Federal Contract Tower,6,2,0,0,8,0,203,48,2,253,6,205,48,2,261,24,0,24,285
05/29/2007,BET,AK,AAL,WE,Federal Contract Tower,9,6,0,0,15,0,294,43,0,337,9,300,43,0,352,14,0,14,366
05/30/2007,BET,AK,AAL,WE,Federal Contract Tower,11,11,1,0,23,0,300,31,0,331,11,311,32,0,354,29,0,29,383
05/31/2007,BET,AK,AAL,WE,Federal Contract Tower,12,9,1,0,22,0,288,31,0,319,12,297,32,0,341,10,0,10,351
06/01/2007,BET,AK,AAL,WE,Federal Contract Tower,6,10,0,0,16,0,288,51,0,339,6,298,51,0,355,32,0,32,387
06/02/2007,BET,AK,AAL,WE,Federal Contract Tower,7,6,0,0,13,0,205,28,0,233,7,211,28,0,246,3,0,3,249
06/03/2007,BET,AK,AAL,WE,Federal Contract Tower,4,7,0,0,11,0,133,29,0,162,4,140,29,0,173,2,0,2,175
06/04/2007,BET,AK,AAL,WE,Federal Contract Tower,8,20,1,0,29,0,240,27,0,267,8,260,28,0,296,23,0,23,319
06/05/2007,BET,AK,AAL,WE,Federal Contract Tower,11,7,1,2,21,2,279,29,0,310,13,286,30,2,331,13,0,13,344
06/06/2007,BET,AK,AAL,WE,Federal Contract Tower,6,4,0,0,10,2,268,37,0,307,8,272,37,0,317,7,0,7,324
06/07/2007,BET,AK,AAL,WE,Federal Contract Tower,8,11,0,2,21,0,241,30,1,272,8,252,30,3,293,11,0,11,304
06/09/2007,BET,AK,AAL,WE,Federal Contract Tower,10,7,0,0,17,1,204,34,1,240,11,211,34,1,257,20,0,20,277
06/10/2007,BET,AK,AAL,WE,Federal Contract Tower,4,6,0,0,10,0,172,35,3,210,4,178,35,3,220,0,0,0,220
06/11/2007,BET,AK,AAL,WE,Federal Contract Tower,8,4,3,0,15,3,264,24,0,291,11,268,27,0,306,11,0,11,317
06/12/2007,BET,AK,AAL,WE,Federal Contract Tower,8,23,2,0,33,0,302,20,0,322,8,325,22,0,355,4,0,4,359
06/13/2007,BET,AK,AAL,WE,Federal Contract Tower,8,10,2,1,21,0,245,34,1,280,8,255,36,2,301,17,0,17,318
06/14/2007,BET,AK,AAL,WE,Federal Contract Tower,9,8,3,0,20,0,246,25,0,271,9,254,28,0,291,10,0,10,301
06/15/2007,BET,AK,AAL,WE,Federal Contract Tower,8,49,4,0,61,1,277,35,0,313,9,326,39,0,374,0,0,0,374
06/16/2007,BET,AK,AAL,WE,Federal Contract Tower,8,29,0,0,37,1,201,24,0,226,9,230,24,0,263,0,0,0,263
06/17/2007,BET,AK,AAL,WE,Federal Contract Tower,4,10,0,2,16,0,141,24,0,165,4,151,24,2,181,0,0,0,181
06/18/2007,BET,AK,AAL,WE,Federal Contract Tower,8,60,4,0,72,0,190,32,0,222,8,250,36,0,294,2,0,2,296
06/19/2007,BET,AK,AAL,WE,Federal Contract Tower,6,4,0,0,10,0,259,31,0,290,6,263,31,0,300,0,0,0,300
06/20/2007,BET,AK,AAL,WE,Federal Contract Tower,9,18,4,0,31,0,208,16,0,224,9,226,20,0,255,3,0,3,258
06/21/2007,BET,AK,AAL,WE,Federal Contract Tower,9,19,0,0,28,0,215,16,0,231,9,234,16,0,259,10,0,10,269
06/22/2007,BET,AK,AAL,WE,Federal Contract Tower,11,51,4,0,66,0,229,45,0,274,11,280,49,0,340,6,0,6,346
06/23/2007,BET,AK,AAL,WE,Federal Contract Tower,9,5,0,0,14,0,218,32,0,250,9,223,32,0,264,0,0,0,264
06/24/2007,BET,AK,AAL,WE,Federal Contract Tower,4,2,0,0,6,0,155,43,0,198,4,157,43,0,204,13,0,13,217
06/25/2007,BET,AK,AAL,WE,Federal Contract Tower,7,34,4,0,45,0,208,44,0,252,7,242,48,0,297,12,0,12,309
06/26/2007,BET,AK,AAL,WE,Federal Contract Tower,6,10,1,2,19,5,256,25,5,291,11,266,26,7,310,3,3,6,316
06/27/2007,BET,AK,AAL,WE,Federal Contract Tower,9,7,0,1,17,13,244,21,0,278,22,251,21,1,295,9,1,10,305
06/28/2007,BET,AK,AAL,WE,Federal Contract Tower,9,55,2,2,68,0,194,20,3,217,9,249,22,5,285,2,0,2,287
06/29/2007,BET,AK,AAL,WE,Federal Contract Tower,12,79,2,2,95,0,218,16,0,234,12,297,18,2,329,2,0,2,331
06/30/2007,BET,AK,AAL,WE,Federal Contract Tower,9,13,1,0,23,0,264,37,0,301,9,277,38,0,324,3,0,3,327
07/01/2007,BET,AK,AAL,WE,Federal Contract Tower,4,5,0,0,9,0,156,59,0,215,4,161,59,0,224,6,0,6,230
07/02/2007,BET,AK,AAL,WE,Federal Contract Tower,7,22,0,0,29,1,258,26,0,285,8,280,26,0,314,20,0,20,334
07/03/2007,BET,AK,AAL,WE,Federal Contract Tower,9,46,0,0,55,1,262,76,2,341,10,308,76,2,396,21,0,21,417
07/04/2007,BET,AK,AAL,WE,Federal Contract Tower,6,5,0,1,12,0,27,22,1,50,6,32,22,2,62,1,0,1,63
07/05/2007,BET,AK,AAL,WE,Federal Contract Tower,9,110,0,0,119,0,141,13,0,154,9,251,13,0,273,0,0,0,273
07/06/2007,BET,AK,AAL,WE,Federal Contract Tower,12,81,5,0,98,0,199,28,0,227,12,280,33,0,325,4,0,4,329
07/07/2007,BET,AK,AAL,WE,Federal Contract Tower,6,8,5,0,19,0,262,27,0,289,6,270,32,0,308,4,0,4,312
07/08/2007,BET,AK,AAL,WE,Federal Contract Tower,4,7,2,0,13,0,151,41,0,192,4,158,43,0,205,5,0,5,210
07/09/2007,BET,AK,AAL,WE,Federal Contract Tower,6,11,0,2,19,0,246,38,0,284,6,257,38,2,303,23,0,23,326
07/10/2007,BET,AK,AAL,WE,Federal Contract Tower,8,52,2,0,62,0,222,38,0,260,8,274,40,0,322,37,0,37,359
07/11/2007,BET,AK,AAL,WE,Federal Contract Tower,6,6,0,0,12,0,249,34,0,283,6,255,34,0,295,9,0,9,304
07/12/2007,BET,AK,AAL,WE,Federal Contract Tower,9,158,0,0,167,0,98,25,0,123,9,256,25,0,290,0,0,0,290
07/13/2007,BET,AK,AAL,WE,Federal Contract Tower,8,52,0,0,60,0,241,39,2,282,8,293,39,2,342,5,0,5,347
07/14/2007,BET,AK,AAL,WE,Federal Contract Tower,10,10,4,0,24,0,224,20,0,244,10,234,24,0,268,20,0,20,288
07/15/2007,BET,AK,AAL,WE,Federal Contract Tower,4,13,0,0,17,0,144,19,0,163,4,157,19,0,180,4,0,4,184
07/16/2007,BET,AK,AAL,WE,Federal Contract Tower,8,45,2,0,55,0,194,28,1,223,8,239,30,1,278,11,0,11,289
07/17/2007,BET,AK,AAL,WE,Federal Contract Tower,8,8,0,0,16,0,304,42,2,348,8,312,42,2,364,15,0,15,379
07/18/2007,BET,AK,AAL,WE,Federal Contract Tower,7,3,2,0,12,0,285,42,2,329,7,288,44,2,341,21,0,21,362
07/19/2007,BET,AK,AAL,WE,Federal Contract Tower,8,98,10,1,117,0,193,16,1,210,8,291,26,2,327,0,0,0,327
07/20/2007,BET,AK,AAL,WE,Federal Contract Tower,12,7,0,0,19,5,278,37,0,320,17,285,37,0,339,17,9,26,365
07/21/2007,BET,AK,AAL,WE,Federal Contract Tower,13,128,6,0,147,0,37,5,0,42,13,165,11,0,189,0,0,0,189
07/22/2007,BET,AK,AAL,WE,Federal Contract Tower,3,20,3,0,26,0,125,25,0,150,3,145,28,0,176,0,0,0,176
07/23/2007,BET,AK,AAL,WE,Federal Contract Tower,8,20,5,0,33,0,244,47,0,291,8,264,52,0,324,13,0,13,337
07/24/2007,BET,AK,AAL,WE,Federal Contract Tower,9,5,2,0,16,0,307,41,2,350,9,312,43,2,366,13,0,13,379
07/25/2007,BET,AK,AAL,WE,Federal Contract Tower,8,5,0,4,17,0,258,44,0,302,8,263,44,4,319,7,0,7,326
07/26/2007,BET,AK,AAL,WE,Federal Contract Tower,8,9,1,1,19,0,241,28,1,270,8,250,29,2,289,13,0,13,302
07/27/2007,BET,AK,AAL,WE,Federal Contract Tower,12,4,0,0,16,0,319,52,0,371,12,323,52,0,387,35,0,35,422
07/28/2007,BET,AK,AAL,WE,Federal Contract Tower,10,5,0,0,15,0,188,27,0,215,10,193,27,0,230,14,0,14,244
07/29/2007,BET,AK,AAL,WE,Federal Contract Tower,6,2,1,0,9,0,138,27,0,165,6,140,28,0,174,0,0,0,174
07/30/2007,BET,AK,AAL,WE,Federal Contract Tower,8,10,1,0,19,1,216,36,0,253,9,226,37,0,272,42,0,42,314
07/31/2007,BET,AK,AAL,WE,Federal Contract Tower,8,27,1,0,36,2,223,29,0,254,10,250,30,0,290,4,0,4,294
08/01/2007,BET,AK,AAL,WE,Federal Contract Tower,7,13,2,0,22,5,241,35,0,281,12,254,37,0,303,11,0,11,314
08/02/2007,BET,AK,AAL,WE,Federal Contract Tower,15,6,0,0,21,2,268,51,0,321,17,274,51,0,342,2,0,2,344
08/03/2007,BET,AK,AAL,WE,Federal Contract Tower,11,5,0,0,16,0,328,59,0,387,11,333,59,0,403,4,0,4,407
08/04/2007,BET,AK,AAL,WE,Federal Contract Tower,16,74,6,0,96,1,165,24,0,190,17,239,30,0,286,3,0,3,289
08/05/2007,BET,AK,AAL,WE,Federal Contract Tower,4,28,3,0,35,0,122,20,0,142,4,150,23,0,177,0,0,0,177
08/06/2007,BET,AK,AAL,WE,Federal Contract Tower,8,14,2,0,24,0,292,48,0,340,8,306,50,0,364,19,0,19,383
08/07/2007,BET,AK,AAL,WE,Federal Contract Tower,12,20,4,0,36,5,296,46,0,347,17,316,50,0,383,20,0,20,403
08/08/2007,BET,AK,AAL,WE,Federal Contract Tower,6,12,0,0,18,0,254,52,0,306,6,266,52,0,324,8,0,8,332
08/09/2007,BET,AK,AAL,WE,Federal Contract Tower,14,5,4,0,23,0,212,43,5,260,14,217,47,5,283,3,0,3,286
08/10/2007,BET,AK,AAL,WE,Federal Contract Tower,8,6,1,0,15,0,299,63,0,362,8,305,64,0,377,4,0,4,381
08/11/2007,BET,AK,AAL,WE,Federal Contract Tower,14,10,4,0,28,0,167,27,0,194,14,177,31,0,222,0,0,0,222
08/12/2007,BET,AK,AAL,WE,Federal Contract Tower,4,30,5,0,39,0,117,19,0,136,4,147,24,0,175,5,0,5,180
08/13/2007,BET,AK,AAL,WE,Federal Contract Tower,8,63,1,0,72,1,176,18,0,195,9,239,19,0,267,0,0,0,267
08/14/2007,BET,AK,AAL,WE,Federal Contract Tower,10,113,3,0,126,0,128,27,0,155,10,241,30,0,281,8,0,8,289
08/15/2007,BET,AK,AAL,WE,Federal Contract Tower,10,12,1,0,23,3,274,38,0,315,13,286,39,0,338,4,0,4,342
08/16/2007,BET,AK,AAL,WE,Federal Contract Tower,7,3,0,0,10,5,275,36,0,316,12,278,36,0,326,30,0,30,356
08/17/2007,BET,AK,AAL,WE,Federal Contract Tower,9,5,0,0,14,1,290,36,0,327,10,295,36,0,341,16,0,16,357
08/18/2007,BET,AK,AAL,WE,Federal Contract Tower,12,11,7,0,30,0,229,24,0,253,12,240,31,0,283,0,0,0,283
08/19/2007,BET,AK,AAL,WE,Federal Contract Tower,4,4,0,0,8,0,133,26,0,159,4,137,26,0,167,2,0,2,169
08/20/2007,BET,AK,AAL,WE,Federal Contract Tower,9,9,0,2,20,0,299,36,0,335,9,308,36,2,355,11,0,11,366
08/21/2007,BET,AK,AAL,WE,Federal Contract Tower,9,15,1,0,25,1,258,36,0,295,10,273,37,0,320,13,0,13,333
08/22/2007,BET,AK,AAL,WE,Federal Contract Tower,9,27,4,0,40,1,233,31,0,265,10,260,35,0,305,2,0,2,307
08/23/2007,BET,AK,AAL,WE,Federal Contract Tower,12,6,2,0,20,5,307,49,0,361,17,313,51,0,381,6,0,6,387
08/24/2007,BET,AK,AAL,WE,Federal Contract Tower,10,6,1,0,17,0,324,50,0,374,10,330,51,0,391,3,0,3,394
08/25/2007,BET,AK,AAL,WE,Federal Contract Tower,12,22,5,0,39,1,158,34,0,193,13,180,39,0,232,5,0,5,237
08/26/2007,BET,AK,AAL,WE,Federal Contract Tower,6,3,0,0,9,2,148,48,0,198,8,151,48,0,207,9,0,9,216
08/27/2007,BET,AK,AAL,WE,Federal Contract Tower,9,7,2,0,18,0,205,32,2,239,9,212,34,2,257,4,0,4,261
08/28/2007,BET,AK,AAL,WE,Federal Contract Tower,7,52,2,2,63,0,200,33,1,234,7,252,35,3,297,15,0,15,312
08/29/2007,BET,AK,AAL,WE,Federal Contract Tower,10,6,5,4,25,0,259,45,0,304,10,265,50,4,329,30,0,30,359
08/30/2007,BET,AK,AAL,WE,Federal Contract Tower,7,11,0,0,18,0,278,37,2,317,7,289,37,2,335,17,0,17,352
08/31/2007,BET,AK,AAL,WE,Federal Contract Tower,10,7,0,0,17,1,315,45,0,361,11,322,45,0,378,19,0,19,397
09/01/2007,BET,AK,AAL,WE,Federal Contract Tower,14,10,5,0,29,0,216,36,0,252,14,226,41,0,281,0,0,0,281
09/02/2007,BET,AK,AAL,WE,Federal Contract Tower,4,3,1,0,8,0,132,61,0,193,4,135,62,0,201,11,0,11,212
09/03/2007,BET,AK,AAL,WE,Federal Contract Tower,6,2,0,0,8,0,156,39,0,195,6,158,39,0,203,4,0,4,207
09/04/2007,BET,AK,AAL,WE,Federal Contract Tower,7,9,0,0,16,0,244,42,0,286,7,253,42,0,302,19,0,19,321
09/05/2007,BET,AK,AAL,WE,Federal Contract Tower,8,32,6,0,46,0,185,21,0,206,8,217,27,0,252,2,0,2,254
09/06/2007,BET,AK,AAL,WE,Federal Contract Tower,8,8,0,0,16,0,257,30,0,287,8,265,30,0,303,6,0,6,309
09/07/2007,BET,AK,AAL,WE,Federal Contract Tower,10,10,0,0,20,0,284,27,0,311,10,294,27,0,331,2,0,2,333
09/08/2007,BET,AK,AAL,WE,Federal Contract Tower,10,15,0,0,25,0,191,22,0,213,10,206,22,0,238,0,0,0,238
09/09/2007,BET,AK,AAL,WE,Federal Contract Tower,4,7,0,0,11,0,116,23,9,148,4,123,23,9,159,5,0,5,164
09/10/2007,BET,AK,AAL,WE,Federal Contract Tower,5,10,0,0,15,0,224,25,4,253,5,234,25,4,268,15,0,15,283
09/11/2007,BET,AK,AAL,WE,Federal Contract Tower,8,15,0,0,23,0,264,23,0,287,8,279,23,0,310,2,0,2,312
09/12/2007,BET,AK,AAL,WE,Federal Contract Tower,7,11,0,0,18,0,259,20,0,279,7,270,20,0,297,3,0,3,300
09/13/2007,BET,AK,AAL,WE,Federal Contract Tower,12,11,0,0,23,0,272,24,2,298,12,283,24,2,321,3,0,3,324
09/14/2007,BET,AK,AAL,WE,Federal Contract Tower,9,8,0,0,17,0,340,56,0,396,9,348,56,0,413,13,0,13,426
09/15/2007,BET,AK,AAL,WE,Federal Contract Tower,9,12,4,0,25,0,241,37,0,278,9,253,41,0,303,2,0,2,305
09/16/2007,BET,AK,AAL,WE,Federal Contract Tower,4,15,3,0,22,0,131,30,0,161,4,146,33,0,183,0,0,0,183
09/17/2007,BET,AK,AAL,WE,Federal Contract Tower,8,46,0,0,54,1,209,23,2,235,9,255,23,2,289,2,0,2,291
09/18/2007,BET,AK,AAL,WE,Federal Contract Tower,9,24,0,0,33,0,252,16,0,268,9,276,16,0,301,6,0,6,307
09/19/2007,BET,AK,AAL,WE,Federal Contract Tower,10,56,6,0,72,0,159,5,0,164,10,215,11,0,236,0,0,0,236
09/20/2007,BET,AK,AAL,WE,Federal Contract Tower,9,33,0,0,42,0,245,27,0,272,9,278,27,0,314,0,0,0,314
09/21/2007,BET,AK,AAL,WE,Federal Contract Tower,10,42,3,0,55,0,269,48,0,317,10,311,51,0,372,22,0,22,394
09/22/2007,BET,AK,AAL,WE,Federal Contract Tower,12,10,0,0,22,260,30,5,5,300,272,40,5,5,322,2,2,4,326
09/24/2007,BET,AK,AAL,WE,Federal Contract Tower,8,17,0,1,26,0,265,18,1,284,8,282,18,2,310,5,0,5,315
09/25/2007,BET,AK,AAL,WE,Federal Contract Tower,9,14,0,2,25,0,305,28,2,335,9,319,28,4,360,4,4,8,368
09/26/2007,BET,AK,AAL,WE,Federal Contract Tower,10,73,3,2,88,0,159,25,2,186,10,232,28,4,274,4,0,4,278
09/27/2007,BET,AK,AAL,WE,Federal Contract Tower,11,12,0,0,23,0,281,34,4,319,11,293,34,4,342,9,0,9,351
09/28/2007,BET,AK,AAL,WE,Federal Contract Tower,10,33,1,0,44,0,304,42,0,346,10,337,43,0,390,1,0,1,391
09/29/2007,BET,AK,AAL,WE,Federal Contract Tower,12,12,4,0,28,0,210,43,0,253,12,222,47,0,281,2,0,2,283
09/30/2007,BET,AK,AAL,WE,Federal Contract Tower,4,17,2,0,23,0,164,27,0,191,4,181,29,0,214,4,0,4,218
10/01/2007,BET,AK,AAL,WE,Federal Contract Tower,9,25,2,0,36,0,250,27,0,277,9,275,29,0,313,2,0,2,315
10/02/2007,BET,AK,AAL,WE,Federal Contract Tower,9,8,2,0,19,0,247,31,0,278,9,255,33,0,297,13,0,13,310
10/03/2007,BET,AK,AAL,WE,Federal Contract Tower,9,8,1,0,18,6,253,33,0,292,15,261,34,0,310,8,0,8,318
10/04/2007,BET,AK,AAL,WE,Federal Contract Tower,14,17,2,0,33,0,273,19,0,292,14,290,21,0,325,7,0,7,332
10/05/2007,BET,AK,AAL,WE,Federal Contract Tower,10,61,2,0,73,0,230,0,0,230,10,291,2,0,303,11,0,11,314
10/06/2007,BET,AK,AAL,WE,Federal Contract Tower,6,13,3,0,22,0,227,27,0,254,6,240,30,0,276,20,0,20,296
10/07/2007,BET,AK,AAL,WE,Federal Contract Tower,4,10,0,0,14,0,126,24,0,150,4,136,24,0,164,5,0,5,169
10/08/2007,BET,AK,AAL,WE,Federal Contract Tower,9,31,2,0,42,0,177,15,0,192,9,208,17,0,234,30,0,30,264
10/09/2007,BET,AK,AAL,WE,Federal Contract Tower,4,20,3,0,27,0,253,24,4,281,4,273,27,4,308,51,0,51,359
10/10/2007,BET,AK,AAL,WE,Federal Contract Tower,13,21,3,0,37,0,278,24,3,305,13,299,27,3,342,8,0,8,350
10/11/2007,BET,AK,AAL,WE,Federal Contract Tower,9,12,0,0,21,0,298,25,0,323,9,310,25,0,344,5,0,5,349
10/12/2007,BET,AK,AAL,WE,Federal Contract Tower,11,15,1,2,29,0,307,27,0,334,11,322,28,2,363,28,0,28,391
10/13/2007,BET,AK,AAL,WE,Federal Contract Tower,0,90,3,0,93,0,96,2,0,98,0,186,5,0,191,20,0,20,211
10/14/2007,BET,AK,AAL,WE,Federal Contract Tower,6,14,0,2,22,0,133,8,1,142,6,147,8,3,164,7,0,7,171
10/15/2007,BET,AK,AAL,WE,Federal Contract Tower,11,10,1,0,22,4,249,14,2,269,15,259,15,2,291,43,0,43,334
10/16/2007,BET,AK,AAL,WE,Federal Contract Tower,8,10,0,0,18,0,273,23,2,298,8,283,23,2,316,15,0,15,331
10/17/2007,BET,AK,AAL,WE,Federal Contract Tower,11,54,0,0,65,2,293,5,0,300,13,347,5,0,365,22,0,22,387
10/18/2007,BET,AK,AAL,WE,Federal Contract Tower,8,188,0,0,196,0,72,0,0,72,8,260,0,0,268,2,0,2,270
10/19/2007,BET,AK,AAL,WE,Federal Contract Tower,11,17,1,0,29,0,366,19,2,387,11,383,20,2,416,8,0,8,424
10/20/2007,BET,AK,AAL,WE,Federal Contract Tower,11,8,1,0,20,1,332,15,0,348,12,340,16,0,368,6,0,6,374
10/21/2007,BET,AK,AAL,WE,Federal Contract Tower,8,7,0,0,15,0,188,19,0,207,8,195,19,0,222,7,0,7,229
10/22/2007,BET,AK,AAL,WE,Federal Contract Tower,9,86,1,0,96,0,123,8,0,131,9,209,9,0,227,0,0,0,227
10/23/2007,BET,AK,AAL,WE,Federal Contract Tower,10,9,0,0,19,3,287,8,0,298,13,296,8,0,317,18,0,18,335
10/24/2007,BET,AK,AAL,WE,Federal Contract Tower,15,40,3,0,58,0,113,2,0,115,15,153,5,0,173,7,0,7,180
10/25/2007,BET,AK,AAL,WE,Federal Contract Tower,12,15,0,0,27,2,308,3,0,313,14,323,3,0,340,28,0,28,368
10/26/2007,BET,AK,AAL,WE,Federal Contract Tower,9,8,0,0,17,0,378,14,2,394,9,386,14,2,411,4,0,4,415
10/27/2007,BET,AK,AAL,WE,Federal Contract Tower,14,8,2,0,24,2,272,25,0,299,16,280,27,0,323,20,0,20,343
10/28/2007,BET,AK,AAL,WE,Federal Contract Tower,2,6,0,0,8,0,150,11,0,161,2,156,11,0,169,4,0,4,173
10/29/2007,BET,AK,AAL,WE,Federal Contract Tower,10,10,0,2,22,0,308,5,0,313,10,318,5,2,335,16,0,16,351
10/30/2007,BET,AK,AAL,WE,Federal Contract Tower,10,63,0,0,73,0,164,1,0,165,10,227,1,0,238,0,0,0,238
10/31/2007,BET,AK,AAL,WE,Federal Contract Tower,11,142,0,0,153,0,35,2,0,37,11,177,2,0,190,0,0,0,190
11/01/2007,BET,AK,AAL,WE,Federal Contract Tower,11,104,2,0,117,2,126,5,2,135,13,230,7,2,252,2,0,2,254
11/02/2007,BET,AK,AAL,WE,Federal Contract Tower,11,11,0,4,26,0,326,11,2,339,11,337,11,6,365,2,0,2,367
11/03/2007,BET,AK,AAL,WE,Federal Contract Tower,13,12,0,0,25,1,247,19,6,273,14,259,19,6,298,12,0,12,310
11/04/2007,BET,AK,AAL,WE,Federal Contract Tower,3,9,0,2,14,0,135,8,0,143,3,144,8,2,157,0,0,0,157
11/05/2007,BET,AK,AAL,WE,Federal Contract Tower,7,8,4,0,19,1,298,11,0,310,8,306,15,0,329,18,0,18,347
11/06/2007,BET,AK,AAL,WE,Federal Contract Tower,10,10,5,0,25,0,279,6,1,286,10,289,11,1,311,13,26,39,350
11/07/2007,BET,AK,AAL,WE,Federal Contract Tower,7,85,0,2,94,0,144,2,0,146,7,229,2,2,240,2,10,12,252
11/08/2007,BET,AK,AAL,WE,Federal Contract Tower,10,17,0,0,27,0,240,5,2,247,10,257,5,2,274,27,0,27,301
11/09/2007,BET,AK,AAL,WE,Federal Contract Tower,5,14,2,0,21,1,338,25,3,367,6,352,27,3,388,10,0,10,398
11/10/2007,BET,AK,AAL,WE,Federal Contract Tower,8,95,3,0,106,0,55,0,0,55,8,150,3,0,161,0,0,0,161
11/11/2007,BET,AK,AAL,WE,Federal Contract Tower,4,21,1,0,26,0,164,5,0,169,4,185,6,0,195,24,0,24,219
11/12/2007,BET,AK,AAL,WE,Federal Contract Tower,7,68,0,0,75,0,56,0,0,56,7,124,0,0,131,0,0,0,131
11/13/2007,BET,AK,AAL,WE,Federal Contract Tower,5,17,1,0,23,0,285,13,1,299,5,302,14,1,322,4,1,5,327
11/14/2007,BET,AK,AAL,WE,Federal Contract Tower,14,54,0,2,70,0,191,5,0,196,14,245,5,2,266,2,2,4,270
11/15/2007,BET,AK,AAL,WE,Federal Contract Tower,7,5,0,0,12,0,365,13,0,378,7,370,13,0,390,10,0,10,400
11/16/2007,BET,AK,AAL,WE,Federal Contract Tower,6,11,0,0,17,0,334,12,0,346,6,345,12,0,363,0,0,0,363
11/17/2007,BET,AK,AAL,WE,Federal Contract Tower,10,10,0,0,20,0,313,16,0,329,10,323,16,0,349,9,0,9,358
11/18/2007,BET,AK,AAL,WE,Federal Contract Tower,6,13,0,0,19,0,196,11,0,207,6,209,11,0,226,2,0,2,228
11/19/2007,BET,AK,AAL,WE,Federal Contract Tower,8,12,0,2,22,0,328,19,0,347,8,340,19,2,369,0,0,0,369
11/20/2007,BET,AK,AAL,WE,Federal Contract Tower,9,61,1,0,71,0,225,2,0,227,9,286,3,0,298,0,0,0,298
11/21/2007,BET,AK,AAL,WE,Federal Contract Tower,10,21,0,0,31,0,270,6,0,276,10,291,6,0,307,12,0,12,319
11/22/2007,BET,AK,AAL,WE,Federal Contract Tower,0,6,1,0,7,0,27,8,0,35,0,33,9,0,42,0,0,0,42
11/23/2007,BET,AK,AAL,WE,Federal Contract Tower,13,171,0,0,184,0,40,0,0,40,13,211,0,0,224,0,0,0,224
11/24/2007,BET,AK,AAL,WE,Federal Contract Tower,15,66,0,0,81,0,148,10,0,158,15,214,10,0,239,0,0,0,239
11/25/2007,BET,AK,AAL,WE,Federal Contract Tower,3,9,0,2,14,0,177,5,0,182,3,186,5,2,196,10,0,10,206
11/26/2007,BET,AK,AAL,WE,Federal Contract Tower,10,27,0,0,37,0,50,0,0,50,10,77,0,0,87,2,0,2,89
11/27/2007,BET,AK,AAL,WE,Federal Contract Tower,9,6,0,0,15,0,297,5,2,304,9,303,5,2,319,11,0,11,330
11/28/2007,BET,AK,AAL,WE,Federal Contract Tower,11,15,1,2,29,0,264,3,0,267,11,279,4,2,296,1,0,1,297
11/29/2007,BET,AK,AAL,WE,Federal Contract Tower,8,9,0,0,17,0,69,4,0,73,8,78,4,0,90,0,0,0,90
11/30/2007,BET,AK,AAL,WE,Federal Contract Tower,8,2,0,0,10,2,107,0,0,109,10,109,0,0,119,19,0,19,138
12/01/2007,BET,AK,AAL,WE,Federal Contract Tower,7,7,0,0,14,0,362,12,0,374,7,369,12,0,388,0,0,0,388
12/02/2007,BET,AK,AAL,WE,Federal Contract Tower,5,7,0,0,12,0,280,5,0,285,5,287,5,0,297,0,0,0,297
12/03/2007,BET,AK,AAL,WE,Federal Contract Tower,13,18,0,0,31,0,244,4,2,250,13,262,4,2,281,17,0,17,298
12/04/2007,BET,AK,AAL,WE,Federal Contract Tower,6,88,0,2,96,0,234,6,0,240,6,322,6,2,336,5,0,5,341
12/05/2007,BET,AK,AAL,WE,Federal Contract Tower,14,16,0,0,30,0,166,1,0,167,14,182,1,0,197,18,0,18,215
12/06/2007,BET,AK,AAL,WE,Federal Contract Tower,7,15,2,0,24,0,382,5,3,390,7,397,7,3,414,0,0,0,414
12/07/2007,BET,AK,AAL,WE,Federal Contract Tower,6,12,5,0,23,0,380,2,6,388,6,392,7,6,411,6,0,6,417
12/08/2007,BET,AK,AAL,WE,Federal Contract Tower,8,24,3,2,37,3,219,0,0,222,11,243,3,2,259,2,3,5,264
12/09/2007,BET,AK,AAL,WE,Federal Contract Tower,4,18,0,0,22,0,126,5,0,131,4,144,5,0,153,0,0,0,153
12/10/2007,BET,AK,AAL,WE,Federal Contract Tower,7,51,0,0,58,0,33,0,0,33,7,84,0,0,91,0,0,0,91
12/11/2007,BET,AK,AAL,WE,Federal Contract Tower,8,32,1,0,41,0,296,10,0,306,8,328,11,0,347,5,0,5,352
12/12/2007,BET,AK,AAL,WE,Federal Contract Tower,7,12,0,0,19,0,343,18,2,363,7,355,18,2,382,17,0,17,399
12/13/2007,BET,AK,AAL,WE,Federal Contract Tower,10,8,2,2,22,0,307,11,0,318,10,315,13,2,340,6,0,6,346
12/14/2007,BET,AK,AAL,WE,Federal Contract Tower,3,64,0,2,69,4,99,3,0,106,7,163,3,2,175,6,0,6,181
12/15/2007,BET,AK,AAL,WE,Federal Contract Tower,9,15,0,0,24,0,250,9,0,259,9,265,9,0,283,4,0,4,287
12/16/2007,BET,AK,AAL,WE,Federal Contract Tower,7,6,0,0,13,0,180,11,0,191,7,186,11,0,204,0,0,0,204
12/17/2007,BET,AK,AAL,WE,Federal Contract Tower,8,7,2,0,17,0,308,7,0,315,8,315,9,0,332,8,0,8,340
12/18/2007,BET,AK,AAL,WE,Federal Contract Tower,10,13,0,0,23,0,271,3,0,274,10,284,3,0,297,10,0,10,307
12/19/2007,BET,AK,AAL,WE,Federal Contract Tower,9,10,0,0,19,0,288,7,2,297,9,298,7,2,316,0,0,0,316
12/20/2007,BET,AK,AAL,WE,Federal Contract Tower,7,8,1,0,16,0,260,5,0,265,7,268,6,0,281,10,0,10,291
12/21/2007,BET,AK,AAL,WE,Federal Contract Tower,7,11,0,0,18,0,279,5,2,286,7,290,5,2,304,0,0,0,304
12/22/2007,BET,AK,AAL,WE,Federal Contract Tower,10,80,0,0,90,0,132,3,0,135,10,212,3,0,225,0,0,0,225
12/23/2007,BET,AK,AAL,WE,Federal Contract Tower,4,12,0,0,16,0,105,2,0,107,4,117,2,0,123,0,0,0,123
12/24/2007,BET,AK,AAL,WE,Federal Contract Tower,7,50,0,0,57,0,76,1,0,77,7,126,1,0,134,0,0,0,134
12/25/2007,BET,AK,AAL,WE,Federal Contract Tower,0,0,0,0,0,0,0,0,0,0,0,0,0,0,0,0,0,0,0
12/26/2007,BET,AK,AAL,WE,Federal Contract Tower,10,8,0,0,18,0,219,1,0,220,10,227,1,0,238,0,0,0,238
12/27/2007,BET,AK,AAL,WE,Federal Contract Tower,9,43,0,0,52,0,46,1,0,47,9,89,1,0,99,0,0,0,99
12/28/2007,BET,AK,AAL,WE,Federal Contract Tower,6,23,0,0,29,0,247,4,0,251,6,270,4,0,280,0,0,0,280
12/29/2007,BET,AK,AAL,WE,Federal Contract Tower,5,10,3,0,18,0,195,4,0,199,5,205,7,0,217,6,0,6,223
12/30/2007,BET,AK,AAL,WE,Federal Contract Tower,2,19,0,0,21,0,88,4,0,92,2,107,4,0,113,0,0,0,113
12/31/2007,BET,AK,AAL,WE,Federal Contract Tower,7,12,0,0,19,0,206,4,0,210,7,218,4,0,229,0,0,0,229
01/01/2008,BET,AK,AAL,WE,Federal Contract Tower,3,2,0,0,5,0,3,2,0,5,3,5,2,0,10,11,0,11,21
01/02/2008,BET,AK,AAL,WE,Federal Contract Tower,8,9,0,0,17,0,234,0,2,236,8,243,0,2,253,17,0,17,270
01/03/2008,BET,AK,AAL,WE,Federal Contract Tower,7,31,0,0,38,0,167,1,0,168,7,198,1,0,206,8,0,8,214
01/04/2008,BET,AK,AAL,WE,Federal Contract Tower,11,11,0,0,22,0,211,9,4,224,11,222,9,4,246,2,0,2,248
01/05/2008,BET,AK,AAL,WE,Federal Contract Tower,8,9,0,0,17,0,189,8,0,197,8,198,8,0,214,4,0,4,218
01/06/2008,BET,AK,AAL,WE,Federal Contract Tower,3,7,0,0,10,0,114,7,0,121,3,121,7,0,131,0,0,0,131
01/07/2008,BET,AK,AAL,WE,Federal Contract Tower,7,10,0,0,17,0,167,5,0,172,7,177,5,0,189,0,0,0,189
01/08/2008,BET,AK,AAL,WE,Federal Contract Tower,7,7,0,0,14,0,196,10,2,208,7,203,10,2,222,13,0,13,235
01/09/2008,BET,AK,AAL,WE,Federal Contract Tower,5,11,0,0,16,0,224,7,4,235,5,235,7,4,251,0,0,0,251
01/10/2008,BET,AK,AAL,WE,Federal Contract Tower,8,12,2,0,22,0,155,24,0,179,8,167,26,0,201,3,0,3,204
01/11/2008,BET,AK,AAL,WE,Federal Contract Tower,10,9,1,0,20,0,171,9,0,180,10,180,10,0,200,8,0,8,208
01/12/2008,BET,AK,AAL,WE,Federal Contract Tower,11,4,0,0,15,0,182,2,0,184,11,186,2,0,199,0,0,0,199
01/13/2008,BET,AK,AAL,WE,Federal Contract Tower,3,9,1,0,13,0,118,9,0,127,3,127,10,0,140,0,0,0,140
01/14/2008,BET,AK,AAL,WE,Federal Contract Tower,8,14,0,0,22,0,113,8,0,121,8,127,8,0,143,6,0,6,149
01/15/2008,BET,AK,AAL,WE,Federal Contract Tower,10,15,0,0,25,0,169,2,0,171,10,184,2,0,196,0,0,0,196
01/16/2008,BET,AK,AAL,WE,Federal Contract Tower,8,58,0,0,66,0,21,0,0,21,8,79,0,0,87,0,0,0,87
01/17/2008,BET,AK,AAL,WE,Federal Contract Tower,6,10,0,0,16,0,262,18,0,280,6,272,18,0,296,0,0,0,296
01/18/2008,BET,AK,AAL,WE,Federal Contract Tower,11,18,0,0,29,0,198,26,0,224,11,216,26,0,253,8,0,8,261
01/19/2008,BET,AK,AAL,WE,Federal Contract Tower,7,7,0,0,14,0,4,2,0,6,7,11,2,0,20,2,0,2,22
01/20/2008,BET,AK,AAL,WE,Federal Contract Tower,4,8,0,0,12,0,153,8,2,163,4,161,8,2,175,6,1,7,182
01/21/2008,BET,AK,AAL,WE,Federal Contract Tower,8,7,0,0,15,0,116,3,0,119,8,123,3,0,134,0,0,0,134
01/22/2008,BET,AK,AAL,WE,Federal Contract Tower,5,2,0,0,7,0,105,7,0,112,5,107,7,0,119,0,0,0,119
01/23/2008,BET,AK,AAL,WE,Federal Contract Tower,6,5,0,0,11,0,312,16,2,330,6,317,16,2,341,10,0,10,351
01/24/2008,BET,AK,AAL,WE,Federal Contract Tower,0,0,0,0,0,0,0,0,0,0,0,0,0,0,0,0,0,0,0
01/25/2008,BET,AK,AAL,WE,Federal Contract Tower,11,24,0,1,36,0,203,14,1,218,11,227,14,2,254,0,0,0,254
01/26/2008,BET,AK,AAL,WE,Federal Contract Tower,9,12,1,0,22,0,183,9,2,194,9,195,10,2,216,4,0,4,220
01/27/2008,BET,AK,AAL,WE,Federal Contract Tower,2,5,0,0,7,0,0,0,0,0,2,5,0,0,7,0,0,0,7
01/28/2008,BET,AK,AAL,WE,Federal Contract Tower,5,37,0,0,42,0,15,0,0,15,5,52,0,0,57,0,0,0,57
01/29/2008,BET,AK,AAL,WE,Federal Contract Tower,6,2,0,0,8,0,0,0,0,0,6,2,0,0,8,0,0,0,8
01/30/2008,BET,AK,AAL,WE,Federal Contract Tower,10,76,0,0,86,0,12,0,0,12,10,88,0,0,98,0,0,0,98
01/31/2008,BET,AK,AAL,WE,Federal Contract Tower,7,29,0,0,36,0,44,0,0,44,7,73,0,0,80,0,0,0,80
02/01/2008,BET,AK,AAL,WE,Federal Contract Tower,11,19,0,0,30,0,326,5,0,331,11,345,5,0,361,0,0,0,361
02/02/2008,BET,AK,AAL,WE,Federal Contract Tower,15,8,0,0,23,3,225,15,0,243,18,233,15,0,266,7,0,7,273
02/03/2008,BET,AK,AAL,WE,Federal Contract Tower,8,12,0,0,20,0,147,0,0,147,8,159,0,0,167,0,0,0,167
02/04/2008,BET,AK,AAL,WE,Federal Contract Tower,5,11,0,0,16,0,197,10,0,207,5,208,10,0,223,3,0,3,226
02/05/2008,BET,AK,AAL,WE,Federal Contract Tower,8,7,0,0,15,1,220,4,0,225,9,227,4,0,240,0,0,0,240
02/06/2008,BET,AK,AAL,WE,Federal Contract Tower,7,11,0,0,18,0,225,0,0,225,7,236,0,0,243,0,0,0,243
02/07/2008,BET,AK,AAL,WE,Federal Contract Tower,10,11,0,0,21,0,236,8,2,246,10,247,8,2,267,0,0,0,267
02/08/2008,BET,AK,AAL,WE,Federal Contract Tower,8,8,1,1,18,0,224,11,0,235,8,232,12,1,253,0,0,0,253
02/09/2008,BET,AK,AAL,WE,Federal Contract Tower,9,11,2,0,22,0,135,4,3,142,9,146,6,3,164,2,0,2,166
02/10/2008,BET,AK,AAL,WE,Federal Contract Tower,3,4,0,3,10,0,130,1,0,131,3,134,1,3,141,6,0,6,147
02/11/2008,BET,AK,AAL,WE,Federal Contract Tower,9,6,0,0,15,0,236,13,0,249,9,242,13,0,264,2,0,2,266
02/12/2008,BET,AK,AAL,WE,Federal Contract Tower,7,9,0,0,16,0,216,14,2,232,7,225,14,2,248,0,0,0,248
02/13/2008,BET,AK,AAL,WE,Federal Contract Tower,6,56,1,0,63,2,64,2,0,68,8,120,3,0,131,0,0,0,131
02/14/2008,BET,AK,AAL,WE,Federal Contract Tower,4,38,0,0,42,0,112,0,2,114,4,150,0,2,156,0,0,0,156
02/15/2008,BET,AK,AAL,WE,Federal Contract Tower,11,16,2,0,29,1,263,6,2,272,12,279,8,2,301,0,0,0,301
02/16/2008,BET,AK,AAL,WE,Federal Contract Tower,10,17,0,0,27,0,87,3,0,90,10,104,3,0,117,0,0,0,117
02/17/2008,BET,AK,AAL,WE,Federal Contract Tower,4,6,0,0,10,0,157,18,0,175,4,163,18,0,185,0,0,0,185
02/18/2008,BET,AK,AAL,WE,Federal Contract Tower,6,16,2,0,24,0,184,15,0,199,6,200,17,0,223,3,0,3,226
02/19/2008,BET,AK,AAL,WE,Federal Contract Tower,4,44,1,0,49,0,143,6,0,149,4,187,7,0,198,0,0,0,198
02/20/2008,BET,AK,AAL,WE,Federal Contract Tower,13,32,0,0,45,2,134,2,0,138,15,166,2,0,183,10,0,10,193
02/21/2008,BET,AK,AAL,WE,Federal Contract Tower,11,61,0,0,72,0,123,3,0,126,11,184,3,0,198,0,0,0,198
02/22/2008,BET,AK,AAL,WE,Federal Contract Tower,6,94,0,0,100,0,58,6,0,64,6,152,6,0,164,6,0,6,170
02/23/2008,BET,AK,AAL,WE,Federal Contract Tower,8,17,0,0,25,0,232,4,2,238,8,249,4,2,263,6,0,6,269
02/24/2008,BET,AK,AAL,WE,Federal Contract Tower,2,9,0,0,11,5,166,18,0,189,7,175,18,0,200,9,0,9,209
02/25/2008,BET,AK,AAL,WE,Federal Contract Tower,9,9,0,0,18,0,276,15,0,291,9,285,15,0,309,6,0,6,315
02/26/2008,BET,AK,AAL,WE,Federal Contract Tower,7,10,0,0,17,0,216,8,1,225,7,226,8,1,242,0,0,0,242
02/27/2008,BET,AK,AAL,WE,Federal Contract Tower,7,10,0,2,19,0,295,20,1,316,7,305,20,3,335,0,0,0,335
02/28/2008,BET,AK,AAL,WE,Federal Contract Tower,11,5,0,3,19,0,298,10,2,310,11,303,10,5,329,0,2,2,331
02/29/2008,BET,AK,AAL,WE,Federal Contract Tower,8,12,0,0,20,0,223,5,0,228,8,235,5,0,248,10,0,10,258
03/01/2008,BET,AK,AAL,WE,Federal Contract Tower,8,8,0,0,16,0,165,5,0,170,8,173,5,0,186,0,0,0,186
03/02/2008,BET,AK,AAL,WE,Federal Contract Tower,3,11,0,0,14,0,164,12,0,176,3,175,12,0,190,0,0,0,190
03/03/2008,BET,AK,AAL,WE,Federal Contract Tower,8,39,0,0,47,0,86,0,0,86,8,125,0,0,133,4,0,4,137
03/04/2008,BET,AK,AAL,WE,Federal Contract Tower,8,26,0,0,34,0,229,8,0,237,8,255,8,0,271,0,0,0,271
03/05/2008,BET,AK,AAL,WE,Federal Contract Tower,5,47,1,0,53,0,117,1,0,118,5,164,2,0,171,1,0,1,172
03/06/2008,BET,AK,AAL,WE,Federal Contract Tower,7,9,3,1,20,0,221,7,0,228,7,230,10,1,248,19,2,21,269
03/07/2008,BET,AK,AAL,WE,Federal Contract Tower,7,12,0,0,19,0,175,14,0,189,7,187,14,0,208,6,0,6,214
03/08/2008,BET,AK,AAL,WE,Federal Contract Tower,10,28,0,0,38,0,120,13,0,133,10,148,13,0,171,0,0,0,171
03/09/2008,BET,AK,AAL,WE,Federal Contract Tower,2,10,1,0,13,0,170,1,0,171,2,180,2,0,184,0,0,0,184
03/10/2008,BET,AK,AAL,WE,Federal Contract Tower,5,86,2,0,93,0,129,0,0,129,5,215,2,0,222,0,0,0,222
03/11/2008,BET,AK,AAL,WE,Federal Contract Tower,6,63,0,0,69,0,150,2,0,152,6,213,2,0,221,0,0,0,221
03/12/2008,BET,AK,AAL,WE,Federal Contract Tower,12,87,3,0,102,0,130,2,0,132,12,217,5,0,234,0,0,0,234
03/13/2008,BET,AK,AAL,WE,Federal Contract Tower,7,17,0,0,24,0,184,7,0,191,7,201,7,0,215,2,0,2,217
03/14/2008,BET,AK,AAL,WE,Federal Contract Tower,8,4,0,1,13,0,206,8,1,215,8,210,8,2,228,5,0,5,233
03/15/2008,BET,AK,AAL,WE,Federal Contract Tower,9,37,0,0,46,0,117,5,0,122,9,154,5,0,168,0,0,0,168
03/16/2008,BET,AK,AAL,WE,Federal Contract Tower,2,87,2,0,91,0,0,0,0,0,2,87,2,0,91,0,0,0,91
03/17/2008,BET,AK,AAL,WE,Federal Contract Tower,6,113,0,0,119,0,36,0,0,36,6,149,0,0,155,0,0,0,155
03/18/2008,BET,AK,AAL,WE,Federal Contract Tower,7,52,0,0,59,0,173,5,0,178,7,225,5,0,237,0,0,0,237
03/19/2008,BET,AK,AAL,WE,Federal Contract Tower,10,10,0,2,22,0,222,5,0,227,10,232,5,2,249,12,0,12,261
03/20/2008,BET,AK,AAL,WE,Federal Contract Tower,7,13,0,0,20,0,225,13,4,242,7,238,13,4,262,18,0,18,280
03/21/2008,BET,AK,AAL,WE,Federal Contract Tower,5,9,0,0,14,0,220,18,0,238,5,229,18,0,252,10,0,10,262
03/22/2008,BET,AK,AAL,WE,Federal Contract Tower,9,8,0,0,17,0,145,10,0,155,9,153,10,0,172,0,0,0,172
03/23/2008,BET,AK,AAL,WE,Federal Contract Tower,6,7,0,0,13,0,69,12,0,81,6,76,12,0,94,0,0,0,94
03/24/2008,BET,AK,AAL,WE,Federal Contract Tower,4,7,3,0,14,0,175,6,0,181,4,182,9,0,195,0,15,15,210
03/25/2008,BET,AK,AAL,WE,Federal Contract Tower,9,8,0,4,21,0,264,11,1,276,9,272,11,5,297,0,6,6,303
03/26/2008,BET,AK,AAL,WE,Federal Contract Tower,8,6,1,0,15,1,255,9,2,267,9,261,10,2,282,5,0,5,287
03/27/2008,BET,AK,AAL,WE,Federal Contract Tower,8,10,1,4,23,1,194,8,4,207,9,204,9,8,230,0,0,0,230
03/28/2008,BET,AK,AAL,WE,Federal Contract Tower,7,14,0,0,21,0,221,11,0,232,7,235,11,0,253,0,0,0,253
03/29/2008,BET,AK,AAL,WE,Federal Contract Tower,7,44,0,0,51,0,1,0,0,1,7,45,0,0,52,0,0,0,52
03/30/2008,BET,AK,AAL,WE,Federal Contract Tower,2,33,1,0,36,0,6,0,0,6,2,39,1,0,42,0,0,0,42
03/31/2008,BET,AK,AAL,WE,Federal Contract Tower,9,11,0,2,22,0,232,7,2,241,9,243,7,4,263,0,0,0,263
04/01/2008,BET,AK,AAL,WE,Federal Contract Tower,7,28,0,1,36,2,155,7,0,164,9,183,7,1,200,0,0,0,200
04/02/2008,BET,AK,AAL,WE,Federal Contract Tower,10,129,3,0,142,0,59,4,0,63,10,188,7,0,205,0,0,0,205
04/03/2008,BET,AK,AAL,WE,Federal Contract Tower,7,28,1,0,36,0,59,0,0,59,7,87,1,0,95,0,0,0,95
04/04/2008,BET,AK,AAL,WE,Federal Contract Tower,9,51,0,0,60,0,126,4,2,132,9,177,4,2,192,0,0,0,192
04/05/2008,BET,AK,AAL,WE,Federal Contract Tower,14,12,0,0,26,0,245,14,0,259,14,257,14,0,285,0,0,0,285
04/06/2008,BET,AK,AAL,WE,Federal Contract Tower,5,8,0,0,13,0,133,28,0,161,5,141,28,0,174,32,0,32,206
04/07/2008,BET,AK,AAL,WE,Federal Contract Tower,8,94,4,0,106,0,134,4,0,138,8,228,8,0,244,0,0,0,244
04/08/2008,BET,AK,AAL,WE,Federal Contract Tower,11,12,0,0,23,0,238,20,0,258,11,250,20,0,281,13,0,13,294
04/09/2008,BET,AK,AAL,WE,Federal Contract Tower,10,10,0,0,20,0,261,30,0,291,10,271,30,0,311,3,0,3,314
04/10/2008,BET,AK,AAL,WE,Federal Contract Tower,8,11,1,2,22,1,257,20,0,278,9,268,21,2,300,4,0,4,304
04/11/2008,BET,AK,AAL,WE,Federal Contract Tower,10,17,0,0,27,0,193,10,1,204,10,210,10,1,231,0,0,0,231
04/12/2008,BET,AK,AAL,WE,Federal Contract Tower,11,21,0,0,32,0,96,6,0,102,11,117,6,0,134,0,0,0,134
04/13/2008,BET,AK,AAL,WE,Federal Contract Tower,4,41,0,0,45,0,0,0,0,0,4,41,0,0,45,0,0,0,45
04/14/2008,BET,AK,AAL,WE,Federal Contract Tower,11,8,0,0,19,0,243,10,0,253,11,251,10,0,272,4,0,4,276
04/15/2008,BET,AK,AAL,WE,Federal Contract Tower,8,8,2,0,18,0,251,10,1,262,8,259,12,1,280,0,3,3,283
04/16/2008,BET,AK,AAL,WE,Federal Contract Tower,10,172,0,2,184,0,0,0,0,0,10,172,0,2,184,0,0,0,184
04/17/2008,BET,AK,AAL,WE,Federal Contract Tower,12,170,0,0,182,0,0,0,0,0,12,170,0,0,182,0,0,0,182
04/18/2008,BET,AK,AAL,WE,Federal Contract Tower,14,18,0,0,32,0,254,21,0,275,14,272,21,0,307,12,0,12,319
04/19/2008,BET,AK,AAL,WE,Federal Contract Tower,8,21,0,0,29,0,136,14,0,150,8,157,14,0,179,4,0,4,183
04/20/2008,BET,AK,AAL,WE,Federal Contract Tower,6,6,0,0,12,0,144,0,2,146,6,150,0,2,158,0,11,11,169
04/21/2008,BET,AK,AAL,WE,Federal Contract Tower,8,8,0,0,16,2,217,12,0,231,10,225,12,0,247,6,0,6,253
04/22/2008,BET,AK,AAL,WE,Federal Contract Tower,10,10,1,1,22,0,287,27,1,315,10,297,28,2,337,2,8,10,347
04/23/2008,BET,AK,AAL,WE,Federal Contract Tower,11,13,0,0,24,0,249,24,3,276,11,262,24,3,300,25,0,25,325
04/24/2008,BET,AK,AAL,WE,Federal Contract Tower,8,63,0,0,71,0,251,15,0,266,8,314,15,0,337,2,0,2,339
04/25/2008,BET,AK,AAL,WE,Federal Contract Tower,8,14,0,0,22,1,258,18,0,277,9,272,18,0,299,0,0,0,299
04/26/2008,BET,AK,AAL,WE,Federal Contract Tower,11,6,0,0,17,0,295,29,0,324,11,301,29,0,341,16,0,16,357
04/27/2008,BET,AK,AAL,WE,Federal Contract Tower,4,11,0,0,15,0,148,11,0,159,4,159,11,0,174,12,0,12,186
04/28/2008,BET,AK,AAL,WE,Federal Contract Tower,10,5,0,0,15,0,250,31,0,281,10,255,31,0,296,15,0,15,311
04/29/2008,BET,AK,AAL,WE,Federal Contract Tower,7,10,0,2,19,0,241,14,0,255,7,251,14,2,274,6,0,6,280
04/30/2008,BET,AK,AAL,WE,Federal Contract Tower,8,8,3,0,19,0,231,22,0,253,8,239,25,0,272,39,0,39,311
05/01/2008,BET,AK,AAL,WE,Federal Contract Tower,9,18,0,0,27,0,243,8,0,251,9,261,8,0,278,4,0,4,282
05/02/2008,BET,AK,AAL,WE,Federal Contract Tower,9,11,0,0,20,0,321,24,0,345,9,332,24,0,365,16,0,16,381
05/03/2008,BET,AK,AAL,WE,Federal Contract Tower,12,8,0,0,20,0,326,21,0,347,12,334,21,0,367,0,0,0,367
05/04/2008,BET,AK,AAL,WE,Federal Contract Tower,4,5,0,0,9,0,127,18,0,145,4,132,18,0,154,0,0,0,154
05/05/2008,BET,AK,AAL,WE,Federal Contract Tower,7,6,3,0,16,4,293,22,2,321,11,299,25,2,337,11,0,11,348
05/06/2008,BET,AK,AAL,WE,Federal Contract Tower,10,8,2,0,20,0,267,35,0,302,10,275,37,0,322,4,0,4,326
05/07/2008,BET,AK,AAL,WE,Federal Contract Tower,10,13,0,0,23,0,271,19,0,290,10,284,19,0,313,17,0,17,330
05/08/2008,BET,AK,AAL,WE,Federal Contract Tower,13,13,2,0,28,0,257,22,2,281,13,270,24,2,309,5,0,5,314
05/09/2008,BET,AK,AAL,WE,Federal Contract Tower,6,9,0,0,15,1,319,30,1,351,7,328,30,1,366,17,0,17,383
05/10/2008,BET,AK,AAL,WE,Federal Contract Tower,11,9,0,0,20,0,273,27,0,300,11,282,27,0,320,26,0,26,346
05/11/2008,BET,AK,AAL,WE,Federal Contract Tower,10,8,0,0,18,0,140,5,0,145,10,148,5,0,163,16,0,16,179
05/12/2008,BET,AK,AAL,WE,Federal Contract Tower,7,7,2,0,16,1,327,19,2,349,8,334,21,2,365,20,0,20,385
05/13/2008,BET,AK,AAL,WE,Federal Contract Tower,8,7,0,0,15,0,326,33,0,359,8,333,33,0,374,31,0,31,405
05/14/2008,BET,AK,AAL,WE,Federal Contract Tower,11,12,0,0,23,0,370,44,2,416,11,382,44,2,439,21,0,21,460
05/15/2008,BET,AK,AAL,WE,Federal Contract Tower,9,10,1,0,20,0,328,40,0,368,9,338,41,0,388,0,0,0,388
05/16/2008,BET,AK,AAL,WE,Federal Contract Tower,8,19,0,0,27,0,276,42,0,318,8,295,42,0,345,11,0,11,356
05/17/2008,BET,AK,AAL,WE,Federal Contract Tower,12,8,0,0,20,0,269,38,0,307,12,277,38,0,327,0,0,0,327
05/18/2008,BET,AK,AAL,WE,Federal Contract Tower,6,10,0,0,16,0,134,22,0,156,6,144,22,0,172,9,0,9,181
05/19/2008,BET,AK,AAL,WE,Federal Contract Tower,10,7,0,0,17,4,281,26,1,312,14,288,26,1,329,20,0,20,349
05/20/2008,BET,AK,AAL,WE,Federal Contract Tower,6,7,0,0,13,0,287,27,0,314,6,294,27,0,327,18,0,18,345
05/21/2008,BET,AK,AAL,WE,Federal Contract Tower,6,10,0,0,16,0,270,31,0,301,6,280,31,0,317,9,0,9,326
05/22/2008,BET,AK,AAL,WE,Federal Contract Tower,8,12,0,0,20,0,266,29,0,295,8,278,29,0,315,7,0,7,322
05/23/2008,BET,AK,AAL,WE,Federal Contract Tower,9,10,0,2,21,0,272,10,1,283,9,282,10,3,304,6,0,6,310
05/24/2008,BET,AK,AAL,WE,Federal Contract Tower,5,8,0,0,13,0,151,14,0,165,5,159,14,0,178,0,0,0,178
05/25/2008,BET,AK,AAL,WE,Federal Contract Tower,6,8,2,2,18,0,105,3,1,109,6,113,5,3,127,0,0,0,127
05/26/2008,BET,AK,AAL,WE,Federal Contract Tower,6,11,0,0,17,0,122,10,0,132,6,133,10,0,149,0,0,0,149
05/27/2008,BET,AK,AAL,WE,Federal Contract Tower,6,51,0,0,57,0,266,21,2,289,6,317,21,2,346,6,0,6,352
05/28/2008,BET,AK,AAL,WE,Federal Contract Tower,7,145,5,0,157,0,96,8,0,104,7,241,13,0,261,4,0,4,265
05/29/2008,BET,AK,AAL,WE,Federal Contract Tower,15,46,1,2,64,0,216,27,9,252,15,262,28,11,316,0,0,0,316
05/30/2008,BET,AK,AAL,WE,Federal Contract Tower,8,8,0,0,16,0,329,51,0,380,8,337,51,0,396,19,0,19,415
05/31/2008,BET,AK,AAL,WE,Federal Contract Tower,9,8,1,0,18,0,208,28,0,236,9,216,29,0,254,37,0,37,291
06/01/2008,BET,AK,AAL,WE,Federal Contract Tower,4,4,0,0,8,0,111,13,0,124,4,115,13,0,132,3,0,3,135
06/02/2008,BET,AK,AAL,WE,Federal Contract Tower,8,8,2,3,21,0,252,32,4,288,8,260,34,7,309,16,13,29,338
06/03/2008,BET,AK,AAL,WE,Federal Contract Tower,7,9,0,0,16,0,242,41,12,295,7,251,41,12,311,15,2,17,328
06/04/2008,BET,AK,AAL,WE,Federal Contract Tower,9,31,0,0,40,0,202,22,7,231,9,233,22,7,271,12,0,12,283
06/05/2008,BET,AK,AAL,WE,Federal Contract Tower,8,11,2,0,21,0,265,22,0,287,8,276,24,0,308,61,0,61,369
06/06/2008,BET,AK,AAL,WE,Federal Contract Tower,12,79,0,1,92,0,187,12,0,199,12,266,12,1,291,14,0,14,305
06/07/2008,BET,AK,AAL,WE,Federal Contract Tower,8,9,2,0,19,0,196,14,0,210,8,205,16,0,229,0,0,0,229
06/08/2008,BET,AK,AAL,WE,Federal Contract Tower,1,19,4,0,24,3,114,12,2,131,4,133,16,2,155,0,0,0,155
06/09/2008,BET,AK,AAL,WE,Federal Contract Tower,10,15,2,0,27,0,256,24,2,282,10,271,26,2,309,57,0,57,366
06/10/2008,BET,AK,AAL,WE,Federal Contract Tower,9,10,0,0,19,0,252,29,0,281,9,262,29,0,300,18,0,18,318
06/11/2008,BET,AK,AAL,WE,Federal Contract Tower,8,7,0,0,15,0,266,30,0,296,8,273,30,0,311,4,0,4,315
06/12/2008,BET,AK,AAL,WE,Federal Contract Tower,10,31,0,1,42,0,213,14,0,227,10,244,14,1,269,3,0,3,272
06/13/2008,BET,AK,AAL,WE,Federal Contract Tower,10,10,2,2,24,0,276,22,0,298,10,286,24,2,322,7,0,7,329
06/14/2008,BET,AK,AAL,WE,Federal Contract Tower,9,7,0,0,16,0,162,20,0,182,9,169,20,0,198,3,0,3,201
06/15/2008,BET,AK,AAL,WE,Federal Contract Tower,4,31,2,0,37,0,105,6,0,111,4,136,8,0,148,0,0,0,148
06/16/2008,BET,AK,AAL,WE,Federal Contract Tower,11,34,1,0,46,0,202,22,0,224,11,236,23,0,270,49,0,49,319
06/17/2008,BET,AK,AAL,WE,Federal Contract Tower,9,11,0,1,21,0,255,27,0,282,9,266,27,1,303,8,0,8,311
06/18/2008,BET,AK,AAL,WE,Federal Contract Tower,7,14,4,0,25,0,214,10,0,224,7,228,14,0,249,9,0,9,258
06/19/2008,BET,AK,AAL,WE,Federal Contract Tower,11,13,2,0,26,0,214,19,0,233,11,227,21,0,259,3,0,3,262
06/20/2008,BET,AK,AAL,WE,Federal Contract Tower,13,12,0,0,25,0,266,41,0,307,13,278,41,0,332,3,0,3,335
06/21/2008,BET,AK,AAL,WE,Federal Contract Tower,12,8,0,0,20,0,221,25,0,246,12,229,25,0,266,9,0,9,275
06/22/2008,BET,AK,AAL,WE,Federal Contract Tower,5,6,0,0,11,0,123,17,0,140,5,129,17,0,151,10,0,10,161
06/23/2008,BET,AK,AAL,WE,Federal Contract Tower,6,10,0,0,16,2,231,30,3,266,8,241,30,3,282,24,0,24,306
06/24/2008,BET,AK,AAL,WE,Federal Contract Tower,8,10,0,2,20,0,257,33,3,293,8,267,33,5,313,6,0,6,319
06/25/2008,BET,AK,AAL,WE,Federal Contract Tower,10,10,2,1,23,1,276,31,0,308,11,286,33,1,331,6,2,8,339
06/26/2008,BET,AK,AAL,WE,Federal Contract Tower,11,6,1,2,20,0,281,26,0,307,11,287,27,2,327,18,0,18,345
06/27/2008,BET,AK,AAL,WE,Federal Contract Tower,9,66,5,0,80,2,251,41,0,294,11,317,46,0,374,5,0,5,379
06/28/2008,BET,AK,AAL,WE,Federal Contract Tower,14,10,1,0,25,2,207,35,0,244,16,217,36,0,269,20,0,20,289
06/29/2008,BET,AK,AAL,WE,Federal Contract Tower,6,8,1,0,15,0,127,16,0,143,6,135,17,0,158,2,0,2,160
06/30/2008,BET,AK,AAL,WE,Federal Contract Tower,7,8,0,0,15,0,261,42,0,303,7,269,42,0,318,18,0,18,336
07/01/2008,BET,AK,AAL,WE,Federal Contract Tower,11,10,1,0,22,11,270,29,0,310,22,280,30,0,332,19,0,19,351
07/02/2008,BET,AK,AAL,WE,Federal Contract Tower,9,10,0,0,19,9,240,29,0,278,18,250,29,0,297,0,0,0,297
07/03/2008,BET,AK,AAL,WE,Federal Contract Tower,12,7,0,2,21,12,329,35,2,378,24,336,35,4,399,19,0,19,418
07/04/2008,BET,AK,AAL,WE,Federal Contract Tower,4,4,0,0,8,4,25,34,2,65,8,29,34,2,73,0,0,0,73
07/05/2008,BET,AK,AAL,WE,Federal Contract Tower,5,7,1,0,13,5,214,31,0,250,10,221,32,0,263,5,0,5,268
07/06/2008,BET,AK,AAL,WE,Federal Contract Tower,4,7,0,0,11,4,140,27,0,171,8,147,27,0,182,9,0,9,191
07/07/2008,BET,AK,AAL,WE,Federal Contract Tower,6,2,0,0,8,0,299,41,0,340,6,301,41,0,348,6,0,6,354
07/08/2008,BET,AK,AAL,WE,Federal Contract Tower,9,11,3,0,23,9,291,25,0,325,18,302,28,0,348,11,0,11,359
07/09/2008,BET,AK,AAL,WE,Federal Contract Tower,8,13,0,0,21,8,162,5,0,175,16,175,5,0,196,2,0,2,198
07/10/2008,BET,AK,AAL,WE,Federal Contract Tower,9,12,0,0,21,9,235,37,0,281,18,247,37,0,302,18,0,18,320
07/11/2008,BET,AK,AAL,WE,Federal Contract Tower,11,16,0,0,27,11,246,32,0,289,22,262,32,0,316,4,0,4,320
07/12/2008,BET,AK,AAL,WE,Federal Contract Tower,8,27,4,0,39,8,194,33,0,235,16,221,37,0,274,15,0,15,289
07/13/2008,BET,AK,AAL,WE,Federal Contract Tower,4,8,4,0,16,4,105,18,0,127,8,113,22,0,143,4,0,4,147
07/14/2008,BET,AK,AAL,WE,Federal Contract Tower,8,45,6,0,59,8,212,12,4,236,16,257,18,4,295,6,0,6,301
07/15/2008,BET,AK,AAL,WE,Federal Contract Tower,9,67,0,0,76,9,213,11,0,233,18,280,11,0,309,26,0,26,335
07/16/2008,BET,AK,AAL,WE,Federal Contract Tower,8,25,0,0,33,0,209,16,0,225,8,234,16,0,258,29,0,29,287
07/17/2008,BET,AK,AAL,WE,Federal Contract Tower,13,20,0,0,33,0,211,10,1,222,13,231,10,1,255,8,0,8,263
07/18/2008,BET,AK,AAL,WE,Federal Contract Tower,8,6,2,2,18,0,285,40,3,328,8,291,42,5,346,36,14,50,396
07/19/2008,BET,AK,AAL,WE,Federal Contract Tower,12,10,2,0,24,1,238,45,0,284,13,248,47,0,308,50,0,50,358
07/20/2008,BET,AK,AAL,WE,Federal Contract Tower,4,106,7,0,117,0,32,2,0,34,4,138,9,0,151,0,0,0,151
07/21/2008,BET,AK,AAL,WE,Federal Contract Tower,9,9,1,0,19,0,264,34,4,302,9,273,35,4,321,16,0,16,337
07/22/2008,BET,AK,AAL,WE,Federal Contract Tower,7,12,0,0,19,7,223,29,2,261,14,235,29,2,280,8,0,8,288
07/23/2008,BET,AK,AAL,WE,Federal Contract Tower,8,11,1,0,20,2476,43,0,0,2519,2484,54,1,0,2539,18,0,18,2557
07/24/2008,BET,AK,AAL,WE,Federal Contract Tower,8,13,0,2,23,0,236,42,0,278,8,249,42,2,301,20,0,20,321
07/25/2008,BET,AK,AAL,WE,Federal Contract Tower,11,15,0,0,26,0,280,31,0,311,11,295,31,0,337,20,0,20,357
07/26/2008,BET,AK,AAL,WE,Federal Contract Tower,6,37,1,0,44,0,189,29,0,218,6,226,30,0,262,6,0,6,268
07/27/2008,BET,AK,AAL,WE,Federal Contract Tower,6,31,0,0,37,0,123,20,0,143,6,154,20,0,180,6,0,6,186
07/28/2008,BET,AK,AAL,WE,Federal Contract Tower,7,21,0,0,28,0,188,41,0,229,7,209,41,0,257,30,0,30,287
07/29/2008,BET,AK,AAL,WE,Federal Contract Tower,6,18,0,2,26,2,238,24,0,264,8,256,24,2,290,20,0,20,310
07/30/2008,BET,AK,AAL,WE,Federal Contract Tower,9,9,2,2,22,5,234,38,0,277,14,243,40,2,299,32,0,32,331
07/31/2008,BET,AK,AAL,WE,Federal Contract Tower,11,80,10,0,101,0,167,28,0,195,11,247,38,0,296,8,0,8,304
08/01/2008,BET,AK,AAL,WE,Federal Contract Tower,7,31,0,0,38,0,237,24,0,261,7,268,24,0,299,12,0,12,311
08/02/2008,BET,AK,AAL,WE,Federal Contract Tower,11,29,5,0,45,0,199,22,0,221,11,228,27,0,266,14,0,14,280
08/03/2008,BET,AK,AAL,WE,Federal Contract Tower,10,4,1,0,15,0,174,41,0,215,10,178,42,0,230,8,0,8,238
08/04/2008,BET,AK,AAL,WE,Federal Contract Tower,6,7,0,0,13,0,250,46,0,296,6,257,46,0,309,7,0,7,316
08/05/2008,BET,AK,AAL,WE,Federal Contract Tower,7,11,3,0,21,0,318,36,0,354,7,329,39,0,375,12,0,12,387
08/06/2008,BET,AK,AAL,WE,Federal Contract Tower,9,5,3,0,17,1,228,42,0,271,10,233,45,0,288,12,0,12,300
08/07/2008,BET,AK,AAL,WE,Federal Contract Tower,11,137,10,1,159,0,141,10,8,159,11,278,20,9,318,0,0,0,318
08/08/2008,BET,AK,AAL,WE,Federal Contract Tower,12,6,0,0,18,1,286,40,0,327,13,292,40,0,345,0,0,0,345
08/09/2008,BET,AK,AAL,WE,Federal Contract Tower,10,6,0,0,16,0,261,27,0,288,10,267,27,0,304,6,0,6,310
08/10/2008,BET,AK,AAL,WE,Federal Contract Tower,4,9,2,0,15,0,180,32,0,212,4,189,34,0,227,12,0,12,239
08/11/2008,BET,AK,AAL,WE,Federal Contract Tower,8,11,0,0,19,2,180,23,0,205,10,191,23,0,224,4,0,4,228
08/12/2008,BET,AK,AAL,WE,Federal Contract Tower,6,56,0,0,62,0,152,22,6,180,6,208,22,6,242,10,0,10,252
08/13/2008,BET,AK,AAL,WE,Federal Contract Tower,6,28,2,0,36,0,224,31,0,255,6,252,33,0,291,10,0,10,301
08/14/2008,BET,AK,AAL,WE,Federal Contract Tower,13,77,4,0,94,0,151,9,0,160,13,228,13,0,254,4,0,4,258
08/15/2008,BET,AK,AAL,WE,Federal Contract Tower,14,6,0,0,20,0,230,32,0,262,14,236,32,0,282,17,0,17,299
08/16/2008,BET,AK,AAL,WE,Federal Contract Tower,10,13,3,0,26,2,215,21,0,238,12,228,24,0,264,14,0,14,278
08/17/2008,BET,AK,AAL,WE,Federal Contract Tower,140,3,0,0,143,0,166,46,0,212,140,169,46,0,355,12,0,12,367
08/18/2008,BET,AK,AAL,WE,Federal Contract Tower,9,10,3,0,22,0,211,21,0,232,9,221,24,0,254,7,0,7,261
08/19/2008,BET,AK,AAL,WE,Federal Contract Tower,9,6,1,0,16,0,308,21,1,330,9,314,22,1,346,28,0,28,374
08/20/2008,BET,AK,AAL,WE,Federal Contract Tower,9,8,2,0,19,0,279,37,2,318,9,287,39,2,337,7,0,7,344
08/21/2008,BET,AK,AAL,WE,Federal Contract Tower,8,8,1,0,17,4,294,37,0,335,12,302,38,0,352,23,0,23,375
08/22/2008,BET,AK,AAL,WE,Federal Contract Tower,10,6,0,2,18,0,335,41,0,376,10,341,41,2,394,49,20,69,463
08/23/2008,BET,AK,AAL,WE,Federal Contract Tower,10,5,5,0,20,0,234,39,0,273,10,239,44,0,293,16,0,16,309
08/24/2008,BET,AK,AAL,WE,Federal Contract Tower,4,4,0,0,8,0,143,28,0,171,4,147,28,0,179,14,0,14,193
08/25/2008,BET,AK,AAL,WE,Federal Contract Tower,9,8,0,0,17,1,286,32,0,319,10,294,32,0,336,50,0,50,386
08/26/2008,BET,AK,AAL,WE,Federal Contract Tower,10,6,0,0,16,0,282,29,6,317,10,288,29,6,333,22,38,60,393
08/27/2008,BET,AK,AAL,WE,Federal Contract Tower,15,8,0,0,23,0,244,12,1,257,15,252,12,1,280,38,14,52,332
08/28/2008,BET,AK,AAL,WE,Federal Contract Tower,13,4,0,1,18,1,266,22,3,292,14,270,22,4,310,10,10,20,330
08/29/2008,BET,AK,AAL,WE,Federal Contract Tower,11,29,0,0,40,0,280,21,0,301,11,309,21,0,341,32,0,32,373
08/30/2008,BET,AK,AAL,WE,Federal Contract Tower,10,9,0,0,19,0,202,14,0,216,10,211,14,0,235,17,0,17,252
08/31/2008,BET,AK,AAL,WE,Federal Contract Tower,4,5,0,0,9,0,123,24,0,147,4,128,24,0,156,12,0,12,168
09/01/2008,BET,AK,AAL,WE,Federal Contract Tower,6,7,0,0,13,0,201,37,0,238,6,208,37,0,251,0,0,0,251
09/02/2008,BET,AK,AAL,WE,Federal Contract Tower,7,2,3,4,16,0,219,30,3,252,7,221,33,7,268,5,0,5,273
09/03/2008,BET,AK,AAL,WE,Federal Contract Tower,9,6,0,0,15,0,277,27,4,308,9,283,27,4,323,23,0,23,346
09/04/2008,BET,AK,AAL,WE,Federal Contract Tower,10,48,0,0,58,0,201,27,0,228,10,249,27,0,286,2,1,3,289
09/05/2008,BET,AK,AAL,WE,Federal Contract Tower,7,8,0,0,15,0,248,65,1,314,7,256,65,1,329,12,0,12,341
09/06/2008,BET,AK,AAL,WE,Federal Contract Tower,14,7,0,0,21,0,199,40,0,239,14,206,40,0,260,0,0,0,260
09/07/2008,BET,AK,AAL,WE,Federal Contract Tower,4,8,0,0,12,0,132,37,0,169,4,140,37,0,181,9,0,9,190
09/08/2008,BET,AK,AAL,WE,Federal Contract Tower,8,18,0,0,26,205,28,0,0,233,213,46,0,0,259,8,0,8,267
09/09/2008,BET,AK,AAL,WE,Federal Contract Tower,13,8,0,2,23,0,286,34,2,322,13,294,34,4,345,0,0,0,345
09/10/2008,BET,AK,AAL,WE,Federal Contract Tower,8,99,2,3,112,0,192,32,0,224,8,291,34,3,336,16,0,16,352
09/11/2008,BET,AK,AAL,WE,Federal Contract Tower,12,23,0,0,35,0,251,38,0,289,12,274,38,0,324,16,0,16,340
09/12/2008,BET,AK,AAL,WE,Federal Contract Tower,11,0,0,0,11,0,319,32,0,351,11,319,32,0,362,26,0,26,388
09/13/2008,BET,AK,AAL,WE,Federal Contract Tower,8,5,0,0,13,0,228,33,0,261,8,233,33,0,274,2,0,2,276
09/14/2008,BET,AK,AAL,WE,Federal Contract Tower,4,6,0,0,10,0,162,39,0,201,4,168,39,0,211,3,0,3,214
09/15/2008,BET,AK,AAL,WE,Federal Contract Tower,9,10,2,2,23,0,260,18,4,282,9,270,20,6,305,10,0,10,315
09/16/2008,BET,AK,AAL,WE,Federal Contract Tower,12,14,2,3,31,0,279,36,4,319,12,293,38,7,350,26,0,26,376
09/17/2008,BET,AK,AAL,WE,Federal Contract Tower,11,41,1,0,53,0,269,22,0,291,11,310,23,0,344,14,0,14,358
09/18/2008,BET,AK,AAL,WE,Federal Contract Tower,6,4,0,0,10,2,233,27,2,264,8,237,27,2,274,14,0,14,288
09/19/2008,BET,AK,AAL,WE,Federal Contract Tower,12,45,4,0,61,0,215,22,0,237,12,260,26,0,298,4,0,4,302
09/20/2008,BET,AK,AAL,WE,Federal Contract Tower,10,16,0,0,26,0,272,47,0,319,10,288,47,0,345,19,0,19,364
09/21/2008,BET,AK,AAL,WE,Federal Contract Tower,4,7,0,0,11,0,133,35,0,168,4,140,35,0,179,2,0,2,181
09/22/2008,BET,AK,AAL,WE,Federal Contract Tower,7,177,3,0,187,0,36,3,0,39,7,213,6,0,226,0,0,0,226
09/23/2008,BET,AK,AAL,WE,Federal Contract Tower,7,123,0,0,130,0,176,11,0,187,7,299,11,0,317,0,0,0,317
09/24/2008,BET,AK,AAL,WE,Federal Contract Tower,9,96,5,0,110,0,123,9,0,132,9,219,14,0,242,0,0,0,242
09/25/2008,BET,AK,AAL,WE,Federal Contract Tower,11,77,5,0,93,0,171,21,0,192,11,248,26,0,285,12,0,12,297
09/26/2008,BET,AK,AAL,WE,Federal Contract Tower,9,9,2,0,20,2,295,36,0,333,11,304,38,0,353,32,0,32,385
09/27/2008,BET,AK,AAL,WE,Federal Contract Tower,11,7,0,0,18,0,286,50,0,336,11,293,50,0,354,29,0,29,383
09/28/2008,BET,AK,AAL,WE,Federal Contract Tower,9,7,0,0,16,0,158,19,0,177,9,165,19,0,193,28,0,28,221
09/29/2008,BET,AK,AAL,WE,Federal Contract Tower,10,8,0,0,18,0,261,15,0,276,10,269,15,0,294,26,0,26,320
09/30/2008,BET,AK,AAL,WE,Federal Contract Tower,7,14,0,0,21,0,258,20,0,278,7,272,20,0,299,4,0,4,303
10/01/2008,BET,AK,AAL,WE,Federal Contract Tower,11,156,3,0,170,0,40,2,0,42,11,196,5,0,212,0,0,0,212
10/02/2008,BET,AK,AAL,WE,Federal Contract Tower,11,26,0,0,37,0,236,14,0,250,11,262,14,0,287,22,5,27,314
10/03/2008,BET,AK,AAL,WE,Federal Contract Tower,11,58,4,2,75,0,145,8,0,153,11,203,12,2,228,8,0,8,236
10/04/2008,BET,AK,AAL,WE,Federal Contract Tower,10,25,0,0,35,0,214,19,0,233,10,239,19,0,268,6,0,6,274
10/05/2008,BET,AK,AAL,WE,Federal Contract Tower,5,6,0,0,11,0,150,17,0,167,5,156,17,0,178,0,0,0,178
10/06/2008,BET,AK,AAL,WE,Federal Contract Tower,11,12,0,0,23,0,312,17,0,329,11,324,17,0,352,16,10,26,378
10/07/2008,BET,AK,AAL,WE,Federal Contract Tower,10,5,0,0,15,275,19,0,0,294,285,24,0,0,309,9,19,28,337
10/08/2008,BET,AK,AAL,WE,Federal Contract Tower,9,50,0,0,59,0,181,12,0,193,9,231,12,0,252,13,4,17,269
10/09/2008,BET,AK,AAL,WE,Federal Contract Tower,10,71,0,0,81,0,37,0,0,37,10,108,0,0,118,0,0,0,118
10/10/2008,BET,AK,AAL,WE,Federal Contract Tower,13,111,2,0,126,0,177,5,0,182,13,288,7,0,308,7,0,7,315
10/11/2008,BET,AK,AAL,WE,Federal Contract Tower,12,9,0,0,21,0,206,14,0,220,12,215,14,0,241,0,0,0,241
10/12/2008,BET,AK,AAL,WE,Federal Contract Tower,6,10,0,0,16,0,168,14,0,182,6,178,14,0,198,10,0,10,208
10/13/2008,BET,AK,AAL,WE,Federal Contract Tower,13,6,0,0,19,0,309,19,0,328,13,315,19,0,347,5,0,5,352
10/14/2008,BET,AK,AAL,WE,Federal Contract Tower,10,158,0,0,168,0,158,0,0,158,10,316,0,0,326,28,0,28,354
10/15/2008,BET,AK,AAL,WE,Federal Contract Tower,9,7,0,0,16,371,32,0,0,403,380,39,0,0,419,35,0,35,454
10/16/2008,BET,AK,AAL,WE,Federal Contract Tower,10,11,0,0,21,0,370,19,0,389,10,381,19,0,410,28,0,28,438
10/17/2008,BET,AK,AAL,WE,Federal Contract Tower,11,86,0,0,97,1,375,22,2,400,12,461,22,2,497,0,0,0,497
10/18/2008,BET,AK,AAL,WE,Federal Contract Tower,8,10,0,0,18,0,401,37,2,440,8,411,37,2,458,16,0,16,474
10/19/2008,BET,AK,AAL,WE,Federal Contract Tower,5,15,1,0,21,0,202,27,0,229,5,217,28,0,250,28,0,28,278
10/20/2008,BET,AK,AAL,WE,Federal Contract Tower,12,16,5,0,33,0,320,60,2,382,12,336,65,2,415,34,0,34,449
10/21/2008,BET,AK,AAL,WE,Federal Contract Tower,8,12,2,0,22,0,343,22,0,365,8,355,24,0,387,37,0,37,424
10/22/2008,BET,AK,AAL,WE,Federal Contract Tower,12,57,1,0,70,0,245,5,4,254,12,302,6,4,324,6,0,6,330
10/23/2008,BET,AK,AAL,WE,Federal Contract Tower,10,13,1,0,24,0,348,33,2,383,10,361,34,2,407,16,0,16,423
10/24/2008,BET,AK,AAL,WE,Federal Contract Tower,10,10,2,0,22,0,410,13,0,423,10,420,15,0,445,27,0,27,472
10/25/2008,BET,AK,AAL,WE,Federal Contract Tower,9,98,1,0,108,0,97,0,0,97,9,195,1,0,205,7,0,7,212
10/26/2008,BET,AK,AAL,WE,Federal Contract Tower,12,45,0,0,57,0,168,10,0,178,12,213,10,0,235,18,0,18,253
10/27/2008,BET,AK,AAL,WE,Federal Contract Tower,14,24,1,0,39,1,305,14,2,322,15,329,15,2,361,26,2,28,389
10/28/2008,BET,AK,AAL,WE,Federal Contract Tower,12,39,0,0,51,0,195,3,0,198,12,234,3,0,249,32,0,32,281
10/29/2008,BET,AK,AAL,WE,Federal Contract Tower,8,12,0,0,20,0,321,19,0,340,8,333,19,0,360,4,0,4,364
10/30/2008,BET,AK,AAL,WE,Federal Contract Tower,10,7,1,2,20,0,354,14,0,368,10,361,15,2,388,23,0,23,411
10/31/2008,BET,AK,AAL,WE,Federal Contract Tower,9,21,1,0,31,0,210,14,0,224,9,231,15,0,255,0,0,0,255
11/01/2008,BET,AK,AAL,WE,Federal Contract Tower,6,30,0,0,36,0,0,0,0,0,6,30,0,0,36,0,0,0,36
11/02/2008,BET,AK,AAL,WE,Federal Contract Tower,6,51,2,0,59,0,4,0,0,4,6,55,2,0,63,0,0,0,63
11/03/2008,BET,AK,AAL,WE,Federal Contract Tower,7,107,8,2,124,1,177,6,0,184,8,284,14,2,308,12,0,12,320
11/04/2008,BET,AK,AAL,WE,Federal Contract Tower,11,53,1,0,65,1,302,19,0,322,12,355,20,0,387,3,0,3,390
11/05/2008,BET,AK,AAL,WE,Federal Contract Tower,10,7,0,0,17,0,392,22,0,414,10,399,22,0,431,8,0,8,439
11/06/2008,BET,AK,AAL,WE,Federal Contract Tower,8,8,0,2,18,0,401,33,0,434,8,409,33,2,452,0,0,0,452
11/07/2008,BET,AK,AAL,WE,Federal Contract Tower,7,27,1,0,35,0,359,13,0,372,7,386,14,0,407,0,0,0,407
11/08/2008,BET,AK,AAL,WE,Federal Contract Tower,11,7,0,0,18,0,298,41,0,339,11,305,41,0,357,9,0,9,366
11/09/2008,BET,AK,AAL,WE,Federal Contract Tower,3,6,0,0,9,0,138,8,0,146,3,144,8,0,155,4,0,4,159
11/10/2008,BET,AK,AAL,WE,Federal Contract Tower,11,7,2,0,20,0,319,17,0,336,11,326,19,0,356,1,0,1,357
11/11/2008,BET,AK,AAL,WE,Federal Contract Tower,6,92,0,0,98,0,104,3,0,107,6,196,3,0,205,0,0,0,205
11/12/2008,BET,AK,AAL,WE,Federal Contract Tower,7,31,0,0,38,1,255,6,4,266,8,286,6,4,304,3,0,3,307
11/13/2008,BET,AK,AAL,WE,Federal Contract Tower,9,12,0,0,21,0,344,6,0,350,9,356,6,0,371,10,0,10,381
11/14/2008,BET,AK,AAL,WE,Federal Contract Tower,10,91,0,0,101,0,14,0,0,14,10,105,0,0,115,0,0,0,115
11/15/2008,BET,AK,AAL,WE,Federal Contract Tower,12,24,1,1,38,0,234,18,1,253,12,258,19,2,291,4,0,4,295
11/16/2008,BET,AK,AAL,WE,Federal Contract Tower,2,20,1,0,23,0,94,3,0,97,2,114,4,0,120,0,0,0,120
11/17/2008,BET,AK,AAL,WE,Federal Contract Tower,9,25,0,2,36,0,334,9,0,343,9,359,9,2,379,0,0,0,379
11/18/2008,BET,AK,AAL,WE,Federal Contract Tower,9,8,0,2,19,0,367,10,4,381,9,375,10,6,400,18,0,18,418
11/19/2008,BET,AK,AAL,WE,Federal Contract Tower,6,9,1,1,17,2,336,8,5,351,8,345,9,6,368,6,0,6,374
11/20/2008,BET,AK,AAL,WE,Federal Contract Tower,6,15,2,0,23,2,343,12,1,358,8,358,14,1,381,2,0,2,383
11/21/2008,BET,AK,AAL,WE,Federal Contract Tower,5,74,0,0,79,0,249,13,0,262,5,323,13,0,341,2,0,2,343
11/22/2008,BET,AK,AAL,WE,Federal Contract Tower,12,8,0,0,20,0,290,12,0,302,12,298,12,0,322,0,0,0,322
11/23/2008,BET,AK,AAL,WE,Federal Contract Tower,2,16,0,0,18,0,174,11,0,185,2,190,11,0,203,11,0,11,214
11/24/2008,BET,AK,AAL,WE,Federal Contract Tower,10,93,0,0,103,0,110,0,0,110,10,203,0,0,213,0,0,0,213
11/25/2008,BET,AK,AAL,WE,Federal Contract Tower,8,44,2,0,54,0,192,1,0,193,8,236,3,0,247,0,0,0,247
11/26/2008,BET,AK,AAL,WE,Federal Contract Tower,8,58,0,1,67,0,3,0,0,3,8,61,0,1,70,0,0,0,70
11/27/2008,BET,AK,AAL,WE,Federal Contract Tower,0,0,0,0,0,0,9,2,0,11,0,9,2,0,11,0,0,0,11
11/28/2008,BET,AK,AAL,WE,Federal Contract Tower,10,11,0,0,21,0,260,3,0,263,10,271,3,0,284,0,0,0,284
11/29/2008,BET,AK,AAL,WE,Federal Contract Tower,7,6,0,0,13,0,267,21,0,288,7,273,21,0,301,6,0,6,307
11/30/2008,BET,AK,AAL,WE,Federal Contract Tower,2,6,0,0,8,0,131,8,0,139,2,137,8,0,147,9,0,9,156
12/01/2008,BET,AK,AAL,WE,Federal Contract Tower,8,5,0,0,13,0,196,2,0,198,8,201,2,0,211,2,0,2,213
12/02/2008,BET,AK,AAL,WE,Federal Contract Tower,11,8,0,0,19,0,158,3,0,161,11,166,3,0,180,16,0,16,196
12/03/2008,BET,AK,AAL,WE,Federal Contract Tower,7,17,0,0,24,0,54,1,0,55,7,71,1,0,79,9,0,9,88
12/04/2008,BET,AK,AAL,WE,Federal Contract Tower,8,3,2,0,13,0,120,0,0,120,8,123,2,0,133,0,0,0,133
12/05/2008,BET,AK,AAL,WE,Federal Contract Tower,9,7,0,0,16,1,324,21,0,346,10,331,21,0,362,0,0,0,362
12/06/2008,BET,AK,AAL,WE,Federal Contract Tower,6,43,1,0,50,0,45,0,0,45,6,88,1,0,95,0,0,0,95
12/07/2008,BET,AK,AAL,WE,Federal Contract Tower,3,12,0,0,15,0,189,3,0,192,3,201,3,0,207,0,0,0,207
12/08/2008,BET,AK,AAL,WE,Federal Contract Tower,5,4,0,0,9,14,233,0,0,247,19,237,0,0,256,0,0,0,256
12/09/2008,BET,AK,AAL,WE,Federal Contract Tower,2,4,0,0,6,0,299,5,0,304,2,303,5,0,310,1,13,14,324
12/10/2008,BET,AK,AAL,WE,Federal Contract Tower,10,10,0,0,20,1,291,3,0,295,11,301,3,0,315,0,0,0,315
12/11/2008,BET,AK,AAL,WE,Federal Contract Tower,8,8,0,2,18,1,272,9,0,282,9,280,9,2,300,6,0,6,306
12/12/2008,BET,AK,AAL,WE,Federal Contract Tower,12,31,0,0,43,1,131,4,0,136,13,162,4,0,179,0,0,0,179
12/13/2008,BET,AK,AAL,WE,Federal Contract Tower,10,7,0,0,17,2,136,4,0,142,12,143,4,0,159,13,0,13,172
12/14/2008,BET,AK,AAL,WE,Federal Contract Tower,2,8,0,0,10,0,175,5,0,180,2,183,5,0,190,0,0,0,190
12/15/2008,BET,AK,AAL,WE,Federal Contract Tower,7,14,0,0,21,0,213,2,0,215,7,227,2,0,236,0,0,0,236
12/16/2008,BET,AK,AAL,WE,Federal Contract Tower,8,6,0,0,14,0,259,7,0,266,8,265,7,0,280,3,0,3,283
12/17/2008,BET,AK,AAL,WE,Federal Contract Tower,11,10,0,0,21,208,4,0,0,212,219,14,0,0,233,9,0,9,242
12/18/2008,BET,AK,AAL,WE,Federal Contract Tower,10,25,0,0,35,0,222,18,0,240,10,247,18,0,275,13,0,13,288
12/19/2008,BET,AK,AAL,WE,Federal Contract Tower,9,12,0,0,21,0,261,5,0,266,9,273,5,0,287,8,0,8,295
12/20/2008,BET,AK,AAL,WE,Federal Contract Tower,7,5,0,0,12,2,233,9,0,244,9,238,9,0,256,2,0,2,258
12/21/2008,BET,AK,AAL,WE,Federal Contract Tower,2,13,0,0,15,0,122,12,0,134,2,135,12,0,149,6,0,6,155
12/22/2008,BET,AK,AAL,WE,Federal Contract Tower,6,131,2,0,139,0,14,0,0,14,6,145,2,0,153,0,0,0,153
12/23/2008,BET,AK,AAL,WE,Federal Contract Tower,6,9,0,1,16,0,139,6,0,145,6,148,6,1,161,0,0,0,161
12/24/2008,BET,AK,AAL,WE,Federal Contract Tower,8,27,2,0,37,0,191,2,0,193,8,218,4,0,230,0,0,0,230
12/25/2008,BET,AK,AAL,WE,Federal Contract Tower,0,0,0,0,0,0,0,0,0,0,0,0,0,0,0,0,0,0,0
12/26/2008,BET,AK,AAL,WE,Federal Contract Tower,8,15,0,0,23,0,111,1,0,112,8,126,1,0,135,0,0,0,135
12/27/2008,BET,AK,AAL,WE,Federal Contract Tower,5,35,2,0,42,0,63,1,0,64,5,98,3,0,106,0,0,0,106
12/28/2008,BET,AK,AAL,WE,Federal Contract Tower,3,10,0,0,13,0,101,2,0,103,3,111,2,0,116,0,0,0,116
12/29/2008,BET,AK,AAL,WE,Federal Contract Tower,7,6,0,0,13,0,197,0,0,197,7,203,0,0,210,0,0,0,210
12/30/2008,BET,AK,AAL,WE,Federal Contract Tower,13,6,0,2,21,0,218,3,0,221,13,224,3,2,242,0,0,0,242
12/31/2008,BET,AK,AAL,WE,Federal Contract Tower,8,8,0,0,16,0,208,0,0,208,8,216,0,0,224,6,0,6,230
01/01/2009,BET,AK,AAL,WE,Federal Contract Tower,1,0,0,0,1,1,2,0,0,3,2,2,0,0,4,0,0,0,4
01/02/2009,BET,AK,AAL,WE,Federal Contract Tower,9,5,0,0,14,0,202,0,0,202,9,207,0,0,216,0,0,0,216
01/03/2009,BET,AK,AAL,WE,Federal Contract Tower,7,6,0,0,13,0,171,13,0,184,7,177,13,0,197,0,0,0,197
01/04/2009,BET,AK,AAL,WE,Federal Contract Tower,3,8,0,0,11,0,106,0,0,106,3,114,0,0,117,0,0,0,117
01/05/2009,BET,AK,AAL,WE,Federal Contract Tower,10,8,1,2,21,0,217,2,9,228,10,225,3,11,249,0,0,0,249
01/06/2009,BET,AK,AAL,WE,Federal Contract Tower,8,5,0,2,15,0,283,1,1,285,8,288,1,3,300,0,0,0,300
01/07/2009,BET,AK,AAL,WE,Federal Contract Tower,9,8,2,0,19,0,163,0,0,163,9,171,2,0,182,0,0,0,182
01/08/2009,BET,AK,AAL,WE,Federal Contract Tower,6,7,0,0,13,0,169,1,0,170,6,176,1,0,183,0,0,0,183
01/09/2009,BET,AK,AAL,WE,Federal Contract Tower,6,11,2,0,19,0,189,5,0,194,6,200,7,0,213,0,0,0,213
01/10/2009,BET,AK,AAL,WE,Federal Contract Tower,6,7,0,0,13,0,146,0,0,146,6,153,0,0,159,0,0,0,159
01/11/2009,BET,AK,AAL,WE,Federal Contract Tower,8,12,0,0,20,0,108,0,0,108,8,120,0,0,128,2,0,2,130
01/12/2009,BET,AK,AAL,WE,Federal Contract Tower,7,58,0,0,65,0,58,0,0,58,7,116,0,0,123,0,0,0,123
01/13/2009,BET,AK,AAL,WE,Federal Contract Tower,9,52,0,0,61,0,124,0,0,124,9,176,0,0,185,0,0,0,185
01/14/2009,BET,AK,AAL,WE,Federal Contract Tower,5,10,0,0,15,0,64,3,0,67,5,74,3,0,82,15,0,15,97
01/15/2009,BET,AK,AAL,WE,Federal Contract Tower,2,2,0,0,4,0,6,0,0,6,2,8,0,0,10,0,0,0,10
01/16/2009,BET,AK,AAL,WE,Federal Contract Tower,3,0,0,0,3,0,8,0,0,8,3,8,0,0,11,0,0,0,11
01/17/2009,BET,AK,AAL,WE,Federal Contract Tower,17,9,0,0,26,1,167,0,0,168,18,176,0,0,194,0,0,0,194
01/18/2009,BET,AK,AAL,WE,Federal Contract Tower,11,41,0,0,52,1,168,0,0,169,12,209,0,0,221,0,0,0,221
01/19/2009,BET,AK,AAL,WE,Federal Contract Tower,10,11,0,0,21,0,265,5,2,272,10,276,5,2,293,6,0,6,299
01/20/2009,BET,AK,AAL,WE,Federal Contract Tower,8,8,0,0,16,0,229,7,0,236,8,237,7,0,252,10,0,10,262
01/21/2009,BET,AK,AAL,WE,Federal Contract Tower,8,8,0,0,16,0,195,4,1,200,8,203,4,1,216,11,0,11,227
01/22/2009,BET,AK,AAL,WE,Federal Contract Tower,10,10,0,0,20,0,223,9,0,232,10,233,9,0,252,0,4,4,256
01/23/2009,BET,AK,AAL,WE,Federal Contract Tower,9,8,0,0,17,0,204,3,0,207,9,212,3,0,224,4,0,4,228
01/24/2009,BET,AK,AAL,WE,Federal Contract Tower,13,16,0,0,29,0,149,1,0,150,13,165,1,0,179,0,0,0,179
01/25/2009,BET,AK,AAL,WE,Federal Contract Tower,4,29,0,0,33,0,74,1,0,75,4,103,1,0,108,0,0,0,108
01/26/2009,BET,AK,AAL,WE,Federal Contract Tower,7,28,0,0,35,0,150,4,0,154,7,178,4,0,189,24,0,24,213
01/27/2009,BET,AK,AAL,WE,Federal Contract Tower,8,23,0,0,31,0,203,4,0,207,8,226,4,0,238,0,0,0,238
01/28/2009,BET,AK,AAL,WE,Federal Contract Tower,10,75,0,0,85,0,175,0,0,175,10,250,0,0,260,0,0,0,260
01/29/2009,BET,AK,AAL,WE,Federal Contract Tower,9,9,0,0,18,1,219,5,0,225,10,228,5,0,243,0,0,0,243
01/30/2009,BET,AK,AAL,WE,Federal Contract Tower,8,20,0,0,28,0,233,4,0,237,8,253,4,0,265,20,0,20,285
01/31/2009,BET,AK,AAL,WE,Federal Contract Tower,9,7,0,0,16,0,211,3,0,214,9,218,3,0,230,2,0,2,232
02/01/2009,BET,AK,AAL,WE,Federal Contract Tower,3,7,0,0,10,0,120,0,0,120,3,127,0,0,130,0,0,0,130
02/02/2009,BET,AK,AAL,WE,Federal Contract Tower,7,6,1,0,14,0,215,5,0,220,7,221,6,0,234,6,0,6,240
02/03/2009,BET,AK,AAL,WE,Federal Contract Tower,10,5,0,0,15,0,118,4,0,122,10,123,4,0,137,0,0,0,137
02/04/2009,BET,AK,AAL,WE,Federal Contract Tower,12,48,3,3,66,0,82,1,4,87,12,130,4,7,153,2,0,2,155
02/05/2009,BET,AK,AAL,WE,Federal Contract Tower,6,50,0,4,60,0,61,0,0,61,6,111,0,4,121,0,0,0,121
02/06/2009,BET,AK,AAL,WE,Federal Contract Tower,10,47,0,0,57,0,146,0,2,148,10,193,0,2,205,0,0,0,205
02/07/2009,BET,AK,AAL,WE,Federal Contract Tower,4,36,0,4,44,0,43,0,0,43,4,79,0,4,87,0,0,0,87
02/08/2009,BET,AK,AAL,WE,Federal Contract Tower,8,4,0,0,12,0,143,2,6,151,8,147,2,6,163,0,0,0,163
02/09/2009,BET,AK,AAL,WE,Federal Contract Tower,5,8,0,0,13,1,237,1,0,239,6,245,1,0,252,0,0,0,252
02/10/2009,BET,AK,AAL,WE,Federal Contract Tower,9,9,0,0,18,0,149,0,0,149,9,158,0,0,167,6,0,6,173
02/11/2009,BET,AK,AAL,WE,Federal Contract Tower,9,200,0,0,209,0,0,0,0,0,9,200,0,0,209,0,0,0,209
02/12/2009,BET,AK,AAL,WE,Federal Contract Tower,8,7,1,0,16,0,71,1,1,73,8,78,2,1,89,6,0,6,95
02/13/2009,BET,AK,AAL,WE,Federal Contract Tower,10,106,1,0,117,0,133,2,0,135,10,239,3,0,252,2,0,2,254
02/14/2009,BET,AK,AAL,WE,Federal Contract Tower,5,44,0,1,50,0,156,5,1,162,5,200,5,2,212,10,0,10,222
02/15/2009,BET,AK,AAL,WE,Federal Contract Tower,4,13,0,0,17,0,44,0,0,44,4,57,0,0,61,0,0,0,61
02/16/2009,BET,AK,AAL,WE,Federal Contract Tower,5,7,0,0,12,3,128,0,0,131,8,135,0,0,143,0,0,0,143
02/17/2009,BET,AK,AAL,WE,Federal Contract Tower,4,6,0,0,10,1,223,0,0,224,5,229,0,0,234,2,0,2,236
02/18/2009,BET,AK,AAL,WE,Federal Contract Tower,2,2,0,2,6,0,0,0,0,0,2,2,0,2,6,0,0,0,6
02/19/2009,BET,AK,AAL,WE,Federal Contract Tower,7,21,0,2,30,1,212,12,1,226,8,233,12,3,256,10,0,10,266
02/20/2009,BET,AK,AAL,WE,Federal Contract Tower,6,49,3,0,58,0,90,2,0,92,6,139,5,0,150,0,0,0,150
02/21/2009,BET,AK,AAL,WE,Federal Contract Tower,12,4,0,0,16,1,171,8,0,180,13,175,8,0,196,0,0,0,196
02/22/2009,BET,AK,AAL,WE,Federal Contract Tower,3,12,0,0,15,0,78,0,0,78,3,90,0,0,93,0,0,0,93
02/23/2009,BET,AK,AAL,WE,Federal Contract Tower,12,116,0,0,128,0,19,0,0,19,12,135,0,0,147,0,0,0,147
02/24/2009,BET,AK,AAL,WE,Federal Contract Tower,11,6,2,1,20,0,1,0,0,1,11,7,2,1,21,0,0,0,21
02/25/2009,BET,AK,AAL,WE,Federal Contract Tower,3,2,0,0,5,0,2,0,0,2,3,4,0,0,7,0,0,0,7
02/26/2009,BET,AK,AAL,WE,Federal Contract Tower,5,7,0,0,12,1,262,0,0,263,6,269,0,0,275,6,0,6,281
02/27/2009,BET,AK,AAL,WE,Federal Contract Tower,6,12,0,0,18,0,0,0,0,0,6,12,0,0,18,0,0,0,18
02/28/2009,BET,AK,AAL,WE,Federal Contract Tower,9,44,0,0,53,0,152,4,0,156,9,196,4,0,209,0,0,0,209
03/01/2009,BET,AK,AAL,WE,Federal Contract Tower,6,10,0,0,16,0,149,4,0,153,6,159,4,0,169,0,0,0,169
03/02/2009,BET,AK,AAL,WE,Federal Contract Tower,11,37,0,2,50,0,77,0,0,77,11,114,0,2,127,0,0,0,127
03/03/2009,BET,AK,AAL,WE,Federal Contract Tower,0,0,0,0,0,0,0,0,0,0,0,0,0,0,0,0,0,0,0
03/04/2009,BET,AK,AAL,WE,Federal Contract Tower,3,21,0,0,24,0,0,0,0,0,3,21,0,0,24,0,0,0,24
03/05/2009,BET,AK,AAL,WE,Federal Contract Tower,1,2,0,0,3,0,2,0,2,4,1,4,0,2,7,12,0,12,19
03/06/2009,BET,AK,AAL,WE,Federal Contract Tower,14,9,0,3,26,3,331,8,8,350,17,340,8,11,376,0,0,0,376
03/07/2009,BET,AK,AAL,WE,Federal Contract Tower,10,8,0,1,19,0,198,0,20,218,10,206,0,21,237,22,0,22,259
03/08/2009,BET,AK,AAL,WE,Federal Contract Tower,12,6,0,0,18,1,70,0,6,77,13,76,0,6,95,6,0,6,101
03/09/2009,BET,AK,AAL,WE,Federal Contract Tower,16,91,0,4,111,0,165,0,2,167,16,256,0,6,278,0,0,0,278
03/10/2009,BET,AK,AAL,WE,Federal Contract Tower,6,9,0,1,16,0,311,5,18,334,6,320,5,19,350,0,0,0,350
03/11/2009,BET,AK,AAL,WE,Federal Contract Tower,12,97,2,7,118,0,74,1,2,77,12,171,3,9,195,2,0,2,197
03/12/2009,BET,AK,AAL,WE,Federal Contract Tower,10,60,2,2,74,0,211,0,2,213,10,271,2,4,287,0,0,0,287
03/13/2009,BET,AK,AAL,WE,Federal Contract Tower,6,41,2,4,53,0,304,8,6,318,6,345,10,10,371,0,0,0,371
03/14/2009,BET,AK,AAL,WE,Federal Contract Tower,8,88,1,8,105,0,75,0,4,79,8,163,1,12,184,2,0,2,186
03/15/2009,BET,AK,AAL,WE,Federal Contract Tower,3,5,0,0,8,0,101,3,23,127,3,106,3,23,135,4,3,7,142
03/16/2009,BET,AK,AAL,WE,Federal Contract Tower,10,6,0,0,16,0,215,2,20,237,10,221,2,20,253,16,0,16,269
03/17/2009,BET,AK,AAL,WE,Federal Contract Tower,5,1,0,2,8,0,255,1,6,262,5,256,1,8,270,26,0,26,296
03/18/2009,BET,AK,AAL,WE,Federal Contract Tower,10,5,0,0,15,0,221,8,2,231,10,226,8,2,246,0,2,2,248
03/19/2009,BET,AK,AAL,WE,Federal Contract Tower,10,6,1,0,17,13,288,6,1,308,23,294,7,1,325,11,3,14,339
03/20/2009,BET,AK,AAL,WE,Federal Contract Tower,10,6,0,0,16,3,272,21,1,297,13,278,21,1,313,0,0,0,313
03/21/2009,BET,AK,AAL,WE,Federal Contract Tower,8,5,0,0,13,0,197,18,0,215,8,202,18,0,228,4,0,4,232
03/22/2009,BET,AK,AAL,WE,Federal Contract Tower,2,2,0,0,4,0,159,6,0,165,2,161,6,0,169,0,0,0,169
03/23/2009,BET,AK,AAL,WE,Federal Contract Tower,2,64,0,0,66,0,133,1,0,134,2,197,1,0,200,2,0,2,202
03/24/2009,BET,AK,AAL,WE,Federal Contract Tower,9,3,1,0,13,2,208,12,0,222,11,211,13,0,235,0,0,0,235
03/25/2009,BET,AK,AAL,WE,Federal Contract Tower,9,31,1,0,41,0,57,0,0,57,9,88,1,0,98,0,0,0,98
03/26/2009,BET,AK,AAL,WE,Federal Contract Tower,8,4,0,0,12,0,235,10,0,245,8,239,10,0,257,11,0,11,268
03/27/2009,BET,AK,AAL,WE,Federal Contract Tower,11,3,3,0,17,0,294,14,0,308,11,297,17,0,325,0,0,0,325
03/28/2009,BET,AK,AAL,WE,Federal Contract Tower,7,4,1,0,12,1,178,17,0,196,8,182,18,0,208,0,0,0,208
03/29/2009,BET,AK,AAL,WE,Federal Contract Tower,0,48,0,0,48,0,51,8,0,59,0,99,8,0,107,0,0,0,107
03/30/2009,BET,AK,AAL,WE,Federal Contract Tower,14,32,1,0,47,0,94,0,1,95,14,126,1,1,142,0,0,0,142
03/31/2009,BET,AK,AAL,WE,Federal Contract Tower,10,12,0,0,22,0,250,20,2,272,10,262,20,2,294,20,0,20,314
04/01/2009,BET,AK,AAL,WE,Federal Contract Tower,9,38,1,1,49,1,169,8,1,179,10,207,9,2,228,0,0,0,228
04/02/2009,BET,AK,AAL,WE,Federal Contract Tower,8,40,0,0,48,0,183,7,0,190,8,223,7,0,238,10,0,10,248
04/03/2009,BET,AK,AAL,WE,Federal Contract Tower,9,27,0,0,36,0,193,14,1,208,9,220,14,1,244,11,0,11,255
04/04/2009,BET,AK,AAL,WE,Federal Contract Tower,13,2,0,0,15,0,234,25,0,259,13,236,25,0,274,31,0,31,305
04/05/2009,BET,AK,AAL,WE,Federal Contract Tower,12,2,0,0,14,0,109,15,0,124,12,111,15,0,138,13,0,13,151
04/06/2009,BET,AK,AAL,WE,Federal Contract Tower,8,43,0,0,51,2,57,0,1,60,10,100,0,1,111,0,0,0,111
04/07/2009,BET,AK,AAL,WE,Federal Contract Tower,12,16,0,0,28,0,215,5,0,220,12,231,5,0,248,0,0,0,248
04/08/2009,BET,AK,AAL,WE,Federal Contract Tower,9,13,0,2,24,0,247,11,0,258,9,260,11,2,282,0,0,0,282
04/09/2009,BET,AK,AAL,WE,Federal Contract Tower,10,8,0,0,18,0,193,3,0,196,10,201,3,0,214,2,0,2,216
04/10/2009,BET,AK,AAL,WE,Federal Contract Tower,14,9,0,0,23,0,136,4,0,140,14,145,4,0,163,0,0,0,163
04/11/2009,BET,AK,AAL,WE,Federal Contract Tower,9,98,0,0,107,0,49,0,0,49,9,147,0,0,156,0,0,0,156
04/12/2009,BET,AK,AAL,WE,Federal Contract Tower,5,4,0,1,10,0,113,3,0,116,5,117,3,1,126,12,0,12,138
04/13/2009,BET,AK,AAL,WE,Federal Contract Tower,6,10,0,0,16,0,249,14,0,263,6,259,14,0,279,16,0,16,295
04/14/2009,BET,AK,AAL,WE,Federal Contract Tower,10,75,0,0,85,0,118,0,0,118,10,193,0,0,203,3,0,3,206
04/15/2009,BET,AK,AAL,WE,Federal Contract Tower,10,8,0,0,18,6,268,3,1,278,16,276,3,1,296,4,0,4,300
04/16/2009,BET,AK,AAL,WE,Federal Contract Tower,11,12,1,0,24,0,222,18,0,240,11,234,19,0,264,23,0,23,287
04/17/2009,BET,AK,AAL,WE,Federal Contract Tower,6,4,0,3,13,0,255,7,1,263,6,259,7,4,276,15,0,15,291
04/18/2009,BET,AK,AAL,WE,Federal Contract Tower,8,9,0,0,17,0,168,6,0,174,8,177,6,0,191,15,0,15,206
04/19/2009,BET,AK,AAL,WE,Federal Contract Tower,4,11,0,0,15,0,105,4,1,110,4,116,4,1,125,2,0,2,127
04/20/2009,BET,AK,AAL,WE,Federal Contract Tower,8,5,0,0,13,2,240,12,0,254,10,245,12,0,267,11,0,11,278
04/21/2009,BET,AK,AAL,WE,Federal Contract Tower,9,8,0,2,19,3,249,9,2,263,12,257,9,4,282,20,1,21,303
04/22/2009,BET,AK,AAL,WE,Federal Contract Tower,9,13,0,0,22,0,100,2,0,102,9,113,2,0,124,0,0,0,124
04/23/2009,BET,AK,AAL,WE,Federal Contract Tower,9,50,1,0,60,0,75,0,0,75,9,125,1,0,135,0,0,0,135
04/24/2009,BET,AK,AAL,WE,Federal Contract Tower,11,70,0,0,81,0,30,0,0,30,11,100,0,0,111,7,0,7,118
04/25/2009,BET,AK,AAL,WE,Federal Contract Tower,10,9,0,0,19,0,222,9,0,231,10,231,9,0,250,0,0,0,250
04/26/2009,BET,AK,AAL,WE,Federal Contract Tower,4,8,0,0,12,0,102,0,0,102,4,110,0,0,114,0,0,0,114
04/27/2009,BET,AK,AAL,WE,Federal Contract Tower,8,7,0,0,15,226,15,2,0,243,234,22,2,0,258,5,0,5,263
04/28/2009,BET,AK,AAL,WE,Federal Contract Tower,10,6,0,0,16,0,259,15,1,275,10,265,15,1,291,19,0,19,310
04/29/2009,BET,AK,AAL,WE,Federal Contract Tower,8,7,1,0,16,0,248,16,0,264,8,255,17,0,280,19,0,19,299
04/30/2009,BET,AK,AAL,WE,Federal Contract Tower,10,6,0,0,16,5,355,4,2,366,15,361,4,2,382,13,0,13,395
05/01/2009,BET,AK,AAL,WE,Federal Contract Tower,8,9,0,0,17,0,357,12,1,370,8,366,12,1,387,8,0,8,395
05/02/2009,BET,AK,AAL,WE,Federal Contract Tower,10,0,0,0,10,0,267,31,0,298,10,267,31,0,308,2,0,2,310
05/03/2009,BET,AK,AAL,WE,Federal Contract Tower,4,3,0,0,7,0,140,36,3,179,4,143,36,3,186,0,0,0,186
05/04/2009,BET,AK,AAL,WE,Federal Contract Tower,8,10,0,0,18,0,300,22,0,322,8,310,22,0,340,10,0,10,350
05/05/2009,BET,AK,AAL,WE,Federal Contract Tower,8,8,0,0,16,0,331,25,1,357,8,339,25,1,373,2,0,2,375
05/06/2009,BET,AK,AAL,WE,Federal Contract Tower,12,7,0,3,22,0,314,28,5,347,12,321,28,8,369,22,0,22,391
05/07/2009,BET,AK,AAL,WE,Federal Contract Tower,10,2,0,4,16,0,326,14,0,340,10,328,14,4,356,0,0,0,356
05/08/2009,BET,AK,AAL,WE,Federal Contract Tower,10,6,0,0,16,0,372,22,0,394,10,378,22,0,410,11,0,11,421
05/09/2009,BET,AK,AAL,WE,Federal Contract Tower,9,13,0,0,22,0,202,13,0,215,9,215,13,0,237,0,0,0,237
05/10/2009,BET,AK,AAL,WE,Federal Contract Tower,4,6,0,0,10,0,155,23,0,178,4,161,23,0,188,0,0,0,188
05/11/2009,BET,AK,AAL,WE,Federal Contract Tower,10,24,1,0,35,0,210,26,0,236,10,234,27,0,271,0,0,0,271
05/12/2009,BET,AK,AAL,WE,Federal Contract Tower,8,12,1,0,21,0,315,19,0,334,8,327,20,0,355,0,0,0,355
05/13/2009,BET,AK,AAL,WE,Federal Contract Tower,11,4,1,0,16,0,267,8,2,277,11,271,9,2,293,0,0,0,293
05/14/2009,BET,AK,AAL,WE,Federal Contract Tower,10,3,0,0,13,0,278,8,0,286,10,281,8,0,299,13,0,13,312
05/15/2009,BET,AK,AAL,WE,Federal Contract Tower,7,10,1,0,18,0,300,23,1,324,7,310,24,1,342,0,0,0,342
05/16/2009,BET,AK,AAL,WE,Federal Contract Tower,12,2,0,0,14,0,241,22,0,263,12,243,22,0,277,11,0,11,288
05/17/2009,BET,AK,AAL,WE,Federal Contract Tower,4,80,4,0,88,0,44,3,0,47,4,124,7,0,135,0,0,0,135
05/18/2009,BET,AK,AAL,WE,Federal Contract Tower,9,29,0,3,41,0,118,10,1,129,9,147,10,4,170,0,0,0,170
05/19/2009,BET,AK,AAL,WE,Federal Contract Tower,8,8,1,2,19,0,266,12,0,278,8,274,13,2,297,16,0,16,313
05/20/2009,BET,AK,AAL,WE,Federal Contract Tower,8,6,0,2,16,1,226,10,6,243,9,232,10,8,259,0,0,0,259
05/21/2009,BET,AK,AAL,WE,Federal Contract Tower,8,1,1,2,12,1,284,18,2,305,9,285,19,4,317,3,0,3,320
05/22/2009,BET,AK,AAL,WE,Federal Contract Tower,9,9,0,0,18,0,260,7,0,267,9,269,7,0,285,3,0,3,288
05/23/2009,BET,AK,AAL,WE,Federal Contract Tower,9,0,0,0,9,2,189,12,0,203,11,189,12,0,212,14,0,14,226
05/24/2009,BET,AK,AAL,WE,Federal Contract Tower,4,4,0,0,8,0,123,26,0,149,4,127,26,0,157,16,0,16,173
05/25/2009,BET,AK,AAL,WE,Federal Contract Tower,4,3,0,0,7,0,158,20,0,178,4,161,20,0,185,22,0,22,207
05/26/2009,BET,AK,AAL,WE,Federal Contract Tower,8,5,2,0,15,0,256,14,0,270,8,261,16,0,285,24,0,24,309
05/27/2009,BET,AK,AAL,WE,Federal Contract Tower,9,6,0,0,15,0,286,15,0,301,9,292,15,0,316,49,0,49,365
05/28/2009,BET,AK,AAL,WE,Federal Contract Tower,12,7,2,0,21,1,261,30,1,293,13,268,32,1,314,5,0,5,319
05/29/2009,BET,AK,AAL,WE,Federal Contract Tower,7,7,0,0,14,0,285,7,1,293,7,292,7,1,307,0,0,0,307
05/30/2009,BET,AK,AAL,WE,Federal Contract Tower,11,1,0,0,12,0,203,8,0,211,11,204,8,0,223,2,0,2,225
05/31/2009,BET,AK,AAL,WE,Federal Contract Tower,4,15,1,0,20,0,114,3,2,119,4,129,4,2,139,13,0,13,152
06/01/2009,BET,AK,AAL,WE,Federal Contract Tower,9,4,1,0,14,0,240,29,0,269,9,244,30,0,283,17,0,17,300
06/02/2009,BET,AK,AAL,WE,Federal Contract Tower,4,12,0,4,20,1,228,6,1,236,5,240,6,5,256,12,0,12,268
06/03/2009,BET,AK,AAL,WE,Federal Contract Tower,6,9,1,2,18,0,256,25,6,287,6,265,26,8,305,3,0,3,308
06/04/2009,BET,AK,AAL,WE,Federal Contract Tower,6,7,3,0,16,1,269,9,0,279,7,276,12,0,295,5,0,5,300
06/05/2009,BET,AK,AAL,WE,Federal Contract Tower,8,12,0,0,20,0,162,7,0,169,8,174,7,0,189,2,0,2,191
06/06/2009,BET,AK,AAL,WE,Federal Contract Tower,8,117,10,2,137,0,111,6,0,117,8,228,16,2,254,2,0,2,256
06/07/2009,BET,AK,AAL,WE,Federal Contract Tower,4,6,0,0,10,1,125,12,3,141,5,131,12,3,151,9,0,9,160
06/08/2009,BET,AK,AAL,WE,Federal Contract Tower,10,3,3,0,16,0,243,22,0,265,10,246,25,0,281,2,0,2,283
06/09/2009,BET,AK,AAL,WE,Federal Contract Tower,8,14,1,0,23,247,21,2,2,272,255,35,3,2,295,12,0,12,307
06/10/2009,BET,AK,AAL,WE,Federal Contract Tower,7,6,1,0,14,0,310,17,2,329,7,316,18,2,343,6,0,6,349
06/11/2009,BET,AK,AAL,WE,Federal Contract Tower,9,5,0,0,14,1,291,31,4,327,10,296,31,4,341,41,0,41,382
06/12/2009,BET,AK,AAL,WE,Federal Contract Tower,10,6,0,1,17,0,240,22,1,263,10,246,22,2,280,20,0,20,300
06/13/2009,BET,AK,AAL,WE,Federal Contract Tower,8,26,2,0,36,0,194,14,0,208,8,220,16,0,244,2,0,2,246
06/14/2009,BET,AK,AAL,WE,Federal Contract Tower,4,11,0,0,15,0,131,15,0,146,4,142,15,0,161,0,0,0,161
06/15/2009,BET,AK,AAL,WE,Federal Contract Tower,10,9,0,0,19,0,249,20,0,269,10,258,20,0,288,0,0,0,288
06/16/2009,BET,AK,AAL,WE,Federal Contract Tower,9,8,0,2,19,0,231,16,2,249,9,239,16,4,268,0,0,0,268
06/17/2009,BET,AK,AAL,WE,Federal Contract Tower,10,11,1,1,23,0,271,22,2,295,10,282,23,3,318,8,0,8,326
06/18/2009,BET,AK,AAL,WE,Federal Contract Tower,9,8,3,0,20,0,259,25,0,284,9,267,28,0,304,13,0,13,317
06/19/2009,BET,AK,AAL,WE,Federal Contract Tower,13,2,0,0,15,0,236,16,0,252,13,238,16,0,267,2,0,2,269
06/20/2009,BET,AK,AAL,WE,Federal Contract Tower,9,9,2,0,20,1,194,7,0,202,10,203,9,0,222,4,0,4,226
06/21/2009,BET,AK,AAL,WE,Federal Contract Tower,4,5,0,0,9,0,115,8,1,124,4,120,8,1,133,9,0,9,142
06/22/2009,BET,AK,AAL,WE,Federal Contract Tower,10,13,0,4,27,1,218,21,1,241,11,231,21,5,268,12,0,12,280
06/23/2009,BET,AK,AAL,WE,Federal Contract Tower,6,8,0,0,14,0,319,28,0,347,6,327,28,0,361,27,0,27,388
06/24/2009,BET,AK,AAL,WE,Federal Contract Tower,10,13,0,0,23,0,282,23,0,305,10,295,23,0,328,14,0,14,342
06/25/2009,BET,AK,AAL,WE,Federal Contract Tower,8,12,0,0,20,0,247,18,0,265,8,259,18,0,285,9,0,9,294
06/26/2009,BET,AK,AAL,WE,Federal Contract Tower,7,10,2,4,23,0,271,20,0,291,7,281,22,4,314,8,0,8,322
06/27/2009,BET,AK,AAL,WE,Federal Contract Tower,10,6,0,0,16,0,177,27,0,204,10,183,27,0,220,0,0,0,220
06/28/2009,BET,AK,AAL,WE,Federal Contract Tower,4,6,0,0,10,0,133,25,1,159,4,139,25,1,169,6,0,6,175
06/29/2009,BET,AK,AAL,WE,Federal Contract Tower,9,4,0,0,13,0,221,24,0,245,9,225,24,0,258,26,0,26,284
06/30/2009,BET,AK,AAL,WE,Federal Contract Tower,6,3,0,0,9,0,255,21,0,276,6,258,21,0,285,12,0,12,297
07/01/2009,BET,AK,AAL,WE,Federal Contract Tower,8,7,1,0,16,0,246,45,4,295,8,253,46,4,311,14,0,14,325
07/02/2009,BET,AK,AAL,WE,Federal Contract Tower,6,4,2,2,14,0,227,29,2,258,6,231,31,4,272,10,20,30,302
07/03/2009,BET,AK,AAL,WE,Federal Contract Tower,7,9,0,0,16,1,150,14,0,165,8,159,14,0,181,0,0,0,181
07/04/2009,BET,AK,AAL,WE,Federal Contract Tower,4,0,3,0,7,0,30,27,1,58,4,30,30,1,65,10,0,10,75
07/05/2009,BET,AK,AAL,WE,Federal Contract Tower,4,8,0,0,12,0,127,29,0,156,4,135,29,0,168,0,0,0,168
07/06/2009,BET,AK,AAL,WE,Federal Contract Tower,8,6,0,0,14,0,246,33,0,279,8,252,33,0,293,20,0,20,313
07/07/2009,BET,AK,AAL,WE,Federal Contract Tower,5,62,3,2,72,0,192,15,2,209,5,254,18,4,281,14,0,14,295
07/08/2009,BET,AK,AAL,WE,Federal Contract Tower,10,53,1,1,65,0,177,20,2,199,10,230,21,3,264,11,0,11,275
07/09/2009,BET,AK,AAL,WE,Federal Contract Tower,6,20,0,0,26,0,229,34,0,263,6,249,34,0,289,16,0,16,305
07/10/2009,BET,AK,AAL,WE,Federal Contract Tower,9,8,0,0,17,0,258,34,1,293,9,266,34,1,310,33,0,33,343
07/11/2009,BET,AK,AAL,WE,Federal Contract Tower,11,3,0,0,14,0,228,29,0,257,11,231,29,0,271,19,0,19,290
07/12/2009,BET,AK,AAL,WE,Federal Contract Tower,4,7,2,0,13,0,116,17,0,133,4,123,19,0,146,0,0,0,146
07/13/2009,BET,AK,AAL,WE,Federal Contract Tower,12,5,2,0,19,0,224,16,0,240,12,229,18,0,259,15,0,15,274
07/14/2009,BET,AK,AAL,WE,Federal Contract Tower,8,56,0,0,64,0,217,18,0,235,8,273,18,0,299,0,0,0,299
07/15/2009,BET,AK,AAL,WE,Federal Contract Tower,10,22,1,0,33,1,243,24,2,270,11,265,25,2,303,0,0,0,303
07/16/2009,BET,AK,AAL,WE,Federal Contract Tower,6,12,0,0,18,2,250,48,6,306,8,262,48,6,324,0,0,0,324
07/17/2009,BET,AK,AAL,WE,Federal Contract Tower,6,34,0,0,40,0,199,20,0,219,6,233,20,0,259,12,0,12,271
07/18/2009,BET,AK,AAL,WE,Federal Contract Tower,6,69,0,0,75,0,131,7,0,138,6,200,7,0,213,9,0,9,222
07/19/2009,BET,AK,AAL,WE,Federal Contract Tower,4,6,0,0,10,0,112,19,1,132,4,118,19,1,142,10,0,10,152
07/20/2009,BET,AK,AAL,WE,Federal Contract Tower,7,4,0,0,11,1,193,39,0,233,8,197,39,0,244,19,0,19,263
07/21/2009,BET,AK,AAL,WE,Federal Contract Tower,14,7,0,0,21,0,182,3,1,186,14,189,3,1,207,0,0,0,207
07/22/2009,BET,AK,AAL,WE,Federal Contract Tower,7,8,2,0,17,0,285,58,2,345,7,293,60,2,362,11,0,11,373
07/23/2009,BET,AK,AAL,WE,Federal Contract Tower,9,9,0,1,19,1,279,22,3,305,10,288,22,4,324,8,4,12,336
07/24/2009,BET,AK,AAL,WE,Federal Contract Tower,8,9,1,0,18,0,251,26,0,277,8,260,27,0,295,0,0,0,295
07/25/2009,BET,AK,AAL,WE,Federal Contract Tower,6,3,0,0,9,0,211,27,5,243,6,214,27,5,252,5,0,5,257
07/26/2009,BET,AK,AAL,WE,Federal Contract Tower,4,4,0,0,8,0,129,49,0,178,4,133,49,0,186,16,0,16,202
07/27/2009,BET,AK,AAL,WE,Federal Contract Tower,8,8,8,0,24,0,209,13,0,222,8,217,21,0,246,8,0,8,254
07/28/2009,BET,AK,AAL,WE,Federal Contract Tower,6,4,0,0,10,0,265,32,2,299,6,269,32,2,309,0,0,0,309
07/29/2009,BET,AK,AAL,WE,Federal Contract Tower,10,11,0,0,21,0,153,16,0,169,10,164,16,0,190,0,0,0,190
07/30/2009,BET,AK,AAL,WE,Federal Contract Tower,8,19,0,0,27,0,275,19,0,294,8,294,19,0,321,0,0,0,321
07/31/2009,BET,AK,AAL,WE,Federal Contract Tower,6,14,0,0,20,0,252,9,6,267,6,266,9,6,287,9,0,9,296
08/01/2009,BET,AK,AAL,WE,Federal Contract Tower,6,18,0,0,24,0,191,37,0,228,6,209,37,0,252,12,0,12,264
08/02/2009,BET,AK,AAL,WE,Federal Contract Tower,2,6,0,0,8,1,128,27,0,156,3,134,27,0,164,0,0,0,164
08/03/2009,BET,AK,AAL,WE,Federal Contract Tower,9,6,1,0,16,0,268,29,0,297,9,274,30,0,313,0,0,0,313
08/04/2009,BET,AK,AAL,WE,Federal Contract Tower,6,8,1,0,15,0,267,32,1,300,6,275,33,1,315,19,0,19,334
08/05/2009,BET,AK,AAL,WE,Federal Contract Tower,7,31,0,0,38,3,251,34,7,295,10,282,34,7,333,23,0,23,356
08/06/2009,BET,AK,AAL,WE,Federal Contract Tower,13,5,1,0,19,2,278,29,2,311,15,283,30,2,330,9,0,9,339
08/07/2009,BET,AK,AAL,WE,Federal Contract Tower,5,11,0,0,16,1,315,32,1,349,6,326,32,1,365,24,0,24,389
08/08/2009,BET,AK,AAL,WE,Federal Contract Tower,10,24,2,0,36,1,224,21,0,246,11,248,23,0,282,4,0,4,286
08/09/2009,BET,AK,AAL,WE,Federal Contract Tower,4,80,0,0,84,0,86,10,1,97,4,166,10,1,181,8,0,8,189
08/10/2009,BET,AK,AAL,WE,Federal Contract Tower,10,71,3,0,84,0,232,40,0,272,10,303,43,0,356,26,0,26,382
08/11/2009,BET,AK,AAL,WE,Federal Contract Tower,10,51,0,0,61,0,170,11,2,183,10,221,11,2,244,1,0,1,245
08/12/2009,BET,AK,AAL,WE,Federal Contract Tower,6,98,3,0,107,1,255,19,0,275,7,353,22,0,382,0,0,0,382
08/13/2009,BET,AK,AAL,WE,Federal Contract Tower,8,102,2,2,114,0,210,9,1,220,8,312,11,3,334,0,0,0,334
08/14/2009,BET,AK,AAL,WE,Federal Contract Tower,10,9,1,2,22,0,269,45,0,314,10,278,46,2,336,18,0,18,354
08/15/2009,BET,AK,AAL,WE,Federal Contract Tower,6,84,0,0,90,0,179,39,0,218,6,263,39,0,308,0,0,0,308
08/16/2009,BET,AK,AAL,WE,Federal Contract Tower,4,3,0,0,7,0,142,34,1,177,4,145,34,1,184,16,0,16,200
08/17/2009,BET,AK,AAL,WE,Federal Contract Tower,12,6,0,0,18,0,285,48,2,335,12,291,48,2,353,18,0,18,371
08/18/2009,BET,AK,AAL,WE,Federal Contract Tower,6,24,1,1,32,0,254,18,8,280,6,278,19,9,312,8,0,8,320
08/19/2009,BET,AK,AAL,WE,Federal Contract Tower,8,24,1,0,33,0,236,17,5,258,8,260,18,5,291,1,10,11,302
08/20/2009,BET,AK,AAL,WE,Federal Contract Tower,10,15,0,1,26,0,268,19,4,291,10,283,19,5,317,8,0,8,325
08/21/2009,BET,AK,AAL,WE,Federal Contract Tower,7,15,1,1,24,0,259,25,8,292,7,274,26,9,316,0,0,0,316
08/22/2009,BET,AK,AAL,WE,Federal Contract Tower,7,6,0,0,13,1,297,48,0,346,8,303,48,0,359,19,0,19,378
08/23/2009,BET,AK,AAL,WE,Federal Contract Tower,3,2,0,0,5,1,178,15,0,194,4,180,15,0,199,14,0,14,213
08/24/2009,BET,AK,AAL,WE,Federal Contract Tower,8,72,1,1,82,0,207,5,0,212,8,279,6,1,294,8,0,8,302
08/25/2009,BET,AK,AAL,WE,Federal Contract Tower,6,7,0,0,13,0,273,19,0,292,6,280,19,0,305,11,0,11,316
08/26/2009,BET,AK,AAL,WE,Federal Contract Tower,7,10,0,0,17,0,259,37,0,296,7,269,37,0,313,55,0,55,368
08/27/2009,BET,AK,AAL,WE,Federal Contract Tower,7,8,0,0,15,0,228,38,5,271,7,236,38,5,286,15,0,15,301
08/28/2009,BET,AK,AAL,WE,Federal Contract Tower,5,6,0,0,11,1,273,42,2,318,6,279,42,2,329,16,0,16,345
08/29/2009,BET,AK,AAL,WE,Federal Contract Tower,9,18,2,0,29,0,198,29,0,227,9,216,31,0,256,0,0,0,256
08/30/2009,BET,AK,AAL,WE,Federal Contract Tower,4,19,0,0,23,0,86,24,3,113,4,105,24,3,136,4,0,4,140
08/31/2009,BET,AK,AAL,WE,Federal Contract Tower,14,78,0,0,92,0,176,4,0,180,14,254,4,0,272,2,0,2,274
09/01/2009,BET,AK,AAL,WE,Federal Contract Tower,8,95,3,0,106,0,140,8,0,148,8,235,11,0,254,0,0,0,254
09/02/2009,BET,AK,AAL,WE,Federal Contract Tower,7,2,3,0,12,0,270,39,0,309,7,272,42,0,321,0,0,0,321
09/03/2009,BET,AK,AAL,WE,Federal Contract Tower,6,7,1,0,14,0,281,46,0,327,6,288,47,0,341,16,0,16,357
09/04/2009,BET,AK,AAL,WE,Federal Contract Tower,8,6,0,0,14,0,287,36,0,323,8,293,36,0,337,5,0,5,342
09/05/2009,BET,AK,AAL,WE,Federal Contract Tower,8,14,1,0,23,0,215,22,0,237,8,229,23,0,260,0,0,0,260
09/06/2009,BET,AK,AAL,WE,Federal Contract Tower,2,17,6,0,25,0,95,23,0,118,2,112,29,0,143,2,0,2,145
09/07/2009,BET,AK,AAL,WE,Federal Contract Tower,6,5,0,0,11,0,171,28,0,199,6,176,28,0,210,0,0,0,210
09/08/2009,BET,AK,AAL,WE,Federal Contract Tower,7,10,0,0,17,0,234,17,2,253,7,244,17,2,270,4,0,4,274
09/09/2009,BET,AK,AAL,WE,Federal Contract Tower,4,23,0,0,27,0,176,15,2,193,4,199,15,2,220,0,0,0,220
09/10/2009,BET,AK,AAL,WE,Federal Contract Tower,6,5,1,0,12,0,237,32,1,270,6,242,33,1,282,17,0,17,299
09/11/2009,BET,AK,AAL,WE,Federal Contract Tower,7,143,0,0,150,0,131,7,0,138,7,274,7,0,288,0,0,0,288
09/12/2009,BET,AK,AAL,WE,Federal Contract Tower,8,46,0,0,54,1,163,7,0,171,9,209,7,0,225,22,0,22,247
09/13/2009,BET,AK,AAL,WE,Federal Contract Tower,4,7,0,0,11,0,133,25,0,158,4,140,25,0,169,0,0,0,169
09/14/2009,BET,AK,AAL,WE,Federal Contract Tower,8,17,0,0,25,0,219,26,4,249,8,236,26,4,274,18,0,18,292
09/15/2009,BET,AK,AAL,WE,Federal Contract Tower,8,3,0,2,13,0,253,31,8,292,8,256,31,10,305,2,0,2,307
09/16/2009,BET,AK,AAL,WE,Federal Contract Tower,13,7,0,0,20,1,263,23,6,293,14,270,23,6,313,46,4,50,363
09/17/2009,BET,AK,AAL,WE,Federal Contract Tower,8,13,0,0,21,238,35,1,0,274,246,48,1,0,295,31,0,31,326
09/18/2009,BET,AK,AAL,WE,Federal Contract Tower,9,7,0,0,16,1,300,27,9,337,10,307,27,9,353,20,4,24,377
09/19/2009,BET,AK,AAL,WE,Federal Contract Tower,6,20,1,1,28,1,223,28,2,254,7,243,29,3,282,2,0,2,284
09/20/2009,BET,AK,AAL,WE,Federal Contract Tower,2,2,0,0,4,0,104,27,1,132,2,106,27,1,136,0,0,0,136
09/21/2009,BET,AK,AAL,WE,Federal Contract Tower,8,9,0,0,17,0,241,27,0,268,8,250,27,0,285,20,0,20,305
09/22/2009,BET,AK,AAL,WE,Federal Contract Tower,8,9,0,0,17,1,275,28,0,304,9,284,28,0,321,18,0,18,339
09/23/2009,BET,AK,AAL,WE,Federal Contract Tower,9,79,4,0,92,0,163,19,0,182,9,242,23,0,274,0,0,0,274
09/24/2009,BET,AK,AAL,WE,Federal Contract Tower,5,7,0,2,14,1,252,23,3,279,6,259,23,5,293,30,0,30,323
09/25/2009,BET,AK,AAL,WE,Federal Contract Tower,7,15,1,0,23,0,265,33,0,298,7,280,34,0,321,14,0,14,335
09/26/2009,BET,AK,AAL,WE,Federal Contract Tower,6,13,0,0,19,0,195,18,0,213,6,208,18,0,232,12,0,12,244
09/27/2009,BET,AK,AAL,WE,Federal Contract Tower,6,6,0,0,12,0,142,24,0,166,6,148,24,0,178,0,0,0,178
09/28/2009,BET,AK,AAL,WE,Federal Contract Tower,13,28,1,0,42,0,196,14,4,214,13,224,15,4,256,38,1,39,295
09/29/2009,BET,AK,AAL,WE,Federal Contract Tower,4,29,3,0,36,0,229,19,1,249,4,258,22,1,285,28,0,28,313
09/30/2009,BET,AK,AAL,WE,Federal Contract Tower,6,81,2,0,89,0,145,4,0,149,6,226,6,0,238,0,0,0,238
10/01/2009,BET,AK,AAL,WE,Federal Contract Tower,8,11,0,0,19,1,271,28,0,300,9,282,28,0,319,28,15,43,362
10/02/2009,BET,AK,AAL,WE,Federal Contract Tower,6,14,0,0,20,0,297,14,0,311,6,311,14,0,331,75,0,75,406
10/03/2009,BET,AK,AAL,WE,Federal Contract Tower,8,100,0,0,108,0,115,2,0,117,8,215,2,0,225,0,0,0,225
10/04/2009,BET,AK,AAL,WE,Federal Contract Tower,4,18,0,0,22,0,132,4,0,136,4,150,4,0,158,0,0,0,158
10/05/2009,BET,AK,AAL,WE,Federal Contract Tower,7,10,0,0,17,1,247,21,0,269,8,257,21,0,286,32,0,32,318
10/06/2009,BET,AK,AAL,WE,Federal Contract Tower,9,6,0,0,15,0,274,15,0,289,9,280,15,0,304,29,0,29,333
10/07/2009,BET,AK,AAL,WE,Federal Contract Tower,11,5,0,0,16,0,233,19,0,252,11,238,19,0,268,62,0,62,330
10/08/2009,BET,AK,AAL,WE,Federal Contract Tower,11,15,0,0,26,0,286,22,0,308,11,301,22,0,334,44,0,44,378
10/09/2009,BET,AK,AAL,WE,Federal Contract Tower,9,11,0,0,20,0,274,14,1,289,9,285,14,1,309,17,0,17,326
10/10/2009,BET,AK,AAL,WE,Federal Contract Tower,10,4,0,0,14,0,165,6,0,171,10,169,6,0,185,0,0,0,185
10/11/2009,BET,AK,AAL,WE,Federal Contract Tower,4,7,0,0,11,0,168,10,0,178,4,175,10,0,189,0,0,0,189
10/12/2009,BET,AK,AAL,WE,Federal Contract Tower,7,11,1,0,19,0,251,24,0,275,7,262,25,0,294,28,0,28,322
10/13/2009,BET,AK,AAL,WE,Federal Contract Tower,10,115,2,0,127,0,0,0,0,0,10,115,2,0,127,0,0,0,127
10/14/2009,BET,AK,AAL,WE,Federal Contract Tower,12,142,2,0,156,0,118,2,0,120,12,260,4,0,276,49,0,49,325
10/15/2009,BET,AK,AAL,WE,Federal Contract Tower,11,12,1,0,24,0,339,29,1,369,11,351,30,1,393,44,2,46,439
10/16/2009,BET,AK,AAL,WE,Federal Contract Tower,10,11,4,0,25,2,358,24,0,384,12,369,28,0,409,25,0,25,434
10/17/2009,BET,AK,AAL,WE,Federal Contract Tower,8,6,1,0,15,0,323,22,0,345,8,329,23,0,360,42,0,42,402
10/18/2009,BET,AK,AAL,WE,Federal Contract Tower,4,6,0,0,10,0,191,18,1,210,4,197,18,1,220,0,0,0,220
10/19/2009,BET,AK,AAL,WE,Federal Contract Tower,10,17,2,1,30,0,323,17,1,341,10,340,19,2,371,29,0,29,400
10/20/2009,BET,AK,AAL,WE,Federal Contract Tower,8,9,0,0,17,0,325,17,0,342,8,334,17,0,359,12,0,12,371
10/21/2009,BET,AK,AAL,WE,Federal Contract Tower,10,5,0,0,15,0,230,5,1,236,10,235,5,1,251,4,0,4,255
10/22/2009,BET,AK,AAL,WE,Federal Contract Tower,10,101,0,1,112,0,79,0,0,79,10,180,0,1,191,4,0,4,195
10/23/2009,BET,AK,AAL,WE,Federal Contract Tower,10,75,0,0,85,0,206,4,0,210,10,281,4,0,295,27,0,27,322
10/24/2009,BET,AK,AAL,WE,Federal Contract Tower,8,139,0,0,147,0,8,0,0,8,8,147,0,0,155,0,0,0,155
10/25/2009,BET,AK,AAL,WE,Federal Contract Tower,3,37,0,0,40,0,195,4,0,199,3,232,4,0,239,0,0,0,239
10/26/2009,BET,AK,AAL,WE,Federal Contract Tower,13,3,0,0,16,1,335,18,0,354,14,338,18,0,370,12,0,12,382
10/27/2009,BET,AK,AAL,WE,Federal Contract Tower,8,12,0,0,20,3,374,21,1,399,11,386,21,1,419,14,20,34,453
10/28/2009,BET,AK,AAL,WE,Federal Contract Tower,12,32,0,0,44,0,131,1,0,132,12,163,1,0,176,12,0,12,188
10/29/2009,BET,AK,AAL,WE,Federal Contract Tower,12,4,0,0,16,0,409,16,2,427,12,413,16,2,443,50,14,64,507
10/30/2009,BET,AK,AAL,WE,Federal Contract Tower,10,7,0,0,17,0,498,26,2,526,10,505,26,2,543,30,0,30,573
10/31/2009,BET,AK,AAL,WE,Federal Contract Tower,9,4,0,0,13,3,343,13,1,360,12,347,13,1,373,14,0,14,387
11/01/2009,BET,AK,AAL,WE,Federal Contract Tower,3,5,0,0,8,0,203,9,0,212,3,208,9,0,220,14,0,14,234
11/02/2009,BET,AK,AAL,WE,Federal Contract Tower,7,27,1,2,37,0,297,10,0,307,7,324,11,2,344,2,0,2,346
11/03/2009,BET,AK,AAL,WE,Federal Contract Tower,10,36,1,0,47,0,381,12,0,393,10,417,13,0,440,4,0,4,444
11/04/2009,BET,AK,AAL,WE,Federal Contract Tower,12,80,0,0,92,0,238,8,0,246,12,318,8,0,338,6,0,6,344
11/05/2009,BET,AK,AAL,WE,Federal Contract Tower,7,12,0,0,19,0,394,14,0,408,7,406,14,0,427,24,0,24,451
11/06/2009,BET,AK,AAL,WE,Federal Contract Tower,13,4,0,2,19,1,436,19,0,456,14,440,19,2,475,7,0,7,482
11/07/2009,BET,AK,AAL,WE,Federal Contract Tower,10,5,0,0,15,0,273,15,0,288,10,278,15,0,303,0,0,0,303
11/08/2009,BET,AK,AAL,WE,Federal Contract Tower,3,9,0,0,12,0,176,12,0,188,3,185,12,0,200,24,0,24,224
11/09/2009,BET,AK,AAL,WE,Federal Contract Tower,0,7,0,0,7,0,29,0,0,29,0,36,0,0,36,0,0,0,36
11/10/2009,BET,AK,AAL,WE,Federal Contract Tower,3,167,0,0,170,0,6,0,0,6,3,173,0,0,176,0,0,0,176
11/11/2009,BET,AK,AAL,WE,Federal Contract Tower,2,4,0,0,6,0,33,0,0,33,2,37,0,0,39,0,0,0,39
11/12/2009,BET,AK,AAL,WE,Federal Contract Tower,13,11,0,0,24,0,354,11,0,365,13,365,11,0,389,23,0,23,412
11/13/2009,BET,AK,AAL,WE,Federal Contract Tower,9,39,0,0,48,0,319,17,1,337,9,358,17,1,385,6,0,6,391
11/14/2009,BET,AK,AAL,WE,Federal Contract Tower,9,8,2,0,19,0,256,11,0,267,9,264,13,0,286,3,0,3,289
11/15/2009,BET,AK,AAL,WE,Federal Contract Tower,6,3,0,0,9,0,156,10,1,167,6,159,10,1,176,2,0,2,178
11/16/2009,BET,AK,AAL,WE,Federal Contract Tower,10,37,0,0,47,0,254,7,0,261,10,291,7,0,308,10,0,10,318
11/17/2009,BET,AK,AAL,WE,Federal Contract Tower,5,35,0,0,40,1,279,7,0,287,6,314,7,0,327,38,0,38,365
11/18/2009,BET,AK,AAL,WE,Federal Contract Tower,6,3,0,0,9,0,345,9,0,354,6,348,9,0,363,10,0,10,373
11/19/2009,BET,AK,AAL,WE,Federal Contract Tower,10,8,0,0,18,0,310,13,0,323,10,318,13,0,341,10,0,10,351
11/20/2009,BET,AK,AAL,WE,Federal Contract Tower,10,10,0,0,20,0,309,4,2,315,10,319,4,2,335,0,0,0,335
11/21/2009,BET,AK,AAL,WE,Federal Contract Tower,10,8,0,0,18,0,291,5,0,296,10,299,5,0,314,0,0,0,314
11/22/2009,BET,AK,AAL,WE,Federal Contract Tower,3,12,0,0,15,0,155,5,0,160,3,167,5,0,175,0,0,0,175
11/23/2009,BET,AK,AAL,WE,Federal Contract Tower,10,57,0,3,70,0,190,0,0,190,10,247,0,3,260,2,6,8,268
11/24/2009,BET,AK,AAL,WE,Federal Contract Tower,9,8,0,0,17,0,310,9,2,321,9,318,9,2,338,4,0,4,342
11/25/2009,BET,AK,AAL,WE,Federal Contract Tower,7,3,0,0,10,0,247,6,0,253,7,250,6,0,263,4,14,18,281
11/26/2009,BET,AK,AAL,WE,Federal Contract Tower,0,0,0,0,0,0,1,9,1,11,0,1,9,1,11,27,0,27,38
11/27/2009,BET,AK,AAL,WE,Federal Contract Tower,11,86,0,0,97,0,0,0,0,0,11,86,0,0,97,0,0,0,97
11/28/2009,BET,AK,AAL,WE,Federal Contract Tower,10,6,0,0,16,0,240,4,0,244,10,246,4,0,260,2,0,2,262
11/29/2009,BET,AK,AAL,WE,Federal Contract Tower,2,5,0,0,7,0,144,4,0,148,2,149,4,0,155,8,0,8,163
11/30/2009,BET,AK,AAL,WE,Federal Contract Tower,12,32,0,1,45,1,103,1,0,105,13,135,1,1,150,6,0,6,156
12/01/2009,BET,AK,AAL,WE,Federal Contract Tower,7,8,0,0,15,0,290,18,0,308,7,298,18,0,323,2,0,2,325
12/02/2009,BET,AK,AAL,WE,Federal Contract Tower,8,52,0,0,60,2,41,1,0,44,10,93,1,0,104,2,0,2,106
12/03/2009,BET,AK,AAL,WE,Federal Contract Tower,7,6,1,0,14,0,251,16,0,267,7,257,17,0,281,14,0,14,295
12/04/2009,BET,AK,AAL,WE,Federal Contract Tower,9,10,0,0,19,0,202,1,0,203,9,212,1,0,222,16,0,16,238
12/05/2009,BET,AK,AAL,WE,Federal Contract Tower,11,0,0,0,11,0,68,2,0,70,11,68,2,0,81,0,0,0,81
12/06/2009,BET,AK,AAL,WE,Federal Contract Tower,3,7,0,0,10,0,174,3,0,177,3,181,3,0,187,2,0,2,189
12/07/2009,BET,AK,AAL,WE,Federal Contract Tower,7,7,0,0,14,0,336,8,1,345,7,343,8,1,359,4,23,27,386
12/08/2009,BET,AK,AAL,WE,Federal Contract Tower,10,4,0,0,14,0,371,10,1,382,10,375,10,1,396,29,30,59,455
12/09/2009,BET,AK,AAL,WE,Federal Contract Tower,9,1,0,1,11,0,310,10,3,323,9,311,10,4,334,28,0,28,362
12/10/2009,BET,AK,AAL,WE,Federal Contract Tower,9,8,0,1,18,0,326,13,1,340,9,334,13,2,358,36,0,36,394
12/11/2009,BET,AK,AAL,WE,Federal Contract Tower,8,8,0,2,18,0,228,6,0,234,8,236,6,2,252,5,0,5,257
12/12/2009,BET,AK,AAL,WE,Federal Contract Tower,18,46,0,0,64,0,23,0,0,23,18,69,0,0,87,0,0,0,87
12/13/2009,BET,AK,AAL,WE,Federal Contract Tower,2,4,0,0,6,0,167,9,0,176,2,171,9,0,182,0,0,0,182
12/14/2009,BET,AK,AAL,WE,Federal Contract Tower,5,3,0,1,9,0,231,2,0,233,5,234,2,1,242,6,0,6,248
12/15/2009,BET,AK,AAL,WE,Federal Contract Tower,9,56,1,0,66,0,192,4,2,198,9,248,5,2,264,2,0,2,266
12/16/2009,BET,AK,AAL,WE,Federal Contract Tower,11,4,0,0,15,0,263,2,0,265,11,267,2,0,280,4,0,4,284
12/17/2009,BET,AK,AAL,WE,Federal Contract Tower,9,7,0,0,16,0,220,2,0,222,9,227,2,0,238,0,0,0,238
12/18/2009,BET,AK,AAL,WE,Federal Contract Tower,7,9,0,0,16,0,305,2,2,309,7,314,2,2,325,0,0,0,325
12/19/2009,BET,AK,AAL,WE,Federal Contract Tower,13,6,2,0,21,0,168,1,0,169,13,174,3,0,190,6,0,6,196
12/20/2009,BET,AK,AAL,WE,Federal Contract Tower,2,3,0,0,5,0,106,0,0,106,2,109,0,0,111,0,0,0,111
12/21/2009,BET,AK,AAL,WE,Federal Contract Tower,7,6,0,0,13,0,4,3,0,7,7,10,3,0,20,0,0,0,20
12/22/2009,BET,AK,AAL,WE,Federal Contract Tower,7,5,0,0,12,0,330,9,0,339,7,335,9,0,351,0,0,0,351
12/23/2009,BET,AK,AAL,WE,Federal Contract Tower,5,13,0,0,18,2,309,6,0,317,7,322,6,0,335,13,0,13,348
12/24/2009,BET,AK,AAL,WE,Federal Contract Tower,9,8,0,0,17,0,215,2,0,217,9,223,2,0,234,6,0,6,240
12/25/2009,BET,AK,AAL,WE,Federal Contract Tower,0,0,0,0,0,0,4,0,0,4,0,4,0,0,4,0,0,0,4
12/26/2009,BET,AK,AAL,WE,Federal Contract Tower,8,6,0,0,14,0,134,6,0,140,8,140,6,0,154,0,0,0,154
12/27/2009,BET,AK,AAL,WE,Federal Contract Tower,3,6,0,0,9,0,111,10,0,121,3,117,10,0,130,10,0,10,140
12/28/2009,BET,AK,AAL,WE,Federal Contract Tower,7,3,0,0,10,0,193,2,2,197,7,196,2,2,207,8,0,8,215
12/29/2009,BET,AK,AAL,WE,Federal Contract Tower,8,4,0,1,13,0,187,2,1,190,8,191,2,2,203,7,0,7,210
12/30/2009,BET,AK,AAL,WE,Federal Contract Tower,9,4,0,0,13,0,199,5,0,204,9,203,5,0,217,8,0,8,225
12/31/2009,BET,AK,AAL,WE,Federal Contract Tower,6,10,0,0,16,0,179,3,0,182,6,189,3,0,198,0,0,0,198
01/01/2010,BET,AK,AAL,WE,Federal Contract Tower,2,0,0,0,2,0,3,0,0,3,2,3,0,0,5,0,0,0,5
01/02/2010,BET,AK,AAL,WE,Federal Contract Tower,7,4,0,0,11,0,180,1,0,181,7,184,1,0,192,0,0,0,192
01/03/2010,BET,AK,AAL,WE,Federal Contract Tower,2,4,0,0,6,0,126,3,0,129,2,130,3,0,135,0,0,0,135
01/04/2010,BET,AK,AAL,WE,Federal Contract Tower,4,4,0,0,8,0,66,0,0,66,4,70,0,0,74,0,0,0,74
01/05/2010,BET,AK,AAL,WE,Federal Contract Tower,3,11,0,0,14,1,204,0,0,205,4,215,0,0,219,0,0,0,219
01/06/2010,BET,AK,AAL,WE,Federal Contract Tower,7,2,0,0,9,1,204,3,0,208,8,206,3,0,217,0,0,0,217
01/07/2010,BET,AK,AAL,WE,Federal Contract Tower,8,8,0,0,16,0,181,1,0,182,8,189,1,0,198,0,0,0,198
01/08/2010,BET,AK,AAL,WE,Federal Contract Tower,5,7,1,0,13,1,199,1,2,203,6,206,2,2,216,16,0,16,232
01/09/2010,BET,AK,AAL,WE,Federal Contract Tower,12,6,0,0,18,0,172,2,0,174,12,178,2,0,192,6,0,6,198
01/10/2010,BET,AK,AAL,WE,Federal Contract Tower,2,4,1,0,7,0,70,0,1,71,2,74,1,1,78,6,0,6,84
01/11/2010,BET,AK,AAL,WE,Federal Contract Tower,6,4,0,0,10,0,61,0,0,61,6,65,0,0,71,7,0,7,78
01/12/2010,BET,AK,AAL,WE,Federal Contract Tower,10,5,0,0,15,0,0,0,0,0,10,5,0,0,15,0,0,0,15
01/13/2010,BET,AK,AAL,WE,Federal Contract Tower,9,4,2,0,15,0,216,5,0,221,9,220,7,0,236,8,0,8,244
01/14/2010,BET,AK,AAL,WE,Federal Contract Tower,12,8,0,0,20,0,211,0,1,212,12,219,0,1,232,0,4,4,236
01/15/2010,BET,AK,AAL,WE,Federal Contract Tower,6,5,0,0,11,1,220,1,0,222,7,225,1,0,233,0,0,0,233
01/16/2010,BET,AK,AAL,WE,Federal Contract Tower,8,4,0,0,12,0,46,0,0,46,8,50,0,0,58,6,0,6,64
01/17/2010,BET,AK,AAL,WE,Federal Contract Tower,3,4,0,0,7,0,117,0,0,117,3,121,0,0,124,0,0,0,124
01/18/2010,BET,AK,AAL,WE,Federal Contract Tower,9,5,0,0,14,0,159,3,0,162,9,164,3,0,176,0,0,0,176
01/19/2010,BET,AK,AAL,WE,Federal Contract Tower,6,10,0,0,16,1,185,2,0,188,7,195,2,0,204,0,0,0,204
01/20/2010,BET,AK,AAL,WE,Federal Contract Tower,7,3,1,1,12,0,185,0,6,191,7,188,1,7,203,9,0,9,212
01/21/2010,BET,AK,AAL,WE,Federal Contract Tower,9,3,1,0,13,0,205,9,4,218,9,208,10,4,231,16,0,16,247
01/22/2010,BET,AK,AAL,WE,Federal Contract Tower,6,24,2,0,32,0,208,5,0,213,6,232,7,0,245,0,0,0,245
01/23/2010,BET,AK,AAL,WE,Federal Contract Tower,11,2,0,0,13,0,210,15,0,225,11,212,15,0,238,4,0,4,242
01/24/2010,BET,AK,AAL,WE,Federal Contract Tower,3,3,0,0,6,0,98,4,0,102,3,101,4,0,108,0,0,0,108
01/25/2010,BET,AK,AAL,WE,Federal Contract Tower,10,40,0,0,50,0,144,7,1,152,10,184,7,1,202,18,0,18,220
01/26/2010,BET,AK,AAL,WE,Federal Contract Tower,10,16,0,2,28,0,186,0,1,187,10,202,0,3,215,0,0,0,215
01/27/2010,BET,AK,AAL,WE,Federal Contract Tower,7,6,0,0,13,0,200,1,0,201,7,206,1,0,214,4,0,4,218
01/28/2010,BET,AK,AAL,WE,Federal Contract Tower,10,7,0,0,17,0,217,6,2,225,10,224,6,2,242,2,0,2,244
01/29/2010,BET,AK,AAL,WE,Federal Contract Tower,13,76,0,0,89,0,161,0,0,161,13,237,0,0,250,0,0,0,250
01/30/2010,BET,AK,AAL,WE,Federal Contract Tower,8,32,0,0,40,0,107,1,0,108,8,139,1,0,148,0,0,0,148
01/31/2010,BET,AK,AAL,WE,Federal Contract Tower,3,13,1,0,17,0,105,4,0,109,3,118,5,0,126,0,0,0,126
02/01/2010,BET,AK,AAL,WE,Federal Contract Tower,5,3,3,1,12,0,228,8,1,237,5,231,11,2,249,16,0,16,265
02/02/2010,BET,AK,AAL,WE,Federal Contract Tower,8,8,0,0,16,0,190,0,0,190,8,198,0,0,206,9,0,9,215
02/03/2010,BET,AK,AAL,WE,Federal Contract Tower,8,4,0,1,13,0,229,3,1,233,8,233,3,2,246,0,0,0,246
02/04/2010,BET,AK,AAL,WE,Federal Contract Tower,5,5,0,0,10,0,205,16,4,225,5,210,16,4,235,26,0,26,261
02/05/2010,BET,AK,AAL,WE,Federal Contract Tower,5,5,0,3,13,0,214,0,0,214,5,219,0,3,227,20,0,20,247
02/06/2010,BET,AK,AAL,WE,Federal Contract Tower,10,61,1,0,72,0,66,0,0,66,10,127,1,0,138,0,0,0,138
02/07/2010,BET,AK,AAL,WE,Federal Contract Tower,5,7,0,0,12,0,124,0,0,124,5,131,0,0,136,0,0,0,136
02/08/2010,BET,AK,AAL,WE,Federal Contract Tower,8,7,0,1,16,0,178,0,0,178,8,185,0,1,194,22,28,50,244
02/09/2010,BET,AK,AAL,WE,Federal Contract Tower,10,22,0,0,32,0,106,0,0,106,10,128,0,0,138,0,0,0,138
02/10/2010,BET,AK,AAL,WE,Federal Contract Tower,10,4,2,0,16,0,208,21,5,234,10,212,23,5,250,16,20,36,286
02/11/2010,BET,AK,AAL,WE,Federal Contract Tower,8,10,1,0,19,0,223,16,5,244,8,233,17,5,263,18,24,42,305
02/12/2010,BET,AK,AAL,WE,Federal Contract Tower,8,5,0,0,13,0,234,13,3,250,8,239,13,3,263,4,0,4,267
02/13/2010,BET,AK,AAL,WE,Federal Contract Tower,9,10,0,0,19,0,168,17,2,187,9,178,17,2,206,10,0,10,216
02/14/2010,BET,AK,AAL,WE,Federal Contract Tower,5,4,1,0,10,0,148,12,0,160,5,152,13,0,170,12,0,12,182
02/15/2010,BET,AK,AAL,WE,Federal Contract Tower,5,11,0,0,16,0,198,12,0,210,5,209,12,0,226,6,0,6,232
02/16/2010,BET,AK,AAL,WE,Federal Contract Tower,7,19,0,0,26,0,201,0,0,201,7,220,0,0,227,20,0,20,247
02/17/2010,BET,AK,AAL,WE,Federal Contract Tower,9,30,0,2,41,0,137,13,1,151,9,167,13,3,192,0,0,0,192
02/18/2010,BET,AK,AAL,WE,Federal Contract Tower,7,8,0,0,15,0,232,23,1,256,7,240,23,1,271,0,0,0,271
02/19/2010,BET,AK,AAL,WE,Federal Contract Tower,7,11,0,1,19,0,191,0,1,192,7,202,0,2,211,0,0,0,211
02/20/2010,BET,AK,AAL,WE,Federal Contract Tower,7,20,1,2,30,0,159,8,0,167,7,179,9,2,197,22,0,22,219
02/21/2010,BET,AK,AAL,WE,Federal Contract Tower,3,5,0,0,8,0,112,3,0,115,3,117,3,0,123,27,0,27,150
02/22/2010,BET,AK,AAL,WE,Federal Contract Tower,3,25,0,0,28,0,75,0,0,75,3,100,0,0,103,0,0,0,103
02/23/2010,BET,AK,AAL,WE,Federal Contract Tower,10,44,0,0,54,0,186,0,0,186,10,230,0,0,240,0,0,0,240
02/24/2010,BET,AK,AAL,WE,Federal Contract Tower,12,20,0,0,32,0,112,2,1,115,12,132,2,1,147,2,8,10,157
02/25/2010,BET,AK,AAL,WE,Federal Contract Tower,10,3,0,0,13,0,210,2,1,213,10,213,2,1,226,0,0,0,226
02/26/2010,BET,AK,AAL,WE,Federal Contract Tower,9,8,0,0,17,0,230,9,1,240,9,238,9,1,257,1,0,1,258
02/27/2010,BET,AK,AAL,WE,Federal Contract Tower,11,4,0,0,15,1,186,14,0,201,12,190,14,0,216,8,0,8,224
02/28/2010,BET,AK,AAL,WE,Federal Contract Tower,3,4,0,0,7,0,99,0,0,99,3,103,0,0,106,8,0,8,114
03/01/2010,BET,AK,AAL,WE,Federal Contract Tower,7,4,0,0,11,0,213,3,0,216,7,217,3,0,227,0,0,0,227
03/02/2010,BET,AK,AAL,WE,Federal Contract Tower,5,4,0,2,11,0,170,7,1,178,5,174,7,3,189,0,0,0,189
03/03/2010,BET,AK,AAL,WE,Federal Contract Tower,8,100,3,2,113,0,136,0,0,136,8,236,3,2,249,0,0,0,249
03/04/2010,BET,AK,AAL,WE,Federal Contract Tower,8,10,1,0,19,0,226,1,1,228,8,236,2,1,247,0,0,0,247
03/05/2010,BET,AK,AAL,WE,Federal Contract Tower,13,36,0,0,49,0,39,0,0,39,13,75,0,0,88,0,0,0,88
03/06/2010,BET,AK,AAL,WE,Federal Contract Tower,9,4,0,0,13,0,222,1,0,223,9,226,1,0,236,0,0,0,236
03/07/2010,BET,AK,AAL,WE,Federal Contract Tower,2,1,0,0,3,0,195,5,0,200,2,196,5,0,203,5,0,5,208
03/08/2010,BET,AK,AAL,WE,Federal Contract Tower,10,7,2,0,19,0,227,2,2,231,10,234,4,2,250,0,0,0,250
03/09/2010,BET,AK,AAL,WE,Federal Contract Tower,9,9,0,0,18,0,218,1,0,219,9,227,1,0,237,0,0,0,237
03/10/2010,BET,AK,AAL,WE,Federal Contract Tower,6,12,0,2,20,0,198,6,0,204,6,210,6,2,224,0,0,0,224
03/11/2010,BET,AK,AAL,WE,Federal Contract Tower,9,6,0,0,15,2,220,3,0,225,11,226,3,0,240,0,0,0,240
03/12/2010,BET,AK,AAL,WE,Federal Contract Tower,8,45,1,0,54,1,199,1,2,203,9,244,2,2,257,3,0,3,260
03/13/2010,BET,AK,AAL,WE,Federal Contract Tower,14,3,0,0,17,0,128,1,0,129,14,131,1,0,146,0,0,0,146
03/14/2010,BET,AK,AAL,WE,Federal Contract Tower,3,6,0,0,9,0,128,0,0,128,3,134,0,0,137,11,0,11,148
03/15/2010,BET,AK,AAL,WE,Federal Contract Tower,10,6,0,0,16,0,225,8,0,233,10,231,8,0,249,8,0,8,257
03/16/2010,BET,AK,AAL,WE,Federal Contract Tower,8,3,0,0,11,0,249,18,4,271,8,252,18,4,282,8,0,8,290
03/17/2010,BET,AK,AAL,WE,Federal Contract Tower,7,2,0,0,9,0,225,12,1,238,7,227,12,1,247,0,0,0,247
03/18/2010,BET,AK,AAL,WE,Federal Contract Tower,10,6,0,0,16,0,208,7,3,218,10,214,7,3,234,18,0,18,252
03/19/2010,BET,AK,AAL,WE,Federal Contract Tower,10,13,0,2,25,0,209,3,0,212,10,222,3,2,237,26,0,26,263
03/20/2010,BET,AK,AAL,WE,Federal Contract Tower,6,5,0,0,11,0,164,8,0,172,6,169,8,0,183,0,0,0,183
03/21/2010,BET,AK,AAL,WE,Federal Contract Tower,3,4,0,0,7,0,126,7,0,133,3,130,7,0,140,0,0,0,140
03/22/2010,BET,AK,AAL,WE,Federal Contract Tower,9,0,0,0,9,0,214,5,3,222,9,214,5,3,231,4,0,4,235
03/23/2010,BET,AK,AAL,WE,Federal Contract Tower,7,2,0,0,9,0,78,167,7,252,7,80,167,7,261,30,1,31,292
03/24/2010,BET,AK,AAL,WE,Federal Contract Tower,8,3,0,0,11,0,241,5,0,246,8,244,5,0,257,13,8,21,278
03/25/2010,BET,AK,AAL,WE,Federal Contract Tower,8,10,0,0,18,0,232,10,0,242,8,242,10,0,260,25,0,25,285
03/26/2010,BET,AK,AAL,WE,Federal Contract Tower,8,2,0,0,10,0,257,22,1,280,8,259,22,1,290,41,0,41,331
03/27/2010,BET,AK,AAL,WE,Federal Contract Tower,9,7,0,0,16,0,137,6,0,143,9,144,6,0,159,0,0,0,159
03/28/2010,BET,AK,AAL,WE,Federal Contract Tower,3,8,0,0,11,0,139,6,0,145,3,147,6,0,156,8,0,8,164
03/29/2010,BET,AK,AAL,WE,Federal Contract Tower,13,5,0,2,20,0,200,4,0,204,13,205,4,2,224,2,0,2,226
03/30/2010,BET,AK,AAL,WE,Federal Contract Tower,7,13,0,0,20,0,273,0,0,273,7,286,0,0,293,0,0,0,293
03/31/2010,BET,AK,AAL,WE,Federal Contract Tower,7,3,0,0,10,0,205,0,0,205,7,208,0,0,215,2,0,2,217
04/01/2010,BET,AK,AAL,WE,Federal Contract Tower,7,56,0,0,63,0,164,14,0,178,7,220,14,0,241,23,0,23,264
04/02/2010,BET,AK,AAL,WE,Federal Contract Tower,8,57,0,0,65,0,188,5,1,194,8,245,5,1,259,21,0,21,280
04/03/2010,BET,AK,AAL,WE,Federal Contract Tower,10,7,0,0,17,0,160,30,0,190,10,167,30,0,207,20,0,20,227
04/04/2010,BET,AK,AAL,WE,Federal Contract Tower,4,2,0,0,6,0,92,0,0,92,4,94,0,0,98,19,0,19,117
04/05/2010,BET,AK,AAL,WE,Federal Contract Tower,10,3,0,2,15,0,224,2,1,227,10,227,2,3,242,16,0,16,258
04/06/2010,BET,AK,AAL,WE,Federal Contract Tower,8,11,1,0,20,0,269,14,0,283,8,280,15,0,303,4,0,4,307
04/07/2010,BET,AK,AAL,WE,Federal Contract Tower,12,34,0,0,46,0,212,5,0,217,12,246,5,0,263,24,0,24,287
04/08/2010,BET,AK,AAL,WE,Federal Contract Tower,6,10,0,0,16,0,210,26,0,236,6,220,26,0,252,15,0,15,267
04/09/2010,BET,AK,AAL,WE,Federal Contract Tower,12,5,0,0,17,0,251,24,0,275,12,256,24,0,292,35,0,35,327
04/10/2010,BET,AK,AAL,WE,Federal Contract Tower,4,4,0,0,8,0,50,0,0,50,4,54,0,0,58,0,0,0,58
04/11/2010,BET,AK,AAL,WE,Federal Contract Tower,6,8,0,0,14,0,132,2,0,134,6,140,2,0,148,4,0,4,152
04/12/2010,BET,AK,AAL,WE,Federal Contract Tower,6,16,0,0,22,0,4,1,0,5,6,20,1,0,27,0,0,0,27
04/13/2010,BET,AK,AAL,WE,Federal Contract Tower,8,23,0,0,31,0,309,6,0,315,8,332,6,0,346,0,0,0,346
04/14/2010,BET,AK,AAL,WE,Federal Contract Tower,9,64,4,0,77,0,153,1,0,154,9,217,5,0,231,5,0,5,236
04/15/2010,BET,AK,AAL,WE,Federal Contract Tower,7,15,1,0,23,0,235,17,0,252,7,250,18,0,275,38,0,38,313
04/16/2010,BET,AK,AAL,WE,Federal Contract Tower,14,25,0,0,39,0,196,11,0,207,14,221,11,0,246,16,0,16,262
04/17/2010,BET,AK,AAL,WE,Federal Contract Tower,8,28,0,0,36,0,152,10,0,162,8,180,10,0,198,0,0,0,198
04/18/2010,BET,AK,AAL,WE,Federal Contract Tower,4,6,0,0,10,0,202,26,0,228,4,208,26,0,238,0,0,0,238
04/19/2010,BET,AK,AAL,WE,Federal Contract Tower,13,5,0,1,19,1,267,18,1,287,14,272,18,2,306,2,0,2,308
04/20/2010,BET,AK,AAL,WE,Federal Contract Tower,10,9,0,0,19,1,320,12,0,333,11,329,12,0,352,42,0,42,394
04/21/2010,BET,AK,AAL,WE,Federal Contract Tower,12,6,0,0,18,0,289,14,0,303,12,295,14,0,321,4,0,4,325
04/22/2010,BET,AK,AAL,WE,Federal Contract Tower,22,20,3,0,45,0,329,10,0,339,22,349,13,0,384,0,0,0,384
04/23/2010,BET,AK,AAL,WE,Federal Contract Tower,12,17,3,2,34,0,306,9,0,315,12,323,12,2,349,2,0,2,351
04/24/2010,BET,AK,AAL,WE,Federal Contract Tower,10,4,0,2,16,0,281,17,0,298,10,285,17,2,314,12,0,12,326
04/25/2010,BET,AK,AAL,WE,Federal Contract Tower,4,4,0,0,8,0,171,5,0,176,4,175,5,0,184,2,0,2,186
04/26/2010,BET,AK,AAL,WE,Federal Contract Tower,10,8,0,1,19,0,273,20,1,294,10,281,20,2,313,14,0,14,327
04/27/2010,BET,AK,AAL,WE,Federal Contract Tower,10,18,1,0,29,0,261,12,2,275,10,279,13,2,304,8,0,8,312
04/28/2010,BET,AK,AAL,WE,Federal Contract Tower,10,10,0,2,22,0,263,15,3,281,10,273,15,5,303,8,0,8,311
04/29/2010,BET,AK,AAL,WE,Federal Contract Tower,12,122,1,0,135,0,100,1,0,101,12,222,2,0,236,0,0,0,236
04/30/2010,BET,AK,AAL,WE,Federal Contract Tower,10,10,2,0,22,0,287,21,1,309,10,297,23,1,331,6,0,6,337
05/01/2010,BET,AK,AAL,WE,Federal Contract Tower,12,57,3,2,74,0,87,2,0,89,12,144,5,2,163,0,0,0,163
05/02/2010,BET,AK,AAL,WE,Federal Contract Tower,4,4,0,2,10,0,138,11,2,151,4,142,11,4,161,0,0,0,161
05/03/2010,BET,AK,AAL,WE,Federal Contract Tower,12,15,0,0,27,0,244,22,0,266,12,259,22,0,293,24,0,24,317
05/04/2010,BET,AK,AAL,WE,Federal Contract Tower,9,9,0,0,18,0,387,19,0,406,9,396,19,0,424,26,0,26,450
05/05/2010,BET,AK,AAL,WE,Federal Contract Tower,6,12,1,0,19,0,301,6,2,309,6,313,7,2,328,45,0,45,373
05/06/2010,BET,AK,AAL,WE,Federal Contract Tower,9,2,2,0,13,1,315,10,0,326,10,317,12,0,339,20,0,20,359
05/07/2010,BET,AK,AAL,WE,Federal Contract Tower,10,4,0,0,14,0,407,14,0,421,10,411,14,0,435,40,0,40,475
05/08/2010,BET,AK,AAL,WE,Federal Contract Tower,11,7,0,0,18,0,267,10,0,277,11,274,10,0,295,16,0,16,311
05/09/2010,BET,AK,AAL,WE,Federal Contract Tower,4,40,2,0,46,0,154,6,0,160,4,194,8,0,206,8,0,8,214
05/10/2010,BET,AK,AAL,WE,Federal Contract Tower,6,5,0,2,13,0,312,10,0,322,6,317,10,2,335,6,0,6,341
05/11/2010,BET,AK,AAL,WE,Federal Contract Tower,14,8,0,0,22,0,361,12,2,375,14,369,12,2,397,26,0,26,423
05/12/2010,BET,AK,AAL,WE,Federal Contract Tower,9,2,1,0,12,1,364,19,0,384,10,366,20,0,396,64,0,64,460
05/13/2010,BET,AK,AAL,WE,Federal Contract Tower,7,12,0,2,21,1,321,27,0,349,8,333,27,2,370,23,0,23,393
05/14/2010,BET,AK,AAL,WE,Federal Contract Tower,10,10,2,0,22,0,403,24,0,427,10,413,26,0,449,38,0,38,487
05/15/2010,BET,AK,AAL,WE,Federal Contract Tower,10,15,0,0,25,0,291,17,0,308,10,306,17,0,333,14,0,14,347
05/16/2010,BET,AK,AAL,WE,Federal Contract Tower,5,6,0,0,11,0,227,19,1,247,5,233,19,1,258,0,0,0,258
05/17/2010,BET,AK,AAL,WE,Federal Contract Tower,8,5,0,0,13,0,351,20,2,373,8,356,20,2,386,0,0,0,386
05/18/2010,BET,AK,AAL,WE,Federal Contract Tower,8,10,0,0,18,0,361,10,0,371,8,371,10,0,389,3,0,3,392
05/19/2010,BET,AK,AAL,WE,Federal Contract Tower,15,25,3,4,47,0,224,15,1,240,15,249,18,5,287,0,0,0,287
05/20/2010,BET,AK,AAL,WE,Federal Contract Tower,12,5,0,2,19,0,325,21,4,350,12,330,21,6,369,2,0,2,371
05/21/2010,BET,AK,AAL,WE,Federal Contract Tower,12,4,0,2,18,1,362,27,0,390,13,366,27,2,408,0,0,0,408
05/22/2010,BET,AK,AAL,WE,Federal Contract Tower,6,25,1,0,32,0,161,19,0,180,6,186,20,0,212,6,0,6,218
05/23/2010,BET,AK,AAL,WE,Federal Contract Tower,4,10,1,0,15,0,165,16,2,183,4,175,17,2,198,0,0,0,198
05/24/2010,BET,AK,AAL,WE,Federal Contract Tower,11,35,0,0,46,0,226,17,0,243,11,261,17,0,289,14,0,14,303
05/25/2010,BET,AK,AAL,WE,Federal Contract Tower,10,8,0,0,18,0,260,52,3,315,10,268,52,3,333,8,0,8,341
05/26/2010,BET,AK,AAL,WE,Federal Contract Tower,8,5,0,0,13,0,272,43,0,315,8,277,43,0,328,2,0,2,330
05/27/2010,BET,AK,AAL,WE,Federal Contract Tower,11,10,1,0,22,0,248,45,4,297,11,258,46,4,319,3,0,3,322
05/28/2010,BET,AK,AAL,WE,Federal Contract Tower,11,5,0,0,16,0,296,24,0,320,11,301,24,0,336,0,0,0,336
05/29/2010,BET,AK,AAL,WE,Federal Contract Tower,8,5,0,0,13,0,189,55,0,244,8,194,55,0,257,6,0,6,263
05/30/2010,BET,AK,AAL,WE,Federal Contract Tower,2,6,1,0,9,0,130,9,0,139,2,136,10,0,148,0,0,0,148
05/31/2010,BET,AK,AAL,WE,Federal Contract Tower,6,1,3,0,10,0,154,32,0,186,6,155,35,0,196,2,0,2,198
06/01/2010,BET,AK,AAL,WE,Federal Contract Tower,16,10,0,3,29,0,270,13,5,288,16,280,13,8,317,4,0,4,321
06/02/2010,BET,AK,AAL,WE,Federal Contract Tower,10,5,3,0,18,0,364,20,1,385,10,369,23,1,403,6,0,6,409
06/03/2010,BET,AK,AAL,WE,Federal Contract Tower,8,17,0,0,25,0,254,34,1,289,8,271,34,1,314,8,0,8,322
06/04/2010,BET,AK,AAL,WE,Federal Contract Tower,8,8,0,0,16,0,309,49,1,359,8,317,49,1,375,31,0,31,406
06/05/2010,BET,AK,AAL,WE,Federal Contract Tower,9,8,0,0,17,0,264,29,0,293,9,272,29,0,310,8,0,8,318
06/06/2010,BET,AK,AAL,WE,Federal Contract Tower,4,7,0,0,11,0,195,14,0,209,4,202,14,0,220,10,0,10,230
06/07/2010,BET,AK,AAL,WE,Federal Contract Tower,12,3,3,0,18,0,259,19,8,286,12,262,22,8,304,4,4,8,312
06/08/2010,BET,AK,AAL,WE,Federal Contract Tower,7,9,0,2,18,0,295,42,3,340,7,304,42,5,358,4,0,4,362
06/09/2010,BET,AK,AAL,WE,Federal Contract Tower,9,7,0,0,16,1,293,12,0,306,10,300,12,0,322,15,0,15,337
06/10/2010,BET,AK,AAL,WE,Federal Contract Tower,9,90,6,4,109,0,224,11,0,235,9,314,17,4,344,6,0,6,350
06/11/2010,BET,AK,AAL,WE,Federal Contract Tower,8,43,4,0,55,0,208,48,7,263,8,251,52,7,318,0,0,0,318
06/12/2010,BET,AK,AAL,WE,Federal Contract Tower,7,8,9,0,24,0,230,34,0,264,7,238,43,0,288,9,0,9,297
06/13/2010,BET,AK,AAL,WE,Federal Contract Tower,4,6,5,0,15,0,119,25,2,146,4,125,30,2,161,6,0,6,167
06/14/2010,BET,AK,AAL,WE,Federal Contract Tower,10,11,1,1,23,0,246,15,7,268,10,257,16,8,291,2,0,2,293
06/15/2010,BET,AK,AAL,WE,Federal Contract Tower,7,12,0,0,19,0,273,60,0,333,7,285,60,0,352,12,0,12,364
06/16/2010,BET,AK,AAL,WE,Federal Contract Tower,8,10,9,3,30,0,203,63,4,270,8,213,72,7,300,0,0,0,300
06/17/2010,BET,AK,AAL,WE,Federal Contract Tower,9,14,2,0,25,0,225,27,3,255,9,239,29,3,280,0,0,0,280
06/18/2010,BET,AK,AAL,WE,Federal Contract Tower,8,8,6,2,24,0,193,146,8,347,8,201,152,10,371,12,0,12,383
06/19/2010,BET,AK,AAL,WE,Federal Contract Tower,10,10,0,0,20,0,207,33,0,240,10,217,33,0,260,18,0,18,278
06/20/2010,BET,AK,AAL,WE,Federal Contract Tower,4,10,0,0,14,1,88,26,2,117,5,98,26,2,131,2,0,2,133
06/21/2010,BET,AK,AAL,WE,Federal Contract Tower,11,4,2,2,19,0,231,106,4,341,11,235,108,6,360,27,0,27,387
06/22/2010,BET,AK,AAL,WE,Federal Contract Tower,7,6,3,3,19,0,263,74,0,337,7,269,77,3,356,6,0,6,362
06/23/2010,BET,AK,AAL,WE,Federal Contract Tower,7,6,10,2,25,0,236,65,6,307,7,242,75,8,332,10,0,10,342
06/24/2010,BET,AK,AAL,WE,Federal Contract Tower,11,19,8,0,38,0,212,74,2,288,11,231,82,2,326,16,0,16,342
06/25/2010,BET,AK,AAL,WE,Federal Contract Tower,12,8,1,0,21,0,269,54,0,323,12,277,55,0,344,10,0,10,354
06/26/2010,BET,AK,AAL,WE,Federal Contract Tower,13,4,2,0,19,0,213,54,0,267,13,217,56,0,286,2,0,2,288
06/27/2010,BET,AK,AAL,WE,Federal Contract Tower,6,67,7,0,80,0,75,7,0,82,6,142,14,0,162,0,0,0,162
06/28/2010,BET,AK,AAL,WE,Federal Contract Tower,9,40,1,0,50,0,205,39,1,245,9,245,40,1,295,12,0,12,307
06/29/2010,BET,AK,AAL,WE,Federal Contract Tower,11,13,0,0,24,0,235,48,0,283,11,248,48,0,307,24,0,24,331
06/30/2010,BET,AK,AAL,WE,Federal Contract Tower,10,40,0,3,53,0,245,41,3,289,10,285,41,6,342,18,0,18,360
07/01/2010,BET,AK,AAL,WE,Federal Contract Tower,7,3,2,0,12,0,268,32,0,300,7,271,34,0,312,10,0,10,322
07/02/2010,BET,AK,AAL,WE,Federal Contract Tower,10,39,3,0,52,0,288,23,0,311,10,327,26,0,363,12,0,12,375
07/03/2010,BET,AK,AAL,WE,Federal Contract Tower,12,7,0,0,19,0,205,23,0,228,12,212,23,0,247,2,0,2,249
07/04/2010,BET,AK,AAL,WE,Federal Contract Tower,1,0,0,0,1,1,10,23,0,34,2,10,23,0,35,0,0,0,35
07/05/2010,BET,AK,AAL,WE,Federal Contract Tower,5,56,3,0,64,0,83,9,0,92,5,139,12,0,156,4,0,4,160
07/06/2010,BET,AK,AAL,WE,Federal Contract Tower,9,8,3,0,20,0,220,20,0,240,9,228,23,0,260,57,0,57,317
07/07/2010,BET,AK,AAL,WE,Federal Contract Tower,10,6,4,0,20,1,283,28,7,319,11,289,32,7,339,5,0,5,344
07/08/2010,BET,AK,AAL,WE,Federal Contract Tower,10,11,1,0,22,0,287,48,6,341,10,298,49,6,363,14,6,20,383
07/09/2010,BET,AK,AAL,WE,Federal Contract Tower,7,9,0,4,20,0,277,45,15,337,7,286,45,19,357,14,0,14,371
07/10/2010,BET,AK,AAL,WE,Federal Contract Tower,11,7,0,0,18,0,242,23,0,265,11,249,23,0,283,8,0,8,291
07/11/2010,BET,AK,AAL,WE,Federal Contract Tower,6,47,0,0,53,0,101,11,0,112,6,148,11,0,165,2,0,2,167
07/12/2010,BET,AK,AAL,WE,Federal Contract Tower,10,68,0,0,78,0,144,9,0,153,10,212,9,0,231,0,0,0,231
07/13/2010,BET,AK,AAL,WE,Federal Contract Tower,12,16,0,0,28,0,265,22,2,289,12,281,22,2,317,0,0,0,317
07/14/2010,BET,AK,AAL,WE,Federal Contract Tower,6,4,2,0,12,1,236,36,2,275,7,240,38,2,287,0,0,0,287
07/15/2010,BET,AK,AAL,WE,Federal Contract Tower,14,5,4,2,25,0,240,45,0,285,14,245,49,2,310,21,0,21,331
07/16/2010,BET,AK,AAL,WE,Federal Contract Tower,13,109,9,0,131,2,163,15,1,181,15,272,24,1,312,4,0,4,316
07/17/2010,BET,AK,AAL,WE,Federal Contract Tower,13,30,0,0,43,0,182,29,0,211,13,212,29,0,254,0,0,0,254
07/18/2010,BET,AK,AAL,WE,Federal Contract Tower,4,58,2,2,66,0,60,12,0,72,4,118,14,2,138,4,0,4,142
07/19/2010,BET,AK,AAL,WE,Federal Contract Tower,9,136,0,0,145,0,125,3,0,128,9,261,3,0,273,0,0,0,273
07/20/2010,BET,AK,AAL,WE,Federal Contract Tower,11,95,2,0,108,0,173,25,0,198,11,268,27,0,306,6,0,6,312
07/21/2010,BET,AK,AAL,WE,Federal Contract Tower,10,80,5,4,99,0,194,27,3,224,10,274,32,7,323,4,0,4,327
07/22/2010,BET,AK,AAL,WE,Federal Contract Tower,11,75,11,0,97,1,179,28,0,208,12,254,39,0,305,12,0,12,317
07/23/2010,BET,AK,AAL,WE,Federal Contract Tower,8,67,2,4,81,0,184,11,0,195,8,251,13,4,276,2,0,2,278
07/24/2010,BET,AK,AAL,WE,Federal Contract Tower,8,12,2,0,22,1,273,27,0,301,9,285,29,0,323,0,0,0,323
07/25/2010,BET,AK,AAL,WE,Federal Contract Tower,3,12,4,0,19,0,119,18,0,137,3,131,22,0,156,2,0,2,158
07/26/2010,BET,AK,AAL,WE,Federal Contract Tower,14,14,2,2,32,0,246,13,1,260,14,260,15,3,292,51,5,56,348
07/27/2010,BET,AK,AAL,WE,Federal Contract Tower,10,46,2,0,58,0,233,7,5,245,10,279,9,5,303,2,0,2,305
07/28/2010,BET,AK,AAL,WE,Federal Contract Tower,12,131,9,4,156,0,80,1,0,81,12,211,10,4,237,0,0,0,237
07/29/2010,BET,AK,AAL,WE,Federal Contract Tower,11,74,0,0,85,0,200,10,0,210,11,274,10,0,295,4,0,4,299
07/30/2010,BET,AK,AAL,WE,Federal Contract Tower,8,8,1,0,17,0,306,31,0,337,8,314,32,0,354,24,0,24,378
07/31/2010,BET,AK,AAL,WE,Federal Contract Tower,12,8,4,0,24,0,281,35,0,316,12,289,39,0,340,4,0,4,344
08/01/2010,BET,AK,AAL,WE,Federal Contract Tower,3,8,4,0,15,1,155,23,2,181,4,163,27,2,196,29,0,29,225
08/02/2010,BET,AK,AAL,WE,Federal Contract Tower,13,6,1,0,20,0,264,50,2,316,13,270,51,2,336,13,0,13,349
08/03/2010,BET,AK,AAL,WE,Federal Contract Tower,6,5,7,2,20,0,310,33,3,346,6,315,40,5,366,10,0,10,376
08/04/2010,BET,AK,AAL,WE,Federal Contract Tower,9,14,2,0,25,0,253,39,7,299,9,267,41,7,324,8,0,8,332
08/05/2010,BET,AK,AAL,WE,Federal Contract Tower,9,91,2,2,104,0,235,10,2,247,9,326,12,4,351,2,0,2,353
08/06/2010,BET,AK,AAL,WE,Federal Contract Tower,8,187,5,2,202,0,78,7,0,85,8,265,12,2,287,0,0,0,287
08/07/2010,BET,AK,AAL,WE,Federal Contract Tower,9,131,2,0,142,0,203,23,0,226,9,334,25,0,368,4,0,4,372
08/08/2010,BET,AK,AAL,WE,Federal Contract Tower,4,105,6,0,115,0,35,4,0,39,4,140,10,0,154,0,0,0,154
08/09/2010,BET,AK,AAL,WE,Federal Contract Tower,8,89,0,0,97,0,207,8,0,215,8,296,8,0,312,2,0,2,314
08/10/2010,BET,AK,AAL,WE,Federal Contract Tower,11,227,2,4,244,0,0,0,0,0,11,227,2,4,244,0,0,0,244
08/11/2010,BET,AK,AAL,WE,Federal Contract Tower,11,120,4,0,135,0,229,14,0,243,11,349,18,0,378,6,0,6,384
08/12/2010,BET,AK,AAL,WE,Federal Contract Tower,8,16,0,0,24,0,282,24,2,308,8,298,24,2,332,12,0,12,344
08/13/2010,BET,AK,AAL,WE,Federal Contract Tower,10,11,0,0,21,0,305,19,0,324,10,316,19,0,345,12,0,12,357
08/14/2010,BET,AK,AAL,WE,Federal Contract Tower,10,4,0,0,14,0,173,17,0,190,10,177,17,0,204,15,0,15,219
08/15/2010,BET,AK,AAL,WE,Federal Contract Tower,4,6,2,0,12,0,153,19,0,172,4,159,21,0,184,11,0,11,195
08/16/2010,BET,AK,AAL,WE,Federal Contract Tower,8,35,3,0,46,0,217,14,0,231,8,252,17,0,277,8,0,8,285
08/17/2010,BET,AK,AAL,WE,Federal Contract Tower,11,30,0,0,41,0,276,16,0,292,11,306,16,0,333,6,0,6,339
08/18/2010,BET,AK,AAL,WE,Federal Contract Tower,8,14,0,2,24,299,41,0,0,340,307,55,0,2,364,16,0,16,380
08/19/2010,BET,AK,AAL,WE,Federal Contract Tower,10,53,1,0,64,0,230,16,0,246,10,283,17,0,310,2,0,2,312
08/20/2010,BET,AK,AAL,WE,Federal Contract Tower,8,9,3,0,20,2,297,32,1,332,10,306,35,1,352,27,0,27,379
08/21/2010,BET,AK,AAL,WE,Federal Contract Tower,8,11,0,0,19,0,177,47,0,224,8,188,47,0,243,2,0,2,245
08/22/2010,BET,AK,AAL,WE,Federal Contract Tower,4,7,0,0,11,0,136,23,0,159,4,143,23,0,170,6,0,6,176
08/23/2010,BET,AK,AAL,WE,Federal Contract Tower,14,52,3,0,69,0,202,35,0,237,14,254,38,0,306,4,0,4,310
08/24/2010,BET,AK,AAL,WE,Federal Contract Tower,11,10,1,0,22,0,234,35,0,269,11,244,36,0,291,22,0,22,313
08/25/2010,BET,AK,AAL,WE,Federal Contract Tower,8,13,0,0,21,1,265,24,0,290,9,278,24,0,311,4,0,4,315
08/26/2010,BET,AK,AAL,WE,Federal Contract Tower,13,170,2,0,185,0,96,16,0,112,13,266,18,0,297,4,0,4,301
08/27/2010,BET,AK,AAL,WE,Federal Contract Tower,10,78,1,0,89,0,203,13,0,216,10,281,14,0,305,8,0,8,313
08/28/2010,BET,AK,AAL,WE,Federal Contract Tower,8,11,3,0,22,0,246,16,0,262,8,257,19,0,284,18,0,18,302
08/29/2010,BET,AK,AAL,WE,Federal Contract Tower,4,34,1,2,41,0,113,19,2,134,4,147,20,4,175,6,0,6,181
08/30/2010,BET,AK,AAL,WE,Federal Contract Tower,9,46,1,2,58,0,226,16,0,242,9,272,17,2,300,2,0,2,302
08/31/2010,BET,AK,AAL,WE,Federal Contract Tower,7,58,4,1,70,0,230,17,0,247,7,288,21,1,317,0,0,0,317
09/01/2010,BET,AK,AAL,WE,Federal Contract Tower,8,12,4,1,25,0,327,26,0,353,8,339,30,1,378,14,0,14,392
09/02/2010,BET,AK,AAL,WE,Federal Contract Tower,9,28,2,0,39,0,235,24,2,261,9,263,26,2,300,12,0,12,312
09/03/2010,BET,AK,AAL,WE,Federal Contract Tower,9,6,0,0,15,0,358,33,0,391,9,364,33,0,406,0,0,0,406
09/04/2010,BET,AK,AAL,WE,Federal Contract Tower,15,75,0,0,90,0,175,4,0,179,15,250,4,0,269,2,0,2,271
09/05/2010,BET,AK,AAL,WE,Federal Contract Tower,2,16,0,0,18,0,111,18,0,129,2,127,18,0,147,10,0,10,157
09/06/2010,BET,AK,AAL,WE,Federal Contract Tower,7,28,3,0,38,0,131,17,0,148,7,159,20,0,186,4,0,4,190
09/07/2010,BET,AK,AAL,WE,Federal Contract Tower,9,68,7,3,87,0,53,2,1,56,9,121,9,4,143,0,0,0,143
09/08/2010,BET,AK,AAL,WE,Federal Contract Tower,8,144,5,0,157,0,151,7,0,158,8,295,12,0,315,0,0,0,315
09/09/2010,BET,AK,AAL,WE,Federal Contract Tower,9,33,0,2,44,0,247,22,0,269,9,280,22,2,313,5,0,5,318
09/10/2010,BET,AK,AAL,WE,Federal Contract Tower,8,6,1,0,15,5,335,41,0,381,13,341,42,0,396,24,0,24,420
09/11/2010,BET,AK,AAL,WE,Federal Contract Tower,6,9,0,0,15,1,239,12,0,252,7,248,12,0,267,4,0,4,271
09/12/2010,BET,AK,AAL,WE,Federal Contract Tower,5,4,0,2,11,0,150,20,0,170,5,154,20,2,181,3,0,3,184
09/13/2010,BET,AK,AAL,WE,Federal Contract Tower,4,21,0,0,25,0,168,15,2,185,4,189,15,2,210,0,0,0,210
09/14/2010,BET,AK,AAL,WE,Federal Contract Tower,9,8,2,7,26,2,305,32,2,341,11,313,34,9,367,16,0,16,383
09/15/2010,BET,AK,AAL,WE,Federal Contract Tower,8,4,0,0,12,1,300,18,0,319,9,304,18,0,331,2,0,2,333
09/16/2010,BET,AK,AAL,WE,Federal Contract Tower,6,27,0,0,33,0,147,3,0,150,6,174,3,0,183,0,0,0,183
09/17/2010,BET,AK,AAL,WE,Federal Contract Tower,9,9,0,0,18,0,335,17,0,352,9,344,17,0,370,0,0,0,370
09/18/2010,BET,AK,AAL,WE,Federal Contract Tower,14,18,0,0,32,0,221,18,0,239,14,239,18,0,271,2,0,2,273
09/19/2010,BET,AK,AAL,WE,Federal Contract Tower,11,2,0,0,13,0,179,23,0,202,11,181,23,0,215,0,0,0,215
09/20/2010,BET,AK,AAL,WE,Federal Contract Tower,15,9,1,0,25,0,283,4,0,287,15,292,5,0,312,0,0,0,312
09/21/2010,BET,AK,AAL,WE,Federal Contract Tower,7,8,0,0,15,0,339,15,0,354,7,347,15,0,369,8,0,8,377
09/22/2010,BET,AK,AAL,WE,Federal Contract Tower,7,4,2,0,13,0,303,12,0,315,7,307,14,0,328,0,0,0,328
09/23/2010,BET,AK,AAL,WE,Federal Contract Tower,11,9,1,2,23,0,0,287,26,313,11,9,288,28,336,7,0,7,343
09/24/2010,BET,AK,AAL,WE,Federal Contract Tower,8,8,0,0,16,0,269,8,0,277,8,277,8,0,293,0,0,0,293
09/25/2010,BET,AK,AAL,WE,Federal Contract Tower,8,11,0,0,19,0,249,11,0,260,8,260,11,0,279,0,0,0,279
09/26/2010,BET,AK,AAL,WE,Federal Contract Tower,4,8,0,0,12,0,153,20,0,173,4,161,20,0,185,2,0,2,187
09/27/2010,BET,AK,AAL,WE,Federal Contract Tower,9,4,0,2,15,0,263,16,0,279,9,267,16,2,294,8,0,8,302
09/28/2010,BET,AK,AAL,WE,Federal Contract Tower,7,7,2,0,16,0,246,4,0,250,7,253,6,0,266,8,0,8,274
09/29/2010,BET,AK,AAL,WE,Federal Contract Tower,9,8,0,0,17,0,270,3,0,273,9,278,3,0,290,0,0,0,290
09/30/2010,BET,AK,AAL,WE,Federal Contract Tower,10,139,1,2,152,0,32,0,0,32,10,171,1,2,184,0,0,0,184
10/01/2010,BET,AK,AAL,WE,Federal Contract Tower,10,186,3,0,199,0,63,0,0,63,10,249,3,0,262,0,0,0,262
10/02/2010,BET,AK,AAL,WE,Federal Contract Tower,1,630,0,0,631,0,170,5,0,175,1,800,5,0,806,0,0,0,806
10/03/2010,BET,AK,AAL,WE,Federal Contract Tower,6,3,0,0,9,0,163,10,0,173,6,166,10,0,182,4,0,4,186
10/04/2010,BET,AK,AAL,WE,Federal Contract Tower,10,4,0,0,14,0,361,11,0,372,10,365,11,0,386,78,0,78,464
10/05/2010,BET,AK,AAL,WE,Federal Contract Tower,11,9,0,0,20,0,323,5,0,328,11,332,5,0,348,20,0,20,368
10/06/2010,BET,AK,AAL,WE,Federal Contract Tower,10,35,0,0,45,0,257,10,0,267,10,292,10,0,312,0,0,0,312
10/07/2010,BET,AK,AAL,WE,Federal Contract Tower,11,4,0,0,15,0,372,17,0,389,11,376,17,0,404,31,0,31,435
10/08/2010,BET,AK,AAL,WE,Federal Contract Tower,0,5,0,0,5,0,395,0,0,395,0,400,0,0,400,55,0,55,455
10/09/2010,BET,AK,AAL,WE,Federal Contract Tower,11,84,0,0,95,0,61,0,0,61,11,145,0,0,156,1,0,1,157
10/10/2010,BET,AK,AAL,WE,Federal Contract Tower,3,6,0,0,9,0,211,9,0,220,3,217,9,0,229,0,0,0,229
10/11/2010,BET,AK,AAL,WE,Federal Contract Tower,12,2,0,0,14,0,349,5,0,354,12,351,5,0,368,40,0,40,408
10/12/2010,BET,AK,AAL,WE,Federal Contract Tower,8,6,2,0,16,0,353,7,0,360,8,359,9,0,376,8,0,8,384
10/13/2010,BET,AK,AAL,WE,Federal Contract Tower,11,156,3,0,170,0,102,4,0,106,11,258,7,0,276,0,0,0,276
10/14/2010,BET,AK,AAL,WE,Federal Contract Tower,14,115,0,0,129,0,0,0,0,0,14,115,0,0,129,0,0,0,129
10/15/2010,BET,AK,AAL,WE,Federal Contract Tower,8,20,0,0,28,0,235,1,0,236,8,255,1,0,264,20,0,20,284
10/16/2010,BET,AK,AAL,WE,Federal Contract Tower,12,7,0,0,19,0,267,0,0,267,12,274,0,0,286,31,0,31,317
10/17/2010,BET,AK,AAL,WE,Federal Contract Tower,4,2,1,0,7,0,234,15,0,249,4,236,16,0,256,24,0,24,280
10/18/2010,BET,AK,AAL,WE,Federal Contract Tower,10,3,0,0,13,0,376,5,0,381,10,379,5,0,394,30,0,30,424
10/19/2010,BET,AK,AAL,WE,Federal Contract Tower,9,6,0,0,15,0,408,10,0,418,9,414,10,0,433,8,0,8,441
10/20/2010,BET,AK,AAL,WE,Federal Contract Tower,10,7,0,1,18,0,368,10,1,379,10,375,10,2,397,10,0,10,407
10/21/2010,BET,AK,AAL,WE,Federal Contract Tower,11,12,1,0,24,0,389,2,0,391,11,401,3,0,415,0,0,0,415
10/22/2010,BET,AK,AAL,WE,Federal Contract Tower,8,7,1,0,16,0,383,18,0,401,8,390,19,0,417,6,0,6,423
10/23/2010,BET,AK,AAL,WE,Federal Contract Tower,7,1,1,0,9,0,332,4,0,336,7,333,5,0,345,0,0,0,345
10/24/2010,BET,AK,AAL,WE,Federal Contract Tower,2,10,1,0,13,2,223,3,0,228,4,233,4,0,241,2,0,2,243
10/25/2010,BET,AK,AAL,WE,Federal Contract Tower,8,52,0,0,60,0,285,6,0,291,8,337,6,0,351,8,0,8,359
10/26/2010,BET,AK,AAL,WE,Federal Contract Tower,5,109,2,0,116,0,240,1,0,241,5,349,3,0,357,6,0,6,363
10/27/2010,BET,AK,AAL,WE,Federal Contract Tower,15,25,0,0,40,0,26,0,0,26,15,51,0,0,66,0,0,0,66
10/28/2010,BET,AK,AAL,WE,Federal Contract Tower,4,59,3,0,66,0,274,6,0,280,4,333,9,0,346,0,0,0,346
10/29/2010,BET,AK,AAL,WE,Federal Contract Tower,11,45,0,0,56,0,163,4,0,167,11,208,4,0,223,0,0,0,223
10/30/2010,BET,AK,AAL,WE,Federal Contract Tower,12,34,0,0,46,0,197,1,0,198,12,231,1,0,244,16,0,16,260
10/31/2010,BET,AK,AAL,WE,Federal Contract Tower,4,39,0,2,45,0,73,1,0,74,4,112,1,2,119,0,0,0,119
11/01/2010,BET,AK,AAL,WE,Federal Contract Tower,12,36,0,0,48,0,383,0,0,383,12,419,0,0,431,0,0,0,431
11/02/2010,BET,AK,AAL,WE,Federal Contract Tower,8,137,0,0,145,0,221,0,0,221,8,358,0,0,366,6,0,6,372
11/03/2010,BET,AK,AAL,WE,Federal Contract Tower,6,19,0,2,27,0,341,10,2,353,6,360,10,4,380,6,0,6,386
11/04/2010,BET,AK,AAL,WE,Federal Contract Tower,11,10,0,0,21,0,349,10,14,373,11,359,10,14,394,10,0,10,404
11/05/2010,BET,AK,AAL,WE,Federal Contract Tower,8,35,0,0,43,0,293,6,0,299,8,328,6,0,342,6,0,6,348
11/06/2010,BET,AK,AAL,WE,Federal Contract Tower,12,71,0,0,83,0,180,5,0,185,12,251,5,0,268,0,0,0,268
11/07/2010,BET,AK,AAL,WE,Federal Contract Tower,4,41,0,0,45,0,140,2,0,142,4,181,2,0,187,0,0,0,187
11/08/2010,BET,AK,AAL,WE,Federal Contract Tower,6,8,0,2,16,0,327,0,0,327,6,335,0,2,343,1,0,1,344
11/09/2010,BET,AK,AAL,WE,Federal Contract Tower,10,7,0,0,17,0,289,12,0,301,10,296,12,0,318,0,0,0,318
11/10/2010,BET,AK,AAL,WE,Federal Contract Tower,6,11,0,2,19,0,347,12,2,361,6,358,12,4,380,3,0,3,383
11/11/2010,BET,AK,AAL,WE,Federal Contract Tower,9,5,2,0,16,0,310,19,0,329,9,315,21,0,345,0,0,0,345
11/12/2010,BET,AK,AAL,WE,Federal Contract Tower,10,12,2,0,24,0,423,11,0,434,10,435,13,0,458,0,0,0,458
11/13/2010,BET,AK,AAL,WE,Federal Contract Tower,3,64,0,0,67,0,0,0,0,0,3,64,0,0,67,0,0,0,67
11/14/2010,BET,AK,AAL,WE,Federal Contract Tower,3,9,0,0,12,0,193,2,0,195,3,202,2,0,207,0,0,0,207
11/15/2010,BET,AK,AAL,WE,Federal Contract Tower,9,9,0,0,18,1,337,3,0,341,10,346,3,0,359,0,0,0,359
11/16/2010,BET,AK,AAL,WE,Federal Contract Tower,6,10,0,0,16,0,329,11,1,341,6,339,11,1,357,24,0,24,381
11/17/2010,BET,AK,AAL,WE,Federal Contract Tower,15,5,0,1,21,0,328,9,2,339,15,333,9,3,360,9,0,9,369
11/18/2010,BET,AK,AAL,WE,Federal Contract Tower,8,7,0,2,17,0,320,7,0,327,8,327,7,2,344,1,0,1,345
11/19/2010,BET,AK,AAL,WE,Federal Contract Tower,8,11,0,0,19,0,352,18,0,370,8,363,18,0,389,0,0,0,389
11/20/2010,BET,AK,AAL,WE,Federal Contract Tower,10,38,0,0,48,0,41,0,0,41,10,79,0,0,89,0,0,0,89
11/21/2010,BET,AK,AAL,WE,Federal Contract Tower,3,21,0,0,24,0,213,1,0,214,3,234,1,0,238,0,0,0,238
11/22/2010,BET,AK,AAL,WE,Federal Contract Tower,16,93,0,0,109,0,32,0,0,32,16,125,0,0,141,0,0,0,141
11/23/2010,BET,AK,AAL,WE,Federal Contract Tower,11,109,0,0,120,0,125,8,0,133,11,234,8,0,253,4,0,4,257
11/24/2010,BET,AK,AAL,WE,Federal Contract Tower,8,95,3,0,106,0,175,1,0,176,8,270,4,0,282,0,0,0,282
11/25/2010,BET,AK,AAL,WE,Federal Contract Tower,0,4,0,0,4,0,12,0,0,12,0,16,0,0,16,0,0,0,16
11/26/2010,BET,AK,AAL,WE,Federal Contract Tower,10,90,0,0,100,0,0,0,0,0,10,90,0,0,100,0,0,0,100
11/27/2010,BET,AK,AAL,WE,Federal Contract Tower,7,96,0,0,103,0,250,3,0,253,7,346,3,0,356,0,0,0,356
11/28/2010,BET,AK,AAL,WE,Federal Contract Tower,0,24,0,0,24,0,69,0,0,69,0,93,0,0,93,0,0,0,93
11/29/2010,BET,AK,AAL,WE,Federal Contract Tower,8,7,0,0,15,0,359,7,0,366,8,366,7,0,381,0,0,0,381
11/30/2010,BET,AK,AAL,WE,Federal Contract Tower,10,40,0,0,50,0,12,1,0,13,10,52,1,0,63,0,0,0,63
12/01/2010,BET,AK,AAL,WE,Federal Contract Tower,9,55,0,0,64,0,3,0,0,3,9,58,0,0,67,0,0,0,67
12/02/2010,BET,AK,AAL,WE,Federal Contract Tower,9,40,3,0,52,1,192,0,0,193,10,232,3,0,245,0,0,0,245
12/03/2010,BET,AK,AAL,WE,Federal Contract Tower,10,47,0,0,57,0,121,2,0,123,10,168,2,0,180,0,0,0,180
12/04/2010,BET,AK,AAL,WE,Federal Contract Tower,7,74,2,0,83,0,243,2,0,245,7,317,4,0,328,0,0,0,328
12/05/2010,BET,AK,AAL,WE,Federal Contract Tower,3,4,0,0,7,0,210,11,0,221,3,214,11,0,228,0,0,0,228
12/06/2010,BET,AK,AAL,WE,Federal Contract Tower,9,3,0,0,12,0,347,8,0,355,9,350,8,0,367,0,0,0,367
12/07/2010,BET,AK,AAL,WE,Federal Contract Tower,8,9,0,0,17,0,332,12,1,345,8,341,12,1,362,0,0,0,362
12/08/2010,BET,AK,AAL,WE,Federal Contract Tower,12,3,0,0,15,0,274,6,2,282,12,277,6,2,297,0,0,0,297
12/09/2010,BET,AK,AAL,WE,Federal Contract Tower,10,14,0,0,24,0,298,10,1,309,10,312,10,1,333,14,0,14,347
12/10/2010,BET,AK,AAL,WE,Federal Contract Tower,6,15,2,0,23,0,271,10,0,281,6,286,12,0,304,8,0,8,312
12/11/2010,BET,AK,AAL,WE,Federal Contract Tower,8,2,0,0,10,0,193,6,0,199,8,195,6,0,209,0,0,0,209
12/12/2010,BET,AK,AAL,WE,Federal Contract Tower,2,7,0,0,9,0,131,1,0,132,2,138,1,0,141,0,0,0,141
12/13/2010,BET,AK,AAL,WE,Federal Contract Tower,9,31,0,2,42,0,42,0,0,42,9,73,0,2,84,0,0,0,84
12/14/2010,BET,AK,AAL,WE,Federal Contract Tower,8,5,0,0,13,0,341,5,0,346,8,346,5,0,359,0,0,0,359
12/15/2010,BET,AK,AAL,WE,Federal Contract Tower,8,6,0,0,14,0,298,2,0,300,8,304,2,0,314,27,0,27,341
12/16/2010,BET,AK,AAL,WE,Federal Contract Tower,9,4,1,0,14,0,281,16,0,297,9,285,17,0,311,8,0,8,319
12/17/2010,BET,AK,AAL,WE,Federal Contract Tower,11,21,2,0,34,0,269,3,0,272,11,290,5,0,306,7,0,7,313
12/18/2010,BET,AK,AAL,WE,Federal Contract Tower,5,23,0,0,28,0,0,0,0,0,5,23,0,0,28,0,0,0,28
12/19/2010,BET,AK,AAL,WE,Federal Contract Tower,3,12,0,0,15,0,113,0,0,113,3,125,0,0,128,0,0,0,128
12/20/2010,BET,AK,AAL,WE,Federal Contract Tower,7,6,1,0,14,0,334,5,0,339,7,340,6,0,353,0,0,0,353
12/21/2010,BET,AK,AAL,WE,Federal Contract Tower,9,8,0,0,17,0,303,2,0,305,9,311,2,0,322,0,0,0,322
12/22/2010,BET,AK,AAL,WE,Federal Contract Tower,9,4,2,0,15,0,273,1,0,274,9,277,3,0,289,2,0,2,291
12/23/2010,BET,AK,AAL,WE,Federal Contract Tower,9,75,0,0,84,0,60,0,0,60,9,135,0,0,144,0,0,0,144
12/24/2010,BET,AK,AAL,WE,Federal Contract Tower,6,5,0,0,11,180,5,0,0,185,186,10,0,0,196,0,0,0,196
12/25/2010,BET,AK,AAL,WE,Federal Contract Tower,0,2,0,0,2,0,0,0,0,0,0,2,0,0,2,0,0,0,2
12/26/2010,BET,AK,AAL,WE,Federal Contract Tower,3,4,0,0,7,0,90,2,0,92,3,94,2,0,99,11,0,11,110
12/27/2010,BET,AK,AAL,WE,Federal Contract Tower,7,7,0,0,14,0,215,0,0,215,7,222,0,0,229,0,0,0,229
12/28/2010,BET,AK,AAL,WE,Federal Contract Tower,8,4,0,0,12,0,199,3,0,202,8,203,3,0,214,0,0,0,214
12/29/2010,BET,AK,AAL,WE,Federal Contract Tower,4,6,0,0,10,1,179,0,0,180,5,185,0,0,190,6,0,6,196
12/30/2010,BET,AK,AAL,WE,Federal Contract Tower,6,6,0,0,12,1,240,1,0,242,7,246,1,0,254,0,0,0,254
12/31/2010,BET,AK,AAL,WE,Federal Contract Tower,6,11,0,0,17,0,197,0,0,197,6,208,0,0,214,0,0,0,214
01/01/2011,BET,AK,AAL,WE,Federal Contract Tower,2,1,0,0,3,0,5,0,0,5,2,6,0,0,8,0,0,0,8
01/02/2011,BET,AK,AAL,WE,Federal Contract Tower,2,2,0,0,4,0,93,1,0,94,2,95,1,0,98,0,0,0,98
01/03/2011,BET,AK,AAL,WE,Federal Contract Tower,7,10,0,0,17,0,185,2,0,187,7,195,2,0,204,0,0,0,204
01/04/2011,BET,AK,AAL,WE,Federal Contract Tower,7,11,0,0,18,0,142,3,0,145,7,153,3,0,163,8,0,8,171
01/05/2011,BET,AK,AAL,WE,Federal Contract Tower,5,52,0,0,57,0,91,1,0,92,5,143,1,0,149,0,0,0,149
01/06/2011,BET,AK,AAL,WE,Federal Contract Tower,7,11,2,3,23,0,291,4,2,297,7,302,6,5,320,0,0,0,320
01/07/2011,BET,AK,AAL,WE,Federal Contract Tower,8,15,0,0,23,0,188,5,0,193,8,203,5,0,216,0,0,0,216
01/08/2011,BET,AK,AAL,WE,Federal Contract Tower,15,6,0,0,21,0,155,8,0,163,15,161,8,0,184,0,0,0,184
01/09/2011,BET,AK,AAL,WE,Federal Contract Tower,3,5,0,0,8,0,128,10,0,138,3,133,10,0,146,0,0,0,146
01/10/2011,BET,AK,AAL,WE,Federal Contract Tower,12,2,0,0,14,0,242,0,0,242,12,244,0,0,256,0,0,0,256
01/11/2011,BET,AK,AAL,WE,Federal Contract Tower,9,6,0,0,15,0,216,1,0,217,9,222,1,0,232,0,0,0,232
01/12/2011,BET,AK,AAL,WE,Federal Contract Tower,9,3,0,2,14,0,184,0,0,184,9,187,0,2,198,0,0,0,198
01/13/2011,BET,AK,AAL,WE,Federal Contract Tower,10,7,0,0,17,0,248,4,0,252,10,255,4,0,269,2,0,2,271
01/14/2011,BET,AK,AAL,WE,Federal Contract Tower,9,2,2,0,13,0,232,4,0,236,9,234,6,0,249,0,0,0,249
01/15/2011,BET,AK,AAL,WE,Federal Contract Tower,9,4,0,0,13,0,182,5,0,187,9,186,5,0,200,2,0,2,202
01/16/2011,BET,AK,AAL,WE,Federal Contract Tower,3,3,0,0,6,0,131,1,0,132,3,134,1,0,138,3,0,3,141
01/17/2011,BET,AK,AAL,WE,Federal Contract Tower,9,8,0,0,17,0,160,2,0,162,9,168,2,0,179,0,0,0,179
01/18/2011,BET,AK,AAL,WE,Federal Contract Tower,9,7,0,2,18,0,232,9,4,245,9,239,9,6,263,0,0,0,263
01/19/2011,BET,AK,AAL,WE,Federal Contract Tower,10,5,0,0,15,0,124,0,0,124,10,129,0,0,139,26,0,26,165
01/20/2011,BET,AK,AAL,WE,Federal Contract Tower,9,3,0,1,13,0,200,2,0,202,9,203,2,1,215,0,0,0,215
01/21/2011,BET,AK,AAL,WE,Federal Contract Tower,9,9,3,0,21,0,196,4,1,201,9,205,7,1,222,2,0,2,224
01/22/2011,BET,AK,AAL,WE,Federal Contract Tower,16,3,0,0,19,0,232,7,0,239,16,235,7,0,258,4,0,4,262
01/23/2011,BET,AK,AAL,WE,Federal Contract Tower,0,4,0,0,4,0,0,0,0,0,0,4,0,0,4,0,0,0,4
01/24/2011,BET,AK,AAL,WE,Federal Contract Tower,11,24,0,0,35,0,184,0,0,184,11,208,0,0,219,0,0,0,219
01/25/2011,BET,AK,AAL,WE,Federal Contract Tower,9,29,0,0,38,0,98,2,0,100,9,127,2,0,138,0,0,0,138
01/26/2011,BET,AK,AAL,WE,Federal Contract Tower,7,5,0,2,14,0,277,6,2,285,7,282,6,4,299,7,0,7,306
01/27/2011,BET,AK,AAL,WE,Federal Contract Tower,10,3,2,0,15,0,136,0,0,136,10,139,2,0,151,0,0,0,151
01/28/2011,BET,AK,AAL,WE,Federal Contract Tower,9,8,0,0,17,0,127,0,0,127,9,135,0,0,144,8,0,8,152
01/29/2011,BET,AK,AAL,WE,Federal Contract Tower,13,9,0,0,22,0,214,8,0,222,13,223,8,0,244,6,0,6,250
01/30/2011,BET,AK,AAL,WE,Federal Contract Tower,3,14,0,0,17,0,162,5,0,167,3,176,5,0,184,18,0,18,202
01/31/2011,BET,AK,AAL,WE,Federal Contract Tower,9,59,2,0,70,0,30,0,0,30,9,89,2,0,100,0,0,0,100
02/01/2011,BET,AK,AAL,WE,Federal Contract Tower,11,3,0,0,14,0,255,1,2,258,11,258,1,2,272,14,0,14,286
02/02/2011,BET,AK,AAL,WE,Federal Contract Tower,8,15,1,0,24,0,149,6,0,155,8,164,7,0,179,0,0,0,179
02/03/2011,BET,AK,AAL,WE,Federal Contract Tower,11,2,0,0,13,0,298,3,8,309,11,300,3,8,322,12,0,12,334
02/04/2011,BET,AK,AAL,WE,Federal Contract Tower,10,8,0,1,19,0,300,14,1,315,10,308,14,2,334,2,0,2,336
02/05/2011,BET,AK,AAL,WE,Federal Contract Tower,14,2,0,0,16,0,229,15,0,244,14,231,15,0,260,0,0,0,260
02/06/2011,BET,AK,AAL,WE,Federal Contract Tower,3,22,0,0,25,0,89,3,0,92,3,111,3,0,117,0,0,0,117
02/07/2011,BET,AK,AAL,WE,Federal Contract Tower,7,12,0,0,19,0,134,0,1,135,7,146,0,1,154,0,0,0,154
02/08/2011,BET,AK,AAL,WE,Federal Contract Tower,9,9,0,0,18,0,158,2,0,160,9,167,2,0,178,0,0,0,178
02/09/2011,BET,AK,AAL,WE,Federal Contract Tower,3,7,0,0,10,0,248,3,0,251,3,255,3,0,261,0,0,0,261
02/10/2011,BET,AK,AAL,WE,Federal Contract Tower,11,3,2,0,16,0,260,7,0,267,11,263,9,0,283,9,0,9,292
02/11/2011,BET,AK,AAL,WE,Federal Contract Tower,5,4,0,0,9,0,231,4,0,235,5,235,4,0,244,4,0,4,248
02/12/2011,BET,AK,AAL,WE,Federal Contract Tower,8,12,0,0,20,0,169,0,0,169,8,181,0,0,189,0,0,0,189
02/13/2011,BET,AK,AAL,WE,Federal Contract Tower,3,6,0,0,9,0,122,0,0,122,3,128,0,0,131,0,0,0,131
02/14/2011,BET,AK,AAL,WE,Federal Contract Tower,7,6,1,0,14,0,223,6,2,231,7,229,7,2,245,2,0,2,247
02/15/2011,BET,AK,AAL,WE,Federal Contract Tower,14,52,0,0,66,0,94,3,0,97,14,146,3,0,163,0,0,0,163
02/16/2011,BET,AK,AAL,WE,Federal Contract Tower,8,18,0,0,26,0,203,10,0,213,8,221,10,0,239,7,0,7,246
02/17/2011,BET,AK,AAL,WE,Federal Contract Tower,11,29,0,2,42,0,132,1,4,137,11,161,1,6,179,2,0,2,181
02/18/2011,BET,AK,AAL,WE,Federal Contract Tower,5,50,0,0,55,0,67,0,0,67,5,117,0,0,122,3,0,3,125
02/19/2011,BET,AK,AAL,WE,Federal Contract Tower,11,12,0,0,23,0,184,5,0,189,11,196,5,0,212,0,0,0,212
02/20/2011,BET,AK,AAL,WE,Federal Contract Tower,3,4,0,0,7,0,106,0,0,106,3,110,0,0,113,0,0,0,113
02/21/2011,BET,AK,AAL,WE,Federal Contract Tower,6,12,0,0,18,0,127,2,0,129,6,139,2,0,147,0,0,0,147
02/22/2011,BET,AK,AAL,WE,Federal Contract Tower,7,5,2,0,14,0,218,10,1,229,7,223,12,1,243,6,0,6,249
02/23/2011,BET,AK,AAL,WE,Federal Contract Tower,9,4,0,0,13,0,107,0,0,107,9,111,0,0,120,0,0,0,120
02/24/2011,BET,AK,AAL,WE,Federal Contract Tower,3,2,0,0,5,0,0,0,0,0,3,2,0,0,5,0,0,0,5
02/25/2011,BET,AK,AAL,WE,Federal Contract Tower,8,5,1,0,14,0,283,11,1,295,8,288,12,1,309,0,0,0,309
02/26/2011,BET,AK,AAL,WE,Federal Contract Tower,6,4,0,0,10,0,184,0,0,184,6,188,0,0,194,0,0,0,194
02/27/2011,BET,AK,AAL,WE,Federal Contract Tower,3,2,0,0,5,0,181,9,0,190,3,183,9,0,195,2,0,2,197
02/28/2011,BET,AK,AAL,WE,Federal Contract Tower,7,4,0,2,13,0,212,3,0,215,7,216,3,2,228,0,0,0,228
03/01/2011,BET,AK,AAL,WE,Federal Contract Tower,9,7,0,1,17,1,259,5,2,267,10,266,5,3,284,6,0,6,290
03/02/2011,BET,AK,AAL,WE,Federal Contract Tower,8,4,0,0,12,0,273,10,0,283,8,277,10,0,295,0,0,0,295
03/03/2011,BET,AK,AAL,WE,Federal Contract Tower,13,5,0,0,18,0,213,11,3,227,13,218,11,3,245,13,0,13,258
03/04/2011,BET,AK,AAL,WE,Federal Contract Tower,11,5,0,1,17,0,192,14,1,207,11,197,14,2,224,5,0,5,229
03/05/2011,BET,AK,AAL,WE,Federal Contract Tower,9,2,0,0,11,2,155,11,0,168,11,157,11,0,179,0,0,0,179
03/06/2011,BET,AK,AAL,WE,Federal Contract Tower,4,5,0,0,9,0,236,7,0,243,4,241,7,0,252,16,0,16,268
03/07/2011,BET,AK,AAL,WE,Federal Contract Tower,10,3,2,0,15,0,282,3,2,287,10,285,5,2,302,0,0,0,302
03/08/2011,BET,AK,AAL,WE,Federal Contract Tower,8,3,0,0,11,0,258,9,2,269,8,261,9,2,280,18,0,18,298
03/09/2011,BET,AK,AAL,WE,Federal Contract Tower,9,8,0,0,17,0,234,15,0,249,9,242,15,0,266,2,4,6,272
03/10/2011,BET,AK,AAL,WE,Federal Contract Tower,11,4,0,0,15,3,249,14,2,268,14,253,14,2,283,5,0,5,288
03/11/2011,BET,AK,AAL,WE,Federal Contract Tower,8,4,0,0,12,0,221,6,0,227,8,225,6,0,239,0,0,0,239
03/12/2011,BET,AK,AAL,WE,Federal Contract Tower,15,2,0,0,17,2,200,9,0,211,17,202,9,0,228,0,0,0,228
03/13/2011,BET,AK,AAL,WE,Federal Contract Tower,4,2,0,0,6,0,106,3,0,109,4,108,3,0,115,0,0,0,115
03/14/2011,BET,AK,AAL,WE,Federal Contract Tower,9,4,2,0,15,0,192,3,0,195,9,196,5,0,210,0,0,0,210
03/15/2011,BET,AK,AAL,WE,Federal Contract Tower,8,2,0,0,10,0,239,11,0,250,8,241,11,0,260,2,0,2,262
03/16/2011,BET,AK,AAL,WE,Federal Contract Tower,9,10,0,0,19,0,241,5,0,246,9,251,5,0,265,0,0,0,265
03/17/2011,BET,AK,AAL,WE,Federal Contract Tower,11,8,0,0,19,0,234,23,0,257,11,242,23,0,276,4,0,4,280
03/18/2011,BET,AK,AAL,WE,Federal Contract Tower,16,5,0,0,21,1,200,7,0,208,17,205,7,0,229,2,0,2,231
03/19/2011,BET,AK,AAL,WE,Federal Contract Tower,8,6,0,0,14,0,142,9,0,151,8,148,9,0,165,15,0,15,180
03/20/2011,BET,AK,AAL,WE,Federal Contract Tower,4,4,0,0,8,0,31,0,0,31,4,35,0,0,39,0,0,0,39
03/21/2011,BET,AK,AAL,WE,Federal Contract Tower,14,67,0,0,81,0,132,1,0,133,14,199,1,0,214,0,0,0,214
03/22/2011,BET,AK,AAL,WE,Federal Contract Tower,8,8,0,0,16,0,221,4,0,225,8,229,4,0,241,0,0,0,241
03/23/2011,BET,AK,AAL,WE,Federal Contract Tower,10,87,0,0,97,0,109,0,0,109,10,196,0,0,206,0,0,0,206
03/24/2011,BET,AK,AAL,WE,Federal Contract Tower,12,9,0,0,21,0,272,5,0,277,12,281,5,0,298,0,0,0,298
03/25/2011,BET,AK,AAL,WE,Federal Contract Tower,10,9,0,0,19,0,300,35,0,335,10,309,35,0,354,0,0,0,354
03/26/2011,BET,AK,AAL,WE,Federal Contract Tower,7,4,0,0,11,0,255,7,0,262,7,259,7,0,273,0,0,0,273
03/27/2011,BET,AK,AAL,WE,Federal Contract Tower,4,2,0,0,6,0,119,1,0,120,4,121,1,0,126,0,0,0,126
03/28/2011,BET,AK,AAL,WE,Federal Contract Tower,8,31,2,0,41,0,166,5,0,171,8,197,7,0,212,0,0,0,212
03/29/2011,BET,AK,AAL,WE,Federal Contract Tower,10,7,0,0,17,0,272,14,2,288,10,279,14,2,305,9,0,9,314
03/30/2011,BET,AK,AAL,WE,Federal Contract Tower,11,3,0,0,14,1,267,14,2,284,12,270,14,2,298,0,0,0,298
03/31/2011,BET,AK,AAL,WE,Federal Contract Tower,14,1,0,0,15,1,275,12,0,288,15,276,12,0,303,2,0,2,305
04/01/2011,BET,AK,AAL,WE,Federal Contract Tower,10,5,0,0,15,0,268,19,0,287,10,273,19,0,302,7,0,7,309
04/02/2011,BET,AK,AAL,WE,Federal Contract Tower,8,29,1,0,38,0,115,11,0,126,8,144,12,0,164,0,0,0,164
04/03/2011,BET,AK,AAL,WE,Federal Contract Tower,4,5,0,0,9,0,105,13,3,121,4,110,13,3,130,0,0,0,130
04/04/2011,BET,AK,AAL,WE,Federal Contract Tower,8,9,0,0,17,0,226,2,2,230,8,235,2,2,247,3,0,3,250
04/05/2011,BET,AK,AAL,WE,Federal Contract Tower,10,5,0,0,15,0,243,6,0,249,10,248,6,0,264,0,0,0,264
04/06/2011,BET,AK,AAL,WE,Federal Contract Tower,7,9,2,0,18,1,134,0,0,135,8,143,2,0,153,23,0,23,176
04/07/2011,BET,AK,AAL,WE,Federal Contract Tower,7,2,0,0,9,0,3,0,0,3,7,5,0,0,12,0,0,0,12
04/08/2011,BET,AK,AAL,WE,Federal Contract Tower,23,52,0,0,75,0,168,5,0,173,23,220,5,0,248,0,0,0,248
04/09/2011,BET,AK,AAL,WE,Federal Contract Tower,15,35,0,0,50,0,168,2,0,170,15,203,2,0,220,0,0,0,220
04/10/2011,BET,AK,AAL,WE,Federal Contract Tower,4,5,0,0,9,0,164,6,0,170,4,169,6,0,179,3,0,3,182
04/11/2011,BET,AK,AAL,WE,Federal Contract Tower,9,8,0,0,17,0,228,2,0,230,9,236,2,0,247,0,0,0,247
04/12/2011,BET,AK,AAL,WE,Federal Contract Tower,9,6,0,2,17,0,263,10,0,273,9,269,10,2,290,13,0,13,303
04/13/2011,BET,AK,AAL,WE,Federal Contract Tower,10,1,0,0,11,1,280,21,4,306,11,281,21,4,317,0,0,0,317
04/14/2011,BET,AK,AAL,WE,Federal Contract Tower,14,7,0,0,21,1,259,1,0,261,15,266,1,0,282,8,0,8,290
04/15/2011,BET,AK,AAL,WE,Federal Contract Tower,9,3,0,0,12,1,284,24,0,309,10,287,24,0,321,1,0,1,322
04/16/2011,BET,AK,AAL,WE,Federal Contract Tower,10,4,0,0,14,0,270,30,0,300,10,274,30,0,314,3,0,3,317
04/17/2011,BET,AK,AAL,WE,Federal Contract Tower,4,5,2,0,11,0,142,15,0,157,4,147,17,0,168,3,0,3,171
04/18/2011,BET,AK,AAL,WE,Federal Contract Tower,15,20,0,0,35,1,201,13,0,215,16,221,13,0,250,4,0,4,254
04/19/2011,BET,AK,AAL,WE,Federal Contract Tower,10,10,30,0,50,0,283,25,0,308,10,293,55,0,358,10,0,10,368
04/20/2011,BET,AK,AAL,WE,Federal Contract Tower,11,6,1,0,18,1,262,9,0,272,12,268,10,0,290,9,0,9,299
04/21/2011,BET,AK,AAL,WE,Federal Contract Tower,10,3,0,0,13,0,288,5,0,293,10,291,5,0,306,27,3,30,336
04/22/2011,BET,AK,AAL,WE,Federal Contract Tower,13,10,0,0,23,0,267,12,0,279,13,277,12,0,302,20,0,20,322
04/23/2011,BET,AK,AAL,WE,Federal Contract Tower,8,13,0,0,21,0,212,11,0,223,8,225,11,0,244,10,0,10,254
04/24/2011,BET,AK,AAL,WE,Federal Contract Tower,4,4,0,0,8,0,157,15,0,172,4,161,15,0,180,5,0,5,185
04/25/2011,BET,AK,AAL,WE,Federal Contract Tower,10,7,0,0,17,0,267,25,1,293,10,274,25,1,310,14,0,14,324
04/26/2011,BET,AK,AAL,WE,Federal Contract Tower,8,34,0,0,42,0,247,18,2,267,8,281,18,2,309,0,0,0,309
04/27/2011,BET,AK,AAL,WE,Federal Contract Tower,7,12,0,0,19,0,346,10,2,358,7,358,10,2,377,0,0,0,377
04/28/2011,BET,AK,AAL,WE,Federal Contract Tower,12,11,0,0,23,0,291,16,0,307,12,302,16,0,330,0,0,0,330
04/29/2011,BET,AK,AAL,WE,Federal Contract Tower,11,13,0,0,24,0,328,17,0,345,11,341,17,0,369,0,0,0,369
04/30/2011,BET,AK,AAL,WE,Federal Contract Tower,9,64,1,0,74,0,163,7,0,170,9,227,8,0,244,0,0,0,244
05/01/2011,BET,AK,AAL,WE,Federal Contract Tower,4,5,0,0,9,0,197,15,0,212,4,202,15,0,221,0,0,0,221
05/02/2011,BET,AK,AAL,WE,Federal Contract Tower,11,7,0,0,18,0,312,24,0,336,11,319,24,0,354,0,0,0,354
05/03/2011,BET,AK,AAL,WE,Federal Contract Tower,10,6,0,0,16,0,337,12,0,349,10,343,12,0,365,0,0,0,365
05/04/2011,BET,AK,AAL,WE,Federal Contract Tower,10,6,3,0,19,0,355,18,0,373,10,361,21,0,392,6,0,6,398
05/05/2011,BET,AK,AAL,WE,Federal Contract Tower,11,3,1,0,15,0,333,17,2,352,11,336,18,2,367,3,0,3,370
05/06/2011,BET,AK,AAL,WE,Federal Contract Tower,9,10,0,0,19,0,373,27,0,400,9,383,27,0,419,0,0,0,419
05/07/2011,BET,AK,AAL,WE,Federal Contract Tower,10,5,0,0,15,0,284,13,0,297,10,289,13,0,312,0,0,0,312
05/08/2011,BET,AK,AAL,WE,Federal Contract Tower,4,11,0,0,15,0,219,13,0,232,4,230,13,0,247,16,0,16,263
05/09/2011,BET,AK,AAL,WE,Federal Contract Tower,11,5,0,0,16,0,336,4,1,341,11,341,4,1,357,0,0,0,357
05/10/2011,BET,AK,AAL,WE,Federal Contract Tower,11,9,0,0,20,3,273,6,0,282,14,282,6,0,302,0,0,0,302
05/11/2011,BET,AK,AAL,WE,Federal Contract Tower,10,7,1,0,18,0,333,14,0,347,10,340,15,0,365,3,0,3,368
05/12/2011,BET,AK,AAL,WE,Federal Contract Tower,9,3,0,0,12,0,327,16,0,343,9,330,16,0,355,0,0,0,355
05/13/2011,BET,AK,AAL,WE,Federal Contract Tower,10,5,0,0,15,0,359,13,0,372,10,364,13,0,387,4,0,4,391
05/14/2011,BET,AK,AAL,WE,Federal Contract Tower,9,8,0,0,17,0,261,9,0,270,9,269,9,0,287,10,0,10,297
05/15/2011,BET,AK,AAL,WE,Federal Contract Tower,4,3,0,0,7,0,167,10,0,177,4,170,10,0,184,0,0,0,184
05/16/2011,BET,AK,AAL,WE,Federal Contract Tower,11,3,0,0,14,0,256,8,2,266,11,259,8,2,280,0,0,0,280
05/17/2011,BET,AK,AAL,WE,Federal Contract Tower,5,6,0,2,13,0,331,10,0,341,5,337,10,2,354,0,0,0,354
05/18/2011,BET,AK,AAL,WE,Federal Contract Tower,17,9,4,0,30,4,306,14,0,324,21,315,18,0,354,0,0,0,354
05/19/2011,BET,AK,AAL,WE,Federal Contract Tower,11,7,0,0,18,0,298,17,0,315,11,305,17,0,333,10,0,10,343
05/20/2011,BET,AK,AAL,WE,Federal Contract Tower,6,5,1,0,12,0,276,10,0,286,6,281,11,0,298,26,0,26,324
05/21/2011,BET,AK,AAL,WE,Federal Contract Tower,13,9,0,0,22,0,238,8,0,246,13,247,8,0,268,0,0,0,268
05/22/2011,BET,AK,AAL,WE,Federal Contract Tower,4,2,0,0,6,0,191,11,0,202,4,193,11,0,208,0,0,0,208
05/23/2011,BET,AK,AAL,WE,Federal Contract Tower,8,12,0,0,20,0,279,13,2,294,8,291,13,2,314,1,0,1,315
05/24/2011,BET,AK,AAL,WE,Federal Contract Tower,8,4,1,0,13,0,291,11,0,302,8,295,12,0,315,4,0,4,319
05/25/2011,BET,AK,AAL,WE,Federal Contract Tower,14,6,1,2,23,0,318,7,3,328,14,324,8,5,351,0,0,0,351
05/26/2011,BET,AK,AAL,WE,Federal Contract Tower,12,6,0,0,18,0,365,24,4,393,12,371,24,4,411,18,0,18,429
05/27/2011,BET,AK,AAL,WE,Federal Contract Tower,9,6,1,0,16,0,297,13,0,310,9,303,14,0,326,4,0,4,330
05/28/2011,BET,AK,AAL,WE,Federal Contract Tower,12,2,1,0,15,0,218,4,0,222,12,220,5,0,237,0,0,0,237
05/29/2011,BET,AK,AAL,WE,Federal Contract Tower,4,2,0,0,6,0,224,8,0,232,4,226,8,0,238,0,0,0,238
05/30/2011,BET,AK,AAL,WE,Federal Contract Tower,6,3,0,4,13,0,162,13,1,176,6,165,13,5,189,0,0,0,189
05/31/2011,BET,AK,AAL,WE,Federal Contract Tower,8,7,2,0,17,0,186,6,0,192,8,193,8,0,209,2,0,2,211
06/01/2011,BET,AK,AAL,WE,Federal Contract Tower,13,6,0,0,19,0,280,20,0,300,13,286,20,0,319,14,0,14,333
06/02/2011,BET,AK,AAL,WE,Federal Contract Tower,8,5,2,0,15,0,280,19,0,299,8,285,21,0,314,16,0,16,330
06/03/2011,BET,AK,AAL,WE,Federal Contract Tower,10,8,0,0,18,0,268,6,0,274,10,276,6,0,292,12,0,12,304
06/04/2011,BET,AK,AAL,WE,Federal Contract Tower,12,7,0,0,19,0,192,4,0,196,12,199,4,0,215,0,0,0,215
06/05/2011,BET,AK,AAL,WE,Federal Contract Tower,7,5,0,0,12,1,146,14,1,162,8,151,14,1,174,11,0,11,185
06/06/2011,BET,AK,AAL,WE,Federal Contract Tower,12,8,2,0,22,0,273,17,0,290,12,281,19,0,312,0,0,0,312
06/07/2011,BET,AK,AAL,WE,Federal Contract Tower,9,8,3,3,23,0,308,15,1,324,9,316,18,4,347,0,0,0,347
06/08/2011,BET,AK,AAL,WE,Federal Contract Tower,7,19,0,0,26,0,278,19,0,297,7,297,19,0,323,2,0,2,325
06/09/2011,BET,AK,AAL,WE,Federal Contract Tower,8,13,1,5,27,0,330,26,1,357,8,343,27,6,384,15,0,15,399
06/10/2011,BET,AK,AAL,WE,Federal Contract Tower,7,7,3,0,17,0,290,28,0,318,7,297,31,0,335,13,0,13,348
06/11/2011,BET,AK,AAL,WE,Federal Contract Tower,10,2,2,0,14,0,206,15,0,221,10,208,17,0,235,0,0,0,235
06/12/2011,BET,AK,AAL,WE,Federal Contract Tower,6,4,0,0,10,0,122,8,0,130,6,126,8,0,140,5,0,5,145
06/13/2011,BET,AK,AAL,WE,Federal Contract Tower,13,17,0,0,30,0,245,14,2,261,13,262,14,2,291,0,0,0,291
06/14/2011,BET,AK,AAL,WE,Federal Contract Tower,11,6,2,0,19,5,295,18,0,318,16,301,20,0,337,2,0,2,339
06/15/2011,BET,AK,AAL,WE,Federal Contract Tower,7,12,0,1,20,0,303,32,1,336,7,315,32,2,356,4,0,4,360
06/16/2011,BET,AK,AAL,WE,Federal Contract Tower,9,9,1,0,19,0,289,27,0,316,9,298,28,0,335,0,0,0,335
06/17/2011,BET,AK,AAL,WE,Federal Contract Tower,12,9,0,0,21,2,285,19,0,306,14,294,19,0,327,0,0,0,327
06/18/2011,BET,AK,AAL,WE,Federal Contract Tower,16,3,1,0,20,0,179,23,0,202,16,182,24,0,222,0,0,0,222
06/19/2011,BET,AK,AAL,WE,Federal Contract Tower,6,6,2,0,14,0,100,14,0,114,6,106,16,0,128,0,0,0,128
06/20/2011,BET,AK,AAL,WE,Federal Contract Tower,12,8,2,0,22,1,265,25,0,291,13,273,27,0,313,2,0,2,315
06/21/2011,BET,AK,AAL,WE,Federal Contract Tower,11,11,0,1,23,0,260,16,10,286,11,271,16,11,309,0,0,0,309
06/22/2011,BET,AK,AAL,WE,Federal Contract Tower,11,9,0,0,20,0,281,23,0,304,11,290,23,0,324,0,0,0,324
06/23/2011,BET,AK,AAL,WE,Federal Contract Tower,12,7,6,0,25,1,306,25,2,334,13,313,31,2,359,0,0,0,359
06/24/2011,BET,AK,AAL,WE,Federal Contract Tower,9,8,0,1,18,0,265,32,8,305,9,273,32,9,323,4,0,4,327
06/25/2011,BET,AK,AAL,WE,Federal Contract Tower,11,4,3,0,18,0,187,16,2,205,11,191,19,2,223,0,0,0,223
06/26/2011,BET,AK,AAL,WE,Federal Contract Tower,4,3,2,0,9,1,102,8,2,113,5,105,10,2,122,0,0,0,122
06/27/2011,BET,AK,AAL,WE,Federal Contract Tower,11,18,0,0,29,0,276,20,2,298,11,294,20,2,327,2,0,2,329
06/28/2011,BET,AK,AAL,WE,Federal Contract Tower,9,30,0,0,39,0,318,25,0,343,9,348,25,0,382,0,0,0,382
06/29/2011,BET,AK,AAL,WE,Federal Contract Tower,7,31,2,0,40,0,234,27,0,261,7,265,29,0,301,12,0,12,313
06/30/2011,BET,AK,AAL,WE,Federal Contract Tower,8,57,7,2,74,0,238,9,4,251,8,295,16,6,325,0,0,0,325
07/01/2011,BET,AK,AAL,WE,Federal Contract Tower,15,12,0,0,27,0,298,32,7,337,15,310,32,7,364,6,0,6,370
07/02/2011,BET,AK,AAL,WE,Federal Contract Tower,10,7,0,0,17,0,231,33,0,264,10,238,33,0,281,13,0,13,294
07/03/2011,BET,AK,AAL,WE,Federal Contract Tower,4,2,0,0,6,0,100,2,5,107,4,102,2,5,113,0,0,0,113
07/04/2011,BET,AK,AAL,WE,Federal Contract Tower,4,2,0,0,6,0,6,42,2,50,4,8,42,2,56,0,4,4,60
07/05/2011,BET,AK,AAL,WE,Federal Contract Tower,10,12,0,0,22,4,188,24,2,218,14,200,24,2,240,0,0,0,240
07/06/2011,BET,AK,AAL,WE,Federal Contract Tower,13,12,2,0,27,0,273,9,0,282,13,285,11,0,309,4,0,4,313
07/07/2011,BET,AK,AAL,WE,Federal Contract Tower,11,26,0,0,37,0,269,27,2,298,11,295,27,2,335,17,0,17,352
07/08/2011,BET,AK,AAL,WE,Federal Contract Tower,10,5,2,0,17,0,240,30,1,271,10,245,32,1,288,13,0,13,301
07/09/2011,BET,AK,AAL,WE,Federal Contract Tower,10,11,0,0,21,0,167,12,0,179,10,178,12,0,200,2,0,2,202
07/10/2011,BET,AK,AAL,WE,Federal Contract Tower,4,16,0,2,22,0,101,10,0,111,4,117,10,2,133,14,0,14,147
07/11/2011,BET,AK,AAL,WE,Federal Contract Tower,7,70,0,0,77,0,112,8,0,120,7,182,8,0,197,4,0,4,201
07/12/2011,BET,AK,AAL,WE,Federal Contract Tower,11,3,1,0,15,0,268,27,7,302,11,271,28,7,317,28,0,28,345
07/13/2011,BET,AK,AAL,WE,Federal Contract Tower,8,17,0,0,25,0,260,28,0,288,8,277,28,0,313,0,0,0,313
07/14/2011,BET,AK,AAL,WE,Federal Contract Tower,10,61,1,2,74,0,161,28,4,193,10,222,29,6,267,0,0,0,267
07/15/2011,BET,AK,AAL,WE,Federal Contract Tower,8,98,3,0,109,0,138,16,7,161,8,236,19,7,270,4,0,4,274
07/16/2011,BET,AK,AAL,WE,Federal Contract Tower,9,14,0,0,23,1,208,31,5,245,10,222,31,5,268,13,0,13,281
07/17/2011,BET,AK,AAL,WE,Federal Contract Tower,6,27,4,2,39,1,95,15,0,111,7,122,19,2,150,4,0,4,154
07/18/2011,BET,AK,AAL,WE,Federal Contract Tower,9,108,1,1,119,0,150,16,2,168,9,258,17,3,287,8,0,8,295
07/19/2011,BET,AK,AAL,WE,Federal Contract Tower,10,14,0,0,24,0,295,30,4,329,10,309,30,4,353,0,0,0,353
07/20/2011,BET,AK,AAL,WE,Federal Contract Tower,10,18,1,2,31,0,254,34,4,292,10,272,35,6,323,6,0,6,329
07/21/2011,BET,AK,AAL,WE,Federal Contract Tower,7,71,6,2,86,0,213,29,3,245,7,284,35,5,331,6,0,6,337
07/22/2011,BET,AK,AAL,WE,Federal Contract Tower,8,45,0,0,53,0,235,25,4,264,8,280,25,4,317,4,0,4,321
07/23/2011,BET,AK,AAL,WE,Federal Contract Tower,15,27,1,0,43,0,159,7,0,166,15,186,8,0,209,0,0,0,209
07/24/2011,BET,AK,AAL,WE,Federal Contract Tower,4,4,4,0,12,0,139,23,0,162,4,143,27,0,174,23,0,23,197
07/25/2011,BET,AK,AAL,WE,Federal Contract Tower,9,58,1,0,68,0,183,11,1,195,9,241,12,1,263,0,0,0,263
07/26/2011,BET,AK,AAL,WE,Federal Contract Tower,12,31,6,0,49,2,251,21,0,274,14,282,27,0,323,8,0,8,331
07/27/2011,BET,AK,AAL,WE,Federal Contract Tower,7,50,3,0,60,0,197,22,10,229,7,247,25,10,289,14,0,14,303
07/28/2011,BET,AK,AAL,WE,Federal Contract Tower,11,89,5,2,107,0,173,9,2,184,11,262,14,4,291,11,0,11,302
07/29/2011,BET,AK,AAL,WE,Federal Contract Tower,7,11,0,4,22,0,295,17,2,314,7,306,17,6,336,6,0,6,342
07/30/2011,BET,AK,AAL,WE,Federal Contract Tower,7,76,1,0,84,0,149,1,0,150,7,225,2,0,234,0,0,0,234
07/31/2011,BET,AK,AAL,WE,Federal Contract Tower,6,64,8,0,78,0,71,11,0,82,6,135,19,0,160,4,0,4,164
08/01/2011,BET,AK,AAL,WE,Federal Contract Tower,11,87,0,0,98,0,83,7,2,92,11,170,7,2,190,8,0,8,198
08/02/2011,BET,AK,AAL,WE,Federal Contract Tower,12,2,1,0,15,7,322,31,0,360,19,324,32,0,375,12,0,12,387
08/03/2011,BET,AK,AAL,WE,Federal Contract Tower,8,6,0,0,14,0,261,49,4,314,8,267,49,4,328,8,0,8,336
08/04/2011,BET,AK,AAL,WE,Federal Contract Tower,9,10,1,0,20,0,226,9,4,239,9,236,10,4,259,0,0,0,259
08/05/2011,BET,AK,AAL,WE,Federal Contract Tower,13,5,1,0,19,0,288,20,0,308,13,293,21,0,327,2,0,2,329
08/06/2011,BET,AK,AAL,WE,Federal Contract Tower,11,32,2,0,45,0,152,14,0,166,11,184,16,0,211,0,0,0,211
08/07/2011,BET,AK,AAL,WE,Federal Contract Tower,4,11,0,0,15,0,136,18,0,154,4,147,18,0,169,4,0,4,173
08/08/2011,BET,AK,AAL,WE,Federal Contract Tower,7,15,0,0,22,0,238,13,5,256,7,253,13,5,278,2,0,2,280
08/09/2011,BET,AK,AAL,WE,Federal Contract Tower,9,43,3,0,55,0,212,20,2,234,9,255,23,2,289,4,0,4,293
08/10/2011,BET,AK,AAL,WE,Federal Contract Tower,8,8,1,0,17,0,302,41,2,345,8,310,42,2,362,6,0,6,368
08/11/2011,BET,AK,AAL,WE,Federal Contract Tower,10,140,9,2,161,0,84,4,0,88,10,224,13,2,249,0,0,0,249
08/12/2011,BET,AK,AAL,WE,Federal Contract Tower,10,122,4,0,136,0,88,7,0,95,10,210,11,0,231,0,0,0,231
08/13/2011,BET,AK,AAL,WE,Federal Contract Tower,12,147,11,0,170,0,0,0,0,0,12,147,11,0,170,0,0,0,170
08/14/2011,BET,AK,AAL,WE,Federal Contract Tower,5,10,1,0,16,1,191,41,0,233,6,201,42,0,249,32,0,32,281
08/15/2011,BET,AK,AAL,WE,Federal Contract Tower,9,65,9,0,83,0,172,39,7,218,9,237,48,7,301,10,0,10,311
08/16/2011,BET,AK,AAL,WE,Federal Contract Tower,7,45,5,0,57,1,202,24,5,232,8,247,29,5,289,14,0,14,303
08/17/2011,BET,AK,AAL,WE,Federal Contract Tower,14,26,2,0,42,4,287,36,0,327,18,313,38,0,369,6,0,6,375
08/18/2011,BET,AK,AAL,WE,Federal Contract Tower,14,8,0,0,22,0,283,22,1,306,14,291,22,1,328,6,0,6,334
08/19/2011,BET,AK,AAL,WE,Federal Contract Tower,7,9,0,0,16,0,291,17,1,309,7,300,17,1,325,2,0,2,327
08/20/2011,BET,AK,AAL,WE,Federal Contract Tower,11,7,0,0,18,0,243,34,0,277,11,250,34,0,295,6,0,6,301
08/21/2011,BET,AK,AAL,WE,Federal Contract Tower,4,9,3,0,16,0,139,14,0,153,4,148,17,0,169,2,0,2,171
08/22/2011,BET,AK,AAL,WE,Federal Contract Tower,7,45,0,0,52,0,225,17,0,242,7,270,17,0,294,2,0,2,296
08/23/2011,BET,AK,AAL,WE,Federal Contract Tower,8,6,2,1,17,0,267,18,1,286,8,273,20,2,303,54,0,54,357
08/24/2011,BET,AK,AAL,WE,Federal Contract Tower,6,114,5,0,125,0,149,13,1,163,6,263,18,1,288,0,0,0,288
08/25/2011,BET,AK,AAL,WE,Federal Contract Tower,14,6,0,0,20,1,282,43,2,328,15,288,43,2,348,38,0,38,386
08/26/2011,BET,AK,AAL,WE,Federal Contract Tower,11,12,0,0,23,0,282,22,0,304,11,294,22,0,327,6,0,6,333
08/27/2011,BET,AK,AAL,WE,Federal Contract Tower,12,4,4,0,20,0,212,24,0,236,12,216,28,0,256,5,0,5,261
08/28/2011,BET,AK,AAL,WE,Federal Contract Tower,5,4,1,0,10,1,131,26,0,158,6,135,27,0,168,22,0,22,190
08/29/2011,BET,AK,AAL,WE,Federal Contract Tower,8,20,4,0,32,0,254,18,0,272,8,274,22,0,304,11,0,11,315
08/30/2011,BET,AK,AAL,WE,Federal Contract Tower,9,15,2,0,26,0,331,25,0,356,9,346,27,0,382,0,0,0,382
08/31/2011,BET,AK,AAL,WE,Federal Contract Tower,10,40,4,0,54,0,268,22,0,290,10,308,26,0,344,3,0,3,347
09/01/2011,BET,AK,AAL,WE,Federal Contract Tower,9,9,3,0,21,1,277,19,0,297,10,286,22,0,318,9,0,9,327
09/02/2011,BET,AK,AAL,WE,Federal Contract Tower,10,11,2,0,23,3,363,30,0,396,13,374,32,0,419,8,0,8,427
09/03/2011,BET,AK,AAL,WE,Federal Contract Tower,15,59,0,0,74,0,142,9,0,151,15,201,9,0,225,0,0,0,225
09/04/2011,BET,AK,AAL,WE,Federal Contract Tower,4,3,0,0,7,0,119,21,0,140,4,122,21,0,147,2,0,2,149
09/05/2011,BET,AK,AAL,WE,Federal Contract Tower,6,9,0,0,15,0,240,22,0,262,6,249,22,0,277,0,0,0,277
09/06/2011,BET,AK,AAL,WE,Federal Contract Tower,9,5,0,0,14,4,256,8,0,268,13,261,8,0,282,0,0,0,282
09/07/2011,BET,AK,AAL,WE,Federal Contract Tower,8,96,4,2,110,0,148,13,0,161,8,244,17,2,271,0,0,0,271
09/08/2011,BET,AK,AAL,WE,Federal Contract Tower,9,96,11,0,116,0,44,15,0,59,9,140,26,0,175,0,0,0,175
09/09/2011,BET,AK,AAL,WE,Federal Contract Tower,8,9,0,0,17,0,327,44,0,371,8,336,44,0,388,0,0,0,388
09/10/2011,BET,AK,AAL,WE,Federal Contract Tower,17,6,0,0,23,1,261,21,0,283,18,267,21,0,306,6,0,6,312
09/11/2011,BET,AK,AAL,WE,Federal Contract Tower,4,7,0,0,11,0,117,20,0,137,4,124,20,0,148,2,0,2,150
09/12/2011,BET,AK,AAL,WE,Federal Contract Tower,7,10,0,0,17,0,281,23,0,304,7,291,23,0,321,0,0,0,321
09/13/2011,BET,AK,AAL,WE,Federal Contract Tower,11,3,2,0,16,0,323,39,0,362,11,326,41,0,378,16,0,16,394
09/14/2011,BET,AK,AAL,WE,Federal Contract Tower,11,67,4,0,82,0,283,23,0,306,11,350,27,0,388,0,0,0,388
09/15/2011,BET,AK,AAL,WE,Federal Contract Tower,10,6,0,0,16,1,270,79,5,355,11,276,79,5,371,4,0,4,375
09/16/2011,BET,AK,AAL,WE,Federal Contract Tower,12,6,0,0,18,2,384,24,0,410,14,390,24,0,428,4,0,4,432
09/17/2011,BET,AK,AAL,WE,Federal Contract Tower,19,17,0,0,36,3,223,19,0,245,22,240,19,0,281,4,0,4,285
09/18/2011,BET,AK,AAL,WE,Federal Contract Tower,4,21,3,0,28,0,125,21,0,146,4,146,24,0,174,0,0,0,174
09/19/2011,BET,AK,AAL,WE,Federal Contract Tower,12,8,0,0,20,0,272,21,0,293,12,280,21,0,313,6,0,6,319
09/20/2011,BET,AK,AAL,WE,Federal Contract Tower,8,5,0,2,15,0,325,17,0,342,8,330,17,2,357,0,0,0,357
09/21/2011,BET,AK,AAL,WE,Federal Contract Tower,11,42,0,0,53,0,205,27,0,232,11,247,27,0,285,0,0,0,285
09/22/2011,BET,AK,AAL,WE,Federal Contract Tower,11,6,2,0,19,0,271,18,0,289,11,277,20,0,308,8,0,8,316
09/23/2011,BET,AK,AAL,WE,Federal Contract Tower,9,37,3,0,49,0,220,24,0,244,9,257,27,0,293,4,0,4,297
09/24/2011,BET,AK,AAL,WE,Federal Contract Tower,12,54,2,0,68,1,182,10,0,193,13,236,12,0,261,0,0,0,261
09/25/2011,BET,AK,AAL,WE,Federal Contract Tower,7,9,2,0,18,0,132,13,0,145,7,141,15,0,163,0,0,0,163
09/26/2011,BET,AK,AAL,WE,Federal Contract Tower,10,35,3,0,48,1,138,7,0,146,11,173,10,0,194,0,0,0,194
09/27/2011,BET,AK,AAL,WE,Federal Contract Tower,12,2,2,0,16,0,347,26,0,373,12,349,28,0,389,2,0,2,391
09/28/2011,BET,AK,AAL,WE,Federal Contract Tower,8,6,2,0,16,0,290,20,0,310,8,296,22,0,326,2,0,2,328
09/29/2011,BET,AK,AAL,WE,Federal Contract Tower,9,11,0,2,22,1,317,22,0,340,10,328,22,2,362,6,0,6,368
09/30/2011,BET,AK,AAL,WE,Federal Contract Tower,11,5,0,0,16,1,384,32,0,417,12,389,32,0,433,8,0,8,441
10/01/2011,BET,AK,AAL,WE,Federal Contract Tower,11,5,1,0,17,0,290,24,0,314,11,295,25,0,331,28,0,28,359
10/02/2011,BET,AK,AAL,WE,Federal Contract Tower,4,1,0,0,5,1,202,19,0,222,5,203,19,0,227,32,0,32,259
10/03/2011,BET,AK,AAL,WE,Federal Contract Tower,8,51,1,0,60,0,152,10,0,162,8,203,11,0,222,0,0,0,222
10/04/2011,BET,AK,AAL,WE,Federal Contract Tower,8,14,1,0,23,0,273,20,0,293,8,287,21,0,316,8,0,8,324
10/05/2011,BET,AK,AAL,WE,Federal Contract Tower,8,10,0,0,18,0,332,12,0,344,8,342,12,0,362,0,0,0,362
10/06/2011,BET,AK,AAL,WE,Federal Contract Tower,12,99,3,0,114,0,179,9,0,188,12,278,12,0,302,0,0,0,302
10/07/2011,BET,AK,AAL,WE,Federal Contract Tower,10,6,1,0,17,0,332,5,0,337,10,338,6,0,354,2,0,2,356
10/08/2011,BET,AK,AAL,WE,Federal Contract Tower,9,17,0,0,26,0,202,2,0,204,9,219,2,0,230,11,0,11,241
10/09/2011,BET,AK,AAL,WE,Federal Contract Tower,6,30,1,0,37,1,192,8,0,201,7,222,9,0,238,4,0,4,242
10/10/2011,BET,AK,AAL,WE,Federal Contract Tower,9,7,0,0,16,0,314,13,0,327,9,321,13,0,343,16,0,16,359
10/11/2011,BET,AK,AAL,WE,Federal Contract Tower,9,4,0,0,13,0,330,9,0,339,9,334,9,0,352,27,0,27,379
10/12/2011,BET,AK,AAL,WE,Federal Contract Tower,11,65,1,0,77,1,199,0,0,200,12,264,1,0,277,12,0,12,289
10/13/2011,BET,AK,AAL,WE,Federal Contract Tower,15,17,0,0,32,0,317,4,0,321,15,334,4,0,353,35,0,35,388
10/14/2011,BET,AK,AAL,WE,Federal Contract Tower,12,122,3,0,137,1,148,2,0,151,13,270,5,0,288,46,0,46,334
10/15/2011,BET,AK,AAL,WE,Federal Contract Tower,11,10,0,4,25,0,303,12,0,315,11,313,12,4,340,12,0,12,352
10/16/2011,BET,AK,AAL,WE,Federal Contract Tower,6,10,0,0,16,0,245,11,0,256,6,255,11,0,272,38,0,38,310
10/17/2011,BET,AK,AAL,WE,Federal Contract Tower,11,56,1,0,68,0,254,6,0,260,11,310,7,0,328,16,0,16,344
10/18/2011,BET,AK,AAL,WE,Federal Contract Tower,9,12,0,2,23,2,335,8,0,345,11,347,8,2,368,4,0,4,372
10/19/2011,BET,AK,AAL,WE,Federal Contract Tower,10,8,1,0,19,0,393,10,0,403,10,401,11,0,422,23,0,23,445
10/20/2011,BET,AK,AAL,WE,Federal Contract Tower,13,6,2,0,21,1,329,4,0,334,14,335,6,0,355,18,0,18,373
10/21/2011,BET,AK,AAL,WE,Federal Contract Tower,15,7,0,0,22,0,313,10,0,323,15,320,10,0,345,14,0,14,359
10/22/2011,BET,AK,AAL,WE,Federal Contract Tower,11,3,0,0,14,0,304,14,0,318,11,307,14,0,332,0,0,0,332
10/23/2011,BET,AK,AAL,WE,Federal Contract Tower,4,53,3,2,62,0,98,4,0,102,4,151,7,2,164,0,0,0,164
10/24/2011,BET,AK,AAL,WE,Federal Contract Tower,11,32,2,0,45,0,245,5,0,250,11,277,7,0,295,8,0,8,303
10/25/2011,BET,AK,AAL,WE,Federal Contract Tower,13,79,0,0,92,0,228,0,0,228,13,307,0,0,320,0,0,0,320
10/26/2011,BET,AK,AAL,WE,Federal Contract Tower,14,12,0,0,26,0,335,5,0,340,14,347,5,0,366,0,0,0,366
10/27/2011,BET,AK,AAL,WE,Federal Contract Tower,12,27,0,0,39,1,282,5,0,288,13,309,5,0,327,12,0,12,339
10/28/2011,BET,AK,AAL,WE,Federal Contract Tower,8,23,0,0,31,0,323,3,1,327,8,346,3,1,358,0,0,0,358
10/29/2011,BET,AK,AAL,WE,Federal Contract Tower,15,126,2,0,143,0,102,1,0,103,15,228,3,0,246,0,0,0,246
10/30/2011,BET,AK,AAL,WE,Federal Contract Tower,8,8,0,0,16,2,211,17,0,230,10,219,17,0,246,8,0,8,254
10/31/2011,BET,AK,AAL,WE,Federal Contract Tower,9,5,0,0,14,0,264,6,0,270,9,269,6,0,284,0,0,0,284
11/01/2011,BET,AK,AAL,WE,Federal Contract Tower,8,5,0,0,13,0,380,14,0,394,8,385,14,0,407,7,0,7,414
11/02/2011,BET,AK,AAL,WE,Federal Contract Tower,6,12,1,2,21,0,339,7,0,346,6,351,8,2,367,22,0,22,389
11/03/2011,BET,AK,AAL,WE,Federal Contract Tower,8,8,0,0,16,0,14,0,0,14,8,22,0,0,30,0,0,0,30
11/04/2011,BET,AK,AAL,WE,Federal Contract Tower,9,9,2,0,20,1,365,11,0,377,10,374,13,0,397,10,0,10,407
11/05/2011,BET,AK,AAL,WE,Federal Contract Tower,9,20,0,0,29,0,24,2,0,26,9,44,2,0,55,0,0,0,55
11/06/2011,BET,AK,AAL,WE,Federal Contract Tower,2,8,1,0,11,0,218,4,0,222,2,226,5,0,233,0,0,0,233
11/07/2011,BET,AK,AAL,WE,Federal Contract Tower,7,34,0,0,41,0,281,5,0,286,7,315,5,0,327,7,0,7,334
11/08/2011,BET,AK,AAL,WE,Federal Contract Tower,6,5,2,0,13,0,339,2,0,341,6,344,4,0,354,0,0,0,354
11/09/2011,BET,AK,AAL,WE,Federal Contract Tower,20,7,0,0,27,0,284,0,1,285,20,291,0,1,312,0,0,0,312
11/10/2011,BET,AK,AAL,WE,Federal Contract Tower,13,7,0,1,21,1,339,13,3,356,14,346,13,4,377,2,0,2,379
11/11/2011,BET,AK,AAL,WE,Federal Contract Tower,4,7,0,0,11,0,59,4,0,63,4,66,4,0,74,4,0,4,78
11/12/2011,BET,AK,AAL,WE,Federal Contract Tower,2,15,0,0,17,0,2,0,0,2,2,17,0,0,19,0,0,0,19
11/13/2011,BET,AK,AAL,WE,Federal Contract Tower,3,14,0,0,17,0,295,11,0,306,3,309,11,0,323,12,0,12,335
11/14/2011,BET,AK,AAL,WE,Federal Contract Tower,13,38,0,2,53,0,254,5,1,260,13,292,5,3,313,8,0,8,321
11/15/2011,BET,AK,AAL,WE,Federal Contract Tower,10,9,0,0,19,0,387,15,1,403,10,396,15,1,422,13,0,13,435
11/16/2011,BET,AK,AAL,WE,Federal Contract Tower,13,8,0,2,23,0,310,12,2,324,13,318,12,4,347,0,0,0,347
11/17/2011,BET,AK,AAL,WE,Federal Contract Tower,8,3,0,0,11,0,324,6,0,330,8,327,6,0,341,9,0,9,350
11/18/2011,BET,AK,AAL,WE,Federal Contract Tower,7,8,0,0,15,0,284,6,0,290,7,292,6,0,305,16,0,16,321
11/19/2011,BET,AK,AAL,WE,Federal Contract Tower,14,40,0,0,54,0,75,0,0,75,14,115,0,0,129,0,0,0,129
11/20/2011,BET,AK,AAL,WE,Federal Contract Tower,2,7,0,0,9,0,220,4,0,224,2,227,4,0,233,4,0,4,237
11/21/2011,BET,AK,AAL,WE,Federal Contract Tower,10,29,2,1,42,0,310,1,1,312,10,339,3,2,354,21,0,21,375
11/22/2011,BET,AK,AAL,WE,Federal Contract Tower,6,7,0,0,13,2,384,2,0,388,8,391,2,0,401,2,0,2,403
11/23/2011,BET,AK,AAL,WE,Federal Contract Tower,7,9,0,0,16,0,299,2,0,301,7,308,2,0,317,0,0,0,317
11/24/2011,BET,AK,AAL,WE,Federal Contract Tower,0,0,0,0,0,0,6,2,0,8,0,6,2,0,8,0,0,0,8
11/25/2011,BET,AK,AAL,WE,Federal Contract Tower,9,7,0,0,16,0,218,9,0,227,9,225,9,0,243,2,0,2,245
11/26/2011,BET,AK,AAL,WE,Federal Contract Tower,7,2,0,0,9,0,198,5,0,203,7,200,5,0,212,9,0,9,221
11/27/2011,BET,AK,AAL,WE,Federal Contract Tower,7,6,1,0,14,0,182,4,0,186,7,188,5,0,200,8,0,8,208
11/28/2011,BET,AK,AAL,WE,Federal Contract Tower,12,7,0,0,19,0,229,0,0,229,12,236,0,0,248,0,0,0,248
11/29/2011,BET,AK,AAL,WE,Federal Contract Tower,5,82,0,0,87,0,64,0,0,64,5,146,0,0,151,0,0,0,151
11/30/2011,BET,AK,AAL,WE,Federal Contract Tower,10,36,0,0,46,0,31,0,0,31,10,67,0,0,77,0,0,0,77
12/01/2011,BET,AK,AAL,WE,Federal Contract Tower,8,37,0,0,45,0,213,0,0,213,8,250,0,0,258,0,0,0,258
12/02/2011,BET,AK,AAL,WE,Federal Contract Tower,7,57,1,0,65,0,20,0,0,20,7,77,1,0,85,0,0,0,85
12/03/2011,BET,AK,AAL,WE,Federal Contract Tower,3,12,1,0,16,0,65,0,0,65,3,77,1,0,81,0,0,0,81
12/04/2011,BET,AK,AAL,WE,Federal Contract Tower,4,7,0,0,11,0,168,0,0,168,4,175,0,0,179,0,0,0,179
12/05/2011,BET,AK,AAL,WE,Federal Contract Tower,11,12,2,0,25,0,328,4,0,332,11,340,6,0,357,8,0,8,365
12/06/2011,BET,AK,AAL,WE,Federal Contract Tower,7,16,0,0,23,0,311,2,0,313,7,327,2,0,336,0,0,0,336
12/07/2011,BET,AK,AAL,WE,Federal Contract Tower,14,14,0,0,28,0,223,0,0,223,14,237,0,0,251,0,0,0,251
12/08/2011,BET,AK,AAL,WE,Federal Contract Tower,7,26,2,0,35,0,202,0,2,204,7,228,2,2,239,10,0,10,249
12/09/2011,BET,AK,AAL,WE,Federal Contract Tower,4,6,0,0,10,0,287,13,1,301,4,293,13,1,311,24,0,24,335
12/10/2011,BET,AK,AAL,WE,Federal Contract Tower,8,9,0,0,17,0,23,4,0,27,8,32,4,0,44,26,0,26,70
12/11/2011,BET,AK,AAL,WE,Federal Contract Tower,5,15,0,0,20,0,240,5,0,245,5,255,5,0,265,4,0,4,269
12/12/2011,BET,AK,AAL,WE,Federal Contract Tower,8,26,0,0,34,0,214,10,1,225,8,240,10,1,259,4,0,4,263
12/13/2011,BET,AK,AAL,WE,Federal Contract Tower,7,8,0,2,17,0,388,2,0,390,7,396,2,2,407,22,0,22,429
12/14/2011,BET,AK,AAL,WE,Federal Contract Tower,9,7,0,0,16,0,317,6,0,323,9,324,6,0,339,2,0,2,341
12/15/2011,BET,AK,AAL,WE,Federal Contract Tower,4,6,0,0,10,0,152,0,0,152,4,158,0,0,162,0,0,0,162
12/16/2011,BET,AK,AAL,WE,Federal Contract Tower,6,4,0,0,10,0,347,4,0,351,6,351,4,0,361,44,0,44,405
12/17/2011,BET,AK,AAL,WE,Federal Contract Tower,9,10,0,0,19,0,296,2,0,298,9,306,2,0,317,0,0,0,317
12/18/2011,BET,AK,AAL,WE,Federal Contract Tower,4,65,0,0,69,0,27,0,0,27,4,92,0,0,96,0,0,0,96
12/19/2011,BET,AK,AAL,WE,Federal Contract Tower,5,26,0,0,31,0,242,4,0,246,5,268,4,0,277,0,0,0,277
12/20/2011,BET,AK,AAL,WE,Federal Contract Tower,8,36,0,0,44,0,217,0,0,217,8,253,0,0,261,0,0,0,261
12/21/2011,BET,AK,AAL,WE,Federal Contract Tower,5,20,0,0,25,0,193,3,0,196,5,213,3,0,221,25,0,25,246
12/22/2011,BET,AK,AAL,WE,Federal Contract Tower,5,63,0,0,68,0,5,0,0,5,5,68,0,0,73,0,0,0,73
12/23/2011,BET,AK,AAL,WE,Federal Contract Tower,8,12,0,0,20,0,254,10,0,264,8,266,10,0,284,17,0,17,301
12/24/2011,BET,AK,AAL,WE,Federal Contract Tower,12,10,0,0,22,0,182,0,0,182,12,192,0,0,204,0,0,0,204
12/25/2011,BET,AK,AAL,WE,Federal Contract Tower,0,1,0,0,1,0,3,0,0,3,0,4,0,0,4,0,0,0,4
12/26/2011,BET,AK,AAL,WE,Federal Contract Tower,6,5,0,0,11,0,166,2,0,168,6,171,2,0,179,0,0,0,179
12/27/2011,BET,AK,AAL,WE,Federal Contract Tower,6,8,0,0,14,0,227,0,0,227,6,235,0,0,241,0,0,0,241
12/28/2011,BET,AK,AAL,WE,Federal Contract Tower,12,10,0,0,22,1,240,0,0,241,13,250,0,0,263,18,0,18,281
12/29/2011,BET,AK,AAL,WE,Federal Contract Tower,12,11,0,0,23,0,187,0,0,187,12,198,0,0,210,2,0,2,212
12/30/2011,BET,AK,AAL,WE,Federal Contract Tower,5,70,0,0,75,0,9,0,0,9,5,79,0,0,84,0,0,0,84
12/31/2011,BET,AK,AAL,WE,Federal Contract Tower,5,5,0,0,10,0,163,2,0,165,5,168,2,0,175,2,0,2,177
01/01/2012,BET,AK,AAL,WE,Federal Contract Tower,0,2,0,0,2,0,0,0,0,0,0,2,0,0,2,0,0,0,2
01/02/2012,BET,AK,AAL,WE,Federal Contract Tower,5,7,0,0,12,0,112,0,0,112,5,119,0,0,124,0,0,0,124
01/03/2012,BET,AK,AAL,WE,Federal Contract Tower,7,5,0,2,14,0,167,0,0,167,7,172,0,2,181,0,0,0,181
01/04/2012,BET,AK,AAL,WE,Federal Contract Tower,7,4,0,0,11,0,66,0,0,66,7,70,0,0,77,0,0,0,77
01/05/2012,BET,AK,AAL,WE,Federal Contract Tower,8,9,0,0,17,0,159,0,0,159,8,168,0,0,176,0,0,0,176
01/06/2012,BET,AK,AAL,WE,Federal Contract Tower,8,8,0,0,16,0,184,0,0,184,8,192,0,0,200,0,0,0,200
01/07/2012,BET,AK,AAL,WE,Federal Contract Tower,7,9,0,0,16,0,106,0,0,106,7,115,0,0,122,0,0,0,122
01/08/2012,BET,AK,AAL,WE,Federal Contract Tower,2,35,0,0,37,0,52,2,0,54,2,87,2,0,91,0,0,0,91
01/09/2012,BET,AK,AAL,WE,Federal Contract Tower,5,59,0,2,66,0,94,0,0,94,5,153,0,2,160,8,0,8,168
01/10/2012,BET,AK,AAL,WE,Federal Contract Tower,2,32,0,0,34,0,0,0,0,0,2,32,0,0,34,0,0,0,34
01/11/2012,BET,AK,AAL,WE,Federal Contract Tower,4,6,0,0,10,0,259,6,0,265,4,265,6,0,275,7,0,7,282
01/12/2012,BET,AK,AAL,WE,Federal Contract Tower,8,11,2,0,21,1,271,1,0,273,9,282,3,0,294,0,0,0,294
01/13/2012,BET,AK,AAL,WE,Federal Contract Tower,7,6,2,2,17,0,225,4,0,229,7,231,6,2,246,0,0,0,246
01/14/2012,BET,AK,AAL,WE,Federal Contract Tower,6,5,0,0,11,0,203,1,0,204,6,208,1,0,215,12,0,12,227
01/15/2012,BET,AK,AAL,WE,Federal Contract Tower,2,6,0,0,8,0,108,0,0,108,2,114,0,0,116,0,0,0,116
01/16/2012,BET,AK,AAL,WE,Federal Contract Tower,8,36,0,0,44,0,104,0,0,104,8,140,0,0,148,0,0,0,148
01/17/2012,BET,AK,AAL,WE,Federal Contract Tower,6,8,2,0,16,0,233,3,0,236,6,241,5,0,252,2,0,2,254
01/18/2012,BET,AK,AAL,WE,Federal Contract Tower,8,3,0,0,11,0,230,0,0,230,8,233,0,0,241,0,0,0,241
01/19/2012,BET,AK,AAL,WE,Federal Contract Tower,7,10,0,0,17,1,277,5,0,283,8,287,5,0,300,0,0,0,300
01/20/2012,BET,AK,AAL,WE,Federal Contract Tower,7,5,0,0,12,0,160,0,0,160,7,165,0,0,172,0,0,0,172
01/21/2012,BET,AK,AAL,WE,Federal Contract Tower,13,4,0,0,17,0,116,0,0,116,13,120,0,0,133,0,0,0,133
01/22/2012,BET,AK,AAL,WE,Federal Contract Tower,3,7,0,0,10,0,83,0,0,83,3,90,0,0,93,0,0,0,93
01/23/2012,BET,AK,AAL,WE,Federal Contract Tower,5,4,2,0,11,0,130,0,0,130,5,134,2,0,141,0,0,0,141
01/24/2012,BET,AK,AAL,WE,Federal Contract Tower,10,5,0,2,17,0,263,2,0,265,10,268,2,2,282,0,0,0,282
01/25/2012,BET,AK,AAL,WE,Federal Contract Tower,7,4,0,0,11,0,261,1,0,262,7,265,1,0,273,2,0,2,275
01/26/2012,BET,AK,AAL,WE,Federal Contract Tower,7,7,0,0,14,1,256,0,0,257,8,263,0,0,271,0,0,0,271
01/27/2012,BET,AK,AAL,WE,Federal Contract Tower,8,3,0,0,11,0,190,2,0,192,8,193,2,0,203,0,0,0,203
01/28/2012,BET,AK,AAL,WE,Federal Contract Tower,8,0,0,0,8,0,54,0,0,54,8,54,0,0,62,0,0,0,62
01/29/2012,BET,AK,AAL,WE,Federal Contract Tower,3,24,0,0,27,0,9,2,0,11,3,33,2,0,38,0,0,0,38
01/30/2012,BET,AK,AAL,WE,Federal Contract Tower,10,5,0,0,15,0,222,1,4,227,10,227,1,4,242,2,0,2,244
01/31/2012,BET,AK,AAL,WE,Federal Contract Tower,6,5,2,0,13,0,212,0,0,212,6,217,2,0,225,0,0,0,225
02/01/2012,BET,AK,AAL,WE,Federal Contract Tower,4,6,0,0,10,0,0,0,0,0,4,6,0,0,10,0,0,0,10
02/02/2012,BET,AK,AAL,WE,Federal Contract Tower,9,45,0,0,54,0,131,0,0,131,9,176,0,0,185,0,0,0,185
02/03/2012,BET,AK,AAL,WE,Federal Contract Tower,5,7,0,0,12,0,210,0,0,210,5,217,0,0,222,0,0,0,222
02/04/2012,BET,AK,AAL,WE,Federal Contract Tower,3,2,0,0,5,0,3,0,0,3,3,5,0,0,8,0,0,0,8
02/05/2012,BET,AK,AAL,WE,Federal Contract Tower,2,10,0,0,12,0,116,2,0,118,2,126,2,0,130,8,0,8,138
02/06/2012,BET,AK,AAL,WE,Federal Contract Tower,8,11,1,0,20,0,211,3,0,214,8,222,4,0,234,34,0,34,268
02/07/2012,BET,AK,AAL,WE,Federal Contract Tower,10,10,0,0,20,0,293,13,0,306,10,303,13,0,326,10,0,10,336
02/08/2012,BET,AK,AAL,WE,Federal Contract Tower,8,1,0,0,9,0,288,10,0,298,8,289,10,0,307,0,0,0,307
02/09/2012,BET,AK,AAL,WE,Federal Contract Tower,13,8,0,0,21,0,220,0,0,220,13,228,0,0,241,0,0,0,241
02/10/2012,BET,AK,AAL,WE,Federal Contract Tower,10,6,0,0,16,0,276,11,0,287,10,282,11,0,303,14,0,14,317
02/11/2012,BET,AK,AAL,WE,Federal Contract Tower,7,8,0,0,15,0,240,7,0,247,7,248,7,0,262,36,0,36,298
02/12/2012,BET,AK,AAL,WE,Federal Contract Tower,2,58,0,0,60,0,49,4,0,53,2,107,4,0,113,0,0,0,113
02/13/2012,BET,AK,AAL,WE,Federal Contract Tower,5,61,0,0,66,0,16,0,0,16,5,77,0,0,82,0,0,0,82
02/14/2012,BET,AK,AAL,WE,Federal Contract Tower,12,21,1,2,36,0,214,11,0,225,12,235,12,2,261,10,0,10,271
02/15/2012,BET,AK,AAL,WE,Federal Contract Tower,7,17,0,0,24,0,155,5,0,160,7,172,5,0,184,0,0,0,184
02/16/2012,BET,AK,AAL,WE,Federal Contract Tower,7,11,0,0,18,0,272,21,2,295,7,283,21,2,313,25,0,25,338
02/17/2012,BET,AK,AAL,WE,Federal Contract Tower,8,96,1,0,105,0,131,1,2,134,8,227,2,2,239,0,0,0,239
02/18/2012,BET,AK,AAL,WE,Federal Contract Tower,11,6,0,0,17,0,196,13,0,209,11,202,13,0,226,0,0,0,226
02/19/2012,BET,AK,AAL,WE,Federal Contract Tower,2,8,0,0,10,1,140,7,0,148,3,148,7,0,158,5,0,5,163
02/20/2012,BET,AK,AAL,WE,Federal Contract Tower,6,5,0,0,11,0,193,11,0,204,6,198,11,0,215,9,0,9,224
02/21/2012,BET,AK,AAL,WE,Federal Contract Tower,7,114,0,0,121,0,36,0,0,36,7,150,0,0,157,0,0,0,157
02/22/2012,BET,AK,AAL,WE,Federal Contract Tower,6,71,0,4,81,0,100,0,0,100,6,171,0,4,181,0,0,0,181
02/23/2012,BET,AK,AAL,WE,Federal Contract Tower,12,9,0,0,21,0,262,6,3,271,12,271,6,3,292,0,0,0,292
02/24/2012,BET,AK,AAL,WE,Federal Contract Tower,7,10,0,0,17,0,289,3,0,292,7,299,3,0,309,8,0,8,317
02/25/2012,BET,AK,AAL,WE,Federal Contract Tower,13,16,3,0,32,0,8,0,0,8,13,24,3,0,40,2,0,2,42
02/26/2012,BET,AK,AAL,WE,Federal Contract Tower,2,12,0,0,14,0,0,0,0,0,2,12,0,0,14,0,0,0,14
02/27/2012,BET,AK,AAL,WE,Federal Contract Tower,7,23,0,0,30,0,37,0,0,37,7,60,0,0,67,7,0,7,74
02/28/2012,BET,AK,AAL,WE,Federal Contract Tower,7,6,0,0,13,0,304,0,1,305,7,310,0,1,318,4,0,4,322
02/29/2012,BET,AK,AAL,WE,Federal Contract Tower,6,6,0,0,12,0,373,1,0,374,6,379,1,0,386,0,0,0,386
03/01/2012,BET,AK,AAL,WE,Federal Contract Tower,11,7,0,0,18,0,172,2,2,176,11,179,2,2,194,5,0,5,199
03/02/2012,BET,AK,AAL,WE,Federal Contract Tower,8,164,0,0,172,1,23,0,0,24,9,187,0,0,196,0,0,0,196
03/03/2012,BET,AK,AAL,WE,Federal Contract Tower,12,6,0,0,18,0,249,2,0,251,12,255,2,0,269,13,0,13,282
03/04/2012,BET,AK,AAL,WE,Federal Contract Tower,3,2,0,0,5,0,228,3,0,231,3,230,3,0,236,19,0,19,255
03/05/2012,BET,AK,AAL,WE,Federal Contract Tower,5,29,0,0,34,0,25,1,0,26,5,54,1,0,60,0,0,0,60
03/06/2012,BET,AK,AAL,WE,Federal Contract Tower,8,43,0,0,51,0,226,0,0,226,8,269,0,0,277,10,0,10,287
03/07/2012,BET,AK,AAL,WE,Federal Contract Tower,4,17,0,0,21,0,244,1,1,246,4,261,1,1,267,26,0,26,293
03/08/2012,BET,AK,AAL,WE,Federal Contract Tower,8,36,0,0,44,0,226,1,0,227,8,262,1,0,271,11,0,11,282
03/09/2012,BET,AK,AAL,WE,Federal Contract Tower,6,4,0,0,10,0,280,9,1,290,6,284,9,1,300,0,0,0,300
03/10/2012,BET,AK,AAL,WE,Federal Contract Tower,4,5,1,0,10,0,230,3,0,233,4,235,4,0,243,14,0,14,257
03/11/2012,BET,AK,AAL,WE,Federal Contract Tower,3,2,0,0,5,0,129,0,0,129,3,131,0,0,134,0,0,0,134
03/12/2012,BET,AK,AAL,WE,Federal Contract Tower,8,4,0,0,12,0,250,1,0,251,8,254,1,0,263,0,0,0,263
03/13/2012,BET,AK,AAL,WE,Federal Contract Tower,6,5,0,0,11,0,292,5,0,297,6,297,5,0,308,6,0,6,314
03/14/2012,BET,AK,AAL,WE,Federal Contract Tower,6,6,0,0,12,0,283,4,0,287,6,289,4,0,299,6,0,6,305
03/15/2012,BET,AK,AAL,WE,Federal Contract Tower,10,30,1,0,41,0,278,9,2,289,10,308,10,2,330,4,0,4,334
03/16/2012,BET,AK,AAL,WE,Federal Contract Tower,5,39,10,0,54,0,250,21,0,271,5,289,31,0,325,12,0,12,337
03/17/2012,BET,AK,AAL,WE,Federal Contract Tower,9,2,0,0,11,0,198,3,0,201,9,200,3,0,212,5,0,5,217
03/18/2012,BET,AK,AAL,WE,Federal Contract Tower,5,2,0,0,7,0,148,2,0,150,5,150,2,0,157,8,0,8,165
03/19/2012,BET,AK,AAL,WE,Federal Contract Tower,7,3,0,0,10,0,299,2,0,301,7,302,2,0,311,0,0,0,311
03/20/2012,BET,AK,AAL,WE,Federal Contract Tower,11,60,0,0,71,0,69,0,0,69,11,129,0,0,140,0,0,0,140
03/21/2012,BET,AK,AAL,WE,Federal Contract Tower,7,3,0,0,10,0,283,6,2,291,7,286,6,2,301,0,0,0,301
03/22/2012,BET,AK,AAL,WE,Federal Contract Tower,8,5,0,0,13,0,302,13,4,319,8,307,13,4,332,0,0,0,332
03/23/2012,BET,AK,AAL,WE,Federal Contract Tower,9,42,0,0,51,0,26,0,0,26,9,68,0,0,77,0,0,0,77
03/24/2012,BET,AK,AAL,WE,Federal Contract Tower,7,19,0,0,26,0,65,0,0,65,7,84,0,0,91,2,0,2,93
03/25/2012,BET,AK,AAL,WE,Federal Contract Tower,4,11,0,0,15,1,107,8,0,116,5,118,8,0,131,4,0,4,135
03/26/2012,BET,AK,AAL,WE,Federal Contract Tower,10,6,1,0,17,0,250,7,0,257,10,256,8,0,274,25,0,25,299
03/27/2012,BET,AK,AAL,WE,Federal Contract Tower,9,15,0,0,24,0,205,3,0,208,9,220,3,0,232,19,0,19,251
03/28/2012,BET,AK,AAL,WE,Federal Contract Tower,10,8,0,4,22,0,305,5,0,310,10,313,5,4,332,0,0,0,332
03/29/2012,BET,AK,AAL,WE,Federal Contract Tower,6,7,2,0,15,1,296,9,2,308,7,303,11,2,323,2,0,2,325
03/30/2012,BET,AK,AAL,WE,Federal Contract Tower,7,9,0,0,16,0,337,16,1,354,7,346,16,1,370,19,0,19,389
03/31/2012,BET,AK,AAL,WE,Federal Contract Tower,5,6,0,0,11,0,259,15,0,274,5,265,15,0,285,14,0,14,299
04/01/2012,BET,AK,AAL,WE,Federal Contract Tower,4,4,0,0,8,0,118,7,0,125,4,122,7,0,133,0,0,0,133
04/02/2012,BET,AK,AAL,WE,Federal Contract Tower,9,3,2,0,14,0,259,7,0,266,9,262,9,0,280,0,0,0,280
04/03/2012,BET,AK,AAL,WE,Federal Contract Tower,10,4,0,0,14,0,276,0,0,276,10,280,0,0,290,0,0,0,290
04/04/2012,BET,AK,AAL,WE,Federal Contract Tower,11,37,0,0,48,0,103,8,0,111,11,140,8,0,159,0,0,0,159
04/05/2012,BET,AK,AAL,WE,Federal Contract Tower,15,8,0,0,23,0,224,0,0,224,15,232,0,0,247,9,0,9,256
04/06/2012,BET,AK,AAL,WE,Federal Contract Tower,6,7,0,0,13,0,213,5,0,218,6,220,5,0,231,20,0,20,251
04/07/2012,BET,AK,AAL,WE,Federal Contract Tower,7,28,0,0,35,0,116,3,0,119,7,144,3,0,154,4,0,4,158
04/08/2012,BET,AK,AAL,WE,Federal Contract Tower,4,3,0,0,7,0,20,0,0,20,4,23,0,0,27,16,0,16,43
04/09/2012,BET,AK,AAL,WE,Federal Contract Tower,9,73,1,0,83,0,149,2,0,151,9,222,3,0,234,0,0,0,234
04/10/2012,BET,AK,AAL,WE,Federal Contract Tower,11,12,0,0,23,0,288,2,0,290,11,300,2,0,313,14,0,14,327
04/11/2012,BET,AK,AAL,WE,Federal Contract Tower,9,8,0,0,17,1,276,0,0,277,10,284,0,0,294,8,0,8,302
04/12/2012,BET,AK,AAL,WE,Federal Contract Tower,14,7,0,0,21,0,221,12,0,233,14,228,12,0,254,16,0,16,270
04/13/2012,BET,AK,AAL,WE,Federal Contract Tower,8,20,0,0,28,0,198,11,0,209,8,218,11,0,237,4,0,4,241
04/14/2012,BET,AK,AAL,WE,Federal Contract Tower,7,4,0,0,11,0,253,11,0,264,7,257,11,0,275,10,0,10,285
04/15/2012,BET,AK,AAL,WE,Federal Contract Tower,4,6,0,0,10,0,176,2,0,178,4,182,2,0,188,28,0,28,216
04/16/2012,BET,AK,AAL,WE,Federal Contract Tower,9,6,0,0,15,0,322,2,0,324,9,328,2,0,339,12,0,12,351
04/17/2012,BET,AK,AAL,WE,Federal Contract Tower,8,6,0,0,14,0,268,9,0,277,8,274,9,0,291,0,0,0,291
04/18/2012,BET,AK,AAL,WE,Federal Contract Tower,6,6,0,2,14,0,257,13,0,270,6,263,13,2,284,0,0,0,284
04/19/2012,BET,AK,AAL,WE,Federal Contract Tower,11,8,2,0,21,0,251,7,0,258,11,259,9,0,279,2,0,2,281
04/20/2012,BET,AK,AAL,WE,Federal Contract Tower,10,72,2,0,84,0,170,1,0,171,10,242,3,0,255,1,0,1,256
04/21/2012,BET,AK,AAL,WE,Federal Contract Tower,9,43,0,0,52,0,192,8,0,200,9,235,8,0,252,4,0,4,256
04/22/2012,BET,AK,AAL,WE,Federal Contract Tower,4,4,0,0,8,0,157,1,0,158,4,161,1,0,166,4,0,4,170
04/23/2012,BET,AK,AAL,WE,Federal Contract Tower,10,9,0,0,19,0,254,6,0,260,10,263,6,0,279,0,0,0,279
04/24/2012,BET,AK,AAL,WE,Federal Contract Tower,9,1,3,1,14,0,307,20,0,327,9,308,23,1,341,0,0,0,341
04/25/2012,BET,AK,AAL,WE,Federal Contract Tower,11,6,0,2,19,0,309,10,0,319,11,315,10,2,338,6,0,6,344
04/26/2012,BET,AK,AAL,WE,Federal Contract Tower,8,6,1,0,15,0,317,18,0,335,8,323,19,0,350,11,0,11,361
04/27/2012,BET,AK,AAL,WE,Federal Contract Tower,8,5,0,0,13,0,309,17,0,326,8,314,17,0,339,8,0,8,347
04/28/2012,BET,AK,AAL,WE,Federal Contract Tower,5,13,0,0,18,0,300,0,0,300,5,313,0,0,318,0,0,0,318
04/29/2012,BET,AK,AAL,WE,Federal Contract Tower,4,9,3,0,16,0,123,0,0,123,4,132,3,0,139,0,0,0,139
04/30/2012,BET,AK,AAL,WE,Federal Contract Tower,9,79,1,3,92,0,232,11,0,243,9,311,12,3,335,10,0,10,345
05/01/2012,BET,AK,AAL,WE,Federal Contract Tower,8,51,4,0,63,0,275,5,0,280,8,326,9,0,343,37,0,37,380
05/02/2012,BET,AK,AAL,WE,Federal Contract Tower,7,74,3,0,84,0,142,5,0,147,7,216,8,0,231,0,0,0,231
05/03/2012,BET,AK,AAL,WE,Federal Contract Tower,8,6,0,0,14,1,357,7,0,365,9,363,7,0,379,4,0,4,383
05/04/2012,BET,AK,AAL,WE,Federal Contract Tower,6,3,0,1,10,0,0,0,0,0,6,3,0,1,10,0,0,0,10
05/05/2012,BET,AK,AAL,WE,Federal Contract Tower,10,3,0,0,13,8,288,2,0,298,18,291,2,0,311,14,0,14,325
05/06/2012,BET,AK,AAL,WE,Federal Contract Tower,4,2,0,0,6,0,165,6,0,171,4,167,6,0,177,0,0,0,177
05/07/2012,BET,AK,AAL,WE,Federal Contract Tower,6,9,1,2,18,1,302,7,0,310,7,311,8,2,328,8,0,8,336
05/08/2012,BET,AK,AAL,WE,Federal Contract Tower,12,90,4,0,106,0,164,4,0,168,12,254,8,0,274,0,0,0,274
05/09/2012,BET,AK,AAL,WE,Federal Contract Tower,9,2,1,3,15,0,369,21,1,391,9,371,22,4,406,25,0,25,431
05/10/2012,BET,AK,AAL,WE,Federal Contract Tower,9,9,0,0,18,0,329,15,0,344,9,338,15,0,362,10,0,10,372
05/11/2012,BET,AK,AAL,WE,Federal Contract Tower,11,74,4,0,89,0,270,7,0,277,11,344,11,0,366,0,0,0,366
05/12/2012,BET,AK,AAL,WE,Federal Contract Tower,7,41,1,0,49,0,246,4,0,250,7,287,5,0,299,0,0,0,299
05/13/2012,BET,AK,AAL,WE,Federal Contract Tower,4,5,0,0,9,0,184,3,0,187,4,189,3,0,196,4,0,4,200
05/14/2012,BET,AK,AAL,WE,Federal Contract Tower,12,14,1,0,27,0,290,19,0,309,12,304,20,0,336,24,0,24,360
05/15/2012,BET,AK,AAL,WE,Federal Contract Tower,17,17,1,0,35,0,401,13,0,414,17,418,14,0,449,12,0,12,461
05/16/2012,BET,AK,AAL,WE,Federal Contract Tower,7,6,0,0,13,4,363,18,2,387,11,369,18,2,400,20,0,20,420
05/17/2012,BET,AK,AAL,WE,Federal Contract Tower,10,5,1,1,17,9,433,6,2,450,19,438,7,3,467,10,0,10,477
05/18/2012,BET,AK,AAL,WE,Federal Contract Tower,8,6,0,2,16,0,411,22,0,433,8,417,22,2,449,4,0,4,453
05/19/2012,BET,AK,AAL,WE,Federal Contract Tower,10,6,2,0,18,0,300,6,0,306,10,306,8,0,324,0,0,0,324
05/20/2012,BET,AK,AAL,WE,Federal Contract Tower,4,7,0,4,15,0,180,2,0,182,4,187,2,4,197,10,0,10,207
05/21/2012,BET,AK,AAL,WE,Federal Contract Tower,7,9,0,2,18,0,340,7,0,347,7,349,7,2,365,12,0,12,377
05/22/2012,BET,AK,AAL,WE,Federal Contract Tower,10,25,1,2,38,0,385,12,0,397,10,410,13,2,435,4,0,4,439
05/23/2012,BET,AK,AAL,WE,Federal Contract Tower,6,21,1,1,29,3,231,15,1,250,9,252,16,2,279,0,0,0,279
05/24/2012,BET,AK,AAL,WE,Federal Contract Tower,12,8,2,0,22,0,249,21,1,271,12,257,23,1,293,5,0,5,298
05/25/2012,BET,AK,AAL,WE,Federal Contract Tower,9,9,0,0,18,0,324,23,0,347,9,333,23,0,365,13,0,13,378
05/26/2012,BET,AK,AAL,WE,Federal Contract Tower,6,3,0,0,9,0,286,19,0,305,6,289,19,0,314,10,0,10,324
05/27/2012,BET,AK,AAL,WE,Federal Contract Tower,6,4,0,0,10,0,136,5,0,141,6,140,5,0,151,11,0,11,162
05/28/2012,BET,AK,AAL,WE,Federal Contract Tower,6,4,0,0,10,0,204,31,0,235,6,208,31,0,245,10,0,10,255
05/29/2012,BET,AK,AAL,WE,Federal Contract Tower,8,4,2,0,14,0,302,18,0,320,8,306,20,0,334,20,0,20,354
05/30/2012,BET,AK,AAL,WE,Federal Contract Tower,9,6,1,0,16,0,292,15,0,307,9,298,16,0,323,0,0,0,323
05/31/2012,BET,AK,AAL,WE,Federal Contract Tower,8,10,1,0,19,0,339,36,0,375,8,349,37,0,394,24,0,24,418
06/01/2012,BET,AK,AAL,WE,Federal Contract Tower,5,59,3,0,67,0,155,21,0,176,5,214,24,0,243,14,0,14,257
06/02/2012,BET,AK,AAL,WE,Federal Contract Tower,13,50,2,0,65,0,209,17,0,226,13,259,19,0,291,32,0,32,323
06/03/2012,BET,AK,AAL,WE,Federal Contract Tower,4,4,0,0,8,0,140,11,0,151,4,144,11,0,159,0,0,0,159
06/04/2012,BET,AK,AAL,WE,Federal Contract Tower,16,4,0,0,20,0,287,14,1,302,16,291,14,1,322,26,0,26,348
06/05/2012,BET,AK,AAL,WE,Federal Contract Tower,8,3,0,0,11,0,307,25,0,332,8,310,25,0,343,4,0,4,347
06/06/2012,BET,AK,AAL,WE,Federal Contract Tower,8,1,0,0,9,0,315,9,0,324,8,316,9,0,333,8,0,8,341
06/07/2012,BET,AK,AAL,WE,Federal Contract Tower,10,243,3,0,256,0,20,2,0,22,10,263,5,0,278,0,0,0,278
06/08/2012,BET,AK,AAL,WE,Federal Contract Tower,13,130,1,0,144,0,133,11,0,144,13,263,12,0,288,4,0,4,292
06/09/2012,BET,AK,AAL,WE,Federal Contract Tower,2,131,5,0,138,0,57,0,0,57,2,188,5,0,195,0,0,0,195
06/10/2012,BET,AK,AAL,WE,Federal Contract Tower,7,2,0,0,9,0,152,8,0,160,7,154,8,0,169,18,0,18,187
06/11/2012,BET,AK,AAL,WE,Federal Contract Tower,11,8,4,0,23,0,323,16,0,339,11,331,20,0,362,4,0,4,366
06/12/2012,BET,AK,AAL,WE,Federal Contract Tower,12,10,0,2,24,0,279,20,0,299,12,289,20,2,323,5,0,5,328
06/13/2012,BET,AK,AAL,WE,Federal Contract Tower,8,63,0,0,71,4,191,17,0,212,12,254,17,0,283,0,0,0,283
06/14/2012,BET,AK,AAL,WE,Federal Contract Tower,11,5,1,0,17,0,341,36,0,377,11,346,37,0,394,0,0,0,394
06/15/2012,BET,AK,AAL,WE,Federal Contract Tower,11,7,0,0,18,0,314,30,0,344,11,321,30,0,362,0,0,0,362
06/16/2012,BET,AK,AAL,WE,Federal Contract Tower,8,10,0,0,18,0,279,17,0,296,8,289,17,0,314,8,0,8,322
06/17/2012,BET,AK,AAL,WE,Federal Contract Tower,5,2,0,0,7,0,164,13,0,177,5,166,13,0,184,29,0,29,213
06/18/2012,BET,AK,AAL,WE,Federal Contract Tower,12,64,1,0,77,0,169,12,0,181,12,233,13,0,258,10,0,10,268
06/19/2012,BET,AK,AAL,WE,Federal Contract Tower,9,26,0,0,35,0,239,7,0,246,9,265,7,0,281,0,0,0,281
06/20/2012,BET,AK,AAL,WE,Federal Contract Tower,10,4,0,0,14,0,285,5,0,290,10,289,5,0,304,6,0,6,310
06/21/2012,BET,AK,AAL,WE,Federal Contract Tower,15,4,0,0,19,0,318,17,0,335,15,322,17,0,354,6,0,6,360
06/22/2012,BET,AK,AAL,WE,Federal Contract Tower,7,5,2,0,14,5,369,13,0,387,12,374,15,0,401,0,0,0,401
06/23/2012,BET,AK,AAL,WE,Federal Contract Tower,10,4,0,0,14,0,276,14,0,290,10,280,14,0,304,0,0,0,304
06/24/2012,BET,AK,AAL,WE,Federal Contract Tower,4,63,3,0,70,0,78,4,0,82,4,141,7,0,152,0,0,0,152
06/25/2012,BET,AK,AAL,WE,Federal Contract Tower,12,71,1,0,84,0,226,4,0,230,12,297,5,0,314,0,0,0,314
06/26/2012,BET,AK,AAL,WE,Federal Contract Tower,7,58,2,0,67,0,231,12,0,243,7,289,14,0,310,0,0,0,310
06/27/2012,BET,AK,AAL,WE,Federal Contract Tower,13,5,2,0,20,0,385,8,0,393,13,390,10,0,413,10,0,10,423
06/28/2012,BET,AK,AAL,WE,Federal Contract Tower,8,8,0,5,21,0,336,15,2,353,8,344,15,7,374,8,0,8,382
06/29/2012,BET,AK,AAL,WE,Federal Contract Tower,12,55,1,0,68,0,276,13,2,291,12,331,14,2,359,0,0,0,359
06/30/2012,BET,AK,AAL,WE,Federal Contract Tower,10,5,5,0,20,0,251,9,0,260,10,256,14,0,280,8,0,8,288
07/01/2012,BET,AK,AAL,WE,Federal Contract Tower,4,6,5,0,15,0,124,12,0,136,4,130,17,0,151,0,0,0,151
07/02/2012,BET,AK,AAL,WE,Federal Contract Tower,8,9,2,0,19,0,258,15,0,273,8,267,17,0,292,9,0,9,301
07/03/2012,BET,AK,AAL,WE,Federal Contract Tower,10,20,0,2,32,0,292,15,0,307,10,312,15,2,339,0,0,0,339
07/04/2012,BET,AK,AAL,WE,Federal Contract Tower,4,3,0,0,7,0,20,41,0,61,4,23,41,0,68,0,0,0,68
07/05/2012,BET,AK,AAL,WE,Federal Contract Tower,12,9,0,0,21,0,303,41,2,346,12,312,41,2,367,4,0,4,371
07/06/2012,BET,AK,AAL,WE,Federal Contract Tower,10,2,0,0,12,0,295,20,1,316,10,297,20,1,328,21,0,21,349
07/07/2012,BET,AK,AAL,WE,Federal Contract Tower,8,5,2,0,15,0,258,39,0,297,8,263,41,0,312,0,0,0,312
07/08/2012,BET,AK,AAL,WE,Federal Contract Tower,4,6,1,0,11,0,150,22,0,172,4,156,23,0,183,0,0,0,183
07/09/2012,BET,AK,AAL,WE,Federal Contract Tower,5,135,2,1,143,0,104,1,0,105,5,239,3,1,248,12,0,12,260
07/10/2012,BET,AK,AAL,WE,Federal Contract Tower,11,10,0,2,23,0,326,49,3,378,11,336,49,5,401,10,0,10,411
07/11/2012,BET,AK,AAL,WE,Federal Contract Tower,11,6,0,0,17,0,282,48,0,330,11,288,48,0,347,6,0,6,353
07/12/2012,BET,AK,AAL,WE,Federal Contract Tower,9,7,0,2,18,1,301,31,0,333,10,308,31,2,351,0,0,0,351
07/13/2012,BET,AK,AAL,WE,Federal Contract Tower,10,5,0,0,15,0,283,42,1,326,10,288,42,1,341,2,0,2,343
07/14/2012,BET,AK,AAL,WE,Federal Contract Tower,9,34,3,0,46,0,212,22,0,234,9,246,25,0,280,0,0,0,280
07/15/2012,BET,AK,AAL,WE,Federal Contract Tower,4,5,0,0,9,0,188,30,0,218,4,193,30,0,227,10,0,10,237
07/16/2012,BET,AK,AAL,WE,Federal Contract Tower,10,7,3,3,23,0,302,30,2,334,10,309,33,5,357,4,0,4,361
07/17/2012,BET,AK,AAL,WE,Federal Contract Tower,12,6,1,0,19,1,317,31,1,350,13,323,32,1,369,0,0,0,369
07/18/2012,BET,AK,AAL,WE,Federal Contract Tower,8,76,4,2,90,0,207,12,0,219,8,283,16,2,309,0,0,0,309
07/19/2012,BET,AK,AAL,WE,Federal Contract Tower,10,132,5,0,147,0,76,9,0,85,10,208,14,0,232,20,0,20,252
07/20/2012,BET,AK,AAL,WE,Federal Contract Tower,10,112,6,0,128,0,186,18,0,204,10,298,24,0,332,4,0,4,336
07/21/2012,BET,AK,AAL,WE,Federal Contract Tower,10,103,7,0,120,0,78,7,0,85,10,181,14,0,205,34,0,34,239
07/22/2012,BET,AK,AAL,WE,Federal Contract Tower,8,14,0,0,22,0,192,36,0,228,8,206,36,0,250,34,0,34,284
07/23/2012,BET,AK,AAL,WE,Federal Contract Tower,11,85,2,0,98,0,202,16,0,218,11,287,18,0,316,6,1,7,323
07/24/2012,BET,AK,AAL,WE,Federal Contract Tower,9,55,2,0,66,0,258,31,0,289,9,313,33,0,355,2,0,2,357
07/25/2012,BET,AK,AAL,WE,Federal Contract Tower,8,6,0,2,16,0,258,6,0,264,8,264,6,2,280,3,0,3,283
07/26/2012,BET,AK,AAL,WE,Federal Contract Tower,14,80,2,0,96,0,166,15,0,181,14,246,17,0,277,4,0,4,281
07/27/2012,BET,AK,AAL,WE,Federal Contract Tower,5,161,2,0,168,0,176,5,0,181,5,337,7,0,349,4,0,4,353
07/28/2012,BET,AK,AAL,WE,Federal Contract Tower,6,8,0,0,14,1,244,23,0,268,7,252,23,0,282,0,0,0,282
07/29/2012,BET,AK,AAL,WE,Federal Contract Tower,6,59,1,0,66,0,104,15,0,119,6,163,16,0,185,0,0,0,185
07/30/2012,BET,AK,AAL,WE,Federal Contract Tower,12,6,0,0,18,0,308,38,0,346,12,314,38,0,364,17,0,17,381
07/31/2012,BET,AK,AAL,WE,Federal Contract Tower,11,8,0,2,21,0,263,23,3,289,11,271,23,5,310,4,0,4,314
08/01/2012,BET,AK,AAL,WE,Federal Contract Tower,7,19,1,0,27,0,271,19,0,290,7,290,20,0,317,5,0,5,322
08/02/2012,BET,AK,AAL,WE,Federal Contract Tower,6,56,2,2,66,0,239,25,8,272,6,295,27,10,338,0,0,0,338
08/03/2012,BET,AK,AAL,WE,Federal Contract Tower,8,178,8,2,196,0,77,6,0,83,8,255,14,2,279,0,0,0,279
08/04/2012,BET,AK,AAL,WE,Federal Contract Tower,8,6,0,0,14,0,259,55,0,314,8,265,55,0,328,19,0,19,347
08/05/2012,BET,AK,AAL,WE,Federal Contract Tower,4,10,2,0,16,0,169,31,0,200,4,179,33,0,216,26,0,26,242
08/06/2012,BET,AK,AAL,WE,Federal Contract Tower,10,101,2,0,113,0,172,14,0,186,10,273,16,0,299,2,0,2,301
08/07/2012,BET,AK,AAL,WE,Federal Contract Tower,8,80,2,1,91,0,159,7,0,166,8,239,9,1,257,0,0,0,257
08/08/2012,BET,AK,AAL,WE,Federal Contract Tower,8,14,0,0,22,0,327,30,0,357,8,341,30,0,379,0,0,0,379
08/09/2012,BET,AK,AAL,WE,Federal Contract Tower,6,11,0,1,18,0,232,16,0,248,6,243,16,1,266,19,0,19,285
08/10/2012,BET,AK,AAL,WE,Federal Contract Tower,8,9,0,0,17,0,304,28,0,332,8,313,28,0,349,36,2,38,387
08/11/2012,BET,AK,AAL,WE,Federal Contract Tower,17,6,0,0,23,0,259,64,0,323,17,265,64,0,346,16,0,16,362
08/12/2012,BET,AK,AAL,WE,Federal Contract Tower,6,6,0,0,12,0,171,43,0,214,6,177,43,0,226,4,0,4,230
08/13/2012,BET,AK,AAL,WE,Federal Contract Tower,9,11,0,0,20,0,298,51,0,349,9,309,51,0,369,4,0,4,373
08/14/2012,BET,AK,AAL,WE,Federal Contract Tower,9,7,1,0,17,0,290,34,2,326,9,297,35,2,343,6,0,6,349
08/15/2012,BET,AK,AAL,WE,Federal Contract Tower,12,10,0,0,22,0,322,26,0,348,12,332,26,0,370,20,0,20,390
08/16/2012,BET,AK,AAL,WE,Federal Contract Tower,10,9,2,0,21,0,311,32,0,343,10,320,34,0,364,0,0,0,364
08/17/2012,BET,AK,AAL,WE,Federal Contract Tower,7,26,2,1,36,0,229,13,0,242,7,255,15,1,278,0,0,0,278
08/18/2012,BET,AK,AAL,WE,Federal Contract Tower,3,34,4,0,41,0,159,18,0,177,3,193,22,0,218,0,0,0,218
08/19/2012,BET,AK,AAL,WE,Federal Contract Tower,2,22,1,0,25,0,135,6,0,141,2,157,7,0,166,0,0,0,166
08/20/2012,BET,AK,AAL,WE,Federal Contract Tower,10,6,0,2,18,0,324,44,0,368,10,330,44,2,386,6,0,6,392
08/21/2012,BET,AK,AAL,WE,Federal Contract Tower,5,47,3,0,55,0,207,13,0,220,5,254,16,0,275,0,0,0,275
08/22/2012,BET,AK,AAL,WE,Federal Contract Tower,10,129,5,0,144,0,166,12,0,178,10,295,17,0,322,2,0,2,324
08/23/2012,BET,AK,AAL,WE,Federal Contract Tower,11,18,1,0,30,0,353,53,0,406,11,371,54,0,436,10,0,10,446
08/24/2012,BET,AK,AAL,WE,Federal Contract Tower,7,54,3,0,64,0,281,12,0,293,7,335,15,0,357,0,0,0,357
08/25/2012,BET,AK,AAL,WE,Federal Contract Tower,13,74,4,0,91,0,203,28,0,231,13,277,32,0,322,0,0,0,322
08/26/2012,BET,AK,AAL,WE,Federal Contract Tower,1,47,2,0,50,0,72,3,0,75,1,119,5,0,125,4,0,4,129
08/27/2012,BET,AK,AAL,WE,Federal Contract Tower,10,6,1,0,17,0,285,36,0,321,10,291,37,0,338,15,0,15,353
08/28/2012,BET,AK,AAL,WE,Federal Contract Tower,8,65,3,0,76,0,148,16,0,164,8,213,19,0,240,11,0,11,251
08/29/2012,BET,AK,AAL,WE,Federal Contract Tower,3,106,5,0,114,0,66,1,0,67,3,172,6,0,181,0,0,0,181
08/30/2012,BET,AK,AAL,WE,Federal Contract Tower,11,13,2,0,26,0,356,19,0,375,11,369,21,0,401,0,0,0,401
08/31/2012,BET,AK,AAL,WE,Federal Contract Tower,7,18,0,0,25,0,364,21,2,387,7,382,21,2,412,0,0,0,412
09/01/2012,BET,AK,AAL,WE,Federal Contract Tower,13,5,0,0,18,0,259,25,0,284,13,264,25,0,302,0,0,0,302
09/02/2012,BET,AK,AAL,WE,Federal Contract Tower,2,7,0,0,9,0,111,7,0,118,2,118,7,0,127,2,0,2,129
09/03/2012,BET,AK,AAL,WE,Federal Contract Tower,5,82,0,0,87,0,126,7,0,133,5,208,7,0,220,0,0,0,220
09/04/2012,BET,AK,AAL,WE,Federal Contract Tower,11,9,0,0,20,0,269,9,0,278,11,278,9,0,298,0,0,0,298
09/05/2012,BET,AK,AAL,WE,Federal Contract Tower,10,8,0,0,18,0,279,21,0,300,10,287,21,0,318,4,0,4,322
09/06/2012,BET,AK,AAL,WE,Federal Contract Tower,9,10,0,0,19,0,350,43,0,393,9,360,43,0,412,8,0,8,420
09/07/2012,BET,AK,AAL,WE,Federal Contract Tower,7,36,1,2,46,0,297,12,0,309,7,333,13,2,355,0,0,0,355
09/08/2012,BET,AK,AAL,WE,Federal Contract Tower,9,25,0,0,34,0,296,23,0,319,9,321,23,0,353,8,0,8,361
09/09/2012,BET,AK,AAL,WE,Federal Contract Tower,10,5,0,0,15,0,124,28,0,152,10,129,28,0,167,0,0,0,167
09/10/2012,BET,AK,AAL,WE,Federal Contract Tower,7,10,0,0,17,0,280,23,0,303,7,290,23,0,320,2,0,2,322
09/11/2012,BET,AK,AAL,WE,Federal Contract Tower,10,4,0,0,14,0,302,26,0,328,10,306,26,0,342,0,0,0,342
09/12/2012,BET,AK,AAL,WE,Federal Contract Tower,11,9,4,1,25,1,317,16,1,335,12,326,20,2,360,6,0,6,366
09/13/2012,BET,AK,AAL,WE,Federal Contract Tower,12,20,0,0,32,0,275,40,3,318,12,295,40,3,350,4,0,4,354
09/14/2012,BET,AK,AAL,WE,Federal Contract Tower,11,3,0,0,14,0,313,46,2,361,11,316,46,2,375,4,0,4,379
09/15/2012,BET,AK,AAL,WE,Federal Contract Tower,8,159,11,0,178,0,48,7,0,55,8,207,18,0,233,0,0,0,233
09/16/2012,BET,AK,AAL,WE,Federal Contract Tower,12,0,0,0,12,0,160,31,0,191,12,160,31,0,203,0,0,0,203
09/17/2012,BET,AK,AAL,WE,Federal Contract Tower,13,4,3,0,20,0,304,21,0,325,13,308,24,0,345,0,0,0,345
09/18/2012,BET,AK,AAL,WE,Federal Contract Tower,9,8,2,0,19,3,319,33,0,355,12,327,35,0,374,0,0,0,374
09/19/2012,BET,AK,AAL,WE,Federal Contract Tower,5,7,1,0,13,0,306,26,0,332,5,313,27,0,345,2,0,2,347
09/20/2012,BET,AK,AAL,WE,Federal Contract Tower,8,9,2,0,19,0,282,42,0,324,8,291,44,0,343,2,0,2,345
09/21/2012,BET,AK,AAL,WE,Federal Contract Tower,6,9,0,2,17,0,317,48,0,365,6,326,48,2,382,0,0,0,382
09/22/2012,BET,AK,AAL,WE,Federal Contract Tower,6,189,5,0,200,0,55,0,0,55,6,244,5,0,255,0,0,0,255
09/23/2012,BET,AK,AAL,WE,Federal Contract Tower,10,4,1,0,15,0,165,52,0,217,10,169,53,0,232,12,0,12,244
09/24/2012,BET,AK,AAL,WE,Federal Contract Tower,10,3,0,0,13,0,288,38,1,327,10,291,38,1,340,0,0,0,340
09/25/2012,BET,AK,AAL,WE,Federal Contract Tower,9,7,0,0,16,0,321,13,0,334,9,328,13,0,350,6,0,6,356
09/26/2012,BET,AK,AAL,WE,Federal Contract Tower,9,6,1,0,16,2,337,35,0,374,11,343,36,0,390,28,1,29,419
09/27/2012,BET,AK,AAL,WE,Federal Contract Tower,11,4,0,0,15,0,310,11,0,321,11,314,11,0,336,0,0,0,336
09/28/2012,BET,AK,AAL,WE,Federal Contract Tower,10,10,1,0,21,1,373,17,0,391,11,383,18,0,412,22,0,22,434
09/29/2012,BET,AK,AAL,WE,Federal Contract Tower,9,111,4,0,124,0,113,11,0,124,9,224,15,0,248,10,0,10,258
09/30/2012,BET,AK,AAL,WE,Federal Contract Tower,7,5,0,0,12,0,144,39,0,183,7,149,39,0,195,10,0,10,205
10/01/2012,BET,AK,AAL,WE,Federal Contract Tower,11,149,0,0,160,0,81,0,0,81,11,230,0,0,241,18,0,18,259
10/02/2012,BET,AK,AAL,WE,Federal Contract Tower,11,11,0,0,22,1,318,17,0,336,12,329,17,0,358,24,0,24,382
10/03/2012,BET,AK,AAL,WE,Federal Contract Tower,11,6,2,0,19,0,317,29,0,346,11,323,31,0,365,32,0,32,397
10/04/2012,BET,AK,AAL,WE,Federal Contract Tower,11,5,2,0,18,0,243,4,0,247,11,248,6,0,265,6,0,6,271
10/05/2012,BET,AK,AAL,WE,Federal Contract Tower,11,7,2,0,20,0,250,0,0,250,11,257,2,0,270,8,0,8,278
10/06/2012,BET,AK,AAL,WE,Federal Contract Tower,9,3,0,0,12,0,390,7,0,397,9,393,7,0,409,16,0,16,425
10/07/2012,BET,AK,AAL,WE,Federal Contract Tower,4,72,3,0,79,0,64,4,0,68,4,136,7,0,147,0,0,0,147
10/08/2012,BET,AK,AAL,WE,Federal Contract Tower,8,159,4,0,171,0,77,1,0,78,8,236,5,0,249,0,0,0,249
10/09/2012,BET,AK,AAL,WE,Federal Contract Tower,7,65,1,0,73,0,244,12,0,256,7,309,13,0,329,0,0,0,329
10/10/2012,BET,AK,AAL,WE,Federal Contract Tower,9,4,0,2,15,4,309,10,0,323,13,313,10,2,338,44,0,44,382
10/11/2012,BET,AK,AAL,WE,Federal Contract Tower,13,9,0,0,22,0,325,14,0,339,13,334,14,0,361,25,0,25,386
10/12/2012,BET,AK,AAL,WE,Federal Contract Tower,9,6,0,1,16,0,358,13,1,372,9,364,13,2,388,50,0,50,438
10/13/2012,BET,AK,AAL,WE,Federal Contract Tower,12,5,0,0,17,0,246,4,0,250,12,251,4,0,267,16,0,16,283
10/14/2012,BET,AK,AAL,WE,Federal Contract Tower,8,3,0,0,11,0,234,28,0,262,8,237,28,0,273,0,0,0,273
10/15/2012,BET,AK,AAL,WE,Federal Contract Tower,10,5,2,0,17,0,395,6,0,401,10,400,8,0,418,4,0,4,422
10/16/2012,BET,AK,AAL,WE,Federal Contract Tower,8,8,0,0,16,0,361,6,0,367,8,369,6,0,383,10,0,10,393
10/17/2012,BET,AK,AAL,WE,Federal Contract Tower,6,9,0,0,15,0,374,3,0,377,6,383,3,0,392,24,0,24,416
10/18/2012,BET,AK,AAL,WE,Federal Contract Tower,15,4,2,0,21,0,390,14,0,404,15,394,16,0,425,0,0,0,425
10/19/2012,BET,AK,AAL,WE,Federal Contract Tower,8,6,0,0,14,0,389,4,0,393,8,395,4,0,407,42,0,42,449
10/20/2012,BET,AK,AAL,WE,Federal Contract Tower,6,26,0,0,32,0,16,0,0,16,6,42,0,0,48,0,0,0,48
10/21/2012,BET,AK,AAL,WE,Federal Contract Tower,8,106,4,0,118,0,163,6,0,169,8,269,10,0,287,0,0,0,287
10/22/2012,BET,AK,AAL,WE,Federal Contract Tower,14,49,2,0,65,0,215,9,0,224,14,264,11,0,289,12,0,12,301
10/23/2012,BET,AK,AAL,WE,Federal Contract Tower,15,9,0,0,24,0,371,12,0,383,15,380,12,0,407,12,0,12,419
10/24/2012,BET,AK,AAL,WE,Federal Contract Tower,10,4,0,2,16,0,387,11,0,398,10,391,11,2,414,0,0,0,414
10/25/2012,BET,AK,AAL,WE,Federal Contract Tower,13,6,3,0,22,0,388,9,0,397,13,394,12,0,419,22,0,22,441
10/26/2012,BET,AK,AAL,WE,Federal Contract Tower,6,3,0,0,9,0,415,7,0,422,6,418,7,0,431,0,0,0,431
10/27/2012,BET,AK,AAL,WE,Federal Contract Tower,12,2,0,0,14,0,352,5,0,357,12,354,5,0,371,6,0,6,377
10/28/2012,BET,AK,AAL,WE,Federal Contract Tower,4,2,0,0,6,0,241,7,0,248,4,243,7,0,254,0,0,0,254
10/29/2012,BET,AK,AAL,WE,Federal Contract Tower,10,8,0,2,20,0,301,5,2,308,10,309,5,4,328,2,0,2,330
10/30/2012,BET,AK,AAL,WE,Federal Contract Tower,9,4,0,0,13,0,375,7,0,382,9,379,7,0,395,16,0,16,411
10/31/2012,BET,AK,AAL,WE,Federal Contract Tower,7,6,0,0,13,0,352,0,0,352,7,358,0,0,365,0,0,0,365
11/01/2012,BET,AK,AAL,WE,Federal Contract Tower,11,2,0,2,15,0,391,4,0,395,11,393,4,2,410,13,0,13,423
11/02/2012,BET,AK,AAL,WE,Federal Contract Tower,10,3,0,1,14,0,508,1,4,513,10,511,1,5,527,13,0,13,540
11/03/2012,BET,AK,AAL,WE,Federal Contract Tower,12,6,0,0,18,0,312,4,2,318,12,318,4,2,336,14,0,14,350
11/04/2012,BET,AK,AAL,WE,Federal Contract Tower,3,6,0,0,9,0,304,3,2,309,3,310,3,2,318,0,0,0,318
11/05/2012,BET,AK,AAL,WE,Federal Contract Tower,9,9,2,0,20,0,352,13,0,365,9,361,15,0,385,0,0,0,385
11/06/2012,BET,AK,AAL,WE,Federal Contract Tower,8,4,0,0,12,0,392,12,0,404,8,396,12,0,416,8,0,8,424
11/07/2012,BET,AK,AAL,WE,Federal Contract Tower,5,5,0,0,10,0,410,6,0,416,5,415,6,0,426,4,0,4,430
11/08/2012,BET,AK,AAL,WE,Federal Contract Tower,10,12,1,0,23,0,292,3,0,295,10,304,4,0,318,0,0,0,318
11/09/2012,BET,AK,AAL,WE,Federal Contract Tower,5,7,0,0,12,0,215,4,0,219,5,222,4,0,231,0,0,0,231
11/10/2012,BET,AK,AAL,WE,Federal Contract Tower,7,35,0,0,42,0,89,0,0,89,7,124,0,0,131,0,0,0,131
11/11/2012,BET,AK,AAL,WE,Federal Contract Tower,7,173,2,0,182,0,0,0,0,0,7,173,2,0,182,0,0,0,182
11/12/2012,BET,AK,AAL,WE,Federal Contract Tower,6,110,0,0,116,0,0,0,0,0,6,110,0,0,116,0,0,0,116
11/13/2012,BET,AK,AAL,WE,Federal Contract Tower,8,6,0,0,14,0,19,0,0,19,8,25,0,0,33,0,0,0,33
11/14/2012,BET,AK,AAL,WE,Federal Contract Tower,14,53,1,0,68,0,256,2,4,262,14,309,3,4,330,0,0,0,330
11/15/2012,BET,AK,AAL,WE,Federal Contract Tower,7,5,0,0,12,1,353,4,0,358,8,358,4,0,370,40,0,40,410
11/16/2012,BET,AK,AAL,WE,Federal Contract Tower,8,4,0,0,12,0,486,7,1,494,8,490,7,1,506,16,0,16,522
11/17/2012,BET,AK,AAL,WE,Federal Contract Tower,11,4,0,0,15,0,285,1,0,286,11,289,1,0,301,0,0,0,301
11/18/2012,BET,AK,AAL,WE,Federal Contract Tower,2,6,0,0,8,0,235,1,0,236,2,241,1,0,244,4,0,4,248
11/19/2012,BET,AK,AAL,WE,Federal Contract Tower,13,5,0,0,18,1,354,3,2,360,14,359,3,2,378,4,0,4,382
11/20/2012,BET,AK,AAL,WE,Federal Contract Tower,8,4,0,2,14,0,335,0,2,337,8,339,0,4,351,2,0,2,353
11/21/2012,BET,AK,AAL,WE,Federal Contract Tower,5,4,0,0,9,0,393,9,0,402,5,397,9,0,411,4,0,4,415
11/22/2012,BET,AK,AAL,WE,Federal Contract Tower,0,0,0,0,0,0,6,1,0,7,0,6,1,0,7,0,0,0,7
11/23/2012,BET,AK,AAL,WE,Federal Contract Tower,8,4,0,0,12,0,288,3,0,291,8,292,3,0,303,0,0,0,303
11/24/2012,BET,AK,AAL,WE,Federal Contract Tower,11,2,0,0,13,1,260,7,0,268,12,262,7,0,281,0,0,0,281
11/25/2012,BET,AK,AAL,WE,Federal Contract Tower,1,7,0,0,8,0,191,15,0,206,1,198,15,0,214,4,0,4,218
11/26/2012,BET,AK,AAL,WE,Federal Contract Tower,9,3,0,0,12,0,293,11,2,306,9,296,11,2,318,4,0,4,322
11/27/2012,BET,AK,AAL,WE,Federal Contract Tower,6,4,0,0,10,1,330,8,0,339,7,334,8,0,349,6,0,6,355
11/28/2012,BET,AK,AAL,WE,Federal Contract Tower,5,6,2,0,13,0,353,14,0,367,5,359,16,0,380,18,0,18,398
11/29/2012,BET,AK,AAL,WE,Federal Contract Tower,6,7,0,0,13,0,339,13,0,352,6,346,13,0,365,0,0,0,365
11/30/2012,BET,AK,AAL,WE,Federal Contract Tower,4,6,0,0,10,0,316,4,0,320,4,322,4,0,330,8,0,8,338
12/01/2012,BET,AK,AAL,WE,Federal Contract Tower,6,59,0,0,65,0,68,2,0,70,6,127,2,0,135,0,0,0,135
12/02/2012,BET,AK,AAL,WE,Federal Contract Tower,9,6,0,0,15,0,158,8,0,166,9,164,8,0,181,6,0,6,187
12/03/2012,BET,AK,AAL,WE,Federal Contract Tower,5,3,0,2,10,0,315,14,0,329,5,318,14,2,339,0,0,0,339
12/04/2012,BET,AK,AAL,WE,Federal Contract Tower,4,6,0,0,10,1,293,9,3,306,5,299,9,3,316,6,0,6,322
12/05/2012,BET,AK,AAL,WE,Federal Contract Tower,7,9,1,1,18,0,306,18,0,324,7,315,19,1,342,4,0,4,346
12/06/2012,BET,AK,AAL,WE,Federal Contract Tower,8,4,0,0,12,0,341,13,2,356,8,345,13,2,368,16,0,16,384
12/07/2012,BET,AK,AAL,WE,Federal Contract Tower,6,7,0,0,13,0,303,11,0,314,6,310,11,0,327,0,0,0,327
12/08/2012,BET,AK,AAL,WE,Federal Contract Tower,3,5,0,0,8,0,59,2,0,61,3,64,2,0,69,0,0,0,69
12/09/2012,BET,AK,AAL,WE,Federal Contract Tower,4,29,0,0,33,0,76,1,0,77,4,105,1,0,110,0,0,0,110
12/10/2012,BET,AK,AAL,WE,Federal Contract Tower,9,22,0,2,33,0,67,2,0,69,9,89,2,2,102,0,0,0,102
12/11/2012,BET,AK,AAL,WE,Federal Contract Tower,3,9,0,0,12,0,113,2,0,115,3,122,2,0,127,0,0,0,127
12/12/2012,BET,AK,AAL,WE,Federal Contract Tower,8,27,0,0,35,0,52,0,0,52,8,79,0,0,87,0,0,0,87
12/13/2012,BET,AK,AAL,WE,Federal Contract Tower,9,8,1,1,19,0,366,4,11,381,9,374,5,12,400,2,0,2,402
12/14/2012,BET,AK,AAL,WE,Federal Contract Tower,10,24,1,1,36,0,291,1,0,292,10,315,2,1,328,4,0,4,332
12/15/2012,BET,AK,AAL,WE,Federal Contract Tower,12,8,0,0,20,0,309,5,2,316,12,317,5,2,336,0,6,6,342
12/16/2012,BET,AK,AAL,WE,Federal Contract Tower,2,38,4,0,44,0,50,0,0,50,2,88,4,0,94,0,0,0,94
12/17/2012,BET,AK,AAL,WE,Federal Contract Tower,6,39,2,2,49,0,224,6,3,233,6,263,8,5,282,0,0,0,282
12/18/2012,BET,AK,AAL,WE,Federal Contract Tower,8,7,0,0,15,0,274,2,0,276,8,281,2,0,291,2,0,2,293
12/19/2012,BET,AK,AAL,WE,Federal Contract Tower,8,5,0,2,15,0,287,4,0,291,8,292,4,2,306,0,2,2,308
12/20/2012,BET,AK,AAL,WE,Federal Contract Tower,7,9,0,0,16,0,248,1,0,249,7,257,1,0,265,0,0,0,265
12/21/2012,BET,AK,AAL,WE,Federal Contract Tower,6,6,0,0,12,0,294,0,0,294,6,300,0,0,306,10,0,10,316
12/22/2012,BET,AK,AAL,WE,Federal Contract Tower,6,8,0,0,14,0,220,2,0,222,6,228,2,0,236,2,0,2,238
12/23/2012,BET,AK,AAL,WE,Federal Contract Tower,3,5,0,0,8,0,130,0,0,130,3,135,0,0,138,2,0,2,140
12/24/2012,BET,AK,AAL,WE,Federal Contract Tower,5,9,0,0,14,0,152,0,2,154,5,161,0,2,168,0,0,0,168
12/25/2012,BET,AK,AAL,WE,Federal Contract Tower,0,0,0,0,0,0,9,0,0,9,0,9,0,0,9,0,0,0,9
12/26/2012,BET,AK,AAL,WE,Federal Contract Tower,8,30,0,2,40,0,85,0,0,85,8,115,0,2,125,0,0,0,125
12/27/2012,BET,AK,AAL,WE,Federal Contract Tower,11,7,0,0,18,0,0,184,3,187,11,7,184,3,205,0,0,0,205
12/28/2012,BET,AK,AAL,WE,Federal Contract Tower,6,9,0,0,15,1,232,1,0,234,7,241,1,0,249,0,0,0,249
12/29/2012,BET,AK,AAL,WE,Federal Contract Tower,12,8,0,0,20,0,185,6,0,191,12,193,6,0,211,4,0,4,215
12/30/2012,BET,AK,AAL,WE,Federal Contract Tower,2,8,0,0,10,0,107,1,0,108,2,115,1,0,118,0,0,0,118
12/31/2012,BET,AK,AAL,WE,Federal Contract Tower,3,4,0,0,7,0,164,6,2,172,3,168,6,2,179,6,0,6,185
01/01/2013,BET,AK,AAL,WE,Federal Contract Tower,2,0,0,0,2,0,0,13,0,13,2,0,13,0,15,0,0,0,15
01/02/2013,BET,AK,AAL,WE,Federal Contract Tower,7,5,0,0,12,0,177,1,2,180,7,182,1,2,192,0,0,0,192
01/03/2013,BET,AK,AAL,WE,Federal Contract Tower,8,7,0,0,15,0,243,4,0,247,8,250,4,0,262,4,0,4,266
01/04/2013,BET,AK,AAL,WE,Federal Contract Tower,8,35,0,0,43,0,166,4,0,170,8,201,4,0,213,16,0,16,229
01/05/2013,BET,AK,AAL,WE,Federal Contract Tower,8,4,0,0,12,0,172,5,0,177,8,176,5,0,189,0,0,0,189
01/06/2013,BET,AK,AAL,WE,Federal Contract Tower,3,22,0,0,25,0,49,2,0,51,3,71,2,0,76,0,0,0,76
01/07/2013,BET,AK,AAL,WE,Federal Contract Tower,5,61,0,6,72,0,56,0,0,56,5,117,0,6,128,0,0,0,128
01/08/2013,BET,AK,AAL,WE,Federal Contract Tower,6,39,0,0,45,0,204,3,2,209,6,243,3,2,254,0,0,0,254
01/09/2013,BET,AK,AAL,WE,Federal Contract Tower,9,30,0,0,39,0,30,0,0,30,9,60,0,0,69,0,0,0,69
01/10/2013,BET,AK,AAL,WE,Federal Contract Tower,12,12,0,0,24,0,190,2,3,195,12,202,2,3,219,0,0,0,219
01/11/2013,BET,AK,AAL,WE,Federal Contract Tower,7,8,0,0,15,0,225,6,2,233,7,233,6,2,248,8,0,8,256
01/12/2013,BET,AK,AAL,WE,Federal Contract Tower,8,8,0,0,16,0,56,0,0,56,8,64,0,0,72,20,0,20,92
01/13/2013,BET,AK,AAL,WE,Federal Contract Tower,2,40,0,0,42,0,31,0,0,31,2,71,0,0,73,0,0,0,73
01/14/2013,BET,AK,AAL,WE,Federal Contract Tower,7,9,0,1,17,0,286,2,3,291,7,295,2,4,308,0,0,0,308
01/15/2013,BET,AK,AAL,WE,Federal Contract Tower,4,8,0,0,12,0,309,4,5,318,4,317,4,5,330,13,0,13,343
01/16/2013,BET,AK,AAL,WE,Federal Contract Tower,6,7,0,0,13,1,230,9,1,241,7,237,9,1,254,0,0,0,254
01/17/2013,BET,AK,AAL,WE,Federal Contract Tower,9,6,0,0,15,0,245,5,2,252,9,251,5,2,267,16,0,16,283
01/18/2013,BET,AK,AAL,WE,Federal Contract Tower,6,65,1,2,74,0,169,1,0,170,6,234,2,2,244,0,0,0,244
01/19/2013,BET,AK,AAL,WE,Federal Contract Tower,4,27,0,0,31,0,39,0,0,39,4,66,0,0,70,0,0,0,70
01/20/2013,BET,AK,AAL,WE,Federal Contract Tower,3,9,0,0,12,0,194,11,0,205,3,203,11,0,217,0,0,0,217
01/21/2013,BET,AK,AAL,WE,Federal Contract Tower,5,6,1,0,12,0,232,4,0,236,5,238,5,0,248,0,0,0,248
01/22/2013,BET,AK,AAL,WE,Federal Contract Tower,10,6,0,0,16,0,127,1,0,128,10,133,1,0,144,20,0,20,164
01/23/2013,BET,AK,AAL,WE,Federal Contract Tower,9,6,0,0,15,0,243,13,0,256,9,249,13,0,271,5,0,5,276
01/24/2013,BET,AK,AAL,WE,Federal Contract Tower,6,9,0,0,15,0,212,6,0,218,6,221,6,0,233,0,0,0,233
01/25/2013,BET,AK,AAL,WE,Federal Contract Tower,5,8,0,0,13,1,264,6,0,271,6,272,6,0,284,4,0,4,288
01/26/2013,BET,AK,AAL,WE,Federal Contract Tower,10,2,0,0,12,0,207,7,0,214,10,209,7,0,226,2,0,2,228
01/27/2013,BET,AK,AAL,WE,Federal Contract Tower,2,3,0,0,5,0,127,3,0,130,2,130,3,0,135,2,0,2,137
01/28/2013,BET,AK,AAL,WE,Federal Contract Tower,7,12,0,0,19,0,22,0,0,22,7,34,0,0,41,0,0,0,41
01/29/2013,BET,AK,AAL,WE,Federal Contract Tower,9,17,1,8,35,0,0,0,0,0,9,17,1,8,35,0,0,0,35
01/30/2013,BET,AK,AAL,WE,Federal Contract Tower,7,39,0,0,46,0,93,5,7,105,7,132,5,7,151,0,0,0,151
01/31/2013,BET,AK,AAL,WE,Federal Contract Tower,4,121,0,0,125,0,0,0,0,0,4,121,0,0,125,0,0,0,125
02/01/2013,BET,AK,AAL,WE,Federal Contract Tower,8,7,0,0,15,0,258,5,0,263,8,265,5,0,278,4,0,4,282
02/02/2013,BET,AK,AAL,WE,Federal Contract Tower,11,7,0,0,18,0,229,3,0,232,11,236,3,0,250,8,0,8,258
02/03/2013,BET,AK,AAL,WE,Federal Contract Tower,2,6,0,0,8,0,144,0,0,144,2,150,0,0,152,2,0,2,154
02/04/2013,BET,AK,AAL,WE,Federal Contract Tower,5,2,1,2,10,0,295,6,2,303,5,297,7,4,313,0,0,0,313
02/05/2013,BET,AK,AAL,WE,Federal Contract Tower,8,45,0,0,53,0,52,0,0,52,8,97,0,0,105,2,0,2,107
02/06/2013,BET,AK,AAL,WE,Federal Contract Tower,6,43,0,2,51,0,73,0,0,73,6,116,0,2,124,0,0,0,124
02/07/2013,BET,AK,AAL,WE,Federal Contract Tower,3,35,0,5,43,0,43,0,3,46,3,78,0,8,89,0,0,0,89
02/08/2013,BET,AK,AAL,WE,Federal Contract Tower,5,16,2,6,29,0,205,6,15,226,5,221,8,21,255,6,0,6,261
02/09/2013,BET,AK,AAL,WE,Federal Contract Tower,8,23,0,6,37,0,59,3,20,82,8,82,3,26,119,0,0,0,119
02/10/2013,BET,AK,AAL,WE,Federal Contract Tower,3,4,1,1,9,0,126,3,0,129,3,130,4,1,138,2,0,2,140
02/11/2013,BET,AK,AAL,WE,Federal Contract Tower,8,11,1,0,20,0,67,2,0,69,8,78,3,0,89,0,0,0,89
02/12/2013,BET,AK,AAL,WE,Federal Contract Tower,6,85,0,0,91,0,27,0,0,27,6,112,0,0,118,0,0,0,118
02/13/2013,BET,AK,AAL,WE,Federal Contract Tower,6,4,2,0,12,0,284,11,0,295,6,288,13,0,307,0,0,0,307
02/14/2013,BET,AK,AAL,WE,Federal Contract Tower,8,72,1,0,81,0,123,2,0,125,8,195,3,0,206,0,0,0,206
02/15/2013,BET,AK,AAL,WE,Federal Contract Tower,7,15,1,0,23,0,242,13,0,255,7,257,14,0,278,6,0,6,284
02/16/2013,BET,AK,AAL,WE,Federal Contract Tower,9,86,2,0,97,0,38,0,0,38,9,124,2,0,135,10,0,10,145
02/17/2013,BET,AK,AAL,WE,Federal Contract Tower,2,3,0,0,5,0,169,5,0,174,2,172,5,0,179,25,0,25,204
02/18/2013,BET,AK,AAL,WE,Federal Contract Tower,10,0,0,0,10,0,143,9,0,152,10,143,9,0,162,2,0,2,164
02/19/2013,BET,AK,AAL,WE,Federal Contract Tower,5,31,0,0,36,0,84,1,0,85,5,115,1,0,121,0,0,0,121
02/20/2013,BET,AK,AAL,WE,Federal Contract Tower,11,106,2,0,119,0,101,1,0,102,11,207,3,0,221,0,0,0,221
02/21/2013,BET,AK,AAL,WE,Federal Contract Tower,8,22,1,0,31,0,232,8,0,240,8,254,9,0,271,4,0,4,275
02/22/2013,BET,AK,AAL,WE,Federal Contract Tower,9,82,1,0,92,0,175,5,0,180,9,257,6,0,272,0,0,0,272
02/23/2013,BET,AK,AAL,WE,Federal Contract Tower,11,3,0,0,14,0,212,1,0,213,11,215,1,0,227,0,0,0,227
02/24/2013,BET,AK,AAL,WE,Federal Contract Tower,3,6,0,0,9,0,144,9,0,153,3,150,9,0,162,8,0,8,170
02/25/2013,BET,AK,AAL,WE,Federal Contract Tower,9,81,2,3,95,0,40,0,0,40,9,121,2,3,135,0,2,2,137
02/26/2013,BET,AK,AAL,WE,Federal Contract Tower,6,47,1,0,54,0,55,2,0,57,6,102,3,0,111,4,0,4,115
02/27/2013,BET,AK,AAL,WE,Federal Contract Tower,11,6,1,0,18,0,324,32,2,358,11,330,33,2,376,12,0,12,388
02/28/2013,BET,AK,AAL,WE,Federal Contract Tower,5,8,0,0,13,0,229,0,0,229,5,237,0,0,242,10,0,10,252
03/01/2013,BET,AK,AAL,WE,Federal Contract Tower,5,5,0,0,10,0,269,11,0,280,5,274,11,0,290,0,0,0,290
03/02/2013,BET,AK,AAL,WE,Federal Contract Tower,13,2,0,0,15,0,195,8,0,203,13,197,8,0,218,0,0,0,218
03/03/2013,BET,AK,AAL,WE,Federal Contract Tower,4,2,0,0,6,0,259,12,0,271,4,261,12,0,277,4,0,4,281
03/04/2013,BET,AK,AAL,WE,Federal Contract Tower,8,5,0,0,13,0,223,16,0,239,8,228,16,0,252,8,0,8,260
03/05/2013,BET,AK,AAL,WE,Federal Contract Tower,10,16,5,0,31,0,181,4,0,185,10,197,9,0,216,0,0,0,216
03/06/2013,BET,AK,AAL,WE,Federal Contract Tower,7,19,0,0,26,0,189,14,0,203,7,208,14,0,229,6,0,6,235
03/07/2013,BET,AK,AAL,WE,Federal Contract Tower,8,8,0,0,16,0,162,4,0,166,8,170,4,0,182,16,0,16,198
03/08/2013,BET,AK,AAL,WE,Federal Contract Tower,5,43,1,0,49,0,163,2,0,165,5,206,3,0,214,0,0,0,214
03/09/2013,BET,AK,AAL,WE,Federal Contract Tower,11,10,0,0,21,0,0,0,0,0,11,10,0,0,21,0,2,2,23
03/10/2013,BET,AK,AAL,WE,Federal Contract Tower,2,20,2,0,24,0,138,3,0,141,2,158,5,0,165,0,0,0,165
03/11/2013,BET,AK,AAL,WE,Federal Contract Tower,10,5,0,0,15,0,254,23,0,277,10,259,23,0,292,9,0,9,301
03/12/2013,BET,AK,AAL,WE,Federal Contract Tower,8,4,0,2,14,1,271,19,0,291,9,275,19,2,305,6,0,6,311
03/13/2013,BET,AK,AAL,WE,Federal Contract Tower,8,7,0,2,17,0,240,13,0,253,8,247,13,2,270,0,0,0,270
03/14/2013,BET,AK,AAL,WE,Federal Contract Tower,9,8,0,0,17,0,235,10,2,247,9,243,10,2,264,0,0,0,264
03/15/2013,BET,AK,AAL,WE,Federal Contract Tower,8,5,0,0,13,0,237,5,0,242,8,242,5,0,255,2,0,2,257
03/16/2013,BET,AK,AAL,WE,Federal Contract Tower,10,126,2,0,138,0,26,0,0,26,10,152,2,0,164,0,0,0,164
03/17/2013,BET,AK,AAL,WE,Federal Contract Tower,3,9,0,0,12,0,137,5,0,142,3,146,5,0,154,4,0,4,158
03/18/2013,BET,AK,AAL,WE,Federal Contract Tower,9,4,0,0,13,0,236,11,0,247,9,240,11,0,260,5,0,5,265
03/19/2013,BET,AK,AAL,WE,Federal Contract Tower,10,7,0,0,17,0,266,21,0,287,10,273,21,0,304,4,0,4,308
03/20/2013,BET,AK,AAL,WE,Federal Contract Tower,6,34,0,0,40,0,195,4,0,199,6,229,4,0,239,3,0,3,242
03/21/2013,BET,AK,AAL,WE,Federal Contract Tower,7,50,0,0,57,0,108,4,0,112,7,158,4,0,169,0,0,0,169
03/22/2013,BET,AK,AAL,WE,Federal Contract Tower,7,6,2,0,15,1,247,5,0,253,8,253,7,0,268,10,0,10,278
03/23/2013,BET,AK,AAL,WE,Federal Contract Tower,13,5,0,0,18,0,208,1,0,209,13,213,1,0,227,12,0,12,239
03/24/2013,BET,AK,AAL,WE,Federal Contract Tower,2,4,0,0,6,0,126,2,0,128,2,130,2,0,134,2,0,2,136
03/25/2013,BET,AK,AAL,WE,Federal Contract Tower,7,5,0,0,12,0,217,8,2,227,7,222,8,2,239,10,0,10,249
03/26/2013,BET,AK,AAL,WE,Federal Contract Tower,5,6,0,4,15,0,226,14,0,240,5,232,14,4,255,4,0,4,259
03/27/2013,BET,AK,AAL,WE,Federal Contract Tower,7,7,0,0,14,0,209,6,2,217,7,216,6,2,231,0,0,0,231
03/28/2013,BET,AK,AAL,WE,Federal Contract Tower,8,33,0,0,41,0,95,2,0,97,8,128,2,0,138,4,0,4,142
03/29/2013,BET,AK,AAL,WE,Federal Contract Tower,6,43,0,2,51,0,169,1,0,170,6,212,1,2,221,0,0,0,221
03/30/2013,BET,AK,AAL,WE,Federal Contract Tower,12,67,0,0,79,0,62,1,0,63,12,129,1,0,142,0,0,0,142
03/31/2013,BET,AK,AAL,WE,Federal Contract Tower,3,7,0,0,10,0,74,8,0,82,3,81,8,0,92,0,0,0,92
04/01/2013,BET,AK,AAL,WE,Federal Contract Tower,7,36,1,2,46,0,162,22,0,184,7,198,23,2,230,8,0,8,238
04/02/2013,BET,AK,AAL,WE,Federal Contract Tower,10,11,0,1,22,0,253,27,1,281,10,264,27,2,303,17,0,17,320
04/03/2013,BET,AK,AAL,WE,Federal Contract Tower,6,7,0,2,15,0,219,17,1,237,6,226,17,3,252,16,0,16,268
04/04/2013,BET,AK,AAL,WE,Federal Contract Tower,9,4,1,0,14,0,270,20,0,290,9,274,21,0,304,9,1,10,314
04/05/2013,BET,AK,AAL,WE,Federal Contract Tower,9,8,0,3,20,0,298,13,1,312,9,306,13,4,332,14,0,14,346
04/06/2013,BET,AK,AAL,WE,Federal Contract Tower,9,4,0,0,13,0,169,2,0,171,9,173,2,0,184,4,0,4,188
04/07/2013,BET,AK,AAL,WE,Federal Contract Tower,4,5,0,0,9,0,150,6,0,156,4,155,6,0,165,0,0,0,165
04/08/2013,BET,AK,AAL,WE,Federal Contract Tower,9,5,0,0,14,0,216,7,0,223,9,221,7,0,237,0,0,0,237
04/09/2013,BET,AK,AAL,WE,Federal Contract Tower,8,21,0,0,29,0,205,6,0,211,8,226,6,0,240,0,0,0,240
04/10/2013,BET,AK,AAL,WE,Federal Contract Tower,8,29,0,0,37,0,237,8,0,245,8,266,8,0,282,4,0,4,286
04/11/2013,BET,AK,AAL,WE,Federal Contract Tower,6,10,0,0,16,0,264,16,0,280,6,274,16,0,296,0,0,0,296
04/12/2013,BET,AK,AAL,WE,Federal Contract Tower,8,9,0,2,19,0,262,16,0,278,8,271,16,2,297,7,0,7,304
04/13/2013,BET,AK,AAL,WE,Federal Contract Tower,7,27,0,0,34,0,188,14,0,202,7,215,14,0,236,2,0,2,238
04/14/2013,BET,AK,AAL,WE,Federal Contract Tower,4,25,1,0,30,0,96,4,0,100,4,121,5,0,130,0,0,0,130
04/15/2013,BET,AK,AAL,WE,Federal Contract Tower,8,5,0,0,13,0,244,9,0,253,8,249,9,0,266,0,0,0,266
04/16/2013,BET,AK,AAL,WE,Federal Contract Tower,7,6,3,0,16,0,283,11,0,294,7,289,14,0,310,0,0,0,310
04/17/2013,BET,AK,AAL,WE,Federal Contract Tower,11,6,0,0,17,1,277,13,0,291,12,283,13,0,308,4,0,4,312
04/18/2013,BET,AK,AAL,WE,Federal Contract Tower,11,6,0,0,17,0,265,8,0,273,11,271,8,0,290,6,0,6,296
04/19/2013,BET,AK,AAL,WE,Federal Contract Tower,9,6,0,0,15,0,288,13,0,301,9,294,13,0,316,2,0,2,318
04/20/2013,BET,AK,AAL,WE,Federal Contract Tower,9,5,0,0,14,0,214,22,0,236,9,219,22,0,250,6,0,6,256
04/21/2013,BET,AK,AAL,WE,Federal Contract Tower,4,3,0,0,7,0,148,12,0,160,4,151,12,0,167,16,0,16,183
04/22/2013,BET,AK,AAL,WE,Federal Contract Tower,8,10,0,0,18,0,251,7,0,258,8,261,7,0,276,0,0,0,276
04/23/2013,BET,AK,AAL,WE,Federal Contract Tower,9,6,0,0,15,1,275,10,0,286,10,281,10,0,301,6,0,6,307
04/24/2013,BET,AK,AAL,WE,Federal Contract Tower,9,119,9,2,139,0,189,3,0,192,9,308,12,2,331,0,0,0,331
04/25/2013,BET,AK,AAL,WE,Federal Contract Tower,12,11,0,0,23,0,267,26,3,296,12,278,26,3,319,0,0,0,319
04/26/2013,BET,AK,AAL,WE,Federal Contract Tower,11,99,4,0,114,0,136,5,0,141,11,235,9,0,255,4,0,4,259
04/27/2013,BET,AK,AAL,WE,Federal Contract Tower,10,5,0,0,15,0,227,6,0,233,10,232,6,0,248,26,0,26,274
04/28/2013,BET,AK,AAL,WE,Federal Contract Tower,3,24,0,0,27,0,157,5,0,162,3,181,5,0,189,0,0,0,189
04/29/2013,BET,AK,AAL,WE,Federal Contract Tower,8,30,2,0,40,0,174,6,0,180,8,204,8,0,220,0,0,0,220
04/30/2013,BET,AK,AAL,WE,Federal Contract Tower,12,13,0,0,25,0,282,12,0,294,12,295,12,0,319,2,0,2,321
05/01/2013,BET,AK,AAL,WE,Federal Contract Tower,8,6,5,0,19,0,281,6,0,287,8,287,11,0,306,0,0,0,306
05/02/2013,BET,AK,AAL,WE,Federal Contract Tower,10,68,0,0,78,0,188,2,0,190,10,256,2,0,268,6,0,6,274
05/03/2013,BET,AK,AAL,WE,Federal Contract Tower,14,4,0,0,18,4,304,16,0,324,18,308,16,0,342,0,0,0,342
05/04/2013,BET,AK,AAL,WE,Federal Contract Tower,10,3,1,0,14,0,216,22,0,238,10,219,23,0,252,0,0,0,252
05/05/2013,BET,AK,AAL,WE,Federal Contract Tower,2,4,3,0,9,0,130,13,0,143,2,134,16,0,152,2,0,2,154
05/06/2013,BET,AK,AAL,WE,Federal Contract Tower,11,7,0,0,18,0,281,17,0,298,11,288,17,0,316,8,0,8,324
05/07/2013,BET,AK,AAL,WE,Federal Contract Tower,8,39,2,0,49,0,181,8,0,189,8,220,10,0,238,0,0,0,238
05/08/2013,BET,AK,AAL,WE,Federal Contract Tower,9,12,0,0,21,1,270,20,0,291,10,282,20,0,312,9,0,9,321
05/09/2013,BET,AK,AAL,WE,Federal Contract Tower,8,6,0,0,14,1,298,26,0,325,9,304,26,0,339,19,0,19,358
05/10/2013,BET,AK,AAL,WE,Federal Contract Tower,10,7,0,0,17,0,312,16,0,328,10,319,16,0,345,4,0,4,349
05/11/2013,BET,AK,AAL,WE,Federal Contract Tower,18,27,0,0,45,0,246,7,0,253,18,273,7,0,298,0,0,0,298
05/12/2013,BET,AK,AAL,WE,Federal Contract Tower,4,66,3,0,73,0,46,1,0,47,4,112,4,0,120,0,0,0,120
05/13/2013,BET,AK,AAL,WE,Federal Contract Tower,11,10,0,0,21,0,298,7,0,305,11,308,7,0,326,10,0,10,336
05/14/2013,BET,AK,AAL,WE,Federal Contract Tower,12,8,0,0,20,0,310,17,0,327,12,318,17,0,347,0,0,0,347
05/15/2013,BET,AK,AAL,WE,Federal Contract Tower,10,7,0,0,17,0,351,12,0,363,10,358,12,0,380,0,0,0,380
05/16/2013,BET,AK,AAL,WE,Federal Contract Tower,15,63,2,0,80,0,228,9,0,237,15,291,11,0,317,0,0,0,317
05/17/2013,BET,AK,AAL,WE,Federal Contract Tower,7,5,4,0,16,0,376,10,0,386,7,381,14,0,402,0,0,0,402
05/18/2013,BET,AK,AAL,WE,Federal Contract Tower,9,12,0,0,21,1,305,4,0,310,10,317,4,0,331,8,0,8,339
05/19/2013,BET,AK,AAL,WE,Federal Contract Tower,4,4,0,0,8,0,212,2,0,214,4,216,2,0,222,2,0,2,224
05/20/2013,BET,AK,AAL,WE,Federal Contract Tower,10,14,0,0,24,0,247,8,0,255,10,261,8,0,279,0,0,0,279
05/21/2013,BET,AK,AAL,WE,Federal Contract Tower,10,11,0,0,21,0,254,3,0,257,10,265,3,0,278,6,0,6,284
05/22/2013,BET,AK,AAL,WE,Federal Contract Tower,8,97,1,0,106,0,170,2,0,172,8,267,3,0,278,0,0,0,278
05/23/2013,BET,AK,AAL,WE,Federal Contract Tower,14,72,3,0,89,0,240,11,0,251,14,312,14,0,340,15,0,15,355
05/24/2013,BET,AK,AAL,WE,Federal Contract Tower,13,9,0,0,22,1,430,20,0,451,14,439,20,0,473,16,0,16,489
05/25/2013,BET,AK,AAL,WE,Federal Contract Tower,6,2,0,0,8,0,337,33,0,370,6,339,33,0,378,20,0,20,398
05/26/2013,BET,AK,AAL,WE,Federal Contract Tower,4,7,2,0,13,0,179,24,0,203,4,186,26,0,216,2,0,2,218
05/27/2013,BET,AK,AAL,WE,Federal Contract Tower,7,7,0,0,14,0,205,15,0,220,7,212,15,0,234,0,0,0,234
05/28/2013,BET,AK,AAL,WE,Federal Contract Tower,7,7,0,2,16,0,328,15,0,343,7,335,15,2,359,2,0,2,361
05/29/2013,BET,AK,AAL,WE,Federal Contract Tower,7,7,2,0,16,4,356,25,0,385,11,363,27,0,401,25,0,25,426
05/30/2013,BET,AK,AAL,WE,Federal Contract Tower,10,9,0,0,19,0,327,39,0,366,10,336,39,0,385,12,0,12,397
05/31/2013,BET,AK,AAL,WE,Federal Contract Tower,8,7,0,0,15,0,336,39,0,375,8,343,39,0,390,28,0,28,418
06/01/2013,BET,AK,AAL,WE,Federal Contract Tower,10,4,0,0,14,0,263,13,0,276,10,267,13,0,290,13,0,13,303
06/02/2013,BET,AK,AAL,WE,Federal Contract Tower,6,10,0,0,16,0,122,8,0,130,6,132,8,0,146,8,0,8,154
06/03/2013,BET,AK,AAL,WE,Federal Contract Tower,8,13,1,0,22,0,243,4,0,247,8,256,5,0,269,8,0,8,277
06/04/2013,BET,AK,AAL,WE,Federal Contract Tower,10,91,2,0,103,0,167,20,0,187,10,258,22,0,290,4,0,4,294
06/05/2013,BET,AK,AAL,WE,Federal Contract Tower,9,67,1,0,77,0,238,22,0,260,9,305,23,0,337,24,0,24,361
06/06/2013,BET,AK,AAL,WE,Federal Contract Tower,7,7,2,1,17,1,344,23,0,368,8,351,25,1,385,6,0,6,391
06/07/2013,BET,AK,AAL,WE,Federal Contract Tower,8,5,0,0,13,4,297,13,5,319,12,302,13,5,332,2,0,2,334
06/08/2013,BET,AK,AAL,WE,Federal Contract Tower,8,131,6,0,145,1,113,12,0,126,9,244,18,0,271,0,0,0,271
06/09/2013,BET,AK,AAL,WE,Federal Contract Tower,6,18,0,0,24,0,130,11,0,141,6,148,11,0,165,0,0,0,165
06/10/2013,BET,AK,AAL,WE,Federal Contract Tower,10,71,1,0,82,0,206,28,2,236,10,277,29,2,318,8,0,8,326
06/11/2013,BET,AK,AAL,WE,Federal Contract Tower,12,17,1,0,30,1,194,22,0,217,13,211,23,0,247,2,0,2,249
06/12/2013,BET,AK,AAL,WE,Federal Contract Tower,10,7,6,0,23,0,271,23,0,294,10,278,29,0,317,4,0,4,321
06/13/2013,BET,AK,AAL,WE,Federal Contract Tower,10,24,3,0,37,0,231,21,1,253,10,255,24,1,290,7,0,7,297
06/14/2013,BET,AK,AAL,WE,Federal Contract Tower,8,8,1,0,17,0,247,22,0,269,8,255,23,0,286,15,2,17,303
06/15/2013,BET,AK,AAL,WE,Federal Contract Tower,13,4,0,0,17,0,267,13,0,280,13,271,13,0,297,4,0,4,301
06/16/2013,BET,AK,AAL,WE,Federal Contract Tower,3,8,0,0,11,0,123,11,0,134,3,131,11,0,145,6,0,6,151
06/17/2013,BET,AK,AAL,WE,Federal Contract Tower,9,11,1,1,22,1,250,26,2,279,10,261,27,3,301,0,0,0,301
06/18/2013,BET,AK,AAL,WE,Federal Contract Tower,12,10,0,0,22,0,280,24,4,308,12,290,24,4,330,0,12,12,342
06/19/2013,BET,AK,AAL,WE,Federal Contract Tower,9,5,0,0,14,0,288,11,11,310,9,293,11,11,324,10,0,10,334
06/20/2013,BET,AK,AAL,WE,Federal Contract Tower,11,6,2,2,21,0,298,25,2,325,11,304,27,4,346,20,0,20,366
06/21/2013,BET,AK,AAL,WE,Federal Contract Tower,17,10,0,0,27,0,289,18,1,308,17,299,18,1,335,4,0,4,339
06/22/2013,BET,AK,AAL,WE,Federal Contract Tower,4,3,0,0,7,0,221,9,2,232,4,224,9,2,239,2,0,2,241
06/23/2013,BET,AK,AAL,WE,Federal Contract Tower,2,6,0,0,8,0,148,19,0,167,2,154,19,0,175,0,0,0,175
06/24/2013,BET,AK,AAL,WE,Federal Contract Tower,8,9,2,1,20,0,283,30,4,317,8,292,32,5,337,18,0,18,355
06/25/2013,BET,AK,AAL,WE,Federal Contract Tower,13,87,3,0,103,0,152,14,1,167,13,239,17,1,270,0,0,0,270
06/26/2013,BET,AK,AAL,WE,Federal Contract Tower,11,115,4,3,133,0,93,5,1,99,11,208,9,4,232,2,0,2,234
06/27/2013,BET,AK,AAL,WE,Federal Contract Tower,8,24,4,0,36,0,185,10,8,203,8,209,14,8,239,0,2,2,241
06/28/2013,BET,AK,AAL,WE,Federal Contract Tower,13,7,2,1,23,0,282,33,2,317,13,289,35,3,340,4,0,4,344
06/29/2013,BET,AK,AAL,WE,Federal Contract Tower,17,4,0,0,21,0,215,34,8,257,17,219,34,8,278,0,0,0,278
06/30/2013,BET,AK,AAL,WE,Federal Contract Tower,4,25,0,0,29,0,97,11,0,108,4,122,11,0,137,6,0,6,143
07/01/2013,BET,AK,AAL,WE,Federal Contract Tower,6,9,0,0,15,0,201,16,0,217,6,210,16,0,232,0,0,0,232
07/02/2013,BET,AK,AAL,WE,Federal Contract Tower,18,163,5,0,186,0,47,2,0,49,18,210,7,0,235,0,0,0,235
07/03/2013,BET,AK,AAL,WE,Federal Contract Tower,8,110,11,0,129,0,150,8,0,158,8,260,19,0,287,0,0,0,287
07/04/2013,BET,AK,AAL,WE,Federal Contract Tower,4,8,10,0,22,0,4,8,0,12,4,12,18,0,34,0,0,0,34
07/05/2013,BET,AK,AAL,WE,Federal Contract Tower,13,16,2,0,31,0,232,24,1,257,13,248,26,1,288,4,0,4,292
07/06/2013,BET,AK,AAL,WE,Federal Contract Tower,11,32,0,0,43,0,165,16,0,181,11,197,16,0,224,18,0,18,242
07/07/2013,BET,AK,AAL,WE,Federal Contract Tower,5,15,4,0,24,0,128,5,0,133,5,143,9,0,157,0,0,0,157
07/08/2013,BET,AK,AAL,WE,Federal Contract Tower,12,15,0,0,27,0,225,4,3,232,12,240,4,3,259,0,0,0,259
07/09/2013,BET,AK,AAL,WE,Federal Contract Tower,10,49,0,3,62,0,166,30,17,213,10,215,30,20,275,6,0,6,281
07/10/2013,BET,AK,AAL,WE,Federal Contract Tower,11,3,2,0,16,0,322,32,2,356,11,325,34,2,372,0,0,0,372
07/11/2013,BET,AK,AAL,WE,Federal Contract Tower,12,4,0,0,16,0,225,33,2,260,12,229,33,2,276,0,0,0,276
07/12/2013,BET,AK,AAL,WE,Federal Contract Tower,9,4,0,0,13,0,247,23,4,274,9,251,23,4,287,5,0,5,292
07/13/2013,BET,AK,AAL,WE,Federal Contract Tower,13,1,2,0,16,0,262,26,0,288,13,263,28,0,304,4,0,4,308
07/14/2013,BET,AK,AAL,WE,Federal Contract Tower,4,38,0,0,42,0,83,12,0,95,4,121,12,0,137,0,0,0,137
07/15/2013,BET,AK,AAL,WE,Federal Contract Tower,10,77,0,0,87,0,174,11,0,185,10,251,11,0,272,0,0,0,272
07/16/2013,BET,AK,AAL,WE,Federal Contract Tower,10,152,8,0,170,0,81,13,0,94,10,233,21,0,264,0,0,0,264
07/17/2013,BET,AK,AAL,WE,Federal Contract Tower,14,38,0,2,54,0,146,17,0,163,14,184,17,2,217,4,0,4,221
07/18/2013,BET,AK,AAL,WE,Federal Contract Tower,15,99,6,1,121,0,99,2,0,101,15,198,8,1,222,0,0,0,222
07/19/2013,BET,AK,AAL,WE,Federal Contract Tower,11,98,7,2,118,0,180,22,0,202,11,278,29,2,320,0,0,0,320
07/20/2013,BET,AK,AAL,WE,Federal Contract Tower,11,9,0,0,20,0,244,32,0,276,11,253,32,0,296,0,0,0,296
07/21/2013,BET,AK,AAL,WE,Federal Contract Tower,4,8,0,0,12,0,115,18,9,142,4,123,18,9,154,6,0,6,160
07/22/2013,BET,AK,AAL,WE,Federal Contract Tower,8,92,3,2,105,0,88,12,0,100,8,180,15,2,205,0,0,0,205
07/23/2013,BET,AK,AAL,WE,Federal Contract Tower,12,73,3,1,89,0,200,13,0,213,12,273,16,1,302,6,0,6,308
07/24/2013,BET,AK,AAL,WE,Federal Contract Tower,6,89,4,2,101,0,144,9,0,153,6,233,13,2,254,2,0,2,256
07/25/2013,BET,AK,AAL,WE,Federal Contract Tower,8,31,0,0,39,9,162,22,1,194,17,193,22,1,233,0,0,0,233
07/26/2013,BET,AK,AAL,WE,Federal Contract Tower,9,10,0,0,19,1,277,20,0,298,10,287,20,0,317,0,0,0,317
07/27/2013,BET,AK,AAL,WE,Federal Contract Tower,8,3,0,0,11,0,200,41,0,241,8,203,41,0,252,0,0,0,252
07/28/2013,BET,AK,AAL,WE,Federal Contract Tower,4,21,3,0,28,0,111,25,0,136,4,132,28,0,164,0,0,0,164
07/29/2013,BET,AK,AAL,WE,Federal Contract Tower,10,10,1,0,21,0,236,19,0,255,10,246,20,0,276,8,0,8,284
07/30/2013,BET,AK,AAL,WE,Federal Contract Tower,12,7,1,0,20,0,230,15,0,245,12,237,16,0,265,0,0,0,265
07/31/2013,BET,AK,AAL,WE,Federal Contract Tower,11,8,0,0,19,0,219,15,3,237,11,227,15,3,256,4,0,4,260
08/01/2013,BET,AK,AAL,WE,Federal Contract Tower,12,9,1,0,22,0,251,18,12,281,12,260,19,12,303,2,0,2,305
08/02/2013,BET,AK,AAL,WE,Federal Contract Tower,11,11,0,0,22,1,298,36,7,342,12,309,36,7,364,10,30,40,404
08/03/2013,BET,AK,AAL,WE,Federal Contract Tower,9,44,1,2,56,0,221,26,0,247,9,265,27,2,303,0,0,0,303
08/04/2013,BET,AK,AAL,WE,Federal Contract Tower,4,17,0,0,21,0,131,15,0,146,4,148,15,0,167,0,0,0,167
08/05/2013,BET,AK,AAL,WE,Federal Contract Tower,10,21,0,0,31,0,273,23,0,296,10,294,23,0,327,2,0,2,329
08/06/2013,BET,AK,AAL,WE,Federal Contract Tower,9,15,1,0,25,0,275,42,0,317,9,290,43,0,342,3,0,3,345
08/07/2013,BET,AK,AAL,WE,Federal Contract Tower,9,8,2,1,20,1,324,24,1,350,10,332,26,2,370,2,0,2,372
08/08/2013,BET,AK,AAL,WE,Federal Contract Tower,8,12,0,0,20,0,247,40,0,287,8,259,40,0,307,6,0,6,313
08/09/2013,BET,AK,AAL,WE,Federal Contract Tower,9,38,2,0,49,0,241,20,0,261,9,279,22,0,310,0,0,0,310
08/10/2013,BET,AK,AAL,WE,Federal Contract Tower,8,17,0,0,25,0,216,24,0,240,8,233,24,0,265,0,0,0,265
08/11/2013,BET,AK,AAL,WE,Federal Contract Tower,5,14,0,0,19,0,123,16,0,139,5,137,16,0,158,8,0,8,166
08/12/2013,BET,AK,AAL,WE,Federal Contract Tower,8,19,0,0,27,0,214,28,0,242,8,233,28,0,269,0,0,0,269
08/13/2013,BET,AK,AAL,WE,Federal Contract Tower,10,6,0,0,16,0,287,20,0,307,10,293,20,0,323,0,0,0,323
08/14/2013,BET,AK,AAL,WE,Federal Contract Tower,8,10,0,0,18,0,317,16,0,333,8,327,16,0,351,0,0,0,351
08/15/2013,BET,AK,AAL,WE,Federal Contract Tower,8,14,3,0,25,0,216,29,0,245,8,230,32,0,270,0,0,0,270
08/16/2013,BET,AK,AAL,WE,Federal Contract Tower,10,6,1,0,17,0,242,27,0,269,10,248,28,0,286,0,0,0,286
08/17/2013,BET,AK,AAL,WE,Federal Contract Tower,9,4,0,0,13,0,221,22,0,243,9,225,22,0,256,0,0,0,256
08/18/2013,BET,AK,AAL,WE,Federal Contract Tower,6,6,0,0,12,0,119,10,1,130,6,125,10,1,142,0,0,0,142
08/19/2013,BET,AK,AAL,WE,Federal Contract Tower,7,98,0,0,105,0,168,8,0,176,7,266,8,0,281,0,0,0,281
08/20/2013,BET,AK,AAL,WE,Federal Contract Tower,8,102,3,0,113,0,90,9,0,99,8,192,12,0,212,0,0,0,212
08/21/2013,BET,AK,AAL,WE,Federal Contract Tower,12,139,0,0,151,0,0,0,0,0,12,139,0,0,151,0,0,0,151
08/22/2013,BET,AK,AAL,WE,Federal Contract Tower,9,114,4,0,127,0,122,18,3,143,9,236,22,3,270,0,0,0,270
08/23/2013,BET,AK,AAL,WE,Federal Contract Tower,9,11,2,2,24,0,312,45,0,357,9,323,47,2,381,4,0,4,385
08/24/2013,BET,AK,AAL,WE,Federal Contract Tower,10,8,5,0,23,0,177,40,0,217,10,185,45,0,240,0,0,0,240
08/25/2013,BET,AK,AAL,WE,Federal Contract Tower,6,123,1,0,130,0,20,0,0,20,6,143,1,0,150,0,0,0,150
08/26/2013,BET,AK,AAL,WE,Federal Contract Tower,14,35,0,0,49,0,197,38,0,235,14,232,38,0,284,0,0,0,284
08/27/2013,BET,AK,AAL,WE,Federal Contract Tower,8,6,3,0,17,1,265,27,1,294,9,271,30,1,311,0,0,0,311
08/28/2013,BET,AK,AAL,WE,Federal Contract Tower,11,13,4,0,28,0,276,26,0,302,11,289,30,0,330,0,0,0,330
08/29/2013,BET,AK,AAL,WE,Federal Contract Tower,9,6,1,1,17,1,294,39,2,336,10,300,40,3,353,0,0,0,353
08/30/2013,BET,AK,AAL,WE,Federal Contract Tower,13,3,4,2,22,0,334,28,0,362,13,337,32,2,384,0,0,0,384
08/31/2013,BET,AK,AAL,WE,Federal Contract Tower,10,84,2,0,96,0,77,9,0,86,10,161,11,0,182,0,0,0,182
09/01/2013,BET,AK,AAL,WE,Federal Contract Tower,2,36,3,2,43,0,0,0,0,0,2,36,3,2,43,0,0,0,43
09/02/2013,BET,AK,AAL,WE,Federal Contract Tower,8,55,1,0,64,0,178,15,0,193,8,233,16,0,257,2,0,2,259
09/03/2013,BET,AK,AAL,WE,Federal Contract Tower,9,7,0,0,16,0,313,17,0,330,9,320,17,0,346,0,0,0,346
09/04/2013,BET,AK,AAL,WE,Federal Contract Tower,9,6,2,4,21,0,258,9,0,267,9,264,11,4,288,0,0,0,288
09/05/2013,BET,AK,AAL,WE,Federal Contract Tower,10,5,0,0,15,0,259,19,0,278,10,264,19,0,293,0,0,0,293
09/06/2013,BET,AK,AAL,WE,Federal Contract Tower,7,5,0,0,12,0,286,21,0,307,7,291,21,0,319,0,0,0,319
09/07/2013,BET,AK,AAL,WE,Federal Contract Tower,11,7,0,1,19,0,216,17,0,233,11,223,17,1,252,0,0,0,252
09/08/2013,BET,AK,AAL,WE,Federal Contract Tower,4,37,1,0,42,0,120,31,0,151,4,157,32,0,193,0,0,0,193
09/09/2013,BET,AK,AAL,WE,Federal Contract Tower,8,6,0,0,14,0,247,7,0,254,8,253,7,0,268,0,0,0,268
09/10/2013,BET,AK,AAL,WE,Federal Contract Tower,7,66,0,0,73,0,125,4,0,129,7,191,4,0,202,4,0,4,206
09/11/2013,BET,AK,AAL,WE,Federal Contract Tower,13,55,0,0,68,0,250,30,0,280,13,305,30,0,348,0,0,0,348
09/12/2013,BET,AK,AAL,WE,Federal Contract Tower,9,14,2,0,25,0,221,27,0,248,9,235,29,0,273,4,0,4,277
09/13/2013,BET,AK,AAL,WE,Federal Contract Tower,9,43,3,2,57,2,214,16,0,232,11,257,19,2,289,0,0,0,289
09/14/2013,BET,AK,AAL,WE,Federal Contract Tower,7,23,0,0,30,0,199,17,0,216,7,222,17,0,246,0,0,0,246
09/15/2013,BET,AK,AAL,WE,Federal Contract Tower,5,6,0,0,11,0,140,42,0,182,5,146,42,0,193,0,0,0,193
09/16/2013,BET,AK,AAL,WE,Federal Contract Tower,14,7,0,0,21,2,275,21,0,298,16,282,21,0,319,0,0,0,319
09/17/2013,BET,AK,AAL,WE,Federal Contract Tower,8,5,1,0,14,0,318,28,0,346,8,323,29,0,360,0,0,0,360
09/18/2013,BET,AK,AAL,WE,Federal Contract Tower,8,14,0,0,22,0,269,26,0,295,8,283,26,0,317,0,0,0,317
09/19/2013,BET,AK,AAL,WE,Federal Contract Tower,8,9,2,0,19,0,253,28,0,281,8,262,30,0,300,0,0,0,300
09/20/2013,BET,AK,AAL,WE,Federal Contract Tower,10,10,0,2,22,0,291,19,0,310,10,301,19,2,332,0,0,0,332
09/21/2013,BET,AK,AAL,WE,Federal Contract Tower,14,5,0,0,19,0,256,25,0,281,14,261,25,0,300,0,0,0,300
09/22/2013,BET,AK,AAL,WE,Federal Contract Tower,4,3,0,0,7,0,123,11,0,134,4,126,11,0,141,0,0,0,141
09/23/2013,BET,AK,AAL,WE,Federal Contract Tower,10,5,1,0,16,0,267,35,0,302,10,272,36,0,318,0,0,0,318
09/24/2013,BET,AK,AAL,WE,Federal Contract Tower,10,8,3,0,21,0,268,7,0,275,10,276,10,0,296,0,0,0,296
09/25/2013,BET,AK,AAL,WE,Federal Contract Tower,8,12,1,0,21,0,305,25,0,330,8,317,26,0,351,0,0,0,351
09/26/2013,BET,AK,AAL,WE,Federal Contract Tower,7,6,0,0,13,0,271,10,0,281,7,277,10,0,294,0,0,0,294
09/27/2013,BET,AK,AAL,WE,Federal Contract Tower,5,154,4,0,163,0,176,0,0,176,5,330,4,0,339,0,0,0,339
09/28/2013,BET,AK,AAL,WE,Federal Contract Tower,10,4,2,0,16,0,271,23,0,294,10,275,25,0,310,0,0,0,310
09/29/2013,BET,AK,AAL,WE,Federal Contract Tower,4,8,0,0,12,0,143,2,0,145,4,151,2,0,157,0,0,0,157
09/30/2013,BET,AK,AAL,WE,Federal Contract Tower,6,8,4,1,19,0,251,14,0,265,6,259,18,1,284,0,0,0,284
10/01/2013,BET,AK,AAL,WE,Federal Contract Tower,6,3,0,0,9,1,280,18,0,299,7,283,18,0,308,0,0,0,308
10/02/2013,BET,AK,AAL,WE,Federal Contract Tower,11,4,0,0,15,0,293,11,0,304,11,297,11,0,319,36,0,36,355
10/03/2013,BET,AK,AAL,WE,Federal Contract Tower,7,51,1,0,59,0,249,13,0,262,7,300,14,0,321,42,0,42,363
10/04/2013,BET,AK,AAL,WE,Federal Contract Tower,7,93,0,0,100,0,182,10,0,192,7,275,10,0,292,20,0,20,312
10/05/2013,BET,AK,AAL,WE,Federal Contract Tower,10,21,0,0,31,0,203,0,0,203,10,224,0,0,234,0,0,0,234
10/06/2013,BET,AK,AAL,WE,Federal Contract Tower,3,127,0,0,130,0,80,0,0,80,3,207,0,0,210,0,0,0,210
10/07/2013,BET,AK,AAL,WE,Federal Contract Tower,12,12,0,0,24,0,247,1,0,248,12,259,1,0,272,0,0,0,272
10/08/2013,BET,AK,AAL,WE,Federal Contract Tower,7,10,0,0,17,0,105,0,0,105,7,115,0,0,122,0,0,0,122
10/09/2013,BET,AK,AAL,WE,Federal Contract Tower,10,105,2,0,117,0,210,2,0,212,10,315,4,0,329,48,0,48,377
10/10/2013,BET,AK,AAL,WE,Federal Contract Tower,10,159,1,0,170,0,154,1,0,155,10,313,2,0,325,0,0,0,325
10/11/2013,BET,AK,AAL,WE,Federal Contract Tower,8,11,0,0,19,0,369,15,0,384,8,380,15,0,403,18,0,18,421
10/12/2013,BET,AK,AAL,WE,Federal Contract Tower,4,6,0,0,10,0,270,2,0,272,4,276,2,0,282,9,0,9,291
10/13/2013,BET,AK,AAL,WE,Federal Contract Tower,5,10,1,0,16,0,212,4,0,216,5,222,5,0,232,0,0,0,232
10/14/2013,BET,AK,AAL,WE,Federal Contract Tower,13,35,0,0,48,0,235,0,0,235,13,270,0,0,283,10,0,10,293
10/15/2013,BET,AK,AAL,WE,Federal Contract Tower,10,75,1,0,86,0,218,1,0,219,10,293,2,0,305,8,0,8,313
10/16/2013,BET,AK,AAL,WE,Federal Contract Tower,8,27,4,0,39,0,282,3,0,285,8,309,7,0,324,18,0,18,342
10/17/2013,BET,AK,AAL,WE,Federal Contract Tower,14,94,3,0,111,0,210,2,0,212,14,304,5,0,323,60,0,60,383
10/18/2013,BET,AK,AAL,WE,Federal Contract Tower,9,9,0,0,18,0,321,1,0,322,9,330,1,0,340,22,0,22,362
10/19/2013,BET,AK,AAL,WE,Federal Contract Tower,9,16,0,0,25,0,220,10,0,230,9,236,10,0,255,0,0,0,255
10/20/2013,BET,AK,AAL,WE,Federal Contract Tower,4,3,0,0,7,0,186,0,0,186,4,189,0,0,193,0,0,0,193
10/21/2013,BET,AK,AAL,WE,Federal Contract Tower,7,6,1,0,14,0,261,3,0,264,7,267,4,0,278,0,0,0,278
10/22/2013,BET,AK,AAL,WE,Federal Contract Tower,6,9,0,0,15,0,336,13,0,349,6,345,13,0,364,10,0,10,374
10/23/2013,BET,AK,AAL,WE,Federal Contract Tower,10,6,4,0,20,0,349,2,0,351,10,355,6,0,371,0,0,0,371
10/24/2013,BET,AK,AAL,WE,Federal Contract Tower,9,8,0,0,17,0,147,1,0,148,9,155,1,0,165,0,0,0,165
10/25/2013,BET,AK,AAL,WE,Federal Contract Tower,7,12,4,0,23,0,306,5,0,311,7,318,9,0,334,0,0,0,334
10/26/2013,BET,AK,AAL,WE,Federal Contract Tower,7,13,0,0,20,0,276,0,0,276,7,289,0,0,296,6,0,6,302
10/27/2013,BET,AK,AAL,WE,Federal Contract Tower,4,10,0,0,14,0,223,0,0,223,4,233,0,0,237,0,0,0,237
10/28/2013,BET,AK,AAL,WE,Federal Contract Tower,10,60,0,0,70,0,136,0,0,136,10,196,0,0,206,0,0,0,206
10/29/2013,BET,AK,AAL,WE,Federal Contract Tower,12,10,0,0,22,0,259,5,0,264,12,269,5,0,286,4,0,4,290
10/30/2013,BET,AK,AAL,WE,Federal Contract Tower,8,6,0,0,14,0,333,4,0,337,8,339,4,0,351,0,0,0,351
10/31/2013,BET,AK,AAL,WE,Federal Contract Tower,10,19,0,0,29,0,226,3,0,229,10,245,3,0,258,0,0,0,258
11/01/2013,BET,AK,AAL,WE,Federal Contract Tower,6,5,0,2,13,0,308,0,0,308,6,313,0,2,321,0,0,0,321
11/02/2013,BET,AK,AAL,WE,Federal Contract Tower,8,45,0,0,53,0,135,1,2,138,8,180,1,2,191,2,0,2,193
11/03/2013,BET,AK,AAL,WE,Federal Contract Tower,0,22,0,0,22,0,70,0,0,70,0,92,0,0,92,0,0,0,92
11/04/2013,BET,AK,AAL,WE,Federal Contract Tower,7,55,0,0,62,0,135,0,0,135,7,190,0,0,197,0,0,0,197
11/05/2013,BET,AK,AAL,WE,Federal Contract Tower,6,9,0,0,15,0,272,11,0,283,6,281,11,0,298,0,0,0,298
11/06/2013,BET,AK,AAL,WE,Federal Contract Tower,10,11,0,0,21,0,166,4,0,170,10,177,4,0,191,2,0,2,193
11/07/2013,BET,AK,AAL,WE,Federal Contract Tower,7,12,0,0,19,0,251,2,0,253,7,263,2,0,272,0,0,0,272
11/08/2013,BET,AK,AAL,WE,Federal Contract Tower,4,139,1,0,144,0,0,0,0,0,4,139,1,0,144,0,0,0,144
11/09/2013,BET,AK,AAL,WE,Federal Contract Tower,2,8,0,0,10,0,27,0,0,27,2,35,0,0,37,0,0,0,37
11/10/2013,BET,AK,AAL,WE,Federal Contract Tower,2,20,1,0,23,0,165,0,0,165,2,185,1,0,188,0,0,0,188
11/11/2013,BET,AK,AAL,WE,Federal Contract Tower,9,5,2,0,16,0,271,2,0,273,9,276,4,0,289,0,0,0,289
11/12/2013,BET,AK,AAL,WE,Federal Contract Tower,7,60,2,0,69,0,0,0,0,0,7,60,2,0,69,0,0,0,69
11/13/2013,BET,AK,AAL,WE,Federal Contract Tower,5,29,0,0,34,0,0,0,0,0,5,29,0,0,34,0,0,0,34
11/14/2013,BET,AK,AAL,WE,Federal Contract Tower,8,3,1,0,12,0,433,4,0,437,8,436,5,0,449,0,0,0,449
11/15/2013,BET,AK,AAL,WE,Federal Contract Tower,10,27,0,0,37,0,272,2,0,274,10,299,2,0,311,0,0,0,311
11/16/2013,BET,AK,AAL,WE,Federal Contract Tower,8,5,0,0,13,0,312,9,0,321,8,317,9,0,334,22,0,22,356
11/17/2013,BET,AK,AAL,WE,Federal Contract Tower,2,9,0,0,11,0,171,0,0,171,2,180,0,0,182,0,0,0,182
11/18/2013,BET,AK,AAL,WE,Federal Contract Tower,8,28,0,2,38,0,257,15,0,272,8,285,15,2,310,2,0,2,312
11/19/2013,BET,AK,AAL,WE,Federal Contract Tower,10,95,1,0,106,0,85,0,0,85,10,180,1,0,191,0,0,0,191
11/20/2013,BET,AK,AAL,WE,Federal Contract Tower,4,3,3,0,10,0,336,8,0,344,4,339,11,0,354,0,0,0,354
11/21/2013,BET,AK,AAL,WE,Federal Contract Tower,6,19,4,0,29,0,333,6,2,341,6,352,10,2,370,0,0,0,370
11/22/2013,BET,AK,AAL,WE,Federal Contract Tower,4,1,0,0,5,0,288,2,0,290,4,289,2,0,295,0,0,0,295
11/23/2013,BET,AK,AAL,WE,Federal Contract Tower,2,5,0,0,7,0,293,0,0,293,2,298,0,0,300,0,0,0,300
11/24/2013,BET,AK,AAL,WE,Federal Contract Tower,1,46,0,0,47,0,90,0,0,90,1,136,0,0,137,0,0,0,137
11/25/2013,BET,AK,AAL,WE,Federal Contract Tower,9,13,0,0,22,0,310,4,0,314,9,323,4,0,336,20,0,20,356
11/26/2013,BET,AK,AAL,WE,Federal Contract Tower,5,4,0,0,9,0,298,14,0,312,5,302,14,0,321,0,0,0,321
11/27/2013,BET,AK,AAL,WE,Federal Contract Tower,7,12,1,0,20,0,316,1,0,317,7,328,2,0,337,0,0,0,337
11/28/2013,BET,AK,AAL,WE,Federal Contract Tower,0,8,0,0,8,0,6,2,0,8,0,14,2,0,16,0,0,0,16
11/29/2013,BET,AK,AAL,WE,Federal Contract Tower,2,11,0,0,13,0,201,0,0,201,2,212,0,0,214,0,0,0,214
11/30/2013,BET,AK,AAL,WE,Federal Contract Tower,8,37,0,0,45,0,0,0,0,0,8,37,0,0,45,0,0,0,45
12/01/2013,BET,AK,AAL,WE,Federal Contract Tower,5,3,0,0,8,0,256,2,0,258,5,259,2,0,266,0,0,0,266
12/02/2013,BET,AK,AAL,WE,Federal Contract Tower,7,10,0,0,17,0,325,2,0,327,7,335,2,0,344,2,0,2,346
12/03/2013,BET,AK,AAL,WE,Federal Contract Tower,6,5,0,0,11,0,232,1,0,233,6,237,1,0,244,14,0,14,258
12/04/2013,BET,AK,AAL,WE,Federal Contract Tower,8,9,0,0,17,0,141,0,0,141,8,150,0,0,158,0,0,0,158
12/05/2013,BET,AK,AAL,WE,Federal Contract Tower,8,11,0,0,19,1,210,0,0,211,9,221,0,0,230,0,0,0,230
12/06/2013,BET,AK,AAL,WE,Federal Contract Tower,8,10,0,0,18,0,228,0,0,228,8,238,0,0,246,0,0,0,246
12/07/2013,BET,AK,AAL,WE,Federal Contract Tower,11,4,0,0,15,0,265,8,0,273,11,269,8,0,288,0,0,0,288
12/08/2013,BET,AK,AAL,WE,Federal Contract Tower,2,5,0,0,7,0,161,2,0,163,2,166,2,0,170,0,0,0,170
12/09/2013,BET,AK,AAL,WE,Federal Contract Tower,4,3,0,0,7,0,3,0,0,3,4,6,0,0,10,0,0,0,10
12/10/2013,BET,AK,AAL,WE,Federal Contract Tower,11,68,0,0,79,0,75,0,0,75,11,143,0,0,154,0,0,0,154
12/11/2013,BET,AK,AAL,WE,Federal Contract Tower,4,4,1,1,10,0,166,0,1,167,4,170,1,2,177,0,0,0,177
12/12/2013,BET,AK,AAL,WE,Federal Contract Tower,10,5,2,2,19,1,360,12,2,375,11,365,14,4,394,0,0,0,394
12/13/2013,BET,AK,AAL,WE,Federal Contract Tower,8,8,0,0,16,0,249,0,2,251,8,257,0,2,267,0,0,0,267
12/14/2013,BET,AK,AAL,WE,Federal Contract Tower,5,4,0,0,9,0,246,0,2,248,5,250,0,2,257,0,0,0,257
12/15/2013,BET,AK,AAL,WE,Federal Contract Tower,2,10,0,0,12,0,129,3,0,132,2,139,3,0,144,0,0,0,144
12/16/2013,BET,AK,AAL,WE,Federal Contract Tower,6,14,0,0,20,0,272,4,0,276,6,286,4,0,296,0,0,0,296
12/17/2013,BET,AK,AAL,WE,Federal Contract Tower,6,16,0,0,22,0,210,3,0,213,6,226,3,0,235,0,0,0,235
12/18/2013,BET,AK,AAL,WE,Federal Contract Tower,8,21,0,0,29,0,155,8,0,163,8,176,8,0,192,0,0,0,192
12/19/2013,BET,AK,AAL,WE,Federal Contract Tower,9,35,2,0,46,0,125,0,2,127,9,160,2,2,173,0,0,0,173
12/20/2013,BET,AK,AAL,WE,Federal Contract Tower,4,5,0,0,9,0,0,0,0,0,4,5,0,0,9,0,0,0,9
12/21/2013,BET,AK,AAL,WE,Federal Contract Tower,11,72,1,0,84,0,134,0,0,134,11,206,1,0,218,0,0,0,218
12/22/2013,BET,AK,AAL,WE,Federal Contract Tower,4,13,0,0,17,0,229,1,0,230,4,242,1,0,247,0,0,0,247
12/23/2013,BET,AK,AAL,WE,Federal Contract Tower,7,10,0,1,18,1,304,8,2,315,8,314,8,3,333,0,0,0,333
12/24/2013,BET,AK,AAL,WE,Federal Contract Tower,6,3,0,0,9,0,213,9,0,222,6,216,9,0,231,0,0,0,231
12/25/2013,BET,AK,AAL,WE,Federal Contract Tower,0,2,0,0,2,0,6,1,0,7,0,8,1,0,9,0,0,0,9
12/26/2013,BET,AK,AAL,WE,Federal Contract Tower,2,2,0,0,4,0,196,2,0,198,2,198,2,0,202,2,0,2,204
12/27/2013,BET,AK,AAL,WE,Federal Contract Tower,9,11,0,0,20,0,215,1,0,216,9,226,1,0,236,0,0,0,236
12/28/2013,BET,AK,AAL,WE,Federal Contract Tower,5,23,0,0,28,0,62,0,0,62,5,85,0,0,90,0,0,0,90
12/29/2013,BET,AK,AAL,WE,Federal Contract Tower,5,11,0,0,16,0,91,0,0,91,5,102,0,0,107,0,0,0,107
12/30/2013,BET,AK,AAL,WE,Federal Contract Tower,4,19,0,4,27,0,171,6,0,177,4,190,6,4,204,0,0,0,204
12/31/2013,BET,AK,AAL,WE,Federal Contract Tower,2,18,0,0,20,0,155,0,0,155,2,173,0,0,175,0,0,0,175
01/01/2014,BET,AK,AAL,WE,Federal Contract Tower,2,0,2,0,4,0,0,2,0,2,2,0,4,0,6,0,0,0,6
01/02/2014,BET,AK,AAL,WE,Federal Contract Tower,8,16,0,0,24,0,42,2,0,44,8,58,2,0,68,0,0,0,68
01/03/2014,BET,AK,AAL,WE,Federal Contract Tower,6,35,1,0,42,0,0,0,0,0,6,35,1,0,42,0,0,0,42
01/04/2014,BET,AK,AAL,WE,Federal Contract Tower,7,10,0,0,17,1,145,4,0,150,8,155,4,0,167,0,0,0,167
01/05/2014,BET,AK,AAL,WE,Federal Contract Tower,1,6,0,0,7,0,41,2,0,43,1,47,2,0,50,0,0,0,50
01/06/2014,BET,AK,AAL,WE,Federal Contract Tower,9,11,0,0,20,0,268,4,0,272,9,279,4,0,292,0,0,0,292
01/07/2014,BET,AK,AAL,WE,Federal Contract Tower,6,10,0,0,16,0,275,5,0,280,6,285,5,0,296,0,0,0,296
01/08/2014,BET,AK,AAL,WE,Federal Contract Tower,4,72,3,0,79,0,42,3,0,45,4,114,6,0,124,0,0,0,124
01/09/2014,BET,AK,AAL,WE,Federal Contract Tower,2,23,0,0,25,0,89,0,0,89,2,112,0,0,114,0,0,0,114
01/10/2014,BET,AK,AAL,WE,Federal Contract Tower,6,82,1,0,89,0,153,3,0,156,6,235,4,0,245,0,0,0,245
01/11/2014,BET,AK,AAL,WE,Federal Contract Tower,12,5,0,0,17,0,211,3,0,214,12,216,3,0,231,0,0,0,231
01/12/2014,BET,AK,AAL,WE,Federal Contract Tower,3,4,0,1,8,0,151,1,11,163,3,155,1,12,171,0,30,30,201
01/13/2014,BET,AK,AAL,WE,Federal Contract Tower,10,28,1,6,45,0,0,0,0,0,10,28,1,6,45,0,0,0,45
01/14/2014,BET,AK,AAL,WE,Federal Contract Tower,4,32,0,0,36,0,130,0,0,130,4,162,0,0,166,0,0,0,166
01/15/2014,BET,AK,AAL,WE,Federal Contract Tower,5,118,5,0,128,0,4,0,0,4,5,122,5,0,132,0,0,0,132
01/16/2014,BET,AK,AAL,WE,Federal Contract Tower,7,6,0,0,13,0,8,0,0,8,7,14,0,0,21,0,0,0,21
01/17/2014,BET,AK,AAL,WE,Federal Contract Tower,7,5,0,0,12,0,124,2,0,126,7,129,2,0,138,2,0,2,140
01/18/2014,BET,AK,AAL,WE,Federal Contract Tower,7,10,0,0,17,0,223,0,0,223,7,233,0,0,240,2,0,2,242
01/19/2014,BET,AK,AAL,WE,Federal Contract Tower,2,8,0,0,10,0,209,0,0,209,2,217,0,0,219,0,0,0,219
01/20/2014,BET,AK,AAL,WE,Federal Contract Tower,5,11,0,0,16,0,192,0,0,192,5,203,0,0,208,0,0,0,208
01/21/2014,BET,AK,AAL,WE,Federal Contract Tower,7,19,0,0,26,0,202,5,0,207,7,221,5,0,233,4,0,4,237
01/22/2014,BET,AK,AAL,WE,Federal Contract Tower,4,31,2,0,37,0,168,3,0,171,4,199,5,0,208,0,0,0,208
01/23/2014,BET,AK,AAL,WE,Federal Contract Tower,8,9,2,0,19,0,185,3,0,188,8,194,5,0,207,0,0,0,207
01/24/2014,BET,AK,AAL,WE,Federal Contract Tower,4,5,1,4,14,0,158,0,0,158,4,163,1,4,172,0,0,0,172
01/25/2014,BET,AK,AAL,WE,Federal Contract Tower,11,5,0,0,16,0,187,2,0,189,11,192,2,0,205,0,0,0,205
01/26/2014,BET,AK,AAL,WE,Federal Contract Tower,3,8,0,0,11,0,144,0,0,144,3,152,0,0,155,0,0,0,155
01/27/2014,BET,AK,AAL,WE,Federal Contract Tower,10,10,0,0,20,0,312,2,0,314,10,322,2,0,334,0,0,0,334
01/28/2014,BET,AK,AAL,WE,Federal Contract Tower,7,4,0,0,11,0,272,4,0,276,7,276,4,0,287,0,0,0,287
01/29/2014,BET,AK,AAL,WE,Federal Contract Tower,5,10,0,0,15,0,272,0,0,272,5,282,0,0,287,0,9,9,296
01/30/2014,BET,AK,AAL,WE,Federal Contract Tower,5,10,0,0,15,0,223,4,2,229,5,233,4,2,244,0,0,0,244
01/31/2014,BET,AK,AAL,WE,Federal Contract Tower,10,75,0,0,85,0,94,0,0,94,10,169,0,0,179,0,0,0,179
02/01/2014,BET,AK,AAL,WE,Federal Contract Tower,4,21,0,0,25,0,0,0,0,0,4,21,0,0,25,0,0,0,25
02/02/2014,BET,AK,AAL,WE,Federal Contract Tower,2,125,15,0,142,0,0,33,0,33,2,125,48,0,175,0,0,0,175
02/03/2014,BET,AK,AAL,WE,Federal Contract Tower,6,14,0,0,20,0,290,3,0,293,6,304,3,0,313,0,0,0,313
02/04/2014,BET,AK,AAL,WE,Federal Contract Tower,11,13,0,0,24,0,172,2,0,174,11,185,2,0,198,18,0,18,216
02/05/2014,BET,AK,AAL,WE,Federal Contract Tower,5,29,0,0,34,0,11,0,0,11,5,40,0,0,45,0,0,0,45
02/06/2014,BET,AK,AAL,WE,Federal Contract Tower,7,11,0,3,21,0,295,1,0,296,7,306,1,3,317,0,0,0,317
02/07/2014,BET,AK,AAL,WE,Federal Contract Tower,6,4,0,0,10,0,54,0,0,54,6,58,0,0,64,0,0,0,64
02/08/2014,BET,AK,AAL,WE,Federal Contract Tower,6,1,0,0,7,0,264,0,0,264,6,265,0,0,271,0,0,0,271
02/09/2014,BET,AK,AAL,WE,Federal Contract Tower,2,2,0,0,4,0,177,0,0,177,2,179,0,0,181,0,0,0,181
02/10/2014,BET,AK,AAL,WE,Federal Contract Tower,7,6,0,0,13,0,230,2,0,232,7,236,2,0,245,0,0,0,245
02/11/2014,BET,AK,AAL,WE,Federal Contract Tower,9,6,1,1,17,0,274,0,2,276,9,280,1,3,293,7,0,7,300
02/12/2014,BET,AK,AAL,WE,Federal Contract Tower,7,7,0,0,14,0,265,0,2,267,7,272,0,2,281,7,0,7,288
02/13/2014,BET,AK,AAL,WE,Federal Contract Tower,6,5,0,0,11,0,219,1,0,220,6,224,1,0,231,4,2,6,237
02/14/2014,BET,AK,AAL,WE,Federal Contract Tower,5,7,0,0,12,0,235,0,0,235,5,242,0,0,247,0,0,0,247
02/15/2014,BET,AK,AAL,WE,Federal Contract Tower,8,3,0,0,11,0,264,2,0,266,8,267,2,0,277,0,0,0,277
02/16/2014,BET,AK,AAL,WE,Federal Contract Tower,3,7,0,0,10,0,104,0,0,104,3,111,0,0,114,16,0,16,130
02/17/2014,BET,AK,AAL,WE,Federal Contract Tower,7,5,0,0,12,0,162,10,0,172,7,167,10,0,184,10,0,10,194
02/18/2014,BET,AK,AAL,WE,Federal Contract Tower,6,6,0,0,12,0,206,4,1,211,6,212,4,1,223,2,0,2,225
02/19/2014,BET,AK,AAL,WE,Federal Contract Tower,4,3,1,0,8,0,186,2,0,188,4,189,3,0,196,0,5,5,201
02/20/2014,BET,AK,AAL,WE,Federal Contract Tower,7,1,0,1,9,0,218,0,0,218,7,219,0,1,227,0,0,0,227
02/21/2014,BET,AK,AAL,WE,Federal Contract Tower,4,16,0,0,20,0,154,1,0,155,4,170,1,0,175,0,0,0,175
02/22/2014,BET,AK,AAL,WE,Federal Contract Tower,14,5,0,0,19,0,114,0,0,114,14,119,0,0,133,0,0,0,133
02/23/2014,BET,AK,AAL,WE,Federal Contract Tower,3,7,0,0,10,0,38,0,0,38,3,45,0,0,48,0,0,0,48
02/24/2014,BET,AK,AAL,WE,Federal Contract Tower,4,16,1,0,21,0,213,5,0,218,4,229,6,0,239,0,0,0,239
02/25/2014,BET,AK,AAL,WE,Federal Contract Tower,7,7,0,0,14,0,241,4,0,245,7,248,4,0,259,0,0,0,259
02/26/2014,BET,AK,AAL,WE,Federal Contract Tower,8,7,0,0,15,0,219,4,0,223,8,226,4,0,238,0,0,0,238
02/27/2014,BET,AK,AAL,WE,Federal Contract Tower,7,8,0,0,15,0,256,0,0,256,7,264,0,0,271,10,0,10,281
02/28/2014,BET,AK,AAL,WE,Federal Contract Tower,7,39,0,1,47,0,173,1,0,174,7,212,1,1,221,4,0,4,225
03/01/2014,BET,AK,AAL,WE,Federal Contract Tower,9,15,0,0,24,0,252,4,0,256,9,267,4,0,280,0,0,0,280
03/02/2014,BET,AK,AAL,WE,Federal Contract Tower,3,7,0,0,10,0,181,0,1,182,3,188,0,1,192,2,0,2,194
03/03/2014,BET,AK,AAL,WE,Federal Contract Tower,8,6,0,0,14,0,265,4,2,271,8,271,4,2,285,0,0,0,285
03/04/2014,BET,AK,AAL,WE,Federal Contract Tower,10,3,0,1,14,0,268,1,4,273,10,271,1,5,287,0,0,0,287
03/05/2014,BET,AK,AAL,WE,Federal Contract Tower,7,15,1,0,23,0,264,4,2,270,7,279,5,2,293,0,0,0,293
03/06/2014,BET,AK,AAL,WE,Federal Contract Tower,10,6,0,0,16,0,261,3,2,266,10,267,3,2,282,0,0,0,282
03/07/2014,BET,AK,AAL,WE,Federal Contract Tower,10,14,0,0,24,0,250,5,0,255,10,264,5,0,279,3,0,3,282
03/08/2014,BET,AK,AAL,WE,Federal Contract Tower,8,5,0,0,13,1,143,2,0,146,9,148,2,0,159,2,0,2,161
03/09/2014,BET,AK,AAL,WE,Federal Contract Tower,2,4,0,0,6,0,285,4,0,289,2,289,4,0,295,4,0,4,299
03/10/2014,BET,AK,AAL,WE,Federal Contract Tower,7,11,1,0,19,0,61,0,0,61,7,72,1,0,80,0,0,0,80
03/11/2014,BET,AK,AAL,WE,Federal Contract Tower,9,100,0,0,109,0,98,1,0,99,9,198,1,0,208,0,0,0,208
03/12/2014,BET,AK,AAL,WE,Federal Contract Tower,6,9,0,0,15,0,247,0,4,251,6,256,0,4,266,0,0,0,266
03/13/2014,BET,AK,AAL,WE,Federal Contract Tower,4,63,0,0,67,0,0,0,0,0,4,63,0,0,67,0,0,0,67
03/14/2014,BET,AK,AAL,WE,Federal Contract Tower,10,76,0,0,86,0,107,0,0,107,10,183,0,0,193,0,0,0,193
03/15/2014,BET,AK,AAL,WE,Federal Contract Tower,8,5,0,0,13,0,222,0,0,222,8,227,0,0,235,11,0,11,246
03/16/2014,BET,AK,AAL,WE,Federal Contract Tower,2,30,0,0,32,0,19,0,0,19,2,49,0,0,51,0,0,0,51
03/17/2014,BET,AK,AAL,WE,Federal Contract Tower,8,70,0,0,78,0,32,0,0,32,8,102,0,0,110,0,0,0,110
03/18/2014,BET,AK,AAL,WE,Federal Contract Tower,10,5,0,0,15,0,200,2,0,202,10,205,2,0,217,0,0,0,217
03/19/2014,BET,AK,AAL,WE,Federal Contract Tower,6,7,0,0,13,0,200,0,1,201,6,207,0,1,214,2,0,2,216
03/20/2014,BET,AK,AAL,WE,Federal Contract Tower,5,6,0,0,11,0,234,5,0,239,5,240,5,0,250,0,0,0,250
03/21/2014,BET,AK,AAL,WE,Federal Contract Tower,4,5,0,0,9,0,223,5,1,229,4,228,5,1,238,6,0,6,244
03/22/2014,BET,AK,AAL,WE,Federal Contract Tower,10,4,0,1,15,0,183,0,0,183,10,187,0,1,198,0,0,0,198
03/23/2014,BET,AK,AAL,WE,Federal Contract Tower,2,7,0,0,9,0,145,1,0,146,2,152,1,0,155,0,0,0,155
03/24/2014,BET,AK,AAL,WE,Federal Contract Tower,9,7,0,0,16,0,199,14,0,213,9,206,14,0,229,0,0,0,229
03/25/2014,BET,AK,AAL,WE,Federal Contract Tower,7,21,2,3,33,0,137,5,2,144,7,158,7,5,177,0,0,0,177
03/26/2014,BET,AK,AAL,WE,Federal Contract Tower,5,74,1,1,81,0,51,0,1,52,5,125,1,2,133,15,0,15,148
03/27/2014,BET,AK,AAL,WE,Federal Contract Tower,7,22,0,0,29,0,191,9,4,204,7,213,9,4,233,0,0,0,233
03/28/2014,BET,AK,AAL,WE,Federal Contract Tower,6,24,0,0,30,0,161,10,2,173,6,185,10,2,203,0,0,0,203
03/29/2014,BET,AK,AAL,WE,Federal Contract Tower,7,52,0,0,59,0,96,0,0,96,7,148,0,0,155,0,0,0,155
03/30/2014,BET,AK,AAL,WE,Federal Contract Tower,2,21,0,3,26,0,114,5,2,121,2,135,5,5,147,6,0,6,153
03/31/2014,BET,AK,AAL,WE,Federal Contract Tower,7,10,0,0,17,0,210,4,0,214,7,220,4,0,231,0,0,0,231
04/01/2014,BET,AK,AAL,WE,Federal Contract Tower,8,3,0,0,11,0,231,4,0,235,8,234,4,0,246,0,0,0,246
04/02/2014,BET,AK,AAL,WE,Federal Contract Tower,10,4,0,0,14,0,198,3,0,201,10,202,3,0,215,4,0,4,219
04/03/2014,BET,AK,AAL,WE,Federal Contract Tower,14,8,0,0,22,0,221,2,1,224,14,229,2,1,246,0,0,0,246
04/04/2014,BET,AK,AAL,WE,Federal Contract Tower,6,13,0,2,21,0,256,0,0,256,6,269,0,2,277,4,0,4,281
04/05/2014,BET,AK,AAL,WE,Federal Contract Tower,8,30,0,0,38,0,0,0,0,0,8,30,0,0,38,0,0,0,38
04/06/2014,BET,AK,AAL,WE,Federal Contract Tower,4,8,0,0,12,0,158,3,0,161,4,166,3,0,173,0,0,0,173
04/07/2014,BET,AK,AAL,WE,Federal Contract Tower,8,7,0,0,15,0,198,2,2,202,8,205,2,2,217,0,0,0,217
04/08/2014,BET,AK,AAL,WE,Federal Contract Tower,12,10,0,0,22,0,192,4,3,199,12,202,4,3,221,1,0,1,222
04/09/2014,BET,AK,AAL,WE,Federal Contract Tower,8,3,0,0,11,0,179,1,0,180,8,182,1,0,191,0,0,0,191
04/10/2014,BET,AK,AAL,WE,Federal Contract Tower,12,9,3,0,24,0,296,14,0,310,12,305,17,0,334,8,0,8,342
04/11/2014,BET,AK,AAL,WE,Federal Contract Tower,9,7,1,0,17,0,241,14,2,257,9,248,15,2,274,2,0,2,276
04/12/2014,BET,AK,AAL,WE,Federal Contract Tower,10,6,0,0,16,0,202,8,0,210,10,208,8,0,226,0,0,0,226
04/13/2014,BET,AK,AAL,WE,Federal Contract Tower,3,27,0,0,30,1,115,1,0,117,4,142,1,0,147,0,0,0,147
04/14/2014,BET,AK,AAL,WE,Federal Contract Tower,10,33,1,0,44,0,217,0,0,217,10,250,1,0,261,0,0,0,261
04/15/2014,BET,AK,AAL,WE,Federal Contract Tower,10,4,0,0,14,0,307,8,1,316,10,311,8,1,330,24,0,24,354
04/16/2014,BET,AK,AAL,WE,Federal Contract Tower,10,13,0,0,23,0,308,4,0,312,10,321,4,0,335,0,0,0,335
04/17/2014,BET,AK,AAL,WE,Federal Contract Tower,8,8,0,0,16,0,290,10,4,304,8,298,10,4,320,2,0,2,322
04/18/2014,BET,AK,AAL,WE,Federal Contract Tower,8,4,0,0,12,0,1,356,10,367,8,5,356,10,379,0,0,0,379
04/19/2014,BET,AK,AAL,WE,Federal Contract Tower,10,8,0,0,18,0,239,3,0,242,10,247,3,0,260,8,0,8,268
04/20/2014,BET,AK,AAL,WE,Federal Contract Tower,4,5,0,0,9,0,148,4,0,152,4,153,4,0,161,0,0,0,161
04/21/2014,BET,AK,AAL,WE,Federal Contract Tower,8,19,0,0,27,0,234,4,0,238,8,253,4,0,265,0,0,0,265
04/22/2014,BET,AK,AAL,WE,Federal Contract Tower,10,6,0,0,16,0,318,6,0,324,10,324,6,0,340,0,0,0,340
04/23/2014,BET,AK,AAL,WE,Federal Contract Tower,10,8,0,1,19,0,310,14,0,324,10,318,14,1,343,2,0,2,345
04/24/2014,BET,AK,AAL,WE,Federal Contract Tower,9,9,0,0,18,0,277,11,0,288,9,286,11,0,306,7,0,7,313
04/25/2014,BET,AK,AAL,WE,Federal Contract Tower,9,5,0,0,14,0,323,7,1,331,9,328,7,1,345,0,0,0,345
04/26/2014,BET,AK,AAL,WE,Federal Contract Tower,14,8,0,0,22,0,241,6,0,247,14,249,6,0,269,0,0,0,269
04/27/2014,BET,AK,AAL,WE,Federal Contract Tower,4,4,0,0,8,0,166,13,0,179,4,170,13,0,187,0,0,0,187
04/28/2014,BET,AK,AAL,WE,Federal Contract Tower,8,10,0,0,18,0,290,9,4,303,8,300,9,4,321,0,0,0,321
04/29/2014,BET,AK,AAL,WE,Federal Contract Tower,9,77,0,0,86,0,172,1,0,173,9,249,1,0,259,0,0,0,259
04/30/2014,BET,AK,AAL,WE,Federal Contract Tower,9,8,0,0,17,0,300,2,0,302,9,308,2,0,319,0,0,0,319
05/01/2014,BET,AK,AAL,WE,Federal Contract Tower,12,6,0,0,18,0,338,15,0,353,12,344,15,0,371,0,0,0,371
05/02/2014,BET,AK,AAL,WE,Federal Contract Tower,8,10,0,0,18,0,381,13,0,394,8,391,13,0,412,0,0,0,412
05/03/2014,BET,AK,AAL,WE,Federal Contract Tower,8,3,0,0,11,0,220,6,0,226,8,223,6,0,237,3,0,3,240
05/04/2014,BET,AK,AAL,WE,Federal Contract Tower,4,10,0,0,14,0,190,4,0,194,4,200,4,0,208,4,0,4,212
05/05/2014,BET,AK,AAL,WE,Federal Contract Tower,9,12,0,0,21,0,278,30,2,310,9,290,30,2,331,0,0,0,331
05/06/2014,BET,AK,AAL,WE,Federal Contract Tower,8,12,0,0,20,0,335,9,0,344,8,347,9,0,364,0,0,0,364
05/07/2014,BET,AK,AAL,WE,Federal Contract Tower,6,8,0,0,14,0,264,10,0,274,6,272,10,0,288,6,0,6,294
05/08/2014,BET,AK,AAL,WE,Federal Contract Tower,10,25,4,0,39,0,202,7,0,209,10,227,11,0,248,17,0,17,265
05/09/2014,BET,AK,AAL,WE,Federal Contract Tower,10,43,4,0,57,0,208,3,0,211,10,251,7,0,268,6,0,6,274
05/10/2014,BET,AK,AAL,WE,Federal Contract Tower,7,4,0,0,11,0,228,3,0,231,7,232,3,0,242,0,0,0,242
05/11/2014,BET,AK,AAL,WE,Federal Contract Tower,4,4,0,0,8,0,122,8,0,130,4,126,8,0,138,6,0,6,144
05/12/2014,BET,AK,AAL,WE,Federal Contract Tower,8,13,0,0,21,0,156,5,0,161,8,169,5,0,182,4,0,4,186
05/13/2014,BET,AK,AAL,WE,Federal Contract Tower,14,33,1,0,48,0,272,8,0,280,14,305,9,0,328,0,0,0,328
05/14/2014,BET,AK,AAL,WE,Federal Contract Tower,7,7,0,0,14,0,268,12,0,280,7,275,12,0,294,0,0,0,294
05/15/2014,BET,AK,AAL,WE,Federal Contract Tower,14,9,0,0,23,1,298,12,0,311,15,307,12,0,334,13,0,13,347
05/16/2014,BET,AK,AAL,WE,Federal Contract Tower,9,13,1,0,23,0,241,6,0,247,9,254,7,0,270,0,0,0,270
05/17/2014,BET,AK,AAL,WE,Federal Contract Tower,11,13,2,0,26,1,184,2,0,187,12,197,4,0,213,0,0,0,213
05/18/2014,BET,AK,AAL,WE,Federal Contract Tower,4,7,0,0,11,0,130,5,0,135,4,137,5,0,146,0,0,0,146
05/19/2014,BET,AK,AAL,WE,Federal Contract Tower,9,8,0,1,18,0,207,4,1,212,9,215,4,2,230,0,0,0,230
05/20/2014,BET,AK,AAL,WE,Federal Contract Tower,8,7,5,0,20,2,268,5,0,275,10,275,10,0,295,0,0,0,295
05/21/2014,BET,AK,AAL,WE,Federal Contract Tower,8,32,7,0,47,0,247,4,0,251,8,279,11,0,298,0,0,0,298
05/22/2014,BET,AK,AAL,WE,Federal Contract Tower,8,5,2,0,15,0,280,10,0,290,8,285,12,0,305,0,0,0,305
05/23/2014,BET,AK,AAL,WE,Federal Contract Tower,8,11,3,0,22,1,261,29,0,291,9,272,32,0,313,0,0,0,313
05/24/2014,BET,AK,AAL,WE,Federal Contract Tower,6,18,0,0,24,0,242,15,0,257,6,260,15,0,281,25,0,25,306
05/25/2014,BET,AK,AAL,WE,Federal Contract Tower,4,20,0,0,24,0,117,13,0,130,4,137,13,0,154,0,0,0,154
05/26/2014,BET,AK,AAL,WE,Federal Contract Tower,6,14,0,0,20,0,180,8,0,188,6,194,8,0,208,4,0,4,212
05/27/2014,BET,AK,AAL,WE,Federal Contract Tower,11,35,3,0,49,0,176,11,0,187,11,211,14,0,236,0,0,0,236
05/28/2014,BET,AK,AAL,WE,Federal Contract Tower,8,72,0,2,82,0,202,11,1,214,8,274,11,3,296,0,0,0,296
05/29/2014,BET,AK,AAL,WE,Federal Contract Tower,8,23,2,0,33,0,235,16,0,251,8,258,18,0,284,0,0,0,284
05/30/2014,BET,AK,AAL,WE,Federal Contract Tower,11,23,0,0,34,0,237,14,1,252,11,260,14,1,286,2,0,2,288
05/31/2014,BET,AK,AAL,WE,Federal Contract Tower,9,2,0,0,11,0,199,9,0,208,9,201,9,0,219,0,0,0,219
06/01/2014,BET,AK,AAL,WE,Federal Contract Tower,4,14,0,0,18,0,115,2,0,117,4,129,2,0,135,2,0,2,137
06/02/2014,BET,AK,AAL,WE,Federal Contract Tower,8,72,0,0,80,0,176,20,0,196,8,248,20,0,276,0,0,0,276
06/03/2014,BET,AK,AAL,WE,Federal Contract Tower,8,11,0,0,19,0,264,21,2,287,8,275,21,2,306,4,0,4,310
06/04/2014,BET,AK,AAL,WE,Federal Contract Tower,8,10,0,0,18,0,255,23,4,282,8,265,23,4,300,2,0,2,302
06/05/2014,BET,AK,AAL,WE,Federal Contract Tower,13,4,3,0,20,1,240,19,3,263,14,244,22,3,283,2,0,2,285
06/06/2014,BET,AK,AAL,WE,Federal Contract Tower,6,21,3,0,30,2,252,30,4,288,8,273,33,4,318,0,0,0,318
06/07/2014,BET,AK,AAL,WE,Federal Contract Tower,9,2,0,0,11,0,261,9,2,272,9,263,9,2,283,4,0,4,287
06/08/2014,BET,AK,AAL,WE,Federal Contract Tower,3,11,0,0,14,1,116,6,0,123,4,127,6,0,137,8,0,8,145
06/09/2014,BET,AK,AAL,WE,Federal Contract Tower,9,15,2,0,26,0,184,8,0,192,9,199,10,0,218,6,0,6,224
06/10/2014,BET,AK,AAL,WE,Federal Contract Tower,8,5,0,0,13,0,271,17,0,288,8,276,17,0,301,6,0,6,307
06/11/2014,BET,AK,AAL,WE,Federal Contract Tower,10,9,2,0,21,0,256,20,0,276,10,265,22,0,297,0,0,0,297
06/12/2014,BET,AK,AAL,WE,Federal Contract Tower,6,26,0,0,32,0,239,10,0,249,6,265,10,0,281,0,0,0,281
06/13/2014,BET,AK,AAL,WE,Federal Contract Tower,8,9,2,0,19,0,331,22,0,353,8,340,24,0,372,0,0,0,372
06/14/2014,BET,AK,AAL,WE,Federal Contract Tower,9,28,0,0,37,1,151,14,0,166,10,179,14,0,203,2,0,2,205
06/15/2014,BET,AK,AAL,WE,Federal Contract Tower,4,10,2,0,16,0,144,4,0,148,4,154,6,0,164,0,0,0,164
06/16/2014,BET,AK,AAL,WE,Federal Contract Tower,7,50,2,0,59,0,192,9,0,201,7,242,11,0,260,0,0,0,260
06/17/2014,BET,AK,AAL,WE,Federal Contract Tower,10,39,0,0,49,0,175,4,0,179,10,214,4,0,228,0,0,0,228
06/18/2014,BET,AK,AAL,WE,Federal Contract Tower,7,121,3,0,131,0,111,2,0,113,7,232,5,0,244,0,0,0,244
06/19/2014,BET,AK,AAL,WE,Federal Contract Tower,7,12,0,0,19,0,255,14,0,269,7,267,14,0,288,0,0,0,288
06/20/2014,BET,AK,AAL,WE,Federal Contract Tower,9,33,1,0,43,0,168,13,0,181,9,201,14,0,224,0,0,0,224
06/21/2014,BET,AK,AAL,WE,Federal Contract Tower,11,2,0,0,13,1,209,16,1,227,12,211,16,1,240,1,1,2,242
06/22/2014,BET,AK,AAL,WE,Federal Contract Tower,4,9,0,0,13,0,97,4,0,101,4,106,4,0,114,0,0,0,114
06/23/2014,BET,AK,AAL,WE,Federal Contract Tower,10,41,0,0,51,0,153,8,0,161,10,194,8,0,212,0,0,0,212
06/24/2014,BET,AK,AAL,WE,Federal Contract Tower,11,27,0,0,38,0,184,8,0,192,11,211,8,0,230,12,0,12,242
06/25/2014,BET,AK,AAL,WE,Federal Contract Tower,8,10,2,0,20,0,322,24,0,346,8,332,26,0,366,6,0,6,372
06/26/2014,BET,AK,AAL,WE,Federal Contract Tower,11,7,1,0,19,2,208,5,0,215,13,215,6,0,234,6,0,6,240
06/27/2014,BET,AK,AAL,WE,Federal Contract Tower,9,35,0,0,44,0,182,10,0,192,9,217,10,0,236,0,6,6,242
06/28/2014,BET,AK,AAL,WE,Federal Contract Tower,10,41,2,0,53,0,157,18,0,175,10,198,20,0,228,0,0,0,228
06/29/2014,BET,AK,AAL,WE,Federal Contract Tower,4,12,0,0,16,0,103,3,0,106,4,115,3,0,122,4,0,4,126
06/30/2014,BET,AK,AAL,WE,Federal Contract Tower,9,16,1,0,26,0,158,12,0,170,9,174,13,0,196,8,0,8,204
07/01/2014,BET,AK,AAL,WE,Federal Contract Tower,8,10,0,0,18,0,202,7,1,210,8,212,7,1,228,8,0,8,236
07/02/2014,BET,AK,AAL,WE,Federal Contract Tower,13,19,0,0,32,0,214,7,0,221,13,233,7,0,253,2,0,2,255
07/03/2014,BET,AK,AAL,WE,Federal Contract Tower,14,7,0,0,21,0,256,14,0,270,14,263,14,0,291,0,0,0,291
07/04/2014,BET,AK,AAL,WE,Federal Contract Tower,6,5,0,0,11,0,18,17,0,35,6,23,17,0,46,0,0,0,46
07/05/2014,BET,AK,AAL,WE,Federal Contract Tower,8,12,2,0,22,0,175,5,0,180,8,187,7,0,202,9,0,9,211
07/06/2014,BET,AK,AAL,WE,Federal Contract Tower,4,9,0,0,13,0,140,6,0,146,4,149,6,0,159,0,0,0,159
07/07/2014,BET,AK,AAL,WE,Federal Contract Tower,10,44,0,0,54,0,170,7,0,177,10,214,7,0,231,0,0,0,231
07/08/2014,BET,AK,AAL,WE,Federal Contract Tower,6,10,1,2,19,2,261,15,0,278,8,271,16,2,297,0,0,0,297
07/09/2014,BET,AK,AAL,WE,Federal Contract Tower,12,15,0,2,29,0,263,9,1,273,12,278,9,3,302,10,0,10,312
07/10/2014,BET,AK,AAL,WE,Federal Contract Tower,8,14,1,2,25,1,227,6,0,234,9,241,7,2,259,4,0,4,263
07/11/2014,BET,AK,AAL,WE,Federal Contract Tower,10,36,3,2,51,0,148,10,0,158,10,184,13,2,209,0,0,0,209
07/12/2014,BET,AK,AAL,WE,Federal Contract Tower,10,5,2,0,17,0,224,11,0,235,10,229,13,0,252,2,0,2,254
07/13/2014,BET,AK,AAL,WE,Federal Contract Tower,6,8,0,0,14,0,136,6,0,142,6,144,6,0,156,0,0,0,156
07/14/2014,BET,AK,AAL,WE,Federal Contract Tower,8,9,0,0,17,0,204,13,0,217,8,213,13,0,234,6,0,6,240
07/15/2014,BET,AK,AAL,WE,Federal Contract Tower,11,4,0,0,15,0,256,9,0,265,11,260,9,0,280,0,0,0,280
07/16/2014,BET,AK,AAL,WE,Federal Contract Tower,8,17,0,0,25,0,255,13,0,268,8,272,13,0,293,0,0,0,293
07/17/2014,BET,AK,AAL,WE,Federal Contract Tower,9,32,5,0,46,0,261,26,0,287,9,293,31,0,333,0,0,0,333
07/18/2014,BET,AK,AAL,WE,Federal Contract Tower,7,42,3,0,52,1,219,7,1,228,8,261,10,1,280,0,0,0,280
07/19/2014,BET,AK,AAL,WE,Federal Contract Tower,6,44,2,0,52,0,142,7,0,149,6,186,9,0,201,0,0,0,201
07/20/2014,BET,AK,AAL,WE,Federal Contract Tower,4,8,1,0,13,0,164,16,0,180,4,172,17,0,193,0,0,0,193
07/21/2014,BET,AK,AAL,WE,Federal Contract Tower,9,28,0,0,37,0,202,11,0,213,9,230,11,0,250,0,0,0,250
07/22/2014,BET,AK,AAL,WE,Federal Contract Tower,8,27,2,2,39,0,284,18,1,303,8,311,20,3,342,4,0,4,346
07/23/2014,BET,AK,AAL,WE,Federal Contract Tower,10,62,2,2,76,0,244,14,2,260,10,306,16,4,336,0,0,0,336
07/24/2014,BET,AK,AAL,WE,Federal Contract Tower,6,39,3,0,48,1,221,10,0,232,7,260,13,0,280,0,0,0,280
07/25/2014,BET,AK,AAL,WE,Federal Contract Tower,8,10,0,0,18,0,313,13,5,331,8,323,13,5,349,8,0,8,357
07/26/2014,BET,AK,AAL,WE,Federal Contract Tower,8,4,0,0,12,0,257,12,0,269,8,261,12,0,281,0,0,0,281
07/27/2014,BET,AK,AAL,WE,Federal Contract Tower,4,12,0,0,16,0,140,14,0,154,4,152,14,0,170,8,0,8,178
07/28/2014,BET,AK,AAL,WE,Federal Contract Tower,9,72,1,1,83,0,133,10,1,144,9,205,11,2,227,0,0,0,227
07/29/2014,BET,AK,AAL,WE,Federal Contract Tower,6,7,0,0,13,0,290,9,0,299,6,297,9,0,312,0,0,0,312
07/30/2014,BET,AK,AAL,WE,Federal Contract Tower,8,8,0,0,16,0,278,12,2,292,8,286,12,2,308,12,0,12,320
07/31/2014,BET,AK,AAL,WE,Federal Contract Tower,9,87,0,0,96,0,168,6,4,178,9,255,6,4,274,0,0,0,274
08/01/2014,BET,AK,AAL,WE,Federal Contract Tower,9,89,7,0,105,0,1,0,0,1,9,90,7,0,106,0,0,0,106
08/02/2014,BET,AK,AAL,WE,Federal Contract Tower,10,133,3,0,146,0,0,0,0,0,10,133,3,0,146,0,0,0,146
08/03/2014,BET,AK,AAL,WE,Federal Contract Tower,4,56,7,1,68,0,131,14,0,145,4,187,21,1,213,0,0,0,213
08/04/2014,BET,AK,AAL,WE,Federal Contract Tower,9,58,3,0,70,0,184,17,0,201,9,242,20,0,271,0,0,0,271
08/05/2014,BET,AK,AAL,WE,Federal Contract Tower,9,36,2,0,47,1,192,14,0,207,10,228,16,0,254,0,0,0,254
08/06/2014,BET,AK,AAL,WE,Federal Contract Tower,17,36,4,0,57,0,242,10,2,254,17,278,14,2,311,9,0,9,320
08/07/2014,BET,AK,AAL,WE,Federal Contract Tower,11,8,0,4,23,0,285,17,2,304,11,293,17,6,327,1,0,1,328
08/08/2014,BET,AK,AAL,WE,Federal Contract Tower,6,12,0,0,18,0,318,20,1,339,6,330,20,1,357,10,0,10,367
08/09/2014,BET,AK,AAL,WE,Federal Contract Tower,10,7,0,0,17,1,299,15,0,315,11,306,15,0,332,0,0,0,332
08/10/2014,BET,AK,AAL,WE,Federal Contract Tower,4,9,3,0,16,0,171,17,0,188,4,180,20,0,204,4,0,4,208
08/11/2014,BET,AK,AAL,WE,Federal Contract Tower,8,12,0,2,22,0,248,20,0,268,8,260,20,2,290,4,0,4,294
08/12/2014,BET,AK,AAL,WE,Federal Contract Tower,8,10,0,0,18,0,272,12,0,284,8,282,12,0,302,8,0,8,310
08/13/2014,BET,AK,AAL,WE,Federal Contract Tower,11,10,0,0,21,0,306,15,1,322,11,316,15,1,343,1,0,1,344
08/14/2014,BET,AK,AAL,WE,Federal Contract Tower,10,12,0,0,22,0,325,18,0,343,10,337,18,0,365,1,0,1,366
08/15/2014,BET,AK,AAL,WE,Federal Contract Tower,9,30,2,0,41,0,273,6,2,281,9,303,8,2,322,0,0,0,322
08/16/2014,BET,AK,AAL,WE,Federal Contract Tower,6,8,3,0,17,0,225,7,0,232,6,233,10,0,249,0,0,0,249
08/17/2014,BET,AK,AAL,WE,Federal Contract Tower,4,7,0,0,11,0,152,4,0,156,4,159,4,0,167,0,0,0,167
08/18/2014,BET,AK,AAL,WE,Federal Contract Tower,6,53,0,0,59,0,185,11,2,198,6,238,11,2,257,0,0,0,257
08/19/2014,BET,AK,AAL,WE,Federal Contract Tower,8,7,2,0,17,0,300,19,3,322,8,307,21,3,339,4,0,4,343
08/20/2014,BET,AK,AAL,WE,Federal Contract Tower,10,14,7,0,31,0,227,15,0,242,10,241,22,0,273,0,0,0,273
08/21/2014,BET,AK,AAL,WE,Federal Contract Tower,12,7,1,0,20,2,260,17,2,281,14,267,18,2,301,2,0,2,303
08/22/2014,BET,AK,AAL,WE,Federal Contract Tower,8,5,2,0,15,0,281,15,0,296,8,286,17,0,311,0,0,0,311
08/23/2014,BET,AK,AAL,WE,Federal Contract Tower,9,1,7,0,17,0,239,11,0,250,9,240,18,0,267,0,0,0,267
08/24/2014,BET,AK,AAL,WE,Federal Contract Tower,4,8,1,0,13,0,120,4,2,126,4,128,5,2,139,0,0,0,139
08/25/2014,BET,AK,AAL,WE,Federal Contract Tower,6,33,4,0,43,0,196,8,0,204,6,229,12,0,247,0,0,0,247
08/26/2014,BET,AK,AAL,WE,Federal Contract Tower,12,33,2,0,47,0,201,2,2,205,12,234,4,2,252,4,0,4,256
08/27/2014,BET,AK,AAL,WE,Federal Contract Tower,8,9,5,0,22,1,247,15,0,263,9,256,20,0,285,8,0,8,293
08/28/2014,BET,AK,AAL,WE,Federal Contract Tower,10,17,0,0,27,0,273,3,0,276,10,290,3,0,303,14,0,14,317
08/29/2014,BET,AK,AAL,WE,Federal Contract Tower,8,6,1,0,15,0,401,14,2,417,8,407,15,2,432,0,0,0,432
08/30/2014,BET,AK,AAL,WE,Federal Contract Tower,10,5,0,0,15,0,264,16,0,280,10,269,16,0,295,0,0,0,295
08/31/2014,BET,AK,AAL,WE,Federal Contract Tower,2,4,0,0,6,0,130,2,0,132,2,134,2,0,138,0,0,0,138
09/01/2014,BET,AK,AAL,WE,Federal Contract Tower,6,44,0,0,50,0,128,4,0,132,6,172,4,0,182,2,0,2,184
09/02/2014,BET,AK,AAL,WE,Federal Contract Tower,8,87,5,0,100,0,164,10,0,174,8,251,15,0,274,0,0,0,274
09/03/2014,BET,AK,AAL,WE,Federal Contract Tower,12,6,0,0,18,0,258,8,0,266,12,264,8,0,284,14,0,14,298
09/04/2014,BET,AK,AAL,WE,Federal Contract Tower,10,6,0,0,16,0,324,18,0,342,10,330,18,0,358,0,0,0,358
09/05/2014,BET,AK,AAL,WE,Federal Contract Tower,7,10,2,0,19,0,390,12,0,402,7,400,14,0,421,0,0,0,421
09/06/2014,BET,AK,AAL,WE,Federal Contract Tower,9,2,0,0,11,0,282,5,0,287,9,284,5,0,298,0,0,0,298
09/07/2014,BET,AK,AAL,WE,Federal Contract Tower,4,6,0,0,10,0,150,6,0,156,4,156,6,0,166,8,0,8,174
09/08/2014,BET,AK,AAL,WE,Federal Contract Tower,8,44,1,1,54,0,210,4,0,214,8,254,5,1,268,6,0,6,274
09/09/2014,BET,AK,AAL,WE,Federal Contract Tower,8,5,0,0,13,0,240,8,2,250,8,245,8,2,263,0,0,0,263
09/10/2014,BET,AK,AAL,WE,Federal Contract Tower,8,15,0,0,23,0,264,20,0,284,8,279,20,0,307,0,0,0,307
09/11/2014,BET,AK,AAL,WE,Federal Contract Tower,11,13,0,0,24,0,254,13,0,267,11,267,13,0,291,2,0,2,293
09/12/2014,BET,AK,AAL,WE,Federal Contract Tower,8,12,2,0,22,0,234,9,0,243,8,246,11,0,265,0,0,0,265
09/13/2014,BET,AK,AAL,WE,Federal Contract Tower,9,7,0,0,16,0,324,18,0,342,9,331,18,0,358,1,1,2,360
09/14/2014,BET,AK,AAL,WE,Federal Contract Tower,4,6,0,0,10,0,153,11,0,164,4,159,11,0,174,2,0,2,176
09/15/2014,BET,AK,AAL,WE,Federal Contract Tower,8,55,0,1,64,0,229,5,0,234,8,284,5,1,298,0,0,0,298
09/16/2014,BET,AK,AAL,WE,Federal Contract Tower,11,13,2,0,26,1,267,8,0,276,12,280,10,0,302,0,0,0,302
09/17/2014,BET,AK,AAL,WE,Federal Contract Tower,9,8,1,0,18,0,311,18,0,329,9,319,19,0,347,0,0,0,347
09/18/2014,BET,AK,AAL,WE,Federal Contract Tower,10,68,3,0,81,0,226,12,0,238,10,294,15,0,319,0,0,0,319
09/19/2014,BET,AK,AAL,WE,Federal Contract Tower,9,20,0,0,29,0,312,8,0,320,9,332,8,0,349,0,0,0,349
09/20/2014,BET,AK,AAL,WE,Federal Contract Tower,7,6,0,0,13,0,276,6,0,282,7,282,6,0,295,2,0,2,297
09/21/2014,BET,AK,AAL,WE,Federal Contract Tower,4,6,0,0,10,0,170,18,0,188,4,176,18,0,198,0,0,0,198
09/22/2014,BET,AK,AAL,WE,Federal Contract Tower,9,6,0,0,15,0,263,17,0,280,9,269,17,0,295,0,0,0,295
09/23/2014,BET,AK,AAL,WE,Federal Contract Tower,9,6,5,0,20,1,280,8,0,289,10,286,13,0,309,0,0,0,309
09/24/2014,BET,AK,AAL,WE,Federal Contract Tower,6,38,3,0,47,0,221,12,0,233,6,259,15,0,280,2,0,2,282
09/25/2014,BET,AK,AAL,WE,Federal Contract Tower,8,5,0,0,13,0,264,5,1,270,8,269,5,1,283,0,0,0,283
09/26/2014,BET,AK,AAL,WE,Federal Contract Tower,11,5,1,0,17,0,288,17,0,305,11,293,18,0,322,0,0,0,322
09/27/2014,BET,AK,AAL,WE,Federal Contract Tower,9,8,0,0,17,0,260,13,1,274,9,268,13,1,291,0,0,0,291
09/28/2014,BET,AK,AAL,WE,Federal Contract Tower,4,7,0,0,11,0,108,10,0,118,4,115,10,0,129,8,2,10,139
09/29/2014,BET,AK,AAL,WE,Federal Contract Tower,7,7,0,0,14,1,264,4,0,269,8,271,4,0,283,14,0,14,297
09/30/2014,BET,AK,AAL,WE,Federal Contract Tower,10,14,0,0,24,0,243,10,0,253,10,257,10,0,277,6,0,6,283
10/01/2014,BET,AK,AAL,WE,Federal Contract Tower,10,5,0,0,15,0,321,14,0,335,10,326,14,0,350,8,0,8,358
10/02/2014,BET,AK,AAL,WE,Federal Contract Tower,6,8,0,0,14,0,334,11,0,345,6,342,11,0,359,12,0,12,371
10/03/2014,BET,AK,AAL,WE,Federal Contract Tower,7,6,0,0,13,0,392,13,0,405,7,398,13,0,418,0,0,0,418
10/04/2014,BET,AK,AAL,WE,Federal Contract Tower,6,5,0,0,11,0,289,12,0,301,6,294,12,0,312,13,1,14,326
10/05/2014,BET,AK,AAL,WE,Federal Contract Tower,4,11,0,0,15,0,202,10,0,212,4,213,10,0,227,0,0,0,227
10/06/2014,BET,AK,AAL,WE,Federal Contract Tower,8,5,0,0,13,1,363,8,0,372,9,368,8,0,385,4,0,4,389
10/07/2014,BET,AK,AAL,WE,Federal Contract Tower,8,9,2,0,19,0,338,16,1,355,8,347,18,1,374,8,0,8,382
10/08/2014,BET,AK,AAL,WE,Federal Contract Tower,12,5,0,0,17,0,374,12,0,386,12,379,12,0,403,34,0,34,437
10/09/2014,BET,AK,AAL,WE,Federal Contract Tower,10,11,1,0,22,0,238,0,4,242,10,249,1,4,264,16,0,16,280
10/10/2014,BET,AK,AAL,WE,Federal Contract Tower,10,7,0,0,17,0,468,4,0,472,10,475,4,0,489,28,0,28,517
10/11/2014,BET,AK,AAL,WE,Federal Contract Tower,4,16,0,0,20,0,259,8,2,269,4,275,8,2,289,21,0,21,310
10/12/2014,BET,AK,AAL,WE,Federal Contract Tower,6,37,0,0,43,1,164,3,0,168,7,201,3,0,211,0,0,0,211
10/13/2014,BET,AK,AAL,WE,Federal Contract Tower,12,8,2,2,24,0,329,6,0,335,12,337,8,2,359,0,4,4,363
10/14/2014,BET,AK,AAL,WE,Federal Contract Tower,12,11,0,0,23,0,402,8,3,413,12,413,8,3,436,10,0,10,446
10/15/2014,BET,AK,AAL,WE,Federal Contract Tower,14,11,0,0,25,0,364,4,0,368,14,375,4,0,393,6,0,6,399
10/16/2014,BET,AK,AAL,WE,Federal Contract Tower,11,11,0,0,22,0,379,31,2,412,11,390,31,2,434,18,0,18,452
10/17/2014,BET,AK,AAL,WE,Federal Contract Tower,7,43,0,0,50,1,392,0,2,395,8,435,0,2,445,36,0,36,481
10/18/2014,BET,AK,AAL,WE,Federal Contract Tower,7,5,0,0,12,0,368,11,0,379,7,373,11,0,391,10,0,10,401
10/19/2014,BET,AK,AAL,WE,Federal Contract Tower,4,34,1,1,40,0,0,0,0,0,4,34,1,1,40,0,0,0,40
10/20/2014,BET,AK,AAL,WE,Federal Contract Tower,8,134,0,0,142,0,37,0,0,37,8,171,0,0,179,0,0,0,179
10/21/2014,BET,AK,AAL,WE,Federal Contract Tower,12,11,0,0,23,0,300,9,0,309,12,311,9,0,332,16,0,16,348
10/22/2014,BET,AK,AAL,WE,Federal Contract Tower,9,24,1,0,34,0,334,4,2,340,9,358,5,2,374,6,0,6,380
10/23/2014,BET,AK,AAL,WE,Federal Contract Tower,8,50,3,0,61,0,50,0,0,50,8,100,3,0,111,6,0,6,117
10/24/2014,BET,AK,AAL,WE,Federal Contract Tower,12,7,0,0,19,0,372,0,0,372,12,379,0,0,391,9,0,9,400
10/25/2014,BET,AK,AAL,WE,Federal Contract Tower,12,61,0,2,75,0,170,0,2,172,12,231,0,4,247,0,0,0,247
10/26/2014,BET,AK,AAL,WE,Federal Contract Tower,6,9,0,0,15,0,242,1,0,243,6,251,1,0,258,2,0,2,260
10/27/2014,BET,AK,AAL,WE,Federal Contract Tower,11,37,3,0,51,0,258,0,1,259,11,295,3,1,310,0,0,0,310
10/28/2014,BET,AK,AAL,WE,Federal Contract Tower,13,25,2,4,44,0,359,4,2,365,13,384,6,6,409,0,0,0,409
10/29/2014,BET,AK,AAL,WE,Federal Contract Tower,13,57,1,0,71,0,338,13,1,352,13,395,14,1,423,2,0,2,425
10/30/2014,BET,AK,AAL,WE,Federal Contract Tower,8,6,0,0,14,0,416,4,1,421,8,422,4,1,435,0,0,0,435
10/31/2014,BET,AK,AAL,WE,Federal Contract Tower,9,4,0,0,13,0,367,2,2,371,9,371,2,2,384,5,0,5,389
11/01/2014,BET,AK,AAL,WE,Federal Contract Tower,12,8,2,0,22,1,316,3,0,320,13,324,5,0,342,7,0,7,349
11/02/2014,BET,AK,AAL,WE,Federal Contract Tower,2,9,0,0,11,0,214,4,0,218,2,223,4,0,229,0,0,0,229
11/03/2014,BET,AK,AAL,WE,Federal Contract Tower,7,11,0,0,18,0,356,10,0,366,7,367,10,0,384,0,0,0,384
11/04/2014,BET,AK,AAL,WE,Federal Contract Tower,9,9,0,0,18,0,382,9,0,391,9,391,9,0,409,0,0,0,409
11/05/2014,BET,AK,AAL,WE,Federal Contract Tower,6,9,0,0,15,0,394,5,0,399,6,403,5,0,414,4,0,4,418
11/06/2014,BET,AK,AAL,WE,Federal Contract Tower,5,12,0,3,20,0,368,5,0,373,5,380,5,3,393,6,0,6,399
11/07/2014,BET,AK,AAL,WE,Federal Contract Tower,6,13,0,4,23,0,305,1,1,307,6,318,1,5,330,6,0,6,336
11/08/2014,BET,AK,AAL,WE,Federal Contract Tower,6,8,0,0,14,0,256,3,0,259,6,264,3,0,273,0,0,0,273
11/09/2014,BET,AK,AAL,WE,Federal Contract Tower,2,6,0,0,8,0,153,0,0,153,2,159,0,0,161,0,0,0,161
11/10/2014,BET,AK,AAL,WE,Federal Contract Tower,7,10,2,0,19,0,296,5,0,301,7,306,7,0,320,0,0,0,320
11/11/2014,BET,AK,AAL,WE,Federal Contract Tower,7,7,1,0,15,0,308,5,0,313,7,315,6,0,328,0,0,0,328
11/12/2014,BET,AK,AAL,WE,Federal Contract Tower,6,44,0,3,53,0,268,1,4,273,6,312,1,7,326,0,0,0,326
11/13/2014,BET,AK,AAL,WE,Federal Contract Tower,4,14,0,0,18,0,354,2,1,357,4,368,2,1,375,2,0,2,377
11/14/2014,BET,AK,AAL,WE,Federal Contract Tower,8,10,1,0,19,0,366,0,0,366,8,376,1,0,385,0,0,0,385
11/15/2014,BET,AK,AAL,WE,Federal Contract Tower,7,2,0,0,9,0,260,3,0,263,7,262,3,0,272,4,0,4,276
11/16/2014,BET,AK,AAL,WE,Federal Contract Tower,2,8,0,0,10,0,181,0,0,181,2,189,0,0,191,10,0,10,201
11/17/2014,BET,AK,AAL,WE,Federal Contract Tower,4,8,0,1,13,0,357,4,1,362,4,365,4,2,375,0,0,0,375
11/18/2014,BET,AK,AAL,WE,Federal Contract Tower,4,7,0,0,11,0,86,0,0,86,4,93,0,0,97,0,0,0,97
11/19/2014,BET,AK,AAL,WE,Federal Contract Tower,10,10,0,0,20,1,298,14,2,315,11,308,14,2,335,0,0,0,335
11/20/2014,BET,AK,AAL,WE,Federal Contract Tower,10,10,0,0,20,0,348,4,0,352,10,358,4,0,372,0,0,0,372
11/21/2014,BET,AK,AAL,WE,Federal Contract Tower,5,4,0,0,9,0,418,11,0,429,5,422,11,0,438,0,0,0,438
11/22/2014,BET,AK,AAL,WE,Federal Contract Tower,8,4,0,0,12,0,395,6,0,401,8,399,6,0,413,8,0,8,421
11/23/2014,BET,AK,AAL,WE,Federal Contract Tower,2,5,0,0,7,0,260,12,0,272,2,265,12,0,279,0,0,0,279
11/24/2014,BET,AK,AAL,WE,Federal Contract Tower,4,8,2,2,16,0,298,5,0,303,4,306,7,2,319,0,1,1,320
11/25/2014,BET,AK,AAL,WE,Federal Contract Tower,10,19,0,4,33,0,262,4,0,266,10,281,4,4,299,4,0,4,303
11/26/2014,BET,AK,AAL,WE,Federal Contract Tower,7,8,2,0,17,0,382,0,0,382,7,390,2,0,399,0,0,0,399
11/27/2014,BET,AK,AAL,WE,Federal Contract Tower,0,0,0,0,0,0,0,0,0,0,0,0,0,0,0,0,0,0,0
11/28/2014,BET,AK,AAL,WE,Federal Contract Tower,5,22,0,0,27,0,190,3,0,193,5,212,3,0,220,0,0,0,220
11/29/2014,BET,AK,AAL,WE,Federal Contract Tower,10,33,0,0,43,0,202,4,0,206,10,235,4,0,249,0,0,0,249
11/30/2014,BET,AK,AAL,WE,Federal Contract Tower,2,27,0,0,29,0,29,0,0,29,2,56,0,0,58,0,0,0,58
12/01/2014,BET,AK,AAL,WE,Federal Contract Tower,7,13,0,0,20,0,327,3,0,330,7,340,3,0,350,10,0,10,360
12/02/2014,BET,AK,AAL,WE,Federal Contract Tower,8,15,0,0,23,0,299,8,2,309,8,314,8,2,332,0,0,0,332
12/03/2014,BET,AK,AAL,WE,Federal Contract Tower,12,8,0,0,20,0,283,2,0,285,12,291,2,0,305,2,6,8,313
12/04/2014,BET,AK,AAL,WE,Federal Contract Tower,5,7,0,2,14,0,354,4,0,358,5,361,4,2,372,0,0,0,372
12/05/2014,BET,AK,AAL,WE,Federal Contract Tower,8,5,0,0,13,0,328,0,0,328,8,333,0,0,341,0,0,0,341
12/06/2014,BET,AK,AAL,WE,Federal Contract Tower,7,6,0,0,13,0,291,6,0,297,7,297,6,0,310,0,0,0,310
12/07/2014,BET,AK,AAL,WE,Federal Contract Tower,2,6,0,0,8,0,86,1,0,87,2,92,1,0,95,0,0,0,95
12/08/2014,BET,AK,AAL,WE,Federal Contract Tower,6,7,0,0,13,0,312,0,0,312,6,319,0,0,325,0,0,0,325
12/09/2014,BET,AK,AAL,WE,Federal Contract Tower,5,8,2,0,15,0,308,5,0,313,5,316,7,0,328,0,0,0,328
12/10/2014,BET,AK,AAL,WE,Federal Contract Tower,4,10,0,0,14,0,0,0,0,0,4,10,0,0,14,0,0,0,14
12/11/2014,BET,AK,AAL,WE,Federal Contract Tower,6,8,0,2,16,1,278,0,0,279,7,286,0,2,295,3,0,3,298
12/12/2014,BET,AK,AAL,WE,Federal Contract Tower,11,49,0,0,60,0,191,0,0,191,11,240,0,0,251,0,0,0,251
12/13/2014,BET,AK,AAL,WE,Federal Contract Tower,6,27,1,0,34,0,124,2,0,126,6,151,3,0,160,0,0,0,160
12/14/2014,BET,AK,AAL,WE,Federal Contract Tower,2,8,0,0,10,0,152,1,0,153,2,160,1,0,163,0,0,0,163
12/15/2014,BET,AK,AAL,WE,Federal Contract Tower,6,13,3,0,22,0,232,0,0,232,6,245,3,0,254,4,0,4,258
12/16/2014,BET,AK,AAL,WE,Federal Contract Tower,9,16,0,0,25,0,214,0,0,214,9,230,0,0,239,0,16,16,255
12/17/2014,BET,AK,AAL,WE,Federal Contract Tower,6,5,0,0,11,0,322,3,0,325,6,327,3,0,336,0,0,0,336
12/18/2014,BET,AK,AAL,WE,Federal Contract Tower,6,9,0,0,15,1,271,0,0,272,7,280,0,0,287,3,0,3,290
12/19/2014,BET,AK,AAL,WE,Federal Contract Tower,5,14,0,0,19,0,290,0,0,290,5,304,0,0,309,0,0,0,309
12/20/2014,BET,AK,AAL,WE,Federal Contract Tower,7,4,0,0,11,0,246,1,0,247,7,250,1,0,258,0,0,0,258
12/21/2014,BET,AK,AAL,WE,Federal Contract Tower,2,7,0,0,9,0,138,8,0,146,2,145,8,0,155,4,0,4,159
12/22/2014,BET,AK,AAL,WE,Federal Contract Tower,5,12,0,1,18,0,219,6,0,225,5,231,6,1,243,8,4,12,255
12/23/2014,BET,AK,AAL,WE,Federal Contract Tower,6,8,0,0,14,0,194,4,0,198,6,202,4,0,212,0,0,0,212
12/24/2014,BET,AK,AAL,WE,Federal Contract Tower,7,46,0,0,53,0,8,0,0,8,7,54,0,0,61,0,0,0,61
12/25/2014,BET,AK,AAL,WE,Federal Contract Tower,0,0,0,0,0,0,1,0,0,1,0,1,0,0,1,0,0,0,1
12/26/2014,BET,AK,AAL,WE,Federal Contract Tower,3,33,0,0,36,0,88,0,0,88,3,121,0,0,124,0,0,0,124
12/27/2014,BET,AK,AAL,WE,Federal Contract Tower,11,5,0,0,16,0,168,1,0,169,11,173,1,0,185,0,0,0,185
12/28/2014,BET,AK,AAL,WE,Federal Contract Tower,2,13,2,0,17,0,76,0,0,76,2,89,2,0,93,6,0,6,99
12/29/2014,BET,AK,AAL,WE,Federal Contract Tower,6,9,0,0,15,0,222,6,0,228,6,231,6,0,243,2,0,2,245
12/30/2014,BET,AK,AAL,WE,Federal Contract Tower,5,23,0,0,28,0,193,2,0,195,5,216,2,0,223,0,0,0,223
12/31/2014,BET,AK,AAL,WE,Federal Contract Tower,3,22,0,0,25,0,218,0,0,218,3,240,0,0,243,6,0,6,249
01/01/2015,BET,AK,AAL,WE,Federal Contract Tower,2,2,0,0,4,0,1,0,0,1,2,3,0,0,5,0,0,0,5
01/02/2015,BET,AK,AAL,WE,Federal Contract Tower,7,7,0,0,14,0,247,0,0,247,7,254,0,0,261,2,0,2,263
01/03/2015,BET,AK,AAL,WE,Federal Contract Tower,5,4,0,0,9,0,205,3,0,208,5,209,3,0,217,0,0,0,217
01/04/2015,BET,AK,AAL,WE,Federal Contract Tower,2,6,0,0,8,0,142,4,0,146,2,148,4,0,154,4,0,4,158
01/05/2015,BET,AK,AAL,WE,Federal Contract Tower,5,8,0,0,13,0,244,1,0,245,5,252,1,0,258,6,0,6,264
01/06/2015,BET,AK,AAL,WE,Federal Contract Tower,6,12,0,0,18,0,254,0,0,254,6,266,0,0,272,0,0,0,272
01/07/2015,BET,AK,AAL,WE,Federal Contract Tower,6,4,0,0,10,0,170,0,0,170,6,174,0,0,180,0,0,0,180
01/08/2015,BET,AK,AAL,WE,Federal Contract Tower,8,7,0,0,15,0,35,0,0,35,8,42,0,0,50,0,0,0,50
01/09/2015,BET,AK,AAL,WE,Federal Contract Tower,8,29,0,0,37,0,0,0,0,0,8,29,0,0,37,0,0,0,37
01/10/2015,BET,AK,AAL,WE,Federal Contract Tower,4,1,0,0,5,0,5,0,0,5,4,6,0,0,10,0,0,0,10
01/11/2015,BET,AK,AAL,WE,Federal Contract Tower,2,6,0,0,8,0,232,8,0,240,2,238,8,0,248,6,0,6,254
01/12/2015,BET,AK,AAL,WE,Federal Contract Tower,6,6,0,0,12,0,284,8,0,292,6,290,8,0,304,8,0,8,312
01/13/2015,BET,AK,AAL,WE,Federal Contract Tower,8,7,0,0,15,0,241,0,3,244,8,248,0,3,259,4,0,4,263
01/14/2015,BET,AK,AAL,WE,Federal Contract Tower,7,8,0,0,15,0,222,2,0,224,7,230,2,0,239,0,0,0,239
01/15/2015,BET,AK,AAL,WE,Federal Contract Tower,9,8,0,0,17,0,85,2,0,87,9,93,2,0,104,0,0,0,104
01/16/2015,BET,AK,AAL,WE,Federal Contract Tower,7,8,0,0,15,0,53,0,0,53,7,61,0,0,68,8,0,8,76
01/17/2015,BET,AK,AAL,WE,Federal Contract Tower,9,24,0,0,33,0,207,1,0,208,9,231,1,0,241,0,0,0,241
01/18/2015,BET,AK,AAL,WE,Federal Contract Tower,1,5,0,0,6,1,204,3,0,208,2,209,3,0,214,0,0,0,214
01/19/2015,BET,AK,AAL,WE,Federal Contract Tower,4,86,3,0,93,0,118,4,0,122,4,204,7,0,215,0,0,0,215
01/20/2015,BET,AK,AAL,WE,Federal Contract Tower,6,13,0,0,19,0,207,9,1,217,6,220,9,1,236,0,0,0,236
01/21/2015,BET,AK,AAL,WE,Federal Contract Tower,10,6,0,0,16,0,260,2,0,262,10,266,2,0,278,0,0,0,278
01/22/2015,BET,AK,AAL,WE,Federal Contract Tower,8,7,1,2,18,0,201,1,2,204,8,208,2,4,222,4,0,4,226
01/23/2015,BET,AK,AAL,WE,Federal Contract Tower,5,7,0,0,12,0,237,9,2,248,5,244,9,2,260,4,0,4,264
01/24/2015,BET,AK,AAL,WE,Federal Contract Tower,4,7,0,0,11,0,194,1,0,195,4,201,1,0,206,0,0,0,206
01/25/2015,BET,AK,AAL,WE,Federal Contract Tower,2,5,0,0,7,0,114,0,0,114,2,119,0,0,121,0,0,0,121
01/26/2015,BET,AK,AAL,WE,Federal Contract Tower,7,6,2,0,15,0,258,4,0,262,7,264,6,0,277,0,0,0,277
01/27/2015,BET,AK,AAL,WE,Federal Contract Tower,9,4,5,0,18,0,230,4,0,234,9,234,9,0,252,0,0,0,252
01/28/2015,BET,AK,AAL,WE,Federal Contract Tower,4,6,0,0,10,0,198,4,0,202,4,204,4,0,212,0,0,0,212
01/29/2015,BET,AK,AAL,WE,Federal Contract Tower,9,6,1,0,16,0,230,4,0,234,9,236,5,0,250,0,0,0,250
01/30/2015,BET,AK,AAL,WE,Federal Contract Tower,6,7,2,0,15,0,208,1,0,209,6,215,3,0,224,2,0,2,226
01/31/2015,BET,AK,AAL,WE,Federal Contract Tower,7,5,0,0,12,0,193,0,0,193,7,198,0,0,205,2,0,2,207
02/01/2015,BET,AK,AAL,WE,Federal Contract Tower,2,10,0,0,12,0,132,4,0,136,2,142,4,0,148,0,0,0,148
02/02/2015,BET,AK,AAL,WE,Federal Contract Tower,7,44,0,0,51,0,141,1,0,142,7,185,1,0,193,5,0,5,198
02/03/2015,BET,AK,AAL,WE,Federal Contract Tower,7,13,0,0,20,0,260,4,0,264,7,273,4,0,284,12,0,12,296
02/04/2015,BET,AK,AAL,WE,Federal Contract Tower,4,5,0,0,9,0,257,0,1,258,4,262,0,1,267,6,0,6,273
02/05/2015,BET,AK,AAL,WE,Federal Contract Tower,5,11,0,0,16,0,234,0,0,234,5,245,0,0,250,2,0,2,252
02/06/2015,BET,AK,AAL,WE,Federal Contract Tower,6,7,1,0,14,0,230,1,2,233,6,237,2,2,247,0,1,1,248
02/07/2015,BET,AK,AAL,WE,Federal Contract Tower,7,4,0,0,11,0,163,0,0,163,7,167,0,0,174,4,0,4,178
02/08/2015,BET,AK,AAL,WE,Federal Contract Tower,2,4,0,0,6,0,128,2,0,130,2,132,2,0,136,0,0,0,136
02/09/2015,BET,AK,AAL,WE,Federal Contract Tower,6,6,0,0,12,0,228,3,0,231,6,234,3,0,243,0,0,0,243
02/10/2015,BET,AK,AAL,WE,Federal Contract Tower,6,14,1,0,21,0,120,0,0,120,6,134,1,0,141,2,0,2,143
02/11/2015,BET,AK,AAL,WE,Federal Contract Tower,7,6,0,0,13,0,213,0,0,213,7,219,0,0,226,0,0,0,226
02/12/2015,BET,AK,AAL,WE,Federal Contract Tower,6,27,1,0,34,0,210,1,2,213,6,237,2,2,247,6,1,7,254
02/13/2015,BET,AK,AAL,WE,Federal Contract Tower,6,9,2,0,17,0,307,12,0,319,6,316,14,0,336,6,0,6,342
02/14/2015,BET,AK,AAL,WE,Federal Contract Tower,6,2,0,0,8,0,275,4,0,279,6,277,4,0,287,0,0,0,287
02/15/2015,BET,AK,AAL,WE,Federal Contract Tower,2,8,0,0,10,0,142,6,0,148,2,150,6,0,158,0,0,0,158
02/16/2015,BET,AK,AAL,WE,Federal Contract Tower,5,7,1,0,13,0,136,5,0,141,5,143,6,0,154,4,0,4,158
02/17/2015,BET,AK,AAL,WE,Federal Contract Tower,8,25,0,0,33,1,151,0,0,152,9,176,0,0,185,0,0,0,185
02/18/2015,BET,AK,AAL,WE,Federal Contract Tower,6,78,0,0,84,0,72,0,0,72,6,150,0,0,156,0,0,0,156
02/19/2015,BET,AK,AAL,WE,Federal Contract Tower,8,21,1,0,30,0,225,0,0,225,8,246,1,0,255,6,0,6,261
02/20/2015,BET,AK,AAL,WE,Federal Contract Tower,7,13,1,0,21,0,265,0,0,265,7,278,1,0,286,0,0,0,286
02/21/2015,BET,AK,AAL,WE,Federal Contract Tower,2,10,0,0,12,0,204,0,0,204,2,214,0,0,216,12,0,12,228
02/22/2015,BET,AK,AAL,WE,Federal Contract Tower,3,17,0,0,20,0,140,0,0,140,3,157,0,0,160,2,0,2,162
02/23/2015,BET,AK,AAL,WE,Federal Contract Tower,4,8,2,0,14,0,250,4,0,254,4,258,6,0,268,8,0,8,276
02/24/2015,BET,AK,AAL,WE,Federal Contract Tower,4,34,0,0,38,1,270,1,0,272,5,304,1,0,310,0,0,0,310
02/25/2015,BET,AK,AAL,WE,Federal Contract Tower,9,5,0,0,14,0,267,8,0,275,9,272,8,0,289,0,0,0,289
02/26/2015,BET,AK,AAL,WE,Federal Contract Tower,8,10,0,0,18,0,265,1,0,266,8,275,1,0,284,0,0,0,284
02/27/2015,BET,AK,AAL,WE,Federal Contract Tower,7,18,2,0,27,0,254,0,0,254,7,272,2,0,281,0,0,0,281
02/28/2015,BET,AK,AAL,WE,Federal Contract Tower,8,39,0,0,47,1,172,1,0,174,9,211,1,0,221,0,0,0,221
03/01/2015,BET,AK,AAL,WE,Federal Contract Tower,1,7,0,0,8,1,190,5,0,196,2,197,5,0,204,10,0,10,214
03/02/2015,BET,AK,AAL,WE,Federal Contract Tower,5,10,2,0,17,0,178,4,0,182,5,188,6,0,199,0,0,0,199
03/03/2015,BET,AK,AAL,WE,Federal Contract Tower,5,102,2,0,109,0,15,0,0,15,5,117,2,0,124,0,0,0,124
03/04/2015,BET,AK,AAL,WE,Federal Contract Tower,10,82,0,0,92,0,195,5,0,200,10,277,5,0,292,2,0,2,294
03/05/2015,BET,AK,AAL,WE,Federal Contract Tower,9,21,0,0,30,0,123,0,0,123,9,144,0,0,153,0,0,0,153
03/06/2015,BET,AK,AAL,WE,Federal Contract Tower,7,25,0,0,32,0,0,0,0,0,7,25,0,0,32,0,0,0,32
03/07/2015,BET,AK,AAL,WE,Federal Contract Tower,6,20,2,0,28,0,105,0,0,105,6,125,2,0,133,0,0,0,133
03/08/2015,BET,AK,AAL,WE,Federal Contract Tower,2,16,2,0,20,0,168,2,0,170,2,184,4,0,190,0,0,0,190
03/09/2015,BET,AK,AAL,WE,Federal Contract Tower,6,5,0,0,11,0,288,8,0,296,6,293,8,0,307,2,0,2,309
03/10/2015,BET,AK,AAL,WE,Federal Contract Tower,7,9,1,0,17,0,274,2,0,276,7,283,3,0,293,0,2,2,295
03/11/2015,BET,AK,AAL,WE,Federal Contract Tower,6,7,2,0,15,1,284,4,0,289,7,291,6,0,304,4,0,4,308
03/12/2015,BET,AK,AAL,WE,Federal Contract Tower,7,6,0,0,13,0,267,0,0,267,7,273,0,0,280,0,0,0,280
03/13/2015,BET,AK,AAL,WE,Federal Contract Tower,7,10,2,0,19,0,315,0,0,315,7,325,2,0,334,0,0,0,334
03/14/2015,BET,AK,AAL,WE,Federal Contract Tower,8,2,2,0,12,0,239,6,0,245,8,241,8,0,257,7,0,7,264
03/15/2015,BET,AK,AAL,WE,Federal Contract Tower,2,8,0,0,10,0,126,0,0,126,2,134,0,0,136,0,0,0,136
03/16/2015,BET,AK,AAL,WE,Federal Contract Tower,8,12,1,2,23,0,258,3,0,261,8,270,4,2,284,6,0,6,290
03/17/2015,BET,AK,AAL,WE,Federal Contract Tower,10,28,0,0,38,0,139,2,0,141,10,167,2,0,179,0,0,0,179
03/18/2015,BET,AK,AAL,WE,Federal Contract Tower,9,17,0,0,26,0,248,6,0,254,9,265,6,0,280,10,0,10,290
03/19/2015,BET,AK,AAL,WE,Federal Contract Tower,3,6,0,0,9,1,228,0,0,229,4,234,0,0,238,0,0,0,238
03/20/2015,BET,AK,AAL,WE,Federal Contract Tower,8,5,6,4,23,0,260,3,0,263,8,265,9,4,286,0,0,0,286
03/21/2015,BET,AK,AAL,WE,Federal Contract Tower,7,7,0,2,16,1,210,1,1,213,8,217,1,3,229,1,1,2,231
03/22/2015,BET,AK,AAL,WE,Federal Contract Tower,2,4,0,2,8,0,152,6,0,158,2,156,6,2,166,2,0,2,168
03/23/2015,BET,AK,AAL,WE,Federal Contract Tower,6,9,0,0,15,0,228,8,0,236,6,237,8,0,251,4,0,4,255
03/24/2015,BET,AK,AAL,WE,Federal Contract Tower,5,7,0,0,12,0,233,5,6,244,5,240,5,6,256,0,0,0,256
03/25/2015,BET,AK,AAL,WE,Federal Contract Tower,6,10,0,2,18,0,237,5,20,262,6,247,5,22,280,8,12,20,300
03/26/2015,BET,AK,AAL,WE,Federal Contract Tower,4,4,0,0,8,0,231,5,4,240,4,235,5,4,248,0,0,0,248
03/27/2015,BET,AK,AAL,WE,Federal Contract Tower,6,6,0,1,13,0,258,6,11,275,6,264,6,12,288,6,0,6,294
03/28/2015,BET,AK,AAL,WE,Federal Contract Tower,4,6,0,0,10,1,225,7,7,240,5,231,7,7,250,18,2,20,270
03/29/2015,BET,AK,AAL,WE,Federal Contract Tower,2,5,0,0,7,0,150,16,10,176,2,155,16,10,183,0,0,0,183
03/30/2015,BET,AK,AAL,WE,Federal Contract Tower,6,25,0,3,34,0,202,6,12,220,6,227,6,15,254,2,0,2,256
03/31/2015,BET,AK,AAL,WE,Federal Contract Tower,5,13,0,0,18,0,228,0,4,232,5,241,0,4,250,0,0,0,250
04/01/2015,BET,AK,AAL,WE,Federal Contract Tower,11,11,0,2,24,0,228,3,4,235,11,239,3,6,259,2,0,2,261
04/02/2015,BET,AK,AAL,WE,Federal Contract Tower,9,14,0,0,23,0,274,12,1,287,9,288,12,1,310,0,0,0,310
04/03/2015,BET,AK,AAL,WE,Federal Contract Tower,11,5,0,0,16,0,321,11,0,332,11,326,11,0,348,5,0,5,353
04/04/2015,BET,AK,AAL,WE,Federal Contract Tower,9,35,0,0,44,0,82,0,0,82,9,117,0,0,126,0,0,0,126
04/05/2015,BET,AK,AAL,WE,Federal Contract Tower,4,12,1,0,17,0,16,0,0,16,4,28,1,0,33,0,0,0,33
04/06/2015,BET,AK,AAL,WE,Federal Contract Tower,8,40,0,0,48,0,257,0,0,257,8,297,0,0,305,0,0,0,305
04/07/2015,BET,AK,AAL,WE,Federal Contract Tower,8,21,0,0,29,0,286,0,0,286,8,307,0,0,315,0,0,0,315
04/08/2015,BET,AK,AAL,WE,Federal Contract Tower,8,78,2,4,92,0,102,0,0,102,8,180,2,4,194,0,0,0,194
04/09/2015,BET,AK,AAL,WE,Federal Contract Tower,12,72,0,0,84,0,176,2,0,178,12,248,2,0,262,0,0,0,262
04/10/2015,BET,AK,AAL,WE,Federal Contract Tower,9,95,0,0,104,0,135,2,0,137,9,230,2,0,241,0,0,0,241
04/11/2015,BET,AK,AAL,WE,Federal Contract Tower,10,9,0,0,19,0,306,3,0,309,10,315,3,0,328,4,0,4,332
04/12/2015,BET,AK,AAL,WE,Federal Contract Tower,4,8,0,0,12,0,178,1,0,179,4,186,1,0,191,0,0,0,191
04/13/2015,BET,AK,AAL,WE,Federal Contract Tower,8,9,0,0,17,0,234,6,0,240,8,243,6,0,257,4,0,4,261
04/14/2015,BET,AK,AAL,WE,Federal Contract Tower,11,7,0,0,18,0,252,8,0,260,11,259,8,0,278,0,0,0,278
04/15/2015,BET,AK,AAL,WE,Federal Contract Tower,10,14,0,0,24,0,286,3,1,290,10,300,3,1,314,0,0,0,314
04/16/2015,BET,AK,AAL,WE,Federal Contract Tower,15,9,2,0,26,0,285,1,0,286,15,294,3,0,312,0,0,0,312
04/17/2015,BET,AK,AAL,WE,Federal Contract Tower,12,7,0,0,19,0,396,9,0,405,12,403,9,0,424,3,0,3,427
04/18/2015,BET,AK,AAL,WE,Federal Contract Tower,14,2,1,0,17,0,224,5,0,229,14,226,6,0,246,16,0,16,262
04/19/2015,BET,AK,AAL,WE,Federal Contract Tower,3,49,1,0,53,0,78,0,0,78,3,127,1,0,131,0,0,0,131
04/20/2015,BET,AK,AAL,WE,Federal Contract Tower,9,74,1,0,84,0,204,0,0,204,9,278,1,0,288,1,0,1,289
04/21/2015,BET,AK,AAL,WE,Federal Contract Tower,10,28,0,0,38,0,282,1,1,284,10,310,1,1,322,0,0,0,322
04/22/2015,BET,AK,AAL,WE,Federal Contract Tower,7,10,4,0,21,1,327,4,0,332,8,337,8,0,353,12,0,12,365
04/23/2015,BET,AK,AAL,WE,Federal Contract Tower,14,10,1,0,25,0,319,14,0,333,14,329,15,0,358,0,0,0,358
04/24/2015,BET,AK,AAL,WE,Federal Contract Tower,7,14,3,0,24,0,345,4,0,349,7,359,7,0,373,6,0,6,379
04/25/2015,BET,AK,AAL,WE,Federal Contract Tower,13,5,0,0,18,0,250,1,1,252,13,255,1,1,270,6,0,6,276
04/26/2015,BET,AK,AAL,WE,Federal Contract Tower,4,8,0,0,12,0,198,6,0,204,4,206,6,0,216,0,0,0,216
04/27/2015,BET,AK,AAL,WE,Federal Contract Tower,8,5,1,0,14,1,338,6,0,345,9,343,7,0,359,4,0,4,363
04/28/2015,BET,AK,AAL,WE,Federal Contract Tower,12,0,4,0,16,0,277,16,0,293,12,277,20,0,309,6,0,6,315
04/29/2015,BET,AK,AAL,WE,Federal Contract Tower,9,7,2,0,18,1,340,0,0,341,10,347,2,0,359,6,0,6,365
04/30/2015,BET,AK,AAL,WE,Federal Contract Tower,9,8,2,0,19,0,305,3,0,308,9,313,5,0,327,0,0,0,327
05/01/2015,BET,AK,AAL,WE,Federal Contract Tower,8,42,1,0,51,1,284,9,0,294,9,326,10,0,345,0,0,0,345
05/02/2015,BET,AK,AAL,WE,Federal Contract Tower,7,9,0,0,16,0,261,9,0,270,7,270,9,0,286,0,0,0,286
05/03/2015,BET,AK,AAL,WE,Federal Contract Tower,3,37,1,0,41,0,131,1,0,132,3,168,2,0,173,0,0,0,173
05/04/2015,BET,AK,AAL,WE,Federal Contract Tower,10,7,0,0,17,0,331,18,0,349,10,338,18,0,366,10,0,10,376
05/05/2015,BET,AK,AAL,WE,Federal Contract Tower,10,4,0,0,14,0,354,17,0,371,10,358,17,0,385,9,0,9,394
05/06/2015,BET,AK,AAL,WE,Federal Contract Tower,10,8,0,0,18,0,329,12,0,341,10,337,12,0,359,1,0,1,360
05/07/2015,BET,AK,AAL,WE,Federal Contract Tower,13,10,3,0,26,0,300,10,0,310,13,310,13,0,336,4,0,4,340
05/08/2015,BET,AK,AAL,WE,Federal Contract Tower,15,95,1,0,111,0,172,3,0,175,15,267,4,0,286,0,0,0,286
05/09/2015,BET,AK,AAL,WE,Federal Contract Tower,9,58,1,0,68,0,188,2,0,190,9,246,3,0,258,0,0,0,258
05/10/2015,BET,AK,AAL,WE,Federal Contract Tower,4,4,0,0,8,0,172,2,0,174,4,176,2,0,182,4,0,4,186
05/11/2015,BET,AK,AAL,WE,Federal Contract Tower,10,9,0,0,19,0,289,19,2,310,10,298,19,2,329,10,0,10,339
05/12/2015,BET,AK,AAL,WE,Federal Contract Tower,8,58,0,0,66,0,218,14,0,232,8,276,14,0,298,4,0,4,302
05/13/2015,BET,AK,AAL,WE,Federal Contract Tower,9,31,2,0,42,0,219,2,0,221,9,250,4,0,263,2,0,2,265
05/14/2015,BET,AK,AAL,WE,Federal Contract Tower,8,12,4,0,24,0,307,9,0,316,8,319,13,0,340,3,0,3,343
05/15/2015,BET,AK,AAL,WE,Federal Contract Tower,8,8,6,1,23,0,317,3,1,321,8,325,9,2,344,4,0,4,348
05/16/2015,BET,AK,AAL,WE,Federal Contract Tower,10,18,0,0,28,0,245,4,0,249,10,263,4,0,277,8,0,8,285
05/17/2015,BET,AK,AAL,WE,Federal Contract Tower,4,16,0,4,24,0,158,16,0,174,4,174,16,4,198,0,0,0,198
05/18/2015,BET,AK,AAL,WE,Federal Contract Tower,8,11,3,0,22,0,310,12,0,322,8,321,15,0,344,2,0,2,346
05/19/2015,BET,AK,AAL,WE,Federal Contract Tower,10,9,3,0,22,0,305,20,0,325,10,314,23,0,347,5,0,5,352
05/20/2015,BET,AK,AAL,WE,Federal Contract Tower,9,16,2,0,27,0,276,2,1,279,9,292,4,1,306,0,0,0,306
05/21/2015,BET,AK,AAL,WE,Federal Contract Tower,7,64,0,2,73,0,214,5,1,220,7,278,5,3,293,11,0,11,304
05/22/2015,BET,AK,AAL,WE,Federal Contract Tower,11,11,2,0,24,0,294,15,0,309,11,305,17,0,333,0,0,0,333
05/23/2015,BET,AK,AAL,WE,Federal Contract Tower,11,6,0,0,17,0,225,3,0,228,11,231,3,0,245,2,0,2,247
05/24/2015,BET,AK,AAL,WE,Federal Contract Tower,4,10,0,0,14,0,152,10,0,162,4,162,10,0,176,0,0,0,176
05/25/2015,BET,AK,AAL,WE,Federal Contract Tower,10,4,2,0,16,0,185,20,0,205,10,189,22,0,221,6,0,6,227
05/26/2015,BET,AK,AAL,WE,Federal Contract Tower,9,6,1,0,16,1,259,18,0,278,10,265,19,0,294,0,0,0,294
05/27/2015,BET,AK,AAL,WE,Federal Contract Tower,12,16,2,2,32,0,253,11,2,266,12,269,13,4,298,0,0,0,298
05/28/2015,BET,AK,AAL,WE,Federal Contract Tower,14,39,2,0,55,0,231,13,0,244,14,270,15,0,299,0,0,0,299
05/29/2015,BET,AK,AAL,WE,Federal Contract Tower,9,6,0,0,15,0,263,7,0,270,9,269,7,0,285,0,0,0,285
05/30/2015,BET,AK,AAL,WE,Federal Contract Tower,9,6,0,2,17,0,248,12,3,263,9,254,12,5,280,0,0,0,280
05/31/2015,BET,AK,AAL,WE,Federal Contract Tower,4,8,0,0,12,0,171,14,7,192,4,179,14,7,204,2,0,2,206
06/01/2015,BET,AK,AAL,WE,Federal Contract Tower,9,5,2,0,16,0,220,10,1,231,9,225,12,1,247,2,0,2,249
06/02/2015,BET,AK,AAL,WE,Federal Contract Tower,9,15,7,0,31,1,295,13,0,309,10,310,20,0,340,0,0,0,340
06/03/2015,BET,AK,AAL,WE,Federal Contract Tower,11,4,5,0,20,1,291,20,0,312,12,295,25,0,332,4,0,4,336
06/04/2015,BET,AK,AAL,WE,Federal Contract Tower,12,6,3,2,23,0,285,28,0,313,12,291,31,2,336,8,0,8,344
06/05/2015,BET,AK,AAL,WE,Federal Contract Tower,8,5,2,0,15,0,315,8,0,323,8,320,10,0,338,0,0,0,338
06/06/2015,BET,AK,AAL,WE,Federal Contract Tower,9,2,4,0,15,0,237,16,0,253,9,239,20,0,268,17,0,17,285
06/07/2015,BET,AK,AAL,WE,Federal Contract Tower,4,7,3,0,14,0,186,9,0,195,4,193,12,0,209,6,0,6,215
06/08/2015,BET,AK,AAL,WE,Federal Contract Tower,10,4,2,0,16,0,267,12,0,279,10,271,14,0,295,6,0,6,301
06/09/2015,BET,AK,AAL,WE,Federal Contract Tower,8,7,2,0,17,0,272,13,0,285,8,279,15,0,302,0,0,0,302
06/10/2015,BET,AK,AAL,WE,Federal Contract Tower,9,6,2,0,17,0,296,13,0,309,9,302,15,0,326,15,0,15,341
06/11/2015,BET,AK,AAL,WE,Federal Contract Tower,11,7,6,0,24,5,309,12,0,326,16,316,18,0,350,18,0,18,368
06/12/2015,BET,AK,AAL,WE,Federal Contract Tower,7,84,0,0,91,0,186,6,0,192,7,270,6,0,283,0,0,0,283
06/13/2015,BET,AK,AAL,WE,Federal Contract Tower,14,8,4,0,26,0,211,9,0,220,14,219,13,0,246,0,0,0,246
06/14/2015,BET,AK,AAL,WE,Federal Contract Tower,4,6,0,0,10,0,112,6,1,119,4,118,6,1,129,0,0,0,129
06/15/2015,BET,AK,AAL,WE,Federal Contract Tower,11,5,1,0,17,0,255,18,0,273,11,260,19,0,290,0,0,0,290
06/16/2015,BET,AK,AAL,WE,Federal Contract Tower,7,3,0,0,10,0,256,14,2,272,7,259,14,2,282,0,0,0,282
06/17/2015,BET,AK,AAL,WE,Federal Contract Tower,8,4,2,0,14,0,252,13,0,265,8,256,15,0,279,0,0,0,279
06/18/2015,BET,AK,AAL,WE,Federal Contract Tower,11,4,1,0,16,0,270,12,0,282,11,274,13,0,298,2,0,2,300
06/19/2015,BET,AK,AAL,WE,Federal Contract Tower,12,4,5,0,21,1,275,18,0,294,13,279,23,0,315,0,0,0,315
06/20/2015,BET,AK,AAL,WE,Federal Contract Tower,7,5,2,0,14,0,196,11,0,207,7,201,13,0,221,4,0,4,225
06/21/2015,BET,AK,AAL,WE,Federal Contract Tower,4,3,2,0,9,0,132,12,0,144,4,135,14,0,153,0,0,0,153
06/22/2015,BET,AK,AAL,WE,Federal Contract Tower,5,7,4,0,16,0,208,10,0,218,5,215,14,0,234,8,0,8,242
06/23/2015,BET,AK,AAL,WE,Federal Contract Tower,9,26,10,0,45,0,187,9,0,196,9,213,19,0,241,0,0,0,241
06/24/2015,BET,AK,AAL,WE,Federal Contract Tower,10,3,3,0,16,0,244,14,0,258,10,247,17,0,274,5,0,5,279
06/25/2015,BET,AK,AAL,WE,Federal Contract Tower,9,14,1,0,24,0,241,5,0,246,9,255,6,0,270,2,0,2,272
06/26/2015,BET,AK,AAL,WE,Federal Contract Tower,12,6,2,0,20,0,309,17,0,326,12,315,19,0,346,4,0,4,350
06/27/2015,BET,AK,AAL,WE,Federal Contract Tower,8,10,2,0,20,1,230,7,0,238,9,240,9,0,258,0,0,0,258
06/28/2015,BET,AK,AAL,WE,Federal Contract Tower,4,4,0,0,8,0,152,8,0,160,4,156,8,0,168,8,0,8,176
06/29/2015,BET,AK,AAL,WE,Federal Contract Tower,8,4,6,0,18,0,249,27,0,276,8,253,33,0,294,0,0,0,294
06/30/2015,BET,AK,AAL,WE,Federal Contract Tower,10,25,1,0,36,0,264,12,0,276,10,289,13,0,312,0,0,0,312
07/01/2015,BET,AK,AAL,WE,Federal Contract Tower,11,2,3,0,16,1,278,13,0,292,12,280,16,0,308,2,0,2,310
07/02/2015,BET,AK,AAL,WE,Federal Contract Tower,10,9,6,0,25,0,228,20,0,248,10,237,26,0,273,5,0,5,278
07/03/2015,BET,AK,AAL,WE,Federal Contract Tower,9,7,1,0,17,0,238,6,0,244,9,245,7,0,261,2,0,2,263
07/04/2015,BET,AK,AAL,WE,Federal Contract Tower,6,0,2,0,8,0,19,4,0,23,6,19,6,0,31,0,0,0,31
07/05/2015,BET,AK,AAL,WE,Federal Contract Tower,4,21,0,0,25,0,162,6,0,168,4,183,6,0,193,0,0,0,193
07/06/2015,BET,AK,AAL,WE,Federal Contract Tower,8,25,3,0,36,0,240,17,0,257,8,265,20,0,293,0,0,0,293
07/07/2015,BET,AK,AAL,WE,Federal Contract Tower,8,8,0,0,16,0,290,14,0,304,8,298,14,0,320,2,0,2,322
07/08/2015,BET,AK,AAL,WE,Federal Contract Tower,12,5,2,0,19,0,263,6,0,269,12,268,8,0,288,8,0,8,296
07/09/2015,BET,AK,AAL,WE,Federal Contract Tower,7,9,4,0,20,1,238,10,0,249,8,247,14,0,269,0,0,0,269
07/10/2015,BET,AK,AAL,WE,Federal Contract Tower,9,4,0,2,15,0,284,18,1,303,9,288,18,3,318,4,0,4,322
07/11/2015,BET,AK,AAL,WE,Federal Contract Tower,11,4,0,0,15,0,229,12,0,241,11,233,12,0,256,10,0,10,266
07/12/2015,BET,AK,AAL,WE,Federal Contract Tower,4,3,2,0,9,0,162,18,0,180,4,165,20,0,189,0,0,0,189
07/13/2015,BET,AK,AAL,WE,Federal Contract Tower,7,7,6,0,20,0,254,5,0,259,7,261,11,0,279,2,0,2,281
07/14/2015,BET,AK,AAL,WE,Federal Contract Tower,8,28,3,0,39,0,207,14,0,221,8,235,17,0,260,0,0,0,260
07/15/2015,BET,AK,AAL,WE,Federal Contract Tower,8,12,3,0,23,0,230,2,0,232,8,242,5,0,255,0,0,0,255
07/16/2015,BET,AK,AAL,WE,Federal Contract Tower,7,0,9,0,16,0,276,4,0,280,7,276,13,0,296,1,0,1,297
07/17/2015,BET,AK,AAL,WE,Federal Contract Tower,8,37,7,0,52,0,219,6,0,225,8,256,13,0,277,2,0,2,279
07/18/2015,BET,AK,AAL,WE,Federal Contract Tower,6,45,5,0,56,0,170,10,0,180,6,215,15,0,236,0,0,0,236
07/19/2015,BET,AK,AAL,WE,Federal Contract Tower,4,4,2,0,10,0,140,8,2,150,4,144,10,2,160,0,10,10,170
07/20/2015,BET,AK,AAL,WE,Federal Contract Tower,8,3,3,0,14,1,278,16,0,295,9,281,19,0,309,6,0,6,315
07/21/2015,BET,AK,AAL,WE,Federal Contract Tower,7,71,7,0,85,0,153,5,0,158,7,224,12,0,243,0,0,0,243
07/22/2015,BET,AK,AAL,WE,Federal Contract Tower,8,41,5,0,54,0,2,227,5,234,8,43,232,5,288,0,0,0,288
07/23/2015,BET,AK,AAL,WE,Federal Contract Tower,7,7,2,0,16,0,316,16,0,332,7,323,18,0,348,1,0,1,349
07/24/2015,BET,AK,AAL,WE,Federal Contract Tower,7,7,4,0,18,0,286,14,0,300,7,293,18,0,318,0,0,0,318
07/25/2015,BET,AK,AAL,WE,Federal Contract Tower,7,44,1,0,52,0,140,19,0,159,7,184,20,0,211,0,0,0,211
07/26/2015,BET,AK,AAL,WE,Federal Contract Tower,4,11,5,0,20,0,164,13,0,177,4,175,18,0,197,0,0,0,197
07/27/2015,BET,AK,AAL,WE,Federal Contract Tower,12,61,6,0,79,0,140,7,0,147,12,201,13,0,226,0,0,0,226
07/28/2015,BET,AK,AAL,WE,Federal Contract Tower,9,16,4,0,29,0,272,24,0,296,9,288,28,0,325,1,0,1,326
07/29/2015,BET,AK,AAL,WE,Federal Contract Tower,11,25,4,0,40,1,220,8,0,229,12,245,12,0,269,8,0,8,277
07/30/2015,BET,AK,AAL,WE,Federal Contract Tower,11,9,3,0,23,0,237,23,0,260,11,246,26,0,283,0,0,0,283
07/31/2015,BET,AK,AAL,WE,Federal Contract Tower,6,15,1,0,22,0,286,20,0,306,6,301,21,0,328,8,0,8,336
08/01/2015,BET,AK,AAL,WE,Federal Contract Tower,6,27,2,0,35,0,174,8,0,182,6,201,10,0,217,8,0,8,225
08/02/2015,BET,AK,AAL,WE,Federal Contract Tower,4,13,1,0,18,0,153,12,0,165,4,166,13,0,183,0,0,0,183
08/03/2015,BET,AK,AAL,WE,Federal Contract Tower,8,8,6,0,22,0,235,16,0,251,8,243,22,0,273,1,0,1,274
08/04/2015,BET,AK,AAL,WE,Federal Contract Tower,6,5,2,0,13,1,252,16,6,275,7,257,18,6,288,0,0,0,288
08/05/2015,BET,AK,AAL,WE,Federal Contract Tower,15,36,6,0,57,1,213,27,0,241,16,249,33,0,298,2,0,2,300
08/06/2015,BET,AK,AAL,WE,Federal Contract Tower,6,27,5,2,40,0,208,16,2,226,6,235,21,4,266,1,0,1,267
08/07/2015,BET,AK,AAL,WE,Federal Contract Tower,9,5,0,0,14,1,340,21,2,364,10,345,21,2,378,2,0,2,380
08/08/2015,BET,AK,AAL,WE,Federal Contract Tower,12,10,2,0,24,0,237,15,0,252,12,247,17,0,276,0,0,0,276
08/09/2015,BET,AK,AAL,WE,Federal Contract Tower,4,10,5,0,19,0,135,4,4,143,4,145,9,4,162,0,0,0,162
08/10/2015,BET,AK,AAL,WE,Federal Contract Tower,9,4,0,0,13,1,272,10,0,283,10,276,10,0,296,0,0,0,296
08/11/2015,BET,AK,AAL,WE,Federal Contract Tower,7,13,5,0,25,0,226,10,0,236,7,239,15,0,261,0,0,0,261
08/12/2015,BET,AK,AAL,WE,Federal Contract Tower,9,26,3,0,38,0,246,17,0,263,9,272,20,0,301,0,0,0,301
08/13/2015,BET,AK,AAL,WE,Federal Contract Tower,13,24,1,0,38,0,235,12,0,247,13,259,13,0,285,0,0,0,285
08/14/2015,BET,AK,AAL,WE,Federal Contract Tower,7,23,3,0,33,1,285,14,0,300,8,308,17,0,333,1,0,1,334
08/15/2015,BET,AK,AAL,WE,Federal Contract Tower,7,16,5,0,28,0,224,2,0,226,7,240,7,0,254,0,0,0,254
08/16/2015,BET,AK,AAL,WE,Federal Contract Tower,4,35,2,0,41,0,58,4,0,62,4,93,6,0,103,0,0,0,103
08/17/2015,BET,AK,AAL,WE,Federal Contract Tower,9,32,4,0,45,0,250,11,0,261,9,282,15,0,306,0,0,0,306
08/18/2015,BET,AK,AAL,WE,Federal Contract Tower,8,70,8,0,86,2,227,9,0,238,10,297,17,0,324,0,0,0,324
08/19/2015,BET,AK,AAL,WE,Federal Contract Tower,11,11,6,0,28,0,248,12,0,260,11,259,18,0,288,0,0,0,288
08/20/2015,BET,AK,AAL,WE,Federal Contract Tower,12,11,3,0,26,0,305,19,0,324,12,316,22,0,350,0,0,0,350
08/21/2015,BET,AK,AAL,WE,Federal Contract Tower,8,11,0,0,19,0,268,20,0,288,8,279,20,0,307,14,0,14,321
08/22/2015,BET,AK,AAL,WE,Federal Contract Tower,11,30,1,1,43,0,153,4,1,158,11,183,5,2,201,0,0,0,201
08/23/2015,BET,AK,AAL,WE,Federal Contract Tower,4,16,3,0,23,0,142,16,0,158,4,158,19,0,181,0,0,0,181
08/24/2015,BET,AK,AAL,WE,Federal Contract Tower,10,93,5,0,108,0,107,2,0,109,10,200,7,0,217,2,0,2,219
08/25/2015,BET,AK,AAL,WE,Federal Contract Tower,9,104,4,0,117,0,5,0,0,5,9,109,4,0,122,0,0,0,122
08/26/2015,BET,AK,AAL,WE,Federal Contract Tower,10,22,3,0,35,0,235,5,0,240,10,257,8,0,275,0,0,0,275
08/27/2015,BET,AK,AAL,WE,Federal Contract Tower,9,32,1,0,42,0,275,7,2,284,9,307,8,2,326,0,0,0,326
08/28/2015,BET,AK,AAL,WE,Federal Contract Tower,7,11,0,0,18,0,267,27,2,296,7,278,27,2,314,9,0,9,323
08/29/2015,BET,AK,AAL,WE,Federal Contract Tower,10,6,4,0,20,0,244,24,0,268,10,250,28,0,288,0,0,0,288
08/30/2015,BET,AK,AAL,WE,Federal Contract Tower,3,8,5,0,16,1,112,6,0,119,4,120,11,0,135,8,0,8,143
08/31/2015,BET,AK,AAL,WE,Federal Contract Tower,7,7,1,0,15,0,244,31,0,275,7,251,32,0,290,0,0,0,290
09/01/2015,BET,AK,AAL,WE,Federal Contract Tower,7,10,2,0,19,0,282,28,1,311,7,292,30,1,330,4,0,4,334
09/02/2015,BET,AK,AAL,WE,Federal Contract Tower,12,52,3,2,69,0,136,2,0,138,12,188,5,2,207,0,0,0,207
09/03/2015,BET,AK,AAL,WE,Federal Contract Tower,9,145,3,0,157,0,0,0,0,0,9,145,3,0,157,0,0,0,157
09/04/2015,BET,AK,AAL,WE,Federal Contract Tower,9,44,2,0,55,0,249,8,0,257,9,293,10,0,312,0,0,0,312
09/05/2015,BET,AK,AAL,WE,Federal Contract Tower,8,16,2,0,26,0,189,11,0,200,8,205,13,0,226,0,0,0,226
09/06/2015,BET,AK,AAL,WE,Federal Contract Tower,4,17,2,0,23,0,134,14,0,148,4,151,16,0,171,2,0,2,173
09/07/2015,BET,AK,AAL,WE,Federal Contract Tower,5,20,3,0,28,1,205,20,0,226,6,225,23,0,254,1,0,1,255
09/08/2015,BET,AK,AAL,WE,Federal Contract Tower,8,24,0,0,32,1,268,29,1,299,9,292,29,1,331,6,0,6,337
09/09/2015,BET,AK,AAL,WE,Federal Contract Tower,9,26,4,2,41,0,217,21,1,239,9,243,25,3,280,0,0,0,280
09/10/2015,BET,AK,AAL,WE,Federal Contract Tower,10,47,5,0,62,1,212,12,1,226,11,259,17,1,288,3,1,4,292
09/11/2015,BET,AK,AAL,WE,Federal Contract Tower,11,6,0,1,18,0,270,13,1,284,11,276,13,2,302,1,0,1,303
09/12/2015,BET,AK,AAL,WE,Federal Contract Tower,9,22,2,0,33,0,242,8,0,250,9,264,10,0,283,0,0,0,283
09/13/2015,BET,AK,AAL,WE,Federal Contract Tower,4,33,3,0,40,0,16,3,0,19,4,49,6,0,59,0,0,0,59
09/14/2015,BET,AK,AAL,WE,Federal Contract Tower,9,114,4,0,127,0,54,0,0,54,9,168,4,0,181,0,0,0,181
09/15/2015,BET,AK,AAL,WE,Federal Contract Tower,7,32,1,0,40,0,219,10,0,229,7,251,11,0,269,0,0,0,269
09/16/2015,BET,AK,AAL,WE,Federal Contract Tower,8,15,2,1,26,1,267,25,0,293,9,282,27,1,319,4,0,4,323
09/17/2015,BET,AK,AAL,WE,Federal Contract Tower,11,14,5,2,32,0,228,8,0,236,11,242,13,2,268,0,0,0,268
09/18/2015,BET,AK,AAL,WE,Federal Contract Tower,9,5,0,0,14,2,311,10,0,323,11,316,10,0,337,0,0,0,337
09/19/2015,BET,AK,AAL,WE,Federal Contract Tower,9,4,0,0,13,0,271,10,0,281,9,275,10,0,294,0,0,0,294
09/20/2015,BET,AK,AAL,WE,Federal Contract Tower,4,5,3,0,12,0,181,16,0,197,4,186,19,0,209,18,0,18,227
09/21/2015,BET,AK,AAL,WE,Federal Contract Tower,10,8,2,0,20,0,256,34,0,290,10,264,36,0,310,0,0,0,310
09/22/2015,BET,AK,AAL,WE,Federal Contract Tower,6,4,4,0,14,0,288,30,0,318,6,292,34,0,332,1,0,1,333
09/23/2015,BET,AK,AAL,WE,Federal Contract Tower,8,41,9,0,58,0,147,10,1,158,8,188,19,1,216,2,0,2,218
09/24/2015,BET,AK,AAL,WE,Federal Contract Tower,8,81,8,2,99,0,23,0,0,23,8,104,8,2,122,0,0,0,122
09/25/2015,BET,AK,AAL,WE,Federal Contract Tower,11,86,6,2,105,0,56,0,0,56,11,142,6,2,161,0,0,0,161
09/26/2015,BET,AK,AAL,WE,Federal Contract Tower,6,45,0,0,51,0,0,0,0,0,6,45,0,0,51,0,0,0,51
09/27/2015,BET,AK,AAL,WE,Federal Contract Tower,4,26,8,0,38,0,0,0,0,0,4,26,8,0,38,0,0,0,38
09/28/2015,BET,AK,AAL,WE,Federal Contract Tower,10,5,3,0,18,0,366,16,0,382,10,371,19,0,400,6,0,6,406
09/29/2015,BET,AK,AAL,WE,Federal Contract Tower,8,3,0,0,11,0,294,10,0,304,8,297,10,0,315,0,0,0,315
09/30/2015,BET,AK,AAL,WE,Federal Contract Tower,10,7,7,0,24,0,283,17,1,301,10,290,24,1,325,8,0,8,333
10/01/2015,BET,AK,AAL,WE,Federal Contract Tower,9,6,3,0,18,0,237,3,0,240,9,243,6,0,258,14,0,14,272
10/02/2015,BET,AK,AAL,WE,Federal Contract Tower,10,127,16,0,153,0,65,3,0,68,10,192,19,0,221,0,0,0,221
10/03/2015,BET,AK,AAL,WE,Federal Contract Tower,11,37,0,0,48,0,231,3,2,236,11,268,3,2,284,4,0,4,288
10/04/2015,BET,AK,AAL,WE,Federal Contract Tower,4,15,0,0,19,0,200,2,0,202,4,215,2,0,221,0,0,0,221
10/05/2015,BET,AK,AAL,WE,Federal Contract Tower,10,10,1,0,21,0,313,7,0,320,10,323,8,0,341,45,0,45,386
10/06/2015,BET,AK,AAL,WE,Federal Contract Tower,7,39,0,0,46,0,346,3,0,349,7,385,3,0,395,2,0,2,397
10/07/2015,BET,AK,AAL,WE,Federal Contract Tower,9,7,2,0,18,0,420,11,0,431,9,427,13,0,449,29,0,29,478
10/08/2015,BET,AK,AAL,WE,Federal Contract Tower,13,7,0,0,20,1,335,6,0,342,14,342,6,0,362,6,0,6,368
10/09/2015,BET,AK,AAL,WE,Federal Contract Tower,9,11,4,0,24,0,363,12,0,375,9,374,16,0,399,37,0,37,436
10/10/2015,BET,AK,AAL,WE,Federal Contract Tower,7,5,1,0,13,0,289,8,0,297,7,294,9,0,310,19,0,19,329
10/11/2015,BET,AK,AAL,WE,Federal Contract Tower,4,86,11,0,101,0,92,2,0,94,4,178,13,0,195,2,0,2,197
10/12/2015,BET,AK,AAL,WE,Federal Contract Tower,11,6,2,0,19,0,274,12,0,286,11,280,14,0,305,30,0,30,335
10/13/2015,BET,AK,AAL,WE,Federal Contract Tower,8,6,5,0,19,0,310,15,0,325,8,316,20,0,344,12,0,12,356
10/14/2015,BET,AK,AAL,WE,Federal Contract Tower,11,17,5,0,33,0,320,17,0,337,11,337,22,0,370,0,0,0,370
10/15/2015,BET,AK,AAL,WE,Federal Contract Tower,11,8,2,0,21,0,312,14,0,326,11,320,16,0,347,9,0,9,356
10/16/2015,BET,AK,AAL,WE,Federal Contract Tower,12,65,4,0,81,0,285,4,0,289,12,350,8,0,370,32,0,32,402
10/17/2015,BET,AK,AAL,WE,Federal Contract Tower,10,34,5,0,49,0,210,1,0,211,10,244,6,0,260,28,0,28,288
10/18/2015,BET,AK,AAL,WE,Federal Contract Tower,3,10,1,0,14,1,243,0,0,244,4,253,1,0,258,18,0,18,276
10/19/2015,BET,AK,AAL,WE,Federal Contract Tower,10,8,1,1,20,0,277,3,0,280,10,285,4,1,300,12,0,12,312
10/20/2015,BET,AK,AAL,WE,Federal Contract Tower,10,3,4,0,17,1,306,7,0,314,11,309,11,0,331,3,0,3,334
10/21/2015,BET,AK,AAL,WE,Federal Contract Tower,9,103,14,0,126,0,129,0,0,129,9,232,14,0,255,0,0,0,255
10/22/2015,BET,AK,AAL,WE,Federal Contract Tower,13,33,5,0,51,0,261,7,0,268,13,294,12,0,319,1,0,1,320
10/23/2015,BET,AK,AAL,WE,Federal Contract Tower,10,14,0,0,24,0,294,5,0,299,10,308,5,0,323,4,0,4,327
10/24/2015,BET,AK,AAL,WE,Federal Contract Tower,9,22,0,0,31,1,237,3,0,241,10,259,3,0,272,14,0,14,286
10/25/2015,BET,AK,AAL,WE,Federal Contract Tower,4,10,0,0,14,0,198,14,0,212,4,208,14,0,226,22,0,22,248
10/26/2015,BET,AK,AAL,WE,Federal Contract Tower,11,7,0,0,18,0,264,8,0,272,11,271,8,0,290,6,22,28,318
10/27/2015,BET,AK,AAL,WE,Federal Contract Tower,7,6,3,0,16,1,298,0,2,301,8,304,3,2,317,0,0,0,317
10/28/2015,BET,AK,AAL,WE,Federal Contract Tower,9,12,0,0,21,1,270,5,4,280,10,282,5,4,301,0,0,0,301
10/29/2015,BET,AK,AAL,WE,Federal Contract Tower,11,47,6,0,64,0,223,10,0,233,11,270,16,0,297,0,11,11,308
10/30/2015,BET,AK,AAL,WE,Federal Contract Tower,10,7,1,3,21,1,326,5,0,332,11,333,6,3,353,2,0,2,355
10/31/2015,BET,AK,AAL,WE,Federal Contract Tower,10,14,0,0,24,0,235,6,0,241,10,249,6,0,265,0,0,0,265
11/01/2015,BET,AK,AAL,WE,Federal Contract Tower,2,9,3,0,14,0,172,0,0,172,2,181,3,0,186,2,0,2,188
11/02/2015,BET,AK,AAL,WE,Federal Contract Tower,6,7,2,0,15,0,270,3,0,273,6,277,5,0,288,0,0,0,288
11/03/2015,BET,AK,AAL,WE,Federal Contract Tower,7,7,0,0,14,0,289,4,0,293,7,296,4,0,307,2,0,2,309
11/04/2015,BET,AK,AAL,WE,Federal Contract Tower,12,52,2,0,66,0,235,1,0,236,12,287,3,0,302,0,0,0,302
11/05/2015,BET,AK,AAL,WE,Federal Contract Tower,11,17,0,2,30,0,287,13,0,300,11,304,13,2,330,0,0,0,330
11/06/2015,BET,AK,AAL,WE,Federal Contract Tower,6,15,0,2,23,0,263,8,0,271,6,278,8,2,294,6,0,6,300
11/07/2015,BET,AK,AAL,WE,Federal Contract Tower,7,12,0,0,19,0,250,11,0,261,7,262,11,0,280,4,0,4,284
11/08/2015,BET,AK,AAL,WE,Federal Contract Tower,2,7,0,0,9,0,116,0,0,116,2,123,0,0,125,0,0,0,125
11/09/2015,BET,AK,AAL,WE,Federal Contract Tower,9,27,0,0,36,0,158,0,0,158,9,185,0,0,194,2,0,2,196
11/10/2015,BET,AK,AAL,WE,Federal Contract Tower,9,13,7,1,30,0,305,6,2,313,9,318,13,3,343,0,0,0,343
11/11/2015,BET,AK,AAL,WE,Federal Contract Tower,7,7,2,0,16,0,306,10,0,316,7,313,12,0,332,4,0,4,336
11/12/2015,BET,AK,AAL,WE,Federal Contract Tower,8,3,3,2,16,0,386,6,1,393,8,389,9,3,409,8,0,8,417
11/13/2015,BET,AK,AAL,WE,Federal Contract Tower,9,5,0,0,14,0,348,9,0,357,9,353,9,0,371,0,0,0,371
11/14/2015,BET,AK,AAL,WE,Federal Contract Tower,9,8,0,0,17,0,310,2,0,312,9,318,2,0,329,2,0,2,331
11/15/2015,BET,AK,AAL,WE,Federal Contract Tower,3,6,2,0,11,0,266,2,0,268,3,272,4,0,279,2,0,2,281
11/16/2015,BET,AK,AAL,WE,Federal Contract Tower,7,20,2,0,29,0,264,4,0,268,7,284,6,0,297,0,0,0,297
11/17/2015,BET,AK,AAL,WE,Federal Contract Tower,9,7,1,0,17,0,345,17,0,362,9,352,18,0,379,1,0,1,380
11/18/2015,BET,AK,AAL,WE,Federal Contract Tower,5,10,2,0,17,0,0,0,0,0,5,10,2,0,17,0,0,0,17
11/19/2015,BET,AK,AAL,WE,Federal Contract Tower,8,18,2,0,28,0,140,1,0,141,8,158,3,0,169,0,0,0,169
11/20/2015,BET,AK,AAL,WE,Federal Contract Tower,10,33,0,0,43,0,187,2,0,189,10,220,2,0,232,6,0,6,238
11/21/2015,BET,AK,AAL,WE,Federal Contract Tower,11,6,2,0,19,0,343,20,0,363,11,349,22,0,382,6,0,6,388
11/22/2015,BET,AK,AAL,WE,Federal Contract Tower,4,5,0,0,9,0,188,4,0,192,4,193,4,0,201,6,0,6,207
11/23/2015,BET,AK,AAL,WE,Federal Contract Tower,4,28,1,0,33,0,43,0,0,43,4,71,1,0,76,0,0,0,76
11/24/2015,BET,AK,AAL,WE,Federal Contract Tower,7,5,0,0,12,1,271,15,0,287,8,276,15,0,299,7,0,7,306
11/25/2015,BET,AK,AAL,WE,Federal Contract Tower,10,24,3,0,37,0,337,16,0,353,10,361,19,0,390,2,0,2,392
11/26/2015,BET,AK,AAL,WE,Federal Contract Tower,0,3,0,0,3,0,4,3,0,7,0,7,3,0,10,0,0,0,10
11/27/2015,BET,AK,AAL,WE,Federal Contract Tower,5,12,1,0,18,0,262,2,0,264,5,274,3,0,282,1,0,1,283
11/28/2015,BET,AK,AAL,WE,Federal Contract Tower,5,47,2,0,54,0,79,0,0,79,5,126,2,0,133,0,0,0,133
11/29/2015,BET,AK,AAL,WE,Federal Contract Tower,0,25,0,0,25,0,52,0,0,52,0,77,0,0,77,0,0,0,77
11/30/2015,BET,AK,AAL,WE,Federal Contract Tower,10,7,0,0,17,0,416,4,0,420,10,423,4,0,437,14,0,14,451
12/01/2015,BET,AK,AAL,WE,Federal Contract Tower,4,6,2,0,12,0,403,11,0,414,4,409,13,0,426,0,0,0,426
12/02/2015,BET,AK,AAL,WE,Federal Contract Tower,6,130,23,0,159,0,49,3,0,52,6,179,26,0,211,1,0,1,212
12/03/2015,BET,AK,AAL,WE,Federal Contract Tower,11,100,18,2,131,0,151,6,4,161,11,251,24,6,292,0,0,0,292
12/04/2015,BET,AK,AAL,WE,Federal Contract Tower,6,4,0,0,10,0,353,5,0,358,6,357,5,0,368,2,0,2,370
12/05/2015,BET,AK,AAL,WE,Federal Contract Tower,9,8,0,0,17,0,307,1,0,308,9,315,1,0,325,0,0,0,325
12/06/2015,BET,AK,AAL,WE,Federal Contract Tower,2,6,0,0,8,0,174,6,0,180,2,180,6,0,188,0,0,0,188
12/07/2015,BET,AK,AAL,WE,Federal Contract Tower,6,4,0,0,10,0,231,6,0,237,6,235,6,0,247,0,0,0,247
12/08/2015,BET,AK,AAL,WE,Federal Contract Tower,8,8,4,0,20,0,290,4,0,294,8,298,8,0,314,8,0,8,322
12/09/2015,BET,AK,AAL,WE,Federal Contract Tower,6,6,1,0,13,0,261,2,0,263,6,267,3,0,276,1,0,1,277
12/10/2015,BET,AK,AAL,WE,Federal Contract Tower,11,21,7,0,39,0,124,2,0,126,11,145,9,0,165,6,0,6,171
12/11/2015,BET,AK,AAL,WE,Federal Contract Tower,11,14,0,0,25,0,219,14,0,233,11,233,14,0,258,0,0,0,258
12/12/2015,BET,AK,AAL,WE,Federal Contract Tower,6,9,0,0,15,0,212,8,0,220,6,221,8,0,235,8,0,8,243
12/13/2015,BET,AK,AAL,WE,Federal Contract Tower,2,4,0,0,6,0,34,0,0,34,2,38,0,0,40,0,0,0,40
12/14/2015,BET,AK,AAL,WE,Federal Contract Tower,6,11,0,0,17,0,107,0,0,107,6,118,0,0,124,0,0,0,124
12/15/2015,BET,AK,AAL,WE,Federal Contract Tower,8,12,2,0,22,0,275,10,0,285,8,287,12,0,307,0,0,0,307
12/16/2015,BET,AK,AAL,WE,Federal Contract Tower,9,7,0,0,16,0,289,20,0,309,9,296,20,0,325,0,0,0,325
12/17/2015,BET,AK,AAL,WE,Federal Contract Tower,9,11,3,0,23,1,328,9,2,340,10,339,12,2,363,2,0,2,365
12/18/2015,BET,AK,AAL,WE,Federal Contract Tower,6,18,1,0,25,1,66,1,0,68,7,84,2,0,93,0,0,0,93
12/19/2015,BET,AK,AAL,WE,Federal Contract Tower,9,44,2,0,55,0,118,0,0,118,9,162,2,0,173,1,0,1,174
12/20/2015,BET,AK,AAL,WE,Federal Contract Tower,2,35,0,0,37,0,32,1,0,33,2,67,1,0,70,0,0,0,70
12/21/2015,BET,AK,AAL,WE,Federal Contract Tower,4,30,0,0,34,0,29,0,0,29,4,59,0,0,63,4,0,4,67
12/22/2015,BET,AK,AAL,WE,Federal Contract Tower,8,26,3,0,37,0,108,4,0,112,8,134,7,0,149,0,0,0,149
12/23/2015,BET,AK,AAL,WE,Federal Contract Tower,10,77,4,0,91,0,0,0,0,0,10,77,4,0,91,0,0,0,91
12/24/2015,BET,AK,AAL,WE,Federal Contract Tower,7,19,1,0,27,0,66,0,0,66,7,85,1,0,93,0,0,0,93
12/25/2015,BET,AK,AAL,WE,Federal Contract Tower,0,0,0,0,0,0,0,0,0,0,0,0,0,0,0,0,0,0,0
12/26/2015,BET,AK,AAL,WE,Federal Contract Tower,8,2,2,0,12,0,240,10,0,250,8,242,12,0,262,0,0,0,262
12/27/2015,BET,AK,AAL,WE,Federal Contract Tower,3,13,0,0,16,0,128,2,0,130,3,141,2,0,146,0,0,0,146
12/28/2015,BET,AK,AAL,WE,Federal Contract Tower,8,26,3,0,37,0,74,1,0,75,8,100,4,0,112,0,0,0,112
12/29/2015,BET,AK,AAL,WE,Federal Contract Tower,5,25,2,0,32,0,99,2,0,101,5,124,4,0,133,0,0,0,133
12/30/2015,BET,AK,AAL,WE,Federal Contract Tower,0,1,0,0,1,0,3,0,0,3,0,4,0,0,4,0,0,0,4
12/31/2015,BET,AK,AAL,WE,Federal Contract Tower,10,26,3,0,39,0,145,2,0,147,10,171,5,0,186,5,0,5,191
01/01/2016,BET,AK,AAL,WE,Federal Contract Tower,2,4,0,0,6,0,8,0,0,8,2,12,0,0,14,2,0,2,16
01/02/2016,BET,AK,AAL,WE,Federal Contract Tower,10,28,2,0,40,0,147,2,0,149,10,175,4,0,189,2,0,2,191
01/03/2016,BET,AK,AAL,WE,Federal Contract Tower,2,11,0,0,13,0,162,0,0,162,2,173,0,0,175,14,0,14,189
01/04/2016,BET,AK,AAL,WE,Federal Contract Tower,10,13,1,0,24,0,260,5,0,265,10,273,6,0,289,6,0,6,295
01/05/2016,BET,AK,AAL,WE,Federal Contract Tower,6,17,4,0,27,0,204,1,0,205,6,221,5,0,232,2,0,2,234
01/06/2016,BET,AK,AAL,WE,Federal Contract Tower,6,5,1,0,12,0,345,16,0,361,6,350,17,0,373,0,0,0,373
01/07/2016,BET,AK,AAL,WE,Federal Contract Tower,7,8,4,0,19,0,273,3,0,276,7,281,7,0,295,0,0,0,295
01/08/2016,BET,AK,AAL,WE,Federal Contract Tower,7,6,1,0,14,0,249,2,1,252,7,255,3,1,266,0,0,0,266
01/09/2016,BET,AK,AAL,WE,Federal Contract Tower,7,1,2,0,10,0,176,2,0,178,7,177,4,0,188,0,0,0,188
01/10/2016,BET,AK,AAL,WE,Federal Contract Tower,2,5,2,0,9,0,102,1,0,103,2,107,3,0,112,0,0,0,112
01/11/2016,BET,AK,AAL,WE,Federal Contract Tower,5,6,1,0,12,0,193,1,1,195,5,199,2,1,207,0,0,0,207
01/12/2016,BET,AK,AAL,WE,Federal Contract Tower,8,17,5,1,31,0,156,0,0,156,8,173,5,1,187,0,0,0,187
01/13/2016,BET,AK,AAL,WE,Federal Contract Tower,8,7,5,2,22,0,283,9,5,297,8,290,14,7,319,2,0,2,321
01/14/2016,BET,AK,AAL,WE,Federal Contract Tower,6,7,1,2,16,0,253,9,5,267,6,260,10,7,283,2,0,2,285
01/15/2016,BET,AK,AAL,WE,Federal Contract Tower,7,4,2,0,13,2,205,3,5,215,9,209,5,5,228,0,0,0,228
01/16/2016,BET,AK,AAL,WE,Federal Contract Tower,5,10,2,0,17,0,71,0,4,75,5,81,2,4,92,0,0,0,92
01/17/2016,BET,AK,AAL,WE,Federal Contract Tower,2,6,0,2,10,0,158,2,1,161,2,164,2,3,171,4,0,4,175
01/18/2016,BET,AK,AAL,WE,Federal Contract Tower,8,5,2,0,15,0,165,1,0,166,8,170,3,0,181,4,0,4,185
01/19/2016,BET,AK,AAL,WE,Federal Contract Tower,8,7,1,0,16,0,255,9,0,264,8,262,10,0,280,0,0,0,280
01/20/2016,BET,AK,AAL,WE,Federal Contract Tower,7,5,0,0,12,0,251,6,0,257,7,256,6,0,269,5,0,5,274
01/21/2016,BET,AK,AAL,WE,Federal Contract Tower,8,3,2,0,13,0,271,9,0,280,8,274,11,0,293,0,0,0,293
01/22/2016,BET,AK,AAL,WE,Federal Contract Tower,7,4,3,0,14,0,237,2,0,239,7,241,5,0,253,0,0,0,253
01/23/2016,BET,AK,AAL,WE,Federal Contract Tower,6,16,0,0,22,0,130,0,0,130,6,146,0,0,152,0,0,0,152
01/24/2016,BET,AK,AAL,WE,Federal Contract Tower,2,9,2,0,13,0,122,1,0,123,2,131,3,0,136,8,0,8,144
01/25/2016,BET,AK,AAL,WE,Federal Contract Tower,6,4,0,0,10,0,221,2,0,223,6,225,2,0,233,7,0,7,240
01/26/2016,BET,AK,AAL,WE,Federal Contract Tower,8,5,2,0,15,0,191,13,2,206,8,196,15,2,221,8,0,8,229
01/27/2016,BET,AK,AAL,WE,Federal Contract Tower,8,4,2,0,14,0,219,4,0,223,8,223,6,0,237,0,0,0,237
01/28/2016,BET,AK,AAL,WE,Federal Contract Tower,5,16,4,0,25,0,135,4,0,139,5,151,8,0,164,0,0,0,164
01/29/2016,BET,AK,AAL,WE,Federal Contract Tower,6,55,9,3,73,0,89,1,0,90,6,144,10,3,163,0,0,0,163
01/30/2016,BET,AK,AAL,WE,Federal Contract Tower,6,6,2,0,14,0,185,14,0,199,6,191,16,0,213,4,0,4,217
01/31/2016,BET,AK,AAL,WE,Federal Contract Tower,2,5,2,0,9,0,93,2,0,95,2,98,4,0,104,4,0,4,108
02/01/2016,BET,AK,AAL,WE,Federal Contract Tower,7,2,0,0,9,0,245,0,0,245,7,247,0,0,254,2,0,2,256
02/02/2016,BET,AK,AAL,WE,Federal Contract Tower,6,6,2,0,14,0,159,5,0,164,6,165,7,0,178,0,0,0,178
02/03/2016,BET,AK,AAL,WE,Federal Contract Tower,6,6,2,0,14,0,206,3,0,209,6,212,5,0,223,0,0,0,223
02/04/2016,BET,AK,AAL,WE,Federal Contract Tower,8,7,7,0,22,1,247,6,0,254,9,254,13,0,276,0,0,0,276
02/05/2016,BET,AK,AAL,WE,Federal Contract Tower,10,10,0,0,20,0,245,15,0,260,10,255,15,0,280,0,0,0,280
02/06/2016,BET,AK,AAL,WE,Federal Contract Tower,6,39,7,0,52,0,126,5,0,131,6,165,12,0,183,0,0,0,183
02/07/2016,BET,AK,AAL,WE,Federal Contract Tower,2,6,0,0,8,1,163,5,0,169,3,169,5,0,177,16,0,16,193
02/08/2016,BET,AK,AAL,WE,Federal Contract Tower,5,5,3,0,13,0,228,7,0,235,5,233,10,0,248,0,0,0,248
02/09/2016,BET,AK,AAL,WE,Federal Contract Tower,3,7,1,0,11,0,232,9,0,241,3,239,10,0,252,0,0,0,252
02/10/2016,BET,AK,AAL,WE,Federal Contract Tower,7,3,2,0,12,0,170,2,0,172,7,173,4,0,184,0,0,0,184
02/11/2016,BET,AK,AAL,WE,Federal Contract Tower,9,4,2,0,15,0,252,16,0,268,9,256,18,0,283,6,0,6,289
02/12/2016,BET,AK,AAL,WE,Federal Contract Tower,7,6,2,0,15,0,233,16,0,249,7,239,18,0,264,5,0,5,269
02/13/2016,BET,AK,AAL,WE,Federal Contract Tower,9,4,1,0,14,0,201,22,0,223,9,205,23,0,237,2,0,2,239
02/14/2016,BET,AK,AAL,WE,Federal Contract Tower,2,6,2,0,10,0,122,6,0,128,2,128,8,0,138,2,0,2,140
02/15/2016,BET,AK,AAL,WE,Federal Contract Tower,7,4,4,3,18,0,177,7,1,185,7,181,11,4,203,12,0,12,215
02/16/2016,BET,AK,AAL,WE,Federal Contract Tower,6,15,0,0,21,0,118,10,0,128,6,133,10,0,149,0,0,0,149
02/17/2016,BET,AK,AAL,WE,Federal Contract Tower,9,7,3,0,19,0,175,2,0,177,9,182,5,0,196,4,6,10,206
02/18/2016,BET,AK,AAL,WE,Federal Contract Tower,4,12,3,2,21,0,47,4,0,51,4,59,7,2,72,0,0,0,72
02/19/2016,BET,AK,AAL,WE,Federal Contract Tower,9,11,2,0,22,0,257,24,1,282,9,268,26,1,304,9,0,9,313
02/20/2016,BET,AK,AAL,WE,Federal Contract Tower,11,2,3,0,16,0,211,13,0,224,11,213,16,0,240,11,0,11,251
02/21/2016,BET,AK,AAL,WE,Federal Contract Tower,2,6,0,0,8,0,122,7,0,129,2,128,7,0,137,2,0,2,139
02/22/2016,BET,AK,AAL,WE,Federal Contract Tower,7,34,1,0,42,0,180,2,0,182,7,214,3,0,224,2,0,2,226
02/23/2016,BET,AK,AAL,WE,Federal Contract Tower,8,12,0,0,20,0,218,8,0,226,8,230,8,0,246,8,0,8,254
02/24/2016,BET,AK,AAL,WE,Federal Contract Tower,7,9,0,0,16,0,184,0,0,184,7,193,0,0,200,30,0,30,230
02/25/2016,BET,AK,AAL,WE,Federal Contract Tower,11,7,0,0,18,0,222,25,0,247,11,229,25,0,265,0,0,0,265
02/26/2016,BET,AK,AAL,WE,Federal Contract Tower,7,9,0,0,16,0,252,19,0,271,7,261,19,0,287,0,0,0,287
02/27/2016,BET,AK,AAL,WE,Federal Contract Tower,11,2,1,0,14,0,211,3,0,214,11,213,4,0,228,0,0,0,228
02/28/2016,BET,AK,AAL,WE,Federal Contract Tower,3,5,0,0,8,0,136,2,0,138,3,141,2,0,146,10,0,10,156
02/29/2016,BET,AK,AAL,WE,Federal Contract Tower,8,6,0,0,14,0,174,8,0,182,8,180,8,0,196,0,0,0,196
03/01/2016,BET,AK,AAL,WE,Federal Contract Tower,7,10,0,0,17,0,200,15,0,215,7,210,15,0,232,0,0,0,232
03/02/2016,BET,AK,AAL,WE,Federal Contract Tower,9,7,0,0,16,0,226,8,0,234,9,233,8,0,250,6,0,6,256
03/03/2016,BET,AK,AAL,WE,Federal Contract Tower,7,9,0,0,16,0,231,16,0,247,7,240,16,0,263,9,0,9,272
03/04/2016,BET,AK,AAL,WE,Federal Contract Tower,4,10,0,0,14,0,222,13,0,235,4,232,13,0,249,2,0,2,251
03/05/2016,BET,AK,AAL,WE,Federal Contract Tower,12,2,0,0,14,1,179,6,0,186,13,181,6,0,200,0,0,0,200
03/06/2016,BET,AK,AAL,WE,Federal Contract Tower,3,6,0,0,9,0,178,6,0,184,3,184,6,0,193,0,0,0,193
03/07/2016,BET,AK,AAL,WE,Federal Contract Tower,5,6,0,0,11,0,221,6,0,227,5,227,6,0,238,2,0,2,240
03/08/2016,BET,AK,AAL,WE,Federal Contract Tower,5,5,0,0,10,0,214,7,0,221,5,219,7,0,231,5,0,5,236
03/09/2016,BET,AK,AAL,WE,Federal Contract Tower,9,135,9,0,153,0,110,4,0,114,9,245,13,0,267,1,0,1,268
03/10/2016,BET,AK,AAL,WE,Federal Contract Tower,8,7,0,0,15,0,255,14,0,269,8,262,14,0,284,6,0,6,290
03/11/2016,BET,AK,AAL,WE,Federal Contract Tower,6,9,0,0,15,0,245,12,0,257,6,254,12,0,272,2,0,2,274
03/12/2016,BET,AK,AAL,WE,Federal Contract Tower,7,7,1,0,15,1,190,26,1,218,8,197,27,1,233,2,0,2,235
03/13/2016,BET,AK,AAL,WE,Federal Contract Tower,3,9,0,0,12,0,214,19,0,233,3,223,19,0,245,0,0,0,245
03/14/2016,BET,AK,AAL,WE,Federal Contract Tower,9,8,0,0,17,0,198,8,0,206,9,206,8,0,223,0,0,0,223
03/15/2016,BET,AK,AAL,WE,Federal Contract Tower,5,6,0,0,11,0,188,6,0,194,5,194,6,0,205,2,0,2,207
03/16/2016,BET,AK,AAL,WE,Federal Contract Tower,10,7,0,0,17,0,212,23,0,235,10,219,23,0,252,10,2,12,264
03/17/2016,BET,AK,AAL,WE,Federal Contract Tower,12,8,0,2,22,0,223,16,0,239,12,231,16,2,261,0,0,0,261
03/18/2016,BET,AK,AAL,WE,Federal Contract Tower,5,5,2,0,12,0,198,10,0,208,5,203,12,0,220,0,0,0,220
03/19/2016,BET,AK,AAL,WE,Federal Contract Tower,4,4,0,0,8,0,138,2,0,140,4,142,2,0,148,4,0,4,152
03/20/2016,BET,AK,AAL,WE,Federal Contract Tower,2,11,0,0,13,0,116,11,0,127,2,127,11,0,140,0,0,0,140
03/21/2016,BET,AK,AAL,WE,Federal Contract Tower,9,5,0,0,14,0,228,11,0,239,9,233,11,0,253,6,0,6,259
03/22/2016,BET,AK,AAL,WE,Federal Contract Tower,4,10,0,0,14,0,231,12,0,243,4,241,12,0,257,0,0,0,257
03/23/2016,BET,AK,AAL,WE,Federal Contract Tower,10,6,1,0,17,0,225,24,0,249,10,231,25,0,266,22,0,22,288
03/24/2016,BET,AK,AAL,WE,Federal Contract Tower,6,15,2,0,23,0,147,15,0,162,6,162,17,0,185,0,0,0,185
03/25/2016,BET,AK,AAL,WE,Federal Contract Tower,7,49,3,0,59,0,108,28,0,136,7,157,31,0,195,1,0,1,196
03/26/2016,BET,AK,AAL,WE,Federal Contract Tower,9,105,4,0,118,0,23,0,0,23,9,128,4,0,141,0,0,0,141
03/27/2016,BET,AK,AAL,WE,Federal Contract Tower,2,6,0,0,8,0,105,6,0,111,2,111,6,0,119,26,0,26,145
03/28/2016,BET,AK,AAL,WE,Federal Contract Tower,0,4,0,0,4,0,40,6,0,46,0,44,6,0,50,0,0,0,50
03/29/2016,BET,AK,AAL,WE,Federal Contract Tower,3,4,0,0,7,0,203,13,0,216,3,207,13,0,223,0,0,0,223
03/30/2016,BET,AK,AAL,WE,Federal Contract Tower,4,78,1,0,83,0,38,0,0,38,4,116,1,0,121,0,0,0,121
03/31/2016,BET,AK,AAL,WE,Federal Contract Tower,9,9,2,1,21,0,64,5,0,69,9,73,7,1,90,6,0,6,96
04/01/2016,BET,AK,AAL,WE,Federal Contract Tower,12,23,2,1,38,0,323,24,0,347,12,346,26,1,385,0,0,0,385
04/02/2016,BET,AK,AAL,WE,Federal Contract Tower,6,38,14,0,58,0,119,5,0,124,6,157,19,0,182,0,0,0,182
04/03/2016,BET,AK,AAL,WE,Federal Contract Tower,4,15,0,0,19,0,174,28,1,203,4,189,28,1,222,2,0,2,224
04/04/2016,BET,AK,AAL,WE,Federal Contract Tower,8,7,0,2,17,0,264,11,0,275,8,271,11,2,292,6,0,6,298
04/05/2016,BET,AK,AAL,WE,Federal Contract Tower,6,11,1,0,18,0,299,18,0,317,6,310,19,0,335,6,0,6,341
04/06/2016,BET,AK,AAL,WE,Federal Contract Tower,7,10,0,0,17,0,286,50,0,336,7,296,50,0,353,7,0,7,360
04/07/2016,BET,AK,AAL,WE,Federal Contract Tower,12,18,0,0,30,0,265,23,0,288,12,283,23,0,318,2,0,2,320
04/08/2016,BET,AK,AAL,WE,Federal Contract Tower,10,7,0,0,17,0,309,33,0,342,10,316,33,0,359,15,0,15,374
04/09/2016,BET,AK,AAL,WE,Federal Contract Tower,10,11,0,0,21,1,241,36,0,278,11,252,36,0,299,5,0,5,304
04/10/2016,BET,AK,AAL,WE,Federal Contract Tower,4,9,0,0,13,0,190,41,0,231,4,199,41,0,244,58,0,58,302
04/11/2016,BET,AK,AAL,WE,Federal Contract Tower,6,8,0,0,14,0,242,35,0,277,6,250,35,0,291,10,0,10,301
04/12/2016,BET,AK,AAL,WE,Federal Contract Tower,6,8,1,0,15,0,245,71,0,316,6,253,72,0,331,16,0,16,347
04/13/2016,BET,AK,AAL,WE,Federal Contract Tower,11,4,3,0,18,0,269,54,0,323,11,273,57,0,341,0,0,0,341
04/14/2016,BET,AK,AAL,WE,Federal Contract Tower,13,5,2,0,20,0,284,58,0,342,13,289,60,0,362,12,0,12,374
04/15/2016,BET,AK,AAL,WE,Federal Contract Tower,7,7,0,0,14,0,315,66,0,381,7,322,66,0,395,7,0,7,402
04/16/2016,BET,AK,AAL,WE,Federal Contract Tower,7,50,9,0,66,0,153,26,0,179,7,203,35,0,245,2,0,2,247
04/17/2016,BET,AK,AAL,WE,Federal Contract Tower,4,7,0,0,11,0,188,38,0,226,4,195,38,0,237,24,0,24,261
04/18/2016,BET,AK,AAL,WE,Federal Contract Tower,6,5,1,2,14,0,308,45,0,353,6,313,46,2,367,25,0,25,392
04/19/2016,BET,AK,AAL,WE,Federal Contract Tower,8,8,1,0,17,0,309,69,0,378,8,317,70,0,395,0,0,0,395
04/20/2016,BET,AK,AAL,WE,Federal Contract Tower,8,9,1,3,21,0,298,60,0,358,8,307,61,3,379,27,0,27,406
04/21/2016,BET,AK,AAL,WE,Federal Contract Tower,12,7,0,0,19,0,316,46,0,362,12,323,46,0,381,11,0,11,392
04/22/2016,BET,AK,AAL,WE,Federal Contract Tower,9,9,1,2,21,0,307,68,0,375,9,316,69,2,396,2,0,2,398
04/23/2016,BET,AK,AAL,WE,Federal Contract Tower,8,4,1,0,13,0,240,55,0,295,8,244,56,0,308,5,0,5,313
04/24/2016,BET,AK,AAL,WE,Federal Contract Tower,4,3,0,0,7,0,180,30,0,210,4,183,30,0,217,8,0,8,225
04/25/2016,BET,AK,AAL,WE,Federal Contract Tower,8,8,0,0,16,0,231,47,0,278,8,239,47,0,294,2,0,2,296
04/26/2016,BET,AK,AAL,WE,Federal Contract Tower,6,3,6,1,16,0,255,53,1,309,6,258,59,2,325,5,0,5,330
04/27/2016,BET,AK,AAL,WE,Federal Contract Tower,10,4,0,0,14,0,212,39,0,251,10,216,39,0,265,2,0,2,267
04/28/2016,BET,AK,AAL,WE,Federal Contract Tower,8,4,0,2,14,0,212,58,0,270,8,216,58,2,284,4,0,4,288
04/29/2016,BET,AK,AAL,WE,Federal Contract Tower,7,5,2,0,14,0,253,54,0,307,7,258,56,0,321,14,0,14,335
04/30/2016,BET,AK,AAL,WE,Federal Contract Tower,8,3,0,0,11,0,202,24,0,226,8,205,24,0,237,0,0,0,237
05/01/2016,BET,AK,AAL,WE,Federal Contract Tower,4,4,0,0,8,0,152,26,0,178,4,156,26,0,186,6,0,6,192
05/02/2016,BET,AK,AAL,WE,Federal Contract Tower,8,14,0,0,22,0,154,27,0,181,8,168,27,0,203,8,0,8,211
05/03/2016,BET,AK,AAL,WE,Federal Contract Tower,7,48,1,0,56,0,146,26,0,172,7,194,27,0,228,0,0,0,228
05/04/2016,BET,AK,AAL,WE,Federal Contract Tower,8,13,3,0,24,0,171,24,0,195,8,184,27,0,219,0,0,0,219
05/05/2016,BET,AK,AAL,WE,Federal Contract Tower,7,4,0,0,11,0,231,31,0,262,7,235,31,0,273,4,0,4,277
05/06/2016,BET,AK,AAL,WE,Federal Contract Tower,8,3,0,0,11,0,266,41,0,307,8,269,41,0,318,14,0,14,332
05/07/2016,BET,AK,AAL,WE,Federal Contract Tower,8,46,2,0,56,0,111,12,0,123,8,157,14,0,179,0,0,0,179
05/08/2016,BET,AK,AAL,WE,Federal Contract Tower,4,11,0,0,15,0,120,10,0,130,4,131,10,0,145,0,0,0,145
05/09/2016,BET,AK,AAL,WE,Federal Contract Tower,9,13,0,2,24,0,205,19,0,224,9,218,19,2,248,0,0,0,248
05/10/2016,BET,AK,AAL,WE,Federal Contract Tower,10,13,3,0,26,0,239,14,0,253,10,252,17,0,279,0,0,0,279
05/11/2016,BET,AK,AAL,WE,Federal Contract Tower,13,9,2,2,26,0,255,25,1,281,13,264,27,3,307,4,0,4,311
05/12/2016,BET,AK,AAL,WE,Federal Contract Tower,17,48,12,0,77,0,199,26,2,227,17,247,38,2,304,1,0,1,305
05/13/2016,BET,AK,AAL,WE,Federal Contract Tower,8,28,2,0,38,0,261,41,0,302,8,289,43,0,340,0,0,0,340
05/14/2016,BET,AK,AAL,WE,Federal Contract Tower,10,6,1,0,17,1,225,17,0,243,11,231,18,0,260,4,0,4,264
05/15/2016,BET,AK,AAL,WE,Federal Contract Tower,4,3,0,0,7,0,151,24,1,176,4,154,24,1,183,20,2,22,205
05/16/2016,BET,AK,AAL,WE,Federal Contract Tower,10,6,0,0,16,0,212,24,0,236,10,218,24,0,252,0,0,0,252
05/17/2016,BET,AK,AAL,WE,Federal Contract Tower,7,6,3,0,16,1,239,24,0,264,8,245,27,0,280,10,0,10,290
05/18/2016,BET,AK,AAL,WE,Federal Contract Tower,11,45,3,0,59,0,228,15,0,243,11,273,18,0,302,5,0,5,307
05/19/2016,BET,AK,AAL,WE,Federal Contract Tower,11,8,2,0,21,0,294,43,0,337,11,302,45,0,358,12,0,12,370
05/20/2016,BET,AK,AAL,WE,Federal Contract Tower,13,11,1,0,25,0,272,26,0,298,13,283,27,0,323,4,0,4,327
05/21/2016,BET,AK,AAL,WE,Federal Contract Tower,9,7,1,0,17,0,207,26,0,233,9,214,27,0,250,2,0,2,252
05/22/2016,BET,AK,AAL,WE,Federal Contract Tower,4,22,0,0,26,0,126,12,0,138,4,148,12,0,164,6,0,6,170
05/23/2016,BET,AK,AAL,WE,Federal Contract Tower,8,37,7,0,52,0,179,25,0,204,8,216,32,0,256,2,0,2,258
05/24/2016,BET,AK,AAL,WE,Federal Contract Tower,8,6,4,0,18,0,253,28,0,281,8,259,32,0,299,8,0,8,307
05/25/2016,BET,AK,AAL,WE,Federal Contract Tower,12,31,3,0,46,0,215,8,0,223,12,246,11,0,269,1,0,1,270
05/26/2016,BET,AK,AAL,WE,Federal Contract Tower,8,15,4,2,29,0,272,33,0,305,8,287,37,2,334,3,0,3,337
05/27/2016,BET,AK,AAL,WE,Federal Contract Tower,6,10,3,0,19,0,236,35,0,271,6,246,38,0,290,10,0,10,300
05/28/2016,BET,AK,AAL,WE,Federal Contract Tower,5,2,4,0,11,0,165,43,0,208,5,167,47,0,219,0,0,0,219
05/29/2016,BET,AK,AAL,WE,Federal Contract Tower,2,7,0,0,9,0,77,15,0,92,2,84,15,0,101,4,0,4,105
05/30/2016,BET,AK,AAL,WE,Federal Contract Tower,6,14,1,0,21,0,64,24,0,88,6,78,25,0,109,17,0,17,126
05/31/2016,BET,AK,AAL,WE,Federal Contract Tower,8,4,2,0,14,0,197,27,0,224,8,201,29,0,238,0,0,0,238
06/01/2016,BET,AK,AAL,WE,Federal Contract Tower,12,7,0,0,19,0,198,31,2,231,12,205,31,2,250,4,0,4,254
06/02/2016,BET,AK,AAL,WE,Federal Contract Tower,11,6,2,0,19,1,238,30,0,269,12,244,32,0,288,6,0,6,294
06/03/2016,BET,AK,AAL,WE,Federal Contract Tower,14,4,2,0,20,0,241,35,3,279,14,245,37,3,299,6,0,6,305
06/04/2016,BET,AK,AAL,WE,Federal Contract Tower,10,3,1,0,14,0,206,36,6,248,10,209,37,6,262,2,0,2,264
06/05/2016,BET,AK,AAL,WE,Federal Contract Tower,4,6,1,0,11,0,128,21,0,149,4,134,22,0,160,0,0,0,160
06/06/2016,BET,AK,AAL,WE,Federal Contract Tower,10,5,7,0,22,0,233,20,1,254,10,238,27,1,276,1,0,1,277
06/07/2016,BET,AK,AAL,WE,Federal Contract Tower,7,4,0,2,13,0,225,14,5,244,7,229,14,7,257,0,0,0,257
06/08/2016,BET,AK,AAL,WE,Federal Contract Tower,5,9,0,0,14,0,234,19,0,253,5,243,19,0,267,2,0,2,269
06/09/2016,BET,AK,AAL,WE,Federal Contract Tower,8,30,1,0,39,1,177,14,0,192,9,207,15,0,231,10,0,10,241
06/10/2016,BET,AK,AAL,WE,Federal Contract Tower,8,13,0,0,21,0,203,6,0,209,8,216,6,0,230,0,0,0,230
06/11/2016,BET,AK,AAL,WE,Federal Contract Tower,12,21,2,0,35,0,177,22,0,199,12,198,24,0,234,0,0,0,234
06/12/2016,BET,AK,AAL,WE,Federal Contract Tower,4,7,1,1,13,0,110,4,0,114,4,117,5,1,127,0,0,0,127
06/13/2016,BET,AK,AAL,WE,Federal Contract Tower,9,7,1,0,17,0,223,17,0,240,9,230,18,0,257,0,0,0,257
06/14/2016,BET,AK,AAL,WE,Federal Contract Tower,8,23,0,0,31,0,209,20,1,230,8,232,20,1,261,0,0,0,261
06/15/2016,BET,AK,AAL,WE,Federal Contract Tower,8,10,0,2,20,0,246,29,2,277,8,256,29,4,297,6,0,6,303
06/16/2016,BET,AK,AAL,WE,Federal Contract Tower,11,8,1,0,20,0,207,27,2,236,11,215,28,2,256,10,0,10,266
06/17/2016,BET,AK,AAL,WE,Federal Contract Tower,6,24,2,0,32,0,211,17,2,230,6,235,19,2,262,2,0,2,264
06/18/2016,BET,AK,AAL,WE,Federal Contract Tower,10,50,5,0,65,0,124,10,0,134,10,174,15,0,199,0,0,0,199
06/19/2016,BET,AK,AAL,WE,Federal Contract Tower,6,27,1,0,34,0,105,7,0,112,6,132,8,0,146,0,0,0,146
06/20/2016,BET,AK,AAL,WE,Federal Contract Tower,9,13,3,0,25,0,209,19,1,229,9,222,22,1,254,0,0,0,254
06/21/2016,BET,AK,AAL,WE,Federal Contract Tower,10,10,1,0,21,1,263,25,0,289,11,273,26,0,310,2,0,2,312
06/22/2016,BET,AK,AAL,WE,Federal Contract Tower,9,19,0,4,32,0,233,14,0,247,9,252,14,4,279,0,0,0,279
06/23/2016,BET,AK,AAL,WE,Federal Contract Tower,8,59,2,1,70,0,186,5,0,191,8,245,7,1,261,0,0,0,261
06/24/2016,BET,AK,AAL,WE,Federal Contract Tower,8,17,4,0,29,0,219,20,0,239,8,236,24,0,268,0,0,0,268
06/25/2016,BET,AK,AAL,WE,Federal Contract Tower,10,3,0,0,13,0,175,26,0,201,10,178,26,0,214,3,0,3,217
06/26/2016,BET,AK,AAL,WE,Federal Contract Tower,4,5,0,0,9,0,96,24,0,120,4,101,24,0,129,4,0,4,133
06/27/2016,BET,AK,AAL,WE,Federal Contract Tower,9,13,1,0,23,0,175,16,0,191,9,188,17,0,214,1,0,1,215
06/28/2016,BET,AK,AAL,WE,Federal Contract Tower,8,33,2,0,43,0,188,18,0,206,8,221,20,0,249,0,0,0,249
06/29/2016,BET,AK,AAL,WE,Federal Contract Tower,10,8,3,0,21,1,223,16,0,240,11,231,19,0,261,0,0,0,261
06/30/2016,BET,AK,AAL,WE,Federal Contract Tower,10,15,3,0,28,0,217,26,0,243,10,232,29,0,271,0,0,0,271
07/01/2016,BET,AK,AAL,WE,Federal Contract Tower,10,11,2,0,23,0,241,19,0,260,10,252,21,0,283,10,0,10,293
07/02/2016,BET,AK,AAL,WE,Federal Contract Tower,11,5,3,0,19,0,193,26,0,219,11,198,29,0,238,0,0,0,238
07/03/2016,BET,AK,AAL,WE,Federal Contract Tower,2,6,0,0,8,0,129,14,0,143,2,135,14,0,151,0,0,0,151
07/04/2016,BET,AK,AAL,WE,Federal Contract Tower,4,4,4,0,12,0,7,13,0,20,4,11,17,0,32,0,0,0,32
07/05/2016,BET,AK,AAL,WE,Federal Contract Tower,7,38,2,0,47,0,192,8,0,200,7,230,10,0,247,0,0,0,247
07/06/2016,BET,AK,AAL,WE,Federal Contract Tower,11,27,1,0,39,0,190,5,0,195,11,217,6,0,234,3,0,3,237
07/07/2016,BET,AK,AAL,WE,Federal Contract Tower,11,11,2,0,24,0,213,4,0,217,11,224,6,0,241,8,0,8,249
07/08/2016,BET,AK,AAL,WE,Federal Contract Tower,10,8,0,0,18,0,236,22,0,258,10,244,22,0,276,0,0,0,276
07/09/2016,BET,AK,AAL,WE,Federal Contract Tower,10,18,4,0,32,0,167,27,0,194,10,185,31,0,226,0,0,0,226
07/10/2016,BET,AK,AAL,WE,Federal Contract Tower,4,6,2,0,12,0,120,14,0,134,4,126,16,0,146,2,0,2,148
07/11/2016,BET,AK,AAL,WE,Federal Contract Tower,11,8,0,0,19,0,216,19,0,235,11,224,19,0,254,9,0,9,263
07/12/2016,BET,AK,AAL,WE,Federal Contract Tower,8,6,3,0,17,0,236,22,0,258,8,242,25,0,275,0,0,0,275
07/13/2016,BET,AK,AAL,WE,Federal Contract Tower,7,19,4,2,32,0,227,14,0,241,7,246,18,2,273,2,0,2,275
07/14/2016,BET,AK,AAL,WE,Federal Contract Tower,7,13,3,0,23,1,216,17,0,234,8,229,20,0,257,2,0,2,259
07/15/2016,BET,AK,AAL,WE,Federal Contract Tower,10,9,4,0,23,0,231,28,0,259,10,240,32,0,282,0,0,0,282
07/16/2016,BET,AK,AAL,WE,Federal Contract Tower,8,6,2,0,16,0,175,23,0,198,8,181,25,0,214,1,0,1,215
07/17/2016,BET,AK,AAL,WE,Federal Contract Tower,3,6,3,0,12,0,125,16,0,141,3,131,19,0,153,13,0,13,166
07/18/2016,BET,AK,AAL,WE,Federal Contract Tower,14,17,7,0,38,0,215,14,0,229,14,232,21,0,267,0,0,0,267
07/19/2016,BET,AK,AAL,WE,Federal Contract Tower,10,36,2,0,48,0,181,9,0,190,10,217,11,0,238,0,0,0,238
07/20/2016,BET,AK,AAL,WE,Federal Contract Tower,7,59,2,0,68,0,122,7,0,129,7,181,9,0,197,0,0,0,197
07/21/2016,BET,AK,AAL,WE,Federal Contract Tower,9,28,1,0,38,0,251,15,0,266,9,279,16,0,304,2,0,2,306
07/22/2016,BET,AK,AAL,WE,Federal Contract Tower,14,48,3,0,65,0,210,29,0,239,14,258,32,0,304,5,0,5,309
07/23/2016,BET,AK,AAL,WE,Federal Contract Tower,10,91,7,0,108,0,72,6,0,78,10,163,13,0,186,0,0,0,186
07/24/2016,BET,AK,AAL,WE,Federal Contract Tower,3,11,5,0,19,1,121,25,0,147,4,132,30,0,166,2,0,2,168
07/25/2016,BET,AK,AAL,WE,Federal Contract Tower,11,8,2,0,21,0,218,30,0,248,11,226,32,0,269,8,0,8,277
07/26/2016,BET,AK,AAL,WE,Federal Contract Tower,9,13,1,0,23,0,230,18,1,249,9,243,19,1,272,12,0,12,284
07/27/2016,BET,AK,AAL,WE,Federal Contract Tower,13,39,6,0,58,0,211,6,0,217,13,250,12,0,275,6,0,6,281
07/28/2016,BET,AK,AAL,WE,Federal Contract Tower,10,45,5,0,60,0,183,8,0,191,10,228,13,0,251,0,0,0,251
07/29/2016,BET,AK,AAL,WE,Federal Contract Tower,8,58,1,0,67,0,165,14,0,179,8,223,15,0,246,2,0,2,248
07/30/2016,BET,AK,AAL,WE,Federal Contract Tower,8,90,17,0,115,0,12,1,0,13,8,102,18,0,128,2,0,2,130
07/31/2016,BET,AK,AAL,WE,Federal Contract Tower,4,8,5,0,17,0,136,29,0,165,4,144,34,0,182,0,0,0,182
08/01/2016,BET,AK,AAL,WE,Federal Contract Tower,12,12,2,0,26,0,228,21,0,249,12,240,23,0,275,0,0,0,275
08/02/2016,BET,AK,AAL,WE,Federal Contract Tower,9,14,3,0,26,1,233,31,0,265,10,247,34,0,291,2,0,2,293
08/03/2016,BET,AK,AAL,WE,Federal Contract Tower,9,11,2,0,22,0,275,18,0,293,9,286,20,0,315,0,0,0,315
08/04/2016,BET,AK,AAL,WE,Federal Contract Tower,11,109,4,0,124,0,153,8,0,161,11,262,12,0,285,2,0,2,287
08/05/2016,BET,AK,AAL,WE,Federal Contract Tower,8,33,10,0,51,0,245,23,0,268,8,278,33,0,319,0,0,0,319
08/06/2016,BET,AK,AAL,WE,Federal Contract Tower,6,8,0,0,14,0,198,20,0,218,6,206,20,0,232,0,0,0,232
08/07/2016,BET,AK,AAL,WE,Federal Contract Tower,4,17,0,2,23,0,123,17,2,142,4,140,17,4,165,0,0,0,165
08/08/2016,BET,AK,AAL,WE,Federal Contract Tower,9,55,10,0,74,0,159,11,0,170,9,214,21,0,244,0,0,0,244
08/09/2016,BET,AK,AAL,WE,Federal Contract Tower,7,37,7,0,51,1,203,34,0,238,8,240,41,0,289,4,0,4,293
08/10/2016,BET,AK,AAL,WE,Federal Contract Tower,13,28,2,0,43,0,243,13,0,256,13,271,15,0,299,0,0,0,299
08/11/2016,BET,AK,AAL,WE,Federal Contract Tower,12,12,2,0,26,0,242,19,0,261,12,254,21,0,287,0,0,0,287
08/12/2016,BET,AK,AAL,WE,Federal Contract Tower,12,11,1,0,24,1,250,32,0,283,13,261,33,0,307,4,0,4,311
08/13/2016,BET,AK,AAL,WE,Federal Contract Tower,6,5,2,0,13,0,208,19,0,227,6,213,21,0,240,5,0,5,245
08/14/2016,BET,AK,AAL,WE,Federal Contract Tower,1,7,1,0,9,1,120,14,0,135,2,127,15,0,144,0,0,0,144
08/15/2016,BET,AK,AAL,WE,Federal Contract Tower,11,35,0,0,46,0,183,26,0,209,11,218,26,0,255,4,0,4,259
08/16/2016,BET,AK,AAL,WE,Federal Contract Tower,9,36,9,0,54,0,209,24,1,234,9,245,33,1,288,0,0,0,288
08/17/2016,BET,AK,AAL,WE,Federal Contract Tower,10,11,2,0,23,0,282,17,4,303,10,293,19,4,326,18,0,18,344
08/18/2016,BET,AK,AAL,WE,Federal Contract Tower,10,10,5,0,25,0,237,19,1,257,10,247,24,1,282,6,0,6,288
08/19/2016,BET,AK,AAL,WE,Federal Contract Tower,12,56,3,0,71,0,194,17,0,211,12,250,20,0,282,0,0,0,282
08/20/2016,BET,AK,AAL,WE,Federal Contract Tower,9,102,11,0,122,0,31,4,0,35,9,133,15,0,157,2,0,2,159
08/21/2016,BET,AK,AAL,WE,Federal Contract Tower,6,31,6,0,43,0,89,15,0,104,6,120,21,0,147,12,0,12,159
08/22/2016,BET,AK,AAL,WE,Federal Contract Tower,8,24,2,0,34,0,217,9,0,226,8,241,11,0,260,0,0,0,260
08/23/2016,BET,AK,AAL,WE,Federal Contract Tower,8,54,1,0,63,0,162,12,0,174,8,216,13,0,237,0,0,0,237
08/24/2016,BET,AK,AAL,WE,Federal Contract Tower,7,49,5,0,61,1,218,12,0,231,8,267,17,0,292,2,0,2,294
08/25/2016,BET,AK,AAL,WE,Federal Contract Tower,12,33,1,0,46,0,180,12,0,192,12,213,13,0,238,2,0,2,240
08/26/2016,BET,AK,AAL,WE,Federal Contract Tower,7,10,2,0,19,0,264,37,0,301,7,274,39,0,320,0,0,0,320
08/27/2016,BET,AK,AAL,WE,Federal Contract Tower,6,7,12,0,25,0,194,31,0,225,6,201,43,0,250,0,0,0,250
08/28/2016,BET,AK,AAL,WE,Federal Contract Tower,6,3,0,0,9,0,124,25,0,149,6,127,25,0,158,9,0,9,167
08/29/2016,BET,AK,AAL,WE,Federal Contract Tower,11,5,2,0,18,0,218,25,2,245,11,223,27,2,263,0,0,0,263
08/30/2016,BET,AK,AAL,WE,Federal Contract Tower,10,5,1,0,16,0,316,28,0,344,10,321,29,0,360,10,1,11,371
08/31/2016,BET,AK,AAL,WE,Federal Contract Tower,5,19,4,0,28,0,199,17,2,218,5,218,21,2,246,0,0,0,246
09/01/2016,BET,AK,AAL,WE,Federal Contract Tower,10,11,0,0,21,0,240,14,0,254,10,251,14,0,275,16,0,16,291
09/02/2016,BET,AK,AAL,WE,Federal Contract Tower,10,15,15,0,40,0,322,26,0,348,10,337,41,0,388,0,0,0,388
09/03/2016,BET,AK,AAL,WE,Federal Contract Tower,6,4,1,0,11,0,189,28,0,217,6,193,29,0,228,0,0,0,228
09/04/2016,BET,AK,AAL,WE,Federal Contract Tower,2,5,0,0,7,0,118,14,0,132,2,123,14,0,139,0,0,0,139
09/05/2016,BET,AK,AAL,WE,Federal Contract Tower,6,2,0,0,8,0,198,7,0,205,6,200,7,0,213,6,0,6,219
09/06/2016,BET,AK,AAL,WE,Federal Contract Tower,10,6,2,0,18,0,246,10,0,256,10,252,12,0,274,0,0,0,274
09/07/2016,BET,AK,AAL,WE,Federal Contract Tower,8,21,0,0,29,0,180,4,0,184,8,201,4,0,213,6,0,6,219
09/09/2016,BET,AK,AAL,WE,Federal Contract Tower,8,26,3,0,37,0,213,12,0,225,8,239,15,0,262,0,0,0,262
09/10/2016,BET,AK,AAL,WE,Federal Contract Tower,2,14,2,0,18,0,97,27,0,124,2,111,29,0,142,0,0,0,142
09/11/2016,BET,AK,AAL,WE,Federal Contract Tower,4,25,0,0,29,0,97,14,0,111,4,122,14,0,140,0,0,0,140
09/12/2016,BET,AK,AAL,WE,Federal Contract Tower,9,12,3,0,24,1,171,2,0,174,10,183,5,0,198,0,0,0,198
09/13/2016,BET,AK,AAL,WE,Federal Contract Tower,6,11,2,0,19,0,228,31,0,259,6,239,33,0,278,0,0,0,278
09/14/2016,BET,AK,AAL,WE,Federal Contract Tower,6,17,2,0,25,2,257,7,0,266,8,274,9,0,291,0,0,0,291
09/15/2016,BET,AK,AAL,WE,Federal Contract Tower,9,17,0,0,26,0,265,24,4,293,9,282,24,4,319,10,0,10,329
09/16/2016,BET,AK,AAL,WE,Federal Contract Tower,10,76,6,0,92,0,49,3,0,52,10,125,9,0,144,0,0,0,144
09/17/2016,BET,AK,AAL,WE,Federal Contract Tower,6,49,12,0,67,0,136,16,0,152,6,185,28,0,219,2,0,2,221
09/18/2016,BET,AK,AAL,WE,Federal Contract Tower,4,7,1,0,12,0,174,29,0,203,4,181,30,0,215,6,0,6,221
09/19/2016,BET,AK,AAL,WE,Federal Contract Tower,13,15,3,0,31,0,172,7,0,179,13,187,10,0,210,0,0,0,210
09/20/2016,BET,AK,AAL,WE,Federal Contract Tower,4,10,3,0,17,1,246,19,0,266,5,256,22,0,283,2,0,2,285
09/21/2016,BET,AK,AAL,WE,Federal Contract Tower,10,21,1,0,32,0,260,18,0,278,10,281,19,0,310,0,0,0,310
09/22/2016,BET,AK,AAL,WE,Federal Contract Tower,8,10,0,0,18,1,271,22,0,294,9,281,22,0,312,0,0,0,312
09/23/2016,BET,AK,AAL,WE,Federal Contract Tower,9,10,1,0,20,0,230,22,0,252,9,240,23,0,272,0,0,0,272
09/24/2016,BET,AK,AAL,WE,Federal Contract Tower,8,8,1,0,17,0,218,41,0,259,8,226,42,0,276,0,0,0,276
09/25/2016,BET,AK,AAL,WE,Federal Contract Tower,4,8,0,0,12,0,131,14,0,145,4,139,14,0,157,6,0,6,163
09/26/2016,BET,AK,AAL,WE,Federal Contract Tower,12,13,5,2,32,1,208,25,0,234,13,221,30,2,266,4,0,4,270
09/27/2016,BET,AK,AAL,WE,Federal Contract Tower,12,14,2,0,28,0,266,20,2,288,12,280,22,2,316,6,2,8,324
09/29/2016,BET,AK,AAL,WE,Federal Contract Tower,11,42,8,2,63,0,232,29,0,261,11,274,37,2,324,1,0,1,325
09/30/2016,BET,AK,AAL,WE,Federal Contract Tower,9,8,3,4,24,0,267,41,0,308,9,275,44,4,332,0,0,0,332
10/01/2016,BET,AK,AAL,WE,Federal Contract Tower,14,11,1,0,26,0,101,7,0,108,14,112,8,0,134,28,0,28,162
10/02/2016,BET,AK,AAL,WE,Federal Contract Tower,4,42,5,0,51,0,79,24,0,103,4,121,29,0,154,0,0,0,154
10/03/2016,BET,AK,AAL,WE,Federal Contract Tower,11,8,2,0,21,0,217,34,0,251,11,225,36,0,272,17,0,17,289
10/04/2016,BET,AK,AAL,WE,Federal Contract Tower,12,26,2,0,40,0,291,22,0,313,12,317,24,0,353,10,0,10,363
10/05/2016,BET,AK,AAL,WE,Federal Contract Tower,5,23,0,0,28,2,266,18,0,286,7,289,18,0,314,22,0,22,336
10/06/2016,BET,AK,AAL,WE,Federal Contract Tower,8,13,0,0,21,0,302,43,0,345,8,315,43,0,366,6,0,6,372
10/07/2016,BET,AK,AAL,WE,Federal Contract Tower,11,9,0,0,20,0,239,29,0,268,11,248,29,0,288,22,0,22,310
10/08/2016,BET,AK,AAL,WE,Federal Contract Tower,14,9,1,0,24,1,191,8,0,200,15,200,9,0,224,53,0,53,277
10/09/2016,BET,AK,AAL,WE,Federal Contract Tower,4,7,0,0,11,0,192,13,0,205,4,199,13,0,216,2,0,2,218
10/10/2016,BET,AK,AAL,WE,Federal Contract Tower,8,10,2,0,20,0,262,26,0,288,8,272,28,0,308,42,0,42,350
10/11/2016,BET,AK,AAL,WE,Federal Contract Tower,8,11,3,0,22,0,274,16,0,290,8,285,19,0,312,27,0,27,339
10/12/2016,BET,AK,AAL,WE,Federal Contract Tower,6,8,0,0,14,0,277,26,0,303,6,285,26,0,317,30,0,30,347
10/13/2016,BET,AK,AAL,WE,Federal Contract Tower,11,8,0,0,19,0,300,44,0,344,11,308,44,0,363,18,0,18,381
10/14/2016,BET,AK,AAL,WE,Federal Contract Tower,10,8,2,0,20,0,307,48,0,355,10,315,50,0,375,2,0,2,377
10/15/2016,BET,AK,AAL,WE,Federal Contract Tower,5,6,0,0,11,0,224,21,0,245,5,230,21,0,256,18,0,18,274
10/16/2016,BET,AK,AAL,WE,Federal Contract Tower,5,4,2,0,11,0,183,37,0,220,5,187,39,0,231,0,0,0,231
10/17/2016,BET,AK,AAL,WE,Federal Contract Tower,8,6,1,0,15,207,27,0,0,234,215,33,1,0,249,18,0,18,267
10/18/2016,BET,AK,AAL,WE,Federal Contract Tower,8,8,1,0,17,0,291,39,0,330,8,299,40,0,347,52,0,52,399
10/19/2016,BET,AK,AAL,WE,Federal Contract Tower,6,13,2,0,21,0,313,34,0,347,6,326,36,0,368,34,0,34,402
10/20/2016,BET,AK,AAL,WE,Federal Contract Tower,10,11,0,0,21,1,301,54,0,356,11,312,54,0,377,0,0,0,377
10/21/2016,BET,AK,AAL,WE,Federal Contract Tower,9,9,0,0,18,0,282,50,0,332,9,291,50,0,350,4,0,4,354
10/22/2016,BET,AK,AAL,WE,Federal Contract Tower,5,10,0,0,15,0,232,49,0,281,5,242,49,0,296,4,0,4,300
10/23/2016,BET,AK,AAL,WE,Federal Contract Tower,5,11,0,0,16,0,183,53,1,237,5,194,53,1,253,2,0,2,255
10/24/2016,BET,AK,AAL,WE,Federal Contract Tower,13,69,0,1,83,0,91,26,0,117,13,160,26,1,200,0,0,0,200
10/25/2016,BET,AK,AAL,WE,Federal Contract Tower,10,24,0,0,34,0,184,68,0,252,10,208,68,0,286,0,2,2,288
10/26/2016,BET,AK,AAL,WE,Federal Contract Tower,9,16,2,0,27,0,300,58,0,358,9,316,60,0,385,0,0,0,385
10/27/2016,BET,AK,AAL,WE,Federal Contract Tower,8,33,0,0,41,0,98,23,0,121,8,131,23,0,162,2,0,2,164
10/28/2016,BET,AK,AAL,WE,Federal Contract Tower,9,14,1,0,24,0,186,69,0,255,9,200,70,0,279,10,0,10,289
10/29/2016,BET,AK,AAL,WE,Federal Contract Tower,11,13,2,0,26,0,264,42,0,306,11,277,44,0,332,6,0,6,338
10/30/2016,BET,AK,AAL,WE,Federal Contract Tower,5,4,0,0,9,0,148,21,0,169,5,152,21,0,178,6,0,6,184
10/31/2016,BET,AK,AAL,WE,Federal Contract Tower,7,8,0,0,15,0,212,42,1,255,7,220,42,1,270,0,0,0,270
11/01/2016,BET,AK,AAL,WE,Federal Contract Tower,5,8,0,0,13,0,323,63,2,388,5,331,63,2,401,6,0,6,407
11/02/2016,BET,AK,AAL,WE,Federal Contract Tower,7,9,0,0,16,0,254,39,1,294,7,263,39,1,310,4,0,4,314
11/03/2016,BET,AK,AAL,WE,Federal Contract Tower,7,10,2,0,19,0,286,50,0,336,7,296,52,0,355,13,0,13,368
11/04/2016,BET,AK,AAL,WE,Federal Contract Tower,8,5,0,0,13,0,356,53,0,409,8,361,53,0,422,8,0,8,430
11/05/2016,BET,AK,AAL,WE,Federal Contract Tower,2,117,18,0,137,0,57,25,0,82,2,174,43,0,219,2,0,2,221
11/06/2016,BET,AK,AAL,WE,Federal Contract Tower,3,95,15,0,113,0,35,13,0,48,3,130,28,0,161,0,0,0,161
11/07/2016,BET,AK,AAL,WE,Federal Contract Tower,10,106,0,0,116,0,18,0,0,18,10,124,0,0,134,0,0,0,134
11/08/2016,BET,AK,AAL,WE,Federal Contract Tower,8,34,2,0,44,0,282,38,0,320,8,316,40,0,364,6,0,6,370
11/09/2016,BET,AK,AAL,WE,Federal Contract Tower,6,8,0,0,14,0,285,49,0,334,6,293,49,0,348,4,0,4,352
11/10/2016,BET,AK,AAL,WE,Federal Contract Tower,9,12,0,0,21,0,266,52,0,318,9,278,52,0,339,0,0,0,339
11/11/2016,BET,AK,AAL,WE,Federal Contract Tower,8,31,4,0,43,0,236,34,0,270,8,267,38,0,313,4,0,4,317
11/12/2016,BET,AK,AAL,WE,Federal Contract Tower,5,14,0,0,19,0,220,47,0,267,5,234,47,0,286,0,0,0,286
11/13/2016,BET,AK,AAL,WE,Federal Contract Tower,4,34,7,0,45,0,77,16,0,93,4,111,23,0,138,2,0,2,140
11/14/2016,BET,AK,AAL,WE,Federal Contract Tower,6,70,2,0,78,0,104,7,0,111,6,174,9,0,189,9,0,9,198
11/15/2016,BET,AK,AAL,WE,Federal Contract Tower,6,8,0,0,14,0,366,51,0,417,6,374,51,0,431,4,0,4,435
11/16/2016,BET,AK,AAL,WE,Federal Contract Tower,6,11,0,0,17,1,320,28,1,350,7,331,28,1,367,0,0,0,367
11/17/2016,BET,AK,AAL,WE,Federal Contract Tower,5,21,0,2,28,0,324,23,2,349,5,345,23,4,377,10,1,11,388
11/18/2016,BET,AK,AAL,WE,Federal Contract Tower,6,21,0,0,27,0,288,27,2,317,6,309,27,2,344,12,0,12,356
11/19/2016,BET,AK,AAL,WE,Federal Contract Tower,6,55,3,0,64,0,0,0,0,0,6,55,3,0,64,0,0,0,64
11/20/2016,BET,AK,AAL,WE,Federal Contract Tower,4,26,1,0,31,0,210,19,0,229,4,236,20,0,260,4,0,4,264
11/21/2016,BET,AK,AAL,WE,Federal Contract Tower,14,34,4,0,52,0,38,3,0,41,14,72,7,0,93,0,0,0,93
11/22/2016,BET,AK,AAL,WE,Federal Contract Tower,9,43,0,0,52,0,283,64,1,348,9,326,64,1,400,2,0,2,402
11/23/2016,BET,AK,AAL,WE,Federal Contract Tower,5,42,0,0,47,0,282,69,0,351,5,324,69,0,398,0,0,0,398
11/24/2016,BET,AK,AAL,WE,Federal Contract Tower,0,4,0,0,4,0,3,4,0,7,0,7,4,0,11,28,0,28,39
11/25/2016,BET,AK,AAL,WE,Federal Contract Tower,8,86,9,0,103,0,44,4,0,48,8,130,13,0,151,0,0,0,151
11/26/2016,BET,AK,AAL,WE,Federal Contract Tower,5,82,1,0,88,0,2,0,0,2,5,84,1,0,90,0,0,0,90
11/27/2016,BET,AK,AAL,WE,Federal Contract Tower,2,38,0,0,40,0,162,10,0,172,2,200,10,0,212,2,0,2,214
11/28/2016,BET,AK,AAL,WE,Federal Contract Tower,9,35,0,0,44,0,269,18,0,287,9,304,18,0,331,0,0,0,331
11/29/2016,BET,AK,AAL,WE,Federal Contract Tower,5,33,0,0,38,0,268,17,0,285,5,301,17,0,323,2,0,2,325
11/30/2016,BET,AK,AAL,WE,Federal Contract Tower,7,29,0,0,36,0,187,8,0,195,7,216,8,0,231,3,0,3,234
12/01/2016,BET,AK,AAL,WE,Federal Contract Tower,10,30,2,0,42,0,297,7,0,304,10,327,9,0,346,0,0,0,346
12/02/2016,BET,AK,AAL,WE,Federal Contract Tower,6,70,6,2,84,0,13,0,0,13,6,83,6,2,97,0,0,0,97
12/03/2016,BET,AK,AAL,WE,Federal Contract Tower,5,27,0,0,32,0,350,11,1,362,5,377,11,1,394,6,0,6,400
12/04/2016,BET,AK,AAL,WE,Federal Contract Tower,2,22,1,0,25,0,177,12,0,189,2,199,13,0,214,2,0,2,216
12/05/2016,BET,AK,AAL,WE,Federal Contract Tower,5,36,0,0,41,0,166,16,0,182,5,202,16,0,223,0,0,0,223
12/06/2016,BET,AK,AAL,WE,Federal Contract Tower,5,61,0,2,68,0,86,2,0,88,5,147,2,2,156,2,0,2,158
12/07/2016,BET,AK,AAL,WE,Federal Contract Tower,9,12,0,1,22,1,239,8,1,249,10,251,8,2,271,0,0,0,271
12/08/2016,BET,AK,AAL,WE,Federal Contract Tower,7,13,0,0,20,0,281,10,1,292,7,294,10,1,312,2,0,2,314
12/09/2016,BET,AK,AAL,WE,Federal Contract Tower,7,9,0,0,16,0,232,7,0,239,7,241,7,0,255,0,0,0,255
12/10/2016,BET,AK,AAL,WE,Federal Contract Tower,4,4,0,0,8,1,229,7,0,237,5,233,7,0,245,0,0,0,245
12/11/2016,BET,AK,AAL,WE,Federal Contract Tower,2,13,0,0,15,0,131,13,0,144,2,144,13,0,159,0,0,0,159
12/12/2016,BET,AK,AAL,WE,Federal Contract Tower,5,12,0,0,17,0,186,9,1,196,5,198,9,1,213,2,0,2,215
12/13/2016,BET,AK,AAL,WE,Federal Contract Tower,6,15,0,0,21,0,217,2,2,221,6,232,2,2,242,8,0,8,250
12/14/2016,BET,AK,AAL,WE,Federal Contract Tower,13,11,0,0,24,0,61,5,0,66,13,72,5,0,90,0,0,0,90
12/15/2016,BET,AK,AAL,WE,Federal Contract Tower,8,18,0,0,26,0,231,12,0,243,8,249,12,0,269,0,0,0,269
12/16/2016,BET,AK,AAL,WE,Federal Contract Tower,11,28,0,0,39,0,214,5,0,219,11,242,5,0,258,0,0,0,258
12/17/2016,BET,AK,AAL,WE,Federal Contract Tower,4,40,2,0,46,0,104,5,0,109,4,144,7,0,155,0,0,0,155
12/18/2016,BET,AK,AAL,WE,Federal Contract Tower,2,3,0,0,5,0,168,7,0,175,2,171,7,0,180,0,0,0,180
12/19/2016,BET,AK,AAL,WE,Federal Contract Tower,8,41,6,0,55,0,162,8,0,170,8,203,14,0,225,6,0,6,231
12/20/2016,BET,AK,AAL,WE,Federal Contract Tower,5,16,1,0,22,0,252,12,0,264,5,268,13,0,286,5,0,5,291
12/21/2016,BET,AK,AAL,WE,Federal Contract Tower,8,31,1,1,41,0,258,21,0,279,8,289,22,1,320,0,0,0,320
12/22/2016,BET,AK,AAL,WE,Federal Contract Tower,10,14,1,0,25,0,167,16,0,183,10,181,17,0,208,0,0,0,208
12/23/2016,BET,AK,AAL,WE,Federal Contract Tower,8,15,0,0,23,0,182,16,0,198,8,197,16,0,221,0,0,0,221
12/24/2016,BET,AK,AAL,WE,Federal Contract Tower,7,15,1,0,23,0,109,1,0,110,7,124,2,0,133,0,0,0,133
12/25/2016,BET,AK,AAL,WE,Federal Contract Tower,0,1,0,0,1,0,3,0,0,3,0,4,0,0,4,0,0,0,4
12/26/2016,BET,AK,AAL,WE,Federal Contract Tower,9,16,0,0,25,0,0,0,0,0,9,16,0,0,25,0,0,0,25
12/27/2016,BET,AK,AAL,WE,Federal Contract Tower,6,33,4,0,43,0,4,1,0,5,6,37,5,0,48,0,0,0,48
12/28/2016,BET,AK,AAL,WE,Federal Contract Tower,6,15,0,0,21,0,223,13,0,236,6,238,13,0,257,0,0,0,257
12/29/2016,BET,AK,AAL,WE,Federal Contract Tower,5,0,0,0,5,0,1,0,0,1,5,1,0,0,6,0,0,0,6
12/30/2016,BET,AK,AAL,WE,Federal Contract Tower,7,13,0,0,20,0,193,6,0,199,7,206,6,0,219,0,0,0,219
12/31/2016,BET,AK,AAL,WE,Federal Contract Tower,6,10,0,0,16,0,60,2,0,62,6,70,2,0,78,0,0,0,78
01/01/2017,BET,AK,AAL,WE,Federal Contract Tower,2,2,0,0,4,0,3,0,0,3,2,5,0,0,7,0,0,0,7
01/02/2017,BET,AK,AAL,WE,Federal Contract Tower,4,13,0,0,17,0,103,0,0,103,4,116,0,0,120,6,0,6,126
01/03/2017,BET,AK,AAL,WE,Federal Contract Tower,7,69,4,0,80,0,48,1,0,49,7,117,5,0,129,6,0,6,135
01/05/2017,BET,AK,AAL,WE,Federal Contract Tower,8,21,0,1,30,0,217,11,0,228,8,238,11,1,258,14,0,14,272
01/06/2017,BET,AK,AAL,WE,Federal Contract Tower,10,10,0,0,20,0,287,21,0,308,10,297,21,0,328,6,0,6,334
01/07/2017,BET,AK,AAL,WE,Federal Contract Tower,9,6,0,0,15,0,239,10,0,249,9,245,10,0,264,3,0,3,267
01/08/2017,BET,AK,AAL,WE,Federal Contract Tower,2,9,0,0,11,0,187,10,0,197,2,196,10,0,208,6,0,6,214
01/09/2017,BET,AK,AAL,WE,Federal Contract Tower,9,6,2,2,19,0,226,8,0,234,9,232,10,2,253,6,0,6,259
01/10/2017,BET,AK,AAL,WE,Federal Contract Tower,8,30,4,0,42,0,143,17,2,162,8,173,21,2,204,6,0,6,210
01/11/2017,BET,AK,AAL,WE,Federal Contract Tower,6,14,0,0,20,0,0,0,0,0,6,14,0,0,20,0,0,0,20
01/12/2017,BET,AK,AAL,WE,Federal Contract Tower,5,19,2,0,26,0,241,18,2,261,5,260,20,2,287,4,0,4,291
01/13/2017,BET,AK,AAL,WE,Federal Contract Tower,9,43,0,0,52,0,168,12,0,180,9,211,12,0,232,8,0,8,240
01/14/2017,BET,AK,AAL,WE,Federal Contract Tower,6,12,0,0,18,0,186,5,0,191,6,198,5,0,209,3,0,3,212
01/15/2017,BET,AK,AAL,WE,Federal Contract Tower,2,8,0,0,10,0,132,5,0,137,2,140,5,0,147,7,0,7,154
01/16/2017,BET,AK,AAL,WE,Federal Contract Tower,7,5,0,0,12,1,170,9,0,180,8,175,9,0,192,4,0,4,196
01/17/2017,BET,AK,AAL,WE,Federal Contract Tower,5,13,1,0,19,0,195,4,0,199,5,208,5,0,218,6,0,6,224
01/18/2017,BET,AK,AAL,WE,Federal Contract Tower,9,16,0,0,25,0,206,8,0,214,9,222,8,0,239,4,0,4,243
01/19/2017,BET,AK,AAL,WE,Federal Contract Tower,7,16,0,0,23,0,0,0,0,0,7,16,0,0,23,0,0,0,23
01/20/2017,BET,AK,AAL,WE,Federal Contract Tower,6,15,0,0,21,0,212,11,2,225,6,227,11,2,246,2,0,2,248
01/21/2017,BET,AK,AAL,WE,Federal Contract Tower,7,3,0,1,11,0,158,3,1,162,7,161,3,2,173,8,0,8,181
01/22/2017,BET,AK,AAL,WE,Federal Contract Tower,2,5,0,2,9,0,126,2,2,130,2,131,2,4,139,0,0,0,139
01/23/2017,BET,AK,AAL,WE,Federal Contract Tower,14,22,1,0,37,0,208,0,0,208,14,230,1,0,245,0,0,0,245
01/24/2017,BET,AK,AAL,WE,Federal Contract Tower,7,49,0,0,56,0,94,0,0,94,7,143,0,0,150,2,0,2,152
01/25/2017,BET,AK,AAL,WE,Federal Contract Tower,9,21,4,0,34,0,235,16,0,251,9,256,20,0,285,3,0,3,288
01/26/2017,BET,AK,AAL,WE,Federal Contract Tower,9,20,0,0,29,0,242,8,0,250,9,262,8,0,279,0,0,0,279
01/27/2017,BET,AK,AAL,WE,Federal Contract Tower,7,11,4,0,22,0,209,10,0,219,7,220,14,0,241,6,0,6,247
01/28/2017,BET,AK,AAL,WE,Federal Contract Tower,5,25,0,0,30,0,127,2,0,129,5,152,2,0,159,4,0,4,163
01/29/2017,BET,AK,AAL,WE,Federal Contract Tower,2,9,0,0,11,0,127,11,1,139,2,136,11,1,150,4,0,4,154
01/30/2017,BET,AK,AAL,WE,Federal Contract Tower,4,34,0,0,38,0,12,0,0,12,4,46,0,0,50,0,0,0,50
01/31/2017,BET,AK,AAL,WE,Federal Contract Tower,6,15,0,0,21,0,78,7,0,85,6,93,7,0,106,4,0,4,110
02/01/2017,BET,AK,AAL,WE,Federal Contract Tower,9,8,0,0,17,0,116,3,0,119,9,124,3,0,136,5,0,5,141
02/03/2017,BET,AK,AAL,WE,Federal Contract Tower,5,10,0,0,15,0,292,21,0,313,5,302,21,0,328,10,0,10,338
02/04/2017,BET,AK,AAL,WE,Federal Contract Tower,11,8,0,0,19,0,226,13,0,239,11,234,13,0,258,2,0,2,260
02/05/2017,BET,AK,AAL,WE,Federal Contract Tower,2,7,0,0,9,0,182,13,0,195,2,189,13,0,204,0,0,0,204
02/06/2017,BET,AK,AAL,WE,Federal Contract Tower,11,14,0,0,25,0,195,6,0,201,11,209,6,0,226,0,0,0,226
02/08/2017,BET,AK,AAL,WE,Federal Contract Tower,8,23,0,0,31,0,197,3,0,200,8,220,3,0,231,0,0,0,231
02/09/2017,BET,AK,AAL,WE,Federal Contract Tower,11,20,0,1,32,0,212,3,0,215,11,232,3,1,247,2,2,4,251
02/10/2017,BET,AK,AAL,WE,Federal Contract Tower,8,10,0,0,18,1,230,1,2,234,9,240,1,2,252,0,0,0,252
02/11/2017,BET,AK,AAL,WE,Federal Contract Tower,4,6,0,0,10,0,182,3,0,185,4,188,3,0,195,4,0,4,199
02/12/2017,BET,AK,AAL,WE,Federal Contract Tower,2,7,0,0,9,0,143,9,2,154,2,150,9,2,163,8,0,8,171
02/13/2017,BET,AK,AAL,WE,Federal Contract Tower,3,0,6,0,9,0,0,0,0,0,3,0,6,0,9,0,0,0,9
02/15/2017,BET,AK,AAL,WE,Federal Contract Tower,6,45,1,0,52,0,122,0,0,122,6,167,1,0,174,0,0,0,174
02/16/2017,BET,AK,AAL,WE,Federal Contract Tower,6,13,1,0,20,0,231,11,0,242,6,244,12,0,262,5,0,5,267
02/17/2017,BET,AK,AAL,WE,Federal Contract Tower,7,18,2,0,27,0,260,15,0,275,7,278,17,0,302,0,0,0,302
02/18/2017,BET,AK,AAL,WE,Federal Contract Tower,9,13,0,0,22,0,208,12,0,220,9,221,12,0,242,4,0,4,246
02/19/2017,BET,AK,AAL,WE,Federal Contract Tower,4,8,0,0,12,0,137,2,0,139,4,145,2,0,151,0,0,0,151
02/20/2017,BET,AK,AAL,WE,Federal Contract Tower,8,19,0,0,27,0,194,2,0,196,8,213,2,0,223,0,0,0,223
02/21/2017,BET,AK,AAL,WE,Federal Contract Tower,5,33,0,0,38,0,100,0,0,100,5,133,0,0,138,0,0,0,138
02/22/2017,BET,AK,AAL,WE,Federal Contract Tower,6,44,1,0,51,0,66,7,0,73,6,110,8,0,124,0,0,0,124
02/23/2017,BET,AK,AAL,WE,Federal Contract Tower,7,10,0,0,17,0,40,2,0,42,7,50,2,0,59,0,0,0,59
02/24/2017,BET,AK,AAL,WE,Federal Contract Tower,11,47,0,0,58,0,167,0,0,167,11,214,0,0,225,0,0,0,225
02/25/2017,BET,AK,AAL,WE,Federal Contract Tower,5,9,0,0,14,0,3,0,0,3,5,12,0,0,17,0,0,0,17
02/26/2017,BET,AK,AAL,WE,Federal Contract Tower,2,50,0,0,52,0,0,0,0,0,2,50,0,0,52,0,0,0,52
02/27/2017,BET,AK,AAL,WE,Federal Contract Tower,10,24,1,0,35,0,178,1,0,179,10,202,2,0,214,2,0,2,216
02/28/2017,BET,AK,AAL,WE,Federal Contract Tower,6,19,0,0,25,0,242,4,0,246,6,261,4,0,271,4,0,4,275
03/01/2017,BET,AK,AAL,WE,Federal Contract Tower,8,12,0,0,20,0,302,9,0,311,8,314,9,0,331,0,0,0,331
03/02/2017,BET,AK,AAL,WE,Federal Contract Tower,11,10,2,0,23,0,240,8,0,248,11,250,10,0,271,0,0,0,271
03/03/2017,BET,AK,AAL,WE,Federal Contract Tower,7,18,1,0,26,0,194,5,0,199,7,212,6,0,225,5,0,5,230
03/04/2017,BET,AK,AAL,WE,Federal Contract Tower,4,50,0,0,54,0,0,0,0,0,4,50,0,0,54,0,0,0,54
03/05/2017,BET,AK,AAL,WE,Federal Contract Tower,2,5,0,0,7,0,195,18,0,213,2,200,18,0,220,2,0,2,222
03/06/2017,BET,AK,AAL,WE,Federal Contract Tower,10,12,1,0,23,0,230,6,0,236,10,242,7,0,259,2,0,2,261
03/07/2017,BET,AK,AAL,WE,Federal Contract Tower,3,9,0,0,12,2,222,8,0,232,5,231,8,0,244,2,0,2,246
03/08/2017,BET,AK,AAL,WE,Federal Contract Tower,5,5,0,0,10,0,219,15,0,234,5,224,15,0,244,0,0,0,244
03/09/2017,BET,AK,AAL,WE,Federal Contract Tower,13,8,0,0,21,0,216,8,0,224,13,224,8,0,245,0,0,0,245
03/10/2017,BET,AK,AAL,WE,Federal Contract Tower,6,6,0,0,12,0,196,19,0,215,6,202,19,0,227,6,0,6,233
03/11/2017,BET,AK,AAL,WE,Federal Contract Tower,6,12,0,0,18,0,184,14,0,198,6,196,14,0,216,0,0,0,216
03/12/2017,BET,AK,AAL,WE,Federal Contract Tower,3,8,0,0,11,0,138,11,0,149,3,146,11,0,160,2,0,2,162
03/13/2017,BET,AK,AAL,WE,Federal Contract Tower,8,5,0,0,13,0,196,17,0,213,8,201,17,0,226,0,0,0,226
03/14/2017,BET,AK,AAL,WE,Federal Contract Tower,11,12,0,0,23,0,228,4,0,232,11,240,4,0,255,0,0,0,255
03/15/2017,BET,AK,AAL,WE,Federal Contract Tower,7,6,0,0,13,0,197,4,0,201,7,203,4,0,214,0,0,0,214
03/16/2017,BET,AK,AAL,WE,Federal Contract Tower,10,9,0,0,19,0,186,6,1,193,10,195,6,1,212,9,0,9,221
03/17/2017,BET,AK,AAL,WE,Federal Contract Tower,5,12,0,0,17,0,200,8,0,208,5,212,8,0,225,6,0,6,231
03/18/2017,BET,AK,AAL,WE,Federal Contract Tower,9,10,0,0,19,0,145,9,0,154,9,155,9,0,173,17,0,17,190
03/19/2017,BET,AK,AAL,WE,Federal Contract Tower,3,4,0,0,7,0,120,15,0,135,3,124,15,0,142,12,0,12,154
03/20/2017,BET,AK,AAL,WE,Federal Contract Tower,12,11,0,0,23,0,179,6,0,185,12,190,6,0,208,8,0,8,216
03/21/2017,BET,AK,AAL,WE,Federal Contract Tower,5,7,1,0,13,0,214,2,0,216,5,221,3,0,229,0,0,0,229
03/22/2017,BET,AK,AAL,WE,Federal Contract Tower,8,8,0,0,16,0,214,4,0,218,8,222,4,0,234,1,0,1,235
03/23/2017,BET,AK,AAL,WE,Federal Contract Tower,7,8,0,0,15,0,213,6,0,219,7,221,6,0,234,0,0,0,234
03/24/2017,BET,AK,AAL,WE,Federal Contract Tower,5,11,0,0,16,0,197,9,0,206,5,208,9,0,222,7,0,7,229
03/25/2017,BET,AK,AAL,WE,Federal Contract Tower,8,6,0,0,14,0,174,9,0,183,8,180,9,0,197,6,0,6,203
03/26/2017,BET,AK,AAL,WE,Federal Contract Tower,4,4,0,0,8,0,101,7,0,108,4,105,7,0,116,0,0,0,116
03/27/2017,BET,AK,AAL,WE,Federal Contract Tower,8,7,0,1,16,0,200,5,2,207,8,207,5,3,223,0,0,0,223
03/28/2017,BET,AK,AAL,WE,Federal Contract Tower,7,11,2,1,21,0,189,8,4,201,7,200,10,5,222,18,0,18,240
03/29/2017,BET,AK,AAL,WE,Federal Contract Tower,6,6,0,0,12,0,188,16,1,205,6,194,16,1,217,9,0,9,226
03/30/2017,BET,AK,AAL,WE,Federal Contract Tower,11,12,0,0,23,0,188,2,0,190,11,200,2,0,213,9,0,9,222
03/31/2017,BET,AK,AAL,WE,Federal Contract Tower,8,27,0,0,35,0,38,4,0,42,8,65,4,0,77,0,0,0,77
04/01/2017,BET,AK,AAL,WE,Federal Contract Tower,13,54,0,0,67,0,58,3,0,61,13,112,3,0,128,0,0,0,128
04/02/2017,BET,AK,AAL,WE,Federal Contract Tower,4,20,0,0,24,0,106,3,0,109,4,126,3,0,133,2,0,2,135
04/03/2017,BET,AK,AAL,WE,Federal Contract Tower,12,21,0,0,33,0,185,6,0,191,12,206,6,0,224,0,0,0,224
04/04/2017,BET,AK,AAL,WE,Federal Contract Tower,10,15,0,0,25,0,206,4,0,210,10,221,4,0,235,6,0,6,241
04/05/2017,BET,AK,AAL,WE,Federal Contract Tower,9,15,0,0,24,1,222,15,0,238,10,237,15,0,262,0,0,0,262
04/06/2017,BET,AK,AAL,WE,Federal Contract Tower,12,39,1,0,52,0,184,3,0,187,12,223,4,0,239,2,0,2,241
04/07/2017,BET,AK,AAL,WE,Federal Contract Tower,15,9,0,0,24,0,246,18,0,264,15,255,18,0,288,0,0,0,288
04/08/2017,BET,AK,AAL,WE,Federal Contract Tower,8,73,7,0,88,0,93,6,0,99,8,166,13,0,187,0,0,0,187
04/09/2017,BET,AK,AAL,WE,Federal Contract Tower,4,11,0,0,15,0,110,16,0,126,4,121,16,0,141,0,0,0,141
04/10/2017,BET,AK,AAL,WE,Federal Contract Tower,10,10,0,0,20,0,252,10,0,262,10,262,10,0,282,12,0,12,294
04/11/2017,BET,AK,AAL,WE,Federal Contract Tower,7,8,0,0,15,1,250,9,0,260,8,258,9,0,275,0,0,0,275
04/12/2017,BET,AK,AAL,WE,Federal Contract Tower,10,7,1,0,18,0,222,21,0,243,10,229,22,0,261,10,0,10,271
04/13/2017,BET,AK,AAL,WE,Federal Contract Tower,8,15,0,0,23,0,217,12,0,229,8,232,12,0,252,0,0,0,252
04/14/2017,BET,AK,AAL,WE,Federal Contract Tower,9,28,0,0,37,0,154,16,0,170,9,182,16,0,207,2,0,2,209
04/15/2017,BET,AK,AAL,WE,Federal Contract Tower,10,9,0,0,19,0,244,16,0,260,10,253,16,0,279,4,0,4,283
04/16/2017,BET,AK,AAL,WE,Federal Contract Tower,4,6,1,0,11,0,140,14,0,154,4,146,15,0,165,14,0,14,179
04/17/2017,BET,AK,AAL,WE,Federal Contract Tower,13,20,0,0,33,0,283,5,0,288,13,303,5,0,321,0,0,0,321
04/18/2017,BET,AK,AAL,WE,Federal Contract Tower,9,9,2,0,20,0,304,8,1,313,9,313,10,1,333,0,0,0,333
04/19/2017,BET,AK,AAL,WE,Federal Contract Tower,10,11,0,0,21,1,279,28,0,308,11,290,28,0,329,6,0,6,335
04/20/2017,BET,AK,AAL,WE,Federal Contract Tower,12,7,0,0,19,1,309,24,0,334,13,316,24,0,353,14,0,14,367
04/21/2017,BET,AK,AAL,WE,Federal Contract Tower,8,10,1,0,19,0,283,19,0,302,8,293,20,0,321,4,0,4,325
04/22/2017,BET,AK,AAL,WE,Federal Contract Tower,5,9,0,0,14,0,250,11,0,261,5,259,11,0,275,7,0,7,282
04/23/2017,BET,AK,AAL,WE,Federal Contract Tower,4,10,0,0,14,0,123,18,3,144,4,133,18,3,158,6,0,6,164
04/24/2017,BET,AK,AAL,WE,Federal Contract Tower,12,13,0,0,25,0,214,8,0,222,12,227,8,0,247,4,0,4,251
04/25/2017,BET,AK,AAL,WE,Federal Contract Tower,9,43,2,0,54,0,211,18,0,229,9,254,20,0,283,0,0,0,283
04/26/2017,BET,AK,AAL,WE,Federal Contract Tower,11,27,2,0,40,0,245,33,0,278,11,272,35,0,318,4,0,4,322
04/27/2017,BET,AK,AAL,WE,Federal Contract Tower,13,23,1,0,37,2,213,18,0,233,15,236,19,0,270,6,0,6,276
04/28/2017,BET,AK,AAL,WE,Federal Contract Tower,8,16,3,0,27,0,259,19,0,278,8,275,22,0,305,6,0,6,311
04/29/2017,BET,AK,AAL,WE,Federal Contract Tower,10,16,0,0,26,0,231,10,0,241,10,247,10,0,267,0,0,0,267
04/30/2017,BET,AK,AAL,WE,Federal Contract Tower,3,15,2,0,20,1,185,24,0,210,4,200,26,0,230,4,0,4,234
05/01/2017,BET,AK,AAL,WE,Federal Contract Tower,15,7,0,0,22,0,282,26,0,308,15,289,26,0,330,0,0,0,330
05/02/2017,BET,AK,AAL,WE,Federal Contract Tower,8,12,1,0,21,0,262,12,0,274,8,274,13,0,295,0,0,0,295
05/03/2017,BET,AK,AAL,WE,Federal Contract Tower,12,41,2,0,55,0,146,9,0,155,12,187,11,0,210,2,0,2,212
05/04/2017,BET,AK,AAL,WE,Federal Contract Tower,7,42,1,0,50,0,217,17,0,234,7,259,18,0,284,0,0,0,284
05/05/2017,BET,AK,AAL,WE,Federal Contract Tower,9,9,0,0,18,0,276,25,0,301,9,285,25,0,319,0,0,0,319
05/06/2017,BET,AK,AAL,WE,Federal Contract Tower,6,9,0,0,15,0,247,23,0,270,6,256,23,0,285,0,0,0,285
05/07/2017,BET,AK,AAL,WE,Federal Contract Tower,4,4,0,0,8,0,152,19,0,171,4,156,19,0,179,0,0,0,179
05/08/2017,BET,AK,AAL,WE,Federal Contract Tower,11,15,0,0,26,0,248,10,0,258,11,263,10,0,284,0,0,0,284
05/09/2017,BET,AK,AAL,WE,Federal Contract Tower,8,7,0,0,15,0,260,16,0,276,8,267,16,0,291,2,0,2,293
05/10/2017,BET,AK,AAL,WE,Federal Contract Tower,6,9,1,0,16,0,1,232,26,259,6,10,233,26,275,16,0,16,291
05/11/2017,BET,AK,AAL,WE,Federal Contract Tower,13,10,1,0,24,0,248,17,0,265,13,258,18,0,289,8,0,8,297
05/12/2017,BET,AK,AAL,WE,Federal Contract Tower,10,36,3,0,49,0,233,17,0,250,10,269,20,0,299,0,0,0,299
05/13/2017,BET,AK,AAL,WE,Federal Contract Tower,7,26,0,0,33,0,158,15,0,173,7,184,15,0,206,14,0,14,220
05/14/2017,BET,AK,AAL,WE,Federal Contract Tower,4,14,3,0,21,0,93,10,0,103,4,107,13,0,124,0,0,0,124
05/15/2017,BET,AK,AAL,WE,Federal Contract Tower,13,12,0,4,29,0,251,23,0,274,13,263,23,4,303,8,0,8,311
05/16/2017,BET,AK,AAL,WE,Federal Contract Tower,10,11,0,0,21,0,214,6,0,220,10,225,6,0,241,8,0,8,249
05/18/2017,BET,AK,AAL,WE,Federal Contract Tower,9,9,0,0,18,0,287,29,0,316,9,296,29,0,334,11,0,11,345
05/19/2017,BET,AK,AAL,WE,Federal Contract Tower,10,11,0,0,21,0,270,29,2,301,10,281,29,2,322,8,0,8,330
05/21/2017,BET,AK,AAL,WE,Federal Contract Tower,4,12,4,0,20,0,120,22,0,142,4,132,26,0,162,0,0,0,162
05/22/2017,BET,AK,AAL,WE,Federal Contract Tower,11,30,3,0,44,1,200,28,0,229,12,230,31,0,273,2,0,2,275
05/23/2017,BET,AK,AAL,WE,Federal Contract Tower,9,51,12,0,72,0,139,11,0,150,9,190,23,0,222,0,0,0,222
05/24/2017,BET,AK,AAL,WE,Federal Contract Tower,6,30,7,0,43,0,196,8,1,205,6,226,15,1,248,12,0,12,260
05/25/2017,BET,AK,AAL,WE,Federal Contract Tower,11,30,0,0,41,0,207,13,0,220,11,237,13,0,261,1,0,1,262
05/26/2017,BET,AK,AAL,WE,Federal Contract Tower,11,58,7,0,76,0,156,8,0,164,11,214,15,0,240,0,0,0,240
05/27/2017,BET,AK,AAL,WE,Federal Contract Tower,5,18,2,0,25,0,219,24,0,243,5,237,26,0,268,7,0,7,275
05/28/2017,BET,AK,AAL,WE,Federal Contract Tower,4,9,0,0,13,0,137,22,0,159,4,146,22,0,172,0,0,0,172
05/29/2017,BET,AK,AAL,WE,Federal Contract Tower,6,4,0,0,10,0,122,34,0,156,6,126,34,0,166,0,0,0,166
05/30/2017,BET,AK,AAL,WE,Federal Contract Tower,9,8,2,0,19,0,206,20,0,226,9,214,22,0,245,6,0,6,251
05/31/2017,BET,AK,AAL,WE,Federal Contract Tower,10,11,0,0,21,0,235,28,0,263,10,246,28,0,284,0,0,0,284
06/01/2017,BET,AK,AAL,WE,Federal Contract Tower,12,14,0,0,26,0,225,18,0,243,12,239,18,0,269,0,0,0,269
06/02/2017,BET,AK,AAL,WE,Federal Contract Tower,6,9,0,0,15,0,224,20,0,244,6,233,20,0,259,6,0,6,265
06/03/2017,BET,AK,AAL,WE,Federal Contract Tower,10,9,0,0,19,0,217,34,0,251,10,226,34,0,270,4,0,4,274
06/04/2017,BET,AK,AAL,WE,Federal Contract Tower,4,8,1,0,13,0,123,16,0,139,4,131,17,0,152,12,0,12,164
06/05/2017,BET,AK,AAL,WE,Federal Contract Tower,6,15,1,0,22,0,206,18,0,224,6,221,19,0,246,2,0,2,248
06/06/2017,BET,AK,AAL,WE,Federal Contract Tower,7,14,0,0,21,0,212,20,0,232,7,226,20,0,253,8,0,8,261
06/07/2017,BET,AK,AAL,WE,Federal Contract Tower,10,7,2,0,19,0,243,26,0,269,10,250,28,0,288,10,0,10,298
06/08/2017,BET,AK,AAL,WE,Federal Contract Tower,14,30,8,0,52,0,142,10,0,152,14,172,18,0,204,4,0,4,208
06/09/2017,BET,AK,AAL,WE,Federal Contract Tower,9,25,2,0,36,0,154,16,0,170,9,179,18,0,206,0,0,0,206
06/10/2017,BET,AK,AAL,WE,Federal Contract Tower,6,27,1,0,34,0,142,11,0,153,6,169,12,0,187,6,0,6,193
06/11/2017,BET,AK,AAL,WE,Federal Contract Tower,6,24,0,0,30,0,120,5,0,125,6,144,5,0,155,15,0,15,170
06/12/2017,BET,AK,AAL,WE,Federal Contract Tower,10,29,5,2,46,1,172,16,0,189,11,201,21,2,235,6,0,6,241
06/13/2017,BET,AK,AAL,WE,Federal Contract Tower,7,36,8,0,51,0,164,7,0,171,7,200,15,0,222,16,0,16,238
06/14/2017,BET,AK,AAL,WE,Federal Contract Tower,10,15,3,0,28,0,215,18,2,235,10,230,21,2,263,9,0,9,272
06/15/2017,BET,AK,AAL,WE,Federal Contract Tower,7,17,3,0,27,0,184,15,2,201,7,201,18,2,228,12,0,12,240
06/16/2017,BET,AK,AAL,WE,Federal Contract Tower,8,42,5,0,55,0,147,22,0,169,8,189,27,0,224,0,0,0,224
06/17/2017,BET,AK,AAL,WE,Federal Contract Tower,9,29,3,0,41,0,176,13,0,189,9,205,16,0,230,4,0,4,234
06/18/2017,BET,AK,AAL,WE,Federal Contract Tower,4,17,4,0,25,0,138,20,0,158,4,155,24,0,183,0,0,0,183
06/19/2017,BET,AK,AAL,WE,Federal Contract Tower,13,35,3,0,51,0,170,22,2,194,13,205,25,2,245,0,0,0,245
06/20/2017,BET,AK,AAL,WE,Federal Contract Tower,8,21,4,2,35,0,183,22,0,205,8,204,26,2,240,0,0,0,240
06/22/2017,BET,AK,AAL,WE,Federal Contract Tower,11,18,1,0,30,0,197,9,0,206,11,215,10,0,236,2,0,2,238
06/23/2017,BET,AK,AAL,WE,Federal Contract Tower,9,27,1,0,37,0,209,19,0,228,9,236,20,0,265,0,0,0,265
06/24/2017,BET,AK,AAL,WE,Federal Contract Tower,9,45,14,0,68,1,117,14,0,132,10,162,28,0,200,0,0,0,200
06/25/2017,BET,AK,AAL,WE,Federal Contract Tower,3,16,0,0,19,1,130,22,0,153,4,146,22,0,172,0,0,0,172
06/26/2017,BET,AK,AAL,WE,Federal Contract Tower,10,39,2,0,51,0,141,20,0,161,10,180,22,0,212,0,0,0,212
06/27/2017,BET,AK,AAL,WE,Federal Contract Tower,6,33,2,0,41,0,183,13,0,196,6,216,15,0,237,6,0,6,243
06/28/2017,BET,AK,AAL,WE,Federal Contract Tower,9,18,5,0,32,0,189,21,1,211,9,207,26,1,243,0,0,0,243
06/29/2017,BET,AK,AAL,WE,Federal Contract Tower,8,24,7,0,39,0,176,17,1,194,8,200,24,1,233,11,0,11,244
06/30/2017,BET,AK,AAL,WE,Federal Contract Tower,9,25,2,0,36,1,189,33,0,223,10,214,35,0,259,0,0,0,259
07/01/2017,BET,AK,AAL,WE,Federal Contract Tower,9,27,4,0,40,0,164,19,0,183,9,191,23,0,223,4,0,4,227
07/02/2017,BET,AK,AAL,WE,Federal Contract Tower,4,18,0,0,22,0,153,24,0,177,4,171,24,0,199,8,0,8,207
07/03/2017,BET,AK,AAL,WE,Federal Contract Tower,5,19,1,0,25,0,184,27,0,211,5,203,28,0,236,2,0,2,238
07/04/2017,BET,AK,AAL,WE,Federal Contract Tower,2,1,0,0,3,0,6,19,0,25,2,7,19,0,28,0,0,0,28
07/05/2017,BET,AK,AAL,WE,Federal Contract Tower,8,15,0,0,23,1,185,26,2,214,9,200,26,2,237,2,0,2,239
07/06/2017,BET,AK,AAL,WE,Federal Contract Tower,12,17,0,0,29,0,189,34,0,223,12,206,34,0,252,0,0,0,252
07/07/2017,BET,AK,AAL,WE,Federal Contract Tower,11,12,0,0,23,0,200,33,0,233,11,212,33,0,256,0,0,0,256
07/08/2017,BET,AK,AAL,WE,Federal Contract Tower,10,9,1,0,20,0,175,23,0,198,10,184,24,0,218,0,0,0,218
07/09/2017,BET,AK,AAL,WE,Federal Contract Tower,4,14,2,0,20,0,126,13,0,139,4,140,15,0,159,0,0,0,159
07/10/2017,BET,AK,AAL,WE,Federal Contract Tower,9,18,4,0,31,0,163,19,0,182,9,181,23,0,213,2,0,2,215
07/11/2017,BET,AK,AAL,WE,Federal Contract Tower,8,10,0,0,18,0,223,24,0,247,8,233,24,0,265,0,0,0,265
07/13/2017,BET,AK,AAL,WE,Federal Contract Tower,9,12,1,0,22,0,216,36,0,252,9,228,37,0,274,0,0,0,274
07/14/2017,BET,AK,AAL,WE,Federal Contract Tower,11,44,4,0,59,0,163,17,0,180,11,207,21,0,239,0,0,0,239
07/15/2017,BET,AK,AAL,WE,Federal Contract Tower,11,34,2,0,47,0,180,25,0,205,11,214,27,0,252,0,0,0,252
07/16/2017,BET,AK,AAL,WE,Federal Contract Tower,4,24,1,0,29,0,130,22,0,152,4,154,23,0,181,0,0,0,181
07/17/2017,BET,AK,AAL,WE,Federal Contract Tower,8,32,9,0,49,0,94,21,0,115,8,126,30,0,164,0,0,0,164
07/18/2017,BET,AK,AAL,WE,Federal Contract Tower,11,116,21,0,148,0,99,11,0,110,11,215,32,0,258,0,0,0,258
07/19/2017,BET,AK,AAL,WE,Federal Contract Tower,11,35,7,0,53,0,175,33,0,208,11,210,40,0,261,0,0,0,261
07/20/2017,BET,AK,AAL,WE,Federal Contract Tower,7,21,5,0,33,0,140,28,0,168,7,161,33,0,201,0,0,0,201
07/21/2017,BET,AK,AAL,WE,Federal Contract Tower,9,8,2,0,19,0,191,26,0,217,9,199,28,0,236,0,0,0,236
07/22/2017,BET,AK,AAL,WE,Federal Contract Tower,9,12,0,0,21,0,217,29,0,246,9,229,29,0,267,0,0,0,267
07/23/2017,BET,AK,AAL,WE,Federal Contract Tower,4,23,4,0,31,0,114,13,0,127,4,137,17,0,158,6,0,6,164
07/24/2017,BET,AK,AAL,WE,Federal Contract Tower,9,48,4,0,61,0,5,0,0,5,9,53,4,0,66,0,0,0,66
07/25/2017,BET,AK,AAL,WE,Federal Contract Tower,7,38,1,0,46,0,122,12,0,134,7,160,13,0,180,0,0,0,180
07/26/2017,BET,AK,AAL,WE,Federal Contract Tower,12,76,15,0,103,0,112,17,0,129,12,188,32,0,232,0,0,0,232
07/27/2017,BET,AK,AAL,WE,Federal Contract Tower,10,23,5,0,38,0,100,23,0,123,10,123,28,0,161,0,0,0,161
07/28/2017,BET,AK,AAL,WE,Federal Contract Tower,8,51,0,0,59,0,76,19,0,95,8,127,19,0,154,0,0,0,154
07/29/2017,BET,AK,AAL,WE,Federal Contract Tower,10,30,9,0,49,1,186,20,0,207,11,216,29,0,256,5,0,5,261
07/30/2017,BET,AK,AAL,WE,Federal Contract Tower,4,19,1,0,24,0,187,33,0,220,4,206,34,0,244,7,0,7,251
07/31/2017,BET,AK,AAL,WE,Federal Contract Tower,10,53,17,0,80,0,53,9,0,62,10,106,26,0,142,0,0,0,142
08/02/2017,BET,AK,AAL,WE,Federal Contract Tower,11,56,34,0,101,0,0,0,0,0,11,56,34,0,101,0,0,0,101
08/03/2017,BET,AK,AAL,WE,Federal Contract Tower,8,72,13,0,93,0,100,27,0,127,8,172,40,0,220,0,0,0,220
08/04/2017,BET,AK,AAL,WE,Federal Contract Tower,10,24,3,0,37,0,287,26,0,313,10,311,29,0,350,4,0,4,354
08/05/2017,BET,AK,AAL,WE,Federal Contract Tower,10,13,0,0,23,0,216,23,0,239,10,229,23,0,262,3,0,3,265
08/06/2017,BET,AK,AAL,WE,Federal Contract Tower,4,15,0,0,19,0,150,8,0,158,4,165,8,0,177,6,0,6,183
08/07/2017,BET,AK,AAL,WE,Federal Contract Tower,13,30,3,0,46,1,192,20,0,213,14,222,23,0,259,0,0,0,259
08/08/2017,BET,AK,AAL,WE,Federal Contract Tower,7,15,0,0,22,1,244,42,0,287,8,259,42,0,309,0,0,0,309
08/09/2017,BET,AK,AAL,WE,Federal Contract Tower,10,17,2,0,29,0,227,33,0,260,10,244,35,0,289,3,0,3,292
08/10/2017,BET,AK,AAL,WE,Federal Contract Tower,8,12,1,0,21,0,225,34,1,260,8,237,35,1,281,0,0,0,281
08/11/2017,BET,AK,AAL,WE,Federal Contract Tower,11,15,0,0,26,0,0,0,0,0,11,15,0,0,26,0,0,0,26
08/12/2017,BET,AK,AAL,WE,Federal Contract Tower,12,49,16,0,77,0,61,6,0,67,12,110,22,0,144,2,0,2,146
08/13/2017,BET,AK,AAL,WE,Federal Contract Tower,6,34,3,0,43,0,105,22,0,127,6,139,25,0,170,0,0,0,170
08/14/2017,BET,AK,AAL,WE,Federal Contract Tower,16,45,7,0,68,0,155,21,0,176,16,200,28,0,244,0,0,0,244
08/15/2017,BET,AK,AAL,WE,Federal Contract Tower,9,40,0,0,49,0,187,28,0,215,9,227,28,0,264,2,0,2,266
08/16/2017,BET,AK,AAL,WE,Federal Contract Tower,11,16,4,0,31,1,197,29,0,227,12,213,33,0,258,13,0,13,271
08/17/2017,BET,AK,AAL,WE,Federal Contract Tower,13,13,1,0,27,0,198,36,0,234,13,211,37,0,261,3,0,3,264
08/18/2017,BET,AK,AAL,WE,Federal Contract Tower,11,13,0,0,24,0,230,24,0,254,11,243,24,0,278,1,0,1,279
08/19/2017,BET,AK,AAL,WE,Federal Contract Tower,9,19,0,0,28,0,181,33,0,214,9,200,33,0,242,4,0,4,246
08/20/2017,BET,AK,AAL,WE,Federal Contract Tower,3,22,0,1,26,1,122,12,0,135,4,144,12,1,161,4,2,6,167
08/21/2017,BET,AK,AAL,WE,Federal Contract Tower,9,30,0,0,39,0,220,13,0,233,9,250,13,0,272,6,0,6,278
08/22/2017,BET,AK,AAL,WE,Federal Contract Tower,7,71,16,0,94,0,99,11,0,110,7,170,27,0,204,0,0,0,204
08/23/2017,BET,AK,AAL,WE,Federal Contract Tower,9,74,25,0,108,0,0,0,0,0,9,74,25,0,108,0,0,0,108
08/24/2017,BET,AK,AAL,WE,Federal Contract Tower,12,42,1,0,55,0,162,26,0,188,12,204,27,0,243,0,0,0,243
08/25/2017,BET,AK,AAL,WE,Federal Contract Tower,10,76,16,0,102,0,128,13,0,141,10,204,29,0,243,0,0,0,243
08/26/2017,BET,AK,AAL,WE,Federal Contract Tower,12,37,14,0,63,0,158,21,0,179,12,195,35,0,242,8,0,8,250
08/27/2017,BET,AK,AAL,WE,Federal Contract Tower,6,30,3,0,39,0,165,23,0,188,6,195,26,0,227,0,0,0,227
08/28/2017,BET,AK,AAL,WE,Federal Contract Tower,6,16,6,0,28,1,240,30,0,271,7,256,36,0,299,6,0,6,305
08/29/2017,BET,AK,AAL,WE,Federal Contract Tower,15,11,0,0,26,0,207,17,0,224,15,218,17,0,250,13,0,13,263
08/30/2017,BET,AK,AAL,WE,Federal Contract Tower,10,11,2,0,23,0,224,24,1,249,10,235,26,1,272,3,0,3,275
08/31/2017,BET,AK,AAL,WE,Federal Contract Tower,17,12,0,0,29,0,243,40,0,283,17,255,40,0,312,0,0,0,312
09/01/2017,BET,AK,AAL,WE,Federal Contract Tower,9,24,3,0,36,168,20,0,0,188,177,44,3,0,224,0,0,0,224
09/02/2017,BET,AK,AAL,WE,Federal Contract Tower,7,7,0,0,14,0,212,31,0,243,7,219,31,0,257,0,0,0,257
09/03/2017,BET,AK,AAL,WE,Federal Contract Tower,2,10,2,0,14,0,139,14,0,153,2,149,16,0,167,0,0,0,167
09/04/2017,BET,AK,AAL,WE,Federal Contract Tower,1,8,0,0,9,1,130,33,0,164,2,138,33,0,173,2,0,2,175
09/05/2017,BET,AK,AAL,WE,Federal Contract Tower,10,9,0,0,19,0,236,22,0,258,10,245,22,0,277,0,0,0,277
09/06/2017,BET,AK,AAL,WE,Federal Contract Tower,9,9,1,0,19,0,201,16,0,217,9,210,17,0,236,9,0,9,245
09/07/2017,BET,AK,AAL,WE,Federal Contract Tower,9,43,10,0,62,0,132,21,0,153,9,175,31,0,215,0,0,0,215
09/08/2017,BET,AK,AAL,WE,Federal Contract Tower,6,35,0,0,41,0,191,11,0,202,6,226,11,0,243,1,0,1,244
09/09/2017,BET,AK,AAL,WE,Federal Contract Tower,7,31,1,0,39,0,184,32,0,216,7,215,33,0,255,1,0,1,256
09/10/2017,BET,AK,AAL,WE,Federal Contract Tower,4,15,0,0,19,0,126,22,0,148,4,141,22,0,167,0,0,0,167
09/11/2017,BET,AK,AAL,WE,Federal Contract Tower,15,65,28,0,108,0,59,2,0,61,15,124,30,0,169,0,0,0,169
09/12/2017,BET,AK,AAL,WE,Federal Contract Tower,7,46,11,0,64,0,28,0,0,28,7,74,11,0,92,0,0,0,92
09/13/2017,BET,AK,AAL,WE,Federal Contract Tower,8,36,0,0,44,0,180,29,0,209,8,216,29,0,253,0,0,0,253
09/14/2017,BET,AK,AAL,WE,Federal Contract Tower,7,45,5,0,57,0,115,50,0,165,7,160,55,0,222,8,0,8,230
09/15/2017,BET,AK,AAL,WE,Federal Contract Tower,9,14,2,0,25,0,182,42,0,224,9,196,44,0,249,0,0,0,249
09/16/2017,BET,AK,AAL,WE,Federal Contract Tower,11,11,1,0,23,0,223,41,0,264,11,234,42,0,287,4,0,4,291
09/17/2017,BET,AK,AAL,WE,Federal Contract Tower,8,35,19,0,62,0,55,11,0,66,8,90,30,0,128,0,0,0,128
09/18/2017,BET,AK,AAL,WE,Federal Contract Tower,8,23,2,0,33,0,185,10,0,195,8,208,12,0,228,12,0,12,240
09/19/2017,BET,AK,AAL,WE,Federal Contract Tower,8,37,0,0,45,0,183,18,0,201,8,220,18,0,246,0,0,0,246
09/20/2017,BET,AK,AAL,WE,Federal Contract Tower,11,57,1,2,71,0,197,36,0,233,11,254,37,2,304,5,0,5,309
09/21/2017,BET,AK,AAL,WE,Federal Contract Tower,8,37,6,0,51,0,172,37,2,211,8,209,43,2,262,2,0,2,264
09/22/2017,BET,AK,AAL,WE,Federal Contract Tower,7,32,3,0,42,0,186,28,5,219,7,218,31,5,261,3,0,3,264
09/23/2017,BET,AK,AAL,WE,Federal Contract Tower,12,68,39,0,119,0,60,17,0,77,12,128,56,0,196,0,0,0,196
09/24/2017,BET,AK,AAL,WE,Federal Contract Tower,7,63,40,0,110,0,9,3,0,12,7,72,43,0,122,0,0,0,122
09/25/2017,BET,AK,AAL,WE,Federal Contract Tower,11,41,3,0,55,1,187,8,0,196,12,228,11,0,251,4,0,4,255
09/26/2017,BET,AK,AAL,WE,Federal Contract Tower,9,74,11,0,94,0,134,13,0,147,9,208,24,0,241,4,0,4,245
09/27/2017,BET,AK,AAL,WE,Federal Contract Tower,14,15,1,0,30,0,237,21,0,258,14,252,22,0,288,6,0,6,294
09/28/2017,BET,AK,AAL,WE,Federal Contract Tower,16,16,0,0,32,0,240,53,0,293,16,256,53,0,325,0,0,0,325
09/29/2017,BET,AK,AAL,WE,Federal Contract Tower,10,10,0,0,20,0,266,24,0,290,10,276,24,0,310,29,0,29,339
09/30/2017,BET,AK,AAL,WE,Federal Contract Tower,10,25,0,0,35,0,183,28,0,211,10,208,28,0,246,6,0,6,252
10/01/2017,BET,AK,AAL,WE,Federal Contract Tower,4,7,2,0,13,0,165,28,0,193,4,172,30,0,206,0,0,0,206
10/02/2017,BET,AK,AAL,WE,Federal Contract Tower,18,21,1,0,40,0,184,14,0,198,18,205,15,0,238,14,0,14,252
10/03/2017,BET,AK,AAL,WE,Federal Contract Tower,13,47,5,0,65,0,61,10,0,71,13,108,15,0,136,0,0,0,136
10/04/2017,BET,AK,AAL,WE,Federal Contract Tower,11,30,3,0,44,0,150,15,0,165,11,180,18,0,209,10,0,10,219
10/05/2017,BET,AK,AAL,WE,Federal Contract Tower,10,58,14,0,82,0,47,6,0,53,10,105,20,0,135,5,0,5,140
10/06/2017,BET,AK,AAL,WE,Federal Contract Tower,18,56,1,0,75,0,158,24,0,182,18,214,25,0,257,15,0,15,272
10/07/2017,BET,AK,AAL,WE,Federal Contract Tower,6,26,0,0,32,0,181,31,0,212,6,207,31,0,244,0,0,0,244
10/08/2017,BET,AK,AAL,WE,Federal Contract Tower,4,23,0,0,27,0,241,23,0,264,4,264,23,0,291,14,0,14,305
10/09/2017,BET,AK,AAL,WE,Federal Contract Tower,8,96,53,0,157,0,0,0,0,0,8,96,53,0,157,0,0,0,157
10/10/2017,BET,AK,AAL,WE,Federal Contract Tower,12,69,18,0,99,0,100,16,0,116,12,169,34,0,215,12,0,12,227
10/12/2017,BET,AK,AAL,WE,Federal Contract Tower,22,31,15,0,68,0,158,29,0,187,22,189,44,0,255,0,0,0,255
10/13/2017,BET,AK,AAL,WE,Federal Contract Tower,10,20,3,2,35,0,262,26,0,288,10,282,29,2,323,68,0,68,391
10/14/2017,BET,AK,AAL,WE,Federal Contract Tower,11,24,0,1,36,0,226,39,1,266,11,250,39,2,302,26,0,26,328
10/15/2017,BET,AK,AAL,WE,Federal Contract Tower,3,45,10,0,58,0,168,17,0,185,3,213,27,0,243,4,0,4,247
10/16/2017,BET,AK,AAL,WE,Federal Contract Tower,11,45,11,0,67,0,146,31,0,177,11,191,42,0,244,0,0,0,244
10/17/2017,BET,AK,AAL,WE,Federal Contract Tower,12,15,0,0,27,0,202,32,0,234,12,217,32,0,261,72,0,72,333
10/18/2017,BET,AK,AAL,WE,Federal Contract Tower,9,47,12,0,68,0,227,43,1,271,9,274,55,1,339,10,0,10,349
10/19/2017,BET,AK,AAL,WE,Federal Contract Tower,11,49,0,0,60,0,54,20,0,74,11,103,20,0,134,9,0,9,143
10/20/2017,BET,AK,AAL,WE,Federal Contract Tower,14,46,7,0,67,0,166,58,0,224,14,212,65,0,291,6,24,30,321
10/21/2017,BET,AK,AAL,WE,Federal Contract Tower,11,23,1,0,35,1,232,34,0,267,12,255,35,0,302,4,0,4,306
10/22/2017,BET,AK,AAL,WE,Federal Contract Tower,4,50,13,0,67,0,143,31,0,174,4,193,44,0,241,14,0,14,255
10/23/2017,BET,AK,AAL,WE,Federal Contract Tower,11,22,2,0,35,0,226,63,0,289,11,248,65,0,324,10,0,10,334
10/24/2017,BET,AK,AAL,WE,Federal Contract Tower,10,48,2,0,60,0,144,38,0,182,10,192,40,0,242,0,0,0,242
10/25/2017,BET,AK,AAL,WE,Federal Contract Tower,26,32,0,0,58,0,233,24,0,257,26,265,24,0,315,2,0,2,317
10/27/2017,BET,AK,AAL,WE,Federal Contract Tower,10,55,1,0,66,0,163,34,0,197,10,218,35,0,263,0,0,0,263
10/28/2017,BET,AK,AAL,WE,Federal Contract Tower,11,51,11,0,73,0,141,16,0,157,11,192,27,0,230,12,0,12,242
10/29/2017,BET,AK,AAL,WE,Federal Contract Tower,4,8,1,0,13,0,209,45,0,254,4,217,46,0,267,2,0,2,269
10/30/2017,BET,AK,AAL,WE,Federal Contract Tower,10,41,0,0,51,0,139,33,0,172,10,180,33,0,223,2,0,2,225
10/31/2017,BET,AK,AAL,WE,Federal Contract Tower,8,18,2,1,29,0,157,44,0,201,8,175,46,1,230,10,0,10,240
11/01/2017,BET,AK,AAL,WE,Federal Contract Tower,4,6,0,0,10,0,0,0,0,0,4,6,0,0,10,0,0,0,10
11/02/2017,BET,AK,AAL,WE,Federal Contract Tower,5,28,5,0,38,0,9,2,0,11,5,37,7,0,49,2,0,2,51
11/03/2017,BET,AK,AAL,WE,Federal Contract Tower,5,39,8,0,52,0,45,22,0,67,5,84,30,0,119,4,0,4,123
11/04/2017,BET,AK,AAL,WE,Federal Contract Tower,11,62,16,0,89,2,6,2,0,10,13,68,18,0,99,4,0,4,103
11/05/2017,BET,AK,AAL,WE,Federal Contract Tower,6,33,1,0,40,0,235,28,0,263,6,268,29,0,303,14,0,14,317
11/06/2017,BET,AK,AAL,WE,Federal Contract Tower,7,8,0,0,15,0,225,90,4,319,7,233,90,4,334,20,0,20,354
11/07/2017,BET,AK,AAL,WE,Federal Contract Tower,11,40,5,2,58,0,0,0,0,0,11,40,5,2,58,0,0,0,58
11/08/2017,BET,AK,AAL,WE,Federal Contract Tower,21,19,0,0,40,0,220,81,0,301,21,239,81,0,341,0,0,0,341
11/09/2017,BET,AK,AAL,WE,Federal Contract Tower,13,29,1,0,43,0,225,77,0,302,13,254,78,0,345,0,0,0,345
11/10/2017,BET,AK,AAL,WE,Federal Contract Tower,8,42,0,0,50,0,0,0,0,0,8,42,0,0,50,0,0,0,50
11/11/2017,BET,AK,AAL,WE,Federal Contract Tower,1,4,0,0,5,0,0,0,0,0,1,4,0,0,5,0,0,0,5
11/12/2017,BET,AK,AAL,WE,Federal Contract Tower,12,26,1,0,39,0,281,26,0,307,12,307,27,0,346,8,0,8,354
11/13/2017,BET,AK,AAL,WE,Federal Contract Tower,10,8,0,0,18,0,246,51,0,297,10,254,51,0,315,2,0,2,317
11/14/2017,BET,AK,AAL,WE,Federal Contract Tower,10,15,1,0,26,0,302,66,0,368,10,317,67,0,394,8,0,8,402
11/15/2017,BET,AK,AAL,WE,Federal Contract Tower,4,18,6,0,28,0,5,0,0,5,4,23,6,0,33,0,0,0,33
11/16/2017,BET,AK,AAL,WE,Federal Contract Tower,9,21,0,0,30,0,71,28,0,99,9,92,28,0,129,9,0,9,138
11/17/2017,BET,AK,AAL,WE,Federal Contract Tower,9,17,4,0,30,0,278,81,0,359,9,295,85,0,389,18,0,18,407
11/18/2017,BET,AK,AAL,WE,Federal Contract Tower,5,5,0,0,10,0,36,19,0,55,5,41,19,0,65,0,0,0,65
11/19/2017,BET,AK,AAL,WE,Federal Contract Tower,2,7,3,0,12,0,16,4,0,20,2,23,7,0,32,6,0,6,38
11/20/2017,BET,AK,AAL,WE,Federal Contract Tower,14,9,0,0,23,0,273,50,0,323,14,282,50,0,346,3,0,3,349
11/21/2017,BET,AK,AAL,WE,Federal Contract Tower,18,13,5,0,36,0,260,43,0,303,18,273,48,0,339,0,0,0,339
11/22/2017,BET,AK,AAL,WE,Federal Contract Tower,5,15,3,0,23,0,0,0,0,0,5,15,3,0,23,0,0,0,23
11/23/2017,BET,AK,AAL,WE,Federal Contract Tower,0,1,0,0,1,0,4,4,0,8,0,5,4,0,9,0,0,0,9
11/24/2017,BET,AK,AAL,WE,Federal Contract Tower,9,25,8,0,42,0,117,26,0,143,9,142,34,0,185,0,0,0,185
11/25/2017,BET,AK,AAL,WE,Federal Contract Tower,6,10,0,0,16,0,229,53,0,282,6,239,53,0,298,6,0,6,304
11/26/2017,BET,AK,AAL,WE,Federal Contract Tower,7,5,0,0,12,0,86,29,0,115,7,91,29,0,127,2,0,2,129
11/27/2017,BET,AK,AAL,WE,Federal Contract Tower,10,25,5,0,40,0,59,29,0,88,10,84,34,0,128,0,0,0,128
11/28/2017,BET,AK,AAL,WE,Federal Contract Tower,5,20,2,2,29,0,241,54,1,296,5,261,56,3,325,8,0,8,333
11/29/2017,BET,AK,AAL,WE,Federal Contract Tower,5,8,3,0,16,0,260,31,0,291,5,268,34,0,307,0,0,0,307
11/30/2017,BET,AK,AAL,WE,Federal Contract Tower,10,57,1,0,68,0,116,23,0,139,10,173,24,0,207,0,0,0,207
12/01/2017,BET,AK,AAL,WE,Federal Contract Tower,10,5,4,0,19,0,17,20,0,37,10,22,24,0,56,0,0,0,56
12/02/2017,BET,AK,AAL,WE,Federal Contract Tower,12,35,14,0,61,0,119,35,0,154,12,154,49,0,215,0,0,0,215
12/03/2017,BET,AK,AAL,WE,Federal Contract Tower,6,25,6,0,37,0,128,25,0,153,6,153,31,0,190,0,0,0,190
12/04/2017,BET,AK,AAL,WE,Federal Contract Tower,11,38,16,0,65,0,20,13,0,33,11,58,29,0,98,0,0,0,98
12/05/2017,BET,AK,AAL,WE,Federal Contract Tower,9,23,3,1,36,0,281,38,0,319,9,304,41,1,355,16,4,20,375
12/06/2017,BET,AK,AAL,WE,Federal Contract Tower,10,24,2,0,36,0,235,58,0,293,10,259,60,0,329,0,0,0,329
12/07/2017,BET,AK,AAL,WE,Federal Contract Tower,8,20,0,0,28,0,238,61,0,299,8,258,61,0,327,0,0,0,327
12/08/2017,BET,AK,AAL,WE,Federal Contract Tower,8,24,0,0,32,68,7,0,0,75,76,31,0,0,107,0,0,0,107
12/09/2017,BET,AK,AAL,WE,Federal Contract Tower,9,19,1,0,29,0,196,58,0,254,9,215,59,0,283,0,0,0,283
12/10/2017,BET,AK,AAL,WE,Federal Contract Tower,5,28,7,15,55,0,108,38,0,146,5,136,45,15,201,0,0,0,201
12/11/2017,BET,AK,AAL,WE,Federal Contract Tower,9,22,0,0,31,0,180,48,0,228,9,202,48,0,259,0,0,0,259
12/12/2017,BET,AK,AAL,WE,Federal Contract Tower,6,17,0,0,23,0,271,39,0,310,6,288,39,0,333,0,0,0,333
12/13/2017,BET,AK,AAL,WE,Federal Contract Tower,5,12,4,0,21,0,0,0,0,0,5,12,4,0,21,0,0,0,21
12/14/2017,BET,AK,AAL,WE,Federal Contract Tower,10,45,9,0,64,0,117,53,0,170,10,162,62,0,234,0,0,0,234
12/15/2017,BET,AK,AAL,WE,Federal Contract Tower,12,13,1,0,26,0,101,40,0,141,12,114,41,0,167,0,0,0,167
12/16/2017,BET,AK,AAL,WE,Federal Contract Tower,10,32,0,0,42,0,136,31,0,167,10,168,31,0,209,0,0,0,209
12/17/2017,BET,AK,AAL,WE,Federal Contract Tower,2,46,7,0,55,0,62,6,0,68,2,108,13,0,123,0,0,0,123
12/18/2017,BET,AK,AAL,WE,Federal Contract Tower,5,8,0,0,13,0,23,0,0,23,5,31,0,0,36,0,0,0,36
12/19/2017,BET,AK,AAL,WE,Federal Contract Tower,9,42,4,0,55,0,236,5,0,241,9,278,9,0,296,0,0,0,296
12/20/2017,BET,AK,AAL,WE,Federal Contract Tower,7,12,0,0,19,1,187,6,0,194,8,199,6,0,213,6,0,6,219
12/21/2017,BET,AK,AAL,WE,Federal Contract Tower,12,20,1,0,33,0,205,37,0,242,12,225,38,0,275,0,0,0,275
12/22/2017,BET,AK,AAL,WE,Federal Contract Tower,0,6,0,0,6,0,2,0,0,2,0,8,0,0,8,0,0,0,8
12/23/2017,BET,AK,AAL,WE,Federal Contract Tower,14,10,4,0,28,0,71,20,0,91,14,81,24,0,119,0,0,0,119
12/24/2017,BET,AK,AAL,WE,Federal Contract Tower,4,15,3,0,22,0,134,30,0,164,4,149,33,0,186,0,0,0,186
12/25/2017,BET,AK,AAL,WE,Federal Contract Tower,0,6,0,0,6,0,0,0,0,0,0,6,0,0,6,0,0,0,6
12/26/2017,BET,AK,AAL,WE,Federal Contract Tower,11,82,9,0,102,0,87,4,0,91,11,169,13,0,193,4,0,4,197
12/27/2017,BET,AK,AAL,WE,Federal Contract Tower,3,45,13,0,61,0,0,0,0,0,3,45,13,0,61,0,0,0,61
12/28/2017,BET,AK,AAL,WE,Federal Contract Tower,12,12,0,0,24,0,246,35,0,281,12,258,35,0,305,6,0,6,311
12/29/2017,BET,AK,AAL,WE,Federal Contract Tower,11,12,1,0,24,0,254,30,0,284,11,266,31,0,308,8,0,8,316
12/30/2017,BET,AK,AAL,WE,Federal Contract Tower,5,14,8,0,27,0,57,6,0,63,5,71,14,0,90,2,0,2,92
12/31/2017,BET,AK,AAL,WE,Federal Contract Tower,3,12,5,0,20,0,18,0,0,18,3,30,5,0,38,0,0,0,38
01/01/2018,BET,AK,AAL,WE,Federal Contract Tower,1,3,0,0,4,0,12,9,0,21,1,15,9,0,25,0,0,0,25
01/02/2018,BET,AK,AAL,WE,Federal Contract Tower,3,30,6,0,39,0,155,2,0,157,3,185,8,0,196,4,0,4,200
01/03/2018,BET,AK,AAL,WE,Federal Contract Tower,10,42,5,0,57,0,78,0,0,78,10,120,5,0,135,0,0,0,135
01/04/2018,BET,AK,AAL,WE,Federal Contract Tower,8,14,1,0,23,0,216,64,0,280,8,230,65,0,303,0,0,0,303
01/05/2018,BET,AK,AAL,WE,Federal Contract Tower,9,6,0,0,15,0,177,16,0,193,9,183,16,0,208,0,0,0,208
01/06/2018,BET,AK,AAL,WE,Federal Contract Tower,12,26,12,0,50,0,14,24,2,40,12,40,36,2,90,0,0,0,90
01/07/2018,BET,AK,AAL,WE,Federal Contract Tower,2,6,0,0,8,0,0,0,0,0,2,6,0,0,8,0,0,0,8
01/08/2018,BET,AK,AAL,WE,Federal Contract Tower,12,12,0,0,24,0,260,0,0,260,12,272,0,0,284,0,0,0,284
01/09/2018,BET,AK,AAL,WE,Federal Contract Tower,10,15,1,0,26,0,265,10,0,275,10,280,11,0,301,0,0,0,301
01/10/2018,BET,AK,AAL,WE,Federal Contract Tower,11,8,0,2,21,1,288,8,0,297,12,296,8,2,318,0,0,0,318
01/11/2018,BET,AK,AAL,WE,Federal Contract Tower,11,8,0,0,19,0,270,18,0,288,11,278,18,0,307,0,0,0,307
01/12/2018,BET,AK,AAL,WE,Federal Contract Tower,11,17,0,0,28,0,230,26,0,256,11,247,26,0,284,0,0,0,284
01/13/2018,BET,AK,AAL,WE,Federal Contract Tower,7,10,0,0,17,0,93,29,0,122,7,103,29,0,139,0,0,0,139
01/14/2018,BET,AK,AAL,WE,Federal Contract Tower,7,10,1,0,18,0,97,9,0,106,7,107,10,0,124,0,0,0,124
01/15/2018,BET,AK,AAL,WE,Federal Contract Tower,8,12,0,0,20,0,171,11,0,182,8,183,11,0,202,0,0,0,202
01/16/2018,BET,AK,AAL,WE,Federal Contract Tower,4,21,1,0,26,0,196,15,0,211,4,217,16,0,237,12,0,12,249
01/17/2018,BET,AK,AAL,WE,Federal Contract Tower,6,98,21,4,129,0,0,0,0,0,6,98,21,4,129,0,0,0,129
01/18/2018,BET,AK,AAL,WE,Federal Contract Tower,10,79,7,0,96,0,33,6,0,39,10,112,13,0,135,0,0,0,135
01/19/2018,BET,AK,AAL,WE,Federal Contract Tower,11,9,1,0,21,2,217,26,0,245,13,226,27,0,266,0,0,0,266
01/20/2018,BET,AK,AAL,WE,Federal Contract Tower,11,15,2,0,28,0,189,30,0,219,11,204,32,0,247,0,0,0,247
01/21/2018,BET,AK,AAL,WE,Federal Contract Tower,3,8,1,2,14,0,136,16,0,152,3,144,17,2,166,0,0,0,166
01/22/2018,BET,AK,AAL,WE,Federal Contract Tower,9,7,1,0,17,1,200,21,0,222,10,207,22,0,239,20,0,20,259
01/23/2018,BET,AK,AAL,WE,Federal Contract Tower,7,9,0,0,16,0,201,3,0,204,7,210,3,0,220,8,0,8,228
01/24/2018,BET,AK,AAL,WE,Federal Contract Tower,10,12,2,0,24,0,193,22,0,215,10,205,24,0,239,12,0,12,251
01/25/2018,BET,AK,AAL,WE,Federal Contract Tower,14,54,1,0,69,0,135,22,0,157,14,189,23,0,226,6,0,6,232
01/26/2018,BET,AK,AAL,WE,Federal Contract Tower,14,13,1,0,28,0,194,19,0,213,14,207,20,0,241,0,0,0,241
01/27/2018,BET,AK,AAL,WE,Federal Contract Tower,8,9,1,0,18,0,142,36,0,178,8,151,37,0,196,0,0,0,196
01/28/2018,BET,AK,AAL,WE,Federal Contract Tower,5,13,0,0,18,0,128,14,0,142,5,141,14,0,160,0,0,0,160
01/29/2018,BET,AK,AAL,WE,Federal Contract Tower,9,15,2,0,26,1,126,31,0,158,10,141,33,0,184,0,0,0,184
01/30/2018,BET,AK,AAL,WE,Federal Contract Tower,3,13,0,0,16,0,158,40,0,198,3,171,40,0,214,0,0,0,214
01/31/2018,BET,AK,AAL,WE,Federal Contract Tower,5,1,0,0,6,0,96,8,0,104,5,97,8,0,110,0,0,0,110
02/01/2018,BET,AK,AAL,WE,Federal Contract Tower,12,10,0,0,22,0,124,26,0,150,12,134,26,0,172,3,0,3,175
02/02/2018,BET,AK,AAL,WE,Federal Contract Tower,11,10,1,0,22,0,182,17,0,199,11,192,18,0,221,2,0,2,223
02/03/2018,BET,AK,AAL,WE,Federal Contract Tower,9,10,0,0,19,0,159,19,0,178,9,169,19,0,197,7,0,7,204
02/04/2018,BET,AK,AAL,WE,Federal Contract Tower,5,8,0,0,13,0,136,19,0,155,5,144,19,0,168,0,0,0,168
02/05/2018,BET,AK,AAL,WE,Federal Contract Tower,7,11,0,0,18,0,184,23,0,207,7,195,23,0,225,10,0,10,235
02/06/2018,BET,AK,AAL,WE,Federal Contract Tower,5,13,0,0,18,0,222,11,0,233,5,235,11,0,251,4,0,4,255
02/07/2018,BET,AK,AAL,WE,Federal Contract Tower,10,15,0,0,25,0,206,27,0,233,10,221,27,0,258,5,0,5,263
02/08/2018,BET,AK,AAL,WE,Federal Contract Tower,10,7,0,0,17,0,214,16,0,230,10,221,16,0,247,2,0,2,249
02/09/2018,BET,AK,AAL,WE,Federal Contract Tower,9,8,3,0,20,0,105,2,0,107,9,113,5,0,127,0,0,0,127
02/10/2018,BET,AK,AAL,WE,Federal Contract Tower,10,15,0,0,25,0,162,14,0,176,10,177,14,0,201,0,0,0,201
02/11/2018,BET,AK,AAL,WE,Federal Contract Tower,5,14,1,0,20,0,39,11,0,50,5,53,12,0,70,2,0,2,72
02/12/2018,BET,AK,AAL,WE,Federal Contract Tower,8,18,3,0,29,0,0,0,0,0,8,18,3,0,29,0,0,0,29
02/13/2018,BET,AK,AAL,WE,Federal Contract Tower,8,5,0,0,13,0,0,0,0,0,8,5,0,0,13,0,0,0,13
02/14/2018,BET,AK,AAL,WE,Federal Contract Tower,7,37,11,0,55,0,0,2,0,2,7,37,13,0,57,4,0,4,61
02/15/2018,BET,AK,AAL,WE,Federal Contract Tower,9,14,0,0,23,0,242,25,0,267,9,256,25,0,290,2,0,2,292
02/16/2018,BET,AK,AAL,WE,Federal Contract Tower,8,12,0,0,20,0,76,13,0,89,8,88,13,0,109,0,0,0,109
02/17/2018,BET,AK,AAL,WE,Federal Contract Tower,10,12,0,0,22,0,155,33,0,188,10,167,33,0,210,0,0,0,210
02/18/2018,BET,AK,AAL,WE,Federal Contract Tower,5,50,4,0,59,0,54,0,0,54,5,104,4,0,113,0,0,0,113
02/20/2018,BET,AK,AAL,WE,Federal Contract Tower,6,11,5,2,24,0,194,3,0,197,6,205,8,2,221,12,0,12,233
02/21/2018,BET,AK,AAL,WE,Federal Contract Tower,6,19,1,0,26,0,0,0,0,0,6,19,1,0,26,0,0,0,26
02/22/2018,BET,AK,AAL,WE,Federal Contract Tower,10,23,0,0,33,0,171,22,0,193,10,194,22,0,226,9,0,9,235
02/23/2018,BET,AK,AAL,WE,Federal Contract Tower,6,22,6,0,34,0,94,8,0,102,6,116,14,0,136,0,0,0,136
02/24/2018,BET,AK,AAL,WE,Federal Contract Tower,7,14,0,0,21,0,154,21,0,175,7,168,21,0,196,8,0,8,204
02/25/2018,BET,AK,AAL,WE,Federal Contract Tower,2,18,4,0,24,0,52,0,0,52,2,70,4,0,76,2,0,2,78
02/26/2018,BET,AK,AAL,WE,Federal Contract Tower,1,18,5,0,24,0,89,2,0,91,1,107,7,0,115,0,0,0,115
02/27/2018,BET,AK,AAL,WE,Federal Contract Tower,7,23,0,0,30,0,236,5,0,241,7,259,5,0,271,8,0,8,279
02/28/2018,BET,AK,AAL,WE,Federal Contract Tower,6,10,0,0,16,0,282,17,0,299,6,292,17,0,315,6,0,6,321
03/01/2018,BET,AK,AAL,WE,Federal Contract Tower,14,16,2,0,32,0,129,22,0,151,14,145,24,0,183,8,0,8,191
03/02/2018,BET,AK,AAL,WE,Federal Contract Tower,13,52,1,0,66,0,89,11,0,100,13,141,12,0,166,0,0,0,166
03/03/2018,BET,AK,AAL,WE,Federal Contract Tower,9,40,1,0,50,0,69,11,0,80,9,109,12,0,130,0,0,0,130
03/04/2018,BET,AK,AAL,WE,Federal Contract Tower,2,26,5,0,33,0,9,0,0,9,2,35,5,0,42,0,0,0,42
03/05/2018,BET,AK,AAL,WE,Federal Contract Tower,11,54,24,0,89,0,140,13,0,153,11,194,37,0,242,0,0,0,242
03/06/2018,BET,AK,AAL,WE,Federal Contract Tower,8,117,2,0,127,0,11,0,0,11,8,128,2,0,138,0,0,0,138
03/07/2018,BET,AK,AAL,WE,Federal Contract Tower,4,11,0,0,15,0,0,0,0,0,4,11,0,0,15,0,0,0,15
03/09/2018,BET,AK,AAL,WE,Federal Contract Tower,11,15,3,0,29,0,74,5,0,79,11,89,8,0,108,6,0,6,114
03/10/2018,BET,AK,AAL,WE,Federal Contract Tower,9,47,6,0,62,0,137,19,0,156,9,184,25,0,218,0,0,0,218
03/11/2018,BET,AK,AAL,WE,Federal Contract Tower,4,32,7,0,43,0,102,1,0,103,4,134,8,0,146,6,0,6,152
03/12/2018,BET,AK,AAL,WE,Federal Contract Tower,10,21,2,0,33,0,196,21,0,217,10,217,23,0,250,2,0,2,252
03/13/2018,BET,AK,AAL,WE,Federal Contract Tower,9,33,0,0,42,0,86,4,0,90,9,119,4,0,132,4,0,4,136
03/14/2018,BET,AK,AAL,WE,Federal Contract Tower,10,72,35,0,117,0,10,0,0,10,10,82,35,0,127,0,0,0,127
03/15/2018,BET,AK,AAL,WE,Federal Contract Tower,10,27,0,0,37,0,148,5,0,153,10,175,5,0,190,0,0,0,190
03/16/2018,BET,AK,AAL,WE,Federal Contract Tower,8,47,7,0,62,1,141,15,0,157,9,188,22,0,219,0,0,0,219
03/17/2018,BET,AK,AAL,WE,Federal Contract Tower,11,22,8,0,41,0,79,15,0,94,11,101,23,0,135,2,0,2,137
03/19/2018,BET,AK,AAL,WE,Federal Contract Tower,11,19,5,0,35,0,219,22,0,241,11,238,27,0,276,0,0,0,276
03/20/2018,BET,AK,AAL,WE,Federal Contract Tower,9,25,6,0,40,0,205,9,0,214,9,230,15,0,254,7,0,7,261
03/21/2018,BET,AK,AAL,WE,Federal Contract Tower,6,16,6,0,28,0,35,7,0,42,6,51,13,0,70,8,0,8,78
03/23/2018,BET,AK,AAL,WE,Federal Contract Tower,8,15,3,0,26,0,146,6,0,152,8,161,9,0,178,0,0,0,178
03/24/2018,BET,AK,AAL,WE,Federal Contract Tower,13,14,4,0,31,1,146,22,0,169,14,160,26,0,200,0,0,0,200
03/25/2018,BET,AK,AAL,WE,Federal Contract Tower,5,25,5,0,35,0,125,2,0,127,5,150,7,0,162,0,0,0,162
03/26/2018,BET,AK,AAL,WE,Federal Contract Tower,8,37,6,0,51,0,153,42,0,195,8,190,48,0,246,0,4,4,250
03/27/2018,BET,AK,AAL,WE,Federal Contract Tower,10,85,21,0,116,0,43,0,0,43,10,128,21,0,159,0,0,0,159
03/28/2018,BET,AK,AAL,WE,Federal Contract Tower,12,42,11,2,67,0,139,6,0,145,12,181,17,2,212,21,0,21,233
03/29/2018,BET,AK,AAL,WE,Federal Contract Tower,4,25,3,0,32,0,90,12,0,102,4,115,15,0,134,6,0,6,140
03/30/2018,BET,AK,AAL,WE,Federal Contract Tower,13,21,6,0,40,0,228,12,0,240,13,249,18,0,280,12,0,12,292
03/31/2018,BET,AK,AAL,WE,Federal Contract Tower,8,20,4,0,32,0,203,24,0,227,8,223,28,0,259,4,0,4,263
04/03/2018,BET,AK,AAL,WE,Federal Contract Tower,13,13,2,0,28,0,215,4,0,219,13,228,6,0,247,8,0,8,255
04/04/2018,BET,AK,AAL,WE,Federal Contract Tower,12,1,0,0,13,0,225,18,0,243,12,226,18,0,256,0,0,0,256
04/05/2018,BET,AK,AAL,WE,Federal Contract Tower,11,15,3,0,29,0,167,45,0,212,11,182,48,0,241,2,0,2,243
04/06/2018,BET,AK,AAL,WE,Federal Contract Tower,14,22,2,0,38,0,202,22,0,224,14,224,24,0,262,4,0,4,266
04/07/2018,BET,AK,AAL,WE,Federal Contract Tower,13,11,0,0,24,0,201,12,0,213,13,212,12,0,237,0,0,0,237
04/08/2018,BET,AK,AAL,WE,Federal Contract Tower,8,8,1,0,17,0,135,23,0,158,8,143,24,0,175,3,0,3,178
04/09/2018,BET,AK,AAL,WE,Federal Contract Tower,13,19,0,0,32,0,205,29,0,234,13,224,29,0,266,0,0,0,266
04/10/2018,BET,AK,AAL,WE,Federal Contract Tower,9,6,0,2,17,0,207,22,0,229,9,213,22,2,246,8,0,8,254
04/11/2018,BET,AK,AAL,WE,Federal Contract Tower,11,7,0,1,19,1,208,37,1,247,12,215,37,2,266,13,0,13,279
04/12/2018,BET,AK,AAL,WE,Federal Contract Tower,17,15,0,0,32,0,183,46,0,229,17,198,46,0,261,0,0,0,261
04/13/2018,BET,AK,AAL,WE,Federal Contract Tower,11,39,0,0,50,0,161,53,0,214,11,200,53,0,264,0,0,0,264
04/14/2018,BET,AK,AAL,WE,Federal Contract Tower,15,57,18,0,90,0,79,39,0,118,15,136,57,0,208,2,0,2,210
04/15/2018,BET,AK,AAL,WE,Federal Contract Tower,4,35,4,0,43,0,134,6,0,140,4,169,10,0,183,2,0,2,185
04/16/2018,BET,AK,AAL,WE,Federal Contract Tower,10,44,5,0,59,0,123,11,0,134,10,167,16,0,193,0,0,0,193
04/17/2018,BET,AK,AAL,WE,Federal Contract Tower,12,15,2,0,29,0,194,74,0,268,12,209,76,0,297,8,0,8,305
04/18/2018,BET,AK,AAL,WE,Federal Contract Tower,10,11,2,0,23,1,217,64,0,282,11,228,66,0,305,6,0,6,311
04/19/2018,BET,AK,AAL,WE,Federal Contract Tower,12,10,0,0,22,1,241,73,0,315,13,251,73,0,337,2,0,2,339
04/20/2018,BET,AK,AAL,WE,Federal Contract Tower,9,12,1,0,22,0,269,52,0,321,9,281,53,0,343,4,0,4,347
04/21/2018,BET,AK,AAL,WE,Federal Contract Tower,16,52,12,0,80,1,117,59,0,177,17,169,71,0,257,4,0,4,261
04/22/2018,BET,AK,AAL,WE,Federal Contract Tower,6,12,0,0,18,0,109,32,0,141,6,121,32,0,159,0,0,0,159
04/23/2018,BET,AK,AAL,WE,Federal Contract Tower,10,23,6,0,39,0,181,54,0,235,10,204,60,0,274,10,0,10,284
04/24/2018,BET,AK,AAL,WE,Federal Contract Tower,9,29,7,0,45,0,103,32,0,135,9,132,39,0,180,2,0,2,182
04/25/2018,BET,AK,AAL,WE,Federal Contract Tower,10,42,10,0,62,0,174,49,0,223,10,216,59,0,285,0,0,0,285
04/26/2018,BET,AK,AAL,WE,Federal Contract Tower,13,36,6,0,55,0,157,57,0,214,13,193,63,0,269,0,0,0,269
04/27/2018,BET,AK,AAL,WE,Federal Contract Tower,10,68,18,0,96,0,143,23,0,166,10,211,41,0,262,5,0,5,267
04/28/2018,BET,AK,AAL,WE,Federal Contract Tower,12,57,13,0,82,0,63,7,0,70,12,120,20,0,152,22,0,22,174
04/29/2018,BET,AK,AAL,WE,Federal Contract Tower,6,47,10,0,63,0,78,1,0,79,6,125,11,0,142,0,0,0,142
04/30/2018,BET,AK,AAL,WE,Federal Contract Tower,13,24,4,0,41,0,207,37,2,246,13,231,41,2,287,2,0,2,289
05/01/2018,BET,AK,AAL,WE,Federal Contract Tower,9,15,6,0,30,0,235,29,0,264,9,250,35,0,294,0,0,0,294
05/02/2018,BET,AK,AAL,WE,Federal Contract Tower,12,18,1,0,31,0,263,51,0,314,12,281,52,0,345,0,0,0,345
05/03/2018,BET,AK,AAL,WE,Federal Contract Tower,11,13,1,0,25,0,268,53,0,321,11,281,54,0,346,3,0,3,349
05/04/2018,BET,AK,AAL,WE,Federal Contract Tower,11,43,9,0,63,0,193,27,0,220,11,236,36,0,283,0,0,0,283
05/05/2018,BET,AK,AAL,WE,Federal Contract Tower,11,57,9,0,77,0,13,1,0,14,11,70,10,0,91,0,0,0,91
05/06/2018,BET,AK,AAL,WE,Federal Contract Tower,6,7,1,0,14,0,190,25,0,215,6,197,26,0,229,0,0,0,229
05/07/2018,BET,AK,AAL,WE,Federal Contract Tower,13,36,7,0,56,0,127,15,0,142,13,163,22,0,198,0,0,0,198
05/08/2018,BET,AK,AAL,WE,Federal Contract Tower,9,20,0,0,29,0,277,43,0,320,9,297,43,0,349,0,0,0,349
05/09/2018,BET,AK,AAL,WE,Federal Contract Tower,11,21,4,0,36,0,299,38,0,337,11,320,42,0,373,4,0,4,377
05/10/2018,BET,AK,AAL,WE,Federal Contract Tower,6,23,2,0,31,0,299,31,0,330,6,322,33,0,361,0,0,0,361
05/11/2018,BET,AK,AAL,WE,Federal Contract Tower,11,21,1,0,33,0,260,20,0,280,11,281,21,0,313,6,0,6,319
05/12/2018,BET,AK,AAL,WE,Federal Contract Tower,11,41,4,0,56,0,86,9,0,95,11,127,13,0,151,10,0,10,161
05/13/2018,BET,AK,AAL,WE,Federal Contract Tower,6,61,5,0,72,0,120,14,0,134,6,181,19,0,206,0,0,0,206
05/14/2018,BET,AK,AAL,WE,Federal Contract Tower,12,25,1,0,38,0,236,22,0,258,12,261,23,0,296,0,0,0,296
05/15/2018,BET,AK,AAL,WE,Federal Contract Tower,5,18,1,0,24,0,231,30,0,261,5,249,31,0,285,4,0,4,289
05/16/2018,BET,AK,AAL,WE,Federal Contract Tower,15,25,3,3,46,0,242,29,0,271,15,267,32,3,317,2,0,2,319
05/17/2018,BET,AK,AAL,WE,Federal Contract Tower,11,14,0,0,25,0,233,42,0,275,11,247,42,0,300,0,0,0,300
05/18/2018,BET,AK,AAL,WE,Federal Contract Tower,8,12,2,0,22,0,241,21,0,262,8,253,23,0,284,8,0,8,292
05/19/2018,BET,AK,AAL,WE,Federal Contract Tower,8,14,3,0,25,0,227,24,0,251,8,241,27,0,276,2,0,2,278
05/20/2018,BET,AK,AAL,WE,Federal Contract Tower,10,19,1,0,30,0,130,20,0,150,10,149,21,0,180,15,0,15,195
05/21/2018,BET,AK,AAL,WE,Federal Contract Tower,8,16,0,0,24,0,204,15,1,220,8,220,15,1,244,0,0,0,244
05/23/2018,BET,AK,AAL,WE,Federal Contract Tower,8,12,3,0,23,0,192,37,2,231,8,204,40,2,254,2,0,2,256
05/24/2018,BET,AK,AAL,WE,Federal Contract Tower,8,13,2,0,23,0,231,15,0,246,8,244,17,0,269,10,0,10,279
05/25/2018,BET,AK,AAL,WE,Federal Contract Tower,8,18,5,0,31,0,218,14,0,232,8,236,19,0,263,0,0,0,263
05/26/2018,BET,AK,AAL,WE,Federal Contract Tower,10,35,5,0,50,0,182,23,0,205,10,217,28,0,255,0,0,0,255
05/27/2018,BET,AK,AAL,WE,Federal Contract Tower,6,22,4,0,32,0,116,17,0,133,6,138,21,0,165,5,0,5,170
05/29/2018,BET,AK,AAL,WE,Federal Contract Tower,10,36,8,0,54,0,176,28,0,204,10,212,36,0,258,0,0,0,258
05/30/2018,BET,AK,AAL,WE,Federal Contract Tower,9,38,6,0,53,0,196,10,0,206,9,234,16,0,259,0,0,0,259
05/31/2018,BET,AK,AAL,WE,Federal Contract Tower,29,3,0,0,32,0,271,29,0,300,29,274,29,0,332,0,0,0,332
06/01/2018,BET,AK,AAL,WE,Federal Contract Tower,6,14,2,0,22,1,217,15,0,233,7,231,17,0,255,4,0,4,259
06/02/2018,BET,AK,AAL,WE,Federal Contract Tower,14,11,2,0,27,0,163,14,0,177,14,174,16,0,204,9,0,9,213
06/03/2018,BET,AK,AAL,WE,Federal Contract Tower,10,28,4,0,42,0,90,5,0,95,10,118,9,0,137,4,0,4,141
06/04/2018,BET,AK,AAL,WE,Federal Contract Tower,12,12,4,0,28,0,191,27,1,219,12,203,31,1,247,6,1,7,254
06/05/2018,BET,AK,AAL,WE,Federal Contract Tower,9,19,2,0,30,0,220,31,0,251,9,239,33,0,281,6,0,6,287
06/06/2018,BET,AK,AAL,WE,Federal Contract Tower,9,5,2,0,16,0,224,17,0,241,9,229,19,0,257,0,0,0,257
06/07/2018,BET,AK,AAL,WE,Federal Contract Tower,10,65,6,0,81,0,115,5,0,120,10,180,11,0,201,2,0,2,203
06/08/2018,BET,AK,AAL,WE,Federal Contract Tower,8,56,6,0,70,0,191,17,0,208,8,247,23,0,278,0,0,0,278
06/09/2018,BET,AK,AAL,WE,Federal Contract Tower,10,18,1,0,29,0,190,16,0,206,10,208,17,0,235,19,0,19,254
06/10/2018,BET,AK,AAL,WE,Federal Contract Tower,10,14,0,0,24,0,112,14,0,126,10,126,14,0,150,8,0,8,158
06/11/2018,BET,AK,AAL,WE,Federal Contract Tower,9,7,4,2,22,0,198,14,0,212,9,205,18,2,234,6,0,6,240
06/12/2018,BET,AK,AAL,WE,Federal Contract Tower,5,7,2,0,14,0,218,29,2,249,5,225,31,2,263,12,0,12,275
06/13/2018,BET,AK,AAL,WE,Federal Contract Tower,12,6,1,0,19,1,244,19,0,264,13,250,20,0,283,0,0,0,283
06/14/2018,BET,AK,AAL,WE,Federal Contract Tower,9,5,0,0,14,0,238,21,2,261,9,243,21,2,275,0,0,0,275
06/15/2018,BET,AK,AAL,WE,Federal Contract Tower,8,10,0,0,18,0,230,20,1,251,8,240,20,1,269,3,0,3,272
06/16/2018,BET,AK,AAL,WE,Federal Contract Tower,11,83,7,1,102,0,80,11,1,92,11,163,18,2,194,0,0,0,194
06/17/2018,BET,AK,AAL,WE,Federal Contract Tower,10,29,0,0,39,0,105,3,0,108,10,134,3,0,147,0,0,0,147
06/18/2018,BET,AK,AAL,WE,Federal Contract Tower,11,30,5,0,46,0,220,16,0,236,11,250,21,0,282,0,0,0,282
06/19/2018,BET,AK,AAL,WE,Federal Contract Tower,5,20,3,0,28,0,220,24,1,245,5,240,27,1,273,4,0,4,277
06/20/2018,BET,AK,AAL,WE,Federal Contract Tower,12,14,1,0,27,0,275,25,0,300,12,289,26,0,327,0,0,0,327
06/21/2018,BET,AK,AAL,WE,Federal Contract Tower,9,77,6,2,94,0,183,21,0,204,9,260,27,2,298,2,0,2,300
06/22/2018,BET,AK,AAL,WE,Federal Contract Tower,9,28,1,0,38,0,207,32,0,239,9,235,33,0,277,0,0,0,277
06/23/2018,BET,AK,AAL,WE,Federal Contract Tower,9,15,2,0,26,0,194,12,1,207,9,209,14,1,233,0,0,0,233
06/24/2018,BET,AK,AAL,WE,Federal Contract Tower,5,13,0,0,18,1,145,15,0,161,6,158,15,0,179,4,0,4,183
06/25/2018,BET,AK,AAL,WE,Federal Contract Tower,8,12,1,0,21,0,266,10,1,277,8,278,11,1,298,2,0,2,300
06/26/2018,BET,AK,AAL,WE,Federal Contract Tower,9,21,2,2,34,0,213,21,2,236,9,234,23,4,270,14,0,14,284
06/27/2018,BET,AK,AAL,WE,Federal Contract Tower,9,16,1,0,26,0,240,25,0,265,9,256,26,0,291,0,0,0,291
06/28/2018,BET,AK,AAL,WE,Federal Contract Tower,9,12,1,0,22,0,226,38,0,264,9,238,39,0,286,6,0,6,292
06/29/2018,BET,AK,AAL,WE,Federal Contract Tower,14,31,2,0,47,0,165,16,0,181,14,196,18,0,228,9,0,9,237
06/30/2018,BET,AK,AAL,WE,Federal Contract Tower,14,38,4,0,56,0,110,18,0,128,14,148,22,0,184,0,0,0,184
07/01/2018,BET,AK,AAL,WE,Federal Contract Tower,10,31,3,0,44,0,130,10,0,140,10,161,13,0,184,0,0,0,184
07/02/2018,BET,AK,AAL,WE,Federal Contract Tower,11,65,10,0,86,0,165,21,0,186,11,230,31,0,272,4,0,4,276
07/03/2018,BET,AK,AAL,WE,Federal Contract Tower,10,11,2,2,25,0,224,16,1,241,10,235,18,3,266,6,0,6,272
07/04/2018,BET,AK,AAL,WE,Federal Contract Tower,6,7,8,0,21,0,7,10,0,17,6,14,18,0,38,0,0,0,38
07/05/2018,BET,AK,AAL,WE,Federal Contract Tower,8,54,3,0,65,0,134,26,0,160,8,188,29,0,225,0,0,0,225
07/06/2018,BET,AK,AAL,WE,Federal Contract Tower,10,17,1,0,28,0,252,24,0,276,10,269,25,0,304,10,0,10,314
07/07/2018,BET,AK,AAL,WE,Federal Contract Tower,10,52,8,0,70,0,91,12,0,103,10,143,20,0,173,2,0,2,175
07/08/2018,BET,AK,AAL,WE,Federal Contract Tower,6,37,5,0,48,0,111,3,0,114,6,148,8,0,162,8,0,8,170
07/09/2018,BET,AK,AAL,WE,Federal Contract Tower,9,21,2,2,34,0,184,18,0,202,9,205,20,2,236,2,0,2,238
07/10/2018,BET,AK,AAL,WE,Federal Contract Tower,8,42,5,0,55,0,219,16,0,235,8,261,21,0,290,6,0,6,296
07/11/2018,BET,AK,AAL,WE,Federal Contract Tower,11,64,12,0,87,0,140,11,0,151,11,204,23,0,238,2,0,2,240
07/12/2018,BET,AK,AAL,WE,Federal Contract Tower,9,20,2,0,31,0,212,38,2,252,9,232,40,2,283,8,0,8,291
07/13/2018,BET,AK,AAL,WE,Federal Contract Tower,10,15,3,0,28,1,232,19,0,252,11,247,22,0,280,2,0,2,282
07/14/2018,BET,AK,AAL,WE,Federal Contract Tower,7,27,3,0,37,0,178,30,0,208,7,205,33,0,245,0,0,0,245
07/15/2018,BET,AK,AAL,WE,Federal Contract Tower,6,24,5,0,35,0,112,13,0,125,6,136,18,0,160,2,0,2,162
07/16/2018,BET,AK,AAL,WE,Federal Contract Tower,10,89,10,0,109,0,102,6,0,108,10,191,16,0,217,0,0,0,217
07/17/2018,BET,AK,AAL,WE,Federal Contract Tower,12,76,16,0,104,0,174,18,0,192,12,250,34,0,296,18,0,18,314
07/18/2018,BET,AK,AAL,WE,Federal Contract Tower,9,51,15,0,75,1,212,15,2,230,10,263,30,2,305,0,0,0,305
07/19/2018,BET,AK,AAL,WE,Federal Contract Tower,9,25,4,0,38,0,254,11,2,267,9,279,15,2,305,8,1,9,314
07/20/2018,BET,AK,AAL,WE,Federal Contract Tower,10,16,2,0,28,0,281,27,0,308,10,297,29,0,336,20,0,20,356
07/21/2018,BET,AK,AAL,WE,Federal Contract Tower,15,30,2,0,47,0,201,27,0,228,15,231,29,0,275,0,0,0,275
07/22/2018,BET,AK,AAL,WE,Federal Contract Tower,8,16,1,0,25,0,137,20,0,157,8,153,21,0,182,6,0,6,188
07/23/2018,BET,AK,AAL,WE,Federal Contract Tower,11,13,4,0,28,0,221,19,0,240,11,234,23,0,268,0,0,0,268
07/24/2018,BET,AK,AAL,WE,Federal Contract Tower,13,14,3,0,30,0,277,39,0,316,13,291,42,0,346,0,0,0,346
07/25/2018,BET,AK,AAL,WE,Federal Contract Tower,11,10,3,1,25,2,298,31,3,334,13,308,34,4,359,27,0,27,386
07/26/2018,BET,AK,AAL,WE,Federal Contract Tower,11,28,0,0,39,0,302,21,1,324,11,330,21,1,363,2,0,2,365
07/27/2018,BET,AK,AAL,WE,Federal Contract Tower,8,16,1,2,27,0,276,26,2,304,8,292,27,4,331,4,0,4,335
07/28/2018,BET,AK,AAL,WE,Federal Contract Tower,10,24,0,0,34,0,257,29,0,286,10,281,29,0,320,0,0,0,320
07/29/2018,BET,AK,AAL,WE,Federal Contract Tower,5,16,0,0,21,1,150,14,0,165,6,166,14,0,186,12,0,12,198
07/30/2018,BET,AK,AAL,WE,Federal Contract Tower,8,31,2,0,41,1,219,31,1,252,9,250,33,1,293,0,0,0,293
07/31/2018,BET,AK,AAL,WE,Federal Contract Tower,13,95,7,1,116,0,142,16,0,158,13,237,23,1,274,4,0,4,278
08/01/2018,BET,AK,AAL,WE,Federal Contract Tower,14,129,18,0,161,0,22,2,0,24,14,151,20,0,185,0,0,0,185
08/02/2018,BET,AK,AAL,WE,Federal Contract Tower,9,114,9,0,132,0,34,5,0,39,9,148,14,0,171,0,0,0,171
08/03/2018,BET,AK,AAL,WE,Federal Contract Tower,9,63,6,0,78,0,175,25,0,200,9,238,31,0,278,0,0,0,278
08/04/2018,BET,AK,AAL,WE,Federal Contract Tower,10,44,7,0,61,0,175,33,0,208,10,219,40,0,269,18,0,18,287
08/05/2018,BET,AK,AAL,WE,Federal Contract Tower,6,56,5,0,67,0,0,0,0,0,6,56,5,0,67,0,0,0,67
08/06/2018,BET,AK,AAL,WE,Federal Contract Tower,14,91,19,0,124,0,30,0,0,30,14,121,19,0,154,0,0,0,154
08/07/2018,BET,AK,AAL,WE,Federal Contract Tower,10,61,10,0,81,0,229,32,0,261,10,290,42,0,342,0,0,0,342
08/08/2018,BET,AK,AAL,WE,Federal Contract Tower,12,15,0,0,27,2,246,47,0,295,14,261,47,0,322,6,0,6,328
08/09/2018,BET,AK,AAL,WE,Federal Contract Tower,9,58,6,0,73,0,227,24,0,251,9,285,30,0,324,4,0,4,328
08/10/2018,BET,AK,AAL,WE,Federal Contract Tower,7,21,2,0,30,0,261,34,0,295,7,282,36,0,325,0,0,0,325
08/11/2018,BET,AK,AAL,WE,Federal Contract Tower,12,87,14,0,113,0,77,1,0,78,12,164,15,0,191,0,0,0,191
08/12/2018,BET,AK,AAL,WE,Federal Contract Tower,6,52,5,0,63,0,94,1,0,95,6,146,6,0,158,0,0,0,158
08/13/2018,BET,AK,AAL,WE,Federal Contract Tower,13,49,18,1,81,0,15,0,0,15,13,64,18,1,96,0,0,0,96
08/14/2018,BET,AK,AAL,WE,Federal Contract Tower,9,36,7,0,52,0,202,14,0,216,9,238,21,0,268,2,0,2,270
08/15/2018,BET,AK,AAL,WE,Federal Contract Tower,19,10,5,0,34,2,271,32,1,306,21,281,37,1,340,0,0,0,340
08/16/2018,BET,AK,AAL,WE,Federal Contract Tower,8,7,5,0,20,1,262,43,0,306,9,269,48,0,326,0,0,0,326
08/17/2018,BET,AK,AAL,WE,Federal Contract Tower,9,9,5,0,23,0,253,28,0,281,9,262,33,0,304,0,0,0,304
08/18/2018,BET,AK,AAL,WE,Federal Contract Tower,12,16,3,0,31,0,235,28,0,263,12,251,31,0,294,0,0,0,294
08/19/2018,BET,AK,AAL,WE,Federal Contract Tower,8,33,2,0,43,0,104,16,0,120,8,137,18,0,163,0,0,0,163
08/20/2018,BET,AK,AAL,WE,Federal Contract Tower,13,21,1,0,35,0,220,22,0,242,13,241,23,0,277,2,0,2,279
08/21/2018,BET,AK,AAL,WE,Federal Contract Tower,5,39,2,0,46,0,202,14,4,220,5,241,16,4,266,5,0,5,271
08/22/2018,BET,AK,AAL,WE,Federal Contract Tower,18,75,6,0,99,0,146,7,0,153,18,221,13,0,252,0,0,0,252
08/23/2018,BET,AK,AAL,WE,Federal Contract Tower,13,65,8,0,86,0,172,15,0,187,13,237,23,0,273,0,0,0,273
08/24/2018,BET,AK,AAL,WE,Federal Contract Tower,9,47,2,0,58,0,223,15,0,238,9,270,17,0,296,2,0,2,298
08/25/2018,BET,AK,AAL,WE,Federal Contract Tower,13,35,7,0,55,0,161,22,0,183,13,196,29,0,238,0,0,0,238
08/26/2018,BET,AK,AAL,WE,Federal Contract Tower,6,66,10,0,82,0,71,5,0,76,6,137,15,0,158,0,0,0,158
08/27/2018,BET,AK,AAL,WE,Federal Contract Tower,12,42,1,0,55,1,191,13,0,205,13,233,14,0,260,0,0,0,260
08/28/2018,BET,AK,AAL,WE,Federal Contract Tower,7,18,1,0,26,0,240,25,0,265,7,258,26,0,291,0,0,0,291
08/29/2018,BET,AK,AAL,WE,Federal Contract Tower,15,53,7,0,75,0,183,9,0,192,15,236,16,0,267,0,0,0,267
08/30/2018,BET,AK,AAL,WE,Federal Contract Tower,13,77,8,0,98,0,144,3,0,147,13,221,11,0,245,0,0,0,245
08/31/2018,BET,AK,AAL,WE,Federal Contract Tower,9,29,2,0,40,0,213,26,0,239,9,242,28,0,279,2,0,2,281
09/01/2018,BET,AK,AAL,WE,Federal Contract Tower,8,19,0,0,27,0,189,38,0,227,8,208,38,0,254,0,0,0,254
09/02/2018,BET,AK,AAL,WE,Federal Contract Tower,4,24,2,0,30,0,137,22,0,159,4,161,24,0,189,4,0,4,193
09/03/2018,BET,AK,AAL,WE,Federal Contract Tower,7,18,0,0,25,0,114,24,1,139,7,132,24,1,164,0,0,0,164
09/04/2018,BET,AK,AAL,WE,Federal Contract Tower,7,21,1,0,29,0,254,30,0,284,7,275,31,0,313,0,0,0,313
09/05/2018,BET,AK,AAL,WE,Federal Contract Tower,13,40,0,0,53,0,231,23,2,256,13,271,23,2,309,2,0,2,311
09/06/2018,BET,AK,AAL,WE,Federal Contract Tower,8,75,3,0,86,0,108,13,0,121,8,183,16,0,207,2,0,2,209
09/07/2018,BET,AK,AAL,WE,Federal Contract Tower,7,11,0,0,18,0,296,29,0,325,7,307,29,0,343,2,0,2,345
09/08/2018,BET,AK,AAL,WE,Federal Contract Tower,12,12,0,0,24,1,243,49,1,294,13,255,49,1,318,4,0,4,322
09/09/2018,BET,AK,AAL,WE,Federal Contract Tower,6,14,0,0,20,0,161,30,0,191,6,175,30,0,211,2,0,2,213
09/10/2018,BET,AK,AAL,WE,Federal Contract Tower,15,16,0,0,31,0,164,36,0,200,15,180,36,0,231,0,0,0,231
09/11/2018,BET,AK,AAL,WE,Federal Contract Tower,11,39,1,0,51,0,148,14,0,162,11,187,15,0,213,3,0,3,216
09/12/2018,BET,AK,AAL,WE,Federal Contract Tower,11,64,3,0,78,0,154,25,0,179,11,218,28,0,257,0,1,1,258
09/13/2018,BET,AK,AAL,WE,Federal Contract Tower,9,7,0,0,16,0,273,57,0,330,9,280,57,0,346,0,0,0,346
09/14/2018,BET,AK,AAL,WE,Federal Contract Tower,11,69,3,0,83,0,141,24,0,165,11,210,27,0,248,0,0,0,248
09/15/2018,BET,AK,AAL,WE,Federal Contract Tower,10,104,12,0,126,0,96,24,0,120,10,200,36,0,246,0,0,0,246
09/16/2018,BET,AK,AAL,WE,Federal Contract Tower,6,39,4,0,49,0,148,19,0,167,6,187,23,0,216,2,0,2,218
09/17/2018,BET,AK,AAL,WE,Federal Contract Tower,12,82,12,0,106,0,56,8,0,64,12,138,20,0,170,0,0,0,170
09/18/2018,BET,AK,AAL,WE,Federal Contract Tower,10,33,2,0,45,0,205,50,0,255,10,238,52,0,300,0,0,0,300
09/19/2018,BET,AK,AAL,WE,Federal Contract Tower,17,49,0,0,66,0,227,6,0,233,17,276,6,0,299,0,0,0,299
09/20/2018,BET,AK,AAL,WE,Federal Contract Tower,13,59,1,0,73,0,199,30,0,229,13,258,31,0,302,2,0,2,304
09/21/2018,BET,AK,AAL,WE,Federal Contract Tower,10,93,6,0,109,0,87,10,0,97,10,180,16,0,206,0,0,0,206
09/22/2018,BET,AK,AAL,WE,Federal Contract Tower,13,92,4,2,111,0,162,21,0,183,13,254,25,2,294,0,0,0,294
09/23/2018,BET,AK,AAL,WE,Federal Contract Tower,6,83,10,0,99,0,113,27,0,140,6,196,37,0,239,0,0,0,239
09/24/2018,BET,AK,AAL,WE,Federal Contract Tower,15,54,1,2,72,0,148,18,0,166,15,202,19,2,238,0,0,0,238
09/25/2018,BET,AK,AAL,WE,Federal Contract Tower,8,22,0,0,30,1,290,38,0,329,9,312,38,0,359,8,0,8,367
09/26/2018,BET,AK,AAL,WE,Federal Contract Tower,13,13,0,0,26,0,272,29,0,301,13,285,29,0,327,0,0,0,327
09/27/2018,BET,AK,AAL,WE,Federal Contract Tower,14,12,0,0,26,0,239,33,0,272,14,251,33,0,298,18,0,18,316
09/28/2018,BET,AK,AAL,WE,Federal Contract Tower,11,19,0,0,30,0,223,34,0,257,11,242,34,0,287,2,0,2,289
09/29/2018,BET,AK,AAL,WE,Federal Contract Tower,13,5,0,0,18,0,191,36,1,228,13,196,36,1,246,0,0,0,246
09/30/2018,BET,AK,AAL,WE,Federal Contract Tower,7,10,0,0,17,1,169,32,1,203,8,179,32,1,220,6,0,6,226
10/01/2018,BET,AK,AAL,WE,Federal Contract Tower,7,9,0,0,16,0,236,18,0,254,7,245,18,0,270,0,0,0,270
10/02/2018,BET,AK,AAL,WE,Federal Contract Tower,11,24,1,0,36,0,176,24,2,202,11,200,25,2,238,26,0,26,264
10/03/2018,BET,AK,AAL,WE,Federal Contract Tower,11,25,0,0,36,0,233,23,0,256,11,258,23,0,292,0,0,0,292
10/04/2018,BET,AK,AAL,WE,Federal Contract Tower,9,23,2,0,34,0,227,18,4,249,9,250,20,4,283,10,4,14,297
10/05/2018,BET,AK,AAL,WE,Federal Contract Tower,8,9,2,0,19,0,267,30,0,297,8,276,32,0,316,4,0,4,320
10/06/2018,BET,AK,AAL,WE,Federal Contract Tower,10,28,0,0,38,0,240,16,0,256,10,268,16,0,294,20,0,20,314
10/07/2018,BET,AK,AAL,WE,Federal Contract Tower,8,24,2,0,34,0,102,8,0,110,8,126,10,0,144,18,0,18,162
10/08/2018,BET,AK,AAL,WE,Federal Contract Tower,9,16,0,0,25,0,229,21,0,250,9,245,21,0,275,16,0,16,291
10/09/2018,BET,AK,AAL,WE,Federal Contract Tower,9,33,0,0,42,0,251,21,0,272,9,284,21,0,314,22,0,22,336
10/10/2018,BET,AK,AAL,WE,Federal Contract Tower,12,85,5,0,102,0,32,4,0,36,12,117,9,0,138,34,0,34,172
10/11/2018,BET,AK,AAL,WE,Federal Contract Tower,11,25,0,0,36,0,266,14,0,280,11,291,14,0,316,24,0,24,340
10/12/2018,BET,AK,AAL,WE,Federal Contract Tower,11,16,1,0,28,0,256,17,0,273,11,272,18,0,301,26,0,26,327
10/13/2018,BET,AK,AAL,WE,Federal Contract Tower,9,16,4,0,29,0,227,9,0,236,9,243,13,0,265,28,0,28,293
10/14/2018,BET,AK,AAL,WE,Federal Contract Tower,5,14,2,0,21,0,217,18,2,237,5,231,20,2,258,12,0,12,270
10/15/2018,BET,AK,AAL,WE,Federal Contract Tower,12,15,0,0,27,0,268,26,1,295,12,283,26,1,322,20,0,20,342
10/16/2018,BET,AK,AAL,WE,Federal Contract Tower,10,12,0,0,22,0,212,38,0,250,10,224,38,0,272,22,0,22,294
10/17/2018,BET,AK,AAL,WE,Federal Contract Tower,13,22,0,0,35,0,282,31,0,313,13,304,31,0,348,24,0,24,372
10/18/2018,BET,AK,AAL,WE,Federal Contract Tower,16,22,1,1,40,0,218,29,3,250,16,240,30,4,290,14,0,14,304
10/19/2018,BET,AK,AAL,WE,Federal Contract Tower,10,13,0,0,23,0,264,33,3,300,10,277,33,3,323,0,0,0,323
10/20/2018,BET,AK,AAL,WE,Federal Contract Tower,10,19,1,1,31,0,205,28,3,236,10,224,29,4,267,10,0,10,277
10/21/2018,BET,AK,AAL,WE,Federal Contract Tower,8,28,0,0,36,0,224,6,0,230,8,252,6,0,266,14,0,14,280
10/22/2018,BET,AK,AAL,WE,Federal Contract Tower,14,33,0,0,47,0,258,54,0,312,14,291,54,0,359,16,0,16,375
10/23/2018,BET,AK,AAL,WE,Federal Contract Tower,12,69,2,0,83,0,125,20,0,145,12,194,22,0,228,0,0,0,228
10/24/2018,BET,AK,AAL,WE,Federal Contract Tower,10,68,7,2,87,0,128,12,0,140,10,196,19,2,227,0,0,0,227
10/25/2018,BET,AK,AAL,WE,Federal Contract Tower,7,31,1,0,39,0,231,30,0,261,7,262,31,0,300,0,0,0,300
10/26/2018,BET,AK,AAL,WE,Federal Contract Tower,12,52,7,0,71,0,223,26,0,249,12,275,33,0,320,10,0,10,330
10/27/2018,BET,AK,AAL,WE,Federal Contract Tower,8,14,0,0,22,0,252,7,0,259,8,266,7,0,281,9,0,9,290
10/28/2018,BET,AK,AAL,WE,Federal Contract Tower,12,11,0,0,23,0,204,16,0,220,12,215,16,0,243,0,0,0,243
10/29/2018,BET,AK,AAL,WE,Federal Contract Tower,8,51,2,0,61,0,2,0,0,2,8,53,2,0,63,8,0,8,71
10/30/2018,BET,AK,AAL,WE,Federal Contract Tower,8,37,0,0,45,0,285,26,0,311,8,322,26,0,356,8,0,8,364
10/31/2018,BET,AK,AAL,WE,Federal Contract Tower,11,18,0,0,29,0,8,0,0,8,11,26,0,0,37,0,0,0,37
11/01/2018,BET,AK,AAL,WE,Federal Contract Tower,9,7,2,1,19,0,286,41,0,327,9,293,43,1,346,10,0,10,356
11/02/2018,BET,AK,AAL,WE,Federal Contract Tower,9,10,0,0,19,0,270,36,0,306,9,280,36,0,325,12,0,12,337
11/03/2018,BET,AK,AAL,WE,Federal Contract Tower,9,12,1,0,22,0,273,34,0,307,9,285,35,0,329,6,0,6,335
11/04/2018,BET,AK,AAL,WE,Federal Contract Tower,10,19,0,0,29,1,186,14,0,201,11,205,14,0,230,0,0,0,230
11/05/2018,BET,AK,AAL,WE,Federal Contract Tower,13,31,0,0,44,0,309,36,0,345,13,340,36,0,389,0,0,0,389
11/06/2018,BET,AK,AAL,WE,Federal Contract Tower,11,18,0,0,29,0,261,40,0,301,11,279,40,0,330,4,0,4,334
11/07/2018,BET,AK,AAL,WE,Federal Contract Tower,9,27,1,0,37,0,250,62,2,314,9,277,63,2,351,0,0,0,351
11/08/2018,BET,AK,AAL,WE,Federal Contract Tower,13,28,3,0,44,0,144,26,0,170,13,172,29,0,214,0,0,0,214
11/09/2018,BET,AK,AAL,WE,Federal Contract Tower,7,12,0,0,19,0,324,50,2,376,7,336,50,2,395,4,0,4,399
11/10/2018,BET,AK,AAL,WE,Federal Contract Tower,6,6,0,0,12,2,254,23,0,279,8,260,23,0,291,8,0,8,299
11/11/2018,BET,AK,AAL,WE,Federal Contract Tower,2,8,0,0,10,0,122,1,0,123,2,130,1,0,133,0,0,0,133
11/12/2018,BET,AK,AAL,WE,Federal Contract Tower,8,44,1,0,53,0,24,1,0,25,8,68,2,0,78,0,0,0,78
11/13/2018,BET,AK,AAL,WE,Federal Contract Tower,5,17,2,0,24,0,249,20,1,270,5,266,22,1,294,0,0,0,294
11/14/2018,BET,AK,AAL,WE,Federal Contract Tower,8,56,14,0,78,0,167,22,0,189,8,223,36,0,267,4,0,4,271
11/15/2018,BET,AK,AAL,WE,Federal Contract Tower,8,4,1,4,17,0,298,23,1,322,8,302,24,5,339,0,0,0,339
11/16/2018,BET,AK,AAL,WE,Federal Contract Tower,6,10,0,0,16,0,119,5,0,124,6,129,5,0,140,4,0,4,144
11/17/2018,BET,AK,AAL,WE,Federal Contract Tower,10,20,2,0,32,0,200,26,0,226,10,220,28,0,258,0,0,0,258
11/18/2018,BET,AK,AAL,WE,Federal Contract Tower,3,30,0,0,33,0,0,0,0,0,3,30,0,0,33,0,0,0,33
11/19/2018,BET,AK,AAL,WE,Federal Contract Tower,7,47,1,0,55,0,246,33,0,279,7,293,34,0,334,0,0,0,334
11/20/2018,BET,AK,AAL,WE,Federal Contract Tower,4,36,0,0,40,0,0,0,0,0,4,36,0,0,40,0,0,0,40
11/21/2018,BET,AK,AAL,WE,Federal Contract Tower,9,84,6,0,99,0,36,7,0,43,9,120,13,0,142,0,0,0,142
11/22/2018,BET,AK,AAL,WE,Federal Contract Tower,0,2,0,0,2,0,8,24,0,32,0,10,24,0,34,6,0,6,40
11/23/2018,BET,AK,AAL,WE,Federal Contract Tower,7,75,3,0,85,0,189,13,0,202,7,264,16,0,287,32,0,32,319
11/24/2018,BET,AK,AAL,WE,Federal Contract Tower,10,60,1,0,71,0,153,19,0,172,10,213,20,0,243,2,0,2,245
11/25/2018,BET,AK,AAL,WE,Federal Contract Tower,7,22,1,0,30,0,266,34,0,300,7,288,35,0,330,2,0,2,332
11/26/2018,BET,AK,AAL,WE,Federal Contract Tower,9,66,1,0,76,0,17,1,0,18,9,83,2,0,94,0,0,0,94
11/27/2018,BET,AK,AAL,WE,Federal Contract Tower,7,96,7,0,110,0,0,0,0,0,7,96,7,0,110,0,0,0,110
11/28/2018,BET,AK,AAL,WE,Federal Contract Tower,6,80,0,0,86,0,0,0,0,0,6,80,0,0,86,0,0,0,86
11/29/2018,BET,AK,AAL,WE,Federal Contract Tower,8,42,1,0,51,0,170,50,2,222,8,212,51,2,273,2,0,2,275
11/30/2018,BET,AK,AAL,WE,Federal Contract Tower,2,28,2,0,32,0,30,14,0,44,2,58,16,0,76,8,0,8,84
12/01/2018,BET,AK,AAL,WE,Federal Contract Tower,9,40,5,1,55,0,221,51,5,277,9,261,56,6,332,8,0,8,340
12/02/2018,BET,AK,AAL,WE,Federal Contract Tower,10,8,0,0,18,0,124,5,0,129,10,132,5,0,147,0,0,0,147
12/03/2018,BET,AK,AAL,WE,Federal Contract Tower,9,10,3,0,22,0,298,64,0,362,9,308,67,0,384,14,0,14,398
12/04/2018,BET,AK,AAL,WE,Federal Contract Tower,3,11,3,0,17,0,166,40,2,208,3,177,43,2,225,0,0,0,225
12/05/2018,BET,AK,AAL,WE,Federal Contract Tower,10,44,6,0,60,0,116,25,0,141,10,160,31,0,201,4,0,4,205
12/06/2018,BET,AK,AAL,WE,Federal Contract Tower,6,33,7,0,46,0,103,30,0,133,6,136,37,0,179,0,0,0,179
12/07/2018,BET,AK,AAL,WE,Federal Contract Tower,10,9,3,0,22,0,312,35,0,347,10,321,38,0,369,0,0,0,369
12/08/2018,BET,AK,AAL,WE,Federal Contract Tower,9,54,5,0,68,0,152,7,0,159,9,206,12,0,227,0,0,0,227
12/09/2018,BET,AK,AAL,WE,Federal Contract Tower,4,34,3,0,41,1,202,13,0,216,5,236,16,0,257,8,0,8,265
12/10/2018,BET,AK,AAL,WE,Federal Contract Tower,7,45,6,1,59,0,17,0,0,17,7,62,6,1,76,0,0,0,76
12/11/2018,BET,AK,AAL,WE,Federal Contract Tower,7,16,0,0,23,0,231,30,2,263,7,247,30,2,286,10,0,10,296
12/12/2018,BET,AK,AAL,WE,Federal Contract Tower,10,15,0,0,25,1,218,41,2,262,11,233,41,2,287,0,0,0,287
12/13/2018,BET,AK,AAL,WE,Federal Contract Tower,11,17,0,0,28,1,296,45,2,344,12,313,45,2,372,4,0,4,376
12/14/2018,BET,AK,AAL,WE,Federal Contract Tower,7,11,0,0,18,0,255,26,0,281,7,266,26,0,299,10,0,10,309
12/15/2018,BET,AK,AAL,WE,Federal Contract Tower,5,24,1,0,30,0,150,9,0,159,5,174,10,0,189,12,0,12,201
12/16/2018,BET,AK,AAL,WE,Federal Contract Tower,4,29,0,0,33,0,162,6,0,168,4,191,6,0,201,4,0,4,205
12/17/2018,BET,AK,AAL,WE,Federal Contract Tower,13,11,0,0,24,0,220,10,0,230,13,231,10,0,254,0,0,0,254
12/18/2018,BET,AK,AAL,WE,Federal Contract Tower,7,23,2,0,32,0,196,44,2,242,7,219,46,2,274,4,0,4,278
12/19/2018,BET,AK,AAL,WE,Federal Contract Tower,10,27,0,0,37,0,157,51,2,210,10,184,51,2,247,6,0,6,253
12/20/2018,BET,AK,AAL,WE,Federal Contract Tower,5,13,1,0,19,0,208,25,0,233,5,221,26,0,252,0,0,0,252
12/21/2018,BET,AK,AAL,WE,Federal Contract Tower,7,23,0,0,30,0,222,28,0,250,7,245,28,0,280,6,0,6,286
12/22/2018,BET,AK,AAL,WE,Federal Contract Tower,7,37,2,0,46,0,12,1,0,13,7,49,3,0,59,0,0,0,59
12/23/2018,BET,AK,AAL,WE,Federal Contract Tower,11,40,2,0,53,0,51,6,0,57,11,91,8,0,110,0,0,0,110
12/24/2018,BET,AK,AAL,WE,Federal Contract Tower,6,40,0,0,46,0,136,25,0,161,6,176,25,0,207,0,0,0,207
12/25/2018,BET,AK,AAL,WE,Federal Contract Tower,0,0,0,0,0,0,0,3,0,3,0,0,3,0,3,0,0,0,3
12/26/2018,BET,AK,AAL,WE,Federal Contract Tower,7,57,2,0,66,0,54,2,0,56,7,111,4,0,122,0,0,0,122
12/27/2018,BET,AK,AAL,WE,Federal Contract Tower,12,65,1,0,78,0,32,3,0,35,12,97,4,0,113,6,0,6,119
12/28/2018,BET,AK,AAL,WE,Federal Contract Tower,6,12,0,0,18,0,239,24,0,263,6,251,24,0,281,16,0,16,297
12/29/2018,BET,AK,AAL,WE,Federal Contract Tower,12,13,0,0,25,0,185,17,0,202,12,198,17,0,227,4,0,4,231
12/30/2018,BET,AK,AAL,WE,Federal Contract Tower,6,15,0,0,21,0,83,7,0,90,6,98,7,0,111,0,0,0,111
12/31/2018,BET,AK,AAL,WE,Federal Contract Tower,13,42,0,0,55,0,78,2,0,80,13,120,2,0,135,6,0,6,141
01/01/2019,BET,AK,AAL,WE,Federal Contract Tower,2,4,4,0,10,0,0,1,0,1,2,4,5,0,11,0,0,0,11
01/02/2019,BET,AK,AAL,WE,Federal Contract Tower,8,15,0,0,23,0,174,12,0,186,8,189,12,0,209,6,2,8,217
01/03/2019,BET,AK,AAL,WE,Federal Contract Tower,9,24,1,0,34,0,183,3,0,186,9,207,4,0,220,0,0,0,220
01/04/2019,BET,AK,AAL,WE,Federal Contract Tower,2,3,0,0,5,0,0,0,0,0,2,3,0,0,5,0,0,0,5
01/05/2019,BET,AK,AAL,WE,Federal Contract Tower,10,21,2,0,33,0,72,3,0,75,10,93,5,0,108,0,0,0,108
01/06/2019,BET,AK,AAL,WE,Federal Contract Tower,4,35,0,0,39,0,1,0,0,1,4,36,0,0,40,0,0,0,40
01/07/2019,BET,AK,AAL,WE,Federal Contract Tower,5,52,0,0,57,0,25,0,0,25,5,77,0,0,82,0,0,0,82
01/08/2019,BET,AK,AAL,WE,Federal Contract Tower,4,79,8,2,93,0,13,0,0,13,4,92,8,2,106,0,0,0,106
01/09/2019,BET,AK,AAL,WE,Federal Contract Tower,10,111,11,0,132,0,0,0,0,0,10,111,11,0,132,0,0,0,132
01/10/2019,BET,AK,AAL,WE,Federal Contract Tower,9,4,0,2,15,1,280,36,5,322,10,284,36,7,337,8,52,60,397
01/11/2019,BET,AK,AAL,WE,Federal Contract Tower,8,60,9,0,77,0,84,16,0,100,8,144,25,0,177,4,0,4,181
01/12/2019,BET,AK,AAL,WE,Federal Contract Tower,5,35,11,0,51,0,1,3,0,4,5,36,14,0,55,6,0,6,61
01/13/2019,BET,AK,AAL,WE,Federal Contract Tower,3,6,2,0,11,0,67,5,0,72,3,73,7,0,83,2,0,2,85
01/14/2019,BET,AK,AAL,WE,Federal Contract Tower,11,8,0,0,19,0,120,22,0,142,11,128,22,0,161,0,0,0,161
01/15/2019,BET,AK,AAL,WE,Federal Contract Tower,9,17,0,0,26,0,191,41,0,232,9,208,41,0,258,2,0,2,260
01/16/2019,BET,AK,AAL,WE,Federal Contract Tower,10,12,0,0,22,0,246,23,2,271,10,258,23,2,293,8,0,8,301
01/17/2019,BET,AK,AAL,WE,Federal Contract Tower,5,26,0,0,31,0,189,18,0,207,5,215,18,0,238,2,0,2,240
01/18/2019,BET,AK,AAL,WE,Federal Contract Tower,7,6,0,0,13,1,237,13,0,251,8,243,13,0,264,0,0,0,264
01/19/2019,BET,AK,AAL,WE,Federal Contract Tower,7,27,0,0,34,0,121,17,0,138,7,148,17,0,172,0,0,0,172
01/20/2019,BET,AK,AAL,WE,Federal Contract Tower,8,9,0,0,17,0,168,15,0,183,8,177,15,0,200,2,0,2,202
01/21/2019,BET,AK,AAL,WE,Federal Contract Tower,15,19,1,0,35,0,105,7,0,112,15,124,8,0,147,0,0,0,147
01/22/2019,BET,AK,AAL,WE,Federal Contract Tower,9,25,0,0,34,0,170,5,1,176,9,195,5,1,210,2,0,2,212
01/23/2019,BET,AK,AAL,WE,Federal Contract Tower,10,52,2,0,64,0,28,1,0,29,10,80,3,0,93,0,0,0,93
01/24/2019,BET,AK,AAL,WE,Federal Contract Tower,11,36,0,0,47,0,168,27,0,195,11,204,27,0,242,0,0,0,242
01/25/2019,BET,AK,AAL,WE,Federal Contract Tower,7,30,3,0,40,0,15,2,0,17,7,45,5,0,57,0,0,0,57
01/26/2019,BET,AK,AAL,WE,Federal Contract Tower,9,14,0,0,23,0,11,0,0,11,9,25,0,0,34,4,0,4,38
01/27/2019,BET,AK,AAL,WE,Federal Contract Tower,5,9,0,0,14,0,13,0,0,13,5,22,0,0,27,0,0,0,27
01/28/2019,BET,AK,AAL,WE,Federal Contract Tower,10,40,0,0,50,0,0,0,0,0,10,40,0,0,50,0,0,0,50
01/29/2019,BET,AK,AAL,WE,Federal Contract Tower,5,71,0,0,76,0,186,10,0,196,5,257,10,0,272,0,0,0,272
01/30/2019,BET,AK,AAL,WE,Federal Contract Tower,10,46,2,0,58,0,0,0,0,0,10,46,2,0,58,0,0,0,58
01/31/2019,BET,AK,AAL,WE,Federal Contract Tower,11,17,0,0,28,0,255,28,1,284,11,272,28,1,312,2,0,2,314
02/01/2019,BET,AK,AAL,WE,Federal Contract Tower,8,67,3,0,78,0,16,1,0,17,8,83,4,0,95,0,0,0,95
02/02/2019,BET,AK,AAL,WE,Federal Contract Tower,9,39,8,0,56,0,1,0,0,1,9,40,8,0,57,0,0,0,57
02/03/2019,BET,AK,AAL,WE,Federal Contract Tower,0,3,0,0,3,0,0,0,0,0,0,3,0,0,3,0,0,0,3
02/04/2019,BET,AK,AAL,WE,Federal Contract Tower,6,32,5,0,43,0,156,9,0,165,6,188,14,0,208,12,0,12,220
02/05/2019,BET,AK,AAL,WE,Federal Contract Tower,9,23,3,0,35,0,66,2,0,68,9,89,5,0,103,6,0,6,109
02/06/2019,BET,AK,AAL,WE,Federal Contract Tower,7,22,0,0,29,0,51,7,0,58,7,73,7,0,87,4,0,4,91
02/07/2019,BET,AK,AAL,WE,Federal Contract Tower,10,40,0,0,50,0,24,2,0,26,10,64,2,0,76,2,0,2,78
02/08/2019,BET,AK,AAL,WE,Federal Contract Tower,6,11,0,0,17,0,248,32,0,280,6,259,32,0,297,0,0,0,297
02/09/2019,BET,AK,AAL,WE,Federal Contract Tower,15,31,3,0,49,0,115,12,2,129,15,146,15,2,178,0,0,0,178
02/10/2019,BET,AK,AAL,WE,Federal Contract Tower,3,14,0,0,17,0,169,11,0,180,3,183,11,0,197,8,0,8,205
02/11/2019,BET,AK,AAL,WE,Federal Contract Tower,6,1,0,0,7,0,0,0,0,0,6,1,0,0,7,0,0,0,7
02/12/2019,BET,AK,AAL,WE,Federal Contract Tower,8,15,0,0,23,0,270,21,2,293,8,285,21,2,316,0,0,0,316
02/13/2019,BET,AK,AAL,WE,Federal Contract Tower,8,25,1,0,34,1,225,26,1,253,9,250,27,1,287,2,0,2,289
02/14/2019,BET,AK,AAL,WE,Federal Contract Tower,5,23,0,0,28,0,99,2,2,103,5,122,2,2,131,8,0,8,139
02/15/2019,BET,AK,AAL,WE,Federal Contract Tower,11,20,4,0,35,0,121,10,0,131,11,141,14,0,166,4,0,4,170
02/16/2019,BET,AK,AAL,WE,Federal Contract Tower,11,12,0,0,23,0,267,26,0,293,11,279,26,0,316,4,0,4,320
02/17/2019,BET,AK,AAL,WE,Federal Contract Tower,3,55,0,0,58,0,79,7,0,86,3,134,7,0,144,0,0,0,144
02/18/2019,BET,AK,AAL,WE,Federal Contract Tower,6,65,1,0,72,0,161,8,0,169,6,226,9,0,241,9,0,9,250
02/19/2019,BET,AK,AAL,WE,Federal Contract Tower,9,16,0,0,25,0,152,8,0,160,9,168,8,0,185,1,0,1,186
02/20/2019,BET,AK,AAL,WE,Federal Contract Tower,12,15,2,0,29,0,270,15,0,285,12,285,17,0,314,8,0,8,322
02/21/2019,BET,AK,AAL,WE,Federal Contract Tower,11,16,0,0,27,0,258,19,1,278,11,274,19,1,305,0,0,0,305
02/22/2019,BET,AK,AAL,WE,Federal Contract Tower,11,22,1,2,36,0,173,13,0,186,11,195,14,2,222,10,0,10,232
02/23/2019,BET,AK,AAL,WE,Federal Contract Tower,5,10,2,0,17,0,207,9,0,216,5,217,11,0,233,0,0,0,233
02/24/2019,BET,AK,AAL,WE,Federal Contract Tower,5,70,0,0,75,0,85,4,0,89,5,155,4,0,164,0,0,0,164
02/25/2019,BET,AK,AAL,WE,Federal Contract Tower,10,6,0,0,16,0,138,19,0,157,10,144,19,0,173,0,0,0,173
02/26/2019,BET,AK,AAL,WE,Federal Contract Tower,8,41,0,0,49,0,181,18,2,201,8,222,18,2,250,0,0,0,250
02/27/2019,BET,AK,AAL,WE,Federal Contract Tower,13,7,0,0,20,0,212,16,0,228,13,219,16,0,248,4,0,4,252
02/28/2019,BET,AK,AAL,WE,Federal Contract Tower,10,21,0,1,32,0,270,18,0,288,10,291,18,1,320,2,0,2,322
03/01/2019,BET,AK,AAL,WE,Federal Contract Tower,15,67,3,0,85,0,85,2,0,87,15,152,5,0,172,0,0,0,172
03/02/2019,BET,AK,AAL,WE,Federal Contract Tower,7,17,0,0,24,0,75,4,0,79,7,92,4,0,103,0,0,0,103
03/03/2019,BET,AK,AAL,WE,Federal Contract Tower,2,13,0,0,15,0,273,26,4,303,2,286,26,4,318,0,0,0,318
03/04/2019,BET,AK,AAL,WE,Federal Contract Tower,10,31,0,0,41,0,174,6,0,180,10,205,6,0,221,0,0,0,221
03/05/2019,BET,AK,AAL,WE,Federal Contract Tower,12,58,0,0,70,0,201,4,0,205,12,259,4,0,275,0,0,0,275
03/06/2019,BET,AK,AAL,WE,Federal Contract Tower,11,40,5,0,56,0,251,18,0,269,11,291,23,0,325,0,0,0,325
03/07/2019,BET,AK,AAL,WE,Federal Contract Tower,9,31,1,0,41,0,161,18,0,179,9,192,19,0,220,0,0,0,220
03/08/2019,BET,AK,AAL,WE,Federal Contract Tower,14,45,10,0,69,0,200,33,0,233,14,245,43,0,302,2,0,2,304
03/09/2019,BET,AK,AAL,WE,Federal Contract Tower,10,10,1,0,21,0,112,6,0,118,10,122,7,0,139,0,0,0,139
03/10/2019,BET,AK,AAL,WE,Federal Contract Tower,2,34,2,0,38,0,152,12,0,164,2,186,14,0,202,0,0,0,202
03/11/2019,BET,AK,AAL,WE,Federal Contract Tower,7,85,3,0,95,0,11,1,0,12,7,96,4,0,107,0,0,0,107
03/12/2019,BET,AK,AAL,WE,Federal Contract Tower,9,69,5,0,83,0,74,4,0,78,9,143,9,0,161,0,0,0,161
03/13/2019,BET,AK,AAL,WE,Federal Contract Tower,8,17,0,0,25,0,265,28,2,295,8,282,28,2,320,0,0,0,320
03/14/2019,BET,AK,AAL,WE,Federal Contract Tower,12,68,0,0,80,0,111,1,0,112,12,179,1,0,192,0,0,0,192
03/15/2019,BET,AK,AAL,WE,Federal Contract Tower,11,8,0,0,19,0,233,22,2,257,11,241,22,2,276,4,0,4,280
03/16/2019,BET,AK,AAL,WE,Federal Contract Tower,8,51,0,0,59,0,0,0,0,0,8,51,0,0,59,0,0,0,59
03/17/2019,BET,AK,AAL,WE,Federal Contract Tower,8,12,0,0,20,0,217,16,0,233,8,229,16,0,253,0,0,0,253
03/18/2019,BET,AK,AAL,WE,Federal Contract Tower,9,12,2,0,23,0,243,26,2,271,9,255,28,2,294,8,4,12,306
03/19/2019,BET,AK,AAL,WE,Federal Contract Tower,12,12,0,0,24,2,260,26,0,288,14,272,26,0,312,4,0,4,316
03/20/2019,BET,AK,AAL,WE,Federal Contract Tower,9,25,0,0,34,0,112,9,2,123,9,137,9,2,157,0,0,0,157
03/21/2019,BET,AK,AAL,WE,Federal Contract Tower,10,14,3,0,27,0,191,20,0,211,10,205,23,0,238,2,0,2,240
03/22/2019,BET,AK,AAL,WE,Federal Contract Tower,9,12,0,0,21,0,250,27,0,277,9,262,27,0,298,8,0,8,306
03/23/2019,BET,AK,AAL,WE,Federal Contract Tower,13,9,0,0,22,1,228,16,0,245,14,237,16,0,267,0,0,0,267
03/24/2019,BET,AK,AAL,WE,Federal Contract Tower,4,77,1,0,82,0,43,2,1,46,4,120,3,1,128,0,0,0,128
03/25/2019,BET,AK,AAL,WE,Federal Contract Tower,15,13,0,2,30,0,105,13,2,120,15,118,13,4,150,12,0,12,162
03/26/2019,BET,AK,AAL,WE,Federal Contract Tower,6,33,1,0,40,0,243,69,0,312,6,276,70,0,352,6,0,6,358
03/27/2019,BET,AK,AAL,WE,Federal Contract Tower,9,31,2,0,42,0,250,55,2,307,9,281,57,2,349,4,0,4,353
03/28/2019,BET,AK,AAL,WE,Federal Contract Tower,8,18,1,0,27,0,220,59,0,279,8,238,60,0,306,4,0,4,310
03/29/2019,BET,AK,AAL,WE,Federal Contract Tower,7,5,0,2,14,0,312,53,0,365,7,317,53,2,379,2,0,2,381
03/30/2019,BET,AK,AAL,WE,Federal Contract Tower,7,7,2,0,16,0,253,25,0,278,7,260,27,0,294,0,0,0,294
03/31/2019,BET,AK,AAL,WE,Federal Contract Tower,4,8,0,0,12,0,206,32,0,238,4,214,32,0,250,10,0,10,260
04/01/2019,BET,AK,AAL,WE,Federal Contract Tower,13,8,0,2,23,0,254,30,0,284,13,262,30,2,307,2,0,2,309
04/02/2019,BET,AK,AAL,WE,Federal Contract Tower,11,12,0,0,23,0,270,51,0,321,11,282,51,0,344,2,0,2,346
04/03/2019,BET,AK,AAL,WE,Federal Contract Tower,11,6,1,2,20,1,263,41,0,305,12,269,42,2,325,6,0,6,331
04/04/2019,BET,AK,AAL,WE,Federal Contract Tower,11,12,2,0,25,0,249,34,0,283,11,261,36,0,308,4,0,4,312
04/05/2019,BET,AK,AAL,WE,Federal Contract Tower,11,8,0,0,19,0,339,64,0,403,11,347,64,0,422,8,0,8,430
04/06/2019,BET,AK,AAL,WE,Federal Contract Tower,15,8,3,0,26,0,246,35,0,281,15,254,38,0,307,2,0,2,309
04/07/2019,BET,AK,AAL,WE,Federal Contract Tower,4,14,0,0,18,0,196,18,0,214,4,210,18,0,232,4,0,4,236
04/08/2019,BET,AK,AAL,WE,Federal Contract Tower,15,88,2,0,105,0,55,7,0,62,15,143,9,0,167,10,0,10,177
04/09/2019,BET,AK,AAL,WE,Federal Contract Tower,10,16,0,0,26,1,224,50,0,275,11,240,50,0,301,0,0,0,301
04/10/2019,BET,AK,AAL,WE,Federal Contract Tower,11,6,3,0,20,0,259,79,0,338,11,265,82,0,358,0,0,0,358
04/11/2019,BET,AK,AAL,WE,Federal Contract Tower,17,6,1,0,24,0,151,12,3,166,17,157,13,3,190,4,0,4,194
04/12/2019,BET,AK,AAL,WE,Federal Contract Tower,10,13,1,0,24,1,329,93,0,423,11,342,94,0,447,14,0,14,461
04/13/2019,BET,AK,AAL,WE,Federal Contract Tower,8,44,1,2,55,0,164,15,0,179,8,208,16,2,234,2,0,2,236
04/14/2019,BET,AK,AAL,WE,Federal Contract Tower,5,15,0,0,20,1,201,29,0,231,6,216,29,0,251,2,0,2,253
04/15/2019,BET,AK,AAL,WE,Federal Contract Tower,8,16,0,0,24,2,266,40,0,308,10,282,40,0,332,0,0,0,332
04/16/2019,BET,AK,AAL,WE,Federal Contract Tower,9,47,8,0,64,0,209,46,0,255,9,256,54,0,319,4,0,4,323
04/17/2019,BET,AK,AAL,WE,Federal Contract Tower,9,39,9,0,57,0,208,49,1,258,9,247,58,1,315,2,0,2,317
04/18/2019,BET,AK,AAL,WE,Federal Contract Tower,12,18,0,0,30,0,255,32,1,288,12,273,32,1,318,10,0,10,328
04/19/2019,BET,AK,AAL,WE,Federal Contract Tower,8,21,0,0,29,0,253,41,0,294,8,274,41,0,323,6,0,6,329
04/20/2019,BET,AK,AAL,WE,Federal Contract Tower,8,46,3,0,57,0,200,21,0,221,8,246,24,0,278,0,0,0,278
04/21/2019,BET,AK,AAL,WE,Federal Contract Tower,4,35,2,0,41,0,84,7,0,91,4,119,9,0,132,4,0,4,136
04/22/2019,BET,AK,AAL,WE,Federal Contract Tower,10,36,4,0,50,0,0,0,0,0,10,36,4,0,50,0,0,0,50
04/23/2019,BET,AK,AAL,WE,Federal Contract Tower,11,27,2,0,40,0,280,48,0,328,11,307,50,0,368,0,0,0,368
04/24/2019,BET,AK,AAL,WE,Federal Contract Tower,9,7,1,0,17,1,316,72,0,389,10,323,73,0,406,8,0,8,414
04/25/2019,BET,AK,AAL,WE,Federal Contract Tower,9,6,0,0,15,1,251,74,0,326,10,257,74,0,341,2,0,2,343
04/26/2019,BET,AK,AAL,WE,Federal Contract Tower,9,9,0,0,18,0,277,76,0,353,9,286,76,0,371,4,0,4,375
04/27/2019,BET,AK,AAL,WE,Federal Contract Tower,8,7,0,0,15,0,241,30,0,271,8,248,30,0,286,0,0,0,286
04/28/2019,BET,AK,AAL,WE,Federal Contract Tower,5,12,1,0,18,1,141,36,0,178,6,153,37,0,196,8,0,8,204
04/29/2019,BET,AK,AAL,WE,Federal Contract Tower,9,4,0,0,13,0,251,33,0,284,9,255,33,0,297,2,0,2,299
04/30/2019,BET,AK,AAL,WE,Federal Contract Tower,6,22,1,0,29,0,188,35,0,223,6,210,36,0,252,0,0,0,252
05/01/2019,BET,AK,AAL,WE,Federal Contract Tower,12,24,2,0,38,0,235,56,0,291,12,259,58,0,329,2,0,2,331
05/02/2019,BET,AK,AAL,WE,Federal Contract Tower,11,83,6,0,100,0,117,18,0,135,11,200,24,0,235,0,0,0,235
05/03/2019,BET,AK,AAL,WE,Federal Contract Tower,3,26,2,0,31,1,242,47,0,290,4,268,49,0,321,2,0,2,323
05/04/2019,BET,AK,AAL,WE,Federal Contract Tower,7,19,1,0,27,0,188,41,0,229,7,207,42,0,256,0,0,0,256
05/05/2019,BET,AK,AAL,WE,Federal Contract Tower,6,6,1,0,13,0,128,17,0,145,6,134,18,0,158,0,0,0,158
05/06/2019,BET,AK,AAL,WE,Federal Contract Tower,8,24,2,0,34,0,194,20,0,214,8,218,22,0,248,14,0,14,262
05/07/2019,BET,AK,AAL,WE,Federal Contract Tower,8,18,0,0,26,0,208,22,0,230,8,226,22,0,256,4,0,4,260
05/08/2019,BET,AK,AAL,WE,Federal Contract Tower,8,30,1,2,41,0,183,24,2,209,8,213,25,4,250,0,0,0,250
05/09/2019,BET,AK,AAL,WE,Federal Contract Tower,13,23,0,0,36,0,231,34,0,265,13,254,34,0,301,4,0,4,305
05/10/2019,BET,AK,AAL,WE,Federal Contract Tower,10,16,0,0,26,1,236,11,0,248,11,252,11,0,274,0,0,0,274
05/11/2019,BET,AK,AAL,WE,Federal Contract Tower,6,54,0,0,60,1,138,1,0,140,7,192,1,0,200,8,0,8,208
05/12/2019,BET,AK,AAL,WE,Federal Contract Tower,8,18,0,0,26,0,156,12,0,168,8,174,12,0,194,0,0,0,194
05/13/2019,BET,AK,AAL,WE,Federal Contract Tower,15,16,1,0,32,0,212,9,0,221,15,228,10,0,253,0,0,0,253
05/14/2019,BET,AK,AAL,WE,Federal Contract Tower,8,21,1,0,30,0,209,22,0,231,8,230,23,0,261,0,0,0,261
05/15/2019,BET,AK,AAL,WE,Federal Contract Tower,16,11,0,0,27,0,196,31,0,227,16,207,31,0,254,12,0,12,266
05/16/2019,BET,AK,AAL,WE,Federal Contract Tower,10,21,0,0,31,0,217,31,0,248,10,238,31,0,279,2,0,2,281
05/17/2019,BET,AK,AAL,WE,Federal Contract Tower,11,63,7,0,81,0,125,12,0,137,11,188,19,0,218,8,0,8,226
05/18/2019,BET,AK,AAL,WE,Federal Contract Tower,9,24,0,0,33,1,205,15,0,221,10,229,15,0,254,0,0,0,254
05/19/2019,BET,AK,AAL,WE,Federal Contract Tower,6,13,0,0,19,0,148,14,0,162,6,161,14,0,181,0,0,0,181
05/20/2019,BET,AK,AAL,WE,Federal Contract Tower,9,13,0,0,22,0,211,19,0,230,9,224,19,0,252,0,0,0,252
05/21/2019,BET,AK,AAL,WE,Federal Contract Tower,6,38,0,0,44,0,196,26,0,222,6,234,26,0,266,2,0,2,268
05/22/2019,BET,AK,AAL,WE,Federal Contract Tower,14,11,0,0,25,0,240,23,0,263,14,251,23,0,288,0,0,0,288
05/23/2019,BET,AK,AAL,WE,Federal Contract Tower,11,18,0,0,29,0,248,29,0,277,11,266,29,0,306,0,0,0,306
05/24/2019,BET,AK,AAL,WE,Federal Contract Tower,4,17,0,0,21,0,212,37,0,249,4,229,37,0,270,8,0,8,278
05/25/2019,BET,AK,AAL,WE,Federal Contract Tower,8,13,1,0,22,0,182,7,0,189,8,195,8,0,211,0,0,0,211
05/26/2019,BET,AK,AAL,WE,Federal Contract Tower,4,9,0,0,13,2,117,20,0,139,6,126,20,0,152,0,0,0,152
05/27/2019,BET,AK,AAL,WE,Federal Contract Tower,8,8,0,0,16,0,51,12,0,63,8,59,12,0,79,0,0,0,79
05/28/2019,BET,AK,AAL,WE,Federal Contract Tower,11,17,1,0,29,0,193,39,0,232,11,210,40,0,261,0,0,0,261
05/29/2019,BET,AK,AAL,WE,Federal Contract Tower,11,8,1,0,20,0,224,30,0,254,11,232,31,0,274,4,0,4,278
05/30/2019,BET,AK,AAL,WE,Federal Contract Tower,17,11,0,0,28,0,226,46,2,274,17,237,46,2,302,4,0,4,306
05/31/2019,BET,AK,AAL,WE,Federal Contract Tower,9,12,0,2,23,0,232,46,4,282,9,244,46,6,305,0,0,0,305
06/01/2019,BET,AK,AAL,WE,Federal Contract Tower,8,14,0,0,22,0,208,31,0,239,8,222,31,0,261,2,0,2,263
06/02/2019,BET,AK,AAL,WE,Federal Contract Tower,7,8,4,0,19,1,128,38,0,167,8,136,42,0,186,0,0,0,186
06/03/2019,BET,AK,AAL,WE,Federal Contract Tower,11,61,5,0,77,0,154,32,0,186,11,215,37,0,263,0,0,0,263
06/04/2019,BET,AK,AAL,WE,Federal Contract Tower,11,11,4,0,26,0,207,25,0,232,11,218,29,0,258,2,0,2,260
06/05/2019,BET,AK,AAL,WE,Federal Contract Tower,14,42,1,0,57,0,190,36,0,226,14,232,37,0,283,0,0,0,283
06/06/2019,BET,AK,AAL,WE,Federal Contract Tower,14,66,5,1,86,0,164,51,1,216,14,230,56,2,302,0,4,4,306
06/07/2019,BET,AK,AAL,WE,Federal Contract Tower,12,71,3,0,86,2,162,31,0,195,14,233,34,0,281,0,0,0,281
06/08/2019,BET,AK,AAL,WE,Federal Contract Tower,7,48,5,0,60,0,171,15,0,186,7,219,20,0,246,8,0,8,254
06/09/2019,BET,AK,AAL,WE,Federal Contract Tower,6,23,1,0,30,0,104,28,0,132,6,127,29,0,162,0,0,0,162
06/10/2019,BET,AK,AAL,WE,Federal Contract Tower,10,13,0,0,23,0,220,20,0,240,10,233,20,0,263,0,0,0,263
06/11/2019,BET,AK,AAL,WE,Federal Contract Tower,8,17,0,1,26,0,195,29,3,227,8,212,29,4,253,6,0,6,259
06/12/2019,BET,AK,AAL,WE,Federal Contract Tower,12,5,1,0,18,1,210,32,0,243,13,215,33,0,261,8,0,8,269
06/13/2019,BET,AK,AAL,WE,Federal Contract Tower,12,10,1,0,23,0,213,35,2,250,12,223,36,2,273,0,0,0,273
06/14/2019,BET,AK,AAL,WE,Federal Contract Tower,10,9,0,0,19,0,215,46,3,264,10,224,46,3,283,4,0,4,287
06/15/2019,BET,AK,AAL,WE,Federal Contract Tower,9,21,2,0,32,0,145,42,0,187,9,166,44,0,219,0,0,0,219
06/16/2019,BET,AK,AAL,WE,Federal Contract Tower,8,13,0,0,21,0,145,36,0,181,8,158,36,0,202,2,0,2,204
06/17/2019,BET,AK,AAL,WE,Federal Contract Tower,8,8,0,0,16,0,206,41,0,247,8,214,41,0,263,0,0,0,263
06/18/2019,BET,AK,AAL,WE,Federal Contract Tower,9,33,5,0,47,0,144,29,0,173,9,177,34,0,220,2,0,2,222
06/19/2019,BET,AK,AAL,WE,Federal Contract Tower,12,36,2,0,50,0,179,15,0,194,12,215,17,0,244,0,0,0,244
06/20/2019,BET,AK,AAL,WE,Federal Contract Tower,10,38,0,0,48,0,219,19,2,240,10,257,19,2,288,2,0,2,290
06/21/2019,BET,AK,AAL,WE,Federal Contract Tower,10,18,0,0,28,1,210,41,0,252,11,228,41,0,280,0,0,0,280
06/22/2019,BET,AK,AAL,WE,Federal Contract Tower,10,32,0,0,42,1,163,29,0,193,11,195,29,0,235,0,0,0,235
06/23/2019,BET,AK,AAL,WE,Federal Contract Tower,6,21,2,0,29,0,119,17,0,136,6,140,19,0,165,14,0,14,179
06/24/2019,BET,AK,AAL,WE,Federal Contract Tower,11,10,0,0,21,0,195,41,2,238,11,205,41,2,259,0,0,0,259
06/25/2019,BET,AK,AAL,WE,Federal Contract Tower,7,12,0,1,20,0,182,20,4,206,7,194,20,5,226,9,0,9,235
06/26/2019,BET,AK,AAL,WE,Federal Contract Tower,12,23,0,0,35,1,146,25,2,174,13,169,25,2,209,6,0,6,215
06/27/2019,BET,AK,AAL,WE,Federal Contract Tower,11,9,0,2,22,0,207,26,0,233,11,216,26,2,255,0,0,0,255
06/28/2019,BET,AK,AAL,WE,Federal Contract Tower,10,17,2,0,29,0,192,23,0,215,10,209,25,0,244,0,0,0,244
06/29/2019,BET,AK,AAL,WE,Federal Contract Tower,11,27,0,0,38,0,202,28,0,230,11,229,28,0,268,2,0,2,270
06/30/2019,BET,AK,AAL,WE,Federal Contract Tower,8,24,2,0,34,0,112,12,0,124,8,136,14,0,158,0,0,0,158
07/01/2019,BET,AK,AAL,WE,Federal Contract Tower,11,24,2,2,39,0,201,18,0,219,11,225,20,2,258,2,0,2,260
07/02/2019,BET,AK,AAL,WE,Federal Contract Tower,9,38,0,0,47,0,175,11,0,186,9,213,11,0,233,0,0,0,233
07/03/2019,BET,AK,AAL,WE,Federal Contract Tower,17,80,2,1,100,0,91,7,1,99,17,171,9,2,199,0,0,0,199
07/04/2019,BET,AK,AAL,WE,Federal Contract Tower,8,5,3,1,17,0,2,16,2,20,8,7,19,3,37,0,0,0,37
07/05/2019,BET,AK,AAL,WE,Federal Contract Tower,7,15,0,0,22,0,224,18,0,242,7,239,18,0,264,14,0,14,278
07/06/2019,BET,AK,AAL,WE,Federal Contract Tower,12,7,2,0,21,0,209,15,0,224,12,216,17,0,245,18,0,18,263
07/07/2019,BET,AK,AAL,WE,Federal Contract Tower,6,9,0,0,15,0,103,16,0,119,6,112,16,0,134,4,0,4,138
07/08/2019,BET,AK,AAL,WE,Federal Contract Tower,12,39,2,0,53,0,152,17,0,169,12,191,19,0,222,2,0,2,224
07/09/2019,BET,AK,AAL,WE,Federal Contract Tower,10,27,3,1,41,0,203,26,2,231,10,230,29,3,272,0,0,0,272
07/10/2019,BET,AK,AAL,WE,Federal Contract Tower,7,15,2,0,24,1,213,25,0,239,8,228,27,0,263,3,0,3,266
07/11/2019,BET,AK,AAL,WE,Federal Contract Tower,11,24,0,0,35,0,235,32,2,269,11,259,32,2,304,0,0,0,304
07/12/2019,BET,AK,AAL,WE,Federal Contract Tower,13,20,1,0,34,0,221,34,0,255,13,241,35,0,289,0,0,0,289
07/13/2019,BET,AK,AAL,WE,Federal Contract Tower,8,46,2,0,56,1,179,25,0,205,9,225,27,0,261,6,0,6,267
07/14/2019,BET,AK,AAL,WE,Federal Contract Tower,6,10,0,0,16,0,142,26,0,168,6,152,26,0,184,0,0,0,184
07/15/2019,BET,AK,AAL,WE,Federal Contract Tower,10,13,0,0,23,0,180,18,0,198,10,193,18,0,221,5,0,5,226
07/16/2019,BET,AK,AAL,WE,Federal Contract Tower,8,11,0,0,19,0,225,24,4,253,8,236,24,4,272,2,2,4,276
07/17/2019,BET,AK,AAL,WE,Federal Contract Tower,12,81,10,0,103,0,153,8,0,161,12,234,18,0,264,0,0,0,264
07/18/2019,BET,AK,AAL,WE,Federal Contract Tower,13,32,0,0,45,0,187,21,0,208,13,219,21,0,253,0,0,0,253
07/19/2019,BET,AK,AAL,WE,Federal Contract Tower,8,87,5,0,100,0,109,5,0,114,8,196,10,0,214,0,0,0,214
07/20/2019,BET,AK,AAL,WE,Federal Contract Tower,8,67,4,2,81,0,143,9,0,152,8,210,13,2,233,2,0,2,235
07/21/2019,BET,AK,AAL,WE,Federal Contract Tower,6,44,0,0,50,0,124,10,0,134,6,168,10,0,184,0,0,0,184
07/22/2019,BET,AK,AAL,WE,Federal Contract Tower,10,35,0,2,47,1,195,42,0,238,11,230,42,2,285,4,0,4,289
07/23/2019,BET,AK,AAL,WE,Federal Contract Tower,6,38,0,1,45,0,241,22,3,266,6,279,22,4,311,4,0,4,315
07/24/2019,BET,AK,AAL,WE,Federal Contract Tower,11,41,2,0,54,0,190,30,0,220,11,231,32,0,274,0,0,0,274
07/25/2019,BET,AK,AAL,WE,Federal Contract Tower,16,82,6,0,104,0,143,15,3,161,16,225,21,3,265,0,0,0,265
07/26/2019,BET,AK,AAL,WE,Federal Contract Tower,10,22,2,0,34,0,233,22,0,255,10,255,24,0,289,0,0,0,289
07/27/2019,BET,AK,AAL,WE,Federal Contract Tower,9,8,4,0,21,0,223,30,0,253,9,231,34,0,274,0,0,0,274
07/28/2019,BET,AK,AAL,WE,Federal Contract Tower,8,13,0,0,21,0,162,21,0,183,8,175,21,0,204,10,0,10,214
07/29/2019,BET,AK,AAL,WE,Federal Contract Tower,15,27,2,0,44,1,230,20,1,252,16,257,22,1,296,2,0,2,298
07/30/2019,BET,AK,AAL,WE,Federal Contract Tower,6,21,0,0,27,1,207,28,0,236,7,228,28,0,263,0,0,0,263
07/31/2019,BET,AK,AAL,WE,Federal Contract Tower,10,29,1,0,40,0,214,18,0,232,10,243,19,0,272,0,0,0,272
08/01/2019,BET,AK,AAL,WE,Federal Contract Tower,12,54,3,1,70,0,157,21,0,178,12,211,24,1,248,12,0,12,260
08/02/2019,BET,AK,AAL,WE,Federal Contract Tower,10,38,4,0,52,0,0,0,0,0,10,38,4,0,52,0,0,0,52
08/03/2019,BET,AK,AAL,WE,Federal Contract Tower,14,133,9,0,156,0,0,0,0,0,14,133,9,0,156,0,0,0,156
08/04/2019,BET,AK,AAL,WE,Federal Contract Tower,6,105,9,0,120,0,0,0,0,0,6,105,9,0,120,0,0,0,120
08/05/2019,BET,AK,AAL,WE,Federal Contract Tower,10,128,8,0,146,0,28,2,2,32,10,156,10,2,178,0,0,0,178
08/06/2019,BET,AK,AAL,WE,Federal Contract Tower,7,110,11,0,128,0,86,4,0,90,7,196,15,0,218,0,0,0,218
08/07/2019,BET,AK,AAL,WE,Federal Contract Tower,12,55,0,0,67,0,158,15,1,174,12,213,15,1,241,0,0,0,241
08/08/2019,BET,AK,AAL,WE,Federal Contract Tower,10,34,0,2,46,1,244,31,0,276,11,278,31,2,322,0,0,0,322
08/09/2019,BET,AK,AAL,WE,Federal Contract Tower,8,37,2,0,47,0,256,23,0,279,8,293,25,0,326,6,0,6,332
08/10/2019,BET,AK,AAL,WE,Federal Contract Tower,13,12,0,0,25,0,265,30,0,295,13,277,30,0,320,8,0,8,328
08/11/2019,BET,AK,AAL,WE,Federal Contract Tower,6,28,1,0,35,0,164,17,0,181,6,192,18,0,216,2,0,2,218
08/12/2019,BET,AK,AAL,WE,Federal Contract Tower,8,83,15,0,106,0,49,2,0,51,8,132,17,0,157,0,0,0,157
08/13/2019,BET,AK,AAL,WE,Federal Contract Tower,9,66,3,0,78,0,177,5,2,184,9,243,8,2,262,0,0,0,262
08/14/2019,BET,AK,AAL,WE,Federal Contract Tower,13,93,13,0,119,0,86,7,0,93,13,179,20,0,212,0,0,0,212
08/15/2019,BET,AK,AAL,WE,Federal Contract Tower,11,34,5,0,50,0,202,12,1,215,11,236,17,1,265,0,0,0,265
08/16/2019,BET,AK,AAL,WE,Federal Contract Tower,10,46,0,0,56,0,177,11,0,188,10,223,11,0,244,2,0,2,246
08/17/2019,BET,AK,AAL,WE,Federal Contract Tower,14,17,2,0,33,0,259,27,0,286,14,276,29,0,319,8,0,8,327
08/18/2019,BET,AK,AAL,WE,Federal Contract Tower,7,11,1,0,19,0,216,15,0,231,7,227,16,0,250,0,0,0,250
08/19/2019,BET,AK,AAL,WE,Federal Contract Tower,11,9,0,0,20,0,281,13,2,296,11,290,13,2,316,2,0,2,318
08/20/2019,BET,AK,AAL,WE,Federal Contract Tower,10,6,0,0,16,0,262,21,0,283,10,268,21,0,299,4,0,4,303
08/21/2019,BET,AK,AAL,WE,Federal Contract Tower,14,13,7,0,34,0,211,24,0,235,14,224,31,0,269,0,0,0,269
08/22/2019,BET,AK,AAL,WE,Federal Contract Tower,9,17,0,0,26,0,226,16,2,244,9,243,16,2,270,0,0,0,270
08/23/2019,BET,AK,AAL,WE,Federal Contract Tower,10,24,0,0,34,0,182,13,0,195,10,206,13,0,229,4,0,4,233
08/24/2019,BET,AK,AAL,WE,Federal Contract Tower,13,16,1,0,30,0,246,17,0,263,13,262,18,0,293,0,0,0,293
08/25/2019,BET,AK,AAL,WE,Federal Contract Tower,10,24,1,0,35,0,134,12,0,146,10,158,13,0,181,0,0,0,181
08/26/2019,BET,AK,AAL,WE,Federal Contract Tower,15,28,3,0,46,1,198,20,2,221,16,226,23,2,267,0,0,0,267
08/27/2019,BET,AK,AAL,WE,Federal Contract Tower,9,28,3,0,40,0,237,11,1,249,9,265,14,1,289,2,0,2,291
08/28/2019,BET,AK,AAL,WE,Federal Contract Tower,15,12,3,0,30,0,239,18,0,257,15,251,21,0,287,2,0,2,289
08/29/2019,BET,AK,AAL,WE,Federal Contract Tower,13,14,0,0,27,0,256,34,0,290,13,270,34,0,317,6,0,6,323
08/30/2019,BET,AK,AAL,WE,Federal Contract Tower,12,7,0,0,19,0,231,35,0,266,12,238,35,0,285,0,0,0,285
08/31/2019,BET,AK,AAL,WE,Federal Contract Tower,10,19,0,0,29,1,250,45,0,296,11,269,45,0,325,0,0,0,325
09/01/2019,BET,AK,AAL,WE,Federal Contract Tower,5,24,1,0,30,1,102,1,0,104,6,126,2,0,134,0,0,0,134
09/02/2019,BET,AK,AAL,WE,Federal Contract Tower,8,45,4,0,57,0,86,2,0,88,8,131,6,0,145,0,0,0,145
09/03/2019,BET,AK,AAL,WE,Federal Contract Tower,14,21,0,0,35,1,239,6,0,246,15,260,6,0,281,2,0,2,283
09/04/2019,BET,AK,AAL,WE,Federal Contract Tower,13,47,3,3,66,0,166,10,5,181,13,213,13,8,247,0,0,0,247
09/05/2019,BET,AK,AAL,WE,Federal Contract Tower,8,40,5,0,53,0,152,20,0,172,8,192,25,0,225,0,0,0,225
09/06/2019,BET,AK,AAL,WE,Federal Contract Tower,7,30,4,0,41,0,230,25,0,255,7,260,29,0,296,2,0,2,298
09/07/2019,BET,AK,AAL,WE,Federal Contract Tower,7,36,0,0,43,0,198,15,0,213,7,234,15,0,256,0,0,0,256
09/08/2019,BET,AK,AAL,WE,Federal Contract Tower,6,39,1,0,46,0,152,16,0,168,6,191,17,0,214,0,0,0,214
09/09/2019,BET,AK,AAL,WE,Federal Contract Tower,17,55,4,0,76,0,175,13,0,188,17,230,17,0,264,2,0,2,266
09/10/2019,BET,AK,AAL,WE,Federal Contract Tower,11,16,2,0,29,0,267,25,0,292,11,283,27,0,321,2,0,2,323
09/11/2019,BET,AK,AAL,WE,Federal Contract Tower,11,10,1,0,22,0,157,8,1,166,11,167,9,1,188,8,0,8,196
09/12/2019,BET,AK,AAL,WE,Federal Contract Tower,13,27,1,0,41,1,214,9,0,224,14,241,10,0,265,0,0,0,265
09/13/2019,BET,AK,AAL,WE,Federal Contract Tower,7,6,0,0,13,1,322,25,0,348,8,328,25,0,361,2,0,2,363
09/14/2019,BET,AK,AAL,WE,Federal Contract Tower,13,49,1,0,63,0,199,28,0,227,13,248,29,0,290,12,0,12,302
09/15/2019,BET,AK,AAL,WE,Federal Contract Tower,4,51,6,0,61,0,92,9,0,101,4,143,15,0,162,2,0,2,164
09/16/2019,BET,AK,AAL,WE,Federal Contract Tower,11,94,5,0,110,1,185,18,0,204,12,279,23,0,314,0,0,0,314
09/17/2019,BET,AK,AAL,WE,Federal Contract Tower,10,51,8,0,69,0,128,11,1,140,10,179,19,1,209,2,0,2,211
09/18/2019,BET,AK,AAL,WE,Federal Contract Tower,12,69,7,0,88,0,142,25,1,168,12,211,32,1,256,2,0,2,258
09/19/2019,BET,AK,AAL,WE,Federal Contract Tower,14,15,0,0,29,1,234,27,0,262,15,249,27,0,291,26,0,26,317
09/20/2019,BET,AK,AAL,WE,Federal Contract Tower,11,13,0,0,24,0,282,36,0,318,11,295,36,0,342,0,0,0,342
09/21/2019,BET,AK,AAL,WE,Federal Contract Tower,11,21,0,0,32,0,245,36,0,281,11,266,36,0,313,4,0,4,317
09/22/2019,BET,AK,AAL,WE,Federal Contract Tower,4,13,0,0,17,0,162,47,0,209,4,175,47,0,226,20,0,20,246
09/23/2019,BET,AK,AAL,WE,Federal Contract Tower,11,5,0,0,16,0,246,33,0,279,11,251,33,0,295,2,0,2,297
09/24/2019,BET,AK,AAL,WE,Federal Contract Tower,13,21,0,0,34,2,230,22,0,254,15,251,22,0,288,0,0,0,288
09/25/2019,BET,AK,AAL,WE,Federal Contract Tower,7,9,0,0,16,1,267,25,0,293,8,276,25,0,309,3,0,3,312
09/26/2019,BET,AK,AAL,WE,Federal Contract Tower,9,18,0,0,27,0,228,22,0,250,9,246,22,0,277,1,0,1,278
09/27/2019,BET,AK,AAL,WE,Federal Contract Tower,10,21,0,0,31,0,217,28,0,245,10,238,28,0,276,2,0,2,278
09/28/2019,BET,AK,AAL,WE,Federal Contract Tower,6,35,1,0,42,0,117,17,0,134,6,152,18,0,176,4,0,4,180
09/29/2019,BET,AK,AAL,WE,Federal Contract Tower,6,26,3,0,35,0,152,9,0,161,6,178,12,0,196,0,0,0,196
09/30/2019,BET,AK,AAL,WE,Federal Contract Tower,10,13,0,0,23,2,249,27,0,278,12,262,27,0,301,0,0,0,301
10/01/2019,BET,AK,AAL,WE,Federal Contract Tower,9,14,0,0,23,0,293,18,1,312,9,307,18,1,335,20,0,20,355
10/02/2019,BET,AK,AAL,WE,Federal Contract Tower,7,26,0,0,33,0,183,11,0,194,7,209,11,0,227,0,0,0,227
10/03/2019,BET,AK,AAL,WE,Federal Contract Tower,12,75,3,0,90,0,146,6,1,153,12,221,9,1,243,2,4,6,249
10/04/2019,BET,AK,AAL,WE,Federal Contract Tower,8,11,0,0,19,0,238,13,0,251,8,249,13,0,270,18,0,18,288
10/05/2019,BET,AK,AAL,WE,Federal Contract Tower,10,14,0,0,24,0,179,12,0,191,10,193,12,0,215,16,0,16,231
10/06/2019,BET,AK,AAL,WE,Federal Contract Tower,6,19,0,0,25,1,167,24,1,193,7,186,24,1,218,8,0,8,226
10/07/2019,BET,AK,AAL,WE,Federal Contract Tower,9,21,2,0,32,0,197,17,1,215,9,218,19,1,247,20,0,20,267
10/08/2019,BET,AK,AAL,WE,Federal Contract Tower,9,26,1,0,36,0,238,7,0,245,9,264,8,0,281,36,0,36,317
10/09/2019,BET,AK,AAL,WE,Federal Contract Tower,9,51,0,0,60,0,128,10,0,138,9,179,10,0,198,56,0,56,254
10/10/2019,BET,AK,AAL,WE,Federal Contract Tower,11,41,0,0,52,0,241,8,0,249,11,282,8,0,301,0,0,0,301
10/11/2019,BET,AK,AAL,WE,Federal Contract Tower,12,7,1,0,20,0,216,74,1,291,12,223,75,1,311,4,0,4,315
10/12/2019,BET,AK,AAL,WE,Federal Contract Tower,9,13,0,0,22,0,249,14,0,263,9,262,14,0,285,56,0,56,341
10/13/2019,BET,AK,AAL,WE,Federal Contract Tower,6,9,0,0,15,0,169,22,0,191,6,178,22,0,206,4,0,4,210
10/14/2019,BET,AK,AAL,WE,Federal Contract Tower,10,13,0,0,23,0,259,13,0,272,10,272,13,0,295,10,0,10,305
10/15/2019,BET,AK,AAL,WE,Federal Contract Tower,11,55,0,3,69,0,7,7,1,15,11,62,7,4,84,12,0,12,96
10/16/2019,BET,AK,AAL,WE,Federal Contract Tower,11,30,0,0,41,0,198,16,0,214,11,228,16,0,255,0,0,0,255
10/17/2019,BET,AK,AAL,WE,Federal Contract Tower,12,23,1,0,36,1,283,46,0,330,13,306,47,0,366,68,0,68,434
10/18/2019,BET,AK,AAL,WE,Federal Contract Tower,13,9,1,0,23,2,277,67,0,346,15,286,68,0,369,12,0,12,381
10/19/2019,BET,AK,AAL,WE,Federal Contract Tower,13,9,0,0,22,0,304,9,1,314,13,313,9,1,336,2,0,2,338
10/20/2019,BET,AK,AAL,WE,Federal Contract Tower,4,30,10,0,44,0,0,0,0,0,4,30,10,0,44,0,0,0,44
10/21/2019,BET,AK,AAL,WE,Federal Contract Tower,15,31,2,0,48,1,173,24,0,198,16,204,26,0,246,0,0,0,246
10/22/2019,BET,AK,AAL,WE,Federal Contract Tower,9,18,0,0,27,0,251,82,2,335,9,269,82,2,362,2,0,2,364
10/23/2019,BET,AK,AAL,WE,Federal Contract Tower,12,80,6,0,98,0,101,2,0,103,12,181,8,0,201,8,0,8,209
10/24/2019,BET,AK,AAL,WE,Federal Contract Tower,14,28,0,0,42,0,222,44,0,266,14,250,44,0,308,0,0,0,308
10/25/2019,BET,AK,AAL,WE,Federal Contract Tower,11,33,3,0,47,1,148,29,0,178,12,181,32,0,225,0,0,0,225
10/26/2019,BET,AK,AAL,WE,Federal Contract Tower,13,25,0,0,38,0,187,41,0,228,13,212,41,0,266,8,0,8,274
10/27/2019,BET,AK,AAL,WE,Federal Contract Tower,8,51,0,0,59,0,122,40,0,162,8,173,40,0,221,8,0,8,229
10/28/2019,BET,AK,AAL,WE,Federal Contract Tower,14,24,1,0,39,0,282,59,0,341,14,306,60,0,380,2,0,2,382
10/29/2019,BET,AK,AAL,WE,Federal Contract Tower,9,60,5,0,74,0,118,35,0,153,9,178,40,0,227,2,0,2,229
10/30/2019,BET,AK,AAL,WE,Federal Contract Tower,13,11,0,0,24,0,291,58,1,350,13,302,58,1,374,26,0,26,400
10/31/2019,BET,AK,AAL,WE,Federal Contract Tower,10,6,0,0,16,0,271,56,0,327,10,277,56,0,343,0,0,0,343
11/01/2019,BET,AK,AAL,WE,Federal Contract Tower,7,64,4,0,75,0,159,39,0,198,7,223,43,0,273,6,0,6,279
11/02/2019,BET,AK,AAL,WE,Federal Contract Tower,6,12,0,0,18,1,252,12,1,266,7,264,12,1,284,5,0,5,289
11/03/2019,BET,AK,AAL,WE,Federal Contract Tower,4,9,0,0,13,0,172,14,0,186,4,181,14,0,199,2,0,2,201
11/04/2019,BET,AK,AAL,WE,Federal Contract Tower,9,3,0,1,13,0,244,44,5,293,9,247,44,6,306,2,0,2,308
11/05/2019,BET,AK,AAL,WE,Federal Contract Tower,3,0,0,0,3,0,0,0,0,0,3,0,0,0,3,0,0,0,3
11/06/2019,BET,AK,AAL,WE,Federal Contract Tower,11,13,0,0,24,0,114,8,0,122,11,127,8,0,146,0,0,0,146
11/07/2019,BET,AK,AAL,WE,Federal Contract Tower,3,0,0,0,3,0,0,0,0,0,3,0,0,0,3,0,0,0,3
11/08/2019,BET,AK,AAL,WE,Federal Contract Tower,13,21,0,0,34,1,221,53,0,275,14,242,53,0,309,0,0,0,309
11/09/2019,BET,AK,AAL,WE,Federal Contract Tower,11,5,0,0,16,1,261,52,0,314,12,266,52,0,330,2,0,2,332
11/10/2019,BET,AK,AAL,WE,Federal Contract Tower,5,8,0,0,13,0,225,23,0,248,5,233,23,0,261,6,0,6,267
11/11/2019,BET,AK,AAL,WE,Federal Contract Tower,11,16,0,0,27,0,228,59,0,287,11,244,59,0,314,6,0,6,320
11/12/2019,BET,AK,AAL,WE,Federal Contract Tower,11,9,2,0,22,1,256,47,3,307,12,265,49,3,329,4,0,4,333
11/13/2019,BET,AK,AAL,WE,Federal Contract Tower,16,3,0,0,19,1,115,3,1,120,17,118,3,1,139,0,0,0,139
11/14/2019,BET,AK,AAL,WE,Federal Contract Tower,11,38,0,0,49,0,121,20,0,141,11,159,20,0,190,0,0,0,190
11/15/2019,BET,AK,AAL,WE,Federal Contract Tower,9,6,0,0,15,0,212,28,0,240,9,218,28,0,255,2,0,2,257
11/16/2019,BET,AK,AAL,WE,Federal Contract Tower,7,24,0,0,31,0,197,23,0,220,7,221,23,0,251,2,0,2,253
11/17/2019,BET,AK,AAL,WE,Federal Contract Tower,2,33,3,0,38,0,220,37,0,257,2,253,40,0,295,8,0,8,303
11/18/2019,BET,AK,AAL,WE,Federal Contract Tower,7,7,0,0,14,1,252,126,0,379,8,259,126,0,393,6,0,6,399
11/19/2019,BET,AK,AAL,WE,Federal Contract Tower,4,2,0,0,6,0,0,0,0,0,4,2,0,0,6,0,0,0,6
11/20/2019,BET,AK,AAL,WE,Federal Contract Tower,13,29,0,0,42,1,100,33,0,134,14,129,33,0,176,0,0,0,176
11/21/2019,BET,AK,AAL,WE,Federal Contract Tower,4,48,5,0,57,0,82,25,0,107,4,130,30,0,164,2,0,2,166
11/22/2019,BET,AK,AAL,WE,Federal Contract Tower,6,59,6,0,71,0,7,0,0,7,6,66,6,0,78,0,0,0,78
11/23/2019,BET,AK,AAL,WE,Federal Contract Tower,12,53,5,0,70,1,153,44,0,198,13,206,49,0,268,2,0,2,270
11/24/2019,BET,AK,AAL,WE,Federal Contract Tower,5,17,1,0,23,0,255,74,0,329,5,272,75,0,352,28,0,28,380
11/25/2019,BET,AK,AAL,WE,Federal Contract Tower,13,31,1,2,47,0,96,41,4,141,13,127,42,6,188,4,0,4,192
11/26/2019,BET,AK,AAL,WE,Federal Contract Tower,0,6,2,3,11,0,0,0,1,1,0,6,2,4,12,0,2,2,14
11/27/2019,BET,AK,AAL,WE,Federal Contract Tower,8,53,0,0,61,0,10,2,0,12,8,63,2,0,73,4,0,4,77
11/28/2019,BET,AK,AAL,WE,Federal Contract Tower,0,7,0,0,7,0,76,62,0,138,0,83,62,0,145,0,0,0,145
11/29/2019,BET,AK,AAL,WE,Federal Contract Tower,3,56,1,0,60,0,5,0,0,5,3,61,1,0,65,0,0,0,65
11/30/2019,BET,AK,AAL,WE,Federal Contract Tower,10,22,0,0,32,0,198,53,0,251,10,220,53,0,283,0,0,0,283
12/01/2019,BET,AK,AAL,WE,Federal Contract Tower,2,24,2,0,28,0,130,15,0,145,2,154,17,0,173,0,0,0,173
12/02/2019,BET,AK,AAL,WE,Federal Contract Tower,8,60,6,0,74,0,13,1,0,14,8,73,7,0,88,0,0,0,88
12/03/2019,BET,AK,AAL,WE,Federal Contract Tower,8,14,0,2,24,0,226,100,12,338,8,240,100,14,362,6,0,6,368
12/04/2019,BET,AK,AAL,WE,Federal Contract Tower,5,8,0,0,13,0,213,83,1,297,5,221,83,1,310,6,0,6,316
12/05/2019,BET,AK,AAL,WE,Federal Contract Tower,7,52,2,0,61,0,8,10,3,21,7,60,12,3,82,0,0,0,82
12/06/2019,BET,AK,AAL,WE,Federal Contract Tower,9,16,0,0,25,0,91,27,0,118,9,107,27,0,143,2,0,2,145
12/07/2019,BET,AK,AAL,WE,Federal Contract Tower,5,11,0,0,16,0,148,24,0,172,5,159,24,0,188,2,0,2,190
12/08/2019,BET,AK,AAL,WE,Federal Contract Tower,11,6,0,0,17,0,233,68,0,301,11,239,68,0,318,2,0,2,320
12/09/2019,BET,AK,AAL,WE,Federal Contract Tower,8,3,0,0,11,0,78,0,0,78,8,81,0,0,89,0,18,18,107
12/10/2019,BET,AK,AAL,WE,Federal Contract Tower,6,4,2,0,12,0,72,14,0,86,6,76,16,0,98,6,0,6,104
12/11/2019,BET,AK,AAL,WE,Federal Contract Tower,7,12,2,0,21,0,198,50,2,250,7,210,52,2,271,6,0,6,277
12/12/2019,BET,AK,AAL,WE,Federal Contract Tower,8,9,0,0,17,1,189,67,0,257,9,198,67,0,274,2,0,2,276
12/13/2019,BET,AK,AAL,WE,Federal Contract Tower,6,48,10,0,64,0,29,11,0,40,6,77,21,0,104,2,0,2,106
12/14/2019,BET,AK,AAL,WE,Federal Contract Tower,12,11,0,0,23,0,250,71,0,321,12,261,71,0,344,0,8,8,352
12/15/2019,BET,AK,AAL,WE,Federal Contract Tower,6,9,0,0,15,0,231,54,0,285,6,240,54,0,300,0,0,0,300
12/16/2019,BET,AK,AAL,WE,Federal Contract Tower,13,8,1,0,22,1,271,95,0,367,14,279,96,0,389,2,0,2,391
12/17/2019,BET,AK,AAL,WE,Federal Contract Tower,8,8,0,0,16,7,251,96,2,356,15,259,96,2,372,2,0,2,374
12/18/2019,BET,AK,AAL,WE,Federal Contract Tower,6,14,2,1,23,0,210,68,1,279,6,224,70,2,302,0,0,0,302
12/19/2019,BET,AK,AAL,WE,Federal Contract Tower,10,23,0,0,33,0,204,63,0,267,10,227,63,0,300,0,0,0,300
12/20/2019,BET,AK,AAL,WE,Federal Contract Tower,1,55,1,0,57,0,0,0,0,0,1,55,1,0,57,0,0,0,57
12/21/2019,BET,AK,AAL,WE,Federal Contract Tower,8,38,0,0,46,0,77,26,0,103,8,115,26,0,149,0,0,0,149
12/22/2019,BET,AK,AAL,WE,Federal Contract Tower,7,13,0,0,20,0,110,7,0,117,7,123,7,0,137,4,0,4,141
12/23/2019,BET,AK,AAL,WE,Federal Contract Tower,10,18,0,2,30,0,182,13,2,197,10,200,13,4,227,6,0,6,233
12/24/2019,BET,AK,AAL,WE,Federal Contract Tower,8,9,0,0,17,0,202,14,0,216,8,211,14,0,233,0,0,0,233
12/25/2019,BET,AK,AAL,WE,Federal Contract Tower,0,2,0,0,2,0,53,0,0,53,0,55,0,0,55,0,0,0,55
12/26/2019,BET,AK,AAL,WE,Federal Contract Tower,8,15,0,0,23,1,135,17,0,153,9,150,17,0,176,14,0,14,190
12/27/2019,BET,AK,AAL,WE,Federal Contract Tower,6,9,0,0,15,0,107,7,0,114,6,116,7,0,129,3,1,4,133
12/28/2019,BET,AK,AAL,WE,Federal Contract Tower,7,10,0,0,17,0,108,9,0,117,7,118,9,0,134,16,0,16,150
12/29/2019,BET,AK,AAL,WE,Federal Contract Tower,2,6,0,0,8,0,99,0,0,99,2,105,0,0,107,10,0,10,117
12/30/2019,BET,AK,AAL,WE,Federal Contract Tower,4,10,0,0,14,0,168,13,0,181,4,178,13,0,195,2,0,2,197
12/31/2019,BET,AK,AAL,WE,Federal Contract Tower,10,7,0,0,17,0,72,1,0,73,10,79,1,0,90,4,0,4,94
01/01/2020,BET,AK,AAL,WE,Federal Contract Tower,1,3,0,0,4,0,1,0,0,1,1,4,0,0,5,0,0,0,5
01/02/2020,BET,AK,AAL,WE,Federal Contract Tower,5,6,0,0,11,0,147,23,0,170,5,153,23,0,181,0,0,0,181
01/03/2020,BET,AK,AAL,WE,Federal Contract Tower,9,3,0,0,12,0,164,18,0,182,9,167,18,0,194,0,0,0,194
01/04/2020,BET,AK,AAL,WE,Federal Contract Tower,6,10,0,0,16,1,160,16,0,177,7,170,16,0,193,8,0,8,201
01/05/2020,BET,AK,AAL,WE,Federal Contract Tower,3,7,0,0,10,0,101,15,0,116,3,108,15,0,126,10,0,10,136
01/06/2020,BET,AK,AAL,WE,Federal Contract Tower,8,4,3,0,15,1,168,14,4,187,9,172,17,4,202,20,0,20,222
01/07/2020,BET,AK,AAL,WE,Federal Contract Tower,6,8,0,0,14,0,221,10,0,231,6,229,10,0,245,2,0,2,247
01/08/2020,BET,AK,AAL,WE,Federal Contract Tower,9,6,1,0,16,1,169,22,0,192,10,175,23,0,208,10,0,10,218
01/09/2020,BET,AK,AAL,WE,Federal Contract Tower,5,21,0,0,26,1,133,16,2,152,6,154,16,2,178,2,0,2,180
01/10/2020,BET,AK,AAL,WE,Federal Contract Tower,8,16,0,0,24,0,78,22,0,100,8,94,22,0,124,0,0,0,124
01/11/2020,BET,AK,AAL,WE,Federal Contract Tower,10,16,3,0,29,0,112,24,0,136,10,128,27,0,165,8,0,8,173
01/12/2020,BET,AK,AAL,WE,Federal Contract Tower,4,30,0,0,34,0,87,10,0,97,4,117,10,0,131,9,0,9,140
01/13/2020,BET,AK,AAL,WE,Federal Contract Tower,8,10,0,0,18,0,164,22,2,188,8,174,22,2,206,8,0,8,214
01/14/2020,BET,AK,AAL,WE,Federal Contract Tower,7,8,2,0,17,0,190,23,1,214,7,198,25,1,231,14,0,14,245
01/15/2020,BET,AK,AAL,WE,Federal Contract Tower,11,12,1,0,24,0,138,25,2,165,11,150,26,2,189,2,0,2,191
01/16/2020,BET,AK,AAL,WE,Federal Contract Tower,11,5,0,2,18,0,223,28,0,251,11,228,28,2,269,4,0,4,273
01/17/2020,BET,AK,AAL,WE,Federal Contract Tower,6,12,0,0,18,0,238,15,0,253,6,250,15,0,271,8,0,8,279
01/18/2020,BET,AK,AAL,WE,Federal Contract Tower,15,7,0,0,22,0,186,18,0,204,15,193,18,0,226,0,0,0,226
01/19/2020,BET,AK,AAL,WE,Federal Contract Tower,3,19,1,0,23,0,130,13,0,143,3,149,14,0,166,0,0,0,166
01/21/2020,BET,AK,AAL,WE,Federal Contract Tower,17,78,5,3,103,0,40,1,0,41,17,118,6,3,144,3,0,3,147
01/22/2020,BET,AK,AAL,WE,Federal Contract Tower,9,55,0,0,64,0,0,0,0,0,9,55,0,0,64,0,0,0,64
01/23/2020,BET,AK,AAL,WE,Federal Contract Tower,8,45,0,0,53,0,126,22,0,148,8,171,22,0,201,8,0,8,209
01/24/2020,BET,AK,AAL,WE,Federal Contract Tower,7,5,0,0,12,0,221,38,2,261,7,226,38,2,273,0,0,0,273
01/25/2020,BET,AK,AAL,WE,Federal Contract Tower,8,6,0,0,14,0,189,15,0,204,8,195,15,0,218,30,0,30,248
01/26/2020,BET,AK,AAL,WE,Federal Contract Tower,4,9,0,0,13,1,101,7,0,109,5,110,7,0,122,20,0,20,142
01/27/2020,BET,AK,AAL,WE,Federal Contract Tower,13,9,1,0,23,0,220,13,0,233,13,229,14,0,256,4,0,4,260
01/29/2020,BET,AK,AAL,WE,Federal Contract Tower,10,14,2,0,26,0,175,8,0,183,10,189,10,0,209,2,0,2,211
01/30/2020,BET,AK,AAL,WE,Federal Contract Tower,9,21,0,0,30,0,176,11,0,187,9,197,11,0,217,0,0,0,217
01/31/2020,BET,AK,AAL,WE,Federal Contract Tower,9,16,2,0,27,0,198,16,0,214,9,214,18,0,241,0,0,0,241
02/01/2020,BET,AK,AAL,WE,Federal Contract Tower,6,10,0,0,16,0,151,21,0,172,6,161,21,0,188,18,0,18,206
02/02/2020,BET,AK,AAL,WE,Federal Contract Tower,0,5,0,0,5,0,1,0,0,1,0,6,0,0,6,0,0,0,6
02/03/2020,BET,AK,AAL,WE,Federal Contract Tower,10,30,0,3,43,0,73,0,4,77,10,103,0,7,120,4,0,4,124
02/04/2020,BET,AK,AAL,WE,Federal Contract Tower,6,26,0,0,32,0,83,7,1,91,6,109,7,1,123,0,0,0,123
02/06/2020,BET,AK,AAL,WE,Federal Contract Tower,6,65,11,2,84,0,28,1,0,29,6,93,12,2,113,0,0,0,113
02/07/2020,BET,AK,AAL,WE,Federal Contract Tower,6,8,0,0,14,1,153,23,3,180,7,161,23,3,194,2,0,2,196
02/08/2020,BET,AK,AAL,WE,Federal Contract Tower,4,11,6,0,21,0,0,0,0,0,4,11,6,0,21,0,0,0,21
02/09/2020,BET,AK,AAL,WE,Federal Contract Tower,3,19,0,0,22,0,160,35,0,195,3,179,35,0,217,0,0,0,217
02/10/2020,BET,AK,AAL,WE,Federal Contract Tower,11,0,2,0,13,0,185,43,2,230,11,185,45,2,243,8,0,8,251
02/11/2020,BET,AK,AAL,WE,Federal Contract Tower,11,6,0,0,17,0,150,16,0,166,11,156,16,0,183,2,0,2,185
02/12/2020,BET,AK,AAL,WE,Federal Contract Tower,9,8,0,0,17,0,191,22,0,213,9,199,22,0,230,4,0,4,234
02/13/2020,BET,AK,AAL,WE,Federal Contract Tower,8,9,0,0,17,0,197,18,0,215,8,206,18,0,232,3,0,3,235
02/14/2020,BET,AK,AAL,WE,Federal Contract Tower,11,24,0,0,35,0,116,17,0,133,11,140,17,0,168,4,0,4,172
02/15/2020,BET,AK,AAL,WE,Federal Contract Tower,5,20,0,0,25,0,0,0,0,0,5,20,0,0,25,0,0,0,25
02/16/2020,BET,AK,AAL,WE,Federal Contract Tower,7,30,0,0,37,0,98,12,0,110,7,128,12,0,147,24,0,24,171
02/17/2020,BET,AK,AAL,WE,Federal Contract Tower,9,6,0,0,15,1,81,4,0,86,10,87,4,0,101,4,0,4,105
02/18/2020,BET,AK,AAL,WE,Federal Contract Tower,0,2,0,0,2,0,0,0,0,0,0,2,0,0,2,0,0,0,2
02/19/2020,BET,AK,AAL,WE,Federal Contract Tower,7,39,0,0,46,0,159,12,2,173,7,198,12,2,219,0,0,0,219
02/20/2020,BET,AK,AAL,WE,Federal Contract Tower,5,29,3,0,37,0,23,0,0,23,5,52,3,0,60,2,0,2,62
02/21/2020,BET,AK,AAL,WE,Federal Contract Tower,6,45,2,0,53,0,57,7,0,64,6,102,9,0,117,0,0,0,117
02/22/2020,BET,AK,AAL,WE,Federal Contract Tower,7,8,1,0,16,1,218,39,0,258,8,226,40,0,274,4,0,4,278
02/23/2020,BET,AK,AAL,WE,Federal Contract Tower,4,9,0,0,13,0,171,30,0,201,4,180,30,0,214,12,0,12,226
02/24/2020,BET,AK,AAL,WE,Federal Contract Tower,12,8,1,0,21,0,210,32,2,244,12,218,33,2,265,0,0,0,265
02/25/2020,BET,AK,AAL,WE,Federal Contract Tower,6,9,0,0,15,0,132,9,2,143,6,141,9,2,158,0,0,0,158
02/26/2020,BET,AK,AAL,WE,Federal Contract Tower,11,13,0,0,24,0,163,15,0,178,11,176,15,0,202,10,0,10,212
02/27/2020,BET,AK,AAL,WE,Federal Contract Tower,9,4,0,0,13,1,215,20,1,237,10,219,20,1,250,4,0,4,254
02/28/2020,BET,AK,AAL,WE,Federal Contract Tower,12,9,0,0,21,0,222,19,0,241,12,231,19,0,262,1,0,1,263
02/29/2020,BET,AK,AAL,WE,Federal Contract Tower,3,10,0,2,15,0,67,5,0,72,3,77,5,2,87,0,0,0,87
03/01/2020,BET,AK,AAL,WE,Federal Contract Tower,4,17,0,2,23,0,21,0,0,21,4,38,0,2,44,0,0,0,44
03/02/2020,BET,AK,AAL,WE,Federal Contract Tower,14,6,0,0,20,0,169,28,0,197,14,175,28,0,217,0,0,0,217
03/03/2020,BET,AK,AAL,WE,Federal Contract Tower,10,12,0,0,22,0,203,19,3,225,10,215,19,3,247,4,4,8,255
03/04/2020,BET,AK,AAL,WE,Federal Contract Tower,7,8,0,2,17,0,191,30,0,221,7,199,30,2,238,13,0,13,251
03/05/2020,BET,AK,AAL,WE,Federal Contract Tower,9,13,0,0,22,0,144,12,0,156,9,157,12,0,178,4,0,4,182
03/06/2020,BET,AK,AAL,WE,Federal Contract Tower,9,10,0,0,19,0,159,8,0,167,9,169,8,0,186,0,0,0,186
03/07/2020,BET,AK,AAL,WE,Federal Contract Tower,11,50,1,0,62,0,104,6,0,110,11,154,7,0,172,0,0,0,172
03/08/2020,BET,AK,AAL,WE,Federal Contract Tower,2,12,0,0,14,0,202,13,0,215,2,214,13,0,229,10,0,10,239
03/09/2020,BET,AK,AAL,WE,Federal Contract Tower,11,10,1,0,22,1,223,9,0,233,12,233,10,0,255,0,0,0,255
03/10/2020,BET,AK,AAL,WE,Federal Contract Tower,7,24,2,0,33,0,148,22,2,172,7,172,24,2,205,0,0,0,205
03/11/2020,BET,AK,AAL,WE,Federal Contract Tower,12,47,2,0,61,0,87,13,0,100,12,134,15,0,161,8,0,8,169
03/12/2020,BET,AK,AAL,WE,Federal Contract Tower,9,6,1,0,16,0,168,18,0,186,9,174,19,0,202,0,2,2,204
03/13/2020,BET,AK,AAL,WE,Federal Contract Tower,9,9,0,0,18,0,188,12,0,200,9,197,12,0,218,0,0,0,218
03/14/2020,BET,AK,AAL,WE,Federal Contract Tower,12,7,0,0,19,0,156,7,0,163,12,163,7,0,182,0,0,0,182
03/15/2020,BET,AK,AAL,WE,Federal Contract Tower,7,13,0,0,20,0,126,3,0,129,7,139,3,0,149,4,0,4,153
03/16/2020,BET,AK,AAL,WE,Federal Contract Tower,13,6,0,0,19,0,190,12,0,202,13,196,12,0,221,0,0,0,221
03/17/2020,BET,AK,AAL,WE,Federal Contract Tower,8,27,2,0,37,0,13,0,0,13,8,40,2,0,50,0,0,0,50
03/18/2020,BET,AK,AAL,WE,Federal Contract Tower,10,13,0,0,23,0,143,4,0,147,10,156,4,0,170,0,0,0,170
03/19/2020,BET,AK,AAL,WE,Federal Contract Tower,10,20,0,0,30,0,49,1,0,50,10,69,1,0,80,2,0,2,82
03/20/2020,BET,AK,AAL,WE,Federal Contract Tower,8,38,0,0,46,0,54,0,0,54,8,92,0,0,100,0,0,0,100
03/21/2020,BET,AK,AAL,WE,Federal Contract Tower,7,36,0,0,43,0,62,0,0,62,7,98,0,0,105,0,0,0,105
03/22/2020,BET,AK,AAL,WE,Federal Contract Tower,5,17,0,0,22,0,133,7,0,140,5,150,7,0,162,0,0,0,162
03/23/2020,BET,AK,AAL,WE,Federal Contract Tower,7,8,1,0,16,0,38,8,0,46,7,46,9,0,62,0,0,0,62
03/24/2020,BET,AK,AAL,WE,Federal Contract Tower,5,14,0,1,20,0,7,1,1,9,5,21,1,2,29,0,0,0,29
03/25/2020,BET,AK,AAL,WE,Federal Contract Tower,8,19,0,0,27,0,0,0,0,0,8,19,0,0,27,0,0,0,27
03/26/2020,BET,AK,AAL,WE,Federal Contract Tower,11,23,0,0,34,0,192,53,0,245,11,215,53,0,279,0,0,0,279
03/27/2020,BET,AK,AAL,WE,Federal Contract Tower,9,31,0,0,40,0,13,0,0,13,9,44,0,0,53,0,0,0,53
03/28/2020,BET,AK,AAL,WE,Federal Contract Tower,12,11,0,0,23,0,63,1,0,64,12,74,1,0,87,0,0,0,87
03/29/2020,BET,AK,AAL,WE,Federal Contract Tower,4,0,0,0,4,0,178,63,0,241,4,178,63,0,245,6,0,6,251
03/30/2020,BET,AK,AAL,WE,Federal Contract Tower,13,3,0,0,16,1,176,71,0,248,14,179,71,0,264,0,0,0,264
03/31/2020,BET,AK,AAL,WE,Federal Contract Tower,11,5,0,0,16,0,138,50,0,188,11,143,50,0,204,0,0,0,204
04/01/2020,BET,AK,AAL,WE,Federal Contract Tower,9,66,0,0,75,0,71,15,0,86,9,137,15,0,161,0,0,0,161
04/02/2020,BET,AK,AAL,WE,Federal Contract Tower,4,10,0,0,14,0,65,34,0,99,4,75,34,0,113,4,0,4,117
04/03/2020,BET,AK,AAL,WE,Federal Contract Tower,2,8,0,0,10,0,0,0,0,0,2,8,0,0,10,0,0,0,10
04/04/2020,BET,AK,AAL,WE,Federal Contract Tower,13,31,0,0,44,0,23,0,0,23,13,54,0,0,67,0,0,0,67
04/05/2020,BET,AK,AAL,WE,Federal Contract Tower,6,6,0,2,14,0,50,6,4,60,6,56,6,6,74,0,0,0,74
04/06/2020,BET,AK,AAL,WE,Federal Contract Tower,10,9,2,0,21,0,148,85,2,235,10,157,87,2,256,0,0,0,256
04/07/2020,BET,AK,AAL,WE,Federal Contract Tower,8,26,18,2,54,0,51,28,0,79,8,77,46,2,133,0,0,0,133
04/08/2020,BET,AK,AAL,WE,Federal Contract Tower,13,3,0,0,16,0,152,24,0,176,13,155,24,0,192,6,0,6,198
04/09/2020,BET,AK,AAL,WE,Federal Contract Tower,12,19,0,0,31,0,7,0,0,7,12,26,0,0,38,0,0,0,38
04/10/2020,BET,AK,AAL,WE,Federal Contract Tower,12,2,1,0,15,2,196,27,0,225,14,198,28,0,240,0,0,0,240
04/11/2020,BET,AK,AAL,WE,Federal Contract Tower,7,5,0,0,12,0,60,7,0,67,7,65,7,0,79,0,0,0,79
04/12/2020,BET,AK,AAL,WE,Federal Contract Tower,4,0,0,0,4,0,0,3,2,5,4,0,3,2,9,0,0,0,9
04/13/2020,BET,AK,AAL,WE,Federal Contract Tower,7,19,0,2,28,1,127,14,2,144,8,146,14,4,172,0,0,0,172
04/14/2020,BET,AK,AAL,WE,Federal Contract Tower,6,11,4,0,21,0,65,10,1,76,6,76,14,1,97,0,0,0,97
04/15/2020,BET,AK,AAL,WE,Federal Contract Tower,7,11,1,0,19,0,7,2,0,9,7,18,3,0,28,0,0,0,28
04/16/2020,BET,AK,AAL,WE,Federal Contract Tower,8,6,2,0,16,0,92,32,0,124,8,98,34,0,140,0,0,0,140
04/17/2020,BET,AK,AAL,WE,Federal Contract Tower,15,20,6,0,41,0,68,26,0,94,15,88,32,0,135,0,0,0,135
04/18/2020,BET,AK,AAL,WE,Federal Contract Tower,7,5,0,0,12,0,67,24,0,91,7,72,24,0,103,0,0,0,103
04/19/2020,BET,AK,AAL,WE,Federal Contract Tower,6,4,0,0,10,0,0,0,0,0,6,4,0,0,10,0,0,0,10
04/20/2020,BET,AK,AAL,WE,Federal Contract Tower,6,23,8,0,37,0,54,19,0,73,6,77,27,0,110,0,0,0,110
04/21/2020,BET,AK,AAL,WE,Federal Contract Tower,5,3,4,0,12,0,199,51,0,250,5,202,55,0,262,0,0,0,262
04/22/2020,BET,AK,AAL,WE,Federal Contract Tower,10,1,2,0,13,0,191,36,0,227,10,192,38,0,240,6,0,6,246
04/23/2020,BET,AK,AAL,WE,Federal Contract Tower,10,6,0,0,16,0,153,38,1,192,10,159,38,1,208,0,0,0,208
04/24/2020,BET,AK,AAL,WE,Federal Contract Tower,7,2,2,0,11,0,138,46,1,185,7,140,48,1,196,10,0,10,206
04/25/2020,BET,AK,AAL,WE,Federal Contract Tower,10,2,0,0,12,0,116,56,0,172,10,118,56,0,184,0,0,0,184
04/26/2020,BET,AK,AAL,WE,Federal Contract Tower,3,2,0,0,5,1,25,86,0,112,4,27,86,0,117,0,0,0,117
04/27/2020,BET,AK,AAL,WE,Federal Contract Tower,14,7,0,0,21,0,171,49,0,220,14,178,49,0,241,10,0,10,251
04/28/2020,BET,AK,AAL,WE,Federal Contract Tower,8,7,4,0,19,1,152,75,2,230,9,159,79,2,249,4,0,4,253
04/29/2020,BET,AK,AAL,WE,Federal Contract Tower,9,2,0,0,11,0,150,48,0,198,9,152,48,0,209,6,0,6,215
04/30/2020,BET,AK,AAL,WE,Federal Contract Tower,8,2,1,2,13,0,196,42,0,238,8,198,43,2,251,5,0,5,256
05/01/2020,BET,AK,AAL,WE,Federal Contract Tower,8,20,3,0,31,0,128,27,2,157,8,148,30,2,188,10,0,10,198
05/02/2020,BET,AK,AAL,WE,Federal Contract Tower,9,4,0,0,13,0,140,49,0,189,9,144,49,0,202,10,0,10,212
05/03/2020,BET,AK,AAL,WE,Federal Contract Tower,4,2,0,0,6,0,90,18,0,108,4,92,18,0,114,0,0,0,114
05/04/2020,BET,AK,AAL,WE,Federal Contract Tower,9,0,0,2,11,0,184,27,0,211,9,184,27,2,222,4,0,4,226
05/05/2020,BET,AK,AAL,WE,Federal Contract Tower,9,9,6,0,24,1,135,66,2,204,10,144,72,2,228,0,0,0,228
05/06/2020,BET,AK,AAL,WE,Federal Contract Tower,8,2,0,0,10,1,152,81,2,236,9,154,81,2,246,2,0,2,248
05/07/2020,BET,AK,AAL,WE,Federal Contract Tower,12,4,0,0,16,0,142,51,1,194,12,146,51,1,210,0,0,0,210
05/08/2020,BET,AK,AAL,WE,Federal Contract Tower,9,2,7,0,18,0,127,43,0,170,9,129,50,0,188,2,0,2,190
05/09/2020,BET,AK,AAL,WE,Federal Contract Tower,16,2,0,0,18,0,107,74,0,181,16,109,74,0,199,4,0,4,203
05/10/2020,BET,AK,AAL,WE,Federal Contract Tower,4,4,0,0,8,0,32,21,0,53,4,36,21,0,61,0,0,0,61
05/11/2020,BET,AK,AAL,WE,Federal Contract Tower,11,5,0,0,16,0,152,19,2,173,11,157,19,2,189,0,0,0,189
05/12/2020,BET,AK,AAL,WE,Federal Contract Tower,7,23,13,0,43,0,112,76,0,188,7,135,89,0,231,4,0,4,235
05/13/2020,BET,AK,AAL,WE,Federal Contract Tower,5,0,3,0,8,0,138,71,0,209,5,138,74,0,217,12,0,12,229
05/14/2020,BET,AK,AAL,WE,Federal Contract Tower,11,0,0,0,11,0,154,45,2,201,11,154,45,2,212,10,0,10,222
05/15/2020,BET,AK,AAL,WE,Federal Contract Tower,13,5,2,0,20,0,136,39,0,175,13,141,41,0,195,0,0,0,195
05/17/2020,BET,AK,AAL,WE,Federal Contract Tower,4,3,0,0,7,0,26,16,0,42,4,29,16,0,49,4,0,4,53
05/18/2020,BET,AK,AAL,WE,Federal Contract Tower,9,7,0,0,16,0,168,36,1,205,9,175,36,1,221,8,0,8,229
05/19/2020,BET,AK,AAL,WE,Federal Contract Tower,5,19,3,0,27,0,114,40,0,154,5,133,43,0,181,4,4,8,189
05/20/2020,BET,AK,AAL,WE,Federal Contract Tower,7,15,0,0,22,0,112,39,0,151,7,127,39,0,173,2,0,2,175
05/21/2020,BET,AK,AAL,WE,Federal Contract Tower,6,10,0,0,16,0,155,47,1,203,6,165,47,1,219,2,0,2,221
05/22/2020,BET,AK,AAL,WE,Federal Contract Tower,9,13,0,0,22,0,161,56,0,217,9,174,56,0,239,0,0,0,239
05/23/2020,BET,AK,AAL,WE,Federal Contract Tower,11,7,0,0,18,0,119,43,0,162,11,126,43,0,180,10,0,10,190
05/24/2020,BET,AK,AAL,WE,Federal Contract Tower,4,1,0,0,5,0,40,16,0,56,4,41,16,0,61,6,0,6,67
05/26/2020,BET,AK,AAL,WE,Federal Contract Tower,6,5,2,0,13,0,142,24,2,168,6,147,26,2,181,0,0,0,181
05/27/2020,BET,AK,AAL,WE,Federal Contract Tower,11,1,2,0,14,0,139,28,0,167,11,140,30,0,181,2,0,2,183
05/30/2020,BET,AK,AAL,WE,Federal Contract Tower,11,2,0,0,13,0,120,36,0,156,11,122,36,0,169,0,0,0,169
05/31/2020,BET,AK,AAL,WE,Federal Contract Tower,4,3,0,0,7,0,42,18,0,60,4,45,18,0,67,13,0,13,80
06/01/2020,BET,AK,AAL,WE,Federal Contract Tower,6,1,1,0,8,0,155,24,2,181,6,156,25,2,189,2,0,2,191
06/02/2020,BET,AK,AAL,WE,Federal Contract Tower,7,4,0,2,13,0,145,31,0,176,7,149,31,2,189,0,0,0,189
06/03/2020,BET,AK,AAL,WE,Federal Contract Tower,5,32,4,0,41,0,68,22,0,90,5,100,26,0,131,0,0,0,131
06/04/2020,BET,AK,AAL,WE,Federal Contract Tower,17,40,7,2,66,0,86,23,0,109,17,126,30,2,175,2,0,2,177
06/05/2020,BET,AK,AAL,WE,Federal Contract Tower,11,14,0,0,25,0,155,33,0,188,11,169,33,0,213,2,0,2,215
06/06/2020,BET,AK,AAL,WE,Federal Contract Tower,11,13,0,0,24,1,118,46,0,165,12,131,46,0,189,0,0,0,189
06/07/2020,BET,AK,AAL,WE,Federal Contract Tower,6,12,10,0,28,0,13,12,0,25,6,25,22,0,53,0,0,0,53
06/08/2020,BET,AK,AAL,WE,Federal Contract Tower,10,16,0,0,26,0,133,19,0,152,10,149,19,0,178,0,0,0,178
06/09/2020,BET,AK,AAL,WE,Federal Contract Tower,9,5,7,0,21,130,40,0,0,170,139,45,7,0,191,0,0,0,191
06/10/2020,BET,AK,AAL,WE,Federal Contract Tower,14,7,6,0,27,0,158,63,1,222,14,165,69,1,249,4,0,4,253
06/11/2020,BET,AK,AAL,WE,Federal Contract Tower,10,7,1,0,18,0,168,27,0,195,10,175,28,0,213,0,0,0,213
06/12/2020,BET,AK,AAL,WE,Federal Contract Tower,11,5,0,0,16,0,138,31,0,169,11,143,31,0,185,0,0,0,185
06/13/2020,BET,AK,AAL,WE,Federal Contract Tower,10,2,0,0,12,0,131,28,0,159,10,133,28,0,171,0,0,0,171
06/14/2020,BET,AK,AAL,WE,Federal Contract Tower,8,4,0,0,12,0,38,21,0,59,8,42,21,0,71,2,0,2,73
06/15/2020,BET,AK,AAL,WE,Federal Contract Tower,9,5,0,0,14,0,153,40,2,195,9,158,40,2,209,0,0,0,209
06/16/2020,BET,AK,AAL,WE,Federal Contract Tower,10,5,2,0,17,0,162,38,6,206,10,167,40,6,223,2,0,2,225
06/17/2020,BET,AK,AAL,WE,Federal Contract Tower,9,4,0,0,13,0,132,32,0,164,9,136,32,0,177,0,0,0,177
06/18/2020,BET,AK,AAL,WE,Federal Contract Tower,12,6,0,0,18,0,194,57,0,251,12,200,57,0,269,0,0,0,269
06/19/2020,BET,AK,AAL,WE,Federal Contract Tower,11,3,0,0,14,0,157,37,2,196,11,160,37,2,210,2,0,2,212
06/21/2020,BET,AK,AAL,WE,Federal Contract Tower,10,9,1,0,20,0,68,23,0,91,10,77,24,0,111,2,0,2,113
06/22/2020,BET,AK,AAL,WE,Federal Contract Tower,12,6,3,2,23,0,146,22,4,172,12,152,25,6,195,0,0,0,195
06/23/2020,BET,AK,AAL,WE,Federal Contract Tower,9,21,8,2,40,0,130,18,0,148,9,151,26,2,188,0,0,0,188
06/24/2020,BET,AK,AAL,WE,Federal Contract Tower,11,76,6,2,95,0,48,13,0,61,11,124,19,2,156,0,0,0,156
06/25/2020,BET,AK,AAL,WE,Federal Contract Tower,11,10,0,0,21,0,167,42,0,209,11,177,42,0,230,0,0,0,230
06/26/2020,BET,AK,AAL,WE,Federal Contract Tower,13,12,0,0,25,0,158,38,0,196,13,170,38,0,221,0,0,0,221
06/27/2020,BET,AK,AAL,WE,Federal Contract Tower,13,18,1,0,32,0,95,22,0,117,13,113,23,0,149,0,0,0,149
06/28/2020,BET,AK,AAL,WE,Federal Contract Tower,6,16,1,0,23,0,78,15,0,93,6,94,16,0,116,0,0,0,116
06/29/2020,BET,AK,AAL,WE,Federal Contract Tower,8,7,3,0,18,0,160,32,2,194,8,167,35,2,212,10,0,10,222
06/30/2020,BET,AK,AAL,WE,Federal Contract Tower,7,7,4,4,22,0,152,22,0,174,7,159,26,4,196,0,0,0,196
07/01/2020,BET,AK,AAL,WE,Federal Contract Tower,15,30,5,0,50,0,106,20,0,126,15,136,25,0,176,0,0,0,176
07/02/2020,BET,AK,AAL,WE,Federal Contract Tower,4,43,16,0,63,0,45,5,0,50,4,88,21,0,113,0,0,0,113
07/03/2020,BET,AK,AAL,WE,Federal Contract Tower,9,9,0,0,18,0,111,54,0,165,9,120,54,0,183,0,0,0,183
07/04/2020,BET,AK,AAL,WE,Federal Contract Tower,5,4,0,0,9,1,15,38,0,54,6,19,38,0,63,28,0,28,91
07/05/2020,BET,AK,AAL,WE,Federal Contract Tower,6,21,3,0,30,0,30,3,0,33,6,51,6,0,63,0,0,0,63
07/06/2020,BET,AK,AAL,WE,Federal Contract Tower,10,29,3,0,42,0,108,38,0,146,10,137,41,0,188,0,0,0,188
07/07/2020,BET,AK,AAL,WE,Federal Contract Tower,11,21,3,0,35,0,120,42,0,162,11,141,45,0,197,0,0,0,197
07/08/2020,BET,AK,AAL,WE,Federal Contract Tower,9,40,9,0,58,0,48,24,0,72,9,88,33,0,130,0,0,0,130
07/09/2020,BET,AK,AAL,WE,Federal Contract Tower,13,22,7,0,42,0,99,24,0,123,13,121,31,0,165,0,0,0,165
07/10/2020,BET,AK,AAL,WE,Federal Contract Tower,6,23,6,0,35,0,91,38,0,129,6,114,44,0,164,0,0,0,164
07/11/2020,BET,AK,AAL,WE,Federal Contract Tower,11,0,0,0,11,0,123,46,0,169,11,123,46,0,180,0,0,0,180
07/12/2020,BET,AK,AAL,WE,Federal Contract Tower,6,8,0,0,14,0,130,38,0,168,6,138,38,0,182,0,0,0,182
07/13/2020,BET,AK,AAL,WE,Federal Contract Tower,10,18,5,2,35,0,124,36,0,160,10,142,41,2,195,2,0,2,197
07/14/2020,BET,AK,AAL,WE,Federal Contract Tower,8,16,6,0,30,0,150,50,0,200,8,166,56,0,230,14,0,14,244
07/15/2020,BET,AK,AAL,WE,Federal Contract Tower,10,2,1,0,13,0,141,40,4,185,10,143,41,4,198,13,0,13,211
07/16/2020,BET,AK,AAL,WE,Federal Contract Tower,9,5,0,0,14,1,202,49,2,254,10,207,49,2,268,0,0,0,268
07/17/2020,BET,AK,AAL,WE,Federal Contract Tower,9,6,0,0,15,0,160,54,0,214,9,166,54,0,229,2,0,2,231
07/18/2020,BET,AK,AAL,WE,Federal Contract Tower,16,24,3,0,43,0,123,31,0,154,16,147,34,0,197,16,0,16,213
07/19/2020,BET,AK,AAL,WE,Federal Contract Tower,6,0,0,0,6,0,90,16,0,106,6,90,16,0,112,10,0,10,122
07/20/2020,BET,AK,AAL,WE,Federal Contract Tower,9,8,1,0,18,0,176,49,0,225,9,184,50,0,243,2,0,2,245
07/21/2020,BET,AK,AAL,WE,Federal Contract Tower,11,23,9,2,45,0,76,29,0,105,11,99,38,2,150,8,0,8,158
07/22/2020,BET,AK,AAL,WE,Federal Contract Tower,12,2,4,0,18,1,169,43,2,215,13,171,47,2,233,16,0,16,249
07/23/2020,BET,AK,AAL,WE,Federal Contract Tower,15,5,0,2,22,0,141,42,0,183,15,146,42,2,205,2,0,2,207
07/24/2020,BET,AK,AAL,WE,Federal Contract Tower,12,41,7,0,60,0,99,23,1,123,12,140,30,1,183,2,0,2,185
07/25/2020,BET,AK,AAL,WE,Federal Contract Tower,12,15,5,0,32,2,140,38,0,180,14,155,43,0,212,0,0,0,212
07/27/2020,BET,AK,AAL,WE,Federal Contract Tower,13,7,1,0,21,0,142,44,6,192,13,149,45,6,213,8,0,8,221
07/28/2020,BET,AK,AAL,WE,Federal Contract Tower,11,9,2,0,22,0,165,41,1,207,11,174,43,1,229,0,0,0,229
07/29/2020,BET,AK,AAL,WE,Federal Contract Tower,9,5,0,0,14,0,164,39,0,203,9,169,39,0,217,0,0,0,217
07/30/2020,BET,AK,AAL,WE,Federal Contract Tower,8,35,8,0,51,0,87,15,0,102,8,122,23,0,153,4,0,4,157
07/31/2020,BET,AK,AAL,WE,Federal Contract Tower,10,7,0,0,17,0,159,29,0,188,10,166,29,0,205,0,0,0,205
08/01/2020,BET,AK,AAL,WE,Federal Contract Tower,10,2,3,0,15,0,137,43,0,180,10,139,46,0,195,0,0,0,195
08/02/2020,BET,AK,AAL,WE,Federal Contract Tower,6,8,0,0,14,0,149,15,0,164,6,157,15,0,178,2,0,2,180
08/03/2020,BET,AK,AAL,WE,Federal Contract Tower,7,3,0,0,10,0,170,56,0,226,7,173,56,0,236,0,0,0,236
08/04/2020,BET,AK,AAL,WE,Federal Contract Tower,13,62,23,0,98,0,26,13,0,39,13,88,36,0,137,0,0,0,137
08/05/2020,BET,AK,AAL,WE,Federal Contract Tower,13,3,5,0,21,8,174,46,0,228,21,177,51,0,249,0,0,0,249
08/06/2020,BET,AK,AAL,WE,Federal Contract Tower,13,8,0,0,21,0,178,41,0,219,13,186,41,0,240,2,0,2,242
08/07/2020,BET,AK,AAL,WE,Federal Contract Tower,14,38,7,0,59,0,85,18,0,103,14,123,25,0,162,0,0,0,162
08/08/2020,BET,AK,AAL,WE,Federal Contract Tower,10,5,0,0,15,0,141,32,0,173,10,146,32,0,188,0,0,0,188
08/09/2020,BET,AK,AAL,WE,Federal Contract Tower,4,35,3,0,42,0,108,20,0,128,4,143,23,0,170,2,0,2,172
08/10/2020,BET,AK,AAL,WE,Federal Contract Tower,11,27,4,0,42,0,110,23,0,133,11,137,27,0,175,0,0,0,175
08/11/2020,BET,AK,AAL,WE,Federal Contract Tower,11,13,2,0,26,2,110,28,0,140,13,123,30,0,166,0,0,0,166
08/12/2020,BET,AK,AAL,WE,Federal Contract Tower,16,4,0,0,20,0,240,38,0,278,16,244,38,0,298,0,0,0,298
08/13/2020,BET,AK,AAL,WE,Federal Contract Tower,12,3,1,0,16,0,180,37,0,217,12,183,38,0,233,10,0,10,243
08/14/2020,BET,AK,AAL,WE,Federal Contract Tower,7,4,0,0,11,0,166,33,0,199,7,170,33,0,210,0,0,0,210
08/15/2020,BET,AK,AAL,WE,Federal Contract Tower,9,13,1,0,23,0,135,21,0,156,9,148,22,0,179,0,0,0,179
08/16/2020,BET,AK,AAL,WE,Federal Contract Tower,6,1,0,0,7,0,75,17,0,92,6,76,17,0,99,0,0,0,99
08/17/2020,BET,AK,AAL,WE,Federal Contract Tower,12,6,2,1,21,0,143,35,2,180,12,149,37,3,201,8,0,8,209
08/18/2020,BET,AK,AAL,WE,Federal Contract Tower,10,4,3,0,17,1,155,44,1,201,11,159,47,1,218,10,0,10,228
08/19/2020,BET,AK,AAL,WE,Federal Contract Tower,7,9,2,1,19,0,187,43,0,230,7,196,45,1,249,0,0,0,249
08/20/2020,BET,AK,AAL,WE,Federal Contract Tower,17,28,4,0,49,0,150,47,0,197,17,178,51,0,246,4,0,4,250
08/22/2020,BET,AK,AAL,WE,Federal Contract Tower,15,32,9,0,56,0,82,33,0,115,15,114,42,0,171,2,0,2,173
08/23/2020,BET,AK,AAL,WE,Federal Contract Tower,8,16,0,0,24,0,126,34,0,160,8,142,34,0,184,0,0,0,184
08/24/2020,BET,AK,AAL,WE,Federal Contract Tower,7,36,6,0,49,0,155,40,0,195,7,191,46,0,244,0,0,0,244
08/25/2020,BET,AK,AAL,WE,Federal Contract Tower,7,5,1,0,13,0,171,55,0,226,7,176,56,0,239,0,0,0,239
08/26/2020,BET,AK,AAL,WE,Federal Contract Tower,6,8,1,0,15,2,174,40,0,216,8,182,41,0,231,2,0,2,233
08/27/2020,BET,AK,AAL,WE,Federal Contract Tower,8,3,2,0,13,0,135,27,0,162,8,138,29,0,175,0,0,0,175
08/28/2020,BET,AK,AAL,WE,Federal Contract Tower,9,19,1,0,29,0,158,33,0,191,9,177,34,0,220,5,0,5,225
08/29/2020,BET,AK,AAL,WE,Federal Contract Tower,11,8,0,0,19,0,130,27,0,157,11,138,27,0,176,0,0,0,176
08/31/2020,BET,AK,AAL,WE,Federal Contract Tower,5,6,0,0,11,0,180,38,0,218,5,186,38,0,229,2,0,2,231
09/01/2020,BET,AK,AAL,WE,Federal Contract Tower,8,6,2,0,16,0,144,28,0,172,8,150,30,0,188,2,0,2,190
09/02/2020,BET,AK,AAL,WE,Federal Contract Tower,7,6,2,0,15,0,159,41,0,200,7,165,43,0,215,10,0,10,225
09/03/2020,BET,AK,AAL,WE,Federal Contract Tower,8,3,1,0,12,0,160,24,0,184,8,163,25,0,196,0,0,0,196
09/04/2020,BET,AK,AAL,WE,Federal Contract Tower,7,4,0,0,11,0,169,23,0,192,7,173,23,0,203,2,0,2,205
09/05/2020,BET,AK,AAL,WE,Federal Contract Tower,11,5,0,0,16,0,174,31,0,205,11,179,31,0,221,0,0,0,221
09/06/2020,BET,AK,AAL,WE,Federal Contract Tower,3,3,2,0,8,1,33,8,0,42,4,36,10,0,50,0,0,0,50
09/07/2020,BET,AK,AAL,WE,Federal Contract Tower,4,37,4,0,45,0,7,1,0,8,4,44,5,0,53,0,0,0,53
09/08/2020,BET,AK,AAL,WE,Federal Contract Tower,5,16,0,0,21,0,119,26,0,145,5,135,26,0,166,2,0,2,168
09/09/2020,BET,AK,AAL,WE,Federal Contract Tower,9,4,4,0,17,0,178,46,0,224,9,182,50,0,241,0,0,0,241
09/11/2020,BET,AK,AAL,WE,Federal Contract Tower,6,0,0,0,6,0,190,27,0,217,6,190,27,0,223,0,0,0,223
09/12/2020,BET,AK,AAL,WE,Federal Contract Tower,15,7,1,0,23,0,135,34,0,169,15,142,35,0,192,0,0,0,192
09/13/2020,BET,AK,AAL,WE,Federal Contract Tower,6,3,0,0,9,0,102,20,0,122,6,105,20,0,131,0,0,0,131
09/14/2020,BET,AK,AAL,WE,Federal Contract Tower,10,19,1,0,30,0,103,26,0,129,10,122,27,0,159,0,0,0,159
09/15/2020,BET,AK,AAL,WE,Federal Contract Tower,7,7,2,0,16,0,205,30,0,235,7,212,32,0,251,0,0,0,251
09/16/2020,BET,AK,AAL,WE,Federal Contract Tower,7,14,4,0,25,0,188,38,0,226,7,202,42,0,251,0,0,0,251
09/17/2020,BET,AK,AAL,WE,Federal Contract Tower,10,27,2,1,40,1,133,22,0,156,11,160,24,1,196,0,0,0,196
09/18/2020,BET,AK,AAL,WE,Federal Contract Tower,7,14,0,0,21,0,195,28,0,223,7,209,28,0,244,0,0,0,244
09/19/2020,BET,AK,AAL,WE,Federal Contract Tower,16,7,0,0,23,0,161,33,0,194,16,168,33,0,217,0,0,0,217
09/20/2020,BET,AK,AAL,WE,Federal Contract Tower,6,4,0,0,10,0,143,22,0,165,6,147,22,0,175,0,0,0,175
09/21/2020,BET,AK,AAL,WE,Federal Contract Tower,12,7,0,0,19,0,142,44,0,186,12,149,44,0,205,24,0,24,229
09/22/2020,BET,AK,AAL,WE,Federal Contract Tower,9,2,0,0,11,0,215,43,2,260,9,217,43,2,271,0,0,0,271
09/23/2020,BET,AK,AAL,WE,Federal Contract Tower,11,12,0,1,24,2,178,48,0,228,13,190,48,1,252,0,0,0,252
09/24/2020,BET,AK,AAL,WE,Federal Contract Tower,13,14,0,0,27,0,171,52,0,223,13,185,52,0,250,0,0,0,250
09/25/2020,BET,AK,AAL,WE,Federal Contract Tower,6,10,0,2,18,0,174,26,0,200,6,184,26,2,218,2,0,2,220
09/26/2020,BET,AK,AAL,WE,Federal Contract Tower,12,24,1,0,37,0,124,38,0,162,12,148,39,0,199,0,0,0,199
09/27/2020,BET,AK,AAL,WE,Federal Contract Tower,6,6,1,0,13,0,93,35,0,128,6,99,36,0,141,0,0,0,141
09/28/2020,BET,AK,AAL,WE,Federal Contract Tower,9,7,0,0,16,0,122,44,2,168,9,129,44,2,184,0,0,0,184
09/29/2020,BET,AK,AAL,WE,Federal Contract Tower,16,12,0,0,28,0,151,30,0,181,16,163,30,0,209,8,0,8,217
09/30/2020,BET,AK,AAL,WE,Federal Contract Tower,12,6,0,0,18,0,170,23,0,193,12,176,23,0,211,0,0,0,211
10/01/2020,BET,AK,AAL,WE,Federal Contract Tower,17,7,0,1,25,0,158,25,0,183,17,165,25,1,208,4,0,4,212
10/02/2020,BET,AK,AAL,WE,Federal Contract Tower,6,4,2,0,12,0,160,18,0,178,6,164,20,0,190,0,0,0,190
10/03/2020,BET,AK,AAL,WE,Federal Contract Tower,9,12,3,0,24,0,68,18,0,86,9,80,21,0,110,0,0,0,110
10/04/2020,BET,AK,AAL,WE,Federal Contract Tower,4,14,0,0,18,0,119,27,0,146,4,133,27,0,164,0,0,0,164
10/05/2020,BET,AK,AAL,WE,Federal Contract Tower,8,38,2,0,48,0,92,20,0,112,8,130,22,0,160,0,0,0,160
10/06/2020,BET,AK,AAL,WE,Federal Contract Tower,14,5,0,2,21,0,191,26,0,217,14,196,26,2,238,6,0,6,244
10/07/2020,BET,AK,AAL,WE,Federal Contract Tower,11,1,7,0,19,0,6,12,4,22,11,7,19,4,41,0,0,0,41
10/08/2020,BET,AK,AAL,WE,Federal Contract Tower,7,9,1,0,17,0,180,44,0,224,7,189,45,0,241,6,0,6,247
10/09/2020,BET,AK,AAL,WE,Federal Contract Tower,13,11,0,0,24,0,205,31,0,236,13,216,31,0,260,8,0,8,268
10/10/2020,BET,AK,AAL,WE,Federal Contract Tower,8,19,1,0,28,0,122,28,0,150,8,141,29,0,178,10,0,10,188
10/11/2020,BET,AK,AAL,WE,Federal Contract Tower,8,13,2,0,23,0,92,5,0,97,8,105,7,0,120,6,0,6,126
10/13/2020,BET,AK,AAL,WE,Federal Contract Tower,7,1,0,2,10,0,175,37,0,212,7,176,37,2,222,32,0,32,254
10/14/2020,BET,AK,AAL,WE,Federal Contract Tower,5,8,1,0,14,0,185,36,0,221,5,193,37,0,235,6,0,6,241
10/15/2020,BET,AK,AAL,WE,Federal Contract Tower,12,10,0,0,22,0,170,28,1,199,12,180,28,1,221,24,0,24,245
10/16/2020,BET,AK,AAL,WE,Federal Contract Tower,13,2,0,0,15,0,161,20,1,182,13,163,20,1,197,30,0,30,227
10/17/2020,BET,AK,AAL,WE,Federal Contract Tower,10,10,0,0,20,0,105,28,0,133,10,115,28,0,153,8,0,8,161
10/18/2020,BET,AK,AAL,WE,Federal Contract Tower,9,4,0,0,13,0,97,28,0,125,9,101,28,0,138,8,0,8,146
10/19/2020,BET,AK,AAL,WE,Federal Contract Tower,11,20,6,0,37,0,4,6,0,10,11,24,12,0,47,0,0,0,47
10/20/2020,BET,AK,AAL,WE,Federal Contract Tower,11,9,0,0,20,0,202,32,0,234,11,211,32,0,254,98,0,98,352
10/21/2020,BET,AK,AAL,WE,Federal Contract Tower,10,15,7,0,32,0,146,21,0,167,10,161,28,0,199,6,0,6,205
10/22/2020,BET,AK,AAL,WE,Federal Contract Tower,12,0,0,0,12,0,177,29,0,206,12,177,29,0,218,26,0,26,244
10/23/2020,BET,AK,AAL,WE,Federal Contract Tower,14,0,0,0,14,0,172,21,0,193,14,172,21,0,207,16,0,16,223
10/24/2020,BET,AK,AAL,WE,Federal Contract Tower,10,15,0,0,25,0,124,14,0,138,10,139,14,0,163,6,0,6,169
10/25/2020,BET,AK,AAL,WE,Federal Contract Tower,8,8,3,0,19,0,42,13,0,55,8,50,16,0,74,0,0,0,74
10/26/2020,BET,AK,AAL,WE,Federal Contract Tower,10,40,3,0,53,0,0,0,0,0,10,40,3,0,53,0,0,0,53
10/27/2020,BET,AK,AAL,WE,Federal Contract Tower,7,5,1,0,13,0,220,39,2,261,7,225,40,2,274,0,0,0,274
10/28/2020,BET,AK,AAL,WE,Federal Contract Tower,7,15,0,0,22,0,163,28,0,191,7,178,28,0,213,10,0,10,223
10/29/2020,BET,AK,AAL,WE,Federal Contract Tower,9,8,4,2,23,0,99,25,0,124,9,107,29,2,147,8,0,8,155
10/30/2020,BET,AK,AAL,WE,Federal Contract Tower,11,39,6,0,56,0,6,7,0,13,11,45,13,0,69,0,0,0,69
10/31/2020,BET,AK,AAL,WE,Federal Contract Tower,8,4,0,0,12,0,63,85,1,149,8,67,85,1,161,10,0,10,171
11/01/2020,BET,AK,AAL,WE,Federal Contract Tower,7,8,2,0,17,0,79,36,0,115,7,87,38,0,132,0,0,0,132
11/02/2020,BET,AK,AAL,WE,Federal Contract Tower,13,1,0,0,14,0,164,74,1,239,13,165,74,1,253,24,0,24,277
11/03/2020,BET,AK,AAL,WE,Federal Contract Tower,3,12,4,2,21,0,4,20,1,25,3,16,24,3,46,0,0,0,46
11/04/2020,BET,AK,AAL,WE,Federal Contract Tower,10,8,0,0,18,0,185,100,0,285,10,193,100,0,303,0,0,0,303
11/05/2020,BET,AK,AAL,WE,Federal Contract Tower,2,4,0,0,6,0,0,10,0,10,2,4,10,0,16,0,0,0,16
11/07/2020,BET,AK,AAL,WE,Federal Contract Tower,5,18,4,0,27,0,85,35,0,120,5,103,39,0,147,6,0,6,153
11/08/2020,BET,AK,AAL,WE,Federal Contract Tower,2,14,0,0,16,0,108,36,0,144,2,122,36,0,160,0,0,0,160
11/09/2020,BET,AK,AAL,WE,Federal Contract Tower,6,12,3,0,21,0,18,20,0,38,6,30,23,0,59,0,0,0,59
11/10/2020,BET,AK,AAL,WE,Federal Contract Tower,5,5,1,0,11,0,126,98,0,224,5,131,99,0,235,0,0,0,235
11/11/2020,BET,AK,AAL,WE,Federal Contract Tower,15,3,1,0,19,0,150,89,0,239,15,153,90,0,258,10,0,10,268
11/12/2020,BET,AK,AAL,WE,Federal Contract Tower,12,14,2,0,28,0,130,39,0,169,12,144,41,0,197,6,0,6,203
11/13/2020,BET,AK,AAL,WE,Federal Contract Tower,5,8,2,0,15,0,183,125,0,308,5,191,127,0,323,4,0,4,327
11/14/2020,BET,AK,AAL,WE,Federal Contract Tower,4,7,0,0,11,0,145,33,0,178,4,152,33,0,189,0,0,0,189
11/15/2020,BET,AK,AAL,WE,Federal Contract Tower,4,6,0,0,10,0,176,44,0,220,4,182,44,0,230,0,0,0,230
11/17/2020,BET,AK,AAL,WE,Federal Contract Tower,5,6,6,0,17,0,73,57,0,130,5,79,63,0,147,0,0,0,147
11/18/2020,BET,AK,AAL,WE,Federal Contract Tower,7,12,4,0,23,0,65,48,0,113,7,77,52,0,136,0,0,0,136
11/19/2020,BET,AK,AAL,WE,Federal Contract Tower,13,13,4,0,30,0,144,76,0,220,13,157,80,0,250,30,0,30,280
11/20/2020,BET,AK,AAL,WE,Federal Contract Tower,5,0,0,0,5,0,57,31,0,88,5,57,31,0,93,0,0,0,93
11/21/2020,BET,AK,AAL,WE,Federal Contract Tower,7,23,4,0,34,0,179,66,0,245,7,202,70,0,279,6,0,6,285
11/22/2020,BET,AK,AAL,WE,Federal Contract Tower,6,4,0,0,10,0,180,44,0,224,6,184,44,0,234,0,0,0,234
11/23/2020,BET,AK,AAL,WE,Federal Contract Tower,6,36,8,0,50,0,119,52,0,171,6,155,60,0,221,4,0,4,225
11/24/2020,BET,AK,AAL,WE,Federal Contract Tower,4,6,0,0,10,0,1,0,0,1,4,7,0,0,11,0,0,0,11
11/25/2020,BET,AK,AAL,WE,Federal Contract Tower,16,4,0,0,20,0,210,68,0,278,16,214,68,0,298,0,0,0,298
11/26/2020,BET,AK,AAL,WE,Federal Contract Tower,0,2,0,0,2,0,0,0,0,0,0,2,0,0,2,0,0,0,2
11/27/2020,BET,AK,AAL,WE,Federal Contract Tower,11,9,1,0,21,0,154,38,0,192,11,163,39,0,213,0,0,0,213
11/28/2020,BET,AK,AAL,WE,Federal Contract Tower,10,3,0,0,13,146,36,0,0,182,156,39,0,0,195,0,0,0,195
11/29/2020,BET,AK,AAL,WE,Federal Contract Tower,8,2,0,0,10,0,154,24,0,178,8,156,24,0,188,0,0,0,188
11/30/2020,BET,AK,AAL,WE,Federal Contract Tower,9,34,5,0,48,0,79,13,0,92,9,113,18,0,140,10,0,10,150
12/01/2020,BET,AK,AAL,WE,Federal Contract Tower,11,20,14,0,45,0,0,0,0,0,11,20,14,0,45,0,0,0,45
12/02/2020,BET,AK,AAL,WE,Federal Contract Tower,10,3,0,0,13,0,182,126,0,308,10,185,126,0,321,10,0,10,331
12/03/2020,BET,AK,AAL,WE,Federal Contract Tower,11,7,2,0,20,1,180,104,0,285,12,187,106,0,305,6,0,6,311
12/04/2020,BET,AK,AAL,WE,Federal Contract Tower,11,16,0,0,27,0,90,56,0,146,11,106,56,0,173,0,0,0,173
12/05/2020,BET,AK,AAL,WE,Federal Contract Tower,9,5,0,0,14,0,133,61,0,194,9,138,61,0,208,0,0,0,208
12/06/2020,BET,AK,AAL,WE,Federal Contract Tower,4,2,0,0,6,0,0,0,0,0,4,2,0,0,6,0,0,0,6
12/07/2020,BET,AK,AAL,WE,Federal Contract Tower,4,11,1,0,16,0,0,0,0,0,4,11,1,0,16,0,0,0,16
12/08/2020,BET,AK,AAL,WE,Federal Contract Tower,11,24,3,0,38,0,100,37,0,137,11,124,40,0,175,0,0,0,175
12/09/2020,BET,AK,AAL,WE,Federal Contract Tower,7,1,0,0,8,0,220,98,0,318,7,221,98,0,326,8,0,8,334
12/10/2020,BET,AK,AAL,WE,Federal Contract Tower,8,1,0,0,9,0,176,57,0,233,8,177,57,0,242,0,0,0,242
12/11/2020,BET,AK,AAL,WE,Federal Contract Tower,0,161,21,0,182,4,5,0,0,9,4,166,21,0,191,8,0,8,199
12/12/2020,BET,AK,AAL,WE,Federal Contract Tower,10,4,0,0,14,0,55,16,0,71,10,59,16,0,85,4,0,4,89
12/13/2020,BET,AK,AAL,WE,Federal Contract Tower,7,11,0,0,18,96,24,0,0,120,103,35,0,0,138,0,0,0,138
12/14/2020,BET,AK,AAL,WE,Federal Contract Tower,9,20,2,0,31,0,51,19,0,70,9,71,21,0,101,0,0,0,101
12/15/2020,BET,AK,AAL,WE,Federal Contract Tower,16,15,7,2,40,0,25,49,0,74,16,40,56,2,114,0,0,0,114
12/16/2020,BET,AK,AAL,WE,Federal Contract Tower,9,8,1,0,18,0,156,64,0,220,9,164,65,0,238,0,0,0,238
12/17/2020,BET,AK,AAL,WE,Federal Contract Tower,7,3,0,0,10,0,208,92,0,300,7,211,92,0,310,4,0,4,314
12/18/2020,BET,AK,AAL,WE,Federal Contract Tower,10,47,3,0,60,0,48,39,0,87,10,95,42,0,147,0,0,0,147
12/19/2020,BET,AK,AAL,WE,Federal Contract Tower,6,2,1,0,9,0,200,101,0,301,6,202,102,0,310,0,0,0,310
12/20/2020,BET,AK,AAL,WE,Federal Contract Tower,12,13,4,0,29,0,101,19,0,120,12,114,23,0,149,0,0,0,149
12/21/2020,BET,AK,AAL,WE,Federal Contract Tower,11,2,2,0,15,0,65,75,1,141,11,67,77,1,156,0,0,0,156
12/22/2020,BET,AK,AAL,WE,Federal Contract Tower,8,9,2,0,19,0,58,18,0,76,8,67,20,0,95,0,0,0,95
12/23/2020,BET,AK,AAL,WE,Federal Contract Tower,5,7,1,0,13,0,127,43,2,172,5,134,44,2,185,4,0,4,189
12/24/2020,BET,AK,AAL,WE,Federal Contract Tower,11,6,1,0,18,0,140,39,0,179,11,146,40,0,197,0,0,0,197
12/25/2020,BET,AK,AAL,WE,Federal Contract Tower,0,1,0,0,1,0,1,2,0,3,0,2,2,0,4,0,0,0,4
12/26/2020,BET,AK,AAL,WE,Federal Contract Tower,9,6,4,0,19,0,0,0,0,0,9,6,4,0,19,0,0,0,19
12/27/2020,BET,AK,AAL,WE,Federal Contract Tower,5,2,0,0,7,0,1,60,8,69,5,3,60,8,76,0,0,0,76
12/28/2020,BET,AK,AAL,WE,Federal Contract Tower,12,2,0,0,14,0,173,49,0,222,12,175,49,0,236,8,0,8,244
12/29/2020,BET,AK,AAL,WE,Federal Contract Tower,10,7,0,0,17,0,147,25,0,172,10,154,25,0,189,0,0,0,189
12/30/2020,BET,AK,AAL,WE,Federal Contract Tower,9,15,0,0,24,0,95,20,0,115,9,110,20,0,139,0,0,0,139
12/31/2020,BET,AK,AAL,WE,Federal Contract Tower,13,6,0,0,19,0,112,25,0,137,13,118,25,0,156,4,0,4,160
01/01/2021,BET,AK,AAL,WE,Federal Contract Tower,3,1,1,0,5,0,7,18,0,25,3,8,19,0,30,0,0,0,30
01/02/2021,BET,AK,AAL,WE,Federal Contract Tower,4,1,3,0,8,0,169,39,0,208,4,170,42,0,216,0,0,0,216
01/03/2021,BET,AK,AAL,WE,Federal Contract Tower,6,14,2,0,22,0,138,33,0,171,6,152,35,0,193,0,0,0,193
01/04/2021,BET,AK,AAL,WE,Federal Contract Tower,8,4,0,0,12,0,177,31,0,208,8,181,31,0,220,4,0,4,224
01/05/2021,BET,AK,AAL,WE,Federal Contract Tower,12,2,1,0,15,0,181,32,2,215,12,183,33,2,230,8,0,8,238
01/08/2021,BET,AK,AAL,WE,Federal Contract Tower,8,15,0,0,23,0,128,29,0,157,8,143,29,0,180,28,0,28,208
01/09/2021,BET,AK,AAL,WE,Federal Contract Tower,7,6,3,0,16,0,108,25,0,133,7,114,28,0,149,0,0,0,149
01/10/2021,BET,AK,AAL,WE,Federal Contract Tower,11,8,0,0,19,0,55,10,0,65,11,63,10,0,84,8,0,8,92
01/11/2021,BET,AK,AAL,WE,Federal Contract Tower,7,8,0,0,15,0,198,22,0,220,7,206,22,0,235,6,0,6,241
01/12/2021,BET,AK,AAL,WE,Federal Contract Tower,19,70,6,0,95,0,0,0,0,0,19,70,6,0,95,0,0,0,95
01/13/2021,BET,AK,AAL,WE,Federal Contract Tower,3,19,0,0,22,0,7,2,0,9,3,26,2,0,31,0,0,0,31
01/14/2021,BET,AK,AAL,WE,Federal Contract Tower,9,16,0,0,25,1,208,46,0,255,10,224,46,0,280,14,0,14,294
01/15/2021,BET,AK,AAL,WE,Federal Contract Tower,4,14,0,0,18,0,169,35,0,204,4,183,35,0,222,0,0,0,222
01/16/2021,BET,AK,AAL,WE,Federal Contract Tower,5,24,1,0,30,0,12,3,0,15,5,36,4,0,45,0,0,0,45
01/17/2021,BET,AK,AAL,WE,Federal Contract Tower,8,19,4,0,31,0,63,23,0,86,8,82,27,0,117,0,0,0,117
01/18/2021,BET,AK,AAL,WE,Federal Contract Tower,9,11,4,0,24,0,18,14,0,32,9,29,18,0,56,4,0,4,60
01/19/2021,BET,AK,AAL,WE,Federal Contract Tower,9,17,7,0,33,0,112,33,0,145,9,129,40,0,178,0,0,0,178
01/20/2021,BET,AK,AAL,WE,Federal Contract Tower,6,4,4,0,14,0,80,30,0,110,6,84,34,0,124,0,0,0,124
01/21/2021,BET,AK,AAL,WE,Federal Contract Tower,18,6,1,0,25,0,87,21,0,108,18,93,22,0,133,0,0,0,133
01/22/2021,BET,AK,AAL,WE,Federal Contract Tower,10,4,1,2,17,1,37,9,0,47,11,41,10,2,64,10,0,10,74
01/23/2021,BET,AK,AAL,WE,Federal Contract Tower,8,21,2,0,31,0,76,21,0,97,8,97,23,0,128,12,0,12,140
01/24/2021,BET,AK,AAL,WE,Federal Contract Tower,4,27,1,0,32,0,0,0,0,0,4,27,1,0,32,0,0,0,32
01/25/2021,BET,AK,AAL,WE,Federal Contract Tower,4,9,0,0,13,0,202,69,0,271,4,211,69,0,284,4,0,4,288
01/26/2021,BET,AK,AAL,WE,Federal Contract Tower,6,4,0,0,10,0,83,30,0,113,6,87,30,0,123,0,0,0,123
01/27/2021,BET,AK,AAL,WE,Federal Contract Tower,6,11,3,0,20,0,107,23,0,130,6,118,26,0,150,2,0,2,152
01/28/2021,BET,AK,AAL,WE,Federal Contract Tower,6,16,9,0,31,0,12,5,0,17,6,28,14,0,48,0,0,0,48
01/29/2021,BET,AK,AAL,WE,Federal Contract Tower,8,7,0,0,15,0,158,38,0,196,8,165,38,0,211,0,0,0,211
01/30/2021,BET,AK,AAL,WE,Federal Contract Tower,4,4,0,0,8,0,182,45,0,227,4,186,45,0,235,14,0,14,249
01/31/2021,BET,AK,AAL,WE,Federal Contract Tower,10,4,0,0,14,0,173,35,0,208,10,177,35,0,222,4,0,4,226
02/01/2021,BET,AK,AAL,WE,Federal Contract Tower,5,9,0,0,14,0,23,2,0,25,5,32,2,0,39,0,0,0,39
02/02/2021,BET,AK,AAL,WE,Federal Contract Tower,8,5,2,0,15,0,0,0,0,0,8,5,2,0,15,0,0,0,15
02/03/2021,BET,AK,AAL,WE,Federal Contract Tower,4,27,2,0,33,0,0,0,0,0,4,27,2,0,33,0,0,0,33
02/04/2021,BET,AK,AAL,WE,Federal Contract Tower,16,8,0,0,24,0,169,54,0,223,16,177,54,0,247,16,0,16,263
02/05/2021,BET,AK,AAL,WE,Federal Contract Tower,5,12,5,0,22,0,130,25,0,155,5,142,30,0,177,2,0,2,179
02/08/2021,BET,AK,AAL,WE,Federal Contract Tower,6,7,0,0,13,0,150,30,0,180,6,157,30,0,193,8,0,8,201
02/09/2021,BET,AK,AAL,WE,Federal Contract Tower,10,7,0,0,17,0,124,19,0,143,10,131,19,0,160,0,0,0,160
02/10/2021,BET,AK,AAL,WE,Federal Contract Tower,5,45,7,0,57,0,0,0,0,0,5,45,7,0,57,0,0,0,57
02/11/2021,BET,AK,AAL,WE,Federal Contract Tower,9,8,5,0,22,0,54,7,0,61,9,62,12,0,83,0,0,0,83
02/12/2021,BET,AK,AAL,WE,Federal Contract Tower,10,3,0,0,13,0,145,23,0,168,10,148,23,0,181,4,0,4,185
02/13/2021,BET,AK,AAL,WE,Federal Contract Tower,8,6,0,0,14,0,188,61,0,249,8,194,61,0,263,0,0,0,263
02/14/2021,BET,AK,AAL,WE,Federal Contract Tower,12,13,0,0,25,0,134,33,0,167,12,147,33,0,192,10,0,10,202
02/15/2021,BET,AK,AAL,WE,Federal Contract Tower,15,11,2,0,28,0,165,51,0,216,15,176,53,0,244,6,0,6,250
02/16/2021,BET,AK,AAL,WE,Federal Contract Tower,13,12,2,1,28,0,136,27,0,163,13,148,29,1,191,0,0,0,191
02/17/2021,BET,AK,AAL,WE,Federal Contract Tower,1,27,12,0,40,0,0,0,0,0,1,27,12,0,40,0,0,0,40
02/18/2021,BET,AK,AAL,WE,Federal Contract Tower,14,5,0,1,20,0,196,50,4,250,14,201,50,5,270,0,10,10,280
02/19/2021,BET,AK,AAL,WE,Federal Contract Tower,7,0,0,0,7,0,188,37,0,225,7,188,37,0,232,0,0,0,232
02/20/2021,BET,AK,AAL,WE,Federal Contract Tower,8,2,0,0,10,1,201,31,0,233,9,203,31,0,243,0,0,0,243
02/21/2021,BET,AK,AAL,WE,Federal Contract Tower,0,228,22,0,250,5,5,0,0,10,5,233,22,0,260,8,0,8,268
02/22/2021,BET,AK,AAL,WE,Federal Contract Tower,12,10,0,0,22,0,183,41,0,224,12,193,41,0,246,0,0,0,246
02/23/2021,BET,AK,AAL,WE,Federal Contract Tower,11,37,0,0,48,0,16,2,0,18,11,53,2,0,66,0,0,0,66
02/24/2021,BET,AK,AAL,WE,Federal Contract Tower,11,37,3,0,51,0,16,2,0,18,11,53,5,0,69,0,0,0,69
02/25/2021,BET,AK,AAL,WE,Federal Contract Tower,0,13,6,0,19,8,42,17,0,67,8,55,23,0,86,0,0,0,86
02/26/2021,BET,AK,AAL,WE,Federal Contract Tower,1,8,0,0,9,0,0,0,0,0,1,8,0,0,9,0,0,0,9
02/27/2021,BET,AK,AAL,WE,Federal Contract Tower,8,17,6,0,31,0,121,41,0,162,8,138,47,0,193,6,0,6,199
03/08/2021,BET,AK,AAL,WE,Federal Contract Tower,5,0,4,0,9,0,47,22,0,69,5,47,26,0,78,8,0,8,86
03/09/2021,BET,AK,AAL,WE,Federal Contract Tower,7,12,4,0,23,0,177,53,0,230,7,189,57,0,253,6,0,6,259
03/10/2021,BET,AK,AAL,WE,Federal Contract Tower,7,3,5,0,15,0,186,46,2,234,7,189,51,2,249,0,0,0,249
03/14/2021,BET,AK,AAL,WE,Federal Contract Tower,9,48,9,0,66,0,37,13,0,50,9,85,22,0,116,0,0,0,116
03/19/2021,BET,AK,AAL,WE,Federal Contract Tower,10,6,0,0,16,0,188,36,0,224,10,194,36,0,240,6,0,6,246
04/19/2021,BET,AK,AAL,WE,Federal Contract Tower,8,8,0,0,16,0,293,28,0,321,8,301,28,0,337,4,0,4,341
04/23/2021,BET,AK,AAL,WE,Federal Contract Tower,17,12,0,0,29,0,266,96,0,362,17,278,96,0,391,0,0,0,391
04/24/2021,BET,AK,AAL,WE,Federal Contract Tower,12,6,2,0,20,0,219,93,0,312,12,225,95,0,332,5,0,5,337
04/25/2021,BET,AK,AAL,WE,Federal Contract Tower,6,6,0,0,12,0,197,14,0,211,6,203,14,0,223,2,0,2,225
04/26/2021,BET,AK,AAL,WE,Federal Contract Tower,16,0,0,0,16,0,230,101,0,331,16,230,101,0,347,0,0,0,347
04/27/2021,BET,AK,AAL,WE,Federal Contract Tower,15,6,0,0,21,4,269,124,2,399,19,275,124,2,420,0,0,0,420
04/29/2021,BET,AK,AAL,WE,Federal Contract Tower,15,17,2,0,34,0,232,69,0,301,15,249,71,0,335,0,0,0,335
04/30/2021,BET,AK,AAL,WE,Federal Contract Tower,9,5,0,0,14,0,261,60,0,321,9,266,60,0,335,6,0,6,341
05/01/2021,BET,AK,AAL,WE,Federal Contract Tower,7,4,1,0,12,0,189,59,0,248,7,193,60,0,260,0,0,0,260
05/02/2021,BET,AK,AAL,WE,Federal Contract Tower,6,4,0,0,10,0,125,32,0,157,6,129,32,0,167,12,0,12,179
05/03/2021,BET,AK,AAL,WE,Federal Contract Tower,11,2,0,0,13,0,207,69,0,276,11,209,69,0,289,0,0,0,289
05/04/2021,BET,AK,AAL,WE,Federal Contract Tower,15,3,1,2,21,0,230,74,0,304,15,233,75,2,325,6,0,6,331
05/05/2021,BET,AK,AAL,WE,Federal Contract Tower,11,5,0,0,16,0,218,70,3,291,11,223,70,3,307,0,0,0,307
05/07/2021,BET,AK,AAL,WE,Federal Contract Tower,7,1,0,0,8,0,220,58,0,278,7,221,58,0,286,4,0,4,290
05/08/2021,BET,AK,AAL,WE,Federal Contract Tower,12,2,2,0,16,0,203,49,0,252,12,205,51,0,268,0,0,0,268
05/09/2021,BET,AK,AAL,WE,Federal Contract Tower,6,0,0,0,6,0,115,23,0,138,6,115,23,0,144,0,0,0,144
05/10/2021,BET,AK,AAL,WE,Federal Contract Tower,14,0,0,2,16,0,204,57,0,261,14,204,57,2,277,0,0,0,277
05/11/2021,BET,AK,AAL,WE,Federal Contract Tower,14,14,3,0,31,0,182,67,0,249,14,196,70,0,280,0,0,0,280
05/12/2021,BET,AK,AAL,WE,Federal Contract Tower,11,4,2,0,17,0,201,63,0,264,11,205,65,0,281,2,0,2,283
05/13/2021,BET,AK,AAL,WE,Federal Contract Tower,10,4,0,0,14,0,216,53,0,269,10,220,53,0,283,0,0,0,283
05/14/2021,BET,AK,AAL,WE,Federal Contract Tower,13,0,0,2,15,0,227,77,0,304,13,227,77,2,319,12,0,12,331
05/15/2021,BET,AK,AAL,WE,Federal Contract Tower,15,9,4,0,28,1,163,68,0,232,16,172,72,0,260,0,0,0,260
05/16/2021,BET,AK,AAL,WE,Federal Contract Tower,6,11,0,0,17,0,92,46,0,138,6,103,46,0,155,0,0,0,155
05/17/2021,BET,AK,AAL,WE,Federal Contract Tower,14,20,6,0,40,0,128,55,0,183,14,148,61,0,223,4,0,4,227
05/18/2021,BET,AK,AAL,WE,Federal Contract Tower,12,14,1,0,27,0,196,42,2,240,12,210,43,2,267,0,0,0,267
05/19/2021,BET,AK,AAL,WE,Federal Contract Tower,11,3,2,0,16,0,173,80,1,254,11,176,82,1,270,2,0,2,272
05/20/2021,BET,AK,AAL,WE,Federal Contract Tower,15,6,3,0,24,0,199,64,0,263,15,205,67,0,287,2,0,2,289
05/21/2021,BET,AK,AAL,WE,Federal Contract Tower,11,36,4,0,51,0,101,42,0,143,11,137,46,0,194,0,0,0,194
05/22/2021,BET,AK,AAL,WE,Federal Contract Tower,12,14,1,0,27,0,196,55,0,251,12,210,56,0,278,4,0,4,282
05/23/2021,BET,AK,AAL,WE,Federal Contract Tower,7,3,0,0,10,0,91,37,0,128,7,94,37,0,138,8,0,8,146
05/24/2021,BET,AK,AAL,WE,Federal Contract Tower,13,3,2,0,18,2,188,64,0,254,15,191,66,0,272,0,0,0,272
05/25/2021,BET,AK,AAL,WE,Federal Contract Tower,10,3,0,0,13,2,215,55,0,272,12,218,55,0,285,0,0,0,285
05/26/2021,BET,AK,AAL,WE,Federal Contract Tower,8,8,0,0,16,1,165,61,0,227,9,173,61,0,243,0,0,0,243
05/27/2021,BET,AK,AAL,WE,Federal Contract Tower,14,4,0,0,18,169,50,0,0,219,183,54,0,0,237,0,0,0,237
05/28/2021,BET,AK,AAL,WE,Federal Contract Tower,12,5,0,0,17,0,138,42,0,180,12,143,42,0,197,0,0,0,197
05/29/2021,BET,AK,AAL,WE,Federal Contract Tower,14,4,1,0,19,0,99,28,0,127,14,103,29,0,146,0,0,0,146
05/30/2021,BET,AK,AAL,WE,Federal Contract Tower,6,3,0,0,9,0,129,47,0,176,6,132,47,0,185,0,0,0,185
05/31/2021,BET,AK,AAL,WE,Federal Contract Tower,8,0,0,0,8,0,75,35,0,110,8,75,35,0,118,4,0,4,122
06/01/2021,BET,AK,AAL,WE,Federal Contract Tower,8,12,4,0,24,0,178,58,0,236,8,190,62,0,260,0,0,0,260
06/02/2021,BET,AK,AAL,WE,Federal Contract Tower,10,17,2,0,29,0,161,37,0,198,10,178,39,0,227,0,0,0,227
06/03/2021,BET,AK,AAL,WE,Federal Contract Tower,14,45,26,0,85,0,131,21,2,154,14,176,47,2,239,2,0,2,241
06/04/2021,BET,AK,AAL,WE,Federal Contract Tower,14,48,9,0,71,0,138,28,0,166,14,186,37,0,237,0,0,0,237
06/05/2021,BET,AK,AAL,WE,Federal Contract Tower,13,4,2,0,19,0,149,53,0,202,13,153,55,0,221,6,0,6,227
06/06/2021,BET,AK,AAL,WE,Federal Contract Tower,6,15,16,0,37,0,78,19,0,97,6,93,35,0,134,12,0,12,146
06/07/2021,BET,AK,AAL,WE,Federal Contract Tower,14,13,2,0,29,1,164,33,0,198,15,177,35,0,227,0,0,0,227
06/08/2021,BET,AK,AAL,WE,Federal Contract Tower,12,23,6,0,41,0,203,47,0,250,12,226,53,0,291,4,0,4,295
06/09/2021,BET,AK,AAL,WE,Federal Contract Tower,10,12,5,0,27,0,179,35,0,214,10,191,40,0,241,4,0,4,245
06/10/2021,BET,AK,AAL,WE,Federal Contract Tower,15,37,12,0,64,0,149,32,0,181,15,186,44,0,245,0,0,0,245
06/11/2021,BET,AK,AAL,WE,Federal Contract Tower,13,35,6,0,54,0,107,27,0,134,13,142,33,0,188,4,0,4,192
06/12/2021,BET,AK,AAL,WE,Federal Contract Tower,10,8,2,0,20,0,157,36,1,194,10,165,38,1,214,0,0,0,214
06/13/2021,BET,AK,AAL,WE,Federal Contract Tower,9,5,0,0,14,0,0,0,0,0,9,5,0,0,14,2,0,2,16
06/14/2021,BET,AK,AAL,WE,Federal Contract Tower,9,8,0,2,19,0,63,52,0,115,9,71,52,2,134,0,0,0,134
06/15/2021,BET,AK,AAL,WE,Federal Contract Tower,9,17,4,0,30,1,202,53,0,256,10,219,57,0,286,6,0,6,292
06/16/2021,BET,AK,AAL,WE,Federal Contract Tower,14,4,0,0,18,0,207,50,0,257,14,211,50,0,275,20,0,20,295
06/17/2021,BET,AK,AAL,WE,Federal Contract Tower,14,18,4,0,36,0,155,36,0,191,14,173,40,0,227,0,0,0,227
06/18/2021,BET,AK,AAL,WE,Federal Contract Tower,11,14,1,0,26,2,237,47,0,286,13,251,48,0,312,8,0,8,320
06/19/2021,BET,AK,AAL,WE,Federal Contract Tower,9,10,0,0,19,1,166,37,0,204,10,176,37,0,223,4,0,4,227
06/20/2021,BET,AK,AAL,WE,Federal Contract Tower,6,17,12,0,35,0,68,30,0,98,6,85,42,0,133,0,0,0,133
06/21/2021,BET,AK,AAL,WE,Federal Contract Tower,12,8,2,0,22,0,224,60,0,284,12,232,62,0,306,12,0,12,318
06/22/2021,BET,AK,AAL,WE,Federal Contract Tower,13,10,0,0,23,0,224,35,0,259,13,234,35,0,282,2,0,2,284
06/23/2021,BET,AK,AAL,WE,Federal Contract Tower,13,7,3,0,23,1,192,59,0,252,14,199,62,0,275,0,0,0,275
06/24/2021,BET,AK,AAL,WE,Federal Contract Tower,12,5,6,0,23,0,196,51,2,249,12,201,57,2,272,0,2,2,274
06/25/2021,BET,AK,AAL,WE,Federal Contract Tower,13,2,3,0,18,2,207,51,0,260,15,209,54,0,278,0,0,0,278
06/26/2021,BET,AK,AAL,WE,Federal Contract Tower,13,11,1,0,25,0,155,29,0,184,13,166,30,0,209,4,0,4,213
06/27/2021,BET,AK,AAL,WE,Federal Contract Tower,6,12,9,0,27,0,79,29,0,108,6,91,38,0,135,0,0,0,135
06/28/2021,BET,AK,AAL,WE,Federal Contract Tower,11,53,5,0,69,1,125,42,0,168,12,178,47,0,237,4,0,4,241
06/29/2021,BET,AK,AAL,WE,Federal Contract Tower,15,18,1,0,34,0,179,42,0,221,15,197,43,0,255,4,0,4,259
06/30/2021,BET,AK,AAL,WE,Federal Contract Tower,15,3,0,0,18,0,175,51,0,226,15,178,51,0,244,0,0,0,244
07/01/2021,BET,AK,AAL,WE,Federal Contract Tower,11,8,0,0,19,0,152,43,0,195,11,160,43,0,214,2,0,2,216
07/02/2021,BET,AK,AAL,WE,Federal Contract Tower,18,8,0,1,27,1,185,54,0,240,19,193,54,1,267,0,0,0,267
07/03/2021,BET,AK,AAL,WE,Federal Contract Tower,12,18,2,0,32,0,165,48,2,215,12,183,50,2,247,0,0,0,247
07/04/2021,BET,AK,AAL,WE,Federal Contract Tower,6,6,22,1,35,0,0,5,1,6,6,6,27,2,41,0,0,0,41
07/05/2021,BET,AK,AAL,WE,Federal Contract Tower,9,33,10,0,52,0,53,25,2,80,9,86,35,2,132,0,0,0,132
07/06/2021,BET,AK,AAL,WE,Federal Contract Tower,11,20,4,0,35,0,173,52,4,229,11,193,56,4,264,0,0,0,264
07/07/2021,BET,AK,AAL,WE,Federal Contract Tower,11,7,2,2,22,0,172,59,2,233,11,179,61,4,255,2,0,2,257
07/08/2021,BET,AK,AAL,WE,Federal Contract Tower,16,46,9,0,71,0,71,35,0,106,16,117,44,0,177,0,2,2,179
07/09/2021,BET,AK,AAL,WE,Federal Contract Tower,16,71,32,2,121,0,1,6,0,7,16,72,38,2,128,0,0,0,128
07/10/2021,BET,AK,AAL,WE,Federal Contract Tower,15,9,1,0,25,0,243,61,0,304,15,252,62,0,329,0,0,0,329
07/11/2021,BET,AK,AAL,WE,Federal Contract Tower,6,3,0,0,9,0,153,52,0,205,6,156,52,0,214,0,0,0,214
07/12/2021,BET,AK,AAL,WE,Federal Contract Tower,13,11,3,2,29,1,192,70,3,266,14,203,73,5,295,0,0,0,295
07/13/2021,BET,AK,AAL,WE,Federal Contract Tower,10,25,7,0,42,1,157,54,0,212,11,182,61,0,254,6,0,6,260
07/14/2021,BET,AK,AAL,WE,Federal Contract Tower,14,30,11,0,55,0,136,62,0,198,14,166,73,0,253,4,0,4,257
07/15/2021,BET,AK,AAL,WE,Federal Contract Tower,15,26,10,0,51,0,148,59,0,207,15,174,69,0,258,18,0,18,276
07/16/2021,BET,AK,AAL,WE,Federal Contract Tower,13,52,25,0,90,0,112,46,0,158,13,164,71,0,248,6,0,6,254
07/17/2021,BET,AK,AAL,WE,Federal Contract Tower,10,35,10,0,55,0,117,29,0,146,10,152,39,0,201,0,0,0,201
07/18/2021,BET,AK,AAL,WE,Federal Contract Tower,6,4,0,0,10,0,135,57,0,192,6,139,57,0,202,0,0,0,202
07/19/2021,BET,AK,AAL,WE,Federal Contract Tower,11,10,1,0,22,0,197,53,0,250,11,207,54,0,272,6,0,6,278
07/20/2021,BET,AK,AAL,WE,Federal Contract Tower,13,52,8,0,73,0,117,35,0,152,13,169,43,0,225,0,0,0,225
07/21/2021,BET,AK,AAL,WE,Federal Contract Tower,12,40,5,0,57,0,110,30,0,140,12,150,35,0,197,2,0,2,199
07/22/2021,BET,AK,AAL,WE,Federal Contract Tower,12,12,1,0,25,0,187,51,0,238,12,199,52,0,263,2,0,2,265
07/23/2021,BET,AK,AAL,WE,Federal Contract Tower,12,13,1,0,26,1,197,48,0,246,13,210,49,0,272,8,0,8,280
07/24/2021,BET,AK,AAL,WE,Federal Contract Tower,13,11,0,0,24,0,158,36,0,194,13,169,36,0,218,0,0,0,218
07/25/2021,BET,AK,AAL,WE,Federal Contract Tower,6,11,0,0,17,0,131,25,0,156,6,142,25,0,173,0,0,0,173
07/26/2021,BET,AK,AAL,WE,Federal Contract Tower,11,41,2,0,54,0,139,61,0,200,11,180,63,0,254,10,0,10,264
07/27/2021,BET,AK,AAL,WE,Federal Contract Tower,21,33,10,0,64,0,148,48,0,196,21,181,58,0,260,0,0,0,260
07/28/2021,BET,AK,AAL,WE,Federal Contract Tower,9,41,5,0,55,0,31,25,0,56,9,72,30,0,111,2,0,2,113
07/29/2021,BET,AK,AAL,WE,Federal Contract Tower,12,107,45,0,164,0,0,1,0,1,12,107,46,0,165,0,0,0,165
07/30/2021,BET,AK,AAL,WE,Federal Contract Tower,11,65,42,0,118,0,0,0,0,0,11,65,42,0,118,0,0,0,118
07/31/2021,BET,AK,AAL,WE,Federal Contract Tower,9,93,54,0,156,0,3,3,0,6,9,96,57,0,162,0,0,0,162
08/01/2021,BET,AK,AAL,WE,Federal Contract Tower,6,18,6,0,30,2,170,60,0,232,8,188,66,0,262,2,0,2,264
08/02/2021,BET,AK,AAL,WE,Federal Contract Tower,13,6,5,0,24,0,213,61,2,276,13,219,66,2,300,0,0,0,300
08/03/2021,BET,AK,AAL,WE,Federal Contract Tower,13,9,1,0,23,2,209,89,0,300,15,218,90,0,323,0,0,0,323
08/04/2021,BET,AK,AAL,WE,Federal Contract Tower,7,11,4,0,22,0,192,63,0,255,7,203,67,0,277,0,0,0,277
08/05/2021,BET,AK,AAL,WE,Federal Contract Tower,15,28,0,0,43,0,171,58,0,229,15,199,58,0,272,0,0,0,272
08/06/2021,BET,AK,AAL,WE,Federal Contract Tower,10,12,3,0,25,0,228,73,0,301,10,240,76,0,326,8,0,8,334
08/07/2021,BET,AK,AAL,WE,Federal Contract Tower,11,5,3,1,20,0,177,51,0,228,11,182,54,1,248,0,0,0,248
08/08/2021,BET,AK,AAL,WE,Federal Contract Tower,6,7,3,2,18,0,92,49,0,141,6,99,52,2,159,2,0,2,161
08/09/2021,BET,AK,AAL,WE,Federal Contract Tower,12,8,0,0,20,1,168,71,0,240,13,176,71,0,260,0,0,0,260
08/10/2021,BET,AK,AAL,WE,Federal Contract Tower,14,36,5,2,57,0,185,81,0,266,14,221,86,2,323,6,0,6,329
08/11/2021,BET,AK,AAL,WE,Federal Contract Tower,8,38,8,2,56,0,154,58,0,212,8,192,66,2,268,0,0,0,268
08/12/2021,BET,AK,AAL,WE,Federal Contract Tower,9,13,4,0,26,0,165,70,0,235,9,178,74,0,261,2,0,2,263
08/13/2021,BET,AK,AAL,WE,Federal Contract Tower,7,9,2,0,18,0,147,53,0,200,7,156,55,0,218,2,0,2,220
08/14/2021,BET,AK,AAL,WE,Federal Contract Tower,6,24,0,0,30,0,127,39,0,166,6,151,39,0,196,6,0,6,202
08/15/2021,BET,AK,AAL,WE,Federal Contract Tower,5,19,10,0,34,0,79,32,0,111,5,98,42,0,145,6,0,6,151
08/16/2021,BET,AK,AAL,WE,Federal Contract Tower,14,22,0,2,38,0,153,87,0,240,14,175,87,2,278,4,0,4,282
08/17/2021,BET,AK,AAL,WE,Federal Contract Tower,14,36,9,0,59,0,143,47,0,190,14,179,56,0,249,6,0,6,255
08/18/2021,BET,AK,AAL,WE,Federal Contract Tower,10,3,1,0,14,0,222,92,0,314,10,225,93,0,328,16,0,16,344
08/19/2021,BET,AK,AAL,WE,Federal Contract Tower,11,57,12,0,80,0,83,37,0,120,11,140,49,0,200,2,0,2,202
08/20/2021,BET,AK,AAL,WE,Federal Contract Tower,8,9,2,0,19,0,175,74,0,249,8,184,76,0,268,2,0,2,270
08/21/2021,BET,AK,AAL,WE,Federal Contract Tower,6,2,0,0,8,0,139,42,2,183,6,141,42,2,191,0,0,0,191
08/22/2021,BET,AK,AAL,WE,Federal Contract Tower,6,30,7,0,43,0,49,27,0,76,6,79,34,0,119,0,0,0,119
08/23/2021,BET,AK,AAL,WE,Federal Contract Tower,12,21,1,2,36,0,205,62,0,267,12,226,63,2,303,6,0,6,309
08/24/2021,BET,AK,AAL,WE,Federal Contract Tower,12,43,10,0,65,0,148,55,0,203,12,191,65,0,268,2,0,2,270
08/25/2021,BET,AK,AAL,WE,Federal Contract Tower,7,29,9,2,47,0,162,68,7,237,7,191,77,9,284,8,0,8,292
08/26/2021,BET,AK,AAL,WE,Federal Contract Tower,16,46,7,2,71,0,151,41,0,192,16,197,48,2,263,0,0,0,263
08/27/2021,BET,AK,AAL,WE,Federal Contract Tower,11,5,0,0,16,0,186,73,2,261,11,191,73,2,277,0,0,0,277
08/28/2021,BET,AK,AAL,WE,Federal Contract Tower,10,56,11,1,78,0,65,24,0,89,10,121,35,1,167,0,0,0,167
08/29/2021,BET,AK,AAL,WE,Federal Contract Tower,6,16,3,1,26,0,98,39,4,141,6,114,42,5,167,4,0,4,171
08/30/2021,BET,AK,AAL,WE,Federal Contract Tower,14,5,3,1,23,0,190,55,2,247,14,195,58,3,270,4,0,4,274
08/31/2021,BET,AK,AAL,WE,Federal Contract Tower,12,10,1,2,25,0,212,80,1,293,12,222,81,3,318,0,0,0,318
09/01/2021,BET,AK,AAL,WE,Federal Contract Tower,6,6,4,0,16,0,191,53,2,246,6,197,57,2,262,0,0,0,262
09/02/2021,BET,AK,AAL,WE,Federal Contract Tower,2,9,1,0,12,0,217,34,2,253,2,226,35,2,265,0,0,0,265
09/03/2021,BET,AK,AAL,WE,Federal Contract Tower,9,35,2,0,46,0,96,33,0,129,9,131,35,0,175,0,0,0,175
09/04/2021,BET,AK,AAL,WE,Federal Contract Tower,12,11,1,0,24,0,125,45,0,170,12,136,46,0,194,0,0,0,194
09/05/2021,BET,AK,AAL,WE,Federal Contract Tower,6,14,1,0,21,0,71,35,0,106,6,85,36,0,127,4,0,4,131
09/06/2021,BET,AK,AAL,WE,Federal Contract Tower,8,37,7,0,52,0,67,27,0,94,8,104,34,0,146,0,0,0,146
09/07/2021,BET,AK,AAL,WE,Federal Contract Tower,15,41,15,0,71,0,59,42,1,102,15,100,57,1,173,0,0,0,173
09/08/2021,BET,AK,AAL,WE,Federal Contract Tower,9,24,10,0,43,1,107,32,2,142,10,131,42,2,185,0,0,0,185
09/09/2021,BET,AK,AAL,WE,Federal Contract Tower,9,8,1,0,18,0,200,65,0,265,9,208,66,0,283,4,0,4,287
09/10/2021,BET,AK,AAL,WE,Federal Contract Tower,9,6,0,0,15,0,209,69,0,278,9,215,69,0,293,0,0,0,293
09/11/2021,BET,AK,AAL,WE,Federal Contract Tower,9,27,7,0,43,0,90,22,0,112,9,117,29,0,155,0,0,0,155
09/12/2021,BET,AK,AAL,WE,Federal Contract Tower,6,10,0,0,16,0,109,30,0,139,6,119,30,0,155,0,0,0,155
09/13/2021,BET,AK,AAL,WE,Federal Contract Tower,10,51,17,0,78,0,137,52,0,189,10,188,69,0,267,0,0,0,267
09/14/2021,BET,AK,AAL,WE,Federal Contract Tower,8,45,19,2,74,0,117,33,0,150,8,162,52,2,224,0,0,0,224
09/15/2021,BET,AK,AAL,WE,Federal Contract Tower,13,28,11,0,52,0,175,57,0,232,13,203,68,0,284,4,0,4,288
09/16/2021,BET,AK,AAL,WE,Federal Contract Tower,11,5,0,2,18,1,210,84,0,295,12,215,84,2,313,0,0,0,313
09/17/2021,BET,AK,AAL,WE,Federal Contract Tower,14,9,2,0,25,0,192,59,0,251,14,201,61,0,276,10,0,10,286
09/18/2021,BET,AK,AAL,WE,Federal Contract Tower,11,4,0,0,15,0,174,61,0,235,11,178,61,0,250,6,0,6,256
09/19/2021,BET,AK,AAL,WE,Federal Contract Tower,5,5,0,0,10,0,136,58,0,194,5,141,58,0,204,10,0,10,214
09/20/2021,BET,AK,AAL,WE,Federal Contract Tower,17,8,0,0,25,0,236,75,0,311,17,244,75,0,336,0,0,0,336
09/21/2021,BET,AK,AAL,WE,Federal Contract Tower,10,13,0,0,23,1,208,74,0,283,11,221,74,0,306,0,0,0,306
09/22/2021,BET,AK,AAL,WE,Federal Contract Tower,9,48,29,0,86,0,78,24,0,102,9,126,53,0,188,8,0,8,196
09/23/2021,BET,AK,AAL,WE,Federal Contract Tower,12,6,0,0,18,1,230,91,2,324,13,236,91,2,342,0,0,0,342
09/24/2021,BET,AK,AAL,WE,Federal Contract Tower,6,3,1,0,10,0,216,104,0,320,6,219,105,0,330,0,0,0,330
09/25/2021,BET,AK,AAL,WE,Federal Contract Tower,11,4,1,0,16,1,147,73,0,221,12,151,74,0,237,4,0,4,241
09/26/2021,BET,AK,AAL,WE,Federal Contract Tower,7,9,1,0,17,0,130,48,0,178,7,139,49,0,195,4,0,4,199
09/27/2021,BET,AK,AAL,WE,Federal Contract Tower,22,4,2,2,30,0,197,72,1,270,22,201,74,3,300,2,0,2,302
09/28/2021,BET,AK,AAL,WE,Federal Contract Tower,14,5,1,0,20,1,229,82,3,315,15,234,83,3,335,2,0,2,337
09/29/2021,BET,AK,AAL,WE,Federal Contract Tower,14,43,6,0,63,0,99,59,0,158,14,142,65,0,221,0,0,0,221
09/30/2021,BET,AK,AAL,WE,Federal Contract Tower,13,14,1,0,28,0,142,88,0,230,13,156,89,0,258,0,0,0,258
10/01/2021,BET,AK,AAL,WE,Federal Contract Tower,13,3,0,0,16,0,188,63,0,251,13,191,63,0,267,4,0,4,271
10/02/2021,BET,AK,AAL,WE,Federal Contract Tower,11,9,0,0,20,2,175,50,0,227,13,184,50,0,247,0,0,0,247
10/03/2021,BET,AK,AAL,WE,Federal Contract Tower,6,8,0,0,14,0,144,64,2,210,6,152,64,2,224,2,0,2,226
10/04/2021,BET,AK,AAL,WE,Federal Contract Tower,14,31,4,0,49,0,146,40,0,186,14,177,44,0,235,0,0,0,235
10/05/2021,BET,AK,AAL,WE,Federal Contract Tower,12,71,25,0,108,0,37,12,0,49,12,108,37,0,157,0,0,0,157
10/06/2021,BET,AK,AAL,WE,Federal Contract Tower,15,18,3,0,36,1,152,38,0,191,16,170,41,0,227,0,0,0,227
10/07/2021,BET,AK,AAL,WE,Federal Contract Tower,10,44,12,0,66,0,154,52,0,206,10,198,64,0,272,0,0,0,272
10/08/2021,BET,AK,AAL,WE,Federal Contract Tower,13,87,19,3,122,0,38,8,0,46,13,125,27,3,168,0,0,0,168
10/09/2021,BET,AK,AAL,WE,Federal Contract Tower,12,13,1,0,26,0,125,36,1,162,12,138,37,1,188,0,0,0,188
10/10/2021,BET,AK,AAL,WE,Federal Contract Tower,8,7,4,0,19,0,146,47,0,193,8,153,51,0,212,6,0,6,218
10/11/2021,BET,AK,AAL,WE,Federal Contract Tower,13,8,2,0,23,0,197,66,0,263,13,205,68,0,286,12,0,12,298
10/12/2021,BET,AK,AAL,WE,Federal Contract Tower,12,30,4,0,46,0,136,49,0,185,12,166,53,0,231,0,0,0,231
10/13/2021,BET,AK,AAL,WE,Federal Contract Tower,11,37,11,0,59,0,83,34,0,117,11,120,45,0,176,6,0,6,182
10/14/2021,BET,AK,AAL,WE,Federal Contract Tower,14,36,17,0,67,0,96,44,0,140,14,132,61,0,207,30,0,30,237
10/15/2021,BET,AK,AAL,WE,Federal Contract Tower,10,9,3,0,22,0,218,55,0,273,10,227,58,0,295,0,0,0,295
10/16/2021,BET,AK,AAL,WE,Federal Contract Tower,12,7,2,0,21,0,156,50,0,206,12,163,52,0,227,6,0,6,233
10/17/2021,BET,AK,AAL,WE,Federal Contract Tower,6,2,1,0,9,0,148,36,0,184,6,150,37,0,193,28,0,28,221
10/18/2021,BET,AK,AAL,WE,Federal Contract Tower,20,2,0,0,22,0,227,58,0,285,20,229,58,0,307,12,0,12,319
10/19/2021,BET,AK,AAL,WE,Federal Contract Tower,15,13,3,0,31,0,204,46,0,250,15,217,49,0,281,32,0,32,313
10/20/2021,BET,AK,AAL,WE,Federal Contract Tower,12,31,16,0,59,0,115,35,0,150,12,146,51,0,209,68,0,68,277
10/21/2021,BET,AK,AAL,WE,Federal Contract Tower,16,3,0,0,19,0,229,55,0,284,16,232,55,0,303,14,0,14,317
10/22/2021,BET,AK,AAL,WE,Federal Contract Tower,9,7,0,0,16,0,241,49,0,290,9,248,49,0,306,2,0,2,308
10/23/2021,BET,AK,AAL,WE,Federal Contract Tower,12,54,17,0,83,0,81,22,0,103,12,135,39,0,186,18,0,18,204
10/25/2021,BET,AK,AAL,WE,Federal Contract Tower,12,8,0,0,20,1,245,46,0,292,13,253,46,0,312,14,0,14,326
10/26/2021,BET,AK,AAL,WE,Federal Contract Tower,15,5,0,2,22,0,244,59,0,303,15,249,59,2,325,4,0,4,329
10/27/2021,BET,AK,AAL,WE,Federal Contract Tower,11,47,17,0,75,0,60,11,0,71,11,107,28,0,146,0,0,0,146
10/28/2021,BET,AK,AAL,WE,Federal Contract Tower,10,11,1,0,22,1,240,105,0,346,11,251,106,0,368,12,0,12,380
10/29/2021,BET,AK,AAL,WE,Federal Contract Tower,16,2,0,0,18,0,235,98,0,333,16,237,98,0,351,2,0,2,353
10/30/2021,BET,AK,AAL,WE,Federal Contract Tower,6,43,11,0,60,0,55,18,0,73,6,98,29,0,133,2,0,2,135
10/31/2021,BET,AK,AAL,WE,Federal Contract Tower,7,4,0,0,11,0,142,30,0,172,7,146,30,0,183,2,0,2,185
11/01/2021,BET,AK,AAL,WE,Federal Contract Tower,7,8,0,0,15,0,216,113,0,329,7,224,113,0,344,30,0,30,374
11/03/2021,BET,AK,AAL,WE,Federal Contract Tower,6,21,3,2,32,0,136,96,0,232,6,157,99,2,264,6,0,6,270
11/04/2021,BET,AK,AAL,WE,Federal Contract Tower,10,23,2,0,35,0,168,139,0,307,10,191,141,0,342,2,0,2,344
11/05/2021,BET,AK,AAL,WE,Federal Contract Tower,11,26,13,0,50,0,103,79,1,183,11,129,92,1,233,12,0,12,245
11/06/2021,BET,AK,AAL,WE,Federal Contract Tower,12,32,15,0,59,0,90,46,1,137,12,122,61,1,196,12,0,12,208
11/07/2021,BET,AK,AAL,WE,Federal Contract Tower,5,10,0,0,15,0,150,47,0,197,5,160,47,0,212,14,0,14,226
11/08/2021,BET,AK,AAL,WE,Federal Contract Tower,11,3,0,0,14,0,217,86,0,303,11,220,86,0,317,2,0,2,319
11/09/2021,BET,AK,AAL,WE,Federal Contract Tower,12,12,7,0,31,0,210,95,0,305,12,222,102,0,336,8,0,8,344
11/10/2021,BET,AK,AAL,WE,Federal Contract Tower,9,5,2,0,16,0,218,115,0,333,9,223,117,0,349,6,0,6,355
11/11/2021,BET,AK,AAL,WE,Federal Contract Tower,11,8,3,0,22,0,194,84,0,278,11,202,87,0,300,6,0,6,306
11/12/2021,BET,AK,AAL,WE,Federal Contract Tower,5,7,1,0,13,1,184,81,0,266,6,191,82,0,279,0,0,0,279
11/13/2021,BET,AK,AAL,WE,Federal Contract Tower,10,23,9,0,42,0,167,56,0,223,10,190,65,0,265,0,0,0,265
11/14/2021,BET,AK,AAL,WE,Federal Contract Tower,6,3,0,0,9,0,190,55,0,245,6,193,55,0,254,0,0,0,254
11/15/2021,BET,AK,AAL,WE,Federal Contract Tower,5,6,1,0,12,1,206,83,0,290,6,212,84,0,302,4,0,4,306
11/16/2021,BET,AK,AAL,WE,Federal Contract Tower,8,7,1,0,16,0,207,98,0,305,8,214,99,0,321,0,0,0,321
11/17/2021,BET,AK,AAL,WE,Federal Contract Tower,8,0,0,0,8,0,159,91,0,250,8,159,91,0,258,0,0,0,258
11/18/2021,BET,AK,AAL,WE,Federal Contract Tower,10,4,0,0,14,0,200,110,0,310,10,204,110,0,324,0,0,0,324
11/20/2021,BET,AK,AAL,WE,Federal Contract Tower,4,9,0,0,13,1,178,57,0,236,5,187,57,0,249,0,0,0,249
11/21/2021,BET,AK,AAL,WE,Federal Contract Tower,4,2,0,0,6,0,127,26,0,153,4,129,26,0,159,0,0,0,159
11/22/2021,BET,AK,AAL,WE,Federal Contract Tower,12,5,2,0,19,1,221,58,0,280,13,226,60,0,299,0,0,0,299
11/23/2021,BET,AK,AAL,WE,Federal Contract Tower,1,6,1,0,8,0,183,86,0,269,1,189,87,0,277,6,0,6,283
11/24/2021,BET,AK,AAL,WE,Federal Contract Tower,8,8,0,0,16,0,145,125,0,270,8,153,125,0,286,6,0,6,292
11/25/2021,BET,AK,AAL,WE,Federal Contract Tower,0,0,0,0,0,0,7,0,0,7,0,7,0,0,7,0,0,0,7
11/26/2021,BET,AK,AAL,WE,Federal Contract Tower,10,9,1,0,20,0,182,49,0,231,10,191,50,0,251,2,0,2,253
11/27/2021,BET,AK,AAL,WE,Federal Contract Tower,7,4,0,0,11,0,163,50,0,213,7,167,50,0,224,6,0,6,230
11/28/2021,BET,AK,AAL,WE,Federal Contract Tower,9,4,0,0,13,0,151,36,0,187,9,155,36,0,200,0,0,0,200
11/29/2021,BET,AK,AAL,WE,Federal Contract Tower,12,3,1,0,16,1,157,48,0,206,13,160,49,0,222,0,0,0,222
11/30/2021,BET,AK,AAL,WE,Federal Contract Tower,8,24,7,0,39,0,115,63,0,178,8,139,70,0,217,6,0,6,223
12/01/2021,BET,AK,AAL,WE,Federal Contract Tower,11,8,0,0,19,0,120,10,0,130,11,128,10,0,149,2,0,2,151
12/02/2021,BET,AK,AAL,WE,Federal Contract Tower,7,9,2,2,20,0,173,113,1,287,7,182,115,3,307,2,0,2,309
12/03/2021,BET,AK,AAL,WE,Federal Contract Tower,6,20,1,0,27,0,4,5,0,9,6,24,6,0,36,0,0,0,36
12/04/2021,BET,AK,AAL,WE,Federal Contract Tower,14,14,7,0,35,0,95,47,0,142,14,109,54,0,177,2,0,2,179
12/05/2021,BET,AK,AAL,WE,Federal Contract Tower,0,0,0,0,0,0,0,0,0,0,0,0,0,0,0,0,0,0,0
12/06/2021,BET,AK,AAL,WE,Federal Contract Tower,13,9,0,0,22,0,189,54,0,243,13,198,54,0,265,0,0,0,265
12/07/2021,BET,AK,AAL,WE,Federal Contract Tower,13,17,4,0,34,0,190,102,0,292,13,207,106,0,326,0,0,0,326
12/08/2021,BET,AK,AAL,WE,Federal Contract Tower,11,8,2,0,21,0,36,30,0,66,11,44,32,0,87,0,0,0,87
12/09/2021,BET,AK,AAL,WE,Federal Contract Tower,5,40,7,0,52,0,0,0,0,0,5,40,7,0,52,0,0,0,52
12/10/2021,BET,AK,AAL,WE,Federal Contract Tower,10,7,2,0,19,0,72,48,0,120,10,79,50,0,139,6,0,6,145
12/11/2021,BET,AK,AAL,WE,Federal Contract Tower,11,15,0,0,26,0,191,72,0,263,11,206,72,0,289,0,0,0,289
12/12/2021,BET,AK,AAL,WE,Federal Contract Tower,8,2,2,0,12,1,218,68,0,287,9,220,70,0,299,4,0,4,303
12/13/2021,BET,AK,AAL,WE,Federal Contract Tower,11,0,4,0,15,2,124,50,0,176,13,124,54,0,191,0,0,0,191
12/14/2021,BET,AK,AAL,WE,Federal Contract Tower,11,5,2,0,18,0,186,111,0,297,11,191,113,0,315,0,0,0,315
12/15/2021,BET,AK,AAL,WE,Federal Contract Tower,12,13,0,0,25,0,85,56,0,141,12,98,56,0,166,2,0,2,168
12/16/2021,BET,AK,AAL,WE,Federal Contract Tower,11,51,11,0,73,0,3,1,0,4,11,54,12,0,77,0,0,0,77
12/17/2021,BET,AK,AAL,WE,Federal Contract Tower,7,15,1,0,23,0,0,0,0,0,7,15,1,0,23,0,0,0,23
12/18/2021,BET,AK,AAL,WE,Federal Contract Tower,6,49,15,0,70,0,0,0,0,0,6,49,15,0,70,0,0,0,70
12/19/2021,BET,AK,AAL,WE,Federal Contract Tower,4,17,0,0,21,0,0,0,0,0,4,17,0,0,21,0,0,0,21
12/20/2021,BET,AK,AAL,WE,Federal Contract Tower,10,40,2,0,52,0,2,0,0,2,10,42,2,0,54,0,0,0,54
12/21/2021,BET,AK,AAL,WE,Federal Contract Tower,7,68,12,0,87,0,78,26,0,104,7,146,38,0,191,0,0,0,191
12/22/2021,BET,AK,AAL,WE,Federal Contract Tower,3,0,0,0,3,0,3,13,0,16,3,3,13,0,19,0,0,0,19
12/23/2021,BET,AK,AAL,WE,Federal Contract Tower,4,25,8,0,37,0,0,0,0,0,4,25,8,0,37,0,0,0,37
12/24/2021,BET,AK,AAL,WE,Federal Contract Tower,7,6,1,0,14,0,94,47,0,141,7,100,48,0,155,0,0,0,155
12/25/2021,BET,AK,AAL,WE,Federal Contract Tower,0,0,0,0,0,0,0,0,0,0,0,0,0,0,0,0,0,0,0
12/26/2021,BET,AK,AAL,WE,Federal Contract Tower,2,0,0,0,2,0,0,0,0,0,2,0,0,0,2,0,0,0,2
12/27/2021,BET,AK,AAL,WE,Federal Contract Tower,10,33,3,4,50,0,3,0,0,3,10,36,3,4,53,0,0,0,53
12/28/2021,BET,AK,AAL,WE,Federal Contract Tower,8,13,0,0,21,0,22,4,0,26,8,35,4,0,47,0,0,0,47
12/29/2021,BET,AK,AAL,WE,Federal Contract Tower,4,19,6,0,29,0,66,20,2,88,4,85,26,2,117,8,0,8,125
12/30/2021,BET,AK,AAL,WE,Federal Contract Tower,10,22,4,0,36,0,95,31,3,129,10,117,35,3,165,0,0,0,165
12/31/2021,BET,AK,AAL,WE,Federal Contract Tower,8,40,1,3,52,0,53,0,1,54,8,93,1,4,106,0,0,0,106
01/01/2022,BET,AK,AAL,WE,Federal Contract Tower,4,2,0,0,6,0,141,0,0,141,4,143,0,0,147,6,0,6,153
01/02/2022,BET,AK,AAL,WE,Federal Contract Tower,4,7,0,0,11,0,174,57,0,231,4,181,57,0,242,12,0,12,254
01/03/2022,BET,AK,AAL,WE,Federal Contract Tower,10,3,0,0,13,0,51,2,3,56,10,54,2,3,69,6,0,6,75
01/04/2022,BET,AK,AAL,WE,Federal Contract Tower,6,11,2,0,19,0,145,43,0,188,6,156,45,0,207,0,0,0,207
01/05/2022,BET,AK,AAL,WE,Federal Contract Tower,8,14,7,0,29,0,206,95,0,301,8,220,102,0,330,2,0,2,332
01/06/2022,BET,AK,AAL,WE,Federal Contract Tower,6,4,0,0,10,0,197,100,0,297,6,201,100,0,307,0,0,0,307
01/07/2022,BET,AK,AAL,WE,Federal Contract Tower,5,9,2,0,16,0,181,55,0,236,5,190,57,0,252,3,0,3,255
01/08/2022,BET,AK,AAL,WE,Federal Contract Tower,10,0,0,0,10,0,52,15,0,67,10,52,15,0,77,0,0,0,77
01/09/2022,BET,AK,AAL,WE,Federal Contract Tower,5,2,1,0,8,0,74,8,0,82,5,76,9,0,90,0,0,0,90
01/10/2022,BET,AK,AAL,WE,Federal Contract Tower,8,2,0,2,12,0,175,36,0,211,8,177,36,2,223,4,0,4,227
01/11/2022,BET,AK,AAL,WE,Federal Contract Tower,6,5,0,0,11,0,184,51,0,235,6,189,51,0,246,4,0,4,250
01/12/2022,BET,AK,AAL,WE,Federal Contract Tower,5,19,6,0,30,0,46,23,0,69,5,65,29,0,99,2,0,2,101
01/13/2022,BET,AK,AAL,WE,Federal Contract Tower,9,13,0,0,22,0,166,32,0,198,9,179,32,0,220,0,0,0,220
01/14/2022,BET,AK,AAL,WE,Federal Contract Tower,9,26,0,0,35,0,114,31,0,145,9,140,31,0,180,0,0,0,180
01/15/2022,BET,AK,AAL,WE,Federal Contract Tower,8,17,1,0,26,0,16,10,0,26,8,33,11,0,52,0,0,0,52
01/16/2022,BET,AK,AAL,WE,Federal Contract Tower,7,9,2,0,18,1,66,29,0,96,8,75,31,0,114,4,0,4,118
01/17/2022,BET,AK,AAL,WE,Federal Contract Tower,12,3,0,0,15,0,176,48,0,224,12,179,48,0,239,6,0,6,245
01/18/2022,BET,AK,AAL,WE,Federal Contract Tower,7,9,5,0,21,2,173,44,0,219,9,182,49,0,240,0,0,0,240
01/19/2022,BET,AK,AAL,WE,Federal Contract Tower,7,6,0,0,13,0,207,45,0,252,7,213,45,0,265,2,0,2,267
01/20/2022,BET,AK,AAL,WE,Federal Contract Tower,11,24,0,0,35,0,121,35,0,156,11,145,35,0,191,6,0,6,197
01/21/2022,BET,AK,AAL,WE,Federal Contract Tower,10,15,2,0,27,0,124,34,0,158,10,139,36,0,185,0,0,0,185
01/22/2022,BET,AK,AAL,WE,Federal Contract Tower,9,1,0,0,10,0,142,42,0,184,9,143,42,0,194,10,0,10,204
01/23/2022,BET,AK,AAL,WE,Federal Contract Tower,7,21,1,0,29,0,74,27,0,101,7,95,28,0,130,2,0,2,132
01/24/2022,BET,AK,AAL,WE,Federal Contract Tower,9,5,0,0,14,1,73,29,0,103,10,78,29,0,117,2,0,2,119
01/25/2022,BET,AK,AAL,WE,Federal Contract Tower,8,19,0,0,27,0,136,38,0,174,8,155,38,0,201,4,0,4,205
01/26/2022,BET,AK,AAL,WE,Federal Contract Tower,11,56,4,0,71,0,8,3,0,11,11,64,7,0,82,0,0,0,82
01/27/2022,BET,AK,AAL,WE,Federal Contract Tower,14,8,1,0,23,0,161,0,0,161,14,169,1,0,184,0,0,0,184
01/28/2022,BET,AK,AAL,WE,Federal Contract Tower,9,6,0,0,15,0,213,47,0,260,9,219,47,0,275,0,0,0,275
01/29/2022,BET,AK,AAL,WE,Federal Contract Tower,13,2,0,0,15,0,196,27,0,223,13,198,27,0,238,0,0,0,238
01/30/2022,BET,AK,AAL,WE,Federal Contract Tower,6,0,0,0,6,0,164,290,0,454,6,164,290,0,460,0,0,0,460
01/31/2022,BET,AK,AAL,WE,Federal Contract Tower,14,8,0,0,22,1,192,27,1,221,15,200,27,1,243,0,0,0,243
02/01/2022,BET,AK,AAL,WE,Federal Contract Tower,4,8,1,0,13,0,1,0,0,1,4,9,1,0,14,0,0,0,14
02/02/2022,BET,AK,AAL,WE,Federal Contract Tower,11,2,2,0,15,0,77,21,0,98,11,79,23,0,113,0,0,0,113
02/03/2022,BET,AK,AAL,WE,Federal Contract Tower,3,2,0,0,5,0,0,0,0,0,3,2,0,0,5,0,0,0,5
02/04/2022,BET,AK,AAL,WE,Federal Contract Tower,8,52,3,0,63,0,6,2,0,8,8,58,5,0,71,0,0,0,71
02/05/2022,BET,AK,AAL,WE,Federal Contract Tower,12,43,12,0,67,0,0,0,0,0,12,43,12,0,67,0,0,0,67
02/06/2022,BET,AK,AAL,WE,Federal Contract Tower,7,2,0,0,9,1,202,38,0,241,8,204,38,0,250,6,0,6,256
02/07/2022,BET,AK,AAL,WE,Federal Contract Tower,12,4,0,0,16,1,173,41,0,215,13,177,41,0,231,0,0,0,231
02/08/2022,BET,AK,AAL,WE,Federal Contract Tower,16,3,0,0,19,0,157,42,0,199,16,160,42,0,218,0,0,0,218
02/09/2022,BET,AK,AAL,WE,Federal Contract Tower,7,8,4,1,20,0,159,50,4,213,7,167,54,5,233,0,14,14,247
02/10/2022,BET,AK,AAL,WE,Federal Contract Tower,10,13,0,0,23,5,166,76,1,248,15,179,76,1,271,0,0,0,271
02/11/2022,BET,AK,AAL,WE,Federal Contract Tower,5,14,4,0,23,0,7,2,0,9,5,21,6,0,32,0,0,0,32
02/12/2022,BET,AK,AAL,WE,Federal Contract Tower,10,36,6,0,52,0,18,8,0,26,10,54,14,0,78,0,0,0,78
02/13/2022,BET,AK,AAL,WE,Federal Contract Tower,3,9,4,0,16,1,155,58,2,216,4,164,62,2,232,0,0,0,232
02/14/2022,BET,AK,AAL,WE,Federal Contract Tower,5,21,7,0,33,0,8,5,0,13,5,29,12,0,46,0,0,0,46
02/15/2022,BET,AK,AAL,WE,Federal Contract Tower,15,64,13,0,92,0,20,6,0,26,15,84,19,0,118,0,0,0,118
02/16/2022,BET,AK,AAL,WE,Federal Contract Tower,10,46,9,0,65,0,4,5,0,9,10,50,14,0,74,0,0,0,74
02/17/2022,BET,AK,AAL,WE,Federal Contract Tower,5,17,0,0,22,0,0,0,0,0,5,17,0,0,22,0,0,0,22
02/18/2022,BET,AK,AAL,WE,Federal Contract Tower,8,57,3,0,68,0,0,0,0,0,8,57,3,0,68,0,0,0,68
02/19/2022,BET,AK,AAL,WE,Federal Contract Tower,8,41,6,0,55,1,160,42,0,203,9,201,48,0,258,2,0,2,260
02/20/2022,BET,AK,AAL,WE,Federal Contract Tower,4,4,1,0,9,0,63,10,0,73,4,67,11,0,82,0,0,0,82
02/21/2022,BET,AK,AAL,WE,Federal Contract Tower,13,4,0,0,17,0,211,45,0,256,13,215,45,0,273,0,0,0,273
02/22/2022,BET,AK,AAL,WE,Federal Contract Tower,11,40,4,0,55,0,144,31,0,175,11,184,35,0,230,0,0,0,230
02/23/2022,BET,AK,AAL,WE,Federal Contract Tower,14,10,3,0,27,1,145,63,0,209,15,155,66,0,236,8,0,8,244
02/24/2022,BET,AK,AAL,WE,Federal Contract Tower,11,8,4,0,23,0,253,70,0,323,11,261,74,0,346,0,0,0,346
02/25/2022,BET,AK,AAL,WE,Federal Contract Tower,6,13,0,0,19,0,186,63,0,249,6,199,63,0,268,6,0,6,274
02/26/2022,BET,AK,AAL,WE,Federal Contract Tower,13,29,0,0,42,0,193,49,0,242,13,222,49,0,284,2,0,2,286
02/27/2022,BET,AK,AAL,WE,Federal Contract Tower,6,23,8,0,37,0,131,38,0,169,6,154,46,0,206,2,0,2,208
02/28/2022,BET,AK,AAL,WE,Federal Contract Tower,15,41,14,0,70,1,129,32,0,162,16,170,46,0,232,0,0,0,232
03/01/2022,BET,AK,AAL,WE,Federal Contract Tower,13,66,13,0,92,0,0,0,0,0,13,66,13,0,92,0,0,0,92
03/02/2022,BET,AK,AAL,WE,Federal Contract Tower,8,11,1,0,20,0,212,108,0,320,8,223,109,0,340,0,0,0,340
03/03/2022,BET,AK,AAL,WE,Federal Contract Tower,11,33,8,0,52,0,137,66,0,203,11,170,74,0,255,3,0,3,258
03/04/2022,BET,AK,AAL,WE,Federal Contract Tower,5,4,2,0,11,0,1,0,0,1,5,5,2,0,12,0,0,0,12
03/05/2022,BET,AK,AAL,WE,Federal Contract Tower,4,39,7,0,50,0,0,0,0,0,4,39,7,0,50,0,0,0,50
03/06/2022,BET,AK,AAL,WE,Federal Contract Tower,6,21,3,0,30,0,140,82,0,222,6,161,85,0,252,0,0,0,252
03/07/2022,BET,AK,AAL,WE,Federal Contract Tower,16,40,8,0,64,0,174,50,0,224,16,214,58,0,288,0,0,0,288
03/08/2022,BET,AK,AAL,WE,Federal Contract Tower,12,14,0,0,26,0,262,83,0,345,12,276,83,0,371,0,0,0,371
03/09/2022,BET,AK,AAL,WE,Federal Contract Tower,8,14,6,0,28,0,121,48,0,169,8,135,54,0,197,4,0,4,201
03/10/2022,BET,AK,AAL,WE,Federal Contract Tower,13,2,0,0,15,0,166,70,0,236,13,168,70,0,251,0,0,0,251
03/11/2022,BET,AK,AAL,WE,Federal Contract Tower,5,5,0,0,10,0,204,48,0,252,5,209,48,0,262,0,0,0,262
03/12/2022,BET,AK,AAL,WE,Federal Contract Tower,9,6,0,0,15,2,218,53,0,273,11,224,53,0,288,0,0,0,288
03/13/2022,BET,AK,AAL,WE,Federal Contract Tower,6,4,0,0,10,0,142,26,0,168,6,146,26,0,178,0,0,0,178
03/14/2022,BET,AK,AAL,WE,Federal Contract Tower,13,3,0,0,16,0,265,55,0,320,13,268,55,0,336,0,0,0,336
03/15/2022,BET,AK,AAL,WE,Federal Contract Tower,8,9,0,0,17,0,183,62,3,248,8,192,62,3,265,0,0,0,265
03/16/2022,BET,AK,AAL,WE,Federal Contract Tower,8,47,5,0,60,0,82,21,0,103,8,129,26,0,163,0,0,0,163
03/17/2022,BET,AK,AAL,WE,Federal Contract Tower,7,12,1,0,20,0,214,68,0,282,7,226,69,0,302,0,0,0,302
03/18/2022,BET,AK,AAL,WE,Federal Contract Tower,6,13,4,0,23,0,113,43,0,156,6,126,47,0,179,0,0,0,179
03/19/2022,BET,AK,AAL,WE,Federal Contract Tower,9,6,0,0,15,0,140,48,0,188,9,146,48,0,203,0,0,0,203
03/20/2022,BET,AK,AAL,WE,Federal Contract Tower,4,2,0,0,6,0,123,38,0,161,4,125,38,0,167,0,0,0,167
03/21/2022,BET,AK,AAL,WE,Federal Contract Tower,5,1,0,0,6,0,147,42,0,189,5,148,42,0,195,0,0,0,195
03/22/2022,BET,AK,AAL,WE,Federal Contract Tower,7,6,0,0,13,1,189,44,0,234,8,195,44,0,247,0,0,0,247
03/23/2022,BET,AK,AAL,WE,Federal Contract Tower,6,2,0,0,8,0,177,81,0,258,6,179,81,0,266,0,0,0,266
03/24/2022,BET,AK,AAL,WE,Federal Contract Tower,12,5,1,0,18,0,192,64,0,256,12,197,65,0,274,0,0,0,274
03/25/2022,BET,AK,AAL,WE,Federal Contract Tower,8,4,1,0,13,0,206,61,0,267,8,210,62,0,280,0,0,0,280
03/26/2022,BET,AK,AAL,WE,Federal Contract Tower,14,15,2,0,31,0,147,44,0,191,14,162,46,0,222,0,0,0,222
03/27/2022,BET,AK,AAL,WE,Federal Contract Tower,5,2,0,0,7,0,116,34,0,150,5,118,34,0,157,0,0,0,157
03/28/2022,BET,AK,AAL,WE,Federal Contract Tower,11,12,0,2,25,0,164,52,0,216,11,176,52,2,241,0,0,0,241
03/29/2022,BET,AK,AAL,WE,Federal Contract Tower,8,9,0,0,17,0,166,62,0,228,8,175,62,0,245,0,0,0,245
03/30/2022,BET,AK,AAL,WE,Federal Contract Tower,10,9,2,0,21,0,162,70,0,232,10,171,72,0,253,6,0,6,259
03/31/2022,BET,AK,AAL,WE,Federal Contract Tower,9,18,1,0,28,0,161,70,0,231,9,179,71,0,259,0,0,0,259
04/01/2022,BET,AK,AAL,WE,Federal Contract Tower,10,9,0,0,19,0,188,57,0,245,10,197,57,0,264,0,0,0,264
04/02/2022,BET,AK,AAL,WE,Federal Contract Tower,10,6,0,0,16,1,136,75,0,212,11,142,75,0,228,0,0,0,228
04/03/2022,BET,AK,AAL,WE,Federal Contract Tower,6,4,0,0,10,0,137,58,0,195,6,141,58,0,205,0,0,0,205
04/04/2022,BET,AK,AAL,WE,Federal Contract Tower,11,12,3,0,26,0,187,88,0,275,11,199,91,0,301,2,0,2,303
04/05/2022,BET,AK,AAL,WE,Federal Contract Tower,12,12,0,0,24,0,174,83,0,257,12,186,83,0,281,0,0,0,281
04/06/2022,BET,AK,AAL,WE,Federal Contract Tower,11,3,0,0,14,0,220,73,0,293,11,223,73,0,307,0,0,0,307
04/07/2022,BET,AK,AAL,WE,Federal Contract Tower,11,12,0,0,23,0,203,69,0,272,11,215,69,0,295,0,0,0,295
04/08/2022,BET,AK,AAL,WE,Federal Contract Tower,9,4,0,0,13,0,191,89,0,280,9,195,89,0,293,0,12,12,305
04/09/2022,BET,AK,AAL,WE,Federal Contract Tower,15,8,3,0,26,0,133,43,0,176,15,141,46,0,202,0,0,0,202
04/10/2022,BET,AK,AAL,WE,Federal Contract Tower,6,0,1,0,7,0,98,35,0,133,6,98,36,0,140,0,0,0,140
04/11/2022,BET,AK,AAL,WE,Federal Contract Tower,11,4,0,0,15,0,210,64,4,278,11,214,64,4,293,0,0,0,293
04/12/2022,BET,AK,AAL,WE,Federal Contract Tower,7,5,4,0,16,1,219,70,0,290,8,224,74,0,306,0,0,0,306
04/13/2022,BET,AK,AAL,WE,Federal Contract Tower,6,6,0,0,12,0,189,87,0,276,6,195,87,0,288,0,0,0,288
04/14/2022,BET,AK,AAL,WE,Federal Contract Tower,15,6,1,0,22,0,173,85,0,258,15,179,86,0,280,0,0,0,280
04/15/2022,BET,AK,AAL,WE,Federal Contract Tower,12,0,0,0,12,0,192,75,0,267,12,192,75,0,279,2,0,2,281
04/16/2022,BET,AK,AAL,WE,Federal Contract Tower,13,6,0,0,19,170,94,0,0,264,183,100,0,0,283,0,0,0,283
04/17/2022,BET,AK,AAL,WE,Federal Contract Tower,6,4,0,0,10,0,72,46,0,118,6,76,46,0,128,6,0,6,134
04/18/2022,BET,AK,AAL,WE,Federal Contract Tower,7,2,0,0,9,0,226,92,0,318,7,228,92,0,327,0,0,0,327
04/19/2022,BET,AK,AAL,WE,Federal Contract Tower,10,7,3,0,20,0,256,152,0,408,10,263,155,0,428,4,0,4,432
04/20/2022,BET,AK,AAL,WE,Federal Contract Tower,10,6,0,2,18,0,197,105,0,302,10,203,105,2,320,6,0,6,326
04/21/2022,BET,AK,AAL,WE,Federal Contract Tower,9,6,0,0,15,0,208,74,0,282,9,214,74,0,297,0,0,0,297
04/22/2022,BET,AK,AAL,WE,Federal Contract Tower,12,2,1,0,15,0,213,75,0,288,12,215,76,0,303,4,0,4,307
04/23/2022,BET,AK,AAL,WE,Federal Contract Tower,11,5,0,0,16,0,207,48,0,255,11,212,48,0,271,6,0,6,277
04/24/2022,BET,AK,AAL,WE,Federal Contract Tower,6,11,5,0,22,0,112,30,0,142,6,123,35,0,164,0,0,0,164
04/25/2022,BET,AK,AAL,WE,Federal Contract Tower,11,31,14,2,58,0,165,73,0,238,11,196,87,2,296,0,0,0,296
04/26/2022,BET,AK,AAL,WE,Federal Contract Tower,13,11,0,0,24,1,220,97,0,318,14,231,97,0,342,1,0,1,343
04/27/2022,BET,AK,AAL,WE,Federal Contract Tower,7,8,2,0,17,0,217,89,0,306,7,225,91,0,323,0,0,0,323
04/28/2022,BET,AK,AAL,WE,Federal Contract Tower,11,13,0,2,26,0,210,73,0,283,11,223,73,2,309,2,0,2,311
04/29/2022,BET,AK,AAL,WE,Federal Contract Tower,12,6,0,0,18,1,228,50,1,280,13,234,50,1,298,6,0,6,304
04/30/2022,BET,AK,AAL,WE,Federal Contract Tower,9,7,1,0,17,0,226,63,2,291,9,233,64,2,308,6,0,6,314
05/01/2022,BET,AK,AAL,WE,Federal Contract Tower,6,2,0,0,8,0,141,36,4,181,6,143,36,4,189,10,0,10,199
05/02/2022,BET,AK,AAL,WE,Federal Contract Tower,11,1,1,0,13,0,206,61,0,267,11,207,62,0,280,4,0,4,284
05/03/2022,BET,AK,AAL,WE,Federal Contract Tower,10,10,1,1,22,0,215,74,6,295,10,225,75,7,317,0,0,0,317
05/04/2022,BET,AK,AAL,WE,Federal Contract Tower,6,5,0,0,11,0,223,96,5,324,6,228,96,5,335,10,0,10,345
05/05/2022,BET,AK,AAL,WE,Federal Contract Tower,11,5,0,0,16,0,224,76,0,300,11,229,76,0,316,6,0,6,322
05/06/2022,BET,AK,AAL,WE,Federal Contract Tower,10,27,5,0,42,0,74,48,4,126,10,101,53,4,168,0,6,6,174
05/07/2022,BET,AK,AAL,WE,Federal Contract Tower,11,8,0,0,19,0,198,80,0,278,11,206,80,0,297,6,0,6,303
05/08/2022,BET,AK,AAL,WE,Federal Contract Tower,4,54,26,0,84,0,26,12,0,38,4,80,38,0,122,0,0,0,122
05/09/2022,BET,AK,AAL,WE,Federal Contract Tower,12,12,4,0,28,0,187,78,3,268,12,199,82,3,296,0,0,0,296
05/10/2022,BET,AK,AAL,WE,Federal Contract Tower,10,23,9,2,44,0,202,101,3,306,10,225,110,5,350,8,0,8,358
05/11/2022,BET,AK,AAL,WE,Federal Contract Tower,11,67,15,0,93,0,52,29,0,81,11,119,44,0,174,0,0,0,174
05/12/2022,BET,AK,AAL,WE,Federal Contract Tower,12,31,5,0,48,0,141,66,1,208,12,172,71,1,256,0,0,0,256
05/13/2022,BET,AK,AAL,WE,Federal Contract Tower,7,12,4,0,23,0,225,94,0,319,7,237,98,0,342,0,0,0,342
05/14/2022,BET,AK,AAL,WE,Federal Contract Tower,10,7,0,0,17,0,209,83,0,292,10,216,83,0,309,0,0,0,309
05/15/2022,BET,AK,AAL,WE,Federal Contract Tower,5,15,7,0,27,1,115,21,0,137,6,130,28,0,164,0,0,0,164
05/16/2022,BET,AK,AAL,WE,Federal Contract Tower,8,9,0,0,17,0,211,48,0,259,8,220,48,0,276,0,0,0,276
05/17/2022,BET,AK,AAL,WE,Federal Contract Tower,11,5,0,0,16,0,212,52,0,264,11,217,52,0,280,0,0,0,280
05/18/2022,BET,AK,AAL,WE,Federal Contract Tower,9,8,3,0,20,0,228,50,0,278,9,236,53,0,298,4,0,4,302
05/19/2022,BET,AK,AAL,WE,Federal Contract Tower,14,7,0,0,21,0,232,52,0,284,14,239,52,0,305,12,0,12,317
05/20/2022,BET,AK,AAL,WE,Federal Contract Tower,16,7,1,0,24,0,213,48,0,261,16,220,49,0,285,0,0,0,285
05/21/2022,BET,AK,AAL,WE,Federal Contract Tower,4,7,0,0,11,0,173,39,0,212,4,180,39,0,223,6,0,6,229
05/22/2022,BET,AK,AAL,WE,Federal Contract Tower,8,4,0,0,12,0,112,36,0,148,8,116,36,0,160,0,0,0,160
05/23/2022,BET,AK,AAL,WE,Federal Contract Tower,10,0,0,0,10,1,207,54,3,265,11,207,54,3,275,2,0,2,277
05/24/2022,BET,AK,AAL,WE,Federal Contract Tower,10,12,3,0,25,2,208,49,1,260,12,220,52,1,285,0,0,0,285
05/25/2022,BET,AK,AAL,WE,Federal Contract Tower,6,4,2,0,12,0,208,55,1,264,6,212,57,1,276,0,0,0,276
05/26/2022,BET,AK,AAL,WE,Federal Contract Tower,9,5,3,0,17,2,183,55,4,244,11,188,58,4,261,0,2,2,263
05/27/2022,BET,AK,AAL,WE,Federal Contract Tower,12,31,2,0,45,0,150,48,0,198,12,181,50,0,243,0,0,0,243
05/28/2022,BET,AK,AAL,WE,Federal Contract Tower,16,29,4,0,49,0,142,40,0,182,16,171,44,0,231,4,0,4,235
05/29/2022,BET,AK,AAL,WE,Federal Contract Tower,5,2,4,0,11,1,109,37,0,147,6,111,41,0,158,0,0,0,158
05/30/2022,BET,AK,AAL,WE,Federal Contract Tower,6,13,2,0,21,0,83,44,0,127,6,96,46,0,148,4,0,4,152
05/31/2022,BET,AK,AAL,WE,Federal Contract Tower,7,7,1,0,15,1,204,65,0,270,8,211,66,0,285,8,0,8,293
06/01/2022,BET,AK,AAL,WE,Federal Contract Tower,9,4,0,0,13,0,179,48,0,227,9,183,48,0,240,0,0,0,240
06/02/2022,BET,AK,AAL,WE,Federal Contract Tower,12,6,2,0,20,0,192,86,0,278,12,198,88,0,298,0,0,0,298
06/03/2022,BET,AK,AAL,WE,Federal Contract Tower,11,6,3,0,20,0,235,77,0,312,11,241,80,0,332,0,0,0,332
06/04/2022,BET,AK,AAL,WE,Federal Contract Tower,15,9,1,0,25,0,157,50,0,207,15,166,51,0,232,0,0,0,232
06/05/2022,BET,AK,AAL,WE,Federal Contract Tower,6,2,0,0,8,0,121,29,0,150,6,123,29,0,158,0,0,0,158
06/07/2022,BET,AK,AAL,WE,Federal Contract Tower,9,8,4,0,21,0,200,58,0,258,9,208,62,0,279,0,0,0,279
06/08/2022,BET,AK,AAL,WE,Federal Contract Tower,11,8,0,0,19,1,201,60,0,262,12,209,60,0,281,0,0,0,281
06/09/2022,BET,AK,AAL,WE,Federal Contract Tower,8,6,3,0,17,0,194,90,0,284,8,200,93,0,301,0,0,0,301
06/10/2022,BET,AK,AAL,WE,Federal Contract Tower,12,5,2,0,19,0,226,54,0,280,12,231,56,0,299,0,0,0,299
06/11/2022,BET,AK,AAL,WE,Federal Contract Tower,9,20,2,0,31,0,134,42,0,176,9,154,44,0,207,0,0,0,207
06/12/2022,BET,AK,AAL,WE,Federal Contract Tower,6,2,0,0,8,0,104,41,0,145,6,106,41,0,153,0,0,0,153
06/13/2022,BET,AK,AAL,WE,Federal Contract Tower,14,8,0,0,22,0,161,58,0,219,14,169,58,0,241,2,0,2,243
06/14/2022,BET,AK,AAL,WE,Federal Contract Tower,9,10,2,0,21,0,191,63,0,254,9,201,65,0,275,0,0,0,275
06/15/2022,BET,AK,AAL,WE,Federal Contract Tower,9,4,0,0,13,0,155,64,0,219,9,159,64,0,232,0,0,0,232
06/16/2022,BET,AK,AAL,WE,Federal Contract Tower,14,12,3,0,29,0,183,71,0,254,14,195,74,0,283,0,0,0,283
06/17/2022,BET,AK,AAL,WE,Federal Contract Tower,13,9,6,0,28,0,196,60,0,256,13,205,66,0,284,0,0,0,284
06/18/2022,BET,AK,AAL,WE,Federal Contract Tower,12,11,2,0,25,4,194,57,0,255,16,205,59,0,280,0,0,0,280
06/19/2022,BET,AK,AAL,WE,Federal Contract Tower,6,2,0,0,8,0,94,26,0,120,6,96,26,0,128,0,0,0,128
06/20/2022,BET,AK,AAL,WE,Federal Contract Tower,10,12,2,0,24,0,151,24,0,175,10,163,26,0,199,0,0,0,199
06/21/2022,BET,AK,AAL,WE,Federal Contract Tower,8,30,4,0,42,0,156,37,0,193,8,186,41,0,235,0,0,0,235
06/22/2022,BET,AK,AAL,WE,Federal Contract Tower,13,18,7,0,38,0,170,48,0,218,13,188,55,0,256,2,0,2,258
06/23/2022,BET,AK,AAL,WE,Federal Contract Tower,9,23,1,0,33,0,188,42,0,230,9,211,43,0,263,20,0,20,283
06/24/2022,BET,AK,AAL,WE,Federal Contract Tower,11,5,0,0,16,0,204,50,0,254,11,209,50,0,270,0,0,0,270
06/25/2022,BET,AK,AAL,WE,Federal Contract Tower,10,7,0,0,17,0,199,52,0,251,10,206,52,0,268,0,0,0,268
06/26/2022,BET,AK,AAL,WE,Federal Contract Tower,6,9,3,0,18,0,92,30,0,122,6,101,33,0,140,0,0,0,140
06/28/2022,BET,AK,AAL,WE,Federal Contract Tower,9,13,5,0,27,0,189,42,0,231,9,202,47,0,258,0,0,0,258
06/29/2022,BET,AK,AAL,WE,Federal Contract Tower,11,5,2,0,18,0,200,42,0,242,11,205,44,0,260,0,0,0,260
06/30/2022,BET,AK,AAL,WE,Federal Contract Tower,11,9,0,0,20,0,192,53,0,245,11,201,53,0,265,0,0,0,265
07/01/2022,BET,AK,AAL,WE,Federal Contract Tower,11,16,1,0,28,0,140,41,0,181,11,156,42,0,209,0,0,0,209
07/02/2022,BET,AK,AAL,WE,Federal Contract Tower,8,11,0,0,19,0,160,37,0,197,8,171,37,0,216,0,0,0,216
07/03/2022,BET,AK,AAL,WE,Federal Contract Tower,6,4,1,0,11,0,98,15,0,113,6,102,16,0,124,0,0,0,124
07/04/2022,BET,AK,AAL,WE,Federal Contract Tower,5,5,1,0,11,0,14,16,0,30,5,19,17,0,41,0,0,0,41
07/05/2022,BET,AK,AAL,WE,Federal Contract Tower,8,10,3,0,21,0,171,45,0,216,8,181,48,0,237,0,0,0,237
07/06/2022,BET,AK,AAL,WE,Federal Contract Tower,7,46,10,0,63,0,92,41,0,133,7,138,51,0,196,0,0,0,196
07/07/2022,BET,AK,AAL,WE,Federal Contract Tower,10,13,4,0,27,0,173,49,0,222,10,186,53,0,249,0,0,0,249
07/08/2022,BET,AK,AAL,WE,Federal Contract Tower,8,10,0,0,18,0,196,56,0,252,8,206,56,0,270,6,0,6,276
07/10/2022,BET,AK,AAL,WE,Federal Contract Tower,6,10,6,0,22,0,105,35,0,140,6,115,41,0,162,0,0,0,162
07/12/2022,BET,AK,AAL,WE,Federal Contract Tower,9,5,2,0,16,157,45,0,0,202,166,50,2,0,218,8,0,8,226
07/14/2022,BET,AK,AAL,WE,Federal Contract Tower,9,54,33,0,96,0,112,49,0,161,9,166,82,0,257,0,0,0,257
07/15/2022,BET,AK,AAL,WE,Federal Contract Tower,6,28,5,0,39,0,98,22,0,120,6,126,27,0,159,0,0,0,159
07/16/2022,BET,AK,AAL,WE,Federal Contract Tower,8,12,10,0,30,0,144,33,2,179,8,156,43,2,209,0,0,0,209
07/17/2022,BET,AK,AAL,WE,Federal Contract Tower,5,14,4,0,23,0,104,28,0,132,5,118,32,0,155,0,0,0,155
07/19/2022,BET,AK,AAL,WE,Federal Contract Tower,7,8,1,0,16,0,175,68,3,246,7,183,69,3,262,0,0,0,262
07/20/2022,BET,AK,AAL,WE,Federal Contract Tower,7,18,10,0,35,0,63,17,0,80,7,81,27,0,115,2,0,2,117
07/21/2022,BET,AK,AAL,WE,Federal Contract Tower,9,12,3,0,24,0,251,47,0,298,9,263,50,0,322,0,0,0,322
07/22/2022,BET,AK,AAL,WE,Federal Contract Tower,8,25,9,0,42,0,170,31,0,201,8,195,40,0,243,0,0,0,243
07/23/2022,BET,AK,AAL,WE,Federal Contract Tower,10,6,1,0,17,0,183,33,0,216,10,189,34,0,233,4,0,4,237
07/24/2022,BET,AK,AAL,WE,Federal Contract Tower,6,6,1,0,13,0,117,33,0,150,6,123,34,0,163,0,0,0,163
07/26/2022,BET,AK,AAL,WE,Federal Contract Tower,11,18,1,1,31,0,238,47,0,285,11,256,48,1,316,0,0,0,316
07/27/2022,BET,AK,AAL,WE,Federal Contract Tower,11,10,6,0,27,0,221,50,0,271,11,231,56,0,298,4,0,4,302
07/28/2022,BET,AK,AAL,WE,Federal Contract Tower,7,10,2,0,19,0,212,59,0,271,7,222,61,0,290,2,0,2,292
07/29/2022,BET,AK,AAL,WE,Federal Contract Tower,8,10,0,0,18,0,201,57,0,258,8,211,57,0,276,12,0,12,288
07/30/2022,BET,AK,AAL,WE,Federal Contract Tower,10,15,6,0,31,0,143,39,0,182,10,158,45,0,213,20,0,20,233
07/31/2022,BET,AK,AAL,WE,Federal Contract Tower,6,4,4,0,14,0,127,46,0,173,6,131,50,0,187,2,0,2,189
08/03/2022,BET,AK,AAL,WE,Federal Contract Tower,7,12,5,0,24,0,198,49,0,247,7,210,54,0,271,0,0,0,271
08/04/2022,BET,AK,AAL,WE,Federal Contract Tower,9,46,17,0,72,0,116,40,0,156,9,162,57,0,228,0,0,0,228
08/05/2022,BET,AK,AAL,WE,Federal Contract Tower,14,36,7,0,57,0,137,26,0,163,14,173,33,0,220,0,0,0,220
08/06/2022,BET,AK,AAL,WE,Federal Contract Tower,9,9,2,0,20,0,214,40,0,254,9,223,42,0,274,0,0,0,274
08/07/2022,BET,AK,AAL,WE,Federal Contract Tower,6,26,8,0,40,0,27,17,0,44,6,53,25,0,84,0,0,0,84
08/08/2022,BET,AK,AAL,WE,Federal Contract Tower,12,5,0,0,17,0,252,44,0,296,12,257,44,0,313,4,0,4,317
08/09/2022,BET,AK,AAL,WE,Federal Contract Tower,9,7,1,1,18,0,204,50,0,254,9,211,51,1,272,0,26,26,298
08/10/2022,BET,AK,AAL,WE,Federal Contract Tower,7,9,7,0,23,0,215,65,0,280,7,224,72,0,303,18,0,18,321
08/12/2022,BET,AK,AAL,WE,Federal Contract Tower,9,54,9,0,72,0,135,40,0,175,9,189,49,0,247,0,0,0,247
08/14/2022,BET,AK,AAL,WE,Federal Contract Tower,6,24,9,0,39,0,92,30,6,128,6,116,39,6,167,0,0,0,167
08/15/2022,BET,AK,AAL,WE,Federal Contract Tower,9,20,1,0,30,0,170,54,1,225,9,190,55,1,255,0,0,0,255
08/17/2022,BET,AK,AAL,WE,Federal Contract Tower,9,38,8,0,55,0,141,51,0,192,9,179,59,0,247,0,0,0,247
08/18/2022,BET,AK,AAL,WE,Federal Contract Tower,10,8,3,0,21,0,233,67,0,300,10,241,70,0,321,2,0,2,323
08/19/2022,BET,AK,AAL,WE,Federal Contract Tower,11,7,0,0,18,0,176,50,0,226,11,183,50,0,244,0,0,0,244
08/20/2022,BET,AK,AAL,WE,Federal Contract Tower,12,8,0,0,20,0,152,42,0,194,12,160,42,0,214,0,0,0,214
08/21/2022,BET,AK,AAL,WE,Federal Contract Tower,4,9,2,0,15,0,79,41,0,120,4,88,43,0,135,0,0,0,135
08/22/2022,BET,AK,AAL,WE,Federal Contract Tower,10,9,2,0,21,0,166,55,0,221,10,175,57,0,242,0,0,0,242
08/23/2022,BET,AK,AAL,WE,Federal Contract Tower,11,20,3,0,34,1,172,53,2,228,12,192,56,2,262,0,0,0,262
08/24/2022,BET,AK,AAL,WE,Federal Contract Tower,8,3,1,0,12,0,174,68,2,244,8,177,69,2,256,4,0,4,260
08/25/2022,BET,AK,AAL,WE,Federal Contract Tower,11,58,6,0,75,0,1,1,0,2,11,59,7,0,77,0,0,0,77
08/26/2022,BET,AK,AAL,WE,Federal Contract Tower,11,48,21,0,80,0,72,30,6,108,11,120,51,6,188,0,0,0,188
08/27/2022,BET,AK,AAL,WE,Federal Contract Tower,8,25,4,0,37,0,108,32,0,140,8,133,36,0,177,4,0,4,181
08/28/2022,BET,AK,AAL,WE,Federal Contract Tower,4,5,2,0,11,0,210,76,4,290,4,215,78,4,301,0,0,0,301
08/30/2022,BET,AK,AAL,WE,Federal Contract Tower,15,60,16,1,92,0,45,24,0,69,15,105,40,1,161,0,0,0,161
08/31/2022,BET,AK,AAL,WE,Federal Contract Tower,11,50,7,0,68,0,91,27,0,118,11,141,34,0,186,6,0,6,192
09/01/2022,BET,AK,AAL,WE,Federal Contract Tower,8,31,28,0,67,0,167,54,0,221,8,198,82,0,288,0,0,0,288
09/02/2022,BET,AK,AAL,WE,Federal Contract Tower,8,7,1,0,16,0,201,84,0,285,8,208,85,0,301,0,0,0,301
09/05/2022,BET,AK,AAL,WE,Federal Contract Tower,8,14,11,0,33,0,137,38,0,175,8,151,49,0,208,0,0,0,208
09/06/2022,BET,AK,AAL,WE,Federal Contract Tower,11,16,6,0,33,0,156,62,0,218,11,172,68,0,251,0,0,0,251
09/07/2022,BET,AK,AAL,WE,Federal Contract Tower,11,6,2,0,19,1,169,59,0,229,12,175,61,0,248,0,0,0,248
09/08/2022,BET,AK,AAL,WE,Federal Contract Tower,11,53,21,0,85,0,103,32,0,135,11,156,53,0,220,0,0,0,220
09/09/2022,BET,AK,AAL,WE,Federal Contract Tower,6,13,2,0,21,0,126,42,0,168,6,139,44,0,189,0,0,0,189
09/11/2022,BET,AK,AAL,WE,Federal Contract Tower,4,15,4,0,23,0,79,40,0,119,4,94,44,0,142,0,0,0,142
09/12/2022,BET,AK,AAL,WE,Federal Contract Tower,10,6,1,0,17,0,167,42,0,209,10,173,43,0,226,0,0,0,226
09/13/2022,BET,AK,AAL,WE,Federal Contract Tower,13,11,5,0,29,0,170,54,0,224,13,181,59,0,253,0,0,0,253
09/14/2022,BET,AK,AAL,WE,Federal Contract Tower,8,27,8,0,43,0,164,77,0,241,8,191,85,0,284,4,0,4,288
09/15/2022,BET,AK,AAL,WE,Federal Contract Tower,12,19,12,0,43,0,124,68,0,192,12,143,80,0,235,0,0,0,235
09/16/2022,BET,AK,AAL,WE,Federal Contract Tower,7,18,9,0,34,0,0,2,0,2,7,18,11,0,36,0,0,0,36
09/17/2022,BET,AK,AAL,WE,Federal Contract Tower,7,2,0,0,9,0,0,0,0,0,7,2,0,0,9,0,0,0,9
09/18/2022,BET,AK,AAL,WE,Federal Contract Tower,4,9,1,0,14,0,179,65,0,244,4,188,66,0,258,0,0,0,258
09/19/2022,BET,AK,AAL,WE,Federal Contract Tower,14,5,2,2,23,0,198,77,0,275,14,203,79,2,298,0,0,0,298
09/20/2022,BET,AK,AAL,WE,Federal Contract Tower,11,4,6,0,21,0,240,84,1,325,11,244,90,1,346,2,0,2,348
09/21/2022,BET,AK,AAL,WE,Federal Contract Tower,8,13,3,4,28,0,191,60,3,254,8,204,63,7,282,6,0,6,288
09/22/2022,BET,AK,AAL,WE,Federal Contract Tower,11,18,5,0,34,0,201,73,2,276,11,219,78,2,310,0,0,0,310
09/23/2022,BET,AK,AAL,WE,Federal Contract Tower,9,11,0,0,20,0,203,65,3,271,9,214,65,3,291,2,0,2,293
09/25/2022,BET,AK,AAL,WE,Federal Contract Tower,4,17,1,1,23,0,178,45,1,224,4,195,46,2,247,10,0,10,257
09/26/2022,BET,AK,AAL,WE,Federal Contract Tower,11,4,4,0,19,0,242,59,3,304,11,246,63,3,323,6,0,6,329
09/27/2022,BET,AK,AAL,WE,Federal Contract Tower,11,9,4,0,24,0,225,56,3,284,11,234,60,3,308,0,0,0,308
09/28/2022,BET,AK,AAL,WE,Federal Contract Tower,9,13,3,0,25,0,228,62,6,296,9,241,65,6,321,14,0,14,335
09/29/2022,BET,AK,AAL,WE,Federal Contract Tower,9,14,9,4,36,0,191,62,0,253,9,205,71,4,289,0,0,0,289
09/30/2022,BET,AK,AAL,WE,Federal Contract Tower,10,27,2,2,41,0,120,52,1,173,10,147,54,3,214,0,0,0,214
10/01/2022,BET,AK,AAL,WE,Federal Contract Tower,7,4,0,0,11,0,214,65,4,283,7,218,65,4,294,16,0,16,310
10/02/2022,BET,AK,AAL,WE,Federal Contract Tower,2,0,3,0,5,0,163,60,4,227,2,163,63,4,232,0,0,0,232
10/03/2022,BET,AK,AAL,WE,Federal Contract Tower,5,10,3,0,18,0,204,55,9,268,5,214,58,9,286,0,0,0,286
10/04/2022,BET,AK,AAL,WE,Federal Contract Tower,9,9,1,0,19,0,260,52,0,312,9,269,53,0,331,12,0,12,343
10/05/2022,BET,AK,AAL,WE,Federal Contract Tower,5,26,6,4,41,0,216,48,0,264,5,242,54,4,305,8,0,8,313
10/06/2022,BET,AK,AAL,WE,Federal Contract Tower,7,14,1,0,22,0,197,45,0,242,7,211,46,0,264,2,0,2,266
10/07/2022,BET,AK,AAL,WE,Federal Contract Tower,9,11,2,0,22,0,242,76,0,318,9,253,78,0,340,12,0,12,352
10/08/2022,BET,AK,AAL,WE,Federal Contract Tower,8,7,0,0,15,0,214,64,0,278,8,221,64,0,293,0,0,0,293
10/09/2022,BET,AK,AAL,WE,Federal Contract Tower,2,2,0,0,4,0,154,68,0,222,2,156,68,0,226,0,0,0,226
10/10/2022,BET,AK,AAL,WE,Federal Contract Tower,4,15,4,0,23,0,170,45,0,215,4,185,49,0,238,0,0,0,238
10/11/2022,BET,AK,AAL,WE,Federal Contract Tower,12,35,15,0,62,0,125,41,0,166,12,160,56,0,228,2,0,2,230
10/12/2022,BET,AK,AAL,WE,Federal Contract Tower,7,40,15,0,62,0,165,74,0,239,7,205,89,0,301,62,0,62,363
10/14/2022,BET,AK,AAL,WE,Federal Contract Tower,9,11,2,0,22,0,292,66,2,360,9,303,68,2,382,0,0,0,382
10/15/2022,BET,AK,AAL,WE,Federal Contract Tower,4,8,3,0,15,0,176,63,1,240,4,184,66,1,255,6,0,6,261
10/16/2022,BET,AK,AAL,WE,Federal Contract Tower,3,35,36,0,74,0,0,5,0,5,3,35,41,0,79,0,0,0,79
10/17/2022,BET,AK,AAL,WE,Federal Contract Tower,13,14,8,0,35,0,241,70,0,311,13,255,78,0,346,42,0,42,388
10/18/2022,BET,AK,AAL,WE,Federal Contract Tower,8,10,3,1,22,0,252,86,0,338,8,262,89,1,360,28,0,28,388
10/19/2022,BET,AK,AAL,WE,Federal Contract Tower,8,15,5,0,28,1,205,59,0,265,9,220,64,0,293,8,0,8,301
10/20/2022,BET,AK,AAL,WE,Federal Contract Tower,15,8,2,2,27,0,226,70,0,296,15,234,72,2,323,20,0,20,343
10/21/2022,BET,AK,AAL,WE,Federal Contract Tower,7,9,1,0,17,0,251,88,0,339,7,260,89,0,356,18,0,18,374
10/22/2022,BET,AK,AAL,WE,Federal Contract Tower,4,37,2,0,43,0,6,3,0,9,4,43,5,0,52,0,0,0,52
10/23/2022,BET,AK,AAL,WE,Federal Contract Tower,4,9,4,0,17,0,165,98,0,263,4,174,102,0,280,0,0,0,280
10/24/2022,BET,AK,AAL,WE,Federal Contract Tower,8,4,1,0,13,0,194,87,0,281,8,198,88,0,294,2,0,2,296
10/25/2022,BET,AK,AAL,WE,Federal Contract Tower,6,30,0,0,36,0,0,0,0,0,6,30,0,0,36,0,0,0,36
10/26/2022,BET,AK,AAL,WE,Federal Contract Tower,7,14,1,0,22,0,66,32,0,98,7,80,33,0,120,0,0,0,120
10/27/2022,BET,AK,AAL,WE,Federal Contract Tower,5,9,2,0,16,0,189,90,0,279,5,198,92,0,295,0,0,0,295
10/28/2022,BET,AK,AAL,WE,Federal Contract Tower,5,8,1,0,14,0,212,132,0,344,5,220,133,0,358,28,0,28,386
10/29/2022,BET,AK,AAL,WE,Federal Contract Tower,0,0,0,0,0,0,0,0,0,0,0,0,0,0,0,0,0,0,0
10/30/2022,BET,AK,AAL,WE,Federal Contract Tower,3,54,11,0,68,0,31,8,0,39,3,85,19,0,107,0,0,0,107
10/31/2022,BET,AK,AAL,WE,Federal Contract Tower,8,4,0,0,12,0,173,126,0,299,8,177,126,0,311,6,0,6,317
11/01/2022,BET,AK,AAL,WE,Federal Contract Tower,3,2,5,0,10,0,119,101,0,220,3,121,106,0,230,12,0,12,242
11/02/2022,BET,AK,AAL,WE,Federal Contract Tower,2,26,2,0,30,0,21,1,0,22,2,47,3,0,52,0,0,0,52
11/03/2022,BET,AK,AAL,WE,Federal Contract Tower,5,12,0,0,17,0,187,85,0,272,5,199,85,0,289,1,0,1,290
11/04/2022,BET,AK,AAL,WE,Federal Contract Tower,2,3,0,0,5,0,33,31,0,64,2,36,31,0,69,0,0,0,69
11/05/2022,BET,AK,AAL,WE,Federal Contract Tower,11,21,2,0,34,0,132,80,0,212,11,153,82,0,246,0,0,0,246
11/06/2022,BET,AK,AAL,WE,Federal Contract Tower,7,6,0,0,13,0,176,100,0,276,7,182,100,0,289,6,0,6,295
11/07/2022,BET,AK,AAL,WE,Federal Contract Tower,1,4,2,0,7,0,0,0,0,0,1,4,2,0,7,0,0,0,7
11/08/2022,BET,AK,AAL,WE,Federal Contract Tower,10,33,12,0,55,0,61,27,0,88,10,94,39,0,143,0,0,0,143
11/09/2022,BET,AK,AAL,WE,Federal Contract Tower,7,16,0,0,23,0,206,146,0,352,7,222,146,0,375,0,0,0,375
11/10/2022,BET,AK,AAL,WE,Federal Contract Tower,6,7,0,0,13,0,105,94,0,199,6,112,94,0,212,0,0,0,212
11/11/2022,BET,AK,AAL,WE,Federal Contract Tower,2,31,10,0,43,0,116,91,0,207,2,147,101,0,250,0,0,0,250
11/12/2022,BET,AK,AAL,WE,Federal Contract Tower,5,19,3,0,27,0,117,35,0,152,5,136,38,0,179,16,0,16,195
11/13/2022,BET,AK,AAL,WE,Federal Contract Tower,5,21,4,0,30,0,141,88,0,229,5,162,92,0,259,0,0,0,259
11/14/2022,BET,AK,AAL,WE,Federal Contract Tower,7,2,3,0,12,0,256,151,1,408,7,258,154,1,420,4,0,4,424
11/15/2022,BET,AK,AAL,WE,Federal Contract Tower,2,4,0,0,6,2,248,129,0,379,4,252,129,0,385,6,0,6,391
11/16/2022,BET,AK,AAL,WE,Federal Contract Tower,4,4,0,1,9,0,219,133,8,360,4,223,133,9,369,6,2,8,377
11/17/2022,BET,AK,AAL,WE,Federal Contract Tower,6,21,3,0,30,0,190,130,1,321,6,211,133,1,351,6,0,6,357
11/18/2022,BET,AK,AAL,WE,Federal Contract Tower,3,21,2,0,26,0,80,36,0,116,3,101,38,0,142,0,0,0,142
11/19/2022,BET,AK,AAL,WE,Federal Contract Tower,4,0,1,0,5,0,238,131,0,369,4,238,132,0,374,6,0,6,380
11/20/2022,BET,AK,AAL,WE,Federal Contract Tower,6,3,1,0,10,0,174,104,0,278,6,177,105,0,288,4,0,4,292
11/21/2022,BET,AK,AAL,WE,Federal Contract Tower,8,53,20,0,81,0,37,39,0,76,8,90,59,0,157,8,0,8,165
11/22/2022,BET,AK,AAL,WE,Federal Contract Tower,12,23,8,0,43,0,165,107,0,272,12,188,115,0,315,0,0,0,315
11/23/2022,BET,AK,AAL,WE,Federal Contract Tower,5,10,0,0,15,0,197,156,0,353,5,207,156,0,368,2,0,2,370
11/24/2022,BET,AK,AAL,WE,Federal Contract Tower,0,31,3,0,34,0,26,1,0,27,0,57,4,0,61,0,0,0,61
11/25/2022,BET,AK,AAL,WE,Federal Contract Tower,5,37,11,0,53,0,79,55,0,134,5,116,66,0,187,0,0,0,187
11/27/2022,BET,AK,AAL,WE,Federal Contract Tower,5,5,0,0,10,0,186,102,0,288,5,191,102,0,298,0,0,0,298
11/28/2022,BET,AK,AAL,WE,Federal Contract Tower,5,6,1,0,12,0,201,145,0,346,5,207,146,0,358,0,0,0,358
11/29/2022,BET,AK,AAL,WE,Federal Contract Tower,5,11,0,0,16,1,137,98,0,236,6,148,98,0,252,2,0,2,254
11/30/2022,BET,AK,AAL,WE,Federal Contract Tower,0,2,0,0,2,0,0,0,0,0,0,2,0,0,2,0,0,0,2
12/01/2022,BET,AK,AAL,WE,Federal Contract Tower,1,4,1,0,6,0,36,29,0,65,1,40,30,0,71,6,0,6,77
12/02/2022,BET,AK,AAL,WE,Federal Contract Tower,8,2,0,0,10,0,272,179,0,451,8,274,179,0,461,6,0,6,467
12/04/2022,BET,AK,AAL,WE,Federal Contract Tower,4,3,0,0,7,0,1,15,0,16,4,4,15,0,23,0,0,0,23
12/05/2022,BET,AK,AAL,WE,Federal Contract Tower,5,12,2,0,19,0,140,101,0,241,5,152,103,0,260,0,0,0,260
12/06/2022,BET,AK,AAL,WE,Federal Contract Tower,7,13,3,0,23,0,135,93,0,228,7,148,96,0,251,0,0,0,251
12/08/2022,BET,AK,AAL,WE,Federal Contract Tower,5,8,3,0,16,0,178,100,0,278,5,186,103,0,294,6,0,6,300
12/11/2022,BET,AK,AAL,WE,Federal Contract Tower,3,0,8,0,11,0,29,30,0,59,3,29,38,0,70,0,0,0,70
12/17/2022,BET,AK,AAL,WE,Federal Contract Tower,7,0,0,0,7,0,115,69,0,184,7,115,69,0,191,4,0,4,195
12/18/2022,BET,AK,AAL,WE,Federal Contract Tower,4,3,0,0,7,0,148,68,0,216,4,151,68,0,223,0,0,0,223
12/19/2022,BET,AK,AAL,WE,Federal Contract Tower,10,2,0,0,12,0,185,100,0,285,10,187,100,0,297,2,0,2,299
12/27/2022,BET,AK,AAL,WE,Federal Contract Tower,6,7,0,0,13,0,111,41,0,152,6,118,41,0,165,0,0,0,165
12/28/2022,BET,AK,AAL,WE,Federal Contract Tower,2,2,0,0,4,1,117,51,0,169,3,119,51,0,173,0,0,0,173
01/06/2023,BET,AK,AAL,WE,Federal Contract Tower,4,11,1,0,16,0,155,42,0,197,4,166,43,0,213,0,0,0,213
01/07/2023,BET,AK,AAL,WE,Federal Contract Tower,5,3,2,0,10,0,159,44,0,203,5,162,46,0,213,0,0,0,213
01/08/2023,BET,AK,AAL,WE,Federal Contract Tower,2,5,0,0,7,0,66,37,0,103,2,71,37,0,110,0,0,0,110
01/11/2023,BET,AK,AAL,WE,Federal Contract Tower,8,18,12,0,38,0,13,4,0,17,8,31,16,0,55,2,0,2,57
01/15/2023,BET,AK,AAL,WE,Federal Contract Tower,2,15,6,0,23,0,32,13,0,45,2,47,19,0,68,8,0,8,76
01/16/2023,BET,AK,AAL,WE,Federal Contract Tower,10,25,10,0,45,0,94,33,0,127,10,119,43,0,172,0,0,0,172
01/17/2023,BET,AK,AAL,WE,Federal Contract Tower,8,12,4,1,25,0,144,65,2,211,8,156,69,3,236,2,0,2,238
01/18/2023,BET,AK,AAL,WE,Federal Contract Tower,7,43,13,0,63,0,116,41,0,157,7,159,54,0,220,0,0,0,220
01/19/2023,BET,AK,AAL,WE,Federal Contract Tower,9,80,23,0,112,0,32,15,0,47,9,112,38,0,159,0,0,0,159
01/20/2023,BET,AK,AAL,WE,Federal Contract Tower,6,47,12,0,65,0,79,37,0,116,6,126,49,0,181,6,0,6,187
01/21/2023,BET,AK,AAL,WE,Federal Contract Tower,8,7,0,0,15,173,47,0,0,220,181,54,0,0,235,0,0,0,235
01/22/2023,BET,AK,AAL,WE,Federal Contract Tower,2,6,0,0,8,0,0,0,0,0,2,6,0,0,8,0,0,0,8
01/23/2023,BET,AK,AAL,WE,Federal Contract Tower,7,9,0,0,16,0,17,5,0,22,7,26,5,0,38,0,0,0,38
01/24/2023,BET,AK,AAL,WE,Federal Contract Tower,10,24,5,0,39,0,56,32,0,88,10,80,37,0,127,6,0,6,133
01/25/2023,BET,AK,AAL,WE,Federal Contract Tower,12,44,5,0,61,0,130,34,0,164,12,174,39,0,225,8,0,8,233
01/26/2023,BET,AK,AAL,WE,Federal Contract Tower,10,22,3,0,35,0,128,58,0,186,10,150,61,0,221,0,0,0,221
01/27/2023,BET,AK,AAL,WE,Federal Contract Tower,12,20,12,0,44,0,97,27,0,124,12,117,39,0,168,0,0,0,168
01/28/2023,BET,AK,AAL,WE,Federal Contract Tower,8,10,1,0,19,0,51,20,0,71,8,61,21,0,90,2,0,2,92
01/29/2023,BET,AK,AAL,WE,Federal Contract Tower,7,8,0,0,15,0,164,63,0,227,7,172,63,0,242,0,0,0,242
01/30/2023,BET,AK,AAL,WE,Federal Contract Tower,9,22,6,0,37,0,0,0,0,0,9,22,6,0,37,0,0,0,37
01/31/2023,BET,AK,AAL,WE,Federal Contract Tower,6,33,8,0,47,0,0,0,0,0,6,33,8,0,47,0,0,0,47
02/01/2023,BET,AK,AAL,WE,Federal Contract Tower,6,21,12,0,39,0,90,45,0,135,6,111,57,0,174,2,0,2,176
02/03/2023,BET,AK,AAL,WE,Federal Contract Tower,5,34,8,0,47,0,15,13,0,28,5,49,21,0,75,0,0,0,75
02/04/2023,BET,AK,AAL,WE,Federal Contract Tower,6,12,2,0,20,0,190,85,1,276,6,202,87,1,296,4,0,4,300
02/05/2023,BET,AK,AAL,WE,Federal Contract Tower,3,3,0,0,6,0,125,60,0,185,3,128,60,0,191,0,0,0,191
02/06/2023,BET,AK,AAL,WE,Federal Contract Tower,8,9,1,2,20,0,228,70,0,298,8,237,71,2,318,0,0,0,318
02/07/2023,BET,AK,AAL,WE,Federal Contract Tower,6,4,0,0,10,0,216,64,2,282,6,220,64,2,292,0,0,0,292
02/08/2023,BET,AK,AAL,WE,Federal Contract Tower,4,19,1,0,24,0,167,43,0,210,4,186,44,0,234,0,0,0,234
02/09/2023,BET,AK,AAL,WE,Federal Contract Tower,8,13,0,2,23,0,188,56,0,244,8,201,56,2,267,4,0,4,271
02/10/2023,BET,AK,AAL,WE,Federal Contract Tower,5,32,4,0,41,0,0,0,0,0,5,32,4,0,41,0,0,0,41
02/11/2023,BET,AK,AAL,WE,Federal Contract Tower,5,4,0,0,9,0,195,64,2,261,5,199,64,2,270,0,0,0,270
02/12/2023,BET,AK,AAL,WE,Federal Contract Tower,2,2,0,0,4,0,109,29,0,138,2,111,29,0,142,4,0,4,146
02/13/2023,BET,AK,AAL,WE,Federal Contract Tower,7,6,0,0,13,0,223,92,2,317,7,229,92,2,330,0,0,0,330
02/14/2023,BET,AK,AAL,WE,Federal Contract Tower,7,0,0,0,7,0,219,59,4,282,7,219,59,4,289,0,0,0,289
02/15/2023,BET,AK,AAL,WE,Federal Contract Tower,7,7,0,0,14,0,204,88,0,292,7,211,88,0,306,0,0,0,306
02/16/2023,BET,AK,AAL,WE,Federal Contract Tower,10,29,13,0,52,0,13,2,0,15,10,42,15,0,67,2,0,2,69
02/17/2023,BET,AK,AAL,WE,Federal Contract Tower,6,18,3,0,27,0,65,26,0,91,6,83,29,0,118,0,0,0,118
02/18/2023,BET,AK,AAL,WE,Federal Contract Tower,4,26,4,0,34,0,49,15,0,64,4,75,19,0,98,0,0,0,98
02/19/2023,BET,AK,AAL,WE,Federal Contract Tower,2,27,3,0,32,0,0,0,0,0,2,27,3,0,32,0,0,0,32
02/20/2023,BET,AK,AAL,WE,Federal Contract Tower,6,35,3,0,44,0,8,3,0,11,6,43,6,0,55,0,0,0,55
02/21/2023,BET,AK,AAL,WE,Federal Contract Tower,4,7,2,0,13,0,74,50,0,124,4,81,52,0,137,12,0,12,149
02/22/2023,BET,AK,AAL,WE,Federal Contract Tower,7,3,0,0,10,0,4,3,0,7,7,7,3,0,17,4,0,4,21
02/23/2023,BET,AK,AAL,WE,Federal Contract Tower,13,11,0,0,24,0,172,60,0,232,13,183,60,0,256,0,0,0,256
02/24/2023,BET,AK,AAL,WE,Federal Contract Tower,5,53,5,0,63,0,97,63,1,161,5,150,68,1,224,0,0,0,224
02/25/2023,BET,AK,AAL,WE,Federal Contract Tower,7,37,8,0,52,0,161,57,2,220,7,198,65,2,272,18,0,18,290
02/26/2023,BET,AK,AAL,WE,Federal Contract Tower,5,4,1,0,10,0,228,65,2,295,5,232,66,2,305,2,0,2,307
02/27/2023,BET,AK,AAL,WE,Federal Contract Tower,11,9,0,0,20,0,223,88,0,311,11,232,88,0,331,4,0,4,335
02/28/2023,BET,AK,AAL,WE,Federal Contract Tower,3,3,0,0,6,0,0,0,0,0,3,3,0,0,6,0,0,0,6
03/01/2023,BET,AK,AAL,WE,Federal Contract Tower,2,4,5,0,11,0,0,0,0,0,2,4,5,0,11,0,0,0,11
03/02/2023,BET,AK,AAL,WE,Federal Contract Tower,6,13,1,0,20,0,215,121,0,336,6,228,122,0,356,8,0,8,364
03/03/2023,BET,AK,AAL,WE,Federal Contract Tower,8,10,6,0,24,0,233,110,0,343,8,243,116,0,367,0,0,0,367
03/04/2023,BET,AK,AAL,WE,Federal Contract Tower,14,4,0,0,18,0,144,37,0,181,14,148,37,0,199,2,0,2,201
03/05/2023,BET,AK,AAL,WE,Federal Contract Tower,9,6,0,0,15,0,13,15,0,28,9,19,15,0,43,10,0,10,53
03/06/2023,BET,AK,AAL,WE,Federal Contract Tower,10,4,0,0,14,0,222,54,0,276,10,226,54,0,290,0,0,0,290
03/07/2023,BET,AK,AAL,WE,Federal Contract Tower,9,47,15,0,71,0,95,64,0,159,9,142,79,0,230,6,0,6,236
03/08/2023,BET,AK,AAL,WE,Federal Contract Tower,6,47,7,1,61,0,115,43,3,161,6,162,50,4,222,0,0,0,222
03/09/2023,BET,AK,AAL,WE,Federal Contract Tower,5,33,7,0,45,0,151,75,0,226,5,184,82,0,271,0,0,0,271
03/10/2023,BET,AK,AAL,WE,Federal Contract Tower,8,2,1,0,11,0,259,109,0,368,8,261,110,0,379,8,0,8,387
03/11/2023,BET,AK,AAL,WE,Federal Contract Tower,10,8,3,0,21,0,240,122,0,362,10,248,125,0,383,2,0,2,385
03/12/2023,BET,AK,AAL,WE,Federal Contract Tower,5,3,1,0,9,0,193,66,0,259,5,196,67,0,268,8,0,8,276
03/13/2023,BET,AK,AAL,WE,Federal Contract Tower,11,35,3,0,49,0,85,46,0,131,11,120,49,0,180,4,0,4,184
03/14/2023,BET,AK,AAL,WE,Federal Contract Tower,7,4,0,0,11,0,151,66,0,217,7,155,66,0,228,4,0,4,232
03/15/2023,BET,AK,AAL,WE,Federal Contract Tower,7,6,0,0,13,0,160,57,0,217,7,166,57,0,230,4,0,4,234
03/16/2023,BET,AK,AAL,WE,Federal Contract Tower,13,6,0,0,19,0,221,60,0,281,13,227,60,0,300,0,0,0,300
03/17/2023,BET,AK,AAL,WE,Federal Contract Tower,5,6,0,0,11,0,165,59,0,224,5,171,59,0,235,0,0,0,235
03/18/2023,BET,AK,AAL,WE,Federal Contract Tower,9,1,0,0,10,0,213,63,0,276,9,214,63,0,286,0,0,0,286
03/19/2023,BET,AK,AAL,WE,Federal Contract Tower,6,3,0,0,9,0,182,71,0,253,6,185,71,0,262,0,0,0,262
03/20/2023,BET,AK,AAL,WE,Federal Contract Tower,12,2,0,0,14,0,30,13,0,43,12,32,13,0,57,0,0,0,57
03/21/2023,BET,AK,AAL,WE,Federal Contract Tower,6,27,17,0,50,0,151,66,0,217,6,178,83,0,267,4,0,4,271
03/22/2023,BET,AK,AAL,WE,Federal Contract Tower,6,26,9,0,41,0,145,46,0,191,6,171,55,0,232,6,0,6,238
03/23/2023,BET,AK,AAL,WE,Federal Contract Tower,7,16,5,4,32,0,99,33,0,132,7,115,38,4,164,2,0,2,166
03/24/2023,BET,AK,AAL,WE,Federal Contract Tower,6,27,2,2,37,0,75,47,0,122,6,102,49,2,159,12,0,12,171
03/25/2023,BET,AK,AAL,WE,Federal Contract Tower,8,20,2,0,30,0,104,36,0,140,8,124,38,0,170,0,0,0,170
03/26/2023,BET,AK,AAL,WE,Federal Contract Tower,6,8,0,0,14,0,150,62,0,212,6,158,62,0,226,0,0,0,226
03/27/2023,BET,AK,AAL,WE,Federal Contract Tower,6,15,1,0,22,0,160,72,0,232,6,175,73,0,254,4,0,4,258
03/28/2023,BET,AK,AAL,WE,Federal Contract Tower,9,11,2,0,22,0,168,61,0,229,9,179,63,0,251,0,0,0,251
03/29/2023,BET,AK,AAL,WE,Federal Contract Tower,7,31,11,0,49,0,36,21,0,57,7,67,32,0,106,0,0,0,106
03/30/2023,BET,AK,AAL,WE,Federal Contract Tower,5,42,11,2,60,0,28,30,0,58,5,70,41,2,118,0,0,0,118
03/31/2023,BET,AK,AAL,WE,Federal Contract Tower,8,32,21,1,62,0,126,80,1,207,8,158,101,2,269,0,0,0,269
04/01/2023,BET,AK,AAL,WE,Federal Contract Tower,15,13,1,2,31,0,157,65,0,222,15,170,66,2,253,4,0,4,257
04/02/2023,BET,AK,AAL,WE,Federal Contract Tower,5,6,2,0,13,0,147,47,0,194,5,153,49,0,207,16,1,17,224
04/03/2023,BET,AK,AAL,WE,Federal Contract Tower,10,16,1,2,29,0,191,69,0,260,10,207,70,2,289,0,0,0,289
04/04/2023,BET,AK,AAL,WE,Federal Contract Tower,9,22,1,0,32,0,175,54,0,229,9,197,55,0,261,0,0,0,261
04/05/2023,BET,AK,AAL,WE,Federal Contract Tower,14,3,2,0,19,0,223,86,2,311,14,226,88,2,330,4,0,4,334
04/06/2023,BET,AK,AAL,WE,Federal Contract Tower,12,3,0,0,15,0,247,126,1,374,12,250,126,1,389,6,0,6,395
04/08/2023,BET,AK,AAL,WE,Federal Contract Tower,8,3,1,0,12,0,206,40,0,246,8,209,41,0,258,0,0,0,258
04/09/2023,BET,AK,AAL,WE,Federal Contract Tower,4,0,0,0,4,0,74,18,0,92,4,74,18,0,96,4,0,4,100
04/10/2023,BET,AK,AAL,WE,Federal Contract Tower,12,3,0,0,15,0,228,39,0,267,12,231,39,0,282,6,0,6,288
04/11/2023,BET,AK,AAL,WE,Federal Contract Tower,9,28,5,0,42,0,20,5,0,25,9,48,10,0,67,0,0,0,67
04/12/2023,BET,AK,AAL,WE,Federal Contract Tower,10,6,0,0,16,0,164,55,2,221,10,170,55,2,237,0,0,0,237
04/13/2023,BET,AK,AAL,WE,Federal Contract Tower,8,3,0,0,11,0,187,83,0,270,8,190,83,0,281,6,0,6,287
04/15/2023,BET,AK,AAL,WE,Federal Contract Tower,3,2,0,0,5,0,158,50,0,208,3,160,50,0,213,0,0,0,213
04/16/2023,BET,AK,AAL,WE,Federal Contract Tower,6,2,0,0,8,0,132,48,0,180,6,134,48,0,188,4,0,4,192
04/17/2023,BET,AK,AAL,WE,Federal Contract Tower,13,8,0,0,21,0,204,65,2,271,13,212,65,2,292,8,0,8,300
04/18/2023,BET,AK,AAL,WE,Federal Contract Tower,7,9,2,0,18,0,206,71,0,277,7,215,73,0,295,0,0,0,295
04/19/2023,BET,AK,AAL,WE,Federal Contract Tower,9,3,2,0,14,0,198,67,0,265,9,201,69,0,279,30,0,30,309
04/21/2023,BET,AK,AAL,WE,Federal Contract Tower,5,3,0,0,8,0,144,36,4,184,5,147,36,4,192,0,0,0,192
04/22/2023,BET,AK,AAL,WE,Federal Contract Tower,5,2,0,0,7,0,144,39,0,183,5,146,39,0,190,18,0,18,208
04/23/2023,BET,AK,AAL,WE,Federal Contract Tower,6,2,0,0,8,0,96,56,0,152,6,98,56,0,160,0,0,0,160
04/25/2023,BET,AK,AAL,WE,Federal Contract Tower,13,5,0,0,18,0,199,81,4,284,13,204,81,4,302,0,0,0,302
04/26/2023,BET,AK,AAL,WE,Federal Contract Tower,9,4,0,0,13,0,220,52,4,276,9,224,52,4,289,0,0,0,289
04/28/2023,BET,AK,AAL,WE,Federal Contract Tower,4,25,8,0,37,0,49,47,2,98,4,74,55,2,135,0,0,0,135
04/29/2023,BET,AK,AAL,WE,Federal Contract Tower,5,3,0,0,8,0,166,75,0,241,5,169,75,0,249,4,0,4,253
04/30/2023,BET,AK,AAL,WE,Federal Contract Tower,6,0,0,0,6,0,90,54,0,144,6,90,54,0,150,8,0,8,158
05/01/2023,BET,AK,AAL,WE,Federal Contract Tower,13,10,7,0,30,0,206,82,0,288,13,216,89,0,318,0,0,0,318
05/02/2023,BET,AK,AAL,WE,Federal Contract Tower,10,29,15,0,54,0,77,34,0,111,10,106,49,0,165,0,0,0,165
05/03/2023,BET,AK,AAL,WE,Federal Contract Tower,7,16,0,2,25,0,252,96,1,349,7,268,96,3,374,0,0,0,374
05/04/2023,BET,AK,AAL,WE,Federal Contract Tower,11,22,2,2,37,0,246,88,2,336,11,268,90,4,373,6,8,14,387
05/05/2023,BET,AK,AAL,WE,Federal Contract Tower,2,28,2,0,32,0,123,70,0,193,2,151,72,0,225,0,0,0,225
05/06/2023,BET,AK,AAL,WE,Federal Contract Tower,5,16,0,0,21,0,164,68,0,232,5,180,68,0,253,6,0,6,259
05/07/2023,BET,AK,AAL,WE,Federal Contract Tower,6,0,1,0,7,161,72,0,0,233,167,72,1,0,240,10,0,10,250
05/08/2023,BET,AK,AAL,WE,Federal Contract Tower,7,7,3,2,19,0,172,57,1,230,7,179,60,3,249,4,0,4,253
05/09/2023,BET,AK,AAL,WE,Federal Contract Tower,9,9,0,0,18,0,252,106,4,362,9,261,106,4,380,2,0,2,382
05/10/2023,BET,AK,AAL,WE,Federal Contract Tower,13,6,4,0,23,0,248,110,0,358,13,254,114,0,381,0,0,0,381
05/11/2023,BET,AK,AAL,WE,Federal Contract Tower,11,6,0,0,17,0,238,84,0,322,11,244,84,0,339,4,0,4,343
05/12/2023,BET,AK,AAL,WE,Federal Contract Tower,4,4,1,0,9,0,179,90,2,271,4,183,91,2,280,0,0,0,280
05/13/2023,BET,AK,AAL,WE,Federal Contract Tower,3,0,0,0,3,0,157,44,0,201,3,157,44,0,204,0,0,0,204
05/14/2023,BET,AK,AAL,WE,Federal Contract Tower,7,21,4,0,32,0,101,56,2,159,7,122,60,2,191,4,0,4,195
05/15/2023,BET,AK,AAL,WE,Federal Contract Tower,10,23,4,2,39,0,171,85,1,257,10,194,89,3,296,4,0,4,300
05/16/2023,BET,AK,AAL,WE,Federal Contract Tower,8,28,32,8,76,0,6,16,0,22,8,34,48,8,98,0,0,0,98
05/17/2023,BET,AK,AAL,WE,Federal Contract Tower,7,19,6,4,36,0,144,118,0,262,7,163,124,4,298,6,6,12,310
05/18/2023,BET,AK,AAL,WE,Federal Contract Tower,9,8,2,0,19,0,234,136,0,370,9,242,138,0,389,0,0,0,389
05/19/2023,BET,AK,AAL,WE,Federal Contract Tower,2,7,1,0,10,0,149,81,1,231,2,156,82,1,241,0,0,0,241
05/20/2023,BET,AK,AAL,WE,Federal Contract Tower,6,2,0,1,9,0,171,70,0,241,6,173,70,1,250,2,0,2,252
05/21/2023,BET,AK,AAL,WE,Federal Contract Tower,6,4,0,0,10,0,144,90,0,234,6,148,90,0,244,0,0,0,244
05/22/2023,BET,AK,AAL,WE,Federal Contract Tower,9,4,3,0,16,0,232,66,2,300,9,236,69,2,316,0,0,0,316
05/23/2023,BET,AK,AAL,WE,Federal Contract Tower,10,4,1,2,17,0,234,86,0,320,10,238,87,2,337,0,0,0,337
05/24/2023,BET,AK,AAL,WE,Federal Contract Tower,7,18,2,0,27,0,156,93,0,249,7,174,95,0,276,0,0,0,276
05/25/2023,BET,AK,AAL,WE,Federal Contract Tower,12,8,3,0,23,0,178,73,2,253,12,186,76,2,276,0,0,0,276
05/26/2023,BET,AK,AAL,WE,Federal Contract Tower,5,6,2,0,13,0,114,52,0,166,5,120,54,0,179,0,0,0,179
05/27/2023,BET,AK,AAL,WE,Federal Contract Tower,4,5,5,0,14,0,147,42,0,189,4,152,47,0,203,0,0,0,203
05/28/2023,BET,AK,AAL,WE,Federal Contract Tower,4,11,2,0,17,0,98,28,0,126,4,109,30,0,143,0,0,0,143
05/29/2023,BET,AK,AAL,WE,Federal Contract Tower,8,23,3,0,34,0,70,70,0,140,8,93,73,0,174,0,0,0,174
05/30/2023,BET,AK,AAL,WE,Federal Contract Tower,9,28,9,0,46,0,162,68,0,230,9,190,77,0,276,0,0,0,276
05/31/2023,BET,AK,AAL,WE,Federal Contract Tower,8,4,6,0,18,0,226,79,0,305,8,230,85,0,323,0,0,0,323
06/01/2023,BET,AK,AAL,WE,Federal Contract Tower,15,60,30,0,105,0,44,16,0,60,15,104,46,0,165,0,0,0,165
06/02/2023,BET,AK,AAL,WE,Federal Contract Tower,6,13,3,0,22,0,140,65,0,205,6,153,68,0,227,0,0,0,227
06/03/2023,BET,AK,AAL,WE,Federal Contract Tower,4,4,0,0,8,0,148,42,0,190,4,152,42,0,198,0,0,0,198
06/04/2023,BET,AK,AAL,WE,Federal Contract Tower,6,8,0,0,14,0,130,56,0,186,6,138,56,0,200,18,0,18,218
06/05/2023,BET,AK,AAL,WE,Federal Contract Tower,5,5,2,0,12,0,239,80,0,319,5,244,82,0,331,0,0,0,331
06/06/2023,BET,AK,AAL,WE,Federal Contract Tower,11,5,3,0,19,0,235,60,0,295,11,240,63,0,314,2,0,2,316
06/07/2023,BET,AK,AAL,WE,Federal Contract Tower,6,3,3,0,12,0,230,66,0,296,6,233,69,0,308,0,0,0,308
06/08/2023,BET,AK,AAL,WE,Federal Contract Tower,11,1,0,0,12,0,207,81,0,288,11,208,81,0,300,2,0,2,302
06/09/2023,BET,AK,AAL,WE,Federal Contract Tower,2,6,1,1,10,0,145,48,0,193,2,151,49,1,203,0,0,0,203
06/10/2023,BET,AK,AAL,WE,Federal Contract Tower,2,4,0,0,6,0,159,43,0,202,2,163,43,0,208,2,0,2,210
06/11/2023,BET,AK,AAL,WE,Federal Contract Tower,3,6,0,0,9,0,92,40,0,132,3,98,40,0,141,4,0,4,145
06/12/2023,BET,AK,AAL,WE,Federal Contract Tower,7,17,8,0,32,0,184,66,0,250,7,201,74,0,282,8,0,8,290
06/13/2023,BET,AK,AAL,WE,Federal Contract Tower,12,36,13,0,61,0,131,42,1,174,12,167,55,1,235,6,0,6,241
06/14/2023,BET,AK,AAL,WE,Federal Contract Tower,12,9,1,0,22,0,230,66,0,296,12,239,67,0,318,0,0,0,318
06/15/2023,BET,AK,AAL,WE,Federal Contract Tower,7,10,0,0,17,0,228,68,0,296,7,238,68,0,313,0,0,0,313
06/16/2023,BET,AK,AAL,WE,Federal Contract Tower,4,8,0,0,12,0,133,43,0,176,4,141,43,0,188,9,0,9,197
06/17/2023,BET,AK,AAL,WE,Federal Contract Tower,6,5,2,0,13,0,137,36,0,173,6,142,38,0,186,2,0,2,188
06/18/2023,BET,AK,AAL,WE,Federal Contract Tower,6,4,1,0,11,0,138,54,1,193,6,142,55,1,204,4,0,4,208
06/19/2023,BET,AK,AAL,WE,Federal Contract Tower,13,9,0,0,22,0,228,68,0,296,13,237,68,0,318,0,0,0,318
06/20/2023,BET,AK,AAL,WE,Federal Contract Tower,8,32,12,0,52,0,130,54,0,184,8,162,66,0,236,2,0,2,238
06/21/2023,BET,AK,AAL,WE,Federal Contract Tower,10,5,1,0,16,0,246,66,4,316,10,251,67,4,332,2,0,2,334
06/22/2023,BET,AK,AAL,WE,Federal Contract Tower,8,25,14,0,47,0,165,62,0,227,8,190,76,0,274,0,0,0,274
06/23/2023,BET,AK,AAL,WE,Federal Contract Tower,7,9,1,0,17,0,147,48,0,195,7,156,49,0,212,0,0,0,212
06/24/2023,BET,AK,AAL,WE,Federal Contract Tower,6,28,10,0,44,0,105,31,0,136,6,133,41,0,180,2,0,2,182
06/25/2023,BET,AK,AAL,WE,Federal Contract Tower,6,6,1,0,13,0,91,55,0,146,6,97,56,0,159,0,0,0,159
06/26/2023,BET,AK,AAL,WE,Federal Contract Tower,16,6,1,0,23,0,204,71,5,280,16,210,72,5,303,0,0,0,303
06/27/2023,BET,AK,AAL,WE,Federal Contract Tower,12,9,2,0,23,0,227,62,3,292,12,236,64,3,315,6,0,6,321
06/28/2023,BET,AK,AAL,WE,Federal Contract Tower,12,9,1,0,22,0,236,54,2,292,12,245,55,2,314,10,0,10,324
06/29/2023,BET,AK,AAL,WE,Federal Contract Tower,12,9,1,0,22,0,257,60,0,317,12,266,61,0,339,0,0,0,339
06/30/2023,BET,AK,AAL,WE,Federal Contract Tower,4,4,0,0,8,0,175,59,0,234,4,179,59,0,242,0,0,0,242
07/01/2023,BET,AK,AAL,WE,Federal Contract Tower,4,2,0,0,6,0,159,47,0,206,4,161,47,0,212,0,0,0,212
07/02/2023,BET,AK,AAL,WE,Federal Contract Tower,6,10,0,0,16,0,112,39,2,153,6,122,39,2,169,0,0,0,169
07/03/2023,BET,AK,AAL,WE,Federal Contract Tower,16,9,1,0,26,0,208,57,4,269,16,217,58,4,295,0,0,0,295
07/04/2023,BET,AK,AAL,WE,Federal Contract Tower,6,2,1,0,9,0,5,32,2,39,6,7,33,2,48,0,0,0,48
07/05/2023,BET,AK,AAL,WE,Federal Contract Tower,8,6,1,0,15,0,194,41,0,235,8,200,42,0,250,6,0,6,256
07/07/2023,BET,AK,AAL,WE,Federal Contract Tower,4,5,5,0,14,0,163,39,0,202,4,168,44,0,216,2,0,2,218
07/08/2023,BET,AK,AAL,WE,Federal Contract Tower,4,16,2,0,22,0,80,20,0,100,4,96,22,0,122,2,0,2,124
07/09/2023,BET,AK,AAL,WE,Federal Contract Tower,6,8,2,0,16,0,130,30,0,160,6,138,32,0,176,4,0,4,180
07/10/2023,BET,AK,AAL,WE,Federal Contract Tower,12,43,16,0,71,0,165,66,0,231,12,208,82,0,302,0,0,0,302
07/11/2023,BET,AK,AAL,WE,Federal Contract Tower,15,7,2,0,24,0,198,90,0,288,15,205,92,0,312,0,0,0,312
07/12/2023,BET,AK,AAL,WE,Federal Contract Tower,12,31,7,1,51,0,158,52,1,211,12,189,59,2,262,0,0,0,262
07/13/2023,BET,AK,AAL,WE,Federal Contract Tower,9,102,39,0,150,0,9,5,0,14,9,111,44,0,164,0,0,0,164
07/14/2023,BET,AK,AAL,WE,Federal Contract Tower,5,32,5,0,42,0,97,40,0,137,5,129,45,0,179,0,0,0,179
07/15/2023,BET,AK,AAL,WE,Federal Contract Tower,3,42,7,0,52,0,32,12,0,44,3,74,19,0,96,0,0,0,96
07/16/2023,BET,AK,AAL,WE,Federal Contract Tower,6,9,6,0,21,0,136,25,2,163,6,145,31,2,184,0,0,0,184
07/17/2023,BET,AK,AAL,WE,Federal Contract Tower,12,8,2,0,22,0,226,60,1,287,12,234,62,1,309,14,0,14,323
07/18/2023,BET,AK,AAL,WE,Federal Contract Tower,14,26,14,1,55,0,183,52,2,237,14,209,66,3,292,0,0,0,292
07/19/2023,BET,AK,AAL,WE,Federal Contract Tower,9,30,19,2,60,0,118,46,0,164,9,148,65,2,224,2,0,2,226
07/20/2023,BET,AK,AAL,WE,Federal Contract Tower,11,39,20,0,70,0,1,4,0,5,11,40,24,0,75,0,0,0,75
07/21/2023,BET,AK,AAL,WE,Federal Contract Tower,2,32,5,0,39,0,63,22,0,85,2,95,27,0,124,0,0,0,124
07/22/2023,BET,AK,AAL,WE,Federal Contract Tower,4,3,1,0,8,0,182,47,0,229,4,185,48,0,237,0,0,0,237
07/23/2023,BET,AK,AAL,WE,Federal Contract Tower,4,16,2,0,22,0,152,70,0,222,4,168,72,0,244,0,0,0,244
07/24/2023,BET,AK,AAL,WE,Federal Contract Tower,11,11,4,0,26,1,225,70,0,296,12,236,74,0,322,2,0,2,324
07/25/2023,BET,AK,AAL,WE,Federal Contract Tower,13,19,4,0,36,0,162,58,0,220,13,181,62,0,256,0,0,0,256
07/26/2023,BET,AK,AAL,WE,Federal Contract Tower,10,24,0,0,34,0,182,58,0,240,10,206,58,0,274,2,0,2,276
07/27/2023,BET,AK,AAL,WE,Federal Contract Tower,14,51,11,0,76,0,104,62,0,166,14,155,73,0,242,4,0,4,246
07/28/2023,BET,AK,AAL,WE,Federal Contract Tower,4,45,28,0,77,0,10,5,0,15,4,55,33,0,92,0,0,0,92
07/29/2023,BET,AK,AAL,WE,Federal Contract Tower,5,23,6,0,34,0,171,41,0,212,5,194,47,0,246,0,0,0,246
07/30/2023,BET,AK,AAL,WE,Federal Contract Tower,6,3,1,0,10,0,140,54,0,194,6,143,55,0,204,8,0,8,212
07/31/2023,BET,AK,AAL,WE,Federal Contract Tower,11,5,1,0,17,1,236,74,0,311,12,241,75,0,328,0,0,0,328
08/01/2023,BET,AK,AAL,WE,Federal Contract Tower,12,11,2,0,25,0,242,84,0,326,12,253,86,0,351,12,0,12,363
08/03/2023,BET,AK,AAL,WE,Federal Contract Tower,14,12,2,0,28,0,232,70,0,302,14,244,72,0,330,0,0,0,330
08/04/2023,BET,AK,AAL,WE,Federal Contract Tower,7,3,0,0,10,0,165,31,0,196,7,168,31,0,206,0,0,0,206
08/05/2023,BET,AK,AAL,WE,Federal Contract Tower,2,5,1,0,8,0,42,14,0,56,2,47,15,0,64,0,0,0,64
08/06/2023,BET,AK,AAL,WE,Federal Contract Tower,10,11,0,0,21,0,142,71,2,215,10,153,71,2,236,0,0,0,236
08/07/2023,BET,AK,AAL,WE,Federal Contract Tower,12,27,9,3,51,0,208,51,4,263,12,235,60,7,314,0,2,2,316
08/08/2023,BET,AK,AAL,WE,Federal Contract Tower,14,32,5,0,51,0,202,61,0,263,14,234,66,0,314,0,0,0,314
08/09/2023,BET,AK,AAL,WE,Federal Contract Tower,6,21,5,0,32,0,205,60,4,269,6,226,65,4,301,0,0,0,301
08/10/2023,BET,AK,AAL,WE,Federal Contract Tower,14,14,1,0,29,0,212,59,6,277,14,226,60,6,306,0,0,0,306
08/11/2023,BET,AK,AAL,WE,Federal Contract Tower,6,5,0,0,11,0,144,38,3,185,6,149,38,3,196,0,0,0,196
08/12/2023,BET,AK,AAL,WE,Federal Contract Tower,6,5,0,0,11,0,178,46,4,228,6,183,46,4,239,2,0,2,241
08/13/2023,BET,AK,AAL,WE,Federal Contract Tower,7,49,18,0,74,0,55,32,2,89,7,104,50,2,163,0,8,8,171
08/14/2023,BET,AK,AAL,WE,Federal Contract Tower,12,20,2,0,34,0,241,63,4,308,12,261,65,4,342,12,0,12,354
08/15/2023,BET,AK,AAL,WE,Federal Contract Tower,12,6,1,0,19,0,206,70,8,284,12,212,71,8,303,6,0,6,309
08/16/2023,BET,AK,AAL,WE,Federal Contract Tower,10,15,1,2,28,0,195,62,4,261,10,210,63,6,289,7,0,7,296
08/17/2023,BET,AK,AAL,WE,Federal Contract Tower,13,42,11,0,66,0,144,50,0,194,13,186,61,0,260,8,0,8,268
08/18/2023,BET,AK,AAL,WE,Federal Contract Tower,5,18,0,0,23,0,126,34,0,160,5,144,34,0,183,4,0,4,187
08/19/2023,BET,AK,AAL,WE,Federal Contract Tower,6,9,0,0,15,0,133,36,2,171,6,142,36,2,186,0,0,0,186
08/20/2023,BET,AK,AAL,WE,Federal Contract Tower,4,60,18,0,82,0,28,10,2,40,4,88,28,2,122,0,0,0,122
08/21/2023,BET,AK,AAL,WE,Federal Contract Tower,12,14,1,2,29,0,226,68,0,294,12,240,69,2,323,0,0,0,323
08/22/2023,BET,AK,AAL,WE,Federal Contract Tower,12,35,5,0,52,0,242,45,3,290,12,277,50,3,342,0,0,0,342
08/23/2023,BET,AK,AAL,WE,Federal Contract Tower,10,17,1,0,28,0,259,70,2,331,10,276,71,2,359,8,2,10,369
08/24/2023,BET,AK,AAL,WE,Federal Contract Tower,14,34,4,0,52,0,190,86,7,283,14,224,90,7,335,0,0,0,335
08/25/2023,BET,AK,AAL,WE,Federal Contract Tower,4,46,8,0,58,0,11,21,0,32,4,57,29,0,90,0,0,0,90
08/26/2023,BET,AK,AAL,WE,Federal Contract Tower,3,47,12,0,62,0,0,0,0,0,3,47,12,0,62,0,0,0,62
08/27/2023,BET,AK,AAL,WE,Federal Contract Tower,8,5,2,0,15,0,210,70,2,282,8,215,72,2,297,9,0,9,306
08/28/2023,BET,AK,AAL,WE,Federal Contract Tower,14,6,3,0,23,0,262,61,2,325,14,268,64,2,348,6,2,8,356
08/29/2023,BET,AK,AAL,WE,Federal Contract Tower,10,25,4,0,39,0,252,48,1,301,10,277,52,1,340,0,1,1,341
08/30/2023,BET,AK,AAL,WE,Federal Contract Tower,14,13,4,2,33,0,208,74,0,282,14,221,78,2,315,0,0,0,315
08/31/2023,BET,AK,AAL,WE,Federal Contract Tower,12,13,2,0,27,0,217,58,1,276,12,230,60,1,303,0,0,0,303
