01/01/2000,BFI,WA,ANM,WE,Towers with Display (VFR),3,16,24,0,43,0,22,65,0,87,3,38,89,0,130,18,0,18,148
01/02/2000,BFI,WA,ANM,WE,Towers with Display (VFR),2,29,42,0,73,0,25,242,5,272,2,54,284,5,345,218,0,218,563
01/03/2000,BFI,WA,ANM,WE,Towers with Display (VFR),12,48,67,0,127,0,27,136,0,163,12,75,203,0,290,142,0,142,432
01/04/2000,BFI,WA,ANM,WE,Towers with Display (VFR),29,51,72,0,152,2,86,286,1,375,31,137,358,1,527,288,0,288,815
01/05/2000,BFI,WA,ANM,WE,Towers with Display (VFR),39,71,99,0,209,9,68,374,2,453,48,139,473,2,662,326,0,326,988
01/06/2000,BFI,WA,ANM,WE,Towers with Display (VFR),44,78,109,0,231,4,60,223,2,289,48,138,332,2,520,238,0,238,758
01/07/2000,BFI,WA,ANM,WE,Towers with Display (VFR),46,83,116,0,245,2,26,322,5,355,48,109,438,5,600,386,0,386,986
01/08/2000,BFI,WA,ANM,WE,Towers with Display (VFR),19,37,53,1,110,0,52,197,7,256,19,89,250,8,366,294,0,294,660
01/09/2000,BFI,WA,ANM,WE,Towers with Display (VFR),14,26,38,1,79,0,7,77,1,85,14,33,115,2,164,34,0,34,198
01/10/2000,BFI,WA,ANM,WE,Towers with Display (VFR),23,66,92,1,182,0,57,99,1,157,23,123,191,2,339,146,0,146,485
01/11/2000,BFI,WA,ANM,WE,Towers with Display (VFR),45,82,112,1,240,1,32,278,1,312,46,114,390,2,552,310,0,310,862
01/12/2000,BFI,WA,ANM,WE,Towers with Display (VFR),36,71,97,1,205,0,63,387,1,451,36,134,484,2,656,361,4,365,1021
01/13/2000,BFI,WA,ANM,WE,Towers with Display (VFR),33,72,99,1,205,0,90,259,6,355,33,162,358,7,560,302,4,306,866
01/14/2000,BFI,WA,ANM,WE,Towers with Display (VFR),40,74,102,1,217,9,94,297,5,405,49,168,399,6,622,236,2,238,860
01/15/2000,BFI,WA,ANM,WE,Towers with Display (VFR),16,29,39,1,85,0,100,552,4,656,16,129,591,5,741,349,1,350,1091
01/16/2000,BFI,WA,ANM,WE,Towers with Display (VFR),7,19,26,1,53,0,32,35,1,68,7,51,61,2,121,90,0,90,211
01/17/2000,BFI,WA,ANM,WE,Towers with Display (VFR),21,44,66,1,132,0,0,718,1,719,21,44,784,2,851,506,0,506,1357
01/18/2000,BFI,WA,ANM,WE,Towers with Display (VFR),46,84,115,1,246,6,20,510,3,539,52,104,625,4,785,456,0,456,1241
01/19/2000,BFI,WA,ANM,WE,Towers with Display (VFR),35,66,90,1,192,7,55,565,1,628,42,121,655,2,820,520,2,522,1342
01/20/2000,BFI,WA,ANM,WE,Towers with Display (VFR),43,78,107,1,229,5,37,327,1,370,48,115,434,2,599,442,0,442,1041
01/21/2000,BFI,WA,ANM,WE,Towers with Display (VFR),43,81,110,1,235,4,74,400,5,483,47,155,510,6,718,350,0,350,1068
01/22/2000,BFI,WA,ANM,WE,Towers with Display (VFR),19,37,50,1,107,2,65,237,4,308,21,102,287,5,415,318,0,318,733
01/23/2000,BFI,WA,ANM,WE,Towers with Display (VFR),16,33,47,0,96,0,0,429,0,429,16,33,476,0,525,374,0,374,899
01/24/2000,BFI,WA,ANM,WE,Towers with Display (VFR),32,59,80,1,172,7,29,336,1,373,39,88,416,2,545,262,0,262,807
01/25/2000,BFI,WA,ANM,WE,Towers with Display (VFR),40,74,102,1,217,8,63,312,1,384,48,137,414,2,601,366,0,366,967
01/26/2000,BFI,WA,ANM,WE,Towers with Display (VFR),42,78,107,1,228,0,77,322,0,399,42,155,429,1,627,350,0,350,977
01/27/2000,BFI,WA,ANM,WE,Towers with Display (VFR),44,81,111,1,237,6,112,437,6,561,50,193,548,7,798,401,6,407,1205
01/28/2000,BFI,WA,ANM,WE,Towers with Display (VFR),47,87,120,0,254,3,89,383,5,480,50,176,503,5,734,366,0,366,1100
01/29/2000,BFI,WA,ANM,WE,Towers with Display (VFR),22,40,57,0,119,5,0,504,3,512,27,40,561,3,631,326,2,328,959
01/30/2000,BFI,WA,ANM,WE,Towers with Display (VFR),12,24,34,0,70,0,5,253,0,258,12,29,287,0,328,324,0,324,652
01/31/2000,BFI,WA,ANM,WE,Towers with Display (VFR),26,59,81,0,166,0,77,477,0,554,26,136,558,0,720,364,0,364,1084
02/01/2000,BFI,WA,ANM,WE,Towers with Display (VFR),36,75,112,1,224,16,59,35,0,110,52,134,147,1,334,26,0,26,360
02/02/2000,BFI,WA,ANM,WE,Towers with Display (VFR),35,74,110,1,220,0,127,418,3,548,35,201,528,4,768,365,0,365,1133
02/03/2000,BFI,WA,ANM,WE,Towers with Display (VFR),38,83,124,1,246,0,40,270,3,313,38,123,394,4,559,262,4,266,825
02/04/2000,BFI,WA,ANM,WE,Towers with Display (VFR),34,70,105,0,209,9,62,514,1,586,43,132,619,1,795,480,1,481,1276
02/05/2000,BFI,WA,ANM,WE,Towers with Display (VFR),16,38,57,0,111,0,27,477,1,505,16,65,534,1,616,269,0,269,885
02/06/2000,BFI,WA,ANM,WE,Towers with Display (VFR),8,25,46,0,79,0,0,336,0,336,8,25,382,0,415,220,0,220,635
02/07/2000,BFI,WA,ANM,WE,Towers with Display (VFR),15,58,87,1,161,0,45,252,9,306,15,103,339,10,467,84,2,86,553
02/08/2000,BFI,WA,ANM,WE,Towers with Display (VFR),33,71,106,1,211,6,55,151,2,214,39,126,257,3,425,144,0,144,569
02/09/2000,BFI,WA,ANM,WE,Towers with Display (VFR),31,66,99,1,197,2,61,394,0,457,33,127,493,1,654,340,0,340,994
02/10/2000,BFI,WA,ANM,WE,Towers with Display (VFR),31,69,100,1,201,4,79,436,5,524,35,148,536,6,725,386,0,386,1111
02/11/2000,BFI,WA,ANM,WE,Towers with Display (VFR),37,81,118,2,238,2,80,361,6,449,39,161,479,8,687,360,0,360,1047
02/12/2000,BFI,WA,ANM,WE,Towers with Display (VFR),16,36,51,1,104,0,46,273,5,324,16,82,324,6,428,411,1,412,840
02/13/2000,BFI,WA,ANM,WE,Towers with Display (VFR),11,35,51,0,97,0,24,421,0,445,11,59,472,0,542,266,0,266,808
02/14/2000,BFI,WA,ANM,WE,Towers with Display (VFR),19,60,88,1,168,0,38,106,1,145,19,98,194,2,313,180,0,180,493
02/15/2000,BFI,WA,ANM,WE,Towers with Display (VFR),30,80,117,2,229,0,27,425,1,453,30,107,542,3,682,334,0,334,1016
02/16/2000,BFI,WA,ANM,WE,Towers with Display (VFR),36,80,117,2,235,0,93,606,6,705,36,173,723,8,940,412,3,415,1355
02/17/2000,BFI,WA,ANM,WE,Towers with Display (VFR),33,81,118,2,234,0,90,457,2,549,33,171,575,4,783,411,0,411,1194
02/18/2000,BFI,WA,ANM,WE,Towers with Display (VFR),41,96,141,1,279,0,133,495,0,628,41,229,636,1,907,368,0,368,1275
02/19/2000,BFI,WA,ANM,WE,Towers with Display (VFR),17,45,66,0,128,0,77,459,5,541,17,122,525,5,669,308,0,308,977
02/20/2000,BFI,WA,ANM,WE,Towers with Display (VFR),15,34,50,0,99,1,30,440,5,476,16,64,490,5,575,256,0,256,831
02/21/2000,BFI,WA,ANM,WE,Towers with Display (VFR),21,55,80,0,156,0,23,174,3,200,21,78,254,3,356,230,0,230,586
02/22/2000,BFI,WA,ANM,WE,Towers with Display (VFR),35,77,114,1,227,7,90,154,0,251,42,167,268,1,478,158,0,158,636
02/23/2000,BFI,WA,ANM,WE,Towers with Display (VFR),35,77,114,1,227,17,61,320,1,399,52,138,434,2,626,312,0,312,938
02/24/2000,BFI,WA,ANM,WE,Towers with Display (VFR),32,69,101,0,202,14,85,318,5,422,46,154,419,5,624,278,0,278,902
02/25/2000,BFI,WA,ANM,WE,Towers with Display (VFR),37,80,119,1,237,1,105,342,1,449,38,185,461,2,686,220,0,220,906
02/26/2000,BFI,WA,ANM,WE,Towers with Display (VFR),19,41,61,0,121,6,2,296,0,304,25,43,357,0,425,137,0,137,562
02/27/2000,BFI,WA,ANM,WE,Towers with Display (VFR),14,36,59,0,109,0,0,317,2,319,14,36,376,2,428,256,0,256,684
02/28/2000,BFI,WA,ANM,WE,Towers with Display (VFR),13,60,88,0,161,0,22,307,0,329,13,82,395,0,490,310,0,310,800
02/29/2000,BFI,WA,ANM,WE,Towers with Display (VFR),38,85,124,0,247,0,50,373,0,423,38,135,497,0,670,300,0,300,970
03/01/2000,BFI,WA,ANM,WE,Towers with Display (VFR),35,80,130,0,245,2,46,412,4,464,37,126,542,4,709,344,0,344,1053
03/02/2000,BFI,WA,ANM,WE,Towers with Display (VFR),26,74,121,0,221,0,54,327,6,387,26,128,448,6,608,338,2,340,948
03/03/2000,BFI,WA,ANM,WE,Towers with Display (VFR),32,72,117,0,221,0,67,285,4,356,32,139,402,4,577,414,0,414,991
03/04/2000,BFI,WA,ANM,WE,Towers with Display (VFR),17,39,64,0,120,8,28,189,3,228,25,67,253,3,348,228,1,229,577
03/05/2000,BFI,WA,ANM,WE,Towers with Display (VFR),3,30,49,0,82,0,1,340,4,345,3,31,389,4,427,196,0,196,623
03/06/2000,BFI,WA,ANM,WE,Towers with Display (VFR),18,59,96,0,173,0,42,253,0,295,18,101,349,0,468,264,0,264,732
03/07/2000,BFI,WA,ANM,WE,Towers with Display (VFR),34,78,127,0,239,12,31,537,5,585,46,109,664,5,824,350,0,350,1174
03/08/2000,BFI,WA,ANM,WE,Towers with Display (VFR),33,76,124,0,233,0,51,341,9,401,33,127,465,9,634,352,0,352,986
03/09/2000,BFI,WA,ANM,WE,Towers with Display (VFR),30,78,126,0,234,0,11,320,4,335,30,89,446,4,569,240,0,240,809
03/10/2000,BFI,WA,ANM,WE,Towers with Display (VFR),37,85,137,0,259,2,72,373,0,447,39,157,510,0,706,304,0,304,1010
03/11/2000,BFI,WA,ANM,WE,Towers with Display (VFR),16,40,65,0,121,0,20,335,3,358,16,60,400,3,479,238,0,238,717
03/12/2000,BFI,WA,ANM,WE,Towers with Display (VFR),3,33,54,0,90,0,44,308,0,352,3,77,362,0,442,226,0,226,668
03/13/2000,BFI,WA,ANM,WE,Towers with Display (VFR),18,62,102,0,182,0,31,347,2,380,18,93,449,2,562,294,0,294,856
03/14/2000,BFI,WA,ANM,WE,Towers with Display (VFR),30,69,112,1,212,12,25,355,1,393,42,94,467,2,605,226,0,226,831
03/15/2000,BFI,WA,ANM,WE,Towers with Display (VFR),28,83,134,1,246,0,59,447,6,512,28,142,581,7,758,492,0,492,1250
03/16/2000,BFI,WA,ANM,WE,Towers with Display (VFR),35,83,133,1,252,11,63,151,5,230,46,146,284,6,482,116,0,116,598
03/17/2000,BFI,WA,ANM,WE,Towers with Display (VFR),32,75,119,1,227,3,105,155,1,264,35,180,274,2,491,250,0,250,741
03/18/2000,BFI,WA,ANM,WE,Towers with Display (VFR),11,40,62,1,114,0,41,75,1,117,11,81,137,2,231,100,0,100,331
03/19/2000,BFI,WA,ANM,WE,Towers with Display (VFR),2,35,54,1,92,0,39,199,5,243,2,74,253,6,335,242,0,242,577
03/20/2000,BFI,WA,ANM,WE,Towers with Display (VFR),24,64,101,0,189,0,3,322,0,325,24,67,423,0,514,242,0,242,756
03/21/2000,BFI,WA,ANM,WE,Towers with Display (VFR),28,66,105,1,200,12,50,519,0,581,40,116,624,1,781,380,0,380,1161
03/22/2000,BFI,WA,ANM,WE,Towers with Display (VFR),29,72,116,0,217,0,73,285,0,358,29,145,401,0,575,318,0,318,893
03/23/2000,BFI,WA,ANM,WE,Towers with Display (VFR),31,73,116,1,221,6,54,381,6,447,37,127,497,7,668,417,1,418,1086
03/24/2000,BFI,WA,ANM,WE,Towers with Display (VFR),26,63,99,1,189,13,118,586,5,722,39,181,685,6,911,374,4,378,1289
03/25/2000,BFI,WA,ANM,WE,Towers with Display (VFR),16,44,71,1,132,0,68,384,7,459,16,112,455,8,591,426,0,426,1017
03/26/2000,BFI,WA,ANM,WE,Towers with Display (VFR),8,40,63,1,112,0,12,737,3,752,8,52,800,4,864,364,0,364,1228
03/27/2000,BFI,WA,ANM,WE,Towers with Display (VFR),15,56,89,1,161,0,58,282,2,342,15,114,371,3,503,214,0,214,717
03/28/2000,BFI,WA,ANM,WE,Towers with Display (VFR),31,75,119,1,226,6,39,395,1,441,37,114,514,2,667,260,0,260,927
03/29/2000,BFI,WA,ANM,WE,Towers with Display (VFR),29,74,119,0,222,0,129,586,10,725,29,203,705,10,947,544,0,544,1491
03/30/2000,BFI,WA,ANM,WE,Towers with Display (VFR),33,78,126,0,237,13,85,703,7,808,46,163,829,7,1045,477,2,479,1524
03/31/2000,BFI,WA,ANM,WE,Towers with Display (VFR),32,74,119,0,225,7,68,636,5,716,39,142,755,5,941,426,0,426,1367
04/01/2000,BFI,WA,ANM,WE,Towers with Display (VFR),21,31,58,1,111,1,93,493,3,590,22,124,551,4,701,247,0,247,948
04/02/2000,BFI,WA,ANM,WE,Towers with Display (VFR),10,27,49,0,86,0,24,350,7,381,10,51,399,7,467,292,0,292,759
04/03/2000,BFI,WA,ANM,WE,Towers with Display (VFR),33,53,94,1,181,0,93,423,1,517,33,146,517,2,698,370,0,370,1068
04/04/2000,BFI,WA,ANM,WE,Towers with Display (VFR),42,75,133,2,252,0,55,323,1,379,42,130,456,3,631,246,0,246,877
04/05/2000,BFI,WA,ANM,WE,Towers with Display (VFR),46,73,130,1,250,2,56,336,0,394,48,129,466,1,644,326,0,326,970
04/06/2000,BFI,WA,ANM,WE,Towers with Display (VFR),41,65,116,2,224,4,64,322,10,400,45,129,438,12,624,306,6,312,936
04/07/2000,BFI,WA,ANM,WE,Towers with Display (VFR),42,69,123,2,236,0,58,721,10,789,42,127,844,12,1025,500,8,508,1533
04/08/2000,BFI,WA,ANM,WE,Towers with Display (VFR),18,33,59,1,111,0,54,575,1,630,18,87,634,2,741,316,0,316,1057
04/09/2000,BFI,WA,ANM,WE,Towers with Display (VFR),12,34,59,0,105,0,16,314,0,330,12,50,373,0,435,296,0,296,731
04/10/2000,BFI,WA,ANM,WE,Towers with Display (VFR),20,50,85,1,156,0,38,473,3,514,20,88,558,4,670,352,0,352,1022
04/11/2000,BFI,WA,ANM,WE,Towers with Display (VFR),40,64,111,0,215,1,80,548,0,629,41,144,659,0,844,334,0,334,1178
04/12/2000,BFI,WA,ANM,WE,Towers with Display (VFR),43,69,120,2,234,11,71,529,0,611,54,140,649,2,845,330,0,330,1175
04/13/2000,BFI,WA,ANM,WE,Towers with Display (VFR),44,80,139,3,266,0,60,283,0,343,44,140,422,3,609,282,2,284,893
04/14/2000,BFI,WA,ANM,WE,Towers with Display (VFR),38,72,124,3,237,0,79,147,1,227,38,151,271,4,464,246,0,246,710
04/15/2000,BFI,WA,ANM,WE,Towers with Display (VFR),14,31,53,2,100,0,58,278,2,338,14,89,331,4,438,401,0,401,839
04/16/2000,BFI,WA,ANM,WE,Towers with Display (VFR),17,12,58,2,89,0,0,342,2,344,17,12,400,4,433,378,0,378,811
04/17/2000,BFI,WA,ANM,WE,Towers with Display (VFR),31,52,90,2,175,9,52,490,1,552,40,104,580,3,727,420,0,420,1147
04/18/2000,BFI,WA,ANM,WE,Towers with Display (VFR),39,64,112,3,218,10,68,693,3,774,49,132,805,6,992,424,0,424,1416
04/19/2000,BFI,WA,ANM,WE,Towers with Display (VFR),49,79,137,3,268,11,21,577,0,609,60,100,714,3,877,418,2,420,1297
04/20/2000,BFI,WA,ANM,WE,Towers with Display (VFR),44,71,123,3,241,7,67,548,3,625,51,138,671,6,866,398,0,398,1264
04/21/2000,BFI,WA,ANM,WE,Towers with Display (VFR),42,68,119,3,232,3,108,455,3,569,45,176,574,6,801,288,0,288,1089
04/22/2000,BFI,WA,ANM,WE,Towers with Display (VFR),15,33,58,2,108,0,77,261,6,344,15,110,319,8,452,309,3,312,764
04/23/2000,BFI,WA,ANM,WE,Towers with Display (VFR),13,22,37,1,73,1,35,126,3,165,14,57,163,4,238,212,0,212,450
04/24/2000,BFI,WA,ANM,WE,Towers with Display (VFR),24,57,98,2,181,0,14,486,1,501,24,71,584,3,682,354,2,356,1038
04/25/2000,BFI,WA,ANM,WE,Towers with Display (VFR),40,67,115,3,225,13,69,269,6,357,53,136,384,9,582,204,0,204,786
04/26/2000,BFI,WA,ANM,WE,Towers with Display (VFR),48,80,139,2,269,0,45,557,7,609,48,125,696,9,878,318,24,342,1220
04/27/2000,BFI,WA,ANM,WE,Towers with Display (VFR),42,69,120,2,233,2,71,234,6,313,44,140,354,8,546,192,2,194,740
04/28/2000,BFI,WA,ANM,WE,Towers with Display (VFR),46,75,132,2,255,6,48,244,2,300,52,123,376,4,555,174,2,176,731
04/29/2000,BFI,WA,ANM,WE,Towers with Display (VFR),20,33,59,1,113,5,33,531,0,569,25,66,590,1,682,412,2,414,1096
04/30/2000,BFI,WA,ANM,WE,Towers with Display (VFR),18,31,54,0,103,0,20,449,0,469,18,51,503,0,572,300,0,300,872
05/01/2000,BFI,WA,ANM,WE,Towers with Display (VFR),31,51,99,0,181,0,56,396,1,453,31,107,495,1,634,320,0,320,954
05/02/2000,BFI,WA,ANM,WE,Towers with Display (VFR),44,70,133,1,248,2,57,469,2,530,46,127,602,3,778,260,0,260,1038
05/03/2000,BFI,WA,ANM,WE,Towers with Display (VFR),45,70,135,1,251,9,115,345,1,470,54,185,480,2,721,313,0,313,1034
05/04/2000,BFI,WA,ANM,WE,Towers with Display (VFR),38,58,111,0,207,16,143,227,16,402,54,201,338,16,609,222,6,228,837
05/05/2000,BFI,WA,ANM,WE,Towers with Display (VFR),40,62,120,0,222,17,87,253,0,357,57,149,373,0,579,256,0,256,835
05/06/2000,BFI,WA,ANM,WE,Towers with Display (VFR),22,35,68,0,125,0,92,424,3,519,22,127,492,3,644,298,0,298,942
05/07/2000,BFI,WA,ANM,WE,Towers with Display (VFR),12,25,50,0,87,0,37,567,0,604,12,62,617,0,691,296,4,300,991
05/08/2000,BFI,WA,ANM,WE,Towers with Display (VFR),32,50,95,0,177,0,87,298,2,387,32,137,393,2,564,264,0,264,828
05/09/2000,BFI,WA,ANM,WE,Towers with Display (VFR),41,64,122,0,227,14,28,236,0,278,55,92,358,0,505,194,0,194,699
05/10/2000,BFI,WA,ANM,WE,Towers with Display (VFR),31,57,107,0,195,0,68,285,0,353,31,125,392,0,548,280,0,280,828
05/11/2000,BFI,WA,ANM,WE,Towers with Display (VFR),36,59,112,2,209,0,111,320,2,433,36,170,432,4,642,358,0,358,1000
05/12/2000,BFI,WA,ANM,WE,Towers with Display (VFR),38,63,118,1,220,13,112,650,0,775,51,175,768,1,995,318,0,318,1313
05/13/2000,BFI,WA,ANM,WE,Towers with Display (VFR),18,36,67,1,122,0,103,553,4,660,18,139,620,5,782,458,0,458,1240
05/14/2000,BFI,WA,ANM,WE,Towers with Display (VFR),14,24,46,1,85,0,75,493,2,570,14,99,539,3,655,456,1,457,1112
05/15/2000,BFI,WA,ANM,WE,Towers with Display (VFR),30,54,101,0,185,0,84,433,0,517,30,138,534,0,702,326,0,326,1028
05/16/2000,BFI,WA,ANM,WE,Towers with Display (VFR),34,56,104,1,195,9,118,590,2,719,43,174,694,3,914,458,0,458,1372
05/17/2000,BFI,WA,ANM,WE,Towers with Display (VFR),41,66,126,1,234,4,85,399,0,488,45,151,525,1,722,398,0,398,1120
05/18/2000,BFI,WA,ANM,WE,Towers with Display (VFR),43,73,137,2,255,0,110,408,0,518,43,183,545,2,773,274,0,274,1047
05/19/2000,BFI,WA,ANM,WE,Towers with Display (VFR),41,70,132,1,244,0,136,364,0,500,41,206,496,1,744,374,0,374,1118
05/20/2000,BFI,WA,ANM,WE,Towers with Display (VFR),24,40,76,1,141,0,21,451,2,474,24,61,527,3,615,506,0,506,1121
05/21/2000,BFI,WA,ANM,WE,Towers with Display (VFR),17,37,70,1,125,0,26,382,1,409,17,63,452,2,534,276,0,276,810
05/22/2000,BFI,WA,ANM,WE,Towers with Display (VFR),32,52,97,0,181,0,30,387,0,417,32,82,484,0,598,346,0,346,944
05/23/2000,BFI,WA,ANM,WE,Towers with Display (VFR),49,78,149,0,276,3,22,747,0,772,52,100,896,0,1048,406,0,406,1454
05/24/2000,BFI,WA,ANM,WE,Towers with Display (VFR),40,75,141,2,258,0,55,682,8,745,40,130,823,10,1003,402,0,402,1405
05/25/2000,BFI,WA,ANM,WE,Towers with Display (VFR),41,85,161,1,288,0,140,573,7,720,41,225,734,8,1008,420,8,428,1436
05/26/2000,BFI,WA,ANM,WE,Towers with Display (VFR),42,86,164,1,293,0,44,387,3,434,42,130,551,4,727,300,0,300,1027
05/27/2000,BFI,WA,ANM,WE,Towers with Display (VFR),16,27,50,0,93,2,46,232,2,282,18,73,282,2,375,114,0,114,489
05/28/2000,BFI,WA,ANM,WE,Towers with Display (VFR),10,26,48,0,84,0,54,220,3,277,10,80,268,3,361,248,0,248,609
05/29/2000,BFI,WA,ANM,WE,Towers with Display (VFR),4,29,56,0,89,0,19,406,0,425,4,48,462,0,514,312,0,312,826
05/30/2000,BFI,WA,ANM,WE,Towers with Display (VFR),32,60,114,1,207,0,72,387,2,461,32,132,501,3,668,282,0,282,950
05/31/2000,BFI,WA,ANM,WE,Towers with Display (VFR),38,63,119,0,220,3,102,357,0,462,41,165,476,0,682,324,0,324,1006
06/01/2000,BFI,WA,ANM,WE,Towers with Display (VFR),31,60,107,1,199,0,105,493,5,603,31,165,600,6,802,374,0,374,1176
06/02/2000,BFI,WA,ANM,WE,Towers with Display (VFR),39,76,136,1,252,0,73,668,5,746,39,149,804,6,998,430,1,431,1429
06/03/2000,BFI,WA,ANM,WE,Towers with Display (VFR),16,29,54,0,99,0,122,536,6,664,16,151,590,6,763,380,0,380,1143
06/04/2000,BFI,WA,ANM,WE,Towers with Display (VFR),10,27,49,0,86,0,58,654,2,714,10,85,703,2,800,482,0,482,1282
06/05/2000,BFI,WA,ANM,WE,Towers with Display (VFR),28,54,96,1,179,0,81,361,1,443,28,135,457,2,622,282,0,282,904
06/06/2000,BFI,WA,ANM,WE,Towers with Display (VFR),38,75,133,2,248,11,78,397,0,486,49,153,530,2,734,474,0,474,1208
06/07/2000,BFI,WA,ANM,WE,Towers with Display (VFR),45,89,159,1,294,1,49,157,0,207,46,138,316,1,501,308,0,308,809
06/08/2000,BFI,WA,ANM,WE,Towers with Display (VFR),38,80,143,2,263,0,95,252,2,349,38,175,395,4,612,358,0,358,970
06/09/2000,BFI,WA,ANM,WE,Towers with Display (VFR),32,77,135,2,246,0,54,469,3,526,32,131,604,5,772,442,0,442,1214
06/10/2000,BFI,WA,ANM,WE,Towers with Display (VFR),18,43,74,1,136,0,23,311,1,335,18,66,385,2,471,277,0,277,748
06/11/2000,BFI,WA,ANM,WE,Towers with Display (VFR),11,39,67,1,118,0,7,153,2,162,11,46,220,3,280,184,0,184,464
06/12/2000,BFI,WA,ANM,WE,Towers with Display (VFR),26,55,98,1,180,0,87,181,0,268,26,142,279,1,448,87,0,87,535
06/13/2000,BFI,WA,ANM,WE,Towers with Display (VFR),36,73,127,2,238,1,69,446,0,516,37,142,573,2,754,300,0,300,1054
06/14/2000,BFI,WA,ANM,WE,Towers with Display (VFR),35,87,151,0,273,0,98,287,0,385,35,185,438,0,658,282,0,282,940
06/15/2000,BFI,WA,ANM,WE,Towers with Display (VFR),32,63,110,2,207,2,196,610,1,809,34,259,720,3,1016,478,0,478,1494
06/16/2000,BFI,WA,ANM,WE,Towers with Display (VFR),28,63,110,2,203,0,114,829,10,953,28,177,939,12,1156,560,0,560,1716
06/17/2000,BFI,WA,ANM,WE,Towers with Display (VFR),20,41,71,1,133,6,92,737,7,842,26,133,808,8,975,492,0,492,1467
06/18/2000,BFI,WA,ANM,WE,Towers with Display (VFR),9,43,75,1,128,0,33,177,1,211,9,76,252,2,339,214,0,214,553
06/19/2000,BFI,WA,ANM,WE,Towers with Display (VFR),22,59,103,2,186,0,48,429,0,477,22,107,532,2,663,412,0,412,1075
06/20/2000,BFI,WA,ANM,WE,Towers with Display (VFR),34,69,121,0,224,5,99,597,0,701,39,168,718,0,925,366,0,366,1291
06/21/2000,BFI,WA,ANM,WE,Towers with Display (VFR),37,74,130,2,243,2,70,606,0,678,39,144,736,2,921,442,0,442,1363
06/22/2000,BFI,WA,ANM,WE,Towers with Display (VFR),39,77,135,0,251,2,94,578,0,674,41,171,713,0,925,458,0,458,1383
06/23/2000,BFI,WA,ANM,WE,Towers with Display (VFR),30,62,108,0,200,9,105,623,0,737,39,167,731,0,937,412,1,413,1350
06/24/2000,BFI,WA,ANM,WE,Towers with Display (VFR),19,47,85,1,152,0,82,389,6,477,19,129,474,7,629,303,0,303,932
06/25/2000,BFI,WA,ANM,WE,Towers with Display (VFR),15,36,64,0,115,0,88,673,5,766,15,124,737,5,881,394,0,394,1275
06/26/2000,BFI,WA,ANM,WE,Towers with Display (VFR),26,52,92,1,171,3,155,428,5,591,29,207,520,6,762,372,0,372,1134
06/27/2000,BFI,WA,ANM,WE,Towers with Display (VFR),32,66,115,1,214,17,78,703,4,802,49,144,818,5,1016,384,2,386,1402
06/28/2000,BFI,WA,ANM,WE,Towers with Display (VFR),30,59,104,1,194,7,91,756,5,859,37,150,860,6,1053,286,4,290,1343
06/29/2000,BFI,WA,ANM,WE,Towers with Display (VFR),40,79,139,1,259,0,98,318,7,423,40,177,457,8,682,326,0,326,1008
06/30/2000,BFI,WA,ANM,WE,Towers with Display (VFR),41,80,141,1,263,2,94,509,4,609,43,174,650,5,872,442,4,446,1318
07/01/2000,BFI,WA,ANM,WE,Towers with Display (VFR),16,44,86,1,147,0,35,290,8,333,16,79,376,9,480,249,0,249,729
07/02/2000,BFI,WA,ANM,WE,Towers with Display (VFR),5,25,50,0,80,0,111,322,2,435,5,136,372,2,515,260,2,262,777
07/03/2000,BFI,WA,ANM,WE,Towers with Display (VFR),19,40,80,1,140,0,48,402,1,451,19,88,482,2,591,288,0,288,879
07/04/2000,BFI,WA,ANM,WE,Towers with Display (VFR),11,23,46,0,80,1,23,588,1,613,12,46,634,1,693,172,0,172,865
07/05/2000,BFI,WA,ANM,WE,Towers with Display (VFR),25,56,111,0,192,0,70,668,0,738,25,126,779,0,930,436,0,436,1366
07/06/2000,BFI,WA,ANM,WE,Towers with Display (VFR),31,65,127,0,223,6,77,606,0,689,37,142,733,0,912,436,0,436,1348
07/07/2000,BFI,WA,ANM,WE,Towers with Display (VFR),32,66,130,2,230,14,40,746,1,801,46,106,876,3,1031,412,4,416,1447
07/08/2000,BFI,WA,ANM,WE,Towers with Display (VFR),18,36,73,1,128,0,112,218,3,333,18,148,291,4,461,210,2,212,673
07/09/2000,BFI,WA,ANM,WE,Towers with Display (VFR),6,44,88,1,139,0,9,527,2,538,6,53,615,3,677,476,2,478,1155
07/10/2000,BFI,WA,ANM,WE,Towers with Display (VFR),17,67,131,2,217,0,129,608,4,741,17,196,739,6,958,577,0,577,1535
07/11/2000,BFI,WA,ANM,WE,Towers with Display (VFR),35,85,166,2,288,0,48,562,3,613,35,133,728,5,901,512,6,518,1419
07/12/2000,BFI,WA,ANM,WE,Towers with Display (VFR),31,65,129,2,227,12,116,707,28,863,43,181,836,30,1090,538,0,538,1628
07/13/2000,BFI,WA,ANM,WE,Towers with Display (VFR),38,87,169,3,297,0,92,452,6,550,38,179,621,9,847,474,2,476,1323
07/14/2000,BFI,WA,ANM,WE,Towers with Display (VFR),38,82,158,3,281,5,34,782,3,824,43,116,940,6,1105,460,0,460,1565
07/15/2000,BFI,WA,ANM,WE,Towers with Display (VFR),16,35,67,2,120,3,69,579,17,668,19,104,646,19,788,406,3,409,1197
07/16/2000,BFI,WA,ANM,WE,Towers with Display (VFR),4,28,53,1,86,0,71,646,7,724,4,99,699,8,810,438,0,438,1248
07/17/2000,BFI,WA,ANM,WE,Towers with Display (VFR),28,61,118,2,209,13,87,531,0,631,41,148,649,2,840,244,0,244,1084
07/18/2000,BFI,WA,ANM,WE,Towers with Display (VFR),34,73,140,3,250,11,74,430,5,520,45,147,570,8,770,336,0,336,1106
07/19/2000,BFI,WA,ANM,WE,Towers with Display (VFR),36,78,149,3,266,5,77,718,3,803,41,155,867,6,1069,364,0,364,1433
07/20/2000,BFI,WA,ANM,WE,Towers with Display (VFR),40,86,165,3,294,11,108,616,1,736,51,194,781,4,1030,412,0,412,1442
07/21/2000,BFI,WA,ANM,WE,Towers with Display (VFR),32,69,133,3,237,6,146,708,3,863,38,215,841,6,1100,348,1,349,1449
07/22/2000,BFI,WA,ANM,WE,Towers with Display (VFR),19,41,78,2,140,1,54,193,1,249,20,95,271,3,389,218,0,218,607
07/23/2000,BFI,WA,ANM,WE,Towers with Display (VFR),5,32,60,1,98,0,61,467,0,528,5,93,527,1,626,458,0,458,1084
07/24/2000,BFI,WA,ANM,WE,Towers with Display (VFR),30,66,129,3,228,0,81,537,0,618,30,147,666,3,846,320,0,320,1166
07/25/2000,BFI,WA,ANM,WE,Towers with Display (VFR),38,91,178,3,310,0,57,642,0,699,38,148,820,3,1009,374,0,374,1383
07/26/2000,BFI,WA,ANM,WE,Towers with Display (VFR),35,76,147,3,261,8,131,477,5,621,43,207,624,8,882,436,0,436,1318
07/27/2000,BFI,WA,ANM,WE,Towers with Display (VFR),35,75,144,3,257,0,146,503,1,650,35,221,647,4,907,414,2,416,1323
07/28/2000,BFI,WA,ANM,WE,Towers with Display (VFR),38,82,158,2,280,6,116,585,2,709,44,198,743,4,989,406,4,410,1399
07/29/2000,BFI,WA,ANM,WE,Towers with Display (VFR),13,44,86,1,144,0,100,554,29,683,13,144,640,30,827,468,0,468,1295
07/30/2000,BFI,WA,ANM,WE,Towers with Display (VFR),7,35,69,1,112,0,51,688,4,743,7,86,757,5,855,434,2,436,1291
07/31/2000,BFI,WA,ANM,WE,Towers with Display (VFR),26,60,118,2,206,0,71,543,6,620,26,131,661,8,826,356,0,356,1182
08/01/2000,BFI,WA,ANM,WE,Towers with Display (VFR),30,68,124,2,224,0,72,628,6,706,30,140,752,8,930,578,0,578,1508
08/02/2000,BFI,WA,ANM,WE,Towers with Display (VFR),32,68,124,2,226,9,151,740,2,902,41,219,864,4,1128,548,0,548,1676
08/03/2000,BFI,WA,ANM,WE,Towers with Display (VFR),30,64,118,2,214,17,100,608,14,739,47,164,726,16,953,382,14,396,1349
08/04/2000,BFI,WA,ANM,WE,Towers with Display (VFR),29,61,114,2,206,7,94,793,13,907,36,155,907,15,1113,505,0,505,1618
08/05/2000,BFI,WA,ANM,WE,Towers with Display (VFR),17,46,86,1,150,0,56,436,13,505,17,102,522,14,655,382,6,388,1043
08/06/2000,BFI,WA,ANM,WE,Towers with Display (VFR),11,36,67,1,115,0,15,438,6,459,11,51,505,7,574,280,10,290,864
08/07/2000,BFI,WA,ANM,WE,Towers with Display (VFR),24,67,123,2,216,0,53,423,4,480,24,120,546,6,696,536,0,536,1232
08/08/2000,BFI,WA,ANM,WE,Towers with Display (VFR),36,77,141,0,254,1,70,589,0,660,37,147,730,0,914,514,0,514,1428
08/09/2000,BFI,WA,ANM,WE,Towers with Display (VFR),37,95,174,3,309,0,58,656,2,716,37,153,830,5,1025,456,0,456,1481
08/10/2000,BFI,WA,ANM,WE,Towers with Display (VFR),42,90,165,3,300,8,77,477,10,572,50,167,642,13,872,549,2,551,1423
08/11/2000,BFI,WA,ANM,WE,Towers with Display (VFR),38,81,149,1,269,4,70,691,0,765,42,151,840,1,1034,641,0,641,1675
08/12/2000,BFI,WA,ANM,WE,Towers with Display (VFR),19,39,73,1,132,1,85,653,0,739,20,124,726,1,871,364,0,364,1235
08/13/2000,BFI,WA,ANM,WE,Towers with Display (VFR),10,39,71,1,121,0,43,495,2,540,10,82,566,3,661,340,0,340,1001
08/14/2000,BFI,WA,ANM,WE,Towers with Display (VFR),24,65,116,3,208,0,66,234,15,315,24,131,350,18,523,396,0,396,919
08/15/2000,BFI,WA,ANM,WE,Towers with Display (VFR),38,83,150,3,274,18,71,370,3,462,56,154,520,6,736,322,0,322,1058
08/16/2000,BFI,WA,ANM,WE,Towers with Display (VFR),29,64,115,3,211,7,92,571,2,672,36,156,686,5,883,444,0,444,1327
08/17/2000,BFI,WA,ANM,WE,Towers with Display (VFR),39,85,154,3,281,0,116,580,5,701,39,201,734,8,982,551,2,553,1535
08/18/2000,BFI,WA,ANM,WE,Towers with Display (VFR),42,93,168,4,307,0,62,348,0,410,42,155,516,4,717,236,0,236,953
08/19/2000,BFI,WA,ANM,WE,Towers with Display (VFR),15,41,74,2,132,0,78,270,6,354,15,119,344,8,486,368,0,368,854
08/20/2000,BFI,WA,ANM,WE,Towers with Display (VFR),12,47,85,2,146,0,80,785,4,869,12,127,870,6,1015,502,0,502,1517
08/21/2000,BFI,WA,ANM,WE,Towers with Display (VFR),21,48,86,2,157,14,87,525,2,628,35,135,611,4,785,432,10,442,1227
08/22/2000,BFI,WA,ANM,WE,Towers with Display (VFR),30,65,118,3,216,10,66,637,5,718,40,131,755,8,934,670,2,672,1606
08/23/2000,BFI,WA,ANM,WE,Towers with Display (VFR),30,69,126,3,228,0,118,668,17,803,30,187,794,20,1031,468,0,468,1499
08/24/2000,BFI,WA,ANM,WE,Towers with Display (VFR),36,93,169,4,302,0,114,392,5,511,36,207,561,9,813,635,4,639,1452
08/25/2000,BFI,WA,ANM,WE,Towers with Display (VFR),31,74,133,3,241,0,99,521,1,621,31,173,654,4,862,540,0,540,1402
08/26/2000,BFI,WA,ANM,WE,Towers with Display (VFR),19,47,85,2,153,0,71,439,4,514,19,118,524,6,667,576,3,579,1246
08/27/2000,BFI,WA,ANM,WE,Towers with Display (VFR),6,35,62,2,105,0,75,648,6,729,6,110,710,8,834,512,0,512,1346
08/28/2000,BFI,WA,ANM,WE,Towers with Display (VFR),16,51,92,0,159,0,87,620,0,707,16,138,712,0,866,445,2,447,1313
08/29/2000,BFI,WA,ANM,WE,Towers with Display (VFR),37,87,159,3,286,0,72,330,0,402,37,159,489,3,688,475,0,475,1163
08/30/2000,BFI,WA,ANM,WE,Towers with Display (VFR),34,79,144,2,259,0,90,446,5,541,34,169,590,7,800,554,0,554,1354
08/31/2000,BFI,WA,ANM,WE,Towers with Display (VFR),36,79,143,2,260,2,67,416,5,490,38,146,559,7,750,408,0,408,1158
09/01/2000,BFI,WA,ANM,WE,Towers with Display (VFR),36,71,131,2,240,3,139,562,13,717,39,210,693,15,957,614,0,614,1571
09/02/2000,BFI,WA,ANM,WE,Towers with Display (VFR),10,32,61,1,104,0,97,384,5,486,10,129,445,6,590,420,0,420,1010
09/03/2000,BFI,WA,ANM,WE,Towers with Display (VFR),3,18,34,0,55,0,52,406,12,470,3,70,440,12,525,402,0,402,927
09/04/2000,BFI,WA,ANM,WE,Towers with Display (VFR),0,30,56,1,87,0,72,561,4,637,0,102,617,5,724,276,0,276,1000
09/05/2000,BFI,WA,ANM,WE,Towers with Display (VFR),21,68,124,2,215,0,50,340,0,390,21,118,464,2,605,372,4,376,981
09/06/2000,BFI,WA,ANM,WE,Towers with Display (VFR),39,77,142,2,260,5,109,441,0,555,44,186,583,2,815,514,0,514,1329
09/07/2000,BFI,WA,ANM,WE,Towers with Display (VFR),45,90,165,3,303,12,77,175,6,270,57,167,340,9,573,256,0,256,829
09/08/2000,BFI,WA,ANM,WE,Towers with Display (VFR),22,43,78,1,144,22,132,415,4,573,44,175,493,5,717,314,0,314,1031
09/09/2000,BFI,WA,ANM,WE,Towers with Display (VFR),19,37,66,1,123,2,50,215,7,274,21,87,281,8,397,220,0,220,617
09/10/2000,BFI,WA,ANM,WE,Towers with Display (VFR),6,38,83,2,129,0,0,211,4,215,6,38,294,6,344,190,0,190,534
09/11/2000,BFI,WA,ANM,WE,Towers with Display (VFR),25,66,119,3,213,0,55,383,0,438,25,121,502,3,651,282,0,282,933
09/12/2000,BFI,WA,ANM,WE,Towers with Display (VFR),30,63,112,3,208,21,62,401,6,490,51,125,513,9,698,400,0,400,1098
09/13/2000,BFI,WA,ANM,WE,Towers with Display (VFR),35,71,127,3,236,14,74,621,1,710,49,145,748,4,946,510,0,510,1456
09/14/2000,BFI,WA,ANM,WE,Towers with Display (VFR),32,65,118,3,218,17,116,570,2,705,49,181,688,5,923,510,0,510,1433
09/15/2000,BFI,WA,ANM,WE,Towers with Display (VFR),35,74,132,3,244,1,140,525,9,675,36,214,657,12,919,446,0,446,1365
09/16/2000,BFI,WA,ANM,WE,Towers with Display (VFR),14,47,83,1,145,0,108,491,0,599,14,155,574,1,744,514,0,514,1258
09/17/2000,BFI,WA,ANM,WE,Towers with Display (VFR),7,41,74,2,124,0,60,452,2,514,7,101,526,4,638,572,0,572,1210
09/18/2000,BFI,WA,ANM,WE,Towers with Display (VFR),29,80,145,0,254,0,29,326,0,355,29,109,471,0,609,378,0,378,987
09/19/2000,BFI,WA,ANM,WE,Towers with Display (VFR),40,83,150,0,273,7,87,436,0,530,47,170,586,0,803,586,2,588,1391
09/20/2000,BFI,WA,ANM,WE,Towers with Display (VFR),43,96,172,4,315,0,44,302,5,351,43,140,474,9,666,432,0,432,1098
09/21/2000,BFI,WA,ANM,WE,Towers with Display (VFR),38,79,141,2,260,7,76,537,0,620,45,155,678,2,880,442,0,442,1322
09/22/2000,BFI,WA,ANM,WE,Towers with Display (VFR),35,71,127,3,236,11,72,720,4,807,46,143,847,7,1043,598,2,600,1643
09/23/2000,BFI,WA,ANM,WE,Towers with Display (VFR),14,31,55,0,100,7,33,627,0,667,21,64,682,0,767,545,2,547,1314
09/24/2000,BFI,WA,ANM,WE,Towers with Display (VFR),10,41,74,1,126,0,44,554,2,600,10,85,628,3,726,346,0,346,1072
09/25/2000,BFI,WA,ANM,WE,Towers with Display (VFR),22,54,96,0,172,0,79,472,0,551,22,133,568,0,723,390,0,390,1113
09/26/2000,BFI,WA,ANM,WE,Towers with Display (VFR),34,69,125,2,230,4,77,558,10,649,38,146,683,12,879,416,0,416,1295
09/27/2000,BFI,WA,ANM,WE,Towers with Display (VFR),29,62,111,2,204,12,68,632,2,714,41,130,743,4,918,538,0,538,1456
09/28/2000,BFI,WA,ANM,WE,Towers with Display (VFR),40,82,148,3,273,9,104,500,2,615,49,186,648,5,888,470,0,470,1358
09/29/2000,BFI,WA,ANM,WE,Towers with Display (VFR),37,86,157,3,283,0,44,275,2,321,37,130,432,5,604,116,0,116,720
09/30/2000,BFI,WA,ANM,WE,Towers with Display (VFR),18,62,113,2,195,0,0,81,0,81,18,62,194,2,276,56,2,58,334
10/01/2000,BFI,WA,ANM,WE,Towers with Display (VFR),9,38,61,0,108,0,48,287,7,342,9,86,348,7,450,502,2,504,954
10/02/2000,BFI,WA,ANM,WE,Towers with Display (VFR),22,58,91,0,171,0,62,409,0,471,22,120,500,0,642,302,2,304,946
10/03/2000,BFI,WA,ANM,WE,Towers with Display (VFR),35,75,119,1,230,4,50,515,3,572,39,125,634,4,802,248,0,248,1050
10/04/2000,BFI,WA,ANM,WE,Towers with Display (VFR),38,81,127,1,247,7,64,424,3,498,45,145,551,4,745,268,0,268,1013
10/05/2000,BFI,WA,ANM,WE,Towers with Display (VFR),33,71,111,1,216,12,93,498,5,608,45,164,609,6,824,306,0,306,1130
10/06/2000,BFI,WA,ANM,WE,Towers with Display (VFR),34,76,119,2,231,3,130,698,9,840,37,206,817,11,1071,396,4,400,1471
10/07/2000,BFI,WA,ANM,WE,Towers with Display (VFR),15,32,51,1,99,4,46,722,7,779,19,78,773,8,878,480,0,480,1358
10/08/2000,BFI,WA,ANM,WE,Towers with Display (VFR),8,26,42,1,77,0,36,367,3,406,8,62,409,4,483,484,4,488,971
10/09/2000,BFI,WA,ANM,WE,Towers with Display (VFR),18,69,114,2,203,0,0,91,0,91,18,69,205,2,294,18,2,20,314
10/10/2000,BFI,WA,ANM,WE,Towers with Display (VFR),37,82,130,3,252,8,45,343,4,400,45,127,473,7,652,338,0,338,990
10/11/2000,BFI,WA,ANM,WE,Towers with Display (VFR),36,78,123,0,237,3,95,379,0,477,39,173,502,0,714,432,0,432,1146
10/12/2000,BFI,WA,ANM,WE,Towers with Display (VFR),46,101,160,3,310,8,80,350,12,450,54,181,510,15,760,430,0,430,1190
10/13/2000,BFI,WA,ANM,WE,Towers with Display (VFR),47,128,200,3,378,0,28,165,0,193,47,156,365,3,571,78,0,78,649
10/14/2000,BFI,WA,ANM,WE,Towers with Display (VFR),22,50,76,2,150,4,69,319,10,402,26,119,395,12,552,424,2,426,978
10/15/2000,BFI,WA,ANM,WE,Towers with Display (VFR),18,56,85,2,161,0,3,390,6,399,18,59,475,8,560,394,4,398,958
10/16/2000,BFI,WA,ANM,WE,Towers with Display (VFR),25,78,121,2,226,0,23,106,5,134,25,101,227,7,360,94,7,101,461
10/17/2000,BFI,WA,ANM,WE,Towers with Display (VFR),34,74,114,2,224,2,74,369,0,445,36,148,483,2,669,242,0,242,911
10/18/2000,BFI,WA,ANM,WE,Towers with Display (VFR),34,79,121,2,236,0,41,345,12,398,34,120,466,14,634,284,2,286,920
10/19/2000,BFI,WA,ANM,WE,Towers with Display (VFR),35,78,120,2,235,11,84,322,11,428,46,162,442,13,663,306,4,310,973
10/20/2000,BFI,WA,ANM,WE,Towers with Display (VFR),34,80,123,2,239,0,72,107,1,180,34,152,230,3,419,116,0,116,535
10/21/2000,BFI,WA,ANM,WE,Towers with Display (VFR),19,43,67,2,131,2,52,399,10,463,21,95,466,12,594,383,2,385,979
10/22/2000,BFI,WA,ANM,WE,Towers with Display (VFR),12,38,57,1,108,0,18,438,5,461,12,56,495,6,569,510,0,510,1079
10/23/2000,BFI,WA,ANM,WE,Towers with Display (VFR),26,59,91,2,178,8,70,481,11,570,34,129,572,13,748,408,4,412,1160
10/24/2000,BFI,WA,ANM,WE,Towers with Display (VFR),32,71,109,2,214,3,76,472,1,552,35,147,581,3,766,354,0,354,1120
10/25/2000,BFI,WA,ANM,WE,Towers with Display (VFR),32,73,112,2,219,4,81,432,0,517,36,154,544,2,736,326,0,326,1062
10/26/2000,BFI,WA,ANM,WE,Towers with Display (VFR),43,95,148,3,289,4,58,248,2,312,47,153,396,5,601,268,0,268,869
10/27/2000,BFI,WA,ANM,WE,Towers with Display (VFR),32,73,113,1,219,7,91,226,5,329,39,164,339,6,548,272,0,272,820
10/28/2000,BFI,WA,ANM,WE,Towers with Display (VFR),15,33,51,0,99,0,23,194,2,219,15,56,245,2,318,254,2,256,574
10/29/2000,BFI,WA,ANM,WE,Towers with Display (VFR),9,40,62,0,111,0,46,321,12,379,9,86,383,12,490,324,0,324,814
10/30/2000,BFI,WA,ANM,WE,Towers with Display (VFR),25,79,122,1,227,0,24,236,3,263,25,103,358,4,490,198,0,198,688
10/31/2000,BFI,WA,ANM,WE,Towers with Display (VFR),34,76,118,0,228,7,31,289,0,327,41,107,407,0,555,226,0,226,781
11/01/2000,BFI,WA,ANM,WE,Towers with Display (VFR),35,67,103,2,207,6,93,479,5,583,41,160,582,7,790,314,0,314,1104
11/02/2000,BFI,WA,ANM,WE,Towers with Display (VFR),35,79,122,1,237,0,81,421,6,508,35,160,543,7,745,308,2,310,1055
11/03/2000,BFI,WA,ANM,WE,Towers with Display (VFR),38,79,122,1,240,0,97,503,5,605,38,176,625,6,845,464,0,464,1309
11/04/2000,BFI,WA,ANM,WE,Towers with Display (VFR),16,30,46,0,92,2,33,447,6,488,18,63,493,6,580,317,3,320,900
11/05/2000,BFI,WA,ANM,WE,Towers with Display (VFR),8,41,64,0,113,0,8,190,5,203,8,49,254,5,316,322,0,322,638
11/06/2000,BFI,WA,ANM,WE,Towers with Display (VFR),20,51,80,1,152,0,65,323,5,393,20,116,403,6,545,327,0,327,872
11/07/2000,BFI,WA,ANM,WE,Towers with Display (VFR),41,78,120,0,239,1,65,227,0,293,42,143,347,0,532,410,0,410,942
11/08/2000,BFI,WA,ANM,WE,Towers with Display (VFR),37,72,111,1,221,0,41,221,2,264,37,113,332,3,485,198,2,200,685
11/09/2000,BFI,WA,ANM,WE,Towers with Display (VFR),42,81,125,1,249,0,68,254,4,326,42,149,379,5,575,268,0,268,843
11/10/2000,BFI,WA,ANM,WE,Towers with Display (VFR),37,69,107,0,213,10,98,529,0,637,47,167,636,0,850,346,0,346,1196
11/11/2000,BFI,WA,ANM,WE,Towers with Display (VFR),19,36,56,0,111,1,40,529,7,577,20,76,585,7,688,476,0,476,1164
11/12/2000,BFI,WA,ANM,WE,Towers with Display (VFR),12,31,49,0,92,0,18,402,2,422,12,49,451,2,514,360,0,360,874
11/13/2000,BFI,WA,ANM,WE,Towers with Display (VFR),30,57,88,1,176,2,61,397,4,464,32,118,485,5,640,330,0,330,970
11/14/2000,BFI,WA,ANM,WE,Towers with Display (VFR),37,73,112,2,224,10,53,580,0,643,47,126,692,2,867,390,0,390,1257
11/15/2000,BFI,WA,ANM,WE,Towers with Display (VFR),40,78,120,2,240,2,38,520,0,560,42,116,640,2,800,362,0,362,1162
11/16/2000,BFI,WA,ANM,WE,Towers with Display (VFR),44,88,133,2,267,0,61,483,4,548,44,149,616,6,815,248,0,248,1063
11/17/2000,BFI,WA,ANM,WE,Towers with Display (VFR),40,78,118,2,238,4,81,535,3,623,44,159,653,5,861,340,0,340,1201
11/18/2000,BFI,WA,ANM,WE,Towers with Display (VFR),24,48,72,2,146,1,57,475,1,534,25,105,547,3,680,370,0,370,1050
11/19/2000,BFI,WA,ANM,WE,Towers with Display (VFR),14,38,57,1,110,0,12,324,14,350,14,50,381,15,460,270,6,276,736
11/20/2000,BFI,WA,ANM,WE,Towers with Display (VFR),27,53,81,2,163,4,93,370,0,467,31,146,451,2,630,218,0,218,848
11/21/2000,BFI,WA,ANM,WE,Towers with Display (VFR),39,78,117,2,236,3,59,525,9,596,42,137,642,11,832,250,18,268,1100
11/22/2000,BFI,WA,ANM,WE,Towers with Display (VFR),39,77,117,1,234,6,35,606,0,647,45,112,723,1,881,406,0,406,1287
11/23/2000,BFI,WA,ANM,WE,Towers with Display (VFR),10,32,47,0,89,0,21,36,0,57,10,53,83,0,146,40,0,40,186
11/24/2000,BFI,WA,ANM,WE,Towers with Display (VFR),11,42,62,0,115,0,102,346,0,448,11,144,408,0,563,196,0,196,759
11/25/2000,BFI,WA,ANM,WE,Towers with Display (VFR),17,35,52,0,104,4,31,134,0,169,21,66,186,0,273,98,0,98,371
11/26/2000,BFI,WA,ANM,WE,Towers with Display (VFR),14,48,72,1,135,0,3,146,0,149,14,51,218,1,284,118,0,118,402
11/27/2000,BFI,WA,ANM,WE,Towers with Display (VFR),27,59,89,0,175,0,68,358,0,426,27,127,447,0,601,354,0,354,955
11/28/2000,BFI,WA,ANM,WE,Towers with Display (VFR),38,76,114,2,230,7,42,377,11,437,45,118,491,13,667,248,2,250,917
11/29/2000,BFI,WA,ANM,WE,Towers with Display (VFR),37,72,110,2,221,6,68,180,4,258,43,140,290,6,479,266,0,266,745
11/30/2000,BFI,WA,ANM,WE,Towers with Display (VFR),39,77,117,2,235,3,90,288,6,387,42,167,405,8,622,414,0,414,1036
12/01/2000,BFI,WA,ANM,WE,Towers with Display (VFR),38,74,90,0,202,2,87,433,1,523,40,161,523,1,725,210,0,210,935
12/02/2000,BFI,WA,ANM,WE,Towers with Display (VFR),15,37,45,0,97,0,73,291,5,369,15,110,336,5,466,280,0,280,746
12/03/2000,BFI,WA,ANM,WE,Towers with Display (VFR),18,41,52,0,111,0,0,335,4,339,18,41,387,4,450,382,0,382,832
12/04/2000,BFI,WA,ANM,WE,Towers with Display (VFR),25,65,79,0,169,0,72,526,5,603,25,137,605,5,772,480,6,486,1258
12/05/2000,BFI,WA,ANM,WE,Towers with Display (VFR),37,74,90,0,201,6,71,421,2,500,43,145,511,2,701,354,6,360,1061
12/06/2000,BFI,WA,ANM,WE,Towers with Display (VFR),45,92,112,1,250,2,63,421,2,488,47,155,533,3,738,298,0,298,1036
12/07/2000,BFI,WA,ANM,WE,Towers with Display (VFR),51,113,139,1,304,0,0,20,0,20,51,113,159,1,324,0,0,0,324
12/08/2000,BFI,WA,ANM,WE,Towers with Display (VFR),49,119,145,1,314,0,25,39,1,65,49,144,184,2,379,104,0,104,483
12/09/2000,BFI,WA,ANM,WE,Towers with Display (VFR),21,43,53,0,117,0,59,316,3,378,21,102,369,3,495,463,3,466,961
12/10/2000,BFI,WA,ANM,WE,Towers with Display (VFR),16,30,37,0,83,2,22,101,5,130,18,52,138,5,213,214,0,214,427
12/11/2000,BFI,WA,ANM,WE,Towers with Display (VFR),35,71,84,0,190,12,66,393,2,473,47,137,477,2,663,226,0,226,889
12/12/2000,BFI,WA,ANM,WE,Towers with Display (VFR),44,91,109,1,245,4,72,380,0,456,48,163,489,1,701,264,0,264,965
12/13/2000,BFI,WA,ANM,WE,Towers with Display (VFR),43,91,108,2,244,15,86,282,1,384,58,177,390,3,628,206,4,210,838
12/14/2000,BFI,WA,ANM,WE,Towers with Display (VFR),44,94,111,2,251,0,51,184,2,237,44,145,295,4,488,258,0,258,746
12/15/2000,BFI,WA,ANM,WE,Towers with Display (VFR),41,86,102,1,230,9,37,317,0,363,50,123,419,1,593,214,6,220,813
12/16/2000,BFI,WA,ANM,WE,Towers with Display (VFR),20,41,48,1,110,3,11,45,3,62,23,52,93,4,172,44,0,44,216
12/17/2000,BFI,WA,ANM,WE,Towers with Display (VFR),16,35,41,1,93,0,29,244,8,281,16,64,285,9,374,200,0,200,574
12/18/2000,BFI,WA,ANM,WE,Towers with Display (VFR),31,67,79,0,177,1,47,353,0,401,32,114,432,0,578,286,0,286,864
12/19/2000,BFI,WA,ANM,WE,Towers with Display (VFR),45,95,113,0,253,17,58,231,0,306,62,153,344,0,559,286,0,286,845
12/20/2000,BFI,WA,ANM,WE,Towers with Display (VFR),50,104,124,2,280,13,47,204,2,266,63,151,328,4,546,332,0,332,878
12/21/2000,BFI,WA,ANM,WE,Towers with Display (VFR),40,85,100,2,227,5,90,276,2,373,45,175,376,4,600,274,0,274,874
12/22/2000,BFI,WA,ANM,WE,Towers with Display (VFR),46,96,115,2,259,8,55,122,2,187,54,151,237,4,446,302,0,302,748
12/23/2000,BFI,WA,ANM,WE,Towers with Display (VFR),17,49,58,1,125,0,35,141,1,177,17,84,199,2,302,174,0,174,476
12/24/2000,BFI,WA,ANM,WE,Towers with Display (VFR),3,23,27,0,53,0,24,124,0,148,3,47,151,0,201,78,0,78,279
12/25/2000,BFI,WA,ANM,WE,Towers with Display (VFR),2,8,9,1,20,0,53,54,4,111,2,61,63,5,131,4,2,6,137
12/26/2000,BFI,WA,ANM,WE,Towers with Display (VFR),3,8,9,1,21,10,104,452,0,566,13,112,461,1,587,314,0,314,901
12/27/2000,BFI,WA,ANM,WE,Towers with Display (VFR),25,81,98,1,205,0,29,237,3,269,25,110,335,4,474,330,0,330,804
12/28/2000,BFI,WA,ANM,WE,Towers with Display (VFR),29,74,89,0,192,0,82,331,7,420,29,156,420,7,612,296,0,296,908
12/29/2000,BFI,WA,ANM,WE,Towers with Display (VFR),23,64,77,0,164,0,65,279,2,346,23,129,356,2,510,228,1,229,739
12/30/2000,BFI,WA,ANM,WE,Towers with Display (VFR),7,45,53,0,105,0,18,110,0,128,7,63,163,0,233,220,0,220,453
12/31/2000,BFI,WA,ANM,WE,Towers with Display (VFR),4,28,33,0,65,0,26,85,2,113,4,54,118,2,178,44,0,44,222
01/01/2001,BFI,WA,ANM,WE,Towers with Display (VFR),1,30,42,0,73,0,70,248,0,318,1,100,290,0,391,204,0,204,595
01/02/2001,BFI,WA,ANM,WE,Towers with Display (VFR),13,56,77,0,146,0,28,276,1,305,13,84,353,1,451,185,0,185,636
01/03/2001,BFI,WA,ANM,WE,Towers with Display (VFR),38,80,111,0,229,6,74,326,0,406,44,154,437,0,635,354,0,354,989
01/04/2001,BFI,WA,ANM,WE,Towers with Display (VFR),34,78,107,0,219,0,28,148,0,176,34,106,255,0,395,164,0,164,559
01/05/2001,BFI,WA,ANM,WE,Towers with Display (VFR),37,78,108,1,224,2,40,255,5,302,39,118,363,6,526,102,0,102,628
01/06/2001,BFI,WA,ANM,WE,Towers with Display (VFR),15,46,64,0,125,0,73,483,0,556,15,119,547,0,681,382,0,382,1063
01/07/2001,BFI,WA,ANM,WE,Towers with Display (VFR),9,27,40,0,76,0,104,292,8,404,9,131,332,8,480,346,1,347,827
01/08/2001,BFI,WA,ANM,WE,Towers with Display (VFR),25,53,74,0,152,0,25,140,2,167,25,78,214,2,319,270,0,270,589
01/09/2001,BFI,WA,ANM,WE,Towers with Display (VFR),31,66,91,0,188,2,73,255,1,331,33,139,346,1,519,222,2,224,743
01/10/2001,BFI,WA,ANM,WE,Towers with Display (VFR),35,74,103,0,212,2,62,419,0,483,37,136,522,0,695,366,0,366,1061
01/11/2001,BFI,WA,ANM,WE,Towers with Display (VFR),33,70,96,0,199,1,73,400,2,476,34,143,496,2,675,350,0,350,1025
01/12/2001,BFI,WA,ANM,WE,Towers with Display (VFR),33,74,100,1,208,9,70,309,4,392,42,144,409,5,600,340,0,340,940
01/13/2001,BFI,WA,ANM,WE,Towers with Display (VFR),17,38,63,0,118,0,0,204,0,204,17,38,267,0,322,374,2,376,698
01/14/2001,BFI,WA,ANM,WE,Towers with Display (VFR),6,33,44,1,84,0,14,127,2,143,6,47,171,3,227,236,0,236,463
01/15/2001,BFI,WA,ANM,WE,Towers with Display (VFR),16,50,85,0,151,0,0,301,0,301,16,50,386,0,452,320,0,320,772
01/16/2001,BFI,WA,ANM,WE,Towers with Display (VFR),43,95,129,2,269,1,41,147,0,189,44,136,276,2,458,190,0,190,648
01/17/2001,BFI,WA,ANM,WE,Towers with Display (VFR),38,85,116,2,241,3,42,214,9,268,41,127,330,11,509,236,10,246,755
01/18/2001,BFI,WA,ANM,WE,Towers with Display (VFR),41,91,123,2,257,7,53,181,6,247,48,144,304,8,504,180,2,182,686
01/19/2001,BFI,WA,ANM,WE,Towers with Display (VFR),40,88,120,2,250,11,107,267,2,387,51,195,387,4,637,244,0,244,881
01/20/2001,BFI,WA,ANM,WE,Towers with Display (VFR),21,47,63,1,132,5,43,304,7,359,26,90,367,8,491,266,0,266,757
01/21/2001,BFI,WA,ANM,WE,Towers with Display (VFR),16,36,57,0,109,0,0,25,0,25,16,36,82,0,134,26,0,26,160
01/22/2001,BFI,WA,ANM,WE,Towers with Display (VFR),26,59,79,0,164,0,24,453,0,477,26,83,532,0,641,306,0,306,947
01/23/2001,BFI,WA,ANM,WE,Towers with Display (VFR),32,70,95,1,198,6,29,397,1,433,38,99,492,2,631,241,8,249,880
01/24/2001,BFI,WA,ANM,WE,Towers with Display (VFR),34,77,105,2,218,0,62,256,0,318,34,139,361,2,536,300,0,300,836
01/25/2001,BFI,WA,ANM,WE,Towers with Display (VFR),35,79,107,2,223,9,12,308,0,329,44,91,415,2,552,164,0,164,716
01/26/2001,BFI,WA,ANM,WE,Towers with Display (VFR),37,81,112,1,231,2,124,428,4,558,39,205,540,5,789,426,0,426,1215
01/27/2001,BFI,WA,ANM,WE,Towers with Display (VFR),14,35,47,0,96,0,83,491,4,578,14,118,538,4,674,504,0,504,1178
01/28/2001,BFI,WA,ANM,WE,Towers with Display (VFR),9,29,40,0,78,0,13,267,5,285,9,42,307,5,363,268,0,268,631
01/29/2001,BFI,WA,ANM,WE,Towers with Display (VFR),21,52,70,0,143,0,51,206,7,264,21,103,276,7,407,184,0,184,591
01/30/2001,BFI,WA,ANM,WE,Towers with Display (VFR),37,83,113,1,234,6,67,156,1,230,43,150,269,2,464,72,0,72,536
01/31/2001,BFI,WA,ANM,WE,Towers with Display (VFR),36,81,110,0,227,9,70,280,0,359,45,151,390,0,586,346,0,346,932
02/01/2001,BFI,WA,ANM,WE,Towers with Display (VFR),39,75,99,1,214,1,94,350,3,448,40,169,449,4,662,204,0,204,866
02/02/2001,BFI,WA,ANM,WE,Towers with Display (VFR),30,57,76,1,164,12,94,169,3,278,42,151,245,4,442,84,0,84,526
02/03/2001,BFI,WA,ANM,WE,Towers with Display (VFR),21,40,54,1,116,0,37,354,4,395,21,77,408,5,511,250,0,250,761
02/04/2001,BFI,WA,ANM,WE,Towers with Display (VFR),14,37,50,0,101,0,10,106,1,117,14,47,156,1,218,90,0,90,308
02/05/2001,BFI,WA,ANM,WE,Towers with Display (VFR),29,68,90,1,188,0,42,288,1,331,29,110,378,2,519,308,0,308,827
02/06/2001,BFI,WA,ANM,WE,Towers with Display (VFR),37,74,98,1,210,0,111,368,3,482,37,185,466,4,692,267,0,267,959
02/07/2001,BFI,WA,ANM,WE,Towers with Display (VFR),40,75,100,1,216,3,38,526,3,570,43,113,626,4,786,402,0,402,1188
02/08/2001,BFI,WA,ANM,WE,Towers with Display (VFR),43,83,110,2,238,0,73,49,0,122,43,156,159,2,360,42,2,44,404
02/09/2001,BFI,WA,ANM,WE,Towers with Display (VFR),33,72,96,0,201,0,103,385,0,488,33,175,481,0,689,280,0,280,969
02/10/2001,BFI,WA,ANM,WE,Towers with Display (VFR),19,36,48,1,104,4,52,383,1,440,23,88,431,2,544,280,0,280,824
02/11/2001,BFI,WA,ANM,WE,Towers with Display (VFR),8,37,48,1,94,0,59,391,2,452,8,96,439,3,546,222,0,222,768
02/12/2001,BFI,WA,ANM,WE,Towers with Display (VFR),15,30,39,0,84,14,68,423,0,505,29,98,462,0,589,300,0,300,889
02/13/2001,BFI,WA,ANM,WE,Towers with Display (VFR),40,79,102,3,224,7,41,665,8,721,47,120,767,11,945,364,0,364,1309
02/14/2001,BFI,WA,ANM,WE,Towers with Display (VFR),43,84,109,2,238,2,54,297,0,353,45,138,406,2,591,318,0,318,909
02/15/2001,BFI,WA,ANM,WE,Towers with Display (VFR),40,79,102,2,223,10,51,252,0,313,50,130,354,2,536,210,0,210,746
02/16/2001,BFI,WA,ANM,WE,Towers with Display (VFR),32,86,111,0,229,0,42,118,0,160,32,128,229,0,389,10,0,10,399
02/17/2001,BFI,WA,ANM,WE,Towers with Display (VFR),20,41,53,2,116,6,44,283,5,338,26,85,336,7,454,198,0,198,652
02/18/2001,BFI,WA,ANM,WE,Towers with Display (VFR),11,26,34,1,72,0,5,258,1,264,11,31,292,2,336,236,0,236,572
02/19/2001,BFI,WA,ANM,WE,Towers with Display (VFR),24,49,62,2,137,6,10,502,0,518,30,59,564,2,655,316,0,316,971
02/20/2001,BFI,WA,ANM,WE,Towers with Display (VFR),40,77,100,2,219,2,70,413,3,488,42,147,513,5,707,307,0,307,1014
02/21/2001,BFI,WA,ANM,WE,Towers with Display (VFR),41,82,107,1,231,9,56,328,0,393,50,138,435,1,624,264,0,264,888
02/22/2001,BFI,WA,ANM,WE,Towers with Display (VFR),41,80,105,3,229,2,59,311,5,377,43,139,416,8,606,172,0,172,778
02/23/2001,BFI,WA,ANM,WE,Towers with Display (VFR),39,100,131,3,273,0,62,183,5,250,39,162,314,8,523,166,0,166,689
02/24/2001,BFI,WA,ANM,WE,Towers with Display (VFR),17,49,62,2,130,0,86,317,10,413,17,135,379,12,543,248,2,250,793
02/25/2001,BFI,WA,ANM,WE,Towers with Display (VFR),4,39,51,0,94,0,37,427,4,468,4,76,478,4,562,348,0,348,910
02/26/2001,BFI,WA,ANM,WE,Towers with Display (VFR),27,54,70,0,151,2,63,439,0,504,29,117,509,0,655,268,0,268,923
02/27/2001,BFI,WA,ANM,WE,Towers with Display (VFR),31,75,98,1,205,0,115,495,4,614,31,190,593,5,819,213,0,213,1032
02/28/2001,BFI,WA,ANM,WE,Towers with Display (VFR),14,30,39,0,83,10,55,186,4,255,24,85,225,4,338,10,2,12,350
03/01/2001,BFI,WA,ANM,WE,Towers with Display (VFR),4,61,70,0,135,0,79,202,5,286,4,140,272,5,421,10,0,10,431
03/02/2001,BFI,WA,ANM,WE,Towers with Display (VFR),4,61,70,0,135,0,79,202,5,286,4,140,272,5,421,10,0,10,431
03/03/2001,BFI,WA,ANM,WE,Towers with Display (VFR),5,20,25,0,50,0,55,446,2,503,5,75,471,2,553,22,0,22,575
03/04/2001,BFI,WA,ANM,WE,Towers with Display (VFR),4,16,21,0,41,0,28,288,1,317,4,44,309,1,358,6,0,6,364
03/05/2001,BFI,WA,ANM,WE,Towers with Display (VFR),3,34,41,0,78,0,76,477,2,555,3,110,518,2,633,10,0,10,643
03/06/2001,BFI,WA,ANM,WE,Towers with Display (VFR),5,49,57,0,111,0,75,482,2,559,5,124,539,2,670,12,0,12,682
03/07/2001,BFI,WA,ANM,WE,Towers with Display (VFR),5,55,64,0,124,0,68,599,3,670,5,123,663,3,794,30,0,30,824
03/08/2001,BFI,WA,ANM,WE,Towers with Display (VFR),6,64,75,0,145,0,57,413,2,472,6,121,488,2,617,46,0,46,663
03/09/2001,BFI,WA,ANM,WE,Towers with Display (VFR),12,66,76,0,154,0,55,507,2,564,12,121,583,2,718,54,0,54,772
03/10/2001,BFI,WA,ANM,WE,Towers with Display (VFR),0,24,28,0,52,0,45,316,0,361,0,69,344,0,413,32,0,32,445
03/11/2001,BFI,WA,ANM,WE,Towers with Display (VFR),0,26,30,0,56,0,39,224,1,264,0,65,254,1,320,74,0,74,394
03/12/2001,BFI,WA,ANM,WE,Towers with Display (VFR),7,57,65,0,129,0,11,218,0,229,7,68,283,0,358,38,0,38,396
03/13/2001,BFI,WA,ANM,WE,Towers with Display (VFR),0,39,44,1,84,0,61,111,3,175,0,100,155,4,259,24,0,24,283
03/14/2001,BFI,WA,ANM,WE,Towers with Display (VFR),0,57,65,1,123,0,25,448,6,479,0,82,513,7,602,68,0,68,670
03/15/2001,BFI,WA,ANM,WE,Towers with Display (VFR),16,65,73,1,155,0,69,185,5,259,16,134,258,6,414,116,0,116,530
03/16/2001,BFI,WA,ANM,WE,Towers with Display (VFR),13,63,71,1,148,0,64,264,6,334,13,127,335,7,482,350,0,350,832
03/17/2001,BFI,WA,ANM,WE,Towers with Display (VFR),10,32,40,0,82,4,0,373,0,377,14,32,413,0,459,230,0,230,689
03/18/2001,BFI,WA,ANM,WE,Towers with Display (VFR),8,36,40,0,84,0,14,30,0,44,8,50,70,0,128,8,0,8,136
03/19/2001,BFI,WA,ANM,WE,Towers with Display (VFR),16,56,62,0,134,8,64,169,0,241,24,120,231,0,375,98,0,98,473
03/20/2001,BFI,WA,ANM,WE,Towers with Display (VFR),27,93,106,0,226,26,82,598,0,706,53,175,704,0,932,390,2,392,1324
03/21/2001,BFI,WA,ANM,WE,Towers with Display (VFR),23,80,90,1,194,29,51,648,3,731,52,131,738,4,925,398,4,402,1327
03/22/2001,BFI,WA,ANM,WE,Towers with Display (VFR),24,83,94,1,202,23,76,782,1,882,47,159,876,2,1084,422,0,422,1506
03/23/2001,BFI,WA,ANM,WE,Towers with Display (VFR),21,72,81,0,174,22,96,687,0,805,43,168,768,0,979,250,0,250,1229
03/24/2001,BFI,WA,ANM,WE,Towers with Display (VFR),11,39,43,0,93,8,61,367,0,436,19,100,410,0,529,291,0,291,820
03/25/2001,BFI,WA,ANM,WE,Towers with Display (VFR),9,37,41,1,88,0,55,177,3,235,9,92,218,4,323,198,0,198,521
03/26/2001,BFI,WA,ANM,WE,Towers with Display (VFR),19,65,73,0,157,9,62,350,0,421,28,127,423,0,578,167,0,167,745
03/27/2001,BFI,WA,ANM,WE,Towers with Display (VFR),32,110,125,1,268,9,74,220,2,305,41,184,345,3,573,184,0,184,757
03/28/2001,BFI,WA,ANM,WE,Towers with Display (VFR),32,111,126,1,270,6,37,264,1,308,38,148,390,2,578,266,0,266,844
03/29/2001,BFI,WA,ANM,WE,Towers with Display (VFR),31,104,119,1,255,6,48,331,4,389,37,152,450,5,644,194,0,194,838
03/30/2001,BFI,WA,ANM,WE,Towers with Display (VFR),31,107,123,1,262,7,88,463,8,566,38,195,586,9,828,348,0,348,1176
03/31/2001,BFI,WA,ANM,WE,Towers with Display (VFR),14,51,58,0,123,0,40,79,4,123,14,91,137,4,246,44,0,44,290
04/01/2001,BFI,WA,ANM,WE,Towers with Display (VFR),6,37,48,1,92,1,77,220,1,299,7,114,268,2,391,422,0,422,813
04/02/2001,BFI,WA,ANM,WE,Towers with Display (VFR),18,81,93,1,193,6,53,294,7,360,24,134,387,8,553,222,0,222,775
04/03/2001,BFI,WA,ANM,WE,Towers with Display (VFR),32,95,97,0,224,1,26,468,7,502,33,121,565,7,726,379,0,379,1105
04/04/2001,BFI,WA,ANM,WE,Towers with Display (VFR),33,109,79,1,222,1,69,636,2,708,34,178,715,3,930,396,0,396,1326
04/05/2001,BFI,WA,ANM,WE,Towers with Display (VFR),31,118,88,5,242,1,58,441,2,502,32,176,529,7,744,156,4,160,904
04/06/2001,BFI,WA,ANM,WE,Towers with Display (VFR),36,108,95,1,240,1,85,335,9,430,37,193,430,10,670,302,0,302,972
04/07/2001,BFI,WA,ANM,WE,Towers with Display (VFR),12,47,54,1,114,1,68,386,4,459,13,115,440,5,573,356,0,356,929
04/08/2001,BFI,WA,ANM,WE,Towers with Display (VFR),3,28,62,2,95,3,47,178,2,230,6,75,240,4,325,200,0,200,525
04/09/2001,BFI,WA,ANM,WE,Towers with Display (VFR),20,69,81,0,170,0,85,269,0,354,20,154,350,0,524,98,0,98,622
04/10/2001,BFI,WA,ANM,WE,Towers with Display (VFR),32,61,89,0,182,11,89,150,0,250,43,150,239,0,432,284,0,284,716
04/11/2001,BFI,WA,ANM,WE,Towers with Display (VFR),36,82,87,0,205,0,144,487,14,645,36,226,574,14,850,308,0,308,1158
04/12/2001,BFI,WA,ANM,WE,Towers with Display (VFR),36,102,100,0,238,3,74,322,2,401,39,176,422,2,639,282,0,282,921
04/13/2001,BFI,WA,ANM,WE,Towers with Display (VFR),34,97,96,0,227,0,81,494,7,582,34,178,590,7,809,326,0,326,1135
04/14/2001,BFI,WA,ANM,WE,Towers with Display (VFR),15,34,57,0,106,0,75,585,14,674,15,109,642,14,780,494,0,494,1274
04/15/2001,BFI,WA,ANM,WE,Towers with Display (VFR),8,16,36,3,63,0,43,390,2,435,8,59,426,5,498,182,0,182,680
04/16/2001,BFI,WA,ANM,WE,Towers with Display (VFR),26,65,95,2,188,0,83,584,0,667,26,148,679,2,855,398,0,398,1253
04/17/2001,BFI,WA,ANM,WE,Towers with Display (VFR),37,93,78,1,209,0,75,272,2,349,37,168,350,3,558,144,0,144,702
04/18/2001,BFI,WA,ANM,WE,Towers with Display (VFR),36,86,86,1,209,0,123,453,0,576,36,209,539,1,785,390,0,390,1175
04/19/2001,BFI,WA,ANM,WE,Towers with Display (VFR),47,89,110,2,248,0,112,586,5,703,47,201,696,7,951,236,4,240,1191
04/20/2001,BFI,WA,ANM,WE,Towers with Display (VFR),34,88,103,2,227,0,61,453,3,517,34,149,556,5,744,288,0,288,1032
04/21/2001,BFI,WA,ANM,WE,Towers with Display (VFR),16,64,73,0,153,0,5,623,1,629,16,69,696,1,782,246,0,246,1028
04/22/2001,BFI,WA,ANM,WE,Towers with Display (VFR),15,28,87,5,135,0,68,343,3,414,15,96,430,8,549,418,0,418,967
04/23/2001,BFI,WA,ANM,WE,Towers with Display (VFR),30,68,99,1,198,10,75,369,2,456,40,143,468,3,654,410,82,492,1146
04/24/2001,BFI,WA,ANM,WE,Towers with Display (VFR),37,86,92,2,217,0,137,637,2,776,37,223,729,4,993,422,0,422,1415
04/25/2001,BFI,WA,ANM,WE,Towers with Display (VFR),36,65,90,0,191,0,115,765,6,886,36,180,855,6,1077,346,20,366,1443
04/26/2001,BFI,WA,ANM,WE,Towers with Display (VFR),42,84,86,1,213,0,84,711,0,795,42,168,797,1,1008,362,0,362,1370
04/27/2001,BFI,WA,ANM,WE,Towers with Display (VFR),33,109,103,1,246,4,67,466,7,544,37,176,569,8,790,221,0,221,1011
04/28/2001,BFI,WA,ANM,WE,Towers with Display (VFR),7,41,63,0,111,0,43,137,0,180,7,84,200,0,291,178,0,178,469
04/29/2001,BFI,WA,ANM,WE,Towers with Display (VFR),11,40,56,0,107,0,31,82,0,113,11,71,138,0,220,132,0,132,352
04/30/2001,BFI,WA,ANM,WE,Towers with Display (VFR),23,72,77,0,172,0,51,118,0,169,23,123,195,0,341,62,0,62,403
05/01/2001,BFI,WA,ANM,WE,Towers with Display (VFR),29,75,96,0,200,1,17,326,2,346,30,92,422,2,546,264,2,266,812
05/02/2001,BFI,WA,ANM,WE,Towers with Display (VFR),44,77,133,1,255,1,102,554,8,665,45,179,687,9,920,528,0,528,1448
05/03/2001,BFI,WA,ANM,WE,Towers with Display (VFR),35,68,101,0,204,0,93,589,0,682,35,161,690,0,886,350,0,350,1236
05/04/2001,BFI,WA,ANM,WE,Towers with Display (VFR),35,91,98,1,225,1,42,491,0,534,36,133,589,1,759,304,0,304,1063
05/05/2001,BFI,WA,ANM,WE,Towers with Display (VFR),17,43,66,0,126,1,49,336,0,386,18,92,402,0,512,246,0,246,758
05/06/2001,BFI,WA,ANM,WE,Towers with Display (VFR),9,22,63,2,96,1,57,635,0,693,10,79,698,2,789,238,0,238,1027
05/07/2001,BFI,WA,ANM,WE,Towers with Display (VFR),25,67,90,0,182,0,37,576,0,613,25,104,666,0,795,424,0,424,1219
05/08/2001,BFI,WA,ANM,WE,Towers with Display (VFR),45,95,106,0,246,0,31,345,0,376,45,126,451,0,622,176,0,176,798
05/09/2001,BFI,WA,ANM,WE,Towers with Display (VFR),31,59,101,0,191,1,187,419,0,607,32,246,520,0,798,362,0,362,1160
05/10/2001,BFI,WA,ANM,WE,Towers with Display (VFR),40,77,108,0,225,0,106,500,0,606,40,183,608,0,831,386,0,386,1217
05/11/2001,BFI,WA,ANM,WE,Towers with Display (VFR),36,86,77,1,200,0,95,478,1,574,36,181,555,2,774,248,0,248,1022
05/12/2001,BFI,WA,ANM,WE,Towers with Display (VFR),11,32,52,2,97,0,81,567,5,653,11,113,619,7,750,262,0,262,1012
05/13/2001,BFI,WA,ANM,WE,Towers with Display (VFR),11,26,78,1,116,0,45,150,0,195,11,71,228,1,311,184,0,184,495
05/14/2001,BFI,WA,ANM,WE,Towers with Display (VFR),22,71,103,0,196,0,43,144,0,187,22,114,247,0,383,58,0,58,441
05/15/2001,BFI,WA,ANM,WE,Towers with Display (VFR),40,98,110,4,252,0,66,228,0,294,40,164,338,4,546,324,0,324,870
05/16/2001,BFI,WA,ANM,WE,Towers with Display (VFR),39,86,108,5,238,0,50,218,1,269,39,136,326,6,507,68,0,68,575
05/17/2001,BFI,WA,ANM,WE,Towers with Display (VFR),43,77,92,0,212,0,48,365,0,413,43,125,457,0,625,356,0,356,981
05/18/2001,BFI,WA,ANM,WE,Towers with Display (VFR),58,77,118,0,253,0,41,589,0,630,58,118,707,0,883,468,0,468,1351
05/19/2001,BFI,WA,ANM,WE,Towers with Display (VFR),14,35,79,1,129,0,87,233,4,324,14,122,312,5,453,152,0,152,605
05/20/2001,BFI,WA,ANM,WE,Towers with Display (VFR),11,10,63,1,85,0,26,514,0,540,11,36,577,1,625,238,0,238,863
05/21/2001,BFI,WA,ANM,WE,Towers with Display (VFR),27,52,64,0,143,0,42,726,0,768,27,94,790,0,911,388,0,388,1299
05/22/2001,BFI,WA,ANM,WE,Towers with Display (VFR),40,80,114,1,235,0,60,666,0,726,40,140,780,1,961,332,0,332,1293
05/23/2001,BFI,WA,ANM,WE,Towers with Display (VFR),34,67,112,1,214,0,127,535,5,667,34,194,647,6,881,444,0,444,1325
05/24/2001,BFI,WA,ANM,WE,Towers with Display (VFR),33,101,138,2,274,0,94,452,10,556,33,195,590,12,830,341,0,341,1171
05/25/2001,BFI,WA,ANM,WE,Towers with Display (VFR),33,73,105,20,231,0,146,629,0,775,33,219,734,20,1006,332,0,332,1338
05/26/2001,BFI,WA,ANM,WE,Towers with Display (VFR),8,82,121,4,215,0,44,380,4,428,8,126,501,8,643,246,0,246,889
05/27/2001,BFI,WA,ANM,WE,Towers with Display (VFR),4,10,42,4,60,5,34,408,0,447,9,44,450,4,507,238,6,244,751
05/28/2001,BFI,WA,ANM,WE,Towers with Display (VFR),3,25,56,8,92,0,20,251,0,271,3,45,307,8,363,74,0,74,437
05/29/2001,BFI,WA,ANM,WE,Towers with Display (VFR),20,66,87,5,178,0,55,562,0,617,20,121,649,5,795,328,2,330,1125
05/30/2001,BFI,WA,ANM,WE,Towers with Display (VFR),30,67,111,4,212,0,92,413,0,505,30,159,524,4,717,328,2,330,1047
05/31/2001,BFI,WA,ANM,WE,Towers with Display (VFR),36,78,115,3,232,9,105,630,3,747,45,183,745,6,979,388,0,388,1367
06/01/2001,BFI,WA,ANM,WE,Towers with Display (VFR),38,97,104,1,240,0,75,253,0,328,38,172,357,1,568,146,0,146,714
06/02/2001,BFI,WA,ANM,WE,Towers with Display (VFR),8,32,66,1,107,0,73,128,4,205,8,105,194,5,312,192,0,192,504
06/03/2001,BFI,WA,ANM,WE,Towers with Display (VFR),8,15,68,2,93,0,47,333,1,381,8,62,401,3,474,342,0,342,816
06/04/2001,BFI,WA,ANM,WE,Towers with Display (VFR),31,60,82,2,175,0,42,373,0,415,31,102,455,2,590,342,18,360,950
06/05/2001,BFI,WA,ANM,WE,Towers with Display (VFR),39,83,101,0,223,0,43,362,0,405,39,126,463,0,628,386,0,386,1014
06/06/2001,BFI,WA,ANM,WE,Towers with Display (VFR),36,77,102,0,215,0,100,376,5,481,36,177,478,5,696,372,0,372,1068
06/07/2001,BFI,WA,ANM,WE,Towers with Display (VFR),47,75,94,0,216,0,118,689,6,813,47,193,783,6,1029,302,0,302,1331
06/08/2001,BFI,WA,ANM,WE,Towers with Display (VFR),40,65,77,1,183,0,152,369,6,527,40,217,446,7,710,234,0,234,944
06/09/2001,BFI,WA,ANM,WE,Towers with Display (VFR),11,34,81,1,127,0,89,381,7,477,11,123,462,8,604,198,0,198,802
06/10/2001,BFI,WA,ANM,WE,Towers with Display (VFR),4,11,72,0,87,0,36,278,5,319,4,47,350,5,406,216,0,216,622
06/11/2001,BFI,WA,ANM,WE,Towers with Display (VFR),25,59,107,0,191,0,34,94,0,128,25,93,201,0,319,108,0,108,427
06/12/2001,BFI,WA,ANM,WE,Towers with Display (VFR),38,79,81,0,198,0,73,347,0,420,38,152,428,0,618,368,0,368,986
06/13/2001,BFI,WA,ANM,WE,Towers with Display (VFR),32,85,103,2,222,11,60,452,0,523,43,145,555,2,745,280,0,280,1025
06/14/2001,BFI,WA,ANM,WE,Towers with Display (VFR),34,95,87,0,216,0,61,394,8,463,34,156,481,8,679,268,0,268,947
06/15/2001,BFI,WA,ANM,WE,Towers with Display (VFR),43,82,91,1,217,0,124,691,4,819,43,206,782,5,1036,312,6,318,1354
06/16/2001,BFI,WA,ANM,WE,Towers with Display (VFR),11,36,59,2,108,0,56,365,7,428,11,92,424,9,536,242,0,242,778
06/17/2001,BFI,WA,ANM,WE,Towers with Display (VFR),4,25,63,3,95,4,34,436,0,474,8,59,499,3,569,400,2,402,971
06/18/2001,BFI,WA,ANM,WE,Towers with Display (VFR),12,57,93,2,164,0,52,519,2,573,12,109,612,4,737,218,14,232,969
06/19/2001,BFI,WA,ANM,WE,Towers with Display (VFR),42,74,68,0,184,0,61,572,2,635,42,135,640,2,819,338,0,338,1157
06/20/2001,BFI,WA,ANM,WE,Towers with Display (VFR),35,81,78,0,194,0,111,432,6,549,35,192,510,6,743,370,0,370,1113
06/21/2001,BFI,WA,ANM,WE,Towers with Display (VFR),41,78,90,0,209,2,76,454,5,537,43,154,544,5,746,226,0,226,972
06/22/2001,BFI,WA,ANM,WE,Towers with Display (VFR),36,86,86,1,209,0,29,680,2,711,36,115,766,3,920,282,0,282,1202
06/23/2001,BFI,WA,ANM,WE,Towers with Display (VFR),16,35,81,0,132,0,81,609,8,698,16,116,690,8,830,362,0,362,1192
06/24/2001,BFI,WA,ANM,WE,Towers with Display (VFR),17,25,112,1,155,0,43,221,0,264,17,68,333,1,419,170,0,170,589
06/25/2001,BFI,WA,ANM,WE,Towers with Display (VFR),30,57,97,0,184,0,57,531,8,596,30,114,628,8,780,288,0,288,1068
06/26/2001,BFI,WA,ANM,WE,Towers with Display (VFR),37,79,84,0,200,0,79,567,0,646,37,158,651,0,846,320,0,320,1166
06/27/2001,BFI,WA,ANM,WE,Towers with Display (VFR),44,91,94,0,229,0,70,193,4,267,44,161,287,4,496,108,0,108,604
06/28/2001,BFI,WA,ANM,WE,Towers with Display (VFR),37,77,131,6,251,0,96,406,6,508,37,173,537,12,759,202,2,204,963
06/29/2001,BFI,WA,ANM,WE,Towers with Display (VFR),37,73,105,4,219,5,114,692,10,821,42,187,797,14,1040,440,0,440,1480
06/30/2001,BFI,WA,ANM,WE,Towers with Display (VFR),10,23,59,6,98,0,89,506,3,598,10,112,565,9,696,274,0,274,970
07/01/2001,BFI,WA,ANM,WE,Towers with Display (VFR),4,15,76,1,96,3,52,521,0,576,7,67,597,1,672,378,0,378,1050
07/02/2001,BFI,WA,ANM,WE,Towers with Display (VFR),20,44,70,4,138,2,87,624,1,714,22,131,694,5,852,414,2,416,1268
07/03/2001,BFI,WA,ANM,WE,Towers with Display (VFR),30,70,62,0,162,2,50,682,2,736,32,120,744,2,898,430,0,430,1328
07/04/2001,BFI,WA,ANM,WE,Towers with Display (VFR),4,21,39,0,64,2,49,440,0,491,6,70,479,0,555,116,8,124,679
07/05/2001,BFI,WA,ANM,WE,Towers with Display (VFR),17,52,94,1,164,7,80,503,7,597,24,132,597,8,761,308,0,308,1069
07/06/2001,BFI,WA,ANM,WE,Towers with Display (VFR),27,82,80,0,189,1,129,640,3,773,28,211,720,3,962,338,0,338,1300
07/07/2001,BFI,WA,ANM,WE,Towers with Display (VFR),12,39,65,0,116,2,55,396,7,460,14,94,461,7,576,326,0,326,902
07/08/2001,BFI,WA,ANM,WE,Towers with Display (VFR),10,31,87,0,128,1,86,603,1,691,11,117,690,1,819,354,0,354,1173
07/09/2001,BFI,WA,ANM,WE,Towers with Display (VFR),18,57,95,0,170,1,49,414,4,468,19,106,509,4,638,326,0,326,964
07/10/2001,BFI,WA,ANM,WE,Towers with Display (VFR),34,83,136,3,256,1,41,722,0,764,35,124,858,3,1020,308,0,308,1328
07/11/2001,BFI,WA,ANM,WE,Towers with Display (VFR),34,81,112,3,230,1,52,586,0,639,35,133,698,3,869,332,0,332,1201
07/12/2001,BFI,WA,ANM,WE,Towers with Display (VFR),30,80,98,7,215,1,40,572,0,613,31,120,670,7,828,212,0,212,1040
07/13/2001,BFI,WA,ANM,WE,Towers with Display (VFR),40,71,128,2,241,0,55,517,4,576,40,126,645,6,817,254,4,258,1075
07/14/2001,BFI,WA,ANM,WE,Towers with Display (VFR),19,39,102,0,160,0,66,347,10,423,19,105,449,10,583,372,0,372,955
07/15/2001,BFI,WA,ANM,WE,Towers with Display (VFR),7,61,114,2,184,0,4,324,0,328,7,65,438,2,512,224,0,224,736
07/16/2001,BFI,WA,ANM,WE,Towers with Display (VFR),21,69,128,2,220,0,43,210,5,258,21,112,338,7,478,272,0,272,750
07/17/2001,BFI,WA,ANM,WE,Towers with Display (VFR),38,101,144,8,291,0,23,449,1,473,38,124,593,9,764,272,0,272,1036
07/18/2001,BFI,WA,ANM,WE,Towers with Display (VFR),36,75,162,4,277,0,59,498,9,566,36,134,660,13,843,284,0,284,1127
07/19/2001,BFI,WA,ANM,WE,Towers with Display (VFR),28,88,128,9,253,0,120,580,4,704,28,208,708,13,957,428,4,432,1389
07/20/2001,BFI,WA,ANM,WE,Towers with Display (VFR),31,87,122,3,243,0,108,684,9,801,31,195,806,12,1044,368,0,368,1412
07/21/2001,BFI,WA,ANM,WE,Towers with Display (VFR),7,49,111,3,170,0,31,245,5,281,7,80,356,8,451,212,2,214,665
07/22/2001,BFI,WA,ANM,WE,Towers with Display (VFR),8,23,103,0,134,0,66,471,3,540,8,89,574,3,674,354,0,354,1028
07/23/2001,BFI,WA,ANM,WE,Towers with Display (VFR),22,55,122,2,201,0,51,452,1,504,22,106,574,3,705,354,0,354,1059
07/24/2001,BFI,WA,ANM,WE,Towers with Display (VFR),43,101,187,2,333,0,61,410,0,471,43,162,597,2,804,358,18,376,1180
07/25/2001,BFI,WA,ANM,WE,Towers with Display (VFR),37,66,132,2,237,0,92,448,4,544,37,158,580,6,781,540,0,540,1321
07/26/2001,BFI,WA,ANM,WE,Towers with Display (VFR),33,101,169,1,304,0,51,538,8,597,33,152,707,9,901,170,0,170,1071
07/27/2001,BFI,WA,ANM,WE,Towers with Display (VFR),26,97,177,4,304,0,102,407,14,523,26,199,584,18,827,292,14,306,1133
07/28/2001,BFI,WA,ANM,WE,Towers with Display (VFR),8,56,110,1,175,0,33,114,2,149,8,89,224,3,324,128,0,128,452
07/29/2001,BFI,WA,ANM,WE,Towers with Display (VFR),7,32,129,1,169,7,42,447,2,498,14,74,576,3,667,304,0,304,971
07/30/2001,BFI,WA,ANM,WE,Towers with Display (VFR),23,53,91,5,172,0,58,513,0,571,23,111,604,5,743,182,0,182,925
07/31/2001,BFI,WA,ANM,WE,Towers with Display (VFR),33,98,113,0,244,0,62,458,0,520,33,160,571,0,764,278,0,278,1042
08/01/2001,BFI,WA,ANM,WE,Towers with Display (VFR),38,87,124,8,257,1,131,468,8,608,39,218,592,16,865,302,12,314,1179
08/02/2001,BFI,WA,ANM,WE,Towers with Display (VFR),28,74,113,4,219,1,91,344,9,445,29,165,457,13,664,192,0,192,856
08/03/2001,BFI,WA,ANM,WE,Towers with Display (VFR),27,88,133,7,255,1,125,493,8,627,28,213,626,15,882,280,8,288,1170
08/04/2001,BFI,WA,ANM,WE,Towers with Display (VFR),9,42,59,1,111,2,30,296,11,339,11,72,355,12,450,236,10,246,696
08/05/2001,BFI,WA,ANM,WE,Towers with Display (VFR),6,32,59,7,104,2,94,389,6,491,8,126,448,13,595,260,0,260,855
08/06/2001,BFI,WA,ANM,WE,Towers with Display (VFR),20,70,103,6,199,1,62,391,0,454,21,132,494,6,653,254,0,254,907
08/07/2001,BFI,WA,ANM,WE,Towers with Display (VFR),43,72,90,0,205,1,55,663,2,721,44,127,753,2,926,298,4,302,1228
08/08/2001,BFI,WA,ANM,WE,Towers with Display (VFR),32,83,96,0,211,1,94,615,3,713,33,177,711,3,924,264,0,264,1188
08/09/2001,BFI,WA,ANM,WE,Towers with Display (VFR),33,90,96,1,220,1,95,741,2,839,34,185,837,3,1059,360,8,368,1427
08/10/2001,BFI,WA,ANM,WE,Towers with Display (VFR),32,123,80,1,236,1,75,850,0,926,33,198,930,1,1162,498,0,498,1660
08/11/2001,BFI,WA,ANM,WE,Towers with Display (VFR),6,49,73,1,129,0,31,540,1,572,6,80,613,2,701,222,0,222,923
08/12/2001,BFI,WA,ANM,WE,Towers with Display (VFR),15,20,91,1,127,1,76,564,2,643,16,96,655,3,770,358,0,358,1128
08/13/2001,BFI,WA,ANM,WE,Towers with Display (VFR),27,60,70,1,158,1,77,506,2,586,28,137,576,3,744,222,0,222,966
08/14/2001,BFI,WA,ANM,WE,Towers with Display (VFR),29,75,146,0,250,1,81,390,2,474,30,156,536,2,724,258,0,258,982
08/15/2001,BFI,WA,ANM,WE,Towers with Display (VFR),43,86,153,2,284,1,76,320,0,397,44,162,473,2,681,244,28,272,953
08/16/2001,BFI,WA,ANM,WE,Towers with Display (VFR),34,92,179,0,305,1,87,311,9,408,35,179,490,9,713,226,2,228,941
08/17/2001,BFI,WA,ANM,WE,Towers with Display (VFR),45,97,129,1,272,0,66,474,2,542,45,163,603,3,814,458,10,468,1282
08/18/2001,BFI,WA,ANM,WE,Towers with Display (VFR),13,34,88,4,139,2,76,331,11,420,15,110,419,15,559,168,0,168,727
08/19/2001,BFI,WA,ANM,WE,Towers with Display (VFR),8,32,110,2,152,6,57,573,6,642,14,89,683,8,794,350,2,352,1146
08/20/2001,BFI,WA,ANM,WE,Towers with Display (VFR),21,60,114,0,195,0,75,737,2,814,21,135,851,2,1009,212,0,212,1221
08/21/2001,BFI,WA,ANM,WE,Towers with Display (VFR),40,109,156,2,307,0,11,258,0,269,40,120,414,2,576,124,0,124,700
08/22/2001,BFI,WA,ANM,WE,Towers with Display (VFR),31,110,158,2,301,0,142,79,0,221,31,252,237,2,522,110,0,110,632
08/23/2001,BFI,WA,ANM,WE,Towers with Display (VFR),31,110,158,2,301,0,28,267,5,300,31,138,425,7,601,158,0,158,759
08/24/2001,BFI,WA,ANM,WE,Towers with Display (VFR),31,92,126,2,251,8,66,581,4,659,39,158,707,6,910,268,0,268,1178
08/25/2001,BFI,WA,ANM,WE,Towers with Display (VFR),8,37,49,3,97,0,100,440,24,564,8,137,489,27,661,274,0,274,935
08/26/2001,BFI,WA,ANM,WE,Towers with Display (VFR),14,27,88,5,134,0,43,579,0,622,14,70,667,5,756,396,0,396,1152
08/27/2001,BFI,WA,ANM,WE,Towers with Display (VFR),21,47,111,0,179,0,67,613,0,680,21,114,724,0,859,350,0,350,1209
08/28/2001,BFI,WA,ANM,WE,Towers with Display (VFR),40,83,98,0,221,0,76,515,3,594,40,159,613,3,815,220,0,220,1035
08/29/2001,BFI,WA,ANM,WE,Towers with Display (VFR),36,89,93,0,218,0,73,570,9,652,36,162,663,9,870,228,0,228,1098
08/30/2001,BFI,WA,ANM,WE,Towers with Display (VFR),42,82,155,0,279,0,111,567,8,686,42,193,722,8,965,330,0,330,1295
08/31/2001,BFI,WA,ANM,WE,Towers with Display (VFR),41,80,107,0,228,0,140,399,9,548,41,220,506,9,776,228,0,228,1004
09/01/2001,BFI,WA,ANM,WE,Towers with Display (VFR),9,37,57,2,105,0,84,182,0,266,9,121,239,2,371,166,0,166,537
09/02/2001,BFI,WA,ANM,WE,Towers with Display (VFR),3,20,48,1,72,17,142,413,0,572,20,162,461,1,644,405,0,405,1049
09/03/2001,BFI,WA,ANM,WE,Towers with Display (VFR),0,18,114,1,133,0,44,285,0,329,0,62,399,1,462,174,0,174,636
09/04/2001,BFI,WA,ANM,WE,Towers with Display (VFR),26,61,76,0,163,0,62,606,0,668,26,123,682,0,831,448,0,448,1279
09/05/2001,BFI,WA,ANM,WE,Towers with Display (VFR),42,89,94,2,227,0,32,359,10,401,42,121,453,12,628,317,2,319,947
09/06/2001,BFI,WA,ANM,WE,Towers with Display (VFR),42,83,85,2,212,0,61,438,1,500,42,144,523,3,712,268,8,276,988
09/07/2001,BFI,WA,ANM,WE,Towers with Display (VFR),32,81,101,1,215,0,77,521,4,602,32,158,622,5,817,314,4,318,1135
09/08/2001,BFI,WA,ANM,WE,Towers with Display (VFR),8,30,47,0,85,1,68,566,13,648,9,98,613,13,733,274,0,274,1007
09/09/2001,BFI,WA,ANM,WE,Towers with Display (VFR),7,27,57,4,95,0,32,518,2,552,7,59,575,6,647,260,0,260,907
09/10/2001,BFI,WA,ANM,WE,Towers with Display (VFR),20,55,74,5,154,0,90,696,0,786,20,145,770,5,940,300,0,300,1240
09/11/2001,BFI,WA,ANM,WE,Towers with Display (VFR),10,25,2,0,37,0,13,9,8,30,10,38,11,8,67,0,0,0,67
09/12/2001,BFI,WA,ANM,WE,Towers with Display (VFR),0,0,0,0,0,0,40,5,3,48,0,40,5,3,48,48,0,48,96
09/13/2001,BFI,WA,ANM,WE,Towers with Display (VFR),11,155,0,2,168,0,32,0,0,32,11,187,0,2,200,0,0,0,200
09/14/2001,BFI,WA,ANM,WE,Towers with Display (VFR),36,95,85,0,216,0,108,0,3,111,36,203,85,3,327,4,0,4,331
09/15/2001,BFI,WA,ANM,WE,Towers with Display (VFR),25,72,76,1,174,5,28,30,5,68,30,100,106,6,242,6,0,6,248
09/16/2001,BFI,WA,ANM,WE,Towers with Display (VFR),11,56,74,3,144,0,0,4,0,4,11,56,78,3,148,0,0,0,148
09/17/2001,BFI,WA,ANM,WE,Towers with Display (VFR),24,97,120,0,241,0,45,10,0,55,24,142,130,0,296,0,0,0,296
09/18/2001,BFI,WA,ANM,WE,Towers with Display (VFR),36,100,125,0,261,0,24,76,0,100,36,124,201,0,361,0,0,0,361
09/19/2001,BFI,WA,ANM,WE,Towers with Display (VFR),33,95,135,0,263,0,33,0,0,33,33,128,135,0,296,2,0,2,298
09/20/2001,BFI,WA,ANM,WE,Towers with Display (VFR),45,120,197,0,362,0,34,69,2,105,45,154,266,2,467,8,0,8,475
09/21/2001,BFI,WA,ANM,WE,Towers with Display (VFR),38,151,113,2,304,0,101,102,0,203,38,252,215,2,507,18,0,18,525
09/22/2001,BFI,WA,ANM,WE,Towers with Display (VFR),21,56,115,0,192,0,94,172,5,271,21,150,287,5,463,100,0,100,563
09/23/2001,BFI,WA,ANM,WE,Towers with Display (VFR),9,38,152,0,199,0,47,147,6,200,9,85,299,6,399,64,0,64,463
09/24/2001,BFI,WA,ANM,WE,Towers with Display (VFR),19,106,169,0,294,0,21,86,0,107,19,127,255,0,401,22,0,22,423
09/25/2001,BFI,WA,ANM,WE,Towers with Display (VFR),41,119,133,0,293,0,5,196,3,204,41,124,329,3,497,84,0,84,581
09/26/2001,BFI,WA,ANM,WE,Towers with Display (VFR),44,94,170,1,309,0,38,0,0,38,44,132,170,1,347,22,0,22,369
09/27/2001,BFI,WA,ANM,WE,Towers with Display (VFR),33,95,168,0,296,14,73,198,1,286,47,168,366,1,582,86,0,86,668
09/28/2001,BFI,WA,ANM,WE,Towers with Display (VFR),41,100,159,0,300,0,111,277,4,392,41,211,436,4,692,130,0,130,822
09/29/2001,BFI,WA,ANM,WE,Towers with Display (VFR),14,39,105,0,158,0,52,142,2,196,14,91,247,2,354,22,0,22,376
09/30/2001,BFI,WA,ANM,WE,Towers with Display (VFR),17,35,140,0,192,0,21,23,0,44,17,56,163,0,236,10,0,10,246
10/01/2001,BFI,WA,ANM,WE,Towers with Display (VFR),26,74,161,0,261,1,59,153,0,213,27,133,314,0,474,46,0,46,520
10/02/2001,BFI,WA,ANM,WE,Towers with Display (VFR),32,87,164,2,285,0,40,255,2,297,32,127,419,4,582,134,4,138,720
10/03/2001,BFI,WA,ANM,WE,Towers with Display (VFR),37,80,207,1,325,0,46,184,5,235,37,126,391,6,560,86,0,86,646
10/04/2001,BFI,WA,ANM,WE,Towers with Display (VFR),28,80,185,0,293,0,131,265,0,396,28,211,450,0,689,86,0,86,775
10/05/2001,BFI,WA,ANM,WE,Towers with Display (VFR),35,76,172,0,283,21,195,335,5,556,56,271,507,5,839,60,0,60,899
10/06/2001,BFI,WA,ANM,WE,Towers with Display (VFR),15,46,125,2,188,5,65,87,2,159,20,111,212,4,347,112,0,112,459
10/07/2001,BFI,WA,ANM,WE,Towers with Display (VFR),5,60,120,0,185,0,4,144,0,148,5,64,264,0,333,92,0,92,425
10/08/2001,BFI,WA,ANM,WE,Towers with Display (VFR),23,65,110,0,198,0,21,140,2,163,23,86,250,2,361,36,0,36,397
10/09/2001,BFI,WA,ANM,WE,Towers with Display (VFR),33,89,146,1,269,0,19,99,0,118,33,108,245,1,387,124,0,124,511
10/10/2001,BFI,WA,ANM,WE,Towers with Display (VFR),39,110,136,1,286,0,4,0,1,5,39,114,136,2,291,86,0,86,377
10/11/2001,BFI,WA,ANM,WE,Towers with Display (VFR),36,105,187,1,329,0,38,278,7,323,36,143,465,8,652,184,0,184,836
10/12/2001,BFI,WA,ANM,WE,Towers with Display (VFR),40,107,117,0,264,0,16,26,2,44,40,123,143,2,308,70,0,70,378
10/13/2001,BFI,WA,ANM,WE,Towers with Display (VFR),11,44,112,2,169,0,87,160,0,247,11,131,272,2,416,66,0,66,482
10/14/2001,BFI,WA,ANM,WE,Towers with Display (VFR),11,32,77,0,120,0,119,86,0,205,11,151,163,0,325,126,0,126,451
10/15/2001,BFI,WA,ANM,WE,Towers with Display (VFR),25,91,161,1,278,0,49,145,0,194,25,140,306,1,472,86,0,86,558
10/16/2001,BFI,WA,ANM,WE,Towers with Display (VFR),40,115,124,1,280,0,42,94,0,136,40,157,218,1,416,44,0,44,460
10/17/2001,BFI,WA,ANM,WE,Towers with Display (VFR),43,99,134,0,276,0,50,386,5,441,43,149,520,5,717,174,0,174,891
10/18/2001,BFI,WA,ANM,WE,Towers with Display (VFR),36,95,166,0,297,0,33,275,6,314,36,128,441,6,611,200,0,200,811
10/19/2001,BFI,WA,ANM,WE,Towers with Display (VFR),34,90,127,0,251,0,35,153,2,190,34,125,280,2,441,84,0,84,525
10/20/2001,BFI,WA,ANM,WE,Towers with Display (VFR),21,29,100,0,150,0,76,174,5,255,21,105,274,5,405,104,0,104,509
10/21/2001,BFI,WA,ANM,WE,Towers with Display (VFR),5,23,76,0,104,0,22,52,0,74,5,45,128,0,178,48,0,48,226
10/22/2001,BFI,WA,ANM,WE,Towers with Display (VFR),29,83,84,0,196,0,71,175,0,246,29,154,259,0,442,138,0,138,580
10/23/2001,BFI,WA,ANM,WE,Towers with Display (VFR),39,88,97,0,224,0,44,245,0,289,39,132,342,0,513,62,0,62,575
10/24/2001,BFI,WA,ANM,WE,Towers with Display (VFR),46,104,119,3,272,0,39,84,3,126,46,143,203,6,398,108,0,108,506
10/25/2001,BFI,WA,ANM,WE,Towers with Display (VFR),36,98,133,3,270,0,51,185,0,236,36,149,318,3,506,32,0,32,538
10/26/2001,BFI,WA,ANM,WE,Towers with Display (VFR),37,94,124,0,255,0,45,264,0,309,37,139,388,0,564,142,0,142,706
10/27/2001,BFI,WA,ANM,WE,Towers with Display (VFR),12,35,81,1,129,6,26,45,1,78,18,61,126,2,207,132,0,132,339
10/28/2001,BFI,WA,ANM,WE,Towers with Display (VFR),7,28,94,3,132,0,42,706,1,749,7,70,800,4,881,150,0,150,1031
10/29/2001,BFI,WA,ANM,WE,Towers with Display (VFR),26,70,105,2,203,0,61,359,0,420,26,131,464,2,623,114,18,132,755
10/30/2001,BFI,WA,ANM,WE,Towers with Display (VFR),35,116,129,2,282,0,67,115,1,183,35,183,244,3,465,96,0,96,561
10/31/2001,BFI,WA,ANM,WE,Towers with Display (VFR),35,116,102,0,253,0,39,37,9,85,35,155,139,9,338,54,0,54,392
11/01/2001,BFI,WA,ANM,WE,Towers with Display (VFR),29,104,117,0,250,1,71,170,4,246,30,175,287,4,496,254,0,254,750
11/02/2001,BFI,WA,ANM,WE,Towers with Display (VFR),37,140,91,0,268,1,34,531,6,572,38,174,622,6,840,144,0,144,984
11/03/2001,BFI,WA,ANM,WE,Towers with Display (VFR),16,37,77,0,130,1,56,346,4,407,17,93,423,4,537,58,0,58,595
11/04/2001,BFI,WA,ANM,WE,Towers with Display (VFR),8,36,81,1,126,2,10,56,1,69,10,46,137,2,195,128,0,128,323
11/05/2001,BFI,WA,ANM,WE,Towers with Display (VFR),16,62,93,0,171,1,77,212,5,295,17,139,305,5,466,118,0,118,584
11/06/2001,BFI,WA,ANM,WE,Towers with Display (VFR),38,89,93,0,220,1,50,245,0,296,39,139,338,0,516,240,0,240,756
11/07/2001,BFI,WA,ANM,WE,Towers with Display (VFR),37,85,129,2,253,1,40,234,8,283,38,125,363,10,536,120,0,120,656
11/08/2001,BFI,WA,ANM,WE,Towers with Display (VFR),33,96,116,2,247,7,109,399,5,520,40,205,515,7,767,144,0,144,911
11/09/2001,BFI,WA,ANM,WE,Towers with Display (VFR),43,86,72,3,204,0,139,384,7,530,43,225,456,10,734,238,0,238,972
11/10/2001,BFI,WA,ANM,WE,Towers with Display (VFR),16,34,56,0,106,0,50,344,0,394,16,84,400,0,500,128,0,128,628
11/11/2001,BFI,WA,ANM,WE,Towers with Display (VFR),8,27,73,1,109,4,37,188,2,231,12,64,261,3,340,150,0,150,490
11/12/2001,BFI,WA,ANM,WE,Towers with Display (VFR),24,44,96,15,179,0,58,195,0,253,24,102,291,15,432,46,0,46,478
11/13/2001,BFI,WA,ANM,WE,Towers with Display (VFR),33,91,97,2,223,0,95,41,0,136,33,186,138,2,359,68,0,68,427
11/14/2001,BFI,WA,ANM,WE,Towers with Display (VFR),37,100,85,0,222,0,55,106,4,165,37,155,191,4,387,0,0,0,387
11/15/2001,BFI,WA,ANM,WE,Towers with Display (VFR),33,93,89,3,218,0,63,100,0,163,33,156,189,3,381,44,0,44,425
11/16/2001,BFI,WA,ANM,WE,Towers with Display (VFR),40,99,110,0,249,9,44,258,9,320,49,143,368,9,569,84,8,92,661
11/17/2001,BFI,WA,ANM,WE,Towers with Display (VFR),10,35,71,0,116,7,41,301,6,355,17,76,372,6,471,112,0,112,583
11/18/2001,BFI,WA,ANM,WE,Towers with Display (VFR),11,15,78,2,106,2,52,510,3,567,13,67,588,5,673,152,2,154,827
11/19/2001,BFI,WA,ANM,WE,Towers with Display (VFR),19,69,90,0,178,0,63,103,0,166,19,132,193,0,344,58,0,58,402
11/20/2001,BFI,WA,ANM,WE,Towers with Display (VFR),19,92,112,1,224,0,66,225,2,293,19,158,337,3,517,140,0,140,657
11/21/2001,BFI,WA,ANM,WE,Towers with Display (VFR),19,105,102,0,226,0,40,165,4,209,19,145,267,4,435,90,0,90,525
11/22/2001,BFI,WA,ANM,WE,Towers with Display (VFR),10,38,14,0,62,0,26,16,0,42,10,64,30,0,104,6,0,6,110
11/23/2001,BFI,WA,ANM,WE,Towers with Display (VFR),12,58,71,0,141,0,49,205,3,257,12,107,276,3,398,188,0,188,586
11/24/2001,BFI,WA,ANM,WE,Towers with Display (VFR),10,47,42,0,99,0,28,170,3,201,10,75,212,3,300,68,0,68,368
11/25/2001,BFI,WA,ANM,WE,Towers with Display (VFR),5,29,100,0,134,0,20,67,0,87,5,49,167,0,221,138,0,138,359
11/26/2001,BFI,WA,ANM,WE,Towers with Display (VFR),19,67,98,0,184,0,50,278,0,328,19,117,376,0,512,104,0,104,616
11/27/2001,BFI,WA,ANM,WE,Towers with Display (VFR),46,103,94,1,244,0,42,397,0,439,46,145,491,1,683,212,0,212,895
11/28/2001,BFI,WA,ANM,WE,Towers with Display (VFR),35,89,67,0,191,0,36,32,0,68,35,125,99,0,259,44,0,44,303
11/29/2001,BFI,WA,ANM,WE,Towers with Display (VFR),44,94,100,2,240,0,70,109,0,179,44,164,209,2,419,70,0,70,489
11/30/2001,BFI,WA,ANM,WE,Towers with Display (VFR),44,104,115,0,263,1,53,161,2,217,45,157,276,2,480,208,0,208,688
12/01/2001,BFI,WA,ANM,WE,Towers with Display (VFR),16,46,42,0,104,0,25,32,9,66,16,71,74,9,170,10,0,10,180
12/02/2001,BFI,WA,ANM,WE,Towers with Display (VFR),9,35,64,0,108,0,13,299,2,314,9,48,363,2,422,140,0,140,562
12/03/2001,BFI,WA,ANM,WE,Towers with Display (VFR),29,66,91,1,187,0,37,235,3,275,29,103,326,4,462,164,0,164,626
12/04/2001,BFI,WA,ANM,WE,Towers with Display (VFR),37,109,80,0,226,0,17,187,2,206,37,126,267,2,432,120,0,120,552
12/05/2001,BFI,WA,ANM,WE,Towers with Display (VFR),45,98,93,2,238,0,51,128,9,188,45,149,221,11,426,156,0,156,582
12/06/2001,BFI,WA,ANM,WE,Towers with Display (VFR),41,96,82,0,219,0,41,138,4,183,41,137,220,4,402,24,0,24,426
12/07/2001,BFI,WA,ANM,WE,Towers with Display (VFR),49,91,109,3,252,0,110,432,6,548,49,201,541,9,800,114,0,114,914
12/08/2001,BFI,WA,ANM,WE,Towers with Display (VFR),15,40,67,0,122,2,16,98,4,120,17,56,165,4,242,50,0,50,292
12/09/2001,BFI,WA,ANM,WE,Towers with Display (VFR),11,34,66,1,112,0,26,209,0,235,11,60,275,1,347,114,0,114,461
12/10/2001,BFI,WA,ANM,WE,Towers with Display (VFR),27,71,79,0,177,0,48,89,0,137,27,119,168,0,314,88,0,88,402
12/11/2001,BFI,WA,ANM,WE,Towers with Display (VFR),43,102,104,1,250,0,47,241,1,289,43,149,345,2,539,158,0,158,697
12/12/2001,BFI,WA,ANM,WE,Towers with Display (VFR),45,111,101,0,257,0,16,152,4,172,45,127,253,4,429,106,0,106,535
12/13/2001,BFI,WA,ANM,WE,Towers with Display (VFR),49,114,74,0,237,0,55,43,0,98,49,169,117,0,335,0,0,0,335
12/14/2001,BFI,WA,ANM,WE,Towers with Display (VFR),35,83,105,2,225,3,72,432,12,519,38,155,537,14,744,256,0,256,1000
12/15/2001,BFI,WA,ANM,WE,Towers with Display (VFR),23,46,44,0,113,0,39,83,6,128,23,85,127,6,241,178,0,178,419
12/16/2001,BFI,WA,ANM,WE,Towers with Display (VFR),17,40,45,0,102,1,12,11,0,24,18,52,56,0,126,36,0,36,162
12/17/2001,BFI,WA,ANM,WE,Towers with Display (VFR),33,62,96,0,191,0,112,372,6,490,33,174,468,6,681,230,0,230,911
12/18/2001,BFI,WA,ANM,WE,Towers with Display (VFR),45,103,77,0,225,0,50,178,0,228,45,153,255,0,453,144,0,144,597
12/19/2001,BFI,WA,ANM,WE,Towers with Display (VFR),53,132,93,2,280,0,66,283,6,355,53,198,376,8,635,286,2,288,923
12/20/2001,BFI,WA,ANM,WE,Towers with Display (VFR),62,112,141,0,315,0,65,189,4,258,62,177,330,4,573,344,0,344,917
12/21/2001,BFI,WA,ANM,WE,Towers with Display (VFR),17,59,54,0,130,27,110,384,2,523,44,169,438,2,653,178,0,178,831
12/22/2001,BFI,WA,ANM,WE,Towers with Display (VFR),20,40,70,0,130,0,32,145,4,181,20,72,215,4,311,116,0,116,427
12/23/2001,BFI,WA,ANM,WE,Towers with Display (VFR),4,27,38,0,69,0,32,285,4,321,4,59,323,4,390,250,0,250,640
12/24/2001,BFI,WA,ANM,WE,Towers with Display (VFR),4,47,26,0,77,0,98,233,0,331,4,145,259,0,408,116,0,116,524
12/25/2001,BFI,WA,ANM,WE,Towers with Display (VFR),1,27,12,0,40,0,16,80,0,96,1,43,92,0,136,44,0,44,180
12/26/2001,BFI,WA,ANM,WE,Towers with Display (VFR),13,72,72,0,157,0,49,253,1,303,13,121,325,1,460,210,0,210,670
12/27/2001,BFI,WA,ANM,WE,Towers with Display (VFR),29,89,79,2,199,0,127,200,0,327,29,216,279,2,526,172,0,172,698
12/28/2001,BFI,WA,ANM,WE,Towers with Display (VFR),22,74,70,0,166,0,44,296,12,352,22,118,366,12,518,154,0,154,672
12/29/2001,BFI,WA,ANM,WE,Towers with Display (VFR),7,34,58,0,99,0,76,256,2,334,7,110,314,2,433,200,0,200,633
12/30/2001,BFI,WA,ANM,WE,Towers with Display (VFR),3,25,71,0,99,0,40,184,0,224,3,65,255,0,323,140,0,140,463
12/31/2001,BFI,WA,ANM,WE,Towers with Display (VFR),5,59,68,0,132,2,7,82,0,91,7,66,150,0,223,80,0,80,303
01/01/2002,BFI,WA,ANM,WE,Towers with Display (VFR),1,30,46,0,77,0,26,64,2,92,1,56,110,2,169,36,0,36,205
01/02/2002,BFI,WA,ANM,WE,Towers with Display (VFR),16,61,72,0,149,0,85,200,0,285,16,146,272,0,434,74,0,74,508
01/03/2002,BFI,WA,ANM,WE,Towers with Display (VFR),42,70,79,0,191,0,35,223,0,258,42,105,302,0,449,106,0,106,555
01/04/2002,BFI,WA,ANM,WE,Towers with Display (VFR),24,94,75,0,193,0,36,397,8,441,24,130,472,8,634,206,2,208,842
01/05/2002,BFI,WA,ANM,WE,Towers with Display (VFR),14,37,66,0,117,0,32,191,5,228,14,69,257,5,345,242,0,242,587
01/06/2002,BFI,WA,ANM,WE,Towers with Display (VFR),4,27,56,0,87,0,28,84,0,112,4,55,140,0,199,124,0,124,323
01/07/2002,BFI,WA,ANM,WE,Towers with Display (VFR),21,81,81,2,185,4,35,179,3,221,25,116,260,5,406,116,0,116,522
01/08/2002,BFI,WA,ANM,WE,Towers with Display (VFR),28,118,79,1,226,0,24,125,5,154,28,142,204,6,380,90,0,90,470
01/09/2002,BFI,WA,ANM,WE,Towers with Display (VFR),34,88,102,0,224,0,38,280,0,318,34,126,382,0,542,118,0,118,660
01/10/2002,BFI,WA,ANM,WE,Towers with Display (VFR),35,92,109,0,236,0,28,247,7,282,35,120,356,7,518,248,0,248,766
01/11/2002,BFI,WA,ANM,WE,Towers with Display (VFR),35,87,86,0,208,0,86,300,5,391,35,173,386,5,599,132,0,132,731
01/12/2002,BFI,WA,ANM,WE,Towers with Display (VFR),12,45,31,0,88,0,21,146,3,170,12,66,177,3,258,146,0,146,404
01/13/2002,BFI,WA,ANM,WE,Towers with Display (VFR),9,27,56,0,92,0,29,215,0,244,9,56,271,0,336,220,0,220,556
01/14/2002,BFI,WA,ANM,WE,Towers with Display (VFR),34,75,91,0,200,0,129,151,0,280,34,204,242,0,480,196,0,196,676
01/15/2002,BFI,WA,ANM,WE,Towers with Display (VFR),53,90,101,6,250,0,58,267,0,325,53,148,368,6,575,184,0,184,759
01/16/2002,BFI,WA,ANM,WE,Towers with Display (VFR),36,90,101,6,233,0,62,142,3,207,36,152,243,9,440,125,2,127,567
01/17/2002,BFI,WA,ANM,WE,Towers with Display (VFR),36,112,99,0,247,5,44,363,5,417,41,156,462,5,664,338,0,338,1002
01/18/2002,BFI,WA,ANM,WE,Towers with Display (VFR),35,116,97,1,249,0,87,120,4,211,35,203,217,5,460,126,0,126,586
01/19/2002,BFI,WA,ANM,WE,Towers with Display (VFR),14,40,54,0,108,0,18,83,8,109,14,58,137,8,217,132,0,132,349
01/20/2002,BFI,WA,ANM,WE,Towers with Display (VFR),5,24,44,0,73,0,22,58,0,80,5,46,102,0,153,16,0,16,169
01/21/2002,BFI,WA,ANM,WE,Towers with Display (VFR),14,48,81,2,145,2,40,94,2,138,16,88,175,4,283,234,0,234,517
01/22/2002,BFI,WA,ANM,WE,Towers with Display (VFR),32,94,86,3,215,0,34,218,1,253,32,128,304,4,468,76,0,76,544
01/23/2002,BFI,WA,ANM,WE,Towers with Display (VFR),41,118,78,1,238,0,22,111,8,141,41,140,189,9,379,108,0,108,487
01/24/2002,BFI,WA,ANM,WE,Towers with Display (VFR),30,102,88,0,220,0,40,52,1,93,30,142,140,1,313,14,0,14,327
01/25/2002,BFI,WA,ANM,WE,Towers with Display (VFR),29,91,101,0,221,0,35,134,0,169,29,126,235,0,390,130,0,130,520
01/26/2002,BFI,WA,ANM,WE,Towers with Display (VFR),12,35,61,0,108,0,43,101,8,152,12,78,162,8,260,194,0,194,454
01/27/2002,BFI,WA,ANM,WE,Towers with Display (VFR),3,24,54,0,81,0,14,0,0,14,3,38,54,0,95,50,0,50,145
01/28/2002,BFI,WA,ANM,WE,Towers with Display (VFR),35,70,100,0,205,0,30,260,10,300,35,100,360,10,505,246,0,246,751
01/29/2002,BFI,WA,ANM,WE,Towers with Display (VFR),32,97,91,2,222,0,21,158,4,183,32,118,249,6,405,106,0,106,511
01/30/2002,BFI,WA,ANM,WE,Towers with Display (VFR),32,97,91,2,222,6,26,102,4,138,38,123,193,6,360,38,4,42,402
01/31/2002,BFI,WA,ANM,WE,Towers with Display (VFR),38,99,91,2,230,3,41,75,23,142,41,140,166,25,372,32,0,32,404
02/01/2002,BFI,WA,ANM,WE,Towers with Display (VFR),28,71,71,0,170,0,77,337,2,416,28,148,408,2,586,266,0,266,852
02/02/2002,BFI,WA,ANM,WE,Towers with Display (VFR),8,35,60,0,103,1,77,444,11,533,9,112,504,11,636,238,0,238,874
02/03/2002,BFI,WA,ANM,WE,Towers with Display (VFR),0,20,56,0,76,1,29,125,0,155,1,49,181,0,231,140,0,140,371
02/04/2002,BFI,WA,ANM,WE,Towers with Display (VFR),21,72,90,1,184,3,55,449,4,511,24,127,539,5,695,206,0,206,901
02/05/2002,BFI,WA,ANM,WE,Towers with Display (VFR),34,90,82,0,206,1,58,2,6,67,35,148,84,6,273,52,0,52,325
02/06/2002,BFI,WA,ANM,WE,Towers with Display (VFR),33,109,88,0,230,7,36,90,11,144,40,145,178,11,374,66,0,66,440
02/07/2002,BFI,WA,ANM,WE,Towers with Display (VFR),32,97,121,1,251,0,63,215,10,288,32,160,336,11,539,202,0,202,741
02/08/2002,BFI,WA,ANM,WE,Towers with Display (VFR),31,84,106,1,222,0,97,218,7,322,31,181,324,8,544,164,0,164,708
02/09/2002,BFI,WA,ANM,WE,Towers with Display (VFR),7,40,52,0,99,0,90,324,8,422,7,130,376,8,521,290,0,290,811
02/10/2002,BFI,WA,ANM,WE,Towers with Display (VFR),3,36,47,0,86,0,29,187,12,228,3,65,234,12,314,150,0,150,464
02/11/2002,BFI,WA,ANM,WE,Towers with Display (VFR),21,63,81,0,165,0,96,332,0,428,21,159,413,0,593,164,0,164,757
02/12/2002,BFI,WA,ANM,WE,Towers with Display (VFR),39,96,140,0,275,1,11,297,0,309,40,107,437,0,584,138,0,138,722
02/13/2002,BFI,WA,ANM,WE,Towers with Display (VFR),31,78,111,2,222,12,98,308,18,436,43,176,419,20,658,282,12,294,952
02/14/2002,BFI,WA,ANM,WE,Towers with Display (VFR),35,89,102,0,226,0,112,411,9,532,35,201,513,9,758,288,0,288,1046
02/15/2002,BFI,WA,ANM,WE,Towers with Display (VFR),29,85,99,0,213,1,131,484,8,624,30,216,583,8,837,332,0,332,1169
02/16/2002,BFI,WA,ANM,WE,Towers with Display (VFR),11,50,80,0,141,1,66,187,3,257,12,116,267,3,398,228,0,228,626
02/17/2002,BFI,WA,ANM,WE,Towers with Display (VFR),5,32,71,0,108,1,43,83,1,128,6,75,154,1,236,202,0,202,438
02/18/2002,BFI,WA,ANM,WE,Towers with Display (VFR),25,67,83,1,176,1,81,243,1,326,26,148,326,2,502,260,0,260,762
02/19/2002,BFI,WA,ANM,WE,Towers with Display (VFR),36,74,61,4,175,1,82,117,5,205,37,156,178,9,380,10,0,10,390
02/20/2002,BFI,WA,ANM,WE,Towers with Display (VFR),43,88,112,3,246,1,63,294,7,365,44,151,406,10,611,120,0,120,731
02/21/2002,BFI,WA,ANM,WE,Towers with Display (VFR),40,91,63,4,198,1,25,59,4,89,41,116,122,8,287,14,0,14,301
02/22/2002,BFI,WA,ANM,WE,Towers with Display (VFR),54,98,109,3,264,1,56,158,7,222,55,154,267,10,486,210,0,210,696
02/23/2002,BFI,WA,ANM,WE,Towers with Display (VFR),13,58,61,0,132,1,32,152,11,196,14,90,213,11,328,200,0,200,528
02/24/2002,BFI,WA,ANM,WE,Towers with Display (VFR),2,41,91,2,136,1,66,284,8,359,3,107,375,10,495,216,0,216,711
02/25/2002,BFI,WA,ANM,WE,Towers with Display (VFR),15,64,92,1,172,3,93,422,4,522,18,157,514,5,694,268,0,268,962
02/26/2002,BFI,WA,ANM,WE,Towers with Display (VFR),33,84,94,2,213,1,41,461,2,505,34,125,555,4,718,156,0,156,874
02/27/2002,BFI,WA,ANM,WE,Towers with Display (VFR),38,91,107,2,238,2,65,285,13,365,40,156,392,15,603,140,2,142,745
02/28/2002,BFI,WA,ANM,WE,Towers with Display (VFR),36,97,107,0,240,1,96,335,7,439,37,193,442,7,679,256,0,256,935
03/01/2002,BFI,WA,ANM,WE,Towers with Display (VFR),28,80,82,0,190,1,69,390,13,473,29,149,472,13,663,238,0,238,901
03/02/2002,BFI,WA,ANM,WE,Towers with Display (VFR),9,40,49,0,98,1,116,385,11,513,10,156,434,11,611,256,0,256,867
03/03/2002,BFI,WA,ANM,WE,Towers with Display (VFR),10,40,66,0,116,1,38,360,9,408,11,78,426,9,524,188,0,188,712
03/04/2002,BFI,WA,ANM,WE,Towers with Display (VFR),23,81,100,0,204,0,62,286,2,350,23,143,386,2,554,226,0,226,780
03/05/2002,BFI,WA,ANM,WE,Towers with Display (VFR),38,98,85,1,222,0,30,241,3,274,38,128,326,4,496,84,0,84,580
03/06/2002,BFI,WA,ANM,WE,Towers with Display (VFR),30,95,104,1,230,4,63,183,4,254,34,158,287,5,484,98,0,98,582
03/07/2002,BFI,WA,ANM,WE,Towers with Display (VFR),24,78,84,1,187,4,75,204,4,287,28,153,288,5,474,140,0,140,614
03/08/2002,BFI,WA,ANM,WE,Towers with Display (VFR),26,85,93,1,205,5,56,174,4,239,31,141,267,5,444,140,0,140,584
03/09/2002,BFI,WA,ANM,WE,Towers with Display (VFR),12,45,46,0,103,0,50,175,0,225,12,95,221,0,328,140,0,140,468
03/10/2002,BFI,WA,ANM,WE,Towers with Display (VFR),7,45,47,0,99,0,31,92,0,123,7,76,139,0,222,144,0,144,366
03/11/2002,BFI,WA,ANM,WE,Towers with Display (VFR),18,65,68,0,151,0,62,35,0,97,18,127,103,0,248,6,0,6,254
03/12/2002,BFI,WA,ANM,WE,Towers with Display (VFR),34,108,65,0,207,0,30,84,2,116,34,138,149,2,323,30,0,30,353
03/13/2002,BFI,WA,ANM,WE,Towers with Display (VFR),34,105,117,0,256,5,65,203,8,281,39,170,320,8,537,60,0,60,597
03/14/2002,BFI,WA,ANM,WE,Towers with Display (VFR),37,92,90,0,219,7,50,292,6,355,44,142,382,6,574,182,0,182,756
03/15/2002,BFI,WA,ANM,WE,Towers with Display (VFR),37,92,89,0,218,0,84,161,5,250,37,176,250,5,468,202,0,202,670
03/16/2002,BFI,WA,ANM,WE,Towers with Display (VFR),11,17,58,0,86,2,66,19,5,92,13,83,77,5,178,16,0,16,194
03/17/2002,BFI,WA,ANM,WE,Towers with Display (VFR),9,30,72,0,111,0,29,209,0,238,9,59,281,0,349,146,0,146,495
03/18/2002,BFI,WA,ANM,WE,Towers with Display (VFR),19,71,102,0,192,0,27,21,8,56,19,98,123,8,248,42,0,42,290
03/19/2002,BFI,WA,ANM,WE,Towers with Display (VFR),38,104,65,1,208,0,29,93,0,122,38,133,158,1,330,62,0,62,392
03/20/2002,BFI,WA,ANM,WE,Towers with Display (VFR),38,115,86,0,239,0,14,54,3,71,38,129,140,3,310,4,0,4,314
03/21/2002,BFI,WA,ANM,WE,Towers with Display (VFR),40,101,104,0,245,0,96,327,8,431,40,197,431,8,676,264,0,264,940
03/22/2002,BFI,WA,ANM,WE,Towers with Display (VFR),51,93,127,0,271,0,41,524,3,568,51,134,651,3,839,328,0,328,1167
03/23/2002,BFI,WA,ANM,WE,Towers with Display (VFR),15,39,96,0,150,0,95,298,8,401,15,134,394,8,551,338,0,338,889
03/24/2002,BFI,WA,ANM,WE,Towers with Display (VFR),8,41,80,0,129,0,16,160,0,176,8,57,240,0,305,226,0,226,531
03/25/2002,BFI,WA,ANM,WE,Towers with Display (VFR),20,69,80,2,171,0,46,435,5,486,20,115,515,7,657,314,0,314,971
03/26/2002,BFI,WA,ANM,WE,Towers with Display (VFR),34,93,117,9,253,0,81,223,7,311,34,174,340,16,564,170,0,170,734
03/27/2002,BFI,WA,ANM,WE,Towers with Display (VFR),34,113,117,4,268,0,24,269,8,301,34,137,386,12,569,148,4,152,721
03/28/2002,BFI,WA,ANM,WE,Towers with Display (VFR),31,132,90,9,262,0,34,312,8,354,31,166,402,17,616,106,0,106,722
03/29/2002,BFI,WA,ANM,WE,Towers with Display (VFR),33,98,106,3,240,0,59,371,0,430,33,157,477,3,670,108,0,108,778
03/30/2002,BFI,WA,ANM,WE,Towers with Display (VFR),16,51,88,0,155,0,93,348,9,450,16,144,436,9,605,460,0,460,1065
03/31/2002,BFI,WA,ANM,WE,Towers with Display (VFR),8,29,60,0,97,0,29,272,168,469,8,58,332,168,566,0,0,0,566
04/01/2002,BFI,WA,ANM,WE,Towers with Display (VFR),20,56,97,0,173,3,71,322,8,404,23,127,419,8,577,340,0,340,917
04/02/2002,BFI,WA,ANM,WE,Towers with Display (VFR),50,76,96,0,222,0,50,335,0,385,50,126,431,0,607,284,0,284,891
04/03/2002,BFI,WA,ANM,WE,Towers with Display (VFR),42,83,69,2,196,0,47,440,7,494,42,130,509,9,690,230,0,230,920
04/04/2002,BFI,WA,ANM,WE,Towers with Display (VFR),37,83,119,0,239,2,108,481,11,602,39,191,600,11,841,308,0,308,1149
04/05/2002,BFI,WA,ANM,WE,Towers with Display (VFR),30,94,123,0,247,0,93,274,7,374,30,187,397,7,621,238,2,240,861
04/06/2002,BFI,WA,ANM,WE,Towers with Display (VFR),14,50,69,0,133,0,63,149,5,217,14,113,218,5,350,148,0,148,498
04/07/2002,BFI,WA,ANM,WE,Towers with Display (VFR),8,29,74,0,111,0,36,187,0,223,8,65,261,0,334,246,0,246,580
04/08/2002,BFI,WA,ANM,WE,Towers with Display (VFR),27,56,78,1,162,0,71,307,0,378,27,127,385,1,540,250,0,250,790
04/09/2002,BFI,WA,ANM,WE,Towers with Display (VFR),43,80,102,0,225,0,52,148,0,200,43,132,250,0,425,154,0,154,579
04/10/2002,BFI,WA,ANM,WE,Towers with Display (VFR),39,95,103,0,237,0,45,221,9,275,39,140,324,9,512,244,0,244,756
04/11/2002,BFI,WA,ANM,WE,Towers with Display (VFR),33,84,137,0,254,0,91,259,5,355,33,175,396,5,609,308,0,308,917
04/12/2002,BFI,WA,ANM,WE,Towers with Display (VFR),26,100,112,0,238,0,53,123,8,184,26,153,235,8,422,128,4,132,554
04/13/2002,BFI,WA,ANM,WE,Towers with Display (VFR),18,42,39,2,101,0,23,27,7,57,18,65,66,9,158,0,0,0,158
04/14/2002,BFI,WA,ANM,WE,Towers with Display (VFR),12,31,55,2,100,7,54,47,1,109,19,85,102,3,209,22,0,22,231
04/15/2002,BFI,WA,ANM,WE,Towers with Display (VFR),19,73,94,2,188,2,63,229,0,294,21,136,323,2,482,132,0,132,614
04/16/2002,BFI,WA,ANM,WE,Towers with Display (VFR),48,96,91,2,237,0,48,189,0,237,48,144,280,2,474,194,0,194,668
04/17/2002,BFI,WA,ANM,WE,Towers with Display (VFR),33,89,100,0,222,0,67,321,6,394,33,156,421,6,616,278,0,278,894
04/18/2002,BFI,WA,ANM,WE,Towers with Display (VFR),30,88,97,1,216,0,106,415,6,527,30,194,512,7,743,426,0,426,1169
04/19/2002,BFI,WA,ANM,WE,Towers with Display (VFR),10,87,143,3,243,0,25,402,6,433,10,112,545,9,676,464,0,464,1140
04/20/2002,BFI,WA,ANM,WE,Towers with Display (VFR),7,40,83,0,130,0,18,188,0,206,7,58,271,0,336,172,0,172,508
04/21/2002,BFI,WA,ANM,WE,Towers with Display (VFR),7,32,118,0,157,28,118,269,6,421,35,150,387,6,578,292,0,292,870
04/22/2002,BFI,WA,ANM,WE,Towers with Display (VFR),28,72,100,0,200,10,89,506,4,609,38,161,606,4,809,360,0,360,1169
04/23/2002,BFI,WA,ANM,WE,Towers with Display (VFR),38,88,93,0,219,9,91,847,6,953,47,179,940,6,1172,317,0,317,1489
04/24/2002,BFI,WA,ANM,WE,Towers with Display (VFR),34,85,119,1,239,13,94,421,5,533,47,179,540,6,772,317,0,317,1089
04/25/2002,BFI,WA,ANM,WE,Towers with Display (VFR),42,86,150,2,280,0,115,658,5,778,42,201,808,7,1058,446,0,446,1504
04/26/2002,BFI,WA,ANM,WE,Towers with Display (VFR),35,91,143,0,269,0,69,255,10,334,35,160,398,10,603,350,0,350,953
04/27/2002,BFI,WA,ANM,WE,Towers with Display (VFR),12,42,99,0,153,0,37,359,2,398,12,79,458,2,551,364,0,364,915
04/28/2002,BFI,WA,ANM,WE,Towers with Display (VFR),7,32,73,2,114,0,50,360,0,410,7,82,433,2,524,320,0,320,844
04/29/2002,BFI,WA,ANM,WE,Towers with Display (VFR),19,62,100,2,183,1,69,414,0,484,20,131,514,2,667,344,0,344,1011
04/30/2002,BFI,WA,ANM,WE,Towers with Display (VFR),38,82,109,2,231,0,43,554,0,597,38,125,663,2,828,308,0,308,1136
05/01/2002,BFI,WA,ANM,WE,Towers with Display (VFR),31,87,157,1,276,0,34,326,21,381,31,121,483,22,657,366,0,366,1023
05/02/2002,BFI,WA,ANM,WE,Towers with Display (VFR),41,92,144,1,278,0,50,184,4,238,41,142,328,5,516,178,0,178,694
05/03/2002,BFI,WA,ANM,WE,Towers with Display (VFR),33,82,121,3,239,0,110,316,0,426,33,192,437,3,665,240,0,240,905
05/04/2002,BFI,WA,ANM,WE,Towers with Display (VFR),14,46,56,0,116,0,21,238,5,264,14,67,294,5,380,282,0,282,662
05/05/2002,BFI,WA,ANM,WE,Towers with Display (VFR),4,28,43,1,76,0,21,101,0,122,4,49,144,1,198,38,0,38,236
05/06/2002,BFI,WA,ANM,WE,Towers with Display (VFR),17,65,74,0,156,0,38,116,1,155,17,103,190,1,311,126,0,126,437
05/07/2002,BFI,WA,ANM,WE,Towers with Display (VFR),32,86,106,1,225,0,68,332,0,400,32,154,438,1,625,378,0,378,1003
05/08/2002,BFI,WA,ANM,WE,Towers with Display (VFR),37,83,135,6,261,0,49,366,26,441,37,132,501,32,702,300,0,300,1002
05/09/2002,BFI,WA,ANM,WE,Towers with Display (VFR),29,86,88,3,206,8,91,493,5,597,37,177,581,8,803,300,4,304,1107
05/10/2002,BFI,WA,ANM,WE,Towers with Display (VFR),29,70,107,0,206,0,134,404,12,550,29,204,511,12,756,342,0,342,1098
05/11/2002,BFI,WA,ANM,WE,Towers with Display (VFR),6,34,68,0,108,0,76,447,7,530,6,110,515,7,638,410,0,410,1048
05/12/2002,BFI,WA,ANM,WE,Towers with Display (VFR),4,33,64,0,101,0,57,341,0,398,4,90,405,0,499,294,8,302,801
05/13/2002,BFI,WA,ANM,WE,Towers with Display (VFR),18,86,121,2,227,0,40,168,1,209,18,126,289,3,436,148,0,148,584
05/14/2002,BFI,WA,ANM,WE,Towers with Display (VFR),28,84,118,4,234,0,77,356,2,435,28,161,474,6,669,318,0,318,987
05/15/2002,BFI,WA,ANM,WE,Towers with Display (VFR),29,91,121,1,242,0,86,524,17,627,29,177,645,18,869,330,0,330,1199
05/16/2002,BFI,WA,ANM,WE,Towers with Display (VFR),33,78,103,0,214,0,81,496,10,587,33,159,599,10,801,328,0,328,1129
05/17/2002,BFI,WA,ANM,WE,Towers with Display (VFR),29,92,125,1,247,8,49,364,10,431,37,141,489,11,678,332,0,332,1010
05/18/2002,BFI,WA,ANM,WE,Towers with Display (VFR),11,41,78,0,130,0,46,285,13,344,11,87,363,13,474,262,0,262,736
05/19/2002,BFI,WA,ANM,WE,Towers with Display (VFR),6,22,74,3,105,0,41,244,5,290,6,63,318,8,395,268,0,268,663
05/20/2002,BFI,WA,ANM,WE,Towers with Display (VFR),17,57,77,0,151,0,73,290,4,367,17,130,367,4,518,208,0,208,726
05/21/2002,BFI,WA,ANM,WE,Towers with Display (VFR),33,105,121,0,259,0,16,271,0,287,33,121,392,0,546,154,0,154,700
05/22/2002,BFI,WA,ANM,WE,Towers with Display (VFR),37,90,111,2,240,0,77,282,13,372,37,167,393,15,612,354,0,354,966
05/23/2002,BFI,WA,ANM,WE,Towers with Display (VFR),36,94,146,0,276,0,116,375,2,493,36,210,521,2,769,300,0,300,1069
05/24/2002,BFI,WA,ANM,WE,Towers with Display (VFR),30,94,99,1,224,0,88,582,1,671,30,182,681,2,895,278,0,278,1173
05/25/2002,BFI,WA,ANM,WE,Towers with Display (VFR),11,37,49,0,97,0,45,278,4,327,11,82,327,4,424,302,0,302,726
05/26/2002,BFI,WA,ANM,WE,Towers with Display (VFR),4,20,53,0,77,0,33,260,4,297,4,53,313,4,374,140,0,140,514
05/27/2002,BFI,WA,ANM,WE,Towers with Display (VFR),0,89,20,1,110,2,0,347,8,357,2,89,367,9,467,220,0,220,687
05/28/2002,BFI,WA,ANM,WE,Towers with Display (VFR),19,91,98,1,209,0,28,324,0,352,19,119,422,1,561,282,0,282,843
05/29/2002,BFI,WA,ANM,WE,Towers with Display (VFR),32,99,140,2,273,0,79,354,0,433,32,178,494,2,706,272,4,276,982
05/30/2002,BFI,WA,ANM,WE,Towers with Display (VFR),24,95,121,0,240,0,122,492,5,619,24,217,613,5,859,247,0,247,1106
05/31/2002,BFI,WA,ANM,WE,Towers with Display (VFR),28,70,91,1,190,0,136,415,7,558,28,206,506,8,748,332,0,332,1080
06/01/2002,BFI,WA,ANM,WE,Towers with Display (VFR),9,34,45,1,89,9,40,457,3,509,18,74,502,4,598,302,0,302,900
06/02/2002,BFI,WA,ANM,WE,Towers with Display (VFR),3,32,68,4,107,1,74,279,6,360,4,106,347,10,467,344,0,344,811
06/03/2002,BFI,WA,ANM,WE,Towers with Display (VFR),20,63,92,2,177,0,89,455,3,547,20,152,547,5,724,210,0,210,934
06/04/2002,BFI,WA,ANM,WE,Towers with Display (VFR),38,91,95,2,226,1,32,279,0,312,39,123,374,2,538,86,0,86,624
06/05/2002,BFI,WA,ANM,WE,Towers with Display (VFR),34,92,85,1,212,1,102,413,5,521,35,194,498,6,733,158,0,158,891
06/06/2002,BFI,WA,ANM,WE,Towers with Display (VFR),44,108,110,2,264,1,93,371,17,482,45,201,481,19,746,328,0,328,1074
06/07/2002,BFI,WA,ANM,WE,Towers with Display (VFR),37,87,102,2,228,1,59,349,4,413,38,146,451,6,641,260,2,262,903
06/08/2002,BFI,WA,ANM,WE,Towers with Display (VFR),15,13,71,1,100,0,89,269,5,363,15,102,340,6,463,192,0,192,655
06/09/2002,BFI,WA,ANM,WE,Towers with Display (VFR),10,22,73,1,106,0,61,482,10,553,10,83,555,11,659,330,0,330,989
06/10/2002,BFI,WA,ANM,WE,Towers with Display (VFR),23,57,115,4,199,0,82,277,3,362,23,139,392,7,561,298,0,298,859
06/11/2002,BFI,WA,ANM,WE,Towers with Display (VFR),40,77,149,0,266,0,58,470,0,528,40,135,619,0,794,232,0,232,1026
06/12/2002,BFI,WA,ANM,WE,Towers with Display (VFR),29,74,110,2,215,5,77,593,2,677,34,151,703,4,892,358,0,358,1250
06/13/2002,BFI,WA,ANM,WE,Towers with Display (VFR),33,67,102,8,210,0,117,512,1,630,33,184,614,9,840,418,0,418,1258
06/14/2002,BFI,WA,ANM,WE,Towers with Display (VFR),32,81,144,2,259,0,103,452,4,559,32,184,596,6,818,276,0,276,1094
06/15/2002,BFI,WA,ANM,WE,Towers with Display (VFR),14,37,81,3,135,0,69,354,5,428,14,106,435,8,563,446,0,446,1009
06/16/2002,BFI,WA,ANM,WE,Towers with Display (VFR),7,17,75,0,99,0,152,303,0,455,7,169,378,0,554,246,0,246,800
06/17/2002,BFI,WA,ANM,WE,Towers with Display (VFR),18,79,101,8,206,0,63,216,5,284,18,142,317,13,490,264,0,264,754
06/18/2002,BFI,WA,ANM,WE,Towers with Display (VFR),38,96,106,6,246,5,58,385,10,458,43,154,491,16,704,386,0,386,1090
06/19/2002,BFI,WA,ANM,WE,Towers with Display (VFR),46,92,140,2,280,0,134,503,12,649,46,226,643,14,929,418,0,418,1347
06/20/2002,BFI,WA,ANM,WE,Towers with Display (VFR),40,70,105,3,218,0,136,534,5,675,40,206,639,8,893,276,0,276,1169
06/21/2002,BFI,WA,ANM,WE,Towers with Display (VFR),39,92,89,3,223,0,82,518,8,608,39,174,607,11,831,414,0,414,1245
06/22/2002,BFI,WA,ANM,WE,Towers with Display (VFR),15,40,90,7,152,0,49,333,1,383,15,89,423,8,535,228,0,228,763
06/23/2002,BFI,WA,ANM,WE,Towers with Display (VFR),18,46,69,1,134,3,60,376,3,442,21,106,445,4,576,344,0,344,920
06/24/2002,BFI,WA,ANM,WE,Towers with Display (VFR),27,55,88,0,170,0,70,357,0,427,27,125,445,0,597,204,0,204,801
06/25/2002,BFI,WA,ANM,WE,Towers with Display (VFR),35,79,82,0,196,0,100,525,0,625,35,179,607,0,821,494,0,494,1315
06/26/2002,BFI,WA,ANM,WE,Towers with Display (VFR),43,90,91,1,225,1,61,359,6,427,44,151,450,7,652,326,2,328,980
06/27/2002,BFI,WA,ANM,WE,Towers with Display (VFR),28,112,158,0,298,0,22,369,0,391,28,134,527,0,689,296,0,296,985
06/28/2002,BFI,WA,ANM,WE,Towers with Display (VFR),32,106,119,0,257,0,50,153,4,207,32,156,272,4,464,180,0,180,644
06/29/2002,BFI,WA,ANM,WE,Towers with Display (VFR),8,48,71,1,128,0,20,261,5,286,8,68,332,6,414,106,0,106,520
06/30/2002,BFI,WA,ANM,WE,Towers with Display (VFR),6,34,84,1,125,0,165,254,7,426,6,199,338,8,551,238,0,238,789
07/01/2002,BFI,WA,ANM,WE,Towers with Display (VFR),14,76,100,3,193,0,73,421,19,513,14,149,521,22,706,294,6,300,1006
07/02/2002,BFI,WA,ANM,WE,Towers with Display (VFR),37,74,80,1,192,0,90,517,0,607,37,164,597,1,799,408,0,408,1207
07/03/2002,BFI,WA,ANM,WE,Towers with Display (VFR),42,82,126,4,254,0,125,522,5,652,42,207,648,9,906,228,0,228,1134
07/04/2002,BFI,WA,ANM,WE,Towers with Display (VFR),6,33,52,1,92,0,49,248,7,304,6,82,300,8,396,160,0,160,556
07/05/2002,BFI,WA,ANM,WE,Towers with Display (VFR),14,52,77,2,145,0,61,418,8,487,14,113,495,10,632,222,0,222,854
07/06/2002,BFI,WA,ANM,WE,Towers with Display (VFR),12,37,56,0,105,0,65,368,9,442,12,102,424,9,547,266,0,266,813
07/07/2002,BFI,WA,ANM,WE,Towers with Display (VFR),5,30,99,0,134,0,98,258,9,365,5,128,357,9,499,202,0,202,701
07/08/2002,BFI,WA,ANM,WE,Towers with Display (VFR),17,71,91,0,179,0,118,421,3,542,17,189,512,3,721,315,0,315,1036
07/09/2002,BFI,WA,ANM,WE,Towers with Display (VFR),33,88,112,1,234,0,117,534,5,656,33,205,646,6,890,408,0,408,1298
07/10/2002,BFI,WA,ANM,WE,Towers with Display (VFR),45,97,104,2,248,0,86,612,8,706,45,183,716,10,954,518,0,518,1472
07/11/2002,BFI,WA,ANM,WE,Towers with Display (VFR),40,83,98,6,227,1,124,562,4,691,41,207,660,10,918,480,0,480,1398
07/12/2002,BFI,WA,ANM,WE,Towers with Display (VFR),27,85,99,1,212,0,116,512,1,629,27,201,611,2,841,446,0,446,1287
07/13/2002,BFI,WA,ANM,WE,Towers with Display (VFR),6,51,44,1,102,0,59,385,1,445,6,110,429,2,547,210,0,210,757
07/14/2002,BFI,WA,ANM,WE,Towers with Display (VFR),2,36,103,1,142,0,116,375,2,493,2,152,478,3,635,418,0,418,1053
07/15/2002,BFI,WA,ANM,WE,Towers with Display (VFR),20,53,82,6,161,0,48,525,0,573,20,101,607,6,734,358,0,358,1092
07/16/2002,BFI,WA,ANM,WE,Towers with Display (VFR),35,88,89,0,212,0,85,747,9,841,35,173,836,9,1053,532,0,532,1585
07/17/2002,BFI,WA,ANM,WE,Towers with Display (VFR),34,99,113,2,248,0,180,559,1,740,34,279,672,3,988,460,0,460,1448
07/18/2002,BFI,WA,ANM,WE,Towers with Display (VFR),30,91,133,1,255,0,61,429,5,495,30,152,562,6,750,238,0,238,988
07/19/2002,BFI,WA,ANM,WE,Towers with Display (VFR),38,87,123,1,249,0,124,599,4,727,38,211,722,5,976,396,0,396,1372
07/20/2002,BFI,WA,ANM,WE,Towers with Display (VFR),8,43,97,1,149,0,65,579,1,645,8,108,676,2,794,360,0,360,1154
07/21/2002,BFI,WA,ANM,WE,Towers with Display (VFR),6,34,79,0,119,0,170,574,0,744,6,204,653,0,863,462,0,462,1325
07/22/2002,BFI,WA,ANM,WE,Towers with Display (VFR),18,53,95,2,168,11,144,400,0,555,29,197,495,2,723,322,0,322,1045
07/23/2002,BFI,WA,ANM,WE,Towers with Display (VFR),39,79,128,0,246,0,99,582,0,681,39,178,710,0,927,420,0,420,1347
07/24/2002,BFI,WA,ANM,WE,Towers with Display (VFR),42,92,125,2,261,0,25,552,0,577,42,117,677,2,838,444,0,444,1282
07/25/2002,BFI,WA,ANM,WE,Towers with Display (VFR),30,134,167,2,333,0,87,250,0,337,30,221,417,2,670,264,0,264,934
07/26/2002,BFI,WA,ANM,WE,Towers with Display (VFR),34,127,161,2,324,0,65,288,4,357,34,192,449,6,681,244,0,244,925
07/27/2002,BFI,WA,ANM,WE,Towers with Display (VFR),9,60,96,3,168,0,65,516,5,586,9,125,612,8,754,362,0,362,1116
07/28/2002,BFI,WA,ANM,WE,Towers with Display (VFR),5,51,172,3,231,0,155,199,1,355,5,206,371,4,586,72,0,72,658
07/29/2002,BFI,WA,ANM,WE,Towers with Display (VFR),14,80,120,13,227,3,137,398,10,548,17,217,518,23,775,418,0,418,1193
07/30/2002,BFI,WA,ANM,WE,Towers with Display (VFR),14,80,120,13,227,27,161,464,5,657,41,241,584,18,884,454,0,454,1338
07/31/2002,BFI,WA,ANM,WE,Towers with Display (VFR),31,103,89,8,231,0,74,662,15,751,31,177,751,23,982,538,0,538,1520
08/01/2002,BFI,WA,ANM,WE,Towers with Display (VFR),24,68,94,2,188,0,144,443,22,609,24,212,537,24,797,188,0,188,985
08/02/2002,BFI,WA,ANM,WE,Towers with Display (VFR),23,77,102,5,207,1,72,485,46,604,24,149,587,51,811,328,0,328,1139
08/03/2002,BFI,WA,ANM,WE,Towers with Display (VFR),7,36,51,3,97,0,56,396,39,491,7,92,447,42,588,338,20,358,946
08/04/2002,BFI,WA,ANM,WE,Towers with Display (VFR),3,39,86,6,134,0,50,143,25,218,3,89,229,31,352,124,0,124,476
08/05/2002,BFI,WA,ANM,WE,Towers with Display (VFR),15,61,93,9,178,0,82,235,11,328,15,143,328,20,506,276,6,282,788
08/06/2002,BFI,WA,ANM,WE,Towers with Display (VFR),36,102,113,2,253,0,74,434,6,514,36,176,547,8,767,402,0,402,1169
08/07/2002,BFI,WA,ANM,WE,Towers with Display (VFR),27,76,110,2,215,8,137,563,23,731,35,213,673,25,946,404,0,404,1350
08/08/2002,BFI,WA,ANM,WE,Towers with Display (VFR),32,76,117,6,231,0,110,627,8,745,32,186,744,14,976,464,0,464,1440
08/09/2002,BFI,WA,ANM,WE,Towers with Display (VFR),32,117,665,6,820,0,0,0,0,0,32,117,665,6,820,394,0,394,1214
08/10/2002,BFI,WA,ANM,WE,Towers with Display (VFR),8,55,91,0,154,0,32,372,3,407,8,87,463,3,561,272,0,272,833
08/11/2002,BFI,WA,ANM,WE,Towers with Display (VFR),9,37,83,0,129,0,169,578,2,749,9,206,661,2,878,196,0,196,1074
08/12/2002,BFI,WA,ANM,WE,Towers with Display (VFR),14,63,105,0,182,0,162,465,2,629,14,225,570,2,811,270,0,270,1081
08/13/2002,BFI,WA,ANM,WE,Towers with Display (VFR),32,74,84,4,194,0,160,539,4,703,32,234,623,8,897,430,0,430,1327
08/14/2002,BFI,WA,ANM,WE,Towers with Display (VFR),31,70,112,0,213,0,122,601,7,730,31,192,713,7,943,354,0,354,1297
08/15/2002,BFI,WA,ANM,WE,Towers with Display (VFR),30,84,137,0,251,0,62,675,4,741,30,146,812,4,992,530,0,530,1522
08/16/2002,BFI,WA,ANM,WE,Towers with Display (VFR),30,128,733,7,898,0,0,0,0,0,30,128,733,7,898,236,0,236,1134
08/17/2002,BFI,WA,ANM,WE,Towers with Display (VFR),6,37,56,0,99,0,66,464,4,534,6,103,520,4,633,290,0,290,923
08/18/2002,BFI,WA,ANM,WE,Towers with Display (VFR),6,51,130,3,190,0,119,497,2,618,6,170,627,5,808,220,6,226,1034
08/19/2002,BFI,WA,ANM,WE,Towers with Display (VFR),1,97,171,2,271,0,109,270,2,381,1,206,441,4,652,86,0,86,738
08/20/2002,BFI,WA,ANM,WE,Towers with Display (VFR),31,101,143,2,277,0,98,425,0,523,31,199,568,2,800,344,0,344,1144
08/21/2002,BFI,WA,ANM,WE,Towers with Display (VFR),34,90,131,2,257,0,133,454,4,591,34,223,585,6,848,120,4,124,972
08/22/2002,BFI,WA,ANM,WE,Towers with Display (VFR),28,90,113,0,231,0,69,432,6,507,28,159,545,6,738,140,0,140,878
08/23/2002,BFI,WA,ANM,WE,Towers with Display (VFR),25,105,86,2,218,0,34,531,6,571,25,139,617,8,789,166,0,166,955
08/24/2002,BFI,WA,ANM,WE,Towers with Display (VFR),10,41,99,1,151,0,39,349,0,388,10,80,448,1,539,134,0,134,673
08/25/2002,BFI,WA,ANM,WE,Towers with Display (VFR),2,50,149,2,203,0,73,161,6,240,2,123,310,8,443,44,0,44,487
08/26/2002,BFI,WA,ANM,WE,Towers with Display (VFR),18,62,120,2,202,0,96,354,0,450,18,158,474,2,652,94,0,94,746
08/27/2002,BFI,WA,ANM,WE,Towers with Display (VFR),30,78,95,8,211,0,73,632,8,713,30,151,727,16,924,132,0,132,1056
08/28/2002,BFI,WA,ANM,WE,Towers with Display (VFR),29,87,119,2,237,0,104,541,1,646,29,191,660,3,883,82,2,84,967
08/29/2002,BFI,WA,ANM,WE,Towers with Display (VFR),34,81,111,1,227,0,85,511,5,601,34,166,622,6,828,106,0,106,934
08/30/2002,BFI,WA,ANM,WE,Towers with Display (VFR),20,93,100,1,214,0,76,426,4,506,20,169,526,5,720,98,0,98,818
08/31/2002,BFI,WA,ANM,WE,Towers with Display (VFR),8,42,51,0,101,2,50,448,3,503,10,92,499,3,604,98,0,98,702
09/01/2002,BFI,WA,ANM,WE,Towers with Display (VFR),5,37,80,0,122,0,58,228,0,286,5,95,308,0,408,92,0,92,500
09/02/2002,BFI,WA,ANM,WE,Towers with Display (VFR),0,69,109,0,178,0,22,175,0,197,0,91,284,0,375,44,0,44,419
09/03/2002,BFI,WA,ANM,WE,Towers with Display (VFR),15,73,90,1,179,0,49,350,1,400,15,122,440,2,579,146,0,146,725
09/04/2002,BFI,WA,ANM,WE,Towers with Display (VFR),43,97,104,2,246,0,74,448,2,524,43,171,552,4,770,164,0,164,934
09/05/2002,BFI,WA,ANM,WE,Towers with Display (VFR),32,74,88,1,195,0,80,457,7,544,32,154,545,8,739,134,0,134,873
09/06/2002,BFI,WA,ANM,WE,Towers with Display (VFR),40,91,86,1,218,0,50,494,2,546,40,141,580,3,764,142,0,142,906
09/07/2002,BFI,WA,ANM,WE,Towers with Display (VFR),6,44,77,0,127,0,26,310,6,342,6,70,387,6,469,112,0,112,581
09/08/2002,BFI,WA,ANM,WE,Towers with Display (VFR),1,35,87,3,126,2,42,244,0,288,3,77,331,3,414,46,0,46,460
09/09/2002,BFI,WA,ANM,WE,Towers with Display (VFR),18,62,54,1,135,0,73,336,0,409,18,135,390,1,544,44,0,44,588
09/10/2002,BFI,WA,ANM,WE,Towers with Display (VFR),36,80,95,2,213,0,82,407,0,489,36,162,502,2,702,62,0,62,764
09/11/2002,BFI,WA,ANM,WE,Towers with Display (VFR),26,99,122,0,247,0,77,341,0,418,26,176,463,0,665,74,0,74,739
09/12/2002,BFI,WA,ANM,WE,Towers with Display (VFR),31,78,83,12,204,0,78,534,3,615,31,156,617,15,819,114,0,114,933
09/13/2002,BFI,WA,ANM,WE,Towers with Display (VFR),20,70,101,4,195,0,74,589,6,669,20,144,690,10,864,142,0,142,1006
09/14/2002,BFI,WA,ANM,WE,Towers with Display (VFR),8,35,76,5,124,0,34,406,6,446,8,69,482,11,570,92,0,92,662
09/15/2002,BFI,WA,ANM,WE,Towers with Display (VFR),9,46,80,8,143,0,37,144,2,183,9,83,224,10,326,84,2,86,412
09/16/2002,BFI,WA,ANM,WE,Towers with Display (VFR),12,63,117,2,194,0,38,180,2,220,12,101,297,4,414,120,0,120,534
09/17/2002,BFI,WA,ANM,WE,Towers with Display (VFR),33,100,108,2,243,0,60,386,2,448,33,160,494,4,691,168,10,178,869
09/18/2002,BFI,WA,ANM,WE,Towers with Display (VFR),29,91,137,2,259,10,71,431,2,514,39,162,568,4,773,190,0,190,963
09/19/2002,BFI,WA,ANM,WE,Towers with Display (VFR),36,125,131,9,301,0,62,356,0,418,36,187,487,9,719,70,0,70,789
09/20/2002,BFI,WA,ANM,WE,Towers with Display (VFR),30,82,80,2,194,0,73,511,5,589,30,155,591,7,783,154,8,162,945
09/21/2002,BFI,WA,ANM,WE,Towers with Display (VFR),16,38,50,2,106,0,50,376,0,426,16,88,426,2,532,122,0,122,654
09/22/2002,BFI,WA,ANM,WE,Towers with Display (VFR),7,36,74,1,118,0,55,439,1,495,7,91,513,2,613,66,0,66,679
09/23/2002,BFI,WA,ANM,WE,Towers with Display (VFR),26,64,77,2,169,0,81,436,1,518,26,145,513,3,687,178,2,180,867
09/24/2002,BFI,WA,ANM,WE,Towers with Display (VFR),31,98,101,0,230,0,30,449,0,479,31,128,550,0,709,156,0,156,865
09/25/2002,BFI,WA,ANM,WE,Towers with Display (VFR),31,87,97,0,215,9,96,447,6,558,40,183,544,6,773,206,16,222,995
09/26/2002,BFI,WA,ANM,WE,Towers with Display (VFR),37,90,138,3,268,0,94,388,7,489,37,184,526,10,757,214,0,214,971
09/27/2002,BFI,WA,ANM,WE,Towers with Display (VFR),32,86,107,3,228,0,79,460,6,545,32,165,567,9,773,162,0,162,935
09/28/2002,BFI,WA,ANM,WE,Towers with Display (VFR),10,38,73,4,125,0,45,224,6,275,10,83,297,10,400,106,0,106,506
09/29/2002,BFI,WA,ANM,WE,Towers with Display (VFR),6,36,80,4,126,0,50,158,0,208,6,86,238,4,334,44,0,44,378
09/30/2002,BFI,WA,ANM,WE,Towers with Display (VFR),27,82,86,2,197,0,55,273,0,328,27,137,359,2,525,156,0,156,681
10/01/2002,BFI,WA,ANM,WE,Towers with Display (VFR),51,73,73,4,201,0,80,574,0,654,51,153,647,4,855,142,0,142,997
10/02/2002,BFI,WA,ANM,WE,Towers with Display (VFR),69,107,109,1,286,0,51,360,11,422,69,158,469,12,708,158,10,168,876
10/03/2002,BFI,WA,ANM,WE,Towers with Display (VFR),40,124,120,5,289,0,25,93,0,118,40,149,213,5,407,22,0,22,429
10/04/2002,BFI,WA,ANM,WE,Towers with Display (VFR),40,94,127,0,261,0,18,414,4,436,40,112,541,4,697,210,0,210,907
10/05/2002,BFI,WA,ANM,WE,Towers with Display (VFR),13,45,110,5,173,0,22,196,0,218,13,67,306,5,391,230,0,230,621
10/06/2002,BFI,WA,ANM,WE,Towers with Display (VFR),11,26,97,2,136,0,58,281,4,343,11,84,378,6,479,350,4,354,833
10/07/2002,BFI,WA,ANM,WE,Towers with Display (VFR),25,68,109,3,205,0,65,232,1,298,25,133,341,4,503,250,0,250,753
10/08/2002,BFI,WA,ANM,WE,Towers with Display (VFR),45,99,122,2,268,0,64,191,1,256,45,163,313,3,524,210,0,210,734
10/09/2002,BFI,WA,ANM,WE,Towers with Display (VFR),40,103,134,0,277,11,61,306,8,386,51,164,440,8,663,376,0,376,1039
10/10/2002,BFI,WA,ANM,WE,Towers with Display (VFR),36,104,87,0,227,0,41,324,9,374,36,145,411,9,601,228,0,228,829
10/11/2002,BFI,WA,ANM,WE,Towers with Display (VFR),32,85,111,1,229,0,42,395,5,442,32,127,506,6,671,210,0,210,881
10/12/2002,BFI,WA,ANM,WE,Towers with Display (VFR),16,38,51,0,105,3,24,349,8,384,19,62,400,8,489,220,0,220,709
10/13/2002,BFI,WA,ANM,WE,Towers with Display (VFR),8,28,64,4,104,0,71,343,0,414,8,99,407,4,518,224,4,228,746
10/14/2002,BFI,WA,ANM,WE,Towers with Display (VFR),29,35,93,2,159,0,116,373,2,491,29,151,466,4,650,250,0,250,900
10/15/2002,BFI,WA,ANM,WE,Towers with Display (VFR),46,73,82,0,201,0,107,461,0,568,46,180,543,0,769,402,0,402,1171
10/16/2002,BFI,WA,ANM,WE,Towers with Display (VFR),49,85,83,3,220,0,72,489,4,565,49,157,572,7,785,396,0,396,1181
10/17/2002,BFI,WA,ANM,WE,Towers with Display (VFR),35,96,91,2,224,4,43,397,6,450,39,139,488,8,674,258,0,258,932
10/18/2002,BFI,WA,ANM,WE,Towers with Display (VFR),39,95,135,0,269,0,25,215,4,244,39,120,350,4,513,238,0,238,751
10/19/2002,BFI,WA,ANM,WE,Towers with Display (VFR),20,55,69,1,145,0,14,104,2,120,20,69,173,3,265,160,2,162,427
10/20/2002,BFI,WA,ANM,WE,Towers with Display (VFR),7,36,88,0,131,0,10,119,3,132,7,46,207,3,263,136,0,136,399
10/21/2002,BFI,WA,ANM,WE,Towers with Display (VFR),19,83,100,0,202,0,74,215,3,292,19,157,315,3,494,162,0,162,656
10/22/2002,BFI,WA,ANM,WE,Towers with Display (VFR),38,87,107,0,232,0,97,413,0,510,38,184,520,0,742,214,0,214,956
10/23/2002,BFI,WA,ANM,WE,Towers with Display (VFR),36,82,139,0,257,0,33,278,6,317,36,115,417,6,574,216,0,216,790
10/24/2002,BFI,WA,ANM,WE,Towers with Display (VFR),32,98,97,1,228,0,3,148,0,151,32,101,245,1,379,186,0,186,565
10/25/2002,BFI,WA,ANM,WE,Towers with Display (VFR),35,123,132,2,292,0,10,87,4,101,35,133,219,6,393,54,0,54,447
10/26/2002,BFI,WA,ANM,WE,Towers with Display (VFR),16,53,72,2,143,4,41,79,5,129,20,94,151,7,272,136,0,136,408
10/27/2002,BFI,WA,ANM,WE,Towers with Display (VFR),1,19,63,2,85,0,38,186,5,229,1,57,249,7,314,236,0,236,550
10/28/2002,BFI,WA,ANM,WE,Towers with Display (VFR),21,72,88,0,181,0,82,155,1,238,21,154,243,1,419,178,0,178,597
10/29/2002,BFI,WA,ANM,WE,Towers with Display (VFR),29,93,93,2,217,0,89,356,8,453,29,182,449,10,670,238,0,238,908
10/30/2002,BFI,WA,ANM,WE,Towers with Display (VFR),38,91,91,0,220,0,91,417,6,514,38,182,508,6,734,220,0,220,954
10/31/2002,BFI,WA,ANM,WE,Towers with Display (VFR),42,74,72,1,189,4,64,411,8,487,46,138,483,9,676,248,0,248,924
11/01/2002,BFI,WA,ANM,WE,Towers with Display (VFR),31,75,85,0,191,1,77,334,9,421,32,152,419,9,612,162,2,164,776
11/02/2002,BFI,WA,ANM,WE,Towers with Display (VFR),16,36,69,0,121,1,25,300,7,333,17,61,369,7,454,142,0,142,596
11/03/2002,BFI,WA,ANM,WE,Towers with Display (VFR),4,23,69,0,96,1,1,307,2,311,5,24,376,2,407,210,0,210,617
11/04/2002,BFI,WA,ANM,WE,Towers with Display (VFR),20,58,64,3,145,1,37,264,0,302,21,95,328,3,447,82,0,82,529
11/05/2002,BFI,WA,ANM,WE,Towers with Display (VFR),34,85,79,0,198,1,53,295,0,349,35,138,374,0,547,100,0,100,647
11/06/2002,BFI,WA,ANM,WE,Towers with Display (VFR),45,93,109,0,247,1,49,129,2,181,46,142,238,2,428,116,0,116,544
11/07/2002,BFI,WA,ANM,WE,Towers with Display (VFR),30,113,99,0,242,1,80,237,0,318,31,193,336,0,560,140,0,140,700
11/08/2002,BFI,WA,ANM,WE,Towers with Display (VFR),30,88,97,3,218,1,58,170,2,231,31,146,267,5,449,92,0,92,541
11/09/2002,BFI,WA,ANM,WE,Towers with Display (VFR),14,39,70,0,123,0,77,186,6,269,14,116,256,6,392,184,0,184,576
11/10/2002,BFI,WA,ANM,WE,Towers with Display (VFR),9,15,53,0,77,0,44,143,0,187,9,59,196,0,264,190,0,190,454
11/11/2002,BFI,WA,ANM,WE,Towers with Display (VFR),16,38,122,1,177,0,99,338,0,437,16,137,460,1,614,194,0,194,808
11/12/2002,BFI,WA,ANM,WE,Towers with Display (VFR),45,84,70,0,199,0,34,136,0,170,45,118,206,0,369,106,0,106,475
11/13/2002,BFI,WA,ANM,WE,Towers with Display (VFR),43,98,70,2,213,7,79,286,6,378,50,177,356,8,591,172,0,172,763
11/14/2002,BFI,WA,ANM,WE,Towers with Display (VFR),43,103,97,3,246,0,89,258,7,354,43,192,355,10,600,304,0,304,904
11/15/2002,BFI,WA,ANM,WE,Towers with Display (VFR),40,74,108,0,222,0,37,383,10,430,40,111,491,10,652,392,0,392,1044
11/16/2002,BFI,WA,ANM,WE,Towers with Display (VFR),17,39,43,2,101,0,32,82,0,114,17,71,125,2,215,70,0,70,285
11/17/2002,BFI,WA,ANM,WE,Towers with Display (VFR),9,28,79,0,116,2,66,171,5,244,11,94,250,5,360,246,2,248,608
11/18/2002,BFI,WA,ANM,WE,Towers with Display (VFR),22,78,64,2,166,0,59,134,0,193,22,137,198,2,359,228,0,228,587
11/19/2002,BFI,WA,ANM,WE,Towers with Display (VFR),35,97,102,0,234,0,63,144,0,207,35,160,246,0,441,164,0,164,605
11/20/2002,BFI,WA,ANM,WE,Towers with Display (VFR),35,91,106,0,232,1,96,341,4,442,36,187,447,4,674,296,0,296,970
11/21/2002,BFI,WA,ANM,WE,Towers with Display (VFR),29,106,107,2,244,0,49,211,6,266,29,155,318,8,510,158,0,158,668
11/22/2002,BFI,WA,ANM,WE,Towers with Display (VFR),30,92,152,1,275,0,7,60,0,67,30,99,212,1,342,0,0,0,342
11/23/2002,BFI,WA,ANM,WE,Towers with Display (VFR),23,63,82,1,169,7,36,130,0,173,30,99,212,1,342,312,0,312,654
11/24/2002,BFI,WA,ANM,WE,Towers with Display (VFR),9,22,59,3,93,0,48,322,4,374,9,70,381,7,467,176,0,176,643
11/25/2002,BFI,WA,ANM,WE,Towers with Display (VFR),14,55,99,0,168,0,45,215,0,260,14,100,314,0,428,152,0,152,580
11/26/2002,BFI,WA,ANM,WE,Towers with Display (VFR),37,92,102,6,237,0,93,348,2,443,37,185,450,8,680,338,48,386,1066
11/27/2002,BFI,WA,ANM,WE,Towers with Display (VFR),42,109,118,4,273,0,70,373,13,456,42,179,491,17,729,272,12,284,1013
11/28/2002,BFI,WA,ANM,WE,Towers with Display (VFR),8,32,17,0,57,0,26,93,6,125,8,58,110,6,182,48,0,48,230
11/29/2002,BFI,WA,ANM,WE,Towers with Display (VFR),4,47,63,0,114,0,33,135,5,173,4,80,198,5,287,206,4,210,497
11/30/2002,BFI,WA,ANM,WE,Towers with Display (VFR),6,31,80,0,117,0,1,0,0,1,6,32,80,0,118,0,0,0,118
12/01/2002,BFI,WA,ANM,WE,Towers with Display (VFR),7,43,128,0,178,0,92,201,4,297,7,135,329,4,475,202,0,202,677
12/02/2002,BFI,WA,ANM,WE,Towers with Display (VFR),22,70,89,2,183,0,44,208,4,256,22,114,297,6,439,212,0,212,651
12/03/2002,BFI,WA,ANM,WE,Towers with Display (VFR),42,88,108,4,242,0,32,166,4,202,42,120,274,8,444,258,20,278,722
12/04/2002,BFI,WA,ANM,WE,Towers with Display (VFR),42,112,117,17,288,11,75,233,9,328,53,187,350,26,616,290,26,316,932
12/05/2002,BFI,WA,ANM,WE,Towers with Display (VFR),30,102,86,1,219,0,69,323,5,397,30,171,409,6,616,290,0,290,906
12/06/2002,BFI,WA,ANM,WE,Towers with Display (VFR),27,69,94,0,190,0,53,299,2,354,27,122,393,2,544,208,0,208,752
12/07/2002,BFI,WA,ANM,WE,Towers with Display (VFR),13,37,75,0,125,1,8,3,0,12,14,45,78,0,137,6,0,6,143
12/08/2002,BFI,WA,ANM,WE,Towers with Display (VFR),5,40,58,1,104,0,9,173,4,186,5,49,231,5,290,76,0,76,366
12/09/2002,BFI,WA,ANM,WE,Towers with Display (VFR),22,80,64,0,166,0,77,229,1,307,22,157,293,1,473,230,0,230,703
12/10/2002,BFI,WA,ANM,WE,Towers with Display (VFR),40,101,62,2,205,0,57,176,4,237,40,158,238,6,442,112,0,112,554
12/11/2002,BFI,WA,ANM,WE,Towers with Display (VFR),32,101,100,5,238,0,100,193,1,294,32,201,293,6,532,278,4,282,814
12/12/2002,BFI,WA,ANM,WE,Towers with Display (VFR),34,93,80,0,207,0,46,179,4,229,34,139,259,4,436,212,0,212,648
12/13/2002,BFI,WA,ANM,WE,Towers with Display (VFR),29,89,88,6,212,0,30,259,2,291,29,119,347,8,503,230,0,230,733
12/14/2002,BFI,WA,ANM,WE,Towers with Display (VFR),11,35,49,1,96,0,39,105,0,144,11,74,154,1,240,154,0,154,394
12/15/2002,BFI,WA,ANM,WE,Towers with Display (VFR),3,25,49,2,79,0,72,151,4,227,3,97,200,6,306,132,2,134,440
12/16/2002,BFI,WA,ANM,WE,Towers with Display (VFR),17,62,84,0,163,0,54,145,0,199,17,116,229,0,362,142,0,142,504
12/17/2002,BFI,WA,ANM,WE,Towers with Display (VFR),35,104,113,0,252,12,69,174,0,255,47,173,287,0,507,278,10,288,795
12/18/2002,BFI,WA,ANM,WE,Towers with Display (VFR),32,97,106,2,237,5,79,311,2,397,37,176,417,4,634,360,0,360,994
12/19/2002,BFI,WA,ANM,WE,Towers with Display (VFR),45,95,81,2,223,0,66,223,8,297,45,161,304,10,520,118,0,118,638
12/20/2002,BFI,WA,ANM,WE,Towers with Display (VFR),34,91,99,0,224,0,64,355,7,426,34,155,454,7,650,354,0,354,1004
12/21/2002,BFI,WA,ANM,WE,Towers with Display (VFR),9,44,81,5,139,1,26,258,2,287,10,70,339,7,426,198,0,198,624
12/22/2002,BFI,WA,ANM,WE,Towers with Display (VFR),14,33,69,0,116,0,39,229,5,273,14,72,298,5,389,232,2,234,623
12/23/2002,BFI,WA,ANM,WE,Towers with Display (VFR),17,59,80,0,156,0,114,259,1,374,17,173,339,1,530,202,2,204,734
12/24/2002,BFI,WA,ANM,WE,Towers with Display (VFR),25,85,17,0,127,0,55,150,0,205,25,140,167,0,332,72,0,72,404
12/25/2002,BFI,WA,ANM,WE,Towers with Display (VFR),1,20,15,0,36,0,0,7,0,7,1,20,22,0,43,0,0,0,43
12/26/2002,BFI,WA,ANM,WE,Towers with Display (VFR),15,63,67,1,146,0,81,230,7,318,15,144,297,8,464,128,0,128,592
12/27/2002,BFI,WA,ANM,WE,Towers with Display (VFR),17,87,43,0,147,0,39,88,2,129,17,126,131,2,276,60,0,60,336
12/28/2002,BFI,WA,ANM,WE,Towers with Display (VFR),5,46,51,1,103,0,21,102,1,124,5,67,153,2,227,132,0,132,359
12/29/2002,BFI,WA,ANM,WE,Towers with Display (VFR),7,20,38,1,66,0,31,125,0,156,7,51,163,1,222,154,4,158,380
12/30/2002,BFI,WA,ANM,WE,Towers with Display (VFR),13,62,65,0,140,0,54,153,0,207,13,116,218,0,347,178,0,178,525
12/31/2002,BFI,WA,ANM,WE,Towers with Display (VFR),17,53,58,1,129,5,84,220,2,311,22,137,278,3,440,220,2,222,662
01/01/2003,BFI,WA,ANM,WE,Towers with Display (VFR),1,25,37,0,63,0,37,33,2,72,1,62,70,2,135,64,0,64,199
01/02/2003,BFI,WA,ANM,WE,Towers with Display (VFR),24,83,48,2,157,0,46,145,4,195,24,129,193,6,352,246,0,246,598
01/03/2003,BFI,WA,ANM,WE,Towers with Display (VFR),22,63,74,1,160,4,70,327,3,404,26,133,401,4,564,266,0,266,830
01/04/2003,BFI,WA,ANM,WE,Towers with Display (VFR),9,46,67,1,123,0,26,116,4,146,9,72,183,5,269,64,0,64,333
01/05/2003,BFI,WA,ANM,WE,Towers with Display (VFR),4,35,72,0,111,0,22,235,0,257,4,57,307,0,368,138,0,138,506
01/06/2003,BFI,WA,ANM,WE,Towers with Display (VFR),21,56,63,0,140,0,43,208,5,256,21,99,271,5,396,160,0,160,556
01/07/2003,BFI,WA,ANM,WE,Towers with Display (VFR),30,90,64,0,184,0,52,404,4,460,30,142,468,4,644,300,0,300,944
01/08/2003,BFI,WA,ANM,WE,Towers with Display (VFR),33,95,110,1,239,7,63,256,17,343,40,158,366,18,582,214,20,234,816
01/09/2003,BFI,WA,ANM,WE,Towers with Display (VFR),33,85,91,0,209,0,105,369,12,486,33,190,460,12,695,380,0,380,1075
01/10/2003,BFI,WA,ANM,WE,Towers with Display (VFR),32,72,87,0,191,0,100,415,3,518,32,172,502,3,709,168,0,168,877
01/11/2003,BFI,WA,ANM,WE,Towers with Display (VFR),15,39,72,2,128,3,64,219,4,290,18,103,291,6,418,176,2,178,596
01/12/2003,BFI,WA,ANM,WE,Towers with Display (VFR),5,23,47,2,77,0,32,41,0,73,5,55,88,2,150,56,0,56,206
01/13/2003,BFI,WA,ANM,WE,Towers with Display (VFR),19,89,95,5,208,0,65,169,0,234,19,154,264,5,442,206,4,210,652
01/14/2003,BFI,WA,ANM,WE,Towers with Display (VFR),37,105,110,0,252,0,51,313,0,364,37,156,423,0,616,318,0,318,934
01/15/2003,BFI,WA,ANM,WE,Towers with Display (VFR),42,104,92,3,241,0,36,199,1,236,42,140,291,4,477,200,0,200,677
01/16/2003,BFI,WA,ANM,WE,Towers with Display (VFR),38,84,101,1,224,0,49,269,7,325,38,133,370,8,549,262,0,262,811
01/17/2003,BFI,WA,ANM,WE,Towers with Display (VFR),31,88,109,5,233,0,103,440,5,548,31,191,549,10,781,236,0,236,1017
01/18/2003,BFI,WA,ANM,WE,Towers with Display (VFR),15,40,64,2,121,6,60,419,0,485,21,100,483,2,606,278,0,278,884
01/19/2003,BFI,WA,ANM,WE,Towers with Display (VFR),5,27,83,0,115,0,64,171,9,244,5,91,254,9,359,238,0,238,597
01/20/2003,BFI,WA,ANM,WE,Towers with Display (VFR),23,72,125,2,222,0,57,153,3,213,23,129,278,5,435,168,2,170,605
01/21/2003,BFI,WA,ANM,WE,Towers with Display (VFR),30,95,103,1,229,0,0,268,0,268,30,95,371,1,497,20,0,20,517
01/22/2003,BFI,WA,ANM,WE,Towers with Display (VFR),41,114,110,0,265,0,16,86,2,104,41,130,196,2,369,118,0,118,487
01/23/2003,BFI,WA,ANM,WE,Towers with Display (VFR),31,77,94,1,203,0,64,219,2,285,31,141,313,3,488,102,0,102,590
01/24/2003,BFI,WA,ANM,WE,Towers with Display (VFR),34,92,106,0,232,0,28,199,6,233,34,120,305,6,465,228,6,234,699
01/25/2003,BFI,WA,ANM,WE,Towers with Display (VFR),19,43,90,4,156,0,41,151,4,196,19,84,241,8,352,204,36,240,592
01/26/2003,BFI,WA,ANM,WE,Towers with Display (VFR),5,29,51,0,85,0,18,39,3,60,5,47,90,3,145,0,0,0,145
01/27/2003,BFI,WA,ANM,WE,Towers with Display (VFR),17,72,84,0,173,0,42,170,2,214,17,114,254,2,387,180,0,180,567
01/28/2003,BFI,WA,ANM,WE,Towers with Display (VFR),36,87,97,0,220,0,41,315,0,356,36,128,412,0,576,334,0,334,910
01/29/2003,BFI,WA,ANM,WE,Towers with Display (VFR),32,101,89,0,222,0,16,107,2,125,32,117,196,2,347,290,2,292,639
01/30/2003,BFI,WA,ANM,WE,Towers with Display (VFR),33,120,112,3,268,0,13,151,4,168,33,133,263,7,436,154,0,154,590
01/31/2003,BFI,WA,ANM,WE,Towers with Display (VFR),31,94,94,1,220,0,104,170,1,275,31,198,264,2,495,215,0,215,710
02/01/2003,BFI,WA,ANM,WE,Towers with Display (VFR),15,40,52,2,109,0,48,270,0,318,15,88,322,2,427,348,0,348,775
02/02/2003,BFI,WA,ANM,WE,Towers with Display (VFR),8,21,93,3,125,0,23,84,0,107,8,44,177,3,232,358,0,358,590
02/03/2003,BFI,WA,ANM,WE,Towers with Display (VFR),24,76,92,0,192,0,59,205,1,265,24,135,297,1,457,140,0,140,597
02/04/2003,BFI,WA,ANM,WE,Towers with Display (VFR),35,97,83,4,219,0,21,409,0,430,35,118,492,4,649,340,0,340,989
02/05/2003,BFI,WA,ANM,WE,Towers with Display (VFR),30,82,120,6,238,0,28,219,1,248,30,110,339,7,486,234,0,234,720
02/06/2003,BFI,WA,ANM,WE,Towers with Display (VFR),29,86,87,0,202,0,38,246,2,286,29,124,333,2,488,230,0,230,718
02/07/2003,BFI,WA,ANM,WE,Towers with Display (VFR),23,86,130,2,241,0,80,148,2,230,23,166,278,4,471,232,0,232,703
02/08/2003,BFI,WA,ANM,WE,Towers with Display (VFR),6,54,99,1,160,3,57,81,8,149,9,111,180,9,309,134,2,136,445
02/09/2003,BFI,WA,ANM,WE,Towers with Display (VFR),4,35,127,3,169,0,36,34,3,73,4,71,161,6,242,92,4,96,338
02/10/2003,BFI,WA,ANM,WE,Towers with Display (VFR),19,58,88,1,166,0,66,270,3,339,19,124,358,4,505,364,0,364,869
02/11/2003,BFI,WA,ANM,WE,Towers with Display (VFR),26,85,76,3,190,0,67,369,3,439,26,152,445,6,629,336,0,336,965
02/12/2003,BFI,WA,ANM,WE,Towers with Display (VFR),27,82,111,2,222,0,24,295,3,322,27,106,406,5,544,238,2,240,784
02/13/2003,BFI,WA,ANM,WE,Towers with Display (VFR),34,103,98,0,235,0,64,293,12,369,34,167,391,12,604,382,0,382,986
02/14/2003,BFI,WA,ANM,WE,Towers with Display (VFR),27,90,112,0,229,0,49,225,5,279,27,139,337,5,508,220,0,220,728
02/15/2003,BFI,WA,ANM,WE,Towers with Display (VFR),13,44,75,0,132,11,83,244,7,345,24,127,319,7,477,344,0,344,821
02/16/2003,BFI,WA,ANM,WE,Towers with Display (VFR),4,26,53,0,83,0,46,118,0,164,4,72,171,0,247,210,0,210,457
02/17/2003,BFI,WA,ANM,WE,Towers with Display (VFR),22,56,130,0,208,0,63,249,2,314,22,119,379,2,522,238,0,238,760
02/18/2003,BFI,WA,ANM,WE,Towers with Display (VFR),38,74,98,0,210,0,27,274,0,301,38,101,372,0,511,210,0,210,721
02/19/2003,BFI,WA,ANM,WE,Towers with Display (VFR),40,97,88,0,225,0,25,153,12,190,40,122,241,12,415,220,2,222,637
02/20/2003,BFI,WA,ANM,WE,Towers with Display (VFR),29,91,64,2,186,0,46,37,0,83,29,137,101,2,269,22,0,22,291
02/21/2003,BFI,WA,ANM,WE,Towers with Display (VFR),32,102,89,0,223,0,86,129,12,227,32,188,218,12,450,196,0,196,646
02/22/2003,BFI,WA,ANM,WE,Towers with Display (VFR),1,42,74,1,118,0,55,252,0,307,1,97,326,1,425,376,2,378,803
02/23/2003,BFI,WA,ANM,WE,Towers with Display (VFR),7,45,67,0,119,0,64,66,1,131,7,109,133,1,250,276,0,276,526
02/24/2003,BFI,WA,ANM,WE,Towers with Display (VFR),16,72,64,0,152,0,68,428,6,502,16,140,492,6,654,306,0,306,960
02/25/2003,BFI,WA,ANM,WE,Towers with Display (VFR),31,91,69,0,191,0,57,695,0,752,31,148,764,0,943,420,0,420,1363
02/26/2003,BFI,WA,ANM,WE,Towers with Display (VFR),28,96,82,0,206,0,57,373,3,433,28,153,455,3,639,320,0,320,959
02/27/2003,BFI,WA,ANM,WE,Towers with Display (VFR),40,83,94,2,219,0,84,360,2,446,40,167,454,4,665,358,0,358,1023
02/28/2003,BFI,WA,ANM,WE,Towers with Display (VFR),34,102,80,1,217,3,61,200,4,268,37,163,280,5,485,150,8,158,643
03/01/2003,BFI,WA,ANM,WE,Towers with Display (VFR),11,41,60,2,114,0,82,484,2,568,11,123,544,4,682,300,4,304,986
03/02/2003,BFI,WA,ANM,WE,Towers with Display (VFR),10,42,66,2,120,0,30,38,0,68,10,72,104,2,188,112,0,112,300
03/03/2003,BFI,WA,ANM,WE,Towers with Display (VFR),24,93,78,0,195,0,97,235,2,334,24,190,313,2,529,282,0,282,811
03/04/2003,BFI,WA,ANM,WE,Towers with Display (VFR),41,93,104,0,238,0,73,418,5,496,41,166,522,5,734,368,0,368,1102
03/05/2003,BFI,WA,ANM,WE,Towers with Display (VFR),33,106,67,0,206,3,34,115,4,156,36,140,182,4,362,110,0,110,472
03/06/2003,BFI,WA,ANM,WE,Towers with Display (VFR),32,85,68,0,185,0,28,152,4,184,32,113,220,4,369,108,0,108,477
03/07/2003,BFI,WA,ANM,WE,Towers with Display (VFR),31,114,77,2,224,0,80,140,5,225,31,194,217,7,449,128,0,128,577
03/08/2003,BFI,WA,ANM,WE,Towers with Display (VFR),10,40,53,2,105,2,28,109,0,139,12,68,162,2,244,160,0,160,404
03/09/2003,BFI,WA,ANM,WE,Towers with Display (VFR),5,33,60,0,98,0,31,76,0,107,5,64,136,0,205,62,0,62,267
03/10/2003,BFI,WA,ANM,WE,Towers with Display (VFR),17,70,104,0,191,0,36,197,6,239,17,106,301,6,430,168,0,168,598
03/11/2003,BFI,WA,ANM,WE,Towers with Display (VFR),39,116,88,2,245,0,40,119,4,163,39,156,207,6,408,118,0,118,526
03/12/2003,BFI,WA,ANM,WE,Towers with Display (VFR),34,105,73,0,212,0,26,137,8,171,34,131,210,8,383,86,0,86,469
03/13/2003,BFI,WA,ANM,WE,Towers with Display (VFR),27,88,57,0,172,0,51,131,6,188,27,139,188,6,360,106,2,108,468
03/14/2003,BFI,WA,ANM,WE,Towers with Display (VFR),25,88,76,0,189,0,74,243,5,322,25,162,319,5,511,126,0,126,637
03/15/2003,BFI,WA,ANM,WE,Towers with Display (VFR),13,44,48,2,107,10,58,230,2,300,23,102,278,4,407,196,0,196,603
03/16/2003,BFI,WA,ANM,WE,Towers with Display (VFR),4,31,53,2,90,0,28,151,3,182,4,59,204,5,272,128,0,128,400
03/17/2003,BFI,WA,ANM,WE,Towers with Display (VFR),20,67,73,2,162,0,72,393,5,470,20,139,466,7,632,158,4,162,794
03/18/2003,BFI,WA,ANM,WE,Towers with Display (VFR),37,103,78,0,218,3,51,281,7,342,40,154,359,7,560,344,0,344,904
03/19/2003,BFI,WA,ANM,WE,Towers with Display (VFR),34,110,114,1,259,0,72,170,15,257,34,182,284,16,516,346,8,354,870
03/20/2003,BFI,WA,ANM,WE,Towers with Display (VFR),30,96,97,2,225,0,118,151,2,271,30,214,248,4,496,188,0,188,684
03/21/2003,BFI,WA,ANM,WE,Towers with Display (VFR),30,110,113,2,255,0,102,212,18,332,30,212,325,20,587,225,0,225,812
03/22/2003,BFI,WA,ANM,WE,Towers with Display (VFR),11,43,59,1,114,0,45,106,1,152,11,88,165,2,266,106,0,106,372
03/23/2003,BFI,WA,ANM,WE,Towers with Display (VFR),9,27,53,0,89,0,50,183,8,241,9,77,236,8,330,188,4,192,522
03/24/2003,BFI,WA,ANM,WE,Towers with Display (VFR),16,83,87,0,186,0,92,414,5,511,16,175,501,5,697,432,0,432,1129
03/25/2003,BFI,WA,ANM,WE,Towers with Display (VFR),37,89,85,0,211,0,16,276,0,292,37,105,361,0,503,350,0,350,853
03/26/2003,BFI,WA,ANM,WE,Towers with Display (VFR),46,99,95,0,240,0,47,115,7,169,46,146,210,7,409,108,0,108,517
03/27/2003,BFI,WA,ANM,WE,Towers with Display (VFR),40,84,99,2,225,0,42,312,0,354,40,126,411,2,579,272,0,272,851
03/28/2003,BFI,WA,ANM,WE,Towers with Display (VFR),32,93,98,0,223,0,91,387,2,480,32,184,485,2,703,314,2,316,1019
03/29/2003,BFI,WA,ANM,WE,Towers with Display (VFR),19,41,68,2,130,0,87,391,3,481,19,128,459,5,611,330,0,330,941
03/30/2003,BFI,WA,ANM,WE,Towers with Display (VFR),7,25,81,0,113,0,43,247,0,290,7,68,328,0,403,166,0,166,569
03/31/2003,BFI,WA,ANM,WE,Towers with Display (VFR),20,60,84,3,167,0,73,264,7,344,20,133,348,10,511,100,2,102,613
04/01/2003,BFI,WA,ANM,WE,Towers with Display (VFR),37,92,79,0,208,1,27,238,0,266,38,119,317,0,474,136,0,136,610
04/02/2003,BFI,WA,ANM,WE,Towers with Display (VFR),31,91,81,0,203,0,53,373,8,434,31,144,454,8,637,298,0,298,935
04/03/2003,BFI,WA,ANM,WE,Towers with Display (VFR),43,102,179,4,328,1,64,231,6,302,44,166,410,10,630,326,0,326,956
04/04/2003,BFI,WA,ANM,WE,Towers with Display (VFR),26,92,86,2,206,1,42,224,7,274,27,134,310,9,480,218,0,218,698
04/05/2003,BFI,WA,ANM,WE,Towers with Display (VFR),13,41,32,1,87,1,46,121,1,169,14,87,153,2,256,266,0,266,522
04/06/2003,BFI,WA,ANM,WE,Towers with Display (VFR),8,24,57,3,92,1,30,162,0,193,9,54,219,3,285,212,0,212,497
04/07/2003,BFI,WA,ANM,WE,Towers with Display (VFR),17,80,51,2,150,1,19,280,0,300,18,99,331,2,450,382,0,382,832
04/08/2003,BFI,WA,ANM,WE,Towers with Display (VFR),32,103,75,3,213,1,59,313,14,387,33,162,388,17,600,322,48,370,970
04/09/2003,BFI,WA,ANM,WE,Towers with Display (VFR),23,92,101,1,217,0,69,320,5,394,23,161,421,6,611,302,0,302,913
04/10/2003,BFI,WA,ANM,WE,Towers with Display (VFR),41,86,95,2,224,0,56,381,5,442,41,142,476,7,666,370,2,372,1038
04/11/2003,BFI,WA,ANM,WE,Towers with Display (VFR),29,73,100,2,204,0,166,377,3,546,29,239,477,5,750,200,0,200,950
04/12/2003,BFI,WA,ANM,WE,Towers with Display (VFR),11,39,76,0,126,8,106,246,9,369,19,145,322,9,495,268,0,268,763
04/13/2003,BFI,WA,ANM,WE,Towers with Display (VFR),4,41,52,1,98,0,42,169,7,218,4,83,221,8,316,260,4,264,580
04/14/2003,BFI,WA,ANM,WE,Towers with Display (VFR),16,57,73,0,146,0,45,268,0,313,16,102,341,0,459,162,0,162,621
04/15/2003,BFI,WA,ANM,WE,Towers with Display (VFR),35,88,88,8,219,0,39,335,0,374,35,127,423,8,593,236,0,236,829
04/16/2003,BFI,WA,ANM,WE,Towers with Display (VFR),30,88,93,0,211,0,73,303,7,383,30,161,396,7,594,264,0,264,858
04/17/2003,BFI,WA,ANM,WE,Towers with Display (VFR),35,98,89,0,222,0,67,333,6,406,35,165,422,6,628,272,0,272,900
04/18/2003,BFI,WA,ANM,WE,Towers with Display (VFR),21,65,92,5,183,0,320,592,5,917,21,385,684,10,1100,322,0,322,1422
04/19/2003,BFI,WA,ANM,WE,Towers with Display (VFR),9,41,40,2,92,6,160,447,4,617,15,201,487,6,709,240,2,242,951
04/20/2003,BFI,WA,ANM,WE,Towers with Display (VFR),3,24,60,0,87,0,95,325,4,424,3,119,385,4,511,310,0,310,821
04/21/2003,BFI,WA,ANM,WE,Towers with Display (VFR),13,93,100,2,208,0,43,343,2,388,13,136,443,4,596,202,2,204,800
04/22/2003,BFI,WA,ANM,WE,Towers with Display (VFR),38,85,117,1,241,0,90,276,6,372,38,175,393,7,613,354,0,354,967
04/23/2003,BFI,WA,ANM,WE,Towers with Display (VFR),35,109,118,6,268,0,51,245,2,298,35,160,363,8,566,352,0,352,918
04/24/2003,BFI,WA,ANM,WE,Towers with Display (VFR),30,102,164,0,296,0,107,270,4,381,30,209,434,4,677,304,0,304,981
04/25/2003,BFI,WA,ANM,WE,Towers with Display (VFR),29,87,118,3,237,0,38,323,3,364,29,125,441,6,601,254,0,254,855
04/26/2003,BFI,WA,ANM,WE,Towers with Display (VFR),11,42,55,0,108,1,109,392,1,503,12,151,447,1,611,180,0,180,791
04/27/2003,BFI,WA,ANM,WE,Towers with Display (VFR),12,31,86,2,131,0,38,328,1,367,12,69,414,3,498,104,0,104,602
04/28/2003,BFI,WA,ANM,WE,Towers with Display (VFR),18,69,77,3,167,0,103,418,2,523,18,172,495,5,690,374,0,374,1064
04/29/2003,BFI,WA,ANM,WE,Towers with Display (VFR),37,71,108,16,232,0,116,521,0,637,37,187,629,16,869,342,18,360,1229
04/30/2003,BFI,WA,ANM,WE,Towers with Display (VFR),32,88,135,3,258,0,64,356,2,422,32,152,491,5,680,308,6,314,994
05/01/2003,BFI,WA,ANM,WE,Towers with Display (VFR),32,88,92,2,214,1,137,475,0,613,33,225,567,2,827,468,0,468,1295
05/02/2003,BFI,WA,ANM,WE,Towers with Display (VFR),29,90,154,3,276,0,49,301,3,353,29,139,455,6,629,255,0,255,884
05/03/2003,BFI,WA,ANM,WE,Towers with Display (VFR),13,42,67,1,123,0,41,284,3,328,13,83,351,4,451,272,0,272,723
05/04/2003,BFI,WA,ANM,WE,Towers with Display (VFR),14,36,79,3,132,0,117,196,0,313,14,153,275,3,445,182,0,182,627
05/05/2003,BFI,WA,ANM,WE,Towers with Display (VFR),16,62,106,4,188,0,23,393,0,416,16,85,499,4,604,388,2,390,994
05/06/2003,BFI,WA,ANM,WE,Towers with Display (VFR),31,90,103,23,247,0,64,472,2,538,31,154,575,25,785,364,18,382,1167
05/07/2003,BFI,WA,ANM,WE,Towers with Display (VFR),27,99,125,5,256,0,94,373,12,479,27,193,498,17,735,316,10,326,1061
05/08/2003,BFI,WA,ANM,WE,Towers with Display (VFR),34,93,140,9,276,1,64,411,3,479,35,157,551,12,755,366,30,396,1151
05/09/2003,BFI,WA,ANM,WE,Towers with Display (VFR),31,104,97,12,244,0,83,500,3,586,31,187,597,15,830,386,2,388,1218
05/10/2003,BFI,WA,ANM,WE,Towers with Display (VFR),6,39,49,2,96,0,52,353,9,414,6,91,402,11,510,300,0,300,810
05/11/2003,BFI,WA,ANM,WE,Towers with Display (VFR),3,33,65,0,101,0,21,232,0,253,3,54,297,0,354,222,0,222,576
05/12/2003,BFI,WA,ANM,WE,Towers with Display (VFR),20,77,94,0,191,0,80,455,0,535,20,157,549,0,726,396,0,396,1122
05/13/2003,BFI,WA,ANM,WE,Towers with Display (VFR),32,87,84,1,204,0,128,414,12,554,32,215,498,13,758,360,0,360,1118
05/14/2003,BFI,WA,ANM,WE,Towers with Display (VFR),29,96,126,3,254,0,63,247,9,319,29,159,373,12,573,250,0,250,823
05/15/2003,BFI,WA,ANM,WE,Towers with Display (VFR),46,104,93,4,247,0,74,226,5,305,46,178,319,9,552,246,2,248,800
05/16/2003,BFI,WA,ANM,WE,Towers with Display (VFR),30,100,108,4,242,0,147,253,9,409,30,247,361,13,651,230,12,242,893
05/17/2003,BFI,WA,ANM,WE,Towers with Display (VFR),11,54,53,0,118,0,32,147,5,184,11,86,200,5,302,120,0,120,422
05/18/2003,BFI,WA,ANM,WE,Towers with Display (VFR),5,30,67,2,104,0,69,408,2,479,5,99,475,4,583,224,0,224,807
05/19/2003,BFI,WA,ANM,WE,Towers with Display (VFR),21,61,105,1,188,0,147,510,0,657,21,208,615,1,845,526,0,526,1371
05/20/2003,BFI,WA,ANM,WE,Towers with Display (VFR),31,112,132,1,276,0,49,457,9,515,31,161,589,10,791,340,8,348,1139
05/21/2003,BFI,WA,ANM,WE,Towers with Display (VFR),36,123,151,3,313,0,94,506,13,613,36,217,657,16,926,368,0,368,1294
05/22/2003,BFI,WA,ANM,WE,Towers with Display (VFR),35,117,146,5,303,2,85,434,8,529,37,202,580,13,832,416,2,418,1250
05/23/2003,BFI,WA,ANM,WE,Towers with Display (VFR),26,94,99,1,220,0,154,623,5,782,26,248,722,6,1002,376,2,378,1380
05/24/2003,BFI,WA,ANM,WE,Towers with Display (VFR),9,45,49,0,103,0,50,283,8,341,9,95,332,8,444,194,0,194,638
05/25/2003,BFI,WA,ANM,WE,Towers with Display (VFR),6,27,47,0,80,0,81,281,0,362,6,108,328,0,442,174,2,176,618
05/26/2003,BFI,WA,ANM,WE,Towers with Display (VFR),2,39,76,2,119,13,93,479,0,585,15,132,555,2,704,298,0,298,1002
05/27/2003,BFI,WA,ANM,WE,Towers with Display (VFR),31,84,92,1,208,0,81,350,9,440,31,165,442,10,648,428,0,428,1076
05/28/2003,BFI,WA,ANM,WE,Towers with Display (VFR),28,97,97,3,225,0,101,393,7,501,28,198,490,10,726,348,0,348,1074
05/29/2003,BFI,WA,ANM,WE,Towers with Display (VFR),38,77,84,7,206,0,59,426,21,506,38,136,510,28,712,318,0,318,1030
05/30/2003,BFI,WA,ANM,WE,Towers with Display (VFR),30,98,87,12,227,0,69,536,0,605,30,167,623,12,832,318,4,322,1154
05/31/2003,BFI,WA,ANM,WE,Towers with Display (VFR),10,49,67,0,126,0,94,415,8,517,10,143,482,8,643,228,6,234,877
06/01/2003,BFI,WA,ANM,WE,Towers with Display (VFR),2,31,73,3,109,0,74,325,2,401,2,105,398,5,510,250,0,250,760
06/02/2003,BFI,WA,ANM,WE,Towers with Display (VFR),17,59,79,0,155,17,113,375,0,505,34,172,454,0,660,404,0,404,1064
06/03/2003,BFI,WA,ANM,WE,Towers with Display (VFR),23,68,82,2,175,5,54,480,3,542,28,122,562,5,717,439,0,439,1156
06/04/2003,BFI,WA,ANM,WE,Towers with Display (VFR),34,104,92,0,230,0,66,506,4,576,34,170,598,4,806,432,2,434,1240
06/05/2003,BFI,WA,ANM,WE,Towers with Display (VFR),43,88,102,1,234,0,40,606,3,649,43,128,708,4,883,462,0,462,1345
06/06/2003,BFI,WA,ANM,WE,Towers with Display (VFR),33,86,92,3,214,0,104,648,3,755,33,190,740,6,969,366,6,372,1341
06/07/2003,BFI,WA,ANM,WE,Towers with Display (VFR),13,33,51,6,103,0,56,430,4,490,13,89,481,10,593,300,0,300,893
06/08/2003,BFI,WA,ANM,WE,Towers with Display (VFR),10,46,84,3,143,0,46,306,3,355,10,92,390,6,498,298,0,298,796
06/09/2003,BFI,WA,ANM,WE,Towers with Display (VFR),22,67,120,0,209,4,92,454,2,552,26,159,574,2,761,426,0,426,1187
06/10/2003,BFI,WA,ANM,WE,Towers with Display (VFR),33,115,112,0,260,0,86,360,2,448,33,201,472,2,708,328,0,328,1036
06/11/2003,BFI,WA,ANM,WE,Towers with Display (VFR),43,131,157,4,335,2,71,419,6,498,45,202,576,10,833,486,0,486,1319
06/12/2003,BFI,WA,ANM,WE,Towers with Display (VFR),47,104,127,3,281,0,34,338,0,372,47,138,465,3,653,252,0,252,905
06/13/2003,BFI,WA,ANM,WE,Towers with Display (VFR),26,124,117,2,269,0,89,350,0,439,26,213,467,2,708,356,0,356,1064
06/14/2003,BFI,WA,ANM,WE,Towers with Display (VFR),9,52,67,0,128,0,53,309,2,364,9,105,376,2,492,262,0,262,754
06/15/2003,BFI,WA,ANM,WE,Towers with Display (VFR),5,41,59,0,105,0,63,540,3,606,5,104,599,3,711,290,0,290,1001
06/16/2003,BFI,WA,ANM,WE,Towers with Display (VFR),18,88,101,0,207,0,71,497,1,569,18,159,598,1,776,318,0,318,1094
06/17/2003,BFI,WA,ANM,WE,Towers with Display (VFR),38,87,98,8,231,0,53,536,7,596,38,140,634,15,827,430,0,430,1257
06/18/2003,BFI,WA,ANM,WE,Towers with Display (VFR),36,119,146,7,308,0,55,368,0,423,36,174,514,7,731,470,0,470,1201
06/19/2003,BFI,WA,ANM,WE,Towers with Display (VFR),41,85,158,4,288,0,72,398,0,470,41,157,556,4,758,372,0,372,1130
06/20/2003,BFI,WA,ANM,WE,Towers with Display (VFR),25,120,111,19,275,5,78,252,0,335,30,198,363,19,610,248,0,248,858
06/21/2003,BFI,WA,ANM,WE,Towers with Display (VFR),16,46,70,0,132,5,53,283,0,341,21,99,353,0,473,190,0,190,663
06/22/2003,BFI,WA,ANM,WE,Towers with Display (VFR),11,35,67,1,114,0,42,242,0,284,11,77,309,1,398,152,0,152,550
06/23/2003,BFI,WA,ANM,WE,Towers with Display (VFR),27,82,97,0,206,0,71,346,1,418,27,153,443,1,624,370,0,370,994
06/24/2003,BFI,WA,ANM,WE,Towers with Display (VFR),48,96,98,2,244,0,3,461,1,465,48,99,559,3,709,316,0,316,1025
06/25/2003,BFI,WA,ANM,WE,Towers with Display (VFR),33,77,104,2,216,0,99,540,8,647,33,176,644,10,863,370,0,370,1233
06/26/2003,BFI,WA,ANM,WE,Towers with Display (VFR),43,90,70,2,205,0,45,511,6,562,43,135,581,8,767,374,2,376,1143
06/27/2003,BFI,WA,ANM,WE,Towers with Display (VFR),33,94,100,1,228,2,69,450,18,539,35,163,550,19,767,343,2,345,1112
06/28/2003,BFI,WA,ANM,WE,Towers with Display (VFR),14,54,28,0,96,0,59,573,14,646,14,113,601,14,742,392,0,392,1134
06/29/2003,BFI,WA,ANM,WE,Towers with Display (VFR),11,37,76,0,124,0,38,301,0,339,11,75,377,0,463,254,0,254,717
06/30/2003,BFI,WA,ANM,WE,Towers with Display (VFR),14,75,102,2,193,0,71,312,2,385,14,146,414,4,578,350,0,350,928
07/01/2003,BFI,WA,ANM,WE,Towers with Display (VFR),28,105,94,2,229,1,84,446,2,533,29,189,540,4,762,500,0,500,1262
07/02/2003,BFI,WA,ANM,WE,Towers with Display (VFR),46,108,114,6,274,0,118,426,4,548,46,226,540,10,822,370,4,374,1196
07/03/2003,BFI,WA,ANM,WE,Towers with Display (VFR),25,80,91,3,199,4,96,501,1,602,29,176,592,4,801,332,0,332,1133
07/04/2003,BFI,WA,ANM,WE,Towers with Display (VFR),3,38,38,3,82,5,88,273,0,366,8,126,311,3,448,224,0,224,672
07/05/2003,BFI,WA,ANM,WE,Towers with Display (VFR),6,40,71,2,119,2,58,325,0,385,8,98,396,2,504,212,0,212,716
07/06/2003,BFI,WA,ANM,WE,Towers with Display (VFR),1,39,78,0,118,0,77,490,0,567,1,116,568,0,685,166,0,166,851
07/07/2003,BFI,WA,ANM,WE,Towers with Display (VFR),23,74,101,1,199,0,105,417,6,528,23,179,518,7,727,362,0,362,1089
07/08/2003,BFI,WA,ANM,WE,Towers with Display (VFR),29,100,115,1,245,0,51,365,1,417,29,151,480,2,662,400,0,400,1062
07/09/2003,BFI,WA,ANM,WE,Towers with Display (VFR),30,89,102,1,222,0,155,557,9,721,30,244,659,10,943,506,6,512,1455
07/10/2003,BFI,WA,ANM,WE,Towers with Display (VFR),35,82,132,6,255,0,139,723,3,865,35,221,855,9,1120,440,0,440,1560
07/11/2003,BFI,WA,ANM,WE,Towers with Display (VFR),31,94,126,8,259,0,112,660,6,778,31,206,786,14,1037,446,0,446,1483
07/12/2003,BFI,WA,ANM,WE,Towers with Display (VFR),9,47,89,4,149,5,79,466,0,550,14,126,555,4,699,152,0,152,851
07/13/2003,BFI,WA,ANM,WE,Towers with Display (VFR),10,59,124,7,200,0,79,322,0,401,10,138,446,7,601,170,0,170,771
07/14/2003,BFI,WA,ANM,WE,Towers with Display (VFR),20,92,134,3,249,0,89,535,3,627,20,181,669,6,876,420,0,420,1296
07/15/2003,BFI,WA,ANM,WE,Towers with Display (VFR),44,107,102,3,256,0,73,561,0,634,44,180,663,3,890,252,0,252,1142
07/16/2003,BFI,WA,ANM,WE,Towers with Display (VFR),38,100,116,7,261,0,67,489,3,559,38,167,605,10,820,304,10,314,1134
07/17/2003,BFI,WA,ANM,WE,Towers with Display (VFR),34,62,130,10,236,0,62,524,0,586,34,124,654,10,822,346,0,346,1168
07/18/2003,BFI,WA,ANM,WE,Towers with Display (VFR),31,103,130,8,272,0,45,612,5,662,31,148,742,13,934,360,2,362,1296
07/19/2003,BFI,WA,ANM,WE,Towers with Display (VFR),15,55,70,4,144,0,29,464,1,494,15,84,534,5,638,178,2,180,818
07/20/2003,BFI,WA,ANM,WE,Towers with Display (VFR),6,51,84,4,145,0,129,539,1,669,6,180,623,5,814,252,0,252,1066
07/21/2003,BFI,WA,ANM,WE,Towers with Display (VFR),20,67,99,0,186,0,97,537,0,634,20,164,636,0,820,282,0,282,1102
07/22/2003,BFI,WA,ANM,WE,Towers with Display (VFR),41,87,107,0,235,0,95,542,0,637,41,182,649,0,872,440,0,440,1312
07/23/2003,BFI,WA,ANM,WE,Towers with Display (VFR),42,93,131,2,268,0,83,569,7,659,42,176,700,9,927,404,2,406,1333
07/24/2003,BFI,WA,ANM,WE,Towers with Display (VFR),41,92,113,0,246,1,71,402,8,482,42,163,515,8,728,448,0,448,1176
07/25/2003,BFI,WA,ANM,WE,Towers with Display (VFR),35,100,131,4,270,0,66,560,4,630,35,166,691,8,900,420,6,426,1326
07/26/2003,BFI,WA,ANM,WE,Towers with Display (VFR),12,55,70,1,138,0,68,313,12,393,12,123,383,13,531,228,0,228,759
07/27/2003,BFI,WA,ANM,WE,Towers with Display (VFR),11,49,104,5,169,0,118,463,7,588,11,167,567,12,757,206,4,210,967
07/28/2003,BFI,WA,ANM,WE,Towers with Display (VFR),28,74,102,12,216,3,143,502,4,652,31,217,604,16,868,486,0,486,1354
07/29/2003,BFI,WA,ANM,WE,Towers with Display (VFR),42,90,109,3,244,0,88,541,1,630,42,178,650,4,874,382,0,382,1256
07/30/2003,BFI,WA,ANM,WE,Towers with Display (VFR),31,93,126,4,254,1,83,545,4,633,32,176,671,8,887,360,0,360,1247
07/31/2003,BFI,WA,ANM,WE,Towers with Display (VFR),29,95,128,4,256,0,62,453,14,529,29,157,581,18,785,304,0,304,1089
08/01/2003,BFI,WA,ANM,WE,Towers with Display (VFR),30,101,128,3,262,5,66,559,27,657,35,167,687,30,919,402,20,422,1341
08/02/2003,BFI,WA,ANM,WE,Towers with Display (VFR),16,55,70,1,142,0,47,294,8,349,16,102,364,9,491,232,0,232,723
08/03/2003,BFI,WA,ANM,WE,Towers with Display (VFR),6,43,103,4,156,14,134,358,42,548,20,177,461,46,704,144,20,164,868
08/04/2003,BFI,WA,ANM,WE,Towers with Display (VFR),11,73,91,2,177,0,100,514,1,615,11,173,605,3,792,358,0,358,1150
08/05/2003,BFI,WA,ANM,WE,Towers with Display (VFR),31,108,100,5,244,0,62,468,0,530,31,170,568,5,774,272,0,272,1046
08/06/2003,BFI,WA,ANM,WE,Towers with Display (VFR),34,129,142,4,309,0,103,543,8,654,34,232,685,12,963,444,0,444,1407
08/07/2003,BFI,WA,ANM,WE,Towers with Display (VFR),36,121,125,4,286,0,64,462,5,531,36,185,587,9,817,460,0,460,1277
08/08/2003,BFI,WA,ANM,WE,Towers with Display (VFR),30,104,104,1,239,0,54,468,15,537,30,158,572,16,776,252,0,252,1028
08/09/2003,BFI,WA,ANM,WE,Towers with Display (VFR),15,64,91,1,171,0,30,259,5,294,15,94,350,6,465,332,0,332,797
08/10/2003,BFI,WA,ANM,WE,Towers with Display (VFR),8,48,109,2,167,0,48,248,0,296,8,96,357,2,463,160,0,160,623
08/11/2003,BFI,WA,ANM,WE,Towers with Display (VFR),15,99,121,1,236,0,116,467,0,583,15,215,588,1,819,362,2,364,1183
08/12/2003,BFI,WA,ANM,WE,Towers with Display (VFR),29,98,107,4,238,0,111,346,0,457,29,209,453,4,695,480,0,480,1175
08/13/2003,BFI,WA,ANM,WE,Towers with Display (VFR),46,121,134,2,303,0,60,429,3,492,46,181,563,5,795,408,0,408,1203
08/14/2003,BFI,WA,ANM,WE,Towers with Display (VFR),36,103,107,3,249,0,49,522,4,575,36,152,629,7,824,306,0,306,1130
08/15/2003,BFI,WA,ANM,WE,Towers with Display (VFR),33,97,102,2,234,0,77,521,4,602,33,174,623,6,836,224,2,226,1062
08/16/2003,BFI,WA,ANM,WE,Towers with Display (VFR),11,45,105,0,161,0,43,321,0,364,11,88,426,0,525,234,0,234,759
08/17/2003,BFI,WA,ANM,WE,Towers with Display (VFR),3,54,88,2,147,0,108,569,0,677,3,162,657,2,824,274,0,274,1098
08/18/2003,BFI,WA,ANM,WE,Towers with Display (VFR),19,79,141,1,240,18,101,578,2,699,37,180,719,3,939,386,0,386,1325
08/19/2003,BFI,WA,ANM,WE,Towers with Display (VFR),39,92,119,1,251,0,67,482,11,560,39,159,601,12,811,384,0,384,1195
08/20/2003,BFI,WA,ANM,WE,Towers with Display (VFR),43,119,135,5,302,0,66,524,4,594,43,185,659,9,896,430,2,432,1328
08/21/2003,BFI,WA,ANM,WE,Towers with Display (VFR),39,96,113,5,253,0,34,612,4,650,39,130,725,9,903,372,0,372,1275
08/22/2003,BFI,WA,ANM,WE,Towers with Display (VFR),27,117,101,4,249,0,57,411,9,477,27,174,512,13,726,314,2,316,1042
08/23/2003,BFI,WA,ANM,WE,Towers with Display (VFR),4,47,100,2,153,0,31,392,8,431,4,78,492,10,584,258,0,258,842
08/24/2003,BFI,WA,ANM,WE,Towers with Display (VFR),2,54,95,1,152,0,134,481,2,617,2,188,576,3,769,298,0,298,1067
08/25/2003,BFI,WA,ANM,WE,Towers with Display (VFR),25,69,82,0,176,0,124,429,6,559,25,193,511,6,735,292,6,298,1033
08/26/2003,BFI,WA,ANM,WE,Towers with Display (VFR),39,91,125,3,258,0,99,362,5,466,39,190,487,8,724,372,0,372,1096
08/27/2003,BFI,WA,ANM,WE,Towers with Display (VFR),38,110,143,6,297,0,113,417,0,530,38,223,560,6,827,426,0,426,1253
08/28/2003,BFI,WA,ANM,WE,Towers with Display (VFR),36,97,68,0,201,0,66,551,1,618,36,163,619,1,819,274,0,274,1093
08/29/2003,BFI,WA,ANM,WE,Towers with Display (VFR),32,113,144,3,292,0,119,575,8,702,32,232,719,11,994,322,4,326,1320
08/30/2003,BFI,WA,ANM,WE,Towers with Display (VFR),6,59,73,1,139,0,39,329,8,376,6,98,402,9,515,140,0,140,655
08/31/2003,BFI,WA,ANM,WE,Towers with Display (VFR),7,28,31,4,70,0,105,427,0,532,7,133,458,4,602,218,6,224,826
09/01/2003,BFI,WA,ANM,WE,Towers with Display (VFR),1,38,95,2,136,0,51,404,0,455,1,89,499,2,591,218,0,218,809
09/02/2003,BFI,WA,ANM,WE,Towers with Display (VFR),19,78,76,2,175,0,53,329,0,382,19,131,405,2,557,206,0,206,763
09/03/2003,BFI,WA,ANM,WE,Towers with Display (VFR),31,98,91,1,221,0,106,524,5,635,31,204,615,6,856,396,0,396,1252
09/04/2003,BFI,WA,ANM,WE,Towers with Display (VFR),36,101,94,6,237,0,36,519,7,562,36,137,613,13,799,336,4,340,1139
09/05/2003,BFI,WA,ANM,WE,Towers with Display (VFR),31,89,95,3,218,0,119,536,9,664,31,208,631,12,882,444,0,444,1326
09/06/2003,BFI,WA,ANM,WE,Towers with Display (VFR),17,49,76,1,143,0,120,419,7,546,17,169,495,8,689,246,0,246,935
09/07/2003,BFI,WA,ANM,WE,Towers with Display (VFR),10,45,89,4,148,0,60,278,11,349,10,105,367,15,497,206,2,208,705
09/08/2003,BFI,WA,ANM,WE,Towers with Display (VFR),19,95,111,1,226,0,105,275,0,380,19,200,386,1,606,218,0,218,824
09/09/2003,BFI,WA,ANM,WE,Towers with Display (VFR),39,115,93,0,247,0,77,328,2,407,39,192,421,2,654,232,0,232,886
09/10/2003,BFI,WA,ANM,WE,Towers with Display (VFR),38,120,141,1,300,0,55,238,5,298,38,175,379,6,598,224,0,224,822
09/11/2003,BFI,WA,ANM,WE,Towers with Display (VFR),42,153,159,0,354,0,35,121,0,156,42,188,280,0,510,134,0,134,644
09/12/2003,BFI,WA,ANM,WE,Towers with Display (VFR),36,86,129,0,251,0,59,388,11,458,36,145,517,11,709,314,0,314,1023
09/13/2003,BFI,WA,ANM,WE,Towers with Display (VFR),16,53,63,0,132,3,75,482,3,563,19,128,545,3,695,332,0,332,1027
09/14/2003,BFI,WA,ANM,WE,Towers with Display (VFR),6,49,92,0,147,0,86,409,4,499,6,135,501,4,646,236,0,236,882
09/15/2003,BFI,WA,ANM,WE,Towers with Display (VFR),19,77,110,2,208,0,65,274,4,343,19,142,384,6,551,234,0,234,785
09/16/2003,BFI,WA,ANM,WE,Towers with Display (VFR),39,109,97,0,245,0,44,234,2,280,39,153,331,2,525,250,0,250,775
09/17/2003,BFI,WA,ANM,WE,Towers with Display (VFR),44,126,130,3,303,0,55,444,1,500,44,181,574,4,803,316,0,316,1119
09/18/2003,BFI,WA,ANM,WE,Towers with Display (VFR),40,105,112,7,264,0,44,333,7,384,40,149,445,14,648,294,0,294,942
09/19/2003,BFI,WA,ANM,WE,Towers with Display (VFR),32,103,125,1,261,13,67,193,9,282,45,170,318,10,543,416,10,426,969
09/20/2003,BFI,WA,ANM,WE,Towers with Display (VFR),9,48,80,5,142,3,43,390,0,436,12,91,470,5,578,238,0,238,816
09/21/2003,BFI,WA,ANM,WE,Towers with Display (VFR),9,39,85,2,135,0,58,391,2,451,9,97,476,4,586,332,0,332,918
09/22/2003,BFI,WA,ANM,WE,Towers with Display (VFR),26,72,89,1,188,0,90,356,5,451,26,162,445,6,639,186,0,186,825
09/23/2003,BFI,WA,ANM,WE,Towers with Display (VFR),31,95,130,0,256,0,72,387,2,461,31,167,517,2,717,330,0,330,1047
09/24/2003,BFI,WA,ANM,WE,Towers with Display (VFR),37,116,111,0,264,0,93,429,0,522,37,209,540,0,786,224,0,224,1010
09/25/2003,BFI,WA,ANM,WE,Towers with Display (VFR),39,104,126,0,269,0,50,416,36,502,39,154,542,36,771,272,0,272,1043
09/26/2003,BFI,WA,ANM,WE,Towers with Display (VFR),37,94,105,1,237,0,117,539,4,660,37,211,644,5,897,376,0,376,1273
09/27/2003,BFI,WA,ANM,WE,Towers with Display (VFR),12,49,59,0,120,0,65,405,6,476,12,114,464,6,596,260,0,260,856
09/28/2003,BFI,WA,ANM,WE,Towers with Display (VFR),5,32,83,1,121,0,90,623,0,713,5,122,706,1,834,230,0,230,1064
09/29/2003,BFI,WA,ANM,WE,Towers with Display (VFR),19,91,134,0,244,0,42,148,0,190,19,133,282,0,434,210,0,210,644
09/30/2003,BFI,WA,ANM,WE,Towers with Display (VFR),36,108,92,0,236,0,45,366,0,411,36,153,458,0,647,274,0,274,921
10/01/2003,BFI,WA,ANM,WE,Towers with Display (VFR),35,107,123,1,266,0,61,305,7,373,35,168,428,8,639,228,0,228,867
10/02/2003,BFI,WA,ANM,WE,Towers with Display (VFR),35,119,138,1,293,0,47,145,4,196,35,166,283,5,489,204,0,204,693
10/03/2003,BFI,WA,ANM,WE,Towers with Display (VFR),0,0,0,0,0,0,0,0,0,0,0,0,0,0,0,0,0,0,0
10/04/2003,BFI,WA,ANM,WE,Towers with Display (VFR),20,63,73,0,156,0,18,92,28,138,20,81,165,28,294,2,0,2,296
10/05/2003,BFI,WA,ANM,WE,Towers with Display (VFR),6,64,76,0,146,0,0,120,1,121,6,64,196,1,267,312,0,312,579
10/06/2003,BFI,WA,ANM,WE,Towers with Display (VFR),16,71,82,0,169,0,46,270,1,317,16,117,352,1,486,256,0,256,742
10/07/2003,BFI,WA,ANM,WE,Towers with Display (VFR),29,88,102,1,220,1,65,203,1,270,30,153,305,2,490,306,2,308,798
10/08/2003,BFI,WA,ANM,WE,Towers with Display (VFR),29,88,102,0,219,2,27,144,0,173,31,115,246,0,392,106,0,106,498
10/09/2003,BFI,WA,ANM,WE,Towers with Display (VFR),30,90,104,1,225,5,39,256,5,305,35,129,360,6,530,318,0,318,848
10/10/2003,BFI,WA,ANM,WE,Towers with Display (VFR),32,97,112,0,241,16,104,385,0,505,48,201,497,0,746,366,0,366,1112
10/11/2003,BFI,WA,ANM,WE,Towers with Display (VFR),16,48,55,0,119,4,106,192,6,308,20,154,247,6,427,236,0,236,663
10/12/2003,BFI,WA,ANM,WE,Towers with Display (VFR),6,54,61,0,121,0,80,195,0,275,6,134,256,0,396,8,0,8,404
10/13/2003,BFI,WA,ANM,WE,Towers with Display (VFR),13,64,72,0,149,0,62,320,2,384,13,126,392,2,533,234,0,234,767
10/14/2003,BFI,WA,ANM,WE,Towers with Display (VFR),25,77,87,0,189,15,43,339,14,411,40,120,426,14,600,238,0,238,838
10/15/2003,BFI,WA,ANM,WE,Towers with Display (VFR),32,99,113,1,245,2,48,151,0,201,34,147,264,1,446,152,0,152,598
10/16/2003,BFI,WA,ANM,WE,Towers with Display (VFR),27,86,98,2,213,10,50,96,2,158,37,136,194,4,371,80,0,80,451
10/17/2003,BFI,WA,ANM,WE,Towers with Display (VFR),26,83,95,2,206,10,108,152,1,271,36,191,247,3,477,180,0,180,657
10/18/2003,BFI,WA,ANM,WE,Towers with Display (VFR),6,44,49,1,100,0,99,393,5,497,6,143,442,6,597,234,0,234,831
10/19/2003,BFI,WA,ANM,WE,Towers with Display (VFR),6,44,49,1,100,0,33,246,2,281,6,77,295,3,381,280,2,282,663
10/20/2003,BFI,WA,ANM,WE,Towers with Display (VFR),17,96,109,1,223,0,74,64,0,138,17,170,173,1,361,0,0,0,361
10/21/2003,BFI,WA,ANM,WE,Towers with Display (VFR),28,103,116,2,249,0,49,173,1,223,28,152,289,3,472,258,0,258,730
10/22/2003,BFI,WA,ANM,WE,Towers with Display (VFR),33,104,119,2,258,10,1,184,0,195,43,105,303,2,453,174,0,174,627
10/23/2003,BFI,WA,ANM,WE,Towers with Display (VFR),27,102,115,2,246,0,117,267,3,387,27,219,382,5,633,373,0,373,1006
10/24/2003,BFI,WA,ANM,WE,Towers with Display (VFR),31,96,110,2,239,9,143,523,9,684,40,239,633,11,923,500,0,500,1423
10/25/2003,BFI,WA,ANM,WE,Towers with Display (VFR),8,50,57,1,116,0,95,362,8,465,8,145,419,9,581,304,0,304,885
10/26/2003,BFI,WA,ANM,WE,Towers with Display (VFR),3,53,59,1,116,0,122,516,0,638,3,175,575,1,754,318,0,318,1072
10/27/2003,BFI,WA,ANM,WE,Towers with Display (VFR),17,74,84,0,175,0,122,368,0,490,17,196,452,0,665,352,0,352,1017
10/28/2003,BFI,WA,ANM,WE,Towers with Display (VFR),32,101,116,0,249,3,53,146,0,202,35,154,262,0,451,80,0,80,531
10/29/2003,BFI,WA,ANM,WE,Towers with Display (VFR),31,97,111,0,239,11,59,259,0,329,42,156,370,0,568,322,0,322,890
10/30/2003,BFI,WA,ANM,WE,Towers with Display (VFR),30,93,107,1,231,12,88,322,1,423,42,181,429,2,654,214,0,214,868
10/31/2003,BFI,WA,ANM,WE,Towers with Display (VFR),24,75,85,0,184,11,128,410,8,557,35,203,495,8,741,314,2,316,1057
11/01/2003,BFI,WA,ANM,WE,Towers with Display (VFR),1,30,41,1,73,9,123,446,3,581,10,153,487,4,654,152,0,152,806
11/02/2003,BFI,WA,ANM,WE,Towers with Display (VFR),1,24,35,2,62,0,68,244,0,312,1,92,279,2,374,162,0,162,536
11/03/2003,BFI,WA,ANM,WE,Towers with Display (VFR),2,36,50,1,89,17,122,362,0,501,19,158,412,1,590,204,0,204,794
11/04/2003,BFI,WA,ANM,WE,Towers with Display (VFR),2,36,48,0,86,32,126,374,0,532,34,162,422,0,618,274,0,274,892
11/05/2003,BFI,WA,ANM,WE,Towers with Display (VFR),2,34,45,0,81,34,208,884,0,1126,36,242,929,0,1207,558,0,558,1765
11/06/2003,BFI,WA,ANM,WE,Towers with Display (VFR),2,43,60,2,107,38,98,532,0,668,40,141,592,2,775,296,0,296,1071
11/07/2003,BFI,WA,ANM,WE,Towers with Display (VFR),2,51,68,0,121,26,210,483,0,719,28,261,551,0,840,392,6,398,1238
11/08/2003,BFI,WA,ANM,WE,Towers with Display (VFR),1,17,24,1,43,18,49,413,3,483,19,66,437,4,526,184,4,188,714
11/09/2003,BFI,WA,ANM,WE,Towers with Display (VFR),2,30,42,1,75,5,176,436,4,621,7,206,478,5,696,216,0,216,912
11/10/2003,BFI,WA,ANM,WE,Towers with Display (VFR),2,36,49,2,89,14,219,378,2,613,16,255,427,4,702,168,0,168,870
11/11/2003,BFI,WA,ANM,WE,Towers with Display (VFR),2,34,45,2,83,35,124,382,3,544,37,158,427,5,627,382,0,382,1009
11/12/2003,BFI,WA,ANM,WE,Towers with Display (VFR),2,44,60,2,108,35,131,434,4,604,37,175,494,6,712,356,0,356,1068
11/13/2003,BFI,WA,ANM,WE,Towers with Display (VFR),2,53,71,3,129,35,85,339,3,462,37,138,410,6,591,166,0,166,757
11/14/2003,BFI,WA,ANM,WE,Towers with Display (VFR),3,68,92,4,167,32,115,424,10,581,35,183,516,14,748,210,0,210,958
11/15/2003,BFI,WA,ANM,WE,Towers with Display (VFR),2,41,55,2,100,6,122,331,6,465,8,163,386,8,565,190,0,190,755
11/16/2003,BFI,WA,ANM,WE,Towers with Display (VFR),0,29,38,2,69,6,39,117,2,164,6,68,155,4,233,100,0,100,333
11/17/2003,BFI,WA,ANM,WE,Towers with Display (VFR),1,36,47,3,87,27,108,184,0,319,28,144,231,3,406,138,0,138,544
11/18/2003,BFI,WA,ANM,WE,Towers with Display (VFR),1,37,48,3,89,28,110,103,0,241,29,147,151,3,330,0,0,0,330
11/19/2003,BFI,WA,ANM,WE,Towers with Display (VFR),1,44,57,2,104,42,93,187,0,322,43,137,244,2,426,176,0,176,602
11/20/2003,BFI,WA,ANM,WE,Towers with Display (VFR),1,62,81,4,148,36,87,187,0,310,37,149,268,4,458,342,0,342,800
11/21/2003,BFI,WA,ANM,WE,Towers with Display (VFR),2,68,88,5,163,46,242,304,3,595,48,310,392,8,758,344,0,344,1102
11/22/2003,BFI,WA,ANM,WE,Towers with Display (VFR),0,25,32,2,59,9,57,336,5,407,9,82,368,7,466,296,0,296,762
11/23/2003,BFI,WA,ANM,WE,Towers with Display (VFR),0,24,32,2,58,5,99,212,2,318,5,123,244,4,376,70,0,70,446
11/24/2003,BFI,WA,ANM,WE,Towers with Display (VFR),1,36,45,3,85,18,94,270,3,385,19,130,315,6,470,188,0,188,658
11/25/2003,BFI,WA,ANM,WE,Towers with Display (VFR),1,38,49,0,88,43,125,253,0,421,44,163,302,0,509,122,0,122,631
11/26/2003,BFI,WA,ANM,WE,Towers with Display (VFR),1,55,72,4,132,33,89,276,2,400,34,144,348,6,532,194,0,194,726
11/27/2003,BFI,WA,ANM,WE,Towers with Display (VFR),0,25,32,2,59,9,26,29,2,66,9,51,61,4,125,18,0,18,143
11/28/2003,BFI,WA,ANM,WE,Towers with Display (VFR),0,28,36,0,64,8,114,104,0,226,8,142,140,0,290,54,0,54,344
11/29/2003,BFI,WA,ANM,WE,Towers with Display (VFR),0,30,39,2,71,10,67,151,0,228,10,97,190,2,299,214,0,214,513
11/30/2003,BFI,WA,ANM,WE,Towers with Display (VFR),1,51,68,2,122,9,40,301,0,350,10,91,369,2,472,124,0,124,596
12/01/2003,BFI,WA,ANM,WE,Towers with Display (VFR),17,89,79,1,186,0,80,168,3,251,17,169,247,4,437,150,0,150,587
12/02/2003,BFI,WA,ANM,WE,Towers with Display (VFR),31,107,94,2,234,6,39,159,0,204,37,146,253,2,438,176,0,176,614
12/03/2003,BFI,WA,ANM,WE,Towers with Display (VFR),33,116,101,0,250,6,24,311,0,341,39,140,412,0,591,202,0,202,793
12/04/2003,BFI,WA,ANM,WE,Towers with Display (VFR),27,93,82,1,203,6,54,91,1,152,33,147,173,2,355,26,0,26,381
12/05/2003,BFI,WA,ANM,WE,Towers with Display (VFR),31,111,97,2,241,11,138,278,3,430,42,249,375,5,671,206,0,206,877
12/06/2003,BFI,WA,ANM,WE,Towers with Display (VFR),13,49,44,0,106,0,5,237,4,246,13,54,281,4,352,136,0,136,488
12/07/2003,BFI,WA,ANM,WE,Towers with Display (VFR),5,51,46,0,102,0,84,228,0,312,5,135,274,0,414,166,6,172,586
12/08/2003,BFI,WA,ANM,WE,Towers with Display (VFR),17,115,100,2,234,0,52,259,1,312,17,167,359,3,546,168,4,172,718
12/09/2003,BFI,WA,ANM,WE,Towers with Display (VFR),29,100,88,1,218,3,42,250,6,301,32,142,338,7,519,134,0,134,653
12/10/2003,BFI,WA,ANM,WE,Towers with Display (VFR),30,103,91,1,225,3,41,183,7,234,33,144,274,8,459,164,0,164,623
12/11/2003,BFI,WA,ANM,WE,Towers with Display (VFR),33,118,104,2,257,2,57,255,18,332,35,175,359,20,589,256,0,256,845
12/12/2003,BFI,WA,ANM,WE,Towers with Display (VFR),31,108,95,2,236,5,27,221,5,258,36,135,316,7,494,308,0,308,802
12/13/2003,BFI,WA,ANM,WE,Towers with Display (VFR),15,53,47,1,116,0,68,168,1,237,15,121,215,2,353,166,0,166,519
12/14/2003,BFI,WA,ANM,WE,Towers with Display (VFR),7,39,35,1,82,0,47,159,1,207,7,86,194,2,289,150,0,150,439
12/15/2003,BFI,WA,ANM,WE,Towers with Display (VFR),24,91,80,2,197,0,20,275,3,298,24,111,355,5,495,154,0,154,649
12/16/2003,BFI,WA,ANM,WE,Towers with Display (VFR),32,116,102,3,253,2,44,138,0,184,34,160,240,3,437,168,0,168,605
12/17/2003,BFI,WA,ANM,WE,Towers with Display (VFR),33,120,105,3,261,11,49,664,7,731,44,169,769,10,992,212,0,212,1204
12/18/2003,BFI,WA,ANM,WE,Towers with Display (VFR),28,101,88,2,219,3,69,493,7,572,31,170,581,9,791,394,0,394,1185
12/19/2003,BFI,WA,ANM,WE,Towers with Display (VFR),31,114,98,3,246,8,33,395,2,438,39,147,493,5,684,306,0,306,990
12/20/2003,BFI,WA,ANM,WE,Towers with Display (VFR),18,66,56,2,142,3,65,226,2,296,21,131,282,4,438,174,0,174,612
12/21/2003,BFI,WA,ANM,WE,Towers with Display (VFR),15,55,46,2,118,4,7,154,5,170,19,62,200,7,288,120,0,120,408
12/22/2003,BFI,WA,ANM,WE,Towers with Display (VFR),17,83,72,2,174,0,96,342,6,444,17,179,414,8,618,272,8,280,898
12/23/2003,BFI,WA,ANM,WE,Towers with Display (VFR),32,117,101,3,253,2,75,223,7,307,34,192,324,10,560,160,0,160,720
12/24/2003,BFI,WA,ANM,WE,Towers with Display (VFR),19,79,68,2,168,0,84,93,2,179,19,163,161,4,347,118,0,118,465
12/25/2003,BFI,WA,ANM,WE,Towers with Display (VFR),0,13,10,0,23,0,14,38,0,52,0,27,48,0,75,0,0,0,75
12/26/2003,BFI,WA,ANM,WE,Towers with Display (VFR),15,80,69,0,164,0,121,141,0,262,15,201,210,0,426,208,0,208,634
12/27/2003,BFI,WA,ANM,WE,Towers with Display (VFR),7,56,49,1,113,0,79,200,0,279,7,135,249,1,392,116,0,116,508
12/28/2003,BFI,WA,ANM,WE,Towers with Display (VFR),8,37,32,0,77,0,77,273,5,355,8,114,305,5,432,112,0,112,544
12/29/2003,BFI,WA,ANM,WE,Towers with Display (VFR),16,79,69,1,165,0,134,373,5,512,16,213,442,6,677,308,0,308,985
12/30/2003,BFI,WA,ANM,WE,Towers with Display (VFR),23,85,74,1,183,3,75,211,5,294,26,160,285,6,477,290,0,290,767
12/31/2003,BFI,WA,ANM,WE,Towers with Display (VFR),19,71,62,0,152,1,63,62,0,126,20,134,124,0,278,62,0,62,340
01/01/2004,BFI,WA,ANM,WE,Towers with Display (VFR),2,25,24,0,51,0,20,40,0,60,2,45,64,0,111,34,0,34,145
01/02/2004,BFI,WA,ANM,WE,Towers with Display (VFR),12,71,66,1,150,0,52,145,1,198,12,123,211,2,348,90,0,90,438
01/03/2004,BFI,WA,ANM,WE,Towers with Display (VFR),12,52,47,1,112,0,31,78,0,109,12,83,125,1,221,72,6,78,299
01/04/2004,BFI,WA,ANM,WE,Towers with Display (VFR),5,52,48,0,105,0,57,287,0,344,5,109,335,0,449,272,0,272,721
01/05/2004,BFI,WA,ANM,WE,Towers with Display (VFR),23,81,75,1,180,1,106,219,9,335,24,187,294,10,515,280,0,280,795
01/06/2004,BFI,WA,ANM,WE,Towers with Display (VFR),15,54,46,0,115,7,48,0,0,55,22,102,46,0,170,0,0,0,170
01/07/2004,BFI,WA,ANM,WE,Towers with Display (VFR),28,99,91,0,218,6,41,95,0,142,34,140,186,0,360,96,0,96,456
01/08/2004,BFI,WA,ANM,WE,Towers with Display (VFR),31,112,104,2,249,9,40,165,0,214,40,152,269,2,463,262,0,262,725
01/09/2004,BFI,WA,ANM,WE,Towers with Display (VFR),31,112,102,2,247,8,71,250,3,332,39,183,352,5,579,270,0,270,849
01/10/2004,BFI,WA,ANM,WE,Towers with Display (VFR),17,70,65,1,153,0,47,427,2,476,17,117,492,3,629,430,2,432,1061
01/11/2004,BFI,WA,ANM,WE,Towers with Display (VFR),8,47,44,1,100,0,30,202,1,233,8,77,246,2,333,210,0,210,543
01/12/2004,BFI,WA,ANM,WE,Towers with Display (VFR),20,93,86,2,201,0,81,225,3,309,20,174,311,5,510,186,0,186,696
01/13/2004,BFI,WA,ANM,WE,Towers with Display (VFR),25,95,88,2,210,9,69,236,8,322,34,164,324,10,532,146,0,146,678
01/14/2004,BFI,WA,ANM,WE,Towers with Display (VFR),30,113,105,3,251,9,63,140,2,214,39,176,245,5,465,202,4,206,671
01/15/2004,BFI,WA,ANM,WE,Towers with Display (VFR),31,118,107,1,257,5,28,124,0,157,36,146,231,1,414,192,0,192,606
01/16/2004,BFI,WA,ANM,WE,Towers with Display (VFR),34,128,116,2,280,0,154,285,0,439,34,282,401,2,719,352,2,354,1073
01/17/2004,BFI,WA,ANM,WE,Towers with Display (VFR),15,59,52,1,127,0,55,281,0,336,15,114,333,1,463,284,0,284,747
01/18/2004,BFI,WA,ANM,WE,Towers with Display (VFR),5,51,46,0,102,0,17,212,0,229,5,68,258,0,331,398,0,398,729
01/19/2004,BFI,WA,ANM,WE,Towers with Display (VFR),11,73,65,0,149,0,36,353,0,389,11,109,418,0,538,320,0,320,858
01/20/2004,BFI,WA,ANM,WE,Towers with Display (VFR),34,128,117,3,282,3,89,173,0,265,37,217,290,3,547,276,0,276,823
01/21/2004,BFI,WA,ANM,WE,Towers with Display (VFR),36,135,123,3,297,1,63,260,5,329,37,198,383,8,626,500,0,500,1126
01/22/2004,BFI,WA,ANM,WE,Towers with Display (VFR),30,113,103,3,249,9,49,243,2,303,39,162,346,5,552,274,0,274,826
01/23/2004,BFI,WA,ANM,WE,Towers with Display (VFR),28,112,112,3,255,0,0,17,1,18,28,112,129,4,273,46,0,46,319
01/24/2004,BFI,WA,ANM,WE,Towers with Display (VFR),12,53,47,2,114,0,34,136,2,172,12,87,183,4,286,244,0,244,530
01/25/2004,BFI,WA,ANM,WE,Towers with Display (VFR),6,49,44,0,99,0,91,228,2,321,6,140,272,2,420,274,0,274,694
01/26/2004,BFI,WA,ANM,WE,Towers with Display (VFR),16,77,71,1,165,0,79,222,2,303,16,156,293,3,468,216,0,216,684
01/27/2004,BFI,WA,ANM,WE,Towers with Display (VFR),27,102,93,0,222,5,76,492,0,573,32,178,585,0,795,514,0,514,1309
01/28/2004,BFI,WA,ANM,WE,Towers with Display (VFR),32,123,112,2,269,1,68,118,4,191,33,191,230,6,460,198,0,198,658
01/29/2004,BFI,WA,ANM,WE,Towers with Display (VFR),32,119,109,0,260,0,26,31,0,57,32,145,140,0,317,4,0,4,321
01/30/2004,BFI,WA,ANM,WE,Towers with Display (VFR),27,99,91,1,218,8,34,179,1,222,35,133,270,2,440,50,0,50,490
01/31/2004,BFI,WA,ANM,WE,Towers with Display (VFR),9,64,58,1,132,0,37,161,1,199,9,101,219,2,331,288,0,288,619
02/01/2004,BFI,WA,ANM,WE,Towers with Display (VFR),2,49,55,0,106,0,30,134,0,164,2,79,189,0,270,216,0,216,486
02/02/2004,BFI,WA,ANM,WE,Towers with Display (VFR),22,70,77,1,170,0,42,172,1,215,22,112,249,2,385,212,0,212,597
02/03/2004,BFI,WA,ANM,WE,Towers with Display (VFR),30,100,109,2,241,4,49,312,8,373,34,149,421,10,614,380,0,380,994
02/04/2004,BFI,WA,ANM,WE,Towers with Display (VFR),31,103,112,2,248,6,59,266,8,339,37,162,378,10,587,378,2,380,967
02/05/2004,BFI,WA,ANM,WE,Towers with Display (VFR),32,107,115,2,256,2,29,261,4,296,34,136,376,6,552,312,0,312,864
02/06/2004,BFI,WA,ANM,WE,Towers with Display (VFR),29,95,103,1,228,0,34,220,4,258,29,129,323,5,486,226,0,226,712
02/07/2004,BFI,WA,ANM,WE,Towers with Display (VFR),15,58,64,0,137,0,37,278,0,315,15,95,342,0,452,272,0,272,724
02/08/2004,BFI,WA,ANM,WE,Towers with Display (VFR),11,59,62,1,133,0,67,181,1,249,11,126,243,2,382,198,0,198,580
02/09/2004,BFI,WA,ANM,WE,Towers with Display (VFR),25,90,95,0,210,0,49,137,0,186,25,139,232,0,396,160,0,160,556
02/10/2004,BFI,WA,ANM,WE,Towers with Display (VFR),27,89,95,1,212,8,91,453,1,553,35,180,548,2,765,454,0,454,1219
02/11/2004,BFI,WA,ANM,WE,Towers with Display (VFR),23,77,81,1,182,4,100,582,3,689,27,177,663,4,871,618,0,618,1489
02/12/2004,BFI,WA,ANM,WE,Towers with Display (VFR),26,88,93,2,209,10,77,458,0,545,36,165,551,2,754,358,0,358,1112
02/13/2004,BFI,WA,ANM,WE,Towers with Display (VFR),28,99,106,0,233,0,93,349,0,442,28,192,455,0,675,240,0,240,915
02/14/2004,BFI,WA,ANM,WE,Towers with Display (VFR),13,54,58,0,125,0,42,194,0,236,13,96,252,0,361,140,0,140,501
02/15/2004,BFI,WA,ANM,WE,Towers with Display (VFR),1,39,40,0,80,0,103,155,0,258,1,142,195,0,338,228,0,228,566
02/16/2004,BFI,WA,ANM,WE,Towers with Display (VFR),13,64,68,1,146,0,49,169,0,218,13,113,237,1,364,88,2,90,454
02/17/2004,BFI,WA,ANM,WE,Towers with Display (VFR),24,81,86,2,193,5,79,219,0,303,29,160,305,2,496,284,0,284,780
02/18/2004,BFI,WA,ANM,WE,Towers with Display (VFR),25,87,92,2,206,10,79,140,0,229,35,166,232,2,435,148,0,148,583
02/19/2004,BFI,WA,ANM,WE,Towers with Display (VFR),31,108,114,3,256,4,69,212,2,287,35,177,326,5,543,302,0,302,845
02/20/2004,BFI,WA,ANM,WE,Towers with Display (VFR),32,109,116,2,259,1,102,405,0,508,33,211,521,2,767,380,0,380,1147
02/21/2004,BFI,WA,ANM,WE,Towers with Display (VFR),17,66,69,2,154,0,46,303,12,361,17,112,372,14,515,186,0,186,701
02/22/2004,BFI,WA,ANM,WE,Towers with Display (VFR),6,56,60,2,124,0,31,276,2,309,6,87,336,4,433,228,0,228,661
02/23/2004,BFI,WA,ANM,WE,Towers with Display (VFR),15,86,91,1,193,0,78,296,0,374,15,164,387,1,567,234,0,234,801
02/24/2004,BFI,WA,ANM,WE,Towers with Display (VFR),26,90,96,1,213,10,75,174,1,260,36,165,270,2,473,192,0,192,665
02/25/2004,BFI,WA,ANM,WE,Towers with Display (VFR),31,106,113,2,252,16,142,122,2,282,47,248,235,4,534,214,4,218,752
02/26/2004,BFI,WA,ANM,WE,Towers with Display (VFR),30,104,112,2,248,4,82,261,4,351,34,186,373,6,599,214,0,214,813
02/27/2004,BFI,WA,ANM,WE,Towers with Display (VFR),30,103,111,1,245,0,79,236,0,315,30,182,347,1,560,310,0,310,870
02/28/2004,BFI,WA,ANM,WE,Towers with Display (VFR),19,68,73,1,161,8,94,276,24,402,27,162,349,25,563,380,4,384,947
02/29/2004,BFI,WA,ANM,WE,Towers with Display (VFR),4,41,44,0,89,0,23,257,0,280,4,64,301,0,369,186,0,186,555
03/01/2004,BFI,WA,ANM,WE,Towers with Display (VFR),17,73,78,0,168,0,49,304,1,354,17,122,382,1,522,300,0,300,822
03/02/2004,BFI,WA,ANM,WE,Towers with Display (VFR),23,93,100,1,217,0,27,498,1,526,23,120,598,2,743,334,0,334,1077
03/03/2004,BFI,WA,ANM,WE,Towers with Display (VFR),41,132,140,1,314,9,149,331,3,492,50,281,471,4,806,132,0,132,938
03/04/2004,BFI,WA,ANM,WE,Towers with Display (VFR),33,107,114,0,254,2,87,210,0,299,35,194,324,0,553,194,0,194,747
03/05/2004,BFI,WA,ANM,WE,Towers with Display (VFR),24,76,82,1,183,1,78,126,0,205,25,154,208,1,388,132,2,134,522
03/06/2004,BFI,WA,ANM,WE,Towers with Display (VFR),16,49,53,0,118,5,27,221,15,268,21,76,274,15,386,250,4,254,640
03/07/2004,BFI,WA,ANM,WE,Towers with Display (VFR),11,62,67,0,140,0,98,315,2,415,11,160,382,2,555,234,0,234,789
03/08/2004,BFI,WA,ANM,WE,Towers with Display (VFR),23,79,83,2,187,2,31,442,7,482,25,110,525,9,669,380,2,382,1051
03/09/2004,BFI,WA,ANM,WE,Towers with Display (VFR),28,100,105,0,233,0,104,344,0,448,28,204,449,0,681,247,25,272,953
03/10/2004,BFI,WA,ANM,WE,Towers with Display (VFR),30,101,105,2,238,9,65,397,0,471,39,166,502,2,709,296,2,298,1007
03/11/2004,BFI,WA,ANM,WE,Towers with Display (VFR),26,87,92,2,207,2,76,322,0,400,28,163,414,2,607,322,0,322,929
03/12/2004,BFI,WA,ANM,WE,Towers with Display (VFR),28,101,105,2,236,0,19,274,0,293,28,120,379,2,529,328,0,328,857
03/13/2004,BFI,WA,ANM,WE,Towers with Display (VFR),16,53,56,1,126,11,79,478,4,572,27,132,534,5,698,334,0,334,1032
03/14/2004,BFI,WA,ANM,WE,Towers with Display (VFR),6,51,53,1,111,0,92,138,1,231,6,143,191,2,342,284,0,284,626
03/15/2004,BFI,WA,ANM,WE,Towers with Display (VFR),16,71,74,1,162,0,70,275,5,350,16,141,349,6,512,300,0,300,812
03/16/2004,BFI,WA,ANM,WE,Towers with Display (VFR),27,90,95,2,214,2,133,308,1,444,29,223,403,3,658,320,0,320,978
03/17/2004,BFI,WA,ANM,WE,Towers with Display (VFR),34,115,121,2,272,9,61,161,1,232,43,176,282,3,504,306,0,306,810
03/18/2004,BFI,WA,ANM,WE,Towers with Display (VFR),25,98,103,2,228,0,76,74,3,153,25,174,177,5,381,78,0,78,459
03/19/2004,BFI,WA,ANM,WE,Towers with Display (VFR),30,100,105,0,235,9,44,260,0,313,39,144,365,0,548,156,0,156,704
03/20/2004,BFI,WA,ANM,WE,Towers with Display (VFR),19,64,67,1,151,1,97,439,0,537,20,161,506,1,688,312,4,316,1004
03/21/2004,BFI,WA,ANM,WE,Towers with Display (VFR),11,64,66,1,142,0,3,360,1,364,11,67,426,2,506,182,0,182,688
03/22/2004,BFI,WA,ANM,WE,Towers with Display (VFR),26,86,91,2,205,0,125,349,5,479,26,211,440,7,684,228,0,228,912
03/23/2004,BFI,WA,ANM,WE,Towers with Display (VFR),32,106,112,1,251,1,79,292,4,376,33,185,404,5,627,376,0,376,1003
03/24/2004,BFI,WA,ANM,WE,Towers with Display (VFR),28,94,99,0,221,0,145,258,0,403,28,239,357,0,624,178,0,178,802
03/25/2004,BFI,WA,ANM,WE,Towers with Display (VFR),31,104,110,1,246,5,57,122,1,185,36,161,232,2,431,112,2,114,545
03/26/2004,BFI,WA,ANM,WE,Towers with Display (VFR),30,100,106,1,237,0,47,135,5,187,30,147,241,6,424,114,2,116,540
03/27/2004,BFI,WA,ANM,WE,Towers with Display (VFR),17,55,58,0,130,3,32,178,1,214,20,87,236,1,344,130,0,130,474
03/28/2004,BFI,WA,ANM,WE,Towers with Display (VFR),7,46,49,0,102,0,64,377,0,441,7,110,426,0,543,378,0,378,921
03/29/2004,BFI,WA,ANM,WE,Towers with Display (VFR),17,74,78,0,169,0,69,332,0,401,17,143,410,0,570,282,0,282,852
03/30/2004,BFI,WA,ANM,WE,Towers with Display (VFR),26,86,91,1,204,6,68,188,0,262,32,154,279,1,466,324,0,324,790
03/31/2004,BFI,WA,ANM,WE,Towers with Display (VFR),31,102,109,1,243,0,105,230,0,335,31,207,339,1,578,356,0,356,934
04/01/2004,BFI,WA,ANM,WE,Towers with Display (VFR),28,88,93,1,210,0,88,337,4,429,28,176,430,5,639,414,0,414,1053
04/02/2004,BFI,WA,ANM,WE,Towers with Display (VFR),25,83,88,1,197,0,158,403,5,566,25,241,491,6,763,426,0,426,1189
04/03/2004,BFI,WA,ANM,WE,Towers with Display (VFR),12,46,49,0,107,0,41,442,1,484,12,87,491,1,591,380,0,380,971
04/04/2004,BFI,WA,ANM,WE,Towers with Display (VFR),6,46,49,0,101,0,20,354,4,378,6,66,403,4,479,314,0,314,793
04/05/2004,BFI,WA,ANM,WE,Towers with Display (VFR),18,72,77,1,168,0,123,360,0,483,18,195,437,1,651,284,0,284,935
04/06/2004,BFI,WA,ANM,WE,Towers with Display (VFR),32,99,105,2,238,3,49,342,2,396,35,148,447,4,634,510,0,510,1144
04/07/2004,BFI,WA,ANM,WE,Towers with Display (VFR),33,101,107,2,243,5,86,370,0,461,38,187,477,2,704,434,0,434,1138
04/08/2004,BFI,WA,ANM,WE,Towers with Display (VFR),30,91,97,1,219,7,41,226,3,277,37,132,323,4,496,212,0,212,708
04/09/2004,BFI,WA,ANM,WE,Towers with Display (VFR),23,77,83,1,184,0,31,361,3,395,23,108,444,4,579,332,0,332,911
04/10/2004,BFI,WA,ANM,WE,Towers with Display (VFR),3,29,31,0,63,0,37,278,1,316,3,66,309,1,379,192,0,192,571
04/11/2004,BFI,WA,ANM,WE,Towers with Display (VFR),3,29,31,0,63,0,37,278,1,316,3,66,309,1,379,102,0,102,481
04/12/2004,BFI,WA,ANM,WE,Towers with Display (VFR),12,69,74,2,157,0,100,274,5,379,12,169,348,7,536,384,0,384,920
04/13/2004,BFI,WA,ANM,WE,Towers with Display (VFR),26,83,86,2,197,5,141,227,2,375,31,224,313,4,572,220,0,220,792
04/14/2004,BFI,WA,ANM,WE,Towers with Display (VFR),28,89,93,1,211,2,54,124,0,180,30,143,217,1,391,222,0,222,613
04/15/2004,BFI,WA,ANM,WE,Towers with Display (VFR),28,90,93,2,213,1,47,209,2,259,29,137,302,4,472,202,0,202,674
04/16/2004,BFI,WA,ANM,WE,Towers with Display (VFR),24,98,102,2,226,0,46,301,0,347,24,144,403,2,573,384,0,384,957
04/17/2004,BFI,WA,ANM,WE,Towers with Display (VFR),11,71,74,2,158,0,11,275,7,293,11,82,349,9,451,270,0,270,721
04/18/2004,BFI,WA,ANM,WE,Towers with Display (VFR),6,53,55,2,116,0,31,329,3,363,6,84,384,5,479,304,0,304,783
04/19/2004,BFI,WA,ANM,WE,Towers with Display (VFR),12,73,76,1,162,0,53,232,0,285,12,126,308,1,447,206,0,206,653
04/20/2004,BFI,WA,ANM,WE,Towers with Display (VFR),29,93,97,2,221,13,161,309,8,491,42,254,406,10,712,314,0,314,1026
04/21/2004,BFI,WA,ANM,WE,Towers with Display (VFR),35,109,115,3,262,12,47,313,0,372,47,156,428,3,634,410,0,410,1044
04/22/2004,BFI,WA,ANM,WE,Towers with Display (VFR),31,97,101,0,229,10,57,393,0,460,41,154,494,0,689,450,0,450,1139
04/23/2004,BFI,WA,ANM,WE,Towers with Display (VFR),30,97,101,2,230,6,33,325,0,364,36,130,426,2,594,244,0,244,838
04/24/2004,BFI,WA,ANM,WE,Towers with Display (VFR),15,50,52,2,119,5,94,478,0,577,20,144,530,2,696,394,0,394,1090
04/25/2004,BFI,WA,ANM,WE,Towers with Display (VFR),11,61,63,0,135,0,127,333,0,460,11,188,396,0,595,302,0,302,897
04/26/2004,BFI,WA,ANM,WE,Towers with Display (VFR),21,68,70,2,161,1,79,348,0,428,22,147,418,2,589,278,0,278,867
04/27/2004,BFI,WA,ANM,WE,Towers with Display (VFR),31,95,99,2,227,8,84,153,3,248,39,179,252,5,475,170,0,170,645
04/28/2004,BFI,WA,ANM,WE,Towers with Display (VFR),33,107,112,0,252,8,107,384,0,499,41,214,496,0,751,368,0,368,1119
04/29/2004,BFI,WA,ANM,WE,Towers with Display (VFR),32,100,106,0,238,3,96,336,0,435,35,196,442,0,673,231,0,231,904
04/30/2004,BFI,WA,ANM,WE,Towers with Display (VFR),31,99,105,2,237,8,100,450,0,558,39,199,555,2,795,258,2,260,1055
05/01/2004,BFI,WA,ANM,WE,Towers with Display (VFR),16,46,51,1,114,0,162,463,0,625,16,208,514,1,739,348,0,348,1087
05/02/2004,BFI,WA,ANM,WE,Towers with Display (VFR),12,45,51,1,109,0,43,351,0,394,12,88,402,1,503,222,0,222,725
05/03/2004,BFI,WA,ANM,WE,Towers with Display (VFR),24,69,77,0,170,0,174,425,0,599,24,243,502,0,769,372,0,372,1141
05/04/2004,BFI,WA,ANM,WE,Towers with Display (VFR),35,98,109,2,244,3,73,250,0,326,38,171,359,2,570,236,0,236,806
05/05/2004,BFI,WA,ANM,WE,Towers with Display (VFR),35,100,111,2,248,5,72,299,0,376,40,172,410,2,624,300,0,300,924
05/06/2004,BFI,WA,ANM,WE,Towers with Display (VFR),31,89,99,2,221,9,72,307,6,394,40,161,406,8,615,392,0,392,1007
05/07/2004,BFI,WA,ANM,WE,Towers with Display (VFR),35,98,108,2,243,6,49,261,1,317,41,147,369,3,560,362,0,362,922
05/08/2004,BFI,WA,ANM,WE,Towers with Display (VFR),11,55,61,1,128,0,99,283,4,386,11,154,344,5,514,260,8,268,782
05/09/2004,BFI,WA,ANM,WE,Towers with Display (VFR),15,43,48,0,106,0,29,289,1,319,15,72,337,1,425,200,0,200,625
05/10/2004,BFI,WA,ANM,WE,Towers with Display (VFR),21,93,102,2,218,0,74,149,0,223,21,167,251,2,441,190,0,190,631
05/11/2004,BFI,WA,ANM,WE,Towers with Display (VFR),36,107,115,2,260,6,32,221,0,259,42,139,336,2,519,250,0,250,769
05/12/2004,BFI,WA,ANM,WE,Towers with Display (VFR),39,116,126,1,282,6,48,292,0,346,45,164,418,1,628,258,2,260,888
05/13/2004,BFI,WA,ANM,WE,Towers with Display (VFR),35,105,113,3,256,1,92,425,6,524,36,197,538,9,780,384,0,384,1164
05/14/2004,BFI,WA,ANM,WE,Towers with Display (VFR),35,104,112,3,254,10,209,579,2,800,45,313,691,5,1054,430,0,430,1484
05/15/2004,BFI,WA,ANM,WE,Towers with Display (VFR),17,57,62,2,138,0,78,315,4,397,17,135,377,6,535,246,10,256,791
05/16/2004,BFI,WA,ANM,WE,Towers with Display (VFR),12,46,51,2,111,0,43,201,1,245,12,89,252,3,356,194,0,194,550
05/17/2004,BFI,WA,ANM,WE,Towers with Display (VFR),28,84,91,2,205,9,183,421,0,613,37,267,512,2,818,364,6,370,1188
05/18/2004,BFI,WA,ANM,WE,Towers with Display (VFR),35,104,112,2,253,13,26,396,0,435,48,130,508,2,688,378,0,378,1066
05/19/2004,BFI,WA,ANM,WE,Towers with Display (VFR),42,122,132,3,299,4,48,344,1,397,46,170,476,4,696,338,0,338,1034
05/20/2004,BFI,WA,ANM,WE,Towers with Display (VFR),40,118,127,2,287,0,93,269,0,362,40,211,396,2,649,282,0,282,931
05/21/2004,BFI,WA,ANM,WE,Towers with Display (VFR),51,150,163,2,366,5,80,214,0,299,56,230,377,2,665,362,0,362,1027
05/22/2004,BFI,WA,ANM,WE,Towers with Display (VFR),17,64,70,2,153,0,61,241,0,302,17,125,311,2,455,184,0,184,639
05/23/2004,BFI,WA,ANM,WE,Towers with Display (VFR),12,54,59,2,127,0,67,313,1,381,12,121,372,3,508,322,0,322,830
05/24/2004,BFI,WA,ANM,WE,Towers with Display (VFR),26,102,110,2,240,0,80,353,0,433,26,182,463,2,673,372,0,372,1045
05/25/2004,BFI,WA,ANM,WE,Towers with Display (VFR),35,105,115,2,257,13,40,340,2,395,48,145,455,4,652,506,0,506,1158
05/26/2004,BFI,WA,ANM,WE,Towers with Display (VFR),41,120,132,2,295,3,33,129,2,167,44,153,261,4,462,74,0,74,536
05/27/2004,BFI,WA,ANM,WE,Towers with Display (VFR),40,129,140,2,311,0,69,123,0,192,40,198,263,2,503,118,0,118,621
05/28/2004,BFI,WA,ANM,WE,Towers with Display (VFR),38,127,138,2,305,0,26,372,14,412,38,153,510,16,717,202,0,202,919
05/29/2004,BFI,WA,ANM,WE,Towers with Display (VFR),18,53,59,1,131,2,132,305,1,440,20,185,364,2,571,166,0,166,737
05/30/2004,BFI,WA,ANM,WE,Towers with Display (VFR),12,37,40,0,89,0,34,127,0,161,12,71,167,0,250,98,0,98,348
05/31/2004,BFI,WA,ANM,WE,Towers with Display (VFR),0,66,72,1,139,0,64,251,1,316,0,130,323,2,455,248,0,248,703
06/01/2004,BFI,WA,ANM,WE,Towers with Display (VFR),33,92,101,2,228,6,51,340,7,404,39,143,441,9,632,286,0,286,918
06/02/2004,BFI,WA,ANM,WE,Towers with Display (VFR),39,108,119,2,268,12,43,447,14,516,51,151,566,16,784,366,18,384,1168
06/03/2004,BFI,WA,ANM,WE,Towers with Display (VFR),34,93,103,2,232,6,103,439,8,556,40,196,542,10,788,392,0,392,1180
06/04/2004,BFI,WA,ANM,WE,Towers with Display (VFR),36,100,110,2,248,2,98,540,8,648,38,198,650,10,896,476,0,476,1372
06/05/2004,BFI,WA,ANM,WE,Towers with Display (VFR),10,50,56,1,117,0,39,298,3,340,10,89,354,4,457,180,2,182,639
06/06/2004,BFI,WA,ANM,WE,Towers with Display (VFR),14,48,54,1,117,0,88,257,0,345,14,136,311,1,462,170,0,170,632
06/07/2004,BFI,WA,ANM,WE,Towers with Display (VFR),30,84,92,2,208,3,108,225,2,338,33,192,317,4,546,348,2,350,896
06/08/2004,BFI,WA,ANM,WE,Towers with Display (VFR),37,102,112,1,252,15,88,390,0,493,52,190,502,1,745,388,0,388,1133
06/09/2004,BFI,WA,ANM,WE,Towers with Display (VFR),41,112,123,2,278,1,51,305,4,361,42,163,428,6,639,410,0,410,1049
06/10/2004,BFI,WA,ANM,WE,Towers with Display (VFR),37,125,137,2,301,0,49,242,0,291,37,174,379,2,592,196,0,196,788
06/11/2004,BFI,WA,ANM,WE,Towers with Display (VFR),39,105,134,1,279,0,0,333,0,333,39,105,467,1,612,290,0,290,902
06/12/2004,BFI,WA,ANM,WE,Towers with Display (VFR),8,57,61,1,127,0,44,317,0,361,8,101,378,1,488,168,0,168,656
06/13/2004,BFI,WA,ANM,WE,Towers with Display (VFR),9,54,57,2,122,0,19,183,0,202,9,73,240,2,324,180,0,180,504
06/14/2004,BFI,WA,ANM,WE,Towers with Display (VFR),22,95,102,3,222,0,96,276,2,374,22,191,378,5,596,356,0,356,952
06/15/2004,BFI,WA,ANM,WE,Towers with Display (VFR),34,96,105,1,236,15,72,449,0,536,49,168,554,1,772,452,0,452,1224
06/16/2004,BFI,WA,ANM,WE,Towers with Display (VFR),31,89,96,3,219,11,111,476,22,620,42,200,572,25,839,404,10,414,1253
06/17/2004,BFI,WA,ANM,WE,Towers with Display (VFR),35,102,110,3,250,19,85,476,5,585,54,187,586,8,835,456,0,456,1291
06/18/2004,BFI,WA,ANM,WE,Towers with Display (VFR),51,159,174,5,389,0,47,202,7,256,51,206,376,12,645,388,0,388,1033
06/19/2004,BFI,WA,ANM,WE,Towers with Display (VFR),20,66,72,2,160,0,93,440,8,541,20,159,512,10,701,346,0,346,1047
06/20/2004,BFI,WA,ANM,WE,Towers with Display (VFR),14,53,57,0,124,0,34,393,0,427,14,87,450,0,551,222,0,222,773
06/21/2004,BFI,WA,ANM,WE,Towers with Display (VFR),20,81,88,3,192,0,97,319,3,419,20,178,407,6,611,410,0,410,1021
06/22/2004,BFI,WA,ANM,WE,Towers with Display (VFR),42,119,129,4,294,5,73,317,2,397,47,192,446,6,691,294,0,294,985
06/23/2004,BFI,WA,ANM,WE,Towers with Display (VFR),47,133,145,2,327,1,46,320,0,367,48,179,465,2,694,454,0,454,1148
06/24/2004,BFI,WA,ANM,WE,Towers with Display (VFR),45,128,140,1,314,3,97,278,0,378,48,225,418,1,692,356,0,356,1048
06/25/2004,BFI,WA,ANM,WE,Towers with Display (VFR),36,128,139,1,304,0,29,446,0,475,36,157,585,1,779,320,0,320,1099
06/26/2004,BFI,WA,ANM,WE,Towers with Display (VFR),18,65,71,1,155,0,37,356,3,396,18,102,427,4,551,228,0,228,779
06/27/2004,BFI,WA,ANM,WE,Towers with Display (VFR),12,57,63,1,133,0,32,382,1,415,12,89,445,2,548,180,0,180,728
06/28/2004,BFI,WA,ANM,WE,Towers with Display (VFR),28,90,99,2,219,0,78,425,3,506,28,168,524,5,725,316,0,316,1041
06/29/2004,BFI,WA,ANM,WE,Towers with Display (VFR),42,121,132,3,298,1,35,503,1,540,43,156,635,4,838,332,0,332,1170
06/30/2004,BFI,WA,ANM,WE,Towers with Display (VFR),41,117,129,3,290,0,89,543,0,632,41,206,672,3,922,618,0,618,1540
07/01/2004,BFI,WA,ANM,WE,Towers with Display (VFR),35,133,152,4,324,0,58,342,2,402,35,191,494,6,726,280,0,280,1006
07/02/2004,BFI,WA,ANM,WE,Towers with Display (VFR),36,119,136,3,294,0,94,431,0,525,36,213,567,3,819,530,0,530,1349
07/03/2004,BFI,WA,ANM,WE,Towers with Display (VFR),25,68,78,2,173,0,139,400,4,543,25,207,478,6,716,224,0,224,940
07/04/2004,BFI,WA,ANM,WE,Towers with Display (VFR),11,31,37,1,80,0,76,283,4,363,11,107,320,5,443,194,0,194,637
07/05/2004,BFI,WA,ANM,WE,Towers with Display (VFR),0,66,77,2,145,0,78,490,0,568,0,144,567,2,713,254,0,254,967
07/06/2004,BFI,WA,ANM,WE,Towers with Display (VFR),38,133,151,4,326,0,58,148,0,206,38,191,299,4,532,154,2,156,688
07/07/2004,BFI,WA,ANM,WE,Towers with Display (VFR),40,110,127,3,280,3,165,505,2,675,43,275,632,5,955,524,0,524,1479
07/08/2004,BFI,WA,ANM,WE,Towers with Display (VFR),40,119,134,3,296,0,82,348,17,447,40,201,482,20,743,436,14,450,1193
07/09/2004,BFI,WA,ANM,WE,Towers with Display (VFR),37,102,116,3,258,2,162,353,1,518,39,264,469,4,776,554,0,554,1330
07/10/2004,BFI,WA,ANM,WE,Towers with Display (VFR),22,64,72,1,159,0,107,306,11,424,22,171,378,12,583,276,0,276,859
07/11/2004,BFI,WA,ANM,WE,Towers with Display (VFR),13,68,76,3,160,0,40,482,4,526,13,108,558,7,686,350,0,350,1036
07/12/2004,BFI,WA,ANM,WE,Towers with Display (VFR),19,75,85,3,182,0,70,332,0,402,19,145,417,3,584,240,0,240,824
07/13/2004,BFI,WA,ANM,WE,Towers with Display (VFR),33,95,106,2,236,14,58,357,0,429,47,153,463,2,665,406,0,406,1071
07/14/2004,BFI,WA,ANM,WE,Towers with Display (VFR),34,97,109,4,244,11,61,371,1,444,45,158,480,5,688,446,0,446,1134
07/15/2004,BFI,WA,ANM,WE,Towers with Display (VFR),45,128,145,4,322,9,60,243,0,312,54,188,388,4,634,232,0,232,866
07/16/2004,BFI,WA,ANM,WE,Towers with Display (VFR),41,117,131,4,293,11,178,505,1,695,52,295,636,5,988,384,0,384,1372
07/17/2004,BFI,WA,ANM,WE,Towers with Display (VFR),8,66,73,3,150,0,27,480,31,538,8,93,553,34,688,324,0,324,1012
07/18/2004,BFI,WA,ANM,WE,Towers with Display (VFR),16,69,78,3,166,0,25,390,5,420,16,94,468,8,586,136,0,136,722
07/19/2004,BFI,WA,ANM,WE,Towers with Display (VFR),23,98,111,4,236,0,71,406,4,481,23,169,517,8,717,250,0,250,967
07/20/2004,BFI,WA,ANM,WE,Towers with Display (VFR),38,109,123,2,272,15,21,421,0,457,53,130,544,2,729,350,0,350,1079
07/21/2004,BFI,WA,ANM,WE,Towers with Display (VFR),34,95,107,3,239,10,70,417,7,504,44,165,524,10,743,370,42,412,1155
07/22/2004,BFI,WA,ANM,WE,Towers with Display (VFR),40,116,131,2,289,6,70,418,0,494,46,186,549,2,783,416,0,416,1199
07/23/2004,BFI,WA,ANM,WE,Towers with Display (VFR),35,101,114,1,251,4,217,561,0,782,39,318,675,1,1033,442,0,442,1475
07/24/2004,BFI,WA,ANM,WE,Towers with Display (VFR),16,47,52,2,117,6,124,465,10,605,22,171,517,12,722,361,0,361,1083
07/25/2004,BFI,WA,ANM,WE,Towers with Display (VFR),20,89,101,2,212,0,15,273,0,288,20,104,374,2,500,114,0,114,614
07/26/2004,BFI,WA,ANM,WE,Towers with Display (VFR),26,95,108,2,231,0,43,369,0,412,26,138,477,2,643,216,0,216,859
07/27/2004,BFI,WA,ANM,WE,Towers with Display (VFR),34,99,113,2,248,12,36,391,0,439,46,135,504,2,687,302,0,302,989
07/28/2004,BFI,WA,ANM,WE,Towers with Display (VFR),34,95,108,2,239,8,107,375,10,500,42,202,483,12,739,434,0,434,1173
07/29/2004,BFI,WA,ANM,WE,Towers with Display (VFR),36,105,119,3,263,8,101,396,1,506,44,206,515,4,769,370,0,370,1139
07/30/2004,BFI,WA,ANM,WE,Towers with Display (VFR),40,115,131,3,289,0,227,327,6,560,40,342,458,9,849,352,0,352,1201
07/31/2004,BFI,WA,ANM,WE,Towers with Display (VFR),17,49,56,1,123,2,112,420,2,536,19,161,476,3,659,314,0,314,973
08/01/2004,BFI,WA,ANM,WE,Towers with Display (VFR),11,62,72,2,147,0,56,475,0,531,11,118,547,2,678,130,2,132,810
08/02/2004,BFI,WA,ANM,WE,Towers with Display (VFR),29,104,120,3,256,0,88,263,1,352,29,192,383,4,608,234,0,234,842
08/03/2004,BFI,WA,ANM,WE,Towers with Display (VFR),40,126,146,2,314,0,73,367,0,440,40,199,513,2,754,366,0,366,1120
08/04/2004,BFI,WA,ANM,WE,Towers with Display (VFR),39,117,136,3,295,8,89,278,10,385,47,206,414,13,680,350,0,350,1030
08/05/2004,BFI,WA,ANM,WE,Towers with Display (VFR),33,98,115,3,249,6,107,339,15,467,39,205,454,18,716,278,0,278,994
08/06/2004,BFI,WA,ANM,WE,Towers with Display (VFR),42,134,155,4,335,0,143,267,10,420,42,277,422,14,755,280,0,280,1035
08/07/2004,BFI,WA,ANM,WE,Towers with Display (VFR),11,83,97,2,193,0,88,314,16,418,11,171,411,18,611,304,0,304,915
08/08/2004,BFI,WA,ANM,WE,Towers with Display (VFR),16,49,57,1,123,4,46,336,18,404,20,95,393,19,527,232,16,248,775
08/09/2004,BFI,WA,ANM,WE,Towers with Display (VFR),20,86,98,2,206,0,46,388,2,436,20,132,486,4,642,262,0,262,904
08/10/2004,BFI,WA,ANM,WE,Towers with Display (VFR),36,108,123,3,270,11,72,440,3,526,47,180,563,6,796,306,2,308,1104
08/11/2004,BFI,WA,ANM,WE,Towers with Display (VFR),32,98,112,2,244,14,120,378,0,512,46,218,490,2,756,250,0,250,1006
08/12/2004,BFI,WA,ANM,WE,Towers with Display (VFR),34,107,121,4,266,15,89,467,5,576,49,196,588,9,842,250,0,250,1092
08/13/2004,BFI,WA,ANM,WE,Towers with Display (VFR),22,70,79,3,174,6,44,266,1,317,28,114,345,4,491,170,0,170,661
08/14/2004,BFI,WA,ANM,WE,Towers with Display (VFR),15,57,65,2,139,0,83,444,8,535,15,140,509,10,674,184,2,186,860
08/15/2004,BFI,WA,ANM,WE,Towers with Display (VFR),11,68,78,3,160,0,45,418,11,474,11,113,496,14,634,112,0,112,746
08/16/2004,BFI,WA,ANM,WE,Towers with Display (VFR),27,100,114,4,245,0,90,297,0,387,27,190,411,4,632,170,0,170,802
08/17/2004,BFI,WA,ANM,WE,Towers with Display (VFR),38,116,132,1,287,3,54,448,0,505,41,170,580,1,792,390,0,390,1182
08/18/2004,BFI,WA,ANM,WE,Towers with Display (VFR),35,107,122,2,266,9,129,416,0,554,44,236,538,2,820,412,0,412,1232
08/19/2004,BFI,WA,ANM,WE,Towers with Display (VFR),35,110,125,4,274,5,106,424,1,536,40,216,549,5,810,366,0,366,1176
08/20/2004,BFI,WA,ANM,WE,Towers with Display (VFR),31,111,126,4,272,0,68,500,0,568,31,179,626,4,840,464,0,464,1304
08/21/2004,BFI,WA,ANM,WE,Towers with Display (VFR),11,89,101,3,204,0,70,226,1,297,11,159,327,4,501,130,0,130,631
08/22/2004,BFI,WA,ANM,WE,Towers with Display (VFR),9,84,95,1,189,0,12,203,0,215,9,96,298,1,404,112,0,112,516
08/23/2004,BFI,WA,ANM,WE,Towers with Display (VFR),19,108,124,4,255,0,89,262,0,351,19,197,386,4,606,226,0,226,832
08/24/2004,BFI,WA,ANM,WE,Towers with Display (VFR),41,128,147,2,318,2,10,135,0,147,43,138,282,2,465,60,0,60,525
08/25/2004,BFI,WA,ANM,WE,Towers with Display (VFR),37,115,130,3,285,7,56,235,0,298,44,171,365,3,583,36,0,36,619
08/26/2004,BFI,WA,ANM,WE,Towers with Display (VFR),43,132,152,4,331,11,72,257,0,340,54,204,409,4,671,272,0,272,943
08/27/2004,BFI,WA,ANM,WE,Towers with Display (VFR),40,123,142,4,309,3,102,360,5,470,43,225,502,9,779,436,0,436,1215
08/28/2004,BFI,WA,ANM,WE,Towers with Display (VFR),22,68,79,2,171,7,52,333,6,398,29,120,412,8,569,234,0,234,803
08/29/2004,BFI,WA,ANM,WE,Towers with Display (VFR),15,65,76,1,157,0,84,365,0,449,15,149,441,1,606,246,0,246,852
08/30/2004,BFI,WA,ANM,WE,Towers with Display (VFR),22,85,98,2,207,0,68,321,3,392,22,153,419,5,599,326,4,330,929
08/31/2004,BFI,WA,ANM,WE,Towers with Display (VFR),31,98,113,1,243,15,70,357,0,442,46,168,470,1,685,390,0,390,1075
09/01/2004,BFI,WA,ANM,WE,Towers with Display (VFR),40,128,137,2,307,7,16,298,1,322,47,144,435,3,629,247,2,249,878
09/02/2004,BFI,WA,ANM,WE,Towers with Display (VFR),35,113,121,2,271,10,60,307,0,377,45,173,428,2,648,240,0,240,888
09/03/2004,BFI,WA,ANM,WE,Towers with Display (VFR),38,119,129,0,286,2,162,505,0,669,40,281,634,0,955,504,0,504,1459
09/04/2004,BFI,WA,ANM,WE,Towers with Display (VFR),15,59,65,1,140,0,85,392,9,486,15,144,457,10,626,320,0,320,946
09/05/2004,BFI,WA,ANM,WE,Towers with Display (VFR),8,46,50,0,104,0,77,336,0,413,8,123,386,0,517,332,0,332,849
09/06/2004,BFI,WA,ANM,WE,Towers with Display (VFR),3,51,56,0,110,0,87,498,3,588,3,138,554,3,698,214,0,214,912
09/07/2004,BFI,WA,ANM,WE,Towers with Display (VFR),27,85,91,1,204,1,112,443,3,559,28,197,534,4,763,384,0,384,1147
09/08/2004,BFI,WA,ANM,WE,Towers with Display (VFR),37,120,128,2,287,11,84,254,4,353,48,204,382,6,640,246,0,246,886
09/09/2004,BFI,WA,ANM,WE,Towers with Display (VFR),39,123,133,2,297,0,54,271,0,325,39,177,404,2,622,260,2,262,884
09/10/2004,BFI,WA,ANM,WE,Towers with Display (VFR),40,127,137,1,305,1,84,436,0,521,41,211,573,1,826,354,0,354,1180
09/11/2004,BFI,WA,ANM,WE,Towers with Display (VFR),17,74,77,1,169,0,53,226,0,279,17,127,303,1,448,212,0,212,660
09/12/2004,BFI,WA,ANM,WE,Towers with Display (VFR),12,66,69,2,149,0,21,191,2,214,12,87,260,4,363,238,0,238,601
09/13/2004,BFI,WA,ANM,WE,Towers with Display (VFR),28,118,125,3,274,0,108,138,1,247,28,226,263,4,521,142,0,142,663
09/14/2004,BFI,WA,ANM,WE,Towers with Display (VFR),36,120,126,3,285,2,68,269,2,341,38,188,395,5,626,316,2,318,944
09/15/2004,BFI,WA,ANM,WE,Towers with Display (VFR),37,123,130,2,292,7,81,136,0,224,44,204,266,2,516,98,0,98,614
09/16/2004,BFI,WA,ANM,WE,Towers with Display (VFR),40,130,137,3,310,10,65,168,1,244,50,195,305,4,554,220,0,220,774
09/17/2004,BFI,WA,ANM,WE,Towers with Display (VFR),33,116,122,3,274,0,67,258,7,332,33,183,380,10,606,396,0,396,1002
09/18/2004,BFI,WA,ANM,WE,Towers with Display (VFR),18,71,75,2,166,0,58,107,6,171,18,129,182,8,337,46,0,46,383
09/19/2004,BFI,WA,ANM,WE,Towers with Display (VFR),12,72,76,2,162,0,10,185,3,198,12,82,261,5,360,226,0,226,586
09/20/2004,BFI,WA,ANM,WE,Towers with Display (VFR),21,95,100,2,218,0,76,231,0,307,21,171,331,2,525,158,0,158,683
09/21/2004,BFI,WA,ANM,WE,Towers with Display (VFR),32,105,112,0,249,13,102,342,0,457,45,207,454,0,706,366,0,366,1072
09/22/2004,BFI,WA,ANM,WE,Towers with Display (VFR),36,124,130,3,293,0,101,185,0,286,36,225,315,3,579,224,0,224,803
09/23/2004,BFI,WA,ANM,WE,Towers with Display (VFR),41,134,142,3,320,7,58,191,1,257,48,192,333,4,577,246,0,246,823
09/24/2004,BFI,WA,ANM,WE,Towers with Display (VFR),35,121,128,1,285,0,184,250,0,434,35,305,378,1,719,244,0,244,963
09/25/2004,BFI,WA,ANM,WE,Towers with Display (VFR),22,75,79,1,177,3,75,381,3,462,25,150,460,4,639,174,2,176,815
09/26/2004,BFI,WA,ANM,WE,Towers with Display (VFR),9,72,78,1,160,0,41,172,2,215,9,113,250,3,375,144,4,148,523
09/27/2004,BFI,WA,ANM,WE,Towers with Display (VFR),27,91,97,1,216,0,205,354,5,564,27,296,451,6,780,310,4,314,1094
09/28/2004,BFI,WA,ANM,WE,Towers with Display (VFR),31,102,109,1,243,3,63,264,1,331,34,165,373,2,574,240,0,240,814
09/29/2004,BFI,WA,ANM,WE,Towers with Display (VFR),36,119,126,2,283,5,80,295,0,380,41,199,421,2,663,230,0,230,893
09/30/2004,BFI,WA,ANM,WE,Towers with Display (VFR),36,119,126,2,283,14,87,279,2,382,50,206,405,4,665,404,0,404,1069
10/01/2004,BFI,WA,ANM,WE,Towers with Display (VFR),40,94,101,5,240,0,116,465,2,583,40,210,566,7,823,462,0,462,1285
10/02/2004,BFI,WA,ANM,WE,Towers with Display (VFR),15,44,62,3,124,6,66,424,4,500,21,110,486,7,624,194,6,200,824
10/03/2004,BFI,WA,ANM,WE,Towers with Display (VFR),14,27,64,3,108,0,69,258,2,329,14,96,322,5,437,122,0,122,559
10/04/2004,BFI,WA,ANM,WE,Towers with Display (VFR),29,87,75,3,194,0,78,233,0,311,29,165,308,3,505,290,0,290,795
10/05/2004,BFI,WA,ANM,WE,Towers with Display (VFR),29,93,72,5,199,0,25,221,0,246,29,118,293,5,445,172,0,172,617
10/06/2004,BFI,WA,ANM,WE,Towers with Display (VFR),38,141,110,5,294,0,45,273,0,318,38,186,383,5,612,154,0,154,766
10/07/2004,BFI,WA,ANM,WE,Towers with Display (VFR),38,104,106,2,250,0,20,381,5,406,38,124,487,7,656,232,8,240,896
10/08/2004,BFI,WA,ANM,WE,Towers with Display (VFR),35,125,113,0,273,0,94,158,0,252,35,219,271,0,525,132,0,132,657
10/09/2004,BFI,WA,ANM,WE,Towers with Display (VFR),11,61,73,0,145,0,28,86,0,114,11,89,159,0,259,92,0,92,351
10/10/2004,BFI,WA,ANM,WE,Towers with Display (VFR),4,51,81,0,136,0,47,255,0,302,4,98,336,0,438,158,0,158,596
10/11/2004,BFI,WA,ANM,WE,Towers with Display (VFR),25,71,104,0,200,0,97,247,4,348,25,168,351,4,548,190,0,190,738
10/12/2004,BFI,WA,ANM,WE,Towers with Display (VFR),40,121,99,8,268,0,47,399,0,446,40,168,498,8,714,198,0,198,912
10/13/2004,BFI,WA,ANM,WE,Towers with Display (VFR),35,122,94,6,257,0,61,350,1,412,35,183,444,7,669,278,0,278,947
10/14/2004,BFI,WA,ANM,WE,Towers with Display (VFR),37,132,112,0,281,0,72,357,4,433,37,204,469,4,714,338,0,338,1052
10/15/2004,BFI,WA,ANM,WE,Towers with Display (VFR),33,139,149,5,326,0,0,152,0,152,33,139,301,5,478,124,0,124,602
10/16/2004,BFI,WA,ANM,WE,Towers with Display (VFR),18,73,95,5,191,0,13,50,1,64,18,86,145,6,255,50,0,50,305
10/17/2004,BFI,WA,ANM,WE,Towers with Display (VFR),4,80,78,2,164,0,22,42,1,65,4,102,120,3,229,114,0,114,343
10/18/2004,BFI,WA,ANM,WE,Towers with Display (VFR),22,93,86,2,203,0,113,285,3,401,22,206,371,5,604,212,0,212,816
10/19/2004,BFI,WA,ANM,WE,Towers with Display (VFR),42,123,83,21,269,0,64,230,7,301,42,187,313,28,570,258,0,258,828
10/20/2004,BFI,WA,ANM,WE,Towers with Display (VFR),35,103,80,0,218,0,41,288,8,337,35,144,368,8,555,170,0,170,725
10/21/2004,BFI,WA,ANM,WE,Towers with Display (VFR),38,120,92,10,260,0,54,266,4,324,38,174,358,14,584,258,0,258,842
10/22/2004,BFI,WA,ANM,WE,Towers with Display (VFR),37,144,91,3,275,3,124,211,9,347,40,268,302,12,622,60,0,60,682
10/23/2004,BFI,WA,ANM,WE,Towers with Display (VFR),17,45,67,5,134,0,60,172,1,233,17,105,239,6,367,192,4,196,563
10/24/2004,BFI,WA,ANM,WE,Towers with Display (VFR),3,30,67,1,101,0,27,175,0,202,3,57,242,1,303,184,0,184,487
10/25/2004,BFI,WA,ANM,WE,Towers with Display (VFR),26,94,78,0,198,0,44,233,0,277,26,138,311,0,475,190,0,190,665
10/26/2004,BFI,WA,ANM,WE,Towers with Display (VFR),40,123,83,0,246,0,83,239,0,322,40,206,322,0,568,250,0,250,818
10/27/2004,BFI,WA,ANM,WE,Towers with Display (VFR),36,109,102,0,247,0,92,318,0,410,36,201,420,0,657,260,0,260,917
10/28/2004,BFI,WA,ANM,WE,Towers with Display (VFR),37,156,114,4,311,0,10,38,0,48,37,166,152,4,359,4,0,4,363
10/29/2004,BFI,WA,ANM,WE,Towers with Display (VFR),40,113,106,1,260,4,166,353,7,530,44,279,459,8,790,242,0,242,1032
10/30/2004,BFI,WA,ANM,WE,Towers with Display (VFR),13,33,54,2,102,9,136,338,2,485,22,169,392,4,587,194,2,196,783
10/31/2004,BFI,WA,ANM,WE,Towers with Display (VFR),5,32,59,2,98,0,43,272,1,316,5,75,331,3,414,182,2,184,598
11/01/2004,BFI,WA,ANM,WE,Towers with Radar,31,125,94,4,254,0,53,181,1,235,31,178,275,5,489,62,0,62,551
11/02/2004,BFI,WA,ANM,WE,Towers with Radar,43,112,56,2,213,0,29,116,0,145,43,141,172,2,358,118,0,118,476
11/03/2004,BFI,WA,ANM,WE,Towers with Radar,39,123,86,4,252,0,56,280,0,336,39,179,366,4,588,204,0,204,792
11/04/2004,BFI,WA,ANM,WE,Towers with Radar,35,119,108,1,263,0,59,312,0,371,35,178,420,1,634,250,0,250,884
11/05/2004,BFI,WA,ANM,WE,Towers with Radar,35,119,108,1,263,0,59,312,0,371,35,178,420,1,634,250,0,250,884
11/06/2004,BFI,WA,ANM,WE,Towers with Radar,16,65,61,0,142,0,41,207,0,248,16,106,268,0,390,210,0,210,600
11/07/2004,BFI,WA,ANM,WE,Towers with Radar,11,40,51,1,103,0,28,183,1,212,11,68,234,2,315,222,0,222,537
11/08/2004,BFI,WA,ANM,WE,Towers with Radar,28,96,70,0,194,0,32,28,0,60,28,128,98,0,254,26,0,26,280
11/09/2004,BFI,WA,ANM,WE,Towers with Radar,41,107,89,2,239,0,27,252,0,279,41,134,341,2,518,202,0,202,720
11/10/2004,BFI,WA,ANM,WE,Towers with Radar,43,148,118,3,312,0,45,148,0,193,43,193,266,3,505,318,0,318,823
11/11/2004,BFI,WA,ANM,WE,Towers with Radar,37,103,107,10,257,0,78,249,0,327,37,181,356,10,584,280,0,280,864
11/12/2004,BFI,WA,ANM,WE,Towers with Radar,30,115,95,0,240,0,13,157,0,170,30,128,252,0,410,194,0,194,604
11/13/2004,BFI,WA,ANM,WE,Towers with Radar,20,63,102,2,187,0,24,222,0,246,20,87,324,2,433,212,0,212,645
11/14/2004,BFI,WA,ANM,WE,Towers with Radar,10,38,77,2,127,0,78,207,2,287,10,116,284,4,414,188,2,190,604
11/15/2004,BFI,WA,ANM,WE,Towers with Radar,28,119,75,4,226,0,86,182,0,268,28,205,257,4,494,58,4,62,556
11/16/2004,BFI,WA,ANM,WE,Towers with Radar,42,126,140,0,308,0,17,187,0,204,42,143,327,0,512,82,0,82,594
11/17/2004,BFI,WA,ANM,WE,Towers with Radar,38,112,104,0,254,0,64,215,0,279,38,176,319,0,533,312,0,312,845
11/18/2004,BFI,WA,ANM,WE,Towers with Radar,41,116,82,2,241,0,46,94,4,144,41,162,176,6,385,28,0,28,413
11/19/2004,BFI,WA,ANM,WE,Towers with Radar,40,129,119,0,288,0,62,249,0,311,40,191,368,0,599,286,0,286,885
11/20/2004,BFI,WA,ANM,WE,Towers with Radar,8,61,101,1,171,0,56,260,0,316,8,117,361,1,487,352,0,352,839
11/21/2004,BFI,WA,ANM,WE,Towers with Radar,8,44,97,1,150,0,54,211,0,265,8,98,308,1,415,260,0,260,675
11/22/2004,BFI,WA,ANM,WE,Towers with Radar,25,129,108,4,266,0,39,23,0,62,25,168,131,4,328,12,6,18,346
11/23/2004,BFI,WA,ANM,WE,Towers with Radar,43,120,166,4,333,0,118,107,2,227,43,238,273,6,560,304,0,304,864
11/24/2004,BFI,WA,ANM,WE,Towers with Radar,32,154,119,0,305,0,60,166,2,228,32,214,285,2,533,60,0,60,593
11/25/2004,BFI,WA,ANM,WE,Towers with Radar,9,55,31,0,95,0,1,32,1,34,9,56,63,1,129,20,0,20,149
11/26/2004,BFI,WA,ANM,WE,Towers with Radar,29,116,57,0,202,0,85,286,1,372,29,201,343,1,574,256,0,256,830
11/27/2004,BFI,WA,ANM,WE,Towers with Radar,7,58,60,0,125,0,45,101,0,146,7,103,161,0,271,158,0,158,429
11/28/2004,BFI,WA,ANM,WE,Towers with Radar,5,69,121,0,195,0,52,224,1,277,5,121,345,1,472,272,0,272,744
11/29/2004,BFI,WA,ANM,WE,Towers with Radar,25,131,77,0,233,0,62,223,0,285,25,193,300,0,518,144,0,144,662
11/30/2004,BFI,WA,ANM,WE,Towers with Radar,47,145,90,0,282,0,17,63,0,80,47,162,153,0,362,80,0,80,442
12/01/2004,BFI,WA,ANM,WE,Towers with Radar,44,133,78,2,257,0,81,252,0,333,44,214,330,2,590,184,0,184,774
12/02/2004,BFI,WA,ANM,WE,Towers with Radar,31,128,101,0,260,0,73,221,4,298,31,201,322,4,558,168,0,168,726
12/03/2004,BFI,WA,ANM,WE,Towers with Radar,29,130,115,2,276,0,58,187,0,245,29,188,302,2,521,246,0,246,767
12/04/2004,BFI,WA,ANM,WE,Towers with Radar,35,119,108,1,263,0,59,312,0,371,35,178,420,1,634,250,0,250,884
12/05/2004,BFI,WA,ANM,WE,Towers with Radar,8,42,56,0,106,0,51,99,0,150,8,93,155,0,256,156,0,156,412
12/06/2004,BFI,WA,ANM,WE,Towers with Radar,18,124,80,0,222,0,38,148,0,186,18,162,228,0,408,116,0,116,524
12/07/2004,BFI,WA,ANM,WE,Towers with Radar,36,150,84,0,270,0,14,181,0,195,36,164,265,0,465,192,0,192,657
12/08/2004,BFI,WA,ANM,WE,Towers with Radar,33,131,104,0,268,3,31,185,0,219,36,162,289,0,487,174,0,174,661
12/09/2004,BFI,WA,ANM,WE,Towers with Radar,38,122,124,0,284,0,33,197,0,230,38,155,321,0,514,170,0,170,684
12/10/2004,BFI,WA,ANM,WE,Towers with Radar,38,122,126,0,286,0,73,35,0,108,38,195,161,0,394,158,0,158,552
12/11/2004,BFI,WA,ANM,WE,Towers with Radar,17,49,62,2,130,5,119,491,0,615,22,168,553,2,745,176,0,176,921
12/12/2004,BFI,WA,ANM,WE,Towers with Radar,8,20,52,0,80,0,113,342,3,458,8,133,394,3,538,180,0,180,718
12/13/2004,BFI,WA,ANM,WE,Towers with Radar,29,113,82,0,224,0,29,289,0,318,29,142,371,0,542,170,0,170,712
12/14/2004,BFI,WA,ANM,WE,Towers with Radar,48,136,76,0,260,0,54,105,0,159,48,190,181,0,419,38,0,38,457
12/15/2004,BFI,WA,ANM,WE,Towers with Radar,33,133,109,0,275,0,76,378,1,455,33,209,487,1,730,192,0,192,922
12/16/2004,BFI,WA,ANM,WE,Towers with Radar,37,154,147,0,338,0,64,94,2,160,37,218,241,2,498,92,0,92,590
12/17/2004,BFI,WA,ANM,WE,Towers with Radar,37,153,144,0,334,0,8,11,0,19,37,161,155,0,353,0,0,0,353
12/18/2004,BFI,WA,ANM,WE,Towers with Radar,16,66,100,0,182,0,33,182,0,215,16,99,282,0,397,186,0,186,583
12/19/2004,BFI,WA,ANM,WE,Towers with Radar,10,46,60,0,116,0,78,68,0,146,10,124,128,0,262,40,0,40,302
12/20/2004,BFI,WA,ANM,WE,Towers with Radar,17,109,84,1,211,0,110,236,5,351,17,219,320,6,562,226,0,226,788
12/21/2004,BFI,WA,ANM,WE,Towers with Radar,39,166,75,1,281,0,11,195,0,206,39,177,270,1,487,230,0,230,717
12/22/2004,BFI,WA,ANM,WE,Towers with Radar,40,136,74,3,253,0,80,185,0,265,40,216,259,3,518,212,0,212,730
12/23/2004,BFI,WA,ANM,WE,Towers with Radar,17,166,82,0,265,0,9,24,0,33,17,175,106,0,298,0,0,0,298
12/24/2004,BFI,WA,ANM,WE,Towers with Radar,16,169,36,0,221,10,11,20,0,41,26,180,56,0,262,0,0,0,262
12/25/2004,BFI,WA,ANM,WE,Towers with Radar,3,25,11,0,39,0,14,33,0,47,3,39,44,0,86,10,0,10,96
12/26/2004,BFI,WA,ANM,WE,Towers with Radar,12,59,57,0,128,0,148,123,0,271,12,207,180,0,399,80,0,80,479
12/27/2004,BFI,WA,ANM,WE,Towers with Radar,29,106,75,0,210,0,148,370,2,520,29,254,445,2,730,226,0,226,956
12/28/2004,BFI,WA,ANM,WE,Towers with Radar,28,147,94,0,269,0,11,0,0,11,28,158,94,0,280,4,0,4,284
12/29/2004,BFI,WA,ANM,WE,Towers with Radar,29,130,72,0,231,0,40,79,0,119,29,170,151,0,350,104,0,104,454
12/30/2004,BFI,WA,ANM,WE,Towers with Radar,29,138,75,3,245,0,49,108,0,157,29,187,183,3,402,176,0,176,578
12/31/2004,BFI,WA,ANM,WE,Towers with Radar,20,85,31,1,137,0,78,199,2,279,20,163,230,3,416,168,0,168,584
01/01/2005,BFI,WA,ANM,WE,Towers with Radar,2,43,49,0,94,0,49,97,3,149,2,92,146,3,243,168,0,168,411
01/02/2005,BFI,WA,ANM,WE,Towers with Radar,3,42,92,0,137,0,52,324,0,376,3,94,416,0,513,248,0,248,761
01/03/2005,BFI,WA,ANM,WE,Towers with Radar,14,101,65,2,182,0,149,307,0,456,14,250,372,2,638,202,2,204,842
01/04/2005,BFI,WA,ANM,WE,Towers with Radar,32,106,56,0,194,0,67,346,0,413,32,173,402,0,607,202,0,202,809
01/05/2005,BFI,WA,ANM,WE,Towers with Radar,30,105,102,2,239,0,83,410,4,497,30,188,512,6,736,360,2,362,1098
01/06/2005,BFI,WA,ANM,WE,Towers with Radar,35,114,55,4,208,0,57,144,1,202,35,171,199,5,410,124,0,124,534
01/07/2005,BFI,WA,ANM,WE,Towers with Radar,31,96,56,0,183,0,100,162,10,272,31,196,218,10,455,234,0,234,689
01/08/2005,BFI,WA,ANM,WE,Towers with Radar,10,52,40,2,104,3,87,239,0,329,13,139,279,2,433,324,4,328,761
01/09/2005,BFI,WA,ANM,WE,Towers with Radar,2,55,59,0,116,0,99,174,4,277,2,154,233,4,393,148,0,148,541
01/10/2005,BFI,WA,ANM,WE,Towers with Radar,16,107,66,1,190,0,161,384,5,550,16,268,450,6,740,204,2,206,946
01/11/2005,BFI,WA,ANM,WE,Towers with Radar,40,114,67,0,221,0,35,303,0,338,40,149,370,0,559,166,0,166,725
01/12/2005,BFI,WA,ANM,WE,Towers with Radar,33,125,86,1,245,0,215,295,0,510,33,340,381,1,755,304,2,306,1061
01/13/2005,BFI,WA,ANM,WE,Towers with Radar,40,121,84,4,249,0,46,238,0,284,40,167,322,4,533,200,0,200,733
01/14/2005,BFI,WA,ANM,WE,Towers with Radar,31,126,125,2,284,0,164,318,2,484,31,290,443,4,768,346,0,346,1114
01/15/2005,BFI,WA,ANM,WE,Towers with Radar,13,38,52,3,106,0,22,92,0,114,13,60,144,3,220,118,0,118,338
01/16/2005,BFI,WA,ANM,WE,Towers with Radar,7,44,73,5,129,0,115,215,0,330,7,159,288,5,459,190,0,190,649
01/17/2005,BFI,WA,ANM,WE,Towers with Radar,18,102,95,5,220,0,32,61,0,93,18,134,156,5,313,68,0,68,381
01/18/2005,BFI,WA,ANM,WE,Towers with Radar,42,145,89,5,281,0,12,116,0,128,42,157,205,5,409,96,0,96,505
01/19/2005,BFI,WA,ANM,WE,Towers with Radar,40,122,84,5,251,0,22,298,5,325,40,144,382,10,576,304,2,306,882
01/20/2005,BFI,WA,ANM,WE,Towers with Radar,42,118,129,3,292,0,27,125,0,152,42,145,254,3,444,218,0,218,662
01/21/2005,BFI,WA,ANM,WE,Towers with Radar,39,127,113,0,279,0,123,292,2,417,39,250,405,2,696,312,0,312,1008
01/22/2005,BFI,WA,ANM,WE,Towers with Radar,16,60,70,0,146,0,84,232,0,316,16,144,302,0,462,346,0,346,808
01/23/2005,BFI,WA,ANM,WE,Towers with Radar,3,54,57,2,116,0,100,339,0,439,3,154,396,2,555,282,0,282,837
01/24/2005,BFI,WA,ANM,WE,Towers with Radar,28,83,63,0,174,0,125,393,10,528,28,208,456,10,702,300,2,302,1004
01/25/2005,BFI,WA,ANM,WE,Towers with Radar,28,102,83,0,213,0,1,227,0,228,28,103,310,0,441,226,0,226,667
01/26/2005,BFI,WA,ANM,WE,Towers with Radar,34,126,125,0,285,0,144,237,0,381,34,270,362,0,666,348,0,348,1014
01/27/2005,BFI,WA,ANM,WE,Towers with Radar,35,95,138,0,268,0,47,331,0,378,35,142,469,0,646,296,0,296,942
01/28/2005,BFI,WA,ANM,WE,Towers with Radar,35,114,115,3,267,0,154,294,11,459,35,268,409,14,726,268,0,268,994
01/29/2005,BFI,WA,ANM,WE,Towers with Radar,17,54,54,2,127,4,85,113,8,210,21,139,167,10,337,252,0,252,589
01/30/2005,BFI,WA,ANM,WE,Towers with Radar,11,46,81,2,140,0,86,290,0,376,11,132,371,2,516,312,0,312,828
01/31/2005,BFI,WA,ANM,WE,Towers with Radar,23,83,69,0,175,0,79,269,0,348,23,162,338,0,523,176,0,176,699
02/01/2005,BFI,WA,ANM,WE,Towers with Radar,47,108,72,0,227,0,0,440,2,442,47,108,512,2,669,270,0,270,939
02/02/2005,BFI,WA,ANM,WE,Towers with Radar,36,110,87,0,233,0,85,408,0,493,36,195,495,0,726,386,0,386,1112
02/03/2005,BFI,WA,ANM,WE,Towers with Radar,39,124,115,1,279,0,60,177,0,237,39,184,292,1,516,320,0,320,836
02/04/2005,BFI,WA,ANM,WE,Towers with Radar,43,116,79,3,241,0,105,196,2,303,43,221,275,5,544,203,2,205,749
02/05/2005,BFI,WA,ANM,WE,Towers with Radar,12,49,41,1,103,0,93,283,8,384,12,142,324,9,487,356,0,356,843
02/06/2005,BFI,WA,ANM,WE,Towers with Radar,6,47,52,0,105,0,69,169,0,238,6,116,221,0,343,222,0,222,565
02/07/2005,BFI,WA,ANM,WE,Towers with Radar,17,103,76,0,196,0,27,274,3,304,17,130,350,3,500,140,0,140,640
02/08/2005,BFI,WA,ANM,WE,Towers with Radar,43,130,81,18,272,0,90,368,0,458,43,220,449,18,730,292,0,292,1022
02/09/2005,BFI,WA,ANM,WE,Towers with Radar,39,113,90,19,261,0,67,242,0,309,39,180,332,19,570,282,0,282,852
02/10/2005,BFI,WA,ANM,WE,Towers with Radar,35,126,93,1,255,0,21,386,1,408,35,147,479,2,663,260,0,260,923
02/11/2005,BFI,WA,ANM,WE,Towers with Radar,33,101,85,1,220,0,158,280,2,440,33,259,365,3,660,318,0,318,978
02/12/2005,BFI,WA,ANM,WE,Towers with Radar,18,65,73,0,156,2,87,158,0,247,20,152,231,0,403,180,2,182,585
02/13/2005,BFI,WA,ANM,WE,Towers with Radar,5,45,62,3,115,0,27,220,0,247,5,72,282,3,362,350,0,350,712
02/14/2005,BFI,WA,ANM,WE,Towers with Radar,30,110,81,0,221,0,64,185,12,261,30,174,266,12,482,266,0,266,748
02/15/2005,BFI,WA,ANM,WE,Towers with Radar,30,119,95,12,256,0,78,381,0,459,30,197,476,12,715,308,0,308,1023
02/16/2005,BFI,WA,ANM,WE,Towers with Radar,38,112,119,10,279,0,139,467,0,606,38,251,586,10,885,338,0,338,1223
02/17/2005,BFI,WA,ANM,WE,Towers with Radar,40,105,105,5,255,0,100,360,2,462,40,205,465,7,717,334,0,334,1051
02/18/2005,BFI,WA,ANM,WE,Towers with Radar,30,120,125,0,275,0,211,462,0,673,30,331,587,0,948,342,0,342,1290
02/19/2005,BFI,WA,ANM,WE,Towers with Radar,14,46,87,0,147,0,48,327,2,377,14,94,414,2,524,272,0,272,796
02/20/2005,BFI,WA,ANM,WE,Towers with Radar,8,31,64,0,103,0,42,336,0,378,8,73,400,0,481,168,0,168,649
02/21/2005,BFI,WA,ANM,WE,Towers with Radar,31,70,76,0,177,0,154,321,2,477,31,224,397,2,654,300,0,300,954
02/22/2005,BFI,WA,ANM,WE,Towers with Radar,50,106,94,2,252,2,73,305,2,382,52,179,399,4,634,314,0,314,948
02/23/2005,BFI,WA,ANM,WE,Towers with Radar,36,111,88,0,235,0,91,350,0,441,36,202,438,0,676,280,0,280,956
02/24/2005,BFI,WA,ANM,WE,Towers with Radar,37,91,92,2,222,0,61,422,10,493,37,152,514,12,715,324,12,336,1051
02/25/2005,BFI,WA,ANM,WE,Towers with Radar,41,135,145,2,323,0,111,330,10,451,41,246,475,12,774,438,46,484,1258
02/26/2005,BFI,WA,ANM,WE,Towers with Radar,12,54,73,0,139,127,35,182,0,344,139,89,255,0,483,126,0,126,609
02/27/2005,BFI,WA,ANM,WE,Towers with Radar,8,47,94,1,150,0,41,238,0,279,8,88,332,1,429,98,0,98,527
02/28/2005,BFI,WA,ANM,WE,Towers with Radar,27,113,84,0,224,0,99,215,12,326,27,212,299,12,550,254,6,260,810
03/01/2005,BFI,WA,ANM,WE,Towers with Radar,38,117,72,0,227,0,61,227,1,289,38,178,299,1,516,256,0,256,772
03/02/2005,BFI,WA,ANM,WE,Towers with Radar,31,114,90,1,236,0,29,221,0,250,31,143,311,1,486,296,0,296,782
03/03/2005,BFI,WA,ANM,WE,Towers with Radar,35,103,108,3,249,0,25,388,0,413,35,128,496,3,662,334,0,334,996
03/04/2005,BFI,WA,ANM,WE,Towers with Radar,40,120,95,2,257,0,203,294,6,503,40,323,389,8,760,406,34,440,1200
03/05/2005,BFI,WA,ANM,WE,Towers with Radar,16,59,69,0,144,6,161,296,1,464,22,220,365,1,608,370,0,370,978
03/06/2005,BFI,WA,ANM,WE,Towers with Radar,7,40,79,2,128,0,52,213,0,265,7,92,292,2,393,262,4,266,659
03/07/2005,BFI,WA,ANM,WE,Towers with Radar,35,108,93,0,236,0,47,227,0,274,35,155,320,0,510,298,0,298,808
03/08/2005,BFI,WA,ANM,WE,Towers with Radar,41,135,67,0,243,2,90,334,0,426,43,225,401,0,669,228,0,228,897
03/09/2005,BFI,WA,ANM,WE,Towers with Radar,42,115,100,3,260,0,94,195,0,289,42,209,295,3,549,294,0,294,843
03/10/2005,BFI,WA,ANM,WE,Towers with Radar,44,117,99,1,261,1,75,197,0,273,45,192,296,1,534,332,0,332,866
03/11/2005,BFI,WA,ANM,WE,Towers with Radar,44,110,107,0,261,0,132,262,10,404,44,242,369,10,665,306,0,306,971
03/12/2005,BFI,WA,ANM,WE,Towers with Radar,19,41,72,0,132,0,39,189,0,228,19,80,261,0,360,318,4,322,682
03/13/2005,BFI,WA,ANM,WE,Towers with Radar,1,32,80,0,113,0,38,260,0,298,1,70,340,0,411,128,0,128,539
03/14/2005,BFI,WA,ANM,WE,Towers with Radar,37,95,78,6,216,0,137,424,0,561,37,232,502,6,777,330,18,348,1125
03/15/2005,BFI,WA,ANM,WE,Towers with Radar,38,114,89,2,243,0,86,261,0,347,38,200,350,2,590,354,0,354,944
03/16/2005,BFI,WA,ANM,WE,Towers with Radar,40,131,98,3,272,0,53,84,0,137,40,184,182,3,409,70,0,70,479
03/17/2005,BFI,WA,ANM,WE,Towers with Radar,41,112,126,3,282,2,38,299,0,339,43,150,425,3,621,248,0,248,869
03/18/2005,BFI,WA,ANM,WE,Towers with Radar,42,117,107,0,266,0,135,295,6,436,42,252,402,6,702,228,0,228,930
03/19/2005,BFI,WA,ANM,WE,Towers with Radar,14,58,94,2,168,4,144,239,2,389,18,202,333,4,557,304,4,308,865
03/20/2005,BFI,WA,ANM,WE,Towers with Radar,3,48,66,0,117,0,53,85,0,138,3,101,151,0,255,20,0,20,275
03/21/2005,BFI,WA,ANM,WE,Towers with Radar,35,94,96,5,230,0,110,273,7,390,35,204,369,12,620,322,4,326,946
03/22/2005,BFI,WA,ANM,WE,Towers with Radar,37,106,56,0,199,0,81,231,0,312,37,187,287,0,511,198,0,198,709
03/23/2005,BFI,WA,ANM,WE,Towers with Radar,43,104,94,4,245,0,116,257,0,373,43,220,351,4,618,192,0,192,810
03/24/2005,BFI,WA,ANM,WE,Towers with Radar,42,92,90,1,225,0,122,332,1,455,42,214,422,2,680,292,0,292,972
03/25/2005,BFI,WA,ANM,WE,Towers with Radar,43,100,90,1,234,0,124,387,13,524,43,224,477,14,758,344,6,350,1108
03/26/2005,BFI,WA,ANM,WE,Towers with Radar,14,52,53,1,120,0,28,110,0,138,14,80,163,1,258,72,0,72,330
03/27/2005,BFI,WA,ANM,WE,Towers with Radar,4,58,61,0,123,0,6,11,0,17,4,64,72,0,140,96,0,96,236
03/28/2005,BFI,WA,ANM,WE,Towers with Radar,24,120,65,1,210,0,50,160,0,210,24,170,225,1,420,126,0,126,546
03/29/2005,BFI,WA,ANM,WE,Towers with Radar,33,111,65,0,209,0,44,200,0,244,33,155,265,0,453,208,0,208,661
03/30/2005,BFI,WA,ANM,WE,Towers with Radar,27,100,66,0,193,0,33,327,0,360,27,133,393,0,553,258,0,258,811
03/31/2005,BFI,WA,ANM,WE,Towers with Radar,36,98,101,1,236,1,85,197,1,284,37,183,298,2,520,286,0,286,806
04/01/2005,BFI,WA,ANM,WE,Towers with Radar,36,121,83,0,240,0,79,248,4,331,36,200,331,4,571,228,0,228,799
04/02/2005,BFI,WA,ANM,WE,Towers with Radar,15,37,51,0,103,1,79,251,13,344,16,116,302,13,447,340,0,340,787
04/03/2005,BFI,WA,ANM,WE,Towers with Radar,5,50,55,0,110,0,19,85,0,104,5,69,140,0,214,206,0,206,420
04/04/2005,BFI,WA,ANM,WE,Towers with Radar,32,99,73,0,204,0,130,340,0,470,32,229,413,0,674,402,0,402,1076
04/05/2005,BFI,WA,ANM,WE,Towers with Radar,30,103,65,0,198,0,103,236,4,343,30,206,301,4,541,204,0,204,745
04/06/2005,BFI,WA,ANM,WE,Towers with Radar,47,100,75,0,222,0,104,243,3,350,47,204,318,3,572,190,0,190,762
04/07/2005,BFI,WA,ANM,WE,Towers with Radar,30,111,83,1,225,0,49,172,0,221,30,160,255,1,446,90,0,90,536
04/08/2005,BFI,WA,ANM,WE,Towers with Radar,41,116,90,1,248,0,113,408,0,521,41,229,498,1,769,272,0,272,1041
04/09/2005,BFI,WA,ANM,WE,Towers with Radar,23,48,72,0,143,0,97,295,1,393,23,145,367,1,536,274,0,274,810
04/10/2005,BFI,WA,ANM,WE,Towers with Radar,7,32,54,1,94,0,89,194,0,283,7,121,248,1,377,258,0,258,635
04/11/2005,BFI,WA,ANM,WE,Towers with Radar,26,107,55,2,190,0,84,178,4,266,26,191,233,6,456,120,0,120,576
04/12/2005,BFI,WA,ANM,WE,Towers with Radar,37,111,60,0,208,0,46,146,0,192,37,157,206,0,400,152,0,152,552
04/13/2005,BFI,WA,ANM,WE,Towers with Radar,28,95,68,1,192,0,57,275,0,332,28,152,343,1,524,198,0,198,722
04/14/2005,BFI,WA,ANM,WE,Towers with Radar,28,160,103,0,291,0,0,346,0,346,28,160,449,0,637,142,0,142,779
04/15/2005,BFI,WA,ANM,WE,Towers with Radar,34,141,84,0,259,0,78,184,8,270,34,219,268,8,529,294,0,294,823
04/16/2005,BFI,WA,ANM,WE,Towers with Radar,19,56,59,1,135,0,67,81,0,148,19,123,140,1,283,98,0,98,381
04/17/2005,BFI,WA,ANM,WE,Towers with Radar,4,56,78,1,139,3,38,108,1,150,7,94,186,2,289,192,0,192,481
04/18/2005,BFI,WA,ANM,WE,Towers with Radar,30,90,66,2,188,0,176,364,6,546,30,266,430,8,734,358,0,358,1092
04/19/2005,BFI,WA,ANM,WE,Towers with Radar,31,99,76,0,206,1,69,443,2,515,32,168,519,2,721,252,0,252,973
04/20/2005,BFI,WA,ANM,WE,Towers with Radar,34,102,106,2,244,0,89,303,0,392,34,191,409,2,636,340,2,342,978
04/21/2005,BFI,WA,ANM,WE,Towers with Radar,38,118,96,1,253,2,87,373,0,462,40,205,469,1,715,518,0,518,1233
04/22/2005,BFI,WA,ANM,WE,Towers with Radar,36,96,82,1,215,0,172,357,1,530,36,268,439,2,745,346,0,346,1091
04/23/2005,BFI,WA,ANM,WE,Towers with Radar,12,36,39,1,88,0,72,347,0,419,12,108,386,1,507,370,0,370,877
04/24/2005,BFI,WA,ANM,WE,Towers with Radar,10,54,67,2,133,0,40,198,0,238,10,94,265,2,371,234,0,234,605
04/25/2005,BFI,WA,ANM,WE,Towers with Radar,25,87,80,0,192,0,32,273,0,305,25,119,353,0,497,282,0,282,779
04/26/2005,BFI,WA,ANM,WE,Towers with Radar,40,122,101,0,263,9,67,324,1,401,49,189,425,1,664,302,0,302,966
04/27/2005,BFI,WA,ANM,WE,Towers with Radar,37,108,80,2,227,0,25,231,0,256,37,133,311,2,483,218,0,218,701
04/28/2005,BFI,WA,ANM,WE,Towers with Radar,32,94,72,3,201,8,84,332,3,427,40,178,404,6,628,340,0,340,968
04/29/2005,BFI,WA,ANM,WE,Towers with Radar,35,149,112,0,296,0,43,182,6,231,35,192,294,6,527,108,0,108,635
04/30/2005,BFI,WA,ANM,WE,Towers with Radar,10,53,63,0,126,0,69,172,0,241,10,122,235,0,367,166,0,166,533
05/01/2005,BFI,WA,ANM,WE,Towers with Radar,2,17,52,0,71,0,64,346,0,410,2,81,398,0,481,200,0,200,681
05/02/2005,BFI,WA,ANM,WE,Towers with Radar,28,115,88,0,231,0,94,245,2,341,28,209,333,2,572,252,0,252,824
05/03/2005,BFI,WA,ANM,WE,Towers with Radar,38,128,99,1,266,3,50,408,0,461,41,178,507,1,727,390,0,390,1117
05/04/2005,BFI,WA,ANM,WE,Towers with Radar,33,132,125,3,293,0,64,197,2,263,33,196,322,5,556,226,0,226,782
05/05/2005,BFI,WA,ANM,WE,Towers with Radar,33,122,112,2,269,7,66,202,2,277,40,188,314,4,546,268,0,268,814
05/06/2005,BFI,WA,ANM,WE,Towers with Radar,28,121,117,5,271,0,123,314,0,437,28,244,431,5,708,292,0,292,1000
05/07/2005,BFI,WA,ANM,WE,Towers with Radar,10,56,58,2,126,0,102,363,0,465,10,158,421,2,591,272,0,272,863
05/08/2005,BFI,WA,ANM,WE,Towers with Radar,1,37,76,1,115,5,48,193,2,248,6,85,269,3,363,220,0,220,583
05/09/2005,BFI,WA,ANM,WE,Towers with Radar,22,115,84,2,223,0,44,135,0,179,22,159,219,2,402,134,0,134,536
05/10/2005,BFI,WA,ANM,WE,Towers with Radar,31,128,117,6,282,0,28,251,0,279,31,156,368,6,561,244,2,246,807
05/11/2005,BFI,WA,ANM,WE,Towers with Radar,37,133,142,2,314,0,52,314,2,368,37,185,456,4,682,376,0,376,1058
05/12/2005,BFI,WA,ANM,WE,Towers with Radar,27,139,104,3,273,0,50,348,0,398,27,189,452,3,671,218,0,218,889
05/13/2005,BFI,WA,ANM,WE,Towers with Radar,29,99,117,3,248,0,206,505,1,712,29,305,622,4,960,464,40,504,1464
05/14/2005,BFI,WA,ANM,WE,Towers with Radar,9,66,67,1,143,0,37,231,3,271,9,103,298,4,414,200,0,200,614
05/15/2005,BFI,WA,ANM,WE,Towers with Radar,6,58,92,0,156,0,35,111,1,147,6,93,203,1,303,100,0,100,403
05/16/2005,BFI,WA,ANM,WE,Towers with Radar,25,114,94,2,235,0,115,264,2,381,25,229,358,4,616,306,0,306,922
05/17/2005,BFI,WA,ANM,WE,Towers with Radar,34,121,105,6,266,0,66,327,0,393,34,187,432,6,659,338,0,338,997
05/18/2005,BFI,WA,ANM,WE,Towers with Radar,33,131,101,0,265,0,25,199,0,224,33,156,300,0,489,138,0,138,627
05/19/2005,BFI,WA,ANM,WE,Towers with Radar,35,123,86,0,244,0,53,201,0,254,35,176,287,0,498,96,0,96,594
05/20/2005,BFI,WA,ANM,WE,Towers with Radar,41,136,112,2,291,0,39,553,0,592,41,175,665,2,883,308,0,308,1191
05/21/2005,BFI,WA,ANM,WE,Towers with Radar,12,52,63,3,130,0,34,271,0,305,12,86,334,3,435,216,0,216,651
05/22/2005,BFI,WA,ANM,WE,Towers with Radar,2,45,54,2,103,0,29,114,0,143,2,74,168,2,246,40,0,40,286
05/23/2005,BFI,WA,ANM,WE,Towers with Radar,20,85,77,2,184,0,89,325,0,414,20,174,402,2,598,248,0,248,846
05/24/2005,BFI,WA,ANM,WE,Towers with Radar,33,117,105,2,257,0,85,393,0,478,33,202,498,2,735,330,0,330,1065
05/25/2005,BFI,WA,ANM,WE,Towers with Radar,32,103,90,4,229,0,64,374,0,438,32,167,464,4,667,338,0,338,1005
05/26/2005,BFI,WA,ANM,WE,Towers with Radar,30,100,104,0,234,0,80,494,5,579,30,180,598,5,813,294,0,294,1107
05/27/2005,BFI,WA,ANM,WE,Towers with Radar,36,103,105,1,245,0,191,456,5,652,36,294,561,6,897,536,4,540,1437
05/28/2005,BFI,WA,ANM,WE,Towers with Radar,8,36,59,2,105,0,112,262,1,375,8,148,321,3,480,286,2,288,768
05/29/2005,BFI,WA,ANM,WE,Towers with Radar,4,51,58,1,114,3,70,227,0,300,7,121,285,1,414,212,0,212,626
05/30/2005,BFI,WA,ANM,WE,Towers with Radar,13,38,120,0,171,0,120,296,6,422,13,158,416,6,593,204,0,204,797
05/31/2005,BFI,WA,ANM,WE,Towers with Radar,26,123,107,2,258,0,59,182,0,241,26,182,289,2,499,132,0,132,631
06/01/2005,BFI,WA,ANM,WE,Towers with Radar,35,108,116,0,259,0,39,239,0,278,35,147,355,0,537,318,0,318,855
06/02/2005,BFI,WA,ANM,WE,Towers with Radar,35,112,117,0,264,0,88,292,3,383,35,200,409,3,647,534,0,534,1181
06/03/2005,BFI,WA,ANM,WE,Towers with Radar,41,103,131,1,276,0,137,443,8,588,41,240,574,9,864,482,0,482,1346
06/04/2005,BFI,WA,ANM,WE,Towers with Radar,9,66,86,7,168,0,97,370,3,470,9,163,456,10,638,348,2,350,988
06/05/2005,BFI,WA,ANM,WE,Towers with Radar,4,52,83,3,142,7,107,357,2,473,11,159,440,5,615,256,2,258,873
06/06/2005,BFI,WA,ANM,WE,Towers with Radar,21,118,93,4,236,0,78,260,0,338,21,196,353,4,574,108,0,108,682
06/07/2005,BFI,WA,ANM,WE,Towers with Radar,39,125,90,0,254,0,45,198,6,249,39,170,288,6,503,236,0,236,739
06/08/2005,BFI,WA,ANM,WE,Towers with Radar,42,132,114,0,288,0,19,370,0,389,42,151,484,0,677,406,0,406,1083
06/09/2005,BFI,WA,ANM,WE,Towers with Radar,41,121,120,1,283,0,24,401,0,425,41,145,521,1,708,288,0,288,996
06/10/2005,BFI,WA,ANM,WE,Towers with Radar,47,139,135,3,324,0,140,392,13,545,47,279,527,16,869,368,0,368,1237
06/11/2005,BFI,WA,ANM,WE,Towers with Radar,12,55,72,1,140,0,99,172,0,271,12,154,244,1,411,140,0,140,551
06/12/2005,BFI,WA,ANM,WE,Towers with Radar,4,32,74,0,110,0,58,304,0,362,4,90,378,0,472,138,0,138,610
06/13/2005,BFI,WA,ANM,WE,Towers with Radar,21,106,109,2,238,0,170,344,2,516,21,276,453,4,754,204,0,204,958
06/14/2005,BFI,WA,ANM,WE,Towers with Radar,45,118,102,0,265,0,84,372,1,457,45,202,474,1,722,292,0,292,1014
06/15/2005,BFI,WA,ANM,WE,Towers with Radar,34,109,109,0,252,0,85,389,6,480,34,194,498,6,732,552,2,554,1286
06/16/2005,BFI,WA,ANM,WE,Towers with Radar,37,121,145,2,305,0,92,299,2,393,37,213,444,4,698,292,2,294,992
06/17/2005,BFI,WA,ANM,WE,Towers with Radar,36,112,179,2,329,0,118,410,7,535,36,230,589,9,864,266,0,266,1130
06/18/2005,BFI,WA,ANM,WE,Towers with Radar,11,44,44,0,99,0,72,306,0,378,11,116,350,0,477,250,0,250,727
06/19/2005,BFI,WA,ANM,WE,Towers with Radar,4,29,71,0,104,0,107,446,0,553,4,136,517,0,657,164,0,164,821
06/20/2005,BFI,WA,ANM,WE,Towers with Radar,34,89,97,0,220,0,59,466,8,533,34,148,563,8,753,192,0,192,945
06/21/2005,BFI,WA,ANM,WE,Towers with Radar,44,117,92,0,253,0,68,311,2,381,44,185,403,2,634,188,0,188,822
06/22/2005,BFI,WA,ANM,WE,Towers with Radar,37,130,122,0,289,0,28,195,0,223,37,158,317,0,512,302,0,302,814
06/23/2005,BFI,WA,ANM,WE,Towers with Radar,43,96,99,2,240,0,65,462,0,527,43,161,561,2,767,270,0,270,1037
06/24/2005,BFI,WA,ANM,WE,Towers with Radar,30,97,97,6,230,4,221,476,0,701,34,318,573,6,931,330,0,330,1261
06/25/2005,BFI,WA,ANM,WE,Towers with Radar,16,49,84,1,150,0,109,181,0,290,16,158,265,1,440,280,0,280,720
06/26/2005,BFI,WA,ANM,WE,Towers with Radar,6,54,86,0,146,0,74,258,0,332,6,128,344,0,478,216,0,216,694
06/27/2005,BFI,WA,ANM,WE,Towers with Radar,26,128,98,1,253,0,7,289,0,296,26,135,387,1,549,182,0,182,731
06/28/2005,BFI,WA,ANM,WE,Towers with Radar,43,125,122,0,290,0,46,308,3,357,43,171,430,3,647,318,0,318,965
06/29/2005,BFI,WA,ANM,WE,Towers with Radar,29,130,122,0,281,0,66,430,5,501,29,196,552,5,782,312,0,312,1094
06/30/2005,BFI,WA,ANM,WE,Towers with Radar,41,137,132,2,312,0,21,453,1,475,41,158,585,3,787,300,0,300,1087
07/01/2005,BFI,WA,ANM,WE,Towers with Radar,37,122,141,1,301,0,146,351,3,500,37,268,492,4,801,426,0,426,1227
07/02/2005,BFI,WA,ANM,WE,Towers with Radar,15,73,77,0,165,0,88,197,0,285,15,161,274,0,450,174,0,174,624
07/03/2005,BFI,WA,ANM,WE,Towers with Radar,7,45,58,0,110,1,81,348,0,430,8,126,406,0,540,140,0,140,680
07/04/2005,BFI,WA,ANM,WE,Towers with Radar,2,36,40,0,78,18,74,281,4,377,20,110,321,4,455,44,0,44,499
07/05/2005,BFI,WA,ANM,WE,Towers with Radar,25,106,143,1,275,0,133,360,1,494,25,239,503,2,769,142,0,142,911
07/06/2005,BFI,WA,ANM,WE,Towers with Radar,36,135,126,0,297,0,69,299,0,368,36,204,425,0,665,144,0,144,809
07/07/2005,BFI,WA,ANM,WE,Towers with Radar,36,105,119,3,263,0,65,461,1,527,36,170,580,4,790,368,0,368,1158
07/08/2005,BFI,WA,ANM,WE,Towers with Radar,30,136,106,1,273,0,140,187,0,327,30,276,293,1,600,272,0,272,872
07/09/2005,BFI,WA,ANM,WE,Towers with Radar,14,39,56,0,109,0,88,312,0,400,14,127,368,0,509,256,0,256,765
07/10/2005,BFI,WA,ANM,WE,Towers with Radar,2,31,75,0,108,4,63,262,0,329,6,94,337,0,437,250,0,250,687
07/11/2005,BFI,WA,ANM,WE,Towers with Radar,22,109,92,2,225,0,115,317,0,432,22,224,409,2,657,258,0,258,915
07/12/2005,BFI,WA,ANM,WE,Towers with Radar,48,111,95,4,258,0,40,376,4,420,48,151,471,8,678,196,0,196,874
07/13/2005,BFI,WA,ANM,WE,Towers with Radar,35,118,122,0,275,0,49,501,2,552,35,167,623,2,827,276,0,276,1103
07/14/2005,BFI,WA,ANM,WE,Towers with Radar,43,121,85,0,249,0,56,484,2,542,43,177,569,2,791,208,2,210,1001
07/15/2005,BFI,WA,ANM,WE,Towers with Radar,40,110,99,1,250,0,54,405,0,459,40,164,504,1,709,268,0,268,977
07/16/2005,BFI,WA,ANM,WE,Towers with Radar,8,58,58,0,124,0,55,327,0,382,8,113,385,0,506,210,0,210,716
07/17/2005,BFI,WA,ANM,WE,Towers with Radar,5,24,49,0,78,0,122,484,2,608,5,146,533,2,686,150,0,150,836
07/18/2005,BFI,WA,ANM,WE,Towers with Radar,24,87,75,0,186,0,75,483,2,560,24,162,558,2,746,186,0,186,932
07/19/2005,BFI,WA,ANM,WE,Towers with Radar,52,102,80,0,234,0,88,488,0,576,52,190,568,0,810,322,0,322,1132
07/20/2005,BFI,WA,ANM,WE,Towers with Radar,38,100,103,1,242,0,60,398,0,458,38,160,501,1,700,378,0,378,1078
07/21/2005,BFI,WA,ANM,WE,Towers with Radar,44,114,130,3,291,0,123,642,1,766,44,237,772,4,1057,470,0,470,1527
07/22/2005,BFI,WA,ANM,WE,Towers with Radar,44,107,103,1,255,0,103,355,4,462,44,210,458,5,717,290,0,290,1007
07/23/2005,BFI,WA,ANM,WE,Towers with Radar,11,47,65,2,125,0,48,373,3,424,11,95,438,5,549,364,0,364,913
07/24/2005,BFI,WA,ANM,WE,Towers with Radar,11,36,82,0,129,0,92,406,3,501,11,128,488,3,630,178,0,178,808
07/25/2005,BFI,WA,ANM,WE,Towers with Radar,21,96,84,8,209,0,94,464,0,558,21,190,548,8,767,404,0,404,1171
07/26/2005,BFI,WA,ANM,WE,Towers with Radar,46,103,111,4,264,0,91,451,5,547,46,194,562,9,811,322,0,322,1133
07/27/2005,BFI,WA,ANM,WE,Towers with Radar,47,122,102,1,272,0,94,470,4,568,47,216,572,5,840,326,0,326,1166
07/28/2005,BFI,WA,ANM,WE,Towers with Radar,42,117,103,13,275,0,97,432,0,529,42,214,535,13,804,366,0,366,1170
07/29/2005,BFI,WA,ANM,WE,Towers with Radar,47,102,116,4,269,0,222,778,0,1000,47,324,894,4,1269,360,2,362,1631
07/30/2005,BFI,WA,ANM,WE,Towers with Radar,19,67,93,0,179,0,133,386,0,519,19,200,479,0,698,326,0,326,1024
07/31/2005,BFI,WA,ANM,WE,Towers with Radar,6,52,111,3,172,2,138,496,0,636,8,190,607,3,808,192,0,192,1000
08/01/2005,BFI,WA,ANM,WE,Towers with Radar,24,113,111,1,249,0,88,322,0,410,24,201,433,1,659,152,0,152,811
08/02/2005,BFI,WA,ANM,WE,Towers with Radar,54,104,97,13,268,0,82,433,5,520,54,186,530,18,788,164,14,178,966
08/03/2005,BFI,WA,ANM,WE,Towers with Radar,43,97,92,13,245,0,35,416,7,458,43,132,508,20,703,258,0,258,961
08/04/2005,BFI,WA,ANM,WE,Towers with Radar,35,82,111,1,229,0,113,403,39,555,35,195,514,40,784,224,0,224,1008
08/05/2005,BFI,WA,ANM,WE,Towers with Radar,45,116,114,2,277,0,117,483,10,610,45,233,597,12,887,244,0,244,1131
08/06/2005,BFI,WA,ANM,WE,Towers with Radar,14,62,100,3,179,0,111,318,29,458,14,173,418,32,637,124,28,152,789
08/07/2005,BFI,WA,ANM,WE,Towers with Radar,9,53,95,3,160,0,64,313,29,406,9,117,408,32,566,140,26,166,732
08/08/2005,BFI,WA,ANM,WE,Towers with Radar,27,102,112,2,243,0,100,455,0,555,27,202,567,2,798,308,0,308,1106
08/09/2005,BFI,WA,ANM,WE,Towers with Radar,45,120,139,13,317,0,59,393,1,453,45,179,532,14,770,236,0,236,1006
08/10/2005,BFI,WA,ANM,WE,Towers with Radar,39,147,128,1,315,0,49,310,1,360,39,196,438,2,675,450,0,450,1125
08/11/2005,BFI,WA,ANM,WE,Towers with Radar,47,121,123,0,291,0,125,378,13,516,47,246,501,13,807,286,0,286,1093
08/12/2005,BFI,WA,ANM,WE,Towers with Radar,45,113,155,1,314,0,149,477,0,626,45,262,632,1,940,368,0,368,1308
08/13/2005,BFI,WA,ANM,WE,Towers with Radar,13,53,76,4,146,0,67,349,0,416,13,120,425,4,562,110,0,110,672
08/14/2005,BFI,WA,ANM,WE,Towers with Radar,7,36,113,3,159,7,192,511,0,710,14,228,624,3,869,240,0,240,1109
08/15/2005,BFI,WA,ANM,WE,Towers with Radar,24,90,111,6,231,0,91,515,0,606,24,181,626,6,837,250,0,250,1087
08/16/2005,BFI,WA,ANM,WE,Towers with Radar,52,138,151,3,344,0,2,368,17,387,52,140,519,20,731,506,2,508,1239
08/17/2005,BFI,WA,ANM,WE,Towers with Radar,46,124,164,4,338,0,58,180,0,238,46,182,344,4,576,236,0,236,812
08/18/2005,BFI,WA,ANM,WE,Towers with Radar,45,107,171,1,324,0,174,408,2,584,45,281,579,3,908,250,0,250,1158
08/19/2005,BFI,WA,ANM,WE,Towers with Radar,43,97,131,0,271,0,146,494,1,641,43,243,625,1,912,354,10,364,1276
08/20/2005,BFI,WA,ANM,WE,Towers with Radar,18,63,100,0,181,0,46,432,0,478,18,109,532,0,659,152,0,152,811
08/21/2005,BFI,WA,ANM,WE,Towers with Radar,11,47,97,1,156,0,95,535,11,641,11,142,632,12,797,302,0,302,1099
08/22/2005,BFI,WA,ANM,WE,Towers with Radar,35,107,145,2,289,0,143,422,4,569,35,250,567,6,858,224,0,224,1082
08/23/2005,BFI,WA,ANM,WE,Towers with Radar,55,123,113,1,292,0,74,492,1,567,55,197,605,2,859,274,0,274,1133
08/24/2005,BFI,WA,ANM,WE,Towers with Radar,48,92,110,0,250,0,112,464,0,576,48,204,574,0,826,230,0,230,1056
08/25/2005,BFI,WA,ANM,WE,Towers with Radar,47,110,101,0,258,0,90,481,0,571,47,200,582,0,829,320,0,320,1149
08/26/2005,BFI,WA,ANM,WE,Towers with Radar,37,100,107,2,246,0,36,605,1,642,37,136,712,3,888,390,0,390,1278
08/27/2005,BFI,WA,ANM,WE,Towers with Radar,20,55,75,0,150,0,65,330,0,395,20,120,405,0,545,222,0,222,767
08/28/2005,BFI,WA,ANM,WE,Towers with Radar,12,71,105,0,188,0,59,334,1,394,12,130,439,1,582,198,0,198,780
08/29/2005,BFI,WA,ANM,WE,Towers with Radar,24,111,112,1,248,0,48,227,0,275,24,159,339,1,523,148,0,148,671
08/30/2005,BFI,WA,ANM,WE,Towers with Radar,48,109,122,2,281,0,52,326,2,380,48,161,448,4,661,276,0,276,937
08/31/2005,BFI,WA,ANM,WE,Towers with Radar,32,127,112,0,271,0,77,390,10,477,32,204,502,10,748,288,0,288,1036
09/01/2005,BFI,WA,ANM,WE,Towers with Radar,48,87,114,0,249,0,150,375,0,525,48,237,489,0,774,222,0,222,996
09/02/2005,BFI,WA,ANM,WE,Towers with Radar,37,119,99,12,267,0,77,351,0,428,37,196,450,12,695,202,6,208,903
09/03/2005,BFI,WA,ANM,WE,Towers with Radar,9,70,77,4,160,0,127,310,3,440,9,197,387,7,600,166,0,166,766
09/04/2005,BFI,WA,ANM,WE,Towers with Radar,1,62,62,0,125,0,96,182,0,278,1,158,244,0,403,102,0,102,505
09/05/2005,BFI,WA,ANM,WE,Towers with Radar,2,57,118,6,183,0,150,341,1,492,2,207,459,7,675,246,0,246,921
09/06/2005,BFI,WA,ANM,WE,Towers with Radar,22,101,73,4,200,0,91,349,0,440,22,192,422,4,640,348,0,348,988
09/07/2005,BFI,WA,ANM,WE,Towers with Radar,34,112,109,2,257,0,60,392,6,458,34,172,501,8,715,332,0,332,1047
09/08/2005,BFI,WA,ANM,WE,Towers with Radar,40,110,104,2,256,0,132,462,20,614,40,242,566,22,870,454,4,458,1328
09/09/2005,BFI,WA,ANM,WE,Towers with Radar,39,115,107,0,261,4,107,240,0,351,43,222,347,0,612,242,2,244,856
09/10/2005,BFI,WA,ANM,WE,Towers with Radar,8,62,69,1,140,0,38,158,1,197,8,100,227,2,337,174,0,174,511
09/11/2005,BFI,WA,ANM,WE,Towers with Radar,9,51,116,4,180,0,119,341,0,460,9,170,457,4,640,170,0,170,810
09/12/2005,BFI,WA,ANM,WE,Towers with Radar,18,117,103,2,240,0,160,201,0,361,18,277,304,2,601,184,0,184,785
09/13/2005,BFI,WA,ANM,WE,Towers with Radar,28,115,102,2,247,0,110,446,2,558,28,225,548,4,805,472,0,472,1277
09/14/2005,BFI,WA,ANM,WE,Towers with Radar,31,127,147,4,309,0,59,225,1,285,31,186,372,5,594,228,2,230,824
09/15/2005,BFI,WA,ANM,WE,Towers with Radar,28,134,116,0,278,0,79,300,2,381,28,213,416,2,659,316,0,316,975
09/16/2005,BFI,WA,ANM,WE,Towers with Radar,26,124,115,0,265,0,73,197,0,270,26,197,312,0,535,276,0,276,811
09/17/2005,BFI,WA,ANM,WE,Towers with Radar,7,67,89,2,165,0,77,226,0,303,7,144,315,2,468,196,2,198,666
09/18/2005,BFI,WA,ANM,WE,Towers with Radar,3,43,125,2,173,0,110,329,3,442,3,153,454,5,615,202,0,202,817
09/19/2005,BFI,WA,ANM,WE,Towers with Radar,17,105,86,1,209,0,92,369,0,461,17,197,455,1,670,282,0,282,952
09/20/2005,BFI,WA,ANM,WE,Towers with Radar,30,97,104,4,235,0,107,292,0,399,30,204,396,4,634,182,0,182,816
09/21/2005,BFI,WA,ANM,WE,Towers with Radar,43,101,121,2,267,0,129,304,4,437,43,230,425,6,704,340,2,342,1046
09/22/2005,BFI,WA,ANM,WE,Towers with Radar,35,109,138,0,282,0,95,370,0,465,35,204,508,0,747,342,0,342,1089
09/23/2005,BFI,WA,ANM,WE,Towers with Radar,20,96,117,5,238,0,36,321,0,357,20,132,438,5,595,290,4,294,889
09/24/2005,BFI,WA,ANM,WE,Towers with Radar,10,51,76,4,141,0,89,342,0,431,10,140,418,4,572,202,0,202,774
09/25/2005,BFI,WA,ANM,WE,Towers with Radar,4,41,80,2,127,0,162,412,0,574,4,203,492,2,701,270,0,270,971
09/26/2005,BFI,WA,ANM,WE,Towers with Radar,11,71,80,0,162,3,157,280,5,445,14,228,360,5,607,274,0,274,881
09/27/2005,BFI,WA,ANM,WE,Towers with Radar,28,115,116,2,261,0,137,361,1,499,28,252,477,3,760,252,0,252,1012
09/28/2005,BFI,WA,ANM,WE,Towers with Radar,22,99,121,0,242,0,71,360,0,431,22,170,481,0,673,306,0,306,979
09/29/2005,BFI,WA,ANM,WE,Towers with Radar,28,131,89,0,248,0,42,117,2,161,28,173,206,2,409,22,0,22,431
09/30/2005,BFI,WA,ANM,WE,Towers with Radar,22,112,128,0,262,0,63,207,4,274,22,175,335,4,536,166,0,166,702
10/01/2005,BFI,WA,ANM,WE,Towers with Radar,6,65,69,0,140,0,64,233,0,297,6,129,302,0,437,104,0,104,541
10/02/2005,BFI,WA,ANM,WE,Towers with Radar,4,59,66,0,129,0,31,110,0,141,4,90,176,0,270,220,0,220,490
10/03/2005,BFI,WA,ANM,WE,Towers with Radar,17,87,77,0,181,0,39,242,0,281,17,126,319,0,462,122,0,122,584
10/04/2005,BFI,WA,ANM,WE,Towers with Radar,26,121,117,0,264,0,59,305,4,368,26,180,422,4,632,282,0,282,914
10/05/2005,BFI,WA,ANM,WE,Towers with Radar,43,102,124,1,270,0,87,386,3,476,43,189,510,4,746,362,8,370,1116
10/06/2005,BFI,WA,ANM,WE,Towers with Radar,35,122,87,3,247,0,62,200,7,269,35,184,287,10,516,108,0,108,624
10/07/2005,BFI,WA,ANM,WE,Towers with Radar,24,132,103,5,264,4,63,257,0,324,28,195,360,5,588,264,0,264,852
10/08/2005,BFI,WA,ANM,WE,Towers with Radar,15,60,81,0,156,0,39,160,1,200,15,99,241,1,356,138,0,138,494
10/09/2005,BFI,WA,ANM,WE,Towers with Radar,6,64,107,1,178,0,185,345,0,530,6,249,452,1,708,360,0,360,1068
10/10/2005,BFI,WA,ANM,WE,Towers with Radar,22,63,110,2,197,0,102,218,0,320,22,165,328,2,517,220,0,220,737
10/11/2005,BFI,WA,ANM,WE,Towers with Radar,30,98,90,9,227,0,80,353,0,433,30,178,443,9,660,220,0,220,880
10/12/2005,BFI,WA,ANM,WE,Towers with Radar,38,98,123,1,260,3,203,412,3,621,41,301,535,4,881,355,0,355,1236
10/13/2005,BFI,WA,ANM,WE,Towers with Radar,38,117,127,1,283,0,66,153,0,219,38,183,280,1,502,190,0,190,692
10/14/2005,BFI,WA,ANM,WE,Towers with Radar,39,107,111,2,259,0,51,245,0,296,39,158,356,2,555,214,0,214,769
10/15/2005,BFI,WA,ANM,WE,Towers with Radar,14,58,48,0,120,0,36,170,2,208,14,94,218,2,328,84,0,84,412
10/16/2005,BFI,WA,ANM,WE,Towers with Radar,3,58,83,0,144,0,101,221,0,322,3,159,304,0,466,206,0,206,672
10/17/2005,BFI,WA,ANM,WE,Towers with Radar,21,98,80,0,199,0,75,117,0,192,21,173,197,0,391,96,0,96,487
10/18/2005,BFI,WA,ANM,WE,Towers with Radar,34,148,155,0,337,0,47,86,0,133,34,195,241,0,470,50,0,50,520
10/19/2005,BFI,WA,ANM,WE,Towers with Radar,43,136,120,0,299,0,139,285,2,426,43,275,405,2,725,266,4,270,995
10/20/2005,BFI,WA,ANM,WE,Towers with Radar,37,115,140,0,292,0,40,325,4,369,37,155,465,4,661,252,0,252,913
10/21/2005,BFI,WA,ANM,WE,Towers with Radar,37,88,106,0,231,0,78,284,8,370,37,166,390,8,601,260,0,260,861
10/22/2005,BFI,WA,ANM,WE,Towers with Radar,11,54,53,4,122,0,44,307,2,353,11,98,360,6,475,128,0,128,603
10/23/2005,BFI,WA,ANM,WE,Towers with Radar,6,64,119,0,189,0,75,167,0,242,6,139,286,0,431,86,0,86,517
10/24/2005,BFI,WA,ANM,WE,Towers with Radar,20,107,107,0,234,0,93,163,0,256,20,200,270,0,490,220,0,220,710
10/25/2005,BFI,WA,ANM,WE,Towers with Radar,34,128,92,0,254,0,53,185,0,238,34,181,277,0,492,150,0,150,642
10/26/2005,BFI,WA,ANM,WE,Towers with Radar,35,114,86,0,235,0,95,219,0,314,35,209,305,0,549,306,0,306,855
10/27/2005,BFI,WA,ANM,WE,Towers with Radar,36,106,106,2,250,0,64,207,0,271,36,170,313,2,521,164,0,164,685
10/28/2005,BFI,WA,ANM,WE,Towers with Radar,28,106,102,3,239,0,40,202,3,245,28,146,304,6,484,104,0,104,588
10/29/2005,BFI,WA,ANM,WE,Towers with Radar,16,61,57,0,134,0,59,222,0,281,16,120,279,0,415,236,0,236,651
10/30/2005,BFI,WA,ANM,WE,Towers with Radar,6,49,91,1,147,0,121,255,1,377,6,170,346,2,524,260,0,260,784
10/31/2005,BFI,WA,ANM,WE,Towers with Radar,22,110,95,0,227,0,51,137,0,188,22,161,232,0,415,108,0,108,523
11/01/2005,BFI,WA,ANM,WE,Towers with Radar,33,119,99,0,251,0,79,202,0,281,33,198,301,0,532,184,0,184,716
11/02/2005,BFI,WA,ANM,WE,Towers with Radar,41,115,109,4,269,0,95,357,13,465,41,210,466,17,734,346,8,354,1088
11/03/2005,BFI,WA,ANM,WE,Towers with Radar,40,115,73,0,228,0,48,95,0,143,40,163,168,0,371,24,0,24,395
11/04/2005,BFI,WA,ANM,WE,Towers with Radar,32,121,91,2,246,0,13,131,3,147,32,134,222,5,393,68,0,68,461
11/05/2005,BFI,WA,ANM,WE,Towers with Radar,16,56,49,0,121,0,16,49,0,65,16,72,98,0,186,78,0,78,264
11/06/2005,BFI,WA,ANM,WE,Towers with Radar,7,41,67,0,115,0,116,218,0,334,7,157,285,0,449,246,2,248,697
11/07/2005,BFI,WA,ANM,WE,Towers with Radar,23,109,72,2,206,0,133,272,1,406,23,242,344,3,612,260,2,262,874
11/08/2005,BFI,WA,ANM,WE,Towers with Radar,24,117,89,0,230,0,91,260,2,353,24,208,349,2,583,292,0,292,875
11/09/2005,BFI,WA,ANM,WE,Towers with Radar,41,120,108,3,272,2,52,233,1,288,43,172,341,4,560,346,0,346,906
11/10/2005,BFI,WA,ANM,WE,Towers with Radar,34,120,102,0,256,0,43,141,2,186,34,163,243,2,442,190,0,190,632
11/11/2005,BFI,WA,ANM,WE,Towers with Radar,20,78,97,0,195,0,41,125,0,166,20,119,222,0,361,156,0,156,517
11/12/2005,BFI,WA,ANM,WE,Towers with Radar,15,45,48,0,108,0,39,164,0,203,15,84,212,0,311,248,0,248,559
11/13/2005,BFI,WA,ANM,WE,Towers with Radar,5,50,100,0,155,0,42,69,0,111,5,92,169,0,266,2,0,2,268
11/14/2005,BFI,WA,ANM,WE,Towers with Radar,24,107,85,0,216,0,57,251,0,308,24,164,336,0,524,292,0,292,816
11/15/2005,BFI,WA,ANM,WE,Towers with Radar,34,131,109,0,274,0,59,282,1,342,34,190,391,1,616,420,0,420,1036
11/16/2005,BFI,WA,ANM,WE,Towers with Radar,39,126,118,0,283,0,56,263,1,320,39,182,381,1,603,380,0,380,983
11/17/2005,BFI,WA,ANM,WE,Towers with Radar,37,136,180,0,353,0,39,134,2,175,37,175,314,2,528,152,0,152,680
11/18/2005,BFI,WA,ANM,WE,Towers with Radar,32,129,170,0,331,0,83,168,0,251,32,212,338,0,582,208,0,208,790
11/19/2005,BFI,WA,ANM,WE,Towers with Radar,14,58,67,2,141,0,0,0,0,0,14,58,67,2,141,2,0,2,143
11/20/2005,BFI,WA,ANM,WE,Towers with Radar,6,34,75,3,118,0,64,75,0,139,6,98,150,3,257,34,0,34,291
11/21/2005,BFI,WA,ANM,WE,Towers with Radar,31,99,92,1,223,0,20,30,0,50,31,119,122,1,273,46,0,46,319
11/22/2005,BFI,WA,ANM,WE,Towers with Radar,39,128,132,5,304,0,95,83,0,178,39,223,215,5,482,68,2,70,552
11/23/2005,BFI,WA,ANM,WE,Towers with Radar,43,152,146,4,345,0,58,167,0,225,43,210,313,4,570,256,0,256,826
11/24/2005,BFI,WA,ANM,WE,Towers with Radar,6,32,28,1,67,0,12,67,0,79,6,44,95,1,146,38,0,38,184
11/25/2005,BFI,WA,ANM,WE,Towers with Radar,14,102,47,1,164,0,27,3,0,30,14,129,50,1,194,94,0,94,288
11/26/2005,BFI,WA,ANM,WE,Towers with Radar,7,60,60,0,127,0,17,231,0,248,7,77,291,0,375,206,0,206,581
11/27/2005,BFI,WA,ANM,WE,Towers with Radar,6,56,125,2,189,0,109,256,0,365,6,165,381,2,554,316,0,316,870
11/28/2005,BFI,WA,ANM,WE,Towers with Radar,13,102,94,0,209,0,83,183,6,272,13,185,277,6,481,236,0,236,717
11/29/2005,BFI,WA,ANM,WE,Towers with Radar,33,142,68,6,249,0,110,229,3,342,33,252,297,9,591,250,0,250,841
11/30/2005,BFI,WA,ANM,WE,Towers with Radar,34,131,101,3,269,0,72,268,5,345,34,203,369,8,614,390,0,390,1004
12/01/2005,BFI,WA,ANM,WE,Towers with Radar,43,126,79,4,252,0,23,79,0,102,43,149,158,4,354,106,0,106,460
12/02/2005,BFI,WA,ANM,WE,Towers with Radar,35,136,75,4,250,0,9,101,0,110,35,145,176,4,360,84,0,84,444
12/03/2005,BFI,WA,ANM,WE,Towers with Radar,18,65,46,0,129,0,23,91,0,114,18,88,137,0,243,218,0,218,461
12/04/2005,BFI,WA,ANM,WE,Towers with Radar,12,46,74,1,133,0,91,304,0,395,12,137,378,1,528,346,0,346,874
12/05/2005,BFI,WA,ANM,WE,Towers with Radar,17,122,100,1,240,0,57,148,1,206,17,179,248,2,446,148,0,148,594
12/06/2005,BFI,WA,ANM,WE,Towers with Radar,40,142,121,0,303,0,85,121,2,208,40,227,242,2,511,152,0,152,663
12/07/2005,BFI,WA,ANM,WE,Towers with Radar,39,146,120,4,309,0,104,260,4,368,39,250,380,8,677,360,4,364,1041
12/08/2005,BFI,WA,ANM,WE,Towers with Radar,35,119,125,3,282,0,84,341,0,425,35,203,466,3,707,280,0,280,987
12/09/2005,BFI,WA,ANM,WE,Towers with Radar,34,111,82,7,234,0,59,221,1,281,34,170,303,8,515,336,2,338,853
12/10/2005,BFI,WA,ANM,WE,Towers with Radar,19,55,75,2,151,0,36,231,0,267,19,91,306,2,418,110,0,110,528
12/11/2005,BFI,WA,ANM,WE,Towers with Radar,8,29,89,0,126,0,56,189,4,249,8,85,278,4,375,290,0,290,665
12/12/2005,BFI,WA,ANM,WE,Towers with Radar,19,104,124,0,247,0,50,179,2,231,19,154,303,2,478,262,0,262,740
12/13/2005,BFI,WA,ANM,WE,Towers with Radar,32,118,81,0,231,0,42,133,3,178,32,160,214,3,409,162,0,162,571
12/14/2005,BFI,WA,ANM,WE,Towers with Radar,24,123,104,2,253,0,60,238,2,300,24,183,342,4,553,370,14,384,937
12/15/2005,BFI,WA,ANM,WE,Towers with Radar,39,118,77,4,238,0,49,194,0,243,39,167,271,4,481,358,0,358,839
12/16/2005,BFI,WA,ANM,WE,Towers with Radar,35,102,114,3,254,0,22,208,0,230,35,124,322,3,484,282,0,282,766
12/17/2005,BFI,WA,ANM,WE,Towers with Radar,14,44,79,1,138,2,46,300,0,348,16,90,379,1,486,234,0,234,720
12/18/2005,BFI,WA,ANM,WE,Towers with Radar,11,28,51,0,90,0,114,294,3,411,11,142,345,3,501,342,0,342,843
12/19/2005,BFI,WA,ANM,WE,Towers with Radar,22,117,77,0,216,0,64,125,0,189,22,181,202,0,405,94,0,94,499
12/20/2005,BFI,WA,ANM,WE,Towers with Radar,37,96,125,3,261,0,59,223,2,284,37,155,348,5,545,186,2,188,733
12/21/2005,BFI,WA,ANM,WE,Towers with Radar,46,157,167,1,371,0,55,197,5,257,46,212,364,6,628,320,0,320,948
12/22/2005,BFI,WA,ANM,WE,Towers with Radar,39,160,67,2,268,0,38,93,0,131,39,198,160,2,399,46,0,46,445
12/23/2005,BFI,WA,ANM,WE,Towers with Radar,27,150,94,0,271,0,58,226,2,286,27,208,320,2,557,116,0,116,673
12/24/2005,BFI,WA,ANM,WE,Towers with Radar,15,65,32,0,112,0,31,57,0,88,15,96,89,0,200,200,0,200,400
12/25/2005,BFI,WA,ANM,WE,Towers with Radar,3,22,15,0,40,0,18,45,2,65,3,40,60,2,105,0,0,0,105
12/26/2005,BFI,WA,ANM,WE,Towers with Radar,2,65,98,0,165,0,16,111,0,127,2,81,209,0,292,96,0,96,388
12/27/2005,BFI,WA,ANM,WE,Towers with Radar,14,109,95,2,220,0,97,229,8,334,14,206,324,10,554,336,2,338,892
12/28/2005,BFI,WA,ANM,WE,Towers with Radar,20,114,39,0,173,0,60,287,4,351,20,174,326,4,524,348,2,350,874
12/29/2005,BFI,WA,ANM,WE,Towers with Radar,23,104,69,2,198,0,90,265,6,361,23,194,334,8,559,224,0,224,783
12/30/2005,BFI,WA,ANM,WE,Towers with Radar,27,116,57,1,201,0,2,138,0,140,27,118,195,1,341,142,0,142,483
12/31/2005,BFI,WA,ANM,WE,Towers with Radar,13,50,53,0,116,0,46,89,2,137,13,96,142,2,253,90,0,90,343
01/01/2006,BFI,WA,ANM,WE,Towers with Radar,4,64,46,0,114,0,90,261,2,353,4,154,307,2,467,250,0,250,717
01/02/2006,BFI,WA,ANM,WE,Towers with Radar,5,45,83,0,133,0,20,109,2,131,5,65,192,2,264,102,0,102,366
01/03/2006,BFI,WA,ANM,WE,Towers with Radar,14,117,64,0,195,0,48,98,0,146,14,165,162,0,341,148,0,148,489
01/04/2006,BFI,WA,ANM,WE,Towers with Radar,36,103,90,2,231,18,174,359,0,551,54,277,449,2,782,282,0,282,1064
01/05/2006,BFI,WA,ANM,WE,Towers with Radar,35,120,109,2,266,0,17,93,0,110,35,137,202,2,376,136,0,136,512
01/06/2006,BFI,WA,ANM,WE,Towers with Radar,25,119,84,2,230,0,77,263,10,350,25,196,347,12,580,230,0,230,810
01/07/2006,BFI,WA,ANM,WE,Towers with Radar,12,52,71,1,136,0,122,72,0,194,12,174,143,1,330,134,0,134,464
01/08/2006,BFI,WA,ANM,WE,Towers with Radar,6,39,65,0,110,0,32,222,3,257,6,71,287,3,367,232,0,232,599
01/09/2006,BFI,WA,ANM,WE,Towers with Radar,22,130,71,3,226,0,19,74,0,93,22,149,145,3,319,136,0,136,455
01/10/2006,BFI,WA,ANM,WE,Towers with Radar,37,129,84,2,252,0,34,93,0,127,37,163,177,2,379,152,2,154,533
01/11/2006,BFI,WA,ANM,WE,Towers with Radar,26,123,91,2,242,0,163,179,0,342,26,286,270,2,584,190,0,190,774
01/12/2006,BFI,WA,ANM,WE,Towers with Radar,29,128,85,2,244,0,65,196,3,264,29,193,281,5,508,284,0,284,792
01/13/2006,BFI,WA,ANM,WE,Towers with Radar,36,137,117,4,294,0,81,222,0,303,36,218,339,4,597,184,0,184,781
01/14/2006,BFI,WA,ANM,WE,Towers with Radar,33,92,103,3,231,0,118,216,23,357,33,210,319,26,588,168,8,176,764
01/15/2006,BFI,WA,ANM,WE,Towers with Radar,5,38,64,3,110,0,13,186,0,199,5,51,250,3,309,284,0,284,593
01/16/2006,BFI,WA,ANM,WE,Towers with Radar,15,90,91,1,197,0,15,43,1,59,15,105,134,2,256,150,0,150,406
01/17/2006,BFI,WA,ANM,WE,Towers with Radar,32,98,90,4,224,0,89,200,2,291,32,187,290,6,515,248,46,294,809
01/18/2006,BFI,WA,ANM,WE,Towers with Radar,34,131,76,0,241,0,48,151,4,203,34,179,227,4,444,136,0,136,580
01/19/2006,BFI,WA,ANM,WE,Towers with Radar,31,122,108,0,261,0,83,211,2,296,31,205,319,2,557,266,0,266,823
01/20/2006,BFI,WA,ANM,WE,Towers with Radar,37,113,102,3,255,0,79,184,6,269,37,192,286,9,524,258,0,258,782
01/21/2006,BFI,WA,ANM,WE,Towers with Radar,17,59,81,0,157,0,48,166,2,216,17,107,247,2,373,394,0,394,767
01/22/2006,BFI,WA,ANM,WE,Towers with Radar,3,64,106,1,174,0,19,189,11,219,3,83,295,12,393,186,4,190,583
01/23/2006,BFI,WA,ANM,WE,Towers with Radar,25,121,113,4,263,2,0,113,0,115,27,121,226,4,378,142,0,142,520
01/24/2006,BFI,WA,ANM,WE,Towers with Radar,48,100,95,4,247,0,68,356,1,425,48,168,451,5,672,342,14,356,1028
01/25/2006,BFI,WA,ANM,WE,Towers with Radar,38,110,77,1,226,0,42,214,0,256,38,152,291,1,482,192,0,192,674
01/26/2006,BFI,WA,ANM,WE,Towers with Radar,31,118,94,1,244,0,47,112,0,159,31,165,206,1,403,78,2,80,483
01/27/2006,BFI,WA,ANM,WE,Towers with Radar,48,113,85,4,250,0,65,254,0,319,48,178,339,4,569,188,0,188,757
01/28/2006,BFI,WA,ANM,WE,Towers with Radar,16,50,41,0,107,0,82,171,6,259,16,132,212,6,366,98,0,98,464
01/29/2006,BFI,WA,ANM,WE,Towers with Radar,12,44,52,3,111,0,15,58,0,73,12,59,110,3,184,208,0,208,392
01/30/2006,BFI,WA,ANM,WE,Towers with Radar,29,113,59,4,205,0,69,170,0,239,29,182,229,4,444,126,2,128,572
01/31/2006,BFI,WA,ANM,WE,Towers with Radar,0,0,0,0,0,0,0,0,0,0,0,0,0,0,0,0,0,0,0
02/01/2006,BFI,WA,ANM,WE,Towers with Radar,28,117,73,2,220,0,192,284,0,476,28,309,357,2,696,184,0,184,880
02/02/2006,BFI,WA,ANM,WE,Towers with Radar,35,131,103,3,272,0,164,134,5,303,35,295,237,8,575,264,0,264,839
02/03/2006,BFI,WA,ANM,WE,Towers with Radar,32,101,88,1,222,0,110,251,2,363,32,211,339,3,585,276,0,276,861
02/04/2006,BFI,WA,ANM,WE,Towers with Radar,11,43,21,1,76,0,84,39,11,134,11,127,60,12,210,76,0,76,286
02/05/2006,BFI,WA,ANM,WE,Towers with Radar,5,33,56,1,95,0,34,191,4,229,5,67,247,5,324,76,0,76,400
02/06/2006,BFI,WA,ANM,WE,Towers with Radar,21,92,97,0,210,0,78,302,10,390,21,170,399,10,600,224,0,224,824
02/07/2006,BFI,WA,ANM,WE,Towers with Radar,30,95,110,0,235,0,90,401,2,493,30,185,511,2,728,296,0,296,1024
02/08/2006,BFI,WA,ANM,WE,Towers with Radar,29,122,112,2,265,0,102,274,18,394,29,224,386,20,659,424,0,424,1083
02/09/2006,BFI,WA,ANM,WE,Towers with Radar,42,90,98,1,231,0,122,393,1,516,42,212,491,2,747,246,0,246,993
02/10/2006,BFI,WA,ANM,WE,Towers with Radar,33,92,100,1,226,4,60,387,3,454,37,152,487,4,680,352,0,352,1032
02/11/2006,BFI,WA,ANM,WE,Towers with Radar,14,38,73,0,125,0,71,558,1,630,14,109,631,1,755,466,0,466,1221
02/12/2006,BFI,WA,ANM,WE,Towers with Radar,3,25,55,0,83,0,31,231,1,263,3,56,286,1,346,260,0,260,606
02/13/2006,BFI,WA,ANM,WE,Towers with Radar,24,104,83,3,214,0,52,100,0,152,24,156,183,3,366,110,0,110,476
02/14/2006,BFI,WA,ANM,WE,Towers with Radar,36,102,74,0,212,0,76,258,1,335,36,178,332,1,547,306,0,306,853
02/15/2006,BFI,WA,ANM,WE,Towers with Radar,30,102,87,0,219,2,132,388,1,523,32,234,475,1,742,258,0,258,1000
02/16/2006,BFI,WA,ANM,WE,Towers with Radar,43,103,96,2,244,0,77,319,0,396,43,180,415,2,640,256,0,256,896
02/17/2006,BFI,WA,ANM,WE,Towers with Radar,36,104,119,0,259,0,88,203,2,293,36,192,322,2,552,282,0,282,834
02/18/2006,BFI,WA,ANM,WE,Towers with Radar,19,53,95,2,169,0,32,335,2,369,19,85,430,4,538,305,0,305,843
02/19/2006,BFI,WA,ANM,WE,Towers with Radar,7,33,67,1,108,0,50,329,1,380,7,83,396,2,488,274,0,274,762
02/20/2006,BFI,WA,ANM,WE,Towers with Radar,19,84,92,0,195,0,45,140,1,186,19,129,232,1,381,148,0,148,529
02/21/2006,BFI,WA,ANM,WE,Towers with Radar,33,120,74,5,232,0,23,115,0,138,33,143,189,5,370,222,2,224,594
02/22/2006,BFI,WA,ANM,WE,Towers with Radar,35,112,87,2,236,0,44,205,0,249,35,156,292,2,485,124,0,124,609
02/23/2006,BFI,WA,ANM,WE,Towers with Radar,36,121,63,4,224,0,42,134,0,176,36,163,197,4,400,86,0,86,486
02/24/2006,BFI,WA,ANM,WE,Towers with Radar,27,130,90,0,247,0,110,382,8,500,27,240,472,8,747,374,0,374,1121
02/25/2006,BFI,WA,ANM,WE,Towers with Radar,20,51,65,0,136,0,114,338,0,452,20,165,403,0,588,310,0,310,898
02/26/2006,BFI,WA,ANM,WE,Towers with Radar,7,51,66,0,124,0,37,172,0,209,7,88,238,0,333,144,0,144,477
02/27/2006,BFI,WA,ANM,WE,Towers with Radar,17,118,94,0,229,0,33,80,0,113,17,151,174,0,342,46,0,46,388
02/28/2006,BFI,WA,ANM,WE,Towers with Radar,40,141,116,0,297,0,61,144,2,207,40,202,260,2,504,212,0,212,716
03/01/2006,BFI,WA,ANM,WE,Towers with Radar,33,114,93,1,241,0,103,347,0,450,33,217,440,1,691,318,4,322,1013
03/02/2006,BFI,WA,ANM,WE,Towers with Radar,35,128,103,1,267,0,105,270,3,378,35,233,373,4,645,162,0,162,807
03/03/2006,BFI,WA,ANM,WE,Towers with Radar,41,113,99,4,257,0,95,380,0,475,41,208,479,4,732,388,0,388,1120
03/04/2006,BFI,WA,ANM,WE,Towers with Radar,11,43,52,4,110,0,89,376,0,465,11,132,428,4,575,314,2,316,891
03/05/2006,BFI,WA,ANM,WE,Towers with Radar,2,39,73,2,116,0,41,96,4,141,2,80,169,6,257,92,0,92,349
03/06/2006,BFI,WA,ANM,WE,Towers with Radar,19,95,69,0,183,0,46,78,0,124,19,141,147,0,307,12,0,12,319
03/07/2006,BFI,WA,ANM,WE,Towers with Radar,38,125,82,4,249,0,68,209,1,278,38,193,291,5,527,188,0,188,715
03/08/2006,BFI,WA,ANM,WE,Towers with Radar,35,136,70,4,245,0,36,111,0,147,35,172,181,4,392,38,0,38,430
03/09/2006,BFI,WA,ANM,WE,Towers with Radar,34,142,87,3,266,0,21,136,1,158,34,163,223,4,424,72,0,72,496
03/10/2006,BFI,WA,ANM,WE,Towers with Radar,42,117,106,0,265,0,83,207,0,290,42,200,313,0,555,202,0,202,757
03/11/2006,BFI,WA,ANM,WE,Towers with Radar,15,61,64,2,142,0,56,279,2,337,15,117,343,4,479,252,0,252,731
03/12/2006,BFI,WA,ANM,WE,Towers with Radar,6,36,76,0,118,0,36,312,0,348,6,72,388,0,466,330,0,330,796
03/13/2006,BFI,WA,ANM,WE,Towers with Radar,27,85,94,0,206,0,79,239,7,325,27,164,333,7,531,154,0,154,685
03/14/2006,BFI,WA,ANM,WE,Towers with Radar,38,106,91,6,241,0,86,297,1,384,38,192,388,7,625,240,18,258,883
03/15/2006,BFI,WA,ANM,WE,Towers with Radar,34,110,100,2,246,0,108,274,0,382,34,218,374,2,628,224,0,224,852
03/16/2006,BFI,WA,ANM,WE,Towers with Radar,38,125,110,0,273,0,74,150,0,224,38,199,260,0,497,178,0,178,675
03/17/2006,BFI,WA,ANM,WE,Towers with Radar,33,124,94,0,251,0,98,309,0,407,33,222,403,0,658,286,0,286,944
03/18/2006,BFI,WA,ANM,WE,Towers with Radar,16,75,65,4,160,0,105,203,8,316,16,180,268,12,476,290,42,332,808
03/19/2006,BFI,WA,ANM,WE,Towers with Radar,7,33,64,3,107,0,21,347,5,373,7,54,411,8,480,246,2,248,728
03/20/2006,BFI,WA,ANM,WE,Towers with Radar,24,98,79,2,203,0,65,312,1,378,24,163,391,3,581,248,0,248,829
03/21/2006,BFI,WA,ANM,WE,Towers with Radar,41,106,84,1,232,0,56,192,0,248,41,162,276,1,480,178,2,180,660
03/22/2006,BFI,WA,ANM,WE,Towers with Radar,41,114,72,0,227,0,83,187,2,272,41,197,259,2,499,248,0,248,747
03/23/2006,BFI,WA,ANM,WE,Towers with Radar,37,92,99,2,230,0,112,315,0,427,37,204,414,2,657,410,16,426,1083
03/24/2006,BFI,WA,ANM,WE,Towers with Radar,36,99,100,8,243,0,104,229,2,335,36,203,329,10,578,226,18,244,822
03/25/2006,BFI,WA,ANM,WE,Towers with Radar,31,33,67,0,131,0,94,315,4,413,31,127,382,4,544,382,0,382,926
03/26/2006,BFI,WA,ANM,WE,Towers with Radar,7,48,76,0,131,0,37,123,0,160,7,85,199,0,291,180,0,180,471
03/27/2006,BFI,WA,ANM,WE,Towers with Radar,23,91,94,1,209,0,108,315,1,424,23,199,409,2,633,114,0,114,747
03/28/2006,BFI,WA,ANM,WE,Towers with Radar,42,116,89,0,247,0,69,316,6,391,42,185,405,6,638,328,0,328,966
03/29/2006,BFI,WA,ANM,WE,Towers with Radar,41,132,114,2,289,0,67,298,0,365,41,199,412,2,654,274,0,274,928
03/30/2006,BFI,WA,ANM,WE,Towers with Radar,33,106,112,1,252,0,82,276,3,361,33,188,388,4,613,292,0,292,905
03/31/2006,BFI,WA,ANM,WE,Towers with Radar,26,104,101,0,231,2,108,282,0,392,28,212,383,0,623,312,0,312,935
04/01/2006,BFI,WA,ANM,WE,Towers with Radar,15,55,80,0,150,0,53,223,2,278,15,108,303,2,428,234,2,236,664
04/02/2006,BFI,WA,ANM,WE,Towers with Radar,6,31,89,0,126,0,44,258,1,303,6,75,347,1,429,216,0,216,645
04/03/2006,BFI,WA,ANM,WE,Towers with Radar,21,90,75,2,188,0,66,154,10,230,21,156,229,12,418,170,0,170,588
04/04/2006,BFI,WA,ANM,WE,Towers with Radar,34,86,77,4,201,0,83,327,1,411,34,169,404,5,612,242,0,242,854
04/05/2006,BFI,WA,ANM,WE,Towers with Radar,35,95,114,3,247,0,97,369,7,473,35,192,483,10,720,284,0,284,1004
04/06/2006,BFI,WA,ANM,WE,Towers with Radar,45,114,88,4,251,0,127,371,0,498,45,241,459,4,749,254,0,254,1003
04/07/2006,BFI,WA,ANM,WE,Towers with Radar,37,86,110,1,234,9,90,350,0,449,46,176,460,1,683,312,0,312,995
04/08/2006,BFI,WA,ANM,WE,Towers with Radar,20,54,60,1,135,0,88,206,0,294,20,142,266,1,429,116,0,116,545
04/09/2006,BFI,WA,ANM,WE,Towers with Radar,10,46,106,0,162,0,8,191,4,203,10,54,297,4,365,194,0,194,559
04/10/2006,BFI,WA,ANM,WE,Towers with Radar,19,88,107,2,216,0,54,158,0,212,19,142,265,2,428,180,40,220,648
04/11/2006,BFI,WA,ANM,WE,Towers with Radar,41,105,90,1,237,0,73,243,1,317,41,178,333,2,554,280,0,280,834
04/12/2006,BFI,WA,ANM,WE,Towers with Radar,35,114,91,2,242,0,128,303,0,431,35,242,394,2,673,346,0,346,1019
04/13/2006,BFI,WA,ANM,WE,Towers with Radar,45,119,108,0,272,0,84,221,7,312,45,203,329,7,584,162,2,164,748
04/14/2006,BFI,WA,ANM,WE,Towers with Radar,34,102,91,0,227,13,85,217,3,318,47,187,308,3,545,64,0,64,609
04/15/2006,BFI,WA,ANM,WE,Towers with Radar,13,52,61,2,128,0,77,211,0,288,13,129,272,2,416,216,0,216,632
04/16/2006,BFI,WA,ANM,WE,Towers with Radar,4,39,60,0,103,0,39,97,0,136,4,78,157,0,239,118,0,118,357
04/17/2006,BFI,WA,ANM,WE,Towers with Radar,32,93,81,2,208,0,105,238,0,343,32,198,319,2,551,258,8,266,817
04/18/2006,BFI,WA,ANM,WE,Towers with Radar,34,85,114,2,235,0,67,398,0,465,34,152,512,2,700,282,2,284,984
04/19/2006,BFI,WA,ANM,WE,Towers with Radar,33,120,100,2,255,0,98,388,2,488,33,218,488,4,743,262,0,262,1005
04/20/2006,BFI,WA,ANM,WE,Towers with Radar,39,93,103,11,246,0,85,312,0,397,39,178,415,11,643,372,0,372,1015
04/21/2006,BFI,WA,ANM,WE,Towers with Radar,30,106,98,9,243,0,121,243,0,364,30,227,341,9,607,340,0,340,947
04/22/2006,BFI,WA,ANM,WE,Towers with Radar,12,22,64,4,102,0,76,327,0,403,12,98,391,4,505,300,0,300,805
04/23/2006,BFI,WA,ANM,WE,Towers with Radar,6,27,88,1,122,0,35,241,1,277,6,62,329,2,399,258,0,258,657
04/24/2006,BFI,WA,ANM,WE,Towers with Radar,23,76,75,3,177,0,73,270,1,344,23,149,345,4,521,274,4,278,799
04/25/2006,BFI,WA,ANM,WE,Towers with Radar,40,93,85,1,219,0,97,264,2,363,40,190,349,3,582,228,0,228,810
04/26/2006,BFI,WA,ANM,WE,Towers with Radar,35,121,117,0,273,0,78,312,6,396,35,199,429,6,669,354,0,354,1023
04/27/2006,BFI,WA,ANM,WE,Towers with Radar,38,106,118,1,263,0,133,381,11,525,38,239,499,12,788,326,0,326,1114
04/28/2006,BFI,WA,ANM,WE,Towers with Radar,30,82,94,2,208,0,114,375,0,489,30,196,469,2,697,310,0,310,1007
04/29/2006,BFI,WA,ANM,WE,Towers with Radar,14,68,86,1,169,0,28,112,3,143,14,96,198,4,312,92,0,92,404
04/30/2006,BFI,WA,ANM,WE,Towers with Radar,5,39,85,0,129,0,52,233,4,289,5,91,318,4,418,260,0,260,678
05/01/2006,BFI,WA,ANM,WE,Towers with Radar,20,86,79,0,185,0,78,255,4,337,20,164,334,4,522,306,0,306,828
05/02/2006,BFI,WA,ANM,WE,Towers with Radar,30,98,100,2,230,0,103,326,0,429,30,201,426,2,659,206,22,228,887
05/03/2006,BFI,WA,ANM,WE,Towers with Radar,32,77,96,1,206,0,48,364,1,413,32,125,460,2,619,232,0,232,851
05/04/2006,BFI,WA,ANM,WE,Towers with Radar,38,89,101,2,230,0,88,388,2,478,38,177,489,4,708,320,0,320,1028
05/05/2006,BFI,WA,ANM,WE,Towers with Radar,27,94,91,4,216,0,116,418,3,537,27,210,509,7,753,296,0,296,1049
05/06/2006,BFI,WA,ANM,WE,Towers with Radar,17,77,83,5,182,0,100,333,9,442,17,177,416,14,624,362,6,368,992
05/07/2006,BFI,WA,ANM,WE,Towers with Radar,7,59,95,1,162,0,68,168,5,241,7,127,263,6,403,154,4,158,561
05/08/2006,BFI,WA,ANM,WE,Towers with Radar,32,87,95,6,220,0,153,227,0,380,32,240,322,6,600,306,28,334,934
05/09/2006,BFI,WA,ANM,WE,Towers with Radar,48,77,87,8,220,0,97,482,0,579,48,174,569,8,799,426,0,426,1225
05/10/2006,BFI,WA,ANM,WE,Towers with Radar,35,89,94,5,223,0,76,367,0,443,35,165,461,5,666,374,32,406,1072
05/11/2006,BFI,WA,ANM,WE,Towers with Radar,48,112,125,7,292,0,55,491,7,553,48,167,616,14,845,468,8,476,1321
05/12/2006,BFI,WA,ANM,WE,Towers with Radar,42,104,104,6,256,0,99,379,1,479,42,203,483,7,735,336,0,336,1071
05/13/2006,BFI,WA,ANM,WE,Towers with Radar,11,29,65,9,114,0,66,311,0,377,11,95,376,9,491,252,0,252,743
05/14/2006,BFI,WA,ANM,WE,Towers with Radar,3,25,67,12,107,0,77,475,2,554,3,102,542,14,661,302,6,308,969
05/15/2006,BFI,WA,ANM,WE,Towers with Radar,32,98,95,8,233,0,50,251,0,301,32,148,346,8,534,366,0,366,900
05/16/2006,BFI,WA,ANM,WE,Towers with Radar,35,81,134,4,254,0,116,407,1,524,35,197,541,5,778,340,0,340,1118
05/17/2006,BFI,WA,ANM,WE,Towers with Radar,41,87,123,1,252,0,94,394,1,489,41,181,517,2,741,458,0,458,1199
05/18/2006,BFI,WA,ANM,WE,Towers with Radar,46,96,117,2,261,0,81,481,0,562,46,177,598,2,823,376,0,376,1199
05/19/2006,BFI,WA,ANM,WE,Towers with Radar,41,90,110,1,242,0,127,357,1,485,41,217,467,2,727,348,0,348,1075
05/20/2006,BFI,WA,ANM,WE,Towers with Radar,14,42,83,2,141,0,69,286,24,379,14,111,369,26,520,366,0,366,886
05/21/2006,BFI,WA,ANM,WE,Towers with Radar,8,23,79,0,110,0,59,245,0,304,8,82,324,0,414,414,0,414,828
05/22/2006,BFI,WA,ANM,WE,Towers with Radar,24,121,90,4,239,0,37,213,0,250,24,158,303,4,489,330,2,332,821
05/23/2006,BFI,WA,ANM,WE,Towers with Radar,33,116,104,1,254,0,50,183,3,236,33,166,287,4,490,152,0,152,642
05/24/2006,BFI,WA,ANM,WE,Towers with Radar,41,125,119,6,291,0,81,283,0,364,41,206,402,6,655,236,0,236,891
05/25/2006,BFI,WA,ANM,WE,Towers with Radar,36,124,93,4,257,0,81,274,2,357,36,205,367,6,614,254,0,254,868
05/26/2006,BFI,WA,ANM,WE,Towers with Radar,40,127,114,0,281,0,77,264,0,341,40,204,378,0,622,260,0,260,882
05/27/2006,BFI,WA,ANM,WE,Towers with Radar,9,55,75,2,141,18,55,110,0,183,27,110,185,2,324,170,0,170,494
05/28/2006,BFI,WA,ANM,WE,Towers with Radar,2,47,45,0,94,0,33,123,4,160,2,80,168,4,254,104,2,106,360
05/29/2006,BFI,WA,ANM,WE,Towers with Radar,3,56,118,4,181,15,72,404,0,491,18,128,522,4,672,396,2,398,1070
05/30/2006,BFI,WA,ANM,WE,Towers with Radar,28,79,77,10,194,0,82,448,0,530,28,161,525,10,724,418,0,418,1142
05/31/2006,BFI,WA,ANM,WE,Towers with Radar,44,109,94,4,251,0,61,281,0,342,44,170,375,4,593,250,0,250,843
06/01/2006,BFI,WA,ANM,WE,Towers with Radar,26,139,129,2,296,0,91,177,2,270,26,230,306,4,566,154,0,154,720
06/02/2006,BFI,WA,ANM,WE,Towers with Radar,30,129,94,2,255,0,114,290,0,404,30,243,384,2,659,320,0,320,979
06/03/2006,BFI,WA,ANM,WE,Towers with Radar,13,40,83,0,136,0,92,394,0,486,13,132,477,0,622,250,0,250,872
06/04/2006,BFI,WA,ANM,WE,Towers with Radar,5,72,75,0,152,0,41,57,1,99,5,113,132,1,251,40,0,40,291
06/05/2006,BFI,WA,ANM,WE,Towers with Radar,28,106,99,8,241,0,66,314,0,380,28,172,413,8,621,240,0,240,861
06/06/2006,BFI,WA,ANM,WE,Towers with Radar,34,92,100,4,230,0,84,375,5,464,34,176,475,9,694,336,0,336,1030
06/07/2006,BFI,WA,ANM,WE,Towers with Radar,26,87,117,1,231,0,60,277,1,338,26,147,394,2,569,220,1,221,790
06/08/2006,BFI,WA,ANM,WE,Towers with Radar,44,137,170,3,354,0,101,249,0,350,44,238,419,3,704,232,28,260,964
06/09/2006,BFI,WA,ANM,WE,Towers with Radar,35,116,119,0,270,0,103,245,0,348,35,219,364,0,618,278,0,278,896
06/10/2006,BFI,WA,ANM,WE,Towers with Radar,13,42,97,2,154,4,102,410,14,530,17,144,507,16,684,396,16,412,1096
06/11/2006,BFI,WA,ANM,WE,Towers with Radar,3,31,86,0,120,0,51,316,2,369,3,82,402,2,489,264,0,264,753
06/12/2006,BFI,WA,ANM,WE,Towers with Radar,28,106,99,0,233,0,72,278,2,352,28,178,377,2,585,274,0,274,859
06/13/2006,BFI,WA,ANM,WE,Towers with Radar,33,113,127,3,276,0,104,347,3,454,33,217,474,6,730,342,4,346,1076
06/14/2006,BFI,WA,ANM,WE,Towers with Radar,31,106,118,1,256,0,80,214,7,301,31,186,332,8,557,282,0,282,839
06/15/2006,BFI,WA,ANM,WE,Towers with Radar,31,100,125,1,257,0,76,326,3,405,31,176,451,4,662,230,0,230,892
06/16/2006,BFI,WA,ANM,WE,Towers with Radar,34,108,102,6,250,0,56,216,0,272,34,164,318,6,522,128,0,128,650
06/17/2006,BFI,WA,ANM,WE,Towers with Radar,18,60,80,1,159,15,57,243,1,316,33,117,323,2,475,274,0,274,749
06/18/2006,BFI,WA,ANM,WE,Towers with Radar,3,39,66,0,108,0,18,399,6,423,3,57,465,6,531,262,0,262,793
06/19/2006,BFI,WA,ANM,WE,Towers with Radar,20,92,105,2,219,0,105,409,4,518,20,197,514,6,737,300,18,318,1055
06/20/2006,BFI,WA,ANM,WE,Towers with Radar,35,97,99,1,232,0,156,647,4,807,35,253,746,5,1039,232,0,232,1271
06/21/2006,BFI,WA,ANM,WE,Towers with Radar,35,106,92,1,234,0,50,320,1,371,35,156,412,2,605,330,0,330,935
06/22/2006,BFI,WA,ANM,WE,Towers with Radar,35,110,106,0,251,0,128,370,4,502,35,238,476,4,753,312,0,312,1065
06/23/2006,BFI,WA,ANM,WE,Towers with Radar,35,184,122,1,342,0,58,429,0,487,35,242,551,1,829,272,0,272,1101
06/24/2006,BFI,WA,ANM,WE,Towers with Radar,9,41,75,0,125,0,85,363,0,448,9,126,438,0,573,274,0,274,847
06/25/2006,BFI,WA,ANM,WE,Towers with Radar,2,29,88,1,120,0,96,336,0,432,2,125,424,1,552,190,0,190,742
06/26/2006,BFI,WA,ANM,WE,Towers with Radar,17,67,91,1,176,0,111,293,0,404,17,178,384,1,580,328,0,328,908
06/27/2006,BFI,WA,ANM,WE,Towers with Radar,46,74,75,0,195,0,128,337,4,469,46,202,412,4,664,288,0,288,952
06/28/2006,BFI,WA,ANM,WE,Towers with Radar,39,106,104,1,250,0,63,388,2,453,39,169,492,3,703,300,2,302,1005
06/29/2006,BFI,WA,ANM,WE,Towers with Radar,34,104,96,4,238,0,108,467,0,575,34,212,563,4,813,384,0,384,1197
06/30/2006,BFI,WA,ANM,WE,Towers with Radar,35,97,115,0,247,0,153,527,2,682,35,250,642,2,929,440,0,440,1369
07/01/2006,BFI,WA,ANM,WE,Towers with Radar,8,52,82,2,144,5,96,491,6,598,13,148,573,8,742,274,16,290,1032
07/02/2006,BFI,WA,ANM,WE,Towers with Radar,5,38,67,2,112,13,84,314,5,416,18,122,381,7,528,222,0,222,750
07/03/2006,BFI,WA,ANM,WE,Towers with Radar,12,83,58,0,153,0,84,328,10,422,12,167,386,10,575,280,0,280,855
07/04/2006,BFI,WA,ANM,WE,Towers with Radar,7,49,53,0,109,0,51,216,3,270,7,100,269,3,379,90,2,92,471
07/05/2006,BFI,WA,ANM,WE,Towers with Radar,29,118,159,2,308,0,98,322,3,423,29,216,481,5,731,328,0,328,1059
07/06/2006,BFI,WA,ANM,WE,Towers with Radar,38,118,114,5,275,0,72,260,0,332,38,190,374,5,607,274,20,294,901
07/07/2006,BFI,WA,ANM,WE,Towers with Radar,29,99,107,4,239,5,94,318,0,417,34,193,425,4,656,344,0,344,1000
07/08/2006,BFI,WA,ANM,WE,Towers with Radar,14,48,64,0,126,0,93,328,1,422,14,141,392,1,548,220,0,220,768
07/09/2006,BFI,WA,ANM,WE,Towers with Radar,4,60,85,0,149,0,79,311,0,390,4,139,396,0,539,250,0,250,789
07/10/2006,BFI,WA,ANM,WE,Towers with Radar,34,111,125,0,270,0,74,338,4,416,34,185,463,4,686,364,0,364,1050
07/11/2006,BFI,WA,ANM,WE,Towers with Radar,44,135,116,1,296,0,66,332,0,398,44,201,448,1,694,258,0,258,952
07/12/2006,BFI,WA,ANM,WE,Towers with Radar,47,126,154,2,329,0,77,159,0,236,47,203,313,2,565,210,18,228,793
07/13/2006,BFI,WA,ANM,WE,Towers with Radar,44,121,136,3,304,0,151,365,0,516,44,272,501,3,820,400,0,400,1220
07/14/2006,BFI,WA,ANM,WE,Towers with Radar,44,118,124,0,286,0,150,466,0,616,44,268,590,0,902,283,0,283,1185
07/15/2006,BFI,WA,ANM,WE,Towers with Radar,16,58,65,3,142,0,92,360,1,453,16,150,425,4,595,254,0,254,849
07/16/2006,BFI,WA,ANM,WE,Towers with Radar,0,97,36,1,134,0,31,433,0,464,0,128,469,1,598,222,0,222,820
07/17/2006,BFI,WA,ANM,WE,Towers with Radar,29,115,110,0,254,0,104,361,0,465,29,219,471,0,719,354,0,354,1073
07/18/2006,BFI,WA,ANM,WE,Towers with Radar,34,118,109,1,262,0,74,451,5,530,34,192,560,6,792,298,8,306,1098
07/19/2006,BFI,WA,ANM,WE,Towers with Radar,36,98,118,7,259,0,144,508,0,652,36,242,626,7,911,368,2,370,1281
07/20/2006,BFI,WA,ANM,WE,Towers with Radar,47,114,107,0,268,0,142,566,2,710,47,256,673,2,978,384,0,384,1362
07/21/2006,BFI,WA,ANM,WE,Towers with Radar,29,90,102,7,228,1,150,420,0,571,30,240,522,7,799,274,0,274,1073
07/22/2006,BFI,WA,ANM,WE,Towers with Radar,12,56,83,2,153,0,89,336,3,428,12,145,419,5,581,274,0,274,855
07/23/2006,BFI,WA,ANM,WE,Towers with Radar,7,50,96,2,155,0,130,344,0,474,7,180,440,2,629,202,0,202,831
07/24/2006,BFI,WA,ANM,WE,Towers with Radar,35,80,102,4,221,0,121,328,0,449,35,201,430,4,670,382,2,384,1054
07/25/2006,BFI,WA,ANM,WE,Towers with Radar,40,108,122,5,275,0,95,299,1,395,40,203,421,6,670,230,6,236,906
07/26/2006,BFI,WA,ANM,WE,Towers with Radar,36,94,108,0,238,0,115,354,13,482,36,209,462,13,720,462,0,462,1182
07/27/2006,BFI,WA,ANM,WE,Towers with Radar,42,86,97,0,225,0,50,398,0,448,42,136,495,0,673,252,0,252,925
07/28/2006,BFI,WA,ANM,WE,Towers with Radar,31,108,152,1,292,0,140,366,14,520,31,248,518,15,812,276,0,276,1088
07/29/2006,BFI,WA,ANM,WE,Towers with Radar,15,54,89,0,158,0,86,312,2,400,15,140,401,2,558,210,0,210,768
07/30/2006,BFI,WA,ANM,WE,Towers with Radar,3,50,118,1,172,0,69,178,0,247,3,119,296,1,419,188,2,190,609
07/31/2006,BFI,WA,ANM,WE,Towers with Radar,27,96,91,7,221,0,185,501,27,713,27,281,592,34,934,196,4,200,1134
08/01/2006,BFI,WA,ANM,WE,Towers with Radar,35,101,113,6,255,0,105,394,3,502,35,206,507,9,757,246,8,254,1011
08/02/2006,BFI,WA,ANM,WE,Towers with Radar,35,110,117,9,271,0,69,455,12,536,35,179,572,21,807,460,0,460,1267
08/03/2006,BFI,WA,ANM,WE,Towers with Radar,34,96,119,6,255,0,89,376,30,495,34,185,495,36,750,212,0,212,962
08/04/2006,BFI,WA,ANM,WE,Towers with Radar,29,106,100,3,238,0,98,358,18,474,29,204,458,21,712,240,0,240,952
08/05/2006,BFI,WA,ANM,WE,Towers with Radar,19,53,56,1,129,0,60,312,31,403,19,113,368,32,532,204,0,204,736
08/06/2006,BFI,WA,ANM,WE,Towers with Radar,7,48,75,4,134,0,75,305,25,405,7,123,380,29,539,120,2,122,661
08/07/2006,BFI,WA,ANM,WE,Towers with Radar,15,65,69,10,159,0,120,421,2,543,15,185,490,12,702,378,36,414,1116
08/08/2006,BFI,WA,ANM,WE,Towers with Radar,12,80,91,0,183,0,137,389,2,528,12,217,480,2,711,390,2,392,1103
08/09/2006,BFI,WA,ANM,WE,Towers with Radar,13,108,104,2,227,0,74,274,6,354,13,182,378,8,581,194,14,208,789
08/10/2006,BFI,WA,ANM,WE,Towers with Radar,14,104,132,3,253,0,90,384,1,475,14,194,516,4,728,420,0,420,1148
08/11/2006,BFI,WA,ANM,WE,Towers with Radar,18,106,135,0,259,0,148,351,0,499,18,254,486,0,758,310,0,310,1068
08/12/2006,BFI,WA,ANM,WE,Towers with Radar,4,61,65,2,132,0,97,398,0,495,4,158,463,2,627,184,0,184,811
08/13/2006,BFI,WA,ANM,WE,Towers with Radar,3,39,64,0,106,0,166,468,1,635,3,205,532,1,741,180,0,180,921
08/14/2006,BFI,WA,ANM,WE,Towers with Radar,0,38,55,1,94,0,158,444,3,605,0,196,499,4,699,190,0,190,889
08/15/2006,BFI,WA,ANM,WE,Towers with Radar,0,61,36,0,97,0,104,351,0,455,0,165,387,0,552,284,0,284,836
08/16/2006,BFI,WA,ANM,WE,Towers with Radar,0,77,75,0,152,0,121,407,0,528,0,198,482,0,680,306,0,306,986
08/17/2006,BFI,WA,ANM,WE,Towers with Radar,0,77,74,0,151,0,95,358,0,453,0,172,432,0,604,190,0,190,794
08/18/2006,BFI,WA,ANM,WE,Towers with Radar,0,54,71,1,126,0,128,300,3,431,0,182,371,4,557,118,0,118,675
08/19/2006,BFI,WA,ANM,WE,Towers with Radar,0,28,33,0,61,0,132,455,0,587,0,160,488,0,648,186,0,186,834
08/20/2006,BFI,WA,ANM,WE,Towers with Radar,3,11,62,0,76,0,139,367,1,507,3,150,429,1,583,224,6,230,813
08/21/2006,BFI,WA,ANM,WE,Towers with Radar,0,51,38,0,89,0,121,417,4,542,0,172,455,4,631,242,0,242,873
08/22/2006,BFI,WA,ANM,WE,Towers with Radar,0,77,64,0,141,0,72,321,0,393,0,149,385,0,534,240,0,240,774
08/23/2006,BFI,WA,ANM,WE,Towers with Radar,0,87,75,0,162,0,106,293,0,399,0,193,368,0,561,270,0,270,831
08/24/2006,BFI,WA,ANM,WE,Towers with Radar,8,90,96,1,195,0,129,343,1,473,8,219,439,2,668,338,0,338,1006
08/25/2006,BFI,WA,ANM,WE,Towers with Radar,5,92,103,0,200,0,125,505,1,631,5,217,608,1,831,278,0,278,1109
08/26/2006,BFI,WA,ANM,WE,Towers with Radar,2,51,32,2,87,0,41,380,0,421,2,92,412,2,508,174,2,176,684
08/27/2006,BFI,WA,ANM,WE,Towers with Radar,0,34,106,0,140,0,88,415,0,503,0,122,521,0,643,180,0,180,823
08/28/2006,BFI,WA,ANM,WE,Towers with Radar,12,43,88,0,143,0,127,411,2,540,12,170,499,2,683,292,0,292,975
08/29/2006,BFI,WA,ANM,WE,Towers with Radar,24,105,130,4,263,0,79,265,7,351,24,184,395,11,614,214,58,272,886
08/30/2006,BFI,WA,ANM,WE,Towers with Radar,25,115,121,3,264,0,79,284,3,366,25,194,405,6,630,340,0,340,970
08/31/2006,BFI,WA,ANM,WE,Towers with Radar,46,104,101,3,254,2,122,502,1,627,48,226,603,4,881,176,0,176,1057
09/01/2006,BFI,WA,ANM,WE,Towers with Radar,38,121,119,10,288,22,159,569,16,766,60,280,688,26,1054,518,2,520,1574
09/02/2006,BFI,WA,ANM,WE,Towers with Radar,9,3,51,2,65,0,121,372,4,497,9,124,423,6,562,206,2,208,770
09/03/2006,BFI,WA,ANM,WE,Towers with Radar,0,26,57,0,83,2,91,291,0,384,2,117,348,0,467,198,2,200,667
09/04/2006,BFI,WA,ANM,WE,Towers with Radar,0,44,81,3,128,0,93,338,3,434,0,137,419,6,562,154,2,156,718
09/05/2006,BFI,WA,ANM,WE,Towers with Radar,23,97,77,0,197,0,100,359,4,463,23,197,436,4,660,378,0,378,1038
09/06/2006,BFI,WA,ANM,WE,Towers with Radar,44,100,96,2,242,0,74,363,0,437,44,174,459,2,679,288,0,288,967
09/07/2006,BFI,WA,ANM,WE,Towers with Radar,45,102,119,6,272,0,75,340,0,415,45,177,459,6,687,294,0,294,981
09/08/2006,BFI,WA,ANM,WE,Towers with Radar,35,108,133,1,277,0,32,293,30,355,35,140,426,31,632,286,0,286,918
09/09/2006,BFI,WA,ANM,WE,Towers with Radar,11,72,79,0,162,0,39,296,3,338,11,111,375,3,500,246,0,246,746
09/10/2006,BFI,WA,ANM,WE,Towers with Radar,27,46,89,1,163,0,58,325,0,383,27,104,414,1,546,190,0,190,736
09/11/2006,BFI,WA,ANM,WE,Towers with Radar,29,76,77,9,191,0,121,325,0,446,29,197,402,9,637,264,2,266,903
09/12/2006,BFI,WA,ANM,WE,Towers with Radar,37,118,88,4,247,0,50,365,0,415,37,168,453,4,662,420,0,420,1082
09/13/2006,BFI,WA,ANM,WE,Towers with Radar,37,137,124,1,299,0,76,207,2,285,37,213,331,3,584,264,0,264,848
09/14/2006,BFI,WA,ANM,WE,Towers with Radar,44,138,105,2,289,0,43,266,0,309,44,181,371,2,598,230,0,230,828
09/15/2006,BFI,WA,ANM,WE,Towers with Radar,39,108,110,3,260,0,39,283,4,326,39,147,393,7,586,310,0,310,896
09/16/2006,BFI,WA,ANM,WE,Towers with Radar,10,42,81,0,133,0,73,257,8,338,10,115,338,8,471,230,0,230,701
09/17/2006,BFI,WA,ANM,WE,Towers with Radar,2,35,104,0,141,0,59,261,7,327,2,94,365,7,468,254,4,258,726
09/18/2006,BFI,WA,ANM,WE,Towers with Radar,36,114,120,6,276,0,79,183,2,264,36,193,303,8,540,108,0,108,648
09/19/2006,BFI,WA,ANM,WE,Towers with Radar,46,131,105,2,284,0,92,287,3,382,46,223,392,5,666,392,26,418,1084
09/20/2006,BFI,WA,ANM,WE,Towers with Radar,36,131,111,6,284,0,27,111,0,138,36,158,222,6,422,72,0,72,494
09/21/2006,BFI,WA,ANM,WE,Towers with Radar,41,112,136,2,291,0,63,198,4,265,41,175,334,6,556,186,0,186,742
09/22/2006,BFI,WA,ANM,WE,Towers with Radar,40,128,127,4,299,0,65,286,0,351,40,193,413,4,650,302,2,304,954
09/23/2006,BFI,WA,ANM,WE,Towers with Radar,11,51,62,0,124,0,106,466,0,572,11,157,528,0,696,272,0,272,968
09/24/2006,BFI,WA,ANM,WE,Towers with Radar,10,33,89,0,132,0,56,450,0,506,10,89,539,0,638,154,0,154,792
09/25/2006,BFI,WA,ANM,WE,Towers with Radar,35,80,94,2,211,0,88,515,0,603,35,168,609,2,814,172,0,172,986
09/26/2006,BFI,WA,ANM,WE,Towers with Radar,51,97,121,3,272,0,125,489,7,621,51,222,610,10,893,482,26,508,1401
09/27/2006,BFI,WA,ANM,WE,Towers with Radar,40,102,119,1,262,0,21,479,1,501,40,123,598,2,763,470,0,470,1233
09/28/2006,BFI,WA,ANM,WE,Towers with Radar,41,83,95,0,219,0,94,401,0,495,41,177,496,0,714,246,0,246,960
09/29/2006,BFI,WA,ANM,WE,Towers with Radar,37,118,140,5,300,0,27,384,0,411,37,145,524,5,711,240,0,240,951
09/30/2006,BFI,WA,ANM,WE,Towers with Radar,22,43,79,2,146,0,67,312,2,381,22,110,391,4,527,328,0,328,855
10/01/2006,BFI,WA,ANM,WE,Towers with Radar,12,33,64,0,109,0,79,273,0,352,12,112,337,0,461,461,0,461,922
10/02/2006,BFI,WA,ANM,WE,Towers with Radar,26,91,99,0,216,0,45,275,4,324,26,136,374,4,540,210,0,210,750
10/03/2006,BFI,WA,ANM,WE,Towers with Radar,34,94,101,0,229,0,57,346,5,408,34,151,447,5,637,360,0,360,997
10/04/2006,BFI,WA,ANM,WE,Towers with Radar,37,94,112,0,243,4,64,360,1,429,41,158,472,1,672,268,0,268,940
10/05/2006,BFI,WA,ANM,WE,Towers with Radar,44,100,93,0,237,0,77,422,2,501,44,177,515,2,738,394,0,394,1132
10/06/2006,BFI,WA,ANM,WE,Towers with Radar,48,136,118,0,302,0,68,232,0,300,48,204,350,0,602,314,0,314,916
10/07/2006,BFI,WA,ANM,WE,Towers with Radar,14,52,67,0,133,0,65,377,0,442,14,117,444,0,575,336,0,336,911
10/08/2006,BFI,WA,ANM,WE,Towers with Radar,3,49,89,2,143,0,59,349,0,408,3,108,438,2,551,220,0,220,771
10/09/2006,BFI,WA,ANM,WE,Towers with Radar,22,58,89,3,172,0,99,331,0,430,22,157,420,3,602,214,0,214,816
10/10/2006,BFI,WA,ANM,WE,Towers with Radar,40,83,80,5,208,0,101,372,0,473,40,184,452,5,681,394,0,394,1075
10/11/2006,BFI,WA,ANM,WE,Towers with Radar,40,107,120,4,271,0,97,403,6,506,40,204,523,10,777,484,0,484,1261
10/12/2006,BFI,WA,ANM,WE,Towers with Radar,40,108,108,5,261,0,46,374,3,423,40,154,482,8,684,360,0,360,1044
10/13/2006,BFI,WA,ANM,WE,Towers with Radar,42,98,143,3,286,9,98,338,2,447,51,196,481,5,733,406,2,408,1141
10/14/2006,BFI,WA,ANM,WE,Towers with Radar,13,64,92,0,169,0,80,147,1,228,13,144,239,1,397,12,0,12,409
10/15/2006,BFI,WA,ANM,WE,Towers with Radar,3,69,90,0,162,0,26,69,0,95,3,95,159,0,257,20,0,20,277
10/16/2006,BFI,WA,ANM,WE,Towers with Radar,31,116,91,2,240,0,86,187,5,278,31,202,278,7,518,214,2,216,734
10/17/2006,BFI,WA,ANM,WE,Towers with Radar,42,113,93,4,252,0,96,298,7,401,42,209,391,11,653,220,10,230,883
10/18/2006,BFI,WA,ANM,WE,Towers with Radar,31,112,102,9,254,0,71,131,0,202,31,183,233,9,456,94,6,100,556
10/19/2006,BFI,WA,ANM,WE,Towers with Radar,37,118,151,1,307,0,45,68,5,118,37,163,219,6,425,74,0,74,499
10/20/2006,BFI,WA,ANM,WE,Towers with Radar,33,110,94,3,240,2,99,291,0,392,35,209,385,3,632,456,14,470,1102
10/21/2006,BFI,WA,ANM,WE,Towers with Radar,19,56,68,4,147,0,84,366,4,454,19,140,434,8,601,310,2,312,913
10/22/2006,BFI,WA,ANM,WE,Towers with Radar,6,38,95,0,139,0,95,313,3,411,6,133,408,3,550,266,0,266,816
10/23/2006,BFI,WA,ANM,WE,Towers with Radar,23,93,89,3,208,0,77,221,3,301,23,170,310,6,509,184,0,184,693
10/24/2006,BFI,WA,ANM,WE,Towers with Radar,45,125,108,3,281,0,149,343,3,495,45,274,451,6,776,394,4,398,1174
10/25/2006,BFI,WA,ANM,WE,Towers with Radar,38,95,91,4,228,0,69,393,2,464,38,164,484,6,692,428,0,428,1120
10/26/2006,BFI,WA,ANM,WE,Towers with Radar,38,134,111,1,284,0,64,214,1,279,38,198,325,2,563,326,0,326,889
10/27/2006,BFI,WA,ANM,WE,Towers with Radar,45,123,98,0,266,0,47,234,0,281,45,170,332,0,547,374,0,374,921
10/28/2006,BFI,WA,ANM,WE,Towers with Radar,19,57,79,0,155,0,98,253,0,351,19,155,332,0,506,310,2,312,818
10/29/2006,BFI,WA,ANM,WE,Towers with Radar,4,44,60,2,110,0,63,116,0,179,4,107,176,2,289,114,0,114,403
10/30/2006,BFI,WA,ANM,WE,Towers with Radar,26,99,76,4,205,0,115,363,2,480,26,214,439,6,685,220,2,222,907
10/31/2006,BFI,WA,ANM,WE,Towers with Radar,38,94,76,0,208,0,131,295,22,448,38,225,371,22,656,382,0,382,1038
11/01/2006,BFI,WA,ANM,WE,Towers with Radar,34,102,104,2,242,0,88,354,0,442,34,190,458,2,684,400,26,426,1110
11/02/2006,BFI,WA,ANM,WE,Towers with Radar,44,114,102,0,260,0,67,134,6,207,44,181,236,6,467,262,0,262,729
11/03/2006,BFI,WA,ANM,WE,Towers with Radar,42,131,116,0,289,0,73,125,2,200,42,204,241,2,489,142,0,142,631
11/04/2006,BFI,WA,ANM,WE,Towers with Radar,19,65,60,1,145,0,53,130,0,183,19,118,190,1,328,176,0,176,504
11/05/2006,BFI,WA,ANM,WE,Towers with Radar,8,58,83,0,149,0,39,87,0,126,8,97,170,0,275,160,0,160,435
11/06/2006,BFI,WA,ANM,WE,Towers with Radar,33,114,75,0,222,0,43,56,0,99,33,157,131,0,321,0,0,0,321
11/07/2006,BFI,WA,ANM,WE,Towers with Radar,45,139,105,0,289,0,146,256,4,406,45,285,361,4,695,214,0,214,909
11/08/2006,BFI,WA,ANM,WE,Towers with Radar,43,115,90,1,249,0,63,357,3,423,43,178,447,4,672,404,0,404,1076
11/09/2006,BFI,WA,ANM,WE,Towers with Radar,40,121,118,3,282,0,59,238,1,298,40,180,356,4,580,320,6,326,906
11/10/2006,BFI,WA,ANM,WE,Towers with Radar,42,120,99,0,261,10,51,94,0,155,52,171,193,0,416,174,0,174,590
11/11/2006,BFI,WA,ANM,WE,Towers with Radar,19,49,36,0,104,0,103,248,0,351,19,152,284,0,455,190,0,190,645
11/12/2006,BFI,WA,ANM,WE,Towers with Radar,7,55,74,2,138,0,64,68,17,149,7,119,142,19,287,100,24,124,411
11/13/2006,BFI,WA,ANM,WE,Towers with Radar,23,101,73,2,199,0,84,125,3,212,23,185,198,5,411,62,6,68,479
11/14/2006,BFI,WA,ANM,WE,Towers with Radar,40,97,92,4,233,0,81,247,0,328,40,178,339,4,561,316,0,316,877
11/15/2006,BFI,WA,ANM,WE,Towers with Radar,42,103,82,0,227,0,39,113,0,152,42,142,195,0,379,92,0,92,471
11/16/2006,BFI,WA,ANM,WE,Towers with Radar,58,83,95,0,236,0,117,238,0,355,58,200,333,0,591,398,0,398,989
11/17/2006,BFI,WA,ANM,WE,Towers with Radar,50,92,104,1,247,0,97,280,1,378,50,189,384,2,625,372,0,372,997
11/18/2006,BFI,WA,ANM,WE,Towers with Radar,19,51,68,0,138,0,125,232,0,357,19,176,300,0,495,260,0,260,755
11/19/2006,BFI,WA,ANM,WE,Towers with Radar,8,52,76,2,138,0,65,175,0,240,8,117,251,2,378,148,0,148,526
11/20/2006,BFI,WA,ANM,WE,Towers with Radar,26,129,75,1,231,0,118,199,3,320,26,247,274,4,551,102,16,118,669
11/21/2006,BFI,WA,ANM,WE,Towers with Radar,63,143,70,2,278,0,88,128,6,222,63,231,198,8,500,127,0,127,627
11/22/2006,BFI,WA,ANM,WE,Towers with Radar,44,135,118,0,297,0,46,254,0,300,44,181,372,0,597,278,0,278,875
11/23/2006,BFI,WA,ANM,WE,Towers with Radar,8,36,24,0,68,0,17,25,0,42,8,53,49,0,110,0,0,0,110
11/24/2006,BFI,WA,ANM,WE,Towers with Radar,24,111,47,0,182,0,67,89,0,156,24,178,136,0,338,192,0,192,530
11/25/2006,BFI,WA,ANM,WE,Towers with Radar,11,56,58,0,125,0,112,236,0,348,11,168,294,0,473,110,0,110,583
11/26/2006,BFI,WA,ANM,WE,Towers with Radar,12,62,95,0,169,0,47,85,4,136,12,109,180,4,305,54,0,54,359
11/27/2006,BFI,WA,ANM,WE,Towers with Radar,22,129,85,0,236,0,72,66,1,139,22,201,151,1,375,96,2,98,473
11/28/2006,BFI,WA,ANM,WE,Towers with Radar,46,101,81,0,228,0,133,212,7,352,46,234,293,7,580,232,4,236,816
11/29/2006,BFI,WA,ANM,WE,Towers with Radar,49,119,82,0,250,0,149,211,0,360,49,268,293,0,610,376,0,376,986
11/30/2006,BFI,WA,ANM,WE,Towers with Radar,52,143,78,0,273,0,113,232,2,347,52,256,310,2,620,414,0,414,1034
12/01/2006,BFI,WA,ANM,WE,Towers with Radar,45,133,102,0,280,0,0,212,0,212,45,133,314,0,492,230,0,230,722
12/02/2006,BFI,WA,ANM,WE,Towers with Radar,25,50,48,1,124,0,44,279,1,324,25,94,327,2,448,280,0,280,728
12/03/2006,BFI,WA,ANM,WE,Towers with Radar,7,39,65,0,111,0,155,452,7,614,7,194,517,7,725,334,0,334,1059
12/04/2006,BFI,WA,ANM,WE,Towers with Radar,31,117,78,0,226,0,85,174,2,261,31,202,252,2,487,156,0,156,643
12/05/2006,BFI,WA,ANM,WE,Towers with Radar,57,117,94,2,270,0,105,221,14,340,57,222,315,16,610,368,16,384,994
12/06/2006,BFI,WA,ANM,WE,Towers with Radar,42,116,119,8,285,0,84,328,0,412,42,200,447,8,697,404,0,404,1101
12/07/2006,BFI,WA,ANM,WE,Towers with Radar,31,103,94,2,230,0,73,273,0,346,31,176,367,2,576,258,0,258,834
12/08/2006,BFI,WA,ANM,WE,Towers with Radar,36,117,84,2,239,6,95,274,2,377,42,212,358,4,616,354,0,354,970
12/09/2006,BFI,WA,ANM,WE,Towers with Radar,18,51,74,2,145,0,88,240,1,329,18,139,314,3,474,302,2,304,778
12/10/2006,BFI,WA,ANM,WE,Towers with Radar,6,63,64,0,133,0,119,196,0,315,6,182,260,0,448,140,0,140,588
12/11/2006,BFI,WA,ANM,WE,Towers with Radar,34,105,76,0,215,4,83,154,2,243,38,188,230,2,458,96,0,96,554
12/12/2006,BFI,WA,ANM,WE,Towers with Radar,50,117,72,6,245,0,85,248,0,333,50,202,320,6,578,276,0,276,854
12/13/2006,BFI,WA,ANM,WE,Towers with Radar,42,129,60,0,231,0,93,108,0,201,42,222,168,0,432,162,0,162,594
12/14/2006,BFI,WA,ANM,WE,Towers with Radar,46,81,58,1,186,0,32,91,0,123,46,113,149,1,309,64,0,64,373
12/15/2006,BFI,WA,ANM,WE,Towers with Radar,45,79,69,0,193,0,86,136,2,224,45,165,205,2,417,58,2,60,477
12/16/2006,BFI,WA,ANM,WE,Towers with Radar,18,52,62,3,135,0,108,289,1,398,18,160,351,4,533,168,4,172,705
12/17/2006,BFI,WA,ANM,WE,Towers with Radar,13,40,52,0,105,0,84,262,4,350,13,124,314,4,455,190,8,198,653
12/18/2006,BFI,WA,ANM,WE,Towers with Radar,31,85,84,3,203,0,126,249,1,376,31,211,333,4,579,180,0,180,759
12/19/2006,BFI,WA,ANM,WE,Towers with Radar,65,149,92,2,308,0,85,125,6,216,65,234,217,8,524,260,0,260,784
12/20/2006,BFI,WA,ANM,WE,Towers with Radar,49,116,79,2,246,0,124,181,4,309,49,240,260,6,555,306,0,306,861
12/21/2006,BFI,WA,ANM,WE,Towers with Radar,49,149,107,0,305,0,83,145,0,228,49,232,252,0,533,144,0,144,677
12/22/2006,BFI,WA,ANM,WE,Towers with Radar,51,139,78,0,268,0,92,207,0,299,51,231,285,0,567,316,0,316,883
12/23/2006,BFI,WA,ANM,WE,Towers with Radar,19,103,62,0,184,0,70,195,2,267,19,173,257,2,451,272,0,272,723
12/24/2006,BFI,WA,ANM,WE,Towers with Radar,4,54,32,0,90,0,151,101,0,252,4,205,133,0,342,70,0,70,412
12/25/2006,BFI,WA,ANM,WE,Towers with Radar,2,20,11,0,33,0,24,45,0,69,2,44,56,0,102,4,0,4,106
12/26/2006,BFI,WA,ANM,WE,Towers with Radar,13,137,101,0,251,0,86,154,3,243,13,223,255,3,494,228,0,228,722
12/27/2006,BFI,WA,ANM,WE,Towers with Radar,31,127,80,0,238,0,115,170,1,286,31,242,250,1,524,288,0,288,812
12/28/2006,BFI,WA,ANM,WE,Towers with Radar,30,104,58,2,194,0,77,296,0,373,30,181,354,2,567,294,20,314,881
12/29/2006,BFI,WA,ANM,WE,Towers with Radar,28,85,47,0,160,0,86,232,2,320,28,171,279,2,480,312,0,312,792
12/30/2006,BFI,WA,ANM,WE,Towers with Radar,11,47,53,0,111,0,41,279,15,335,11,88,332,15,446,160,0,160,606
12/31/2006,BFI,WA,ANM,WE,Towers with Radar,3,40,38,0,81,0,51,227,1,279,3,91,265,1,360,300,0,300,660
01/01/2007,BFI,WA,ANM,WE,Towers with Radar,1,64,64,0,129,0,76,114,0,190,1,140,178,0,319,106,0,106,425
01/02/2007,BFI,WA,ANM,WE,Towers with Radar,38,99,109,0,246,0,146,106,3,255,38,245,215,3,501,126,0,126,627
01/03/2007,BFI,WA,ANM,WE,Towers with Radar,31,113,70,5,219,0,143,252,30,425,31,256,322,35,644,312,34,346,990
01/04/2007,BFI,WA,ANM,WE,Towers with Radar,46,113,71,2,232,0,96,180,4,280,46,209,251,6,512,216,0,216,728
01/05/2007,BFI,WA,ANM,WE,Towers with Radar,41,68,103,0,212,0,91,4,0,95,41,159,107,0,307,46,0,46,353
01/06/2007,BFI,WA,ANM,WE,Towers with Radar,19,84,67,0,170,0,83,234,6,323,19,167,301,6,493,232,0,232,725
01/07/2007,BFI,WA,ANM,WE,Towers with Radar,9,70,40,0,119,0,84,165,0,249,9,154,205,0,368,124,0,124,492
01/08/2007,BFI,WA,ANM,WE,Towers with Radar,30,111,67,0,208,0,47,221,0,268,30,158,288,0,476,160,0,160,636
01/09/2007,BFI,WA,ANM,WE,Towers with Radar,42,98,70,0,210,0,63,162,0,225,42,161,232,0,435,200,0,200,635
01/10/2007,BFI,WA,ANM,WE,Towers with Radar,36,108,63,2,209,0,42,103,0,145,36,150,166,2,354,72,0,72,426
01/11/2007,BFI,WA,ANM,WE,Towers with Radar,33,98,112,2,245,0,100,174,2,276,33,198,286,4,521,122,0,122,643
01/12/2007,BFI,WA,ANM,WE,Towers with Radar,37,103,109,2,251,0,109,282,0,391,37,212,391,2,642,178,0,178,820
01/13/2007,BFI,WA,ANM,WE,Towers with Radar,13,58,58,2,131,0,84,143,0,227,13,142,201,2,358,300,0,300,658
01/14/2007,BFI,WA,ANM,WE,Towers with Radar,13,40,50,1,104,0,89,294,4,387,13,129,344,5,491,376,0,376,867
01/15/2007,BFI,WA,ANM,WE,Towers with Radar,36,68,95,3,202,0,102,315,3,420,36,170,410,6,622,310,0,310,932
01/16/2007,BFI,WA,ANM,WE,Towers with Radar,41,122,67,2,232,0,88,128,2,218,41,210,195,4,450,162,2,164,614
01/17/2007,BFI,WA,ANM,WE,Towers with Radar,42,137,84,4,267,0,37,291,0,328,42,174,375,4,595,286,0,286,881
01/18/2007,BFI,WA,ANM,WE,Towers with Radar,49,165,97,3,314,0,72,164,2,238,49,237,261,5,552,362,0,362,914
01/19/2007,BFI,WA,ANM,WE,Towers with Radar,46,124,88,3,261,0,70,105,0,175,46,194,193,3,436,236,0,236,672
01/20/2007,BFI,WA,ANM,WE,Towers with Radar,18,48,53,2,121,1,73,239,2,315,19,121,292,4,436,394,0,394,830
01/21/2007,BFI,WA,ANM,WE,Towers with Radar,12,49,65,1,127,2,64,234,2,302,14,113,299,3,429,304,0,304,733
01/22/2007,BFI,WA,ANM,WE,Towers with Radar,29,89,74,1,193,0,143,253,6,402,29,232,327,7,595,360,0,360,955
01/23/2007,BFI,WA,ANM,WE,Towers with Radar,49,99,92,7,247,0,96,287,5,388,49,195,379,12,635,382,0,382,1017
01/24/2007,BFI,WA,ANM,WE,Towers with Radar,53,105,93,1,252,0,92,288,5,385,53,197,381,6,637,298,0,298,935
01/25/2007,BFI,WA,ANM,WE,Towers with Radar,39,138,99,2,278,0,69,278,0,347,39,207,377,2,625,362,0,362,987
01/26/2007,BFI,WA,ANM,WE,Towers with Radar,50,129,81,1,261,0,81,289,0,370,50,210,370,1,631,314,0,314,945
01/27/2007,BFI,WA,ANM,WE,Towers with Radar,19,48,50,2,119,0,34,323,0,357,19,82,373,2,476,304,0,304,780
01/28/2007,BFI,WA,ANM,WE,Towers with Radar,11,44,71,2,128,0,98,379,3,480,11,142,450,5,608,320,0,320,928
01/29/2007,BFI,WA,ANM,WE,Towers with Radar,33,106,72,4,215,0,133,218,0,351,33,239,290,4,566,262,0,262,828
01/30/2007,BFI,WA,ANM,WE,Towers with Radar,44,109,99,1,253,0,86,305,1,392,44,195,404,2,645,334,0,334,979
01/31/2007,BFI,WA,ANM,WE,Towers with Radar,40,104,87,0,231,0,57,456,0,513,40,161,543,0,744,310,0,310,1054
02/01/2007,BFI,WA,ANM,WE,Towers with Radar,42,93,84,2,221,0,97,300,2,399,42,190,384,4,620,370,0,370,990
02/02/2007,BFI,WA,ANM,WE,Towers with Radar,40,87,67,0,194,0,124,334,0,458,40,211,401,0,652,340,0,340,992
02/03/2007,BFI,WA,ANM,WE,Towers with Radar,17,60,72,0,149,0,51,245,1,297,17,111,317,1,446,296,0,296,742
02/04/2007,BFI,WA,ANM,WE,Towers with Radar,5,50,45,0,100,0,13,98,0,111,5,63,143,0,211,166,0,166,377
02/05/2007,BFI,WA,ANM,WE,Towers with Radar,32,111,79,2,224,0,31,64,0,95,32,142,143,2,319,10,0,10,329
02/06/2007,BFI,WA,ANM,WE,Towers with Radar,36,112,91,0,239,0,99,133,0,232,36,211,224,0,471,216,0,216,687
02/07/2007,BFI,WA,ANM,WE,Towers with Radar,33,114,98,2,247,0,59,133,0,192,33,173,231,2,439,246,0,246,685
02/08/2007,BFI,WA,ANM,WE,Towers with Radar,50,112,89,2,253,0,103,250,0,353,50,215,339,2,606,340,0,340,946
02/09/2007,BFI,WA,ANM,WE,Towers with Radar,33,114,85,1,233,0,69,223,0,292,33,183,308,1,525,314,0,314,839
02/10/2007,BFI,WA,ANM,WE,Towers with Radar,13,36,57,3,109,0,60,345,0,405,13,96,402,3,514,310,0,310,824
02/11/2007,BFI,WA,ANM,WE,Towers with Radar,6,37,73,7,123,0,71,223,0,294,6,108,296,7,417,284,0,284,701
02/12/2007,BFI,WA,ANM,WE,Towers with Radar,28,92,79,0,199,0,113,233,1,347,28,205,312,1,546,280,0,280,826
02/13/2007,BFI,WA,ANM,WE,Towers with Radar,47,113,91,2,253,0,87,250,8,345,47,200,341,10,598,382,22,404,1002
02/14/2007,BFI,WA,ANM,WE,Towers with Radar,37,134,77,1,249,0,49,204,0,253,37,183,281,1,502,318,0,318,820
02/15/2007,BFI,WA,ANM,WE,Towers with Radar,41,126,79,1,247,0,83,137,4,224,41,209,216,5,471,146,0,146,617
02/16/2007,BFI,WA,ANM,WE,Towers with Radar,39,128,140,3,310,0,100,238,0,338,39,228,378,3,648,304,0,304,952
02/17/2007,BFI,WA,ANM,WE,Towers with Radar,15,64,72,0,151,0,35,323,0,358,15,99,395,0,509,426,0,426,935
02/18/2007,BFI,WA,ANM,WE,Towers with Radar,6,42,45,2,95,0,45,55,0,100,6,87,100,2,195,44,0,44,239
02/19/2007,BFI,WA,ANM,WE,Towers with Radar,25,86,71,2,184,5,92,176,2,275,30,178,247,4,459,102,0,102,561
02/20/2007,BFI,WA,ANM,WE,Towers with Radar,36,115,75,2,228,0,141,248,0,389,36,256,323,2,617,224,16,240,857
02/21/2007,BFI,WA,ANM,WE,Towers with Radar,45,97,76,5,223,0,182,314,0,496,45,279,390,5,719,200,20,220,939
02/22/2007,BFI,WA,ANM,WE,Towers with Radar,42,110,90,0,242,0,86,195,8,289,42,196,285,8,531,210,0,210,741
02/23/2007,BFI,WA,ANM,WE,Towers with Radar,29,114,85,1,229,2,42,152,1,197,31,156,237,2,426,200,0,200,626
02/24/2007,BFI,WA,ANM,WE,Towers with Radar,13,62,59,1,135,0,112,182,0,294,13,174,241,1,429,230,2,232,661
02/25/2007,BFI,WA,ANM,WE,Towers with Radar,7,54,96,2,159,0,79,166,8,253,7,133,262,10,412,288,2,290,702
02/26/2007,BFI,WA,ANM,WE,Towers with Radar,27,124,75,4,230,0,101,176,1,278,27,225,251,5,508,222,6,228,736
02/27/2007,BFI,WA,ANM,WE,Towers with Radar,61,123,70,5,259,0,115,311,3,429,61,238,381,8,688,364,0,364,1052
02/28/2007,BFI,WA,ANM,WE,Towers with Radar,36,122,84,5,247,0,60,137,0,197,36,182,221,5,444,144,0,144,588
03/01/2007,BFI,WA,ANM,WE,Towers with Radar,53,110,89,2,254,0,87,232,4,323,53,197,321,6,577,314,20,334,911
03/02/2007,BFI,WA,ANM,WE,Towers with Radar,37,123,87,3,250,0,52,114,0,166,37,175,201,3,416,242,0,242,658
03/03/2007,BFI,WA,ANM,WE,Towers with Radar,20,53,68,2,143,0,64,172,0,236,20,117,240,2,379,194,0,194,573
03/04/2007,BFI,WA,ANM,WE,Towers with Radar,19,48,95,0,162,3,110,358,0,471,22,158,453,0,633,346,0,346,979
03/05/2007,BFI,WA,ANM,WE,Towers with Radar,43,88,85,4,220,0,113,236,1,350,43,201,321,5,570,178,6,184,754
03/06/2007,BFI,WA,ANM,WE,Towers with Radar,40,102,91,3,236,0,131,313,4,448,40,233,404,7,684,352,0,352,1036
03/07/2007,BFI,WA,ANM,WE,Towers with Radar,37,112,106,1,256,0,43,229,3,275,37,155,335,4,531,256,0,256,787
03/08/2007,BFI,WA,ANM,WE,Towers with Radar,38,125,99,0,262,0,64,106,4,174,38,189,205,4,436,90,0,90,526
03/09/2007,BFI,WA,ANM,WE,Towers with Radar,43,114,115,1,273,5,106,210,2,323,48,220,325,3,596,340,0,340,936
03/10/2007,BFI,WA,ANM,WE,Towers with Radar,15,46,65,1,127,2,62,128,11,203,17,108,193,12,330,230,2,232,562
03/11/2007,BFI,WA,ANM,WE,Towers with Radar,8,65,53,0,126,0,18,53,0,71,8,83,106,0,197,116,0,116,313
03/12/2007,BFI,WA,ANM,WE,Towers with Radar,28,117,89,2,236,0,93,169,2,264,28,210,258,4,500,172,0,172,672
03/13/2007,BFI,WA,ANM,WE,Towers with Radar,56,123,73,0,252,0,94,346,17,457,56,217,419,17,709,338,0,338,1047
03/14/2007,BFI,WA,ANM,WE,Towers with Radar,49,115,92,2,258,0,95,423,4,522,49,210,515,6,780,320,12,332,1112
03/15/2007,BFI,WA,ANM,WE,Towers with Radar,41,101,89,0,231,0,96,301,0,397,41,197,390,0,628,334,0,334,962
03/16/2007,BFI,WA,ANM,WE,Towers with Radar,39,91,86,0,216,0,99,317,3,419,39,190,403,3,635,380,0,380,1015
03/17/2007,BFI,WA,ANM,WE,Towers with Radar,14,59,95,0,168,0,59,161,8,228,14,118,256,8,396,274,0,274,670
03/18/2007,BFI,WA,ANM,WE,Towers with Radar,6,65,77,2,150,2,53,256,3,314,8,118,333,5,464,310,0,310,774
03/19/2007,BFI,WA,ANM,WE,Towers with Radar,25,119,81,2,227,0,101,206,0,307,25,220,287,2,534,148,2,150,684
03/20/2007,BFI,WA,ANM,WE,Towers with Radar,40,138,73,3,254,0,71,271,4,346,40,209,344,7,600,286,0,286,886
03/21/2007,BFI,WA,ANM,WE,Towers with Radar,40,121,93,1,255,0,63,448,1,512,40,184,541,2,767,510,0,510,1277
03/22/2007,BFI,WA,ANM,WE,Towers with Radar,50,122,99,1,272,0,55,154,3,212,50,177,253,4,484,224,0,224,708
03/23/2007,BFI,WA,ANM,WE,Towers with Radar,27,145,104,2,278,0,83,178,1,262,27,228,282,3,540,274,0,274,814
03/24/2007,BFI,WA,ANM,WE,Towers with Radar,15,62,69,0,146,0,22,36,0,58,15,84,105,0,204,10,0,10,214
03/25/2007,BFI,WA,ANM,WE,Towers with Radar,2,45,87,0,134,0,104,195,6,305,2,149,282,6,439,222,2,224,663
03/26/2007,BFI,WA,ANM,WE,Towers with Radar,29,94,72,0,195,0,194,383,0,577,29,288,455,0,772,390,0,390,1162
03/27/2007,BFI,WA,ANM,WE,Towers with Radar,41,119,87,1,248,0,122,280,0,402,41,241,367,1,650,422,0,422,1072
03/28/2007,BFI,WA,ANM,WE,Towers with Radar,44,97,114,8,263,0,186,352,0,538,44,283,466,8,801,406,0,406,1207
03/29/2007,BFI,WA,ANM,WE,Towers with Radar,47,82,110,5,244,0,88,377,0,465,47,170,487,5,709,384,0,384,1093
03/30/2007,BFI,WA,ANM,WE,Towers with Radar,35,109,71,1,216,0,129,279,1,409,35,238,350,2,625,230,0,230,855
03/31/2007,BFI,WA,ANM,WE,Towers with Radar,16,59,74,0,149,3,61,222,6,292,19,120,296,6,441,298,0,298,739
04/01/2007,BFI,WA,ANM,WE,Towers with Radar,6,57,83,3,149,1,64,216,0,281,7,121,299,3,430,340,20,360,790
04/02/2007,BFI,WA,ANM,WE,Towers with Radar,21,102,59,2,184,0,97,227,1,325,21,199,286,3,509,180,18,198,707
04/03/2007,BFI,WA,ANM,WE,Towers with Radar,40,99,65,0,204,2,105,402,3,512,42,204,467,3,716,368,0,368,1084
04/04/2007,BFI,WA,ANM,WE,Towers with Radar,47,99,93,0,239,0,75,247,0,322,47,174,340,0,561,338,0,338,899
04/05/2007,BFI,WA,ANM,WE,Towers with Radar,42,91,90,4,227,0,107,249,4,360,42,198,339,8,587,282,4,286,873
04/06/2007,BFI,WA,ANM,WE,Towers with Radar,35,102,91,1,229,0,79,397,2,478,35,181,488,3,707,322,0,322,1029
04/07/2007,BFI,WA,ANM,WE,Towers with Radar,17,56,57,2,132,0,27,230,0,257,17,83,287,2,389,318,2,320,709
04/08/2007,BFI,WA,ANM,WE,Towers with Radar,2,31,57,0,90,0,38,149,0,187,2,69,206,0,277,198,0,198,475
04/09/2007,BFI,WA,ANM,WE,Towers with Radar,20,96,57,0,173,0,66,139,0,205,20,162,196,0,378,118,0,118,496
04/10/2007,BFI,WA,ANM,WE,Towers with Radar,47,99,91,2,239,0,103,304,3,410,47,202,395,5,649,338,0,338,987
04/11/2007,BFI,WA,ANM,WE,Towers with Radar,36,101,86,4,227,0,83,262,0,345,36,184,348,4,572,336,26,362,934
04/12/2007,BFI,WA,ANM,WE,Towers with Radar,44,110,108,0,262,0,92,246,5,343,44,202,354,5,605,382,0,382,987
04/13/2007,BFI,WA,ANM,WE,Towers with Radar,32,87,101,0,220,0,116,239,4,359,32,203,340,4,579,310,0,310,889
04/14/2007,BFI,WA,ANM,WE,Towers with Radar,16,48,85,1,150,0,32,230,1,263,16,80,315,2,413,226,2,228,641
04/15/2007,BFI,WA,ANM,WE,Towers with Radar,9,42,82,0,133,0,64,243,2,309,9,106,325,2,442,252,0,252,694
04/16/2007,BFI,WA,ANM,WE,Towers with Radar,31,108,78,2,219,0,109,182,4,295,31,217,260,6,514,194,2,196,710
04/17/2007,BFI,WA,ANM,WE,Towers with Radar,50,102,99,0,251,0,131,230,6,367,50,233,329,6,618,284,0,284,902
04/18/2007,BFI,WA,ANM,WE,Towers with Radar,36,125,85,3,249,0,41,192,1,234,36,166,277,4,483,242,0,242,725
04/19/2007,BFI,WA,ANM,WE,Towers with Radar,34,105,108,1,248,0,100,249,2,351,34,205,357,3,599,252,0,252,851
04/20/2007,BFI,WA,ANM,WE,Towers with Radar,38,84,97,6,225,0,127,351,1,479,38,211,448,7,704,312,0,312,1016
04/21/2007,BFI,WA,ANM,WE,Towers with Radar,11,41,51,0,103,0,64,348,1,413,11,105,399,1,516,348,0,348,864
04/22/2007,BFI,WA,ANM,WE,Towers with Radar,1,42,82,2,127,0,113,386,1,500,1,155,468,3,627,274,4,278,905
04/23/2007,BFI,WA,ANM,WE,Towers with Radar,35,102,107,0,244,0,102,281,0,383,35,204,388,0,627,252,0,252,879
04/24/2007,BFI,WA,ANM,WE,Towers with Radar,34,117,123,1,275,0,96,192,5,293,34,213,315,6,568,218,10,228,796
04/25/2007,BFI,WA,ANM,WE,Towers with Radar,33,118,111,0,262,0,68,323,0,391,33,186,434,0,653,142,0,142,795
04/26/2007,BFI,WA,ANM,WE,Towers with Radar,36,116,104,3,259,0,85,228,1,314,36,201,332,4,573,296,0,296,869
04/27/2007,BFI,WA,ANM,WE,Towers with Radar,31,126,117,1,275,0,71,196,6,273,31,197,313,7,548,324,2,326,874
04/28/2007,BFI,WA,ANM,WE,Towers with Radar,9,41,60,3,113,0,107,389,5,501,9,148,449,8,614,322,8,330,944
04/29/2007,BFI,WA,ANM,WE,Towers with Radar,7,27,73,8,115,0,80,384,0,464,7,107,457,8,579,372,0,372,951
04/30/2007,BFI,WA,ANM,WE,Towers with Radar,24,91,94,0,209,0,116,354,0,470,24,207,448,0,679,274,0,274,953
05/01/2007,BFI,WA,ANM,WE,Towers with Radar,37,121,84,2,244,0,95,278,1,374,37,216,362,3,618,404,2,406,1024
05/02/2007,BFI,WA,ANM,WE,Towers with Radar,35,110,110,0,255,7,88,157,0,252,42,198,267,0,507,212,0,212,719
05/03/2007,BFI,WA,ANM,WE,Towers with Radar,38,101,92,2,233,0,116,241,2,359,38,217,333,4,592,252,0,252,844
05/04/2007,BFI,WA,ANM,WE,Towers with Radar,30,89,90,0,209,0,76,279,2,357,30,165,369,2,566,362,0,362,928
05/05/2007,BFI,WA,ANM,WE,Towers with Radar,8,37,59,2,106,0,83,395,0,478,8,120,454,2,584,298,0,298,882
05/06/2007,BFI,WA,ANM,WE,Towers with Radar,2,48,73,3,126,0,93,253,4,350,2,141,326,7,476,318,0,318,794
05/07/2007,BFI,WA,ANM,WE,Towers with Radar,25,87,92,3,207,0,98,345,8,451,25,185,437,11,658,390,12,402,1060
05/08/2007,BFI,WA,ANM,WE,Towers with Radar,38,80,69,2,189,0,108,257,0,365,38,188,326,2,554,242,0,242,796
05/09/2007,BFI,WA,ANM,WE,Towers with Radar,32,91,100,0,223,0,77,324,0,401,32,168,424,0,624,234,0,234,858
05/10/2007,BFI,WA,ANM,WE,Towers with Radar,34,90,102,1,227,0,110,338,7,455,34,200,440,8,682,348,14,362,1044
05/11/2007,BFI,WA,ANM,WE,Towers with Radar,36,79,92,4,211,0,123,329,0,452,36,202,421,4,663,450,0,450,1113
05/12/2007,BFI,WA,ANM,WE,Towers with Radar,13,39,58,2,112,0,74,385,3,462,13,113,443,5,574,308,4,312,886
05/13/2007,BFI,WA,ANM,WE,Towers with Radar,5,47,95,0,147,6,73,267,1,347,11,120,362,1,494,256,6,262,756
05/14/2007,BFI,WA,ANM,WE,Towers with Radar,26,79,77,1,183,0,109,385,1,495,26,188,462,2,678,392,0,392,1070
05/15/2007,BFI,WA,ANM,WE,Towers with Radar,45,111,109,1,266,0,121,429,0,550,45,232,538,1,816,396,0,396,1212
05/16/2007,BFI,WA,ANM,WE,Towers with Radar,35,118,107,0,260,0,94,255,2,351,35,212,362,2,611,352,0,352,963
05/17/2007,BFI,WA,ANM,WE,Towers with Radar,41,112,126,1,280,1,99,225,17,342,42,211,351,18,622,248,20,268,890
05/18/2007,BFI,WA,ANM,WE,Towers with Radar,37,85,96,1,219,0,130,347,8,485,37,215,443,9,704,316,0,316,1020
05/19/2007,BFI,WA,ANM,WE,Towers with Radar,20,52,56,0,128,0,55,203,0,258,20,107,259,0,386,200,0,200,586
05/20/2007,BFI,WA,ANM,WE,Towers with Radar,9,60,67,0,136,0,47,177,2,226,9,107,244,2,362,162,0,162,524
05/21/2007,BFI,WA,ANM,WE,Towers with Radar,19,116,93,0,228,0,119,215,4,338,19,235,308,4,566,132,2,134,700
05/22/2007,BFI,WA,ANM,WE,Towers with Radar,36,104,107,0,247,0,121,354,0,475,36,225,461,0,722,360,0,360,1082
05/23/2007,BFI,WA,ANM,WE,Towers with Radar,40,102,120,0,262,0,57,408,0,465,40,159,528,0,727,266,0,266,993
05/24/2007,BFI,WA,ANM,WE,Towers with Radar,41,85,110,1,237,0,90,351,1,442,41,175,461,2,679,252,0,252,931
05/25/2007,BFI,WA,ANM,WE,Towers with Radar,29,87,111,4,231,12,161,480,1,654,41,248,591,5,885,382,0,382,1267
05/26/2007,BFI,WA,ANM,WE,Towers with Radar,8,51,46,9,114,0,78,324,4,406,8,129,370,13,520,418,8,426,946
05/27/2007,BFI,WA,ANM,WE,Towers with Radar,2,51,42,4,99,12,31,120,2,165,14,82,162,6,264,122,0,122,386
05/28/2007,BFI,WA,ANM,WE,Towers with Radar,4,53,82,0,139,2,119,303,1,425,6,172,385,1,564,182,4,186,750
05/29/2007,BFI,WA,ANM,WE,Towers with Radar,27,94,79,3,203,4,143,406,0,553,31,237,485,3,756,392,0,392,1148
05/30/2007,BFI,WA,ANM,WE,Towers with Radar,41,85,96,2,224,0,86,338,4,428,41,171,434,6,652,340,4,344,996
05/31/2007,BFI,WA,ANM,WE,Towers with Radar,35,102,119,3,259,0,106,284,3,393,35,208,403,6,652,306,0,306,958
06/01/2007,BFI,WA,ANM,WE,Towers with Radar,33,72,102,4,211,2,155,298,0,455,35,227,400,4,666,354,0,354,1020
06/02/2007,BFI,WA,ANM,WE,Towers with Radar,9,42,43,4,98,0,113,397,0,510,9,155,440,4,608,286,24,310,918
06/03/2007,BFI,WA,ANM,WE,Towers with Radar,5,59,76,1,141,7,85,324,5,421,12,144,400,6,562,188,4,192,754
06/04/2007,BFI,WA,ANM,WE,Towers with Radar,26,106,84,2,218,0,108,198,0,306,26,214,282,2,524,184,0,184,708
06/05/2007,BFI,WA,ANM,WE,Towers with Radar,43,131,109,1,284,0,114,282,0,396,43,245,391,1,680,356,0,356,1036
06/06/2007,BFI,WA,ANM,WE,Towers with Radar,38,117,117,0,272,0,102,210,4,316,38,219,327,4,588,258,6,264,852
06/07/2007,BFI,WA,ANM,WE,Towers with Radar,36,126,119,0,281,2,37,224,0,263,38,163,343,0,544,250,0,250,794
06/08/2007,BFI,WA,ANM,WE,Towers with Radar,39,107,113,0,259,0,99,411,6,516,39,206,524,6,775,328,0,328,1103
06/09/2007,BFI,WA,ANM,WE,Towers with Radar,13,73,64,0,150,0,45,75,0,120,13,118,139,0,270,88,0,88,358
06/10/2007,BFI,WA,ANM,WE,Towers with Radar,5,54,84,4,147,3,56,120,2,181,8,110,204,6,328,150,0,150,478
06/11/2007,BFI,WA,ANM,WE,Towers with Radar,30,111,140,3,284,2,102,202,1,307,32,213,342,4,591,244,6,250,841
06/12/2007,BFI,WA,ANM,WE,Towers with Radar,44,102,88,2,236,0,109,420,1,530,44,211,508,3,766,458,0,458,1224
06/13/2007,BFI,WA,ANM,WE,Towers with Radar,45,119,110,4,278,0,54,259,0,313,45,173,369,4,591,248,0,248,839
06/14/2007,BFI,WA,ANM,WE,Towers with Radar,36,112,116,2,266,0,113,325,6,444,36,225,441,8,710,324,0,324,1034
06/15/2007,BFI,WA,ANM,WE,Towers with Radar,37,134,106,3,280,0,126,268,2,396,37,260,374,5,676,300,0,300,976
06/16/2007,BFI,WA,ANM,WE,Towers with Radar,14,55,63,7,139,0,41,372,9,422,14,96,435,16,561,258,6,264,825
06/17/2007,BFI,WA,ANM,WE,Towers with Radar,3,62,114,1,180,2,28,160,0,190,5,90,274,1,370,170,0,170,540
06/18/2007,BFI,WA,ANM,WE,Towers with Radar,25,119,127,1,272,0,96,296,2,394,25,215,423,3,666,330,0,330,996
06/19/2007,BFI,WA,ANM,WE,Towers with Radar,44,89,94,0,227,0,134,400,1,535,44,223,494,1,762,362,0,362,1124
06/20/2007,BFI,WA,ANM,WE,Towers with Radar,39,103,88,4,234,10,99,350,2,461,49,202,438,6,695,298,8,306,1001
06/21/2007,BFI,WA,ANM,WE,Towers with Radar,39,128,119,3,289,0,91,264,2,357,39,219,383,5,646,316,40,356,1002
06/22/2007,BFI,WA,ANM,WE,Towers with Radar,33,115,137,4,289,4,144,284,2,434,37,259,421,6,723,340,0,340,1063
06/23/2007,BFI,WA,ANM,WE,Towers with Radar,11,40,81,7,139,0,54,391,0,445,11,94,472,7,584,302,2,304,888
06/24/2007,BFI,WA,ANM,WE,Towers with Radar,17,54,84,1,156,6,70,180,13,269,23,124,264,14,425,124,0,124,549
06/25/2007,BFI,WA,ANM,WE,Towers with Radar,29,77,107,2,215,0,154,299,3,456,29,231,406,5,671,248,0,248,919
06/26/2007,BFI,WA,ANM,WE,Towers with Radar,50,95,84,3,232,0,144,405,0,549,50,239,489,3,781,430,0,430,1211
06/27/2007,BFI,WA,ANM,WE,Towers with Radar,51,110,111,13,285,0,125,427,4,556,51,235,538,17,841,326,0,326,1167
06/28/2007,BFI,WA,ANM,WE,Towers with Radar,40,122,118,6,286,0,59,207,2,268,40,181,325,8,554,284,0,284,838
06/29/2007,BFI,WA,ANM,WE,Towers with Radar,42,119,138,7,306,0,57,252,0,309,42,176,390,7,615,280,0,280,895
06/30/2007,BFI,WA,ANM,WE,Towers with Radar,17,41,85,9,152,0,123,354,5,482,17,164,439,14,634,328,12,340,974
07/01/2007,BFI,WA,ANM,WE,Towers with Radar,7,48,76,2,133,0,80,398,2,480,7,128,474,4,613,338,0,338,951
07/02/2007,BFI,WA,ANM,WE,Towers with Radar,27,74,71,1,173,2,117,330,3,452,29,191,401,4,625,316,0,316,941
07/03/2007,BFI,WA,ANM,WE,Towers with Radar,42,90,58,2,192,0,163,390,2,555,42,253,448,4,747,456,0,456,1203
07/04/2007,BFI,WA,ANM,WE,Towers with Radar,4,35,37,0,76,0,97,279,10,386,4,132,316,10,462,132,0,132,594
07/05/2007,BFI,WA,ANM,WE,Towers with Radar,29,76,88,5,198,0,137,291,3,431,29,213,379,8,629,280,0,280,909
07/06/2007,BFI,WA,ANM,WE,Towers with Radar,30,87,101,4,222,0,109,407,0,516,30,196,508,4,738,292,0,292,1030
07/07/2007,BFI,WA,ANM,WE,Towers with Radar,28,50,73,1,152,26,95,380,2,503,54,145,453,3,655,302,0,302,957
07/08/2007,BFI,WA,ANM,WE,Towers with Radar,2,43,109,1,155,2,79,295,1,377,4,122,404,2,532,200,0,200,732
07/09/2007,BFI,WA,ANM,WE,Towers with Radar,37,96,99,6,238,0,174,398,7,579,37,270,497,13,817,228,30,258,1075
07/10/2007,BFI,WA,ANM,WE,Towers with Radar,34,75,66,0,175,0,128,366,12,506,34,203,432,12,681,390,0,390,1071
07/11/2007,BFI,WA,ANM,WE,Towers with Radar,42,81,105,2,230,0,32,460,0,492,42,113,565,2,722,228,0,228,950
07/12/2007,BFI,WA,ANM,WE,Towers with Radar,38,87,118,2,245,0,104,321,2,427,38,191,439,4,672,260,0,260,932
07/13/2007,BFI,WA,ANM,WE,Towers with Radar,40,113,122,4,279,0,106,304,3,413,40,219,426,7,692,320,0,320,1012
07/14/2007,BFI,WA,ANM,WE,Towers with Radar,14,49,74,2,139,0,231,285,2,518,14,280,359,4,657,230,2,232,889
07/15/2007,BFI,WA,ANM,WE,Towers with Radar,2,43,90,0,135,0,97,369,4,470,2,140,459,4,605,212,0,212,817
07/16/2007,BFI,WA,ANM,WE,Towers with Radar,30,100,118,7,255,0,213,366,0,579,30,313,484,7,834,300,0,300,1134
07/17/2007,BFI,WA,ANM,WE,Towers with Radar,38,105,121,4,268,0,132,428,7,567,38,237,549,11,835,386,0,386,1221
07/18/2007,BFI,WA,ANM,WE,Towers with Radar,42,113,175,1,331,0,80,140,5,225,42,193,315,6,556,274,6,280,836
07/19/2007,BFI,WA,ANM,WE,Towers with Radar,44,109,135,6,294,0,40,168,2,210,44,149,303,8,504,224,0,224,728
07/20/2007,BFI,WA,ANM,WE,Towers with Radar,37,132,136,0,305,0,41,243,3,287,37,173,379,3,592,232,0,232,824
07/21/2007,BFI,WA,ANM,WE,Towers with Radar,12,75,104,8,199,0,57,245,0,302,12,132,349,8,501,180,0,180,681
07/22/2007,BFI,WA,ANM,WE,Towers with Radar,4,58,122,2,186,6,52,142,4,204,10,110,264,6,390,126,0,126,516
07/23/2007,BFI,WA,ANM,WE,Towers with Radar,29,144,130,0,303,0,94,204,2,300,29,238,334,2,603,330,0,330,933
07/24/2007,BFI,WA,ANM,WE,Towers with Radar,50,94,87,0,231,0,127,442,4,573,50,221,529,4,804,386,0,386,1190
07/25/2007,BFI,WA,ANM,WE,Towers with Radar,41,112,98,3,254,0,153,345,0,498,41,265,443,3,752,390,0,390,1142
07/26/2007,BFI,WA,ANM,WE,Towers with Radar,48,108,146,8,310,0,137,175,0,312,48,245,321,8,622,218,0,218,840
07/27/2007,BFI,WA,ANM,WE,Towers with Radar,30,76,96,10,212,0,132,376,5,513,30,208,472,15,725,276,0,276,1001
07/28/2007,BFI,WA,ANM,WE,Towers with Radar,10,63,87,6,166,0,53,362,0,415,10,116,449,6,581,240,2,242,823
07/29/2007,BFI,WA,ANM,WE,Towers with Radar,7,71,111,3,192,5,137,261,3,406,12,208,372,6,598,192,2,194,792
07/30/2007,BFI,WA,ANM,WE,Towers with Radar,30,88,110,1,229,4,95,304,3,406,34,183,414,4,635,116,2,118,753
07/31/2007,BFI,WA,ANM,WE,Towers with Radar,45,82,79,2,208,0,153,471,6,630,45,235,550,8,838,328,0,328,1166
08/01/2007,BFI,WA,ANM,WE,Towers with Radar,40,99,97,14,250,10,178,464,8,660,50,277,561,22,910,220,8,228,1138
08/02/2007,BFI,WA,ANM,WE,Towers with Radar,38,85,106,9,238,7,130,397,27,561,45,215,503,36,799,181,5,186,985
08/03/2007,BFI,WA,ANM,WE,Towers with Radar,36,118,189,5,348,0,85,198,17,300,36,203,387,22,648,266,16,282,930
08/04/2007,BFI,WA,ANM,WE,Towers with Radar,21,53,57,2,133,0,51,235,9,295,21,104,292,11,428,202,8,210,638
08/05/2007,BFI,WA,ANM,WE,Towers with Radar,8,64,92,5,169,4,26,164,24,218,12,90,256,29,387,172,4,176,563
08/06/2007,BFI,WA,ANM,WE,Towers with Radar,28,133,129,6,296,0,46,249,26,321,28,179,378,32,617,234,8,242,859
08/07/2007,BFI,WA,ANM,WE,Towers with Radar,34,146,145,2,327,0,77,238,2,317,34,223,383,4,644,288,0,288,932
08/08/2007,BFI,WA,ANM,WE,Towers with Radar,43,118,132,3,296,0,36,356,0,392,43,154,488,3,688,208,0,208,896
08/09/2007,BFI,WA,ANM,WE,Towers with Radar,44,113,123,5,285,0,106,352,0,458,44,219,475,5,743,257,0,257,1000
08/10/2007,BFI,WA,ANM,WE,Towers with Radar,33,101,166,11,311,0,139,247,5,391,33,240,413,16,702,328,0,328,1030
08/11/2007,BFI,WA,ANM,WE,Towers with Radar,19,45,76,2,142,0,54,340,0,394,19,99,416,2,536,208,0,208,744
08/12/2007,BFI,WA,ANM,WE,Towers with Radar,11,52,115,10,188,0,48,235,12,295,11,100,350,22,483,142,0,142,625
08/13/2007,BFI,WA,ANM,WE,Towers with Radar,36,86,81,3,206,0,26,365,0,391,36,112,446,3,597,278,0,278,875
08/14/2007,BFI,WA,ANM,WE,Towers with Radar,41,114,89,0,244,0,126,469,4,599,41,240,558,4,843,396,0,396,1239
08/15/2007,BFI,WA,ANM,WE,Towers with Radar,37,93,91,4,225,0,99,387,0,486,37,192,478,4,711,242,0,242,953
08/16/2007,BFI,WA,ANM,WE,Towers with Radar,37,101,93,1,232,0,61,315,7,383,37,162,408,8,615,166,0,166,781
08/17/2007,BFI,WA,ANM,WE,Towers with Radar,26,89,121,4,240,0,110,405,0,515,26,199,526,4,755,310,0,310,1065
08/18/2007,BFI,WA,ANM,WE,Towers with Radar,8,64,97,0,169,0,75,250,2,327,8,139,347,2,496,208,0,208,704
08/19/2007,BFI,WA,ANM,WE,Towers with Radar,7,46,126,0,179,11,108,250,0,369,18,154,376,0,548,200,0,200,748
08/20/2007,BFI,WA,ANM,WE,Towers with Radar,29,116,131,0,276,0,109,199,1,309,29,225,330,1,585,280,0,280,865
08/21/2007,BFI,WA,ANM,WE,Towers with Radar,34,131,137,4,306,0,102,360,1,463,34,233,497,5,769,308,0,308,1077
08/22/2007,BFI,WA,ANM,WE,Towers with Radar,32,95,115,1,243,0,90,452,7,549,32,185,567,8,792,384,0,384,1176
08/23/2007,BFI,WA,ANM,WE,Towers with Radar,43,95,108,2,248,0,172,472,26,670,43,267,580,28,918,324,0,324,1242
08/24/2007,BFI,WA,ANM,WE,Towers with Radar,42,90,106,7,245,0,172,405,31,608,42,262,511,38,853,422,0,422,1275
08/25/2007,BFI,WA,ANM,WE,Towers with Radar,14,55,90,1,160,0,46,229,0,275,14,101,319,1,435,286,2,288,723
08/26/2007,BFI,WA,ANM,WE,Towers with Radar,5,60,122,0,187,5,74,226,0,305,10,134,348,0,492,222,0,222,714
08/27/2007,BFI,WA,ANM,WE,Towers with Radar,25,90,98,2,215,0,116,303,0,419,25,206,401,2,634,220,0,220,854
08/28/2007,BFI,WA,ANM,WE,Towers with Radar,48,111,102,0,261,0,115,500,2,617,48,226,602,2,878,398,0,398,1276
08/29/2007,BFI,WA,ANM,WE,Towers with Radar,46,90,131,0,267,0,85,428,4,517,46,175,559,4,784,358,0,358,1142
08/30/2007,BFI,WA,ANM,WE,Towers with Radar,36,92,110,2,240,9,110,415,4,538,45,202,525,6,778,310,0,310,1088
08/31/2007,BFI,WA,ANM,WE,Towers with Radar,37,100,120,1,258,1,130,280,6,417,38,230,400,7,675,292,0,292,967
09/01/2007,BFI,WA,ANM,WE,Towers with Radar,8,47,54,0,109,0,91,333,2,426,8,138,387,2,535,206,0,206,741
09/02/2007,BFI,WA,ANM,WE,Towers with Radar,0,30,75,2,107,2,72,263,4,341,2,102,338,6,448,174,2,176,624
09/03/2007,BFI,WA,ANM,WE,Towers with Radar,1,48,102,1,152,0,98,291,5,394,1,146,393,6,546,166,2,168,714
09/04/2007,BFI,WA,ANM,WE,Towers with Radar,23,138,136,7,304,0,85,236,0,321,23,223,372,7,625,318,0,318,943
09/05/2007,BFI,WA,ANM,WE,Towers with Radar,50,116,130,8,304,0,119,250,4,373,50,235,380,12,677,492,8,500,1177
09/06/2007,BFI,WA,ANM,WE,Towers with Radar,47,114,135,2,298,0,104,270,0,374,47,218,405,2,672,424,0,424,1096
09/07/2007,BFI,WA,ANM,WE,Towers with Radar,37,91,133,4,265,0,157,275,0,432,37,248,408,4,697,318,0,318,1015
09/08/2007,BFI,WA,ANM,WE,Towers with Radar,24,43,86,7,160,0,75,305,13,393,24,118,391,20,553,252,10,262,815
09/09/2007,BFI,WA,ANM,WE,Towers with Radar,10,42,124,4,180,0,68,340,2,410,10,110,464,6,590,214,6,220,810
09/10/2007,BFI,WA,ANM,WE,Towers with Radar,19,93,87,2,201,0,148,370,3,521,19,241,457,5,722,398,0,398,1120
09/11/2007,BFI,WA,ANM,WE,Towers with Radar,32,102,98,2,234,0,109,441,2,552,32,211,539,4,786,374,0,374,1160
09/12/2007,BFI,WA,ANM,WE,Towers with Radar,46,114,125,0,285,0,107,249,0,356,46,221,374,0,641,258,0,258,899
09/13/2007,BFI,WA,ANM,WE,Towers with Radar,39,99,148,0,286,5,57,304,0,366,44,156,452,0,652,184,0,184,836
09/14/2007,BFI,WA,ANM,WE,Towers with Radar,29,131,126,5,291,0,76,301,0,377,29,207,427,5,668,316,0,316,984
09/15/2007,BFI,WA,ANM,WE,Towers with Radar,10,58,74,0,142,0,31,213,0,244,10,89,287,0,386,262,0,262,648
09/16/2007,BFI,WA,ANM,WE,Towers with Radar,8,64,91,1,164,0,48,79,1,128,8,112,170,2,292,192,0,192,484
09/17/2007,BFI,WA,ANM,WE,Towers with Radar,21,115,118,1,255,0,58,106,2,166,21,173,224,3,421,262,4,266,687
09/18/2007,BFI,WA,ANM,WE,Towers with Radar,32,114,132,0,278,0,110,337,1,448,32,224,469,1,726,418,0,418,1144
09/19/2007,BFI,WA,ANM,WE,Towers with Radar,32,130,102,1,265,0,111,265,1,377,32,241,367,2,642,282,0,282,924
09/20/2007,BFI,WA,ANM,WE,Towers with Radar,35,114,144,0,293,0,69,261,6,336,35,183,405,6,629,300,0,300,929
09/21/2007,BFI,WA,ANM,WE,Towers with Radar,32,123,136,0,291,0,134,297,2,433,32,257,433,2,724,284,0,284,1008
09/22/2007,BFI,WA,ANM,WE,Towers with Radar,12,56,67,3,138,0,65,255,5,325,12,121,322,8,463,292,0,292,755
09/23/2007,BFI,WA,ANM,WE,Towers with Radar,12,45,101,2,160,0,32,309,0,341,12,77,410,2,501,348,0,348,849
09/24/2007,BFI,WA,ANM,WE,Towers with Radar,27,110,117,7,261,0,71,188,0,259,27,181,305,7,520,248,12,260,780
09/25/2007,BFI,WA,ANM,WE,Towers with Radar,33,157,123,4,317,0,44,139,0,183,33,201,262,4,500,190,4,194,694
09/26/2007,BFI,WA,ANM,WE,Towers with Radar,31,118,178,3,330,0,58,308,0,366,31,176,486,3,696,248,0,248,944
09/27/2007,BFI,WA,ANM,WE,Towers with Radar,33,133,134,1,301,0,83,220,1,304,33,216,354,2,605,414,0,414,1019
09/28/2007,BFI,WA,ANM,WE,Towers with Radar,38,89,111,5,243,0,152,169,3,324,38,241,280,8,567,426,0,426,993
09/29/2007,BFI,WA,ANM,WE,Towers with Radar,13,67,88,0,168,0,46,205,4,255,13,113,293,4,423,236,0,236,659
09/30/2007,BFI,WA,ANM,WE,Towers with Radar,4,72,77,4,157,2,64,105,0,171,6,136,182,4,328,136,0,136,464
10/01/2007,BFI,WA,ANM,WE,Towers with Radar,27,117,115,0,259,0,45,107,6,158,27,162,222,6,417,124,0,124,541
10/02/2007,BFI,WA,ANM,WE,Towers with Radar,28,129,93,2,252,0,43,115,0,158,28,172,208,2,410,142,0,142,552
10/03/2007,BFI,WA,ANM,WE,Towers with Radar,48,116,83,1,248,0,101,202,3,306,48,217,285,4,554,244,0,244,798
10/04/2007,BFI,WA,ANM,WE,Towers with Radar,34,127,106,2,269,0,64,204,2,270,34,191,310,4,539,304,2,306,845
10/05/2007,BFI,WA,ANM,WE,Towers with Radar,34,116,108,9,267,0,139,279,7,425,34,255,387,16,692,510,0,510,1202
10/06/2007,BFI,WA,ANM,WE,Towers with Radar,14,59,55,0,128,0,44,181,4,229,14,103,236,4,357,324,0,324,681
10/07/2007,BFI,WA,ANM,WE,Towers with Radar,0,58,78,0,136,0,74,119,6,199,0,132,197,6,335,36,0,36,371
10/08/2007,BFI,WA,ANM,WE,Towers with Radar,33,154,109,0,296,0,53,236,0,289,33,207,345,0,585,180,6,186,771
10/09/2007,BFI,WA,ANM,WE,Towers with Radar,41,98,99,4,242,0,157,310,0,467,41,255,409,4,709,396,6,402,1111
10/10/2007,BFI,WA,ANM,WE,Towers with Radar,41,126,102,0,269,0,111,224,2,337,41,237,326,2,606,408,0,408,1014
10/11/2007,BFI,WA,ANM,WE,Towers with Radar,39,114,104,11,268,0,92,295,1,388,39,206,399,12,656,372,0,372,1028
10/12/2007,BFI,WA,ANM,WE,Towers with Radar,48,103,127,1,279,0,89,287,1,377,48,192,414,2,656,488,0,488,1144
10/13/2007,BFI,WA,ANM,WE,Towers with Radar,14,49,54,0,117,0,85,268,0,353,14,134,322,0,470,317,4,321,791
10/14/2007,BFI,WA,ANM,WE,Towers with Radar,4,54,76,1,135,0,28,238,0,266,4,82,314,1,401,182,0,182,583
10/15/2007,BFI,WA,ANM,WE,Towers with Radar,23,122,114,3,262,0,53,133,0,186,23,175,247,3,448,80,0,80,528
10/16/2007,BFI,WA,ANM,WE,Towers with Radar,36,104,105,4,249,0,97,210,0,307,36,201,315,4,556,304,0,304,860
10/17/2007,BFI,WA,ANM,WE,Towers with Radar,42,124,116,2,284,0,99,103,0,202,42,223,219,2,486,142,0,142,628
10/18/2007,BFI,WA,ANM,WE,Towers with Radar,33,113,107,0,253,0,34,81,0,115,33,147,188,0,368,120,0,120,488
10/19/2007,BFI,WA,ANM,WE,Towers with Radar,23,130,97,5,255,0,73,143,3,219,23,203,240,8,474,192,0,192,666
10/20/2007,BFI,WA,ANM,WE,Towers with Radar,28,68,67,5,168,0,44,85,7,136,28,112,152,12,304,212,4,216,520
10/21/2007,BFI,WA,ANM,WE,Towers with Radar,19,69,110,2,200,5,43,202,0,250,24,112,312,2,450,208,0,208,658
10/22/2007,BFI,WA,ANM,WE,Towers with Radar,32,73,110,0,215,0,163,232,2,397,32,236,342,2,612,322,0,322,934
10/23/2007,BFI,WA,ANM,WE,Towers with Radar,39,99,83,4,225,0,94,484,0,578,39,193,567,4,803,436,0,436,1239
10/24/2007,BFI,WA,ANM,WE,Towers with Radar,50,137,120,3,310,0,27,190,0,217,50,164,310,3,527,220,0,220,747
10/25/2007,BFI,WA,ANM,WE,Towers with Radar,42,97,116,1,256,0,94,289,1,384,42,191,405,2,640,312,0,312,952
10/26/2007,BFI,WA,ANM,WE,Towers with Radar,34,98,82,14,228,1,67,332,4,404,35,165,414,18,632,390,0,390,1022
10/27/2007,BFI,WA,ANM,WE,Towers with Radar,14,49,75,3,141,0,31,313,1,345,14,80,388,4,486,280,2,282,768
10/28/2007,BFI,WA,ANM,WE,Towers with Radar,4,45,92,2,143,1,25,250,0,276,5,70,342,2,419,180,6,186,605
10/29/2007,BFI,WA,ANM,WE,Towers with Radar,22,107,100,2,231,0,89,145,0,234,22,196,245,2,465,168,0,168,633
10/30/2007,BFI,WA,ANM,WE,Towers with Radar,39,103,111,2,255,0,92,392,1,485,39,195,503,3,740,356,0,356,1096
10/31/2007,BFI,WA,ANM,WE,Towers with Radar,46,131,113,0,290,0,93,159,2,254,46,224,272,2,544,286,0,286,830
11/01/2007,BFI,WA,ANM,WE,Towers with Radar,39,101,124,8,272,0,87,313,0,400,39,188,437,8,672,280,0,280,952
11/02/2007,BFI,WA,ANM,WE,Towers with Radar,29,103,106,3,241,0,89,291,2,382,29,192,397,5,623,374,0,374,997
11/03/2007,BFI,WA,ANM,WE,Towers with Radar,16,67,87,2,172,0,58,218,1,277,16,125,305,3,449,222,0,222,671
11/04/2007,BFI,WA,ANM,WE,Towers with Radar,6,57,105,0,168,2,37,79,0,118,8,94,184,0,286,130,0,130,416
11/05/2007,BFI,WA,ANM,WE,Towers with Radar,23,90,82,0,195,0,44,183,6,233,23,134,265,6,428,232,2,234,662
11/06/2007,BFI,WA,ANM,WE,Towers with Radar,33,108,102,0,243,0,71,214,0,285,33,179,316,0,528,296,0,296,824
11/07/2007,BFI,WA,ANM,WE,Towers with Radar,42,138,112,3,295,0,60,213,8,281,42,198,325,11,576,310,2,312,888
11/08/2007,BFI,WA,ANM,WE,Towers with Radar,38,125,122,0,285,4,32,127,4,167,42,157,249,4,452,161,0,161,613
11/09/2007,BFI,WA,ANM,WE,Towers with Radar,37,124,118,1,280,2,0,276,1,279,39,124,394,2,559,282,0,282,841
11/10/2007,BFI,WA,ANM,WE,Towers with Radar,22,49,59,4,134,2,29,190,0,221,24,78,249,4,355,266,0,266,621
11/11/2007,BFI,WA,ANM,WE,Towers with Radar,5,55,79,2,141,5,55,107,0,167,10,110,186,2,308,70,0,70,378
11/12/2007,BFI,WA,ANM,WE,Towers with Radar,24,63,71,1,159,0,17,79,0,96,24,80,150,1,255,182,0,182,437
11/13/2007,BFI,WA,ANM,WE,Towers with Radar,29,119,122,5,275,0,82,314,0,396,29,201,436,5,671,262,0,262,933
11/14/2007,BFI,WA,ANM,WE,Towers with Radar,42,112,125,2,281,0,63,267,3,333,42,175,392,5,614,120,0,120,734
11/15/2007,BFI,WA,ANM,WE,Towers with Radar,34,130,106,1,271,0,67,116,1,184,34,197,222,2,455,244,0,244,699
11/16/2007,BFI,WA,ANM,WE,Towers with Radar,37,109,115,1,262,2,53,257,2,314,39,162,372,3,576,288,8,296,872
11/17/2007,BFI,WA,ANM,WE,Towers with Radar,17,73,67,0,157,0,31,139,0,170,17,104,206,0,327,164,0,164,491
11/18/2007,BFI,WA,ANM,WE,Towers with Radar,4,53,93,0,150,0,13,137,0,150,4,66,230,0,300,204,0,204,504
11/19/2007,BFI,WA,ANM,WE,Towers with Radar,22,118,83,0,223,0,87,213,0,300,22,205,296,0,523,436,0,436,959
11/20/2007,BFI,WA,ANM,WE,Towers with Radar,35,116,114,8,273,0,82,283,2,367,35,198,397,10,640,266,0,266,906
11/21/2007,BFI,WA,ANM,WE,Towers with Radar,36,126,109,0,271,0,76,483,0,559,36,202,592,0,830,444,0,444,1274
11/22/2007,BFI,WA,ANM,WE,Towers with Radar,8,21,17,0,46,0,21,107,0,128,8,42,124,0,174,56,0,56,230
11/23/2007,BFI,WA,ANM,WE,Towers with Radar,9,53,79,0,141,0,107,311,0,418,9,160,390,0,559,370,0,370,929
11/24/2007,BFI,WA,ANM,WE,Towers with Radar,7,44,41,1,93,0,127,269,1,397,7,171,310,2,490,288,0,288,778
11/25/2007,BFI,WA,ANM,WE,Towers with Radar,2,71,118,0,191,2,85,304,0,391,4,156,422,0,582,322,0,322,904
11/26/2007,BFI,WA,ANM,WE,Towers with Radar,20,82,111,0,213,0,40,42,0,82,20,122,153,0,295,186,0,186,481
11/27/2007,BFI,WA,ANM,WE,Towers with Radar,35,97,67,0,199,0,72,312,4,388,35,169,379,4,587,256,0,256,843
11/28/2007,BFI,WA,ANM,WE,Towers with Radar,49,103,94,2,248,0,74,211,0,285,49,177,305,2,533,344,0,344,877
11/29/2007,BFI,WA,ANM,WE,Towers with Radar,41,111,124,2,278,4,71,300,0,375,45,182,424,2,653,206,0,206,859
11/30/2007,BFI,WA,ANM,WE,Towers with Radar,33,97,109,2,241,0,120,254,4,378,33,217,363,6,619,322,4,326,945
12/01/2007,BFI,WA,ANM,WE,Towers with Radar,12,51,39,0,102,0,14,76,0,90,12,65,115,0,192,148,0,148,340
12/02/2007,BFI,WA,ANM,WE,Towers with Radar,12,56,57,2,127,2,14,45,0,61,14,70,102,2,188,102,0,102,290
12/03/2007,BFI,WA,ANM,WE,Towers with Radar,19,93,54,0,166,0,29,35,4,68,19,122,89,4,234,46,0,46,280
12/04/2007,BFI,WA,ANM,WE,Towers with Radar,38,105,104,2,249,0,80,201,2,283,38,185,305,4,532,230,0,230,762
12/05/2007,BFI,WA,ANM,WE,Towers with Radar,49,115,122,5,291,0,9,318,2,329,49,124,440,7,620,326,0,326,946
12/06/2007,BFI,WA,ANM,WE,Towers with Radar,47,108,120,0,275,0,123,164,4,291,47,231,284,4,566,288,0,288,854
12/07/2007,BFI,WA,ANM,WE,Towers with Radar,25,101,104,4,234,0,136,247,0,383,25,237,351,4,617,292,0,292,909
12/08/2007,BFI,WA,ANM,WE,Towers with Radar,16,38,60,0,114,0,81,309,8,398,16,119,369,8,512,434,0,434,946
12/09/2007,BFI,WA,ANM,WE,Towers with Radar,9,71,70,0,150,0,89,153,0,242,9,160,223,0,392,190,0,190,582
12/10/2007,BFI,WA,ANM,WE,Towers with Radar,22,113,100,2,237,0,52,196,2,250,22,165,296,4,487,162,46,208,695
12/11/2007,BFI,WA,ANM,WE,Towers with Radar,33,101,111,1,246,0,94,188,9,291,33,195,299,10,537,298,0,298,835
12/12/2007,BFI,WA,ANM,WE,Towers with Radar,47,105,105,0,257,0,105,197,8,310,47,210,302,8,567,288,10,298,865
12/13/2007,BFI,WA,ANM,WE,Towers with Radar,43,112,104,0,259,0,63,98,0,161,43,175,202,0,420,78,0,78,498
12/14/2007,BFI,WA,ANM,WE,Towers with Radar,34,102,98,0,234,0,31,243,1,275,34,133,341,1,509,242,0,242,751
12/15/2007,BFI,WA,ANM,WE,Towers with Radar,13,74,50,2,139,0,6,124,0,130,13,80,174,2,269,48,2,50,319
12/16/2007,BFI,WA,ANM,WE,Towers with Radar,6,38,63,0,107,0,66,121,0,187,6,104,184,0,294,134,0,134,428
12/17/2007,BFI,WA,ANM,WE,Towers with Radar,27,107,85,0,219,0,59,151,0,210,27,166,236,0,429,144,0,144,573
12/18/2007,BFI,WA,ANM,WE,Towers with Radar,48,125,105,2,280,0,92,181,0,273,48,217,286,2,553,168,0,168,721
12/19/2007,BFI,WA,ANM,WE,Towers with Radar,48,127,79,0,254,0,52,113,0,165,48,179,192,0,419,142,0,142,561
12/20/2007,BFI,WA,ANM,WE,Towers with Radar,56,116,109,2,283,0,112,251,0,363,56,228,360,2,646,184,0,184,830
12/21/2007,BFI,WA,ANM,WE,Towers with Radar,45,122,106,0,273,0,143,265,0,408,45,265,371,0,681,392,0,392,1073
12/22/2007,BFI,WA,ANM,WE,Towers with Radar,14,68,64,0,146,0,10,79,0,89,14,78,143,0,235,32,0,32,267
12/23/2007,BFI,WA,ANM,WE,Towers with Radar,4,71,57,0,132,0,39,57,2,98,4,110,114,2,230,66,0,66,296
12/24/2007,BFI,WA,ANM,WE,Towers with Radar,16,90,34,0,140,0,44,110,0,154,16,134,144,0,294,84,0,84,378
12/25/2007,BFI,WA,ANM,WE,Towers with Radar,3,30,22,0,55,0,18,38,0,56,3,48,60,0,111,36,0,36,147
12/26/2007,BFI,WA,ANM,WE,Towers with Radar,17,102,89,0,208,0,105,149,0,254,17,207,238,0,462,188,12,200,662
12/27/2007,BFI,WA,ANM,WE,Towers with Radar,29,120,71,0,220,0,29,56,2,87,29,149,127,2,307,106,0,106,413
12/28/2007,BFI,WA,ANM,WE,Towers with Radar,9,124,76,2,211,20,9,154,2,185,29,133,230,4,396,210,0,210,606
12/29/2007,BFI,WA,ANM,WE,Towers with Radar,11,52,57,0,120,0,99,192,7,298,11,151,249,7,418,166,0,166,584
12/30/2007,BFI,WA,ANM,WE,Towers with Radar,1,48,51,0,100,1,9,41,2,53,2,57,92,2,153,126,0,126,279
12/31/2007,BFI,WA,ANM,WE,Towers with Radar,8,67,35,0,110,0,115,268,2,385,8,182,303,2,495,296,0,296,791
01/01/2008,BFI,WA,ANM,WE,Towers with Radar,2,50,65,0,117,0,51,181,0,232,2,101,246,0,349,142,0,142,491
01/02/2008,BFI,WA,ANM,WE,Towers with Radar,26,119,119,0,264,0,94,148,0,242,26,213,267,0,506,250,0,250,756
01/03/2008,BFI,WA,ANM,WE,Towers with Radar,32,111,75,0,218,0,61,128,0,189,32,172,203,0,407,204,0,204,611
01/04/2008,BFI,WA,ANM,WE,Towers with Radar,26,90,102,2,220,0,56,150,0,206,26,146,252,2,426,238,0,238,664
01/05/2008,BFI,WA,ANM,WE,Towers with Radar,15,68,59,0,142,0,27,72,8,107,15,95,131,8,249,70,0,70,319
01/06/2008,BFI,WA,ANM,WE,Towers with Radar,1,59,54,0,114,0,0,69,2,71,1,59,123,2,185,180,0,180,365
01/07/2008,BFI,WA,ANM,WE,Towers with Radar,19,95,91,6,211,17,65,101,0,183,36,160,192,6,394,252,0,252,646
01/08/2008,BFI,WA,ANM,WE,Towers with Radar,35,117,64,3,219,0,55,165,0,220,35,172,229,3,439,330,0,330,769
01/09/2008,BFI,WA,ANM,WE,Towers with Radar,34,103,105,2,244,0,33,292,0,325,34,136,397,2,569,280,0,280,849
01/10/2008,BFI,WA,ANM,WE,Towers with Radar,38,117,104,1,260,0,87,175,0,262,38,204,279,1,522,226,0,226,748
01/11/2008,BFI,WA,ANM,WE,Towers with Radar,40,110,99,4,253,0,77,252,18,347,40,187,351,22,600,212,2,214,814
01/12/2008,BFI,WA,ANM,WE,Towers with Radar,16,50,52,0,118,0,64,102,6,172,16,114,154,6,290,220,0,220,510
01/13/2008,BFI,WA,ANM,WE,Towers with Radar,7,36,63,0,106,0,47,328,4,379,7,83,391,4,485,556,0,556,1041
01/14/2008,BFI,WA,ANM,WE,Towers with Radar,22,96,79,0,197,0,59,96,0,155,22,155,175,0,352,96,0,96,448
01/15/2008,BFI,WA,ANM,WE,Towers with Radar,36,88,84,0,208,0,81,335,0,416,36,169,419,0,624,352,0,352,976
01/16/2008,BFI,WA,ANM,WE,Towers with Radar,40,102,79,0,221,0,81,300,0,381,40,183,379,0,602,274,0,274,876
01/17/2008,BFI,WA,ANM,WE,Towers with Radar,37,102,85,0,224,0,91,262,0,353,37,193,347,0,577,320,0,320,897
01/18/2008,BFI,WA,ANM,WE,Towers with Radar,32,98,111,0,241,0,79,252,2,333,32,177,363,2,574,264,0,264,838
01/19/2008,BFI,WA,ANM,WE,Towers with Radar,17,60,46,5,128,0,54,131,0,185,17,114,177,5,313,154,0,154,467
01/20/2008,BFI,WA,ANM,WE,Towers with Radar,5,44,39,0,88,0,20,172,0,192,5,64,211,0,280,396,0,396,676
01/21/2008,BFI,WA,ANM,WE,Towers with Radar,28,76,107,1,212,2,40,185,1,228,30,116,292,2,440,244,2,246,686
01/22/2008,BFI,WA,ANM,WE,Towers with Radar,32,78,88,0,198,0,91,303,3,397,32,169,391,3,595,264,0,264,859
01/23/2008,BFI,WA,ANM,WE,Towers with Radar,41,73,119,0,233,0,169,317,6,492,41,242,436,6,725,398,12,410,1135
01/24/2008,BFI,WA,ANM,WE,Towers with Radar,39,118,120,0,277,0,126,253,6,385,39,244,373,6,662,252,0,252,914
01/25/2008,BFI,WA,ANM,WE,Towers with Radar,36,111,107,0,254,0,99,319,12,430,36,210,426,12,684,278,0,278,962
01/26/2008,BFI,WA,ANM,WE,Towers with Radar,15,55,29,0,99,0,49,129,0,178,15,104,158,0,277,144,0,144,421
01/27/2008,BFI,WA,ANM,WE,Towers with Radar,8,41,47,0,96,0,25,86,0,111,8,66,133,0,207,58,0,58,265
01/28/2008,BFI,WA,ANM,WE,Towers with Radar,17,107,60,0,184,0,31,44,0,75,17,138,104,0,259,42,0,42,301
01/29/2008,BFI,WA,ANM,WE,Towers with Radar,36,137,82,0,255,0,45,124,4,173,36,182,206,4,428,132,0,132,560
01/30/2008,BFI,WA,ANM,WE,Towers with Radar,40,123,100,1,264,0,55,92,0,147,40,178,192,1,411,200,0,200,611
01/31/2008,BFI,WA,ANM,WE,Towers with Radar,36,136,112,0,284,0,73,155,4,232,36,209,267,4,516,200,0,200,716
02/01/2008,BFI,WA,ANM,WE,Towers with Radar,32,118,83,10,243,6,28,191,0,225,38,146,274,10,468,158,0,158,626
02/02/2008,BFI,WA,ANM,WE,Towers with Radar,17,45,51,1,114,0,67,209,0,276,17,112,260,1,390,316,0,316,706
02/03/2008,BFI,WA,ANM,WE,Towers with Radar,3,45,44,0,92,0,23,189,1,213,3,68,233,1,305,136,0,136,441
02/04/2008,BFI,WA,ANM,WE,Towers with Radar,26,110,104,2,242,0,72,164,3,239,26,182,268,5,481,320,0,320,801
02/05/2008,BFI,WA,ANM,WE,Towers with Radar,36,120,87,1,244,0,71,146,3,220,36,191,233,4,464,150,0,150,614
02/06/2008,BFI,WA,ANM,WE,Towers with Radar,35,122,105,3,265,0,23,159,1,183,35,145,264,4,448,148,0,148,596
02/07/2008,BFI,WA,ANM,WE,Towers with Radar,45,135,97,0,277,0,34,133,1,168,45,169,230,1,445,130,0,130,575
02/08/2008,BFI,WA,ANM,WE,Towers with Radar,34,134,90,0,258,6,50,126,0,182,40,184,216,0,440,110,0,110,550
02/09/2008,BFI,WA,ANM,WE,Towers with Radar,14,62,61,0,137,0,40,150,4,194,14,102,211,4,331,256,0,256,587
02/10/2008,BFI,WA,ANM,WE,Towers with Radar,5,54,52,1,112,0,14,51,0,65,5,68,103,1,177,54,0,54,231
02/11/2008,BFI,WA,ANM,WE,Towers with Radar,17,111,90,3,221,0,89,109,0,198,17,200,199,3,419,182,46,228,647
02/12/2008,BFI,WA,ANM,WE,Towers with Radar,34,110,95,3,242,0,55,260,0,315,34,165,355,3,557,318,4,322,879
02/13/2008,BFI,WA,ANM,WE,Towers with Radar,37,91,77,0,205,0,37,419,0,456,37,128,496,0,661,306,0,306,967
02/14/2008,BFI,WA,ANM,WE,Towers with Radar,50,114,108,1,273,0,132,286,9,427,50,246,394,10,700,290,0,290,990
02/15/2008,BFI,WA,ANM,WE,Towers with Radar,30,90,103,1,224,0,90,264,0,354,30,180,367,1,578,316,2,318,896
02/16/2008,BFI,WA,ANM,WE,Towers with Radar,15,59,72,0,146,0,88,252,4,344,15,147,324,4,490,346,0,346,836
02/17/2008,BFI,WA,ANM,WE,Towers with Radar,1,39,54,0,94,0,36,335,3,374,1,75,389,3,468,380,0,380,848
02/18/2008,BFI,WA,ANM,WE,Towers with Radar,16,53,82,0,151,0,47,194,8,249,16,100,276,8,400,280,0,280,680
02/19/2008,BFI,WA,ANM,WE,Towers with Radar,36,96,132,3,267,0,72,173,2,247,36,168,305,5,514,184,0,184,698
02/20/2008,BFI,WA,ANM,WE,Towers with Radar,40,101,104,1,246,0,93,253,0,346,40,194,357,1,592,400,4,404,996
02/21/2008,BFI,WA,ANM,WE,Towers with Radar,31,101,113,0,245,0,89,240,0,329,31,190,353,0,574,224,0,224,798
02/22/2008,BFI,WA,ANM,WE,Towers with Radar,32,92,76,2,202,7,69,305,2,383,39,161,381,4,585,200,0,200,785
02/23/2008,BFI,WA,ANM,WE,Towers with Radar,12,56,69,2,139,0,42,266,4,312,12,98,335,6,451,282,0,282,733
02/24/2008,BFI,WA,ANM,WE,Towers with Radar,9,33,66,0,108,0,65,231,0,296,9,98,297,0,404,264,0,264,668
02/25/2008,BFI,WA,ANM,WE,Towers with Radar,21,93,79,0,193,0,61,187,2,250,21,154,266,2,443,178,0,178,621
02/26/2008,BFI,WA,ANM,WE,Towers with Radar,35,102,86,1,224,0,65,394,4,463,35,167,480,5,687,346,14,360,1047
02/27/2008,BFI,WA,ANM,WE,Towers with Radar,42,106,120,0,268,0,33,263,4,300,42,139,383,4,568,220,0,220,788
02/28/2008,BFI,WA,ANM,WE,Towers with Radar,45,111,113,12,281,0,100,223,6,329,45,211,336,18,610,340,6,346,956
02/29/2008,BFI,WA,ANM,WE,Towers with Radar,39,116,95,1,251,0,57,191,1,249,39,173,286,2,500,200,0,200,700
03/01/2008,BFI,WA,ANM,WE,Towers with Radar,18,55,59,2,134,0,27,102,2,131,18,82,161,4,265,182,0,182,447
03/02/2008,BFI,WA,ANM,WE,Towers with Radar,2,47,63,0,112,0,42,275,0,317,2,89,338,0,429,300,0,300,729
03/03/2008,BFI,WA,ANM,WE,Towers with Radar,24,97,89,0,210,0,64,107,0,171,24,161,196,0,381,178,0,178,559
03/04/2008,BFI,WA,ANM,WE,Towers with Radar,28,101,83,2,214,0,63,218,2,283,28,164,301,4,497,346,12,358,855
03/05/2008,BFI,WA,ANM,WE,Towers with Radar,35,111,96,1,243,0,105,362,0,467,35,216,458,1,710,288,0,288,998
03/06/2008,BFI,WA,ANM,WE,Towers with Radar,38,111,102,0,251,0,108,337,10,455,38,219,439,10,706,336,0,336,1042
03/07/2008,BFI,WA,ANM,WE,Towers with Radar,32,102,111,1,246,0,116,281,5,402,32,218,392,6,648,318,2,320,968
03/08/2008,BFI,WA,ANM,WE,Towers with Radar,9,51,64,2,126,0,82,281,4,367,9,133,345,6,493,430,0,430,923
03/09/2008,BFI,WA,ANM,WE,Towers with Radar,4,45,66,0,115,0,72,321,2,395,4,117,387,2,510,328,0,328,838
03/10/2008,BFI,WA,ANM,WE,Towers with Radar,24,124,97,1,246,0,30,155,3,188,24,154,252,4,434,200,0,200,634
03/11/2008,BFI,WA,ANM,WE,Towers with Radar,0,0,0,0,0,34,171,265,1,471,34,171,265,1,471,236,0,236,707
03/12/2008,BFI,WA,ANM,WE,Towers with Radar,28,103,88,0,219,0,85,294,4,383,28,188,382,4,602,330,12,342,944
03/13/2008,BFI,WA,ANM,WE,Towers with Radar,39,123,115,0,277,0,77,192,2,271,39,200,307,2,548,272,0,272,820
03/14/2008,BFI,WA,ANM,WE,Towers with Radar,31,129,96,2,258,0,41,160,0,201,31,170,256,2,459,246,0,246,705
03/15/2008,BFI,WA,ANM,WE,Towers with Radar,16,46,39,1,102,0,23,105,1,129,16,69,144,2,231,276,0,276,507
03/16/2008,BFI,WA,ANM,WE,Towers with Radar,5,63,90,1,159,0,22,157,3,182,5,85,247,4,341,208,0,208,549
03/17/2008,BFI,WA,ANM,WE,Towers with Radar,20,116,83,0,219,0,58,154,5,217,20,174,237,5,436,200,0,200,636
03/18/2008,BFI,WA,ANM,WE,Towers with Radar,31,102,120,0,253,0,61,296,2,359,31,163,416,2,612,266,0,266,878
03/19/2008,BFI,WA,ANM,WE,Towers with Radar,33,99,107,0,239,0,42,281,2,325,33,141,388,2,564,422,6,428,992
03/20/2008,BFI,WA,ANM,WE,Towers with Radar,39,102,111,1,253,0,140,273,0,413,39,242,384,1,666,302,0,302,968
03/21/2008,BFI,WA,ANM,WE,Towers with Radar,28,112,85,1,226,0,143,303,5,451,28,255,388,6,677,266,0,266,943
03/22/2008,BFI,WA,ANM,WE,Towers with Radar,15,44,69,5,133,0,118,376,2,496,15,162,445,7,629,332,4,336,965
03/23/2008,BFI,WA,ANM,WE,Towers with Radar,3,59,44,0,106,0,13,46,2,61,3,72,90,2,167,42,0,42,209
03/24/2008,BFI,WA,ANM,WE,Towers with Radar,19,91,66,3,179,0,119,314,7,440,19,210,380,10,619,304,0,304,923
03/25/2008,BFI,WA,ANM,WE,Towers with Radar,32,117,92,0,241,0,70,274,1,345,32,187,366,1,586,366,0,366,952
03/26/2008,BFI,WA,ANM,WE,Towers with Radar,39,135,96,0,270,0,32,218,2,252,39,167,314,2,522,268,0,268,790
03/27/2008,BFI,WA,ANM,WE,Towers with Radar,41,125,97,1,264,0,69,254,5,328,41,194,351,6,592,286,0,286,878
03/28/2008,BFI,WA,ANM,WE,Towers with Radar,36,122,80,0,238,0,30,114,2,146,36,152,194,2,384,106,0,106,490
03/29/2008,BFI,WA,ANM,WE,Towers with Radar,20,62,54,0,136,0,17,108,0,125,20,79,162,0,261,166,0,166,427
03/30/2008,BFI,WA,ANM,WE,Towers with Radar,7,60,71,0,138,0,28,123,0,151,7,88,194,0,289,206,0,206,495
03/31/2008,BFI,WA,ANM,WE,Towers with Radar,19,105,92,0,216,0,50,222,5,277,19,155,314,5,493,168,0,168,661
04/01/2008,BFI,WA,ANM,WE,Towers with Radar,32,113,109,2,256,0,65,334,0,399,32,178,443,2,655,390,0,390,1045
04/02/2008,BFI,WA,ANM,WE,Towers with Radar,34,97,98,1,230,0,82,371,0,453,34,179,469,1,683,424,0,424,1107
04/03/2008,BFI,WA,ANM,WE,Towers with Radar,37,79,91,1,208,0,76,319,3,398,37,155,410,4,606,264,0,264,870
04/04/2008,BFI,WA,ANM,WE,Towers with Radar,36,130,119,2,287,0,42,172,2,216,36,172,291,4,503,360,0,360,863
04/05/2008,BFI,WA,ANM,WE,Towers with Radar,8,65,67,2,142,0,16,272,4,292,8,81,339,6,434,192,0,192,626
04/06/2008,BFI,WA,ANM,WE,Towers with Radar,3,52,70,1,126,0,33,78,1,112,3,85,148,2,238,114,0,114,352
04/07/2008,BFI,WA,ANM,WE,Towers with Radar,28,106,73,0,207,0,63,181,0,244,28,169,254,0,451,134,0,134,585
04/08/2008,BFI,WA,ANM,WE,Towers with Radar,29,124,91,0,244,0,56,200,6,262,29,180,291,6,506,342,0,342,848
04/09/2008,BFI,WA,ANM,WE,Towers with Radar,44,101,90,0,235,0,70,321,5,396,44,171,411,5,631,342,0,342,973
04/10/2008,BFI,WA,ANM,WE,Towers with Radar,34,91,89,0,214,0,127,239,5,371,34,218,328,5,585,192,0,192,777
04/11/2008,BFI,WA,ANM,WE,Towers with Radar,35,91,97,0,223,0,124,422,6,552,35,215,519,6,775,414,0,414,1189
04/12/2008,BFI,WA,ANM,WE,Towers with Radar,19,45,56,0,120,0,63,419,12,494,19,108,475,12,614,292,0,292,906
04/13/2008,BFI,WA,ANM,WE,Towers with Radar,6,49,91,0,146,0,5,117,0,122,6,54,208,0,268,130,0,130,398
04/14/2008,BFI,WA,ANM,WE,Towers with Radar,30,130,81,0,241,0,20,129,0,149,30,150,210,0,390,86,0,86,476
04/15/2008,BFI,WA,ANM,WE,Towers with Radar,35,115,96,0,246,0,53,213,0,266,35,168,309,0,512,264,0,264,776
04/16/2008,BFI,WA,ANM,WE,Towers with Radar,36,106,124,0,266,0,84,315,8,407,36,190,439,8,673,336,0,336,1009
04/17/2008,BFI,WA,ANM,WE,Towers with Radar,35,135,110,2,282,0,65,304,0,369,35,200,414,2,651,302,0,302,953
04/18/2008,BFI,WA,ANM,WE,Towers with Radar,37,123,99,0,259,0,55,183,12,250,37,178,282,12,509,266,0,266,775
04/19/2008,BFI,WA,ANM,WE,Towers with Radar,16,43,46,0,105,0,36,122,0,158,16,79,168,0,263,86,0,86,349
04/20/2008,BFI,WA,ANM,WE,Towers with Radar,5,48,69,0,122,0,40,144,1,185,5,88,213,1,307,210,0,210,517
04/21/2008,BFI,WA,ANM,WE,Towers with Radar,28,90,101,2,221,0,60,229,4,293,28,150,330,6,514,220,0,220,734
04/22/2008,BFI,WA,ANM,WE,Towers with Radar,34,90,85,0,209,0,72,310,2,384,34,162,395,2,593,334,0,334,927
04/23/2008,BFI,WA,ANM,WE,Towers with Radar,41,110,112,0,263,0,80,297,4,381,41,190,409,4,644,334,0,334,978
04/24/2008,BFI,WA,ANM,WE,Towers with Radar,40,117,127,4,288,0,114,263,2,379,40,231,390,6,667,244,0,244,911
04/25/2008,BFI,WA,ANM,WE,Towers with Radar,28,86,97,0,211,0,180,299,2,481,28,266,396,2,692,396,0,396,1088
04/26/2008,BFI,WA,ANM,WE,Towers with Radar,17,39,54,0,110,0,84,331,3,418,17,123,385,3,528,438,4,442,970
04/27/2008,BFI,WA,ANM,WE,Towers with Radar,12,42,78,0,132,0,92,233,0,325,12,134,311,0,457,210,0,210,667
04/28/2008,BFI,WA,ANM,WE,Towers with Radar,28,108,113,2,251,0,67,101,0,168,28,175,214,2,419,118,0,118,537
04/29/2008,BFI,WA,ANM,WE,Towers with Radar,39,119,115,0,273,0,52,244,0,296,39,171,359,0,569,304,0,304,873
04/30/2008,BFI,WA,ANM,WE,Towers with Radar,35,103,119,2,259,0,76,262,0,338,35,179,381,2,597,292,0,292,889
05/01/2008,BFI,WA,ANM,WE,Towers with Radar,31,98,114,0,243,0,98,356,6,460,31,196,470,6,703,276,0,276,979
05/02/2008,BFI,WA,ANM,WE,Towers with Radar,36,78,106,2,222,0,64,342,6,412,36,142,448,8,634,262,0,262,896
05/03/2008,BFI,WA,ANM,WE,Towers with Radar,15,67,96,4,182,0,112,166,0,278,15,179,262,4,460,172,2,174,634
05/04/2008,BFI,WA,ANM,WE,Towers with Radar,6,45,70,0,121,0,57,319,4,380,6,102,389,4,501,238,0,238,739
05/05/2008,BFI,WA,ANM,WE,Towers with Radar,23,74,113,2,212,0,0,298,0,298,23,74,411,2,510,228,0,228,738
05/06/2008,BFI,WA,ANM,WE,Towers with Radar,41,120,139,0,300,0,47,241,7,295,41,167,380,7,595,424,0,424,1019
05/07/2008,BFI,WA,ANM,WE,Towers with Radar,38,117,126,2,283,0,66,156,0,222,38,183,282,2,505,276,0,276,781
05/08/2008,BFI,WA,ANM,WE,Towers with Radar,40,96,143,0,279,0,106,302,0,408,40,202,445,0,687,330,0,330,1017
05/09/2008,BFI,WA,ANM,WE,Towers with Radar,40,98,114,0,252,0,146,508,2,656,40,244,622,2,908,340,0,340,1248
05/10/2008,BFI,WA,ANM,WE,Towers with Radar,15,45,55,0,115,0,39,209,2,250,15,84,264,2,365,224,2,226,591
05/11/2008,BFI,WA,ANM,WE,Towers with Radar,5,46,62,0,113,0,38,139,2,179,5,84,201,2,292,88,0,88,380
05/12/2008,BFI,WA,ANM,WE,Towers with Radar,21,87,117,1,226,3,47,235,1,286,24,134,352,2,512,222,0,222,734
05/13/2008,BFI,WA,ANM,WE,Towers with Radar,52,126,161,3,342,0,47,272,0,319,52,173,433,3,661,324,0,324,985
05/14/2008,BFI,WA,ANM,WE,Towers with Radar,37,126,159,6,328,0,70,229,0,299,37,196,388,6,627,254,0,254,881
05/15/2008,BFI,WA,ANM,WE,Towers with Radar,39,110,153,2,304,0,151,330,2,483,39,261,483,4,787,400,0,400,1187
05/16/2008,BFI,WA,ANM,WE,Towers with Radar,39,87,109,4,239,0,233,582,7,822,39,320,691,11,1061,434,2,436,1497
05/17/2008,BFI,WA,ANM,WE,Towers with Radar,11,33,52,5,101,0,85,364,6,455,11,118,416,11,556,348,0,348,904
05/18/2008,BFI,WA,ANM,WE,Towers with Radar,8,46,61,0,115,0,54,292,2,348,8,100,353,2,463,174,0,174,637
05/19/2008,BFI,WA,ANM,WE,Towers with Radar,20,104,96,1,221,0,117,264,0,381,20,221,360,1,602,242,0,242,844
05/20/2008,BFI,WA,ANM,WE,Towers with Radar,41,123,119,3,286,0,50,268,0,318,41,173,387,3,604,294,0,294,898
05/21/2008,BFI,WA,ANM,WE,Towers with Radar,47,113,124,0,284,0,74,209,0,283,47,187,333,0,567,256,0,256,823
05/22/2008,BFI,WA,ANM,WE,Towers with Radar,47,94,130,3,274,0,97,328,0,425,47,191,458,3,699,418,0,418,1117
05/23/2008,BFI,WA,ANM,WE,Towers with Radar,37,96,108,0,241,0,133,394,2,529,37,229,502,2,770,280,0,280,1050
05/24/2008,BFI,WA,ANM,WE,Towers with Radar,9,33,42,0,84,0,69,405,2,476,9,102,447,2,560,166,0,166,726
05/25/2008,BFI,WA,ANM,WE,Towers with Radar,4,39,49,0,92,0,55,266,0,321,4,94,315,0,413,122,0,122,535
05/26/2008,BFI,WA,ANM,WE,Towers with Radar,0,66,121,1,188,0,87,200,2,289,0,153,321,3,477,150,0,150,627
05/27/2008,BFI,WA,ANM,WE,Towers with Radar,23,97,116,2,238,0,62,327,2,391,23,159,443,4,629,392,0,392,1021
05/28/2008,BFI,WA,ANM,WE,Towers with Radar,42,116,122,2,282,0,84,332,2,418,42,200,454,4,700,510,0,510,1210
05/29/2008,BFI,WA,ANM,WE,Towers with Radar,45,102,147,2,296,2,72,188,0,262,47,174,335,2,558,286,0,286,844
05/30/2008,BFI,WA,ANM,WE,Towers with Radar,45,93,103,5,246,0,106,379,7,492,45,199,482,12,738,544,2,546,1284
05/31/2008,BFI,WA,ANM,WE,Towers with Radar,12,36,57,6,111,0,74,402,2,478,12,110,459,8,589,348,6,354,943
06/01/2008,BFI,WA,ANM,WE,Towers with Radar,10,40,90,2,142,0,88,278,9,375,10,128,368,11,517,364,0,364,881
06/02/2008,BFI,WA,ANM,WE,Towers with Radar,23,96,113,2,234,0,63,291,2,356,23,159,404,4,590,224,0,224,814
06/03/2008,BFI,WA,ANM,WE,Towers with Radar,37,122,125,8,292,0,33,151,0,184,37,155,276,8,476,146,0,146,622
06/04/2008,BFI,WA,ANM,WE,Towers with Radar,50,129,148,0,327,0,84,221,0,305,50,213,369,0,632,288,0,288,920
06/05/2008,BFI,WA,ANM,WE,Towers with Radar,35,94,143,0,272,0,143,181,0,324,35,237,324,0,596,242,0,242,838
06/06/2008,BFI,WA,ANM,WE,Towers with Radar,30,117,138,2,287,0,35,155,4,194,30,152,293,6,481,194,0,194,675
06/07/2008,BFI,WA,ANM,WE,Towers with Radar,14,64,67,3,148,0,10,130,3,143,14,74,197,6,291,338,0,338,629
06/08/2008,BFI,WA,ANM,WE,Towers with Radar,2,2,5,0,9,6,106,307,10,429,8,108,312,10,438,182,4,186,624
06/09/2008,BFI,WA,ANM,WE,Towers with Radar,22,114,103,0,239,0,0,104,0,104,22,114,207,0,343,106,0,106,449
06/10/2008,BFI,WA,ANM,WE,Towers with Radar,41,122,123,9,295,0,46,262,0,308,41,168,385,9,603,398,0,398,1001
06/11/2008,BFI,WA,ANM,WE,Towers with Radar,48,124,138,4,314,0,58,208,0,266,48,182,346,4,580,378,0,378,958
06/12/2008,BFI,WA,ANM,WE,Towers with Radar,35,102,106,0,243,0,119,351,2,472,35,221,457,2,715,390,0,390,1105
06/13/2008,BFI,WA,ANM,WE,Towers with Radar,26,114,157,1,298,0,96,295,3,394,26,210,452,4,692,314,0,314,1006
06/14/2008,BFI,WA,ANM,WE,Towers with Radar,12,63,76,6,157,0,46,452,4,502,12,109,528,10,659,286,6,292,951
06/15/2008,BFI,WA,ANM,WE,Towers with Radar,9,47,72,2,130,0,59,453,3,515,9,106,525,5,645,300,0,300,945
06/16/2008,BFI,WA,ANM,WE,Towers with Radar,22,103,93,3,221,2,55,383,3,443,24,158,476,6,664,286,0,286,950
06/17/2008,BFI,WA,ANM,WE,Towers with Radar,41,113,167,0,321,0,61,319,1,381,41,174,486,1,702,276,0,276,978
06/18/2008,BFI,WA,ANM,WE,Towers with Radar,37,87,143,2,269,0,61,228,4,293,37,148,371,6,562,276,6,282,844
06/19/2008,BFI,WA,ANM,WE,Towers with Radar,48,100,122,5,275,0,78,376,0,454,48,178,498,5,729,418,2,420,1149
06/20/2008,BFI,WA,ANM,WE,Towers with Radar,32,80,118,0,230,0,82,461,0,543,32,162,579,0,773,308,0,308,1081
06/21/2008,BFI,WA,ANM,WE,Towers with Radar,14,40,69,9,132,0,70,416,0,486,14,110,485,9,618,296,2,298,916
06/22/2008,BFI,WA,ANM,WE,Towers with Radar,2,64,109,4,179,6,81,316,0,403,8,145,425,4,582,282,0,282,864
06/23/2008,BFI,WA,ANM,WE,Towers with Radar,30,88,82,4,204,0,98,321,2,421,30,186,403,6,625,190,0,190,815
06/24/2008,BFI,WA,ANM,WE,Towers with Radar,33,104,104,6,247,0,83,373,11,467,33,187,477,17,714,406,8,414,1128
06/25/2008,BFI,WA,ANM,WE,Towers with Radar,38,86,114,9,247,2,79,371,7,459,40,165,485,16,706,432,6,438,1144
06/26/2008,BFI,WA,ANM,WE,Towers with Radar,42,116,130,9,297,0,86,376,1,463,42,202,506,10,760,394,10,404,1164
06/27/2008,BFI,WA,ANM,WE,Towers with Radar,42,110,108,14,274,0,97,584,2,683,42,207,692,16,957,450,0,450,1407
06/28/2008,BFI,WA,ANM,WE,Towers with Radar,15,60,91,3,169,0,94,429,10,533,15,154,520,13,702,316,2,318,1020
06/29/2008,BFI,WA,ANM,WE,Towers with Radar,7,43,58,2,110,0,79,431,5,515,7,122,489,7,625,176,0,176,801
06/30/2008,BFI,WA,ANM,WE,Towers with Radar,24,98,89,0,211,0,108,311,0,419,24,206,400,0,630,270,0,270,900
07/01/2008,BFI,WA,ANM,WE,Towers with Radar,34,113,129,2,278,0,63,346,11,420,34,176,475,13,698,334,0,334,1032
07/02/2008,BFI,WA,ANM,WE,Towers with Radar,32,123,96,15,266,0,81,410,0,491,32,204,506,15,757,304,10,314,1071
07/03/2008,BFI,WA,ANM,WE,Towers with Radar,29,118,96,5,248,0,115,306,2,423,29,233,402,7,671,402,0,402,1073
07/04/2008,BFI,WA,ANM,WE,Towers with Radar,0,73,45,0,118,0,44,231,4,279,0,117,276,4,397,240,0,240,637
07/05/2008,BFI,WA,ANM,WE,Towers with Radar,5,71,51,0,127,0,71,193,0,264,5,142,244,0,391,192,0,192,583
07/06/2008,BFI,WA,ANM,WE,Towers with Radar,3,70,78,1,152,0,119,304,0,423,3,189,382,1,575,256,0,256,831
07/07/2008,BFI,WA,ANM,WE,Towers with Radar,31,93,85,0,209,0,186,518,1,705,31,279,603,1,914,310,4,314,1228
07/08/2008,BFI,WA,ANM,WE,Towers with Radar,38,94,89,2,223,0,91,387,0,478,38,185,476,2,701,360,0,360,1061
07/09/2008,BFI,WA,ANM,WE,Towers with Radar,29,96,109,4,238,0,100,438,0,538,29,196,547,4,776,368,6,374,1150
07/10/2008,BFI,WA,ANM,WE,Towers with Radar,32,105,98,4,239,0,221,334,0,555,32,326,432,4,794,446,0,446,1240
07/11/2008,BFI,WA,ANM,WE,Towers with Radar,38,76,97,3,214,0,97,539,3,639,38,173,636,6,853,372,0,372,1225
07/12/2008,BFI,WA,ANM,WE,Towers with Radar,8,28,43,0,79,0,65,429,0,494,8,93,472,0,573,186,0,186,759
07/13/2008,BFI,WA,ANM,WE,Towers with Radar,0,14,38,0,52,0,67,446,0,513,0,81,484,0,565,204,0,204,769
07/14/2008,BFI,WA,ANM,WE,Towers with Radar,27,79,88,1,195,0,91,329,3,423,27,170,417,4,618,302,0,302,920
07/15/2008,BFI,WA,ANM,WE,Towers with Radar,38,101,109,0,248,0,110,562,4,676,38,211,671,4,924,384,0,384,1308
07/16/2008,BFI,WA,ANM,WE,Towers with Radar,36,101,129,0,266,0,175,434,4,613,36,276,563,4,879,468,8,476,1355
07/17/2008,BFI,WA,ANM,WE,Towers with Radar,38,120,163,8,329,0,106,290,18,414,38,226,453,26,743,342,12,354,1097
07/18/2008,BFI,WA,ANM,WE,Towers with Radar,32,120,138,4,294,0,149,368,4,521,32,269,506,8,815,416,0,416,1231
07/19/2008,BFI,WA,ANM,WE,Towers with Radar,8,40,68,0,116,0,93,274,14,381,8,133,342,14,497,168,0,168,665
07/20/2008,BFI,WA,ANM,WE,Towers with Radar,2,32,53,0,87,0,106,399,1,506,2,138,452,1,593,204,0,204,797
07/21/2008,BFI,WA,ANM,WE,Towers with Radar,36,110,116,1,263,0,127,333,9,469,36,237,449,10,732,414,4,418,1150
07/22/2008,BFI,WA,ANM,WE,Towers with Radar,46,117,132,2,297,0,70,388,0,458,46,187,520,2,755,304,2,306,1061
07/23/2008,BFI,WA,ANM,WE,Towers with Radar,38,126,116,4,284,0,155,302,1,458,38,281,418,5,742,352,6,358,1100
07/24/2008,BFI,WA,ANM,WE,Towers with Radar,46,132,140,2,320,0,322,526,1,849,46,454,666,3,1169,318,0,318,1487
07/25/2008,BFI,WA,ANM,WE,Towers with Radar,35,96,86,9,226,0,106,511,0,617,35,202,597,9,843,348,0,348,1191
07/26/2008,BFI,WA,ANM,WE,Towers with Radar,14,62,85,3,164,0,81,406,5,492,14,143,491,8,656,406,0,406,1062
07/27/2008,BFI,WA,ANM,WE,Towers with Radar,3,87,95,0,185,0,138,256,0,394,3,225,351,0,579,228,0,228,807
07/28/2008,BFI,WA,ANM,WE,Towers with Radar,26,104,98,4,232,97,316,10,10,433,123,420,108,14,665,238,6,244,909
07/29/2008,BFI,WA,ANM,WE,Towers with Radar,44,126,133,0,303,0,68,214,8,290,44,194,347,8,593,294,0,294,887
07/30/2008,BFI,WA,ANM,WE,Towers with Radar,44,124,129,10,307,0,118,441,2,561,44,242,570,12,868,320,10,330,1198
07/31/2008,BFI,WA,ANM,WE,Towers with Radar,38,116,95,10,259,0,174,465,50,689,38,290,560,60,948,414,42,456,1404
08/01/2008,BFI,WA,ANM,WE,Towers with Radar,40,99,123,12,274,5,198,276,46,525,45,297,399,58,799,232,19,251,1050
08/02/2008,BFI,WA,ANM,WE,Towers with Radar,16,61,64,4,145,2,81,240,63,386,18,142,304,67,531,82,132,214,745
08/03/2008,BFI,WA,ANM,WE,Towers with Radar,9,65,103,1,178,0,107,280,68,455,9,172,383,69,633,152,18,170,803
08/04/2008,BFI,WA,ANM,WE,Towers with Radar,29,75,91,11,206,14,101,360,5,480,43,176,451,16,686,188,0,188,874
08/05/2008,BFI,WA,ANM,WE,Towers with Radar,40,94,86,0,220,0,123,487,5,615,40,217,573,5,835,484,2,486,1321
08/06/2008,BFI,WA,ANM,WE,Towers with Radar,42,104,89,5,240,11,176,575,4,766,53,280,664,9,1006,310,0,310,1316
08/07/2008,BFI,WA,ANM,WE,Towers with Radar,46,119,129,2,296,12,143,345,19,519,58,262,474,21,815,396,2,398,1213
08/08/2008,BFI,WA,ANM,WE,Towers with Radar,33,113,109,0,255,4,114,311,2,431,37,227,420,2,686,410,4,414,1100
08/09/2008,BFI,WA,ANM,WE,Towers with Radar,9,63,60,9,141,1,78,222,0,301,10,141,282,9,442,242,0,242,684
08/10/2008,BFI,WA,ANM,WE,Towers with Radar,0,39,65,0,104,0,166,414,0,580,0,205,479,0,684,196,6,202,886
08/11/2008,BFI,WA,ANM,WE,Towers with Radar,39,102,95,0,236,2,150,619,1,772,41,252,714,1,1008,394,0,394,1402
08/12/2008,BFI,WA,ANM,WE,Towers with Radar,32,104,91,4,231,0,176,549,2,727,32,280,640,6,958,324,0,324,1282
08/13/2008,BFI,WA,ANM,WE,Towers with Radar,53,100,111,0,264,0,183,493,4,680,53,283,604,4,944,374,8,382,1326
08/14/2008,BFI,WA,ANM,WE,Towers with Radar,46,282,543,3,874,1,183,453,2,639,47,465,996,5,1513,274,0,274,1787
08/15/2008,BFI,WA,ANM,WE,Towers with Radar,29,80,83,9,201,0,186,472,6,664,29,266,555,15,865,336,2,338,1203
08/16/2008,BFI,WA,ANM,WE,Towers with Radar,6,28,34,0,68,0,140,569,0,709,6,168,603,0,777,236,0,236,1013
08/17/2008,BFI,WA,ANM,WE,Towers with Radar,0,26,49,0,75,0,120,427,0,547,0,146,476,0,622,220,6,226,848
08/18/2008,BFI,WA,ANM,WE,Towers with Radar,31,110,108,6,255,0,87,247,1,335,31,197,355,7,590,309,0,309,899
08/19/2008,BFI,WA,ANM,WE,Towers with Radar,49,116,101,1,267,0,121,346,2,469,49,237,447,3,736,314,0,314,1050
08/20/2008,BFI,WA,ANM,WE,Towers with Radar,57,125,103,1,286,0,80,213,2,295,57,205,316,3,581,288,0,288,869
08/21/2008,BFI,WA,ANM,WE,Towers with Radar,51,138,97,10,296,8,155,330,13,506,59,293,427,23,802,364,12,376,1178
08/22/2008,BFI,WA,ANM,WE,Towers with Radar,44,94,133,0,271,2,277,678,12,969,46,371,811,12,1240,422,0,422,1662
08/23/2008,BFI,WA,ANM,WE,Towers with Radar,24,56,64,3,147,19,156,466,34,675,43,212,530,37,822,288,4,292,1114
08/24/2008,BFI,WA,ANM,WE,Towers with Radar,13,73,77,2,165,0,61,160,0,221,13,134,237,2,386,114,0,114,500
08/25/2008,BFI,WA,ANM,WE,Towers with Radar,17,131,93,2,243,0,87,243,2,332,17,218,336,4,575,190,0,190,765
08/26/2008,BFI,WA,ANM,WE,Towers with Radar,35,137,121,2,295,0,119,386,4,509,35,256,507,6,804,458,0,458,1262
08/27/2008,BFI,WA,ANM,WE,Towers with Radar,48,141,114,1,304,0,88,230,2,320,48,229,344,3,624,232,0,232,856
08/28/2008,BFI,WA,ANM,WE,Towers with Radar,43,141,127,10,321,2,147,379,3,531,45,288,506,13,852,452,2,454,1306
08/29/2008,BFI,WA,ANM,WE,Towers with Radar,37,142,143,7,329,0,159,402,8,569,37,301,545,15,898,258,2,260,1158
08/30/2008,BFI,WA,ANM,WE,Towers with Radar,9,42,62,0,113,0,94,373,27,494,9,136,435,27,607,266,0,266,873
08/31/2008,BFI,WA,ANM,WE,Towers with Radar,1,47,69,0,117,0,122,280,0,402,1,169,349,0,519,272,0,272,791
09/01/2008,BFI,WA,ANM,WE,Towers with Radar,2,76,100,3,181,2,67,197,0,266,4,143,297,3,447,122,18,140,587
09/02/2008,BFI,WA,ANM,WE,Towers with Radar,35,97,60,2,194,2,132,395,3,532,37,229,455,5,726,284,0,284,1010
09/03/2008,BFI,WA,ANM,WE,Towers with Radar,42,115,107,1,265,0,124,345,3,472,42,239,452,4,737,326,0,326,1063
09/04/2008,BFI,WA,ANM,WE,Towers with Radar,31,109,97,1,238,0,157,311,16,484,31,266,408,17,722,258,0,258,980
09/05/2008,BFI,WA,ANM,WE,Towers with Radar,36,99,128,1,264,0,111,339,1,451,36,210,467,2,715,294,0,294,1009
09/06/2008,BFI,WA,ANM,WE,Towers with Radar,12,54,71,0,137,0,82,358,0,440,12,136,429,0,577,368,0,368,945
09/07/2008,BFI,WA,ANM,WE,Towers with Radar,4,49,77,0,130,0,82,353,7,442,4,131,430,7,572,310,2,312,884
09/08/2008,BFI,WA,ANM,WE,Towers with Radar,12,87,81,0,180,1,106,267,1,375,13,193,348,1,555,180,1,181,736
09/09/2008,BFI,WA,ANM,WE,Towers with Radar,27,113,92,0,232,1,131,399,2,533,28,244,491,2,765,324,0,324,1089
09/10/2008,BFI,WA,ANM,WE,Towers with Radar,31,110,108,0,249,2,128,355,13,498,33,238,463,13,747,228,0,228,975
09/11/2008,BFI,WA,ANM,WE,Towers with Radar,27,111,105,2,245,2,168,366,4,540,29,279,471,6,785,272,0,272,1057
09/12/2008,BFI,WA,ANM,WE,Towers with Radar,22,93,103,1,219,6,390,433,24,853,28,483,536,25,1072,294,4,298,1370
09/13/2008,BFI,WA,ANM,WE,Towers with Radar,13,58,63,2,136,1,91,323,16,431,14,149,386,18,567,352,0,352,919
09/14/2008,BFI,WA,ANM,WE,Towers with Radar,3,66,98,5,172,0,131,339,0,470,3,197,437,5,642,336,2,338,980
09/15/2008,BFI,WA,ANM,WE,Towers with Radar,13,81,70,0,164,0,94,297,25,416,13,175,367,25,580,158,26,184,764
09/16/2008,BFI,WA,ANM,WE,Towers with Radar,30,110,86,1,227,0,117,364,1,482,30,227,450,2,709,352,0,352,1061
09/17/2008,BFI,WA,ANM,WE,Towers with Radar,31,95,112,1,239,0,110,363,4,477,31,205,475,5,716,292,2,294,1010
09/18/2008,BFI,WA,ANM,WE,Towers with Radar,24,152,135,0,311,0,120,233,32,385,24,272,368,32,696,202,0,202,898
09/19/2008,BFI,WA,ANM,WE,Towers with Radar,24,134,128,0,286,0,101,232,23,356,24,235,360,23,642,332,1,333,975
09/20/2008,BFI,WA,ANM,WE,Towers with Radar,8,69,71,1,149,7,49,102,2,160,15,118,173,3,309,238,0,238,547
09/21/2008,BFI,WA,ANM,WE,Towers with Radar,5,87,77,4,173,0,83,145,14,242,5,170,222,18,415,186,0,186,601
09/22/2008,BFI,WA,ANM,WE,Towers with Radar,18,110,92,6,226,0,92,262,1,355,18,202,354,7,581,242,0,242,823
09/23/2008,BFI,WA,ANM,WE,Towers with Radar,30,108,98,0,236,0,122,346,7,475,30,230,444,7,711,378,2,380,1091
09/24/2008,BFI,WA,ANM,WE,Towers with Radar,31,129,133,1,294,0,73,306,2,381,31,202,439,3,675,346,2,348,1023
09/25/2008,BFI,WA,ANM,WE,Towers with Radar,33,140,143,2,318,0,107,264,0,371,33,247,407,2,689,300,0,300,989
09/26/2008,BFI,WA,ANM,WE,Towers with Radar,18,105,121,3,247,0,194,392,8,594,18,299,513,11,841,361,4,365,1206
09/27/2008,BFI,WA,ANM,WE,Towers with Radar,8,46,55,1,110,0,83,383,0,466,8,129,438,1,576,310,28,338,914
09/28/2008,BFI,WA,ANM,WE,Towers with Radar,5,50,63,3,121,0,129,357,18,504,5,179,420,21,625,168,18,186,811
09/29/2008,BFI,WA,ANM,WE,Towers with Radar,21,93,74,2,190,6,137,304,0,447,27,230,378,2,637,364,7,371,1008
09/30/2008,BFI,WA,ANM,WE,Towers with Radar,24,107,55,0,186,0,116,333,0,449,24,223,388,0,635,380,0,380,1015
10/01/2008,BFI,WA,ANM,WE,Towers with Radar,30,105,104,0,239,6,127,271,8,412,36,232,375,8,651,242,8,250,901
10/02/2008,BFI,WA,ANM,WE,Towers with Radar,25,127,101,4,257,0,135,299,1,435,25,262,400,5,692,224,4,228,920
10/03/2008,BFI,WA,ANM,WE,Towers with Radar,24,133,108,2,267,0,94,146,2,242,24,227,254,4,509,98,2,100,609
10/04/2008,BFI,WA,ANM,WE,Towers with Radar,12,51,41,0,104,0,54,108,14,176,12,105,149,14,280,46,26,72,352
10/05/2008,BFI,WA,ANM,WE,Towers with Radar,0,47,74,4,125,0,65,202,4,271,0,112,276,8,396,266,0,266,662
10/06/2008,BFI,WA,ANM,WE,Towers with Radar,15,121,127,1,264,0,64,84,0,148,15,185,211,1,412,94,0,94,506
10/07/2008,BFI,WA,ANM,WE,Towers with Radar,31,112,79,3,225,0,119,230,0,349,31,231,309,3,574,158,0,158,732
10/08/2008,BFI,WA,ANM,WE,Towers with Radar,38,75,68,4,185,14,102,181,33,330,52,177,249,37,515,140,0,140,655
10/09/2008,BFI,WA,ANM,WE,Towers with Radar,31,126,111,0,268,0,151,258,0,409,31,277,369,0,677,300,2,302,979
10/10/2008,BFI,WA,ANM,WE,Towers with Radar,23,112,106,2,243,4,121,312,10,447,27,233,418,12,690,214,20,234,924
10/11/2008,BFI,WA,ANM,WE,Towers with Radar,13,48,45,2,108,0,152,324,6,482,13,200,369,8,590,252,0,252,842
10/12/2008,BFI,WA,ANM,WE,Towers with Radar,3,57,68,0,128,0,85,290,0,375,3,142,358,0,503,216,0,216,719
10/13/2008,BFI,WA,ANM,WE,Towers with Radar,14,97,96,0,207,0,27,172,0,199,14,124,268,0,406,152,0,152,558
10/14/2008,BFI,WA,ANM,WE,Towers with Radar,31,91,93,4,219,0,116,324,1,441,31,207,417,5,660,304,0,304,964
10/15/2008,BFI,WA,ANM,WE,Towers with Radar,0,122,86,0,208,0,127,321,0,448,0,249,407,0,656,236,0,236,892
10/16/2008,BFI,WA,ANM,WE,Towers with Radar,31,136,121,0,288,0,130,250,0,380,31,266,371,0,668,268,0,268,936
10/17/2008,BFI,WA,ANM,WE,Towers with Radar,21,124,115,2,262,1,144,329,1,475,22,268,444,3,737,292,1,293,1030
10/18/2008,BFI,WA,ANM,WE,Towers with Radar,12,40,71,1,124,0,73,259,0,332,12,113,330,1,456,250,0,250,706
10/19/2008,BFI,WA,ANM,WE,Towers with Radar,2,49,79,3,133,0,49,200,34,283,2,98,279,37,416,114,0,114,530
10/20/2008,BFI,WA,ANM,WE,Towers with Radar,13,114,71,0,198,0,76,109,0,185,13,190,180,0,383,82,0,82,465
10/21/2008,BFI,WA,ANM,WE,Towers with Radar,23,111,90,0,224,0,111,315,2,428,23,222,405,2,652,294,0,294,946
10/22/2008,BFI,WA,ANM,WE,Towers with Radar,32,103,96,0,231,0,184,409,0,593,32,287,505,0,824,346,0,346,1170
10/23/2008,BFI,WA,ANM,WE,Towers with Radar,32,119,76,1,228,0,122,256,2,380,32,241,332,3,608,304,2,306,914
10/24/2008,BFI,WA,ANM,WE,Towers with Radar,26,110,78,1,215,0,105,303,20,428,26,215,381,21,643,328,0,328,971
10/25/2008,BFI,WA,ANM,WE,Towers with Radar,13,60,64,4,141,0,83,266,10,359,13,143,330,14,500,272,14,286,786
10/26/2008,BFI,WA,ANM,WE,Towers with Radar,2,47,52,3,104,2,69,229,0,300,4,116,281,3,404,200,0,200,604
10/27/2008,BFI,WA,ANM,WE,Towers with Radar,22,88,71,1,182,0,114,268,20,402,22,202,339,21,584,312,14,326,910
10/28/2008,BFI,WA,ANM,WE,Towers with Radar,28,119,79,4,230,0,79,167,0,246,28,198,246,4,476,208,0,208,684
10/29/2008,BFI,WA,ANM,WE,Towers with Radar,30,90,105,4,229,0,99,278,14,391,30,189,383,18,620,282,12,294,914
10/30/2008,BFI,WA,ANM,WE,Towers with Radar,33,107,126,0,266,3,104,202,2,311,36,211,328,2,577,180,0,180,757
10/31/2008,BFI,WA,ANM,WE,Towers with Radar,21,120,86,0,227,0,130,179,7,316,21,250,265,7,543,288,2,290,833
11/01/2008,BFI,WA,ANM,WE,Towers with Radar,8,46,58,0,112,4,76,173,0,253,12,122,231,0,365,206,0,206,571
11/02/2008,BFI,WA,ANM,WE,Towers with Radar,1,55,67,0,123,0,52,138,0,190,1,107,205,0,313,172,0,172,485
11/03/2008,BFI,WA,ANM,WE,Towers with Radar,13,104,66,0,183,0,45,124,0,169,13,149,190,0,352,204,0,204,556
11/04/2008,BFI,WA,ANM,WE,Towers with Radar,32,114,63,5,214,0,53,232,1,286,32,167,295,6,500,204,0,204,704
11/05/2008,BFI,WA,ANM,WE,Towers with Radar,26,107,81,9,223,6,87,238,10,341,32,194,319,19,564,192,0,192,756
11/06/2008,BFI,WA,ANM,WE,Towers with Radar,32,142,102,1,277,0,32,79,0,111,32,174,181,1,388,116,0,116,504
11/07/2008,BFI,WA,ANM,WE,Towers with Radar,27,133,96,0,256,0,67,170,0,237,27,200,266,0,493,198,0,198,691
11/08/2008,BFI,WA,ANM,WE,Towers with Radar,12,42,40,0,94,0,45,173,0,218,12,87,213,0,312,232,0,232,544
11/09/2008,BFI,WA,ANM,WE,Towers with Radar,1,76,68,2,147,0,17,125,0,142,1,93,193,2,289,232,0,232,521
11/10/2008,BFI,WA,ANM,WE,Towers with Radar,16,111,74,0,201,0,49,123,1,173,16,160,197,1,374,184,0,184,558
11/11/2008,BFI,WA,ANM,WE,Towers with Radar,29,91,75,0,195,0,54,98,0,152,29,145,173,0,347,250,0,250,597
11/12/2008,BFI,WA,ANM,WE,Towers with Radar,28,116,84,0,228,0,53,105,2,160,28,169,189,2,388,70,0,70,458
11/13/2008,BFI,WA,ANM,WE,Towers with Radar,24,99,99,9,231,3,125,256,20,404,27,224,355,29,635,144,8,152,787
11/14/2008,BFI,WA,ANM,WE,Towers with Radar,19,85,79,1,184,0,109,280,4,393,19,194,359,5,577,230,2,232,809
11/15/2008,BFI,WA,ANM,WE,Towers with Radar,14,46,64,0,124,0,97,377,1,475,14,143,441,1,599,262,0,262,861
11/16/2008,BFI,WA,ANM,WE,Towers with Radar,2,51,83,0,136,2,99,230,1,332,4,150,313,1,468,244,2,246,714
11/17/2008,BFI,WA,ANM,WE,Towers with Radar,18,75,66,0,159,0,65,134,22,221,18,140,200,22,380,192,0,192,572
11/18/2008,BFI,WA,ANM,WE,Towers with Radar,25,103,100,3,231,0,75,220,0,295,25,178,320,3,526,294,8,302,828
11/19/2008,BFI,WA,ANM,WE,Towers with Radar,33,106,90,1,230,0,95,220,0,315,33,201,310,1,545,198,0,198,743
11/20/2008,BFI,WA,ANM,WE,Towers with Radar,29,114,69,0,212,6,110,163,4,283,35,224,232,4,495,186,0,186,681
11/21/2008,BFI,WA,ANM,WE,Towers with Radar,21,109,64,0,194,1,103,235,2,341,22,212,299,2,535,258,0,258,793
11/22/2008,BFI,WA,ANM,WE,Towers with Radar,19,51,79,0,149,0,68,166,2,236,19,119,245,2,385,218,0,218,603
11/23/2008,BFI,WA,ANM,WE,Towers with Radar,9,38,70,1,118,1,69,205,0,275,10,107,275,1,393,152,0,152,545
11/24/2008,BFI,WA,ANM,WE,Towers with Radar,22,93,82,0,197,0,102,206,2,310,22,195,288,2,507,86,2,88,595
11/25/2008,BFI,WA,ANM,WE,Towers with Radar,27,130,104,5,266,0,65,202,3,270,27,195,306,8,536,186,6,192,728
11/26/2008,BFI,WA,ANM,WE,Towers with Radar,35,102,96,0,233,0,152,326,1,479,35,254,422,1,712,234,0,234,946
11/27/2008,BFI,WA,ANM,WE,Towers with Radar,7,25,14,2,48,0,20,59,0,79,7,45,73,2,127,16,0,16,143
11/28/2008,BFI,WA,ANM,WE,Towers with Radar,15,79,39,0,133,0,63,97,0,160,15,142,136,0,293,162,0,162,455
11/29/2008,BFI,WA,ANM,WE,Towers with Radar,10,64,51,0,125,0,26,96,0,122,10,90,147,0,247,132,0,132,379
11/30/2008,BFI,WA,ANM,WE,Towers with Radar,9,78,109,0,196,0,0,1,0,1,9,78,110,0,197,0,0,0,197
12/01/2008,BFI,WA,ANM,WE,Towers with Radar,22,105,96,1,224,0,36,115,6,157,22,141,211,7,381,122,0,122,503
12/02/2008,BFI,WA,ANM,WE,Towers with Radar,34,127,95,0,256,0,53,153,2,208,34,180,248,2,464,272,0,272,736
12/03/2008,BFI,WA,ANM,WE,Towers with Radar,33,109,62,0,204,4,86,221,10,321,37,195,283,10,525,250,0,250,775
12/04/2008,BFI,WA,ANM,WE,Towers with Radar,27,82,92,1,202,4,127,256,1,388,31,209,348,2,590,284,0,284,874
12/05/2008,BFI,WA,ANM,WE,Towers with Radar,15,89,80,0,184,0,240,266,1,507,15,329,346,1,691,366,0,366,1057
12/06/2008,BFI,WA,ANM,WE,Towers with Radar,16,39,45,1,101,0,50,220,2,272,16,89,265,3,373,196,8,204,577
12/07/2008,BFI,WA,ANM,WE,Towers with Radar,7,55,75,0,137,0,32,41,26,99,7,87,116,26,236,108,0,108,344
12/08/2008,BFI,WA,ANM,WE,Towers with Radar,25,96,106,0,227,1,77,91,0,169,26,173,197,0,396,182,2,184,580
12/09/2008,BFI,WA,ANM,WE,Towers with Radar,40,97,96,1,234,0,52,171,0,223,40,149,267,1,457,168,4,172,629
12/10/2008,BFI,WA,ANM,WE,Towers with Radar,47,119,117,0,283,0,54,96,0,150,47,173,213,0,433,112,0,112,545
12/11/2008,BFI,WA,ANM,WE,Towers with Radar,47,107,116,0,270,0,74,287,2,363,47,181,403,2,633,280,0,280,913
12/12/2008,BFI,WA,ANM,WE,Towers with Radar,28,92,49,1,170,0,23,34,0,57,28,115,83,1,227,12,0,12,239
12/13/2008,BFI,WA,ANM,WE,Towers with Radar,18,41,42,1,102,0,40,78,0,118,18,81,120,1,220,110,34,144,364
12/14/2008,BFI,WA,ANM,WE,Towers with Radar,9,30,24,0,63,1,27,25,0,53,10,57,49,0,116,0,0,0,116
12/15/2008,BFI,WA,ANM,WE,Towers with Radar,27,76,60,0,163,0,77,146,0,223,27,153,206,0,386,76,0,76,462
12/16/2008,BFI,WA,ANM,WE,Towers with Radar,40,87,100,1,228,0,105,244,4,353,40,192,344,5,581,150,0,150,731
12/17/2008,BFI,WA,ANM,WE,Towers with Radar,44,94,41,0,179,0,39,41,3,83,44,133,82,3,262,16,0,16,278
12/18/2008,BFI,WA,ANM,WE,Towers with Radar,18,73,32,0,123,0,25,2,0,27,18,98,34,0,150,4,0,4,154
12/19/2008,BFI,WA,ANM,WE,Towers with Radar,36,87,77,1,201,0,81,102,0,183,36,168,179,1,384,44,0,44,428
12/20/2008,BFI,WA,ANM,WE,Towers with Radar,21,51,68,1,141,0,31,89,0,120,21,82,157,1,261,86,0,86,347
12/21/2008,BFI,WA,ANM,WE,Towers with Radar,9,22,30,0,61,0,7,1,0,8,9,29,31,0,69,0,0,0,69
12/22/2008,BFI,WA,ANM,WE,Towers with Radar,15,101,100,1,217,2,25,42,2,71,17,126,142,3,288,18,0,18,306
12/23/2008,BFI,WA,ANM,WE,Towers with Radar,34,133,72,1,240,0,63,94,10,167,34,196,166,11,407,26,0,26,433
12/24/2008,BFI,WA,ANM,WE,Towers with Radar,29,110,19,0,158,0,14,14,0,28,29,124,33,0,186,0,0,0,186
12/25/2008,BFI,WA,ANM,WE,Towers with Radar,1,34,11,0,46,0,0,0,0,0,1,34,11,0,46,2,0,2,48
12/26/2008,BFI,WA,ANM,WE,Towers with Radar,15,99,50,0,164,1,52,60,0,113,16,151,110,0,277,148,0,148,425
12/27/2008,BFI,WA,ANM,WE,Towers with Radar,13,61,37,0,111,0,40,17,0,57,13,101,54,0,168,52,0,52,220
12/28/2008,BFI,WA,ANM,WE,Towers with Radar,15,47,38,0,100,0,21,65,10,96,15,68,103,10,196,44,0,44,240
12/29/2008,BFI,WA,ANM,WE,Towers with Radar,9,98,41,0,148,0,24,32,0,56,9,122,73,0,204,14,0,14,218
12/30/2008,BFI,WA,ANM,WE,Towers with Radar,36,97,61,0,194,0,82,198,0,280,36,179,259,0,474,258,0,258,732
12/31/2008,BFI,WA,ANM,WE,Towers with Radar,28,115,44,0,187,1,65,131,0,197,29,180,175,0,384,176,0,176,560
01/01/2009,BFI,WA,ANM,WE,Towers with Radar,0,36,24,0,60,0,2,8,0,10,0,38,32,0,70,20,0,20,90
01/02/2009,BFI,WA,ANM,WE,Towers with Radar,29,120,46,0,195,0,125,160,10,295,29,245,206,10,490,214,34,248,738
01/03/2009,BFI,WA,ANM,WE,Towers with Radar,10,65,71,0,146,0,50,175,0,225,10,115,246,0,371,174,0,174,545
01/04/2009,BFI,WA,ANM,WE,Towers with Radar,3,46,61,0,110,0,39,48,0,87,3,85,109,0,197,82,0,82,279
01/05/2009,BFI,WA,ANM,WE,Towers with Radar,20,103,63,1,187,0,33,55,0,88,20,136,118,1,275,102,0,102,377
01/06/2009,BFI,WA,ANM,WE,Towers with Radar,32,102,56,0,190,0,17,74,0,91,32,119,130,0,281,64,0,64,345
01/07/2009,BFI,WA,ANM,WE,Towers with Radar,36,123,59,0,218,0,31,62,0,93,36,154,121,0,311,138,0,138,449
01/08/2009,BFI,WA,ANM,WE,Towers with Radar,41,130,68,12,251,1,78,201,4,284,42,208,269,16,535,244,0,244,779
01/09/2009,BFI,WA,ANM,WE,Towers with Radar,48,129,95,9,281,19,118,228,15,380,67,247,323,24,661,298,4,302,963
01/10/2009,BFI,WA,ANM,WE,Towers with Radar,14,47,74,0,135,0,28,176,0,204,14,75,250,0,339,168,0,168,507
01/11/2009,BFI,WA,ANM,WE,Towers with Radar,10,36,63,1,110,0,8,25,0,33,10,44,88,1,143,44,0,44,187
01/12/2009,BFI,WA,ANM,WE,Towers with Radar,26,101,73,3,203,0,2,0,0,2,26,103,73,3,205,0,0,0,205
01/13/2009,BFI,WA,ANM,WE,Towers with Radar,38,117,89,1,245,0,95,171,2,268,38,212,260,3,513,242,6,248,761
01/14/2009,BFI,WA,ANM,WE,Towers with Radar,43,123,119,1,286,1,61,132,6,200,44,184,251,7,486,198,2,200,686
01/15/2009,BFI,WA,ANM,WE,Towers with Radar,34,132,98,0,264,0,25,49,1,75,34,157,147,1,339,48,0,48,387
01/16/2009,BFI,WA,ANM,WE,Towers with Radar,30,137,119,0,286,0,3,2,0,5,30,140,121,0,291,0,0,0,291
01/17/2009,BFI,WA,ANM,WE,Towers with Radar,18,44,64,0,126,0,12,137,0,149,18,56,201,0,275,168,0,168,443
01/18/2009,BFI,WA,ANM,WE,Towers with Radar,11,28,34,0,73,0,42,239,0,281,11,70,273,0,354,284,0,284,638
01/19/2009,BFI,WA,ANM,WE,Towers with Radar,18,43,79,0,140,0,19,110,0,129,18,62,189,0,269,152,0,152,421
01/20/2009,BFI,WA,ANM,WE,Towers with Radar,27,79,68,0,174,0,0,0,0,0,27,79,68,0,174,0,0,0,174
01/21/2009,BFI,WA,ANM,WE,Towers with Radar,40,102,89,1,232,1,45,106,18,170,41,147,195,19,402,188,18,206,608
01/22/2009,BFI,WA,ANM,WE,Towers with Radar,43,106,112,2,263,0,55,42,0,97,43,161,154,2,360,46,0,46,406
01/23/2009,BFI,WA,ANM,WE,Towers with Radar,41,96,94,1,232,0,41,121,0,162,41,137,215,1,394,148,0,148,542
01/24/2009,BFI,WA,ANM,WE,Towers with Radar,22,45,55,0,122,0,66,219,1,286,22,111,274,1,408,216,0,216,624
01/25/2009,BFI,WA,ANM,WE,Towers with Radar,13,36,45,0,94,0,35,89,0,124,13,71,134,0,218,94,0,94,312
01/26/2009,BFI,WA,ANM,WE,Towers with Radar,26,89,67,0,182,8,59,215,14,296,34,148,282,14,478,150,0,150,628
01/27/2009,BFI,WA,ANM,WE,Towers with Radar,34,119,57,1,211,0,26,19,2,47,34,145,76,3,258,24,0,24,282
01/28/2009,BFI,WA,ANM,WE,Towers with Radar,44,117,85,0,246,0,94,186,0,280,44,211,271,0,526,186,0,186,712
01/29/2009,BFI,WA,ANM,WE,Towers with Radar,47,114,88,2,251,0,98,172,17,287,47,212,260,19,538,184,0,184,722
01/30/2009,BFI,WA,ANM,WE,Towers with Radar,30,109,62,4,205,0,48,95,9,152,30,157,157,13,357,58,0,58,415
01/31/2009,BFI,WA,ANM,WE,Towers with Radar,9,35,67,4,115,0,52,204,0,256,9,87,271,4,371,300,0,300,671
02/01/2009,BFI,WA,ANM,WE,Towers with Radar,11,34,38,0,83,0,32,121,32,185,11,66,159,32,268,128,0,128,396
02/02/2009,BFI,WA,ANM,WE,Towers with Radar,28,74,72,0,174,0,86,189,2,277,28,160,261,2,451,272,0,272,723
02/03/2009,BFI,WA,ANM,WE,Towers with Radar,35,92,85,0,212,0,111,297,0,408,35,203,382,0,620,248,0,248,868
02/04/2009,BFI,WA,ANM,WE,Towers with Radar,28,87,65,2,182,0,88,290,0,378,28,175,355,2,560,228,0,228,788
02/05/2009,BFI,WA,ANM,WE,Towers with Radar,38,92,102,0,232,0,87,199,4,290,38,179,301,4,522,184,4,188,710
02/06/2009,BFI,WA,ANM,WE,Towers with Radar,32,111,68,2,213,0,58,83,0,141,32,169,151,2,354,52,0,52,406
02/07/2009,BFI,WA,ANM,WE,Towers with Radar,13,56,79,2,150,0,49,155,0,204,13,105,234,2,354,174,0,174,528
02/08/2009,BFI,WA,ANM,WE,Towers with Radar,3,40,55,1,99,0,22,96,0,118,3,62,151,1,217,136,0,136,353
02/09/2009,BFI,WA,ANM,WE,Towers with Radar,28,103,74,1,206,2,64,120,8,194,30,167,194,9,400,124,0,124,524
02/10/2009,BFI,WA,ANM,WE,Towers with Radar,46,108,74,1,229,0,30,140,0,170,46,138,214,1,399,198,0,198,597
02/11/2009,BFI,WA,ANM,WE,Towers with Radar,35,99,89,0,223,0,119,363,19,501,35,218,452,19,724,266,0,266,990
02/12/2009,BFI,WA,ANM,WE,Towers with Radar,35,91,80,1,207,0,125,260,7,392,35,216,340,8,599,270,4,274,873
02/13/2009,BFI,WA,ANM,WE,Towers with Radar,32,99,97,1,229,2,125,261,4,392,34,224,358,5,621,256,0,256,877
02/14/2009,BFI,WA,ANM,WE,Towers with Radar,15,57,60,0,132,0,47,195,15,257,15,104,255,15,389,138,2,140,529
02/15/2009,BFI,WA,ANM,WE,Towers with Radar,8,27,41,0,76,0,61,176,0,237,8,88,217,0,313,144,0,144,457
02/16/2009,BFI,WA,ANM,WE,Towers with Radar,26,72,79,2,179,0,48,161,0,209,26,120,240,2,388,90,8,98,486
02/17/2009,BFI,WA,ANM,WE,Towers with Radar,33,98,76,7,214,0,66,162,6,234,33,164,238,13,448,184,6,190,638
02/18/2009,BFI,WA,ANM,WE,Towers with Radar,41,90,79,5,215,0,124,231,1,356,41,214,310,6,571,196,0,196,767
02/19/2009,BFI,WA,ANM,WE,Towers with Radar,33,86,80,1,200,0,132,251,5,388,33,218,331,6,588,254,0,254,842
02/20/2009,BFI,WA,ANM,WE,Towers with Radar,33,108,86,0,227,0,96,242,2,340,33,204,328,2,567,232,0,232,799
02/21/2009,BFI,WA,ANM,WE,Towers with Radar,12,40,48,2,102,0,86,281,0,367,12,126,329,2,469,218,0,218,687
02/22/2009,BFI,WA,ANM,WE,Towers with Radar,7,41,62,0,110,0,46,146,0,192,7,87,208,0,302,192,0,192,494
02/23/2009,BFI,WA,ANM,WE,Towers with Radar,25,95,61,0,181,2,60,181,9,252,27,155,242,9,433,146,0,146,579
02/24/2009,BFI,WA,ANM,WE,Towers with Radar,44,112,81,0,237,0,56,152,0,208,44,168,233,0,445,150,0,150,595
02/25/2009,BFI,WA,ANM,WE,Towers with Radar,42,112,81,0,235,0,69,110,0,179,42,181,191,0,414,126,0,126,540
02/26/2009,BFI,WA,ANM,WE,Towers with Radar,47,93,89,5,234,0,91,210,2,303,47,184,299,7,537,180,0,180,717
02/27/2009,BFI,WA,ANM,WE,Towers with Radar,47,96,90,8,241,0,155,424,11,590,47,251,514,19,831,330,24,354,1185
02/28/2009,BFI,WA,ANM,WE,Towers with Radar,10,29,48,0,87,0,92,240,0,332,10,121,288,0,419,216,0,216,635
03/01/2009,BFI,WA,ANM,WE,Towers with Radar,8,40,63,2,113,1,38,94,0,133,9,78,157,2,246,90,0,90,336
03/02/2009,BFI,WA,ANM,WE,Towers with Radar,24,77,60,0,161,0,57,115,4,176,24,134,175,4,337,106,0,106,443
03/03/2009,BFI,WA,ANM,WE,Towers with Radar,45,91,71,2,209,4,94,174,0,272,49,185,245,2,481,220,0,220,701
03/04/2009,BFI,WA,ANM,WE,Towers with Radar,37,100,74,3,214,0,66,182,0,248,37,166,256,3,462,192,0,192,654
03/05/2009,BFI,WA,ANM,WE,Towers with Radar,49,97,61,2,209,0,98,168,23,289,49,195,229,25,498,234,2,236,734
03/06/2009,BFI,WA,ANM,WE,Towers with Radar,39,85,105,1,230,0,113,342,4,459,39,198,447,5,689,316,0,316,1005
03/07/2009,BFI,WA,ANM,WE,Towers with Radar,18,42,30,0,90,0,27,49,0,76,18,69,79,0,166,36,0,36,202
03/08/2009,BFI,WA,ANM,WE,Towers with Radar,7,38,79,1,125,0,24,67,0,91,7,62,146,1,216,78,0,78,294
03/09/2009,BFI,WA,ANM,WE,Towers with Radar,26,111,54,0,191,0,39,24,0,63,26,150,78,0,254,38,0,38,292
03/10/2009,BFI,WA,ANM,WE,Towers with Radar,41,91,75,0,207,0,86,204,0,290,41,177,279,0,497,312,0,312,809
03/11/2009,BFI,WA,ANM,WE,Towers with Radar,39,94,84,0,217,1,153,293,0,447,40,247,377,0,664,246,0,246,910
03/12/2009,BFI,WA,ANM,WE,Towers with Radar,37,83,90,0,210,0,129,299,7,435,37,212,389,7,645,318,0,318,963
03/13/2009,BFI,WA,ANM,WE,Towers with Radar,36,89,93,0,218,0,131,350,2,483,36,220,443,2,701,314,0,314,1015
03/14/2009,BFI,WA,ANM,WE,Towers with Radar,14,52,36,1,103,0,28,97,1,126,14,80,133,2,229,78,0,78,307
03/15/2009,BFI,WA,ANM,WE,Towers with Radar,9,51,30,1,91,0,29,22,0,51,9,80,52,1,142,28,0,28,170
03/16/2009,BFI,WA,ANM,WE,Towers with Radar,25,106,61,0,192,0,47,65,0,112,25,153,126,0,304,98,0,98,402
03/17/2009,BFI,WA,ANM,WE,Towers with Radar,39,98,74,0,211,0,88,173,0,261,39,186,247,0,472,154,0,154,626
03/18/2009,BFI,WA,ANM,WE,Towers with Radar,39,73,89,0,201,0,125,286,0,411,39,198,375,0,612,212,4,216,828
03/19/2009,BFI,WA,ANM,WE,Towers with Radar,39,104,105,0,248,0,85,219,4,308,39,189,324,4,556,216,6,222,778
03/20/2009,BFI,WA,ANM,WE,Towers with Radar,38,99,80,1,218,0,73,111,0,184,38,172,191,1,402,146,16,162,564
03/21/2009,BFI,WA,ANM,WE,Towers with Radar,17,37,68,1,123,0,57,214,0,271,17,94,282,1,394,208,12,220,614
03/22/2009,BFI,WA,ANM,WE,Towers with Radar,15,35,63,3,116,1,33,110,4,148,16,68,173,7,264,152,4,156,420
03/23/2009,BFI,WA,ANM,WE,Towers with Radar,23,94,70,3,190,0,84,78,0,162,23,178,148,3,352,88,0,88,440
03/24/2009,BFI,WA,ANM,WE,Towers with Radar,40,108,54,2,204,0,49,127,2,178,40,157,181,4,382,156,0,156,538
03/25/2009,BFI,WA,ANM,WE,Towers with Radar,42,107,77,4,230,0,54,78,17,149,42,161,155,21,379,80,0,80,459
03/26/2009,BFI,WA,ANM,WE,Towers with Radar,39,97,90,1,227,0,177,369,9,555,39,274,459,10,782,250,0,250,1032
03/27/2009,BFI,WA,ANM,WE,Towers with Radar,35,112,85,7,239,0,95,165,2,262,35,207,250,9,501,268,4,272,773
03/28/2009,BFI,WA,ANM,WE,Towers with Radar,16,48,28,1,93,0,23,65,0,88,16,71,93,1,181,110,0,110,291
03/29/2009,BFI,WA,ANM,WE,Towers with Radar,14,34,64,2,114,0,34,234,2,270,14,68,298,4,384,200,0,200,584
03/30/2009,BFI,WA,ANM,WE,Towers with Radar,26,87,56,2,171,0,73,138,5,216,26,160,194,7,387,66,2,68,455
03/31/2009,BFI,WA,ANM,WE,Towers with Radar,46,99,57,2,204,0,62,164,0,226,46,161,221,2,430,190,0,190,620
04/01/2009,BFI,WA,ANM,WE,Towers with Radar,60,103,64,0,227,0,48,40,0,88,60,151,104,0,315,34,0,34,349
04/02/2009,BFI,WA,ANM,WE,Towers with Radar,45,126,59,0,230,0,64,108,2,174,45,190,167,2,404,50,0,50,454
04/03/2009,BFI,WA,ANM,WE,Towers with Radar,45,100,87,0,232,0,165,346,4,515,45,265,433,4,747,198,0,198,945
04/04/2009,BFI,WA,ANM,WE,Towers with Radar,25,38,40,1,104,0,116,381,0,497,25,154,421,1,601,292,0,292,893
04/05/2009,BFI,WA,ANM,WE,Towers with Radar,10,30,53,8,101,1,78,375,5,459,11,108,428,13,560,334,0,334,894
04/06/2009,BFI,WA,ANM,WE,Towers with Radar,36,70,55,0,161,0,108,287,0,395,36,178,342,0,556,194,0,194,750
04/07/2009,BFI,WA,ANM,WE,Towers with Radar,53,76,67,3,199,0,118,333,2,453,53,194,400,5,652,246,0,246,898
04/08/2009,BFI,WA,ANM,WE,Towers with Radar,46,96,77,1,220,0,125,229,6,360,46,221,306,7,580,222,2,224,804
04/09/2009,BFI,WA,ANM,WE,Towers with Radar,30,91,79,0,200,0,130,281,12,423,30,221,360,12,623,224,2,226,849
04/10/2009,BFI,WA,ANM,WE,Towers with Radar,34,102,94,0,230,0,94,203,0,297,34,196,297,0,527,202,0,202,729
04/11/2009,BFI,WA,ANM,WE,Towers with Radar,11,45,44,0,100,0,94,209,6,309,11,139,253,6,409,186,0,186,595
04/12/2009,BFI,WA,ANM,WE,Towers with Radar,9,41,33,0,83,2,30,21,0,53,11,71,54,0,136,22,0,22,158
04/13/2009,BFI,WA,ANM,WE,Towers with Radar,22,123,64,1,210,0,66,89,1,156,22,189,153,2,366,26,0,26,392
04/14/2009,BFI,WA,ANM,WE,Towers with Radar,37,120,78,15,250,0,111,250,1,362,37,231,328,16,612,220,6,226,838
04/15/2009,BFI,WA,ANM,WE,Towers with Radar,45,102,112,10,269,0,72,245,0,317,45,174,357,10,586,266,0,266,852
04/16/2009,BFI,WA,ANM,WE,Towers with Radar,38,101,78,8,225,0,122,314,0,436,38,223,392,8,661,172,0,172,833
04/17/2009,BFI,WA,ANM,WE,Towers with Radar,33,99,86,13,231,1,116,220,1,338,34,215,306,14,569,177,0,177,746
04/18/2009,BFI,WA,ANM,WE,Towers with Radar,15,34,51,0,100,0,114,356,0,470,15,148,407,0,570,266,0,266,836
04/19/2009,BFI,WA,ANM,WE,Towers with Radar,7,32,53,0,92,0,59,291,1,351,7,91,344,1,443,258,0,258,701
04/20/2009,BFI,WA,ANM,WE,Towers with Radar,28,74,68,4,174,0,114,303,9,426,28,188,371,13,600,280,2,282,882
04/21/2009,BFI,WA,ANM,WE,Towers with Radar,39,87,64,1,191,0,112,347,10,469,39,199,411,11,660,256,0,256,916
04/22/2009,BFI,WA,ANM,WE,Towers with Radar,43,94,99,4,240,9,86,162,0,257,52,180,261,4,497,204,0,204,701
04/23/2009,BFI,WA,ANM,WE,Towers with Radar,51,101,105,1,258,0,139,351,0,490,51,240,456,1,748,202,16,218,966
04/24/2009,BFI,WA,ANM,WE,Towers with Radar,30,70,95,5,200,6,194,496,5,701,36,264,591,10,901,354,0,354,1255
04/25/2009,BFI,WA,ANM,WE,Towers with Radar,11,44,42,1,98,0,168,264,0,432,11,212,306,1,530,246,8,254,784
04/26/2009,BFI,WA,ANM,WE,Towers with Radar,3,35,46,2,86,0,42,220,8,270,3,77,266,10,356,228,2,230,586
04/27/2009,BFI,WA,ANM,WE,Towers with Radar,29,86,100,1,216,3,114,222,20,359,32,200,322,21,575,182,0,182,757
04/28/2009,BFI,WA,ANM,WE,Towers with Radar,37,93,77,0,207,0,71,153,0,224,37,164,230,0,431,102,14,116,547
04/29/2009,BFI,WA,ANM,WE,Towers with Radar,40,95,69,6,210,3,88,244,17,352,43,183,313,23,562,196,6,202,764
04/30/2009,BFI,WA,ANM,WE,Towers with Radar,41,82,104,13,240,0,140,350,2,492,41,222,454,15,732,206,0,206,938
05/01/2009,BFI,WA,ANM,WE,Towers with Radar,38,75,82,14,209,2,202,494,0,698,40,277,576,14,907,242,18,260,1167
05/02/2009,BFI,WA,ANM,WE,Towers with Radar,10,37,63,3,113,6,76,215,11,308,16,113,278,14,421,162,10,172,593
05/03/2009,BFI,WA,ANM,WE,Towers with Radar,7,36,73,0,116,0,77,274,0,351,7,113,347,0,467,218,0,218,685
05/04/2009,BFI,WA,ANM,WE,Towers with Radar,26,94,84,3,207,0,99,153,0,252,26,193,237,3,459,70,0,70,529
05/05/2009,BFI,WA,ANM,WE,Towers with Radar,36,126,59,0,221,0,85,164,6,255,36,211,223,6,476,120,0,120,596
05/06/2009,BFI,WA,ANM,WE,Towers with Radar,34,118,85,5,242,2,69,82,0,153,36,187,167,5,395,146,0,146,541
05/07/2009,BFI,WA,ANM,WE,Towers with Radar,45,111,118,5,279,0,151,271,12,434,45,262,389,17,713,162,0,162,875
05/08/2009,BFI,WA,ANM,WE,Towers with Radar,45,117,97,10,269,0,201,445,1,647,45,318,542,11,916,378,0,378,1294
05/09/2009,BFI,WA,ANM,WE,Towers with Radar,8,40,74,3,125,0,134,433,1,568,8,174,507,4,693,276,8,284,977
05/10/2009,BFI,WA,ANM,WE,Towers with Radar,4,46,47,0,97,0,60,291,0,351,4,106,338,0,448,196,0,196,644
05/11/2009,BFI,WA,ANM,WE,Towers with Radar,28,105,79,2,214,0,79,142,5,226,28,184,221,7,440,146,0,146,586
05/12/2009,BFI,WA,ANM,WE,Towers with Radar,40,125,77,5,247,0,83,245,4,332,40,208,322,9,579,210,4,214,793
05/13/2009,BFI,WA,ANM,WE,Towers with Radar,40,120,83,5,248,0,77,208,0,285,40,197,291,5,533,186,0,186,719
05/14/2009,BFI,WA,ANM,WE,Towers with Radar,44,131,89,10,274,0,113,240,9,362,44,244,329,19,636,124,10,134,770
05/15/2009,BFI,WA,ANM,WE,Towers with Radar,47,98,95,0,240,6,213,418,6,643,53,311,513,6,883,292,0,292,1175
05/16/2009,BFI,WA,ANM,WE,Towers with Radar,14,30,62,4,110,27,189,396,58,670,41,219,458,62,780,140,12,152,932
05/17/2009,BFI,WA,ANM,WE,Towers with Radar,10,36,54,3,103,0,79,358,0,437,10,115,412,3,540,226,0,226,766
05/18/2009,BFI,WA,ANM,WE,Towers with Radar,30,116,95,2,243,0,72,207,2,281,30,188,302,4,524,202,6,208,732
05/19/2009,BFI,WA,ANM,WE,Towers with Radar,54,132,85,12,283,0,77,173,0,250,54,209,258,12,533,162,0,162,695
05/20/2009,BFI,WA,ANM,WE,Towers with Radar,55,105,93,14,267,0,167,326,0,493,55,272,419,14,760,342,12,354,1114
05/21/2009,BFI,WA,ANM,WE,Towers with Radar,49,100,117,11,277,0,219,473,9,701,49,319,590,20,978,302,10,312,1290
05/22/2009,BFI,WA,ANM,WE,Towers with Radar,51,111,100,6,268,1,262,527,2,792,52,373,627,8,1060,486,0,486,1546
05/23/2009,BFI,WA,ANM,WE,Towers with Radar,6,41,39,0,86,0,124,509,0,633,6,165,548,0,719,290,0,290,1009
05/24/2009,BFI,WA,ANM,WE,Towers with Radar,4,42,39,0,85,6,61,282,2,351,10,103,321,2,436,194,0,194,630
05/25/2009,BFI,WA,ANM,WE,Towers with Radar,0,59,79,0,138,0,94,375,0,469,0,153,454,0,607,286,0,286,893
05/26/2009,BFI,WA,ANM,WE,Towers with Radar,22,122,108,1,253,0,98,286,11,395,22,220,394,12,648,198,0,198,846
05/27/2009,BFI,WA,ANM,WE,Towers with Radar,31,123,93,6,253,0,143,332,20,495,31,266,425,26,748,316,0,316,1064
05/28/2009,BFI,WA,ANM,WE,Towers with Radar,33,91,83,6,213,0,154,386,3,543,33,245,469,9,756,242,0,242,998
05/29/2009,BFI,WA,ANM,WE,Towers with Radar,35,83,71,4,193,0,191,515,6,712,35,274,586,10,905,332,14,346,1251
05/30/2009,BFI,WA,ANM,WE,Towers with Radar,11,41,42,5,99,0,135,405,1,541,11,176,447,6,640,378,0,378,1018
05/31/2009,BFI,WA,ANM,WE,Towers with Radar,4,39,54,1,98,0,70,307,0,377,4,109,361,1,475,212,0,212,687
06/01/2009,BFI,WA,ANM,WE,Towers with Radar,18,70,60,7,155,0,108,259,0,367,18,178,319,7,522,174,0,174,696
06/02/2009,BFI,WA,ANM,WE,Towers with Radar,36,92,79,4,211,0,138,342,0,480,36,230,421,4,691,286,0,286,977
06/03/2009,BFI,WA,ANM,WE,Towers with Radar,44,88,77,4,213,0,133,334,1,468,44,221,411,5,681,190,0,190,871
06/04/2009,BFI,WA,ANM,WE,Towers with Radar,37,88,99,2,226,0,217,413,4,634,37,305,512,6,860,250,0,250,1110
06/05/2009,BFI,WA,ANM,WE,Towers with Radar,31,115,127,4,277,0,120,438,5,563,31,235,565,9,840,174,0,174,1014
06/06/2009,BFI,WA,ANM,WE,Towers with Radar,12,44,71,6,133,0,91,193,2,286,12,135,264,8,419,138,0,138,557
06/07/2009,BFI,WA,ANM,WE,Towers with Radar,8,38,53,5,104,0,56,254,6,316,8,94,307,11,420,142,0,142,562
06/08/2009,BFI,WA,ANM,WE,Towers with Radar,28,75,67,2,172,0,102,247,0,349,28,177,314,2,521,132,0,132,653
06/09/2009,BFI,WA,ANM,WE,Towers with Radar,35,94,77,6,212,0,133,359,1,493,35,227,436,7,705,264,0,264,969
06/10/2009,BFI,WA,ANM,WE,Towers with Radar,34,109,104,4,251,1,131,302,1,435,35,240,406,5,686,206,0,206,892
06/11/2009,BFI,WA,ANM,WE,Towers with Radar,34,102,100,0,236,0,117,303,0,420,34,219,403,0,656,282,0,282,938
06/12/2009,BFI,WA,ANM,WE,Towers with Radar,35,117,112,6,270,0,111,383,11,505,35,228,495,17,775,314,24,338,1113
06/13/2009,BFI,WA,ANM,WE,Towers with Radar,10,34,38,5,87,0,79,259,0,338,10,113,297,5,425,268,0,268,693
06/14/2009,BFI,WA,ANM,WE,Towers with Radar,6,51,104,1,162,0,61,217,8,286,6,112,321,9,448,180,10,190,638
06/15/2009,BFI,WA,ANM,WE,Towers with Radar,36,87,85,0,208,0,108,357,0,465,36,195,442,0,673,188,0,188,861
06/16/2009,BFI,WA,ANM,WE,Towers with Radar,41,91,76,2,210,0,102,299,0,401,41,193,375,2,611,282,0,282,893
06/17/2009,BFI,WA,ANM,WE,Towers with Radar,0,134,218,4,356,0,134,218,0,352,0,268,436,4,708,326,0,326,1034
06/18/2009,BFI,WA,ANM,WE,Towers with Radar,41,121,99,1,262,0,137,313,16,466,41,258,412,17,728,294,0,294,1022
06/19/2009,BFI,WA,ANM,WE,Towers with Radar,40,117,105,5,267,0,91,218,2,311,40,208,323,7,578,188,0,188,766
06/20/2009,BFI,WA,ANM,WE,Towers with Radar,7,51,67,4,129,42,152,435,0,629,49,203,502,4,758,290,14,304,1062
06/21/2009,BFI,WA,ANM,WE,Towers with Radar,10,41,65,2,118,0,84,222,0,306,10,125,287,2,424,166,0,166,590
06/22/2009,BFI,WA,ANM,WE,Towers with Radar,27,117,98,2,244,4,96,246,0,346,31,213,344,2,590,174,0,174,764
06/23/2009,BFI,WA,ANM,WE,Towers with Radar,48,95,80,12,235,0,118,341,0,459,48,213,421,12,694,294,2,296,990
06/24/2009,BFI,WA,ANM,WE,Towers with Radar,58,131,75,11,275,0,138,287,4,429,58,269,362,15,704,352,4,356,1060
06/25/2009,BFI,WA,ANM,WE,Towers with Radar,45,120,83,9,257,0,139,240,10,389,45,259,323,19,646,118,4,122,768
06/26/2009,BFI,WA,ANM,WE,Towers with Radar,35,98,76,6,215,0,127,413,0,540,35,225,489,6,755,230,6,236,991
06/27/2009,BFI,WA,ANM,WE,Towers with Radar,17,33,46,4,100,0,100,486,0,586,17,133,532,4,686,278,0,278,964
06/28/2009,BFI,WA,ANM,WE,Towers with Radar,11,51,73,2,137,0,73,317,1,391,11,124,390,3,528,174,0,174,702
06/29/2009,BFI,WA,ANM,WE,Towers with Radar,23,72,72,3,170,0,129,333,0,462,23,201,405,3,632,224,0,224,856
06/30/2009,BFI,WA,ANM,WE,Towers with Radar,46,90,59,0,195,0,179,426,3,608,46,269,485,3,803,296,0,296,1099
07/01/2009,BFI,WA,ANM,WE,Towers with Radar,39,89,51,2,181,0,134,337,2,473,39,223,388,4,654,264,0,264,918
07/02/2009,BFI,WA,ANM,WE,Towers with Radar,34,96,76,3,209,0,190,530,0,720,34,286,606,3,929,330,0,330,1259
07/03/2009,BFI,WA,ANM,WE,Towers with Radar,22,49,51,2,124,0,180,417,0,597,22,229,468,2,721,238,0,238,959
07/04/2009,BFI,WA,ANM,WE,Towers with Radar,5,23,18,4,50,0,164,193,8,365,5,187,211,12,415,152,6,158,573
07/05/2009,BFI,WA,ANM,WE,Towers with Radar,10,35,61,5,111,0,126,389,0,515,10,161,450,5,626,214,0,214,840
07/06/2009,BFI,WA,ANM,WE,Towers with Radar,23,109,66,4,202,0,76,160,0,236,23,185,226,4,438,214,0,214,652
07/07/2009,BFI,WA,ANM,WE,Towers with Radar,42,120,86,4,252,1,112,249,0,362,43,232,335,4,614,224,4,228,842
07/08/2009,BFI,WA,ANM,WE,Towers with Radar,45,119,97,3,264,0,105,253,0,358,45,224,350,3,622,210,0,210,832
07/09/2009,BFI,WA,ANM,WE,Towers with Radar,38,125,114,10,287,0,198,409,4,611,38,323,523,14,898,318,6,324,1222
07/10/2009,BFI,WA,ANM,WE,Towers with Radar,30,81,87,10,208,1,154,368,2,525,31,235,455,12,733,264,4,268,1001
07/11/2009,BFI,WA,ANM,WE,Towers with Radar,16,31,62,11,120,0,94,368,2,464,16,125,430,13,584,180,2,182,766
07/12/2009,BFI,WA,ANM,WE,Towers with Radar,10,55,106,2,173,0,43,124,16,183,10,98,230,18,356,198,2,200,556
07/13/2009,BFI,WA,ANM,WE,Towers with Radar,26,129,114,5,274,0,68,152,6,226,26,197,266,11,500,144,0,144,644
07/14/2009,BFI,WA,ANM,WE,Towers with Radar,42,109,102,3,256,0,107,292,3,402,42,216,394,6,658,312,0,312,970
07/15/2009,BFI,WA,ANM,WE,Towers with Radar,43,90,92,0,225,0,167,306,0,473,43,257,398,0,698,318,0,318,1016
07/16/2009,BFI,WA,ANM,WE,Towers with Radar,41,82,121,0,244,0,193,437,1,631,41,275,558,1,875,230,8,238,1113
07/17/2009,BFI,WA,ANM,WE,Towers with Radar,38,77,79,0,194,0,151,453,0,604,38,228,532,0,798,230,0,230,1028
07/18/2009,BFI,WA,ANM,WE,Towers with Radar,11,36,52,2,101,0,92,407,1,500,11,128,459,3,601,402,2,404,1005
07/19/2009,BFI,WA,ANM,WE,Towers with Radar,13,51,85,0,149,0,152,376,0,528,13,203,461,0,677,212,0,212,889
07/20/2009,BFI,WA,ANM,WE,Towers with Radar,24,81,92,1,198,0,134,295,0,429,24,215,387,1,627,204,0,204,831
07/21/2009,BFI,WA,ANM,WE,Towers with Radar,43,93,88,4,228,1,165,366,40,572,44,258,454,44,800,202,0,202,1002
07/22/2009,BFI,WA,ANM,WE,Towers with Radar,43,108,109,11,271,0,144,335,4,483,43,252,444,15,754,390,0,390,1144
07/23/2009,BFI,WA,ANM,WE,Towers with Radar,43,127,114,4,288,0,142,318,4,464,43,269,432,8,752,188,0,188,940
07/24/2009,BFI,WA,ANM,WE,Towers with Radar,35,109,76,6,226,0,141,341,2,484,35,250,417,8,710,188,0,188,898
07/25/2009,BFI,WA,ANM,WE,Towers with Radar,14,44,53,1,112,0,94,329,3,426,14,138,382,4,538,166,4,170,708
07/26/2009,BFI,WA,ANM,WE,Towers with Radar,10,38,77,5,130,0,105,365,2,472,10,143,442,7,602,188,0,188,790
07/27/2009,BFI,WA,ANM,WE,Towers with Radar,23,72,83,9,187,0,107,298,5,410,23,179,381,14,597,98,0,98,695
07/28/2009,BFI,WA,ANM,WE,Towers with Radar,46,93,84,15,238,0,311,461,22,794,46,404,545,37,1032,356,0,356,1388
07/29/2009,BFI,WA,ANM,WE,Towers with Radar,32,100,128,3,263,0,142,278,14,434,32,242,406,17,697,182,0,182,879
07/30/2009,BFI,WA,ANM,WE,Towers with Radar,42,84,108,9,243,0,183,355,32,570,42,267,463,41,813,138,0,138,951
07/31/2009,BFI,WA,ANM,WE,Towers with Radar,32,100,95,2,229,0,96,253,29,378,32,196,348,31,607,210,0,210,817
08/01/2009,BFI,WA,ANM,WE,Towers with Radar,9,56,59,1,125,0,86,351,49,486,9,142,410,50,611,104,62,166,777
08/02/2009,BFI,WA,ANM,WE,Towers with Radar,3,33,63,0,99,0,71,293,40,404,3,104,356,40,503,152,0,152,655
08/03/2009,BFI,WA,ANM,WE,Towers with Radar,28,72,77,4,181,0,87,340,3,430,28,159,417,7,611,154,0,154,765
08/04/2009,BFI,WA,ANM,WE,Towers with Radar,47,111,103,4,265,0,132,418,15,565,47,243,521,19,830,350,0,350,1180
08/05/2009,BFI,WA,ANM,WE,Towers with Radar,37,115,127,2,281,0,179,276,2,457,37,294,403,4,738,428,0,428,1166
08/06/2009,BFI,WA,ANM,WE,Towers with Radar,40,115,124,1,280,0,118,329,0,447,40,233,453,1,727,290,0,290,1017
08/07/2009,BFI,WA,ANM,WE,Towers with Radar,30,130,131,10,301,0,177,333,6,516,30,307,464,16,817,388,0,388,1205
08/08/2009,BFI,WA,ANM,WE,Towers with Radar,7,69,94,2,172,0,63,296,4,363,7,132,390,6,535,344,0,344,879
08/09/2009,BFI,WA,ANM,WE,Towers with Radar,8,72,110,2,192,0,92,231,2,325,8,164,341,4,517,186,0,186,703
08/10/2009,BFI,WA,ANM,WE,Towers with Radar,31,115,108,3,257,0,87,201,0,288,31,202,309,3,545,264,0,264,809
08/11/2009,BFI,WA,ANM,WE,Towers with Radar,51,135,79,3,268,1,118,331,2,452,52,253,410,5,720,430,0,430,1150
08/12/2009,BFI,WA,ANM,WE,Towers with Radar,37,118,107,2,264,0,115,305,1,421,37,233,412,3,685,412,0,412,1097
08/13/2009,BFI,WA,ANM,WE,Towers with Radar,41,147,90,4,282,0,102,249,2,353,41,249,339,6,635,252,0,252,887
08/14/2009,BFI,WA,ANM,WE,Towers with Radar,23,124,134,0,281,0,148,372,0,520,23,272,506,0,801,396,0,396,1197
08/15/2009,BFI,WA,ANM,WE,Towers with Radar,8,42,74,2,126,0,148,407,0,555,8,190,481,2,681,306,0,306,987
08/16/2009,BFI,WA,ANM,WE,Towers with Radar,8,46,95,0,149,0,125,573,11,709,8,171,668,11,858,300,0,300,1158
08/17/2009,BFI,WA,ANM,WE,Towers with Radar,29,79,82,1,191,0,118,437,6,561,29,197,519,7,752,256,0,256,1008
08/18/2009,BFI,WA,ANM,WE,Towers with Radar,40,96,79,0,215,0,167,463,4,634,40,263,542,4,849,366,0,366,1215
08/19/2009,BFI,WA,ANM,WE,Towers with Radar,50,89,97,0,236,0,143,381,6,530,50,232,478,6,766,258,2,260,1026
08/20/2009,BFI,WA,ANM,WE,Towers with Radar,33,93,94,1,221,0,185,452,4,641,33,278,546,5,862,284,0,284,1146
08/21/2009,BFI,WA,ANM,WE,Towers with Radar,33,130,104,2,269,0,174,363,1,538,33,304,467,3,807,334,0,334,1141
08/22/2009,BFI,WA,ANM,WE,Towers with Radar,7,41,67,2,117,0,109,399,0,508,7,150,466,2,625,372,0,372,997
08/23/2009,BFI,WA,ANM,WE,Towers with Radar,7,42,91,0,140,0,111,339,0,450,7,153,430,0,590,314,0,314,904
08/24/2009,BFI,WA,ANM,WE,Towers with Radar,34,89,78,0,201,0,109,384,2,495,34,198,462,2,696,234,0,234,930
08/25/2009,BFI,WA,ANM,WE,Towers with Radar,55,105,112,0,272,0,123,234,0,357,55,228,346,0,629,222,0,222,851
08/26/2009,BFI,WA,ANM,WE,Towers with Radar,60,86,94,2,242,0,132,279,3,414,60,218,373,5,656,262,0,262,918
08/27/2009,BFI,WA,ANM,WE,Towers with Radar,35,99,82,1,217,0,148,384,0,532,35,247,466,1,749,204,0,204,953
08/28/2009,BFI,WA,ANM,WE,Towers with Radar,36,88,95,2,221,6,135,290,20,451,42,223,385,22,672,240,26,266,938
08/29/2009,BFI,WA,ANM,WE,Towers with Radar,17,55,73,0,145,0,69,203,0,272,17,124,276,0,417,184,0,184,601
08/30/2009,BFI,WA,ANM,WE,Towers with Radar,6,54,55,0,115,0,65,284,0,349,6,119,339,0,464,282,0,282,746
08/31/2009,BFI,WA,ANM,WE,Towers with Radar,30,117,93,0,240,0,92,184,0,276,30,209,277,0,516,148,0,148,664
09/01/2009,BFI,WA,ANM,WE,Towers with Radar,56,135,104,0,295,0,80,145,0,225,56,215,249,0,520,202,0,202,722
09/02/2009,BFI,WA,ANM,WE,Towers with Radar,43,105,88,2,238,0,92,227,4,323,43,197,315,6,561,126,8,134,695
09/03/2009,BFI,WA,ANM,WE,Towers with Radar,41,121,111,4,277,0,150,314,1,465,41,271,425,5,742,280,0,280,1022
09/04/2009,BFI,WA,ANM,WE,Towers with Radar,36,99,97,0,232,0,137,419,0,556,36,236,516,0,788,260,0,260,1048
09/05/2009,BFI,WA,ANM,WE,Towers with Radar,8,33,60,0,101,0,70,208,0,278,8,103,268,0,379,234,0,234,613
09/06/2009,BFI,WA,ANM,WE,Towers with Radar,0,49,41,0,90,0,32,100,0,132,0,81,141,0,222,136,0,136,358
09/07/2009,BFI,WA,ANM,WE,Towers with Radar,2,54,102,0,158,0,73,162,0,235,2,127,264,0,393,148,0,148,541
09/08/2009,BFI,WA,ANM,WE,Towers with Radar,52,109,74,1,236,0,83,205,0,288,52,192,279,1,524,174,0,174,698
09/09/2009,BFI,WA,ANM,WE,Towers with Radar,49,117,84,2,252,0,76,163,0,239,49,193,247,2,491,236,0,236,727
09/10/2009,BFI,WA,ANM,WE,Towers with Radar,41,92,103,3,239,0,151,339,5,495,41,243,442,8,734,454,0,454,1188
09/11/2009,BFI,WA,ANM,WE,Towers with Radar,39,91,89,5,224,0,151,374,9,534,39,242,463,14,758,296,0,296,1054
09/12/2009,BFI,WA,ANM,WE,Towers with Radar,14,37,62,0,113,0,75,401,0,476,14,112,463,0,589,308,0,308,897
09/13/2009,BFI,WA,ANM,WE,Towers with Radar,13,49,76,0,138,0,112,305,1,418,13,161,381,1,556,266,0,266,822
09/14/2009,BFI,WA,ANM,WE,Towers with Radar,26,98,111,2,237,0,95,277,1,373,26,193,388,3,610,194,0,194,804
09/15/2009,BFI,WA,ANM,WE,Towers with Radar,39,98,85,1,223,0,167,320,0,487,39,265,405,1,710,320,0,320,1030
09/16/2009,BFI,WA,ANM,WE,Towers with Radar,40,119,109,0,268,0,120,190,0,310,40,239,299,0,578,264,0,264,842
09/17/2009,BFI,WA,ANM,WE,Towers with Radar,45,104,121,0,270,0,113,248,1,362,45,217,369,1,632,232,0,232,864
09/18/2009,BFI,WA,ANM,WE,Towers with Radar,46,80,84,4,214,4,189,383,0,576,50,269,467,4,790,312,0,312,1102
09/19/2009,BFI,WA,ANM,WE,Towers with Radar,13,53,70,1,137,0,51,180,0,231,13,104,250,1,368,176,0,176,544
09/20/2009,BFI,WA,ANM,WE,Towers with Radar,8,26,76,0,110,0,86,265,1,352,8,112,341,1,462,214,2,216,678
09/21/2009,BFI,WA,ANM,WE,Towers with Radar,21,92,89,0,202,0,149,265,1,415,21,241,354,1,617,240,0,240,857
09/22/2009,BFI,WA,ANM,WE,Towers with Radar,44,93,97,0,234,0,122,334,9,465,44,215,431,9,699,224,12,236,935
09/23/2009,BFI,WA,ANM,WE,Towers with Radar,34,88,98,7,227,2,113,318,0,433,36,201,416,7,660,238,8,246,906
09/24/2009,BFI,WA,ANM,WE,Towers with Radar,41,114,82,7,244,0,113,282,6,401,41,227,364,13,645,196,0,196,841
09/25/2009,BFI,WA,ANM,WE,Towers with Radar,46,96,80,2,224,0,223,510,1,734,46,319,590,3,958,342,0,342,1300
09/26/2009,BFI,WA,ANM,WE,Towers with Radar,10,48,55,0,113,0,102,329,0,431,10,150,384,0,544,302,0,302,846
09/27/2009,BFI,WA,ANM,WE,Towers with Radar,8,41,76,0,125,0,101,300,0,401,8,142,376,0,526,204,0,204,730
09/28/2009,BFI,WA,ANM,WE,Towers with Radar,23,89,66,2,180,0,88,143,0,231,23,177,209,2,411,72,0,72,483
09/29/2009,BFI,WA,ANM,WE,Towers with Radar,37,119,60,5,221,1,101,75,0,177,38,220,135,5,398,102,0,102,500
09/30/2009,BFI,WA,ANM,WE,Towers with Radar,36,112,82,4,234,0,93,179,0,272,36,205,261,4,506,162,0,162,668
10/01/2009,BFI,WA,ANM,WE,Towers with Radar,48,128,119,5,300,0,143,188,2,333,48,271,307,7,633,214,0,214,847
10/02/2009,BFI,WA,ANM,WE,Towers with Radar,25,111,90,5,231,0,116,197,0,313,25,227,287,5,544,184,0,184,728
10/03/2009,BFI,WA,ANM,WE,Towers with Radar,12,48,57,0,117,0,84,135,0,219,12,132,192,0,336,118,0,118,454
10/04/2009,BFI,WA,ANM,WE,Towers with Radar,7,40,72,3,122,0,105,280,0,385,7,145,352,3,507,240,0,240,747
10/05/2009,BFI,WA,ANM,WE,Towers with Radar,26,77,69,5,177,0,76,217,6,299,26,153,286,11,476,66,0,66,542
10/06/2009,BFI,WA,ANM,WE,Towers with Radar,33,96,71,1,201,10,161,240,27,438,43,257,311,28,639,156,0,156,795
10/07/2009,BFI,WA,ANM,WE,Towers with Radar,27,102,79,1,209,0,118,281,0,399,27,220,360,1,608,282,0,282,890
10/08/2009,BFI,WA,ANM,WE,Towers with Radar,43,103,72,1,219,0,135,288,10,433,43,238,360,11,652,258,0,258,910
10/09/2009,BFI,WA,ANM,WE,Towers with Radar,63,102,109,5,279,0,164,407,0,571,63,266,516,5,850,380,0,380,1230
10/10/2009,BFI,WA,ANM,WE,Towers with Radar,16,54,43,3,116,0,87,325,0,412,16,141,368,3,528,242,0,242,770
10/11/2009,BFI,WA,ANM,WE,Towers with Radar,4,43,84,0,131,0,97,507,0,604,4,140,591,0,735,424,4,428,1163
10/12/2009,BFI,WA,ANM,WE,Towers with Radar,32,60,77,0,169,4,104,210,3,321,36,164,287,3,490,132,0,132,622
10/13/2009,BFI,WA,ANM,WE,Towers with Radar,42,101,64,0,207,0,87,103,0,190,42,188,167,0,397,134,0,134,531
10/14/2009,BFI,WA,ANM,WE,Towers with Radar,37,129,81,4,251,0,59,66,0,125,37,188,147,4,376,114,0,114,490
10/15/2009,BFI,WA,ANM,WE,Towers with Radar,39,123,85,4,251,0,140,213,0,353,39,263,298,4,604,182,4,186,790
10/16/2009,BFI,WA,ANM,WE,Towers with Radar,34,121,111,0,266,0,80,57,0,137,34,201,168,0,403,24,2,26,429
10/17/2009,BFI,WA,ANM,WE,Towers with Radar,13,56,49,2,120,0,29,39,0,68,13,85,88,2,188,20,0,20,208
10/18/2009,BFI,WA,ANM,WE,Towers with Radar,5,45,85,1,136,0,47,203,0,250,5,92,288,1,386,264,0,264,650
10/19/2009,BFI,WA,ANM,WE,Towers with Radar,26,105,109,7,247,0,59,114,0,173,26,164,223,7,420,86,0,86,506
10/20/2009,BFI,WA,ANM,WE,Towers with Radar,34,114,96,3,247,0,69,102,6,177,34,183,198,9,424,100,0,100,524
10/21/2009,BFI,WA,ANM,WE,Towers with Radar,40,115,89,15,259,0,64,73,0,137,40,179,162,15,396,142,0,142,538
10/22/2009,BFI,WA,ANM,WE,Towers with Radar,42,109,98,3,252,0,130,220,6,356,42,239,318,9,608,206,0,206,814
10/23/2009,BFI,WA,ANM,WE,Towers with Radar,31,121,89,6,247,0,69,109,0,178,31,190,198,6,425,174,0,174,599
10/24/2009,BFI,WA,ANM,WE,Towers with Radar,23,58,62,1,144,0,85,332,0,417,23,143,394,1,561,184,0,184,745
10/25/2009,BFI,WA,ANM,WE,Towers with Radar,2,52,59,0,113,2,54,125,0,181,4,106,184,0,294,184,0,184,478
10/26/2009,BFI,WA,ANM,WE,Towers with Radar,18,119,84,0,221,0,50,52,2,104,18,169,136,2,325,20,0,20,345
10/27/2009,BFI,WA,ANM,WE,Towers with Radar,40,106,61,2,209,0,83,199,0,282,40,189,260,2,491,158,0,158,649
10/28/2009,BFI,WA,ANM,WE,Towers with Radar,33,107,95,4,239,0,79,200,2,281,33,186,295,6,520,180,0,180,700
10/29/2009,BFI,WA,ANM,WE,Towers with Radar,36,123,104,1,264,0,58,74,0,132,36,181,178,1,396,38,0,38,434
10/30/2009,BFI,WA,ANM,WE,Towers with Radar,36,112,71,3,222,0,111,214,0,325,36,223,285,3,547,136,0,136,683
10/31/2009,BFI,WA,ANM,WE,Towers with Radar,7,39,32,0,78,0,52,75,0,127,7,91,107,0,205,92,0,92,297
11/01/2009,BFI,WA,ANM,WE,Towers with Radar,5,28,56,0,89,2,108,326,0,436,7,136,382,0,525,324,0,324,849
11/02/2009,BFI,WA,ANM,WE,Towers with Radar,28,95,85,1,209,0,84,161,1,246,28,179,246,2,455,112,0,112,567
11/03/2009,BFI,WA,ANM,WE,Towers with Radar,34,105,74,0,213,0,104,259,6,369,34,209,333,6,582,258,0,258,840
11/04/2009,BFI,WA,ANM,WE,Towers with Radar,32,100,99,1,232,0,109,240,2,351,32,209,339,3,583,186,0,186,769
11/05/2009,BFI,WA,ANM,WE,Towers with Radar,41,102,96,0,239,0,60,90,0,150,41,162,186,0,389,124,0,124,513
11/06/2009,BFI,WA,ANM,WE,Towers with Radar,30,117,75,0,222,0,118,139,0,257,30,235,214,0,479,122,0,122,601
11/07/2009,BFI,WA,ANM,WE,Towers with Radar,10,39,35,0,84,0,61,86,1,148,10,100,121,1,232,112,0,112,344
11/08/2009,BFI,WA,ANM,WE,Towers with Radar,2,41,60,0,103,0,47,111,2,160,2,88,171,2,263,110,0,110,373
11/09/2009,BFI,WA,ANM,WE,Towers with Radar,22,101,55,0,178,0,81,69,0,150,22,182,124,0,328,84,0,84,412
11/10/2009,BFI,WA,ANM,WE,Towers with Radar,41,108,78,2,229,73,131,7,0,211,114,239,85,2,440,158,0,158,598
11/11/2009,BFI,WA,ANM,WE,Towers with Radar,33,94,86,3,216,0,72,142,0,214,33,166,228,3,430,200,0,200,630
11/12/2009,BFI,WA,ANM,WE,Towers with Radar,43,102,94,3,242,0,146,316,4,466,43,248,410,7,708,256,0,256,964
11/13/2009,BFI,WA,ANM,WE,Towers with Radar,35,126,84,3,248,0,140,247,4,391,35,266,331,7,639,240,0,240,879
11/14/2009,BFI,WA,ANM,WE,Towers with Radar,8,41,35,1,85,0,89,250,0,339,8,130,285,1,424,258,0,258,682
11/15/2009,BFI,WA,ANM,WE,Towers with Radar,12,48,57,2,119,0,50,66,0,116,12,98,123,2,235,204,0,204,439
11/16/2009,BFI,WA,ANM,WE,Towers with Radar,21,117,66,0,204,0,19,96,0,115,21,136,162,0,319,100,0,100,419
11/17/2009,BFI,WA,ANM,WE,Towers with Radar,45,115,51,0,211,0,60,88,0,148,45,175,139,0,359,112,2,114,473
11/18/2009,BFI,WA,ANM,WE,Towers with Radar,41,105,78,0,224,0,50,91,0,141,41,155,169,0,365,136,0,136,501
11/19/2009,BFI,WA,ANM,WE,Towers with Radar,45,115,77,0,237,0,62,65,0,127,45,177,142,0,364,178,0,178,542
11/20/2009,BFI,WA,ANM,WE,Towers with Radar,41,105,84,2,232,0,90,156,0,246,41,195,240,2,478,176,0,176,654
11/21/2009,BFI,WA,ANM,WE,Towers with Radar,17,44,37,0,98,0,54,137,2,193,17,98,174,2,291,214,0,214,505
11/22/2009,BFI,WA,ANM,WE,Towers with Radar,17,51,41,0,109,0,57,132,2,191,17,108,173,2,300,110,0,110,410
11/23/2009,BFI,WA,ANM,WE,Towers with Radar,26,107,62,0,195,0,82,169,2,253,26,189,231,2,448,124,0,124,572
11/24/2009,BFI,WA,ANM,WE,Towers with Radar,44,123,82,0,249,0,14,24,0,38,44,137,106,0,287,18,0,18,305
11/25/2009,BFI,WA,ANM,WE,Towers with Radar,32,114,72,0,218,0,57,148,4,209,32,171,220,4,427,188,0,188,615
11/26/2009,BFI,WA,ANM,WE,Towers with Radar,6,18,14,0,38,0,5,38,2,45,6,23,52,2,83,26,0,26,109
11/27/2009,BFI,WA,ANM,WE,Towers with Radar,11,84,40,0,135,0,79,201,2,282,11,163,241,2,417,176,0,176,593
11/28/2009,BFI,WA,ANM,WE,Towers with Radar,5,62,48,0,115,0,47,52,0,99,5,109,100,0,214,86,0,86,300
11/29/2009,BFI,WA,ANM,WE,Towers with Radar,5,64,115,0,184,0,74,207,0,281,5,138,322,0,465,266,0,266,731
11/30/2009,BFI,WA,ANM,WE,Towers with Radar,24,111,69,2,206,0,66,75,0,141,24,177,144,2,347,64,0,64,411
12/01/2009,BFI,WA,ANM,WE,Towers with Radar,41,97,83,3,224,0,72,253,2,327,41,169,336,5,551,234,0,234,785
12/02/2009,BFI,WA,ANM,WE,Towers with Radar,37,80,73,1,191,0,97,270,0,367,37,177,343,1,558,198,0,198,756
12/03/2009,BFI,WA,ANM,WE,Towers with Radar,30,82,84,0,196,0,126,236,1,363,30,208,320,1,559,244,0,244,803
12/04/2009,BFI,WA,ANM,WE,Towers with Radar,25,112,112,3,252,0,85,136,4,225,25,197,248,7,477,162,0,162,639
12/05/2009,BFI,WA,ANM,WE,Towers with Radar,10,30,38,1,79,0,66,260,0,326,10,96,298,1,405,298,0,298,703
12/06/2009,BFI,WA,ANM,WE,Towers with Radar,7,44,59,1,111,0,118,171,0,289,7,162,230,1,400,246,0,246,646
12/07/2009,BFI,WA,ANM,WE,Towers with Radar,22,77,80,1,180,0,81,151,2,234,22,158,231,3,414,116,0,116,530
12/08/2009,BFI,WA,ANM,WE,Towers with Radar,38,93,85,0,216,0,110,283,0,393,38,203,368,0,609,314,0,314,923
12/09/2009,BFI,WA,ANM,WE,Towers with Radar,34,112,90,0,236,0,115,234,2,351,34,227,324,2,587,112,0,112,699
12/10/2009,BFI,WA,ANM,WE,Towers with Radar,45,80,83,7,215,0,166,296,0,462,45,246,379,7,677,214,0,214,891
12/11/2009,BFI,WA,ANM,WE,Towers with Radar,34,94,94,2,224,0,149,236,4,389,34,243,330,6,613,138,2,140,753
12/12/2009,BFI,WA,ANM,WE,Towers with Radar,15,47,46,0,108,0,75,272,0,347,15,122,318,0,455,214,0,214,669
12/13/2009,BFI,WA,ANM,WE,Towers with Radar,12,45,49,0,106,0,92,206,0,298,12,137,255,0,404,190,0,190,594
12/14/2009,BFI,WA,ANM,WE,Towers with Radar,33,110,74,0,217,0,42,56,0,98,33,152,130,0,315,52,0,52,367
12/15/2009,BFI,WA,ANM,WE,Towers with Radar,45,104,86,0,235,0,71,156,4,231,45,175,242,4,466,156,0,156,622
12/16/2009,BFI,WA,ANM,WE,Towers with Radar,53,110,89,0,252,0,47,82,0,129,53,157,171,0,381,100,0,100,481
12/17/2009,BFI,WA,ANM,WE,Towers with Radar,58,86,89,0,233,0,125,247,8,380,58,211,336,8,613,306,0,306,919
12/18/2009,BFI,WA,ANM,WE,Towers with Radar,46,92,93,1,232,0,130,260,12,402,46,222,353,13,634,224,0,224,858
12/19/2009,BFI,WA,ANM,WE,Towers with Radar,22,75,63,1,161,0,8,0,0,8,22,83,63,1,169,0,0,0,169
12/20/2009,BFI,WA,ANM,WE,Towers with Radar,15,52,47,0,114,0,66,164,2,232,15,118,211,2,346,216,0,216,562
12/21/2009,BFI,WA,ANM,WE,Towers with Radar,26,101,55,0,182,0,43,89,0,132,26,144,144,0,314,90,0,90,404
12/22/2009,BFI,WA,ANM,WE,Towers with Radar,32,106,62,0,200,0,72,134,0,206,32,178,196,0,406,120,0,120,526
12/23/2009,BFI,WA,ANM,WE,Towers with Radar,32,96,56,2,186,0,91,183,0,274,32,187,239,2,460,146,0,146,606
12/24/2009,BFI,WA,ANM,WE,Towers with Radar,25,68,38,0,131,0,97,134,0,231,25,165,172,0,362,108,0,108,470
12/25/2009,BFI,WA,ANM,WE,Towers with Radar,0,24,16,0,40,0,45,104,0,149,0,69,120,0,189,138,0,138,327
12/26/2009,BFI,WA,ANM,WE,Towers with Radar,5,50,49,0,104,0,69,176,0,245,5,119,225,0,349,312,0,312,661
12/27/2009,BFI,WA,ANM,WE,Towers with Radar,3,45,51,0,99,0,90,220,0,310,3,135,271,0,409,255,0,255,664
12/28/2009,BFI,WA,ANM,WE,Towers with Radar,13,94,63,3,173,0,70,158,1,229,13,164,221,4,402,98,16,114,516
12/29/2009,BFI,WA,ANM,WE,Towers with Radar,31,89,55,0,175,0,87,154,0,241,31,176,209,0,416,184,0,184,600
12/30/2009,BFI,WA,ANM,WE,Towers with Radar,31,110,51,2,194,0,46,65,0,111,31,156,116,2,305,82,0,82,387
12/31/2009,BFI,WA,ANM,WE,Towers with Radar,21,95,32,0,148,0,102,124,0,226,21,197,156,0,374,230,0,230,604
01/01/2010,BFI,WA,ANM,WE,Towers with Radar,0,53,18,0,71,2,61,46,2,111,2,114,64,2,182,123,0,123,305
01/02/2010,BFI,WA,ANM,WE,Towers with Radar,3,48,46,0,97,0,44,99,1,144,3,92,145,1,241,82,0,82,323
01/03/2010,BFI,WA,ANM,WE,Towers with Radar,5,52,94,0,151,0,68,113,0,181,5,120,207,0,332,136,0,136,468
01/04/2010,BFI,WA,ANM,WE,Towers with Radar,18,103,40,0,161,0,22,12,0,34,18,125,52,0,195,24,0,24,219
01/05/2010,BFI,WA,ANM,WE,Towers with Radar,39,109,42,0,190,0,19,22,0,41,39,128,64,0,231,0,0,0,231
01/06/2010,BFI,WA,ANM,WE,Towers with Radar,40,98,67,2,207,0,106,204,0,310,40,204,271,2,517,248,0,248,765
01/07/2010,BFI,WA,ANM,WE,Towers with Radar,34,99,62,0,195,0,138,281,0,419,34,237,343,0,614,270,0,270,884
01/08/2010,BFI,WA,ANM,WE,Towers with Radar,30,128,69,2,229,0,118,153,4,275,30,246,222,6,504,188,0,188,692
01/09/2010,BFI,WA,ANM,WE,Towers with Radar,10,32,47,0,89,0,71,157,0,228,10,103,204,0,317,154,0,154,471
01/10/2010,BFI,WA,ANM,WE,Towers with Radar,4,39,65,0,108,0,58,240,4,302,4,97,305,4,410,218,0,218,628
01/11/2010,BFI,WA,ANM,WE,Towers with Radar,25,93,66,0,184,0,47,42,4,93,25,140,108,4,277,52,0,52,329
01/12/2010,BFI,WA,ANM,WE,Towers with Radar,37,111,82,0,230,0,52,40,3,95,37,163,122,3,325,58,0,58,383
01/13/2010,BFI,WA,ANM,WE,Towers with Radar,47,112,65,3,227,0,79,105,2,186,47,191,170,5,413,168,0,168,581
01/14/2010,BFI,WA,ANM,WE,Towers with Radar,48,104,78,8,238,0,96,164,0,260,48,200,242,8,498,288,0,288,786
01/15/2010,BFI,WA,ANM,WE,Towers with Radar,33,100,86,0,219,0,103,144,0,247,33,203,230,0,466,140,0,140,606
01/16/2010,BFI,WA,ANM,WE,Towers with Radar,6,42,31,4,83,0,36,156,2,194,6,78,187,6,277,152,0,152,429
01/17/2010,BFI,WA,ANM,WE,Towers with Radar,4,33,30,0,67,0,61,129,0,190,4,94,159,0,257,202,0,202,459
01/18/2010,BFI,WA,ANM,WE,Towers with Radar,23,67,73,0,163,0,57,149,2,208,23,124,222,2,371,86,0,86,457
01/19/2010,BFI,WA,ANM,WE,Towers with Radar,40,107,47,0,194,0,79,182,0,261,40,186,229,0,455,192,0,192,647
01/20/2010,BFI,WA,ANM,WE,Towers with Radar,43,88,65,1,197,0,121,191,0,312,43,209,256,1,509,178,0,178,687
01/21/2010,BFI,WA,ANM,WE,Towers with Radar,32,94,77,7,210,0,106,300,14,420,32,200,377,21,630,238,22,260,890
01/22/2010,BFI,WA,ANM,WE,Towers with Radar,35,95,56,0,186,0,104,303,4,411,35,199,359,4,597,164,2,166,763
01/23/2010,BFI,WA,ANM,WE,Towers with Radar,10,51,45,1,107,0,67,230,2,299,10,118,275,3,406,218,2,220,626
01/24/2010,BFI,WA,ANM,WE,Towers with Radar,3,39,50,0,92,0,142,288,11,441,3,181,338,11,533,246,0,246,779
01/25/2010,BFI,WA,ANM,WE,Towers with Radar,26,106,79,0,211,0,87,164,6,257,26,193,243,6,468,106,0,106,574
01/26/2010,BFI,WA,ANM,WE,Towers with Radar,41,126,76,0,243,0,113,192,0,305,41,239,268,0,548,158,0,158,706
01/27/2010,BFI,WA,ANM,WE,Towers with Radar,48,108,80,3,239,0,75,123,2,200,48,183,203,5,439,134,0,134,573
01/28/2010,BFI,WA,ANM,WE,Towers with Radar,40,109,87,0,236,0,132,205,24,361,40,241,292,24,597,280,0,280,877
01/29/2010,BFI,WA,ANM,WE,Towers with Radar,31,108,101,3,243,0,173,281,4,458,31,281,382,7,701,382,24,406,1107
01/30/2010,BFI,WA,ANM,WE,Towers with Radar,6,45,41,3,95,0,25,105,0,130,6,70,146,3,225,226,0,226,451
01/31/2010,BFI,WA,ANM,WE,Towers with Radar,9,55,76,3,143,0,96,157,0,253,9,151,233,3,396,270,0,270,666
02/01/2010,BFI,WA,ANM,WE,Towers with Radar,32,89,61,0,182,0,83,111,0,194,32,172,172,0,376,90,0,90,466
02/02/2010,BFI,WA,ANM,WE,Towers with Radar,42,104,62,1,209,0,83,173,0,256,42,187,235,1,465,246,0,246,711
02/03/2010,BFI,WA,ANM,WE,Towers with Radar,39,120,79,0,238,0,77,134,3,214,39,197,213,3,452,154,0,154,606
02/04/2010,BFI,WA,ANM,WE,Towers with Radar,35,93,93,4,225,0,153,321,4,478,35,246,414,8,703,240,0,240,943
02/05/2010,BFI,WA,ANM,WE,Towers with Radar,34,119,92,1,246,0,112,290,0,402,34,231,382,1,648,246,0,246,894
02/06/2010,BFI,WA,ANM,WE,Towers with Radar,13,51,36,0,100,0,97,331,4,432,13,148,367,4,532,270,0,270,802
02/07/2010,BFI,WA,ANM,WE,Towers with Radar,6,42,50,0,98,0,72,131,0,203,6,114,181,0,301,238,0,238,539
02/08/2010,BFI,WA,ANM,WE,Towers with Radar,27,106,93,1,227,1,64,120,0,185,28,170,213,1,412,100,0,100,512
02/09/2010,BFI,WA,ANM,WE,Towers with Radar,36,99,83,2,220,0,67,134,1,202,36,166,217,3,422,78,0,78,500
02/10/2010,BFI,WA,ANM,WE,Towers with Radar,41,111,90,2,244,0,87,134,0,221,41,198,224,2,465,220,0,220,685
02/11/2010,BFI,WA,ANM,WE,Towers with Radar,40,128,67,0,235,0,85,110,10,205,40,213,177,10,440,148,0,148,588
02/12/2010,BFI,WA,ANM,WE,Towers with Radar,34,118,87,3,242,0,119,128,0,247,34,237,215,3,489,110,2,112,601
02/13/2010,BFI,WA,ANM,WE,Towers with Radar,9,54,42,4,109,0,61,160,2,223,9,115,202,6,332,238,2,240,572
02/14/2010,BFI,WA,ANM,WE,Towers with Radar,5,42,38,0,85,0,111,191,0,302,5,153,229,0,387,196,0,196,583
02/15/2010,BFI,WA,ANM,WE,Towers with Radar,24,56,73,0,153,0,31,186,1,218,24,87,259,1,371,148,0,148,519
02/16/2010,BFI,WA,ANM,WE,Towers with Radar,37,117,71,0,225,0,88,224,4,316,37,205,295,4,541,218,0,218,759
02/17/2010,BFI,WA,ANM,WE,Towers with Radar,55,94,82,0,231,0,88,243,9,340,55,182,325,9,571,146,0,146,717
02/18/2010,BFI,WA,ANM,WE,Towers with Radar,47,84,94,4,229,0,166,442,4,612,47,250,536,8,841,316,0,316,1157
02/19/2010,BFI,WA,ANM,WE,Towers with Radar,36,91,74,2,203,0,188,384,24,596,36,279,458,26,799,266,8,274,1073
02/20/2010,BFI,WA,ANM,WE,Towers with Radar,11,37,52,1,101,0,99,326,0,425,11,136,378,1,526,216,0,216,742
02/21/2010,BFI,WA,ANM,WE,Towers with Radar,4,32,70,2,108,0,98,283,0,381,4,130,353,2,489,294,0,294,783
02/22/2010,BFI,WA,ANM,WE,Towers with Radar,24,76,51,2,153,0,109,228,8,345,24,185,279,10,498,72,22,94,592
02/23/2010,BFI,WA,ANM,WE,Towers with Radar,36,103,77,2,218,0,108,153,0,261,36,211,230,2,479,156,0,156,635
02/24/2010,BFI,WA,ANM,WE,Towers with Radar,43,104,102,1,250,0,69,132,2,203,43,173,234,3,453,168,0,168,621
02/25/2010,BFI,WA,ANM,WE,Towers with Radar,40,92,100,0,232,0,118,197,0,315,40,210,297,0,547,226,0,226,773
02/26/2010,BFI,WA,ANM,WE,Towers with Radar,32,115,74,4,225,0,108,159,6,273,32,223,233,10,498,140,0,140,638
02/27/2010,BFI,WA,ANM,WE,Towers with Radar,16,53,39,0,108,0,89,197,0,286,16,142,236,0,394,238,0,238,632
02/28/2010,BFI,WA,ANM,WE,Towers with Radar,10,38,71,0,119,0,123,295,0,418,10,161,366,0,537,296,0,296,833
03/01/2010,BFI,WA,ANM,WE,Towers with Radar,39,88,88,5,220,0,114,214,12,340,39,202,302,17,560,240,0,240,800
03/02/2010,BFI,WA,ANM,WE,Towers with Radar,43,103,71,2,219,0,102,138,0,240,43,205,209,2,459,118,0,118,577
03/03/2010,BFI,WA,ANM,WE,Towers with Radar,39,111,91,0,241,0,108,293,12,413,39,219,384,12,654,264,0,264,918
03/04/2010,BFI,WA,ANM,WE,Towers with Radar,35,100,93,1,229,0,103,254,16,373,35,203,347,17,602,196,0,196,798
03/05/2010,BFI,WA,ANM,WE,Towers with Radar,37,89,79,0,205,0,133,340,6,479,37,222,419,6,684,316,6,322,1006
03/06/2010,BFI,WA,ANM,WE,Towers with Radar,12,39,36,0,87,0,136,346,1,483,12,175,382,1,570,302,0,302,872
03/07/2010,BFI,WA,ANM,WE,Towers with Radar,7,47,60,0,114,0,113,238,0,351,7,160,298,0,465,222,0,222,687
03/08/2010,BFI,WA,ANM,WE,Towers with Radar,25,92,65,0,182,0,71,93,13,177,25,163,158,13,359,110,2,112,471
03/09/2010,BFI,WA,ANM,WE,Towers with Radar,44,101,84,0,229,0,77,175,0,252,44,178,259,0,481,178,0,178,659
03/10/2010,BFI,WA,ANM,WE,Towers with Radar,39,116,104,3,262,0,77,182,4,263,39,193,286,7,525,130,2,132,657
03/11/2010,BFI,WA,ANM,WE,Towers with Radar,49,111,70,2,232,0,114,213,0,327,49,225,283,2,559,232,0,232,791
03/12/2010,BFI,WA,ANM,WE,Towers with Radar,35,92,65,0,192,0,157,178,0,335,35,249,243,0,527,214,0,214,741
03/13/2010,BFI,WA,ANM,WE,Towers with Radar,10,30,49,0,89,0,89,211,0,300,10,119,260,0,389,220,0,220,609
03/14/2010,BFI,WA,ANM,WE,Towers with Radar,9,33,63,2,107,0,134,218,0,352,9,167,281,2,459,254,0,254,713
03/15/2010,BFI,WA,ANM,WE,Towers with Radar,28,85,97,0,210,0,72,149,0,221,28,157,246,0,431,150,0,150,581
03/16/2010,BFI,WA,ANM,WE,Towers with Radar,31,96,84,1,212,0,58,99,0,157,31,154,183,1,369,116,0,116,485
03/17/2010,BFI,WA,ANM,WE,Towers with Radar,36,85,69,1,191,0,83,246,6,335,36,168,315,7,526,180,0,180,706
03/18/2010,BFI,WA,ANM,WE,Towers with Radar,37,107,91,0,235,0,143,387,0,530,37,250,478,0,765,282,0,282,1047
03/19/2010,BFI,WA,ANM,WE,Towers with Radar,33,92,81,0,206,0,115,331,6,452,33,207,412,6,658,292,0,292,950
03/20/2010,BFI,WA,ANM,WE,Towers with Radar,14,25,61,0,100,0,209,497,0,706,14,234,558,0,806,0,310,310,1116
03/21/2010,BFI,WA,ANM,WE,Towers with Radar,12,42,75,0,129,0,106,152,1,259,12,148,227,1,388,270,0,270,658
03/22/2010,BFI,WA,ANM,WE,Towers with Radar,26,79,74,0,179,0,66,147,0,213,26,145,221,0,392,132,0,132,524
03/23/2010,BFI,WA,ANM,WE,Towers with Radar,44,84,70,0,198,0,127,228,1,356,44,211,298,1,554,218,0,218,772
03/24/2010,BFI,WA,ANM,WE,Towers with Radar,45,81,81,0,207,0,123,322,0,445,45,204,403,0,652,248,0,248,900
03/25/2010,BFI,WA,ANM,WE,Towers with Radar,43,116,75,4,238,0,113,181,0,294,43,229,256,4,532,188,8,196,728
03/26/2010,BFI,WA,ANM,WE,Towers with Radar,42,95,91,4,232,1,150,271,0,422,43,245,362,4,654,252,0,252,906
03/27/2010,BFI,WA,ANM,WE,Towers with Radar,12,31,57,0,100,0,78,335,0,413,12,109,392,0,513,282,0,282,795
03/28/2010,BFI,WA,ANM,WE,Towers with Radar,8,42,50,0,100,0,77,133,4,214,8,119,183,4,314,216,0,216,530
03/29/2010,BFI,WA,ANM,WE,Towers with Radar,25,106,58,0,189,0,58,51,0,109,25,164,109,0,298,22,0,22,320
03/30/2010,BFI,WA,ANM,WE,Towers with Radar,33,103,45,4,185,0,77,178,1,256,33,180,223,5,441,136,0,136,577
03/31/2010,BFI,WA,ANM,WE,Towers with Radar,33,90,71,0,194,0,96,243,2,341,33,186,314,2,535,296,0,296,831
04/01/2010,BFI,WA,ANM,WE,Towers with Radar,43,104,75,3,225,0,137,269,0,406,43,241,344,3,631,258,0,258,889
04/02/2010,BFI,WA,ANM,WE,Towers with Radar,24,105,58,0,187,0,84,94,0,178,24,189,152,0,365,146,0,146,511
04/03/2010,BFI,WA,ANM,WE,Towers with Radar,8,46,34,0,88,0,59,171,2,232,8,105,205,2,320,214,0,214,534
04/04/2010,BFI,WA,ANM,WE,Towers with Radar,3,31,39,0,73,0,133,164,0,297,3,164,203,0,370,218,0,218,588
04/05/2010,BFI,WA,ANM,WE,Towers with Radar,32,87,63,4,186,0,84,156,0,240,32,171,219,4,426,98,0,98,524
04/06/2010,BFI,WA,ANM,WE,Towers with Radar,46,110,84,0,240,0,72,146,2,220,46,182,230,2,460,238,0,238,698
04/07/2010,BFI,WA,ANM,WE,Towers with Radar,36,103,74,3,216,0,93,146,2,241,36,196,220,5,457,236,0,236,693
04/08/2010,BFI,WA,ANM,WE,Towers with Radar,40,106,44,2,192,0,144,212,0,356,40,250,256,2,548,264,0,264,812
04/09/2010,BFI,WA,ANM,WE,Towers with Radar,45,104,69,0,218,0,98,247,0,345,45,202,316,0,563,322,0,322,885
04/10/2010,BFI,WA,ANM,WE,Towers with Radar,17,29,73,2,121,2,88,259,10,359,19,117,332,12,480,244,0,244,724
04/11/2010,BFI,WA,ANM,WE,Towers with Radar,10,35,70,1,116,0,82,251,1,334,10,117,321,2,450,264,0,264,714
04/12/2010,BFI,WA,ANM,WE,Towers with Radar,31,79,84,3,197,0,58,211,11,280,31,137,295,14,477,240,0,240,717
04/13/2010,BFI,WA,ANM,WE,Towers with Radar,40,99,87,5,231,0,81,239,8,328,40,180,326,13,559,236,0,236,795
04/14/2010,BFI,WA,ANM,WE,Towers with Radar,54,86,92,7,239,0,135,282,2,419,54,221,374,9,658,196,0,196,854
04/15/2010,BFI,WA,ANM,WE,Towers with Radar,42,90,68,4,204,0,113,234,0,347,42,203,302,4,551,160,0,160,711
04/16/2010,BFI,WA,ANM,WE,Towers with Radar,34,92,90,2,218,0,152,259,2,413,34,244,349,4,631,218,0,218,849
04/17/2010,BFI,WA,ANM,WE,Towers with Radar,2,39,65,0,106,0,66,216,0,282,2,105,281,0,388,262,0,262,650
04/18/2010,BFI,WA,ANM,WE,Towers with Radar,7,38,69,0,114,0,98,285,0,383,7,136,354,0,497,304,0,304,801
04/19/2010,BFI,WA,ANM,WE,Towers with Radar,26,98,63,2,189,0,98,186,6,290,26,196,249,8,479,116,0,116,595
04/20/2010,BFI,WA,ANM,WE,Towers with Radar,42,114,78,3,237,0,63,205,18,286,42,177,283,21,523,274,0,274,797
04/21/2010,BFI,WA,ANM,WE,Towers with Radar,49,107,99,4,259,0,93,162,12,267,49,200,261,16,526,236,0,236,762
04/22/2010,BFI,WA,ANM,WE,Towers with Radar,48,91,85,8,232,0,192,298,0,490,48,283,383,8,722,258,4,262,984
04/23/2010,BFI,WA,ANM,WE,Towers with Radar,26,113,89,2,230,0,113,278,2,393,26,226,367,4,623,162,0,162,785
04/24/2010,BFI,WA,ANM,WE,Towers with Radar,17,48,41,1,107,0,60,201,20,281,17,108,242,21,388,234,0,234,622
04/25/2010,BFI,WA,ANM,WE,Towers with Radar,7,29,48,0,84,0,84,326,0,410,7,113,374,0,494,358,0,358,852
04/26/2010,BFI,WA,ANM,WE,Towers with Radar,29,104,59,0,192,0,65,165,0,230,29,169,224,0,422,144,0,144,566
04/27/2010,BFI,WA,ANM,WE,Towers with Radar,47,98,76,2,223,0,131,132,0,263,47,229,208,2,486,110,0,110,596
04/28/2010,BFI,WA,ANM,WE,Towers with Radar,38,96,69,0,203,0,106,243,4,353,38,202,312,4,556,194,0,194,750
04/29/2010,BFI,WA,ANM,WE,Towers with Radar,39,89,78,0,206,0,151,298,2,451,39,240,376,2,657,212,6,218,875
04/30/2010,BFI,WA,ANM,WE,Towers with Radar,32,102,80,2,216,0,154,242,2,398,32,256,322,4,614,254,0,254,868
05/01/2010,BFI,WA,ANM,WE,Towers with Radar,11,50,66,0,127,0,60,181,1,242,11,110,247,1,369,300,2,302,671
05/02/2010,BFI,WA,ANM,WE,Towers with Radar,11,38,73,0,122,0,98,157,0,255,11,136,230,0,377,210,0,210,587
05/03/2010,BFI,WA,ANM,WE,Towers with Radar,27,105,77,1,210,0,60,70,11,141,27,165,147,12,351,40,0,40,391
05/04/2010,BFI,WA,ANM,WE,Towers with Radar,52,106,80,0,238,0,60,122,0,182,52,166,202,0,420,22,0,22,442
05/05/2010,BFI,WA,ANM,WE,Towers with Radar,44,96,92,0,232,1,94,178,2,275,45,190,270,2,507,152,0,152,659
05/06/2010,BFI,WA,ANM,WE,Towers with Radar,44,89,87,1,221,0,137,349,0,486,44,226,436,1,707,266,0,266,973
05/07/2010,BFI,WA,ANM,WE,Towers with Radar,43,82,82,1,208,7,156,405,0,568,50,238,487,1,776,256,0,256,1032
05/08/2010,BFI,WA,ANM,WE,Towers with Radar,16,36,50,1,103,0,110,339,4,453,16,146,389,5,556,310,0,310,866
05/09/2010,BFI,WA,ANM,WE,Towers with Radar,4,36,58,0,98,2,74,356,0,432,6,110,414,0,530,160,0,160,690
05/10/2010,BFI,WA,ANM,WE,Towers with Radar,42,111,91,1,245,0,112,152,0,264,42,223,243,1,509,184,0,184,693
05/11/2010,BFI,WA,ANM,WE,Towers with Radar,39,102,110,1,252,0,133,262,20,415,39,235,372,21,667,184,0,184,851
05/12/2010,BFI,WA,ANM,WE,Towers with Radar,40,93,96,1,230,0,165,306,0,471,40,258,402,1,701,252,0,252,953
05/13/2010,BFI,WA,ANM,WE,Towers with Radar,41,71,96,0,208,0,165,440,0,605,41,236,536,0,813,378,0,378,1191
05/14/2010,BFI,WA,ANM,WE,Towers with Radar,45,87,88,1,221,0,126,553,0,679,45,213,641,1,900,226,0,226,1126
05/15/2010,BFI,WA,ANM,WE,Towers with Radar,14,40,70,2,126,0,152,424,2,578,14,192,494,4,704,256,0,256,960
05/16/2010,BFI,WA,ANM,WE,Towers with Radar,8,30,58,0,96,0,135,216,43,394,8,165,274,43,490,260,0,260,750
05/17/2010,BFI,WA,ANM,WE,Towers with Radar,25,109,80,0,214,0,158,220,0,378,25,267,300,0,592,212,0,212,804
05/18/2010,BFI,WA,ANM,WE,Towers with Radar,47,106,133,0,286,0,77,143,14,234,47,183,276,14,520,146,0,146,666
05/19/2010,BFI,WA,ANM,WE,Towers with Radar,41,103,80,1,225,0,87,187,0,274,41,190,267,1,499,124,0,124,623
05/20/2010,BFI,WA,ANM,WE,Towers with Radar,42,132,129,1,304,5,107,175,10,297,47,239,304,11,601,98,12,110,711
05/21/2010,BFI,WA,ANM,WE,Towers with Radar,39,103,84,1,227,0,138,264,0,402,39,241,348,1,629,286,0,286,915
05/22/2010,BFI,WA,ANM,WE,Towers with Radar,16,40,53,2,111,0,67,233,0,300,16,107,286,2,411,242,2,244,655
05/23/2010,BFI,WA,ANM,WE,Towers with Radar,9,53,57,1,120,0,135,207,0,342,9,188,264,1,462,215,0,215,677
05/24/2010,BFI,WA,ANM,WE,Towers with Radar,35,81,61,1,178,0,157,329,0,486,35,238,390,1,664,184,0,184,848
05/25/2010,BFI,WA,ANM,WE,Towers with Radar,43,104,79,0,226,0,112,181,0,293,43,216,260,0,519,272,2,274,793
05/26/2010,BFI,WA,ANM,WE,Towers with Radar,50,112,85,0,247,0,128,173,0,301,50,240,258,0,548,164,0,164,712
05/27/2010,BFI,WA,ANM,WE,Towers with Radar,40,87,92,0,219,0,65,189,2,256,40,152,281,2,475,260,0,260,735
05/28/2010,BFI,WA,ANM,WE,Towers with Radar,31,110,119,0,260,1,69,98,0,168,32,179,217,0,428,136,0,136,564
05/29/2010,BFI,WA,ANM,WE,Towers with Radar,10,53,62,0,125,0,34,182,0,216,10,87,244,0,341,240,0,240,581
05/30/2010,BFI,WA,ANM,WE,Towers with Radar,4,46,64,0,114,0,71,188,0,259,4,117,252,0,373,134,0,134,507
05/31/2010,BFI,WA,ANM,WE,Towers with Radar,5,78,86,2,171,0,48,90,4,142,5,126,176,6,313,138,0,138,451
06/01/2010,BFI,WA,ANM,WE,Towers with Radar,31,110,93,1,235,0,77,185,0,262,31,187,278,1,497,104,0,104,601
06/02/2010,BFI,WA,ANM,WE,Towers with Radar,46,119,77,1,243,0,86,138,0,224,46,205,215,1,467,182,2,184,651
06/03/2010,BFI,WA,ANM,WE,Towers with Radar,38,93,87,1,219,0,121,279,0,400,38,214,366,1,619,266,0,266,885
06/04/2010,BFI,WA,ANM,WE,Towers with Radar,29,104,77,2,212,0,80,170,0,250,29,184,247,2,462,122,0,122,584
06/05/2010,BFI,WA,ANM,WE,Towers with Radar,8,40,43,1,92,0,66,319,2,387,8,106,362,3,479,298,2,300,779
06/06/2010,BFI,WA,ANM,WE,Towers with Radar,10,57,83,1,151,0,14,78,0,92,10,71,161,1,243,72,0,72,315
06/07/2010,BFI,WA,ANM,WE,Towers with Radar,32,112,90,0,234,0,102,156,1,259,32,214,246,1,493,168,2,170,663
06/08/2010,BFI,WA,ANM,WE,Towers with Radar,42,96,96,2,236,0,138,243,0,381,42,234,339,2,617,104,0,104,721
06/09/2010,BFI,WA,ANM,WE,Towers with Radar,34,128,94,0,256,0,59,50,0,109,34,187,144,0,365,80,0,80,445
06/10/2010,BFI,WA,ANM,WE,Towers with Radar,42,113,111,5,271,0,94,257,0,351,42,207,368,5,622,230,0,230,852
06/11/2010,BFI,WA,ANM,WE,Towers with Radar,40,109,101,2,252,0,97,253,47,397,40,206,354,49,649,196,14,210,859
06/12/2010,BFI,WA,ANM,WE,Towers with Radar,13,40,50,2,105,0,58,385,2,445,13,98,435,4,550,202,20,222,772
06/13/2010,BFI,WA,ANM,WE,Towers with Radar,9,47,66,4,126,0,83,288,0,371,9,130,354,4,497,216,0,216,713
06/14/2010,BFI,WA,ANM,WE,Towers with Radar,27,95,74,2,198,0,94,193,0,287,27,189,267,2,485,108,0,108,593
06/15/2010,BFI,WA,ANM,WE,Towers with Radar,39,103,76,0,218,0,118,159,5,282,39,221,235,5,500,138,0,138,638
06/16/2010,BFI,WA,ANM,WE,Towers with Radar,40,110,99,0,249,0,68,192,0,260,40,178,291,0,509,228,2,230,739
06/17/2010,BFI,WA,ANM,WE,Towers with Radar,41,110,83,1,235,0,114,240,1,355,41,224,323,2,590,262,8,270,860
06/18/2010,BFI,WA,ANM,WE,Towers with Radar,35,103,109,0,247,1,119,412,9,541,36,222,521,9,788,238,0,238,1026
06/19/2010,BFI,WA,ANM,WE,Towers with Radar,8,47,43,4,102,0,60,189,12,261,8,107,232,16,363,211,16,227,590
06/20/2010,BFI,WA,ANM,WE,Towers with Radar,11,64,89,0,164,0,120,115,1,236,11,184,204,1,400,240,0,240,640
06/21/2010,BFI,WA,ANM,WE,Towers with Radar,29,114,69,0,212,0,71,163,1,235,29,185,232,1,447,222,0,222,669
06/22/2010,BFI,WA,ANM,WE,Towers with Radar,41,100,73,1,215,0,142,330,0,472,41,242,403,1,687,298,0,298,985
06/23/2010,BFI,WA,ANM,WE,Towers with Radar,39,106,86,0,231,0,170,306,8,484,39,276,392,8,715,208,0,208,923
06/24/2010,BFI,WA,ANM,WE,Towers with Radar,42,99,97,0,238,0,143,357,4,504,42,242,454,4,742,309,0,309,1051
06/25/2010,BFI,WA,ANM,WE,Towers with Radar,35,118,109,2,264,0,118,250,0,368,35,236,359,2,632,320,0,320,952
06/26/2010,BFI,WA,ANM,WE,Towers with Radar,4,42,61,9,116,0,104,245,3,352,4,146,306,12,468,262,0,262,730
06/27/2010,BFI,WA,ANM,WE,Towers with Radar,7,36,82,0,125,0,79,279,0,358,7,115,361,0,483,122,0,122,605
06/28/2010,BFI,WA,ANM,WE,Towers with Radar,28,103,82,0,213,0,120,179,0,299,28,223,261,0,512,182,0,182,694
06/29/2010,BFI,WA,ANM,WE,Towers with Radar,37,99,89,2,227,0,102,301,2,405,37,201,390,4,632,238,12,250,882
06/30/2010,BFI,WA,ANM,WE,Towers with Radar,40,90,84,4,218,0,176,249,0,425,40,266,333,4,643,186,0,186,829
07/01/2010,BFI,WA,ANM,WE,Towers with Radar,30,107,87,5,229,0,127,270,0,397,30,234,357,5,626,254,0,254,880
07/02/2010,BFI,WA,ANM,WE,Towers with Radar,30,116,75,1,222,0,99,294,0,393,30,215,369,1,615,222,0,222,837
07/03/2010,BFI,WA,ANM,WE,Towers with Radar,8,33,51,0,92,0,85,263,0,348,8,118,314,0,440,252,36,288,728
07/04/2010,BFI,WA,ANM,WE,Towers with Radar,0,51,40,0,91,0,105,153,0,258,0,156,193,0,349,180,0,180,529
07/05/2010,BFI,WA,ANM,WE,Towers with Radar,2,66,84,4,156,0,69,241,0,310,2,135,325,4,466,166,2,168,634
07/06/2010,BFI,WA,ANM,WE,Towers with Radar,27,84,80,0,191,0,148,254,3,405,27,232,334,3,596,196,0,196,792
07/07/2010,BFI,WA,ANM,WE,Towers with Radar,43,75,84,1,203,0,148,316,1,465,43,223,400,2,668,218,0,218,886
07/08/2010,BFI,WA,ANM,WE,Towers with Radar,42,78,79,3,202,0,177,380,12,569,42,255,459,15,771,246,0,246,1017
07/09/2010,BFI,WA,ANM,WE,Towers with Radar,30,93,71,0,194,0,182,371,4,557,30,275,442,4,751,234,0,234,985
07/10/2010,BFI,WA,ANM,WE,Towers with Radar,7,46,57,2,112,0,145,322,1,468,7,191,379,3,580,262,0,262,842
07/11/2010,BFI,WA,ANM,WE,Towers with Radar,7,59,95,0,161,0,99,247,2,348,7,158,342,2,509,220,0,220,729
07/12/2010,BFI,WA,ANM,WE,Towers with Radar,24,125,78,4,231,0,78,157,0,235,24,203,235,4,466,114,0,114,580
07/13/2010,BFI,WA,ANM,WE,Towers with Radar,46,102,103,1,252,0,105,350,0,455,46,207,453,1,707,150,0,150,857
07/14/2010,BFI,WA,ANM,WE,Towers with Radar,50,96,86,5,237,0,201,417,1,619,50,297,503,6,856,266,4,270,1126
07/15/2010,BFI,WA,ANM,WE,Towers with Radar,48,89,84,0,221,0,127,365,0,492,48,216,449,0,713,238,0,238,951
07/16/2010,BFI,WA,ANM,WE,Towers with Radar,35,94,118,4,251,0,115,281,10,406,35,209,399,14,657,234,0,234,891
07/17/2010,BFI,WA,ANM,WE,Towers with Radar,11,60,64,6,141,0,88,262,0,350,11,148,326,6,491,274,0,274,765
07/18/2010,BFI,WA,ANM,WE,Towers with Radar,7,62,93,2,164,0,150,250,3,403,7,212,343,5,567,262,0,262,829
07/19/2010,BFI,WA,ANM,WE,Towers with Radar,24,105,79,1,209,0,135,235,0,370,24,240,314,1,579,190,0,190,769
07/20/2010,BFI,WA,ANM,WE,Towers with Radar,50,104,90,1,245,0,153,264,0,417,50,257,354,1,662,166,0,166,828
07/21/2010,BFI,WA,ANM,WE,Towers with Radar,42,96,112,0,250,0,138,334,4,476,42,234,446,4,726,238,2,240,966
07/22/2010,BFI,WA,ANM,WE,Towers with Radar,47,111,98,2,258,0,114,269,3,386,47,225,367,5,644,190,0,190,834
07/23/2010,BFI,WA,ANM,WE,Towers with Radar,57,124,71,2,254,0,150,386,2,538,57,274,457,4,792,158,0,158,950
07/24/2010,BFI,WA,ANM,WE,Towers with Radar,21,46,53,3,123,0,83,411,3,497,21,129,464,6,620,270,0,270,890
07/25/2010,BFI,WA,ANM,WE,Towers with Radar,13,45,87,1,146,0,57,381,0,438,13,102,468,1,584,196,0,196,780
07/26/2010,BFI,WA,ANM,WE,Towers with Radar,34,79,79,4,196,0,93,215,2,310,34,172,294,6,506,128,2,130,636
07/27/2010,BFI,WA,ANM,WE,Towers with Radar,51,108,69,3,231,2,133,370,0,505,53,241,439,3,736,264,0,264,1000
07/28/2010,BFI,WA,ANM,WE,Towers with Radar,56,121,96,6,279,0,105,315,1,421,56,226,411,7,700,188,0,188,888
07/29/2010,BFI,WA,ANM,WE,Towers with Radar,45,124,94,7,270,0,134,347,0,481,45,258,441,7,751,220,0,220,971
07/30/2010,BFI,WA,ANM,WE,Towers with Radar,48,113,96,2,259,0,104,258,0,362,48,217,354,2,621,172,0,172,793
07/31/2010,BFI,WA,ANM,WE,Towers with Radar,11,60,80,0,151,0,113,264,0,377,11,173,344,0,528,216,0,216,744
08/01/2010,BFI,WA,ANM,WE,Towers with Radar,16,54,81,0,151,0,80,261,0,341,16,134,342,0,492,230,0,230,722
08/02/2010,BFI,WA,ANM,WE,Towers with Radar,24,108,110,0,242,0,96,170,0,266,24,204,280,0,508,132,0,132,640
08/03/2010,BFI,WA,ANM,WE,Towers with Radar,49,102,100,8,259,0,141,315,26,482,49,243,415,34,741,246,0,246,987
08/04/2010,BFI,WA,ANM,WE,Towers with Radar,47,96,80,9,232,0,149,288,0,437,47,245,368,9,669,216,0,216,885
08/05/2010,BFI,WA,ANM,WE,Towers with Radar,34,104,70,9,217,1,144,429,29,603,35,248,499,38,820,304,66,370,1190
08/06/2010,BFI,WA,ANM,WE,Towers with Radar,32,123,108,1,264,0,87,249,46,382,32,210,357,47,646,212,0,212,858
08/07/2010,BFI,WA,ANM,WE,Towers with Radar,5,78,82,2,167,0,36,75,8,119,5,114,157,10,286,36,0,36,322
08/08/2010,BFI,WA,ANM,WE,Towers with Radar,7,69,91,12,179,0,53,154,16,223,7,122,245,28,402,58,0,58,460
08/09/2010,BFI,WA,ANM,WE,Towers with Radar,23,142,101,11,277,0,83,206,0,289,23,225,307,11,566,326,0,326,892
08/10/2010,BFI,WA,ANM,WE,Towers with Radar,37,116,88,7,248,0,102,310,2,414,37,218,398,9,662,356,2,358,1020
08/11/2010,BFI,WA,ANM,WE,Towers with Radar,45,108,120,3,276,0,204,446,22,672,45,312,566,25,948,230,0,230,1178
08/12/2010,BFI,WA,ANM,WE,Towers with Radar,48,111,121,10,290,0,163,427,2,592,48,274,548,12,882,314,2,316,1198
08/13/2010,BFI,WA,ANM,WE,Towers with Radar,38,70,84,1,193,7,143,345,0,495,45,213,429,1,688,182,0,182,870
08/14/2010,BFI,WA,ANM,WE,Towers with Radar,8,52,59,3,122,0,91,379,0,470,8,143,438,3,592,232,0,232,824
08/15/2010,BFI,WA,ANM,WE,Towers with Radar,7,50,72,6,135,0,173,414,0,587,7,223,486,6,722,258,0,258,980
08/16/2010,BFI,WA,ANM,WE,Towers with Radar,23,80,99,3,205,0,157,366,6,529,23,237,465,9,734,214,0,214,948
08/17/2010,BFI,WA,ANM,WE,Towers with Radar,40,86,69,3,198,0,125,167,3,295,40,211,236,6,493,90,0,90,583
08/18/2010,BFI,WA,ANM,WE,Towers with Radar,35,118,119,4,276,0,151,356,0,507,35,269,475,4,783,300,0,300,1083
08/19/2010,BFI,WA,ANM,WE,Towers with Radar,36,119,130,4,289,0,146,357,0,503,36,265,487,4,792,381,0,381,1173
08/20/2010,BFI,WA,ANM,WE,Towers with Radar,41,91,70,6,208,0,137,418,0,555,41,228,488,6,763,352,0,352,1115
08/21/2010,BFI,WA,ANM,WE,Towers with Radar,15,39,68,4,126,0,115,340,0,455,15,154,408,4,581,380,6,386,967
08/22/2010,BFI,WA,ANM,WE,Towers with Radar,5,63,79,5,152,0,112,194,0,306,5,175,273,5,458,218,0,218,676
08/23/2010,BFI,WA,ANM,WE,Towers with Radar,29,84,70,1,184,0,132,340,4,476,29,216,410,5,660,190,10,200,860
08/24/2010,BFI,WA,ANM,WE,Towers with Radar,33,93,61,2,189,0,135,407,0,542,33,228,468,2,731,268,0,268,999
08/25/2010,BFI,WA,ANM,WE,Towers with Radar,46,82,91,2,221,0,142,426,2,570,46,224,517,4,791,266,0,266,1057
08/26/2010,BFI,WA,ANM,WE,Towers with Radar,36,127,139,2,304,0,82,253,0,335,36,209,392,2,639,166,0,166,805
08/27/2010,BFI,WA,ANM,WE,Towers with Radar,40,104,89,11,244,3,132,432,8,575,43,236,521,19,819,416,0,416,1235
08/28/2010,BFI,WA,ANM,WE,Towers with Radar,14,40,50,0,104,0,90,323,0,413,14,130,373,0,517,288,0,288,805
08/29/2010,BFI,WA,ANM,WE,Towers with Radar,12,70,90,0,172,0,82,265,0,347,12,152,355,0,519,196,0,196,715
08/30/2010,BFI,WA,ANM,WE,Towers with Radar,19,97,61,0,177,0,122,258,2,382,19,219,319,2,559,276,0,276,835
08/31/2010,BFI,WA,ANM,WE,Towers with Radar,38,130,100,2,270,0,29,137,2,168,38,159,237,4,438,78,0,78,516
09/01/2010,BFI,WA,ANM,WE,Towers with Radar,40,116,112,2,270,0,102,285,1,388,40,218,397,3,658,180,0,180,838
09/02/2010,BFI,WA,ANM,WE,Towers with Radar,34,97,93,2,226,0,153,435,12,600,34,250,528,14,826,236,0,236,1062
09/03/2010,BFI,WA,ANM,WE,Towers with Radar,32,100,99,2,233,0,207,529,0,736,32,307,628,2,969,226,0,226,1195
09/04/2010,BFI,WA,ANM,WE,Towers with Radar,10,50,80,3,143,0,58,215,0,273,10,108,295,3,416,210,0,210,626
09/05/2010,BFI,WA,ANM,WE,Towers with Radar,9,45,61,0,115,0,70,153,0,223,9,115,214,0,338,194,0,194,532
09/06/2010,BFI,WA,ANM,WE,Towers with Radar,3,92,111,1,207,0,52,147,2,201,3,144,258,3,408,162,0,162,570
09/07/2010,BFI,WA,ANM,WE,Towers with Radar,26,137,87,2,252,0,60,132,0,192,26,197,219,2,444,174,0,174,618
09/08/2010,BFI,WA,ANM,WE,Towers with Radar,49,132,106,0,287,0,68,111,4,183,49,200,217,4,470,134,2,136,606
09/09/2010,BFI,WA,ANM,WE,Towers with Radar,37,115,105,3,260,5,122,226,28,381,42,237,331,31,641,282,4,286,927
09/10/2010,BFI,WA,ANM,WE,Towers with Radar,41,125,100,0,266,0,150,325,4,479,41,275,425,4,745,234,0,234,979
09/11/2010,BFI,WA,ANM,WE,Towers with Radar,19,43,52,0,114,0,89,293,0,382,19,132,345,0,496,274,0,274,770
09/12/2010,BFI,WA,ANM,WE,Towers with Radar,10,49,101,1,161,0,56,204,2,262,10,105,305,3,423,174,0,174,597
09/13/2010,BFI,WA,ANM,WE,Towers with Radar,32,99,83,0,214,0,128,228,5,361,32,227,311,5,575,296,0,296,871
09/14/2010,BFI,WA,ANM,WE,Towers with Radar,35,95,105,1,236,0,147,302,0,449,35,242,407,1,685,244,0,244,929
09/15/2010,BFI,WA,ANM,WE,Towers with Radar,37,115,105,0,257,0,126,221,4,351,37,241,326,4,608,240,0,240,848
09/16/2010,BFI,WA,ANM,WE,Towers with Radar,44,169,141,2,356,0,50,153,0,203,44,219,294,2,559,120,0,120,679
09/17/2010,BFI,WA,ANM,WE,Towers with Radar,30,112,115,3,260,0,69,150,0,219,30,181,265,3,479,206,0,206,685
09/18/2010,BFI,WA,ANM,WE,Towers with Radar,11,43,63,7,124,0,66,244,22,332,11,109,307,29,456,244,10,254,710
09/19/2010,BFI,WA,ANM,WE,Towers with Radar,9,62,81,4,156,0,52,76,0,128,9,114,157,4,284,152,0,152,436
09/20/2010,BFI,WA,ANM,WE,Towers with Radar,21,124,102,1,248,0,81,149,0,230,21,205,251,1,478,102,0,102,580
09/21/2010,BFI,WA,ANM,WE,Towers with Radar,37,119,86,2,244,0,117,271,9,397,37,236,357,11,641,216,0,216,857
09/22/2010,BFI,WA,ANM,WE,Towers with Radar,39,116,104,5,264,0,147,319,0,466,39,263,423,5,730,196,4,200,930
09/23/2010,BFI,WA,ANM,WE,Towers with Radar,41,126,128,3,298,0,114,177,2,293,41,240,305,5,591,196,6,202,793
09/24/2010,BFI,WA,ANM,WE,Towers with Radar,31,105,86,4,226,0,131,406,0,537,31,236,492,4,763,282,0,282,1045
09/25/2010,BFI,WA,ANM,WE,Towers with Radar,10,35,62,0,107,0,76,334,2,412,10,111,396,2,519,244,0,244,763
09/26/2010,BFI,WA,ANM,WE,Towers with Radar,12,65,98,0,175,0,16,41,0,57,12,81,139,0,232,78,0,78,310
09/27/2010,BFI,WA,ANM,WE,Towers with Radar,33,121,74,0,228,0,112,125,5,242,33,233,199,5,470,208,0,208,678
09/28/2010,BFI,WA,ANM,WE,Towers with Radar,14,40,50,0,104,0,90,323,0,413,14,130,373,0,517,288,0,288,805
09/29/2010,BFI,WA,ANM,WE,Towers with Radar,40,114,94,5,253,0,108,225,0,333,40,222,319,5,586,244,8,252,838
09/30/2010,BFI,WA,ANM,WE,Towers with Radar,33,109,105,2,249,0,99,258,0,357,33,208,363,2,606,192,4,196,802
10/01/2010,BFI,WA,ANM,WE,Towers with Radar,36,113,97,0,246,0,102,231,0,333,36,215,328,0,579,152,0,152,731
10/02/2010,BFI,WA,ANM,WE,Towers with Radar,9,34,57,0,100,0,82,288,0,370,9,116,345,0,470,256,0,256,726
10/03/2010,BFI,WA,ANM,WE,Towers with Radar,8,62,72,1,143,0,59,142,0,201,8,121,214,1,344,192,0,192,536
10/04/2010,BFI,WA,ANM,WE,Towers with Radar,26,99,64,6,195,0,77,170,0,247,26,176,234,6,442,118,12,130,572
10/05/2010,BFI,WA,ANM,WE,Towers with Radar,25,91,75,2,193,0,115,212,8,335,25,206,287,10,528,124,6,130,658
10/06/2010,BFI,WA,ANM,WE,Towers with Radar,44,100,96,5,245,0,102,290,0,392,44,202,386,5,637,228,0,228,865
10/07/2010,BFI,WA,ANM,WE,Towers with Radar,42,133,69,1,245,0,150,289,0,439,42,283,358,1,684,248,0,248,932
10/08/2010,BFI,WA,ANM,WE,Towers with Radar,31,106,74,4,215,0,79,175,0,254,31,185,249,4,469,84,0,84,553
10/09/2010,BFI,WA,ANM,WE,Towers with Radar,16,65,60,0,141,0,61,122,9,192,16,126,182,9,333,128,0,128,461
10/10/2010,BFI,WA,ANM,WE,Towers with Radar,10,62,84,0,156,0,30,100,0,130,10,92,184,0,286,92,0,92,378
10/11/2010,BFI,WA,ANM,WE,Towers with Radar,19,69,74,0,162,0,105,201,0,306,19,174,275,0,468,208,0,208,676
10/12/2010,BFI,WA,ANM,WE,Towers with Radar,45,100,59,0,204,0,163,230,0,393,45,263,289,0,597,204,0,204,801
10/13/2010,BFI,WA,ANM,WE,Towers with Radar,44,106,82,11,243,0,88,300,1,389,44,194,382,12,632,184,0,184,816
10/14/2010,BFI,WA,ANM,WE,Towers with Radar,43,122,99,0,264,0,117,173,6,296,43,239,272,6,560,176,0,176,736
10/15/2010,BFI,WA,ANM,WE,Towers with Radar,42,104,75,2,223,3,125,253,0,381,45,229,328,2,604,196,0,196,800
10/16/2010,BFI,WA,ANM,WE,Towers with Radar,15,36,36,3,90,0,74,297,0,371,15,110,333,3,461,308,0,308,769
10/17/2010,BFI,WA,ANM,WE,Towers with Radar,8,40,67,2,117,0,137,342,0,479,8,177,409,2,596,292,0,292,888
10/18/2010,BFI,WA,ANM,WE,Towers with Radar,40,93,67,6,206,0,156,214,7,377,40,249,281,13,583,198,8,206,789
10/19/2010,BFI,WA,ANM,WE,Towers with Radar,40,112,76,2,230,0,119,310,4,433,40,231,386,6,663,182,0,182,845
10/20/2010,BFI,WA,ANM,WE,Towers with Radar,43,92,83,2,220,0,133,304,0,437,43,225,387,2,657,260,0,260,917
10/21/2010,BFI,WA,ANM,WE,Towers with Radar,35,90,41,10,176,0,67,127,0,194,35,157,168,10,370,138,0,138,508
10/22/2010,BFI,WA,ANM,WE,Towers with Radar,41,118,62,3,224,0,134,271,0,405,41,252,333,3,629,230,0,230,859
10/23/2010,BFI,WA,ANM,WE,Towers with Radar,13,40,49,0,102,0,75,192,6,273,13,115,241,6,375,302,0,302,677
10/24/2010,BFI,WA,ANM,WE,Towers with Radar,9,64,75,2,150,0,62,89,0,151,9,126,164,2,301,70,0,70,371
10/25/2010,BFI,WA,ANM,WE,Towers with Radar,45,110,64,10,229,38,32,0,0,70,83,142,64,10,299,2,0,2,301
10/26/2010,BFI,WA,ANM,WE,Towers with Radar,42,120,67,0,229,0,46,137,6,189,42,166,204,6,418,88,6,94,512
10/27/2010,BFI,WA,ANM,WE,Towers with Radar,45,111,73,4,233,0,129,276,5,410,45,240,349,9,643,168,4,172,815
10/28/2010,BFI,WA,ANM,WE,Towers with Radar,39,109,67,0,215,0,0,36,0,36,39,109,103,0,251,188,0,188,439
10/29/2010,BFI,WA,ANM,WE,Towers with Radar,33,108,78,1,220,0,155,269,0,424,33,263,347,1,644,222,0,222,866
10/30/2010,BFI,WA,ANM,WE,Towers with Radar,15,38,38,3,94,0,47,86,4,137,15,85,124,7,231,146,0,146,377
10/31/2010,BFI,WA,ANM,WE,Towers with Radar,7,45,30,2,84,0,77,122,0,199,7,122,152,2,283,204,0,204,487
11/01/2010,BFI,WA,ANM,WE,Towers with Radar,25,115,65,1,206,1,96,61,2,160,26,211,126,3,366,0,0,0,366
11/02/2010,BFI,WA,ANM,WE,Towers with Radar,33,91,81,0,205,0,124,234,2,360,33,215,315,2,565,260,0,260,825
11/03/2010,BFI,WA,ANM,WE,Towers with Radar,36,108,73,0,217,0,215,429,2,646,36,323,502,2,863,300,0,300,1163
11/04/2010,BFI,WA,ANM,WE,Towers with Radar,41,96,63,4,204,2,8,22,0,32,43,104,85,4,236,218,0,218,454
11/05/2010,BFI,WA,ANM,WE,Towers with Radar,35,113,92,1,241,0,45,53,4,102,35,158,145,5,343,90,0,90,433
11/06/2010,BFI,WA,ANM,WE,Towers with Radar,18,50,68,0,136,0,3,35,0,38,18,53,103,0,174,102,0,102,276
11/07/2010,BFI,WA,ANM,WE,Towers with Radar,7,59,85,0,151,1,51,157,6,215,8,110,242,6,366,272,0,272,638
11/08/2010,BFI,WA,ANM,WE,Towers with Radar,22,96,63,0,181,0,80,142,0,222,22,176,205,0,403,148,0,148,551
11/09/2010,BFI,WA,ANM,WE,Towers with Radar,41,113,66,2,222,0,64,167,1,232,41,177,233,3,454,150,0,150,604
11/10/2010,BFI,WA,ANM,WE,Towers with Radar,41,88,70,0,199,0,106,302,0,408,41,194,372,0,607,216,0,216,823
11/11/2010,BFI,WA,ANM,WE,Towers with Radar,27,77,83,0,187,0,99,202,3,304,27,176,285,3,491,222,0,222,713
11/12/2010,BFI,WA,ANM,WE,Towers with Radar,35,115,94,1,245,0,130,347,0,477,35,245,441,1,722,301,0,301,1023
11/13/2010,BFI,WA,ANM,WE,Towers with Radar,12,35,53,0,100,0,32,108,0,140,12,67,161,0,240,172,0,172,412
11/14/2010,BFI,WA,ANM,WE,Towers with Radar,2,64,77,0,143,0,64,132,0,196,2,128,209,0,339,156,0,156,495
11/15/2010,BFI,WA,ANM,WE,Towers with Radar,40,118,68,0,226,0,23,25,0,48,40,141,93,0,274,102,0,102,376
11/16/2010,BFI,WA,ANM,WE,Towers with Radar,45,105,78,4,232,0,68,119,0,187,45,173,197,4,419,140,4,144,563
11/17/2010,BFI,WA,ANM,WE,Towers with Radar,47,114,94,0,255,0,54,51,0,105,47,168,145,0,360,52,0,52,412
11/18/2010,BFI,WA,ANM,WE,Towers with Radar,37,103,77,0,217,0,99,168,6,273,37,202,245,6,490,180,0,180,670
11/19/2010,BFI,WA,ANM,WE,Towers with Radar,38,116,81,4,239,0,128,213,0,341,38,244,294,4,580,202,0,202,782
11/20/2010,BFI,WA,ANM,WE,Towers with Radar,15,37,57,0,109,0,70,250,0,320,15,107,307,0,429,274,0,274,703
11/21/2010,BFI,WA,ANM,WE,Towers with Radar,7,44,40,0,91,0,72,96,0,168,7,116,136,0,259,170,0,170,429
11/22/2010,BFI,WA,ANM,WE,Towers with Radar,8,67,48,0,123,0,19,1,0,20,8,86,49,0,143,0,0,0,143
11/23/2010,BFI,WA,ANM,WE,Towers with Radar,29,83,51,2,165,2,90,101,0,193,31,173,152,2,358,0,0,0,358
11/24/2010,BFI,WA,ANM,WE,Towers with Radar,32,113,98,0,243,0,84,133,0,217,32,197,231,0,460,70,0,70,530
11/25/2010,BFI,WA,ANM,WE,Towers with Radar,6,34,7,0,47,0,40,43,0,83,6,74,50,0,130,52,0,52,182
11/26/2010,BFI,WA,ANM,WE,Towers with Radar,13,84,48,0,145,0,59,125,0,184,13,143,173,0,329,228,0,228,557
11/27/2010,BFI,WA,ANM,WE,Towers with Radar,7,60,51,2,120,0,9,30,0,39,7,69,81,2,159,166,0,166,325
11/28/2010,BFI,WA,ANM,WE,Towers with Radar,7,70,110,0,187,0,24,99,0,123,7,94,209,0,310,160,0,160,470
11/29/2010,BFI,WA,ANM,WE,Towers with Radar,29,108,67,1,205,0,99,173,0,272,29,207,240,1,477,306,0,306,783
11/30/2010,BFI,WA,ANM,WE,Towers with Radar,35,117,60,3,215,0,40,104,2,146,35,157,164,5,361,98,0,98,459
12/01/2010,BFI,WA,ANM,WE,Towers with Radar,47,96,95,0,238,0,97,165,0,262,47,193,260,0,500,324,0,324,824
12/02/2010,BFI,WA,ANM,WE,Towers with Radar,29,97,79,0,205,0,4,5,0,9,29,101,84,0,214,174,0,174,388
12/03/2010,BFI,WA,ANM,WE,Towers with Radar,28,122,84,2,236,0,80,230,5,315,28,202,314,7,551,216,14,230,781
12/04/2010,BFI,WA,ANM,WE,Towers with Radar,17,35,76,0,128,0,78,303,0,381,17,113,379,0,509,364,0,364,873
12/05/2010,BFI,WA,ANM,WE,Towers with Radar,7,39,74,0,120,0,129,256,0,385,7,168,330,0,505,250,0,250,755
12/06/2010,BFI,WA,ANM,WE,Towers with Radar,26,105,63,1,195,0,98,160,0,258,26,203,223,1,453,138,4,142,595
12/07/2010,BFI,WA,ANM,WE,Towers with Radar,43,100,78,0,221,0,103,128,2,233,43,203,206,2,454,154,0,154,608
12/08/2010,BFI,WA,ANM,WE,Towers with Radar,44,95,80,2,221,0,80,160,6,246,44,175,240,8,467,96,0,96,563
12/09/2010,BFI,WA,ANM,WE,Towers with Radar,41,111,68,1,221,0,69,108,7,184,41,180,176,8,405,102,0,102,507
12/10/2010,BFI,WA,ANM,WE,Towers with Radar,26,96,77,0,199,0,70,134,6,210,26,166,211,6,409,189,4,193,602
12/11/2010,BFI,WA,ANM,WE,Towers with Radar,15,39,56,0,110,0,38,153,0,191,15,77,209,0,301,236,2,238,539
12/12/2010,BFI,WA,ANM,WE,Towers with Radar,7,52,46,0,105,0,8,12,0,20,7,60,58,0,125,32,0,32,157
12/13/2010,BFI,WA,ANM,WE,Towers with Radar,18,120,56,1,195,1,55,59,0,115,19,175,115,1,310,73,0,73,383
12/14/2010,BFI,WA,ANM,WE,Towers with Radar,39,117,60,0,216,0,63,114,2,179,39,180,174,2,395,152,0,152,547
12/15/2010,BFI,WA,ANM,WE,Towers with Radar,48,108,91,5,252,0,97,196,2,295,48,205,287,7,547,176,4,180,727
12/16/2010,BFI,WA,ANM,WE,Towers with Radar,37,95,83,0,215,0,112,242,6,360,37,207,325,6,575,198,0,198,773
12/17/2010,BFI,WA,ANM,WE,Towers with Radar,41,88,79,3,211,0,185,323,4,512,41,273,402,7,723,260,4,264,987
12/18/2010,BFI,WA,ANM,WE,Towers with Radar,11,51,46,3,111,0,45,107,0,152,11,96,153,3,263,210,0,210,473
12/19/2010,BFI,WA,ANM,WE,Towers with Radar,16,37,28,1,82,0,128,365,0,493,16,165,393,1,575,214,0,214,789
12/20/2010,BFI,WA,ANM,WE,Towers with Radar,32,110,54,0,196,0,96,103,0,199,32,206,157,0,395,116,0,116,511
12/21/2010,BFI,WA,ANM,WE,Towers with Radar,39,86,44,2,171,0,85,147,6,238,39,171,191,8,409,226,0,226,635
12/22/2010,BFI,WA,ANM,WE,Towers with Radar,41,80,65,0,186,0,109,177,12,298,41,189,242,12,484,238,0,238,722
12/23/2010,BFI,WA,ANM,WE,Towers with Radar,32,101,62,0,195,0,87,109,1,197,32,188,171,1,392,130,0,130,522
12/24/2010,BFI,WA,ANM,WE,Towers with Radar,18,71,19,0,108,0,85,69,0,154,18,156,88,0,262,82,0,82,344
12/25/2010,BFI,WA,ANM,WE,Towers with Radar,0,16,14,0,30,0,20,38,0,58,0,36,52,0,88,0,2,2,90
12/26/2010,BFI,WA,ANM,WE,Towers with Radar,3,45,58,0,106,0,62,63,0,125,3,107,121,0,231,88,0,88,319
12/27/2010,BFI,WA,ANM,WE,Towers with Radar,14,106,33,3,156,0,54,152,0,206,14,160,185,3,362,178,0,178,540
12/28/2010,BFI,WA,ANM,WE,Towers with Radar,25,109,36,0,170,0,72,154,0,226,25,181,190,0,396,198,0,198,594
12/29/2010,BFI,WA,ANM,WE,Towers with Radar,34,101,48,0,183,0,82,103,0,185,34,183,151,0,368,118,0,118,486
12/30/2010,BFI,WA,ANM,WE,Towers with Radar,30,103,44,1,178,0,133,249,0,382,30,236,293,1,560,232,0,232,792
12/31/2010,BFI,WA,ANM,WE,Towers with Radar,22,61,30,0,113,0,153,276,0,429,22,214,306,0,542,178,0,178,720
01/01/2011,BFI,WA,ANM,WE,Towers with Radar,1,40,22,0,63,0,82,163,0,245,1,122,185,0,308,188,0,188,496
01/02/2011,BFI,WA,ANM,WE,Towers with Radar,3,30,71,3,107,0,126,193,34,353,3,156,264,37,460,308,0,308,768
01/03/2011,BFI,WA,ANM,WE,Towers with Radar,15,99,67,1,182,0,105,195,0,300,15,204,262,1,482,132,0,132,614
01/04/2011,BFI,WA,ANM,WE,Towers with Radar,32,111,45,0,188,0,77,186,1,264,32,188,231,1,452,200,0,200,652
01/05/2011,BFI,WA,ANM,WE,Towers with Radar,33,110,56,2,201,0,76,146,1,223,33,186,202,3,424,154,0,154,578
01/06/2011,BFI,WA,ANM,WE,Towers with Radar,24,110,68,5,207,0,97,141,1,239,24,207,209,6,446,168,0,168,614
01/07/2011,BFI,WA,ANM,WE,Towers with Radar,38,130,57,2,227,0,42,50,3,95,38,172,107,5,322,40,0,40,362
01/08/2011,BFI,WA,ANM,WE,Towers with Radar,11,65,50,0,126,1,48,94,8,151,12,113,144,8,277,204,8,212,489
01/09/2011,BFI,WA,ANM,WE,Towers with Radar,5,53,39,2,99,0,26,97,0,123,5,79,136,2,222,158,0,158,380
01/10/2011,BFI,WA,ANM,WE,Towers with Radar,33,101,61,2,197,0,52,147,4,203,33,153,208,6,400,136,4,140,540
01/11/2011,BFI,WA,ANM,WE,Towers with Radar,38,94,67,0,199,0,66,154,0,220,38,160,221,0,419,196,0,196,615
01/12/2011,BFI,WA,ANM,WE,Towers with Radar,40,114,55,2,211,4,38,58,0,100,44,152,113,2,311,10,0,10,321
01/13/2011,BFI,WA,ANM,WE,Towers with Radar,38,102,73,0,213,0,55,82,0,137,38,157,155,0,350,54,0,54,404
01/14/2011,BFI,WA,ANM,WE,Towers with Radar,37,113,75,1,226,0,75,89,0,164,37,188,164,1,390,12,0,12,402
01/15/2011,BFI,WA,ANM,WE,Towers with Radar,15,35,40,1,91,0,31,87,0,118,15,66,127,1,209,206,0,206,415
01/16/2011,BFI,WA,ANM,WE,Towers with Radar,6,44,48,2,100,0,16,32,0,48,6,60,80,2,148,10,0,10,158
01/17/2011,BFI,WA,ANM,WE,Towers with Radar,26,80,76,1,183,0,66,111,10,187,26,146,187,11,370,126,0,126,496
01/18/2011,BFI,WA,ANM,WE,Towers with Radar,42,106,67,5,220,0,73,77,2,152,42,179,144,7,372,146,0,146,518
01/19/2011,BFI,WA,ANM,WE,Towers with Radar,48,98,57,1,204,1,120,243,10,374,49,218,300,11,578,250,0,250,828
01/20/2011,BFI,WA,ANM,WE,Towers with Radar,40,122,106,1,269,0,120,139,8,267,40,242,245,9,536,173,2,175,711
01/21/2011,BFI,WA,ANM,WE,Towers with Radar,35,126,87,0,248,0,12,38,4,54,35,138,125,4,302,6,0,6,308
01/22/2011,BFI,WA,ANM,WE,Towers with Radar,17,38,59,0,114,0,51,243,0,294,17,89,302,0,408,386,0,386,794
01/23/2011,BFI,WA,ANM,WE,Towers with Radar,18,51,56,0,125,0,36,125,0,161,18,87,181,0,286,276,0,276,562
01/24/2011,BFI,WA,ANM,WE,Towers with Radar,35,115,62,0,212,0,43,121,2,166,35,158,183,2,378,144,4,148,526
01/25/2011,BFI,WA,ANM,WE,Towers with Radar,51,119,75,2,247,0,104,107,12,223,51,223,182,14,470,182,0,182,652
01/26/2011,BFI,WA,ANM,WE,Towers with Radar,56,98,72,2,228,0,101,260,0,361,56,199,332,2,589,272,0,272,861
01/27/2011,BFI,WA,ANM,WE,Towers with Radar,45,89,80,0,214,0,121,298,3,422,45,210,378,3,636,282,2,284,920
01/28/2011,BFI,WA,ANM,WE,Towers with Radar,47,120,98,1,266,0,67,119,0,186,47,187,217,1,452,110,0,110,562
01/29/2011,BFI,WA,ANM,WE,Towers with Radar,24,51,45,1,121,0,31,73,0,104,24,82,118,1,225,214,0,214,439
01/30/2011,BFI,WA,ANM,WE,Towers with Radar,13,41,61,4,119,0,58,142,0,200,13,99,203,4,319,184,0,184,503
01/31/2011,BFI,WA,ANM,WE,Towers with Radar,35,85,52,2,174,0,64,145,8,217,35,149,197,10,391,118,0,118,509
02/01/2011,BFI,WA,ANM,WE,Towers with Radar,50,90,60,4,204,1,88,254,2,345,51,178,314,6,549,220,0,220,769
02/02/2011,BFI,WA,ANM,WE,Towers with Radar,55,83,79,0,217,0,115,265,1,381,55,198,344,1,598,304,0,304,902
02/03/2011,BFI,WA,ANM,WE,Towers with Radar,43,107,53,2,205,0,85,188,1,274,43,192,241,3,479,132,0,132,611
02/04/2011,BFI,WA,ANM,WE,Towers with Radar,47,117,78,0,242,0,47,84,0,131,47,164,162,0,373,124,0,124,497
02/05/2011,BFI,WA,ANM,WE,Towers with Radar,16,45,48,2,111,0,19,39,0,58,16,64,87,2,169,126,0,126,295
02/06/2011,BFI,WA,ANM,WE,Towers with Radar,16,51,35,0,102,0,3,43,0,46,16,54,78,0,148,6,2,8,156
02/07/2011,BFI,WA,ANM,WE,Towers with Radar,30,113,75,2,220,0,79,108,0,187,30,192,183,2,407,150,0,150,557
02/08/2011,BFI,WA,ANM,WE,Towers with Radar,51,101,77,3,232,0,116,232,7,355,51,217,309,10,587,156,0,156,743
02/09/2011,BFI,WA,ANM,WE,Towers with Radar,48,75,89,3,215,0,131,268,1,400,48,206,357,4,615,330,0,330,945
02/10/2011,BFI,WA,ANM,WE,Towers with Radar,54,93,63,1,211,2,160,374,8,544,56,253,437,9,755,318,0,318,1073
02/11/2011,BFI,WA,ANM,WE,Towers with Radar,41,101,82,1,225,0,127,254,0,381,41,228,336,1,606,144,0,144,750
02/12/2011,BFI,WA,ANM,WE,Towers with Radar,17,40,42,1,100,0,60,134,2,196,17,100,176,3,296,208,0,208,504
02/13/2011,BFI,WA,ANM,WE,Towers with Radar,13,38,48,1,100,2,66,177,0,245,15,104,225,1,345,130,2,132,477
02/14/2011,BFI,WA,ANM,WE,Towers with Radar,44,107,35,1,187,0,55,55,0,110,44,162,90,1,297,98,0,98,395
02/15/2011,BFI,WA,ANM,WE,Towers with Radar,43,114,68,1,226,0,102,111,2,215,43,216,179,3,441,124,0,124,565
02/16/2011,BFI,WA,ANM,WE,Towers with Radar,46,94,60,0,200,0,103,128,0,231,46,197,188,0,431,196,0,196,627
02/17/2011,BFI,WA,ANM,WE,Towers with Radar,55,106,89,0,250,0,84,170,6,260,55,190,259,6,510,238,0,238,748
02/18/2011,BFI,WA,ANM,WE,Towers with Radar,35,107,78,0,220,0,126,217,3,346,35,233,295,3,566,242,0,242,808
02/19/2011,BFI,WA,ANM,WE,Towers with Radar,23,49,31,0,103,0,108,293,0,401,23,157,324,0,504,314,0,314,818
02/20/2011,BFI,WA,ANM,WE,Towers with Radar,11,41,55,0,107,0,82,206,0,288,11,123,261,0,395,166,0,166,561
02/21/2011,BFI,WA,ANM,WE,Towers with Radar,27,77,64,0,168,0,77,175,0,252,27,154,239,0,420,98,0,98,518
02/22/2011,BFI,WA,ANM,WE,Towers with Radar,53,120,63,2,238,0,57,85,0,142,53,177,148,2,380,84,0,84,464
02/23/2011,BFI,WA,ANM,WE,Towers with Radar,43,112,85,1,241,0,38,42,0,80,43,150,127,1,321,112,0,112,433
02/24/2011,BFI,WA,ANM,WE,Towers with Radar,36,120,64,0,220,0,83,96,0,179,36,203,160,0,399,170,0,170,569
02/25/2011,BFI,WA,ANM,WE,Towers with Radar,47,94,70,3,214,0,90,176,0,266,47,184,246,3,480,164,0,164,644
02/26/2011,BFI,WA,ANM,WE,Towers with Radar,22,48,34,0,104,0,64,176,0,240,22,112,210,0,344,166,0,166,510
02/27/2011,BFI,WA,ANM,WE,Towers with Radar,7,56,63,0,126,0,8,14,4,26,7,64,77,4,152,14,2,16,168
02/28/2011,BFI,WA,ANM,WE,Towers with Radar,31,114,59,3,207,0,62,61,0,123,31,176,120,3,330,132,0,132,462
03/01/2011,BFI,WA,ANM,WE,Towers with Radar,50,116,57,0,223,0,68,75,0,143,50,184,132,0,366,78,0,78,444
03/02/2011,BFI,WA,ANM,WE,Towers with Radar,58,107,59,3,227,2,90,142,6,240,60,197,201,9,467,134,0,134,601
03/03/2011,BFI,WA,ANM,WE,Towers with Radar,39,126,46,0,211,0,91,126,0,217,39,217,172,0,428,188,0,188,616
03/04/2011,BFI,WA,ANM,WE,Towers with Radar,36,100,67,0,203,0,109,203,2,314,36,209,270,2,517,238,0,238,755
03/05/2011,BFI,WA,ANM,WE,Towers with Radar,19,38,29,0,86,0,66,206,0,272,19,104,235,0,358,266,0,266,624
03/06/2011,BFI,WA,ANM,WE,Towers with Radar,19,40,68,0,127,0,73,170,0,243,19,113,238,0,370,130,0,130,500
03/07/2011,BFI,WA,ANM,WE,Towers with Radar,36,86,70,0,192,0,72,152,2,226,36,158,222,2,418,78,0,78,496
03/08/2011,BFI,WA,ANM,WE,Towers with Radar,41,118,68,2,229,0,60,95,0,155,41,178,163,2,384,24,0,24,408
03/09/2011,BFI,WA,ANM,WE,Towers with Radar,40,104,58,2,204,0,84,108,0,192,40,188,166,2,396,88,0,88,484
03/10/2011,BFI,WA,ANM,WE,Towers with Radar,29,112,72,0,213,0,65,83,0,148,29,177,155,0,361,66,0,66,427
03/11/2011,BFI,WA,ANM,WE,Towers with Radar,44,118,86,2,250,0,106,234,0,340,44,224,320,2,590,134,0,134,724
03/12/2011,BFI,WA,ANM,WE,Towers with Radar,13,34,36,0,83,0,32,126,0,158,13,66,162,0,241,178,0,178,419
03/13/2011,BFI,WA,ANM,WE,Towers with Radar,7,56,58,2,123,0,34,30,0,64,7,90,88,2,187,82,0,82,269
03/14/2011,BFI,WA,ANM,WE,Towers with Radar,22,116,57,2,197,0,100,87,0,187,22,216,144,2,384,100,2,102,486
03/15/2011,BFI,WA,ANM,WE,Towers with Radar,50,111,72,1,234,0,66,64,3,133,50,177,136,4,367,106,0,106,473
03/16/2011,BFI,WA,ANM,WE,Towers with Radar,43,103,69,0,215,0,123,215,22,360,43,226,284,22,575,202,2,204,779
03/17/2011,BFI,WA,ANM,WE,Towers with Radar,44,96,61,2,203,0,131,216,0,347,44,227,277,2,550,250,0,250,800
03/18/2011,BFI,WA,ANM,WE,Towers with Radar,38,113,81,2,234,0,95,169,2,266,38,208,250,4,500,166,12,178,678
03/19/2011,BFI,WA,ANM,WE,Towers with Radar,19,41,45,0,105,0,73,255,0,328,19,114,300,0,433,298,2,300,733
03/20/2011,BFI,WA,ANM,WE,Towers with Radar,13,41,64,3,121,0,104,230,0,334,13,145,294,3,455,222,0,222,677
03/21/2011,BFI,WA,ANM,WE,Towers with Radar,35,107,75,2,219,0,66,77,1,144,35,173,152,3,363,102,0,102,465
03/22/2011,BFI,WA,ANM,WE,Towers with Radar,41,87,63,0,191,0,140,246,0,386,41,227,309,0,577,176,0,176,753
03/23/2011,BFI,WA,ANM,WE,Towers with Radar,48,91,91,2,232,0,177,342,6,525,48,268,433,8,757,268,0,268,1025
03/24/2011,BFI,WA,ANM,WE,Towers with Radar,46,109,82,3,240,0,106,240,4,350,46,215,322,7,590,190,8,198,788
03/25/2011,BFI,WA,ANM,WE,Towers with Radar,37,111,76,0,224,0,129,248,0,377,37,240,324,0,601,216,0,216,817
03/26/2011,BFI,WA,ANM,WE,Towers with Radar,19,35,43,1,98,0,46,176,2,224,19,81,219,3,322,240,0,240,562
03/27/2011,BFI,WA,ANM,WE,Towers with Radar,16,31,75,0,122,0,46,96,0,142,16,77,171,0,264,106,2,108,372
03/28/2011,BFI,WA,ANM,WE,Towers with Radar,36,108,79,0,223,0,79,151,0,230,36,187,230,0,453,128,0,128,581
03/29/2011,BFI,WA,ANM,WE,Towers with Radar,45,111,71,2,229,0,65,121,7,193,45,176,192,9,422,132,0,132,554
03/30/2011,BFI,WA,ANM,WE,Towers with Radar,42,128,54,0,224,0,69,69,0,138,42,197,123,0,362,60,0,60,422
03/31/2011,BFI,WA,ANM,WE,Towers with Radar,43,107,60,1,211,0,61,80,0,141,43,168,140,1,352,66,0,66,418
04/01/2011,BFI,WA,ANM,WE,Towers with Radar,32,119,94,0,245,0,19,33,0,52,32,138,127,0,297,8,10,18,315
04/02/2011,BFI,WA,ANM,WE,Towers with Radar,26,60,58,0,144,0,45,142,0,187,26,105,200,0,331,244,0,244,575
04/03/2011,BFI,WA,ANM,WE,Towers with Radar,15,52,67,0,134,0,100,179,0,279,15,152,246,0,413,256,0,256,669
04/04/2011,BFI,WA,ANM,WE,Towers with Radar,37,121,37,1,196,0,64,96,2,162,37,185,133,3,358,108,0,108,466
04/05/2011,BFI,WA,ANM,WE,Towers with Radar,39,106,71,0,216,0,76,93,1,170,39,182,164,1,386,90,0,90,476
04/06/2011,BFI,WA,ANM,WE,Towers with Radar,52,103,72,0,227,0,89,158,2,249,52,192,230,2,476,216,2,218,694
04/07/2011,BFI,WA,ANM,WE,Towers with Radar,51,105,72,0,228,0,84,150,1,235,51,189,222,1,463,246,2,248,711
04/08/2011,BFI,WA,ANM,WE,Towers with Radar,39,107,87,2,235,0,135,367,0,502,39,242,454,2,737,308,0,308,1045
04/09/2011,BFI,WA,ANM,WE,Towers with Radar,13,48,40,1,102,0,64,251,0,315,13,112,291,1,417,290,0,290,707
04/10/2011,BFI,WA,ANM,WE,Towers with Radar,17,41,49,1,108,0,53,102,0,155,17,94,151,1,263,128,0,128,391
04/11/2011,BFI,WA,ANM,WE,Towers with Radar,28,117,64,2,211,0,95,178,0,273,28,212,242,2,484,160,20,180,664
04/12/2011,BFI,WA,ANM,WE,Towers with Radar,43,94,88,4,229,0,141,318,0,459,43,235,406,4,688,186,0,186,874
04/13/2011,BFI,WA,ANM,WE,Towers with Radar,48,116,78,0,242,0,82,110,4,196,48,198,188,4,438,128,0,128,566
04/14/2011,BFI,WA,ANM,WE,Towers with Radar,48,105,52,2,207,2,69,99,16,186,50,174,151,18,393,72,0,72,465
04/15/2011,BFI,WA,ANM,WE,Towers with Radar,41,112,85,1,239,0,100,217,1,318,41,212,302,2,557,214,0,214,771
04/16/2011,BFI,WA,ANM,WE,Towers with Radar,22,53,56,0,131,0,30,162,0,192,22,83,218,0,323,246,0,246,569
04/17/2011,BFI,WA,ANM,WE,Towers with Radar,14,31,76,0,121,0,82,235,0,317,14,113,311,0,438,218,0,218,656
04/18/2011,BFI,WA,ANM,WE,Towers with Radar,28,80,62,0,170,0,77,129,1,207,28,157,191,1,377,102,0,102,479
04/19/2011,BFI,WA,ANM,WE,Towers with Radar,56,116,57,1,230,0,95,269,0,364,56,211,326,1,594,166,4,170,764
04/20/2011,BFI,WA,ANM,WE,Towers with Radar,52,92,70,4,218,0,138,284,0,422,52,230,354,4,640,264,0,264,904
04/21/2011,BFI,WA,ANM,WE,Towers with Radar,38,85,82,0,205,6,114,193,11,324,44,199,275,11,529,244,0,244,773
04/22/2011,BFI,WA,ANM,WE,Towers with Radar,36,83,89,0,208,0,140,342,16,498,36,223,431,16,706,304,0,304,1010
04/23/2011,BFI,WA,ANM,WE,Towers with Radar,22,39,52,0,113,0,176,416,7,599,22,215,468,7,712,335,0,335,1047
04/24/2011,BFI,WA,ANM,WE,Towers with Radar,5,47,52,1,105,0,33,61,0,94,5,80,113,1,199,54,0,54,253
04/25/2011,BFI,WA,ANM,WE,Towers with Radar,31,109,79,2,221,0,74,128,4,206,31,183,207,6,427,112,0,112,539
04/26/2011,BFI,WA,ANM,WE,Towers with Radar,50,107,73,2,232,0,147,174,0,321,50,254,247,2,553,294,10,304,857
04/27/2011,BFI,WA,ANM,WE,Towers with Radar,54,106,88,0,248,0,77,120,0,197,54,183,208,0,445,82,0,82,527
04/28/2011,BFI,WA,ANM,WE,Towers with Radar,45,109,78,0,232,2,96,172,4,274,47,205,250,4,506,186,0,186,692
04/29/2011,BFI,WA,ANM,WE,Towers with Radar,34,99,116,5,254,0,101,299,4,404,34,200,415,9,658,189,0,189,847
04/30/2011,BFI,WA,ANM,WE,Towers with Radar,15,42,35,0,92,1,72,258,0,331,16,114,293,0,423,304,0,304,727
05/01/2011,BFI,WA,ANM,WE,Towers with Radar,17,39,71,1,128,0,88,428,12,528,17,127,499,13,656,248,0,248,904
05/02/2011,BFI,WA,ANM,WE,Towers with Radar,39,107,86,0,232,0,68,91,0,159,39,175,177,0,391,118,0,118,509
05/03/2011,BFI,WA,ANM,WE,Towers with Radar,45,101,71,4,221,0,78,208,1,287,45,179,279,5,508,200,0,200,708
05/04/2011,BFI,WA,ANM,WE,Towers with Radar,50,78,86,4,218,0,94,307,14,415,50,172,393,18,633,188,0,188,821
05/05/2011,BFI,WA,ANM,WE,Towers with Radar,53,103,74,6,236,0,64,152,4,220,53,167,226,10,456,160,0,160,616
05/06/2011,BFI,WA,ANM,WE,Towers with Radar,55,118,90,2,265,0,58,140,4,202,55,176,230,6,467,198,0,198,665
05/07/2011,BFI,WA,ANM,WE,Towers with Radar,13,50,38,1,102,0,32,130,3,165,13,82,168,4,267,250,2,252,519
05/08/2011,BFI,WA,ANM,WE,Towers with Radar,16,40,56,0,112,0,46,118,2,166,16,86,174,2,278,186,2,188,466
05/09/2011,BFI,WA,ANM,WE,Towers with Radar,32,100,88,1,221,0,70,154,6,230,32,170,242,7,451,210,0,210,661
05/10/2011,BFI,WA,ANM,WE,Towers with Radar,47,95,111,8,261,2,97,278,0,377,49,192,389,8,638,208,0,208,846
05/11/2011,BFI,WA,ANM,WE,Towers with Radar,58,130,96,0,284,0,54,114,0,168,58,184,210,0,452,106,2,108,560
05/12/2011,BFI,WA,ANM,WE,Towers with Radar,42,87,78,5,212,0,125,287,1,413,42,212,365,6,625,252,0,252,877
05/13/2011,BFI,WA,ANM,WE,Towers with Radar,45,96,76,2,219,0,74,214,3,291,45,170,290,5,510,96,0,96,606
05/14/2011,BFI,WA,ANM,WE,Towers with Radar,23,31,39,2,95,0,41,209,2,252,23,72,248,4,347,224,0,224,571
05/15/2011,BFI,WA,ANM,WE,Towers with Radar,14,66,65,0,145,0,13,29,0,42,14,79,94,0,187,12,0,12,199
05/16/2011,BFI,WA,ANM,WE,Towers with Radar,29,110,89,0,228,0,80,88,0,168,29,190,177,0,396,60,0,60,456
05/17/2011,BFI,WA,ANM,WE,Towers with Radar,50,106,118,0,274,0,134,280,8,422,50,240,398,8,696,196,0,196,892
05/18/2011,BFI,WA,ANM,WE,Towers with Radar,46,104,115,1,266,0,116,287,0,403,46,220,402,1,669,164,0,164,833
05/19/2011,BFI,WA,ANM,WE,Towers with Radar,51,118,132,0,301,6,137,241,21,405,57,255,373,21,706,148,0,148,854
05/20/2011,BFI,WA,ANM,WE,Towers with Radar,48,89,96,1,234,0,117,401,0,518,48,206,497,1,752,216,0,216,968
05/21/2011,BFI,WA,ANM,WE,Towers with Radar,25,41,60,0,126,0,67,139,4,210,25,108,199,4,336,256,6,262,598
05/22/2011,BFI,WA,ANM,WE,Towers with Radar,13,44,65,0,122,0,61,143,0,204,13,105,208,0,326,226,0,226,552
05/23/2011,BFI,WA,ANM,WE,Towers with Radar,40,90,87,2,219,0,45,164,0,209,40,135,251,2,428,118,8,126,554
05/24/2011,BFI,WA,ANM,WE,Towers with Radar,45,107,95,2,249,0,105,224,3,332,45,212,319,5,581,274,0,274,855
05/25/2011,BFI,WA,ANM,WE,Towers with Radar,44,108,85,2,239,4,83,112,20,219,48,191,197,22,458,122,4,126,584
05/26/2011,BFI,WA,ANM,WE,Towers with Radar,35,93,110,1,239,0,85,198,3,286,35,178,308,4,525,165,0,165,690
05/27/2011,BFI,WA,ANM,WE,Towers with Radar,38,110,87,2,237,4,110,272,0,386,42,220,359,2,623,180,0,180,803
05/28/2011,BFI,WA,ANM,WE,Towers with Radar,9,36,49,1,95,0,65,215,4,284,9,101,264,5,379,178,0,178,557
05/29/2011,BFI,WA,ANM,WE,Towers with Radar,9,33,46,0,88,0,50,223,0,273,9,83,269,0,361,178,0,178,539
05/30/2011,BFI,WA,ANM,WE,Towers with Radar,0,59,70,1,130,0,67,226,5,298,0,126,296,6,428,214,0,214,642
05/31/2011,BFI,WA,ANM,WE,Towers with Radar,33,99,54,2,188,0,91,175,0,266,33,190,229,2,454,268,0,268,722
06/01/2011,BFI,WA,ANM,WE,Towers with Radar,48,92,72,0,212,1,78,160,8,247,49,170,232,8,459,244,0,244,703
06/02/2011,BFI,WA,ANM,WE,Towers with Radar,44,107,76,0,227,0,67,144,8,219,44,174,220,8,446,124,0,124,570
06/03/2011,BFI,WA,ANM,WE,Towers with Radar,40,80,80,0,200,0,88,322,42,452,40,168,402,42,652,150,0,150,802
06/04/2011,BFI,WA,ANM,WE,Towers with Radar,16,25,52,0,93,0,48,373,0,421,16,73,425,0,514,212,0,212,726
06/05/2011,BFI,WA,ANM,WE,Towers with Radar,21,25,84,0,130,0,84,308,0,392,21,109,392,0,522,166,0,166,688
06/06/2011,BFI,WA,ANM,WE,Towers with Radar,31,99,66,0,196,0,80,189,0,269,31,179,255,0,465,160,0,160,625
06/07/2011,BFI,WA,ANM,WE,Towers with Radar,48,102,86,1,237,0,65,134,2,201,48,167,220,3,438,72,2,74,512
06/08/2011,BFI,WA,ANM,WE,Towers with Radar,49,105,92,4,250,0,82,243,1,326,49,187,335,5,576,190,0,190,766
06/09/2011,BFI,WA,ANM,WE,Towers with Radar,47,97,113,1,258,0,102,340,1,443,47,199,453,2,701,182,0,182,883
06/10/2011,BFI,WA,ANM,WE,Towers with Radar,43,101,98,7,249,0,80,211,8,299,43,181,309,15,548,100,0,100,648
06/11/2011,BFI,WA,ANM,WE,Towers with Radar,19,32,69,3,123,0,65,254,4,323,19,97,323,7,446,202,0,202,648
06/12/2011,BFI,WA,ANM,WE,Towers with Radar,14,38,104,1,157,2,80,314,2,398,16,118,418,3,555,96,0,96,651
06/13/2011,BFI,WA,ANM,WE,Towers with Radar,31,94,88,0,213,0,37,81,0,118,31,131,169,0,331,94,0,94,425
06/14/2011,BFI,WA,ANM,WE,Towers with Radar,37,110,75,2,224,0,79,307,0,386,37,189,382,2,610,264,0,264,874
06/15/2011,BFI,WA,ANM,WE,Towers with Radar,51,115,121,10,297,0,94,301,28,423,51,209,422,38,720,240,0,240,960
06/16/2011,BFI,WA,ANM,WE,Towers with Radar,48,112,102,10,272,3,78,299,2,382,51,190,401,12,654,262,0,262,916
06/17/2011,BFI,WA,ANM,WE,Towers with Radar,33,113,90,0,236,0,115,345,1,461,33,228,435,1,697,242,0,242,939
06/18/2011,BFI,WA,ANM,WE,Towers with Radar,16,54,80,5,155,0,22,39,3,64,16,76,119,8,219,44,6,50,269
06/19/2011,BFI,WA,ANM,WE,Towers with Radar,6,48,80,2,136,0,30,164,0,194,6,78,244,2,330,134,0,134,464
06/20/2011,BFI,WA,ANM,WE,Towers with Radar,34,75,101,0,210,0,66,210,0,276,34,141,311,0,486,98,0,98,584
06/21/2011,BFI,WA,ANM,WE,Towers with Radar,46,67,74,6,193,0,114,306,9,429,46,181,380,15,622,124,0,124,746
06/22/2011,BFI,WA,ANM,WE,Towers with Radar,46,85,102,1,234,0,52,203,0,255,46,137,305,1,489,160,0,160,649
06/23/2011,BFI,WA,ANM,WE,Towers with Radar,36,74,75,5,190,6,112,180,0,298,42,186,255,5,488,136,0,136,624
06/24/2011,BFI,WA,ANM,WE,Towers with Radar,40,105,94,5,244,0,97,205,0,302,40,202,299,5,546,130,4,134,680
06/25/2011,BFI,WA,ANM,WE,Towers with Radar,17,48,49,5,119,0,69,273,0,342,17,117,322,5,461,120,2,122,583
06/26/2011,BFI,WA,ANM,WE,Towers with Radar,8,25,70,2,105,0,87,418,3,508,8,112,488,5,613,144,0,144,757
06/27/2011,BFI,WA,ANM,WE,Towers with Radar,33,69,65,4,171,0,109,188,0,297,33,178,253,4,468,182,0,182,650
06/28/2011,BFI,WA,ANM,WE,Towers with Radar,51,79,92,2,224,0,97,194,3,294,51,176,286,5,518,128,10,138,656
06/29/2011,BFI,WA,ANM,WE,Towers with Radar,47,96,86,5,234,0,87,138,3,228,47,183,224,8,462,62,2,64,526
06/30/2011,BFI,WA,ANM,WE,Towers with Radar,46,90,91,3,230,6,133,268,2,409,52,223,359,5,639,166,3,169,808
07/01/2011,BFI,WA,ANM,WE,Towers with Radar,31,76,85,1,193,0,198,453,0,651,31,274,538,1,844,214,0,214,1058
07/02/2011,BFI,WA,ANM,WE,Towers with Radar,14,30,39,0,83,0,105,395,0,500,14,135,434,0,583,164,0,164,747
07/03/2011,BFI,WA,ANM,WE,Towers with Radar,5,50,49,0,104,0,42,152,0,194,5,92,201,0,298,94,0,94,392
07/04/2011,BFI,WA,ANM,WE,Towers with Radar,1,18,31,0,50,0,88,179,3,270,1,106,210,3,320,64,2,66,386
07/05/2011,BFI,WA,ANM,WE,Towers with Radar,28,74,76,1,179,0,173,379,3,555,28,247,455,4,734,144,6,150,884
07/06/2011,BFI,WA,ANM,WE,Towers with Radar,95,64,42,3,204,0,143,437,0,580,95,207,479,3,784,146,0,146,930
07/07/2011,BFI,WA,ANM,WE,Towers with Radar,35,89,102,2,228,1,79,161,5,246,36,168,263,7,474,182,18,200,674
07/08/2011,BFI,WA,ANM,WE,Towers with Radar,40,81,73,6,200,0,148,331,0,479,40,229,404,6,679,160,0,160,839
07/09/2011,BFI,WA,ANM,WE,Towers with Radar,16,27,41,5,89,0,128,410,3,541,16,155,451,8,630,174,0,174,804
07/10/2011,BFI,WA,ANM,WE,Towers with Radar,16,35,87,6,144,0,119,406,0,525,16,154,493,6,669,122,4,126,795
07/11/2011,BFI,WA,ANM,WE,Towers with Radar,29,64,81,0,174,0,129,344,1,474,29,193,425,1,648,280,0,280,928
07/12/2011,BFI,WA,ANM,WE,Towers with Radar,45,111,106,10,272,0,96,194,4,294,45,207,300,14,566,238,0,238,804
07/13/2011,BFI,WA,ANM,WE,Towers with Radar,46,81,76,6,209,0,166,293,4,463,46,247,369,10,672,176,2,178,850
07/14/2011,BFI,WA,ANM,WE,Towers with Radar,39,105,112,5,261,0,113,216,2,331,39,218,328,7,592,232,0,232,824
07/15/2011,BFI,WA,ANM,WE,Towers with Radar,44,84,104,1,233,0,165,343,2,510,44,249,447,3,743,226,4,230,973
07/16/2011,BFI,WA,ANM,WE,Towers with Radar,19,42,55,1,117,0,33,136,0,169,19,75,191,1,286,108,0,108,394
07/17/2011,BFI,WA,ANM,WE,Towers with Radar,14,51,107,1,173,0,33,220,2,255,14,84,327,3,428,138,0,138,566
07/18/2011,BFI,WA,ANM,WE,Towers with Radar,40,92,83,1,216,0,159,351,2,512,40,251,434,3,728,181,6,187,915
07/19/2011,BFI,WA,ANM,WE,Towers with Radar,45,106,104,3,258,0,95,206,4,305,45,201,310,7,563,104,0,104,667
07/20/2011,BFI,WA,ANM,WE,Towers with Radar,46,83,114,1,244,0,169,352,0,521,46,252,466,1,765,246,0,246,1011
07/21/2011,BFI,WA,ANM,WE,Towers with Radar,36,93,133,0,262,0,136,305,4,445,36,229,438,4,707,224,0,224,931
07/22/2011,BFI,WA,ANM,WE,Towers with Radar,54,127,123,9,313,0,171,478,7,656,54,298,601,16,969,154,0,154,1123
07/23/2011,BFI,WA,ANM,WE,Towers with Radar,17,37,54,5,113,0,119,420,0,539,17,156,474,5,652,208,0,208,860
07/24/2011,BFI,WA,ANM,WE,Towers with Radar,9,32,90,1,132,0,112,498,2,612,9,144,588,3,744,196,0,196,940
07/25/2011,BFI,WA,ANM,WE,Towers with Radar,28,117,87,3,235,0,77,116,0,193,28,194,203,3,428,84,0,84,512
07/26/2011,BFI,WA,ANM,WE,Towers with Radar,47,100,104,4,255,1,106,231,1,339,48,206,335,5,594,200,0,200,794
07/27/2011,BFI,WA,ANM,WE,Towers with Radar,63,97,125,8,293,2,131,332,4,469,65,228,457,12,762,210,0,210,972
07/28/2011,BFI,WA,ANM,WE,Towers with Radar,53,84,99,6,242,0,157,417,3,577,53,241,516,9,819,254,0,254,1073
07/29/2011,BFI,WA,ANM,WE,Towers with Radar,50,88,109,2,249,0,157,388,1,546,50,245,497,3,795,216,0,216,1011
07/30/2011,BFI,WA,ANM,WE,Towers with Radar,23,42,66,4,135,0,97,316,0,413,23,139,382,4,548,160,0,160,708
07/31/2011,BFI,WA,ANM,WE,Towers with Radar,11,58,106,2,177,0,58,225,0,283,11,116,331,2,460,100,0,100,560
08/01/2011,BFI,WA,ANM,WE,Towers with Radar,33,72,79,7,191,0,182,371,9,562,33,254,450,16,753,192,0,192,945
08/02/2011,BFI,WA,ANM,WE,Towers with Radar,53,70,87,8,218,0,135,314,2,451,53,205,401,10,669,200,14,214,883
08/03/2011,BFI,WA,ANM,WE,Towers with Radar,61,81,98,5,245,0,198,376,16,590,61,279,474,21,835,192,8,200,1035
08/04/2011,BFI,WA,ANM,WE,Towers with Radar,42,74,91,8,215,0,170,392,20,582,42,244,483,28,797,112,56,168,965
08/05/2011,BFI,WA,ANM,WE,Towers with Radar,39,108,121,2,270,0,82,224,7,313,39,190,345,9,583,90,8,98,681
08/06/2011,BFI,WA,ANM,WE,Towers with Radar,14,46,69,5,134,0,77,300,15,392,14,123,369,20,526,235,14,249,775
08/07/2011,BFI,WA,ANM,WE,Towers with Radar,8,49,90,2,149,0,74,326,14,414,8,123,416,16,563,166,32,198,761
08/08/2011,BFI,WA,ANM,WE,Towers with Radar,38,97,117,5,257,0,86,287,1,374,38,183,404,6,631,156,0,156,787
08/09/2011,BFI,WA,ANM,WE,Towers with Radar,47,99,103,5,254,0,104,282,3,389,47,203,385,8,643,136,2,138,781
08/10/2011,BFI,WA,ANM,WE,Towers with Radar,57,112,142,5,316,1,135,399,0,535,58,247,541,5,851,192,0,192,1043
08/11/2011,BFI,WA,ANM,WE,Towers with Radar,43,94,108,1,246,0,180,394,0,574,43,274,502,1,820,182,0,182,1002
08/12/2011,BFI,WA,ANM,WE,Towers with Radar,41,125,126,0,292,0,113,353,0,466,41,238,479,0,758,106,0,106,864
08/13/2011,BFI,WA,ANM,WE,Towers with Radar,13,45,70,0,128,0,63,325,1,389,13,108,395,1,517,104,0,104,621
08/14/2011,BFI,WA,ANM,WE,Towers with Radar,7,55,111,4,177,0,77,286,0,363,7,132,397,4,540,150,0,150,690
08/15/2011,BFI,WA,ANM,WE,Towers with Radar,29,73,101,1,204,0,112,215,0,327,29,185,316,1,531,100,0,100,631
08/16/2011,BFI,WA,ANM,WE,Towers with Radar,44,85,83,5,217,0,138,324,0,462,44,223,407,5,679,90,0,90,769
08/17/2011,BFI,WA,ANM,WE,Towers with Radar,66,87,82,3,238,1,146,440,9,596,67,233,522,12,834,52,0,52,886
08/18/2011,BFI,WA,ANM,WE,Towers with Radar,42,85,105,3,235,0,171,350,0,521,42,256,455,3,756,224,0,224,980
08/19/2011,BFI,WA,ANM,WE,Towers with Radar,50,76,89,1,216,0,161,353,0,514,50,237,442,1,730,148,0,148,878
08/20/2011,BFI,WA,ANM,WE,Towers with Radar,11,43,36,1,91,0,111,389,7,507,11,154,425,8,598,156,4,160,758
08/21/2011,BFI,WA,ANM,WE,Towers with Radar,6,34,86,2,128,0,75,292,0,367,6,109,378,2,495,134,0,134,629
08/22/2011,BFI,WA,ANM,WE,Towers with Radar,32,111,109,3,255,0,83,136,2,221,32,194,245,5,476,106,0,106,582
08/23/2011,BFI,WA,ANM,WE,Towers with Radar,55,89,102,5,251,0,122,304,0,426,55,211,406,5,677,116,8,124,801
08/24/2011,BFI,WA,ANM,WE,Towers with Radar,49,88,103,1,241,0,173,391,4,568,49,261,494,5,809,240,0,240,1049
08/25/2011,BFI,WA,ANM,WE,Towers with Radar,60,84,100,0,244,0,210,427,6,643,60,294,527,6,887,204,0,204,1091
08/26/2011,BFI,WA,ANM,WE,Towers with Radar,52,88,89,3,232,1,211,483,3,698,53,299,572,6,930,184,0,184,1114
08/27/2011,BFI,WA,ANM,WE,Towers with Radar,20,28,42,8,98,0,74,325,0,399,20,102,367,8,497,130,0,130,627
08/28/2011,BFI,WA,ANM,WE,Towers with Radar,10,41,53,5,109,0,72,349,0,421,10,113,402,5,530,90,0,90,620
08/29/2011,BFI,WA,ANM,WE,Towers with Radar,26,92,107,1,226,0,123,171,0,294,26,215,278,1,520,156,0,156,676
08/30/2011,BFI,WA,ANM,WE,Towers with Radar,58,87,106,4,255,0,84,242,0,326,58,171,348,4,581,120,0,120,701
08/31/2011,BFI,WA,ANM,WE,Towers with Radar,48,98,96,5,247,0,111,285,0,396,48,209,381,5,643,128,0,128,771
09/01/2011,BFI,WA,ANM,WE,Towers with Radar,46,72,77,1,196,0,155,413,1,569,46,227,490,2,765,120,0,120,885
09/02/2011,BFI,WA,ANM,WE,Towers with Radar,41,90,90,0,221,0,190,415,0,605,41,280,505,0,826,144,0,144,970
09/03/2011,BFI,WA,ANM,WE,Towers with Radar,7,38,48,1,94,0,106,314,0,420,7,144,362,1,514,156,0,156,670
09/04/2011,BFI,WA,ANM,WE,Towers with Radar,4,25,42,2,73,0,72,322,0,394,4,97,364,2,467,104,0,104,571
09/05/2011,BFI,WA,ANM,WE,Towers with Radar,1,57,67,0,125,0,107,402,0,509,1,164,469,0,634,98,16,114,748
09/06/2011,BFI,WA,ANM,WE,Towers with Radar,38,63,88,6,195,0,165,263,0,428,38,228,351,6,623,204,12,216,839
09/07/2011,BFI,WA,ANM,WE,Towers with Radar,59,73,74,0,206,0,146,419,0,565,59,219,493,0,771,206,2,208,979
09/08/2011,BFI,WA,ANM,WE,Towers with Radar,54,84,85,2,225,0,168,347,0,515,54,252,432,2,740,202,0,202,942
09/09/2011,BFI,WA,ANM,WE,Towers with Radar,38,91,86,3,218,0,158,423,2,583,38,249,509,5,801,156,0,156,957
09/10/2011,BFI,WA,ANM,WE,Towers with Radar,13,21,45,0,79,0,87,395,0,482,13,108,440,0,561,202,0,202,763
09/11/2011,BFI,WA,ANM,WE,Towers with Radar,10,37,57,1,105,0,77,313,0,390,10,114,370,1,495,242,0,242,737
09/12/2011,BFI,WA,ANM,WE,Towers with Radar,26,92,100,1,219,0,78,179,1,258,26,170,279,2,477,114,6,120,597
09/13/2011,BFI,WA,ANM,WE,Towers with Radar,34,102,110,3,249,0,102,225,2,329,34,204,335,5,578,198,0,198,776
09/14/2011,BFI,WA,ANM,WE,Towers with Radar,51,81,114,4,250,0,105,321,2,428,51,186,435,6,678,174,10,184,862
09/15/2011,BFI,WA,ANM,WE,Towers with Radar,41,104,129,0,274,0,112,270,1,383,41,216,399,1,657,140,4,144,801
09/16/2011,BFI,WA,ANM,WE,Towers with Radar,32,67,112,0,211,0,155,266,0,421,32,222,378,0,632,114,0,114,746
09/17/2011,BFI,WA,ANM,WE,Towers with Radar,11,28,64,0,103,0,52,135,4,191,11,80,199,4,294,204,2,206,500
09/18/2011,BFI,WA,ANM,WE,Towers with Radar,15,54,95,0,164,0,21,137,1,159,15,75,232,1,323,66,2,68,391
09/19/2011,BFI,WA,ANM,WE,Towers with Radar,37,72,65,1,175,0,90,289,0,379,37,162,354,1,554,174,0,174,728
09/20/2011,BFI,WA,ANM,WE,Towers with Radar,45,82,83,3,213,1,107,349,3,460,46,189,432,6,673,190,0,190,863
09/21/2011,BFI,WA,ANM,WE,Towers with Radar,37,75,81,0,193,0,149,325,1,475,37,224,406,1,668,146,0,146,814
09/22/2011,BFI,WA,ANM,WE,Towers with Radar,34,89,116,2,241,0,144,292,0,436,34,233,408,2,677,132,0,132,809
09/23/2011,BFI,WA,ANM,WE,Towers with Radar,34,73,90,0,197,0,142,378,8,528,34,215,468,8,725,136,0,136,861
09/24/2011,BFI,WA,ANM,WE,Towers with Radar,9,48,55,2,114,0,77,383,0,460,9,125,438,2,574,135,14,149,723
09/25/2011,BFI,WA,ANM,WE,Towers with Radar,11,42,70,2,125,0,38,96,0,134,11,80,166,2,259,0,0,0,259
09/26/2011,BFI,WA,ANM,WE,Towers with Radar,26,90,96,6,218,0,40,50,0,90,26,130,146,6,308,16,0,16,324
09/27/2011,BFI,WA,ANM,WE,Towers with Radar,43,90,63,3,199,0,79,172,0,251,43,169,235,3,450,156,0,156,606
09/28/2011,BFI,WA,ANM,WE,Towers with Radar,38,84,80,3,205,0,164,326,0,490,38,248,406,3,695,112,0,112,807
09/29/2011,BFI,WA,ANM,WE,Towers with Radar,38,82,80,3,203,0,178,444,2,624,38,260,524,5,827,114,0,114,941
09/30/2011,BFI,WA,ANM,WE,Towers with Radar,39,96,90,5,230,0,123,320,2,445,39,219,410,7,675,204,0,204,879
10/01/2011,BFI,WA,ANM,WE,Towers with Radar,7,34,53,0,94,0,64,166,1,231,7,98,219,1,325,162,0,162,487
10/02/2011,BFI,WA,ANM,WE,Towers with Radar,9,38,79,0,126,0,62,206,0,268,9,100,285,0,394,112,0,112,506
10/03/2011,BFI,WA,ANM,WE,Towers with Radar,23,67,61,0,151,0,107,128,0,235,23,174,189,0,386,86,8,94,480
10/04/2011,BFI,WA,ANM,WE,Towers with Radar,35,79,78,1,193,0,96,138,3,237,35,175,216,4,430,118,0,118,548
10/05/2011,BFI,WA,ANM,WE,Towers with Radar,47,92,79,3,221,0,113,169,0,282,47,205,248,3,503,64,0,64,567
10/06/2011,BFI,WA,ANM,WE,Towers with Radar,38,102,106,0,246,0,66,180,0,246,38,168,286,0,492,142,0,142,634
10/07/2011,BFI,WA,ANM,WE,Towers with Radar,36,89,98,0,223,0,66,153,0,219,36,155,251,0,442,110,0,110,552
10/08/2011,BFI,WA,ANM,WE,Towers with Radar,17,35,41,2,95,0,70,272,2,344,17,105,313,4,439,194,0,194,633
10/09/2011,BFI,WA,ANM,WE,Towers with Radar,3,41,53,4,101,0,27,166,0,193,3,68,219,4,294,156,0,156,450
10/10/2011,BFI,WA,ANM,WE,Towers with Radar,32,85,55,0,172,0,66,101,0,167,32,151,156,0,339,144,16,160,499
10/11/2011,BFI,WA,ANM,WE,Towers with Radar,40,81,77,5,203,0,57,84,2,143,40,138,161,7,346,58,0,58,404
10/12/2011,BFI,WA,ANM,WE,Towers with Radar,45,76,75,1,197,0,124,219,3,346,45,200,294,4,543,124,0,124,667
10/13/2011,BFI,WA,ANM,WE,Towers with Radar,31,90,86,6,213,1,143,371,2,517,32,233,457,8,730,260,0,260,990
10/14/2011,BFI,WA,ANM,WE,Towers with Radar,35,80,60,13,188,0,100,296,13,409,35,180,356,26,597,78,4,82,679
10/15/2011,BFI,WA,ANM,WE,Towers with Radar,16,51,50,7,124,0,59,190,1,250,16,110,240,8,374,54,10,64,438
10/16/2011,BFI,WA,ANM,WE,Towers with Radar,10,36,73,1,120,0,17,134,14,165,10,53,207,15,285,106,6,112,397
10/17/2011,BFI,WA,ANM,WE,Towers with Radar,25,58,79,1,163,0,81,224,0,305,25,139,303,1,468,150,0,150,618
10/18/2011,BFI,WA,ANM,WE,Towers with Radar,30,64,82,12,188,0,141,284,1,426,30,205,366,13,614,146,0,146,760
10/19/2011,BFI,WA,ANM,WE,Towers with Radar,42,88,85,6,221,0,69,158,0,227,42,157,243,6,448,82,0,82,530
10/20/2011,BFI,WA,ANM,WE,Towers with Radar,30,91,74,2,197,0,74,170,0,244,30,165,244,2,441,124,0,124,565
10/21/2011,BFI,WA,ANM,WE,Towers with Radar,40,104,93,2,239,0,39,79,0,118,40,143,172,2,357,60,0,60,417
10/22/2011,BFI,WA,ANM,WE,Towers with Radar,9,42,60,1,112,0,4,10,0,14,9,46,70,1,126,38,0,38,164
10/23/2011,BFI,WA,ANM,WE,Towers with Radar,6,59,64,3,132,0,24,148,1,173,6,83,212,4,305,131,14,145,450
10/24/2011,BFI,WA,ANM,WE,Towers with Radar,29,74,67,0,170,0,71,150,0,221,29,145,217,0,391,111,10,121,512
10/25/2011,BFI,WA,ANM,WE,Towers with Radar,39,89,96,1,225,0,72,213,2,287,39,161,309,3,512,52,0,52,564
10/26/2011,BFI,WA,ANM,WE,Towers with Radar,46,96,86,4,232,0,65,126,0,191,46,161,212,4,423,102,0,102,525
10/27/2011,BFI,WA,ANM,WE,Towers with Radar,37,79,88,0,204,0,132,330,2,464,37,211,418,2,668,188,0,188,856
10/28/2011,BFI,WA,ANM,WE,Towers with Radar,35,91,93,4,223,0,62,106,0,168,35,153,199,4,391,94,0,94,485
10/29/2011,BFI,WA,ANM,WE,Towers with Radar,9,44,55,0,108,0,46,179,0,225,9,90,234,0,333,120,0,120,453
10/30/2011,BFI,WA,ANM,WE,Towers with Radar,10,50,73,1,134,0,23,15,0,38,10,73,88,1,172,10,8,18,190
10/31/2011,BFI,WA,ANM,WE,Towers with Radar,25,65,45,3,138,0,43,105,1,149,25,108,150,4,287,58,0,58,345
11/01/2011,BFI,WA,ANM,WE,Towers with Radar,37,68,70,0,175,0,87,238,5,330,37,155,308,5,505,120,20,140,645
11/02/2011,BFI,WA,ANM,WE,Towers with Radar,34,82,75,0,191,0,77,166,0,243,34,159,241,0,434,74,0,74,508
11/03/2011,BFI,WA,ANM,WE,Towers with Radar,37,76,57,0,170,1,95,196,1,293,38,171,253,1,463,138,0,138,601
11/04/2011,BFI,WA,ANM,WE,Towers with Radar,27,102,73,0,202,1,67,176,0,244,28,169,249,0,446,68,0,68,514
11/05/2011,BFI,WA,ANM,WE,Towers with Radar,6,31,57,0,94,0,40,183,0,223,6,71,240,0,317,168,0,168,485
11/06/2011,BFI,WA,ANM,WE,Towers with Radar,8,19,57,0,84,0,31,231,0,262,8,50,288,0,346,82,0,82,428
11/07/2011,BFI,WA,ANM,WE,Towers with Radar,24,66,64,2,156,0,56,118,0,174,24,122,182,2,330,50,0,50,380
11/08/2011,BFI,WA,ANM,WE,Towers with Radar,49,72,60,0,181,0,95,174,0,269,49,167,234,0,450,92,2,94,544
11/09/2011,BFI,WA,ANM,WE,Towers with Radar,38,89,79,4,210,0,56,148,2,206,38,145,227,6,416,118,6,124,540
11/10/2011,BFI,WA,ANM,WE,Towers with Radar,39,60,75,2,176,0,138,317,0,455,39,198,392,2,631,218,0,218,849
11/11/2011,BFI,WA,ANM,WE,Towers with Radar,43,73,78,0,194,0,41,76,0,117,43,114,154,0,311,52,0,52,363
11/12/2011,BFI,WA,ANM,WE,Towers with Radar,8,31,43,0,82,0,23,67,2,92,8,54,110,2,174,58,2,60,234
11/13/2011,BFI,WA,ANM,WE,Towers with Radar,11,38,61,1,111,1,29,68,1,99,12,67,129,2,210,62,2,64,274
11/14/2011,BFI,WA,ANM,WE,Towers with Radar,32,66,67,1,166,0,111,122,2,235,32,177,189,3,401,154,0,154,555
11/15/2011,BFI,WA,ANM,WE,Towers with Radar,39,72,72,1,184,0,79,167,2,248,39,151,239,3,432,172,0,172,604
11/16/2011,BFI,WA,ANM,WE,Towers with Radar,45,102,63,0,210,0,28,38,8,74,45,130,101,8,284,8,0,8,292
11/17/2011,BFI,WA,ANM,WE,Towers with Radar,38,105,104,0,247,0,58,132,1,191,38,163,236,1,438,162,0,162,600
11/18/2011,BFI,WA,ANM,WE,Towers with Radar,38,80,82,0,200,0,52,138,0,190,38,132,220,0,390,92,0,92,482
11/19/2011,BFI,WA,ANM,WE,Towers with Radar,16,35,39,0,90,0,44,180,1,225,16,79,219,1,315,158,0,158,473
11/20/2011,BFI,WA,ANM,WE,Towers with Radar,8,32,44,1,85,0,53,215,0,268,8,85,259,1,353,132,0,132,485
11/21/2011,BFI,WA,ANM,WE,Towers with Radar,28,73,55,0,156,0,37,48,0,85,28,110,103,0,241,24,0,24,265
11/22/2011,BFI,WA,ANM,WE,Towers with Radar,44,83,70,0,197,0,38,30,0,68,44,121,100,0,265,0,0,0,265
11/23/2011,BFI,WA,ANM,WE,Towers with Radar,44,93,90,4,231,0,38,67,0,105,44,131,157,4,336,41,0,41,377
11/24/2011,BFI,WA,ANM,WE,Towers with Radar,5,20,10,0,35,0,8,12,1,21,5,28,22,1,56,26,0,26,82
11/25/2011,BFI,WA,ANM,WE,Towers with Radar,14,44,35,0,93,0,80,219,0,299,14,124,254,0,392,102,0,102,494
11/26/2011,BFI,WA,ANM,WE,Towers with Radar,5,49,52,0,106,0,27,126,0,153,5,76,178,0,259,70,0,70,329
11/27/2011,BFI,WA,ANM,WE,Towers with Radar,13,53,95,0,161,0,21,43,0,64,13,74,138,0,225,18,0,18,243
11/28/2011,BFI,WA,ANM,WE,Towers with Radar,22,69,61,1,153,0,71,169,3,243,22,140,230,4,396,126,18,144,540
11/29/2011,BFI,WA,ANM,WE,Towers with Radar,29,81,81,0,191,0,106,125,0,231,29,187,206,0,422,138,4,142,564
11/30/2011,BFI,WA,ANM,WE,Towers with Radar,41,88,107,0,236,0,72,170,1,243,41,160,277,1,479,86,2,88,567
12/01/2011,BFI,WA,ANM,WE,Towers with Radar,36,93,93,0,222,0,50,116,0,166,36,143,209,0,388,114,0,114,502
12/02/2011,BFI,WA,ANM,WE,Towers with Radar,32,83,89,2,206,0,91,199,0,290,32,174,288,2,496,142,0,142,638
12/03/2011,BFI,WA,ANM,WE,Towers with Radar,14,44,79,1,138,0,30,130,0,160,14,74,209,1,298,98,0,98,396
12/04/2011,BFI,WA,ANM,WE,Towers with Radar,9,37,62,0,108,0,63,351,0,414,9,100,413,0,522,198,0,198,720
12/05/2011,BFI,WA,ANM,WE,Towers with Radar,22,76,74,2,174,0,76,113,2,191,22,152,187,4,365,108,0,108,473
12/06/2011,BFI,WA,ANM,WE,Towers with Radar,29,84,81,0,194,0,36,60,6,102,29,120,141,6,296,169,4,173,469
12/07/2011,BFI,WA,ANM,WE,Towers with Radar,40,71,82,2,195,0,28,39,3,70,40,99,121,5,265,36,0,36,301
12/08/2011,BFI,WA,ANM,WE,Towers with Radar,35,69,120,1,225,0,92,177,1,270,35,161,297,2,495,70,0,70,565
12/09/2011,BFI,WA,ANM,WE,Towers with Radar,33,63,61,1,158,0,75,173,0,248,33,138,234,1,406,158,0,158,564
12/10/2011,BFI,WA,ANM,WE,Towers with Radar,12,42,47,0,101,0,28,102,0,130,12,70,149,0,231,146,0,146,377
12/11/2011,BFI,WA,ANM,WE,Towers with Radar,6,36,55,1,98,0,10,120,0,130,6,46,175,1,228,112,0,112,340
12/12/2011,BFI,WA,ANM,WE,Towers with Radar,20,77,91,2,190,0,68,148,1,217,20,145,239,3,407,68,4,72,479
12/13/2011,BFI,WA,ANM,WE,Towers with Radar,40,77,73,4,194,0,94,206,0,300,40,171,279,4,494,188,0,188,682
12/14/2011,BFI,WA,ANM,WE,Towers with Radar,44,63,75,1,183,0,92,154,1,247,44,155,229,2,430,108,0,108,538
12/15/2011,BFI,WA,ANM,WE,Towers with Radar,34,96,86,1,217,0,22,44,0,66,34,118,130,1,283,36,0,36,319
12/16/2011,BFI,WA,ANM,WE,Towers with Radar,44,82,95,1,222,0,99,198,0,297,44,181,293,1,519,126,0,126,645
12/17/2011,BFI,WA,ANM,WE,Towers with Radar,16,35,45,0,96,0,58,282,0,340,16,93,327,0,436,146,0,146,582
12/18/2011,BFI,WA,ANM,WE,Towers with Radar,9,37,46,0,92,0,2,16,0,18,9,39,62,0,110,22,0,22,132
12/19/2011,BFI,WA,ANM,WE,Towers with Radar,23,65,54,0,142,0,54,151,4,209,23,119,205,4,351,74,0,74,425
12/20/2011,BFI,WA,ANM,WE,Towers with Radar,45,83,78,2,208,0,36,41,0,77,45,119,119,2,285,36,0,36,321
12/21/2011,BFI,WA,ANM,WE,Towers with Radar,59,68,67,2,196,0,81,199,5,285,59,149,266,7,481,162,0,162,643
12/22/2011,BFI,WA,ANM,WE,Towers with Radar,37,66,67,0,170,0,74,117,0,191,37,140,184,0,361,72,0,72,433
12/23/2011,BFI,WA,ANM,WE,Towers with Radar,29,66,48,0,143,0,64,156,1,221,29,130,204,1,364,120,0,120,484
12/24/2011,BFI,WA,ANM,WE,Towers with Radar,5,33,29,0,67,0,15,76,0,91,5,48,105,0,158,48,0,48,206
12/25/2011,BFI,WA,ANM,WE,Towers with Radar,1,18,12,0,31,0,3,4,0,7,1,21,16,0,38,8,0,8,46
12/26/2011,BFI,WA,ANM,WE,Towers with Radar,2,49,59,1,111,0,33,107,0,140,2,82,166,1,251,38,0,38,289
12/27/2011,BFI,WA,ANM,WE,Towers with Radar,14,94,40,0,148,0,30,34,1,65,14,124,74,1,213,30,0,30,243
12/28/2011,BFI,WA,ANM,WE,Towers with Radar,32,85,37,0,154,0,50,41,4,95,32,135,78,4,249,36,0,36,285
12/29/2011,BFI,WA,ANM,WE,Towers with Radar,26,77,41,0,144,0,64,98,0,162,26,141,139,0,306,128,0,128,434
12/30/2011,BFI,WA,ANM,WE,Towers with Radar,21,60,36,0,117,0,70,130,0,200,21,130,166,0,317,104,0,104,421
12/31/2011,BFI,WA,ANM,WE,Towers with Radar,4,35,34,2,75,0,34,249,0,283,4,69,283,2,358,93,0,93,451
01/01/2012,BFI,WA,ANM,WE,Towers with Radar,0,28,31,0,59,0,44,134,0,178,0,72,165,0,237,40,10,50,287
01/02/2012,BFI,WA,ANM,WE,Towers with Radar,1,64,61,0,126,0,55,125,1,181,1,119,186,1,307,124,0,124,431
01/03/2012,BFI,WA,ANM,WE,Towers with Radar,20,83,55,0,158,0,83,131,2,216,20,166,186,2,374,114,0,114,488
01/04/2012,BFI,WA,ANM,WE,Towers with Radar,28,69,55,1,153,0,42,52,0,94,28,111,107,1,247,4,0,4,251
01/05/2012,BFI,WA,ANM,WE,Towers with Radar,32,67,67,1,167,0,82,109,3,194,32,149,176,4,361,8,0,8,369
01/06/2012,BFI,WA,ANM,WE,Towers with Radar,33,70,90,0,193,0,91,146,0,237,33,161,236,0,430,136,0,136,566
01/07/2012,BFI,WA,ANM,WE,Towers with Radar,10,43,35,2,90,0,18,150,0,168,10,61,185,2,258,168,0,168,426
01/08/2012,BFI,WA,ANM,WE,Towers with Radar,7,35,47,0,89,0,30,228,1,259,7,65,275,1,348,96,0,96,444
01/09/2012,BFI,WA,ANM,WE,Towers with Radar,18,79,47,4,148,0,50,80,2,132,18,129,127,6,280,95,6,101,381
01/10/2012,BFI,WA,ANM,WE,Towers with Radar,34,62,62,0,158,0,109,172,1,282,34,171,234,1,440,188,2,190,630
01/11/2012,BFI,WA,ANM,WE,Towers with Radar,30,63,57,0,150,0,98,238,1,337,30,161,295,1,487,122,0,122,609
01/12/2012,BFI,WA,ANM,WE,Towers with Radar,31,66,85,1,183,0,111,241,1,353,31,177,326,2,536,178,0,178,714
01/13/2012,BFI,WA,ANM,WE,Towers with Radar,31,75,83,1,190,2,87,236,0,325,33,162,319,1,515,146,0,146,661
01/14/2012,BFI,WA,ANM,WE,Towers with Radar,10,35,29,2,76,0,19,35,0,54,10,54,64,2,130,31,0,31,161
01/15/2012,BFI,WA,ANM,WE,Towers with Radar,4,29,25,0,58,0,10,1,0,11,4,39,26,0,69,0,0,0,69
01/16/2012,BFI,WA,ANM,WE,Towers with Radar,21,73,59,0,153,0,13,15,0,28,21,86,74,0,181,0,0,0,181
01/17/2012,BFI,WA,ANM,WE,Towers with Radar,37,90,46,1,174,0,27,27,0,54,37,117,73,1,228,0,0,0,228
01/18/2012,BFI,WA,ANM,WE,Towers with Radar,20,56,14,0,90,0,1,1,0,2,20,57,15,0,92,0,0,0,92
01/19/2012,BFI,WA,ANM,WE,Towers with Radar,11,40,23,0,74,0,0,0,0,0,11,40,23,0,74,0,0,0,74
01/20/2012,BFI,WA,ANM,WE,Towers with Radar,23,87,63,0,173,0,28,41,0,69,23,115,104,0,242,2,0,2,244
01/21/2012,BFI,WA,ANM,WE,Towers with Radar,20,38,31,0,89,0,41,41,0,82,20,79,72,0,171,24,0,24,195
01/22/2012,BFI,WA,ANM,WE,Towers with Radar,8,33,37,0,78,0,18,54,0,72,8,51,91,0,150,80,0,80,230
01/23/2012,BFI,WA,ANM,WE,Towers with Radar,25,61,74,3,163,0,96,159,0,255,25,157,233,3,418,84,0,84,502
01/24/2012,BFI,WA,ANM,WE,Towers with Radar,39,69,53,3,164,0,37,53,2,92,39,106,106,5,256,108,0,108,364
01/25/2012,BFI,WA,ANM,WE,Towers with Radar,36,83,65,2,186,0,51,67,0,118,36,134,132,2,304,50,0,50,354
01/26/2012,BFI,WA,ANM,WE,Towers with Radar,35,84,78,0,197,0,85,174,0,259,35,169,252,0,456,152,0,152,608
01/27/2012,BFI,WA,ANM,WE,Towers with Radar,29,61,72,0,162,0,94,299,0,393,29,155,371,0,555,160,0,160,715
01/28/2012,BFI,WA,ANM,WE,Towers with Radar,13,30,50,0,93,0,62,200,0,262,13,92,250,0,355,192,4,196,551
01/29/2012,BFI,WA,ANM,WE,Towers with Radar,7,45,50,0,102,0,12,19,0,31,7,57,69,0,133,104,0,104,237
01/30/2012,BFI,WA,ANM,WE,Towers with Radar,24,58,36,0,118,0,48,75,0,123,24,106,111,0,241,72,0,72,313
01/31/2012,BFI,WA,ANM,WE,Towers with Radar,42,53,52,2,149,0,61,135,1,197,42,114,187,3,346,94,0,94,440
02/01/2012,BFI,WA,ANM,WE,Towers with Radar,44,61,85,0,190,0,79,115,4,198,44,140,200,4,388,196,2,198,586
02/02/2012,BFI,WA,ANM,WE,Towers with Radar,37,52,77,0,166,0,103,289,12,404,37,155,366,12,570,247,0,247,817
02/03/2012,BFI,WA,ANM,WE,Towers with Radar,32,62,71,6,171,0,111,329,8,448,32,173,400,14,619,210,0,210,829
02/04/2012,BFI,WA,ANM,WE,Towers with Radar,13,20,41,7,81,0,33,311,2,346,13,53,352,9,427,174,8,182,609
02/05/2012,BFI,WA,ANM,WE,Towers with Radar,8,32,44,1,85,0,34,224,0,258,8,66,268,1,343,142,0,142,485
02/06/2012,BFI,WA,ANM,WE,Towers with Radar,33,51,82,1,167,0,117,221,2,340,33,168,303,3,507,174,4,178,685
02/07/2012,BFI,WA,ANM,WE,Towers with Radar,33,54,56,0,143,1,106,226,5,338,34,160,282,5,481,118,0,118,599
02/08/2012,BFI,WA,ANM,WE,Towers with Radar,41,62,88,0,191,0,71,177,6,254,41,133,265,6,445,210,0,210,655
02/09/2012,BFI,WA,ANM,WE,Towers with Radar,32,67,88,2,189,0,78,155,0,233,32,145,243,2,422,122,0,122,544
02/10/2012,BFI,WA,ANM,WE,Towers with Radar,35,65,71,1,172,0,38,139,5,182,35,103,210,6,354,162,0,162,516
02/11/2012,BFI,WA,ANM,WE,Towers with Radar,5,44,55,2,106,0,37,165,1,203,5,81,220,3,309,250,0,250,559
02/12/2012,BFI,WA,ANM,WE,Towers with Radar,8,37,43,0,88,0,13,188,0,201,8,50,231,0,289,156,0,156,445
02/13/2012,BFI,WA,ANM,WE,Towers with Radar,27,59,67,2,155,0,27,103,5,135,27,86,170,7,290,110,0,110,400
02/14/2012,BFI,WA,ANM,WE,Towers with Radar,33,76,67,6,182,0,45,93,0,138,33,121,160,6,320,94,0,94,414
02/15/2012,BFI,WA,ANM,WE,Towers with Radar,32,66,113,3,214,0,88,189,9,286,32,154,302,12,500,244,14,258,758
02/16/2012,BFI,WA,ANM,WE,Towers with Radar,35,94,92,2,223,0,91,133,0,224,35,185,225,2,447,134,0,134,581
02/17/2012,BFI,WA,ANM,WE,Towers with Radar,31,77,80,5,193,0,17,11,8,36,31,94,91,13,229,0,0,0,229
02/18/2012,BFI,WA,ANM,WE,Towers with Radar,16,45,37,5,103,0,2,20,0,22,16,47,57,5,125,6,0,6,131
02/19/2012,BFI,WA,ANM,WE,Towers with Radar,10,45,35,0,90,0,20,195,11,226,10,65,230,11,316,148,0,148,464
02/20/2012,BFI,WA,ANM,WE,Towers with Radar,30,64,58,1,153,0,14,63,2,79,30,78,121,3,232,104,8,112,344
02/21/2012,BFI,WA,ANM,WE,Towers with Radar,37,83,61,6,187,0,26,42,0,68,37,109,103,6,255,24,0,24,279
02/22/2012,BFI,WA,ANM,WE,Towers with Radar,37,63,58,0,158,0,58,111,0,169,37,121,169,0,327,88,0,88,415
02/23/2012,BFI,WA,ANM,WE,Towers with Radar,31,66,73,5,175,0,100,203,2,305,31,166,276,7,480,142,0,142,622
02/24/2012,BFI,WA,ANM,WE,Towers with Radar,28,76,53,2,159,0,41,127,2,170,28,117,180,4,329,48,0,48,377
02/25/2012,BFI,WA,ANM,WE,Towers with Radar,6,48,50,0,104,0,38,131,0,169,6,86,181,0,273,222,0,222,495
02/26/2012,BFI,WA,ANM,WE,Towers with Radar,5,43,64,1,113,0,15,109,0,124,5,58,173,1,237,140,0,140,377
02/27/2012,BFI,WA,ANM,WE,Towers with Radar,23,45,85,2,155,0,101,270,0,371,23,146,355,2,526,184,0,184,710
02/28/2012,BFI,WA,ANM,WE,Towers with Radar,36,58,74,0,168,0,46,133,0,179,36,104,207,0,347,66,0,66,413
02/29/2012,BFI,WA,ANM,WE,Towers with Radar,35,73,56,0,164,0,9,19,0,28,35,82,75,0,192,36,0,36,228
03/01/2012,BFI,WA,ANM,WE,Towers with Radar,36,74,85,0,195,0,48,123,4,175,36,122,208,4,370,124,0,124,494
03/02/2012,BFI,WA,ANM,WE,Towers with Radar,41,77,77,3,198,0,47,99,0,146,41,124,176,3,344,130,0,130,474
03/03/2012,BFI,WA,ANM,WE,Towers with Radar,5,30,41,1,77,0,18,86,1,105,5,48,127,2,182,66,0,66,248
03/04/2012,BFI,WA,ANM,WE,Towers with Radar,3,42,59,0,104,0,16,144,0,160,3,58,203,0,264,46,0,46,310
03/05/2012,BFI,WA,ANM,WE,Towers with Radar,20,53,46,1,120,0,36,29,0,65,20,89,75,1,185,0,0,0,185
03/06/2012,BFI,WA,ANM,WE,Towers with Radar,33,44,73,0,150,0,85,143,5,233,33,129,216,5,383,134,0,134,517
03/07/2012,BFI,WA,ANM,WE,Towers with Radar,34,54,88,4,180,0,64,272,6,342,34,118,360,10,522,148,10,158,680
03/08/2012,BFI,WA,ANM,WE,Towers with Radar,33,67,79,0,179,0,97,297,10,404,33,164,376,10,583,168,20,188,771
03/09/2012,BFI,WA,ANM,WE,Towers with Radar,29,77,85,1,192,0,45,139,0,184,29,122,224,1,376,156,0,156,532
03/10/2012,BFI,WA,ANM,WE,Towers with Radar,7,43,54,0,104,0,8,111,0,119,7,51,165,0,223,142,0,142,365
03/11/2012,BFI,WA,ANM,WE,Towers with Radar,9,41,65,4,119,2,23,100,0,125,11,64,165,4,244,58,0,58,302
03/12/2012,BFI,WA,ANM,WE,Towers with Radar,32,75,54,1,162,0,17,23,0,40,32,92,77,1,202,40,0,40,242
03/13/2012,BFI,WA,ANM,WE,Towers with Radar,31,77,62,0,170,0,50,49,0,99,31,127,111,0,269,6,0,6,275
03/14/2012,BFI,WA,ANM,WE,Towers with Radar,41,63,65,0,169,0,50,92,0,142,41,113,157,0,311,156,0,156,467
03/15/2012,BFI,WA,ANM,WE,Towers with Radar,33,70,69,2,174,0,71,127,0,198,33,141,196,2,372,88,0,88,460
03/16/2012,BFI,WA,ANM,WE,Towers with Radar,35,54,60,0,149,0,68,209,1,278,35,122,269,1,427,248,0,248,675
03/17/2012,BFI,WA,ANM,WE,Towers with Radar,5,40,42,2,89,0,10,52,0,62,5,50,94,2,151,64,0,64,215
03/18/2012,BFI,WA,ANM,WE,Towers with Radar,6,37,34,2,79,0,6,70,0,76,6,43,104,2,155,176,0,176,331
03/19/2012,BFI,WA,ANM,WE,Towers with Radar,23,66,75,0,164,0,63,181,2,246,23,129,256,2,410,72,6,78,488
03/20/2012,BFI,WA,ANM,WE,Towers with Radar,38,70,59,0,167,0,29,31,0,60,38,99,90,0,227,16,0,16,243
03/21/2012,BFI,WA,ANM,WE,Towers with Radar,33,66,85,0,184,0,82,208,0,290,33,148,293,0,474,174,0,174,648
03/22/2012,BFI,WA,ANM,WE,Towers with Radar,33,65,79,0,177,0,71,179,1,251,33,136,258,1,428,188,2,190,618
03/23/2012,BFI,WA,ANM,WE,Towers with Radar,26,48,70,3,147,0,83,349,0,432,26,131,419,3,579,266,0,266,845
03/24/2012,BFI,WA,ANM,WE,Towers with Radar,8,25,37,4,74,0,44,327,1,372,8,69,364,5,446,186,7,193,639
03/25/2012,BFI,WA,ANM,WE,Towers with Radar,4,26,60,3,93,0,31,233,0,264,4,57,293,3,357,112,0,112,469
03/26/2012,BFI,WA,ANM,WE,Towers with Radar,19,57,86,1,163,0,63,105,0,168,19,120,191,1,331,112,0,112,443
03/27/2012,BFI,WA,ANM,WE,Towers with Radar,33,58,76,0,167,0,58,118,0,176,33,116,194,0,343,50,0,50,393
03/28/2012,BFI,WA,ANM,WE,Towers with Radar,33,57,70,2,162,0,46,69,0,115,33,103,139,2,277,62,0,62,339
03/29/2012,BFI,WA,ANM,WE,Towers with Radar,32,86,68,0,186,0,34,67,0,101,32,120,135,0,287,100,0,100,387
03/30/2012,BFI,WA,ANM,WE,Towers with Radar,31,73,75,2,181,0,42,89,5,136,31,115,164,7,317,88,0,88,405
03/31/2012,BFI,WA,ANM,WE,Towers with Radar,11,44,78,0,133,0,4,31,0,35,11,48,109,0,168,28,0,28,196
04/01/2012,BFI,WA,ANM,WE,Towers with Radar,7,33,34,1,75,0,13,75,3,91,7,46,109,4,166,42,0,42,208
04/02/2012,BFI,WA,ANM,WE,Towers with Radar,22,40,62,1,125,0,105,156,0,261,22,145,218,1,386,212,1,213,599
04/03/2012,BFI,WA,ANM,WE,Towers with Radar,32,73,72,1,178,0,57,83,2,142,32,130,155,3,320,98,0,98,418
04/04/2012,BFI,WA,ANM,WE,Towers with Radar,42,50,70,1,163,0,61,193,0,254,42,111,263,1,417,124,0,124,541
04/05/2012,BFI,WA,ANM,WE,Towers with Radar,30,60,68,0,158,0,69,200,1,270,30,129,268,1,428,204,4,208,636
04/06/2012,BFI,WA,ANM,WE,Towers with Radar,27,55,71,2,155,0,64,254,3,321,27,119,325,5,476,128,2,130,606
04/07/2012,BFI,WA,ANM,WE,Towers with Radar,3,28,52,2,85,0,58,319,3,380,3,86,371,5,465,152,0,152,617
04/08/2012,BFI,WA,ANM,WE,Towers with Radar,3,32,26,0,61,0,32,188,0,220,3,64,214,0,281,82,0,82,363
04/09/2012,BFI,WA,ANM,WE,Towers with Radar,21,42,68,1,132,0,75,188,3,266,21,117,256,4,398,114,2,116,514
04/10/2012,BFI,WA,ANM,WE,Towers with Radar,35,43,75,0,153,0,93,193,0,286,35,136,268,0,439,156,0,156,595
04/11/2012,BFI,WA,ANM,WE,Towers with Radar,31,58,75,0,164,0,53,115,0,168,31,111,190,0,332,120,0,120,452
04/12/2012,BFI,WA,ANM,WE,Towers with Radar,37,56,59,0,152,0,93,210,3,306,37,149,269,3,458,254,0,254,712
04/13/2012,BFI,WA,ANM,WE,Towers with Radar,32,56,69,0,157,0,105,319,0,424,32,161,388,0,581,218,8,226,807
04/14/2012,BFI,WA,ANM,WE,Towers with Radar,4,30,54,0,88,0,57,373,2,432,4,87,427,2,520,166,0,166,686
04/15/2012,BFI,WA,ANM,WE,Towers with Radar,7,40,70,1,118,0,40,283,0,323,7,80,353,1,441,120,2,122,563
04/16/2012,BFI,WA,ANM,WE,Towers with Radar,22,64,85,2,173,0,61,72,6,139,22,125,157,8,312,107,4,111,423
04/17/2012,BFI,WA,ANM,WE,Towers with Radar,32,61,80,2,175,0,74,149,0,223,32,135,229,2,398,104,0,104,502
04/18/2012,BFI,WA,ANM,WE,Towers with Radar,30,55,66,0,151,1,50,183,1,235,31,105,249,1,386,138,0,138,524
04/19/2012,BFI,WA,ANM,WE,Towers with Radar,39,69,91,1,200,0,69,150,0,219,39,138,241,1,419,174,0,174,593
04/20/2012,BFI,WA,ANM,WE,Towers with Radar,32,65,74,2,173,0,50,157,0,207,32,115,231,2,380,168,0,168,548
04/21/2012,BFI,WA,ANM,WE,Towers with Radar,8,30,49,0,87,0,43,314,1,358,8,73,363,1,445,208,0,208,653
04/22/2012,BFI,WA,ANM,WE,Towers with Radar,6,37,80,0,123,0,29,418,0,447,6,66,498,0,570,178,0,178,748
04/23/2012,BFI,WA,ANM,WE,Towers with Radar,25,45,79,0,149,0,66,183,0,249,25,111,262,0,398,170,0,170,568
04/24/2012,BFI,WA,ANM,WE,Towers with Radar,37,67,79,0,183,0,34,115,0,149,37,101,194,0,332,152,0,152,484
04/25/2012,BFI,WA,ANM,WE,Towers with Radar,32,74,86,2,194,0,53,142,0,195,32,127,228,2,389,186,0,186,575
04/26/2012,BFI,WA,ANM,WE,Towers with Radar,25,59,88,0,172,0,58,159,0,217,25,117,247,0,389,126,0,126,515
04/27/2012,BFI,WA,ANM,WE,Towers with Radar,32,58,78,2,170,0,65,218,0,283,32,123,296,2,453,146,0,146,599
04/28/2012,BFI,WA,ANM,WE,Towers with Radar,11,38,32,1,82,0,40,229,0,269,11,78,261,1,351,246,0,246,597
04/29/2012,BFI,WA,ANM,WE,Towers with Radar,6,39,97,1,143,0,24,167,0,191,6,63,264,1,334,122,0,122,456
04/30/2012,BFI,WA,ANM,WE,Towers with Radar,31,65,94,1,191,0,34,46,0,80,31,99,140,1,271,12,0,12,283
05/01/2012,BFI,WA,ANM,WE,Towers with Radar,34,68,49,0,151,1,73,133,0,207,35,141,182,0,358,140,0,140,498
05/02/2012,BFI,WA,ANM,WE,Towers with Radar,32,63,82,2,179,0,81,230,0,311,32,144,312,2,490,166,0,166,656
05/03/2012,BFI,WA,ANM,WE,Towers with Radar,34,76,90,0,200,3,25,51,0,79,37,101,141,0,279,68,0,68,347
05/04/2012,BFI,WA,ANM,WE,Towers with Radar,39,70,77,2,188,0,65,217,0,282,39,135,294,2,470,121,0,121,591
05/05/2012,BFI,WA,ANM,WE,Towers with Radar,4,30,55,2,91,0,38,207,0,245,4,68,262,2,336,188,2,190,526
05/06/2012,BFI,WA,ANM,WE,Towers with Radar,4,34,64,2,104,0,42,395,3,440,4,76,459,5,544,134,0,134,678
05/07/2012,BFI,WA,ANM,WE,Towers with Radar,18,48,69,5,140,0,57,269,2,328,18,105,338,7,468,108,0,108,576
05/08/2012,BFI,WA,ANM,WE,Towers with Radar,37,44,66,2,149,0,61,214,1,276,37,105,280,3,425,78,6,84,509
05/09/2012,BFI,WA,ANM,WE,Towers with Radar,33,61,73,8,175,0,58,191,4,253,33,119,264,12,428,100,12,112,540
05/10/2012,BFI,WA,ANM,WE,Towers with Radar,35,49,49,2,135,0,69,156,3,228,35,118,205,5,363,62,0,62,425
05/11/2012,BFI,WA,ANM,WE,Towers with Radar,27,42,98,5,172,0,97,282,3,382,27,139,380,8,554,178,7,185,739
05/12/2012,BFI,WA,ANM,WE,Towers with Radar,3,26,36,3,68,0,59,406,0,465,3,85,442,3,533,176,2,178,711
05/13/2012,BFI,WA,ANM,WE,Towers with Radar,7,23,56,3,89,0,49,340,8,397,7,72,396,11,486,110,4,114,600
05/14/2012,BFI,WA,ANM,WE,Towers with Radar,22,60,63,3,148,0,81,226,0,307,22,141,289,3,455,200,0,200,655
05/15/2012,BFI,WA,ANM,WE,Towers with Radar,34,58,107,4,203,0,101,217,7,325,34,159,324,11,528,150,6,156,684
05/16/2012,BFI,WA,ANM,WE,Towers with Radar,37,49,103,1,190,1,106,246,0,353,38,155,349,1,543,142,0,142,685
05/17/2012,BFI,WA,ANM,WE,Towers with Radar,29,80,133,2,244,0,109,275,0,384,29,189,408,2,628,160,0,160,788
05/18/2012,BFI,WA,ANM,WE,Towers with Radar,32,53,93,0,178,1,68,249,0,318,33,121,342,0,496,156,0,156,652
05/19/2012,BFI,WA,ANM,WE,Towers with Radar,7,30,43,2,82,0,36,288,8,332,7,66,331,10,414,86,0,86,500
05/20/2012,BFI,WA,ANM,WE,Towers with Radar,8,37,85,0,130,0,33,104,2,139,8,70,189,2,269,138,0,138,407
05/21/2012,BFI,WA,ANM,WE,Towers with Radar,22,65,59,0,146,0,52,55,0,107,22,117,114,0,253,80,0,80,333
05/22/2012,BFI,WA,ANM,WE,Towers with Radar,35,71,72,0,178,0,48,121,0,169,35,119,193,0,347,140,0,140,487
05/23/2012,BFI,WA,ANM,WE,Towers with Radar,32,67,80,1,180,0,48,108,0,156,32,115,188,1,336,96,8,104,440
05/24/2012,BFI,WA,ANM,WE,Towers with Radar,34,62,72,2,170,0,79,174,0,253,34,141,246,2,423,130,0,130,553
05/25/2012,BFI,WA,ANM,WE,Towers with Radar,28,54,61,0,143,1,98,319,0,418,29,152,380,0,561,82,0,82,643
05/26/2012,BFI,WA,ANM,WE,Towers with Radar,9,31,49,0,89,0,54,327,1,382,9,85,376,1,471,130,0,130,601
05/27/2012,BFI,WA,ANM,WE,Towers with Radar,1,30,30,0,61,0,42,167,0,209,1,72,197,0,270,108,0,108,378
05/28/2012,BFI,WA,ANM,WE,Towers with Radar,1,52,48,0,101,0,37,213,0,250,1,89,261,0,351,146,0,146,497
05/29/2012,BFI,WA,ANM,WE,Towers with Radar,29,61,74,0,164,0,81,190,0,271,29,142,264,0,435,100,0,100,535
05/30/2012,BFI,WA,ANM,WE,Towers with Radar,33,52,84,1,170,0,89,277,1,367,33,141,361,2,537,145,0,145,682
05/31/2012,BFI,WA,ANM,WE,Towers with Radar,31,75,86,0,192,0,36,127,0,163,31,111,213,0,355,269,0,269,624
06/01/2012,BFI,WA,ANM,WE,Towers with Radar,29,83,92,1,205,0,36,111,0,147,29,119,203,1,352,12,0,12,364
06/02/2012,BFI,WA,ANM,WE,Towers with Radar,3,38,61,1,103,0,34,160,0,194,3,72,221,1,297,98,0,98,395
06/03/2012,BFI,WA,ANM,WE,Towers with Radar,3,34,56,1,94,0,34,255,0,289,3,68,311,1,383,180,0,180,563
06/04/2012,BFI,WA,ANM,WE,Towers with Radar,25,62,66,0,153,0,42,139,9,190,25,104,205,9,343,206,0,206,549
06/05/2012,BFI,WA,ANM,WE,Towers with Radar,33,79,94,1,207,0,41,99,2,142,33,120,193,3,349,114,0,114,463
06/06/2012,BFI,WA,ANM,WE,Towers with Radar,41,63,91,0,195,0,83,269,2,354,41,146,360,2,549,172,0,172,721
06/07/2012,BFI,WA,ANM,WE,Towers with Radar,34,74,87,5,200,0,67,150,0,217,34,141,237,5,417,74,0,74,491
06/08/2012,BFI,WA,ANM,WE,Towers with Radar,35,58,86,1,180,0,72,133,0,205,35,130,219,1,385,103,0,103,488
06/09/2012,BFI,WA,ANM,WE,Towers with Radar,3,36,58,1,98,0,23,136,0,159,3,59,194,1,257,118,0,118,375
06/10/2012,BFI,WA,ANM,WE,Towers with Radar,6,38,81,2,127,0,62,364,0,426,6,100,445,2,553,346,0,346,899
06/11/2012,BFI,WA,ANM,WE,Towers with Radar,29,39,76,0,144,0,105,351,0,456,29,144,427,0,600,176,0,176,776
06/12/2012,BFI,WA,ANM,WE,Towers with Radar,32,77,87,0,196,0,39,125,2,166,32,116,212,2,362,130,4,134,496
06/13/2012,BFI,WA,ANM,WE,Towers with Radar,34,79,107,0,220,0,81,234,1,316,34,160,341,1,536,168,0,168,704
06/14/2012,BFI,WA,ANM,WE,Towers with Radar,35,67,76,5,183,1,91,286,0,378,36,158,362,5,561,96,6,102,663
06/15/2012,BFI,WA,ANM,WE,Towers with Radar,30,55,84,4,173,0,121,454,5,580,30,176,538,9,753,360,0,360,1113
06/16/2012,BFI,WA,ANM,WE,Towers with Radar,7,45,72,0,124,0,11,191,0,202,7,56,263,0,326,80,0,80,406
06/17/2012,BFI,WA,ANM,WE,Towers with Radar,6,53,70,2,131,0,14,157,0,171,6,67,227,2,302,74,0,74,376
06/18/2012,BFI,WA,ANM,WE,Towers with Radar,19,69,114,0,202,0,47,134,0,181,19,116,248,0,383,148,0,148,531
06/19/2012,BFI,WA,ANM,WE,Towers with Radar,34,68,99,1,202,0,103,205,0,308,34,171,304,1,510,142,2,144,654
06/20/2012,BFI,WA,ANM,WE,Towers with Radar,40,55,93,3,191,0,98,349,2,449,40,153,442,5,640,158,0,158,798
06/21/2012,BFI,WA,ANM,WE,Towers with Radar,35,54,83,4,176,2,101,310,1,414,37,155,393,5,590,228,0,228,818
06/22/2012,BFI,WA,ANM,WE,Towers with Radar,35,90,91,2,218,0,37,150,0,187,35,127,241,2,405,138,0,138,543
06/23/2012,BFI,WA,ANM,WE,Towers with Radar,5,48,57,0,110,0,5,88,0,93,5,53,145,0,203,87,0,87,290
06/24/2012,BFI,WA,ANM,WE,Towers with Radar,6,36,75,0,117,0,41,223,0,264,6,77,298,0,381,170,0,170,551
06/25/2012,BFI,WA,ANM,WE,Towers with Radar,31,45,69,2,147,0,70,229,0,299,31,115,298,2,446,180,0,180,626
06/26/2012,BFI,WA,ANM,WE,Towers with Radar,32,74,77,1,184,0,54,149,0,203,32,128,226,1,387,152,0,152,539
06/27/2012,BFI,WA,ANM,WE,Towers with Radar,35,50,95,4,184,0,94,455,2,551,35,144,550,6,735,240,0,240,975
06/28/2012,BFI,WA,ANM,WE,Towers with Radar,33,53,84,2,172,0,68,251,3,322,33,121,335,5,494,226,0,226,720
06/29/2012,BFI,WA,ANM,WE,Towers with Radar,31,60,81,2,174,0,75,234,0,309,31,135,315,2,483,112,2,114,597
06/30/2012,BFI,WA,ANM,WE,Towers with Radar,4,63,67,1,135,0,18,94,0,112,4,81,161,1,247,142,0,142,389
07/01/2012,BFI,WA,ANM,WE,Towers with Radar,6,42,80,1,129,0,15,187,0,202,6,57,267,1,331,198,0,198,529
07/02/2012,BFI,WA,ANM,WE,Towers with Radar,20,52,71,2,145,0,44,250,0,294,20,96,321,2,439,160,2,162,601
07/03/2012,BFI,WA,ANM,WE,Towers with Radar,36,73,70,0,179,0,52,104,4,160,36,125,174,4,339,32,2,34,373
07/04/2012,BFI,WA,ANM,WE,Towers with Radar,15,36,23,0,74,0,69,250,0,319,15,105,273,0,393,104,0,104,497
07/05/2012,BFI,WA,ANM,WE,Towers with Radar,24,44,65,0,133,0,129,392,2,523,24,173,457,2,656,202,0,202,858
07/06/2012,BFI,WA,ANM,WE,Towers with Radar,27,38,90,1,156,0,100,366,3,469,27,138,456,4,625,136,0,136,761
07/07/2012,BFI,WA,ANM,WE,Towers with Radar,3,27,66,2,98,0,54,414,0,468,3,81,480,2,566,124,0,124,690
07/08/2012,BFI,WA,ANM,WE,Towers with Radar,7,34,72,3,116,0,53,418,0,471,7,87,490,3,587,190,0,190,777
07/09/2012,BFI,WA,ANM,WE,Towers with Radar,25,77,95,3,200,0,57,176,0,233,25,134,271,3,433,170,0,170,603
07/10/2012,BFI,WA,ANM,WE,Towers with Radar,41,91,83,4,219,0,66,243,0,309,41,157,326,4,528,110,0,110,638
07/11/2012,BFI,WA,ANM,WE,Towers with Radar,38,65,77,0,180,0,95,333,3,431,38,160,410,3,611,226,0,226,837
07/12/2012,BFI,WA,ANM,WE,Towers with Radar,37,51,82,2,172,0,101,340,0,441,37,152,422,2,613,180,0,180,793
07/13/2012,BFI,WA,ANM,WE,Towers with Radar,33,84,122,0,239,0,55,262,4,321,33,139,384,4,560,117,0,117,677
07/14/2012,BFI,WA,ANM,WE,Towers with Radar,11,37,63,8,119,0,19,302,7,328,11,56,365,15,447,128,15,143,590
07/15/2012,BFI,WA,ANM,WE,Towers with Radar,7,59,90,4,160,0,29,185,0,214,7,88,275,4,374,24,0,24,398
07/16/2012,BFI,WA,ANM,WE,Towers with Radar,24,67,93,0,184,0,107,210,0,317,24,174,303,0,501,140,0,140,641
07/17/2012,BFI,WA,ANM,WE,Towers with Radar,32,49,88,1,170,0,100,303,0,403,32,149,391,1,573,134,0,134,707
07/18/2012,BFI,WA,ANM,WE,Towers with Radar,33,83,87,2,205,0,65,229,0,294,33,148,316,2,499,128,2,130,629
07/19/2012,BFI,WA,ANM,WE,Towers with Radar,35,61,93,0,189,0,127,445,1,573,35,188,538,1,762,154,0,154,916
07/20/2012,BFI,WA,ANM,WE,Towers with Radar,38,80,78,4,200,0,24,63,0,87,38,104,141,4,287,36,2,38,325
07/21/2012,BFI,WA,ANM,WE,Towers with Radar,11,30,70,1,112,0,61,356,1,418,11,91,426,2,530,165,9,174,704
07/22/2012,BFI,WA,ANM,WE,Towers with Radar,10,53,89,0,152,0,29,216,0,245,10,82,305,0,397,92,0,92,489
07/23/2012,BFI,WA,ANM,WE,Towers with Radar,23,72,92,4,191,0,67,190,0,257,23,139,282,4,448,234,0,234,682
07/24/2012,BFI,WA,ANM,WE,Towers with Radar,28,62,67,0,157,0,67,166,3,236,28,129,233,3,393,88,0,88,481
07/25/2012,BFI,WA,ANM,WE,Towers with Radar,50,54,106,6,216,0,106,428,0,534,50,160,534,6,750,140,6,146,896
07/26/2012,BFI,WA,ANM,WE,Towers with Radar,38,54,70,2,164,0,85,356,1,442,38,139,426,3,606,220,10,230,836
07/27/2012,BFI,WA,ANM,WE,Towers with Radar,36,85,97,1,219,0,47,209,0,256,36,132,306,1,475,128,2,130,605
07/28/2012,BFI,WA,ANM,WE,Towers with Radar,10,43,60,1,114,0,36,240,0,276,10,79,300,1,390,250,0,250,640
07/29/2012,BFI,WA,ANM,WE,Towers with Radar,11,37,77,1,126,0,52,379,0,431,11,89,456,1,557,176,0,176,733
07/30/2012,BFI,WA,ANM,WE,Towers with Radar,25,66,83,6,180,0,62,207,1,270,25,128,290,7,450,272,2,274,724
07/31/2012,BFI,WA,ANM,WE,Towers with Radar,33,58,85,3,179,0,92,382,0,474,33,150,467,3,653,148,0,148,801
08/01/2012,BFI,WA,ANM,WE,Towers with Radar,35,70,76,6,187,3,98,461,1,563,38,168,537,7,750,85,2,87,837
08/02/2012,BFI,WA,ANM,WE,Towers with Radar,37,61,70,0,168,0,65,257,19,341,37,126,327,19,509,128,22,150,659
08/03/2012,BFI,WA,ANM,WE,Towers with Radar,34,55,73,2,164,0,89,327,26,442,34,144,400,28,606,130,14,144,750
08/04/2012,BFI,WA,ANM,WE,Towers with Radar,3,29,38,1,71,0,72,316,20,408,3,101,354,21,479,132,3,135,614
08/05/2012,BFI,WA,ANM,WE,Towers with Radar,1,36,64,0,101,0,69,400,13,482,1,105,464,13,583,136,0,136,719
08/06/2012,BFI,WA,ANM,WE,Towers with Radar,21,69,130,11,231,0,108,304,7,419,21,177,434,18,650,108,0,108,758
08/07/2012,BFI,WA,ANM,WE,Towers with Radar,35,87,107,5,234,0,76,187,0,263,35,163,294,5,497,162,0,162,659
08/08/2012,BFI,WA,ANM,WE,Towers with Radar,38,83,91,0,212,0,84,297,2,383,38,167,388,2,595,218,2,220,815
08/09/2012,BFI,WA,ANM,WE,Towers with Radar,34,54,91,0,179,0,92,324,0,416,34,146,415,0,595,170,0,170,765
08/10/2012,BFI,WA,ANM,WE,Towers with Radar,31,49,63,2,145,0,90,433,0,523,31,139,496,2,668,204,0,204,872
08/11/2012,BFI,WA,ANM,WE,Towers with Radar,3,17,32,0,52,0,90,360,0,450,3,107,392,0,502,103,0,103,605
08/12/2012,BFI,WA,ANM,WE,Towers with Radar,5,37,77,0,119,0,86,379,0,465,5,123,456,0,584,168,0,168,752
08/13/2012,BFI,WA,ANM,WE,Towers with Radar,25,54,64,2,145,0,92,346,0,438,25,146,410,2,583,232,0,232,815
08/14/2012,BFI,WA,ANM,WE,Towers with Radar,32,57,78,0,167,0,121,460,3,584,32,178,538,3,751,226,2,228,979
08/15/2012,BFI,WA,ANM,WE,Towers with Radar,38,66,82,1,187,0,87,416,0,503,38,153,498,1,690,167,0,167,857
08/16/2012,BFI,WA,ANM,WE,Towers with Radar,36,45,70,2,153,0,90,370,0,460,36,135,440,2,613,124,0,124,737
08/17/2012,BFI,WA,ANM,WE,Towers with Radar,29,60,78,3,170,0,83,412,1,496,29,143,490,4,666,128,3,131,797
08/18/2012,BFI,WA,ANM,WE,Towers with Radar,6,41,72,1,120,0,39,154,0,193,6,80,226,1,313,84,0,84,397
08/19/2012,BFI,WA,ANM,WE,Towers with Radar,9,51,99,1,160,0,35,292,1,328,9,86,391,2,488,172,0,172,660
08/20/2012,BFI,WA,ANM,WE,Towers with Radar,29,55,86,2,172,0,141,321,0,462,29,196,407,2,634,198,0,198,832
08/21/2012,BFI,WA,ANM,WE,Towers with Radar,43,75,122,0,240,0,118,355,2,475,43,193,477,2,715,264,14,278,993
08/22/2012,BFI,WA,ANM,WE,Towers with Radar,44,51,103,1,199,0,73,326,0,399,44,124,429,1,598,166,0,166,764
08/23/2012,BFI,WA,ANM,WE,Towers with Radar,33,63,109,0,205,0,100,332,1,433,33,163,441,1,638,118,0,118,756
08/24/2012,BFI,WA,ANM,WE,Towers with Radar,41,69,85,2,197,0,109,467,4,580,41,178,552,6,777,156,0,156,933
08/25/2012,BFI,WA,ANM,WE,Towers with Radar,7,30,44,0,81,0,63,370,2,435,7,93,414,2,516,132,4,136,652
08/26/2012,BFI,WA,ANM,WE,Towers with Radar,4,27,88,1,120,0,52,444,0,496,4,79,532,1,616,188,0,188,804
08/27/2012,BFI,WA,ANM,WE,Towers with Radar,24,54,89,2,169,0,92,360,0,452,24,146,449,2,621,196,2,198,819
08/28/2012,BFI,WA,ANM,WE,Towers with Radar,38,52,64,6,160,0,73,262,0,335,38,125,326,6,495,184,6,190,685
08/29/2012,BFI,WA,ANM,WE,Towers with Radar,40,68,107,0,215,0,84,289,4,377,40,152,396,4,592,152,16,168,760
08/30/2012,BFI,WA,ANM,WE,Towers with Radar,43,62,94,0,199,0,75,249,0,324,43,137,343,0,523,120,2,122,645
08/31/2012,BFI,WA,ANM,WE,Towers with Radar,29,74,89,2,194,0,109,406,0,515,29,183,495,2,709,72,0,72,781
09/01/2012,BFI,WA,ANM,WE,Towers with Radar,6,34,34,0,74,0,46,269,0,315,6,80,303,0,389,104,0,104,493
09/02/2012,BFI,WA,ANM,WE,Towers with Radar,3,26,44,0,73,0,53,286,0,339,3,79,330,0,412,200,0,200,612
09/03/2012,BFI,WA,ANM,WE,Towers with Radar,3,51,73,0,127,0,56,266,0,322,3,107,339,0,449,112,14,126,575
09/04/2012,BFI,WA,ANM,WE,Towers with Radar,28,46,59,1,134,0,82,322,0,404,28,128,381,1,538,138,0,138,676
09/05/2012,BFI,WA,ANM,WE,Towers with Radar,46,55,59,0,160,0,90,374,1,465,46,145,433,1,625,98,20,118,743
09/06/2012,BFI,WA,ANM,WE,Towers with Radar,39,53,79,2,173,0,84,380,1,465,39,137,459,3,638,120,4,124,762
09/07/2012,BFI,WA,ANM,WE,Towers with Radar,34,50,70,4,158,0,89,348,0,437,34,139,418,4,595,50,0,50,645
09/08/2012,BFI,WA,ANM,WE,Towers with Radar,7,26,60,2,95,0,47,304,1,352,7,73,364,3,447,74,0,74,521
09/09/2012,BFI,WA,ANM,WE,Towers with Radar,4,44,97,3,148,0,37,247,1,285,4,81,344,4,433,160,0,160,593
09/10/2012,BFI,WA,ANM,WE,Towers with Radar,20,59,74,0,153,0,66,229,0,295,20,125,303,0,448,162,0,162,610
09/11/2012,BFI,WA,ANM,WE,Towers with Radar,35,47,88,0,170,0,95,295,0,390,35,142,383,0,560,126,14,140,700
09/12/2012,BFI,WA,ANM,WE,Towers with Radar,42,58,61,1,162,0,85,312,0,397,42,143,373,1,559,130,0,130,689
09/13/2012,BFI,WA,ANM,WE,Towers with Radar,35,55,89,2,181,0,83,315,1,399,35,138,404,3,580,226,0,226,806
09/14/2012,BFI,WA,ANM,WE,Towers with Radar,29,72,103,4,208,0,72,347,3,422,29,144,450,7,630,120,0,120,750
09/15/2012,BFI,WA,ANM,WE,Towers with Radar,5,36,63,1,105,0,32,341,0,373,5,68,404,1,478,194,0,194,672
09/16/2012,BFI,WA,ANM,WE,Towers with Radar,7,51,94,3,155,0,22,401,2,425,7,73,495,5,580,220,0,220,800
09/17/2012,BFI,WA,ANM,WE,Towers with Radar,24,66,67,2,159,0,71,207,7,285,24,137,274,9,444,110,0,110,554
09/18/2012,BFI,WA,ANM,WE,Towers with Radar,42,54,76,0,172,0,116,322,0,438,42,170,398,0,610,104,0,104,714
09/19/2012,BFI,WA,ANM,WE,Towers with Radar,35,74,99,3,211,0,50,207,8,265,35,124,306,11,476,94,0,94,570
09/20/2012,BFI,WA,ANM,WE,Towers with Radar,33,71,121,0,225,0,57,212,2,271,33,128,333,2,496,106,0,106,602
09/21/2012,BFI,WA,ANM,WE,Towers with Radar,36,78,100,3,217,0,24,164,0,188,36,102,264,3,405,110,0,110,515
09/22/2012,BFI,WA,ANM,WE,Towers with Radar,9,45,65,0,119,0,22,217,0,239,9,67,282,0,358,224,0,224,582
09/23/2012,BFI,WA,ANM,WE,Towers with Radar,8,49,90,0,147,0,46,256,0,302,8,95,346,0,449,90,0,90,539
09/24/2012,BFI,WA,ANM,WE,Towers with Radar,30,56,119,0,205,0,55,297,0,352,30,111,416,0,557,174,0,174,731
09/25/2012,BFI,WA,ANM,WE,Towers with Radar,35,77,72,1,185,0,66,200,2,268,35,143,272,3,453,120,0,120,573
09/26/2012,BFI,WA,ANM,WE,Towers with Radar,43,50,95,0,188,0,45,229,1,275,43,95,324,1,463,142,0,142,605
09/27/2012,BFI,WA,ANM,WE,Towers with Radar,39,66,67,0,172,0,58,296,0,354,39,124,363,0,526,184,2,186,712
09/28/2012,BFI,WA,ANM,WE,Towers with Radar,28,58,91,0,177,0,68,329,0,397,28,126,420,0,574,175,2,177,751
09/29/2012,BFI,WA,ANM,WE,Towers with Radar,5,29,56,1,91,0,36,272,2,310,5,65,328,3,401,170,0,170,571
09/30/2012,BFI,WA,ANM,WE,Towers with Radar,3,29,65,4,101,0,45,337,0,382,3,74,402,4,483,184,0,184,667
10/01/2012,BFI,WA,ANM,WE,Towers with Radar,29,45,53,3,130,0,56,247,1,304,29,101,300,4,434,140,0,140,574
10/02/2012,BFI,WA,ANM,WE,Towers with Radar,46,63,61,1,171,0,92,250,0,342,46,155,311,1,513,114,0,114,627
10/03/2012,BFI,WA,ANM,WE,Towers with Radar,39,59,54,3,155,0,89,435,1,525,39,148,489,4,680,218,5,223,903
10/04/2012,BFI,WA,ANM,WE,Towers with Radar,38,49,76,0,163,2,77,284,0,363,40,126,360,0,526,172,0,172,698
10/05/2012,BFI,WA,ANM,WE,Towers with Radar,40,70,87,0,197,2,69,323,4,398,42,139,410,4,595,179,0,179,774
10/06/2012,BFI,WA,ANM,WE,Towers with Radar,6,27,54,0,87,0,34,308,0,342,6,61,362,0,429,136,0,136,565
10/07/2012,BFI,WA,ANM,WE,Towers with Radar,3,37,54,0,94,0,46,317,0,363,3,83,371,0,457,160,0,160,617
10/08/2012,BFI,WA,ANM,WE,Towers with Radar,21,52,58,0,131,1,64,216,0,281,22,116,274,0,412,218,0,218,630
10/09/2012,BFI,WA,ANM,WE,Towers with Radar,44,73,103,4,224,0,57,181,0,238,44,130,284,4,462,173,0,173,635
10/10/2012,BFI,WA,ANM,WE,Towers with Radar,41,60,99,2,202,0,19,66,0,85,41,79,165,2,287,94,0,94,381
10/11/2012,BFI,WA,ANM,WE,Towers with Radar,43,77,95,5,220,0,25,171,0,196,43,102,266,5,416,114,2,116,532
10/12/2012,BFI,WA,ANM,WE,Towers with Radar,40,82,88,0,210,0,43,107,0,150,40,125,195,0,360,66,0,66,426
10/13/2012,BFI,WA,ANM,WE,Towers with Radar,9,39,65,0,113,0,26,37,0,63,9,65,102,0,176,40,2,42,218
10/14/2012,BFI,WA,ANM,WE,Towers with Radar,5,43,74,0,122,0,13,93,1,107,5,56,167,1,229,120,0,120,349
10/15/2012,BFI,WA,ANM,WE,Towers with Radar,20,66,79,0,165,0,25,94,0,119,20,91,173,0,284,82,0,82,366
10/16/2012,BFI,WA,ANM,WE,Towers with Radar,44,66,67,0,177,0,87,206,0,293,44,153,273,0,470,144,0,144,614
10/17/2012,BFI,WA,ANM,WE,Towers with Radar,41,46,81,2,170,0,73,268,0,341,41,119,349,2,511,158,0,158,669
10/18/2012,BFI,WA,ANM,WE,Towers with Radar,36,59,86,2,183,0,67,231,1,299,36,126,317,3,482,152,2,154,636
10/19/2012,BFI,WA,ANM,WE,Towers with Radar,34,71,92,0,197,0,20,87,0,107,34,91,179,0,304,130,0,130,434
10/20/2012,BFI,WA,ANM,WE,Towers with Radar,8,37,46,1,92,0,19,125,0,144,8,56,171,1,236,86,0,86,322
10/21/2012,BFI,WA,ANM,WE,Towers with Radar,3,43,57,1,104,0,16,172,0,188,3,59,229,1,292,130,0,130,422
10/22/2012,BFI,WA,ANM,WE,Towers with Radar,27,59,69,0,155,0,26,106,0,132,27,85,175,0,287,96,0,96,383
10/23/2012,BFI,WA,ANM,WE,Towers with Radar,42,62,80,0,184,0,33,137,0,170,42,95,217,0,354,80,0,80,434
10/24/2012,BFI,WA,ANM,WE,Towers with Radar,30,48,85,2,165,0,41,153,0,194,30,89,238,2,359,202,0,202,561
10/25/2012,BFI,WA,ANM,WE,Towers with Radar,37,57,68,0,162,0,40,149,0,189,37,97,217,0,351,98,0,98,449
10/26/2012,BFI,WA,ANM,WE,Towers with Radar,26,72,86,0,184,0,22,108,0,130,26,94,194,0,314,110,1,111,425
10/27/2012,BFI,WA,ANM,WE,Towers with Radar,8,44,43,0,95,0,2,27,1,30,8,46,70,1,125,72,0,72,197
10/28/2012,BFI,WA,ANM,WE,Towers with Radar,5,55,65,0,125,0,8,148,0,156,5,63,213,0,281,180,0,180,461
10/29/2012,BFI,WA,ANM,WE,Towers with Radar,22,49,54,0,125,0,37,88,0,125,22,86,142,0,250,86,0,86,336
10/30/2012,BFI,WA,ANM,WE,Towers with Radar,30,65,61,0,156,0,10,17,0,27,30,75,78,0,183,40,0,40,223
10/31/2012,BFI,WA,ANM,WE,Towers with Radar,43,67,58,0,168,0,17,87,0,104,43,84,145,0,272,78,0,78,350
11/01/2012,BFI,WA,ANM,WE,Towers with Radar,38,72,79,0,189,0,48,148,0,196,38,120,227,0,385,182,0,182,567
11/02/2012,BFI,WA,ANM,WE,Towers with Radar,32,63,88,2,185,0,34,239,0,273,32,97,327,2,458,144,0,144,602
11/03/2012,BFI,WA,ANM,WE,Towers with Radar,5,40,47,1,93,0,9,95,0,104,5,49,142,1,197,114,0,114,311
11/04/2012,BFI,WA,ANM,WE,Towers with Radar,5,37,105,0,147,0,12,96,0,108,5,49,201,0,255,96,0,96,351
11/05/2012,BFI,WA,ANM,WE,Towers with Radar,33,42,51,1,127,0,65,190,0,255,33,107,241,1,382,96,0,96,478
11/06/2012,BFI,WA,ANM,WE,Towers with Radar,37,61,78,0,176,0,30,91,0,121,37,91,169,0,297,86,0,86,383
11/07/2012,BFI,WA,ANM,WE,Towers with Radar,43,53,86,4,186,0,64,204,3,271,43,117,290,7,457,132,0,132,589
11/08/2012,BFI,WA,ANM,WE,Towers with Radar,32,47,91,0,170,0,64,167,0,231,32,111,258,0,401,118,0,118,519
11/09/2012,BFI,WA,ANM,WE,Towers with Radar,31,65,71,3,170,1,49,241,0,291,32,114,312,3,461,150,0,150,611
11/10/2012,BFI,WA,ANM,WE,Towers with Radar,11,33,49,1,94,0,36,279,0,315,11,69,328,1,409,184,0,184,593
11/11/2012,BFI,WA,ANM,WE,Towers with Radar,5,37,72,0,114,0,19,123,0,142,5,56,195,0,256,134,0,134,390
11/12/2012,BFI,WA,ANM,WE,Towers with Radar,24,58,84,0,166,0,13,115,0,128,24,71,199,0,294,130,0,130,424
11/13/2012,BFI,WA,ANM,WE,Towers with Radar,41,70,61,0,172,0,28,113,1,142,41,98,174,1,314,122,0,122,436
11/14/2012,BFI,WA,ANM,WE,Towers with Radar,38,61,73,2,174,0,57,88,0,145,38,118,161,2,319,92,0,92,411
11/15/2012,BFI,WA,ANM,WE,Towers with Radar,45,70,100,4,219,0,46,183,0,229,45,116,283,4,448,140,0,140,588
11/16/2012,BFI,WA,ANM,WE,Towers with Radar,41,76,107,0,224,0,29,120,0,149,41,105,227,0,373,130,0,130,503
11/17/2012,BFI,WA,ANM,WE,Towers with Radar,7,42,61,0,110,0,19,68,0,87,7,61,129,0,197,80,0,80,277
11/18/2012,BFI,WA,ANM,WE,Towers with Radar,7,44,51,0,102,0,17,71,0,88,7,61,122,0,190,82,0,82,272
11/19/2012,BFI,WA,ANM,WE,Towers with Radar,20,48,69,1,138,0,21,20,0,41,20,69,89,1,179,0,0,0,179
11/20/2012,BFI,WA,ANM,WE,Towers with Radar,34,55,66,4,159,0,23,90,0,113,34,78,156,4,272,54,10,64,336
11/21/2012,BFI,WA,ANM,WE,Towers with Radar,32,61,83,0,176,0,29,59,0,88,32,90,142,0,264,64,0,64,328
11/22/2012,BFI,WA,ANM,WE,Towers with Radar,9,24,28,0,61,0,10,49,0,59,9,34,77,0,120,32,0,32,152
11/23/2012,BFI,WA,ANM,WE,Towers with Radar,11,54,52,0,117,0,1,9,0,10,11,55,61,0,127,140,0,140,267
11/24/2012,BFI,WA,ANM,WE,Towers with Radar,1,40,58,0,99,0,5,133,0,138,1,45,191,0,237,168,0,168,405
11/25/2012,BFI,WA,ANM,WE,Towers with Radar,3,34,91,0,128,0,28,143,0,171,3,62,234,0,299,120,0,120,419
11/26/2012,BFI,WA,ANM,WE,Towers with Radar,14,45,66,2,127,0,78,168,2,248,14,123,234,4,375,192,0,192,567
11/27/2012,BFI,WA,ANM,WE,Towers with Radar,40,47,53,2,142,1,37,246,2,286,41,84,299,4,428,136,0,136,564
11/28/2012,BFI,WA,ANM,WE,Towers with Radar,32,46,86,0,164,0,33,122,0,155,32,79,208,0,319,118,0,118,437
11/29/2012,BFI,WA,ANM,WE,Towers with Radar,26,45,70,1,142,0,33,97,1,131,26,78,167,2,273,148,0,148,421
11/30/2012,BFI,WA,ANM,WE,Towers with Radar,34,64,60,4,162,0,15,81,0,96,34,79,141,4,258,60,2,62,320
12/01/2012,BFI,WA,ANM,WE,Towers with Radar,14,32,32,1,79,0,8,76,0,84,14,40,108,1,163,42,0,42,205
12/02/2012,BFI,WA,ANM,WE,Towers with Radar,6,35,38,3,82,0,12,61,0,73,6,47,99,3,155,90,0,90,245
12/03/2012,BFI,WA,ANM,WE,Towers with Radar,32,33,74,1,140,0,26,52,1,79,32,59,126,2,219,36,0,36,255
12/04/2012,BFI,WA,ANM,WE,Towers with Radar,44,59,87,0,190,0,16,49,0,65,44,75,136,0,255,18,0,18,273
12/05/2012,BFI,WA,ANM,WE,Towers with Radar,37,42,96,2,177,0,56,156,0,212,37,98,252,2,389,122,2,124,513
12/06/2012,BFI,WA,ANM,WE,Towers with Radar,34,55,70,0,159,0,22,71,2,95,34,77,141,2,254,86,0,86,340
12/07/2012,BFI,WA,ANM,WE,Towers with Radar,31,53,71,0,155,0,36,114,0,150,31,89,185,0,305,72,0,72,377
12/08/2012,BFI,WA,ANM,WE,Towers with Radar,12,36,57,0,105,0,15,170,1,186,12,51,227,1,291,224,0,224,515
12/09/2012,BFI,WA,ANM,WE,Towers with Radar,5,49,67,0,121,0,2,55,0,57,5,51,122,0,178,25,1,26,204
12/10/2012,BFI,WA,ANM,WE,Towers with Radar,24,64,75,10,173,0,0,15,0,15,24,64,90,10,188,30,0,30,218
12/11/2012,BFI,WA,ANM,WE,Towers with Radar,36,68,78,0,182,2,17,87,0,106,38,85,165,0,288,226,0,226,514
12/12/2012,BFI,WA,ANM,WE,Towers with Radar,37,59,102,1,199,0,8,80,0,88,37,67,182,1,287,98,6,104,391
12/13/2012,BFI,WA,ANM,WE,Towers with Radar,38,57,65,0,160,0,44,182,0,226,38,101,247,0,386,92,2,94,480
12/14/2012,BFI,WA,ANM,WE,Towers with Radar,40,59,63,0,162,0,32,151,2,185,40,91,214,2,347,144,0,144,491
12/15/2012,BFI,WA,ANM,WE,Towers with Radar,15,37,40,0,92,0,12,64,1,77,15,49,104,1,169,160,0,160,329
12/16/2012,BFI,WA,ANM,WE,Towers with Radar,15,47,56,0,118,0,7,51,0,58,15,54,107,0,176,72,0,72,248
12/17/2012,BFI,WA,ANM,WE,Towers with Radar,26,52,45,0,123,0,23,18,0,41,26,75,63,0,164,0,0,0,164
12/18/2012,BFI,WA,ANM,WE,Towers with Radar,47,56,65,0,168,0,16,76,0,92,47,72,141,0,260,56,0,56,316
12/19/2012,BFI,WA,ANM,WE,Towers with Radar,48,42,61,0,151,0,10,15,0,25,48,52,76,0,176,24,0,24,200
12/20/2012,BFI,WA,ANM,WE,Towers with Radar,41,61,57,0,159,0,21,52,0,73,41,82,109,0,232,18,0,18,250
12/21/2012,BFI,WA,ANM,WE,Towers with Radar,36,71,79,0,186,0,26,172,0,198,36,97,251,0,384,110,0,110,494
12/22/2012,BFI,WA,ANM,WE,Towers with Radar,7,51,58,0,116,0,14,93,0,107,7,65,151,0,223,138,0,138,361
12/23/2012,BFI,WA,ANM,WE,Towers with Radar,9,30,54,0,93,0,9,71,0,80,9,39,125,0,173,158,0,158,331
12/24/2012,BFI,WA,ANM,WE,Towers with Radar,6,60,22,0,88,0,10,31,0,41,6,70,53,0,129,146,0,146,275
12/25/2012,BFI,WA,ANM,WE,Towers with Radar,0,33,13,0,46,0,8,1,0,9,0,41,14,0,55,0,0,0,55
12/26/2012,BFI,WA,ANM,WE,Towers with Radar,20,56,53,0,129,0,15,59,0,74,20,71,112,0,203,128,0,128,331
12/27/2012,BFI,WA,ANM,WE,Towers with Radar,25,64,69,3,161,0,20,109,0,129,25,84,178,3,290,118,0,118,408
12/28/2012,BFI,WA,ANM,WE,Towers with Radar,22,52,45,0,119,0,26,194,0,220,22,78,239,0,339,101,0,101,440
12/29/2012,BFI,WA,ANM,WE,Towers with Radar,3,38,41,0,82,0,11,82,0,93,3,49,123,0,175,184,0,184,359
12/30/2012,BFI,WA,ANM,WE,Towers with Radar,3,34,65,0,102,0,6,100,0,106,3,40,165,0,208,100,0,100,308
12/31/2012,BFI,WA,ANM,WE,Towers with Radar,9,44,21,0,74,0,22,89,0,111,9,66,110,0,185,104,0,104,289
01/01/2013,BFI,WA,ANM,WE,Towers with Radar,0,29,46,0,75,0,34,159,0,193,0,63,205,0,268,94,0,94,362
01/02/2013,BFI,WA,ANM,WE,Towers with Radar,23,60,61,0,144,0,32,165,1,198,23,92,226,1,342,118,0,118,460
01/03/2013,BFI,WA,ANM,WE,Towers with Radar,30,56,55,0,141,0,57,190,0,247,30,113,245,0,388,60,0,60,448
01/04/2013,BFI,WA,ANM,WE,Towers with Radar,33,65,57,0,155,0,18,139,3,160,33,83,196,3,315,134,14,148,463
01/05/2013,BFI,WA,ANM,WE,Towers with Radar,4,28,43,0,75,0,22,144,1,167,4,50,187,1,242,180,26,206,448
01/06/2013,BFI,WA,ANM,WE,Towers with Radar,5,38,47,0,90,0,3,96,0,99,5,41,143,0,189,60,0,60,249
01/07/2013,BFI,WA,ANM,WE,Towers with Radar,25,58,56,0,139,0,12,8,0,20,25,70,64,0,159,0,0,0,159
01/08/2013,BFI,WA,ANM,WE,Towers with Radar,31,61,58,2,152,0,7,7,0,14,31,68,65,2,166,26,2,28,194
01/09/2013,BFI,WA,ANM,WE,Towers with Radar,32,64,71,1,168,0,14,32,0,46,32,78,103,1,214,16,0,16,230
01/10/2013,BFI,WA,ANM,WE,Towers with Radar,33,60,81,2,176,0,9,53,0,62,33,69,134,2,238,40,0,40,278
01/11/2013,BFI,WA,ANM,WE,Towers with Radar,34,48,91,2,175,0,49,189,0,238,34,97,280,2,413,116,0,116,529
01/12/2013,BFI,WA,ANM,WE,Towers with Radar,5,29,45,1,80,0,12,167,0,179,5,41,212,1,259,114,0,114,373
01/13/2013,BFI,WA,ANM,WE,Towers with Radar,7,33,41,0,81,0,22,171,0,193,7,55,212,0,274,96,0,96,370
01/14/2013,BFI,WA,ANM,WE,Towers with Radar,30,65,61,1,157,0,29,103,0,132,30,94,164,1,289,36,0,36,325
01/15/2013,BFI,WA,ANM,WE,Towers with Radar,30,61,83,0,174,0,28,169,0,197,30,89,252,0,371,56,2,58,429
01/16/2013,BFI,WA,ANM,WE,Towers with Radar,27,46,55,3,131,1,30,153,4,188,28,76,208,7,319,64,0,64,383
01/17/2013,BFI,WA,ANM,WE,Towers with Radar,19,52,58,5,134,0,0,0,0,0,19,52,58,5,134,0,0,0,134
01/18/2013,BFI,WA,ANM,WE,Towers with Radar,23,59,80,1,163,0,0,0,0,0,23,59,80,1,163,0,0,0,163
01/19/2013,BFI,WA,ANM,WE,Towers with Radar,5,25,45,0,75,0,0,0,0,0,5,25,45,0,75,0,0,0,75
01/20/2013,BFI,WA,ANM,WE,Towers with Radar,6,29,47,0,82,0,3,15,0,18,6,32,62,0,100,0,0,0,100
01/21/2013,BFI,WA,ANM,WE,Towers with Radar,26,61,91,1,179,0,0,0,0,0,26,61,91,1,179,2,0,2,181
01/22/2013,BFI,WA,ANM,WE,Towers with Radar,25,76,72,4,177,0,24,75,0,99,25,100,147,4,276,32,0,32,308
01/23/2013,BFI,WA,ANM,WE,Towers with Radar,49,69,76,0,194,0,23,102,0,125,49,92,178,0,319,102,0,102,421
01/24/2013,BFI,WA,ANM,WE,Towers with Radar,34,65,73,0,172,0,17,206,0,223,34,82,279,0,395,66,0,66,461
01/25/2013,BFI,WA,ANM,WE,Towers with Radar,34,67,71,3,175,0,25,160,1,186,34,92,231,4,361,78,0,78,439
01/26/2013,BFI,WA,ANM,WE,Towers with Radar,7,41,49,2,99,0,5,102,0,107,7,46,151,2,206,148,0,148,354
01/27/2013,BFI,WA,ANM,WE,Towers with Radar,5,43,52,2,102,0,3,70,0,73,5,46,122,2,175,112,0,112,287
01/28/2013,BFI,WA,ANM,WE,Towers with Radar,20,59,72,0,151,0,23,71,0,94,20,82,143,0,245,152,0,152,397
01/29/2013,BFI,WA,ANM,WE,Towers with Radar,32,69,64,0,165,0,16,31,0,47,32,85,95,0,212,68,0,68,280
01/30/2013,BFI,WA,ANM,WE,Towers with Radar,34,69,90,0,193,0,2,0,0,2,34,71,90,0,195,0,0,0,195
01/31/2013,BFI,WA,ANM,WE,Towers with Radar,30,72,70,1,173,0,24,113,0,137,30,96,183,1,310,158,0,158,468
02/01/2013,BFI,WA,ANM,WE,Towers with Radar,32,78,100,0,210,0,7,153,0,160,32,85,253,0,370,190,0,190,560
02/02/2013,BFI,WA,ANM,WE,Towers with Radar,5,55,64,1,125,0,1,1,0,2,5,56,65,1,127,16,0,16,143
02/03/2013,BFI,WA,ANM,WE,Towers with Radar,3,23,61,0,87,0,5,107,0,112,3,28,168,0,199,166,0,166,365
02/04/2013,BFI,WA,ANM,WE,Towers with Radar,19,44,71,2,136,0,33,159,0,192,19,77,230,2,328,132,0,132,460
02/05/2013,BFI,WA,ANM,WE,Towers with Radar,27,67,67,0,161,0,15,85,0,100,27,82,152,0,261,34,10,44,305
02/06/2013,BFI,WA,ANM,WE,Towers with Radar,41,62,68,1,172,0,13,130,0,143,41,75,198,1,315,70,0,70,385
02/07/2013,BFI,WA,ANM,WE,Towers with Radar,37,53,56,1,147,0,33,165,0,198,37,86,221,1,345,78,0,78,423
02/08/2013,BFI,WA,ANM,WE,Towers with Radar,34,69,76,0,179,0,20,213,0,233,34,89,289,0,412,196,0,196,608
02/09/2013,BFI,WA,ANM,WE,Towers with Radar,9,45,40,0,94,0,14,175,0,189,9,59,215,0,283,140,0,140,423
02/10/2013,BFI,WA,ANM,WE,Towers with Radar,6,32,79,0,117,0,6,110,0,116,6,38,189,0,233,122,0,122,355
02/11/2013,BFI,WA,ANM,WE,Towers with Radar,22,55,62,0,139,0,27,101,6,134,22,82,163,6,273,96,0,96,369
02/12/2013,BFI,WA,ANM,WE,Towers with Radar,36,83,63,0,182,0,7,37,0,44,36,90,100,0,226,42,0,42,268
02/13/2013,BFI,WA,ANM,WE,Towers with Radar,36,69,90,7,202,0,19,160,0,179,36,88,250,7,381,156,0,156,537
02/14/2013,BFI,WA,ANM,WE,Towers with Radar,39,75,86,1,201,0,27,110,2,139,39,102,196,3,340,154,0,154,494
02/15/2013,BFI,WA,ANM,WE,Towers with Radar,32,50,113,0,195,0,29,218,0,247,32,79,331,0,442,150,0,150,592
02/16/2013,BFI,WA,ANM,WE,Towers with Radar,9,44,39,0,92,0,10,68,1,79,9,54,107,1,171,116,0,116,287
02/17/2013,BFI,WA,ANM,WE,Towers with Radar,6,47,45,0,98,0,11,194,0,205,6,58,239,0,303,210,6,216,519
02/18/2013,BFI,WA,ANM,WE,Towers with Radar,27,48,76,0,151,0,17,203,0,220,27,65,279,0,371,202,0,202,573
02/19/2013,BFI,WA,ANM,WE,Towers with Radar,30,56,75,0,161,0,51,178,0,229,30,107,253,0,390,118,2,120,510
02/20/2013,BFI,WA,ANM,WE,Towers with Radar,34,69,70,1,174,0,27,197,0,224,34,96,267,1,398,214,0,214,612
02/21/2013,BFI,WA,ANM,WE,Towers with Radar,41,69,66,0,176,0,24,95,0,119,41,93,161,0,295,104,0,104,399
02/22/2013,BFI,WA,ANM,WE,Towers with Radar,26,65,56,0,147,0,7,19,0,26,26,72,75,0,173,14,0,14,187
02/23/2013,BFI,WA,ANM,WE,Towers with Radar,7,43,49,0,99,0,26,167,0,193,7,69,216,0,292,156,6,162,454
02/24/2013,BFI,WA,ANM,WE,Towers with Radar,7,43,46,0,96,0,3,117,0,120,7,46,163,0,216,100,0,100,316
02/25/2013,BFI,WA,ANM,WE,Towers with Radar,17,56,62,0,135,0,31,43,0,74,17,87,105,0,209,26,0,26,235
02/26/2013,BFI,WA,ANM,WE,Towers with Radar,31,55,86,0,172,0,21,175,0,196,31,76,261,0,368,194,0,194,562
02/27/2013,BFI,WA,ANM,WE,Towers with Radar,34,58,99,0,191,0,20,147,0,167,34,78,246,0,358,122,0,122,480
02/28/2013,BFI,WA,ANM,WE,Towers with Radar,28,80,83,1,192,0,9,34,0,43,28,89,117,1,235,52,0,52,287
03/01/2013,BFI,WA,ANM,WE,Towers with Radar,25,63,68,1,157,0,15,75,0,90,25,78,143,1,247,46,2,48,295
03/02/2013,BFI,WA,ANM,WE,Towers with Radar,4,36,40,0,80,0,6,98,0,104,4,42,138,0,184,46,0,46,230
03/03/2013,BFI,WA,ANM,WE,Towers with Radar,3,38,68,1,110,0,18,272,0,290,3,56,340,1,400,162,0,162,562
03/04/2013,BFI,WA,ANM,WE,Towers with Radar,23,48,62,0,133,0,70,241,0,311,23,118,303,0,444,184,0,184,628
03/05/2013,BFI,WA,ANM,WE,Towers with Radar,30,53,55,0,138,0,28,136,0,164,30,81,191,0,302,158,0,158,460
03/06/2013,BFI,WA,ANM,WE,Towers with Radar,34,85,71,2,192,0,23,59,0,82,34,108,130,2,274,74,0,74,348
03/07/2013,BFI,WA,ANM,WE,Towers with Radar,38,68,74,0,180,0,47,146,1,194,38,115,220,1,374,140,2,142,516
03/08/2013,BFI,WA,ANM,WE,Towers with Radar,27,76,80,0,183,0,48,271,0,319,27,124,351,0,502,226,0,226,728
03/09/2013,BFI,WA,ANM,WE,Towers with Radar,5,33,55,2,95,0,26,441,1,468,5,59,496,3,563,224,0,224,787
03/10/2013,BFI,WA,ANM,WE,Towers with Radar,3,46,57,1,107,0,12,176,0,188,3,58,233,1,295,270,0,270,565
03/11/2013,BFI,WA,ANM,WE,Towers with Radar,28,67,64,0,159,0,43,99,0,142,28,110,163,0,301,178,0,178,479
03/12/2013,BFI,WA,ANM,WE,Towers with Radar,35,76,97,0,208,0,17,48,0,65,35,93,145,0,273,69,0,69,342
03/13/2013,BFI,WA,ANM,WE,Towers with Radar,37,70,84,0,191,0,25,86,0,111,37,95,170,0,302,156,0,156,458
03/14/2013,BFI,WA,ANM,WE,Towers with Radar,35,66,83,0,184,0,34,123,0,157,35,100,206,0,341,202,0,202,543
03/15/2013,BFI,WA,ANM,WE,Towers with Radar,33,63,92,0,188,0,25,172,0,197,33,88,264,0,385,234,0,234,619
03/16/2013,BFI,WA,ANM,WE,Towers with Radar,3,30,38,0,71,0,4,92,0,96,3,34,130,0,167,46,0,46,213
03/17/2013,BFI,WA,ANM,WE,Towers with Radar,4,32,60,1,97,0,19,131,1,151,4,51,191,2,248,112,0,112,360
03/18/2013,BFI,WA,ANM,WE,Towers with Radar,31,51,52,1,135,0,32,132,0,164,31,83,184,1,299,124,0,124,423
03/19/2013,BFI,WA,ANM,WE,Towers with Radar,36,61,78,0,175,0,45,149,0,194,36,106,227,0,369,132,0,132,501
03/20/2013,BFI,WA,ANM,WE,Towers with Radar,30,57,70,0,157,0,11,23,0,34,30,68,93,0,191,0,0,0,191
03/21/2013,BFI,WA,ANM,WE,Towers with Radar,30,69,69,0,168,0,9,98,0,107,30,78,167,0,275,66,0,66,341
03/22/2013,BFI,WA,ANM,WE,Towers with Radar,27,82,73,0,182,0,27,130,3,160,27,109,203,3,342,104,0,104,446
03/23/2013,BFI,WA,ANM,WE,Towers with Radar,7,23,44,1,75,0,28,206,0,234,7,51,250,1,309,80,0,80,389
03/24/2013,BFI,WA,ANM,WE,Towers with Radar,7,27,51,1,86,0,18,233,0,251,7,45,284,1,337,158,0,158,495
03/25/2013,BFI,WA,ANM,WE,Towers with Radar,27,47,72,0,146,0,56,226,0,282,27,103,298,0,428,240,0,240,668
03/26/2013,BFI,WA,ANM,WE,Towers with Radar,37,56,56,0,149,0,53,246,1,300,37,109,302,1,449,154,0,154,603
03/27/2013,BFI,WA,ANM,WE,Towers with Radar,37,59,62,0,158,0,40,212,0,252,37,99,274,0,410,224,0,224,634
03/28/2013,BFI,WA,ANM,WE,Towers with Radar,25,50,65,0,140,0,26,229,0,255,25,76,294,0,395,198,0,198,593
03/29/2013,BFI,WA,ANM,WE,Towers with Radar,26,51,78,0,155,0,66,227,0,293,26,117,305,0,448,166,0,166,614
03/30/2013,BFI,WA,ANM,WE,Towers with Radar,4,31,34,0,69,0,21,274,0,295,4,52,308,0,364,156,0,156,520
03/31/2013,BFI,WA,ANM,WE,Towers with Radar,4,29,41,0,74,0,30,222,0,252,4,59,263,0,326,218,0,218,544
04/01/2013,BFI,WA,ANM,WE,Towers with Radar,26,54,64,1,145,0,23,85,0,108,26,77,149,1,253,58,0,58,311
04/02/2013,BFI,WA,ANM,WE,Towers with Radar,30,60,83,0,173,0,55,165,0,220,30,115,248,0,393,202,0,202,595
04/03/2013,BFI,WA,ANM,WE,Towers with Radar,31,49,86,0,166,0,85,184,3,272,31,134,270,3,438,202,0,202,640
04/04/2013,BFI,WA,ANM,WE,Towers with Radar,33,48,91,0,172,0,31,87,0,118,33,79,178,0,290,64,0,64,354
04/05/2013,BFI,WA,ANM,WE,Towers with Radar,25,64,63,1,153,0,19,56,1,76,25,83,119,2,229,77,0,77,306
04/06/2013,BFI,WA,ANM,WE,Towers with Radar,5,46,47,0,98,0,4,55,1,60,5,50,102,1,158,22,0,22,180
04/07/2013,BFI,WA,ANM,WE,Towers with Radar,10,26,62,1,99,0,17,31,0,48,10,43,93,1,147,6,0,6,153
04/08/2013,BFI,WA,ANM,WE,Towers with Radar,27,65,61,0,153,0,33,108,0,141,27,98,169,0,294,160,0,160,454
04/09/2013,BFI,WA,ANM,WE,Towers with Radar,34,58,65,0,157,0,38,190,0,228,34,96,255,0,385,156,0,156,541
04/10/2013,BFI,WA,ANM,WE,Towers with Radar,46,65,75,0,186,0,14,47,0,61,46,79,122,0,247,16,0,16,263
04/11/2013,BFI,WA,ANM,WE,Towers with Radar,33,58,77,0,168,0,33,201,0,234,33,91,278,0,402,192,0,192,594
04/12/2013,BFI,WA,ANM,WE,Towers with Radar,32,64,75,0,171,0,23,126,0,149,32,87,201,0,320,172,0,172,492
04/13/2013,BFI,WA,ANM,WE,Towers with Radar,14,41,58,0,113,0,17,48,2,67,14,58,106,2,180,58,0,58,238
04/14/2013,BFI,WA,ANM,WE,Towers with Radar,7,29,57,0,93,0,12,147,0,159,7,41,204,0,252,146,0,146,398
04/15/2013,BFI,WA,ANM,WE,Towers with Radar,20,50,55,2,127,0,71,160,0,231,20,121,215,2,358,162,0,162,520
04/16/2013,BFI,WA,ANM,WE,Towers with Radar,27,51,73,0,151,0,51,233,1,285,27,102,306,1,436,210,0,210,646
04/17/2013,BFI,WA,ANM,WE,Towers with Radar,36,50,65,0,151,0,31,212,0,243,36,81,277,0,394,138,2,140,534
04/18/2013,BFI,WA,ANM,WE,Towers with Radar,33,84,96,0,213,0,33,112,0,145,33,117,208,0,358,140,0,140,498
04/19/2013,BFI,WA,ANM,WE,Towers with Radar,34,64,76,0,174,0,7,37,0,44,34,71,113,0,218,68,0,68,286
04/20/2013,BFI,WA,ANM,WE,Towers with Radar,7,34,50,0,91,0,4,133,0,137,7,38,183,0,228,218,0,218,446
04/21/2013,BFI,WA,ANM,WE,Towers with Radar,6,44,56,0,106,0,16,135,0,151,6,60,191,0,257,64,0,64,321
04/22/2013,BFI,WA,ANM,WE,Towers with Radar,25,52,74,4,155,0,57,216,0,273,25,109,290,4,428,142,0,142,570
04/23/2013,BFI,WA,ANM,WE,Towers with Radar,38,51,90,0,179,0,74,332,0,406,38,125,422,0,585,230,0,230,815
04/24/2013,BFI,WA,ANM,WE,Towers with Radar,31,48,70,1,150,0,56,305,1,362,31,104,375,2,512,212,0,212,724
04/25/2013,BFI,WA,ANM,WE,Towers with Radar,36,47,76,4,163,0,123,292,0,415,36,170,368,4,578,223,6,229,807
04/26/2013,BFI,WA,ANM,WE,Towers with Radar,28,56,83,2,169,0,37,229,5,271,28,93,312,7,440,170,0,170,610
04/27/2013,BFI,WA,ANM,WE,Towers with Radar,10,42,29,0,81,0,24,61,1,86,10,66,90,1,167,56,0,56,223
04/28/2013,BFI,WA,ANM,WE,Towers with Radar,8,43,75,1,127,0,20,99,0,119,8,63,174,1,246,72,0,72,318
04/29/2013,BFI,WA,ANM,WE,Towers with Radar,27,61,77,1,166,0,53,117,0,170,27,114,194,1,336,119,0,119,455
04/30/2013,BFI,WA,ANM,WE,Towers with Radar,32,58,97,0,187,0,35,240,0,275,32,93,337,0,462,182,0,182,644
05/01/2013,BFI,WA,ANM,WE,Towers with Radar,31,59,89,5,184,0,44,338,1,383,31,103,427,6,567,94,8,102,669
05/02/2013,BFI,WA,ANM,WE,Towers with Radar,41,60,71,3,175,0,140,233,0,373,41,200,304,3,548,120,0,120,668
05/03/2013,BFI,WA,ANM,WE,Towers with Radar,31,52,73,0,156,0,49,334,1,384,31,101,407,1,540,110,0,110,650
05/04/2013,BFI,WA,ANM,WE,Towers with Radar,3,14,41,2,60,0,34,218,1,253,3,48,259,3,313,120,0,120,433
05/05/2013,BFI,WA,ANM,WE,Towers with Radar,3,19,61,2,85,0,34,280,0,314,3,53,341,2,399,236,0,236,635
05/06/2013,BFI,WA,ANM,WE,Towers with Radar,28,55,57,0,140,0,47,217,0,264,28,102,274,0,404,72,0,72,476
05/07/2013,BFI,WA,ANM,WE,Towers with Radar,32,66,58,0,156,0,25,183,0,208,32,91,241,0,364,154,0,154,518
05/08/2013,BFI,WA,ANM,WE,Towers with Radar,34,68,63,0,165,0,36,214,0,250,34,104,277,0,415,228,0,228,643
05/09/2013,BFI,WA,ANM,WE,Towers with Radar,37,70,85,0,192,0,52,192,0,244,37,122,277,0,436,154,4,158,594
05/10/2013,BFI,WA,ANM,WE,Towers with Radar,28,51,56,3,138,0,53,298,0,351,28,104,354,3,489,212,4,216,705
05/11/2013,BFI,WA,ANM,WE,Towers with Radar,7,37,35,2,81,0,41,294,0,335,7,78,329,2,416,126,0,126,542
05/12/2013,BFI,WA,ANM,WE,Towers with Radar,5,31,71,1,108,0,20,152,0,172,5,51,223,1,280,100,0,100,380
05/13/2013,BFI,WA,ANM,WE,Towers with Radar,24,69,88,0,181,0,24,61,0,85,24,93,149,0,266,20,0,20,286
05/14/2013,BFI,WA,ANM,WE,Towers with Radar,36,65,112,0,213,0,72,207,1,280,36,137,319,1,493,194,3,197,690
05/15/2013,BFI,WA,ANM,WE,Towers with Radar,41,61,96,0,198,0,63,191,0,254,41,124,287,0,452,232,0,232,684
05/16/2013,BFI,WA,ANM,WE,Towers with Radar,36,72,106,0,214,0,86,237,2,325,36,158,343,2,539,236,0,236,775
05/17/2013,BFI,WA,ANM,WE,Towers with Radar,33,74,92,4,203,0,35,211,0,246,33,109,303,4,449,260,0,260,709
05/18/2013,BFI,WA,ANM,WE,Towers with Radar,7,31,45,0,83,0,29,172,0,201,7,60,217,0,284,180,0,180,464
05/19/2013,BFI,WA,ANM,WE,Towers with Radar,3,33,63,2,101,0,23,229,0,252,3,56,292,2,353,108,24,132,485
05/20/2013,BFI,WA,ANM,WE,Towers with Radar,27,70,74,2,173,0,32,200,4,236,27,102,274,6,409,84,0,84,493
05/21/2013,BFI,WA,ANM,WE,Towers with Radar,41,78,85,0,204,0,25,109,1,135,41,103,194,1,339,182,0,182,521
05/22/2013,BFI,WA,ANM,WE,Towers with Radar,32,74,98,3,207,0,21,73,0,94,32,95,171,3,301,86,0,86,387
05/23/2013,BFI,WA,ANM,WE,Towers with Radar,43,72,104,1,220,0,80,146,2,228,43,152,250,3,448,136,0,136,584
05/24/2013,BFI,WA,ANM,WE,Towers with Radar,40,60,90,0,190,0,78,237,2,317,40,138,327,2,507,262,0,262,769
05/25/2013,BFI,WA,ANM,WE,Towers with Radar,13,37,41,0,91,0,16,262,3,281,13,53,303,3,372,154,0,154,526
05/26/2013,BFI,WA,ANM,WE,Towers with Radar,12,42,48,0,102,0,11,134,0,145,12,53,182,0,247,156,0,156,403
05/27/2013,BFI,WA,ANM,WE,Towers with Radar,5,46,63,0,114,0,29,85,1,115,5,75,148,1,229,90,0,90,319
05/28/2013,BFI,WA,ANM,WE,Towers with Radar,28,58,73,0,159,0,52,120,0,172,28,110,193,0,331,82,0,82,413
05/29/2013,BFI,WA,ANM,WE,Towers with Radar,40,76,92,0,208,0,34,95,0,129,40,110,187,0,337,78,0,78,415
05/30/2013,BFI,WA,ANM,WE,Towers with Radar,43,59,72,0,174,0,52,175,0,227,43,111,247,0,401,144,1,145,546
05/31/2013,BFI,WA,ANM,WE,Towers with Radar,37,57,73,0,167,0,38,293,4,335,37,95,366,4,502,232,0,232,734
06/01/2013,BFI,WA,ANM,WE,Towers with Radar,5,29,58,0,92,0,37,250,0,287,5,66,308,0,379,182,0,182,561
06/02/2013,BFI,WA,ANM,WE,Towers with Radar,5,37,73,0,115,0,32,222,0,254,5,69,295,0,369,148,0,148,517
06/03/2013,BFI,WA,ANM,WE,Towers with Radar,29,53,89,1,172,0,54,186,0,240,29,107,275,1,412,164,0,164,576
06/04/2013,BFI,WA,ANM,WE,Towers with Radar,33,51,65,3,152,0,66,244,1,311,33,117,309,4,463,178,0,178,641
06/05/2013,BFI,WA,ANM,WE,Towers with Radar,36,54,75,4,169,0,58,223,0,281,36,112,298,4,450,194,0,194,644
06/06/2013,BFI,WA,ANM,WE,Towers with Radar,32,59,82,2,175,0,74,361,0,435,32,133,443,2,610,208,0,208,818
06/07/2013,BFI,WA,ANM,WE,Towers with Radar,28,66,100,0,194,0,40,230,0,270,28,106,330,0,464,156,1,157,621
06/08/2013,BFI,WA,ANM,WE,Towers with Radar,9,32,57,0,98,0,36,245,0,281,9,68,302,0,379,210,0,210,589
06/09/2013,BFI,WA,ANM,WE,Towers with Radar,9,37,84,0,130,0,35,268,0,303,9,72,352,0,433,126,0,126,559
06/10/2013,BFI,WA,ANM,WE,Towers with Radar,27,46,84,0,157,0,48,220,0,268,27,94,304,0,425,162,0,162,587
06/11/2013,BFI,WA,ANM,WE,Towers with Radar,38,60,83,0,181,0,49,163,1,213,38,109,246,1,394,88,6,94,488
06/12/2013,BFI,WA,ANM,WE,Towers with Radar,37,53,72,0,162,0,31,208,0,239,37,84,280,0,401,132,0,132,533
06/13/2013,BFI,WA,ANM,WE,Towers with Radar,46,66,100,0,212,0,62,213,2,277,46,128,313,2,489,156,0,156,645
06/14/2013,BFI,WA,ANM,WE,Towers with Radar,29,70,90,4,193,0,36,262,0,298,29,106,352,4,491,132,0,132,623
06/15/2013,BFI,WA,ANM,WE,Towers with Radar,4,32,40,0,76,0,34,342,3,379,4,66,382,3,455,70,0,70,525
06/16/2013,BFI,WA,ANM,WE,Towers with Radar,3,51,71,0,125,0,41,259,0,300,3,92,330,0,425,81,0,81,506
06/17/2013,BFI,WA,ANM,WE,Towers with Radar,28,51,78,0,157,0,75,198,0,273,28,126,276,0,430,199,0,199,629
06/18/2013,BFI,WA,ANM,WE,Towers with Radar,34,59,60,0,153,0,61,202,0,263,34,120,262,0,416,182,0,182,598
06/19/2013,BFI,WA,ANM,WE,Towers with Radar,44,73,104,2,223,0,48,165,2,215,44,121,269,4,438,220,0,220,658
06/20/2013,BFI,WA,ANM,WE,Towers with Radar,33,75,101,0,209,0,30,119,0,149,33,105,220,0,358,156,10,166,524
06/21/2013,BFI,WA,ANM,WE,Towers with Radar,33,65,110,7,215,0,23,191,0,214,33,88,301,7,429,210,0,210,639
06/22/2013,BFI,WA,ANM,WE,Towers with Radar,12,34,44,2,92,0,54,389,2,445,12,88,433,4,537,262,0,262,799
06/23/2013,BFI,WA,ANM,WE,Towers with Radar,8,37,100,1,146,0,22,188,2,212,8,59,288,3,358,86,0,86,444
06/24/2013,BFI,WA,ANM,WE,Towers with Radar,31,49,92,0,172,0,35,137,0,172,31,84,229,0,344,56,6,62,406
06/25/2013,BFI,WA,ANM,WE,Towers with Radar,40,58,97,0,195,0,50,115,1,166,40,108,212,1,361,84,0,84,445
06/26/2013,BFI,WA,ANM,WE,Towers with Radar,36,57,78,1,172,0,45,157,2,204,36,102,235,3,376,100,0,100,476
06/27/2013,BFI,WA,ANM,WE,Towers with Radar,36,70,118,0,224,0,40,164,0,204,36,110,282,0,428,104,0,104,532
06/28/2013,BFI,WA,ANM,WE,Towers with Radar,39,45,73,4,161,0,76,394,0,470,39,121,467,4,631,100,0,100,731
06/29/2013,BFI,WA,ANM,WE,Towers with Radar,7,32,34,0,73,0,40,308,0,348,7,72,342,0,421,128,0,128,549
06/30/2013,BFI,WA,ANM,WE,Towers with Radar,3,32,65,0,100,0,52,332,0,384,3,84,397,0,484,88,0,88,572
07/01/2013,BFI,WA,ANM,WE,Towers with Radar,26,46,52,6,130,0,73,255,3,331,26,119,307,9,461,144,2,146,607
07/02/2013,BFI,WA,ANM,WE,Towers with Radar,45,45,63,7,160,0,78,272,1,351,45,123,335,8,511,124,0,124,635
07/03/2013,BFI,WA,ANM,WE,Towers with Radar,36,41,65,2,144,0,114,413,0,527,36,155,478,2,671,210,0,210,881
07/04/2013,BFI,WA,ANM,WE,Towers with Radar,12,25,38,2,77,0,39,184,1,224,12,64,222,3,301,120,16,136,437
07/05/2013,BFI,WA,ANM,WE,Towers with Radar,32,53,56,0,141,0,47,299,5,351,32,100,355,5,492,82,0,82,574
07/06/2013,BFI,WA,ANM,WE,Towers with Radar,3,35,51,2,91,0,49,293,1,343,3,84,344,3,434,110,1,111,545
07/07/2013,BFI,WA,ANM,WE,Towers with Radar,9,58,100,1,168,0,30,260,0,290,9,88,360,1,458,120,0,120,578
07/08/2013,BFI,WA,ANM,WE,Towers with Radar,28,59,106,3,196,0,55,266,0,321,28,114,372,3,517,116,0,116,633
07/09/2013,BFI,WA,ANM,WE,Towers with Radar,33,59,83,4,179,0,82,378,1,461,33,141,461,5,640,105,0,105,745
07/10/2013,BFI,WA,ANM,WE,Towers with Radar,36,67,84,3,190,0,51,282,0,333,36,118,366,3,523,246,0,246,769
07/11/2013,BFI,WA,ANM,WE,Towers with Radar,44,65,71,0,180,0,52,258,2,312,44,117,329,2,492,156,0,156,648
07/12/2013,BFI,WA,ANM,WE,Towers with Radar,33,51,96,1,181,0,47,322,3,372,33,98,418,4,553,78,0,78,631
07/13/2013,BFI,WA,ANM,WE,Towers with Radar,10,43,37,1,91,0,43,314,0,357,10,86,351,1,448,112,0,112,560
07/14/2013,BFI,WA,ANM,WE,Towers with Radar,5,37,88,0,130,0,52,378,2,432,5,89,466,2,562,146,0,146,708
07/15/2013,BFI,WA,ANM,WE,Towers with Radar,28,41,51,2,122,0,88,245,2,335,28,129,296,4,457,195,0,195,652
07/16/2013,BFI,WA,ANM,WE,Towers with Radar,38,49,58,0,145,0,68,310,1,379,38,117,368,1,524,164,0,164,688
07/17/2013,BFI,WA,ANM,WE,Towers with Radar,38,84,84,1,207,0,26,252,1,279,38,110,336,2,486,148,0,148,634
07/18/2013,BFI,WA,ANM,WE,Towers with Radar,42,66,65,1,174,0,52,345,0,397,42,118,410,1,571,308,0,308,879
07/19/2013,BFI,WA,ANM,WE,Towers with Radar,37,64,98,4,203,0,54,311,1,366,37,118,409,5,569,130,0,130,699
07/20/2013,BFI,WA,ANM,WE,Towers with Radar,8,37,79,1,125,0,29,195,0,224,8,66,274,1,349,118,0,118,467
07/21/2013,BFI,WA,ANM,WE,Towers with Radar,11,61,101,2,175,0,31,248,3,282,11,92,349,5,457,130,0,130,587
07/22/2013,BFI,WA,ANM,WE,Towers with Radar,28,74,88,1,191,0,73,232,0,305,28,147,320,1,496,174,0,174,670
07/23/2013,BFI,WA,ANM,WE,Towers with Radar,33,60,69,2,164,0,107,378,0,485,33,167,447,2,649,206,0,206,855
07/24/2013,BFI,WA,ANM,WE,Towers with Radar,39,53,67,3,162,0,59,420,1,480,39,112,487,4,642,184,0,184,826
07/25/2013,BFI,WA,ANM,WE,Towers with Radar,36,54,104,2,196,0,90,398,0,488,36,144,502,2,684,214,6,220,904
07/26/2013,BFI,WA,ANM,WE,Towers with Radar,30,67,86,2,185,0,54,392,0,446,30,121,478,2,631,194,0,194,825
07/27/2013,BFI,WA,ANM,WE,Towers with Radar,5,29,48,1,83,0,70,277,0,347,5,99,325,1,430,128,4,132,562
07/28/2013,BFI,WA,ANM,WE,Towers with Radar,9,61,95,0,165,0,28,199,2,229,9,89,294,2,394,132,0,132,526
07/29/2013,BFI,WA,ANM,WE,Towers with Radar,31,54,84,1,170,0,66,275,0,341,31,120,359,1,511,250,0,250,761
07/30/2013,BFI,WA,ANM,WE,Towers with Radar,29,79,92,2,202,0,122,255,1,378,29,201,347,3,580,206,0,206,786
07/31/2013,BFI,WA,ANM,WE,Towers with Radar,38,79,88,0,205,0,35,172,1,208,38,114,260,1,413,104,0,104,517
08/01/2013,BFI,WA,ANM,WE,Towers with Radar,38,81,96,6,221,0,44,249,4,297,38,125,345,10,518,246,0,246,764
08/02/2013,BFI,WA,ANM,WE,Towers with Radar,29,79,132,4,244,0,29,119,0,148,29,108,251,4,392,186,0,186,578
08/03/2013,BFI,WA,ANM,WE,Towers with Radar,13,30,44,2,89,0,31,242,1,274,13,61,286,3,363,130,0,130,493
08/04/2013,BFI,WA,ANM,WE,Towers with Radar,7,43,93,0,143,0,54,388,1,443,7,97,481,1,586,150,0,150,736
08/05/2013,BFI,WA,ANM,WE,Towers with Radar,20,50,82,0,152,0,95,293,0,388,20,145,375,0,540,262,0,262,802
08/06/2013,BFI,WA,ANM,WE,Towers with Radar,36,44,92,0,172,0,71,375,0,446,36,115,467,0,618,164,0,164,782
08/07/2013,BFI,WA,ANM,WE,Towers with Radar,45,56,80,3,184,0,111,428,1,540,45,167,508,4,724,314,0,314,1038
08/08/2013,BFI,WA,ANM,WE,Towers with Radar,33,70,94,2,199,0,162,356,4,522,33,232,450,6,721,266,12,278,999
08/09/2013,BFI,WA,ANM,WE,Towers with Radar,41,58,106,2,207,0,81,358,1,440,41,139,464,3,647,158,0,158,805
08/10/2013,BFI,WA,ANM,WE,Towers with Radar,7,57,74,0,138,1,32,191,2,226,8,89,265,2,364,110,0,110,474
08/11/2013,BFI,WA,ANM,WE,Towers with Radar,13,62,89,2,166,0,45,350,0,395,13,107,439,2,561,168,0,168,729
08/12/2013,BFI,WA,ANM,WE,Towers with Radar,39,50,79,0,168,0,96,308,0,404,39,146,387,0,572,234,0,234,806
08/13/2013,BFI,WA,ANM,WE,Towers with Radar,30,63,69,2,164,0,81,365,0,446,30,144,434,2,610,172,0,172,782
08/14/2013,BFI,WA,ANM,WE,Towers with Radar,31,64,93,1,189,0,113,366,0,479,31,177,459,1,668,267,0,267,935
08/15/2013,BFI,WA,ANM,WE,Towers with Radar,31,97,94,1,223,0,98,179,0,277,31,195,273,1,500,208,0,208,708
08/16/2013,BFI,WA,ANM,WE,Towers with Radar,39,61,84,4,188,0,56,301,0,357,39,117,385,4,545,132,0,132,677
08/17/2013,BFI,WA,ANM,WE,Towers with Radar,5,47,70,2,124,0,38,277,2,317,5,85,347,4,441,128,0,128,569
08/18/2013,BFI,WA,ANM,WE,Towers with Radar,2,55,89,1,147,0,47,338,0,385,2,102,427,1,532,140,0,140,672
08/19/2013,BFI,WA,ANM,WE,Towers with Radar,24,63,67,0,154,0,88,242,0,330,24,151,309,0,484,182,0,182,666
08/20/2013,BFI,WA,ANM,WE,Towers with Radar,29,56,91,5,181,0,114,357,2,473,29,170,448,7,654,138,0,138,792
08/21/2013,BFI,WA,ANM,WE,Towers with Radar,35,58,101,0,194,0,80,377,0,457,35,138,478,0,651,178,0,178,829
08/22/2013,BFI,WA,ANM,WE,Towers with Radar,38,53,74,5,170,0,132,392,1,525,38,185,466,6,695,168,18,186,881
08/23/2013,BFI,WA,ANM,WE,Towers with Radar,32,78,119,4,233,0,51,282,1,334,32,129,401,5,567,176,0,176,743
08/24/2013,BFI,WA,ANM,WE,Towers with Radar,6,37,53,6,102,0,23,318,1,342,6,60,371,7,444,118,0,118,562
08/25/2013,BFI,WA,ANM,WE,Towers with Radar,5,29,75,1,110,0,52,373,0,425,5,81,448,1,535,102,0,102,637
08/26/2013,BFI,WA,ANM,WE,Towers with Radar,27,51,65,0,143,0,39,198,0,237,27,90,263,0,380,106,0,106,486
08/27/2013,BFI,WA,ANM,WE,Towers with Radar,32,65,80,2,179,0,63,337,2,402,32,128,417,4,581,140,10,150,731
08/28/2013,BFI,WA,ANM,WE,Towers with Radar,37,62,84,0,183,0,45,380,1,426,37,107,464,1,609,250,8,258,867
08/29/2013,BFI,WA,ANM,WE,Towers with Radar,33,58,85,0,176,0,34,139,0,173,33,92,224,0,349,175,0,175,524
08/30/2013,BFI,WA,ANM,WE,Towers with Radar,30,53,90,1,174,0,55,338,1,394,30,108,428,2,568,214,2,216,784
08/31/2013,BFI,WA,ANM,WE,Towers with Radar,6,31,58,0,95,0,31,364,2,397,6,62,422,2,492,136,0,136,628
09/01/2013,BFI,WA,ANM,WE,Towers with Radar,2,37,72,0,111,0,39,281,1,321,2,76,353,1,432,188,0,188,620
09/02/2013,BFI,WA,ANM,WE,Towers with Radar,2,33,60,2,97,0,69,200,1,270,2,102,260,3,367,132,0,132,499
09/03/2013,BFI,WA,ANM,WE,Towers with Radar,25,49,86,3,163,0,77,171,0,248,25,126,257,3,411,92,0,92,503
09/04/2013,BFI,WA,ANM,WE,Towers with Radar,44,80,74,1,199,0,69,187,0,256,44,149,261,1,455,214,0,214,669
09/05/2013,BFI,WA,ANM,WE,Towers with Radar,38,69,83,0,190,0,28,77,0,105,38,97,160,0,295,62,0,62,357
09/06/2013,BFI,WA,ANM,WE,Towers with Radar,32,79,79,0,190,0,29,87,0,116,32,108,166,0,306,44,0,44,350
09/07/2013,BFI,WA,ANM,WE,Towers with Radar,4,26,59,2,91,0,24,221,0,245,4,50,280,2,336,180,10,190,526
09/08/2013,BFI,WA,ANM,WE,Towers with Radar,8,39,56,1,104,0,31,247,0,278,8,70,303,1,382,78,0,78,460
09/09/2013,BFI,WA,ANM,WE,Towers with Radar,31,40,107,0,178,0,77,214,1,292,31,117,321,1,470,162,0,162,632
09/10/2013,BFI,WA,ANM,WE,Towers with Radar,45,64,100,2,211,0,78,237,0,315,45,142,337,2,526,190,0,190,716
09/11/2013,BFI,WA,ANM,WE,Towers with Radar,35,51,83,0,169,0,63,378,2,443,35,114,461,2,612,108,0,108,720
09/12/2013,BFI,WA,ANM,WE,Towers with Radar,34,66,91,2,193,1,61,294,0,356,35,127,385,2,549,162,4,166,715
09/13/2013,BFI,WA,ANM,WE,Towers with Radar,32,90,142,1,265,0,6,89,1,96,32,96,231,2,361,142,0,142,503
09/14/2013,BFI,WA,ANM,WE,Towers with Radar,8,34,87,2,131,0,17,164,1,182,8,51,251,3,313,28,0,28,341
09/15/2013,BFI,WA,ANM,WE,Towers with Radar,11,59,108,2,180,0,2,29,1,32,11,61,137,3,212,18,0,18,230
09/16/2013,BFI,WA,ANM,WE,Towers with Radar,32,79,97,2,210,0,39,132,1,172,32,118,229,3,382,122,0,122,504
09/17/2013,BFI,WA,ANM,WE,Towers with Radar,34,79,89,3,205,0,88,192,0,280,34,167,281,3,485,280,0,280,765
09/18/2013,BFI,WA,ANM,WE,Towers with Radar,32,58,75,4,169,0,76,243,0,319,32,134,318,4,488,196,0,196,684
09/19/2013,BFI,WA,ANM,WE,Towers with Radar,43,57,72,2,174,0,118,411,1,530,43,175,483,3,704,208,0,208,912
09/20/2013,BFI,WA,ANM,WE,Towers with Radar,44,74,74,2,194,1,48,259,0,308,45,122,333,2,502,114,0,114,616
09/21/2013,BFI,WA,ANM,WE,Towers with Radar,8,42,53,5,108,0,20,210,1,231,8,62,263,6,339,34,0,34,373
09/22/2013,BFI,WA,ANM,WE,Towers with Radar,9,49,75,2,135,0,12,18,0,30,9,61,93,2,165,32,0,32,197
09/23/2013,BFI,WA,ANM,WE,Towers with Radar,31,63,55,0,149,0,25,139,1,165,31,88,194,1,314,66,0,66,380
09/24/2013,BFI,WA,ANM,WE,Towers with Radar,31,68,60,4,163,0,50,132,0,182,31,118,192,4,345,84,0,84,429
09/25/2013,BFI,WA,ANM,WE,Towers with Radar,37,67,70,4,178,0,35,190,0,225,37,102,260,4,403,112,0,112,515
09/26/2013,BFI,WA,ANM,WE,Towers with Radar,31,47,108,0,186,0,44,266,0,310,31,91,374,0,496,107,0,107,603
09/27/2013,BFI,WA,ANM,WE,Towers with Radar,33,85,86,2,206,0,25,75,0,100,33,110,161,2,306,100,0,100,406
09/28/2013,BFI,WA,ANM,WE,Towers with Radar,10,47,44,2,103,0,7,13,0,20,10,54,57,2,123,30,0,30,153
09/29/2013,BFI,WA,ANM,WE,Towers with Radar,7,37,60,0,104,0,6,12,0,18,7,43,72,0,122,16,0,16,138
09/30/2013,BFI,WA,ANM,WE,Towers with Radar,29,66,58,0,153,0,25,35,0,60,29,91,93,0,213,10,0,10,223
10/01/2013,BFI,WA,ANM,WE,Towers with Radar,35,67,68,2,172,0,59,124,0,183,35,126,192,2,355,76,0,76,431
10/02/2013,BFI,WA,ANM,WE,Towers with Radar,37,69,87,0,193,0,35,107,0,142,37,104,194,0,335,176,0,176,511
10/03/2013,BFI,WA,ANM,WE,Towers with Radar,40,61,72,2,175,0,49,185,0,234,40,110,257,2,409,154,0,154,563
10/04/2013,BFI,WA,ANM,WE,Towers with Radar,31,52,77,0,160,2,38,298,0,338,33,90,375,0,498,116,0,116,614
10/05/2013,BFI,WA,ANM,WE,Towers with Radar,12,30,57,1,100,0,28,300,0,328,12,58,357,1,428,102,0,102,530
10/06/2013,BFI,WA,ANM,WE,Towers with Radar,3,34,63,1,101,0,33,242,0,275,3,67,305,1,376,76,0,76,452
10/07/2013,BFI,WA,ANM,WE,Towers with Radar,31,67,79,0,177,1,29,98,0,128,32,96,177,0,305,62,0,62,367
10/08/2013,BFI,WA,ANM,WE,Towers with Radar,44,58,74,0,176,0,42,103,1,146,44,100,177,1,322,78,0,78,400
10/09/2013,BFI,WA,ANM,WE,Towers with Radar,37,55,85,0,177,0,65,273,0,338,37,120,358,0,515,178,0,178,693
10/10/2013,BFI,WA,ANM,WE,Towers with Radar,37,74,85,0,196,0,41,208,0,249,37,115,293,0,445,144,0,144,589
10/11/2013,BFI,WA,ANM,WE,Towers with Radar,31,85,132,0,248,0,20,153,0,173,31,105,285,0,421,72,0,72,493
10/12/2013,BFI,WA,ANM,WE,Towers with Radar,7,42,74,0,123,0,17,118,0,135,7,59,192,0,258,46,0,46,304
10/13/2013,BFI,WA,ANM,WE,Towers with Radar,5,58,98,0,161,0,11,283,0,294,5,69,381,0,455,130,0,130,585
10/14/2013,BFI,WA,ANM,WE,Towers with Radar,22,47,62,0,131,0,35,142,0,177,22,82,204,0,308,82,0,82,390
10/15/2013,BFI,WA,ANM,WE,Towers with Radar,33,58,70,0,161,0,48,180,0,228,33,106,250,0,389,112,0,112,501
10/16/2013,BFI,WA,ANM,WE,Towers with Radar,34,75,113,0,222,0,32,98,0,130,34,107,211,0,352,146,0,146,498
10/17/2013,BFI,WA,ANM,WE,Towers with Radar,36,59,89,0,184,0,44,253,0,297,36,103,342,0,481,116,0,116,597
10/18/2013,BFI,WA,ANM,WE,Towers with Radar,24,57,93,2,176,0,21,210,1,232,24,78,303,3,408,104,0,104,512
10/19/2013,BFI,WA,ANM,WE,Towers with Radar,8,34,56,1,99,0,0,9,0,9,8,34,65,1,108,62,0,62,170
10/20/2013,BFI,WA,ANM,WE,Towers with Radar,5,44,70,0,119,0,0,6,0,6,5,44,76,0,125,30,0,30,155
10/21/2013,BFI,WA,ANM,WE,Towers with Radar,30,68,87,0,185,0,0,15,0,15,30,68,102,0,200,0,0,0,200
10/22/2013,BFI,WA,ANM,WE,Towers with Radar,33,64,87,0,184,0,23,51,0,74,33,87,138,0,258,134,0,134,392
10/23/2013,BFI,WA,ANM,WE,Towers with Radar,30,45,70,0,145,0,9,86,0,95,30,54,156,0,240,140,0,140,380
10/24/2013,BFI,WA,ANM,WE,Towers with Radar,29,49,84,0,162,0,0,1,0,1,29,49,85,0,163,0,0,0,163
10/25/2013,BFI,WA,ANM,WE,Towers with Radar,34,80,89,0,203,0,18,60,0,78,34,98,149,0,281,62,0,62,343
10/26/2013,BFI,WA,ANM,WE,Towers with Radar,13,38,63,0,114,0,8,128,0,136,13,46,191,0,250,228,0,228,478
10/27/2013,BFI,WA,ANM,WE,Towers with Radar,7,37,64,0,108,0,12,53,0,65,7,49,117,0,173,36,0,36,209
10/28/2013,BFI,WA,ANM,WE,Towers with Radar,36,35,62,0,133,0,38,192,1,231,36,73,254,1,364,74,2,76,440
10/29/2013,BFI,WA,ANM,WE,Towers with Radar,41,56,84,8,189,1,42,313,2,358,42,98,397,10,547,128,0,128,675
10/30/2013,BFI,WA,ANM,WE,Towers with Radar,35,76,75,0,186,0,53,256,0,309,35,129,331,0,495,242,0,242,737
10/31/2013,BFI,WA,ANM,WE,Towers with Radar,36,73,70,1,180,0,11,63,0,74,36,84,133,1,254,92,0,92,346
11/01/2013,BFI,WA,ANM,WE,Towers with Radar,30,58,81,0,169,0,26,209,0,235,30,84,290,0,404,158,0,158,562
11/02/2013,BFI,WA,ANM,WE,Towers with Radar,6,24,40,1,71,0,12,9,0,21,6,36,49,1,92,2,0,2,94
11/03/2013,BFI,WA,ANM,WE,Towers with Radar,12,45,77,2,136,0,7,218,0,225,12,52,295,2,361,109,0,109,470
11/04/2013,BFI,WA,ANM,WE,Towers with Radar,25,58,59,2,144,0,28,170,0,198,25,86,229,2,342,144,0,144,486
11/05/2013,BFI,WA,ANM,WE,Towers with Radar,34,72,72,2,180,0,31,94,0,125,34,103,166,2,305,146,0,146,451
11/06/2013,BFI,WA,ANM,WE,Towers with Radar,38,58,60,4,160,0,25,184,1,210,38,83,244,5,370,164,0,164,534
11/07/2013,BFI,WA,ANM,WE,Towers with Radar,32,63,78,1,174,1,32,37,0,70,33,95,115,1,244,52,0,52,296
11/08/2013,BFI,WA,ANM,WE,Towers with Radar,34,66,70,1,171,0,38,233,0,271,34,104,303,1,442,130,0,130,572
11/09/2013,BFI,WA,ANM,WE,Towers with Radar,8,38,56,0,102,0,11,146,0,157,8,49,202,0,259,224,0,224,483
11/10/2013,BFI,WA,ANM,WE,Towers with Radar,9,35,61,0,105,0,16,123,2,141,9,51,184,2,246,112,0,112,358
11/11/2013,BFI,WA,ANM,WE,Towers with Radar,27,47,58,0,132,1,35,251,0,287,28,82,309,0,419,154,0,154,573
11/12/2013,BFI,WA,ANM,WE,Towers with Radar,41,66,73,4,184,0,34,97,0,131,41,100,170,4,315,226,0,226,541
11/13/2013,BFI,WA,ANM,WE,Towers with Radar,46,60,71,0,177,0,13,191,0,204,46,73,262,0,381,192,0,192,573
11/14/2013,BFI,WA,ANM,WE,Towers with Radar,39,74,89,1,203,0,25,90,0,115,39,99,179,1,318,118,0,118,436
11/15/2013,BFI,WA,ANM,WE,Towers with Radar,32,70,76,0,178,0,7,72,0,79,32,77,148,0,257,28,0,28,285
11/16/2013,BFI,WA,ANM,WE,Towers with Radar,12,42,40,2,96,0,15,196,0,211,12,57,236,2,307,136,0,136,443
11/17/2013,BFI,WA,ANM,WE,Towers with Radar,6,31,74,0,111,0,8,40,0,48,6,39,114,0,159,66,0,66,225
11/18/2013,BFI,WA,ANM,WE,Towers with Radar,25,70,82,0,177,0,16,8,0,24,25,86,90,0,201,0,0,0,201
11/19/2013,BFI,WA,ANM,WE,Towers with Radar,31,69,85,0,185,0,31,110,0,141,31,100,195,0,326,140,0,140,466
11/20/2013,BFI,WA,ANM,WE,Towers with Radar,35,54,60,3,152,0,47,269,6,322,35,101,329,9,474,211,26,237,711
11/21/2013,BFI,WA,ANM,WE,Towers with Radar,35,59,68,2,164,0,65,335,1,401,35,124,403,3,565,167,0,167,732
11/22/2013,BFI,WA,ANM,WE,Towers with Radar,32,62,93,3,190,0,31,332,0,363,32,93,425,3,553,224,2,226,779
11/23/2013,BFI,WA,ANM,WE,Towers with Radar,13,36,44,1,94,0,24,301,0,325,13,60,345,1,419,262,0,262,681
11/24/2013,BFI,WA,ANM,WE,Towers with Radar,7,31,43,11,92,0,27,176,0,203,7,58,219,11,295,168,0,168,463
11/25/2013,BFI,WA,ANM,WE,Towers with Radar,36,41,47,1,125,0,40,146,1,187,36,81,193,2,312,134,0,134,446
11/26/2013,BFI,WA,ANM,WE,Towers with Radar,47,43,71,8,169,0,74,139,1,214,47,117,210,9,383,182,0,182,565
11/27/2013,BFI,WA,ANM,WE,Towers with Radar,36,56,70,0,162,0,80,295,0,375,36,136,365,0,537,172,0,172,709
11/28/2013,BFI,WA,ANM,WE,Towers with Radar,6,11,27,0,44,0,1,0,0,1,6,12,27,0,45,0,0,0,45
11/29/2013,BFI,WA,ANM,WE,Towers with Radar,10,41,63,0,114,0,3,47,0,50,10,44,110,0,164,86,0,86,250
11/30/2013,BFI,WA,ANM,WE,Towers with Radar,4,62,54,0,120,0,6,132,0,138,4,68,186,0,258,226,0,226,484
12/01/2013,BFI,WA,ANM,WE,Towers with Radar,10,49,87,0,146,0,11,13,0,24,10,60,100,0,170,4,0,4,174
12/02/2013,BFI,WA,ANM,WE,Towers with Radar,27,56,117,2,202,0,41,119,0,160,27,97,236,2,362,69,0,69,431
12/03/2013,BFI,WA,ANM,WE,Towers with Radar,48,46,80,2,176,0,35,151,0,186,48,81,231,2,362,142,0,142,504
12/04/2013,BFI,WA,ANM,WE,Towers with Radar,35,45,77,1,158,0,75,228,0,303,35,120,305,1,461,191,0,191,652
12/05/2013,BFI,WA,ANM,WE,Towers with Radar,39,44,71,1,155,0,44,234,1,279,39,88,305,2,434,126,6,132,566
12/06/2013,BFI,WA,ANM,WE,Towers with Radar,36,48,89,3,176,0,41,204,1,246,36,89,293,4,422,116,10,126,548
12/07/2013,BFI,WA,ANM,WE,Towers with Radar,11,26,57,0,94,0,23,208,0,231,11,49,265,0,325,146,0,146,471
12/08/2013,BFI,WA,ANM,WE,Towers with Radar,12,30,55,0,97,0,22,158,1,181,12,52,213,1,278,120,0,120,398
12/09/2013,BFI,WA,ANM,WE,Towers with Radar,21,53,82,0,156,0,28,79,0,107,21,81,161,0,263,124,0,124,387
12/10/2013,BFI,WA,ANM,WE,Towers with Radar,49,51,68,0,168,0,57,87,4,148,49,108,155,4,316,198,0,198,514
12/11/2013,BFI,WA,ANM,WE,Towers with Radar,47,52,77,6,182,0,20,158,0,178,47,72,235,6,360,120,0,120,480
12/12/2013,BFI,WA,ANM,WE,Towers with Radar,32,36,105,4,177,0,20,84,0,104,32,56,189,4,281,132,0,132,413
12/13/2013,BFI,WA,ANM,WE,Towers with Radar,30,60,76,1,167,0,5,7,0,12,30,65,83,1,179,2,0,2,181
12/14/2013,BFI,WA,ANM,WE,Towers with Radar,15,36,40,0,91,0,16,135,0,151,15,52,175,0,242,100,0,100,342
12/15/2013,BFI,WA,ANM,WE,Towers with Radar,11,24,59,0,94,0,7,40,0,47,11,31,99,0,141,44,0,44,185
12/16/2013,BFI,WA,ANM,WE,Towers with Radar,38,51,75,0,164,1,14,83,0,98,39,65,158,0,262,66,0,66,328
12/17/2013,BFI,WA,ANM,WE,Towers with Radar,51,57,86,0,194,0,2,3,0,5,51,59,89,0,199,0,0,0,199
12/18/2013,BFI,WA,ANM,WE,Towers with Radar,50,53,71,0,174,0,47,84,0,131,50,100,155,0,305,206,10,216,521
12/19/2013,BFI,WA,ANM,WE,Towers with Radar,52,32,85,0,169,1,47,320,1,369,53,79,405,1,538,220,0,220,758
12/20/2013,BFI,WA,ANM,WE,Towers with Radar,38,66,95,0,199,0,1,6,0,7,38,67,101,0,206,0,0,0,206
12/21/2013,BFI,WA,ANM,WE,Towers with Radar,19,58,60,1,138,0,0,0,0,0,19,58,60,1,138,0,0,0,138
12/22/2013,BFI,WA,ANM,WE,Towers with Radar,13,33,60,1,107,0,0,0,0,0,13,33,60,1,107,0,0,0,107
12/23/2013,BFI,WA,ANM,WE,Towers with Radar,35,57,48,0,140,1,37,75,0,113,36,94,123,0,253,96,0,96,349
12/24/2013,BFI,WA,ANM,WE,Towers with Radar,26,45,24,0,95,0,34,89,0,123,26,79,113,0,218,146,0,146,364
12/25/2013,BFI,WA,ANM,WE,Towers with Radar,5,21,12,0,38,0,3,27,0,30,5,24,39,0,68,78,0,78,146
12/26/2013,BFI,WA,ANM,WE,Towers with Radar,11,60,70,0,141,0,12,74,0,86,11,72,144,0,227,150,0,150,377
12/27/2013,BFI,WA,ANM,WE,Towers with Radar,16,56,50,0,122,0,15,112,0,127,16,71,162,0,249,90,0,90,339
12/28/2013,BFI,WA,ANM,WE,Towers with Radar,5,54,59,0,118,0,5,68,0,73,5,59,127,0,191,212,0,212,403
12/29/2013,BFI,WA,ANM,WE,Towers with Radar,5,32,61,2,100,0,4,48,0,52,5,36,109,2,152,12,0,12,164
12/30/2013,BFI,WA,ANM,WE,Towers with Radar,13,39,47,0,99,0,41,47,2,90,13,80,94,2,189,88,2,90,279
12/31/2013,BFI,WA,ANM,WE,Towers with Radar,22,46,41,0,109,0,6,10,0,16,22,52,51,0,125,0,0,0,125
01/01/2014,BFI,WA,ANM,WE,Towers with Radar,0,25,39,0,64,0,1,32,0,33,0,26,71,0,97,38,0,38,135
01/02/2014,BFI,WA,ANM,WE,Towers with Radar,25,49,40,0,114,0,10,125,0,135,25,59,165,0,249,74,0,74,323
01/03/2014,BFI,WA,ANM,WE,Towers with Radar,31,60,52,2,145,0,15,196,0,211,31,75,248,2,356,180,0,180,536
01/04/2014,BFI,WA,ANM,WE,Towers with Radar,8,44,51,0,103,1,16,336,0,353,9,60,387,0,456,242,0,242,698
01/05/2014,BFI,WA,ANM,WE,Towers with Radar,8,36,60,1,105,0,13,140,0,153,8,49,200,1,258,162,0,162,420
01/06/2014,BFI,WA,ANM,WE,Towers with Radar,27,57,32,1,117,0,32,102,0,134,27,89,134,1,251,94,0,94,345
01/07/2014,BFI,WA,ANM,WE,Towers with Radar,36,72,56,2,166,0,16,17,0,33,36,88,73,2,199,12,0,12,211
01/08/2014,BFI,WA,ANM,WE,Towers with Radar,40,49,49,0,138,0,14,38,0,52,40,63,87,0,190,48,0,48,238
01/09/2014,BFI,WA,ANM,WE,Towers with Radar,38,75,77,0,190,0,20,40,0,60,38,95,117,0,250,24,0,24,274
01/10/2014,BFI,WA,ANM,WE,Towers with Radar,42,77,68,0,187,0,15,84,0,99,42,92,152,0,286,12,2,14,300
01/11/2014,BFI,WA,ANM,WE,Towers with Radar,9,41,57,0,107,0,6,2,4,12,9,47,59,4,119,0,0,0,119
01/12/2014,BFI,WA,ANM,WE,Towers with Radar,8,33,63,0,104,0,8,24,0,32,8,41,87,0,136,14,0,14,150
01/13/2014,BFI,WA,ANM,WE,Towers with Radar,29,58,57,0,144,0,43,27,5,75,29,101,84,5,219,80,0,80,299
01/14/2014,BFI,WA,ANM,WE,Towers with Radar,39,60,80,0,179,0,45,156,4,205,39,105,236,4,384,206,0,206,590
01/15/2014,BFI,WA,ANM,WE,Towers with Radar,37,57,93,0,187,0,45,199,1,245,37,102,292,1,432,184,0,184,616
01/16/2014,BFI,WA,ANM,WE,Towers with Radar,37,67,106,0,210,0,6,9,0,15,37,73,115,0,225,0,0,0,225
01/17/2014,BFI,WA,ANM,WE,Towers with Radar,34,65,89,4,192,0,3,11,0,14,34,68,100,4,206,44,18,62,268
01/18/2014,BFI,WA,ANM,WE,Towers with Radar,15,31,68,0,114,0,7,123,0,130,15,38,191,0,244,124,0,124,368
01/19/2014,BFI,WA,ANM,WE,Towers with Radar,8,69,141,0,218,0,1,0,0,1,8,70,141,0,219,0,0,0,219
01/20/2014,BFI,WA,ANM,WE,Towers with Radar,27,67,112,2,208,0,46,156,0,202,27,113,268,2,410,130,0,130,540
01/21/2014,BFI,WA,ANM,WE,Towers with Radar,37,59,72,0,168,0,36,111,0,147,37,95,183,0,315,112,0,112,427
01/22/2014,BFI,WA,ANM,WE,Towers with Radar,38,68,87,0,193,0,7,63,0,70,38,75,150,0,263,54,0,54,317
01/23/2014,BFI,WA,ANM,WE,Towers with Radar,36,54,74,2,166,0,27,157,1,185,36,81,231,3,351,166,18,184,535
01/24/2014,BFI,WA,ANM,WE,Towers with Radar,30,63,77,2,172,0,22,289,0,311,30,85,366,2,483,184,0,184,667
01/25/2014,BFI,WA,ANM,WE,Towers with Radar,7,28,46,0,81,0,13,167,0,180,7,41,213,0,261,79,0,79,340
01/26/2014,BFI,WA,ANM,WE,Towers with Radar,7,31,60,1,99,0,10,124,3,137,7,41,184,4,236,94,0,94,330
01/27/2014,BFI,WA,ANM,WE,Towers with Radar,20,58,54,5,137,0,20,35,2,57,20,78,89,7,194,108,0,108,302
01/28/2014,BFI,WA,ANM,WE,Towers with Radar,33,55,55,0,143,0,17,74,0,91,33,72,129,0,234,140,0,140,374
01/29/2014,BFI,WA,ANM,WE,Towers with Radar,36,55,75,1,167,0,23,27,1,51,36,78,102,2,218,60,2,62,280
01/30/2014,BFI,WA,ANM,WE,Towers with Radar,36,71,69,0,176,0,22,103,2,127,36,93,172,2,303,110,0,110,413
01/31/2014,BFI,WA,ANM,WE,Towers with Radar,41,57,85,0,183,0,22,122,0,144,41,79,207,0,327,98,0,98,425
02/01/2014,BFI,WA,ANM,WE,Towers with Radar,9,30,30,0,69,0,15,142,0,157,9,45,172,0,226,110,0,110,336
02/02/2014,BFI,WA,ANM,WE,Towers with Radar,3,27,46,0,76,0,13,92,0,105,3,40,138,0,181,28,0,28,209
02/03/2014,BFI,WA,ANM,WE,Towers with Radar,31,46,80,0,157,0,34,124,0,158,31,80,204,0,315,66,0,66,381
02/04/2014,BFI,WA,ANM,WE,Towers with Radar,48,64,109,3,224,3,34,156,0,193,51,98,265,3,417,136,0,136,553
02/05/2014,BFI,WA,ANM,WE,Towers with Radar,43,44,54,0,141,0,44,216,0,260,43,88,270,0,401,112,0,112,513
02/06/2014,BFI,WA,ANM,WE,Towers with Radar,43,44,74,0,161,0,38,147,0,185,43,82,221,0,346,152,0,152,498
02/07/2014,BFI,WA,ANM,WE,Towers with Radar,37,65,68,0,170,0,26,191,0,217,37,91,259,0,387,134,0,134,521
02/08/2014,BFI,WA,ANM,WE,Towers with Radar,7,26,39,3,75,0,25,163,0,188,7,51,202,3,263,102,2,104,367
02/09/2014,BFI,WA,ANM,WE,Towers with Radar,7,37,46,1,91,0,2,14,0,16,7,39,60,1,107,26,0,26,133
02/10/2014,BFI,WA,ANM,WE,Towers with Radar,32,75,61,0,168,0,36,35,4,75,32,111,96,4,243,0,4,4,247
02/11/2014,BFI,WA,ANM,WE,Towers with Radar,42,79,66,0,187,0,21,85,0,106,42,100,151,0,293,152,0,152,445
02/12/2014,BFI,WA,ANM,WE,Towers with Radar,46,59,60,0,165,0,34,88,3,125,46,93,148,3,290,68,4,72,362
02/13/2014,BFI,WA,ANM,WE,Towers with Radar,48,56,87,1,192,0,33,107,2,142,48,89,194,3,334,58,0,58,392
02/14/2014,BFI,WA,ANM,WE,Towers with Radar,35,67,86,1,189,0,15,70,0,85,35,82,156,1,274,38,0,38,312
02/15/2014,BFI,WA,ANM,WE,Towers with Radar,6,37,57,0,100,0,12,88,0,100,6,49,145,0,200,138,0,138,338
02/16/2014,BFI,WA,ANM,WE,Towers with Radar,4,29,31,1,65,0,4,27,0,31,4,33,58,1,96,44,0,44,140
02/17/2014,BFI,WA,ANM,WE,Towers with Radar,22,54,70,2,148,0,40,48,0,88,22,94,118,2,236,116,0,116,352
02/18/2014,BFI,WA,ANM,WE,Towers with Radar,39,57,59,0,155,0,13,37,0,50,39,70,96,0,205,80,0,80,285
02/19/2014,BFI,WA,ANM,WE,Towers with Radar,39,71,69,0,179,0,25,150,0,175,39,96,219,0,354,162,0,162,516
02/20/2014,BFI,WA,ANM,WE,Towers with Radar,41,64,64,1,170,0,27,107,0,134,41,91,171,1,304,86,0,86,390
02/21/2014,BFI,WA,ANM,WE,Towers with Radar,28,53,65,0,146,0,10,134,0,144,28,63,199,0,290,294,0,294,584
02/22/2014,BFI,WA,ANM,WE,Towers with Radar,5,41,48,0,94,0,3,41,0,44,5,44,89,0,138,128,0,128,266
02/23/2014,BFI,WA,ANM,WE,Towers with Radar,5,46,67,1,119,0,2,62,0,64,5,48,129,1,183,110,0,110,293
02/24/2014,BFI,WA,ANM,WE,Towers with Radar,26,65,46,0,137,0,0,1,0,1,26,65,47,0,138,16,0,16,154
02/25/2014,BFI,WA,ANM,WE,Towers with Radar,35,66,80,4,185,0,77,187,0,264,35,143,267,4,449,250,26,276,725
02/26/2014,BFI,WA,ANM,WE,Towers with Radar,45,58,79,5,187,0,48,251,0,299,45,106,330,5,486,142,0,142,628
02/27/2014,BFI,WA,ANM,WE,Towers with Radar,34,42,83,6,165,0,35,181,0,216,34,77,264,6,381,70,0,70,451
02/28/2014,BFI,WA,ANM,WE,Towers with Radar,39,60,88,5,192,0,38,224,2,264,39,98,312,7,456,72,0,72,528
03/01/2014,BFI,WA,ANM,WE,Towers with Radar,6,33,49,2,90,0,20,87,0,107,6,53,136,2,197,80,0,80,277
03/02/2014,BFI,WA,ANM,WE,Towers with Radar,4,48,50,0,102,0,4,2,0,6,4,52,52,0,108,0,0,0,108
03/03/2014,BFI,WA,ANM,WE,Towers with Radar,25,61,65,0,151,0,29,44,0,73,25,90,109,0,224,58,0,58,282
03/04/2014,BFI,WA,ANM,WE,Towers with Radar,44,72,71,0,187,0,7,34,0,41,44,79,105,0,228,54,0,54,282
03/05/2014,BFI,WA,ANM,WE,Towers with Radar,34,70,71,3,178,0,20,59,0,79,34,90,130,3,257,152,0,152,409
03/06/2014,BFI,WA,ANM,WE,Towers with Radar,43,71,56,1,171,0,24,58,0,82,43,95,114,1,253,28,0,28,281
03/07/2014,BFI,WA,ANM,WE,Towers with Radar,34,57,101,5,197,0,19,183,0,202,34,76,284,5,399,236,0,236,635
03/08/2014,BFI,WA,ANM,WE,Towers with Radar,5,32,59,0,96,0,9,147,0,156,5,41,206,0,252,58,0,58,310
03/09/2014,BFI,WA,ANM,WE,Towers with Radar,4,45,78,0,127,0,8,216,0,224,4,53,294,0,351,126,0,126,477
03/10/2014,BFI,WA,ANM,WE,Towers with Radar,28,58,62,0,148,0,23,97,0,120,28,81,159,0,268,182,0,182,450
03/11/2014,BFI,WA,ANM,WE,Towers with Radar,41,46,66,0,153,0,85,167,1,253,41,131,233,1,406,154,0,154,560
03/12/2014,BFI,WA,ANM,WE,Towers with Radar,42,49,98,2,191,0,45,286,0,331,42,94,384,2,522,208,0,208,730
03/13/2014,BFI,WA,ANM,WE,Towers with Radar,41,67,64,0,172,0,45,308,0,353,41,112,372,0,525,158,2,160,685
03/14/2014,BFI,WA,ANM,WE,Towers with Radar,35,54,86,6,181,0,34,109,1,144,35,88,195,7,325,24,0,24,349
03/15/2014,BFI,WA,ANM,WE,Towers with Radar,10,40,44,0,94,0,12,143,0,155,10,52,187,0,249,174,0,174,423
03/16/2014,BFI,WA,ANM,WE,Towers with Radar,5,47,66,0,118,0,0,13,0,13,5,47,79,0,131,46,0,46,177
03/17/2014,BFI,WA,ANM,WE,Towers with Radar,33,50,55,0,138,0,57,147,3,207,33,107,202,3,345,120,0,120,465
03/18/2014,BFI,WA,ANM,WE,Towers with Radar,42,66,87,6,201,0,26,123,3,152,42,92,210,9,353,106,0,106,459
03/19/2014,BFI,WA,ANM,WE,Towers with Radar,45,82,89,0,216,0,46,91,0,137,45,128,180,0,353,99,0,99,452
03/20/2014,BFI,WA,ANM,WE,Towers with Radar,42,65,94,0,201,0,77,233,2,312,42,142,327,2,513,264,0,264,777
03/21/2014,BFI,WA,ANM,WE,Towers with Radar,43,48,72,2,165,0,27,268,0,295,43,75,340,2,460,198,0,198,658
03/22/2014,BFI,WA,ANM,WE,Towers with Radar,12,21,47,2,82,0,37,237,2,276,12,58,284,4,358,134,0,134,492
03/23/2014,BFI,WA,ANM,WE,Towers with Radar,13,28,65,0,106,0,32,263,1,296,13,60,328,1,402,92,0,92,494
03/24/2014,BFI,WA,ANM,WE,Towers with Radar,36,52,67,4,159,0,70,233,0,303,36,122,300,4,462,140,0,140,602
03/25/2014,BFI,WA,ANM,WE,Towers with Radar,42,53,69,2,166,0,31,96,2,129,42,84,165,4,295,58,6,64,359
03/26/2014,BFI,WA,ANM,WE,Towers with Radar,41,63,77,0,181,0,33,117,0,150,41,96,194,0,331,154,0,154,485
03/27/2014,BFI,WA,ANM,WE,Towers with Radar,38,57,91,0,186,0,43,132,1,176,38,100,223,1,362,154,0,154,516
03/28/2014,BFI,WA,ANM,WE,Towers with Radar,33,66,71,0,170,0,23,74,0,97,33,89,145,0,267,102,0,102,369
03/29/2014,BFI,WA,ANM,WE,Towers with Radar,13,44,47,0,104,0,13,48,0,61,13,57,95,0,165,48,0,48,213
03/30/2014,BFI,WA,ANM,WE,Towers with Radar,7,34,58,0,99,0,15,100,0,115,7,49,158,0,214,174,0,174,388
03/31/2014,BFI,WA,ANM,WE,Towers with Radar,24,44,41,0,109,0,65,203,0,268,24,109,244,0,377,184,0,184,561
04/01/2014,BFI,WA,ANM,WE,Towers with Radar,41,61,78,3,183,0,37,235,5,277,41,98,313,8,460,272,0,272,732
04/02/2014,BFI,WA,ANM,WE,Towers with Radar,36,60,95,4,195,0,52,232,2,286,36,112,327,6,481,172,0,172,653
04/03/2014,BFI,WA,ANM,WE,Towers with Radar,36,62,84,3,185,0,38,126,1,165,36,100,210,4,350,22,0,22,372
04/04/2014,BFI,WA,ANM,WE,Towers with Radar,33,66,61,0,160,0,32,152,0,184,33,98,213,0,344,140,0,140,484
04/05/2014,BFI,WA,ANM,WE,Towers with Radar,5,43,31,0,79,0,15,101,0,116,5,58,132,0,195,122,0,122,317
04/06/2014,BFI,WA,ANM,WE,Towers with Radar,5,41,53,1,100,0,7,107,0,114,5,48,160,1,214,138,0,138,352
04/07/2014,BFI,WA,ANM,WE,Towers with Radar,31,35,45,1,112,0,68,205,0,273,31,103,250,1,385,190,0,190,575
04/08/2014,BFI,WA,ANM,WE,Towers with Radar,34,47,79,0,160,0,33,103,0,136,34,80,182,0,296,126,0,126,422
04/09/2014,BFI,WA,ANM,WE,Towers with Radar,40,44,58,1,143,0,32,263,1,296,40,76,321,2,439,138,2,140,579
04/10/2014,BFI,WA,ANM,WE,Towers with Radar,38,47,72,2,159,0,45,305,0,350,38,92,377,2,509,213,0,213,722
04/11/2014,BFI,WA,ANM,WE,Towers with Radar,37,47,73,2,159,0,37,267,1,305,37,84,340,3,464,88,0,88,552
04/12/2014,BFI,WA,ANM,WE,Towers with Radar,14,29,62,1,106,0,24,229,2,255,14,53,291,3,361,118,0,118,479
04/13/2014,BFI,WA,ANM,WE,Towers with Radar,12,22,73,2,109,0,29,320,1,350,12,51,393,3,459,100,0,100,559
04/14/2014,BFI,WA,ANM,WE,Towers with Radar,38,50,57,0,145,0,73,189,0,262,38,123,246,0,407,148,0,148,555
04/15/2014,BFI,WA,ANM,WE,Towers with Radar,53,55,60,8,176,0,46,156,0,202,53,101,216,8,378,172,0,172,550
04/16/2014,BFI,WA,ANM,WE,Towers with Radar,37,72,101,0,210,0,23,57,1,81,37,95,158,1,291,88,0,88,379
04/17/2014,BFI,WA,ANM,WE,Towers with Radar,34,78,68,0,180,0,7,49,0,56,34,85,117,0,236,4,0,4,240
04/18/2014,BFI,WA,ANM,WE,Towers with Radar,33,54,65,0,152,0,28,242,2,272,33,82,307,2,424,187,0,187,611
04/19/2014,BFI,WA,ANM,WE,Towers with Radar,10,40,39,1,90,0,15,33,6,54,10,55,72,7,144,30,0,30,174
04/20/2014,BFI,WA,ANM,WE,Towers with Radar,7,38,51,0,96,0,17,176,0,193,7,55,227,0,289,58,0,58,347
04/21/2014,BFI,WA,ANM,WE,Towers with Radar,27,53,79,0,159,0,35,174,0,209,27,88,253,0,368,80,0,80,448
04/22/2014,BFI,WA,ANM,WE,Towers with Radar,38,66,85,0,189,0,44,52,0,96,38,110,137,0,285,158,0,158,443
04/23/2014,BFI,WA,ANM,WE,Towers with Radar,59,64,92,2,217,0,64,124,0,188,59,128,216,2,405,120,0,120,525
04/24/2014,BFI,WA,ANM,WE,Towers with Radar,52,63,82,0,197,0,26,81,0,107,52,89,163,0,304,14,0,14,318
04/25/2014,BFI,WA,ANM,WE,Towers with Radar,40,52,89,0,181,0,33,244,2,279,40,85,333,2,460,116,2,118,578
04/26/2014,BFI,WA,ANM,WE,Towers with Radar,11,38,42,0,91,0,16,166,1,183,11,54,208,1,274,136,0,136,410
04/27/2014,BFI,WA,ANM,WE,Towers with Radar,11,49,54,0,114,0,22,80,0,102,11,71,134,0,216,108,0,108,324
04/28/2014,BFI,WA,ANM,WE,Towers with Radar,29,40,54,2,125,0,68,224,0,292,29,108,278,2,417,113,0,113,530
04/29/2014,BFI,WA,ANM,WE,Towers with Radar,46,46,65,0,157,0,117,311,0,428,46,163,376,0,585,222,0,222,807
04/30/2014,BFI,WA,ANM,WE,Towers with Radar,54,53,70,2,179,0,50,421,0,471,54,103,491,2,650,312,0,312,962
05/01/2014,BFI,WA,ANM,WE,Towers with Radar,37,62,71,0,170,0,84,366,1,451,37,146,437,1,621,172,0,172,793
05/02/2014,BFI,WA,ANM,WE,Towers with Radar,41,59,83,0,183,0,45,314,4,363,41,104,397,4,546,249,4,253,799
05/03/2014,BFI,WA,ANM,WE,Towers with Radar,6,34,39,0,79,0,14,102,0,116,6,48,141,0,195,78,0,78,273
05/04/2014,BFI,WA,ANM,WE,Towers with Radar,9,38,70,0,117,0,17,82,0,99,9,55,152,0,216,76,0,76,292
05/05/2014,BFI,WA,ANM,WE,Towers with Radar,29,54,109,0,192,0,46,93,0,139,29,100,202,0,331,120,0,120,451
05/06/2014,BFI,WA,ANM,WE,Towers with Radar,43,75,69,1,188,0,63,230,3,296,43,138,299,4,484,204,0,204,688
05/07/2014,BFI,WA,ANM,WE,Towers with Radar,49,76,98,1,224,0,82,316,0,398,49,158,414,1,622,258,0,258,880
05/08/2014,BFI,WA,ANM,WE,Towers with Radar,39,67,110,0,216,0,45,68,2,115,39,112,178,2,331,72,0,72,403
05/09/2014,BFI,WA,ANM,WE,Towers with Radar,40,80,80,11,211,0,21,122,0,143,40,101,202,11,354,32,0,32,386
05/10/2014,BFI,WA,ANM,WE,Towers with Radar,17,54,35,0,106,0,22,192,0,214,17,76,227,0,320,206,0,206,526
05/11/2014,BFI,WA,ANM,WE,Towers with Radar,11,35,47,1,94,0,26,252,1,279,11,61,299,2,373,200,0,200,573
05/12/2014,BFI,WA,ANM,WE,Towers with Radar,24,48,76,5,153,0,53,261,1,315,24,101,337,6,468,164,0,164,632
05/13/2014,BFI,WA,ANM,WE,Towers with Radar,40,58,85,2,185,0,61,279,0,340,40,119,364,2,525,280,0,280,805
05/14/2014,BFI,WA,ANM,WE,Towers with Radar,43,56,88,3,190,0,60,337,0,397,43,116,425,3,587,150,0,150,737
05/15/2014,BFI,WA,ANM,WE,Towers with Radar,39,83,110,2,234,0,38,325,3,366,39,121,435,5,600,172,0,172,772
05/16/2014,BFI,WA,ANM,WE,Towers with Radar,39,73,105,5,222,1,21,276,0,298,40,94,381,5,520,254,0,254,774
05/17/2014,BFI,WA,ANM,WE,Towers with Radar,9,46,47,0,102,0,9,150,2,161,9,55,197,2,263,248,0,248,511
05/18/2014,BFI,WA,ANM,WE,Towers with Radar,12,45,54,2,113,0,31,145,0,176,12,76,199,2,289,166,0,166,455
05/19/2014,BFI,WA,ANM,WE,Towers with Radar,31,64,74,0,169,0,46,224,1,271,31,110,298,1,440,280,0,280,720
05/20/2014,BFI,WA,ANM,WE,Towers with Radar,49,67,69,7,192,1,56,234,3,294,50,123,303,10,486,184,12,196,682
05/21/2014,BFI,WA,ANM,WE,Towers with Radar,35,63,96,3,197,0,41,275,3,319,35,104,371,6,516,171,0,171,687
05/22/2014,BFI,WA,ANM,WE,Towers with Radar,36,62,88,0,186,0,87,422,5,514,36,149,510,5,700,264,0,264,964
05/23/2014,BFI,WA,ANM,WE,Towers with Radar,34,96,102,0,232,0,25,135,0,160,34,121,237,0,392,104,0,104,496
05/24/2014,BFI,WA,ANM,WE,Towers with Radar,4,44,68,2,118,0,11,174,1,186,4,55,242,3,304,82,0,82,386
05/25/2014,BFI,WA,ANM,WE,Towers with Radar,1,53,47,2,103,0,14,122,0,136,1,67,169,2,239,106,0,106,345
05/26/2014,BFI,WA,ANM,WE,Towers with Radar,7,50,74,1,132,0,34,183,0,217,7,84,257,1,349,154,0,154,503
05/27/2014,BFI,WA,ANM,WE,Towers with Radar,28,58,70,2,158,0,79,258,5,342,28,137,328,7,500,176,0,176,676
05/28/2014,BFI,WA,ANM,WE,Towers with Radar,33,58,69,0,160,0,55,145,0,200,33,113,214,0,360,90,0,90,450
05/29/2014,BFI,WA,ANM,WE,Towers with Radar,47,71,79,2,199,0,27,96,2,125,47,98,175,4,324,85,0,85,409
05/30/2014,BFI,WA,ANM,WE,Towers with Radar,33,53,85,2,173,0,52,311,0,363,33,105,396,2,536,152,1,153,689
05/31/2014,BFI,WA,ANM,WE,Towers with Radar,10,26,34,6,76,0,59,248,6,313,10,85,282,12,389,122,0,122,511
06/01/2014,BFI,WA,ANM,WE,Towers with Radar,10,48,82,3,143,0,19,273,2,294,10,67,355,5,437,260,0,260,697
06/02/2014,BFI,WA,ANM,WE,Towers with Radar,25,54,84,0,163,0,36,168,2,206,25,90,252,2,369,140,0,140,509
06/03/2014,BFI,WA,ANM,WE,Towers with Radar,35,72,103,2,212,0,25,200,0,225,35,97,303,2,437,176,0,176,613
06/04/2014,BFI,WA,ANM,WE,Towers with Radar,36,67,100,0,203,0,31,238,0,269,36,98,338,0,472,190,0,190,662
06/05/2014,BFI,WA,ANM,WE,Towers with Radar,37,62,97,2,198,0,36,323,0,359,37,98,420,2,557,118,0,118,675
06/06/2014,BFI,WA,ANM,WE,Towers with Radar,35,57,93,5,190,0,46,299,1,346,35,103,392,6,536,128,0,128,664
06/07/2014,BFI,WA,ANM,WE,Towers with Radar,7,27,51,5,90,0,37,284,1,322,7,64,335,6,412,130,2,132,544
06/08/2014,BFI,WA,ANM,WE,Towers with Radar,5,42,79,7,133,0,33,217,1,251,5,75,296,8,384,158,0,158,542
06/09/2014,BFI,WA,ANM,WE,Towers with Radar,32,49,77,2,160,0,50,199,1,250,32,99,276,3,410,192,0,192,602
06/10/2014,BFI,WA,ANM,WE,Towers with Radar,37,53,84,10,184,0,50,213,3,266,37,103,297,13,450,166,0,166,616
06/11/2014,BFI,WA,ANM,WE,Towers with Radar,44,57,104,0,205,0,55,261,2,318,44,112,365,2,523,152,0,152,675
06/12/2014,BFI,WA,ANM,WE,Towers with Radar,39,62,103,8,212,0,41,241,0,282,39,103,344,8,494,76,0,76,570
06/13/2014,BFI,WA,ANM,WE,Towers with Radar,33,69,97,4,203,0,25,93,0,118,33,94,190,4,321,52,0,52,373
06/14/2014,BFI,WA,ANM,WE,Towers with Radar,10,48,52,2,112,0,7,163,1,171,10,55,215,3,283,182,0,182,465
06/15/2014,BFI,WA,ANM,WE,Towers with Radar,9,40,83,1,133,0,14,113,0,127,9,54,196,1,260,84,0,84,344
06/16/2014,BFI,WA,ANM,WE,Towers with Radar,33,57,85,0,175,0,54,87,0,141,33,111,172,0,316,98,0,98,414
06/17/2014,BFI,WA,ANM,WE,Towers with Radar,40,57,78,0,175,0,82,177,0,259,40,139,255,0,434,168,0,168,602
06/18/2014,BFI,WA,ANM,WE,Towers with Radar,44,71,82,7,204,1,50,270,0,321,45,121,352,7,525,181,0,181,706
06/19/2014,BFI,WA,ANM,WE,Towers with Radar,39,51,103,1,194,0,49,374,0,423,39,100,477,1,617,140,0,140,757
06/20/2014,BFI,WA,ANM,WE,Towers with Radar,42,70,100,0,212,0,70,234,0,304,42,140,334,0,516,108,0,108,624
06/21/2014,BFI,WA,ANM,WE,Towers with Radar,5,34,39,4,82,0,48,355,3,406,5,82,394,7,488,154,0,154,642
06/22/2014,BFI,WA,ANM,WE,Towers with Radar,9,27,59,2,97,0,45,304,0,349,9,72,363,2,446,92,0,92,538
06/23/2014,BFI,WA,ANM,WE,Towers with Radar,31,47,75,1,154,0,75,177,1,253,31,122,252,2,407,134,0,134,541
06/24/2014,BFI,WA,ANM,WE,Towers with Radar,38,78,96,1,213,0,64,160,0,224,38,142,256,1,437,140,0,140,577
06/25/2014,BFI,WA,ANM,WE,Towers with Radar,36,60,93,2,191,0,37,262,1,300,36,97,355,3,491,177,0,177,668
06/26/2014,BFI,WA,ANM,WE,Towers with Radar,38,61,84,1,184,1,57,219,0,277,39,118,303,1,461,120,32,152,613
06/27/2014,BFI,WA,ANM,WE,Towers with Radar,25,67,82,9,183,0,53,151,4,208,25,120,233,13,391,110,4,114,505
06/28/2014,BFI,WA,ANM,WE,Towers with Radar,6,48,58,0,112,0,12,128,1,141,6,60,186,1,253,168,0,168,421
06/29/2014,BFI,WA,ANM,WE,Towers with Radar,8,55,78,2,143,0,27,229,6,262,8,82,307,8,405,186,0,186,591
06/30/2014,BFI,WA,ANM,WE,Towers with Radar,24,51,63,0,138,0,75,240,4,319,24,126,303,4,457,206,0,206,663
07/01/2014,BFI,WA,ANM,WE,Towers with Radar,29,56,71,0,156,0,106,299,3,408,29,162,370,3,564,164,0,164,728
07/02/2014,BFI,WA,ANM,WE,Towers with Radar,47,52,59,3,161,0,65,290,0,355,47,117,349,3,516,144,0,144,660
07/03/2014,BFI,WA,ANM,WE,Towers with Radar,36,76,98,0,210,0,89,389,0,478,36,165,487,0,688,154,0,154,842
07/04/2014,BFI,WA,ANM,WE,Towers with Radar,6,20,52,1,79,0,58,242,0,300,6,78,294,1,379,44,0,44,423
07/05/2014,BFI,WA,ANM,WE,Towers with Radar,5,29,37,0,71,0,44,222,0,266,5,73,259,0,337,54,0,54,391
07/06/2014,BFI,WA,ANM,WE,Towers with Radar,6,40,88,0,134,0,57,359,0,416,6,97,447,0,550,134,0,134,684
07/07/2014,BFI,WA,ANM,WE,Towers with Radar,23,53,75,3,154,0,89,181,0,270,23,142,256,3,424,154,0,154,578
07/08/2014,BFI,WA,ANM,WE,Towers with Radar,43,65,80,1,189,0,103,284,2,389,43,168,364,3,578,170,0,170,748
07/09/2014,BFI,WA,ANM,WE,Towers with Radar,49,75,99,0,223,0,93,332,1,426,49,168,431,1,649,200,0,200,849
07/10/2014,BFI,WA,ANM,WE,Towers with Radar,46,55,89,2,192,0,46,366,0,412,46,101,455,2,604,178,2,180,784
07/11/2014,BFI,WA,ANM,WE,Towers with Radar,35,41,83,1,160,0,52,387,6,445,35,93,470,7,605,154,0,154,759
07/12/2014,BFI,WA,ANM,WE,Towers with Radar,10,39,44,2,95,0,39,288,0,327,10,78,332,2,422,84,0,84,506
07/13/2014,BFI,WA,ANM,WE,Towers with Radar,8,48,68,0,124,0,48,302,1,351,8,96,370,1,475,180,0,180,655
07/14/2014,BFI,WA,ANM,WE,Towers with Radar,31,61,84,1,177,0,98,256,0,354,31,159,340,1,531,146,0,146,677
07/15/2014,BFI,WA,ANM,WE,Towers with Radar,48,56,86,1,191,0,89,329,2,420,48,145,415,3,611,154,1,155,766
07/16/2014,BFI,WA,ANM,WE,Towers with Radar,40,61,95,0,196,0,103,337,1,441,40,164,432,1,637,206,0,206,843
07/17/2014,BFI,WA,ANM,WE,Towers with Radar,47,68,89,3,207,0,47,241,0,288,47,115,330,3,495,120,0,120,615
07/18/2014,BFI,WA,ANM,WE,Towers with Radar,35,56,101,2,194,0,49,301,4,354,35,105,402,6,548,132,0,132,680
07/19/2014,BFI,WA,ANM,WE,Towers with Radar,14,53,61,6,134,0,25,136,1,162,14,78,197,7,296,77,0,77,373
07/20/2014,BFI,WA,ANM,WE,Towers with Radar,9,55,87,0,151,0,14,225,1,240,9,69,312,1,391,140,0,140,531
07/21/2014,BFI,WA,ANM,WE,Towers with Radar,29,64,79,3,175,0,94,273,0,367,29,158,352,3,542,130,0,130,672
07/22/2014,BFI,WA,ANM,WE,Towers with Radar,29,55,55,1,140,3,19,111,0,133,32,74,166,1,273,18,0,18,291
07/23/2014,BFI,WA,ANM,WE,Towers with Radar,45,89,72,3,209,0,21,39,5,65,45,110,111,8,274,20,0,20,294
07/24/2014,BFI,WA,ANM,WE,Towers with Radar,38,77,128,3,246,0,40,224,0,264,38,117,352,3,510,200,0,200,710
07/25/2014,BFI,WA,ANM,WE,Towers with Radar,31,48,93,0,172,0,65,296,0,361,31,113,389,0,533,94,0,94,627
07/26/2014,BFI,WA,ANM,WE,Towers with Radar,6,29,75,2,112,0,62,327,5,394,6,91,402,7,506,140,0,140,646
07/27/2014,BFI,WA,ANM,WE,Towers with Radar,9,40,70,1,120,0,49,358,6,413,9,89,428,7,533,140,10,150,683
07/28/2014,BFI,WA,ANM,WE,Towers with Radar,30,53,74,7,164,0,90,273,11,374,30,143,347,18,538,150,23,173,711
07/29/2014,BFI,WA,ANM,WE,Towers with Radar,36,51,61,3,151,0,72,259,1,332,36,123,320,4,483,134,0,134,617
07/30/2014,BFI,WA,ANM,WE,Towers with Radar,37,52,74,7,170,0,61,360,27,448,37,113,434,34,618,106,16,122,740
07/31/2014,BFI,WA,ANM,WE,Towers with Radar,39,46,72,5,162,0,66,233,10,309,39,112,305,15,471,156,0,156,627
08/01/2014,BFI,WA,ANM,WE,Towers with Radar,39,58,67,3,167,0,57,253,41,351,39,115,320,44,518,20,12,32,550
08/02/2014,BFI,WA,ANM,WE,Towers with Radar,3,37,47,3,90,0,55,269,35,359,3,92,316,38,449,80,14,94,543
08/03/2014,BFI,WA,ANM,WE,Towers with Radar,7,34,63,3,107,0,66,316,15,397,7,100,379,18,504,146,10,156,660
08/04/2014,BFI,WA,ANM,WE,Towers with Radar,21,37,66,9,133,0,128,255,10,393,21,165,321,19,526,208,0,208,734
08/05/2014,BFI,WA,ANM,WE,Towers with Radar,41,64,79,4,188,0,120,228,9,357,41,184,307,13,545,194,0,194,739
08/06/2014,BFI,WA,ANM,WE,Towers with Radar,37,70,98,6,211,0,46,277,2,325,37,116,375,8,536,152,0,152,688
08/07/2014,BFI,WA,ANM,WE,Towers with Radar,32,52,96,0,180,0,105,316,1,422,32,157,412,1,602,234,20,254,856
08/08/2014,BFI,WA,ANM,WE,Towers with Radar,37,43,84,1,165,0,57,307,3,367,37,100,391,4,532,106,0,106,638
08/09/2014,BFI,WA,ANM,WE,Towers with Radar,11,30,56,0,97,0,36,351,0,387,11,66,407,0,484,66,0,66,550
08/10/2014,BFI,WA,ANM,WE,Towers with Radar,11,33,84,0,128,0,60,448,0,508,11,93,532,0,636,108,0,108,744
08/11/2014,BFI,WA,ANM,WE,Towers with Radar,27,40,81,0,148,0,103,286,3,392,27,143,367,3,540,180,0,180,720
08/12/2014,BFI,WA,ANM,WE,Towers with Radar,40,61,77,0,178,0,65,163,0,228,40,126,240,0,406,190,0,190,596
08/13/2014,BFI,WA,ANM,WE,Towers with Radar,32,62,106,5,205,0,34,119,0,153,32,96,225,5,358,198,0,198,556
08/14/2014,BFI,WA,ANM,WE,Towers with Radar,40,84,103,3,230,0,56,175,6,237,40,140,278,9,467,292,0,292,759
08/15/2014,BFI,WA,ANM,WE,Towers with Radar,38,69,111,4,222,0,49,242,2,293,38,118,353,6,515,122,0,122,637
08/16/2014,BFI,WA,ANM,WE,Towers with Radar,12,43,72,2,129,0,57,361,0,418,12,100,433,2,547,132,0,132,679
08/17/2014,BFI,WA,ANM,WE,Towers with Radar,15,54,86,1,156,0,63,342,2,407,15,117,428,3,563,142,6,148,711
08/18/2014,BFI,WA,ANM,WE,Towers with Radar,19,41,91,2,153,1,63,288,0,352,20,104,379,2,505,130,6,136,641
08/19/2014,BFI,WA,ANM,WE,Towers with Radar,38,64,87,2,191,0,70,255,0,325,38,134,342,2,516,240,0,240,756
08/20/2014,BFI,WA,ANM,WE,Towers with Radar,29,67,102,0,198,0,29,263,0,292,29,96,365,0,490,224,0,224,714
08/21/2014,BFI,WA,ANM,WE,Towers with Radar,38,53,86,1,178,0,32,291,2,325,38,85,377,3,503,180,1,181,684
08/22/2014,BFI,WA,ANM,WE,Towers with Radar,38,41,101,4,184,0,76,326,0,402,38,117,427,4,586,114,2,116,702
08/23/2014,BFI,WA,ANM,WE,Towers with Radar,5,43,60,1,109,0,32,300,1,333,5,75,360,2,442,96,8,104,546
08/24/2014,BFI,WA,ANM,WE,Towers with Radar,13,45,87,3,148,0,40,283,0,323,13,85,370,3,471,104,0,104,575
08/25/2014,BFI,WA,ANM,WE,Towers with Radar,22,39,66,4,131,0,101,288,0,389,22,140,354,4,520,238,12,250,770
08/26/2014,BFI,WA,ANM,WE,Towers with Radar,35,62,92,5,194,0,89,202,0,291,35,151,294,5,485,168,0,168,653
08/27/2014,BFI,WA,ANM,WE,Towers with Radar,36,43,94,0,173,0,91,320,0,411,36,134,414,0,584,116,0,116,700
08/28/2014,BFI,WA,ANM,WE,Towers with Radar,38,65,106,5,214,0,147,229,0,376,38,212,335,5,590,218,0,218,808
08/29/2014,BFI,WA,ANM,WE,Towers with Radar,33,73,87,0,193,0,33,200,1,234,33,106,287,1,427,88,0,88,515
08/30/2014,BFI,WA,ANM,WE,Towers with Radar,11,50,58,2,121,0,13,71,0,84,11,63,129,2,205,68,0,68,273
08/31/2014,BFI,WA,ANM,WE,Towers with Radar,12,40,76,2,130,0,19,151,0,170,12,59,227,2,300,36,0,36,336
09/01/2014,BFI,WA,ANM,WE,Towers with Radar,9,37,82,0,128,0,75,178,2,255,9,112,260,2,383,156,0,156,539
09/02/2014,BFI,WA,ANM,WE,Towers with Radar,33,79,87,1,200,0,30,110,1,141,33,109,197,2,341,96,0,96,437
09/03/2014,BFI,WA,ANM,WE,Towers with Radar,38,66,102,0,206,1,43,249,1,294,39,109,351,1,500,204,0,204,704
09/04/2014,BFI,WA,ANM,WE,Towers with Radar,43,52,110,0,205,0,72,301,0,373,43,124,411,0,578,158,0,158,736
09/05/2014,BFI,WA,ANM,WE,Towers with Radar,36,45,93,0,174,0,69,284,0,353,36,114,377,0,527,100,0,100,627
09/06/2014,BFI,WA,ANM,WE,Towers with Radar,8,22,66,1,97,0,28,268,1,297,8,50,334,2,394,138,3,141,535
09/07/2014,BFI,WA,ANM,WE,Towers with Radar,6,29,55,2,92,1,34,242,0,277,7,63,297,2,369,132,0,132,501
09/08/2014,BFI,WA,ANM,WE,Towers with Radar,25,87,95,2,209,0,44,85,1,130,25,131,180,3,339,98,0,98,437
09/09/2014,BFI,WA,ANM,WE,Towers with Radar,41,78,95,0,214,0,67,168,0,235,41,145,263,0,449,172,0,172,621
09/10/2014,BFI,WA,ANM,WE,Towers with Radar,28,82,103,2,215,0,30,183,0,213,28,112,286,2,428,128,0,128,556
09/11/2014,BFI,WA,ANM,WE,Towers with Radar,31,55,99,2,187,0,54,271,2,327,31,109,370,4,514,80,0,80,594
09/12/2014,BFI,WA,ANM,WE,Towers with Radar,40,49,93,2,184,0,46,289,5,340,40,95,382,7,524,48,0,48,572
09/13/2014,BFI,WA,ANM,WE,Towers with Radar,12,35,59,3,109,0,32,234,0,266,12,67,293,3,375,114,0,114,489
09/14/2014,BFI,WA,ANM,WE,Towers with Radar,7,33,66,3,109,0,33,261,1,295,7,66,327,4,404,128,0,128,532
09/15/2014,BFI,WA,ANM,WE,Towers with Radar,26,41,78,0,145,0,64,246,0,310,26,105,324,0,455,136,0,136,591
09/16/2014,BFI,WA,ANM,WE,Towers with Radar,37,51,94,0,182,0,55,244,0,299,37,106,338,0,481,172,0,172,653
09/17/2014,BFI,WA,ANM,WE,Towers with Radar,38,53,97,0,188,0,32,184,0,216,38,85,281,0,404,100,0,100,504
09/18/2014,BFI,WA,ANM,WE,Towers with Radar,35,66,104,1,206,0,15,145,1,161,35,81,249,2,367,164,0,164,531
09/19/2014,BFI,WA,ANM,WE,Towers with Radar,26,72,100,5,203,0,49,231,0,280,26,121,331,5,483,76,0,76,559
09/20/2014,BFI,WA,ANM,WE,Towers with Radar,17,30,72,2,121,0,26,216,2,244,17,56,288,4,365,48,0,48,413
09/21/2014,BFI,WA,ANM,WE,Towers with Radar,8,47,99,1,155,0,32,282,0,314,8,79,381,1,469,102,0,102,571
09/22/2014,BFI,WA,ANM,WE,Towers with Radar,29,62,106,0,197,0,55,158,1,214,29,117,264,1,411,122,0,122,533
09/23/2014,BFI,WA,ANM,WE,Towers with Radar,45,53,89,2,189,0,43,116,2,161,45,96,205,4,350,168,0,168,518
09/24/2014,BFI,WA,ANM,WE,Towers with Radar,29,65,95,2,191,0,43,103,0,146,29,108,198,2,337,98,0,98,435
09/25/2014,BFI,WA,ANM,WE,Towers with Radar,33,62,82,1,178,0,36,143,0,179,33,98,225,1,357,142,0,142,499
09/26/2014,BFI,WA,ANM,WE,Towers with Radar,44,71,95,1,211,0,17,133,0,150,44,88,228,1,361,136,0,136,497
09/27/2014,BFI,WA,ANM,WE,Towers with Radar,7,37,72,0,116,0,24,227,0,251,7,61,299,0,367,118,0,118,485
09/28/2014,BFI,WA,ANM,WE,Towers with Radar,4,48,87,0,139,0,7,138,0,145,4,55,225,0,284,58,0,58,342
09/29/2014,BFI,WA,ANM,WE,Towers with Radar,27,76,68,0,171,0,16,44,0,60,27,92,112,0,231,108,0,108,339
09/30/2014,BFI,WA,ANM,WE,Towers with Radar,32,69,60,5,166,0,61,176,0,237,32,130,236,5,403,190,0,190,593
10/01/2014,BFI,WA,ANM,WE,Towers with Radar,34,72,100,1,207,0,61,176,1,238,34,133,276,2,445,134,0,134,579
10/02/2014,BFI,WA,ANM,WE,Towers with Radar,34,50,112,1,197,0,54,275,1,330,34,104,387,2,527,234,0,234,761
10/03/2014,BFI,WA,ANM,WE,Towers with Radar,33,54,88,0,175,0,47,337,0,384,33,101,425,0,559,250,2,252,811
10/04/2014,BFI,WA,ANM,WE,Towers with Radar,8,26,44,0,78,0,26,218,0,244,8,52,262,0,322,174,0,174,496
10/05/2014,BFI,WA,ANM,WE,Towers with Radar,8,33,65,0,106,0,24,239,4,267,8,57,304,4,373,86,0,86,459
10/06/2014,BFI,WA,ANM,WE,Towers with Radar,30,47,74,0,151,0,63,156,0,219,30,110,230,0,370,160,0,160,530
10/07/2014,BFI,WA,ANM,WE,Towers with Radar,32,55,82,1,170,0,13,54,0,67,32,68,136,1,237,104,0,104,341
10/08/2014,BFI,WA,ANM,WE,Towers with Radar,31,63,99,0,193,0,35,89,1,125,31,98,188,1,318,118,0,118,436
10/09/2014,BFI,WA,ANM,WE,Towers with Radar,32,54,137,2,225,0,25,89,0,114,32,79,226,2,339,36,0,36,375
10/10/2014,BFI,WA,ANM,WE,Towers with Radar,26,65,91,0,182,0,19,111,0,130,26,84,202,0,312,81,0,81,393
10/11/2014,BFI,WA,ANM,WE,Towers with Radar,17,43,44,0,104,0,20,104,0,124,17,63,148,0,228,48,0,48,276
10/12/2014,BFI,WA,ANM,WE,Towers with Radar,16,50,129,2,197,0,13,128,0,141,16,63,257,2,338,132,0,132,470
10/13/2014,BFI,WA,ANM,WE,Towers with Radar,22,54,86,0,162,0,42,117,0,159,22,96,203,0,321,92,0,92,413
10/14/2014,BFI,WA,ANM,WE,Towers with Radar,41,48,78,1,168,0,72,141,0,213,41,120,219,1,381,220,0,220,601
10/15/2014,BFI,WA,ANM,WE,Towers with Radar,32,66,98,1,197,0,19,55,0,74,32,85,153,1,271,48,0,48,319
10/16/2014,BFI,WA,ANM,WE,Towers with Radar,34,63,85,0,182,0,66,257,0,323,34,129,342,0,505,194,0,194,699
10/17/2014,BFI,WA,ANM,WE,Towers with Radar,25,67,84,0,176,0,25,115,1,141,25,92,199,1,317,120,0,120,437
10/18/2014,BFI,WA,ANM,WE,Towers with Radar,8,45,69,2,124,0,9,100,0,109,8,54,169,2,233,90,0,90,323
10/19/2014,BFI,WA,ANM,WE,Towers with Radar,8,35,81,1,125,0,27,200,0,227,8,62,281,1,352,148,0,148,500
10/20/2014,BFI,WA,ANM,WE,Towers with Radar,26,37,78,1,142,0,50,93,0,143,26,87,171,1,285,202,0,202,487
10/21/2014,BFI,WA,ANM,WE,Towers with Radar,36,53,68,1,158,0,40,128,2,170,36,93,196,3,328,82,0,82,410
10/22/2014,BFI,WA,ANM,WE,Towers with Radar,38,55,100,1,194,0,18,19,0,37,38,73,119,1,231,84,0,84,315
10/23/2014,BFI,WA,ANM,WE,Towers with Radar,35,63,81,0,179,0,34,109,0,143,35,97,190,0,322,136,0,136,458
10/24/2014,BFI,WA,ANM,WE,Towers with Radar,38,56,98,0,192,0,45,157,1,203,38,101,255,1,395,130,2,132,527
10/25/2014,BFI,WA,ANM,WE,Towers with Radar,13,33,52,0,98,0,12,89,0,101,13,45,141,0,199,76,2,78,277
10/26/2014,BFI,WA,ANM,WE,Towers with Radar,9,24,59,0,92,0,19,54,0,73,9,43,113,0,165,54,0,54,219
10/27/2014,BFI,WA,ANM,WE,Towers with Radar,28,54,77,3,162,0,35,170,4,209,28,89,247,7,371,186,0,186,557
10/28/2014,BFI,WA,ANM,WE,Towers with Radar,34,69,73,1,177,0,38,65,0,103,34,107,138,1,280,204,0,204,484
10/29/2014,BFI,WA,ANM,WE,Towers with Radar,40,60,101,0,201,0,26,200,0,226,40,86,301,0,427,96,0,96,523
10/30/2014,BFI,WA,ANM,WE,Towers with Radar,34,54,98,0,186,0,20,63,0,83,34,74,161,0,269,14,0,14,283
10/31/2014,BFI,WA,ANM,WE,Towers with Radar,32,66,62,2,162,0,13,70,0,83,32,79,132,2,245,114,0,114,359
11/01/2014,BFI,WA,ANM,WE,Towers with Radar,10,41,71,0,122,0,4,153,0,157,10,45,224,0,279,118,0,118,397
11/02/2014,BFI,WA,ANM,WE,Towers with Radar,9,43,75,2,129,0,4,102,0,106,9,47,177,2,235,64,0,64,299
11/03/2014,BFI,WA,ANM,WE,Towers with Radar,24,58,58,0,140,0,15,47,3,65,24,73,105,3,205,54,0,54,259
11/04/2014,BFI,WA,ANM,WE,Towers with Radar,32,59,57,0,148,0,43,120,1,164,32,102,177,1,312,152,2,154,466
11/05/2014,BFI,WA,ANM,WE,Towers with Radar,47,54,77,0,178,0,28,116,0,144,47,82,193,0,322,94,0,94,416
11/06/2014,BFI,WA,ANM,WE,Towers with Radar,36,63,83,2,184,0,29,50,0,79,36,92,133,2,263,70,0,70,333
11/07/2014,BFI,WA,ANM,WE,Towers with Radar,36,61,96,4,197,0,42,266,1,309,36,103,362,5,506,94,0,94,600
11/08/2014,BFI,WA,ANM,WE,Towers with Radar,16,37,65,3,121,0,25,228,0,253,16,62,293,3,374,172,0,172,546
11/09/2014,BFI,WA,ANM,WE,Towers with Radar,7,45,83,1,136,0,2,19,2,23,7,47,102,3,159,62,0,62,221
11/10/2014,BFI,WA,ANM,WE,Towers with Radar,25,53,77,0,155,0,25,149,0,174,25,78,226,0,329,120,0,120,449
11/11/2014,BFI,WA,ANM,WE,Towers with Radar,34,52,67,2,155,1,23,133,0,157,35,75,200,2,312,114,0,114,426
11/12/2014,BFI,WA,ANM,WE,Towers with Radar,33,57,78,1,169,0,29,149,0,178,33,86,227,1,347,85,0,85,432
11/13/2014,BFI,WA,ANM,WE,Towers with Radar,33,62,83,3,181,0,25,202,0,227,33,87,285,3,408,86,0,86,494
11/14/2014,BFI,WA,ANM,WE,Towers with Radar,49,54,58,2,163,0,23,225,0,248,49,77,283,2,411,90,2,92,503
11/15/2014,BFI,WA,ANM,WE,Towers with Radar,16,45,61,0,122,0,18,297,0,315,16,63,358,0,437,130,0,130,567
11/16/2014,BFI,WA,ANM,WE,Towers with Radar,8,22,60,2,92,0,10,210,0,220,8,32,270,2,312,86,0,86,398
11/17/2014,BFI,WA,ANM,WE,Towers with Radar,29,49,75,1,154,0,47,182,0,229,29,96,257,1,383,136,0,136,519
11/18/2014,BFI,WA,ANM,WE,Towers with Radar,42,53,70,0,165,0,61,165,2,228,42,114,235,2,393,166,0,166,559
11/19/2014,BFI,WA,ANM,WE,Towers with Radar,41,54,92,2,189,0,31,182,0,213,41,85,274,2,402,148,0,148,550
11/20/2014,BFI,WA,ANM,WE,Towers with Radar,32,53,71,3,159,0,30,99,0,129,32,83,170,3,288,276,0,276,564
11/21/2014,BFI,WA,ANM,WE,Towers with Radar,44,64,86,1,195,0,11,67,0,78,44,75,153,1,273,76,0,76,349
11/22/2014,BFI,WA,ANM,WE,Towers with Radar,10,35,55,0,100,0,14,80,0,94,10,49,135,0,194,86,0,86,280
11/23/2014,BFI,WA,ANM,WE,Towers with Radar,11,27,60,1,99,0,7,51,0,58,11,34,111,1,157,52,0,52,209
11/24/2014,BFI,WA,ANM,WE,Towers with Radar,25,61,75,1,162,0,24,75,0,99,25,85,150,1,261,102,0,102,363
11/25/2014,BFI,WA,ANM,WE,Towers with Radar,37,78,106,0,221,0,3,15,0,18,37,81,121,0,239,26,0,26,265
11/26/2014,BFI,WA,ANM,WE,Towers with Radar,26,65,91,0,182,0,21,154,0,175,26,86,245,0,357,110,0,110,467
11/27/2014,BFI,WA,ANM,WE,Towers with Radar,6,16,25,0,47,0,2,11,0,13,6,18,36,0,60,2,0,2,62
11/28/2014,BFI,WA,ANM,WE,Towers with Radar,19,56,52,0,127,0,4,6,0,10,19,60,58,0,137,12,0,12,149
11/29/2014,BFI,WA,ANM,WE,Towers with Radar,11,33,52,0,96,0,9,36,1,46,11,42,88,1,142,18,0,18,160
11/30/2014,BFI,WA,ANM,WE,Towers with Radar,10,39,109,0,158,0,24,161,0,185,10,63,270,0,343,118,0,118,461
12/01/2014,BFI,WA,ANM,WE,Towers with Radar,23,48,79,0,150,0,55,130,0,185,23,103,209,0,335,208,0,208,543
12/02/2014,BFI,WA,ANM,WE,Towers with Radar,47,39,67,0,153,0,58,150,0,208,47,97,217,0,361,134,0,134,495
12/03/2014,BFI,WA,ANM,WE,Towers with Radar,30,49,66,1,146,0,34,189,0,223,30,83,255,1,369,124,0,124,493
12/04/2014,BFI,WA,ANM,WE,Towers with Radar,42,53,60,0,155,0,32,90,0,122,42,85,150,0,277,112,0,112,389
12/05/2014,BFI,WA,ANM,WE,Towers with Radar,30,62,77,0,169,0,6,93,0,99,30,68,170,0,268,50,0,50,318
12/06/2014,BFI,WA,ANM,WE,Towers with Radar,11,40,54,1,106,0,14,102,1,117,11,54,156,2,223,66,0,66,289
12/07/2014,BFI,WA,ANM,WE,Towers with Radar,20,34,60,0,114,0,11,135,1,147,20,45,195,1,261,112,0,112,373
12/08/2014,BFI,WA,ANM,WE,Towers with Radar,38,46,67,1,152,0,21,123,0,144,38,67,190,1,296,122,0,122,418
12/09/2014,BFI,WA,ANM,WE,Towers with Radar,36,55,83,2,176,0,33,52,0,85,36,88,135,2,261,64,0,64,325
12/10/2014,BFI,WA,ANM,WE,Towers with Radar,41,58,78,4,181,0,15,22,0,37,41,73,100,4,218,14,0,14,232
12/11/2014,BFI,WA,ANM,WE,Towers with Radar,31,40,67,2,140,0,26,57,0,83,31,66,124,2,223,138,0,138,361
12/12/2014,BFI,WA,ANM,WE,Towers with Radar,32,61,78,0,171,0,13,114,2,129,32,74,192,2,300,178,0,178,478
12/13/2014,BFI,WA,ANM,WE,Towers with Radar,10,35,76,0,121,0,10,130,0,140,10,45,206,0,261,186,0,186,447
12/14/2014,BFI,WA,ANM,WE,Towers with Radar,17,39,112,0,168,0,6,133,0,139,17,45,245,0,307,64,0,64,371
12/15/2014,BFI,WA,ANM,WE,Towers with Radar,26,53,73,0,152,0,35,139,2,176,26,88,212,2,328,140,0,140,468
12/16/2014,BFI,WA,ANM,WE,Towers with Radar,57,55,77,2,191,0,58,121,0,179,57,113,198,2,370,220,0,220,590
12/17/2014,BFI,WA,ANM,WE,Towers with Radar,51,55,76,0,182,0,22,98,0,120,51,77,174,0,302,112,0,112,414
12/18/2014,BFI,WA,ANM,WE,Towers with Radar,41,64,90,0,195,0,20,77,0,97,41,84,167,0,292,62,0,62,354
12/19/2014,BFI,WA,ANM,WE,Towers with Radar,42,50,76,0,168,0,19,155,0,174,42,69,231,0,342,68,0,68,410
12/20/2014,BFI,WA,ANM,WE,Towers with Radar,25,41,59,0,125,0,2,9,0,11,25,43,68,0,136,0,0,0,136
12/21/2014,BFI,WA,ANM,WE,Towers with Radar,26,32,50,0,108,0,10,60,0,70,26,42,110,0,178,40,0,40,218
12/22/2014,BFI,WA,ANM,WE,Towers with Radar,36,48,63,2,149,0,23,113,1,137,36,71,176,3,286,134,0,134,420
12/23/2014,BFI,WA,ANM,WE,Towers with Radar,46,67,52,0,165,0,5,34,0,39,46,72,86,0,204,94,0,94,298
12/24/2014,BFI,WA,ANM,WE,Towers with Radar,26,51,32,0,109,0,15,43,0,58,26,66,75,0,167,84,0,84,251
12/25/2014,BFI,WA,ANM,WE,Towers with Radar,0,39,9,0,48,0,6,45,0,51,0,45,54,0,99,16,0,16,115
12/26/2014,BFI,WA,ANM,WE,Towers with Radar,18,68,79,0,165,0,6,51,0,57,18,74,130,0,222,14,0,14,236
12/27/2014,BFI,WA,ANM,WE,Towers with Radar,7,51,48,0,106,0,3,33,0,36,7,54,81,0,142,0,0,0,142
12/28/2014,BFI,WA,ANM,WE,Towers with Radar,11,50,68,0,129,0,14,74,0,88,11,64,142,0,217,64,0,64,281
12/29/2014,BFI,WA,ANM,WE,Towers with Radar,12,33,34,0,79,0,46,135,0,181,12,79,169,0,260,76,0,76,336
12/30/2014,BFI,WA,ANM,WE,Towers with Radar,25,30,55,0,110,0,63,207,0,270,25,93,262,0,380,192,0,192,572
12/31/2014,BFI,WA,ANM,WE,Towers with Radar,19,41,35,2,97,0,49,184,0,233,19,90,219,2,330,116,0,116,446
01/01/2015,BFI,WA,ANM,WE,Towers with Radar,0,23,45,0,68,0,23,116,0,139,0,46,161,0,207,32,0,32,239
01/02/2015,BFI,WA,ANM,WE,Towers with Radar,17,61,45,0,123,0,7,85,0,92,17,68,130,0,215,108,0,108,323
01/03/2015,BFI,WA,ANM,WE,Towers with Radar,5,41,73,0,119,0,7,41,0,48,5,48,114,0,167,24,0,24,191
01/04/2015,BFI,WA,ANM,WE,Towers with Radar,3,35,61,1,100,0,0,11,0,11,3,35,72,1,111,78,0,78,189
01/05/2015,BFI,WA,ANM,WE,Towers with Radar,17,66,60,0,143,0,9,12,0,21,17,75,72,0,164,10,0,10,174
01/06/2015,BFI,WA,ANM,WE,Towers with Radar,34,46,42,0,122,0,35,102,0,137,34,81,144,0,259,84,0,84,343
01/07/2015,BFI,WA,ANM,WE,Towers with Radar,31,51,102,0,184,0,4,21,1,26,31,55,123,1,210,40,0,40,250
01/08/2015,BFI,WA,ANM,WE,Towers with Radar,34,54,77,1,166,0,14,74,1,89,34,68,151,2,255,58,0,58,313
01/09/2015,BFI,WA,ANM,WE,Towers with Radar,12,44,63,1,120,0,13,83,3,99,12,57,146,4,219,72,26,98,317
01/10/2015,BFI,WA,ANM,WE,Towers with Radar,14,51,74,0,139,0,1,12,0,13,14,52,86,0,152,38,0,38,190
01/11/2015,BFI,WA,ANM,WE,Towers with Radar,3,32,28,0,63,0,3,18,0,21,3,35,46,0,84,28,0,28,112
01/12/2015,BFI,WA,ANM,WE,Towers with Radar,28,46,70,1,145,0,10,130,0,140,28,56,200,1,285,148,0,148,433
01/13/2015,BFI,WA,ANM,WE,Towers with Radar,31,63,73,1,168,0,16,102,1,119,31,79,175,2,287,84,0,84,371
01/14/2015,BFI,WA,ANM,WE,Towers with Radar,31,59,75,4,169,0,20,155,1,176,31,79,230,5,345,176,12,188,533
01/15/2015,BFI,WA,ANM,WE,Towers with Radar,31,51,81,1,164,0,24,104,0,128,31,75,185,1,292,128,0,128,420
01/16/2015,BFI,WA,ANM,WE,Towers with Radar,33,66,91,0,190,0,13,184,0,197,33,79,275,0,387,146,0,146,533
01/17/2015,BFI,WA,ANM,WE,Towers with Radar,10,33,44,0,87,0,10,60,0,70,10,43,104,0,157,142,0,142,299
01/18/2015,BFI,WA,ANM,WE,Towers with Radar,5,39,98,0,142,0,11,25,3,39,5,50,123,3,181,46,0,46,227
01/19/2015,BFI,WA,ANM,WE,Towers with Radar,26,64,109,1,200,0,23,121,0,144,26,87,230,1,344,184,0,184,528
01/20/2015,BFI,WA,ANM,WE,Towers with Radar,40,55,93,0,188,0,18,127,0,145,40,73,220,0,333,108,24,132,465
01/21/2015,BFI,WA,ANM,WE,Towers with Radar,36,51,64,1,152,0,14,179,0,193,36,65,243,1,345,72,2,74,419
01/22/2015,BFI,WA,ANM,WE,Towers with Radar,31,56,67,1,155,0,20,100,0,120,31,76,167,1,275,238,0,238,513
01/23/2015,BFI,WA,ANM,WE,Towers with Radar,32,58,51,1,142,0,3,60,0,63,32,61,111,1,205,140,0,140,345
01/24/2015,BFI,WA,ANM,WE,Towers with Radar,15,28,47,1,91,0,5,111,0,116,15,33,158,1,207,78,0,78,285
01/25/2015,BFI,WA,ANM,WE,Towers with Radar,15,29,59,1,104,0,12,169,1,182,15,41,228,2,286,145,0,145,431
01/26/2015,BFI,WA,ANM,WE,Towers with Radar,33,47,54,2,136,0,21,187,1,209,33,68,241,3,345,108,0,108,453
01/27/2015,BFI,WA,ANM,WE,Towers with Radar,52,63,60,0,175,0,5,14,0,19,52,68,74,0,194,0,0,0,194
01/28/2015,BFI,WA,ANM,WE,Towers with Radar,47,40,59,1,147,0,16,118,0,134,47,56,177,1,281,180,0,180,461
01/29/2015,BFI,WA,ANM,WE,Towers with Radar,33,41,93,6,173,0,29,205,0,234,33,70,298,6,407,116,0,116,523
01/30/2015,BFI,WA,ANM,WE,Towers with Radar,30,57,83,1,171,0,10,122,1,133,30,67,205,2,304,46,0,46,350
01/31/2015,BFI,WA,ANM,WE,Towers with Radar,7,28,52,0,87,0,2,19,0,21,7,30,71,0,108,6,0,6,114
02/01/2015,BFI,WA,ANM,WE,Towers with Radar,7,46,46,4,103,0,6,34,0,40,7,52,80,4,143,14,0,14,157
02/02/2015,BFI,WA,ANM,WE,Towers with Radar,24,70,113,3,210,0,13,18,0,31,24,83,131,3,241,56,0,56,297
02/03/2015,BFI,WA,ANM,WE,Towers with Radar,31,50,72,0,153,0,13,63,0,76,31,63,135,0,229,92,0,92,321
02/04/2015,BFI,WA,ANM,WE,Towers with Radar,29,45,76,0,150,2,38,143,0,183,31,83,219,0,333,218,0,218,551
02/05/2015,BFI,WA,ANM,WE,Towers with Radar,30,48,80,0,158,0,15,60,1,76,30,63,140,1,234,72,0,72,306
02/06/2015,BFI,WA,ANM,WE,Towers with Radar,34,53,57,0,144,0,26,57,0,83,34,79,114,0,227,86,0,86,313
02/07/2015,BFI,WA,ANM,WE,Towers with Radar,17,30,56,0,103,0,7,46,0,53,17,37,102,0,156,40,0,40,196
02/08/2015,BFI,WA,ANM,WE,Towers with Radar,6,27,44,0,77,0,12,216,0,228,6,39,260,0,305,186,0,186,491
02/09/2015,BFI,WA,ANM,WE,Towers with Radar,20,47,66,2,135,0,12,123,0,135,20,59,189,2,270,136,2,138,408
02/10/2015,BFI,WA,ANM,WE,Towers with Radar,34,47,73,0,154,0,17,118,1,136,34,64,191,1,290,160,2,162,452
02/11/2015,BFI,WA,ANM,WE,Towers with Radar,46,58,85,2,191,0,11,164,0,175,46,69,249,2,366,178,8,186,552
02/12/2015,BFI,WA,ANM,WE,Towers with Radar,29,57,88,2,176,0,73,245,2,320,29,130,333,4,496,154,22,176,672
02/13/2015,BFI,WA,ANM,WE,Towers with Radar,35,61,92,0,188,0,22,190,0,212,35,83,282,0,400,174,0,174,574
02/14/2015,BFI,WA,ANM,WE,Towers with Radar,16,43,62,0,121,0,4,223,0,227,16,47,285,0,348,118,0,118,466
02/15/2015,BFI,WA,ANM,WE,Towers with Radar,11,21,44,0,76,0,7,234,0,241,11,28,278,0,317,146,0,146,463
02/16/2015,BFI,WA,ANM,WE,Towers with Radar,16,37,68,0,121,0,16,207,0,223,16,53,275,0,344,176,0,176,520
02/17/2015,BFI,WA,ANM,WE,Towers with Radar,34,46,65,0,145,0,31,225,0,256,34,77,290,0,401,120,2,122,523
02/18/2015,BFI,WA,ANM,WE,Towers with Radar,37,63,75,0,175,0,38,129,0,167,37,101,204,0,342,250,0,250,592
02/19/2015,BFI,WA,ANM,WE,Towers with Radar,30,58,70,0,158,0,27,75,0,102,30,85,145,0,260,100,2,102,362
02/20/2015,BFI,WA,ANM,WE,Towers with Radar,25,48,65,1,139,0,22,88,0,110,25,70,153,1,249,104,0,104,353
02/21/2015,BFI,WA,ANM,WE,Towers with Radar,9,41,64,2,116,0,10,188,0,198,9,51,252,2,314,128,0,128,442
02/22/2015,BFI,WA,ANM,WE,Towers with Radar,10,21,84,4,119,0,20,223,4,247,10,41,307,8,366,192,6,198,564
02/23/2015,BFI,WA,ANM,WE,Towers with Radar,30,42,65,0,137,0,34,205,3,242,30,76,270,3,379,106,0,106,485
02/24/2015,BFI,WA,ANM,WE,Towers with Radar,43,57,69,0,169,0,40,189,4,233,43,97,258,4,402,168,0,168,570
02/25/2015,BFI,WA,ANM,WE,Towers with Radar,36,64,75,0,175,0,12,53,0,65,36,76,128,0,240,34,0,34,274
02/26/2015,BFI,WA,ANM,WE,Towers with Radar,39,67,91,2,199,0,13,34,0,47,39,80,125,2,246,90,0,90,336
02/27/2015,BFI,WA,ANM,WE,Towers with Radar,36,56,62,0,154,0,21,98,0,119,36,77,160,0,273,120,0,120,393
02/28/2015,BFI,WA,ANM,WE,Towers with Radar,8,19,49,1,77,0,18,242,0,260,8,37,291,1,337,84,0,84,421
03/01/2015,BFI,WA,ANM,WE,Towers with Radar,3,31,49,2,85,0,17,202,2,221,3,48,251,4,306,96,0,96,402
03/02/2015,BFI,WA,ANM,WE,Towers with Radar,26,55,75,3,159,0,19,137,0,156,26,74,212,3,315,65,0,65,380
03/03/2015,BFI,WA,ANM,WE,Towers with Radar,31,42,56,2,131,0,28,179,0,207,31,70,235,2,338,38,0,38,376
03/04/2015,BFI,WA,ANM,WE,Towers with Radar,38,37,73,0,148,0,27,191,0,218,38,64,264,0,366,86,0,86,452
03/05/2015,BFI,WA,ANM,WE,Towers with Radar,33,44,65,5,147,0,18,202,0,220,33,62,267,5,367,118,0,118,485
03/06/2015,BFI,WA,ANM,WE,Towers with Radar,32,59,69,2,162,0,28,201,0,229,32,87,270,2,391,72,2,74,465
03/07/2015,BFI,WA,ANM,WE,Towers with Radar,9,29,45,0,83,0,17,248,0,265,9,46,293,0,348,86,0,86,434
03/08/2015,BFI,WA,ANM,WE,Towers with Radar,7,30,66,0,103,0,18,246,0,264,7,48,312,0,367,88,0,88,455
03/09/2015,BFI,WA,ANM,WE,Towers with Radar,25,43,71,1,140,0,18,170,1,189,25,61,241,2,329,178,0,178,507
03/10/2015,BFI,WA,ANM,WE,Towers with Radar,35,53,75,3,166,0,19,96,0,115,35,72,171,3,281,88,0,88,369
03/11/2015,BFI,WA,ANM,WE,Towers with Radar,41,62,95,1,199,0,29,107,1,137,41,91,202,2,336,92,0,92,428
03/12/2015,BFI,WA,ANM,WE,Towers with Radar,33,44,101,0,178,0,24,197,10,231,33,68,298,10,409,128,4,132,541
03/13/2015,BFI,WA,ANM,WE,Towers with Radar,35,50,81,0,166,0,38,227,6,271,35,88,308,6,437,100,30,130,567
03/14/2015,BFI,WA,ANM,WE,Towers with Radar,12,35,46,1,94,0,7,39,0,46,12,42,85,1,140,38,0,38,178
03/15/2015,BFI,WA,ANM,WE,Towers with Radar,2,48,73,3,126,0,0,8,0,8,2,48,81,3,134,0,0,0,134
03/16/2015,BFI,WA,ANM,WE,Towers with Radar,25,51,82,1,159,0,16,205,0,221,25,67,287,1,380,114,0,114,494
03/17/2015,BFI,WA,ANM,WE,Towers with Radar,41,51,61,2,155,0,35,175,1,211,41,86,236,3,366,186,14,200,566
03/18/2015,BFI,WA,ANM,WE,Towers with Radar,39,62,85,6,192,0,43,197,3,243,39,105,282,9,435,226,4,230,665
03/19/2015,BFI,WA,ANM,WE,Towers with Radar,38,55,91,1,185,0,43,209,5,257,38,98,300,6,442,134,42,176,618
03/20/2015,BFI,WA,ANM,WE,Towers with Radar,40,62,105,3,210,0,33,124,1,158,40,95,229,4,368,66,16,82,450
03/21/2015,BFI,WA,ANM,WE,Towers with Radar,9,30,55,0,94,0,10,89,0,99,9,40,144,0,193,36,0,36,229
03/22/2015,BFI,WA,ANM,WE,Towers with Radar,12,31,107,0,150,0,36,138,2,176,12,67,245,2,326,100,0,100,426
03/23/2015,BFI,WA,ANM,WE,Towers with Radar,27,59,50,0,136,0,15,54,1,70,27,74,104,1,206,72,2,74,280
03/24/2015,BFI,WA,ANM,WE,Towers with Radar,41,70,100,6,217,0,15,129,0,144,41,85,229,6,361,140,10,150,511
03/25/2015,BFI,WA,ANM,WE,Towers with Radar,44,54,65,0,163,0,6,114,0,120,44,60,179,0,283,130,0,130,413
03/26/2015,BFI,WA,ANM,WE,Towers with Radar,34,49,78,3,164,0,42,238,5,285,34,91,316,8,449,264,30,294,743
03/27/2015,BFI,WA,ANM,WE,Towers with Radar,31,58,90,4,183,0,37,232,2,271,31,95,322,6,454,62,1,63,517
03/28/2015,BFI,WA,ANM,WE,Towers with Radar,16,37,49,3,105,0,13,169,1,183,16,50,218,4,288,88,0,88,376
03/29/2015,BFI,WA,ANM,WE,Towers with Radar,5,27,69,4,105,0,20,185,0,205,5,47,254,4,310,94,0,94,404
03/30/2015,BFI,WA,ANM,WE,Towers with Radar,26,47,57,5,135,0,25,177,0,202,26,72,234,5,337,126,2,128,465
03/31/2015,BFI,WA,ANM,WE,Towers with Radar,34,53,72,4,163,0,27,102,0,129,34,80,174,4,292,84,4,88,380
04/01/2015,BFI,WA,ANM,WE,Towers with Radar,38,54,59,4,155,0,26,137,1,164,38,80,196,5,319,218,0,218,537
04/02/2015,BFI,WA,ANM,WE,Towers with Radar,36,48,69,4,157,0,28,147,2,177,36,76,216,6,334,104,0,104,438
04/03/2015,BFI,WA,ANM,WE,Towers with Radar,35,55,52,5,147,0,40,132,0,172,35,95,184,5,319,80,0,80,399
04/04/2015,BFI,WA,ANM,WE,Towers with Radar,9,32,45,1,87,0,13,210,0,223,9,45,255,1,310,186,0,186,496
04/05/2015,BFI,WA,ANM,WE,Towers with Radar,2,22,44,0,68,0,19,185,0,204,2,41,229,0,272,110,0,110,382
04/06/2015,BFI,WA,ANM,WE,Towers with Radar,24,46,52,0,122,0,16,126,0,142,24,62,178,0,264,180,0,180,444
04/07/2015,BFI,WA,ANM,WE,Towers with Radar,36,37,63,3,139,0,25,119,0,144,36,62,182,3,283,78,0,78,361
04/08/2015,BFI,WA,ANM,WE,Towers with Radar,40,47,53,3,143,1,43,179,0,223,41,90,232,3,366,152,0,152,518
04/09/2015,BFI,WA,ANM,WE,Towers with Radar,42,50,73,0,165,0,50,243,1,294,42,100,316,1,459,152,18,170,629
04/10/2015,BFI,WA,ANM,WE,Towers with Radar,34,52,57,4,147,0,50,99,0,149,34,102,156,4,296,81,0,81,377
04/11/2015,BFI,WA,ANM,WE,Towers with Radar,32,42,45,1,120,0,23,95,2,120,32,65,140,3,240,44,0,44,284
04/12/2015,BFI,WA,ANM,WE,Towers with Radar,2,34,83,3,122,0,24,139,1,164,2,58,222,4,286,118,0,118,404
04/13/2015,BFI,WA,ANM,WE,Towers with Radar,37,50,65,1,153,0,19,56,0,75,37,69,121,1,228,20,0,20,248
04/14/2015,BFI,WA,ANM,WE,Towers with Radar,43,49,65,4,161,0,23,133,0,156,43,72,198,4,317,130,0,130,447
04/15/2015,BFI,WA,ANM,WE,Towers with Radar,38,51,79,2,170,1,30,229,0,260,39,81,308,2,430,156,0,156,586
04/16/2015,BFI,WA,ANM,WE,Towers with Radar,45,64,78,3,190,0,25,173,0,198,45,89,251,3,388,138,0,138,526
04/17/2015,BFI,WA,ANM,WE,Towers with Radar,27,47,83,2,159,0,36,252,1,289,27,83,335,3,448,166,0,166,614
04/18/2015,BFI,WA,ANM,WE,Towers with Radar,15,30,32,4,81,0,20,226,0,246,15,50,258,4,327,121,0,121,448
04/19/2015,BFI,WA,ANM,WE,Towers with Radar,5,38,74,3,120,0,25,257,0,282,5,63,331,3,402,60,2,62,464
04/20/2015,BFI,WA,ANM,WE,Towers with Radar,24,33,59,0,116,0,32,168,1,201,24,65,227,1,317,64,12,76,393
04/21/2015,BFI,WA,ANM,WE,Towers with Radar,43,70,64,0,177,0,21,138,0,159,43,91,202,0,336,52,0,52,388
04/22/2015,BFI,WA,ANM,WE,Towers with Radar,33,58,91,0,182,0,19,139,0,158,33,77,230,0,340,188,0,188,528
04/23/2015,BFI,WA,ANM,WE,Towers with Radar,85,50,90,2,227,0,20,87,0,107,85,70,177,2,334,38,0,38,372
04/24/2015,BFI,WA,ANM,WE,Towers with Radar,70,66,76,4,216,0,20,65,5,90,70,86,141,9,306,50,0,50,356
04/25/2015,BFI,WA,ANM,WE,Towers with Radar,42,22,40,0,104,0,17,171,0,188,42,39,211,0,292,68,0,68,360
04/26/2015,BFI,WA,ANM,WE,Towers with Radar,10,30,69,1,110,0,30,218,0,248,10,60,287,1,358,140,0,140,498
04/27/2015,BFI,WA,ANM,WE,Towers with Radar,25,48,71,3,147,0,27,185,4,216,25,75,256,7,363,148,8,156,519
04/28/2015,BFI,WA,ANM,WE,Towers with Radar,29,65,84,0,178,0,20,95,0,115,29,85,179,0,293,134,0,134,427
04/29/2015,BFI,WA,ANM,WE,Towers with Radar,39,59,82,3,183,0,16,122,4,142,39,75,204,7,325,128,2,130,455
04/30/2015,BFI,WA,ANM,WE,Towers with Radar,51,70,87,2,210,0,30,216,3,249,51,100,303,5,459,140,4,144,603
05/01/2015,BFI,WA,ANM,WE,Towers with Radar,34,57,85,4,180,0,46,236,5,287,34,103,321,9,467,194,0,194,661
05/02/2015,BFI,WA,ANM,WE,Towers with Radar,13,29,39,1,82,0,19,227,0,246,13,48,266,1,328,130,0,130,458
05/03/2015,BFI,WA,ANM,WE,Towers with Radar,9,53,68,2,132,0,12,212,1,225,9,65,280,3,357,78,0,78,435
05/04/2015,BFI,WA,ANM,WE,Towers with Radar,27,53,69,3,152,0,19,118,0,137,27,72,187,3,289,58,0,58,347
05/05/2015,BFI,WA,ANM,WE,Towers with Radar,36,58,71,0,165,0,22,56,0,78,36,80,127,0,243,30,0,30,273
05/06/2015,BFI,WA,ANM,WE,Towers with Radar,53,69,89,1,212,0,16,148,0,164,53,85,237,1,376,92,0,92,468
05/07/2015,BFI,WA,ANM,WE,Towers with Radar,43,55,74,2,174,0,30,254,3,287,43,85,328,5,461,124,12,136,597
05/08/2015,BFI,WA,ANM,WE,Towers with Radar,26,54,83,7,170,0,52,285,4,341,26,106,368,11,511,190,0,190,701
05/09/2015,BFI,WA,ANM,WE,Towers with Radar,13,37,36,0,86,0,29,265,2,296,13,66,301,2,382,112,0,112,494
05/10/2015,BFI,WA,ANM,WE,Towers with Radar,9,25,42,2,78,0,22,188,2,212,9,47,230,4,290,90,0,90,380
05/11/2015,BFI,WA,ANM,WE,Towers with Radar,35,51,77,1,164,0,15,95,0,110,35,66,172,1,274,188,2,190,464
05/12/2015,BFI,WA,ANM,WE,Towers with Radar,38,71,128,2,239,0,12,69,3,84,38,83,197,5,323,78,0,78,401
05/13/2015,BFI,WA,ANM,WE,Towers with Radar,43,56,111,2,212,0,11,69,0,80,43,67,180,2,292,32,0,32,324
05/14/2015,BFI,WA,ANM,WE,Towers with Radar,42,64,143,2,251,0,28,182,4,214,42,92,325,6,465,188,0,188,653
05/15/2015,BFI,WA,ANM,WE,Towers with Radar,31,60,114,4,209,0,32,211,0,243,31,92,325,4,452,132,0,132,584
05/16/2015,BFI,WA,ANM,WE,Towers with Radar,19,52,71,1,143,0,10,168,2,180,19,62,239,3,323,142,0,142,465
05/17/2015,BFI,WA,ANM,WE,Towers with Radar,8,44,67,3,122,0,17,138,0,155,8,61,205,3,277,100,0,100,377
05/18/2015,BFI,WA,ANM,WE,Towers with Radar,23,43,86,1,153,0,40,202,0,242,23,83,288,1,395,134,8,142,537
05/19/2015,BFI,WA,ANM,WE,Towers with Radar,37,66,99,1,203,0,46,147,0,193,37,112,246,1,396,142,2,144,540
05/20/2015,BFI,WA,ANM,WE,Towers with Radar,40,74,115,3,232,0,19,147,0,166,40,93,262,3,398,80,0,80,478
05/21/2015,BFI,WA,ANM,WE,Towers with Radar,34,45,75,1,155,0,42,226,4,272,34,87,301,5,427,160,8,168,595
05/22/2015,BFI,WA,ANM,WE,Towers with Radar,31,84,97,0,212,0,15,96,1,112,31,99,193,1,324,98,0,98,422
05/23/2015,BFI,WA,ANM,WE,Towers with Radar,7,40,65,0,112,0,7,103,0,110,7,47,168,0,222,158,0,158,380
05/24/2015,BFI,WA,ANM,WE,Towers with Radar,3,29,62,0,94,0,10,88,1,99,3,39,150,1,193,116,0,116,309
05/25/2015,BFI,WA,ANM,WE,Towers with Radar,4,48,92,0,144,0,36,94,1,131,4,84,186,1,275,138,0,138,413
05/26/2015,BFI,WA,ANM,WE,Towers with Radar,36,60,86,2,184,0,33,153,0,186,36,93,239,2,370,154,0,154,524
05/27/2015,BFI,WA,ANM,WE,Towers with Radar,48,59,97,2,206,0,43,181,3,227,48,102,278,5,433,150,4,154,587
05/28/2015,BFI,WA,ANM,WE,Towers with Radar,29,63,105,5,202,0,53,251,4,308,29,116,356,9,510,136,0,136,646
05/29/2015,BFI,WA,ANM,WE,Towers with Radar,54,51,66,4,175,0,49,205,4,258,54,100,271,8,433,72,2,74,507
05/30/2015,BFI,WA,ANM,WE,Towers with Radar,26,35,50,2,113,0,16,258,0,274,26,51,308,2,387,122,0,122,509
05/31/2015,BFI,WA,ANM,WE,Towers with Radar,9,28,66,0,103,0,35,275,0,310,9,63,341,0,413,106,0,106,519
06/01/2015,BFI,WA,ANM,WE,Towers with Radar,23,50,84,3,160,0,17,49,2,68,23,67,133,5,228,64,0,64,292
06/02/2015,BFI,WA,ANM,WE,Towers with Radar,34,55,107,1,197,0,11,69,0,80,34,66,176,1,277,80,0,80,357
06/03/2015,BFI,WA,ANM,WE,Towers with Radar,32,53,100,0,185,0,20,128,1,149,32,73,228,1,334,234,0,234,568
06/04/2015,BFI,WA,ANM,WE,Towers with Radar,37,55,76,1,169,0,46,247,0,293,37,101,323,1,462,228,0,228,690
06/05/2015,BFI,WA,ANM,WE,Towers with Radar,54,46,89,1,190,0,37,268,1,306,54,83,357,2,496,112,0,112,608
06/06/2015,BFI,WA,ANM,WE,Towers with Radar,11,27,77,0,115,0,29,187,1,217,11,56,264,1,332,72,1,73,405
06/07/2015,BFI,WA,ANM,WE,Towers with Radar,17,28,71,2,118,0,38,294,0,332,17,66,365,2,450,74,0,74,524
06/08/2015,BFI,WA,ANM,WE,Towers with Radar,29,36,71,0,136,0,39,191,0,230,29,75,262,0,366,92,0,92,458
06/09/2015,BFI,WA,ANM,WE,Towers with Radar,37,58,80,8,183,0,53,228,0,281,37,111,308,8,464,122,14,136,600
06/10/2015,BFI,WA,ANM,WE,Towers with Radar,34,52,96,1,183,0,62,232,7,301,34,114,328,8,484,160,10,170,654
06/11/2015,BFI,WA,ANM,WE,Towers with Radar,29,58,90,0,177,0,38,191,2,231,29,96,281,2,408,88,0,88,496
06/12/2015,BFI,WA,ANM,WE,Towers with Radar,31,61,89,7,188,0,37,187,2,226,31,98,276,9,414,158,6,164,578
06/13/2015,BFI,WA,ANM,WE,Towers with Radar,11,30,58,1,100,0,21,252,0,273,11,51,310,1,373,88,0,88,461
06/14/2015,BFI,WA,ANM,WE,Towers with Radar,7,42,100,1,150,0,43,296,0,339,7,85,396,1,489,134,0,134,623
06/15/2015,BFI,WA,ANM,WE,Towers with Radar,38,42,85,0,165,0,65,250,0,315,38,107,335,0,480,158,2,160,640
06/16/2015,BFI,WA,ANM,WE,Towers with Radar,40,64,100,0,204,0,65,168,2,235,40,129,268,2,439,182,0,182,621
06/17/2015,BFI,WA,ANM,WE,Towers with Radar,37,61,100,2,200,0,58,204,0,262,37,119,304,2,462,85,0,85,547
06/18/2015,BFI,WA,ANM,WE,Towers with Radar,40,73,104,0,217,0,54,216,1,271,40,127,320,1,488,116,0,116,604
06/19/2015,BFI,WA,ANM,WE,Towers with Radar,43,78,102,1,224,0,53,166,0,219,43,131,268,1,443,102,0,102,545
06/20/2015,BFI,WA,ANM,WE,Towers with Radar,9,29,54,0,92,0,30,253,0,283,9,59,307,0,375,62,0,62,437
06/21/2015,BFI,WA,ANM,WE,Towers with Radar,11,34,80,0,125,0,22,277,0,299,11,56,357,0,424,118,0,118,542
06/22/2015,BFI,WA,ANM,WE,Towers with Radar,32,77,106,6,221,0,52,210,0,262,32,129,316,6,483,98,0,98,581
06/23/2015,BFI,WA,ANM,WE,Towers with Radar,51,57,86,0,194,0,63,237,0,300,51,120,323,0,494,106,0,106,600
06/24/2015,BFI,WA,ANM,WE,Towers with Radar,46,59,98,2,205,0,39,225,1,265,46,98,323,3,470,44,10,54,524
06/25/2015,BFI,WA,ANM,WE,Towers with Radar,38,59,95,6,198,0,52,221,1,274,38,111,316,7,472,186,0,186,658
06/26/2015,BFI,WA,ANM,WE,Towers with Radar,58,48,84,4,194,0,30,265,5,300,58,78,349,9,494,112,4,116,610
06/27/2015,BFI,WA,ANM,WE,Towers with Radar,44,48,58,11,161,0,39,271,8,318,44,87,329,19,479,114,8,122,601
06/28/2015,BFI,WA,ANM,WE,Towers with Radar,24,52,77,1,154,0,46,186,2,234,24,98,263,3,388,56,0,56,444
06/29/2015,BFI,WA,ANM,WE,Towers with Radar,43,50,59,1,153,0,37,215,1,253,43,87,274,2,406,128,0,128,534
06/30/2015,BFI,WA,ANM,WE,Towers with Radar,34,66,74,4,178,0,52,219,0,271,34,118,293,4,449,148,0,148,597
07/01/2015,BFI,WA,ANM,WE,Towers with Radar,31,59,63,3,156,0,57,261,0,318,31,116,324,3,474,192,14,206,680
07/02/2015,BFI,WA,ANM,WE,Towers with Radar,34,47,81,0,162,0,54,284,0,338,34,101,365,0,500,118,0,118,618
07/03/2015,BFI,WA,ANM,WE,Towers with Radar,36,45,62,2,145,0,72,295,0,367,36,117,357,2,512,64,0,64,576
07/04/2015,BFI,WA,ANM,WE,Towers with Radar,10,14,39,0,63,0,28,256,0,284,10,42,295,0,347,54,0,54,401
07/05/2015,BFI,WA,ANM,WE,Towers with Radar,5,50,85,0,140,0,56,310,3,369,5,106,395,3,509,100,0,100,609
07/06/2015,BFI,WA,ANM,WE,Towers with Radar,30,62,89,0,181,0,50,154,1,205,30,112,243,1,386,264,0,264,650
07/07/2015,BFI,WA,ANM,WE,Towers with Radar,41,52,71,2,166,0,50,212,0,262,41,102,283,2,428,224,10,234,662
07/08/2015,BFI,WA,ANM,WE,Towers with Radar,41,65,96,2,204,0,81,248,0,329,41,146,344,2,533,170,0,170,703
07/09/2015,BFI,WA,ANM,WE,Towers with Radar,39,64,101,3,207,0,41,313,3,357,39,105,414,6,564,264,0,264,828
07/10/2015,BFI,WA,ANM,WE,Towers with Radar,46,73,135,2,256,19,28,198,0,245,65,101,333,2,501,166,0,166,667
07/11/2015,BFI,WA,ANM,WE,Towers with Radar,19,56,58,0,133,0,22,249,1,272,19,78,307,1,405,152,0,152,557
07/12/2015,BFI,WA,ANM,WE,Towers with Radar,9,54,75,0,138,0,23,199,0,222,9,77,274,0,360,128,0,128,488
07/13/2015,BFI,WA,ANM,WE,Towers with Radar,27,62,82,0,171,0,46,165,2,213,27,108,247,2,384,136,0,136,520
07/14/2015,BFI,WA,ANM,WE,Towers with Radar,34,64,77,3,178,0,56,308,4,368,34,120,385,7,546,224,6,230,776
07/15/2015,BFI,WA,ANM,WE,Towers with Radar,40,69,87,1,197,0,46,295,3,344,40,115,382,4,541,196,2,198,739
07/16/2015,BFI,WA,ANM,WE,Towers with Radar,58,70,83,1,212,0,69,212,3,284,58,139,295,4,496,158,0,158,654
07/17/2015,BFI,WA,ANM,WE,Towers with Radar,73,65,84,6,228,0,47,275,2,324,73,112,359,8,552,158,0,158,710
07/18/2015,BFI,WA,ANM,WE,Towers with Radar,8,35,58,0,101,0,39,290,4,333,8,74,348,4,434,146,0,146,580
07/19/2015,BFI,WA,ANM,WE,Towers with Radar,37,52,79,2,170,4,40,270,0,314,41,92,349,2,484,77,0,77,561
07/20/2015,BFI,WA,ANM,WE,Towers with Radar,24,79,102,1,206,0,51,184,1,236,24,130,286,2,442,164,0,164,606
07/21/2015,BFI,WA,ANM,WE,Towers with Radar,40,75,93,3,211,0,76,187,0,263,40,151,280,3,474,234,0,234,708
07/22/2015,BFI,WA,ANM,WE,Towers with Radar,38,76,106,5,225,0,51,239,1,291,38,127,345,6,516,308,0,308,824
07/23/2015,BFI,WA,ANM,WE,Towers with Radar,43,52,101,5,201,0,57,261,3,321,43,109,362,8,522,188,2,190,712
07/24/2015,BFI,WA,ANM,WE,Towers with Radar,59,78,93,7,237,0,46,180,1,227,59,124,273,8,464,194,22,216,680
07/25/2015,BFI,WA,ANM,WE,Towers with Radar,15,47,56,2,120,0,18,144,3,165,15,65,200,5,285,130,2,132,417
07/26/2015,BFI,WA,ANM,WE,Towers with Radar,24,51,110,2,187,0,33,140,1,174,24,84,250,3,361,76,0,76,437
07/27/2015,BFI,WA,ANM,WE,Towers with Radar,32,50,83,4,169,0,70,164,1,235,32,120,247,5,404,258,14,272,676
07/28/2015,BFI,WA,ANM,WE,Towers with Radar,41,55,85,6,187,0,73,307,2,382,41,128,392,8,569,196,30,226,795
07/29/2015,BFI,WA,ANM,WE,Towers with Radar,35,44,100,4,183,0,68,313,10,391,35,112,413,14,574,142,8,150,724
07/30/2015,BFI,WA,ANM,WE,Towers with Radar,31,50,87,3,171,0,80,277,13,370,31,130,364,16,541,110,12,122,663
07/31/2015,BFI,WA,ANM,WE,Towers with Radar,29,43,70,3,145,0,49,278,24,351,29,92,348,27,496,110,1,111,607
08/01/2015,BFI,WA,ANM,WE,Towers with Radar,10,28,57,1,96,0,42,342,7,391,10,70,399,8,487,92,2,94,581
08/02/2015,BFI,WA,ANM,WE,Towers with Radar,9,42,74,4,129,0,33,279,18,330,9,75,353,22,459,64,16,80,539
08/03/2015,BFI,WA,ANM,WE,Towers with Radar,48,52,71,10,181,0,43,219,0,262,48,95,290,10,443,68,2,70,513
08/04/2015,BFI,WA,ANM,WE,Towers with Radar,34,65,73,6,178,0,81,228,2,311,34,146,301,8,489,144,2,146,635
08/05/2015,BFI,WA,ANM,WE,Towers with Radar,45,62,81,6,194,0,39,189,0,228,45,101,270,6,422,210,22,232,654
08/06/2015,BFI,WA,ANM,WE,Towers with Radar,31,69,103,3,206,0,69,376,1,446,31,138,479,4,652,188,2,190,842
08/07/2015,BFI,WA,ANM,WE,Towers with Radar,58,65,84,15,222,0,59,273,4,336,58,124,357,19,558,100,12,112,670
08/08/2015,BFI,WA,ANM,WE,Towers with Radar,25,36,109,1,171,0,22,217,4,243,25,58,326,5,414,80,2,82,496
08/09/2015,BFI,WA,ANM,WE,Towers with Radar,17,46,94,5,162,0,42,285,1,328,17,88,379,6,490,160,0,160,650
08/10/2015,BFI,WA,ANM,WE,Towers with Radar,24,47,86,0,157,0,49,169,0,218,24,96,255,0,375,98,0,98,473
08/11/2015,BFI,WA,ANM,WE,Towers with Radar,43,44,66,3,156,0,66,259,0,325,43,110,325,3,481,130,0,130,611
08/12/2015,BFI,WA,ANM,WE,Towers with Radar,36,61,102,2,201,0,53,216,0,269,36,114,318,2,470,180,6,186,656
08/13/2015,BFI,WA,ANM,WE,Towers with Radar,28,69,86,0,183,0,61,247,0,308,28,130,333,0,491,228,0,228,719
08/14/2015,BFI,WA,ANM,WE,Towers with Radar,25,68,83,6,182,0,10,64,0,74,25,78,147,6,256,28,0,28,284
08/15/2015,BFI,WA,ANM,WE,Towers with Radar,10,50,80,1,141,0,23,264,1,288,10,73,344,2,429,136,0,136,565
08/16/2015,BFI,WA,ANM,WE,Towers with Radar,39,45,95,2,181,0,33,336,0,369,39,78,431,2,550,112,0,112,662
08/17/2015,BFI,WA,ANM,WE,Towers with Radar,31,54,86,5,176,0,55,272,0,327,31,109,358,5,503,150,8,158,661
08/18/2015,BFI,WA,ANM,WE,Towers with Radar,37,50,98,8,193,0,78,256,1,335,37,128,354,9,528,186,1,187,715
08/19/2015,BFI,WA,ANM,WE,Towers with Radar,40,57,100,4,201,0,62,268,0,330,40,119,368,4,531,128,0,128,659
08/20/2015,BFI,WA,ANM,WE,Towers with Radar,31,73,107,8,219,0,33,147,2,182,31,106,254,10,401,132,2,134,535
08/21/2015,BFI,WA,ANM,WE,Towers with Radar,42,76,107,3,228,0,37,260,1,298,42,113,367,4,526,130,0,130,656
08/22/2015,BFI,WA,ANM,WE,Towers with Radar,25,32,50,2,109,0,38,286,0,324,25,70,336,2,433,142,0,142,575
08/23/2015,BFI,WA,ANM,WE,Towers with Radar,15,44,64,3,126,0,16,269,0,285,15,60,333,3,411,164,0,164,575
08/24/2015,BFI,WA,ANM,WE,Towers with Radar,50,63,89,2,204,0,28,157,1,186,50,91,246,3,390,102,0,102,492
08/25/2015,BFI,WA,ANM,WE,Towers with Radar,37,56,71,2,166,0,38,254,1,293,37,94,325,3,459,186,2,188,647
08/26/2015,BFI,WA,ANM,WE,Towers with Radar,36,73,83,1,193,0,36,220,2,258,36,109,303,3,451,142,2,144,595
08/27/2015,BFI,WA,ANM,WE,Towers with Radar,46,53,97,4,200,0,32,243,3,278,46,85,340,7,478,138,3,141,619
08/28/2015,BFI,WA,ANM,WE,Towers with Radar,34,47,93,3,177,0,27,167,0,194,34,74,260,3,371,98,0,98,469
08/29/2015,BFI,WA,ANM,WE,Towers with Radar,13,35,40,0,88,0,12,24,0,36,13,47,64,0,124,0,0,0,124
08/30/2015,BFI,WA,ANM,WE,Towers with Radar,18,49,81,0,148,0,24,122,0,146,18,73,203,0,294,68,0,68,362
08/31/2015,BFI,WA,ANM,WE,Towers with Radar,29,59,82,0,170,0,16,73,2,91,29,75,155,2,261,46,2,48,309
09/01/2015,BFI,WA,ANM,WE,Towers with Radar,40,76,88,0,204,0,23,47,0,70,40,99,135,0,274,38,0,38,312
09/02/2015,BFI,WA,ANM,WE,Towers with Radar,41,73,108,3,225,0,39,176,0,215,41,112,284,3,440,196,0,196,636
09/03/2015,BFI,WA,ANM,WE,Towers with Radar,43,55,96,1,195,0,31,170,4,205,43,86,266,5,400,146,0,146,546
09/04/2015,BFI,WA,ANM,WE,Towers with Radar,36,76,125,1,238,0,45,158,1,204,36,121,283,2,442,228,0,228,670
09/05/2015,BFI,WA,ANM,WE,Towers with Radar,20,44,81,0,145,0,36,266,0,302,20,80,347,0,447,80,0,80,527
09/06/2015,BFI,WA,ANM,WE,Towers with Radar,14,54,37,0,105,0,19,98,0,117,14,73,135,0,222,30,0,30,252
09/07/2015,BFI,WA,ANM,WE,Towers with Radar,27,59,91,1,178,0,63,211,0,274,27,122,302,1,452,78,0,78,530
09/08/2015,BFI,WA,ANM,WE,Towers with Radar,24,81,114,3,222,0,59,145,0,204,24,140,259,3,426,222,0,222,648
09/09/2015,BFI,WA,ANM,WE,Towers with Radar,56,69,80,0,205,0,47,168,0,215,56,116,248,0,420,142,2,144,564
09/10/2015,BFI,WA,ANM,WE,Towers with Radar,37,65,65,2,169,0,31,194,2,227,37,96,259,4,396,112,0,112,508
09/11/2015,BFI,WA,ANM,WE,Towers with Radar,35,49,90,4,178,0,45,257,0,302,35,94,347,4,480,66,0,66,546
09/12/2015,BFI,WA,ANM,WE,Towers with Radar,17,25,43,0,85,0,52,232,0,284,17,77,275,0,369,94,0,94,463
09/13/2015,BFI,WA,ANM,WE,Towers with Radar,5,55,98,3,161,0,13,149,0,162,5,68,247,3,323,48,0,48,371
09/14/2015,BFI,WA,ANM,WE,Towers with Radar,31,60,73,0,164,0,43,134,0,177,31,103,207,0,341,178,0,178,519
09/15/2015,BFI,WA,ANM,WE,Towers with Radar,48,60,85,0,193,0,46,148,1,195,48,106,233,1,388,94,0,94,482
09/16/2015,BFI,WA,ANM,WE,Towers with Radar,41,56,81,0,178,0,55,134,0,189,41,111,215,0,367,142,0,142,509
09/17/2015,BFI,WA,ANM,WE,Towers with Radar,41,69,103,0,213,0,19,95,0,114,41,88,198,0,327,144,0,144,471
09/18/2015,BFI,WA,ANM,WE,Towers with Radar,53,69,89,1,212,0,27,175,3,205,53,96,264,4,417,123,0,123,540
09/19/2015,BFI,WA,ANM,WE,Towers with Radar,47,46,82,0,175,0,22,133,0,155,47,68,215,0,330,174,0,174,504
09/20/2015,BFI,WA,ANM,WE,Towers with Radar,6,71,80,1,158,0,3,35,0,38,6,74,115,1,196,20,0,20,216
09/21/2015,BFI,WA,ANM,WE,Towers with Radar,53,47,94,0,194,0,50,179,0,229,53,97,273,0,423,130,0,130,553
09/22/2015,BFI,WA,ANM,WE,Towers with Radar,46,54,97,0,197,0,54,193,4,251,46,108,290,4,448,185,0,185,633
09/23/2015,BFI,WA,ANM,WE,Towers with Radar,36,68,110,1,215,0,47,202,1,250,36,115,312,2,465,180,0,180,645
09/24/2015,BFI,WA,ANM,WE,Towers with Radar,35,45,86,0,166,1,57,203,0,261,36,102,289,0,427,114,2,116,543
09/25/2015,BFI,WA,ANM,WE,Towers with Radar,37,61,92,5,195,0,24,97,0,121,37,85,189,5,316,66,0,66,382
09/26/2015,BFI,WA,ANM,WE,Towers with Radar,9,27,64,2,102,0,15,334,0,349,9,42,398,2,451,104,0,104,555
09/27/2015,BFI,WA,ANM,WE,Towers with Radar,19,47,109,0,175,0,34,350,1,385,19,81,459,1,560,50,0,50,610
09/28/2015,BFI,WA,ANM,WE,Towers with Radar,47,45,83,2,177,0,35,186,1,222,47,80,269,3,399,78,0,78,477
09/29/2015,BFI,WA,ANM,WE,Towers with Radar,39,53,68,0,160,0,31,203,2,236,39,84,271,2,396,128,0,128,524
09/30/2015,BFI,WA,ANM,WE,Towers with Radar,47,66,109,8,230,0,20,103,4,127,47,86,212,12,357,136,0,136,493
10/01/2015,BFI,WA,ANM,WE,Towers with Radar,34,51,97,0,182,0,30,169,0,199,34,81,266,0,381,124,0,124,505
10/02/2015,BFI,WA,ANM,WE,Towers with Radar,29,51,109,3,192,0,8,51,1,60,29,59,160,4,252,14,0,14,266
10/03/2015,BFI,WA,ANM,WE,Towers with Radar,18,30,55,1,104,0,13,268,0,281,18,43,323,1,385,68,0,68,453
10/04/2015,BFI,WA,ANM,WE,Towers with Radar,4,45,78,3,130,0,31,238,2,271,4,76,316,5,401,108,6,114,515
10/05/2015,BFI,WA,ANM,WE,Towers with Radar,30,36,89,0,155,0,23,192,0,215,30,59,281,0,370,70,0,70,440
10/06/2015,BFI,WA,ANM,WE,Towers with Radar,46,55,87,6,194,0,41,225,1,267,46,96,312,7,461,180,2,182,643
10/07/2015,BFI,WA,ANM,WE,Towers with Radar,44,73,75,0,192,0,10,11,0,21,44,83,86,0,213,12,0,12,225
10/08/2015,BFI,WA,ANM,WE,Towers with Radar,35,63,91,6,195,0,23,126,1,150,35,86,217,7,345,82,0,82,427
10/09/2015,BFI,WA,ANM,WE,Towers with Radar,62,56,86,4,208,0,38,87,0,125,62,94,173,4,333,46,0,46,379
10/10/2015,BFI,WA,ANM,WE,Towers with Radar,8,50,41,2,101,0,9,18,0,27,8,59,59,2,128,10,0,10,138
10/11/2015,BFI,WA,ANM,WE,Towers with Radar,7,49,66,0,122,0,21,172,0,193,7,70,238,0,315,122,0,122,437
10/12/2015,BFI,WA,ANM,WE,Towers with Radar,27,55,83,0,165,0,29,92,0,121,27,84,175,0,286,24,0,24,310
10/13/2015,BFI,WA,ANM,WE,Towers with Radar,34,78,120,0,232,0,17,64,0,81,34,95,184,0,313,106,0,106,419
10/14/2015,BFI,WA,ANM,WE,Towers with Radar,38,63,86,2,189,0,20,126,0,146,38,83,212,2,335,116,0,116,451
10/15/2015,BFI,WA,ANM,WE,Towers with Radar,40,68,76,9,193,0,21,221,2,244,40,89,297,11,437,136,0,136,573
10/16/2015,BFI,WA,ANM,WE,Towers with Radar,49,63,92,4,208,0,27,234,3,264,49,90,326,7,472,142,16,158,630
10/17/2015,BFI,WA,ANM,WE,Towers with Radar,11,28,49,2,90,0,17,188,1,206,11,45,237,3,296,102,0,102,398
10/18/2015,BFI,WA,ANM,WE,Towers with Radar,8,63,132,3,206,0,2,0,0,2,8,65,132,3,208,0,0,0,208
10/19/2015,BFI,WA,ANM,WE,Towers with Radar,24,47,84,1,156,0,15,60,5,80,24,62,144,6,236,84,0,84,320
10/20/2015,BFI,WA,ANM,WE,Towers with Radar,43,68,93,0,204,0,37,143,0,180,43,105,236,0,384,188,0,188,572
10/21/2015,BFI,WA,ANM,WE,Towers with Radar,52,57,93,0,202,0,19,167,1,187,52,76,260,1,389,212,4,216,605
10/22/2015,BFI,WA,ANM,WE,Towers with Radar,36,63,82,3,184,0,25,154,3,182,36,88,236,6,366,128,10,138,504
10/23/2015,BFI,WA,ANM,WE,Towers with Radar,53,54,81,4,192,0,21,139,0,160,53,75,220,4,352,42,0,42,394
10/24/2015,BFI,WA,ANM,WE,Towers with Radar,11,30,50,1,92,0,6,124,0,130,11,36,174,1,222,142,0,142,364
10/25/2015,BFI,WA,ANM,WE,Towers with Radar,15,38,52,0,105,0,16,107,0,123,15,54,159,0,228,96,0,96,324
10/26/2015,BFI,WA,ANM,WE,Towers with Radar,27,69,124,0,220,0,12,34,1,47,27,81,158,1,267,22,0,22,289
10/27/2015,BFI,WA,ANM,WE,Towers with Radar,44,57,66,2,169,0,45,225,1,271,44,102,291,3,440,252,0,252,692
10/28/2015,BFI,WA,ANM,WE,Towers with Radar,41,62,96,0,199,0,13,56,2,71,41,75,152,2,270,40,0,40,310
10/29/2015,BFI,WA,ANM,WE,Towers with Radar,42,71,70,5,188,0,23,59,4,86,42,94,129,9,274,120,6,126,400
10/30/2015,BFI,WA,ANM,WE,Towers with Radar,36,58,62,2,158,0,9,50,0,59,36,67,112,2,217,12,0,12,229
10/31/2015,BFI,WA,ANM,WE,Towers with Radar,9,41,40,2,92,0,6,3,0,9,9,47,43,2,101,0,0,0,101
11/01/2015,BFI,WA,ANM,WE,Towers with Radar,7,15,57,0,79,0,11,10,2,23,7,26,67,2,102,4,0,4,106
11/02/2015,BFI,WA,ANM,WE,Towers with Radar,28,51,76,0,155,0,16,92,0,108,28,67,168,0,263,122,0,122,385
11/03/2015,BFI,WA,ANM,WE,Towers with Radar,37,54,78,5,174,0,33,107,0,140,37,87,185,5,314,124,27,151,465
11/04/2015,BFI,WA,ANM,WE,Towers with Radar,30,57,112,2,201,0,20,211,1,232,30,77,323,3,433,146,0,146,579
11/05/2015,BFI,WA,ANM,WE,Towers with Radar,44,74,108,0,226,0,18,102,0,120,44,92,210,0,346,36,0,36,382
11/06/2015,BFI,WA,ANM,WE,Towers with Radar,42,73,87,1,203,0,17,124,0,141,42,90,211,1,344,132,0,132,476
11/07/2015,BFI,WA,ANM,WE,Towers with Radar,15,38,48,2,103,0,7,43,0,50,15,45,91,2,153,80,0,80,233
11/08/2015,BFI,WA,ANM,WE,Towers with Radar,9,27,70,0,106,0,16,66,0,82,9,43,136,0,188,146,0,146,334
11/09/2015,BFI,WA,ANM,WE,Towers with Radar,26,57,78,4,165,0,6,49,0,55,26,63,127,4,220,59,0,59,279
11/10/2015,BFI,WA,ANM,WE,Towers with Radar,32,70,83,0,185,0,17,126,0,143,32,87,209,0,328,180,0,180,508
11/11/2015,BFI,WA,ANM,WE,Towers with Radar,34,67,76,3,180,0,15,105,1,121,34,82,181,4,301,124,0,124,425
11/12/2015,BFI,WA,ANM,WE,Towers with Radar,55,68,77,2,202,1,9,44,1,55,56,77,121,3,257,44,0,44,301
11/13/2015,BFI,WA,ANM,WE,Towers with Radar,35,72,85,2,194,0,5,6,0,11,35,77,91,2,205,0,0,0,205
11/14/2015,BFI,WA,ANM,WE,Towers with Radar,9,53,49,0,111,0,3,31,0,34,9,56,80,0,145,38,0,38,183
11/15/2015,BFI,WA,ANM,WE,Towers with Radar,5,48,91,0,144,0,3,119,1,123,5,51,210,1,267,116,0,116,383
11/16/2015,BFI,WA,ANM,WE,Towers with Radar,22,58,83,1,164,0,4,76,3,83,22,62,159,4,247,22,2,24,271
11/17/2015,BFI,WA,ANM,WE,Towers with Radar,28,54,61,0,143,0,3,14,0,17,28,57,75,0,160,0,0,0,160
11/18/2015,BFI,WA,ANM,WE,Towers with Radar,53,58,78,2,191,0,11,114,1,126,53,69,192,3,317,110,0,110,427
11/19/2015,BFI,WA,ANM,WE,Towers with Radar,41,62,81,0,184,0,20,122,0,142,41,82,203,0,326,106,0,106,432
11/20/2015,BFI,WA,ANM,WE,Towers with Radar,52,76,100,1,229,0,31,162,1,194,52,107,262,2,423,91,0,91,514
11/21/2015,BFI,WA,ANM,WE,Towers with Radar,24,37,59,0,120,0,19,235,1,255,24,56,294,1,375,177,0,177,552
11/22/2015,BFI,WA,ANM,WE,Towers with Radar,11,49,73,2,135,0,12,174,2,188,11,61,247,4,323,98,2,100,423
11/23/2015,BFI,WA,ANM,WE,Towers with Radar,34,54,69,2,159,0,8,76,0,84,34,62,145,2,243,78,0,78,321
11/24/2015,BFI,WA,ANM,WE,Towers with Radar,34,45,65,0,144,0,18,53,1,72,34,63,118,1,216,34,0,34,250
11/25/2015,BFI,WA,ANM,WE,Towers with Radar,38,53,66,2,159,0,52,156,0,208,38,105,222,2,367,130,2,132,499
11/26/2015,BFI,WA,ANM,WE,Towers with Radar,14,10,30,0,54,0,16,61,0,77,14,26,91,0,131,30,0,30,161
11/27/2015,BFI,WA,ANM,WE,Towers with Radar,24,36,38,1,99,0,37,134,1,172,24,73,172,2,271,90,0,90,361
11/28/2015,BFI,WA,ANM,WE,Towers with Radar,20,38,54,1,113,0,14,139,2,155,20,52,193,3,268,52,0,52,320
11/29/2015,BFI,WA,ANM,WE,Towers with Radar,6,50,107,1,164,0,0,2,0,2,6,50,109,1,166,0,0,0,166
11/30/2015,BFI,WA,ANM,WE,Towers with Radar,20,50,73,1,144,0,15,69,0,84,20,65,142,1,228,60,0,60,288
12/01/2015,BFI,WA,ANM,WE,Towers with Radar,31,56,74,1,162,0,22,118,0,140,31,78,192,1,302,183,0,183,485
12/02/2015,BFI,WA,ANM,WE,Towers with Radar,37,47,86,0,170,0,22,85,0,107,37,69,171,0,277,106,0,106,383
12/03/2015,BFI,WA,ANM,WE,Towers with Radar,32,42,57,0,131,0,11,66,1,78,32,53,123,1,209,36,0,36,245
12/04/2015,BFI,WA,ANM,WE,Towers with Radar,41,61,74,0,176,0,13,79,0,92,41,74,153,0,268,60,0,60,328
12/05/2015,BFI,WA,ANM,WE,Towers with Radar,27,32,40,0,99,0,7,13,0,20,27,39,53,0,119,18,0,18,137
12/06/2015,BFI,WA,ANM,WE,Towers with Radar,11,44,51,1,107,0,5,56,0,61,11,49,107,1,168,52,0,52,220
12/07/2015,BFI,WA,ANM,WE,Towers with Radar,31,54,64,2,151,0,5,23,0,28,31,59,87,2,179,20,12,32,211
12/08/2015,BFI,WA,ANM,WE,Towers with Radar,42,64,88,6,200,0,10,12,0,22,42,74,100,6,222,6,0,6,228
12/09/2015,BFI,WA,ANM,WE,Towers with Radar,35,49,93,3,180,0,29,71,0,100,35,78,164,3,280,38,0,38,318
12/10/2015,BFI,WA,ANM,WE,Towers with Radar,38,49,58,5,150,0,19,26,0,45,38,68,84,5,195,22,0,22,217
12/11/2015,BFI,WA,ANM,WE,Towers with Radar,44,64,79,3,190,0,14,115,1,130,44,78,194,4,320,114,0,114,434
12/12/2015,BFI,WA,ANM,WE,Towers with Radar,14,36,44,2,96,0,6,25,0,31,14,42,69,2,127,46,0,46,173
12/13/2015,BFI,WA,ANM,WE,Towers with Radar,19,51,41,0,111,0,6,20,0,26,19,57,61,0,137,0,0,0,137
12/14/2015,BFI,WA,ANM,WE,Towers with Radar,27,50,74,2,153,6,33,152,1,192,33,83,226,3,345,62,0,62,407
12/15/2015,BFI,WA,ANM,WE,Towers with Radar,45,71,84,0,200,0,17,48,0,65,45,88,132,0,265,82,2,84,349
12/16/2015,BFI,WA,ANM,WE,Towers with Radar,48,50,64,7,169,0,11,126,0,137,48,61,190,7,306,88,32,120,426
12/17/2015,BFI,WA,ANM,WE,Towers with Radar,48,45,66,2,161,0,12,26,1,39,48,57,92,3,200,26,16,42,242
12/18/2015,BFI,WA,ANM,WE,Towers with Radar,75,69,90,2,236,0,16,31,0,47,75,85,121,2,283,28,0,28,311
12/19/2015,BFI,WA,ANM,WE,Towers with Radar,26,44,54,2,126,0,6,105,2,113,26,50,159,4,239,136,0,136,375
12/20/2015,BFI,WA,ANM,WE,Towers with Radar,24,30,66,0,120,0,12,60,0,72,24,42,126,0,192,16,0,16,208
12/21/2015,BFI,WA,ANM,WE,Towers with Radar,28,56,63,1,148,0,4,21,0,25,28,60,84,1,173,20,0,20,193
12/22/2015,BFI,WA,ANM,WE,Towers with Radar,48,57,59,4,168,0,19,108,0,127,48,76,167,4,295,126,0,126,421
12/23/2015,BFI,WA,ANM,WE,Towers with Radar,43,61,51,0,155,0,8,28,0,36,43,69,79,0,191,18,0,18,209
12/24/2015,BFI,WA,ANM,WE,Towers with Radar,28,60,27,0,115,0,5,11,0,16,28,65,38,0,131,18,0,18,149
12/25/2015,BFI,WA,ANM,WE,Towers with Radar,0,25,12,0,37,0,1,2,0,3,0,26,14,0,40,0,0,0,40
12/26/2015,BFI,WA,ANM,WE,Towers with Radar,6,37,61,0,104,0,12,93,0,105,6,49,154,0,209,86,0,86,295
12/27/2015,BFI,WA,ANM,WE,Towers with Radar,5,55,83,0,143,0,12,15,1,28,5,67,98,1,171,30,0,30,201
12/28/2015,BFI,WA,ANM,WE,Towers with Radar,12,54,48,0,114,0,7,37,0,44,12,61,85,0,158,34,0,34,192
12/29/2015,BFI,WA,ANM,WE,Towers with Radar,33,50,53,4,140,0,39,121,0,160,33,89,174,4,300,104,0,104,404
12/30/2015,BFI,WA,ANM,WE,Towers with Radar,24,49,36,2,111,0,31,168,0,199,24,80,204,2,310,158,0,158,468
12/31/2015,BFI,WA,ANM,WE,Towers with Radar,21,50,33,0,104,0,24,175,0,199,21,74,208,0,303,102,0,102,405
01/01/2016,BFI,WA,ANM,WE,Towers with Radar,3,25,19,0,47,0,20,71,0,91,3,45,90,0,138,39,0,39,177
01/02/2016,BFI,WA,ANM,WE,Towers with Radar,15,41,71,0,127,0,19,164,0,183,15,60,235,0,310,50,0,50,360
01/03/2016,BFI,WA,ANM,WE,Towers with Radar,11,46,72,0,129,0,8,119,0,127,11,54,191,0,256,171,0,171,427
01/04/2016,BFI,WA,ANM,WE,Towers with Radar,18,56,46,0,120,0,0,0,0,0,18,56,46,0,120,0,0,0,120
01/05/2016,BFI,WA,ANM,WE,Towers with Radar,36,76,52,0,164,0,10,43,0,53,36,86,95,0,217,70,0,70,287
01/06/2016,BFI,WA,ANM,WE,Towers with Radar,34,55,70,0,159,0,27,140,0,167,34,82,210,0,326,102,0,102,428
01/07/2016,BFI,WA,ANM,WE,Towers with Radar,32,60,52,2,146,0,8,49,0,57,32,68,101,2,203,38,0,38,241
01/08/2016,BFI,WA,ANM,WE,Towers with Radar,46,57,94,0,197,0,12,85,0,97,46,69,179,0,294,99,0,99,393
01/09/2016,BFI,WA,ANM,WE,Towers with Radar,30,28,28,1,87,0,10,134,0,144,30,38,162,1,231,100,0,100,331
01/10/2016,BFI,WA,ANM,WE,Towers with Radar,9,28,49,1,87,0,7,164,0,171,9,35,213,1,258,132,0,132,390
01/11/2016,BFI,WA,ANM,WE,Towers with Radar,22,53,68,0,143,0,16,74,1,91,22,69,142,1,234,78,0,78,312
01/12/2016,BFI,WA,ANM,WE,Towers with Radar,34,63,54,0,151,0,17,57,0,74,34,80,111,0,225,78,0,78,303
01/13/2016,BFI,WA,ANM,WE,Towers with Radar,84,59,78,0,221,0,10,27,0,37,84,69,105,0,258,16,0,16,274
01/14/2016,BFI,WA,ANM,WE,Towers with Radar,36,64,79,6,185,0,22,118,1,141,36,86,197,7,326,130,6,136,462
01/15/2016,BFI,WA,ANM,WE,Towers with Radar,57,66,86,1,210,0,17,64,1,82,57,83,150,2,292,40,0,40,332
01/16/2016,BFI,WA,ANM,WE,Towers with Radar,25,38,44,2,109,0,8,60,1,69,25,46,104,3,178,154,0,154,332
01/17/2016,BFI,WA,ANM,WE,Towers with Radar,23,34,55,0,112,0,16,63,0,79,23,50,118,0,191,90,0,90,281
01/18/2016,BFI,WA,ANM,WE,Towers with Radar,25,53,88,0,166,0,18,141,0,159,25,71,229,0,325,126,0,126,451
01/19/2016,BFI,WA,ANM,WE,Towers with Radar,37,61,62,0,160,0,6,82,0,88,37,67,144,0,248,34,0,34,282
01/20/2016,BFI,WA,ANM,WE,Towers with Radar,39,61,87,0,187,0,15,76,0,91,39,76,163,0,278,60,0,60,338
01/21/2016,BFI,WA,ANM,WE,Towers with Radar,41,63,68,1,173,0,12,44,0,56,41,75,112,1,229,36,0,36,265
01/22/2016,BFI,WA,ANM,WE,Towers with Radar,41,66,77,0,184,0,25,113,4,142,41,91,190,4,326,46,4,50,376
01/23/2016,BFI,WA,ANM,WE,Towers with Radar,9,47,42,2,100,0,5,13,0,18,9,52,55,2,118,28,0,28,146
01/24/2016,BFI,WA,ANM,WE,Towers with Radar,16,40,52,4,112,0,8,248,0,256,16,48,300,4,368,200,0,200,568
01/25/2016,BFI,WA,ANM,WE,Towers with Radar,49,45,73,0,167,0,14,150,0,164,49,59,223,0,331,94,0,94,425
01/26/2016,BFI,WA,ANM,WE,Towers with Radar,50,55,49,0,154,0,11,27,1,39,50,66,76,1,193,16,0,16,209
01/27/2016,BFI,WA,ANM,WE,Towers with Radar,37,58,82,2,179,0,17,96,0,113,37,75,178,2,292,48,0,48,340
01/28/2016,BFI,WA,ANM,WE,Towers with Radar,41,51,77,0,169,0,16,94,0,110,41,67,171,0,279,42,0,42,321
01/29/2016,BFI,WA,ANM,WE,Towers with Radar,44,58,78,3,183,0,20,75,0,95,44,78,153,3,278,40,0,40,318
01/30/2016,BFI,WA,ANM,WE,Towers with Radar,12,33,27,0,72,0,8,100,0,108,12,41,127,0,180,197,0,197,377
01/31/2016,BFI,WA,ANM,WE,Towers with Radar,14,45,56,0,115,0,3,139,0,142,14,48,195,0,257,146,0,146,403
02/01/2016,BFI,WA,ANM,WE,Towers with Radar,32,47,59,0,138,0,9,105,0,114,32,56,164,0,252,88,0,88,340
02/02/2016,BFI,WA,ANM,WE,Towers with Radar,35,56,80,0,171,0,31,211,0,242,35,87,291,0,413,138,0,138,551
02/03/2016,BFI,WA,ANM,WE,Towers with Radar,35,53,89,0,177,0,14,44,1,59,35,67,133,1,236,108,0,108,344
02/04/2016,BFI,WA,ANM,WE,Towers with Radar,42,60,91,2,195,0,16,82,3,101,42,76,173,5,296,80,14,94,390
02/05/2016,BFI,WA,ANM,WE,Towers with Radar,31,63,78,11,183,0,24,87,0,111,31,87,165,11,294,54,6,60,354
02/06/2016,BFI,WA,ANM,WE,Towers with Radar,13,39,38,2,92,0,5,163,0,168,13,44,201,2,260,159,0,159,419
02/07/2016,BFI,WA,ANM,WE,Towers with Radar,4,24,47,0,75,0,21,147,0,168,4,45,194,0,243,102,0,102,345
02/08/2016,BFI,WA,ANM,WE,Towers with Radar,27,55,94,6,182,0,31,160,0,191,27,86,254,6,373,96,0,96,469
02/09/2016,BFI,WA,ANM,WE,Towers with Radar,37,56,64,0,157,0,25,173,0,198,37,81,237,0,355,86,0,86,441
02/10/2016,BFI,WA,ANM,WE,Towers with Radar,40,61,93,4,198,1,28,101,1,131,41,89,194,5,329,60,2,62,391
02/11/2016,BFI,WA,ANM,WE,Towers with Radar,44,52,98,5,199,0,23,83,0,106,44,75,181,5,305,112,0,112,417
02/12/2016,BFI,WA,ANM,WE,Towers with Radar,52,66,85,1,204,0,20,80,0,100,52,86,165,1,304,46,0,46,350
02/13/2016,BFI,WA,ANM,WE,Towers with Radar,9,42,53,1,105,0,6,78,0,84,9,48,131,1,189,94,0,94,283
02/14/2016,BFI,WA,ANM,WE,Towers with Radar,5,27,61,0,93,0,5,48,0,53,5,32,109,0,146,12,0,12,158
02/15/2016,BFI,WA,ANM,WE,Towers with Radar,26,73,96,0,195,0,7,6,0,13,26,80,102,0,208,12,0,12,220
02/16/2016,BFI,WA,ANM,WE,Towers with Radar,40,60,79,2,181,0,16,115,0,131,40,76,194,2,312,86,0,86,398
02/17/2016,BFI,WA,ANM,WE,Towers with Radar,36,52,80,0,168,0,33,123,0,156,36,85,203,0,324,110,0,110,434
02/18/2016,BFI,WA,ANM,WE,Towers with Radar,51,67,64,3,185,0,29,75,5,109,51,96,139,8,294,122,0,122,416
02/19/2016,BFI,WA,ANM,WE,Towers with Radar,51,68,57,6,182,0,29,43,0,72,51,97,100,6,254,46,0,46,300
02/20/2016,BFI,WA,ANM,WE,Towers with Radar,21,28,63,9,121,0,24,239,3,266,21,52,302,12,387,132,0,132,519
02/21/2016,BFI,WA,ANM,WE,Towers with Radar,16,44,62,0,122,0,3,103,0,106,16,47,165,0,228,144,0,144,372
02/22/2016,BFI,WA,ANM,WE,Towers with Radar,39,43,77,5,164,0,7,92,1,100,39,50,169,6,264,32,0,32,296
02/23/2016,BFI,WA,ANM,WE,Towers with Radar,47,51,75,2,175,1,59,236,0,296,48,110,311,2,471,222,0,222,693
02/24/2016,BFI,WA,ANM,WE,Towers with Radar,39,68,85,5,197,0,36,199,0,235,39,104,284,5,432,204,0,204,636
02/25/2016,BFI,WA,ANM,WE,Towers with Radar,36,57,89,2,184,0,38,237,2,277,36,95,326,4,461,212,3,215,676
02/26/2016,BFI,WA,ANM,WE,Towers with Radar,32,50,92,3,177,0,22,138,0,160,32,72,230,3,337,181,0,181,518
02/27/2016,BFI,WA,ANM,WE,Towers with Radar,20,32,57,0,109,0,8,100,0,108,20,40,157,0,217,122,0,122,339
02/28/2016,BFI,WA,ANM,WE,Towers with Radar,11,37,45,0,93,0,6,31,0,37,11,43,76,0,130,82,0,82,212
02/29/2016,BFI,WA,ANM,WE,Towers with Radar,23,45,64,0,132,0,17,118,0,135,23,62,182,0,267,82,0,82,349
03/01/2016,BFI,WA,ANM,WE,Towers with Radar,38,55,53,1,147,0,22,29,0,51,38,77,82,1,198,20,2,22,220
03/02/2016,BFI,WA,ANM,WE,Towers with Radar,36,58,65,2,161,0,19,86,0,105,36,77,151,2,266,154,0,154,420
03/03/2016,BFI,WA,ANM,WE,Towers with Radar,34,76,75,2,187,0,26,85,0,111,34,102,160,2,298,85,34,119,417
03/04/2016,BFI,WA,ANM,WE,Towers with Radar,32,49,63,0,144,1,33,109,0,143,33,82,172,0,287,173,0,173,460
03/05/2016,BFI,WA,ANM,WE,Towers with Radar,17,28,29,0,74,0,14,184,0,198,17,42,213,0,272,233,0,233,505
03/06/2016,BFI,WA,ANM,WE,Towers with Radar,8,50,44,0,102,0,8,45,0,53,8,58,89,0,155,52,0,52,207
03/07/2016,BFI,WA,ANM,WE,Towers with Radar,81,50,61,0,192,0,11,38,2,51,81,61,99,2,243,96,0,96,339
03/08/2016,BFI,WA,ANM,WE,Towers with Radar,41,52,63,3,159,0,24,141,0,165,41,76,204,3,324,126,1,127,451
03/09/2016,BFI,WA,ANM,WE,Towers with Radar,37,89,81,3,210,0,21,74,5,100,37,110,155,8,310,94,10,104,414
03/10/2016,BFI,WA,ANM,WE,Towers with Radar,48,54,72,0,174,0,16,24,4,44,48,70,96,4,218,0,0,0,218
03/11/2016,BFI,WA,ANM,WE,Towers with Radar,37,50,91,3,181,0,18,134,0,152,37,68,225,3,333,64,0,64,397
03/12/2016,BFI,WA,ANM,WE,Towers with Radar,32,28,41,2,103,0,8,44,0,52,32,36,85,2,155,34,0,34,189
03/13/2016,BFI,WA,ANM,WE,Towers with Radar,33,36,55,1,125,0,2,14,0,16,33,38,69,1,141,4,0,4,145
03/14/2016,BFI,WA,ANM,WE,Towers with Radar,42,49,77,0,168,0,12,35,0,47,42,61,112,0,215,14,0,14,229
03/15/2016,BFI,WA,ANM,WE,Towers with Radar,40,62,57,2,161,0,18,96,0,114,40,80,153,2,275,48,0,48,323
03/16/2016,BFI,WA,ANM,WE,Towers with Radar,44,56,103,6,209,0,46,216,1,263,44,102,319,7,472,124,0,124,596
03/17/2016,BFI,WA,ANM,WE,Towers with Radar,46,39,86,0,171,0,44,245,3,292,46,83,331,3,463,80,0,80,543
03/18/2016,BFI,WA,ANM,WE,Towers with Radar,38,53,95,0,186,0,51,174,2,227,38,104,269,2,413,92,0,92,505
03/19/2016,BFI,WA,ANM,WE,Towers with Radar,7,38,49,0,94,0,46,223,0,269,7,84,272,0,363,214,0,214,577
03/20/2016,BFI,WA,ANM,WE,Towers with Radar,12,30,72,1,115,0,13,100,0,113,12,43,172,1,228,208,0,208,436
03/21/2016,BFI,WA,ANM,WE,Towers with Radar,30,65,75,2,172,0,11,31,0,42,30,76,106,2,214,62,0,62,276
03/22/2016,BFI,WA,ANM,WE,Towers with Radar,45,64,82,2,193,0,24,139,6,169,45,88,221,8,362,110,2,112,474
03/23/2016,BFI,WA,ANM,WE,Towers with Radar,43,68,81,2,194,0,10,93,2,105,43,78,174,4,299,86,0,86,385
03/24/2016,BFI,WA,ANM,WE,Towers with Radar,43,70,88,2,203,0,27,95,0,122,43,97,183,2,325,56,0,56,381
03/25/2016,BFI,WA,ANM,WE,Towers with Radar,59,59,69,0,187,0,32,196,1,229,59,91,265,1,416,170,0,170,586
03/26/2016,BFI,WA,ANM,WE,Towers with Radar,22,21,50,0,93,0,34,229,0,263,22,55,279,0,356,280,0,280,636
03/27/2016,BFI,WA,ANM,WE,Towers with Radar,8,51,60,0,119,0,5,48,0,53,8,56,108,0,172,50,0,50,222
03/28/2016,BFI,WA,ANM,WE,Towers with Radar,34,55,73,2,164,0,16,121,1,138,34,71,194,3,302,116,0,116,418
03/29/2016,BFI,WA,ANM,WE,Towers with Radar,38,64,67,5,174,0,48,173,0,221,38,112,240,5,395,124,0,124,519
03/30/2016,BFI,WA,ANM,WE,Towers with Radar,64,60,63,5,192,0,41,231,0,272,64,101,294,5,464,174,0,174,638
03/31/2016,BFI,WA,ANM,WE,Towers with Radar,41,50,72,2,165,0,42,235,0,277,41,92,307,2,442,132,0,132,574
04/01/2016,BFI,WA,ANM,WE,Towers with Radar,44,66,76,3,189,0,26,243,1,270,44,92,319,4,459,188,0,188,647
04/02/2016,BFI,WA,ANM,WE,Towers with Radar,25,58,63,2,148,0,6,205,2,213,25,64,268,4,361,76,6,82,443
04/03/2016,BFI,WA,ANM,WE,Towers with Radar,6,33,77,1,117,0,34,247,0,281,6,67,324,1,398,152,0,152,550
04/04/2016,BFI,WA,ANM,WE,Towers with Radar,46,47,65,0,158,0,21,39,0,60,46,68,104,0,218,12,0,12,230
04/05/2016,BFI,WA,ANM,WE,Towers with Radar,43,70,70,3,186,1,31,121,0,153,44,101,191,3,339,150,0,150,489
04/06/2016,BFI,WA,ANM,WE,Towers with Radar,37,54,66,2,159,0,35,200,2,237,37,89,266,4,396,342,2,344,740
04/07/2016,BFI,WA,ANM,WE,Towers with Radar,38,55,72,2,167,1,41,291,0,333,39,96,363,2,500,217,0,217,717
04/08/2016,BFI,WA,ANM,WE,Towers with Radar,47,44,63,6,160,0,32,202,0,234,47,76,265,6,394,154,0,154,548
04/09/2016,BFI,WA,ANM,WE,Towers with Radar,7,39,74,1,121,0,21,270,0,291,7,60,344,1,412,166,0,166,578
04/10/2016,BFI,WA,ANM,WE,Towers with Radar,17,63,80,1,161,0,10,159,0,169,17,73,239,1,330,190,0,190,520
04/11/2016,BFI,WA,ANM,WE,Towers with Radar,41,57,94,2,194,0,21,100,0,121,41,78,194,2,315,108,0,108,423
04/12/2016,BFI,WA,ANM,WE,Towers with Radar,43,49,83,0,175,0,28,53,0,81,43,77,136,0,256,112,0,112,368
04/13/2016,BFI,WA,ANM,WE,Towers with Radar,38,59,76,0,173,4,36,116,1,157,42,95,192,1,330,130,0,130,460
04/14/2016,BFI,WA,ANM,WE,Towers with Radar,49,56,86,2,193,0,34,137,0,171,49,90,223,2,364,172,6,178,542
04/15/2016,BFI,WA,ANM,WE,Towers with Radar,86,58,70,0,214,0,25,133,1,159,86,83,203,1,373,156,0,156,529
04/16/2016,BFI,WA,ANM,WE,Towers with Radar,14,42,54,0,110,0,37,241,0,278,14,79,295,0,388,198,0,198,586
04/17/2016,BFI,WA,ANM,WE,Towers with Radar,13,30,60,0,103,0,20,222,0,242,13,50,282,0,345,74,0,74,419
04/18/2016,BFI,WA,ANM,WE,Towers with Radar,22,46,76,0,144,1,32,199,0,232,23,78,275,0,376,124,0,124,500
04/19/2016,BFI,WA,ANM,WE,Towers with Radar,48,58,75,0,181,0,41,225,1,267,48,99,300,1,448,80,0,80,528
04/20/2016,BFI,WA,ANM,WE,Towers with Radar,46,58,94,2,200,0,55,175,1,231,46,113,269,3,431,152,0,152,583
04/21/2016,BFI,WA,ANM,WE,Towers with Radar,37,55,108,2,202,0,37,199,0,236,37,92,307,2,438,163,0,163,601
04/22/2016,BFI,WA,ANM,WE,Towers with Radar,48,45,89,0,182,0,30,96,1,127,48,75,185,1,309,80,0,80,389
04/23/2016,BFI,WA,ANM,WE,Towers with Radar,22,35,50,0,107,0,7,142,0,149,22,42,192,0,256,88,0,88,344
04/24/2016,BFI,WA,ANM,WE,Towers with Radar,8,37,75,0,120,0,6,50,0,56,8,43,125,0,176,40,0,40,216
04/25/2016,BFI,WA,ANM,WE,Towers with Radar,32,59,64,1,156,0,25,82,2,109,32,84,146,3,265,135,0,135,400
04/26/2016,BFI,WA,ANM,WE,Towers with Radar,44,50,95,5,194,0,23,180,0,203,44,73,275,5,397,156,0,156,553
04/27/2016,BFI,WA,ANM,WE,Towers with Radar,39,51,75,6,171,0,20,155,0,175,39,71,230,6,346,124,0,124,470
04/28/2016,BFI,WA,ANM,WE,Towers with Radar,50,57,96,2,205,0,34,195,1,230,50,91,291,3,435,30,0,30,465
04/29/2016,BFI,WA,ANM,WE,Towers with Radar,70,53,109,7,239,0,30,121,0,151,70,83,230,7,390,184,0,184,574
04/30/2016,BFI,WA,ANM,WE,Towers with Radar,14,49,57,6,126,0,37,275,2,314,14,86,332,8,440,92,0,92,532
05/01/2016,BFI,WA,ANM,WE,Towers with Radar,21,35,91,4,151,0,29,307,2,338,21,64,398,6,489,94,0,94,583
05/02/2016,BFI,WA,ANM,WE,Towers with Radar,49,55,85,6,195,0,23,220,1,244,49,78,305,7,439,182,0,182,621
05/03/2016,BFI,WA,ANM,WE,Towers with Radar,43,59,61,2,165,0,34,175,2,211,43,93,236,4,376,94,0,94,470
05/04/2016,BFI,WA,ANM,WE,Towers with Radar,36,66,78,2,182,0,24,100,2,126,36,90,178,4,308,104,2,106,414
05/05/2016,BFI,WA,ANM,WE,Towers with Radar,48,56,98,7,209,0,46,205,1,252,48,102,303,8,461,68,0,68,529
05/06/2016,BFI,WA,ANM,WE,Towers with Radar,48,46,73,5,172,0,42,255,0,297,48,88,328,5,469,118,0,118,587
05/07/2016,BFI,WA,ANM,WE,Towers with Radar,30,25,60,0,115,0,23,335,0,358,30,48,395,0,473,156,0,156,629
05/08/2016,BFI,WA,ANM,WE,Towers with Radar,8,42,52,1,103,0,15,145,0,160,8,57,197,1,263,94,0,94,357
05/09/2016,BFI,WA,ANM,WE,Towers with Radar,29,67,115,0,211,0,31,95,0,126,29,98,210,0,337,70,0,70,407
05/10/2016,BFI,WA,ANM,WE,Towers with Radar,49,68,110,3,230,0,59,230,0,289,49,127,340,3,519,92,6,98,617
05/11/2016,BFI,WA,ANM,WE,Towers with Radar,53,75,100,1,229,1,71,232,2,306,54,146,332,3,535,190,0,190,725
05/12/2016,BFI,WA,ANM,WE,Towers with Radar,47,56,109,1,213,1,60,185,2,248,48,116,294,3,461,117,0,117,578
05/13/2016,BFI,WA,ANM,WE,Towers with Radar,50,65,81,2,198,0,62,275,0,337,50,127,356,2,535,162,0,162,697
05/14/2016,BFI,WA,ANM,WE,Towers with Radar,12,41,43,0,96,0,11,145,0,156,12,52,188,0,252,206,0,206,458
05/15/2016,BFI,WA,ANM,WE,Towers with Radar,7,58,89,0,154,0,10,66,0,76,7,68,155,0,230,36,0,36,266
05/16/2016,BFI,WA,ANM,WE,Towers with Radar,39,70,98,0,207,0,17,68,2,87,39,87,166,2,294,38,2,40,334
05/17/2016,BFI,WA,ANM,WE,Towers with Radar,47,40,67,2,156,0,54,223,0,277,47,94,290,2,433,128,0,128,561
05/18/2016,BFI,WA,ANM,WE,Towers with Radar,45,54,99,0,198,0,34,144,0,178,45,88,243,0,376,79,0,79,455
05/19/2016,BFI,WA,ANM,WE,Towers with Radar,43,74,93,0,210,0,35,106,0,141,43,109,199,0,351,158,4,162,513
05/20/2016,BFI,WA,ANM,WE,Towers with Radar,86,66,109,0,261,2,27,242,0,271,88,93,351,0,532,154,0,154,686
05/21/2016,BFI,WA,ANM,WE,Towers with Radar,8,37,63,0,108,0,11,70,1,82,8,48,133,1,190,2,0,2,192
05/22/2016,BFI,WA,ANM,WE,Towers with Radar,16,60,72,1,149,0,6,169,0,175,16,66,241,1,324,114,0,114,438
05/23/2016,BFI,WA,ANM,WE,Towers with Radar,52,58,96,4,210,0,23,89,1,113,52,81,185,5,323,44,0,44,367
05/24/2016,BFI,WA,ANM,WE,Towers with Radar,40,88,92,2,222,0,42,183,2,227,40,130,275,4,449,150,0,150,599
05/25/2016,BFI,WA,ANM,WE,Towers with Radar,48,69,111,6,234,0,40,209,0,249,48,109,320,6,483,108,0,108,591
05/26/2016,BFI,WA,ANM,WE,Towers with Radar,45,55,95,1,196,0,39,116,0,155,45,94,211,1,351,46,0,46,397
05/27/2016,BFI,WA,ANM,WE,Towers with Radar,95,64,110,0,269,0,38,191,0,229,95,102,301,0,498,192,0,192,690
05/28/2016,BFI,WA,ANM,WE,Towers with Radar,6,39,53,0,98,0,12,85,0,97,6,51,138,0,195,60,0,60,255
05/29/2016,BFI,WA,ANM,WE,Towers with Radar,3,39,44,2,88,0,37,109,4,150,3,76,153,6,238,52,0,52,290
05/30/2016,BFI,WA,ANM,WE,Towers with Radar,2,36,100,1,139,0,21,307,0,328,2,57,407,1,467,102,0,102,569
05/31/2016,BFI,WA,ANM,WE,Towers with Radar,20,65,70,1,156,0,62,215,0,277,20,127,285,1,433,112,0,112,545
06/01/2016,BFI,WA,ANM,WE,Towers with Radar,33,66,97,2,198,0,57,123,0,180,33,123,220,2,378,136,0,136,514
06/02/2016,BFI,WA,ANM,WE,Towers with Radar,29,55,90,0,174,0,22,123,0,145,29,77,213,0,319,47,0,47,366
06/03/2016,BFI,WA,ANM,WE,Towers with Radar,29,48,87,1,165,0,63,185,1,249,29,111,272,2,414,128,0,128,542
06/04/2016,BFI,WA,ANM,WE,Towers with Radar,28,37,64,0,129,0,28,282,1,311,28,65,346,1,440,84,0,84,524
06/05/2016,BFI,WA,ANM,WE,Towers with Radar,9,45,68,0,122,0,16,268,0,284,9,61,336,0,406,146,0,146,552
06/06/2016,BFI,WA,ANM,WE,Towers with Radar,23,44,74,3,144,0,37,209,7,253,23,81,283,10,397,48,0,48,445
06/07/2016,BFI,WA,ANM,WE,Towers with Radar,33,62,108,6,209,0,77,248,6,331,33,139,356,12,540,134,5,139,679
06/08/2016,BFI,WA,ANM,WE,Towers with Radar,35,64,81,2,182,0,35,172,0,207,35,99,253,2,389,66,0,66,455
06/09/2016,BFI,WA,ANM,WE,Towers with Radar,33,67,115,5,220,0,35,177,4,216,33,102,292,9,436,74,0,74,510
06/10/2016,BFI,WA,ANM,WE,Towers with Radar,32,63,74,7,176,0,69,149,0,218,32,132,223,7,394,114,0,114,508
06/11/2016,BFI,WA,ANM,WE,Towers with Radar,7,31,73,0,111,0,24,251,5,280,7,55,324,5,391,156,0,156,547
06/12/2016,BFI,WA,ANM,WE,Towers with Radar,5,42,103,2,152,0,20,271,2,293,5,62,374,4,445,178,0,178,623
06/13/2016,BFI,WA,ANM,WE,Towers with Radar,19,59,105,3,186,0,38,99,0,137,19,97,204,3,323,26,0,26,349
06/14/2016,BFI,WA,ANM,WE,Towers with Radar,40,55,79,2,176,0,40,67,0,107,40,95,146,2,283,26,0,26,309
06/15/2016,BFI,WA,ANM,WE,Towers with Radar,36,69,112,1,218,0,69,218,0,287,36,138,330,1,505,158,0,158,663
06/16/2016,BFI,WA,ANM,WE,Towers with Radar,37,52,105,2,196,0,48,205,2,255,37,100,310,4,451,126,0,126,577
06/17/2016,BFI,WA,ANM,WE,Towers with Radar,40,57,90,3,190,0,64,214,5,283,40,121,304,8,473,188,4,192,665
06/18/2016,BFI,WA,ANM,WE,Towers with Radar,9,46,55,0,110,0,4,90,0,94,9,50,145,0,204,32,0,32,236
06/19/2016,BFI,WA,ANM,WE,Towers with Radar,39,28,73,6,146,0,21,352,4,377,39,49,425,10,523,124,0,124,647
06/20/2016,BFI,WA,ANM,WE,Towers with Radar,35,56,71,0,162,0,36,215,2,253,35,92,286,2,415,115,0,115,530
06/21/2016,BFI,WA,ANM,WE,Towers with Radar,42,60,90,3,195,0,25,171,0,196,42,85,261,3,391,174,0,174,565
06/22/2016,BFI,WA,ANM,WE,Towers with Radar,47,53,77,1,178,0,30,209,2,241,47,83,286,3,419,94,0,94,513
06/23/2016,BFI,WA,ANM,WE,Towers with Radar,39,87,74,0,200,0,11,87,0,98,39,98,161,0,298,38,0,38,336
06/24/2016,BFI,WA,ANM,WE,Towers with Radar,26,69,84,0,179,0,16,54,0,70,26,85,138,0,249,14,0,14,263
06/25/2016,BFI,WA,ANM,WE,Towers with Radar,14,37,34,2,87,0,19,225,0,244,14,56,259,2,331,96,0,96,427
06/26/2016,BFI,WA,ANM,WE,Towers with Radar,10,31,70,4,115,0,25,335,1,361,10,56,405,5,476,82,0,82,558
06/27/2016,BFI,WA,ANM,WE,Towers with Radar,31,50,78,4,163,0,43,251,0,294,31,93,329,4,457,100,0,100,557
06/28/2016,BFI,WA,ANM,WE,Towers with Radar,35,63,55,1,154,0,28,200,0,228,35,91,255,1,382,68,0,68,450
06/29/2016,BFI,WA,ANM,WE,Towers with Radar,38,54,99,1,192,0,15,124,0,139,38,69,223,1,331,106,0,106,437
06/30/2016,BFI,WA,ANM,WE,Towers with Radar,31,72,109,2,214,0,35,213,0,248,31,107,322,2,462,117,0,117,579
07/01/2016,BFI,WA,ANM,WE,Towers with Radar,29,62,103,4,198,0,58,196,0,254,29,120,299,4,452,152,0,152,604
07/02/2016,BFI,WA,ANM,WE,Towers with Radar,13,51,66,0,130,0,12,259,1,272,13,63,325,1,402,210,0,210,612
07/03/2016,BFI,WA,ANM,WE,Towers with Radar,6,37,64,1,108,0,14,132,3,149,6,51,196,4,257,86,0,86,343
07/04/2016,BFI,WA,ANM,WE,Towers with Radar,11,26,53,0,90,0,15,82,0,97,11,41,135,0,187,56,0,56,243
07/05/2016,BFI,WA,ANM,WE,Towers with Radar,24,103,108,0,235,0,33,154,0,187,24,136,262,0,422,122,0,122,544
07/06/2016,BFI,WA,ANM,WE,Towers with Radar,36,50,106,0,192,0,84,304,4,392,36,134,410,4,584,110,0,110,694
07/07/2016,BFI,WA,ANM,WE,Towers with Radar,42,46,103,3,194,0,44,213,1,258,42,90,316,4,452,132,0,132,584
07/08/2016,BFI,WA,ANM,WE,Towers with Radar,31,57,105,0,193,0,34,160,0,194,31,91,265,0,387,96,0,96,483
07/09/2016,BFI,WA,ANM,WE,Towers with Radar,27,55,51,2,135,0,23,195,0,218,27,78,246,2,353,98,0,98,451
07/10/2016,BFI,WA,ANM,WE,Towers with Radar,39,57,89,0,185,0,36,253,1,290,39,93,342,1,475,60,0,60,535
07/11/2016,BFI,WA,ANM,WE,Towers with Radar,28,46,98,5,177,0,36,143,0,179,28,82,241,5,356,112,0,112,468
07/12/2016,BFI,WA,ANM,WE,Towers with Radar,46,55,73,0,174,0,38,182,1,221,46,93,255,1,395,114,0,114,509
07/13/2016,BFI,WA,ANM,WE,Towers with Radar,36,59,78,2,175,0,42,229,0,271,36,101,307,2,446,188,0,188,634
07/14/2016,BFI,WA,ANM,WE,Towers with Radar,41,71,91,0,203,0,52,372,3,427,41,123,463,3,630,189,0,189,819
07/15/2016,BFI,WA,ANM,WE,Towers with Radar,26,73,99,0,198,0,47,302,10,359,26,120,401,10,557,166,0,166,723
07/16/2016,BFI,WA,ANM,WE,Towers with Radar,10,48,68,2,128,0,23,197,0,220,10,71,265,2,348,290,0,290,638
07/17/2016,BFI,WA,ANM,WE,Towers with Radar,14,52,87,3,156,0,38,237,1,276,14,90,324,4,432,236,0,236,668
07/18/2016,BFI,WA,ANM,WE,Towers with Radar,25,53,89,0,167,0,46,131,2,179,25,99,220,2,346,92,0,92,438
07/19/2016,BFI,WA,ANM,WE,Towers with Radar,32,51,81,0,164,0,50,184,1,235,32,101,265,1,399,120,0,120,519
07/20/2016,BFI,WA,ANM,WE,Towers with Radar,28,53,100,0,181,0,48,264,0,312,28,101,364,0,493,168,0,168,661
07/21/2016,BFI,WA,ANM,WE,Towers with Radar,32,49,97,2,180,0,49,289,1,339,32,98,386,3,519,108,0,108,627
07/22/2016,BFI,WA,ANM,WE,Towers with Radar,46,86,98,4,234,0,17,135,0,152,46,103,233,4,386,144,0,144,530
07/23/2016,BFI,WA,ANM,WE,Towers with Radar,12,40,81,1,134,0,18,283,1,302,12,58,364,2,436,96,0,96,532
07/24/2016,BFI,WA,ANM,WE,Towers with Radar,6,44,102,0,152,0,47,351,0,398,6,91,453,0,550,116,0,116,666
07/25/2016,BFI,WA,ANM,WE,Towers with Radar,20,48,96,3,167,0,38,192,1,231,20,86,288,4,398,78,0,78,476
07/26/2016,BFI,WA,ANM,WE,Towers with Radar,63,64,92,0,219,0,47,159,0,206,63,111,251,0,425,146,0,146,571
07/27/2016,BFI,WA,ANM,WE,Towers with Radar,38,58,102,0,198,0,77,259,0,336,38,135,361,0,534,206,0,206,740
07/28/2016,BFI,WA,ANM,WE,Towers with Radar,26,47,72,4,149,0,56,265,0,321,26,103,337,4,470,216,0,216,686
07/29/2016,BFI,WA,ANM,WE,Towers with Radar,37,51,91,0,179,0,59,339,0,398,37,110,430,0,577,184,0,184,761
07/30/2016,BFI,WA,ANM,WE,Towers with Radar,26,55,87,0,168,0,32,282,0,314,26,87,369,0,482,178,0,178,660
07/31/2016,BFI,WA,ANM,WE,Towers with Radar,50,52,96,0,198,0,29,256,1,286,50,81,352,1,484,134,0,134,618
08/01/2016,BFI,WA,ANM,WE,Towers with Radar,21,78,91,0,190,0,32,205,1,238,21,110,296,1,428,114,0,114,542
08/02/2016,BFI,WA,ANM,WE,Towers with Radar,43,61,102,2,208,0,47,135,0,182,43,108,237,2,390,112,0,112,502
08/03/2016,BFI,WA,ANM,WE,Towers with Radar,38,71,68,6,183,0,62,253,4,319,38,133,321,10,502,238,0,238,740
08/04/2016,BFI,WA,ANM,WE,Towers with Radar,21,51,79,0,151,0,62,291,3,356,21,113,370,3,507,146,0,146,653
08/05/2016,BFI,WA,ANM,WE,Towers with Radar,40,36,97,10,183,0,50,228,6,284,40,86,325,16,467,148,0,148,615
08/06/2016,BFI,WA,ANM,WE,Towers with Radar,10,43,66,3,122,0,31,201,5,237,10,74,267,8,359,116,0,116,475
08/07/2016,BFI,WA,ANM,WE,Towers with Radar,13,44,74,8,139,0,22,174,0,196,13,66,248,8,335,110,1,111,446
08/08/2016,BFI,WA,ANM,WE,Towers with Radar,27,59,80,2,168,0,28,129,2,159,27,87,209,4,327,108,0,108,435
08/09/2016,BFI,WA,ANM,WE,Towers with Radar,33,62,81,4,180,0,32,124,0,156,33,94,205,4,336,171,0,171,507
08/10/2016,BFI,WA,ANM,WE,Towers with Radar,30,68,92,8,198,1,41,210,0,252,31,109,302,8,450,274,0,274,724
08/11/2016,BFI,WA,ANM,WE,Towers with Radar,29,45,112,1,187,0,58,362,1,421,29,103,474,2,608,76,0,76,684
08/12/2016,BFI,WA,ANM,WE,Towers with Radar,49,62,91,3,205,0,82,340,1,423,49,144,431,4,628,152,0,152,780
08/13/2016,BFI,WA,ANM,WE,Towers with Radar,7,23,54,0,84,0,52,324,2,378,7,75,378,2,462,146,0,146,608
08/14/2016,BFI,WA,ANM,WE,Towers with Radar,7,46,87,0,140,1,35,286,2,324,8,81,373,2,464,100,0,100,564
08/15/2016,BFI,WA,ANM,WE,Towers with Radar,27,54,87,2,170,1,43,174,0,218,28,97,261,2,388,100,0,100,488
08/16/2016,BFI,WA,ANM,WE,Towers with Radar,36,56,102,2,196,0,48,216,0,264,36,104,318,2,460,106,0,106,566
08/17/2016,BFI,WA,ANM,WE,Towers with Radar,30,66,90,1,187,0,42,239,1,282,30,108,329,2,469,298,0,298,767
08/18/2016,BFI,WA,ANM,WE,Towers with Radar,42,54,83,3,182,0,67,224,4,295,42,121,307,7,477,176,0,176,653
08/19/2016,BFI,WA,ANM,WE,Towers with Radar,28,50,74,3,155,1,45,309,0,355,29,95,383,3,510,134,0,134,644
08/20/2016,BFI,WA,ANM,WE,Towers with Radar,16,36,103,3,158,0,29,313,3,345,16,65,416,6,503,62,0,62,565
08/21/2016,BFI,WA,ANM,WE,Towers with Radar,7,60,91,5,163,0,19,216,1,236,7,79,307,6,399,100,1,101,500
08/22/2016,BFI,WA,ANM,WE,Towers with Radar,20,64,69,4,157,0,35,157,0,192,20,99,226,4,349,209,0,209,558
08/23/2016,BFI,WA,ANM,WE,Towers with Radar,38,57,70,3,168,0,60,225,0,285,38,117,295,3,453,78,0,78,531
08/24/2016,BFI,WA,ANM,WE,Towers with Radar,30,58,97,2,187,0,44,205,0,249,30,102,302,2,436,86,0,86,522
08/25/2016,BFI,WA,ANM,WE,Towers with Radar,32,47,96,0,175,0,30,268,0,298,32,77,364,0,473,150,0,150,623
08/26/2016,BFI,WA,ANM,WE,Towers with Radar,24,76,83,13,196,0,42,288,0,330,24,118,371,13,526,122,18,140,666
08/27/2016,BFI,WA,ANM,WE,Towers with Radar,10,33,74,8,125,0,15,205,0,220,10,48,279,8,345,182,0,182,527
08/28/2016,BFI,WA,ANM,WE,Towers with Radar,19,63,86,3,171,0,22,270,1,293,19,85,356,4,464,282,0,282,746
08/29/2016,BFI,WA,ANM,WE,Towers with Radar,20,58,64,1,143,1,40,165,1,207,21,98,229,2,350,190,0,190,540
08/30/2016,BFI,WA,ANM,WE,Towers with Radar,36,54,89,0,179,0,30,146,0,176,36,84,235,0,355,124,2,126,481
08/31/2016,BFI,WA,ANM,WE,Towers with Radar,34,73,100,1,208,0,42,99,0,141,34,115,199,1,349,174,0,174,523
09/01/2016,BFI,WA,ANM,WE,Towers with Radar,28,68,107,0,203,0,25,144,0,169,28,93,251,0,372,198,0,198,570
09/02/2016,BFI,WA,ANM,WE,Towers with Radar,24,69,63,1,157,0,31,103,0,134,24,100,166,1,291,110,0,110,401
09/03/2016,BFI,WA,ANM,WE,Towers with Radar,5,49,64,1,119,0,29,224,1,254,5,78,288,2,373,154,0,154,527
09/04/2016,BFI,WA,ANM,WE,Towers with Radar,5,35,63,2,105,0,23,219,0,242,5,58,282,2,347,178,0,178,525
09/05/2016,BFI,WA,ANM,WE,Towers with Radar,21,46,103,0,170,0,33,189,2,224,21,79,292,2,394,176,0,176,570
09/06/2016,BFI,WA,ANM,WE,Towers with Radar,31,68,107,2,208,0,31,143,1,175,31,99,250,3,383,192,0,192,575
09/07/2016,BFI,WA,ANM,WE,Towers with Radar,41,77,104,3,225,0,28,115,2,145,41,105,219,5,370,204,0,204,574
09/08/2016,BFI,WA,ANM,WE,Towers with Radar,32,72,73,0,177,0,43,145,2,190,32,115,218,2,367,172,0,172,539
09/09/2016,BFI,WA,ANM,WE,Towers with Radar,42,58,90,3,193,0,50,348,3,401,42,108,438,6,594,134,0,134,728
09/10/2016,BFI,WA,ANM,WE,Towers with Radar,18,33,55,0,106,0,17,365,5,387,18,50,420,5,493,132,0,132,625
09/11/2016,BFI,WA,ANM,WE,Towers with Radar,10,64,100,0,174,0,22,199,0,221,10,86,299,0,395,172,0,172,567
09/12/2016,BFI,WA,ANM,WE,Towers with Radar,18,56,99,6,179,0,38,201,0,239,18,94,300,6,418,118,0,118,536
09/13/2016,BFI,WA,ANM,WE,Towers with Radar,33,54,82,2,171,0,33,279,0,312,33,87,361,2,483,212,0,212,695
09/14/2016,BFI,WA,ANM,WE,Towers with Radar,34,66,107,1,208,0,45,257,1,303,34,111,364,2,511,160,0,160,671
09/15/2016,BFI,WA,ANM,WE,Towers with Radar,46,58,100,9,213,0,39,179,0,218,46,97,279,9,431,162,0,162,593
09/16/2016,BFI,WA,ANM,WE,Towers with Radar,50,43,84,7,184,0,43,296,2,341,50,86,380,9,525,260,0,260,785
09/17/2016,BFI,WA,ANM,WE,Towers with Radar,19,49,68,6,142,0,8,23,0,31,19,57,91,6,173,2,0,2,175
09/18/2016,BFI,WA,ANM,WE,Towers with Radar,22,56,69,1,148,0,16,175,1,192,22,72,244,2,340,218,0,218,558
09/19/2016,BFI,WA,ANM,WE,Towers with Radar,48,51,86,4,189,0,30,100,1,131,48,81,186,5,320,80,0,80,400
09/20/2016,BFI,WA,ANM,WE,Towers with Radar,39,69,92,0,200,0,24,216,3,243,39,93,308,3,443,288,0,288,731
09/21/2016,BFI,WA,ANM,WE,Towers with Radar,38,53,86,2,179,0,39,229,0,268,38,92,315,2,447,358,0,358,805
09/22/2016,BFI,WA,ANM,WE,Towers with Radar,45,64,89,2,200,0,43,259,1,303,45,107,348,3,503,274,2,276,779
09/23/2016,BFI,WA,ANM,WE,Towers with Radar,46,60,93,0,199,0,29,95,0,124,46,89,188,0,323,130,0,130,453
09/24/2016,BFI,WA,ANM,WE,Towers with Radar,32,49,49,0,130,0,26,295,0,321,32,75,344,0,451,140,0,140,591
09/25/2016,BFI,WA,ANM,WE,Towers with Radar,57,44,84,1,186,0,24,384,2,410,57,68,468,3,596,190,0,190,786
09/26/2016,BFI,WA,ANM,WE,Towers with Radar,32,48,81,3,164,0,30,220,0,250,32,78,301,3,414,138,0,138,552
09/27/2016,BFI,WA,ANM,WE,Towers with Radar,37,60,66,2,165,0,47,158,0,205,37,107,224,2,370,198,0,198,568
09/28/2016,BFI,WA,ANM,WE,Towers with Radar,31,69,76,5,181,0,41,250,1,292,31,110,326,6,473,228,0,228,701
09/29/2016,BFI,WA,ANM,WE,Towers with Radar,42,61,75,5,183,0,64,199,0,263,42,125,274,5,446,248,0,248,694
09/30/2016,BFI,WA,ANM,WE,Towers with Radar,23,62,94,4,183,1,33,173,0,207,24,95,267,4,390,138,0,138,528
10/01/2016,BFI,WA,ANM,WE,Towers with Radar,9,49,57,2,117,0,34,108,0,142,9,83,165,2,259,72,0,72,331
10/02/2016,BFI,WA,ANM,WE,Towers with Radar,28,29,64,2,123,1,28,176,0,205,29,57,240,2,328,104,0,104,432
10/03/2016,BFI,WA,ANM,WE,Towers with Radar,42,39,90,0,171,1,40,122,0,163,43,79,212,0,334,212,0,212,546
10/04/2016,BFI,WA,ANM,WE,Towers with Radar,38,64,77,3,182,0,14,75,0,89,38,78,152,3,271,138,0,138,409
10/05/2016,BFI,WA,ANM,WE,Towers with Radar,32,58,109,2,201,0,36,164,0,200,32,94,273,2,401,246,0,246,647
10/06/2016,BFI,WA,ANM,WE,Towers with Radar,32,79,100,3,214,0,18,146,1,165,32,97,246,4,379,128,0,128,507
10/07/2016,BFI,WA,ANM,WE,Towers with Radar,33,48,66,2,149,0,19,85,0,104,33,67,151,2,253,96,0,96,349
10/08/2016,BFI,WA,ANM,WE,Towers with Radar,14,54,50,1,119,0,5,22,0,27,14,59,72,1,146,74,0,74,220
10/09/2016,BFI,WA,ANM,WE,Towers with Radar,19,43,47,1,110,0,23,133,0,156,19,66,180,1,266,146,0,146,412
10/10/2016,BFI,WA,ANM,WE,Towers with Radar,21,52,77,1,151,0,25,129,0,154,21,77,206,1,305,134,0,134,439
10/11/2016,BFI,WA,ANM,WE,Towers with Radar,35,56,84,4,179,0,57,271,2,330,35,113,355,6,509,188,0,188,697
10/12/2016,BFI,WA,ANM,WE,Towers with Radar,35,54,82,0,171,0,43,199,2,244,35,97,281,2,415,184,0,184,599
10/13/2016,BFI,WA,ANM,WE,Towers with Radar,31,76,73,1,181,0,5,8,0,13,31,81,81,1,194,48,0,48,242
10/14/2016,BFI,WA,ANM,WE,Towers with Radar,22,57,59,0,138,0,11,4,0,15,22,68,63,0,153,0,0,0,153
10/15/2016,BFI,WA,ANM,WE,Towers with Radar,13,47,31,0,91,0,3,9,0,12,13,50,40,0,103,24,0,24,127
10/16/2016,BFI,WA,ANM,WE,Towers with Radar,10,45,75,0,130,0,13,23,0,36,10,58,98,0,166,28,0,28,194
10/17/2016,BFI,WA,ANM,WE,Towers with Radar,22,49,98,1,170,0,9,50,0,59,22,58,148,1,229,80,0,80,309
10/18/2016,BFI,WA,ANM,WE,Towers with Radar,38,68,91,2,199,0,28,57,0,85,38,96,148,2,284,102,0,102,386
10/19/2016,BFI,WA,ANM,WE,Towers with Radar,40,57,81,3,181,0,28,146,0,174,40,85,227,3,355,298,0,298,653
10/20/2016,BFI,WA,ANM,WE,Towers with Radar,33,55,75,2,165,0,14,59,0,73,33,69,134,2,238,154,0,154,392
10/21/2016,BFI,WA,ANM,WE,Towers with Radar,24,61,75,0,160,0,20,219,0,239,24,81,294,0,399,258,0,258,657
10/22/2016,BFI,WA,ANM,WE,Towers with Radar,19,34,66,0,119,0,11,204,2,217,19,45,270,2,336,172,0,172,508
10/23/2016,BFI,WA,ANM,WE,Towers with Radar,11,26,59,0,96,0,19,176,0,195,11,45,235,0,291,128,0,128,419
10/24/2016,BFI,WA,ANM,WE,Towers with Radar,23,57,84,0,164,0,16,122,0,138,23,73,206,0,302,112,0,112,414
10/25/2016,BFI,WA,ANM,WE,Towers with Radar,40,49,91,1,181,0,37,105,0,142,40,86,196,1,323,123,0,123,446
10/26/2016,BFI,WA,ANM,WE,Towers with Radar,32,55,96,0,183,0,8,18,0,26,32,63,114,0,209,50,0,50,259
10/27/2016,BFI,WA,ANM,WE,Towers with Radar,35,57,84,0,176,0,21,129,0,150,35,78,213,0,326,128,0,128,454
10/28/2016,BFI,WA,ANM,WE,Towers with Radar,40,45,79,3,167,0,26,283,2,311,40,71,362,5,478,234,0,234,712
10/29/2016,BFI,WA,ANM,WE,Towers with Radar,39,35,83,1,158,0,18,98,0,116,39,53,181,1,274,94,0,94,368
10/30/2016,BFI,WA,ANM,WE,Towers with Radar,6,30,67,1,104,0,12,125,0,137,6,42,192,1,241,140,0,140,381
10/31/2016,BFI,WA,ANM,WE,Towers with Radar,21,52,55,0,128,0,14,23,0,37,21,66,78,0,165,36,0,36,201
11/01/2016,BFI,WA,ANM,WE,Towers with Radar,32,72,74,3,181,0,13,46,1,60,32,85,120,4,241,40,6,46,287
11/02/2016,BFI,WA,ANM,WE,Towers with Radar,39,62,101,3,205,0,20,61,5,86,39,82,162,8,291,112,0,112,403
11/03/2016,BFI,WA,ANM,WE,Towers with Radar,35,52,102,7,196,0,28,202,1,231,35,80,304,8,427,206,0,206,633
11/04/2016,BFI,WA,ANM,WE,Towers with Radar,89,50,92,1,232,0,26,279,1,306,89,76,371,2,538,144,0,144,682
11/05/2016,BFI,WA,ANM,WE,Towers with Radar,14,42,38,0,94,1,5,5,0,11,15,47,43,0,105,0,0,0,105
11/06/2016,BFI,WA,ANM,WE,Towers with Radar,17,39,75,3,134,0,8,183,2,193,17,47,258,5,327,127,2,129,456
11/07/2016,BFI,WA,ANM,WE,Towers with Radar,22,57,88,2,169,0,29,116,5,150,22,86,204,7,319,106,0,106,425
11/08/2016,BFI,WA,ANM,WE,Towers with Radar,40,57,62,3,162,0,27,205,2,234,40,84,267,5,396,230,12,242,638
11/09/2016,BFI,WA,ANM,WE,Towers with Radar,36,69,102,3,210,0,19,94,0,113,36,88,196,3,323,100,0,100,423
11/10/2016,BFI,WA,ANM,WE,Towers with Radar,34,56,90,6,186,0,31,144,1,176,34,87,234,7,362,178,0,178,540
11/11/2016,BFI,WA,ANM,WE,Towers with Radar,30,55,72,6,163,0,33,182,1,216,30,88,254,7,379,168,0,168,547
11/12/2016,BFI,WA,ANM,WE,Towers with Radar,25,33,56,6,120,0,14,23,0,37,25,47,79,6,157,0,0,0,157
11/13/2016,BFI,WA,ANM,WE,Towers with Radar,8,39,69,3,119,0,10,92,1,103,8,49,161,4,222,100,0,100,322
11/14/2016,BFI,WA,ANM,WE,Towers with Radar,52,46,84,1,183,0,13,89,1,103,52,59,173,2,286,207,0,207,493
11/15/2016,BFI,WA,ANM,WE,Towers with Radar,41,69,74,2,186,0,11,61,0,72,41,80,135,2,258,40,2,42,300
11/16/2016,BFI,WA,ANM,WE,Towers with Radar,39,66,108,1,214,0,8,45,2,55,39,74,153,3,269,106,0,106,375
11/17/2016,BFI,WA,ANM,WE,Towers with Radar,33,68,111,1,213,0,19,135,0,154,33,87,246,1,367,190,0,190,557
11/18/2016,BFI,WA,ANM,WE,Towers with Radar,37,52,85,0,174,0,26,128,0,154,37,78,213,0,328,42,0,42,370
11/19/2016,BFI,WA,ANM,WE,Towers with Radar,48,48,67,1,164,0,13,144,0,157,48,61,211,1,321,238,0,238,559
11/20/2016,BFI,WA,ANM,WE,Towers with Radar,40,38,98,1,177,0,15,62,4,81,40,53,160,5,258,94,2,96,354
11/21/2016,BFI,WA,ANM,WE,Towers with Radar,26,69,92,1,188,0,16,111,0,127,26,85,203,1,315,194,0,194,509
11/22/2016,BFI,WA,ANM,WE,Towers with Radar,44,57,66,0,167,0,36,101,1,138,44,93,167,1,305,132,0,132,437
11/23/2016,BFI,WA,ANM,WE,Towers with Radar,36,69,107,2,214,0,30,63,0,93,36,99,170,2,307,102,0,102,409
11/24/2016,BFI,WA,ANM,WE,Towers with Radar,4,22,8,1,35,0,5,4,0,9,4,27,12,1,44,2,0,2,46
11/25/2016,BFI,WA,ANM,WE,Towers with Radar,20,43,45,0,108,0,13,120,1,134,20,56,165,1,242,70,0,70,312
11/26/2016,BFI,WA,ANM,WE,Towers with Radar,28,57,50,0,135,0,8,47,0,55,28,65,97,0,190,150,0,150,340
11/27/2016,BFI,WA,ANM,WE,Towers with Radar,14,76,84,2,176,0,0,33,0,33,14,76,117,2,209,10,0,10,219
11/28/2016,BFI,WA,ANM,WE,Towers with Radar,42,60,94,2,198,6,15,84,0,105,48,75,178,2,303,151,0,151,454
11/29/2016,BFI,WA,ANM,WE,Towers with Radar,38,48,71,0,157,0,27,97,2,126,38,75,168,2,283,193,8,201,484
11/30/2016,BFI,WA,ANM,WE,Towers with Radar,30,53,84,0,167,0,10,32,0,42,30,63,116,0,209,68,0,68,277
12/01/2016,BFI,WA,ANM,WE,Towers with Radar,41,53,93,0,187,0,16,109,0,125,41,69,202,0,312,222,0,222,534
12/02/2016,BFI,WA,ANM,WE,Towers with Radar,24,64,110,0,198,0,5,42,0,47,24,69,152,0,245,114,0,114,359
12/03/2016,BFI,WA,ANM,WE,Towers with Radar,18,58,73,1,150,0,4,69,1,74,18,62,142,2,224,96,0,96,320
12/04/2016,BFI,WA,ANM,WE,Towers with Radar,17,48,76,0,141,0,8,118,2,128,17,56,194,2,269,154,0,154,423
12/05/2016,BFI,WA,ANM,WE,Towers with Radar,20,72,59,2,153,0,6,12,0,18,20,78,71,2,171,0,0,0,171
12/06/2016,BFI,WA,ANM,WE,Towers with Radar,43,53,77,8,181,0,28,140,1,169,43,81,217,9,350,140,0,140,490
12/07/2016,BFI,WA,ANM,WE,Towers with Radar,37,61,74,2,174,0,53,161,2,216,37,114,235,4,390,110,6,116,506
12/08/2016,BFI,WA,ANM,WE,Towers with Radar,42,48,67,2,159,0,17,54,0,71,42,65,121,2,230,124,0,124,354
12/09/2016,BFI,WA,ANM,WE,Towers with Radar,33,58,61,0,152,0,4,14,0,18,33,62,75,0,170,24,0,24,194
12/10/2016,BFI,WA,ANM,WE,Towers with Radar,16,36,52,2,106,0,7,34,2,43,16,43,86,4,149,136,0,136,285
12/11/2016,BFI,WA,ANM,WE,Towers with Radar,19,48,55,0,122,0,4,32,0,36,19,52,87,0,158,20,0,20,178
12/12/2016,BFI,WA,ANM,WE,Towers with Radar,23,65,84,0,172,0,2,18,2,22,23,67,102,2,194,62,0,62,256
12/13/2016,BFI,WA,ANM,WE,Towers with Radar,48,64,90,0,202,0,25,96,0,121,48,89,186,0,323,162,0,162,485
12/14/2016,BFI,WA,ANM,WE,Towers with Radar,63,51,71,2,187,0,26,132,0,158,63,77,203,2,345,84,2,86,431
12/15/2016,BFI,WA,ANM,WE,Towers with Radar,51,66,91,2,210,0,44,173,0,217,51,110,264,2,427,150,0,150,577
12/16/2016,BFI,WA,ANM,WE,Towers with Radar,42,64,76,4,186,0,25,129,2,156,42,89,205,6,342,68,2,70,412
12/17/2016,BFI,WA,ANM,WE,Towers with Radar,59,53,67,8,187,0,6,95,0,101,59,59,162,8,288,166,0,166,454
12/18/2016,BFI,WA,ANM,WE,Towers with Radar,23,35,47,2,107,0,18,119,2,139,23,53,166,4,246,86,0,86,332
12/19/2016,BFI,WA,ANM,WE,Towers with Radar,28,48,63,0,139,0,2,8,0,10,28,50,71,0,149,0,0,0,149
12/20/2016,BFI,WA,ANM,WE,Towers with Radar,55,46,39,1,141,0,28,45,1,74,55,74,84,2,215,12,0,12,227
12/21/2016,BFI,WA,ANM,WE,Towers with Radar,49,48,64,2,163,0,31,216,2,249,49,79,280,4,412,234,24,258,670
12/22/2016,BFI,WA,ANM,WE,Towers with Radar,42,53,43,2,140,0,16,96,0,112,42,69,139,2,252,141,0,141,393
12/23/2016,BFI,WA,ANM,WE,Towers with Radar,35,55,69,0,159,0,1,0,0,1,35,56,69,0,160,0,0,0,160
12/24/2016,BFI,WA,ANM,WE,Towers with Radar,21,50,45,0,116,0,7,19,0,26,21,57,64,0,142,14,0,14,156
12/25/2016,BFI,WA,ANM,WE,Towers with Radar,2,22,16,0,40,0,8,23,0,31,2,30,39,0,71,10,0,10,81
12/26/2016,BFI,WA,ANM,WE,Towers with Radar,2,29,82,0,113,0,10,95,0,105,2,39,177,0,218,64,0,64,282
12/27/2016,BFI,WA,ANM,WE,Towers with Radar,13,54,70,4,141,0,19,41,0,60,13,73,111,4,201,82,0,82,283
12/28/2016,BFI,WA,ANM,WE,Towers with Radar,30,50,61,3,144,0,65,170,3,238,30,115,231,6,382,170,4,174,556
12/29/2016,BFI,WA,ANM,WE,Towers with Radar,24,56,41,0,121,0,15,48,0,63,24,71,89,0,184,108,0,108,292
12/30/2016,BFI,WA,ANM,WE,Towers with Radar,21,44,59,0,124,0,29,155,0,184,21,73,214,0,308,220,0,220,528
12/31/2016,BFI,WA,ANM,WE,Towers with Radar,29,29,31,0,89,0,9,50,0,59,29,38,81,0,148,76,0,76,224
01/01/2017,BFI,WA,ANM,WE,Towers with Radar,3,34,43,0,80,0,16,35,0,51,3,50,78,0,131,22,0,22,153
01/02/2017,BFI,WA,ANM,WE,Towers with Radar,10,48,99,0,157,0,23,158,0,181,10,71,257,0,338,102,0,102,440
01/03/2017,BFI,WA,ANM,WE,Towers with Radar,17,49,49,2,117,0,23,121,1,145,17,72,170,3,262,130,0,130,392
01/04/2017,BFI,WA,ANM,WE,Towers with Radar,28,57,38,2,125,0,27,113,3,143,28,84,151,5,268,112,0,112,380
01/05/2017,BFI,WA,ANM,WE,Towers with Radar,25,61,52,3,141,0,22,179,0,201,25,83,231,3,342,78,2,80,422
01/06/2017,BFI,WA,ANM,WE,Towers with Radar,24,53,60,0,137,0,27,186,2,215,24,80,246,2,352,198,0,198,550
01/07/2017,BFI,WA,ANM,WE,Towers with Radar,9,38,67,0,114,0,28,143,0,171,9,66,210,0,285,92,0,92,377
01/08/2017,BFI,WA,ANM,WE,Towers with Radar,7,44,48,0,99,0,5,17,1,23,7,49,65,1,122,84,0,84,206
01/09/2017,BFI,WA,ANM,WE,Towers with Radar,12,50,64,1,127,0,8,38,0,46,12,58,102,1,173,60,0,60,233
01/10/2017,BFI,WA,ANM,WE,Towers with Radar,33,47,57,1,138,0,12,49,0,61,33,59,106,1,199,72,0,72,271
01/11/2017,BFI,WA,ANM,WE,Towers with Radar,42,56,84,1,183,0,30,139,0,169,42,86,223,1,352,194,0,194,546
01/12/2017,BFI,WA,ANM,WE,Towers with Radar,43,66,78,0,187,0,15,154,0,169,43,81,232,0,356,192,0,192,548
01/13/2017,BFI,WA,ANM,WE,Towers with Radar,22,63,73,5,163,0,25,137,0,162,22,88,210,5,325,168,0,168,493
01/14/2017,BFI,WA,ANM,WE,Towers with Radar,8,38,45,0,91,0,23,156,0,179,8,61,201,0,270,148,0,148,418
01/15/2017,BFI,WA,ANM,WE,Towers with Radar,9,30,52,0,91,1,17,216,0,234,10,47,268,0,325,188,0,188,513
01/16/2017,BFI,WA,ANM,WE,Towers with Radar,25,50,64,2,141,0,19,132,0,151,25,69,196,2,292,148,0,148,440
01/17/2017,BFI,WA,ANM,WE,Towers with Radar,40,73,52,0,165,0,15,45,0,60,40,88,97,0,225,66,0,66,291
01/18/2017,BFI,WA,ANM,WE,Towers with Radar,35,39,66,0,140,0,8,35,0,43,35,47,101,0,183,132,0,132,315
01/19/2017,BFI,WA,ANM,WE,Towers with Radar,33,58,74,4,169,0,19,71,8,98,33,77,145,12,267,122,2,124,391
01/20/2017,BFI,WA,ANM,WE,Towers with Radar,29,64,71,0,164,0,50,133,0,183,29,114,204,0,347,110,0,110,457
01/21/2017,BFI,WA,ANM,WE,Towers with Radar,14,45,37,0,96,0,13,148,0,161,14,58,185,0,257,96,0,96,353
01/22/2017,BFI,WA,ANM,WE,Towers with Radar,9,32,47,1,89,0,18,127,0,145,9,50,174,1,234,118,0,118,352
01/23/2017,BFI,WA,ANM,WE,Towers with Radar,29,50,51,3,133,0,23,110,0,133,29,73,161,3,266,104,0,104,370
01/24/2017,BFI,WA,ANM,WE,Towers with Radar,45,73,68,3,189,0,19,105,1,125,45,92,173,4,314,248,0,248,562
01/25/2017,BFI,WA,ANM,WE,Towers with Radar,38,75,94,1,208,0,25,51,4,80,38,100,145,5,288,92,0,92,380
01/26/2017,BFI,WA,ANM,WE,Towers with Radar,35,69,97,0,201,0,15,94,0,109,35,84,191,0,310,170,0,170,480
01/27/2017,BFI,WA,ANM,WE,Towers with Radar,27,56,75,0,158,0,20,200,0,220,27,76,275,0,378,168,0,168,546
01/28/2017,BFI,WA,ANM,WE,Towers with Radar,14,35,58,1,108,0,20,261,1,282,14,55,319,2,390,126,14,140,530
01/29/2017,BFI,WA,ANM,WE,Towers with Radar,7,38,57,1,103,0,12,106,0,118,7,50,163,1,221,106,0,106,327
01/30/2017,BFI,WA,ANM,WE,Towers with Radar,22,51,74,0,147,0,14,100,3,117,22,65,174,3,264,118,0,118,382
01/31/2017,BFI,WA,ANM,WE,Towers with Radar,37,48,77,0,162,0,20,129,0,149,37,68,206,0,311,150,0,150,461
02/01/2017,BFI,WA,ANM,WE,Towers with Radar,30,41,65,2,138,0,19,144,0,163,30,60,209,2,301,134,6,140,441
02/02/2017,BFI,WA,ANM,WE,Towers with Radar,31,54,71,7,163,0,27,139,0,166,31,81,210,7,329,192,46,238,567
02/03/2017,BFI,WA,ANM,WE,Towers with Radar,23,63,85,1,172,0,12,55,0,67,23,75,140,1,239,118,0,118,357
02/04/2017,BFI,WA,ANM,WE,Towers with Radar,16,36,30,2,84,0,5,5,0,10,16,41,35,2,94,10,0,10,104
02/05/2017,BFI,WA,ANM,WE,Towers with Radar,5,41,41,0,87,0,2,10,0,12,5,43,51,0,99,44,0,44,143
02/06/2017,BFI,WA,ANM,WE,Towers with Radar,10,47,37,1,95,0,8,0,0,8,10,55,37,1,103,4,0,4,107
02/07/2017,BFI,WA,ANM,WE,Towers with Radar,37,68,70,0,175,0,25,116,0,141,37,93,186,0,316,72,0,72,388
02/08/2017,BFI,WA,ANM,WE,Towers with Radar,29,56,63,0,148,0,4,7,0,11,29,60,70,0,159,34,0,34,193
02/09/2017,BFI,WA,ANM,WE,Towers with Radar,34,80,94,1,209,0,12,23,0,35,34,92,117,1,244,8,0,8,252
02/10/2017,BFI,WA,ANM,WE,Towers with Radar,19,76,66,1,162,0,11,4,0,15,19,87,70,1,177,20,0,20,197
02/11/2017,BFI,WA,ANM,WE,Towers with Radar,19,38,58,0,115,0,6,183,0,189,19,44,241,0,304,234,0,234,538
02/12/2017,BFI,WA,ANM,WE,Towers with Radar,7,42,57,0,106,0,32,231,0,263,7,74,288,0,369,164,0,164,533
02/13/2017,BFI,WA,ANM,WE,Towers with Radar,22,60,94,2,178,0,26,179,1,206,22,86,273,3,384,98,42,140,524
02/14/2017,BFI,WA,ANM,WE,Towers with Radar,44,65,59,0,168,0,40,199,0,239,44,105,258,0,407,166,0,166,573
02/15/2017,BFI,WA,ANM,WE,Towers with Radar,31,67,85,0,183,0,6,24,0,30,31,73,109,0,213,56,0,56,269
02/16/2017,BFI,WA,ANM,WE,Towers with Radar,35,72,93,0,200,0,22,93,0,115,35,94,186,0,315,212,0,212,527
02/17/2017,BFI,WA,ANM,WE,Towers with Radar,24,66,104,3,197,0,25,188,4,217,24,91,292,7,414,184,10,194,608
02/18/2017,BFI,WA,ANM,WE,Towers with Radar,16,42,57,0,115,0,3,10,0,13,16,45,67,0,128,14,0,14,142
02/19/2017,BFI,WA,ANM,WE,Towers with Radar,5,29,56,0,90,0,8,79,0,87,5,37,135,0,177,56,0,56,233
02/20/2017,BFI,WA,ANM,WE,Towers with Radar,22,44,77,0,143,0,6,41,0,47,22,50,118,0,190,38,0,38,228
02/21/2017,BFI,WA,ANM,WE,Towers with Radar,35,68,81,0,184,0,5,59,2,66,35,73,140,2,250,90,0,90,340
02/22/2017,BFI,WA,ANM,WE,Towers with Radar,29,61,93,0,183,0,23,118,0,141,29,84,211,0,324,202,0,202,526
02/23/2017,BFI,WA,ANM,WE,Towers with Radar,47,48,94,2,191,0,14,96,0,110,47,62,190,2,301,114,0,114,415
02/24/2017,BFI,WA,ANM,WE,Towers with Radar,27,56,79,2,164,0,9,131,0,140,27,65,210,2,304,226,0,226,530
02/25/2017,BFI,WA,ANM,WE,Towers with Radar,9,41,63,3,116,0,13,245,0,258,9,54,308,3,374,166,0,166,540
02/26/2017,BFI,WA,ANM,WE,Towers with Radar,7,40,59,0,106,0,3,43,0,46,7,43,102,0,152,58,0,58,210
02/27/2017,BFI,WA,ANM,WE,Towers with Radar,22,60,60,0,142,0,9,12,3,24,22,69,72,3,166,0,0,0,166
02/28/2017,BFI,WA,ANM,WE,Towers with Radar,36,71,81,0,188,0,24,110,0,134,36,95,191,0,322,140,0,140,462
03/01/2017,BFI,WA,ANM,WE,Towers with Radar,31,62,108,2,203,0,12,72,0,84,31,74,180,2,287,100,0,100,387
03/02/2017,BFI,WA,ANM,WE,Towers with Radar,24,71,69,1,165,0,18,88,0,106,24,89,157,1,271,124,0,124,395
03/03/2017,BFI,WA,ANM,WE,Towers with Radar,25,69,79,0,173,0,9,64,0,73,25,78,143,0,246,94,0,94,340
03/04/2017,BFI,WA,ANM,WE,Towers with Radar,11,39,51,3,104,0,62,162,0,224,11,101,213,3,328,216,0,216,544
03/05/2017,BFI,WA,ANM,WE,Towers with Radar,5,33,60,2,100,0,14,61,0,75,5,47,121,2,175,38,0,38,213
03/06/2017,BFI,WA,ANM,WE,Towers with Radar,19,61,69,0,149,0,10,34,0,44,19,71,103,0,193,52,0,52,245
03/07/2017,BFI,WA,ANM,WE,Towers with Radar,39,69,70,1,179,0,6,5,0,11,39,75,75,1,190,52,0,52,242
03/08/2017,BFI,WA,ANM,WE,Towers with Radar,23,56,82,0,161,0,12,89,0,101,23,68,171,0,262,204,0,204,466
03/09/2017,BFI,WA,ANM,WE,Towers with Radar,36,64,80,2,182,0,1,0,0,1,36,65,80,2,183,0,0,0,183
03/10/2017,BFI,WA,ANM,WE,Towers with Radar,26,63,83,3,175,0,14,59,2,75,26,77,142,5,250,106,0,106,356
03/11/2017,BFI,WA,ANM,WE,Towers with Radar,12,35,53,0,100,0,4,36,0,40,12,39,89,0,140,60,0,60,200
03/12/2017,BFI,WA,ANM,WE,Towers with Radar,8,38,69,2,117,0,21,141,0,162,8,59,210,2,279,156,0,156,435
03/13/2017,BFI,WA,ANM,WE,Towers with Radar,15,75,72,2,164,0,5,30,0,35,15,80,102,2,199,14,0,14,213
03/14/2017,BFI,WA,ANM,WE,Towers with Radar,34,63,78,5,180,0,3,43,0,46,34,66,121,5,226,58,0,58,284
03/15/2017,BFI,WA,ANM,WE,Towers with Radar,28,66,90,2,186,0,7,36,0,43,28,73,126,2,229,54,0,54,283
03/16/2017,BFI,WA,ANM,WE,Towers with Radar,42,63,95,2,202,0,18,198,0,216,42,81,293,2,418,200,0,200,618
03/17/2017,BFI,WA,ANM,WE,Towers with Radar,26,44,63,3,136,0,12,104,0,116,26,56,167,3,252,146,0,146,398
03/18/2017,BFI,WA,ANM,WE,Towers with Radar,7,41,48,3,99,0,13,103,0,116,7,54,151,3,215,62,0,62,277
03/19/2017,BFI,WA,ANM,WE,Towers with Radar,6,31,86,1,124,0,23,326,2,351,6,54,412,3,475,206,0,206,681
03/20/2017,BFI,WA,ANM,WE,Towers with Radar,17,41,62,2,122,0,36,218,0,254,17,77,280,2,376,236,0,236,612
03/21/2017,BFI,WA,ANM,WE,Towers with Radar,41,44,70,0,155,0,20,102,0,122,41,64,172,0,277,104,0,104,381
03/22/2017,BFI,WA,ANM,WE,Towers with Radar,32,58,94,4,188,0,26,105,0,131,32,84,199,4,319,44,0,44,363
03/23/2017,BFI,WA,ANM,WE,Towers with Radar,29,64,84,5,182,0,32,181,0,213,29,96,265,5,395,128,2,130,525
03/24/2017,BFI,WA,ANM,WE,Towers with Radar,26,52,78,2,158,0,20,94,0,114,26,72,172,2,272,100,0,100,372
03/25/2017,BFI,WA,ANM,WE,Towers with Radar,10,51,59,0,120,0,11,245,0,256,10,62,304,0,376,237,0,237,613
03/26/2017,BFI,WA,ANM,WE,Towers with Radar,2,51,51,0,104,0,10,116,0,126,2,61,167,0,230,274,34,308,538
03/27/2017,BFI,WA,ANM,WE,Towers with Radar,15,70,60,3,148,0,17,89,0,106,15,87,149,3,254,142,0,142,396
03/28/2017,BFI,WA,ANM,WE,Towers with Radar,40,61,67,1,169,0,15,39,0,54,40,76,106,1,223,58,0,58,281
03/29/2017,BFI,WA,ANM,WE,Towers with Radar,32,76,79,1,188,0,17,24,2,43,32,93,103,3,231,18,0,18,249
03/30/2017,BFI,WA,ANM,WE,Towers with Radar,29,54,99,1,183,0,10,164,0,174,29,64,263,1,357,206,0,206,563
03/31/2017,BFI,WA,ANM,WE,Towers with Radar,24,64,97,3,188,0,47,190,0,237,24,111,287,3,425,170,8,178,603
04/01/2017,BFI,WA,ANM,WE,Towers with Radar,10,41,58,1,110,0,12,121,1,134,10,53,179,2,244,174,0,174,418
04/02/2017,BFI,WA,ANM,WE,Towers with Radar,3,37,60,0,100,0,17,216,0,233,3,54,276,0,333,170,0,170,503
04/03/2017,BFI,WA,ANM,WE,Towers with Radar,20,53,59,4,136,0,49,207,0,256,20,102,266,4,392,152,0,152,544
04/04/2017,BFI,WA,ANM,WE,Towers with Radar,28,47,62,0,137,0,29,185,1,215,28,76,247,1,352,204,0,204,556
04/05/2017,BFI,WA,ANM,WE,Towers with Radar,35,55,78,1,169,0,24,83,0,107,35,79,161,1,276,268,0,268,544
04/06/2017,BFI,WA,ANM,WE,Towers with Radar,27,59,84,1,171,0,20,147,0,167,27,79,231,1,338,172,0,172,510
04/07/2017,BFI,WA,ANM,WE,Towers with Radar,26,48,87,0,161,0,15,10,2,27,26,63,97,2,188,0,0,0,188
04/08/2017,BFI,WA,ANM,WE,Towers with Radar,12,35,80,0,127,0,20,121,0,141,12,55,201,0,268,84,0,84,352
04/09/2017,BFI,WA,ANM,WE,Towers with Radar,6,29,89,0,124,0,12,250,0,262,6,41,339,0,386,140,0,140,526
04/10/2017,BFI,WA,ANM,WE,Towers with Radar,22,46,68,2,138,0,29,84,7,120,22,75,152,9,258,78,0,78,336
04/11/2017,BFI,WA,ANM,WE,Towers with Radar,41,40,63,0,144,0,35,211,0,246,41,75,274,0,390,196,0,196,586
04/12/2017,BFI,WA,ANM,WE,Towers with Radar,34,50,66,3,153,0,28,106,0,134,34,78,172,3,287,90,0,90,377
04/13/2017,BFI,WA,ANM,WE,Towers with Radar,31,40,92,2,165,1,28,90,1,120,32,68,182,3,285,116,0,116,401
04/14/2017,BFI,WA,ANM,WE,Towers with Radar,28,50,73,2,153,0,20,123,0,143,28,70,196,2,296,106,0,106,402
04/15/2017,BFI,WA,ANM,WE,Towers with Radar,8,40,66,1,115,0,18,238,0,256,8,58,304,1,371,208,0,208,579
04/16/2017,BFI,WA,ANM,WE,Towers with Radar,5,31,72,0,108,0,25,220,2,247,5,56,292,2,355,86,0,86,441
04/17/2017,BFI,WA,ANM,WE,Towers with Radar,22,61,82,7,172,0,32,118,0,150,22,93,200,7,322,74,0,74,396
04/18/2017,BFI,WA,ANM,WE,Towers with Radar,42,48,79,1,170,0,20,90,0,110,42,68,169,1,280,110,0,110,390
04/19/2017,BFI,WA,ANM,WE,Towers with Radar,35,56,76,2,169,0,12,133,3,148,35,68,209,5,317,158,6,164,481
04/20/2017,BFI,WA,ANM,WE,Towers with Radar,39,53,77,3,172,0,28,119,0,147,39,81,196,3,319,146,0,146,465
04/21/2017,BFI,WA,ANM,WE,Towers with Radar,22,45,108,6,181,0,25,346,3,374,22,70,454,9,555,190,0,190,745
04/22/2017,BFI,WA,ANM,WE,Towers with Radar,14,38,70,0,122,0,14,120,0,134,14,52,190,0,256,102,0,102,358
04/23/2017,BFI,WA,ANM,WE,Towers with Radar,6,46,62,0,114,0,27,86,0,113,6,73,148,0,227,164,0,164,391
04/24/2017,BFI,WA,ANM,WE,Towers with Radar,24,60,65,0,149,0,27,163,0,190,24,87,228,0,339,202,0,202,541
04/25/2017,BFI,WA,ANM,WE,Towers with Radar,42,66,68,0,176,0,28,125,0,153,42,94,193,0,329,212,0,212,541
04/26/2017,BFI,WA,ANM,WE,Towers with Radar,34,73,81,0,188,0,22,78,0,100,34,95,159,0,288,111,2,113,401
04/27/2017,BFI,WA,ANM,WE,Towers with Radar,33,80,71,0,184,0,30,150,2,182,33,110,221,2,366,140,2,142,508
04/28/2017,BFI,WA,ANM,WE,Towers with Radar,29,63,94,2,188,0,26,300,2,328,29,89,394,4,516,332,0,332,848
04/29/2017,BFI,WA,ANM,WE,Towers with Radar,14,38,52,0,104,0,11,204,0,215,14,49,256,0,319,168,0,168,487
04/30/2017,BFI,WA,ANM,WE,Towers with Radar,9,53,61,2,125,0,7,163,0,170,9,60,224,2,295,144,0,144,439
05/01/2017,BFI,WA,ANM,WE,Towers with Radar,22,75,77,2,176,0,33,157,1,191,22,108,234,3,367,268,0,268,635
05/02/2017,BFI,WA,ANM,WE,Towers with Radar,37,59,74,5,175,0,34,124,1,159,37,93,198,6,334,166,0,166,500
05/03/2017,BFI,WA,ANM,WE,Towers with Radar,40,68,113,5,226,0,34,106,3,143,40,102,219,8,369,162,0,162,531
05/04/2017,BFI,WA,ANM,WE,Towers with Radar,30,72,102,2,206,0,17,142,0,159,30,89,244,2,365,72,0,72,437
05/05/2017,BFI,WA,ANM,WE,Towers with Radar,24,69,118,5,216,0,19,116,0,135,24,88,234,5,351,170,4,174,525
05/06/2017,BFI,WA,ANM,WE,Towers with Radar,10,33,60,1,104,0,22,271,6,299,10,55,331,7,403,252,6,258,661
05/07/2017,BFI,WA,ANM,WE,Towers with Radar,6,37,60,1,104,0,24,223,0,247,6,61,283,1,351,122,0,122,473
05/08/2017,BFI,WA,ANM,WE,Towers with Radar,23,34,69,6,132,0,29,230,2,261,23,63,299,8,393,146,2,148,541
05/09/2017,BFI,WA,ANM,WE,Towers with Radar,37,56,74,1,168,0,50,281,0,331,37,106,355,1,499,202,0,202,701
05/10/2017,BFI,WA,ANM,WE,Towers with Radar,31,60,101,1,193,0,36,263,2,301,31,96,364,3,494,270,0,270,764
05/11/2017,BFI,WA,ANM,WE,Towers with Radar,21,63,90,0,174,0,25,140,0,165,21,88,230,0,339,144,0,144,483
05/12/2017,BFI,WA,ANM,WE,Towers with Radar,31,58,84,0,173,0,26,122,0,148,31,84,206,0,321,192,0,192,513
05/13/2017,BFI,WA,ANM,WE,Towers with Radar,7,51,46,0,104,0,12,166,0,178,7,63,212,0,282,160,0,160,442
05/14/2017,BFI,WA,ANM,WE,Towers with Radar,8,51,79,0,138,0,16,160,0,176,8,67,239,0,314,98,0,98,412
05/15/2017,BFI,WA,ANM,WE,Towers with Radar,15,73,101,3,192,0,14,115,0,129,15,87,216,3,321,126,0,126,447
05/16/2017,BFI,WA,ANM,WE,Towers with Radar,40,92,133,2,267,0,17,126,2,145,40,109,259,4,412,226,0,226,638
05/17/2017,BFI,WA,ANM,WE,Towers with Radar,32,69,161,1,263,0,30,157,0,187,32,99,318,1,450,340,0,340,790
05/18/2017,BFI,WA,ANM,WE,Towers with Radar,29,78,125,2,234,0,22,182,0,204,29,100,307,2,438,142,0,142,580
05/19/2017,BFI,WA,ANM,WE,Towers with Radar,33,49,83,2,167,0,42,350,0,392,33,91,433,2,559,202,0,202,761
05/20/2017,BFI,WA,ANM,WE,Towers with Radar,9,25,57,2,93,0,19,239,1,259,9,44,296,3,352,124,0,124,476
05/21/2017,BFI,WA,ANM,WE,Towers with Radar,10,33,81,1,125,0,20,376,0,396,10,53,457,1,521,94,0,94,615
05/22/2017,BFI,WA,ANM,WE,Towers with Radar,15,38,57,6,116,0,36,245,0,281,15,74,302,6,397,192,0,192,589
05/23/2017,BFI,WA,ANM,WE,Towers with Radar,42,49,70,4,165,0,35,238,2,275,42,84,308,6,440,166,18,184,624
05/24/2017,BFI,WA,ANM,WE,Towers with Radar,37,48,92,4,181,0,31,193,1,225,37,79,285,5,406,204,0,204,610
05/25/2017,BFI,WA,ANM,WE,Towers with Radar,35,55,100,0,190,0,34,203,2,239,35,89,303,2,429,116,0,116,545
05/26/2017,BFI,WA,ANM,WE,Towers with Radar,28,59,76,2,165,0,27,276,0,303,28,86,352,2,468,170,0,170,638
05/27/2017,BFI,WA,ANM,WE,Towers with Radar,4,36,46,0,86,0,24,310,0,334,4,60,356,0,420,212,0,212,632
05/28/2017,BFI,WA,ANM,WE,Towers with Radar,0,27,45,0,72,0,25,270,0,295,0,52,315,0,367,212,0,212,579
05/29/2017,BFI,WA,ANM,WE,Towers with Radar,3,49,82,0,134,0,28,202,0,230,3,77,284,0,364,86,0,86,450
05/30/2017,BFI,WA,ANM,WE,Towers with Radar,31,79,79,3,192,0,9,83,0,92,31,88,162,3,284,220,0,220,504
05/31/2017,BFI,WA,ANM,WE,Towers with Radar,43,62,85,5,195,0,19,212,0,231,43,81,297,5,426,156,0,156,582
06/01/2017,BFI,WA,ANM,WE,Towers with Radar,45,59,78,0,182,0,31,109,0,140,45,90,187,0,322,122,0,122,444
06/02/2017,BFI,WA,ANM,WE,Towers with Radar,25,62,71,2,160,0,33,225,1,259,25,95,296,3,419,194,0,194,613
06/03/2017,BFI,WA,ANM,WE,Towers with Radar,11,34,51,6,102,0,17,292,2,311,11,51,343,8,413,282,0,282,695
06/04/2017,BFI,WA,ANM,WE,Towers with Radar,6,37,85,2,130,0,19,293,1,313,6,56,378,3,443,238,0,238,681
06/05/2017,BFI,WA,ANM,WE,Towers with Radar,19,54,106,8,187,0,35,295,3,333,19,89,401,11,520,142,0,142,662
06/06/2017,BFI,WA,ANM,WE,Towers with Radar,42,53,93,3,191,0,48,214,0,262,42,101,307,3,453,170,0,170,623
06/07/2017,BFI,WA,ANM,WE,Towers with Radar,44,57,116,4,221,0,38,232,4,274,44,95,348,8,495,274,0,274,769
06/08/2017,BFI,WA,ANM,WE,Towers with Radar,37,80,119,3,239,0,19,76,0,95,37,99,195,3,334,84,0,84,418
06/09/2017,BFI,WA,ANM,WE,Towers with Radar,26,53,89,0,168,0,36,175,0,211,26,89,264,0,379,202,0,202,581
06/10/2017,BFI,WA,ANM,WE,Towers with Radar,7,33,80,0,120,0,22,295,0,317,7,55,375,0,437,156,0,156,593
06/11/2017,BFI,WA,ANM,WE,Towers with Radar,8,39,101,4,152,0,27,287,6,320,8,66,388,10,472,198,0,198,670
06/12/2017,BFI,WA,ANM,WE,Towers with Radar,17,58,112,0,187,0,23,161,0,184,17,81,273,0,371,100,0,100,471
06/13/2017,BFI,WA,ANM,WE,Towers with Radar,41,74,68,0,183,0,25,168,1,194,41,99,236,1,377,110,0,110,487
06/14/2017,BFI,WA,ANM,WE,Towers with Radar,28,59,111,3,201,0,60,210,3,273,28,119,321,6,474,96,0,96,570
06/15/2017,BFI,WA,ANM,WE,Towers with Radar,26,86,98,0,210,0,1,39,1,41,26,87,137,1,251,92,0,92,343
06/16/2017,BFI,WA,ANM,WE,Towers with Radar,29,68,98,1,196,0,32,195,3,230,29,100,293,4,426,246,2,248,674
06/17/2017,BFI,WA,ANM,WE,Towers with Radar,12,35,63,4,114,0,21,251,4,276,12,56,314,8,390,206,3,209,599
06/18/2017,BFI,WA,ANM,WE,Towers with Radar,6,48,95,1,150,0,3,115,1,119,6,51,210,2,269,64,0,64,333
06/19/2017,BFI,WA,ANM,WE,Towers with Radar,26,65,87,2,180,0,42,215,6,263,26,107,302,8,443,158,0,158,601
06/20/2017,BFI,WA,ANM,WE,Towers with Radar,45,64,65,0,174,0,16,76,0,92,45,80,141,0,266,136,0,136,402
06/21/2017,BFI,WA,ANM,WE,Towers with Radar,40,53,101,0,194,0,42,257,3,302,40,95,358,3,496,222,0,222,718
06/22/2017,BFI,WA,ANM,WE,Towers with Radar,32,58,78,0,168,0,39,292,2,333,32,97,370,2,501,255,0,255,756
06/23/2017,BFI,WA,ANM,WE,Towers with Radar,38,60,89,2,189,0,39,322,0,361,38,99,411,2,550,170,0,170,720
06/24/2017,BFI,WA,ANM,WE,Towers with Radar,16,32,48,0,96,0,30,354,4,388,16,62,402,4,484,184,0,184,668
06/25/2017,BFI,WA,ANM,WE,Towers with Radar,5,38,82,1,126,0,43,353,2,398,5,81,435,3,524,198,0,198,722
06/26/2017,BFI,WA,ANM,WE,Towers with Radar,26,62,88,0,176,0,31,160,1,192,26,93,248,1,368,184,2,186,554
06/27/2017,BFI,WA,ANM,WE,Towers with Radar,42,61,86,0,189,0,31,211,2,244,42,92,297,2,433,294,0,294,727
06/28/2017,BFI,WA,ANM,WE,Towers with Radar,35,70,104,0,209,0,31,177,0,208,35,101,281,0,417,219,0,219,636
06/29/2017,BFI,WA,ANM,WE,Towers with Radar,31,61,89,0,181,0,59,269,0,328,31,120,358,0,509,166,0,166,675
06/30/2017,BFI,WA,ANM,WE,Towers with Radar,34,71,94,6,205,0,67,399,0,466,34,138,493,6,671,188,0,188,859
07/01/2017,BFI,WA,ANM,WE,Towers with Radar,8,54,66,3,131,0,18,281,1,300,8,72,347,4,431,150,0,150,581
07/02/2017,BFI,WA,ANM,WE,Towers with Radar,7,31,62,2,102,0,35,310,0,345,7,66,372,2,447,118,0,118,565
07/03/2017,BFI,WA,ANM,WE,Towers with Radar,18,40,64,2,124,0,35,176,2,213,18,75,240,4,337,232,0,232,569
07/04/2017,BFI,WA,ANM,WE,Towers with Radar,9,32,34,0,75,0,34,139,1,174,9,66,173,1,249,74,0,74,323
07/05/2017,BFI,WA,ANM,WE,Towers with Radar,28,53,72,2,155,0,67,267,4,338,28,120,339,6,493,220,0,220,713
07/06/2017,BFI,WA,ANM,WE,Towers with Radar,37,49,59,3,148,0,52,221,0,273,37,101,280,3,421,166,0,166,587
07/07/2017,BFI,WA,ANM,WE,Towers with Radar,28,61,89,0,178,0,41,302,0,343,28,102,391,0,521,270,0,270,791
07/08/2017,BFI,WA,ANM,WE,Towers with Radar,8,37,51,7,103,0,32,393,0,425,8,69,444,7,528,192,0,192,720
07/09/2017,BFI,WA,ANM,WE,Towers with Radar,8,49,103,7,167,0,47,327,3,377,8,96,430,10,544,120,0,120,664
07/10/2017,BFI,WA,ANM,WE,Towers with Radar,25,47,109,1,182,0,32,195,0,227,25,79,304,1,409,240,0,240,649
07/11/2017,BFI,WA,ANM,WE,Towers with Radar,44,54,77,1,176,0,38,292,0,330,44,92,369,1,506,177,0,177,683
07/12/2017,BFI,WA,ANM,WE,Towers with Radar,39,51,80,1,171,0,45,281,1,327,39,96,361,2,498,164,0,164,662
07/13/2017,BFI,WA,ANM,WE,Towers with Radar,50,77,111,0,238,0,33,221,1,255,50,110,332,1,493,154,0,154,647
07/14/2017,BFI,WA,ANM,WE,Towers with Radar,37,45,68,4,154,0,36,322,4,362,37,81,390,8,516,82,0,82,598
07/15/2017,BFI,WA,ANM,WE,Towers with Radar,14,30,56,0,100,0,40,332,0,372,14,70,388,0,472,167,0,167,639
07/16/2017,BFI,WA,ANM,WE,Towers with Radar,15,53,98,3,169,0,24,358,0,382,15,77,456,3,551,184,0,184,735
07/17/2017,BFI,WA,ANM,WE,Towers with Radar,31,49,83,2,165,0,42,258,0,300,31,91,341,2,465,238,0,238,703
07/18/2017,BFI,WA,ANM,WE,Towers with Radar,54,60,78,2,194,1,37,247,0,285,55,97,325,2,479,121,0,121,600
07/19/2017,BFI,WA,ANM,WE,Towers with Radar,51,60,102,4,217,0,55,279,0,334,51,115,381,4,551,262,0,262,813
07/20/2017,BFI,WA,ANM,WE,Towers with Radar,37,99,131,6,273,0,33,194,0,227,37,132,325,6,500,140,1,141,641
07/21/2017,BFI,WA,ANM,WE,Towers with Radar,37,57,115,3,212,0,48,303,0,351,37,105,418,3,563,157,0,157,720
07/22/2017,BFI,WA,ANM,WE,Towers with Radar,13,41,72,3,129,1,30,341,2,374,14,71,413,5,503,140,0,140,643
07/23/2017,BFI,WA,ANM,WE,Towers with Radar,19,51,131,6,207,0,29,341,2,372,19,80,472,8,579,214,0,214,793
07/24/2017,BFI,WA,ANM,WE,Towers with Radar,31,53,99,7,190,0,41,282,1,324,31,94,381,8,514,184,0,184,698
07/25/2017,BFI,WA,ANM,WE,Towers with Radar,53,67,100,1,221,0,40,296,4,340,53,107,396,5,561,192,1,193,754
07/26/2017,BFI,WA,ANM,WE,Towers with Radar,38,67,89,3,197,2,57,271,3,333,40,124,360,6,530,258,4,262,792
07/27/2017,BFI,WA,ANM,WE,Towers with Radar,32,70,105,6,213,0,30,184,3,217,32,100,289,9,430,194,0,194,624
07/28/2017,BFI,WA,ANM,WE,Towers with Radar,26,76,122,0,224,0,41,316,2,359,26,117,438,2,583,252,0,252,835
07/29/2017,BFI,WA,ANM,WE,Towers with Radar,12,44,57,6,119,0,49,300,5,354,12,93,357,11,473,148,0,148,621
07/30/2017,BFI,WA,ANM,WE,Towers with Radar,11,40,86,3,140,0,30,329,1,360,11,70,415,4,500,136,0,136,636
07/31/2017,BFI,WA,ANM,WE,Towers with Radar,19,50,88,0,157,0,61,279,3,343,19,111,367,3,500,94,0,94,594
08/01/2017,BFI,WA,ANM,WE,Towers with Radar,43,71,77,3,194,0,58,269,4,331,43,129,346,7,525,150,0,150,675
08/02/2017,BFI,WA,ANM,WE,Towers with Radar,39,61,88,8,196,0,63,254,1,318,39,124,342,9,514,230,1,231,745
08/03/2017,BFI,WA,ANM,WE,Towers with Radar,36,63,116,3,218,0,37,166,8,211,36,100,282,11,429,110,0,110,539
08/04/2017,BFI,WA,ANM,WE,Towers with Radar,32,66,96,7,201,0,42,220,16,278,32,108,316,23,479,246,6,252,731
08/05/2017,BFI,WA,ANM,WE,Towers with Radar,7,41,61,1,110,0,30,198,29,257,7,71,259,30,367,188,2,190,557
08/06/2017,BFI,WA,ANM,WE,Towers with Radar,11,54,103,1,169,1,43,221,7,272,12,97,324,8,441,100,0,100,541
08/07/2017,BFI,WA,ANM,WE,Towers with Radar,23,54,88,2,167,0,49,192,1,242,23,103,280,3,409,214,0,214,623
08/08/2017,BFI,WA,ANM,WE,Towers with Radar,48,71,113,1,233,0,39,201,1,241,48,110,314,2,474,254,0,254,728
08/09/2017,BFI,WA,ANM,WE,Towers with Radar,37,71,107,1,216,0,33,169,7,209,37,104,276,8,425,356,0,356,781
08/10/2017,BFI,WA,ANM,WE,Towers with Radar,28,89,117,3,237,0,36,205,0,241,28,125,322,3,478,262,0,262,740
08/11/2017,BFI,WA,ANM,WE,Towers with Radar,35,71,112,6,224,0,43,299,1,343,35,114,411,7,567,264,0,264,831
08/12/2017,BFI,WA,ANM,WE,Towers with Radar,6,47,68,4,125,0,33,231,2,266,6,80,299,6,391,98,0,98,489
08/13/2017,BFI,WA,ANM,WE,Towers with Radar,6,35,96,2,139,0,26,235,1,262,6,61,331,3,401,232,0,232,633
08/14/2017,BFI,WA,ANM,WE,Towers with Radar,24,60,104,3,191,0,67,253,1,321,24,127,357,4,512,196,0,196,708
08/15/2017,BFI,WA,ANM,WE,Towers with Radar,47,52,100,2,201,0,64,308,0,372,47,116,408,2,573,278,0,278,851
08/16/2017,BFI,WA,ANM,WE,Towers with Radar,30,66,89,2,187,0,37,321,0,358,30,103,410,2,545,103,0,103,648
08/17/2017,BFI,WA,ANM,WE,Towers with Radar,39,85,123,2,249,0,54,212,1,267,39,139,335,3,516,190,0,190,706
08/18/2017,BFI,WA,ANM,WE,Towers with Radar,32,75,127,3,237,0,34,288,0,322,32,109,415,3,559,256,0,256,815
08/19/2017,BFI,WA,ANM,WE,Towers with Radar,17,47,85,4,153,0,29,364,0,393,17,76,449,4,546,210,0,210,756
08/20/2017,BFI,WA,ANM,WE,Towers with Radar,13,63,103,0,179,0,51,415,0,466,13,114,518,0,645,202,0,202,847
08/21/2017,BFI,WA,ANM,WE,Towers with Radar,19,78,131,1,229,0,63,349,1,413,19,141,480,2,642,74,0,74,716
08/22/2017,BFI,WA,ANM,WE,Towers with Radar,49,76,80,1,206,0,69,308,0,377,49,145,388,1,583,192,0,192,775
08/23/2017,BFI,WA,ANM,WE,Towers with Radar,31,66,95,5,197,0,52,246,0,298,31,118,341,5,495,238,0,238,733
08/24/2017,BFI,WA,ANM,WE,Towers with Radar,35,77,106,1,219,0,53,260,0,313,35,130,366,1,532,186,2,188,720
08/25/2017,BFI,WA,ANM,WE,Towers with Radar,32,62,108,2,204,1,38,312,0,351,33,100,420,2,555,136,0,136,691
08/26/2017,BFI,WA,ANM,WE,Towers with Radar,10,34,63,4,111,0,40,332,0,372,10,74,395,4,483,140,0,140,623
08/27/2017,BFI,WA,ANM,WE,Towers with Radar,10,38,81,5,134,0,32,321,0,353,10,70,402,5,487,104,0,104,591
08/28/2017,BFI,WA,ANM,WE,Towers with Radar,23,57,79,1,160,0,53,248,0,301,23,110,327,1,461,114,0,114,575
08/29/2017,BFI,WA,ANM,WE,Towers with Radar,43,54,70,4,171,0,40,221,1,262,43,94,291,5,433,180,0,180,613
08/30/2017,BFI,WA,ANM,WE,Towers with Radar,52,77,101,0,230,0,35,215,1,251,52,112,316,1,481,204,4,208,689
08/31/2017,BFI,WA,ANM,WE,Towers with Radar,46,73,131,0,250,0,19,175,0,194,46,92,306,0,444,82,0,82,526
09/01/2017,BFI,WA,ANM,WE,Towers with Radar,43,58,89,8,198,0,57,358,0,415,43,115,447,8,613,126,0,126,739
09/02/2017,BFI,WA,ANM,WE,Towers with Radar,11,46,45,1,103,0,42,306,0,348,11,88,351,1,451,220,0,220,671
09/03/2017,BFI,WA,ANM,WE,Towers with Radar,5,37,40,2,84,0,30,279,1,310,5,67,319,3,394,182,0,182,576
09/04/2017,BFI,WA,ANM,WE,Towers with Radar,10,52,97,2,161,0,78,312,0,390,10,130,409,2,551,170,0,170,721
09/05/2017,BFI,WA,ANM,WE,Towers with Radar,30,93,98,0,221,0,33,104,0,137,30,126,202,0,358,186,0,186,544
09/06/2017,BFI,WA,ANM,WE,Towers with Radar,43,84,85,1,213,0,28,115,0,143,43,112,200,1,356,256,0,256,612
09/07/2017,BFI,WA,ANM,WE,Towers with Radar,42,71,95,1,209,0,32,134,0,166,42,103,229,1,375,264,0,264,639
09/08/2017,BFI,WA,ANM,WE,Towers with Radar,34,81,116,0,231,0,9,148,2,159,34,90,264,2,390,122,0,122,512
09/09/2017,BFI,WA,ANM,WE,Towers with Radar,23,42,86,1,152,0,25,181,2,208,23,67,267,3,360,112,0,112,472
09/10/2017,BFI,WA,ANM,WE,Towers with Radar,10,44,80,0,134,0,32,274,0,306,10,76,354,0,440,132,0,132,572
09/11/2017,BFI,WA,ANM,WE,Towers with Radar,18,63,83,2,166,0,32,191,1,224,18,95,274,3,390,132,0,132,522
09/12/2017,BFI,WA,ANM,WE,Towers with Radar,40,59,74,0,173,0,38,169,0,207,40,97,243,0,380,102,0,102,482
09/13/2017,BFI,WA,ANM,WE,Towers with Radar,39,72,108,2,221,0,36,183,2,221,39,108,291,4,442,158,0,158,600
09/14/2017,BFI,WA,ANM,WE,Towers with Radar,33,66,110,4,213,0,38,203,1,242,33,104,313,5,455,122,0,122,577
09/15/2017,BFI,WA,ANM,WE,Towers with Radar,36,70,82,1,189,0,35,278,1,314,36,105,360,2,503,220,0,220,723
09/16/2017,BFI,WA,ANM,WE,Towers with Radar,9,53,98,0,160,0,35,300,0,335,9,88,398,0,495,170,0,170,665
09/17/2017,BFI,WA,ANM,WE,Towers with Radar,9,71,108,1,189,0,12,122,3,137,9,83,230,4,326,110,0,110,436
09/18/2017,BFI,WA,ANM,WE,Towers with Radar,25,56,86,1,168,0,15,70,0,85,25,71,156,1,253,142,0,142,395
09/19/2017,BFI,WA,ANM,WE,Towers with Radar,40,64,79,1,184,0,22,102,0,124,40,86,181,1,308,208,0,208,516
09/20/2017,BFI,WA,ANM,WE,Towers with Radar,33,76,87,1,197,0,27,136,0,163,33,103,223,1,360,236,0,236,596
09/21/2017,BFI,WA,ANM,WE,Towers with Radar,36,62,104,0,202,0,31,142,3,176,36,93,246,3,378,158,0,158,536
09/22/2017,BFI,WA,ANM,WE,Towers with Radar,50,64,94,1,209,0,37,318,0,355,50,101,412,1,564,237,0,237,801
09/23/2017,BFI,WA,ANM,WE,Towers with Radar,19,42,61,3,125,0,50,363,5,418,19,92,424,8,543,210,0,210,753
09/24/2017,BFI,WA,ANM,WE,Towers with Radar,16,48,67,4,135,0,34,386,1,421,16,82,453,5,556,202,0,202,758
09/25/2017,BFI,WA,ANM,WE,Towers with Radar,27,60,82,0,169,0,32,142,0,174,27,92,224,0,343,114,0,114,457
09/26/2017,BFI,WA,ANM,WE,Towers with Radar,56,53,98,3,210,0,36,201,0,237,56,89,299,3,447,142,0,142,589
09/27/2017,BFI,WA,ANM,WE,Towers with Radar,38,44,98,3,183,0,61,228,1,290,38,105,326,4,473,180,0,180,653
09/28/2017,BFI,WA,ANM,WE,Towers with Radar,40,66,110,3,219,0,43,277,0,320,40,109,387,3,539,154,0,154,693
09/29/2017,BFI,WA,ANM,WE,Towers with Radar,28,66,106,1,201,0,19,118,0,137,28,85,224,1,338,136,0,136,474
09/30/2017,BFI,WA,ANM,WE,Towers with Radar,11,58,75,0,144,0,19,144,0,163,11,77,219,0,307,236,0,236,543
10/01/2017,BFI,WA,ANM,WE,Towers with Radar,9,73,120,2,204,0,24,157,0,181,9,97,277,2,385,304,0,304,689
10/02/2017,BFI,WA,ANM,WE,Towers with Radar,17,61,78,1,157,0,23,142,0,165,17,84,220,1,322,88,0,88,410
10/03/2017,BFI,WA,ANM,WE,Towers with Radar,33,64,61,2,160,0,35,168,0,203,33,99,229,2,363,170,0,170,533
10/04/2017,BFI,WA,ANM,WE,Towers with Radar,33,49,71,1,154,0,40,212,1,253,33,89,283,2,407,186,0,186,593
10/05/2017,BFI,WA,ANM,WE,Towers with Radar,27,65,55,1,148,0,41,254,1,296,27,106,309,2,444,208,0,208,652
10/06/2017,BFI,WA,ANM,WE,Towers with Radar,27,61,84,3,175,0,44,187,0,231,27,105,271,3,406,78,0,78,484
10/07/2017,BFI,WA,ANM,WE,Towers with Radar,7,46,63,4,120,0,41,166,0,207,7,87,229,4,327,100,0,100,427
10/08/2017,BFI,WA,ANM,WE,Towers with Radar,8,47,96,1,152,0,13,239,0,252,8,60,335,1,404,114,0,114,518
10/09/2017,BFI,WA,ANM,WE,Towers with Radar,9,50,75,1,135,0,37,186,0,223,9,87,261,1,358,152,0,152,510
10/10/2017,BFI,WA,ANM,WE,Towers with Radar,40,59,91,1,191,0,35,149,0,184,40,94,240,1,375,154,0,154,529
10/11/2017,BFI,WA,ANM,WE,Towers with Radar,44,66,71,0,181,0,30,135,1,166,44,96,206,1,347,100,0,100,447
10/12/2017,BFI,WA,ANM,WE,Towers with Radar,38,80,110,1,229,0,8,68,0,76,38,88,178,1,305,92,0,92,397
10/13/2017,BFI,WA,ANM,WE,Towers with Radar,33,63,110,3,209,0,23,178,0,201,33,86,288,3,410,130,0,130,540
10/14/2017,BFI,WA,ANM,WE,Towers with Radar,17,30,56,2,105,0,24,283,0,307,17,54,339,2,412,180,0,180,592
10/15/2017,BFI,WA,ANM,WE,Towers with Radar,13,44,95,1,153,0,22,309,0,331,13,66,404,1,484,136,0,136,620
10/16/2017,BFI,WA,ANM,WE,Towers with Radar,28,47,76,1,152,0,31,156,0,187,28,78,232,1,339,86,0,86,425
10/17/2017,BFI,WA,ANM,WE,Towers with Radar,43,62,70,0,175,0,31,79,2,112,43,93,149,2,287,136,0,136,423
10/18/2017,BFI,WA,ANM,WE,Towers with Radar,34,72,77,0,183,0,12,52,0,64,34,84,129,0,247,42,0,42,289
10/19/2017,BFI,WA,ANM,WE,Towers with Radar,43,63,90,0,196,0,11,58,0,69,43,74,148,0,265,170,0,170,435
10/20/2017,BFI,WA,ANM,WE,Towers with Radar,27,61,84,1,173,0,17,101,0,118,27,78,185,1,291,94,0,94,385
10/21/2017,BFI,WA,ANM,WE,Towers with Radar,14,24,50,1,89,0,5,33,0,38,14,29,83,1,127,116,0,116,243
10/22/2017,BFI,WA,ANM,WE,Towers with Radar,2,26,73,1,102,0,21,121,0,142,2,47,194,1,244,138,0,138,382
10/23/2017,BFI,WA,ANM,WE,Towers with Radar,18,55,87,1,161,0,22,150,0,172,18,77,237,1,333,182,0,182,515
10/24/2017,BFI,WA,ANM,WE,Towers with Radar,42,50,83,1,176,0,36,223,1,260,42,86,306,2,436,214,0,214,650
10/25/2017,BFI,WA,ANM,WE,Towers with Radar,37,76,84,0,197,0,22,74,0,96,37,98,158,0,293,250,0,250,543
10/26/2017,BFI,WA,ANM,WE,Towers with Radar,40,57,76,2,175,0,18,161,1,180,40,75,237,3,355,150,0,150,505
10/27/2017,BFI,WA,ANM,WE,Towers with Radar,29,57,123,1,210,0,28,248,0,276,29,85,371,1,486,126,1,127,613
10/28/2017,BFI,WA,ANM,WE,Towers with Radar,15,29,54,0,98,0,15,211,0,226,15,44,265,0,324,172,0,172,496
10/29/2017,BFI,WA,ANM,WE,Towers with Radar,6,50,100,3,159,0,15,88,1,104,6,65,188,4,263,78,0,78,341
10/30/2017,BFI,WA,ANM,WE,Towers with Radar,26,57,84,2,169,0,54,163,0,217,26,111,247,2,386,200,0,200,586
10/31/2017,BFI,WA,ANM,WE,Towers with Radar,45,60,82,0,187,0,25,202,0,227,45,85,284,0,414,136,0,136,550
11/01/2017,BFI,WA,ANM,WE,Towers with Radar,31,76,106,2,215,0,20,80,0,100,31,96,186,2,315,158,0,158,473
11/02/2017,BFI,WA,ANM,WE,Towers with Radar,36,98,79,2,215,0,12,101,1,114,36,110,180,3,329,114,2,116,445
11/03/2017,BFI,WA,ANM,WE,Towers with Radar,23,87,84,0,194,0,12,34,0,46,23,99,118,0,240,48,0,48,288
11/04/2017,BFI,WA,ANM,WE,Towers with Radar,14,35,58,0,107,0,12,167,0,179,14,47,225,0,286,358,0,358,644
11/05/2017,BFI,WA,ANM,WE,Towers with Radar,6,57,79,0,142,0,4,8,0,12,6,61,87,0,154,10,0,10,164
11/06/2017,BFI,WA,ANM,WE,Towers with Radar,29,54,72,0,155,0,21,182,0,203,29,75,254,0,358,158,0,158,516
11/07/2017,BFI,WA,ANM,WE,Towers with Radar,49,61,90,3,203,0,34,197,0,231,49,95,287,3,434,218,18,236,670
11/08/2017,BFI,WA,ANM,WE,Towers with Radar,32,62,83,0,177,0,31,92,0,123,32,93,175,0,300,172,0,172,472
11/09/2017,BFI,WA,ANM,WE,Towers with Radar,40,68,107,4,219,0,7,60,0,67,40,75,167,4,286,136,0,136,422
11/10/2017,BFI,WA,ANM,WE,Towers with Radar,34,54,79,1,168,0,8,150,0,158,34,62,229,1,326,222,0,222,548
11/11/2017,BFI,WA,ANM,WE,Towers with Radar,17,47,50,1,115,0,8,123,0,131,17,55,173,1,246,188,0,188,434
11/12/2017,BFI,WA,ANM,WE,Towers with Radar,6,41,77,0,124,0,21,101,1,123,6,62,178,1,247,226,0,226,473
11/13/2017,BFI,WA,ANM,WE,Towers with Radar,25,70,82,0,177,0,10,11,0,21,25,80,93,0,198,2,0,2,200
11/14/2017,BFI,WA,ANM,WE,Towers with Radar,46,58,62,1,167,0,17,30,0,47,46,75,92,1,214,38,0,38,252
11/15/2017,BFI,WA,ANM,WE,Towers with Radar,46,53,109,0,208,0,17,110,0,127,46,70,219,0,335,246,0,246,581
11/16/2017,BFI,WA,ANM,WE,Towers with Radar,34,69,73,2,178,0,10,72,2,84,34,79,145,4,262,134,0,134,396
11/17/2017,BFI,WA,ANM,WE,Towers with Radar,38,71,75,1,185,0,27,136,0,163,38,98,211,1,348,162,0,162,510
11/18/2017,BFI,WA,ANM,WE,Towers with Radar,16,31,81,0,128,0,24,258,0,282,16,55,339,0,410,216,0,216,626
11/19/2017,BFI,WA,ANM,WE,Towers with Radar,32,43,51,0,126,0,7,94,0,101,32,50,145,0,227,160,0,160,387
11/20/2017,BFI,WA,ANM,WE,Towers with Radar,31,84,110,2,227,0,23,40,0,63,31,107,150,2,290,40,0,40,330
11/21/2017,BFI,WA,ANM,WE,Towers with Radar,47,72,79,1,199,0,2,14,3,19,47,74,93,4,218,0,4,4,222
11/22/2017,BFI,WA,ANM,WE,Towers with Radar,47,86,77,1,211,0,21,121,0,142,47,107,198,1,353,188,0,188,541
11/23/2017,BFI,WA,ANM,WE,Towers with Radar,3,19,13,0,35,0,3,5,0,8,3,22,18,0,43,8,0,8,51
11/24/2017,BFI,WA,ANM,WE,Towers with Radar,18,44,45,0,107,0,13,104,0,117,18,57,149,0,224,96,0,96,320
11/25/2017,BFI,WA,ANM,WE,Towers with Radar,12,33,60,0,105,0,25,159,0,184,12,58,219,0,289,150,0,150,439
11/26/2017,BFI,WA,ANM,WE,Towers with Radar,11,56,98,0,165,0,6,27,0,33,11,62,125,0,198,38,0,38,236
11/27/2017,BFI,WA,ANM,WE,Towers with Radar,28,56,90,0,174,0,28,116,0,144,28,84,206,0,318,158,0,158,476
11/28/2017,BFI,WA,ANM,WE,Towers with Radar,57,55,54,0,166,0,18,25,0,43,57,73,79,0,209,120,0,120,329
11/29/2017,BFI,WA,ANM,WE,Towers with Radar,55,58,92,0,205,0,20,164,0,184,55,78,256,0,389,292,0,292,681
11/30/2017,BFI,WA,ANM,WE,Towers with Radar,53,67,89,2,211,0,4,48,0,52,53,71,137,2,263,154,0,154,417
12/01/2017,BFI,WA,ANM,WE,Towers with Radar,38,66,70,2,176,1,19,90,0,110,39,85,160,2,286,86,0,86,372
12/02/2017,BFI,WA,ANM,WE,Towers with Radar,20,38,63,0,121,0,6,54,0,60,20,44,117,0,181,166,0,166,347
12/03/2017,BFI,WA,ANM,WE,Towers with Radar,14,47,75,1,137,0,10,135,0,145,14,57,210,1,282,138,0,138,420
12/04/2017,BFI,WA,ANM,WE,Towers with Radar,22,46,83,3,154,0,4,22,1,27,22,50,105,4,181,100,0,100,281
12/05/2017,BFI,WA,ANM,WE,Towers with Radar,57,59,70,3,189,0,32,170,0,202,57,91,240,3,391,94,0,94,485
12/06/2017,BFI,WA,ANM,WE,Towers with Radar,54,57,93,1,205,0,32,203,0,235,54,89,296,1,440,198,0,198,638
12/07/2017,BFI,WA,ANM,WE,Towers with Radar,45,57,82,3,187,0,17,145,1,163,45,74,227,4,350,132,36,168,518
12/08/2017,BFI,WA,ANM,WE,Towers with Radar,32,35,58,0,125,0,9,120,0,129,32,44,178,0,254,110,0,110,364
12/09/2017,BFI,WA,ANM,WE,Towers with Radar,21,37,54,0,112,0,5,90,0,95,21,42,144,0,207,92,0,92,299
12/10/2017,BFI,WA,ANM,WE,Towers with Radar,15,34,75,1,125,0,19,198,0,217,15,53,273,1,342,70,0,70,412
12/11/2017,BFI,WA,ANM,WE,Towers with Radar,34,43,61,0,138,0,29,151,0,180,34,72,212,0,318,150,0,150,468
12/12/2017,BFI,WA,ANM,WE,Towers with Radar,52,53,86,0,191,0,22,136,0,158,52,75,222,0,349,130,0,130,479
12/13/2017,BFI,WA,ANM,WE,Towers with Radar,52,57,97,3,209,0,23,167,0,190,52,80,264,3,399,112,0,112,511
12/14/2017,BFI,WA,ANM,WE,Towers with Radar,44,58,71,2,175,0,22,146,1,169,44,80,217,3,344,48,4,52,396
12/15/2017,BFI,WA,ANM,WE,Towers with Radar,46,67,115,1,229,0,10,43,0,53,46,77,158,1,282,72,0,72,354
12/16/2017,BFI,WA,ANM,WE,Towers with Radar,34,47,73,0,154,0,6,144,0,150,34,53,217,0,304,126,0,126,430
12/17/2017,BFI,WA,ANM,WE,Towers with Radar,27,45,80,3,155,0,5,45,0,50,27,50,125,3,205,42,0,42,247
12/18/2017,BFI,WA,ANM,WE,Towers with Radar,41,64,62,2,169,0,8,23,0,31,41,72,85,2,200,72,0,72,272
12/19/2017,BFI,WA,ANM,WE,Towers with Radar,63,61,53,0,177,0,13,14,0,27,63,74,67,0,204,4,0,4,208
12/20/2017,BFI,WA,ANM,WE,Towers with Radar,67,51,78,4,200,0,28,165,0,193,67,79,243,4,393,106,0,106,499
12/21/2017,BFI,WA,ANM,WE,Towers with Radar,71,48,82,0,201,0,30,175,0,205,71,78,257,0,406,112,0,112,518
12/22/2017,BFI,WA,ANM,WE,Towers with Radar,47,56,49,2,154,0,28,77,0,105,47,84,126,2,259,100,0,100,359
12/23/2017,BFI,WA,ANM,WE,Towers with Radar,35,48,63,0,146,0,38,232,0,270,35,86,295,0,416,88,0,88,504
12/24/2017,BFI,WA,ANM,WE,Towers with Radar,4,29,15,1,49,0,4,52,0,56,4,33,67,1,105,44,0,44,149
12/25/2017,BFI,WA,ANM,WE,Towers with Radar,4,34,23,0,61,0,4,2,0,6,4,38,25,0,67,0,0,0,67
12/26/2017,BFI,WA,ANM,WE,Towers with Radar,14,60,100,1,175,0,16,83,0,99,14,76,183,1,274,62,0,62,336
12/27/2017,BFI,WA,ANM,WE,Towers with Radar,34,59,63,2,158,0,12,94,0,106,34,71,157,2,264,148,0,148,412
12/28/2017,BFI,WA,ANM,WE,Towers with Radar,36,62,52,0,150,0,1,56,0,57,36,63,108,0,207,136,0,136,343
12/29/2017,BFI,WA,ANM,WE,Towers with Radar,14,58,50,0,122,0,3,4,0,7,14,61,54,0,129,0,0,0,129
12/30/2017,BFI,WA,ANM,WE,Towers with Radar,11,51,76,1,139,0,8,128,0,136,11,59,204,1,275,142,0,142,417
12/31/2017,BFI,WA,ANM,WE,Towers with Radar,6,49,60,0,115,0,7,112,3,122,6,56,172,3,237,86,0,86,323
01/01/2018,BFI,WA,ANM,WE,Towers with Radar,0,33,60,1,94,0,25,134,0,159,0,58,194,1,253,46,0,46,299
01/02/2018,BFI,WA,ANM,WE,Towers with Radar,19,51,75,0,145,0,36,121,0,157,19,87,196,0,302,124,0,124,426
01/03/2018,BFI,WA,ANM,WE,Towers with Radar,33,43,65,0,141,0,31,149,0,180,33,74,214,0,321,192,0,192,513
01/04/2018,BFI,WA,ANM,WE,Towers with Radar,36,51,64,0,151,0,29,99,0,128,36,80,163,0,279,162,0,162,441
01/05/2018,BFI,WA,ANM,WE,Towers with Radar,24,69,83,0,176,0,16,64,2,82,24,85,147,2,258,78,0,78,336
01/06/2018,BFI,WA,ANM,WE,Towers with Radar,8,58,48,0,114,0,4,75,0,79,8,62,123,0,193,48,0,48,241
01/07/2018,BFI,WA,ANM,WE,Towers with Radar,10,48,70,0,128,0,3,96,0,99,10,51,166,0,227,180,0,180,407
01/08/2018,BFI,WA,ANM,WE,Towers with Radar,21,65,81,0,167,0,17,106,0,123,21,82,187,0,290,78,0,78,368
01/09/2018,BFI,WA,ANM,WE,Towers with Radar,47,62,94,3,206,0,4,5,0,9,47,66,99,3,215,0,0,0,215
01/10/2018,BFI,WA,ANM,WE,Towers with Radar,36,76,82,0,194,0,11,83,0,94,36,87,165,0,288,168,0,168,456
01/11/2018,BFI,WA,ANM,WE,Towers with Radar,36,81,88,2,207,0,4,15,0,19,36,85,103,2,226,28,0,28,254
01/12/2018,BFI,WA,ANM,WE,Towers with Radar,36,91,119,3,249,0,11,79,0,90,36,102,198,3,339,194,0,194,533
01/13/2018,BFI,WA,ANM,WE,Towers with Radar,9,47,57,1,114,0,7,134,0,141,9,54,191,1,255,280,0,280,535
01/14/2018,BFI,WA,ANM,WE,Towers with Radar,10,32,69,0,111,0,12,203,0,215,10,44,272,0,326,182,0,182,508
01/15/2018,BFI,WA,ANM,WE,Towers with Radar,26,56,84,4,170,0,17,184,0,201,26,73,268,4,371,146,0,146,517
01/16/2018,BFI,WA,ANM,WE,Towers with Radar,43,65,77,2,187,0,34,89,0,123,43,99,166,2,310,146,2,148,458
01/17/2018,BFI,WA,ANM,WE,Towers with Radar,40,58,69,0,167,0,18,99,1,118,40,76,168,1,285,168,0,168,453
01/18/2018,BFI,WA,ANM,WE,Towers with Radar,32,65,82,0,179,0,6,88,0,94,32,71,170,0,273,200,0,200,473
01/19/2018,BFI,WA,ANM,WE,Towers with Radar,28,62,86,0,176,0,10,99,0,109,28,72,185,0,285,58,0,58,343
01/20/2018,BFI,WA,ANM,WE,Towers with Radar,11,43,72,1,127,0,9,109,0,118,11,52,181,1,245,102,0,102,347
01/21/2018,BFI,WA,ANM,WE,Towers with Radar,8,38,46,0,92,0,3,27,2,32,8,41,73,2,124,64,0,64,188
01/22/2018,BFI,WA,ANM,WE,Towers with Radar,20,49,61,0,130,0,21,85,0,106,20,70,146,0,236,70,0,70,306
01/23/2018,BFI,WA,ANM,WE,Towers with Radar,43,70,68,1,182,0,11,35,0,46,43,81,103,1,228,78,0,78,306
01/24/2018,BFI,WA,ANM,WE,Towers with Radar,44,65,77,0,186,0,13,75,0,88,44,78,152,0,274,162,0,162,436
01/25/2018,BFI,WA,ANM,WE,Towers with Radar,35,72,89,4,200,0,25,91,0,116,35,97,180,4,316,90,0,90,406
01/26/2018,BFI,WA,ANM,WE,Towers with Radar,48,78,70,3,199,0,7,72,0,79,48,85,142,3,278,88,0,88,366
01/27/2018,BFI,WA,ANM,WE,Towers with Radar,16,30,53,0,99,0,3,37,2,42,16,33,90,2,141,70,2,72,213
01/28/2018,BFI,WA,ANM,WE,Towers with Radar,14,48,64,2,128,0,12,149,0,161,14,60,213,2,289,222,0,222,511
01/29/2018,BFI,WA,ANM,WE,Towers with Radar,23,51,69,0,143,0,11,54,0,65,23,62,123,0,208,46,0,46,254
01/30/2018,BFI,WA,ANM,WE,Towers with Radar,34,48,76,2,160,0,18,124,0,142,34,66,200,2,302,122,0,122,424
01/31/2018,BFI,WA,ANM,WE,Towers with Radar,35,67,98,1,201,0,13,117,1,131,35,80,215,2,332,206,0,206,538
02/01/2018,BFI,WA,ANM,WE,Towers with Radar,38,68,103,2,211,0,10,77,0,87,38,78,180,2,298,194,0,194,492
02/02/2018,BFI,WA,ANM,WE,Towers with Radar,28,76,84,2,190,0,7,31,0,38,28,83,115,2,228,42,0,42,270
02/03/2018,BFI,WA,ANM,WE,Towers with Radar,11,56,73,0,140,0,6,17,0,23,11,62,90,0,163,36,0,36,199
02/04/2018,BFI,WA,ANM,WE,Towers with Radar,2,44,51,0,97,0,9,33,0,42,2,53,84,0,139,58,0,58,197
02/05/2018,BFI,WA,ANM,WE,Towers with Radar,16,68,97,2,183,0,11,81,0,92,16,79,178,2,275,174,0,174,449
02/06/2018,BFI,WA,ANM,WE,Towers with Radar,38,59,86,2,185,0,11,81,1,93,38,70,167,3,278,92,0,92,370
02/07/2018,BFI,WA,ANM,WE,Towers with Radar,24,68,93,0,185,0,18,104,0,122,24,86,197,0,307,120,0,120,427
02/08/2018,BFI,WA,ANM,WE,Towers with Radar,31,70,96,3,200,0,9,65,0,74,31,79,161,3,274,54,0,54,328
02/09/2018,BFI,WA,ANM,WE,Towers with Radar,29,80,85,6,200,0,13,178,0,191,29,93,263,6,391,120,18,138,529
02/10/2018,BFI,WA,ANM,WE,Towers with Radar,7,37,77,2,123,0,24,308,0,332,7,61,385,2,455,208,0,208,663
02/11/2018,BFI,WA,ANM,WE,Towers with Radar,9,41,59,2,111,0,9,203,0,212,9,50,262,2,323,130,0,130,453
02/12/2018,BFI,WA,ANM,WE,Towers with Radar,23,46,61,1,131,0,22,197,2,221,23,68,258,3,352,136,0,136,488
02/13/2018,BFI,WA,ANM,WE,Towers with Radar,36,64,78,1,179,0,19,199,0,218,36,83,277,1,397,108,0,108,505
02/14/2018,BFI,WA,ANM,WE,Towers with Radar,29,62,89,2,182,0,20,57,0,77,29,82,146,2,259,70,0,70,329
02/15/2018,BFI,WA,ANM,WE,Towers with Radar,31,70,87,0,188,0,14,115,2,131,31,84,202,2,319,270,0,270,589
02/16/2018,BFI,WA,ANM,WE,Towers with Radar,29,88,100,1,218,0,3,39,2,44,29,91,139,3,262,12,0,12,274
02/17/2018,BFI,WA,ANM,WE,Towers with Radar,12,58,51,1,122,0,8,16,0,24,12,66,67,1,146,6,0,6,152
02/18/2018,BFI,WA,ANM,WE,Towers with Radar,8,24,34,0,66,0,15,36,0,51,8,39,70,0,117,68,0,68,185
02/19/2018,BFI,WA,ANM,WE,Towers with Radar,21,52,96,0,169,0,28,248,0,276,21,80,344,0,445,174,0,174,619
02/20/2018,BFI,WA,ANM,WE,Towers with Radar,47,82,101,0,230,0,17,156,2,175,47,99,257,2,405,150,0,150,555
02/21/2018,BFI,WA,ANM,WE,Towers with Radar,42,51,99,0,192,0,24,126,1,151,42,75,225,1,343,212,6,218,561
02/22/2018,BFI,WA,ANM,WE,Towers with Radar,38,59,92,0,189,0,34,199,0,233,38,93,291,0,422,144,8,152,574
02/23/2018,BFI,WA,ANM,WE,Towers with Radar,31,59,92,2,184,0,10,80,0,90,31,69,172,2,274,148,0,148,422
02/24/2018,BFI,WA,ANM,WE,Towers with Radar,12,57,66,2,137,0,8,110,0,118,12,65,176,2,255,174,0,174,429
02/25/2018,BFI,WA,ANM,WE,Towers with Radar,12,46,85,0,143,0,2,81,0,83,12,48,166,0,226,62,0,62,288
02/26/2018,BFI,WA,ANM,WE,Towers with Radar,22,44,65,0,131,0,20,110,1,131,22,64,175,1,262,228,2,230,492
02/27/2018,BFI,WA,ANM,WE,Towers with Radar,44,66,66,0,176,0,19,73,0,92,44,85,139,0,268,108,0,108,376
02/28/2018,BFI,WA,ANM,WE,Towers with Radar,32,73,97,0,202,0,4,76,0,80,32,77,173,0,282,94,0,94,376
03/01/2018,BFI,WA,ANM,WE,Towers with Radar,36,68,97,0,201,0,18,188,2,208,36,86,285,2,409,96,8,104,513
03/02/2018,BFI,WA,ANM,WE,Towers with Radar,31,72,74,4,181,0,14,115,0,129,31,86,189,4,310,230,0,230,540
03/03/2018,BFI,WA,ANM,WE,Towers with Radar,10,30,69,1,110,0,12,301,1,314,10,42,370,2,424,228,2,230,654
03/04/2018,BFI,WA,ANM,WE,Towers with Radar,8,41,84,0,133,0,4,126,0,130,8,45,210,0,263,194,0,194,457
03/05/2018,BFI,WA,ANM,WE,Towers with Radar,21,48,89,0,158,0,29,133,0,162,21,77,222,0,320,132,4,136,456
03/06/2018,BFI,WA,ANM,WE,Towers with Radar,42,48,81,0,171,0,24,212,0,236,42,72,293,0,407,112,0,112,519
03/07/2018,BFI,WA,ANM,WE,Towers with Radar,37,59,71,1,168,0,37,149,2,188,37,96,220,3,356,112,0,112,468
03/08/2018,BFI,WA,ANM,WE,Towers with Radar,33,81,65,1,180,0,19,45,0,64,33,100,110,1,244,22,0,22,266
03/09/2018,BFI,WA,ANM,WE,Towers with Radar,40,50,100,1,191,0,28,159,0,187,40,78,259,1,378,68,0,68,446
03/10/2018,BFI,WA,ANM,WE,Towers with Radar,12,27,61,0,100,0,22,254,0,276,12,49,315,0,376,222,0,222,598
03/11/2018,BFI,WA,ANM,WE,Towers with Radar,10,36,74,0,120,0,21,249,0,270,10,57,323,0,390,204,0,204,594
03/12/2018,BFI,WA,ANM,WE,Towers with Radar,28,53,73,1,155,0,19,161,0,180,28,72,234,1,335,56,0,56,391
03/13/2018,BFI,WA,ANM,WE,Towers with Radar,38,60,57,0,155,0,19,79,0,98,38,79,136,0,253,106,0,106,359
03/14/2018,BFI,WA,ANM,WE,Towers with Radar,41,60,97,1,199,0,19,111,5,135,41,79,208,6,334,150,6,156,490
03/15/2018,BFI,WA,ANM,WE,Towers with Radar,37,59,129,1,226,0,22,173,0,195,37,81,302,1,421,142,0,142,563
03/16/2018,BFI,WA,ANM,WE,Towers with Radar,37,72,100,1,210,0,19,221,4,244,37,91,321,5,454,96,16,112,566
03/17/2018,BFI,WA,ANM,WE,Towers with Radar,23,45,87,1,156,0,6,123,0,129,23,51,210,1,285,208,0,208,493
03/18/2018,BFI,WA,ANM,WE,Towers with Radar,8,36,79,1,124,0,9,196,1,206,8,45,275,2,330,110,0,110,440
03/19/2018,BFI,WA,ANM,WE,Towers with Radar,28,50,82,2,162,0,20,125,0,145,28,70,207,2,307,76,0,76,383
03/20/2018,BFI,WA,ANM,WE,Towers with Radar,55,62,82,2,201,0,25,179,0,204,55,87,261,2,405,132,0,132,537
03/21/2018,BFI,WA,ANM,WE,Towers with Radar,48,52,88,0,188,0,29,167,0,196,48,81,255,0,384,174,0,174,558
03/22/2018,BFI,WA,ANM,WE,Towers with Radar,51,65,83,2,201,0,14,65,0,79,51,79,148,2,280,94,0,94,374
03/23/2018,BFI,WA,ANM,WE,Towers with Radar,42,57,83,2,184,0,11,56,0,67,42,68,139,2,251,49,0,49,300
03/24/2018,BFI,WA,ANM,WE,Towers with Radar,17,44,64,2,127,0,10,133,4,147,17,54,197,6,274,122,2,124,398
03/25/2018,BFI,WA,ANM,WE,Towers with Radar,15,37,74,0,126,0,18,170,1,189,15,55,244,1,315,132,2,134,449
03/26/2018,BFI,WA,ANM,WE,Towers with Radar,27,61,80,2,170,0,12,42,0,54,27,73,122,2,224,76,0,76,300
03/27/2018,BFI,WA,ANM,WE,Towers with Radar,50,80,77,3,210,0,12,41,0,53,50,92,118,3,263,40,0,40,303
03/28/2018,BFI,WA,ANM,WE,Towers with Radar,49,67,82,3,201,0,30,165,0,195,49,97,247,3,396,280,6,286,682
03/29/2018,BFI,WA,ANM,WE,Towers with Radar,43,68,81,0,192,0,8,136,0,144,43,76,217,0,336,140,0,140,476
03/30/2018,BFI,WA,ANM,WE,Towers with Radar,32,57,95,2,186,0,11,139,1,151,32,68,234,3,337,150,0,150,487
03/31/2018,BFI,WA,ANM,WE,Towers with Radar,14,42,58,0,114,0,19,223,5,247,14,61,281,5,361,164,6,170,531
04/01/2018,BFI,WA,ANM,WE,Towers with Radar,5,57,44,1,107,0,5,53,1,59,5,62,97,2,166,42,0,42,208
04/02/2018,BFI,WA,ANM,WE,Towers with Radar,14,42,55,3,114,0,23,173,2,198,14,65,228,5,312,140,0,140,452
04/03/2018,BFI,WA,ANM,WE,Towers with Radar,28,64,73,0,165,0,37,166,0,203,28,101,239,0,368,113,0,113,481
04/04/2018,BFI,WA,ANM,WE,Towers with Radar,34,64,98,0,196,0,20,59,0,79,34,84,157,0,275,136,0,136,411
04/05/2018,BFI,WA,ANM,WE,Towers with Radar,33,75,77,1,186,0,11,96,0,107,33,86,173,1,293,186,0,186,479
04/06/2018,BFI,WA,ANM,WE,Towers with Radar,27,76,85,1,189,0,7,175,0,182,27,83,260,1,371,207,0,207,578
04/07/2018,BFI,WA,ANM,WE,Towers with Radar,6,48,43,0,97,0,2,41,0,43,6,50,84,0,140,0,0,0,140
04/08/2018,BFI,WA,ANM,WE,Towers with Radar,6,47,75,0,128,0,10,52,0,62,6,57,127,0,190,92,0,92,282
04/09/2018,BFI,WA,ANM,WE,Towers with Radar,22,51,70,4,147,0,30,295,8,333,22,81,365,12,480,240,0,240,720
04/10/2018,BFI,WA,ANM,WE,Towers with Radar,44,53,85,0,182,0,27,70,0,97,44,80,155,0,279,70,0,70,349
04/11/2018,BFI,WA,ANM,WE,Towers with Radar,24,64,90,2,180,0,25,127,2,154,24,89,217,4,334,140,2,142,476
04/12/2018,BFI,WA,ANM,WE,Towers with Radar,39,78,89,4,210,0,18,94,0,112,39,96,183,4,322,104,0,104,426
04/13/2018,BFI,WA,ANM,WE,Towers with Radar,25,71,74,0,170,0,15,44,0,59,25,86,118,0,229,74,0,74,303
04/14/2018,BFI,WA,ANM,WE,Towers with Radar,14,54,75,2,145,0,2,63,0,65,14,56,138,2,210,114,0,114,324
04/15/2018,BFI,WA,ANM,WE,Towers with Radar,5,44,84,2,135,0,10,118,0,128,5,54,202,2,263,78,0,78,341
04/16/2018,BFI,WA,ANM,WE,Towers with Radar,20,69,73,0,162,0,7,18,0,25,20,76,91,0,187,26,0,26,213
04/17/2018,BFI,WA,ANM,WE,Towers with Radar,33,62,105,0,200,0,13,128,0,141,33,75,233,0,341,70,0,70,411
04/18/2018,BFI,WA,ANM,WE,Towers with Radar,34,59,83,0,176,0,45,312,0,357,34,104,395,0,533,182,0,182,715
04/19/2018,BFI,WA,ANM,WE,Towers with Radar,40,59,86,2,187,0,32,299,2,333,40,91,385,4,520,148,0,148,668
04/20/2018,BFI,WA,ANM,WE,Towers with Radar,28,56,97,5,186,0,12,262,1,275,28,68,359,6,461,240,0,240,701
04/21/2018,BFI,WA,ANM,WE,Towers with Radar,19,42,43,2,106,0,10,252,0,262,19,52,295,2,368,212,0,212,580
04/22/2018,BFI,WA,ANM,WE,Towers with Radar,9,46,75,3,133,0,18,288,0,306,9,64,363,3,439,152,0,152,591
04/23/2018,BFI,WA,ANM,WE,Towers with Radar,22,64,77,1,164,0,18,218,3,239,22,82,295,4,403,122,8,130,533
04/24/2018,BFI,WA,ANM,WE,Towers with Radar,37,48,72,2,159,0,24,266,4,294,37,72,338,6,453,294,0,294,747
04/25/2018,BFI,WA,ANM,WE,Towers with Radar,46,60,99,0,205,0,37,279,0,316,46,97,378,0,521,208,0,208,729
04/26/2018,BFI,WA,ANM,WE,Towers with Radar,40,49,86,0,175,1,35,253,5,294,41,84,339,5,469,212,2,214,683
04/27/2018,BFI,WA,ANM,WE,Towers with Radar,38,53,105,0,196,0,10,90,0,100,38,63,195,0,296,90,0,90,386
04/28/2018,BFI,WA,ANM,WE,Towers with Radar,10,41,70,0,121,0,0,63,0,63,10,41,133,0,184,118,0,118,302
04/29/2018,BFI,WA,ANM,WE,Towers with Radar,20,41,73,0,134,0,14,222,0,236,20,55,295,0,370,192,0,192,562
04/30/2018,BFI,WA,ANM,WE,Towers with Radar,20,57,75,2,154,0,14,151,1,166,20,71,226,3,320,192,0,192,512
05/01/2018,BFI,WA,ANM,WE,Towers with Radar,34,64,87,4,189,0,33,169,0,202,34,97,256,4,391,148,0,148,539
05/02/2018,BFI,WA,ANM,WE,Towers with Radar,28,68,98,0,194,0,36,291,0,327,28,104,389,0,521,190,2,192,713
05/03/2018,BFI,WA,ANM,WE,Towers with Radar,31,64,105,1,201,0,20,247,0,267,31,84,352,1,468,196,0,196,664
05/04/2018,BFI,WA,ANM,WE,Towers with Radar,36,58,86,3,183,0,20,215,0,235,36,78,301,3,418,194,0,194,612
05/05/2018,BFI,WA,ANM,WE,Towers with Radar,14,32,44,0,90,0,17,273,0,290,14,49,317,0,380,118,1,119,499
05/06/2018,BFI,WA,ANM,WE,Towers with Radar,6,51,75,1,133,0,13,266,0,279,6,64,341,1,412,100,0,100,512
05/07/2018,BFI,WA,ANM,WE,Towers with Radar,25,60,71,0,156,0,43,195,0,238,25,103,266,0,394,184,0,184,578
05/08/2018,BFI,WA,ANM,WE,Towers with Radar,44,62,93,1,200,0,30,193,1,224,44,92,286,2,424,130,0,130,554
05/09/2018,BFI,WA,ANM,WE,Towers with Radar,36,57,88,2,183,0,39,172,1,212,36,96,260,3,395,124,0,124,519
05/10/2018,BFI,WA,ANM,WE,Towers with Radar,35,65,96,1,197,0,22,168,3,193,35,87,264,4,390,339,8,347,737
05/11/2018,BFI,WA,ANM,WE,Towers with Radar,37,50,127,3,217,0,39,257,0,296,37,89,384,3,513,244,0,244,757
05/12/2018,BFI,WA,ANM,WE,Towers with Radar,11,50,57,9,127,0,21,346,0,367,11,71,403,9,494,130,0,130,624
05/13/2018,BFI,WA,ANM,WE,Towers with Radar,7,30,73,4,114,0,14,296,0,310,7,44,369,4,424,62,0,62,486
05/14/2018,BFI,WA,ANM,WE,Towers with Radar,20,52,89,0,161,0,32,203,1,236,20,84,292,1,397,95,0,95,492
05/15/2018,BFI,WA,ANM,WE,Towers with Radar,33,92,157,1,283,0,12,188,0,200,33,104,345,1,483,134,0,134,617
05/16/2018,BFI,WA,ANM,WE,Towers with Radar,45,65,96,1,207,0,27,225,0,252,45,92,321,1,459,180,0,180,639
05/17/2018,BFI,WA,ANM,WE,Towers with Radar,35,90,144,2,271,0,37,175,1,213,35,127,319,3,484,106,8,114,598
05/18/2018,BFI,WA,ANM,WE,Towers with Radar,30,62,113,4,209,0,17,179,0,196,30,79,292,4,405,188,0,188,593
05/19/2018,BFI,WA,ANM,WE,Towers with Radar,17,33,63,1,114,0,15,217,3,235,17,48,280,4,349,154,0,154,503
05/20/2018,BFI,WA,ANM,WE,Towers with Radar,10,49,78,2,139,0,7,221,1,229,10,56,299,3,368,150,0,150,518
05/21/2018,BFI,WA,ANM,WE,Towers with Radar,27,45,61,5,138,0,31,240,2,273,27,76,301,7,411,180,0,180,591
05/22/2018,BFI,WA,ANM,WE,Towers with Radar,46,68,91,0,205,0,32,284,0,316,46,100,375,0,521,150,0,150,671
05/23/2018,BFI,WA,ANM,WE,Towers with Radar,31,68,94,4,197,0,37,285,0,322,31,105,379,4,519,182,22,204,723
05/24/2018,BFI,WA,ANM,WE,Towers with Radar,49,59,100,4,212,0,22,191,1,214,49,81,291,5,426,138,0,138,564
05/25/2018,BFI,WA,ANM,WE,Towers with Radar,35,62,114,2,213,0,24,246,2,272,35,86,360,4,485,78,0,78,563
05/26/2018,BFI,WA,ANM,WE,Towers with Radar,12,49,69,0,130,0,19,282,0,301,12,68,351,0,431,132,0,132,563
05/27/2018,BFI,WA,ANM,WE,Towers with Radar,10,27,35,0,72,0,15,317,6,338,10,42,352,6,410,64,0,64,474
05/28/2018,BFI,WA,ANM,WE,Towers with Radar,10,45,85,0,140,0,24,274,0,298,10,69,359,0,438,110,0,110,548
05/29/2018,BFI,WA,ANM,WE,Towers with Radar,22,56,111,4,193,0,9,196,0,205,22,65,307,4,398,104,0,104,502
05/30/2018,BFI,WA,ANM,WE,Towers with Radar,42,67,86,2,197,0,32,201,0,233,42,99,287,2,430,172,0,172,602
05/31/2018,BFI,WA,ANM,WE,Towers with Radar,34,84,117,3,238,0,26,217,2,245,34,110,334,5,483,204,0,204,687
06/01/2018,BFI,WA,ANM,WE,Towers with Radar,28,78,101,2,209,0,28,256,1,285,28,106,357,3,494,120,0,120,614
06/02/2018,BFI,WA,ANM,WE,Towers with Radar,15,42,51,10,118,0,28,316,7,351,15,70,367,17,469,164,0,164,633
06/03/2018,BFI,WA,ANM,WE,Towers with Radar,8,45,92,5,150,0,21,193,2,216,8,66,285,7,366,178,0,178,544
06/04/2018,BFI,WA,ANM,WE,Towers with Radar,21,75,107,5,208,0,24,201,0,225,21,99,308,5,433,114,54,168,601
06/05/2018,BFI,WA,ANM,WE,Towers with Radar,37,41,81,3,162,0,26,227,1,254,37,67,308,4,416,160,0,160,576
06/06/2018,BFI,WA,ANM,WE,Towers with Radar,30,52,112,1,195,0,36,255,2,293,30,88,367,3,488,260,0,260,748
06/07/2018,BFI,WA,ANM,WE,Towers with Radar,33,79,103,4,219,0,20,253,4,277,33,99,356,8,496,176,2,178,674
06/08/2018,BFI,WA,ANM,WE,Towers with Radar,28,65,79,5,177,0,15,140,0,155,28,80,219,5,332,120,0,120,452
06/09/2018,BFI,WA,ANM,WE,Towers with Radar,18,51,66,1,136,0,5,118,0,123,18,56,184,1,259,84,0,84,343
06/10/2018,BFI,WA,ANM,WE,Towers with Radar,6,50,83,2,141,0,18,133,2,153,6,68,216,4,294,74,0,74,368
06/11/2018,BFI,WA,ANM,WE,Towers with Radar,19,53,107,6,185,0,33,220,1,254,19,86,327,7,439,180,2,182,621
06/12/2018,BFI,WA,ANM,WE,Towers with Radar,36,49,86,3,174,0,27,229,3,259,36,76,315,6,433,87,10,97,530
06/13/2018,BFI,WA,ANM,WE,Towers with Radar,36,45,88,0,169,0,28,125,0,153,36,73,213,0,322,20,0,20,342
06/14/2018,BFI,WA,ANM,WE,Towers with Radar,43,56,123,2,224,0,27,216,0,243,43,83,339,2,467,102,0,102,569
06/15/2018,BFI,WA,ANM,WE,Towers with Radar,30,72,111,8,221,0,26,283,1,310,30,98,394,9,531,198,0,198,729
06/16/2018,BFI,WA,ANM,WE,Towers with Radar,16,31,69,5,121,0,15,305,0,320,16,46,374,5,441,166,0,166,607
06/17/2018,BFI,WA,ANM,WE,Towers with Radar,24,43,66,2,135,0,30,344,2,376,24,73,410,4,511,54,0,54,565
06/18/2018,BFI,WA,ANM,WE,Towers with Radar,24,48,100,4,176,0,36,310,0,346,24,84,410,4,522,176,0,176,698
06/19/2018,BFI,WA,ANM,WE,Towers with Radar,38,55,88,0,181,0,30,232,0,262,38,85,320,0,443,192,0,192,635
06/20/2018,BFI,WA,ANM,WE,Towers with Radar,32,72,96,1,201,0,41,269,0,310,32,113,365,1,511,162,4,166,677
06/21/2018,BFI,WA,ANM,WE,Towers with Radar,42,64,115,2,223,0,24,247,1,272,42,88,362,3,495,302,2,304,799
06/22/2018,BFI,WA,ANM,WE,Towers with Radar,24,69,110,7,210,0,25,231,0,256,24,94,341,7,466,106,0,106,572
06/23/2018,BFI,WA,ANM,WE,Towers with Radar,18,42,63,1,124,0,10,261,0,271,18,52,324,1,395,202,0,202,597
06/24/2018,BFI,WA,ANM,WE,Towers with Radar,21,49,93,3,166,0,32,375,3,410,21,81,468,6,576,130,0,130,706
06/25/2018,BFI,WA,ANM,WE,Towers with Radar,30,87,99,0,216,0,22,146,2,170,30,109,245,2,386,156,0,156,542
06/26/2018,BFI,WA,ANM,WE,Towers with Radar,45,63,79,3,190,0,25,235,3,263,45,88,314,6,453,206,0,206,659
06/27/2018,BFI,WA,ANM,WE,Towers with Radar,47,62,94,2,205,0,39,345,5,389,47,101,439,7,594,130,0,130,724
06/28/2018,BFI,WA,ANM,WE,Towers with Radar,46,66,92,3,207,0,34,264,1,299,46,100,356,4,506,293,0,293,799
06/29/2018,BFI,WA,ANM,WE,Towers with Radar,43,68,112,2,225,0,30,224,2,256,43,98,336,4,481,236,0,236,717
06/30/2018,BFI,WA,ANM,WE,Towers with Radar,22,73,73,1,169,0,7,189,3,199,22,80,262,4,368,124,0,124,492
07/01/2018,BFI,WA,ANM,WE,Towers with Radar,14,49,85,2,150,0,14,204,4,222,14,63,289,6,372,96,0,96,468
07/02/2018,BFI,WA,ANM,WE,Towers with Radar,26,59,86,2,173,0,31,236,0,267,26,90,322,2,440,178,0,178,618
07/03/2018,BFI,WA,ANM,WE,Towers with Radar,36,55,47,0,138,0,49,279,0,328,36,104,326,0,466,160,2,162,628
07/04/2018,BFI,WA,ANM,WE,Towers with Radar,10,25,14,0,49,0,32,204,0,236,10,57,218,0,285,110,0,110,395
07/05/2018,BFI,WA,ANM,WE,Towers with Radar,21,44,78,1,144,0,62,248,3,313,21,106,326,4,457,80,0,80,537
07/06/2018,BFI,WA,ANM,WE,Towers with Radar,34,50,72,3,159,0,30,247,0,277,34,80,319,3,436,97,0,97,533
07/07/2018,BFI,WA,ANM,WE,Towers with Radar,11,38,69,2,120,0,38,301,3,342,11,76,370,5,462,140,2,142,604
07/08/2018,BFI,WA,ANM,WE,Towers with Radar,4,43,93,1,141,0,32,383,4,419,4,75,476,5,560,98,0,98,658
07/09/2018,BFI,WA,ANM,WE,Towers with Radar,20,52,119,1,192,0,25,268,0,293,20,77,387,1,485,238,0,238,723
07/10/2018,BFI,WA,ANM,WE,Towers with Radar,32,86,91,2,211,0,23,309,1,333,32,109,400,3,544,246,0,246,790
07/11/2018,BFI,WA,ANM,WE,Towers with Radar,27,58,101,5,191,0,48,243,0,291,27,106,344,5,482,158,18,176,658
07/12/2018,BFI,WA,ANM,WE,Towers with Radar,31,63,103,2,199,0,38,278,1,317,31,101,381,3,516,118,0,118,634
07/13/2018,BFI,WA,ANM,WE,Towers with Radar,33,58,101,3,195,0,37,338,0,375,33,95,439,3,570,172,0,172,742
07/14/2018,BFI,WA,ANM,WE,Towers with Radar,14,39,56,3,112,0,41,339,7,387,14,80,395,10,499,156,0,156,655
07/15/2018,BFI,WA,ANM,WE,Towers with Radar,11,45,90,0,146,0,37,343,0,380,11,82,433,0,526,192,0,192,718
07/16/2018,BFI,WA,ANM,WE,Towers with Radar,20,52,94,2,168,0,27,358,3,388,20,79,452,5,556,142,0,142,698
07/17/2018,BFI,WA,ANM,WE,Towers with Radar,44,59,82,3,188,0,26,290,0,316,44,85,372,3,504,150,12,162,666
07/18/2018,BFI,WA,ANM,WE,Towers with Radar,46,70,101,3,220,0,19,227,1,247,46,89,328,4,467,322,0,322,789
07/19/2018,BFI,WA,ANM,WE,Towers with Radar,51,85,127,0,263,0,39,223,0,262,51,124,350,0,525,250,0,250,775
07/20/2018,BFI,WA,ANM,WE,Towers with Radar,43,78,71,3,195,0,38,291,2,331,43,116,362,5,526,252,0,252,778
07/21/2018,BFI,WA,ANM,WE,Towers with Radar,17,46,65,3,131,0,33,336,6,375,17,79,401,9,506,100,0,100,606
07/22/2018,BFI,WA,ANM,WE,Towers with Radar,15,39,100,6,160,0,27,378,3,408,15,66,478,9,568,78,0,78,646
07/23/2018,BFI,WA,ANM,WE,Towers with Radar,31,67,96,2,196,0,39,275,0,314,31,106,371,2,510,208,0,208,718
07/24/2018,BFI,WA,ANM,WE,Towers with Radar,40,56,74,0,170,0,23,352,0,375,40,79,426,0,545,144,0,144,689
07/25/2018,BFI,WA,ANM,WE,Towers with Radar,29,55,119,2,205,0,34,295,0,329,29,89,414,2,534,66,0,66,600
07/26/2018,BFI,WA,ANM,WE,Towers with Radar,32,70,76,0,178,0,60,309,0,369,32,130,385,0,547,196,0,196,743
07/27/2018,BFI,WA,ANM,WE,Towers with Radar,40,64,76,6,186,0,33,352,4,389,40,97,428,10,575,206,8,214,789
07/28/2018,BFI,WA,ANM,WE,Towers with Radar,14,33,70,0,117,0,34,317,1,352,14,67,387,1,469,129,0,129,598
07/29/2018,BFI,WA,ANM,WE,Towers with Radar,11,23,93,0,127,0,38,361,2,401,11,61,454,2,528,175,0,175,703
07/30/2018,BFI,WA,ANM,WE,Towers with Radar,23,69,87,3,182,0,30,322,1,353,23,99,409,4,535,144,0,144,679
07/31/2018,BFI,WA,ANM,WE,Towers with Radar,31,81,106,0,218,0,19,273,4,296,31,100,379,4,514,122,0,122,636
08/01/2018,BFI,WA,ANM,WE,Towers with Radar,40,68,111,5,224,0,25,264,4,293,40,93,375,9,517,214,2,216,733
08/02/2018,BFI,WA,ANM,WE,Towers with Radar,30,58,116,2,206,0,24,120,9,153,30,82,236,11,359,110,2,112,471
08/03/2018,BFI,WA,ANM,WE,Towers with Radar,28,74,128,5,235,0,31,197,3,231,28,105,325,8,466,80,2,82,548
08/04/2018,BFI,WA,ANM,WE,Towers with Radar,10,35,64,3,112,0,24,216,4,244,10,59,280,7,356,60,2,62,418
08/05/2018,BFI,WA,ANM,WE,Towers with Radar,12,35,97,2,146,1,44,326,1,372,13,79,423,3,518,68,0,68,586
08/06/2018,BFI,WA,ANM,WE,Towers with Radar,28,45,88,6,167,0,48,301,7,356,28,93,389,13,523,252,0,252,775
08/07/2018,BFI,WA,ANM,WE,Towers with Radar,36,47,66,0,149,0,38,308,0,346,36,85,374,0,495,274,0,274,769
08/08/2018,BFI,WA,ANM,WE,Towers with Radar,36,58,101,1,196,0,51,354,1,406,36,109,455,2,602,254,8,262,864
08/09/2018,BFI,WA,ANM,WE,Towers with Radar,34,57,90,1,182,0,52,333,0,385,34,109,423,1,567,194,0,194,761
08/10/2018,BFI,WA,ANM,WE,Towers with Radar,33,70,77,0,180,0,42,334,2,378,33,112,411,2,558,194,0,194,752
08/11/2018,BFI,WA,ANM,WE,Towers with Radar,13,60,81,1,155,0,31,174,0,205,13,91,255,1,360,84,0,84,444
08/12/2018,BFI,WA,ANM,WE,Towers with Radar,13,62,92,1,168,0,15,313,0,328,13,77,405,1,496,146,0,146,642
08/13/2018,BFI,WA,ANM,WE,Towers with Radar,20,59,131,0,210,0,30,232,3,265,20,89,363,3,475,182,0,182,657
08/14/2018,BFI,WA,ANM,WE,Towers with Radar,38,74,126,4,242,0,20,167,0,187,38,94,293,4,429,266,0,266,695
08/15/2018,BFI,WA,ANM,WE,Towers with Radar,40,61,111,2,214,0,23,143,0,166,40,84,254,2,380,254,0,254,634
08/16/2018,BFI,WA,ANM,WE,Towers with Radar,36,68,120,2,226,0,27,160,0,187,36,95,280,2,413,90,0,90,503
08/17/2018,BFI,WA,ANM,WE,Towers with Radar,24,71,101,7,203,0,25,280,1,306,24,96,381,8,509,166,0,166,675
08/18/2018,BFI,WA,ANM,WE,Towers with Radar,21,25,79,2,127,0,34,338,0,372,21,59,417,2,499,112,0,112,611
08/19/2018,BFI,WA,ANM,WE,Towers with Radar,4,41,104,1,150,0,30,221,0,251,4,71,325,1,401,64,0,64,465
08/20/2018,BFI,WA,ANM,WE,Towers with Radar,22,76,114,0,212,0,10,66,0,76,22,86,180,0,288,50,0,50,338
08/21/2018,BFI,WA,ANM,WE,Towers with Radar,41,82,115,0,238,0,8,48,0,56,41,90,163,0,294,60,0,60,354
08/22/2018,BFI,WA,ANM,WE,Towers with Radar,35,88,137,0,260,0,0,24,0,24,35,88,161,0,284,10,0,10,294
08/23/2018,BFI,WA,ANM,WE,Towers with Radar,34,80,110,0,224,0,13,144,0,157,34,93,254,0,381,126,0,126,507
08/24/2018,BFI,WA,ANM,WE,Towers with Radar,32,78,107,5,222,0,14,198,0,212,32,92,305,5,434,206,0,206,640
08/25/2018,BFI,WA,ANM,WE,Towers with Radar,16,49,86,3,154,0,3,127,0,130,16,52,213,3,284,84,0,84,368
08/26/2018,BFI,WA,ANM,WE,Towers with Radar,12,50,122,1,185,0,17,132,0,149,12,67,254,1,334,208,0,208,542
08/27/2018,BFI,WA,ANM,WE,Towers with Radar,13,72,83,1,169,0,29,202,1,232,13,101,285,2,401,166,0,166,567
08/28/2018,BFI,WA,ANM,WE,Towers with Radar,39,60,82,4,185,0,34,304,2,340,39,94,386,6,525,188,0,188,713
08/29/2018,BFI,WA,ANM,WE,Towers with Radar,39,59,104,2,204,0,37,317,2,356,39,96,421,4,560,154,0,154,714
08/30/2018,BFI,WA,ANM,WE,Towers with Radar,33,75,121,2,231,0,36,271,0,307,33,111,392,2,538,212,0,212,750
08/31/2018,BFI,WA,ANM,WE,Towers with Radar,30,61,150,3,244,0,21,265,4,290,30,82,415,7,534,182,0,182,716
09/01/2018,BFI,WA,ANM,WE,Towers with Radar,12,37,50,0,99,0,28,228,0,256,12,65,278,0,355,114,0,114,469
09/02/2018,BFI,WA,ANM,WE,Towers with Radar,6,33,55,1,95,0,25,312,0,337,6,58,367,1,432,104,0,104,536
09/03/2018,BFI,WA,ANM,WE,Towers with Radar,5,46,91,0,142,0,59,257,5,321,5,105,348,5,463,64,0,64,527
09/04/2018,BFI,WA,ANM,WE,Towers with Radar,22,73,81,3,179,0,44,246,2,292,22,117,327,5,471,108,0,108,579
09/05/2018,BFI,WA,ANM,WE,Towers with Radar,31,62,74,3,170,0,40,202,0,242,31,102,276,3,412,106,1,107,519
09/06/2018,BFI,WA,ANM,WE,Towers with Radar,30,65,94,2,191,0,57,209,1,267,30,122,303,3,458,174,0,174,632
09/07/2018,BFI,WA,ANM,WE,Towers with Radar,20,70,90,2,182,0,22,208,1,231,20,92,298,3,413,112,0,112,525
09/08/2018,BFI,WA,ANM,WE,Towers with Radar,13,35,90,0,138,0,17,127,0,144,13,52,217,0,282,82,0,82,364
09/09/2018,BFI,WA,ANM,WE,Towers with Radar,10,58,75,0,143,0,19,288,2,309,10,77,363,2,452,14,0,14,466
09/10/2018,BFI,WA,ANM,WE,Towers with Radar,19,55,90,2,166,0,22,135,2,159,19,77,225,4,325,130,2,132,457
09/11/2018,BFI,WA,ANM,WE,Towers with Radar,43,79,83,0,205,0,19,119,2,140,43,98,202,2,345,246,0,246,591
09/12/2018,BFI,WA,ANM,WE,Towers with Radar,27,68,113,2,210,0,18,129,0,147,27,86,242,2,357,160,2,162,519
09/13/2018,BFI,WA,ANM,WE,Towers with Radar,32,72,94,0,198,0,21,150,1,172,32,93,244,1,370,192,0,192,562
09/14/2018,BFI,WA,ANM,WE,Towers with Radar,41,79,91,3,214,0,19,148,0,167,41,98,239,3,381,124,0,124,505
09/15/2018,BFI,WA,ANM,WE,Towers with Radar,16,44,59,0,119,0,9,186,0,195,16,53,245,0,314,112,0,112,426
09/16/2018,BFI,WA,ANM,WE,Towers with Radar,11,44,78,0,133,0,12,140,0,152,11,56,218,0,285,110,0,110,395
09/17/2018,BFI,WA,ANM,WE,Towers with Radar,24,53,74,2,153,0,21,256,1,278,24,74,330,3,431,150,0,150,581
09/18/2018,BFI,WA,ANM,WE,Towers with Radar,39,48,78,4,169,0,20,275,3,298,39,68,353,7,467,226,2,228,695
09/19/2018,BFI,WA,ANM,WE,Towers with Radar,31,49,81,0,161,0,28,287,0,315,31,77,368,0,476,168,8,176,652
09/20/2018,BFI,WA,ANM,WE,Towers with Radar,43,62,90,2,197,0,27,168,0,195,43,89,258,2,392,242,0,242,634
09/21/2018,BFI,WA,ANM,WE,Towers with Radar,32,63,97,2,194,0,32,171,0,203,32,95,268,2,397,102,0,102,499
09/22/2018,BFI,WA,ANM,WE,Towers with Radar,21,45,73,3,142,0,21,95,0,116,21,66,168,3,258,94,0,94,352
09/23/2018,BFI,WA,ANM,WE,Towers with Radar,8,51,115,0,174,0,23,361,9,393,8,74,476,9,567,48,0,48,615
09/24/2018,BFI,WA,ANM,WE,Towers with Radar,30,43,74,1,148,0,29,332,0,361,30,72,406,1,509,160,0,160,669
09/25/2018,BFI,WA,ANM,WE,Towers with Radar,49,60,93,1,203,0,32,281,0,313,49,92,374,1,516,152,0,152,668
09/26/2018,BFI,WA,ANM,WE,Towers with Radar,35,64,78,0,177,0,22,168,1,191,35,86,246,1,368,85,0,85,453
09/27/2018,BFI,WA,ANM,WE,Towers with Radar,36,54,75,1,166,0,32,257,0,289,36,86,332,1,455,210,0,210,665
09/28/2018,BFI,WA,ANM,WE,Towers with Radar,37,52,80,3,172,0,27,251,0,278,37,79,331,3,450,170,0,170,620
09/29/2018,BFI,WA,ANM,WE,Towers with Radar,18,32,71,0,121,0,33,244,0,277,18,65,315,0,398,77,0,77,475
09/30/2018,BFI,WA,ANM,WE,Towers with Radar,18,35,97,0,150,0,9,190,1,200,18,44,287,1,350,62,0,62,412
10/01/2018,BFI,WA,ANM,WE,Towers with Radar,17,84,78,2,181,0,10,85,1,96,17,94,163,3,277,68,0,68,345
10/02/2018,BFI,WA,ANM,WE,Towers with Radar,30,74,64,2,170,0,12,95,0,107,30,86,159,2,277,27,0,27,304
10/03/2018,BFI,WA,ANM,WE,Towers with Radar,26,70,96,0,192,0,18,183,0,201,26,88,279,0,393,238,0,238,631
10/04/2018,BFI,WA,ANM,WE,Towers with Radar,28,53,103,3,187,0,25,234,0,259,28,78,337,3,446,302,0,302,748
10/05/2018,BFI,WA,ANM,WE,Towers with Radar,29,70,114,0,213,0,6,70,0,76,29,76,184,0,289,146,0,146,435
10/06/2018,BFI,WA,ANM,WE,Towers with Radar,13,34,70,0,117,0,11,221,0,232,13,45,291,0,349,140,0,140,489
10/07/2018,BFI,WA,ANM,WE,Towers with Radar,11,48,118,1,178,0,14,143,0,157,11,62,261,1,335,84,0,84,419
10/08/2018,BFI,WA,ANM,WE,Towers with Radar,13,75,100,1,189,0,1,0,0,1,13,76,100,1,190,0,0,0,190
10/09/2018,BFI,WA,ANM,WE,Towers with Radar,29,59,87,4,179,0,23,126,0,149,29,82,213,4,328,242,0,242,570
10/10/2018,BFI,WA,ANM,WE,Towers with Radar,24,62,103,0,189,0,20,176,2,198,24,82,279,2,387,296,0,296,683
10/11/2018,BFI,WA,ANM,WE,Towers with Radar,33,66,103,3,205,0,16,186,1,203,33,82,289,4,408,142,0,142,550
10/12/2018,BFI,WA,ANM,WE,Towers with Radar,30,48,84,0,162,0,19,242,0,261,30,67,326,0,423,188,0,188,611
10/13/2018,BFI,WA,ANM,WE,Towers with Radar,11,34,69,3,117,0,27,294,0,321,11,61,363,3,438,138,2,140,578
10/14/2018,BFI,WA,ANM,WE,Towers with Radar,11,33,98,1,143,0,10,296,0,306,11,43,394,1,449,92,0,92,541
10/15/2018,BFI,WA,ANM,WE,Towers with Radar,22,59,85,2,168,0,48,256,0,304,22,107,341,2,472,168,0,168,640
10/16/2018,BFI,WA,ANM,WE,Towers with Radar,28,72,79,2,181,0,30,268,0,298,28,102,347,2,479,184,0,184,663
10/17/2018,BFI,WA,ANM,WE,Towers with Radar,34,58,83,4,179,0,33,278,0,311,34,91,361,4,490,190,0,190,680
10/18/2018,BFI,WA,ANM,WE,Towers with Radar,40,51,67,3,161,0,33,260,1,294,40,84,327,4,455,96,0,96,551
10/19/2018,BFI,WA,ANM,WE,Towers with Radar,36,46,93,4,179,0,25,175,0,200,36,71,268,4,379,126,0,126,505
10/20/2018,BFI,WA,ANM,WE,Towers with Radar,17,32,72,2,123,0,20,112,0,132,17,52,184,2,255,104,0,104,359
10/21/2018,BFI,WA,ANM,WE,Towers with Radar,6,39,71,2,118,0,5,102,0,107,6,44,173,2,225,92,0,92,317
10/22/2018,BFI,WA,ANM,WE,Towers with Radar,16,47,67,0,130,0,1,23,0,24,16,48,90,0,154,22,0,22,176
10/23/2018,BFI,WA,ANM,WE,Towers with Radar,44,68,89,0,201,0,17,63,0,80,44,85,152,0,281,160,0,160,441
10/24/2018,BFI,WA,ANM,WE,Towers with Radar,51,66,102,0,219,0,41,175,3,219,51,107,277,3,438,228,0,228,666
10/25/2018,BFI,WA,ANM,WE,Towers with Radar,41,66,86,0,193,0,4,26,1,31,41,70,112,1,224,36,0,36,260
10/26/2018,BFI,WA,ANM,WE,Towers with Radar,39,64,70,0,173,0,11,93,0,104,39,75,163,0,277,154,0,154,431
10/27/2018,BFI,WA,ANM,WE,Towers with Radar,25,46,59,0,130,0,15,148,0,163,25,61,207,0,293,118,0,118,411
10/28/2018,BFI,WA,ANM,WE,Towers with Radar,14,42,72,0,128,0,9,72,0,81,14,51,144,0,209,102,0,102,311
10/29/2018,BFI,WA,ANM,WE,Towers with Radar,31,54,74,0,159,0,29,98,0,127,31,83,172,0,286,230,0,230,516
10/30/2018,BFI,WA,ANM,WE,Towers with Radar,38,58,94,0,190,0,18,113,0,131,38,76,207,0,321,190,0,190,511
10/31/2018,BFI,WA,ANM,WE,Towers with Radar,34,75,71,0,180,0,13,41,0,54,34,88,112,0,234,62,0,62,296
11/01/2018,BFI,WA,ANM,WE,Towers with Radar,42,81,84,2,209,0,7,28,0,35,42,88,112,2,244,20,0,20,264
11/02/2018,BFI,WA,ANM,WE,Towers with Radar,35,52,54,1,142,0,7,126,4,137,35,59,180,5,279,122,2,124,403
11/03/2018,BFI,WA,ANM,WE,Towers with Radar,16,45,74,0,135,0,5,48,0,53,16,50,122,0,188,128,0,128,316
11/04/2018,BFI,WA,ANM,WE,Towers with Radar,7,46,97,0,150,0,20,172,0,192,7,66,269,0,342,98,0,98,440
11/05/2018,BFI,WA,ANM,WE,Towers with Radar,24,55,69,2,150,0,27,100,0,127,24,82,169,2,277,204,0,204,481
11/06/2018,BFI,WA,ANM,WE,Towers with Radar,32,51,96,0,179,0,12,118,0,130,32,63,214,0,309,244,0,244,553
11/07/2018,BFI,WA,ANM,WE,Towers with Radar,40,71,95,0,206,0,15,155,1,171,40,86,250,1,377,230,0,230,607
11/08/2018,BFI,WA,ANM,WE,Towers with Radar,39,59,106,1,205,0,27,182,3,212,39,86,288,4,417,172,2,174,591
11/09/2018,BFI,WA,ANM,WE,Towers with Radar,32,67,101,3,203,0,11,91,0,102,32,78,192,3,305,220,6,226,531
11/10/2018,BFI,WA,ANM,WE,Towers with Radar,12,44,56,0,112,0,8,218,0,226,12,52,274,0,338,108,0,108,446
11/11/2018,BFI,WA,ANM,WE,Towers with Radar,6,38,57,0,101,0,9,284,0,293,6,47,341,0,394,152,0,152,546
11/12/2018,BFI,WA,ANM,WE,Towers with Radar,17,57,71,0,145,0,26,183,0,209,17,83,254,0,354,88,0,88,442
11/13/2018,BFI,WA,ANM,WE,Towers with Radar,44,60,87,2,193,0,17,209,1,227,44,77,296,3,420,164,0,164,584
11/14/2018,BFI,WA,ANM,WE,Towers with Radar,38,62,90,3,193,0,8,71,2,81,38,70,161,5,274,106,0,106,380
11/15/2018,BFI,WA,ANM,WE,Towers with Radar,37,90,150,3,280,0,15,157,2,174,37,105,307,5,454,118,0,118,572
11/16/2018,BFI,WA,ANM,WE,Towers with Radar,35,79,116,3,233,0,7,123,0,130,35,86,239,3,363,30,0,30,393
11/17/2018,BFI,WA,ANM,WE,Towers with Radar,23,37,73,7,140,0,30,228,1,259,23,67,301,8,399,122,0,122,521
11/18/2018,BFI,WA,ANM,WE,Towers with Radar,17,46,75,1,139,0,16,249,1,266,17,62,324,2,405,134,0,134,539
11/19/2018,BFI,WA,ANM,WE,Towers with Radar,21,38,78,0,137,0,28,178,1,207,21,66,256,1,344,172,0,172,516
11/20/2018,BFI,WA,ANM,WE,Towers with Radar,38,44,64,0,146,0,24,143,0,167,38,68,207,0,313,140,0,140,453
11/21/2018,BFI,WA,ANM,WE,Towers with Radar,40,62,68,0,170,0,17,121,1,139,40,79,189,1,309,96,0,96,405
11/22/2018,BFI,WA,ANM,WE,Towers with Radar,6,33,16,0,55,0,4,18,0,22,6,37,34,0,77,50,0,50,127
11/23/2018,BFI,WA,ANM,WE,Towers with Radar,14,61,61,0,136,0,9,46,0,55,14,70,107,0,191,142,0,142,333
11/24/2018,BFI,WA,ANM,WE,Towers with Radar,16,57,71,0,144,0,7,143,0,150,16,64,214,0,294,150,0,150,444
11/25/2018,BFI,WA,ANM,WE,Towers with Radar,15,58,96,0,169,0,22,158,2,182,15,80,254,2,351,106,0,106,457
11/26/2018,BFI,WA,ANM,WE,Towers with Radar,35,55,59,0,149,0,6,35,0,41,35,61,94,0,190,108,0,108,298
11/27/2018,BFI,WA,ANM,WE,Towers with Radar,58,42,84,2,186,0,22,79,0,101,58,64,163,2,287,84,0,84,371
11/28/2018,BFI,WA,ANM,WE,Towers with Radar,45,49,92,1,187,0,10,108,1,119,45,59,200,2,306,122,2,124,430
11/29/2018,BFI,WA,ANM,WE,Towers with Radar,56,48,83,0,187,0,11,78,0,89,56,59,161,0,276,138,0,138,414
11/30/2018,BFI,WA,ANM,WE,Towers with Radar,37,48,89,0,174,0,6,107,4,117,37,54,196,4,291,158,4,162,453
12/01/2018,BFI,WA,ANM,WE,Towers with Radar,28,39,50,4,121,0,8,150,0,158,28,47,200,4,279,130,0,130,409
12/02/2018,BFI,WA,ANM,WE,Towers with Radar,13,35,82,1,131,0,3,87,0,90,13,38,169,1,221,26,0,26,247
12/03/2018,BFI,WA,ANM,WE,Towers with Radar,21,39,68,2,130,0,27,143,0,170,21,66,211,2,300,156,0,156,456
12/04/2018,BFI,WA,ANM,WE,Towers with Radar,50,48,58,1,157,0,22,192,1,215,50,70,250,2,372,198,0,198,570
12/05/2018,BFI,WA,ANM,WE,Towers with Radar,46,44,101,2,193,0,34,214,0,248,46,78,315,2,441,230,0,230,671
12/06/2018,BFI,WA,ANM,WE,Towers with Radar,53,57,82,1,193,0,46,222,0,268,53,103,304,1,461,156,0,156,617
12/07/2018,BFI,WA,ANM,WE,Towers with Radar,29,47,89,2,167,0,21,165,0,186,29,68,254,2,353,84,0,84,437
12/08/2018,BFI,WA,ANM,WE,Towers with Radar,19,36,69,0,124,0,8,158,0,166,19,44,227,0,290,46,0,46,336
12/09/2018,BFI,WA,ANM,WE,Towers with Radar,12,41,67,3,123,0,7,50,1,58,12,48,117,4,181,72,0,72,253
12/10/2018,BFI,WA,ANM,WE,Towers with Radar,24,56,112,0,192,0,8,76,0,84,24,64,188,0,276,82,0,82,358
12/11/2018,BFI,WA,ANM,WE,Towers with Radar,63,62,107,0,232,0,1,17,0,18,63,63,124,0,250,20,0,20,270
12/12/2018,BFI,WA,ANM,WE,Towers with Radar,65,48,80,3,196,0,26,99,0,125,65,74,179,3,321,128,0,128,449
12/13/2018,BFI,WA,ANM,WE,Towers with Radar,62,58,90,1,211,0,10,60,0,70,62,68,150,1,281,154,0,154,435
12/14/2018,BFI,WA,ANM,WE,Towers with Radar,41,36,72,2,151,0,11,80,0,91,41,47,152,2,242,102,0,102,344
12/15/2018,BFI,WA,ANM,WE,Towers with Radar,26,36,57,1,120,0,5,173,0,178,26,41,230,1,298,150,0,150,448
12/16/2018,BFI,WA,ANM,WE,Towers with Radar,31,43,65,0,139,0,5,62,0,67,31,48,127,0,206,86,0,86,292
12/17/2018,BFI,WA,ANM,WE,Towers with Radar,29,46,73,0,148,0,5,91,0,96,29,51,164,0,244,100,0,100,344
12/18/2018,BFI,WA,ANM,WE,Towers with Radar,67,52,71,0,190,0,11,27,0,38,67,63,98,0,228,22,0,22,250
12/19/2018,BFI,WA,ANM,WE,Towers with Radar,61,45,79,1,186,0,19,118,0,137,61,64,197,1,323,152,0,152,475
12/20/2018,BFI,WA,ANM,WE,Towers with Radar,59,41,64,0,164,0,4,5,0,9,59,45,69,0,173,0,0,0,173
12/21/2018,BFI,WA,ANM,WE,Towers with Radar,62,63,84,4,213,0,30,191,4,225,62,93,275,8,438,184,0,184,622
12/22/2018,BFI,WA,ANM,WE,Towers with Radar,31,40,60,2,133,0,16,145,0,161,31,56,205,2,294,92,0,92,386
12/23/2018,BFI,WA,ANM,WE,Towers with Radar,27,48,55,1,131,0,2,75,0,77,27,50,130,1,208,112,0,112,320
12/24/2018,BFI,WA,ANM,WE,Towers with Radar,12,46,28,0,86,0,8,70,0,78,12,54,98,0,164,40,0,40,204
12/25/2018,BFI,WA,ANM,WE,Towers with Radar,1,20,15,3,39,0,0,12,0,12,1,20,27,3,51,6,0,6,57
12/26/2018,BFI,WA,ANM,WE,Towers with Radar,32,67,83,1,183,0,4,42,0,46,32,71,125,1,229,48,0,48,277
12/27/2018,BFI,WA,ANM,WE,Towers with Radar,44,53,76,0,173,0,5,105,0,110,44,58,181,0,283,130,0,130,413
12/28/2018,BFI,WA,ANM,WE,Towers with Radar,33,61,73,0,167,0,1,23,2,26,33,62,96,2,193,28,0,28,221
12/29/2018,BFI,WA,ANM,WE,Towers with Radar,14,38,34,0,86,0,2,1,1,4,14,40,35,1,90,0,0,0,90
12/30/2018,BFI,WA,ANM,WE,Towers with Radar,21,40,59,0,120,0,12,166,0,178,21,52,225,0,298,32,0,32,330
12/31/2018,BFI,WA,ANM,WE,Towers with Radar,10,35,43,0,88,0,25,194,0,219,10,60,237,0,307,96,0,96,403
01/01/2019,BFI,WA,ANM,WE,Towers with Radar,5,26,62,0,93,0,20,145,1,166,5,46,207,1,259,110,0,110,369
01/02/2019,BFI,WA,ANM,WE,Towers with Radar,26,52,82,0,160,0,23,126,0,149,26,75,208,0,309,84,0,84,393
01/03/2019,BFI,WA,ANM,WE,Towers with Radar,28,76,59,0,163,0,2,25,0,27,28,78,84,0,190,10,0,10,200
01/04/2019,BFI,WA,ANM,WE,Towers with Radar,23,70,60,1,154,0,18,85,1,104,23,88,145,2,258,62,0,62,320
01/05/2019,BFI,WA,ANM,WE,Towers with Radar,6,34,92,1,133,0,13,212,0,225,6,47,304,1,358,136,0,136,494
01/06/2019,BFI,WA,ANM,WE,Towers with Radar,10,55,71,0,136,0,8,89,0,97,10,63,160,0,233,158,0,158,391
01/07/2019,BFI,WA,ANM,WE,Towers with Radar,14,53,39,5,111,0,17,153,0,170,14,70,192,5,281,132,2,134,415
01/08/2019,BFI,WA,ANM,WE,Towers with Radar,34,59,44,1,138,0,17,75,0,92,34,76,119,1,230,126,0,126,356
01/09/2019,BFI,WA,ANM,WE,Towers with Radar,26,58,67,2,153,0,10,81,0,91,26,68,148,2,244,164,0,164,408
01/10/2019,BFI,WA,ANM,WE,Towers with Radar,26,44,83,1,154,0,14,133,0,147,26,58,216,1,301,184,0,184,485
01/11/2019,BFI,WA,ANM,WE,Towers with Radar,20,51,59,1,131,0,16,166,0,182,20,67,225,1,313,78,0,78,391
01/12/2019,BFI,WA,ANM,WE,Towers with Radar,9,39,45,2,95,0,29,282,0,311,9,68,327,2,406,182,0,182,588
01/13/2019,BFI,WA,ANM,WE,Towers with Radar,7,36,78,0,121,0,13,210,0,223,7,49,288,0,344,210,0,210,554
01/14/2019,BFI,WA,ANM,WE,Towers with Radar,15,44,84,1,144,0,34,245,0,279,15,78,329,1,423,212,0,212,635
01/15/2019,BFI,WA,ANM,WE,Towers with Radar,34,48,73,1,156,0,27,179,0,206,34,75,252,1,362,142,0,142,504
01/16/2019,BFI,WA,ANM,WE,Towers with Radar,24,49,66,1,140,0,30,187,0,217,24,79,253,1,357,168,0,168,525
01/17/2019,BFI,WA,ANM,WE,Towers with Radar,33,42,59,0,134,0,22,122,2,146,33,64,181,2,280,80,2,82,362
01/18/2019,BFI,WA,ANM,WE,Towers with Radar,29,66,100,0,195,0,15,87,2,104,29,81,187,2,299,96,0,96,395
01/19/2019,BFI,WA,ANM,WE,Towers with Radar,11,39,63,0,113,0,10,120,0,130,11,49,183,0,243,76,0,76,319
01/20/2019,BFI,WA,ANM,WE,Towers with Radar,11,34,39,2,86,0,6,150,1,157,11,40,189,3,243,216,0,216,459
01/21/2019,BFI,WA,ANM,WE,Towers with Radar,19,62,92,0,173,0,26,186,2,214,19,88,278,2,387,178,6,184,571
01/22/2019,BFI,WA,ANM,WE,Towers with Radar,33,77,88,0,198,0,1,18,0,19,33,78,106,0,217,38,0,38,255
01/23/2019,BFI,WA,ANM,WE,Towers with Radar,35,56,84,0,175,0,7,60,0,67,35,63,144,0,242,68,0,68,310
01/24/2019,BFI,WA,ANM,WE,Towers with Radar,35,57,103,0,195,0,13,82,0,95,35,70,185,0,290,108,6,114,404
01/25/2019,BFI,WA,ANM,WE,Towers with Radar,33,49,89,0,171,0,15,179,0,194,33,64,268,0,365,188,0,188,553
01/26/2019,BFI,WA,ANM,WE,Towers with Radar,13,29,52,1,95,0,11,202,2,215,13,40,254,3,310,168,0,168,478
01/27/2019,BFI,WA,ANM,WE,Towers with Radar,4,52,95,0,151,0,2,8,0,10,4,54,103,0,161,0,0,0,161
01/28/2019,BFI,WA,ANM,WE,Towers with Radar,16,60,75,1,152,0,22,167,0,189,16,82,242,1,341,106,12,118,459
01/29/2019,BFI,WA,ANM,WE,Towers with Radar,45,52,67,0,164,0,23,220,0,243,45,75,287,0,407,160,0,160,567
01/30/2019,BFI,WA,ANM,WE,Towers with Radar,27,53,84,3,167,0,32,184,2,218,27,85,268,5,385,190,0,190,575
01/31/2019,BFI,WA,ANM,WE,Towers with Radar,37,53,88,4,182,0,28,149,1,178,37,81,237,5,360,126,0,126,486
02/01/2019,BFI,WA,ANM,WE,Towers with Radar,28,66,84,0,178,0,11,21,0,32,28,77,105,0,210,26,0,26,236
02/02/2019,BFI,WA,ANM,WE,Towers with Radar,7,40,60,0,107,0,4,79,0,83,7,44,139,0,190,86,0,86,276
02/03/2019,BFI,WA,ANM,WE,Towers with Radar,6,46,50,0,102,0,2,68,0,70,6,48,118,0,172,50,0,50,222
02/04/2019,BFI,WA,ANM,WE,Towers with Radar,4,31,46,1,82,0,14,10,0,24,4,45,56,1,106,0,0,0,106
02/05/2019,BFI,WA,ANM,WE,Towers with Radar,26,54,87,0,167,0,13,94,0,107,26,67,181,0,274,46,0,46,320
02/06/2019,BFI,WA,ANM,WE,Towers with Radar,29,48,62,0,139,0,39,179,0,218,29,87,241,0,357,126,0,126,483
02/07/2019,BFI,WA,ANM,WE,Towers with Radar,28,73,72,1,174,0,31,114,1,146,28,104,186,2,320,140,0,140,460
02/08/2019,BFI,WA,ANM,WE,Towers with Radar,15,37,51,3,106,0,3,16,0,19,15,40,67,3,125,52,0,52,177
02/09/2019,BFI,WA,ANM,WE,Towers with Radar,2,22,22,1,47,0,3,6,0,9,2,25,28,1,56,0,0,0,56
02/10/2019,BFI,WA,ANM,WE,Towers with Radar,9,39,56,2,106,0,4,44,0,48,9,43,100,2,154,6,0,6,160
02/11/2019,BFI,WA,ANM,WE,Towers with Radar,4,48,36,4,92,0,0,0,0,0,4,48,36,4,92,0,0,0,92
02/12/2019,BFI,WA,ANM,WE,Towers with Radar,24,51,61,3,139,0,0,0,0,0,24,51,61,3,139,0,0,0,139
02/13/2019,BFI,WA,ANM,WE,Towers with Radar,30,70,74,2,176,0,18,41,0,59,30,88,115,2,235,104,0,104,339
02/14/2019,BFI,WA,ANM,WE,Towers with Radar,40,42,84,0,166,0,16,66,0,82,40,58,150,0,248,38,0,38,286
02/15/2019,BFI,WA,ANM,WE,Towers with Radar,31,62,85,0,178,0,11,114,0,125,31,73,199,0,303,61,0,61,364
02/16/2019,BFI,WA,ANM,WE,Towers with Radar,12,62,55,0,129,0,5,10,0,15,12,67,65,0,144,20,0,20,164
02/17/2019,BFI,WA,ANM,WE,Towers with Radar,8,39,50,0,97,0,10,167,0,177,8,49,217,0,274,218,0,218,492
02/18/2019,BFI,WA,ANM,WE,Towers with Radar,18,58,58,0,134,0,19,111,2,132,18,77,169,2,266,56,0,56,322
02/19/2019,BFI,WA,ANM,WE,Towers with Radar,38,63,67,0,168,0,12,44,2,58,38,75,111,2,226,130,0,130,356
02/20/2019,BFI,WA,ANM,WE,Towers with Radar,35,54,88,0,177,0,19,98,4,121,35,73,186,4,298,234,0,234,532
02/21/2019,BFI,WA,ANM,WE,Towers with Radar,29,60,84,2,175,0,60,254,1,315,29,120,338,3,490,110,3,113,603
02/22/2019,BFI,WA,ANM,WE,Towers with Radar,34,64,79,0,177,0,4,28,0,32,34,68,107,0,209,40,0,40,249
02/23/2019,BFI,WA,ANM,WE,Towers with Radar,12,60,72,2,146,0,6,94,0,100,12,66,166,2,246,138,0,138,384
02/24/2019,BFI,WA,ANM,WE,Towers with Radar,7,49,79,0,135,0,13,132,0,145,7,62,211,0,280,136,0,136,416
02/25/2019,BFI,WA,ANM,WE,Towers with Radar,18,42,65,1,126,0,15,133,0,148,18,57,198,1,274,124,0,124,398
02/26/2019,BFI,WA,ANM,WE,Towers with Radar,44,40,82,3,169,0,21,186,0,207,44,61,268,3,376,114,0,114,490
02/27/2019,BFI,WA,ANM,WE,Towers with Radar,38,54,96,1,189,0,23,149,4,176,38,77,245,5,365,158,2,160,525
02/28/2019,BFI,WA,ANM,WE,Towers with Radar,37,63,89,2,191,0,28,201,0,229,37,91,290,2,420,216,4,220,640
03/01/2019,BFI,WA,ANM,WE,Towers with Radar,36,52,96,3,187,0,30,225,2,257,36,82,321,5,444,204,2,206,650
03/02/2019,BFI,WA,ANM,WE,Towers with Radar,11,32,53,2,98,0,22,251,1,274,11,54,304,3,372,152,0,152,524
03/03/2019,BFI,WA,ANM,WE,Towers with Radar,6,44,74,0,124,0,10,248,0,258,6,54,322,0,382,106,0,106,488
03/04/2019,BFI,WA,ANM,WE,Towers with Radar,15,54,64,3,136,0,23,110,2,135,15,77,174,5,271,62,0,62,333
03/05/2019,BFI,WA,ANM,WE,Towers with Radar,33,49,74,0,156,0,21,193,0,214,33,70,267,0,370,114,0,114,484
03/06/2019,BFI,WA,ANM,WE,Towers with Radar,30,67,67,1,165,0,4,53,0,57,30,71,120,1,222,110,0,110,332
03/07/2019,BFI,WA,ANM,WE,Towers with Radar,24,51,68,0,143,0,18,55,0,73,24,69,123,0,216,258,0,258,474
03/08/2019,BFI,WA,ANM,WE,Towers with Radar,29,60,84,2,175,0,9,87,0,96,29,69,171,2,271,132,0,132,403
03/09/2019,BFI,WA,ANM,WE,Towers with Radar,14,37,60,1,112,0,11,191,0,202,14,48,251,1,314,114,0,114,428
03/10/2019,BFI,WA,ANM,WE,Towers with Radar,8,28,70,0,106,0,17,265,2,284,8,45,335,2,390,184,0,184,574
03/11/2019,BFI,WA,ANM,WE,Towers with Radar,26,53,83,1,163,0,12,129,0,141,26,65,212,1,304,78,4,82,386
03/12/2019,BFI,WA,ANM,WE,Towers with Radar,39,52,77,3,171,0,11,77,0,88,39,63,154,3,259,134,0,134,393
03/13/2019,BFI,WA,ANM,WE,Towers with Radar,27,47,89,4,167,0,17,199,0,216,27,64,288,4,383,240,2,242,625
03/14/2019,BFI,WA,ANM,WE,Towers with Radar,21,52,65,2,140,0,38,153,0,191,21,90,218,2,331,164,0,164,495
03/15/2019,BFI,WA,ANM,WE,Towers with Radar,18,56,86,2,162,0,23,161,0,184,18,79,247,2,346,88,0,88,434
03/16/2019,BFI,WA,ANM,WE,Towers with Radar,18,28,43,1,90,0,26,238,0,264,18,54,281,1,354,212,0,212,566
03/17/2019,BFI,WA,ANM,WE,Towers with Radar,10,45,67,0,122,0,22,256,0,278,10,67,323,0,400,232,1,233,633
03/18/2019,BFI,WA,ANM,WE,Towers with Radar,18,44,59,1,122,0,22,194,0,216,18,66,253,1,338,166,0,166,504
03/19/2019,BFI,WA,ANM,WE,Towers with Radar,47,73,81,0,201,0,22,200,1,223,47,95,281,1,424,138,0,138,562
03/20/2019,BFI,WA,ANM,WE,Towers with Radar,27,46,88,0,161,0,40,221,0,261,27,86,309,0,422,172,0,172,594
03/21/2019,BFI,WA,ANM,WE,Towers with Radar,31,51,100,1,183,0,53,180,0,233,31,104,280,1,416,176,2,178,594
03/22/2019,BFI,WA,ANM,WE,Towers with Radar,28,47,98,0,173,0,20,173,0,193,28,67,271,0,366,140,0,140,506
03/23/2019,BFI,WA,ANM,WE,Towers with Radar,11,32,64,1,108,0,4,235,1,240,11,36,299,2,348,146,4,150,498
03/24/2019,BFI,WA,ANM,WE,Towers with Radar,17,32,85,0,134,0,8,213,0,221,17,40,298,0,355,114,0,114,469
03/25/2019,BFI,WA,ANM,WE,Towers with Radar,18,42,70,0,130,0,16,134,0,150,18,58,204,0,280,78,0,78,358
03/26/2019,BFI,WA,ANM,WE,Towers with Radar,35,55,87,1,178,0,18,160,0,178,35,73,247,1,356,146,0,146,502
03/27/2019,BFI,WA,ANM,WE,Towers with Radar,38,63,65,2,168,0,25,145,3,173,38,88,210,5,341,98,0,98,439
03/28/2019,BFI,WA,ANM,WE,Towers with Radar,34,64,82,1,181,0,37,207,1,245,34,101,289,2,426,54,0,54,480
03/29/2019,BFI,WA,ANM,WE,Towers with Radar,29,53,83,5,170,0,32,237,4,273,29,85,320,9,443,132,0,132,575
03/30/2019,BFI,WA,ANM,WE,Towers with Radar,7,36,68,1,112,0,30,271,0,301,7,66,339,1,413,104,0,104,517
03/31/2019,BFI,WA,ANM,WE,Towers with Radar,16,32,71,2,121,0,11,264,2,277,16,43,335,4,398,62,0,62,460
04/01/2019,BFI,WA,ANM,WE,Towers with Radar,18,43,70,0,131,0,20,175,0,195,18,63,245,0,326,108,0,108,434
04/02/2019,BFI,WA,ANM,WE,Towers with Radar,28,49,63,0,140,0,26,185,0,211,28,75,248,0,351,124,0,124,475
04/03/2019,BFI,WA,ANM,WE,Towers with Radar,34,46,71,2,153,0,12,69,1,82,34,58,140,3,235,44,0,44,279
04/04/2019,BFI,WA,ANM,WE,Towers with Radar,29,60,81,0,170,0,26,275,1,302,29,86,356,1,472,260,2,262,734
04/05/2019,BFI,WA,ANM,WE,Towers with Radar,25,72,68,0,165,0,15,70,1,86,25,87,138,1,251,26,2,28,279
04/06/2019,BFI,WA,ANM,WE,Towers with Radar,13,29,44,0,86,0,17,27,0,44,13,46,71,0,130,60,0,60,190
04/07/2019,BFI,WA,ANM,WE,Towers with Radar,9,33,95,0,137,0,7,106,0,113,9,40,201,0,250,184,0,184,434
04/08/2019,BFI,WA,ANM,WE,Towers with Radar,14,61,72,0,147,0,14,83,0,97,14,75,155,0,244,82,0,82,326
04/09/2019,BFI,WA,ANM,WE,Towers with Radar,33,45,66,1,145,0,22,120,0,142,33,67,186,1,287,236,0,236,523
04/10/2019,BFI,WA,ANM,WE,Towers with Radar,27,61,86,2,176,0,6,47,0,53,27,67,133,2,229,66,0,66,295
04/11/2019,BFI,WA,ANM,WE,Towers with Radar,26,64,88,1,179,0,7,55,0,62,26,71,143,1,241,82,0,82,323
04/12/2019,BFI,WA,ANM,WE,Towers with Radar,21,55,102,5,183,0,10,204,0,214,21,65,306,5,397,176,0,176,573
04/13/2019,BFI,WA,ANM,WE,Towers with Radar,10,46,44,2,102,0,5,88,0,93,10,51,132,2,195,62,0,62,257
04/14/2019,BFI,WA,ANM,WE,Towers with Radar,11,59,95,0,165,0,4,144,0,148,11,63,239,0,313,88,0,88,401
04/15/2019,BFI,WA,ANM,WE,Towers with Radar,14,56,76,2,148,0,23,166,0,189,14,79,242,2,337,134,0,134,471
04/16/2019,BFI,WA,ANM,WE,Towers with Radar,38,71,76,0,185,0,17,117,1,135,38,88,193,1,320,186,0,186,506
04/17/2019,BFI,WA,ANM,WE,Towers with Radar,34,48,84,0,166,0,12,161,3,176,34,60,245,3,342,110,2,112,454
04/18/2019,BFI,WA,ANM,WE,Towers with Radar,29,60,111,2,202,0,27,195,1,223,29,87,306,3,425,176,0,176,601
04/19/2019,BFI,WA,ANM,WE,Towers with Radar,24,71,84,0,179,0,4,48,0,52,24,75,132,0,231,64,0,64,295
04/20/2019,BFI,WA,ANM,WE,Towers with Radar,11,27,50,1,89,0,15,361,0,376,11,42,411,1,465,284,0,284,749
04/21/2019,BFI,WA,ANM,WE,Towers with Radar,5,52,70,0,127,0,8,219,0,227,5,60,289,0,354,150,0,150,504
04/22/2019,BFI,WA,ANM,WE,Towers with Radar,10,52,79,1,142,0,11,127,0,138,10,63,206,1,280,152,0,152,432
04/23/2019,BFI,WA,ANM,WE,Towers with Radar,30,74,83,3,190,0,21,83,0,104,30,95,166,3,294,132,0,132,426
04/24/2019,BFI,WA,ANM,WE,Towers with Radar,31,48,86,2,167,0,19,158,1,178,31,67,244,3,345,251,0,251,596
04/25/2019,BFI,WA,ANM,WE,Towers with Radar,29,51,79,4,163,0,25,269,1,295,29,76,348,5,458,154,0,154,612
04/26/2019,BFI,WA,ANM,WE,Towers with Radar,23,56,79,3,161,0,17,268,0,285,23,73,347,3,446,102,0,102,548
04/27/2019,BFI,WA,ANM,WE,Towers with Radar,12,35,56,1,104,0,13,197,0,210,12,48,253,1,314,62,0,62,376
04/28/2019,BFI,WA,ANM,WE,Towers with Radar,8,47,93,1,149,0,35,309,3,347,8,82,402,4,496,86,0,86,582
04/29/2019,BFI,WA,ANM,WE,Towers with Radar,17,58,67,5,147,0,22,195,0,217,17,80,262,5,364,120,0,120,484
04/30/2019,BFI,WA,ANM,WE,Towers with Radar,37,53,77,1,168,0,22,258,0,280,37,75,335,1,448,133,0,133,581
05/01/2019,BFI,WA,ANM,WE,Towers with Radar,26,65,89,2,182,0,30,249,2,281,26,95,338,4,463,148,2,150,613
05/02/2019,BFI,WA,ANM,WE,Towers with Radar,29,68,89,1,187,0,47,241,0,288,29,115,330,1,475,426,0,426,901
05/03/2019,BFI,WA,ANM,WE,Towers with Radar,25,64,90,3,182,0,37,206,0,243,25,101,296,3,425,206,0,206,631
05/04/2019,BFI,WA,ANM,WE,Towers with Radar,5,34,50,4,93,0,26,336,0,362,5,60,386,4,455,190,0,190,645
05/05/2019,BFI,WA,ANM,WE,Towers with Radar,4,32,71,4,111,0,13,341,0,354,4,45,412,4,465,166,0,166,631
05/06/2019,BFI,WA,ANM,WE,Towers with Radar,8,46,58,2,114,0,31,222,0,253,8,77,280,2,367,154,0,154,521
05/07/2019,BFI,WA,ANM,WE,Towers with Radar,28,43,56,1,128,0,40,255,0,295,28,83,311,1,423,160,0,160,583
05/08/2019,BFI,WA,ANM,WE,Towers with Radar,33,56,81,4,174,0,39,228,1,268,33,95,309,5,442,302,0,302,744
05/09/2019,BFI,WA,ANM,WE,Towers with Radar,30,47,109,2,188,0,40,276,0,316,30,87,385,2,504,174,0,174,678
05/10/2019,BFI,WA,ANM,WE,Towers with Radar,28,55,92,3,178,0,44,295,0,339,28,99,387,3,517,234,0,234,751
05/11/2019,BFI,WA,ANM,WE,Towers with Radar,9,38,45,4,96,0,37,307,0,344,9,75,352,4,440,171,0,171,611
05/12/2019,BFI,WA,ANM,WE,Towers with Radar,8,47,98,1,154,0,10,186,0,196,8,57,284,1,350,332,0,332,682
05/13/2019,BFI,WA,ANM,WE,Towers with Radar,14,54,87,2,157,0,35,214,1,250,14,89,301,3,407,218,0,218,625
05/14/2019,BFI,WA,ANM,WE,Towers with Radar,28,76,127,0,231,0,17,106,0,123,28,93,233,0,354,106,0,106,460
05/15/2019,BFI,WA,ANM,WE,Towers with Radar,28,67,90,0,185,0,44,194,0,238,28,111,284,0,423,246,0,246,669
05/16/2019,BFI,WA,ANM,WE,Towers with Radar,31,95,147,3,276,0,11,55,0,66,31,106,202,3,342,24,0,24,366
05/17/2019,BFI,WA,ANM,WE,Towers with Radar,25,63,109,5,202,0,16,105,0,121,25,79,214,5,323,54,0,54,377
05/18/2019,BFI,WA,ANM,WE,Towers with Radar,4,38,65,3,110,0,12,270,0,282,4,50,335,3,392,246,0,246,638
05/19/2019,BFI,WA,ANM,WE,Towers with Radar,11,47,74,4,136,0,19,232,3,254,11,66,306,7,390,128,0,128,518
05/20/2019,BFI,WA,ANM,WE,Towers with Radar,23,66,90,3,182,0,16,87,0,103,23,82,177,3,285,274,0,274,559
05/21/2019,BFI,WA,ANM,WE,Towers with Radar,38,59,87,3,187,0,13,164,1,178,38,72,251,4,365,235,0,235,600
05/22/2019,BFI,WA,ANM,WE,Towers with Radar,31,50,84,2,167,0,19,263,0,282,31,69,347,2,449,214,0,214,663
05/23/2019,BFI,WA,ANM,WE,Towers with Radar,39,57,117,2,215,0,44,247,0,291,39,101,364,2,506,232,0,232,738
05/24/2019,BFI,WA,ANM,WE,Towers with Radar,28,80,100,1,209,0,7,134,0,141,28,87,234,1,350,54,0,54,404
05/25/2019,BFI,WA,ANM,WE,Towers with Radar,7,39,84,2,132,0,14,81,0,95,7,53,165,2,227,178,0,178,405
05/26/2019,BFI,WA,ANM,WE,Towers with Radar,7,29,55,0,91,0,16,181,0,197,7,45,236,0,288,200,0,200,488
05/27/2019,BFI,WA,ANM,WE,Towers with Radar,5,31,86,0,122,0,44,351,0,395,5,75,437,0,517,78,0,78,595
05/28/2019,BFI,WA,ANM,WE,Towers with Radar,19,72,91,1,183,0,14,193,0,207,19,86,284,1,390,262,0,262,652
05/29/2019,BFI,WA,ANM,WE,Towers with Radar,38,62,93,5,198,0,13,197,2,212,38,75,290,7,410,107,0,107,517
05/30/2019,BFI,WA,ANM,WE,Towers with Radar,32,62,111,1,206,0,17,198,1,216,32,79,309,2,422,116,0,116,538
05/31/2019,BFI,WA,ANM,WE,Towers with Radar,32,54,105,4,195,0,20,239,0,259,32,74,344,4,454,108,0,108,562
06/01/2019,BFI,WA,ANM,WE,Towers with Radar,10,44,72,2,128,0,47,198,0,245,10,91,270,2,373,120,0,120,493
06/02/2019,BFI,WA,ANM,WE,Towers with Radar,5,34,79,1,119,0,25,290,0,315,5,59,369,1,434,32,0,32,466
06/03/2019,BFI,WA,ANM,WE,Towers with Radar,21,52,94,1,168,0,24,182,0,206,21,76,276,1,374,194,0,194,568
06/04/2019,BFI,WA,ANM,WE,Towers with Radar,37,64,69,0,170,0,30,243,20,293,37,94,312,20,463,199,6,205,668
06/05/2019,BFI,WA,ANM,WE,Towers with Radar,33,51,90,1,175,0,22,223,0,245,33,73,313,1,420,204,0,204,624
06/06/2019,BFI,WA,ANM,WE,Towers with Radar,33,67,91,1,192,0,23,163,0,186,33,90,254,1,378,80,0,80,458
06/07/2019,BFI,WA,ANM,WE,Towers with Radar,24,66,71,0,161,0,18,105,0,123,24,84,176,0,284,106,0,106,390
06/08/2019,BFI,WA,ANM,WE,Towers with Radar,7,37,68,0,112,0,15,260,0,275,7,52,328,0,387,236,46,282,669
06/09/2019,BFI,WA,ANM,WE,Towers with Radar,4,31,73,4,112,0,37,327,1,365,4,68,400,5,477,94,0,94,571
06/10/2019,BFI,WA,ANM,WE,Towers with Radar,12,40,66,5,123,0,38,222,0,260,12,78,288,5,383,214,0,214,597
06/11/2019,BFI,WA,ANM,WE,Towers with Radar,36,60,87,3,186,0,45,343,1,389,36,105,430,4,575,232,0,232,807
06/12/2019,BFI,WA,ANM,WE,Towers with Radar,30,72,74,1,177,0,37,181,0,218,30,109,255,1,395,104,0,104,499
06/13/2019,BFI,WA,ANM,WE,Towers with Radar,33,62,80,0,175,0,53,231,2,286,33,115,311,2,461,314,4,318,779
06/14/2019,BFI,WA,ANM,WE,Towers with Radar,28,68,96,2,194,0,23,183,0,206,28,91,279,2,400,206,26,232,632
06/15/2019,BFI,WA,ANM,WE,Towers with Radar,13,44,99,8,164,0,30,239,1,270,13,74,338,9,434,110,0,110,544
06/16/2019,BFI,WA,ANM,WE,Towers with Radar,7,36,91,2,136,0,18,315,1,334,7,54,406,3,470,270,0,270,740
06/17/2019,BFI,WA,ANM,WE,Towers with Radar,19,58,120,5,202,0,33,163,0,196,19,91,283,5,398,126,2,128,526
06/18/2019,BFI,WA,ANM,WE,Towers with Radar,45,69,101,2,217,0,39,100,1,140,45,108,201,3,357,98,0,98,455
06/19/2019,BFI,WA,ANM,WE,Towers with Radar,40,49,118,4,211,0,22,157,2,181,40,71,275,6,392,111,4,115,507
06/20/2019,BFI,WA,ANM,WE,Towers with Radar,38,58,93,3,192,0,19,234,0,253,38,77,327,3,445,234,2,236,681
06/21/2019,BFI,WA,ANM,WE,Towers with Radar,35,59,107,5,206,0,22,282,1,305,35,81,389,6,511,252,2,254,765
06/22/2019,BFI,WA,ANM,WE,Towers with Radar,9,50,68,2,129,0,24,158,13,195,9,74,226,15,324,124,0,124,448
06/23/2019,BFI,WA,ANM,WE,Towers with Radar,10,69,111,3,193,0,13,136,0,149,10,82,247,3,342,14,0,14,356
06/24/2019,BFI,WA,ANM,WE,Towers with Radar,19,56,94,0,169,0,30,182,0,212,19,86,276,0,381,351,1,352,733
06/25/2019,BFI,WA,ANM,WE,Towers with Radar,39,54,78,0,171,1,44,227,5,277,40,98,305,5,448,274,0,274,722
06/26/2019,BFI,WA,ANM,WE,Towers with Radar,34,62,79,0,175,0,26,155,0,181,34,88,234,0,356,123,0,123,479
06/27/2019,BFI,WA,ANM,WE,Towers with Radar,40,69,135,0,244,0,24,155,1,180,40,93,290,1,424,238,0,238,662
06/28/2019,BFI,WA,ANM,WE,Towers with Radar,37,46,97,2,182,0,32,181,3,216,37,78,278,5,398,221,0,221,619
06/29/2019,BFI,WA,ANM,WE,Towers with Radar,14,40,79,0,133,0,67,292,0,359,14,107,371,0,492,298,0,298,790
06/30/2019,BFI,WA,ANM,WE,Towers with Radar,7,32,55,1,95,0,36,265,0,301,7,68,320,1,396,232,0,232,628
07/01/2019,BFI,WA,ANM,WE,Towers with Radar,14,54,67,0,135,0,74,233,0,307,14,128,300,0,442,184,0,184,626
07/02/2019,BFI,WA,ANM,WE,Towers with Radar,32,69,112,0,213,0,10,90,0,100,32,79,202,0,313,148,0,148,461
07/03/2019,BFI,WA,ANM,WE,Towers with Radar,25,75,125,1,226,0,16,141,0,157,25,91,266,1,383,103,0,103,486
07/04/2019,BFI,WA,ANM,WE,Towers with Radar,12,42,47,2,103,0,45,159,4,208,12,87,206,6,311,78,0,78,389
07/05/2019,BFI,WA,ANM,WE,Towers with Radar,16,57,56,1,130,0,14,146,0,160,16,71,202,1,290,154,0,154,444
07/06/2019,BFI,WA,ANM,WE,Towers with Radar,10,43,73,0,126,0,26,207,0,233,10,69,280,0,359,94,2,96,455
07/07/2019,BFI,WA,ANM,WE,Towers with Radar,5,70,108,0,183,0,18,153,2,173,5,88,261,2,356,50,0,50,406
07/08/2019,BFI,WA,ANM,WE,Towers with Radar,18,71,100,1,190,0,13,136,0,149,18,84,236,1,339,302,0,302,641
07/09/2019,BFI,WA,ANM,WE,Towers with Radar,29,71,77,1,178,0,42,247,0,289,29,113,324,1,467,348,0,348,815
07/10/2019,BFI,WA,ANM,WE,Towers with Radar,32,98,106,0,236,0,25,69,0,94,32,123,175,0,330,223,0,223,553
07/11/2019,BFI,WA,ANM,WE,Towers with Radar,29,87,104,0,220,0,28,215,0,243,29,115,319,0,463,552,0,552,1015
07/12/2019,BFI,WA,ANM,WE,Towers with Radar,28,78,87,6,199,0,34,276,0,310,28,112,363,6,509,194,0,194,703
07/13/2019,BFI,WA,ANM,WE,Towers with Radar,8,35,64,2,109,0,30,250,0,280,8,65,314,2,389,278,0,278,667
07/14/2019,BFI,WA,ANM,WE,Towers with Radar,5,48,81,2,136,0,32,307,0,339,5,80,388,2,475,365,0,365,840
07/15/2019,BFI,WA,ANM,WE,Towers with Radar,15,48,81,1,145,0,23,159,0,182,15,71,240,1,327,218,0,218,545
07/16/2019,BFI,WA,ANM,WE,Towers with Radar,33,81,113,1,228,0,28,210,2,240,33,109,323,3,468,216,1,217,685
07/17/2019,BFI,WA,ANM,WE,Towers with Radar,38,89,105,0,232,0,17,68,2,87,38,106,173,2,319,194,0,194,513
07/18/2019,BFI,WA,ANM,WE,Towers with Radar,37,61,101,0,199,0,43,216,0,259,37,104,317,0,458,210,0,210,668
07/19/2019,BFI,WA,ANM,WE,Towers with Radar,25,68,99,4,196,0,38,306,0,344,25,106,405,4,540,262,0,262,802
07/20/2019,BFI,WA,ANM,WE,Towers with Radar,8,54,79,2,143,0,71,283,0,354,8,125,362,2,497,215,0,215,712
07/21/2019,BFI,WA,ANM,WE,Towers with Radar,4,55,92,0,151,0,27,342,5,374,4,82,434,5,525,28,0,28,553
07/22/2019,BFI,WA,ANM,WE,Towers with Radar,21,63,79,2,165,0,46,209,0,255,21,109,288,2,420,210,0,210,630
07/23/2019,BFI,WA,ANM,WE,Towers with Radar,30,80,103,2,215,0,34,145,0,179,30,114,248,2,394,164,0,164,558
07/24/2019,BFI,WA,ANM,WE,Towers with Radar,25,68,129,0,222,0,47,225,1,273,25,115,354,1,495,209,0,209,704
07/25/2019,BFI,WA,ANM,WE,Towers with Radar,28,78,88,7,201,0,58,321,1,380,28,136,409,8,581,136,0,136,717
07/26/2019,BFI,WA,ANM,WE,Towers with Radar,27,78,94,2,201,0,49,367,2,418,27,127,461,4,619,124,0,124,743
07/27/2019,BFI,WA,ANM,WE,Towers with Radar,10,51,72,2,135,0,27,234,0,261,10,78,306,2,396,68,0,68,464
07/28/2019,BFI,WA,ANM,WE,Towers with Radar,7,45,71,3,126,0,47,318,4,369,7,92,389,7,495,132,0,132,627
07/29/2019,BFI,WA,ANM,WE,Towers with Radar,12,54,82,4,152,0,44,259,0,303,12,98,341,4,455,144,0,144,599
07/30/2019,BFI,WA,ANM,WE,Towers with Radar,27,74,72,0,173,0,54,272,2,328,27,128,344,2,501,314,0,314,815
07/31/2019,BFI,WA,ANM,WE,Towers with Radar,24,68,87,2,181,0,46,244,5,295,24,114,331,7,476,315,2,317,793
08/01/2019,BFI,WA,ANM,WE,Towers with Radar,31,54,83,1,169,0,33,229,8,270,31,87,312,9,439,223,0,223,662
08/02/2019,BFI,WA,ANM,WE,Towers with Radar,26,69,88,0,183,0,44,205,3,252,26,113,293,3,435,160,0,160,595
08/03/2019,BFI,WA,ANM,WE,Towers with Radar,6,60,55,0,121,0,48,236,1,285,6,108,291,1,406,150,12,162,568
08/04/2019,BFI,WA,ANM,WE,Towers with Radar,6,62,84,1,153,0,58,290,1,349,6,120,374,2,502,222,0,222,724
08/05/2019,BFI,WA,ANM,WE,Towers with Radar,14,53,83,1,151,0,51,297,5,353,14,104,380,6,504,66,0,66,570
08/06/2019,BFI,WA,ANM,WE,Towers with Radar,30,77,106,0,213,0,27,276,0,303,30,104,382,0,516,2,0,2,518
08/07/2019,BFI,WA,ANM,WE,Towers with Radar,23,66,144,1,234,0,27,185,2,214,23,93,329,3,448,30,0,30,478
08/08/2019,BFI,WA,ANM,WE,Towers with Radar,22,82,161,4,269,0,27,194,0,221,22,109,355,4,490,220,0,220,710
08/09/2019,BFI,WA,ANM,WE,Towers with Radar,29,74,124,5,232,0,31,258,3,292,29,105,382,8,524,34,1,35,559
08/10/2019,BFI,WA,ANM,WE,Towers with Radar,6,69,83,0,158,0,13,97,0,110,6,82,180,0,268,94,0,94,362
08/11/2019,BFI,WA,ANM,WE,Towers with Radar,9,48,93,0,150,0,29,217,2,248,9,77,310,2,398,153,0,153,551
08/12/2019,BFI,WA,ANM,WE,Towers with Radar,13,62,94,0,169,0,44,296,0,340,13,106,390,0,509,211,1,212,721
08/13/2019,BFI,WA,ANM,WE,Towers with Radar,29,44,89,4,166,0,51,305,0,356,29,95,394,4,522,222,0,222,744
08/14/2019,BFI,WA,ANM,WE,Towers with Radar,28,54,104,1,187,0,54,335,0,389,28,108,439,1,576,344,2,346,922
08/15/2019,BFI,WA,ANM,WE,Towers with Radar,25,68,125,0,218,0,43,301,0,344,25,111,426,0,562,326,0,326,888
08/16/2019,BFI,WA,ANM,WE,Towers with Radar,27,93,111,1,232,0,23,220,0,243,27,116,331,1,475,304,0,304,779
08/17/2019,BFI,WA,ANM,WE,Towers with Radar,9,57,71,1,138,0,13,281,0,294,9,70,352,1,432,308,0,308,740
08/18/2019,BFI,WA,ANM,WE,Towers with Radar,7,75,78,1,161,0,40,348,0,388,7,115,426,1,549,324,0,324,873
08/19/2019,BFI,WA,ANM,WE,Towers with Radar,13,65,109,1,188,0,52,220,0,272,13,117,329,1,460,240,0,240,700
08/20/2019,BFI,WA,ANM,WE,Towers with Radar,27,60,96,0,183,0,48,342,2,392,27,108,438,2,575,248,0,248,823
08/21/2019,BFI,WA,ANM,WE,Towers with Radar,28,90,118,3,239,0,16,106,0,122,28,106,224,3,361,234,0,234,595
08/22/2019,BFI,WA,ANM,WE,Towers with Radar,29,77,128,0,234,0,23,253,0,276,29,100,381,0,510,270,0,270,780
08/23/2019,BFI,WA,ANM,WE,Towers with Radar,30,80,108,2,220,0,32,347,1,380,30,112,455,3,600,194,0,194,794
08/24/2019,BFI,WA,ANM,WE,Towers with Radar,5,48,64,1,118,0,25,244,1,270,5,73,308,2,388,167,0,167,555
08/25/2019,BFI,WA,ANM,WE,Towers with Radar,20,56,99,3,178,0,35,344,0,379,20,91,443,3,557,92,0,92,649
08/26/2019,BFI,WA,ANM,WE,Towers with Radar,11,61,79,1,152,0,38,261,0,299,11,99,340,1,451,116,0,116,567
08/27/2019,BFI,WA,ANM,WE,Towers with Radar,36,70,78,7,191,0,64,286,1,351,36,134,364,8,542,144,0,144,686
08/28/2019,BFI,WA,ANM,WE,Towers with Radar,30,59,114,4,207,0,37,311,0,348,30,96,425,4,555,104,0,104,659
08/29/2019,BFI,WA,ANM,WE,Towers with Radar,34,77,96,3,210,0,47,224,1,272,34,124,320,4,482,252,0,252,734
08/30/2019,BFI,WA,ANM,WE,Towers with Radar,21,63,116,2,202,0,27,267,0,294,21,90,383,2,496,188,0,188,684
08/31/2019,BFI,WA,ANM,WE,Towers with Radar,5,52,68,0,125,0,35,290,5,330,5,87,358,5,455,258,0,258,713
09/01/2019,BFI,WA,ANM,WE,Towers with Radar,2,54,54,0,110,0,19,268,2,289,2,73,322,2,399,212,0,212,611
09/02/2019,BFI,WA,ANM,WE,Towers with Radar,3,41,93,0,137,0,42,314,0,356,3,83,407,0,493,191,0,191,684
09/03/2019,BFI,WA,ANM,WE,Towers with Radar,18,55,83,2,158,0,34,268,8,310,18,89,351,10,468,210,0,210,678
09/04/2019,BFI,WA,ANM,WE,Towers with Radar,34,61,86,0,181,0,24,202,0,226,34,85,288,0,407,289,0,289,696
09/05/2019,BFI,WA,ANM,WE,Towers with Radar,33,54,94,0,181,0,37,242,2,281,33,91,336,2,462,346,0,346,808
09/06/2019,BFI,WA,ANM,WE,Towers with Radar,25,53,98,1,177,0,29,294,0,323,25,82,392,1,500,236,0,236,736
09/07/2019,BFI,WA,ANM,WE,Towers with Radar,6,49,100,0,155,0,3,156,0,159,6,52,256,0,314,246,0,246,560
09/08/2019,BFI,WA,ANM,WE,Towers with Radar,7,64,133,0,204,0,9,109,1,119,7,73,242,1,323,54,0,54,377
09/09/2019,BFI,WA,ANM,WE,Towers with Radar,11,81,100,0,192,0,20,89,0,109,11,101,189,0,301,138,0,138,439
09/10/2019,BFI,WA,ANM,WE,Towers with Radar,28,78,102,0,208,0,13,170,0,183,28,91,272,0,391,164,0,164,555
09/11/2019,BFI,WA,ANM,WE,Towers with Radar,22,81,85,0,188,0,33,234,0,267,22,114,319,0,455,172,0,172,627
09/12/2019,BFI,WA,ANM,WE,Towers with Radar,35,57,96,1,189,0,32,317,0,349,35,89,413,1,538,154,0,154,692
09/13/2019,BFI,WA,ANM,WE,Towers with Radar,19,61,123,0,203,0,23,134,0,157,19,84,257,0,360,108,0,108,468
09/14/2019,BFI,WA,ANM,WE,Towers with Radar,5,40,69,0,114,0,20,173,0,193,5,60,242,0,307,275,0,275,582
09/15/2019,BFI,WA,ANM,WE,Towers with Radar,8,55,71,0,134,0,6,90,0,96,8,61,161,0,230,50,0,50,280
09/16/2019,BFI,WA,ANM,WE,Towers with Radar,13,52,104,0,169,0,34,154,0,188,13,86,258,0,357,158,0,158,515
09/17/2019,BFI,WA,ANM,WE,Towers with Radar,26,52,109,1,188,0,9,97,1,107,26,61,206,2,295,160,0,160,455
09/18/2019,BFI,WA,ANM,WE,Towers with Radar,23,52,120,0,195,0,8,174,0,182,23,60,294,0,377,186,0,186,563
09/19/2019,BFI,WA,ANM,WE,Towers with Radar,24,47,122,1,194,0,20,255,2,277,24,67,377,3,471,246,0,246,717
09/20/2019,BFI,WA,ANM,WE,Towers with Radar,18,63,147,2,230,0,14,186,1,201,18,77,333,3,431,192,0,192,623
09/21/2019,BFI,WA,ANM,WE,Towers with Radar,7,54,93,1,155,0,12,210,0,222,7,66,303,1,377,242,0,242,619
09/22/2019,BFI,WA,ANM,WE,Towers with Radar,8,79,104,0,191,0,2,49,0,51,8,81,153,0,242,49,0,49,291
09/23/2019,BFI,WA,ANM,WE,Towers with Radar,14,76,93,0,183,0,30,130,3,163,14,106,223,3,346,192,0,192,538
09/24/2019,BFI,WA,ANM,WE,Towers with Radar,24,66,91,0,181,0,14,169,0,183,24,80,260,0,364,112,0,112,476
09/25/2019,BFI,WA,ANM,WE,Towers with Radar,25,68,141,0,234,0,24,312,4,340,25,92,453,4,574,240,0,240,814
09/26/2019,BFI,WA,ANM,WE,Towers with Radar,23,79,128,1,231,0,33,187,0,220,23,112,315,1,451,160,0,160,611
09/27/2019,BFI,WA,ANM,WE,Towers with Radar,15,94,135,0,244,0,13,98,0,111,15,107,233,0,355,44,0,44,399
09/28/2019,BFI,WA,ANM,WE,Towers with Radar,5,47,75,0,127,0,13,158,0,171,5,60,233,0,298,86,0,86,384
09/29/2019,BFI,WA,ANM,WE,Towers with Radar,7,55,71,0,133,0,25,236,4,265,7,80,307,4,398,44,0,44,442
09/30/2019,BFI,WA,ANM,WE,Towers with Radar,12,42,71,0,125,0,45,254,0,299,12,87,325,0,424,166,0,166,590
10/01/2019,BFI,WA,ANM,WE,Towers with Radar,25,38,74,1,138,0,36,295,0,331,25,74,369,1,469,266,0,266,735
10/02/2019,BFI,WA,ANM,WE,Towers with Radar,22,39,93,0,154,0,30,226,0,256,22,69,319,0,410,166,0,166,576
10/03/2019,BFI,WA,ANM,WE,Towers with Radar,23,73,122,0,218,0,41,216,0,257,23,114,338,0,475,168,0,168,643
10/04/2019,BFI,WA,ANM,WE,Towers with Radar,18,57,77,0,152,0,25,192,0,217,18,82,269,0,369,112,0,112,481
10/05/2019,BFI,WA,ANM,WE,Towers with Radar,5,39,66,0,110,0,11,205,0,216,5,50,271,0,326,228,0,228,554
10/06/2019,BFI,WA,ANM,WE,Towers with Radar,10,48,93,0,151,0,24,289,0,313,10,72,382,0,464,142,2,144,608
10/07/2019,BFI,WA,ANM,WE,Towers with Radar,15,53,88,1,157,0,10,42,0,52,15,63,130,1,209,0,0,0,209
10/08/2019,BFI,WA,ANM,WE,Towers with Radar,33,42,63,3,141,0,17,118,3,138,33,59,181,6,279,126,0,126,405
10/09/2019,BFI,WA,ANM,WE,Towers with Radar,24,46,86,2,158,0,36,231,0,267,24,82,317,2,425,238,0,238,663
10/10/2019,BFI,WA,ANM,WE,Towers with Radar,27,56,122,1,206,0,21,229,0,250,27,77,351,1,456,108,0,108,564
10/11/2019,BFI,WA,ANM,WE,Towers with Radar,18,44,85,3,150,0,37,335,1,373,18,81,420,4,523,291,0,291,814
10/12/2019,BFI,WA,ANM,WE,Towers with Radar,5,34,46,0,85,0,13,256,0,269,5,47,302,0,354,114,0,114,468
10/13/2019,BFI,WA,ANM,WE,Towers with Radar,7,52,79,0,138,0,17,209,0,226,7,69,288,0,364,118,0,118,482
10/14/2019,BFI,WA,ANM,WE,Towers with Radar,17,51,86,0,154,0,31,243,0,274,17,82,329,0,428,170,0,170,598
10/15/2019,BFI,WA,ANM,WE,Towers with Radar,25,45,96,1,167,0,13,133,2,148,25,58,229,3,315,112,2,114,429
10/16/2019,BFI,WA,ANM,WE,Towers with Radar,27,54,76,6,163,0,14,66,4,84,27,68,142,10,247,100,0,100,347
10/17/2019,BFI,WA,ANM,WE,Towers with Radar,33,56,83,1,173,0,6,74,8,88,33,62,157,9,261,62,0,62,323
10/18/2019,BFI,WA,ANM,WE,Towers with Radar,19,67,75,1,162,0,8,71,0,79,19,75,146,1,241,156,0,156,397
10/19/2019,BFI,WA,ANM,WE,Towers with Radar,8,62,83,2,155,0,4,20,0,24,8,66,103,2,179,42,0,42,221
10/20/2019,BFI,WA,ANM,WE,Towers with Radar,5,50,99,2,156,0,7,60,0,67,5,57,159,2,223,70,0,70,293
10/21/2019,BFI,WA,ANM,WE,Towers with Radar,14,57,70,0,141,0,1,39,0,40,14,58,109,0,181,38,0,38,219
10/22/2019,BFI,WA,ANM,WE,Towers with Radar,29,53,87,0,169,0,13,84,0,97,29,66,171,0,266,138,0,138,404
10/23/2019,BFI,WA,ANM,WE,Towers with Radar,24,44,94,1,163,0,25,237,0,262,24,69,331,1,425,142,0,142,567
10/24/2019,BFI,WA,ANM,WE,Towers with Radar,30,72,84,2,188,0,22,261,1,284,30,94,345,3,472,254,0,254,726
10/25/2019,BFI,WA,ANM,WE,Towers with Radar,21,50,85,0,156,0,8,118,0,126,21,58,203,0,282,140,0,140,422
10/26/2019,BFI,WA,ANM,WE,Towers with Radar,6,45,55,0,106,0,5,208,0,213,6,50,263,0,319,166,0,166,485
10/27/2019,BFI,WA,ANM,WE,Towers with Radar,4,52,67,1,124,0,15,269,0,284,4,67,336,1,408,134,0,134,542
10/28/2019,BFI,WA,ANM,WE,Towers with Radar,15,45,77,0,137,0,27,250,2,279,15,72,327,2,416,118,0,118,534
10/29/2019,BFI,WA,ANM,WE,Towers with Radar,27,54,98,0,179,0,21,192,3,216,27,75,290,3,395,176,0,176,571
10/30/2019,BFI,WA,ANM,WE,Towers with Radar,30,50,98,1,179,0,28,250,1,279,30,78,348,2,458,184,0,184,642
10/31/2019,BFI,WA,ANM,WE,Towers with Radar,21,39,77,0,137,0,23,202,0,225,21,62,279,0,362,202,0,202,564
11/01/2019,BFI,WA,ANM,WE,Towers with Radar,21,53,79,1,154,0,19,221,0,240,21,72,300,1,394,148,0,148,542
11/02/2019,BFI,WA,ANM,WE,Towers with Radar,12,34,50,1,97,0,22,229,0,251,12,56,279,1,348,184,2,186,534
11/03/2019,BFI,WA,ANM,WE,Towers with Radar,8,51,99,0,158,0,18,174,0,192,8,69,273,0,350,10,0,10,360
11/04/2019,BFI,WA,ANM,WE,Towers with Radar,11,55,70,2,138,0,26,125,0,151,11,81,195,2,289,214,0,214,503
11/05/2019,BFI,WA,ANM,WE,Towers with Radar,21,42,91,0,154,0,40,147,0,187,21,82,238,0,341,192,2,194,535
11/06/2019,BFI,WA,ANM,WE,Towers with Radar,32,65,112,2,211,0,10,157,1,168,32,75,269,3,379,176,0,176,555
11/07/2019,BFI,WA,ANM,WE,Towers with Radar,22,57,73,0,152,0,15,159,0,174,22,72,232,0,326,170,1,171,497
11/08/2019,BFI,WA,ANM,WE,Towers with Radar,19,53,91,0,163,0,12,243,1,256,19,65,334,1,419,228,0,228,647
11/09/2019,BFI,WA,ANM,WE,Towers with Radar,9,55,66,1,131,0,4,3,1,8,9,59,69,2,139,4,0,4,143
11/10/2019,BFI,WA,ANM,WE,Towers with Radar,6,57,90,0,153,0,0,24,0,24,6,57,114,0,177,44,0,44,221
11/11/2019,BFI,WA,ANM,WE,Towers with Radar,19,53,91,0,163,0,17,167,1,185,19,70,258,1,348,126,0,126,474
11/12/2019,BFI,WA,ANM,WE,Towers with Radar,25,60,101,0,186,0,3,36,0,39,25,63,137,0,225,63,0,63,288
11/13/2019,BFI,WA,ANM,WE,Towers with Radar,27,64,115,1,207,0,6,109,0,115,27,70,224,1,322,134,4,138,460
11/14/2019,BFI,WA,ANM,WE,Towers with Radar,30,56,113,3,202,0,9,135,0,144,30,65,248,3,346,216,2,218,564
11/15/2019,BFI,WA,ANM,WE,Towers with Radar,18,59,106,2,185,0,10,81,1,92,18,69,187,3,277,334,0,334,611
11/16/2019,BFI,WA,ANM,WE,Towers with Radar,6,46,59,0,111,0,5,132,0,137,6,51,191,0,248,130,0,130,378
11/17/2019,BFI,WA,ANM,WE,Towers with Radar,8,62,78,0,148,0,4,16,0,20,8,66,94,0,168,32,0,32,200
11/18/2019,BFI,WA,ANM,WE,Towers with Radar,17,81,73,1,172,0,2,9,0,11,17,83,82,1,183,0,0,0,183
11/19/2019,BFI,WA,ANM,WE,Towers with Radar,22,72,69,0,163,0,11,67,0,78,22,83,136,0,241,164,0,164,405
11/20/2019,BFI,WA,ANM,WE,Towers with Radar,23,50,81,0,154,0,13,236,1,250,23,63,317,1,404,214,0,214,618
11/21/2019,BFI,WA,ANM,WE,Towers with Radar,27,59,100,0,186,0,31,192,0,223,27,90,292,0,409,178,0,178,587
11/22/2019,BFI,WA,ANM,WE,Towers with Radar,14,80,102,7,203,0,0,31,0,31,14,80,133,7,234,132,0,132,366
11/23/2019,BFI,WA,ANM,WE,Towers with Radar,11,50,84,4,149,0,3,134,0,137,11,53,218,4,286,216,0,216,502
11/24/2019,BFI,WA,ANM,WE,Towers with Radar,14,55,68,2,139,0,9,179,0,188,14,64,247,2,327,224,0,224,551
11/25/2019,BFI,WA,ANM,WE,Towers with Radar,18,54,65,1,138,0,13,101,1,115,18,67,166,2,253,236,0,236,489
11/26/2019,BFI,WA,ANM,WE,Towers with Radar,36,64,86,1,187,0,20,146,0,166,36,84,232,1,353,248,0,248,601
11/27/2019,BFI,WA,ANM,WE,Towers with Radar,29,41,80,2,152,0,24,136,0,160,29,65,216,2,312,120,0,120,432
11/28/2019,BFI,WA,ANM,WE,Towers with Radar,5,16,21,0,42,0,7,82,2,91,5,23,103,2,133,26,0,26,159
11/29/2019,BFI,WA,ANM,WE,Towers with Radar,11,29,55,3,98,0,27,187,2,216,11,56,242,5,314,162,0,162,476
11/30/2019,BFI,WA,ANM,WE,Towers with Radar,7,51,60,0,118,0,18,246,0,264,7,69,306,0,382,182,0,182,564
12/01/2019,BFI,WA,ANM,WE,Towers with Radar,11,61,104,0,176,0,20,130,0,150,11,81,234,0,326,128,0,128,454
12/02/2019,BFI,WA,ANM,WE,Towers with Radar,18,84,117,0,219,0,12,175,0,187,18,96,292,0,406,144,0,144,550
12/03/2019,BFI,WA,ANM,WE,Towers with Radar,33,58,69,4,164,0,29,180,2,211,33,87,249,6,375,164,0,164,539
12/04/2019,BFI,WA,ANM,WE,Towers with Radar,39,71,97,4,211,0,6,1,3,10,39,77,98,7,221,2,0,2,223
12/05/2019,BFI,WA,ANM,WE,Towers with Radar,38,62,101,1,202,0,11,90,0,101,38,73,191,1,303,196,0,196,499
12/06/2019,BFI,WA,ANM,WE,Towers with Radar,25,54,76,0,155,0,16,146,0,162,25,70,222,0,317,152,0,152,469
12/07/2019,BFI,WA,ANM,WE,Towers with Radar,10,65,59,1,135,0,1,38,0,39,10,66,97,1,174,74,0,74,248
12/08/2019,BFI,WA,ANM,WE,Towers with Radar,7,68,81,1,157,0,4,69,0,73,7,72,150,1,230,50,0,50,280
12/09/2019,BFI,WA,ANM,WE,Towers with Radar,18,63,107,1,189,0,2,15,0,17,18,65,122,1,206,44,0,44,250
12/10/2019,BFI,WA,ANM,WE,Towers with Radar,45,73,97,0,215,0,0,21,0,21,45,73,118,0,236,62,0,62,298
12/11/2019,BFI,WA,ANM,WE,Towers with Radar,49,76,79,0,204,0,7,70,0,77,49,83,149,0,281,196,0,196,477
12/12/2019,BFI,WA,ANM,WE,Towers with Radar,49,76,79,4,208,0,7,67,0,74,49,83,146,4,282,48,0,48,330
12/13/2019,BFI,WA,ANM,WE,Towers with Radar,32,64,90,0,186,0,11,121,0,132,32,75,211,0,318,316,0,316,634
12/14/2019,BFI,WA,ANM,WE,Towers with Radar,10,43,72,0,125,0,3,5,0,8,10,46,77,0,133,2,0,2,135
12/15/2019,BFI,WA,ANM,WE,Towers with Radar,12,47,71,0,130,0,1,87,0,88,12,48,158,0,218,304,0,304,522
12/16/2019,BFI,WA,ANM,WE,Towers with Radar,31,46,67,0,144,0,34,175,0,209,31,80,242,0,353,318,0,318,671
12/17/2019,BFI,WA,ANM,WE,Towers with Radar,56,65,109,2,232,0,25,232,0,257,56,90,341,2,489,156,0,156,645
12/18/2019,BFI,WA,ANM,WE,Towers with Radar,56,50,93,2,201,0,9,146,0,155,56,59,239,2,356,441,0,441,797
12/19/2019,BFI,WA,ANM,WE,Towers with Radar,52,71,71,0,194,0,12,67,0,79,52,83,138,0,273,162,0,162,435
12/20/2019,BFI,WA,ANM,WE,Towers with Radar,56,61,69,2,188,0,2,0,0,2,56,63,69,2,190,88,0,88,278
12/21/2019,BFI,WA,ANM,WE,Towers with Radar,46,66,75,0,187,0,2,23,0,25,46,68,98,0,212,72,0,72,284
12/22/2019,BFI,WA,ANM,WE,Towers with Radar,45,42,91,0,178,0,6,174,5,185,45,48,265,5,363,78,0,78,441
12/23/2019,BFI,WA,ANM,WE,Towers with Radar,46,57,53,0,156,0,6,109,2,117,46,63,162,2,273,50,2,52,325
12/24/2019,BFI,WA,ANM,WE,Towers with Radar,26,33,31,1,91,0,7,65,1,73,26,40,96,2,164,56,0,56,220
12/25/2019,BFI,WA,ANM,WE,Towers with Radar,2,39,18,0,59,0,4,44,0,48,2,43,62,0,107,38,0,38,145
12/26/2019,BFI,WA,ANM,WE,Towers with Radar,21,59,99,0,179,0,3,71,0,74,21,62,170,0,253,50,0,50,303
12/27/2019,BFI,WA,ANM,WE,Towers with Radar,23,65,74,0,162,0,3,24,0,27,23,68,98,0,189,16,0,16,205
12/28/2019,BFI,WA,ANM,WE,Towers with Radar,14,44,49,0,107,0,9,198,0,207,14,53,247,0,314,188,0,188,502
12/29/2019,BFI,WA,ANM,WE,Towers with Radar,4,55,65,0,124,0,19,145,0,164,4,74,210,0,288,86,0,86,374
12/30/2019,BFI,WA,ANM,WE,Towers with Radar,15,58,83,1,157,0,10,65,1,76,15,68,148,2,233,108,0,108,341
12/31/2019,BFI,WA,ANM,WE,Towers with Radar,21,45,38,0,104,0,5,6,0,11,21,50,44,0,115,16,0,16,131
01/01/2020,BFI,WA,ANM,WE,Towers with Radar,0,40,54,0,94,0,7,57,0,64,0,47,111,0,158,65,0,65,223
01/02/2020,BFI,WA,ANM,WE,Towers with Radar,16,42,55,0,113,0,12,86,0,98,16,54,141,0,211,124,0,124,335
01/03/2020,BFI,WA,ANM,WE,Towers with Radar,24,56,70,0,150,0,14,150,3,167,24,70,220,3,317,160,0,160,477
01/04/2020,BFI,WA,ANM,WE,Towers with Radar,8,60,68,0,136,0,5,74,0,79,8,65,142,0,215,104,0,104,319
01/05/2020,BFI,WA,ANM,WE,Towers with Radar,10,56,70,1,137,0,10,36,0,46,10,66,106,1,183,62,0,62,245
01/06/2020,BFI,WA,ANM,WE,Towers with Radar,16,61,61,1,139,0,1,2,0,3,16,62,63,1,142,0,0,0,142
01/07/2020,BFI,WA,ANM,WE,Towers with Radar,20,52,44,0,116,0,16,50,0,66,20,68,94,0,182,104,0,104,286
01/08/2020,BFI,WA,ANM,WE,Towers with Radar,19,47,65,2,133,0,5,67,0,72,19,52,132,2,205,174,0,174,379
01/09/2020,BFI,WA,ANM,WE,Towers with Radar,26,71,59,0,156,0,2,54,0,56,26,73,113,0,212,170,2,172,384
01/10/2020,BFI,WA,ANM,WE,Towers with Radar,13,56,65,3,137,0,2,18,0,20,13,58,83,3,157,12,0,12,169
01/11/2020,BFI,WA,ANM,WE,Towers with Radar,3,46,56,0,105,0,13,70,0,83,3,59,126,0,188,168,0,168,356
01/12/2020,BFI,WA,ANM,WE,Towers with Radar,3,47,59,0,109,0,8,15,0,23,3,55,74,0,132,10,0,10,142
01/13/2020,BFI,WA,ANM,WE,Towers with Radar,9,52,59,1,121,0,0,4,0,4,9,52,63,1,125,6,0,6,131
01/14/2020,BFI,WA,ANM,WE,Towers with Radar,24,52,79,0,155,0,0,20,0,20,24,52,99,0,175,16,0,16,191
01/15/2020,BFI,WA,ANM,WE,Towers with Radar,20,47,47,0,114,0,8,52,0,60,20,55,99,0,174,76,0,76,250
01/16/2020,BFI,WA,ANM,WE,Towers with Radar,20,48,78,0,146,0,6,181,0,187,20,54,259,0,333,194,0,194,527
01/17/2020,BFI,WA,ANM,WE,Towers with Radar,13,69,86,0,168,0,5,106,0,111,13,74,192,0,279,272,0,272,551
01/18/2020,BFI,WA,ANM,WE,Towers with Radar,3,48,62,0,113,0,4,152,0,156,3,52,214,0,269,308,0,308,577
01/19/2020,BFI,WA,ANM,WE,Towers with Radar,3,45,56,2,106,0,13,104,1,118,3,58,160,3,224,214,0,214,438
01/20/2020,BFI,WA,ANM,WE,Towers with Radar,13,67,88,0,168,0,18,167,0,185,13,85,255,0,353,100,0,100,453
01/21/2020,BFI,WA,ANM,WE,Towers with Radar,25,47,83,2,157,0,8,45,0,53,25,55,128,2,210,46,0,46,256
01/22/2020,BFI,WA,ANM,WE,Towers with Radar,21,63,77,0,161,0,9,67,0,76,21,72,144,0,237,188,0,188,425
01/23/2020,BFI,WA,ANM,WE,Towers with Radar,24,53,84,3,164,0,3,26,0,29,24,56,110,3,193,64,16,80,273
01/24/2020,BFI,WA,ANM,WE,Towers with Radar,18,52,90,1,161,0,8,71,2,81,18,60,161,3,242,192,0,192,434
01/25/2020,BFI,WA,ANM,WE,Towers with Radar,5,44,61,1,111,0,4,60,0,64,5,48,121,1,175,116,0,116,291
01/26/2020,BFI,WA,ANM,WE,Towers with Radar,5,50,59,0,114,0,11,117,1,129,5,61,176,1,243,186,0,186,429
01/27/2020,BFI,WA,ANM,WE,Towers with Radar,14,70,70,0,154,0,5,106,0,111,14,75,176,0,265,188,0,188,453
01/28/2020,BFI,WA,ANM,WE,Towers with Radar,28,52,87,0,167,0,10,67,0,77,28,62,154,0,244,182,0,182,426
01/29/2020,BFI,WA,ANM,WE,Towers with Radar,23,60,101,3,187,0,5,53,2,60,23,65,154,5,247,146,0,146,393
01/30/2020,BFI,WA,ANM,WE,Towers with Radar,26,63,110,4,203,0,5,134,0,139,26,68,244,4,342,148,0,148,490
01/31/2020,BFI,WA,ANM,WE,Towers with Radar,17,71,77,0,165,0,2,2,0,4,17,73,79,0,169,0,0,0,169
02/01/2020,BFI,WA,ANM,WE,Towers with Radar,3,43,59,0,105,0,10,69,0,79,3,53,128,0,184,140,0,140,324
02/02/2020,BFI,WA,ANM,WE,Towers with Radar,5,30,61,2,98,0,5,179,1,185,5,35,240,3,283,220,0,220,503
02/03/2020,BFI,WA,ANM,WE,Towers with Radar,10,73,89,8,180,0,13,148,0,161,10,86,237,8,341,208,0,208,549
02/04/2020,BFI,WA,ANM,WE,Towers with Radar,22,65,85,3,175,0,3,25,0,28,22,68,110,3,203,40,0,40,243
02/05/2020,BFI,WA,ANM,WE,Towers with Radar,18,65,85,6,174,0,1,1,0,2,18,66,86,6,176,0,0,0,176
02/06/2020,BFI,WA,ANM,WE,Towers with Radar,24,63,82,2,171,0,0,0,0,0,24,63,82,2,171,0,0,0,171
02/07/2020,BFI,WA,ANM,WE,Towers with Radar,25,61,74,4,164,0,3,2,0,5,25,64,76,4,169,0,0,0,169
02/08/2020,BFI,WA,ANM,WE,Towers with Radar,8,36,56,2,102,0,16,161,0,177,8,52,217,2,279,323,0,323,602
02/09/2020,BFI,WA,ANM,WE,Towers with Radar,7,54,87,2,150,0,19,264,2,285,7,73,351,4,435,174,0,174,609
02/10/2020,BFI,WA,ANM,WE,Towers with Radar,15,55,87,4,161,0,25,214,1,240,15,80,301,5,401,150,0,150,551
02/11/2020,BFI,WA,ANM,WE,Towers with Radar,21,76,96,2,195,0,14,95,1,110,21,90,191,3,305,152,0,152,457
02/12/2020,BFI,WA,ANM,WE,Towers with Radar,28,65,106,4,203,0,10,95,1,106,28,75,201,5,309,234,0,234,543
02/13/2020,BFI,WA,ANM,WE,Towers with Radar,27,77,59,3,166,0,8,62,0,70,27,85,121,3,236,200,0,200,436
02/14/2020,BFI,WA,ANM,WE,Towers with Radar,21,88,107,0,216,0,14,212,1,227,21,102,319,1,443,128,0,128,571
02/15/2020,BFI,WA,ANM,WE,Towers with Radar,7,79,81,0,167,0,3,2,0,5,7,82,83,0,172,0,0,0,172
02/16/2020,BFI,WA,ANM,WE,Towers with Radar,4,42,63,0,109,0,3,4,0,7,4,45,67,0,116,0,0,0,116
02/17/2020,BFI,WA,ANM,WE,Towers with Radar,8,61,99,1,169,0,9,165,0,174,8,70,264,1,343,192,0,192,535
02/18/2020,BFI,WA,ANM,WE,Towers with Radar,22,50,85,1,158,0,25,273,0,298,22,75,358,1,456,272,0,272,728
02/19/2020,BFI,WA,ANM,WE,Towers with Radar,24,50,67,2,143,0,30,266,1,297,24,80,333,3,440,258,0,258,698
02/20/2020,BFI,WA,ANM,WE,Towers with Radar,19,49,59,7,134,0,26,211,0,237,19,75,270,7,371,96,0,96,467
02/21/2020,BFI,WA,ANM,WE,Towers with Radar,20,51,87,0,158,0,12,208,0,220,20,63,295,0,378,194,0,194,572
02/22/2020,BFI,WA,ANM,WE,Towers with Radar,8,54,55,0,117,0,4,104,0,108,8,58,159,0,225,280,0,280,505
02/23/2020,BFI,WA,ANM,WE,Towers with Radar,3,69,71,0,143,0,10,19,0,29,3,79,90,0,172,0,0,0,172
02/24/2020,BFI,WA,ANM,WE,Towers with Radar,13,53,70,0,136,0,20,170,0,190,13,73,240,0,326,114,0,114,440
02/25/2020,BFI,WA,ANM,WE,Towers with Radar,33,62,84,2,181,0,14,198,0,212,33,76,282,2,393,226,0,226,619
02/26/2020,BFI,WA,ANM,WE,Towers with Radar,21,68,98,1,188,0,18,104,0,122,21,86,202,1,310,166,0,166,476
02/27/2020,BFI,WA,ANM,WE,Towers with Radar,19,59,115,0,193,0,26,269,0,295,19,85,384,0,488,206,0,206,694
02/28/2020,BFI,WA,ANM,WE,Towers with Radar,11,56,101,3,171,0,6,47,0,53,11,62,148,3,224,98,0,98,322
02/29/2020,BFI,WA,ANM,WE,Towers with Radar,4,45,41,1,91,0,13,101,3,117,4,58,142,4,208,280,0,280,488
03/01/2020,BFI,WA,ANM,WE,Towers with Radar,4,53,63,1,121,0,6,161,2,169,4,59,224,3,290,248,0,248,538
03/02/2020,BFI,WA,ANM,WE,Towers with Radar,9,59,82,5,155,0,2,18,0,20,9,61,100,5,175,28,0,28,203
03/03/2020,BFI,WA,ANM,WE,Towers with Radar,21,52,69,7,149,0,9,64,1,74,21,61,133,8,223,140,0,140,363
03/04/2020,BFI,WA,ANM,WE,Towers with Radar,23,54,68,10,155,0,10,175,1,186,23,64,243,11,341,162,2,164,505
03/05/2020,BFI,WA,ANM,WE,Towers with Radar,26,68,81,4,179,0,23,127,2,152,26,91,208,6,331,88,2,90,421
03/06/2020,BFI,WA,ANM,WE,Towers with Radar,15,65,62,3,145,0,6,52,0,58,15,71,114,3,203,214,0,214,417
03/07/2020,BFI,WA,ANM,WE,Towers with Radar,4,40,42,1,87,0,6,116,0,122,4,46,158,1,209,282,0,282,491
03/08/2020,BFI,WA,ANM,WE,Towers with Radar,4,49,65,1,119,0,12,197,0,209,4,61,262,1,328,234,0,234,562
03/09/2020,BFI,WA,ANM,WE,Towers with Radar,13,48,73,0,134,0,18,193,0,211,13,66,266,0,345,144,0,144,489
03/10/2020,BFI,WA,ANM,WE,Towers with Radar,20,46,61,0,127,0,8,185,1,194,20,54,246,1,321,110,0,110,431
03/11/2020,BFI,WA,ANM,WE,Towers with Radar,19,41,52,1,113,0,15,144,0,159,19,56,196,1,272,190,4,194,466
03/12/2020,BFI,WA,ANM,WE,Towers with Radar,23,40,71,1,135,0,12,197,0,209,23,52,268,1,344,300,2,302,646
03/13/2020,BFI,WA,ANM,WE,Towers with Radar,12,64,76,1,153,0,0,11,0,11,12,64,87,1,164,10,0,10,174
03/14/2020,BFI,WA,ANM,WE,Towers with Radar,3,39,48,0,90,0,12,197,0,209,3,51,245,0,299,116,0,116,415
03/15/2020,BFI,WA,ANM,WE,Towers with Radar,5,39,48,0,92,0,12,184,1,197,5,51,232,1,289,84,0,84,373
03/16/2020,BFI,WA,ANM,WE,Towers with Radar,5,42,49,0,96,0,15,149,0,164,5,57,198,0,260,102,0,102,362
03/17/2020,BFI,WA,ANM,WE,Towers with Radar,25,30,44,0,99,0,21,181,0,202,25,51,225,0,301,218,0,218,519
03/18/2020,BFI,WA,ANM,WE,Towers with Radar,22,23,44,1,90,0,11,180,0,191,22,34,224,1,281,226,0,226,507
03/19/2020,BFI,WA,ANM,WE,Towers with Radar,24,19,35,0,78,0,8,160,0,168,24,27,195,0,246,246,0,246,492
03/20/2020,BFI,WA,ANM,WE,Towers with Radar,13,30,25,0,68,0,6,163,0,169,13,36,188,0,237,156,0,156,393
03/21/2020,BFI,WA,ANM,WE,Towers with Radar,7,30,45,0,82,0,3,147,0,150,7,33,192,0,232,136,0,136,368
03/22/2020,BFI,WA,ANM,WE,Towers with Radar,3,13,38,0,54,0,2,166,1,169,3,15,204,1,223,208,0,208,431
03/23/2020,BFI,WA,ANM,WE,Towers with Radar,15,26,41,0,82,0,4,32,0,36,15,30,73,0,118,52,0,52,170
03/24/2020,BFI,WA,ANM,WE,Towers with Radar,28,17,19,0,64,0,3,64,0,67,28,20,83,0,131,188,0,188,319
03/25/2020,BFI,WA,ANM,WE,Towers with Radar,26,11,25,2,64,0,13,54,0,67,26,24,79,2,131,136,0,136,267
03/26/2020,BFI,WA,ANM,WE,Towers with Radar,20,22,27,0,69,0,9,36,0,45,20,31,63,0,114,100,0,100,214
03/27/2020,BFI,WA,ANM,WE,Towers with Radar,14,25,13,0,52,0,2,37,0,39,14,27,50,0,91,178,0,178,269
03/28/2020,BFI,WA,ANM,WE,Towers with Radar,6,14,16,0,36,0,1,26,0,27,6,15,42,0,63,66,0,66,129
03/29/2020,BFI,WA,ANM,WE,Towers with Radar,3,10,27,0,40,0,0,29,0,29,3,10,56,0,69,14,2,16,85
03/30/2020,BFI,WA,ANM,WE,Towers with Radar,8,23,19,0,50,0,2,13,0,15,8,25,32,0,65,0,0,0,65
03/31/2020,BFI,WA,ANM,WE,Towers with Radar,22,17,11,0,50,0,7,57,0,64,22,24,68,0,114,56,0,56,170
04/01/2020,BFI,WA,ANM,WE,Towers with Radar,20,13,20,2,55,0,3,69,0,72,20,16,89,2,127,48,2,50,177
04/02/2020,BFI,WA,ANM,WE,Towers with Radar,21,21,28,0,70,0,6,91,0,97,21,27,119,0,167,172,0,172,339
04/03/2020,BFI,WA,ANM,WE,Towers with Radar,10,14,28,0,52,0,2,29,1,32,10,16,57,1,84,36,0,36,120
04/04/2020,BFI,WA,ANM,WE,Towers with Radar,3,11,18,0,32,0,3,87,0,90,3,14,105,0,122,94,0,94,216
04/05/2020,BFI,WA,ANM,WE,Towers with Radar,2,11,24,0,37,0,3,61,0,64,2,14,85,0,101,72,0,72,173
04/06/2020,BFI,WA,ANM,WE,Towers with Radar,6,14,23,0,43,0,7,97,0,104,6,21,120,0,147,60,0,60,207
04/07/2020,BFI,WA,ANM,WE,Towers with Radar,18,12,21,0,51,0,14,100,24,138,18,26,121,24,189,132,0,132,321
04/08/2020,BFI,WA,ANM,WE,Towers with Radar,18,10,20,0,48,0,8,135,0,143,18,18,155,0,191,122,0,122,313
04/09/2020,BFI,WA,ANM,WE,Towers with Radar,18,18,38,0,74,0,20,193,0,213,18,38,231,0,287,243,0,243,530
04/10/2020,BFI,WA,ANM,WE,Towers with Radar,9,21,26,1,57,0,8,112,1,121,9,29,138,2,178,118,0,118,296
04/11/2020,BFI,WA,ANM,WE,Towers with Radar,3,25,23,0,51,0,1,57,0,58,3,26,80,0,109,82,0,82,191
04/12/2020,BFI,WA,ANM,WE,Towers with Radar,2,11,27,0,40,0,4,89,0,93,2,15,116,0,133,56,0,56,189
04/13/2020,BFI,WA,ANM,WE,Towers with Radar,6,8,18,0,32,0,8,114,0,122,6,16,132,0,154,16,0,16,170
04/14/2020,BFI,WA,ANM,WE,Towers with Radar,19,16,15,0,50,0,18,103,1,122,19,34,118,1,172,128,10,138,310
04/15/2020,BFI,WA,ANM,WE,Towers with Radar,20,15,32,0,67,0,13,109,1,123,20,28,141,1,190,88,0,88,278
04/16/2020,BFI,WA,ANM,WE,Towers with Radar,25,21,40,2,88,0,7,176,0,183,25,28,216,2,271,160,0,160,431
04/17/2020,BFI,WA,ANM,WE,Towers with Radar,9,20,34,3,66,0,6,154,0,160,9,26,188,3,226,100,2,102,328
04/18/2020,BFI,WA,ANM,WE,Towers with Radar,4,17,26,0,47,0,0,60,0,60,4,17,86,0,107,70,0,70,177
04/19/2020,BFI,WA,ANM,WE,Towers with Radar,2,15,31,0,48,0,2,133,0,135,2,17,164,0,183,264,0,264,447
04/20/2020,BFI,WA,ANM,WE,Towers with Radar,8,22,27,1,58,0,3,120,0,123,8,25,147,1,181,72,0,72,253
04/21/2020,BFI,WA,ANM,WE,Towers with Radar,17,19,33,0,69,0,1,63,1,65,17,20,96,1,134,148,0,148,282
04/22/2020,BFI,WA,ANM,WE,Towers with Radar,18,19,50,0,87,0,0,4,0,4,18,19,54,0,91,22,0,22,113
04/23/2020,BFI,WA,ANM,WE,Towers with Radar,23,12,36,0,71,0,6,36,0,42,23,18,72,0,113,82,0,82,195
04/24/2020,BFI,WA,ANM,WE,Towers with Radar,12,22,33,2,69,0,1,130,0,131,12,23,163,2,200,163,0,163,363
04/25/2020,BFI,WA,ANM,WE,Towers with Radar,3,20,24,0,47,0,3,15,0,18,3,23,39,0,65,28,0,28,93
04/26/2020,BFI,WA,ANM,WE,Towers with Radar,2,14,34,0,50,0,0,116,0,116,2,14,150,0,166,143,0,143,309
04/27/2020,BFI,WA,ANM,WE,Towers with Radar,8,21,20,0,49,0,2,32,0,34,8,23,52,0,83,62,0,62,145
04/28/2020,BFI,WA,ANM,WE,Towers with Radar,22,27,32,0,81,0,1,111,0,112,22,28,143,0,193,172,0,172,365
04/29/2020,BFI,WA,ANM,WE,Towers with Radar,18,22,48,2,90,0,6,109,0,115,18,28,157,2,205,184,4,188,393
04/30/2020,BFI,WA,ANM,WE,Towers with Radar,24,28,35,2,89,0,11,84,0,95,24,39,119,2,184,88,0,88,272
05/01/2020,BFI,WA,ANM,WE,Towers with Radar,13,31,49,1,94,0,6,198,2,206,13,37,247,3,300,224,0,224,524
05/02/2020,BFI,WA,ANM,WE,Towers with Radar,4,30,20,0,54,0,2,42,0,44,4,32,62,0,98,86,0,86,184
05/03/2020,BFI,WA,ANM,WE,Towers with Radar,2,29,24,0,55,0,3,50,0,53,2,32,74,0,108,30,0,30,138
05/04/2020,BFI,WA,ANM,WE,Towers with Radar,16,29,34,1,80,0,8,133,1,142,16,37,167,2,222,134,0,134,356
05/05/2020,BFI,WA,ANM,WE,Towers with Radar,24,20,30,2,76,0,11,169,0,180,24,31,199,2,256,256,0,256,512
05/06/2020,BFI,WA,ANM,WE,Towers with Radar,27,22,46,0,95,0,7,91,0,98,27,29,137,0,193,134,0,134,327
05/07/2020,BFI,WA,ANM,WE,Towers with Radar,23,20,38,1,82,0,7,208,0,215,23,27,246,1,297,186,0,186,483
05/08/2020,BFI,WA,ANM,WE,Towers with Radar,13,31,43,2,89,0,14,183,0,197,13,45,226,2,286,22,1,23,309
05/09/2020,BFI,WA,ANM,WE,Towers with Radar,7,25,36,4,72,0,9,141,0,150,7,34,177,4,222,122,0,122,344
05/10/2020,BFI,WA,ANM,WE,Towers with Radar,2,17,24,0,43,0,16,138,0,154,2,33,162,0,197,156,0,156,353
05/11/2020,BFI,WA,ANM,WE,Towers with Radar,6,29,37,1,73,0,7,82,2,91,6,36,119,3,164,44,0,44,208
05/12/2020,BFI,WA,ANM,WE,Towers with Radar,24,20,31,2,77,0,3,57,0,60,24,23,88,2,137,145,0,145,282
05/13/2020,BFI,WA,ANM,WE,Towers with Radar,25,21,47,2,95,0,2,106,0,108,25,23,153,2,203,144,2,146,349
05/14/2020,BFI,WA,ANM,WE,Towers with Radar,23,28,62,1,114,0,7,120,0,127,23,35,182,1,241,230,0,230,471
05/15/2020,BFI,WA,ANM,WE,Towers with Radar,15,26,55,2,98,0,6,224,3,233,15,32,279,5,331,262,8,270,601
05/16/2020,BFI,WA,ANM,WE,Towers with Radar,4,19,24,0,47,0,2,90,0,92,4,21,114,0,139,224,0,224,363
05/17/2020,BFI,WA,ANM,WE,Towers with Radar,4,29,28,0,61,0,2,129,2,133,4,31,157,2,194,116,0,116,310
05/18/2020,BFI,WA,ANM,WE,Towers with Radar,9,38,58,0,105,0,7,134,0,141,9,45,192,0,246,104,0,104,350
05/19/2020,BFI,WA,ANM,WE,Towers with Radar,18,25,54,0,97,0,4,99,0,103,18,29,153,0,200,180,0,180,380
05/20/2020,BFI,WA,ANM,WE,Towers with Radar,22,44,66,1,133,0,5,65,0,70,22,49,131,1,203,148,0,148,351
05/21/2020,BFI,WA,ANM,WE,Towers with Radar,16,26,56,1,99,0,6,38,0,44,16,32,94,1,143,170,0,170,313
05/22/2020,BFI,WA,ANM,WE,Towers with Radar,11,27,51,2,91,0,1,116,0,117,11,28,167,2,208,206,0,206,414
05/23/2020,BFI,WA,ANM,WE,Towers with Radar,4,24,41,0,69,0,0,131,0,131,4,24,172,0,200,234,0,234,434
05/24/2020,BFI,WA,ANM,WE,Towers with Radar,2,20,39,0,61,0,20,117,0,137,2,40,156,0,198,176,0,176,374
05/25/2020,BFI,WA,ANM,WE,Towers with Radar,1,29,62,0,92,0,3,7,0,10,1,32,69,0,102,6,0,6,108
05/26/2020,BFI,WA,ANM,WE,Towers with Radar,12,33,58,0,103,0,3,78,0,81,12,36,136,0,184,141,0,141,325
05/27/2020,BFI,WA,ANM,WE,Towers with Radar,24,34,54,1,113,0,25,190,0,215,24,59,244,1,328,142,0,142,470
05/28/2020,BFI,WA,ANM,WE,Towers with Radar,23,36,53,0,112,0,4,199,0,203,23,40,252,0,315,128,0,128,443
05/29/2020,BFI,WA,ANM,WE,Towers with Radar,11,25,29,4,69,0,7,225,2,234,11,32,254,6,303,148,0,148,451
05/30/2020,BFI,WA,ANM,WE,Towers with Radar,7,21,25,0,53,0,3,10,0,13,7,24,35,0,66,12,0,12,78
05/31/2020,BFI,WA,ANM,WE,Towers with Radar,3,33,46,0,82,0,6,60,0,66,3,39,106,0,148,44,0,44,192
06/01/2020,BFI,WA,ANM,WE,Towers with Radar,7,29,41,0,77,0,10,189,2,201,7,39,230,2,278,178,2,180,458
06/02/2020,BFI,WA,ANM,WE,Towers with Radar,20,29,44,0,93,0,10,159,2,171,20,39,203,2,264,256,2,258,522
06/03/2020,BFI,WA,ANM,WE,Towers with Radar,16,42,50,0,108,0,13,148,0,161,16,55,198,0,269,230,0,230,499
06/04/2020,BFI,WA,ANM,WE,Towers with Radar,19,33,53,0,105,0,6,199,1,206,19,39,252,1,311,190,0,190,501
06/05/2020,BFI,WA,ANM,WE,Towers with Radar,14,36,64,1,115,0,6,196,0,202,14,42,260,1,317,178,0,178,495
06/06/2020,BFI,WA,ANM,WE,Towers with Radar,7,23,29,0,59,0,1,79,0,80,7,24,108,0,139,162,0,162,301
06/07/2020,BFI,WA,ANM,WE,Towers with Radar,4,30,44,0,78,0,3,43,0,46,4,33,87,0,124,137,0,137,261
06/08/2020,BFI,WA,ANM,WE,Towers with Radar,10,21,53,3,87,0,6,63,0,69,10,27,116,3,156,70,0,70,226
06/09/2020,BFI,WA,ANM,WE,Towers with Radar,22,39,63,0,124,0,3,7,0,10,22,42,70,0,134,0,0,0,134
06/10/2020,BFI,WA,ANM,WE,Towers with Radar,18,34,61,1,114,0,10,82,0,92,18,44,143,1,206,159,0,159,365
06/11/2020,BFI,WA,ANM,WE,Towers with Radar,23,34,61,1,119,0,3,78,0,81,23,37,139,1,200,260,0,260,460
06/12/2020,BFI,WA,ANM,WE,Towers with Radar,16,34,65,1,116,0,3,125,0,128,16,37,190,1,244,300,0,300,544
06/13/2020,BFI,WA,ANM,WE,Towers with Radar,8,34,39,0,81,0,9,77,0,86,8,43,116,0,167,68,0,68,235
06/14/2020,BFI,WA,ANM,WE,Towers with Radar,5,36,56,0,97,0,2,171,0,173,5,38,227,0,270,234,0,234,504
06/15/2020,BFI,WA,ANM,WE,Towers with Radar,11,41,67,0,119,0,11,33,0,44,11,52,100,0,163,34,0,34,197
06/16/2020,BFI,WA,ANM,WE,Towers with Radar,26,40,37,0,103,0,5,141,0,146,26,45,178,0,249,202,2,204,453
06/17/2020,BFI,WA,ANM,WE,Towers with Radar,19,41,60,0,120,0,6,191,0,197,19,47,251,0,317,140,2,142,459
06/18/2020,BFI,WA,ANM,WE,Towers with Radar,23,44,47,1,115,0,14,253,2,269,23,58,300,3,384,190,0,190,574
06/19/2020,BFI,WA,ANM,WE,Towers with Radar,14,40,48,0,102,0,14,227,1,242,14,54,275,1,344,240,2,242,586
06/20/2020,BFI,WA,ANM,WE,Towers with Radar,4,26,42,0,72,0,9,71,0,80,4,35,113,0,152,92,0,92,244
06/21/2020,BFI,WA,ANM,WE,Towers with Radar,4,34,61,2,101,0,6,115,0,121,4,40,176,2,222,202,0,202,424
06/22/2020,BFI,WA,ANM,WE,Towers with Radar,11,33,51,0,95,0,8,178,0,186,11,41,229,0,281,128,0,128,409
06/23/2020,BFI,WA,ANM,WE,Towers with Radar,21,31,55,5,112,0,14,200,1,215,21,45,255,6,327,195,0,195,522
06/24/2020,BFI,WA,ANM,WE,Towers with Radar,24,44,57,1,126,0,5,126,0,131,24,49,183,1,257,327,0,327,584
06/25/2020,BFI,WA,ANM,WE,Towers with Radar,19,52,75,0,146,0,18,204,1,223,19,70,279,1,369,270,0,270,639
06/26/2020,BFI,WA,ANM,WE,Towers with Radar,22,64,66,2,154,1,22,198,0,221,23,86,264,2,375,236,0,236,611
06/27/2020,BFI,WA,ANM,WE,Towers with Radar,8,64,57,0,129,0,7,34,0,41,8,71,91,0,170,24,0,24,194
06/28/2020,BFI,WA,ANM,WE,Towers with Radar,7,49,57,0,113,0,8,138,0,146,7,57,195,0,259,146,0,146,405
06/29/2020,BFI,WA,ANM,WE,Towers with Radar,11,54,64,0,129,0,13,177,1,191,11,67,241,1,320,166,0,166,486
06/30/2020,BFI,WA,ANM,WE,Towers with Radar,24,56,84,5,169,0,4,95,1,100,24,60,179,6,269,154,0,154,423
07/01/2020,BFI,WA,ANM,WE,Towers with Radar,28,56,62,3,149,0,14,117,1,132,28,70,179,4,281,204,0,204,485
07/02/2020,BFI,WA,ANM,WE,Towers with Radar,21,51,92,3,167,0,16,105,1,122,21,67,197,4,289,76,0,76,365
07/03/2020,BFI,WA,ANM,WE,Towers with Radar,9,39,55,0,103,0,19,176,0,195,9,58,231,0,298,222,0,222,520
07/04/2020,BFI,WA,ANM,WE,Towers with Radar,5,22,39,0,66,0,11,98,0,109,5,33,137,0,175,130,0,130,305
07/05/2020,BFI,WA,ANM,WE,Towers with Radar,4,35,57,0,96,0,45,189,1,235,4,80,246,1,331,185,0,185,516
07/06/2020,BFI,WA,ANM,WE,Towers with Radar,9,35,75,0,119,0,30,180,1,211,9,65,255,1,330,130,0,130,460
07/07/2020,BFI,WA,ANM,WE,Towers with Radar,24,36,91,0,151,0,13,70,0,83,24,49,161,0,234,254,0,254,488
07/08/2020,BFI,WA,ANM,WE,Towers with Radar,23,40,84,0,147,0,12,147,1,160,23,52,231,1,307,262,0,262,569
07/09/2020,BFI,WA,ANM,WE,Towers with Radar,19,47,59,0,125,0,9,117,0,126,19,56,176,0,251,248,0,248,499
07/10/2020,BFI,WA,ANM,WE,Towers with Radar,20,41,66,2,129,0,14,199,1,214,20,55,265,3,343,262,0,262,605
07/11/2020,BFI,WA,ANM,WE,Towers with Radar,4,31,52,2,89,0,9,201,0,210,4,40,253,2,299,152,0,152,451
07/12/2020,BFI,WA,ANM,WE,Towers with Radar,4,38,69,0,111,0,11,104,0,115,4,49,173,0,226,68,0,68,294
07/13/2020,BFI,WA,ANM,WE,Towers with Radar,13,50,62,1,126,0,13,158,0,171,13,63,220,1,297,150,0,150,447
07/14/2020,BFI,WA,ANM,WE,Towers with Radar,27,33,54,0,114,0,18,209,3,230,27,51,263,3,344,182,0,182,526
07/15/2020,BFI,WA,ANM,WE,Towers with Radar,25,35,61,0,121,0,12,189,4,205,25,47,250,4,326,182,2,184,510
07/16/2020,BFI,WA,ANM,WE,Towers with Radar,21,55,60,3,139,0,32,178,3,213,21,87,238,6,352,230,0,230,582
07/17/2020,BFI,WA,ANM,WE,Towers with Radar,12,57,75,0,144,0,11,104,0,115,12,68,179,0,259,62,0,62,321
07/18/2020,BFI,WA,ANM,WE,Towers with Radar,4,44,62,0,110,0,21,239,0,260,4,65,301,0,370,244,0,244,614
07/19/2020,BFI,WA,ANM,WE,Towers with Radar,3,32,62,0,97,0,19,187,0,206,3,51,249,0,303,120,0,120,423
07/20/2020,BFI,WA,ANM,WE,Towers with Radar,8,42,62,0,112,0,24,155,0,179,8,66,217,0,291,200,0,200,491
07/21/2020,BFI,WA,ANM,WE,Towers with Radar,22,32,77,0,131,0,30,244,0,274,22,62,321,0,405,300,0,300,705
07/22/2020,BFI,WA,ANM,WE,Towers with Radar,18,60,84,3,165,0,13,73,0,86,18,73,157,3,251,222,0,222,473
07/23/2020,BFI,WA,ANM,WE,Towers with Radar,17,40,79,2,138,0,15,105,0,120,17,55,184,2,258,200,2,202,460
07/24/2020,BFI,WA,ANM,WE,Towers with Radar,17,51,67,2,137,0,34,115,0,149,17,85,182,2,286,324,0,324,610
07/25/2020,BFI,WA,ANM,WE,Towers with Radar,4,44,39,1,88,0,34,267,0,301,4,78,306,1,389,118,0,118,507
07/26/2020,BFI,WA,ANM,WE,Towers with Radar,10,37,62,1,110,0,29,161,1,191,10,66,223,2,301,68,0,68,369
07/27/2020,BFI,WA,ANM,WE,Towers with Radar,14,42,55,1,112,0,10,155,0,165,14,52,210,1,277,112,2,114,391
07/28/2020,BFI,WA,ANM,WE,Towers with Radar,26,33,58,2,119,0,21,161,1,183,26,54,219,3,302,200,0,200,502
07/29/2020,BFI,WA,ANM,WE,Towers with Radar,25,37,74,1,137,0,20,285,3,308,25,57,359,4,445,328,0,328,773
07/30/2020,BFI,WA,ANM,WE,Towers with Radar,26,46,76,0,148,0,20,231,2,253,26,66,307,2,401,200,0,200,601
07/31/2020,BFI,WA,ANM,WE,Towers with Radar,18,36,75,3,132,0,18,272,1,291,18,54,347,4,423,212,0,212,635
08/01/2020,BFI,WA,ANM,WE,Towers with Radar,8,57,64,2,131,0,6,108,0,114,8,63,172,2,245,152,0,152,397
08/02/2020,BFI,WA,ANM,WE,Towers with Radar,7,51,71,2,131,0,19,162,0,181,7,70,233,2,312,78,0,78,390
08/03/2020,BFI,WA,ANM,WE,Towers with Radar,18,57,74,2,151,0,16,102,0,118,18,73,176,2,269,159,0,159,428
08/04/2020,BFI,WA,ANM,WE,Towers with Radar,27,39,51,4,121,0,19,160,1,180,27,58,211,5,301,152,0,152,453
08/05/2020,BFI,WA,ANM,WE,Towers with Radar,27,34,72,1,134,0,14,209,1,224,27,48,281,2,358,176,0,176,534
08/06/2020,BFI,WA,ANM,WE,Towers with Radar,26,50,72,11,159,0,11,73,0,84,26,61,145,11,243,114,0,114,357
08/07/2020,BFI,WA,ANM,WE,Towers with Radar,16,36,58,4,114,0,15,185,0,200,16,51,243,4,314,200,0,200,514
08/08/2020,BFI,WA,ANM,WE,Towers with Radar,3,55,74,0,132,0,4,80,2,86,3,59,154,2,218,58,0,58,276
08/09/2020,BFI,WA,ANM,WE,Towers with Radar,8,41,46,2,97,0,27,249,0,276,8,68,295,2,373,122,2,124,497
08/10/2020,BFI,WA,ANM,WE,Towers with Radar,9,32,65,1,107,0,23,150,1,174,9,55,215,2,281,84,0,84,365
08/11/2020,BFI,WA,ANM,WE,Towers with Radar,26,38,54,4,122,0,20,131,1,152,26,58,185,5,274,187,0,187,461
08/12/2020,BFI,WA,ANM,WE,Towers with Radar,27,49,86,2,164,0,23,128,2,153,27,72,214,4,317,230,0,230,547
08/13/2020,BFI,WA,ANM,WE,Towers with Radar,16,38,59,1,114,0,18,170,0,188,16,56,229,1,302,179,0,179,481
08/14/2020,BFI,WA,ANM,WE,Towers with Radar,22,51,81,1,155,0,20,135,1,156,22,71,216,2,311,120,0,120,431
08/15/2020,BFI,WA,ANM,WE,Towers with Radar,10,42,56,2,110,0,17,162,0,179,10,59,218,2,289,156,0,156,445
08/16/2020,BFI,WA,ANM,WE,Towers with Radar,3,47,60,0,110,0,16,198,0,214,3,63,258,0,324,148,0,148,472
08/17/2020,BFI,WA,ANM,WE,Towers with Radar,10,39,56,0,105,0,14,150,1,165,10,53,206,1,270,178,0,178,448
08/18/2020,BFI,WA,ANM,WE,Towers with Radar,27,43,61,4,135,0,13,154,8,175,27,56,215,12,310,130,0,130,440
08/19/2020,BFI,WA,ANM,WE,Towers with Radar,28,51,71,4,154,0,6,175,1,182,28,57,246,5,336,208,0,208,544
08/20/2020,BFI,WA,ANM,WE,Towers with Radar,34,55,77,4,170,0,9,183,0,192,34,64,260,4,362,88,0,88,450
08/21/2020,BFI,WA,ANM,WE,Towers with Radar,16,63,82,0,161,0,8,92,1,101,16,71,174,1,262,56,0,56,318
08/22/2020,BFI,WA,ANM,WE,Towers with Radar,5,60,61,0,126,0,17,207,0,224,5,77,268,0,350,146,0,146,496
08/23/2020,BFI,WA,ANM,WE,Towers with Radar,11,62,65,0,138,0,23,229,0,252,11,85,294,0,390,65,0,65,455
08/24/2020,BFI,WA,ANM,WE,Towers with Radar,16,53,80,2,151,0,18,163,1,182,16,71,243,3,333,159,0,159,492
08/25/2020,BFI,WA,ANM,WE,Towers with Radar,26,40,65,0,131,0,29,205,4,238,26,69,270,4,369,264,0,264,633
08/26/2020,BFI,WA,ANM,WE,Towers with Radar,30,45,70,4,149,0,25,298,1,324,30,70,368,5,473,318,0,318,791
08/27/2020,BFI,WA,ANM,WE,Towers with Radar,27,40,74,0,141,0,29,316,1,346,27,69,390,1,487,198,0,198,685
08/28/2020,BFI,WA,ANM,WE,Towers with Radar,16,54,71,2,143,0,28,296,4,328,16,82,367,6,471,306,2,308,779
08/29/2020,BFI,WA,ANM,WE,Towers with Radar,9,54,54,1,118,0,18,231,0,249,9,72,285,1,367,166,0,166,533
08/30/2020,BFI,WA,ANM,WE,Towers with Radar,9,39,67,0,115,0,21,201,0,222,9,60,268,0,337,106,0,106,443
08/31/2020,BFI,WA,ANM,WE,Towers with Radar,13,39,50,0,102,0,8,128,0,136,13,47,178,0,238,76,0,76,314
09/01/2020,BFI,WA,ANM,WE,Towers with Radar,24,48,57,1,130,0,24,268,1,293,24,72,325,2,423,292,0,292,715
09/02/2020,BFI,WA,ANM,WE,Towers with Radar,25,39,63,0,127,0,23,193,2,218,25,62,256,2,345,206,0,206,551
09/03/2020,BFI,WA,ANM,WE,Towers with Radar,25,58,85,1,169,0,21,210,2,233,25,79,295,3,402,232,0,232,634
09/04/2020,BFI,WA,ANM,WE,Towers with Radar,13,42,60,0,115,0,12,217,0,229,13,54,277,0,344,156,0,156,500
09/05/2020,BFI,WA,ANM,WE,Towers with Radar,3,50,52,0,105,0,4,182,0,186,3,54,234,0,291,182,0,182,473
09/06/2020,BFI,WA,ANM,WE,Towers with Radar,7,34,49,0,90,0,11,150,0,161,7,45,199,0,251,4,0,4,255
09/07/2020,BFI,WA,ANM,WE,Towers with Radar,4,38,66,0,108,0,19,136,0,155,4,57,202,0,263,66,0,66,329
09/08/2020,BFI,WA,ANM,WE,Towers with Radar,14,45,75,3,137,0,24,161,0,185,14,69,236,3,322,190,0,190,512
09/09/2020,BFI,WA,ANM,WE,Towers with Radar,34,51,71,0,156,0,30,203,1,234,34,81,274,1,390,173,0,173,563
09/10/2020,BFI,WA,ANM,WE,Towers with Radar,29,61,86,2,178,0,16,166,0,182,29,77,252,2,360,188,0,188,548
09/11/2020,BFI,WA,ANM,WE,Towers with Radar,11,69,102,3,185,0,2,2,0,4,11,71,104,3,189,4,0,4,193
09/12/2020,BFI,WA,ANM,WE,Towers with Radar,10,46,45,2,103,0,0,0,0,0,10,46,45,2,103,0,0,0,103
09/13/2020,BFI,WA,ANM,WE,Towers with Radar,8,49,64,1,122,0,0,0,0,0,8,49,64,1,122,0,0,0,122
09/14/2020,BFI,WA,ANM,WE,Towers with Radar,12,42,67,2,123,0,0,0,0,0,12,42,67,2,123,0,0,0,123
09/15/2020,BFI,WA,ANM,WE,Towers with Radar,26,44,58,2,130,0,0,1,0,1,26,44,59,2,131,0,0,0,131
09/16/2020,BFI,WA,ANM,WE,Towers with Radar,28,50,65,3,146,0,1,0,0,1,28,51,65,3,147,4,0,4,151
09/17/2020,BFI,WA,ANM,WE,Towers with Radar,30,67,82,3,182,0,2,0,0,2,30,69,82,3,184,0,0,0,184
09/18/2020,BFI,WA,ANM,WE,Towers with Radar,22,73,80,3,178,0,0,2,0,2,22,73,82,3,180,12,0,12,192
09/19/2020,BFI,WA,ANM,WE,Towers with Radar,5,58,70,3,136,0,5,70,0,75,5,63,140,3,211,202,0,202,413
09/20/2020,BFI,WA,ANM,WE,Towers with Radar,14,52,81,0,147,0,17,171,0,188,14,69,252,0,335,58,0,58,393
09/21/2020,BFI,WA,ANM,WE,Towers with Radar,12,50,79,4,145,0,10,205,0,215,12,60,284,4,360,182,0,182,542
09/22/2020,BFI,WA,ANM,WE,Towers with Radar,22,52,70,1,145,0,13,156,1,170,22,65,226,2,315,154,0,154,469
09/23/2020,BFI,WA,ANM,WE,Towers with Radar,26,57,90,2,175,0,2,19,0,21,26,59,109,2,196,82,0,82,278
09/24/2020,BFI,WA,ANM,WE,Towers with Radar,32,62,50,2,146,0,7,53,0,60,32,69,103,2,206,128,0,128,334
09/25/2020,BFI,WA,ANM,WE,Towers with Radar,20,54,62,4,140,0,11,17,0,28,20,65,79,4,168,64,0,64,232
09/26/2020,BFI,WA,ANM,WE,Towers with Radar,4,43,79,0,126,0,2,70,0,72,4,45,149,0,198,123,0,123,321
09/27/2020,BFI,WA,ANM,WE,Towers with Radar,6,45,75,0,126,0,16,233,0,249,6,61,308,0,375,76,0,76,451
09/28/2020,BFI,WA,ANM,WE,Towers with Radar,10,47,72,1,130,0,31,199,0,230,10,78,271,1,360,177,2,179,539
09/29/2020,BFI,WA,ANM,WE,Towers with Radar,18,43,75,3,139,0,26,229,7,262,18,69,304,10,401,258,0,258,659
09/30/2020,BFI,WA,ANM,WE,Towers with Radar,21,45,77,0,143,0,20,177,1,198,21,65,254,1,341,238,0,238,579
10/01/2020,BFI,WA,ANM,WE,Towers with Radar,20,55,88,3,166,0,10,99,0,109,20,65,187,3,275,154,0,154,429
10/02/2020,BFI,WA,ANM,WE,Towers with Radar,18,46,82,3,149,0,10,146,0,156,18,56,228,3,305,166,0,166,471
10/03/2020,BFI,WA,ANM,WE,Towers with Radar,7,52,64,2,125,0,0,0,0,0,7,52,64,2,125,0,0,0,125
10/04/2020,BFI,WA,ANM,WE,Towers with Radar,4,59,76,1,140,0,8,38,0,46,4,67,114,1,186,58,0,58,244
10/05/2020,BFI,WA,ANM,WE,Towers with Radar,12,52,66,0,130,0,14,112,2,128,12,66,178,2,258,91,0,91,349
10/06/2020,BFI,WA,ANM,WE,Towers with Radar,19,39,66,1,125,0,16,191,1,208,19,55,257,2,333,223,0,223,556
10/07/2020,BFI,WA,ANM,WE,Towers with Radar,22,56,116,1,195,0,6,27,0,33,22,62,143,1,228,52,0,52,280
10/08/2020,BFI,WA,ANM,WE,Towers with Radar,28,57,67,0,152,0,7,125,2,134,28,64,192,2,286,284,0,284,570
10/09/2020,BFI,WA,ANM,WE,Towers with Radar,21,62,69,0,152,0,8,139,0,147,21,70,208,0,299,166,0,166,465
10/10/2020,BFI,WA,ANM,WE,Towers with Radar,8,54,28,0,90,0,4,55,0,59,8,58,83,0,149,76,0,76,225
10/11/2020,BFI,WA,ANM,WE,Towers with Radar,8,58,69,0,135,0,1,46,2,49,8,59,115,2,184,114,0,114,298
10/12/2020,BFI,WA,ANM,WE,Towers with Radar,12,56,67,0,135,0,14,124,0,138,12,70,191,0,273,94,0,94,367
10/13/2020,BFI,WA,ANM,WE,Towers with Radar,22,45,66,2,135,0,3,7,0,10,22,48,73,2,145,0,0,0,145
10/14/2020,BFI,WA,ANM,WE,Towers with Radar,31,49,77,2,159,0,19,271,0,290,31,68,348,2,449,302,0,302,751
10/15/2020,BFI,WA,ANM,WE,Towers with Radar,31,46,78,0,155,0,13,232,0,245,31,59,310,0,400,206,0,206,606
10/16/2020,BFI,WA,ANM,WE,Towers with Radar,22,59,66,0,147,0,2,34,0,36,22,61,100,0,183,22,0,22,205
10/17/2020,BFI,WA,ANM,WE,Towers with Radar,6,37,81,1,125,0,5,80,0,85,6,42,161,1,210,212,0,212,422
10/18/2020,BFI,WA,ANM,WE,Towers with Radar,7,46,84,1,138,0,0,17,0,17,7,46,101,1,155,8,0,8,163
10/19/2020,BFI,WA,ANM,WE,Towers with Radar,24,61,60,2,147,0,5,96,0,101,24,66,156,2,248,102,0,102,350
10/20/2020,BFI,WA,ANM,WE,Towers with Radar,24,41,65,1,131,0,6,165,3,174,24,47,230,4,305,326,0,326,631
10/21/2020,BFI,WA,ANM,WE,Towers with Radar,22,40,71,0,133,0,13,121,2,136,22,53,192,2,269,324,1,325,594
10/22/2020,BFI,WA,ANM,WE,Towers with Radar,25,44,79,0,148,0,5,161,2,168,25,49,240,2,316,210,0,210,526
10/23/2020,BFI,WA,ANM,WE,Towers with Radar,19,74,56,0,149,0,4,68,0,72,19,78,124,0,221,162,0,162,383
10/24/2020,BFI,WA,ANM,WE,Towers with Radar,3,34,38,0,75,0,10,234,0,244,3,44,272,0,319,221,0,221,540
10/25/2020,BFI,WA,ANM,WE,Towers with Radar,5,25,59,0,89,0,11,309,1,321,5,36,368,1,410,228,0,228,638
10/26/2020,BFI,WA,ANM,WE,Towers with Radar,9,42,45,0,96,0,7,174,0,181,9,49,219,0,277,186,0,186,463
10/27/2020,BFI,WA,ANM,WE,Towers with Radar,20,45,65,1,131,0,13,153,2,168,20,58,218,3,299,264,0,264,563
10/28/2020,BFI,WA,ANM,WE,Towers with Radar,20,46,97,2,165,0,9,105,0,114,20,55,202,2,279,202,0,202,481
10/29/2020,BFI,WA,ANM,WE,Towers with Radar,19,51,69,4,143,0,6,136,2,144,19,57,205,6,287,234,0,234,521
10/30/2020,BFI,WA,ANM,WE,Towers with Radar,12,46,57,2,117,0,12,150,0,162,12,58,207,2,279,296,0,296,575
10/31/2020,BFI,WA,ANM,WE,Towers with Radar,6,31,45,0,82,0,21,228,0,249,6,52,273,0,331,200,0,200,531
11/01/2020,BFI,WA,ANM,WE,Towers with Radar,6,38,69,1,114,0,18,272,2,292,6,56,341,3,406,14,0,14,420
11/02/2020,BFI,WA,ANM,WE,Towers with Radar,16,45,49,3,113,0,32,172,2,206,16,77,221,5,319,298,0,298,617
11/03/2020,BFI,WA,ANM,WE,Towers with Radar,20,38,52,2,112,0,2,0,0,2,20,40,52,2,114,0,0,0,114
11/04/2020,BFI,WA,ANM,WE,Towers with Radar,26,43,64,1,134,1,5,37,0,43,27,48,101,1,177,187,0,187,364
11/05/2020,BFI,WA,ANM,WE,Towers with Radar,24,55,61,2,142,0,1,44,0,45,24,56,105,2,187,78,0,78,265
11/06/2020,BFI,WA,ANM,WE,Towers with Radar,24,51,60,5,140,0,16,125,0,141,24,67,185,5,281,186,0,186,467
11/07/2020,BFI,WA,ANM,WE,Towers with Radar,6,29,74,1,110,0,10,118,0,128,6,39,192,1,238,330,0,330,568
11/08/2020,BFI,WA,ANM,WE,Towers with Radar,10,49,58,2,119,0,22,238,4,264,10,71,296,6,383,154,0,154,537
11/09/2020,BFI,WA,ANM,WE,Towers with Radar,9,46,55,3,113,0,20,136,0,156,9,66,191,3,269,130,0,130,399
11/10/2020,BFI,WA,ANM,WE,Towers with Radar,18,38,53,1,110,0,4,52,1,57,18,42,105,2,167,170,1,171,338
11/11/2020,BFI,WA,ANM,WE,Towers with Radar,17,59,77,1,154,0,5,197,0,202,17,64,274,1,356,334,1,335,691
11/12/2020,BFI,WA,ANM,WE,Towers with Radar,18,41,71,1,131,0,11,73,0,84,18,52,144,1,215,128,0,128,343
11/13/2020,BFI,WA,ANM,WE,Towers with Radar,19,43,38,0,100,0,6,20,0,26,19,49,58,0,126,14,0,14,140
11/14/2020,BFI,WA,ANM,WE,Towers with Radar,4,47,49,4,104,0,2,95,0,97,4,49,144,4,201,250,0,250,451
11/15/2020,BFI,WA,ANM,WE,Towers with Radar,5,42,46,1,94,0,6,74,0,80,5,48,120,1,174,106,0,106,280
11/16/2020,BFI,WA,ANM,WE,Towers with Radar,14,48,48,2,112,0,3,12,0,15,14,51,60,2,127,30,0,30,157
11/17/2020,BFI,WA,ANM,WE,Towers with Radar,18,41,34,1,94,0,4,33,1,38,18,45,67,2,132,44,0,44,176
11/18/2020,BFI,WA,ANM,WE,Towers with Radar,26,65,56,1,148,0,13,56,2,71,26,78,112,3,219,142,0,142,361
11/19/2020,BFI,WA,ANM,WE,Towers with Radar,26,56,51,1,134,0,7,91,0,98,26,63,142,1,232,164,0,164,396
11/20/2020,BFI,WA,ANM,WE,Towers with Radar,20,59,90,0,169,0,7,142,0,149,20,66,232,0,318,186,0,186,504
11/21/2020,BFI,WA,ANM,WE,Towers with Radar,8,54,76,0,138,0,7,241,0,248,8,61,317,0,386,214,0,214,600
11/22/2020,BFI,WA,ANM,WE,Towers with Radar,4,49,47,0,100,0,6,137,0,143,4,55,184,0,243,266,2,268,511
11/23/2020,BFI,WA,ANM,WE,Towers with Radar,15,45,35,0,95,0,2,46,0,48,15,47,81,0,143,106,0,106,249
11/24/2020,BFI,WA,ANM,WE,Towers with Radar,36,50,69,0,155,0,4,36,3,43,36,54,105,3,198,124,0,124,322
11/25/2020,BFI,WA,ANM,WE,Towers with Radar,34,34,53,0,121,0,1,123,0,124,34,35,176,0,245,184,0,184,429
11/26/2020,BFI,WA,ANM,WE,Towers with Radar,3,13,17,0,33,0,2,17,0,19,3,15,34,0,52,28,0,28,80
11/27/2020,BFI,WA,ANM,WE,Towers with Radar,10,34,46,0,90,0,5,135,0,140,10,39,181,0,230,114,0,114,344
11/28/2020,BFI,WA,ANM,WE,Towers with Radar,10,38,77,1,126,0,0,57,0,57,10,38,134,1,183,134,0,134,317
11/29/2020,BFI,WA,ANM,WE,Towers with Radar,6,33,44,1,84,0,1,0,0,1,6,34,44,1,85,0,0,0,85
11/30/2020,BFI,WA,ANM,WE,Towers with Radar,20,51,37,0,108,0,7,49,0,56,20,58,86,0,164,40,0,40,204
12/01/2020,BFI,WA,ANM,WE,Towers with Radar,42,44,52,1,139,0,19,184,5,208,42,63,236,6,347,148,0,148,495
12/02/2020,BFI,WA,ANM,WE,Towers with Radar,42,40,52,1,135,0,16,214,4,234,42,56,266,5,369,224,0,224,593
12/03/2020,BFI,WA,ANM,WE,Towers with Radar,37,46,37,1,121,0,9,179,2,190,37,55,216,3,311,208,0,208,519
12/04/2020,BFI,WA,ANM,WE,Towers with Radar,27,40,47,0,114,0,18,165,7,190,27,58,212,7,304,243,6,249,553
12/05/2020,BFI,WA,ANM,WE,Towers with Radar,11,31,38,0,80,0,13,243,0,256,11,44,281,0,336,258,0,258,594
12/06/2020,BFI,WA,ANM,WE,Towers with Radar,7,38,42,0,87,0,0,120,0,120,7,38,162,0,207,46,0,46,253
12/07/2020,BFI,WA,ANM,WE,Towers with Radar,21,39,38,0,98,0,7,116,2,125,21,46,154,2,223,78,0,78,301
12/08/2020,BFI,WA,ANM,WE,Towers with Radar,48,47,58,0,153,0,0,0,0,0,48,47,58,0,153,0,0,0,153
12/09/2020,BFI,WA,ANM,WE,Towers with Radar,31,48,62,1,142,0,3,62,2,67,31,51,124,3,209,122,0,122,331
12/10/2020,BFI,WA,ANM,WE,Towers with Radar,33,46,52,3,134,0,42,32,0,74,33,88,84,3,208,146,0,146,354
12/11/2020,BFI,WA,ANM,WE,Towers with Radar,20,46,58,5,129,0,6,91,2,99,20,52,149,7,228,228,0,228,456
12/12/2020,BFI,WA,ANM,WE,Towers with Radar,16,42,55,3,116,0,7,141,0,148,16,49,196,3,264,150,0,150,414
12/13/2020,BFI,WA,ANM,WE,Towers with Radar,7,44,45,2,98,0,4,48,0,52,7,48,93,2,150,112,0,112,262
12/14/2020,BFI,WA,ANM,WE,Towers with Radar,24,50,48,1,123,0,3,47,2,52,24,53,95,3,175,80,0,80,255
12/15/2020,BFI,WA,ANM,WE,Towers with Radar,45,48,29,0,122,0,3,21,4,28,45,51,50,4,150,85,0,85,235
12/16/2020,BFI,WA,ANM,WE,Towers with Radar,52,61,54,2,169,0,6,81,0,87,52,67,135,2,256,236,0,236,492
12/17/2020,BFI,WA,ANM,WE,Towers with Radar,50,54,80,0,184,0,23,106,0,129,50,77,186,0,313,118,0,118,431
12/18/2020,BFI,WA,ANM,WE,Towers with Radar,54,40,64,1,159,0,17,60,0,77,54,57,124,1,236,172,0,172,408
12/19/2020,BFI,WA,ANM,WE,Towers with Radar,48,50,61,0,159,0,3,63,0,66,48,53,124,0,225,98,0,98,323
12/20/2020,BFI,WA,ANM,WE,Towers with Radar,44,51,52,0,147,0,2,94,0,96,44,53,146,0,243,232,0,232,475
12/21/2020,BFI,WA,ANM,WE,Towers with Radar,60,45,48,0,153,0,0,2,0,2,60,45,50,0,155,4,0,4,159
12/22/2020,BFI,WA,ANM,WE,Towers with Radar,56,50,67,0,173,0,38,148,3,189,56,88,215,3,362,308,0,308,670
12/23/2020,BFI,WA,ANM,WE,Towers with Radar,53,56,82,0,191,0,16,181,2,199,53,72,263,2,390,148,0,148,538
12/24/2020,BFI,WA,ANM,WE,Towers with Radar,30,39,34,1,104,0,3,79,4,86,30,42,113,5,190,56,0,56,246
12/25/2020,BFI,WA,ANM,WE,Towers with Radar,0,19,17,0,36,0,2,6,0,8,0,21,23,0,44,2,0,2,46
12/26/2020,BFI,WA,ANM,WE,Towers with Radar,6,49,54,0,109,0,4,27,0,31,6,53,81,0,140,12,0,12,152
12/27/2020,BFI,WA,ANM,WE,Towers with Radar,13,31,70,0,114,0,3,90,0,93,13,34,160,0,207,80,0,80,287
12/28/2020,BFI,WA,ANM,WE,Towers with Radar,17,54,44,0,115,0,10,197,4,211,17,64,241,4,326,166,0,166,492
12/29/2020,BFI,WA,ANM,WE,Towers with Radar,37,68,54,0,159,0,5,140,6,151,37,73,194,6,310,234,0,234,544
12/30/2020,BFI,WA,ANM,WE,Towers with Radar,28,47,64,0,139,0,5,34,3,42,28,52,98,3,181,164,0,164,345
12/31/2020,BFI,WA,ANM,WE,Towers with Radar,19,48,57,0,124,0,1,44,0,45,19,49,101,0,169,36,0,36,205
01/01/2021,BFI,WA,ANM,WE,Towers with Radar,0,37,36,0,73,0,0,14,0,14,0,37,50,0,87,10,0,10,97
01/02/2021,BFI,WA,ANM,WE,Towers with Radar,5,46,45,0,96,0,4,10,0,14,5,50,55,0,110,10,0,10,120
01/03/2021,BFI,WA,ANM,WE,Towers with Radar,5,48,64,1,118,0,8,50,0,58,5,56,114,1,176,124,0,124,300
01/04/2021,BFI,WA,ANM,WE,Towers with Radar,15,58,57,1,131,0,9,43,2,54,15,67,100,3,185,60,0,60,245
01/05/2021,BFI,WA,ANM,WE,Towers with Radar,32,54,52,0,138,0,5,39,2,46,32,59,91,2,184,46,0,46,230
01/06/2021,BFI,WA,ANM,WE,Towers with Radar,28,46,70,1,145,0,11,116,6,133,28,57,186,7,278,214,0,214,492
01/07/2021,BFI,WA,ANM,WE,Towers with Radar,35,61,48,1,145,0,1,189,4,194,35,62,237,5,339,204,0,204,543
01/08/2021,BFI,WA,ANM,WE,Towers with Radar,25,44,48,0,117,0,2,21,0,23,25,46,69,0,140,38,0,38,178
01/09/2021,BFI,WA,ANM,WE,Towers with Radar,14,35,44,0,93,0,6,142,0,148,14,41,186,0,241,12,0,12,253
01/10/2021,BFI,WA,ANM,WE,Towers with Radar,4,42,55,1,102,0,2,122,0,124,4,44,177,1,226,262,0,262,488
01/11/2021,BFI,WA,ANM,WE,Towers with Radar,9,48,46,2,105,0,3,19,0,22,9,51,65,2,127,58,0,58,185
01/12/2021,BFI,WA,ANM,WE,Towers with Radar,33,53,55,0,141,0,8,7,0,15,33,61,62,0,156,26,0,26,182
01/13/2021,BFI,WA,ANM,WE,Towers with Radar,19,44,58,1,122,0,6,155,1,162,19,50,213,2,284,178,0,178,462
01/14/2021,BFI,WA,ANM,WE,Towers with Radar,26,55,75,4,160,0,12,200,1,213,26,67,275,5,373,158,0,158,531
01/15/2021,BFI,WA,ANM,WE,Towers with Radar,15,58,77,1,151,0,3,119,0,122,15,61,196,1,273,264,0,264,537
01/16/2021,BFI,WA,ANM,WE,Towers with Radar,7,37,54,1,99,0,2,140,0,142,7,39,194,1,241,148,0,148,389
01/17/2021,BFI,WA,ANM,WE,Towers with Radar,9,32,48,1,90,0,0,44,0,44,9,32,92,1,134,228,0,228,362
01/18/2021,BFI,WA,ANM,WE,Towers with Radar,17,39,76,0,132,0,15,145,0,160,17,54,221,0,292,262,0,262,554
01/19/2021,BFI,WA,ANM,WE,Towers with Radar,31,42,77,0,150,0,15,55,0,70,31,57,132,0,220,28,0,28,248
01/20/2021,BFI,WA,ANM,WE,Towers with Radar,29,36,61,0,126,0,6,120,0,126,29,42,181,0,252,176,0,176,428
01/21/2021,BFI,WA,ANM,WE,Towers with Radar,35,38,53,3,129,0,8,71,0,79,35,46,124,3,208,226,0,226,434
01/22/2021,BFI,WA,ANM,WE,Towers with Radar,26,45,67,0,138,0,12,254,1,267,26,57,321,1,405,154,0,154,559
01/23/2021,BFI,WA,ANM,WE,Towers with Radar,13,38,52,0,103,0,10,247,0,257,13,48,299,0,360,238,0,238,598
01/24/2021,BFI,WA,ANM,WE,Towers with Radar,8,38,38,0,84,0,0,57,0,57,8,38,95,0,141,154,0,154,295
01/25/2021,BFI,WA,ANM,WE,Towers with Radar,12,47,67,0,126,0,7,91,0,98,12,54,158,0,224,200,0,200,424
01/26/2021,BFI,WA,ANM,WE,Towers with Radar,32,43,49,2,126,0,14,92,0,106,32,57,141,2,232,114,0,114,346
01/27/2021,BFI,WA,ANM,WE,Towers with Radar,27,40,66,0,133,0,7,110,0,117,27,47,176,0,250,198,0,198,448
01/28/2021,BFI,WA,ANM,WE,Towers with Radar,29,43,48,2,122,0,12,85,0,97,29,55,133,2,219,150,0,150,369
01/29/2021,BFI,WA,ANM,WE,Towers with Radar,25,39,70,0,134,0,3,83,0,86,25,42,153,0,220,134,0,134,354
01/30/2021,BFI,WA,ANM,WE,Towers with Radar,4,44,57,0,105,0,4,137,2,143,4,48,194,2,248,237,0,237,485
01/31/2021,BFI,WA,ANM,WE,Towers with Radar,10,38,63,0,111,0,1,32,0,33,10,39,95,0,144,82,0,82,226
02/01/2021,BFI,WA,ANM,WE,Towers with Radar,15,32,42,2,91,0,1,43,0,44,15,33,85,2,135,92,0,92,227
02/02/2021,BFI,WA,ANM,WE,Towers with Radar,27,36,42,1,106,0,0,10,0,10,27,36,52,1,116,6,0,6,122
02/03/2021,BFI,WA,ANM,WE,Towers with Radar,27,35,59,1,122,0,6,158,0,164,27,41,217,1,286,240,0,240,526
02/04/2021,BFI,WA,ANM,WE,Towers with Radar,32,37,40,0,109,0,0,28,0,28,32,37,68,0,137,50,1,51,188
02/05/2021,BFI,WA,ANM,WE,Towers with Radar,21,51,60,3,135,0,4,85,0,89,21,55,145,3,224,132,0,132,356
02/06/2021,BFI,WA,ANM,WE,Towers with Radar,4,27,28,1,60,0,7,2,0,9,4,34,30,1,69,0,0,0,69
02/07/2021,BFI,WA,ANM,WE,Towers with Radar,3,39,45,0,87,0,4,121,0,125,3,43,166,0,212,140,0,140,352
02/08/2021,BFI,WA,ANM,WE,Towers with Radar,10,33,50,1,94,0,12,110,0,122,10,45,160,1,216,400,0,400,616
02/09/2021,BFI,WA,ANM,WE,Towers with Radar,31,49,68,2,150,0,12,167,0,179,31,61,235,2,329,234,0,234,563
02/10/2021,BFI,WA,ANM,WE,Towers with Radar,30,50,77,2,159,0,8,130,0,138,30,58,207,2,297,176,0,176,473
02/11/2021,BFI,WA,ANM,WE,Towers with Radar,26,48,54,0,128,0,7,42,0,49,26,55,96,0,177,94,0,94,271
02/12/2021,BFI,WA,ANM,WE,Towers with Radar,16,43,44,0,103,0,7,55,0,62,16,50,99,0,165,114,0,114,279
02/13/2021,BFI,WA,ANM,WE,Towers with Radar,4,29,25,0,58,0,0,0,0,0,4,29,25,0,58,0,0,0,58
02/14/2021,BFI,WA,ANM,WE,Towers with Radar,5,47,38,0,90,0,0,1,0,1,5,47,39,0,91,0,0,0,91
02/15/2021,BFI,WA,ANM,WE,Towers with Radar,9,55,67,1,132,0,0,3,0,3,9,55,70,1,135,6,0,6,141
02/16/2021,BFI,WA,ANM,WE,Towers with Radar,18,38,67,3,126,0,6,82,0,88,18,44,149,3,214,168,0,168,382
02/17/2021,BFI,WA,ANM,WE,Towers with Radar,24,63,81,0,168,0,7,217,3,227,24,70,298,3,395,356,0,356,751
02/18/2021,BFI,WA,ANM,WE,Towers with Radar,21,49,62,0,132,0,11,50,0,61,21,60,112,0,193,192,0,192,385
02/19/2021,BFI,WA,ANM,WE,Towers with Radar,18,55,65,0,138,0,7,95,0,102,18,62,160,0,240,60,0,60,300
02/20/2021,BFI,WA,ANM,WE,Towers with Radar,7,32,42,0,81,0,8,167,1,176,7,40,209,1,257,224,0,224,481
02/21/2021,BFI,WA,ANM,WE,Towers with Radar,10,57,65,1,133,0,2,31,0,33,10,59,96,1,166,44,0,44,210
02/22/2021,BFI,WA,ANM,WE,Towers with Radar,9,42,34,1,86,0,1,1,0,2,9,43,35,1,88,0,0,0,88
02/23/2021,BFI,WA,ANM,WE,Towers with Radar,26,35,60,0,121,0,11,84,0,95,26,46,144,0,216,190,0,190,406
02/24/2021,BFI,WA,ANM,WE,Towers with Radar,26,50,78,2,156,0,16,227,0,243,26,66,305,2,399,256,0,256,655
02/25/2021,BFI,WA,ANM,WE,Towers with Radar,20,64,62,3,149,0,10,38,0,48,20,74,100,3,197,26,0,26,223
02/26/2021,BFI,WA,ANM,WE,Towers with Radar,16,62,64,3,145,0,7,116,0,123,16,69,180,3,268,68,0,68,336
02/27/2021,BFI,WA,ANM,WE,Towers with Radar,7,35,51,0,93,0,13,223,0,236,7,48,274,0,329,272,0,272,601
02/28/2021,BFI,WA,ANM,WE,Towers with Radar,7,50,51,2,110,0,1,75,1,77,7,51,126,3,187,298,0,298,485
03/01/2021,BFI,WA,ANM,WE,Towers with Radar,17,49,48,4,118,0,18,148,0,166,17,67,196,4,284,168,8,176,460
03/02/2021,BFI,WA,ANM,WE,Towers with Radar,28,41,65,5,139,0,13,66,0,79,28,54,131,5,218,174,0,174,392
03/03/2021,BFI,WA,ANM,WE,Towers with Radar,25,46,61,7,139,0,11,208,1,220,25,57,269,8,359,142,0,142,501
03/04/2021,BFI,WA,ANM,WE,Towers with Radar,25,42,67,0,134,0,10,106,2,118,25,52,173,2,252,202,6,208,460
03/05/2021,BFI,WA,ANM,WE,Towers with Radar,23,54,51,1,129,0,5,41,0,46,23,59,92,1,175,78,0,78,253
03/06/2021,BFI,WA,ANM,WE,Towers with Radar,4,36,51,1,92,0,8,99,0,107,4,44,150,1,199,78,0,78,277
03/07/2021,BFI,WA,ANM,WE,Towers with Radar,5,48,46,1,100,0,3,20,2,25,5,51,66,3,125,8,0,8,133
03/08/2021,BFI,WA,ANM,WE,Towers with Radar,9,36,60,1,106,0,11,180,0,191,9,47,240,1,297,208,0,208,505
03/09/2021,BFI,WA,ANM,WE,Towers with Radar,23,50,51,0,124,0,17,161,2,180,23,67,212,2,304,144,4,148,452
03/10/2021,BFI,WA,ANM,WE,Towers with Radar,26,59,82,0,167,0,11,186,0,197,26,70,268,0,364,210,0,210,574
03/11/2021,BFI,WA,ANM,WE,Towers with Radar,33,31,75,1,140,0,19,237,1,257,33,50,312,2,397,140,0,140,537
03/12/2021,BFI,WA,ANM,WE,Towers with Radar,22,49,72,1,144,0,17,232,0,249,22,66,304,1,393,126,0,126,519
03/13/2021,BFI,WA,ANM,WE,Towers with Radar,3,40,50,1,94,0,30,240,0,270,3,70,290,1,364,184,0,184,548
03/14/2021,BFI,WA,ANM,WE,Towers with Radar,6,44,76,0,126,0,21,60,0,81,6,65,136,0,207,156,0,156,363
03/15/2021,BFI,WA,ANM,WE,Towers with Radar,7,48,52,5,112,0,19,133,1,153,7,67,185,6,265,164,0,164,429
03/16/2021,BFI,WA,ANM,WE,Towers with Radar,26,32,54,6,118,0,17,197,0,214,26,49,251,6,332,182,0,182,514
03/17/2021,BFI,WA,ANM,WE,Towers with Radar,23,59,66,4,152,0,14,265,1,280,23,73,331,5,432,237,2,239,671
03/18/2021,BFI,WA,ANM,WE,Towers with Radar,21,51,61,5,138,0,12,97,0,109,21,63,158,5,247,164,0,164,411
03/19/2021,BFI,WA,ANM,WE,Towers with Radar,23,49,61,0,133,0,8,106,0,114,23,57,167,0,247,86,0,86,333
03/20/2021,BFI,WA,ANM,WE,Towers with Radar,8,40,64,0,112,0,7,51,0,58,8,47,115,0,170,228,0,228,398
03/21/2021,BFI,WA,ANM,WE,Towers with Radar,6,42,69,0,117,0,3,42,0,45,6,45,111,0,162,36,0,36,198
03/22/2021,BFI,WA,ANM,WE,Towers with Radar,17,37,51,3,108,0,13,67,0,80,17,50,118,3,188,120,0,120,308
03/23/2021,BFI,WA,ANM,WE,Towers with Radar,26,47,57,7,137,0,19,184,2,205,26,66,241,9,342,254,2,256,598
03/24/2021,BFI,WA,ANM,WE,Towers with Radar,21,46,76,2,145,0,9,16,0,25,21,55,92,2,170,4,0,4,174
03/25/2021,BFI,WA,ANM,WE,Towers with Radar,32,55,73,9,169,0,10,119,0,129,32,65,192,9,298,318,0,318,616
03/26/2021,BFI,WA,ANM,WE,Towers with Radar,26,39,75,5,145,0,11,198,0,209,26,50,273,5,354,344,0,344,698
03/27/2021,BFI,WA,ANM,WE,Towers with Radar,6,41,72,0,119,0,17,214,0,231,6,58,286,0,350,310,0,310,660
03/28/2021,BFI,WA,ANM,WE,Towers with Radar,8,62,54,1,125,0,5,9,2,16,8,67,63,3,141,0,0,0,141
03/29/2021,BFI,WA,ANM,WE,Towers with Radar,13,49,53,1,116,0,6,139,0,145,13,55,192,1,261,188,0,188,449
03/30/2021,BFI,WA,ANM,WE,Towers with Radar,26,47,62,1,136,0,13,165,0,178,26,60,227,1,314,240,0,240,554
03/31/2021,BFI,WA,ANM,WE,Towers with Radar,28,41,60,1,130,0,16,204,0,220,28,57,264,1,350,136,0,136,486
04/01/2021,BFI,WA,ANM,WE,Towers with Radar,30,58,63,5,156,0,15,156,0,171,30,73,219,5,327,128,0,128,455
04/02/2021,BFI,WA,ANM,WE,Towers with Radar,27,65,64,3,159,0,9,171,0,180,27,74,235,3,339,146,0,146,485
04/03/2021,BFI,WA,ANM,WE,Towers with Radar,5,41,68,1,115,0,16,207,0,223,5,57,275,1,338,88,0,88,426
04/04/2021,BFI,WA,ANM,WE,Towers with Radar,6,40,51,0,97,0,22,84,1,107,6,62,135,1,204,132,0,132,336
04/05/2021,BFI,WA,ANM,WE,Towers with Radar,13,55,64,2,134,0,25,206,1,232,13,80,270,3,366,78,0,78,444
04/06/2021,BFI,WA,ANM,WE,Towers with Radar,32,49,69,2,152,0,27,205,0,232,32,76,274,2,384,114,0,114,498
04/07/2021,BFI,WA,ANM,WE,Towers with Radar,30,62,74,1,167,0,7,45,2,54,30,69,119,3,221,16,0,16,237
04/08/2021,BFI,WA,ANM,WE,Towers with Radar,24,52,65,0,141,0,11,190,0,201,24,63,255,0,342,253,0,253,595
04/09/2021,BFI,WA,ANM,WE,Towers with Radar,20,49,72,1,142,0,6,107,0,113,20,55,179,1,255,178,0,178,433
04/10/2021,BFI,WA,ANM,WE,Towers with Radar,9,63,51,1,124,0,7,154,0,161,9,70,205,1,285,141,0,141,426
04/11/2021,BFI,WA,ANM,WE,Towers with Radar,7,38,83,2,130,0,18,274,5,297,7,56,357,7,427,150,0,150,577
04/12/2021,BFI,WA,ANM,WE,Towers with Radar,7,43,49,2,101,0,26,175,5,206,7,69,224,7,307,138,0,138,445
04/13/2021,BFI,WA,ANM,WE,Towers with Radar,27,52,54,0,133,0,26,157,0,183,27,78,211,0,316,76,0,76,392
04/14/2021,BFI,WA,ANM,WE,Towers with Radar,24,41,61,0,126,0,28,188,0,216,24,69,249,0,342,180,12,192,534
04/15/2021,BFI,WA,ANM,WE,Towers with Radar,31,49,86,0,166,0,39,270,0,309,31,88,356,0,475,268,0,268,743
04/16/2021,BFI,WA,ANM,WE,Towers with Radar,16,35,47,3,101,0,11,225,1,237,16,46,272,4,338,204,0,204,542
04/17/2021,BFI,WA,ANM,WE,Towers with Radar,5,40,58,1,104,0,24,299,2,325,5,64,357,3,429,106,0,106,535
04/18/2021,BFI,WA,ANM,WE,Towers with Radar,8,47,66,0,121,0,27,322,3,352,8,74,388,3,473,108,0,108,581
04/19/2021,BFI,WA,ANM,WE,Towers with Radar,14,39,72,1,126,0,19,174,0,193,14,58,246,1,319,164,0,164,483
04/20/2021,BFI,WA,ANM,WE,Towers with Radar,23,48,45,3,119,0,18,227,2,247,23,66,272,5,366,122,4,126,492
04/21/2021,BFI,WA,ANM,WE,Towers with Radar,18,49,74,1,142,0,23,279,1,303,18,72,353,2,445,240,2,242,687
04/22/2021,BFI,WA,ANM,WE,Towers with Radar,18,56,77,2,153,0,21,164,0,185,18,77,241,2,338,388,0,388,726
04/23/2021,BFI,WA,ANM,WE,Towers with Radar,20,48,67,0,135,0,16,174,1,191,20,64,241,1,326,316,0,316,642
04/24/2021,BFI,WA,ANM,WE,Towers with Radar,8,44,48,1,101,0,10,33,0,43,8,54,81,1,144,150,0,150,294
04/25/2021,BFI,WA,ANM,WE,Towers with Radar,8,58,73,4,143,0,9,112,0,121,8,67,185,4,264,262,0,262,526
04/26/2021,BFI,WA,ANM,WE,Towers with Radar,9,41,77,0,127,0,14,153,1,168,9,55,230,1,295,204,0,204,499
04/27/2021,BFI,WA,ANM,WE,Towers with Radar,20,64,67,2,153,0,29,143,2,174,20,93,210,4,327,180,0,180,507
04/28/2021,BFI,WA,ANM,WE,Towers with Radar,16,38,75,5,134,0,16,206,1,223,16,54,281,6,357,198,0,198,555
04/29/2021,BFI,WA,ANM,WE,Towers with Radar,22,46,79,2,149,0,29,180,1,210,22,75,259,3,359,234,0,234,593
04/30/2021,BFI,WA,ANM,WE,Towers with Radar,23,48,73,1,145,0,22,40,0,62,23,70,113,1,207,30,0,30,237
05/01/2021,BFI,WA,ANM,WE,Towers with Radar,4,37,70,0,111,0,15,127,0,142,4,52,197,0,253,176,0,176,429
05/02/2021,BFI,WA,ANM,WE,Towers with Radar,12,40,75,2,129,0,19,213,0,232,12,59,288,2,361,102,0,102,463
05/03/2021,BFI,WA,ANM,WE,Towers with Radar,11,50,66,2,129,0,8,117,2,127,11,58,183,4,256,188,2,190,446
05/04/2021,BFI,WA,ANM,WE,Towers with Radar,25,50,70,2,147,0,17,136,0,153,25,67,206,2,300,162,0,162,462
05/05/2021,BFI,WA,ANM,WE,Towers with Radar,32,43,87,1,163,0,38,163,1,202,32,81,250,2,365,110,0,110,475
05/06/2021,BFI,WA,ANM,WE,Towers with Radar,33,42,71,0,146,0,31,142,0,173,33,73,213,0,319,186,0,186,505
05/07/2021,BFI,WA,ANM,WE,Towers with Radar,18,54,81,3,156,0,12,135,0,147,18,66,216,3,303,188,0,188,491
05/08/2021,BFI,WA,ANM,WE,Towers with Radar,7,41,73,4,125,0,11,177,0,188,7,52,250,4,313,234,0,234,547
05/09/2021,BFI,WA,ANM,WE,Towers with Radar,4,34,56,1,95,0,9,147,0,156,4,43,203,1,251,112,0,112,363
05/10/2021,BFI,WA,ANM,WE,Towers with Radar,9,56,74,4,143,0,25,198,0,223,9,81,272,4,366,92,0,92,458
05/11/2021,BFI,WA,ANM,WE,Towers with Radar,27,33,66,1,127,0,17,176,0,193,27,50,242,1,320,234,0,234,554
05/12/2021,BFI,WA,ANM,WE,Towers with Radar,34,40,75,0,149,0,15,236,0,251,34,55,311,0,400,226,0,226,626
05/13/2021,BFI,WA,ANM,WE,Towers with Radar,28,49,71,4,152,0,20,229,0,249,28,69,300,4,401,163,0,163,564
05/14/2021,BFI,WA,ANM,WE,Towers with Radar,23,45,77,2,147,0,28,217,0,245,23,73,294,2,392,114,16,130,522
05/15/2021,BFI,WA,ANM,WE,Towers with Radar,8,37,40,1,86,0,15,237,0,252,8,52,277,1,338,130,1,131,469
05/16/2021,BFI,WA,ANM,WE,Towers with Radar,10,41,59,3,113,0,20,234,4,258,10,61,293,7,371,126,0,126,497
05/17/2021,BFI,WA,ANM,WE,Towers with Radar,13,56,83,2,154,0,11,54,0,65,13,67,137,2,219,76,0,76,295
05/18/2021,BFI,WA,ANM,WE,Towers with Radar,27,52,60,0,139,0,14,66,0,80,27,66,126,0,219,32,0,32,251
05/19/2021,BFI,WA,ANM,WE,Towers with Radar,22,45,94,0,161,0,10,137,0,147,22,55,231,0,308,174,0,174,482
05/20/2021,BFI,WA,ANM,WE,Towers with Radar,32,64,79,1,176,1,6,155,0,162,33,70,234,1,338,272,0,272,610
05/21/2021,BFI,WA,ANM,WE,Towers with Radar,27,65,104,4,200,0,22,179,0,201,27,87,283,4,401,259,0,259,660
05/22/2021,BFI,WA,ANM,WE,Towers with Radar,5,40,77,2,124,0,27,110,2,139,5,67,187,4,263,170,3,173,436
05/23/2021,BFI,WA,ANM,WE,Towers with Radar,10,65,80,1,156,0,6,66,0,72,10,71,146,1,228,46,0,46,274
05/24/2021,BFI,WA,ANM,WE,Towers with Radar,12,59,78,2,151,0,20,27,0,47,12,79,105,2,198,59,0,59,257
05/25/2021,BFI,WA,ANM,WE,Towers with Radar,32,50,78,1,161,0,11,114,1,126,32,61,192,2,287,328,0,328,615
05/26/2021,BFI,WA,ANM,WE,Towers with Radar,27,72,78,2,179,0,13,216,2,231,27,85,294,4,410,242,0,242,652
05/27/2021,BFI,WA,ANM,WE,Towers with Radar,26,75,69,0,170,0,5,14,0,19,26,80,83,0,189,12,0,12,201
05/28/2021,BFI,WA,ANM,WE,Towers with Radar,25,54,91,0,170,0,15,214,0,229,25,69,305,0,399,294,0,294,693
05/29/2021,BFI,WA,ANM,WE,Towers with Radar,8,30,45,0,83,0,17,213,2,232,8,47,258,2,315,204,0,204,519
05/30/2021,BFI,WA,ANM,WE,Towers with Radar,14,40,41,0,95,0,24,216,4,244,14,64,257,4,339,66,0,66,405
05/31/2021,BFI,WA,ANM,WE,Towers with Radar,1,66,77,0,144,0,36,243,0,279,1,102,320,0,423,128,2,130,553
06/01/2021,BFI,WA,ANM,WE,Towers with Radar,23,38,79,2,142,0,29,184,1,214,23,67,263,3,356,201,0,201,557
06/02/2021,BFI,WA,ANM,WE,Towers with Radar,42,46,70,3,161,0,19,180,4,203,42,65,250,7,364,142,2,144,508
06/03/2021,BFI,WA,ANM,WE,Towers with Radar,32,54,95,1,182,0,35,184,1,220,32,89,279,2,402,344,2,346,748
06/04/2021,BFI,WA,ANM,WE,Towers with Radar,25,63,71,2,161,0,16,154,0,170,25,79,225,2,331,264,0,264,595
06/05/2021,BFI,WA,ANM,WE,Towers with Radar,10,51,48,0,109,0,6,53,0,59,10,57,101,0,168,4,0,4,172
06/06/2021,BFI,WA,ANM,WE,Towers with Radar,4,46,71,1,122,0,8,70,1,79,4,54,141,2,201,220,0,220,421
06/07/2021,BFI,WA,ANM,WE,Towers with Radar,15,67,87,3,172,0,16,170,0,186,15,83,257,3,358,298,0,298,656
06/08/2021,BFI,WA,ANM,WE,Towers with Radar,41,60,60,1,162,0,21,177,0,198,41,81,237,1,360,185,0,185,545
06/09/2021,BFI,WA,ANM,WE,Towers with Radar,32,66,108,0,206,0,22,247,0,269,32,88,355,0,475,256,0,256,731
06/10/2021,BFI,WA,ANM,WE,Towers with Radar,31,81,85,2,199,0,32,184,0,216,31,113,269,2,415,254,0,254,669
06/11/2021,BFI,WA,ANM,WE,Towers with Radar,21,54,73,2,150,0,24,100,0,124,21,78,173,2,274,272,0,272,546
06/12/2021,BFI,WA,ANM,WE,Towers with Radar,10,46,71,0,127,0,28,262,0,290,10,74,333,0,417,250,0,250,667
06/13/2021,BFI,WA,ANM,WE,Towers with Radar,7,57,81,0,145,0,5,45,0,50,7,62,126,0,195,124,0,124,319
06/14/2021,BFI,WA,ANM,WE,Towers with Radar,20,66,59,1,146,0,11,101,4,116,20,77,160,5,262,62,0,62,324
06/15/2021,BFI,WA,ANM,WE,Towers with Radar,26,45,80,1,152,0,24,97,0,121,26,69,177,1,273,152,0,152,425
06/16/2021,BFI,WA,ANM,WE,Towers with Radar,32,72,85,3,192,0,16,209,0,225,32,88,294,3,417,206,0,206,623
06/17/2021,BFI,WA,ANM,WE,Towers with Radar,24,56,84,2,166,0,26,268,2,296,24,82,352,4,462,197,0,197,659
06/18/2021,BFI,WA,ANM,WE,Towers with Radar,26,53,69,1,149,0,30,266,2,298,26,83,335,3,447,144,0,144,591
06/19/2021,BFI,WA,ANM,WE,Towers with Radar,11,46,70,0,127,0,37,198,0,235,11,83,268,0,362,158,0,158,520
06/20/2021,BFI,WA,ANM,WE,Towers with Radar,3,36,52,0,91,0,34,236,0,270,3,70,288,0,361,70,0,70,431
06/21/2021,BFI,WA,ANM,WE,Towers with Radar,13,56,71,2,142,0,32,164,0,196,13,88,235,2,338,271,0,271,609
06/22/2021,BFI,WA,ANM,WE,Towers with Radar,35,46,81,0,162,0,28,174,4,206,35,74,255,4,368,102,0,102,470
06/23/2021,BFI,WA,ANM,WE,Towers with Radar,33,59,94,3,189,0,26,198,0,224,33,85,292,3,413,76,0,76,489
06/24/2021,BFI,WA,ANM,WE,Towers with Radar,34,58,77,4,173,0,41,236,1,278,34,99,313,5,451,108,0,108,559
06/25/2021,BFI,WA,ANM,WE,Towers with Radar,31,55,60,1,147,0,39,224,2,265,31,94,284,3,412,170,4,174,586
06/26/2021,BFI,WA,ANM,WE,Towers with Radar,13,37,61,2,113,0,38,226,4,268,13,75,287,6,381,162,0,162,543
06/27/2021,BFI,WA,ANM,WE,Towers with Radar,8,47,63,1,119,0,34,182,0,216,8,81,245,1,335,82,6,88,423
06/28/2021,BFI,WA,ANM,WE,Towers with Radar,13,43,53,2,111,0,27,91,0,118,13,70,144,2,229,46,0,46,275
06/29/2021,BFI,WA,ANM,WE,Towers with Radar,37,38,84,0,159,0,31,199,0,230,37,69,283,0,389,90,0,90,479
06/30/2021,BFI,WA,ANM,WE,Towers with Radar,26,64,141,2,233,0,49,257,1,307,26,113,398,3,540,386,6,392,932
07/01/2021,BFI,WA,ANM,WE,Towers with Radar,32,80,116,3,231,0,21,202,3,226,32,101,318,6,457,332,4,336,793
07/02/2021,BFI,WA,ANM,WE,Towers with Radar,22,61,96,2,181,0,26,225,0,251,22,87,321,2,432,273,0,273,705
07/03/2021,BFI,WA,ANM,WE,Towers with Radar,11,37,58,1,107,0,34,215,0,249,11,71,273,1,356,222,0,222,578
07/04/2021,BFI,WA,ANM,WE,Towers with Radar,5,37,27,1,70,0,12,90,4,106,5,49,117,5,176,4,0,4,180
07/05/2021,BFI,WA,ANM,WE,Towers with Radar,6,67,101,0,174,0,24,209,0,233,6,91,310,0,407,110,0,110,517
07/06/2021,BFI,WA,ANM,WE,Towers with Radar,15,90,113,1,219,0,16,183,0,199,15,106,296,1,418,94,0,94,512
07/07/2021,BFI,WA,ANM,WE,Towers with Radar,35,72,90,1,198,0,23,98,1,122,35,95,188,2,320,128,0,128,448
07/08/2021,BFI,WA,ANM,WE,Towers with Radar,29,68,90,1,188,0,27,217,0,244,29,95,307,1,432,216,0,216,648
07/09/2021,BFI,WA,ANM,WE,Towers with Radar,30,71,70,3,174,0,27,237,0,264,30,98,307,3,438,212,0,212,650
07/10/2021,BFI,WA,ANM,WE,Towers with Radar,8,56,61,1,126,0,58,251,1,310,8,114,312,2,436,258,0,258,694
07/11/2021,BFI,WA,ANM,WE,Towers with Radar,5,43,85,0,133,0,32,228,0,260,5,75,313,0,393,88,0,88,481
07/12/2021,BFI,WA,ANM,WE,Towers with Radar,16,61,82,0,159,0,22,238,0,260,16,83,320,0,419,290,0,290,709
07/13/2021,BFI,WA,ANM,WE,Towers with Radar,28,61,92,4,185,0,20,134,1,155,28,81,226,5,340,286,0,286,626
07/14/2021,BFI,WA,ANM,WE,Towers with Radar,28,78,100,5,211,0,22,169,0,191,28,100,269,5,402,196,0,196,598
07/15/2021,BFI,WA,ANM,WE,Towers with Radar,31,77,104,6,218,0,14,143,4,161,31,91,247,10,379,218,0,218,597
07/16/2021,BFI,WA,ANM,WE,Towers with Radar,28,67,126,1,222,0,16,136,0,152,28,83,262,1,374,256,0,256,630
07/17/2021,BFI,WA,ANM,WE,Towers with Radar,8,47,80,1,136,0,23,227,0,250,8,70,307,1,386,194,0,194,580
07/18/2021,BFI,WA,ANM,WE,Towers with Radar,10,60,104,0,174,0,39,326,0,365,10,99,430,0,539,292,0,292,831
07/19/2021,BFI,WA,ANM,WE,Towers with Radar,17,54,63,0,134,0,26,261,1,288,17,80,324,1,422,331,0,331,753
07/20/2021,BFI,WA,ANM,WE,Towers with Radar,35,75,90,2,202,0,30,145,1,176,35,105,235,3,378,344,0,344,722
07/21/2021,BFI,WA,ANM,WE,Towers with Radar,27,63,111,0,201,0,28,230,1,259,27,91,341,1,460,346,6,352,812
07/22/2021,BFI,WA,ANM,WE,Towers with Radar,28,75,95,0,198,0,44,257,0,301,28,119,352,0,499,194,0,194,693
07/23/2021,BFI,WA,ANM,WE,Towers with Radar,25,74,84,0,183,0,63,293,2,358,25,137,377,2,541,188,0,188,729
07/24/2021,BFI,WA,ANM,WE,Towers with Radar,9,46,70,1,126,0,53,368,0,421,9,99,438,1,547,136,0,136,683
07/25/2021,BFI,WA,ANM,WE,Towers with Radar,13,65,99,1,178,0,56,298,4,358,13,121,397,5,536,80,0,80,616
07/26/2021,BFI,WA,ANM,WE,Towers with Radar,23,65,75,0,163,0,59,197,0,256,23,124,272,0,419,148,0,148,567
07/27/2021,BFI,WA,ANM,WE,Towers with Radar,27,46,79,0,152,0,45,214,0,259,27,91,293,0,411,150,2,152,563
07/28/2021,BFI,WA,ANM,WE,Towers with Radar,35,55,97,0,187,0,33,249,1,283,35,88,346,1,470,108,0,108,578
07/29/2021,BFI,WA,ANM,WE,Towers with Radar,34,49,102,1,186,0,55,224,0,279,34,104,326,1,465,170,0,170,635
07/30/2021,BFI,WA,ANM,WE,Towers with Radar,22,63,65,4,154,0,43,259,2,304,22,106,324,6,458,198,16,214,672
07/31/2021,BFI,WA,ANM,WE,Towers with Radar,6,58,59,1,124,0,29,232,0,261,6,87,291,1,385,264,0,264,649
08/01/2021,BFI,WA,ANM,WE,Towers with Radar,6,60,106,1,173,0,30,196,0,226,6,90,302,1,399,224,0,224,623
08/02/2021,BFI,WA,ANM,WE,Towers with Radar,27,66,85,0,178,0,29,131,0,160,27,95,216,0,338,158,0,158,496
08/03/2021,BFI,WA,ANM,WE,Towers with Radar,36,48,57,4,145,0,27,174,2,203,36,75,231,6,348,160,0,160,508
08/04/2021,BFI,WA,ANM,WE,Towers with Radar,45,48,108,4,205,0,47,230,0,277,45,95,338,4,482,174,0,174,656
08/05/2021,BFI,WA,ANM,WE,Towers with Radar,32,79,94,0,205,0,26,251,1,278,32,105,345,1,483,214,0,214,697
08/06/2021,BFI,WA,ANM,WE,Towers with Radar,22,81,128,1,232,0,25,110,0,135,22,106,238,1,367,140,0,140,507
08/07/2021,BFI,WA,ANM,WE,Towers with Radar,10,60,67,1,138,0,18,73,0,91,10,78,140,1,229,80,0,80,309
08/08/2021,BFI,WA,ANM,WE,Towers with Radar,10,74,103,1,188,0,28,178,1,207,10,102,281,2,395,242,0,242,637
08/09/2021,BFI,WA,ANM,WE,Towers with Radar,12,82,98,0,192,0,33,211,0,244,12,115,309,0,436,100,0,100,536
08/10/2021,BFI,WA,ANM,WE,Towers with Radar,31,60,88,0,179,1,44,175,0,220,32,104,263,0,399,130,0,130,529
08/11/2021,BFI,WA,ANM,WE,Towers with Radar,26,69,85,6,186,1,61,182,0,244,27,130,267,6,430,236,0,236,666
08/12/2021,BFI,WA,ANM,WE,Towers with Radar,26,72,103,0,201,0,46,221,0,267,26,118,324,0,468,182,0,182,650
08/13/2021,BFI,WA,ANM,WE,Towers with Radar,25,77,101,0,203,1,59,86,2,148,26,136,187,2,351,182,0,182,533
08/14/2021,BFI,WA,ANM,WE,Towers with Radar,8,58,97,0,163,0,36,138,0,174,8,94,235,0,337,158,0,158,495
08/15/2021,BFI,WA,ANM,WE,Towers with Radar,13,53,94,3,163,0,50,132,2,184,13,103,226,5,347,88,0,88,435
08/16/2021,BFI,WA,ANM,WE,Towers with Radar,20,64,103,5,192,0,12,76,0,88,20,76,179,5,280,136,0,136,416
08/17/2021,BFI,WA,ANM,WE,Towers with Radar,24,72,96,0,192,0,33,111,0,144,24,105,207,0,336,266,0,266,602
08/18/2021,BFI,WA,ANM,WE,Towers with Radar,25,67,90,4,186,0,44,175,1,220,25,111,265,5,406,145,0,145,551
08/19/2021,BFI,WA,ANM,WE,Towers with Radar,26,59,114,1,200,0,52,239,1,292,26,111,353,2,492,170,0,170,662
08/20/2021,BFI,WA,ANM,WE,Towers with Radar,28,62,112,0,202,0,31,137,0,168,28,93,249,0,370,128,0,128,498
08/21/2021,BFI,WA,ANM,WE,Towers with Radar,7,59,101,3,170,0,26,150,0,176,7,85,251,3,346,186,0,186,532
08/22/2021,BFI,WA,ANM,WE,Towers with Radar,9,70,125,1,205,0,7,194,0,201,9,77,319,1,406,172,0,172,578
08/23/2021,BFI,WA,ANM,WE,Towers with Radar,24,55,75,0,154,0,27,168,0,195,24,82,243,0,349,186,0,186,535
08/24/2021,BFI,WA,ANM,WE,Towers with Radar,34,50,89,2,175,0,57,260,1,318,34,107,349,3,493,214,0,214,707
08/25/2021,BFI,WA,ANM,WE,Towers with Radar,26,53,98,0,177,0,36,286,0,322,26,89,384,0,499,308,0,308,807
08/26/2021,BFI,WA,ANM,WE,Towers with Radar,28,100,106,0,234,0,29,131,1,161,28,129,237,1,395,200,0,200,595
08/27/2021,BFI,WA,ANM,WE,Towers with Radar,25,68,111,0,204,0,31,164,1,196,25,99,275,1,400,248,0,248,648
08/28/2021,BFI,WA,ANM,WE,Towers with Radar,10,44,77,1,132,0,33,285,0,318,10,77,362,1,450,22,0,22,472
08/29/2021,BFI,WA,ANM,WE,Towers with Radar,11,75,97,1,184,0,41,299,1,341,11,116,396,2,525,140,0,140,665
08/30/2021,BFI,WA,ANM,WE,Towers with Radar,11,64,90,4,169,0,29,153,1,183,11,93,243,5,352,164,0,164,516
08/31/2021,BFI,WA,ANM,WE,Towers with Radar,33,66,91,3,193,0,36,149,0,185,33,102,240,3,378,136,0,136,514
09/01/2021,BFI,WA,ANM,WE,Towers with Radar,29,70,89,2,190,0,19,245,0,264,29,89,334,2,454,122,0,122,576
09/02/2021,BFI,WA,ANM,WE,Towers with Radar,29,58,111,0,198,0,27,251,0,278,29,85,362,0,476,244,0,244,720
09/03/2021,BFI,WA,ANM,WE,Towers with Radar,29,70,82,0,181,0,28,300,1,329,29,98,382,1,510,244,2,246,756
09/04/2021,BFI,WA,ANM,WE,Towers with Radar,6,44,50,0,100,0,32,192,2,226,6,76,242,2,326,186,0,186,512
09/05/2021,BFI,WA,ANM,WE,Towers with Radar,6,58,72,1,137,0,33,162,2,197,6,91,234,3,334,204,0,204,538
09/06/2021,BFI,WA,ANM,WE,Towers with Radar,3,64,110,0,177,0,34,182,0,216,3,98,292,0,393,96,0,96,489
09/07/2021,BFI,WA,ANM,WE,Towers with Radar,18,57,91,0,166,0,24,182,0,206,18,81,273,0,372,168,0,168,540
09/08/2021,BFI,WA,ANM,WE,Towers with Radar,37,65,88,0,190,0,40,165,1,206,37,105,253,1,396,182,0,182,578
09/09/2021,BFI,WA,ANM,WE,Towers with Radar,28,60,91,2,181,0,37,233,0,270,28,97,324,2,451,282,0,282,733
09/10/2021,BFI,WA,ANM,WE,Towers with Radar,22,94,119,0,235,0,13,121,0,134,22,107,240,0,369,312,0,312,681
09/11/2021,BFI,WA,ANM,WE,Towers with Radar,11,68,89,0,168,0,39,233,2,274,11,107,322,2,442,168,0,168,610
09/12/2021,BFI,WA,ANM,WE,Towers with Radar,10,60,109,1,180,0,28,108,1,137,10,88,217,2,317,0,0,0,317
09/13/2021,BFI,WA,ANM,WE,Towers with Radar,21,46,70,1,138,0,35,203,1,239,21,81,273,2,377,178,0,178,555
09/14/2021,BFI,WA,ANM,WE,Towers with Radar,40,67,62,4,173,0,37,160,0,197,40,104,222,4,370,198,0,198,568
09/15/2021,BFI,WA,ANM,WE,Towers with Radar,34,78,100,3,215,0,34,201,0,235,34,112,301,3,450,92,0,92,542
09/16/2021,BFI,WA,ANM,WE,Towers with Radar,32,52,87,1,172,0,36,267,2,305,32,88,354,3,477,221,0,221,698
09/17/2021,BFI,WA,ANM,WE,Towers with Radar,32,55,72,1,160,0,15,65,0,80,32,70,137,1,240,186,0,186,426
09/18/2021,BFI,WA,ANM,WE,Towers with Radar,7,67,60,1,135,0,23,67,0,90,7,90,127,1,225,36,0,36,261
09/19/2021,BFI,WA,ANM,WE,Towers with Radar,9,99,101,0,209,0,20,52,3,75,9,119,153,3,284,22,0,22,306
09/20/2021,BFI,WA,ANM,WE,Towers with Radar,18,60,71,3,152,0,23,152,0,175,18,83,223,3,327,326,2,328,655
09/21/2021,BFI,WA,ANM,WE,Towers with Radar,35,50,66,1,152,0,44,193,0,237,35,94,259,1,389,264,0,264,653
09/22/2021,BFI,WA,ANM,WE,Towers with Radar,30,67,70,1,168,0,53,173,0,226,30,120,243,1,394,284,0,284,678
09/23/2021,BFI,WA,ANM,WE,Towers with Radar,32,95,112,0,239,0,26,180,0,206,32,121,292,0,445,226,0,226,671
09/24/2021,BFI,WA,ANM,WE,Towers with Radar,39,75,81,0,195,0,32,202,1,235,39,107,283,1,430,174,0,174,604
09/25/2021,BFI,WA,ANM,WE,Towers with Radar,10,44,80,0,134,0,31,299,1,331,10,75,379,1,465,178,0,178,643
09/26/2021,BFI,WA,ANM,WE,Towers with Radar,14,78,105,0,197,0,12,92,0,104,14,90,197,0,301,184,0,184,485
09/27/2021,BFI,WA,ANM,WE,Towers with Radar,20,68,101,1,190,0,17,58,0,75,20,85,159,1,265,96,0,96,361
09/28/2021,BFI,WA,ANM,WE,Towers with Radar,30,75,106,2,213,0,15,72,0,87,30,90,178,2,300,199,0,199,499
09/29/2021,BFI,WA,ANM,WE,Towers with Radar,30,86,91,0,207,0,22,95,0,117,30,108,186,0,324,333,0,333,657
09/30/2021,BFI,WA,ANM,WE,Towers with Radar,39,71,104,1,215,0,7,35,0,42,39,78,139,1,257,54,2,56,313
10/01/2021,BFI,WA,ANM,WE,Towers with Radar,22,53,96,0,171,0,18,242,0,260,22,71,338,0,431,254,0,254,685
10/02/2021,BFI,WA,ANM,WE,Towers with Radar,12,60,72,0,144,0,24,160,0,184,12,84,232,0,328,170,0,170,498
10/03/2021,BFI,WA,ANM,WE,Towers with Radar,10,78,112,0,200,0,18,15,0,33,10,96,127,0,233,0,0,0,233
10/04/2021,BFI,WA,ANM,WE,Towers with Radar,13,62,81,2,158,0,17,114,0,131,13,79,195,2,289,212,0,212,501
10/05/2021,BFI,WA,ANM,WE,Towers with Radar,28,67,101,0,196,0,18,46,0,64,28,85,147,0,260,158,0,158,418
10/06/2021,BFI,WA,ANM,WE,Towers with Radar,27,88,118,3,236,0,20,109,0,129,27,108,227,3,365,238,2,240,605
10/07/2021,BFI,WA,ANM,WE,Towers with Radar,19,76,110,2,207,0,15,270,1,286,19,91,380,3,493,108,0,108,601
10/08/2021,BFI,WA,ANM,WE,Towers with Radar,24,75,107,0,206,0,18,131,0,149,24,93,238,0,355,168,0,168,523
10/09/2021,BFI,WA,ANM,WE,Towers with Radar,10,69,68,0,147,0,25,162,0,187,10,94,230,0,334,182,0,182,516
10/10/2021,BFI,WA,ANM,WE,Towers with Radar,11,66,73,0,150,0,14,92,0,106,11,80,165,0,256,200,0,200,456
10/11/2021,BFI,WA,ANM,WE,Towers with Radar,17,50,81,0,148,0,20,124,0,144,17,70,205,0,292,194,0,194,486
10/12/2021,BFI,WA,ANM,WE,Towers with Radar,31,48,88,1,168,0,33,130,1,164,31,81,218,2,332,222,0,222,554
10/13/2021,BFI,WA,ANM,WE,Towers with Radar,27,79,98,1,205,0,14,127,0,141,27,93,225,1,346,356,0,356,702
10/14/2021,BFI,WA,ANM,WE,Towers with Radar,23,75,95,0,193,0,9,42,0,51,23,84,137,0,244,54,0,54,298
10/15/2021,BFI,WA,ANM,WE,Towers with Radar,20,50,96,4,170,0,4,48,0,52,20,54,144,4,222,52,0,52,274
10/16/2021,BFI,WA,ANM,WE,Towers with Radar,10,48,82,2,142,0,41,130,1,172,10,89,212,3,314,76,6,82,396
10/17/2021,BFI,WA,ANM,WE,Towers with Radar,5,64,100,0,169,0,7,107,1,115,5,71,207,1,284,352,0,352,636
10/18/2021,BFI,WA,ANM,WE,Towers with Radar,19,67,76,2,164,0,17,111,2,130,19,84,187,4,294,200,0,200,494
10/19/2021,BFI,WA,ANM,WE,Towers with Radar,28,50,93,1,172,0,54,158,1,213,28,104,251,2,385,171,0,171,556
10/20/2021,BFI,WA,ANM,WE,Towers with Radar,26,73,75,1,175,0,13,67,0,80,26,86,142,1,255,220,0,220,475
10/21/2021,BFI,WA,ANM,WE,Towers with Radar,42,52,88,0,182,0,22,85,0,107,42,74,173,0,289,60,0,60,349
10/22/2021,BFI,WA,ANM,WE,Towers with Radar,25,74,83,0,182,0,5,103,0,108,25,79,186,0,290,310,0,310,600
10/23/2021,BFI,WA,ANM,WE,Towers with Radar,13,45,54,1,113,0,6,120,0,126,13,51,174,1,239,376,0,376,615
10/24/2021,BFI,WA,ANM,WE,Towers with Radar,9,53,64,0,126,0,3,15,0,18,9,56,79,0,144,38,0,38,182
10/25/2021,BFI,WA,ANM,WE,Towers with Radar,17,64,78,0,159,0,1,22,0,23,17,65,100,0,182,12,2,14,196
10/26/2021,BFI,WA,ANM,WE,Towers with Radar,35,56,78,0,169,0,9,58,6,73,35,65,136,6,242,124,4,128,370
10/27/2021,BFI,WA,ANM,WE,Towers with Radar,33,59,81,4,177,0,12,127,0,139,33,71,208,4,316,302,0,302,618
10/28/2021,BFI,WA,ANM,WE,Towers with Radar,32,47,72,1,152,0,0,1,0,1,32,47,73,1,153,0,0,0,153
10/29/2021,BFI,WA,ANM,WE,Towers with Radar,24,65,82,0,171,0,8,87,0,95,24,73,169,0,266,240,0,240,506
10/30/2021,BFI,WA,ANM,WE,Towers with Radar,14,49,75,0,138,0,17,279,0,296,14,66,354,0,434,294,0,294,728
10/31/2021,BFI,WA,ANM,WE,Towers with Radar,18,53,70,0,141,0,13,216,0,229,18,66,286,0,370,92,0,92,462
11/01/2021,BFI,WA,ANM,WE,Towers with Radar,15,41,67,0,123,0,21,104,0,125,15,62,171,0,248,90,0,90,338
11/02/2021,BFI,WA,ANM,WE,Towers with Radar,36,65,83,2,186,0,20,96,0,116,36,85,179,2,302,214,0,214,516
11/03/2021,BFI,WA,ANM,WE,Towers with Radar,31,69,97,0,197,0,13,83,0,96,31,82,180,0,293,134,0,134,427
11/04/2021,BFI,WA,ANM,WE,Towers with Radar,24,84,78,0,186,0,9,17,0,26,24,93,95,0,212,22,1,23,235
11/05/2021,BFI,WA,ANM,WE,Towers with Radar,33,61,82,1,177,0,24,74,0,98,33,85,156,1,275,176,0,176,451
11/06/2021,BFI,WA,ANM,WE,Towers with Radar,14,65,65,1,145,0,3,37,0,40,14,68,102,1,185,46,0,46,231
11/07/2021,BFI,WA,ANM,WE,Towers with Radar,5,56,74,0,135,0,4,23,0,27,5,60,97,0,162,32,0,32,194
11/08/2021,BFI,WA,ANM,WE,Towers with Radar,12,36,81,0,129,0,17,160,0,177,12,53,241,0,306,302,0,302,608
11/09/2021,BFI,WA,ANM,WE,Towers with Radar,31,49,66,2,148,0,10,19,1,30,31,59,85,3,178,10,0,10,188
11/10/2021,BFI,WA,ANM,WE,Towers with Radar,28,61,83,0,172,0,21,145,0,166,28,82,228,0,338,308,0,308,646
11/11/2021,BFI,WA,ANM,WE,Towers with Radar,26,57,81,0,164,0,0,2,0,2,26,57,83,0,166,0,0,0,166
11/12/2021,BFI,WA,ANM,WE,Towers with Radar,23,67,86,0,176,0,3,33,0,36,23,70,119,0,212,48,0,48,260
11/13/2021,BFI,WA,ANM,WE,Towers with Radar,11,49,61,0,121,0,7,54,0,61,11,56,115,0,182,142,0,142,324
11/14/2021,BFI,WA,ANM,WE,Towers with Radar,9,56,88,1,154,0,3,0,0,3,9,59,88,1,157,2,0,2,159
11/15/2021,BFI,WA,ANM,WE,Towers with Radar,12,69,60,2,143,0,3,15,0,18,12,72,75,2,161,2,0,2,163
11/16/2021,BFI,WA,ANM,WE,Towers with Radar,29,64,73,2,168,0,24,158,0,182,29,88,231,2,350,211,0,211,561
11/17/2021,BFI,WA,ANM,WE,Towers with Radar,31,52,90,1,174,0,24,240,0,264,31,76,330,1,438,340,0,340,778
11/18/2021,BFI,WA,ANM,WE,Towers with Radar,36,60,75,1,172,0,12,58,0,70,36,72,133,1,242,148,0,148,390
11/19/2021,BFI,WA,ANM,WE,Towers with Radar,32,59,74,0,165,0,17,134,0,151,32,76,208,0,316,202,0,202,518
11/20/2021,BFI,WA,ANM,WE,Towers with Radar,18,64,81,2,165,0,6,139,0,145,18,70,220,2,310,312,0,312,622
11/21/2021,BFI,WA,ANM,WE,Towers with Radar,11,63,95,2,171,0,12,108,2,122,11,75,203,4,293,6,3,9,302
11/22/2021,BFI,WA,ANM,WE,Towers with Radar,22,75,85,0,182,0,7,59,0,66,22,82,144,0,248,56,0,56,304
11/23/2021,BFI,WA,ANM,WE,Towers with Radar,51,67,93,0,211,0,13,100,0,113,51,80,193,0,324,200,18,218,542
11/24/2021,BFI,WA,ANM,WE,Towers with Radar,40,39,100,2,181,0,20,157,0,177,40,59,257,2,358,272,0,272,630
11/25/2021,BFI,WA,ANM,WE,Towers with Radar,8,21,21,0,50,0,0,8,0,8,8,21,29,0,58,12,0,12,70
11/26/2021,BFI,WA,ANM,WE,Towers with Radar,8,58,55,0,121,0,1,2,0,3,8,59,57,0,124,6,0,6,130
11/27/2021,BFI,WA,ANM,WE,Towers with Radar,8,66,97,0,171,0,2,18,0,20,8,68,115,0,191,86,0,86,277
11/28/2021,BFI,WA,ANM,WE,Towers with Radar,8,99,125,0,232,0,0,7,0,7,8,99,132,0,239,0,0,0,239
11/29/2021,BFI,WA,ANM,WE,Towers with Radar,12,85,101,0,198,0,11,73,0,84,12,96,174,0,282,150,0,150,432
11/30/2021,BFI,WA,ANM,WE,Towers with Radar,44,67,72,0,183,0,6,23,0,29,44,73,95,0,212,12,0,12,224
12/01/2021,BFI,WA,ANM,WE,Towers with Radar,37,64,65,0,166,0,12,8,0,20,37,76,73,0,186,0,0,0,186
12/02/2021,BFI,WA,ANM,WE,Towers with Radar,38,75,76,0,189,0,12,69,0,81,38,87,145,0,270,228,0,228,498
12/03/2021,BFI,WA,ANM,WE,Towers with Radar,25,57,75,2,159,0,20,169,0,189,25,77,244,2,348,274,0,274,622
12/04/2021,BFI,WA,ANM,WE,Towers with Radar,11,65,56,0,132,0,4,3,0,7,11,69,59,0,139,0,0,0,139
12/05/2021,BFI,WA,ANM,WE,Towers with Radar,8,60,82,0,150,0,17,190,2,209,8,77,272,2,359,56,0,56,415
12/06/2021,BFI,WA,ANM,WE,Towers with Radar,26,76,84,0,186,0,0,3,0,3,26,76,87,0,189,4,0,4,193
12/07/2021,BFI,WA,ANM,WE,Towers with Radar,52,76,92,2,222,0,0,0,0,0,52,76,92,2,222,0,0,0,222
12/08/2021,BFI,WA,ANM,WE,Towers with Radar,51,95,86,1,233,0,13,110,0,123,51,108,196,1,356,172,2,174,530
12/09/2021,BFI,WA,ANM,WE,Towers with Radar,47,79,96,2,224,0,6,76,2,84,47,85,172,4,308,214,0,214,522
12/10/2021,BFI,WA,ANM,WE,Towers with Radar,23,84,83,0,190,0,2,45,0,47,23,86,128,0,237,212,0,212,449
12/11/2021,BFI,WA,ANM,WE,Towers with Radar,16,46,46,0,108,0,2,11,0,13,16,48,57,0,121,0,0,0,121
12/12/2021,BFI,WA,ANM,WE,Towers with Radar,5,67,82,0,154,0,8,45,1,54,5,75,127,1,208,156,0,156,364
12/13/2021,BFI,WA,ANM,WE,Towers with Radar,28,73,73,1,175,0,14,120,0,134,28,87,193,1,309,134,0,134,443
12/14/2021,BFI,WA,ANM,WE,Towers with Radar,54,63,76,0,193,0,5,58,0,63,54,68,134,0,256,58,0,58,314
12/15/2021,BFI,WA,ANM,WE,Towers with Radar,48,67,68,1,184,0,14,63,1,78,48,81,131,2,262,139,2,141,403
12/16/2021,BFI,WA,ANM,WE,Towers with Radar,49,73,82,4,208,0,4,91,0,95,49,77,173,4,303,238,0,238,541
12/17/2021,BFI,WA,ANM,WE,Towers with Radar,47,86,95,4,232,0,4,132,1,137,47,90,227,5,369,152,0,152,521
12/18/2021,BFI,WA,ANM,WE,Towers with Radar,40,65,59,0,164,0,0,5,1,6,40,65,64,1,170,18,0,18,188
12/19/2021,BFI,WA,ANM,WE,Towers with Radar,23,65,77,1,166,0,6,187,0,193,23,71,264,1,359,302,0,302,661
12/20/2021,BFI,WA,ANM,WE,Towers with Radar,27,45,61,0,133,0,24,39,0,63,27,69,100,0,196,80,0,80,276
12/21/2021,BFI,WA,ANM,WE,Towers with Radar,45,61,69,1,176,0,4,11,0,15,45,65,80,1,191,1,0,1,192
12/22/2021,BFI,WA,ANM,WE,Towers with Radar,53,67,85,0,205,0,4,55,0,59,53,71,140,0,264,102,0,102,366
12/23/2021,BFI,WA,ANM,WE,Towers with Radar,44,71,84,0,199,0,15,39,0,54,44,86,123,0,253,60,0,60,313
12/24/2021,BFI,WA,ANM,WE,Towers with Radar,23,42,41,0,106,0,3,11,0,14,23,45,52,0,120,46,0,46,166
12/25/2021,BFI,WA,ANM,WE,Towers with Radar,1,47,27,1,76,0,0,0,0,0,1,47,27,1,76,0,0,0,76
12/26/2021,BFI,WA,ANM,WE,Towers with Radar,3,30,42,0,75,0,2,0,0,2,3,32,42,0,77,0,0,0,77
12/27/2021,BFI,WA,ANM,WE,Towers with Radar,7,62,93,0,162,0,9,42,2,53,7,71,135,2,215,0,0,0,215
12/28/2021,BFI,WA,ANM,WE,Towers with Radar,24,88,82,1,195,0,2,24,1,27,24,90,106,2,222,0,0,0,222
12/29/2021,BFI,WA,ANM,WE,Towers with Radar,24,57,88,0,169,0,26,105,0,131,24,83,193,0,300,2,0,2,302
12/30/2021,BFI,WA,ANM,WE,Towers with Radar,25,45,70,0,140,0,5,17,0,22,25,50,87,0,162,0,0,0,162
12/31/2021,BFI,WA,ANM,WE,Towers with Radar,19,43,48,0,110,0,16,100,0,116,19,59,148,0,226,4,0,4,230
01/01/2022,BFI,WA,ANM,WE,Towers with Radar,3,50,52,0,105,0,32,47,1,80,3,82,99,1,185,0,0,0,185
01/02/2022,BFI,WA,ANM,WE,Towers with Radar,6,70,84,2,162,0,0,24,0,24,6,70,108,2,186,0,0,0,186
01/03/2022,BFI,WA,ANM,WE,Towers with Radar,10,56,64,0,130,0,10,14,0,24,10,66,78,0,154,0,0,0,154
01/04/2022,BFI,WA,ANM,WE,Towers with Radar,18,65,51,0,134,0,7,28,0,35,18,72,79,0,169,178,0,178,347
01/05/2022,BFI,WA,ANM,WE,Towers with Radar,29,50,50,0,129,0,0,17,0,17,29,50,67,0,146,26,0,26,172
01/06/2022,BFI,WA,ANM,WE,Towers with Radar,22,59,37,0,118,0,1,0,0,1,22,60,37,0,119,0,0,0,119
01/07/2022,BFI,WA,ANM,WE,Towers with Radar,28,69,68,0,165,0,6,24,0,30,28,75,92,0,195,32,0,32,227
01/08/2022,BFI,WA,ANM,WE,Towers with Radar,3,59,68,0,130,0,3,98,0,101,3,62,166,0,231,150,0,150,381
01/09/2022,BFI,WA,ANM,WE,Towers with Radar,10,53,103,0,166,0,13,213,1,227,10,66,316,1,393,106,0,106,499
01/10/2022,BFI,WA,ANM,WE,Towers with Radar,13,55,62,3,133,0,10,57,0,67,13,65,119,3,200,108,0,108,308
01/11/2022,BFI,WA,ANM,WE,Towers with Radar,20,53,52,0,125,0,2,6,0,8,20,55,58,0,133,4,0,4,137
01/12/2022,BFI,WA,ANM,WE,Towers with Radar,21,52,68,1,142,0,5,66,0,71,21,57,134,1,213,113,0,113,326
01/13/2022,BFI,WA,ANM,WE,Towers with Radar,26,64,71,2,163,0,24,92,0,116,26,88,163,2,279,136,0,136,415
01/14/2022,BFI,WA,ANM,WE,Towers with Radar,25,66,72,1,164,0,11,158,0,169,25,77,230,1,333,186,0,186,519
01/15/2022,BFI,WA,ANM,WE,Towers with Radar,9,48,34,0,91,0,0,0,0,0,9,48,34,0,91,0,0,0,91
01/16/2022,BFI,WA,ANM,WE,Towers with Radar,9,50,43,0,102,0,1,0,0,1,9,51,43,0,103,8,0,8,111
01/17/2022,BFI,WA,ANM,WE,Towers with Radar,12,71,87,0,170,0,0,39,0,39,12,71,126,0,209,100,0,100,309
01/18/2022,BFI,WA,ANM,WE,Towers with Radar,23,54,55,0,132,0,1,2,0,3,23,55,57,0,135,0,0,0,135
01/19/2022,BFI,WA,ANM,WE,Towers with Radar,27,46,82,3,158,0,3,67,0,70,27,49,149,3,228,154,0,154,382
01/20/2022,BFI,WA,ANM,WE,Towers with Radar,29,65,68,2,164,0,6,30,0,36,29,71,98,2,200,80,0,80,280
01/21/2022,BFI,WA,ANM,WE,Towers with Radar,28,61,77,3,169,0,8,120,0,128,28,69,197,3,297,270,0,270,567
01/22/2022,BFI,WA,ANM,WE,Towers with Radar,14,51,87,1,153,0,6,85,0,91,14,57,172,1,244,120,0,120,364
01/23/2022,BFI,WA,ANM,WE,Towers with Radar,5,62,91,0,158,0,0,0,0,0,5,62,91,0,158,0,0,0,158
01/24/2022,BFI,WA,ANM,WE,Towers with Radar,15,55,65,0,135,0,0,0,0,0,15,55,65,0,135,0,0,0,135
01/25/2022,BFI,WA,ANM,WE,Towers with Radar,37,53,82,0,172,0,1,47,0,48,37,54,129,0,220,108,0,108,328
01/26/2022,BFI,WA,ANM,WE,Towers with Radar,34,72,85,0,191,0,2,28,0,30,34,74,113,0,221,33,52,85,306
01/27/2022,BFI,WA,ANM,WE,Towers with Radar,24,60,87,0,171,0,5,154,2,161,24,65,241,2,332,150,0,150,482
01/28/2022,BFI,WA,ANM,WE,Towers with Radar,25,64,66,0,155,0,10,182,0,192,25,74,248,0,347,188,0,188,535
01/29/2022,BFI,WA,ANM,WE,Towers with Radar,11,47,65,0,123,0,22,167,0,189,11,69,232,0,312,184,0,184,496
01/30/2022,BFI,WA,ANM,WE,Towers with Radar,5,51,62,0,118,0,4,40,0,44,5,55,102,0,162,172,0,172,334
01/31/2022,BFI,WA,ANM,WE,Towers with Radar,10,44,57,0,111,0,10,64,0,74,10,54,121,0,185,136,0,136,321
02/01/2022,BFI,WA,ANM,WE,Towers with Radar,31,59,59,0,149,0,6,85,2,93,31,65,144,2,242,182,0,182,424
02/02/2022,BFI,WA,ANM,WE,Towers with Radar,23,62,83,2,170,0,11,72,2,85,23,73,155,4,255,118,0,118,373
02/03/2022,BFI,WA,ANM,WE,Towers with Radar,22,59,58,0,139,0,1,24,0,25,22,60,82,0,164,100,0,100,264
02/04/2022,BFI,WA,ANM,WE,Towers with Radar,22,69,71,1,163,0,6,51,1,58,22,75,122,2,221,82,0,82,303
02/05/2022,BFI,WA,ANM,WE,Towers with Radar,9,45,56,1,111,0,6,102,0,108,9,51,158,1,219,258,0,258,477
02/06/2022,BFI,WA,ANM,WE,Towers with Radar,5,52,79,0,136,0,6,148,0,154,5,58,227,0,290,140,0,140,430
02/07/2022,BFI,WA,ANM,WE,Towers with Radar,13,50,73,0,136,0,8,33,0,41,13,58,106,0,177,74,2,76,253
02/08/2022,BFI,WA,ANM,WE,Towers with Radar,35,48,78,0,161,0,12,76,1,89,35,60,154,1,250,83,0,83,333
02/09/2022,BFI,WA,ANM,WE,Towers with Radar,29,69,62,0,160,0,14,136,0,150,29,83,198,0,310,108,0,108,418
02/10/2022,BFI,WA,ANM,WE,Towers with Radar,32,87,91,1,211,0,2,5,0,7,32,89,96,1,218,10,0,10,228
02/11/2022,BFI,WA,ANM,WE,Towers with Radar,19,68,73,0,160,0,20,171,2,193,19,88,244,2,353,188,2,190,543
02/12/2022,BFI,WA,ANM,WE,Towers with Radar,20,55,81,0,156,0,15,262,1,278,20,70,343,1,434,206,0,206,640
02/13/2022,BFI,WA,ANM,WE,Towers with Radar,8,50,50,2,110,0,10,174,0,184,8,60,224,2,294,110,0,110,404
02/14/2022,BFI,WA,ANM,WE,Towers with Radar,21,52,81,0,154,0,24,52,0,76,21,76,133,0,230,36,0,36,266
02/15/2022,BFI,WA,ANM,WE,Towers with Radar,21,65,50,3,139,0,4,71,7,82,21,69,121,10,221,150,0,150,371
02/16/2022,BFI,WA,ANM,WE,Towers with Radar,31,48,83,0,162,0,13,120,0,133,31,61,203,0,295,102,0,102,397
02/17/2022,BFI,WA,ANM,WE,Towers with Radar,23,76,76,1,176,0,12,74,1,87,23,88,150,2,263,228,0,228,491
02/18/2022,BFI,WA,ANM,WE,Towers with Radar,20,74,109,0,203,0,7,125,2,134,20,81,234,2,337,220,0,220,557
02/19/2022,BFI,WA,ANM,WE,Towers with Radar,10,70,68,0,148,0,3,20,0,23,10,73,88,0,171,24,0,24,195
02/20/2022,BFI,WA,ANM,WE,Towers with Radar,5,57,55,0,117,0,2,68,0,70,5,59,123,0,187,66,0,66,253
02/21/2022,BFI,WA,ANM,WE,Towers with Radar,16,42,60,0,118,0,6,51,1,58,16,48,111,1,176,78,0,78,254
02/22/2022,BFI,WA,ANM,WE,Towers with Radar,25,51,64,0,140,0,7,69,1,77,25,58,133,1,217,104,0,104,321
02/23/2022,BFI,WA,ANM,WE,Towers with Radar,26,58,85,1,170,0,16,187,1,204,26,74,272,2,374,176,0,176,550
02/24/2022,BFI,WA,ANM,WE,Towers with Radar,21,60,90,0,171,0,24,161,2,187,21,84,251,2,358,174,0,174,532
02/25/2022,BFI,WA,ANM,WE,Towers with Radar,21,46,82,0,149,0,17,218,2,237,21,63,300,2,386,164,0,164,550
02/26/2022,BFI,WA,ANM,WE,Towers with Radar,10,60,67,0,137,0,9,114,0,123,10,69,181,0,260,112,0,112,372
02/27/2022,BFI,WA,ANM,WE,Towers with Radar,15,78,86,0,179,0,4,11,0,15,15,82,97,0,194,2,0,2,196
02/28/2022,BFI,WA,ANM,WE,Towers with Radar,18,68,69,2,157,0,4,0,0,4,18,72,69,2,161,0,0,0,161
03/01/2022,BFI,WA,ANM,WE,Towers with Radar,30,71,66,2,169,0,2,46,0,48,30,73,112,2,217,158,0,158,375
03/02/2022,BFI,WA,ANM,WE,Towers with Radar,28,45,78,4,155,0,5,38,0,43,28,50,116,4,198,158,0,158,356
03/03/2022,BFI,WA,ANM,WE,Towers with Radar,33,57,101,2,193,0,6,70,1,77,33,63,171,3,270,212,2,214,484
03/04/2022,BFI,WA,ANM,WE,Towers with Radar,18,54,90,3,165,0,14,94,0,108,18,68,184,3,273,194,0,194,467
03/05/2022,BFI,WA,ANM,WE,Towers with Radar,8,48,48,3,107,0,17,180,0,197,8,65,228,3,304,186,0,186,490
03/06/2022,BFI,WA,ANM,WE,Towers with Radar,8,40,83,3,134,0,14,181,2,197,8,54,264,5,331,234,0,234,565
03/07/2022,BFI,WA,ANM,WE,Towers with Radar,19,50,102,2,173,0,9,69,0,78,19,59,171,2,251,101,0,101,352
03/08/2022,BFI,WA,ANM,WE,Towers with Radar,35,68,72,2,177,0,9,43,0,52,35,77,115,2,229,70,0,70,299
03/09/2022,BFI,WA,ANM,WE,Towers with Radar,33,57,53,0,143,0,15,195,1,211,33,72,248,1,354,129,0,129,483
03/10/2022,BFI,WA,ANM,WE,Towers with Radar,22,68,90,2,182,0,26,139,1,166,22,94,229,3,348,128,0,128,476
03/11/2022,BFI,WA,ANM,WE,Towers with Radar,19,55,63,0,137,0,20,172,2,194,19,75,235,2,331,172,0,172,503
03/12/2022,BFI,WA,ANM,WE,Towers with Radar,12,57,71,1,141,0,16,161,1,178,12,73,232,2,319,108,0,108,427
03/13/2022,BFI,WA,ANM,WE,Towers with Radar,8,60,71,2,141,0,5,97,1,103,8,65,168,3,244,156,2,158,402
03/14/2022,BFI,WA,ANM,WE,Towers with Radar,15,65,78,0,158,0,7,18,0,25,15,72,96,0,183,8,0,8,191
03/15/2022,BFI,WA,ANM,WE,Towers with Radar,35,67,89,0,191,0,11,28,0,39,35,78,117,0,230,28,0,28,258
03/16/2022,BFI,WA,ANM,WE,Towers with Radar,27,69,89,1,186,0,17,206,1,224,27,86,295,2,410,300,0,300,710
03/17/2022,BFI,WA,ANM,WE,Towers with Radar,33,69,66,0,168,0,18,114,0,132,33,87,180,0,300,192,0,192,492
03/18/2022,BFI,WA,ANM,WE,Towers with Radar,30,54,95,4,183,0,10,129,0,139,30,64,224,4,322,278,0,278,600
03/19/2022,BFI,WA,ANM,WE,Towers with Radar,8,53,48,5,114,0,5,69,0,74,8,58,117,5,188,96,0,96,284
03/20/2022,BFI,WA,ANM,WE,Towers with Radar,10,65,72,5,152,0,4,61,0,65,10,69,133,5,217,168,0,168,385
03/21/2022,BFI,WA,ANM,WE,Towers with Radar,21,60,52,1,134,0,3,12,0,15,21,63,64,1,149,56,0,56,205
03/22/2022,BFI,WA,ANM,WE,Towers with Radar,28,56,65,0,149,0,8,42,0,50,28,64,107,0,199,133,0,133,332
03/23/2022,BFI,WA,ANM,WE,Towers with Radar,32,74,76,2,184,0,6,50,0,56,32,80,126,2,240,170,0,170,410
03/24/2022,BFI,WA,ANM,WE,Towers with Radar,34,59,79,0,172,0,23,143,0,166,34,82,222,0,338,172,0,172,510
03/25/2022,BFI,WA,ANM,WE,Towers with Radar,23,50,74,0,147,0,7,144,0,151,23,57,218,0,298,120,0,120,418
03/26/2022,BFI,WA,ANM,WE,Towers with Radar,4,46,59,2,111,0,22,125,0,147,4,68,184,2,258,168,2,170,428
03/27/2022,BFI,WA,ANM,WE,Towers with Radar,6,50,79,0,135,0,15,127,0,142,6,65,206,0,277,204,0,204,481
03/28/2022,BFI,WA,ANM,WE,Towers with Radar,11,66,74,0,151,0,6,39,0,45,11,72,113,0,196,186,2,188,384
03/29/2022,BFI,WA,ANM,WE,Towers with Radar,36,48,93,5,182,0,18,124,1,143,36,66,217,6,325,198,0,198,523
03/30/2022,BFI,WA,ANM,WE,Towers with Radar,26,57,68,3,154,0,8,43,1,52,26,65,111,4,206,84,0,84,290
03/31/2022,BFI,WA,ANM,WE,Towers with Radar,31,61,71,1,164,0,24,132,2,158,31,85,203,3,322,240,0,240,562
04/01/2022,BFI,WA,ANM,WE,Towers with Radar,34,56,69,0,159,0,12,150,0,162,34,68,219,0,321,154,0,154,475
04/02/2022,BFI,WA,ANM,WE,Towers with Radar,9,61,70,0,140,0,16,131,0,147,9,77,201,0,287,180,0,180,467
04/03/2022,BFI,WA,ANM,WE,Towers with Radar,12,60,70,0,142,0,6,44,0,50,12,66,114,0,192,22,0,22,214
04/04/2022,BFI,WA,ANM,WE,Towers with Radar,21,45,45,1,112,0,3,1,0,4,21,48,46,1,116,0,0,0,116
04/05/2022,BFI,WA,ANM,WE,Towers with Radar,33,51,53,0,137,0,12,67,0,79,33,63,120,0,216,156,0,156,372
04/06/2022,BFI,WA,ANM,WE,Towers with Radar,32,50,53,0,135,0,19,199,0,218,32,69,252,0,353,206,0,206,559
04/07/2022,BFI,WA,ANM,WE,Towers with Radar,29,52,85,2,168,0,17,200,0,217,29,69,285,2,385,267,2,269,654
04/08/2022,BFI,WA,ANM,WE,Towers with Radar,30,63,72,1,166,0,22,30,0,52,30,85,102,1,218,6,0,6,224
04/09/2022,BFI,WA,ANM,WE,Towers with Radar,23,58,64,0,145,0,8,95,0,103,23,66,159,0,248,150,0,150,398
04/10/2022,BFI,WA,ANM,WE,Towers with Radar,7,76,67,0,150,0,7,76,0,83,7,83,143,0,233,200,0,200,433
04/11/2022,BFI,WA,ANM,WE,Towers with Radar,23,61,56,0,140,0,13,59,0,72,23,74,115,0,212,53,0,53,265
04/12/2022,BFI,WA,ANM,WE,Towers with Radar,28,65,64,0,157,0,6,45,0,51,28,71,109,0,208,44,0,44,252
04/13/2022,BFI,WA,ANM,WE,Towers with Radar,27,59,76,2,164,0,14,109,0,123,27,73,185,2,287,256,5,261,548
04/14/2022,BFI,WA,ANM,WE,Towers with Radar,32,59,65,2,158,0,17,76,1,94,32,76,141,3,252,100,1,101,353
04/15/2022,BFI,WA,ANM,WE,Towers with Radar,25,68,107,0,200,0,22,154,10,186,25,90,261,10,386,200,0,200,586
04/16/2022,BFI,WA,ANM,WE,Towers with Radar,7,53,44,0,104,0,22,120,0,142,7,75,164,0,246,134,0,134,380
04/17/2022,BFI,WA,ANM,WE,Towers with Radar,20,52,61,4,137,0,23,200,2,225,20,75,261,6,362,55,0,55,417
04/18/2022,BFI,WA,ANM,WE,Towers with Radar,10,59,59,6,134,0,9,36,0,45,10,68,95,6,179,60,0,60,239
04/19/2022,BFI,WA,ANM,WE,Towers with Radar,27,70,72,0,169,0,14,114,0,128,27,84,186,0,297,136,0,136,433
04/20/2022,BFI,WA,ANM,WE,Towers with Radar,28,75,77,0,180,0,21,62,5,88,28,96,139,5,268,68,0,68,336
04/21/2022,BFI,WA,ANM,WE,Towers with Radar,39,49,77,0,165,0,13,58,0,71,39,62,135,0,236,104,0,104,340
04/22/2022,BFI,WA,ANM,WE,Towers with Radar,20,50,36,0,106,0,5,38,0,43,20,55,74,0,149,4,2,6,155
04/23/2022,BFI,WA,ANM,WE,Towers with Radar,19,52,76,8,155,0,31,151,1,183,19,83,227,9,338,136,0,136,474
04/24/2022,BFI,WA,ANM,WE,Towers with Radar,13,58,77,0,148,0,35,203,8,246,13,93,280,8,394,36,0,36,430
04/25/2022,BFI,WA,ANM,WE,Towers with Radar,21,59,76,1,157,0,4,80,0,84,21,63,156,1,241,132,0,132,373
04/26/2022,BFI,WA,ANM,WE,Towers with Radar,37,66,71,2,176,0,9,78,0,87,37,75,149,2,263,104,1,105,368
04/27/2022,BFI,WA,ANM,WE,Towers with Radar,36,81,91,1,209,0,22,174,0,196,36,103,265,1,405,346,0,346,751
04/28/2022,BFI,WA,ANM,WE,Towers with Radar,35,68,82,1,186,0,20,126,0,146,35,88,208,1,332,214,0,214,546
04/29/2022,BFI,WA,ANM,WE,Towers with Radar,30,73,85,2,190,0,13,175,0,188,30,86,260,2,378,206,0,206,584
04/30/2022,BFI,WA,ANM,WE,Towers with Radar,12,47,55,1,115,0,11,81,0,92,12,58,136,1,207,118,0,118,325
05/01/2022,BFI,WA,ANM,WE,Towers with Radar,5,61,101,2,169,0,21,189,0,210,5,82,290,2,379,215,0,215,594
05/02/2022,BFI,WA,ANM,WE,Towers with Radar,13,60,65,1,139,0,7,67,0,74,13,67,132,1,213,216,0,216,429
05/03/2022,BFI,WA,ANM,WE,Towers with Radar,25,66,74,4,169,0,11,81,0,92,25,77,155,4,261,210,0,210,471
05/04/2022,BFI,WA,ANM,WE,Towers with Radar,31,81,59,1,172,0,18,164,0,182,31,99,223,1,354,262,0,262,616
05/05/2022,BFI,WA,ANM,WE,Towers with Radar,28,87,80,0,195,0,7,35,0,42,28,94,115,0,237,54,0,54,291
05/06/2022,BFI,WA,ANM,WE,Towers with Radar,30,55,72,0,157,0,13,53,3,69,30,68,125,3,226,190,0,190,416
05/07/2022,BFI,WA,ANM,WE,Towers with Radar,7,48,49,0,104,0,13,50,1,64,7,61,99,1,168,11,0,11,179
05/08/2022,BFI,WA,ANM,WE,Towers with Radar,11,56,52,0,119,0,16,80,4,100,11,72,132,4,219,44,0,44,263
05/09/2022,BFI,WA,ANM,WE,Towers with Radar,18,66,87,0,171,0,18,105,0,123,18,84,192,0,294,144,0,144,438
05/10/2022,BFI,WA,ANM,WE,Towers with Radar,25,65,81,0,171,0,20,143,2,165,25,85,224,2,336,236,0,236,572
05/11/2022,BFI,WA,ANM,WE,Towers with Radar,30,63,80,2,175,0,27,149,1,177,30,90,229,3,352,128,2,130,482
05/12/2022,BFI,WA,ANM,WE,Towers with Radar,26,60,74,0,160,0,18,57,5,80,26,78,131,5,240,136,2,138,378
05/13/2022,BFI,WA,ANM,WE,Towers with Radar,28,49,84,0,161,0,21,167,0,188,28,70,251,0,349,198,0,198,547
05/14/2022,BFI,WA,ANM,WE,Towers with Radar,12,51,62,0,125,0,9,79,0,88,12,60,141,0,213,84,0,84,297
05/15/2022,BFI,WA,ANM,WE,Towers with Radar,7,61,89,0,157,0,9,13,0,22,7,70,102,0,179,10,0,10,189
05/16/2022,BFI,WA,ANM,WE,Towers with Radar,13,45,74,0,132,0,15,116,0,131,13,60,190,0,263,36,0,36,299
05/17/2022,BFI,WA,ANM,WE,Towers with Radar,33,61,77,2,173,0,16,204,2,222,33,77,281,4,395,140,4,144,539
05/18/2022,BFI,WA,ANM,WE,Towers with Radar,28,69,70,2,169,0,4,15,0,19,28,73,85,2,188,2,2,4,192
05/19/2022,BFI,WA,ANM,WE,Towers with Radar,32,51,59,2,144,0,35,195,5,235,32,86,254,7,379,160,1,161,540
05/20/2022,BFI,WA,ANM,WE,Towers with Radar,30,69,86,2,187,0,24,236,0,260,30,93,322,2,447,196,0,196,643
05/21/2022,BFI,WA,ANM,WE,Towers with Radar,5,41,55,0,101,0,24,213,0,237,5,65,268,0,338,196,0,196,534
05/22/2022,BFI,WA,ANM,WE,Towers with Radar,14,57,64,1,136,0,28,257,3,288,14,85,321,4,424,160,0,160,584
05/23/2022,BFI,WA,ANM,WE,Towers with Radar,16,57,80,1,154,0,28,129,0,157,16,85,209,1,311,119,0,119,430
05/24/2022,BFI,WA,ANM,WE,Towers with Radar,40,54,75,1,170,0,25,160,0,185,40,79,235,1,355,184,0,184,539
05/25/2022,BFI,WA,ANM,WE,Towers with Radar,26,60,89,1,176,0,27,183,0,210,26,87,272,1,386,104,2,106,492
05/26/2022,BFI,WA,ANM,WE,Towers with Radar,32,49,96,0,177,0,45,142,2,189,32,94,238,2,366,242,0,242,608
05/27/2022,BFI,WA,ANM,WE,Towers with Radar,21,59,85,0,165,0,55,110,0,165,21,114,195,0,330,58,0,58,388
05/28/2022,BFI,WA,ANM,WE,Towers with Radar,7,48,52,0,107,0,44,106,0,150,7,92,158,0,257,222,0,222,479
05/29/2022,BFI,WA,ANM,WE,Towers with Radar,9,41,38,0,88,0,9,57,2,68,9,50,95,2,156,36,0,36,192
05/30/2022,BFI,WA,ANM,WE,Towers with Radar,9,57,76,0,142,0,39,179,0,218,9,96,255,0,360,206,0,206,566
05/31/2022,BFI,WA,ANM,WE,Towers with Radar,19,58,53,2,132,0,62,190,1,253,19,120,243,3,385,126,2,128,513
06/01/2022,BFI,WA,ANM,WE,Towers with Radar,34,53,61,1,149,0,39,198,0,237,34,92,259,1,386,162,0,162,548
06/02/2022,BFI,WA,ANM,WE,Towers with Radar,31,54,63,2,150,0,45,104,0,149,31,99,167,2,299,132,0,132,431
06/03/2022,BFI,WA,ANM,WE,Towers with Radar,19,49,66,1,135,0,20,86,0,106,19,69,152,1,241,284,0,284,525
06/04/2022,BFI,WA,ANM,WE,Towers with Radar,10,45,56,1,112,0,26,136,0,162,10,71,192,1,274,282,0,282,556
06/05/2022,BFI,WA,ANM,WE,Towers with Radar,8,59,75,1,143,0,9,50,0,59,8,68,125,1,202,122,0,122,324
06/06/2022,BFI,WA,ANM,WE,Towers with Radar,11,53,71,0,135,0,19,123,0,142,11,72,194,0,277,180,0,180,457
06/07/2022,BFI,WA,ANM,WE,Towers with Radar,40,51,71,0,162,0,38,210,0,248,40,89,281,0,410,210,8,218,628
06/08/2022,BFI,WA,ANM,WE,Towers with Radar,24,58,93,1,176,0,37,265,0,302,24,95,358,1,478,220,0,220,698
06/09/2022,BFI,WA,ANM,WE,Towers with Radar,25,77,90,1,193,0,12,38,0,50,25,89,128,1,243,74,0,74,317
06/10/2022,BFI,WA,ANM,WE,Towers with Radar,21,60,87,0,168,0,29,113,0,142,21,89,200,0,310,228,0,228,538
06/11/2022,BFI,WA,ANM,WE,Towers with Radar,10,42,68,0,120,0,36,144,0,180,10,78,212,0,300,123,0,123,423
06/12/2022,BFI,WA,ANM,WE,Towers with Radar,11,69,105,1,186,0,22,64,2,88,11,91,169,3,274,16,0,16,290
06/13/2022,BFI,WA,ANM,WE,Towers with Radar,11,55,85,0,151,0,46,74,0,120,11,101,159,0,271,74,0,74,345
06/14/2022,BFI,WA,ANM,WE,Towers with Radar,31,81,80,0,192,0,25,174,0,199,31,106,254,0,391,205,0,205,596
06/15/2022,BFI,WA,ANM,WE,Towers with Radar,22,58,82,0,162,0,38,222,4,264,22,96,304,4,426,54,0,54,480
06/16/2022,BFI,WA,ANM,WE,Towers with Radar,24,61,75,1,161,0,36,224,1,261,24,97,299,2,422,126,1,127,549
06/17/2022,BFI,WA,ANM,WE,Towers with Radar,22,60,85,2,169,0,26,87,0,113,22,86,172,2,282,114,0,114,396
06/18/2022,BFI,WA,ANM,WE,Towers with Radar,12,63,70,0,145,0,23,118,2,143,12,86,188,2,288,64,0,64,352
06/19/2022,BFI,WA,ANM,WE,Towers with Radar,7,51,78,0,136,0,32,176,4,212,7,83,254,4,348,112,0,112,460
06/20/2022,BFI,WA,ANM,WE,Towers with Radar,17,59,85,0,161,0,20,169,0,189,17,79,254,0,350,304,0,304,654
06/21/2022,BFI,WA,ANM,WE,Towers with Radar,25,57,80,0,162,0,29,191,0,220,25,86,271,0,382,198,0,198,580
06/22/2022,BFI,WA,ANM,WE,Towers with Radar,29,70,84,0,183,0,24,114,0,138,29,94,198,0,321,90,0,90,411
06/23/2022,BFI,WA,ANM,WE,Towers with Radar,34,47,70,3,154,0,35,292,0,327,34,82,362,3,481,161,0,161,642
06/24/2022,BFI,WA,ANM,WE,Towers with Radar,27,51,72,0,150,0,31,329,6,366,27,82,401,6,516,150,0,150,666
06/25/2022,BFI,WA,ANM,WE,Towers with Radar,6,41,59,4,110,0,47,280,0,327,6,88,339,4,437,206,0,206,643
06/26/2022,BFI,WA,ANM,WE,Towers with Radar,12,45,63,4,124,0,50,225,0,275,12,95,288,4,399,36,0,36,435
06/27/2022,BFI,WA,ANM,WE,Towers with Radar,19,58,64,2,143,0,54,167,0,221,19,112,231,2,364,80,0,80,444
06/28/2022,BFI,WA,ANM,WE,Towers with Radar,37,62,79,2,180,0,32,121,2,155,37,94,200,4,335,132,0,132,467
06/29/2022,BFI,WA,ANM,WE,Towers with Radar,35,73,88,1,197,0,22,195,3,220,35,95,283,4,417,90,0,90,507
06/30/2022,BFI,WA,ANM,WE,Towers with Radar,30,65,71,1,167,0,44,194,0,238,30,109,265,1,405,152,0,152,557
07/01/2022,BFI,WA,ANM,WE,Towers with Radar,19,63,81,0,163,0,44,279,0,323,19,107,360,0,486,231,6,237,723
07/02/2022,BFI,WA,ANM,WE,Towers with Radar,4,64,92,1,161,0,31,74,4,109,4,95,166,5,270,14,0,14,284
07/03/2022,BFI,WA,ANM,WE,Towers with Radar,7,61,60,0,128,0,8,18,0,26,7,69,78,0,154,10,0,10,164
07/04/2022,BFI,WA,ANM,WE,Towers with Radar,0,38,49,0,87,0,34,109,0,143,0,72,158,0,230,112,0,112,342
07/05/2022,BFI,WA,ANM,WE,Towers with Radar,18,56,91,0,165,0,43,207,0,250,18,99,298,0,415,164,0,164,579
07/06/2022,BFI,WA,ANM,WE,Towers with Radar,28,56,89,1,174,0,43,129,0,172,28,99,218,1,346,238,0,238,584
07/07/2022,BFI,WA,ANM,WE,Towers with Radar,27,55,97,5,184,0,25,165,1,191,27,80,262,6,375,170,0,170,545
07/08/2022,BFI,WA,ANM,WE,Towers with Radar,20,57,78,0,155,0,51,177,1,229,20,108,255,1,384,188,0,188,572
07/09/2022,BFI,WA,ANM,WE,Towers with Radar,11,43,52,0,106,0,55,203,0,258,11,98,255,0,364,134,0,134,498
07/10/2022,BFI,WA,ANM,WE,Towers with Radar,13,73,94,2,182,0,41,164,0,205,13,114,258,2,387,60,0,60,447
07/11/2022,BFI,WA,ANM,WE,Towers with Radar,14,46,79,2,141,0,40,219,0,259,14,86,298,2,400,178,0,178,578
07/12/2022,BFI,WA,ANM,WE,Towers with Radar,21,59,87,0,167,0,35,204,2,241,21,94,291,2,408,212,2,214,622
07/13/2022,BFI,WA,ANM,WE,Towers with Radar,19,66,86,0,171,0,64,238,0,302,19,130,324,0,473,232,0,232,705
07/14/2022,BFI,WA,ANM,WE,Towers with Radar,21,50,89,0,160,0,39,223,0,262,21,89,312,0,422,237,0,237,659
07/15/2022,BFI,WA,ANM,WE,Towers with Radar,19,80,89,0,188,0,46,192,0,238,19,126,281,0,426,169,0,169,595
07/16/2022,BFI,WA,ANM,WE,Towers with Radar,10,57,71,0,138,0,41,194,0,235,10,98,265,0,373,304,0,304,677
07/17/2022,BFI,WA,ANM,WE,Towers with Radar,8,71,113,0,192,0,45,200,2,247,8,116,313,2,439,148,0,148,587
07/18/2022,BFI,WA,ANM,WE,Towers with Radar,10,56,86,4,156,0,42,151,2,195,10,98,237,6,351,318,2,320,671
07/19/2022,BFI,WA,ANM,WE,Towers with Radar,26,49,83,1,159,0,40,221,0,261,26,89,304,1,420,252,2,254,674
07/20/2022,BFI,WA,ANM,WE,Towers with Radar,32,49,99,1,181,0,39,196,0,235,32,88,295,1,416,262,0,262,678
07/21/2022,BFI,WA,ANM,WE,Towers with Radar,26,53,116,0,195,0,49,237,0,286,26,102,353,0,481,210,0,210,691
07/22/2022,BFI,WA,ANM,WE,Towers with Radar,22,66,120,2,210,1,24,161,2,188,23,90,281,4,398,245,0,245,643
07/23/2022,BFI,WA,ANM,WE,Towers with Radar,14,62,100,1,177,0,38,178,6,222,14,100,278,7,399,122,0,122,521
07/24/2022,BFI,WA,ANM,WE,Towers with Radar,14,49,99,0,162,0,54,220,3,277,14,103,319,3,439,18,0,18,457
07/25/2022,BFI,WA,ANM,WE,Towers with Radar,13,46,90,1,150,0,49,195,0,244,13,95,285,1,394,108,0,108,502
07/26/2022,BFI,WA,ANM,WE,Towers with Radar,31,52,84,0,167,0,47,210,0,257,31,99,294,0,424,206,2,208,632
07/27/2022,BFI,WA,ANM,WE,Towers with Radar,35,46,67,4,152,0,45,227,2,274,35,91,294,6,426,80,1,81,507
07/28/2022,BFI,WA,ANM,WE,Towers with Radar,34,67,91,2,194,0,43,228,16,287,34,110,319,18,481,212,0,212,693
07/29/2022,BFI,WA,ANM,WE,Towers with Radar,25,54,98,2,179,0,55,259,1,315,25,109,357,3,494,144,0,144,638
07/30/2022,BFI,WA,ANM,WE,Towers with Radar,6,46,63,0,115,0,57,225,12,294,6,103,288,12,409,188,4,192,601
07/31/2022,BFI,WA,ANM,WE,Towers with Radar,7,59,94,3,163,0,70,187,0,257,7,129,281,3,420,78,0,78,498
08/01/2022,BFI,WA,ANM,WE,Towers with Radar,18,60,72,5,155,0,65,187,3,255,18,125,259,8,410,210,0,210,620
08/02/2022,BFI,WA,ANM,WE,Towers with Radar,27,70,80,6,183,0,35,140,1,176,27,105,220,7,359,238,0,238,597
08/03/2022,BFI,WA,ANM,WE,Towers with Radar,28,66,91,6,191,0,65,198,2,265,28,131,289,8,456,214,2,216,672
08/04/2022,BFI,WA,ANM,WE,Towers with Radar,28,54,90,1,173,0,35,145,2,182,28,89,235,3,355,178,0,178,533
08/05/2022,BFI,WA,ANM,WE,Towers with Radar,29,42,53,2,126,0,39,139,6,184,29,81,192,8,310,16,0,16,326
08/06/2022,BFI,WA,ANM,WE,Towers with Radar,10,43,64,1,118,0,55,135,5,195,10,98,199,6,313,46,7,53,366
08/07/2022,BFI,WA,ANM,WE,Towers with Radar,9,43,103,4,159,0,46,153,54,253,9,89,256,58,412,58,14,72,484
08/08/2022,BFI,WA,ANM,WE,Towers with Radar,13,66,63,3,145,0,53,154,2,209,13,119,217,5,354,118,0,118,472
08/09/2022,BFI,WA,ANM,WE,Towers with Radar,28,61,88,0,177,0,46,163,2,211,28,107,251,2,388,210,0,210,598
08/10/2022,BFI,WA,ANM,WE,Towers with Radar,21,84,109,2,216,0,39,102,0,141,21,123,211,2,357,46,0,46,403
08/11/2022,BFI,WA,ANM,WE,Towers with Radar,28,79,96,0,203,0,46,313,1,360,28,125,409,1,563,218,0,218,781
08/12/2022,BFI,WA,ANM,WE,Towers with Radar,17,62,83,2,164,0,62,207,0,269,17,124,290,2,433,163,0,163,596
08/13/2022,BFI,WA,ANM,WE,Towers with Radar,8,60,78,2,148,0,45,184,6,235,8,105,262,8,383,150,0,150,533
08/14/2022,BFI,WA,ANM,WE,Towers with Radar,8,59,106,0,173,0,63,284,5,352,8,122,390,5,525,156,0,156,681
08/15/2022,BFI,WA,ANM,WE,Towers with Radar,6,41,82,2,131,0,51,233,2,286,6,92,315,4,417,240,0,240,657
08/16/2022,BFI,WA,ANM,WE,Towers with Radar,26,68,74,1,169,0,45,260,0,305,26,113,334,1,474,236,0,236,710
08/17/2022,BFI,WA,ANM,WE,Towers with Radar,25,60,75,0,160,0,53,276,0,329,25,113,351,0,489,216,0,216,705
08/18/2022,BFI,WA,ANM,WE,Towers with Radar,28,69,102,1,200,0,74,227,0,301,28,143,329,1,501,234,0,234,735
08/19/2022,BFI,WA,ANM,WE,Towers with Radar,16,68,83,4,171,0,36,126,0,162,16,104,209,4,333,224,2,226,559
08/20/2022,BFI,WA,ANM,WE,Towers with Radar,14,66,70,5,155,0,32,158,0,190,14,98,228,5,345,160,0,160,505
08/21/2022,BFI,WA,ANM,WE,Towers with Radar,5,80,98,4,187,0,55,242,0,297,5,135,340,4,484,190,0,190,674
08/22/2022,BFI,WA,ANM,WE,Towers with Radar,15,65,101,2,183,0,61,245,0,306,15,126,346,2,489,168,0,168,657
08/23/2022,BFI,WA,ANM,WE,Towers with Radar,18,54,83,1,156,1,50,205,1,257,19,104,288,2,413,164,0,164,577
08/24/2022,BFI,WA,ANM,WE,Towers with Radar,32,63,68,7,170,0,46,187,7,240,32,109,255,14,410,140,0,140,550
08/25/2022,BFI,WA,ANM,WE,Towers with Radar,35,60,69,1,165,0,44,224,4,272,35,104,293,5,437,138,0,138,575
08/26/2022,BFI,WA,ANM,WE,Towers with Radar,19,81,86,1,187,0,23,84,2,109,19,104,170,3,296,184,0,184,480
08/27/2022,BFI,WA,ANM,WE,Towers with Radar,9,60,67,0,136,0,21,156,2,179,9,81,223,2,315,134,0,134,449
08/28/2022,BFI,WA,ANM,WE,Towers with Radar,11,59,77,2,149,0,49,227,2,278,11,108,304,4,427,70,0,70,497
08/29/2022,BFI,WA,ANM,WE,Towers with Radar,11,44,68,1,124,0,50,197,0,247,11,94,265,1,371,140,4,144,515
08/30/2022,BFI,WA,ANM,WE,Towers with Radar,29,48,66,0,143,0,73,217,0,290,29,121,283,0,433,334,0,334,767
08/31/2022,BFI,WA,ANM,WE,Towers with Radar,28,47,86,4,165,0,65,197,0,262,28,112,283,4,427,244,10,254,681
09/01/2022,BFI,WA,ANM,WE,Towers with Radar,22,89,106,2,219,0,15,12,0,27,22,104,118,2,246,0,0,0,246
09/02/2022,BFI,WA,ANM,WE,Towers with Radar,20,56,84,0,160,0,41,231,0,272,20,97,315,0,432,88,0,88,520
09/03/2022,BFI,WA,ANM,WE,Towers with Radar,15,48,87,0,150,0,29,75,0,104,15,77,162,0,254,98,0,98,352
09/04/2022,BFI,WA,ANM,WE,Towers with Radar,12,47,52,0,111,0,39,118,1,158,12,86,170,1,269,146,0,146,415
09/05/2022,BFI,WA,ANM,WE,Towers with Radar,3,64,85,0,152,0,55,204,5,264,3,119,289,5,416,100,0,100,516
09/06/2022,BFI,WA,ANM,WE,Towers with Radar,12,63,78,0,153,0,48,200,0,248,12,111,278,0,401,210,0,210,611
09/07/2022,BFI,WA,ANM,WE,Towers with Radar,34,77,78,0,189,0,40,245,0,285,34,117,323,0,474,124,0,124,598
09/08/2022,BFI,WA,ANM,WE,Towers with Radar,29,49,74,2,154,0,62,192,0,254,29,111,266,2,408,186,0,186,594
09/09/2022,BFI,WA,ANM,WE,Towers with Radar,17,60,87,0,164,0,38,176,0,214,17,98,263,0,378,150,0,150,528
09/10/2022,BFI,WA,ANM,WE,Towers with Radar,7,70,81,2,160,0,21,101,1,123,7,91,182,3,283,94,0,94,377
09/11/2022,BFI,WA,ANM,WE,Towers with Radar,15,86,86,0,187,0,16,111,0,127,15,102,197,0,314,70,0,70,384
09/12/2022,BFI,WA,ANM,WE,Towers with Radar,15,89,125,0,229,0,16,100,1,117,15,105,225,1,346,92,3,95,441
09/13/2022,BFI,WA,ANM,WE,Towers with Radar,27,67,93,2,189,0,38,175,2,215,27,105,268,4,404,202,0,202,606
09/14/2022,BFI,WA,ANM,WE,Towers with Radar,22,67,82,1,172,0,49,186,0,235,22,116,268,1,407,42,0,42,449
09/15/2022,BFI,WA,ANM,WE,Towers with Radar,32,74,95,3,204,0,21,109,0,130,32,95,204,3,334,209,0,209,543
09/16/2022,BFI,WA,ANM,WE,Towers with Radar,20,93,64,0,177,0,28,132,0,160,20,121,196,0,337,180,0,180,517
09/17/2022,BFI,WA,ANM,WE,Towers with Radar,13,41,62,0,116,0,47,131,10,188,13,88,193,10,304,110,0,110,414
09/18/2022,BFI,WA,ANM,WE,Towers with Radar,12,47,66,0,125,0,45,178,2,225,12,92,244,2,350,154,0,154,504
09/19/2022,BFI,WA,ANM,WE,Towers with Radar,13,86,90,2,191,0,34,145,0,179,13,120,235,2,370,110,0,110,480
09/20/2022,BFI,WA,ANM,WE,Towers with Radar,29,65,82,1,177,0,56,161,0,217,29,121,243,1,394,240,0,240,634
09/21/2022,BFI,WA,ANM,WE,Towers with Radar,40,79,69,2,190,0,46,155,0,201,40,125,224,2,391,224,0,224,615
09/22/2022,BFI,WA,ANM,WE,Towers with Radar,29,73,94,0,196,0,25,117,0,142,29,98,211,0,338,208,34,242,580
09/23/2022,BFI,WA,ANM,WE,Towers with Radar,19,75,83,0,177,0,18,217,0,235,19,93,300,0,412,283,2,285,697
09/24/2022,BFI,WA,ANM,WE,Towers with Radar,9,60,66,0,135,0,33,148,2,183,9,93,214,2,318,192,0,192,510
09/25/2022,BFI,WA,ANM,WE,Towers with Radar,9,76,93,0,178,0,70,110,2,182,9,146,203,2,360,48,0,48,408
09/26/2022,BFI,WA,ANM,WE,Towers with Radar,13,55,52,1,121,0,58,123,0,181,13,113,175,1,302,186,0,186,488
09/27/2022,BFI,WA,ANM,WE,Towers with Radar,37,60,80,2,179,0,27,137,0,164,37,87,217,2,343,176,0,176,519
09/28/2022,BFI,WA,ANM,WE,Towers with Radar,33,70,90,2,195,0,28,104,0,132,33,98,194,2,327,122,0,122,449
09/29/2022,BFI,WA,ANM,WE,Towers with Radar,39,78,103,0,220,0,36,155,1,192,39,114,258,1,412,213,0,213,625
09/30/2022,BFI,WA,ANM,WE,Towers with Radar,30,71,76,5,182,0,26,164,0,190,30,97,240,5,372,146,22,168,540
10/01/2022,BFI,WA,ANM,WE,Towers with Radar,12,52,52,0,116,0,33,171,4,208,12,85,223,4,324,94,0,94,418
10/02/2022,BFI,WA,ANM,WE,Towers with Radar,11,53,68,0,132,0,38,185,8,231,11,91,253,8,363,56,0,56,419
10/03/2022,BFI,WA,ANM,WE,Towers with Radar,13,49,65,2,129,0,38,129,2,169,13,87,194,4,298,144,0,144,442
10/04/2022,BFI,WA,ANM,WE,Towers with Radar,27,48,72,1,148,0,20,35,2,57,27,68,107,3,205,2,0,2,207
10/05/2022,BFI,WA,ANM,WE,Towers with Radar,29,84,94,10,217,0,16,49,0,65,29,100,143,10,282,56,0,56,338
10/06/2022,BFI,WA,ANM,WE,Towers with Radar,25,63,82,0,170,0,13,88,0,101,25,76,170,0,271,210,0,210,481
10/07/2022,BFI,WA,ANM,WE,Towers with Radar,32,66,75,7,180,0,21,155,0,176,32,87,230,7,356,236,1,237,593
10/08/2022,BFI,WA,ANM,WE,Towers with Radar,13,40,36,1,90,0,20,161,0,181,13,60,197,1,271,232,0,232,503
10/09/2022,BFI,WA,ANM,WE,Towers with Radar,10,46,55,2,113,0,32,134,3,169,10,78,189,5,282,204,0,204,486
10/10/2022,BFI,WA,ANM,WE,Towers with Radar,15,33,64,0,112,0,29,111,0,140,15,62,175,0,252,96,1,97,349
10/11/2022,BFI,WA,ANM,WE,Towers with Radar,34,52,54,0,140,0,76,182,2,260,34,128,236,2,400,212,0,212,612
10/12/2022,BFI,WA,ANM,WE,Towers with Radar,28,51,71,6,156,0,40,147,0,187,28,91,218,6,343,172,0,172,515
10/13/2022,BFI,WA,ANM,WE,Towers with Radar,23,52,80,0,155,0,30,132,0,162,23,82,212,0,317,291,0,291,608
10/14/2022,BFI,WA,ANM,WE,Towers with Radar,28,54,101,6,189,0,29,184,0,213,28,83,285,6,402,116,0,116,518
10/15/2022,BFI,WA,ANM,WE,Towers with Radar,11,46,63,2,122,0,15,67,8,90,11,61,130,10,212,36,0,36,248
10/16/2022,BFI,WA,ANM,WE,Towers with Radar,10,66,95,1,172,0,30,198,5,233,10,96,293,6,405,28,0,28,433
10/17/2022,BFI,WA,ANM,WE,Towers with Radar,15,64,72,0,151,0,33,157,2,192,15,97,229,2,343,176,0,176,519
10/18/2022,BFI,WA,ANM,WE,Towers with Radar,34,61,71,0,166,0,19,54,0,73,34,80,125,0,239,110,0,110,349
10/19/2022,BFI,WA,ANM,WE,Towers with Radar,23,78,83,6,190,0,4,10,0,14,23,82,93,6,204,0,0,0,204
10/20/2022,BFI,WA,ANM,WE,Towers with Radar,35,74,96,0,205,0,3,1,0,4,35,77,97,0,209,0,0,0,209
10/21/2022,BFI,WA,ANM,WE,Towers with Radar,32,77,68,1,178,0,6,47,0,53,32,83,115,1,231,178,2,180,411
10/22/2022,BFI,WA,ANM,WE,Towers with Radar,14,59,49,1,123,0,5,59,2,66,14,64,108,3,189,152,0,152,341
10/23/2022,BFI,WA,ANM,WE,Towers with Radar,11,86,82,0,179,0,10,115,1,126,11,96,197,1,305,140,0,140,445
10/24/2022,BFI,WA,ANM,WE,Towers with Radar,16,49,55,9,129,0,8,21,0,29,16,57,76,9,158,68,0,68,226
10/25/2022,BFI,WA,ANM,WE,Towers with Radar,24,54,46,6,130,0,6,16,0,22,24,60,62,6,152,86,0,86,238
10/26/2022,BFI,WA,ANM,WE,Towers with Radar,28,59,64,7,158,0,18,74,1,93,28,77,138,8,251,90,0,90,341
10/27/2022,BFI,WA,ANM,WE,Towers with Radar,29,64,67,2,162,0,21,50,0,71,29,85,117,2,233,123,0,123,356
10/28/2022,BFI,WA,ANM,WE,Towers with Radar,21,73,74,5,173,0,22,51,0,73,21,95,125,5,246,122,0,122,368
10/29/2022,BFI,WA,ANM,WE,Towers with Radar,10,41,67,0,118,0,17,169,0,186,10,58,236,0,304,222,0,222,526
10/30/2022,BFI,WA,ANM,WE,Towers with Radar,8,56,56,0,120,0,5,12,2,19,8,61,68,2,139,52,0,52,191
10/31/2022,BFI,WA,ANM,WE,Towers with Radar,14,72,58,0,144,0,12,30,0,42,14,84,88,0,186,46,0,46,232
11/01/2022,BFI,WA,ANM,WE,Towers with Radar,25,66,76,0,167,0,12,71,0,83,25,78,147,0,250,320,0,320,570
11/02/2022,BFI,WA,ANM,WE,Towers with Radar,27,64,82,0,173,0,14,61,0,75,27,78,143,0,248,258,0,258,506
11/03/2022,BFI,WA,ANM,WE,Towers with Radar,28,70,76,0,174,0,8,37,0,45,28,78,113,0,219,54,0,54,273
11/04/2022,BFI,WA,ANM,WE,Towers with Radar,19,61,63,0,143,0,3,4,0,7,19,64,67,0,150,8,0,8,158
11/05/2022,BFI,WA,ANM,WE,Towers with Radar,8,48,47,2,105,0,5,89,0,94,8,53,136,2,199,194,0,194,393
11/06/2022,BFI,WA,ANM,WE,Towers with Radar,12,51,70,0,133,0,20,71,0,91,12,71,141,0,224,128,0,128,352
11/07/2022,BFI,WA,ANM,WE,Towers with Radar,15,53,63,0,131,0,5,43,0,48,15,58,106,0,179,114,0,114,293
11/08/2022,BFI,WA,ANM,WE,Towers with Radar,27,50,72,0,149,0,20,81,0,101,27,70,153,0,250,102,0,102,352
11/09/2022,BFI,WA,ANM,WE,Towers with Radar,30,44,75,2,151,0,27,176,0,203,30,71,251,2,354,172,0,172,526
11/10/2022,BFI,WA,ANM,WE,Towers with Radar,31,63,92,4,190,0,25,107,0,132,31,88,199,4,322,191,0,191,513
11/11/2022,BFI,WA,ANM,WE,Towers with Radar,26,49,78,0,153,0,25,124,1,150,26,74,202,1,303,194,0,194,497
11/12/2022,BFI,WA,ANM,WE,Towers with Radar,9,45,55,0,109,0,38,186,0,224,9,83,241,0,333,198,0,198,531
11/13/2022,BFI,WA,ANM,WE,Towers with Radar,16,57,76,0,149,0,12,124,0,136,16,69,200,0,285,167,0,167,452
11/14/2022,BFI,WA,ANM,WE,Towers with Radar,12,54,67,2,135,0,24,95,0,119,12,78,162,2,254,116,0,116,370
11/15/2022,BFI,WA,ANM,WE,Towers with Radar,32,53,60,6,151,0,31,108,0,139,32,84,168,6,290,196,0,196,486
11/16/2022,BFI,WA,ANM,WE,Towers with Radar,26,71,75,0,172,0,15,130,0,145,26,86,205,0,317,167,0,167,484
11/17/2022,BFI,WA,ANM,WE,Towers with Radar,30,65,66,0,161,0,20,82,0,102,30,85,148,0,263,74,0,74,337
11/18/2022,BFI,WA,ANM,WE,Towers with Radar,24,66,81,0,171,0,23,198,0,221,24,89,279,0,392,236,0,236,628
11/19/2022,BFI,WA,ANM,WE,Towers with Radar,15,53,69,0,137,0,22,196,0,218,15,75,265,0,355,266,0,266,621
11/20/2022,BFI,WA,ANM,WE,Towers with Radar,15,47,62,0,124,0,14,117,0,131,15,61,179,0,255,178,0,178,433
11/21/2022,BFI,WA,ANM,WE,Towers with Radar,19,55,48,0,122,0,15,89,0,104,19,70,137,0,226,130,0,130,356
11/22/2022,BFI,WA,ANM,WE,Towers with Radar,45,70,59,0,174,0,7,11,0,18,45,77,70,0,192,8,0,8,200
11/23/2022,BFI,WA,ANM,WE,Towers with Radar,42,60,89,0,191,0,21,91,0,112,42,81,180,0,303,124,0,124,427
11/24/2022,BFI,WA,ANM,WE,Towers with Radar,7,14,21,0,42,0,3,24,0,27,7,17,45,0,69,28,0,28,97
11/25/2022,BFI,WA,ANM,WE,Towers with Radar,10,44,30,0,84,0,4,8,0,12,10,48,38,0,96,0,0,0,96
11/26/2022,BFI,WA,ANM,WE,Towers with Radar,14,61,64,0,139,0,3,30,0,33,14,64,94,0,172,80,1,81,253
11/27/2022,BFI,WA,ANM,WE,Towers with Radar,11,72,109,0,192,0,17,104,9,130,11,89,213,9,322,26,5,31,353
11/28/2022,BFI,WA,ANM,WE,Towers with Radar,24,59,69,0,152,0,11,67,4,82,24,70,136,4,234,92,0,92,326
11/29/2022,BFI,WA,ANM,WE,Towers with Radar,38,67,57,1,163,0,0,1,0,1,38,67,58,1,164,0,0,0,164
11/30/2022,BFI,WA,ANM,WE,Towers with Radar,45,75,56,2,178,0,2,10,0,12,45,77,66,2,190,12,2,14,204
12/01/2022,BFI,WA,ANM,WE,Towers with Radar,41,68,51,3,163,0,18,76,0,94,41,86,127,3,257,107,1,108,365
12/02/2022,BFI,WA,ANM,WE,Towers with Radar,23,56,56,1,136,0,5,62,0,67,23,61,118,1,203,168,2,170,373
12/03/2022,BFI,WA,ANM,WE,Towers with Radar,6,35,50,0,91,0,24,89,0,113,6,59,139,0,204,66,0,66,270
12/04/2022,BFI,WA,ANM,WE,Towers with Radar,15,51,50,0,116,0,10,42,0,52,15,61,92,0,168,96,0,96,264
12/05/2022,BFI,WA,ANM,WE,Towers with Radar,33,65,62,0,160,0,6,69,0,75,33,71,131,0,235,98,0,98,333
12/06/2022,BFI,WA,ANM,WE,Towers with Radar,50,71,79,2,202,0,8,14,3,25,50,79,93,5,227,28,10,38,265
12/07/2022,BFI,WA,ANM,WE,Towers with Radar,38,58,85,1,182,0,7,103,0,110,38,65,188,1,292,126,0,126,418
12/08/2022,BFI,WA,ANM,WE,Towers with Radar,40,81,69,2,192,0,4,20,0,24,40,85,89,2,216,64,0,64,280
12/09/2022,BFI,WA,ANM,WE,Towers with Radar,31,77,70,3,181,0,7,52,0,59,31,84,122,3,240,144,0,144,384
12/10/2022,BFI,WA,ANM,WE,Towers with Radar,10,58,62,0,130,0,3,61,0,64,10,61,123,0,194,182,0,182,376
12/11/2022,BFI,WA,ANM,WE,Towers with Radar,6,50,51,0,107,0,0,2,0,2,6,50,53,0,109,0,0,0,109
12/12/2022,BFI,WA,ANM,WE,Towers with Radar,16,71,81,0,168,0,8,77,0,85,16,79,158,0,253,136,2,138,391
12/13/2022,BFI,WA,ANM,WE,Towers with Radar,53,60,59,2,174,0,7,118,0,125,53,67,177,2,299,100,2,102,401
12/14/2022,BFI,WA,ANM,WE,Towers with Radar,49,67,95,5,216,0,12,86,0,98,49,79,181,5,314,76,0,76,390
12/15/2022,BFI,WA,ANM,WE,Towers with Radar,46,88,97,1,232,0,12,115,0,127,46,100,212,1,359,12,0,12,371
12/16/2022,BFI,WA,ANM,WE,Towers with Radar,48,65,84,2,199,0,9,89,0,98,48,74,173,2,297,134,0,134,431
12/17/2022,BFI,WA,ANM,WE,Towers with Radar,50,70,69,1,190,0,0,0,0,0,50,70,69,1,190,6,0,6,196
12/18/2022,BFI,WA,ANM,WE,Towers with Radar,26,54,58,0,138,0,1,15,0,16,26,55,73,0,154,48,0,48,202
12/19/2022,BFI,WA,ANM,WE,Towers with Radar,38,62,61,0,161,0,8,15,0,23,38,70,76,0,184,44,0,44,228
12/20/2022,BFI,WA,ANM,WE,Towers with Radar,40,74,38,0,152,0,0,0,0,0,40,74,38,0,152,0,0,0,152
12/21/2022,BFI,WA,ANM,WE,Towers with Radar,47,57,66,1,171,0,21,42,0,63,47,78,108,1,234,46,0,46,280
12/22/2022,BFI,WA,ANM,WE,Towers with Radar,40,60,68,1,169,0,28,60,3,91,40,88,128,4,260,76,2,78,338
12/23/2022,BFI,WA,ANM,WE,Towers with Radar,9,42,38,0,89,0,0,0,0,0,9,42,38,0,89,0,0,0,89
12/24/2022,BFI,WA,ANM,WE,Towers with Radar,12,68,40,0,120,0,1,1,0,2,12,69,41,0,122,0,0,0,122
12/25/2022,BFI,WA,ANM,WE,Towers with Radar,3,43,24,0,70,0,6,2,0,8,3,49,26,0,78,12,0,12,90
12/26/2022,BFI,WA,ANM,WE,Towers with Radar,8,73,89,0,170,0,11,32,0,43,8,84,121,0,213,48,0,48,261
12/27/2022,BFI,WA,ANM,WE,Towers with Radar,19,47,59,1,126,0,3,22,0,25,19,50,81,1,151,38,0,38,189
12/28/2022,BFI,WA,ANM,WE,Towers with Radar,38,58,49,1,146,0,13,108,3,124,38,71,157,4,270,122,1,123,393
12/29/2022,BFI,WA,ANM,WE,Towers with Radar,32,63,45,2,142,0,4,57,0,61,32,67,102,2,203,210,0,210,413
12/30/2022,BFI,WA,ANM,WE,Towers with Radar,23,48,35,0,106,0,9,35,1,45,23,57,70,1,151,68,0,68,219
12/31/2022,BFI,WA,ANM,WE,Towers with Radar,3,59,46,0,108,0,7,30,0,37,3,66,76,0,145,32,0,32,177
01/01/2023,BFI,WA,ANM,WE,Towers with Radar,1,52,78,0,131,0,4,15,0,19,1,56,93,0,150,6,0,6,156
01/02/2023,BFI,WA,ANM,WE,Towers with Radar,11,63,97,0,171,0,41,94,0,135,11,104,191,0,306,106,0,106,412
01/03/2023,BFI,WA,ANM,WE,Towers with Radar,13,66,62,0,141,0,20,63,0,83,13,86,125,0,224,150,0,150,374
01/04/2023,BFI,WA,ANM,WE,Towers with Radar,26,66,48,2,142,0,17,108,2,127,26,83,156,4,269,64,0,64,333
01/05/2023,BFI,WA,ANM,WE,Towers with Radar,28,46,48,0,122,0,14,46,3,63,28,60,94,3,185,48,0,48,233
01/06/2023,BFI,WA,ANM,WE,Towers with Radar,22,61,65,0,148,0,21,93,1,115,22,82,158,1,263,252,0,252,515
01/07/2023,BFI,WA,ANM,WE,Towers with Radar,5,42,39,0,86,0,28,62,0,90,5,70,101,0,176,210,0,210,386
01/08/2023,BFI,WA,ANM,WE,Towers with Radar,9,53,66,0,128,0,12,49,15,76,9,65,115,15,204,108,0,108,312
01/09/2023,BFI,WA,ANM,WE,Towers with Radar,14,49,41,0,104,0,7,8,0,15,14,56,49,0,119,0,0,0,119
01/10/2023,BFI,WA,ANM,WE,Towers with Radar,28,47,50,3,128,0,24,117,1,142,28,71,167,4,270,108,0,108,378
01/11/2023,BFI,WA,ANM,WE,Towers with Radar,30,67,68,1,166,0,12,121,1,134,30,79,189,2,300,179,0,179,479
01/12/2023,BFI,WA,ANM,WE,Towers with Radar,34,55,64,2,155,0,5,36,0,41,34,60,100,2,196,106,0,106,302
01/13/2023,BFI,WA,ANM,WE,Towers with Radar,26,79,75,4,184,0,3,32,0,35,26,82,107,4,219,98,0,98,317
01/14/2023,BFI,WA,ANM,WE,Towers with Radar,11,62,63,2,138,0,15,166,0,181,11,77,229,2,319,124,0,124,443
01/15/2023,BFI,WA,ANM,WE,Towers with Radar,12,51,42,3,108,0,5,54,0,59,12,56,96,3,167,190,0,190,357
01/16/2023,BFI,WA,ANM,WE,Towers with Radar,32,61,62,0,155,0,15,107,0,122,32,76,169,0,277,134,0,134,411
01/17/2023,BFI,WA,ANM,WE,Towers with Radar,25,57,76,0,158,0,4,25,2,31,25,61,101,2,189,148,2,150,339
01/18/2023,BFI,WA,ANM,WE,Towers with Radar,25,61,53,0,139,0,2,16,1,19,25,63,69,1,158,100,0,100,258
01/19/2023,BFI,WA,ANM,WE,Towers with Radar,29,56,69,0,154,0,16,66,0,82,29,72,135,0,236,220,0,220,456
01/20/2023,BFI,WA,ANM,WE,Towers with Radar,30,69,74,3,176,0,8,143,0,151,30,77,217,3,327,204,0,204,531
01/21/2023,BFI,WA,ANM,WE,Towers with Radar,14,53,37,0,104,0,0,6,0,6,14,53,43,0,110,22,0,22,132
01/22/2023,BFI,WA,ANM,WE,Towers with Radar,14,65,64,0,143,0,9,86,0,95,14,74,150,0,238,102,0,102,340
01/23/2023,BFI,WA,ANM,WE,Towers with Radar,22,46,57,0,125,0,22,74,0,96,22,68,131,0,221,38,0,38,259
01/24/2023,BFI,WA,ANM,WE,Towers with Radar,27,51,61,0,139,0,6,21,0,27,27,57,82,0,166,66,0,66,232
01/25/2023,BFI,WA,ANM,WE,Towers with Radar,27,58,68,0,153,0,13,40,0,53,27,71,108,0,206,218,2,220,426
01/26/2023,BFI,WA,ANM,WE,Towers with Radar,24,69,69,0,162,0,7,17,0,24,24,76,86,0,186,21,0,21,207
01/27/2023,BFI,WA,ANM,WE,Towers with Radar,25,74,68,1,168,0,10,53,0,63,25,84,121,1,231,172,0,172,403
01/28/2023,BFI,WA,ANM,WE,Towers with Radar,11,48,35,0,94,0,11,79,0,90,11,59,114,0,184,308,0,308,492
01/29/2023,BFI,WA,ANM,WE,Towers with Radar,9,50,59,0,118,0,24,205,0,229,9,74,264,0,347,120,0,120,467
01/30/2023,BFI,WA,ANM,WE,Towers with Radar,11,63,66,0,140,0,17,151,2,170,11,80,217,2,310,152,0,152,462
01/31/2023,BFI,WA,ANM,WE,Towers with Radar,36,48,88,0,172,0,23,86,0,109,36,71,174,0,281,158,1,159,440
02/01/2023,BFI,WA,ANM,WE,Towers with Radar,23,45,66,0,134,0,21,97,0,118,23,66,163,0,252,88,0,88,340
02/02/2023,BFI,WA,ANM,WE,Towers with Radar,26,59,67,1,153,0,25,187,4,216,26,84,254,5,369,142,0,142,511
02/03/2023,BFI,WA,ANM,WE,Towers with Radar,16,44,51,2,113,0,6,31,0,37,16,50,82,2,150,64,0,64,214
02/04/2023,BFI,WA,ANM,WE,Towers with Radar,7,43,53,0,103,0,10,77,0,87,7,53,130,0,190,230,0,230,420
02/05/2023,BFI,WA,ANM,WE,Towers with Radar,12,45,49,0,106,0,5,27,0,32,12,50,76,0,138,38,0,38,176
02/06/2023,BFI,WA,ANM,WE,Towers with Radar,9,68,70,0,147,0,10,8,0,18,9,78,78,0,165,4,0,4,169
02/07/2023,BFI,WA,ANM,WE,Towers with Radar,30,55,60,0,145,0,10,15,0,25,30,65,75,0,170,71,0,71,241
02/08/2023,BFI,WA,ANM,WE,Towers with Radar,27,67,86,1,181,0,16,122,2,140,27,83,208,3,321,143,0,143,464
02/09/2023,BFI,WA,ANM,WE,Towers with Radar,29,46,84,4,163,0,24,138,2,164,29,70,222,6,327,125,0,125,452
02/10/2023,BFI,WA,ANM,WE,Towers with Radar,20,58,65,1,144,0,11,83,0,94,20,69,148,1,238,72,0,72,310
02/11/2023,BFI,WA,ANM,WE,Towers with Radar,11,57,56,2,126,0,54,96,0,150,11,111,152,2,276,140,0,140,416
02/12/2023,BFI,WA,ANM,WE,Towers with Radar,6,37,51,1,95,0,36,113,4,153,6,73,164,5,248,274,2,276,524
02/13/2023,BFI,WA,ANM,WE,Towers with Radar,11,47,71,0,129,0,14,43,0,57,11,61,114,0,186,23,0,23,209
02/14/2023,BFI,WA,ANM,WE,Towers with Radar,30,54,57,0,141,0,9,99,1,109,30,63,156,1,250,119,0,119,369
02/15/2023,BFI,WA,ANM,WE,Towers with Radar,26,41,73,3,143,0,38,177,0,215,26,79,250,3,358,140,2,142,500
02/16/2023,BFI,WA,ANM,WE,Towers with Radar,31,35,72,0,138,0,15,98,1,114,31,50,170,1,252,130,0,130,382
02/17/2023,BFI,WA,ANM,WE,Towers with Radar,20,93,91,0,204,0,2,23,0,25,20,95,114,0,229,26,0,26,255
02/18/2023,BFI,WA,ANM,WE,Towers with Radar,8,66,50,0,124,0,12,17,0,29,8,78,67,0,153,66,0,66,219
02/19/2023,BFI,WA,ANM,WE,Towers with Radar,11,50,54,1,116,0,3,28,0,31,11,53,82,1,147,78,0,78,225
02/20/2023,BFI,WA,ANM,WE,Towers with Radar,18,49,84,2,153,0,1,2,0,3,18,50,86,2,156,6,0,6,162
02/21/2023,BFI,WA,ANM,WE,Towers with Radar,33,47,63,1,144,0,24,53,0,77,33,71,116,1,221,171,0,171,392
02/22/2023,BFI,WA,ANM,WE,Towers with Radar,33,55,63,1,152,0,11,39,0,50,33,66,102,1,202,30,0,30,232
02/23/2023,BFI,WA,ANM,WE,Towers with Radar,41,60,89,0,190,0,27,101,0,128,41,87,190,0,318,190,0,190,508
02/24/2023,BFI,WA,ANM,WE,Towers with Radar,22,46,65,2,135,0,35,220,3,258,22,81,285,5,393,198,4,202,595
02/25/2023,BFI,WA,ANM,WE,Towers with Radar,9,64,58,0,131,0,19,123,0,142,9,83,181,0,273,50,0,50,323
02/26/2023,BFI,WA,ANM,WE,Towers with Radar,9,71,70,2,152,0,9,52,0,61,9,80,122,2,213,124,0,124,337
02/27/2023,BFI,WA,ANM,WE,Towers with Radar,17,71,59,3,150,0,2,23,0,25,17,73,82,3,175,50,0,50,225
02/28/2023,BFI,WA,ANM,WE,Towers with Radar,35,64,59,0,158,0,7,58,1,66,35,71,117,1,224,240,0,240,464
03/01/2023,BFI,WA,ANM,WE,Towers with Radar,26,44,71,0,141,0,12,68,2,82,26,56,139,2,223,112,0,112,335
03/02/2023,BFI,WA,ANM,WE,Towers with Radar,21,70,70,0,161,0,1,10,0,11,21,71,80,0,172,25,0,25,197
03/03/2023,BFI,WA,ANM,WE,Towers with Radar,16,58,76,0,150,0,8,19,9,36,16,66,95,9,186,94,0,94,280
03/04/2023,BFI,WA,ANM,WE,Towers with Radar,13,51,44,0,108,0,10,65,0,75,13,61,109,0,183,252,0,252,435
03/05/2023,BFI,WA,ANM,WE,Towers with Radar,8,36,65,0,109,0,21,138,0,159,8,57,203,0,268,124,0,124,392
03/06/2023,BFI,WA,ANM,WE,Towers with Radar,18,62,72,0,152,0,20,133,0,153,18,82,205,0,305,132,2,134,439
03/07/2023,BFI,WA,ANM,WE,Towers with Radar,29,61,67,1,158,0,19,109,0,128,29,80,176,1,286,118,0,118,404
03/08/2023,BFI,WA,ANM,WE,Towers with Radar,30,57,64,0,151,0,5,65,1,71,30,62,129,1,222,224,2,226,448
03/09/2023,BFI,WA,ANM,WE,Towers with Radar,25,59,83,0,167,0,15,73,2,90,25,74,156,2,257,166,0,166,423
03/10/2023,BFI,WA,ANM,WE,Towers with Radar,24,50,64,0,138,0,17,87,0,104,24,67,151,0,242,170,0,170,412
03/11/2023,BFI,WA,ANM,WE,Towers with Radar,7,52,46,2,107,0,20,126,0,146,7,72,172,2,253,140,0,140,393
03/12/2023,BFI,WA,ANM,WE,Towers with Radar,15,62,76,1,154,0,17,79,0,96,15,79,155,1,250,233,0,233,483
03/13/2023,BFI,WA,ANM,WE,Towers with Radar,17,68,61,0,146,0,5,32,1,38,17,73,93,1,184,84,0,84,268
03/14/2023,BFI,WA,ANM,WE,Towers with Radar,35,49,79,0,163,0,23,115,0,138,35,72,194,0,301,153,3,156,457
03/15/2023,BFI,WA,ANM,WE,Towers with Radar,42,52,70,2,166,0,22,133,0,155,42,74,203,2,321,116,0,116,437
03/16/2023,BFI,WA,ANM,WE,Towers with Radar,28,44,65,2,139,0,31,176,0,207,28,75,241,2,346,56,0,56,402
03/17/2023,BFI,WA,ANM,WE,Towers with Radar,22,49,89,2,162,0,37,278,0,315,22,86,367,2,477,144,0,144,621
03/18/2023,BFI,WA,ANM,WE,Towers with Radar,17,48,62,2,129,0,25,159,0,184,17,73,221,2,313,118,0,118,431
03/19/2023,BFI,WA,ANM,WE,Towers with Radar,8,42,66,2,118,0,24,121,8,153,8,66,187,10,271,57,0,57,328
03/20/2023,BFI,WA,ANM,WE,Towers with Radar,12,73,63,0,148,0,13,42,0,55,12,86,105,0,203,70,0,70,273
03/21/2023,BFI,WA,ANM,WE,Towers with Radar,29,76,77,0,182,0,16,92,0,108,29,92,169,0,290,100,0,100,390
03/22/2023,BFI,WA,ANM,WE,Towers with Radar,43,61,76,1,181,0,21,157,1,179,43,82,233,2,360,102,2,104,464
03/23/2023,BFI,WA,ANM,WE,Towers with Radar,40,83,57,1,181,0,10,35,0,45,40,93,92,1,226,119,0,119,345
03/24/2023,BFI,WA,ANM,WE,Towers with Radar,29,73,93,1,196,0,7,33,0,40,29,80,126,1,236,18,0,18,254
03/25/2023,BFI,WA,ANM,WE,Towers with Radar,18,44,45,4,111,0,19,50,0,69,18,63,95,4,180,150,0,150,330
03/26/2023,BFI,WA,ANM,WE,Towers with Radar,17,57,66,0,140,0,39,167,0,206,17,96,233,0,346,186,0,186,532
03/27/2023,BFI,WA,ANM,WE,Towers with Radar,29,65,68,0,162,0,25,118,0,143,29,90,186,0,305,60,0,60,365
03/28/2023,BFI,WA,ANM,WE,Towers with Radar,35,72,55,0,162,0,44,102,0,146,35,116,157,0,308,84,0,84,392
03/29/2023,BFI,WA,ANM,WE,Towers with Radar,25,50,72,1,148,0,31,178,0,209,25,81,250,1,357,206,0,206,563
03/30/2023,BFI,WA,ANM,WE,Towers with Radar,31,76,88,0,195,0,21,82,11,114,31,97,170,11,309,165,0,165,474
03/31/2023,BFI,WA,ANM,WE,Towers with Radar,23,79,62,0,164,0,15,37,0,52,23,94,99,0,216,85,0,85,301
04/01/2023,BFI,WA,ANM,WE,Towers with Radar,14,55,43,0,112,0,9,50,0,59,14,64,93,0,171,80,0,80,251
04/02/2023,BFI,WA,ANM,WE,Towers with Radar,11,64,66,0,141,0,9,34,4,47,11,73,100,4,188,22,0,22,210
04/03/2023,BFI,WA,ANM,WE,Towers with Radar,15,48,41,0,104,0,18,64,1,83,15,66,105,1,187,84,0,84,271
04/04/2023,BFI,WA,ANM,WE,Towers with Radar,33,42,49,0,124,0,14,113,1,128,33,56,162,1,252,124,0,124,376
04/05/2023,BFI,WA,ANM,WE,Towers with Radar,35,48,56,0,139,0,48,171,0,219,35,96,227,0,358,160,2,162,520
04/06/2023,BFI,WA,ANM,WE,Towers with Radar,27,72,67,0,166,0,3,61,0,64,27,75,128,0,230,256,0,256,486
04/07/2023,BFI,WA,ANM,WE,Towers with Radar,33,77,72,0,182,0,24,88,1,113,33,101,160,1,295,124,2,126,421
04/08/2023,BFI,WA,ANM,WE,Towers with Radar,11,54,44,0,109,0,10,60,0,70,11,64,104,0,179,208,0,208,387
04/09/2023,BFI,WA,ANM,WE,Towers with Radar,18,54,35,0,107,0,2,29,0,31,18,56,64,0,138,144,0,144,282
04/10/2023,BFI,WA,ANM,WE,Towers with Radar,16,67,61,0,144,0,4,25,0,29,16,71,86,0,173,78,0,78,251
04/11/2023,BFI,WA,ANM,WE,Towers with Radar,29,63,52,1,145,0,18,33,0,51,29,81,85,1,196,18,0,18,214
04/12/2023,BFI,WA,ANM,WE,Towers with Radar,40,62,69,1,172,0,21,161,1,183,40,83,230,2,355,180,0,180,535
04/13/2023,BFI,WA,ANM,WE,Towers with Radar,19,62,52,1,134,0,35,138,0,173,19,97,190,1,307,264,2,266,573
04/14/2023,BFI,WA,ANM,WE,Towers with Radar,20,59,65,4,148,0,37,208,0,245,20,96,273,4,393,118,0,118,511
04/15/2023,BFI,WA,ANM,WE,Towers with Radar,7,61,62,0,130,0,36,135,0,171,7,97,197,0,301,134,0,134,435
04/16/2023,BFI,WA,ANM,WE,Towers with Radar,11,87,74,0,172,0,12,29,4,45,11,99,103,4,217,54,2,56,273
04/17/2023,BFI,WA,ANM,WE,Towers with Radar,15,76,65,0,156,0,22,56,0,78,15,98,121,0,234,90,0,90,324
04/18/2023,BFI,WA,ANM,WE,Towers with Radar,25,77,62,0,164,0,19,26,0,45,25,96,88,0,209,46,0,46,255
04/19/2023,BFI,WA,ANM,WE,Towers with Radar,26,61,61,0,148,0,43,112,4,159,26,104,173,4,307,105,0,105,412
04/20/2023,BFI,WA,ANM,WE,Towers with Radar,21,55,77,3,156,0,17,49,0,66,21,72,126,3,222,134,0,134,356
04/21/2023,BFI,WA,ANM,WE,Towers with Radar,21,67,71,0,159,0,14,125,0,139,21,81,196,0,298,218,0,218,516
04/22/2023,BFI,WA,ANM,WE,Towers with Radar,9,55,73,0,137,0,20,148,0,168,9,75,221,0,305,166,0,166,471
04/23/2023,BFI,WA,ANM,WE,Towers with Radar,11,66,76,1,154,0,12,44,2,58,11,78,120,3,212,54,0,54,266
04/24/2023,BFI,WA,ANM,WE,Towers with Radar,12,59,46,0,117,0,26,96,0,122,12,85,142,0,239,154,0,154,393
04/25/2023,BFI,WA,ANM,WE,Towers with Radar,23,39,80,0,142,0,31,107,0,138,23,70,187,0,280,201,0,201,481
04/26/2023,BFI,WA,ANM,WE,Towers with Radar,26,55,64,0,145,0,30,178,0,208,26,85,242,0,353,176,0,176,529
04/27/2023,BFI,WA,ANM,WE,Towers with Radar,26,57,79,3,165,0,37,160,0,197,26,94,239,3,362,148,1,149,511
04/28/2023,BFI,WA,ANM,WE,Towers with Radar,17,51,53,0,121,0,54,255,5,314,17,105,308,5,435,26,1,27,462
04/29/2023,BFI,WA,ANM,WE,Towers with Radar,9,48,46,0,103,0,39,252,6,297,9,87,298,6,400,175,2,177,577
04/30/2023,BFI,WA,ANM,WE,Towers with Radar,9,69,73,0,151,0,22,147,0,169,9,91,220,0,320,248,0,248,568
05/01/2023,BFI,WA,ANM,WE,Towers with Radar,10,62,72,3,147,0,26,88,0,114,10,88,160,3,261,28,0,28,289
05/02/2023,BFI,WA,ANM,WE,Towers with Radar,23,67,70,0,160,0,45,156,0,201,23,112,226,0,361,14,0,14,375
05/03/2023,BFI,WA,ANM,WE,Towers with Radar,20,57,64,4,145,0,40,131,0,171,20,97,195,4,316,100,0,100,416
05/04/2023,BFI,WA,ANM,WE,Towers with Radar,21,52,80,0,153,0,17,34,0,51,21,69,114,0,204,62,0,62,266
05/05/2023,BFI,WA,ANM,WE,Towers with Radar,23,75,91,0,189,0,2,3,0,5,23,77,94,0,194,6,0,6,200
05/06/2023,BFI,WA,ANM,WE,Towers with Radar,14,42,46,3,105,0,14,83,0,97,14,56,129,3,202,162,0,162,364
05/07/2023,BFI,WA,ANM,WE,Towers with Radar,15,67,89,0,171,0,37,143,6,186,15,104,232,6,357,80,0,80,437
05/08/2023,BFI,WA,ANM,WE,Towers with Radar,16,58,67,2,143,0,34,119,0,153,16,92,186,2,296,4,0,4,300
05/09/2023,BFI,WA,ANM,WE,Towers with Radar,28,69,77,4,178,0,30,115,0,145,28,99,192,4,323,114,0,114,437
05/10/2023,BFI,WA,ANM,WE,Towers with Radar,29,78,84,0,191,0,24,187,4,215,29,102,271,4,406,32,0,32,438
05/11/2023,BFI,WA,ANM,WE,Towers with Radar,15,94,95,3,207,0,47,146,0,193,15,141,241,3,400,72,0,72,472
05/12/2023,BFI,WA,ANM,WE,Towers with Radar,26,40,58,1,125,0,65,243,0,308,26,105,301,1,433,84,0,84,517
05/13/2023,BFI,WA,ANM,WE,Towers with Radar,13,58,46,2,119,0,42,186,1,229,13,100,232,3,348,2,2,4,352
05/14/2023,BFI,WA,ANM,WE,Towers with Radar,12,63,45,0,120,0,49,166,0,215,12,112,211,0,335,84,0,84,419
05/15/2023,BFI,WA,ANM,WE,Towers with Radar,11,54,46,2,113,0,50,147,0,197,11,104,193,2,310,32,0,32,342
05/16/2023,BFI,WA,ANM,WE,Towers with Radar,28,57,72,3,160,0,24,159,0,183,28,81,231,3,343,182,0,182,525
05/17/2023,BFI,WA,ANM,WE,Towers with Radar,23,71,93,2,189,0,62,182,0,244,23,133,275,2,433,132,0,132,565
05/18/2023,BFI,WA,ANM,WE,Towers with Radar,30,60,77,2,169,0,47,195,0,242,30,107,272,2,411,138,0,138,549
05/19/2023,BFI,WA,ANM,WE,Towers with Radar,18,57,91,2,168,0,29,179,0,208,18,86,270,2,376,108,0,108,484
05/20/2023,BFI,WA,ANM,WE,Towers with Radar,6,55,37,2,100,0,40,200,0,240,6,95,237,2,340,86,0,86,426
05/21/2023,BFI,WA,ANM,WE,Towers with Radar,12,67,92,0,171,0,19,74,0,93,12,86,166,0,264,84,2,86,350
05/22/2023,BFI,WA,ANM,WE,Towers with Radar,14,70,89,0,173,0,25,107,0,132,14,95,196,0,305,68,0,68,373
05/23/2023,BFI,WA,ANM,WE,Towers with Radar,31,50,73,0,154,0,27,135,0,162,31,77,208,0,316,50,0,50,366
05/24/2023,BFI,WA,ANM,WE,Towers with Radar,30,47,75,1,153,0,47,169,1,217,30,94,244,2,370,32,0,32,402
05/25/2023,BFI,WA,ANM,WE,Towers with Radar,31,64,75,5,175,0,39,151,0,190,31,103,226,5,365,47,0,47,412
05/26/2023,BFI,WA,ANM,WE,Towers with Radar,17,68,68,14,167,0,49,249,0,298,17,117,317,14,465,26,0,26,491
05/27/2023,BFI,WA,ANM,WE,Towers with Radar,7,57,45,10,119,0,48,96,0,144,7,105,141,10,263,26,0,26,289
05/28/2023,BFI,WA,ANM,WE,Towers with Radar,5,58,57,8,128,0,50,102,4,156,5,108,159,12,284,124,0,124,408
05/29/2023,BFI,WA,ANM,WE,Towers with Radar,1,73,90,2,166,0,40,104,0,144,1,113,194,2,310,72,0,72,382
05/30/2023,BFI,WA,ANM,WE,Towers with Radar,15,63,104,2,184,0,57,156,5,218,15,120,260,7,402,180,0,180,582
05/31/2023,BFI,WA,ANM,WE,Towers with Radar,33,64,86,2,185,0,40,166,3,209,33,104,252,5,394,138,0,138,532
06/01/2023,BFI,WA,ANM,WE,Towers with Radar,29,49,88,1,167,0,49,172,0,221,29,98,260,1,388,52,2,54,442
06/02/2023,BFI,WA,ANM,WE,Towers with Radar,22,50,62,1,135,0,40,211,0,251,22,90,273,1,386,140,0,140,526
06/03/2023,BFI,WA,ANM,WE,Towers with Radar,10,43,46,0,99,0,50,200,0,250,10,93,246,0,349,96,0,96,445
06/04/2023,BFI,WA,ANM,WE,Towers with Radar,9,64,56,0,129,0,57,149,0,206,9,121,205,0,335,84,0,84,419
06/05/2023,BFI,WA,ANM,WE,Towers with Radar,16,59,69,4,148,0,68,138,0,206,16,127,207,4,354,26,2,28,382
06/06/2023,BFI,WA,ANM,WE,Towers with Radar,21,57,56,2,136,0,55,181,0,236,21,112,237,2,372,12,0,12,384
06/07/2023,BFI,WA,ANM,WE,Towers with Radar,32,59,62,2,155,0,60,233,0,293,32,119,295,2,448,150,2,152,600
06/08/2023,BFI,WA,ANM,WE,Towers with Radar,36,59,114,1,210,0,48,204,0,252,36,107,318,1,462,272,0,272,734
06/09/2023,BFI,WA,ANM,WE,Towers with Radar,22,69,88,7,186,0,11,32,0,43,22,80,120,7,229,26,0,26,255
06/10/2023,BFI,WA,ANM,WE,Towers with Radar,9,58,65,11,143,0,17,55,0,72,9,75,120,11,215,150,0,150,365
06/11/2023,BFI,WA,ANM,WE,Towers with Radar,14,53,61,2,130,0,36,186,2,224,14,89,247,4,354,192,0,192,546
06/12/2023,BFI,WA,ANM,WE,Towers with Radar,14,68,87,2,171,0,49,189,2,240,14,117,276,4,411,26,0,26,437
06/13/2023,BFI,WA,ANM,WE,Towers with Radar,28,70,83,0,181,0,40,76,0,116,28,110,159,0,297,186,0,186,483
06/14/2023,BFI,WA,ANM,WE,Towers with Radar,29,86,99,0,214,0,52,195,0,247,29,138,294,0,461,198,6,204,665
06/15/2023,BFI,WA,ANM,WE,Towers with Radar,25,85,95,0,205,0,48,173,2,223,25,133,268,2,428,194,0,194,622
06/16/2023,BFI,WA,ANM,WE,Towers with Radar,23,67,103,0,193,0,51,167,0,218,23,118,270,0,411,142,0,142,553
06/17/2023,BFI,WA,ANM,WE,Towers with Radar,11,67,96,1,175,0,30,70,2,102,11,97,166,3,277,8,0,8,285
06/18/2023,BFI,WA,ANM,WE,Towers with Radar,13,75,81,0,169,0,27,88,0,115,13,102,169,0,284,128,0,128,412
06/19/2023,BFI,WA,ANM,WE,Towers with Radar,15,71,94,1,181,0,29,102,0,131,15,100,196,1,312,146,0,146,458
06/20/2023,BFI,WA,ANM,WE,Towers with Radar,22,90,78,0,190,0,16,55,6,77,22,106,133,6,267,184,0,184,451
06/21/2023,BFI,WA,ANM,WE,Towers with Radar,25,69,90,0,184,1,41,216,3,261,26,110,306,3,445,178,0,178,623
06/22/2023,BFI,WA,ANM,WE,Towers with Radar,33,53,73,0,159,0,64,155,2,221,33,117,228,2,380,64,2,66,446
06/23/2023,BFI,WA,ANM,WE,Towers with Radar,19,73,84,0,176,0,65,207,0,272,19,138,291,0,448,191,0,191,639
06/24/2023,BFI,WA,ANM,WE,Towers with Radar,10,57,55,0,122,0,83,143,0,226,10,140,198,0,348,128,0,128,476
06/25/2023,BFI,WA,ANM,WE,Towers with Radar,11,63,82,0,156,1,62,237,0,300,12,125,319,0,456,146,0,146,602
06/26/2023,BFI,WA,ANM,WE,Towers with Radar,10,68,77,0,155,0,34,120,0,154,10,102,197,0,309,24,0,24,333
06/27/2023,BFI,WA,ANM,WE,Towers with Radar,33,57,89,0,179,0,56,140,1,197,33,113,229,1,376,2,0,2,378
06/28/2023,BFI,WA,ANM,WE,Towers with Radar,23,78,87,3,191,0,64,180,5,249,23,142,267,8,440,26,0,26,466
06/29/2023,BFI,WA,ANM,WE,Towers with Radar,28,69,79,2,178,0,53,184,4,241,28,122,263,6,419,94,4,98,517
06/30/2023,BFI,WA,ANM,WE,Towers with Radar,23,63,100,3,189,0,88,225,0,313,23,151,325,3,502,116,0,116,618
07/01/2023,BFI,WA,ANM,WE,Towers with Radar,10,61,79,1,151,0,91,229,3,323,10,152,308,4,474,84,0,84,558
07/02/2023,BFI,WA,ANM,WE,Towers with Radar,15,54,63,0,132,0,58,189,0,247,15,112,252,0,379,42,0,42,421
07/03/2023,BFI,WA,ANM,WE,Towers with Radar,8,43,42,1,94,0,95,161,2,258,8,138,203,3,352,36,0,36,388
07/04/2023,BFI,WA,ANM,WE,Towers with Radar,3,43,43,0,89,0,39,108,0,147,3,82,151,0,236,52,0,52,288
07/05/2023,BFI,WA,ANM,WE,Towers with Radar,19,71,74,2,166,0,95,197,2,294,19,166,271,4,460,170,0,170,630
07/06/2023,BFI,WA,ANM,WE,Towers with Radar,23,43,80,1,147,0,69,168,0,237,23,112,248,1,384,176,0,176,560
07/07/2023,BFI,WA,ANM,WE,Towers with Radar,32,75,71,6,184,0,55,162,0,217,32,130,233,6,401,124,0,124,525
07/08/2023,BFI,WA,ANM,WE,Towers with Radar,7,69,91,3,170,0,39,151,2,192,7,108,242,5,362,128,0,128,490
07/09/2023,BFI,WA,ANM,WE,Towers with Radar,13,73,92,0,178,0,54,199,2,255,13,127,291,2,433,170,0,170,603
07/10/2023,BFI,WA,ANM,WE,Towers with Radar,13,89,88,3,193,0,45,156,1,202,13,134,244,4,395,96,0,96,491
07/11/2023,BFI,WA,ANM,WE,Towers with Radar,31,80,91,3,205,0,70,184,2,256,31,150,275,5,461,228,0,228,689
07/12/2023,BFI,WA,ANM,WE,Towers with Radar,36,79,84,2,201,0,57,161,0,218,36,136,245,2,419,230,0,230,649
07/13/2023,BFI,WA,ANM,WE,Towers with Radar,31,58,84,1,174,0,48,248,0,296,31,106,332,1,470,142,0,142,612
07/14/2023,BFI,WA,ANM,WE,Towers with Radar,25,46,79,3,153,0,64,229,0,293,25,110,308,3,446,88,0,88,534
07/15/2023,BFI,WA,ANM,WE,Towers with Radar,11,69,57,2,139,0,62,183,4,249,11,131,240,6,388,80,0,80,468
07/16/2023,BFI,WA,ANM,WE,Towers with Radar,8,55,69,1,133,0,69,172,2,243,8,124,241,3,376,46,0,46,422
07/17/2023,BFI,WA,ANM,WE,Towers with Radar,16,54,101,1,172,0,48,121,1,170,16,102,222,2,342,214,0,214,556
07/18/2023,BFI,WA,ANM,WE,Towers with Radar,33,49,80,1,163,0,85,122,0,207,33,134,202,1,370,62,0,62,432
07/19/2023,BFI,WA,ANM,WE,Towers with Radar,25,49,82,0,156,0,74,184,6,264,25,123,266,6,420,216,0,216,636
07/20/2023,BFI,WA,ANM,WE,Towers with Radar,20,54,108,1,183,0,78,276,0,354,20,132,384,1,537,90,0,90,627
07/21/2023,BFI,WA,ANM,WE,Towers with Radar,23,69,98,3,193,0,73,122,0,195,23,142,220,3,388,118,0,118,506
07/22/2023,BFI,WA,ANM,WE,Towers with Radar,9,49,80,0,138,0,73,169,0,242,9,122,249,0,380,6,0,6,386
07/23/2023,BFI,WA,ANM,WE,Towers with Radar,9,60,104,2,175,0,68,282,1,351,9,128,386,3,526,116,0,116,642
07/24/2023,BFI,WA,ANM,WE,Towers with Radar,11,91,94,4,200,0,42,76,0,118,11,133,170,4,318,88,0,88,406
07/25/2023,BFI,WA,ANM,WE,Towers with Radar,24,71,77,3,175,0,31,124,0,155,24,102,201,3,330,240,0,240,570
07/26/2023,BFI,WA,ANM,WE,Towers with Radar,19,60,52,1,132,0,45,231,0,276,19,105,283,1,408,254,2,256,664
07/27/2023,BFI,WA,ANM,WE,Towers with Radar,26,64,92,2,184,0,61,224,0,285,26,125,316,2,469,218,0,218,687
07/28/2023,BFI,WA,ANM,WE,Towers with Radar,19,64,73,2,158,0,60,165,1,226,19,124,238,3,384,106,0,106,490
07/29/2023,BFI,WA,ANM,WE,Towers with Radar,7,55,42,0,104,0,84,205,0,289,7,139,247,0,393,218,0,218,611
07/30/2023,BFI,WA,ANM,WE,Towers with Radar,11,53,74,0,138,0,62,225,0,287,11,115,299,0,425,192,0,192,617
07/31/2023,BFI,WA,ANM,WE,Towers with Radar,12,61,88,2,163,0,93,203,4,300,12,154,291,6,463,142,0,142,605
08/01/2023,BFI,WA,ANM,WE,Towers with Radar,17,52,82,4,155,0,63,177,4,244,17,115,259,8,399,140,0,140,539
08/02/2023,BFI,WA,ANM,WE,Towers with Radar,33,50,60,1,144,0,60,203,2,265,33,110,263,3,409,94,2,96,505
08/03/2023,BFI,WA,ANM,WE,Towers with Radar,22,47,69,14,152,0,54,123,5,182,22,101,192,19,334,46,0,46,380
08/04/2023,BFI,WA,ANM,WE,Towers with Radar,22,55,74,2,153,0,61,120,9,190,22,116,194,11,343,138,2,140,483
08/05/2023,BFI,WA,ANM,WE,Towers with Radar,6,40,40,0,86,0,65,84,9,158,6,105,124,9,244,84,0,84,328
08/06/2023,BFI,WA,ANM,WE,Towers with Radar,7,56,58,2,123,1,18,50,12,81,8,74,108,14,204,40,2,42,246
08/07/2023,BFI,WA,ANM,WE,Towers with Radar,13,67,103,4,187,0,34,150,0,184,13,101,253,4,371,234,0,234,605
08/08/2023,BFI,WA,ANM,WE,Towers with Radar,21,66,113,0,200,0,51,159,1,211,21,117,272,1,411,228,0,228,639
08/09/2023,BFI,WA,ANM,WE,Towers with Radar,25,88,93,0,206,0,23,84,3,110,25,111,177,3,316,128,0,128,444
08/10/2023,BFI,WA,ANM,WE,Towers with Radar,19,78,77,2,176,0,62,221,0,283,19,140,298,2,459,230,0,230,689
08/11/2023,BFI,WA,ANM,WE,Towers with Radar,21,48,67,2,138,0,58,232,1,291,21,106,299,3,429,162,0,162,591
08/12/2023,BFI,WA,ANM,WE,Towers with Radar,14,54,51,2,121,0,74,224,0,298,14,128,275,2,419,78,0,78,497
08/13/2023,BFI,WA,ANM,WE,Towers with Radar,15,61,93,1,170,0,83,194,0,277,15,144,287,1,447,20,0,20,467
08/14/2023,BFI,WA,ANM,WE,Towers with Radar,18,73,61,3,155,0,76,145,0,221,18,149,206,3,376,128,0,128,504
08/15/2023,BFI,WA,ANM,WE,Towers with Radar,25,56,62,4,147,0,74,153,1,228,25,130,215,5,375,140,0,140,515
08/16/2023,BFI,WA,ANM,WE,Towers with Radar,26,39,85,2,152,0,60,211,0,271,26,99,296,2,423,268,1,269,692
08/17/2023,BFI,WA,ANM,WE,Towers with Radar,27,46,114,0,187,0,78,277,0,355,27,124,391,0,542,232,0,232,774
08/18/2023,BFI,WA,ANM,WE,Towers with Radar,30,65,60,1,156,0,63,201,0,264,30,128,261,1,420,194,1,195,615
08/19/2023,BFI,WA,ANM,WE,Towers with Radar,7,40,65,0,112,0,91,165,0,256,7,131,230,0,368,164,0,164,532
08/20/2023,BFI,WA,ANM,WE,Towers with Radar,10,58,84,2,154,0,29,98,1,128,10,87,182,3,282,92,0,92,374
08/21/2023,BFI,WA,ANM,WE,Towers with Radar,9,74,87,4,174,0,47,102,1,150,9,121,189,5,324,120,0,120,444
08/22/2023,BFI,WA,ANM,WE,Towers with Radar,27,61,90,1,179,0,62,148,1,211,27,123,238,2,390,322,0,322,712
08/23/2023,BFI,WA,ANM,WE,Towers with Radar,27,67,77,0,171,0,63,233,0,296,27,130,310,0,467,222,0,222,689
08/24/2023,BFI,WA,ANM,WE,Towers with Radar,15,60,75,1,151,0,62,221,4,287,15,122,296,5,438,230,0,230,668
08/25/2023,BFI,WA,ANM,WE,Towers with Radar,23,61,71,3,158,0,48,157,1,206,23,109,228,4,364,120,0,120,484
08/26/2023,BFI,WA,ANM,WE,Towers with Radar,10,48,50,1,109,0,63,148,0,211,10,111,198,1,320,84,0,84,404
08/27/2023,BFI,WA,ANM,WE,Towers with Radar,7,72,76,1,156,0,90,208,0,298,7,162,284,1,454,126,0,126,580
08/28/2023,BFI,WA,ANM,WE,Towers with Radar,7,86,91,2,186,0,34,65,0,99,7,120,156,2,285,74,0,74,359
08/29/2023,BFI,WA,ANM,WE,Towers with Radar,23,50,75,0,148,0,24,30,0,54,23,74,105,0,202,50,0,50,252
08/30/2023,BFI,WA,ANM,WE,Towers with Radar,24,65,97,4,190,0,54,149,1,204,24,119,246,5,394,72,0,72,466
08/31/2023,BFI,WA,ANM,WE,Towers with Radar,21,66,97,0,184,0,48,129,1,178,21,114,226,1,362,196,10,206,568
