01/01/2000,BFL,CA,AWP,WE,Towers with Radar,0,45,61,2,108,0,0,11,2,13,0,45,72,4,121,12,0,12,133
01/02/2000,BFL,CA,AWP,WE,Towers with Radar,0,52,101,0,153,0,0,7,0,7,0,52,108,0,160,28,0,28,188
01/03/2000,BFL,CA,AWP,WE,Towers with Radar,0,72,107,1,180,0,0,26,0,26,0,72,133,1,206,43,0,43,249
01/04/2000,BFL,CA,AWP,WE,Towers with Radar,2,126,133,2,263,0,2,48,6,56,2,128,181,8,319,247,4,251,570
01/05/2000,BFL,CA,AWP,WE,Towers with Radar,2,87,109,2,200,0,0,28,27,55,2,87,137,29,255,274,16,290,545
01/06/2000,BFL,CA,AWP,WE,Towers with Radar,2,81,86,0,169,10,33,205,0,248,12,114,291,0,417,63,0,63,480
01/07/2000,BFL,CA,AWP,WE,Towers with Radar,0,83,88,0,171,0,21,65,0,86,0,104,153,0,257,50,0,50,307
01/08/2000,BFL,CA,AWP,WE,Towers with Radar,0,59,62,0,121,0,4,73,0,77,0,63,135,0,198,51,0,51,249
01/09/2000,BFL,CA,AWP,WE,Towers with Radar,0,55,80,0,135,0,0,53,0,53,0,55,133,0,188,38,0,38,226
01/10/2000,BFL,CA,AWP,WE,Towers with Radar,1,64,66,2,133,1,25,126,14,166,2,89,192,16,299,110,14,124,423
01/11/2000,BFL,CA,AWP,WE,Towers with Radar,1,62,64,1,128,2,76,132,3,213,3,138,196,4,341,202,4,206,547
01/12/2000,BFL,CA,AWP,WE,Towers with Radar,2,99,103,2,206,9,18,89,19,135,11,117,192,21,341,204,20,224,565
01/13/2000,BFL,CA,AWP,WE,Towers with Radar,2,70,73,1,146,0,58,186,5,249,2,128,259,6,395,295,0,295,690
01/14/2000,BFL,CA,AWP,WE,Towers with Radar,0,55,57,1,113,0,79,273,0,352,0,134,330,1,465,317,0,317,782
01/15/2000,BFL,CA,AWP,WE,Towers with Radar,0,48,50,1,99,0,14,124,10,148,0,62,174,11,247,96,14,110,357
01/16/2000,BFL,CA,AWP,WE,Towers with Radar,0,59,60,0,119,0,3,11,0,14,0,62,71,0,133,22,0,22,155
01/17/2000,BFL,CA,AWP,WE,Towers with Radar,0,61,63,0,124,0,20,70,0,90,0,81,133,0,214,94,0,94,308
01/18/2000,BFL,CA,AWP,WE,Towers with Radar,1,108,115,2,226,1,0,0,0,1,2,108,115,2,227,173,0,173,400
01/19/2000,BFL,CA,AWP,WE,Towers with Radar,1,119,123,4,247,1,4,79,0,84,2,123,202,4,331,265,0,265,596
01/20/2000,BFL,CA,AWP,WE,Towers with Radar,1,69,72,0,142,1,45,168,0,214,2,114,240,0,356,223,0,223,579
01/21/2000,BFL,CA,AWP,WE,Towers with Radar,0,52,54,0,106,0,50,164,0,214,0,102,218,0,320,218,0,218,538
01/22/2000,BFL,CA,AWP,WE,Towers with Radar,0,70,150,0,220,0,0,64,0,64,0,70,214,0,284,116,0,116,400
01/23/2000,BFL,CA,AWP,WE,Towers with Radar,0,60,83,0,143,0,0,32,0,32,0,60,115,0,175,63,0,63,238
01/24/2000,BFL,CA,AWP,WE,Towers with Radar,1,109,114,0,224,1,29,38,0,68,2,138,152,0,292,325,0,325,617
01/25/2000,BFL,CA,AWP,WE,Towers with Radar,1,102,118,0,221,1,0,28,0,29,2,102,146,0,250,38,0,38,288
01/26/2000,BFL,CA,AWP,WE,Towers with Radar,1,108,113,3,225,1,68,114,1,184,2,176,227,4,409,288,0,288,697
01/27/2000,BFL,CA,AWP,WE,Towers with Radar,1,71,75,0,147,3,64,171,0,238,4,135,246,0,385,287,0,287,672
01/28/2000,BFL,CA,AWP,WE,Towers with Radar,0,33,35,0,68,0,79,274,0,353,0,112,309,0,421,226,0,226,647
01/29/2000,BFL,CA,AWP,WE,Towers with Radar,0,48,105,0,153,0,0,99,0,99,0,48,204,0,252,58,0,58,310
01/30/2000,BFL,CA,AWP,WE,Towers with Radar,0,53,70,2,125,0,0,4,1,5,0,53,74,3,130,73,0,73,203
01/31/2000,BFL,CA,AWP,WE,Towers with Radar,1,111,125,3,240,1,0,109,5,115,2,111,234,8,355,153,0,153,508
02/01/2000,BFL,CA,AWP,WE,Towers with Radar,0,70,53,0,123,0,77,175,2,254,0,147,228,2,377,298,0,298,675
02/02/2000,BFL,CA,AWP,WE,Towers with Radar,2,57,49,0,108,0,57,126,0,183,2,114,175,0,291,269,0,269,560
02/03/2000,BFL,CA,AWP,WE,Towers with Radar,1,84,64,0,149,0,26,127,0,153,1,110,191,0,302,120,0,120,422
02/04/2000,BFL,CA,AWP,WE,Towers with Radar,0,87,55,0,142,0,39,128,2,169,0,126,183,2,311,346,0,346,657
02/05/2000,BFL,CA,AWP,WE,Towers with Radar,9,53,48,0,110,0,17,100,0,117,9,70,148,0,227,73,0,73,300
02/06/2000,BFL,CA,AWP,WE,Towers with Radar,0,48,24,0,72,2,3,120,0,125,2,51,144,0,197,37,0,37,234
02/07/2000,BFL,CA,AWP,WE,Towers with Radar,2,62,53,0,117,2,27,93,0,122,4,89,146,0,239,181,0,181,420
02/08/2000,BFL,CA,AWP,WE,Towers with Radar,2,58,49,2,111,0,56,75,2,133,2,114,124,4,244,230,0,230,474
02/09/2000,BFL,CA,AWP,WE,Towers with Radar,0,63,53,2,118,0,64,134,16,214,0,127,187,18,332,316,32,348,680
02/10/2000,BFL,CA,AWP,WE,Towers with Radar,3,90,75,2,170,1,45,100,2,148,4,135,175,4,318,257,0,257,575
02/11/2000,BFL,CA,AWP,WE,Towers with Radar,0,88,74,2,164,0,65,118,0,183,0,153,192,2,347,277,0,277,624
02/12/2000,BFL,CA,AWP,WE,Towers with Radar,0,36,32,0,68,0,6,56,0,62,0,42,88,0,130,66,0,66,196
02/13/2000,BFL,CA,AWP,WE,Towers with Radar,0,39,34,0,73,0,3,48,0,51,0,42,82,0,124,45,0,45,169
02/14/2000,BFL,CA,AWP,WE,Towers with Radar,2,81,67,2,152,0,19,94,2,115,2,100,161,4,267,260,0,260,527
02/15/2000,BFL,CA,AWP,WE,Towers with Radar,2,73,61,2,138,0,97,136,11,244,2,170,197,13,382,296,4,300,682
02/16/2000,BFL,CA,AWP,WE,Towers with Radar,1,52,44,0,97,1,62,97,0,160,2,114,141,0,257,242,0,242,499
02/17/2000,BFL,CA,AWP,WE,Towers with Radar,2,107,89,3,201,4,23,109,5,141,6,130,198,8,342,233,0,233,575
02/18/2000,BFL,CA,AWP,WE,Towers with Radar,2,87,72,0,161,3,33,124,0,160,5,120,196,0,321,176,0,176,497
02/19/2000,BFL,CA,AWP,WE,Towers with Radar,0,45,38,1,84,0,11,85,0,96,0,56,123,1,180,84,0,84,264
02/20/2000,BFL,CA,AWP,WE,Towers with Radar,0,27,23,0,50,0,12,0,0,12,0,39,23,0,62,0,0,0,62
02/21/2000,BFL,CA,AWP,WE,Towers with Radar,0,49,41,0,90,0,8,58,0,66,0,57,99,0,156,41,0,41,197
02/22/2000,BFL,CA,AWP,WE,Towers with Radar,1,66,55,0,122,1,39,107,0,147,2,105,162,0,269,211,0,211,480
02/23/2000,BFL,CA,AWP,WE,Towers with Radar,1,60,50,2,113,1,30,67,2,100,2,90,117,4,213,111,0,111,324
02/24/2000,BFL,CA,AWP,WE,Towers with Radar,0,98,81,0,179,0,21,148,0,169,0,119,229,0,348,280,0,280,628
02/25/2000,BFL,CA,AWP,WE,Towers with Radar,2,78,65,0,145,2,28,179,0,209,4,106,244,0,354,133,0,133,487
02/26/2000,BFL,CA,AWP,WE,Towers with Radar,0,40,34,0,74,0,14,102,1,117,0,54,136,1,191,54,0,54,245
02/27/2000,BFL,CA,AWP,WE,Towers with Radar,0,37,31,0,68,0,9,20,0,29,0,46,51,0,97,32,0,32,129
02/28/2000,BFL,CA,AWP,WE,Towers with Radar,2,75,62,0,139,0,21,73,0,94,2,96,135,0,233,221,0,221,454
02/29/2000,BFL,CA,AWP,WE,Towers with Radar,1,72,59,1,133,3,26,47,0,76,4,98,106,1,209,123,0,123,332
03/01/2000,BFL,CA,AWP,WE,Towers with Radar,2,69,67,0,138,0,32,64,0,96,2,101,131,0,234,114,0,114,348
03/02/2000,BFL,CA,AWP,WE,Towers with Radar,2,55,54,2,113,2,66,94,4,166,4,121,148,6,279,226,0,226,505
03/03/2000,BFL,CA,AWP,WE,Towers with Radar,3,91,97,0,191,1,0,100,0,101,4,91,197,0,292,39,2,41,333
03/04/2000,BFL,CA,AWP,WE,Towers with Radar,0,45,44,0,89,0,5,90,0,95,0,50,134,0,184,52,0,52,236
03/05/2000,BFL,CA,AWP,WE,Towers with Radar,0,31,31,1,63,0,15,26,0,41,0,46,57,1,104,89,0,89,193
03/06/2000,BFL,CA,AWP,WE,Towers with Radar,0,76,74,2,152,0,30,92,2,124,0,106,166,4,276,184,0,184,460
03/07/2000,BFL,CA,AWP,WE,Towers with Radar,0,61,59,1,121,0,71,135,11,217,0,132,194,12,338,224,0,224,562
03/08/2000,BFL,CA,AWP,WE,Towers with Radar,0,55,54,0,109,0,49,75,0,124,0,104,129,0,233,276,0,276,509
03/09/2000,BFL,CA,AWP,WE,Towers with Radar,0,73,71,0,144,0,69,104,0,173,0,142,175,0,317,209,0,209,526
03/10/2000,BFL,CA,AWP,WE,Towers with Radar,0,85,83,2,170,0,49,214,14,277,0,134,297,16,447,249,0,249,696
03/11/2000,BFL,CA,AWP,WE,Towers with Radar,0,40,39,0,79,0,16,150,0,166,0,56,189,0,245,59,0,59,304
03/12/2000,BFL,CA,AWP,WE,Towers with Radar,0,52,56,0,108,0,0,81,0,81,0,52,137,0,189,31,0,31,220
03/13/2000,BFL,CA,AWP,WE,Towers with Radar,2,66,65,0,133,0,64,142,0,206,2,130,207,0,339,254,0,254,593
03/14/2000,BFL,CA,AWP,WE,Towers with Radar,1,38,38,1,78,1,93,147,7,248,2,131,185,8,326,266,0,266,592
03/15/2000,BFL,CA,AWP,WE,Towers with Radar,1,86,82,0,169,0,58,183,0,241,1,144,265,0,410,383,0,383,793
03/16/2000,BFL,CA,AWP,WE,Towers with Radar,0,99,94,3,196,0,23,278,27,328,0,122,372,30,524,237,12,249,773
03/17/2000,BFL,CA,AWP,WE,Towers with Radar,2,79,75,2,158,0,53,173,1,227,2,132,248,3,385,234,0,234,619
03/18/2000,BFL,CA,AWP,WE,Towers with Radar,0,50,47,0,97,0,51,139,0,190,0,101,186,0,287,201,0,201,488
03/19/2000,BFL,CA,AWP,WE,Towers with Radar,0,39,36,2,77,0,17,116,0,133,0,56,152,2,210,74,0,74,284
03/20/2000,BFL,CA,AWP,WE,Towers with Radar,1,70,66,0,137,3,50,123,0,176,4,120,189,0,313,291,0,291,604
03/21/2000,BFL,CA,AWP,WE,Towers with Radar,1,69,65,2,137,6,80,195,0,281,7,149,260,2,418,366,0,366,784
03/22/2000,BFL,CA,AWP,WE,Towers with Radar,1,54,50,2,107,1,72,146,0,219,2,126,196,2,326,336,0,336,662
03/23/2000,BFL,CA,AWP,WE,Towers with Radar,2,86,81,3,172,3,15,155,5,178,5,101,236,8,350,98,0,98,448
03/24/2000,BFL,CA,AWP,WE,Towers with Radar,2,86,82,0,170,0,75,242,0,317,2,161,324,0,487,236,0,236,723
03/25/2000,BFL,CA,AWP,WE,Towers with Radar,0,40,37,2,79,0,20,141,4,165,0,60,178,6,244,38,6,44,288
03/26/2000,BFL,CA,AWP,WE,Towers with Radar,0,41,38,0,79,0,17,122,0,139,0,58,160,0,218,52,0,52,270
03/27/2000,BFL,CA,AWP,WE,Towers with Radar,1,70,66,0,137,3,57,121,0,181,4,127,187,0,318,261,0,261,579
03/28/2000,BFL,CA,AWP,WE,Towers with Radar,1,73,69,2,145,1,59,142,0,202,2,132,211,2,347,214,4,218,565
03/29/2000,BFL,CA,AWP,WE,Towers with Radar,1,69,67,0,137,1,90,118,0,209,2,159,185,0,346,200,0,200,546
03/30/2000,BFL,CA,AWP,WE,Towers with Radar,0,77,74,0,151,0,72,132,0,204,0,149,206,0,355,105,0,105,460
03/31/2000,BFL,CA,AWP,WE,Towers with Radar,2,90,86,0,178,0,74,168,0,242,2,164,254,0,420,270,0,270,690
04/01/2000,BFL,CA,AWP,WE,Towers with Radar,0,46,33,0,79,0,11,107,10,128,0,57,140,10,207,70,0,70,277
04/02/2000,BFL,CA,AWP,WE,Towers with Radar,0,37,27,0,64,0,19,108,1,128,0,56,135,1,192,48,0,48,240
04/03/2000,BFL,CA,AWP,WE,Towers with Radar,0,47,35,0,82,0,51,158,4,213,0,98,193,4,295,224,0,224,519
04/04/2000,BFL,CA,AWP,WE,Towers with Radar,2,67,55,7,131,0,96,200,3,299,2,163,255,10,430,260,0,260,690
04/05/2000,BFL,CA,AWP,WE,Towers with Radar,2,64,38,0,104,0,56,177,0,233,2,120,215,0,337,207,0,207,544
04/06/2000,BFL,CA,AWP,WE,Towers with Radar,2,79,52,1,134,0,41,154,1,196,2,120,206,2,330,209,0,209,539
04/07/2000,BFL,CA,AWP,WE,Towers with Radar,0,68,49,4,121,0,56,169,0,225,0,124,218,4,346,152,0,152,498
04/08/2000,BFL,CA,AWP,WE,Towers with Radar,0,38,25,0,63,0,13,116,3,132,0,51,141,3,195,45,0,45,240
04/09/2000,BFL,CA,AWP,WE,Towers with Radar,0,50,17,0,67,0,10,143,12,165,0,60,160,12,232,17,0,17,249
04/10/2000,BFL,CA,AWP,WE,Towers with Radar,2,78,40,0,120,0,47,111,2,160,2,125,151,2,280,181,10,191,471
04/11/2000,BFL,CA,AWP,WE,Towers with Radar,2,67,41,0,110,0,104,173,0,277,2,171,214,0,387,315,0,315,702
04/12/2000,BFL,CA,AWP,WE,Towers with Radar,2,72,47,3,124,0,101,200,3,304,2,173,247,6,428,274,0,274,702
04/13/2000,BFL,CA,AWP,WE,Towers with Radar,0,73,76,3,152,0,62,147,7,216,0,135,223,10,368,204,0,204,572
04/14/2000,BFL,CA,AWP,WE,Towers with Radar,0,79,66,1,146,0,46,190,0,236,0,125,256,1,382,316,4,320,702
04/15/2000,BFL,CA,AWP,WE,Towers with Radar,6,47,39,2,94,0,13,139,22,174,6,60,178,24,268,44,0,44,312
04/16/2000,BFL,CA,AWP,WE,Towers with Radar,0,41,29,1,71,0,4,92,4,100,0,45,121,5,171,5,0,5,176
04/17/2000,BFL,CA,AWP,WE,Towers with Radar,2,69,49,0,120,1,22,38,0,61,3,91,87,0,181,79,0,79,260
04/18/2000,BFL,CA,AWP,WE,Towers with Radar,2,76,75,0,153,0,83,101,3,187,2,159,176,3,340,361,0,361,701
04/19/2000,BFL,CA,AWP,WE,Towers with Radar,2,74,57,0,133,0,96,172,5,273,2,170,229,5,406,379,0,379,785
04/20/2000,BFL,CA,AWP,WE,Towers with Radar,0,79,79,0,158,0,80,180,0,260,0,159,259,0,418,366,2,368,786
04/21/2000,BFL,CA,AWP,WE,Towers with Radar,1,96,74,1,172,1,55,138,1,195,2,151,212,2,367,387,0,387,754
04/22/2000,BFL,CA,AWP,WE,Towers with Radar,2,43,32,0,77,0,13,94,0,107,2,56,126,0,184,34,0,34,218
04/23/2000,BFL,CA,AWP,WE,Towers with Radar,0,53,38,0,91,0,9,104,0,113,0,62,142,0,204,18,0,18,222
04/24/2000,BFL,CA,AWP,WE,Towers with Radar,4,79,101,0,184,2,94,156,0,252,6,173,257,0,436,374,0,374,810
04/25/2000,BFL,CA,AWP,WE,Towers with Radar,0,71,55,2,128,0,106,216,56,378,0,177,271,58,506,373,2,375,881
04/26/2000,BFL,CA,AWP,WE,Towers with Radar,2,84,43,0,129,1,112,205,0,318,3,196,248,0,447,287,0,287,734
04/27/2000,BFL,CA,AWP,WE,Towers with Radar,1,79,69,1,150,0,116,309,2,427,1,195,378,3,577,225,0,225,802
04/28/2000,BFL,CA,AWP,WE,Towers with Radar,2,87,114,0,203,0,55,188,0,243,2,142,302,0,446,105,0,105,551
04/29/2000,BFL,CA,AWP,WE,Towers with Radar,0,43,18,0,61,0,16,151,3,170,0,59,169,3,231,70,0,70,301
04/30/2000,BFL,CA,AWP,WE,Towers with Radar,1,43,27,0,71,0,13,142,0,155,1,56,169,0,226,33,0,33,259
05/01/2000,BFL,CA,AWP,WE,Towers with Radar,1,72,82,0,155,1,69,179,0,249,2,141,261,0,404,362,0,362,766
05/02/2000,BFL,CA,AWP,WE,Towers with Radar,2,67,53,0,122,0,123,205,0,328,2,190,258,0,450,291,0,291,741
05/03/2000,BFL,CA,AWP,WE,Towers with Radar,2,80,67,0,149,0,80,148,0,228,2,160,215,0,377,302,0,302,679
05/04/2000,BFL,CA,AWP,WE,Towers with Radar,2,82,110,0,194,0,61,226,0,287,2,143,336,0,481,291,0,291,772
05/05/2000,BFL,CA,AWP,WE,Towers with Radar,2,89,65,0,156,0,105,197,0,302,2,194,262,0,458,392,0,392,850
05/06/2000,BFL,CA,AWP,WE,Towers with Radar,0,48,38,0,86,0,8,142,0,150,0,56,180,0,236,79,0,79,315
05/07/2000,BFL,CA,AWP,WE,Towers with Radar,0,41,51,0,92,0,2,92,0,94,0,43,143,0,186,82,0,82,268
05/08/2000,BFL,CA,AWP,WE,Towers with Radar,2,75,67,0,144,0,65,110,0,175,2,140,177,0,319,325,0,325,644
05/09/2000,BFL,CA,AWP,WE,Towers with Radar,0,71,34,0,105,0,95,152,1,248,0,166,186,1,353,360,0,360,713
05/10/2000,BFL,CA,AWP,WE,Towers with Radar,2,70,67,0,139,0,48,102,1,151,2,118,169,1,290,285,0,285,575
05/11/2000,BFL,CA,AWP,WE,Towers with Radar,0,65,55,0,120,0,87,211,0,298,0,152,266,0,418,287,0,287,705
05/12/2000,BFL,CA,AWP,WE,Towers with Radar,2,73,98,0,173,0,76,212,0,288,2,149,310,0,461,387,0,387,848
05/13/2000,BFL,CA,AWP,WE,Towers with Radar,0,53,40,0,93,0,0,158,0,158,0,53,198,0,251,23,0,23,274
05/14/2000,BFL,CA,AWP,WE,Towers with Radar,0,42,16,0,58,0,3,83,0,86,0,45,99,0,144,37,0,37,181
05/15/2000,BFL,CA,AWP,WE,Towers with Radar,2,62,63,0,127,0,122,139,0,261,2,184,202,0,388,379,0,379,767
05/16/2000,BFL,CA,AWP,WE,Towers with Radar,2,77,92,3,174,0,73,164,0,237,2,150,256,3,411,361,0,361,772
05/17/2000,BFL,CA,AWP,WE,Towers with Radar,1,81,76,4,162,0,94,166,4,264,1,175,242,8,426,310,0,310,736
05/18/2000,BFL,CA,AWP,WE,Towers with Radar,2,85,67,0,154,0,79,289,2,370,2,164,356,2,524,325,0,325,849
05/19/2000,BFL,CA,AWP,WE,Towers with Radar,2,79,114,0,195,0,76,285,0,361,2,155,399,0,556,240,0,240,796
05/20/2000,BFL,CA,AWP,WE,Towers with Radar,0,56,59,0,115,0,57,193,0,250,0,113,252,0,365,110,0,110,475
05/21/2000,BFL,CA,AWP,WE,Towers with Radar,0,42,37,0,79,0,0,152,0,152,0,42,189,0,231,18,0,18,249
05/22/2000,BFL,CA,AWP,WE,Towers with Radar,4,72,87,0,163,0,35,136,2,173,4,107,223,2,336,311,0,311,647
05/23/2000,BFL,CA,AWP,WE,Towers with Radar,0,61,27,5,93,0,19,133,1,153,0,80,160,6,246,143,0,143,389
05/24/2000,BFL,CA,AWP,WE,Towers with Radar,2,78,61,0,141,0,116,174,0,290,2,194,235,0,431,337,0,337,768
05/25/2000,BFL,CA,AWP,WE,Towers with Radar,2,80,78,0,160,0,123,310,4,437,2,203,388,4,597,411,0,411,1008
05/26/2000,BFL,CA,AWP,WE,Towers with Radar,1,79,73,0,153,1,94,218,0,313,2,173,291,0,466,356,0,356,822
05/27/2000,BFL,CA,AWP,WE,Towers with Radar,0,36,55,0,91,0,9,132,0,141,0,45,187,0,232,53,0,53,285
05/28/2000,BFL,CA,AWP,WE,Towers with Radar,0,39,15,0,54,0,3,101,0,104,0,42,116,0,158,24,0,24,182
05/29/2000,BFL,CA,AWP,WE,Towers with Radar,0,42,22,0,64,0,9,138,0,147,0,51,160,0,211,32,0,32,243
05/30/2000,BFL,CA,AWP,WE,Towers with Radar,2,70,49,7,128,0,86,177,11,274,2,156,226,18,402,339,16,355,757
05/31/2000,BFL,CA,AWP,WE,Towers with Radar,1,56,52,0,109,3,98,202,0,303,4,154,254,0,412,350,0,350,762
06/01/2000,BFL,CA,AWP,WE,Towers with Radar,2,74,63,6,145,0,112,195,4,311,2,186,258,10,456,344,4,348,804
06/02/2000,BFL,CA,AWP,WE,Towers with Radar,0,91,80,2,173,0,64,278,3,345,0,155,358,5,518,309,0,309,827
06/03/2000,BFL,CA,AWP,WE,Towers with Radar,0,40,30,2,72,0,23,182,0,205,0,63,212,2,277,70,0,70,347
06/04/2000,BFL,CA,AWP,WE,Towers with Radar,0,48,25,0,73,0,4,112,0,116,0,52,137,0,189,36,4,40,229
06/05/2000,BFL,CA,AWP,WE,Towers with Radar,0,48,17,1,66,2,0,96,2,100,2,48,113,3,166,98,0,98,264
06/06/2000,BFL,CA,AWP,WE,Towers with Radar,0,72,52,1,125,0,121,169,0,290,0,193,221,1,415,273,0,273,688
06/07/2000,BFL,CA,AWP,WE,Towers with Radar,2,54,51,1,108,0,102,210,3,315,2,156,261,4,423,261,0,261,684
06/08/2000,BFL,CA,AWP,WE,Towers with Radar,0,84,72,2,158,0,110,180,4,294,0,194,252,6,452,377,0,377,829
06/09/2000,BFL,CA,AWP,WE,Towers with Radar,2,73,80,0,155,0,89,252,0,341,2,162,332,0,496,372,0,372,868
06/10/2000,BFL,CA,AWP,WE,Towers with Radar,0,51,50,2,103,0,0,167,10,177,0,51,217,12,280,56,0,56,336
06/11/2000,BFL,CA,AWP,WE,Towers with Radar,0,42,24,0,66,0,7,117,0,124,0,49,141,0,190,32,0,32,222
06/12/2000,BFL,CA,AWP,WE,Towers with Radar,4,73,53,1,131,0,117,178,1,296,4,190,231,2,427,221,0,221,648
06/13/2000,BFL,CA,AWP,WE,Towers with Radar,0,65,45,0,110,0,158,153,0,311,0,223,198,0,421,213,0,213,634
06/14/2000,BFL,CA,AWP,WE,Towers with Radar,0,59,51,0,110,2,118,161,0,281,2,177,212,0,391,263,0,263,654
06/15/2000,BFL,CA,AWP,WE,Towers with Radar,0,95,61,0,156,0,100,257,0,357,0,195,318,0,513,169,0,169,682
06/16/2000,BFL,CA,AWP,WE,Towers with Radar,2,87,85,3,177,0,81,281,10,372,2,168,366,13,549,253,26,279,828
06/17/2000,BFL,CA,AWP,WE,Towers with Radar,0,64,74,1,139,0,44,208,1,253,0,108,282,2,392,119,2,121,513
06/18/2000,BFL,CA,AWP,WE,Towers with Radar,0,43,29,0,72,0,2,138,0,140,0,45,167,0,212,26,0,26,238
06/19/2000,BFL,CA,AWP,WE,Towers with Radar,0,74,104,0,178,0,112,181,4,297,0,186,285,4,475,320,0,320,795
06/20/2000,BFL,CA,AWP,WE,Towers with Radar,0,66,52,0,118,0,121,241,0,362,0,187,293,0,480,277,0,277,757
06/21/2000,BFL,CA,AWP,WE,Towers with Radar,0,70,83,2,155,0,117,169,6,292,0,187,252,8,447,359,16,375,822
06/22/2000,BFL,CA,AWP,WE,Towers with Radar,2,78,80,1,161,0,112,253,1,366,2,190,333,2,527,328,26,354,881
06/23/2000,BFL,CA,AWP,WE,Towers with Radar,0,88,90,0,178,0,122,250,0,372,0,210,340,0,550,329,0,329,879
06/24/2000,BFL,CA,AWP,WE,Towers with Radar,0,40,30,2,72,0,8,117,0,125,0,48,147,2,197,32,0,32,229
06/25/2000,BFL,CA,AWP,WE,Towers with Radar,0,42,23,0,65,0,6,125,3,134,0,48,148,3,199,23,0,23,222
06/26/2000,BFL,CA,AWP,WE,Towers with Radar,0,88,54,0,142,0,106,186,0,292,0,194,240,0,434,299,0,299,733
06/27/2000,BFL,CA,AWP,WE,Towers with Radar,0,89,46,1,136,0,92,162,1,255,0,181,208,2,391,350,0,350,741
06/28/2000,BFL,CA,AWP,WE,Towers with Radar,4,70,98,0,172,0,92,180,0,272,4,162,278,0,444,357,0,357,801
06/29/2000,BFL,CA,AWP,WE,Towers with Radar,0,100,76,7,183,0,65,244,0,309,0,165,320,7,492,183,12,195,687
06/30/2000,BFL,CA,AWP,WE,Towers with Radar,0,85,93,0,178,0,114,211,0,325,0,199,304,0,503,166,0,166,669
07/01/2000,BFL,CA,AWP,WE,Towers with Radar,0,43,18,0,61,0,12,156,0,168,0,55,174,0,229,97,0,97,326
07/02/2000,BFL,CA,AWP,WE,Towers with Radar,0,40,20,0,60,0,9,124,0,133,0,49,144,0,193,41,0,41,234
07/03/2000,BFL,CA,AWP,WE,Towers with Radar,0,50,52,0,102,0,7,113,0,120,0,57,165,0,222,82,0,82,304
07/04/2000,BFL,CA,AWP,WE,Towers with Radar,0,45,19,0,64,0,4,104,0,108,0,49,123,0,172,72,0,72,244
07/05/2000,BFL,CA,AWP,WE,Towers with Radar,0,96,74,0,170,0,81,175,0,256,0,177,249,0,426,280,0,280,706
07/06/2000,BFL,CA,AWP,WE,Towers with Radar,0,92,82,9,183,0,59,209,3,271,0,151,291,12,454,315,6,321,775
07/07/2000,BFL,CA,AWP,WE,Towers with Radar,0,94,77,8,179,0,124,265,0,389,0,218,342,8,568,421,6,427,995
07/08/2000,BFL,CA,AWP,WE,Towers with Radar,0,57,42,0,99,0,10,140,0,150,0,67,182,0,249,93,0,93,342
07/09/2000,BFL,CA,AWP,WE,Towers with Radar,2,41,24,0,67,0,11,133,3,147,2,52,157,3,214,16,0,16,230
07/10/2000,BFL,CA,AWP,WE,Towers with Radar,0,92,81,0,173,0,79,167,1,247,0,171,248,1,420,266,0,266,686
07/11/2000,BFL,CA,AWP,WE,Towers with Radar,2,93,26,0,121,0,127,214,0,341,2,220,240,0,462,245,0,245,707
07/12/2000,BFL,CA,AWP,WE,Towers with Radar,2,94,73,0,169,0,92,182,3,277,2,186,255,3,446,394,0,394,840
07/13/2000,BFL,CA,AWP,WE,Towers with Radar,0,77,69,0,146,2,54,220,0,276,2,131,289,0,422,249,0,249,671
07/14/2000,BFL,CA,AWP,WE,Towers with Radar,2,70,100,0,172,0,126,260,0,386,2,196,360,0,558,360,0,360,918
07/15/2000,BFL,CA,AWP,WE,Towers with Radar,0,46,30,0,76,0,3,123,0,126,0,49,153,0,202,49,0,49,251
07/16/2000,BFL,CA,AWP,WE,Towers with Radar,0,42,27,2,71,0,7,122,0,129,0,49,149,2,200,49,0,49,249
07/17/2000,BFL,CA,AWP,WE,Towers with Radar,2,51,24,3,80,0,116,136,1,253,2,167,160,4,333,175,18,193,526
07/18/2000,BFL,CA,AWP,WE,Towers with Radar,0,44,32,1,77,0,154,207,0,361,0,198,239,1,438,287,2,289,727
07/19/2000,BFL,CA,AWP,WE,Towers with Radar,0,54,26,0,80,0,128,210,0,338,0,182,236,0,418,246,0,246,664
07/20/2000,BFL,CA,AWP,WE,Towers with Radar,0,77,57,2,136,0,52,229,10,291,0,129,286,12,427,344,4,348,775
07/21/2000,BFL,CA,AWP,WE,Towers with Radar,1,90,67,3,161,1,89,293,7,390,2,179,360,10,551,358,15,373,924
07/22/2000,BFL,CA,AWP,WE,Towers with Radar,0,47,33,2,82,0,3,144,4,151,0,50,177,6,233,73,2,75,308
07/23/2000,BFL,CA,AWP,WE,Towers with Radar,0,46,32,0,78,0,8,190,2,200,0,54,222,2,278,48,0,48,326
07/24/2000,BFL,CA,AWP,WE,Towers with Radar,2,67,65,5,139,0,78,156,4,238,2,145,221,9,377,307,0,307,684
07/25/2000,BFL,CA,AWP,WE,Towers with Radar,0,55,41,0,96,0,130,176,3,309,0,185,217,3,405,293,0,293,698
07/26/2000,BFL,CA,AWP,WE,Towers with Radar,0,53,40,0,93,0,148,172,0,320,0,201,212,0,413,353,0,353,766
07/27/2000,BFL,CA,AWP,WE,Towers with Radar,0,85,66,4,155,0,90,228,1,319,0,175,294,5,474,334,16,350,824
07/28/2000,BFL,CA,AWP,WE,Towers with Radar,4,74,52,4,134,0,58,198,1,257,4,132,250,5,391,223,0,223,614
07/29/2000,BFL,CA,AWP,WE,Towers with Radar,2,47,47,2,98,0,11,104,5,120,2,58,151,7,218,41,0,41,259
07/30/2000,BFL,CA,AWP,WE,Towers with Radar,0,43,25,5,73,0,6,88,17,111,0,49,113,22,184,31,2,33,217
07/31/2000,BFL,CA,AWP,WE,Towers with Radar,4,67,43,12,126,0,132,175,4,311,4,199,218,16,437,329,8,337,774
08/01/2000,BFL,CA,AWP,WE,Towers with Radar,1,51,27,1,80,1,209,260,6,476,2,260,287,7,556,377,4,381,937
08/02/2000,BFL,CA,AWP,WE,Towers with Radar,0,60,38,0,98,0,147,175,5,327,0,207,213,5,425,314,2,316,741
08/03/2000,BFL,CA,AWP,WE,Towers with Radar,0,63,33,4,100,0,114,227,15,356,0,177,260,19,456,394,0,394,850
08/04/2000,BFL,CA,AWP,WE,Towers with Radar,1,60,60,2,123,1,90,187,7,285,2,150,247,9,408,254,4,258,666
08/05/2000,BFL,CA,AWP,WE,Towers with Radar,0,43,23,6,72,0,16,137,13,166,0,59,160,19,238,37,0,37,275
08/06/2000,BFL,CA,AWP,WE,Towers with Radar,0,43,22,0,65,0,10,125,23,158,0,53,147,23,223,57,0,57,280
08/07/2000,BFL,CA,AWP,WE,Towers with Radar,0,63,46,1,110,0,90,161,19,270,0,153,207,20,380,261,0,261,641
08/08/2000,BFL,CA,AWP,WE,Towers with Radar,0,62,53,6,121,0,116,163,11,290,0,178,216,17,411,194,14,208,619
08/09/2000,BFL,CA,AWP,WE,Towers with Radar,0,76,65,1,142,0,118,186,3,307,0,194,251,4,449,380,0,380,829
08/10/2000,BFL,CA,AWP,WE,Towers with Radar,2,70,58,0,130,0,127,199,6,332,2,197,257,6,462,313,0,313,775
08/11/2000,BFL,CA,AWP,WE,Towers with Radar,2,69,70,0,141,0,140,264,1,405,2,209,334,1,546,342,0,342,888
08/12/2000,BFL,CA,AWP,WE,Towers with Radar,2,60,36,1,99,0,36,132,3,171,2,96,168,4,270,70,0,70,340
08/13/2000,BFL,CA,AWP,WE,Towers with Radar,0,50,25,0,75,0,8,133,2,143,0,58,158,2,218,24,1,25,243
08/14/2000,BFL,CA,AWP,WE,Towers with Radar,2,58,32,0,92,0,99,187,1,287,2,157,219,1,379,318,0,318,697
08/15/2000,BFL,CA,AWP,WE,Towers with Radar,0,87,53,2,142,0,82,226,4,312,0,169,279,6,454,297,6,303,757
08/16/2000,BFL,CA,AWP,WE,Towers with Radar,1,52,65,0,118,0,82,160,7,249,1,134,225,7,367,347,0,347,714
08/17/2000,BFL,CA,AWP,WE,Towers with Radar,0,78,56,1,135,0,70,178,4,252,0,148,234,5,387,241,2,243,630
08/18/2000,BFL,CA,AWP,WE,Towers with Radar,0,84,87,2,173,0,123,214,0,337,0,207,301,2,510,310,0,310,820
08/19/2000,BFL,CA,AWP,WE,Towers with Radar,1,55,21,0,77,0,3,146,1,150,1,58,167,1,227,42,0,42,269
08/20/2000,BFL,CA,AWP,WE,Towers with Radar,0,43,17,0,60,0,8,158,1,167,0,51,175,1,227,41,0,41,268
08/21/2000,BFL,CA,AWP,WE,Towers with Radar,2,85,78,3,168,1,89,193,12,295,3,174,271,15,463,315,0,315,778
08/22/2000,BFL,CA,AWP,WE,Towers with Radar,0,100,53,0,153,0,109,131,6,246,0,209,184,6,399,234,2,236,635
08/23/2000,BFL,CA,AWP,WE,Towers with Radar,0,79,96,9,184,0,123,79,1,203,0,202,175,10,387,303,0,303,690
08/24/2000,BFL,CA,AWP,WE,Towers with Radar,0,90,90,0,180,0,98,288,0,386,0,188,378,0,566,191,4,195,761
08/25/2000,BFL,CA,AWP,WE,Towers with Radar,0,92,131,0,223,0,104,214,2,320,0,196,345,2,543,295,0,295,838
08/26/2000,BFL,CA,AWP,WE,Towers with Radar,0,68,70,4,142,0,16,129,2,147,0,84,199,6,289,98,0,98,387
08/27/2000,BFL,CA,AWP,WE,Towers with Radar,0,56,46,1,103,0,10,162,10,182,0,66,208,11,285,80,0,80,365
08/28/2000,BFL,CA,AWP,WE,Towers with Radar,0,93,107,0,200,0,73,184,1,258,0,166,291,1,458,283,0,283,741
08/29/2000,BFL,CA,AWP,WE,Towers with Radar,2,83,100,0,185,0,76,110,0,186,2,159,210,0,371,281,0,281,652
08/30/2000,BFL,CA,AWP,WE,Towers with Radar,0,78,46,1,125,0,78,122,2,202,0,156,168,3,327,229,0,229,556
08/31/2000,BFL,CA,AWP,WE,Towers with Radar,0,99,99,1,199,0,102,194,0,296,0,201,293,1,495,268,0,268,763
09/01/2000,BFL,CA,AWP,WE,Towers with Radar,0,107,91,4,202,0,81,198,5,284,0,188,289,9,486,368,10,378,864
09/02/2000,BFL,CA,AWP,WE,Towers with Radar,0,45,42,0,87,0,11,135,1,147,0,56,177,1,234,36,2,38,272
09/03/2000,BFL,CA,AWP,WE,Towers with Radar,0,37,15,0,52,0,6,91,0,97,0,43,106,0,149,13,0,13,162
09/04/2000,BFL,CA,AWP,WE,Towers with Radar,0,40,15,0,55,0,10,135,0,145,0,50,150,0,200,16,0,16,216
09/05/2000,BFL,CA,AWP,WE,Towers with Radar,0,68,49,0,117,0,95,172,0,267,0,163,221,0,384,164,0,164,548
09/06/2000,BFL,CA,AWP,WE,Towers with Radar,0,79,51,1,131,0,76,183,7,266,0,155,234,8,397,299,0,299,696
09/07/2000,BFL,CA,AWP,WE,Towers with Radar,0,73,123,0,196,0,113,279,0,392,0,186,402,0,588,182,0,182,770
09/08/2000,BFL,CA,AWP,WE,Towers with Radar,0,100,79,1,180,0,17,280,12,309,0,117,359,13,489,224,0,224,713
09/09/2000,BFL,CA,AWP,WE,Towers with Radar,0,44,34,1,79,0,11,160,0,171,0,55,194,1,250,83,0,83,333
09/10/2000,BFL,CA,AWP,WE,Towers with Radar,0,42,37,0,79,0,5,142,4,151,0,47,179,4,230,30,0,30,260
09/11/2000,BFL,CA,AWP,WE,Towers with Radar,0,65,49,0,114,0,110,109,2,221,0,175,158,2,335,330,0,330,665
09/12/2000,BFL,CA,AWP,WE,Towers with Radar,0,65,61,0,126,0,128,136,0,264,0,193,197,0,390,388,0,388,778
09/13/2000,BFL,CA,AWP,WE,Towers with Radar,0,56,43,0,99,0,82,170,0,252,0,138,213,0,351,288,0,288,639
09/14/2000,BFL,CA,AWP,WE,Towers with Radar,0,74,90,0,164,0,86,258,2,346,0,160,348,2,510,216,0,216,726
09/15/2000,BFL,CA,AWP,WE,Towers with Radar,0,95,68,0,163,0,116,232,6,354,0,211,300,6,517,288,0,288,805
09/16/2000,BFL,CA,AWP,WE,Towers with Radar,0,40,30,0,70,0,16,155,0,171,0,56,185,0,241,52,0,52,293
09/17/2000,BFL,CA,AWP,WE,Towers with Radar,2,45,26,0,73,0,4,138,0,142,2,49,164,0,215,17,0,17,232
09/18/2000,BFL,CA,AWP,WE,Towers with Radar,4,46,36,0,86,0,97,158,26,281,4,143,194,26,367,170,0,170,537
09/19/2000,BFL,CA,AWP,WE,Towers with Radar,2,62,47,15,126,0,116,197,4,317,2,178,244,19,443,185,18,203,646
09/20/2000,BFL,CA,AWP,WE,Towers with Radar,1,63,47,0,111,0,93,179,0,272,1,156,226,0,383,237,0,237,620
09/21/2000,BFL,CA,AWP,WE,Towers with Radar,1,64,43,3,111,1,85,197,0,283,2,149,240,3,394,288,6,294,688
09/22/2000,BFL,CA,AWP,WE,Towers with Radar,0,79,73,7,159,0,78,161,0,239,0,157,234,7,398,295,8,303,701
09/23/2000,BFL,CA,AWP,WE,Towers with Radar,1,55,38,1,95,0,5,183,0,188,1,60,221,1,283,79,0,79,362
09/24/2000,BFL,CA,AWP,WE,Towers with Radar,2,38,31,0,71,0,0,135,2,137,2,38,166,2,208,53,0,53,261
09/25/2000,BFL,CA,AWP,WE,Towers with Radar,2,77,54,2,135,0,121,213,0,334,2,198,267,2,469,368,0,368,837
09/26/2000,BFL,CA,AWP,WE,Towers with Radar,0,64,40,0,104,0,152,184,0,336,0,216,224,0,440,299,0,299,739
09/27/2000,BFL,CA,AWP,WE,Towers with Radar,0,63,41,0,104,0,115,137,2,254,0,178,178,2,358,323,0,323,681
09/28/2000,BFL,CA,AWP,WE,Towers with Radar,2,104,69,0,175,0,117,295,0,412,2,221,364,0,587,266,0,266,853
09/29/2000,BFL,CA,AWP,WE,Towers with Radar,2,93,47,0,142,0,64,203,0,267,2,157,250,0,409,353,0,353,762
09/30/2000,BFL,CA,AWP,WE,Towers with Radar,0,48,44,0,92,0,19,155,0,174,0,67,199,0,266,68,0,68,334
10/01/2000,BFL,CA,AWP,WE,Towers with Radar,0,38,17,0,55,0,5,120,0,125,0,43,137,0,180,27,0,27,207
10/02/2000,BFL,CA,AWP,WE,Towers with Radar,1,63,45,0,109,0,105,211,14,330,1,168,256,14,439,305,0,305,744
10/03/2000,BFL,CA,AWP,WE,Towers with Radar,0,68,43,1,112,0,108,170,7,285,0,176,213,8,397,306,0,306,703
10/04/2000,BFL,CA,AWP,WE,Towers with Radar,0,73,45,0,118,0,41,172,2,215,0,114,217,2,333,334,0,334,667
10/05/2000,BFL,CA,AWP,WE,Towers with Radar,0,84,101,0,185,0,96,108,1,205,0,180,209,1,390,432,0,432,822
10/06/2000,BFL,CA,AWP,WE,Towers with Radar,0,64,100,0,164,0,122,128,0,250,0,186,228,0,414,395,2,397,811
10/07/2000,BFL,CA,AWP,WE,Towers with Radar,0,47,39,0,86,0,9,101,2,112,0,56,140,2,198,40,0,40,238
10/08/2000,BFL,CA,AWP,WE,Towers with Radar,0,39,20,0,59,0,0,142,1,143,0,39,162,1,202,62,0,62,264
10/09/2000,BFL,CA,AWP,WE,Towers with Radar,0,73,36,0,109,0,132,151,2,285,0,205,187,2,394,403,0,403,797
10/10/2000,BFL,CA,AWP,WE,Towers with Radar,2,87,76,0,165,0,73,86,0,159,2,160,162,0,324,252,0,252,576
10/11/2000,BFL,CA,AWP,WE,Towers with Radar,2,97,109,2,210,0,72,99,2,173,2,169,208,4,383,405,0,405,788
10/12/2000,BFL,CA,AWP,WE,Towers with Radar,2,92,84,2,180,0,42,177,0,219,2,134,261,2,399,205,0,205,604
10/13/2000,BFL,CA,AWP,WE,Towers with Radar,0,78,119,0,197,0,62,234,0,296,0,140,353,0,493,377,0,377,870
10/14/2000,BFL,CA,AWP,WE,Towers with Radar,0,43,42,0,85,0,16,162,0,178,0,59,204,0,263,98,0,98,361
10/15/2000,BFL,CA,AWP,WE,Towers with Radar,0,50,48,0,98,0,5,139,1,145,0,55,187,1,243,125,0,125,368
10/16/2000,BFL,CA,AWP,WE,Towers with Radar,2,85,104,0,191,0,90,176,2,268,2,175,280,2,459,359,1,360,819
10/17/2000,BFL,CA,AWP,WE,Towers with Radar,0,64,39,1,104,0,123,170,2,295,0,187,209,3,399,269,2,271,670
10/18/2000,BFL,CA,AWP,WE,Towers with Radar,0,77,43,1,121,0,92,156,1,249,0,169,199,2,370,215,10,225,595
10/19/2000,BFL,CA,AWP,WE,Towers with Radar,0,80,113,0,193,0,119,222,0,341,0,199,335,0,534,238,0,238,772
10/20/2000,BFL,CA,AWP,WE,Towers with Radar,0,70,94,0,164,0,68,184,0,252,0,138,278,0,416,366,0,366,782
10/21/2000,BFL,CA,AWP,WE,Towers with Radar,0,49,40,1,90,0,11,76,0,87,0,60,116,1,177,36,0,36,213
10/22/2000,BFL,CA,AWP,WE,Towers with Radar,0,45,15,8,68,0,8,107,16,131,0,53,122,24,199,43,28,71,270
10/23/2000,BFL,CA,AWP,WE,Towers with Radar,0,66,62,0,128,0,86,131,0,217,0,152,193,0,345,259,0,259,604
10/24/2000,BFL,CA,AWP,WE,Towers with Radar,0,67,72,0,139,0,126,134,0,260,0,193,206,0,399,183,0,183,582
10/25/2000,BFL,CA,AWP,WE,Towers with Radar,2,60,63,0,125,0,126,121,1,248,2,186,184,1,373,221,0,221,594
10/26/2000,BFL,CA,AWP,WE,Towers with Radar,0,98,101,1,200,0,55,64,1,120,0,153,165,2,320,173,0,173,493
10/27/2000,BFL,CA,AWP,WE,Towers with Radar,0,94,88,6,188,0,77,92,0,169,0,171,180,6,357,199,2,201,558
10/28/2000,BFL,CA,AWP,WE,Towers with Radar,0,48,51,0,99,0,15,126,4,145,0,63,177,4,244,146,0,146,390
10/29/2000,BFL,CA,AWP,WE,Towers with Radar,0,43,38,0,81,0,3,34,0,37,0,46,72,0,118,9,0,9,127
10/30/2000,BFL,CA,AWP,WE,Towers with Radar,0,73,70,0,143,0,64,76,3,143,0,137,146,3,286,274,0,274,560
10/31/2000,BFL,CA,AWP,WE,Towers with Radar,0,83,79,1,163,0,43,103,1,147,0,126,182,2,310,200,0,200,510
11/01/2000,BFL,CA,AWP,WE,Towers with Radar,0,67,54,2,123,0,90,247,0,337,0,157,301,2,460,448,0,448,908
11/02/2000,BFL,CA,AWP,WE,Towers with Radar,0,85,105,8,198,0,77,218,0,295,0,162,323,8,493,302,8,310,803
11/03/2000,BFL,CA,AWP,WE,Towers with Radar,0,138,143,0,281,0,44,164,0,208,0,182,307,0,489,205,0,205,694
11/04/2000,BFL,CA,AWP,WE,Towers with Radar,0,45,34,0,79,0,10,98,0,108,0,55,132,0,187,105,0,105,292
11/05/2000,BFL,CA,AWP,WE,Towers with Radar,0,45,20,2,67,0,3,122,0,125,0,48,142,2,192,55,0,55,247
11/06/2000,BFL,CA,AWP,WE,Towers with Radar,0,133,120,0,253,0,19,21,0,40,0,152,141,0,293,137,0,137,430
11/07/2000,BFL,CA,AWP,WE,Towers with Radar,2,79,85,0,166,0,91,160,0,251,2,170,245,0,417,302,0,302,719
11/08/2000,BFL,CA,AWP,WE,Towers with Radar,5,79,132,9,225,0,105,160,0,265,5,184,292,9,490,338,0,338,828
11/09/2000,BFL,CA,AWP,WE,Towers with Radar,0,91,96,0,187,0,97,105,0,202,0,188,201,0,389,260,0,260,649
11/10/2000,BFL,CA,AWP,WE,Towers with Radar,0,131,120,0,251,0,54,113,0,167,0,185,233,0,418,282,0,282,700
11/11/2000,BFL,CA,AWP,WE,Towers with Radar,0,71,53,0,124,0,21,110,4,135,0,92,163,4,259,169,0,169,428
11/12/2000,BFL,CA,AWP,WE,Towers with Radar,0,45,30,0,75,0,3,116,4,123,0,48,146,4,198,68,0,68,266
11/13/2000,BFL,CA,AWP,WE,Towers with Radar,2,91,88,0,181,0,76,102,4,182,2,167,190,4,363,231,0,231,594
11/14/2000,BFL,CA,AWP,WE,Towers with Radar,0,89,94,0,183,0,91,100,0,191,0,180,194,0,374,142,0,142,516
11/15/2000,BFL,CA,AWP,WE,Towers with Radar,4,139,85,6,234,0,86,114,20,220,4,225,199,26,454,294,8,302,756
11/16/2000,BFL,CA,AWP,WE,Towers with Radar,2,112,117,5,236,0,90,219,5,314,2,202,336,10,550,273,10,283,833
11/17/2000,BFL,CA,AWP,WE,Towers with Radar,0,116,119,2,237,0,47,188,4,239,0,163,307,6,476,276,4,280,756
11/18/2000,BFL,CA,AWP,WE,Towers with Radar,2,50,70,0,122,0,15,134,1,150,2,65,204,1,272,138,0,138,410
11/19/2000,BFL,CA,AWP,WE,Towers with Radar,3,38,41,0,82,0,4,115,2,121,3,42,156,2,203,51,0,51,254
11/20/2000,BFL,CA,AWP,WE,Towers with Radar,0,118,97,2,217,0,51,128,0,179,0,169,225,2,396,153,12,165,561
11/21/2000,BFL,CA,AWP,WE,Towers with Radar,1,135,138,2,276,2,3,38,2,45,3,138,176,4,321,25,0,25,346
11/22/2000,BFL,CA,AWP,WE,Towers with Radar,0,104,88,0,192,2,37,117,0,156,2,141,205,0,348,217,0,217,565
11/23/2000,BFL,CA,AWP,WE,Towers with Radar,0,41,35,0,76,0,0,52,0,52,0,41,87,0,128,27,0,27,155
11/24/2000,BFL,CA,AWP,WE,Towers with Radar,0,49,53,0,102,0,17,72,0,89,0,66,125,0,191,18,0,18,209
11/25/2000,BFL,CA,AWP,WE,Towers with Radar,0,71,95,0,166,0,0,62,0,62,0,71,157,0,228,5,0,5,233
11/26/2000,BFL,CA,AWP,WE,Towers with Radar,0,32,74,0,106,2,0,6,0,8,2,32,80,0,114,6,0,6,120
11/27/2000,BFL,CA,AWP,WE,Towers with Radar,1,132,131,0,264,0,2,0,0,2,1,134,131,0,266,12,0,12,278
11/28/2000,BFL,CA,AWP,WE,Towers with Radar,1,103,106,2,212,6,21,15,0,42,7,124,121,2,254,2,0,2,256
11/29/2000,BFL,CA,AWP,WE,Towers with Radar,0,92,95,0,187,0,64,91,0,155,0,156,186,0,342,186,0,186,528
11/30/2000,BFL,CA,AWP,WE,Towers with Radar,0,97,100,0,197,0,16,110,0,126,0,113,210,0,323,224,0,224,547
12/01/2000,BFL,CA,AWP,WE,Towers with Radar,0,108,104,0,212,0,33,130,0,163,0,141,234,0,375,200,0,200,575
12/02/2000,BFL,CA,AWP,WE,Towers with Radar,1,56,62,0,119,1,0,28,0,29,2,56,90,0,148,13,0,13,161
12/03/2000,BFL,CA,AWP,WE,Towers with Radar,2,47,72,0,121,3,0,7,0,10,5,47,79,0,131,8,0,8,139
12/04/2000,BFL,CA,AWP,WE,Towers with Radar,2,83,76,1,162,2,11,0,3,16,4,94,76,4,178,1,0,1,179
12/05/2000,BFL,CA,AWP,WE,Towers with Radar,2,84,83,0,169,0,52,57,0,109,2,136,140,0,278,41,0,41,319
12/06/2000,BFL,CA,AWP,WE,Towers with Radar,2,112,108,0,222,0,5,28,0,33,2,117,136,0,255,20,0,20,275
12/07/2000,BFL,CA,AWP,WE,Towers with Radar,0,107,104,0,211,0,4,83,0,87,0,111,187,0,298,34,0,34,332
12/08/2000,BFL,CA,AWP,WE,Towers with Radar,2,82,81,0,165,0,32,71,0,103,2,114,152,0,268,64,0,64,332
12/09/2000,BFL,CA,AWP,WE,Towers with Radar,2,53,65,0,120,4,0,29,0,33,6,53,94,0,153,16,0,16,169
12/10/2000,BFL,CA,AWP,WE,Towers with Radar,0,43,56,0,99,0,0,3,0,3,0,43,59,0,102,7,0,7,109
12/11/2000,BFL,CA,AWP,WE,Towers with Radar,4,87,57,7,155,0,43,57,3,103,4,130,114,10,258,89,0,89,347
12/12/2000,BFL,CA,AWP,WE,Towers with Radar,2,64,41,0,107,0,110,117,0,227,2,174,158,0,334,260,0,260,594
12/13/2000,BFL,CA,AWP,WE,Towers with Radar,2,67,30,0,99,0,94,121,0,215,2,161,151,0,314,262,0,262,576
12/14/2000,BFL,CA,AWP,WE,Towers with Radar,2,68,60,0,130,2,127,146,0,275,4,195,206,0,405,238,0,238,643
12/15/2000,BFL,CA,AWP,WE,Towers with Radar,2,76,96,1,175,0,55,73,0,128,2,131,169,1,303,328,2,330,633
12/16/2000,BFL,CA,AWP,WE,Towers with Radar,0,52,46,2,100,0,6,58,0,64,0,58,104,2,164,13,0,13,177
12/17/2000,BFL,CA,AWP,WE,Towers with Radar,0,43,42,0,85,0,7,96,0,103,0,50,138,0,188,28,0,28,216
12/18/2000,BFL,CA,AWP,WE,Towers with Radar,1,59,57,2,119,1,42,45,9,97,2,101,102,11,216,54,0,54,270
12/19/2000,BFL,CA,AWP,WE,Towers with Radar,0,57,56,0,113,0,61,99,0,160,0,118,155,0,273,191,4,195,468
12/20/2000,BFL,CA,AWP,WE,Towers with Radar,0,53,52,0,105,0,178,146,0,324,0,231,198,0,429,247,0,247,676
12/21/2000,BFL,CA,AWP,WE,Towers with Radar,0,78,80,0,158,0,100,151,1,252,0,178,231,1,410,212,0,212,622
12/22/2000,BFL,CA,AWP,WE,Towers with Radar,0,77,39,2,118,0,90,116,0,206,0,167,155,2,324,345,0,345,669
12/23/2000,BFL,CA,AWP,WE,Towers with Radar,0,45,35,0,80,0,5,71,0,76,0,50,106,0,156,32,0,32,188
12/24/2000,BFL,CA,AWP,WE,Towers with Radar,0,38,41,0,79,0,0,16,0,16,0,38,57,0,95,17,0,17,112
12/25/2000,BFL,CA,AWP,WE,Towers with Radar,0,29,30,0,59,0,20,13,0,33,0,49,43,0,92,14,0,14,106
12/26/2000,BFL,CA,AWP,WE,Towers with Radar,0,57,55,0,112,0,68,41,0,109,0,125,96,0,221,76,0,76,297
12/27/2000,BFL,CA,AWP,WE,Towers with Radar,0,51,50,0,101,0,66,120,2,188,0,117,170,2,289,210,4,214,503
12/28/2000,BFL,CA,AWP,WE,Towers with Radar,2,116,110,2,230,0,11,23,6,40,2,127,133,8,270,40,0,40,310
12/29/2000,BFL,CA,AWP,WE,Towers with Radar,0,116,110,0,226,0,7,97,0,104,0,123,207,0,330,54,0,54,384
12/30/2000,BFL,CA,AWP,WE,Towers with Radar,0,46,69,0,115,0,0,35,0,35,0,46,104,0,150,13,0,13,163
12/31/2000,BFL,CA,AWP,WE,Towers with Radar,0,47,56,0,103,0,0,0,0,0,0,47,56,0,103,9,0,9,112
01/01/2001,BFL,CA,AWP,WE,Towers with Radar,0,43,47,0,90,0,0,0,0,0,0,43,47,0,90,5,0,5,95
01/02/2001,BFL,CA,AWP,WE,Towers with Radar,0,97,93,0,190,0,19,0,0,19,0,116,93,0,209,1,0,1,210
01/03/2001,BFL,CA,AWP,WE,Towers with Radar,0,103,112,0,215,0,17,4,0,21,0,120,116,0,236,7,0,7,243
01/04/2001,BFL,CA,AWP,WE,Towers with Radar,0,128,124,2,254,0,7,0,9,16,0,135,124,11,270,2,0,2,272
01/05/2001,BFL,CA,AWP,WE,Towers with Radar,0,105,97,2,204,0,29,0,1,30,0,134,97,3,234,8,0,8,242
01/06/2001,BFL,CA,AWP,WE,Towers with Radar,0,59,90,0,149,0,0,30,0,30,0,59,120,0,179,17,0,17,196
01/07/2001,BFL,CA,AWP,WE,Towers with Radar,0,53,92,1,146,0,0,7,1,8,0,53,99,2,154,14,4,18,172
01/08/2001,BFL,CA,AWP,WE,Towers with Radar,0,53,65,0,118,0,54,31,0,85,0,107,96,0,203,237,0,237,440
01/09/2001,BFL,CA,AWP,WE,Towers with Radar,2,89,61,0,152,0,36,58,0,94,2,125,119,0,246,217,0,217,463
01/10/2001,BFL,CA,AWP,WE,Towers with Radar,1,57,58,0,116,0,99,57,0,156,1,156,115,0,272,173,0,173,445
01/11/2001,BFL,CA,AWP,WE,Towers with Radar,2,72,72,0,146,0,110,78,2,190,2,182,150,2,336,269,0,269,605
01/12/2001,BFL,CA,AWP,WE,Towers with Radar,2,79,98,3,182,0,110,112,3,225,2,189,210,6,407,378,2,380,787
01/13/2001,BFL,CA,AWP,WE,Towers with Radar,0,60,81,0,141,0,31,131,0,162,0,91,212,0,303,136,0,136,439
01/14/2001,BFL,CA,AWP,WE,Towers with Radar,0,49,62,0,111,0,0,47,0,47,0,49,109,0,158,74,0,74,232
01/15/2001,BFL,CA,AWP,WE,Towers with Radar,0,52,46,0,98,0,94,106,0,200,0,146,152,0,298,220,0,220,518
01/16/2001,BFL,CA,AWP,WE,Towers with Radar,2,63,50,5,120,0,112,90,5,207,2,175,140,10,327,338,4,342,669
01/17/2001,BFL,CA,AWP,WE,Towers with Radar,2,72,64,6,144,0,65,69,0,134,2,137,133,6,278,317,0,317,595
01/18/2001,BFL,CA,AWP,WE,Towers with Radar,0,112,119,3,234,0,10,129,1,140,0,122,248,4,374,127,4,131,505
01/19/2001,BFL,CA,AWP,WE,Towers with Radar,1,121,127,0,249,3,13,87,0,103,4,134,214,0,352,54,0,54,406
01/20/2001,BFL,CA,AWP,WE,Towers with Radar,1,71,76,2,150,23,0,63,0,86,24,71,139,2,236,23,0,23,259
01/21/2001,BFL,CA,AWP,WE,Towers with Radar,0,50,58,0,108,2,0,46,0,48,2,50,104,0,156,12,0,12,168
01/22/2001,BFL,CA,AWP,WE,Towers with Radar,0,138,137,4,279,0,0,0,6,6,0,138,137,10,285,12,0,12,297
01/23/2001,BFL,CA,AWP,WE,Towers with Radar,0,97,61,5,163,0,71,84,7,162,0,168,145,12,325,253,8,261,586
01/24/2001,BFL,CA,AWP,WE,Towers with Radar,0,102,135,1,238,0,68,82,0,150,0,170,217,1,388,224,2,226,614
01/25/2001,BFL,CA,AWP,WE,Towers with Radar,0,115,121,3,239,0,77,134,5,216,0,192,255,8,455,464,6,470,925
01/26/2001,BFL,CA,AWP,WE,Towers with Radar,0,82,123,0,205,0,49,139,0,188,0,131,262,0,393,320,0,320,713
01/27/2001,BFL,CA,AWP,WE,Towers with Radar,0,65,62,0,127,0,4,63,0,67,0,69,125,0,194,13,0,13,207
01/28/2001,BFL,CA,AWP,WE,Towers with Radar,0,44,27,0,71,0,4,94,0,98,0,48,121,0,169,40,0,40,209
01/29/2001,BFL,CA,AWP,WE,Towers with Radar,2,80,103,0,185,0,96,138,0,234,2,176,241,0,419,299,0,299,718
01/30/2001,BFL,CA,AWP,WE,Towers with Radar,0,74,49,1,124,0,99,148,3,250,0,173,197,4,374,216,0,216,590
01/31/2001,BFL,CA,AWP,WE,Towers with Radar,0,122,129,2,253,0,24,28,0,52,0,146,157,2,305,28,0,28,333
02/01/2001,BFL,CA,AWP,WE,Towers with Radar,0,108,103,1,212,0,78,212,0,290,0,186,315,1,502,298,0,298,800
02/02/2001,BFL,CA,AWP,WE,Towers with Radar,0,96,101,0,197,0,73,213,5,291,0,169,314,5,488,220,8,228,716
02/03/2001,BFL,CA,AWP,WE,Towers with Radar,0,63,58,0,121,2,11,57,4,74,2,74,115,4,195,55,0,55,250
02/04/2001,BFL,CA,AWP,WE,Towers with Radar,0,48,60,0,108,0,0,60,0,60,0,48,120,0,168,11,0,11,179
02/05/2001,BFL,CA,AWP,WE,Towers with Radar,0,91,84,0,175,0,58,85,0,143,0,149,169,0,318,97,0,97,415
02/06/2001,BFL,CA,AWP,WE,Towers with Radar,0,108,99,0,207,0,42,49,0,91,0,150,148,0,298,54,0,54,352
02/07/2001,BFL,CA,AWP,WE,Towers with Radar,0,85,54,0,139,0,122,105,0,227,0,207,159,0,366,283,0,283,649
02/08/2001,BFL,CA,AWP,WE,Towers with Radar,0,75,119,0,194,0,104,193,0,297,0,179,312,0,491,299,0,299,790
02/09/2001,BFL,CA,AWP,WE,Towers with Radar,2,108,79,0,189,0,68,161,3,232,2,176,240,3,421,458,0,458,879
02/10/2001,BFL,CA,AWP,WE,Towers with Radar,0,54,53,0,107,0,0,59,0,59,0,54,112,0,166,63,0,63,229
02/11/2001,BFL,CA,AWP,WE,Towers with Radar,0,48,23,0,71,0,0,17,0,17,0,48,40,0,88,18,0,18,106
02/12/2001,BFL,CA,AWP,WE,Towers with Radar,2,104,93,0,199,0,127,90,2,219,2,231,183,2,418,206,0,206,624
02/13/2001,BFL,CA,AWP,WE,Towers with Radar,0,61,55,0,116,4,90,48,1,143,4,151,103,1,259,231,0,231,490
02/14/2001,BFL,CA,AWP,WE,Towers with Radar,2,75,49,0,126,0,155,170,4,329,2,230,219,4,455,312,0,312,767
02/15/2001,BFL,CA,AWP,WE,Towers with Radar,0,91,70,0,161,0,165,195,0,360,0,256,265,0,521,427,0,427,948
02/16/2001,BFL,CA,AWP,WE,Towers with Radar,0,89,70,0,159,0,80,133,0,213,0,169,203,0,372,349,0,349,721
02/17/2001,BFL,CA,AWP,WE,Towers with Radar,0,0,76,0,76,0,60,40,0,100,0,60,116,0,176,43,0,43,219
02/18/2001,BFL,CA,AWP,WE,Towers with Radar,0,48,30,0,78,0,5,54,0,59,0,53,84,0,137,31,0,31,168
02/19/2001,BFL,CA,AWP,WE,Towers with Radar,0,48,43,0,91,0,18,22,0,40,0,66,65,0,131,28,0,28,159
02/20/2001,BFL,CA,AWP,WE,Towers with Radar,2,82,73,0,157,0,126,103,0,229,2,208,176,0,386,225,0,225,611
02/21/2001,BFL,CA,AWP,WE,Towers with Radar,0,90,50,0,140,0,85,96,0,181,0,175,146,0,321,214,0,214,535
02/22/2001,BFL,CA,AWP,WE,Towers with Radar,0,81,98,0,179,0,119,68,0,187,0,200,166,0,366,235,0,235,601
02/23/2001,BFL,CA,AWP,WE,Towers with Radar,0,102,87,0,189,0,69,154,0,223,0,171,241,0,412,159,0,159,571
02/24/2001,BFL,CA,AWP,WE,Towers with Radar,0,48,39,0,87,0,0,39,0,39,0,48,78,0,126,19,0,19,145
02/25/2001,BFL,CA,AWP,WE,Towers with Radar,0,44,28,0,72,0,1,38,3,42,0,45,66,3,114,29,4,33,147
02/26/2001,BFL,CA,AWP,WE,Towers with Radar,2,143,131,0,276,0,89,115,0,204,2,232,246,0,480,92,0,92,572
02/27/2001,BFL,CA,AWP,WE,Towers with Radar,0,83,76,0,159,0,85,57,10,152,0,168,133,10,311,203,0,203,514
02/28/2001,BFL,CA,AWP,WE,Towers with Radar,0,74,68,0,142,2,126,121,2,251,2,200,189,2,393,250,0,250,643
03/01/2001,BFL,CA,AWP,WE,Towers with Radar,0,88,74,3,165,0,95,176,2,273,0,183,250,5,438,254,4,258,696
03/02/2001,BFL,CA,AWP,WE,Towers with Radar,0,107,108,4,219,0,46,74,0,120,0,153,182,4,339,198,6,204,543
03/03/2001,BFL,CA,AWP,WE,Towers with Radar,0,49,51,0,100,0,11,76,0,87,0,60,127,0,187,103,0,103,290
03/04/2001,BFL,CA,AWP,WE,Towers with Radar,0,35,21,0,56,0,4,8,3,15,0,39,29,3,71,2,0,2,73
03/05/2001,BFL,CA,AWP,WE,Towers with Radar,2,106,35,0,143,0,35,22,0,57,2,141,57,0,200,134,0,134,334
03/06/2001,BFL,CA,AWP,WE,Towers with Radar,0,93,52,0,145,0,81,64,0,145,0,174,116,0,290,166,0,166,456
03/07/2001,BFL,CA,AWP,WE,Towers with Radar,0,93,73,6,172,0,74,138,0,212,0,167,211,6,384,206,8,214,598
03/08/2001,BFL,CA,AWP,WE,Towers with Radar,0,102,84,2,188,0,114,153,5,272,0,216,237,7,460,239,4,243,703
03/09/2001,BFL,CA,AWP,WE,Towers with Radar,0,94,112,12,218,0,61,173,7,241,0,155,285,19,459,213,0,213,672
03/10/2001,BFL,CA,AWP,WE,Towers with Radar,0,57,54,0,111,0,5,79,0,84,0,62,133,0,195,151,0,151,346
03/11/2001,BFL,CA,AWP,WE,Towers with Radar,0,40,32,12,84,0,10,83,14,107,0,50,115,26,191,72,8,80,271
03/12/2001,BFL,CA,AWP,WE,Towers with Radar,0,88,60,1,149,0,70,116,3,189,0,158,176,4,338,191,8,199,537
03/13/2001,BFL,CA,AWP,WE,Towers with Radar,0,87,64,1,152,0,86,174,1,261,0,173,238,2,413,229,0,229,642
03/14/2001,BFL,CA,AWP,WE,Towers with Radar,0,104,89,8,201,0,78,165,0,243,0,182,254,8,444,240,28,268,712
03/15/2001,BFL,CA,AWP,WE,Towers with Radar,2,101,117,6,226,0,84,218,2,304,2,185,335,8,530,331,0,331,861
03/16/2001,BFL,CA,AWP,WE,Towers with Radar,0,95,106,0,201,0,57,202,0,259,0,152,308,0,460,314,0,314,774
03/17/2001,BFL,CA,AWP,WE,Towers with Radar,0,47,41,0,88,0,12,167,0,179,0,59,208,0,267,90,0,90,357
03/18/2001,BFL,CA,AWP,WE,Towers with Radar,2,45,36,0,83,0,3,104,0,107,2,48,140,0,190,36,0,36,226
03/19/2001,BFL,CA,AWP,WE,Towers with Radar,0,82,53,4,139,0,83,89,0,172,0,165,142,4,311,231,8,239,550
03/20/2001,BFL,CA,AWP,WE,Towers with Radar,0,75,28,6,109,0,103,119,3,225,0,178,147,9,334,205,0,205,539
03/21/2001,BFL,CA,AWP,WE,Towers with Radar,0,66,54,1,121,0,135,147,0,282,0,201,201,1,403,268,0,268,671
03/22/2001,BFL,CA,AWP,WE,Towers with Radar,0,143,96,5,244,0,7,113,0,120,0,150,209,5,364,275,0,275,639
03/23/2001,BFL,CA,AWP,WE,Towers with Radar,0,79,116,4,199,0,74,189,0,263,0,153,305,4,462,282,0,282,744
03/24/2001,BFL,CA,AWP,WE,Towers with Radar,0,55,54,0,109,0,0,76,0,76,0,55,130,0,185,53,0,53,238
03/25/2001,BFL,CA,AWP,WE,Towers with Radar,0,51,53,0,104,0,0,56,0,56,0,51,109,0,160,11,0,11,171
03/26/2001,BFL,CA,AWP,WE,Towers with Radar,0,79,71,4,154,0,96,135,3,234,0,175,206,7,388,199,0,199,587
03/27/2001,BFL,CA,AWP,WE,Towers with Radar,0,75,34,1,110,0,121,139,5,265,0,196,173,6,375,269,4,273,648
03/28/2001,BFL,CA,AWP,WE,Towers with Radar,0,70,36,5,111,0,93,123,1,217,0,163,159,6,328,227,0,227,555
03/29/2001,BFL,CA,AWP,WE,Towers with Radar,0,83,44,0,127,0,76,173,0,249,0,159,217,0,376,325,0,325,701
03/30/2001,BFL,CA,AWP,WE,Towers with Radar,0,110,90,2,202,0,75,154,0,229,0,185,244,2,431,310,0,310,741
03/31/2001,BFL,CA,AWP,WE,Towers with Radar,0,39,35,0,74,1,10,149,0,160,1,49,184,0,234,45,1,46,280
04/01/2001,BFL,CA,AWP,WE,Towers with Radar,0,43,31,0,74,0,5,116,4,125,0,48,147,4,199,36,0,36,235
04/02/2001,BFL,CA,AWP,WE,Towers with Radar,0,72,24,0,96,0,129,117,0,246,0,201,141,0,342,297,0,297,639
04/03/2001,BFL,CA,AWP,WE,Towers with Radar,2,92,56,0,150,0,136,150,0,286,2,228,206,0,436,241,0,241,677
04/04/2001,BFL,CA,AWP,WE,Towers with Radar,0,82,57,0,139,0,89,131,0,220,0,171,188,0,359,294,0,294,653
04/05/2001,BFL,CA,AWP,WE,Towers with Radar,0,90,68,0,158,0,99,141,0,240,0,189,209,0,398,312,0,312,710
04/06/2001,BFL,CA,AWP,WE,Towers with Radar,0,82,85,1,168,0,74,123,15,212,0,156,208,16,380,289,0,289,669
04/07/2001,BFL,CA,AWP,WE,Towers with Radar,0,44,40,0,84,0,3,41,0,44,0,47,81,0,128,11,0,11,139
04/08/2001,BFL,CA,AWP,WE,Towers with Radar,0,42,32,0,74,0,0,110,0,110,0,42,142,0,184,17,0,17,201
04/09/2001,BFL,CA,AWP,WE,Towers with Radar,0,67,52,0,119,0,100,91,0,191,0,167,143,0,310,278,0,278,588
04/10/2001,BFL,CA,AWP,WE,Towers with Radar,0,71,37,11,119,0,104,190,4,298,0,175,227,15,417,455,0,455,872
04/11/2001,BFL,CA,AWP,WE,Towers with Radar,0,89,62,13,164,0,59,94,5,158,0,148,156,18,322,283,0,283,605
04/12/2001,BFL,CA,AWP,WE,Towers with Radar,0,95,90,1,186,0,111,109,3,223,0,206,199,4,409,313,0,313,722
04/13/2001,BFL,CA,AWP,WE,Towers with Radar,0,72,94,0,166,0,114,198,0,312,0,186,292,0,478,316,0,316,794
04/14/2001,BFL,CA,AWP,WE,Towers with Radar,0,43,60,0,103,0,14,106,0,120,0,57,166,0,223,53,0,53,276
04/15/2001,BFL,CA,AWP,WE,Towers with Radar,2,49,14,0,65,0,1,84,0,85,2,50,98,0,150,32,0,32,182
04/16/2001,BFL,CA,AWP,WE,Towers with Radar,0,90,75,0,165,0,58,159,0,217,0,148,234,0,382,246,0,246,628
04/17/2001,BFL,CA,AWP,WE,Towers with Radar,0,81,36,0,117,0,65,205,0,270,0,146,241,0,387,251,0,251,638
04/18/2001,BFL,CA,AWP,WE,Towers with Radar,0,70,55,2,127,0,96,150,18,264,0,166,205,20,391,274,0,274,665
04/19/2001,BFL,CA,AWP,WE,Towers with Radar,4,88,80,0,172,0,75,87,0,162,4,163,167,0,334,301,0,301,635
04/20/2001,BFL,CA,AWP,WE,Towers with Radar,0,87,77,2,166,0,79,143,0,222,0,166,220,2,388,298,0,298,686
04/21/2001,BFL,CA,AWP,WE,Towers with Radar,0,45,38,2,85,0,28,55,0,83,0,73,93,2,168,132,1,133,301
04/22/2001,BFL,CA,AWP,WE,Towers with Radar,0,45,48,1,94,0,7,132,0,139,0,52,180,1,233,83,0,83,316
04/23/2001,BFL,CA,AWP,WE,Towers with Radar,0,69,50,0,119,0,93,101,0,194,0,162,151,0,313,298,2,300,613
04/24/2001,BFL,CA,AWP,WE,Towers with Radar,0,67,39,4,110,0,95,160,4,259,0,162,199,8,369,350,0,350,719
04/25/2001,BFL,CA,AWP,WE,Towers with Radar,0,63,38,10,111,0,111,159,0,270,0,174,197,10,381,296,0,296,677
04/26/2001,BFL,CA,AWP,WE,Towers with Radar,0,80,41,0,121,0,127,269,0,396,0,207,310,0,517,394,0,394,911
04/27/2001,BFL,CA,AWP,WE,Towers with Radar,0,67,70,11,148,0,85,266,2,353,0,152,336,13,501,267,4,271,772
04/28/2001,BFL,CA,AWP,WE,Towers with Radar,0,47,89,0,136,0,12,96,2,110,0,59,185,2,246,100,0,100,346
04/29/2001,BFL,CA,AWP,WE,Towers with Radar,0,40,14,0,54,0,4,110,0,114,0,44,124,0,168,52,0,52,220
04/30/2001,BFL,CA,AWP,WE,Towers with Radar,0,54,52,0,106,0,134,128,0,262,0,188,180,0,368,299,6,305,673
05/01/2001,BFL,CA,AWP,WE,Towers with Radar,0,66,39,0,105,0,122,144,0,266,0,188,183,0,371,220,0,220,591
05/02/2001,BFL,CA,AWP,WE,Towers with Radar,0,79,41,0,120,0,80,127,3,210,0,159,168,3,330,273,0,273,603
05/03/2001,BFL,CA,AWP,WE,Towers with Radar,4,70,30,0,104,1,74,164,0,239,5,144,194,0,343,313,0,313,656
05/04/2001,BFL,CA,AWP,WE,Towers with Radar,0,54,34,0,88,0,109,246,4,359,0,163,280,4,447,360,0,360,807
05/05/2001,BFL,CA,AWP,WE,Towers with Radar,0,50,19,0,69,0,38,119,0,157,0,88,138,0,226,164,0,164,390
05/06/2001,BFL,CA,AWP,WE,Towers with Radar,0,46,14,0,60,0,3,105,0,108,0,49,119,0,168,31,0,31,199
05/07/2001,BFL,CA,AWP,WE,Towers with Radar,0,62,55,2,119,0,164,143,0,307,0,226,198,2,426,325,0,325,751
05/08/2001,BFL,CA,AWP,WE,Towers with Radar,0,61,36,2,99,0,154,203,0,357,0,215,239,2,456,245,0,245,701
05/09/2001,BFL,CA,AWP,WE,Towers with Radar,0,82,60,0,142,0,105,182,0,287,0,187,242,0,429,333,0,333,762
05/10/2001,BFL,CA,AWP,WE,Towers with Radar,0,80,55,4,139,0,92,160,0,252,0,172,215,4,391,309,0,309,700
05/11/2001,BFL,CA,AWP,WE,Towers with Radar,2,83,65,0,150,0,101,167,8,276,2,184,232,8,426,347,0,347,773
05/12/2001,BFL,CA,AWP,WE,Towers with Radar,0,53,61,0,114,0,7,95,0,102,0,60,156,0,216,67,0,67,283
05/13/2001,BFL,CA,AWP,WE,Towers with Radar,0,42,11,0,53,0,6,101,1,108,0,48,112,1,161,28,0,28,189
05/14/2001,BFL,CA,AWP,WE,Towers with Radar,0,71,35,0,106,0,114,133,0,247,0,185,168,0,353,376,0,376,729
05/15/2001,BFL,CA,AWP,WE,Towers with Radar,0,86,27,0,113,0,113,156,0,269,0,199,183,0,382,372,0,372,754
05/16/2001,BFL,CA,AWP,WE,Towers with Radar,0,104,59,0,163,0,82,225,0,307,0,186,284,0,470,426,0,426,896
05/17/2001,BFL,CA,AWP,WE,Towers with Radar,0,121,99,0,220,0,56,162,0,218,0,177,261,0,438,382,0,382,820
05/18/2001,BFL,CA,AWP,WE,Towers with Radar,0,87,102,3,192,0,105,297,0,402,0,192,399,3,594,380,0,380,974
05/19/2001,BFL,CA,AWP,WE,Towers with Radar,0,50,35,0,85,0,1,63,0,64,0,51,98,0,149,45,0,45,194
05/20/2001,BFL,CA,AWP,WE,Towers with Radar,0,40,27,0,67,0,8,103,0,111,0,48,130,0,178,38,0,38,216
05/21/2001,BFL,CA,AWP,WE,Towers with Radar,0,86,59,1,146,0,115,168,0,283,0,201,227,1,429,323,8,331,760
05/22/2001,BFL,CA,AWP,WE,Towers with Radar,2,92,43,2,139,0,90,134,0,224,2,182,177,2,363,225,0,225,588
05/23/2001,BFL,CA,AWP,WE,Towers with Radar,4,101,48,1,154,0,83,143,2,228,4,184,191,3,382,236,0,236,618
05/24/2001,BFL,CA,AWP,WE,Towers with Radar,0,99,102,0,201,0,100,193,0,293,0,199,295,0,494,298,0,298,792
05/25/2001,BFL,CA,AWP,WE,Towers with Radar,0,99,93,0,192,0,48,205,0,253,0,147,298,0,445,231,0,231,676
05/26/2001,BFL,CA,AWP,WE,Towers with Radar,0,40,23,0,63,0,13,144,4,161,0,53,167,4,224,36,0,36,260
05/27/2001,BFL,CA,AWP,WE,Towers with Radar,0,37,31,0,68,0,0,102,0,102,0,37,133,0,170,43,0,43,213
05/28/2001,BFL,CA,AWP,WE,Towers with Radar,0,43,36,0,79,0,3,115,0,118,0,46,151,0,197,30,0,30,227
05/29/2001,BFL,CA,AWP,WE,Towers with Radar,0,88,70,0,158,0,91,209,0,300,0,179,279,0,458,283,0,283,741
05/30/2001,BFL,CA,AWP,WE,Towers with Radar,0,100,80,0,180,0,109,181,0,290,0,209,261,0,470,318,0,318,788
05/31/2001,BFL,CA,AWP,WE,Towers with Radar,0,85,83,0,168,0,75,126,0,201,0,160,209,0,369,251,0,251,620
06/01/2001,BFL,CA,AWP,WE,Towers with Radar,0,89,72,1,162,0,88,207,1,296,0,177,279,2,458,289,0,289,747
06/02/2001,BFL,CA,AWP,WE,Towers with Radar,0,35,11,2,48,0,0,97,0,97,0,35,108,2,145,32,0,32,177
06/03/2001,BFL,CA,AWP,WE,Towers with Radar,0,42,39,1,82,0,4,148,1,153,0,46,187,2,235,28,0,28,263
06/04/2001,BFL,CA,AWP,WE,Towers with Radar,0,51,30,0,81,0,0,99,0,99,0,51,129,0,180,46,0,46,226
06/05/2001,BFL,CA,AWP,WE,Towers with Radar,2,105,67,6,180,0,94,159,0,253,2,199,226,6,433,246,0,246,679
06/06/2001,BFL,CA,AWP,WE,Towers with Radar,0,100,61,0,161,0,66,131,0,197,0,166,192,0,358,190,0,190,548
06/07/2001,BFL,CA,AWP,WE,Towers with Radar,0,92,81,2,175,0,84,170,0,254,0,176,251,2,429,277,0,277,706
06/08/2001,BFL,CA,AWP,WE,Towers with Radar,0,94,119,4,217,0,90,179,5,274,0,184,298,9,491,308,4,312,803
06/09/2001,BFL,CA,AWP,WE,Towers with Radar,0,42,25,0,67,0,14,99,0,113,0,56,124,0,180,54,0,54,234
06/10/2001,BFL,CA,AWP,WE,Towers with Radar,2,43,13,0,58,1,3,149,0,153,3,46,162,0,211,92,0,92,303
06/11/2001,BFL,CA,AWP,WE,Towers with Radar,0,99,63,0,162,0,61,167,0,228,0,160,230,0,390,216,0,216,606
06/12/2001,BFL,CA,AWP,WE,Towers with Radar,0,92,66,1,159,0,95,171,1,267,0,187,237,2,426,260,0,260,686
06/13/2001,BFL,CA,AWP,WE,Towers with Radar,0,118,71,0,189,0,64,250,0,314,0,182,321,0,503,279,0,279,782
06/14/2001,BFL,CA,AWP,WE,Towers with Radar,2,100,64,0,166,0,57,172,0,229,2,157,236,0,395,164,0,164,559
06/15/2001,BFL,CA,AWP,WE,Towers with Radar,0,96,105,8,209,0,77,221,0,298,0,173,326,8,507,322,2,324,831
06/16/2001,BFL,CA,AWP,WE,Towers with Radar,0,52,21,0,73,0,14,138,0,152,0,66,159,0,225,86,0,86,311
06/17/2001,BFL,CA,AWP,WE,Towers with Radar,0,53,38,0,91,0,10,110,0,120,0,63,148,0,211,53,0,53,264
06/18/2001,BFL,CA,AWP,WE,Towers with Radar,0,72,29,0,101,0,74,140,1,215,0,146,169,1,316,186,2,188,504
06/19/2001,BFL,CA,AWP,WE,Towers with Radar,0,76,28,0,104,0,83,146,0,229,0,159,174,0,333,254,0,254,587
06/20/2001,BFL,CA,AWP,WE,Towers with Radar,0,68,54,0,122,0,120,150,1,271,0,188,204,1,393,286,30,316,709
06/21/2001,BFL,CA,AWP,WE,Towers with Radar,0,76,59,0,135,0,94,176,2,272,0,170,235,2,407,407,0,407,814
06/22/2001,BFL,CA,AWP,WE,Towers with Radar,0,76,60,0,136,0,93,219,0,312,0,169,279,0,448,334,0,334,782
06/23/2001,BFL,CA,AWP,WE,Towers with Radar,0,43,28,0,71,0,22,155,0,177,0,65,183,0,248,26,0,26,274
06/24/2001,BFL,CA,AWP,WE,Towers with Radar,0,48,37,0,85,0,16,122,2,140,0,64,159,2,225,37,0,37,262
06/25/2001,BFL,CA,AWP,WE,Towers with Radar,2,68,46,0,116,0,139,145,0,284,2,207,191,0,400,417,0,417,817
06/26/2001,BFL,CA,AWP,WE,Towers with Radar,0,68,39,0,107,0,124,183,0,307,0,192,222,0,414,404,0,404,818
06/27/2001,BFL,CA,AWP,WE,Towers with Radar,0,56,25,3,84,0,114,208,0,322,0,170,233,3,406,454,0,454,860
06/28/2001,BFL,CA,AWP,WE,Towers with Radar,2,69,47,0,118,0,68,182,0,250,2,137,229,0,368,247,0,247,615
06/29/2001,BFL,CA,AWP,WE,Towers with Radar,2,59,103,2,166,0,132,217,0,349,2,191,320,2,515,420,0,420,935
06/30/2001,BFL,CA,AWP,WE,Towers with Radar,0,44,56,0,100,0,18,119,0,137,0,62,175,0,237,82,0,82,319
07/01/2001,BFL,CA,AWP,WE,Towers with Radar,0,39,30,0,69,0,8,122,0,130,0,47,152,0,199,90,0,90,289
07/02/2001,BFL,CA,AWP,WE,Towers with Radar,2,60,29,0,91,0,122,140,0,262,2,182,169,0,353,342,0,342,695
07/03/2001,BFL,CA,AWP,WE,Towers with Radar,0,59,28,0,87,0,105,125,0,230,0,164,153,0,317,371,0,371,688
07/04/2001,BFL,CA,AWP,WE,Towers with Radar,0,43,14,0,57,0,7,61,2,70,0,50,75,2,127,67,0,67,194
07/05/2001,BFL,CA,AWP,WE,Towers with Radar,1,65,42,3,111,0,77,125,3,205,1,142,167,6,316,396,0,396,712
07/06/2001,BFL,CA,AWP,WE,Towers with Radar,0,64,82,0,146,0,114,108,2,224,0,178,190,2,370,440,0,440,810
07/07/2001,BFL,CA,AWP,WE,Towers with Radar,0,53,30,13,96,0,19,110,0,129,0,72,140,13,225,37,48,85,310
07/08/2001,BFL,CA,AWP,WE,Towers with Radar,0,39,12,0,51,0,6,101,3,110,0,45,113,3,161,41,0,41,202
07/09/2001,BFL,CA,AWP,WE,Towers with Radar,2,70,32,0,104,0,81,118,1,200,2,151,150,1,304,522,0,522,826
07/10/2001,BFL,CA,AWP,WE,Towers with Radar,2,61,45,0,108,0,106,118,0,224,2,167,163,0,332,442,2,444,776
07/11/2001,BFL,CA,AWP,WE,Towers with Radar,1,78,37,8,124,0,72,192,1,265,1,150,229,9,389,425,0,425,814
07/12/2001,BFL,CA,AWP,WE,Towers with Radar,2,80,67,11,160,0,86,176,2,264,2,166,243,13,424,352,4,356,780
07/13/2001,BFL,CA,AWP,WE,Towers with Radar,0,82,67,2,151,0,70,203,9,282,0,152,270,11,433,265,0,265,698
07/14/2001,BFL,CA,AWP,WE,Towers with Radar,2,36,30,4,72,0,20,127,0,147,2,56,157,4,219,75,26,101,320
07/15/2001,BFL,CA,AWP,WE,Towers with Radar,0,40,17,0,57,0,11,134,0,145,0,51,151,0,202,47,0,47,249
07/16/2001,BFL,CA,AWP,WE,Towers with Radar,2,69,31,0,102,0,86,139,4,229,2,155,170,4,331,307,0,307,638
07/17/2001,BFL,CA,AWP,WE,Towers with Radar,0,61,42,0,103,0,112,157,6,275,0,173,199,6,378,282,0,282,660
07/18/2001,BFL,CA,AWP,WE,Towers with Radar,0,62,43,2,107,0,122,166,2,290,0,184,209,4,397,258,56,314,711
07/19/2001,BFL,CA,AWP,WE,Towers with Radar,0,76,91,4,171,0,92,180,1,273,0,168,271,5,444,190,6,196,640
07/20/2001,BFL,CA,AWP,WE,Towers with Radar,0,74,61,0,135,0,87,172,1,260,0,161,233,1,395,331,0,331,726
07/21/2001,BFL,CA,AWP,WE,Towers with Radar,0,46,72,0,118,0,15,108,0,123,0,61,180,0,241,73,0,73,314
07/22/2001,BFL,CA,AWP,WE,Towers with Radar,1,40,18,0,59,1,3,106,0,110,2,43,124,0,169,30,0,30,199
07/23/2001,BFL,CA,AWP,WE,Towers with Radar,2,51,44,1,98,0,152,171,5,328,2,203,215,6,426,346,2,348,774
07/24/2001,BFL,CA,AWP,WE,Towers with Radar,7,54,39,0,100,2,155,165,3,325,9,209,204,3,425,409,0,409,834
07/25/2001,BFL,CA,AWP,WE,Towers with Radar,6,66,70,0,142,0,98,165,20,283,6,164,235,20,425,361,0,361,786
07/26/2001,BFL,CA,AWP,WE,Towers with Radar,0,77,49,8,134,0,103,186,8,297,0,180,235,16,431,335,6,341,772
07/27/2001,BFL,CA,AWP,WE,Towers with Radar,0,59,44,0,103,0,129,171,0,300,0,188,215,0,403,269,0,269,672
07/28/2001,BFL,CA,AWP,WE,Towers with Radar,0,39,26,0,65,0,11,115,0,126,0,50,141,0,191,64,0,64,255
07/29/2001,BFL,CA,AWP,WE,Towers with Radar,0,42,14,1,57,1,4,103,1,109,1,46,117,2,166,43,0,43,209
07/30/2001,BFL,CA,AWP,WE,Towers with Radar,2,54,37,3,96,0,112,144,3,259,2,166,181,6,355,272,0,272,627
07/31/2001,BFL,CA,AWP,WE,Towers with Radar,0,63,45,0,108,0,143,178,0,321,0,206,223,0,429,373,0,373,802
08/01/2001,BFL,CA,AWP,WE,Towers with Radar,4,63,47,10,124,1,137,189,10,337,5,200,236,20,461,332,28,360,821
08/02/2001,BFL,CA,AWP,WE,Towers with Radar,3,63,53,4,123,3,131,166,0,300,6,194,219,4,423,402,16,418,841
08/03/2001,BFL,CA,AWP,WE,Towers with Radar,3,86,32,0,121,7,79,196,0,282,10,165,228,0,403,307,0,307,710
08/04/2001,BFL,CA,AWP,WE,Towers with Radar,0,38,46,1,85,0,8,100,0,108,0,46,146,1,193,41,0,41,234
08/05/2001,BFL,CA,AWP,WE,Towers with Radar,0,35,17,2,54,0,9,119,5,133,0,44,136,7,187,58,0,58,245
08/06/2001,BFL,CA,AWP,WE,Towers with Radar,2,51,35,0,88,0,87,123,0,210,2,138,158,0,298,319,0,319,617
08/07/2001,BFL,CA,AWP,WE,Towers with Radar,2,61,49,1,113,0,113,139,1,253,2,174,188,2,366,231,8,239,605
08/08/2001,BFL,CA,AWP,WE,Towers with Radar,2,61,52,2,117,0,118,158,2,278,2,179,210,4,395,203,0,203,598
08/09/2001,BFL,CA,AWP,WE,Towers with Radar,1,58,47,1,107,1,120,163,9,293,2,178,210,10,400,304,0,304,704
08/10/2001,BFL,CA,AWP,WE,Towers with Radar,0,61,58,12,131,0,98,189,3,290,0,159,247,15,421,347,30,377,798
08/11/2001,BFL,CA,AWP,WE,Towers with Radar,0,38,19,0,57,0,13,148,0,161,0,51,167,0,218,48,2,50,268
08/12/2001,BFL,CA,AWP,WE,Towers with Radar,0,38,26,0,64,0,16,158,2,176,0,54,184,2,240,31,0,31,271
08/13/2001,BFL,CA,AWP,WE,Towers with Radar,2,54,61,0,117,0,138,177,4,319,2,192,238,4,436,359,0,359,795
08/14/2001,BFL,CA,AWP,WE,Towers with Radar,1,58,47,1,107,2,125,161,3,291,3,183,208,4,398,213,0,213,611
08/15/2001,BFL,CA,AWP,WE,Towers with Radar,0,68,59,2,129,0,78,174,0,252,0,146,233,2,381,327,2,329,710
08/16/2001,BFL,CA,AWP,WE,Towers with Radar,2,80,95,1,178,0,91,194,6,291,2,171,289,7,469,284,0,284,753
08/17/2001,BFL,CA,AWP,WE,Towers with Radar,0,73,88,0,161,0,101,231,0,332,0,174,319,0,493,230,0,230,723
08/18/2001,BFL,CA,AWP,WE,Towers with Radar,0,46,31,0,77,0,17,94,0,111,0,63,125,0,188,50,0,50,238
08/19/2001,BFL,CA,AWP,WE,Towers with Radar,0,45,36,0,81,0,9,133,0,142,0,54,169,0,223,53,0,53,276
08/20/2001,BFL,CA,AWP,WE,Towers with Radar,2,64,48,0,114,0,122,116,1,239,2,186,164,1,353,315,0,315,668
08/21/2001,BFL,CA,AWP,WE,Towers with Radar,6,62,39,0,107,0,91,169,0,260,6,153,208,0,367,336,0,336,703
08/22/2001,BFL,CA,AWP,WE,Towers with Radar,3,95,42,0,140,0,73,118,0,191,3,168,160,0,331,270,0,270,601
08/23/2001,BFL,CA,AWP,WE,Towers with Radar,2,65,60,0,127,0,90,145,2,237,2,155,205,2,364,224,0,224,588
08/24/2001,BFL,CA,AWP,WE,Towers with Radar,0,76,63,2,141,0,83,145,1,229,0,159,208,3,370,357,0,357,727
08/25/2001,BFL,CA,AWP,WE,Towers with Radar,0,55,45,0,100,0,7,100,0,107,0,62,145,0,207,106,0,106,313
08/26/2001,BFL,CA,AWP,WE,Towers with Radar,3,42,23,0,68,1,8,104,6,119,4,50,127,6,187,71,0,71,258
08/27/2001,BFL,CA,AWP,WE,Towers with Radar,3,76,40,0,119,1,59,104,0,164,4,135,144,0,283,305,0,305,588
08/28/2001,BFL,CA,AWP,WE,Towers with Radar,0,62,52,1,115,0,98,175,8,281,0,160,227,9,396,303,2,305,701
08/29/2001,BFL,CA,AWP,WE,Towers with Radar,0,76,78,3,157,0,108,338,3,449,0,184,416,6,606,357,0,357,963
08/30/2001,BFL,CA,AWP,WE,Towers with Radar,0,90,96,6,192,0,56,178,15,249,0,146,274,21,441,324,20,344,785
08/31/2001,BFL,CA,AWP,WE,Towers with Radar,0,76,105,2,183,0,67,177,7,251,0,143,282,9,434,194,4,198,632
09/01/2001,BFL,CA,AWP,WE,Towers with Radar,0,38,10,0,48,0,12,129,0,141,0,50,139,0,189,44,0,44,233
09/02/2001,BFL,CA,AWP,WE,Towers with Radar,0,36,14,0,50,0,7,94,0,101,0,43,108,0,151,30,0,30,181
09/03/2001,BFL,CA,AWP,WE,Towers with Radar,0,45,21,0,66,0,16,97,0,113,0,61,118,0,179,76,0,76,255
09/04/2001,BFL,CA,AWP,WE,Towers with Radar,2,71,34,1,108,3,77,100,1,181,5,148,134,2,289,308,0,308,597
09/05/2001,BFL,CA,AWP,WE,Towers with Radar,0,98,73,0,171,0,84,136,1,221,0,182,209,1,392,344,0,344,736
09/06/2001,BFL,CA,AWP,WE,Towers with Radar,0,90,72,4,166,0,86,218,0,304,0,176,290,4,470,303,0,303,773
09/07/2001,BFL,CA,AWP,WE,Towers with Radar,0,88,67,6,161,0,98,196,5,299,0,186,263,11,460,405,4,409,869
09/08/2001,BFL,CA,AWP,WE,Towers with Radar,0,48,22,4,74,0,32,115,22,169,0,80,137,26,243,53,0,53,296
09/09/2001,BFL,CA,AWP,WE,Towers with Radar,0,36,32,0,68,0,2,120,0,122,0,38,152,0,190,38,0,38,228
09/10/2001,BFL,CA,AWP,WE,Towers with Radar,2,97,28,3,130,0,73,124,2,199,2,170,152,5,329,310,0,310,639
09/11/2001,BFL,CA,AWP,WE,Towers with Radar,1,6,3,0,10,0,4,6,0,10,1,10,9,0,20,1,0,1,21
09/12/2001,BFL,CA,AWP,WE,Towers with Radar,1,1,0,0,2,0,0,11,0,11,1,1,11,0,13,0,0,0,13
09/13/2001,BFL,CA,AWP,WE,Towers with Radar,0,22,0,0,22,0,5,3,0,8,0,27,3,0,30,1,0,1,31
09/14/2001,BFL,CA,AWP,WE,Towers with Radar,0,67,15,1,83,0,12,7,1,20,0,79,22,2,103,0,0,0,103
09/15/2001,BFL,CA,AWP,WE,Towers with Radar,0,39,36,0,75,0,5,6,7,18,0,44,42,7,93,7,0,7,100
09/16/2001,BFL,CA,AWP,WE,Towers with Radar,0,46,36,0,82,0,5,13,3,21,0,51,49,3,103,4,0,4,107
09/17/2001,BFL,CA,AWP,WE,Towers with Radar,4,85,46,2,137,0,11,17,0,28,4,96,63,2,165,14,0,14,179
09/18/2001,BFL,CA,AWP,WE,Towers with Radar,2,104,91,17,214,0,9,23,0,32,2,113,114,17,246,14,0,14,260
09/19/2001,BFL,CA,AWP,WE,Towers with Radar,2,90,107,9,208,0,0,27,5,32,2,90,134,14,240,30,0,30,270
09/20/2001,BFL,CA,AWP,WE,Towers with Radar,4,103,55,4,166,0,12,52,0,64,4,115,107,4,230,28,4,32,262
09/21/2001,BFL,CA,AWP,WE,Towers with Radar,0,78,57,7,142,0,13,106,1,120,0,91,163,8,262,21,0,21,283
09/22/2001,BFL,CA,AWP,WE,Towers with Radar,0,44,39,0,83,0,6,112,2,120,0,50,151,2,203,25,0,25,228
09/23/2001,BFL,CA,AWP,WE,Towers with Radar,2,41,48,0,91,0,9,77,0,86,2,50,125,0,177,20,0,20,197
09/24/2001,BFL,CA,AWP,WE,Towers with Radar,2,94,57,2,155,0,77,149,22,248,2,171,206,24,403,401,0,401,804
09/25/2001,BFL,CA,AWP,WE,Towers with Radar,0,80,69,3,152,0,80,132,4,216,0,160,201,7,368,335,0,335,703
09/26/2001,BFL,CA,AWP,WE,Towers with Radar,0,81,77,6,164,0,78,125,4,207,0,159,202,10,371,331,0,331,702
09/27/2001,BFL,CA,AWP,WE,Towers with Radar,1,72,78,0,151,0,97,145,0,242,1,169,223,0,393,363,0,363,756
09/28/2001,BFL,CA,AWP,WE,Towers with Radar,2,69,43,0,114,0,67,201,0,268,2,136,244,0,382,414,0,414,796
09/29/2001,BFL,CA,AWP,WE,Towers with Radar,0,37,29,0,66,0,14,120,0,134,0,51,149,0,200,33,0,33,233
09/30/2001,BFL,CA,AWP,WE,Towers with Radar,0,38,38,0,76,0,5,106,0,111,0,43,144,0,187,18,0,18,205
10/01/2001,BFL,CA,AWP,WE,Towers with Radar,1,87,48,0,136,0,91,90,0,181,1,178,138,0,317,355,0,355,672
10/02/2001,BFL,CA,AWP,WE,Towers with Radar,0,44,46,1,91,0,90,146,1,237,0,134,192,2,328,307,4,311,639
10/03/2001,BFL,CA,AWP,WE,Towers with Radar,0,66,41,0,107,0,88,154,0,242,0,154,195,0,349,264,0,264,613
10/04/2001,BFL,CA,AWP,WE,Towers with Radar,0,56,54,9,119,0,90,130,13,233,0,146,184,22,352,232,2,234,586
10/05/2001,BFL,CA,AWP,WE,Towers with Radar,2,72,58,12,144,0,130,142,0,272,2,202,200,12,416,372,10,382,798
10/06/2001,BFL,CA,AWP,WE,Towers with Radar,0,48,20,3,71,0,13,95,2,110,0,61,115,5,181,33,0,33,214
10/07/2001,BFL,CA,AWP,WE,Towers with Radar,0,36,24,6,66,0,4,111,6,121,0,40,135,12,187,34,0,34,221
10/08/2001,BFL,CA,AWP,WE,Towers with Radar,0,46,47,1,94,0,115,91,1,207,0,161,138,2,301,324,0,324,625
10/09/2001,BFL,CA,AWP,WE,Towers with Radar,2,50,36,3,91,0,155,161,1,317,2,205,197,4,408,350,4,354,762
10/10/2001,BFL,CA,AWP,WE,Towers with Radar,2,54,39,0,95,0,103,94,0,197,2,157,133,0,292,354,0,354,646
10/11/2001,BFL,CA,AWP,WE,Towers with Radar,0,71,61,1,133,0,80,136,3,219,0,151,197,4,352,394,0,394,746
10/12/2001,BFL,CA,AWP,WE,Towers with Radar,2,61,77,0,140,0,76,188,1,265,2,137,265,1,405,452,2,454,859
10/13/2001,BFL,CA,AWP,WE,Towers with Radar,4,51,90,0,145,0,14,125,0,139,4,65,215,0,284,109,0,109,393
10/14/2001,BFL,CA,AWP,WE,Towers with Radar,2,40,34,1,77,0,5,98,0,103,2,45,132,1,180,82,0,82,262
10/15/2001,BFL,CA,AWP,WE,Towers with Radar,5,51,25,1,82,2,113,154,1,270,7,164,179,2,352,387,0,387,739
10/16/2001,BFL,CA,AWP,WE,Towers with Radar,1,46,45,1,93,5,86,111,2,204,6,132,156,3,297,312,0,312,609
10/17/2001,BFL,CA,AWP,WE,Towers with Radar,2,64,73,3,142,0,74,159,0,233,2,138,232,3,375,376,22,398,773
10/18/2001,BFL,CA,AWP,WE,Towers with Radar,0,63,62,2,127,0,104,180,0,284,0,167,242,2,411,324,0,324,735
10/19/2001,BFL,CA,AWP,WE,Towers with Radar,0,76,88,1,165,0,108,147,0,255,0,184,235,1,420,301,0,301,721
10/20/2001,BFL,CA,AWP,WE,Towers with Radar,0,31,26,0,57,0,10,130,0,140,0,41,156,0,197,50,0,50,247
10/21/2001,BFL,CA,AWP,WE,Towers with Radar,0,27,39,0,66,0,11,104,2,117,0,38,143,2,183,37,0,37,220
10/22/2001,BFL,CA,AWP,WE,Towers with Radar,2,46,26,1,75,0,95,118,1,214,2,141,144,2,289,382,0,382,671
10/23/2001,BFL,CA,AWP,WE,Towers with Radar,4,37,67,0,108,0,90,129,2,221,4,127,196,2,329,304,0,304,633
10/24/2001,BFL,CA,AWP,WE,Towers with Radar,2,43,34,0,79,0,84,153,2,239,2,127,187,2,318,294,0,294,612
10/25/2001,BFL,CA,AWP,WE,Towers with Radar,4,54,123,2,183,0,102,215,0,317,4,156,338,2,500,298,0,298,798
10/26/2001,BFL,CA,AWP,WE,Towers with Radar,0,77,60,0,137,0,107,150,2,259,0,184,210,2,396,356,0,356,752
10/27/2001,BFL,CA,AWP,WE,Towers with Radar,6,25,63,2,96,0,15,111,2,128,6,40,174,4,224,69,0,69,293
10/28/2001,BFL,CA,AWP,WE,Towers with Radar,0,27,39,0,66,0,5,107,0,112,0,32,146,0,178,39,0,39,217
10/29/2001,BFL,CA,AWP,WE,Towers with Radar,4,43,60,3,110,0,123,112,0,235,4,166,172,3,345,307,0,307,652
10/30/2001,BFL,CA,AWP,WE,Towers with Radar,1,54,56,2,113,1,56,51,2,110,2,110,107,4,223,198,8,206,429
10/31/2001,BFL,CA,AWP,WE,Towers with Radar,2,81,80,1,164,0,3,44,1,48,2,84,124,2,212,94,0,94,306
11/01/2001,BFL,CA,AWP,WE,Towers with Radar,1,76,91,4,172,3,64,67,0,134,4,140,158,4,306,68,0,68,374
11/02/2001,BFL,CA,AWP,WE,Towers with Radar,1,84,98,1,184,0,23,75,0,98,1,107,173,1,282,21,0,21,303
11/03/2001,BFL,CA,AWP,WE,Towers with Radar,0,29,67,2,98,0,0,33,0,33,0,29,100,2,131,15,0,15,146
11/04/2001,BFL,CA,AWP,WE,Towers with Radar,0,29,53,0,82,0,0,0,0,0,0,29,53,0,82,10,0,10,92
11/05/2001,BFL,CA,AWP,WE,Towers with Radar,1,53,62,2,118,1,59,107,6,173,2,112,169,8,291,145,8,153,444
11/06/2001,BFL,CA,AWP,WE,Towers with Radar,2,53,39,0,94,0,93,176,0,269,2,146,215,0,363,320,0,320,683
11/07/2001,BFL,CA,AWP,WE,Towers with Radar,2,45,78,3,128,0,89,169,1,259,2,134,247,4,387,293,2,295,682
11/08/2001,BFL,CA,AWP,WE,Towers with Radar,4,66,58,13,141,0,57,117,0,174,4,123,175,13,315,324,10,334,649
11/09/2001,BFL,CA,AWP,WE,Towers with Radar,0,46,53,3,102,0,73,112,1,186,0,119,165,4,288,214,2,216,504
11/10/2001,BFL,CA,AWP,WE,Towers with Radar,0,25,62,0,87,0,11,98,0,109,0,36,160,0,196,92,0,92,288
11/11/2001,BFL,CA,AWP,WE,Towers with Radar,3,25,44,0,72,0,6,55,0,61,3,31,99,0,133,50,0,50,183
11/12/2001,BFL,CA,AWP,WE,Towers with Radar,0,42,45,0,87,0,78,57,0,135,0,120,102,0,222,247,0,247,469
11/13/2001,BFL,CA,AWP,WE,Towers with Radar,1,60,69,4,134,3,81,55,2,141,4,141,124,6,275,353,0,353,628
11/14/2001,BFL,CA,AWP,WE,Towers with Radar,4,61,61,2,128,1,83,116,7,207,5,144,177,9,335,210,6,216,551
11/15/2001,BFL,CA,AWP,WE,Towers with Radar,2,70,82,0,154,0,58,88,0,146,2,128,170,0,300,260,0,260,560
11/16/2001,BFL,CA,AWP,WE,Towers with Radar,1,93,108,0,202,0,6,38,0,44,1,99,146,0,246,4,0,4,250
11/17/2001,BFL,CA,AWP,WE,Towers with Radar,0,26,61,2,89,0,0,21,2,23,0,26,82,4,112,5,0,5,117
11/18/2001,BFL,CA,AWP,WE,Towers with Radar,1,28,36,0,65,1,0,0,0,1,2,28,36,0,66,3,0,3,69
11/19/2001,BFL,CA,AWP,WE,Towers with Radar,2,72,84,3,161,0,35,2,5,42,2,107,86,8,203,32,0,32,235
11/20/2001,BFL,CA,AWP,WE,Towers with Radar,2,88,102,4,196,0,23,43,0,66,2,111,145,4,262,14,0,14,276
11/21/2001,BFL,CA,AWP,WE,Towers with Radar,0,83,97,4,184,0,10,90,8,108,0,93,187,12,292,69,2,71,363
11/22/2001,BFL,CA,AWP,WE,Towers with Radar,0,28,19,1,48,0,0,26,0,26,0,28,45,1,74,20,0,20,94
11/23/2001,BFL,CA,AWP,WE,Towers with Radar,0,38,45,0,83,0,0,27,0,27,0,38,72,0,110,17,0,17,127
11/24/2001,BFL,CA,AWP,WE,Towers with Radar,0,22,24,0,46,0,0,21,0,21,0,22,45,0,67,12,0,12,79
11/25/2001,BFL,CA,AWP,WE,Towers with Radar,0,21,33,0,54,0,3,72,0,75,0,24,105,0,129,30,0,30,159
11/26/2001,BFL,CA,AWP,WE,Towers with Radar,4,50,28,1,83,0,51,89,5,145,4,101,117,6,228,187,0,187,415
11/27/2001,BFL,CA,AWP,WE,Towers with Radar,0,50,58,3,111,0,75,76,1,152,0,125,134,4,263,173,4,177,440
11/28/2001,BFL,CA,AWP,WE,Towers with Radar,2,62,47,12,123,0,64,132,0,196,2,126,179,12,319,124,6,130,449
11/29/2001,BFL,CA,AWP,WE,Towers with Radar,4,65,80,0,149,0,56,74,0,130,4,121,154,0,279,238,0,238,517
11/30/2001,BFL,CA,AWP,WE,Towers with Radar,0,72,83,3,158,0,29,113,6,148,0,101,196,9,306,170,0,170,476
12/01/2001,BFL,CA,AWP,WE,Towers with Radar,0,24,44,0,68,0,13,97,1,111,0,37,141,1,179,64,0,64,243
12/02/2001,BFL,CA,AWP,WE,Towers with Radar,0,25,20,0,45,0,4,24,0,28,0,29,44,0,73,17,0,17,90
12/03/2001,BFL,CA,AWP,WE,Towers with Radar,2,48,39,5,94,0,71,70,1,142,2,119,109,6,236,256,0,256,492
12/04/2001,BFL,CA,AWP,WE,Towers with Radar,2,59,50,11,122,0,42,87,1,130,2,101,137,12,252,140,0,140,392
12/05/2001,BFL,CA,AWP,WE,Towers with Radar,0,43,40,1,84,2,107,157,33,299,2,150,197,34,383,245,2,247,630
12/06/2001,BFL,CA,AWP,WE,Towers with Radar,5,70,62,4,141,0,70,154,0,224,5,140,216,4,365,321,4,325,690
12/07/2001,BFL,CA,AWP,WE,Towers with Radar,2,59,52,0,113,0,84,132,0,216,2,143,184,0,329,305,2,307,636
12/08/2001,BFL,CA,AWP,WE,Towers with Radar,0,25,29,0,54,0,10,72,0,82,0,35,101,0,136,62,0,62,198
12/09/2001,BFL,CA,AWP,WE,Towers with Radar,0,21,24,0,45,0,0,27,0,27,0,21,51,0,72,15,0,15,87
12/10/2001,BFL,CA,AWP,WE,Towers with Radar,4,40,52,1,97,0,74,71,0,145,4,114,123,1,242,268,0,268,510
12/11/2001,BFL,CA,AWP,WE,Towers with Radar,2,46,41,0,89,0,117,131,0,248,2,163,172,0,337,378,0,378,715
12/12/2001,BFL,CA,AWP,WE,Towers with Radar,0,54,62,9,125,0,106,154,4,264,0,160,216,13,389,373,8,381,770
12/13/2001,BFL,CA,AWP,WE,Towers with Radar,0,60,50,4,114,0,151,133,0,284,0,211,183,4,398,322,0,322,720
12/14/2001,BFL,CA,AWP,WE,Towers with Radar,2,51,41,0,94,0,26,25,0,51,2,77,66,0,145,85,0,85,230
12/15/2001,BFL,CA,AWP,WE,Towers with Radar,0,26,12,1,39,0,5,115,0,120,0,31,127,1,159,91,0,91,250
12/16/2001,BFL,CA,AWP,WE,Towers with Radar,0,23,25,0,48,0,6,82,0,88,0,29,107,0,136,37,0,37,173
12/17/2001,BFL,CA,AWP,WE,Towers with Radar,2,36,61,2,101,0,135,74,0,209,2,171,135,2,310,307,0,307,617
12/18/2001,BFL,CA,AWP,WE,Towers with Radar,1,52,49,0,102,3,102,126,0,231,4,154,175,0,333,291,0,291,624
12/19/2001,BFL,CA,AWP,WE,Towers with Radar,1,78,74,0,153,1,32,68,0,101,2,110,142,0,254,29,0,29,283
12/20/2001,BFL,CA,AWP,WE,Towers with Radar,2,68,73,0,143,0,40,62,2,104,2,108,135,2,247,189,0,189,436
12/21/2001,BFL,CA,AWP,WE,Towers with Radar,0,78,49,0,127,0,20,45,4,69,0,98,94,4,196,55,0,55,251
12/22/2001,BFL,CA,AWP,WE,Towers with Radar,0,34,32,0,66,0,1,74,0,75,0,35,106,0,141,46,0,46,187
12/23/2001,BFL,CA,AWP,WE,Towers with Radar,0,25,36,0,61,0,4,49,0,53,0,29,85,0,114,29,0,29,143
12/24/2001,BFL,CA,AWP,WE,Towers with Radar,0,28,26,1,55,0,8,8,1,17,0,36,34,2,72,16,0,16,88
12/25/2001,BFL,CA,AWP,WE,Towers with Radar,0,24,11,0,35,0,2,15,0,17,0,26,26,0,52,34,0,34,86
12/26/2001,BFL,CA,AWP,WE,Towers with Radar,0,51,51,0,102,0,0,18,0,18,0,51,69,0,120,3,0,3,123
12/27/2001,BFL,CA,AWP,WE,Towers with Radar,0,68,64,0,132,0,23,58,0,81,0,91,122,0,213,87,0,87,300
12/28/2001,BFL,CA,AWP,WE,Towers with Radar,0,43,44,0,87,0,106,93,0,199,0,149,137,0,286,244,0,244,530
12/29/2001,BFL,CA,AWP,WE,Towers with Radar,0,25,47,0,72,0,3,37,0,40,0,28,84,0,112,69,0,69,181
12/30/2001,BFL,CA,AWP,WE,Towers with Radar,0,24,31,0,55,0,0,24,0,24,0,24,55,0,79,30,0,30,109
12/31/2001,BFL,CA,AWP,WE,Towers with Radar,0,54,28,0,82,0,26,41,0,67,0,80,69,0,149,117,0,117,266
01/01/2002,BFL,CA,AWP,WE,Towers with Radar,0,23,21,0,44,0,0,97,0,97,0,23,118,0,141,85,0,85,226
01/02/2002,BFL,CA,AWP,WE,Towers with Radar,0,48,48,0,96,0,104,78,0,182,0,152,126,0,278,184,0,184,462
01/03/2002,BFL,CA,AWP,WE,Towers with Radar,2,97,90,0,189,0,34,35,0,69,2,131,125,0,258,43,0,43,301
01/04/2002,BFL,CA,AWP,WE,Towers with Radar,0,105,97,0,202,0,1,10,0,11,0,106,107,0,213,9,0,9,222
01/05/2002,BFL,CA,AWP,WE,Towers with Radar,0,30,49,0,79,0,0,45,1,46,0,30,94,1,125,32,0,32,157
01/06/2002,BFL,CA,AWP,WE,Towers with Radar,0,24,23,0,47,0,0,47,0,47,0,24,70,0,94,55,0,55,149
01/07/2002,BFL,CA,AWP,WE,Towers with Radar,0,51,43,0,94,2,47,67,0,116,2,98,110,0,210,107,0,107,317
01/08/2002,BFL,CA,AWP,WE,Towers with Radar,0,77,60,0,137,0,11,0,5,16,0,88,60,5,153,4,0,4,157
01/09/2002,BFL,CA,AWP,WE,Towers with Radar,2,92,105,0,199,0,29,39,4,72,2,121,144,4,271,97,26,123,394
01/10/2002,BFL,CA,AWP,WE,Towers with Radar,0,70,62,0,132,0,41,84,6,131,0,111,146,6,263,100,0,100,363
01/11/2002,BFL,CA,AWP,WE,Towers with Radar,0,48,62,0,110,0,0,4,0,4,0,48,66,0,114,0,0,0,114
01/12/2002,BFL,CA,AWP,WE,Towers with Radar,0,30,62,0,92,0,0,8,0,8,0,30,70,0,100,3,0,3,103
01/13/2002,BFL,CA,AWP,WE,Towers with Radar,0,32,80,0,112,0,0,19,0,19,0,32,99,0,131,21,0,21,152
01/14/2002,BFL,CA,AWP,WE,Towers with Radar,1,87,93,0,181,0,0,6,0,6,1,87,99,0,187,43,0,43,230
01/15/2002,BFL,CA,AWP,WE,Towers with Radar,2,86,79,0,167,2,37,77,2,118,4,123,156,2,285,132,0,132,417
01/16/2002,BFL,CA,AWP,WE,Towers with Radar,0,60,52,0,112,1,72,91,0,164,1,132,143,0,276,205,0,205,481
01/17/2002,BFL,CA,AWP,WE,Towers with Radar,2,77,69,0,148,0,41,110,0,151,2,118,179,0,299,148,0,148,447
01/18/2002,BFL,CA,AWP,WE,Towers with Radar,0,127,119,0,246,0,15,81,6,102,0,142,200,6,348,149,4,153,501
01/19/2002,BFL,CA,AWP,WE,Towers with Radar,0,44,38,0,82,0,0,87,1,88,0,44,125,1,170,24,0,24,194
01/20/2002,BFL,CA,AWP,WE,Towers with Radar,0,25,35,0,60,0,0,77,0,77,0,25,112,0,137,25,0,25,162
01/21/2002,BFL,CA,AWP,WE,Towers with Radar,0,55,58,0,113,0,78,82,3,163,0,133,140,3,276,252,0,252,528
01/22/2002,BFL,CA,AWP,WE,Towers with Radar,1,78,71,0,150,1,68,104,1,174,2,146,175,1,324,245,0,245,569
01/23/2002,BFL,CA,AWP,WE,Towers with Radar,2,74,54,0,130,0,91,140,0,231,2,165,194,0,361,262,0,262,623
01/24/2002,BFL,CA,AWP,WE,Towers with Radar,2,76,74,0,152,0,28,149,6,183,2,104,223,6,335,272,0,272,607
01/25/2002,BFL,CA,AWP,WE,Towers with Radar,0,92,108,0,200,0,66,198,1,265,0,158,306,1,465,231,0,231,696
01/26/2002,BFL,CA,AWP,WE,Towers with Radar,2,28,37,0,67,0,2,60,0,62,2,30,97,0,129,95,0,95,224
01/27/2002,BFL,CA,AWP,WE,Towers with Radar,0,28,29,0,57,0,0,0,0,0,0,28,29,0,57,0,0,0,57
01/28/2002,BFL,CA,AWP,WE,Towers with Radar,2,72,39,0,113,0,97,66,0,163,2,169,105,0,276,304,0,304,580
01/29/2002,BFL,CA,AWP,WE,Towers with Radar,2,69,63,0,134,0,0,24,2,26,2,69,87,2,160,87,92,179,339
01/30/2002,BFL,CA,AWP,WE,Towers with Radar,2,107,134,0,243,0,46,185,0,231,2,153,319,0,474,267,0,267,741
01/31/2002,BFL,CA,AWP,WE,Towers with Radar,0,78,95,0,173,0,55,75,0,130,0,133,170,0,303,216,0,216,519
02/01/2002,BFL,CA,AWP,WE,Towers with Radar,1,86,147,0,234,1,30,138,0,169,2,116,285,0,403,229,0,229,632
02/02/2002,BFL,CA,AWP,WE,Towers with Radar,0,32,34,0,66,0,5,34,0,39,0,37,68,0,105,21,0,21,126
02/03/2002,BFL,CA,AWP,WE,Towers with Radar,0,18,31,0,49,0,0,38,0,38,0,18,69,0,87,12,0,12,99
02/04/2002,BFL,CA,AWP,WE,Towers with Radar,2,168,169,0,339,0,4,48,0,52,2,172,217,0,391,3,0,3,394
02/05/2002,BFL,CA,AWP,WE,Towers with Radar,0,121,133,0,254,0,0,57,0,57,0,121,190,0,311,35,0,35,346
02/06/2002,BFL,CA,AWP,WE,Towers with Radar,0,133,136,0,269,0,48,228,0,276,0,181,364,0,545,261,0,261,806
02/07/2002,BFL,CA,AWP,WE,Towers with Radar,2,84,88,1,175,0,54,104,11,169,2,138,192,12,344,149,16,165,509
02/08/2002,BFL,CA,AWP,WE,Towers with Radar,0,160,109,0,269,0,0,18,0,18,0,160,127,0,287,36,0,36,323
02/09/2002,BFL,CA,AWP,WE,Towers with Radar,0,38,40,0,78,4,3,66,0,73,4,41,106,0,151,39,0,39,190
02/10/2002,BFL,CA,AWP,WE,Towers with Radar,0,24,16,0,40,0,1,86,0,87,0,25,102,0,127,12,0,12,139
02/11/2002,BFL,CA,AWP,WE,Towers with Radar,0,72,75,0,147,2,84,113,0,199,2,156,188,0,346,265,0,265,611
02/12/2002,BFL,CA,AWP,WE,Towers with Radar,2,86,58,3,149,0,40,109,1,150,2,126,167,4,299,173,0,173,472
02/13/2002,BFL,CA,AWP,WE,Towers with Radar,2,59,67,0,128,0,27,100,0,127,2,86,167,0,255,145,0,145,400
02/14/2002,BFL,CA,AWP,WE,Towers with Radar,0,105,107,0,212,0,38,153,0,191,0,143,260,0,403,261,0,261,664
02/15/2002,BFL,CA,AWP,WE,Towers with Radar,1,116,127,2,246,0,0,98,2,100,1,116,225,4,346,126,0,126,472
02/16/2002,BFL,CA,AWP,WE,Towers with Radar,0,35,63,1,99,0,0,0,3,3,0,35,63,4,102,7,0,7,109
02/17/2002,BFL,CA,AWP,WE,Towers with Radar,0,27,42,0,69,0,0,36,2,38,0,27,78,2,107,13,0,13,120
02/18/2002,BFL,CA,AWP,WE,Towers with Radar,0,33,66,0,99,0,4,61,2,67,0,37,127,2,166,71,0,71,237
02/19/2002,BFL,CA,AWP,WE,Towers with Radar,0,79,62,1,142,0,57,88,0,145,0,136,150,1,287,229,2,231,518
02/20/2002,BFL,CA,AWP,WE,Towers with Radar,0,60,89,0,149,0,43,53,0,96,0,103,142,0,245,233,0,233,478
02/21/2002,BFL,CA,AWP,WE,Towers with Radar,0,69,77,10,156,0,58,121,0,179,0,127,198,10,335,241,6,247,582
02/22/2002,BFL,CA,AWP,WE,Towers with Radar,2,90,103,0,195,0,30,161,0,191,2,120,264,0,386,150,0,150,536
02/23/2002,BFL,CA,AWP,WE,Towers with Radar,0,26,36,0,62,0,5,41,0,46,0,31,77,0,108,57,0,57,165
02/24/2002,BFL,CA,AWP,WE,Towers with Radar,0,26,34,4,64,0,1,92,0,93,0,27,126,4,157,50,0,50,207
02/25/2002,BFL,CA,AWP,WE,Towers with Radar,2,63,42,0,107,0,56,93,0,149,2,119,135,0,256,221,0,221,477
02/26/2002,BFL,CA,AWP,WE,Towers with Radar,2,55,41,0,98,0,73,99,0,172,2,128,140,0,270,191,0,191,461
02/27/2002,BFL,CA,AWP,WE,Towers with Radar,2,59,16,2,79,0,88,134,0,222,2,147,150,2,301,106,0,106,407
02/28/2002,BFL,CA,AWP,WE,Towers with Radar,0,87,59,0,146,0,49,181,0,230,0,136,240,0,376,286,0,286,662
03/01/2002,BFL,CA,AWP,WE,Towers with Radar,0,88,92,0,180,0,28,206,0,234,0,116,298,0,414,277,0,277,691
03/02/2002,BFL,CA,AWP,WE,Towers with Radar,0,23,29,0,52,0,6,90,0,96,0,29,119,0,148,44,0,44,192
03/03/2002,BFL,CA,AWP,WE,Towers with Radar,0,19,25,0,44,0,12,104,0,116,0,31,129,0,160,37,0,37,197
03/04/2002,BFL,CA,AWP,WE,Towers with Radar,2,61,43,3,109,0,61,137,3,201,2,122,180,6,310,260,0,260,570
03/05/2002,BFL,CA,AWP,WE,Towers with Radar,0,49,49,0,98,0,75,143,2,220,0,124,192,2,318,230,0,230,548
03/06/2002,BFL,CA,AWP,WE,Towers with Radar,1,65,67,0,133,1,39,53,1,94,2,104,120,1,227,128,0,128,355
03/07/2002,BFL,CA,AWP,WE,Towers with Radar,0,66,87,0,153,0,31,95,3,129,0,97,182,3,282,173,0,173,455
03/08/2002,BFL,CA,AWP,WE,Towers with Radar,2,70,87,0,159,0,54,162,4,220,2,124,249,4,379,307,0,307,686
03/09/2002,BFL,CA,AWP,WE,Towers with Radar,0,31,27,9,67,0,9,144,17,170,0,40,171,26,237,81,4,85,322
03/10/2002,BFL,CA,AWP,WE,Towers with Radar,0,23,47,1,71,0,7,75,1,83,0,30,122,2,154,37,2,39,193
03/11/2002,BFL,CA,AWP,WE,Towers with Radar,2,52,57,2,113,2,59,162,0,223,4,111,219,2,336,341,0,341,677
03/12/2002,BFL,CA,AWP,WE,Towers with Radar,0,51,46,0,97,0,70,157,0,227,0,121,203,0,324,318,0,318,642
03/13/2002,BFL,CA,AWP,WE,Towers with Radar,2,50,44,0,96,0,58,105,0,163,2,108,149,0,259,221,0,221,480
03/14/2002,BFL,CA,AWP,WE,Towers with Radar,0,53,52,3,108,0,95,115,0,210,0,148,167,3,318,352,8,360,678
03/15/2002,BFL,CA,AWP,WE,Towers with Radar,1,70,73,0,144,1,82,195,0,278,2,152,268,0,422,454,0,454,876
03/16/2002,BFL,CA,AWP,WE,Towers with Radar,0,29,33,0,62,0,3,60,0,63,0,32,93,0,125,10,0,10,135
03/17/2002,BFL,CA,AWP,WE,Towers with Radar,0,27,28,0,55,0,7,31,0,38,0,34,59,0,93,30,0,30,123
03/18/2002,BFL,CA,AWP,WE,Towers with Radar,6,68,40,6,120,0,67,90,0,157,6,135,130,6,277,272,18,290,567
03/19/2002,BFL,CA,AWP,WE,Towers with Radar,0,51,32,2,85,0,94,111,7,212,0,145,143,9,297,352,0,352,649
03/20/2002,BFL,CA,AWP,WE,Towers with Radar,0,49,45,0,94,0,98,112,0,210,0,147,157,0,304,281,0,281,585
03/21/2002,BFL,CA,AWP,WE,Towers with Radar,0,71,75,0,146,0,78,166,0,244,0,149,241,0,390,290,0,290,680
03/22/2002,BFL,CA,AWP,WE,Towers with Radar,0,68,71,0,139,0,27,153,0,180,0,95,224,0,319,258,0,258,577
03/23/2002,BFL,CA,AWP,WE,Towers with Radar,0,23,35,2,60,0,1,25,0,26,0,24,60,2,86,15,0,15,101
03/24/2002,BFL,CA,AWP,WE,Towers with Radar,0,31,44,0,75,0,5,50,0,55,0,36,94,0,130,33,0,33,163
03/25/2002,BFL,CA,AWP,WE,Towers with Radar,2,45,41,2,90,0,74,106,5,185,2,119,147,7,275,258,0,258,533
03/26/2002,BFL,CA,AWP,WE,Towers with Radar,0,53,69,0,122,0,71,149,2,222,0,124,218,2,344,298,0,298,642
03/27/2002,BFL,CA,AWP,WE,Towers with Radar,2,51,59,0,112,0,72,167,0,239,2,123,226,0,351,225,0,225,576
03/28/2002,BFL,CA,AWP,WE,Towers with Radar,0,60,29,1,90,0,66,137,1,204,0,126,166,2,294,191,0,191,485
03/29/2002,BFL,CA,AWP,WE,Towers with Radar,0,69,54,6,129,0,57,121,1,179,0,126,175,7,308,313,8,321,629
03/30/2002,BFL,CA,AWP,WE,Towers with Radar,0,25,20,0,45,0,8,109,0,117,0,33,129,0,162,70,0,70,232
03/31/2002,BFL,CA,AWP,WE,Towers with Radar,0,21,14,0,35,0,7,84,0,91,0,28,98,0,126,10,0,10,136
04/01/2002,BFL,CA,AWP,WE,Towers with Radar,0,43,50,0,93,2,117,136,1,256,2,160,186,1,349,288,0,288,637
04/02/2002,BFL,CA,AWP,WE,Towers with Radar,2,76,25,0,103,0,81,163,1,245,2,157,188,1,348,191,2,193,541
04/03/2002,BFL,CA,AWP,WE,Towers with Radar,2,45,54,3,104,0,90,117,0,207,2,135,171,3,311,303,18,321,632
04/04/2002,BFL,CA,AWP,WE,Towers with Radar,2,80,87,1,170,2,34,173,0,209,4,114,260,1,379,322,0,322,701
04/05/2002,BFL,CA,AWP,WE,Towers with Radar,2,107,117,2,228,0,2,67,1,70,2,109,184,3,298,210,0,210,508
04/06/2002,BFL,CA,AWP,WE,Towers with Radar,0,33,41,0,74,0,0,30,0,30,0,33,71,0,104,47,0,47,151
04/07/2002,BFL,CA,AWP,WE,Towers with Radar,0,32,39,0,71,0,0,104,0,104,0,32,143,0,175,30,0,30,205
04/08/2002,BFL,CA,AWP,WE,Towers with Radar,0,49,47,2,98,0,86,93,0,179,0,135,140,2,277,251,0,251,528
04/09/2002,BFL,CA,AWP,WE,Towers with Radar,0,52,53,0,105,0,63,100,0,163,0,115,153,0,268,256,0,256,524
04/10/2002,BFL,CA,AWP,WE,Towers with Radar,2,79,78,2,161,0,21,86,0,107,2,100,164,2,268,303,0,303,571
04/11/2002,BFL,CA,AWP,WE,Towers with Radar,2,63,85,0,150,0,79,131,2,212,2,142,216,2,362,304,0,304,666
04/12/2002,BFL,CA,AWP,WE,Towers with Radar,1,72,75,1,149,0,65,153,3,221,1,137,228,4,370,314,0,314,684
04/13/2002,BFL,CA,AWP,WE,Towers with Radar,0,24,30,0,54,0,10,98,2,110,0,34,128,2,164,60,0,60,224
04/14/2002,BFL,CA,AWP,WE,Towers with Radar,2,26,28,0,56,0,1,90,0,91,2,27,118,0,147,20,0,20,167
04/15/2002,BFL,CA,AWP,WE,Towers with Radar,4,58,37,5,104,0,43,94,6,143,4,101,131,11,247,344,4,348,595
04/16/2002,BFL,CA,AWP,WE,Towers with Radar,0,53,47,2,102,0,76,201,0,277,0,129,248,2,379,238,4,242,621
04/17/2002,BFL,CA,AWP,WE,Towers with Radar,2,66,70,1,139,0,30,107,0,137,2,96,177,1,276,172,0,172,448
04/18/2002,BFL,CA,AWP,WE,Towers with Radar,1,72,76,0,149,1,74,155,0,230,2,146,231,0,379,286,0,286,665
04/19/2002,BFL,CA,AWP,WE,Towers with Radar,0,55,64,1,120,0,116,155,1,272,0,171,219,2,392,270,2,272,664
04/20/2002,BFL,CA,AWP,WE,Towers with Radar,0,27,84,0,111,0,4,154,4,162,0,31,238,4,273,65,0,65,338
04/21/2002,BFL,CA,AWP,WE,Towers with Radar,0,25,27,0,52,16,44,212,10,282,16,69,239,10,334,186,38,224,558
04/22/2002,BFL,CA,AWP,WE,Towers with Radar,0,62,44,2,108,0,83,123,0,206,0,145,167,2,314,269,0,269,583
04/23/2002,BFL,CA,AWP,WE,Towers with Radar,1,44,52,0,97,0,106,114,1,221,1,150,166,1,318,314,0,314,632
04/24/2002,BFL,CA,AWP,WE,Towers with Radar,0,58,44,1,103,0,73,131,1,205,0,131,175,2,308,263,0,263,571
04/25/2002,BFL,CA,AWP,WE,Towers with Radar,0,78,58,2,138,0,57,111,0,168,0,135,169,2,306,322,0,322,628
04/26/2002,BFL,CA,AWP,WE,Towers with Radar,1,86,92,0,179,0,21,74,0,95,1,107,166,0,274,143,0,143,417
04/27/2002,BFL,CA,AWP,WE,Towers with Radar,0,28,70,2,100,0,0,74,0,74,0,28,144,2,174,109,0,109,283
04/28/2002,BFL,CA,AWP,WE,Towers with Radar,0,26,44,0,70,0,5,74,0,79,0,31,118,0,149,33,0,33,182
04/29/2002,BFL,CA,AWP,WE,Towers with Radar,2,49,46,0,97,0,104,101,5,210,2,153,147,5,307,329,0,329,636
04/30/2002,BFL,CA,AWP,WE,Towers with Radar,0,50,60,1,111,0,98,95,1,194,0,148,155,2,305,257,0,257,562
05/01/2002,BFL,CA,AWP,WE,Towers with Radar,1,54,70,1,126,1,39,66,1,107,2,93,136,2,233,188,0,188,421
05/02/2002,BFL,CA,AWP,WE,Towers with Radar,1,71,60,0,132,1,62,165,0,228,2,133,225,0,360,305,0,305,665
05/03/2002,BFL,CA,AWP,WE,Towers with Radar,0,59,71,0,130,0,49,180,0,229,0,108,251,0,359,299,0,299,658
05/04/2002,BFL,CA,AWP,WE,Towers with Radar,0,30,38,0,68,0,19,99,0,118,0,49,137,0,186,41,0,41,227
05/05/2002,BFL,CA,AWP,WE,Towers with Radar,0,26,28,0,54,0,7,117,0,124,0,33,145,0,178,60,0,60,238
05/06/2002,BFL,CA,AWP,WE,Towers with Radar,0,46,28,0,74,0,66,82,0,148,0,112,110,0,222,213,0,213,435
05/07/2002,BFL,CA,AWP,WE,Towers with Radar,0,44,29,0,73,0,99,108,0,207,0,143,137,0,280,287,1,288,568
05/08/2002,BFL,CA,AWP,WE,Towers with Radar,2,61,43,11,117,0,90,152,5,247,2,151,195,16,364,361,18,379,743
05/09/2002,BFL,CA,AWP,WE,Towers with Radar,0,73,65,8,146,0,58,186,0,244,0,131,251,8,390,338,22,360,750
05/10/2002,BFL,CA,AWP,WE,Towers with Radar,2,61,69,0,132,0,63,151,0,214,2,124,220,0,346,401,0,401,747
05/11/2002,BFL,CA,AWP,WE,Towers with Radar,0,33,100,0,133,0,4,134,0,138,0,37,234,0,271,50,0,50,321
05/12/2002,BFL,CA,AWP,WE,Towers with Radar,0,28,28,1,57,0,1,118,1,120,0,29,146,2,177,47,0,47,224
05/13/2002,BFL,CA,AWP,WE,Towers with Radar,2,45,45,2,94,0,83,118,1,202,2,128,163,3,296,276,2,278,574
05/14/2002,BFL,CA,AWP,WE,Towers with Radar,0,42,85,0,127,0,103,150,0,253,0,145,235,0,380,226,0,226,606
05/15/2002,BFL,CA,AWP,WE,Towers with Radar,2,43,46,0,91,0,61,133,0,194,2,104,179,0,285,228,0,228,513
05/16/2002,BFL,CA,AWP,WE,Towers with Radar,2,56,85,0,143,0,63,128,2,193,2,119,213,2,336,329,0,329,665
05/17/2002,BFL,CA,AWP,WE,Towers with Radar,2,57,64,0,123,0,78,373,0,451,2,135,437,0,574,180,0,180,754
05/18/2002,BFL,CA,AWP,WE,Towers with Radar,1,27,32,0,60,0,12,126,0,138,1,39,158,0,198,105,0,105,303
05/19/2002,BFL,CA,AWP,WE,Towers with Radar,0,44,55,2,101,0,0,103,1,104,0,44,158,3,205,28,0,28,233
05/20/2002,BFL,CA,AWP,WE,Towers with Radar,0,42,59,5,106,0,50,57,3,110,0,92,116,8,216,120,0,120,336
05/21/2002,BFL,CA,AWP,WE,Towers with Radar,3,52,43,0,98,3,99,108,0,210,6,151,151,0,308,250,0,250,558
05/22/2002,BFL,CA,AWP,WE,Towers with Radar,2,53,45,8,108,0,88,234,0,322,2,141,279,8,430,178,0,178,608
05/23/2002,BFL,CA,AWP,WE,Towers with Radar,0,61,55,0,116,0,67,179,0,246,0,128,234,0,362,270,0,270,632
05/24/2002,BFL,CA,AWP,WE,Towers with Radar,0,54,56,1,111,0,70,197,0,267,0,124,253,1,378,206,0,206,584
05/25/2002,BFL,CA,AWP,WE,Towers with Radar,0,40,50,0,90,0,2,120,0,122,0,42,170,0,212,73,0,73,285
05/26/2002,BFL,CA,AWP,WE,Towers with Radar,0,21,21,0,42,0,2,131,0,133,0,23,152,0,175,57,0,57,232
05/27/2002,BFL,CA,AWP,WE,Towers with Radar,0,26,20,0,46,0,3,162,0,165,0,29,182,0,211,30,0,30,241
05/28/2002,BFL,CA,AWP,WE,Towers with Radar,2,35,45,2,84,0,109,122,0,231,2,144,167,2,315,289,6,295,610
05/29/2002,BFL,CA,AWP,WE,Towers with Radar,3,49,36,0,88,0,82,139,0,221,3,131,175,0,309,222,0,222,531
05/30/2002,BFL,CA,AWP,WE,Towers with Radar,0,74,48,0,122,0,51,146,2,199,0,125,194,2,321,243,0,243,564
05/31/2002,BFL,CA,AWP,WE,Towers with Radar,0,73,54,0,127,0,116,223,0,339,0,189,277,0,466,212,0,212,678
06/01/2002,BFL,CA,AWP,WE,Towers with Radar,0,49,48,0,97,0,8,170,0,178,0,57,218,0,275,97,0,97,372
06/02/2002,BFL,CA,AWP,WE,Towers with Radar,0,25,30,0,55,0,2,128,0,130,0,27,158,0,185,59,0,59,244
06/03/2002,BFL,CA,AWP,WE,Towers with Radar,0,34,50,2,86,2,0,107,3,112,2,34,157,5,198,84,2,86,284
06/04/2002,BFL,CA,AWP,WE,Towers with Radar,0,38,41,0,79,0,81,123,0,204,0,119,164,0,283,171,0,171,454
06/05/2002,BFL,CA,AWP,WE,Towers with Radar,2,40,42,1,85,0,91,154,1,246,2,131,196,2,331,168,0,168,499
06/06/2002,BFL,CA,AWP,WE,Towers with Radar,2,57,80,0,139,0,53,180,0,233,2,110,260,0,372,252,0,252,624
06/07/2002,BFL,CA,AWP,WE,Towers with Radar,0,52,85,8,145,0,47,113,3,163,0,99,198,11,308,363,0,363,671
06/08/2002,BFL,CA,AWP,WE,Towers with Radar,0,32,22,1,55,0,3,109,5,117,0,35,131,6,172,38,0,38,210
06/09/2002,BFL,CA,AWP,WE,Towers with Radar,0,24,54,1,79,0,9,114,6,129,0,33,168,7,208,78,0,78,286
06/10/2002,BFL,CA,AWP,WE,Towers with Radar,4,41,79,1,125,0,84,122,0,206,4,125,201,1,331,231,0,231,562
06/11/2002,BFL,CA,AWP,WE,Towers with Radar,2,40,32,1,75,0,78,128,0,206,2,118,160,1,281,238,0,238,519
06/12/2002,BFL,CA,AWP,WE,Towers with Radar,0,59,62,2,123,0,90,143,0,233,0,149,205,2,356,283,1,284,640
06/13/2002,BFL,CA,AWP,WE,Towers with Radar,2,68,79,0,149,0,57,156,0,213,2,125,235,0,362,393,0,393,755
06/14/2002,BFL,CA,AWP,WE,Towers with Radar,2,74,69,10,155,0,61,200,10,271,2,135,269,20,426,240,6,246,672
06/15/2002,BFL,CA,AWP,WE,Towers with Radar,0,28,87,0,115,0,10,162,0,172,0,38,249,0,287,60,4,64,351
06/16/2002,BFL,CA,AWP,WE,Towers with Radar,2,24,29,0,55,0,10,126,0,136,2,34,155,0,191,48,0,48,239
06/17/2002,BFL,CA,AWP,WE,Towers with Radar,2,66,65,0,133,0,80,131,0,211,2,146,196,0,344,291,0,291,635
06/18/2002,BFL,CA,AWP,WE,Towers with Radar,2,41,43,0,86,0,93,154,0,247,2,134,197,0,333,345,0,345,678
06/19/2002,BFL,CA,AWP,WE,Towers with Radar,2,44,61,2,109,0,68,203,2,273,2,112,264,4,382,261,2,263,645
06/20/2002,BFL,CA,AWP,WE,Towers with Radar,1,74,97,3,175,4,44,188,18,254,5,118,285,21,429,141,0,141,570
06/21/2002,BFL,CA,AWP,WE,Towers with Radar,0,58,99,2,159,0,37,127,8,172,0,95,226,10,331,207,0,207,538
06/22/2002,BFL,CA,AWP,WE,Towers with Radar,0,33,73,0,106,0,11,132,3,146,0,44,205,3,252,74,0,74,326
06/23/2002,BFL,CA,AWP,WE,Towers with Radar,0,23,42,1,66,0,3,125,1,129,0,26,167,2,195,136,0,136,331
06/24/2002,BFL,CA,AWP,WE,Towers with Radar,2,57,77,3,139,0,106,139,1,246,2,163,216,4,385,244,0,244,629
06/25/2002,BFL,CA,AWP,WE,Towers with Radar,0,59,61,8,128,0,64,118,3,185,0,123,179,11,313,220,16,236,549
06/26/2002,BFL,CA,AWP,WE,Towers with Radar,0,71,71,5,147,0,69,127,2,198,0,140,198,7,345,340,0,340,685
06/27/2002,BFL,CA,AWP,WE,Towers with Radar,0,75,72,0,147,0,84,194,2,280,0,159,266,2,427,259,2,261,688
06/28/2002,BFL,CA,AWP,WE,Towers with Radar,2,81,90,0,173,0,40,188,8,236,2,121,278,8,409,325,0,325,734
06/29/2002,BFL,CA,AWP,WE,Towers with Radar,0,25,21,0,46,0,12,136,0,148,0,37,157,0,194,65,0,65,259
06/30/2002,BFL,CA,AWP,WE,Towers with Radar,0,24,86,0,110,0,0,130,0,130,0,24,216,0,240,72,0,72,312
07/01/2002,BFL,CA,AWP,WE,Towers with Radar,1,64,86,0,151,1,73,115,0,189,2,137,201,0,340,228,0,228,568
07/02/2002,BFL,CA,AWP,WE,Towers with Radar,2,68,48,0,118,2,82,125,0,209,4,150,173,0,327,266,0,266,593
07/03/2002,BFL,CA,AWP,WE,Towers with Radar,2,68,47,7,124,0,49,154,0,203,2,117,201,7,327,151,2,153,480
07/04/2002,BFL,CA,AWP,WE,Towers with Radar,0,28,35,0,63,0,1,79,1,81,0,29,114,1,144,40,0,40,184
07/05/2002,BFL,CA,AWP,WE,Towers with Radar,0,26,23,0,49,0,10,106,0,116,0,36,129,0,165,40,0,40,205
07/06/2002,BFL,CA,AWP,WE,Towers with Radar,0,26,22,0,48,0,1,107,0,108,0,27,129,0,156,76,0,76,232
07/07/2002,BFL,CA,AWP,WE,Towers with Radar,0,27,26,0,53,0,0,126,0,126,0,27,152,0,179,48,0,48,227
07/08/2002,BFL,CA,AWP,WE,Towers with Radar,2,93,28,1,124,0,24,152,5,181,2,117,180,6,305,153,6,159,464
07/09/2002,BFL,CA,AWP,WE,Towers with Radar,0,87,69,4,160,0,21,186,0,207,0,108,255,4,367,213,6,219,586
07/10/2002,BFL,CA,AWP,WE,Towers with Radar,0,64,50,0,114,0,63,141,0,204,0,127,191,0,318,226,0,226,544
07/11/2002,BFL,CA,AWP,WE,Towers with Radar,0,82,83,5,170,0,45,182,1,228,0,127,265,6,398,169,4,173,571
07/12/2002,BFL,CA,AWP,WE,Towers with Radar,2,86,70,0,158,0,39,123,0,162,2,125,193,0,320,222,0,222,542
07/13/2002,BFL,CA,AWP,WE,Towers with Radar,0,30,27,1,58,0,10,112,1,123,0,40,139,2,181,63,14,77,258
07/14/2002,BFL,CA,AWP,WE,Towers with Radar,0,21,30,0,51,0,5,68,2,75,0,26,98,2,126,41,0,41,167
07/15/2002,BFL,CA,AWP,WE,Towers with Radar,0,75,49,0,124,0,34,113,0,147,0,109,162,0,271,216,0,216,487
07/16/2002,BFL,CA,AWP,WE,Towers with Radar,0,69,56,7,132,0,51,125,2,178,0,120,181,9,310,190,10,200,510
07/17/2002,BFL,CA,AWP,WE,Towers with Radar,0,68,55,0,123,0,65,177,0,242,0,133,232,0,365,292,0,292,657
07/18/2002,BFL,CA,AWP,WE,Towers with Radar,0,83,68,12,163,0,33,161,0,194,0,116,229,12,357,169,0,169,526
07/19/2002,BFL,CA,AWP,WE,Towers with Radar,2,97,51,0,150,0,21,131,0,152,2,118,182,0,302,226,0,226,528
07/20/2002,BFL,CA,AWP,WE,Towers with Radar,0,26,13,0,39,0,9,143,3,155,0,35,156,3,194,87,0,87,281
07/21/2002,BFL,CA,AWP,WE,Towers with Radar,0,29,15,0,44,0,4,131,2,137,0,33,146,2,181,64,0,64,245
07/22/2002,BFL,CA,AWP,WE,Towers with Radar,2,61,42,0,105,0,63,144,0,207,2,124,186,0,312,187,0,187,499
07/23/2002,BFL,CA,AWP,WE,Towers with Radar,2,57,46,8,113,0,25,106,0,131,2,82,152,8,244,101,6,107,351
07/24/2002,BFL,CA,AWP,WE,Towers with Radar,1,45,73,11,130,0,53,139,2,194,1,98,212,13,324,176,10,186,510
07/25/2002,BFL,CA,AWP,WE,Towers with Radar,2,63,55,2,122,0,29,134,0,163,2,92,189,2,285,272,10,282,567
07/26/2002,BFL,CA,AWP,WE,Towers with Radar,0,67,45,20,132,0,17,150,8,175,0,84,195,28,307,245,4,249,556
07/27/2002,BFL,CA,AWP,WE,Towers with Radar,0,28,21,0,49,0,10,112,0,122,0,38,133,0,171,104,0,104,275
07/28/2002,BFL,CA,AWP,WE,Towers with Radar,0,32,45,0,77,0,4,125,0,129,0,36,170,0,206,50,0,50,256
07/29/2002,BFL,CA,AWP,WE,Towers with Radar,2,46,56,0,104,0,38,139,0,177,2,84,195,0,281,162,0,162,443
07/30/2002,BFL,CA,AWP,WE,Towers with Radar,1,61,40,0,102,0,12,148,0,160,1,73,188,0,262,84,0,84,346
07/31/2002,BFL,CA,AWP,WE,Towers with Radar,2,41,46,12,101,0,32,148,4,184,2,73,194,16,285,172,12,184,469
08/01/2002,BFL,CA,AWP,WE,Towers with Radar,1,59,64,9,133,1,43,138,11,193,2,102,202,20,326,231,2,233,559
08/02/2002,BFL,CA,AWP,WE,Towers with Radar,2,73,55,3,133,0,37,151,5,193,2,110,206,8,326,225,2,227,553
08/03/2002,BFL,CA,AWP,WE,Towers with Radar,0,36,41,1,78,0,3,144,9,156,0,39,185,10,234,69,0,69,303
08/04/2002,BFL,CA,AWP,WE,Towers with Radar,0,31,37,0,68,0,13,98,3,114,0,44,135,3,182,76,14,90,272
08/05/2002,BFL,CA,AWP,WE,Towers with Radar,2,53,35,11,101,0,29,92,1,122,2,82,127,12,223,151,0,151,374
08/06/2002,BFL,CA,AWP,WE,Towers with Radar,0,48,65,0,113,0,53,121,2,176,0,101,186,2,289,176,0,176,465
08/07/2002,BFL,CA,AWP,WE,Towers with Radar,3,71,73,1,148,0,15,141,0,156,3,86,214,1,304,248,0,248,552
08/08/2002,BFL,CA,AWP,WE,Towers with Radar,0,63,38,0,101,0,59,175,4,238,0,122,213,4,339,203,0,203,542
08/09/2002,BFL,CA,AWP,WE,Towers with Radar,2,49,57,2,110,0,58,157,0,215,2,107,214,2,325,246,0,246,571
08/10/2002,BFL,CA,AWP,WE,Towers with Radar,0,24,38,0,62,0,7,83,3,93,0,31,121,3,155,42,4,46,201
08/11/2002,BFL,CA,AWP,WE,Towers with Radar,0,27,21,0,48,0,5,119,2,126,0,32,140,2,174,40,0,40,214
08/12/2002,BFL,CA,AWP,WE,Towers with Radar,2,47,40,0,89,0,29,127,2,158,2,76,167,2,247,144,0,144,391
08/13/2002,BFL,CA,AWP,WE,Towers with Radar,2,43,49,6,100,0,42,146,0,188,2,85,195,6,288,143,6,149,437
08/14/2002,BFL,CA,AWP,WE,Towers with Radar,4,49,75,1,129,0,43,156,2,201,4,92,231,3,330,165,0,165,495
08/15/2002,BFL,CA,AWP,WE,Towers with Radar,2,68,65,0,135,0,42,156,0,198,2,110,221,0,333,165,0,165,498
08/16/2002,BFL,CA,AWP,WE,Towers with Radar,0,62,53,0,115,0,49,147,0,196,0,111,200,0,311,152,0,152,463
08/17/2002,BFL,CA,AWP,WE,Towers with Radar,0,42,55,1,98,0,0,117,1,118,0,42,172,2,216,80,0,80,296
08/18/2002,BFL,CA,AWP,WE,Towers with Radar,0,25,33,0,58,0,2,121,0,123,0,27,154,0,181,75,0,75,256
08/19/2002,BFL,CA,AWP,WE,Towers with Radar,0,72,71,0,143,0,39,113,2,154,0,111,184,2,297,214,0,214,511
08/20/2002,BFL,CA,AWP,WE,Towers with Radar,2,75,77,1,155,0,33,121,9,163,2,108,198,10,318,162,6,168,486
08/21/2002,BFL,CA,AWP,WE,Towers with Radar,2,58,106,0,166,0,52,87,1,140,2,110,193,1,306,128,2,130,436
08/22/2002,BFL,CA,AWP,WE,Towers with Radar,2,62,89,0,153,0,63,201,0,264,2,125,290,0,417,203,0,203,620
08/23/2002,BFL,CA,AWP,WE,Towers with Radar,2,67,65,2,136,0,51,218,0,269,2,118,283,2,405,298,0,298,703
08/24/2002,BFL,CA,AWP,WE,Towers with Radar,0,37,53,0,90,0,13,146,0,159,0,50,199,0,249,50,0,50,299
08/25/2002,BFL,CA,AWP,WE,Towers with Radar,2,25,18,0,45,0,12,132,0,144,2,37,150,0,189,33,0,33,222
08/26/2002,BFL,CA,AWP,WE,Towers with Radar,2,58,69,0,129,0,58,119,0,177,2,116,188,0,306,170,0,170,476
08/27/2002,BFL,CA,AWP,WE,Towers with Radar,2,42,84,0,128,0,57,112,0,169,2,99,196,0,297,189,0,189,486
08/28/2002,BFL,CA,AWP,WE,Towers with Radar,2,63,46,3,114,0,23,136,0,159,2,86,182,3,273,153,18,171,444
08/29/2002,BFL,CA,AWP,WE,Towers with Radar,0,62,91,0,153,0,51,226,2,279,0,113,317,2,432,216,0,216,648
08/30/2002,BFL,CA,AWP,WE,Towers with Radar,0,68,61,0,129,0,35,184,0,219,0,103,245,0,348,184,0,184,532
08/31/2002,BFL,CA,AWP,WE,Towers with Radar,0,24,69,0,93,0,14,98,0,112,0,38,167,0,205,55,4,59,264
09/01/2002,BFL,CA,AWP,WE,Towers with Radar,0,24,32,0,56,0,5,102,0,107,0,29,134,0,163,25,0,25,188
09/02/2002,BFL,CA,AWP,WE,Towers with Radar,0,23,27,0,50,0,6,125,0,131,0,29,152,0,181,21,0,21,202
09/03/2002,BFL,CA,AWP,WE,Towers with Radar,0,48,24,4,76,0,29,114,1,144,0,77,138,5,220,172,10,182,402
09/04/2002,BFL,CA,AWP,WE,Towers with Radar,2,80,48,3,133,0,20,147,1,168,2,100,195,4,301,147,8,155,456
09/05/2002,BFL,CA,AWP,WE,Towers with Radar,0,58,91,2,151,0,45,141,0,186,0,103,232,2,337,197,0,197,534
09/06/2002,BFL,CA,AWP,WE,Towers with Radar,0,77,68,7,152,0,25,132,0,157,0,102,200,7,309,211,2,213,522
09/07/2002,BFL,CA,AWP,WE,Towers with Radar,0,26,41,4,71,0,6,127,0,133,0,32,168,4,204,48,0,48,252
09/08/2002,BFL,CA,AWP,WE,Towers with Radar,2,22,41,2,67,0,5,98,0,103,2,27,139,2,170,48,0,48,218
09/09/2002,BFL,CA,AWP,WE,Towers with Radar,0,63,52,0,115,0,27,116,2,145,0,90,168,2,260,184,0,184,444
09/10/2002,BFL,CA,AWP,WE,Towers with Radar,2,64,53,0,119,0,31,84,2,117,2,95,137,2,236,183,0,183,419
09/11/2002,BFL,CA,AWP,WE,Towers with Radar,4,48,55,1,108,0,15,121,1,137,4,63,176,2,245,127,0,127,372
09/12/2002,BFL,CA,AWP,WE,Towers with Radar,1,58,63,0,122,3,37,179,0,219,4,95,242,0,341,229,0,229,570
09/13/2002,BFL,CA,AWP,WE,Towers with Radar,2,61,84,0,147,0,29,116,7,152,2,90,200,7,299,219,0,219,518
09/14/2002,BFL,CA,AWP,WE,Towers with Radar,0,28,18,0,46,0,8,123,0,131,0,36,141,0,177,43,0,43,220
09/15/2002,BFL,CA,AWP,WE,Towers with Radar,0,20,31,0,51,0,5,106,0,111,0,25,137,0,162,31,0,31,193
09/16/2002,BFL,CA,AWP,WE,Towers with Radar,2,60,61,1,124,0,35,129,0,164,2,95,190,1,288,117,0,117,405
09/17/2002,BFL,CA,AWP,WE,Towers with Radar,1,69,52,0,122,0,18,117,0,135,1,87,169,0,257,65,0,65,322
09/18/2002,BFL,CA,AWP,WE,Towers with Radar,2,63,70,3,138,0,38,124,3,165,2,101,194,6,303,170,0,170,473
09/19/2002,BFL,CA,AWP,WE,Towers with Radar,0,74,71,1,146,0,19,177,4,200,0,93,248,5,346,166,0,166,512
09/20/2002,BFL,CA,AWP,WE,Towers with Radar,2,59,89,8,158,0,33,198,3,234,2,92,287,11,392,230,0,230,622
09/21/2002,BFL,CA,AWP,WE,Towers with Radar,0,25,26,0,51,0,11,114,0,125,0,36,140,0,176,83,0,83,259
09/22/2002,BFL,CA,AWP,WE,Towers with Radar,0,29,49,0,78,0,0,94,0,94,0,29,143,0,172,56,0,56,228
09/23/2002,BFL,CA,AWP,WE,Towers with Radar,1,66,70,0,137,1,28,161,0,190,2,94,231,0,327,126,0,126,453
09/24/2002,BFL,CA,AWP,WE,Towers with Radar,0,49,82,0,131,0,32,120,2,154,0,81,202,2,285,141,0,141,426
09/25/2002,BFL,CA,AWP,WE,Towers with Radar,0,85,78,8,171,0,9,156,0,165,0,94,234,8,336,117,8,125,461
09/26/2002,BFL,CA,AWP,WE,Towers with Radar,2,68,69,2,141,1,22,123,0,146,3,90,192,2,287,179,20,199,486
09/27/2002,BFL,CA,AWP,WE,Towers with Radar,2,92,61,2,157,0,48,147,0,195,2,140,208,2,352,215,0,215,567
09/28/2002,BFL,CA,AWP,WE,Towers with Radar,0,37,56,0,93,0,7,96,2,105,0,44,152,2,198,82,0,82,280
09/29/2002,BFL,CA,AWP,WE,Towers with Radar,0,27,72,0,99,0,2,112,0,114,0,29,184,0,213,41,0,41,254
09/30/2002,BFL,CA,AWP,WE,Towers with Radar,0,51,30,0,81,0,37,138,0,175,0,88,168,0,256,260,2,262,518
10/01/2002,BFL,CA,AWP,WE,Towers with Radar,1,54,85,4,144,1,32,87,0,120,2,86,172,4,264,111,0,111,375
10/02/2002,BFL,CA,AWP,WE,Towers with Radar,1,70,57,4,132,1,11,154,0,166,2,81,211,4,298,179,0,179,477
10/03/2002,BFL,CA,AWP,WE,Towers with Radar,2,71,73,0,146,0,45,96,0,141,2,116,169,0,287,216,0,216,503
10/04/2002,BFL,CA,AWP,WE,Towers with Radar,0,70,106,12,188,0,58,179,2,239,0,128,285,14,427,288,8,296,723
10/05/2002,BFL,CA,AWP,WE,Towers with Radar,0,20,30,0,50,0,7,122,0,129,0,27,152,0,179,72,0,72,251
10/06/2002,BFL,CA,AWP,WE,Towers with Radar,0,28,43,0,71,0,5,109,0,114,0,33,152,0,185,50,0,50,235
10/07/2002,BFL,CA,AWP,WE,Towers with Radar,2,59,61,1,123,0,24,113,1,138,2,83,174,2,261,152,0,152,413
10/08/2002,BFL,CA,AWP,WE,Towers with Radar,2,59,42,3,106,0,44,89,2,135,2,103,131,5,241,231,0,231,472
10/09/2002,BFL,CA,AWP,WE,Towers with Radar,0,60,64,0,124,0,44,167,0,211,0,104,231,0,335,239,0,239,574
10/10/2002,BFL,CA,AWP,WE,Towers with Radar,0,63,66,0,129,0,26,151,0,177,0,89,217,0,306,241,0,241,547
10/11/2002,BFL,CA,AWP,WE,Towers with Radar,2,66,68,1,137,0,43,224,0,267,2,109,292,1,404,274,0,274,678
10/12/2002,BFL,CA,AWP,WE,Towers with Radar,0,38,73,0,111,0,25,139,0,164,0,63,212,0,275,76,0,76,351
10/13/2002,BFL,CA,AWP,WE,Towers with Radar,0,30,33,1,64,0,8,120,4,132,0,38,153,5,196,53,0,53,249
10/14/2002,BFL,CA,AWP,WE,Towers with Radar,0,101,69,0,170,0,23,144,0,167,0,124,213,0,337,209,0,209,546
10/15/2002,BFL,CA,AWP,WE,Towers with Radar,2,80,87,0,169,0,20,101,0,121,2,100,188,0,290,218,0,218,508
10/16/2002,BFL,CA,AWP,WE,Towers with Radar,2,57,84,4,147,0,49,128,0,177,2,106,212,4,324,214,0,214,538
10/17/2002,BFL,CA,AWP,WE,Towers with Radar,0,60,73,2,135,2,50,122,0,174,2,110,195,2,309,208,0,208,517
10/18/2002,BFL,CA,AWP,WE,Towers with Radar,0,70,56,0,126,0,40,147,2,189,0,110,203,2,315,233,0,233,548
10/19/2002,BFL,CA,AWP,WE,Towers with Radar,0,55,44,0,99,0,15,128,2,145,0,70,172,2,244,59,0,59,303
10/20/2002,BFL,CA,AWP,WE,Towers with Radar,0,22,31,0,53,0,5,110,0,115,0,27,141,0,168,37,0,37,205
10/21/2002,BFL,CA,AWP,WE,Towers with Radar,2,50,60,0,112,0,29,92,1,122,2,79,152,1,234,141,0,141,375
10/22/2002,BFL,CA,AWP,WE,Towers with Radar,2,59,92,3,156,0,45,105,3,153,2,104,197,6,309,283,0,283,592
10/23/2002,BFL,CA,AWP,WE,Towers with Radar,2,61,63,3,129,0,17,124,2,143,2,78,187,5,272,164,0,164,436
10/24/2002,BFL,CA,AWP,WE,Towers with Radar,0,63,71,1,135,0,25,96,2,123,0,88,167,3,258,232,0,232,490
10/25/2002,BFL,CA,AWP,WE,Towers with Radar,0,60,66,0,126,0,10,109,0,119,0,70,175,0,245,175,0,175,420
10/26/2002,BFL,CA,AWP,WE,Towers with Radar,0,37,65,0,102,0,0,78,0,78,0,37,143,0,180,83,0,83,263
10/27/2002,BFL,CA,AWP,WE,Towers with Radar,0,29,31,0,60,0,0,97,0,97,0,29,128,0,157,29,0,29,186
10/28/2002,BFL,CA,AWP,WE,Towers with Radar,0,51,53,4,108,0,34,100,3,137,0,85,153,7,245,231,0,231,476
10/29/2002,BFL,CA,AWP,WE,Towers with Radar,2,58,54,0,114,0,36,107,0,143,2,94,161,0,257,155,0,155,412
10/30/2002,BFL,CA,AWP,WE,Towers with Radar,2,56,82,15,155,0,39,139,3,181,2,95,221,18,336,283,0,283,619
10/31/2002,BFL,CA,AWP,WE,Towers with Radar,2,63,62,0,127,0,16,144,4,164,2,79,206,4,291,211,0,211,502
11/01/2002,BFL,CA,AWP,WE,Towers with Radar,0,68,56,1,125,0,42,185,1,228,0,110,241,2,353,242,0,242,595
11/02/2002,BFL,CA,AWP,WE,Towers with Radar,0,31,37,5,73,0,0,78,4,82,0,31,115,9,155,69,0,69,224
11/03/2002,BFL,CA,AWP,WE,Towers with Radar,0,27,34,0,61,0,3,103,0,106,0,30,137,0,167,32,0,32,199
11/04/2002,BFL,CA,AWP,WE,Towers with Radar,3,54,43,4,104,0,39,125,0,164,3,93,168,4,268,205,0,205,473
11/05/2002,BFL,CA,AWP,WE,Towers with Radar,2,54,49,1,106,0,45,146,1,192,2,99,195,2,298,175,0,175,473
11/06/2002,BFL,CA,AWP,WE,Towers with Radar,2,43,73,0,118,0,38,141,0,179,2,81,214,0,297,168,0,168,465
11/07/2002,BFL,CA,AWP,WE,Towers with Radar,2,61,72,0,135,0,18,60,0,78,2,79,132,0,213,222,0,222,435
11/08/2002,BFL,CA,AWP,WE,Towers with Radar,0,51,69,1,121,2,17,0,0,19,2,68,69,1,140,121,0,121,261
11/09/2002,BFL,CA,AWP,WE,Towers with Radar,0,47,69,2,118,0,9,3,0,12,0,56,72,2,130,42,0,42,172
11/10/2002,BFL,CA,AWP,WE,Towers with Radar,0,34,50,2,86,0,10,114,1,125,0,44,164,3,211,57,0,57,268
11/11/2002,BFL,CA,AWP,WE,Towers with Radar,0,51,54,0,105,0,37,112,0,149,0,88,166,0,254,145,0,145,399
11/12/2002,BFL,CA,AWP,WE,Towers with Radar,2,65,92,0,159,0,34,78,0,112,2,99,170,0,271,109,0,109,380
11/13/2002,BFL,CA,AWP,WE,Towers with Radar,0,63,95,0,158,0,0,25,0,25,0,63,120,0,183,7,0,7,190
11/14/2002,BFL,CA,AWP,WE,Towers with Radar,0,78,114,2,194,0,0,68,0,68,0,78,182,2,262,2,0,2,264
11/15/2002,BFL,CA,AWP,WE,Towers with Radar,0,44,103,0,147,0,0,33,0,33,0,44,136,0,180,7,0,7,187
11/16/2002,BFL,CA,AWP,WE,Towers with Radar,0,21,27,0,48,0,11,76,0,87,0,32,103,0,135,20,0,20,155
11/17/2002,BFL,CA,AWP,WE,Towers with Radar,0,26,28,0,54,0,3,35,0,38,0,29,63,0,92,8,0,8,100
11/18/2002,BFL,CA,AWP,WE,Towers with Radar,0,43,60,1,104,2,26,48,1,77,2,69,108,2,181,82,0,82,263
11/19/2002,BFL,CA,AWP,WE,Towers with Radar,2,56,91,0,149,0,0,5,0,5,2,56,96,0,154,5,0,5,159
11/20/2002,BFL,CA,AWP,WE,Towers with Radar,2,59,85,1,147,4,11,39,8,62,6,70,124,9,209,92,0,92,301
11/21/2002,BFL,CA,AWP,WE,Towers with Radar,0,61,86,1,148,0,38,72,8,118,0,99,158,9,266,83,0,83,349
11/22/2002,BFL,CA,AWP,WE,Towers with Radar,1,64,90,2,157,2,1,114,1,118,3,65,204,3,275,131,0,131,406
11/23/2002,BFL,CA,AWP,WE,Towers with Radar,0,33,67,0,100,0,0,37,0,37,0,33,104,0,137,15,0,15,152
11/24/2002,BFL,CA,AWP,WE,Towers with Radar,0,30,61,0,91,0,0,35,0,35,0,30,96,0,126,21,0,21,147
11/25/2002,BFL,CA,AWP,WE,Towers with Radar,1,57,82,1,141,1,7,52,13,73,2,64,134,14,214,59,16,75,289
11/26/2002,BFL,CA,AWP,WE,Towers with Radar,1,70,98,0,169,0,16,4,0,20,1,86,102,0,189,23,0,23,212
11/27/2002,BFL,CA,AWP,WE,Towers with Radar,0,54,75,0,129,0,23,100,0,123,0,77,175,0,252,140,0,140,392
11/28/2002,BFL,CA,AWP,WE,Towers with Radar,0,23,37,0,60,0,0,14,0,14,0,23,51,0,74,40,0,40,114
11/29/2002,BFL,CA,AWP,WE,Towers with Radar,0,53,78,0,131,0,0,40,0,40,0,53,118,0,171,58,0,58,229
11/30/2002,BFL,CA,AWP,WE,Towers with Radar,0,35,60,0,95,0,6,59,0,65,0,41,119,0,160,70,0,70,230
12/01/2002,BFL,CA,AWP,WE,Towers with Radar,0,26,57,0,83,0,11,56,0,67,0,37,113,0,150,66,0,66,216
12/02/2002,BFL,CA,AWP,WE,Towers with Radar,1,52,63,2,118,0,28,25,2,55,1,80,88,4,173,117,0,117,290
12/03/2002,BFL,CA,AWP,WE,Towers with Radar,1,59,72,2,134,0,24,89,3,116,1,83,161,5,250,169,0,169,419
12/04/2002,BFL,CA,AWP,WE,Towers with Radar,0,55,32,14,101,2,16,152,8,178,2,71,184,22,279,220,0,220,499
12/05/2002,BFL,CA,AWP,WE,Towers with Radar,0,63,75,0,138,0,15,43,0,58,0,78,118,0,196,49,0,49,245
12/06/2002,BFL,CA,AWP,WE,Towers with Radar,2,89,111,4,206,0,0,15,0,15,2,89,126,4,221,104,2,106,327
12/07/2002,BFL,CA,AWP,WE,Towers with Radar,0,34,47,0,81,0,24,74,0,98,0,58,121,0,179,54,0,54,233
12/08/2002,BFL,CA,AWP,WE,Towers with Radar,0,28,51,0,79,0,0,68,0,68,0,28,119,0,147,77,0,77,224
12/09/2002,BFL,CA,AWP,WE,Towers with Radar,4,58,69,2,133,1,13,69,0,83,5,71,138,2,216,109,0,109,325
12/10/2002,BFL,CA,AWP,WE,Towers with Radar,2,67,78,3,150,0,16,66,7,89,2,83,144,10,239,145,0,145,384
12/11/2002,BFL,CA,AWP,WE,Towers with Radar,1,64,75,3,143,1,11,91,1,104,2,75,166,4,247,170,0,170,417
12/12/2002,BFL,CA,AWP,WE,Towers with Radar,2,56,74,0,132,0,21,107,0,128,2,77,181,0,260,191,0,191,451
12/13/2002,BFL,CA,AWP,WE,Towers with Radar,2,52,94,0,148,0,22,67,0,89,2,74,161,0,237,121,0,121,358
12/14/2002,BFL,CA,AWP,WE,Towers with Radar,0,30,48,0,78,0,8,42,0,50,0,38,90,0,128,57,0,57,185
12/15/2002,BFL,CA,AWP,WE,Towers with Radar,0,26,30,0,56,0,6,41,0,47,0,32,71,0,103,43,0,43,146
12/16/2002,BFL,CA,AWP,WE,Towers with Radar,2,37,43,0,82,0,7,19,0,26,2,44,62,0,108,13,0,13,121
12/17/2002,BFL,CA,AWP,WE,Towers with Radar,1,72,85,0,158,1,19,74,0,94,2,91,159,0,252,108,0,108,360
12/18/2002,BFL,CA,AWP,WE,Towers with Radar,1,58,68,0,127,1,28,118,0,147,2,86,186,0,274,153,0,153,427
12/19/2002,BFL,CA,AWP,WE,Towers with Radar,2,42,47,3,94,0,20,63,5,88,2,62,110,8,182,45,0,45,227
12/20/2002,BFL,CA,AWP,WE,Towers with Radar,0,59,88,0,147,0,7,77,0,84,0,66,165,0,231,137,0,137,368
12/21/2002,BFL,CA,AWP,WE,Towers with Radar,0,37,36,0,73,0,1,58,0,59,0,38,94,0,132,38,0,38,170
12/22/2002,BFL,CA,AWP,WE,Towers with Radar,2,26,42,0,70,0,0,8,0,8,2,26,50,0,78,2,0,2,80
12/23/2002,BFL,CA,AWP,WE,Towers with Radar,0,44,56,0,100,0,18,76,0,94,0,62,132,0,194,91,0,91,285
12/24/2002,BFL,CA,AWP,WE,Towers with Radar,0,63,22,0,85,0,0,29,0,29,0,63,51,0,114,88,0,88,202
12/25/2002,BFL,CA,AWP,WE,Towers with Radar,0,24,8,0,32,0,0,20,0,20,0,24,28,0,52,12,0,12,64
12/26/2002,BFL,CA,AWP,WE,Towers with Radar,0,43,47,0,90,0,39,100,0,139,0,82,147,0,229,166,0,166,395
12/27/2002,BFL,CA,AWP,WE,Towers with Radar,2,53,62,2,119,0,31,118,0,149,2,84,180,2,268,231,0,231,499
12/28/2002,BFL,CA,AWP,WE,Towers with Radar,0,39,25,0,64,0,12,76,0,88,0,51,101,0,152,29,0,29,181
12/29/2002,BFL,CA,AWP,WE,Towers with Radar,0,28,26,0,54,0,5,67,0,72,0,33,93,0,126,41,0,41,167
12/30/2002,BFL,CA,AWP,WE,Towers with Radar,2,42,76,3,123,0,47,112,0,159,2,89,188,3,282,210,0,210,492
12/31/2002,BFL,CA,AWP,WE,Towers with Radar,0,37,23,0,60,0,8,56,0,64,0,45,79,0,124,33,0,33,157
01/01/2003,BFL,CA,AWP,WE,Towers with Radar,0,23,7,0,30,0,4,71,0,75,0,27,78,0,105,30,0,30,135
01/02/2003,BFL,CA,AWP,WE,Towers with Radar,0,49,39,1,89,0,42,109,2,153,0,91,148,3,242,199,0,199,441
01/03/2003,BFL,CA,AWP,WE,Towers with Radar,0,54,77,1,132,0,3,66,3,72,0,57,143,4,204,110,0,110,314
01/04/2003,BFL,CA,AWP,WE,Towers with Radar,0,37,76,0,113,0,0,12,0,12,0,37,88,0,125,2,0,2,127
01/05/2003,BFL,CA,AWP,WE,Towers with Radar,0,24,47,0,71,0,0,0,0,0,0,24,47,0,71,13,0,13,84
01/06/2003,BFL,CA,AWP,WE,Towers with Radar,2,56,64,0,122,0,0,39,0,39,2,56,103,0,161,45,0,45,206
01/07/2003,BFL,CA,AWP,WE,Towers with Radar,2,46,44,0,92,0,0,0,0,0,2,46,44,0,92,7,0,7,99
01/08/2003,BFL,CA,AWP,WE,Towers with Radar,0,41,76,1,118,2,0,0,11,13,2,41,76,12,131,42,0,42,173
01/09/2003,BFL,CA,AWP,WE,Towers with Radar,2,45,51,2,100,0,37,113,0,150,2,82,164,2,250,237,0,237,487
01/10/2003,BFL,CA,AWP,WE,Towers with Radar,2,52,67,5,126,0,35,83,13,131,2,87,150,18,257,149,0,149,406
01/11/2003,BFL,CA,AWP,WE,Towers with Radar,0,36,52,0,88,0,15,96,3,114,0,51,148,3,202,40,0,40,242
01/12/2003,BFL,CA,AWP,WE,Towers with Radar,0,33,49,0,82,0,0,27,0,27,0,33,76,0,109,26,0,26,135
01/13/2003,BFL,CA,AWP,WE,Towers with Radar,2,40,50,0,92,0,49,90,0,139,2,89,140,0,231,248,0,248,479
01/14/2003,BFL,CA,AWP,WE,Towers with Radar,0,60,80,1,141,1,0,0,1,2,1,60,80,2,143,5,0,5,148
01/15/2003,BFL,CA,AWP,WE,Towers with Radar,0,48,68,0,116,2,25,24,0,51,2,73,92,0,167,45,0,45,212
01/16/2003,BFL,CA,AWP,WE,Towers with Radar,0,66,103,0,169,0,0,0,0,0,0,66,103,0,169,10,0,10,179
01/17/2003,BFL,CA,AWP,WE,Towers with Radar,0,38,111,2,151,0,2,0,0,2,0,40,111,2,153,0,0,0,153
01/18/2003,BFL,CA,AWP,WE,Towers with Radar,0,27,47,1,75,0,0,0,0,0,0,27,47,1,75,2,0,2,77
01/19/2003,BFL,CA,AWP,WE,Towers with Radar,0,28,30,0,58,0,0,24,0,24,0,28,54,0,82,23,0,23,105
01/20/2003,BFL,CA,AWP,WE,Towers with Radar,0,49,69,0,118,0,18,29,0,47,0,67,98,0,165,36,0,36,201
01/21/2003,BFL,CA,AWP,WE,Towers with Radar,0,41,57,0,98,2,68,69,0,139,2,109,126,0,237,147,0,147,384
01/22/2003,BFL,CA,AWP,WE,Towers with Radar,0,47,44,0,91,0,42,77,2,121,0,89,121,2,212,250,0,250,462
01/23/2003,BFL,CA,AWP,WE,Towers with Radar,2,69,57,0,128,0,31,156,0,187,2,100,213,0,315,211,0,211,526
01/24/2003,BFL,CA,AWP,WE,Towers with Radar,0,67,109,0,176,0,0,73,0,73,0,67,182,0,249,66,0,66,315
01/25/2003,BFL,CA,AWP,WE,Towers with Radar,0,37,83,0,120,0,0,27,0,27,0,37,110,0,147,25,0,25,172
01/26/2003,BFL,CA,AWP,WE,Towers with Radar,0,27,17,0,44,0,7,104,0,111,0,34,121,0,155,87,0,87,242
01/27/2003,BFL,CA,AWP,WE,Towers with Radar,0,42,66,0,108,0,0,3,0,3,0,42,69,0,111,7,0,7,118
01/28/2003,BFL,CA,AWP,WE,Towers with Radar,2,62,88,2,154,0,0,15,0,15,2,62,103,2,169,25,0,25,194
01/29/2003,BFL,CA,AWP,WE,Towers with Radar,2,46,62,0,110,0,60,92,0,152,2,106,154,0,262,161,0,161,423
01/30/2003,BFL,CA,AWP,WE,Towers with Radar,0,59,79,0,138,0,17,85,0,102,0,76,164,0,240,151,0,151,391
01/31/2003,BFL,CA,AWP,WE,Towers with Radar,0,47,73,2,122,0,0,36,0,36,0,47,109,2,158,67,0,67,225
02/01/2003,BFL,CA,AWP,WE,Towers with Radar,0,24,32,2,58,0,0,2,0,2,0,24,34,2,60,0,0,0,60
02/02/2003,BFL,CA,AWP,WE,Towers with Radar,0,30,26,0,56,0,3,96,0,99,0,33,122,0,155,32,0,32,187
02/03/2003,BFL,CA,AWP,WE,Towers with Radar,4,41,51,0,96,0,50,99,0,149,4,91,150,0,245,238,0,238,483
02/04/2003,BFL,CA,AWP,WE,Towers with Radar,2,37,24,6,69,0,62,117,4,183,2,99,141,10,252,261,6,267,519
02/05/2003,BFL,CA,AWP,WE,Towers with Radar,2,42,18,0,62,0,32,127,1,160,2,74,145,1,222,261,11,272,494
02/06/2003,BFL,CA,AWP,WE,Towers with Radar,2,54,53,0,109,0,44,135,0,179,2,98,188,0,288,363,0,363,651
02/07/2003,BFL,CA,AWP,WE,Towers with Radar,0,61,77,0,138,0,12,115,0,127,0,73,192,0,265,301,0,301,566
02/08/2003,BFL,CA,AWP,WE,Towers with Radar,0,48,34,0,82,0,12,149,0,161,0,60,183,0,243,108,0,108,351
02/09/2003,BFL,CA,AWP,WE,Towers with Radar,0,27,12,0,39,0,6,103,0,109,0,33,115,0,148,24,0,24,172
02/10/2003,BFL,CA,AWP,WE,Towers with Radar,2,45,34,0,81,0,25,113,0,138,2,70,147,0,219,252,0,252,471
02/11/2003,BFL,CA,AWP,WE,Towers with Radar,2,45,40,0,87,0,13,42,0,55,2,58,82,0,142,61,0,61,203
02/12/2003,BFL,CA,AWP,WE,Towers with Radar,0,44,51,0,95,0,5,15,0,20,0,49,66,0,115,12,0,12,127
02/13/2003,BFL,CA,AWP,WE,Towers with Radar,0,59,45,0,104,0,23,50,0,73,0,82,95,0,177,296,0,296,473
02/14/2003,BFL,CA,AWP,WE,Towers with Radar,0,58,99,1,158,0,10,29,0,39,0,68,128,1,197,260,1,261,458
02/15/2003,BFL,CA,AWP,WE,Towers with Radar,0,39,43,0,82,0,14,62,0,76,0,53,105,0,158,53,0,53,211
02/16/2003,BFL,CA,AWP,WE,Towers with Radar,0,29,31,0,60,0,4,50,0,54,0,33,81,0,114,27,0,27,141
02/17/2003,BFL,CA,AWP,WE,Towers with Radar,0,37,40,0,77,0,4,68,0,72,0,41,108,0,149,49,0,49,198
02/18/2003,BFL,CA,AWP,WE,Towers with Radar,2,51,57,2,112,0,36,77,0,113,2,87,134,2,225,275,0,275,500
02/19/2003,BFL,CA,AWP,WE,Towers with Radar,2,50,53,1,106,0,27,65,3,95,2,77,118,4,201,204,6,210,411
02/20/2003,BFL,CA,AWP,WE,Towers with Radar,0,64,67,1,132,0,19,76,0,95,0,83,143,1,227,187,4,191,418
02/21/2003,BFL,CA,AWP,WE,Towers with Radar,0,62,65,0,127,0,37,158,0,195,0,99,223,0,322,347,1,348,670
02/22/2003,BFL,CA,AWP,WE,Towers with Radar,0,24,56,0,80,0,3,119,3,125,0,27,175,3,205,79,5,84,289
02/23/2003,BFL,CA,AWP,WE,Towers with Radar,0,26,29,0,55,0,2,55,0,57,0,28,84,0,112,21,0,21,133
02/24/2003,BFL,CA,AWP,WE,Towers with Radar,0,39,43,0,82,0,40,62,2,104,0,79,105,2,186,194,0,194,380
02/25/2003,BFL,CA,AWP,WE,Towers with Radar,2,48,51,0,101,0,20,39,0,59,2,68,90,0,160,93,0,93,253
02/26/2003,BFL,CA,AWP,WE,Towers with Radar,0,55,65,1,121,0,23,62,0,85,0,78,127,1,206,294,0,294,500
02/27/2003,BFL,CA,AWP,WE,Towers with Radar,1,74,78,0,153,3,18,80,0,101,4,92,158,0,254,349,0,349,603
02/28/2003,BFL,CA,AWP,WE,Towers with Radar,1,59,62,1,123,1,47,109,7,164,2,106,171,8,287,280,0,280,567
03/01/2003,BFL,CA,AWP,WE,Towers with Radar,0,37,18,0,55,0,1,68,0,69,0,38,86,0,124,48,0,48,172
03/02/2003,BFL,CA,AWP,WE,Towers with Radar,2,34,25,0,61,0,0,115,3,118,2,34,140,3,179,33,0,33,212
03/03/2003,BFL,CA,AWP,WE,Towers with Radar,0,44,39,0,83,0,70,84,0,154,0,114,123,0,237,315,0,315,552
03/04/2003,BFL,CA,AWP,WE,Towers with Radar,2,50,49,4,105,0,64,73,0,137,2,114,122,4,242,288,0,288,530
03/05/2003,BFL,CA,AWP,WE,Towers with Radar,2,44,25,0,71,0,61,124,0,185,2,105,149,0,256,408,0,408,664
03/06/2003,BFL,CA,AWP,WE,Towers with Radar,0,54,67,2,123,0,63,160,2,225,0,117,227,4,348,229,0,229,577
03/07/2003,BFL,CA,AWP,WE,Towers with Radar,0,61,89,0,150,0,37,131,0,168,0,98,220,0,318,252,0,252,570
03/08/2003,BFL,CA,AWP,WE,Towers with Radar,0,33,24,0,57,0,2,94,2,98,0,35,118,2,155,35,0,35,190
03/09/2003,BFL,CA,AWP,WE,Towers with Radar,0,26,35,0,61,0,3,97,0,100,0,29,132,0,161,46,0,46,207
03/10/2003,BFL,CA,AWP,WE,Towers with Radar,0,51,25,2,78,0,39,87,4,130,0,90,112,6,208,218,0,218,426
03/11/2003,BFL,CA,AWP,WE,Towers with Radar,2,69,35,0,106,0,54,87,0,141,2,123,122,0,247,181,0,181,428
03/12/2003,BFL,CA,AWP,WE,Towers with Radar,4,56,37,0,97,0,66,157,0,223,4,122,194,0,320,279,0,279,599
03/13/2003,BFL,CA,AWP,WE,Towers with Radar,0,56,52,9,117,0,29,118,1,148,0,85,170,10,265,266,0,266,531
03/14/2003,BFL,CA,AWP,WE,Towers with Radar,0,66,41,4,111,0,51,103,0,154,0,117,144,4,265,226,12,238,503
03/15/2003,BFL,CA,AWP,WE,Towers with Radar,0,29,12,0,41,0,0,27,0,27,0,29,39,0,68,20,0,20,88
03/16/2003,BFL,CA,AWP,WE,Towers with Radar,0,23,24,0,47,0,8,53,0,61,0,31,77,0,108,40,0,40,148
03/17/2003,BFL,CA,AWP,WE,Towers with Radar,2,59,43,0,104,0,31,69,0,100,2,90,112,0,204,222,0,222,426
03/18/2003,BFL,CA,AWP,WE,Towers with Radar,2,51,35,0,88,0,97,142,1,240,2,148,177,1,328,288,0,288,616
03/19/2003,BFL,CA,AWP,WE,Towers with Radar,2,50,43,0,95,0,63,101,3,167,2,113,144,3,262,118,0,118,380
03/20/2003,BFL,CA,AWP,WE,Towers with Radar,2,73,74,0,149,0,23,115,0,138,2,96,189,0,287,173,0,173,460
03/21/2003,BFL,CA,AWP,WE,Towers with Radar,0,62,79,0,141,0,67,116,18,201,0,129,195,18,342,220,2,222,564
03/22/2003,BFL,CA,AWP,WE,Towers with Radar,0,31,29,0,60,2,13,140,0,155,2,44,169,0,215,55,0,55,270
03/23/2003,BFL,CA,AWP,WE,Towers with Radar,0,26,40,0,66,0,0,74,0,74,0,26,114,0,140,40,0,40,180
03/24/2003,BFL,CA,AWP,WE,Towers with Radar,2,43,57,5,107,0,63,88,6,157,2,106,145,11,264,172,0,172,436
03/25/2003,BFL,CA,AWP,WE,Towers with Radar,0,55,44,5,104,0,79,112,0,191,0,134,156,5,295,188,0,188,483
03/26/2003,BFL,CA,AWP,WE,Towers with Radar,2,53,30,9,94,0,30,85,6,121,2,83,115,15,215,158,0,158,373
03/27/2003,BFL,CA,AWP,WE,Towers with Radar,2,56,44,3,105,0,20,130,3,153,2,76,174,6,258,139,0,139,397
03/28/2003,BFL,CA,AWP,WE,Towers with Radar,0,55,63,0,118,0,38,130,0,168,0,93,193,0,286,143,0,143,429
03/29/2003,BFL,CA,AWP,WE,Towers with Radar,0,23,17,0,40,0,4,91,0,95,0,27,108,0,135,27,0,27,162
03/30/2003,BFL,CA,AWP,WE,Towers with Radar,0,25,21,0,46,0,7,105,4,116,0,32,126,4,162,44,0,44,206
03/31/2003,BFL,CA,AWP,WE,Towers with Radar,0,38,33,1,72,2,30,90,1,123,2,68,123,2,195,113,0,113,308
04/01/2003,BFL,CA,AWP,WE,Towers with Radar,2,54,64,0,120,0,43,58,6,107,2,97,122,6,227,41,0,41,268
04/02/2003,BFL,CA,AWP,WE,Towers with Radar,2,54,60,2,118,0,26,74,1,101,2,80,134,3,219,102,0,102,321
04/03/2003,BFL,CA,AWP,WE,Towers with Radar,0,71,45,3,119,0,38,127,6,171,0,109,172,9,290,204,4,208,498
04/04/2003,BFL,CA,AWP,WE,Towers with Radar,0,53,55,0,108,0,19,92,0,111,0,72,147,0,219,86,0,86,305
04/05/2003,BFL,CA,AWP,WE,Towers with Radar,0,30,52,2,84,0,3,78,3,84,0,33,130,5,168,91,6,97,265
04/06/2003,BFL,CA,AWP,WE,Towers with Radar,0,26,29,0,55,0,6,93,0,99,0,32,122,0,154,42,0,42,196
04/07/2003,BFL,CA,AWP,WE,Towers with Radar,2,45,56,0,103,0,39,108,0,147,2,84,164,0,250,111,0,111,361
04/08/2003,BFL,CA,AWP,WE,Towers with Radar,2,49,50,0,101,0,72,144,0,216,2,121,194,0,317,219,0,219,536
04/09/2003,BFL,CA,AWP,WE,Towers with Radar,4,39,35,2,80,0,51,102,2,155,4,90,137,4,235,148,0,148,383
04/10/2003,BFL,CA,AWP,WE,Towers with Radar,1,65,49,2,117,0,16,99,2,117,1,81,148,4,234,179,2,181,415
04/11/2003,BFL,CA,AWP,WE,Towers with Radar,1,69,75,2,147,1,30,123,0,154,2,99,198,2,301,274,0,274,575
04/12/2003,BFL,CA,AWP,WE,Towers with Radar,0,27,35,0,62,0,7,83,0,90,0,34,118,0,152,42,0,42,194
04/13/2003,BFL,CA,AWP,WE,Towers with Radar,2,31,47,1,81,0,6,25,1,32,2,37,72,2,113,7,0,7,120
04/14/2003,BFL,CA,AWP,WE,Towers with Radar,1,39,43,0,83,1,5,36,0,42,2,44,79,0,125,41,0,41,166
04/15/2003,BFL,CA,AWP,WE,Towers with Radar,2,48,64,0,114,0,45,79,0,124,2,93,143,0,238,93,0,93,331
04/16/2003,BFL,CA,AWP,WE,Towers with Radar,2,40,44,2,88,0,39,97,0,136,2,79,141,2,224,215,0,215,439
04/17/2003,BFL,CA,AWP,WE,Towers with Radar,3,56,74,0,133,0,37,41,0,78,3,93,115,0,211,61,0,61,272
04/18/2003,BFL,CA,AWP,WE,Towers with Radar,0,58,56,0,114,0,48,105,0,153,0,106,161,0,267,109,0,109,376
04/19/2003,BFL,CA,AWP,WE,Towers with Radar,0,26,21,0,47,0,9,98,1,108,0,35,119,1,155,39,0,39,194
04/20/2003,BFL,CA,AWP,WE,Towers with Radar,0,31,14,0,45,0,1,70,0,71,0,32,84,0,116,16,0,16,132
04/21/2003,BFL,CA,AWP,WE,Towers with Radar,2,74,80,2,158,0,45,111,0,156,2,119,191,2,314,254,0,254,568
04/22/2003,BFL,CA,AWP,WE,Towers with Radar,1,48,58,16,123,0,52,100,0,152,1,100,158,16,275,131,4,135,410
04/23/2003,BFL,CA,AWP,WE,Towers with Radar,2,53,72,0,127,0,58,117,0,175,2,111,189,0,302,128,0,128,430
04/24/2003,BFL,CA,AWP,WE,Towers with Radar,2,78,75,12,167,0,42,123,2,167,2,120,198,14,334,238,10,248,582
04/25/2003,BFL,CA,AWP,WE,Towers with Radar,0,48,56,0,104,0,64,95,0,159,0,112,151,0,263,81,0,81,344
04/26/2003,BFL,CA,AWP,WE,Towers with Radar,0,44,59,2,105,0,0,87,13,100,0,44,146,15,205,62,0,62,267
04/27/2003,BFL,CA,AWP,WE,Towers with Radar,0,34,30,0,64,0,3,104,1,108,0,37,134,1,172,34,0,34,206
04/28/2003,BFL,CA,AWP,WE,Towers with Radar,2,44,63,0,109,0,35,91,1,127,2,79,154,1,236,122,0,122,358
04/29/2003,BFL,CA,AWP,WE,Towers with Radar,2,60,40,0,102,0,51,114,7,172,2,111,154,7,274,137,0,137,411
04/30/2003,BFL,CA,AWP,WE,Towers with Radar,2,43,37,0,82,0,34,119,0,153,2,77,156,0,235,144,0,144,379
05/01/2003,BFL,CA,AWP,WE,Towers with Radar,2,52,49,3,106,0,37,115,8,160,2,89,164,11,266,99,2,101,367
05/02/2003,BFL,CA,AWP,WE,Towers with Radar,0,60,58,2,120,0,17,47,2,66,0,77,105,4,186,111,0,111,297
05/03/2003,BFL,CA,AWP,WE,Towers with Radar,0,30,35,0,65,0,6,55,0,61,0,36,90,0,126,34,0,34,160
05/04/2003,BFL,CA,AWP,WE,Towers with Radar,0,31,68,1,100,0,4,46,1,51,0,35,114,2,151,33,0,33,184
05/05/2003,BFL,CA,AWP,WE,Towers with Radar,2,37,28,0,67,0,38,100,3,141,2,75,128,3,208,137,0,137,345
05/06/2003,BFL,CA,AWP,WE,Towers with Radar,2,44,33,0,79,1,40,129,0,170,3,84,162,0,249,107,0,107,356
05/07/2003,BFL,CA,AWP,WE,Towers with Radar,2,51,54,2,109,0,30,109,4,143,2,81,163,6,252,57,0,57,309
05/08/2003,BFL,CA,AWP,WE,Towers with Radar,2,54,55,0,111,0,6,62,0,68,2,60,117,0,179,72,0,72,251
05/09/2003,BFL,CA,AWP,WE,Towers with Radar,0,54,63,2,119,0,37,94,1,132,0,91,157,3,251,125,0,125,376
05/10/2003,BFL,CA,AWP,WE,Towers with Radar,0,23,27,0,50,0,12,121,0,133,0,35,148,0,183,68,0,68,251
05/11/2003,BFL,CA,AWP,WE,Towers with Radar,0,23,22,0,45,0,3,119,0,122,0,26,141,0,167,26,0,26,193
05/12/2003,BFL,CA,AWP,WE,Towers with Radar,2,46,69,0,117,0,33,75,0,108,2,79,144,0,225,72,0,72,297
05/13/2003,BFL,CA,AWP,WE,Towers with Radar,2,51,70,8,131,0,25,141,0,166,2,76,211,8,297,126,0,126,423
05/14/2003,BFL,CA,AWP,WE,Towers with Radar,2,57,60,4,123,0,37,108,3,148,2,94,168,7,271,126,6,132,403
05/15/2003,BFL,CA,AWP,WE,Towers with Radar,1,57,66,2,126,3,33,153,1,190,4,90,219,3,316,224,0,224,540
05/16/2003,BFL,CA,AWP,WE,Towers with Radar,0,55,64,0,119,0,40,243,0,283,0,95,307,0,402,190,0,190,592
05/17/2003,BFL,CA,AWP,WE,Towers with Radar,0,23,48,0,71,0,5,107,0,112,0,28,155,0,183,49,0,49,232
05/18/2003,BFL,CA,AWP,WE,Towers with Radar,2,26,33,0,61,0,14,131,0,145,2,40,164,0,206,42,0,42,248
05/19/2003,BFL,CA,AWP,WE,Towers with Radar,5,55,66,1,127,0,41,121,4,166,5,96,187,5,293,199,2,201,494
05/20/2003,BFL,CA,AWP,WE,Towers with Radar,2,73,33,6,114,0,50,139,0,189,2,123,172,6,303,168,2,170,473
05/21/2003,BFL,CA,AWP,WE,Towers with Radar,2,72,46,9,129,0,41,109,2,152,2,113,155,11,281,142,0,142,423
05/22/2003,BFL,CA,AWP,WE,Towers with Radar,2,77,86,0,165,0,38,177,2,217,2,115,263,2,382,202,0,202,584
05/23/2003,BFL,CA,AWP,WE,Towers with Radar,0,67,103,0,170,0,45,217,0,262,0,112,320,0,432,211,0,211,643
05/24/2003,BFL,CA,AWP,WE,Towers with Radar,0,25,71,0,96,0,2,109,0,111,0,27,180,0,207,51,0,51,258
05/25/2003,BFL,CA,AWP,WE,Towers with Radar,0,24,24,0,48,0,5,130,0,135,0,29,154,0,183,30,0,30,213
05/26/2003,BFL,CA,AWP,WE,Towers with Radar,0,24,25,0,49,0,3,133,0,136,0,27,158,0,185,88,0,88,273
05/27/2003,BFL,CA,AWP,WE,Towers with Radar,2,83,100,0,185,0,57,142,0,199,2,140,242,0,384,343,0,343,727
05/28/2003,BFL,CA,AWP,WE,Towers with Radar,2,64,74,0,140,0,80,166,0,246,2,144,240,0,386,311,0,311,697
05/29/2003,BFL,CA,AWP,WE,Towers with Radar,2,71,89,8,170,0,43,152,3,198,2,114,241,11,368,207,24,231,599
05/30/2003,BFL,CA,AWP,WE,Towers with Radar,0,66,68,0,134,0,53,170,0,223,0,119,238,0,357,357,0,357,714
05/31/2003,BFL,CA,AWP,WE,Towers with Radar,0,30,28,0,58,0,8,126,0,134,0,38,154,0,192,159,0,159,351
06/01/2003,BFL,CA,AWP,WE,Towers with Radar,0,25,11,0,36,0,7,127,0,134,0,32,138,0,170,47,0,47,217
06/02/2003,BFL,CA,AWP,WE,Towers with Radar,1,35,18,2,56,1,9,112,0,122,2,44,130,2,178,63,0,63,241
06/03/2003,BFL,CA,AWP,WE,Towers with Radar,1,87,89,0,177,1,66,155,0,222,2,153,244,0,399,258,0,258,657
06/04/2003,BFL,CA,AWP,WE,Towers with Radar,4,57,42,0,103,0,72,176,0,248,4,129,218,0,351,323,0,323,674
06/05/2003,BFL,CA,AWP,WE,Towers with Radar,3,77,55,0,135,1,55,173,4,233,4,132,228,4,368,333,4,337,705
06/06/2003,BFL,CA,AWP,WE,Towers with Radar,0,67,80,3,150,0,62,129,3,194,0,129,209,6,344,324,4,328,672
06/07/2003,BFL,CA,AWP,WE,Towers with Radar,0,25,39,0,64,0,17,113,0,130,0,42,152,0,194,71,0,71,265
06/08/2003,BFL,CA,AWP,WE,Towers with Radar,0,21,81,2,104,0,11,123,0,134,0,32,204,2,238,45,0,45,283
06/09/2003,BFL,CA,AWP,WE,Towers with Radar,2,53,47,0,102,0,76,101,1,178,2,129,148,1,280,234,6,240,520
06/10/2003,BFL,CA,AWP,WE,Towers with Radar,2,55,64,10,131,1,71,104,0,176,3,126,168,10,307,205,0,205,512
06/11/2003,BFL,CA,AWP,WE,Towers with Radar,1,66,43,0,110,0,36,133,0,169,1,102,176,0,279,184,0,184,463
06/12/2003,BFL,CA,AWP,WE,Towers with Radar,2,77,52,0,131,0,26,126,0,152,2,103,178,0,283,198,0,198,481
06/13/2003,BFL,CA,AWP,WE,Towers with Radar,4,55,72,0,131,4,50,138,0,192,8,105,210,0,323,276,0,276,599
06/14/2003,BFL,CA,AWP,WE,Towers with Radar,0,26,28,0,54,0,2,109,0,111,0,28,137,0,165,37,0,37,202
06/15/2003,BFL,CA,AWP,WE,Towers with Radar,0,26,23,0,49,0,9,114,0,123,0,35,137,0,172,33,0,33,205
06/16/2003,BFL,CA,AWP,WE,Towers with Radar,2,60,76,2,140,0,32,119,2,153,2,92,195,4,293,321,0,321,614
06/17/2003,BFL,CA,AWP,WE,Towers with Radar,2,52,71,0,125,0,41,145,0,186,2,93,216,0,311,200,0,200,511
06/18/2003,BFL,CA,AWP,WE,Towers with Radar,4,64,47,1,116,0,20,125,1,146,4,84,172,2,262,180,0,180,442
06/19/2003,BFL,CA,AWP,WE,Towers with Radar,1,61,77,4,143,0,47,95,0,142,1,108,172,4,285,344,0,344,629
06/20/2003,BFL,CA,AWP,WE,Towers with Radar,4,72,76,2,154,0,27,97,3,127,4,99,173,5,281,300,0,300,581
06/21/2003,BFL,CA,AWP,WE,Towers with Radar,1,27,38,1,67,1,0,109,0,110,2,27,147,1,177,65,0,65,242
06/22/2003,BFL,CA,AWP,WE,Towers with Radar,3,24,30,1,58,0,7,125,3,135,3,31,155,4,193,54,0,54,247
06/23/2003,BFL,CA,AWP,WE,Towers with Radar,4,69,60,0,133,0,67,112,2,181,4,136,172,2,314,307,12,319,633
06/24/2003,BFL,CA,AWP,WE,Towers with Radar,4,42,53,0,99,0,73,116,1,190,4,115,169,1,289,252,0,252,541
06/25/2003,BFL,CA,AWP,WE,Towers with Radar,4,49,55,0,108,0,45,145,2,192,4,94,200,2,300,179,0,179,479
06/26/2003,BFL,CA,AWP,WE,Towers with Radar,6,50,48,4,108,0,49,145,0,194,6,99,193,4,302,143,0,143,445
06/27/2003,BFL,CA,AWP,WE,Towers with Radar,2,66,67,2,137,2,41,206,12,261,4,107,273,14,398,233,7,240,638
06/28/2003,BFL,CA,AWP,WE,Towers with Radar,2,20,32,0,54,0,8,148,3,159,2,28,180,3,213,21,0,21,234
06/29/2003,BFL,CA,AWP,WE,Towers with Radar,2,22,29,0,53,0,11,114,0,125,2,33,143,0,178,47,0,47,225
06/30/2003,BFL,CA,AWP,WE,Towers with Radar,2,56,38,6,102,0,67,166,2,235,2,123,204,8,337,262,0,262,599
07/01/2003,BFL,CA,AWP,WE,Towers with Radar,1,50,36,7,94,1,62,122,1,186,2,112,158,8,280,158,0,158,438
07/02/2003,BFL,CA,AWP,WE,Towers with Radar,1,66,30,1,98,1,46,172,0,219,2,112,202,1,317,175,0,175,492
07/03/2003,BFL,CA,AWP,WE,Towers with Radar,4,55,80,0,139,0,59,189,0,248,4,114,269,0,387,229,0,229,616
07/04/2003,BFL,CA,AWP,WE,Towers with Radar,0,18,15,0,33,0,19,114,0,133,0,37,129,0,166,49,0,49,215
07/05/2003,BFL,CA,AWP,WE,Towers with Radar,0,22,10,0,32,0,20,172,0,192,0,42,182,0,224,23,0,23,247
07/06/2003,BFL,CA,AWP,WE,Towers with Radar,0,34,32,0,66,0,23,154,0,177,0,57,186,0,243,33,0,33,276
07/07/2003,BFL,CA,AWP,WE,Towers with Radar,5,49,32,4,90,0,46,130,19,195,5,95,162,23,285,187,0,187,472
07/08/2003,BFL,CA,AWP,WE,Towers with Radar,2,68,41,0,111,0,77,187,0,264,2,145,228,0,375,279,0,279,654
07/09/2003,BFL,CA,AWP,WE,Towers with Radar,2,47,41,0,90,0,43,137,0,180,2,90,178,0,270,163,4,167,437
07/10/2003,BFL,CA,AWP,WE,Towers with Radar,2,46,60,11,119,0,59,151,0,210,2,105,211,11,329,199,4,203,532
07/11/2003,BFL,CA,AWP,WE,Towers with Radar,2,73,67,6,148,0,58,161,11,230,2,131,228,17,378,258,0,258,636
07/12/2003,BFL,CA,AWP,WE,Towers with Radar,0,26,23,2,51,0,5,118,0,123,0,31,141,2,174,56,0,56,230
07/13/2003,BFL,CA,AWP,WE,Towers with Radar,0,21,23,0,44,0,3,103,0,106,0,24,126,0,150,30,0,30,180
07/14/2003,BFL,CA,AWP,WE,Towers with Radar,2,43,23,4,72,0,42,129,0,171,2,85,152,4,243,145,4,149,392
07/15/2003,BFL,CA,AWP,WE,Towers with Radar,2,51,36,2,91,0,33,121,0,154,2,84,157,2,245,120,0,120,365
07/16/2003,BFL,CA,AWP,WE,Towers with Radar,2,45,33,0,80,0,38,120,2,160,2,83,153,2,240,93,0,93,333
07/17/2003,BFL,CA,AWP,WE,Towers with Radar,2,58,62,10,132,0,34,130,0,164,2,92,192,10,296,213,4,217,513
07/18/2003,BFL,CA,AWP,WE,Towers with Radar,0,49,45,0,94,0,53,178,0,231,0,102,223,0,325,273,0,273,598
07/19/2003,BFL,CA,AWP,WE,Towers with Radar,0,23,21,0,44,0,6,131,0,137,0,29,152,0,181,23,0,23,204
07/20/2003,BFL,CA,AWP,WE,Towers with Radar,0,24,13,0,37,0,3,103,0,106,0,27,116,0,143,33,0,33,176
07/21/2003,BFL,CA,AWP,WE,Towers with Radar,2,39,36,0,77,0,67,121,2,190,2,106,157,2,267,293,0,293,560
07/22/2003,BFL,CA,AWP,WE,Towers with Radar,2,40,21,8,71,0,68,159,4,231,2,108,180,12,302,237,0,237,539
07/23/2003,BFL,CA,AWP,WE,Towers with Radar,2,38,29,4,73,0,47,138,0,185,2,85,167,4,258,173,0,173,431
07/24/2003,BFL,CA,AWP,WE,Towers with Radar,0,54,49,8,111,0,40,138,2,180,0,94,187,10,291,222,0,222,513
07/25/2003,BFL,CA,AWP,WE,Towers with Radar,2,50,65,9,126,0,33,148,7,188,2,83,213,16,314,242,0,242,556
07/26/2003,BFL,CA,AWP,WE,Towers with Radar,0,34,32,0,66,0,0,117,0,117,0,34,149,0,183,68,0,68,251
07/27/2003,BFL,CA,AWP,WE,Towers with Radar,0,27,23,0,50,0,4,127,0,131,0,31,150,0,181,30,0,30,211
07/28/2003,BFL,CA,AWP,WE,Towers with Radar,0,48,38,4,90,0,38,113,2,153,0,86,151,6,243,225,0,225,468
07/29/2003,BFL,CA,AWP,WE,Towers with Radar,2,40,71,3,116,0,51,90,5,146,2,91,161,8,262,204,0,204,466
07/30/2003,BFL,CA,AWP,WE,Towers with Radar,2,40,74,0,116,0,46,105,0,151,2,86,179,0,267,148,0,148,415
07/31/2003,BFL,CA,AWP,WE,Towers with Radar,2,40,33,0,75,0,38,111,0,149,2,78,144,0,224,189,0,189,413
08/01/2003,BFL,CA,AWP,WE,Towers with Radar,1,35,44,0,80,1,46,121,0,168,2,81,165,0,248,125,0,125,373
08/02/2003,BFL,CA,AWP,WE,Towers with Radar,0,22,14,0,36,0,14,96,0,110,0,36,110,0,146,53,0,53,199
08/03/2003,BFL,CA,AWP,WE,Towers with Radar,0,29,51,0,80,2,5,100,0,107,2,34,151,0,187,64,0,64,251
08/04/2003,BFL,CA,AWP,WE,Towers with Radar,2,45,23,2,72,0,36,113,0,149,2,81,136,2,221,155,2,157,378
08/05/2003,BFL,CA,AWP,WE,Towers with Radar,2,47,33,0,82,0,35,113,0,148,2,82,146,0,230,212,0,212,442
08/06/2003,BFL,CA,AWP,WE,Towers with Radar,6,42,41,10,99,0,29,132,3,164,6,71,173,13,263,105,0,105,368
08/07/2003,BFL,CA,AWP,WE,Towers with Radar,2,48,47,0,97,0,22,178,0,200,2,70,225,0,297,203,0,203,500
08/08/2003,BFL,CA,AWP,WE,Towers with Radar,0,45,37,0,82,0,64,170,0,234,0,109,207,0,316,219,0,219,535
08/09/2003,BFL,CA,AWP,WE,Towers with Radar,0,27,22,0,49,0,9,117,4,130,0,36,139,4,179,74,0,74,253
08/10/2003,BFL,CA,AWP,WE,Towers with Radar,0,30,60,0,90,0,11,122,2,135,0,41,182,2,225,89,0,89,314
08/11/2003,BFL,CA,AWP,WE,Towers with Radar,2,46,26,0,74,0,36,118,0,154,2,82,144,0,228,99,0,99,327
08/12/2003,BFL,CA,AWP,WE,Towers with Radar,2,59,55,0,116,0,63,136,0,199,2,122,191,0,315,138,0,138,453
08/13/2003,BFL,CA,AWP,WE,Towers with Radar,1,50,76,0,127,0,42,133,0,175,1,92,209,0,302,157,0,157,459
08/14/2003,BFL,CA,AWP,WE,Towers with Radar,2,52,107,0,161,0,44,155,0,199,2,96,262,0,360,215,0,215,575
08/15/2003,BFL,CA,AWP,WE,Towers with Radar,6,69,68,0,143,0,34,134,0,168,6,103,202,0,311,232,0,232,543
08/16/2003,BFL,CA,AWP,WE,Towers with Radar,0,23,23,2,48,0,13,115,0,128,0,36,138,2,176,88,0,88,264
08/17/2003,BFL,CA,AWP,WE,Towers with Radar,6,22,23,3,54,0,5,142,0,147,6,27,165,3,201,33,0,33,234
08/18/2003,BFL,CA,AWP,WE,Towers with Radar,2,53,40,0,95,0,76,153,0,229,2,129,193,0,324,330,0,330,654
08/19/2003,BFL,CA,AWP,WE,Towers with Radar,2,45,47,2,96,0,54,121,0,175,2,99,168,2,271,203,0,203,474
08/20/2003,BFL,CA,AWP,WE,Towers with Radar,2,42,39,2,85,0,33,103,2,138,2,75,142,4,223,111,0,111,334
08/21/2003,BFL,CA,AWP,WE,Towers with Radar,2,51,70,1,124,0,46,140,0,186,2,97,210,1,310,266,0,266,576
08/22/2003,BFL,CA,AWP,WE,Towers with Radar,2,56,90,0,148,0,52,160,0,212,2,108,250,0,360,302,0,302,662
08/23/2003,BFL,CA,AWP,WE,Towers with Radar,0,31,43,1,75,0,0,107,0,107,0,31,150,1,182,70,5,75,257
08/24/2003,BFL,CA,AWP,WE,Towers with Radar,0,25,46,1,72,0,4,113,0,117,0,29,159,1,189,52,0,52,241
08/25/2003,BFL,CA,AWP,WE,Towers with Radar,2,56,41,5,104,0,47,114,2,163,2,103,155,7,267,231,4,235,502
08/26/2003,BFL,CA,AWP,WE,Towers with Radar,1,45,51,2,99,0,36,100,4,140,1,81,151,6,239,219,16,235,474
08/27/2003,BFL,CA,AWP,WE,Towers with Radar,0,36,41,2,79,0,43,115,3,161,0,79,156,5,240,139,0,139,379
08/28/2003,BFL,CA,AWP,WE,Towers with Radar,0,68,86,5,159,0,29,144,0,173,0,97,230,5,332,217,4,221,553
08/29/2003,BFL,CA,AWP,WE,Towers with Radar,0,62,71,2,135,0,44,133,0,177,0,106,204,2,312,285,0,285,597
08/30/2003,BFL,CA,AWP,WE,Towers with Radar,1,30,34,2,67,1,4,111,0,116,2,34,145,2,183,48,0,48,231
08/31/2003,BFL,CA,AWP,WE,Towers with Radar,0,18,25,1,44,0,0,87,1,88,0,18,112,2,132,33,0,33,165
09/01/2003,BFL,CA,AWP,WE,Towers with Radar,1,27,35,2,65,1,7,137,1,146,2,34,172,3,211,135,0,135,346
09/02/2003,BFL,CA,AWP,WE,Towers with Radar,2,63,38,5,108,0,42,101,0,143,2,105,139,5,251,311,0,311,562
09/03/2003,BFL,CA,AWP,WE,Towers with Radar,4,40,37,5,86,0,47,135,8,190,4,87,172,13,276,211,0,211,487
09/04/2003,BFL,CA,AWP,WE,Towers with Radar,0,53,59,2,114,0,32,114,0,146,0,85,173,2,260,188,0,188,448
09/05/2003,BFL,CA,AWP,WE,Towers with Radar,2,40,61,2,105,0,46,120,0,166,2,86,181,2,271,244,0,244,515
09/06/2003,BFL,CA,AWP,WE,Towers with Radar,0,23,45,0,68,0,13,86,0,99,0,36,131,0,167,67,0,67,234
09/07/2003,BFL,CA,AWP,WE,Towers with Radar,4,22,44,0,70,0,8,149,7,164,4,30,193,7,234,43,0,43,277
09/08/2003,BFL,CA,AWP,WE,Towers with Radar,2,32,40,0,74,0,36,86,0,122,2,68,126,0,196,216,0,216,412
09/09/2003,BFL,CA,AWP,WE,Towers with Radar,2,36,45,0,83,0,38,112,2,152,2,74,157,2,235,135,0,135,370
09/10/2003,BFL,CA,AWP,WE,Towers with Radar,2,42,45,4,93,0,43,129,6,178,2,85,174,10,271,224,4,228,499
09/11/2003,BFL,CA,AWP,WE,Towers with Radar,2,48,112,0,162,0,29,124,2,155,2,77,236,2,317,210,4,214,531
09/12/2003,BFL,CA,AWP,WE,Towers with Radar,0,54,90,0,144,0,28,144,0,172,0,82,234,0,316,195,0,195,511
09/13/2003,BFL,CA,AWP,WE,Towers with Radar,0,21,15,0,36,0,17,139,3,159,0,38,154,3,195,107,0,107,302
09/14/2003,BFL,CA,AWP,WE,Towers with Radar,0,30,66,0,96,0,10,138,0,148,0,40,204,0,244,77,0,77,321
09/15/2003,BFL,CA,AWP,WE,Towers with Radar,2,39,16,4,61,0,27,129,2,158,2,66,145,6,219,183,14,197,416
09/16/2003,BFL,CA,AWP,WE,Towers with Radar,2,36,22,0,60,0,32,131,0,163,2,68,153,0,223,129,0,129,352
09/17/2003,BFL,CA,AWP,WE,Towers with Radar,2,43,42,2,89,0,25,156,0,181,2,68,198,2,270,120,0,120,390
09/18/2003,BFL,CA,AWP,WE,Towers with Radar,2,36,64,0,102,0,35,101,0,136,2,71,165,0,238,126,0,126,364
09/19/2003,BFL,CA,AWP,WE,Towers with Radar,0,61,51,2,114,0,25,120,0,145,0,86,171,2,259,193,0,193,452
09/20/2003,BFL,CA,AWP,WE,Towers with Radar,0,27,24,0,51,0,6,165,0,171,0,33,189,0,222,157,0,157,379
09/21/2003,BFL,CA,AWP,WE,Towers with Radar,2,26,20,0,48,0,4,128,0,132,2,30,148,0,180,76,0,76,256
09/22/2003,BFL,CA,AWP,WE,Towers with Radar,2,31,18,10,61,0,28,90,1,119,2,59,108,11,180,55,12,67,247
09/23/2003,BFL,CA,AWP,WE,Towers with Radar,2,36,26,1,65,0,43,114,0,157,2,79,140,1,222,133,0,133,355
09/24/2003,BFL,CA,AWP,WE,Towers with Radar,1,35,40,2,78,1,48,78,0,127,2,83,118,2,205,143,4,147,352
09/25/2003,BFL,CA,AWP,WE,Towers with Radar,2,57,49,1,109,0,24,138,1,163,2,81,187,2,272,157,0,157,429
09/26/2003,BFL,CA,AWP,WE,Towers with Radar,0,48,38,0,86,0,25,173,30,228,0,73,211,30,314,108,0,108,422
09/27/2003,BFL,CA,AWP,WE,Towers with Radar,0,24,32,0,56,0,5,101,0,106,0,29,133,0,162,33,0,33,195
09/28/2003,BFL,CA,AWP,WE,Towers with Radar,0,24,42,0,66,0,3,99,0,102,0,27,141,0,168,69,0,69,237
09/29/2003,BFL,CA,AWP,WE,Towers with Radar,2,34,52,18,106,0,23,94,2,119,2,57,146,20,225,105,28,133,358
09/30/2003,BFL,CA,AWP,WE,Towers with Radar,0,46,54,0,100,0,70,229,0,299,0,116,283,0,399,172,0,172,571
10/01/2003,BFL,CA,AWP,WE,Towers with Radar,2,40,43,2,87,0,36,165,1,202,2,76,208,3,289,214,0,214,503
10/02/2003,BFL,CA,AWP,WE,Towers with Radar,2,51,54,2,109,0,29,155,8,192,2,80,209,10,301,200,0,200,501
10/03/2003,BFL,CA,AWP,WE,Towers with Radar,0,68,73,3,144,0,7,167,3,177,0,75,240,6,321,218,0,218,539
10/04/2003,BFL,CA,AWP,WE,Towers with Radar,0,24,26,0,50,0,5,84,0,89,0,29,110,0,139,57,0,57,196
10/05/2003,BFL,CA,AWP,WE,Towers with Radar,2,32,35,1,70,0,5,110,7,122,2,37,145,8,192,37,0,37,229
10/06/2003,BFL,CA,AWP,WE,Towers with Radar,2,32,35,1,70,0,21,110,0,131,2,53,145,1,201,87,0,87,288
10/07/2003,BFL,CA,AWP,WE,Towers with Radar,2,35,39,1,77,2,52,95,1,150,4,87,134,2,227,189,8,197,424
10/08/2003,BFL,CA,AWP,WE,Towers with Radar,2,33,36,1,72,0,38,176,3,217,2,71,212,4,289,186,0,186,475
10/09/2003,BFL,CA,AWP,WE,Towers with Radar,2,38,41,2,83,4,38,117,2,161,6,76,158,4,244,205,0,205,449
10/10/2003,BFL,CA,AWP,WE,Towers with Radar,2,55,59,0,116,0,26,143,0,169,2,81,202,0,285,221,0,221,506
10/11/2003,BFL,CA,AWP,WE,Towers with Radar,0,40,53,2,95,0,0,164,1,165,0,40,217,3,260,95,0,95,355
10/12/2003,BFL,CA,AWP,WE,Towers with Radar,0,31,34,0,65,0,6,133,0,139,0,37,167,0,204,39,0,39,243
10/13/2003,BFL,CA,AWP,WE,Towers with Radar,0,17,19,0,36,0,47,110,0,157,0,64,129,0,193,188,0,188,381
10/14/2003,BFL,CA,AWP,WE,Towers with Radar,2,29,32,1,64,0,66,118,1,185,2,95,150,2,249,143,0,143,392
10/15/2003,BFL,CA,AWP,WE,Towers with Radar,1,42,46,2,91,2,54,133,4,193,3,96,179,6,284,190,0,190,474
10/16/2003,BFL,CA,AWP,WE,Towers with Radar,1,40,43,3,87,3,47,139,11,200,4,87,182,14,287,212,28,240,527
10/17/2003,BFL,CA,AWP,WE,Towers with Radar,1,35,38,0,74,1,60,157,0,218,2,95,195,0,292,377,0,377,669
10/18/2003,BFL,CA,AWP,WE,Towers with Radar,1,24,28,0,53,0,0,115,0,115,1,24,143,0,168,46,0,46,214
10/19/2003,BFL,CA,AWP,WE,Towers with Radar,1,30,33,0,64,0,0,114,0,114,1,30,147,0,178,47,0,47,225
10/20/2003,BFL,CA,AWP,WE,Towers with Radar,1,40,41,2,84,1,48,109,6,164,2,88,150,8,248,338,0,338,586
10/21/2003,BFL,CA,AWP,WE,Towers with Radar,1,32,33,2,68,1,52,109,0,162,2,84,142,2,230,233,4,237,467
10/22/2003,BFL,CA,AWP,WE,Towers with Radar,1,32,33,0,66,1,63,139,0,203,2,95,172,0,269,212,0,212,481
10/23/2003,BFL,CA,AWP,WE,Towers with Radar,1,35,36,0,72,1,40,131,0,172,2,75,167,0,244,216,0,216,460
10/24/2003,BFL,CA,AWP,WE,Towers with Radar,0,55,57,0,112,0,17,109,0,126,0,72,166,0,238,254,0,254,492
10/25/2003,BFL,CA,AWP,WE,Towers with Radar,1,32,33,0,66,0,1,128,0,129,1,33,161,0,195,83,0,83,278
10/26/2003,BFL,CA,AWP,WE,Towers with Radar,1,25,31,2,59,2,0,132,0,134,3,25,163,2,193,68,2,70,263
10/27/2003,BFL,CA,AWP,WE,Towers with Radar,2,47,49,0,98,0,38,117,0,155,2,85,166,0,253,279,0,279,532
10/28/2003,BFL,CA,AWP,WE,Towers with Radar,1,33,33,1,68,1,43,96,0,140,2,76,129,1,208,152,0,152,360
10/29/2003,BFL,CA,AWP,WE,Towers with Radar,2,56,58,1,117,0,50,137,0,187,2,106,195,1,304,242,2,244,548
10/30/2003,BFL,CA,AWP,WE,Towers with Radar,2,52,54,2,110,0,52,148,2,202,2,104,202,4,312,232,2,234,546
10/31/2003,BFL,CA,AWP,WE,Towers with Radar,0,59,61,0,120,0,40,102,0,142,0,99,163,0,262,244,0,244,506
11/01/2003,BFL,CA,AWP,WE,Towers with Radar,0,30,36,0,66,0,2,59,0,61,0,32,95,0,127,18,0,18,145
11/02/2003,BFL,CA,AWP,WE,Towers with Radar,0,24,30,2,56,0,3,103,2,108,0,27,133,4,164,26,0,26,190
11/03/2003,BFL,CA,AWP,WE,Towers with Radar,2,36,44,0,82,2,64,63,0,129,4,100,107,0,211,254,0,254,465
11/04/2003,BFL,CA,AWP,WE,Towers with Radar,2,36,43,2,83,0,72,93,3,168,2,108,136,5,251,220,4,224,475
11/05/2003,BFL,CA,AWP,WE,Towers with Radar,2,34,41,2,79,0,65,128,0,193,2,99,169,2,272,243,0,243,515
11/06/2003,BFL,CA,AWP,WE,Towers with Radar,2,43,53,0,98,0,43,106,0,149,2,86,159,0,247,272,0,272,519
11/07/2003,BFL,CA,AWP,WE,Towers with Radar,2,51,61,3,117,0,47,110,6,163,2,98,171,9,280,267,6,273,553
11/08/2003,BFL,CA,AWP,WE,Towers with Radar,0,17,22,0,39,0,10,82,0,92,0,27,104,0,131,65,0,65,196
11/09/2003,BFL,CA,AWP,WE,Towers with Radar,0,29,37,0,66,0,0,57,0,57,0,29,94,0,123,32,0,32,155
11/10/2003,BFL,CA,AWP,WE,Towers with Radar,0,36,44,2,82,0,37,26,0,63,0,73,70,2,145,173,0,173,318
11/11/2003,BFL,CA,AWP,WE,Towers with Radar,0,34,41,2,77,0,58,117,2,177,0,92,158,4,254,138,0,138,392
11/12/2003,BFL,CA,AWP,WE,Towers with Radar,2,44,54,0,100,0,60,57,0,117,2,104,111,0,217,198,0,198,415
11/13/2003,BFL,CA,AWP,WE,Towers with Radar,2,53,64,3,122,0,32,115,0,147,2,85,179,3,269,313,0,313,582
11/14/2003,BFL,CA,AWP,WE,Towers with Radar,0,68,82,4,154,0,60,167,0,227,0,128,249,4,381,300,0,300,681
11/15/2003,BFL,CA,AWP,WE,Towers with Radar,0,29,50,2,81,0,0,61,3,64,0,29,111,5,145,60,0,60,205
11/16/2003,BFL,CA,AWP,WE,Towers with Radar,0,25,34,2,61,0,0,37,2,39,0,25,71,4,100,19,0,19,119
11/17/2003,BFL,CA,AWP,WE,Towers with Radar,1,36,42,0,79,1,80,115,0,196,2,116,157,0,275,337,0,337,612
11/18/2003,BFL,CA,AWP,WE,Towers with Radar,1,37,43,0,81,1,90,122,0,213,2,127,165,0,294,171,0,171,465
11/19/2003,BFL,CA,AWP,WE,Towers with Radar,1,44,51,0,96,7,49,112,0,168,8,93,163,0,264,264,0,264,528
11/20/2003,BFL,CA,AWP,WE,Towers with Radar,1,62,72,1,136,1,44,107,0,152,2,106,179,1,288,390,0,390,678
11/21/2003,BFL,CA,AWP,WE,Towers with Radar,0,68,79,5,152,0,28,60,3,91,0,96,139,8,243,207,4,211,454
11/22/2003,BFL,CA,AWP,WE,Towers with Radar,0,22,28,2,52,0,0,101,0,101,0,22,129,2,153,71,0,71,224
11/23/2003,BFL,CA,AWP,WE,Towers with Radar,0,24,28,2,54,0,3,108,2,113,0,27,136,4,167,78,0,78,245
11/24/2003,BFL,CA,AWP,WE,Towers with Radar,1,36,41,3,81,1,36,110,7,154,2,72,151,10,235,250,0,250,485
11/25/2003,BFL,CA,AWP,WE,Towers with Radar,1,38,44,3,86,1,83,139,1,224,2,121,183,4,310,269,0,269,579
11/26/2003,BFL,CA,AWP,WE,Towers with Radar,0,55,64,4,123,0,49,133,1,183,0,104,197,5,306,312,2,314,620
11/27/2003,BFL,CA,AWP,WE,Towers with Radar,0,24,28,2,54,0,0,53,10,63,0,24,81,12,117,20,14,34,151
11/28/2003,BFL,CA,AWP,WE,Towers with Radar,0,28,32,1,61,0,4,64,0,68,0,32,96,1,129,60,0,60,189
11/29/2003,BFL,CA,AWP,WE,Towers with Radar,0,30,35,0,65,0,3,92,0,95,0,33,127,0,160,65,0,65,225
11/30/2003,BFL,CA,AWP,WE,Towers with Radar,1,27,61,0,89,1,0,89,0,90,2,27,150,0,179,57,0,57,236
12/01/2003,BFL,CA,AWP,WE,Towers with Radar,1,39,45,2,87,0,40,101,0,141,1,79,146,2,228,413,0,413,641
12/02/2003,BFL,CA,AWP,WE,Towers with Radar,1,31,35,2,69,3,62,117,5,187,4,93,152,7,256,358,4,362,618
12/03/2003,BFL,CA,AWP,WE,Towers with Radar,2,60,69,4,135,2,6,33,0,41,4,66,102,4,176,15,0,15,191
12/04/2003,BFL,CA,AWP,WE,Towers with Radar,2,80,91,6,179,0,22,104,4,130,2,102,195,10,309,324,5,329,638
12/05/2003,BFL,CA,AWP,WE,Towers with Radar,0,56,65,4,125,0,16,31,2,49,0,72,96,6,174,166,0,166,340
12/06/2003,BFL,CA,AWP,WE,Towers with Radar,0,24,45,0,69,0,0,57,0,57,0,24,102,0,126,65,0,65,191
12/07/2003,BFL,CA,AWP,WE,Towers with Radar,0,22,35,0,57,0,0,13,0,13,0,22,48,0,70,15,0,15,85
12/08/2003,BFL,CA,AWP,WE,Towers with Radar,2,37,43,3,85,0,94,138,2,234,2,131,181,5,319,322,0,322,641
12/09/2003,BFL,CA,AWP,WE,Towers with Radar,1,34,40,2,77,1,75,139,6,221,2,109,179,8,298,249,12,261,559
12/10/2003,BFL,CA,AWP,WE,Towers with Radar,2,46,53,2,103,0,65,70,0,135,2,111,123,2,238,248,0,248,486
12/11/2003,BFL,CA,AWP,WE,Towers with Radar,0,52,60,4,116,0,31,47,1,79,0,83,107,5,195,142,4,146,341
12/12/2003,BFL,CA,AWP,WE,Towers with Radar,0,49,56,1,106,0,69,115,0,184,0,118,171,1,290,287,0,287,577
12/13/2003,BFL,CA,AWP,WE,Towers with Radar,0,22,26,0,48,0,6,68,0,74,0,28,94,0,122,82,0,82,204
12/14/2003,BFL,CA,AWP,WE,Towers with Radar,0,28,36,0,64,0,0,40,0,40,0,28,76,0,104,35,0,35,139
12/15/2003,BFL,CA,AWP,WE,Towers with Radar,1,34,40,3,78,1,51,98,3,153,2,85,138,6,231,257,4,261,492
12/16/2003,BFL,CA,AWP,WE,Towers with Radar,1,35,39,1,76,3,62,92,0,157,4,97,131,1,233,172,0,172,405
12/17/2003,BFL,CA,AWP,WE,Towers with Radar,0,53,58,4,115,0,52,106,11,169,0,105,164,15,284,256,0,256,540
12/18/2003,BFL,CA,AWP,WE,Towers with Radar,1,62,69,5,137,1,50,114,8,173,2,112,183,13,310,296,0,296,606
12/19/2003,BFL,CA,AWP,WE,Towers with Radar,1,46,51,0,98,1,56,94,0,151,2,102,145,0,249,131,0,131,380
12/20/2003,BFL,CA,AWP,WE,Towers with Radar,0,38,47,4,89,0,0,58,1,59,0,38,105,5,148,86,2,88,236
12/21/2003,BFL,CA,AWP,WE,Towers with Radar,0,32,45,0,77,0,0,37,0,37,0,32,82,0,114,38,0,38,152
12/22/2003,BFL,CA,AWP,WE,Towers with Radar,1,40,44,2,87,1,12,33,0,46,2,52,77,2,133,81,8,89,222
12/23/2003,BFL,CA,AWP,WE,Towers with Radar,1,46,50,0,97,1,36,5,0,42,2,82,55,0,139,140,0,140,279
12/24/2003,BFL,CA,AWP,WE,Towers with Radar,0,32,35,0,67,0,54,46,0,100,0,86,81,0,167,161,0,161,328
12/25/2003,BFL,CA,AWP,WE,Towers with Radar,0,16,14,0,30,0,6,0,0,6,0,22,14,0,36,2,0,2,38
12/26/2003,BFL,CA,AWP,WE,Towers with Radar,0,32,35,0,67,0,6,50,0,56,0,38,85,0,123,15,0,15,138
12/27/2003,BFL,CA,AWP,WE,Towers with Radar,0,24,26,0,50,0,9,88,0,97,0,33,114,0,147,55,0,55,202
12/28/2003,BFL,CA,AWP,WE,Towers with Radar,0,24,26,0,50,0,0,106,0,106,0,24,132,0,156,50,0,50,206
12/29/2003,BFL,CA,AWP,WE,Towers with Radar,0,31,34,3,68,2,27,40,1,70,2,58,74,4,138,67,2,69,207
12/30/2003,BFL,CA,AWP,WE,Towers with Radar,0,35,39,2,76,0,22,35,1,58,0,57,74,3,134,67,0,67,201
12/31/2003,BFL,CA,AWP,WE,Towers with Radar,0,36,40,0,76,0,12,45,0,57,0,48,85,0,133,67,0,67,200
01/01/2004,BFL,CA,AWP,WE,Towers with Radar,0,19,26,0,45,0,10,49,0,59,0,29,75,0,104,90,0,90,194
01/02/2004,BFL,CA,AWP,WE,Towers with Radar,0,27,33,0,60,0,28,39,0,67,0,55,72,0,127,22,27,49,176
01/03/2004,BFL,CA,AWP,WE,Towers with Radar,0,35,57,0,92,0,0,80,0,80,0,35,137,0,172,34,0,34,206
01/04/2004,BFL,CA,AWP,WE,Towers with Radar,1,16,20,0,37,1,7,61,0,69,2,23,81,0,106,79,0,79,185
01/05/2004,BFL,CA,AWP,WE,Towers with Radar,1,30,38,1,70,1,27,71,1,100,2,57,109,2,170,135,0,135,305
01/06/2004,BFL,CA,AWP,WE,Towers with Radar,2,46,60,0,108,0,24,17,0,41,2,70,77,0,149,61,0,61,210
01/07/2004,BFL,CA,AWP,WE,Towers with Radar,2,45,58,1,106,0,61,91,9,161,2,106,149,10,267,187,2,189,456
01/08/2004,BFL,CA,AWP,WE,Towers with Radar,1,41,54,0,96,1,70,106,0,177,2,111,160,0,273,233,0,233,506
01/09/2004,BFL,CA,AWP,WE,Towers with Radar,0,40,53,2,95,0,72,104,5,181,0,112,157,7,276,216,0,216,492
01/10/2004,BFL,CA,AWP,WE,Towers with Radar,0,23,31,0,54,0,7,112,0,119,0,30,143,0,173,140,0,140,313
01/11/2004,BFL,CA,AWP,WE,Towers with Radar,2,34,55,1,92,0,0,2,6,8,2,34,57,7,100,16,0,16,116
01/12/2004,BFL,CA,AWP,WE,Towers with Radar,0,34,45,1,80,0,44,28,0,72,0,78,73,1,152,127,0,127,279
01/13/2004,BFL,CA,AWP,WE,Towers with Radar,1,70,84,4,159,4,3,0,4,11,5,73,84,8,170,36,0,36,206
01/14/2004,BFL,CA,AWP,WE,Towers with Radar,1,52,81,2,136,1,0,18,0,19,2,52,99,2,155,17,0,17,172
01/15/2004,BFL,CA,AWP,WE,Towers with Radar,2,79,118,4,203,0,0,0,0,0,2,79,118,4,203,101,0,101,304
01/16/2004,BFL,CA,AWP,WE,Towers with Radar,1,71,106,0,178,1,0,23,0,24,2,71,129,0,202,29,0,29,231
01/17/2004,BFL,CA,AWP,WE,Towers with Radar,0,29,63,0,92,0,0,67,0,67,0,29,130,0,159,84,0,84,243
01/18/2004,BFL,CA,AWP,WE,Towers with Radar,0,60,92,2,154,0,0,0,0,0,0,60,92,2,154,68,0,68,222
01/19/2004,BFL,CA,AWP,WE,Towers with Radar,2,84,118,4,208,0,0,0,2,2,2,84,118,6,210,87,0,87,297
01/20/2004,BFL,CA,AWP,WE,Towers with Radar,1,70,90,3,164,1,20,0,5,26,2,90,90,8,190,77,0,77,267
01/21/2004,BFL,CA,AWP,WE,Towers with Radar,1,71,90,2,164,1,7,67,0,75,2,78,157,2,239,50,0,50,289
01/22/2004,BFL,CA,AWP,WE,Towers with Radar,1,48,61,0,110,1,36,89,0,126,2,84,150,0,236,103,0,103,339
01/23/2004,BFL,CA,AWP,WE,Towers with Radar,1,80,103,0,184,1,4,15,0,20,2,84,118,0,204,18,0,18,222
01/24/2004,BFL,CA,AWP,WE,Towers with Radar,0,27,35,0,62,0,0,24,0,24,0,27,59,0,86,36,0,36,122
01/25/2004,BFL,CA,AWP,WE,Towers with Radar,0,26,50,0,76,0,0,32,0,32,0,26,82,0,108,20,0,20,128
01/26/2004,BFL,CA,AWP,WE,Towers with Radar,0,39,50,1,90,2,55,89,7,153,2,94,139,8,243,148,0,148,391
01/27/2004,BFL,CA,AWP,WE,Towers with Radar,1,55,71,0,127,1,68,42,0,111,2,123,113,0,238,162,0,162,400
01/28/2004,BFL,CA,AWP,WE,Towers with Radar,1,50,81,0,132,1,0,24,0,25,2,50,105,0,157,31,0,31,188
01/29/2004,BFL,CA,AWP,WE,Towers with Radar,1,74,94,0,169,1,25,64,0,90,2,99,158,0,259,72,0,72,331
01/30/2004,BFL,CA,AWP,WE,Towers with Radar,0,77,99,2,178,0,30,140,0,170,0,107,239,2,348,177,0,177,525
01/31/2004,BFL,CA,AWP,WE,Towers with Radar,0,33,56,1,90,0,0,86,9,95,0,33,142,10,185,78,0,78,263
02/01/2004,BFL,CA,AWP,WE,Towers with Radar,0,32,40,0,72,0,0,103,0,103,0,32,143,0,175,95,1,96,271
02/02/2004,BFL,CA,AWP,WE,Towers with Radar,1,35,40,0,76,1,60,56,0,117,2,95,96,0,193,206,2,208,401
02/03/2004,BFL,CA,AWP,WE,Towers with Radar,2,45,51,0,98,0,61,42,0,103,2,106,93,0,201,153,0,153,354
02/04/2004,BFL,CA,AWP,WE,Towers with Radar,2,46,52,0,100,0,29,48,0,77,2,75,100,0,177,141,0,141,318
02/05/2004,BFL,CA,AWP,WE,Towers with Radar,2,56,63,0,121,0,49,150,0,199,2,105,213,0,320,303,0,303,623
02/06/2004,BFL,CA,AWP,WE,Towers with Radar,0,53,60,0,113,0,50,147,0,197,0,103,207,0,310,321,0,321,631
02/07/2004,BFL,CA,AWP,WE,Towers with Radar,0,26,46,0,72,0,0,81,0,81,0,26,127,0,153,59,0,59,212
02/08/2004,BFL,CA,AWP,WE,Towers with Radar,0,21,24,0,45,0,10,129,0,139,0,31,153,0,184,95,0,95,279
02/09/2004,BFL,CA,AWP,WE,Towers with Radar,1,33,38,0,72,2,81,95,9,187,3,114,133,9,259,348,0,348,607
02/10/2004,BFL,CA,AWP,WE,Towers with Radar,2,45,51,1,99,1,87,120,2,210,3,132,171,3,309,332,0,332,641
02/11/2004,BFL,CA,AWP,WE,Towers with Radar,2,41,47,1,91,0,60,154,5,219,2,101,201,6,310,270,0,270,580
02/12/2004,BFL,CA,AWP,WE,Towers with Radar,2,51,58,1,112,0,68,134,1,203,2,119,192,2,315,292,0,292,607
02/13/2004,BFL,CA,AWP,WE,Towers with Radar,0,66,72,1,139,0,41,98,1,140,0,107,170,2,279,274,0,274,553
02/14/2004,BFL,CA,AWP,WE,Towers with Radar,0,27,29,0,56,0,11,112,0,123,0,38,141,0,179,50,0,50,229
02/15/2004,BFL,CA,AWP,WE,Towers with Radar,0,25,26,0,51,0,12,120,0,132,0,37,146,0,183,44,4,48,231
02/16/2004,BFL,CA,AWP,WE,Towers with Radar,0,35,49,0,84,0,0,86,0,86,0,35,135,0,170,110,0,110,280
02/17/2004,BFL,CA,AWP,WE,Towers with Radar,1,42,46,2,91,2,93,76,3,174,3,135,122,5,265,283,0,283,548
02/18/2004,BFL,CA,AWP,WE,Towers with Radar,0,49,53,0,102,0,31,50,0,81,0,80,103,0,183,168,0,168,351
02/19/2004,BFL,CA,AWP,WE,Towers with Radar,1,70,76,0,147,1,22,118,0,141,2,92,194,0,288,233,2,235,523
02/20/2004,BFL,CA,AWP,WE,Towers with Radar,1,58,63,0,122,1,12,64,0,77,2,70,127,0,199,96,0,96,295
02/21/2004,BFL,CA,AWP,WE,Towers with Radar,0,19,32,0,51,0,0,50,0,50,0,19,82,0,101,59,0,59,160
02/22/2004,BFL,CA,AWP,WE,Towers with Radar,0,21,22,0,43,0,7,30,0,37,0,28,52,0,80,65,0,65,145
02/23/2004,BFL,CA,AWP,WE,Towers with Radar,1,49,53,2,105,1,23,18,4,46,2,72,71,6,151,216,8,224,375
02/24/2004,BFL,CA,AWP,WE,Towers with Radar,1,53,57,2,113,1,70,103,0,174,2,123,160,2,287,292,0,292,579
02/25/2004,BFL,CA,AWP,WE,Towers with Radar,1,40,43,0,84,1,53,14,0,68,2,93,57,0,152,251,0,251,403
02/26/2004,BFL,CA,AWP,WE,Towers with Radar,1,54,59,0,114,1,47,51,0,99,2,101,110,0,213,379,0,379,592
02/27/2004,BFL,CA,AWP,WE,Towers with Radar,0,54,58,0,112,0,35,70,0,105,0,89,128,0,217,351,0,351,568
02/28/2004,BFL,CA,AWP,WE,Towers with Radar,1,28,42,0,71,0,0,87,0,87,1,28,129,0,158,62,0,62,220
02/29/2004,BFL,CA,AWP,WE,Towers with Radar,0,23,39,0,62,1,0,115,0,116,1,23,154,0,178,57,0,57,235
03/01/2004,BFL,CA,AWP,WE,Towers with Radar,2,40,50,3,95,0,98,49,3,150,2,138,99,6,245,286,0,286,531
03/02/2004,BFL,CA,AWP,WE,Towers with Radar,0,42,52,2,96,0,62,66,0,128,0,104,118,2,224,346,4,350,574
03/03/2004,BFL,CA,AWP,WE,Towers with Radar,2,51,63,3,119,0,68,164,1,233,2,119,227,4,352,336,0,336,688
03/04/2004,BFL,CA,AWP,WE,Towers with Radar,3,54,68,3,128,2,23,74,6,105,5,77,142,9,233,196,0,196,429
03/05/2004,BFL,CA,AWP,WE,Towers with Radar,0,53,65,2,120,0,44,161,0,205,0,97,226,2,325,251,0,251,576
03/06/2004,BFL,CA,AWP,WE,Towers with Radar,0,30,39,1,70,0,3,104,5,112,0,33,143,6,182,66,0,66,248
03/07/2004,BFL,CA,AWP,WE,Towers with Radar,2,26,38,1,67,0,0,116,1,117,2,26,154,2,184,50,0,50,234
03/08/2004,BFL,CA,AWP,WE,Towers with Radar,2,37,47,0,86,0,76,114,0,190,2,113,161,0,276,364,4,368,644
03/09/2004,BFL,CA,AWP,WE,Towers with Radar,1,34,43,1,79,0,67,117,1,185,1,101,160,2,264,274,0,274,538
03/10/2004,BFL,CA,AWP,WE,Towers with Radar,0,40,51,2,93,0,74,118,10,202,0,114,169,12,295,242,2,244,539
03/11/2004,BFL,CA,AWP,WE,Towers with Radar,2,52,65,0,119,0,65,109,0,174,2,117,174,0,293,220,0,220,513
03/12/2004,BFL,CA,AWP,WE,Towers with Radar,0,39,49,0,88,0,48,132,0,180,0,87,181,0,268,306,0,306,574
03/13/2004,BFL,CA,AWP,WE,Towers with Radar,0,25,33,0,58,0,1,114,0,115,0,26,147,0,173,55,0,55,228
03/14/2004,BFL,CA,AWP,WE,Towers with Radar,0,26,35,0,61,0,0,124,0,124,0,26,159,0,185,51,0,51,236
03/15/2004,BFL,CA,AWP,WE,Towers with Radar,2,32,41,1,76,0,87,104,3,194,2,119,145,4,270,412,0,412,682
03/16/2004,BFL,CA,AWP,WE,Towers with Radar,2,33,42,1,78,0,69,119,3,191,2,102,161,4,269,287,8,295,564
03/17/2004,BFL,CA,AWP,WE,Towers with Radar,1,34,43,2,80,1,30,125,4,160,2,64,168,6,240,268,0,268,508
03/18/2004,BFL,CA,AWP,WE,Towers with Radar,1,51,64,0,116,3,26,133,0,162,4,77,197,0,278,299,0,299,577
03/19/2004,BFL,CA,AWP,WE,Towers with Radar,2,60,76,2,140,2,33,147,0,182,4,93,223,2,322,279,0,279,601
03/20/2004,BFL,CA,AWP,WE,Towers with Radar,0,25,29,1,55,1,0,93,0,94,1,25,122,1,149,67,0,67,216
03/21/2004,BFL,CA,AWP,WE,Towers with Radar,0,21,37,0,58,0,0,106,0,106,0,21,143,0,164,36,0,36,200
03/22/2004,BFL,CA,AWP,WE,Towers with Radar,1,44,53,1,99,3,77,128,0,208,4,121,181,1,307,234,0,234,541
03/23/2004,BFL,CA,AWP,WE,Towers with Radar,1,48,58,3,110,1,37,110,2,150,2,85,168,5,260,208,0,208,468
03/24/2004,BFL,CA,AWP,WE,Towers with Radar,0,39,47,0,86,0,68,118,0,186,0,107,165,0,272,344,0,344,616
03/25/2004,BFL,CA,AWP,WE,Towers with Radar,1,54,66,0,121,1,62,60,0,123,2,116,126,0,244,262,0,262,506
03/26/2004,BFL,CA,AWP,WE,Towers with Radar,0,53,65,3,121,0,53,57,1,111,0,106,122,4,232,300,2,302,534
03/27/2004,BFL,CA,AWP,WE,Towers with Radar,0,18,21,0,39,0,14,70,0,84,0,32,91,0,123,50,0,50,173
03/28/2004,BFL,CA,AWP,WE,Towers with Radar,0,19,25,0,44,0,0,108,0,108,0,19,133,0,152,32,0,32,184
03/29/2004,BFL,CA,AWP,WE,Towers with Radar,1,48,58,2,109,1,82,97,0,180,2,130,155,2,289,282,0,282,571
03/30/2004,BFL,CA,AWP,WE,Towers with Radar,1,39,48,0,88,1,81,106,0,188,2,120,154,0,276,289,0,289,565
03/31/2004,BFL,CA,AWP,WE,Towers with Radar,1,49,60,3,113,1,50,121,1,173,2,99,181,4,286,182,0,182,468
04/01/2004,BFL,CA,AWP,WE,Towers with Radar,3,60,49,0,112,3,38,87,0,128,6,98,136,0,240,210,0,210,450
04/02/2004,BFL,CA,AWP,WE,Towers with Radar,0,61,50,0,111,0,43,95,12,150,0,104,145,12,261,179,0,179,440
04/03/2004,BFL,CA,AWP,WE,Towers with Radar,1,26,28,0,55,0,0,77,3,80,1,26,105,3,135,100,0,100,235
04/04/2004,BFL,CA,AWP,WE,Towers with Radar,2,22,31,0,55,4,0,85,0,89,6,22,116,0,144,68,0,68,212
04/05/2004,BFL,CA,AWP,WE,Towers with Radar,2,49,41,0,92,0,41,86,0,127,2,90,127,0,219,108,0,108,327
04/06/2004,BFL,CA,AWP,WE,Towers with Radar,2,59,49,0,110,0,47,85,0,132,2,106,134,0,242,132,0,132,374
04/07/2004,BFL,CA,AWP,WE,Towers with Radar,2,45,38,0,85,0,48,87,0,135,2,93,125,0,220,136,0,136,356
04/08/2004,BFL,CA,AWP,WE,Towers with Radar,0,52,43,0,95,0,47,84,2,133,0,99,127,2,228,143,0,143,371
04/09/2004,BFL,CA,AWP,WE,Towers with Radar,2,49,40,0,91,0,53,87,3,143,2,102,127,3,234,107,0,107,341
04/10/2004,BFL,CA,AWP,WE,Towers with Radar,0,26,22,0,48,0,2,75,0,77,0,28,97,0,125,23,0,23,148
04/11/2004,BFL,CA,AWP,WE,Towers with Radar,0,22,19,0,41,0,3,80,0,83,0,25,99,0,124,17,0,17,141
04/12/2004,BFL,CA,AWP,WE,Towers with Radar,1,44,37,1,83,1,60,58,1,120,2,104,95,2,203,169,0,169,372
04/13/2004,BFL,CA,AWP,WE,Towers with Radar,2,48,40,1,91,0,63,107,0,170,2,111,147,1,261,120,0,120,381
04/14/2004,BFL,CA,AWP,WE,Towers with Radar,2,45,38,0,85,3,43,116,0,162,5,88,154,0,247,163,0,163,410
04/15/2004,BFL,CA,AWP,WE,Towers with Radar,2,56,45,1,104,0,62,129,1,192,2,118,174,2,296,119,0,119,415
04/16/2004,BFL,CA,AWP,WE,Towers with Radar,4,83,66,1,154,0,46,78,1,125,4,129,144,2,279,123,0,123,402
04/17/2004,BFL,CA,AWP,WE,Towers with Radar,0,30,29,0,59,0,0,24,0,24,0,30,53,0,83,13,0,13,96
04/18/2004,BFL,CA,AWP,WE,Towers with Radar,0,25,37,0,62,0,0,71,0,71,0,25,108,0,133,28,0,28,161
04/19/2004,BFL,CA,AWP,WE,Towers with Radar,2,46,36,0,84,2,58,69,0,129,4,104,105,0,213,155,0,155,368
04/20/2004,BFL,CA,AWP,WE,Towers with Radar,2,54,43,1,100,2,57,97,3,159,4,111,140,4,259,212,0,212,471
04/21/2004,BFL,CA,AWP,WE,Towers with Radar,2,60,48,1,111,0,43,94,1,138,2,103,142,2,249,153,4,157,406
04/22/2004,BFL,CA,AWP,WE,Towers with Radar,2,53,42,0,97,2,64,92,0,158,4,117,134,0,255,137,0,137,392
04/23/2004,BFL,CA,AWP,WE,Towers with Radar,2,64,51,0,117,0,45,140,0,185,2,109,191,0,302,154,0,154,456
04/24/2004,BFL,CA,AWP,WE,Towers with Radar,0,27,21,0,48,0,3,105,0,108,0,30,126,0,156,53,0,53,209
04/25/2004,BFL,CA,AWP,WE,Towers with Radar,1,22,25,0,48,5,0,101,0,106,6,22,126,0,154,37,0,37,191
04/26/2004,BFL,CA,AWP,WE,Towers with Radar,0,49,39,0,88,0,46,114,0,160,0,95,153,0,248,143,0,143,391
04/27/2004,BFL,CA,AWP,WE,Towers with Radar,2,51,41,0,94,0,54,107,12,173,2,105,148,12,267,165,0,165,432
04/28/2004,BFL,CA,AWP,WE,Towers with Radar,0,50,40,0,90,0,42,99,0,141,0,92,139,0,231,134,0,134,365
04/29/2004,BFL,CA,AWP,WE,Towers with Radar,3,69,55,0,127,1,49,98,0,148,4,118,153,0,275,184,0,184,459
04/30/2004,BFL,CA,AWP,WE,Towers with Radar,2,62,50,0,114,0,54,108,0,162,2,116,158,0,276,207,0,207,483
05/01/2004,BFL,CA,AWP,WE,Towers with Radar,0,18,23,0,41,0,0,113,0,113,0,18,136,0,154,39,0,39,193
05/02/2004,BFL,CA,AWP,WE,Towers with Radar,0,27,26,0,53,0,0,182,0,182,0,27,208,0,235,31,0,31,266
05/03/2004,BFL,CA,AWP,WE,Towers with Radar,2,48,42,0,92,0,53,85,0,138,2,101,127,0,230,189,0,189,419
05/04/2004,BFL,CA,AWP,WE,Towers with Radar,2,47,41,0,90,0,65,109,0,174,2,112,150,0,264,167,0,167,431
05/05/2004,BFL,CA,AWP,WE,Towers with Radar,2,48,42,0,92,0,66,97,2,165,2,114,139,2,257,247,0,247,504
05/06/2004,BFL,CA,AWP,WE,Towers with Radar,2,55,48,0,105,0,34,127,2,163,2,89,175,2,268,233,2,235,503
05/07/2004,BFL,CA,AWP,WE,Towers with Radar,2,57,49,0,108,0,66,88,0,154,2,123,137,0,262,283,0,283,545
05/08/2004,BFL,CA,AWP,WE,Towers with Radar,0,29,26,0,55,0,13,69,0,82,0,42,95,0,137,60,0,60,197
05/09/2004,BFL,CA,AWP,WE,Towers with Radar,0,31,29,0,60,0,0,57,0,57,0,31,86,0,117,15,0,15,132
05/10/2004,BFL,CA,AWP,WE,Towers with Radar,2,55,48,0,105,0,37,104,0,141,2,92,152,0,246,198,0,198,444
05/11/2004,BFL,CA,AWP,WE,Towers with Radar,2,49,43,0,94,0,61,143,0,204,2,110,186,0,298,247,0,247,545
05/12/2004,BFL,CA,AWP,WE,Towers with Radar,1,60,52,0,113,1,36,141,0,178,2,96,193,0,291,95,0,95,386
05/13/2004,BFL,CA,AWP,WE,Towers with Radar,1,73,63,1,138,1,17,120,5,143,2,90,183,6,281,270,4,274,555
05/14/2004,BFL,CA,AWP,WE,Towers with Radar,1,64,55,1,121,3,48,210,5,266,4,112,265,6,387,242,0,242,629
05/15/2004,BFL,CA,AWP,WE,Towers with Radar,0,22,20,1,43,0,11,85,1,97,0,33,105,2,140,49,0,49,189
05/16/2004,BFL,CA,AWP,WE,Towers with Radar,0,32,27,1,60,0,0,116,1,117,0,32,143,2,177,22,2,24,201
05/17/2004,BFL,CA,AWP,WE,Towers with Radar,1,55,46,1,103,1,50,84,1,136,2,105,130,2,239,274,2,276,515
05/18/2004,BFL,CA,AWP,WE,Towers with Radar,0,44,37,0,81,0,70,93,0,163,0,114,130,0,244,205,0,205,449
05/19/2004,BFL,CA,AWP,WE,Towers with Radar,1,43,36,0,80,1,65,121,0,187,2,108,157,0,267,223,0,223,490
05/20/2004,BFL,CA,AWP,WE,Towers with Radar,1,68,57,0,126,1,27,83,0,111,2,95,140,0,237,222,0,222,459
05/21/2004,BFL,CA,AWP,WE,Towers with Radar,1,62,52,1,116,1,33,92,1,127,2,95,144,2,243,255,0,255,498
05/22/2004,BFL,CA,AWP,WE,Towers with Radar,0,30,25,1,56,0,7,136,7,150,0,37,161,8,206,43,0,43,249
05/23/2004,BFL,CA,AWP,WE,Towers with Radar,0,37,30,0,67,0,0,82,0,82,0,37,112,0,149,68,0,68,217
05/24/2004,BFL,CA,AWP,WE,Towers with Radar,1,52,43,1,97,1,49,110,1,161,2,101,153,2,258,302,2,304,562
05/25/2004,BFL,CA,AWP,WE,Towers with Radar,1,48,40,1,90,1,65,76,11,153,2,113,116,12,243,128,0,128,371
05/26/2004,BFL,CA,AWP,WE,Towers with Radar,1,39,33,0,73,1,76,76,0,153,2,115,109,0,226,171,0,171,397
05/27/2004,BFL,CA,AWP,WE,Towers with Radar,1,62,52,0,115,1,40,104,1,146,2,102,156,1,261,204,0,204,465
05/28/2004,BFL,CA,AWP,WE,Towers with Radar,2,98,82,0,182,0,12,81,0,93,2,110,163,0,275,224,0,224,499
05/29/2004,BFL,CA,AWP,WE,Towers with Radar,0,29,31,0,60,0,0,82,0,82,0,29,113,0,142,57,0,57,199
05/30/2004,BFL,CA,AWP,WE,Towers with Radar,0,21,19,0,40,0,0,99,0,99,0,21,118,0,139,20,0,20,159
05/31/2004,BFL,CA,AWP,WE,Towers with Radar,0,31,33,0,64,0,0,129,0,129,0,31,162,0,193,30,0,30,223
06/01/2004,BFL,CA,AWP,WE,Towers with Radar,2,38,34,1,75,0,58,88,7,153,2,96,122,8,228,223,8,231,459
06/02/2004,BFL,CA,AWP,WE,Towers with Radar,2,35,31,1,69,0,86,136,0,222,2,121,167,1,291,192,0,192,483
06/03/2004,BFL,CA,AWP,WE,Towers with Radar,2,49,44,2,97,0,68,150,2,220,2,117,194,4,317,258,0,258,575
06/04/2004,BFL,CA,AWP,WE,Towers with Radar,2,49,44,0,95,0,89,149,0,238,2,138,193,0,333,287,0,287,620
06/05/2004,BFL,CA,AWP,WE,Towers with Radar,0,25,23,1,49,0,18,102,1,121,0,43,125,2,170,32,0,32,202
06/06/2004,BFL,CA,AWP,WE,Towers with Radar,0,27,25,0,52,0,3,98,0,101,0,30,123,0,153,11,0,11,164
06/07/2004,BFL,CA,AWP,WE,Towers with Radar,2,38,34,1,75,0,1,74,1,76,2,39,108,2,151,44,0,44,195
06/08/2004,BFL,CA,AWP,WE,Towers with Radar,2,46,41,0,89,0,57,85,0,142,2,103,126,0,231,221,0,221,452
06/09/2004,BFL,CA,AWP,WE,Towers with Radar,2,42,37,1,82,0,46,115,1,162,2,88,152,2,244,155,0,155,399
06/10/2004,BFL,CA,AWP,WE,Towers with Radar,2,53,47,0,102,2,39,121,0,162,4,92,168,0,264,319,0,319,583
06/11/2004,BFL,CA,AWP,WE,Towers with Radar,0,43,39,1,83,0,61,145,0,206,0,104,184,1,289,257,0,257,546
06/12/2004,BFL,CA,AWP,WE,Towers with Radar,0,34,31,0,65,0,2,102,0,104,0,36,133,0,169,63,0,63,232
06/13/2004,BFL,CA,AWP,WE,Towers with Radar,0,26,24,2,52,2,3,57,0,62,2,29,81,2,114,23,0,23,137
06/14/2004,BFL,CA,AWP,WE,Towers with Radar,1,42,37,0,80,1,69,121,0,191,2,111,158,0,271,308,0,308,579
06/15/2004,BFL,CA,AWP,WE,Towers with Radar,1,38,32,2,73,1,57,73,0,131,2,95,105,2,204,337,0,337,541
06/16/2004,BFL,CA,AWP,WE,Towers with Radar,1,43,36,2,82,1,47,87,0,135,2,90,123,2,217,237,0,237,454
06/17/2004,BFL,CA,AWP,WE,Towers with Radar,2,78,67,4,151,0,1,196,5,202,2,79,263,9,353,241,0,241,594
06/18/2004,BFL,CA,AWP,WE,Towers with Radar,2,73,63,0,138,0,34,152,0,186,2,107,215,0,324,250,0,250,574
06/19/2004,BFL,CA,AWP,WE,Towers with Radar,0,32,27,0,59,0,5,103,0,108,0,37,130,0,167,43,0,43,210
06/20/2004,BFL,CA,AWP,WE,Towers with Radar,0,32,28,0,60,0,0,99,0,99,0,32,127,0,159,40,0,40,199
06/21/2004,BFL,CA,AWP,WE,Towers with Radar,1,42,36,2,81,1,53,74,6,134,2,95,110,8,215,192,0,192,407
06/22/2004,BFL,CA,AWP,WE,Towers with Radar,1,33,27,0,61,1,48,95,0,144,2,81,122,0,205,302,0,302,507
06/23/2004,BFL,CA,AWP,WE,Towers with Radar,0,44,37,2,83,0,38,126,5,169,0,82,163,7,252,168,0,168,420
06/24/2004,BFL,CA,AWP,WE,Towers with Radar,0,53,45,2,100,0,39,97,2,138,0,92,142,4,238,277,0,277,515
06/25/2004,BFL,CA,AWP,WE,Towers with Radar,1,54,47,0,102,3,40,114,0,157,4,94,161,0,259,312,0,312,571
06/26/2004,BFL,CA,AWP,WE,Towers with Radar,0,32,29,0,61,0,0,113,0,113,0,32,142,0,174,53,0,53,227
06/27/2004,BFL,CA,AWP,WE,Towers with Radar,0,26,25,0,51,0,0,101,0,101,0,26,126,0,152,31,0,31,183
06/28/2004,BFL,CA,AWP,WE,Towers with Radar,1,38,32,1,72,1,57,63,1,122,2,95,95,2,194,331,0,331,525
06/29/2004,BFL,CA,AWP,WE,Towers with Radar,1,34,29,1,65,1,87,100,29,217,2,121,129,30,282,314,20,334,616
06/30/2004,BFL,CA,AWP,WE,Towers with Radar,1,35,31,0,67,1,60,94,0,155,2,95,125,0,222,200,0,200,422
07/01/2004,BFL,CA,AWP,WE,Towers with Radar,2,55,41,1,99,0,32,101,1,134,2,87,142,2,233,235,0,235,468
07/02/2004,BFL,CA,AWP,WE,Towers with Radar,2,49,37,1,89,0,52,139,0,191,2,101,176,1,280,271,0,271,551
07/03/2004,BFL,CA,AWP,WE,Towers with Radar,2,36,30,0,68,0,0,105,0,105,2,36,135,0,173,56,0,56,229
07/04/2004,BFL,CA,AWP,WE,Towers with Radar,0,19,15,0,34,0,4,73,2,79,0,23,88,2,113,18,0,18,131
07/05/2004,BFL,CA,AWP,WE,Towers with Radar,0,30,26,0,56,0,0,95,0,95,0,30,121,0,151,27,0,27,178
07/06/2004,BFL,CA,AWP,WE,Towers with Radar,2,40,31,1,74,0,51,69,3,123,2,91,100,4,197,177,0,177,374
07/07/2004,BFL,CA,AWP,WE,Towers with Radar,2,41,32,1,76,0,51,84,1,136,2,92,116,2,212,229,6,235,447
07/08/2004,BFL,CA,AWP,WE,Towers with Radar,2,59,45,2,108,0,31,94,4,129,2,90,139,6,237,244,0,244,481
07/09/2004,BFL,CA,AWP,WE,Towers with Radar,2,50,39,1,92,0,55,108,6,169,2,105,147,7,261,236,4,240,501
07/10/2004,BFL,CA,AWP,WE,Towers with Radar,0,30,23,0,53,0,5,71,0,76,0,35,94,0,129,18,0,18,147
07/11/2004,BFL,CA,AWP,WE,Towers with Radar,0,31,29,1,61,0,0,109,1,110,0,31,138,2,171,23,0,23,194
07/12/2004,BFL,CA,AWP,WE,Towers with Radar,2,46,36,0,84,0,73,79,0,152,2,119,115,0,236,375,0,375,611
07/13/2004,BFL,CA,AWP,WE,Towers with Radar,1,33,25,1,60,1,73,95,2,171,2,106,120,3,231,295,2,297,528
07/14/2004,BFL,CA,AWP,WE,Towers with Radar,0,43,33,2,78,0,67,92,0,159,0,110,125,2,237,234,0,234,471
07/15/2004,BFL,CA,AWP,WE,Towers with Radar,2,81,62,0,145,0,9,119,0,128,2,90,181,0,273,215,0,215,488
07/16/2004,BFL,CA,AWP,WE,Towers with Radar,2,79,60,0,141,0,3,99,0,102,2,82,159,0,243,153,0,153,396
07/17/2004,BFL,CA,AWP,WE,Towers with Radar,0,30,23,2,55,0,4,115,2,121,0,34,138,4,176,47,0,47,223
07/18/2004,BFL,CA,AWP,WE,Towers with Radar,0,28,20,0,48,2,1,102,0,105,2,29,122,0,153,40,0,40,193
07/19/2004,BFL,CA,AWP,WE,Towers with Radar,1,38,27,2,68,1,63,92,0,156,2,101,119,2,224,214,0,214,438
07/20/2004,BFL,CA,AWP,WE,Towers with Radar,0,39,29,2,70,0,68,123,0,191,0,107,152,2,261,194,0,194,455
07/21/2004,BFL,CA,AWP,WE,Towers with Radar,1,44,32,1,78,1,46,97,0,144,2,90,129,1,222,147,0,147,369
07/22/2004,BFL,CA,AWP,WE,Towers with Radar,1,42,30,2,75,1,53,113,0,167,2,95,143,2,242,179,0,179,421
07/23/2004,BFL,CA,AWP,WE,Towers with Radar,1,44,32,0,77,1,57,141,0,199,2,101,173,0,276,97,0,97,373
07/24/2004,BFL,CA,AWP,WE,Towers with Radar,0,27,19,0,46,0,13,82,0,95,0,40,101,0,141,36,0,36,177
07/25/2004,BFL,CA,AWP,WE,Towers with Radar,0,27,20,0,47,0,6,104,0,110,0,33,124,0,157,46,0,46,203
07/26/2004,BFL,CA,AWP,WE,Towers with Radar,1,36,26,1,64,1,72,94,0,167,2,108,120,1,231,155,0,155,386
07/27/2004,BFL,CA,AWP,WE,Towers with Radar,1,37,27,2,67,1,39,112,1,153,2,76,139,3,220,95,0,95,315
07/28/2004,BFL,CA,AWP,WE,Towers with Radar,1,47,35,1,84,1,21,123,0,145,2,68,158,1,229,133,0,133,362
07/29/2004,BFL,CA,AWP,WE,Towers with Radar,0,51,38,1,90,0,34,113,5,152,0,85,151,6,242,168,0,168,410
07/30/2004,BFL,CA,AWP,WE,Towers with Radar,0,36,26,0,62,0,71,163,0,234,0,107,189,0,296,130,2,132,428
07/31/2004,BFL,CA,AWP,WE,Towers with Radar,0,30,22,0,52,0,13,101,0,114,0,43,123,0,166,52,0,52,218
08/01/2004,BFL,CA,AWP,WE,Towers with Radar,0,28,26,0,54,0,7,85,0,92,0,35,111,0,146,39,0,39,185
08/02/2004,BFL,CA,AWP,WE,Towers with Radar,3,39,37,2,81,1,60,66,8,135,4,99,103,10,216,167,0,167,383
08/03/2004,BFL,CA,AWP,WE,Towers with Radar,2,35,34,1,72,0,66,110,10,186,2,101,144,11,258,145,2,147,405
08/04/2004,BFL,CA,AWP,WE,Towers with Radar,2,56,54,3,115,0,51,141,2,194,2,107,195,5,309,231,0,231,540
08/05/2004,BFL,CA,AWP,WE,Towers with Radar,0,40,39,0,79,0,33,127,0,160,0,73,166,0,239,152,0,152,391
08/06/2004,BFL,CA,AWP,WE,Towers with Radar,3,63,61,3,130,1,53,159,3,216,4,116,220,6,346,276,0,276,622
08/07/2004,BFL,CA,AWP,WE,Towers with Radar,0,27,26,0,53,0,5,154,0,159,0,32,180,0,212,62,0,62,274
08/08/2004,BFL,CA,AWP,WE,Towers with Radar,0,31,31,0,62,0,8,72,0,80,0,39,103,0,142,25,0,25,167
08/09/2004,BFL,CA,AWP,WE,Towers with Radar,2,34,33,1,70,0,72,74,19,165,2,106,107,20,235,150,4,154,389
08/10/2004,BFL,CA,AWP,WE,Towers with Radar,2,41,40,0,83,0,70,108,0,178,2,111,148,0,261,211,0,211,472
08/11/2004,BFL,CA,AWP,WE,Towers with Radar,2,34,33,1,70,0,59,115,11,185,2,93,148,12,255,108,8,116,371
08/12/2004,BFL,CA,AWP,WE,Towers with Radar,2,49,47,3,101,0,60,103,12,175,2,109,150,15,276,181,12,193,469
08/13/2004,BFL,CA,AWP,WE,Towers with Radar,3,54,52,2,111,1,98,141,6,246,4,152,193,8,357,276,0,276,633
08/14/2004,BFL,CA,AWP,WE,Towers with Radar,0,35,34,0,69,0,2,87,0,89,0,37,121,0,158,41,0,41,199
08/15/2004,BFL,CA,AWP,WE,Towers with Radar,0,32,32,2,66,0,3,107,2,112,0,35,139,4,178,66,0,66,244
08/16/2004,BFL,CA,AWP,WE,Towers with Radar,1,43,42,0,86,1,76,100,0,177,2,119,142,0,263,127,0,127,390
08/17/2004,BFL,CA,AWP,WE,Towers with Radar,1,35,34,2,72,1,81,87,2,171,2,116,121,4,243,197,0,197,440
08/18/2004,BFL,CA,AWP,WE,Towers with Radar,1,44,43,4,92,1,57,132,2,192,2,101,175,6,284,221,0,221,505
08/19/2004,BFL,CA,AWP,WE,Towers with Radar,0,48,46,2,96,0,57,120,0,177,0,105,166,2,273,151,0,151,424
08/20/2004,BFL,CA,AWP,WE,Towers with Radar,1,47,44,0,92,1,38,120,0,159,2,85,164,0,251,207,0,207,458
08/21/2004,BFL,CA,AWP,WE,Towers with Radar,0,34,31,0,65,0,3,97,0,100,0,37,128,0,165,28,3,31,196
08/22/2004,BFL,CA,AWP,WE,Towers with Radar,0,35,43,0,78,0,0,81,0,81,0,35,124,0,159,29,0,29,188
08/23/2004,BFL,CA,AWP,WE,Towers with Radar,1,35,33,2,71,1,101,106,0,208,2,136,139,2,279,262,0,262,541
08/24/2004,BFL,CA,AWP,WE,Towers with Radar,0,40,38,3,81,0,50,105,15,170,0,90,143,18,251,150,26,176,427
08/25/2004,BFL,CA,AWP,WE,Towers with Radar,1,44,41,3,89,1,67,119,5,192,2,111,160,8,281,257,0,257,538
08/26/2004,BFL,CA,AWP,WE,Towers with Radar,2,59,55,4,120,0,27,112,38,177,2,86,167,42,297,227,4,231,528
08/27/2004,BFL,CA,AWP,WE,Towers with Radar,2,67,62,4,135,2,34,158,6,200,4,101,220,10,335,223,2,225,560
08/28/2004,BFL,CA,AWP,WE,Towers with Radar,1,33,30,0,64,1,2,107,0,110,2,35,137,0,174,23,0,23,197
08/29/2004,BFL,CA,AWP,WE,Towers with Radar,1,29,26,0,56,3,3,87,0,93,4,32,113,0,149,57,0,57,206
08/30/2004,BFL,CA,AWP,WE,Towers with Radar,1,38,35,0,74,3,65,111,0,179,4,103,146,0,253,317,0,317,570
08/31/2004,BFL,CA,AWP,WE,Towers with Radar,0,49,46,2,97,0,105,152,3,260,0,154,198,5,357,271,0,271,628
09/01/2004,BFL,CA,AWP,WE,Towers with Radar,2,55,47,0,104,0,57,90,0,147,2,112,137,0,251,173,0,173,424
09/02/2004,BFL,CA,AWP,WE,Towers with Radar,2,57,49,0,108,0,35,85,0,120,2,92,134,0,228,76,0,76,304
09/03/2004,BFL,CA,AWP,WE,Towers with Radar,2,70,60,0,132,0,38,116,0,154,2,108,176,0,286,237,0,237,523
09/04/2004,BFL,CA,AWP,WE,Towers with Radar,0,25,21,0,46,0,7,99,0,106,0,32,120,0,152,29,0,29,181
09/05/2004,BFL,CA,AWP,WE,Towers with Radar,0,19,26,0,45,0,0,81,0,81,0,19,107,0,126,49,0,49,175
09/06/2004,BFL,CA,AWP,WE,Towers with Radar,0,28,25,0,53,0,2,86,0,88,0,30,111,0,141,34,0,34,175
09/07/2004,BFL,CA,AWP,WE,Towers with Radar,2,46,40,1,89,0,46,85,1,132,2,92,125,2,221,244,2,246,467
09/08/2004,BFL,CA,AWP,WE,Towers with Radar,0,34,29,0,63,0,51,102,0,153,0,85,131,0,216,226,0,226,442
09/09/2004,BFL,CA,AWP,WE,Towers with Radar,2,47,41,1,91,0,26,74,0,100,2,73,115,1,191,147,0,147,338
09/10/2004,BFL,CA,AWP,WE,Towers with Radar,0,61,53,1,115,0,37,112,1,150,0,98,165,2,265,288,0,288,553
09/11/2004,BFL,CA,AWP,WE,Towers with Radar,0,26,23,0,49,0,15,74,0,89,0,41,97,0,138,36,0,36,174
09/12/2004,BFL,CA,AWP,WE,Towers with Radar,0,30,27,0,57,0,5,92,2,99,0,35,119,2,156,33,0,33,189
09/13/2004,BFL,CA,AWP,WE,Towers with Radar,1,41,36,1,79,1,59,110,1,171,2,100,146,2,250,234,0,234,484
09/14/2004,BFL,CA,AWP,WE,Towers with Radar,0,43,38,2,83,0,26,83,10,119,0,69,121,12,202,227,8,235,437
09/15/2004,BFL,CA,AWP,WE,Towers with Radar,1,47,41,1,90,1,60,89,0,150,2,107,130,1,240,196,0,196,436
09/16/2004,BFL,CA,AWP,WE,Towers with Radar,1,59,52,0,112,1,50,121,0,172,2,109,173,0,284,223,0,223,507
09/17/2004,BFL,CA,AWP,WE,Towers with Radar,0,61,54,0,115,0,23,124,0,147,0,84,178,0,262,192,0,192,454
09/18/2004,BFL,CA,AWP,WE,Towers with Radar,0,29,26,0,55,0,4,92,0,96,0,33,118,0,151,34,0,34,185
09/19/2004,BFL,CA,AWP,WE,Towers with Radar,0,36,38,2,76,0,0,78,0,78,0,36,116,2,154,32,4,36,190
09/20/2004,BFL,CA,AWP,WE,Towers with Radar,1,57,48,1,107,1,63,99,0,163,2,120,147,1,270,345,0,345,615
09/21/2004,BFL,CA,AWP,WE,Towers with Radar,1,52,44,2,99,1,73,129,5,208,2,125,173,7,307,361,4,365,672
09/22/2004,BFL,CA,AWP,WE,Towers with Radar,0,39,33,0,72,2,58,78,0,138,2,97,111,0,210,302,0,302,512
09/23/2004,BFL,CA,AWP,WE,Towers with Radar,1,66,55,2,124,3,24,107,2,136,4,90,162,4,260,249,0,249,509
09/24/2004,BFL,CA,AWP,WE,Towers with Radar,1,54,46,2,103,1,24,162,4,191,2,78,208,6,294,252,0,252,546
09/25/2004,BFL,CA,AWP,WE,Towers with Radar,0,24,20,0,44,0,10,98,0,108,0,34,118,0,152,19,0,19,171
09/26/2004,BFL,CA,AWP,WE,Towers with Radar,0,29,27,1,57,2,0,95,5,102,2,29,122,6,159,15,0,15,174
09/27/2004,BFL,CA,AWP,WE,Towers with Radar,0,53,45,2,100,0,74,99,4,177,0,127,144,6,277,370,0,370,647
09/28/2004,BFL,CA,AWP,WE,Towers with Radar,0,51,43,0,94,0,54,80,0,134,0,105,123,0,228,241,0,241,469
09/29/2004,BFL,CA,AWP,WE,Towers with Radar,0,55,46,2,103,0,47,74,2,123,0,102,120,4,226,253,2,255,481
09/30/2004,BFL,CA,AWP,WE,Towers with Radar,1,73,62,2,138,2,38,95,13,148,3,111,157,15,286,255,0,255,541
10/01/2004,BFL,CA,AWP,WE,Towers with Radar,8,52,67,0,127,4,66,54,1,125,12,118,121,1,252,249,0,249,501
10/02/2004,BFL,CA,AWP,WE,Towers with Radar,0,28,33,0,61,0,4,86,0,90,0,32,119,0,151,33,0,33,184
10/03/2004,BFL,CA,AWP,WE,Towers with Radar,2,26,25,0,53,0,10,96,2,108,2,36,121,2,161,27,0,27,188
10/04/2004,BFL,CA,AWP,WE,Towers with Radar,2,62,42,0,106,0,52,97,0,149,2,114,139,0,255,287,0,287,542
10/05/2004,BFL,CA,AWP,WE,Towers with Radar,2,53,35,0,90,0,40,82,0,122,2,93,117,0,212,243,0,243,455
10/06/2004,BFL,CA,AWP,WE,Towers with Radar,2,62,42,2,108,0,24,106,0,130,2,86,148,2,238,236,0,236,474
10/07/2004,BFL,CA,AWP,WE,Towers with Radar,2,57,41,8,108,0,42,120,5,167,2,99,161,13,275,265,10,275,550
10/08/2004,BFL,CA,AWP,WE,Towers with Radar,2,66,54,0,122,0,26,118,0,144,2,92,172,0,266,221,0,221,487
10/09/2004,BFL,CA,AWP,WE,Towers with Radar,0,41,48,0,89,0,3,106,0,109,0,44,154,0,198,41,0,41,239
10/10/2004,BFL,CA,AWP,WE,Towers with Radar,0,27,47,0,74,0,2,106,0,108,0,29,153,0,182,40,0,40,222
10/11/2004,BFL,CA,AWP,WE,Towers with Radar,2,46,47,0,95,0,56,89,0,145,2,102,136,0,240,236,0,236,476
10/12/2004,BFL,CA,AWP,WE,Towers with Radar,2,65,49,2,118,0,42,101,1,144,2,107,150,3,262,218,2,220,482
10/13/2004,BFL,CA,AWP,WE,Towers with Radar,2,41,34,0,77,0,54,72,0,126,2,95,106,0,203,195,0,195,398
10/14/2004,BFL,CA,AWP,WE,Towers with Radar,2,58,54,0,114,0,37,123,0,160,2,95,177,0,274,232,0,232,506
10/15/2004,BFL,CA,AWP,WE,Towers with Radar,2,52,34,0,88,0,25,120,0,145,2,77,154,0,233,213,6,219,452
10/16/2004,BFL,CA,AWP,WE,Towers with Radar,0,29,41,0,70,0,4,87,0,91,0,33,128,0,161,28,0,28,189
10/17/2004,BFL,CA,AWP,WE,Towers with Radar,2,28,34,0,64,0,0,61,0,61,2,28,95,0,125,36,0,36,161
10/18/2004,BFL,CA,AWP,WE,Towers with Radar,2,74,68,2,146,2,27,46,0,75,4,101,114,2,221,126,0,126,347
10/19/2004,BFL,CA,AWP,WE,Towers with Radar,2,61,37,2,102,0,50,37,0,87,2,111,74,2,189,156,0,156,345
10/20/2004,BFL,CA,AWP,WE,Towers with Radar,0,59,60,1,120,0,21,11,0,32,0,80,71,1,152,125,0,125,277
10/21/2004,BFL,CA,AWP,WE,Towers with Radar,0,93,60,0,153,0,8,56,0,64,0,101,116,0,217,110,0,110,327
10/22/2004,BFL,CA,AWP,WE,Towers with Radar,2,65,49,0,116,0,70,112,0,182,2,135,161,0,298,324,0,324,622
10/23/2004,BFL,CA,AWP,WE,Towers with Radar,0,34,31,0,65,0,1,92,0,93,0,35,123,0,158,43,0,43,201
10/24/2004,BFL,CA,AWP,WE,Towers with Radar,0,24,39,0,63,0,3,80,0,83,0,27,119,0,146,57,0,57,203
10/25/2004,BFL,CA,AWP,WE,Towers with Radar,2,77,61,2,142,0,16,23,0,39,2,93,84,2,181,111,6,117,298
10/26/2004,BFL,CA,AWP,WE,Towers with Radar,2,51,48,1,102,0,38,3,0,41,2,89,51,1,143,153,0,153,296
10/27/2004,BFL,CA,AWP,WE,Towers with Radar,0,74,73,0,147,0,0,6,1,7,0,74,79,1,154,88,0,88,242
10/28/2004,BFL,CA,AWP,WE,Towers with Radar,1,64,62,0,127,0,54,64,2,120,1,118,126,2,247,196,0,196,443
10/29/2004,BFL,CA,AWP,WE,Towers with Radar,2,47,38,0,87,0,43,103,3,149,2,90,141,3,236,289,0,289,525
10/30/2004,BFL,CA,AWP,WE,Towers with Radar,0,33,34,0,67,0,3,102,0,105,0,36,136,0,172,47,0,47,219
10/31/2004,BFL,CA,AWP,WE,Towers with Radar,0,26,46,0,72,0,8,35,0,43,0,34,81,0,115,56,0,56,171
11/01/2004,BFL,CA,AWP,WE,Combined TRACON& Tower with Radar,2,42,28,6,78,0,40,94,1,135,2,82,122,7,213,176,0,176,389
11/02/2004,BFL,CA,AWP,WE,Combined TRACON& Tower with Radar,2,42,20,2,66,0,54,112,1,167,2,96,132,3,233,234,0,234,467
11/03/2004,BFL,CA,AWP,WE,Combined TRACON& Tower with Radar,2,52,51,2,107,0,31,90,0,121,2,83,141,2,228,164,0,164,392
11/04/2004,BFL,CA,AWP,WE,Combined TRACON& Tower with Radar,0,64,67,3,134,0,30,95,0,125,0,94,162,3,259,152,0,152,411
11/05/2004,BFL,CA,AWP,WE,Combined TRACON& Tower with Radar,6,61,64,0,131,0,50,97,1,148,6,111,161,1,279,204,0,204,483
11/06/2004,BFL,CA,AWP,WE,Combined TRACON& Tower with Radar,0,28,68,0,96,0,4,54,0,58,0,32,122,0,154,83,0,83,237
11/07/2004,BFL,CA,AWP,WE,Combined TRACON& Tower with Radar,3,24,28,0,55,0,0,67,0,67,3,24,95,0,122,40,0,40,162
11/08/2004,BFL,CA,AWP,WE,Combined TRACON& Tower with Radar,2,55,47,2,106,0,31,9,0,40,2,86,56,2,146,121,0,121,267
11/09/2004,BFL,CA,AWP,WE,Combined TRACON& Tower with Radar,2,46,71,0,119,0,15,53,0,68,2,61,124,0,187,73,0,73,260
11/10/2004,BFL,CA,AWP,WE,Combined TRACON& Tower with Radar,2,45,43,0,90,0,28,70,0,98,2,73,113,0,188,35,0,35,223
11/11/2004,BFL,CA,AWP,WE,Combined TRACON& Tower with Radar,4,56,68,0,128,0,39,47,0,86,4,95,115,0,214,136,0,136,350
11/12/2004,BFL,CA,AWP,WE,Combined TRACON& Tower with Radar,2,56,80,0,138,0,4,35,0,39,2,60,115,0,177,45,0,45,222
11/13/2004,BFL,CA,AWP,WE,Combined TRACON& Tower with Radar,0,33,53,2,88,0,2,33,2,37,0,35,86,4,125,34,2,36,161
11/14/2004,BFL,CA,AWP,WE,Combined TRACON& Tower with Radar,0,28,37,0,65,0,6,74,0,80,0,34,111,0,145,27,0,27,172
11/15/2004,BFL,CA,AWP,WE,Combined TRACON& Tower with Radar,2,42,30,0,74,0,49,84,0,133,2,91,114,0,207,146,0,146,353
11/16/2004,BFL,CA,AWP,WE,Combined TRACON& Tower with Radar,2,70,53,0,125,0,2,1,0,3,2,72,54,0,128,10,0,10,138
11/17/2004,BFL,CA,AWP,WE,Combined TRACON& Tower with Radar,2,67,68,0,137,0,0,6,0,6,2,67,74,0,143,10,0,10,153
11/18/2004,BFL,CA,AWP,WE,Combined TRACON& Tower with Radar,0,75,110,0,185,0,0,0,0,0,0,75,110,0,185,7,0,7,192
11/19/2004,BFL,CA,AWP,WE,Combined TRACON& Tower with Radar,0,69,96,3,168,0,9,0,5,14,0,78,96,8,182,8,0,8,190
11/20/2004,BFL,CA,AWP,WE,Combined TRACON& Tower with Radar,0,32,63,0,95,0,0,28,0,28,0,32,91,0,123,58,0,58,181
11/21/2004,BFL,CA,AWP,WE,Combined TRACON& Tower with Radar,3,23,19,0,45,0,0,53,0,53,3,23,72,0,98,27,0,27,125
11/22/2004,BFL,CA,AWP,WE,Combined TRACON& Tower with Radar,4,40,55,0,99,0,38,57,0,95,4,78,112,0,194,182,0,182,376
11/23/2004,BFL,CA,AWP,WE,Combined TRACON& Tower with Radar,2,45,20,0,67,0,60,96,4,160,2,105,116,4,227,168,0,168,395
11/24/2004,BFL,CA,AWP,WE,Combined TRACON& Tower with Radar,0,46,95,0,141,0,39,125,0,164,0,85,220,0,305,130,0,130,435
11/25/2004,BFL,CA,AWP,WE,Combined TRACON& Tower with Radar,0,19,9,0,28,0,0,39,0,39,0,19,48,0,67,8,0,8,75
11/26/2004,BFL,CA,AWP,WE,Combined TRACON& Tower with Radar,0,42,63,0,105,0,0,48,0,48,0,42,111,0,153,12,0,12,165
11/27/2004,BFL,CA,AWP,WE,Combined TRACON& Tower with Radar,0,35,35,0,70,0,7,26,0,33,0,42,61,0,103,23,0,23,126
11/28/2004,BFL,CA,AWP,WE,Combined TRACON& Tower with Radar,0,29,38,0,67,0,4,136,0,140,0,33,174,0,207,61,0,61,268
11/29/2004,BFL,CA,AWP,WE,Combined TRACON& Tower with Radar,2,45,38,0,85,0,45,56,0,101,2,90,94,0,186,187,0,187,373
11/30/2004,BFL,CA,AWP,WE,Combined TRACON& Tower with Radar,2,47,44,1,94,0,24,60,1,85,2,71,104,2,179,77,0,77,256
12/01/2004,BFL,CA,AWP,WE,Combined TRACON& Tower with Radar,2,45,28,4,79,0,56,89,0,145,2,101,117,4,224,114,6,120,344
12/02/2004,BFL,CA,AWP,WE,Combined TRACON& Tower with Radar,0,55,48,9,112,0,4,103,1,108,0,59,151,10,220,94,0,94,314
12/03/2004,BFL,CA,AWP,WE,Combined TRACON& Tower with Radar,2,67,88,0,157,0,10,47,0,57,2,77,135,0,214,130,0,130,344
12/04/2004,BFL,CA,AWP,WE,Combined TRACON& Tower with Radar,0,32,53,0,85,0,0,44,0,44,0,32,97,0,129,28,0,28,157
12/05/2004,BFL,CA,AWP,WE,Combined TRACON& Tower with Radar,0,27,23,1,51,0,6,53,2,61,0,33,76,3,112,18,4,22,134
12/06/2004,BFL,CA,AWP,WE,Combined TRACON& Tower with Radar,2,41,21,6,70,0,28,53,0,81,2,69,74,6,151,111,8,119,270
12/07/2004,BFL,CA,AWP,WE,Combined TRACON& Tower with Radar,0,44,39,0,83,0,12,25,2,39,0,56,64,2,122,33,0,33,155
12/08/2004,BFL,CA,AWP,WE,Combined TRACON& Tower with Radar,2,48,57,0,107,0,17,37,4,58,2,65,94,4,165,112,0,112,277
12/09/2004,BFL,CA,AWP,WE,Combined TRACON& Tower with Radar,1,70,73,0,144,0,32,49,3,84,1,102,122,3,228,131,0,131,359
12/10/2004,BFL,CA,AWP,WE,Combined TRACON& Tower with Radar,2,61,94,2,159,0,22,45,0,67,2,83,139,2,226,152,0,152,378
12/11/2004,BFL,CA,AWP,WE,Combined TRACON& Tower with Radar,0,15,26,0,41,0,0,0,0,0,0,15,26,0,41,10,0,10,51
12/12/2004,BFL,CA,AWP,WE,Combined TRACON& Tower with Radar,0,25,30,0,55,0,0,43,0,43,0,25,73,0,98,40,0,40,138
12/13/2004,BFL,CA,AWP,WE,Combined TRACON& Tower with Radar,2,62,78,6,148,0,0,0,0,0,2,62,78,6,148,7,0,7,155
12/14/2004,BFL,CA,AWP,WE,Combined TRACON& Tower with Radar,2,69,59,0,130,0,0,1,0,1,2,69,60,0,131,20,0,20,151
12/15/2004,BFL,CA,AWP,WE,Combined TRACON& Tower with Radar,2,63,57,0,122,0,6,31,0,37,2,69,88,0,159,45,0,45,204
12/16/2004,BFL,CA,AWP,WE,Combined TRACON& Tower with Radar,0,51,88,0,139,0,54,34,0,88,0,105,122,0,227,97,0,97,324
12/17/2004,BFL,CA,AWP,WE,Combined TRACON& Tower with Radar,0,38,83,0,121,0,12,38,0,50,0,50,121,0,171,40,0,40,211
12/18/2004,BFL,CA,AWP,WE,Combined TRACON& Tower with Radar,0,18,46,0,64,0,0,0,0,0,0,18,46,0,64,27,0,27,91
12/19/2004,BFL,CA,AWP,WE,Combined TRACON& Tower with Radar,0,13,43,0,56,0,0,0,0,0,0,13,43,0,56,10,0,10,66
12/20/2004,BFL,CA,AWP,WE,Combined TRACON& Tower with Radar,0,43,48,0,91,0,20,0,0,20,0,63,48,0,111,80,0,80,191
12/21/2004,BFL,CA,AWP,WE,Combined TRACON& Tower with Radar,2,106,53,0,161,0,0,0,0,0,2,106,53,0,161,40,0,40,201
12/22/2004,BFL,CA,AWP,WE,Combined TRACON& Tower with Radar,0,61,30,0,91,0,34,68,0,102,0,95,98,0,193,218,0,218,411
12/23/2004,BFL,CA,AWP,WE,Combined TRACON& Tower with Radar,0,64,63,0,127,0,30,23,0,53,0,94,86,0,180,38,0,38,218
12/24/2004,BFL,CA,AWP,WE,Combined TRACON& Tower with Radar,0,35,9,0,44,0,0,11,0,11,0,35,20,0,55,5,0,5,60
12/25/2004,BFL,CA,AWP,WE,Combined TRACON& Tower with Radar,0,27,13,0,40,0,1,10,0,11,0,28,23,0,51,7,0,7,58
12/26/2004,BFL,CA,AWP,WE,Combined TRACON& Tower with Radar,0,28,32,0,60,0,2,48,0,50,0,30,80,0,110,19,0,19,129
12/27/2004,BFL,CA,AWP,WE,Combined TRACON& Tower with Radar,2,42,27,0,71,1,27,18,0,46,3,69,45,0,117,177,0,177,294
12/28/2004,BFL,CA,AWP,WE,Combined TRACON& Tower with Radar,2,43,13,0,58,0,34,95,0,129,2,77,108,0,187,176,2,178,365
12/29/2004,BFL,CA,AWP,WE,Combined TRACON& Tower with Radar,2,49,39,1,91,0,42,37,3,82,2,91,76,4,173,226,0,226,399
12/30/2004,BFL,CA,AWP,WE,Combined TRACON& Tower with Radar,0,48,31,0,79,0,27,41,0,68,0,75,72,0,147,183,0,183,330
12/31/2004,BFL,CA,AWP,WE,Combined TRACON& Tower with Radar,0,21,24,0,45,0,26,20,0,46,0,47,44,0,91,28,0,28,119
01/01/2005,BFL,CA,AWP,WE,Combined TRACON& Tower with Radar,1,27,40,0,68,0,4,47,0,51,1,31,87,0,119,44,0,44,163
01/02/2005,BFL,CA,AWP,WE,Combined TRACON& Tower with Radar,0,25,16,0,41,0,5,32,3,40,0,30,48,3,81,38,0,38,119
01/03/2005,BFL,CA,AWP,WE,Combined TRACON& Tower with Radar,2,39,27,0,68,0,0,7,0,7,2,39,34,0,75,18,0,18,93
01/04/2005,BFL,CA,AWP,WE,Combined TRACON& Tower with Radar,2,57,50,1,110,0,17,10,0,27,2,74,60,1,137,162,3,165,302
01/05/2005,BFL,CA,AWP,WE,Combined TRACON& Tower with Radar,2,39,46,7,94,0,65,68,1,134,2,104,114,8,228,186,0,186,414
01/06/2005,BFL,CA,AWP,WE,Combined TRACON& Tower with Radar,3,56,53,0,112,0,18,45,0,63,3,74,98,0,175,81,0,81,256
01/07/2005,BFL,CA,AWP,WE,Combined TRACON& Tower with Radar,2,39,21,1,63,0,2,20,3,25,2,41,41,4,88,17,0,17,105
01/08/2005,BFL,CA,AWP,WE,Combined TRACON& Tower with Radar,0,23,24,0,47,0,1,28,2,31,0,24,52,2,78,36,0,36,114
01/09/2005,BFL,CA,AWP,WE,Combined TRACON& Tower with Radar,0,24,34,2,60,0,4,0,2,6,0,28,34,4,66,26,0,26,92
01/10/2005,BFL,CA,AWP,WE,Combined TRACON& Tower with Radar,1,40,37,0,78,1,20,7,0,28,2,60,44,0,106,145,0,145,251
01/11/2005,BFL,CA,AWP,WE,Combined TRACON& Tower with Radar,2,63,54,1,120,0,39,26,3,68,2,102,80,4,188,161,0,161,349
01/12/2005,BFL,CA,AWP,WE,Combined TRACON& Tower with Radar,2,95,83,0,180,0,0,36,0,36,2,95,119,0,216,81,0,81,297
01/13/2005,BFL,CA,AWP,WE,Combined TRACON& Tower with Radar,2,96,123,3,224,2,7,20,2,31,4,103,143,5,255,63,0,63,318
01/14/2005,BFL,CA,AWP,WE,Combined TRACON& Tower with Radar,2,112,124,2,240,0,0,0,0,0,2,112,124,2,240,0,0,0,240
01/15/2005,BFL,CA,AWP,WE,Combined TRACON& Tower with Radar,0,34,70,0,104,0,0,0,1,1,0,34,70,1,105,13,0,13,118
01/16/2005,BFL,CA,AWP,WE,Combined TRACON& Tower with Radar,0,28,67,0,95,0,5,0,0,5,0,33,67,0,100,7,0,7,107
01/17/2005,BFL,CA,AWP,WE,Combined TRACON& Tower with Radar,0,85,82,0,167,0,0,0,0,0,0,85,82,0,167,21,0,21,188
01/18/2005,BFL,CA,AWP,WE,Combined TRACON& Tower with Radar,2,103,104,0,209,0,2,0,0,2,2,105,104,0,211,23,0,23,234
01/19/2005,BFL,CA,AWP,WE,Combined TRACON& Tower with Radar,2,88,134,1,225,2,38,0,0,40,4,126,134,1,265,8,0,8,273
01/20/2005,BFL,CA,AWP,WE,Combined TRACON& Tower with Radar,4,124,116,1,245,0,2,18,0,20,4,126,134,1,265,8,0,8,273
01/21/2005,BFL,CA,AWP,WE,Combined TRACON& Tower with Radar,0,124,141,0,265,0,8,26,0,34,0,132,167,0,299,40,0,40,339
01/22/2005,BFL,CA,AWP,WE,Combined TRACON& Tower with Radar,0,28,83,0,111,0,4,0,0,4,0,32,83,0,115,14,0,14,129
01/23/2005,BFL,CA,AWP,WE,Combined TRACON& Tower with Radar,2,18,31,0,51,0,0,39,0,39,2,18,70,0,90,44,0,44,134
01/24/2005,BFL,CA,AWP,WE,Combined TRACON& Tower with Radar,2,18,31,0,51,0,0,39,0,39,2,18,70,0,90,44,0,44,134
01/25/2005,BFL,CA,AWP,WE,Combined TRACON& Tower with Radar,0,66,81,8,155,0,34,15,0,49,0,100,96,8,204,215,0,215,419
01/26/2005,BFL,CA,AWP,WE,Combined TRACON& Tower with Radar,0,60,105,0,165,0,46,29,2,77,0,106,134,2,242,185,8,193,435
01/27/2005,BFL,CA,AWP,WE,Combined TRACON& Tower with Radar,3,73,124,8,208,0,31,52,0,83,3,104,176,8,291,222,4,226,517
01/28/2005,BFL,CA,AWP,WE,Combined TRACON& Tower with Radar,2,70,76,0,148,0,19,12,0,31,2,89,88,0,179,116,0,116,295
01/29/2005,BFL,CA,AWP,WE,Combined TRACON& Tower with Radar,0,30,37,0,67,0,0,16,0,16,0,30,53,0,83,16,0,16,99
01/30/2005,BFL,CA,AWP,WE,Combined TRACON& Tower with Radar,0,25,43,0,68,0,9,78,0,87,0,34,121,0,155,73,0,73,228
01/31/2005,BFL,CA,AWP,WE,Combined TRACON& Tower with Radar,2,51,50,0,103,0,48,81,3,132,2,99,131,3,235,239,0,239,474
02/01/2005,BFL,CA,AWP,WE,Combined TRACON& Tower with Radar,2,78,58,0,138,0,3,41,0,44,2,81,99,0,182,38,0,38,220
02/02/2005,BFL,CA,AWP,WE,Combined TRACON& Tower with Radar,4,50,104,4,162,0,55,81,0,136,4,105,185,4,298,337,0,337,635
02/03/2005,BFL,CA,AWP,WE,Combined TRACON& Tower with Radar,2,56,94,0,152,0,33,122,0,155,2,89,216,0,307,189,0,189,496
02/04/2005,BFL,CA,AWP,WE,Combined TRACON& Tower with Radar,2,60,57,0,119,0,50,105,0,155,2,110,162,0,274,241,0,241,515
02/05/2005,BFL,CA,AWP,WE,Combined TRACON& Tower with Radar,0,44,40,0,84,0,3,103,0,106,0,47,143,0,190,90,0,90,280
02/06/2005,BFL,CA,AWP,WE,Combined TRACON& Tower with Radar,0,28,33,0,61,0,2,14,0,16,0,30,47,0,77,29,0,29,106
02/07/2005,BFL,CA,AWP,WE,Combined TRACON& Tower with Radar,2,54,47,1,104,0,35,42,1,78,2,89,89,2,182,209,0,209,391
02/08/2005,BFL,CA,AWP,WE,Combined TRACON& Tower with Radar,0,66,30,0,96,2,41,127,0,170,2,107,157,0,266,141,0,141,407
02/09/2005,BFL,CA,AWP,WE,Combined TRACON& Tower with Radar,4,74,79,2,159,0,26,105,0,131,4,100,184,2,290,165,0,165,455
02/10/2005,BFL,CA,AWP,WE,Combined TRACON& Tower with Radar,2,71,59,0,132,0,0,0,0,0,2,71,59,0,132,17,0,17,149
02/11/2005,BFL,CA,AWP,WE,Combined TRACON& Tower with Radar,2,71,72,0,145,0,9,68,12,89,2,80,140,12,234,68,0,68,302
02/12/2005,BFL,CA,AWP,WE,Combined TRACON& Tower with Radar,0,26,16,1,43,0,0,36,2,38,0,26,52,3,81,32,0,32,113
02/13/2005,BFL,CA,AWP,WE,Combined TRACON& Tower with Radar,0,22,35,0,57,0,5,81,0,86,0,27,116,0,143,79,0,79,222
02/14/2005,BFL,CA,AWP,WE,Combined TRACON& Tower with Radar,2,53,46,8,109,0,25,45,0,70,2,78,91,8,179,193,0,193,372
02/15/2005,BFL,CA,AWP,WE,Combined TRACON& Tower with Radar,2,61,51,0,114,0,27,77,0,104,2,88,128,0,218,195,0,195,413
02/16/2005,BFL,CA,AWP,WE,Combined TRACON& Tower with Radar,2,72,71,4,149,0,48,49,0,97,2,120,120,4,246,244,2,246,492
02/17/2005,BFL,CA,AWP,WE,Combined TRACON& Tower with Radar,2,71,0,0,73,0,20,0,0,20,2,91,0,0,93,131,0,131,224
02/18/2005,BFL,CA,AWP,WE,Combined TRACON& Tower with Radar,2,64,52,4,122,0,14,4,0,18,2,78,56,4,140,127,0,127,267
02/19/2005,BFL,CA,AWP,WE,Combined TRACON& Tower with Radar,0,28,21,0,49,0,2,30,0,32,0,30,51,0,81,28,0,28,109
02/20/2005,BFL,CA,AWP,WE,Combined TRACON& Tower with Radar,2,24,29,0,55,0,0,41,0,41,2,24,70,0,96,43,0,43,139
02/21/2005,BFL,CA,AWP,WE,Combined TRACON& Tower with Radar,0,32,49,0,81,2,52,67,0,121,2,84,116,0,202,215,0,215,417
02/22/2005,BFL,CA,AWP,WE,Combined TRACON& Tower with Radar,0,68,63,0,131,0,25,60,0,85,0,93,123,0,216,174,0,174,390
02/23/2005,BFL,CA,AWP,WE,Combined TRACON& Tower with Radar,1,76,68,0,145,1,8,48,0,57,2,84,116,0,202,215,0,215,417
02/24/2005,BFL,CA,AWP,WE,Combined TRACON& Tower with Radar,4,63,77,0,144,0,25,78,0,103,4,88,155,0,247,150,0,150,397
02/25/2005,BFL,CA,AWP,WE,Combined TRACON& Tower with Radar,0,69,56,4,129,0,0,7,0,7,0,69,63,4,136,13,0,13,149
02/26/2005,BFL,CA,AWP,WE,Combined TRACON& Tower with Radar,0,33,54,0,87,0,0,54,0,54,0,33,108,0,141,24,0,24,165
02/27/2005,BFL,CA,AWP,WE,Combined TRACON& Tower with Radar,0,23,31,0,54,0,0,59,0,59,0,23,90,0,113,31,0,31,144
02/28/2005,BFL,CA,AWP,WE,Combined TRACON& Tower with Radar,2,56,68,0,126,0,9,24,0,33,2,65,92,0,159,63,0,63,222
03/01/2005,BFL,CA,AWP,WE,Combined TRACON& Tower with Radar,2,50,66,0,118,0,23,68,0,91,2,73,134,0,209,165,0,165,374
03/02/2005,BFL,CA,AWP,WE,Combined TRACON& Tower with Radar,3,69,88,0,160,0,11,77,1,89,3,80,165,1,249,211,0,211,460
03/03/2005,BFL,CA,AWP,WE,Combined TRACON& Tower with Radar,2,90,77,0,169,0,23,74,0,97,2,113,151,0,266,194,0,194,460
03/04/2005,BFL,CA,AWP,WE,Combined TRACON& Tower with Radar,0,67,65,0,132,0,20,58,0,78,0,87,123,0,210,108,0,108,318
03/05/2005,BFL,CA,AWP,WE,Combined TRACON& Tower with Radar,0,26,45,2,73,0,4,42,0,46,0,30,87,2,119,16,0,16,135
03/06/2005,BFL,CA,AWP,WE,Combined TRACON& Tower with Radar,0,25,45,0,70,0,0,111,0,111,0,25,156,0,181,50,0,50,231
03/07/2005,BFL,CA,AWP,WE,Combined TRACON& Tower with Radar,2,56,53,10,121,0,30,103,0,133,2,86,156,10,254,228,0,228,482
03/08/2005,BFL,CA,AWP,WE,Combined TRACON& Tower with Radar,4,66,65,0,135,0,25,69,0,94,4,91,134,0,229,244,0,244,473
03/09/2005,BFL,CA,AWP,WE,Combined TRACON& Tower with Radar,2,67,54,3,126,0,19,110,0,129,2,86,164,3,255,162,0,162,417
03/10/2005,BFL,CA,AWP,WE,Combined TRACON& Tower with Radar,2,57,114,8,181,0,12,43,0,55,2,69,157,8,236,102,6,108,344
03/11/2005,BFL,CA,AWP,WE,Combined TRACON& Tower with Radar,0,63,75,10,148,0,8,67,3,78,0,71,142,13,226,45,0,45,271
03/12/2005,BFL,CA,AWP,WE,Combined TRACON& Tower with Radar,0,26,50,0,76,0,3,62,0,65,0,29,112,0,141,75,0,75,216
03/13/2005,BFL,CA,AWP,WE,Combined TRACON& Tower with Radar,0,27,62,0,89,0,0,9,0,9,0,27,71,0,98,13,0,13,111
03/14/2005,BFL,CA,AWP,WE,Combined TRACON& Tower with Radar,2,55,48,1,106,0,9,71,5,85,2,64,119,6,191,264,0,264,455
03/15/2005,BFL,CA,AWP,WE,Combined TRACON& Tower with Radar,2,54,65,1,122,0,34,108,7,149,2,88,173,8,271,197,0,197,468
03/16/2005,BFL,CA,AWP,WE,Combined TRACON& Tower with Radar,0,51,64,0,115,0,16,119,0,135,0,67,183,0,250,152,0,152,402
03/17/2005,BFL,CA,AWP,WE,Combined TRACON& Tower with Radar,2,51,58,0,111,0,20,100,0,120,2,71,158,0,231,200,0,200,431
03/18/2005,BFL,CA,AWP,WE,Combined TRACON& Tower with Radar,2,46,70,0,118,0,22,52,2,76,2,68,122,2,194,133,0,133,327
03/19/2005,BFL,CA,AWP,WE,Combined TRACON& Tower with Radar,0,27,32,4,63,0,9,14,1,24,0,36,46,5,87,19,0,19,106
03/20/2005,BFL,CA,AWP,WE,Combined TRACON& Tower with Radar,2,27,25,1,55,0,0,38,0,38,2,27,63,1,93,52,0,52,145
03/21/2005,BFL,CA,AWP,WE,Combined TRACON& Tower with Radar,2,40,23,6,71,0,12,46,0,58,2,52,69,6,129,135,4,139,268
03/22/2005,BFL,CA,AWP,WE,Combined TRACON& Tower with Radar,0,46,49,1,96,0,12,17,0,29,0,58,66,1,125,103,0,103,228
03/23/2005,BFL,CA,AWP,WE,Combined TRACON& Tower with Radar,8,51,64,0,123,0,19,3,0,22,8,70,67,0,145,113,0,113,258
03/24/2005,BFL,CA,AWP,WE,Combined TRACON& Tower with Radar,2,41,53,2,98,0,23,45,2,70,2,64,98,4,168,124,0,124,292
03/25/2005,BFL,CA,AWP,WE,Combined TRACON& Tower with Radar,2,44,38,0,84,0,45,83,0,128,2,89,121,0,212,123,0,123,335
03/26/2005,BFL,CA,AWP,WE,Combined TRACON& Tower with Radar,0,25,40,0,65,0,8,93,0,101,0,33,133,0,166,39,2,41,207
03/27/2005,BFL,CA,AWP,WE,Combined TRACON& Tower with Radar,0,21,29,0,50,0,3,74,0,77,0,24,103,0,127,50,0,50,177
03/28/2005,BFL,CA,AWP,WE,Combined TRACON& Tower with Radar,2,35,39,10,86,0,38,1433,0,1471,2,73,1472,10,1557,172,10,182,1739
03/29/2005,BFL,CA,AWP,WE,Combined TRACON& Tower with Radar,2,41,77,7,127,0,32,65,3,100,2,73,142,10,227,172,10,182,409
03/30/2005,BFL,CA,AWP,WE,Combined TRACON& Tower with Radar,2,64,52,2,120,0,21,87,3,111,2,85,139,5,231,161,4,165,396
03/31/2005,BFL,CA,AWP,WE,Combined TRACON& Tower with Radar,4,43,65,3,115,0,57,128,2,187,4,100,193,5,302,209,0,209,511
04/01/2005,BFL,CA,AWP,WE,Combined TRACON& Tower with Radar,2,41,47,0,90,0,28,108,0,136,2,69,155,0,226,124,0,124,350
04/02/2005,BFL,CA,AWP,WE,Combined TRACON& Tower with Radar,0,30,49,0,79,0,6,88,2,96,0,36,137,2,175,46,0,46,221
04/03/2005,BFL,CA,AWP,WE,Combined TRACON& Tower with Radar,0,31,46,0,77,0,2,63,0,65,0,33,109,0,142,35,0,35,177
04/04/2005,BFL,CA,AWP,WE,Combined TRACON& Tower with Radar,0,68,64,3,135,0,25,57,1,83,0,93,121,4,218,100,0,100,318
04/05/2005,BFL,CA,AWP,WE,Combined TRACON& Tower with Radar,6,57,77,2,142,0,37,120,4,161,6,94,197,6,303,229,0,229,532
04/06/2005,BFL,CA,AWP,WE,Combined TRACON& Tower with Radar,2,61,87,4,154,0,31,118,0,149,2,92,205,4,303,169,0,169,472
04/07/2005,BFL,CA,AWP,WE,Combined TRACON& Tower with Radar,2,57,62,4,125,0,24,78,4,106,2,81,140,8,231,126,2,128,359
04/08/2005,BFL,CA,AWP,WE,Combined TRACON& Tower with Radar,3,62,89,2,156,0,28,58,0,86,3,90,147,2,242,159,2,161,403
04/09/2005,BFL,CA,AWP,WE,Combined TRACON& Tower with Radar,1,32,33,0,66,0,0,43,0,43,1,32,76,0,109,23,0,23,132
04/10/2005,BFL,CA,AWP,WE,Combined TRACON& Tower with Radar,0,33,25,0,58,0,0,89,0,89,0,33,114,0,147,34,0,34,181
04/11/2005,BFL,CA,AWP,WE,Combined TRACON& Tower with Radar,1,60,44,0,105,0,25,123,22,170,1,85,167,22,275,85,0,85,360
04/12/2005,BFL,CA,AWP,WE,Combined TRACON& Tower with Radar,2,63,74,1,140,0,14,60,2,76,2,77,134,3,216,101,0,101,317
04/13/2005,BFL,CA,AWP,WE,Combined TRACON& Tower with Radar,2,68,70,0,140,0,13,77,2,92,2,81,147,2,232,102,8,110,342
04/14/2005,BFL,CA,AWP,WE,Combined TRACON& Tower with Radar,0,64,44,0,108,0,19,118,0,137,0,83,162,0,245,78,0,78,323
04/15/2005,BFL,CA,AWP,WE,Combined TRACON& Tower with Radar,6,72,37,3,118,0,10,112,3,125,6,82,149,6,243,90,0,90,333
04/16/2005,BFL,CA,AWP,WE,Combined TRACON& Tower with Radar,0,32,29,0,61,0,2,97,3,102,0,34,126,3,163,39,0,39,202
04/17/2005,BFL,CA,AWP,WE,Combined TRACON& Tower with Radar,0,30,14,0,44,0,2,99,0,101,0,32,113,0,145,45,0,45,190
04/18/2005,BFL,CA,AWP,WE,Combined TRACON& Tower with Radar,2,55,40,0,97,0,30,89,1,120,2,85,129,1,217,146,1,147,364
04/19/2005,BFL,CA,AWP,WE,Combined TRACON& Tower with Radar,2,54,44,1,101,0,42,119,2,163,2,96,163,3,264,109,0,109,373
04/20/2005,BFL,CA,AWP,WE,Combined TRACON& Tower with Radar,2,70,56,0,128,0,11,94,0,105,2,81,150,0,233,108,0,108,341
04/21/2005,BFL,CA,AWP,WE,Combined TRACON& Tower with Radar,0,65,57,0,122,0,36,127,26,189,0,101,184,26,311,89,26,115,426
04/22/2005,BFL,CA,AWP,WE,Combined TRACON& Tower with Radar,0,66,64,0,130,0,51,84,3,138,0,117,148,3,268,150,0,150,418
04/23/2005,BFL,CA,AWP,WE,Combined TRACON& Tower with Radar,2,36,38,0,76,0,0,66,1,67,2,36,104,1,143,72,0,72,215
04/24/2005,BFL,CA,AWP,WE,Combined TRACON& Tower with Radar,0,37,27,0,64,0,10,42,0,52,0,47,69,0,116,40,0,40,156
04/25/2005,BFL,CA,AWP,WE,Combined TRACON& Tower with Radar,0,67,58,0,125,0,20,71,0,91,0,87,129,0,216,173,0,173,389
04/26/2005,BFL,CA,AWP,WE,Combined TRACON& Tower with Radar,0,73,54,2,129,0,36,103,0,139,0,109,157,2,268,172,4,176,444
04/27/2005,BFL,CA,AWP,WE,Combined TRACON& Tower with Radar,2,64,49,0,115,0,28,74,0,102,2,92,123,0,217,170,1,171,388
04/28/2005,BFL,CA,AWP,WE,Combined TRACON& Tower with Radar,0,63,66,0,129,0,21,58,0,79,0,84,124,0,208,237,0,237,445
04/29/2005,BFL,CA,AWP,WE,Combined TRACON& Tower with Radar,0,73,66,0,139,1,40,86,0,127,1,113,152,0,266,325,0,325,591
04/30/2005,BFL,CA,AWP,WE,Combined TRACON& Tower with Radar,2,33,21,0,56,0,6,103,0,109,2,39,124,0,165,41,0,41,206
05/01/2005,BFL,CA,AWP,WE,Combined TRACON& Tower with Radar,2,28,23,0,53,0,3,87,0,90,2,31,110,0,143,40,0,40,183
05/02/2005,BFL,CA,AWP,WE,Combined TRACON& Tower with Radar,2,56,37,0,95,0,29,75,16,120,2,85,112,16,215,216,0,216,431
05/03/2005,BFL,CA,AWP,WE,Combined TRACON& Tower with Radar,2,61,23,1,87,0,32,128,0,160,2,93,151,1,247,266,0,266,513
05/04/2005,BFL,CA,AWP,WE,Combined TRACON& Tower with Radar,2,68,66,1,137,0,19,91,8,118,2,87,157,9,255,140,12,152,407
05/05/2005,BFL,CA,AWP,WE,Combined TRACON& Tower with Radar,2,68,61,0,131,2,0,14,0,16,4,68,75,0,147,37,0,37,184
05/06/2005,BFL,CA,AWP,WE,Combined TRACON& Tower with Radar,0,68,68,0,136,0,15,47,2,64,0,83,115,2,200,75,0,75,275
05/07/2005,BFL,CA,AWP,WE,Combined TRACON& Tower with Radar,0,36,48,0,84,0,0,66,0,66,0,36,114,0,150,28,0,28,178
05/08/2005,BFL,CA,AWP,WE,Combined TRACON& Tower with Radar,0,25,29,0,54,0,5,66,0,71,0,30,95,0,125,53,0,53,178
05/09/2005,BFL,CA,AWP,WE,Combined TRACON& Tower with Radar,2,68,48,1,119,0,35,37,1,73,2,103,85,2,192,208,1,209,401
05/10/2005,BFL,CA,AWP,WE,Combined TRACON& Tower with Radar,2,74,44,9,129,0,28,101,9,138,2,102,145,18,267,171,12,183,450
05/11/2005,BFL,CA,AWP,WE,Combined TRACON& Tower with Radar,2,66,54,4,126,0,40,110,0,150,2,106,164,4,276,255,2,257,533
05/12/2005,BFL,CA,AWP,WE,Combined TRACON& Tower with Radar,2,58,47,10,117,0,23,84,2,109,2,81,131,12,226,148,7,155,381
05/13/2005,BFL,CA,AWP,WE,Combined TRACON& Tower with Radar,0,66,58,1,125,0,41,105,1,147,0,107,163,2,272,258,0,258,530
05/14/2005,BFL,CA,AWP,WE,Combined TRACON& Tower with Radar,0,33,24,1,58,0,6,113,3,122,0,39,137,4,180,45,0,45,225
05/15/2005,BFL,CA,AWP,WE,Combined TRACON& Tower with Radar,0,32,39,0,71,0,5,91,0,96,0,37,130,0,167,36,0,36,203
05/16/2005,BFL,CA,AWP,WE,Combined TRACON& Tower with Radar,2,56,41,2,101,0,19,29,0,48,2,75,70,2,149,128,0,128,277
05/17/2005,BFL,CA,AWP,WE,Combined TRACON& Tower with Radar,2,53,32,2,89,0,34,119,0,153,2,87,151,2,242,234,1,235,477
05/18/2005,BFL,CA,AWP,WE,Combined TRACON& Tower with Radar,2,54,50,4,110,0,42,115,0,157,2,96,165,4,267,242,8,250,517
05/19/2005,BFL,CA,AWP,WE,Combined TRACON& Tower with Radar,4,64,67,3,138,0,24,136,9,169,4,88,203,12,307,256,20,276,583
05/20/2005,BFL,CA,AWP,WE,Combined TRACON& Tower with Radar,2,105,141,0,248,0,25,135,1,161,2,130,276,1,409,226,2,228,637
05/21/2005,BFL,CA,AWP,WE,Combined TRACON& Tower with Radar,0,32,33,0,65,0,7,124,0,131,0,39,157,0,196,73,0,73,269
05/22/2005,BFL,CA,AWP,WE,Combined TRACON& Tower with Radar,2,28,22,0,52,0,0,113,1,114,2,28,135,1,166,27,0,27,193
05/23/2005,BFL,CA,AWP,WE,Combined TRACON& Tower with Radar,2,71,47,0,120,0,13,104,0,117,2,84,151,0,237,177,0,177,414
05/24/2005,BFL,CA,AWP,WE,Combined TRACON& Tower with Radar,2,73,47,2,124,0,29,141,1,171,2,102,188,3,295,206,0,206,501
05/25/2005,BFL,CA,AWP,WE,Combined TRACON& Tower with Radar,0,81,74,2,157,0,18,128,1,147,0,99,202,3,304,210,0,210,514
05/26/2005,BFL,CA,AWP,WE,Combined TRACON& Tower with Radar,3,57,36,0,96,7,26,102,0,135,10,83,138,0,231,181,0,181,412
05/27/2005,BFL,CA,AWP,WE,Combined TRACON& Tower with Radar,2,70,95,0,167,0,17,127,0,144,2,87,222,0,311,301,0,301,612
05/28/2005,BFL,CA,AWP,WE,Combined TRACON& Tower with Radar,0,30,19,0,49,0,3,75,2,80,0,33,94,2,129,28,0,28,157
05/29/2005,BFL,CA,AWP,WE,Combined TRACON& Tower with Radar,0,24,28,0,52,0,13,65,0,78,0,37,93,0,130,40,0,40,170
05/30/2005,BFL,CA,AWP,WE,Combined TRACON& Tower with Radar,0,30,38,0,68,0,0,95,0,95,0,30,133,0,163,16,0,16,179
05/31/2005,BFL,CA,AWP,WE,Combined TRACON& Tower with Radar,2,55,68,0,125,0,18,73,0,91,2,73,141,0,216,178,0,178,394
06/01/2005,BFL,CA,AWP,WE,Combined TRACON& Tower with Radar,2,66,62,0,130,0,20,131,1,152,2,86,193,1,282,227,0,227,509
06/02/2005,BFL,CA,AWP,WE,Combined TRACON& Tower with Radar,1,73,62,0,136,0,25,127,0,152,1,98,189,0,288,177,0,177,465
06/03/2005,BFL,CA,AWP,WE,Combined TRACON& Tower with Radar,1,56,52,1,110,0,37,129,7,173,1,93,181,8,283,173,0,173,456
06/04/2005,BFL,CA,AWP,WE,Combined TRACON& Tower with Radar,0,40,27,0,67,0,2,93,0,95,0,42,120,0,162,0,65,65,227
06/05/2005,BFL,CA,AWP,WE,Combined TRACON& Tower with Radar,0,30,23,0,53,0,5,92,0,97,0,35,115,0,150,28,0,28,178
06/06/2005,BFL,CA,AWP,WE,Combined TRACON& Tower with Radar,2,39,39,0,80,0,1,93,0,94,2,40,132,0,174,64,0,64,238
06/07/2005,BFL,CA,AWP,WE,Combined TRACON& Tower with Radar,0,60,30,0,90,0,21,126,0,147,0,81,156,0,237,218,0,218,455
06/08/2005,BFL,CA,AWP,WE,Combined TRACON& Tower with Radar,2,69,51,0,122,0,24,91,0,115,2,93,142,0,237,174,0,174,411
06/09/2005,BFL,CA,AWP,WE,Combined TRACON& Tower with Radar,2,70,55,3,130,0,2,60,24,86,2,72,115,27,216,107,2,109,325
06/10/2005,BFL,CA,AWP,WE,Combined TRACON& Tower with Radar,3,50,46,0,99,0,24,116,0,140,3,74,162,0,239,203,0,203,442
06/11/2005,BFL,CA,AWP,WE,Combined TRACON& Tower with Radar,0,35,31,0,66,0,7,103,0,110,0,42,134,0,176,25,0,25,201
06/12/2005,BFL,CA,AWP,WE,Combined TRACON& Tower with Radar,2,31,16,0,49,0,2,130,0,132,2,33,146,0,181,56,0,56,237
06/13/2005,BFL,CA,AWP,WE,Combined TRACON& Tower with Radar,0,50,29,1,80,0,20,102,4,126,0,70,131,5,206,147,44,191,397
06/14/2005,BFL,CA,AWP,WE,Combined TRACON& Tower with Radar,2,54,34,0,90,0,16,91,1,108,2,70,125,1,198,80,0,80,278
06/15/2005,BFL,CA,AWP,WE,Combined TRACON& Tower with Radar,0,61,46,0,107,0,11,122,0,133,0,72,168,0,240,18,0,18,258
06/16/2005,BFL,CA,AWP,WE,Combined TRACON& Tower with Radar,0,56,63,0,119,0,10,93,0,103,0,66,156,0,222,66,0,66,288
06/17/2005,BFL,CA,AWP,WE,Combined TRACON& Tower with Radar,2,75,63,4,144,0,14,90,0,104,2,89,153,4,248,111,2,113,361
06/18/2005,BFL,CA,AWP,WE,Combined TRACON& Tower with Radar,0,37,23,0,60,0,1,115,0,116,0,38,138,0,176,8,0,8,184
06/19/2005,BFL,CA,AWP,WE,Combined TRACON& Tower with Radar,0,35,25,0,60,0,5,87,0,92,0,40,112,0,152,16,0,16,168
06/20/2005,BFL,CA,AWP,WE,Combined TRACON& Tower with Radar,1,36,24,0,61,0,29,101,0,130,1,65,125,0,191,109,0,109,300
06/21/2005,BFL,CA,AWP,WE,Combined TRACON& Tower with Radar,2,51,33,9,95,0,16,131,0,147,2,67,164,9,242,50,0,50,292
06/22/2005,BFL,CA,AWP,WE,Combined TRACON& Tower with Radar,0,55,40,2,97,0,7,106,5,118,0,62,146,7,215,42,0,42,257
06/23/2005,BFL,CA,AWP,WE,Combined TRACON& Tower with Radar,2,54,39,0,95,0,14,119,2,135,2,68,158,2,230,56,0,56,286
06/24/2005,BFL,CA,AWP,WE,Combined TRACON& Tower with Radar,0,52,55,0,107,0,24,165,7,196,0,76,220,7,303,116,0,116,419
06/25/2005,BFL,CA,AWP,WE,Combined TRACON& Tower with Radar,0,34,13,0,47,0,4,124,0,128,0,38,137,0,175,24,0,24,199
06/26/2005,BFL,CA,AWP,WE,Combined TRACON& Tower with Radar,0,36,18,0,54,0,0,99,0,99,0,36,117,0,153,6,0,6,159
06/27/2005,BFL,CA,AWP,WE,Combined TRACON& Tower with Radar,2,56,26,0,84,0,13,99,2,114,2,69,125,2,198,68,0,68,266
06/28/2005,BFL,CA,AWP,WE,Combined TRACON& Tower with Radar,2,68,53,7,130,0,11,139,9,159,2,79,192,16,289,118,10,128,417
06/29/2005,BFL,CA,AWP,WE,Combined TRACON& Tower with Radar,2,57,57,2,118,0,23,99,0,122,2,80,156,2,240,86,0,86,326
06/30/2005,BFL,CA,AWP,WE,Combined TRACON& Tower with Radar,4,58,38,0,100,0,19,127,4,150,4,77,165,4,250,34,0,34,284
07/01/2005,BFL,CA,AWP,WE,Combined TRACON& Tower with Radar,0,76,115,0,191,0,27,151,0,178,0,103,266,0,369,92,0,92,461
07/02/2005,BFL,CA,AWP,WE,Combined TRACON& Tower with Radar,0,43,21,0,64,0,12,94,0,106,0,55,115,0,170,56,0,56,226
07/03/2005,BFL,CA,AWP,WE,Combined TRACON& Tower with Radar,0,26,9,0,35,0,6,86,0,92,0,32,95,0,127,0,0,0,127
07/04/2005,BFL,CA,AWP,WE,Combined TRACON& Tower with Radar,0,35,15,0,50,0,7,78,0,85,0,42,93,0,135,16,0,16,151
07/05/2005,BFL,CA,AWP,WE,Combined TRACON& Tower with Radar,0,55,38,1,94,0,34,98,4,136,0,89,136,5,230,74,2,76,306
07/06/2005,BFL,CA,AWP,WE,Combined TRACON& Tower with Radar,2,64,55,0,121,0,23,88,0,111,2,87,143,0,232,50,0,50,282
07/07/2005,BFL,CA,AWP,WE,Combined TRACON& Tower with Radar,0,65,50,4,119,0,23,101,2,126,0,88,151,6,245,78,0,78,323
07/08/2005,BFL,CA,AWP,WE,Combined TRACON& Tower with Radar,0,54,48,2,104,0,26,108,3,137,0,80,156,5,241,98,2,100,341
07/09/2005,BFL,CA,AWP,WE,Combined TRACON& Tower with Radar,0,40,21,2,63,0,11,125,0,136,0,51,146,2,199,8,0,8,207
07/10/2005,BFL,CA,AWP,WE,Combined TRACON& Tower with Radar,0,30,15,0,45,0,4,82,0,86,0,34,97,0,131,2,0,2,133
07/11/2005,BFL,CA,AWP,WE,Combined TRACON& Tower with Radar,2,43,21,0,66,0,21,67,0,88,2,64,88,0,154,58,0,58,212
07/12/2005,BFL,CA,AWP,WE,Combined TRACON& Tower with Radar,2,48,15,1,66,0,29,121,0,150,2,77,136,1,216,52,2,54,270
07/13/2005,BFL,CA,AWP,WE,Combined TRACON& Tower with Radar,2,56,36,4,98,0,25,106,7,138,2,81,142,11,236,15,0,15,251
07/14/2005,BFL,CA,AWP,WE,Combined TRACON& Tower with Radar,0,56,33,2,91,0,12,122,0,134,0,68,155,2,225,22,6,28,253
07/15/2005,BFL,CA,AWP,WE,Combined TRACON& Tower with Radar,2,49,37,0,88,0,14,125,0,139,2,63,162,0,227,6,0,6,233
07/16/2005,BFL,CA,AWP,WE,Combined TRACON& Tower with Radar,0,41,12,0,53,0,6,79,6,91,0,47,91,6,144,2,0,2,146
07/17/2005,BFL,CA,AWP,WE,Combined TRACON& Tower with Radar,2,36,13,0,51,0,2,83,0,85,2,38,96,0,136,20,0,20,156
07/18/2005,BFL,CA,AWP,WE,Combined TRACON& Tower with Radar,2,40,24,0,66,0,10,68,0,78,2,50,92,0,144,32,0,32,176
07/19/2005,BFL,CA,AWP,WE,Combined TRACON& Tower with Radar,0,46,29,2,77,0,16,113,0,129,0,62,142,2,206,16,0,16,222
07/20/2005,BFL,CA,AWP,WE,Combined TRACON& Tower with Radar,2,46,29,0,77,0,8,109,0,117,2,54,138,0,194,44,0,44,238
07/21/2005,BFL,CA,AWP,WE,Combined TRACON& Tower with Radar,0,46,40,0,86,0,15,86,0,101,0,61,126,0,187,44,0,44,231
07/22/2005,BFL,CA,AWP,WE,Combined TRACON& Tower with Radar,0,52,24,0,76,0,11,89,2,102,0,63,113,2,178,88,0,88,266
07/23/2005,BFL,CA,AWP,WE,Combined TRACON& Tower with Radar,0,38,37,0,75,0,0,60,0,60,0,38,97,0,135,22,0,22,157
07/24/2005,BFL,CA,AWP,WE,Combined TRACON& Tower with Radar,0,38,32,0,70,0,11,66,0,77,0,49,98,0,147,20,0,20,167
07/25/2005,BFL,CA,AWP,WE,Combined TRACON& Tower with Radar,2,42,21,1,66,0,24,80,0,104,2,66,101,1,170,98,0,98,268
07/26/2005,BFL,CA,AWP,WE,Combined TRACON& Tower with Radar,2,50,27,0,79,0,29,99,1,129,2,79,126,1,208,114,0,114,322
07/27/2005,BFL,CA,AWP,WE,Combined TRACON& Tower with Radar,2,60,21,2,85,0,23,81,10,114,2,83,102,12,199,52,10,62,261
07/28/2005,BFL,CA,AWP,WE,Combined TRACON& Tower with Radar,2,56,32,0,90,0,16,115,0,131,2,72,147,0,221,74,0,74,295
07/29/2005,BFL,CA,AWP,WE,Combined TRACON& Tower with Radar,0,46,16,0,62,0,42,104,0,146,0,88,120,0,208,98,0,98,306
07/30/2005,BFL,CA,AWP,WE,Combined TRACON& Tower with Radar,2,39,24,0,65,1,10,87,0,98,3,49,111,0,163,30,0,30,193
07/31/2005,BFL,CA,AWP,WE,Combined TRACON& Tower with Radar,0,35,14,0,49,0,3,96,0,99,0,38,110,0,148,14,0,14,162
08/01/2005,BFL,CA,AWP,WE,Combined TRACON& Tower with Radar,1,42,16,0,59,0,27,63,0,90,1,69,79,0,149,90,0,90,239
08/02/2005,BFL,CA,AWP,WE,Combined TRACON& Tower with Radar,2,50,33,2,87,0,41,138,4,183,2,91,171,6,270,90,0,90,360
08/03/2005,BFL,CA,AWP,WE,Combined TRACON& Tower with Radar,2,62,41,0,105,0,22,84,3,109,2,84,125,3,214,58,0,58,272
08/04/2005,BFL,CA,AWP,WE,Combined TRACON& Tower with Radar,2,69,49,0,120,0,16,117,0,133,2,85,166,0,253,92,0,92,345
08/05/2005,BFL,CA,AWP,WE,Combined TRACON& Tower with Radar,2,62,65,0,129,0,21,56,0,77,2,83,121,0,206,46,0,46,252
08/06/2005,BFL,CA,AWP,WE,Combined TRACON& Tower with Radar,0,44,29,0,73,0,3,109,0,112,0,47,138,0,185,20,0,20,205
08/07/2005,BFL,CA,AWP,WE,Combined TRACON& Tower with Radar,1,31,16,2,50,1,5,56,0,62,2,36,72,2,112,8,0,8,120
08/08/2005,BFL,CA,AWP,WE,Combined TRACON& Tower with Radar,2,70,33,4,109,0,10,72,0,82,2,80,105,4,191,32,10,42,233
08/09/2005,BFL,CA,AWP,WE,Combined TRACON& Tower with Radar,2,55,19,17,93,0,12,108,2,122,2,67,127,19,215,44,26,70,285
08/10/2005,BFL,CA,AWP,WE,Combined TRACON& Tower with Radar,2,67,36,2,107,0,5,129,0,134,2,72,165,2,241,48,2,50,291
08/11/2005,BFL,CA,AWP,WE,Combined TRACON& Tower with Radar,0,60,54,2,116,0,24,87,0,111,0,84,141,2,227,106,0,106,333
08/12/2005,BFL,CA,AWP,WE,Combined TRACON& Tower with Radar,0,63,59,0,122,0,6,94,2,102,0,69,153,2,224,78,0,78,302
08/13/2005,BFL,CA,AWP,WE,Combined TRACON& Tower with Radar,0,39,22,0,61,0,4,93,0,97,0,43,115,0,158,14,0,14,172
08/14/2005,BFL,CA,AWP,WE,Combined TRACON& Tower with Radar,0,39,27,0,66,0,4,108,0,112,0,43,135,0,178,8,0,8,186
08/15/2005,BFL,CA,AWP,WE,Combined TRACON& Tower with Radar,0,64,41,6,111,0,0,55,0,55,0,64,96,6,166,36,0,36,202
08/16/2005,BFL,CA,AWP,WE,Combined TRACON& Tower with Radar,2,73,32,2,109,0,7,102,0,109,2,80,134,2,218,34,26,60,278
08/17/2005,BFL,CA,AWP,WE,Combined TRACON& Tower with Radar,3,75,57,1,136,1,2,87,0,90,4,77,144,1,226,50,0,50,276
08/18/2005,BFL,CA,AWP,WE,Combined TRACON& Tower with Radar,0,78,54,0,132,0,10,82,2,94,0,88,136,2,226,60,0,60,286
08/19/2005,BFL,CA,AWP,WE,Combined TRACON& Tower with Radar,2,82,61,0,145,1,18,102,0,121,3,100,163,0,266,94,0,94,360
08/20/2005,BFL,CA,AWP,WE,Combined TRACON& Tower with Radar,0,44,19,0,63,0,7,74,0,81,0,51,93,0,144,14,0,14,158
08/21/2005,BFL,CA,AWP,WE,Combined TRACON& Tower with Radar,0,38,22,0,60,0,2,82,0,84,0,40,104,0,144,5,0,5,149
08/22/2005,BFL,CA,AWP,WE,Combined TRACON& Tower with Radar,0,61,33,1,95,0,12,85,5,102,0,73,118,6,197,114,0,114,311
08/23/2005,BFL,CA,AWP,WE,Combined TRACON& Tower with Radar,0,47,26,2,75,0,10,43,0,53,0,57,69,2,128,26,0,26,154
08/24/2005,BFL,CA,AWP,WE,Combined TRACON& Tower with Radar,2,68,32,0,102,0,19,111,0,130,2,87,143,0,232,87,0,87,319
08/25/2005,BFL,CA,AWP,WE,Combined TRACON& Tower with Radar,3,72,58,0,133,1,33,76,9,119,4,105,134,9,252,76,0,76,328
08/26/2005,BFL,CA,AWP,WE,Combined TRACON& Tower with Radar,0,50,50,0,100,0,34,98,0,132,0,84,148,0,232,34,0,34,266
08/27/2005,BFL,CA,AWP,WE,Combined TRACON& Tower with Radar,0,39,31,0,70,0,15,84,1,100,0,54,115,1,170,16,0,16,186
08/28/2005,BFL,CA,AWP,WE,Combined TRACON& Tower with Radar,0,37,18,0,55,0,8,104,1,113,0,45,122,1,168,42,0,42,210
08/29/2005,BFL,CA,AWP,WE,Combined TRACON& Tower with Radar,2,64,34,0,100,0,47,72,0,119,2,111,106,0,219,36,4,40,259
08/30/2005,BFL,CA,AWP,WE,Combined TRACON& Tower with Radar,2,67,32,0,101,0,14,100,0,114,2,81,132,0,215,37,0,37,252
08/31/2005,BFL,CA,AWP,WE,Combined TRACON& Tower with Radar,4,74,59,2,139,0,7,79,0,86,4,81,138,2,225,70,0,70,295
09/01/2005,BFL,CA,AWP,WE,Combined TRACON& Tower with Radar,0,60,68,1,129,0,34,74,3,111,0,94,142,4,240,114,0,114,354
09/02/2005,BFL,CA,AWP,WE,Combined TRACON& Tower with Radar,2,73,59,4,138,0,25,126,0,151,2,98,185,4,289,64,0,64,353
09/03/2005,BFL,CA,AWP,WE,Combined TRACON& Tower with Radar,0,34,19,0,53,0,5,97,0,102,0,39,116,0,155,8,0,8,163
09/04/2005,BFL,CA,AWP,WE,Combined TRACON& Tower with Radar,0,22,19,0,41,0,2,81,0,83,0,24,100,0,124,0,0,0,124
09/05/2005,BFL,CA,AWP,WE,Combined TRACON& Tower with Radar,2,35,18,0,55,0,2,98,0,100,2,37,116,0,155,27,0,27,182
09/06/2005,BFL,CA,AWP,WE,Combined TRACON& Tower with Radar,2,59,27,2,90,0,24,92,0,116,2,83,119,2,206,69,2,71,277
09/07/2005,BFL,CA,AWP,WE,Combined TRACON& Tower with Radar,0,61,44,1,106,0,45,101,0,146,0,106,145,1,252,90,0,90,342
09/08/2005,BFL,CA,AWP,WE,Combined TRACON& Tower with Radar,0,66,60,1,127,0,39,123,0,162,0,105,183,1,289,133,0,133,422
09/09/2005,BFL,CA,AWP,WE,Combined TRACON& Tower with Radar,0,67,45,0,112,0,41,108,0,149,0,108,153,0,261,150,0,150,411
09/10/2005,BFL,CA,AWP,WE,Combined TRACON& Tower with Radar,0,33,28,0,61,0,0,64,2,66,0,33,92,2,127,8,0,8,135
09/11/2005,BFL,CA,AWP,WE,Combined TRACON& Tower with Radar,0,33,22,2,57,0,0,76,1,77,0,33,98,3,134,12,1,13,147
09/12/2005,BFL,CA,AWP,WE,Combined TRACON& Tower with Radar,2,54,37,1,94,0,40,69,4,113,2,94,106,5,207,120,0,120,327
09/13/2005,BFL,CA,AWP,WE,Combined TRACON& Tower with Radar,2,60,50,6,118,0,35,104,6,145,2,95,154,12,263,156,0,156,419
09/14/2005,BFL,CA,AWP,WE,Combined TRACON& Tower with Radar,0,54,70,0,124,0,28,97,0,125,0,82,167,0,249,124,0,124,373
09/15/2005,BFL,CA,AWP,WE,Combined TRACON& Tower with Radar,0,69,48,7,124,0,11,107,15,133,0,80,155,22,257,118,2,120,377
09/16/2005,BFL,CA,AWP,WE,Combined TRACON& Tower with Radar,0,76,47,0,123,0,22,123,0,145,0,98,170,0,268,108,0,108,376
09/17/2005,BFL,CA,AWP,WE,Combined TRACON& Tower with Radar,0,31,12,0,43,0,10,98,7,115,0,41,110,7,158,2,0,2,160
09/18/2005,BFL,CA,AWP,WE,Combined TRACON& Tower with Radar,0,33,9,0,42,0,0,113,3,116,0,33,122,3,158,0,0,0,158
09/19/2005,BFL,CA,AWP,WE,Combined TRACON& Tower with Radar,0,59,58,0,117,0,16,78,0,94,0,75,136,0,211,120,0,120,331
09/20/2005,BFL,CA,AWP,WE,Combined TRACON& Tower with Radar,2,74,44,0,120,0,13,55,0,68,2,87,99,0,188,88,0,88,276
09/21/2005,BFL,CA,AWP,WE,Combined TRACON& Tower with Radar,2,56,50,0,108,0,19,68,3,90,2,75,118,3,198,68,0,68,266
09/22/2005,BFL,CA,AWP,WE,Combined TRACON& Tower with Radar,2,54,41,0,97,0,18,88,0,106,2,72,129,0,203,100,0,100,303
09/23/2005,BFL,CA,AWP,WE,Combined TRACON& Tower with Radar,0,52,28,3,83,0,24,70,0,94,0,76,98,3,177,82,4,86,263
09/24/2005,BFL,CA,AWP,WE,Combined TRACON& Tower with Radar,0,27,16,0,43,0,3,92,0,95,0,30,108,0,138,12,0,12,150
09/25/2005,BFL,CA,AWP,WE,Combined TRACON& Tower with Radar,0,33,48,0,81,0,11,92,0,103,0,44,140,0,184,42,0,42,226
09/26/2005,BFL,CA,AWP,WE,Combined TRACON& Tower with Radar,2,61,49,2,114,0,28,45,0,73,2,89,94,2,187,78,0,78,265
09/27/2005,BFL,CA,AWP,WE,Combined TRACON& Tower with Radar,2,71,36,4,113,0,31,125,0,156,2,102,161,4,269,216,4,220,489
09/28/2005,BFL,CA,AWP,WE,Combined TRACON& Tower with Radar,2,66,36,0,104,0,9,98,0,107,2,75,134,0,211,70,0,70,281
09/29/2005,BFL,CA,AWP,WE,Combined TRACON& Tower with Radar,3,65,49,7,124,0,40,80,9,129,3,105,129,16,253,98,12,110,363
09/30/2005,BFL,CA,AWP,WE,Combined TRACON& Tower with Radar,2,69,45,7,123,0,36,65,0,101,2,105,110,7,224,100,0,100,324
10/01/2005,BFL,CA,AWP,WE,Combined TRACON& Tower with Radar,0,30,22,0,52,0,7,95,0,102,0,37,117,0,154,2,0,2,156
10/02/2005,BFL,CA,AWP,WE,Combined TRACON& Tower with Radar,2,32,20,0,54,0,0,93,2,95,2,32,113,2,149,48,0,48,197
10/03/2005,BFL,CA,AWP,WE,Combined TRACON& Tower with Radar,2,49,12,0,63,0,36,67,0,103,2,85,79,0,166,58,0,58,224
10/04/2005,BFL,CA,AWP,WE,Combined TRACON& Tower with Radar,2,74,41,0,117,0,22,116,0,138,2,96,157,0,255,102,0,102,357
10/05/2005,BFL,CA,AWP,WE,Combined TRACON& Tower with Radar,0,64,52,0,116,0,36,98,2,136,0,100,150,2,252,80,0,80,332
10/06/2005,BFL,CA,AWP,WE,Combined TRACON& Tower with Radar,2,69,46,0,117,0,55,79,0,134,2,124,125,0,251,34,0,34,285
10/07/2005,BFL,CA,AWP,WE,Combined TRACON& Tower with Radar,2,64,46,0,112,0,46,116,0,162,2,110,162,0,274,50,0,50,324
10/08/2005,BFL,CA,AWP,WE,Combined TRACON& Tower with Radar,0,40,35,0,75,0,9,101,0,110,0,49,136,0,185,10,0,10,195
10/09/2005,BFL,CA,AWP,WE,Combined TRACON& Tower with Radar,0,33,28,0,61,0,6,112,0,118,0,39,140,0,179,0,0,0,179
10/10/2005,BFL,CA,AWP,WE,Combined TRACON& Tower with Radar,0,58,0,0,58,102,55,0,0,157,102,113,0,0,215,56,0,56,271
10/11/2005,BFL,CA,AWP,WE,Combined TRACON& Tower with Radar,2,58,30,0,90,0,36,133,0,169,2,94,163,0,259,8,0,8,267
10/12/2005,BFL,CA,AWP,WE,Combined TRACON& Tower with Radar,2,65,35,0,102,0,40,111,0,151,2,105,146,0,253,36,0,36,289
10/13/2005,BFL,CA,AWP,WE,Combined TRACON& Tower with Radar,2,56,37,2,97,0,19,119,0,138,2,75,156,2,235,36,8,44,279
10/14/2005,BFL,CA,AWP,WE,Combined TRACON& Tower with Radar,2,48,25,0,75,0,54,103,0,157,2,102,128,0,232,56,0,56,288
10/15/2005,BFL,CA,AWP,WE,Combined TRACON& Tower with Radar,0,37,19,0,56,0,6,58,2,66,0,43,77,2,122,30,0,30,152
10/16/2005,BFL,CA,AWP,WE,Combined TRACON& Tower with Radar,0,33,29,0,62,0,3,83,0,86,0,36,112,0,148,8,0,8,156
10/17/2005,BFL,CA,AWP,WE,Combined TRACON& Tower with Radar,1,48,33,0,82,0,52,61,0,113,1,100,94,0,195,8,0,8,203
10/18/2005,BFL,CA,AWP,WE,Combined TRACON& Tower with Radar,3,48,46,3,100,0,43,52,1,96,3,91,98,4,196,22,0,22,218
10/19/2005,BFL,CA,AWP,WE,Combined TRACON& Tower with Radar,0,40,62,7,109,0,21,65,0,86,0,61,127,7,195,34,8,42,237
10/20/2005,BFL,CA,AWP,WE,Combined TRACON& Tower with Radar,0,52,47,5,104,0,30,85,4,119,0,82,132,9,223,26,12,38,261
10/21/2005,BFL,CA,AWP,WE,Combined TRACON& Tower with Radar,0,45,51,2,98,0,16,76,0,92,0,61,127,2,190,16,0,16,206
10/22/2005,BFL,CA,AWP,WE,Combined TRACON& Tower with Radar,2,34,56,1,93,0,2,59,3,64,2,36,115,4,157,16,0,16,173
10/23/2005,BFL,CA,AWP,WE,Combined TRACON& Tower with Radar,0,31,51,1,83,0,6,65,1,72,0,37,116,2,155,16,0,16,171
10/24/2005,BFL,CA,AWP,WE,Combined TRACON& Tower with Radar,0,52,29,2,83,0,12,78,4,94,0,64,107,6,177,8,2,10,187
10/25/2005,BFL,CA,AWP,WE,Combined TRACON& Tower with Radar,2,51,58,0,111,0,32,104,1,137,2,83,162,1,248,64,0,64,312
10/26/2005,BFL,CA,AWP,WE,Combined TRACON& Tower with Radar,0,50,41,2,93,0,18,68,0,86,0,68,109,2,179,6,0,6,185
10/27/2005,BFL,CA,AWP,WE,Combined TRACON& Tower with Radar,2,51,82,2,137,0,22,58,0,80,2,73,140,2,217,12,0,12,229
10/28/2005,BFL,CA,AWP,WE,Combined TRACON& Tower with Radar,2,46,23,0,71,0,40,94,0,134,2,86,117,0,205,8,0,8,213
10/29/2005,BFL,CA,AWP,WE,Combined TRACON& Tower with Radar,5,30,27,0,62,0,9,83,0,92,5,39,110,0,154,32,0,32,186
10/30/2005,BFL,CA,AWP,WE,Combined TRACON& Tower with Radar,2,36,32,0,70,0,2,82,0,84,2,38,114,0,154,0,0,0,154
10/31/2005,BFL,CA,AWP,WE,Combined TRACON& Tower with Radar,2,42,18,5,67,0,31,105,0,136,2,73,123,5,203,20,2,22,225
11/01/2005,BFL,CA,AWP,WE,Combined TRACON& Tower with Radar,2,59,25,0,86,0,41,120,2,163,2,100,145,2,249,6,0,6,255
11/02/2005,BFL,CA,AWP,WE,Combined TRACON& Tower with Radar,2,44,42,2,90,0,28,104,11,143,2,72,146,13,233,14,10,24,257
11/03/2005,BFL,CA,AWP,WE,Combined TRACON& Tower with Radar,4,52,51,1,108,0,28,89,5,122,4,80,140,6,230,8,0,8,238
11/04/2005,BFL,CA,AWP,WE,Combined TRACON& Tower with Radar,0,53,32,0,85,0,31,117,0,148,0,84,149,0,233,50,0,50,283
11/05/2005,BFL,CA,AWP,WE,Combined TRACON& Tower with Radar,0,31,20,2,53,0,5,54,0,59,0,36,74,2,112,0,0,0,112
11/06/2005,BFL,CA,AWP,WE,Combined TRACON& Tower with Radar,0,35,15,0,50,0,4,82,0,86,0,39,97,0,136,0,0,0,136
11/07/2005,BFL,CA,AWP,WE,Combined TRACON& Tower with Radar,0,40,41,0,81,0,32,80,1,113,0,72,121,1,194,34,0,34,228
11/08/2005,BFL,CA,AWP,WE,Combined TRACON& Tower with Radar,4,41,44,0,89,0,40,67,0,107,4,81,111,0,196,10,0,10,206
11/09/2005,BFL,CA,AWP,WE,Combined TRACON& Tower with Radar,0,48,78,0,126,0,19,56,2,77,0,67,134,2,203,4,0,4,207
11/10/2005,BFL,CA,AWP,WE,Combined TRACON& Tower with Radar,2,49,75,0,126,1,39,69,0,109,3,88,144,0,235,10,0,10,245
11/11/2005,BFL,CA,AWP,WE,Combined TRACON& Tower with Radar,2,51,60,0,113,0,22,93,1,116,2,73,153,1,229,28,0,28,257
11/12/2005,BFL,CA,AWP,WE,Combined TRACON& Tower with Radar,0,31,38,0,69,0,3,62,0,65,0,34,100,0,134,16,0,16,150
11/13/2005,BFL,CA,AWP,WE,Combined TRACON& Tower with Radar,0,35,34,0,69,0,3,103,0,106,0,38,137,0,175,20,0,20,195
11/14/2005,BFL,CA,AWP,WE,Combined TRACON& Tower with Radar,2,36,33,0,71,0,6,79,0,85,2,42,112,0,156,6,0,6,162
11/15/2005,BFL,CA,AWP,WE,Combined TRACON& Tower with Radar,2,59,50,4,115,0,27,81,2,110,2,86,131,6,225,8,2,10,235
11/16/2005,BFL,CA,AWP,WE,Combined TRACON& Tower with Radar,6,43,40,1,90,0,41,171,1,213,6,84,211,2,303,8,0,8,311
11/17/2005,BFL,CA,AWP,WE,Combined TRACON& Tower with Radar,0,41,48,2,91,0,37,111,0,148,0,78,159,2,239,18,0,18,257
11/18/2005,BFL,CA,AWP,WE,Combined TRACON& Tower with Radar,2,37,55,0,94,0,45,123,1,169,2,82,178,1,263,20,0,20,283
11/19/2005,BFL,CA,AWP,WE,Combined TRACON& Tower with Radar,0,30,14,0,44,0,3,80,0,83,0,33,94,0,127,22,0,22,149
11/20/2005,BFL,CA,AWP,WE,Combined TRACON& Tower with Radar,0,35,16,0,51,0,2,101,0,103,0,37,117,0,154,2,0,2,156
11/21/2005,BFL,CA,AWP,WE,Combined TRACON& Tower with Radar,0,43,56,0,99,0,29,44,4,77,0,72,100,4,176,12,0,12,188
11/22/2005,BFL,CA,AWP,WE,Combined TRACON& Tower with Radar,2,51,45,2,100,0,28,97,6,131,2,79,142,8,231,0,6,6,237
11/23/2005,BFL,CA,AWP,WE,Combined TRACON& Tower with Radar,0,86,75,0,161,0,3,52,0,55,0,89,127,0,216,0,0,0,216
11/24/2005,BFL,CA,AWP,WE,Combined TRACON& Tower with Radar,0,26,14,0,40,0,14,30,0,44,0,40,44,0,84,0,0,0,84
11/25/2005,BFL,CA,AWP,WE,Combined TRACON& Tower with Radar,0,37,38,0,75,0,3,32,0,35,0,40,70,0,110,10,0,10,120
11/26/2005,BFL,CA,AWP,WE,Combined TRACON& Tower with Radar,0,34,31,0,65,0,1,55,0,56,0,35,86,0,121,8,0,8,129
11/27/2005,BFL,CA,AWP,WE,Combined TRACON& Tower with Radar,0,38,28,0,66,0,0,91,0,91,0,38,119,0,157,6,0,6,163
11/28/2005,BFL,CA,AWP,WE,Combined TRACON& Tower with Radar,2,41,34,2,79,0,43,109,0,152,2,84,143,2,231,26,0,26,257
11/29/2005,BFL,CA,AWP,WE,Combined TRACON& Tower with Radar,2,57,60,1,120,0,24,51,2,77,2,81,111,3,197,26,0,26,223
11/30/2005,BFL,CA,AWP,WE,Combined TRACON& Tower with Radar,2,62,57,2,123,0,20,69,0,89,2,82,126,2,212,20,0,20,232
12/01/2005,BFL,CA,AWP,WE,Combined TRACON& Tower with Radar,2,48,34,0,84,0,69,118,0,187,2,117,152,0,271,16,0,16,287
12/02/2005,BFL,CA,AWP,WE,Combined TRACON& Tower with Radar,2,62,57,2,123,0,20,69,0,89,2,82,126,2,212,20,0,20,232
12/03/2005,BFL,CA,AWP,WE,Combined TRACON& Tower with Radar,0,43,48,0,91,0,1,5,0,6,0,44,53,0,97,10,0,10,107
12/04/2005,BFL,CA,AWP,WE,Combined TRACON& Tower with Radar,0,28,23,1,52,0,6,50,1,57,0,34,73,2,109,0,0,0,109
12/05/2005,BFL,CA,AWP,WE,Combined TRACON& Tower with Radar,0,32,15,0,47,1,0,68,2,71,1,32,83,2,118,0,0,0,118
12/06/2005,BFL,CA,AWP,WE,Combined TRACON& Tower with Radar,0,36,26,0,62,0,55,80,0,135,0,91,106,0,197,14,0,14,211
12/07/2005,BFL,CA,AWP,WE,Combined TRACON& Tower with Radar,0,49,47,1,97,0,44,92,0,136,0,93,139,1,233,20,0,20,253
12/08/2005,BFL,CA,AWP,WE,Combined TRACON& Tower with Radar,0,53,56,0,109,0,29,86,0,115,0,82,142,0,224,14,0,14,238
12/09/2005,BFL,CA,AWP,WE,Combined TRACON& Tower with Radar,0,65,62,2,129,0,26,45,0,71,0,91,107,2,200,4,0,4,204
12/10/2005,BFL,CA,AWP,WE,Combined TRACON& Tower with Radar,1,33,25,0,59,4,45,54,0,103,5,78,79,0,162,8,0,8,170
12/11/2005,BFL,CA,AWP,WE,Combined TRACON& Tower with Radar,0,29,59,0,88,0,0,0,0,0,0,29,59,0,88,4,0,4,92
12/12/2005,BFL,CA,AWP,WE,Combined TRACON& Tower with Radar,2,77,78,0,157,0,6,11,2,19,2,83,89,2,176,6,2,8,184
12/13/2005,BFL,CA,AWP,WE,Combined TRACON& Tower with Radar,2,84,58,6,150,0,0,8,0,8,2,84,66,6,158,0,4,4,162
12/14/2005,BFL,CA,AWP,WE,Combined TRACON& Tower with Radar,2,84,58,6,150,0,0,8,0,8,2,84,66,6,158,0,4,4,162
12/15/2005,BFL,CA,AWP,WE,Combined TRACON& Tower with Radar,2,97,75,4,178,0,7,32,1,40,2,104,107,5,218,0,0,0,218
12/16/2005,BFL,CA,AWP,WE,Combined TRACON& Tower with Radar,1,80,68,0,149,0,7,2,0,9,1,87,70,0,158,0,0,0,158
12/17/2005,BFL,CA,AWP,WE,Combined TRACON& Tower with Radar,0,49,34,0,83,0,1,13,0,14,0,50,47,0,97,4,0,4,101
12/18/2005,BFL,CA,AWP,WE,Combined TRACON& Tower with Radar,0,30,20,0,50,1,3,42,0,46,1,33,62,0,96,10,0,10,106
12/19/2005,BFL,CA,AWP,WE,Combined TRACON& Tower with Radar,2,42,40,3,87,0,44,81,0,125,2,86,121,3,212,15,0,15,227
12/20/2005,BFL,CA,AWP,WE,Combined TRACON& Tower with Radar,2,48,41,1,92,0,63,101,1,165,2,111,142,2,257,38,0,38,295
12/21/2005,BFL,CA,AWP,WE,Combined TRACON& Tower with Radar,2,48,41,1,92,0,63,101,1,165,2,111,142,2,257,38,0,38,295
12/22/2005,BFL,CA,AWP,WE,Combined TRACON& Tower with Radar,2,61,44,2,109,0,48,100,0,148,2,109,144,2,257,30,8,38,295
12/23/2005,BFL,CA,AWP,WE,Combined TRACON& Tower with Radar,2,57,43,0,102,0,38,53,0,91,2,95,96,0,193,12,0,12,205
12/24/2005,BFL,CA,AWP,WE,Combined TRACON& Tower with Radar,0,49,37,2,88,0,7,54,0,61,0,56,91,2,149,4,0,4,153
12/25/2005,BFL,CA,AWP,WE,Combined TRACON& Tower with Radar,2,28,10,0,40,0,0,30,0,30,2,28,40,0,70,2,0,2,72
12/26/2005,BFL,CA,AWP,WE,Combined TRACON& Tower with Radar,0,34,20,0,54,0,4,36,0,40,0,38,56,0,94,6,0,6,100
12/27/2005,BFL,CA,AWP,WE,Combined TRACON& Tower with Radar,2,50,23,0,75,0,29,57,2,88,2,79,80,2,163,9,0,9,172
12/28/2005,BFL,CA,AWP,WE,Combined TRACON& Tower with Radar,2,56,63,0,121,0,27,71,0,98,2,83,134,0,219,10,0,10,229
12/29/2005,BFL,CA,AWP,WE,Combined TRACON& Tower with Radar,2,56,63,0,121,0,27,71,0,98,2,83,134,0,219,10,0,10,229
12/30/2005,BFL,CA,AWP,WE,Combined TRACON& Tower with Radar,0,54,46,0,100,0,40,51,3,94,0,94,97,3,194,34,0,34,228
12/31/2005,BFL,CA,AWP,WE,Combined TRACON& Tower with Radar,0,37,22,0,59,0,0,14,0,14,0,37,36,0,73,8,0,8,81
01/01/2006,BFL,CA,AWP,WE,Combined TRACON& Tower with Radar,0,33,10,0,43,0,0,6,0,6,0,33,16,0,49,2,0,2,51
01/02/2006,BFL,CA,AWP,WE,Combined TRACON& Tower with Radar,0,26,14,0,40,0,0,9,0,9,0,26,23,0,49,0,0,0,49
01/03/2006,BFL,CA,AWP,WE,Combined TRACON& Tower with Radar,2,42,28,0,72,0,58,64,1,123,2,100,92,1,195,16,0,16,211
01/04/2006,BFL,CA,AWP,WE,Combined TRACON& Tower with Radar,2,62,39,0,103,0,56,82,0,138,2,118,121,0,241,34,0,34,275
01/05/2006,BFL,CA,AWP,WE,Combined TRACON& Tower with Radar,2,49,41,0,92,0,46,100,0,146,2,95,141,0,238,36,0,36,274
01/06/2006,BFL,CA,AWP,WE,Combined TRACON& Tower with Radar,0,60,44,12,116,0,20,34,7,61,0,80,78,19,177,10,0,10,187
01/07/2006,BFL,CA,AWP,WE,Combined TRACON& Tower with Radar,0,35,21,0,56,0,0,31,0,31,0,35,52,0,87,18,0,18,105
01/08/2006,BFL,CA,AWP,WE,Combined TRACON& Tower with Radar,0,29,38,0,67,0,0,32,2,34,0,29,70,2,101,0,0,0,101
01/09/2006,BFL,CA,AWP,WE,Combined TRACON& Tower with Radar,2,43,31,0,76,0,72,80,0,152,2,115,111,0,228,8,0,8,236
01/10/2006,BFL,CA,AWP,WE,Combined TRACON& Tower with Radar,0,66,79,2,147,0,31,31,0,62,0,97,110,2,209,40,0,40,249
01/11/2006,BFL,CA,AWP,WE,Combined TRACON& Tower with Radar,0,55,62,0,117,0,37,53,0,90,0,92,115,0,207,102,0,102,309
01/12/2006,BFL,CA,AWP,WE,Combined TRACON& Tower with Radar,4,81,65,0,150,0,24,53,0,77,4,105,118,0,227,26,0,26,253
01/13/2006,BFL,CA,AWP,WE,Combined TRACON& Tower with Radar,0,56,47,0,103,0,25,58,1,84,0,81,105,1,187,56,0,56,243
01/14/2006,BFL,CA,AWP,WE,Combined TRACON& Tower with Radar,1,28,14,0,43,0,0,29,0,29,1,28,43,0,72,18,0,18,90
01/15/2006,BFL,CA,AWP,WE,Combined TRACON& Tower with Radar,2,32,14,0,48,0,5,74,0,79,2,37,88,0,127,16,0,16,143
01/16/2006,BFL,CA,AWP,WE,Combined TRACON& Tower with Radar,0,50,34,0,84,0,34,89,0,123,0,84,123,0,207,52,0,52,259
01/17/2006,BFL,CA,AWP,WE,Combined TRACON& Tower with Radar,2,50,37,4,93,0,50,60,2,112,2,100,97,6,205,16,0,16,221
01/18/2006,BFL,CA,AWP,WE,Combined TRACON& Tower with Radar,0,65,56,0,121,0,16,46,0,62,0,81,102,0,183,24,0,24,207
01/19/2006,BFL,CA,AWP,WE,Combined TRACON& Tower with Radar,2,56,69,0,127,0,24,91,0,115,2,80,160,0,242,32,0,32,274
01/20/2006,BFL,CA,AWP,WE,Combined TRACON& Tower with Radar,2,64,72,0,138,0,42,62,0,104,2,106,134,0,242,8,8,16,258
01/21/2006,BFL,CA,AWP,WE,Combined TRACON& Tower with Radar,0,29,29,0,58,0,0,44,0,44,0,29,73,0,102,2,4,6,108
01/22/2006,BFL,CA,AWP,WE,Combined TRACON& Tower with Radar,0,32,29,0,61,1,8,77,0,86,1,40,106,0,147,24,0,24,171
01/23/2006,BFL,CA,AWP,WE,Combined TRACON& Tower with Radar,5,63,29,3,100,0,49,63,1,113,5,112,92,4,213,2,0,2,215
01/24/2006,BFL,CA,AWP,WE,Combined TRACON& Tower with Radar,2,65,25,0,92,0,36,104,0,140,2,101,129,0,232,38,0,38,270
01/25/2006,BFL,CA,AWP,WE,Combined TRACON& Tower with Radar,2,58,47,0,107,0,32,97,0,129,2,90,144,0,236,6,0,6,242
01/26/2006,BFL,CA,AWP,WE,Combined TRACON& Tower with Radar,4,58,73,9,144,0,30,67,0,97,4,88,140,9,241,12,12,24,265
01/27/2006,BFL,CA,AWP,WE,Combined TRACON& Tower with Radar,0,65,33,2,100,1,29,83,0,113,1,94,116,2,213,6,0,6,219
01/28/2006,BFL,CA,AWP,WE,Combined TRACON& Tower with Radar,0,24,27,0,51,0,0,57,0,57,0,24,84,0,108,24,0,24,132
01/29/2006,BFL,CA,AWP,WE,Combined TRACON& Tower with Radar,2,30,21,0,53,0,7,115,0,122,2,37,136,0,175,16,0,16,191
01/30/2006,BFL,CA,AWP,WE,Combined TRACON& Tower with Radar,2,52,18,2,74,0,63,91,1,155,2,115,109,3,229,10,0,10,239
01/31/2006,BFL,CA,AWP,WE,Combined TRACON& Tower with Radar,2,78,56,6,142,0,21,49,3,73,2,99,105,9,215,50,0,50,265
02/01/2006,BFL,CA,AWP,WE,Combined TRACON& Tower with Radar,0,55,43,0,98,0,48,70,0,118,0,103,113,0,216,14,0,14,230
02/02/2006,BFL,CA,AWP,WE,Combined TRACON& Tower with Radar,1,79,75,4,159,0,30,58,0,88,1,109,133,4,247,26,2,28,275
02/03/2006,BFL,CA,AWP,WE,Combined TRACON& Tower with Radar,2,79,31,0,112,0,19,105,0,124,2,98,136,0,236,16,4,20,256
02/04/2006,BFL,CA,AWP,WE,Combined TRACON& Tower with Radar,0,34,44,1,79,0,0,11,2,13,0,34,55,3,92,4,0,4,96
02/05/2006,BFL,CA,AWP,WE,Combined TRACON& Tower with Radar,0,27,15,0,42,0,0,47,0,47,0,27,62,0,89,18,0,18,107
02/06/2006,BFL,CA,AWP,WE,Combined TRACON& Tower with Radar,0,61,52,0,113,0,75,74,0,149,0,136,126,0,262,15,0,15,277
02/07/2006,BFL,CA,AWP,WE,Combined TRACON& Tower with Radar,2,67,131,0,200,0,48,0,0,48,2,115,131,0,248,10,0,10,258
02/08/2006,BFL,CA,AWP,WE,Combined TRACON& Tower with Radar,5,61,37,0,103,0,33,93,0,126,5,94,130,0,229,4,0,4,233
02/09/2006,BFL,CA,AWP,WE,Combined TRACON& Tower with Radar,4,60,41,0,105,0,37,70,2,109,4,97,111,2,214,4,0,4,218
02/10/2006,BFL,CA,AWP,WE,Combined TRACON& Tower with Radar,1,78,66,0,145,0,44,94,15,153,1,122,160,15,298,18,0,18,316
02/11/2006,BFL,CA,AWP,WE,Combined TRACON& Tower with Radar,0,30,29,0,59,1,4,62,4,71,1,34,91,4,130,20,0,20,150
02/12/2006,BFL,CA,AWP,WE,Combined TRACON& Tower with Radar,0,30,32,0,62,0,3,60,0,63,0,33,92,0,125,4,5,9,134
02/13/2006,BFL,CA,AWP,WE,Combined TRACON& Tower with Radar,2,66,49,6,123,0,32,59,0,91,2,98,108,6,214,12,4,16,230
02/14/2006,BFL,CA,AWP,WE,Combined TRACON& Tower with Radar,2,97,72,0,171,0,14,80,2,96,2,111,152,2,267,20,0,20,287
02/15/2006,BFL,CA,AWP,WE,Combined TRACON& Tower with Radar,0,74,56,0,130,0,28,108,0,136,0,102,164,0,266,22,4,26,292
02/16/2006,BFL,CA,AWP,WE,Combined TRACON& Tower with Radar,2,65,46,0,113,0,52,116,0,168,2,117,162,0,281,12,0,12,293
02/17/2006,BFL,CA,AWP,WE,Combined TRACON& Tower with Radar,2,66,65,0,133,2,34,73,0,109,4,100,138,0,242,16,0,16,258
02/18/2006,BFL,CA,AWP,WE,Combined TRACON& Tower with Radar,1,29,15,0,45,0,2,41,0,43,1,31,56,0,88,18,0,18,106
02/19/2006,BFL,CA,AWP,WE,Combined TRACON& Tower with Radar,0,30,24,0,54,0,4,34,0,38,0,34,58,0,92,4,0,4,96
02/20/2006,BFL,CA,AWP,WE,Combined TRACON& Tower with Radar,0,36,40,0,76,0,1,75,0,76,0,37,115,0,152,12,0,12,164
02/21/2006,BFL,CA,AWP,WE,Combined TRACON& Tower with Radar,2,63,41,2,108,0,65,107,0,172,2,128,148,2,280,6,0,6,286
02/22/2006,BFL,CA,AWP,WE,Combined TRACON& Tower with Radar,2,69,35,3,109,0,34,100,0,134,2,103,135,3,243,34,4,38,281
02/23/2006,BFL,CA,AWP,WE,Combined TRACON& Tower with Radar,3,76,43,2,124,0,54,109,0,163,3,130,152,2,287,16,6,22,309
02/24/2006,BFL,CA,AWP,WE,Combined TRACON& Tower with Radar,0,61,45,0,106,0,33,77,0,110,0,94,122,0,216,24,0,24,240
02/25/2006,BFL,CA,AWP,WE,Combined TRACON& Tower with Radar,0,28,27,0,55,0,2,108,0,110,0,30,135,0,165,28,0,28,193
02/26/2006,BFL,CA,AWP,WE,Combined TRACON& Tower with Radar,2,27,28,0,57,0,7,57,0,64,2,34,85,0,121,14,0,14,135
02/27/2006,BFL,CA,AWP,WE,Combined TRACON& Tower with Radar,2,44,28,0,74,0,15,7,0,22,2,59,35,0,96,6,0,6,102
02/28/2006,BFL,CA,AWP,WE,Combined TRACON& Tower with Radar,2,85,43,0,130,0,46,45,0,91,2,131,88,0,221,46,0,46,267
03/01/2006,BFL,CA,AWP,WE,Combined TRACON& Tower with Radar,2,66,33,0,101,0,64,89,2,155,2,130,122,2,256,22,0,22,278
03/02/2006,BFL,CA,AWP,WE,Combined TRACON& Tower with Radar,0,67,51,0,118,0,65,100,0,165,0,132,151,0,283,30,0,30,313
03/03/2006,BFL,CA,AWP,WE,Combined TRACON& Tower with Radar,2,43,48,1,94,0,2,35,3,40,2,45,83,4,134,14,0,14,148
03/04/2006,BFL,CA,AWP,WE,Combined TRACON& Tower with Radar,1,33,48,0,82,0,0,55,0,55,1,33,103,0,137,8,0,8,145
03/05/2006,BFL,CA,AWP,WE,Combined TRACON& Tower with Radar,0,33,26,0,59,0,1,99,23,123,0,34,125,23,182,50,0,50,232
03/06/2006,BFL,CA,AWP,WE,Combined TRACON& Tower with Radar,0,72,49,0,121,0,14,32,0,46,0,86,81,0,167,60,0,60,227
03/07/2006,BFL,CA,AWP,WE,Combined TRACON& Tower with Radar,3,55,50,0,108,0,33,17,0,50,3,88,67,0,158,68,0,68,226
03/08/2006,BFL,CA,AWP,WE,Combined TRACON& Tower with Radar,4,56,49,0,109,0,64,124,0,188,4,120,173,0,297,106,0,106,403
03/09/2006,BFL,CA,AWP,WE,Combined TRACON& Tower with Radar,3,70,79,0,152,0,36,69,2,107,3,106,148,2,259,56,0,56,315
03/10/2006,BFL,CA,AWP,WE,Combined TRACON& Tower with Radar,2,52,26,0,80,0,7,33,0,40,2,59,59,0,120,24,0,24,144
03/11/2006,BFL,CA,AWP,WE,Combined TRACON& Tower with Radar,0,34,11,0,45,0,5,33,0,38,0,39,44,0,83,0,0,0,83
03/12/2006,BFL,CA,AWP,WE,Combined TRACON& Tower with Radar,0,29,23,0,52,0,6,58,0,64,0,35,81,0,116,0,0,0,116
03/13/2006,BFL,CA,AWP,WE,Combined TRACON& Tower with Radar,0,49,37,0,86,0,61,77,0,138,0,110,114,0,224,30,0,30,254
03/14/2006,BFL,CA,AWP,WE,Combined TRACON& Tower with Radar,2,65,56,0,123,0,49,62,0,111,2,114,118,0,234,36,0,36,270
03/15/2006,BFL,CA,AWP,WE,Combined TRACON& Tower with Radar,0,59,59,2,120,0,53,105,0,158,0,112,164,2,278,12,2,14,292
03/16/2006,BFL,CA,AWP,WE,Combined TRACON& Tower with Radar,0,66,49,4,119,0,51,92,0,143,0,117,141,4,262,2,10,12,274
03/17/2006,BFL,CA,AWP,WE,Combined TRACON& Tower with Radar,1,62,47,0,110,0,14,24,0,38,1,76,71,0,148,6,0,6,154
03/18/2006,BFL,CA,AWP,WE,Combined TRACON& Tower with Radar,3,36,24,0,63,0,0,29,0,29,3,36,53,0,92,8,0,8,100
03/19/2006,BFL,CA,AWP,WE,Combined TRACON& Tower with Radar,1,27,13,0,41,0,4,66,0,70,1,31,79,0,111,6,0,6,117
03/20/2006,BFL,CA,AWP,WE,Combined TRACON& Tower with Radar,2,52,41,0,95,2,59,69,0,130,4,111,110,0,225,4,0,4,229
03/21/2006,BFL,CA,AWP,WE,Combined TRACON& Tower with Radar,2,55,51,2,110,0,40,60,0,100,2,95,111,2,210,3,2,5,215
03/22/2006,BFL,CA,AWP,WE,Combined TRACON& Tower with Radar,0,55,56,0,111,0,59,138,0,197,0,114,194,0,308,38,0,38,346
03/23/2006,BFL,CA,AWP,WE,Combined TRACON& Tower with Radar,3,69,32,0,104,1,51,108,0,160,4,120,140,0,264,26,0,26,290
03/24/2006,BFL,CA,AWP,WE,Combined TRACON& Tower with Radar,2,52,51,3,108,0,65,97,1,163,2,117,148,4,271,36,0,36,307
03/25/2006,BFL,CA,AWP,WE,Combined TRACON& Tower with Radar,1,36,27,1,65,0,0,36,0,36,1,36,63,1,101,2,0,2,103
03/26/2006,BFL,CA,AWP,WE,Combined TRACON& Tower with Radar,0,26,45,0,71,1,3,123,0,127,1,29,168,0,198,22,0,22,220
03/27/2006,BFL,CA,AWP,WE,Combined TRACON& Tower with Radar,0,55,39,0,94,0,48,51,0,99,0,103,90,0,193,16,0,16,209
03/28/2006,BFL,CA,AWP,WE,Combined TRACON& Tower with Radar,2,55,38,1,96,0,40,24,1,65,2,95,62,2,161,12,0,12,173
03/29/2006,BFL,CA,AWP,WE,Combined TRACON& Tower with Radar,0,56,76,0,132,0,37,57,0,94,0,93,133,0,226,36,0,36,262
03/30/2006,BFL,CA,AWP,WE,Combined TRACON& Tower with Radar,2,59,63,2,126,0,35,102,0,137,2,94,165,2,263,2,0,2,265
03/31/2006,BFL,CA,AWP,WE,Combined TRACON& Tower with Radar,2,56,72,0,130,0,19,50,0,69,2,75,122,0,199,24,0,24,223
04/01/2006,BFL,CA,AWP,WE,Combined TRACON& Tower with Radar,1,33,31,0,65,0,3,33,0,36,1,36,64,0,101,4,0,4,105
04/02/2006,BFL,CA,AWP,WE,Combined TRACON& Tower with Radar,0,30,30,0,60,0,0,105,0,105,0,30,135,0,165,20,0,20,185
04/03/2006,BFL,CA,AWP,WE,Combined TRACON& Tower with Radar,2,41,45,0,88,0,24,24,0,48,2,65,69,0,136,6,0,6,142
04/04/2006,BFL,CA,AWP,WE,Combined TRACON& Tower with Radar,0,46,37,0,83,0,19,29,0,48,0,65,66,0,131,0,0,0,131
04/05/2006,BFL,CA,AWP,WE,Combined TRACON& Tower with Radar,0,47,41,0,88,0,19,21,0,40,0,66,62,0,128,2,0,2,130
04/06/2006,BFL,CA,AWP,WE,Combined TRACON& Tower with Radar,2,55,66,0,123,0,56,93,0,149,2,111,159,0,272,34,0,34,306
04/07/2006,BFL,CA,AWP,WE,Combined TRACON& Tower with Radar,0,63,45,0,108,0,69,102,4,175,0,132,147,4,283,23,0,23,306
04/08/2006,BFL,CA,AWP,WE,Combined TRACON& Tower with Radar,2,27,17,0,46,0,4,79,0,83,2,31,96,0,129,26,0,26,155
04/09/2006,BFL,CA,AWP,WE,Combined TRACON& Tower with Radar,2,30,30,1,63,0,5,74,1,80,2,35,104,2,143,12,0,12,155
04/10/2006,BFL,CA,AWP,WE,Combined TRACON& Tower with Radar,0,40,45,0,85,0,68,46,0,114,0,108,91,0,199,16,0,16,215
04/11/2006,BFL,CA,AWP,WE,Combined TRACON& Tower with Radar,0,52,50,0,102,0,72,46,0,118,0,124,96,0,220,16,0,16,236
04/12/2006,BFL,CA,AWP,WE,Combined TRACON& Tower with Radar,0,64,43,0,107,0,62,96,4,162,0,126,139,4,269,26,0,26,295
04/13/2006,BFL,CA,AWP,WE,Combined TRACON& Tower with Radar,3,61,42,0,106,0,68,124,0,192,3,129,166,0,298,45,0,45,343
04/14/2006,BFL,CA,AWP,WE,Combined TRACON& Tower with Radar,2,47,34,0,83,0,30,65,0,95,2,77,99,0,178,20,0,20,198
04/15/2006,BFL,CA,AWP,WE,Combined TRACON& Tower with Radar,1,43,44,0,88,0,6,32,0,38,1,49,76,0,126,8,0,8,134
04/16/2006,BFL,CA,AWP,WE,Combined TRACON& Tower with Radar,2,35,38,0,75,0,0,60,0,60,2,35,98,0,135,0,0,0,135
04/17/2006,BFL,CA,AWP,WE,Combined TRACON& Tower with Radar,2,43,37,0,82,0,77,83,3,163,2,120,120,3,245,64,12,76,321
04/18/2006,BFL,CA,AWP,WE,Combined TRACON& Tower with Radar,0,48,32,0,80,0,80,100,0,180,0,128,132,0,260,64,0,64,324
04/19/2006,BFL,CA,AWP,WE,Combined TRACON& Tower with Radar,2,45,47,2,96,0,83,142,0,225,2,128,189,2,321,80,0,80,401
04/20/2006,BFL,CA,AWP,WE,Combined TRACON& Tower with Radar,4,47,41,1,93,0,67,148,2,217,4,114,189,3,310,42,0,42,352
04/21/2006,BFL,CA,AWP,WE,Combined TRACON& Tower with Radar,0,45,31,0,76,0,81,181,15,277,0,126,212,15,353,146,4,150,503
04/22/2006,BFL,CA,AWP,WE,Combined TRACON& Tower with Radar,1,34,27,0,62,0,3,43,0,46,1,37,70,0,108,8,0,8,116
04/23/2006,BFL,CA,AWP,WE,Combined TRACON& Tower with Radar,2,32,37,0,71,0,0,69,0,69,2,32,106,0,140,10,0,10,150
04/24/2006,BFL,CA,AWP,WE,Combined TRACON& Tower with Radar,3,41,50,4,98,0,58,80,0,138,3,99,130,4,236,18,30,48,284
04/25/2006,BFL,CA,AWP,WE,Combined TRACON& Tower with Radar,0,57,73,0,130,0,21,55,0,76,0,78,128,0,206,8,0,8,214
04/26/2006,BFL,CA,AWP,WE,Combined TRACON& Tower with Radar,0,66,85,0,151,0,0,55,0,55,0,66,140,0,206,34,0,34,240
04/27/2006,BFL,CA,AWP,WE,Combined TRACON& Tower with Radar,3,46,59,4,112,0,58,134,0,192,3,104,193,4,304,38,26,64,368
04/28/2006,BFL,CA,AWP,WE,Combined TRACON& Tower with Radar,2,39,39,0,80,0,58,105,0,163,2,97,144,0,243,18,0,18,261
04/29/2006,BFL,CA,AWP,WE,Combined TRACON& Tower with Radar,1,28,34,0,63,0,5,90,0,95,1,33,124,0,158,8,0,8,166
04/30/2006,BFL,CA,AWP,WE,Combined TRACON& Tower with Radar,2,36,82,0,120,0,4,107,0,111,2,40,189,0,231,6,0,6,237
05/01/2006,BFL,CA,AWP,WE,Combined TRACON& Tower with Radar,0,39,35,0,74,0,67,77,0,144,0,106,112,0,218,46,0,46,264
05/02/2006,BFL,CA,AWP,WE,Combined TRACON& Tower with Radar,0,52,41,0,93,0,73,158,0,231,0,125,199,0,324,50,0,50,374
05/03/2006,BFL,CA,AWP,WE,Combined TRACON& Tower with Radar,0,52,52,0,104,0,52,170,0,222,0,104,222,0,326,28,0,28,354
05/04/2006,BFL,CA,AWP,WE,Combined TRACON& Tower with Radar,2,50,35,0,87,0,42,116,0,158,2,92,151,0,245,51,0,51,296
05/05/2006,BFL,CA,AWP,WE,Combined TRACON& Tower with Radar,0,48,55,0,103,0,60,117,0,177,0,108,172,0,280,70,0,70,350
05/06/2006,BFL,CA,AWP,WE,Combined TRACON& Tower with Radar,2,31,30,0,63,0,6,79,0,85,2,37,109,0,148,50,0,50,198
05/07/2006,BFL,CA,AWP,WE,Combined TRACON& Tower with Radar,2,32,27,0,61,0,10,144,0,154,2,42,171,0,215,38,0,38,253
05/08/2006,BFL,CA,AWP,WE,Combined TRACON& Tower with Radar,2,49,41,1,93,0,72,92,3,167,2,121,133,4,260,18,0,18,278
05/09/2006,BFL,CA,AWP,WE,Combined TRACON& Tower with Radar,2,55,33,0,90,0,72,119,0,191,2,127,152,0,281,32,0,32,313
05/10/2006,BFL,CA,AWP,WE,Combined TRACON& Tower with Radar,0,70,62,4,136,0,53,175,0,228,0,123,237,4,364,64,0,64,428
05/11/2006,BFL,CA,AWP,WE,Combined TRACON& Tower with Radar,4,60,65,2,131,0,53,120,0,173,4,113,185,2,304,55,0,55,359
05/12/2006,BFL,CA,AWP,WE,Combined TRACON& Tower with Radar,2,54,46,0,102,2,80,132,0,214,4,134,178,0,316,20,0,20,336
05/13/2006,BFL,CA,AWP,WE,Combined TRACON& Tower with Radar,1,42,32,0,75,0,14,135,0,149,1,56,167,0,224,28,0,28,252
05/14/2006,BFL,CA,AWP,WE,Combined TRACON& Tower with Radar,0,32,9,0,41,1,4,109,0,114,1,36,118,0,155,14,0,14,169
05/15/2006,BFL,CA,AWP,WE,Combined TRACON& Tower with Radar,2,62,45,2,111,0,43,89,0,132,2,105,134,2,243,66,2,68,311
05/16/2006,BFL,CA,AWP,WE,Combined TRACON& Tower with Radar,2,59,43,0,104,0,85,130,2,217,2,144,173,2,321,36,0,36,357
05/17/2006,BFL,CA,AWP,WE,Combined TRACON& Tower with Radar,4,62,57,8,131,0,59,130,3,192,4,121,187,11,323,64,0,64,387
05/18/2006,BFL,CA,AWP,WE,Combined TRACON& Tower with Radar,2,58,46,6,112,0,77,152,2,231,2,135,198,8,343,44,6,50,393
05/19/2006,BFL,CA,AWP,WE,Combined TRACON& Tower with Radar,2,58,50,3,113,0,39,136,1,176,2,97,186,4,289,18,0,18,307
05/20/2006,BFL,CA,AWP,WE,Combined TRACON& Tower with Radar,2,31,40,0,73,0,0,82,0,82,2,31,122,0,155,20,0,20,175
05/21/2006,BFL,CA,AWP,WE,Combined TRACON& Tower with Radar,0,36,40,0,76,0,7,73,1,81,0,43,113,1,157,44,0,44,201
05/22/2006,BFL,CA,AWP,WE,Combined TRACON& Tower with Radar,4,42,59,0,105,0,74,46,0,120,4,116,105,0,225,66,0,66,291
05/23/2006,BFL,CA,AWP,WE,Combined TRACON& Tower with Radar,3,37,34,2,76,0,77,140,0,217,3,114,174,2,293,122,0,122,415
05/24/2006,BFL,CA,AWP,WE,Combined TRACON& Tower with Radar,0,71,40,2,113,0,49,145,0,194,0,120,185,2,307,84,0,84,391
05/25/2006,BFL,CA,AWP,WE,Combined TRACON& Tower with Radar,4,61,69,0,134,0,76,139,0,215,4,137,208,0,349,98,0,98,447
05/26/2006,BFL,CA,AWP,WE,Combined TRACON& Tower with Radar,3,54,43,0,100,1,83,127,0,211,4,137,170,0,311,34,0,34,345
05/27/2006,BFL,CA,AWP,WE,Combined TRACON& Tower with Radar,0,33,17,0,50,2,8,125,0,135,2,41,142,0,185,18,0,18,203
05/28/2006,BFL,CA,AWP,WE,Combined TRACON& Tower with Radar,0,25,4,0,29,1,2,109,0,112,1,27,113,0,141,66,0,66,207
05/29/2006,BFL,CA,AWP,WE,Combined TRACON& Tower with Radar,0,32,35,0,67,0,3,95,0,98,0,35,130,0,165,18,0,18,183
05/30/2006,BFL,CA,AWP,WE,Combined TRACON& Tower with Radar,4,47,31,0,82,0,91,127,0,218,4,138,158,0,300,24,0,24,324
05/31/2006,BFL,CA,AWP,WE,Combined TRACON& Tower with Radar,4,54,53,2,113,0,74,139,1,214,4,128,192,3,327,42,0,42,369
06/01/2006,BFL,CA,AWP,WE,Combined TRACON& Tower with Radar,2,57,42,0,101,0,74,126,0,200,2,131,168,0,301,96,0,96,397
06/02/2006,BFL,CA,AWP,WE,Combined TRACON& Tower with Radar,4,59,91,2,156,0,85,139,2,226,4,144,230,4,382,57,0,57,439
06/03/2006,BFL,CA,AWP,WE,Combined TRACON& Tower with Radar,0,33,31,0,64,1,2,125,0,128,1,35,156,0,192,14,0,14,206
06/04/2006,BFL,CA,AWP,WE,Combined TRACON& Tower with Radar,2,34,12,2,50,0,10,105,0,115,2,44,117,2,165,6,0,6,171
06/05/2006,BFL,CA,AWP,WE,Combined TRACON& Tower with Radar,2,37,22,2,63,0,13,108,2,123,2,50,130,4,186,2,0,2,188
06/06/2006,BFL,CA,AWP,WE,Combined TRACON& Tower with Radar,2,51,42,1,96,0,76,123,0,199,2,127,165,1,295,56,0,56,351
06/07/2006,BFL,CA,AWP,WE,Combined TRACON& Tower with Radar,2,66,40,8,116,0,81,137,3,221,2,147,177,11,337,100,0,100,437
06/08/2006,BFL,CA,AWP,WE,Combined TRACON& Tower with Radar,2,62,47,13,124,1,80,132,7,220,3,142,179,20,344,86,0,86,430
06/09/2006,BFL,CA,AWP,WE,Combined TRACON& Tower with Radar,2,48,47,0,97,0,65,130,0,195,2,113,177,0,292,72,0,72,364
06/10/2006,BFL,CA,AWP,WE,Combined TRACON& Tower with Radar,0,32,22,0,54,0,8,69,0,77,0,40,91,0,131,24,0,24,155
06/11/2006,BFL,CA,AWP,WE,Combined TRACON& Tower with Radar,0,32,17,0,49,0,7,89,0,96,0,39,106,0,145,18,0,18,163
06/12/2006,BFL,CA,AWP,WE,Combined TRACON& Tower with Radar,0,38,26,0,64,0,80,95,0,175,0,118,121,0,239,50,0,50,289
06/13/2006,BFL,CA,AWP,WE,Combined TRACON& Tower with Radar,2,47,51,0,100,0,73,100,4,177,2,120,151,4,277,34,0,34,311
06/14/2006,BFL,CA,AWP,WE,Combined TRACON& Tower with Radar,0,60,45,0,105,0,49,118,0,167,0,109,163,0,272,46,0,46,318
06/15/2006,BFL,CA,AWP,WE,Combined TRACON& Tower with Radar,0,56,48,0,104,0,66,134,0,200,0,122,182,0,304,34,0,34,338
06/16/2006,BFL,CA,AWP,WE,Combined TRACON& Tower with Radar,3,48,33,0,84,0,85,135,1,221,3,133,168,1,305,46,0,46,351
06/17/2006,BFL,CA,AWP,WE,Combined TRACON& Tower with Radar,1,32,30,0,63,0,18,130,0,148,1,50,160,0,211,66,0,66,277
06/18/2006,BFL,CA,AWP,WE,Combined TRACON& Tower with Radar,0,30,24,0,54,1,8,102,1,112,1,38,126,1,166,29,1,30,196
06/19/2006,BFL,CA,AWP,WE,Combined TRACON& Tower with Radar,2,38,19,0,59,0,80,113,0,193,2,118,132,0,252,8,0,8,260
06/20/2006,BFL,CA,AWP,WE,Combined TRACON& Tower with Radar,2,48,230,4,284,1,68,0,4,73,3,116,230,8,357,48,0,48,405
06/21/2006,BFL,CA,AWP,WE,Combined TRACON& Tower with Radar,4,39,31,0,74,0,72,97,2,171,4,111,128,2,245,138,0,138,383
06/22/2006,BFL,CA,AWP,WE,Combined TRACON& Tower with Radar,0,55,53,2,110,0,62,117,1,180,0,117,170,3,290,86,0,86,376
06/23/2006,BFL,CA,AWP,WE,Combined TRACON& Tower with Radar,3,52,31,0,86,0,67,122,0,189,3,119,153,0,275,16,0,16,291
06/24/2006,BFL,CA,AWP,WE,Combined TRACON& Tower with Radar,0,30,22,0,52,0,5,82,2,89,0,35,104,2,141,30,0,30,171
06/25/2006,BFL,CA,AWP,WE,Combined TRACON& Tower with Radar,2,27,34,2,65,0,5,149,0,154,2,32,183,2,219,0,0,0,219
06/26/2006,BFL,CA,AWP,WE,Combined TRACON& Tower with Radar,0,40,15,0,55,0,76,120,0,196,0,116,135,0,251,19,0,19,270
06/27/2006,BFL,CA,AWP,WE,Combined TRACON& Tower with Radar,2,44,39,4,89,0,84,90,0,174,2,128,129,4,263,10,18,28,291
06/28/2006,BFL,CA,AWP,WE,Combined TRACON& Tower with Radar,3,62,49,1,115,0,58,119,1,178,3,120,168,2,293,8,0,8,301
06/29/2006,BFL,CA,AWP,WE,Combined TRACON& Tower with Radar,2,57,26,0,85,0,70,141,0,211,2,127,167,0,296,28,0,28,324
06/30/2006,BFL,CA,AWP,WE,Combined TRACON& Tower with Radar,4,36,33,0,73,0,80,161,0,241,4,116,194,0,314,22,0,22,336
07/01/2006,BFL,CA,AWP,WE,Combined TRACON& Tower with Radar,0,33,10,0,43,0,8,105,0,113,0,41,115,0,156,6,0,6,162
07/02/2006,BFL,CA,AWP,WE,Combined TRACON& Tower with Radar,2,25,15,0,42,0,5,91,0,96,2,30,106,0,138,4,0,4,142
07/03/2006,BFL,CA,AWP,WE,Combined TRACON& Tower with Radar,2,32,30,0,64,0,7,99,0,106,2,39,129,0,170,18,0,18,188
07/04/2006,BFL,CA,AWP,WE,Combined TRACON& Tower with Radar,3,24,20,0,47,0,0,48,3,51,3,24,68,3,98,21,0,21,119
07/05/2006,BFL,CA,AWP,WE,Combined TRACON& Tower with Radar,0,43,23,8,74,0,93,116,3,212,0,136,139,11,286,4,0,4,290
07/06/2006,BFL,CA,AWP,WE,Combined TRACON& Tower with Radar,3,70,27,0,100,0,45,149,4,198,3,115,176,4,298,36,0,36,334
07/07/2006,BFL,CA,AWP,WE,Combined TRACON& Tower with Radar,3,46,33,6,88,0,76,124,0,200,3,122,157,6,288,24,0,24,312
07/08/2006,BFL,CA,AWP,WE,Combined TRACON& Tower with Radar,2,29,13,0,44,0,10,123,0,133,2,39,136,0,177,2,0,2,179
07/09/2006,BFL,CA,AWP,WE,Combined TRACON& Tower with Radar,2,32,27,5,66,0,0,77,1,78,2,32,104,6,144,14,0,14,158
07/10/2006,BFL,CA,AWP,WE,Combined TRACON& Tower with Radar,4,33,22,4,63,0,83,84,2,169,4,116,106,6,232,32,0,32,264
07/11/2006,BFL,CA,AWP,WE,Combined TRACON& Tower with Radar,3,42,33,7,85,0,109,102,2,213,3,151,135,9,298,18,12,30,328
07/12/2006,BFL,CA,AWP,WE,Combined TRACON& Tower with Radar,4,65,30,0,99,0,67,146,0,213,4,132,176,0,312,20,0,20,332
07/13/2006,BFL,CA,AWP,WE,Combined TRACON& Tower with Radar,4,67,36,0,107,0,54,130,0,184,4,121,166,0,291,18,0,18,309
07/14/2006,BFL,CA,AWP,WE,Combined TRACON& Tower with Radar,5,60,38,7,110,0,68,133,9,210,5,128,171,16,320,46,8,54,374
07/15/2006,BFL,CA,AWP,WE,Combined TRACON& Tower with Radar,2,32,20,0,54,0,10,111,2,123,2,42,131,2,177,42,0,42,219
07/16/2006,BFL,CA,AWP,WE,Combined TRACON& Tower with Radar,2,32,19,1,54,0,5,99,6,110,2,37,118,7,164,8,0,8,172
07/17/2006,BFL,CA,AWP,WE,Combined TRACON& Tower with Radar,6,39,28,0,73,0,70,146,0,216,6,109,174,0,289,58,0,58,347
07/18/2006,BFL,CA,AWP,WE,Combined TRACON& Tower with Radar,4,36,28,2,70,0,71,102,0,173,4,107,130,2,243,32,0,32,275
07/19/2006,BFL,CA,AWP,WE,Combined TRACON& Tower with Radar,4,58,49,5,116,0,49,139,0,188,4,107,188,5,304,30,0,30,334
07/20/2006,BFL,CA,AWP,WE,Combined TRACON& Tower with Radar,7,40,35,0,82,0,72,137,4,213,7,112,172,4,295,24,0,24,319
07/21/2006,BFL,CA,AWP,WE,Combined TRACON& Tower with Radar,4,57,40,4,105,0,64,152,8,224,4,121,192,12,329,46,4,50,379
07/22/2006,BFL,CA,AWP,WE,Combined TRACON& Tower with Radar,4,30,48,0,82,0,6,70,0,76,4,36,118,0,158,14,0,14,172
07/23/2006,BFL,CA,AWP,WE,Combined TRACON& Tower with Radar,0,33,17,0,50,0,6,77,0,83,0,39,94,0,133,58,0,58,191
07/24/2006,BFL,CA,AWP,WE,Combined TRACON& Tower with Radar,5,44,41,0,90,1,74,63,6,144,6,118,104,6,234,34,0,34,268
07/25/2006,BFL,CA,AWP,WE,Combined TRACON& Tower with Radar,2,47,43,2,94,0,68,119,2,189,2,115,162,4,283,56,0,56,339
07/26/2006,BFL,CA,AWP,WE,Combined TRACON& Tower with Radar,5,48,35,0,88,0,50,125,18,193,5,98,160,18,281,16,0,16,297
07/27/2006,BFL,CA,AWP,WE,Combined TRACON& Tower with Radar,4,49,40,2,95,0,74,132,7,213,4,123,172,9,308,72,0,72,380
07/28/2006,BFL,CA,AWP,WE,Combined TRACON& Tower with Radar,3,40,50,1,94,1,84,140,1,226,4,124,190,2,320,42,0,42,362
07/29/2006,BFL,CA,AWP,WE,Combined TRACON& Tower with Radar,2,31,50,0,83,0,5,80,0,85,2,36,130,0,168,10,0,10,178
07/30/2006,BFL,CA,AWP,WE,Combined TRACON& Tower with Radar,4,33,45,0,82,0,6,103,0,109,4,39,148,0,191,44,0,44,235
07/31/2006,BFL,CA,AWP,WE,Combined TRACON& Tower with Radar,4,41,48,6,99,0,88,98,0,186,4,129,146,6,285,48,6,54,339
08/01/2006,BFL,CA,AWP,WE,Combined TRACON& Tower with Radar,4,54,26,0,84,0,62,123,2,187,4,116,149,2,271,63,2,65,336
08/02/2006,BFL,CA,AWP,WE,Combined TRACON& Tower with Radar,5,43,59,0,107,0,55,127,0,182,5,98,186,0,289,58,0,58,347
08/03/2006,BFL,CA,AWP,WE,Combined TRACON& Tower with Radar,2,43,34,2,81,0,53,82,1,136,2,96,116,3,217,56,8,64,281
08/04/2006,BFL,CA,AWP,WE,Combined TRACON& Tower with Radar,3,64,67,0,134,0,99,143,3,245,3,163,210,3,379,118,0,118,497
08/05/2006,BFL,CA,AWP,WE,Combined TRACON& Tower with Radar,3,29,44,0,76,0,15,74,6,95,3,44,118,6,171,14,0,14,185
08/06/2006,BFL,CA,AWP,WE,Combined TRACON& Tower with Radar,2,35,37,0,74,0,5,119,3,127,2,40,156,3,201,14,0,14,215
08/07/2006,BFL,CA,AWP,WE,Combined TRACON& Tower with Radar,6,44,46,0,96,1,78,99,0,178,7,122,145,0,274,54,0,54,328
08/08/2006,BFL,CA,AWP,WE,Combined TRACON& Tower with Radar,4,64,32,2,102,0,79,112,0,191,4,143,144,2,293,82,0,82,375
08/09/2006,BFL,CA,AWP,WE,Combined TRACON& Tower with Radar,8,66,52,0,126,0,52,143,0,195,8,118,195,0,321,54,0,54,375
08/10/2006,BFL,CA,AWP,WE,Combined TRACON& Tower with Radar,4,67,51,0,122,0,46,165,1,212,4,113,216,1,334,50,0,50,384
08/11/2006,BFL,CA,AWP,WE,Combined TRACON& Tower with Radar,3,52,34,0,89,0,70,124,0,194,3,122,158,0,283,60,0,60,343
08/12/2006,BFL,CA,AWP,WE,Combined TRACON& Tower with Radar,1,33,26,0,60,0,22,103,0,125,1,55,129,0,185,22,0,22,207
08/13/2006,BFL,CA,AWP,WE,Combined TRACON& Tower with Radar,3,36,25,0,64,0,16,128,5,149,3,52,153,5,213,16,0,16,229
08/14/2006,BFL,CA,AWP,WE,Combined TRACON& Tower with Radar,2,39,30,0,71,0,95,118,0,213,2,134,148,0,284,66,0,66,350
08/15/2006,BFL,CA,AWP,WE,Combined TRACON& Tower with Radar,4,49,27,7,87,0,58,131,1,190,4,107,158,8,277,62,2,64,341
08/16/2006,BFL,CA,AWP,WE,Combined TRACON& Tower with Radar,2,55,52,2,111,0,63,197,0,260,2,118,249,2,371,47,0,47,418
08/17/2006,BFL,CA,AWP,WE,Combined TRACON& Tower with Radar,3,62,60,0,125,0,48,150,0,198,3,110,210,0,323,88,0,88,411
08/18/2006,BFL,CA,AWP,WE,Combined TRACON& Tower with Radar,9,48,40,2,99,1,76,119,4,200,10,124,159,6,299,22,6,28,327
08/19/2006,BFL,CA,AWP,WE,Combined TRACON& Tower with Radar,1,35,48,0,84,0,13,91,0,104,1,48,139,0,188,44,0,44,232
08/20/2006,BFL,CA,AWP,WE,Combined TRACON& Tower with Radar,2,35,39,0,76,0,9,154,0,163,2,44,193,0,239,42,0,42,281
08/21/2006,BFL,CA,AWP,WE,Combined TRACON& Tower with Radar,4,37,24,1,66,0,98,114,5,217,4,135,138,6,283,62,0,62,345
08/22/2006,BFL,CA,AWP,WE,Combined TRACON& Tower with Radar,5,54,29,0,88,0,77,123,0,200,5,131,152,0,288,40,0,40,328
08/23/2006,BFL,CA,AWP,WE,Combined TRACON& Tower with Radar,4,62,54,0,120,0,52,154,0,206,4,114,208,0,326,20,4,24,350
08/24/2006,BFL,CA,AWP,WE,Combined TRACON& Tower with Radar,2,43,53,0,98,0,53,136,0,189,2,96,189,0,287,22,2,24,311
08/25/2006,BFL,CA,AWP,WE,Combined TRACON& Tower with Radar,6,42,57,0,105,0,80,161,6,247,6,122,218,6,352,30,2,32,384
08/26/2006,BFL,CA,AWP,WE,Combined TRACON& Tower with Radar,3,44,30,0,77,0,13,144,0,157,3,57,174,0,234,34,0,34,268
08/27/2006,BFL,CA,AWP,WE,Combined TRACON& Tower with Radar,0,37,42,0,79,0,6,140,0,146,0,43,182,0,225,34,0,34,259
08/28/2006,BFL,CA,AWP,WE,Combined TRACON& Tower with Radar,2,40,30,0,72,0,77,112,1,190,2,117,142,1,262,42,0,42,304
08/29/2006,BFL,CA,AWP,WE,Combined TRACON& Tower with Radar,4,60,38,0,102,0,45,118,0,163,4,105,156,0,265,52,0,52,317
08/30/2006,BFL,CA,AWP,WE,Combined TRACON& Tower with Radar,4,58,61,2,125,0,49,226,0,275,4,107,287,2,400,12,0,12,412
08/31/2006,BFL,CA,AWP,WE,Combined TRACON& Tower with Radar,4,58,59,0,121,0,69,199,0,268,4,127,258,0,389,86,0,86,475
09/01/2006,BFL,CA,AWP,WE,Combined TRACON& Tower with Radar,4,55,46,0,105,0,60,131,3,194,4,115,177,3,299,118,0,118,417
09/02/2006,BFL,CA,AWP,WE,Combined TRACON& Tower with Radar,5,39,18,0,62,1,19,104,0,124,6,58,122,0,186,46,0,46,232
09/03/2006,BFL,CA,AWP,WE,Combined TRACON& Tower with Radar,1,23,20,0,44,0,2,69,0,71,1,25,89,0,115,32,0,32,147
09/04/2006,BFL,CA,AWP,WE,Combined TRACON& Tower with Radar,4,28,16,0,48,0,2,90,0,92,4,30,106,0,140,14,0,14,154
09/05/2006,BFL,CA,AWP,WE,Combined TRACON& Tower with Radar,1,44,23,0,68,1,88,95,0,184,2,132,118,0,252,78,0,78,330
09/06/2006,BFL,CA,AWP,WE,Combined TRACON& Tower with Radar,4,71,43,3,121,0,58,154,5,217,4,129,197,8,338,112,0,112,450
09/07/2006,BFL,CA,AWP,WE,Combined TRACON& Tower with Radar,15,65,40,0,120,0,74,144,0,218,15,139,184,0,338,160,0,160,498
09/08/2006,BFL,CA,AWP,WE,Combined TRACON& Tower with Radar,3,63,22,1,89,1,43,115,0,159,4,106,137,1,248,124,0,124,372
09/09/2006,BFL,CA,AWP,WE,Combined TRACON& Tower with Radar,4,28,34,0,66,0,15,99,2,116,4,43,133,2,182,40,0,40,222
09/10/2006,BFL,CA,AWP,WE,Combined TRACON& Tower with Radar,5,32,25,3,65,0,5,115,1,121,5,37,140,4,186,8,0,8,194
09/11/2006,BFL,CA,AWP,WE,Combined TRACON& Tower with Radar,4,34,28,9,75,0,81,101,1,183,4,115,129,10,258,126,2,128,386
09/12/2006,BFL,CA,AWP,WE,Combined TRACON& Tower with Radar,6,45,35,3,89,0,66,108,3,177,6,111,143,6,266,76,0,76,342
09/13/2006,BFL,CA,AWP,WE,Combined TRACON& Tower with Radar,6,61,36,5,108,0,46,119,0,165,6,107,155,5,273,106,26,132,405
09/14/2006,BFL,CA,AWP,WE,Combined TRACON& Tower with Radar,3,65,33,11,112,0,55,122,2,179,3,120,155,13,291,106,0,106,397
09/15/2006,BFL,CA,AWP,WE,Combined TRACON& Tower with Radar,4,56,31,2,93,2,56,96,0,154,6,112,127,2,247,114,12,126,373
09/16/2006,BFL,CA,AWP,WE,Combined TRACON& Tower with Radar,2,29,39,0,70,0,3,102,2,107,2,32,141,2,177,24,0,24,201
09/17/2006,BFL,CA,AWP,WE,Combined TRACON& Tower with Radar,4,29,26,0,59,0,5,83,2,90,4,34,109,2,149,18,0,18,167
09/18/2006,BFL,CA,AWP,WE,Combined TRACON& Tower with Radar,5,40,17,2,64,3,94,91,2,190,8,134,108,4,254,208,0,208,462
09/19/2006,BFL,CA,AWP,WE,Combined TRACON& Tower with Radar,4,49,25,0,78,1,85,96,2,184,5,134,121,2,262,164,0,164,426
09/20/2006,BFL,CA,AWP,WE,Combined TRACON& Tower with Radar,4,44,28,0,76,0,71,103,2,176,4,115,131,2,252,56,2,58,310
09/21/2006,BFL,CA,AWP,WE,Combined TRACON& Tower with Radar,4,46,37,1,88,0,57,137,3,197,4,103,174,4,285,144,0,144,429
09/22/2006,BFL,CA,AWP,WE,Combined TRACON& Tower with Radar,2,46,31,0,79,0,80,101,7,188,2,126,132,7,267,212,0,212,479
09/23/2006,BFL,CA,AWP,WE,Combined TRACON& Tower with Radar,2,26,23,0,51,0,11,78,0,89,2,37,101,0,140,2,0,2,142
09/24/2006,BFL,CA,AWP,WE,Combined TRACON& Tower with Radar,4,25,27,0,56,0,2,95,0,97,4,27,122,0,153,6,0,6,159
09/25/2006,BFL,CA,AWP,WE,Combined TRACON& Tower with Radar,3,46,33,0,82,0,78,103,1,182,3,124,136,1,264,324,0,324,588
09/26/2006,BFL,CA,AWP,WE,Combined TRACON& Tower with Radar,5,46,21,2,74,1,89,127,0,217,6,135,148,2,291,262,4,266,557
09/27/2006,BFL,CA,AWP,WE,Combined TRACON& Tower with Radar,6,57,37,1,101,0,51,95,2,148,6,108,132,3,249,198,0,198,447
09/28/2006,BFL,CA,AWP,WE,Combined TRACON& Tower with Radar,3,40,33,2,78,0,62,106,0,168,3,102,139,2,246,136,0,136,382
09/29/2006,BFL,CA,AWP,WE,Combined TRACON& Tower with Radar,8,49,31,0,88,0,62,100,0,162,8,111,131,0,250,214,0,214,464
09/30/2006,BFL,CA,AWP,WE,Combined TRACON& Tower with Radar,4,29,36,0,69,0,6,80,0,86,4,35,116,0,155,10,0,10,165
10/01/2006,BFL,CA,AWP,WE,Combined TRACON& Tower with Radar,6,33,126,0,165,0,1,0,0,1,6,34,126,0,166,0,0,0,166
10/02/2006,BFL,CA,AWP,WE,Combined TRACON& Tower with Radar,4,56,60,4,124,0,6,6,0,12,4,62,66,4,136,12,0,12,148
10/03/2006,BFL,CA,AWP,WE,Combined TRACON& Tower with Radar,4,91,76,4,175,0,0,39,0,39,4,91,115,4,214,63,0,63,277
10/04/2006,BFL,CA,AWP,WE,Combined TRACON& Tower with Radar,6,67,43,1,117,0,83,77,0,160,6,150,120,1,277,216,0,216,493
10/05/2006,BFL,CA,AWP,WE,Combined TRACON& Tower with Radar,8,57,96,0,161,0,53,25,0,78,8,110,121,0,239,200,0,200,439
10/06/2006,BFL,CA,AWP,WE,Combined TRACON& Tower with Radar,6,58,43,1,108,0,25,49,0,74,6,83,92,1,182,112,0,112,294
10/07/2006,BFL,CA,AWP,WE,Combined TRACON& Tower with Radar,1,29,20,0,50,0,8,76,0,84,1,37,96,0,134,40,0,40,174
10/08/2006,BFL,CA,AWP,WE,Combined TRACON& Tower with Radar,5,26,20,0,51,0,5,76,2,83,5,31,96,2,134,22,0,22,156
10/09/2006,BFL,CA,AWP,WE,Combined TRACON& Tower with Radar,4,45,25,0,74,0,71,77,0,148,4,116,102,0,222,212,0,212,434
10/10/2006,BFL,CA,AWP,WE,Combined TRACON& Tower with Radar,6,42,28,0,76,0,59,95,0,154,6,101,123,0,230,190,0,190,420
10/11/2006,BFL,CA,AWP,WE,Combined TRACON& Tower with Radar,6,74,43,0,123,0,54,96,0,150,6,128,139,0,273,196,0,196,469
10/12/2006,BFL,CA,AWP,WE,Combined TRACON& Tower with Radar,4,49,53,0,106,0,53,114,4,171,4,102,167,4,277,200,0,200,477
10/13/2006,BFL,CA,AWP,WE,Combined TRACON& Tower with Radar,5,33,38,2,78,0,14,17,5,36,5,47,55,7,114,1,0,1,115
10/14/2006,BFL,CA,AWP,WE,Combined TRACON& Tower with Radar,2,23,21,0,46,0,5,61,0,66,2,28,82,0,112,4,0,4,116
10/15/2006,BFL,CA,AWP,WE,Combined TRACON& Tower with Radar,4,26,29,2,61,0,5,103,2,110,4,31,132,4,171,20,2,22,193
10/16/2006,BFL,CA,AWP,WE,Combined TRACON& Tower with Radar,3,51,75,7,136,0,55,10,0,65,3,106,85,7,201,148,12,160,361
10/17/2006,BFL,CA,AWP,WE,Combined TRACON& Tower with Radar,8,60,51,2,121,0,67,72,0,139,8,127,123,2,260,280,0,280,540
10/18/2006,BFL,CA,AWP,WE,Combined TRACON& Tower with Radar,6,62,54,0,122,0,60,104,0,164,6,122,158,0,286,210,0,210,496
10/19/2006,BFL,CA,AWP,WE,Combined TRACON& Tower with Radar,2,65,54,0,121,0,35,99,0,134,2,100,153,0,255,222,0,222,477
10/20/2006,BFL,CA,AWP,WE,Combined TRACON& Tower with Radar,6,62,64,0,132,0,55,94,0,149,6,117,158,0,281,258,0,258,539
10/21/2006,BFL,CA,AWP,WE,Combined TRACON& Tower with Radar,1,29,32,0,62,1,18,82,0,101,2,47,114,0,163,16,0,16,179
10/22/2006,BFL,CA,AWP,WE,Combined TRACON& Tower with Radar,4,24,20,0,48,0,9,116,0,125,4,33,136,0,173,24,0,24,197
10/23/2006,BFL,CA,AWP,WE,Combined TRACON& Tower with Radar,3,58,26,0,87,0,82,62,2,146,3,140,88,2,233,195,0,195,428
10/24/2006,BFL,CA,AWP,WE,Combined TRACON& Tower with Radar,6,70,45,1,122,0,54,103,1,158,6,124,148,2,280,236,0,236,516
10/25/2006,BFL,CA,AWP,WE,Combined TRACON& Tower with Radar,4,60,45,0,109,0,41,85,0,126,4,101,130,0,235,174,0,174,409
10/26/2006,BFL,CA,AWP,WE,Combined TRACON& Tower with Radar,8,65,41,3,117,0,44,73,1,118,8,109,114,4,235,162,0,162,397
10/27/2006,BFL,CA,AWP,WE,Combined TRACON& Tower with Radar,4,48,29,1,82,0,62,138,0,200,4,110,167,1,282,176,2,178,460
10/28/2006,BFL,CA,AWP,WE,Combined TRACON& Tower with Radar,6,28,10,2,46,0,2,86,1,89,6,30,96,3,135,4,0,4,139
10/29/2006,BFL,CA,AWP,WE,Combined TRACON& Tower with Radar,4,29,33,0,66,0,2,116,2,120,4,31,149,2,186,42,0,42,228
10/30/2006,BFL,CA,AWP,WE,Combined TRACON& Tower with Radar,3,46,24,0,73,0,46,81,2,129,3,92,105,2,202,163,0,163,365
10/31/2006,BFL,CA,AWP,WE,Combined TRACON& Tower with Radar,5,54,17,2,78,0,40,75,0,115,5,94,92,2,193,192,0,192,385
11/01/2006,BFL,CA,AWP,WE,Combined TRACON& Tower with Radar,4,70,40,0,114,0,34,121,0,155,4,104,161,0,269,160,0,160,429
11/02/2006,BFL,CA,AWP,WE,Combined TRACON& Tower with Radar,4,55,52,0,111,0,56,83,0,139,4,111,135,0,250,226,0,226,476
11/03/2006,BFL,CA,AWP,WE,Combined TRACON& Tower with Radar,4,57,38,0,99,0,57,75,0,132,4,114,113,0,231,170,0,170,401
11/04/2006,BFL,CA,AWP,WE,Combined TRACON& Tower with Radar,2,27,21,1,51,0,6,62,3,71,2,33,83,4,122,50,0,50,172
11/05/2006,BFL,CA,AWP,WE,Combined TRACON& Tower with Radar,2,29,29,0,60,0,0,42,0,42,2,29,71,0,102,4,0,4,106
11/06/2006,BFL,CA,AWP,WE,Combined TRACON& Tower with Radar,4,58,21,0,83,0,38,61,0,99,4,96,82,0,182,36,0,36,218
11/07/2006,BFL,CA,AWP,WE,Combined TRACON& Tower with Radar,4,57,27,4,92,0,31,84,2,117,4,88,111,6,209,106,0,106,315
11/08/2006,BFL,CA,AWP,WE,Combined TRACON& Tower with Radar,2,76,41,0,119,0,60,101,0,161,2,136,142,0,280,124,0,124,404
11/09/2006,BFL,CA,AWP,WE,Combined TRACON& Tower with Radar,4,64,60,0,128,0,41,131,0,172,4,105,191,0,300,76,0,76,376
11/10/2006,BFL,CA,AWP,WE,Combined TRACON& Tower with Radar,1,62,35,2,100,2,70,133,0,205,3,132,168,2,305,202,0,202,507
11/11/2006,BFL,CA,AWP,WE,Combined TRACON& Tower with Radar,2,32,29,0,63,1,4,34,0,39,3,36,63,0,102,4,0,4,106
11/12/2006,BFL,CA,AWP,WE,Combined TRACON& Tower with Radar,7,31,36,0,74,1,8,70,1,80,8,39,106,1,154,12,0,12,166
11/13/2006,BFL,CA,AWP,WE,Combined TRACON& Tower with Radar,4,53,44,2,103,0,66,77,3,146,4,119,121,5,249,192,0,192,441
11/14/2006,BFL,CA,AWP,WE,Combined TRACON& Tower with Radar,4,63,46,4,117,0,40,87,4,131,4,103,133,8,248,122,4,126,374
11/15/2006,BFL,CA,AWP,WE,Combined TRACON& Tower with Radar,6,59,63,1,129,0,66,115,8,189,6,125,178,9,318,172,0,172,490
11/16/2006,BFL,CA,AWP,WE,Combined TRACON& Tower with Radar,2,68,56,0,126,0,46,95,2,143,2,114,151,2,269,174,0,174,443
11/17/2006,BFL,CA,AWP,WE,Combined TRACON& Tower with Radar,2,69,54,6,131,0,15,130,2,147,2,84,184,8,278,100,4,104,382
11/18/2006,BFL,CA,AWP,WE,Combined TRACON& Tower with Radar,2,28,55,0,85,0,3,22,0,25,2,31,77,0,110,8,0,8,118
11/19/2006,BFL,CA,AWP,WE,Combined TRACON& Tower with Radar,2,28,72,0,102,0,3,4,0,7,2,31,76,0,109,4,0,4,113
11/20/2006,BFL,CA,AWP,WE,Combined TRACON& Tower with Radar,3,66,47,0,116,1,0,0,0,1,4,66,47,0,117,0,0,0,117
11/21/2006,BFL,CA,AWP,WE,Combined TRACON& Tower with Radar,4,92,60,0,156,0,3,38,0,41,4,95,98,0,197,4,0,4,201
11/22/2006,BFL,CA,AWP,WE,Combined TRACON& Tower with Radar,5,83,72,1,161,0,6,43,11,60,5,89,115,12,221,88,0,88,309
11/23/2006,BFL,CA,AWP,WE,Combined TRACON& Tower with Radar,3,23,27,0,53,0,0,36,0,36,3,23,63,0,89,4,0,4,93
11/24/2006,BFL,CA,AWP,WE,Combined TRACON& Tower with Radar,4,29,25,0,58,0,0,53,0,53,4,29,78,0,111,0,4,4,115
11/25/2006,BFL,CA,AWP,WE,Combined TRACON& Tower with Radar,2,30,20,0,52,0,2,56,1,59,2,32,76,1,111,32,0,32,143
11/26/2006,BFL,CA,AWP,WE,Combined TRACON& Tower with Radar,2,30,47,1,80,0,4,74,0,78,2,34,121,1,158,14,0,14,172
11/27/2006,BFL,CA,AWP,WE,Combined TRACON& Tower with Radar,6,56,45,0,107,4,62,13,1,80,10,118,58,1,187,208,0,208,395
11/28/2006,BFL,CA,AWP,WE,Combined TRACON& Tower with Radar,4,63,42,0,109,0,67,50,0,117,4,130,92,0,226,151,2,153,379
11/29/2006,BFL,CA,AWP,WE,Combined TRACON& Tower with Radar,3,64,50,0,117,0,34,74,0,108,3,98,124,0,225,140,0,140,365
11/30/2006,BFL,CA,AWP,WE,Combined TRACON& Tower with Radar,6,59,47,5,117,0,41,92,1,134,6,100,139,6,251,132,0,132,383
12/01/2006,BFL,CA,AWP,WE,Combined TRACON& Tower with Radar,2,47,50,0,99,2,68,95,0,165,4,115,145,0,264,186,2,188,452
12/02/2006,BFL,CA,AWP,WE,Combined TRACON& Tower with Radar,1,28,16,2,47,0,7,63,0,70,1,35,79,2,117,32,0,32,149
12/03/2006,BFL,CA,AWP,WE,Combined TRACON& Tower with Radar,2,28,25,0,55,0,8,65,0,73,2,36,90,0,128,0,0,0,128
12/04/2006,BFL,CA,AWP,WE,Combined TRACON& Tower with Radar,3,36,39,0,78,1,65,93,0,159,4,101,132,0,237,167,0,167,404
12/05/2006,BFL,CA,AWP,WE,Combined TRACON& Tower with Radar,2,62,30,0,94,0,66,90,4,160,2,128,120,4,254,134,0,134,388
12/06/2006,BFL,CA,AWP,WE,Combined TRACON& Tower with Radar,2,56,46,0,104,0,47,108,0,155,2,103,154,0,259,122,0,122,381
12/07/2006,BFL,CA,AWP,WE,Combined TRACON& Tower with Radar,2,75,40,5,122,0,44,128,2,174,2,119,168,7,296,70,0,70,366
12/08/2006,BFL,CA,AWP,WE,Combined TRACON& Tower with Radar,6,63,43,0,112,2,35,87,0,124,8,98,130,0,236,102,0,102,338
12/09/2006,BFL,CA,AWP,WE,Combined TRACON& Tower with Radar,2,33,32,0,67,1,0,61,0,62,3,33,93,0,129,32,0,32,161
12/10/2006,BFL,CA,AWP,WE,Combined TRACON& Tower with Radar,4,29,40,0,73,0,0,22,0,22,4,29,62,0,95,0,0,0,95
12/11/2006,BFL,CA,AWP,WE,Combined TRACON& Tower with Radar,3,58,80,0,141,1,40,15,0,56,4,98,95,0,197,140,0,140,337
12/12/2006,BFL,CA,AWP,WE,Combined TRACON& Tower with Radar,1,54,57,2,114,0,46,39,0,85,1,100,96,2,199,158,0,158,357
12/13/2006,BFL,CA,AWP,WE,Combined TRACON& Tower with Radar,2,62,57,0,121,0,45,59,0,104,2,107,116,0,225,136,0,136,361
12/14/2006,BFL,CA,AWP,WE,Combined TRACON& Tower with Radar,2,70,59,8,139,0,62,70,4,136,2,132,129,12,275,120,20,140,415
12/15/2006,BFL,CA,AWP,WE,Combined TRACON& Tower with Radar,3,82,87,0,172,0,35,23,0,58,3,117,110,0,230,134,0,134,364
12/16/2006,BFL,CA,AWP,WE,Combined TRACON& Tower with Radar,2,32,30,0,64,0,6,35,0,41,2,38,65,0,105,20,0,20,125
12/17/2006,BFL,CA,AWP,WE,Combined TRACON& Tower with Radar,1,28,24,0,53,1,3,53,0,57,2,31,77,0,110,16,0,16,126
12/18/2006,BFL,CA,AWP,WE,Combined TRACON& Tower with Radar,6,53,41,2,102,0,71,32,0,103,6,124,73,2,205,225,0,225,430
12/19/2006,BFL,CA,AWP,WE,Combined TRACON& Tower with Radar,4,59,40,0,103,0,50,93,0,143,4,109,133,0,246,159,0,159,405
12/20/2006,BFL,CA,AWP,WE,Combined TRACON& Tower with Radar,4,67,49,5,125,0,34,74,1,109,4,101,123,6,234,134,0,134,368
12/21/2006,BFL,CA,AWP,WE,Combined TRACON& Tower with Radar,6,53,75,2,136,0,46,68,1,115,6,99,143,3,251,180,0,180,431
12/22/2006,BFL,CA,AWP,WE,Combined TRACON& Tower with Radar,2,82,60,0,144,0,0,4,0,4,2,82,64,0,148,4,0,4,152
12/23/2006,BFL,CA,AWP,WE,Combined TRACON& Tower with Radar,2,34,16,0,52,0,0,57,0,57,2,34,73,0,109,2,0,2,111
12/24/2006,BFL,CA,AWP,WE,Combined TRACON& Tower with Radar,2,19,14,0,35,0,2,20,0,22,2,21,34,0,57,0,0,0,57
12/25/2006,BFL,CA,AWP,WE,Combined TRACON& Tower with Radar,0,27,10,0,37,1,2,28,0,31,1,29,38,0,68,4,0,4,72
12/26/2006,BFL,CA,AWP,WE,Combined TRACON& Tower with Radar,4,45,41,0,90,0,92,57,18,167,4,137,98,18,257,288,0,288,545
12/27/2006,BFL,CA,AWP,WE,Combined TRACON& Tower with Radar,4,73,42,2,121,0,20,14,0,34,4,93,56,2,155,106,8,114,269
12/28/2006,BFL,CA,AWP,WE,Combined TRACON& Tower with Radar,5,56,44,1,106,1,54,37,0,92,6,110,81,1,198,286,0,286,484
12/29/2006,BFL,CA,AWP,WE,Combined TRACON& Tower with Radar,1,58,45,4,108,0,48,78,0,126,1,106,123,4,234,281,0,281,515
12/30/2006,BFL,CA,AWP,WE,Combined TRACON& Tower with Radar,1,31,28,0,60,0,4,77,0,81,1,35,105,0,141,2,0,2,143
12/31/2006,BFL,CA,AWP,WE,Combined TRACON& Tower with Radar,2,22,18,0,42,0,3,44,0,47,2,25,62,0,89,10,0,10,99
01/01/2007,BFL,CA,AWP,WE,Combined TRACON& Tower with Radar,6,27,13,1,47,0,7,41,0,48,6,34,54,1,95,14,0,14,109
01/02/2007,BFL,CA,AWP,WE,Combined TRACON& Tower with Radar,2,45,24,0,71,0,66,69,0,135,2,111,93,0,206,288,0,288,494
01/03/2007,BFL,CA,AWP,WE,Combined TRACON& Tower with Radar,2,68,41,2,113,0,50,91,0,141,2,118,132,2,254,302,2,304,558
01/04/2007,BFL,CA,AWP,WE,Combined TRACON& Tower with Radar,4,54,49,0,107,0,39,17,0,56,4,93,66,0,163,268,0,268,431
01/05/2007,BFL,CA,AWP,WE,Combined TRACON& Tower with Radar,4,59,21,0,84,0,31,45,0,76,4,90,66,0,160,263,0,263,423
01/06/2007,BFL,CA,AWP,WE,Combined TRACON& Tower with Radar,2,31,13,0,46,0,3,86,0,89,2,34,99,0,135,22,0,22,157
01/07/2007,BFL,CA,AWP,WE,Combined TRACON& Tower with Radar,2,30,16,0,48,0,4,82,1,87,2,34,98,1,135,102,0,102,237
01/08/2007,BFL,CA,AWP,WE,Combined TRACON& Tower with Radar,4,47,24,0,75,0,86,108,2,196,4,133,132,2,271,294,0,294,565
01/09/2007,BFL,CA,AWP,WE,Combined TRACON& Tower with Radar,4,67,44,2,117,0,40,82,0,122,4,107,126,2,239,116,2,118,357
01/10/2007,BFL,CA,AWP,WE,Combined TRACON& Tower with Radar,4,75,72,0,151,0,17,36,0,53,4,92,108,0,204,12,0,12,216
01/11/2007,BFL,CA,AWP,WE,Combined TRACON& Tower with Radar,4,67,87,2,160,0,17,17,0,34,4,84,104,2,194,178,0,178,372
01/12/2007,BFL,CA,AWP,WE,Combined TRACON& Tower with Radar,5,58,42,0,105,0,58,81,0,139,5,116,123,0,244,216,0,216,460
01/13/2007,BFL,CA,AWP,WE,Combined TRACON& Tower with Radar,2,27,27,1,57,0,9,58,0,67,2,36,85,1,124,24,0,24,148
01/14/2007,BFL,CA,AWP,WE,Combined TRACON& Tower with Radar,2,29,27,1,59,0,13,67,0,80,2,42,94,1,139,16,0,16,155
01/15/2007,BFL,CA,AWP,WE,Combined TRACON& Tower with Radar,2,45,27,0,74,0,70,79,2,151,2,115,106,2,225,290,0,290,515
01/16/2007,BFL,CA,AWP,WE,Combined TRACON& Tower with Radar,2,45,27,0,74,0,70,79,2,151,2,115,106,2,225,290,8,298,523
01/17/2007,BFL,CA,AWP,WE,Combined TRACON& Tower with Radar,4,54,61,0,119,0,44,92,0,136,4,98,153,0,255,122,0,122,377
01/18/2007,BFL,CA,AWP,WE,Combined TRACON& Tower with Radar,2,80,46,2,130,0,48,102,0,150,2,128,148,2,280,190,8,198,478
01/19/2007,BFL,CA,AWP,WE,Combined TRACON& Tower with Radar,4,61,31,1,97,0,81,69,0,150,4,142,100,1,247,280,6,286,533
01/20/2007,BFL,CA,AWP,WE,Combined TRACON& Tower with Radar,0,27,16,0,43,0,10,76,2,88,0,37,92,2,131,14,0,14,145
01/21/2007,BFL,CA,AWP,WE,Combined TRACON& Tower with Radar,0,28,33,0,61,0,7,72,0,79,0,35,105,0,140,24,0,24,164
01/22/2007,BFL,CA,AWP,WE,Combined TRACON& Tower with Radar,4,50,25,0,79,0,79,71,12,162,4,129,96,12,241,350,0,350,591
01/23/2007,BFL,CA,AWP,WE,Combined TRACON& Tower with Radar,5,70,38,2,115,0,62,90,0,152,5,132,128,2,267,390,0,390,657
01/24/2007,BFL,CA,AWP,WE,Combined TRACON& Tower with Radar,4,67,56,0,127,0,92,120,2,214,4,159,176,2,341,228,0,228,569
01/25/2007,BFL,CA,AWP,WE,Combined TRACON& Tower with Radar,4,87,41,0,132,0,23,115,0,138,4,110,156,0,270,164,0,164,434
01/26/2007,BFL,CA,AWP,WE,Combined TRACON& Tower with Radar,2,77,57,0,136,0,43,105,0,148,2,120,162,0,284,236,6,242,526
01/27/2007,BFL,CA,AWP,WE,Combined TRACON& Tower with Radar,2,29,32,0,63,0,5,32,0,37,2,34,64,0,100,10,0,10,110
01/28/2007,BFL,CA,AWP,WE,Combined TRACON& Tower with Radar,2,31,29,0,62,0,0,20,0,20,2,31,49,0,82,8,0,8,90
01/29/2007,BFL,CA,AWP,WE,Combined TRACON& Tower with Radar,4,51,42,5,102,0,34,19,0,53,4,85,61,5,155,265,4,269,424
01/30/2007,BFL,CA,AWP,WE,Combined TRACON& Tower with Radar,4,77,44,0,125,0,75,45,0,120,4,152,89,0,245,274,0,274,519
01/31/2007,BFL,CA,AWP,WE,Combined TRACON& Tower with Radar,4,52,85,6,147,0,48,50,2,100,4,100,135,8,247,204,2,206,453
02/01/2007,BFL,CA,AWP,WE,Combined TRACON& Tower with Radar,2,74,68,4,148,0,57,49,0,106,2,131,117,4,254,178,0,178,432
02/02/2007,BFL,CA,AWP,WE,Combined TRACON& Tower with Radar,2,102,85,0,189,0,10,50,0,60,2,112,135,0,249,110,0,110,359
02/03/2007,BFL,CA,AWP,WE,Combined TRACON& Tower with Radar,1,44,41,3,89,0,23,35,0,58,1,67,76,3,147,74,0,74,221
02/04/2007,BFL,CA,AWP,WE,Combined TRACON& Tower with Radar,1,34,41,0,76,0,6,41,0,47,1,40,82,0,123,1,0,1,124
02/05/2007,BFL,CA,AWP,WE,Combined TRACON& Tower with Radar,1,63,79,2,145,0,52,48,0,100,1,115,127,2,245,144,2,146,391
02/06/2007,BFL,CA,AWP,WE,Combined TRACON& Tower with Radar,3,59,41,0,103,0,67,81,0,148,3,126,122,0,251,140,0,140,391
02/07/2007,BFL,CA,AWP,WE,Combined TRACON& Tower with Radar,5,78,63,2,148,0,21,62,0,83,5,99,125,2,231,132,0,132,363
02/08/2007,BFL,CA,AWP,WE,Combined TRACON& Tower with Radar,4,67,49,2,122,0,87,93,0,180,4,154,142,2,302,278,0,278,580
02/09/2007,BFL,CA,AWP,WE,Combined TRACON& Tower with Radar,2,71,35,1,109,0,77,62,0,139,2,148,97,1,248,254,0,254,502
02/10/2007,BFL,CA,AWP,WE,Combined TRACON& Tower with Radar,2,33,19,2,56,0,4,21,0,25,2,37,40,2,81,4,0,4,85
02/11/2007,BFL,CA,AWP,WE,Combined TRACON& Tower with Radar,2,30,17,0,49,0,2,61,5,68,2,32,78,5,117,12,8,20,137
02/12/2007,BFL,CA,AWP,WE,Combined TRACON& Tower with Radar,4,70,50,0,124,0,61,42,0,103,4,131,92,0,227,262,0,262,489
02/13/2007,BFL,CA,AWP,WE,Combined TRACON& Tower with Radar,4,80,64,0,148,0,31,58,0,89,4,111,122,0,237,175,0,175,412
02/14/2007,BFL,CA,AWP,WE,Combined TRACON& Tower with Radar,4,75,46,2,127,0,68,113,0,181,4,143,159,2,308,341,0,341,649
02/15/2007,BFL,CA,AWP,WE,Combined TRACON& Tower with Radar,4,71,51,0,126,0,63,112,0,175,4,134,163,0,301,212,0,212,513
02/16/2007,BFL,CA,AWP,WE,Combined TRACON& Tower with Radar,1,78,46,0,125,0,90,93,0,183,1,168,139,0,308,294,0,294,602
02/17/2007,BFL,CA,AWP,WE,Combined TRACON& Tower with Radar,2,37,27,0,66,0,3,80,0,83,2,40,107,0,149,26,0,26,175
02/18/2007,BFL,CA,AWP,WE,Combined TRACON& Tower with Radar,2,29,35,0,66,0,6,62,0,68,2,35,97,0,134,38,0,38,172
02/19/2007,BFL,CA,AWP,WE,Combined TRACON& Tower with Radar,2,31,50,0,83,0,1,55,0,56,2,32,105,0,139,4,0,4,143
02/20/2007,BFL,CA,AWP,WE,Combined TRACON& Tower with Radar,2,63,30,2,97,0,95,118,0,213,2,158,148,2,310,366,0,366,676
02/21/2007,BFL,CA,AWP,WE,Combined TRACON& Tower with Radar,1,75,56,0,132,3,71,92,0,166,4,146,148,0,298,322,0,322,620
02/22/2007,BFL,CA,AWP,WE,Combined TRACON& Tower with Radar,5,55,60,0,120,0,34,40,2,76,5,89,100,2,196,112,2,114,310
02/23/2007,BFL,CA,AWP,WE,Combined TRACON& Tower with Radar,2,59,46,0,107,0,51,48,0,99,2,110,94,0,206,204,0,204,410
02/24/2007,BFL,CA,AWP,WE,Combined TRACON& Tower with Radar,2,30,37,0,69,0,3,93,0,96,2,33,130,0,165,22,0,22,187
02/25/2007,BFL,CA,AWP,WE,Combined TRACON& Tower with Radar,2,28,39,0,69,0,1,79,4,84,2,29,118,4,153,56,0,56,209
02/26/2007,BFL,CA,AWP,WE,Combined TRACON& Tower with Radar,4,56,40,2,102,0,93,68,0,161,4,149,108,2,263,314,6,320,583
02/27/2007,BFL,CA,AWP,WE,Combined TRACON& Tower with Radar,0,62,42,0,104,2,52,62,0,116,2,114,104,0,220,220,0,220,440
02/28/2007,BFL,CA,AWP,WE,Combined TRACON& Tower with Radar,4,78,62,0,144,0,45,70,0,115,4,123,132,0,259,224,0,224,483
03/01/2007,BFL,CA,AWP,WE,Combined TRACON& Tower with Radar,4,63,49,2,118,0,57,123,0,180,4,120,172,2,298,272,0,272,570
03/02/2007,BFL,CA,AWP,WE,Combined TRACON& Tower with Radar,2,68,45,1,116,0,63,74,1,138,2,131,119,2,254,186,10,196,450
03/03/2007,BFL,CA,AWP,WE,Combined TRACON& Tower with Radar,5,31,23,0,59,2,12,93,0,107,7,43,116,0,166,20,0,20,186
03/04/2007,BFL,CA,AWP,WE,Combined TRACON& Tower with Radar,3,29,21,2,55,0,2,110,0,112,3,31,131,2,167,48,0,48,215
03/05/2007,BFL,CA,AWP,WE,Combined TRACON& Tower with Radar,4,49,34,2,89,0,79,109,2,190,4,128,143,4,279,288,0,288,567
03/06/2007,BFL,CA,AWP,WE,Combined TRACON& Tower with Radar,4,49,38,6,97,0,74,71,0,145,4,123,109,6,242,220,2,222,464
03/07/2007,BFL,CA,AWP,WE,Combined TRACON& Tower with Radar,2,64,39,0,105,0,61,94,4,159,2,125,133,4,264,284,2,286,550
03/08/2007,BFL,CA,AWP,WE,Combined TRACON& Tower with Radar,6,64,75,1,146,0,37,91,2,130,6,101,166,3,276,206,0,206,482
03/09/2007,BFL,CA,AWP,WE,Combined TRACON& Tower with Radar,2,58,36,0,96,0,60,94,0,154,2,118,130,0,250,223,0,223,473
03/10/2007,BFL,CA,AWP,WE,Combined TRACON& Tower with Radar,3,29,18,0,50,0,0,68,0,68,3,29,86,0,118,14,0,14,132
03/11/2007,BFL,CA,AWP,WE,Combined TRACON& Tower with Radar,6,28,15,0,49,0,3,74,0,77,6,31,89,0,126,34,0,34,160
03/12/2007,BFL,CA,AWP,WE,Combined TRACON& Tower with Radar,4,49,46,0,99,0,111,112,0,223,4,160,158,0,322,396,0,396,718
03/13/2007,BFL,CA,AWP,WE,Combined TRACON& Tower with Radar,4,43,45,0,92,0,125,110,0,235,4,168,155,0,327,328,0,328,655
03/14/2007,BFL,CA,AWP,WE,Combined TRACON& Tower with Radar,3,70,43,0,116,0,57,104,0,161,3,127,147,0,277,226,0,226,503
03/15/2007,BFL,CA,AWP,WE,Combined TRACON& Tower with Radar,4,58,54,0,116,0,42,117,0,159,4,100,171,0,275,276,0,276,551
03/16/2007,BFL,CA,AWP,WE,Combined TRACON& Tower with Radar,4,58,56,0,118,0,43,124,0,167,4,101,180,0,285,234,0,234,519
03/17/2007,BFL,CA,AWP,WE,Combined TRACON& Tower with Radar,2,33,35,0,70,0,5,66,0,71,2,38,101,0,141,24,0,24,165
03/18/2007,BFL,CA,AWP,WE,Combined TRACON& Tower with Radar,2,28,32,0,62,0,20,115,0,135,2,48,147,0,197,44,0,44,241
03/19/2007,BFL,CA,AWP,WE,Combined TRACON& Tower with Radar,4,36,31,0,71,0,99,106,0,205,4,135,137,0,276,314,0,314,590
03/20/2007,BFL,CA,AWP,WE,Combined TRACON& Tower with Radar,4,44,46,2,96,0,43,47,0,90,4,87,93,2,186,202,0,202,388
03/21/2007,BFL,CA,AWP,WE,Combined TRACON& Tower with Radar,4,48,57,0,109,0,44,49,0,93,4,92,106,0,202,106,0,106,308
03/22/2007,BFL,CA,AWP,WE,Combined TRACON& Tower with Radar,3,71,29,0,103,0,61,130,0,191,3,132,159,0,294,330,0,330,624
03/23/2007,BFL,CA,AWP,WE,Combined TRACON& Tower with Radar,2,55,41,0,98,0,90,129,0,219,2,145,170,0,317,244,0,244,561
03/24/2007,BFL,CA,AWP,WE,Combined TRACON& Tower with Radar,2,30,32,0,64,0,7,74,0,81,2,37,106,0,145,20,0,20,165
03/25/2007,BFL,CA,AWP,WE,Combined TRACON& Tower with Radar,2,28,22,0,52,0,5,90,0,95,2,33,112,0,147,64,0,64,211
03/26/2007,BFL,CA,AWP,WE,Combined TRACON& Tower with Radar,4,40,40,2,86,0,66,58,0,124,4,106,98,2,210,220,33,253,463
03/27/2007,BFL,CA,AWP,WE,Combined TRACON& Tower with Radar,2,45,56,0,103,2,42,44,0,88,4,87,100,0,191,136,0,136,327
03/28/2007,BFL,CA,AWP,WE,Combined TRACON& Tower with Radar,4,71,46,2,123,0,44,101,0,145,4,115,147,2,268,208,0,208,476
03/29/2007,BFL,CA,AWP,WE,Combined TRACON& Tower with Radar,10,48,62,0,120,0,121,133,1,255,10,169,195,1,375,431,0,431,806
03/30/2007,BFL,CA,AWP,WE,Combined TRACON& Tower with Radar,2,71,30,4,107,0,72,113,5,190,2,143,143,9,297,320,12,332,629
03/31/2007,BFL,CA,AWP,WE,Combined TRACON& Tower with Radar,2,29,43,2,76,0,12,101,2,115,2,41,144,4,191,36,0,36,227
04/01/2007,BFL,CA,AWP,WE,Combined TRACON& Tower with Radar,2,28,30,2,62,0,4,98,0,102,2,32,128,2,164,20,0,20,184
04/02/2007,BFL,CA,AWP,WE,Combined TRACON& Tower with Radar,4,50,30,0,84,0,81,125,0,206,4,131,155,0,290,312,0,312,602
04/03/2007,BFL,CA,AWP,WE,Combined TRACON& Tower with Radar,4,58,23,2,87,0,56,120,0,176,4,114,143,2,263,208,18,226,489
04/04/2007,BFL,CA,AWP,WE,Combined TRACON& Tower with Radar,4,58,40,0,102,0,31,104,0,135,4,89,144,0,237,168,0,168,405
04/05/2007,BFL,CA,AWP,WE,Combined TRACON& Tower with Radar,3,55,38,3,99,0,67,88,0,155,3,122,126,3,254,208,8,216,470
04/06/2007,BFL,CA,AWP,WE,Combined TRACON& Tower with Radar,4,53,39,0,96,0,50,93,0,143,4,103,132,0,239,227,0,227,466
04/07/2007,BFL,CA,AWP,WE,Combined TRACON& Tower with Radar,2,32,27,5,66,0,0,91,2,93,2,32,118,7,159,22,14,36,195
04/08/2007,BFL,CA,AWP,WE,Combined TRACON& Tower with Radar,2,28,17,0,47,0,4,53,0,57,2,32,70,0,104,8,0,8,112
04/09/2007,BFL,CA,AWP,WE,Combined TRACON& Tower with Radar,4,42,29,1,76,0,60,74,3,137,4,102,103,4,213,229,4,233,446
04/10/2007,BFL,CA,AWP,WE,Combined TRACON& Tower with Radar,4,58,32,0,94,0,75,111,3,189,4,133,143,3,283,244,0,244,527
04/11/2007,BFL,CA,AWP,WE,Combined TRACON& Tower with Radar,4,60,65,3,132,0,58,76,0,134,4,118,141,3,266,292,0,292,558
04/12/2007,BFL,CA,AWP,WE,Combined TRACON& Tower with Radar,4,51,55,0,110,0,18,61,0,79,4,69,116,0,189,74,0,74,263
04/13/2007,BFL,CA,AWP,WE,Combined TRACON& Tower with Radar,2,69,52,0,123,0,50,108,0,158,2,119,160,0,281,282,0,282,563
04/14/2007,BFL,CA,AWP,WE,Combined TRACON& Tower with Radar,2,32,27,0,61,0,5,56,0,61,2,37,83,0,122,10,0,10,132
04/15/2007,BFL,CA,AWP,WE,Combined TRACON& Tower with Radar,2,27,40,0,69,0,0,23,0,23,2,27,63,0,92,22,0,22,114
04/16/2007,BFL,CA,AWP,WE,Combined TRACON& Tower with Radar,5,38,36,0,79,0,83,131,0,214,5,121,167,0,293,292,0,292,585
04/17/2007,BFL,CA,AWP,WE,Combined TRACON& Tower with Radar,3,48,51,0,102,0,79,116,3,198,3,127,167,3,300,238,0,238,538
04/18/2007,BFL,CA,AWP,WE,Combined TRACON& Tower with Radar,6,66,42,8,122,0,42,132,9,183,6,108,174,17,305,144,4,148,453
04/19/2007,BFL,CA,AWP,WE,Combined TRACON& Tower with Radar,4,63,43,0,110,0,39,102,0,141,4,102,145,0,251,240,0,240,491
04/20/2007,BFL,CA,AWP,WE,Combined TRACON& Tower with Radar,2,62,66,0,130,0,20,41,0,61,2,82,107,0,191,192,0,192,383
04/21/2007,BFL,CA,AWP,WE,Combined TRACON& Tower with Radar,2,27,22,0,51,0,8,89,0,97,2,35,111,0,148,14,0,14,162
04/22/2007,BFL,CA,AWP,WE,Combined TRACON& Tower with Radar,6,28,40,0,74,0,6,35,0,41,6,34,75,0,115,18,0,18,133
04/23/2007,BFL,CA,AWP,WE,Combined TRACON& Tower with Radar,4,46,31,0,81,0,64,79,0,143,4,110,110,0,224,324,0,324,548
04/24/2007,BFL,CA,AWP,WE,Combined TRACON& Tower with Radar,4,27,52,0,83,0,80,91,0,171,4,107,143,0,254,260,0,260,514
04/25/2007,BFL,CA,AWP,WE,Combined TRACON& Tower with Radar,2,53,52,2,109,0,55,89,0,144,2,108,141,2,253,238,6,244,497
04/26/2007,BFL,CA,AWP,WE,Combined TRACON& Tower with Radar,4,58,52,2,116,0,37,136,0,173,4,95,188,2,289,296,0,296,585
04/27/2007,BFL,CA,AWP,WE,Combined TRACON& Tower with Radar,4,63,40,0,107,1,62,87,0,150,5,125,127,0,257,300,0,300,557
04/28/2007,BFL,CA,AWP,WE,Combined TRACON& Tower with Radar,2,20,21,0,43,0,7,91,0,98,2,27,112,0,141,40,0,40,181
04/29/2007,BFL,CA,AWP,WE,Combined TRACON& Tower with Radar,3,32,20,0,55,0,0,114,0,114,3,32,134,0,169,32,0,32,201
04/30/2007,BFL,CA,AWP,WE,Combined TRACON& Tower with Radar,4,47,22,0,73,0,67,99,0,166,4,114,121,0,239,300,0,300,539
05/01/2007,BFL,CA,AWP,WE,Combined TRACON& Tower with Radar,4,52,19,0,75,0,45,97,6,148,4,97,116,6,223,198,0,198,421
05/02/2007,BFL,CA,AWP,WE,Combined TRACON& Tower with Radar,4,62,44,0,110,0,54,69,0,123,4,116,113,0,233,264,0,264,497
05/03/2007,BFL,CA,AWP,WE,Combined TRACON& Tower with Radar,6,60,41,0,107,0,46,86,1,133,6,106,127,1,240,188,0,188,428
05/04/2007,BFL,CA,AWP,WE,Combined TRACON& Tower with Radar,2,45,43,0,90,0,49,59,0,108,2,94,102,0,198,174,0,174,372
05/05/2007,BFL,CA,AWP,WE,Combined TRACON& Tower with Radar,1,36,20,0,57,0,8,54,0,62,1,44,74,0,119,26,0,26,145
05/06/2007,BFL,CA,AWP,WE,Combined TRACON& Tower with Radar,2,24,23,0,49,0,12,79,0,91,2,36,102,0,140,14,0,14,154
05/07/2007,BFL,CA,AWP,WE,Combined TRACON& Tower with Radar,4,42,34,0,80,0,69,85,4,158,4,111,119,4,238,310,0,310,548
05/08/2007,BFL,CA,AWP,WE,Combined TRACON& Tower with Radar,4,45,43,0,92,1,71,104,2,178,5,116,147,2,270,216,0,216,486
05/09/2007,BFL,CA,AWP,WE,Combined TRACON& Tower with Radar,4,73,34,0,111,0,49,137,2,188,4,122,171,2,299,202,0,202,501
05/10/2007,BFL,CA,AWP,WE,Combined TRACON& Tower with Radar,4,58,43,0,105,0,48,116,0,164,4,106,159,0,269,168,2,170,439
05/11/2007,BFL,CA,AWP,WE,Combined TRACON& Tower with Radar,4,56,36,0,96,0,62,117,0,179,4,118,153,0,275,188,0,188,463
05/12/2007,BFL,CA,AWP,WE,Combined TRACON& Tower with Radar,2,20,19,0,41,0,4,98,0,102,2,24,117,0,143,44,0,44,187
05/13/2007,BFL,CA,AWP,WE,Combined TRACON& Tower with Radar,2,23,25,0,50,0,15,70,2,87,2,38,95,2,137,4,0,4,141
05/14/2007,BFL,CA,AWP,WE,Combined TRACON& Tower with Radar,4,52,28,0,84,0,104,121,0,225,4,156,149,0,309,122,0,122,431
05/15/2007,BFL,CA,AWP,WE,Combined TRACON& Tower with Radar,4,62,54,0,120,0,59,92,2,153,4,121,146,2,273,156,0,156,429
05/16/2007,BFL,CA,AWP,WE,Combined TRACON& Tower with Radar,4,59,59,1,123,0,33,114,2,149,4,92,173,3,272,154,0,154,426
05/17/2007,BFL,CA,AWP,WE,Combined TRACON& Tower with Radar,6,58,58,1,123,0,58,134,3,195,6,116,192,4,318,182,0,182,500
05/18/2007,BFL,CA,AWP,WE,Combined TRACON& Tower with Radar,3,68,51,0,122,0,83,210,2,295,3,151,261,2,417,126,1,127,544
05/19/2007,BFL,CA,AWP,WE,Combined TRACON& Tower with Radar,2,29,33,0,64,0,15,98,0,113,2,44,131,0,177,17,0,17,194
05/20/2007,BFL,CA,AWP,WE,Combined TRACON& Tower with Radar,4,28,22,0,54,0,3,127,0,130,4,31,149,0,184,4,0,4,188
05/21/2007,BFL,CA,AWP,WE,Combined TRACON& Tower with Radar,4,65,28,0,97,0,85,95,0,180,4,150,123,0,277,96,0,96,373
05/22/2007,BFL,CA,AWP,WE,Combined TRACON& Tower with Radar,4,55,25,0,84,0,52,90,0,142,4,107,115,0,226,162,0,162,388
05/23/2007,BFL,CA,AWP,WE,Combined TRACON& Tower with Radar,2,77,29,11,119,0,46,136,8,190,2,123,165,19,309,74,8,82,391
05/24/2007,BFL,CA,AWP,WE,Combined TRACON& Tower with Radar,6,61,44,0,111,0,49,119,0,168,6,110,163,0,279,104,0,104,383
05/25/2007,BFL,CA,AWP,WE,Combined TRACON& Tower with Radar,2,59,21,0,82,0,61,112,0,173,2,120,133,0,255,126,4,130,385
05/26/2007,BFL,CA,AWP,WE,Combined TRACON& Tower with Radar,3,25,27,0,55,0,25,66,0,91,3,50,93,0,146,2,0,2,148
05/27/2007,BFL,CA,AWP,WE,Combined TRACON& Tower with Radar,2,20,13,0,35,0,3,86,0,89,2,23,99,0,124,14,0,14,138
05/28/2007,BFL,CA,AWP,WE,Combined TRACON& Tower with Radar,2,26,19,0,47,0,11,86,0,97,2,37,105,0,144,9,0,9,153
05/29/2007,BFL,CA,AWP,WE,Combined TRACON& Tower with Radar,4,62,43,0,109,0,84,76,0,160,4,146,119,0,269,134,0,134,403
05/30/2007,BFL,CA,AWP,WE,Combined TRACON& Tower with Radar,4,61,49,0,114,0,53,104,0,157,4,114,153,0,271,108,0,108,379
05/31/2007,BFL,CA,AWP,WE,Combined TRACON& Tower with Radar,4,66,35,3,108,0,70,145,4,219,4,136,180,7,327,136,20,156,483
06/01/2007,BFL,CA,AWP,WE,Combined TRACON& Tower with Radar,2,68,72,0,142,0,68,130,2,200,2,136,202,2,342,185,0,185,527
06/02/2007,BFL,CA,AWP,WE,Combined TRACON& Tower with Radar,2,23,35,0,60,0,2,80,0,82,2,25,115,0,142,14,0,14,156
06/03/2007,BFL,CA,AWP,WE,Combined TRACON& Tower with Radar,2,28,25,0,55,0,0,93,0,93,2,28,118,0,148,36,0,36,184
06/04/2007,BFL,CA,AWP,WE,Combined TRACON& Tower with Radar,4,33,25,1,63,0,5,74,1,80,4,38,99,2,143,46,0,46,189
06/05/2007,BFL,CA,AWP,WE,Combined TRACON& Tower with Radar,4,58,41,0,103,0,39,56,0,95,4,97,97,0,198,86,0,86,284
06/06/2007,BFL,CA,AWP,WE,Combined TRACON& Tower with Radar,4,61,53,0,118,0,55,83,0,138,4,116,136,0,256,72,0,72,328
06/07/2007,BFL,CA,AWP,WE,Combined TRACON& Tower with Radar,2,56,46,0,104,0,88,103,0,191,2,144,149,0,295,192,0,192,487
06/08/2007,BFL,CA,AWP,WE,Combined TRACON& Tower with Radar,4,51,35,2,92,0,87,94,0,181,4,138,129,2,273,153,0,153,426
06/09/2007,BFL,CA,AWP,WE,Combined TRACON& Tower with Radar,0,30,26,0,56,0,8,79,0,87,0,38,105,0,143,6,0,6,149
06/10/2007,BFL,CA,AWP,WE,Combined TRACON& Tower with Radar,2,29,28,0,59,0,0,85,0,85,2,29,113,0,144,10,0,10,154
06/11/2007,BFL,CA,AWP,WE,Combined TRACON& Tower with Radar,4,57,14,3,78,0,98,108,3,209,4,155,122,6,287,160,0,160,447
06/12/2007,BFL,CA,AWP,WE,Combined TRACON& Tower with Radar,4,52,36,0,92,0,78,81,2,161,4,130,117,2,253,140,0,140,393
06/13/2007,BFL,CA,AWP,WE,Combined TRACON& Tower with Radar,2,53,44,0,99,0,79,116,0,195,2,132,160,0,294,164,0,164,458
06/14/2007,BFL,CA,AWP,WE,Combined TRACON& Tower with Radar,3,46,27,1,77,0,58,128,2,188,3,104,155,3,265,178,0,178,443
06/15/2007,BFL,CA,AWP,WE,Combined TRACON& Tower with Radar,2,59,40,1,102,0,91,112,0,203,2,150,152,1,305,214,0,214,519
06/16/2007,BFL,CA,AWP,WE,Combined TRACON& Tower with Radar,0,27,16,0,43,0,10,61,0,71,0,37,77,0,114,14,0,14,128
06/17/2007,BFL,CA,AWP,WE,Combined TRACON& Tower with Radar,2,29,9,0,40,0,2,86,0,88,2,31,95,0,128,2,0,2,130
06/18/2007,BFL,CA,AWP,WE,Combined TRACON& Tower with Radar,4,69,31,0,104,0,68,82,2,152,4,137,113,2,256,232,0,232,488
06/19/2007,BFL,CA,AWP,WE,Combined TRACON& Tower with Radar,4,62,32,0,98,0,85,89,0,174,4,147,121,0,272,204,0,204,476
06/20/2007,BFL,CA,AWP,WE,Combined TRACON& Tower with Radar,4,81,38,0,123,0,67,89,0,156,4,148,127,0,279,208,0,208,487
06/21/2007,BFL,CA,AWP,WE,Combined TRACON& Tower with Radar,4,53,47,0,104,0,61,95,0,156,4,114,142,0,260,212,0,212,472
06/22/2007,BFL,CA,AWP,WE,Combined TRACON& Tower with Radar,2,53,37,0,92,0,69,103,0,172,2,122,140,0,264,220,0,220,484
06/23/2007,BFL,CA,AWP,WE,Combined TRACON& Tower with Radar,0,28,21,0,49,0,15,68,0,83,0,43,89,0,132,8,4,12,144
06/24/2007,BFL,CA,AWP,WE,Combined TRACON& Tower with Radar,2,28,25,0,55,0,2,72,0,74,2,30,97,0,129,22,0,22,151
06/25/2007,BFL,CA,AWP,WE,Combined TRACON& Tower with Radar,6,71,30,0,107,0,60,79,2,141,6,131,109,2,248,194,2,196,444
06/26/2007,BFL,CA,AWP,WE,Combined TRACON& Tower with Radar,4,55,22,4,85,0,60,100,2,162,4,115,122,6,247,140,2,142,389
06/27/2007,BFL,CA,AWP,WE,Combined TRACON& Tower with Radar,4,82,40,2,128,0,38,100,0,138,4,120,140,2,266,180,0,180,446
06/28/2007,BFL,CA,AWP,WE,Combined TRACON& Tower with Radar,2,73,29,2,106,0,62,104,0,166,2,135,133,2,272,126,0,126,398
06/29/2007,BFL,CA,AWP,WE,Combined TRACON& Tower with Radar,1,61,43,0,105,0,71,124,0,195,1,132,167,0,300,186,0,186,486
06/30/2007,BFL,CA,AWP,WE,Combined TRACON& Tower with Radar,0,34,20,0,54,0,2,65,0,67,0,36,85,0,121,22,0,22,143
07/01/2007,BFL,CA,AWP,WE,Combined TRACON& Tower with Radar,2,25,18,0,45,0,15,80,0,95,2,40,98,0,140,46,0,46,186
07/02/2007,BFL,CA,AWP,WE,Combined TRACON& Tower with Radar,4,53,20,0,77,0,76,79,0,155,4,129,99,0,232,182,0,182,414
07/03/2007,BFL,CA,AWP,WE,Combined TRACON& Tower with Radar,4,49,40,0,93,0,73,94,0,167,4,122,134,0,260,179,1,180,440
07/04/2007,BFL,CA,AWP,WE,Combined TRACON& Tower with Radar,2,20,7,0,29,0,6,86,0,92,2,26,93,0,121,16,0,16,137
07/05/2007,BFL,CA,AWP,WE,Combined TRACON& Tower with Radar,4,57,31,4,96,0,52,65,0,117,4,109,96,4,213,140,0,140,353
07/06/2007,BFL,CA,AWP,WE,Combined TRACON& Tower with Radar,3,52,44,4,103,1,61,80,0,142,4,113,124,4,245,234,4,238,483
07/07/2007,BFL,CA,AWP,WE,Combined TRACON& Tower with Radar,2,33,32,0,67,0,4,61,0,65,2,37,93,0,132,25,0,25,157
07/08/2007,BFL,CA,AWP,WE,Combined TRACON& Tower with Radar,6,28,26,0,60,0,3,110,0,113,6,31,136,0,173,40,0,40,213
07/09/2007,BFL,CA,AWP,WE,Combined TRACON& Tower with Radar,3,36,13,0,52,1,61,79,0,141,4,97,92,0,193,256,0,256,449
07/10/2007,BFL,CA,AWP,WE,Combined TRACON& Tower with Radar,5,50,37,0,92,0,76,98,2,176,5,126,135,2,268,254,0,254,522
07/11/2007,BFL,CA,AWP,WE,Combined TRACON& Tower with Radar,4,60,47,0,111,1,64,94,0,159,5,124,141,0,270,248,0,248,518
07/12/2007,BFL,CA,AWP,WE,Combined TRACON& Tower with Radar,2,72,35,1,110,0,49,109,1,159,2,121,144,2,269,218,0,218,487
07/13/2007,BFL,CA,AWP,WE,Combined TRACON& Tower with Radar,2,50,25,0,77,0,38,98,0,136,2,88,123,0,213,198,0,198,411
07/14/2007,BFL,CA,AWP,WE,Combined TRACON& Tower with Radar,0,34,25,0,59,0,14,58,0,72,0,48,83,0,131,50,0,50,181
07/15/2007,BFL,CA,AWP,WE,Combined TRACON& Tower with Radar,4,24,13,0,41,0,12,107,0,119,4,36,120,0,160,48,0,48,208
07/16/2007,BFL,CA,AWP,WE,Combined TRACON& Tower with Radar,4,45,26,1,76,0,74,80,1,155,4,119,106,2,231,234,0,234,465
07/17/2007,BFL,CA,AWP,WE,Combined TRACON& Tower with Radar,4,43,20,5,72,0,104,93,0,197,4,147,113,5,269,214,4,218,487
07/18/2007,BFL,CA,AWP,WE,Combined TRACON& Tower with Radar,4,75,31,2,112,0,55,77,0,132,4,130,108,2,244,189,4,193,437
07/19/2007,BFL,CA,AWP,WE,Combined TRACON& Tower with Radar,4,74,32,1,111,0,42,84,0,126,4,116,116,1,237,123,0,123,360
07/20/2007,BFL,CA,AWP,WE,Combined TRACON& Tower with Radar,2,58,40,0,100,0,69,93,1,163,2,127,133,1,263,234,0,234,497
07/21/2007,BFL,CA,AWP,WE,Combined TRACON& Tower with Radar,0,29,15,0,44,0,4,69,0,73,0,33,84,0,117,26,0,26,143
07/22/2007,BFL,CA,AWP,WE,Combined TRACON& Tower with Radar,3,30,21,0,54,0,2,88,1,91,3,32,109,1,145,18,0,18,163
07/23/2007,BFL,CA,AWP,WE,Combined TRACON& Tower with Radar,2,60,35,1,98,0,62,51,1,114,2,122,86,2,212,180,0,180,392
07/24/2007,BFL,CA,AWP,WE,Combined TRACON& Tower with Radar,4,49,57,1,111,0,69,65,0,134,4,118,122,1,245,202,0,202,447
07/25/2007,BFL,CA,AWP,WE,Combined TRACON& Tower with Radar,6,53,28,0,87,0,87,110,3,200,6,140,138,3,287,222,0,222,509
07/26/2007,BFL,CA,AWP,WE,Combined TRACON& Tower with Radar,4,56,28,7,95,0,65,127,2,194,4,121,155,9,289,212,7,219,508
07/27/2007,BFL,CA,AWP,WE,Combined TRACON& Tower with Radar,2,49,32,0,83,0,91,125,0,216,2,140,157,0,299,186,0,186,485
07/28/2007,BFL,CA,AWP,WE,Combined TRACON& Tower with Radar,0,39,28,0,67,0,1,85,0,86,0,40,113,0,153,16,0,16,169
07/29/2007,BFL,CA,AWP,WE,Combined TRACON& Tower with Radar,2,29,26,0,57,0,11,103,0,114,2,40,129,0,171,22,0,22,193
07/30/2007,BFL,CA,AWP,WE,Combined TRACON& Tower with Radar,2,44,31,2,79,0,54,68,0,122,2,98,99,2,201,140,0,140,341
07/31/2007,BFL,CA,AWP,WE,Combined TRACON& Tower with Radar,1,52,31,3,87,0,62,90,0,152,1,114,121,3,239,156,0,156,395
08/01/2007,BFL,CA,AWP,WE,Combined TRACON& Tower with Radar,3,57,43,6,109,0,82,117,4,203,3,139,160,10,312,242,0,242,554
08/02/2007,BFL,CA,AWP,WE,Combined TRACON& Tower with Radar,4,48,41,0,93,0,62,84,0,146,4,110,125,0,239,140,0,140,379
08/03/2007,BFL,CA,AWP,WE,Combined TRACON& Tower with Radar,2,40,33,2,77,0,68,99,0,167,2,108,132,2,244,192,0,192,436
08/04/2007,BFL,CA,AWP,WE,Combined TRACON& Tower with Radar,0,32,33,0,65,0,19,49,0,68,0,51,82,0,133,2,0,2,135
08/05/2007,BFL,CA,AWP,WE,Combined TRACON& Tower with Radar,3,32,30,0,65,0,0,78,0,78,3,32,108,0,143,10,0,10,153
08/06/2007,BFL,CA,AWP,WE,Combined TRACON& Tower with Radar,4,63,38,0,105,0,48,70,0,118,4,111,108,0,223,260,0,260,483
08/07/2007,BFL,CA,AWP,WE,Combined TRACON& Tower with Radar,4,53,33,1,91,0,69,69,0,138,4,122,102,1,229,154,0,154,383
08/08/2007,BFL,CA,AWP,WE,Combined TRACON& Tower with Radar,4,80,32,3,119,0,33,95,0,128,4,113,127,3,247,82,0,82,329
08/09/2007,BFL,CA,AWP,WE,Combined TRACON& Tower with Radar,2,65,31,2,100,0,48,109,2,159,2,113,140,4,259,162,0,162,421
08/10/2007,BFL,CA,AWP,WE,Combined TRACON& Tower with Radar,4,61,43,1,109,0,62,112,0,174,4,123,155,1,283,146,4,150,433
08/11/2007,BFL,CA,AWP,WE,Combined TRACON& Tower with Radar,0,30,22,0,52,0,5,83,0,88,0,35,105,0,140,0,0,0,140
08/12/2007,BFL,CA,AWP,WE,Combined TRACON& Tower with Radar,2,25,29,0,56,0,10,114,2,126,2,35,143,2,182,3,0,3,185
08/13/2007,BFL,CA,AWP,WE,Combined TRACON& Tower with Radar,2,66,35,0,103,1,52,113,0,166,3,118,148,0,269,146,0,146,415
08/14/2007,BFL,CA,AWP,WE,Combined TRACON& Tower with Radar,2,59,21,0,82,0,27,64,0,91,2,86,85,0,173,34,0,34,207
08/15/2007,BFL,CA,AWP,WE,Combined TRACON& Tower with Radar,4,66,51,4,125,0,31,71,0,102,4,97,122,4,227,92,4,96,323
08/16/2007,BFL,CA,AWP,WE,Combined TRACON& Tower with Radar,5,67,65,2,139,0,75,87,0,162,5,142,152,2,301,120,0,120,421
08/17/2007,BFL,CA,AWP,WE,Combined TRACON& Tower with Radar,3,70,36,0,109,0,30,91,0,121,3,100,127,0,230,158,0,158,388
08/18/2007,BFL,CA,AWP,WE,Combined TRACON& Tower with Radar,0,32,3,0,35,0,0,94,2,96,0,32,97,2,131,34,0,34,165
08/19/2007,BFL,CA,AWP,WE,Combined TRACON& Tower with Radar,3,26,18,0,47,0,12,84,0,96,3,38,102,0,143,12,0,12,155
08/20/2007,BFL,CA,AWP,WE,Combined TRACON& Tower with Radar,3,54,29,0,86,0,87,86,0,173,3,141,115,0,259,240,0,240,499
08/21/2007,BFL,CA,AWP,WE,Combined TRACON& Tower with Radar,4,52,28,1,85,0,45,72,1,118,4,97,100,2,203,126,0,126,329
08/22/2007,BFL,CA,AWP,WE,Combined TRACON& Tower with Radar,4,62,51,0,117,0,66,89,2,157,4,128,140,2,274,144,0,144,418
08/23/2007,BFL,CA,AWP,WE,Combined TRACON& Tower with Radar,5,58,50,0,113,0,69,90,0,159,5,127,140,0,272,94,0,94,366
08/24/2007,BFL,CA,AWP,WE,Combined TRACON& Tower with Radar,4,61,63,4,132,0,52,91,1,144,4,113,154,5,276,108,2,110,386
08/25/2007,BFL,CA,AWP,WE,Combined TRACON& Tower with Radar,0,29,16,2,47,0,5,111,1,117,0,34,127,3,164,42,0,42,206
08/26/2007,BFL,CA,AWP,WE,Combined TRACON& Tower with Radar,2,30,32,2,66,0,2,76,0,78,2,32,108,2,144,0,0,0,144
08/27/2007,BFL,CA,AWP,WE,Combined TRACON& Tower with Radar,4,64,25,0,93,0,74,71,0,145,4,138,96,0,238,120,0,120,358
08/28/2007,BFL,CA,AWP,WE,Combined TRACON& Tower with Radar,2,71,16,0,89,0,66,120,0,186,2,137,136,0,275,72,0,72,347
08/29/2007,BFL,CA,AWP,WE,Combined TRACON& Tower with Radar,4,72,48,0,124,0,66,109,0,175,4,138,157,0,299,106,0,106,405
08/30/2007,BFL,CA,AWP,WE,Combined TRACON& Tower with Radar,3,80,63,0,146,0,44,125,0,169,3,124,188,0,315,108,0,108,423
08/31/2007,BFL,CA,AWP,WE,Combined TRACON& Tower with Radar,2,60,68,0,130,0,67,115,0,182,2,127,183,0,312,134,0,134,446
09/01/2007,BFL,CA,AWP,WE,Combined TRACON& Tower with Radar,0,24,17,0,41,0,5,91,0,96,0,29,108,0,137,12,0,12,149
09/02/2007,BFL,CA,AWP,WE,Combined TRACON& Tower with Radar,2,20,11,0,33,0,1,29,0,30,2,21,40,0,63,7,0,7,70
09/03/2007,BFL,CA,AWP,WE,Combined TRACON& Tower with Radar,4,28,37,0,69,0,3,95,0,98,4,31,132,0,167,16,0,16,183
09/04/2007,BFL,CA,AWP,WE,Combined TRACON& Tower with Radar,4,58,38,0,100,0,70,55,0,125,4,128,93,0,225,130,2,132,357
09/05/2007,BFL,CA,AWP,WE,Combined TRACON& Tower with Radar,3,76,55,0,134,0,62,75,0,137,3,138,130,0,271,160,0,160,431
09/06/2007,BFL,CA,AWP,WE,Combined TRACON& Tower with Radar,6,72,59,0,137,0,60,88,0,148,6,132,147,0,285,165,0,165,450
09/07/2007,BFL,CA,AWP,WE,Combined TRACON& Tower with Radar,7,65,55,1,128,0,43,73,0,116,7,108,128,1,244,158,0,158,402
09/08/2007,BFL,CA,AWP,WE,Combined TRACON& Tower with Radar,2,25,16,0,43,0,20,69,0,89,2,45,85,0,132,4,0,4,136
09/09/2007,BFL,CA,AWP,WE,Combined TRACON& Tower with Radar,5,21,21,0,47,0,1,83,0,84,5,22,104,0,131,26,0,26,157
09/10/2007,BFL,CA,AWP,WE,Combined TRACON& Tower with Radar,9,74,22,2,107,0,43,90,0,133,9,117,112,2,240,146,0,146,386
09/11/2007,BFL,CA,AWP,WE,Combined TRACON& Tower with Radar,7,59,39,4,109,1,89,108,3,201,8,148,147,7,310,150,2,152,462
09/12/2007,BFL,CA,AWP,WE,Combined TRACON& Tower with Radar,6,63,54,0,123,0,48,96,0,144,6,111,150,0,267,146,0,146,413
09/13/2007,BFL,CA,AWP,WE,Combined TRACON& Tower with Radar,7,61,68,0,136,0,43,104,2,149,7,104,172,2,285,136,0,136,421
09/14/2007,BFL,CA,AWP,WE,Combined TRACON& Tower with Radar,7,58,39,0,104,0,47,111,6,164,7,105,150,6,268,156,0,156,424
09/15/2007,BFL,CA,AWP,WE,Combined TRACON& Tower with Radar,2,45,16,0,63,0,5,63,2,70,2,50,79,2,133,14,0,14,147
09/16/2007,BFL,CA,AWP,WE,Combined TRACON& Tower with Radar,4,29,25,0,58,0,2,68,2,72,4,31,93,2,130,0,0,0,130
09/17/2007,BFL,CA,AWP,WE,Combined TRACON& Tower with Radar,8,45,17,1,71,1,73,131,2,207,9,118,148,3,278,206,6,212,490
09/18/2007,BFL,CA,AWP,WE,Combined TRACON& Tower with Radar,7,53,37,0,97,2,64,102,19,187,9,117,139,19,284,182,17,199,483
09/19/2007,BFL,CA,AWP,WE,Combined TRACON& Tower with Radar,6,71,67,1,145,0,45,113,3,161,6,116,180,4,306,196,0,196,502
09/20/2007,BFL,CA,AWP,WE,Combined TRACON& Tower with Radar,6,54,61,6,127,0,30,92,2,124,6,84,153,8,251,116,6,122,373
09/21/2007,BFL,CA,AWP,WE,Combined TRACON& Tower with Radar,7,57,58,0,122,0,45,99,0,144,7,102,157,0,266,94,0,94,360
09/22/2007,BFL,CA,AWP,WE,Combined TRACON& Tower with Radar,2,25,22,2,51,0,0,34,0,34,2,25,56,2,85,30,0,30,115
09/23/2007,BFL,CA,AWP,WE,Combined TRACON& Tower with Radar,4,25,41,4,74,0,4,72,0,76,4,29,113,4,150,22,0,22,172
09/24/2007,BFL,CA,AWP,WE,Combined TRACON& Tower with Radar,7,35,33,0,75,0,74,73,0,147,7,109,106,0,222,224,2,226,448
09/25/2007,BFL,CA,AWP,WE,Combined TRACON& Tower with Radar,6,53,34,0,93,0,53,92,0,145,6,106,126,0,238,132,0,132,370
09/26/2007,BFL,CA,AWP,WE,Combined TRACON& Tower with Radar,9,49,50,0,108,0,32,93,0,125,9,81,143,0,233,110,0,110,343
09/27/2007,BFL,CA,AWP,WE,Combined TRACON& Tower with Radar,8,51,41,2,102,0,26,102,0,128,8,77,143,2,230,166,0,166,396
09/28/2007,BFL,CA,AWP,WE,Combined TRACON& Tower with Radar,8,53,54,0,115,0,43,95,0,138,8,96,149,0,253,182,0,182,435
09/29/2007,BFL,CA,AWP,WE,Combined TRACON& Tower with Radar,2,33,31,0,66,0,2,48,0,50,2,35,79,0,116,64,0,64,180
09/30/2007,BFL,CA,AWP,WE,Combined TRACON& Tower with Radar,7,25,38,0,70,0,0,70,0,70,7,25,108,0,140,20,0,20,160
10/01/2007,BFL,CA,AWP,WE,Combined TRACON& Tower with Radar,9,46,32,3,90,0,65,68,5,138,9,111,100,8,228,254,0,254,482
10/02/2007,BFL,CA,AWP,WE,Combined TRACON& Tower with Radar,8,48,28,0,84,0,54,141,0,195,8,102,169,0,279,152,0,152,431
10/03/2007,BFL,CA,AWP,WE,Combined TRACON& Tower with Radar,7,69,48,1,125,0,33,83,4,120,7,102,131,5,245,150,0,150,395
10/04/2007,BFL,CA,AWP,WE,Combined TRACON& Tower with Radar,6,58,32,2,98,1,41,70,2,114,7,99,102,4,212,159,7,166,378
10/05/2007,BFL,CA,AWP,WE,Combined TRACON& Tower with Radar,8,65,34,0,107,0,48,67,2,117,8,113,101,2,224,248,0,248,472
10/06/2007,BFL,CA,AWP,WE,Combined TRACON& Tower with Radar,2,23,25,0,50,1,1,62,0,64,3,24,87,0,114,30,0,30,144
10/07/2007,BFL,CA,AWP,WE,Combined TRACON& Tower with Radar,5,22,21,0,48,0,4,70,0,74,5,26,91,0,122,17,0,17,139
10/08/2007,BFL,CA,AWP,WE,Combined TRACON& Tower with Radar,7,43,40,0,90,0,65,65,0,130,7,108,105,0,220,221,0,221,441
10/09/2007,BFL,CA,AWP,WE,Combined TRACON& Tower with Radar,9,53,33,3,98,1,69,82,2,154,10,122,115,5,252,162,0,162,414
10/10/2007,BFL,CA,AWP,WE,Combined TRACON& Tower with Radar,7,61,50,2,120,0,35,99,0,134,7,96,149,2,254,206,1,207,461
10/11/2007,BFL,CA,AWP,WE,Combined TRACON& Tower with Radar,7,73,44,0,124,0,47,115,4,166,7,120,159,4,290,244,0,244,534
10/12/2007,BFL,CA,AWP,WE,Combined TRACON& Tower with Radar,8,62,62,0,132,0,47,66,2,115,8,109,128,2,247,318,2,320,567
10/13/2007,BFL,CA,AWP,WE,Combined TRACON& Tower with Radar,2,22,41,0,65,0,8,16,0,24,2,30,57,0,89,0,0,0,89
10/14/2007,BFL,CA,AWP,WE,Combined TRACON& Tower with Radar,5,27,27,3,62,0,1,95,1,97,5,28,122,4,159,24,0,24,183
10/15/2007,BFL,CA,AWP,WE,Combined TRACON& Tower with Radar,9,45,46,1,101,0,69,73,0,142,9,114,119,1,243,208,0,208,451
10/16/2007,BFL,CA,AWP,WE,Combined TRACON& Tower with Radar,10,62,57,4,133,0,60,63,1,124,10,122,120,5,257,366,0,366,623
10/17/2007,BFL,CA,AWP,WE,Combined TRACON& Tower with Radar,8,55,51,1,115,0,52,88,0,140,8,107,139,1,255,198,0,198,453
10/18/2007,BFL,CA,AWP,WE,Combined TRACON& Tower with Radar,6,64,40,0,110,2,46,94,0,142,8,110,134,0,252,272,0,272,524
10/19/2007,BFL,CA,AWP,WE,Combined TRACON& Tower with Radar,9,55,48,0,112,0,46,78,3,127,9,101,126,3,239,252,0,252,491
10/20/2007,BFL,CA,AWP,WE,Combined TRACON& Tower with Radar,2,21,30,0,53,0,0,47,2,49,2,21,77,2,102,2,0,2,104
10/21/2007,BFL,CA,AWP,WE,Combined TRACON& Tower with Radar,6,23,20,0,49,1,6,90,0,97,7,29,110,0,146,22,0,22,168
10/22/2007,BFL,CA,AWP,WE,Combined TRACON& Tower with Radar,7,36,21,0,64,0,64,82,3,149,7,100,103,3,213,120,12,132,345
10/23/2007,BFL,CA,AWP,WE,Combined TRACON& Tower with Radar,7,68,42,0,117,0,41,76,1,118,7,109,118,1,235,242,0,242,477
10/24/2007,BFL,CA,AWP,WE,Combined TRACON& Tower with Radar,8,63,44,1,116,0,60,93,1,154,8,123,137,2,270,286,0,286,556
10/25/2007,BFL,CA,AWP,WE,Combined TRACON& Tower with Radar,6,63,36,2,107,0,53,118,0,171,6,116,154,2,278,288,0,288,566
10/26/2007,BFL,CA,AWP,WE,Combined TRACON& Tower with Radar,9,60,66,2,137,0,54,84,3,141,9,114,150,5,278,262,0,262,540
10/27/2007,BFL,CA,AWP,WE,Combined TRACON& Tower with Radar,0,25,74,0,99,0,4,92,0,96,0,29,166,0,195,68,0,68,263
10/28/2007,BFL,CA,AWP,WE,Combined TRACON& Tower with Radar,6,22,31,0,59,0,7,78,0,85,6,29,109,0,144,4,0,4,148
10/29/2007,BFL,CA,AWP,WE,Combined TRACON& Tower with Radar,9,34,33,0,76,0,72,65,0,137,9,106,98,0,213,242,0,242,455
10/30/2007,BFL,CA,AWP,WE,Combined TRACON& Tower with Radar,9,74,81,0,164,0,8,31,0,39,9,82,112,0,203,138,0,138,341
10/31/2007,BFL,CA,AWP,WE,Combined TRACON& Tower with Radar,8,75,35,3,121,0,39,117,2,158,8,114,152,5,279,210,0,210,489
11/01/2007,BFL,CA,AWP,WE,Combined TRACON& Tower with Radar,10,63,69,5,147,0,12,34,0,46,10,75,103,5,193,72,0,72,265
11/02/2007,BFL,CA,AWP,WE,Combined TRACON& Tower with Radar,5,26,55,0,86,3,63,97,0,163,8,89,152,0,249,12,0,12,261
11/03/2007,BFL,CA,AWP,WE,Combined TRACON& Tower with Radar,2,28,71,0,101,0,2,31,0,33,2,30,102,0,134,5,2,7,141
11/04/2007,BFL,CA,AWP,WE,Combined TRACON& Tower with Radar,7,23,61,0,91,0,4,56,3,63,7,27,117,3,154,34,0,34,188
11/05/2007,BFL,CA,AWP,WE,Combined TRACON& Tower with Radar,6,53,57,1,117,0,33,58,2,93,6,86,115,3,210,214,0,214,424
11/06/2007,BFL,CA,AWP,WE,Combined TRACON& Tower with Radar,6,52,57,0,115,0,91,63,4,158,6,143,120,4,273,374,0,374,647
11/07/2007,BFL,CA,AWP,WE,Combined TRACON& Tower with Radar,6,68,68,0,142,0,50,65,3,118,6,118,133,3,260,273,0,273,533
11/08/2007,BFL,CA,AWP,WE,Combined TRACON& Tower with Radar,7,62,46,0,115,2,58,69,7,136,9,120,115,7,251,184,0,184,435
11/09/2007,BFL,CA,AWP,WE,Combined TRACON& Tower with Radar,6,69,55,0,130,0,49,69,5,123,6,118,124,5,253,204,0,204,457
11/10/2007,BFL,CA,AWP,WE,Combined TRACON& Tower with Radar,2,22,41,0,65,0,20,68,1,89,2,42,109,1,154,24,0,24,178
11/11/2007,BFL,CA,AWP,WE,Combined TRACON& Tower with Radar,5,24,54,0,83,0,0,19,0,19,5,24,73,0,102,0,0,0,102
11/12/2007,BFL,CA,AWP,WE,Combined TRACON& Tower with Radar,7,48,55,0,110,0,51,77,0,128,7,99,132,0,238,298,0,298,536
11/13/2007,BFL,CA,AWP,WE,Combined TRACON& Tower with Radar,7,46,28,4,85,0,59,98,2,159,7,105,126,6,244,278,0,278,522
11/14/2007,BFL,CA,AWP,WE,Combined TRACON& Tower with Radar,8,67,57,0,132,0,46,66,2,114,8,113,123,2,246,208,0,208,454
11/15/2007,BFL,CA,AWP,WE,Combined TRACON& Tower with Radar,5,61,85,0,151,0,16,28,0,44,5,77,113,0,195,6,0,6,201
11/16/2007,BFL,CA,AWP,WE,Combined TRACON& Tower with Radar,6,64,78,4,152,1,34,62,0,97,7,98,140,4,249,0,0,0,249
11/17/2007,BFL,CA,AWP,WE,Combined TRACON& Tower with Radar,1,26,52,0,79,0,7,53,2,62,1,33,105,2,141,22,0,22,163
11/18/2007,BFL,CA,AWP,WE,Combined TRACON& Tower with Radar,5,32,37,2,76,1,0,47,1,49,6,32,84,3,125,12,0,12,137
11/19/2007,BFL,CA,AWP,WE,Combined TRACON& Tower with Radar,5,51,51,5,112,0,17,32,4,53,5,68,83,9,165,66,0,66,231
11/20/2007,BFL,CA,AWP,WE,Combined TRACON& Tower with Radar,6,60,64,1,131,0,1,18,1,20,6,61,82,2,151,102,0,102,253
11/21/2007,BFL,CA,AWP,WE,Combined TRACON& Tower with Radar,5,39,36,1,81,0,70,93,0,163,5,109,129,1,244,304,0,304,548
11/22/2007,BFL,CA,AWP,WE,Combined TRACON& Tower with Radar,2,22,5,0,29,0,0,56,0,56,2,22,61,0,85,0,0,0,85
11/23/2007,BFL,CA,AWP,WE,Combined TRACON& Tower with Radar,5,33,28,0,66,0,16,62,0,78,5,49,90,0,144,30,0,30,174
11/24/2007,BFL,CA,AWP,WE,Combined TRACON& Tower with Radar,4,22,25,0,51,0,8,41,0,49,4,30,66,0,100,30,0,30,130
11/25/2007,BFL,CA,AWP,WE,Combined TRACON& Tower with Radar,6,27,36,0,69,0,1,76,0,77,6,28,112,0,146,4,0,4,150
11/26/2007,BFL,CA,AWP,WE,Combined TRACON& Tower with Radar,9,28,32,0,69,0,82,107,0,189,9,110,139,0,258,220,0,220,478
11/27/2007,BFL,CA,AWP,WE,Combined TRACON& Tower with Radar,6,38,32,0,76,0,37,77,0,114,6,75,109,0,190,86,0,86,276
11/28/2007,BFL,CA,AWP,WE,Combined TRACON& Tower with Radar,7,64,33,0,104,0,90,97,0,187,7,154,130,0,291,130,0,130,421
11/29/2007,BFL,CA,AWP,WE,Combined TRACON& Tower with Radar,8,73,42,0,123,0,48,141,0,189,8,121,183,0,312,146,0,146,458
11/30/2007,BFL,CA,AWP,WE,Combined TRACON& Tower with Radar,8,46,39,0,93,0,48,61,0,109,8,94,100,0,202,118,0,118,320
12/01/2007,BFL,CA,AWP,WE,Combined TRACON& Tower with Radar,2,21,23,0,46,0,19,51,0,70,2,40,74,0,116,90,0,90,206
12/02/2007,BFL,CA,AWP,WE,Combined TRACON& Tower with Radar,5,21,19,0,45,0,0,59,0,59,5,21,78,0,104,4,0,4,108
12/03/2007,BFL,CA,AWP,WE,Combined TRACON& Tower with Radar,7,27,13,0,47,0,97,91,0,188,7,124,104,0,235,226,0,226,461
12/04/2007,BFL,CA,AWP,WE,Combined TRACON& Tower with Radar,6,33,30,0,69,0,92,126,0,218,6,125,156,0,287,136,0,136,423
12/05/2007,BFL,CA,AWP,WE,Combined TRACON& Tower with Radar,7,68,78,0,153,0,15,26,0,41,7,83,104,0,194,36,0,36,230
12/06/2007,BFL,CA,AWP,WE,Combined TRACON& Tower with Radar,6,54,50,0,110,1,63,48,0,112,7,117,98,0,222,207,0,207,429
12/07/2007,BFL,CA,AWP,WE,Combined TRACON& Tower with Radar,7,39,42,0,88,0,34,32,0,66,7,73,74,0,154,60,0,60,214
12/08/2007,BFL,CA,AWP,WE,Combined TRACON& Tower with Radar,3,21,17,0,41,0,0,42,0,42,3,21,59,0,83,34,0,34,117
12/09/2007,BFL,CA,AWP,WE,Combined TRACON& Tower with Radar,4,25,39,0,68,0,1,88,0,89,4,26,127,0,157,6,0,6,163
12/10/2007,BFL,CA,AWP,WE,Combined TRACON& Tower with Radar,9,35,27,1,72,0,79,79,2,160,9,114,106,3,232,150,0,150,382
12/11/2007,BFL,CA,AWP,WE,Combined TRACON& Tower with Radar,4,64,51,3,122,0,40,68,1,109,4,104,119,4,231,128,2,130,361
12/12/2007,BFL,CA,AWP,WE,Combined TRACON& Tower with Radar,5,71,37,2,115,0,43,145,0,188,5,114,182,2,303,110,10,120,423
12/13/2007,BFL,CA,AWP,WE,Combined TRACON& Tower with Radar,7,47,41,5,100,0,37,83,1,121,7,84,124,6,221,43,0,43,264
12/14/2007,BFL,CA,AWP,WE,Combined TRACON& Tower with Radar,7,45,34,0,86,0,51,85,3,139,7,96,119,3,225,114,0,114,339
12/15/2007,BFL,CA,AWP,WE,Combined TRACON& Tower with Radar,2,29,15,0,46,0,5,77,0,82,2,34,92,0,128,14,0,14,142
12/16/2007,BFL,CA,AWP,WE,Combined TRACON& Tower with Radar,5,21,19,0,45,0,8,70,2,80,5,29,89,2,125,2,0,2,127
12/17/2007,BFL,CA,AWP,WE,Combined TRACON& Tower with Radar,7,36,35,0,78,0,53,42,0,95,7,89,77,0,173,106,0,106,279
12/18/2007,BFL,CA,AWP,WE,Combined TRACON& Tower with Radar,7,41,23,0,71,1,48,30,0,79,8,89,53,0,150,124,0,124,274
12/19/2007,BFL,CA,AWP,WE,Combined TRACON& Tower with Radar,7,54,86,0,147,0,2,14,0,16,7,56,100,0,163,22,0,22,185
12/20/2007,BFL,CA,AWP,WE,Combined TRACON& Tower with Radar,5,38,43,0,86,0,36,37,2,75,5,74,80,2,161,127,2,129,290
12/21/2007,BFL,CA,AWP,WE,Combined TRACON& Tower with Radar,3,39,27,0,69,0,72,79,0,151,3,111,106,0,220,164,0,164,384
12/22/2007,BFL,CA,AWP,WE,Combined TRACON& Tower with Radar,2,37,43,0,82,0,3,48,0,51,2,40,91,0,133,12,0,12,145
12/23/2007,BFL,CA,AWP,WE,Combined TRACON& Tower with Radar,6,25,30,0,61,0,3,50,0,53,6,28,80,0,114,12,0,12,126
12/24/2007,BFL,CA,AWP,WE,Combined TRACON& Tower with Radar,6,22,20,0,48,1,1,9,0,11,7,23,29,0,59,0,0,0,59
12/25/2007,BFL,CA,AWP,WE,Combined TRACON& Tower with Radar,6,21,10,0,37,1,2,21,0,24,7,23,31,0,61,6,0,6,67
12/26/2007,BFL,CA,AWP,WE,Combined TRACON& Tower with Radar,7,61,47,0,115,0,40,52,0,92,7,101,99,0,207,154,0,154,361
12/27/2007,BFL,CA,AWP,WE,Combined TRACON& Tower with Radar,7,59,34,0,100,0,62,109,0,171,7,121,143,0,271,152,0,152,423
12/28/2007,BFL,CA,AWP,WE,Combined TRACON& Tower with Radar,6,42,36,2,86,0,47,41,0,88,6,89,77,2,174,86,0,86,260
12/29/2007,BFL,CA,AWP,WE,Combined TRACON& Tower with Radar,1,40,40,0,81,0,7,46,0,53,1,47,86,0,134,0,0,0,134
12/30/2007,BFL,CA,AWP,WE,Combined TRACON& Tower with Radar,5,25,28,0,58,0,6,39,2,47,5,31,67,2,105,0,0,0,105
12/31/2007,BFL,CA,AWP,WE,Combined TRACON& Tower with Radar,4,40,27,0,71,1,5,11,0,17,5,45,38,0,88,52,0,52,140
01/01/2008,BFL,CA,AWP,WE,Combined TRACON& Tower with Radar,3,21,11,0,35,0,1,38,0,39,3,22,49,0,74,2,0,2,76
01/02/2008,BFL,CA,AWP,WE,Combined TRACON& Tower with Radar,7,73,27,0,107,0,76,88,0,164,7,149,115,0,271,252,4,256,527
01/03/2008,BFL,CA,AWP,WE,Combined TRACON& Tower with Radar,4,39,30,0,73,0,84,44,0,128,4,123,74,0,201,194,0,194,395
01/04/2008,BFL,CA,AWP,WE,Combined TRACON& Tower with Radar,4,34,17,0,55,0,4,4,0,8,4,38,21,0,63,14,0,14,77
01/05/2008,BFL,CA,AWP,WE,Combined TRACON& Tower with Radar,2,19,16,0,37,0,1,35,0,36,2,20,51,0,73,2,0,2,75
01/06/2008,BFL,CA,AWP,WE,Combined TRACON& Tower with Radar,3,24,14,0,41,0,3,36,0,39,3,27,50,0,80,4,0,4,84
01/07/2008,BFL,CA,AWP,WE,Combined TRACON& Tower with Radar,6,32,42,0,80,0,77,21,0,98,6,109,63,0,178,186,0,186,364
01/08/2008,BFL,CA,AWP,WE,Combined TRACON& Tower with Radar,5,25,37,0,67,0,109,58,0,167,5,134,95,0,234,248,0,248,482
01/09/2008,BFL,CA,AWP,WE,Combined TRACON& Tower with Radar,7,55,58,0,120,0,41,49,0,90,7,96,107,0,210,112,0,112,322
01/10/2008,BFL,CA,AWP,WE,Combined TRACON& Tower with Radar,5,53,57,0,115,0,33,49,0,82,5,86,106,0,197,79,0,79,276
01/11/2008,BFL,CA,AWP,WE,Combined TRACON& Tower with Radar,5,67,79,3,154,0,7,19,0,26,5,74,98,3,180,28,0,28,208
01/12/2008,BFL,CA,AWP,WE,Combined TRACON& Tower with Radar,2,30,38,0,70,0,0,8,0,8,2,30,46,0,78,2,0,2,80
01/13/2008,BFL,CA,AWP,WE,Combined TRACON& Tower with Radar,2,30,19,0,51,0,5,54,0,59,2,35,73,0,110,8,0,8,118
01/14/2008,BFL,CA,AWP,WE,Combined TRACON& Tower with Radar,6,63,36,0,105,4,27,42,0,73,10,90,78,0,178,75,0,75,253
01/15/2008,BFL,CA,AWP,WE,Combined TRACON& Tower with Radar,7,68,72,0,147,0,4,0,0,4,7,72,72,0,151,20,0,20,171
01/16/2008,BFL,CA,AWP,WE,Combined TRACON& Tower with Radar,5,89,93,0,187,0,7,21,0,28,5,96,114,0,215,66,0,66,281
01/17/2008,BFL,CA,AWP,WE,Combined TRACON& Tower with Radar,5,53,66,0,124,0,26,31,0,57,5,79,97,0,181,124,0,124,305
01/18/2008,BFL,CA,AWP,WE,Combined TRACON& Tower with Radar,5,67,53,0,125,0,26,38,0,64,5,93,91,0,189,76,0,76,265
01/19/2008,BFL,CA,AWP,WE,Combined TRACON& Tower with Radar,2,27,30,0,59,0,0,76,0,76,2,27,106,0,135,10,0,10,145
01/20/2008,BFL,CA,AWP,WE,Combined TRACON& Tower with Radar,3,24,16,0,43,0,2,75,0,77,3,26,91,0,120,24,2,26,146
01/21/2008,BFL,CA,AWP,WE,Combined TRACON& Tower with Radar,4,32,31,0,67,0,98,77,0,175,4,130,108,0,242,228,0,228,470
01/22/2008,BFL,CA,AWP,WE,Combined TRACON& Tower with Radar,6,52,32,4,94,0,39,40,0,79,6,91,72,4,173,98,8,106,279
01/23/2008,BFL,CA,AWP,WE,Combined TRACON& Tower with Radar,3,56,49,0,108,0,17,33,0,50,3,73,82,0,158,92,0,92,250
01/24/2008,BFL,CA,AWP,WE,Combined TRACON& Tower with Radar,5,64,44,0,113,0,46,36,0,82,5,110,80,0,195,142,0,142,337
01/25/2008,BFL,CA,AWP,WE,Combined TRACON& Tower with Radar,7,43,30,5,85,0,23,32,0,55,7,66,62,5,140,24,0,24,164
01/26/2008,BFL,CA,AWP,WE,Combined TRACON& Tower with Radar,1,22,29,0,52,0,0,56,0,56,1,22,85,0,108,2,0,2,110
01/27/2008,BFL,CA,AWP,WE,Combined TRACON& Tower with Radar,2,25,23,0,50,0,1,13,0,14,2,26,36,0,64,0,0,0,64
01/28/2008,BFL,CA,AWP,WE,Combined TRACON& Tower with Radar,6,48,36,2,92,0,30,30,6,66,6,78,66,8,158,114,0,114,272
01/29/2008,BFL,CA,AWP,WE,Combined TRACON& Tower with Radar,6,50,27,0,83,0,75,77,2,154,6,125,104,2,237,126,0,126,363
01/30/2008,BFL,CA,AWP,WE,Combined TRACON& Tower with Radar,7,58,61,1,127,0,35,51,1,87,7,93,112,2,214,94,0,94,308
01/31/2008,BFL,CA,AWP,WE,Combined TRACON& Tower with Radar,3,72,38,0,113,0,60,92,4,156,3,132,130,4,269,182,0,182,451
02/01/2008,BFL,CA,AWP,WE,Combined TRACON& Tower with Radar,6,64,61,0,131,0,14,42,0,56,6,78,103,0,187,28,0,28,215
02/02/2008,BFL,CA,AWP,WE,Combined TRACON& Tower with Radar,2,28,22,0,52,0,16,81,0,97,2,44,103,0,149,26,0,26,175
02/03/2008,BFL,CA,AWP,WE,Combined TRACON& Tower with Radar,5,22,19,1,47,0,3,24,0,27,5,25,43,1,74,0,0,0,74
02/04/2008,BFL,CA,AWP,WE,Combined TRACON& Tower with Radar,5,51,41,0,97,0,55,59,0,114,5,106,100,0,211,71,0,71,282
02/05/2008,BFL,CA,AWP,WE,Combined TRACON& Tower with Radar,3,51,22,4,80,0,98,89,1,188,3,149,111,5,268,154,8,162,430
02/06/2008,BFL,CA,AWP,WE,Combined TRACON& Tower with Radar,7,52,48,4,111,0,90,97,5,192,7,142,145,9,303,240,0,240,543
02/07/2008,BFL,CA,AWP,WE,Combined TRACON& Tower with Radar,8,65,77,0,150,0,41,100,1,142,8,106,177,1,292,162,0,162,454
02/08/2008,BFL,CA,AWP,WE,Combined TRACON& Tower with Radar,8,66,48,2,124,0,40,114,0,154,8,106,162,2,278,148,14,162,440
02/09/2008,BFL,CA,AWP,WE,Combined TRACON& Tower with Radar,2,35,27,0,64,0,4,76,0,80,2,39,103,0,144,38,0,38,182
02/10/2008,BFL,CA,AWP,WE,Combined TRACON& Tower with Radar,2,39,57,1,99,0,0,37,2,39,2,39,94,3,138,4,0,4,142
02/11/2008,BFL,CA,AWP,WE,Combined TRACON& Tower with Radar,8,59,60,6,133,0,23,44,2,69,8,82,104,8,202,24,0,24,226
02/12/2008,BFL,CA,AWP,WE,Combined TRACON& Tower with Radar,6,81,95,2,184,0,0,0,0,0,6,81,95,2,184,16,10,26,210
02/13/2008,BFL,CA,AWP,WE,Combined TRACON& Tower with Radar,7,67,73,6,153,0,14,50,0,64,7,81,123,6,217,44,0,44,261
02/14/2008,BFL,CA,AWP,WE,Combined TRACON& Tower with Radar,6,67,32,0,105,0,46,97,0,143,6,113,129,0,248,190,2,192,440
02/15/2008,BFL,CA,AWP,WE,Combined TRACON& Tower with Radar,6,61,37,0,104,0,60,115,0,175,6,121,152,0,279,220,0,220,499
02/16/2008,BFL,CA,AWP,WE,Combined TRACON& Tower with Radar,1,22,31,0,54,0,2,104,0,106,1,24,135,0,160,41,0,41,201
02/17/2008,BFL,CA,AWP,WE,Combined TRACON& Tower with Radar,5,22,13,0,40,0,6,69,0,75,5,28,82,0,115,6,0,6,121
02/18/2008,BFL,CA,AWP,WE,Combined TRACON& Tower with Radar,4,29,34,0,67,0,8,72,0,80,4,37,106,0,147,20,0,20,167
02/19/2008,BFL,CA,AWP,WE,Combined TRACON& Tower with Radar,4,54,70,2,130,0,55,41,1,97,4,109,111,3,227,200,0,200,427
02/20/2008,BFL,CA,AWP,WE,Combined TRACON& Tower with Radar,6,58,64,0,128,19,1,28,0,48,25,59,92,0,176,10,0,10,186
02/21/2008,BFL,CA,AWP,WE,Combined TRACON& Tower with Radar,7,73,69,0,149,0,49,65,0,114,7,122,134,0,263,216,0,216,479
02/22/2008,BFL,CA,AWP,WE,Combined TRACON& Tower with Radar,7,62,66,2,137,0,15,37,0,52,7,77,103,2,189,62,0,62,251
02/23/2008,BFL,CA,AWP,WE,Combined TRACON& Tower with Radar,3,25,21,0,49,0,6,43,0,49,3,31,64,0,98,38,0,38,136
02/24/2008,BFL,CA,AWP,WE,Combined TRACON& Tower with Radar,5,20,17,0,42,0,2,20,0,22,5,22,37,0,64,0,0,0,64
02/25/2008,BFL,CA,AWP,WE,Combined TRACON& Tower with Radar,6,65,53,0,124,0,27,41,0,68,6,92,94,0,192,154,0,154,346
02/26/2008,BFL,CA,AWP,WE,Combined TRACON& Tower with Radar,6,62,40,8,116,0,83,125,0,208,6,145,165,8,324,208,2,210,534
02/27/2008,BFL,CA,AWP,WE,Combined TRACON& Tower with Radar,6,59,53,0,118,0,61,77,0,138,6,120,130,0,256,222,0,222,478
02/28/2008,BFL,CA,AWP,WE,Combined TRACON& Tower with Radar,9,54,52,0,115,0,49,101,0,150,9,103,153,0,265,201,0,201,466
02/29/2008,BFL,CA,AWP,WE,Combined TRACON& Tower with Radar,10,47,92,1,150,0,69,102,0,171,10,116,194,1,321,246,0,246,567
03/01/2008,BFL,CA,AWP,WE,Combined TRACON& Tower with Radar,2,24,36,0,62,0,8,42,0,50,2,32,78,0,112,0,0,0,112
03/02/2008,BFL,CA,AWP,WE,Combined TRACON& Tower with Radar,4,22,20,1,47,0,4,110,1,115,4,26,130,2,162,6,0,6,168
03/03/2008,BFL,CA,AWP,WE,Combined TRACON& Tower with Radar,5,61,50,0,116,0,89,72,0,161,5,150,122,0,277,232,0,232,509
03/04/2008,BFL,CA,AWP,WE,Combined TRACON& Tower with Radar,7,54,46,0,107,0,46,87,0,133,7,100,133,0,240,174,0,174,414
03/05/2008,BFL,CA,AWP,WE,Combined TRACON& Tower with Radar,8,59,40,0,107,0,74,85,0,159,8,133,125,0,266,164,0,164,430
03/06/2008,BFL,CA,AWP,WE,Combined TRACON& Tower with Radar,8,87,51,0,146,0,75,97,0,172,8,162,148,0,318,166,2,168,486
03/07/2008,BFL,CA,AWP,WE,Combined TRACON& Tower with Radar,3,61,77,2,143,0,71,111,1,183,3,132,188,3,326,176,0,176,502
03/08/2008,BFL,CA,AWP,WE,Combined TRACON& Tower with Radar,0,24,25,0,49,1,8,98,0,107,1,32,123,0,156,32,0,32,188
03/09/2008,BFL,CA,AWP,WE,Combined TRACON& Tower with Radar,9,25,23,0,57,0,2,80,0,82,9,27,103,0,139,16,0,16,155
03/10/2008,BFL,CA,AWP,WE,Combined TRACON& Tower with Radar,8,56,52,0,116,0,66,78,0,144,8,122,130,0,260,188,0,188,448
03/11/2008,BFL,CA,AWP,WE,Combined TRACON& Tower with Radar,8,56,33,0,97,0,60,69,0,129,8,116,102,0,226,78,0,78,304
03/12/2008,BFL,CA,AWP,WE,Combined TRACON& Tower with Radar,7,63,58,0,128,0,33,121,0,154,7,96,179,0,282,64,0,64,346
03/13/2008,BFL,CA,AWP,WE,Combined TRACON& Tower with Radar,9,59,69,0,137,0,49,52,4,105,9,108,121,4,242,120,0,120,362
03/14/2008,BFL,CA,AWP,WE,Combined TRACON& Tower with Radar,7,64,56,0,127,1,42,48,0,91,8,106,104,0,218,92,0,92,310
03/15/2008,BFL,CA,AWP,WE,Combined TRACON& Tower with Radar,4,24,29,0,57,0,9,45,0,54,4,33,74,0,111,2,0,2,113
03/16/2008,BFL,CA,AWP,WE,Combined TRACON& Tower with Radar,7,26,35,0,68,1,7,64,0,72,8,33,99,0,140,26,0,26,166
03/17/2008,BFL,CA,AWP,WE,Combined TRACON& Tower with Radar,10,56,19,2,87,0,90,102,0,192,10,146,121,2,279,140,10,150,429
03/18/2008,BFL,CA,AWP,WE,Combined TRACON& Tower with Radar,8,92,35,2,137,0,39,66,0,105,8,131,101,2,242,155,0,155,397
03/19/2008,BFL,CA,AWP,WE,Combined TRACON& Tower with Radar,8,61,42,0,111,1,68,110,0,179,9,129,152,0,290,108,0,108,398
03/20/2008,BFL,CA,AWP,WE,Combined TRACON& Tower with Radar,8,61,50,2,121,0,57,102,0,159,8,118,152,2,280,158,0,158,438
03/21/2008,BFL,CA,AWP,WE,Combined TRACON& Tower with Radar,7,64,50,0,121,1,65,81,0,147,8,129,131,0,268,152,0,152,420
03/22/2008,BFL,CA,AWP,WE,Combined TRACON& Tower with Radar,1,27,14,0,42,0,0,115,0,115,1,27,129,0,157,14,0,14,171
03/23/2008,BFL,CA,AWP,WE,Combined TRACON& Tower with Radar,5,24,21,0,50,0,1,68,0,69,5,25,89,0,119,2,0,2,121
03/24/2008,BFL,CA,AWP,WE,Combined TRACON& Tower with Radar,8,46,33,0,87,0,61,73,0,134,8,107,106,0,221,192,0,192,413
03/25/2008,BFL,CA,AWP,WE,Combined TRACON& Tower with Radar,8,67,45,0,120,0,79,62,0,141,8,146,107,0,261,146,0,146,407
03/26/2008,BFL,CA,AWP,WE,Combined TRACON& Tower with Radar,10,83,57,7,157,0,70,81,2,153,10,153,138,9,310,180,4,184,494
03/27/2008,BFL,CA,AWP,WE,Combined TRACON& Tower with Radar,11,56,84,0,151,0,53,60,1,114,11,109,144,1,265,190,0,190,455
03/28/2008,BFL,CA,AWP,WE,Combined TRACON& Tower with Radar,7,70,39,7,123,4,63,102,0,169,11,133,141,7,292,254,18,272,564
03/29/2008,BFL,CA,AWP,WE,Combined TRACON& Tower with Radar,1,32,28,0,61,0,2,60,0,62,1,34,88,0,123,28,0,28,151
03/30/2008,BFL,CA,AWP,WE,Combined TRACON& Tower with Radar,8,27,30,0,65,0,3,72,0,75,8,30,102,0,140,2,0,2,142
03/31/2008,BFL,CA,AWP,WE,Combined TRACON& Tower with Radar,9,58,49,0,116,1,59,71,0,131,10,117,120,0,247,284,10,294,541
04/01/2008,BFL,CA,AWP,WE,Combined TRACON& Tower with Radar,7,51,33,9,100,0,64,77,0,141,7,115,110,9,241,264,0,264,505
04/02/2008,BFL,CA,AWP,WE,Combined TRACON& Tower with Radar,8,83,53,0,144,0,60,67,0,127,8,143,120,0,271,260,0,260,531
04/03/2008,BFL,CA,AWP,WE,Combined TRACON& Tower with Radar,8,73,65,11,157,0,87,61,0,148,8,160,126,11,305,334,14,348,653
04/04/2008,BFL,CA,AWP,WE,Combined TRACON& Tower with Radar,7,67,42,0,116,1,105,103,2,211,8,172,145,2,327,384,0,384,711
04/05/2008,BFL,CA,AWP,WE,Combined TRACON& Tower with Radar,3,26,28,0,57,0,3,76,0,79,3,29,104,0,136,66,0,66,202
04/06/2008,BFL,CA,AWP,WE,Combined TRACON& Tower with Radar,5,28,17,0,50,0,4,86,0,90,5,32,103,0,140,10,0,10,150
04/07/2008,BFL,CA,AWP,WE,Combined TRACON& Tower with Radar,6,55,31,0,92,0,82,92,0,174,6,137,123,0,266,368,0,368,634
04/08/2008,BFL,CA,AWP,WE,Combined TRACON& Tower with Radar,5,66,45,0,116,0,72,70,0,142,5,138,115,0,258,272,0,272,530
04/09/2008,BFL,CA,AWP,WE,Combined TRACON& Tower with Radar,6,78,43,0,127,0,70,113,0,183,6,148,156,0,310,256,0,256,566
04/10/2008,BFL,CA,AWP,WE,Combined TRACON& Tower with Radar,6,79,32,0,117,0,77,109,0,186,6,156,141,0,303,220,0,220,523
04/11/2008,BFL,CA,AWP,WE,Combined TRACON& Tower with Radar,7,72,60,0,139,0,81,112,0,193,7,153,172,0,332,306,0,306,638
04/12/2008,BFL,CA,AWP,WE,Combined TRACON& Tower with Radar,1,26,14,0,41,1,10,94,0,105,2,36,108,0,146,50,0,50,196
04/13/2008,BFL,CA,AWP,WE,Combined TRACON& Tower with Radar,5,31,22,0,58,0,0,85,0,85,5,31,107,0,143,2,0,2,145
04/14/2008,BFL,CA,AWP,WE,Combined TRACON& Tower with Radar,6,65,25,0,96,0,70,82,0,152,6,135,107,0,248,228,0,228,476
04/15/2008,BFL,CA,AWP,WE,Combined TRACON& Tower with Radar,6,77,30,0,113,0,57,82,0,139,6,134,112,0,252,180,0,180,432
04/16/2008,BFL,CA,AWP,WE,Combined TRACON& Tower with Radar,5,72,40,3,120,0,67,87,2,156,5,139,127,5,276,122,0,122,398
04/17/2008,BFL,CA,AWP,WE,Combined TRACON& Tower with Radar,5,82,41,11,139,0,76,106,4,186,5,158,147,15,325,137,12,149,474
04/18/2008,BFL,CA,AWP,WE,Combined TRACON& Tower with Radar,8,69,42,0,119,1,71,95,0,167,9,140,137,0,286,80,0,80,366
04/19/2008,BFL,CA,AWP,WE,Combined TRACON& Tower with Radar,2,24,17,0,43,0,14,60,0,74,2,38,77,0,117,0,0,0,117
04/20/2008,BFL,CA,AWP,WE,Combined TRACON& Tower with Radar,5,27,25,0,57,1,7,93,0,101,6,34,118,0,158,0,0,0,158
04/21/2008,BFL,CA,AWP,WE,Combined TRACON& Tower with Radar,6,66,16,0,88,0,69,70,2,141,6,135,86,2,229,136,0,136,365
04/22/2008,BFL,CA,AWP,WE,Combined TRACON& Tower with Radar,6,61,26,0,93,0,85,105,0,190,6,146,131,0,283,104,4,108,391
04/23/2008,BFL,CA,AWP,WE,Combined TRACON& Tower with Radar,7,75,57,0,139,0,51,89,0,140,7,126,146,0,279,8,0,8,287
04/24/2008,BFL,CA,AWP,WE,Combined TRACON& Tower with Radar,6,71,47,0,124,0,76,107,0,183,6,147,154,0,307,102,0,102,409
04/25/2008,BFL,CA,AWP,WE,Combined TRACON& Tower with Radar,7,61,46,1,115,0,75,109,0,184,7,136,155,1,299,68,0,68,367
04/26/2008,BFL,CA,AWP,WE,Combined TRACON& Tower with Radar,2,26,16,0,44,0,7,101,0,108,2,33,117,0,152,22,0,22,174
04/27/2008,BFL,CA,AWP,WE,Combined TRACON& Tower with Radar,6,26,39,0,71,0,17,112,1,130,6,43,151,1,201,6,0,6,207
04/28/2008,BFL,CA,AWP,WE,Combined TRACON& Tower with Radar,6,63,32,0,101,0,64,104,0,168,6,127,136,0,269,84,0,84,353
04/29/2008,BFL,CA,AWP,WE,Combined TRACON& Tower with Radar,7,76,37,0,120,0,34,90,0,124,7,110,127,0,244,86,0,86,330
04/30/2008,BFL,CA,AWP,WE,Combined TRACON& Tower with Radar,7,82,37,0,126,0,58,88,2,148,7,140,125,2,274,90,4,94,368
05/01/2008,BFL,CA,AWP,WE,Combined TRACON& Tower with Radar,7,61,61,0,129,0,62,112,0,174,7,123,173,0,303,84,0,84,387
05/02/2008,BFL,CA,AWP,WE,Combined TRACON& Tower with Radar,6,57,50,0,113,2,77,94,0,173,8,134,144,0,286,100,0,100,386
05/03/2008,BFL,CA,AWP,WE,Combined TRACON& Tower with Radar,1,29,23,0,53,0,12,70,0,82,1,41,93,0,135,18,0,18,153
05/04/2008,BFL,CA,AWP,WE,Combined TRACON& Tower with Radar,5,26,30,0,61,0,0,89,4,93,5,26,119,4,154,8,0,8,162
05/05/2008,BFL,CA,AWP,WE,Combined TRACON& Tower with Radar,5,46,23,2,76,0,75,82,2,159,5,121,105,4,235,58,0,58,293
05/06/2008,BFL,CA,AWP,WE,Combined TRACON& Tower with Radar,6,50,33,1,90,0,85,104,1,190,6,135,137,2,280,80,0,80,360
05/07/2008,BFL,CA,AWP,WE,Combined TRACON& Tower with Radar,7,57,53,0,117,0,61,69,2,132,7,118,122,2,249,98,0,98,347
05/08/2008,BFL,CA,AWP,WE,Combined TRACON& Tower with Radar,8,57,43,1,109,0,71,105,0,176,8,128,148,1,285,64,0,64,349
05/09/2008,BFL,CA,AWP,WE,Combined TRACON& Tower with Radar,7,58,39,0,104,0,65,97,2,164,7,123,136,2,268,128,0,128,396
05/10/2008,BFL,CA,AWP,WE,Combined TRACON& Tower with Radar,0,28,34,0,62,0,3,88,0,91,0,31,122,0,153,38,0,38,191
05/11/2008,BFL,CA,AWP,WE,Combined TRACON& Tower with Radar,5,24,17,0,46,0,7,106,0,113,5,31,123,0,159,6,0,6,165
05/12/2008,BFL,CA,AWP,WE,Combined TRACON& Tower with Radar,4,45,31,4,84,0,84,50,0,134,4,129,81,4,218,76,2,78,296
05/13/2008,BFL,CA,AWP,WE,Combined TRACON& Tower with Radar,6,49,31,0,86,1,110,137,0,248,7,159,168,0,334,152,0,152,486
05/14/2008,BFL,CA,AWP,WE,Combined TRACON& Tower with Radar,7,44,30,5,86,0,57,107,0,164,7,101,137,5,250,12,4,16,266
05/15/2008,BFL,CA,AWP,WE,Combined TRACON& Tower with Radar,6,45,35,2,88,0,76,94,0,170,6,121,129,2,258,64,2,66,324
05/16/2008,BFL,CA,AWP,WE,Combined TRACON& Tower with Radar,5,42,32,1,80,0,76,153,0,229,5,118,185,1,309,66,0,66,375
05/17/2008,BFL,CA,AWP,WE,Combined TRACON& Tower with Radar,1,28,29,0,58,1,6,94,0,101,2,34,123,0,159,9,0,9,168
05/18/2008,BFL,CA,AWP,WE,Combined TRACON& Tower with Radar,5,28,20,0,53,0,3,103,0,106,5,31,123,0,159,6,0,6,165
05/19/2008,BFL,CA,AWP,WE,Combined TRACON& Tower with Radar,4,54,26,0,84,0,59,80,0,139,4,113,106,0,223,66,0,66,289
05/20/2008,BFL,CA,AWP,WE,Combined TRACON& Tower with Radar,6,50,26,5,87,0,70,104,0,174,6,120,130,5,261,62,2,64,325
05/21/2008,BFL,CA,AWP,WE,Combined TRACON& Tower with Radar,5,66,18,2,91,0,36,47,0,83,5,102,65,2,174,120,2,122,296
05/22/2008,BFL,CA,AWP,WE,Combined TRACON& Tower with Radar,3,69,43,6,121,0,71,55,0,126,3,140,98,6,247,100,0,100,347
05/23/2008,BFL,CA,AWP,WE,Combined TRACON& Tower with Radar,5,58,53,2,118,1,55,58,0,114,6,113,111,2,232,88,2,90,322
05/24/2008,BFL,CA,AWP,WE,Combined TRACON& Tower with Radar,0,27,31,0,58,0,8,60,0,68,0,35,91,0,126,16,0,16,142
05/25/2008,BFL,CA,AWP,WE,Combined TRACON& Tower with Radar,3,23,20,0,46,0,16,21,0,37,3,39,41,0,83,4,0,4,87
05/26/2008,BFL,CA,AWP,WE,Combined TRACON& Tower with Radar,3,30,44,0,77,0,1,45,0,46,3,31,89,0,123,12,0,12,135
05/27/2008,BFL,CA,AWP,WE,Combined TRACON& Tower with Radar,7,40,23,2,72,0,137,78,0,215,7,177,101,2,287,284,0,284,571
05/28/2008,BFL,CA,AWP,WE,Combined TRACON& Tower with Radar,6,62,37,0,105,3,84,96,2,185,9,146,133,2,290,242,0,242,532
05/29/2008,BFL,CA,AWP,WE,Combined TRACON& Tower with Radar,7,61,43,5,116,0,82,94,0,176,7,143,137,5,292,230,10,240,532
05/30/2008,BFL,CA,AWP,WE,Combined TRACON& Tower with Radar,7,67,22,0,96,0,74,105,0,179,7,141,127,0,275,122,0,122,397
05/31/2008,BFL,CA,AWP,WE,Combined TRACON& Tower with Radar,1,27,26,0,54,0,0,101,0,101,1,27,127,0,155,22,0,22,177
06/01/2008,BFL,CA,AWP,WE,Combined TRACON& Tower with Radar,5,26,25,0,56,0,5,58,0,63,5,31,83,0,119,16,0,16,135
06/02/2008,BFL,CA,AWP,WE,Combined TRACON& Tower with Radar,8,33,34,4,79,0,8,79,0,87,8,41,113,4,166,14,0,14,180
06/03/2008,BFL,CA,AWP,WE,Combined TRACON& Tower with Radar,6,42,33,8,89,0,86,87,7,180,6,128,120,15,269,228,12,240,509
06/04/2008,BFL,CA,AWP,WE,Combined TRACON& Tower with Radar,5,56,39,0,100,0,52,73,0,125,5,108,112,0,225,168,0,168,393
06/05/2008,BFL,CA,AWP,WE,Combined TRACON& Tower with Radar,8,52,64,2,126,0,75,116,0,191,8,127,180,2,317,100,2,102,419
06/06/2008,BFL,CA,AWP,WE,Combined TRACON& Tower with Radar,4,48,60,1,113,1,45,112,0,158,5,93,172,1,271,232,0,232,503
06/07/2008,BFL,CA,AWP,WE,Combined TRACON& Tower with Radar,6,28,40,0,74,0,2,104,0,106,6,30,144,0,180,26,0,26,206
06/08/2008,BFL,CA,AWP,WE,Combined TRACON& Tower with Radar,7,27,37,2,73,0,3,99,0,102,7,30,136,2,175,24,0,24,199
06/09/2008,BFL,CA,AWP,WE,Combined TRACON& Tower with Radar,6,39,30,2,77,0,65,70,1,136,6,104,100,3,213,210,0,210,423
06/10/2008,BFL,CA,AWP,WE,Combined TRACON& Tower with Radar,5,41,24,0,70,0,50,70,0,120,5,91,94,0,190,212,0,212,402
06/11/2008,BFL,CA,AWP,WE,Combined TRACON& Tower with Radar,4,57,48,2,111,0,65,99,0,164,4,122,147,2,275,226,0,226,501
06/12/2008,BFL,CA,AWP,WE,Combined TRACON& Tower with Radar,8,61,37,2,108,0,46,91,0,137,8,107,128,2,245,254,0,254,499
06/13/2008,BFL,CA,AWP,WE,Combined TRACON& Tower with Radar,7,55,60,2,124,0,83,69,0,152,7,138,129,2,276,260,0,260,536
06/14/2008,BFL,CA,AWP,WE,Combined TRACON& Tower with Radar,6,27,11,0,44,0,5,84,4,93,6,32,95,4,137,18,0,18,155
06/15/2008,BFL,CA,AWP,WE,Combined TRACON& Tower with Radar,5,28,14,0,47,0,0,79,0,79,5,28,93,0,126,22,0,22,148
06/16/2008,BFL,CA,AWP,WE,Combined TRACON& Tower with Radar,6,46,27,10,89,0,137,65,0,202,6,183,92,10,291,170,2,172,463
06/17/2008,BFL,CA,AWP,WE,Combined TRACON& Tower with Radar,6,63,26,2,97,0,66,85,0,151,6,129,111,2,248,182,0,182,430
06/18/2008,BFL,CA,AWP,WE,Combined TRACON& Tower with Radar,6,56,22,0,84,0,89,100,4,193,6,145,122,4,277,222,0,222,499
06/19/2008,BFL,CA,AWP,WE,Combined TRACON& Tower with Radar,6,69,37,0,112,0,74,110,0,184,6,143,147,0,296,254,0,254,550
06/20/2008,BFL,CA,AWP,WE,Combined TRACON& Tower with Radar,4,48,30,0,82,0,73,87,0,160,4,121,117,0,242,416,0,416,658
06/21/2008,BFL,CA,AWP,WE,Combined TRACON& Tower with Radar,4,27,17,0,48,0,13,85,0,98,4,40,102,0,146,2,0,2,148
06/22/2008,BFL,CA,AWP,WE,Combined TRACON& Tower with Radar,5,28,30,0,63,0,3,58,1,62,5,31,88,1,125,10,0,10,135
06/23/2008,BFL,CA,AWP,WE,Combined TRACON& Tower with Radar,5,31,18,2,56,9,113,61,0,183,14,144,79,2,239,374,4,378,617
06/24/2008,BFL,CA,AWP,WE,Combined TRACON& Tower with Radar,2,37,19,1,59,3,84,82,2,171,5,121,101,3,230,235,0,235,465
06/25/2008,BFL,CA,AWP,WE,Combined TRACON& Tower with Radar,5,41,57,2,105,0,62,75,0,137,5,103,132,2,242,329,4,333,575
06/26/2008,BFL,CA,AWP,WE,Combined TRACON& Tower with Radar,5,58,34,0,97,0,40,90,0,130,5,98,124,0,227,240,0,240,467
06/27/2008,BFL,CA,AWP,WE,Combined TRACON& Tower with Radar,2,45,36,0,83,2,19,63,2,86,4,64,99,2,169,148,2,150,319
06/28/2008,BFL,CA,AWP,WE,Combined TRACON& Tower with Radar,2,45,36,0,83,2,19,63,2,86,4,64,99,2,169,148,2,150,319
06/29/2008,BFL,CA,AWP,WE,Combined TRACON& Tower with Radar,4,34,16,0,54,0,2,71,0,73,4,36,87,0,127,2,0,2,129
06/30/2008,BFL,CA,AWP,WE,Combined TRACON& Tower with Radar,6,59,27,0,92,2,144,73,1,220,8,203,100,1,312,380,2,382,694
07/01/2008,BFL,CA,AWP,WE,Combined TRACON& Tower with Radar,5,50,23,12,90,0,134,97,12,243,5,184,120,24,333,292,0,292,625
07/02/2008,BFL,CA,AWP,WE,Combined TRACON& Tower with Radar,5,65,32,0,102,1,114,83,0,198,6,179,115,0,300,278,0,278,578
07/03/2008,BFL,CA,AWP,WE,Combined TRACON& Tower with Radar,5,65,31,0,101,1,114,84,0,199,6,179,115,0,300,278,0,278,578
07/04/2008,BFL,CA,AWP,WE,Combined TRACON& Tower with Radar,3,19,12,0,34,1,1,57,0,59,4,20,69,0,93,4,0,4,97
07/05/2008,BFL,CA,AWP,WE,Combined TRACON& Tower with Radar,3,25,10,0,38,0,0,83,4,87,3,25,93,4,125,30,0,30,155
07/06/2008,BFL,CA,AWP,WE,Combined TRACON& Tower with Radar,6,27,20,0,53,0,6,87,0,93,6,33,107,0,146,0,0,0,146
07/07/2008,BFL,CA,AWP,WE,Combined TRACON& Tower with Radar,6,46,30,2,84,0,76,43,0,119,6,122,73,2,203,252,0,252,455
07/08/2008,BFL,CA,AWP,WE,Combined TRACON& Tower with Radar,4,52,43,0,99,0,86,50,0,136,4,138,93,0,235,186,0,186,421
07/09/2008,BFL,CA,AWP,WE,Combined TRACON& Tower with Radar,8,65,45,0,118,0,74,47,0,121,8,139,92,0,239,168,0,168,407
07/10/2008,BFL,CA,AWP,WE,Combined TRACON& Tower with Radar,5,57,43,0,105,0,52,64,0,116,5,109,107,0,221,182,0,182,403
07/11/2008,BFL,CA,AWP,WE,Combined TRACON& Tower with Radar,7,54,41,0,102,0,85,115,0,200,7,139,156,0,302,254,0,254,556
07/12/2008,BFL,CA,AWP,WE,Combined TRACON& Tower with Radar,4,29,46,0,79,1,7,50,0,58,5,36,96,0,137,28,0,28,165
07/13/2008,BFL,CA,AWP,WE,Combined TRACON& Tower with Radar,5,30,42,0,77,0,5,62,0,67,5,35,104,0,144,186,0,186,330
07/14/2008,BFL,CA,AWP,WE,Combined TRACON& Tower with Radar,7,42,17,0,66,0,68,79,4,151,7,110,96,4,217,394,0,394,611
07/15/2008,BFL,CA,AWP,WE,Combined TRACON& Tower with Radar,5,44,23,0,72,0,107,72,1,180,5,151,95,1,252,320,0,320,572
07/16/2008,BFL,CA,AWP,WE,Combined TRACON& Tower with Radar,7,68,44,2,121,0,79,60,0,139,7,147,104,2,260,260,0,260,520
07/17/2008,BFL,CA,AWP,WE,Combined TRACON& Tower with Radar,3,60,47,0,110,0,55,87,2,144,3,115,134,2,254,226,0,226,480
07/18/2008,BFL,CA,AWP,WE,Combined TRACON& Tower with Radar,6,61,26,4,97,0,123,86,9,218,6,184,112,13,315,250,2,252,567
07/19/2008,BFL,CA,AWP,WE,Combined TRACON& Tower with Radar,4,31,34,2,71,0,0,95,1,96,4,31,129,3,167,4,0,4,171
07/20/2008,BFL,CA,AWP,WE,Combined TRACON& Tower with Radar,5,28,31,1,65,0,0,87,6,93,5,28,118,7,158,8,0,8,166
07/21/2008,BFL,CA,AWP,WE,Combined TRACON& Tower with Radar,6,39,29,0,74,0,109,67,13,189,6,148,96,13,263,262,0,262,525
07/22/2008,BFL,CA,AWP,WE,Combined TRACON& Tower with Radar,6,39,29,0,74,0,83,76,0,159,6,122,105,0,233,234,0,234,467
07/23/2008,BFL,CA,AWP,WE,Combined TRACON& Tower with Radar,7,65,30,5,107,0,72,121,0,193,7,137,151,5,300,256,2,258,558
07/24/2008,BFL,CA,AWP,WE,Combined TRACON& Tower with Radar,7,54,26,0,87,0,57,78,2,137,7,111,104,2,224,90,0,90,314
07/25/2008,BFL,CA,AWP,WE,Combined TRACON& Tower with Radar,8,47,40,0,95,0,12,1,1,14,8,59,41,1,109,262,2,264,373
07/26/2008,BFL,CA,AWP,WE,Combined TRACON& Tower with Radar,3,31,22,0,56,1,3,74,0,78,4,34,96,0,134,22,0,22,156
07/27/2008,BFL,CA,AWP,WE,Combined TRACON& Tower with Radar,5,29,23,0,57,0,2,80,0,82,5,31,103,0,139,0,0,0,139
07/28/2008,BFL,CA,AWP,WE,Combined TRACON& Tower with Radar,7,42,17,0,66,0,68,79,4,151,7,110,96,4,217,252,0,252,469
07/29/2008,BFL,CA,AWP,WE,Combined TRACON& Tower with Radar,6,47,31,0,84,0,65,94,2,161,6,112,125,2,245,134,0,134,379
07/30/2008,BFL,CA,AWP,WE,Combined TRACON& Tower with Radar,6,45,30,1,82,1,67,99,1,168,7,112,129,2,250,156,0,156,406
07/31/2008,BFL,CA,AWP,WE,Combined TRACON& Tower with Radar,5,43,33,0,81,1,93,102,0,196,6,136,135,0,277,234,2,236,513
08/01/2008,BFL,CA,AWP,WE,Combined TRACON& Tower with Radar,5,56,48,0,109,0,83,108,0,191,5,139,156,0,300,254,0,254,554
08/02/2008,BFL,CA,AWP,WE,Combined TRACON& Tower with Radar,4,24,12,0,40,0,4,44,0,48,4,28,56,0,88,5,0,5,93
08/03/2008,BFL,CA,AWP,WE,Combined TRACON& Tower with Radar,3,24,13,0,40,0,0,80,4,84,3,24,93,4,124,30,0,30,154
08/04/2008,BFL,CA,AWP,WE,Combined TRACON& Tower with Radar,6,46,30,2,84,0,76,43,0,119,6,122,73,2,203,252,0,252,455
08/05/2008,BFL,CA,AWP,WE,Combined TRACON& Tower with Radar,5,50,23,12,90,0,134,97,12,243,5,184,120,24,333,234,0,234,567
08/06/2008,BFL,CA,AWP,WE,Combined TRACON& Tower with Radar,6,39,29,0,74,0,83,76,0,159,6,122,105,0,233,186,0,186,419
08/07/2008,BFL,CA,AWP,WE,Combined TRACON& Tower with Radar,6,39,29,0,74,1,71,67,4,143,7,110,96,4,217,182,0,182,399
08/08/2008,BFL,CA,AWP,WE,Combined TRACON& Tower with Radar,6,61,26,4,97,0,118,89,0,207,6,179,115,4,304,254,0,254,558
08/09/2008,BFL,CA,AWP,WE,Combined TRACON& Tower with Radar,5,28,31,1,65,0,3,72,1,76,5,31,103,2,141,10,0,10,151
08/10/2008,BFL,CA,AWP,WE,Combined TRACON& Tower with Radar,5,29,23,0,57,0,6,81,0,87,5,35,104,0,144,6,0,6,150
08/11/2008,BFL,CA,AWP,WE,Combined TRACON& Tower with Radar,7,42,17,0,66,0,68,79,4,151,7,110,96,4,217,252,0,252,469
08/12/2008,BFL,CA,AWP,WE,Combined TRACON& Tower with Radar,7,40,24,0,71,0,70,72,4,146,7,110,96,4,217,394,0,394,611
08/13/2008,BFL,CA,AWP,WE,Combined TRACON& Tower with Radar,7,68,44,2,121,0,79,60,0,139,7,147,104,2,260,260,0,260,520
08/14/2008,BFL,CA,AWP,WE,Combined TRACON& Tower with Radar,5,57,43,0,105,0,58,91,2,151,5,115,134,2,256,252,0,252,508
08/15/2008,BFL,CA,AWP,WE,Combined TRACON& Tower with Radar,7,54,41,0,102,0,130,71,13,214,7,184,112,13,316,278,0,278,594
08/16/2008,BFL,CA,AWP,WE,Combined TRACON& Tower with Radar,3,25,10,0,38,0,0,83,4,87,3,25,93,4,125,30,0,30,155
08/17/2008,BFL,CA,AWP,WE,Combined TRACON& Tower with Radar,5,29,23,0,57,0,1,95,7,103,5,30,118,7,160,4,0,4,164
08/18/2008,BFL,CA,AWP,WE,Combined TRACON& Tower with Radar,6,39,29,0,74,0,73,96,2,171,6,112,125,2,245,262,0,262,507
08/19/2008,BFL,CA,AWP,WE,Combined TRACON& Tower with Radar,4,52,43,0,99,1,132,77,4,214,5,184,120,4,313,292,0,292,605
08/20/2008,BFL,CA,AWP,WE,Combined TRACON& Tower with Radar,8,65,45,0,118,0,74,47,0,121,8,139,92,0,239,168,0,168,407
08/21/2008,BFL,CA,AWP,WE,Combined TRACON& Tower with Radar,3,60,47,0,110,3,88,49,13,153,6,148,96,13,263,262,0,262,525
08/22/2008,BFL,CA,AWP,WE,Combined TRACON& Tower with Radar,8,47,40,0,95,0,63,56,4,123,8,110,96,4,218,250,2,252,470
08/23/2008,BFL,CA,AWP,WE,Combined TRACON& Tower with Radar,4,29,46,0,79,0,0,83,3,86,4,29,129,3,165,22,0,22,187
08/24/2008,BFL,CA,AWP,WE,Combined TRACON& Tower with Radar,5,28,32,1,66,0,1,86,6,93,5,29,118,7,159,8,0,8,167
08/25/2008,BFL,CA,AWP,WE,Combined TRACON& Tower with Radar,6,47,31,0,84,0,101,65,13,179,6,148,96,13,263,394,0,394,657
08/26/2008,BFL,CA,AWP,WE,Combined TRACON& Tower with Radar,5,50,23,12,90,0,88,70,0,158,5,138,93,12,248,234,0,234,482
08/27/2008,BFL,CA,AWP,WE,Combined TRACON& Tower with Radar,5,65,32,0,102,1,114,83,0,198,6,179,115,0,300,278,0,278,578
08/28/2008,BFL,CA,AWP,WE,Combined TRACON& Tower with Radar,6,47,31,0,84,0,62,76,0,138,6,109,107,0,222,226,0,226,448
08/29/2008,BFL,CA,AWP,WE,Combined TRACON& Tower with Radar,5,65,31,0,101,2,74,125,0,201,7,139,156,0,302,262,2,264,566
08/30/2008,BFL,CA,AWP,WE,Combined TRACON& Tower with Radar,4,31,34,2,71,0,3,62,0,65,4,34,96,2,136,28,0,28,164
08/31/2008,BFL,CA,AWP,WE,Combined TRACON& Tower with Radar,5,30,42,0,77,0,1,61,0,62,5,31,103,0,139,0,0,0,139
09/01/2008,BFL,CA,AWP,WE,Combined TRACON& Tower with Radar,6,47,31,0,84,0,101,65,13,179,6,148,96,13,263,394,0,394,657
09/02/2008,BFL,CA,AWP,WE,Combined TRACON& Tower with Radar,5,50,18,12,85,0,134,102,0,236,5,184,120,12,321,234,0,234,555
09/03/2008,BFL,CA,AWP,WE,Combined TRACON& Tower with Radar,8,65,45,0,118,0,74,47,0,121,8,139,92,0,239,168,0,168,407
09/04/2008,BFL,CA,AWP,WE,Combined TRACON& Tower with Radar,3,60,47,0,110,3,88,49,13,153,6,148,96,13,263,262,0,262,525
09/05/2008,BFL,CA,AWP,WE,Combined TRACON& Tower with Radar,8,47,40,0,95,0,63,56,4,123,8,110,96,4,218,250,2,252,470
09/06/2008,BFL,CA,AWP,WE,Combined TRACON& Tower with Radar,4,31,34,2,71,0,3,62,2,67,4,34,96,4,138,28,0,28,166
09/07/2008,BFL,CA,AWP,WE,Combined TRACON& Tower with Radar,5,28,32,1,66,0,1,86,6,93,5,29,118,7,159,8,0,8,167
09/08/2008,BFL,CA,AWP,WE,Combined TRACON& Tower with Radar,6,39,29,0,74,0,73,96,2,171,6,112,125,2,245,262,0,262,507
09/09/2008,BFL,CA,AWP,WE,Combined TRACON& Tower with Radar,4,52,43,0,99,1,132,77,4,214,5,184,120,4,313,292,0,292,605
09/10/2008,BFL,CA,AWP,WE,Combined TRACON& Tower with Radar,7,68,44,2,121,0,79,60,0,139,7,147,104,2,260,260,0,260,520
09/11/2008,BFL,CA,AWP,WE,Combined TRACON& Tower with Radar,5,57,43,0,105,0,58,91,2,151,5,115,134,2,256,252,0,252,508
09/12/2008,BFL,CA,AWP,WE,Combined TRACON& Tower with Radar,6,61,26,4,97,0,118,89,0,207,6,179,115,4,304,254,0,254,558
09/13/2008,BFL,CA,AWP,WE,Combined TRACON& Tower with Radar,3,25,10,0,38,0,0,83,4,87,3,25,93,4,125,30,0,30,155
09/14/2008,BFL,CA,AWP,WE,Combined TRACON& Tower with Radar,5,29,23,0,57,0,0,95,7,102,5,29,118,7,159,4,0,4,163
09/15/2008,BFL,CA,AWP,WE,Combined TRACON& Tower with Radar,6,46,30,2,84,0,76,43,0,119,6,122,73,2,203,252,0,252,455
09/16/2008,BFL,CA,AWP,WE,Combined TRACON& Tower with Radar,7,40,24,0,71,0,70,72,4,146,7,110,96,4,217,394,2,396,613
09/17/2008,BFL,CA,AWP,WE,Combined TRACON& Tower with Radar,5,65,32,0,102,1,114,83,0,198,6,179,115,0,300,278,0,278,578
09/18/2008,BFL,CA,AWP,WE,Combined TRACON& Tower with Radar,6,39,29,0,74,1,71,67,4,143,7,110,96,4,217,182,0,182,399
09/19/2008,BFL,CA,AWP,WE,Combined TRACON& Tower with Radar,5,65,31,0,101,2,74,125,0,201,7,139,156,0,302,262,2,264,566
09/20/2008,BFL,CA,AWP,WE,Combined TRACON& Tower with Radar,5,28,31,1,65,0,3,72,0,75,5,31,103,1,140,10,0,10,150
09/21/2008,BFL,CA,AWP,WE,Combined TRACON& Tower with Radar,5,29,23,0,57,0,6,81,0,87,5,35,104,0,144,6,0,6,150
09/22/2008,BFL,CA,AWP,WE,Combined TRACON& Tower with Radar,7,42,17,0,66,0,68,79,4,151,7,110,96,4,217,252,0,252,469
09/23/2008,BFL,CA,AWP,WE,Combined TRACON& Tower with Radar,5,50,23,12,90,0,88,70,0,158,5,138,93,12,248,234,0,234,482
09/24/2008,BFL,CA,AWP,WE,Combined TRACON& Tower with Radar,6,39,29,0,74,0,83,76,0,159,6,122,105,0,233,186,0,186,419
09/25/2008,BFL,CA,AWP,WE,Combined TRACON& Tower with Radar,6,47,31,0,84,0,62,76,0,138,6,109,107,0,222,226,0,226,448
09/26/2008,BFL,CA,AWP,WE,Combined TRACON& Tower with Radar,7,54,41,0,102,0,130,71,13,214,7,184,112,13,316,278,0,278,594
09/27/2008,BFL,CA,AWP,WE,Combined TRACON& Tower with Radar,4,24,12,0,40,0,4,44,0,48,4,28,56,0,88,6,0,6,94
09/28/2008,BFL,CA,AWP,WE,Combined TRACON& Tower with Radar,3,24,14,0,41,0,0,80,4,84,3,24,94,4,125,30,0,30,155
09/29/2008,BFL,CA,AWP,WE,Combined TRACON& Tower with Radar,7,16,17,1,41,0,74,79,4,157,7,90,96,5,198,252,0,252,450
09/30/2008,BFL,CA,AWP,WE,Combined TRACON& Tower with Radar,5,45,19,12,81,0,93,74,0,167,5,138,93,12,248,234,0,234,482
10/01/2008,BFL,CA,AWP,WE,Combined TRACON& Tower with Radar,3,43,30,0,76,3,100,58,13,174,6,143,88,13,250,394,0,394,644
10/02/2008,BFL,CA,AWP,WE,Combined TRACON& Tower with Radar,7,63,45,4,119,0,61,94,0,155,7,124,139,4,274,256,2,258,532
10/03/2008,BFL,CA,AWP,WE,Combined TRACON& Tower with Radar,5,56,48,0,109,0,66,93,0,159,5,122,141,0,268,250,2,252,520
10/04/2008,BFL,CA,AWP,WE,Combined TRACON& Tower with Radar,4,31,34,2,71,0,3,66,0,69,4,34,100,2,140,30,0,30,170
10/05/2008,BFL,CA,AWP,WE,Combined TRACON& Tower with Radar,5,28,32,1,66,0,2,99,6,107,5,30,131,7,173,18,0,18,191
10/06/2008,BFL,CA,AWP,WE,Combined TRACON& Tower with Radar,6,46,30,2,84,0,76,43,0,119,6,122,73,2,203,252,0,252,455
10/07/2008,BFL,CA,AWP,WE,Combined TRACON& Tower with Radar,4,52,43,0,99,0,86,50,0,136,4,138,93,0,235,234,0,234,469
10/08/2008,BFL,CA,AWP,WE,Combined TRACON& Tower with Radar,6,42,37,0,85,0,68,66,4,138,6,110,103,4,223,262,0,262,485
10/09/2008,BFL,CA,AWP,WE,Combined TRACON& Tower with Radar,8,65,30,2,105,0,74,62,0,136,8,139,92,2,241,168,0,168,409
10/10/2008,BFL,CA,AWP,WE,Combined TRACON& Tower with Radar,6,61,26,4,97,0,58,89,0,147,6,119,115,4,244,278,0,278,522
10/11/2008,BFL,CA,AWP,WE,Combined TRACON& Tower with Radar,4,31,34,2,71,0,3,62,0,65,4,34,96,2,136,6,0,6,142
10/12/2008,BFL,CA,AWP,WE,Combined TRACON& Tower with Radar,5,29,23,5,62,0,0,105,2,107,5,29,128,7,169,8,0,8,177
10/13/2008,BFL,CA,AWP,WE,Combined TRACON& Tower with Radar,6,39,29,0,74,0,73,96,2,171,6,112,125,2,245,6,0,6,251
10/14/2008,BFL,CA,AWP,WE,Combined TRACON& Tower with Radar,5,45,19,12,81,0,93,74,0,167,5,138,93,12,248,234,0,234,482
10/15/2008,BFL,CA,AWP,WE,Combined TRACON& Tower with Radar,5,38,29,2,74,1,84,44,0,129,6,122,73,2,203,252,0,252,455
10/16/2008,BFL,CA,AWP,WE,Combined TRACON& Tower with Radar,6,68,44,2,120,0,79,60,0,139,6,147,104,2,259,260,0,260,519
10/17/2008,BFL,CA,AWP,WE,Combined TRACON& Tower with Radar,5,65,31,0,101,0,53,99,0,152,5,118,130,0,253,262,2,264,517
10/18/2008,BFL,CA,AWP,WE,Combined TRACON& Tower with Radar,3,25,10,0,38,0,0,83,4,87,3,25,93,4,125,6,0,6,131
10/19/2008,BFL,CA,AWP,WE,Combined TRACON& Tower with Radar,5,29,23,0,57,0,2,87,0,89,5,31,110,0,146,6,0,6,152
10/20/2008,BFL,CA,AWP,WE,Combined TRACON& Tower with Radar,7,36,17,0,60,0,74,79,4,157,7,110,96,4,217,6,0,6,223
10/21/2008,BFL,CA,AWP,WE,Combined TRACON& Tower with Radar,7,40,24,0,71,0,70,72,4,146,7,110,96,4,217,254,0,254,471
10/22/2008,BFL,CA,AWP,WE,Combined TRACON& Tower with Radar,7,42,17,0,66,0,68,79,4,151,7,110,96,4,217,252,0,252,469
10/23/2008,BFL,CA,AWP,WE,Combined TRACON& Tower with Radar,7,59,32,0,98,0,78,119,0,197,7,137,151,0,295,256,2,258,553
10/24/2008,BFL,CA,AWP,WE,Combined TRACON& Tower with Radar,5,65,31,0,101,0,64,96,0,160,5,129,127,0,261,234,0,234,495
10/25/2008,BFL,CA,AWP,WE,Combined TRACON& Tower with Radar,5,28,31,1,65,0,3,72,0,75,5,31,103,1,140,22,0,22,162
10/26/2008,BFL,CA,AWP,WE,Combined TRACON& Tower with Radar,4,29,23,0,56,0,6,81,0,87,4,35,104,0,143,0,0,0,143
10/27/2008,BFL,CA,AWP,WE,Combined TRACON& Tower with Radar,7,42,17,0,66,0,68,79,4,151,7,110,96,4,217,252,0,252,469
10/28/2008,BFL,CA,AWP,WE,Combined TRACON& Tower with Radar,6,47,31,0,84,0,65,94,2,161,6,112,125,2,245,394,0,394,639
10/29/2008,BFL,CA,AWP,WE,Combined TRACON& Tower with Radar,7,46,31,0,84,0,90,77,9,176,7,136,108,9,260,348,0,348,608
10/30/2008,BFL,CA,AWP,WE,Combined TRACON& Tower with Radar,6,45,34,0,85,0,67,80,2,149,6,112,114,2,234,156,0,156,390
10/31/2008,BFL,CA,AWP,WE,Combined TRACON& Tower with Radar,6,47,40,0,93,0,63,87,4,154,6,110,127,4,247,254,0,254,501
11/01/2008,BFL,CA,AWP,WE,Combined TRACON& Tower with Radar,4,29,46,0,79,1,7,50,0,58,5,36,96,0,137,14,0,14,151
11/02/2008,BFL,CA,AWP,WE,Combined TRACON& Tower with Radar,4,29,23,6,62,0,0,95,0,95,4,29,118,6,157,8,0,8,165
11/03/2008,BFL,CA,AWP,WE,Combined TRACON& Tower with Radar,7,42,17,0,66,0,68,79,4,151,7,110,96,4,217,12,0,12,229
11/04/2008,BFL,CA,AWP,WE,Combined TRACON& Tower with Radar,6,47,31,0,84,0,65,94,2,161,6,112,125,2,245,232,0,232,477
11/05/2008,BFL,CA,AWP,WE,Combined TRACON& Tower with Radar,7,40,24,0,71,0,70,72,4,146,7,110,96,4,217,186,0,186,403
11/06/2008,BFL,CA,AWP,WE,Combined TRACON& Tower with Radar,6,45,34,0,85,0,67,80,2,149,6,112,114,2,234,228,0,228,462
11/07/2008,BFL,CA,AWP,WE,Combined TRACON& Tower with Radar,5,56,48,0,109,0,83,108,0,191,5,139,156,0,300,254,0,254,554
11/08/2008,BFL,CA,AWP,WE,Combined TRACON& Tower with Radar,4,31,34,2,71,0,3,62,0,65,4,34,96,2,136,28,0,28,164
11/09/2008,BFL,CA,AWP,WE,Combined TRACON& Tower with Radar,5,28,31,2,66,0,0,87,0,87,5,28,118,2,153,8,0,8,161
11/10/2008,BFL,CA,AWP,WE,Combined TRACON& Tower with Radar,6,39,29,0,74,0,73,96,2,171,6,112,125,2,245,330,0,330,575
11/11/2008,BFL,CA,AWP,WE,Combined TRACON& Tower with Radar,5,17,27,0,49,0,11,2,0,13,5,28,29,0,62,4,0,4,66
11/12/2008,BFL,CA,AWP,WE,Combined TRACON& Tower with Radar,6,47,31,0,84,0,62,76,0,138,6,109,107,0,222,156,0,156,378
11/13/2008,BFL,CA,AWP,WE,Combined TRACON& Tower with Radar,5,50,23,12,90,0,87,67,0,154,5,137,90,12,244,394,0,394,638
11/14/2008,BFL,CA,AWP,WE,Combined TRACON& Tower with Radar,8,47,40,0,95,0,63,56,4,123,8,110,96,4,218,262,2,264,482
11/15/2008,BFL,CA,AWP,WE,Combined TRACON& Tower with Radar,3,25,10,0,38,0,0,83,4,87,3,25,93,4,125,0,0,0,125
11/16/2008,BFL,CA,AWP,WE,Combined TRACON& Tower with Radar,5,29,23,0,57,0,6,81,0,87,5,35,104,0,144,0,0,0,144
11/17/2008,BFL,CA,AWP,WE,Combined TRACON& Tower with Radar,7,42,17,0,66,0,68,79,4,151,7,110,96,4,217,230,0,230,447
11/18/2008,BFL,CA,AWP,WE,Combined TRACON& Tower with Radar,7,40,24,0,71,0,70,72,4,146,7,110,96,4,217,292,0,292,509
11/19/2008,BFL,CA,AWP,WE,Combined TRACON& Tower with Radar,5,50,23,12,90,0,88,70,0,158,5,138,93,12,248,234,0,234,482
11/20/2008,BFL,CA,AWP,WE,Combined TRACON& Tower with Radar,5,43,33,0,81,1,93,102,0,196,6,136,135,0,277,90,0,90,367
11/21/2008,BFL,CA,AWP,WE,Combined TRACON& Tower with Radar,5,65,31,0,101,0,64,96,0,160,5,129,127,0,261,254,0,254,515
11/22/2008,BFL,CA,AWP,WE,Combined TRACON& Tower with Radar,4,31,34,2,71,0,0,95,1,96,4,31,129,3,167,28,0,28,195
11/23/2008,BFL,CA,AWP,WE,Combined TRACON& Tower with Radar,3,24,13,0,40,0,3,80,4,87,3,27,93,4,127,0,0,0,127
11/24/2008,BFL,CA,AWP,WE,Combined TRACON& Tower with Radar,7,42,17,0,66,0,68,79,4,151,7,110,96,4,217,252,0,252,469
11/25/2008,BFL,CA,AWP,WE,Combined TRACON& Tower with Radar,5,50,23,12,90,0,134,97,0,231,5,184,120,12,321,196,0,196,517
11/26/2008,BFL,CA,AWP,WE,Combined TRACON& Tower with Radar,6,47,31,0,84,0,65,94,2,161,6,112,125,2,245,292,0,292,537
11/27/2008,BFL,CA,AWP,WE,Combined TRACON& Tower with Radar,4,11,22,0,37,0,0,8,0,8,4,11,30,0,45,0,0,0,45
11/28/2008,BFL,CA,AWP,WE,Combined TRACON& Tower with Radar,7,54,41,0,102,0,85,115,0,200,7,139,156,0,302,250,2,252,554
11/29/2008,BFL,CA,AWP,WE,Combined TRACON& Tower with Radar,4,29,46,0,79,0,0,83,3,86,4,29,129,3,165,12,0,12,177
11/30/2008,BFL,CA,AWP,WE,Combined TRACON& Tower with Radar,4,25,15,0,44,0,5,88,4,97,4,30,103,4,141,0,0,0,141
12/01/2008,BFL,CA,AWP,WE,Combined TRACON& Tower with Radar,2,44,25,0,71,0,24,14,2,40,2,68,39,2,111,26,0,26,137
12/02/2008,BFL,CA,AWP,WE,Combined TRACON& Tower with Radar,2,111,76,2,191,0,0,14,0,14,2,111,90,2,205,0,0,0,205
12/03/2008,BFL,CA,AWP,WE,Combined TRACON& Tower with Radar,5,93,71,3,172,0,19,38,0,57,5,112,109,3,229,64,0,64,293
12/04/2008,BFL,CA,AWP,WE,Combined TRACON& Tower with Radar,7,93,52,2,154,0,29,49,0,78,7,122,101,2,232,36,0,36,268
12/05/2008,BFL,CA,AWP,WE,Combined TRACON& Tower with Radar,6,73,47,0,126,0,8,16,0,24,6,81,63,0,150,0,0,0,150
12/06/2008,BFL,CA,AWP,WE,Combined TRACON& Tower with Radar,4,20,36,0,60,0,19,24,0,43,4,39,60,0,103,14,0,14,117
12/07/2008,BFL,CA,AWP,WE,Combined TRACON& Tower with Radar,2,16,48,0,66,0,2,12,0,14,2,18,60,0,80,0,0,0,80
12/08/2008,BFL,CA,AWP,WE,Combined TRACON& Tower with Radar,6,72,52,0,130,0,8,20,2,30,6,80,72,2,160,2,0,2,162
12/09/2008,BFL,CA,AWP,WE,Combined TRACON& Tower with Radar,4,66,28,3,101,0,79,95,0,174,4,145,123,3,275,116,0,116,391
12/10/2008,BFL,CA,AWP,WE,Combined TRACON& Tower with Radar,6,79,46,0,131,0,8,36,0,44,6,87,82,0,175,2,0,2,177
12/11/2008,BFL,CA,AWP,WE,Combined TRACON& Tower with Radar,6,96,53,0,155,0,21,61,0,82,6,117,114,0,237,54,0,54,291
12/12/2008,BFL,CA,AWP,WE,Combined TRACON& Tower with Radar,10,94,56,0,160,0,35,46,0,81,10,129,102,0,241,26,0,26,267
12/13/2008,BFL,CA,AWP,WE,Combined TRACON& Tower with Radar,4,19,12,0,35,0,28,25,0,53,4,47,37,0,88,102,0,102,190
12/14/2008,BFL,CA,AWP,WE,Combined TRACON& Tower with Radar,6,11,30,0,47,0,3,40,0,43,6,14,70,0,90,6,0,6,96
12/15/2008,BFL,CA,AWP,WE,Combined TRACON& Tower with Radar,6,39,26,0,71,0,13,21,0,34,6,52,47,0,105,39,0,39,144
12/16/2008,BFL,CA,AWP,WE,Combined TRACON& Tower with Radar,6,64,35,0,105,0,70,45,0,115,6,134,80,0,220,163,0,163,383
12/17/2008,BFL,CA,AWP,WE,Combined TRACON& Tower with Radar,9,58,52,0,119,0,1,9,0,10,9,59,61,0,129,2,0,2,131
12/18/2008,BFL,CA,AWP,WE,Combined TRACON& Tower with Radar,6,48,42,1,97,0,84,77,1,162,6,132,119,2,259,131,0,131,390
12/19/2008,BFL,CA,AWP,WE,Combined TRACON& Tower with Radar,2,71,24,0,97,0,84,102,0,186,2,155,126,0,283,124,0,124,407
12/20/2008,BFL,CA,AWP,WE,Combined TRACON& Tower with Radar,2,34,27,0,63,2,20,39,6,67,4,54,66,6,130,30,0,30,160
12/21/2008,BFL,CA,AWP,WE,Combined TRACON& Tower with Radar,5,13,18,0,36,0,2,35,0,37,5,15,53,0,73,0,0,0,73
12/22/2008,BFL,CA,AWP,WE,Combined TRACON& Tower with Radar,3,47,51,0,101,0,27,29,4,60,3,74,80,4,161,104,0,104,265
12/23/2008,BFL,CA,AWP,WE,Combined TRACON& Tower with Radar,4,55,24,2,85,0,61,64,1,126,4,116,88,3,211,102,0,102,313
12/24/2008,BFL,CA,AWP,WE,Combined TRACON& Tower with Radar,4,69,11,0,84,0,49,79,1,129,4,118,90,1,213,106,0,106,319
12/25/2008,BFL,CA,AWP,WE,Combined TRACON& Tower with Radar,2,14,10,0,26,0,10,8,0,18,2,24,18,0,44,0,0,0,44
12/26/2008,BFL,CA,AWP,WE,Combined TRACON& Tower with Radar,2,24,19,0,45,0,3,59,0,62,2,27,78,0,107,0,0,0,107
12/27/2008,BFL,CA,AWP,WE,Combined TRACON& Tower with Radar,2,18,12,0,32,0,2,60,0,62,2,20,72,0,94,10,0,10,104
12/28/2008,BFL,CA,AWP,WE,Combined TRACON& Tower with Radar,2,15,31,0,48,0,4,68,0,72,2,19,99,0,120,38,0,38,158
12/29/2008,BFL,CA,AWP,WE,Combined TRACON& Tower with Radar,6,55,18,7,86,0,56,71,1,128,6,111,89,8,214,156,2,158,372
12/30/2008,BFL,CA,AWP,WE,Combined TRACON& Tower with Radar,5,63,23,0,91,0,67,78,0,145,5,130,101,0,236,176,0,176,412
12/31/2008,BFL,CA,AWP,WE,Combined TRACON& Tower with Radar,3,74,32,0,109,0,13,24,0,37,3,87,56,0,146,2,0,2,148
01/01/2009,BFL,CA,AWP,WE,Combined TRACON& Tower with Radar,1,16,39,0,56,0,3,6,0,9,1,19,45,0,65,0,0,0,65
01/02/2009,BFL,CA,AWP,WE,Combined TRACON& Tower with Radar,4,27,30,0,61,0,3,16,0,19,4,30,46,0,80,0,22,22,102
01/03/2009,BFL,CA,AWP,WE,Combined TRACON& Tower with Radar,2,19,45,0,66,0,3,5,0,8,2,22,50,0,74,0,0,0,74
01/04/2009,BFL,CA,AWP,WE,Combined TRACON& Tower with Radar,1,16,41,0,58,0,0,28,0,28,1,16,69,0,86,0,0,0,86
01/05/2009,BFL,CA,AWP,WE,Combined TRACON& Tower with Radar,5,57,42,0,104,0,65,22,0,87,5,122,64,0,191,254,0,254,445
01/06/2009,BFL,CA,AWP,WE,Combined TRACON& Tower with Radar,5,89,65,3,162,0,7,18,0,25,5,96,83,3,187,0,0,0,187
01/07/2009,BFL,CA,AWP,WE,Combined TRACON& Tower with Radar,8,95,52,4,159,0,10,23,0,33,8,105,75,4,192,78,2,80,272
01/08/2009,BFL,CA,AWP,WE,Combined TRACON& Tower with Radar,7,77,48,3,135,0,4,23,0,27,7,81,71,3,162,2,0,2,164
01/09/2009,BFL,CA,AWP,WE,Combined TRACON& Tower with Radar,6,85,16,3,110,0,11,45,0,56,6,96,61,3,166,68,0,68,234
01/10/2009,BFL,CA,AWP,WE,Combined TRACON& Tower with Radar,2,11,22,0,35,0,1,25,0,26,2,12,47,0,61,22,0,22,83
01/11/2009,BFL,CA,AWP,WE,Combined TRACON& Tower with Radar,4,17,23,0,44,0,0,44,0,44,4,17,67,0,88,0,0,0,88
01/12/2009,BFL,CA,AWP,WE,Combined TRACON& Tower with Radar,6,44,15,0,65,0,63,59,0,122,6,107,74,0,187,180,0,180,367
01/13/2009,BFL,CA,AWP,WE,Combined TRACON& Tower with Radar,6,72,41,0,119,0,0,0,0,0,6,72,41,0,119,159,0,159,278
01/14/2009,BFL,CA,AWP,WE,Combined TRACON& Tower with Radar,6,50,40,0,96,0,77,81,0,158,6,127,121,0,254,246,0,246,500
01/15/2009,BFL,CA,AWP,WE,Combined TRACON& Tower with Radar,4,77,28,0,109,0,37,74,0,111,4,114,102,0,220,136,0,136,356
01/16/2009,BFL,CA,AWP,WE,Combined TRACON& Tower with Radar,6,71,48,2,127,0,38,85,0,123,6,109,133,2,250,150,0,150,400
01/17/2009,BFL,CA,AWP,WE,Combined TRACON& Tower with Radar,2,27,20,0,49,0,22,48,0,70,2,49,68,0,119,34,0,34,153
01/18/2009,BFL,CA,AWP,WE,Combined TRACON& Tower with Radar,4,15,25,0,44,0,2,60,0,62,4,17,85,0,106,0,0,0,106
01/19/2009,BFL,CA,AWP,WE,Combined TRACON& Tower with Radar,4,44,17,0,65,0,84,87,0,171,4,128,104,0,236,226,0,226,462
01/20/2009,BFL,CA,AWP,WE,Combined TRACON& Tower with Radar,6,65,23,1,95,0,44,81,2,127,6,109,104,3,222,152,0,152,374
01/21/2009,BFL,CA,AWP,WE,Combined TRACON& Tower with Radar,6,84,59,10,159,0,66,44,3,113,6,150,103,13,272,168,0,168,440
01/22/2009,BFL,CA,AWP,WE,Combined TRACON& Tower with Radar,6,56,53,0,115,0,18,5,0,23,6,74,58,0,138,12,0,12,150
01/23/2009,BFL,CA,AWP,WE,Combined TRACON& Tower with Radar,7,52,35,0,94,0,2,4,0,6,7,54,39,0,100,4,0,4,104
01/24/2009,BFL,CA,AWP,WE,Combined TRACON& Tower with Radar,2,27,12,1,42,0,9,15,0,24,2,36,27,1,66,8,1,9,75
01/25/2009,BFL,CA,AWP,WE,Combined TRACON& Tower with Radar,4,19,17,0,40,0,4,22,1,27,4,23,39,1,67,2,2,4,71
01/26/2009,BFL,CA,AWP,WE,Combined TRACON& Tower with Radar,8,36,37,0,81,0,26,18,0,44,8,62,55,0,125,150,0,150,275
01/27/2009,BFL,CA,AWP,WE,Combined TRACON& Tower with Radar,6,58,37,1,102,0,58,61,1,120,6,116,98,2,222,164,0,164,386
01/28/2009,BFL,CA,AWP,WE,Combined TRACON& Tower with Radar,6,61,50,3,120,0,89,63,1,153,6,150,113,4,273,300,0,300,573
01/29/2009,BFL,CA,AWP,WE,Combined TRACON& Tower with Radar,6,80,30,4,120,0,61,86,0,147,6,141,116,4,267,316,0,316,583
01/30/2009,BFL,CA,AWP,WE,Combined TRACON& Tower with Radar,7,82,50,0,139,0,47,63,0,110,7,129,113,0,249,188,0,188,437
01/31/2009,BFL,CA,AWP,WE,Combined TRACON& Tower with Radar,2,50,50,0,102,0,11,10,0,21,2,61,60,0,123,6,0,6,129
02/01/2009,BFL,CA,AWP,WE,Combined TRACON& Tower with Radar,3,19,12,0,34,0,5,40,0,45,3,24,52,0,79,4,0,4,83
02/02/2009,BFL,CA,AWP,WE,Combined TRACON& Tower with Radar,6,76,41,0,123,0,78,57,1,136,6,154,98,1,259,324,0,324,583
02/03/2009,BFL,CA,AWP,WE,Combined TRACON& Tower with Radar,8,86,43,0,137,0,84,82,0,166,8,170,125,0,303,132,0,132,435
02/04/2009,BFL,CA,AWP,WE,Combined TRACON& Tower with Radar,6,54,46,0,106,0,82,68,1,151,6,136,114,1,257,212,0,212,469
02/05/2009,BFL,CA,AWP,WE,Combined TRACON& Tower with Radar,6,67,33,0,106,0,40,21,0,61,6,107,54,0,167,178,0,178,345
02/06/2009,BFL,CA,AWP,WE,Combined TRACON& Tower with Radar,6,67,48,0,121,0,47,13,0,60,6,114,61,0,181,110,0,110,291
02/07/2009,BFL,CA,AWP,WE,Combined TRACON& Tower with Radar,2,15,25,0,42,0,5,26,0,31,2,20,51,0,73,0,0,0,73
02/08/2009,BFL,CA,AWP,WE,Combined TRACON& Tower with Radar,4,14,19,0,37,0,0,37,0,37,4,14,56,0,74,0,0,0,74
02/09/2009,BFL,CA,AWP,WE,Combined TRACON& Tower with Radar,6,51,23,0,80,0,89,13,0,102,6,140,36,0,182,52,0,52,234
02/10/2009,BFL,CA,AWP,WE,Combined TRACON& Tower with Radar,6,63,51,0,120,0,115,63,6,184,6,178,114,6,304,244,0,244,548
02/11/2009,BFL,CA,AWP,WE,Combined TRACON& Tower with Radar,4,45,31,1,81,0,55,34,0,89,4,100,65,1,170,128,0,128,298
02/12/2009,BFL,CA,AWP,WE,Combined TRACON& Tower with Radar,4,67,56,8,135,0,57,44,0,101,4,124,100,8,236,126,6,132,368
02/13/2009,BFL,CA,AWP,WE,Combined TRACON& Tower with Radar,6,51,37,1,95,0,29,29,0,58,6,80,66,1,153,94,0,94,247
02/14/2009,BFL,CA,AWP,WE,Combined TRACON& Tower with Radar,1,19,28,0,48,0,3,56,0,59,1,22,84,0,107,2,0,2,109
02/15/2009,BFL,CA,AWP,WE,Combined TRACON& Tower with Radar,3,15,18,0,36,0,0,20,0,20,3,15,38,0,56,52,0,52,108
02/16/2009,BFL,CA,AWP,WE,Combined TRACON& Tower with Radar,2,20,18,0,40,0,0,12,0,12,2,20,30,0,52,0,0,0,52
02/17/2009,BFL,CA,AWP,WE,Combined TRACON& Tower with Radar,5,41,44,2,92,1,85,39,0,125,6,126,83,2,217,250,6,256,473
02/18/2009,BFL,CA,AWP,WE,Combined TRACON& Tower with Radar,4,75,46,0,125,0,105,100,1,206,4,180,146,1,331,238,0,238,569
02/19/2009,BFL,CA,AWP,WE,Combined TRACON& Tower with Radar,5,50,27,0,82,0,114,105,1,220,5,164,132,1,302,114,4,118,420
02/20/2009,BFL,CA,AWP,WE,Combined TRACON& Tower with Radar,4,55,25,0,84,0,105,87,0,192,4,160,112,0,276,216,0,216,492
02/21/2009,BFL,CA,AWP,WE,Combined TRACON& Tower with Radar,4,13,17,0,34,0,34,66,2,102,4,47,83,2,136,114,0,114,250
02/22/2009,BFL,CA,AWP,WE,Combined TRACON& Tower with Radar,2,16,28,0,46,0,1,19,0,20,2,17,47,0,66,20,0,20,86
02/23/2009,BFL,CA,AWP,WE,Combined TRACON& Tower with Radar,4,34,40,0,78,0,58,18,0,76,4,92,58,0,154,134,0,134,288
02/24/2009,BFL,CA,AWP,WE,Combined TRACON& Tower with Radar,4,44,24,0,72,0,106,73,0,179,4,150,97,0,251,101,0,101,352
02/25/2009,BFL,CA,AWP,WE,Combined TRACON& Tower with Radar,4,61,54,2,121,0,62,73,13,148,4,123,127,15,269,88,0,88,357
02/26/2009,BFL,CA,AWP,WE,Combined TRACON& Tower with Radar,4,50,37,3,94,0,85,68,0,153,4,135,105,3,247,114,0,114,361
02/27/2009,BFL,CA,AWP,WE,Combined TRACON& Tower with Radar,4,61,52,2,119,0,67,46,0,113,4,128,98,2,232,122,0,122,354
02/28/2009,BFL,CA,AWP,WE,Combined TRACON& Tower with Radar,2,19,27,0,48,0,2,58,0,60,2,21,85,0,108,14,0,14,122
03/01/2009,BFL,CA,AWP,WE,Combined TRACON& Tower with Radar,2,18,24,0,44,0,6,56,0,62,2,24,80,0,106,0,0,0,106
03/02/2009,BFL,CA,AWP,WE,Combined TRACON& Tower with Radar,3,59,17,4,83,1,85,48,2,136,4,144,65,6,219,186,0,186,405
03/03/2009,BFL,CA,AWP,WE,Combined TRACON& Tower with Radar,4,50,45,2,101,0,91,105,4,200,4,141,150,6,301,122,0,122,423
03/04/2009,BFL,CA,AWP,WE,Combined TRACON& Tower with Radar,4,45,49,0,98,0,39,20,0,59,4,84,69,0,157,84,0,84,241
03/05/2009,BFL,CA,AWP,WE,Combined TRACON& Tower with Radar,4,45,37,0,86,0,79,76,0,155,4,124,113,0,241,138,0,138,379
03/06/2009,BFL,CA,AWP,WE,Combined TRACON& Tower with Radar,3,42,50,1,96,0,65,64,1,130,3,107,114,2,226,66,0,66,292
03/07/2009,BFL,CA,AWP,WE,Combined TRACON& Tower with Radar,2,18,21,0,41,0,8,68,0,76,2,26,89,0,117,12,0,12,129
03/08/2009,BFL,CA,AWP,WE,Combined TRACON& Tower with Radar,2,19,18,0,39,0,5,70,0,75,2,24,88,0,114,14,0,14,128
03/09/2009,BFL,CA,AWP,WE,Combined TRACON& Tower with Radar,4,33,25,0,62,0,125,84,0,209,4,158,109,0,271,320,0,320,591
03/10/2009,BFL,CA,AWP,WE,Combined TRACON& Tower with Radar,4,38,20,0,62,0,118,76,0,194,4,156,96,0,256,268,0,268,524
03/11/2009,BFL,CA,AWP,WE,Combined TRACON& Tower with Radar,4,44,27,0,75,0,115,83,0,198,4,159,110,0,273,282,0,282,555
03/12/2009,BFL,CA,AWP,WE,Combined TRACON& Tower with Radar,4,47,25,0,76,0,127,102,2,231,4,174,127,2,307,290,0,290,597
03/13/2009,BFL,CA,AWP,WE,Combined TRACON& Tower with Radar,5,37,26,0,68,0,121,95,1,217,5,158,121,1,285,198,0,198,483
03/14/2009,BFL,CA,AWP,WE,Combined TRACON& Tower with Radar,2,17,14,0,33,0,16,69,0,85,2,33,83,0,118,10,0,10,128
03/15/2009,BFL,CA,AWP,WE,Combined TRACON& Tower with Radar,2,29,22,0,53,0,2,58,3,63,2,31,80,3,116,4,0,4,120
03/16/2009,BFL,CA,AWP,WE,Combined TRACON& Tower with Radar,4,32,18,1,55,0,137,105,1,243,4,169,123,2,298,272,4,276,574
03/17/2009,BFL,CA,AWP,WE,Combined TRACON& Tower with Radar,2,51,36,0,89,0,91,76,0,167,2,142,112,0,256,166,0,166,422
03/18/2009,BFL,CA,AWP,WE,Combined TRACON& Tower with Radar,4,50,30,0,84,0,99,79,0,178,4,149,109,0,262,181,0,181,443
03/19/2009,BFL,CA,AWP,WE,Combined TRACON& Tower with Radar,4,43,25,4,76,0,99,87,0,186,4,142,112,4,262,258,0,258,520
03/20/2009,BFL,CA,AWP,WE,Combined TRACON& Tower with Radar,2,49,44,0,95,0,99,97,0,196,2,148,141,0,291,306,0,306,597
03/21/2009,BFL,CA,AWP,WE,Combined TRACON& Tower with Radar,2,19,15,0,36,0,5,73,0,78,2,24,88,0,114,16,0,16,130
03/22/2009,BFL,CA,AWP,WE,Combined TRACON& Tower with Radar,2,20,21,0,43,0,6,24,0,30,2,26,45,0,73,0,0,0,73
03/23/2009,BFL,CA,AWP,WE,Combined TRACON& Tower with Radar,8,41,17,0,66,0,91,70,0,161,8,132,87,0,227,296,0,296,523
03/24/2009,BFL,CA,AWP,WE,Combined TRACON& Tower with Radar,3,42,25,0,70,1,108,89,2,200,4,150,114,2,270,372,0,372,642
03/25/2009,BFL,CA,AWP,WE,Combined TRACON& Tower with Radar,4,49,23,0,76,0,91,103,1,195,4,140,126,1,271,368,0,368,639
03/26/2009,BFL,CA,AWP,WE,Combined TRACON& Tower with Radar,3,59,37,1,100,0,90,73,1,164,3,149,110,2,264,358,2,360,624
03/27/2009,BFL,CA,AWP,WE,Combined TRACON& Tower with Radar,4,46,24,0,74,0,100,107,1,208,4,146,131,1,282,372,4,376,658
03/28/2009,BFL,CA,AWP,WE,Combined TRACON& Tower with Radar,2,20,21,0,43,0,43,68,0,111,2,63,89,0,154,118,0,118,272
03/29/2009,BFL,CA,AWP,WE,Combined TRACON& Tower with Radar,1,22,12,0,35,0,5,67,1,73,1,27,79,1,108,4,0,4,112
03/30/2009,BFL,CA,AWP,WE,Combined TRACON& Tower with Radar,4,59,24,11,98,0,106,66,0,172,4,165,90,11,270,377,8,385,655
03/31/2009,BFL,CA,AWP,WE,Combined TRACON& Tower with Radar,4,38,39,0,81,0,121,74,0,195,4,159,113,0,276,388,0,388,664
04/01/2009,BFL,CA,AWP,WE,Combined TRACON& Tower with Radar,5,60,17,0,82,0,119,89,0,208,5,179,106,0,290,352,0,352,642
04/02/2009,BFL,CA,AWP,WE,Combined TRACON& Tower with Radar,4,58,17,0,79,0,76,72,0,148,4,134,89,0,227,282,0,282,509
04/03/2009,BFL,CA,AWP,WE,Combined TRACON& Tower with Radar,4,48,19,0,71,0,93,56,0,149,4,141,75,0,220,230,0,230,450
04/04/2009,BFL,CA,AWP,WE,Combined TRACON& Tower with Radar,2,20,16,4,42,1,16,73,0,90,3,36,89,4,132,24,0,24,156
04/05/2009,BFL,CA,AWP,WE,Combined TRACON& Tower with Radar,2,19,13,0,34,0,6,66,0,72,2,25,79,0,106,20,0,20,126
04/06/2009,BFL,CA,AWP,WE,Combined TRACON& Tower with Radar,2,21,57,1,81,0,4,147,0,151,2,25,204,1,232,376,0,376,608
04/07/2009,BFL,CA,AWP,WE,Combined TRACON& Tower with Radar,5,37,38,0,80,0,34,89,4,127,5,71,127,4,207,84,0,84,291
04/08/2009,BFL,CA,AWP,WE,Combined TRACON& Tower with Radar,2,31,70,0,103,0,1,156,0,157,2,32,226,0,260,274,0,274,534
04/09/2009,BFL,CA,AWP,WE,Combined TRACON& Tower with Radar,2,28,85,10,125,0,1,162,2,165,2,29,247,12,290,180,0,180,470
04/10/2009,BFL,CA,AWP,WE,Combined TRACON& Tower with Radar,1,29,33,0,63,0,4,50,0,54,1,33,83,0,117,92,0,92,209
04/11/2009,BFL,CA,AWP,WE,Combined TRACON& Tower with Radar,1,15,27,0,43,0,1,29,0,30,1,16,56,0,73,2,0,2,75
04/12/2009,BFL,CA,AWP,WE,Combined TRACON& Tower with Radar,2,18,30,0,50,0,1,85,0,86,2,19,115,0,136,4,0,4,140
04/13/2009,BFL,CA,AWP,WE,Combined TRACON& Tower with Radar,2,21,67,0,90,0,3,175,0,178,2,24,242,0,268,210,0,210,478
04/14/2009,BFL,CA,AWP,WE,Combined TRACON& Tower with Radar,2,25,26,1,54,0,0,18,0,18,2,25,44,1,72,0,0,0,72
04/15/2009,BFL,CA,AWP,WE,Combined TRACON& Tower with Radar,1,24,38,0,63,0,1,58,0,59,1,25,96,0,122,113,0,113,235
04/16/2009,BFL,CA,AWP,WE,Combined TRACON& Tower with Radar,2,26,48,0,76,0,1,148,0,149,2,27,196,0,225,78,0,78,303
04/17/2009,BFL,CA,AWP,WE,Combined TRACON& Tower with Radar,2,31,35,0,68,0,6,165,0,171,2,37,200,0,239,238,0,238,477
04/18/2009,BFL,CA,AWP,WE,Combined TRACON& Tower with Radar,2,16,33,0,51,0,4,70,0,74,2,20,103,0,125,6,0,6,131
04/19/2009,BFL,CA,AWP,WE,Combined TRACON& Tower with Radar,2,17,34,0,53,0,2,56,0,58,2,19,90,0,111,2,0,2,113
04/20/2009,BFL,CA,AWP,WE,Combined TRACON& Tower with Radar,2,22,44,0,68,0,4,145,0,149,2,26,189,0,217,222,0,222,439
04/21/2009,BFL,CA,AWP,WE,Combined TRACON& Tower with Radar,2,26,42,0,70,0,2,148,0,150,2,28,190,0,220,198,0,198,418
04/22/2009,BFL,CA,AWP,WE,Combined TRACON& Tower with Radar,2,33,53,2,90,0,0,146,2,148,2,33,199,4,238,182,0,182,420
04/23/2009,BFL,CA,AWP,WE,Combined TRACON& Tower with Radar,2,33,81,0,116,0,6,170,1,177,2,39,251,1,293,214,2,216,509
04/24/2009,BFL,CA,AWP,WE,Combined TRACON& Tower with Radar,2,26,76,0,104,0,3,131,1,135,2,29,207,1,239,182,0,182,421
04/25/2009,BFL,CA,AWP,WE,Combined TRACON& Tower with Radar,6,14,13,0,33,0,0,53,1,54,6,14,66,1,87,28,0,28,115
04/26/2009,BFL,CA,AWP,WE,Combined TRACON& Tower with Radar,2,17,33,0,52,0,2,51,1,54,2,19,84,1,106,26,0,26,132
04/27/2009,BFL,CA,AWP,WE,Combined TRACON& Tower with Radar,2,27,53,0,82,0,1,136,0,137,2,28,189,0,219,208,0,208,427
04/28/2009,BFL,CA,AWP,WE,Combined TRACON& Tower with Radar,2,26,66,8,102,0,7,109,0,116,2,33,175,8,218,162,0,162,380
04/29/2009,BFL,CA,AWP,WE,Combined TRACON& Tower with Radar,4,29,62,0,95,0,8,140,0,148,4,37,202,0,243,186,0,186,429
04/30/2009,BFL,CA,AWP,WE,Combined TRACON& Tower with Radar,6,25,48,0,79,0,6,144,0,150,6,31,192,0,229,168,0,168,397
05/01/2009,BFL,CA,AWP,WE,Combined TRACON& Tower with Radar,2,26,75,0,103,0,0,134,0,134,2,26,209,0,237,132,0,132,369
05/02/2009,BFL,CA,AWP,WE,Combined TRACON& Tower with Radar,2,14,24,2,42,0,6,59,3,68,2,20,83,5,110,18,2,20,130
05/03/2009,BFL,CA,AWP,WE,Combined TRACON& Tower with Radar,2,15,44,1,62,0,1,28,0,29,2,16,72,1,91,0,0,0,91
05/04/2009,BFL,CA,AWP,WE,Combined TRACON& Tower with Radar,3,23,53,2,81,0,3,92,0,95,3,26,145,2,176,98,0,98,274
05/05/2009,BFL,CA,AWP,WE,Combined TRACON& Tower with Radar,2,29,45,0,76,0,4,147,0,151,2,33,192,0,227,127,0,127,354
05/06/2009,BFL,CA,AWP,WE,Combined TRACON& Tower with Radar,2,28,55,0,85,0,4,143,0,147,2,32,198,0,232,76,0,76,308
05/07/2009,BFL,CA,AWP,WE,Combined TRACON& Tower with Radar,2,27,56,0,85,0,0,141,0,141,2,27,197,0,226,156,0,156,382
05/08/2009,BFL,CA,AWP,WE,Combined TRACON& Tower with Radar,2,29,64,0,95,0,2,180,0,182,2,31,244,0,277,154,0,154,431
05/09/2009,BFL,CA,AWP,WE,Combined TRACON& Tower with Radar,2,16,36,0,54,0,0,70,1,71,2,16,106,1,125,125,2,127,252
05/10/2009,BFL,CA,AWP,WE,Combined TRACON& Tower with Radar,3,18,18,0,39,0,3,34,0,37,3,21,52,0,76,0,0,0,76
05/11/2009,BFL,CA,AWP,WE,Combined TRACON& Tower with Radar,4,19,55,0,78,0,0,151,0,151,4,19,206,0,229,194,0,194,423
05/12/2009,BFL,CA,AWP,WE,Combined TRACON& Tower with Radar,2,27,58,5,92,0,3,161,0,164,2,30,219,5,256,170,28,198,454
05/13/2009,BFL,CA,AWP,WE,Combined TRACON& Tower with Radar,4,27,66,0,97,0,2,164,12,178,4,29,230,12,275,212,0,212,487
05/14/2009,BFL,CA,AWP,WE,Combined TRACON& Tower with Radar,3,26,60,2,91,0,6,172,2,180,3,32,232,4,271,176,0,176,447
05/15/2009,BFL,CA,AWP,WE,Combined TRACON& Tower with Radar,4,26,53,2,85,0,3,129,8,140,4,29,182,10,225,208,0,208,433
05/16/2009,BFL,CA,AWP,WE,Combined TRACON& Tower with Radar,4,12,23,0,39,0,3,61,0,64,4,15,84,0,103,28,0,28,131
05/17/2009,BFL,CA,AWP,WE,Combined TRACON& Tower with Radar,3,18,37,0,58,0,3,60,1,64,3,21,97,1,122,50,0,50,172
05/18/2009,BFL,CA,AWP,WE,Combined TRACON& Tower with Radar,4,19,43,2,68,0,1,137,1,139,4,20,180,3,207,154,0,154,361
05/19/2009,BFL,CA,AWP,WE,Combined TRACON& Tower with Radar,2,26,52,0,80,0,2,128,0,130,2,28,180,0,210,246,0,246,456
05/20/2009,BFL,CA,AWP,WE,Combined TRACON& Tower with Radar,2,29,62,10,103,0,1,148,2,151,2,30,210,12,254,252,0,252,506
05/21/2009,BFL,CA,AWP,WE,Combined TRACON& Tower with Radar,2,25,53,0,80,0,1,168,0,169,2,26,221,0,249,170,0,170,419
05/22/2009,BFL,CA,AWP,WE,Combined TRACON& Tower with Radar,3,28,68,0,99,0,4,191,0,195,3,32,259,0,294,238,0,238,532
05/23/2009,BFL,CA,AWP,WE,Combined TRACON& Tower with Radar,4,14,16,0,34,0,4,47,0,51,4,18,63,0,85,2,0,2,87
05/24/2009,BFL,CA,AWP,WE,Combined TRACON& Tower with Radar,3,10,20,0,33,0,0,53,0,53,3,10,73,0,86,24,0,24,110
05/25/2009,BFL,CA,AWP,WE,Combined TRACON& Tower with Radar,2,13,33,0,48,0,2,35,0,37,2,15,68,0,85,8,0,8,93
05/26/2009,BFL,CA,AWP,WE,Combined TRACON& Tower with Radar,2,21,61,0,84,0,3,164,1,168,2,24,225,1,252,204,0,204,456
05/27/2009,BFL,CA,AWP,WE,Combined TRACON& Tower with Radar,2,31,66,5,104,0,0,139,1,140,2,31,205,6,244,236,0,236,480
05/28/2009,BFL,CA,AWP,WE,Combined TRACON& Tower with Radar,2,29,61,0,92,0,1,115,2,118,2,30,176,2,210,220,0,220,430
05/29/2009,BFL,CA,AWP,WE,Combined TRACON& Tower with Radar,3,19,54,0,76,0,4,137,1,142,3,23,191,1,218,252,0,252,470
05/30/2009,BFL,CA,AWP,WE,Combined TRACON& Tower with Radar,3,13,22,0,38,0,4,58,0,62,3,17,80,0,100,12,0,12,112
05/31/2009,BFL,CA,AWP,WE,Combined TRACON& Tower with Radar,3,18,27,0,48,0,1,45,0,46,3,19,72,0,94,16,0,16,110
06/01/2009,BFL,CA,AWP,WE,Combined TRACON& Tower with Radar,5,17,60,0,82,0,3,148,0,151,5,20,208,0,233,174,0,174,407
06/02/2009,BFL,CA,AWP,WE,Combined TRACON& Tower with Radar,3,26,62,2,93,0,2,183,0,185,3,28,245,2,278,240,0,240,518
06/03/2009,BFL,CA,AWP,WE,Combined TRACON& Tower with Radar,8,31,59,0,98,0,3,134,1,138,8,34,193,1,236,166,0,166,402
06/04/2009,BFL,CA,AWP,WE,Combined TRACON& Tower with Radar,5,23,52,6,86,0,4,179,0,183,5,27,231,6,269,246,0,246,515
06/05/2009,BFL,CA,AWP,WE,Combined TRACON& Tower with Radar,7,21,39,0,67,0,4,36,0,40,7,25,75,0,107,0,0,0,107
06/06/2009,BFL,CA,AWP,WE,Combined TRACON& Tower with Radar,3,15,40,2,60,0,0,32,0,32,3,15,72,2,92,5,0,5,97
06/07/2009,BFL,CA,AWP,WE,Combined TRACON& Tower with Radar,3,15,36,4,58,0,0,49,0,49,3,15,85,4,107,2,0,2,109
06/08/2009,BFL,CA,AWP,WE,Combined TRACON& Tower with Radar,4,19,66,6,95,0,2,142,4,148,4,21,208,10,243,206,0,206,449
06/09/2009,BFL,CA,AWP,WE,Combined TRACON& Tower with Radar,4,25,77,4,110,0,0,134,2,136,4,25,211,6,246,182,0,182,428
06/10/2009,BFL,CA,AWP,WE,Combined TRACON& Tower with Radar,4,30,59,11,104,0,1,124,0,125,4,31,183,11,229,176,0,176,405
06/11/2009,BFL,CA,AWP,WE,Combined TRACON& Tower with Radar,4,29,72,5,110,0,2,147,0,149,4,31,219,5,259,222,0,222,481
06/12/2009,BFL,CA,AWP,WE,Combined TRACON& Tower with Radar,4,22,92,0,118,0,4,155,1,160,4,26,247,1,278,312,0,312,590
06/13/2009,BFL,CA,AWP,WE,Combined TRACON& Tower with Radar,3,17,16,0,36,0,1,40,0,41,3,18,56,0,77,2,0,2,79
06/14/2009,BFL,CA,AWP,WE,Combined TRACON& Tower with Radar,3,16,33,0,52,0,0,47,1,48,3,16,80,1,100,16,0,16,116
06/15/2009,BFL,CA,AWP,WE,Combined TRACON& Tower with Radar,4,18,61,2,85,0,1,112,1,114,4,19,173,3,199,256,0,256,455
06/16/2009,BFL,CA,AWP,WE,Combined TRACON& Tower with Radar,2,20,64,3,89,0,1,122,0,123,2,21,186,3,212,200,0,200,412
06/17/2009,BFL,CA,AWP,WE,Combined TRACON& Tower with Radar,4,23,92,2,121,0,0,145,0,145,4,23,237,2,266,248,0,248,514
06/18/2009,BFL,CA,AWP,WE,Combined TRACON& Tower with Radar,3,23,90,6,122,0,9,125,2,136,3,32,215,8,258,226,0,226,484
06/19/2009,BFL,CA,AWP,WE,Combined TRACON& Tower with Radar,4,24,67,1,96,0,1,146,0,147,4,25,213,1,243,180,0,180,423
06/20/2009,BFL,CA,AWP,WE,Combined TRACON& Tower with Radar,3,14,26,0,43,0,4,64,0,68,3,18,90,0,111,28,0,28,139
06/21/2009,BFL,CA,AWP,WE,Combined TRACON& Tower with Radar,3,15,38,0,56,0,4,50,2,56,3,19,88,2,112,2,0,2,114
06/22/2009,BFL,CA,AWP,WE,Combined TRACON& Tower with Radar,4,19,92,11,126,0,3,179,3,185,4,22,271,14,311,279,2,281,592
06/23/2009,BFL,CA,AWP,WE,Combined TRACON& Tower with Radar,4,27,56,2,89,0,0,140,0,140,4,27,196,2,229,184,0,184,413
06/24/2009,BFL,CA,AWP,WE,Combined TRACON& Tower with Radar,4,27,94,0,125,0,1,182,0,183,4,28,276,0,308,350,0,350,658
06/25/2009,BFL,CA,AWP,WE,Combined TRACON& Tower with Radar,3,27,79,8,117,0,5,150,2,157,3,32,229,10,274,294,0,294,568
06/26/2009,BFL,CA,AWP,WE,Combined TRACON& Tower with Radar,4,25,68,1,98,0,2,129,1,132,4,27,197,2,230,192,0,192,422
06/27/2009,BFL,CA,AWP,WE,Combined TRACON& Tower with Radar,3,15,31,1,50,0,0,73,0,73,3,15,104,1,123,0,0,0,123
06/28/2009,BFL,CA,AWP,WE,Combined TRACON& Tower with Radar,6,16,32,0,54,0,1,33,0,34,6,17,65,0,88,0,0,0,88
06/29/2009,BFL,CA,AWP,WE,Combined TRACON& Tower with Radar,5,16,80,1,102,0,3,154,0,157,5,19,234,1,259,212,0,212,471
06/30/2009,BFL,CA,AWP,WE,Combined TRACON& Tower with Radar,4,25,63,2,94,0,3,127,0,130,4,28,190,2,224,284,0,284,508
07/01/2009,BFL,CA,AWP,WE,Combined TRACON& Tower with Radar,4,23,98,0,125,0,1,164,0,165,4,24,262,0,290,254,0,254,544
07/02/2009,BFL,CA,AWP,WE,Combined TRACON& Tower with Radar,5,24,73,0,102,0,3,142,0,145,5,27,215,0,247,216,0,216,463
07/03/2009,BFL,CA,AWP,WE,Combined TRACON& Tower with Radar,3,16,20,0,39,0,6,57,0,63,3,22,77,0,102,0,0,0,102
07/04/2009,BFL,CA,AWP,WE,Combined TRACON& Tower with Radar,2,12,22,0,36,0,0,44,0,44,2,12,66,0,80,6,0,6,86
07/05/2009,BFL,CA,AWP,WE,Combined TRACON& Tower with Radar,3,16,20,0,39,0,1,60,0,61,3,17,80,0,100,0,0,0,100
07/06/2009,BFL,CA,AWP,WE,Combined TRACON& Tower with Radar,6,16,71,0,93,0,2,145,0,147,6,18,216,0,240,314,0,314,554
07/07/2009,BFL,CA,AWP,WE,Combined TRACON& Tower with Radar,4,26,69,0,99,0,2,142,0,144,4,28,211,0,243,210,0,210,453
07/08/2009,BFL,CA,AWP,WE,Combined TRACON& Tower with Radar,4,28,50,0,82,0,1,111,0,112,4,29,161,0,194,137,0,137,331
07/09/2009,BFL,CA,AWP,WE,Combined TRACON& Tower with Radar,4,23,60,3,90,0,1,137,0,138,4,24,197,3,228,244,0,244,472
07/10/2009,BFL,CA,AWP,WE,Combined TRACON& Tower with Radar,6,24,63,2,95,0,9,166,0,175,6,33,229,2,270,246,0,246,516
07/11/2009,BFL,CA,AWP,WE,Combined TRACON& Tower with Radar,3,16,39,3,61,0,1,37,2,40,3,17,76,5,101,0,0,0,101
07/12/2009,BFL,CA,AWP,WE,Combined TRACON& Tower with Radar,5,15,30,0,50,0,1,43,0,44,5,16,73,0,94,6,0,6,100
07/13/2009,BFL,CA,AWP,WE,Combined TRACON& Tower with Radar,8,17,82,0,107,0,3,131,11,145,8,20,213,11,252,388,0,388,640
07/14/2009,BFL,CA,AWP,WE,Combined TRACON& Tower with Radar,4,27,52,3,86,0,2,111,1,114,4,29,163,4,200,257,12,269,469
07/15/2009,BFL,CA,AWP,WE,Combined TRACON& Tower with Radar,4,25,72,0,101,0,3,140,0,143,4,28,212,0,244,228,0,228,472
07/16/2009,BFL,CA,AWP,WE,Combined TRACON& Tower with Radar,4,25,73,2,104,0,7,149,2,158,4,32,222,4,262,210,0,210,472
07/17/2009,BFL,CA,AWP,WE,Combined TRACON& Tower with Radar,4,28,72,0,104,0,4,153,2,159,4,32,225,2,263,228,0,228,491
07/18/2009,BFL,CA,AWP,WE,Combined TRACON& Tower with Radar,3,14,14,0,31,0,3,46,0,49,3,17,60,0,80,0,0,0,80
07/19/2009,BFL,CA,AWP,WE,Combined TRACON& Tower with Radar,3,16,18,0,37,0,2,52,0,54,3,18,70,0,91,4,0,4,95
07/20/2009,BFL,CA,AWP,WE,Combined TRACON& Tower with Radar,5,18,72,0,95,0,3,137,0,140,5,21,209,0,235,276,0,276,511
07/21/2009,BFL,CA,AWP,WE,Combined TRACON& Tower with Radar,4,25,52,0,81,0,3,156,3,162,4,28,208,3,243,334,0,334,577
07/22/2009,BFL,CA,AWP,WE,Combined TRACON& Tower with Radar,4,22,63,2,91,0,9,142,0,151,4,31,205,2,242,262,0,262,504
07/23/2009,BFL,CA,AWP,WE,Combined TRACON& Tower with Radar,4,25,73,4,106,0,8,136,1,145,4,33,209,5,251,202,0,202,453
07/24/2009,BFL,CA,AWP,WE,Combined TRACON& Tower with Radar,4,23,52,0,79,0,6,161,0,167,4,29,213,0,246,288,0,288,534
07/25/2009,BFL,CA,AWP,WE,Combined TRACON& Tower with Radar,3,16,17,0,36,0,1,52,0,53,3,17,69,0,89,18,0,18,107
07/26/2009,BFL,CA,AWP,WE,Combined TRACON& Tower with Radar,5,15,30,0,50,0,1,47,0,48,5,16,77,0,98,0,0,0,98
07/27/2009,BFL,CA,AWP,WE,Combined TRACON& Tower with Radar,6,17,55,0,78,0,5,124,0,129,6,22,179,0,207,250,0,250,457
07/28/2009,BFL,CA,AWP,WE,Combined TRACON& Tower with Radar,4,21,37,0,62,0,2,112,0,114,4,23,149,0,176,250,0,250,426
07/29/2009,BFL,CA,AWP,WE,Combined TRACON& Tower with Radar,4,23,64,1,92,0,2,138,0,140,4,25,202,1,232,312,0,312,544
07/30/2009,BFL,CA,AWP,WE,Combined TRACON& Tower with Radar,4,23,42,3,72,0,2,138,0,140,4,25,180,3,212,354,0,354,566
07/31/2009,BFL,CA,AWP,WE,Combined TRACON& Tower with Radar,4,24,52,0,80,0,4,141,1,146,4,28,193,1,226,286,2,288,514
08/01/2009,BFL,CA,AWP,WE,Combined TRACON& Tower with Radar,3,14,27,0,44,0,4,34,1,39,3,18,61,1,83,10,0,10,93
08/02/2009,BFL,CA,AWP,WE,Combined TRACON& Tower with Radar,5,13,15,1,34,0,3,54,0,57,5,16,69,1,91,20,0,20,111
08/03/2009,BFL,CA,AWP,WE,Combined TRACON& Tower with Radar,6,15,47,1,69,0,2,124,3,129,6,17,171,4,198,305,0,305,503
08/04/2009,BFL,CA,AWP,WE,Combined TRACON& Tower with Radar,4,25,59,3,91,0,2,129,0,131,4,27,188,3,222,138,0,138,360
08/05/2009,BFL,CA,AWP,WE,Combined TRACON& Tower with Radar,4,29,53,0,86,0,2,110,0,112,4,31,163,0,198,120,0,120,318
08/06/2009,BFL,CA,AWP,WE,Combined TRACON& Tower with Radar,4,21,65,0,90,0,4,152,1,157,4,25,217,1,247,140,0,140,387
08/07/2009,BFL,CA,AWP,WE,Combined TRACON& Tower with Radar,6,19,79,1,105,0,9,122,0,131,6,28,201,1,236,130,0,130,366
08/08/2009,BFL,CA,AWP,WE,Combined TRACON& Tower with Radar,3,14,32,0,49,0,1,56,0,57,3,15,88,0,106,6,0,6,112
08/09/2009,BFL,CA,AWP,WE,Combined TRACON& Tower with Radar,5,13,34,1,53,0,1,67,1,69,5,14,101,2,122,8,0,8,130
08/10/2009,BFL,CA,AWP,WE,Combined TRACON& Tower with Radar,6,17,90,0,113,0,4,137,5,146,6,21,227,5,259,169,0,169,428
08/11/2009,BFL,CA,AWP,WE,Combined TRACON& Tower with Radar,4,24,62,1,91,0,4,118,0,122,4,28,180,1,213,270,0,270,483
08/12/2009,BFL,CA,AWP,WE,Combined TRACON& Tower with Radar,4,23,93,2,122,0,3,151,0,154,4,26,244,2,276,279,0,279,555
08/13/2009,BFL,CA,AWP,WE,Combined TRACON& Tower with Radar,4,25,58,2,89,0,7,135,0,142,4,32,193,2,231,218,0,218,449
08/14/2009,BFL,CA,AWP,WE,Combined TRACON& Tower with Radar,4,24,102,0,130,0,5,144,3,152,4,29,246,3,282,236,0,236,518
08/15/2009,BFL,CA,AWP,WE,Combined TRACON& Tower with Radar,3,17,28,0,48,0,2,68,1,71,3,19,96,1,119,56,0,56,175
08/16/2009,BFL,CA,AWP,WE,Combined TRACON& Tower with Radar,7,15,38,0,60,0,5,64,0,69,7,20,102,0,129,5,0,5,134
08/17/2009,BFL,CA,AWP,WE,Combined TRACON& Tower with Radar,6,16,79,0,101,0,5,119,0,124,6,21,198,0,225,152,0,152,377
08/18/2009,BFL,CA,AWP,WE,Combined TRACON& Tower with Radar,6,26,105,0,137,0,1,148,0,149,6,27,253,0,286,188,0,188,474
08/19/2009,BFL,CA,AWP,WE,Combined TRACON& Tower with Radar,6,22,79,2,109,0,0,146,3,149,6,22,225,5,258,188,0,188,446
08/20/2009,BFL,CA,AWP,WE,Combined TRACON& Tower with Radar,6,22,59,0,87,0,0,157,0,157,6,22,216,0,244,238,0,238,482
08/21/2009,BFL,CA,AWP,WE,Combined TRACON& Tower with Radar,5,21,89,1,116,0,2,174,2,178,5,23,263,3,294,148,0,148,442
08/22/2009,BFL,CA,AWP,WE,Combined TRACON& Tower with Radar,7,10,11,1,29,0,4,71,2,77,7,14,82,3,106,28,1,29,135
08/23/2009,BFL,CA,AWP,WE,Combined TRACON& Tower with Radar,7,13,47,0,67,0,5,45,1,51,7,18,92,1,118,8,0,8,126
08/24/2009,BFL,CA,AWP,WE,Combined TRACON& Tower with Radar,8,17,62,0,87,0,1,140,4,145,8,18,202,4,232,208,4,212,444
08/25/2009,BFL,CA,AWP,WE,Combined TRACON& Tower with Radar,6,22,61,0,89,0,4,149,3,156,6,26,210,3,245,181,4,185,430
08/26/2009,BFL,CA,AWP,WE,Combined TRACON& Tower with Radar,6,21,78,0,105,0,9,140,0,149,6,30,218,0,254,128,0,128,382
08/27/2009,BFL,CA,AWP,WE,Combined TRACON& Tower with Radar,6,20,102,1,129,0,3,157,1,161,6,23,259,2,290,202,26,228,518
08/28/2009,BFL,CA,AWP,WE,Combined TRACON& Tower with Radar,6,20,89,1,116,0,4,154,0,158,6,24,243,1,274,234,0,234,508
08/29/2009,BFL,CA,AWP,WE,Combined TRACON& Tower with Radar,7,10,16,0,33,0,1,36,2,39,7,11,52,2,72,10,0,10,82
08/30/2009,BFL,CA,AWP,WE,Combined TRACON& Tower with Radar,8,17,31,0,56,0,2,42,0,44,8,19,73,0,100,0,0,0,100
08/31/2009,BFL,CA,AWP,WE,Combined TRACON& Tower with Radar,7,15,64,2,88,0,3,196,0,199,7,18,260,2,287,264,0,264,551
09/01/2009,BFL,CA,AWP,WE,Combined TRACON& Tower with Radar,5,24,69,0,98,0,2,141,2,145,5,26,210,2,243,244,0,244,487
09/02/2009,BFL,CA,AWP,WE,Combined TRACON& Tower with Radar,4,25,85,3,117,0,3,141,0,144,4,28,226,3,261,168,6,174,435
09/03/2009,BFL,CA,AWP,WE,Combined TRACON& Tower with Radar,6,22,93,3,124,0,1,168,13,182,6,23,261,16,306,236,0,236,542
09/04/2009,BFL,CA,AWP,WE,Combined TRACON& Tower with Radar,4,23,86,3,116,0,1,141,1,143,4,24,227,4,259,158,0,158,417
09/05/2009,BFL,CA,AWP,WE,Combined TRACON& Tower with Radar,4,11,20,0,35,0,4,54,5,63,4,15,74,5,98,64,0,64,162
09/06/2009,BFL,CA,AWP,WE,Combined TRACON& Tower with Radar,4,10,15,0,29,0,7,59,6,72,4,17,74,6,101,14,0,14,115
09/07/2009,BFL,CA,AWP,WE,Combined TRACON& Tower with Radar,6,14,43,0,63,0,9,50,3,62,6,23,93,3,125,12,0,12,137
09/08/2009,BFL,CA,AWP,WE,Combined TRACON& Tower with Radar,4,20,62,0,86,0,3,150,0,153,4,23,212,0,239,200,0,200,439
09/09/2009,BFL,CA,AWP,WE,Combined TRACON& Tower with Radar,4,24,81,0,109,0,0,160,0,160,4,24,241,0,269,230,0,230,499
09/10/2009,BFL,CA,AWP,WE,Combined TRACON& Tower with Radar,3,27,68,2,100,0,5,166,7,178,3,32,234,9,278,164,0,164,442
09/11/2009,BFL,CA,AWP,WE,Combined TRACON& Tower with Radar,3,22,67,8,100,0,2,161,10,173,3,24,228,18,273,316,0,316,589
09/12/2009,BFL,CA,AWP,WE,Combined TRACON& Tower with Radar,1,15,16,0,32,0,8,80,0,88,1,23,96,0,120,7,0,7,127
09/13/2009,BFL,CA,AWP,WE,Combined TRACON& Tower with Radar,3,17,23,0,43,0,7,88,1,96,3,24,111,1,139,28,0,28,167
09/14/2009,BFL,CA,AWP,WE,Combined TRACON& Tower with Radar,6,15,74,0,95,0,4,49,6,59,6,19,123,6,154,76,0,76,230
09/15/2009,BFL,CA,AWP,WE,Combined TRACON& Tower with Radar,4,22,40,0,66,0,1,158,2,161,4,23,198,2,227,222,0,222,449
09/16/2009,BFL,CA,AWP,WE,Combined TRACON& Tower with Radar,4,26,59,0,89,0,1,184,0,185,4,27,243,0,274,372,0,372,646
09/17/2009,BFL,CA,AWP,WE,Combined TRACON& Tower with Radar,4,22,46,0,72,0,2,155,2,159,4,24,201,2,231,288,0,288,519
09/18/2009,BFL,CA,AWP,WE,Combined TRACON& Tower with Radar,4,26,114,0,144,0,6,216,1,223,4,32,330,1,367,414,0,414,781
09/19/2009,BFL,CA,AWP,WE,Combined TRACON& Tower with Radar,1,17,15,0,33,0,6,56,2,64,1,23,71,2,97,4,0,4,101
09/20/2009,BFL,CA,AWP,WE,Combined TRACON& Tower with Radar,3,17,39,0,59,0,2,81,0,83,3,19,120,0,142,0,0,0,142
09/21/2009,BFL,CA,AWP,WE,Combined TRACON& Tower with Radar,6,14,58,0,78,0,6,158,0,164,6,20,216,0,242,366,0,366,608
09/22/2009,BFL,CA,AWP,WE,Combined TRACON& Tower with Radar,4,22,62,0,88,0,5,132,0,137,4,27,194,0,225,234,0,234,459
09/23/2009,BFL,CA,AWP,WE,Combined TRACON& Tower with Radar,4,26,59,8,97,0,1,136,2,139,4,27,195,10,236,194,0,194,430
09/24/2009,BFL,CA,AWP,WE,Combined TRACON& Tower with Radar,4,26,60,0,90,0,3,193,0,196,4,29,253,0,286,246,1,247,533
09/25/2009,BFL,CA,AWP,WE,Combined TRACON& Tower with Radar,4,26,55,2,87,0,3,156,6,165,4,29,211,8,252,218,0,218,470
09/26/2009,BFL,CA,AWP,WE,Combined TRACON& Tower with Radar,1,15,23,0,39,0,9,69,2,80,1,24,92,2,119,2,0,2,121
09/27/2009,BFL,CA,AWP,WE,Combined TRACON& Tower with Radar,3,17,48,0,68,0,2,82,0,84,3,19,130,0,152,37,0,37,189
09/28/2009,BFL,CA,AWP,WE,Combined TRACON& Tower with Radar,6,15,48,1,70,0,0,148,9,157,6,15,196,10,227,312,7,319,546
09/29/2009,BFL,CA,AWP,WE,Combined TRACON& Tower with Radar,4,20,74,0,98,0,2,167,6,175,4,22,241,6,273,286,0,286,559
09/30/2009,BFL,CA,AWP,WE,Combined TRACON& Tower with Radar,4,22,66,6,98,0,0,154,0,154,4,22,220,6,252,370,0,370,622
10/01/2009,BFL,CA,AWP,WE,Combined TRACON& Tower with Radar,4,22,84,0,110,0,2,177,0,179,4,24,261,0,289,298,0,298,587
10/02/2009,BFL,CA,AWP,WE,Combined TRACON& Tower with Radar,4,32,84,4,124,0,5,146,5,156,4,37,230,9,280,246,0,246,526
10/03/2009,BFL,CA,AWP,WE,Combined TRACON& Tower with Radar,1,19,55,0,75,0,4,54,0,58,1,23,109,0,133,8,0,8,141
10/04/2009,BFL,CA,AWP,WE,Combined TRACON& Tower with Radar,3,17,43,2,65,0,6,73,0,79,3,23,116,2,144,30,0,30,174
10/05/2009,BFL,CA,AWP,WE,Combined TRACON& Tower with Radar,3,18,67,0,88,0,0,155,0,155,3,18,222,0,243,220,0,220,463
10/06/2009,BFL,CA,AWP,WE,Combined TRACON& Tower with Radar,5,20,63,0,88,0,0,184,0,184,5,20,247,0,272,248,0,248,520
10/07/2009,BFL,CA,AWP,WE,Combined TRACON& Tower with Radar,4,22,78,2,106,0,3,190,1,194,4,25,268,3,300,230,0,230,530
10/08/2009,BFL,CA,AWP,WE,Combined TRACON& Tower with Radar,4,23,71,0,98,0,1,139,2,142,4,24,210,2,240,158,0,158,398
10/09/2009,BFL,CA,AWP,WE,Combined TRACON& Tower with Radar,4,24,75,4,107,0,2,178,0,180,4,26,253,4,287,282,0,282,569
10/10/2009,BFL,CA,AWP,WE,Combined TRACON& Tower with Radar,1,17,21,0,39,0,3,81,0,84,1,20,102,0,123,6,0,6,129
10/11/2009,BFL,CA,AWP,WE,Combined TRACON& Tower with Radar,3,21,35,0,59,0,2,54,0,56,3,23,89,0,115,4,0,4,119
10/12/2009,BFL,CA,AWP,WE,Combined TRACON& Tower with Radar,6,18,66,0,90,0,0,61,0,61,6,18,127,0,151,0,0,0,151
10/13/2009,BFL,CA,AWP,WE,Combined TRACON& Tower with Radar,4,26,72,0,102,0,1,33,0,34,4,27,105,0,136,14,0,14,150
10/14/2009,BFL,CA,AWP,WE,Combined TRACON& Tower with Radar,4,25,58,1,88,0,0,29,0,29,4,25,87,1,117,26,0,26,143
10/15/2009,BFL,CA,AWP,WE,Combined TRACON& Tower with Radar,4,26,92,2,124,0,3,187,1,191,4,29,279,3,315,348,10,358,673
10/16/2009,BFL,CA,AWP,WE,Combined TRACON& Tower with Radar,4,24,120,0,148,0,4,29,0,33,4,28,149,0,181,22,0,22,203
10/17/2009,BFL,CA,AWP,WE,Combined TRACON& Tower with Radar,1,19,35,0,55,0,3,39,0,42,1,22,74,0,97,0,0,0,97
10/18/2009,BFL,CA,AWP,WE,Combined TRACON& Tower with Radar,3,18,32,0,53,0,1,47,0,48,3,19,79,0,101,16,0,16,117
10/19/2009,BFL,CA,AWP,WE,Combined TRACON& Tower with Radar,7,19,76,2,104,0,1,160,0,161,7,20,236,2,265,300,0,300,565
10/20/2009,BFL,CA,AWP,WE,Combined TRACON& Tower with Radar,4,23,91,1,119,0,1,95,0,96,4,24,186,1,215,150,0,150,365
10/21/2009,BFL,CA,AWP,WE,Combined TRACON& Tower with Radar,4,22,84,5,115,0,1,177,0,178,4,23,261,5,293,311,0,311,604
10/22/2009,BFL,CA,AWP,WE,Combined TRACON& Tower with Radar,4,26,95,0,125,0,3,171,1,175,4,29,266,1,300,270,0,270,570
10/23/2009,BFL,CA,AWP,WE,Combined TRACON& Tower with Radar,4,23,98,0,125,0,3,114,0,117,4,26,212,0,242,260,0,260,502
10/24/2009,BFL,CA,AWP,WE,Combined TRACON& Tower with Radar,1,18,15,0,34,0,2,83,0,85,1,20,98,0,119,24,0,24,143
10/25/2009,BFL,CA,AWP,WE,Combined TRACON& Tower with Radar,5,17,27,0,49,0,1,89,0,90,5,18,116,0,139,10,0,10,149
10/26/2009,BFL,CA,AWP,WE,Combined TRACON& Tower with Radar,6,18,89,7,120,0,2,152,1,155,6,20,241,8,275,420,0,420,695
10/27/2009,BFL,CA,AWP,WE,Combined TRACON& Tower with Radar,4,27,66,0,97,0,1,110,0,111,4,28,176,0,208,252,0,252,460
10/28/2009,BFL,CA,AWP,WE,Combined TRACON& Tower with Radar,4,23,91,4,122,0,0,157,0,157,4,23,248,4,279,150,0,150,429
10/29/2009,BFL,CA,AWP,WE,Combined TRACON& Tower with Radar,6,24,80,2,112,0,3,161,1,165,6,27,241,3,277,178,1,179,456
10/30/2009,BFL,CA,AWP,WE,Combined TRACON& Tower with Radar,4,27,78,0,109,0,3,142,1,146,4,30,220,1,255,242,1,243,498
10/31/2009,BFL,CA,AWP,WE,Combined TRACON& Tower with Radar,1,16,25,1,43,0,2,55,0,57,1,18,80,1,100,2,0,2,102
11/01/2009,BFL,CA,AWP,WE,Combined TRACON& Tower with Radar,3,20,20,0,43,0,1,66,0,67,3,21,86,0,110,31,0,31,141
11/02/2009,BFL,CA,AWP,WE,Combined TRACON& Tower with Radar,6,18,87,5,116,0,1,193,2,196,6,19,280,7,312,276,0,276,588
11/03/2009,BFL,CA,AWP,WE,Combined TRACON& Tower with Radar,4,26,77,1,108,0,1,175,3,179,4,27,252,4,287,242,0,242,529
11/04/2009,BFL,CA,AWP,WE,Combined TRACON& Tower with Radar,4,24,81,2,111,0,5,145,0,150,4,29,226,2,261,204,0,204,465
11/05/2009,BFL,CA,AWP,WE,Combined TRACON& Tower with Radar,4,24,93,1,122,0,6,133,0,139,4,30,226,1,261,200,0,200,461
11/06/2009,BFL,CA,AWP,WE,Combined TRACON& Tower with Radar,4,27,63,0,94,0,0,107,1,108,4,27,170,1,202,152,0,152,354
11/07/2009,BFL,CA,AWP,WE,Combined TRACON& Tower with Radar,1,17,23,0,41,0,4,50,0,54,1,21,73,0,95,28,0,28,123
11/08/2009,BFL,CA,AWP,WE,Combined TRACON& Tower with Radar,3,18,32,0,53,0,3,68,0,71,3,21,100,0,124,38,0,38,162
11/09/2009,BFL,CA,AWP,WE,Combined TRACON& Tower with Radar,6,21,61,3,91,0,0,137,0,137,6,21,198,3,228,198,0,198,426
11/10/2009,BFL,CA,AWP,WE,Combined TRACON& Tower with Radar,4,26,86,1,117,0,2,152,2,156,4,28,238,3,273,249,0,249,522
11/11/2009,BFL,CA,AWP,WE,Combined TRACON& Tower with Radar,6,25,61,0,92,0,1,94,0,95,6,26,155,0,187,160,0,160,347
11/12/2009,BFL,CA,AWP,WE,Combined TRACON& Tower with Radar,4,25,66,1,96,0,0,31,0,31,4,25,97,1,127,40,0,40,167
11/13/2009,BFL,CA,AWP,WE,Combined TRACON& Tower with Radar,4,25,77,8,114,0,0,129,0,129,4,25,206,8,243,246,0,246,489
11/14/2009,BFL,CA,AWP,WE,Combined TRACON& Tower with Radar,1,16,32,1,50,1,5,46,1,53,2,21,78,2,103,4,0,4,107
11/15/2009,BFL,CA,AWP,WE,Combined TRACON& Tower with Radar,3,29,30,0,62,0,9,80,2,91,3,38,110,2,153,70,0,70,223
11/16/2009,BFL,CA,AWP,WE,Combined TRACON& Tower with Radar,6,33,59,1,99,0,5,195,1,201,6,38,254,2,300,488,0,488,788
11/17/2009,BFL,CA,AWP,WE,Combined TRACON& Tower with Radar,2,26,70,9,107,0,3,156,1,160,2,29,226,10,267,250,0,250,517
11/18/2009,BFL,CA,AWP,WE,Combined TRACON& Tower with Radar,4,27,112,8,151,0,0,75,0,75,4,27,187,8,226,221,0,221,447
11/19/2009,BFL,CA,AWP,WE,Combined TRACON& Tower with Radar,4,24,73,6,107,0,3,144,1,148,4,27,217,7,255,188,0,188,443
11/20/2009,BFL,CA,AWP,WE,Combined TRACON& Tower with Radar,4,23,64,0,91,0,4,97,0,101,4,27,161,0,192,188,0,188,380
11/21/2009,BFL,CA,AWP,WE,Combined TRACON& Tower with Radar,3,16,38,0,57,0,0,43,0,43,3,16,81,0,100,12,0,12,112
11/22/2009,BFL,CA,AWP,WE,Combined TRACON& Tower with Radar,3,19,29,0,51,0,2,79,0,81,3,21,108,0,132,14,0,14,146
11/23/2009,BFL,CA,AWP,WE,Combined TRACON& Tower with Radar,6,18,72,0,96,0,3,115,0,118,6,21,187,0,214,135,0,135,349
11/24/2009,BFL,CA,AWP,WE,Combined TRACON& Tower with Radar,6,28,77,0,111,0,4,105,0,109,6,32,182,0,220,146,0,146,366
11/25/2009,BFL,CA,AWP,WE,Combined TRACON& Tower with Radar,4,28,78,0,110,0,3,179,0,182,4,31,257,0,292,248,0,248,540
11/26/2009,BFL,CA,AWP,WE,Combined TRACON& Tower with Radar,3,9,14,0,26,0,0,51,0,51,3,9,65,0,77,2,0,2,79
11/27/2009,BFL,CA,AWP,WE,Combined TRACON& Tower with Radar,5,18,23,0,46,0,0,29,0,29,5,18,52,0,75,10,0,10,85
11/28/2009,BFL,CA,AWP,WE,Combined TRACON& Tower with Radar,6,18,26,0,50,0,2,38,0,40,6,20,64,0,90,2,0,2,92
11/29/2009,BFL,CA,AWP,WE,Combined TRACON& Tower with Radar,4,19,23,0,46,0,1,74,0,75,4,20,97,0,121,60,0,60,181
11/30/2009,BFL,CA,AWP,WE,Combined TRACON& Tower with Radar,4,20,66,2,92,0,3,130,0,133,4,23,196,2,225,126,0,126,351
12/01/2009,BFL,CA,AWP,WE,Combined TRACON& Tower with Radar,4,27,72,4,107,0,4,142,0,146,4,31,214,4,253,64,6,70,323
12/02/2009,BFL,CA,AWP,WE,Combined TRACON& Tower with Radar,3,29,78,0,110,0,2,105,1,108,3,31,183,1,218,110,0,110,328
12/03/2009,BFL,CA,AWP,WE,Combined TRACON& Tower with Radar,4,27,142,0,173,0,0,52,0,52,4,27,194,0,225,24,0,24,249
12/04/2009,BFL,CA,AWP,WE,Combined TRACON& Tower with Radar,3,30,85,0,118,0,1,21,1,23,3,31,106,1,141,6,0,6,147
12/05/2009,BFL,CA,AWP,WE,Combined TRACON& Tower with Radar,1,17,32,0,50,0,0,20,0,20,1,17,52,0,70,0,0,0,70
12/06/2009,BFL,CA,AWP,WE,Combined TRACON& Tower with Radar,3,18,34,0,55,0,3,30,0,33,3,21,64,0,88,22,0,22,110
12/07/2009,BFL,CA,AWP,WE,Combined TRACON& Tower with Radar,3,18,68,0,89,2,0,71,0,73,5,18,139,0,162,140,0,140,302
12/08/2009,BFL,CA,AWP,WE,Combined TRACON& Tower with Radar,4,29,64,0,97,0,4,128,0,132,4,33,192,0,229,216,0,216,445
12/09/2009,BFL,CA,AWP,WE,Combined TRACON& Tower with Radar,4,28,80,4,116,0,2,122,1,125,4,30,202,5,241,138,0,138,379
12/10/2009,BFL,CA,AWP,WE,Combined TRACON& Tower with Radar,4,29,62,0,95,0,2,65,0,67,4,31,127,0,162,134,0,134,296
12/11/2009,BFL,CA,AWP,WE,Combined TRACON& Tower with Radar,4,23,61,4,92,0,2,68,1,71,4,25,129,5,163,160,0,160,323
12/12/2009,BFL,CA,AWP,WE,Combined TRACON& Tower with Radar,3,19,14,0,36,0,0,19,0,19,3,19,33,0,55,26,0,26,81
12/13/2009,BFL,CA,AWP,WE,Combined TRACON& Tower with Radar,3,17,14,0,34,0,5,42,0,47,3,22,56,0,81,50,0,50,131
12/14/2009,BFL,CA,AWP,WE,Combined TRACON& Tower with Radar,6,20,51,0,77,0,1,113,2,116,6,21,164,2,193,163,0,163,356
12/15/2009,BFL,CA,AWP,WE,Combined TRACON& Tower with Radar,4,25,73,0,102,0,9,33,0,42,4,34,106,0,144,18,0,18,162
12/16/2009,BFL,CA,AWP,WE,Combined TRACON& Tower with Radar,4,31,108,0,143,0,3,116,0,119,4,34,224,0,262,156,0,156,418
12/17/2009,BFL,CA,AWP,WE,Combined TRACON& Tower with Radar,5,25,48,0,78,0,0,3,0,3,5,25,51,0,81,0,0,0,81
12/18/2009,BFL,CA,AWP,WE,Combined TRACON& Tower with Radar,4,31,146,1,182,0,0,1,0,1,4,31,147,1,183,0,0,0,183
12/19/2009,BFL,CA,AWP,WE,Combined TRACON& Tower with Radar,4,22,27,0,53,0,3,20,0,23,4,25,47,0,76,12,0,12,88
12/20/2009,BFL,CA,AWP,WE,Combined TRACON& Tower with Radar,4,20,32,0,56,0,1,18,0,19,4,21,50,0,75,0,0,0,75
12/21/2009,BFL,CA,AWP,WE,Combined TRACON& Tower with Radar,6,18,58,2,84,0,4,78,0,82,6,22,136,2,166,124,0,124,290
12/22/2009,BFL,CA,AWP,WE,Combined TRACON& Tower with Radar,2,34,45,0,81,0,2,59,1,62,2,36,104,1,143,94,0,94,237
12/23/2009,BFL,CA,AWP,WE,Combined TRACON& Tower with Radar,4,27,52,1,84,0,2,145,0,147,4,29,197,1,231,144,0,144,375
12/24/2009,BFL,CA,AWP,WE,Combined TRACON& Tower with Radar,5,23,32,0,60,0,3,101,0,104,5,26,133,0,164,206,0,206,370
12/25/2009,BFL,CA,AWP,WE,Combined TRACON& Tower with Radar,3,14,3,0,20,0,1,25,0,26,3,15,28,0,46,2,0,2,48
12/26/2009,BFL,CA,AWP,WE,Combined TRACON& Tower with Radar,4,18,20,0,42,0,3,24,0,27,4,21,44,0,69,10,0,10,79
12/27/2009,BFL,CA,AWP,WE,Combined TRACON& Tower with Radar,4,16,33,0,53,0,3,16,0,19,4,19,49,0,72,20,0,20,92
12/28/2009,BFL,CA,AWP,WE,Combined TRACON& Tower with Radar,4,20,39,0,63,0,1,42,0,43,4,21,81,0,106,94,0,94,200
12/29/2009,BFL,CA,AWP,WE,Combined TRACON& Tower with Radar,4,31,100,3,138,0,0,25,2,27,4,31,125,5,165,0,0,0,165
12/30/2009,BFL,CA,AWP,WE,Combined TRACON& Tower with Radar,4,27,45,0,76,0,2,8,0,10,4,29,53,0,86,0,0,0,86
12/31/2009,BFL,CA,AWP,WE,Combined TRACON& Tower with Radar,5,34,66,0,105,0,14,108,0,122,5,48,174,0,227,214,0,214,441
01/01/2010,BFL,CA,AWP,WE,Combined TRACON& Tower with Radar,4,9,13,0,26,0,3,26,0,29,4,12,39,0,55,8,0,8,63
01/02/2010,BFL,CA,AWP,WE,Combined TRACON& Tower with Radar,2,14,36,0,52,0,9,39,0,48,2,23,75,0,100,4,0,4,104
01/03/2010,BFL,CA,AWP,WE,Combined TRACON& Tower with Radar,3,16,29,0,48,0,0,33,0,33,3,16,62,0,81,64,0,64,145
01/04/2010,BFL,CA,AWP,WE,Combined TRACON& Tower with Radar,3,21,21,0,45,0,0,0,0,0,3,21,21,0,45,0,0,0,45
01/05/2010,BFL,CA,AWP,WE,Combined TRACON& Tower with Radar,3,21,69,0,93,0,0,11,2,13,3,21,80,2,106,0,0,0,106
01/06/2010,BFL,CA,AWP,WE,Combined TRACON& Tower with Radar,5,26,112,2,145,0,0,23,2,25,5,26,135,4,170,18,0,18,188
01/07/2010,BFL,CA,AWP,WE,Combined TRACON& Tower with Radar,4,27,105,0,136,0,1,5,0,6,4,28,110,0,142,0,0,0,142
01/08/2010,BFL,CA,AWP,WE,Combined TRACON& Tower with Radar,2,25,77,0,104,0,0,24,0,24,2,25,101,0,128,14,0,14,142
01/09/2010,BFL,CA,AWP,WE,Combined TRACON& Tower with Radar,4,20,32,0,56,0,0,8,0,8,4,20,40,0,64,2,0,2,66
01/10/2010,BFL,CA,AWP,WE,Combined TRACON& Tower with Radar,5,12,35,0,52,0,0,0,0,0,5,12,35,0,52,0,0,0,52
01/11/2010,BFL,CA,AWP,WE,Combined TRACON& Tower with Radar,6,28,82,2,118,0,0,119,2,121,6,28,201,4,239,220,0,220,459
01/12/2010,BFL,CA,AWP,WE,Combined TRACON& Tower with Radar,6,27,71,0,104,0,1,104,11,116,6,28,175,11,220,166,0,166,386
01/13/2010,BFL,CA,AWP,WE,Combined TRACON& Tower with Radar,5,32,86,6,129,0,4,97,0,101,5,36,183,6,230,186,0,186,416
01/14/2010,BFL,CA,AWP,WE,Combined TRACON& Tower with Radar,6,29,78,1,114,0,3,138,1,142,6,32,216,2,256,220,0,220,476
01/15/2010,BFL,CA,AWP,WE,Combined TRACON& Tower with Radar,5,30,66,0,101,0,1,93,0,94,5,31,159,0,195,82,0,82,277
01/16/2010,BFL,CA,AWP,WE,Combined TRACON& Tower with Radar,5,16,14,0,35,0,1,51,0,52,5,17,65,0,87,10,0,10,97
01/17/2010,BFL,CA,AWP,WE,Combined TRACON& Tower with Radar,5,18,12,0,35,0,1,57,0,58,5,19,69,0,93,42,0,42,135
01/18/2010,BFL,CA,AWP,WE,Combined TRACON& Tower with Radar,5,17,33,0,55,0,5,24,0,29,5,22,57,0,84,112,0,112,196
01/19/2010,BFL,CA,AWP,WE,Combined TRACON& Tower with Radar,4,21,30,0,55,0,2,55,0,57,4,23,85,0,112,104,0,104,216
01/20/2010,BFL,CA,AWP,WE,Combined TRACON& Tower with Radar,4,23,33,0,60,0,0,28,1,29,4,23,61,1,89,106,0,106,195
01/21/2010,BFL,CA,AWP,WE,Combined TRACON& Tower with Radar,5,19,31,0,55,0,0,18,0,18,5,19,49,0,73,30,0,30,103
01/22/2010,BFL,CA,AWP,WE,Combined TRACON& Tower with Radar,4,22,74,0,100,0,3,65,0,68,4,25,139,0,168,234,0,234,402
01/23/2010,BFL,CA,AWP,WE,Combined TRACON& Tower with Radar,5,16,46,0,67,0,5,69,0,74,5,21,115,0,141,142,0,142,283
01/24/2010,BFL,CA,AWP,WE,Combined TRACON& Tower with Radar,7,14,37,0,58,0,0,79,0,79,7,14,116,0,137,60,0,60,197
01/25/2010,BFL,CA,AWP,WE,Combined TRACON& Tower with Radar,3,21,69,0,93,0,8,112,1,121,3,29,181,1,214,210,0,210,424
01/26/2010,BFL,CA,AWP,WE,Combined TRACON& Tower with Radar,5,23,66,0,94,0,3,105,0,108,5,26,171,0,202,158,0,158,360
01/27/2010,BFL,CA,AWP,WE,Combined TRACON& Tower with Radar,6,25,92,0,123,0,1,4,6,11,6,26,96,6,134,0,0,0,134
01/28/2010,BFL,CA,AWP,WE,Combined TRACON& Tower with Radar,7,27,65,2,101,0,3,119,2,124,7,30,184,4,225,182,0,182,407
01/29/2010,BFL,CA,AWP,WE,Combined TRACON& Tower with Radar,8,27,66,0,101,0,0,90,1,91,8,27,156,1,192,114,0,114,306
01/30/2010,BFL,CA,AWP,WE,Combined TRACON& Tower with Radar,5,16,23,0,44,0,3,35,0,38,5,19,58,0,82,12,0,12,94
01/31/2010,BFL,CA,AWP,WE,Combined TRACON& Tower with Radar,5,16,31,0,52,0,2,57,2,61,5,18,88,2,113,18,0,18,131
02/01/2010,BFL,CA,AWP,WE,Combined TRACON& Tower with Radar,6,19,60,0,85,0,5,142,0,147,6,24,202,0,232,212,0,212,444
02/02/2010,BFL,CA,AWP,WE,Combined TRACON& Tower with Radar,6,25,91,0,122,0,6,85,0,91,6,31,176,0,213,116,0,116,329
02/03/2010,BFL,CA,AWP,WE,Combined TRACON& Tower with Radar,4,27,78,0,109,0,1,36,0,37,4,28,114,0,146,44,0,44,190
02/04/2010,BFL,CA,AWP,WE,Combined TRACON& Tower with Radar,5,27,74,0,106,0,5,119,0,124,5,32,193,0,230,182,0,182,412
02/05/2010,BFL,CA,AWP,WE,Combined TRACON& Tower with Radar,5,29,53,0,87,0,2,54,1,57,5,31,107,1,144,172,0,172,316
02/06/2010,BFL,CA,AWP,WE,Combined TRACON& Tower with Radar,5,19,10,1,35,0,0,6,1,7,5,19,16,2,42,0,0,0,42
02/07/2010,BFL,CA,AWP,WE,Combined TRACON& Tower with Radar,3,19,23,0,45,0,6,35,0,41,3,25,58,0,86,18,0,18,104
02/08/2010,BFL,CA,AWP,WE,Combined TRACON& Tower with Radar,4,19,65,0,88,1,0,79,1,81,5,19,144,1,169,206,0,206,375
02/09/2010,BFL,CA,AWP,WE,Combined TRACON& Tower with Radar,3,36,54,1,94,0,1,37,0,38,3,37,91,1,132,43,0,43,175
02/10/2010,BFL,CA,AWP,WE,Combined TRACON& Tower with Radar,3,28,71,0,102,0,3,99,1,103,3,31,170,1,205,214,0,214,419
02/11/2010,BFL,CA,AWP,WE,Combined TRACON& Tower with Radar,6,26,86,0,118,0,7,166,0,173,6,33,252,0,291,208,0,208,499
02/12/2010,BFL,CA,AWP,WE,Combined TRACON& Tower with Radar,5,30,85,0,120,0,6,178,1,185,5,36,263,1,305,356,0,356,661
02/13/2010,BFL,CA,AWP,WE,Combined TRACON& Tower with Radar,6,13,27,0,46,0,5,68,0,73,6,18,95,0,119,24,0,24,143
02/14/2010,BFL,CA,AWP,WE,Combined TRACON& Tower with Radar,6,13,27,0,46,0,2,49,0,51,6,15,76,0,97,10,0,10,107
02/15/2010,BFL,CA,AWP,WE,Combined TRACON& Tower with Radar,6,19,47,0,72,0,3,53,0,56,6,22,100,0,128,14,0,14,142
02/16/2010,BFL,CA,AWP,WE,Combined TRACON& Tower with Radar,6,32,88,4,130,0,3,153,2,158,6,35,241,6,288,258,0,258,546
02/17/2010,BFL,CA,AWP,WE,Combined TRACON& Tower with Radar,7,24,98,1,130,0,0,118,2,120,7,24,216,3,250,263,0,263,513
02/18/2010,BFL,CA,AWP,WE,Combined TRACON& Tower with Radar,6,23,93,1,123,0,3,131,1,135,6,26,224,2,258,136,0,136,394
02/19/2010,BFL,CA,AWP,WE,Combined TRACON& Tower with Radar,6,34,86,0,126,0,2,124,1,127,6,36,210,1,253,92,0,92,345
02/20/2010,BFL,CA,AWP,WE,Combined TRACON& Tower with Radar,10,25,50,0,85,0,5,107,0,112,10,30,157,0,197,38,0,38,235
02/21/2010,BFL,CA,AWP,WE,Combined TRACON& Tower with Radar,9,34,64,0,107,0,4,93,0,97,9,38,157,0,204,10,0,10,214
02/22/2010,BFL,CA,AWP,WE,Combined TRACON& Tower with Radar,10,26,114,0,150,0,7,150,1,158,10,33,264,1,308,180,0,180,488
02/23/2010,BFL,CA,AWP,WE,Combined TRACON& Tower with Radar,4,17,80,0,101,0,0,111,1,112,4,17,191,1,213,146,0,146,359
02/24/2010,BFL,CA,AWP,WE,Combined TRACON& Tower with Radar,5,23,50,0,78,0,0,46,0,46,5,23,96,0,124,120,0,120,244
02/25/2010,BFL,CA,AWP,WE,Combined TRACON& Tower with Radar,5,28,88,0,121,0,5,116,0,121,5,33,204,0,242,210,0,210,452
02/26/2010,BFL,CA,AWP,WE,Combined TRACON& Tower with Radar,6,25,62,1,94,0,2,67,2,71,6,27,129,3,165,102,0,102,267
02/27/2010,BFL,CA,AWP,WE,Combined TRACON& Tower with Radar,6,11,16,1,34,0,2,15,0,17,6,13,31,1,51,0,0,0,51
02/28/2010,BFL,CA,AWP,WE,Combined TRACON& Tower with Radar,6,14,38,1,59,0,4,35,0,39,6,18,73,1,98,4,0,4,102
03/01/2010,BFL,CA,AWP,WE,Combined TRACON& Tower with Radar,5,17,64,0,86,0,3,129,0,132,5,20,193,0,218,368,5,373,591
03/02/2010,BFL,CA,AWP,WE,Combined TRACON& Tower with Radar,4,27,45,0,76,0,5,81,3,89,4,32,126,3,165,192,0,192,357
03/03/2010,BFL,CA,AWP,WE,Combined TRACON& Tower with Radar,4,35,67,0,106,0,1,89,1,91,4,36,156,1,197,144,0,144,341
03/04/2010,BFL,CA,AWP,WE,Combined TRACON& Tower with Radar,3,32,72,0,107,0,3,104,1,108,3,35,176,1,215,182,0,182,397
03/05/2010,BFL,CA,AWP,WE,Combined TRACON& Tower with Radar,6,28,89,2,125,0,5,170,0,175,6,33,259,2,300,254,0,254,554
03/06/2010,BFL,CA,AWP,WE,Combined TRACON& Tower with Radar,4,16,19,1,40,0,13,26,1,40,4,29,45,2,80,18,0,18,98
03/07/2010,BFL,CA,AWP,WE,Combined TRACON& Tower with Radar,5,17,20,0,42,0,11,47,0,58,5,28,67,0,100,22,0,22,122
03/08/2010,BFL,CA,AWP,WE,Combined TRACON& Tower with Radar,5,25,63,0,93,0,2,95,3,100,5,27,158,3,193,156,0,156,349
03/09/2010,BFL,CA,AWP,WE,Combined TRACON& Tower with Radar,4,38,65,2,109,0,5,77,3,85,4,43,142,5,194,122,0,122,316
03/10/2010,BFL,CA,AWP,WE,Combined TRACON& Tower with Radar,16,35,69,2,122,0,1,107,1,109,16,36,176,3,231,148,0,148,379
03/11/2010,BFL,CA,AWP,WE,Combined TRACON& Tower with Radar,6,29,86,2,123,0,4,179,0,183,6,33,265,2,306,268,0,268,574
03/12/2010,BFL,CA,AWP,WE,Combined TRACON& Tower with Radar,4,27,91,0,122,0,3,152,2,157,4,30,243,2,279,208,0,208,487
03/13/2010,BFL,CA,AWP,WE,Combined TRACON& Tower with Radar,4,15,26,0,45,0,2,27,0,29,4,17,53,0,74,42,0,42,116
03/14/2010,BFL,CA,AWP,WE,Combined TRACON& Tower with Radar,3,17,32,3,55,0,5,49,1,55,3,22,81,4,110,18,0,18,128
03/15/2010,BFL,CA,AWP,WE,Combined TRACON& Tower with Radar,5,23,52,0,80,0,5,156,1,162,5,28,208,1,242,344,0,344,586
03/16/2010,BFL,CA,AWP,WE,Combined TRACON& Tower with Radar,3,28,55,2,88,0,9,108,5,122,3,37,163,7,210,226,0,226,436
03/17/2010,BFL,CA,AWP,WE,Combined TRACON& Tower with Radar,4,31,73,0,108,0,5,109,0,114,4,36,182,0,222,129,0,129,351
03/18/2010,BFL,CA,AWP,WE,Combined TRACON& Tower with Radar,4,31,62,1,98,0,3,143,1,147,4,34,205,2,245,226,0,226,471
03/19/2010,BFL,CA,AWP,WE,Combined TRACON& Tower with Radar,4,33,55,2,94,0,2,115,0,117,4,35,170,2,211,280,0,280,491
03/20/2010,BFL,CA,AWP,WE,Combined TRACON& Tower with Radar,4,16,36,0,56,0,19,89,0,108,4,35,125,0,164,24,0,24,188
03/21/2010,BFL,CA,AWP,WE,Combined TRACON& Tower with Radar,2,21,27,0,50,0,3,70,2,75,2,24,97,2,125,16,0,16,141
03/22/2010,BFL,CA,AWP,WE,Combined TRACON& Tower with Radar,5,20,42,0,67,0,4,127,1,132,5,24,169,1,199,260,0,260,459
03/23/2010,BFL,CA,AWP,WE,Combined TRACON& Tower with Radar,3,28,58,3,92,0,7,111,1,119,3,35,169,4,211,253,0,253,464
03/24/2010,BFL,CA,AWP,WE,Combined TRACON& Tower with Radar,4,31,70,0,105,0,4,130,1,135,4,35,200,1,240,274,0,274,514
03/25/2010,BFL,CA,AWP,WE,Combined TRACON& Tower with Radar,4,30,83,0,117,0,5,93,1,99,4,35,176,1,216,170,0,170,386
03/26/2010,BFL,CA,AWP,WE,Combined TRACON& Tower with Radar,4,29,71,0,104,0,9,135,1,145,4,38,206,1,249,328,0,328,577
03/27/2010,BFL,CA,AWP,WE,Combined TRACON& Tower with Radar,4,22,22,0,48,0,10,77,0,87,4,32,99,0,135,12,0,12,147
03/28/2010,BFL,CA,AWP,WE,Combined TRACON& Tower with Radar,2,15,32,2,51,0,4,66,0,70,2,19,98,2,121,2,0,2,123
03/29/2010,BFL,CA,AWP,WE,Combined TRACON& Tower with Radar,5,20,69,2,96,0,10,171,2,183,5,30,240,4,279,314,0,314,593
03/30/2010,BFL,CA,AWP,WE,Combined TRACON& Tower with Radar,4,27,64,1,96,0,1,142,5,148,4,28,206,6,244,288,0,288,532
03/31/2010,BFL,CA,AWP,WE,Combined TRACON& Tower with Radar,4,30,53,0,87,0,4,96,1,101,4,34,149,1,188,348,0,348,536
04/01/2010,BFL,CA,AWP,WE,Combined TRACON& Tower with Radar,3,27,83,1,114,0,13,133,0,146,3,40,216,1,260,322,0,322,582
04/02/2010,BFL,CA,AWP,WE,Combined TRACON& Tower with Radar,4,32,66,0,102,0,4,146,0,150,4,36,212,0,252,410,0,410,662
04/03/2010,BFL,CA,AWP,WE,Combined TRACON& Tower with Radar,5,14,24,0,43,0,6,50,0,56,5,20,74,0,99,26,0,26,125
04/04/2010,BFL,CA,AWP,WE,Combined TRACON& Tower with Radar,4,16,25,0,45,0,6,22,0,28,4,22,47,0,73,4,0,4,77
04/05/2010,BFL,CA,AWP,WE,Combined TRACON& Tower with Radar,4,20,39,2,65,0,5,50,2,57,4,25,89,4,122,64,0,64,186
04/06/2010,BFL,CA,AWP,WE,Combined TRACON& Tower with Radar,4,26,66,0,96,0,4,135,0,139,4,30,201,0,235,297,0,297,532
04/07/2010,BFL,CA,AWP,WE,Combined TRACON& Tower with Radar,4,34,51,0,89,0,4,134,0,138,4,38,185,0,227,174,0,174,401
04/08/2010,BFL,CA,AWP,WE,Combined TRACON& Tower with Radar,4,32,93,0,129,0,5,153,0,158,4,37,246,0,287,372,0,372,659
04/09/2010,BFL,CA,AWP,WE,Combined TRACON& Tower with Radar,4,28,74,0,106,0,4,126,0,130,4,32,200,0,236,332,0,332,568
04/10/2010,BFL,CA,AWP,WE,Combined TRACON& Tower with Radar,3,30,24,0,57,0,2,54,0,56,3,32,78,0,113,0,0,0,113
04/11/2010,BFL,CA,AWP,WE,Combined TRACON& Tower with Radar,2,20,17,0,39,0,0,16,0,16,2,20,33,0,55,0,0,0,55
04/12/2010,BFL,CA,AWP,WE,Combined TRACON& Tower with Radar,11,23,35,0,69,0,2,88,0,90,11,25,123,0,159,150,0,150,309
04/13/2010,BFL,CA,AWP,WE,Combined TRACON& Tower with Radar,4,37,64,0,105,0,2,66,0,68,4,39,130,0,173,140,0,140,313
04/14/2010,BFL,CA,AWP,WE,Combined TRACON& Tower with Radar,4,26,63,2,95,0,9,143,0,152,4,35,206,2,247,242,0,242,489
04/15/2010,BFL,CA,AWP,WE,Combined TRACON& Tower with Radar,4,28,84,0,116,0,3,151,3,157,4,31,235,3,273,240,0,240,513
04/16/2010,BFL,CA,AWP,WE,Combined TRACON& Tower with Radar,4,25,66,1,96,0,4,126,1,131,4,29,192,2,227,194,0,194,421
04/17/2010,BFL,CA,AWP,WE,Combined TRACON& Tower with Radar,1,18,24,0,43,0,5,45,0,50,1,23,69,0,93,16,0,16,109
04/18/2010,BFL,CA,AWP,WE,Combined TRACON& Tower with Radar,3,19,27,1,50,0,3,46,1,50,3,22,73,2,100,2,0,2,102
04/19/2010,BFL,CA,AWP,WE,Combined TRACON& Tower with Radar,4,21,66,0,91,0,3,143,1,147,4,24,209,1,238,296,0,296,534
04/20/2010,BFL,CA,AWP,WE,Combined TRACON& Tower with Radar,2,23,61,3,89,0,2,56,0,58,2,25,117,3,147,46,0,46,193
04/21/2010,BFL,CA,AWP,WE,Combined TRACON& Tower with Radar,4,27,63,1,95,0,4,78,1,83,4,31,141,2,178,90,0,90,268
04/22/2010,BFL,CA,AWP,WE,Combined TRACON& Tower with Radar,7,27,78,6,118,0,4,100,0,104,7,31,178,6,222,152,0,152,374
04/23/2010,BFL,CA,AWP,WE,Combined TRACON& Tower with Radar,5,27,70,0,102,0,12,177,0,189,5,39,247,0,291,298,0,298,589
04/24/2010,BFL,CA,AWP,WE,Combined TRACON& Tower with Radar,3,17,56,2,78,0,1,60,0,61,3,18,116,2,139,6,0,6,145
04/25/2010,BFL,CA,AWP,WE,Combined TRACON& Tower with Radar,2,18,46,0,66,0,2,54,0,56,2,20,100,0,122,10,0,10,132
04/26/2010,BFL,CA,AWP,WE,Combined TRACON& Tower with Radar,5,22,61,0,88,0,7,140,0,147,5,29,201,0,235,308,0,308,543
04/27/2010,BFL,CA,AWP,WE,Combined TRACON& Tower with Radar,2,28,61,0,91,0,1,115,0,116,2,29,176,0,207,369,0,369,576
04/28/2010,BFL,CA,AWP,WE,Combined TRACON& Tower with Radar,4,31,46,2,83,0,0,71,0,71,4,31,117,2,154,186,0,186,340
04/29/2010,BFL,CA,AWP,WE,Combined TRACON& Tower with Radar,4,27,71,0,102,0,1,122,1,124,4,28,193,1,226,198,0,198,424
04/30/2010,BFL,CA,AWP,WE,Combined TRACON& Tower with Radar,5,29,82,0,116,0,2,114,0,116,5,31,196,0,232,170,0,170,402
05/01/2010,BFL,CA,AWP,WE,Combined TRACON& Tower with Radar,3,18,23,0,44,0,7,52,4,63,3,25,75,4,107,15,0,15,122
05/02/2010,BFL,CA,AWP,WE,Combined TRACON& Tower with Radar,2,18,30,0,50,0,2,55,1,58,2,20,85,1,108,18,0,18,126
05/03/2010,BFL,CA,AWP,WE,Combined TRACON& Tower with Radar,5,20,49,0,74,0,0,140,0,140,5,20,189,0,214,313,0,313,527
05/04/2010,BFL,CA,AWP,WE,Combined TRACON& Tower with Radar,4,28,51,0,83,0,1,145,0,146,4,29,196,0,229,348,0,348,577
05/05/2010,BFL,CA,AWP,WE,Combined TRACON& Tower with Radar,4,30,63,0,97,0,5,135,0,140,4,35,198,0,237,238,0,238,475
05/06/2010,BFL,CA,AWP,WE,Combined TRACON& Tower with Radar,4,26,73,0,103,0,9,137,0,146,4,35,210,0,249,326,0,326,575
05/07/2010,BFL,CA,AWP,WE,Combined TRACON& Tower with Radar,3,28,91,6,128,0,6,131,0,137,3,34,222,6,265,166,4,170,435
05/08/2010,BFL,CA,AWP,WE,Combined TRACON& Tower with Radar,4,19,32,0,55,0,2,50,0,52,4,21,82,0,107,29,0,29,136
05/09/2010,BFL,CA,AWP,WE,Combined TRACON& Tower with Radar,4,19,30,0,53,0,4,39,0,43,4,23,69,0,96,24,0,24,120
05/10/2010,BFL,CA,AWP,WE,Combined TRACON& Tower with Radar,4,18,63,1,86,0,7,133,1,141,4,25,196,2,227,252,0,252,479
05/11/2010,BFL,CA,AWP,WE,Combined TRACON& Tower with Radar,4,25,60,1,90,0,3,82,2,87,4,28,142,3,177,172,0,172,349
05/12/2010,BFL,CA,AWP,WE,Combined TRACON& Tower with Radar,4,33,56,0,93,0,9,130,2,141,4,42,186,2,234,248,0,248,482
05/13/2010,BFL,CA,AWP,WE,Combined TRACON& Tower with Radar,4,29,61,0,94,0,10,170,1,181,4,39,231,1,275,252,0,252,527
05/14/2010,BFL,CA,AWP,WE,Combined TRACON& Tower with Radar,5,25,66,0,96,0,8,143,0,151,5,33,209,0,247,258,0,258,505
05/15/2010,BFL,CA,AWP,WE,Combined TRACON& Tower with Radar,3,18,32,0,53,0,1,54,0,55,3,19,86,0,108,4,0,4,112
05/16/2010,BFL,CA,AWP,WE,Combined TRACON& Tower with Radar,3,17,41,2,63,0,7,53,0,60,3,24,94,2,123,7,0,7,130
05/17/2010,BFL,CA,AWP,WE,Combined TRACON& Tower with Radar,4,18,75,0,97,0,4,108,3,115,4,22,183,3,212,266,0,266,478
05/18/2010,BFL,CA,AWP,WE,Combined TRACON& Tower with Radar,4,27,88,1,120,0,9,66,1,76,4,36,154,2,196,62,0,62,258
05/19/2010,BFL,CA,AWP,WE,Combined TRACON& Tower with Radar,4,25,74,2,105,0,6,117,0,123,4,31,191,2,228,248,0,248,476
05/20/2010,BFL,CA,AWP,WE,Combined TRACON& Tower with Radar,4,30,70,1,105,0,13,129,1,143,4,43,199,2,248,282,0,282,530
05/21/2010,BFL,CA,AWP,WE,Combined TRACON& Tower with Radar,4,34,56,1,95,0,2,130,1,133,4,36,186,2,228,234,0,234,462
05/22/2010,BFL,CA,AWP,WE,Combined TRACON& Tower with Radar,3,19,22,0,44,0,7,38,0,45,3,26,60,0,89,28,0,28,117
05/23/2010,BFL,CA,AWP,WE,Combined TRACON& Tower with Radar,3,18,24,0,45,0,1,37,0,38,3,19,61,0,83,26,0,26,109
05/24/2010,BFL,CA,AWP,WE,Combined TRACON& Tower with Radar,4,21,74,0,99,0,15,113,3,131,4,36,187,3,230,324,0,324,554
05/25/2010,BFL,CA,AWP,WE,Combined TRACON& Tower with Radar,4,23,43,1,71,0,5,89,1,95,4,28,132,2,166,227,0,227,393
05/26/2010,BFL,CA,AWP,WE,Combined TRACON& Tower with Radar,4,34,63,11,112,0,3,105,3,111,4,37,168,14,223,216,0,216,439
05/27/2010,BFL,CA,AWP,WE,Combined TRACON& Tower with Radar,7,26,72,0,105,0,6,110,0,116,7,32,182,0,221,253,0,253,474
05/28/2010,BFL,CA,AWP,WE,Combined TRACON& Tower with Radar,5,31,68,0,104,0,1,113,0,114,5,32,181,0,218,318,0,318,536
05/29/2010,BFL,CA,AWP,WE,Combined TRACON& Tower with Radar,3,16,21,0,40,0,10,46,0,56,3,26,67,0,96,2,0,2,98
05/30/2010,BFL,CA,AWP,WE,Combined TRACON& Tower with Radar,3,15,16,0,34,0,3,39,1,43,3,18,55,1,77,10,0,10,87
05/31/2010,BFL,CA,AWP,WE,Combined TRACON& Tower with Radar,4,13,30,0,47,0,8,37,0,45,4,21,67,0,92,26,0,26,118
06/01/2010,BFL,CA,AWP,WE,Combined TRACON& Tower with Radar,6,20,72,0,98,0,5,100,1,106,6,25,172,1,204,162,0,162,366
06/02/2010,BFL,CA,AWP,WE,Combined TRACON& Tower with Radar,6,25,45,1,77,0,6,122,1,129,6,31,167,2,206,212,0,212,418
06/03/2010,BFL,CA,AWP,WE,Combined TRACON& Tower with Radar,6,27,60,0,93,0,2,123,0,125,6,29,183,0,218,214,0,214,432
06/04/2010,BFL,CA,AWP,WE,Combined TRACON& Tower with Radar,6,27,31,0,64,0,10,52,0,62,6,37,83,0,126,13,0,13,139
06/05/2010,BFL,CA,AWP,WE,Combined TRACON& Tower with Radar,5,14,23,4,46,0,6,54,5,65,5,20,77,9,111,0,0,0,111
06/06/2010,BFL,CA,AWP,WE,Combined TRACON& Tower with Radar,5,17,31,0,53,0,3,44,0,47,5,20,75,0,100,0,0,0,100
06/07/2010,BFL,CA,AWP,WE,Combined TRACON& Tower with Radar,6,16,65,0,87,0,5,114,0,119,6,21,179,0,206,246,0,246,452
06/08/2010,BFL,CA,AWP,WE,Combined TRACON& Tower with Radar,5,21,72,3,101,0,10,97,5,112,5,31,169,8,213,220,0,220,433
06/09/2010,BFL,CA,AWP,WE,Combined TRACON& Tower with Radar,5,26,94,1,126,0,3,88,1,92,5,29,182,2,218,190,0,190,408
06/10/2010,BFL,CA,AWP,WE,Combined TRACON& Tower with Radar,6,32,78,0,116,0,4,144,0,148,6,36,222,0,264,264,0,264,528
06/11/2010,BFL,CA,AWP,WE,Combined TRACON& Tower with Radar,3,27,105,0,135,0,3,135,0,138,3,30,240,0,273,206,0,206,479
06/12/2010,BFL,CA,AWP,WE,Combined TRACON& Tower with Radar,2,18,22,1,43,0,2,28,2,32,2,20,50,3,75,14,0,14,89
06/13/2010,BFL,CA,AWP,WE,Combined TRACON& Tower with Radar,3,14,33,0,50,0,3,55,0,58,3,17,88,0,108,24,0,24,132
06/14/2010,BFL,CA,AWP,WE,Combined TRACON& Tower with Radar,6,17,80,0,103,0,1,138,3,142,6,18,218,3,245,146,0,146,391
06/15/2010,BFL,CA,AWP,WE,Combined TRACON& Tower with Radar,6,28,107,1,142,0,3,102,0,105,6,31,209,1,247,78,0,78,325
06/16/2010,BFL,CA,AWP,WE,Combined TRACON& Tower with Radar,5,26,102,1,134,0,10,119,2,131,5,36,221,3,265,220,0,220,485
06/17/2010,BFL,CA,AWP,WE,Combined TRACON& Tower with Radar,5,24,106,0,135,0,6,88,0,94,5,30,194,0,229,61,0,61,290
06/18/2010,BFL,CA,AWP,WE,Combined TRACON& Tower with Radar,6,23,111,0,140,0,11,164,0,175,6,34,275,0,315,194,0,194,509
06/19/2010,BFL,CA,AWP,WE,Combined TRACON& Tower with Radar,5,16,22,0,43,0,2,35,0,37,5,18,57,0,80,24,0,24,104
06/20/2010,BFL,CA,AWP,WE,Combined TRACON& Tower with Radar,4,15,22,0,41,0,5,50,0,55,4,20,72,0,96,6,0,6,102
06/21/2010,BFL,CA,AWP,WE,Combined TRACON& Tower with Radar,4,18,89,0,111,0,4,123,0,127,4,22,212,0,238,184,0,184,422
06/22/2010,BFL,CA,AWP,WE,Combined TRACON& Tower with Radar,5,21,70,0,96,0,5,103,0,108,5,26,173,0,204,157,0,157,361
06/23/2010,BFL,CA,AWP,WE,Combined TRACON& Tower with Radar,6,20,76,1,103,0,5,96,0,101,6,25,172,1,204,67,0,67,271
06/24/2010,BFL,CA,AWP,WE,Combined TRACON& Tower with Radar,5,20,75,0,100,0,5,130,0,135,5,25,205,0,235,204,0,204,439
06/25/2010,BFL,CA,AWP,WE,Combined TRACON& Tower with Radar,3,25,93,0,121,0,6,158,0,164,3,31,251,0,285,218,0,218,503
06/26/2010,BFL,CA,AWP,WE,Combined TRACON& Tower with Radar,5,18,24,0,47,0,1,42,0,43,5,19,66,0,90,0,0,0,90
06/27/2010,BFL,CA,AWP,WE,Combined TRACON& Tower with Radar,5,12,40,0,57,0,0,40,2,42,5,12,80,2,99,0,0,0,99
06/28/2010,BFL,CA,AWP,WE,Combined TRACON& Tower with Radar,5,18,74,0,97,0,5,158,0,163,5,23,232,0,260,254,0,254,514
06/29/2010,BFL,CA,AWP,WE,Combined TRACON& Tower with Radar,5,23,85,1,114,0,4,122,1,127,5,27,207,2,241,162,0,162,403
06/30/2010,BFL,CA,AWP,WE,Combined TRACON& Tower with Radar,6,22,97,0,125,0,1,137,0,138,6,23,234,0,263,162,0,162,425
07/01/2010,BFL,CA,AWP,WE,Combined TRACON& Tower with Radar,5,23,92,0,120,0,6,143,0,149,5,29,235,0,269,176,0,176,445
07/02/2010,BFL,CA,AWP,WE,Combined TRACON& Tower with Radar,4,26,78,0,108,0,6,122,0,128,4,32,200,0,236,194,0,194,430
07/03/2010,BFL,CA,AWP,WE,Combined TRACON& Tower with Radar,4,16,25,0,45,0,2,38,0,40,4,18,63,0,85,12,0,12,97
07/04/2010,BFL,CA,AWP,WE,Combined TRACON& Tower with Radar,4,9,24,0,37,0,0,31,0,31,4,9,55,0,68,2,0,2,70
07/05/2010,BFL,CA,AWP,WE,Combined TRACON& Tower with Radar,10,11,37,0,58,0,9,56,0,65,10,20,93,0,123,10,0,10,133
07/06/2010,BFL,CA,AWP,WE,Combined TRACON& Tower with Radar,8,19,69,0,96,0,1,105,1,107,8,20,174,1,203,134,0,134,337
07/07/2010,BFL,CA,AWP,WE,Combined TRACON& Tower with Radar,6,23,44,0,73,0,6,109,0,115,6,29,153,0,188,162,0,162,350
07/08/2010,BFL,CA,AWP,WE,Combined TRACON& Tower with Radar,7,30,77,0,114,0,9,128,0,137,7,39,205,0,251,192,0,192,443
07/09/2010,BFL,CA,AWP,WE,Combined TRACON& Tower with Radar,11,23,55,0,89,0,2,153,0,155,11,25,208,0,244,338,0,338,582
07/10/2010,BFL,CA,AWP,WE,Combined TRACON& Tower with Radar,1,17,23,0,41,1,3,40,0,44,2,20,63,0,85,4,0,4,89
07/11/2010,BFL,CA,AWP,WE,Combined TRACON& Tower with Radar,5,12,18,0,35,0,4,39,0,43,5,16,57,0,78,0,0,0,78
07/12/2010,BFL,CA,AWP,WE,Combined TRACON& Tower with Radar,6,16,58,3,83,0,7,128,2,137,6,23,186,5,220,214,0,214,434
07/13/2010,BFL,CA,AWP,WE,Combined TRACON& Tower with Radar,6,28,70,0,104,0,5,123,1,129,6,33,193,1,233,208,0,208,441
07/14/2010,BFL,CA,AWP,WE,Combined TRACON& Tower with Radar,5,20,64,2,91,0,7,102,0,109,5,27,166,2,200,184,0,184,384
07/15/2010,BFL,CA,AWP,WE,Combined TRACON& Tower with Radar,6,21,69,1,97,0,1,134,0,135,6,22,203,1,232,228,0,228,460
07/16/2010,BFL,CA,AWP,WE,Combined TRACON& Tower with Radar,6,27,67,0,100,0,6,133,0,139,6,33,200,0,239,278,0,278,517
07/17/2010,BFL,CA,AWP,WE,Combined TRACON& Tower with Radar,5,17,31,0,53,0,3,42,0,45,5,20,73,0,98,16,0,16,114
07/18/2010,BFL,CA,AWP,WE,Combined TRACON& Tower with Radar,5,12,31,0,48,0,10,44,1,55,5,22,75,1,103,26,0,26,129
07/19/2010,BFL,CA,AWP,WE,Combined TRACON& Tower with Radar,6,18,65,0,89,0,5,160,0,165,6,23,225,0,254,377,0,377,631
07/20/2010,BFL,CA,AWP,WE,Combined TRACON& Tower with Radar,6,23,80,1,110,0,8,132,2,142,6,31,212,3,252,244,0,244,496
07/21/2010,BFL,CA,AWP,WE,Combined TRACON& Tower with Radar,6,19,64,1,90,0,3,95,0,98,6,22,159,1,188,202,0,202,390
07/22/2010,BFL,CA,AWP,WE,Combined TRACON& Tower with Radar,7,23,77,8,115,0,2,118,4,124,7,25,195,12,239,226,0,226,465
07/23/2010,BFL,CA,AWP,WE,Combined TRACON& Tower with Radar,5,22,70,0,97,0,7,149,0,156,5,29,219,0,253,260,0,260,513
07/24/2010,BFL,CA,AWP,WE,Combined TRACON& Tower with Radar,3,18,26,4,51,0,9,56,5,70,3,27,82,9,121,4,12,16,137
07/25/2010,BFL,CA,AWP,WE,Combined TRACON& Tower with Radar,4,15,25,2,46,0,10,41,0,51,4,25,66,2,97,26,0,26,123
07/26/2010,BFL,CA,AWP,WE,Combined TRACON& Tower with Radar,6,18,52,0,76,0,6,130,1,137,6,24,182,1,213,312,0,312,525
07/27/2010,BFL,CA,AWP,WE,Combined TRACON& Tower with Radar,6,21,67,2,96,0,4,149,1,154,6,25,216,3,250,282,0,282,532
07/28/2010,BFL,CA,AWP,WE,Combined TRACON& Tower with Radar,6,28,77,2,113,0,6,135,0,141,6,34,212,2,254,204,0,204,458
07/29/2010,BFL,CA,AWP,WE,Combined TRACON& Tower with Radar,6,22,85,3,116,1,8,164,1,174,7,30,249,4,290,256,0,256,546
07/30/2010,BFL,CA,AWP,WE,Combined TRACON& Tower with Radar,6,25,77,0,108,0,2,157,0,159,6,27,234,0,267,248,0,248,515
07/31/2010,BFL,CA,AWP,WE,Combined TRACON& Tower with Radar,4,17,19,0,40,0,5,47,0,52,4,22,66,0,92,10,0,10,102
08/01/2010,BFL,CA,AWP,WE,Combined TRACON& Tower with Radar,4,13,15,0,32,0,2,46,0,48,4,15,61,0,80,20,0,20,100
08/02/2010,BFL,CA,AWP,WE,Combined TRACON& Tower with Radar,5,16,80,0,101,0,4,142,0,146,5,20,222,0,247,324,0,324,571
08/03/2010,BFL,CA,AWP,WE,Combined TRACON& Tower with Radar,6,21,70,0,97,0,6,110,0,116,6,27,180,0,213,242,0,242,455
08/04/2010,BFL,CA,AWP,WE,Combined TRACON& Tower with Radar,6,20,78,4,108,0,9,119,1,129,6,29,197,5,237,198,0,198,435
08/05/2010,BFL,CA,AWP,WE,Combined TRACON& Tower with Radar,6,22,73,0,101,0,3,128,0,131,6,25,201,0,232,232,0,232,464
08/06/2010,BFL,CA,AWP,WE,Combined TRACON& Tower with Radar,6,21,80,0,107,0,9,132,0,141,6,30,212,0,248,174,0,174,422
08/07/2010,BFL,CA,AWP,WE,Combined TRACON& Tower with Radar,3,16,15,0,34,0,3,39,9,51,3,19,54,9,85,20,0,20,105
08/08/2010,BFL,CA,AWP,WE,Combined TRACON& Tower with Radar,3,14,22,0,39,0,6,31,2,39,3,20,53,2,78,0,0,0,78
08/09/2010,BFL,CA,AWP,WE,Combined TRACON& Tower with Radar,4,18,63,0,85,0,5,137,0,142,4,23,200,0,227,402,0,402,629
08/10/2010,BFL,CA,AWP,WE,Combined TRACON& Tower with Radar,6,23,76,0,105,0,5,127,0,132,6,28,203,0,237,272,0,272,509
08/11/2010,BFL,CA,AWP,WE,Combined TRACON& Tower with Radar,8,25,86,1,120,0,5,135,5,145,8,30,221,6,265,218,0,218,483
08/12/2010,BFL,CA,AWP,WE,Combined TRACON& Tower with Radar,6,23,83,0,112,0,5,154,1,160,6,28,237,1,272,240,0,240,512
08/13/2010,BFL,CA,AWP,WE,Combined TRACON& Tower with Radar,6,26,72,1,105,0,12,137,0,149,6,38,209,1,254,182,0,182,436
08/14/2010,BFL,CA,AWP,WE,Combined TRACON& Tower with Radar,3,16,27,0,46,0,4,37,0,41,3,20,64,0,87,10,0,10,97
08/15/2010,BFL,CA,AWP,WE,Combined TRACON& Tower with Radar,5,16,22,0,43,0,3,33,0,36,5,19,55,0,79,0,0,0,79
08/16/2010,BFL,CA,AWP,WE,Combined TRACON& Tower with Radar,6,20,83,4,113,0,0,125,2,127,6,20,208,6,240,202,0,202,442
08/17/2010,BFL,CA,AWP,WE,Combined TRACON& Tower with Radar,5,27,66,1,99,0,4,162,0,166,5,31,228,1,265,336,0,336,601
08/18/2010,BFL,CA,AWP,WE,Combined TRACON& Tower with Radar,6,22,64,2,94,0,5,166,0,171,6,27,230,2,265,310,0,310,575
08/19/2010,BFL,CA,AWP,WE,Combined TRACON& Tower with Radar,4,23,54,0,81,0,6,127,0,133,4,29,181,0,214,252,0,252,466
08/20/2010,BFL,CA,AWP,WE,Combined TRACON& Tower with Radar,6,34,89,0,129,0,8,106,0,114,6,42,195,0,243,148,0,148,391
08/21/2010,BFL,CA,AWP,WE,Combined TRACON& Tower with Radar,5,16,25,0,46,0,11,37,0,48,5,27,62,0,94,8,0,8,102
08/22/2010,BFL,CA,AWP,WE,Combined TRACON& Tower with Radar,3,16,42,0,61,0,10,56,0,66,3,26,98,0,127,4,0,4,131
08/23/2010,BFL,CA,AWP,WE,Combined TRACON& Tower with Radar,8,16,79,0,103,0,10,144,0,154,8,26,223,0,257,274,0,274,531
08/24/2010,BFL,CA,AWP,WE,Combined TRACON& Tower with Radar,6,21,57,2,86,0,6,153,0,159,6,27,210,2,245,271,0,271,516
08/25/2010,BFL,CA,AWP,WE,Combined TRACON& Tower with Radar,6,20,60,0,86,0,3,116,0,119,6,23,176,0,205,204,0,204,409
08/26/2010,BFL,CA,AWP,WE,Combined TRACON& Tower with Radar,6,26,67,4,103,0,8,124,0,132,6,34,191,4,235,236,0,236,471
08/27/2010,BFL,CA,AWP,WE,Combined TRACON& Tower with Radar,9,22,79,0,110,0,4,152,1,157,9,26,231,1,267,240,0,240,507
08/28/2010,BFL,CA,AWP,WE,Combined TRACON& Tower with Radar,5,15,29,1,50,0,6,39,1,46,5,21,68,2,96,0,0,0,96
08/29/2010,BFL,CA,AWP,WE,Combined TRACON& Tower with Radar,5,16,27,0,48,0,5,40,0,45,5,21,67,0,93,6,0,6,99
08/30/2010,BFL,CA,AWP,WE,Combined TRACON& Tower with Radar,6,16,66,0,88,0,11,164,3,178,6,27,230,3,266,316,0,316,582
08/31/2010,BFL,CA,AWP,WE,Combined TRACON& Tower with Radar,6,22,80,2,110,0,4,135,0,139,6,26,215,2,249,248,0,248,497
09/01/2010,BFL,CA,AWP,WE,Combined TRACON& Tower with Radar,6,22,52,0,80,0,12,143,7,162,6,34,195,7,242,234,0,234,476
09/02/2010,BFL,CA,AWP,WE,Combined TRACON& Tower with Radar,5,23,70,0,98,0,5,135,0,140,5,28,205,0,238,212,0,212,450
09/03/2010,BFL,CA,AWP,WE,Combined TRACON& Tower with Radar,5,28,67,0,100,0,7,159,0,166,5,35,226,0,266,220,0,220,486
09/04/2010,BFL,CA,AWP,WE,Combined TRACON& Tower with Radar,2,13,33,1,49,0,7,63,2,72,2,20,96,3,121,16,0,16,137
09/05/2010,BFL,CA,AWP,WE,Combined TRACON& Tower with Radar,2,10,14,0,26,0,7,43,0,50,2,17,57,0,76,0,0,0,76
09/06/2010,BFL,CA,AWP,WE,Combined TRACON& Tower with Radar,4,16,41,0,61,0,7,49,0,56,4,23,90,0,117,2,0,2,119
09/07/2010,BFL,CA,AWP,WE,Combined TRACON& Tower with Radar,6,23,62,0,91,0,4,145,1,150,6,27,207,1,241,166,0,166,407
09/08/2010,BFL,CA,AWP,WE,Combined TRACON& Tower with Radar,6,28,48,0,82,0,11,145,1,157,6,39,193,1,239,234,0,234,473
09/09/2010,BFL,CA,AWP,WE,Combined TRACON& Tower with Radar,6,28,60,1,95,0,4,138,1,143,6,32,198,2,238,194,0,194,432
09/10/2010,BFL,CA,AWP,WE,Combined TRACON& Tower with Radar,6,22,64,1,93,0,8,144,0,152,6,30,208,1,245,270,0,270,515
09/11/2010,BFL,CA,AWP,WE,Combined TRACON& Tower with Radar,5,16,30,0,51,0,5,40,0,45,5,21,70,0,96,0,0,0,96
09/12/2010,BFL,CA,AWP,WE,Combined TRACON& Tower with Radar,7,13,26,0,46,0,12,50,1,63,7,25,76,1,109,6,0,6,115
09/13/2010,BFL,CA,AWP,WE,Combined TRACON& Tower with Radar,6,17,60,2,85,0,9,208,3,220,6,26,268,5,305,290,0,290,595
09/14/2010,BFL,CA,AWP,WE,Combined TRACON& Tower with Radar,6,27,53,0,86,0,4,142,0,146,6,31,195,0,232,330,0,330,562
09/15/2010,BFL,CA,AWP,WE,Combined TRACON& Tower with Radar,6,23,56,2,87,0,3,132,1,136,6,26,188,3,223,220,2,222,445
09/16/2010,BFL,CA,AWP,WE,Combined TRACON& Tower with Radar,6,23,53,0,82,0,5,152,0,157,6,28,205,0,239,230,0,230,469
09/17/2010,BFL,CA,AWP,WE,Combined TRACON& Tower with Radar,6,23,57,0,86,0,4,134,1,139,6,27,191,1,225,172,0,172,397
09/18/2010,BFL,CA,AWP,WE,Combined TRACON& Tower with Radar,3,6,12,0,21,0,6,58,0,64,3,12,70,0,85,14,0,14,99
09/19/2010,BFL,CA,AWP,WE,Combined TRACON& Tower with Radar,5,14,30,0,49,0,8,94,0,102,5,22,124,0,151,24,0,24,175
09/20/2010,BFL,CA,AWP,WE,Combined TRACON& Tower with Radar,6,18,36,0,60,0,8,143,0,151,6,26,179,0,211,266,0,266,477
09/21/2010,BFL,CA,AWP,WE,Combined TRACON& Tower with Radar,6,27,63,0,96,0,1,165,1,167,6,28,228,1,263,328,0,328,591
09/22/2010,BFL,CA,AWP,WE,Combined TRACON& Tower with Radar,6,22,62,0,90,0,6,142,0,148,6,28,204,0,238,250,0,250,488
09/23/2010,BFL,CA,AWP,WE,Combined TRACON& Tower with Radar,6,24,54,2,86,0,6,183,0,189,6,30,237,2,275,312,0,312,587
09/24/2010,BFL,CA,AWP,WE,Combined TRACON& Tower with Radar,6,28,51,0,85,0,2,101,0,103,6,30,152,0,188,210,0,210,398
09/25/2010,BFL,CA,AWP,WE,Combined TRACON& Tower with Radar,4,18,17,0,39,0,4,47,0,51,4,22,64,0,90,12,0,12,102
09/26/2010,BFL,CA,AWP,WE,Combined TRACON& Tower with Radar,6,20,24,0,50,0,5,70,0,75,6,25,94,0,125,6,0,6,131
09/27/2010,BFL,CA,AWP,WE,Combined TRACON& Tower with Radar,6,19,49,0,74,0,4,164,1,169,6,23,213,1,243,348,0,348,591
09/28/2010,BFL,CA,AWP,WE,Combined TRACON& Tower with Radar,6,21,75,8,110,0,2,147,0,149,6,23,222,8,259,268,0,268,527
09/29/2010,BFL,CA,AWP,WE,Combined TRACON& Tower with Radar,6,22,56,0,84,0,1,95,1,97,6,23,151,1,181,292,0,292,473
09/30/2010,BFL,CA,AWP,WE,Combined TRACON& Tower with Radar,3,13,28,1,45,0,6,81,1,88,3,19,109,2,133,232,0,232,365
10/01/2010,BFL,CA,AWP,WE,Combined TRACON& Tower with Radar,6,27,40,4,77,0,1,149,1,151,6,28,189,5,228,196,0,196,424
10/02/2010,BFL,CA,AWP,WE,Combined TRACON& Tower with Radar,3,15,17,0,35,0,3,41,0,44,3,18,58,0,79,24,0,24,103
10/03/2010,BFL,CA,AWP,WE,Combined TRACON& Tower with Radar,6,16,29,0,51,0,3,51,0,54,6,19,80,0,105,34,0,34,139
10/04/2010,BFL,CA,AWP,WE,Combined TRACON& Tower with Radar,8,16,36,0,60,0,4,87,0,91,8,20,123,0,151,211,0,211,362
10/05/2010,BFL,CA,AWP,WE,Combined TRACON& Tower with Radar,6,28,58,2,94,0,4,116,0,120,6,32,174,2,214,210,0,210,424
10/06/2010,BFL,CA,AWP,WE,Combined TRACON& Tower with Radar,10,21,65,0,96,0,3,46,0,49,10,24,111,0,145,84,0,84,229
10/07/2010,BFL,CA,AWP,WE,Combined TRACON& Tower with Radar,8,24,72,0,104,0,1,38,0,39,8,25,110,0,143,56,0,56,199
10/08/2010,BFL,CA,AWP,WE,Combined TRACON& Tower with Radar,7,30,81,0,118,0,4,168,2,174,7,34,249,2,292,288,0,288,580
10/09/2010,BFL,CA,AWP,WE,Combined TRACON& Tower with Radar,5,18,46,0,69,0,8,97,0,105,5,26,143,0,174,38,0,38,212
10/10/2010,BFL,CA,AWP,WE,Combined TRACON& Tower with Radar,7,16,32,0,55,0,10,58,0,68,7,26,90,0,123,26,0,26,149
10/11/2010,BFL,CA,AWP,WE,Combined TRACON& Tower with Radar,4,17,33,0,54,0,7,51,0,58,4,24,84,0,112,34,0,34,146
10/12/2010,BFL,CA,AWP,WE,Combined TRACON& Tower with Radar,8,20,59,0,87,0,15,199,0,214,8,35,258,0,301,272,0,272,573
10/13/2010,BFL,CA,AWP,WE,Combined TRACON& Tower with Radar,8,23,89,2,122,0,5,159,0,164,8,28,248,2,286,266,0,266,552
10/14/2010,BFL,CA,AWP,WE,Combined TRACON& Tower with Radar,10,25,98,0,133,0,0,160,0,160,10,25,258,0,293,220,0,220,513
10/15/2010,BFL,CA,AWP,WE,Combined TRACON& Tower with Radar,8,24,89,1,122,0,5,200,2,207,8,29,289,3,329,438,0,438,767
10/16/2010,BFL,CA,AWP,WE,Combined TRACON& Tower with Radar,5,14,27,0,46,0,7,35,0,42,5,21,62,0,88,2,0,2,90
10/17/2010,BFL,CA,AWP,WE,Combined TRACON& Tower with Radar,5,10,28,0,43,0,4,31,0,35,5,14,59,0,78,26,0,26,104
10/18/2010,BFL,CA,AWP,WE,Combined TRACON& Tower with Radar,8,17,87,0,112,0,2,18,0,20,8,19,105,0,132,0,0,0,132
10/19/2010,BFL,CA,AWP,WE,Combined TRACON& Tower with Radar,8,20,44,0,72,0,3,71,0,74,8,23,115,0,146,100,0,100,246
10/20/2010,BFL,CA,AWP,WE,Combined TRACON& Tower with Radar,8,21,69,0,98,0,1,126,0,127,8,22,195,0,225,162,0,162,387
10/21/2010,BFL,CA,AWP,WE,Combined TRACON& Tower with Radar,8,22,87,0,117,0,3,146,0,149,8,25,233,0,266,288,0,288,554
10/22/2010,BFL,CA,AWP,WE,Combined TRACON& Tower with Radar,6,24,89,0,119,0,0,140,0,140,6,24,229,0,259,262,0,262,521
10/23/2010,BFL,CA,AWP,WE,Combined TRACON& Tower with Radar,5,17,33,1,56,0,4,36,1,41,5,21,69,2,97,14,0,14,111
10/24/2010,BFL,CA,AWP,WE,Combined TRACON& Tower with Radar,5,13,40,4,62,0,6,39,1,46,5,19,79,5,108,2,0,2,110
10/25/2010,BFL,CA,AWP,WE,Combined TRACON& Tower with Radar,6,29,57,7,99,0,2,114,2,118,6,31,171,9,217,202,0,202,419
10/26/2010,BFL,CA,AWP,WE,Combined TRACON& Tower with Radar,7,32,62,4,105,0,6,168,2,176,7,38,230,6,281,240,0,240,521
10/27/2010,BFL,CA,AWP,WE,Combined TRACON& Tower with Radar,8,28,71,0,107,0,0,187,5,192,8,28,258,5,299,352,0,352,651
10/28/2010,BFL,CA,AWP,WE,Combined TRACON& Tower with Radar,8,21,50,0,79,0,2,186,0,188,8,23,236,0,267,196,0,196,463
10/29/2010,BFL,CA,AWP,WE,Combined TRACON& Tower with Radar,6,24,53,0,83,0,4,136,5,145,6,28,189,5,228,362,0,362,590
10/30/2010,BFL,CA,AWP,WE,Combined TRACON& Tower with Radar,5,13,36,1,55,0,2,47,0,49,5,15,83,1,104,28,0,28,132
10/31/2010,BFL,CA,AWP,WE,Combined TRACON& Tower with Radar,3,18,26,1,48,0,6,47,0,53,3,24,73,1,101,10,0,10,111
11/01/2010,BFL,CA,AWP,WE,Combined TRACON& Tower with Radar,6,23,61,1,91,0,15,165,3,183,6,38,226,4,274,460,0,460,734
11/02/2010,BFL,CA,AWP,WE,Combined TRACON& Tower with Radar,8,28,60,12,108,0,3,156,2,161,8,31,216,14,269,340,0,340,609
11/03/2010,BFL,CA,AWP,WE,Combined TRACON& Tower with Radar,6,28,82,6,122,0,4,141,0,145,6,32,223,6,267,317,0,317,584
11/04/2010,BFL,CA,AWP,WE,Combined TRACON& Tower with Radar,5,28,53,4,90,0,3,175,0,178,5,31,228,4,268,370,0,370,638
11/05/2010,BFL,CA,AWP,WE,Combined TRACON& Tower with Radar,4,25,64,2,95,0,6,129,3,138,4,31,193,5,233,252,0,252,485
11/06/2010,BFL,CA,AWP,WE,Combined TRACON& Tower with Radar,2,16,19,0,37,0,2,37,0,39,2,18,56,0,76,42,0,42,118
11/07/2010,BFL,CA,AWP,WE,Combined TRACON& Tower with Radar,2,17,26,0,45,0,2,44,0,46,2,19,70,0,91,20,0,20,111
11/08/2010,BFL,CA,AWP,WE,Combined TRACON& Tower with Radar,4,26,57,2,89,0,2,106,2,110,4,28,163,4,199,226,0,226,425
11/09/2010,BFL,CA,AWP,WE,Combined TRACON& Tower with Radar,4,28,57,2,91,0,3,146,1,150,4,31,203,3,241,304,0,304,545
11/10/2010,BFL,CA,AWP,WE,Combined TRACON& Tower with Radar,4,28,64,6,102,0,1,190,3,194,4,29,254,9,296,406,0,406,702
11/11/2010,BFL,CA,AWP,WE,Combined TRACON& Tower with Radar,2,35,60,1,98,0,0,133,2,135,2,35,193,3,233,246,0,246,479
11/12/2010,BFL,CA,AWP,WE,Combined TRACON& Tower with Radar,4,27,70,1,102,0,4,162,2,168,4,31,232,3,270,389,0,389,659
11/13/2010,BFL,CA,AWP,WE,Combined TRACON& Tower with Radar,2,17,42,2,63,0,6,48,0,54,2,23,90,2,117,15,0,15,132
11/14/2010,BFL,CA,AWP,WE,Combined TRACON& Tower with Radar,4,16,35,0,55,0,6,28,0,34,4,22,63,0,89,4,0,4,93
11/15/2010,BFL,CA,AWP,WE,Combined TRACON& Tower with Radar,4,22,58,0,84,0,2,151,0,153,4,24,209,0,237,326,0,326,563
11/16/2010,BFL,CA,AWP,WE,Combined TRACON& Tower with Radar,4,31,71,0,106,0,7,140,0,147,4,38,211,0,253,374,0,374,627
11/17/2010,BFL,CA,AWP,WE,Combined TRACON& Tower with Radar,8,30,88,0,126,0,4,162,0,166,8,34,250,0,292,272,0,272,564
11/18/2010,BFL,CA,AWP,WE,Combined TRACON& Tower with Radar,6,38,82,2,128,0,12,187,0,199,6,50,269,2,327,368,0,368,695
11/19/2010,BFL,CA,AWP,WE,Combined TRACON& Tower with Radar,6,24,66,0,96,0,6,86,1,93,6,30,152,1,189,209,0,209,398
11/20/2010,BFL,CA,AWP,WE,Combined TRACON& Tower with Radar,2,16,19,0,37,0,0,18,0,18,2,16,37,0,55,0,0,0,55
11/21/2010,BFL,CA,AWP,WE,Combined TRACON& Tower with Radar,4,15,29,0,48,0,4,34,1,39,4,19,63,1,87,52,0,52,139
11/22/2010,BFL,CA,AWP,WE,Combined TRACON& Tower with Radar,4,25,37,1,67,0,3,94,1,98,4,28,131,2,165,310,0,310,475
11/23/2010,BFL,CA,AWP,WE,Combined TRACON& Tower with Radar,4,28,51,0,83,0,1,150,0,151,4,29,201,0,234,336,0,336,570
11/24/2010,BFL,CA,AWP,WE,Combined TRACON& Tower with Radar,8,30,51,0,89,0,2,84,0,86,8,32,135,0,175,140,0,140,315
11/25/2010,BFL,CA,AWP,WE,Combined TRACON& Tower with Radar,4,8,11,0,23,0,1,32,0,33,4,9,43,0,56,8,0,8,64
11/26/2010,BFL,CA,AWP,WE,Combined TRACON& Tower with Radar,4,22,30,0,56,0,3,44,0,47,4,25,74,0,103,30,0,30,133
11/27/2010,BFL,CA,AWP,WE,Combined TRACON& Tower with Radar,2,19,29,0,50,0,6,34,0,40,2,25,63,0,90,14,0,14,104
11/28/2010,BFL,CA,AWP,WE,Combined TRACON& Tower with Radar,4,17,31,0,52,0,9,25,0,34,4,26,56,0,86,12,0,12,98
11/29/2010,BFL,CA,AWP,WE,Combined TRACON& Tower with Radar,4,20,60,0,84,0,6,167,0,173,4,26,227,0,257,268,0,268,525
11/30/2010,BFL,CA,AWP,WE,Combined TRACON& Tower with Radar,4,26,58,2,90,0,8,116,0,124,4,34,174,2,214,222,0,222,436
12/01/2010,BFL,CA,AWP,WE,Combined TRACON& Tower with Radar,6,28,68,6,108,0,8,151,0,159,6,36,219,6,267,224,0,224,491
12/02/2010,BFL,CA,AWP,WE,Combined TRACON& Tower with Radar,4,28,82,2,116,0,6,66,0,72,4,34,148,2,188,98,0,98,286
12/03/2010,BFL,CA,AWP,WE,Combined TRACON& Tower with Radar,6,28,81,0,115,0,3,43,0,46,6,31,124,0,161,24,0,24,185
12/04/2010,BFL,CA,AWP,WE,Combined TRACON& Tower with Radar,2,20,32,0,54,0,4,18,0,22,2,24,50,0,76,6,0,6,82
12/05/2010,BFL,CA,AWP,WE,Combined TRACON& Tower with Radar,4,21,22,2,49,0,2,33,1,36,4,23,55,3,85,36,0,36,121
12/06/2010,BFL,CA,AWP,WE,Combined TRACON& Tower with Radar,4,22,52,0,78,0,3,574,0,577,4,25,626,0,655,320,0,320,975
12/07/2010,BFL,CA,AWP,WE,Combined TRACON& Tower with Radar,4,33,65,4,106,0,10,132,1,143,4,43,197,5,249,146,0,146,395
12/08/2010,BFL,CA,AWP,WE,Combined TRACON& Tower with Radar,6,28,85,0,119,0,6,113,0,119,6,34,198,0,238,244,0,244,482
12/09/2010,BFL,CA,AWP,WE,Combined TRACON& Tower with Radar,4,30,85,0,119,0,2,93,0,95,4,32,178,0,214,160,0,160,374
12/10/2010,BFL,CA,AWP,WE,Combined TRACON& Tower with Radar,6,32,100,1,139,0,0,56,3,59,6,32,156,4,198,72,0,72,270
12/11/2010,BFL,CA,AWP,WE,Combined TRACON& Tower with Radar,2,17,26,0,45,0,14,39,0,53,2,31,65,0,98,22,0,22,120
12/12/2010,BFL,CA,AWP,WE,Combined TRACON& Tower with Radar,4,16,26,0,46,0,0,27,0,27,4,16,53,0,73,0,0,0,73
12/13/2010,BFL,CA,AWP,WE,Combined TRACON& Tower with Radar,4,20,63,0,87,0,6,46,0,52,4,26,109,0,139,90,0,90,229
12/14/2010,BFL,CA,AWP,WE,Combined TRACON& Tower with Radar,4,34,85,0,123,0,1,16,1,18,4,35,101,1,141,26,0,26,167
12/15/2010,BFL,CA,AWP,WE,Combined TRACON& Tower with Radar,6,25,51,8,90,0,0,11,0,11,6,25,62,8,101,0,0,0,101
12/16/2010,BFL,CA,AWP,WE,Combined TRACON& Tower with Radar,4,28,83,0,115,0,1,37,0,38,4,29,120,0,153,14,0,14,167
12/17/2010,BFL,CA,AWP,WE,Combined TRACON& Tower with Radar,3,28,80,0,111,0,0,44,0,44,3,28,124,0,155,118,0,118,273
12/18/2010,BFL,CA,AWP,WE,Combined TRACON& Tower with Radar,2,17,21,0,40,0,4,13,0,17,2,21,34,0,57,2,0,2,59
12/19/2010,BFL,CA,AWP,WE,Combined TRACON& Tower with Radar,6,20,6,0,32,0,4,1,0,5,6,24,7,0,37,0,0,0,37
12/20/2010,BFL,CA,AWP,WE,Combined TRACON& Tower with Radar,4,19,37,0,60,0,11,48,0,59,4,30,85,0,119,26,0,26,145
12/21/2010,BFL,CA,AWP,WE,Combined TRACON& Tower with Radar,3,30,81,1,115,0,4,47,0,51,3,34,128,1,166,86,0,86,252
12/22/2010,BFL,CA,AWP,WE,Combined TRACON& Tower with Radar,4,27,33,0,64,0,0,19,0,19,4,27,52,0,83,62,0,62,145
12/23/2010,BFL,CA,AWP,WE,Combined TRACON& Tower with Radar,4,28,102,0,134,0,0,18,0,18,4,28,120,0,152,60,0,60,212
12/24/2010,BFL,CA,AWP,WE,Combined TRACON& Tower with Radar,3,25,26,0,54,0,1,19,0,20,3,26,45,0,74,0,0,0,74
12/25/2010,BFL,CA,AWP,WE,Combined TRACON& Tower with Radar,1,11,2,0,14,0,4,11,0,15,1,15,13,0,29,6,0,6,35
12/26/2010,BFL,CA,AWP,WE,Combined TRACON& Tower with Radar,4,19,25,0,48,0,6,19,0,25,4,25,44,0,73,4,0,4,77
12/27/2010,BFL,CA,AWP,WE,Combined TRACON& Tower with Radar,4,16,59,0,79,0,4,128,1,133,4,20,187,1,212,264,0,264,476
12/28/2010,BFL,CA,AWP,WE,Combined TRACON& Tower with Radar,4,29,88,3,124,0,20,38,1,59,4,49,126,4,183,72,0,72,255
12/29/2010,BFL,CA,AWP,WE,Combined TRACON& Tower with Radar,6,28,35,1,70,0,1,50,0,51,6,29,85,1,121,144,0,144,265
12/30/2010,BFL,CA,AWP,WE,Combined TRACON& Tower with Radar,4,32,50,0,86,0,2,126,0,128,4,34,176,0,214,272,0,272,486
12/31/2010,BFL,CA,AWP,WE,Combined TRACON& Tower with Radar,3,24,45,0,72,0,6,126,1,133,3,30,171,1,205,234,0,234,439
01/01/2011,BFL,CA,AWP,WE,Combined TRACON& Tower with Radar,1,17,12,0,30,0,3,10,0,13,1,20,22,0,43,0,0,0,43
01/02/2011,BFL,CA,AWP,WE,Combined TRACON& Tower with Radar,4,15,12,2,33,0,0,4,0,4,4,15,16,2,37,0,0,0,37
01/03/2011,BFL,CA,AWP,WE,Combined TRACON& Tower with Radar,5,19,26,0,50,0,0,29,0,29,5,19,55,0,79,2,0,2,81
01/04/2011,BFL,CA,AWP,WE,Combined TRACON& Tower with Radar,6,25,43,0,74,0,3,126,0,129,6,28,169,0,203,132,0,132,335
01/05/2011,BFL,CA,AWP,WE,Combined TRACON& Tower with Radar,8,20,21,3,52,0,0,0,0,0,8,20,21,3,52,0,0,0,52
01/06/2011,BFL,CA,AWP,WE,Combined TRACON& Tower with Radar,8,29,101,0,138,0,4,17,0,21,8,33,118,0,159,0,0,0,159
01/07/2011,BFL,CA,AWP,WE,Combined TRACON& Tower with Radar,8,27,111,1,147,0,3,3,0,6,8,30,114,1,153,8,0,8,161
01/08/2011,BFL,CA,AWP,WE,Combined TRACON& Tower with Radar,4,22,37,0,63,0,2,5,0,7,4,24,42,0,70,0,0,0,70
01/09/2011,BFL,CA,AWP,WE,Combined TRACON& Tower with Radar,7,15,45,0,67,0,2,8,0,10,7,17,53,0,77,0,0,0,77
01/10/2011,BFL,CA,AWP,WE,Combined TRACON& Tower with Radar,6,20,66,0,92,0,6,63,0,69,6,26,129,0,161,80,0,80,241
01/11/2011,BFL,CA,AWP,WE,Combined TRACON& Tower with Radar,4,28,55,0,87,0,1,105,0,106,4,29,160,0,193,240,0,240,433
01/12/2011,BFL,CA,AWP,WE,Combined TRACON& Tower with Radar,8,37,61,1,107,0,0,97,1,98,8,37,158,2,205,240,0,240,445
01/13/2011,BFL,CA,AWP,WE,Combined TRACON& Tower with Radar,6,23,72,0,101,0,8,95,0,103,6,31,167,0,204,186,0,186,390
01/14/2011,BFL,CA,AWP,WE,Combined TRACON& Tower with Radar,8,29,61,0,98,0,2,96,0,98,8,31,157,0,196,206,0,206,402
01/15/2011,BFL,CA,AWP,WE,Combined TRACON& Tower with Radar,2,24,28,2,56,0,1,8,0,9,2,25,36,2,65,8,0,8,73
01/16/2011,BFL,CA,AWP,WE,Combined TRACON& Tower with Radar,6,19,33,0,58,0,3,1,0,4,6,22,34,0,62,0,0,0,62
01/17/2011,BFL,CA,AWP,WE,Combined TRACON& Tower with Radar,3,21,107,1,132,0,1,1,0,2,3,22,108,1,134,0,0,0,134
01/18/2011,BFL,CA,AWP,WE,Combined TRACON& Tower with Radar,4,29,131,0,164,0,12,21,0,33,4,41,152,0,197,2,0,2,199
01/19/2011,BFL,CA,AWP,WE,Combined TRACON& Tower with Radar,8,27,72,0,107,0,3,102,1,106,8,30,174,1,213,176,0,176,389
01/20/2011,BFL,CA,AWP,WE,Combined TRACON& Tower with Radar,4,26,63,2,95,0,0,32,0,32,4,26,95,2,127,86,0,86,213
01/21/2011,BFL,CA,AWP,WE,Combined TRACON& Tower with Radar,7,28,78,2,115,0,4,80,2,86,7,32,158,4,201,100,0,100,301
01/22/2011,BFL,CA,AWP,WE,Combined TRACON& Tower with Radar,4,23,32,0,59,0,0,28,0,28,4,23,60,0,87,0,0,0,87
01/23/2011,BFL,CA,AWP,WE,Combined TRACON& Tower with Radar,6,16,31,0,53,0,9,35,0,44,6,25,66,0,97,16,0,16,113
01/24/2011,BFL,CA,AWP,WE,Combined TRACON& Tower with Radar,4,16,23,0,43,0,2,19,0,21,4,18,42,0,64,34,0,34,98
01/25/2011,BFL,CA,AWP,WE,Combined TRACON& Tower with Radar,5,23,61,0,89,0,1,49,0,50,5,24,110,0,139,50,0,50,189
01/26/2011,BFL,CA,AWP,WE,Combined TRACON& Tower with Radar,4,19,74,0,97,0,0,11,0,11,4,19,85,0,108,0,0,0,108
01/27/2011,BFL,CA,AWP,WE,Combined TRACON& Tower with Radar,3,24,65,0,92,0,6,73,1,80,3,30,138,1,172,90,0,90,262
01/28/2011,BFL,CA,AWP,WE,Combined TRACON& Tower with Radar,5,24,61,0,90,0,9,61,0,70,5,33,122,0,160,116,0,116,276
01/29/2011,BFL,CA,AWP,WE,Combined TRACON& Tower with Radar,5,10,30,0,45,0,0,2,0,2,5,10,32,0,47,0,0,0,47
01/30/2011,BFL,CA,AWP,WE,Combined TRACON& Tower with Radar,4,19,22,1,46,0,0,21,0,21,4,19,43,1,67,0,0,0,67
01/31/2011,BFL,CA,AWP,WE,Combined TRACON& Tower with Radar,6,18,86,0,110,0,1,42,0,43,6,19,128,0,153,226,0,226,379
02/01/2011,BFL,CA,AWP,WE,Combined TRACON& Tower with Radar,3,29,66,0,98,0,3,111,0,114,3,32,177,0,212,288,0,288,500
02/02/2011,BFL,CA,AWP,WE,Combined TRACON& Tower with Radar,8,24,53,0,85,0,7,137,0,144,8,31,190,0,229,340,0,340,569
02/03/2011,BFL,CA,AWP,WE,Combined TRACON& Tower with Radar,6,26,92,0,124,0,12,118,0,130,6,38,210,0,254,212,0,212,466
02/04/2011,BFL,CA,AWP,WE,Combined TRACON& Tower with Radar,8,28,82,3,121,0,1,102,4,107,8,29,184,7,228,300,0,300,528
02/05/2011,BFL,CA,AWP,WE,Combined TRACON& Tower with Radar,6,16,15,0,37,0,0,49,10,59,6,16,64,10,96,10,0,10,106
02/06/2011,BFL,CA,AWP,WE,Combined TRACON& Tower with Radar,4,17,19,0,40,0,7,48,1,56,4,24,67,1,96,2,0,2,98
02/07/2011,BFL,CA,AWP,WE,Combined TRACON& Tower with Radar,6,20,83,2,111,0,2,98,1,101,6,22,181,3,212,210,0,210,422
02/08/2011,BFL,CA,AWP,WE,Combined TRACON& Tower with Radar,3,29,66,0,98,0,7,104,0,111,3,36,170,0,209,202,0,202,411
02/09/2011,BFL,CA,AWP,WE,Combined TRACON& Tower with Radar,8,24,82,0,114,0,3,139,0,142,8,27,221,0,256,204,0,204,460
02/10/2011,BFL,CA,AWP,WE,Combined TRACON& Tower with Radar,6,32,74,4,116,0,4,107,0,111,6,36,181,4,227,66,0,66,293
02/11/2011,BFL,CA,AWP,WE,Combined TRACON& Tower with Radar,6,26,65,0,97,0,14,122,2,138,6,40,187,2,235,150,0,150,385
02/12/2011,BFL,CA,AWP,WE,Combined TRACON& Tower with Radar,2,21,25,3,51,0,8,55,3,66,2,29,80,6,117,4,0,4,121
02/13/2011,BFL,CA,AWP,WE,Combined TRACON& Tower with Radar,4,19,25,8,56,0,10,57,3,70,4,29,82,11,126,6,0,6,132
02/14/2011,BFL,CA,AWP,WE,Combined TRACON& Tower with Radar,4,22,45,2,73,0,5,83,0,88,4,27,128,2,161,104,0,104,265
02/15/2011,BFL,CA,AWP,WE,Combined TRACON& Tower with Radar,4,28,72,0,104,0,5,135,0,140,4,33,207,0,244,202,0,202,446
02/16/2011,BFL,CA,AWP,WE,Combined TRACON& Tower with Radar,6,32,46,0,84,0,4,64,0,68,6,36,110,0,152,122,0,122,274
02/17/2011,BFL,CA,AWP,WE,Combined TRACON& Tower with Radar,6,28,45,1,80,0,1,107,2,110,6,29,152,3,190,132,0,132,322
02/18/2011,BFL,CA,AWP,WE,Combined TRACON& Tower with Radar,8,23,46,1,78,0,2,31,0,33,8,25,77,1,111,34,0,34,145
02/19/2011,BFL,CA,AWP,WE,Combined TRACON& Tower with Radar,4,15,9,0,28,0,4,16,0,20,4,19,25,0,48,1,0,1,49
02/20/2011,BFL,CA,AWP,WE,Combined TRACON& Tower with Radar,6,15,19,0,40,0,6,40,1,47,6,21,59,1,87,8,0,8,95
02/21/2011,BFL,CA,AWP,WE,Combined TRACON& Tower with Radar,4,19,28,0,51,0,8,47,0,55,4,27,75,0,106,4,0,4,110
02/22/2011,BFL,CA,AWP,WE,Combined TRACON& Tower with Radar,4,30,63,2,99,0,6,160,0,166,4,36,223,2,265,262,0,262,527
02/23/2011,BFL,CA,AWP,WE,Combined TRACON& Tower with Radar,6,26,69,0,101,0,0,166,0,166,6,26,235,0,267,258,0,258,525
02/24/2011,BFL,CA,AWP,WE,Combined TRACON& Tower with Radar,4,29,64,2,99,0,19,91,2,112,4,48,155,4,211,208,0,208,419
02/25/2011,BFL,CA,AWP,WE,Combined TRACON& Tower with Radar,8,22,33,1,64,0,2,77,0,79,8,24,110,1,143,226,0,226,369
02/26/2011,BFL,CA,AWP,WE,Combined TRACON& Tower with Radar,4,19,21,2,46,0,5,25,0,30,4,24,46,2,76,2,0,2,78
02/27/2011,BFL,CA,AWP,WE,Combined TRACON& Tower with Radar,6,15,15,0,36,0,5,59,10,74,6,20,74,10,110,14,0,14,124
02/28/2011,BFL,CA,AWP,WE,Combined TRACON& Tower with Radar,5,16,56,3,80,0,3,151,22,176,5,19,207,25,256,326,0,326,582
03/01/2011,BFL,CA,AWP,WE,Combined TRACON& Tower with Radar,3,24,31,0,58,0,9,137,0,146,3,33,168,0,204,248,0,248,452
03/02/2011,BFL,CA,AWP,WE,Combined TRACON& Tower with Radar,4,26,64,0,94,0,1,116,0,117,4,27,180,0,211,214,0,214,425
03/03/2011,BFL,CA,AWP,WE,Combined TRACON& Tower with Radar,6,28,78,0,112,0,6,51,0,57,6,34,129,0,169,42,0,42,211
03/04/2011,BFL,CA,AWP,WE,Combined TRACON& Tower with Radar,8,25,69,0,102,0,4,173,0,177,8,29,242,0,279,300,0,300,579
03/05/2011,BFL,CA,AWP,WE,Combined TRACON& Tower with Radar,2,21,31,0,54,0,11,74,2,87,2,32,105,2,141,23,0,23,164
03/06/2011,BFL,CA,AWP,WE,Combined TRACON& Tower with Radar,8,15,34,0,57,0,3,21,0,24,8,18,55,0,81,14,0,14,95
03/07/2011,BFL,CA,AWP,WE,Combined TRACON& Tower with Radar,6,18,45,2,71,0,0,110,0,110,6,18,155,2,181,366,0,366,547
03/08/2011,BFL,CA,AWP,WE,Combined TRACON& Tower with Radar,4,28,64,1,97,0,7,122,0,129,4,35,186,1,226,215,0,215,441
03/09/2011,BFL,CA,AWP,WE,Combined TRACON& Tower with Radar,3,20,36,2,61,0,11,165,4,180,3,31,201,6,241,353,0,353,594
03/10/2011,BFL,CA,AWP,WE,Combined TRACON& Tower with Radar,6,23,40,6,75,0,3,97,2,102,6,26,137,8,177,218,0,218,395
03/11/2011,BFL,CA,AWP,WE,Combined TRACON& Tower with Radar,8,24,77,0,109,0,7,69,0,76,8,31,146,0,185,234,0,234,419
03/12/2011,BFL,CA,AWP,WE,Combined TRACON& Tower with Radar,5,16,19,0,40,0,3,58,0,61,5,19,77,0,101,30,0,30,131
03/13/2011,BFL,CA,AWP,WE,Combined TRACON& Tower with Radar,7,13,31,0,51,0,4,38,0,42,7,17,69,0,93,5,0,5,98
03/14/2011,BFL,CA,AWP,WE,Combined TRACON& Tower with Radar,7,16,39,3,65,0,5,134,16,155,7,21,173,19,220,356,0,356,576
03/15/2011,BFL,CA,AWP,WE,Combined TRACON& Tower with Radar,4,23,40,4,71,0,2,102,0,104,4,25,142,4,175,136,0,136,311
03/16/2011,BFL,CA,AWP,WE,Combined TRACON& Tower with Radar,6,21,48,0,75,0,11,72,0,83,6,32,120,0,158,150,0,150,308
03/17/2011,BFL,CA,AWP,WE,Combined TRACON& Tower with Radar,6,22,45,3,76,7,20,119,0,146,13,42,164,3,222,284,0,284,506
03/18/2011,BFL,CA,AWP,WE,Combined TRACON& Tower with Radar,8,25,50,0,83,0,5,124,0,129,8,30,174,0,212,308,0,308,520
03/19/2011,BFL,CA,AWP,WE,Combined TRACON& Tower with Radar,5,15,16,0,36,0,2,33,1,36,5,17,49,1,72,6,0,6,78
03/20/2011,BFL,CA,AWP,WE,Combined TRACON& Tower with Radar,9,14,14,0,37,0,0,1,0,1,9,14,15,0,38,0,0,0,38
03/21/2011,BFL,CA,AWP,WE,Combined TRACON& Tower with Radar,6,19,27,2,54,0,1,81,0,82,6,20,108,2,136,284,0,284,420
03/22/2011,BFL,CA,AWP,WE,Combined TRACON& Tower with Radar,4,25,62,1,92,0,8,63,1,72,4,33,125,2,164,130,0,130,294
03/23/2011,BFL,CA,AWP,WE,Combined TRACON& Tower with Radar,6,22,55,0,83,0,1,65,0,66,6,23,120,0,149,116,0,116,265
03/24/2011,BFL,CA,AWP,WE,Combined TRACON& Tower with Radar,6,18,29,2,55,0,22,68,0,90,6,40,97,2,145,244,8,252,397
03/25/2011,BFL,CA,AWP,WE,Combined TRACON& Tower with Radar,8,29,60,0,97,0,1,112,2,115,8,30,172,2,212,354,0,354,566
03/26/2011,BFL,CA,AWP,WE,Combined TRACON& Tower with Radar,2,17,28,0,47,0,3,21,0,24,2,20,49,0,71,2,0,2,73
03/27/2011,BFL,CA,AWP,WE,Combined TRACON& Tower with Radar,6,20,34,0,60,0,11,23,0,34,6,31,57,0,94,1,0,1,95
03/28/2011,BFL,CA,AWP,WE,Combined TRACON& Tower with Radar,4,19,55,2,80,0,5,69,2,76,4,24,124,4,156,139,0,139,295
03/29/2011,BFL,CA,AWP,WE,Combined TRACON& Tower with Radar,4,29,76,2,111,0,5,112,0,117,4,34,188,2,228,170,0,170,398
03/30/2011,BFL,CA,AWP,WE,Combined TRACON& Tower with Radar,4,23,74,5,106,0,6,110,1,117,4,29,184,6,223,64,0,64,287
03/31/2011,BFL,CA,AWP,WE,Combined TRACON& Tower with Radar,6,26,74,2,108,0,32,125,0,157,6,58,199,2,265,272,0,272,537
04/01/2011,BFL,CA,AWP,WE,Combined TRACON& Tower with Radar,8,28,75,0,111,0,4,149,0,153,8,32,224,0,264,250,0,250,514
04/02/2011,BFL,CA,AWP,WE,Combined TRACON& Tower with Radar,4,18,21,0,43,0,4,28,10,42,4,22,49,10,85,2,0,2,87
04/03/2011,BFL,CA,AWP,WE,Combined TRACON& Tower with Radar,8,15,25,0,48,0,2,53,0,55,8,17,78,0,103,15,0,15,118
04/04/2011,BFL,CA,AWP,WE,Combined TRACON& Tower with Radar,10,17,65,1,93,0,5,151,0,156,10,22,216,1,249,248,0,248,497
04/05/2011,BFL,CA,AWP,WE,Combined TRACON& Tower with Radar,8,23,58,0,89,0,10,167,1,178,8,33,225,1,267,310,0,310,577
04/06/2011,BFL,CA,AWP,WE,Combined TRACON& Tower with Radar,10,23,43,1,77,0,0,128,0,128,10,23,171,1,205,270,0,270,475
04/07/2011,BFL,CA,AWP,WE,Combined TRACON& Tower with Radar,10,21,58,4,93,0,5,99,1,105,10,26,157,5,198,210,0,210,408
04/08/2011,BFL,CA,AWP,WE,Combined TRACON& Tower with Radar,12,26,42,0,80,0,8,102,0,110,12,34,144,0,190,162,0,162,352
04/09/2011,BFL,CA,AWP,WE,Combined TRACON& Tower with Radar,6,20,17,0,43,0,5,38,0,43,6,25,55,0,86,3,0,3,89
04/10/2011,BFL,CA,AWP,WE,Combined TRACON& Tower with Radar,9,21,17,0,47,0,4,31,0,35,9,25,48,0,82,14,0,14,96
04/11/2011,BFL,CA,AWP,WE,Combined TRACON& Tower with Radar,12,21,48,0,81,0,5,168,0,173,12,26,216,0,254,438,0,438,692
04/12/2011,BFL,CA,AWP,WE,Combined TRACON& Tower with Radar,8,22,47,1,78,0,3,115,1,119,8,25,162,2,197,186,0,186,383
04/13/2011,BFL,CA,AWP,WE,Combined TRACON& Tower with Radar,10,27,60,5,102,0,4,59,0,63,10,31,119,5,165,232,0,232,397
04/14/2011,BFL,CA,AWP,WE,Combined TRACON& Tower with Radar,10,22,55,0,87,0,4,140,6,150,10,26,195,6,237,276,0,276,513
04/15/2011,BFL,CA,AWP,WE,Combined TRACON& Tower with Radar,14,22,61,0,97,0,8,113,0,121,14,30,174,0,218,270,0,270,488
04/16/2011,BFL,CA,AWP,WE,Combined TRACON& Tower with Radar,7,17,26,0,50,0,5,35,0,40,7,22,61,0,90,2,0,2,92
04/17/2011,BFL,CA,AWP,WE,Combined TRACON& Tower with Radar,8,17,39,0,64,0,13,32,0,45,8,30,71,0,109,2,0,2,111
04/18/2011,BFL,CA,AWP,WE,Combined TRACON& Tower with Radar,9,18,35,2,64,0,0,118,0,118,9,18,153,2,182,226,0,226,408
04/19/2011,BFL,CA,AWP,WE,Combined TRACON& Tower with Radar,8,25,47,0,80,0,4,82,0,86,8,29,129,0,166,180,0,180,346
04/20/2011,BFL,CA,AWP,WE,Combined TRACON& Tower with Radar,9,27,59,1,96,0,2,75,2,79,9,29,134,3,175,116,0,116,291
04/21/2011,BFL,CA,AWP,WE,Combined TRACON& Tower with Radar,8,30,49,0,87,0,2,137,0,139,8,32,186,0,226,352,0,352,578
04/22/2011,BFL,CA,AWP,WE,Combined TRACON& Tower with Radar,12,23,37,0,72,0,5,140,0,145,12,28,177,0,217,296,0,296,513
04/23/2011,BFL,CA,AWP,WE,Combined TRACON& Tower with Radar,7,25,28,1,61,0,12,66,1,79,7,37,94,2,140,20,0,20,160
04/24/2011,BFL,CA,AWP,WE,Combined TRACON& Tower with Radar,6,17,20,1,44,0,8,43,1,52,6,25,63,2,96,10,0,10,106
04/25/2011,BFL,CA,AWP,WE,Combined TRACON& Tower with Radar,10,16,44,0,70,0,3,146,0,149,10,19,190,0,219,286,0,286,505
04/26/2011,BFL,CA,AWP,WE,Combined TRACON& Tower with Radar,7,21,54,0,82,0,9,133,1,143,7,30,187,1,225,244,0,244,469
04/27/2011,BFL,CA,AWP,WE,Combined TRACON& Tower with Radar,9,23,66,3,101,0,4,122,1,127,9,27,188,4,228,288,0,288,516
04/28/2011,BFL,CA,AWP,WE,Combined TRACON& Tower with Radar,10,25,49,0,84,0,10,127,0,137,10,35,176,0,221,230,0,230,451
04/29/2011,BFL,CA,AWP,WE,Combined TRACON& Tower with Radar,12,26,62,0,100,0,4,107,0,111,12,30,169,0,211,308,0,308,519
04/30/2011,BFL,CA,AWP,WE,Combined TRACON& Tower with Radar,6,21,47,0,74,0,5,57,0,62,6,26,104,0,136,16,0,16,152
05/01/2011,BFL,CA,AWP,WE,Combined TRACON& Tower with Radar,7,18,48,0,73,0,4,68,0,72,7,22,116,0,145,4,0,4,149
05/02/2011,BFL,CA,AWP,WE,Combined TRACON& Tower with Radar,10,17,82,1,110,0,2,155,0,157,10,19,237,1,267,374,0,374,641
05/03/2011,BFL,CA,AWP,WE,Combined TRACON& Tower with Radar,9,22,37,2,70,0,5,111,0,116,9,27,148,2,186,264,0,264,450
05/04/2011,BFL,CA,AWP,WE,Combined TRACON& Tower with Radar,10,22,44,0,76,0,2,109,0,111,10,24,153,0,187,258,0,258,445
05/05/2011,BFL,CA,AWP,WE,Combined TRACON& Tower with Radar,10,30,76,1,117,0,9,159,0,168,10,39,235,1,285,308,0,308,593
05/06/2011,BFL,CA,AWP,WE,Combined TRACON& Tower with Radar,12,32,71,0,115,0,2,99,0,101,12,34,170,0,216,182,0,182,398
05/07/2011,BFL,CA,AWP,WE,Combined TRACON& Tower with Radar,7,17,22,0,46,0,9,81,0,90,7,26,103,0,136,4,0,4,140
05/08/2011,BFL,CA,AWP,WE,Combined TRACON& Tower with Radar,9,16,18,0,43,0,6,31,0,37,9,22,49,0,80,12,0,12,92
05/09/2011,BFL,CA,AWP,WE,Combined TRACON& Tower with Radar,10,17,38,0,65,0,4,139,0,143,10,21,177,0,208,296,0,296,504
05/10/2011,BFL,CA,AWP,WE,Combined TRACON& Tower with Radar,9,21,56,0,86,0,7,166,0,173,9,28,222,0,259,251,0,251,510
05/11/2011,BFL,CA,AWP,WE,Combined TRACON& Tower with Radar,7,26,41,0,74,0,5,119,2,126,7,31,160,2,200,170,0,170,370
05/12/2011,BFL,CA,AWP,WE,Combined TRACON& Tower with Radar,9,25,59,3,96,0,13,134,0,147,9,38,193,3,243,164,0,164,407
05/13/2011,BFL,CA,AWP,WE,Combined TRACON& Tower with Radar,12,19,51,2,84,0,6,138,0,144,12,25,189,2,228,188,0,188,416
05/14/2011,BFL,CA,AWP,WE,Combined TRACON& Tower with Radar,7,16,17,0,40,0,11,47,1,59,7,27,64,1,99,22,0,22,121
05/15/2011,BFL,CA,AWP,WE,Combined TRACON& Tower with Radar,9,16,31,0,56,0,9,25,0,34,9,25,56,0,90,24,0,24,114
05/16/2011,BFL,CA,AWP,WE,Combined TRACON& Tower with Radar,12,16,41,1,70,0,2,112,1,115,12,18,153,2,185,184,0,184,369
05/17/2011,BFL,CA,AWP,WE,Combined TRACON& Tower with Radar,10,20,41,0,71,0,3,83,2,88,10,23,124,2,159,160,0,160,319
05/18/2011,BFL,CA,AWP,WE,Combined TRACON& Tower with Radar,10,22,70,9,111,0,0,93,2,95,10,22,163,11,206,56,0,56,262
05/19/2011,BFL,CA,AWP,WE,Combined TRACON& Tower with Radar,10,21,66,8,105,0,6,128,0,134,10,27,194,8,239,242,0,242,481
05/20/2011,BFL,CA,AWP,WE,Combined TRACON& Tower with Radar,12,20,75,0,107,0,2,149,0,151,12,22,224,0,258,236,0,236,494
05/21/2011,BFL,CA,AWP,WE,Combined TRACON& Tower with Radar,7,16,24,0,47,0,3,38,0,41,7,19,62,0,88,16,0,16,104
05/22/2011,BFL,CA,AWP,WE,Combined TRACON& Tower with Radar,11,15,24,0,50,0,3,43,6,52,11,18,67,6,102,0,0,0,102
05/23/2011,BFL,CA,AWP,WE,Combined TRACON& Tower with Radar,10,19,68,2,99,0,5,137,0,142,10,24,205,2,241,225,0,225,466
05/24/2011,BFL,CA,AWP,WE,Combined TRACON& Tower with Radar,10,22,54,4,90,0,6,131,0,137,10,28,185,4,227,298,0,298,525
05/25/2011,BFL,CA,AWP,WE,Combined TRACON& Tower with Radar,10,20,67,0,97,0,2,117,0,119,10,22,184,0,216,268,0,268,484
05/26/2011,BFL,CA,AWP,WE,Combined TRACON& Tower with Radar,12,20,67,1,100,0,6,144,6,156,12,26,211,7,256,172,4,176,432
05/27/2011,BFL,CA,AWP,WE,Combined TRACON& Tower with Radar,10,21,72,0,103,0,4,131,1,136,10,25,203,1,239,167,0,167,406
05/28/2011,BFL,CA,AWP,WE,Combined TRACON& Tower with Radar,7,13,24,0,44,0,3,40,0,43,7,16,64,0,87,14,0,14,101
05/29/2011,BFL,CA,AWP,WE,Combined TRACON& Tower with Radar,7,11,13,0,31,0,3,11,1,15,7,14,24,1,46,2,0,2,48
05/30/2011,BFL,CA,AWP,WE,Combined TRACON& Tower with Radar,7,12,33,0,52,0,10,66,0,76,7,22,99,0,128,22,0,22,150
05/31/2011,BFL,CA,AWP,WE,Combined TRACON& Tower with Radar,9,22,52,0,83,0,5,142,0,147,9,27,194,0,230,218,0,218,448
06/01/2011,BFL,CA,AWP,WE,Combined TRACON& Tower with Radar,9,23,58,0,90,0,2,90,0,92,9,25,148,0,182,106,0,106,288
06/02/2011,BFL,CA,AWP,WE,Combined TRACON& Tower with Radar,9,26,70,5,110,0,1,119,1,121,9,27,189,6,231,192,0,192,423
06/03/2011,BFL,CA,AWP,WE,Combined TRACON& Tower with Radar,12,23,69,0,104,0,1,149,0,150,12,24,218,0,254,312,0,312,566
06/04/2011,BFL,CA,AWP,WE,Combined TRACON& Tower with Radar,7,17,23,0,47,0,5,44,0,49,7,22,67,0,96,10,0,10,106
06/05/2011,BFL,CA,AWP,WE,Combined TRACON& Tower with Radar,9,14,18,0,41,0,3,43,0,46,9,17,61,0,87,6,0,6,93
06/06/2011,BFL,CA,AWP,WE,Combined TRACON& Tower with Radar,10,23,52,2,87,0,2,47,0,49,10,25,99,2,136,22,0,22,158
06/07/2011,BFL,CA,AWP,WE,Combined TRACON& Tower with Radar,10,23,115,0,148,0,5,54,1,60,10,28,169,1,208,122,0,122,330
06/08/2011,BFL,CA,AWP,WE,Combined TRACON& Tower with Radar,10,23,72,0,105,0,3,142,5,150,10,26,214,5,255,209,0,209,464
06/09/2011,BFL,CA,AWP,WE,Combined TRACON& Tower with Radar,10,21,65,0,96,0,6,126,0,132,10,27,191,0,228,282,0,282,510
06/10/2011,BFL,CA,AWP,WE,Combined TRACON& Tower with Radar,11,23,96,0,130,0,2,130,7,139,11,25,226,7,269,164,0,164,433
06/11/2011,BFL,CA,AWP,WE,Combined TRACON& Tower with Radar,7,18,31,0,56,0,4,55,0,59,7,22,86,0,115,10,0,10,125
06/12/2011,BFL,CA,AWP,WE,Combined TRACON& Tower with Radar,9,13,33,0,55,3,5,44,0,52,12,18,77,0,107,2,0,2,109
06/13/2011,BFL,CA,AWP,WE,Combined TRACON& Tower with Radar,10,16,66,0,92,0,3,119,0,122,10,19,185,0,214,170,0,170,384
06/14/2011,BFL,CA,AWP,WE,Combined TRACON& Tower with Radar,10,23,94,2,129,0,0,161,0,161,10,23,255,2,290,296,0,296,586
06/15/2011,BFL,CA,AWP,WE,Combined TRACON& Tower with Radar,10,25,73,0,108,0,2,129,0,131,10,27,202,0,239,210,0,210,449
06/16/2011,BFL,CA,AWP,WE,Combined TRACON& Tower with Radar,10,24,82,0,116,0,7,142,0,149,10,31,224,0,265,250,0,250,515
06/17/2011,BFL,CA,AWP,WE,Combined TRACON& Tower with Radar,14,19,64,2,99,0,9,129,0,138,14,28,193,2,237,248,0,248,485
06/18/2011,BFL,CA,AWP,WE,Combined TRACON& Tower with Radar,7,17,26,0,50,0,13,49,0,62,7,30,75,0,112,4,0,4,116
06/19/2011,BFL,CA,AWP,WE,Combined TRACON& Tower with Radar,8,15,38,0,61,0,8,45,5,58,8,23,83,5,119,12,0,12,131
06/20/2011,BFL,CA,AWP,WE,Combined TRACON& Tower with Radar,8,20,68,2,98,0,2,164,0,166,8,22,232,2,264,312,0,312,576
06/21/2011,BFL,CA,AWP,WE,Combined TRACON& Tower with Radar,10,38,63,0,111,0,5,141,0,146,10,43,204,0,257,274,0,274,531
06/22/2011,BFL,CA,AWP,WE,Combined TRACON& Tower with Radar,9,30,48,2,89,0,9,111,0,120,9,39,159,2,209,298,0,298,507
06/23/2011,BFL,CA,AWP,WE,Combined TRACON& Tower with Radar,10,22,74,0,106,0,5,133,3,141,10,27,207,3,247,296,0,296,543
06/24/2011,BFL,CA,AWP,WE,Combined TRACON& Tower with Radar,12,20,63,2,97,0,8,116,0,124,12,28,179,2,221,330,0,330,551
06/25/2011,BFL,CA,AWP,WE,Combined TRACON& Tower with Radar,7,15,40,0,62,0,6,68,0,74,7,21,108,0,136,12,0,12,148
06/26/2011,BFL,CA,AWP,WE,Combined TRACON& Tower with Radar,11,15,45,0,71,0,10,54,2,66,11,25,99,2,137,16,0,16,153
06/27/2011,BFL,CA,AWP,WE,Combined TRACON& Tower with Radar,12,18,52,0,82,0,5,143,0,148,12,23,195,0,230,246,0,246,476
06/28/2011,BFL,CA,AWP,WE,Combined TRACON& Tower with Radar,9,25,60,1,95,0,7,143,1,151,9,32,203,2,246,346,0,346,592
06/29/2011,BFL,CA,AWP,WE,Combined TRACON& Tower with Radar,9,23,44,2,78,0,9,88,0,97,9,32,132,2,175,268,0,268,443
06/30/2011,BFL,CA,AWP,WE,Combined TRACON& Tower with Radar,10,21,63,2,96,0,19,159,0,178,10,40,222,2,274,320,0,320,594
07/01/2011,BFL,CA,AWP,WE,Combined TRACON& Tower with Radar,10,20,53,0,83,0,11,160,0,171,10,31,213,0,254,294,0,294,548
07/02/2011,BFL,CA,AWP,WE,Combined TRACON& Tower with Radar,5,17,21,0,43,0,11,43,0,54,5,28,64,0,97,2,0,2,99
07/03/2011,BFL,CA,AWP,WE,Combined TRACON& Tower with Radar,2,14,19,0,35,0,13,52,0,65,2,27,71,0,100,12,0,12,112
07/04/2011,BFL,CA,AWP,WE,Combined TRACON& Tower with Radar,6,16,15,0,37,0,4,44,0,48,6,20,59,0,85,14,0,14,99
07/05/2011,BFL,CA,AWP,WE,Combined TRACON& Tower with Radar,9,17,39,2,67,0,5,123,0,128,9,22,162,2,195,266,0,266,461
07/06/2011,BFL,CA,AWP,WE,Combined TRACON& Tower with Radar,12,24,48,0,84,0,4,132,0,136,12,28,180,0,220,298,0,298,518
07/07/2011,BFL,CA,AWP,WE,Combined TRACON& Tower with Radar,11,20,27,0,58,0,5,100,0,105,11,25,127,0,163,384,0,384,547
07/08/2011,BFL,CA,AWP,WE,Combined TRACON& Tower with Radar,10,22,51,0,83,0,7,132,0,139,10,29,183,0,222,366,0,366,588
07/09/2011,BFL,CA,AWP,WE,Combined TRACON& Tower with Radar,5,17,19,0,41,0,7,50,0,57,5,24,69,0,98,8,0,8,106
07/10/2011,BFL,CA,AWP,WE,Combined TRACON& Tower with Radar,8,15,29,0,52,0,5,39,0,44,8,20,68,0,96,0,0,0,96
07/11/2011,BFL,CA,AWP,WE,Combined TRACON& Tower with Radar,10,20,61,2,93,0,3,130,0,133,10,23,191,2,226,438,0,438,664
07/12/2011,BFL,CA,AWP,WE,Combined TRACON& Tower with Radar,8,21,52,0,81,0,3,138,0,141,8,24,190,0,222,366,0,366,588
07/13/2011,BFL,CA,AWP,WE,Combined TRACON& Tower with Radar,8,29,71,2,110,0,0,76,1,77,8,29,147,3,187,246,0,246,433
07/14/2011,BFL,CA,AWP,WE,Combined TRACON& Tower with Radar,10,22,62,0,94,0,9,120,0,129,10,31,182,0,223,272,0,272,495
07/15/2011,BFL,CA,AWP,WE,Combined TRACON& Tower with Radar,9,21,58,2,90,0,7,130,1,138,9,28,188,3,228,280,0,280,508
07/16/2011,BFL,CA,AWP,WE,Combined TRACON& Tower with Radar,7,15,25,1,48,0,6,65,1,72,7,21,90,2,120,8,0,8,128
07/17/2011,BFL,CA,AWP,WE,Combined TRACON& Tower with Radar,7,15,28,0,50,0,11,38,0,49,7,26,66,0,99,44,0,44,143
07/18/2011,BFL,CA,AWP,WE,Combined TRACON& Tower with Radar,7,18,62,0,87,0,13,146,0,159,7,31,208,0,246,310,0,310,556
07/19/2011,BFL,CA,AWP,WE,Combined TRACON& Tower with Radar,8,22,60,5,95,0,8,130,0,138,8,30,190,5,233,194,26,220,453
07/20/2011,BFL,CA,AWP,WE,Combined TRACON& Tower with Radar,10,25,84,6,125,0,7,120,0,127,10,32,204,6,252,274,0,274,526
07/21/2011,BFL,CA,AWP,WE,Combined TRACON& Tower with Radar,9,22,63,0,94,0,5,120,0,125,9,27,183,0,219,139,0,139,358
07/22/2011,BFL,CA,AWP,WE,Combined TRACON& Tower with Radar,8,23,57,0,88,0,4,89,0,93,8,27,146,0,181,132,0,132,313
07/23/2011,BFL,CA,AWP,WE,Combined TRACON& Tower with Radar,5,17,27,0,49,0,13,56,0,69,5,30,83,0,118,14,0,14,132
07/24/2011,BFL,CA,AWP,WE,Combined TRACON& Tower with Radar,2,22,27,0,51,0,8,32,1,41,2,30,59,1,92,0,0,0,92
07/25/2011,BFL,CA,AWP,WE,Combined TRACON& Tower with Radar,8,19,74,0,101,0,6,112,0,118,8,25,186,0,219,214,0,214,433
07/26/2011,BFL,CA,AWP,WE,Combined TRACON& Tower with Radar,12,21,67,0,100,0,7,152,1,160,12,28,219,1,260,210,0,210,470
07/27/2011,BFL,CA,AWP,WE,Combined TRACON& Tower with Radar,8,25,54,0,87,0,5,129,0,134,8,30,183,0,221,144,0,144,365
07/28/2011,BFL,CA,AWP,WE,Combined TRACON& Tower with Radar,10,27,69,0,106,0,7,129,0,136,10,34,198,0,242,216,0,216,458
07/29/2011,BFL,CA,AWP,WE,Combined TRACON& Tower with Radar,10,24,66,2,102,0,1,106,1,108,10,25,172,3,210,202,0,202,412
07/30/2011,BFL,CA,AWP,WE,Combined TRACON& Tower with Radar,7,15,20,0,42,0,2,54,0,56,7,17,74,0,98,0,0,0,98
07/31/2011,BFL,CA,AWP,WE,Combined TRACON& Tower with Radar,7,13,34,0,54,0,14,28,0,42,7,27,62,0,96,0,0,0,96
08/01/2011,BFL,CA,AWP,WE,Combined TRACON& Tower with Radar,8,17,70,4,99,0,2,166,0,168,8,19,236,4,267,308,0,308,575
08/02/2011,BFL,CA,AWP,WE,Combined TRACON& Tower with Radar,9,22,57,0,88,0,1,161,0,162,9,23,218,0,250,302,0,302,552
08/03/2011,BFL,CA,AWP,WE,Combined TRACON& Tower with Radar,10,22,50,0,82,0,1,119,0,120,10,23,169,0,202,164,0,164,366
08/04/2011,BFL,CA,AWP,WE,Combined TRACON& Tower with Radar,10,26,63,0,99,0,7,115,0,122,10,33,178,0,221,146,0,146,367
08/05/2011,BFL,CA,AWP,WE,Combined TRACON& Tower with Radar,10,21,68,3,102,0,6,121,12,139,10,27,189,15,241,176,0,176,417
08/06/2011,BFL,CA,AWP,WE,Combined TRACON& Tower with Radar,7,14,22,2,45,0,4,47,14,65,7,18,69,16,110,0,0,0,110
08/07/2011,BFL,CA,AWP,WE,Combined TRACON& Tower with Radar,6,11,29,2,48,0,7,64,2,73,6,18,93,4,121,18,0,18,139
08/08/2011,BFL,CA,AWP,WE,Combined TRACON& Tower with Radar,10,16,40,0,66,0,5,151,2,158,10,21,191,2,224,309,0,309,533
08/09/2011,BFL,CA,AWP,WE,Combined TRACON& Tower with Radar,10,27,41,6,84,0,8,96,6,110,10,35,137,12,194,348,6,354,548
08/10/2011,BFL,CA,AWP,WE,Combined TRACON& Tower with Radar,10,27,48,0,85,0,10,109,1,120,10,37,157,1,205,206,0,206,411
08/11/2011,BFL,CA,AWP,WE,Combined TRACON& Tower with Radar,10,27,52,0,89,0,2,102,0,104,10,29,154,0,193,108,0,108,301
08/12/2011,BFL,CA,AWP,WE,Combined TRACON& Tower with Radar,12,20,37,2,71,0,2,103,1,106,12,22,140,3,177,156,0,156,333
08/13/2011,BFL,CA,AWP,WE,Combined TRACON& Tower with Radar,7,17,31,2,57,0,8,74,0,82,7,25,105,2,139,30,0,30,169
08/14/2011,BFL,CA,AWP,WE,Combined TRACON& Tower with Radar,9,16,39,0,64,0,3,50,0,53,9,19,89,0,117,40,0,40,157
08/15/2011,BFL,CA,AWP,WE,Combined TRACON& Tower with Radar,10,17,42,0,69,0,6,131,0,137,10,23,173,0,206,315,0,315,521
08/16/2011,BFL,CA,AWP,WE,Combined TRACON& Tower with Radar,9,21,71,0,101,0,9,131,1,141,9,30,202,1,242,346,0,346,588
08/17/2011,BFL,CA,AWP,WE,Combined TRACON& Tower with Radar,6,17,29,0,52,0,9,114,0,123,6,26,143,0,175,196,0,196,371
08/18/2011,BFL,CA,AWP,WE,Combined TRACON& Tower with Radar,4,14,24,1,43,0,15,85,0,100,4,29,109,1,143,184,0,184,327
08/19/2011,BFL,CA,AWP,WE,Combined TRACON& Tower with Radar,10,20,52,0,82,0,8,119,0,127,10,28,171,0,209,218,0,218,427
08/20/2011,BFL,CA,AWP,WE,Combined TRACON& Tower with Radar,5,18,48,0,71,0,3,54,1,58,5,21,102,1,129,16,0,16,145
08/21/2011,BFL,CA,AWP,WE,Combined TRACON& Tower with Radar,7,14,48,6,75,0,6,37,0,43,7,20,85,6,118,12,26,38,156
08/22/2011,BFL,CA,AWP,WE,Combined TRACON& Tower with Radar,8,17,34,0,59,0,7,146,0,153,8,24,180,0,212,250,0,250,462
08/23/2011,BFL,CA,AWP,WE,Combined TRACON& Tower with Radar,10,21,38,5,74,0,8,90,2,100,10,29,128,7,174,128,0,128,302
08/24/2011,BFL,CA,AWP,WE,Combined TRACON& Tower with Radar,11,21,59,0,91,0,5,144,0,149,11,26,203,0,240,392,0,392,632
08/25/2011,BFL,CA,AWP,WE,Combined TRACON& Tower with Radar,8,24,63,0,95,0,5,128,1,134,8,29,191,1,229,192,0,192,421
08/26/2011,BFL,CA,AWP,WE,Combined TRACON& Tower with Radar,7,29,63,2,101,0,5,127,2,134,7,34,190,4,235,274,0,274,509
08/27/2011,BFL,CA,AWP,WE,Combined TRACON& Tower with Radar,5,18,28,0,51,0,1,54,0,55,5,19,82,0,106,10,0,10,116
08/28/2011,BFL,CA,AWP,WE,Combined TRACON& Tower with Radar,7,14,33,0,54,0,1,40,26,67,7,15,73,26,121,2,0,2,123
08/29/2011,BFL,CA,AWP,WE,Combined TRACON& Tower with Radar,10,18,50,5,83,0,5,144,0,149,10,23,194,5,232,364,0,364,596
08/30/2011,BFL,CA,AWP,WE,Combined TRACON& Tower with Radar,10,20,61,7,98,0,18,115,0,133,10,38,176,7,231,238,0,238,469
08/31/2011,BFL,CA,AWP,WE,Combined TRACON& Tower with Radar,7,25,59,0,91,0,6,105,1,112,7,31,164,1,203,306,0,306,509
09/01/2011,BFL,CA,AWP,WE,Combined TRACON& Tower with Radar,11,21,62,4,98,0,4,132,0,136,11,25,194,4,234,258,0,258,492
09/02/2011,BFL,CA,AWP,WE,Combined TRACON& Tower with Radar,8,23,56,1,88,0,6,101,0,107,8,29,157,1,195,322,0,322,517
09/03/2011,BFL,CA,AWP,WE,Combined TRACON& Tower with Radar,4,16,24,0,44,0,9,43,0,52,4,25,67,0,96,0,0,0,96
09/04/2011,BFL,CA,AWP,WE,Combined TRACON& Tower with Radar,5,12,16,0,33,0,5,48,0,53,5,17,64,0,86,0,0,0,86
09/05/2011,BFL,CA,AWP,WE,Combined TRACON& Tower with Radar,7,13,29,0,49,0,7,54,0,61,7,20,83,0,110,6,0,6,116
09/06/2011,BFL,CA,AWP,WE,Combined TRACON& Tower with Radar,5,12,30,0,47,0,2,110,2,114,5,14,140,2,161,324,0,324,485
09/07/2011,BFL,CA,AWP,WE,Combined TRACON& Tower with Radar,5,12,22,0,39,0,9,134,0,143,5,21,156,0,182,201,0,201,383
09/08/2011,BFL,CA,AWP,WE,Combined TRACON& Tower with Radar,5,11,27,1,44,0,8,126,2,136,5,19,153,3,180,306,0,306,486
09/09/2011,BFL,CA,AWP,WE,Combined TRACON& Tower with Radar,8,22,59,2,91,0,4,118,1,123,8,26,177,3,214,260,0,260,474
09/10/2011,BFL,CA,AWP,WE,Combined TRACON& Tower with Radar,5,16,16,0,37,0,2,37,2,41,5,18,53,2,78,0,0,0,78
09/11/2011,BFL,CA,AWP,WE,Combined TRACON& Tower with Radar,5,15,28,0,48,0,13,45,0,58,5,28,73,0,106,12,0,12,118
09/12/2011,BFL,CA,AWP,WE,Combined TRACON& Tower with Radar,10,18,48,2,78,0,20,150,12,182,10,38,198,14,260,160,2,162,422
09/13/2011,BFL,CA,AWP,WE,Combined TRACON& Tower with Radar,10,21,54,0,85,0,20,174,7,201,10,41,228,7,286,378,0,378,664
09/14/2011,BFL,CA,AWP,WE,Combined TRACON& Tower with Radar,10,24,55,0,89,0,22,201,9,232,10,46,256,9,321,228,0,228,549
09/15/2011,BFL,CA,AWP,WE,Combined TRACON& Tower with Radar,8,26,64,4,102,0,12,91,1,104,8,38,155,5,206,102,0,102,308
09/16/2011,BFL,CA,AWP,WE,Combined TRACON& Tower with Radar,10,25,54,0,89,0,20,119,2,141,10,45,173,2,230,162,0,162,392
09/17/2011,BFL,CA,AWP,WE,Combined TRACON& Tower with Radar,5,19,14,0,38,0,6,42,0,48,5,25,56,0,86,2,0,2,88
09/18/2011,BFL,CA,AWP,WE,Combined TRACON& Tower with Radar,5,15,22,0,42,0,4,44,0,48,5,19,66,0,90,4,0,4,94
09/19/2011,BFL,CA,AWP,WE,Combined TRACON& Tower with Radar,4,20,49,0,73,0,4,93,0,97,4,24,142,0,170,184,0,184,354
09/20/2011,BFL,CA,AWP,WE,Combined TRACON& Tower with Radar,10,21,54,1,86,0,3,129,2,134,10,24,183,3,220,138,0,138,358
09/21/2011,BFL,CA,AWP,WE,Combined TRACON& Tower with Radar,10,21,46,3,80,0,6,150,0,156,10,27,196,3,236,176,0,176,412
09/22/2011,BFL,CA,AWP,WE,Combined TRACON& Tower with Radar,10,22,53,0,85,0,12,118,0,130,10,34,171,0,215,168,0,168,383
09/23/2011,BFL,CA,AWP,WE,Combined TRACON& Tower with Radar,10,20,43,1,74,0,11,129,1,141,10,31,172,2,215,284,0,284,499
09/24/2011,BFL,CA,AWP,WE,Combined TRACON& Tower with Radar,5,17,13,0,35,0,8,45,0,53,5,25,58,0,88,10,0,10,98
09/25/2011,BFL,CA,AWP,WE,Combined TRACON& Tower with Radar,8,15,27,0,50,0,13,42,0,55,8,28,69,0,105,0,0,0,105
09/26/2011,BFL,CA,AWP,WE,Combined TRACON& Tower with Radar,10,28,59,4,101,0,3,135,3,141,10,31,194,7,242,244,0,244,486
09/27/2011,BFL,CA,AWP,WE,Combined TRACON& Tower with Radar,10,28,46,0,84,0,10,159,0,169,10,38,205,0,253,174,0,174,427
09/28/2011,BFL,CA,AWP,WE,Combined TRACON& Tower with Radar,10,29,79,2,120,0,12,110,0,122,10,41,189,2,242,142,0,142,384
09/29/2011,BFL,CA,AWP,WE,Combined TRACON& Tower with Radar,9,24,59,0,92,0,3,105,2,110,9,27,164,2,202,113,0,113,315
09/30/2011,BFL,CA,AWP,WE,Combined TRACON& Tower with Radar,10,24,70,0,104,0,8,124,2,134,10,32,194,2,238,245,0,245,483
10/01/2011,BFL,CA,AWP,WE,Combined TRACON& Tower with Radar,5,16,20,0,41,0,2,27,0,29,5,18,47,0,70,10,0,10,80
10/02/2011,BFL,CA,AWP,WE,Combined TRACON& Tower with Radar,4,15,36,0,55,0,2,51,2,55,4,17,87,2,110,12,0,12,122
10/03/2011,BFL,CA,AWP,WE,Combined TRACON& Tower with Radar,10,16,49,0,75,2,4,140,0,146,12,20,189,0,221,194,0,194,415
10/04/2011,BFL,CA,AWP,WE,Combined TRACON& Tower with Radar,7,34,65,6,112,0,6,89,1,96,7,40,154,7,208,146,0,146,354
10/05/2011,BFL,CA,AWP,WE,Combined TRACON& Tower with Radar,11,23,74,0,108,0,2,21,0,23,11,25,95,0,131,26,0,26,157
10/06/2011,BFL,CA,AWP,WE,Combined TRACON& Tower with Radar,7,28,61,2,98,0,6,120,0,126,7,34,181,2,224,160,0,160,384
10/07/2011,BFL,CA,AWP,WE,Combined TRACON& Tower with Radar,8,34,92,6,140,0,5,139,1,145,8,39,231,7,285,204,0,204,489
10/08/2011,BFL,CA,AWP,WE,Combined TRACON& Tower with Radar,4,15,24,0,43,0,5,46,1,52,4,20,70,1,95,28,0,28,123
10/09/2011,BFL,CA,AWP,WE,Combined TRACON& Tower with Radar,7,13,26,0,46,0,12,40,0,52,7,25,66,0,98,0,0,0,98
10/10/2011,BFL,CA,AWP,WE,Combined TRACON& Tower with Radar,8,18,39,0,65,0,9,58,0,67,8,27,97,0,132,12,0,12,144
10/11/2011,BFL,CA,AWP,WE,Combined TRACON& Tower with Radar,9,20,86,0,115,0,5,153,0,158,9,25,239,0,273,317,0,317,590
10/12/2011,BFL,CA,AWP,WE,Combined TRACON& Tower with Radar,10,32,92,3,137,0,1,127,0,128,10,33,219,3,265,212,0,212,477
10/13/2011,BFL,CA,AWP,WE,Combined TRACON& Tower with Radar,10,25,86,2,123,0,3,142,0,145,10,28,228,2,268,202,0,202,470
10/14/2011,BFL,CA,AWP,WE,Combined TRACON& Tower with Radar,10,21,77,4,112,0,7,119,0,126,10,28,196,4,238,184,0,184,422
10/15/2011,BFL,CA,AWP,WE,Combined TRACON& Tower with Radar,5,16,21,0,42,0,3,45,0,48,5,19,66,0,90,18,0,18,108
10/16/2011,BFL,CA,AWP,WE,Combined TRACON& Tower with Radar,7,13,20,0,40,0,2,42,0,44,7,15,62,0,84,4,0,4,88
10/17/2011,BFL,CA,AWP,WE,Combined TRACON& Tower with Radar,10,22,63,0,95,0,6,156,0,162,10,28,219,0,257,280,0,280,537
10/18/2011,BFL,CA,AWP,WE,Combined TRACON& Tower with Radar,10,25,75,0,110,0,13,108,1,122,10,38,183,1,232,245,0,245,477
10/19/2011,BFL,CA,AWP,WE,Combined TRACON& Tower with Radar,10,25,62,1,98,0,1,77,2,80,10,26,139,3,178,168,0,168,346
10/20/2011,BFL,CA,AWP,WE,Combined TRACON& Tower with Radar,11,21,75,0,107,0,12,123,0,135,11,33,198,0,242,188,0,188,430
10/21/2011,BFL,CA,AWP,WE,Combined TRACON& Tower with Radar,10,23,71,6,110,0,8,140,1,149,10,31,211,7,259,304,0,304,563
10/22/2011,BFL,CA,AWP,WE,Combined TRACON& Tower with Radar,5,18,31,0,54,0,8,39,0,47,5,26,70,0,101,18,0,18,119
10/23/2011,BFL,CA,AWP,WE,Combined TRACON& Tower with Radar,6,14,29,0,49,1,12,42,0,55,7,26,71,0,104,8,0,8,112
10/24/2011,BFL,CA,AWP,WE,Combined TRACON& Tower with Radar,8,25,69,0,102,0,2,136,0,138,8,27,205,0,240,172,0,172,412
10/25/2011,BFL,CA,AWP,WE,Combined TRACON& Tower with Radar,10,24,79,3,116,0,2,121,0,123,10,26,200,3,239,240,22,262,501
10/26/2011,BFL,CA,AWP,WE,Combined TRACON& Tower with Radar,11,26,61,0,98,0,11,130,0,141,11,37,191,0,239,156,0,156,395
10/27/2011,BFL,CA,AWP,WE,Combined TRACON& Tower with Radar,10,28,76,0,114,0,8,128,0,136,10,36,204,0,250,192,0,192,442
10/28/2011,BFL,CA,AWP,WE,Combined TRACON& Tower with Radar,10,29,64,2,105,0,11,152,0,163,10,40,216,2,268,192,0,192,460
10/29/2011,BFL,CA,AWP,WE,Combined TRACON& Tower with Radar,5,15,39,2,61,0,15,49,6,70,5,30,88,8,131,16,0,16,147
10/30/2011,BFL,CA,AWP,WE,Combined TRACON& Tower with Radar,7,13,27,0,47,0,1,49,2,52,7,14,76,2,99,2,0,2,101
10/31/2011,BFL,CA,AWP,WE,Combined TRACON& Tower with Radar,10,21,57,0,88,0,14,167,8,189,10,35,224,8,277,398,2,400,677
11/01/2011,BFL,CA,AWP,WE,Combined TRACON& Tower with Radar,10,23,78,1,112,0,5,105,1,111,10,28,183,2,223,288,0,288,511
11/02/2011,BFL,CA,AWP,WE,Combined TRACON& Tower with Radar,10,27,50,2,89,0,11,70,0,81,10,38,120,2,170,72,0,72,242
11/03/2011,BFL,CA,AWP,WE,Combined TRACON& Tower with Radar,8,25,53,3,89,0,11,105,3,119,8,36,158,6,208,248,0,248,456
11/04/2011,BFL,CA,AWP,WE,Combined TRACON& Tower with Radar,10,26,38,0,74,0,2,51,0,53,10,28,89,0,127,78,0,78,205
11/05/2011,BFL,CA,AWP,WE,Combined TRACON& Tower with Radar,5,20,31,0,56,0,8,36,0,44,5,28,67,0,100,4,0,4,104
11/06/2011,BFL,CA,AWP,WE,Combined TRACON& Tower with Radar,9,16,32,0,57,0,4,37,1,42,9,20,69,1,99,6,0,6,105
11/07/2011,BFL,CA,AWP,WE,Combined TRACON& Tower with Radar,10,22,68,0,100,0,3,115,0,118,10,25,183,0,218,214,0,214,432
11/08/2011,BFL,CA,AWP,WE,Combined TRACON& Tower with Radar,9,32,54,7,102,0,7,185,1,193,9,39,239,8,295,418,2,420,715
11/09/2011,BFL,CA,AWP,WE,Combined TRACON& Tower with Radar,12,25,79,7,123,0,1,127,0,128,12,26,206,7,251,188,0,188,439
11/10/2011,BFL,CA,AWP,WE,Combined TRACON& Tower with Radar,11,28,58,5,102,0,1,82,1,84,11,29,140,6,186,118,0,118,304
11/11/2011,BFL,CA,AWP,WE,Combined TRACON& Tower with Radar,8,24,23,0,55,0,3,68,0,71,8,27,91,0,126,78,0,78,204
11/12/2011,BFL,CA,AWP,WE,Combined TRACON& Tower with Radar,4,18,31,0,53,0,8,23,0,31,4,26,54,0,84,2,0,2,86
11/13/2011,BFL,CA,AWP,WE,Combined TRACON& Tower with Radar,6,13,20,0,39,2,2,18,0,22,8,15,38,0,61,2,0,2,63
11/14/2011,BFL,CA,AWP,WE,Combined TRACON& Tower with Radar,10,21,64,1,96,0,8,129,6,143,10,29,193,7,239,244,0,244,483
11/15/2011,BFL,CA,AWP,WE,Combined TRACON& Tower with Radar,10,26,82,0,118,0,14,134,0,148,10,40,216,0,266,293,0,293,559
11/16/2011,BFL,CA,AWP,WE,Combined TRACON& Tower with Radar,10,27,74,0,111,0,4,143,0,147,10,31,217,0,258,194,0,194,452
11/17/2011,BFL,CA,AWP,WE,Combined TRACON& Tower with Radar,10,33,96,4,143,0,3,129,2,134,10,36,225,6,277,178,0,178,455
11/18/2011,BFL,CA,AWP,WE,Combined TRACON& Tower with Radar,10,27,56,0,93,0,2,25,0,27,10,29,81,0,120,42,0,42,162
11/19/2011,BFL,CA,AWP,WE,Combined TRACON& Tower with Radar,4,19,18,0,41,0,1,14,1,16,4,20,32,1,57,0,0,0,57
11/20/2011,BFL,CA,AWP,WE,Combined TRACON& Tower with Radar,7,15,29,0,51,0,9,36,0,45,7,24,65,0,96,0,0,0,96
11/21/2011,BFL,CA,AWP,WE,Combined TRACON& Tower with Radar,6,21,47,1,75,0,2,159,2,163,6,23,206,3,238,274,0,274,512
11/22/2011,BFL,CA,AWP,WE,Combined TRACON& Tower with Radar,8,21,70,0,99,0,1,83,1,85,8,22,153,1,184,126,0,126,310
11/23/2011,BFL,CA,AWP,WE,Combined TRACON& Tower with Radar,10,26,78,0,114,0,5,102,0,107,10,31,180,0,221,189,0,189,410
11/24/2011,BFL,CA,AWP,WE,Combined TRACON& Tower with Radar,5,12,9,0,26,0,0,22,0,22,5,12,31,0,48,8,0,8,56
11/25/2011,BFL,CA,AWP,WE,Combined TRACON& Tower with Radar,6,22,28,0,56,0,5,12,0,17,6,27,40,0,73,0,0,0,73
11/26/2011,BFL,CA,AWP,WE,Combined TRACON& Tower with Radar,5,23,21,0,49,0,6,61,1,68,5,29,82,1,117,0,0,0,117
11/27/2011,BFL,CA,AWP,WE,Combined TRACON& Tower with Radar,8,13,26,0,47,0,0,23,0,23,8,13,49,0,70,0,0,0,70
11/28/2011,BFL,CA,AWP,WE,Combined TRACON& Tower with Radar,9,19,77,0,105,0,0,2,0,2,9,19,79,0,107,0,0,0,107
11/29/2011,BFL,CA,AWP,WE,Combined TRACON& Tower with Radar,11,17,90,0,118,0,2,0,0,2,11,19,90,0,120,0,0,0,120
11/30/2011,BFL,CA,AWP,WE,Combined TRACON& Tower with Radar,12,25,127,2,166,0,1,13,0,14,12,26,140,2,180,42,0,42,222
12/01/2011,BFL,CA,AWP,WE,Combined TRACON& Tower with Radar,7,32,52,0,91,0,0,88,0,88,7,32,140,0,179,164,0,164,343
12/02/2011,BFL,CA,AWP,WE,Combined TRACON& Tower with Radar,5,19,50,1,75,0,2,100,0,102,5,21,150,1,177,164,0,164,341
12/03/2011,BFL,CA,AWP,WE,Combined TRACON& Tower with Radar,5,21,18,3,47,0,9,50,4,63,5,30,68,7,110,12,4,16,126
12/04/2011,BFL,CA,AWP,WE,Combined TRACON& Tower with Radar,7,14,28,1,50,0,6,62,0,68,7,20,90,1,118,4,0,4,122
12/05/2011,BFL,CA,AWP,WE,Combined TRACON& Tower with Radar,9,19,48,1,77,0,0,119,0,119,9,19,167,1,196,242,0,242,438
12/06/2011,BFL,CA,AWP,WE,Combined TRACON& Tower with Radar,10,26,57,2,95,0,2,149,2,153,10,28,206,4,248,254,0,254,502
12/07/2011,BFL,CA,AWP,WE,Combined TRACON& Tower with Radar,10,20,49,1,80,0,4,88,0,92,10,24,137,1,172,108,0,108,280
12/08/2011,BFL,CA,AWP,WE,Combined TRACON& Tower with Radar,10,29,64,0,103,0,5,127,0,132,10,34,191,0,235,144,0,144,379
12/09/2011,BFL,CA,AWP,WE,Combined TRACON& Tower with Radar,8,23,70,2,103,0,4,113,0,117,8,27,183,2,220,147,0,147,367
12/10/2011,BFL,CA,AWP,WE,Combined TRACON& Tower with Radar,5,17,27,0,49,0,2,46,0,48,5,19,73,0,97,24,0,24,121
12/11/2011,BFL,CA,AWP,WE,Combined TRACON& Tower with Radar,7,15,22,0,44,0,11,27,0,38,7,26,49,0,82,2,0,2,84
12/12/2011,BFL,CA,AWP,WE,Combined TRACON& Tower with Radar,10,17,54,4,85,0,4,113,0,117,10,21,167,4,202,162,8,170,372
12/13/2011,BFL,CA,AWP,WE,Combined TRACON& Tower with Radar,8,27,64,2,101,0,2,36,1,39,8,29,100,3,140,92,4,96,236
12/14/2011,BFL,CA,AWP,WE,Combined TRACON& Tower with Radar,10,25,53,2,90,0,2,80,6,88,10,27,133,8,178,76,0,76,254
12/15/2011,BFL,CA,AWP,WE,Combined TRACON& Tower with Radar,10,28,60,7,105,0,1,87,1,89,10,29,147,8,194,122,0,122,316
12/16/2011,BFL,CA,AWP,WE,Combined TRACON& Tower with Radar,9,27,59,1,96,0,5,60,0,65,9,32,119,1,161,86,0,86,247
12/17/2011,BFL,CA,AWP,WE,Combined TRACON& Tower with Radar,8,19,22,0,49,0,0,21,0,21,8,19,43,0,70,0,0,0,70
12/18/2011,BFL,CA,AWP,WE,Combined TRACON& Tower with Radar,7,12,19,2,40,0,3,22,0,25,7,15,41,2,65,0,18,18,83
12/19/2011,BFL,CA,AWP,WE,Combined TRACON& Tower with Radar,10,17,56,0,83,0,0,25,0,25,10,17,81,0,108,0,0,0,108
12/20/2011,BFL,CA,AWP,WE,Combined TRACON& Tower with Radar,10,32,77,3,122,0,4,99,2,105,10,36,176,5,227,108,0,108,335
12/21/2011,BFL,CA,AWP,WE,Combined TRACON& Tower with Radar,9,28,56,5,98,0,4,92,0,96,9,32,148,5,194,99,0,99,293
12/22/2011,BFL,CA,AWP,WE,Combined TRACON& Tower with Radar,10,29,67,0,106,0,4,82,0,86,10,33,149,0,192,140,0,140,332
12/23/2011,BFL,CA,AWP,WE,Combined TRACON& Tower with Radar,10,23,65,2,100,0,3,135,0,138,10,26,200,2,238,208,0,208,446
12/24/2011,BFL,CA,AWP,WE,Combined TRACON& Tower with Radar,7,20,11,0,38,0,4,24,0,28,7,24,35,0,66,10,0,10,76
12/25/2011,BFL,CA,AWP,WE,Combined TRACON& Tower with Radar,7,12,2,0,21,0,6,8,0,14,7,18,10,0,35,0,0,0,35
12/26/2011,BFL,CA,AWP,WE,Combined TRACON& Tower with Radar,8,15,21,0,44,0,1,51,0,52,8,16,72,0,96,22,0,22,118
12/27/2011,BFL,CA,AWP,WE,Combined TRACON& Tower with Radar,9,18,48,5,80,0,7,71,0,78,9,25,119,5,158,216,0,216,374
12/28/2011,BFL,CA,AWP,WE,Combined TRACON& Tower with Radar,10,25,84,6,125,0,1,65,0,66,10,26,149,6,191,116,8,124,315
12/29/2011,BFL,CA,AWP,WE,Combined TRACON& Tower with Radar,9,22,66,3,100,0,1,83,0,84,9,23,149,3,184,144,0,144,328
12/30/2011,BFL,CA,AWP,WE,Combined TRACON& Tower with Radar,9,28,68,0,105,0,12,92,0,104,9,40,160,0,209,218,0,218,427
12/31/2011,BFL,CA,AWP,WE,Combined TRACON& Tower with Radar,7,22,10,1,40,0,5,34,0,39,7,27,44,1,79,4,0,4,83
01/01/2012,BFL,CA,AWP,WE,Combined TRACON& Tower with Radar,6,15,13,2,36,0,0,16,0,16,6,15,29,2,52,0,0,0,52
01/02/2012,BFL,CA,AWP,WE,Combined TRACON& Tower with Radar,8,17,32,1,58,0,2,43,1,46,8,19,75,2,104,0,0,0,104
01/03/2012,BFL,CA,AWP,WE,Combined TRACON& Tower with Radar,10,23,58,1,92,0,7,118,0,125,10,30,176,1,217,230,0,230,447
01/04/2012,BFL,CA,AWP,WE,Combined TRACON& Tower with Radar,10,27,62,0,99,0,6,110,0,116,10,33,172,0,215,196,0,196,411
01/05/2012,BFL,CA,AWP,WE,Combined TRACON& Tower with Radar,9,28,72,0,109,0,3,108,0,111,9,31,180,0,220,144,0,144,364
01/06/2012,BFL,CA,AWP,WE,Combined TRACON& Tower with Radar,9,26,57,3,95,0,8,116,2,126,9,34,173,5,221,158,0,158,379
01/07/2012,BFL,CA,AWP,WE,Combined TRACON& Tower with Radar,5,37,48,0,90,0,3,34,0,37,5,40,82,0,127,14,0,14,141
01/08/2012,BFL,CA,AWP,WE,Combined TRACON& Tower with Radar,7,13,13,2,35,0,2,34,0,36,7,15,47,2,71,18,0,18,89
01/09/2012,BFL,CA,AWP,WE,Combined TRACON& Tower with Radar,10,16,51,0,77,0,6,116,0,122,10,22,167,0,199,184,0,184,383
01/10/2012,BFL,CA,AWP,WE,Combined TRACON& Tower with Radar,10,29,52,0,91,0,3,115,1,119,10,32,167,1,210,289,16,305,515
01/11/2012,BFL,CA,AWP,WE,Combined TRACON& Tower with Radar,10,24,69,0,103,0,7,104,0,111,10,31,173,0,214,190,0,190,404
01/12/2012,BFL,CA,AWP,WE,Combined TRACON& Tower with Radar,12,23,71,4,110,0,5,81,1,87,12,28,152,5,197,112,0,112,309
01/13/2012,BFL,CA,AWP,WE,Combined TRACON& Tower with Radar,10,22,72,1,105,0,3,79,2,84,10,25,151,3,189,156,4,160,349
01/14/2012,BFL,CA,AWP,WE,Combined TRACON& Tower with Radar,5,18,13,4,40,0,4,50,0,54,5,22,63,4,94,24,6,30,124
01/15/2012,BFL,CA,AWP,WE,Combined TRACON& Tower with Radar,9,15,18,2,44,0,4,57,1,62,9,19,75,3,106,32,14,46,152
01/16/2012,BFL,CA,AWP,WE,Combined TRACON& Tower with Radar,7,19,56,0,82,0,3,154,0,157,7,22,210,0,239,234,0,234,473
01/17/2012,BFL,CA,AWP,WE,Combined TRACON& Tower with Radar,9,25,72,4,110,0,8,146,1,155,9,33,218,5,265,284,0,284,549
01/18/2012,BFL,CA,AWP,WE,Combined TRACON& Tower with Radar,7,25,68,3,103,0,9,150,0,159,7,34,218,3,262,188,0,188,450
01/19/2012,BFL,CA,AWP,WE,Combined TRACON& Tower with Radar,9,24,62,0,95,0,5,102,0,107,9,29,164,0,202,136,0,136,338
01/20/2012,BFL,CA,AWP,WE,Combined TRACON& Tower with Radar,8,23,43,2,76,0,7,85,0,92,8,30,128,2,168,172,0,172,340
01/21/2012,BFL,CA,AWP,WE,Combined TRACON& Tower with Radar,5,24,7,0,36,0,4,10,1,15,5,28,17,1,51,0,0,0,51
01/22/2012,BFL,CA,AWP,WE,Combined TRACON& Tower with Radar,6,11,27,0,44,0,6,30,0,36,6,17,57,0,80,16,0,16,96
01/23/2012,BFL,CA,AWP,WE,Combined TRACON& Tower with Radar,10,15,36,2,63,1,2,47,0,50,11,17,83,2,113,58,0,58,171
01/24/2012,BFL,CA,AWP,WE,Combined TRACON& Tower with Radar,10,33,85,0,128,0,0,59,0,59,10,33,144,0,187,100,0,100,287
01/25/2012,BFL,CA,AWP,WE,Combined TRACON& Tower with Radar,4,13,16,0,33,0,2,129,0,131,4,15,145,0,164,272,0,272,436
01/26/2012,BFL,CA,AWP,WE,Combined TRACON& Tower with Radar,7,23,52,2,84,0,0,87,0,87,7,23,139,2,171,158,0,158,329
01/27/2012,BFL,CA,AWP,WE,Combined TRACON& Tower with Radar,9,26,137,0,172,0,3,3,0,6,9,29,140,0,178,10,0,10,188
01/28/2012,BFL,CA,AWP,WE,Combined TRACON& Tower with Radar,5,16,23,0,44,0,5,15,0,20,5,21,38,0,64,6,0,6,70
01/29/2012,BFL,CA,AWP,WE,Combined TRACON& Tower with Radar,6,13,31,0,50,0,0,26,0,26,6,13,57,0,76,0,0,0,76
01/30/2012,BFL,CA,AWP,WE,Combined TRACON& Tower with Radar,12,20,35,1,68,0,3,115,0,118,12,23,150,1,186,122,0,122,308
01/31/2012,BFL,CA,AWP,WE,Combined TRACON& Tower with Radar,10,23,70,3,106,0,1,99,0,100,10,24,169,3,206,48,0,48,254
02/01/2012,BFL,CA,AWP,WE,Combined TRACON& Tower with Radar,10,30,80,2,122,0,2,70,0,72,10,32,150,2,194,106,0,106,300
02/02/2012,BFL,CA,AWP,WE,Combined TRACON& Tower with Radar,10,26,80,2,118,0,2,88,1,91,10,28,168,3,209,70,0,70,279
02/03/2012,BFL,CA,AWP,WE,Combined TRACON& Tower with Radar,10,26,85,4,125,0,6,141,0,147,10,32,226,4,272,160,0,160,432
02/04/2012,BFL,CA,AWP,WE,Combined TRACON& Tower with Radar,6,16,26,0,48,0,14,44,0,58,6,30,70,0,106,8,0,8,114
02/05/2012,BFL,CA,AWP,WE,Combined TRACON& Tower with Radar,7,17,24,0,48,0,10,62,0,72,7,27,86,0,120,30,0,30,150
02/06/2012,BFL,CA,AWP,WE,Combined TRACON& Tower with Radar,9,18,60,4,91,0,2,102,4,108,9,20,162,8,199,110,0,110,309
02/07/2012,BFL,CA,AWP,WE,Combined TRACON& Tower with Radar,10,44,52,1,107,0,0,29,0,29,10,44,81,1,136,62,0,62,198
02/08/2012,BFL,CA,AWP,WE,Combined TRACON& Tower with Radar,10,37,73,6,126,0,0,96,0,96,10,37,169,6,222,100,0,100,322
02/09/2012,BFL,CA,AWP,WE,Combined TRACON& Tower with Radar,8,26,77,0,111,0,2,125,0,127,8,28,202,0,238,129,0,129,367
02/10/2012,BFL,CA,AWP,WE,Combined TRACON& Tower with Radar,8,31,93,0,132,0,7,158,0,165,8,38,251,0,297,218,0,218,515
02/11/2012,BFL,CA,AWP,WE,Combined TRACON& Tower with Radar,7,14,18,4,43,0,5,18,0,23,7,19,36,4,66,2,0,2,68
02/12/2012,BFL,CA,AWP,WE,Combined TRACON& Tower with Radar,6,24,28,6,64,0,4,31,2,37,6,28,59,8,101,16,0,16,117
02/13/2012,BFL,CA,AWP,WE,Combined TRACON& Tower with Radar,9,17,75,2,103,0,3,52,0,55,9,20,127,2,158,112,0,112,270
02/14/2012,BFL,CA,AWP,WE,Combined TRACON& Tower with Radar,10,25,77,3,115,0,2,49,0,51,10,27,126,3,166,96,0,96,262
02/15/2012,BFL,CA,AWP,WE,Combined TRACON& Tower with Radar,10,21,30,0,61,0,1,48,1,50,10,22,78,1,111,96,0,96,207
02/16/2012,BFL,CA,AWP,WE,Combined TRACON& Tower with Radar,10,26,92,1,129,0,6,163,1,170,10,32,255,2,299,226,0,226,525
02/17/2012,BFL,CA,AWP,WE,Combined TRACON& Tower with Radar,9,28,56,1,94,0,10,123,0,133,9,38,179,1,227,150,0,150,377
02/18/2012,BFL,CA,AWP,WE,Combined TRACON& Tower with Radar,4,21,19,2,46,0,5,42,0,47,4,26,61,2,93,14,0,14,107
02/19/2012,BFL,CA,AWP,WE,Combined TRACON& Tower with Radar,5,13,24,4,46,0,2,46,0,48,5,15,70,4,94,56,0,56,150
02/20/2012,BFL,CA,AWP,WE,Combined TRACON& Tower with Radar,7,18,24,0,49,0,2,65,0,67,7,20,89,0,116,30,0,30,146
02/21/2012,BFL,CA,AWP,WE,Combined TRACON& Tower with Radar,10,23,57,1,91,0,7,120,1,128,10,30,177,2,219,148,0,148,367
02/22/2012,BFL,CA,AWP,WE,Combined TRACON& Tower with Radar,9,24,79,9,121,0,0,95,1,96,9,24,174,10,217,196,0,196,413
02/23/2012,BFL,CA,AWP,WE,Combined TRACON& Tower with Radar,8,27,68,3,106,0,12,131,0,143,8,39,199,3,249,162,28,190,439
02/24/2012,BFL,CA,AWP,WE,Combined TRACON& Tower with Radar,10,24,86,6,126,0,7,99,1,107,10,31,185,7,233,192,12,204,437
02/25/2012,BFL,CA,AWP,WE,Combined TRACON& Tower with Radar,7,15,20,2,44,0,5,60,1,66,7,20,80,3,110,38,0,38,148
02/26/2012,BFL,CA,AWP,WE,Combined TRACON& Tower with Radar,6,13,21,0,40,0,3,45,0,48,6,16,66,0,88,0,0,0,88
02/27/2012,BFL,CA,AWP,WE,Combined TRACON& Tower with Radar,10,19,53,2,84,0,2,66,0,68,10,21,119,2,152,132,0,132,284
02/28/2012,BFL,CA,AWP,WE,Combined TRACON& Tower with Radar,12,25,59,8,104,0,7,117,0,124,12,32,176,8,228,182,0,182,410
02/29/2012,BFL,CA,AWP,WE,Combined TRACON& Tower with Radar,7,29,61,0,97,0,0,114,0,114,7,29,175,0,211,200,0,200,411
03/01/2012,BFL,CA,AWP,WE,Combined TRACON& Tower with Radar,9,22,38,0,69,0,8,90,0,98,9,30,128,0,167,118,0,118,285
03/02/2012,BFL,CA,AWP,WE,Combined TRACON& Tower with Radar,9,23,46,0,78,0,5,97,0,102,9,28,143,0,180,238,0,238,418
03/03/2012,BFL,CA,AWP,WE,Combined TRACON& Tower with Radar,6,12,24,2,44,0,9,66,0,75,6,21,90,2,119,20,0,20,139
03/04/2012,BFL,CA,AWP,WE,Combined TRACON& Tower with Radar,3,16,23,0,42,0,1,56,0,57,3,17,79,0,99,24,0,24,123
03/05/2012,BFL,CA,AWP,WE,Combined TRACON& Tower with Radar,6,24,59,3,92,0,1,121,1,123,6,25,180,4,215,222,8,230,445
03/06/2012,BFL,CA,AWP,WE,Combined TRACON& Tower with Radar,6,28,58,1,93,0,1,71,0,72,6,29,129,1,165,84,0,84,249
03/07/2012,BFL,CA,AWP,WE,Combined TRACON& Tower with Radar,5,36,49,2,92,0,9,151,1,161,5,45,200,3,253,356,0,356,609
03/08/2012,BFL,CA,AWP,WE,Combined TRACON& Tower with Radar,5,29,64,0,98,0,5,142,0,147,5,34,206,0,245,230,0,230,475
03/09/2012,BFL,CA,AWP,WE,Combined TRACON& Tower with Radar,5,27,69,6,107,0,4,127,0,131,5,31,196,6,238,224,4,228,466
03/10/2012,BFL,CA,AWP,WE,Combined TRACON& Tower with Radar,3,15,12,0,30,0,3,46,0,49,3,18,58,0,79,2,0,2,81
03/11/2012,BFL,CA,AWP,WE,Combined TRACON& Tower with Radar,2,16,23,0,41,0,22,40,0,62,2,38,63,0,103,6,0,6,109
03/12/2012,BFL,CA,AWP,WE,Combined TRACON& Tower with Radar,6,24,44,0,74,0,10,123,1,134,6,34,167,1,208,162,0,162,370
03/13/2012,BFL,CA,AWP,WE,Combined TRACON& Tower with Radar,6,24,61,0,91,0,8,110,3,121,6,32,171,3,212,188,0,188,400
03/14/2012,BFL,CA,AWP,WE,Combined TRACON& Tower with Radar,5,29,66,2,102,0,7,98,0,105,5,36,164,2,207,211,0,211,418
03/15/2012,BFL,CA,AWP,WE,Combined TRACON& Tower with Radar,6,27,73,0,106,0,4,127,0,131,6,31,200,0,237,180,0,180,417
03/16/2012,BFL,CA,AWP,WE,Combined TRACON& Tower with Radar,5,26,40,6,77,0,2,62,0,64,5,28,102,6,141,150,4,154,295
03/17/2012,BFL,CA,AWP,WE,Combined TRACON& Tower with Radar,3,17,8,0,28,0,3,14,0,17,3,20,22,0,45,0,0,0,45
03/18/2012,BFL,CA,AWP,WE,Combined TRACON& Tower with Radar,3,16,10,2,31,0,0,13,0,13,3,16,23,2,44,2,0,2,46
03/19/2012,BFL,CA,AWP,WE,Combined TRACON& Tower with Radar,5,21,44,2,72,0,8,123,1,132,5,29,167,3,204,204,0,204,408
03/20/2012,BFL,CA,AWP,WE,Combined TRACON& Tower with Radar,6,29,57,0,92,0,9,121,0,130,6,38,178,0,222,152,0,152,374
03/21/2012,BFL,CA,AWP,WE,Combined TRACON& Tower with Radar,7,27,80,6,120,0,7,170,1,178,7,34,250,7,298,132,0,132,430
03/22/2012,BFL,CA,AWP,WE,Combined TRACON& Tower with Radar,5,28,70,3,106,0,6,129,0,135,5,34,199,3,241,129,0,129,370
03/23/2012,BFL,CA,AWP,WE,Combined TRACON& Tower with Radar,5,28,80,0,113,0,4,113,0,117,5,32,193,0,230,108,0,108,338
03/24/2012,BFL,CA,AWP,WE,Combined TRACON& Tower with Radar,3,19,15,1,38,0,11,28,1,40,3,30,43,2,78,28,0,28,106
03/25/2012,BFL,CA,AWP,WE,Combined TRACON& Tower with Radar,3,19,20,0,42,0,0,7,0,7,3,19,27,0,49,0,0,0,49
03/26/2012,BFL,CA,AWP,WE,Combined TRACON& Tower with Radar,6,22,59,4,91,0,23,135,0,158,6,45,194,4,249,116,12,128,377
03/27/2012,BFL,CA,AWP,WE,Combined TRACON& Tower with Radar,6,25,68,4,103,0,16,140,0,156,6,41,208,4,259,196,14,210,469
03/28/2012,BFL,CA,AWP,WE,Combined TRACON& Tower with Radar,6,30,74,0,110,0,1,106,0,107,6,31,180,0,217,158,0,158,375
03/29/2012,BFL,CA,AWP,WE,Combined TRACON& Tower with Radar,8,32,74,2,116,0,2,138,0,140,8,34,212,2,256,168,0,168,424
03/30/2012,BFL,CA,AWP,WE,Combined TRACON& Tower with Radar,5,25,57,0,87,0,0,124,0,124,5,25,181,0,211,146,0,146,357
03/31/2012,BFL,CA,AWP,WE,Combined TRACON& Tower with Radar,5,15,23,0,43,0,0,27,0,27,5,15,50,0,70,32,0,32,102
04/01/2012,BFL,CA,AWP,WE,Combined TRACON& Tower with Radar,3,17,22,0,42,0,0,13,0,13,3,17,35,0,55,0,0,0,55
04/02/2012,BFL,CA,AWP,WE,Combined TRACON& Tower with Radar,6,20,69,0,95,0,3,112,4,119,6,23,181,4,214,152,0,152,366
04/03/2012,BFL,CA,AWP,WE,Combined TRACON& Tower with Radar,6,34,47,2,89,0,1,149,0,150,6,35,196,2,239,330,0,330,569
04/04/2012,BFL,CA,AWP,WE,Combined TRACON& Tower with Radar,6,29,59,0,94,0,2,79,0,81,6,31,138,0,175,128,0,128,303
04/05/2012,BFL,CA,AWP,WE,Combined TRACON& Tower with Radar,5,31,60,0,96,0,3,116,0,119,5,34,176,0,215,240,0,240,455
04/06/2012,BFL,CA,AWP,WE,Combined TRACON& Tower with Radar,6,27,57,0,90,0,3,99,0,102,6,30,156,0,192,164,0,164,356
04/07/2012,BFL,CA,AWP,WE,Combined TRACON& Tower with Radar,2,17,17,0,36,0,3,50,0,53,2,20,67,0,89,24,0,24,113
04/08/2012,BFL,CA,AWP,WE,Combined TRACON& Tower with Radar,2,16,12,0,30,0,0,24,0,24,2,16,36,0,54,6,0,6,60
04/09/2012,BFL,CA,AWP,WE,Combined TRACON& Tower with Radar,5,20,57,0,82,0,6,165,0,171,5,26,222,0,253,216,0,216,469
04/10/2012,BFL,CA,AWP,WE,Combined TRACON& Tower with Radar,6,25,52,0,83,0,5,146,0,151,6,30,198,0,234,198,0,198,432
04/11/2012,BFL,CA,AWP,WE,Combined TRACON& Tower with Radar,5,26,64,0,95,0,4,27,0,31,5,30,91,0,126,82,0,82,208
04/12/2012,BFL,CA,AWP,WE,Combined TRACON& Tower with Radar,5,38,67,0,110,0,2,89,0,91,5,40,156,0,201,199,0,199,400
04/13/2012,BFL,CA,AWP,WE,Combined TRACON& Tower with Radar,6,25,18,5,54,0,1,3,0,4,6,26,21,5,58,0,0,0,58
04/14/2012,BFL,CA,AWP,WE,Combined TRACON& Tower with Radar,2,20,20,1,43,0,4,28,0,32,2,24,48,1,75,16,0,16,91
04/15/2012,BFL,CA,AWP,WE,Combined TRACON& Tower with Radar,1,21,36,0,58,0,2,66,1,69,1,23,102,1,127,10,0,10,137
04/16/2012,BFL,CA,AWP,WE,Combined TRACON& Tower with Radar,5,21,66,0,92,0,11,116,0,127,5,32,182,0,219,188,0,188,407
04/17/2012,BFL,CA,AWP,WE,Combined TRACON& Tower with Radar,6,31,63,1,101,0,10,170,0,180,6,41,233,1,281,196,2,198,479
04/18/2012,BFL,CA,AWP,WE,Combined TRACON& Tower with Radar,6,27,89,7,129,0,1,106,1,108,6,28,195,8,237,210,0,210,447
04/19/2012,BFL,CA,AWP,WE,Combined TRACON& Tower with Radar,6,25,64,0,95,0,4,142,0,146,6,29,206,0,241,250,0,250,491
04/20/2012,BFL,CA,AWP,WE,Combined TRACON& Tower with Radar,6,31,78,0,115,0,9,142,2,153,6,40,220,2,268,213,0,213,481
04/21/2012,BFL,CA,AWP,WE,Combined TRACON& Tower with Radar,2,17,32,0,51,0,14,52,0,66,2,31,84,0,117,52,0,52,169
04/22/2012,BFL,CA,AWP,WE,Combined TRACON& Tower with Radar,2,20,30,0,52,0,7,56,0,63,2,27,86,0,115,20,0,20,135
04/23/2012,BFL,CA,AWP,WE,Combined TRACON& Tower with Radar,6,20,60,2,88,0,9,98,8,115,6,29,158,10,203,340,0,340,543
04/24/2012,BFL,CA,AWP,WE,Combined TRACON& Tower with Radar,6,26,60,6,98,0,5,98,1,104,6,31,158,7,202,245,0,245,447
04/25/2012,BFL,CA,AWP,WE,Combined TRACON& Tower with Radar,6,27,69,8,110,0,0,98,0,98,6,27,167,8,208,212,0,212,420
04/26/2012,BFL,CA,AWP,WE,Combined TRACON& Tower with Radar,5,29,65,1,100,0,1,51,1,53,5,30,116,2,153,94,0,94,247
04/27/2012,BFL,CA,AWP,WE,Combined TRACON& Tower with Radar,5,28,86,0,119,0,6,136,0,142,5,34,222,0,261,272,0,272,533
04/28/2012,BFL,CA,AWP,WE,Combined TRACON& Tower with Radar,2,18,30,0,50,0,9,43,0,52,2,27,73,0,102,34,0,34,136
04/29/2012,BFL,CA,AWP,WE,Combined TRACON& Tower with Radar,2,20,20,0,42,0,4,54,0,58,2,24,74,0,100,22,0,22,122
04/30/2012,BFL,CA,AWP,WE,Combined TRACON& Tower with Radar,5,24,71,2,102,0,6,127,2,135,5,30,198,4,237,188,0,188,425
05/01/2012,BFL,CA,AWP,WE,Combined TRACON& Tower with Radar,6,39,72,12,129,0,0,95,12,107,6,39,167,24,236,176,0,176,412
05/02/2012,BFL,CA,AWP,WE,Combined TRACON& Tower with Radar,6,27,74,4,111,0,3,97,6,106,6,30,171,10,217,164,14,178,395
05/03/2012,BFL,CA,AWP,WE,Combined TRACON& Tower with Radar,6,30,75,1,112,0,7,129,0,136,6,37,204,1,248,112,0,112,360
05/04/2012,BFL,CA,AWP,WE,Combined TRACON& Tower with Radar,5,28,83,2,118,0,16,56,1,73,5,44,139,3,191,118,0,118,309
05/05/2012,BFL,CA,AWP,WE,Combined TRACON& Tower with Radar,2,15,28,0,45,0,9,67,0,76,2,24,95,0,121,30,0,30,151
05/06/2012,BFL,CA,AWP,WE,Combined TRACON& Tower with Radar,1,22,50,0,73,0,8,63,0,71,1,30,113,0,144,14,0,14,158
05/07/2012,BFL,CA,AWP,WE,Combined TRACON& Tower with Radar,5,20,48,0,73,0,8,135,2,145,5,28,183,2,218,166,0,166,384
05/08/2012,BFL,CA,AWP,WE,Combined TRACON& Tower with Radar,6,26,57,1,90,0,9,114,8,131,6,35,171,9,221,159,0,159,380
05/09/2012,BFL,CA,AWP,WE,Combined TRACON& Tower with Radar,4,26,51,8,89,0,8,125,17,150,4,34,176,25,239,132,20,152,391
05/10/2012,BFL,CA,AWP,WE,Combined TRACON& Tower with Radar,3,28,53,2,86,0,8,124,0,132,3,36,177,2,218,154,0,154,372
05/11/2012,BFL,CA,AWP,WE,Combined TRACON& Tower with Radar,5,29,77,1,112,0,1,119,3,123,5,30,196,4,235,122,8,130,365
05/12/2012,BFL,CA,AWP,WE,Combined TRACON& Tower with Radar,2,21,20,0,43,0,4,43,0,47,2,25,63,0,90,0,0,0,90
05/13/2012,BFL,CA,AWP,WE,Combined TRACON& Tower with Radar,4,16,26,0,46,0,5,55,0,60,4,21,81,0,106,12,0,12,118
05/14/2012,BFL,CA,AWP,WE,Combined TRACON& Tower with Radar,6,20,59,0,85,0,3,116,2,121,6,23,175,2,206,233,0,233,439
05/15/2012,BFL,CA,AWP,WE,Combined TRACON& Tower with Radar,6,27,43,0,76,0,8,114,0,122,6,35,157,0,198,195,0,195,393
05/16/2012,BFL,CA,AWP,WE,Combined TRACON& Tower with Radar,6,26,58,1,91,0,1,120,0,121,6,27,178,1,212,160,0,160,372
05/17/2012,BFL,CA,AWP,WE,Combined TRACON& Tower with Radar,8,26,92,1,127,0,1,130,3,134,8,27,222,4,261,84,0,84,345
05/18/2012,BFL,CA,AWP,WE,Combined TRACON& Tower with Radar,6,27,60,0,93,0,4,113,0,117,6,31,173,0,210,80,0,80,290
05/19/2012,BFL,CA,AWP,WE,Combined TRACON& Tower with Radar,2,19,26,0,47,0,9,59,0,68,2,28,85,0,115,28,0,28,143
05/20/2012,BFL,CA,AWP,WE,Combined TRACON& Tower with Radar,2,19,21,0,42,0,4,40,0,44,2,23,61,0,86,36,0,36,122
05/21/2012,BFL,CA,AWP,WE,Combined TRACON& Tower with Radar,5,24,53,2,84,0,5,119,3,127,5,29,172,5,211,218,14,232,443
05/22/2012,BFL,CA,AWP,WE,Combined TRACON& Tower with Radar,6,36,49,0,91,0,4,60,0,64,6,40,109,0,155,80,0,80,235
05/23/2012,BFL,CA,AWP,WE,Combined TRACON& Tower with Radar,5,39,72,5,121,0,3,83,0,86,5,42,155,5,207,68,8,76,283
05/24/2012,BFL,CA,AWP,WE,Combined TRACON& Tower with Radar,8,28,62,4,102,0,3,92,5,100,8,31,154,9,202,64,8,72,274
05/25/2012,BFL,CA,AWP,WE,Combined TRACON& Tower with Radar,8,29,60,3,100,0,6,94,0,100,8,35,154,3,200,167,0,167,367
05/26/2012,BFL,CA,AWP,WE,Combined TRACON& Tower with Radar,1,19,9,0,29,0,5,19,0,24,1,24,28,0,53,0,0,0,53
05/27/2012,BFL,CA,AWP,WE,Combined TRACON& Tower with Radar,4,22,12,1,39,0,8,46,0,54,4,30,58,1,93,12,0,12,105
05/28/2012,BFL,CA,AWP,WE,Combined TRACON& Tower with Radar,4,14,24,2,44,0,7,55,0,62,4,21,79,2,106,17,0,17,123
05/29/2012,BFL,CA,AWP,WE,Combined TRACON& Tower with Radar,7,20,63,0,90,0,9,136,1,146,7,29,199,1,236,207,0,207,443
05/30/2012,BFL,CA,AWP,WE,Combined TRACON& Tower with Radar,7,31,77,2,117,0,4,103,0,107,7,35,180,2,224,130,0,130,354
05/31/2012,BFL,CA,AWP,WE,Combined TRACON& Tower with Radar,8,25,67,4,104,0,5,106,1,112,8,30,173,5,216,98,4,102,318
06/01/2012,BFL,CA,AWP,WE,Combined TRACON& Tower with Radar,7,27,72,2,108,0,1,95,0,96,7,28,167,2,204,100,10,110,314
06/02/2012,BFL,CA,AWP,WE,Combined TRACON& Tower with Radar,2,24,16,0,42,0,1,42,0,43,2,25,58,0,85,46,0,46,131
06/03/2012,BFL,CA,AWP,WE,Combined TRACON& Tower with Radar,4,12,31,0,47,0,12,45,0,57,4,24,76,0,104,8,0,8,112
06/04/2012,BFL,CA,AWP,WE,Combined TRACON& Tower with Radar,7,16,32,2,57,0,1,34,9,44,7,17,66,11,101,0,0,0,101
06/05/2012,BFL,CA,AWP,WE,Combined TRACON& Tower with Radar,8,25,55,10,98,0,2,94,4,100,8,27,149,14,198,198,20,218,416
06/06/2012,BFL,CA,AWP,WE,Combined TRACON& Tower with Radar,6,28,73,8,115,0,7,132,10,149,6,35,205,18,264,190,6,196,460
06/07/2012,BFL,CA,AWP,WE,Combined TRACON& Tower with Radar,8,28,74,1,111,0,3,176,0,179,8,31,250,1,290,162,0,162,452
06/08/2012,BFL,CA,AWP,WE,Combined TRACON& Tower with Radar,5,27,79,4,115,0,8,132,0,140,5,35,211,4,255,114,0,114,369
06/09/2012,BFL,CA,AWP,WE,Combined TRACON& Tower with Radar,2,20,13,1,36,0,8,37,1,46,2,28,50,2,82,14,0,14,96
06/10/2012,BFL,CA,AWP,WE,Combined TRACON& Tower with Radar,6,17,46,1,70,0,2,41,0,43,6,19,87,1,113,6,0,6,119
06/11/2012,BFL,CA,AWP,WE,Combined TRACON& Tower with Radar,7,24,69,2,102,0,8,132,0,140,7,32,201,2,242,162,0,162,404
06/12/2012,BFL,CA,AWP,WE,Combined TRACON& Tower with Radar,6,30,80,13,129,0,9,139,1,149,6,39,219,14,278,180,0,180,458
06/13/2012,BFL,CA,AWP,WE,Combined TRACON& Tower with Radar,7,35,56,11,109,0,2,93,1,96,7,37,149,12,205,72,6,78,283
06/14/2012,BFL,CA,AWP,WE,Combined TRACON& Tower with Radar,7,31,82,0,120,0,6,142,1,149,7,37,224,1,269,146,0,146,415
06/15/2012,BFL,CA,AWP,WE,Combined TRACON& Tower with Radar,8,28,69,2,107,0,2,108,0,110,8,30,177,2,217,108,0,108,325
06/16/2012,BFL,CA,AWP,WE,Combined TRACON& Tower with Radar,3,18,32,0,53,0,0,67,0,67,3,18,99,0,120,16,0,16,136
06/17/2012,BFL,CA,AWP,WE,Combined TRACON& Tower with Radar,5,14,41,0,60,0,2,38,0,40,5,16,79,0,100,12,0,12,112
06/18/2012,BFL,CA,AWP,WE,Combined TRACON& Tower with Radar,8,28,56,0,92,0,1,109,1,111,8,29,165,1,203,146,0,146,349
06/19/2012,BFL,CA,AWP,WE,Combined TRACON& Tower with Radar,8,30,72,0,110,0,2,117,4,123,8,32,189,4,233,218,0,218,451
06/20/2012,BFL,CA,AWP,WE,Combined TRACON& Tower with Radar,7,30,76,3,116,0,2,135,5,142,7,32,211,8,258,239,0,239,497
06/21/2012,BFL,CA,AWP,WE,Combined TRACON& Tower with Radar,8,28,92,2,130,0,1,120,2,123,8,29,212,4,253,198,0,198,451
06/22/2012,BFL,CA,AWP,WE,Combined TRACON& Tower with Radar,8,26,80,2,116,0,11,154,2,167,8,37,234,4,283,267,0,267,550
06/23/2012,BFL,CA,AWP,WE,Combined TRACON& Tower with Radar,3,18,22,2,45,0,8,52,0,60,3,26,74,2,105,8,0,8,113
06/24/2012,BFL,CA,AWP,WE,Combined TRACON& Tower with Radar,7,15,44,4,70,0,8,48,0,56,7,23,92,4,126,16,0,16,142
06/25/2012,BFL,CA,AWP,WE,Combined TRACON& Tower with Radar,8,25,59,0,92,0,4,125,0,129,8,29,184,0,221,206,0,206,427
06/26/2012,BFL,CA,AWP,WE,Combined TRACON& Tower with Radar,8,27,76,0,111,0,5,138,1,144,8,32,214,1,255,252,0,252,507
06/27/2012,BFL,CA,AWP,WE,Combined TRACON& Tower with Radar,8,25,82,0,115,0,3,117,0,120,8,28,199,0,235,188,0,188,423
06/28/2012,BFL,CA,AWP,WE,Combined TRACON& Tower with Radar,6,21,25,0,52,0,11,124,1,136,6,32,149,1,188,186,0,186,374
06/29/2012,BFL,CA,AWP,WE,Combined TRACON& Tower with Radar,8,24,77,1,110,0,11,144,1,156,8,35,221,2,266,228,0,228,494
06/30/2012,BFL,CA,AWP,WE,Combined TRACON& Tower with Radar,4,19,33,4,60,0,3,55,3,61,4,22,88,7,121,44,0,44,165
07/01/2012,BFL,CA,AWP,WE,Combined TRACON& Tower with Radar,7,12,30,0,49,0,9,48,0,57,7,21,78,0,106,18,0,18,124
07/02/2012,BFL,CA,AWP,WE,Combined TRACON& Tower with Radar,10,20,71,0,101,0,5,129,0,134,10,25,200,0,235,306,0,306,541
07/03/2012,BFL,CA,AWP,WE,Combined TRACON& Tower with Radar,10,26,76,3,115,0,6,138,7,151,10,32,214,10,266,199,0,199,465
07/04/2012,BFL,CA,AWP,WE,Combined TRACON& Tower with Radar,6,14,11,0,31,0,4,42,0,46,6,18,53,0,77,14,0,14,91
07/05/2012,BFL,CA,AWP,WE,Combined TRACON& Tower with Radar,10,26,43,8,87,0,0,96,1,97,10,26,139,9,184,258,10,268,452
07/06/2012,BFL,CA,AWP,WE,Combined TRACON& Tower with Radar,9,21,52,0,82,0,5,110,2,117,9,26,162,2,199,286,0,286,485
07/07/2012,BFL,CA,AWP,WE,Combined TRACON& Tower with Radar,7,13,24,0,44,0,11,27,0,38,7,24,51,0,82,28,0,28,110
07/08/2012,BFL,CA,AWP,WE,Combined TRACON& Tower with Radar,6,15,28,2,51,0,2,36,0,38,6,17,64,2,89,0,0,0,89
07/09/2012,BFL,CA,AWP,WE,Combined TRACON& Tower with Radar,8,21,56,0,85,0,6,108,1,115,8,27,164,1,200,359,0,359,559
07/10/2012,BFL,CA,AWP,WE,Combined TRACON& Tower with Radar,10,25,43,0,78,0,4,123,3,130,10,29,166,3,208,330,0,330,538
07/11/2012,BFL,CA,AWP,WE,Combined TRACON& Tower with Radar,10,25,64,0,99,0,8,97,0,105,10,33,161,0,204,246,0,246,450
07/12/2012,BFL,CA,AWP,WE,Combined TRACON& Tower with Radar,10,23,65,6,104,0,6,93,5,104,10,29,158,11,208,132,12,144,352
07/13/2012,BFL,CA,AWP,WE,Combined TRACON& Tower with Radar,10,22,62,2,96,0,8,113,5,126,10,30,175,7,222,178,4,182,404
07/14/2012,BFL,CA,AWP,WE,Combined TRACON& Tower with Radar,5,17,18,0,40,0,7,46,0,53,5,24,64,0,93,16,0,16,109
07/15/2012,BFL,CA,AWP,WE,Combined TRACON& Tower with Radar,6,12,49,2,69,0,18,46,0,64,6,30,95,2,133,36,6,42,175
07/16/2012,BFL,CA,AWP,WE,Combined TRACON& Tower with Radar,8,16,73,5,102,0,2,116,2,120,8,18,189,7,222,136,0,136,358
07/17/2012,BFL,CA,AWP,WE,Combined TRACON& Tower with Radar,10,27,47,0,84,0,5,178,6,189,10,32,225,6,273,205,0,205,478
07/18/2012,BFL,CA,AWP,WE,Combined TRACON& Tower with Radar,9,27,65,0,101,0,3,125,2,130,9,30,190,2,231,84,8,92,323
07/19/2012,BFL,CA,AWP,WE,Combined TRACON& Tower with Radar,10,24,59,2,95,0,2,120,1,123,10,26,179,3,218,152,0,152,370
07/20/2012,BFL,CA,AWP,WE,Combined TRACON& Tower with Radar,10,23,71,0,104,0,11,118,0,129,10,34,189,0,233,170,0,170,403
07/21/2012,BFL,CA,AWP,WE,Combined TRACON& Tower with Radar,4,18,20,0,42,0,3,52,0,55,4,21,72,0,97,14,0,14,111
07/22/2012,BFL,CA,AWP,WE,Combined TRACON& Tower with Radar,5,14,35,2,56,0,12,43,0,55,5,26,78,2,111,20,0,20,131
07/23/2012,BFL,CA,AWP,WE,Combined TRACON& Tower with Radar,10,17,62,0,89,0,3,121,0,124,10,20,183,0,213,184,0,184,397
07/24/2012,BFL,CA,AWP,WE,Combined TRACON& Tower with Radar,10,23,82,0,115,0,5,142,0,147,10,28,224,0,262,254,0,254,516
07/25/2012,BFL,CA,AWP,WE,Combined TRACON& Tower with Radar,10,22,70,2,104,0,4,126,0,130,10,26,196,2,234,198,0,198,432
07/26/2012,BFL,CA,AWP,WE,Combined TRACON& Tower with Radar,8,22,51,0,81,0,8,112,1,121,8,30,163,1,202,136,0,136,338
07/27/2012,BFL,CA,AWP,WE,Combined TRACON& Tower with Radar,8,24,51,0,83,0,4,137,0,141,8,28,188,0,224,178,0,178,402
07/28/2012,BFL,CA,AWP,WE,Combined TRACON& Tower with Radar,5,17,14,0,36,0,5,65,0,70,5,22,79,0,106,25,0,25,131
07/29/2012,BFL,CA,AWP,WE,Combined TRACON& Tower with Radar,6,13,31,0,50,0,2,72,0,74,6,15,103,0,124,18,0,18,142
07/30/2012,BFL,CA,AWP,WE,Combined TRACON& Tower with Radar,9,18,76,0,103,0,12,127,0,139,9,30,203,0,242,176,0,176,418
07/31/2012,BFL,CA,AWP,WE,Combined TRACON& Tower with Radar,8,23,58,0,89,1,9,115,3,128,9,32,173,3,217,136,0,136,353
08/01/2012,BFL,CA,AWP,WE,Combined TRACON& Tower with Radar,10,21,38,0,69,0,1,97,2,100,10,22,135,2,169,70,0,70,239
08/02/2012,BFL,CA,AWP,WE,Combined TRACON& Tower with Radar,10,28,55,1,94,0,9,138,2,149,10,37,193,3,243,102,6,108,351
08/03/2012,BFL,CA,AWP,WE,Combined TRACON& Tower with Radar,9,21,77,2,109,0,8,110,0,118,9,29,187,2,227,132,0,132,359
08/04/2012,BFL,CA,AWP,WE,Combined TRACON& Tower with Radar,5,20,20,0,45,0,7,47,0,54,5,27,67,0,99,58,0,58,157
08/05/2012,BFL,CA,AWP,WE,Combined TRACON& Tower with Radar,6,16,15,0,37,0,12,38,0,50,6,28,53,0,87,12,0,12,99
08/06/2012,BFL,CA,AWP,WE,Combined TRACON& Tower with Radar,10,20,45,0,75,0,13,121,0,134,10,33,166,0,209,160,0,160,369
08/07/2012,BFL,CA,AWP,WE,Combined TRACON& Tower with Radar,10,24,51,0,85,0,9,153,3,165,10,33,204,3,250,184,0,184,434
08/08/2012,BFL,CA,AWP,WE,Combined TRACON& Tower with Radar,12,23,72,0,107,0,5,95,0,100,12,28,167,0,207,170,0,170,377
08/09/2012,BFL,CA,AWP,WE,Combined TRACON& Tower with Radar,10,20,59,0,89,0,9,134,0,143,10,29,193,0,232,154,0,154,386
08/10/2012,BFL,CA,AWP,WE,Combined TRACON& Tower with Radar,10,19,64,0,93,0,7,104,0,111,10,26,168,0,204,188,0,188,392
08/11/2012,BFL,CA,AWP,WE,Combined TRACON& Tower with Radar,5,18,16,0,39,0,6,35,2,43,5,24,51,2,82,2,0,2,84
08/12/2012,BFL,CA,AWP,WE,Combined TRACON& Tower with Radar,9,14,30,2,55,0,2,41,0,43,9,16,71,2,98,6,0,6,104
08/13/2012,BFL,CA,AWP,WE,Combined TRACON& Tower with Radar,10,17,42,1,70,0,4,131,4,139,10,21,173,5,209,278,0,278,487
08/14/2012,BFL,CA,AWP,WE,Combined TRACON& Tower with Radar,10,27,59,0,96,0,9,133,0,142,10,36,192,0,238,250,0,250,488
08/15/2012,BFL,CA,AWP,WE,Combined TRACON& Tower with Radar,10,24,39,3,76,0,3,128,2,133,10,27,167,5,209,170,0,170,379
08/16/2012,BFL,CA,AWP,WE,Combined TRACON& Tower with Radar,11,26,61,0,98,0,11,124,0,135,11,37,185,0,233,178,0,178,411
08/17/2012,BFL,CA,AWP,WE,Combined TRACON& Tower with Radar,8,22,52,4,86,0,8,135,2,145,8,30,187,6,231,200,42,242,473
08/18/2012,BFL,CA,AWP,WE,Combined TRACON& Tower with Radar,5,22,14,0,41,0,1,25,0,26,5,23,39,0,67,0,0,0,67
08/19/2012,BFL,CA,AWP,WE,Combined TRACON& Tower with Radar,7,15,41,1,64,0,1,34,1,36,7,16,75,2,100,16,0,16,116
08/20/2012,BFL,CA,AWP,WE,Combined TRACON& Tower with Radar,10,20,39,0,69,0,5,123,1,129,10,25,162,1,198,378,0,378,576
08/21/2012,BFL,CA,AWP,WE,Combined TRACON& Tower with Radar,11,38,43,4,96,0,5,140,7,152,11,43,183,11,248,248,14,262,510
08/22/2012,BFL,CA,AWP,WE,Combined TRACON& Tower with Radar,8,27,54,1,90,0,5,145,1,151,8,32,199,2,241,288,0,288,529
08/23/2012,BFL,CA,AWP,WE,Combined TRACON& Tower with Radar,10,28,42,4,84,0,10,116,4,130,10,38,158,8,214,246,0,246,460
08/24/2012,BFL,CA,AWP,WE,Combined TRACON& Tower with Radar,12,22,63,0,97,0,5,133,0,138,12,27,196,0,235,233,0,233,468
08/25/2012,BFL,CA,AWP,WE,Combined TRACON& Tower with Radar,3,21,24,0,48,0,5,58,0,63,3,26,82,0,111,34,0,34,145
08/26/2012,BFL,CA,AWP,WE,Combined TRACON& Tower with Radar,5,15,36,0,56,0,5,54,0,59,5,20,90,0,115,34,0,34,149
08/27/2012,BFL,CA,AWP,WE,Combined TRACON& Tower with Radar,10,20,30,1,61,0,3,100,14,117,10,23,130,15,178,320,0,320,498
08/28/2012,BFL,CA,AWP,WE,Combined TRACON& Tower with Radar,10,28,48,4,90,0,3,123,1,127,10,31,171,5,217,204,12,216,433
08/29/2012,BFL,CA,AWP,WE,Combined TRACON& Tower with Radar,10,30,62,2,104,0,2,113,0,115,10,32,175,2,219,153,0,153,372
08/30/2012,BFL,CA,AWP,WE,Combined TRACON& Tower with Radar,9,23,55,5,92,0,4,159,0,163,9,27,214,5,255,250,10,260,515
08/31/2012,BFL,CA,AWP,WE,Combined TRACON& Tower with Radar,10,19,48,0,77,0,7,139,0,146,10,26,187,0,223,164,4,168,391
09/01/2012,BFL,CA,AWP,WE,Combined TRACON& Tower with Radar,4,15,15,0,34,0,5,55,0,60,4,20,70,0,94,20,0,20,114
09/02/2012,BFL,CA,AWP,WE,Combined TRACON& Tower with Radar,7,12,22,0,41,0,4,43,0,47,7,16,65,0,88,6,0,6,94
09/03/2012,BFL,CA,AWP,WE,Combined TRACON& Tower with Radar,7,16,20,0,43,0,13,95,0,108,7,29,115,0,151,198,0,198,349
09/04/2012,BFL,CA,AWP,WE,Combined TRACON& Tower with Radar,10,21,51,1,83,0,0,43,0,43,10,21,94,1,126,8,0,8,134
09/05/2012,BFL,CA,AWP,WE,Combined TRACON& Tower with Radar,10,23,60,0,93,0,5,108,1,114,10,28,168,1,207,112,0,112,319
09/06/2012,BFL,CA,AWP,WE,Combined TRACON& Tower with Radar,8,26,65,2,101,0,4,115,0,119,8,30,180,2,220,156,0,156,376
09/07/2012,BFL,CA,AWP,WE,Combined TRACON& Tower with Radar,10,27,69,0,106,0,6,134,0,140,10,33,203,0,246,191,0,191,437
09/08/2012,BFL,CA,AWP,WE,Combined TRACON& Tower with Radar,4,16,20,0,40,0,9,52,0,61,4,25,72,0,101,28,0,28,129
09/09/2012,BFL,CA,AWP,WE,Combined TRACON& Tower with Radar,8,15,24,0,47,0,5,37,0,42,8,20,61,0,89,16,0,16,105
09/10/2012,BFL,CA,AWP,WE,Combined TRACON& Tower with Radar,10,18,62,0,90,0,4,133,0,137,10,22,195,0,227,148,0,148,375
09/11/2012,BFL,CA,AWP,WE,Combined TRACON& Tower with Radar,10,28,49,0,87,0,2,115,2,119,10,30,164,2,206,244,0,244,450
09/12/2012,BFL,CA,AWP,WE,Combined TRACON& Tower with Radar,10,21,57,4,92,0,10,99,0,109,10,31,156,4,201,179,6,185,386
09/13/2012,BFL,CA,AWP,WE,Combined TRACON& Tower with Radar,10,27,33,0,70,2,7,137,0,146,12,34,170,0,216,172,0,172,388
09/14/2012,BFL,CA,AWP,WE,Combined TRACON& Tower with Radar,10,21,59,0,90,0,5,119,0,124,10,26,178,0,214,220,0,220,434
09/15/2012,BFL,CA,AWP,WE,Combined TRACON& Tower with Radar,4,15,26,0,45,0,7,47,1,55,4,22,73,1,100,8,0,8,108
09/16/2012,BFL,CA,AWP,WE,Combined TRACON& Tower with Radar,8,13,29,1,51,0,9,48,1,58,8,22,77,2,109,8,0,8,117
09/17/2012,BFL,CA,AWP,WE,Combined TRACON& Tower with Radar,11,18,57,0,86,0,4,121,0,125,11,22,178,0,211,218,0,218,429
09/18/2012,BFL,CA,AWP,WE,Combined TRACON& Tower with Radar,10,23,43,0,76,0,4,120,0,124,10,27,163,0,200,160,0,160,360
09/19/2012,BFL,CA,AWP,WE,Combined TRACON& Tower with Radar,9,23,44,2,78,0,6,116,0,122,9,29,160,2,200,108,3,111,311
09/20/2012,BFL,CA,AWP,WE,Combined TRACON& Tower with Radar,8,25,71,0,104,0,2,108,0,110,8,27,179,0,214,156,0,156,370
09/21/2012,BFL,CA,AWP,WE,Combined TRACON& Tower with Radar,10,21,60,0,91,0,1,101,0,102,10,22,161,0,193,168,0,168,361
09/22/2012,BFL,CA,AWP,WE,Combined TRACON& Tower with Radar,4,18,14,0,36,0,4,48,0,52,4,22,62,0,88,8,0,8,96
09/23/2012,BFL,CA,AWP,WE,Combined TRACON& Tower with Radar,8,15,21,1,45,0,4,41,0,45,8,19,62,1,90,2,0,2,92
09/24/2012,BFL,CA,AWP,WE,Combined TRACON& Tower with Radar,10,18,65,0,93,0,5,89,0,94,10,23,154,0,187,102,0,102,289
09/25/2012,BFL,CA,AWP,WE,Combined TRACON& Tower with Radar,10,29,80,8,127,0,7,109,14,130,10,36,189,22,257,134,0,134,391
09/26/2012,BFL,CA,AWP,WE,Combined TRACON& Tower with Radar,9,22,55,0,86,0,9,114,0,123,9,31,169,0,209,172,0,172,381
09/27/2012,BFL,CA,AWP,WE,Combined TRACON& Tower with Radar,8,25,52,10,95,0,4,97,0,101,8,29,149,10,196,154,0,154,350
09/28/2012,BFL,CA,AWP,WE,Combined TRACON& Tower with Radar,10,26,69,2,107,0,9,121,2,132,10,35,190,4,239,116,0,116,355
09/29/2012,BFL,CA,AWP,WE,Combined TRACON& Tower with Radar,4,14,23,1,42,0,2,41,1,44,4,16,64,2,86,4,0,4,90
09/30/2012,BFL,CA,AWP,WE,Combined TRACON& Tower with Radar,7,13,28,0,48,0,1,31,0,32,7,14,59,0,80,6,0,6,86
10/01/2012,BFL,CA,AWP,WE,Combined TRACON& Tower with Radar,9,19,62,0,90,0,5,140,0,145,9,24,202,0,235,241,0,241,476
10/02/2012,BFL,CA,AWP,WE,Combined TRACON& Tower with Radar,10,26,47,2,85,0,9,86,2,97,10,35,133,4,182,144,0,144,326
10/03/2012,BFL,CA,AWP,WE,Combined TRACON& Tower with Radar,10,23,48,0,81,0,4,108,0,112,10,27,156,0,193,208,0,208,401
10/04/2012,BFL,CA,AWP,WE,Combined TRACON& Tower with Radar,10,19,46,0,75,0,8,151,2,161,10,27,197,2,236,166,0,166,402
10/05/2012,BFL,CA,AWP,WE,Combined TRACON& Tower with Radar,8,19,61,9,97,0,1,123,0,124,8,20,184,9,221,132,0,132,353
10/06/2012,BFL,CA,AWP,WE,Combined TRACON& Tower with Radar,4,15,17,3,39,0,1,46,1,48,4,16,63,4,87,0,4,4,91
10/07/2012,BFL,CA,AWP,WE,Combined TRACON& Tower with Radar,8,19,22,1,50,0,8,63,1,72,8,27,85,2,122,8,0,8,130
10/08/2012,BFL,CA,AWP,WE,Combined TRACON& Tower with Radar,9,15,48,3,75,0,2,72,2,76,9,17,120,5,151,104,0,104,255
10/09/2012,BFL,CA,AWP,WE,Combined TRACON& Tower with Radar,10,20,50,2,82,0,5,102,0,107,10,25,152,2,189,76,0,76,265
10/10/2012,BFL,CA,AWP,WE,Combined TRACON& Tower with Radar,10,23,76,0,109,0,1,117,0,118,10,24,193,0,227,166,0,166,393
10/11/2012,BFL,CA,AWP,WE,Combined TRACON& Tower with Radar,10,19,76,6,111,0,0,65,4,69,10,19,141,10,180,118,8,126,306
10/12/2012,BFL,CA,AWP,WE,Combined TRACON& Tower with Radar,10,18,84,0,112,0,5,90,0,95,10,23,174,0,207,194,0,194,401
10/13/2012,BFL,CA,AWP,WE,Combined TRACON& Tower with Radar,5,17,26,0,48,0,1,33,0,34,5,18,59,0,82,10,0,10,92
10/14/2012,BFL,CA,AWP,WE,Combined TRACON& Tower with Radar,9,13,45,0,67,0,4,44,0,48,9,17,89,0,115,0,0,0,115
10/15/2012,BFL,CA,AWP,WE,Combined TRACON& Tower with Radar,10,20,59,0,89,0,11,121,0,132,10,31,180,0,221,44,0,44,265
10/16/2012,BFL,CA,AWP,WE,Combined TRACON& Tower with Radar,9,19,39,0,67,0,14,116,0,130,9,33,155,0,197,90,0,90,287
10/17/2012,BFL,CA,AWP,WE,Combined TRACON& Tower with Radar,7,27,64,0,98,0,0,83,0,83,7,27,147,0,181,116,0,116,297
10/18/2012,BFL,CA,AWP,WE,Combined TRACON& Tower with Radar,10,22,60,0,92,0,2,92,0,94,10,24,152,0,186,120,0,120,306
10/19/2012,BFL,CA,AWP,WE,Combined TRACON& Tower with Radar,11,19,60,0,90,0,7,98,0,105,11,26,158,0,195,124,0,124,319
10/20/2012,BFL,CA,AWP,WE,Combined TRACON& Tower with Radar,4,23,30,0,57,0,2,57,0,59,4,25,87,0,116,18,0,18,134
10/21/2012,BFL,CA,AWP,WE,Combined TRACON& Tower with Radar,10,14,34,0,58,0,2,46,0,48,10,16,80,0,106,4,0,4,110
10/22/2012,BFL,CA,AWP,WE,Combined TRACON& Tower with Radar,9,20,61,7,97,0,7,77,9,93,9,27,138,16,190,164,0,164,354
10/23/2012,BFL,CA,AWP,WE,Combined TRACON& Tower with Radar,10,31,53,0,94,0,2,90,0,92,10,33,143,0,186,184,0,184,370
10/24/2012,BFL,CA,AWP,WE,Combined TRACON& Tower with Radar,9,18,68,6,101,0,6,89,1,96,9,24,157,7,197,108,8,116,313
10/25/2012,BFL,CA,AWP,WE,Combined TRACON& Tower with Radar,11,23,73,5,112,0,10,99,5,114,11,33,172,10,226,148,16,164,390
10/26/2012,BFL,CA,AWP,WE,Combined TRACON& Tower with Radar,9,23,81,0,113,0,8,97,0,105,9,31,178,0,218,102,0,102,320
10/27/2012,BFL,CA,AWP,WE,Combined TRACON& Tower with Radar,4,17,25,1,47,0,1,59,1,61,4,18,84,2,108,46,0,46,154
10/28/2012,BFL,CA,AWP,WE,Combined TRACON& Tower with Radar,8,12,28,1,49,0,6,61,0,67,8,18,89,1,116,14,0,14,130
10/29/2012,BFL,CA,AWP,WE,Combined TRACON& Tower with Radar,10,24,74,0,108,0,5,113,2,120,10,29,187,2,228,132,0,132,360
10/30/2012,BFL,CA,AWP,WE,Combined TRACON& Tower with Radar,6,18,57,6,87,0,7,89,2,98,6,25,146,8,185,141,0,141,326
10/31/2012,BFL,CA,AWP,WE,Combined TRACON& Tower with Radar,10,20,50,5,85,0,2,91,1,94,10,22,141,6,179,48,0,48,227
11/01/2012,BFL,CA,AWP,WE,Combined TRACON& Tower with Radar,10,28,62,0,100,0,1,81,1,83,10,29,143,1,183,84,0,84,267
11/02/2012,BFL,CA,AWP,WE,Combined TRACON& Tower with Radar,10,26,65,0,101,0,5,61,1,67,10,31,126,1,168,18,0,18,186
11/03/2012,BFL,CA,AWP,WE,Combined TRACON& Tower with Radar,7,18,42,0,67,0,2,40,0,42,7,20,82,0,109,4,0,4,113
11/04/2012,BFL,CA,AWP,WE,Combined TRACON& Tower with Radar,8,14,32,0,54,0,4,32,0,36,8,18,64,0,90,6,0,6,96
11/05/2012,BFL,CA,AWP,WE,Combined TRACON& Tower with Radar,9,20,51,0,80,0,5,111,0,116,9,25,162,0,196,122,0,122,318
11/06/2012,BFL,CA,AWP,WE,Combined TRACON& Tower with Radar,9,22,68,0,99,0,10,98,0,108,9,32,166,0,207,154,0,154,361
11/07/2012,BFL,CA,AWP,WE,Combined TRACON& Tower with Radar,10,29,69,6,114,0,6,81,0,87,10,35,150,6,201,115,0,115,316
11/08/2012,BFL,CA,AWP,WE,Combined TRACON& Tower with Radar,9,22,65,0,96,0,4,61,0,65,9,26,126,0,161,60,0,60,221
11/09/2012,BFL,CA,AWP,WE,Combined TRACON& Tower with Radar,9,23,52,4,88,0,1,56,0,57,9,24,108,4,145,88,0,88,233
11/10/2012,BFL,CA,AWP,WE,Combined TRACON& Tower with Radar,8,16,17,0,41,0,6,41,0,47,8,22,58,0,88,6,0,6,94
11/11/2012,BFL,CA,AWP,WE,Combined TRACON& Tower with Radar,7,12,19,0,38,0,3,34,0,37,7,15,53,0,75,2,0,2,77
11/12/2012,BFL,CA,AWP,WE,Combined TRACON& Tower with Radar,7,21,62,1,91,0,2,105,1,108,7,23,167,2,199,94,0,94,293
11/13/2012,BFL,CA,AWP,WE,Combined TRACON& Tower with Radar,10,20,51,4,85,0,2,76,3,81,10,22,127,7,166,82,1,83,249
11/14/2012,BFL,CA,AWP,WE,Combined TRACON& Tower with Radar,11,19,76,0,106,1,11,76,1,89,12,30,152,1,195,82,0,82,277
11/15/2012,BFL,CA,AWP,WE,Combined TRACON& Tower with Radar,11,24,76,0,111,0,11,60,1,72,11,35,136,1,183,54,0,54,237
11/16/2012,BFL,CA,AWP,WE,Combined TRACON& Tower with Radar,9,21,65,0,95,0,3,49,0,52,9,24,114,0,147,58,0,58,205
11/17/2012,BFL,CA,AWP,WE,Combined TRACON& Tower with Radar,6,17,22,0,45,0,0,44,0,44,6,17,66,0,89,4,0,4,93
11/18/2012,BFL,CA,AWP,WE,Combined TRACON& Tower with Radar,9,12,28,0,49,0,8,42,0,50,9,20,70,0,99,4,0,4,103
11/19/2012,BFL,CA,AWP,WE,Combined TRACON& Tower with Radar,11,12,80,2,105,0,7,75,0,82,11,19,155,2,187,122,0,122,309
11/20/2012,BFL,CA,AWP,WE,Combined TRACON& Tower with Radar,12,17,61,2,92,0,4,95,0,99,12,21,156,2,191,112,16,128,319
11/21/2012,BFL,CA,AWP,WE,Combined TRACON& Tower with Radar,10,23,49,0,82,0,6,97,0,103,10,29,146,0,185,50,0,50,235
11/22/2012,BFL,CA,AWP,WE,Combined TRACON& Tower with Radar,6,5,13,0,24,0,3,8,0,11,6,8,21,0,35,6,0,6,41
11/23/2012,BFL,CA,AWP,WE,Combined TRACON& Tower with Radar,6,23,22,0,51,0,0,43,0,43,6,23,65,0,94,2,0,2,96
11/24/2012,BFL,CA,AWP,WE,Combined TRACON& Tower with Radar,8,27,30,0,65,0,10,44,0,54,8,37,74,0,119,18,0,18,137
11/25/2012,BFL,CA,AWP,WE,Combined TRACON& Tower with Radar,8,22,28,0,58,0,11,35,0,46,8,33,63,0,104,56,0,56,160
11/26/2012,BFL,CA,AWP,WE,Combined TRACON& Tower with Radar,8,18,56,0,82,0,8,88,0,96,8,26,144,0,178,134,0,134,312
11/27/2012,BFL,CA,AWP,WE,Combined TRACON& Tower with Radar,11,31,81,0,123,0,0,46,0,46,11,31,127,0,169,51,0,51,220
11/28/2012,BFL,CA,AWP,WE,Combined TRACON& Tower with Radar,12,21,71,0,104,0,2,43,2,47,12,23,114,2,151,54,0,54,205
11/29/2012,BFL,CA,AWP,WE,Combined TRACON& Tower with Radar,10,18,70,1,99,0,0,50,0,50,10,18,120,1,149,66,0,66,215
11/30/2012,BFL,CA,AWP,WE,Combined TRACON& Tower with Radar,9,22,67,0,98,0,2,67,0,69,9,24,134,0,167,98,0,98,265
12/01/2012,BFL,CA,AWP,WE,Combined TRACON& Tower with Radar,6,13,14,0,33,0,1,46,0,47,6,14,60,0,80,0,0,0,80
12/02/2012,BFL,CA,AWP,WE,Combined TRACON& Tower with Radar,9,13,20,2,44,0,2,29,0,31,9,15,49,2,75,20,0,20,95
12/03/2012,BFL,CA,AWP,WE,Combined TRACON& Tower with Radar,9,17,59,4,89,0,7,33,0,40,9,24,92,4,129,45,0,45,174
12/04/2012,BFL,CA,AWP,WE,Combined TRACON& Tower with Radar,11,27,79,0,117,0,1,93,0,94,11,28,172,0,211,90,0,90,301
12/05/2012,BFL,CA,AWP,WE,Combined TRACON& Tower with Radar,13,20,48,2,83,0,8,93,0,101,13,28,141,2,184,96,0,96,280
12/06/2012,BFL,CA,AWP,WE,Combined TRACON& Tower with Radar,9,24,136,8,177,0,0,12,0,12,9,24,148,8,189,0,0,0,189
12/07/2012,BFL,CA,AWP,WE,Combined TRACON& Tower with Radar,10,32,115,0,157,0,1,34,3,38,10,33,149,3,195,36,2,38,233
12/08/2012,BFL,CA,AWP,WE,Combined TRACON& Tower with Radar,6,15,37,0,58,0,3,26,1,30,6,18,63,1,88,16,0,16,104
12/09/2012,BFL,CA,AWP,WE,Combined TRACON& Tower with Radar,7,12,29,0,48,0,2,29,0,31,7,14,58,0,79,26,0,26,105
12/10/2012,BFL,CA,AWP,WE,Combined TRACON& Tower with Radar,12,22,96,1,131,0,5,110,0,115,12,27,206,1,246,148,0,148,394
12/11/2012,BFL,CA,AWP,WE,Combined TRACON& Tower with Radar,13,24,122,0,159,0,2,69,0,71,13,26,191,0,230,62,0,62,292
12/12/2012,BFL,CA,AWP,WE,Combined TRACON& Tower with Radar,13,27,89,5,134,0,0,85,1,86,13,27,174,6,220,146,2,148,368
12/13/2012,BFL,CA,AWP,WE,Combined TRACON& Tower with Radar,9,26,83,2,120,0,0,40,6,46,9,26,123,8,166,108,0,108,274
12/14/2012,BFL,CA,AWP,WE,Combined TRACON& Tower with Radar,9,26,92,4,131,0,3,103,4,110,9,29,195,8,241,170,4,174,415
12/15/2012,BFL,CA,AWP,WE,Combined TRACON& Tower with Radar,5,27,18,0,50,0,0,23,1,24,5,27,41,1,74,4,0,4,78
12/16/2012,BFL,CA,AWP,WE,Combined TRACON& Tower with Radar,7,10,29,0,46,0,1,54,1,56,7,11,83,1,102,16,0,16,118
12/17/2012,BFL,CA,AWP,WE,Combined TRACON& Tower with Radar,8,20,58,0,86,0,4,110,12,126,8,24,168,12,212,138,0,138,350
12/18/2012,BFL,CA,AWP,WE,Combined TRACON& Tower with Radar,12,29,63,6,110,0,3,35,2,40,12,32,98,8,150,32,28,60,210
12/19/2012,BFL,CA,AWP,WE,Combined TRACON& Tower with Radar,10,22,80,0,112,0,2,126,0,128,10,24,206,0,240,182,0,182,422
12/20/2012,BFL,CA,AWP,WE,Combined TRACON& Tower with Radar,9,23,81,0,113,0,9,147,1,157,9,32,228,1,270,158,0,158,428
12/21/2012,BFL,CA,AWP,WE,Combined TRACON& Tower with Radar,9,24,65,0,98,0,4,115,0,119,9,28,180,0,217,164,0,164,381
12/22/2012,BFL,CA,AWP,WE,Combined TRACON& Tower with Radar,4,31,19,0,54,0,3,20,0,23,4,34,39,0,77,0,0,0,77
12/23/2012,BFL,CA,AWP,WE,Combined TRACON& Tower with Radar,6,6,32,0,44,0,2,35,0,37,6,8,67,0,81,0,0,0,81
12/24/2012,BFL,CA,AWP,WE,Combined TRACON& Tower with Radar,7,14,8,0,29,0,6,21,0,27,7,20,29,0,56,4,0,4,60
12/25/2012,BFL,CA,AWP,WE,Combined TRACON& Tower with Radar,6,8,7,0,21,0,6,7,0,13,6,14,14,0,34,0,0,0,34
12/26/2012,BFL,CA,AWP,WE,Combined TRACON& Tower with Radar,8,23,48,0,79,0,1,49,0,50,8,24,97,0,129,108,0,108,237
12/27/2012,BFL,CA,AWP,WE,Combined TRACON& Tower with Radar,9,24,71,0,104,0,0,29,0,29,9,24,100,0,133,18,0,18,151
12/28/2012,BFL,CA,AWP,WE,Combined TRACON& Tower with Radar,9,20,73,0,102,0,4,95,0,99,9,24,168,0,201,150,0,150,351
12/29/2012,BFL,CA,AWP,WE,Combined TRACON& Tower with Radar,5,15,17,0,37,0,0,21,0,21,5,15,38,0,58,14,0,14,72
12/30/2012,BFL,CA,AWP,WE,Combined TRACON& Tower with Radar,6,10,24,0,40,0,1,15,0,16,6,11,39,0,56,4,0,4,60
12/31/2012,BFL,CA,AWP,WE,Combined TRACON& Tower with Radar,7,9,42,0,58,0,4,103,0,107,7,13,145,0,165,140,0,140,305
01/01/2013,BFL,CA,AWP,WE,Combined TRACON& Tower with Radar,9,9,5,0,23,1,15,17,0,33,10,24,22,0,56,4,0,4,60
01/02/2013,BFL,CA,AWP,WE,Combined TRACON& Tower with Radar,9,19,96,0,124,0,9,86,0,95,9,28,182,0,219,96,0,96,315
01/03/2013,BFL,CA,AWP,WE,Combined TRACON& Tower with Radar,10,30,73,0,113,0,12,61,0,73,10,42,134,0,186,114,0,114,300
01/04/2013,BFL,CA,AWP,WE,Combined TRACON& Tower with Radar,10,23,60,0,93,0,1,69,0,70,10,24,129,0,163,78,0,78,241
01/05/2013,BFL,CA,AWP,WE,Combined TRACON& Tower with Radar,4,17,31,0,52,0,2,78,0,80,4,19,109,0,132,22,0,22,154
01/06/2013,BFL,CA,AWP,WE,Combined TRACON& Tower with Radar,8,12,40,0,60,0,4,21,0,25,8,16,61,0,85,0,0,0,85
01/07/2013,BFL,CA,AWP,WE,Combined TRACON& Tower with Radar,9,16,68,1,94,0,4,47,3,54,9,20,115,4,148,110,8,118,266
01/08/2013,BFL,CA,AWP,WE,Combined TRACON& Tower with Radar,8,17,53,0,78,0,2,124,0,126,8,19,177,0,204,234,0,234,438
01/09/2013,BFL,CA,AWP,WE,Combined TRACON& Tower with Radar,9,21,60,5,95,0,5,97,2,104,9,26,157,7,199,128,6,134,333
01/10/2013,BFL,CA,AWP,WE,Combined TRACON& Tower with Radar,8,21,47,0,76,0,7,29,0,36,8,28,76,0,112,28,0,28,140
01/11/2013,BFL,CA,AWP,WE,Combined TRACON& Tower with Radar,10,21,64,0,95,0,7,105,1,113,10,28,169,1,208,144,0,144,352
01/12/2013,BFL,CA,AWP,WE,Combined TRACON& Tower with Radar,4,16,31,0,51,0,3,53,0,56,4,19,84,0,107,18,0,18,125
01/13/2013,BFL,CA,AWP,WE,Combined TRACON& Tower with Radar,6,13,27,0,46,0,2,44,2,48,6,15,71,2,94,4,0,4,98
01/14/2013,BFL,CA,AWP,WE,Combined TRACON& Tower with Radar,8,15,41,0,64,0,7,109,0,116,8,22,150,0,180,223,0,223,403
01/15/2013,BFL,CA,AWP,WE,Combined TRACON& Tower with Radar,9,16,47,10,82,0,4,99,8,111,9,20,146,18,193,144,8,152,345
01/16/2013,BFL,CA,AWP,WE,Combined TRACON& Tower with Radar,10,17,51,3,81,0,4,92,1,97,10,21,143,4,178,184,0,184,362
01/17/2013,BFL,CA,AWP,WE,Combined TRACON& Tower with Radar,9,29,82,10,130,0,1,117,0,118,9,30,199,10,248,196,0,196,444
01/18/2013,BFL,CA,AWP,WE,Combined TRACON& Tower with Radar,10,22,61,0,93,0,5,84,0,89,10,27,145,0,182,134,0,134,316
01/19/2013,BFL,CA,AWP,WE,Combined TRACON& Tower with Radar,5,13,18,1,37,0,9,49,0,58,5,22,67,1,95,19,0,19,114
01/20/2013,BFL,CA,AWP,WE,Combined TRACON& Tower with Radar,7,14,15,0,36,0,9,20,0,29,7,23,35,0,65,26,0,26,91
01/21/2013,BFL,CA,AWP,WE,Combined TRACON& Tower with Radar,7,18,103,1,129,0,5,86,4,95,7,23,189,5,224,98,0,98,322
01/22/2013,BFL,CA,AWP,WE,Combined TRACON& Tower with Radar,10,16,84,0,110,0,6,94,0,100,10,22,178,0,210,92,0,92,302
01/23/2013,BFL,CA,AWP,WE,Combined TRACON& Tower with Radar,9,26,87,1,123,0,5,76,0,81,9,31,163,1,204,114,0,114,318
01/24/2013,BFL,CA,AWP,WE,Combined TRACON& Tower with Radar,8,27,53,6,94,0,1,13,0,14,8,28,66,6,108,44,0,44,152
01/25/2013,BFL,CA,AWP,WE,Combined TRACON& Tower with Radar,10,24,86,2,122,0,0,0,0,0,10,24,86,2,122,0,0,0,122
01/26/2013,BFL,CA,AWP,WE,Combined TRACON& Tower with Radar,4,17,28,3,52,0,0,5,0,5,4,17,33,3,57,16,0,16,73
01/27/2013,BFL,CA,AWP,WE,Combined TRACON& Tower with Radar,8,12,18,2,40,0,0,48,0,48,8,12,66,2,88,4,0,4,92
01/28/2013,BFL,CA,AWP,WE,Combined TRACON& Tower with Radar,9,17,78,0,104,11,1,122,3,137,20,18,200,3,241,70,0,70,311
01/29/2013,BFL,CA,AWP,WE,Combined TRACON& Tower with Radar,8,20,61,2,91,0,5,108,0,113,8,25,169,2,204,232,0,232,436
01/30/2013,BFL,CA,AWP,WE,Combined TRACON& Tower with Radar,8,22,49,3,82,0,8,128,2,138,8,30,177,5,220,188,0,188,408
01/31/2013,BFL,CA,AWP,WE,Combined TRACON& Tower with Radar,9,24,67,6,106,0,5,121,4,130,9,29,188,10,236,150,0,150,386
02/01/2013,BFL,CA,AWP,WE,Combined TRACON& Tower with Radar,8,21,65,2,96,0,3,113,0,116,8,24,178,2,212,162,0,162,374
02/02/2013,BFL,CA,AWP,WE,Combined TRACON& Tower with Radar,4,18,31,0,53,0,6,33,0,39,4,24,64,0,92,18,0,18,110
02/03/2013,BFL,CA,AWP,WE,Combined TRACON& Tower with Radar,7,12,26,0,45,0,1,12,0,13,7,13,38,0,58,0,0,0,58
02/04/2013,BFL,CA,AWP,WE,Combined TRACON& Tower with Radar,7,18,98,2,125,0,1,25,0,26,7,19,123,2,151,0,0,0,151
02/05/2013,BFL,CA,AWP,WE,Combined TRACON& Tower with Radar,10,23,56,0,89,0,9,80,0,89,10,32,136,0,178,146,0,146,324
02/06/2013,BFL,CA,AWP,WE,Combined TRACON& Tower with Radar,9,32,45,4,90,0,9,101,0,110,9,41,146,4,200,176,0,176,376
02/07/2013,BFL,CA,AWP,WE,Combined TRACON& Tower with Radar,10,25,70,0,105,0,8,61,5,74,10,33,131,5,179,159,2,161,340
02/08/2013,BFL,CA,AWP,WE,Combined TRACON& Tower with Radar,10,21,56,4,91,0,2,49,0,51,10,23,105,4,142,76,0,76,218
02/09/2013,BFL,CA,AWP,WE,Combined TRACON& Tower with Radar,3,15,30,1,49,0,3,63,0,66,3,18,93,1,115,26,0,26,141
02/10/2013,BFL,CA,AWP,WE,Combined TRACON& Tower with Radar,8,12,32,1,53,0,5,40,0,45,8,17,72,1,98,25,0,25,123
02/11/2013,BFL,CA,AWP,WE,Combined TRACON& Tower with Radar,9,21,52,0,82,0,7,122,0,129,9,28,174,0,211,303,0,303,514
02/12/2013,BFL,CA,AWP,WE,Combined TRACON& Tower with Radar,10,20,48,1,79,0,4,98,1,103,10,24,146,2,182,198,0,198,380
02/13/2013,BFL,CA,AWP,WE,Combined TRACON& Tower with Radar,9,23,55,2,89,0,2,95,0,97,9,25,150,2,186,162,0,162,348
02/14/2013,BFL,CA,AWP,WE,Combined TRACON& Tower with Radar,8,24,53,2,87,0,11,123,0,134,8,35,176,2,221,238,0,238,459
02/15/2013,BFL,CA,AWP,WE,Combined TRACON& Tower with Radar,9,22,60,0,91,0,2,91,3,96,9,24,151,3,187,98,0,98,285
02/16/2013,BFL,CA,AWP,WE,Combined TRACON& Tower with Radar,3,19,26,0,48,0,9,68,0,77,3,28,94,0,125,38,0,38,163
02/17/2013,BFL,CA,AWP,WE,Combined TRACON& Tower with Radar,4,14,47,0,65,0,10,52,0,62,4,24,99,0,127,12,0,12,139
02/18/2013,BFL,CA,AWP,WE,Combined TRACON& Tower with Radar,7,17,32,0,56,0,5,60,0,65,7,22,92,0,121,46,0,46,167
02/19/2013,BFL,CA,AWP,WE,Combined TRACON& Tower with Radar,10,22,63,0,95,0,5,60,0,65,10,27,123,0,160,210,0,210,370
02/20/2013,BFL,CA,AWP,WE,Combined TRACON& Tower with Radar,10,28,41,0,79,0,3,51,0,54,10,31,92,0,133,120,0,120,253
02/21/2013,BFL,CA,AWP,WE,Combined TRACON& Tower with Radar,9,23,58,3,93,0,13,125,1,139,9,36,183,4,232,212,16,228,460
02/22/2013,BFL,CA,AWP,WE,Combined TRACON& Tower with Radar,9,18,55,2,84,0,10,110,5,125,9,28,165,7,209,170,0,170,379
02/23/2013,BFL,CA,AWP,WE,Combined TRACON& Tower with Radar,3,21,24,0,48,0,2,36,0,38,3,23,60,0,86,6,0,6,92
02/24/2013,BFL,CA,AWP,WE,Combined TRACON& Tower with Radar,4,13,24,0,41,0,4,63,0,67,4,17,87,0,108,36,0,36,144
02/25/2013,BFL,CA,AWP,WE,Combined TRACON& Tower with Radar,9,14,46,2,71,0,5,96,2,103,9,19,142,4,174,240,0,240,414
02/26/2013,BFL,CA,AWP,WE,Combined TRACON& Tower with Radar,8,23,50,0,81,0,5,119,1,125,8,28,169,1,206,263,0,263,469
02/27/2013,BFL,CA,AWP,WE,Combined TRACON& Tower with Radar,8,22,56,0,86,0,6,101,1,108,8,28,157,1,194,178,0,178,372
02/28/2013,BFL,CA,AWP,WE,Combined TRACON& Tower with Radar,10,21,36,1,68,0,4,94,1,99,10,25,130,2,167,168,0,168,335
03/01/2013,BFL,CA,AWP,WE,Combined TRACON& Tower with Radar,10,20,55,5,90,0,10,130,0,140,10,30,185,5,230,218,0,218,448
03/02/2013,BFL,CA,AWP,WE,Combined TRACON& Tower with Radar,6,15,26,2,49,0,3,57,0,60,6,18,83,2,109,22,0,22,131
03/03/2013,BFL,CA,AWP,WE,Combined TRACON& Tower with Radar,8,16,30,0,54,0,2,45,0,47,8,18,75,0,101,6,0,6,107
03/04/2013,BFL,CA,AWP,WE,Combined TRACON& Tower with Radar,9,18,46,5,78,0,4,106,2,112,9,22,152,7,190,181,0,181,371
03/05/2013,BFL,CA,AWP,WE,Combined TRACON& Tower with Radar,9,24,42,0,75,0,3,82,1,86,9,27,124,1,161,173,0,173,334
03/06/2013,BFL,CA,AWP,WE,Combined TRACON& Tower with Radar,8,26,47,0,81,0,4,58,0,62,8,30,105,0,143,84,0,84,227
03/07/2013,BFL,CA,AWP,WE,Combined TRACON& Tower with Radar,9,24,49,0,82,0,1,68,0,69,9,25,117,0,151,150,0,150,301
03/08/2013,BFL,CA,AWP,WE,Combined TRACON& Tower with Radar,9,24,41,0,74,0,0,22,0,22,9,24,63,0,96,2,0,2,98
03/09/2013,BFL,CA,AWP,WE,Combined TRACON& Tower with Radar,5,19,28,0,52,0,2,19,0,21,5,21,47,0,73,8,0,8,81
03/10/2013,BFL,CA,AWP,WE,Combined TRACON& Tower with Radar,8,13,20,0,41,0,7,46,0,53,8,20,66,0,94,18,0,18,112
03/11/2013,BFL,CA,AWP,WE,Combined TRACON& Tower with Radar,9,14,26,0,49,0,3,101,0,104,9,17,127,0,153,204,0,204,357
03/12/2013,BFL,CA,AWP,WE,Combined TRACON& Tower with Radar,8,26,35,4,73,0,3,89,6,98,8,29,124,10,171,148,0,148,319
03/13/2013,BFL,CA,AWP,WE,Combined TRACON& Tower with Radar,10,24,33,0,67,0,11,85,0,96,10,35,118,0,163,128,0,128,291
03/14/2013,BFL,CA,AWP,WE,Combined TRACON& Tower with Radar,10,16,46,0,72,0,6,85,0,91,10,22,131,0,163,86,0,86,249
03/15/2013,BFL,CA,AWP,WE,Combined TRACON& Tower with Radar,10,20,45,2,77,0,2,106,0,108,10,22,151,2,185,76,0,76,261
03/16/2013,BFL,CA,AWP,WE,Combined TRACON& Tower with Radar,6,17,20,0,43,0,1,59,0,60,6,18,79,0,103,8,0,8,111
03/17/2013,BFL,CA,AWP,WE,Combined TRACON& Tower with Radar,5,17,21,0,43,0,4,67,0,71,5,21,88,0,114,0,0,0,114
03/18/2013,BFL,CA,AWP,WE,Combined TRACON& Tower with Radar,9,17,58,2,86,0,1,107,0,108,9,18,165,2,194,96,0,96,290
03/19/2013,BFL,CA,AWP,WE,Combined TRACON& Tower with Radar,8,23,34,1,66,0,13,103,0,116,8,36,137,1,182,96,0,96,278
03/20/2013,BFL,CA,AWP,WE,Combined TRACON& Tower with Radar,11,19,49,6,85,0,8,63,0,71,11,27,112,6,156,98,0,98,254
03/21/2013,BFL,CA,AWP,WE,Combined TRACON& Tower with Radar,10,22,72,0,104,0,1,22,0,23,10,23,94,0,127,26,0,26,153
03/22/2013,BFL,CA,AWP,WE,Combined TRACON& Tower with Radar,10,26,58,0,94,0,3,99,0,102,10,29,157,0,196,119,0,119,315
03/23/2013,BFL,CA,AWP,WE,Combined TRACON& Tower with Radar,7,18,27,0,52,0,6,36,0,42,7,24,63,0,94,3,0,3,97
03/24/2013,BFL,CA,AWP,WE,Combined TRACON& Tower with Radar,5,14,42,0,61,0,11,76,0,87,5,25,118,0,148,30,0,30,178
03/25/2013,BFL,CA,AWP,WE,Combined TRACON& Tower with Radar,9,14,60,8,91,0,11,97,26,134,9,25,157,34,225,212,4,216,441
03/26/2013,BFL,CA,AWP,WE,Combined TRACON& Tower with Radar,9,20,38,1,68,0,12,98,1,111,9,32,136,2,179,254,0,254,433
03/27/2013,BFL,CA,AWP,WE,Combined TRACON& Tower with Radar,8,26,52,0,86,0,2,97,1,100,8,28,149,1,186,172,0,172,358
03/28/2013,BFL,CA,AWP,WE,Combined TRACON& Tower with Radar,10,19,86,6,121,0,1,105,1,107,10,20,191,7,228,166,0,166,394
03/29/2013,BFL,CA,AWP,WE,Combined TRACON& Tower with Radar,10,20,54,1,85,0,16,105,1,122,10,36,159,2,207,162,0,162,369
03/30/2013,BFL,CA,AWP,WE,Combined TRACON& Tower with Radar,6,18,20,1,45,0,2,69,1,72,6,20,89,2,117,28,0,28,145
03/31/2013,BFL,CA,AWP,WE,Combined TRACON& Tower with Radar,6,14,19,0,39,0,7,16,0,23,6,21,35,0,62,0,0,0,62
04/01/2013,BFL,CA,AWP,WE,Combined TRACON& Tower with Radar,9,16,65,2,92,0,10,82,0,92,9,26,147,2,184,218,0,218,402
04/02/2013,BFL,CA,AWP,WE,Combined TRACON& Tower with Radar,8,24,43,0,75,0,9,87,0,96,8,33,130,0,171,146,0,146,317
04/03/2013,BFL,CA,AWP,WE,Combined TRACON& Tower with Radar,20,25,63,0,108,0,12,92,2,106,20,37,155,2,214,126,0,126,340
04/04/2013,BFL,CA,AWP,WE,Combined TRACON& Tower with Radar,7,30,85,0,122,0,6,83,2,91,7,36,168,2,213,45,0,45,258
04/05/2013,BFL,CA,AWP,WE,Combined TRACON& Tower with Radar,10,26,61,3,100,0,5,44,3,52,10,31,105,6,152,27,0,27,179
04/06/2013,BFL,CA,AWP,WE,Combined TRACON& Tower with Radar,8,14,28,0,50,0,2,47,0,49,8,16,75,0,99,45,0,45,144
04/07/2013,BFL,CA,AWP,WE,Combined TRACON& Tower with Radar,6,15,22,0,43,0,3,54,0,57,6,18,76,0,100,18,0,18,118
04/08/2013,BFL,CA,AWP,WE,Combined TRACON& Tower with Radar,10,15,35,0,60,0,2,33,0,35,10,17,68,0,95,36,0,36,131
04/09/2013,BFL,CA,AWP,WE,Combined TRACON& Tower with Radar,8,23,64,2,97,0,12,138,0,150,8,35,202,2,247,176,0,176,423
04/10/2013,BFL,CA,AWP,WE,Combined TRACON& Tower with Radar,9,24,47,4,84,4,5,84,0,93,13,29,131,4,177,84,2,86,263
04/11/2013,BFL,CA,AWP,WE,Combined TRACON& Tower with Radar,7,24,58,3,92,0,8,105,0,113,7,32,163,3,205,74,0,74,279
04/12/2013,BFL,CA,AWP,WE,Combined TRACON& Tower with Radar,8,24,56,1,89,0,11,130,1,142,8,35,186,2,231,146,0,146,377
04/13/2013,BFL,CA,AWP,WE,Combined TRACON& Tower with Radar,5,14,28,0,47,0,2,75,0,77,5,16,103,0,124,82,0,82,206
04/14/2013,BFL,CA,AWP,WE,Combined TRACON& Tower with Radar,7,12,42,1,62,0,5,65,5,75,7,17,107,6,137,16,0,16,153
04/15/2013,BFL,CA,AWP,WE,Combined TRACON& Tower with Radar,9,19,70,1,99,0,7,72,0,79,9,26,142,1,178,142,0,142,320
04/16/2013,BFL,CA,AWP,WE,Combined TRACON& Tower with Radar,9,24,37,0,70,0,7,69,0,76,9,31,106,0,146,84,0,84,230
04/17/2013,BFL,CA,AWP,WE,Combined TRACON& Tower with Radar,7,22,53,1,83,0,5,125,1,131,7,27,178,2,214,158,0,158,372
04/18/2013,BFL,CA,AWP,WE,Combined TRACON& Tower with Radar,9,21,52,0,82,0,4,113,0,117,9,25,165,0,199,148,0,148,347
04/19/2013,BFL,CA,AWP,WE,Combined TRACON& Tower with Radar,7,21,48,0,76,0,2,109,0,111,7,23,157,0,187,124,0,124,311
04/20/2013,BFL,CA,AWP,WE,Combined TRACON& Tower with Radar,7,13,17,1,38,0,0,68,1,69,7,13,85,2,107,16,4,20,127
04/21/2013,BFL,CA,AWP,WE,Combined TRACON& Tower with Radar,9,14,39,1,63,0,8,73,0,81,9,22,112,1,144,20,0,20,164
04/22/2013,BFL,CA,AWP,WE,Combined TRACON& Tower with Radar,10,17,31,0,58,0,11,119,1,131,10,28,150,1,189,190,0,190,379
04/23/2013,BFL,CA,AWP,WE,Combined TRACON& Tower with Radar,7,20,54,0,81,0,18,115,0,133,7,38,169,0,214,108,0,108,322
04/24/2013,BFL,CA,AWP,WE,Combined TRACON& Tower with Radar,10,27,54,0,91,0,5,105,0,110,10,32,159,0,201,146,0,146,347
04/25/2013,BFL,CA,AWP,WE,Combined TRACON& Tower with Radar,8,20,52,6,86,0,3,82,0,85,8,23,134,6,171,184,30,214,385
04/26/2013,BFL,CA,AWP,WE,Combined TRACON& Tower with Radar,7,19,38,0,64,0,12,99,0,111,7,31,137,0,175,128,0,128,303
04/27/2013,BFL,CA,AWP,WE,Combined TRACON& Tower with Radar,6,13,34,0,53,0,6,78,2,86,6,19,112,2,139,39,0,39,178
04/28/2013,BFL,CA,AWP,WE,Combined TRACON& Tower with Radar,9,14,24,0,47,0,6,65,0,71,9,20,89,0,118,58,0,58,176
04/29/2013,BFL,CA,AWP,WE,Combined TRACON& Tower with Radar,10,17,51,0,78,0,4,101,0,105,10,21,152,0,183,138,0,138,321
04/30/2013,BFL,CA,AWP,WE,Combined TRACON& Tower with Radar,9,25,53,0,87,0,14,94,0,108,9,39,147,0,195,186,0,186,381
05/01/2013,BFL,CA,AWP,WE,Combined TRACON& Tower with Radar,8,23,56,1,88,0,15,97,0,112,8,38,153,1,200,165,0,165,365
05/02/2013,BFL,CA,AWP,WE,Combined TRACON& Tower with Radar,9,24,75,1,109,0,5,71,1,77,9,29,146,2,186,110,0,110,296
05/03/2013,BFL,CA,AWP,WE,Combined TRACON& Tower with Radar,8,23,77,0,108,0,19,89,0,108,8,42,166,0,216,166,0,166,382
05/04/2013,BFL,CA,AWP,WE,Combined TRACON& Tower with Radar,7,19,30,0,56,0,6,63,0,69,7,25,93,0,125,30,0,30,155
05/05/2013,BFL,CA,AWP,WE,Combined TRACON& Tower with Radar,5,14,25,2,46,0,3,27,0,30,5,17,52,2,76,9,0,9,85
05/06/2013,BFL,CA,AWP,WE,Combined TRACON& Tower with Radar,7,18,72,0,97,0,12,87,0,99,7,30,159,0,196,198,0,198,394
05/07/2013,BFL,CA,AWP,WE,Combined TRACON& Tower with Radar,10,22,78,0,110,0,9,66,0,75,10,31,144,0,185,172,0,172,357
05/08/2013,BFL,CA,AWP,WE,Combined TRACON& Tower with Radar,12,20,86,0,118,0,6,75,0,81,12,26,161,0,199,154,0,154,353
05/09/2013,BFL,CA,AWP,WE,Combined TRACON& Tower with Radar,7,28,84,0,119,0,4,76,0,80,7,32,160,0,199,156,0,156,355
05/10/2013,BFL,CA,AWP,WE,Combined TRACON& Tower with Radar,7,27,94,1,129,0,5,111,3,119,7,32,205,4,248,155,0,155,403
05/11/2013,BFL,CA,AWP,WE,Combined TRACON& Tower with Radar,7,14,40,0,61,0,8,92,0,100,7,22,132,0,161,80,0,80,241
05/12/2013,BFL,CA,AWP,WE,Combined TRACON& Tower with Radar,7,15,26,0,48,0,14,63,0,77,7,29,89,0,125,34,0,34,159
05/13/2013,BFL,CA,AWP,WE,Combined TRACON& Tower with Radar,10,17,72,0,99,0,7,92,0,99,10,24,164,0,198,166,0,166,364
05/14/2013,BFL,CA,AWP,WE,Combined TRACON& Tower with Radar,8,26,51,0,85,0,5,143,0,148,8,31,194,0,233,70,0,70,303
05/15/2013,BFL,CA,AWP,WE,Combined TRACON& Tower with Radar,10,25,57,0,92,0,3,146,0,149,10,28,203,0,241,92,0,92,333
05/16/2013,BFL,CA,AWP,WE,Combined TRACON& Tower with Radar,9,31,95,7,142,0,15,94,12,121,9,46,189,19,263,82,0,82,345
05/17/2013,BFL,CA,AWP,WE,Combined TRACON& Tower with Radar,7,21,96,0,124,0,7,107,1,115,7,28,203,1,239,74,0,74,313
05/18/2013,BFL,CA,AWP,WE,Combined TRACON& Tower with Radar,5,15,20,3,43,0,4,67,1,72,5,19,87,4,115,44,0,44,159
05/19/2013,BFL,CA,AWP,WE,Combined TRACON& Tower with Radar,6,16,21,0,43,0,10,62,0,72,6,26,83,0,115,20,0,20,135
05/20/2013,BFL,CA,AWP,WE,Combined TRACON& Tower with Radar,8,17,63,1,89,0,3,98,0,101,8,20,161,1,190,108,0,108,298
05/21/2013,BFL,CA,AWP,WE,Combined TRACON& Tower with Radar,9,22,80,2,113,0,11,115,0,126,9,33,195,2,239,116,0,116,355
05/22/2013,BFL,CA,AWP,WE,Combined TRACON& Tower with Radar,7,22,61,2,92,0,6,86,0,92,7,28,147,2,184,95,0,95,279
05/23/2013,BFL,CA,AWP,WE,Combined TRACON& Tower with Radar,9,19,61,0,89,0,13,111,0,124,9,32,172,0,213,122,0,122,335
05/24/2013,BFL,CA,AWP,WE,Combined TRACON& Tower with Radar,8,19,90,0,117,0,8,97,6,111,8,27,187,6,228,160,0,160,388
05/25/2013,BFL,CA,AWP,WE,Combined TRACON& Tower with Radar,5,15,23,0,43,0,8,97,0,105,5,23,120,0,148,60,0,60,208
05/26/2013,BFL,CA,AWP,WE,Combined TRACON& Tower with Radar,5,15,18,0,38,0,3,59,0,62,5,18,77,0,100,18,0,18,118
05/27/2013,BFL,CA,AWP,WE,Combined TRACON& Tower with Radar,8,12,51,0,71,0,16,107,0,123,8,28,158,0,194,48,0,48,242
05/28/2013,BFL,CA,AWP,WE,Combined TRACON& Tower with Radar,10,19,46,1,76,0,5,66,1,72,10,24,112,2,148,78,0,78,226
05/29/2013,BFL,CA,AWP,WE,Combined TRACON& Tower with Radar,7,23,78,2,110,0,5,130,0,135,7,28,208,2,245,120,6,126,371
05/30/2013,BFL,CA,AWP,WE,Combined TRACON& Tower with Radar,10,21,85,0,116,0,6,113,0,119,10,27,198,0,235,190,0,190,425
05/31/2013,BFL,CA,AWP,WE,Combined TRACON& Tower with Radar,8,20,61,0,89,0,11,106,0,117,8,31,167,0,206,168,0,168,374
06/01/2013,BFL,CA,AWP,WE,Combined TRACON& Tower with Radar,2,19,20,0,41,0,14,93,0,107,2,33,113,0,148,57,0,57,205
06/02/2013,BFL,CA,AWP,WE,Combined TRACON& Tower with Radar,3,18,27,0,48,0,4,47,0,51,3,22,74,0,99,12,0,12,111
06/03/2013,BFL,CA,AWP,WE,Combined TRACON& Tower with Radar,6,21,29,0,56,0,9,58,0,67,6,30,87,0,123,50,0,50,173
06/04/2013,BFL,CA,AWP,WE,Combined TRACON& Tower with Radar,6,25,84,0,115,0,8,99,0,107,6,33,183,0,222,184,0,184,406
06/05/2013,BFL,CA,AWP,WE,Combined TRACON& Tower with Radar,6,26,57,0,89,0,7,91,1,99,6,33,148,1,188,132,0,132,320
06/06/2013,BFL,CA,AWP,WE,Combined TRACON& Tower with Radar,3,25,90,5,123,0,2,80,3,85,3,27,170,8,208,196,0,196,404
06/07/2013,BFL,CA,AWP,WE,Combined TRACON& Tower with Radar,3,30,76,2,111,0,9,119,14,142,3,39,195,16,253,122,0,122,375
06/08/2013,BFL,CA,AWP,WE,Combined TRACON& Tower with Radar,3,16,20,0,39,0,0,43,1,44,3,16,63,1,83,16,0,16,99
06/09/2013,BFL,CA,AWP,WE,Combined TRACON& Tower with Radar,2,18,30,2,52,0,3,44,0,47,2,21,74,2,99,4,0,4,103
06/10/2013,BFL,CA,AWP,WE,Combined TRACON& Tower with Radar,5,23,52,0,80,0,15,93,2,110,5,38,145,2,190,166,0,166,356
06/11/2013,BFL,CA,AWP,WE,Combined TRACON& Tower with Radar,6,29,53,2,90,0,8,99,0,107,6,37,152,2,197,200,0,200,397
06/12/2013,BFL,CA,AWP,WE,Combined TRACON& Tower with Radar,4,21,46,2,73,0,3,72,0,75,4,24,118,2,148,188,0,188,336
06/13/2013,BFL,CA,AWP,WE,Combined TRACON& Tower with Radar,3,26,56,0,85,0,8,107,0,115,3,34,163,0,200,184,0,184,384
06/14/2013,BFL,CA,AWP,WE,Combined TRACON& Tower with Radar,5,26,52,0,83,0,12,126,0,138,5,38,178,0,221,154,0,154,375
06/15/2013,BFL,CA,AWP,WE,Combined TRACON& Tower with Radar,3,20,32,0,55,0,8,58,0,66,3,28,90,0,121,30,0,30,151
06/16/2013,BFL,CA,AWP,WE,Combined TRACON& Tower with Radar,4,23,25,0,52,0,2,61,0,63,4,25,86,0,115,34,0,34,149
06/17/2013,BFL,CA,AWP,WE,Combined TRACON& Tower with Radar,5,19,60,0,84,0,5,109,0,114,5,24,169,0,198,146,0,146,344
06/18/2013,BFL,CA,AWP,WE,Combined TRACON& Tower with Radar,5,26,64,8,103,0,9,98,0,107,5,35,162,8,210,136,0,136,346
06/19/2013,BFL,CA,AWP,WE,Combined TRACON& Tower with Radar,5,28,77,2,112,0,5,112,0,117,5,33,189,2,229,152,0,152,381
06/20/2013,BFL,CA,AWP,WE,Combined TRACON& Tower with Radar,4,28,70,2,104,0,6,120,0,126,4,34,190,2,230,210,0,210,440
06/21/2013,BFL,CA,AWP,WE,Combined TRACON& Tower with Radar,4,25,100,0,129,0,4,130,0,134,4,29,230,0,263,190,0,190,453
06/22/2013,BFL,CA,AWP,WE,Combined TRACON& Tower with Radar,3,17,27,0,47,0,4,55,0,59,3,21,82,0,106,28,0,28,134
06/23/2013,BFL,CA,AWP,WE,Combined TRACON& Tower with Radar,3,15,43,2,63,0,0,73,2,75,3,15,116,4,138,14,0,14,152
06/24/2013,BFL,CA,AWP,WE,Combined TRACON& Tower with Radar,6,17,73,0,96,0,3,118,0,121,6,20,191,0,217,138,0,138,355
06/25/2013,BFL,CA,AWP,WE,Combined TRACON& Tower with Radar,6,23,64,2,95,0,7,104,2,113,6,30,168,4,208,190,0,190,398
06/26/2013,BFL,CA,AWP,WE,Combined TRACON& Tower with Radar,6,23,49,0,78,0,5,121,0,126,6,28,170,0,204,160,0,160,364
06/27/2013,BFL,CA,AWP,WE,Combined TRACON& Tower with Radar,4,22,71,1,98,0,14,98,3,115,4,36,169,4,213,130,10,140,353
06/28/2013,BFL,CA,AWP,WE,Combined TRACON& Tower with Radar,6,26,76,1,109,0,4,135,0,139,6,30,211,1,248,186,0,186,434
06/29/2013,BFL,CA,AWP,WE,Combined TRACON& Tower with Radar,5,18,16,0,39,0,2,55,18,75,5,20,71,18,114,40,11,51,165
06/30/2013,BFL,CA,AWP,WE,Combined TRACON& Tower with Radar,3,16,26,0,45,0,5,58,2,65,3,21,84,2,110,16,3,19,129
07/01/2013,BFL,CA,AWP,WE,Combined TRACON& Tower with Radar,6,16,57,0,79,0,0,99,0,99,6,16,156,0,178,148,0,148,326
07/02/2013,BFL,CA,AWP,WE,Combined TRACON& Tower with Radar,3,23,45,0,71,0,8,120,2,130,3,31,165,2,201,140,0,140,341
07/03/2013,BFL,CA,AWP,WE,Combined TRACON& Tower with Radar,6,25,56,0,87,0,2,116,0,118,6,27,172,0,205,190,0,190,395
07/04/2013,BFL,CA,AWP,WE,Combined TRACON& Tower with Radar,3,12,10,0,25,0,9,29,0,38,3,21,39,0,63,20,0,20,83
07/05/2013,BFL,CA,AWP,WE,Combined TRACON& Tower with Radar,3,20,24,0,47,0,1,34,0,35,3,21,58,0,82,6,0,6,88
07/06/2013,BFL,CA,AWP,WE,Combined TRACON& Tower with Radar,3,16,27,0,46,0,0,49,0,49,3,16,76,0,95,26,0,26,121
07/07/2013,BFL,CA,AWP,WE,Combined TRACON& Tower with Radar,2,12,34,0,48,0,1,44,0,45,2,13,78,0,93,4,0,4,97
07/08/2013,BFL,CA,AWP,WE,Combined TRACON& Tower with Radar,5,17,71,1,94,0,4,110,1,115,5,21,181,2,209,134,0,134,343
07/09/2013,BFL,CA,AWP,WE,Combined TRACON& Tower with Radar,5,25,75,0,105,0,7,116,0,123,5,32,191,0,228,120,0,120,348
07/10/2013,BFL,CA,AWP,WE,Combined TRACON& Tower with Radar,6,29,77,0,112,0,9,106,0,115,6,38,183,0,227,124,0,124,351
07/11/2013,BFL,CA,AWP,WE,Combined TRACON& Tower with Radar,3,27,70,0,100,0,6,119,1,126,3,33,189,1,226,154,0,154,380
07/12/2013,BFL,CA,AWP,WE,Combined TRACON& Tower with Radar,6,21,64,2,93,0,4,113,1,118,6,25,177,3,211,132,0,132,343
07/13/2013,BFL,CA,AWP,WE,Combined TRACON& Tower with Radar,3,21,32,4,60,0,5,76,4,85,3,26,108,8,145,16,4,20,165
07/14/2013,BFL,CA,AWP,WE,Combined TRACON& Tower with Radar,2,16,29,0,47,0,2,44,0,46,2,18,73,0,93,22,0,22,115
07/15/2013,BFL,CA,AWP,WE,Combined TRACON& Tower with Radar,4,22,55,0,81,0,6,119,0,125,4,28,174,0,206,142,0,142,348
07/16/2013,BFL,CA,AWP,WE,Combined TRACON& Tower with Radar,5,24,48,2,79,0,1,103,0,104,5,25,151,2,183,170,0,170,353
07/17/2013,BFL,CA,AWP,WE,Combined TRACON& Tower with Radar,6,30,60,0,96,0,2,117,1,120,6,32,177,1,216,104,0,104,320
07/18/2013,BFL,CA,AWP,WE,Combined TRACON& Tower with Radar,6,27,59,4,96,0,14,175,6,195,6,41,234,10,291,208,28,236,527
07/19/2013,BFL,CA,AWP,WE,Combined TRACON& Tower with Radar,3,25,44,2,74,0,1,125,0,126,3,26,169,2,200,158,4,162,362
07/20/2013,BFL,CA,AWP,WE,Combined TRACON& Tower with Radar,3,17,19,0,39,0,0,65,3,68,3,17,84,3,107,44,0,44,151
07/21/2013,BFL,CA,AWP,WE,Combined TRACON& Tower with Radar,3,16,30,0,49,0,6,48,1,55,3,22,78,1,104,2,0,2,106
07/22/2013,BFL,CA,AWP,WE,Combined TRACON& Tower with Radar,6,21,33,0,60,0,4,91,0,95,6,25,124,0,155,152,0,152,307
07/23/2013,BFL,CA,AWP,WE,Combined TRACON& Tower with Radar,6,23,41,0,70,0,5,86,0,91,6,28,127,0,161,136,0,136,297
07/24/2013,BFL,CA,AWP,WE,Combined TRACON& Tower with Radar,5,26,64,0,95,0,3,94,0,97,5,29,158,0,192,206,0,206,398
07/25/2013,BFL,CA,AWP,WE,Combined TRACON& Tower with Radar,4,25,57,0,86,0,5,129,1,135,4,30,186,1,221,176,0,176,397
07/26/2013,BFL,CA,AWP,WE,Combined TRACON& Tower with Radar,6,26,39,0,71,0,3,97,0,100,6,29,136,0,171,102,0,102,273
07/27/2013,BFL,CA,AWP,WE,Combined TRACON& Tower with Radar,3,22,23,0,48,0,5,62,0,67,3,27,85,0,115,38,0,38,153
07/28/2013,BFL,CA,AWP,WE,Combined TRACON& Tower with Radar,2,18,21,0,41,0,4,63,0,67,2,22,84,0,108,28,0,28,136
07/29/2013,BFL,CA,AWP,WE,Combined TRACON& Tower with Radar,6,20,46,1,73,0,3,73,1,77,6,23,119,2,150,196,0,196,346
07/30/2013,BFL,CA,AWP,WE,Combined TRACON& Tower with Radar,4,27,45,3,79,0,18,102,2,122,4,45,147,5,201,168,0,168,369
07/31/2013,BFL,CA,AWP,WE,Combined TRACON& Tower with Radar,6,27,49,0,82,0,6,87,0,93,6,33,136,0,175,154,0,154,329
08/01/2013,BFL,CA,AWP,WE,Combined TRACON& Tower with Radar,4,28,72,0,104,0,5,134,0,139,4,33,206,0,243,242,0,242,485
08/02/2013,BFL,CA,AWP,WE,Combined TRACON& Tower with Radar,6,23,59,0,88,0,16,117,0,133,6,39,176,0,221,200,0,200,421
08/03/2013,BFL,CA,AWP,WE,Combined TRACON& Tower with Radar,3,20,20,2,45,0,9,43,2,54,3,29,63,4,99,8,0,8,107
08/04/2013,BFL,CA,AWP,WE,Combined TRACON& Tower with Radar,3,15,43,0,61,0,8,54,0,62,3,23,97,0,123,18,0,18,141
08/05/2013,BFL,CA,AWP,WE,Combined TRACON& Tower with Radar,6,21,83,0,110,0,6,104,0,110,6,27,187,0,220,208,0,208,428
08/06/2013,BFL,CA,AWP,WE,Combined TRACON& Tower with Radar,4,27,72,4,107,0,5,67,0,72,4,32,139,4,179,210,0,210,389
08/07/2013,BFL,CA,AWP,WE,Combined TRACON& Tower with Radar,6,27,53,2,88,0,1,99,0,100,6,28,152,2,188,216,0,216,404
08/08/2013,BFL,CA,AWP,WE,Combined TRACON& Tower with Radar,4,30,59,0,93,0,10,85,0,95,4,40,144,0,188,130,0,130,318
08/09/2013,BFL,CA,AWP,WE,Combined TRACON& Tower with Radar,6,25,54,0,85,0,3,89,0,92,6,28,143,0,177,156,0,156,333
08/10/2013,BFL,CA,AWP,WE,Combined TRACON& Tower with Radar,3,18,51,1,73,0,8,78,0,86,3,26,129,1,159,50,0,50,209
08/11/2013,BFL,CA,AWP,WE,Combined TRACON& Tower with Radar,3,15,39,0,57,0,6,65,0,71,3,21,104,0,128,82,0,82,210
08/12/2013,BFL,CA,AWP,WE,Combined TRACON& Tower with Radar,6,20,64,2,92,0,4,107,0,111,6,24,171,2,203,66,0,66,269
08/13/2013,BFL,CA,AWP,WE,Combined TRACON& Tower with Radar,4,27,44,2,77,0,9,86,0,95,4,36,130,2,172,74,0,74,246
08/14/2013,BFL,CA,AWP,WE,Combined TRACON& Tower with Radar,5,24,40,0,69,0,4,88,0,92,5,28,128,0,161,88,0,88,249
08/15/2013,BFL,CA,AWP,WE,Combined TRACON& Tower with Radar,6,25,49,3,83,0,7,92,4,103,6,32,141,7,186,90,18,108,294
08/16/2013,BFL,CA,AWP,WE,Combined TRACON& Tower with Radar,4,24,29,0,57,0,4,80,0,84,4,28,109,0,141,82,0,82,223
08/17/2013,BFL,CA,AWP,WE,Combined TRACON& Tower with Radar,3,18,33,0,54,0,8,76,0,84,3,26,109,0,138,12,0,12,150
08/18/2013,BFL,CA,AWP,WE,Combined TRACON& Tower with Radar,3,15,35,0,53,0,5,58,0,63,3,20,93,0,116,20,0,20,136
08/19/2013,BFL,CA,AWP,WE,Combined TRACON& Tower with Radar,6,19,35,4,64,0,5,65,2,72,6,24,100,6,136,134,0,134,270
08/20/2013,BFL,CA,AWP,WE,Combined TRACON& Tower with Radar,4,25,34,0,63,0,2,84,2,88,4,27,118,2,151,96,0,96,247
08/21/2013,BFL,CA,AWP,WE,Combined TRACON& Tower with Radar,6,22,39,1,68,0,6,96,1,103,6,28,135,2,171,124,0,124,295
08/22/2013,BFL,CA,AWP,WE,Combined TRACON& Tower with Radar,4,26,44,0,74,0,6,110,2,118,4,32,154,2,192,72,0,72,264
08/23/2013,BFL,CA,AWP,WE,Combined TRACON& Tower with Radar,6,28,41,0,75,0,7,120,5,132,6,35,161,5,207,130,0,130,337
08/24/2013,BFL,CA,AWP,WE,Combined TRACON& Tower with Radar,3,25,27,0,55,0,17,76,2,95,3,42,103,2,150,26,0,26,176
08/25/2013,BFL,CA,AWP,WE,Combined TRACON& Tower with Radar,5,15,40,0,60,0,8,51,0,59,5,23,91,0,119,16,0,16,135
08/26/2013,BFL,CA,AWP,WE,Combined TRACON& Tower with Radar,6,23,45,2,76,0,13,114,0,127,6,36,159,2,203,88,2,90,293
08/27/2013,BFL,CA,AWP,WE,Combined TRACON& Tower with Radar,4,28,68,0,100,0,2,47,0,49,4,30,115,0,149,72,0,72,221
08/28/2013,BFL,CA,AWP,WE,Combined TRACON& Tower with Radar,6,33,64,0,103,0,6,60,0,66,6,39,124,0,169,93,0,93,262
08/29/2013,BFL,CA,AWP,WE,Combined TRACON& Tower with Radar,6,28,81,4,119,0,6,96,2,104,6,34,177,6,223,72,0,72,295
08/30/2013,BFL,CA,AWP,WE,Combined TRACON& Tower with Radar,4,27,102,2,135,0,8,74,1,83,4,35,176,3,218,32,0,32,250
08/31/2013,BFL,CA,AWP,WE,Combined TRACON& Tower with Radar,3,18,22,0,43,0,4,56,0,60,3,22,78,0,103,8,0,8,111
09/01/2013,BFL,CA,AWP,WE,Combined TRACON& Tower with Radar,3,12,24,0,39,0,7,39,0,46,3,19,63,0,85,4,0,4,89
09/02/2013,BFL,CA,AWP,WE,Combined TRACON& Tower with Radar,4,20,45,1,70,0,8,57,5,70,4,28,102,6,140,14,0,14,154
09/03/2013,BFL,CA,AWP,WE,Combined TRACON& Tower with Radar,4,21,67,0,92,0,6,65,0,71,4,27,132,0,163,90,0,90,253
09/04/2013,BFL,CA,AWP,WE,Combined TRACON& Tower with Radar,6,22,39,1,68,0,4,87,4,95,6,26,126,5,163,60,0,60,223
09/05/2013,BFL,CA,AWP,WE,Combined TRACON& Tower with Radar,4,27,44,0,75,0,10,112,0,122,4,37,156,0,197,78,0,78,275
09/06/2013,BFL,CA,AWP,WE,Combined TRACON& Tower with Radar,6,28,41,0,75,0,5,102,0,107,6,33,143,0,182,106,0,106,288
09/07/2013,BFL,CA,AWP,WE,Combined TRACON& Tower with Radar,3,25,27,0,55,0,9,60,2,71,3,34,87,2,126,6,0,6,132
09/08/2013,BFL,CA,AWP,WE,Combined TRACON& Tower with Radar,5,15,40,0,60,0,14,50,0,64,5,29,90,0,124,30,0,30,154
09/09/2013,BFL,CA,AWP,WE,Combined TRACON& Tower with Radar,5,19,46,2,72,0,9,86,0,95,5,28,132,2,167,88,0,88,255
09/10/2013,BFL,CA,AWP,WE,Combined TRACON& Tower with Radar,4,24,60,0,88,0,3,88,0,91,4,27,148,0,179,98,0,98,277
09/11/2013,BFL,CA,AWP,WE,Combined TRACON& Tower with Radar,6,23,67,0,96,0,4,86,0,90,6,27,153,0,186,74,0,74,260
09/12/2013,BFL,CA,AWP,WE,Combined TRACON& Tower with Radar,4,30,65,2,101,0,5,89,0,94,4,35,154,2,195,56,0,56,251
09/13/2013,BFL,CA,AWP,WE,Combined TRACON& Tower with Radar,3,26,70,1,100,2,4,88,7,101,5,30,158,8,201,52,0,52,253
09/14/2013,BFL,CA,AWP,WE,Combined TRACON& Tower with Radar,2,16,22,0,40,0,6,48,0,54,2,22,70,0,94,30,0,30,124
09/15/2013,BFL,CA,AWP,WE,Combined TRACON& Tower with Radar,4,20,32,0,56,0,4,49,0,53,4,24,81,0,109,24,0,24,133
09/16/2013,BFL,CA,AWP,WE,Combined TRACON& Tower with Radar,6,22,34,0,62,0,4,82,1,87,6,26,116,1,149,179,0,179,328
09/17/2013,BFL,CA,AWP,WE,Combined TRACON& Tower with Radar,4,25,62,1,92,0,6,96,3,105,4,31,158,4,197,90,4,94,291
09/18/2013,BFL,CA,AWP,WE,Combined TRACON& Tower with Radar,6,31,51,3,91,0,10,85,1,96,6,41,136,4,187,96,0,96,283
09/19/2013,BFL,CA,AWP,WE,Combined TRACON& Tower with Radar,4,26,83,2,115,0,3,82,6,91,4,29,165,8,206,58,0,58,264
09/20/2013,BFL,CA,AWP,WE,Combined TRACON& Tower with Radar,3,26,48,7,84,0,2,86,18,106,3,28,134,25,190,40,18,58,248
09/21/2013,BFL,CA,AWP,WE,Combined TRACON& Tower with Radar,2,17,32,1,52,0,4,52,1,57,2,21,84,2,109,46,4,50,159
09/22/2013,BFL,CA,AWP,WE,Combined TRACON& Tower with Radar,3,19,30,0,52,0,3,43,0,46,3,22,73,0,98,30,0,30,128
09/23/2013,BFL,CA,AWP,WE,Combined TRACON& Tower with Radar,5,24,60,0,89,0,3,71,0,74,5,27,131,0,163,40,0,40,203
09/24/2013,BFL,CA,AWP,WE,Combined TRACON& Tower with Radar,3,16,57,0,76,0,5,79,1,85,3,21,136,1,161,80,0,80,241
09/25/2013,BFL,CA,AWP,WE,Combined TRACON& Tower with Radar,5,27,80,0,112,0,7,87,0,94,5,34,167,0,206,46,0,46,252
09/26/2013,BFL,CA,AWP,WE,Combined TRACON& Tower with Radar,4,29,57,0,90,0,18,91,0,109,4,47,148,0,199,84,0,84,283
09/27/2013,BFL,CA,AWP,WE,Combined TRACON& Tower with Radar,4,25,56,0,85,0,6,96,0,102,4,31,152,0,187,80,0,80,267
09/28/2013,BFL,CA,AWP,WE,Combined TRACON& Tower with Radar,2,17,26,0,45,0,2,64,0,66,2,19,90,0,111,20,0,20,131
09/29/2013,BFL,CA,AWP,WE,Combined TRACON& Tower with Radar,4,18,43,0,65,0,0,75,0,75,4,18,118,0,140,10,0,10,150
09/30/2013,BFL,CA,AWP,WE,Combined TRACON& Tower with Radar,7,21,79,0,107,0,4,101,0,105,7,25,180,0,212,114,0,114,326
10/01/2013,BFL,CA,AWP,WE,Combined TRACON& Tower with Radar,6,24,61,4,95,0,5,87,0,92,6,29,148,4,187,104,0,104,291
10/02/2013,BFL,CA,AWP,WE,Combined TRACON& Tower with Radar,6,26,91,0,123,0,6,86,0,92,6,32,177,0,215,72,0,72,287
10/03/2013,BFL,CA,AWP,WE,Combined TRACON& Tower with Radar,3,27,64,2,96,0,10,107,0,117,3,37,171,2,213,128,0,128,341
10/04/2013,BFL,CA,AWP,WE,Combined TRACON& Tower with Radar,6,22,61,0,89,0,9,105,1,115,6,31,166,1,204,192,0,192,396
10/05/2013,BFL,CA,AWP,WE,Combined TRACON& Tower with Radar,2,16,23,0,41,0,3,56,0,59,2,19,79,0,100,50,0,50,150
10/06/2013,BFL,CA,AWP,WE,Combined TRACON& Tower with Radar,4,18,37,0,59,0,4,38,0,42,4,22,75,0,101,0,0,0,101
10/07/2013,BFL,CA,AWP,WE,Combined TRACON& Tower with Radar,6,20,52,4,82,0,8,100,0,108,6,28,152,4,190,144,0,144,334
10/08/2013,BFL,CA,AWP,WE,Combined TRACON& Tower with Radar,4,28,64,0,96,0,7,93,0,100,4,35,157,0,196,120,0,120,316
10/09/2013,BFL,CA,AWP,WE,Combined TRACON& Tower with Radar,6,22,42,0,70,0,5,60,0,65,6,27,102,0,135,74,0,74,209
10/10/2013,BFL,CA,AWP,WE,Combined TRACON& Tower with Radar,4,24,67,5,100,0,3,113,0,116,4,27,180,5,216,162,4,166,382
10/11/2013,BFL,CA,AWP,WE,Combined TRACON& Tower with Radar,4,27,50,1,82,0,6,93,0,99,4,33,143,1,181,170,0,170,351
10/12/2013,BFL,CA,AWP,WE,Combined TRACON& Tower with Radar,2,15,30,0,47,0,2,74,0,76,2,17,104,0,123,22,0,22,145
10/13/2013,BFL,CA,AWP,WE,Combined TRACON& Tower with Radar,5,17,46,1,69,0,7,68,1,76,5,24,114,2,145,14,0,14,159
10/14/2013,BFL,CA,AWP,WE,Combined TRACON& Tower with Radar,4,20,31,0,55,0,18,105,0,123,4,38,136,0,178,202,0,202,380
10/15/2013,BFL,CA,AWP,WE,Combined TRACON& Tower with Radar,4,25,41,0,70,0,8,89,0,97,4,33,130,0,167,192,0,192,359
10/16/2013,BFL,CA,AWP,WE,Combined TRACON& Tower with Radar,6,29,47,6,88,0,7,123,0,130,6,36,170,6,218,166,8,174,392
10/17/2013,BFL,CA,AWP,WE,Combined TRACON& Tower with Radar,4,24,54,0,82,0,4,108,0,112,4,28,162,0,194,210,0,210,404
10/18/2013,BFL,CA,AWP,WE,Combined TRACON& Tower with Radar,6,22,54,0,82,0,3,102,0,105,6,25,156,0,187,118,0,118,305
10/19/2013,BFL,CA,AWP,WE,Combined TRACON& Tower with Radar,3,20,21,0,44,0,6,50,0,56,3,26,71,0,100,18,0,18,118
10/20/2013,BFL,CA,AWP,WE,Combined TRACON& Tower with Radar,3,20,51,3,77,0,5,42,5,52,3,25,93,8,129,12,0,12,141
10/21/2013,BFL,CA,AWP,WE,Combined TRACON& Tower with Radar,6,23,45,0,74,0,9,125,0,134,6,32,170,0,208,234,0,234,442
10/22/2013,BFL,CA,AWP,WE,Combined TRACON& Tower with Radar,4,33,39,0,76,0,6,103,0,109,4,39,142,0,185,234,0,234,419
10/23/2013,BFL,CA,AWP,WE,Combined TRACON& Tower with Radar,6,29,40,0,75,0,12,105,0,117,6,41,145,0,192,196,0,196,388
10/24/2013,BFL,CA,AWP,WE,Combined TRACON& Tower with Radar,3,25,66,0,94,0,4,94,0,98,3,29,160,0,192,161,0,161,353
10/25/2013,BFL,CA,AWP,WE,Combined TRACON& Tower with Radar,4,27,52,0,83,0,3,113,0,116,4,30,165,0,199,198,0,198,397
10/26/2013,BFL,CA,AWP,WE,Combined TRACON& Tower with Radar,2,17,25,0,44,0,2,38,1,41,2,19,63,1,85,20,0,20,105
10/27/2013,BFL,CA,AWP,WE,Combined TRACON& Tower with Radar,5,20,28,0,53,0,6,55,0,61,5,26,83,0,114,16,0,16,130
10/28/2013,BFL,CA,AWP,WE,Combined TRACON& Tower with Radar,6,20,24,0,50,0,8,75,0,83,6,28,99,0,133,124,0,124,257
10/29/2013,BFL,CA,AWP,WE,Combined TRACON& Tower with Radar,3,26,52,2,83,0,2,56,0,58,3,28,108,2,141,91,0,91,232
10/30/2013,BFL,CA,AWP,WE,Combined TRACON& Tower with Radar,5,24,50,4,83,0,1,113,5,119,5,25,163,9,202,122,4,126,328
10/31/2013,BFL,CA,AWP,WE,Combined TRACON& Tower with Radar,4,23,41,4,72,0,4,86,0,90,4,27,127,4,162,162,2,164,326
11/01/2013,BFL,CA,AWP,WE,Combined TRACON& Tower with Radar,6,26,52,1,85,0,9,133,1,143,6,35,185,2,228,206,0,206,434
11/02/2013,BFL,CA,AWP,WE,Combined TRACON& Tower with Radar,2,20,20,0,42,0,1,70,0,71,2,21,90,0,113,40,0,40,153
11/03/2013,BFL,CA,AWP,WE,Combined TRACON& Tower with Radar,3,22,27,1,53,0,5,30,1,36,3,27,57,2,89,10,0,10,99
11/04/2013,BFL,CA,AWP,WE,Combined TRACON& Tower with Radar,6,23,27,2,58,0,5,84,0,89,6,28,111,2,147,118,0,118,265
11/05/2013,BFL,CA,AWP,WE,Combined TRACON& Tower with Radar,4,24,37,2,67,0,4,71,0,75,4,28,108,2,142,90,6,96,238
11/06/2013,BFL,CA,AWP,WE,Combined TRACON& Tower with Radar,6,25,40,0,71,0,4,73,0,77,6,29,113,0,148,66,0,66,214
11/07/2013,BFL,CA,AWP,WE,Combined TRACON& Tower with Radar,4,31,52,0,87,0,6,85,0,91,4,37,137,0,178,48,0,48,226
11/08/2013,BFL,CA,AWP,WE,Combined TRACON& Tower with Radar,4,24,42,2,72,0,8,102,0,110,4,32,144,2,182,72,0,72,254
11/09/2013,BFL,CA,AWP,WE,Combined TRACON& Tower with Radar,3,17,23,0,43,0,1,56,0,57,3,18,79,0,100,42,0,42,142
11/10/2013,BFL,CA,AWP,WE,Combined TRACON& Tower with Radar,3,17,25,0,45,0,16,34,0,50,3,33,59,0,95,2,0,2,97
11/11/2013,BFL,CA,AWP,WE,Combined TRACON& Tower with Radar,4,18,56,0,78,0,4,85,0,89,4,22,141,0,167,42,0,42,209
11/12/2013,BFL,CA,AWP,WE,Combined TRACON& Tower with Radar,5,26,47,0,78,0,9,81,0,90,5,35,128,0,168,178,0,178,346
11/13/2013,BFL,CA,AWP,WE,Combined TRACON& Tower with Radar,6,33,47,1,87,0,4,83,4,91,6,37,130,5,178,76,6,82,260
11/14/2013,BFL,CA,AWP,WE,Combined TRACON& Tower with Radar,4,28,51,3,86,0,4,100,1,105,4,32,151,4,191,106,0,106,297
11/15/2013,BFL,CA,AWP,WE,Combined TRACON& Tower with Radar,4,25,48,0,77,0,2,78,0,80,4,27,126,0,157,68,0,68,225
11/16/2013,BFL,CA,AWP,WE,Combined TRACON& Tower with Radar,3,18,21,0,42,0,1,61,0,62,3,19,82,0,104,18,0,18,122
11/17/2013,BFL,CA,AWP,WE,Combined TRACON& Tower with Radar,3,17,31,0,51,0,3,64,0,67,3,20,95,0,118,20,0,20,138
11/18/2013,BFL,CA,AWP,WE,Combined TRACON& Tower with Radar,8,21,54,4,87,0,2,56,0,58,8,23,110,4,145,16,0,16,161
11/19/2013,BFL,CA,AWP,WE,Combined TRACON& Tower with Radar,4,26,41,2,73,0,6,62,0,68,4,32,103,2,141,88,0,88,229
11/20/2013,BFL,CA,AWP,WE,Combined TRACON& Tower with Radar,6,24,55,2,87,0,0,49,0,49,6,24,104,2,136,56,0,56,192
11/21/2013,BFL,CA,AWP,WE,Combined TRACON& Tower with Radar,6,23,50,0,79,0,0,33,0,33,6,23,83,0,112,68,0,68,180
11/22/2013,BFL,CA,AWP,WE,Combined TRACON& Tower with Radar,3,31,40,0,74,0,0,56,0,56,3,31,96,0,130,90,0,90,220
11/23/2013,BFL,CA,AWP,WE,Combined TRACON& Tower with Radar,3,17,26,0,46,0,1,41,0,42,3,18,67,0,88,24,0,24,112
11/24/2013,BFL,CA,AWP,WE,Combined TRACON& Tower with Radar,2,18,23,0,43,0,5,58,0,63,2,23,81,0,106,52,0,52,158
11/25/2013,BFL,CA,AWP,WE,Combined TRACON& Tower with Radar,3,20,45,0,68,0,7,72,0,79,3,27,117,0,147,70,0,70,217
11/26/2013,BFL,CA,AWP,WE,Combined TRACON& Tower with Radar,5,28,46,0,79,0,0,80,0,80,5,28,126,0,159,108,0,108,267
11/27/2013,BFL,CA,AWP,WE,Combined TRACON& Tower with Radar,4,33,40,0,77,0,2,55,0,57,4,35,95,0,134,58,0,58,192
11/28/2013,BFL,CA,AWP,WE,Combined TRACON& Tower with Radar,2,9,15,0,26,0,4,9,0,13,2,13,24,0,39,4,0,4,43
11/29/2013,BFL,CA,AWP,WE,Combined TRACON& Tower with Radar,3,28,26,0,57,0,5,44,0,49,3,33,70,0,106,10,0,10,116
11/30/2013,BFL,CA,AWP,WE,Combined TRACON& Tower with Radar,3,27,30,0,60,0,6,54,0,60,3,33,84,0,120,0,0,0,120
12/01/2013,BFL,CA,AWP,WE,Combined TRACON& Tower with Radar,3,19,40,0,62,0,10,46,0,56,3,29,86,0,118,4,0,4,122
12/02/2013,BFL,CA,AWP,WE,Combined TRACON& Tower with Radar,6,22,29,5,62,0,10,75,1,86,6,32,104,6,148,84,4,88,236
12/03/2013,BFL,CA,AWP,WE,Combined TRACON& Tower with Radar,3,29,50,1,83,0,4,47,3,54,3,33,97,4,137,75,4,79,216
12/04/2013,BFL,CA,AWP,WE,Combined TRACON& Tower with Radar,6,27,44,0,77,0,4,73,2,79,6,31,117,2,156,36,0,36,192
12/05/2013,BFL,CA,AWP,WE,Combined TRACON& Tower with Radar,3,27,59,4,93,0,7,96,0,103,3,34,155,4,196,132,0,132,328
12/06/2013,BFL,CA,AWP,WE,Combined TRACON& Tower with Radar,3,27,62,0,92,0,13,102,0,115,3,40,164,0,207,134,0,134,341
12/07/2013,BFL,CA,AWP,WE,Combined TRACON& Tower with Radar,3,18,15,0,36,0,2,36,1,39,3,20,51,1,75,10,0,10,85
12/08/2013,BFL,CA,AWP,WE,Combined TRACON& Tower with Radar,2,20,26,0,48,0,3,39,0,42,2,23,65,0,90,10,0,10,100
12/09/2013,BFL,CA,AWP,WE,Combined TRACON& Tower with Radar,5,22,76,0,103,0,2,61,0,63,5,24,137,0,166,127,0,127,293
12/10/2013,BFL,CA,AWP,WE,Combined TRACON& Tower with Radar,4,22,86,2,114,0,3,76,1,80,4,25,162,3,194,92,0,92,286
12/11/2013,BFL,CA,AWP,WE,Combined TRACON& Tower with Radar,6,27,78,4,115,0,3,53,1,57,6,30,131,5,172,58,0,58,230
12/12/2013,BFL,CA,AWP,WE,Combined TRACON& Tower with Radar,5,34,89,0,128,0,4,81,0,85,5,38,170,0,213,83,0,83,296
12/13/2013,BFL,CA,AWP,WE,Combined TRACON& Tower with Radar,3,29,84,4,120,0,0,69,0,69,3,29,153,4,189,46,0,46,235
12/14/2013,BFL,CA,AWP,WE,Combined TRACON& Tower with Radar,3,22,17,0,42,0,2,38,0,40,3,24,55,0,82,10,0,10,92
12/15/2013,BFL,CA,AWP,WE,Combined TRACON& Tower with Radar,3,20,36,0,59,0,10,39,0,49,3,30,75,0,108,0,0,0,108
12/16/2013,BFL,CA,AWP,WE,Combined TRACON& Tower with Radar,6,21,73,2,102,0,4,21,0,25,6,25,94,2,127,0,0,0,127
12/17/2013,BFL,CA,AWP,WE,Combined TRACON& Tower with Radar,4,26,107,1,138,0,4,23,0,27,4,30,130,1,165,0,0,0,165
12/18/2013,BFL,CA,AWP,WE,Combined TRACON& Tower with Radar,6,31,73,1,111,0,0,9,0,9,6,31,82,1,120,0,0,0,120
12/19/2013,BFL,CA,AWP,WE,Combined TRACON& Tower with Radar,3,29,75,0,107,4,0,39,0,43,7,29,114,0,150,86,0,86,236
12/20/2013,BFL,CA,AWP,WE,Combined TRACON& Tower with Radar,3,30,64,0,97,0,12,70,0,82,3,42,134,0,179,29,0,29,208
12/21/2013,BFL,CA,AWP,WE,Combined TRACON& Tower with Radar,2,22,24,0,48,0,7,61,0,68,2,29,85,0,116,19,0,19,135
12/22/2013,BFL,CA,AWP,WE,Combined TRACON& Tower with Radar,3,20,22,0,45,0,4,60,0,64,3,24,82,0,109,18,0,18,127
12/23/2013,BFL,CA,AWP,WE,Combined TRACON& Tower with Radar,6,20,33,0,59,0,0,54,0,54,6,20,87,0,113,82,0,82,195
12/24/2013,BFL,CA,AWP,WE,Combined TRACON& Tower with Radar,1,25,55,0,81,0,19,33,0,52,1,44,88,0,133,34,0,34,167
12/25/2013,BFL,CA,AWP,WE,Combined TRACON& Tower with Radar,1,16,5,0,22,0,8,13,0,21,1,24,18,0,43,4,0,4,47
12/26/2013,BFL,CA,AWP,WE,Combined TRACON& Tower with Radar,4,27,54,0,85,0,6,64,0,70,4,33,118,0,155,55,0,55,210
12/27/2013,BFL,CA,AWP,WE,Combined TRACON& Tower with Radar,6,27,63,2,98,0,6,49,0,55,6,33,112,2,153,6,12,18,171
12/28/2013,BFL,CA,AWP,WE,Combined TRACON& Tower with Radar,3,27,30,0,60,0,1,39,0,40,3,28,69,0,100,2,0,2,102
12/29/2013,BFL,CA,AWP,WE,Combined TRACON& Tower with Radar,3,15,22,0,40,0,5,15,0,20,3,20,37,0,60,10,0,10,70
12/30/2013,BFL,CA,AWP,WE,Combined TRACON& Tower with Radar,5,24,46,0,75,0,13,45,0,58,5,37,91,0,133,40,0,40,173
12/31/2013,BFL,CA,AWP,WE,Combined TRACON& Tower with Radar,3,21,45,0,69,0,10,53,0,63,3,31,98,0,132,46,0,46,178
01/01/2014,BFL,CA,AWP,WE,Combined TRACON& Tower with Radar,3,17,16,0,36,0,21,20,0,41,3,38,36,0,77,28,0,28,105
01/02/2014,BFL,CA,AWP,WE,Combined TRACON& Tower with Radar,4,26,60,0,90,0,4,60,0,64,4,30,120,0,154,50,0,50,204
01/03/2014,BFL,CA,AWP,WE,Combined TRACON& Tower with Radar,4,28,45,7,84,0,3,44,1,48,4,31,89,8,132,0,0,0,132
01/04/2014,BFL,CA,AWP,WE,Combined TRACON& Tower with Radar,3,18,28,0,49,0,1,42,0,43,3,19,70,0,92,4,0,4,96
01/05/2014,BFL,CA,AWP,WE,Combined TRACON& Tower with Radar,2,16,34,3,55,0,9,44,1,54,2,25,78,4,109,10,0,10,119
01/06/2014,BFL,CA,AWP,WE,Combined TRACON& Tower with Radar,8,21,50,0,79,0,10,46,0,56,8,31,96,0,135,41,0,41,176
01/07/2014,BFL,CA,AWP,WE,Combined TRACON& Tower with Radar,3,23,53,0,79,0,4,81,0,85,3,27,134,0,164,144,0,144,308
01/08/2014,BFL,CA,AWP,WE,Combined TRACON& Tower with Radar,3,28,56,6,93,0,8,58,1,67,3,36,114,7,160,86,0,86,246
01/09/2014,BFL,CA,AWP,WE,Combined TRACON& Tower with Radar,4,31,71,2,108,0,6,46,0,52,4,37,117,2,160,48,0,48,208
01/10/2014,BFL,CA,AWP,WE,Combined TRACON& Tower with Radar,8,29,86,6,129,0,6,59,0,65,8,35,145,6,194,38,0,38,232
01/11/2014,BFL,CA,AWP,WE,Combined TRACON& Tower with Radar,2,22,16,0,40,0,3,70,0,73,2,25,86,0,113,42,0,42,155
01/12/2014,BFL,CA,AWP,WE,Combined TRACON& Tower with Radar,6,16,33,2,57,0,7,39,0,46,6,23,72,2,103,38,4,42,145
01/13/2014,BFL,CA,AWP,WE,Combined TRACON& Tower with Radar,6,21,42,2,71,0,10,56,0,66,6,31,98,2,137,48,0,48,185
01/14/2014,BFL,CA,AWP,WE,Combined TRACON& Tower with Radar,3,24,43,1,71,0,10,59,0,69,3,34,102,1,140,26,0,26,166
01/15/2014,BFL,CA,AWP,WE,Combined TRACON& Tower with Radar,5,23,75,0,103,0,8,59,0,67,5,31,134,0,170,35,0,35,205
01/16/2014,BFL,CA,AWP,WE,Combined TRACON& Tower with Radar,4,31,63,4,102,0,17,93,3,113,4,48,156,7,215,14,0,14,229
01/17/2014,BFL,CA,AWP,WE,Combined TRACON& Tower with Radar,4,25,85,2,116,0,3,79,0,82,4,28,164,2,198,90,0,90,288
01/18/2014,BFL,CA,AWP,WE,Combined TRACON& Tower with Radar,2,19,22,0,43,0,4,49,0,53,2,23,71,0,96,80,0,80,176
01/19/2014,BFL,CA,AWP,WE,Combined TRACON& Tower with Radar,6,16,36,0,58,0,13,59,0,72,6,29,95,0,130,60,0,60,190
01/20/2014,BFL,CA,AWP,WE,Combined TRACON& Tower with Radar,4,19,79,0,102,0,12,77,0,89,4,31,156,0,191,50,0,50,241
01/21/2014,BFL,CA,AWP,WE,Combined TRACON& Tower with Radar,3,21,75,1,100,0,3,42,1,46,3,24,117,2,146,18,0,18,164
01/22/2014,BFL,CA,AWP,WE,Combined TRACON& Tower with Radar,5,30,93,0,128,0,0,52,0,52,5,30,145,0,180,32,0,32,212
01/23/2014,BFL,CA,AWP,WE,Combined TRACON& Tower with Radar,3,22,50,0,75,0,7,54,0,61,3,29,104,0,136,56,0,56,192
01/24/2014,BFL,CA,AWP,WE,Combined TRACON& Tower with Radar,4,22,36,0,62,0,3,50,2,55,4,25,86,2,117,24,0,24,141
01/25/2014,BFL,CA,AWP,WE,Combined TRACON& Tower with Radar,2,17,35,0,54,0,3,73,0,76,2,20,108,0,130,40,0,40,170
01/26/2014,BFL,CA,AWP,WE,Combined TRACON& Tower with Radar,5,16,29,0,50,0,5,50,0,55,5,21,79,0,105,22,0,22,127
01/27/2014,BFL,CA,AWP,WE,Combined TRACON& Tower with Radar,5,23,65,0,93,0,9,83,0,92,5,32,148,0,185,22,0,22,207
01/28/2014,BFL,CA,AWP,WE,Combined TRACON& Tower with Radar,1,21,58,0,80,0,4,69,0,73,1,25,127,0,153,12,0,12,165
01/29/2014,BFL,CA,AWP,WE,Combined TRACON& Tower with Radar,2,25,56,0,83,0,12,101,0,113,2,37,157,0,196,62,0,62,258
01/30/2014,BFL,CA,AWP,WE,Combined TRACON& Tower with Radar,3,27,73,2,105,0,4,23,0,27,3,31,96,2,132,28,12,40,172
01/31/2014,BFL,CA,AWP,WE,Combined TRACON& Tower with Radar,4,27,45,0,76,0,11,50,0,61,4,38,95,0,137,112,0,112,249
02/01/2014,BFL,CA,AWP,WE,Combined TRACON& Tower with Radar,2,15,27,0,44,0,5,51,0,56,2,20,78,0,100,42,0,42,142
02/02/2014,BFL,CA,AWP,WE,Combined TRACON& Tower with Radar,6,16,16,0,38,0,5,36,0,41,6,21,52,0,79,20,0,20,99
02/03/2014,BFL,CA,AWP,WE,Combined TRACON& Tower with Radar,5,23,57,1,86,0,2,60,1,63,5,25,117,2,149,42,0,42,191
02/04/2014,BFL,CA,AWP,WE,Combined TRACON& Tower with Radar,3,24,57,3,87,0,10,62,0,72,3,34,119,3,159,64,0,64,223
02/05/2014,BFL,CA,AWP,WE,Combined TRACON& Tower with Radar,2,29,66,0,97,0,1,70,0,71,2,30,136,0,168,70,0,70,238
02/06/2014,BFL,CA,AWP,WE,Combined TRACON& Tower with Radar,4,23,51,0,78,0,0,30,0,30,4,23,81,0,108,20,0,20,128
02/07/2014,BFL,CA,AWP,WE,Combined TRACON& Tower with Radar,3,23,82,8,116,0,1,21,0,22,3,24,103,8,138,30,0,30,168
02/08/2014,BFL,CA,AWP,WE,Combined TRACON& Tower with Radar,2,16,23,5,46,0,4,26,1,31,2,20,49,6,77,4,10,14,91
02/09/2014,BFL,CA,AWP,WE,Combined TRACON& Tower with Radar,5,16,41,5,67,0,17,47,3,67,5,33,88,8,134,6,0,6,140
02/10/2014,BFL,CA,AWP,WE,Combined TRACON& Tower with Radar,4,22,63,2,91,0,6,50,0,56,4,28,113,2,147,38,0,38,185
02/11/2014,BFL,CA,AWP,WE,Combined TRACON& Tower with Radar,3,25,47,0,75,0,7,41,0,48,3,32,88,0,123,44,0,44,167
02/12/2014,BFL,CA,AWP,WE,Combined TRACON& Tower with Radar,2,32,61,2,97,0,6,73,2,81,2,38,134,4,178,28,0,28,206
02/13/2014,BFL,CA,AWP,WE,Combined TRACON& Tower with Radar,5,31,69,2,107,0,4,68,0,72,5,35,137,2,179,22,0,22,201
02/14/2014,BFL,CA,AWP,WE,Combined TRACON& Tower with Radar,6,27,49,0,82,0,11,71,0,82,6,38,120,0,164,86,0,86,250
02/15/2014,BFL,CA,AWP,WE,Combined TRACON& Tower with Radar,4,18,37,0,59,0,20,56,0,76,4,38,93,0,135,58,0,58,193
02/16/2014,BFL,CA,AWP,WE,Combined TRACON& Tower with Radar,4,16,28,0,48,0,3,31,0,34,4,19,59,0,82,24,0,24,106
02/17/2014,BFL,CA,AWP,WE,Combined TRACON& Tower with Radar,5,20,36,0,61,0,25,53,0,78,5,45,89,0,139,20,0,20,159
02/18/2014,BFL,CA,AWP,WE,Combined TRACON& Tower with Radar,3,22,66,1,92,0,6,51,3,60,3,28,117,4,152,22,0,22,174
02/19/2014,BFL,CA,AWP,WE,Combined TRACON& Tower with Radar,7,30,43,0,80,0,11,69,0,80,7,41,112,0,160,2,0,2,162
02/20/2014,BFL,CA,AWP,WE,Combined TRACON& Tower with Radar,4,29,71,0,104,0,16,86,0,102,4,45,157,0,206,36,0,36,242
02/21/2014,BFL,CA,AWP,WE,Combined TRACON& Tower with Radar,5,26,63,3,97,0,6,93,4,103,5,32,156,7,200,44,0,44,244
02/22/2014,BFL,CA,AWP,WE,Combined TRACON& Tower with Radar,4,18,40,0,62,0,6,63,0,69,4,24,103,0,131,34,0,34,165
02/23/2014,BFL,CA,AWP,WE,Combined TRACON& Tower with Radar,5,19,45,1,70,0,22,63,0,85,5,41,108,1,155,32,0,32,187
02/24/2014,BFL,CA,AWP,WE,Combined TRACON& Tower with Radar,2,20,40,2,64,0,8,62,0,70,2,28,102,2,134,38,0,38,172
02/25/2014,BFL,CA,AWP,WE,Combined TRACON& Tower with Radar,5,28,47,0,80,0,12,54,0,66,5,40,101,0,146,26,0,26,172
02/26/2014,BFL,CA,AWP,WE,Combined TRACON& Tower with Radar,5,24,39,6,74,0,9,32,20,61,5,33,71,26,135,20,0,20,155
02/27/2014,BFL,CA,AWP,WE,Combined TRACON& Tower with Radar,6,27,55,4,92,0,5,78,0,83,6,32,133,4,175,74,0,74,249
02/28/2014,BFL,CA,AWP,WE,Combined TRACON& Tower with Radar,6,23,30,0,59,0,7,13,0,20,6,30,43,0,79,40,0,40,119
03/01/2014,BFL,CA,AWP,WE,Combined TRACON& Tower with Radar,4,15,5,0,24,0,1,7,0,8,4,16,12,0,32,0,0,0,32
03/02/2014,BFL,CA,AWP,WE,Combined TRACON& Tower with Radar,5,14,21,0,40,0,1,40,0,41,5,15,61,0,81,35,0,35,116
03/03/2014,BFL,CA,AWP,WE,Combined TRACON& Tower with Radar,8,18,39,0,65,0,8,47,0,55,8,26,86,0,120,104,0,104,224
03/04/2014,BFL,CA,AWP,WE,Combined TRACON& Tower with Radar,5,27,59,0,91,0,14,57,0,71,5,41,116,0,162,44,0,44,206
03/05/2014,BFL,CA,AWP,WE,Combined TRACON& Tower with Radar,5,24,61,5,95,0,5,62,6,73,5,29,123,11,168,42,0,42,210
03/06/2014,BFL,CA,AWP,WE,Combined TRACON& Tower with Radar,6,24,72,0,102,0,4,74,0,78,6,28,146,0,180,58,0,58,238
03/07/2014,BFL,CA,AWP,WE,Combined TRACON& Tower with Radar,6,23,54,2,85,0,8,68,0,76,6,31,122,2,161,36,28,64,225
03/08/2014,BFL,CA,AWP,WE,Combined TRACON& Tower with Radar,4,16,21,0,41,0,1,47,0,48,4,17,68,0,89,14,0,14,103
03/09/2014,BFL,CA,AWP,WE,Combined TRACON& Tower with Radar,6,15,27,0,48,0,4,64,0,68,6,19,91,0,116,4,0,4,120
03/10/2014,BFL,CA,AWP,WE,Combined TRACON& Tower with Radar,8,18,31,2,59,0,3,63,2,68,8,21,94,4,127,8,0,8,135
03/11/2014,BFL,CA,AWP,WE,Combined TRACON& Tower with Radar,6,23,55,1,85,0,2,64,1,67,6,25,119,2,152,26,0,26,178
03/12/2014,BFL,CA,AWP,WE,Combined TRACON& Tower with Radar,6,22,38,0,66,0,6,48,0,54,6,28,86,0,120,6,0,6,126
03/13/2014,BFL,CA,AWP,WE,Combined TRACON& Tower with Radar,6,26,52,5,89,0,13,80,1,94,6,39,132,6,183,22,0,22,205
03/14/2014,BFL,CA,AWP,WE,Combined TRACON& Tower with Radar,5,22,30,0,57,0,10,56,0,66,5,32,86,0,123,25,0,25,148
03/15/2014,BFL,CA,AWP,WE,Combined TRACON& Tower with Radar,4,15,27,0,46,0,13,60,0,73,4,28,87,0,119,38,0,38,157
03/16/2014,BFL,CA,AWP,WE,Combined TRACON& Tower with Radar,5,13,42,0,60,0,11,53,0,64,5,24,95,0,124,38,0,38,162
03/17/2014,BFL,CA,AWP,WE,Combined TRACON& Tower with Radar,7,21,28,0,56,0,4,44,0,48,7,25,72,0,104,20,0,20,124
03/18/2014,BFL,CA,AWP,WE,Combined TRACON& Tower with Radar,6,24,35,0,65,0,1,63,0,64,6,25,98,0,129,32,0,32,161
03/19/2014,BFL,CA,AWP,WE,Combined TRACON& Tower with Radar,5,21,32,0,58,0,5,72,0,77,5,26,104,0,135,42,0,42,177
03/20/2014,BFL,CA,AWP,WE,Combined TRACON& Tower with Radar,6,20,41,0,67,0,4,61,0,65,6,24,102,0,132,22,0,22,154
03/21/2014,BFL,CA,AWP,WE,Combined TRACON& Tower with Radar,6,21,57,0,84,0,12,57,1,70,6,33,114,1,154,23,0,23,177
03/22/2014,BFL,CA,AWP,WE,Combined TRACON& Tower with Radar,4,15,28,0,47,0,7,52,0,59,4,22,80,0,106,26,0,26,132
03/23/2014,BFL,CA,AWP,WE,Combined TRACON& Tower with Radar,5,14,35,0,54,0,7,55,0,62,5,21,90,0,116,58,0,58,174
03/24/2014,BFL,CA,AWP,WE,Combined TRACON& Tower with Radar,8,17,30,0,55,0,9,59,0,68,8,26,89,0,123,18,0,18,141
03/25/2014,BFL,CA,AWP,WE,Combined TRACON& Tower with Radar,6,25,42,2,75,0,9,56,0,65,6,34,98,2,140,22,0,22,162
03/26/2014,BFL,CA,AWP,WE,Combined TRACON& Tower with Radar,5,21,43,0,69,0,6,28,0,34,5,27,71,0,103,16,0,16,119
03/27/2014,BFL,CA,AWP,WE,Combined TRACON& Tower with Radar,6,23,43,2,74,0,11,66,5,82,6,34,109,7,156,16,0,16,172
03/28/2014,BFL,CA,AWP,WE,Combined TRACON& Tower with Radar,5,20,49,0,74,0,3,79,4,86,5,23,128,4,160,8,0,8,168
03/29/2014,BFL,CA,AWP,WE,Combined TRACON& Tower with Radar,4,19,32,0,55,0,0,53,0,53,4,19,85,0,108,34,0,34,142
03/30/2014,BFL,CA,AWP,WE,Combined TRACON& Tower with Radar,5,13,31,2,51,0,2,35,0,37,5,15,66,2,88,8,0,8,96
03/31/2014,BFL,CA,AWP,WE,Combined TRACON& Tower with Radar,8,12,33,0,53,0,5,73,1,79,8,17,106,1,132,14,0,14,146
04/01/2014,BFL,CA,AWP,WE,Combined TRACON& Tower with Radar,7,23,29,0,59,0,4,48,0,52,7,27,77,0,111,22,0,22,133
04/02/2014,BFL,CA,AWP,WE,Combined TRACON& Tower with Radar,6,24,39,0,69,0,8,53,0,61,6,32,92,0,130,20,0,20,150
04/03/2014,BFL,CA,AWP,WE,Combined TRACON& Tower with Radar,5,26,44,4,79,0,4,83,10,97,5,30,127,14,176,60,10,70,246
04/04/2014,BFL,CA,AWP,WE,Combined TRACON& Tower with Radar,5,22,32,0,59,0,6,58,1,65,5,28,90,1,124,16,0,16,140
04/05/2014,BFL,CA,AWP,WE,Combined TRACON& Tower with Radar,3,19,25,0,47,0,14,36,0,50,3,33,61,0,97,14,0,14,111
04/06/2014,BFL,CA,AWP,WE,Combined TRACON& Tower with Radar,5,19,41,1,66,0,1,54,1,56,5,20,95,2,122,18,0,18,140
04/07/2014,BFL,CA,AWP,WE,Combined TRACON& Tower with Radar,8,17,38,0,63,0,4,62,0,66,8,21,100,0,129,36,0,36,165
04/08/2014,BFL,CA,AWP,WE,Combined TRACON& Tower with Radar,6,21,50,6,83,0,5,78,0,83,6,26,128,6,166,24,22,46,212
04/09/2014,BFL,CA,AWP,WE,Combined TRACON& Tower with Radar,6,23,57,0,86,0,3,77,0,80,6,26,134,0,166,42,0,42,208
04/10/2014,BFL,CA,AWP,WE,Combined TRACON& Tower with Radar,6,25,39,0,70,0,14,83,0,97,6,39,122,0,167,22,0,22,189
04/11/2014,BFL,CA,AWP,WE,Combined TRACON& Tower with Radar,5,28,46,0,79,0,18,70,1,89,5,46,116,1,168,32,0,32,200
04/12/2014,BFL,CA,AWP,WE,Combined TRACON& Tower with Radar,3,16,41,0,60,0,9,53,1,63,3,25,94,1,123,36,0,36,159
04/13/2014,BFL,CA,AWP,WE,Combined TRACON& Tower with Radar,4,14,30,0,48,0,1,54,0,55,4,15,84,0,103,46,0,46,149
04/14/2014,BFL,CA,AWP,WE,Combined TRACON& Tower with Radar,9,22,32,0,63,0,10,74,0,84,9,32,106,0,147,28,0,28,175
04/15/2014,BFL,CA,AWP,WE,Combined TRACON& Tower with Radar,8,22,48,2,80,0,2,63,0,65,8,24,111,2,145,34,6,40,185
04/16/2014,BFL,CA,AWP,WE,Combined TRACON& Tower with Radar,6,23,47,0,76,0,9,52,0,61,6,32,99,0,137,16,0,16,153
04/17/2014,BFL,CA,AWP,WE,Combined TRACON& Tower with Radar,6,22,40,3,71,0,8,64,0,72,6,30,104,3,143,12,0,12,155
04/18/2014,BFL,CA,AWP,WE,Combined TRACON& Tower with Radar,6,25,36,0,67,0,8,69,0,77,6,33,105,0,144,18,0,18,162
04/19/2014,BFL,CA,AWP,WE,Combined TRACON& Tower with Radar,3,14,29,0,46,0,2,84,0,86,3,16,113,0,132,28,0,28,160
04/20/2014,BFL,CA,AWP,WE,Combined TRACON& Tower with Radar,3,15,18,0,36,0,7,60,0,67,3,22,78,0,103,14,0,14,117
04/21/2014,BFL,CA,AWP,WE,Combined TRACON& Tower with Radar,8,19,33,2,62,0,6,50,3,59,8,25,83,5,121,6,0,6,127
04/22/2014,BFL,CA,AWP,WE,Combined TRACON& Tower with Radar,6,28,36,0,70,0,11,45,1,57,6,39,81,1,127,12,0,12,139
04/23/2014,BFL,CA,AWP,WE,Combined TRACON& Tower with Radar,5,25,51,0,81,0,8,66,0,74,5,33,117,0,155,30,0,30,185
04/24/2014,BFL,CA,AWP,WE,Combined TRACON& Tower with Radar,5,25,58,9,97,0,9,66,5,80,5,34,124,14,177,16,20,36,213
04/25/2014,BFL,CA,AWP,WE,Combined TRACON& Tower with Radar,6,17,55,0,78,0,8,36,4,48,6,25,91,4,126,20,0,20,146
04/26/2014,BFL,CA,AWP,WE,Combined TRACON& Tower with Radar,3,16,24,0,43,0,16,43,0,59,3,32,67,0,102,14,0,14,116
04/27/2014,BFL,CA,AWP,WE,Combined TRACON& Tower with Radar,4,15,41,0,60,0,8,37,2,47,4,23,78,2,107,0,0,0,107
04/28/2014,BFL,CA,AWP,WE,Combined TRACON& Tower with Radar,8,20,45,0,73,0,8,56,0,64,8,28,101,0,137,18,0,18,155
04/29/2014,BFL,CA,AWP,WE,Combined TRACON& Tower with Radar,4,23,50,0,77,1,4,73,0,78,5,27,123,0,155,22,0,22,177
04/30/2014,BFL,CA,AWP,WE,Combined TRACON& Tower with Radar,6,25,44,3,78,0,11,73,0,84,6,36,117,3,162,0,0,0,162
05/01/2014,BFL,CA,AWP,WE,Combined TRACON& Tower with Radar,6,24,46,5,81,0,5,77,14,96,6,29,123,19,177,40,0,40,217
05/02/2014,BFL,CA,AWP,WE,Combined TRACON& Tower with Radar,6,22,43,0,71,0,10,92,0,102,6,32,135,0,173,76,0,76,249
05/03/2014,BFL,CA,AWP,WE,Combined TRACON& Tower with Radar,3,16,11,1,31,0,6,38,0,44,3,22,49,1,75,14,0,14,89
05/04/2014,BFL,CA,AWP,WE,Combined TRACON& Tower with Radar,5,17,34,0,56,0,8,57,1,66,5,25,91,1,122,12,0,12,134
05/05/2014,BFL,CA,AWP,WE,Combined TRACON& Tower with Radar,5,19,27,5,56,0,5,61,0,66,5,24,88,5,122,14,0,14,136
05/06/2014,BFL,CA,AWP,WE,Combined TRACON& Tower with Radar,8,22,38,1,69,0,8,29,1,38,8,30,67,2,107,0,8,8,115
05/07/2014,BFL,CA,AWP,WE,Combined TRACON& Tower with Radar,5,26,37,0,68,0,4,55,0,59,5,30,92,0,127,18,0,18,145
05/08/2014,BFL,CA,AWP,WE,Combined TRACON& Tower with Radar,6,25,35,0,66,0,11,66,0,77,6,36,101,0,143,18,0,18,161
05/09/2014,BFL,CA,AWP,WE,Combined TRACON& Tower with Radar,5,26,55,0,86,0,7,59,0,66,5,33,114,0,152,18,0,18,170
05/10/2014,BFL,CA,AWP,WE,Combined TRACON& Tower with Radar,4,23,29,0,56,0,3,61,0,64,4,26,90,0,120,8,0,8,128
05/11/2014,BFL,CA,AWP,WE,Combined TRACON& Tower with Radar,6,15,31,5,57,0,8,48,2,58,6,23,79,7,115,4,0,4,119
05/12/2014,BFL,CA,AWP,WE,Combined TRACON& Tower with Radar,7,19,44,0,70,0,5,49,2,56,7,24,93,2,126,12,0,12,138
05/13/2014,BFL,CA,AWP,WE,Combined TRACON& Tower with Radar,5,22,30,4,61,0,3,40,0,43,5,25,70,4,104,6,0,6,110
05/14/2014,BFL,CA,AWP,WE,Combined TRACON& Tower with Radar,6,24,35,2,67,0,2,40,0,42,6,26,75,2,109,8,3,11,120
05/15/2014,BFL,CA,AWP,WE,Combined TRACON& Tower with Radar,6,26,38,1,71,0,5,63,5,73,6,31,101,6,144,30,0,30,174
05/16/2014,BFL,CA,AWP,WE,Combined TRACON& Tower with Radar,7,20,34,0,61,0,7,66,6,79,7,27,100,6,140,46,0,46,186
05/17/2014,BFL,CA,AWP,WE,Combined TRACON& Tower with Radar,5,13,45,0,63,0,5,48,0,53,5,18,93,0,116,16,0,16,132
05/18/2014,BFL,CA,AWP,WE,Combined TRACON& Tower with Radar,6,16,24,0,46,0,16,62,0,78,6,32,86,0,124,4,0,4,128
05/19/2014,BFL,CA,AWP,WE,Combined TRACON& Tower with Radar,9,14,31,0,54,0,6,66,0,72,9,20,97,0,126,24,0,24,150
05/20/2014,BFL,CA,AWP,WE,Combined TRACON& Tower with Radar,7,24,58,3,92,0,3,34,2,39,7,27,92,5,131,22,0,22,153
05/21/2014,BFL,CA,AWP,WE,Combined TRACON& Tower with Radar,9,24,63,0,96,0,10,45,0,55,9,34,108,0,151,52,0,52,203
05/22/2014,BFL,CA,AWP,WE,Combined TRACON& Tower with Radar,7,24,52,1,84,0,14,50,0,64,7,38,102,1,148,18,0,18,166
05/23/2014,BFL,CA,AWP,WE,Combined TRACON& Tower with Radar,9,19,46,0,74,0,15,84,0,99,9,34,130,0,173,16,0,16,189
05/24/2014,BFL,CA,AWP,WE,Combined TRACON& Tower with Radar,5,12,16,2,35,0,14,61,1,76,5,26,77,3,111,18,0,18,129
05/25/2014,BFL,CA,AWP,WE,Combined TRACON& Tower with Radar,4,14,29,0,47,0,11,56,0,67,4,25,85,0,114,16,0,16,130
05/26/2014,BFL,CA,AWP,WE,Combined TRACON& Tower with Radar,9,16,46,0,71,0,5,70,0,75,9,21,116,0,146,24,0,24,170
05/27/2014,BFL,CA,AWP,WE,Combined TRACON& Tower with Radar,6,22,51,0,79,0,11,58,0,69,6,33,109,0,148,32,0,32,180
05/28/2014,BFL,CA,AWP,WE,Combined TRACON& Tower with Radar,8,27,30,2,67,0,17,42,0,59,8,44,72,2,126,6,0,6,132
05/29/2014,BFL,CA,AWP,WE,Combined TRACON& Tower with Radar,7,23,46,0,76,0,3,48,0,51,7,26,94,0,127,0,0,0,127
05/30/2014,BFL,CA,AWP,WE,Combined TRACON& Tower with Radar,8,26,55,0,89,0,8,66,0,74,8,34,121,0,163,20,0,20,183
05/31/2014,BFL,CA,AWP,WE,Combined TRACON& Tower with Radar,5,15,34,0,54,0,8,62,2,72,5,23,96,2,126,6,0,6,132
06/01/2014,BFL,CA,AWP,WE,Combined TRACON& Tower with Radar,6,12,28,0,46,0,15,57,0,72,6,27,85,0,118,12,0,12,130
06/02/2014,BFL,CA,AWP,WE,Combined TRACON& Tower with Radar,9,17,43,0,69,0,1,42,1,44,9,18,85,1,113,26,0,26,139
06/03/2014,BFL,CA,AWP,WE,Combined TRACON& Tower with Radar,7,22,48,0,77,0,5,52,0,57,7,27,100,0,134,12,0,12,146
06/04/2014,BFL,CA,AWP,WE,Combined TRACON& Tower with Radar,7,21,53,5,86,0,9,50,0,59,7,30,103,5,145,22,0,22,167
06/05/2014,BFL,CA,AWP,WE,Combined TRACON& Tower with Radar,7,26,54,4,91,0,4,58,0,62,7,30,112,4,153,0,18,18,171
06/06/2014,BFL,CA,AWP,WE,Combined TRACON& Tower with Radar,7,28,49,1,85,0,15,104,1,120,7,43,153,2,205,34,0,34,239
06/07/2014,BFL,CA,AWP,WE,Combined TRACON& Tower with Radar,6,17,19,2,44,0,10,73,0,83,6,27,92,2,127,22,2,24,151
06/08/2014,BFL,CA,AWP,WE,Combined TRACON& Tower with Radar,5,16,50,0,71,0,7,52,2,61,5,23,102,2,132,0,0,0,132
06/09/2014,BFL,CA,AWP,WE,Combined TRACON& Tower with Radar,7,18,34,2,61,0,0,40,0,40,7,18,74,2,101,4,0,4,105
06/10/2014,BFL,CA,AWP,WE,Combined TRACON& Tower with Radar,6,27,43,3,79,1,3,75,2,81,7,30,118,5,160,40,0,40,200
06/11/2014,BFL,CA,AWP,WE,Combined TRACON& Tower with Radar,7,23,54,1,85,0,12,50,2,64,7,35,104,3,149,10,0,10,159
06/12/2014,BFL,CA,AWP,WE,Combined TRACON& Tower with Radar,6,22,44,0,72,0,8,65,4,77,6,30,109,4,149,30,0,30,179
06/13/2014,BFL,CA,AWP,WE,Combined TRACON& Tower with Radar,6,23,61,1,91,0,7,71,5,83,6,30,132,6,174,0,0,0,174
06/14/2014,BFL,CA,AWP,WE,Combined TRACON& Tower with Radar,5,20,27,0,52,0,13,58,0,71,5,33,85,0,123,44,0,44,167
06/15/2014,BFL,CA,AWP,WE,Combined TRACON& Tower with Radar,7,17,21,0,45,0,13,51,2,66,7,30,72,2,111,22,0,22,133
06/16/2014,BFL,CA,AWP,WE,Combined TRACON& Tower with Radar,8,22,40,0,70,0,10,84,6,100,8,32,124,6,170,18,0,18,188
06/17/2014,BFL,CA,AWP,WE,Combined TRACON& Tower with Radar,8,27,48,3,86,0,2,78,1,81,8,29,126,4,167,2,10,12,179
06/18/2014,BFL,CA,AWP,WE,Combined TRACON& Tower with Radar,6,22,58,0,86,0,4,85,0,89,6,26,143,0,175,22,0,22,197
06/19/2014,BFL,CA,AWP,WE,Combined TRACON& Tower with Radar,7,23,62,0,92,0,10,88,1,99,7,33,150,1,191,50,2,52,243
06/20/2014,BFL,CA,AWP,WE,Combined TRACON& Tower with Radar,5,26,70,4,105,0,11,83,4,98,5,37,153,8,203,42,6,48,251
06/21/2014,BFL,CA,AWP,WE,Combined TRACON& Tower with Radar,5,11,26,0,42,0,4,59,0,63,5,15,85,0,105,56,0,56,161
06/22/2014,BFL,CA,AWP,WE,Combined TRACON& Tower with Radar,7,15,36,0,58,0,7,58,0,65,7,22,94,0,123,15,0,15,138
06/23/2014,BFL,CA,AWP,WE,Combined TRACON& Tower with Radar,5,19,31,0,55,0,5,55,0,60,5,24,86,0,115,14,0,14,129
06/24/2014,BFL,CA,AWP,WE,Combined TRACON& Tower with Radar,7,22,23,2,54,0,10,50,1,61,7,32,73,3,115,18,0,18,133
06/25/2014,BFL,CA,AWP,WE,Combined TRACON& Tower with Radar,6,19,47,0,72,0,10,50,1,61,6,29,97,1,133,4,0,4,137
06/26/2014,BFL,CA,AWP,WE,Combined TRACON& Tower with Radar,8,25,34,0,67,0,4,60,0,64,8,29,94,0,131,20,0,20,151
06/27/2014,BFL,CA,AWP,WE,Combined TRACON& Tower with Radar,6,24,41,0,71,0,8,59,0,67,6,32,100,0,138,19,0,19,157
06/28/2014,BFL,CA,AWP,WE,Combined TRACON& Tower with Radar,5,14,26,0,45,0,6,37,1,44,5,20,63,1,89,20,0,20,109
06/29/2014,BFL,CA,AWP,WE,Combined TRACON& Tower with Radar,7,16,22,0,45,0,8,43,0,51,7,24,65,0,96,2,0,2,98
06/30/2014,BFL,CA,AWP,WE,Combined TRACON& Tower with Radar,8,23,32,2,65,0,7,38,0,45,8,30,70,2,110,10,0,10,120
07/01/2014,BFL,CA,AWP,WE,Combined TRACON& Tower with Radar,5,22,39,0,66,0,12,46,0,58,5,34,85,0,124,0,0,0,124
07/02/2014,BFL,CA,AWP,WE,Combined TRACON& Tower with Radar,4,23,45,0,72,0,10,55,2,67,4,33,100,2,139,2,0,2,141
07/03/2014,BFL,CA,AWP,WE,Combined TRACON& Tower with Radar,8,25,38,0,71,0,5,43,0,48,8,30,81,0,119,18,0,18,137
07/04/2014,BFL,CA,AWP,WE,Combined TRACON& Tower with Radar,4,8,16,0,28,0,1,29,0,30,4,9,45,0,58,20,0,20,78
07/05/2014,BFL,CA,AWP,WE,Combined TRACON& Tower with Radar,4,12,15,0,31,0,1,30,0,31,4,13,45,0,62,2,0,2,64
07/06/2014,BFL,CA,AWP,WE,Combined TRACON& Tower with Radar,6,13,29,7,55,0,6,38,1,45,6,19,67,8,100,16,8,24,124
07/07/2014,BFL,CA,AWP,WE,Combined TRACON& Tower with Radar,7,12,23,0,42,0,6,53,4,63,7,18,76,4,105,16,0,16,121
07/08/2014,BFL,CA,AWP,WE,Combined TRACON& Tower with Radar,7,27,35,4,73,0,7,52,0,59,7,34,87,4,132,12,0,12,144
07/09/2014,BFL,CA,AWP,WE,Combined TRACON& Tower with Radar,6,25,51,1,83,0,6,65,5,76,6,31,116,6,159,28,4,32,191
07/10/2014,BFL,CA,AWP,WE,Combined TRACON& Tower with Radar,8,24,49,2,83,0,4,50,0,54,8,28,99,2,137,12,0,12,149
07/11/2014,BFL,CA,AWP,WE,Combined TRACON& Tower with Radar,4,23,53,2,82,0,12,57,4,73,4,35,110,6,155,14,0,14,169
07/12/2014,BFL,CA,AWP,WE,Combined TRACON& Tower with Radar,5,14,24,1,44,0,5,42,5,52,5,19,66,6,96,4,6,10,106
07/13/2014,BFL,CA,AWP,WE,Combined TRACON& Tower with Radar,7,15,30,2,54,0,4,39,0,43,7,19,69,2,97,14,0,14,111
07/14/2014,BFL,CA,AWP,WE,Combined TRACON& Tower with Radar,4,19,27,0,50,0,6,53,4,63,4,25,80,4,113,22,0,22,135
07/15/2014,BFL,CA,AWP,WE,Combined TRACON& Tower with Radar,5,23,42,0,70,0,2,57,0,59,5,25,99,0,129,24,0,24,153
07/16/2014,BFL,CA,AWP,WE,Combined TRACON& Tower with Radar,8,26,41,0,75,0,5,51,0,56,8,31,92,0,131,14,0,14,145
07/17/2014,BFL,CA,AWP,WE,Combined TRACON& Tower with Radar,7,24,33,7,71,0,1,49,5,55,7,25,82,12,126,8,8,16,142
07/18/2014,BFL,CA,AWP,WE,Combined TRACON& Tower with Radar,4,21,54,1,80,0,7,62,0,69,4,28,116,1,149,38,0,38,187
07/19/2014,BFL,CA,AWP,WE,Combined TRACON& Tower with Radar,5,15,24,2,46,0,1,45,0,46,5,16,69,2,92,30,0,30,122
07/20/2014,BFL,CA,AWP,WE,Combined TRACON& Tower with Radar,5,16,36,0,57,0,3,40,0,43,5,19,76,0,100,28,0,28,128
07/21/2014,BFL,CA,AWP,WE,Combined TRACON& Tower with Radar,6,15,45,0,66,0,3,55,3,61,6,18,100,3,127,55,0,55,182
07/22/2014,BFL,CA,AWP,WE,Combined TRACON& Tower with Radar,8,27,39,0,74,0,3,56,6,65,8,30,95,6,139,46,0,46,185
07/23/2014,BFL,CA,AWP,WE,Combined TRACON& Tower with Radar,6,26,43,2,77,0,2,48,0,50,6,28,91,2,127,44,0,44,171
07/24/2014,BFL,CA,AWP,WE,Combined TRACON& Tower with Radar,8,26,36,9,79,0,4,58,7,69,8,30,94,16,148,0,0,0,148
07/25/2014,BFL,CA,AWP,WE,Combined TRACON& Tower with Radar,6,27,51,0,84,7,3,42,0,52,13,30,93,0,136,10,0,10,146
07/26/2014,BFL,CA,AWP,WE,Combined TRACON& Tower with Radar,6,14,34,0,54,0,2,50,0,52,6,16,84,0,106,26,0,26,132
07/27/2014,BFL,CA,AWP,WE,Combined TRACON& Tower with Radar,8,16,30,0,54,0,4,46,0,50,8,20,76,0,104,22,0,22,126
07/28/2014,BFL,CA,AWP,WE,Combined TRACON& Tower with Radar,5,17,41,0,63,0,6,48,2,56,5,23,89,2,119,36,0,36,155
07/29/2014,BFL,CA,AWP,WE,Combined TRACON& Tower with Radar,7,24,46,2,79,0,3,53,0,56,7,27,99,2,135,16,10,26,161
07/30/2014,BFL,CA,AWP,WE,Combined TRACON& Tower with Radar,6,22,49,0,77,0,11,49,0,60,6,33,98,0,137,14,0,14,151
07/31/2014,BFL,CA,AWP,WE,Combined TRACON& Tower with Radar,8,21,60,0,89,0,3,66,4,73,8,24,126,4,162,32,0,32,194
08/01/2014,BFL,CA,AWP,WE,Combined TRACON& Tower with Radar,6,25,44,2,77,0,2,50,3,55,6,27,94,5,132,14,0,14,146
08/02/2014,BFL,CA,AWP,WE,Combined TRACON& Tower with Radar,5,13,31,0,49,0,3,31,2,36,5,16,62,2,85,12,0,12,97
08/03/2014,BFL,CA,AWP,WE,Combined TRACON& Tower with Radar,7,15,39,0,61,0,12,28,0,40,7,27,67,0,101,26,0,26,127
08/04/2014,BFL,CA,AWP,WE,Combined TRACON& Tower with Radar,6,18,51,0,75,0,3,64,0,67,6,21,115,0,142,20,0,20,162
08/05/2014,BFL,CA,AWP,WE,Combined TRACON& Tower with Radar,8,30,29,0,67,0,10,66,1,77,8,40,95,1,144,38,0,38,182
08/06/2014,BFL,CA,AWP,WE,Combined TRACON& Tower with Radar,5,23,60,0,88,0,5,63,5,73,5,28,123,5,161,16,0,16,177
08/07/2014,BFL,CA,AWP,WE,Combined TRACON& Tower with Radar,7,26,50,3,86,0,1,92,2,95,7,27,142,5,181,10,16,26,207
08/08/2014,BFL,CA,AWP,WE,Combined TRACON& Tower with Radar,6,24,55,0,85,0,4,94,4,102,6,28,149,4,187,6,0,6,193
08/09/2014,BFL,CA,AWP,WE,Combined TRACON& Tower with Radar,5,17,34,0,56,0,9,68,1,78,5,26,102,1,134,12,0,12,146
08/10/2014,BFL,CA,AWP,WE,Combined TRACON& Tower with Radar,7,20,35,2,64,0,4,67,0,71,7,24,102,2,135,2,0,2,137
08/11/2014,BFL,CA,AWP,WE,Combined TRACON& Tower with Radar,5,19,28,6,58,0,2,58,0,60,5,21,86,6,118,8,0,8,126
08/12/2014,BFL,CA,AWP,WE,Combined TRACON& Tower with Radar,8,24,38,1,71,0,2,54,1,57,8,26,92,2,128,46,0,46,174
08/13/2014,BFL,CA,AWP,WE,Combined TRACON& Tower with Radar,6,26,58,0,90,0,2,55,0,57,6,28,113,0,147,40,0,40,187
08/14/2014,BFL,CA,AWP,WE,Combined TRACON& Tower with Radar,8,26,50,0,84,0,7,91,0,98,8,33,141,0,182,18,0,18,200
08/15/2014,BFL,CA,AWP,WE,Combined TRACON& Tower with Radar,6,31,55,2,94,0,4,63,5,72,6,35,118,7,166,61,0,61,227
08/16/2014,BFL,CA,AWP,WE,Combined TRACON& Tower with Radar,5,16,22,2,45,0,13,60,0,73,5,29,82,2,118,26,0,26,144
08/17/2014,BFL,CA,AWP,WE,Combined TRACON& Tower with Radar,7,22,39,0,68,0,9,48,1,58,7,31,87,1,126,0,0,0,126
08/18/2014,BFL,CA,AWP,WE,Combined TRACON& Tower with Radar,7,21,33,2,63,0,14,66,8,88,7,35,99,10,151,38,0,38,189
08/19/2014,BFL,CA,AWP,WE,Combined TRACON& Tower with Radar,8,21,56,0,85,0,4,56,3,63,8,25,112,3,148,27,0,27,175
08/20/2014,BFL,CA,AWP,WE,Combined TRACON& Tower with Radar,6,18,39,0,63,0,1,58,2,61,6,19,97,2,124,0,0,0,124
08/21/2014,BFL,CA,AWP,WE,Combined TRACON& Tower with Radar,8,27,51,0,86,0,13,70,1,84,8,40,121,1,170,50,0,50,220
08/22/2014,BFL,CA,AWP,WE,Combined TRACON& Tower with Radar,8,24,51,0,83,0,4,53,4,61,8,28,104,4,144,24,0,24,168
08/23/2014,BFL,CA,AWP,WE,Combined TRACON& Tower with Radar,4,18,25,0,47,0,4,67,0,71,4,22,92,0,118,10,0,10,128
08/24/2014,BFL,CA,AWP,WE,Combined TRACON& Tower with Radar,8,17,41,0,66,0,0,49,0,49,8,17,90,0,115,2,0,2,117
08/25/2014,BFL,CA,AWP,WE,Combined TRACON& Tower with Radar,6,15,43,2,66,0,2,55,0,57,6,17,98,2,123,36,0,36,159
08/26/2014,BFL,CA,AWP,WE,Combined TRACON& Tower with Radar,8,19,68,3,98,0,5,74,1,80,8,24,142,4,178,16,0,16,194
08/27/2014,BFL,CA,AWP,WE,Combined TRACON& Tower with Radar,6,24,43,0,73,0,1,61,1,63,6,25,104,1,136,18,0,18,154
08/28/2014,BFL,CA,AWP,WE,Combined TRACON& Tower with Radar,8,19,48,2,77,0,6,69,2,77,8,25,117,4,154,12,0,12,166
08/29/2014,BFL,CA,AWP,WE,Combined TRACON& Tower with Radar,6,22,47,0,75,0,1,84,0,85,6,23,131,0,160,2,0,2,162
08/30/2014,BFL,CA,AWP,WE,Combined TRACON& Tower with Radar,4,16,26,0,46,0,2,35,0,37,4,18,61,0,83,2,0,2,85
08/31/2014,BFL,CA,AWP,WE,Combined TRACON& Tower with Radar,8,10,20,0,38,0,2,41,0,43,8,12,61,0,81,34,0,34,115
09/01/2014,BFL,CA,AWP,WE,Combined TRACON& Tower with Radar,6,12,40,0,58,0,1,39,0,40,6,13,79,0,98,32,0,32,130
09/02/2014,BFL,CA,AWP,WE,Combined TRACON& Tower with Radar,8,13,25,0,46,0,12,55,0,67,8,25,80,0,113,60,0,60,173
09/03/2014,BFL,CA,AWP,WE,Combined TRACON& Tower with Radar,6,25,60,6,97,0,6,43,1,50,6,31,103,7,147,10,18,28,175
09/04/2014,BFL,CA,AWP,WE,Combined TRACON& Tower with Radar,8,18,66,0,92,0,8,77,6,91,8,26,143,6,183,20,12,32,215
09/05/2014,BFL,CA,AWP,WE,Combined TRACON& Tower with Radar,6,17,33,0,56,0,7,60,0,67,6,24,93,0,123,28,0,28,151
09/06/2014,BFL,CA,AWP,WE,Combined TRACON& Tower with Radar,4,13,19,0,36,0,6,43,0,49,4,19,62,0,85,20,0,20,105
09/07/2014,BFL,CA,AWP,WE,Combined TRACON& Tower with Radar,8,14,34,0,56,0,3,42,0,45,8,17,76,0,101,2,0,2,103
09/08/2014,BFL,CA,AWP,WE,Combined TRACON& Tower with Radar,6,17,39,0,62,0,4,68,0,72,6,21,107,0,134,26,0,26,160
09/09/2014,BFL,CA,AWP,WE,Combined TRACON& Tower with Radar,8,18,30,1,57,0,3,61,1,65,8,21,91,2,122,2,0,2,124
09/10/2014,BFL,CA,AWP,WE,Combined TRACON& Tower with Radar,6,20,40,7,73,0,3,52,0,55,6,23,92,7,128,40,0,40,168
09/11/2014,BFL,CA,AWP,WE,Combined TRACON& Tower with Radar,8,20,48,3,79,0,5,72,5,82,8,25,120,8,161,30,0,30,191
09/12/2014,BFL,CA,AWP,WE,Combined TRACON& Tower with Radar,6,21,42,0,69,0,8,61,0,69,6,29,103,0,138,10,0,10,148
09/13/2014,BFL,CA,AWP,WE,Combined TRACON& Tower with Radar,4,16,36,0,56,0,3,46,5,54,4,19,82,5,110,10,0,10,120
09/14/2014,BFL,CA,AWP,WE,Combined TRACON& Tower with Radar,8,13,37,0,58,0,2,58,2,62,8,15,95,2,120,28,0,28,148
09/15/2014,BFL,CA,AWP,WE,Combined TRACON& Tower with Radar,6,16,44,0,66,0,0,45,0,45,6,16,89,0,111,14,0,14,125
09/16/2014,BFL,CA,AWP,WE,Combined TRACON& Tower with Radar,7,17,36,0,60,0,1,75,2,78,7,18,111,2,138,20,0,20,158
09/17/2014,BFL,CA,AWP,WE,Combined TRACON& Tower with Radar,6,22,51,0,79,0,1,51,0,52,6,23,102,0,131,20,0,20,151
09/18/2014,BFL,CA,AWP,WE,Combined TRACON& Tower with Radar,8,16,45,2,71,0,8,65,1,74,8,24,110,3,145,16,0,16,161
09/19/2014,BFL,CA,AWP,WE,Combined TRACON& Tower with Radar,6,21,40,4,71,0,9,51,9,69,6,30,91,13,140,6,0,6,146
09/20/2014,BFL,CA,AWP,WE,Combined TRACON& Tower with Radar,4,14,26,0,44,0,3,40,0,43,4,17,66,0,87,0,0,0,87
09/21/2014,BFL,CA,AWP,WE,Combined TRACON& Tower with Radar,8,13,32,0,53,0,0,26,0,26,8,13,58,0,79,12,0,12,91
09/22/2014,BFL,CA,AWP,WE,Combined TRACON& Tower with Radar,7,15,35,4,61,0,0,63,0,63,7,15,98,4,124,16,0,16,140
09/23/2014,BFL,CA,AWP,WE,Combined TRACON& Tower with Radar,9,17,48,3,77,0,8,49,3,60,9,25,97,6,137,22,4,26,163
09/24/2014,BFL,CA,AWP,WE,Combined TRACON& Tower with Radar,6,27,44,2,79,0,4,42,0,46,6,31,86,2,125,24,0,24,149
09/25/2014,BFL,CA,AWP,WE,Combined TRACON& Tower with Radar,8,22,53,0,83,0,4,42,0,46,8,26,95,0,129,8,0,8,137
09/26/2014,BFL,CA,AWP,WE,Combined TRACON& Tower with Radar,6,22,49,2,79,0,5,49,4,58,6,27,98,6,137,18,0,18,155
09/27/2014,BFL,CA,AWP,WE,Combined TRACON& Tower with Radar,4,11,22,0,37,0,9,62,0,71,4,20,84,0,108,22,0,22,130
09/28/2014,BFL,CA,AWP,WE,Combined TRACON& Tower with Radar,8,12,41,0,61,0,4,30,0,34,8,16,71,0,95,8,0,8,103
09/29/2014,BFL,CA,AWP,WE,Combined TRACON& Tower with Radar,6,17,39,5,67,0,5,48,0,53,6,22,87,5,120,38,0,38,158
09/30/2014,BFL,CA,AWP,WE,Combined TRACON& Tower with Radar,8,19,55,2,84,0,2,54,0,56,8,21,109,2,140,26,0,26,166
10/01/2014,BFL,CA,AWP,WE,Combined TRACON& Tower with Radar,6,24,46,0,76,0,9,60,2,71,6,33,106,2,147,34,0,34,181
10/02/2014,BFL,CA,AWP,WE,Combined TRACON& Tower with Radar,7,21,33,4,65,0,6,81,0,87,7,27,114,4,152,14,0,14,166
10/03/2014,BFL,CA,AWP,WE,Combined TRACON& Tower with Radar,5,26,48,4,83,0,8,65,0,73,5,34,113,4,156,30,0,30,186
10/04/2014,BFL,CA,AWP,WE,Combined TRACON& Tower with Radar,4,17,29,0,50,0,5,48,0,53,4,22,77,0,103,30,0,30,133
10/05/2014,BFL,CA,AWP,WE,Combined TRACON& Tower with Radar,8,15,30,0,53,0,0,51,0,51,8,15,81,0,104,38,0,38,142
10/06/2014,BFL,CA,AWP,WE,Combined TRACON& Tower with Radar,6,22,35,1,64,0,1,62,2,65,6,23,97,3,129,32,0,32,161
10/07/2014,BFL,CA,AWP,WE,Combined TRACON& Tower with Radar,8,19,50,3,80,0,11,31,0,42,8,30,81,3,122,15,0,15,137
10/08/2014,BFL,CA,AWP,WE,Combined TRACON& Tower with Radar,5,20,30,1,56,0,1,69,0,70,5,21,99,1,126,26,0,26,152
10/09/2014,BFL,CA,AWP,WE,Combined TRACON& Tower with Radar,8,24,50,0,82,0,12,72,0,84,8,36,122,0,166,8,0,8,174
10/10/2014,BFL,CA,AWP,WE,Combined TRACON& Tower with Radar,5,21,57,0,83,0,9,67,1,77,5,30,124,1,160,19,0,19,179
10/11/2014,BFL,CA,AWP,WE,Combined TRACON& Tower with Radar,4,14,17,0,35,0,1,23,0,24,4,15,40,0,59,6,0,6,65
10/12/2014,BFL,CA,AWP,WE,Combined TRACON& Tower with Radar,8,15,25,0,48,0,14,52,0,66,8,29,77,0,114,2,0,2,116
10/13/2014,BFL,CA,AWP,WE,Combined TRACON& Tower with Radar,5,18,32,0,55,0,12,51,0,63,5,30,83,0,118,18,0,18,136
10/14/2014,BFL,CA,AWP,WE,Combined TRACON& Tower with Radar,8,21,46,0,75,0,1,50,0,51,8,22,96,0,126,24,0,24,150
10/15/2014,BFL,CA,AWP,WE,Combined TRACON& Tower with Radar,6,22,47,4,79,0,4,53,0,57,6,26,100,4,136,18,0,18,154
10/16/2014,BFL,CA,AWP,WE,Combined TRACON& Tower with Radar,8,23,40,0,71,0,9,97,0,106,8,32,137,0,177,28,0,28,205
10/17/2014,BFL,CA,AWP,WE,Combined TRACON& Tower with Radar,6,20,43,2,71,0,2,50,1,53,6,22,93,3,124,6,0,6,130
10/18/2014,BFL,CA,AWP,WE,Combined TRACON& Tower with Radar,4,16,34,0,54,0,4,61,0,65,4,20,95,0,119,58,0,58,177
10/19/2014,BFL,CA,AWP,WE,Combined TRACON& Tower with Radar,8,15,41,0,64,0,0,65,0,65,8,15,106,0,129,8,0,8,137
10/20/2014,BFL,CA,AWP,WE,Combined TRACON& Tower with Radar,6,19,50,0,75,0,4,46,0,50,6,23,96,0,125,38,0,38,163
10/21/2014,BFL,CA,AWP,WE,Combined TRACON& Tower with Radar,8,23,36,0,67,0,8,55,0,63,8,31,91,0,130,72,0,72,202
10/22/2014,BFL,CA,AWP,WE,Combined TRACON& Tower with Radar,6,26,64,2,98,0,7,57,0,64,6,33,121,2,162,56,0,56,218
10/23/2014,BFL,CA,AWP,WE,Combined TRACON& Tower with Radar,8,25,50,1,84,0,3,75,1,79,8,28,125,2,163,36,6,42,205
10/24/2014,BFL,CA,AWP,WE,Combined TRACON& Tower with Radar,8,25,51,2,86,2,3,64,0,69,10,28,115,2,155,0,0,0,155
10/25/2014,BFL,CA,AWP,WE,Combined TRACON& Tower with Radar,4,15,31,2,52,10,6,41,1,58,14,21,72,3,110,25,3,28,138
10/26/2014,BFL,CA,AWP,WE,Combined TRACON& Tower with Radar,8,16,40,0,64,0,4,33,0,37,8,20,73,0,101,27,0,27,128
10/27/2014,BFL,CA,AWP,WE,Combined TRACON& Tower with Radar,6,27,36,2,71,0,5,52,0,57,6,32,88,2,128,32,0,32,160
10/28/2014,BFL,CA,AWP,WE,Combined TRACON& Tower with Radar,8,22,41,1,72,0,2,45,0,47,8,24,86,1,119,42,0,42,161
10/29/2014,BFL,CA,AWP,WE,Combined TRACON& Tower with Radar,6,28,39,0,73,0,1,46,0,47,6,29,85,0,120,24,0,24,144
10/30/2014,BFL,CA,AWP,WE,Combined TRACON& Tower with Radar,8,21,51,0,80,0,13,79,0,92,8,34,130,0,172,42,0,42,214
10/31/2014,BFL,CA,AWP,WE,Combined TRACON& Tower with Radar,6,22,34,2,64,0,5,28,0,33,6,27,62,2,97,12,0,12,109
11/01/2014,BFL,CA,AWP,WE,Combined TRACON& Tower with Radar,5,10,18,2,35,0,1,24,0,25,5,11,42,2,60,0,0,0,60
11/02/2014,BFL,CA,AWP,WE,Combined TRACON& Tower with Radar,7,11,28,0,46,0,2,31,0,33,7,13,59,0,79,2,0,2,81
11/03/2014,BFL,CA,AWP,WE,Combined TRACON& Tower with Radar,6,19,41,8,74,0,5,57,0,62,6,24,98,8,136,8,0,8,144
11/04/2014,BFL,CA,AWP,WE,Combined TRACON& Tower with Radar,8,25,40,6,79,0,12,32,0,44,8,37,72,6,123,8,0,8,131
11/05/2014,BFL,CA,AWP,WE,Combined TRACON& Tower with Radar,6,25,48,0,79,0,0,25,0,25,6,25,73,0,104,0,0,0,104
11/06/2014,BFL,CA,AWP,WE,Combined TRACON& Tower with Radar,7,25,67,2,101,0,0,32,0,32,7,25,99,2,133,36,0,36,169
11/07/2014,BFL,CA,AWP,WE,Combined TRACON& Tower with Radar,6,25,67,0,98,0,2,16,0,18,6,27,83,0,116,0,0,0,116
11/08/2014,BFL,CA,AWP,WE,Combined TRACON& Tower with Radar,5,19,30,0,54,0,0,6,0,6,5,19,36,0,60,0,0,0,60
11/09/2014,BFL,CA,AWP,WE,Combined TRACON& Tower with Radar,7,14,28,0,49,0,0,3,0,3,7,14,31,0,52,0,0,0,52
11/10/2014,BFL,CA,AWP,WE,Combined TRACON& Tower with Radar,8,18,60,0,86,0,0,9,0,9,8,18,69,0,95,0,0,0,95
11/11/2014,BFL,CA,AWP,WE,Combined TRACON& Tower with Radar,9,23,44,0,76,0,0,28,0,28,9,23,72,0,104,4,0,4,108
11/12/2014,BFL,CA,AWP,WE,Combined TRACON& Tower with Radar,5,19,64,2,90,0,0,14,0,14,5,19,78,2,104,4,0,4,108
11/13/2014,BFL,CA,AWP,WE,Combined TRACON& Tower with Radar,7,25,45,6,83,0,1,22,22,45,7,26,67,28,128,7,0,7,135
11/14/2014,BFL,CA,AWP,WE,Combined TRACON& Tower with Radar,6,19,59,3,87,0,8,23,4,35,6,27,82,7,122,6,0,6,128
11/15/2014,BFL,CA,AWP,WE,Combined TRACON& Tower with Radar,5,16,23,0,44,0,6,42,0,48,5,22,65,0,92,24,0,24,116
11/16/2014,BFL,CA,AWP,WE,Combined TRACON& Tower with Radar,6,13,45,0,64,0,3,66,0,69,6,16,111,0,133,16,0,16,149
11/17/2014,BFL,CA,AWP,WE,Combined TRACON& Tower with Radar,5,18,47,5,75,0,9,63,0,72,5,27,110,5,147,14,0,14,161
11/18/2014,BFL,CA,AWP,WE,Combined TRACON& Tower with Radar,10,22,46,8,86,0,2,55,5,62,10,24,101,13,148,32,0,32,180
11/19/2014,BFL,CA,AWP,WE,Combined TRACON& Tower with Radar,6,23,47,0,76,0,7,30,0,37,6,30,77,0,113,22,0,22,135
11/20/2014,BFL,CA,AWP,WE,Combined TRACON& Tower with Radar,8,21,55,0,84,0,8,50,0,58,8,29,105,0,142,40,0,40,182
11/21/2014,BFL,CA,AWP,WE,Combined TRACON& Tower with Radar,6,27,61,2,96,0,6,19,1,26,6,33,80,3,122,10,4,14,136
11/22/2014,BFL,CA,AWP,WE,Combined TRACON& Tower with Radar,5,13,44,0,62,0,6,45,4,55,5,19,89,4,117,2,0,2,119
11/23/2014,BFL,CA,AWP,WE,Combined TRACON& Tower with Radar,6,12,31,2,51,0,4,28,1,33,6,16,59,3,84,4,0,4,88
11/24/2014,BFL,CA,AWP,WE,Combined TRACON& Tower with Radar,4,16,44,0,64,0,3,55,0,58,4,19,99,0,122,24,0,24,146
11/25/2014,BFL,CA,AWP,WE,Combined TRACON& Tower with Radar,8,26,43,0,77,0,5,45,1,51,8,31,88,1,128,12,0,12,140
11/26/2014,BFL,CA,AWP,WE,Combined TRACON& Tower with Radar,6,24,34,1,65,0,0,36,0,36,6,24,70,1,101,30,0,30,131
11/27/2014,BFL,CA,AWP,WE,Combined TRACON& Tower with Radar,6,7,12,0,25,0,2,23,0,25,6,9,35,0,50,0,0,0,50
11/28/2014,BFL,CA,AWP,WE,Combined TRACON& Tower with Radar,4,18,31,0,53,0,3,51,0,54,4,21,82,0,107,14,0,14,121
11/29/2014,BFL,CA,AWP,WE,Combined TRACON& Tower with Radar,6,20,30,0,56,0,8,41,1,50,6,28,71,1,106,6,0,6,112
11/30/2014,BFL,CA,AWP,WE,Combined TRACON& Tower with Radar,7,11,36,0,54,0,0,34,0,34,7,11,70,0,88,24,0,24,112
12/01/2014,BFL,CA,AWP,WE,Combined TRACON& Tower with Radar,5,17,28,2,52,0,3,43,0,46,5,20,71,2,98,26,0,26,124
12/02/2014,BFL,CA,AWP,WE,Combined TRACON& Tower with Radar,5,22,39,2,68,0,0,10,0,10,5,22,49,2,78,0,0,0,78
12/03/2014,BFL,CA,AWP,WE,Combined TRACON& Tower with Radar,5,24,29,2,60,0,3,48,0,51,5,27,77,2,111,26,0,26,137
12/04/2014,BFL,CA,AWP,WE,Combined TRACON& Tower with Radar,5,21,50,5,81,0,9,47,0,56,5,30,97,5,137,36,0,36,173
12/05/2014,BFL,CA,AWP,WE,Combined TRACON& Tower with Radar,4,20,44,2,70,0,6,57,0,63,4,26,101,2,133,8,0,8,141
12/06/2014,BFL,CA,AWP,WE,Combined TRACON& Tower with Radar,5,15,34,0,54,0,4,42,4,50,5,19,76,4,104,4,0,4,108
12/07/2014,BFL,CA,AWP,WE,Combined TRACON& Tower with Radar,5,13,42,0,60,0,5,46,0,51,5,18,88,0,111,8,0,8,119
12/08/2014,BFL,CA,AWP,WE,Combined TRACON& Tower with Radar,6,19,35,2,62,0,11,40,0,51,6,30,75,2,113,12,0,12,125
12/09/2014,BFL,CA,AWP,WE,Combined TRACON& Tower with Radar,5,15,54,0,74,0,0,8,0,8,5,15,62,0,82,0,0,0,82
12/10/2014,BFL,CA,AWP,WE,Combined TRACON& Tower with Radar,7,26,60,1,94,0,1,18,0,19,7,27,78,1,113,0,0,0,113
12/11/2014,BFL,CA,AWP,WE,Combined TRACON& Tower with Radar,6,19,41,2,68,0,3,11,0,14,6,22,52,2,82,0,0,0,82
12/12/2014,BFL,CA,AWP,WE,Combined TRACON& Tower with Radar,6,25,38,0,69,0,0,8,0,8,6,25,46,0,77,0,0,0,77
12/13/2014,BFL,CA,AWP,WE,Combined TRACON& Tower with Radar,5,15,41,2,63,0,2,23,0,25,5,17,64,2,88,4,0,4,92
12/14/2014,BFL,CA,AWP,WE,Combined TRACON& Tower with Radar,5,13,31,0,49,0,5,25,1,31,5,18,56,1,80,42,0,42,122
12/15/2014,BFL,CA,AWP,WE,Combined TRACON& Tower with Radar,6,14,40,0,60,0,0,42,0,42,6,14,82,0,102,54,0,54,156
12/16/2014,BFL,CA,AWP,WE,Combined TRACON& Tower with Radar,5,29,53,6,93,0,5,29,0,34,5,34,82,6,127,14,16,30,157
12/17/2014,BFL,CA,AWP,WE,Combined TRACON& Tower with Radar,5,23,55,5,88,0,0,35,0,35,5,23,90,5,123,38,0,38,161
12/18/2014,BFL,CA,AWP,WE,Combined TRACON& Tower with Radar,3,25,39,0,67,0,0,46,0,46,3,25,85,0,113,26,0,26,139
12/19/2014,BFL,CA,AWP,WE,Combined TRACON& Tower with Radar,3,23,37,0,63,0,1,46,0,47,3,24,83,0,110,4,0,4,114
12/20/2014,BFL,CA,AWP,WE,Combined TRACON& Tower with Radar,3,23,39,0,65,0,3,51,0,54,3,26,90,0,119,8,0,8,127
12/21/2014,BFL,CA,AWP,WE,Combined TRACON& Tower with Radar,3,14,26,0,43,0,5,14,0,19,3,19,40,0,62,2,0,2,64
12/22/2014,BFL,CA,AWP,WE,Combined TRACON& Tower with Radar,3,17,24,0,44,0,2,28,0,30,3,19,52,0,74,0,0,0,74
12/23/2014,BFL,CA,AWP,WE,Combined TRACON& Tower with Radar,3,38,32,0,73,0,2,22,0,24,3,40,54,0,97,20,0,20,117
12/24/2014,BFL,CA,AWP,WE,Combined TRACON& Tower with Radar,1,22,18,0,41,0,0,26,0,26,1,22,44,0,67,6,0,6,73
12/25/2014,BFL,CA,AWP,WE,Combined TRACON& Tower with Radar,1,13,3,0,17,0,0,8,0,8,1,13,11,0,25,2,0,2,27
12/26/2014,BFL,CA,AWP,WE,Combined TRACON& Tower with Radar,3,22,38,0,63,0,4,45,0,49,3,26,83,0,112,0,0,0,112
12/27/2014,BFL,CA,AWP,WE,Combined TRACON& Tower with Radar,3,19,25,0,47,0,6,44,0,50,3,25,69,0,97,22,0,22,119
12/28/2014,BFL,CA,AWP,WE,Combined TRACON& Tower with Radar,2,14,25,0,41,0,10,38,0,48,2,24,63,0,89,0,0,0,89
12/29/2014,BFL,CA,AWP,WE,Combined TRACON& Tower with Radar,3,17,31,0,51,0,6,44,0,50,3,23,75,0,101,20,0,20,121
12/30/2014,BFL,CA,AWP,WE,Combined TRACON& Tower with Radar,2,27,37,0,66,0,0,5,0,5,2,27,42,0,71,0,0,0,71
12/31/2014,BFL,CA,AWP,WE,Combined TRACON& Tower with Radar,3,20,28,0,51,0,2,21,0,23,3,22,49,0,74,0,0,0,74
01/01/2015,BFL,CA,AWP,WE,Combined TRACON& Tower with Radar,3,14,11,0,28,0,5,26,0,31,3,19,37,0,59,16,0,16,75
01/02/2015,BFL,CA,AWP,WE,Combined TRACON& Tower with Radar,4,22,29,0,55,0,4,38,0,42,4,26,67,0,97,2,0,2,99
01/03/2015,BFL,CA,AWP,WE,Combined TRACON& Tower with Radar,3,18,27,0,48,0,2,63,0,65,3,20,90,0,113,32,0,32,145
01/04/2015,BFL,CA,AWP,WE,Combined TRACON& Tower with Radar,2,16,22,0,40,0,3,40,0,43,2,19,62,0,83,24,0,24,107
01/05/2015,BFL,CA,AWP,WE,Combined TRACON& Tower with Radar,4,16,30,2,52,0,0,30,4,34,4,16,60,6,86,8,0,8,94
01/06/2015,BFL,CA,AWP,WE,Combined TRACON& Tower with Radar,6,23,39,8,76,0,3,31,0,34,6,26,70,8,110,14,0,14,124
01/07/2015,BFL,CA,AWP,WE,Combined TRACON& Tower with Radar,6,25,48,5,84,0,1,23,0,24,6,26,71,5,108,0,0,0,108
01/08/2015,BFL,CA,AWP,WE,Combined TRACON& Tower with Radar,6,23,61,16,106,0,0,20,0,20,6,23,81,16,126,0,0,0,126
01/09/2015,BFL,CA,AWP,WE,Combined TRACON& Tower with Radar,5,26,51,0,82,0,0,9,0,9,5,26,60,0,91,0,0,0,91
01/10/2015,BFL,CA,AWP,WE,Combined TRACON& Tower with Radar,4,18,20,0,42,0,0,2,0,2,4,18,22,0,44,0,0,0,44
01/11/2015,BFL,CA,AWP,WE,Combined TRACON& Tower with Radar,5,16,25,0,46,0,0,0,0,0,5,16,25,0,46,0,0,0,46
01/12/2015,BFL,CA,AWP,WE,Combined TRACON& Tower with Radar,9,15,36,5,65,0,0,10,0,10,9,15,46,5,75,2,0,2,77
01/13/2015,BFL,CA,AWP,WE,Combined TRACON& Tower with Radar,6,22,39,2,69,0,3,18,0,21,6,25,57,2,90,0,0,0,90
01/14/2015,BFL,CA,AWP,WE,Combined TRACON& Tower with Radar,6,22,43,1,72,0,2,29,0,31,6,24,72,1,103,10,0,10,113
01/15/2015,BFL,CA,AWP,WE,Combined TRACON& Tower with Radar,6,26,70,0,102,0,0,34,1,35,6,26,104,1,137,0,0,0,137
01/16/2015,BFL,CA,AWP,WE,Combined TRACON& Tower with Radar,8,22,57,0,87,0,0,21,0,21,8,22,78,0,108,0,0,0,108
01/17/2015,BFL,CA,AWP,WE,Combined TRACON& Tower with Radar,4,13,25,0,42,0,0,2,0,2,4,13,27,0,44,0,0,0,44
01/18/2015,BFL,CA,AWP,WE,Combined TRACON& Tower with Radar,3,12,26,0,41,0,0,4,0,4,3,12,30,0,45,0,0,0,45
01/19/2015,BFL,CA,AWP,WE,Combined TRACON& Tower with Radar,4,16,54,0,74,0,0,2,0,2,4,16,56,0,76,0,0,0,76
01/20/2015,BFL,CA,AWP,WE,Combined TRACON& Tower with Radar,6,21,57,10,94,0,0,14,0,14,6,21,71,10,108,0,0,0,108
01/21/2015,BFL,CA,AWP,WE,Combined TRACON& Tower with Radar,5,26,54,0,85,0,4,12,0,16,5,30,66,0,101,18,0,18,119
01/22/2015,BFL,CA,AWP,WE,Combined TRACON& Tower with Radar,6,19,60,2,87,0,6,38,0,44,6,25,98,2,131,12,0,12,143
01/23/2015,BFL,CA,AWP,WE,Combined TRACON& Tower with Radar,6,23,53,3,85,0,6,20,1,27,6,29,73,4,112,6,0,6,118
01/24/2015,BFL,CA,AWP,WE,Combined TRACON& Tower with Radar,1,7,14,0,22,0,0,0,0,0,1,7,14,0,22,0,0,0,22
01/25/2015,BFL,CA,AWP,WE,Combined TRACON& Tower with Radar,5,11,39,0,55,0,0,11,0,11,5,11,50,0,66,2,0,2,68
01/26/2015,BFL,CA,AWP,WE,Combined TRACON& Tower with Radar,6,16,40,2,64,0,5,13,0,18,6,21,53,2,82,4,0,4,86
01/27/2015,BFL,CA,AWP,WE,Combined TRACON& Tower with Radar,6,18,41,1,66,0,3,37,0,40,6,21,78,1,106,24,0,24,130
01/28/2015,BFL,CA,AWP,WE,Combined TRACON& Tower with Radar,6,23,40,4,73,0,2,32,0,34,6,25,72,4,107,26,0,26,133
01/29/2015,BFL,CA,AWP,WE,Combined TRACON& Tower with Radar,6,20,45,8,79,0,0,19,0,19,6,20,64,8,98,10,6,16,114
01/30/2015,BFL,CA,AWP,WE,Combined TRACON& Tower with Radar,6,25,46,0,77,1,0,12,0,13,7,25,58,0,90,4,0,4,94
01/31/2015,BFL,CA,AWP,WE,Combined TRACON& Tower with Radar,4,16,28,0,48,3,5,28,0,36,7,21,56,0,84,0,0,0,84
02/01/2015,BFL,CA,AWP,WE,Combined TRACON& Tower with Radar,4,6,18,0,28,0,8,38,0,46,4,14,56,0,74,10,0,10,84
02/02/2015,BFL,CA,AWP,WE,Combined TRACON& Tower with Radar,6,15,30,2,53,0,5,63,0,68,6,20,93,2,121,16,0,16,137
02/03/2015,BFL,CA,AWP,WE,Combined TRACON& Tower with Radar,6,31,53,1,91,0,9,48,0,57,6,40,101,1,148,0,0,0,148
02/04/2015,BFL,CA,AWP,WE,Combined TRACON& Tower with Radar,6,23,40,3,72,0,1,61,0,62,6,24,101,3,134,8,0,8,142
02/05/2015,BFL,CA,AWP,WE,Combined TRACON& Tower with Radar,6,21,43,2,72,0,8,65,2,75,6,29,108,4,147,5,0,5,152
02/06/2015,BFL,CA,AWP,WE,Combined TRACON& Tower with Radar,6,19,28,0,53,0,16,43,0,59,6,35,71,0,112,26,0,26,138
02/07/2015,BFL,CA,AWP,WE,Combined TRACON& Tower with Radar,4,10,22,2,38,0,1,15,0,16,4,11,37,2,54,0,0,0,54
02/08/2015,BFL,CA,AWP,WE,Combined TRACON& Tower with Radar,7,11,28,0,46,0,0,43,0,43,7,11,71,0,89,10,0,10,99
02/09/2015,BFL,CA,AWP,WE,Combined TRACON& Tower with Radar,6,15,29,0,50,0,7,39,0,46,6,22,68,0,96,22,0,22,118
02/10/2015,BFL,CA,AWP,WE,Combined TRACON& Tower with Radar,7,25,41,0,73,0,1,48,0,49,7,26,89,0,122,2,0,2,124
02/11/2015,BFL,CA,AWP,WE,Combined TRACON& Tower with Radar,5,22,62,2,91,0,8,40,1,49,5,30,102,3,140,4,0,4,144
02/12/2015,BFL,CA,AWP,WE,Combined TRACON& Tower with Radar,4,22,39,0,65,0,12,55,0,67,4,34,94,0,132,24,0,24,156
02/13/2015,BFL,CA,AWP,WE,Combined TRACON& Tower with Radar,4,24,43,1,72,0,2,68,0,70,4,26,111,1,142,0,0,0,142
02/14/2015,BFL,CA,AWP,WE,Combined TRACON& Tower with Radar,7,14,19,0,40,0,2,47,0,49,7,16,66,0,89,6,0,6,95
02/15/2015,BFL,CA,AWP,WE,Combined TRACON& Tower with Radar,6,12,45,0,63,0,1,50,0,51,6,13,95,0,114,4,0,4,118
02/16/2015,BFL,CA,AWP,WE,Combined TRACON& Tower with Radar,3,15,32,0,50,0,7,49,0,56,3,22,81,0,106,20,0,20,126
02/17/2015,BFL,CA,AWP,WE,Combined TRACON& Tower with Radar,4,22,57,0,83,0,4,65,0,69,4,26,122,0,152,76,0,76,228
02/18/2015,BFL,CA,AWP,WE,Combined TRACON& Tower with Radar,6,27,60,1,94,0,5,32,1,38,6,32,92,2,132,18,0,18,150
02/19/2015,BFL,CA,AWP,WE,Combined TRACON& Tower with Radar,5,21,60,0,86,0,11,38,0,49,5,32,98,0,135,1,0,1,136
02/20/2015,BFL,CA,AWP,WE,Combined TRACON& Tower with Radar,5,21,51,0,77,0,4,13,0,17,5,25,64,0,94,0,0,0,94
02/21/2015,BFL,CA,AWP,WE,Combined TRACON& Tower with Radar,5,16,32,0,53,0,1,7,0,8,5,17,39,0,61,0,0,0,61
02/22/2015,BFL,CA,AWP,WE,Combined TRACON& Tower with Radar,5,14,28,0,47,0,3,10,0,13,5,17,38,0,60,8,0,8,68
02/23/2015,BFL,CA,AWP,WE,Combined TRACON& Tower with Radar,3,16,25,0,44,0,2,35,7,44,3,18,60,7,88,36,0,36,124
02/24/2015,BFL,CA,AWP,WE,Combined TRACON& Tower with Radar,6,22,46,2,76,0,3,64,0,67,6,25,110,2,143,28,50,78,221
02/25/2015,BFL,CA,AWP,WE,Combined TRACON& Tower with Radar,6,22,44,1,73,0,12,84,2,98,6,34,128,3,171,90,34,124,295
02/26/2015,BFL,CA,AWP,WE,Combined TRACON& Tower with Radar,7,22,64,0,93,0,4,52,9,65,7,26,116,9,158,18,52,70,228
02/27/2015,BFL,CA,AWP,WE,Combined TRACON& Tower with Radar,5,23,48,0,76,0,5,47,0,52,5,28,95,0,128,22,0,22,150
02/28/2015,BFL,CA,AWP,WE,Combined TRACON& Tower with Radar,4,12,14,0,30,0,5,31,0,36,4,17,45,0,66,28,0,28,94
03/01/2015,BFL,CA,AWP,WE,Combined TRACON& Tower with Radar,5,19,18,0,42,0,0,20,0,20,5,19,38,0,62,26,0,26,88
03/02/2015,BFL,CA,AWP,WE,Combined TRACON& Tower with Radar,4,14,25,0,43,0,2,17,0,19,4,16,42,0,62,4,0,4,66
03/03/2015,BFL,CA,AWP,WE,Combined TRACON& Tower with Radar,5,27,51,0,83,0,8,63,0,71,5,35,114,0,154,54,0,54,208
03/04/2015,BFL,CA,AWP,WE,Combined TRACON& Tower with Radar,6,23,51,0,80,0,10,80,0,90,6,33,131,0,170,28,0,28,198
03/05/2015,BFL,CA,AWP,WE,Combined TRACON& Tower with Radar,5,20,46,1,72,0,3,51,2,56,5,23,97,3,128,2,0,2,130
03/06/2015,BFL,CA,AWP,WE,Combined TRACON& Tower with Radar,6,24,33,3,66,0,4,70,1,75,6,28,103,4,141,18,0,18,159
03/07/2015,BFL,CA,AWP,WE,Combined TRACON& Tower with Radar,3,14,36,0,53,0,0,75,0,75,3,14,111,0,128,24,0,24,152
03/08/2015,BFL,CA,AWP,WE,Combined TRACON& Tower with Radar,6,15,32,0,53,0,6,60,0,66,6,21,92,0,119,24,0,24,143
03/09/2015,BFL,CA,AWP,WE,Combined TRACON& Tower with Radar,4,7,31,0,42,0,8,48,0,56,4,15,79,0,98,66,0,66,164
03/10/2015,BFL,CA,AWP,WE,Combined TRACON& Tower with Radar,4,27,43,5,79,0,11,105,2,118,4,38,148,7,197,30,0,30,227
03/11/2015,BFL,CA,AWP,WE,Combined TRACON& Tower with Radar,4,23,41,0,68,0,3,35,0,38,4,26,76,0,106,10,0,10,116
03/12/2015,BFL,CA,AWP,WE,Combined TRACON& Tower with Radar,6,17,55,0,78,0,2,45,7,54,6,19,100,7,132,8,0,8,140
03/13/2015,BFL,CA,AWP,WE,Combined TRACON& Tower with Radar,6,22,48,0,76,0,0,77,0,77,6,22,125,0,153,20,0,20,173
03/14/2015,BFL,CA,AWP,WE,Combined TRACON& Tower with Radar,2,11,34,0,47,0,3,46,0,49,2,14,80,0,96,22,0,22,118
03/15/2015,BFL,CA,AWP,WE,Combined TRACON& Tower with Radar,6,15,41,0,62,0,8,64,2,74,6,23,105,2,136,44,0,44,180
03/16/2015,BFL,CA,AWP,WE,Combined TRACON& Tower with Radar,6,13,46,0,65,0,6,66,0,72,6,19,112,0,137,24,0,24,161
03/17/2015,BFL,CA,AWP,WE,Combined TRACON& Tower with Radar,6,36,32,0,74,0,5,58,0,63,6,41,90,0,137,20,0,20,157
03/18/2015,BFL,CA,AWP,WE,Combined TRACON& Tower with Radar,8,19,34,0,61,0,4,71,2,77,8,23,105,2,138,34,0,34,172
03/19/2015,BFL,CA,AWP,WE,Combined TRACON& Tower with Radar,6,24,37,0,67,0,10,90,4,104,6,34,127,4,171,32,0,32,203
03/20/2015,BFL,CA,AWP,WE,Combined TRACON& Tower with Radar,6,20,44,0,70,0,2,65,0,67,6,22,109,0,137,13,0,13,150
03/21/2015,BFL,CA,AWP,WE,Combined TRACON& Tower with Radar,4,13,30,0,47,0,0,33,1,34,4,13,63,1,81,10,0,10,91
03/22/2015,BFL,CA,AWP,WE,Combined TRACON& Tower with Radar,6,11,21,0,38,0,4,57,0,61,6,15,78,0,99,16,0,16,115
03/23/2015,BFL,CA,AWP,WE,Combined TRACON& Tower with Radar,6,16,32,0,54,0,16,40,0,56,6,32,72,0,110,22,0,22,132
03/24/2015,BFL,CA,AWP,WE,Combined TRACON& Tower with Radar,8,24,30,4,66,0,5,83,0,88,8,29,113,4,154,26,0,26,180
03/25/2015,BFL,CA,AWP,WE,Combined TRACON& Tower with Radar,3,19,41,0,63,0,8,43,0,51,3,27,84,0,114,28,0,28,142
03/26/2015,BFL,CA,AWP,WE,Combined TRACON& Tower with Radar,6,22,51,0,79,0,14,71,0,85,6,36,122,0,164,2,0,2,166
03/27/2015,BFL,CA,AWP,WE,Combined TRACON& Tower with Radar,3,22,57,0,82,0,2,63,0,65,3,24,120,0,147,36,0,36,183
03/28/2015,BFL,CA,AWP,WE,Combined TRACON& Tower with Radar,2,16,51,0,69,0,5,53,0,58,2,21,104,0,127,46,0,46,173
03/29/2015,BFL,CA,AWP,WE,Combined TRACON& Tower with Radar,4,15,31,0,50,0,2,54,1,57,4,17,85,1,107,18,0,18,125
03/30/2015,BFL,CA,AWP,WE,Combined TRACON& Tower with Radar,5,15,27,2,49,0,5,50,0,55,5,20,77,2,104,76,0,76,180
03/31/2015,BFL,CA,AWP,WE,Combined TRACON& Tower with Radar,5,22,37,0,64,0,0,53,2,55,5,22,90,2,119,34,0,34,153
04/01/2015,BFL,CA,AWP,WE,Combined TRACON& Tower with Radar,3,26,55,2,86,0,0,66,2,68,3,26,121,4,154,57,0,57,211
04/02/2015,BFL,CA,AWP,WE,Combined TRACON& Tower with Radar,3,22,34,0,59,0,5,61,0,66,3,27,95,0,125,10,0,10,135
04/03/2015,BFL,CA,AWP,WE,Combined TRACON& Tower with Radar,4,18,38,0,60,0,7,52,0,59,4,25,90,0,119,10,0,10,129
04/04/2015,BFL,CA,AWP,WE,Combined TRACON& Tower with Radar,2,13,22,0,37,0,4,59,0,63,2,17,81,0,100,22,0,22,122
04/05/2015,BFL,CA,AWP,WE,Combined TRACON& Tower with Radar,4,13,20,0,37,0,12,32,0,44,4,25,52,0,81,11,0,11,92
04/06/2015,BFL,CA,AWP,WE,Combined TRACON& Tower with Radar,4,21,43,1,69,0,4,46,1,51,4,25,89,2,120,16,0,16,136
04/07/2015,BFL,CA,AWP,WE,Combined TRACON& Tower with Radar,4,25,26,0,55,0,7,30,0,37,4,32,56,0,92,42,0,42,134
04/08/2015,BFL,CA,AWP,WE,Combined TRACON& Tower with Radar,3,22,45,0,70,0,6,42,0,48,3,28,87,0,118,19,0,19,137
04/09/2015,BFL,CA,AWP,WE,Combined TRACON& Tower with Radar,4,26,59,0,89,0,4,56,0,60,4,30,115,0,149,16,0,16,165
04/10/2015,BFL,CA,AWP,WE,Combined TRACON& Tower with Radar,4,27,50,1,82,0,8,88,1,97,4,35,138,2,179,18,0,18,197
04/11/2015,BFL,CA,AWP,WE,Combined TRACON& Tower with Radar,1,15,29,1,46,0,6,100,5,111,1,21,129,6,157,68,0,68,225
04/12/2015,BFL,CA,AWP,WE,Combined TRACON& Tower with Radar,3,17,31,2,53,0,4,95,2,101,3,21,126,4,154,14,2,16,170
04/13/2015,BFL,CA,AWP,WE,Combined TRACON& Tower with Radar,3,19,37,5,64,0,8,50,1,59,3,27,87,6,123,10,0,10,133
04/14/2015,BFL,CA,AWP,WE,Combined TRACON& Tower with Radar,0,11,16,0,27,0,2,29,2,33,0,13,45,2,60,8,6,14,74
04/15/2015,BFL,CA,AWP,WE,Combined TRACON& Tower with Radar,1,12,28,8,49,0,15,49,10,74,1,27,77,18,123,8,0,8,131
04/16/2015,BFL,CA,AWP,WE,Combined TRACON& Tower with Radar,0,18,26,1,45,0,4,78,7,89,0,22,104,8,134,18,0,18,152
04/17/2015,BFL,CA,AWP,WE,Combined TRACON& Tower with Radar,6,10,18,0,34,1,8,68,0,77,7,18,86,0,111,14,0,14,125
04/18/2015,BFL,CA,AWP,WE,Combined TRACON& Tower with Radar,2,15,29,0,46,0,6,86,0,92,2,21,115,0,138,20,0,20,158
04/19/2015,BFL,CA,AWP,WE,Combined TRACON& Tower with Radar,3,15,56,0,74,0,9,49,0,58,3,24,105,0,132,6,0,6,138
04/20/2015,BFL,CA,AWP,WE,Combined TRACON& Tower with Radar,5,20,54,3,82,2,8,33,0,43,7,28,87,3,125,0,0,0,125
04/21/2015,BFL,CA,AWP,WE,Combined TRACON& Tower with Radar,3,24,40,0,67,0,2,40,0,42,3,26,80,0,109,18,0,18,127
04/22/2015,BFL,CA,AWP,WE,Combined TRACON& Tower with Radar,4,27,42,0,73,0,9,50,0,59,4,36,92,0,132,14,0,14,146
04/23/2015,BFL,CA,AWP,WE,Combined TRACON& Tower with Radar,4,25,42,1,72,0,7,45,2,54,4,32,87,3,126,10,0,10,136
04/24/2015,BFL,CA,AWP,WE,Combined TRACON& Tower with Radar,3,26,66,0,95,0,1,54,0,55,3,27,120,0,150,0,0,0,150
04/25/2015,BFL,CA,AWP,WE,Combined TRACON& Tower with Radar,2,27,25,0,54,0,0,22,0,22,2,27,47,0,76,28,0,28,104
04/26/2015,BFL,CA,AWP,WE,Combined TRACON& Tower with Radar,4,14,37,1,56,0,3,30,1,34,4,17,67,2,90,2,0,2,92
04/27/2015,BFL,CA,AWP,WE,Combined TRACON& Tower with Radar,4,19,41,1,65,0,4,49,0,53,4,23,90,1,118,6,0,6,124
04/28/2015,BFL,CA,AWP,WE,Combined TRACON& Tower with Radar,3,26,43,2,74,0,15,65,0,80,3,41,108,2,154,62,0,62,216
04/29/2015,BFL,CA,AWP,WE,Combined TRACON& Tower with Radar,3,31,42,4,80,0,3,76,0,79,3,34,118,4,159,42,0,42,201
04/30/2015,BFL,CA,AWP,WE,Combined TRACON& Tower with Radar,4,21,56,0,81,0,5,78,0,83,4,26,134,0,164,20,0,20,184
05/01/2015,BFL,CA,AWP,WE,Combined TRACON& Tower with Radar,4,22,54,1,81,0,3,60,0,63,4,25,114,1,144,13,0,13,157
05/02/2015,BFL,CA,AWP,WE,Combined TRACON& Tower with Radar,2,14,31,0,47,0,1,54,0,55,2,15,85,0,102,20,0,20,122
05/03/2015,BFL,CA,AWP,WE,Combined TRACON& Tower with Radar,3,17,31,0,51,0,1,49,0,50,3,18,80,0,101,24,0,24,125
05/04/2015,BFL,CA,AWP,WE,Combined TRACON& Tower with Radar,5,18,46,6,75,0,2,48,0,50,5,20,94,6,125,18,0,18,143
05/05/2015,BFL,CA,AWP,WE,Combined TRACON& Tower with Radar,4,34,44,0,82,0,0,55,1,56,4,34,99,1,138,73,0,73,211
05/06/2015,BFL,CA,AWP,WE,Combined TRACON& Tower with Radar,3,25,48,0,76,0,12,55,0,67,3,37,103,0,143,16,0,16,159
05/07/2015,BFL,CA,AWP,WE,Combined TRACON& Tower with Radar,3,26,48,0,77,0,0,38,0,38,3,26,86,0,115,2,0,2,117
05/08/2015,BFL,CA,AWP,WE,Combined TRACON& Tower with Radar,4,26,53,1,84,0,6,26,0,32,4,32,79,1,116,6,0,6,122
05/09/2015,BFL,CA,AWP,WE,Combined TRACON& Tower with Radar,2,19,30,3,54,0,6,50,0,56,2,25,80,3,110,46,0,46,156
05/10/2015,BFL,CA,AWP,WE,Combined TRACON& Tower with Radar,3,14,23,0,40,0,0,38,0,38,3,14,61,0,78,0,0,0,78
05/11/2015,BFL,CA,AWP,WE,Combined TRACON& Tower with Radar,3,16,49,5,73,0,7,56,0,63,3,23,105,5,136,40,0,40,176
05/12/2015,BFL,CA,AWP,WE,Combined TRACON& Tower with Radar,4,24,45,2,75,0,1,62,1,64,4,25,107,3,139,14,0,14,153
05/13/2015,BFL,CA,AWP,WE,Combined TRACON& Tower with Radar,4,28,54,0,86,0,7,65,0,72,4,35,119,0,158,52,0,52,210
05/14/2015,BFL,CA,AWP,WE,Combined TRACON& Tower with Radar,3,20,51,1,75,0,1,48,2,51,3,21,99,3,126,18,0,18,144
05/15/2015,BFL,CA,AWP,WE,Combined TRACON& Tower with Radar,3,26,67,0,96,0,4,36,0,40,3,30,103,0,136,18,0,18,154
05/16/2015,BFL,CA,AWP,WE,Combined TRACON& Tower with Radar,2,16,28,0,46,0,2,58,0,60,2,18,86,0,106,22,0,22,128
05/17/2015,BFL,CA,AWP,WE,Combined TRACON& Tower with Radar,4,14,32,0,50,0,5,48,0,53,4,19,80,0,103,0,0,0,103
05/18/2015,BFL,CA,AWP,WE,Combined TRACON& Tower with Radar,3,16,39,1,59,0,3,44,1,48,3,19,83,2,107,16,0,16,123
05/19/2015,BFL,CA,AWP,WE,Combined TRACON& Tower with Radar,3,26,42,0,71,0,2,65,0,67,3,28,107,0,138,30,0,30,168
05/20/2015,BFL,CA,AWP,WE,Combined TRACON& Tower with Radar,3,22,49,0,74,0,4,70,0,74,3,26,119,0,148,2,0,2,150
05/21/2015,BFL,CA,AWP,WE,Combined TRACON& Tower with Radar,2,22,60,4,88,0,4,53,1,58,2,26,113,5,146,10,10,20,166
05/22/2015,BFL,CA,AWP,WE,Combined TRACON& Tower with Radar,4,26,43,0,73,0,1,12,0,13,4,27,55,0,86,0,0,0,86
05/23/2015,BFL,CA,AWP,WE,Combined TRACON& Tower with Radar,2,17,20,0,39,0,2,64,0,66,2,19,84,0,105,52,0,52,157
05/24/2015,BFL,CA,AWP,WE,Combined TRACON& Tower with Radar,2,13,14,4,33,0,4,32,2,38,2,17,46,6,71,20,0,20,91
05/25/2015,BFL,CA,AWP,WE,Combined TRACON& Tower with Radar,5,14,37,0,56,0,8,71,0,79,5,22,108,0,135,26,0,26,161
05/26/2015,BFL,CA,AWP,WE,Combined TRACON& Tower with Radar,3,21,45,2,71,0,1,56,3,60,3,22,101,5,131,20,0,20,151
05/27/2015,BFL,CA,AWP,WE,Combined TRACON& Tower with Radar,3,28,51,0,82,0,11,57,0,68,3,39,108,0,150,6,0,6,156
05/28/2015,BFL,CA,AWP,WE,Combined TRACON& Tower with Radar,3,27,43,5,78,0,3,51,0,54,3,30,94,5,132,8,0,8,140
05/29/2015,BFL,CA,AWP,WE,Combined TRACON& Tower with Radar,6,22,45,4,77,0,2,30,0,32,6,24,75,4,109,52,0,52,161
05/30/2015,BFL,CA,AWP,WE,Combined TRACON& Tower with Radar,1,17,29,0,47,0,2,53,0,55,1,19,82,0,102,44,0,44,146
05/31/2015,BFL,CA,AWP,WE,Combined TRACON& Tower with Radar,3,14,32,0,49,0,3,32,0,35,3,17,64,0,84,60,0,60,144
06/01/2015,BFL,CA,AWP,WE,Combined TRACON& Tower with Radar,4,20,22,0,46,0,2,56,0,58,4,22,78,0,104,68,0,68,172
06/02/2015,BFL,CA,AWP,WE,Combined TRACON& Tower with Radar,4,23,49,0,76,0,6,94,0,100,4,29,143,0,176,42,0,42,218
06/03/2015,BFL,CA,AWP,WE,Combined TRACON& Tower with Radar,4,25,32,0,61,0,3,77,0,80,4,28,109,0,141,28,0,28,169
06/04/2015,BFL,CA,AWP,WE,Combined TRACON& Tower with Radar,4,20,44,4,72,0,4,56,1,61,4,24,100,5,133,66,0,66,199
06/05/2015,BFL,CA,AWP,WE,Combined TRACON& Tower with Radar,4,22,36,1,63,0,5,48,0,53,4,27,84,1,116,22,0,22,138
06/06/2015,BFL,CA,AWP,WE,Combined TRACON& Tower with Radar,3,18,25,5,51,0,3,36,0,39,3,21,61,5,90,29,0,29,119
06/07/2015,BFL,CA,AWP,WE,Combined TRACON& Tower with Radar,3,17,19,2,41,0,6,48,0,54,3,23,67,2,95,0,0,0,95
06/08/2015,BFL,CA,AWP,WE,Combined TRACON& Tower with Radar,4,16,33,0,53,0,0,58,2,60,4,16,91,2,113,32,0,32,145
06/09/2015,BFL,CA,AWP,WE,Combined TRACON& Tower with Radar,3,25,29,1,58,0,4,62,0,66,3,29,91,1,124,37,0,37,161
06/10/2015,BFL,CA,AWP,WE,Combined TRACON& Tower with Radar,3,22,49,1,75,0,4,44,2,50,3,26,93,3,125,2,2,4,129
06/11/2015,BFL,CA,AWP,WE,Combined TRACON& Tower with Radar,4,24,61,0,89,0,4,62,8,74,4,28,123,8,163,12,0,12,175
06/12/2015,BFL,CA,AWP,WE,Combined TRACON& Tower with Radar,4,23,51,2,80,0,4,48,1,53,4,27,99,3,133,14,0,14,147
06/13/2015,BFL,CA,AWP,WE,Combined TRACON& Tower with Radar,3,31,34,2,70,0,1,42,0,43,3,32,76,2,113,20,0,20,133
06/14/2015,BFL,CA,AWP,WE,Combined TRACON& Tower with Radar,3,14,48,0,65,0,1,37,0,38,3,15,85,0,103,16,0,16,119
06/15/2015,BFL,CA,AWP,WE,Combined TRACON& Tower with Radar,3,30,51,2,86,0,7,57,0,64,3,37,108,2,150,66,0,66,216
06/16/2015,BFL,CA,AWP,WE,Combined TRACON& Tower with Radar,4,23,53,0,80,0,4,68,0,72,4,27,121,0,152,24,0,24,176
06/17/2015,BFL,CA,AWP,WE,Combined TRACON& Tower with Radar,3,24,52,0,79,0,3,44,0,47,3,27,96,0,126,8,0,8,134
06/18/2015,BFL,CA,AWP,WE,Combined TRACON& Tower with Radar,5,27,77,0,109,0,1,60,1,62,5,28,137,1,171,36,0,36,207
06/19/2015,BFL,CA,AWP,WE,Combined TRACON& Tower with Radar,5,22,51,6,84,0,3,42,2,47,5,25,93,8,131,0,0,0,131
06/20/2015,BFL,CA,AWP,WE,Combined TRACON& Tower with Radar,3,18,27,0,48,0,7,50,0,57,3,25,77,0,105,10,6,16,121
06/21/2015,BFL,CA,AWP,WE,Combined TRACON& Tower with Radar,3,15,19,0,37,0,3,51,0,54,3,18,70,0,91,18,0,18,109
06/22/2015,BFL,CA,AWP,WE,Combined TRACON& Tower with Radar,3,25,56,1,85,0,4,65,0,69,3,29,121,1,154,18,8,26,180
06/23/2015,BFL,CA,AWP,WE,Combined TRACON& Tower with Radar,4,25,43,2,74,0,4,56,1,61,4,29,99,3,135,28,0,28,163
06/24/2015,BFL,CA,AWP,WE,Combined TRACON& Tower with Radar,4,24,51,0,79,0,18,72,0,90,4,42,123,0,169,8,0,8,177
06/25/2015,BFL,CA,AWP,WE,Combined TRACON& Tower with Radar,4,23,46,2,75,0,11,57,0,68,4,34,103,2,143,30,0,30,173
06/26/2015,BFL,CA,AWP,WE,Combined TRACON& Tower with Radar,4,27,59,0,90,1,4,56,0,61,5,31,115,0,151,6,0,6,157
06/27/2015,BFL,CA,AWP,WE,Combined TRACON& Tower with Radar,3,19,37,0,59,0,7,42,0,49,3,26,79,0,108,20,0,20,128
06/28/2015,BFL,CA,AWP,WE,Combined TRACON& Tower with Radar,3,14,29,0,46,0,4,54,0,58,3,18,83,0,104,44,0,44,148
06/29/2015,BFL,CA,AWP,WE,Combined TRACON& Tower with Radar,4,19,37,3,63,0,4,52,3,59,4,23,89,6,122,10,0,10,132
06/30/2015,BFL,CA,AWP,WE,Combined TRACON& Tower with Radar,4,19,47,0,70,0,5,58,0,63,4,24,105,0,133,20,0,20,153
07/01/2015,BFL,CA,AWP,WE,Combined TRACON& Tower with Radar,3,24,46,0,73,0,4,28,0,32,3,28,74,0,105,8,0,8,113
07/02/2015,BFL,CA,AWP,WE,Combined TRACON& Tower with Radar,4,24,48,0,76,0,2,55,0,57,4,26,103,0,133,16,0,16,149
07/03/2015,BFL,CA,AWP,WE,Combined TRACON& Tower with Radar,4,14,34,0,52,0,7,43,1,51,4,21,77,1,103,32,0,32,135
07/04/2015,BFL,CA,AWP,WE,Combined TRACON& Tower with Radar,3,8,16,0,27,0,7,34,0,41,3,15,50,0,68,16,0,16,84
07/05/2015,BFL,CA,AWP,WE,Combined TRACON& Tower with Radar,3,14,30,0,47,0,3,29,1,33,3,17,59,1,80,14,0,14,94
07/06/2015,BFL,CA,AWP,WE,Combined TRACON& Tower with Radar,3,18,32,0,53,0,2,54,0,56,3,20,86,0,109,40,0,40,149
07/07/2015,BFL,CA,AWP,WE,Combined TRACON& Tower with Radar,2,24,39,1,66,0,1,55,7,63,2,25,94,8,129,26,20,46,175
07/08/2015,BFL,CA,AWP,WE,Combined TRACON& Tower with Radar,1,17,37,0,55,0,1,53,0,54,1,18,90,0,109,42,0,42,151
07/09/2015,BFL,CA,AWP,WE,Combined TRACON& Tower with Radar,3,21,51,0,75,0,2,76,0,78,3,23,127,0,153,6,0,6,159
07/10/2015,BFL,CA,AWP,WE,Combined TRACON& Tower with Radar,4,17,59,1,81,0,3,65,3,71,4,20,124,4,152,16,0,16,168
07/11/2015,BFL,CA,AWP,WE,Combined TRACON& Tower with Radar,3,15,39,0,57,0,4,59,0,63,3,19,98,0,120,14,0,14,134
07/12/2015,BFL,CA,AWP,WE,Combined TRACON& Tower with Radar,3,14,29,0,46,0,7,40,0,47,3,21,69,0,93,10,0,10,103
07/13/2015,BFL,CA,AWP,WE,Combined TRACON& Tower with Radar,3,18,42,1,64,0,0,44,3,47,3,18,86,4,111,0,0,0,111
07/14/2015,BFL,CA,AWP,WE,Combined TRACON& Tower with Radar,1,13,36,0,50,0,4,63,0,67,1,17,99,0,117,18,0,18,135
07/15/2015,BFL,CA,AWP,WE,Combined TRACON& Tower with Radar,4,2,7,1,14,0,3,76,0,79,4,5,83,1,93,0,0,0,93
07/16/2015,BFL,CA,AWP,WE,Combined TRACON& Tower with Radar,4,20,35,8,67,0,3,66,0,69,4,23,101,8,136,10,0,10,146
07/17/2015,BFL,CA,AWP,WE,Combined TRACON& Tower with Radar,3,25,45,2,75,0,1,70,0,71,3,26,115,2,146,24,0,24,170
07/18/2015,BFL,CA,AWP,WE,Combined TRACON& Tower with Radar,5,16,40,0,61,0,8,26,0,34,5,24,66,0,95,17,0,17,112
07/19/2015,BFL,CA,AWP,WE,Combined TRACON& Tower with Radar,2,14,25,0,41,0,1,22,0,23,2,15,47,0,64,28,0,28,92
07/20/2015,BFL,CA,AWP,WE,Combined TRACON& Tower with Radar,3,17,20,4,44,0,3,34,10,47,3,20,54,14,91,10,0,10,101
07/21/2015,BFL,CA,AWP,WE,Combined TRACON& Tower with Radar,2,29,39,1,71,0,2,49,1,52,2,31,88,2,123,36,0,36,159
07/22/2015,BFL,CA,AWP,WE,Combined TRACON& Tower with Radar,3,25,45,2,75,0,5,50,0,55,3,30,95,2,130,2,0,2,132
07/23/2015,BFL,CA,AWP,WE,Combined TRACON& Tower with Radar,4,21,51,2,78,0,9,55,0,64,4,30,106,2,142,22,0,22,164
07/24/2015,BFL,CA,AWP,WE,Combined TRACON& Tower with Radar,6,25,34,3,68,0,3,63,1,67,6,28,97,4,135,10,0,10,145
07/25/2015,BFL,CA,AWP,WE,Combined TRACON& Tower with Radar,3,15,20,2,40,0,2,50,0,52,3,17,70,2,92,0,0,0,92
07/26/2015,BFL,CA,AWP,WE,Combined TRACON& Tower with Radar,3,12,38,2,55,0,3,40,0,43,3,15,78,2,98,61,0,61,159
07/27/2015,BFL,CA,AWP,WE,Combined TRACON& Tower with Radar,5,16,32,2,55,0,0,32,0,32,5,16,64,2,87,8,0,8,95
07/28/2015,BFL,CA,AWP,WE,Combined TRACON& Tower with Radar,2,22,37,1,62,0,0,55,0,55,2,22,92,1,117,10,0,10,127
07/29/2015,BFL,CA,AWP,WE,Combined TRACON& Tower with Radar,3,23,39,2,67,0,3,55,4,62,3,26,94,6,129,22,0,22,151
07/30/2015,BFL,CA,AWP,WE,Combined TRACON& Tower with Radar,4,29,46,0,79,0,13,59,0,72,4,42,105,0,151,10,0,10,161
07/31/2015,BFL,CA,AWP,WE,Combined TRACON& Tower with Radar,6,23,49,0,78,0,5,56,0,61,6,28,105,0,139,34,0,34,173
08/01/2015,BFL,CA,AWP,WE,Combined TRACON& Tower with Radar,3,14,41,0,58,0,3,42,3,48,3,17,83,3,106,35,0,35,141
08/02/2015,BFL,CA,AWP,WE,Combined TRACON& Tower with Radar,3,16,41,1,61,0,3,53,0,56,3,19,94,1,117,0,0,0,117
08/03/2015,BFL,CA,AWP,WE,Combined TRACON& Tower with Radar,4,17,30,3,54,0,5,42,2,49,4,22,72,5,103,8,0,8,111
08/04/2015,BFL,CA,AWP,WE,Combined TRACON& Tower with Radar,2,25,36,3,66,0,6,48,3,57,2,31,84,6,123,24,0,24,147
08/05/2015,BFL,CA,AWP,WE,Combined TRACON& Tower with Radar,3,29,63,7,102,0,0,56,1,57,3,29,119,8,159,18,0,18,177
08/06/2015,BFL,CA,AWP,WE,Combined TRACON& Tower with Radar,4,24,51,3,82,0,3,84,19,106,4,27,135,22,188,10,0,10,198
08/07/2015,BFL,CA,AWP,WE,Combined TRACON& Tower with Radar,4,23,54,4,85,0,7,76,2,85,4,30,130,6,170,42,0,42,212
08/08/2015,BFL,CA,AWP,WE,Combined TRACON& Tower with Radar,3,15,30,1,49,0,8,36,0,44,3,23,66,1,93,2,0,2,95
08/09/2015,BFL,CA,AWP,WE,Combined TRACON& Tower with Radar,3,13,36,1,53,0,2,45,2,49,3,15,81,3,102,12,0,12,114
08/10/2015,BFL,CA,AWP,WE,Combined TRACON& Tower with Radar,4,18,44,2,68,0,4,44,1,49,4,22,88,3,117,10,0,10,127
08/11/2015,BFL,CA,AWP,WE,Combined TRACON& Tower with Radar,4,25,47,4,80,1,6,55,6,68,5,31,102,10,148,32,0,32,180
08/12/2015,BFL,CA,AWP,WE,Combined TRACON& Tower with Radar,3,32,43,1,79,0,2,80,1,83,3,34,123,2,162,38,0,38,200
08/13/2015,BFL,CA,AWP,WE,Combined TRACON& Tower with Radar,3,27,72,0,102,0,7,77,0,84,3,34,149,0,186,46,0,46,232
08/14/2015,BFL,CA,AWP,WE,Combined TRACON& Tower with Radar,3,24,49,1,77,0,8,65,2,75,3,32,114,3,152,54,0,54,206
08/15/2015,BFL,CA,AWP,WE,Combined TRACON& Tower with Radar,3,16,34,0,53,0,6,49,0,55,3,22,83,0,108,24,0,24,132
08/16/2015,BFL,CA,AWP,WE,Combined TRACON& Tower with Radar,3,13,50,0,66,0,0,61,0,61,3,13,111,0,127,28,0,28,155
08/17/2015,BFL,CA,AWP,WE,Combined TRACON& Tower with Radar,3,21,33,1,58,0,8,28,0,36,3,29,61,1,94,18,0,18,112
08/18/2015,BFL,CA,AWP,WE,Combined TRACON& Tower with Radar,4,18,45,2,69,0,1,37,12,50,4,19,82,14,119,8,0,8,127
08/19/2015,BFL,CA,AWP,WE,Combined TRACON& Tower with Radar,4,23,41,2,70,0,2,57,2,61,4,25,98,4,131,36,0,36,167
08/20/2015,BFL,CA,AWP,WE,Combined TRACON& Tower with Radar,3,22,51,2,78,0,3,70,0,73,3,25,121,2,151,22,0,22,173
08/21/2015,BFL,CA,AWP,WE,Combined TRACON& Tower with Radar,4,24,60,2,90,0,3,64,0,67,4,27,124,2,157,20,0,20,177
08/22/2015,BFL,CA,AWP,WE,Combined TRACON& Tower with Radar,2,21,38,3,64,0,0,46,1,47,2,21,84,4,111,23,6,29,140
08/23/2015,BFL,CA,AWP,WE,Combined TRACON& Tower with Radar,3,16,48,10,77,0,0,44,0,44,3,16,92,10,121,12,0,12,133
08/24/2015,BFL,CA,AWP,WE,Combined TRACON& Tower with Radar,4,21,47,2,74,0,7,36,1,44,4,28,83,3,118,30,0,30,148
08/25/2015,BFL,CA,AWP,WE,Combined TRACON& Tower with Radar,3,30,37,2,72,0,4,60,0,64,3,34,97,2,136,54,2,56,192
08/26/2015,BFL,CA,AWP,WE,Combined TRACON& Tower with Radar,5,26,50,0,81,0,4,39,0,43,5,30,89,0,124,28,0,28,152
08/27/2015,BFL,CA,AWP,WE,Combined TRACON& Tower with Radar,4,29,54,2,89,0,9,76,0,85,4,38,130,2,174,30,0,30,204
08/28/2015,BFL,CA,AWP,WE,Combined TRACON& Tower with Radar,4,25,38,0,67,0,0,50,0,50,4,25,88,0,117,40,0,40,157
08/29/2015,BFL,CA,AWP,WE,Combined TRACON& Tower with Radar,2,16,17,0,35,0,1,48,0,49,2,17,65,0,84,4,0,4,88
08/30/2015,BFL,CA,AWP,WE,Combined TRACON& Tower with Radar,4,14,35,0,53,0,3,41,0,44,4,17,76,0,97,21,0,21,118
08/31/2015,BFL,CA,AWP,WE,Combined TRACON& Tower with Radar,4,17,34,1,56,0,2,37,0,39,4,19,71,1,95,10,0,10,105
09/01/2015,BFL,CA,AWP,WE,Combined TRACON& Tower with Radar,4,22,38,7,71,0,1,45,1,47,4,23,83,8,118,2,0,2,120
09/02/2015,BFL,CA,AWP,WE,Combined TRACON& Tower with Radar,4,27,42,0,73,0,2,55,0,57,4,29,97,0,130,32,0,32,162
09/03/2015,BFL,CA,AWP,WE,Combined TRACON& Tower with Radar,4,26,45,2,77,0,5,66,0,71,4,31,111,2,148,40,0,40,188
09/04/2015,BFL,CA,AWP,WE,Combined TRACON& Tower with Radar,4,32,40,2,78,0,4,61,0,65,4,36,101,2,143,12,0,12,155
09/05/2015,BFL,CA,AWP,WE,Combined TRACON& Tower with Radar,2,13,36,0,51,0,0,42,2,44,2,13,78,2,95,20,0,20,115
09/06/2015,BFL,CA,AWP,WE,Combined TRACON& Tower with Radar,2,10,23,0,35,0,5,42,0,47,2,15,65,0,82,16,0,16,98
09/07/2015,BFL,CA,AWP,WE,Combined TRACON& Tower with Radar,3,12,46,4,65,0,2,47,0,49,3,14,93,4,114,16,0,16,130
09/08/2015,BFL,CA,AWP,WE,Combined TRACON& Tower with Radar,4,17,44,5,70,0,12,65,0,77,4,29,109,5,147,34,0,34,181
09/09/2015,BFL,CA,AWP,WE,Combined TRACON& Tower with Radar,6,24,42,2,74,0,4,54,1,59,6,28,96,3,133,2,0,2,135
09/10/2015,BFL,CA,AWP,WE,Combined TRACON& Tower with Radar,4,22,43,1,70,0,7,61,1,69,4,29,104,2,139,4,0,4,143
09/11/2015,BFL,CA,AWP,WE,Combined TRACON& Tower with Radar,4,24,36,2,66,0,7,61,1,69,4,31,97,3,135,14,0,14,149
09/12/2015,BFL,CA,AWP,WE,Combined TRACON& Tower with Radar,2,18,21,0,41,0,5,46,0,51,2,23,67,0,92,14,0,14,106
09/13/2015,BFL,CA,AWP,WE,Combined TRACON& Tower with Radar,4,13,34,0,51,0,0,28,0,28,4,13,62,0,79,0,0,0,79
09/14/2015,BFL,CA,AWP,WE,Combined TRACON& Tower with Radar,4,17,43,7,71,0,3,30,4,37,4,20,73,11,108,20,24,44,152
09/15/2015,BFL,CA,AWP,WE,Combined TRACON& Tower with Radar,4,28,50,0,82,0,2,36,3,41,4,30,86,3,123,16,0,16,139
09/16/2015,BFL,CA,AWP,WE,Combined TRACON& Tower with Radar,4,29,64,0,97,0,1,53,0,54,4,30,117,0,151,28,0,28,179
09/17/2015,BFL,CA,AWP,WE,Combined TRACON& Tower with Radar,3,23,38,0,64,0,3,48,0,51,3,26,86,0,115,0,0,0,115
09/18/2015,BFL,CA,AWP,WE,Combined TRACON& Tower with Radar,4,25,44,0,73,0,3,48,0,51,4,28,92,0,124,0,0,0,124
09/19/2015,BFL,CA,AWP,WE,Combined TRACON& Tower with Radar,2,13,27,0,42,0,0,31,2,33,2,13,58,2,75,18,0,18,93
09/20/2015,BFL,CA,AWP,WE,Combined TRACON& Tower with Radar,4,14,44,0,62,0,2,51,1,54,4,16,95,1,116,26,0,26,142
09/21/2015,BFL,CA,AWP,WE,Combined TRACON& Tower with Radar,6,17,35,0,58,0,5,38,2,45,6,22,73,2,103,3,0,3,106
09/22/2015,BFL,CA,AWP,WE,Combined TRACON& Tower with Radar,3,25,54,0,82,0,15,50,0,65,3,40,104,0,147,18,0,18,165
09/23/2015,BFL,CA,AWP,WE,Combined TRACON& Tower with Radar,4,23,56,2,85,0,0,56,1,57,4,23,112,3,142,26,0,26,168
09/24/2015,BFL,CA,AWP,WE,Combined TRACON& Tower with Radar,4,25,66,2,97,0,5,78,1,84,4,30,144,3,181,32,0,32,213
09/25/2015,BFL,CA,AWP,WE,Combined TRACON& Tower with Radar,4,23,33,0,60,0,4,56,0,60,4,27,89,0,120,4,0,4,124
09/26/2015,BFL,CA,AWP,WE,Combined TRACON& Tower with Radar,2,13,26,0,41,0,2,37,0,39,2,15,63,0,80,30,0,30,110
09/27/2015,BFL,CA,AWP,WE,Combined TRACON& Tower with Radar,4,16,31,0,51,0,2,42,0,44,4,18,73,0,95,10,0,10,105
09/28/2015,BFL,CA,AWP,WE,Combined TRACON& Tower with Radar,4,17,47,0,68,0,9,56,0,65,4,26,103,0,133,10,0,10,143
09/29/2015,BFL,CA,AWP,WE,Combined TRACON& Tower with Radar,3,21,39,0,63,0,5,53,5,63,3,26,92,5,126,34,0,34,160
09/30/2015,BFL,CA,AWP,WE,Combined TRACON& Tower with Radar,3,21,58,3,85,0,7,51,4,62,3,28,109,7,147,52,0,52,199
10/01/2015,BFL,CA,AWP,WE,Combined TRACON& Tower with Radar,3,25,58,2,88,0,2,71,2,75,3,27,129,4,163,24,0,24,187
10/02/2015,BFL,CA,AWP,WE,Combined TRACON& Tower with Radar,4,29,44,14,91,0,5,68,0,73,4,34,112,14,164,12,0,12,176
10/03/2015,BFL,CA,AWP,WE,Combined TRACON& Tower with Radar,2,14,26,0,42,0,1,42,0,43,2,15,68,0,85,8,0,8,93
10/04/2015,BFL,CA,AWP,WE,Combined TRACON& Tower with Radar,4,16,33,0,53,0,2,17,0,19,4,18,50,0,72,0,0,0,72
10/05/2015,BFL,CA,AWP,WE,Combined TRACON& Tower with Radar,6,18,41,0,65,0,1,41,0,42,6,19,82,0,107,0,0,0,107
10/06/2015,BFL,CA,AWP,WE,Combined TRACON& Tower with Radar,6,20,44,0,70,0,4,60,0,64,6,24,104,0,134,2,0,2,136
10/07/2015,BFL,CA,AWP,WE,Combined TRACON& Tower with Radar,6,22,53,5,86,0,2,59,1,62,6,24,112,6,148,42,0,42,190
10/08/2015,BFL,CA,AWP,WE,Combined TRACON& Tower with Radar,6,22,45,2,75,0,1,68,1,70,6,23,113,3,145,28,0,28,173
10/09/2015,BFL,CA,AWP,WE,Combined TRACON& Tower with Radar,6,30,61,0,97,0,5,79,0,84,6,35,140,0,181,42,0,42,223
10/10/2015,BFL,CA,AWP,WE,Combined TRACON& Tower with Radar,4,15,30,0,49,0,6,40,0,46,4,21,70,0,95,26,0,26,121
10/11/2015,BFL,CA,AWP,WE,Combined TRACON& Tower with Radar,6,12,45,0,63,0,1,31,0,32,6,13,76,0,95,12,0,12,107
10/12/2015,BFL,CA,AWP,WE,Combined TRACON& Tower with Radar,6,15,39,0,60,0,4,48,1,53,6,19,87,1,113,43,0,43,156
10/13/2015,BFL,CA,AWP,WE,Combined TRACON& Tower with Radar,8,19,58,2,87,0,5,49,5,59,8,24,107,7,146,12,0,12,158
10/14/2015,BFL,CA,AWP,WE,Combined TRACON& Tower with Radar,6,23,52,0,81,0,0,43,0,43,6,23,95,0,124,32,0,32,156
10/15/2015,BFL,CA,AWP,WE,Combined TRACON& Tower with Radar,6,21,39,0,66,0,1,26,0,27,6,22,65,0,93,26,0,26,119
10/16/2015,BFL,CA,AWP,WE,Combined TRACON& Tower with Radar,6,34,87,4,131,4,1,19,0,24,10,35,106,4,155,0,0,0,155
10/17/2015,BFL,CA,AWP,WE,Combined TRACON& Tower with Radar,4,12,17,3,36,0,1,54,1,56,4,13,71,4,92,51,0,51,143
10/18/2015,BFL,CA,AWP,WE,Combined TRACON& Tower with Radar,6,19,39,0,64,1,2,19,3,25,7,21,58,3,89,18,0,18,107
10/19/2015,BFL,CA,AWP,WE,Combined TRACON& Tower with Radar,6,18,44,3,71,0,6,51,0,57,6,24,95,3,128,16,0,16,144
10/20/2015,BFL,CA,AWP,WE,Combined TRACON& Tower with Radar,5,21,38,0,64,0,2,79,0,81,5,23,117,0,145,46,0,46,191
10/21/2015,BFL,CA,AWP,WE,Combined TRACON& Tower with Radar,6,24,53,0,83,0,7,47,2,56,6,31,100,2,139,6,0,6,145
10/22/2015,BFL,CA,AWP,WE,Combined TRACON& Tower with Radar,6,22,48,8,84,0,0,53,0,53,6,22,101,8,137,26,6,32,169
10/23/2015,BFL,CA,AWP,WE,Combined TRACON& Tower with Radar,6,27,47,11,91,0,11,65,0,76,6,38,112,11,167,0,0,0,167
10/24/2015,BFL,CA,AWP,WE,Combined TRACON& Tower with Radar,4,13,23,2,42,0,4,41,0,45,4,17,64,2,87,14,0,14,101
10/25/2015,BFL,CA,AWP,WE,Combined TRACON& Tower with Radar,5,12,31,0,48,0,5,25,0,30,5,17,56,0,78,10,0,10,88
10/26/2015,BFL,CA,AWP,WE,Combined TRACON& Tower with Radar,6,16,49,0,71,0,1,61,0,62,6,17,110,0,133,51,0,51,184
10/27/2015,BFL,CA,AWP,WE,Combined TRACON& Tower with Radar,6,19,56,0,81,0,3,65,0,68,6,22,121,0,149,66,0,66,215
10/28/2015,BFL,CA,AWP,WE,Combined TRACON& Tower with Radar,6,20,59,6,91,0,8,43,0,51,6,28,102,6,142,26,0,26,168
10/29/2015,BFL,CA,AWP,WE,Combined TRACON& Tower with Radar,4,24,48,1,77,0,3,54,1,58,4,27,102,2,135,22,0,22,157
10/30/2015,BFL,CA,AWP,WE,Combined TRACON& Tower with Radar,7,20,29,0,56,0,2,62,2,66,7,22,91,2,122,12,0,12,134
10/31/2015,BFL,CA,AWP,WE,Combined TRACON& Tower with Radar,3,18,24,2,47,0,10,39,0,49,3,28,63,2,96,1,0,1,97
11/01/2015,BFL,CA,AWP,WE,Combined TRACON& Tower with Radar,5,11,19,0,35,0,3,42,0,45,5,14,61,0,80,6,0,6,86
11/02/2015,BFL,CA,AWP,WE,Combined TRACON& Tower with Radar,6,17,24,2,49,0,0,12,0,12,6,17,36,2,61,4,0,4,65
11/03/2015,BFL,CA,AWP,WE,Combined TRACON& Tower with Radar,6,19,35,0,60,0,3,25,0,28,6,22,60,0,88,10,0,10,98
11/04/2015,BFL,CA,AWP,WE,Combined TRACON& Tower with Radar,6,23,40,2,71,0,2,44,0,46,6,25,84,2,117,10,0,10,127
11/05/2015,BFL,CA,AWP,WE,Combined TRACON& Tower with Radar,4,23,49,1,77,0,5,65,0,70,4,28,114,1,147,10,0,10,157
11/06/2015,BFL,CA,AWP,WE,Combined TRACON& Tower with Radar,3,22,51,0,76,0,2,63,0,65,3,24,114,0,141,18,0,18,159
11/07/2015,BFL,CA,AWP,WE,Combined TRACON& Tower with Radar,1,17,34,2,54,0,4,57,0,61,1,21,91,2,115,18,0,18,133
11/08/2015,BFL,CA,AWP,WE,Combined TRACON& Tower with Radar,3,17,30,0,50,0,6,33,3,42,3,23,63,3,92,18,0,18,110
11/09/2015,BFL,CA,AWP,WE,Combined TRACON& Tower with Radar,5,17,58,0,80,0,0,27,0,27,5,17,85,0,107,8,0,8,115
11/10/2015,BFL,CA,AWP,WE,Combined TRACON& Tower with Radar,3,24,47,2,76,0,3,32,0,35,3,27,79,2,111,9,0,9,120
11/11/2015,BFL,CA,AWP,WE,Combined TRACON& Tower with Radar,3,24,53,0,80,0,1,59,0,60,3,25,112,0,140,32,0,32,172
11/12/2015,BFL,CA,AWP,WE,Combined TRACON& Tower with Radar,6,27,59,0,92,0,4,57,0,61,6,31,116,0,153,2,0,2,155
11/13/2015,BFL,CA,AWP,WE,Combined TRACON& Tower with Radar,4,24,55,0,83,0,2,60,2,64,4,26,115,2,147,14,0,14,161
11/14/2015,BFL,CA,AWP,WE,Combined TRACON& Tower with Radar,1,18,49,2,70,0,1,39,0,40,1,19,88,2,110,0,6,6,116
11/15/2015,BFL,CA,AWP,WE,Combined TRACON& Tower with Radar,2,12,32,3,49,0,0,12,6,18,2,12,44,9,67,14,0,14,81
11/16/2015,BFL,CA,AWP,WE,Combined TRACON& Tower with Radar,3,19,52,0,74,0,0,33,0,33,3,19,85,0,107,28,0,28,135
11/17/2015,BFL,CA,AWP,WE,Combined TRACON& Tower with Radar,4,26,53,2,85,0,2,59,0,61,4,28,112,2,146,30,0,30,176
11/18/2015,BFL,CA,AWP,WE,Combined TRACON& Tower with Radar,4,27,46,3,80,0,1,60,1,62,4,28,106,4,142,17,0,17,159
11/19/2015,BFL,CA,AWP,WE,Combined TRACON& Tower with Radar,4,24,54,1,83,0,1,62,1,64,4,25,116,2,147,38,0,38,185
11/20/2015,BFL,CA,AWP,WE,Combined TRACON& Tower with Radar,3,20,44,2,69,0,2,57,0,59,3,22,101,2,128,18,0,18,146
11/21/2015,BFL,CA,AWP,WE,Combined TRACON& Tower with Radar,1,14,61,0,76,0,2,49,0,51,1,16,110,0,127,26,0,26,153
11/22/2015,BFL,CA,AWP,WE,Combined TRACON& Tower with Radar,2,13,38,0,53,0,5,33,0,38,2,18,71,0,91,20,0,20,111
11/23/2015,BFL,CA,AWP,WE,Combined TRACON& Tower with Radar,1,13,41,1,56,0,2,54,0,56,1,15,95,1,112,18,0,18,130
11/24/2015,BFL,CA,AWP,WE,Combined TRACON& Tower with Radar,3,27,40,0,70,0,2,46,0,48,3,29,86,0,118,8,0,8,126
11/25/2015,BFL,CA,AWP,WE,Combined TRACON& Tower with Radar,3,33,39,0,75,0,0,24,0,24,3,33,63,0,99,8,0,8,107
11/26/2015,BFL,CA,AWP,WE,Combined TRACON& Tower with Radar,2,6,12,0,20,0,1,14,0,15,2,7,26,0,35,44,0,44,79
11/27/2015,BFL,CA,AWP,WE,Combined TRACON& Tower with Radar,3,26,45,0,74,0,6,50,0,56,3,32,95,0,130,33,0,33,163
11/28/2015,BFL,CA,AWP,WE,Combined TRACON& Tower with Radar,3,20,41,0,64,0,10,33,0,43,3,30,74,0,107,12,0,12,119
11/29/2015,BFL,CA,AWP,WE,Combined TRACON& Tower with Radar,5,16,39,0,60,0,1,36,0,37,5,17,75,0,97,20,0,20,117
11/30/2015,BFL,CA,AWP,WE,Combined TRACON& Tower with Radar,3,19,48,0,70,0,0,44,0,44,3,19,92,0,114,14,0,14,128
12/01/2015,BFL,CA,AWP,WE,Combined TRACON& Tower with Radar,3,38,41,2,84,0,4,49,0,53,3,42,90,2,137,0,0,0,137
12/02/2015,BFL,CA,AWP,WE,Combined TRACON& Tower with Radar,5,25,36,1,67,0,1,52,0,53,5,26,88,1,120,20,0,20,140
12/03/2015,BFL,CA,AWP,WE,Combined TRACON& Tower with Radar,6,24,61,0,91,0,3,51,2,56,6,27,112,2,147,20,0,20,167
12/04/2015,BFL,CA,AWP,WE,Combined TRACON& Tower with Radar,6,24,67,0,97,1,0,53,0,54,7,24,120,0,151,8,0,8,159
12/05/2015,BFL,CA,AWP,WE,Combined TRACON& Tower with Radar,1,14,33,0,48,0,2,30,0,32,1,16,63,0,80,8,0,8,88
12/06/2015,BFL,CA,AWP,WE,Combined TRACON& Tower with Radar,5,13,25,0,43,0,2,37,6,45,5,15,62,6,88,26,0,26,114
12/07/2015,BFL,CA,AWP,WE,Combined TRACON& Tower with Radar,8,15,39,1,63,0,0,44,3,47,8,15,83,4,110,0,12,12,122
12/08/2015,BFL,CA,AWP,WE,Combined TRACON& Tower with Radar,6,17,44,2,69,0,4,33,0,37,6,21,77,2,106,42,0,42,148
12/09/2015,BFL,CA,AWP,WE,Combined TRACON& Tower with Radar,6,30,53,0,89,0,2,31,0,33,6,32,84,0,122,30,0,30,152
12/10/2015,BFL,CA,AWP,WE,Combined TRACON& Tower with Radar,5,24,56,0,85,0,0,29,0,29,5,24,85,0,114,34,0,34,148
12/11/2015,BFL,CA,AWP,WE,Combined TRACON& Tower with Radar,6,25,40,3,74,0,2,26,0,28,6,27,66,3,102,0,0,0,102
12/12/2015,BFL,CA,AWP,WE,Combined TRACON& Tower with Radar,1,17,45,0,63,0,1,27,1,29,1,18,72,1,92,18,0,18,110
12/13/2015,BFL,CA,AWP,WE,Combined TRACON& Tower with Radar,5,10,26,0,41,0,2,23,0,25,5,12,49,0,66,8,0,8,74
12/14/2015,BFL,CA,AWP,WE,Combined TRACON& Tower with Radar,4,15,27,0,46,0,0,33,0,33,4,15,60,0,79,22,0,22,101
12/15/2015,BFL,CA,AWP,WE,Combined TRACON& Tower with Radar,4,20,38,0,62,0,10,51,0,61,4,30,89,0,123,6,0,6,129
12/16/2015,BFL,CA,AWP,WE,Combined TRACON& Tower with Radar,3,26,53,2,84,0,0,45,0,45,3,26,98,2,129,35,0,35,164
12/17/2015,BFL,CA,AWP,WE,Combined TRACON& Tower with Radar,6,26,41,2,75,0,3,48,0,51,6,29,89,2,126,28,0,28,154
12/18/2015,BFL,CA,AWP,WE,Combined TRACON& Tower with Radar,6,23,63,0,92,0,4,44,0,48,6,27,107,0,140,10,0,10,150
12/19/2015,BFL,CA,AWP,WE,Combined TRACON& Tower with Radar,5,20,52,2,79,0,3,16,0,19,5,23,68,2,98,10,0,10,108
12/20/2015,BFL,CA,AWP,WE,Combined TRACON& Tower with Radar,6,9,36,0,51,0,0,26,0,26,6,9,62,0,77,20,0,20,97
12/21/2015,BFL,CA,AWP,WE,Combined TRACON& Tower with Radar,6,13,37,4,60,0,0,46,0,46,6,13,83,4,106,30,0,30,136
12/22/2015,BFL,CA,AWP,WE,Combined TRACON& Tower with Radar,6,25,20,0,51,0,2,24,0,26,6,27,44,0,77,22,0,22,99
12/23/2015,BFL,CA,AWP,WE,Combined TRACON& Tower with Radar,6,31,29,0,66,0,2,31,0,33,6,33,60,0,99,30,0,30,129
12/24/2015,BFL,CA,AWP,WE,Combined TRACON& Tower with Radar,2,20,19,0,41,0,3,17,0,20,2,23,36,0,61,16,0,16,77
12/25/2015,BFL,CA,AWP,WE,Combined TRACON& Tower with Radar,2,10,6,0,18,0,2,28,0,30,2,12,34,0,48,20,0,20,68
12/26/2015,BFL,CA,AWP,WE,Combined TRACON& Tower with Radar,4,16,18,0,38,0,0,38,0,38,4,16,56,0,76,21,0,21,97
12/27/2015,BFL,CA,AWP,WE,Combined TRACON& Tower with Radar,10,13,22,0,45,0,6,41,0,47,10,19,63,0,92,16,0,16,108
12/28/2015,BFL,CA,AWP,WE,Combined TRACON& Tower with Radar,6,15,24,2,47,0,0,32,0,32,6,15,56,2,79,2,0,2,81
12/29/2015,BFL,CA,AWP,WE,Combined TRACON& Tower with Radar,6,28,49,0,83,0,2,32,0,34,6,30,81,0,117,14,0,14,131
12/30/2015,BFL,CA,AWP,WE,Combined TRACON& Tower with Radar,6,24,52,0,82,0,7,44,0,51,6,31,96,0,133,24,0,24,157
12/31/2015,BFL,CA,AWP,WE,Combined TRACON& Tower with Radar,4,20,38,0,62,0,3,40,0,43,4,23,78,0,105,12,0,12,117
01/01/2016,BFL,CA,AWP,WE,Combined TRACON& Tower with Radar,6,10,21,0,37,0,6,31,0,37,6,16,52,0,74,6,0,6,80
01/02/2016,BFL,CA,AWP,WE,Combined TRACON& Tower with Radar,4,16,27,0,47,0,0,33,0,33,4,16,60,0,80,0,0,0,80
01/03/2016,BFL,CA,AWP,WE,Combined TRACON& Tower with Radar,7,12,44,0,63,0,4,33,0,37,7,16,77,0,100,14,0,14,114
01/04/2016,BFL,CA,AWP,WE,Combined TRACON& Tower with Radar,4,20,37,0,61,0,8,41,0,49,4,28,78,0,110,22,0,22,132
01/05/2016,BFL,CA,AWP,WE,Combined TRACON& Tower with Radar,2,19,28,0,49,0,0,11,0,11,2,19,39,0,60,0,0,0,60
01/06/2016,BFL,CA,AWP,WE,Combined TRACON& Tower with Radar,2,28,26,0,56,0,0,5,0,5,2,28,31,0,61,0,0,0,61
01/07/2016,BFL,CA,AWP,WE,Combined TRACON& Tower with Radar,2,31,40,3,76,0,1,26,0,27,2,32,66,3,103,56,0,56,159
01/08/2016,BFL,CA,AWP,WE,Combined TRACON& Tower with Radar,2,27,42,8,79,0,2,21,0,23,2,29,63,8,102,60,0,60,162
01/09/2016,BFL,CA,AWP,WE,Combined TRACON& Tower with Radar,1,9,31,0,41,0,4,20,0,24,1,13,51,0,65,0,0,0,65
01/10/2016,BFL,CA,AWP,WE,Combined TRACON& Tower with Radar,1,22,30,0,53,0,6,50,4,60,1,28,80,4,113,48,0,48,161
01/11/2016,BFL,CA,AWP,WE,Combined TRACON& Tower with Radar,2,19,40,1,62,0,2,26,2,30,2,21,66,3,92,4,0,4,96
01/12/2016,BFL,CA,AWP,WE,Combined TRACON& Tower with Radar,2,21,57,6,86,0,3,40,3,46,2,24,97,9,132,18,0,18,150
01/13/2016,BFL,CA,AWP,WE,Combined TRACON& Tower with Radar,2,24,30,7,63,0,1,45,5,51,2,25,75,12,114,78,0,78,192
01/14/2016,BFL,CA,AWP,WE,Combined TRACON& Tower with Radar,2,30,48,0,80,0,3,37,1,41,2,33,85,1,121,29,0,29,150
01/15/2016,BFL,CA,AWP,WE,Combined TRACON& Tower with Radar,2,25,40,0,67,0,3,50,1,54,2,28,90,1,121,14,0,14,135
01/16/2016,BFL,CA,AWP,WE,Combined TRACON& Tower with Radar,1,10,17,0,28,0,4,42,0,46,1,14,59,0,74,32,0,32,106
01/17/2016,BFL,CA,AWP,WE,Combined TRACON& Tower with Radar,2,11,26,1,40,0,0,39,1,40,2,11,65,2,80,10,0,10,90
01/18/2016,BFL,CA,AWP,WE,Combined TRACON& Tower with Radar,3,18,41,0,62,0,0,12,0,12,3,18,53,0,74,0,0,0,74
01/19/2016,BFL,CA,AWP,WE,Combined TRACON& Tower with Radar,2,19,42,0,63,0,6,15,0,21,2,25,57,0,84,0,0,0,84
01/20/2016,BFL,CA,AWP,WE,Combined TRACON& Tower with Radar,2,20,69,2,93,0,3,16,0,19,2,23,85,2,112,6,0,6,118
01/21/2016,BFL,CA,AWP,WE,Combined TRACON& Tower with Radar,2,23,55,0,80,0,2,59,0,61,2,25,114,0,141,20,0,20,161
01/22/2016,BFL,CA,AWP,WE,Combined TRACON& Tower with Radar,2,24,49,0,75,0,4,61,0,65,2,28,110,0,140,64,0,64,204
01/23/2016,BFL,CA,AWP,WE,Combined TRACON& Tower with Radar,1,10,21,0,32,0,6,10,2,18,1,16,31,2,50,18,0,18,68
01/24/2016,BFL,CA,AWP,WE,Combined TRACON& Tower with Radar,1,12,26,0,39,0,0,36,0,36,1,12,62,0,75,4,0,4,79
01/25/2016,BFL,CA,AWP,WE,Combined TRACON& Tower with Radar,2,19,40,0,61,0,2,49,0,51,2,21,89,0,112,32,0,32,144
01/26/2016,BFL,CA,AWP,WE,Combined TRACON& Tower with Radar,2,19,44,0,65,0,5,72,0,77,2,24,116,0,142,24,0,24,166
01/27/2016,BFL,CA,AWP,WE,Combined TRACON& Tower with Radar,2,22,46,0,70,0,4,47,0,51,2,26,93,0,121,34,0,34,155
01/28/2016,BFL,CA,AWP,WE,Combined TRACON& Tower with Radar,2,23,61,4,90,0,3,67,0,70,2,26,128,4,160,29,0,29,189
01/29/2016,BFL,CA,AWP,WE,Combined TRACON& Tower with Radar,2,22,52,1,77,3,7,54,1,65,5,29,106,2,142,22,0,22,164
01/30/2016,BFL,CA,AWP,WE,Combined TRACON& Tower with Radar,1,9,14,2,26,0,0,11,0,11,1,9,25,2,37,6,0,6,43
01/31/2016,BFL,CA,AWP,WE,Combined TRACON& Tower with Radar,3,8,16,0,27,0,0,0,0,0,3,8,16,0,27,0,0,0,27
02/01/2016,BFL,CA,AWP,WE,Combined TRACON& Tower with Radar,2,15,31,7,55,0,1,66,1,68,2,16,97,8,123,16,0,16,139
02/02/2016,BFL,CA,AWP,WE,Combined TRACON& Tower with Radar,2,18,45,2,67,0,2,59,0,61,2,20,104,2,128,6,0,6,134
02/03/2016,BFL,CA,AWP,WE,Combined TRACON& Tower with Radar,2,22,61,1,86,0,6,57,0,63,2,28,118,1,149,10,0,10,159
02/04/2016,BFL,CA,AWP,WE,Combined TRACON& Tower with Radar,4,22,34,0,60,0,3,52,0,55,4,25,86,0,115,18,0,18,133
02/05/2016,BFL,CA,AWP,WE,Combined TRACON& Tower with Radar,4,19,51,0,74,0,2,74,0,76,4,21,125,0,150,54,0,54,204
02/06/2016,BFL,CA,AWP,WE,Combined TRACON& Tower with Radar,1,10,31,1,43,0,12,60,6,78,1,22,91,7,121,44,0,44,165
02/07/2016,BFL,CA,AWP,WE,Combined TRACON& Tower with Radar,1,15,24,0,40,0,1,31,5,37,1,16,55,5,77,20,0,20,97
02/08/2016,BFL,CA,AWP,WE,Combined TRACON& Tower with Radar,2,19,40,3,64,0,0,34,2,36,2,19,74,5,100,28,0,28,128
02/09/2016,BFL,CA,AWP,WE,Combined TRACON& Tower with Radar,4,16,41,0,61,0,1,60,1,62,4,17,101,1,123,54,0,54,177
02/10/2016,BFL,CA,AWP,WE,Combined TRACON& Tower with Radar,2,21,57,0,80,2,0,56,0,58,4,21,113,0,138,12,0,12,150
02/11/2016,BFL,CA,AWP,WE,Combined TRACON& Tower with Radar,3,23,53,17,96,0,0,63,0,63,3,23,116,17,159,12,0,12,171
02/12/2016,BFL,CA,AWP,WE,Combined TRACON& Tower with Radar,4,19,58,0,81,0,2,62,0,64,4,21,120,0,145,20,0,20,165
02/13/2016,BFL,CA,AWP,WE,Combined TRACON& Tower with Radar,2,12,46,0,60,1,5,30,0,36,3,17,76,0,96,30,0,30,126
02/14/2016,BFL,CA,AWP,WE,Combined TRACON& Tower with Radar,3,9,24,0,36,0,8,28,0,36,3,17,52,0,72,18,0,18,90
02/15/2016,BFL,CA,AWP,WE,Combined TRACON& Tower with Radar,3,14,57,0,74,0,2,51,0,53,3,16,108,0,127,56,0,56,183
02/16/2016,BFL,CA,AWP,WE,Combined TRACON& Tower with Radar,5,19,29,6,59,0,5,34,10,49,5,24,63,16,108,50,4,54,162
02/17/2016,BFL,CA,AWP,WE,Combined TRACON& Tower with Radar,4,23,35,0,62,0,2,46,3,51,4,25,81,3,113,13,0,13,126
02/18/2016,BFL,CA,AWP,WE,Combined TRACON& Tower with Radar,2,21,46,2,71,0,1,43,0,44,2,22,89,2,115,46,0,46,161
02/19/2016,BFL,CA,AWP,WE,Combined TRACON& Tower with Radar,4,19,35,3,61,0,10,81,0,91,4,29,116,3,152,30,0,30,182
02/20/2016,BFL,CA,AWP,WE,Combined TRACON& Tower with Radar,2,12,40,11,65,0,1,43,3,47,2,13,83,14,112,28,0,28,140
02/21/2016,BFL,CA,AWP,WE,Combined TRACON& Tower with Radar,2,14,36,0,52,0,2,37,0,39,2,16,73,0,91,14,0,14,105
02/22/2016,BFL,CA,AWP,WE,Combined TRACON& Tower with Radar,2,13,34,2,51,0,6,97,0,103,2,19,131,2,154,46,0,46,200
02/23/2016,BFL,CA,AWP,WE,Combined TRACON& Tower with Radar,5,21,40,2,68,0,4,53,0,57,5,25,93,2,125,12,10,22,147
02/24/2016,BFL,CA,AWP,WE,Combined TRACON& Tower with Radar,5,20,44,1,70,0,0,72,1,73,5,20,116,2,143,32,24,56,199
02/25/2016,BFL,CA,AWP,WE,Combined TRACON& Tower with Radar,2,24,43,4,73,0,5,91,2,98,2,29,134,6,171,48,0,48,219
02/26/2016,BFL,CA,AWP,WE,Combined TRACON& Tower with Radar,3,23,43,3,72,0,4,64,0,68,3,27,107,3,140,21,0,21,161
02/27/2016,BFL,CA,AWP,WE,Combined TRACON& Tower with Radar,2,16,28,0,46,1,2,22,0,25,3,18,50,0,71,18,0,18,89
02/28/2016,BFL,CA,AWP,WE,Combined TRACON& Tower with Radar,2,18,34,1,55,0,10,27,0,37,2,28,61,1,92,12,0,12,104
02/29/2016,BFL,CA,AWP,WE,Combined TRACON& Tower with Radar,2,17,28,0,47,0,4,52,0,56,2,21,80,0,103,14,0,14,117
03/01/2016,BFL,CA,AWP,WE,Combined TRACON& Tower with Radar,5,19,34,5,63,0,4,37,2,43,5,23,71,7,106,32,0,32,138
03/02/2016,BFL,CA,AWP,WE,Combined TRACON& Tower with Radar,5,25,46,6,82,0,4,65,0,69,5,29,111,6,151,36,0,36,187
03/03/2016,BFL,CA,AWP,WE,Combined TRACON& Tower with Radar,1,25,48,0,74,0,2,39,0,41,1,27,87,0,115,40,2,42,157
03/04/2016,BFL,CA,AWP,WE,Combined TRACON& Tower with Radar,6,24,36,0,66,0,7,60,0,67,6,31,96,0,133,76,0,76,209
03/05/2016,BFL,CA,AWP,WE,Combined TRACON& Tower with Radar,4,14,10,4,32,0,4,25,0,29,4,18,35,4,61,52,0,52,113
03/06/2016,BFL,CA,AWP,WE,Combined TRACON& Tower with Radar,2,15,18,0,35,0,3,25,0,28,2,18,43,0,63,28,0,28,91
03/07/2016,BFL,CA,AWP,WE,Combined TRACON& Tower with Radar,2,18,27,0,47,0,12,39,8,59,2,30,66,8,106,54,0,54,160
03/08/2016,BFL,CA,AWP,WE,Combined TRACON& Tower with Radar,3,35,37,4,79,0,3,63,1,67,3,38,100,5,146,27,0,27,173
03/09/2016,BFL,CA,AWP,WE,Combined TRACON& Tower with Radar,3,20,38,1,62,0,0,78,0,78,3,20,116,1,140,28,0,28,168
03/10/2016,BFL,CA,AWP,WE,Combined TRACON& Tower with Radar,1,24,59,0,84,0,9,98,0,107,1,33,157,0,191,34,0,34,225
03/11/2016,BFL,CA,AWP,WE,Combined TRACON& Tower with Radar,6,22,38,0,66,0,2,25,8,35,6,24,63,8,101,12,1,13,114
03/12/2016,BFL,CA,AWP,WE,Combined TRACON& Tower with Radar,3,13,37,4,57,0,2,37,0,39,3,15,74,4,96,6,0,6,102
03/13/2016,BFL,CA,AWP,WE,Combined TRACON& Tower with Radar,4,12,33,2,51,0,1,22,0,23,4,13,55,2,74,10,0,10,84
03/14/2016,BFL,CA,AWP,WE,Combined TRACON& Tower with Radar,2,24,38,0,64,0,2,39,0,41,2,26,77,0,105,12,0,12,117
03/15/2016,BFL,CA,AWP,WE,Combined TRACON& Tower with Radar,2,25,42,2,71,0,8,66,0,74,2,33,108,2,145,31,0,31,176
03/16/2016,BFL,CA,AWP,WE,Combined TRACON& Tower with Radar,3,24,44,2,73,0,5,59,0,64,3,29,103,2,137,10,0,10,147
03/17/2016,BFL,CA,AWP,WE,Combined TRACON& Tower with Radar,2,23,44,2,71,0,2,76,0,78,2,25,120,2,149,18,0,18,167
03/18/2016,BFL,CA,AWP,WE,Combined TRACON& Tower with Radar,6,21,42,0,69,0,1,64,0,65,6,22,106,0,134,27,0,27,161
03/19/2016,BFL,CA,AWP,WE,Combined TRACON& Tower with Radar,2,13,33,0,48,0,2,45,0,47,2,15,78,0,95,26,0,26,121
03/20/2016,BFL,CA,AWP,WE,Combined TRACON& Tower with Radar,3,13,44,0,60,0,3,33,0,36,3,16,77,0,96,0,0,0,96
03/21/2016,BFL,CA,AWP,WE,Combined TRACON& Tower with Radar,2,19,45,0,66,0,5,35,0,40,2,24,80,0,106,22,6,28,134
03/22/2016,BFL,CA,AWP,WE,Combined TRACON& Tower with Radar,1,23,38,0,62,0,3,31,0,34,1,26,69,0,96,8,0,8,104
03/23/2016,BFL,CA,AWP,WE,Combined TRACON& Tower with Radar,2,28,40,0,70,0,5,61,0,66,2,33,101,0,136,30,2,32,168
03/24/2016,BFL,CA,AWP,WE,Combined TRACON& Tower with Radar,2,21,54,0,77,0,1,52,0,53,2,22,106,0,130,3,0,3,133
03/25/2016,BFL,CA,AWP,WE,Combined TRACON& Tower with Radar,2,23,47,0,72,0,3,43,0,46,2,26,90,0,118,21,8,29,147
03/26/2016,BFL,CA,AWP,WE,Combined TRACON& Tower with Radar,3,18,35,0,56,0,1,37,2,40,3,19,72,2,96,7,0,7,103
03/27/2016,BFL,CA,AWP,WE,Combined TRACON& Tower with Radar,2,13,25,1,41,0,1,23,1,25,2,14,48,2,66,12,1,13,79
03/28/2016,BFL,CA,AWP,WE,Combined TRACON& Tower with Radar,1,17,40,1,59,0,1,48,0,49,1,18,88,1,108,0,0,0,108
03/29/2016,BFL,CA,AWP,WE,Combined TRACON& Tower with Radar,2,22,39,1,64,0,0,49,0,49,2,22,88,1,113,8,0,8,121
03/30/2016,BFL,CA,AWP,WE,Combined TRACON& Tower with Radar,1,26,41,0,68,0,4,63,0,67,1,30,104,0,135,60,0,60,195
03/31/2016,BFL,CA,AWP,WE,Combined TRACON& Tower with Radar,2,26,50,2,80,0,2,82,0,84,2,28,132,2,164,38,0,38,202
04/01/2016,BFL,CA,AWP,WE,Combined TRACON& Tower with Radar,2,26,39,0,67,0,12,78,0,90,2,38,117,0,157,20,0,20,177
04/02/2016,BFL,CA,AWP,WE,Combined TRACON& Tower with Radar,3,14,26,0,43,0,6,40,0,46,3,20,66,0,89,18,0,18,107
04/03/2016,BFL,CA,AWP,WE,Combined TRACON& Tower with Radar,2,17,33,0,52,0,4,44,0,48,2,21,77,0,100,18,0,18,118
04/04/2016,BFL,CA,AWP,WE,Combined TRACON& Tower with Radar,3,16,36,2,57,0,2,38,3,43,3,18,74,5,100,2,0,2,102
04/05/2016,BFL,CA,AWP,WE,Combined TRACON& Tower with Radar,2,19,34,2,57,0,2,83,0,85,2,21,117,2,142,75,0,75,217
04/06/2016,BFL,CA,AWP,WE,Combined TRACON& Tower with Radar,2,23,44,0,69,0,1,67,0,68,2,24,111,0,137,44,0,44,181
04/07/2016,BFL,CA,AWP,WE,Combined TRACON& Tower with Radar,3,31,58,0,92,0,1,63,0,64,3,32,121,0,156,14,0,14,170
04/08/2016,BFL,CA,AWP,WE,Combined TRACON& Tower with Radar,2,21,49,3,75,0,1,29,0,30,2,22,78,3,105,31,0,31,136
04/09/2016,BFL,CA,AWP,WE,Combined TRACON& Tower with Radar,0,16,8,2,26,0,4,25,0,29,0,20,33,2,55,22,0,22,77
04/10/2016,BFL,CA,AWP,WE,Combined TRACON& Tower with Radar,2,13,17,0,32,0,0,20,0,20,2,13,37,0,52,38,0,38,90
04/11/2016,BFL,CA,AWP,WE,Combined TRACON& Tower with Radar,2,15,34,0,51,0,2,22,0,24,2,17,56,0,75,21,0,21,96
04/12/2016,BFL,CA,AWP,WE,Combined TRACON& Tower with Radar,2,23,46,1,72,0,2,37,6,45,2,25,83,7,117,38,0,38,155
04/13/2016,BFL,CA,AWP,WE,Combined TRACON& Tower with Radar,2,25,49,0,76,0,1,32,0,33,2,26,81,0,109,15,0,15,124
04/14/2016,BFL,CA,AWP,WE,Combined TRACON& Tower with Radar,2,17,33,6,58,0,5,63,0,68,2,22,96,6,126,2,0,2,128
04/15/2016,BFL,CA,AWP,WE,Combined TRACON& Tower with Radar,2,19,34,0,55,0,6,50,0,56,2,25,84,0,111,20,0,20,131
04/16/2016,BFL,CA,AWP,WE,Combined TRACON& Tower with Radar,0,13,25,0,38,0,13,54,1,68,0,26,79,1,106,32,0,32,138
04/17/2016,BFL,CA,AWP,WE,Combined TRACON& Tower with Radar,2,11,27,0,40,0,0,32,0,32,2,11,59,0,72,12,0,12,84
04/18/2016,BFL,CA,AWP,WE,Combined TRACON& Tower with Radar,2,18,32,0,52,0,0,41,0,41,2,18,73,0,93,22,0,22,115
04/19/2016,BFL,CA,AWP,WE,Combined TRACON& Tower with Radar,2,27,29,10,68,0,9,49,2,60,2,36,78,12,128,21,0,21,149
04/20/2016,BFL,CA,AWP,WE,Combined TRACON& Tower with Radar,2,21,40,5,68,0,13,81,1,95,2,34,121,6,163,20,0,20,183
04/21/2016,BFL,CA,AWP,WE,Combined TRACON& Tower with Radar,2,21,48,0,71,0,4,72,0,76,2,25,120,0,147,44,0,44,191
04/22/2016,BFL,CA,AWP,WE,Combined TRACON& Tower with Radar,2,21,52,2,77,0,4,49,1,54,2,25,101,3,131,8,0,8,139
04/23/2016,BFL,CA,AWP,WE,Combined TRACON& Tower with Radar,0,14,30,2,46,0,9,46,0,55,0,23,76,2,101,17,0,17,118
04/24/2016,BFL,CA,AWP,WE,Combined TRACON& Tower with Radar,2,11,40,0,53,0,3,45,0,48,2,14,85,0,101,36,0,36,137
04/25/2016,BFL,CA,AWP,WE,Combined TRACON& Tower with Radar,2,14,39,0,55,0,0,35,0,35,2,14,74,0,90,12,0,12,102
04/26/2016,BFL,CA,AWP,WE,Combined TRACON& Tower with Radar,4,18,24,0,46,0,6,68,0,74,4,24,92,0,120,37,0,37,157
04/27/2016,BFL,CA,AWP,WE,Combined TRACON& Tower with Radar,4,17,15,0,36,0,2,56,0,58,4,19,71,0,94,36,0,36,130
04/28/2016,BFL,CA,AWP,WE,Combined TRACON& Tower with Radar,2,13,57,0,72,0,10,50,0,60,2,23,107,0,132,28,0,28,160
04/29/2016,BFL,CA,AWP,WE,Combined TRACON& Tower with Radar,4,18,46,0,68,0,5,56,14,75,4,23,102,14,143,28,0,28,171
04/30/2016,BFL,CA,AWP,WE,Combined TRACON& Tower with Radar,0,14,33,0,47,0,11,42,0,53,0,25,75,0,100,16,0,16,116
05/01/2016,BFL,CA,AWP,WE,Combined TRACON& Tower with Radar,3,11,49,0,63,0,3,30,0,33,3,14,79,0,96,8,0,8,104
05/02/2016,BFL,CA,AWP,WE,Combined TRACON& Tower with Radar,3,19,40,4,66,0,1,48,0,49,3,20,88,4,115,6,0,6,121
05/03/2016,BFL,CA,AWP,WE,Combined TRACON& Tower with Radar,2,23,60,0,85,0,7,48,0,55,2,30,108,0,140,30,0,30,170
05/04/2016,BFL,CA,AWP,WE,Combined TRACON& Tower with Radar,4,27,45,0,76,0,10,43,0,53,4,37,88,0,129,15,0,15,144
05/05/2016,BFL,CA,AWP,WE,Combined TRACON& Tower with Radar,0,33,55,0,88,0,0,32,0,32,0,33,87,0,120,27,0,27,147
05/06/2016,BFL,CA,AWP,WE,Combined TRACON& Tower with Radar,0,26,39,0,65,0,2,23,0,25,0,28,62,0,90,6,0,6,96
05/07/2016,BFL,CA,AWP,WE,Combined TRACON& Tower with Radar,1,17,33,0,51,0,1,23,0,24,1,18,56,0,75,15,0,15,90
05/08/2016,BFL,CA,AWP,WE,Combined TRACON& Tower with Radar,1,13,42,0,56,0,0,17,0,17,1,13,59,0,73,30,0,30,103
05/09/2016,BFL,CA,AWP,WE,Combined TRACON& Tower with Radar,0,19,35,4,58,0,4,54,0,58,0,23,89,4,116,26,0,26,142
05/10/2016,BFL,CA,AWP,WE,Combined TRACON& Tower with Radar,0,22,51,2,75,4,1,56,0,61,4,23,107,2,136,56,0,56,192
05/11/2016,BFL,CA,AWP,WE,Combined TRACON& Tower with Radar,0,26,54,6,86,0,4,72,1,77,0,30,126,7,163,48,0,48,211
05/12/2016,BFL,CA,AWP,WE,Combined TRACON& Tower with Radar,0,23,50,0,73,0,2,63,0,65,0,25,113,0,138,14,0,14,152
05/13/2016,BFL,CA,AWP,WE,Combined TRACON& Tower with Radar,0,26,46,0,72,0,2,46,0,48,0,28,92,0,120,22,0,22,142
05/14/2016,BFL,CA,AWP,WE,Combined TRACON& Tower with Radar,0,14,29,6,49,0,1,52,2,55,0,15,81,8,104,10,8,18,122
05/15/2016,BFL,CA,AWP,WE,Combined TRACON& Tower with Radar,0,15,42,2,59,0,1,36,0,37,0,16,78,2,96,0,0,0,96
05/16/2016,BFL,CA,AWP,WE,Combined TRACON& Tower with Radar,0,19,58,2,79,0,0,39,0,39,0,19,97,2,118,26,0,26,144
05/17/2016,BFL,CA,AWP,WE,Combined TRACON& Tower with Radar,0,23,68,0,91,0,0,62,0,62,0,23,130,0,153,34,0,34,187
05/18/2016,BFL,CA,AWP,WE,Combined TRACON& Tower with Radar,0,26,76,5,107,0,6,81,1,88,0,32,157,6,195,30,4,34,229
05/19/2016,BFL,CA,AWP,WE,Combined TRACON& Tower with Radar,0,23,63,2,88,0,7,60,0,67,0,30,123,2,155,6,0,6,161
05/20/2016,BFL,CA,AWP,WE,Combined TRACON& Tower with Radar,0,23,64,0,87,0,0,55,0,55,0,23,119,0,142,30,2,32,174
05/21/2016,BFL,CA,AWP,WE,Combined TRACON& Tower with Radar,0,15,40,0,55,0,0,38,0,38,0,15,78,0,93,2,0,2,95
05/22/2016,BFL,CA,AWP,WE,Combined TRACON& Tower with Radar,0,16,38,1,55,0,5,25,3,33,0,21,63,4,88,4,0,4,92
05/23/2016,BFL,CA,AWP,WE,Combined TRACON& Tower with Radar,0,17,52,5,74,0,2,39,2,43,0,19,91,7,117,16,0,16,133
05/24/2016,BFL,CA,AWP,WE,Combined TRACON& Tower with Radar,0,25,45,0,70,2,5,47,0,54,2,30,92,0,124,32,0,32,156
05/25/2016,BFL,CA,AWP,WE,Combined TRACON& Tower with Radar,0,28,55,0,83,0,4,48,0,52,0,32,103,0,135,16,0,16,151
05/26/2016,BFL,CA,AWP,WE,Combined TRACON& Tower with Radar,0,21,70,0,91,0,5,67,0,72,0,26,137,0,163,24,0,24,187
05/27/2016,BFL,CA,AWP,WE,Combined TRACON& Tower with Radar,0,27,58,0,85,0,1,64,1,66,0,28,122,1,151,16,0,16,167
05/28/2016,BFL,CA,AWP,WE,Combined TRACON& Tower with Radar,0,16,31,0,47,0,2,42,0,44,0,18,73,0,91,20,0,20,111
05/29/2016,BFL,CA,AWP,WE,Combined TRACON& Tower with Radar,0,14,22,0,36,0,8,23,0,31,0,22,45,0,67,10,0,10,77
05/30/2016,BFL,CA,AWP,WE,Combined TRACON& Tower with Radar,0,16,53,0,69,0,6,30,0,36,0,22,83,0,105,16,0,16,121
05/31/2016,BFL,CA,AWP,WE,Combined TRACON& Tower with Radar,0,19,63,2,84,0,3,39,0,42,0,22,102,2,126,16,0,16,142
06/01/2016,BFL,CA,AWP,WE,Combined TRACON& Tower with Radar,0,29,64,0,93,0,4,60,0,64,0,33,124,0,157,36,0,36,193
06/02/2016,BFL,CA,AWP,WE,Combined TRACON& Tower with Radar,2,26,61,0,89,0,3,45,0,48,2,29,106,0,137,17,0,17,154
06/03/2016,BFL,CA,AWP,WE,Combined TRACON& Tower with Radar,0,23,66,3,92,0,7,60,1,68,0,30,126,4,160,22,0,22,182
06/04/2016,BFL,CA,AWP,WE,Combined TRACON& Tower with Radar,0,14,23,0,37,0,7,36,0,43,0,21,59,0,80,4,0,4,84
06/05/2016,BFL,CA,AWP,WE,Combined TRACON& Tower with Radar,0,13,28,1,42,0,0,31,1,32,0,13,59,2,74,11,0,11,85
06/06/2016,BFL,CA,AWP,WE,Combined TRACON& Tower with Radar,0,18,63,0,81,0,0,50,0,50,0,18,113,0,131,18,0,18,149
06/07/2016,BFL,CA,AWP,WE,Combined TRACON& Tower with Radar,0,23,44,0,67,0,5,70,2,77,0,28,114,2,144,46,16,62,206
06/08/2016,BFL,CA,AWP,WE,Combined TRACON& Tower with Radar,0,22,58,0,80,0,4,36,1,41,0,26,94,1,121,4,0,4,125
06/09/2016,BFL,CA,AWP,WE,Combined TRACON& Tower with Radar,0,24,62,2,88,0,7,72,0,79,0,31,134,2,167,18,0,18,185
06/10/2016,BFL,CA,AWP,WE,Combined TRACON& Tower with Radar,0,20,54,0,74,0,5,58,0,63,0,25,112,0,137,50,0,50,187
06/11/2016,BFL,CA,AWP,WE,Combined TRACON& Tower with Radar,0,16,40,0,56,0,0,42,0,42,0,16,82,0,98,20,0,20,118
06/12/2016,BFL,CA,AWP,WE,Combined TRACON& Tower with Radar,0,13,50,0,63,0,0,33,0,33,0,13,83,0,96,4,0,4,100
06/13/2016,BFL,CA,AWP,WE,Combined TRACON& Tower with Radar,0,18,59,2,79,0,0,48,0,48,0,18,107,2,127,22,0,22,149
06/14/2016,BFL,CA,AWP,WE,Combined TRACON& Tower with Radar,0,22,55,13,90,12,5,64,2,83,12,27,119,15,173,4,12,16,189
06/15/2016,BFL,CA,AWP,WE,Combined TRACON& Tower with Radar,0,23,51,0,74,0,4,43,0,47,0,27,94,0,121,22,0,22,143
06/16/2016,BFL,CA,AWP,WE,Combined TRACON& Tower with Radar,0,21,64,0,85,0,3,54,0,57,0,24,118,0,142,15,0,15,157
06/17/2016,BFL,CA,AWP,WE,Combined TRACON& Tower with Radar,0,22,64,7,93,0,6,66,1,73,0,28,130,8,166,46,0,46,212
06/18/2016,BFL,CA,AWP,WE,Combined TRACON& Tower with Radar,0,16,25,0,41,0,4,47,0,51,0,20,72,0,92,52,0,52,144
06/19/2016,BFL,CA,AWP,WE,Combined TRACON& Tower with Radar,0,13,35,0,48,0,2,46,0,48,0,15,81,0,96,22,0,22,118
06/20/2016,BFL,CA,AWP,WE,Combined TRACON& Tower with Radar,0,20,43,0,63,0,2,61,1,64,0,22,104,1,127,8,0,8,135
06/21/2016,BFL,CA,AWP,WE,Combined TRACON& Tower with Radar,0,21,50,0,71,0,2,55,0,57,0,23,105,0,128,14,0,14,142
06/22/2016,BFL,CA,AWP,WE,Combined TRACON& Tower with Radar,0,23,40,2,65,0,8,44,0,52,0,31,84,2,117,30,0,30,147
06/23/2016,BFL,CA,AWP,WE,Combined TRACON& Tower with Radar,0,21,44,0,65,0,9,57,1,67,0,30,101,1,132,4,0,4,136
06/24/2016,BFL,CA,AWP,WE,Combined TRACON& Tower with Radar,0,24,60,0,84,0,2,60,0,62,0,26,120,0,146,18,0,18,164
06/25/2016,BFL,CA,AWP,WE,Combined TRACON& Tower with Radar,0,13,19,0,32,0,3,36,0,39,0,16,55,0,71,14,0,14,85
06/26/2016,BFL,CA,AWP,WE,Combined TRACON& Tower with Radar,0,13,32,0,45,0,7,38,4,49,0,20,70,4,94,0,0,0,94
06/27/2016,BFL,CA,AWP,WE,Combined TRACON& Tower with Radar,0,21,47,0,68,0,4,48,1,53,0,25,95,1,121,24,0,24,145
06/28/2016,BFL,CA,AWP,WE,Combined TRACON& Tower with Radar,0,28,42,0,70,0,6,58,0,64,0,34,100,0,134,52,0,52,186
06/29/2016,BFL,CA,AWP,WE,Combined TRACON& Tower with Radar,0,21,48,2,71,0,4,58,0,62,0,25,106,2,133,30,0,30,163
06/30/2016,BFL,CA,AWP,WE,Combined TRACON& Tower with Radar,0,20,56,0,76,0,5,53,2,60,0,25,109,2,136,12,0,12,148
07/01/2016,BFL,CA,AWP,WE,Combined TRACON& Tower with Radar,5,16,39,1,61,0,8,48,2,58,5,24,87,3,119,10,0,10,129
07/02/2016,BFL,CA,AWP,WE,Combined TRACON& Tower with Radar,4,9,33,0,46,0,4,24,0,28,4,13,57,0,74,10,0,10,84
07/03/2016,BFL,CA,AWP,WE,Combined TRACON& Tower with Radar,3,6,23,0,32,0,5,26,0,31,3,11,49,0,63,8,0,8,71
07/04/2016,BFL,CA,AWP,WE,Combined TRACON& Tower with Radar,4,8,18,0,30,0,1,16,0,17,4,9,34,0,47,0,0,0,47
07/05/2016,BFL,CA,AWP,WE,Combined TRACON& Tower with Radar,2,19,49,0,70,0,8,44,0,52,2,27,93,0,122,13,0,13,135
07/06/2016,BFL,CA,AWP,WE,Combined TRACON& Tower with Radar,2,22,38,3,65,0,9,43,0,52,2,31,81,3,117,16,0,16,133
07/07/2016,BFL,CA,AWP,WE,Combined TRACON& Tower with Radar,4,21,46,2,73,0,12,65,1,78,4,33,111,3,151,27,16,43,194
07/08/2016,BFL,CA,AWP,WE,Combined TRACON& Tower with Radar,2,20,62,1,85,0,4,61,7,72,2,24,123,8,157,48,0,48,205
07/09/2016,BFL,CA,AWP,WE,Combined TRACON& Tower with Radar,3,10,25,0,38,0,9,26,0,35,3,19,51,0,73,7,0,7,80
07/10/2016,BFL,CA,AWP,WE,Combined TRACON& Tower with Radar,6,12,33,0,51,0,5,44,0,49,6,17,77,0,100,22,0,22,122
07/11/2016,BFL,CA,AWP,WE,Combined TRACON& Tower with Radar,3,17,44,0,64,0,9,51,0,60,3,26,95,0,124,26,0,26,150
07/12/2016,BFL,CA,AWP,WE,Combined TRACON& Tower with Radar,2,21,42,0,65,0,5,56,0,61,2,26,98,0,126,18,0,18,144
07/13/2016,BFL,CA,AWP,WE,Combined TRACON& Tower with Radar,2,23,60,0,85,0,14,54,0,68,2,37,114,0,153,58,0,58,211
07/14/2016,BFL,CA,AWP,WE,Combined TRACON& Tower with Radar,2,19,47,0,68,0,1,80,0,81,2,20,127,0,149,12,0,12,161
07/15/2016,BFL,CA,AWP,WE,Combined TRACON& Tower with Radar,2,20,62,0,84,0,9,73,0,82,2,29,135,0,166,38,0,38,204
07/16/2016,BFL,CA,AWP,WE,Combined TRACON& Tower with Radar,2,13,46,0,61,0,13,53,0,66,2,26,99,0,127,28,0,28,155
07/17/2016,BFL,CA,AWP,WE,Combined TRACON& Tower with Radar,2,13,29,0,44,0,3,32,0,35,2,16,61,0,79,26,0,26,105
07/18/2016,BFL,CA,AWP,WE,Combined TRACON& Tower with Radar,4,19,36,0,59,0,5,32,0,37,4,24,68,0,96,2,0,2,98
07/19/2016,BFL,CA,AWP,WE,Combined TRACON& Tower with Radar,2,22,42,0,66,0,12,73,0,85,2,34,115,0,151,32,0,32,183
07/20/2016,BFL,CA,AWP,WE,Combined TRACON& Tower with Radar,2,21,38,1,62,0,4,38,0,42,2,25,76,1,104,22,0,22,126
07/21/2016,BFL,CA,AWP,WE,Combined TRACON& Tower with Radar,0,27,46,0,73,0,10,51,0,61,0,37,97,0,134,42,0,42,176
07/22/2016,BFL,CA,AWP,WE,Combined TRACON& Tower with Radar,1,23,53,0,77,0,5,60,0,65,1,28,113,0,142,6,0,6,148
07/23/2016,BFL,CA,AWP,WE,Combined TRACON& Tower with Radar,1,13,49,0,63,0,5,54,0,59,1,18,103,0,122,8,0,8,130
07/24/2016,BFL,CA,AWP,WE,Combined TRACON& Tower with Radar,1,12,57,0,70,0,2,41,0,43,1,14,98,0,113,12,0,12,125
07/25/2016,BFL,CA,AWP,WE,Combined TRACON& Tower with Radar,0,18,45,0,63,0,2,48,0,50,0,20,93,0,113,52,0,52,165
07/26/2016,BFL,CA,AWP,WE,Combined TRACON& Tower with Radar,1,23,39,0,63,0,2,43,0,45,1,25,82,0,108,26,0,26,134
07/27/2016,BFL,CA,AWP,WE,Combined TRACON& Tower with Radar,0,26,49,1,76,0,19,47,0,66,0,45,96,1,142,32,0,32,174
07/28/2016,BFL,CA,AWP,WE,Combined TRACON& Tower with Radar,0,22,52,0,74,0,6,50,1,57,0,28,102,1,131,26,6,32,163
07/29/2016,BFL,CA,AWP,WE,Combined TRACON& Tower with Radar,2,24,48,0,74,0,0,40,0,40,2,24,88,0,114,4,0,4,118
07/30/2016,BFL,CA,AWP,WE,Combined TRACON& Tower with Radar,0,14,56,0,70,0,3,44,0,47,0,17,100,0,117,30,0,30,147
07/31/2016,BFL,CA,AWP,WE,Combined TRACON& Tower with Radar,0,15,40,0,55,0,14,37,0,51,0,29,77,0,106,16,0,16,122
08/01/2016,BFL,CA,AWP,WE,Combined TRACON& Tower with Radar,1,16,24,0,41,0,0,35,0,35,1,16,59,0,76,16,0,16,92
08/02/2016,BFL,CA,AWP,WE,Combined TRACON& Tower with Radar,1,19,34,0,54,0,3,35,0,38,1,22,69,0,92,30,0,30,122
08/03/2016,BFL,CA,AWP,WE,Combined TRACON& Tower with Radar,0,25,57,0,82,0,4,43,1,48,0,29,100,1,130,36,0,36,166
08/04/2016,BFL,CA,AWP,WE,Combined TRACON& Tower with Radar,1,21,47,0,69,0,11,56,0,67,1,32,103,0,136,34,0,34,170
08/05/2016,BFL,CA,AWP,WE,Combined TRACON& Tower with Radar,0,25,50,0,75,0,6,57,0,63,0,31,107,0,138,38,0,38,176
08/06/2016,BFL,CA,AWP,WE,Combined TRACON& Tower with Radar,1,14,27,0,42,0,3,38,0,41,1,17,65,0,83,8,0,8,91
08/07/2016,BFL,CA,AWP,WE,Combined TRACON& Tower with Radar,1,15,33,0,49,0,5,36,0,41,1,20,69,0,90,5,0,5,95
08/08/2016,BFL,CA,AWP,WE,Combined TRACON& Tower with Radar,1,22,49,0,72,0,3,37,0,40,1,25,86,0,112,16,0,16,128
08/09/2016,BFL,CA,AWP,WE,Combined TRACON& Tower with Radar,1,24,55,0,80,0,2,61,0,63,1,26,116,0,143,42,0,42,185
08/10/2016,BFL,CA,AWP,WE,Combined TRACON& Tower with Radar,1,22,70,0,93,0,8,52,0,60,1,30,122,0,153,14,0,14,167
08/11/2016,BFL,CA,AWP,WE,Combined TRACON& Tower with Radar,2,26,54,0,82,0,4,74,2,80,2,30,128,2,162,49,0,49,211
08/12/2016,BFL,CA,AWP,WE,Combined TRACON& Tower with Radar,1,21,52,0,74,0,5,61,0,66,1,26,113,0,140,46,0,46,186
08/13/2016,BFL,CA,AWP,WE,Combined TRACON& Tower with Radar,1,13,31,0,45,0,8,56,0,64,1,21,87,0,109,44,0,44,153
08/14/2016,BFL,CA,AWP,WE,Combined TRACON& Tower with Radar,1,13,36,0,50,0,4,29,0,33,1,17,65,0,83,42,0,42,125
08/15/2016,BFL,CA,AWP,WE,Combined TRACON& Tower with Radar,1,18,47,2,68,0,12,77,1,90,1,30,124,3,158,30,0,30,188
08/16/2016,BFL,CA,AWP,WE,Combined TRACON& Tower with Radar,0,24,43,0,67,0,11,55,1,67,0,35,98,1,134,54,0,54,188
08/17/2016,BFL,CA,AWP,WE,Combined TRACON& Tower with Radar,0,36,49,0,85,2,2,67,0,71,2,38,116,0,156,26,0,26,182
08/18/2016,BFL,CA,AWP,WE,Combined TRACON& Tower with Radar,0,22,40,6,68,0,9,71,0,80,0,31,111,6,148,22,0,22,170
08/19/2016,BFL,CA,AWP,WE,Combined TRACON& Tower with Radar,0,21,50,0,71,0,1,52,0,53,0,22,102,0,124,36,0,36,160
08/20/2016,BFL,CA,AWP,WE,Combined TRACON& Tower with Radar,0,17,45,0,62,0,4,54,0,58,0,21,99,0,120,14,0,14,134
08/21/2016,BFL,CA,AWP,WE,Combined TRACON& Tower with Radar,0,20,35,0,55,0,6,47,0,53,0,26,82,0,108,0,0,0,108
08/22/2016,BFL,CA,AWP,WE,Combined TRACON& Tower with Radar,0,21,55,0,76,0,8,67,0,75,0,29,122,0,151,14,0,14,165
08/23/2016,BFL,CA,AWP,WE,Combined TRACON& Tower with Radar,0,28,42,0,70,0,7,70,0,77,0,35,112,0,147,22,0,22,169
08/24/2016,BFL,CA,AWP,WE,Combined TRACON& Tower with Radar,0,27,59,6,92,0,8,75,0,83,0,35,134,6,175,73,0,73,248
08/25/2016,BFL,CA,AWP,WE,Combined TRACON& Tower with Radar,0,26,64,0,90,0,5,57,0,62,0,31,121,0,152,10,0,10,162
08/26/2016,BFL,CA,AWP,WE,Combined TRACON& Tower with Radar,0,27,63,0,90,0,9,69,5,83,0,36,132,5,173,48,0,48,221
08/27/2016,BFL,CA,AWP,WE,Combined TRACON& Tower with Radar,0,17,24,0,41,0,12,69,0,81,0,29,93,0,122,22,0,22,144
08/28/2016,BFL,CA,AWP,WE,Combined TRACON& Tower with Radar,0,15,47,0,62,0,16,52,1,69,0,31,99,1,131,2,0,2,133
08/29/2016,BFL,CA,AWP,WE,Combined TRACON& Tower with Radar,0,18,44,0,62,0,3,31,8,42,0,21,75,8,104,16,0,16,120
08/30/2016,BFL,CA,AWP,WE,Combined TRACON& Tower with Radar,0,26,66,4,96,0,10,71,0,81,0,36,137,4,177,34,0,34,211
08/31/2016,BFL,CA,AWP,WE,Combined TRACON& Tower with Radar,0,30,59,1,90,0,4,106,0,110,0,34,165,1,200,22,0,22,222
09/01/2016,BFL,CA,AWP,WE,Combined TRACON& Tower with Radar,0,25,36,0,61,0,2,68,0,70,0,27,104,0,131,32,0,32,163
09/02/2016,BFL,CA,AWP,WE,Combined TRACON& Tower with Radar,0,22,58,2,82,0,8,52,0,60,0,30,110,2,142,64,0,64,206
09/03/2016,BFL,CA,AWP,WE,Combined TRACON& Tower with Radar,1,17,30,0,48,0,2,40,0,42,1,19,70,0,90,0,0,0,90
09/04/2016,BFL,CA,AWP,WE,Combined TRACON& Tower with Radar,0,12,16,0,28,0,5,23,0,28,0,17,39,0,56,4,0,4,60
09/05/2016,BFL,CA,AWP,WE,Combined TRACON& Tower with Radar,2,14,49,0,65,0,2,39,0,41,2,16,88,0,106,23,0,23,129
09/06/2016,BFL,CA,AWP,WE,Combined TRACON& Tower with Radar,3,18,46,2,69,0,1,53,1,55,3,19,99,3,124,75,0,75,199
09/07/2016,BFL,CA,AWP,WE,Combined TRACON& Tower with Radar,0,25,46,0,71,0,10,57,0,67,0,35,103,0,138,65,0,65,203
09/08/2016,BFL,CA,AWP,WE,Combined TRACON& Tower with Radar,2,24,63,0,89,0,8,98,0,106,2,32,161,0,195,132,0,132,327
09/09/2016,BFL,CA,AWP,WE,Combined TRACON& Tower with Radar,0,28,56,5,89,0,7,58,0,65,0,35,114,5,154,96,0,96,250
09/10/2016,BFL,CA,AWP,WE,Combined TRACON& Tower with Radar,2,12,28,0,42,0,11,51,0,62,2,23,79,0,104,30,0,30,134
09/11/2016,BFL,CA,AWP,WE,Combined TRACON& Tower with Radar,0,14,50,8,72,0,0,29,0,29,0,14,79,8,101,18,0,18,119
09/12/2016,BFL,CA,AWP,WE,Combined TRACON& Tower with Radar,2,15,40,2,59,0,0,35,0,35,2,15,75,2,94,54,0,54,148
09/13/2016,BFL,CA,AWP,WE,Combined TRACON& Tower with Radar,2,24,65,1,92,1,1,60,0,62,3,25,125,1,154,90,0,90,244
09/14/2016,BFL,CA,AWP,WE,Combined TRACON& Tower with Radar,2,25,51,0,78,0,8,62,0,70,2,33,113,0,148,123,0,123,271
09/15/2016,BFL,CA,AWP,WE,Combined TRACON& Tower with Radar,2,27,59,2,90,0,2,68,0,70,2,29,127,2,160,78,0,78,238
09/16/2016,BFL,CA,AWP,WE,Combined TRACON& Tower with Radar,2,24,45,0,71,3,11,73,0,87,5,35,118,0,158,80,0,80,238
09/17/2016,BFL,CA,AWP,WE,Combined TRACON& Tower with Radar,2,12,24,0,38,0,6,41,0,47,2,18,65,0,85,0,0,0,85
09/18/2016,BFL,CA,AWP,WE,Combined TRACON& Tower with Radar,4,14,39,2,59,0,9,31,0,40,4,23,70,2,99,5,0,5,104
09/19/2016,BFL,CA,AWP,WE,Combined TRACON& Tower with Radar,2,16,63,2,83,0,17,56,0,73,2,33,119,2,156,70,0,70,226
09/20/2016,BFL,CA,AWP,WE,Combined TRACON& Tower with Radar,2,21,48,0,71,0,3,61,0,64,2,24,109,0,135,104,0,104,239
09/21/2016,BFL,CA,AWP,WE,Combined TRACON& Tower with Radar,4,29,54,0,87,0,7,52,0,59,4,36,106,0,146,138,0,138,284
09/22/2016,BFL,CA,AWP,WE,Combined TRACON& Tower with Radar,2,24,51,0,77,0,11,25,0,36,2,35,76,0,113,107,0,107,220
09/23/2016,BFL,CA,AWP,WE,Combined TRACON& Tower with Radar,2,21,29,0,52,0,2,51,2,55,2,23,80,2,107,66,0,66,173
09/24/2016,BFL,CA,AWP,WE,Combined TRACON& Tower with Radar,3,11,30,0,44,0,8,43,0,51,3,19,73,0,95,52,0,52,147
09/25/2016,BFL,CA,AWP,WE,Combined TRACON& Tower with Radar,1,11,37,0,49,0,7,29,0,36,1,18,66,0,85,11,0,11,96
09/26/2016,BFL,CA,AWP,WE,Combined TRACON& Tower with Radar,4,13,51,0,68,0,5,35,0,40,4,18,86,0,108,56,0,56,164
09/27/2016,BFL,CA,AWP,WE,Combined TRACON& Tower with Radar,2,27,37,2,68,0,5,46,2,53,2,32,83,4,121,82,0,82,203
09/28/2016,BFL,CA,AWP,WE,Combined TRACON& Tower with Radar,2,27,46,0,75,0,7,66,0,73,2,34,112,0,148,62,0,62,210
09/29/2016,BFL,CA,AWP,WE,Combined TRACON& Tower with Radar,2,21,68,0,91,0,7,70,0,77,2,28,138,0,168,36,0,36,204
09/30/2016,BFL,CA,AWP,WE,Combined TRACON& Tower with Radar,4,22,54,0,80,0,10,62,0,72,4,32,116,0,152,16,0,16,168
10/01/2016,BFL,CA,AWP,WE,Combined TRACON& Tower with Radar,2,14,41,0,57,0,8,43,0,51,2,22,84,0,108,6,0,6,114
10/02/2016,BFL,CA,AWP,WE,Combined TRACON& Tower with Radar,2,12,40,0,54,0,5,26,0,31,2,17,66,0,85,0,0,0,85
10/03/2016,BFL,CA,AWP,WE,Combined TRACON& Tower with Radar,4,15,25,0,44,0,3,33,0,36,4,18,58,0,80,4,0,4,84
10/04/2016,BFL,CA,AWP,WE,Combined TRACON& Tower with Radar,2,24,50,0,76,0,7,53,0,60,2,31,103,0,136,46,0,46,182
10/05/2016,BFL,CA,AWP,WE,Combined TRACON& Tower with Radar,2,26,53,0,81,0,5,69,0,74,2,31,122,0,155,92,0,92,247
10/06/2016,BFL,CA,AWP,WE,Combined TRACON& Tower with Radar,3,22,54,0,79,0,3,60,0,63,3,25,114,0,142,63,0,63,205
10/07/2016,BFL,CA,AWP,WE,Combined TRACON& Tower with Radar,3,25,66,0,94,1,6,63,1,71,4,31,129,1,165,34,0,34,199
10/08/2016,BFL,CA,AWP,WE,Combined TRACON& Tower with Radar,5,14,37,0,56,0,2,35,0,37,5,16,72,0,93,3,0,3,96
10/09/2016,BFL,CA,AWP,WE,Combined TRACON& Tower with Radar,2,14,26,0,42,0,5,49,0,54,2,19,75,0,96,10,0,10,106
10/10/2016,BFL,CA,AWP,WE,Combined TRACON& Tower with Radar,3,14,45,1,63,0,8,53,7,68,3,22,98,8,131,22,0,22,153
10/11/2016,BFL,CA,AWP,WE,Combined TRACON& Tower with Radar,5,22,42,0,69,0,10,58,0,68,5,32,100,0,137,74,0,74,211
10/12/2016,BFL,CA,AWP,WE,Combined TRACON& Tower with Radar,3,25,57,0,85,0,5,64,0,69,3,30,121,0,154,72,0,72,226
10/13/2016,BFL,CA,AWP,WE,Combined TRACON& Tower with Radar,3,22,54,0,79,0,6,54,0,60,3,28,108,0,139,50,0,50,189
10/14/2016,BFL,CA,AWP,WE,Combined TRACON& Tower with Radar,2,24,43,0,69,0,9,58,0,67,2,33,101,0,136,24,0,24,160
10/15/2016,BFL,CA,AWP,WE,Combined TRACON& Tower with Radar,3,12,27,0,42,0,6,36,0,42,3,18,63,0,84,0,0,0,84
10/16/2016,BFL,CA,AWP,WE,Combined TRACON& Tower with Radar,1,15,33,0,49,0,5,18,0,23,1,20,51,0,72,16,0,16,88
10/17/2016,BFL,CA,AWP,WE,Combined TRACON& Tower with Radar,2,18,42,2,64,0,1,39,1,41,2,19,81,3,105,30,0,30,135
10/18/2016,BFL,CA,AWP,WE,Combined TRACON& Tower with Radar,4,29,47,0,80,0,4,70,0,74,4,33,117,0,154,28,0,28,182
10/19/2016,BFL,CA,AWP,WE,Combined TRACON& Tower with Radar,5,20,29,0,54,0,12,63,0,75,5,32,92,0,129,46,0,46,175
10/20/2016,BFL,CA,AWP,WE,Combined TRACON& Tower with Radar,3,24,43,0,70,0,0,82,0,82,3,24,125,0,152,58,0,58,210
10/21/2016,BFL,CA,AWP,WE,Combined TRACON& Tower with Radar,3,19,55,0,77,0,9,59,0,68,3,28,114,0,145,44,0,44,189
10/22/2016,BFL,CA,AWP,WE,Combined TRACON& Tower with Radar,2,13,37,0,52,0,7,55,0,62,2,20,92,0,114,22,0,22,136
10/23/2016,BFL,CA,AWP,WE,Combined TRACON& Tower with Radar,4,11,27,1,43,0,6,65,1,72,4,17,92,2,115,4,0,4,119
10/24/2016,BFL,CA,AWP,WE,Combined TRACON& Tower with Radar,1,18,46,0,65,2,4,37,0,43,3,22,83,0,108,80,0,80,188
10/25/2016,BFL,CA,AWP,WE,Combined TRACON& Tower with Radar,0,23,57,0,80,0,12,67,0,79,0,35,124,0,159,133,0,133,292
10/26/2016,BFL,CA,AWP,WE,Combined TRACON& Tower with Radar,2,23,36,4,65,0,13,54,2,69,2,36,90,6,134,46,0,46,180
10/27/2016,BFL,CA,AWP,WE,Combined TRACON& Tower with Radar,1,25,48,2,76,0,11,46,1,58,1,36,94,3,134,74,0,74,208
10/28/2016,BFL,CA,AWP,WE,Combined TRACON& Tower with Radar,1,21,42,2,66,0,6,43,0,49,1,27,85,2,115,36,0,36,151
10/29/2016,BFL,CA,AWP,WE,Combined TRACON& Tower with Radar,4,9,27,0,40,0,2,30,0,32,4,11,57,0,72,24,0,24,96
10/30/2016,BFL,CA,AWP,WE,Combined TRACON& Tower with Radar,3,9,30,0,42,0,2,7,0,9,3,11,37,0,51,8,0,8,59
10/31/2016,BFL,CA,AWP,WE,Combined TRACON& Tower with Radar,3,16,41,0,60,0,11,58,0,69,3,27,99,0,129,72,0,72,201
11/01/2016,BFL,CA,AWP,WE,Combined TRACON& Tower with Radar,3,20,40,1,64,3,1,69,1,74,6,21,109,2,138,74,12,86,224
11/02/2016,BFL,CA,AWP,WE,Combined TRACON& Tower with Radar,3,22,64,0,89,0,5,84,0,89,3,27,148,0,178,101,0,101,279
11/03/2016,BFL,CA,AWP,WE,Combined TRACON& Tower with Radar,3,21,59,0,83,0,4,59,0,63,3,25,118,0,146,58,0,58,204
11/04/2016,BFL,CA,AWP,WE,Combined TRACON& Tower with Radar,10,14,73,0,97,0,5,45,1,51,10,19,118,1,148,20,0,20,168
11/05/2016,BFL,CA,AWP,WE,Combined TRACON& Tower with Radar,7,8,33,0,48,0,1,39,0,40,7,9,72,0,88,10,0,10,98
11/06/2016,BFL,CA,AWP,WE,Combined TRACON& Tower with Radar,8,7,37,0,52,0,0,44,1,45,8,7,81,1,97,2,0,2,99
11/07/2016,BFL,CA,AWP,WE,Combined TRACON& Tower with Radar,9,8,45,4,66,0,1,85,0,86,9,9,130,4,152,28,0,28,180
11/08/2016,BFL,CA,AWP,WE,Combined TRACON& Tower with Radar,9,14,42,0,65,0,2,51,1,54,9,16,93,1,119,16,0,16,135
11/09/2016,BFL,CA,AWP,WE,Combined TRACON& Tower with Radar,7,17,60,11,95,0,10,52,2,64,7,27,112,13,159,70,12,82,241
11/10/2016,BFL,CA,AWP,WE,Combined TRACON& Tower with Radar,7,21,79,0,107,0,6,59,0,65,7,27,138,0,172,94,0,94,266
11/11/2016,BFL,CA,AWP,WE,Combined TRACON& Tower with Radar,9,15,41,1,66,0,4,55,0,59,9,19,96,1,125,20,0,20,145
11/12/2016,BFL,CA,AWP,WE,Combined TRACON& Tower with Radar,7,8,37,0,52,0,2,42,2,46,7,10,79,2,98,0,0,0,98
11/13/2016,BFL,CA,AWP,WE,Combined TRACON& Tower with Radar,6,7,45,0,58,0,3,47,0,50,6,10,92,0,108,15,0,15,123
11/14/2016,BFL,CA,AWP,WE,Combined TRACON& Tower with Radar,9,10,37,7,63,0,5,58,3,66,9,15,95,10,129,95,0,95,224
11/15/2016,BFL,CA,AWP,WE,Combined TRACON& Tower with Radar,8,14,37,1,60,0,0,72,1,73,8,14,109,2,133,18,0,18,151
11/16/2016,BFL,CA,AWP,WE,Combined TRACON& Tower with Radar,9,25,51,4,89,0,1,60,0,61,9,26,111,4,150,122,0,122,272
11/17/2016,BFL,CA,AWP,WE,Combined TRACON& Tower with Radar,9,15,50,0,74,0,11,79,2,92,9,26,129,2,166,58,0,58,224
11/18/2016,BFL,CA,AWP,WE,Combined TRACON& Tower with Radar,9,14,62,7,92,0,5,62,1,68,9,19,124,8,160,78,0,78,238
11/19/2016,BFL,CA,AWP,WE,Combined TRACON& Tower with Radar,6,10,40,0,56,0,3,50,9,62,6,13,90,9,118,56,6,62,180
11/20/2016,BFL,CA,AWP,WE,Combined TRACON& Tower with Radar,8,5,35,0,48,0,2,32,0,34,8,7,67,0,82,14,0,14,96
11/21/2016,BFL,CA,AWP,WE,Combined TRACON& Tower with Radar,8,14,56,0,78,0,3,17,0,20,8,17,73,0,98,18,0,18,116
11/22/2016,BFL,CA,AWP,WE,Combined TRACON& Tower with Radar,9,17,58,0,84,0,7,35,0,42,9,24,93,0,126,66,0,66,192
11/23/2016,BFL,CA,AWP,WE,Combined TRACON& Tower with Radar,10,18,49,0,77,0,14,29,0,43,10,32,78,0,120,64,0,64,184
11/24/2016,BFL,CA,AWP,WE,Combined TRACON& Tower with Radar,4,3,7,0,14,0,7,9,0,16,4,10,16,0,30,0,0,0,30
11/25/2016,BFL,CA,AWP,WE,Combined TRACON& Tower with Radar,7,12,49,0,68,0,11,30,1,42,7,23,79,1,110,8,0,8,118
11/26/2016,BFL,CA,AWP,WE,Combined TRACON& Tower with Radar,9,9,27,0,45,0,6,21,1,28,9,15,48,1,73,48,0,48,121
11/27/2016,BFL,CA,AWP,WE,Combined TRACON& Tower with Radar,9,6,41,0,56,0,4,10,0,14,9,10,51,0,70,6,0,6,76
11/28/2016,BFL,CA,AWP,WE,Combined TRACON& Tower with Radar,5,12,43,0,60,0,3,45,1,49,5,15,88,1,109,54,0,54,163
11/29/2016,BFL,CA,AWP,WE,Combined TRACON& Tower with Radar,9,23,58,2,92,0,0,44,0,44,9,23,102,2,136,41,0,41,177
11/30/2016,BFL,CA,AWP,WE,Combined TRACON& Tower with Radar,9,21,56,0,86,0,4,54,0,58,9,25,110,0,144,82,0,82,226
12/01/2016,BFL,CA,AWP,WE,Combined TRACON& Tower with Radar,7,23,58,2,90,0,2,20,0,22,7,25,78,2,112,32,0,32,144
12/02/2016,BFL,CA,AWP,WE,Combined TRACON& Tower with Radar,8,15,61,5,89,0,0,54,2,56,8,15,115,7,145,84,0,84,229
12/03/2016,BFL,CA,AWP,WE,Combined TRACON& Tower with Radar,5,10,24,1,40,0,13,45,0,58,5,23,69,1,98,44,0,44,142
12/04/2016,BFL,CA,AWP,WE,Combined TRACON& Tower with Radar,6,5,33,0,44,0,5,34,2,41,6,10,67,2,85,12,0,12,97
12/05/2016,BFL,CA,AWP,WE,Combined TRACON& Tower with Radar,11,13,38,2,64,0,14,36,0,50,11,27,74,2,114,44,0,44,158
12/06/2016,BFL,CA,AWP,WE,Combined TRACON& Tower with Radar,9,20,84,0,113,0,0,10,0,10,9,20,94,0,123,54,0,54,177
12/07/2016,BFL,CA,AWP,WE,Combined TRACON& Tower with Radar,9,17,71,0,97,0,0,40,0,40,9,17,111,0,137,14,0,14,151
12/08/2016,BFL,CA,AWP,WE,Combined TRACON& Tower with Radar,9,16,49,0,74,0,9,31,1,41,9,25,80,1,115,40,0,40,155
12/09/2016,BFL,CA,AWP,WE,Combined TRACON& Tower with Radar,9,16,51,3,79,0,7,33,1,41,9,23,84,4,120,58,0,58,178
12/10/2016,BFL,CA,AWP,WE,Combined TRACON& Tower with Radar,5,11,34,0,50,0,2,31,0,33,5,13,65,0,83,6,0,6,89
12/11/2016,BFL,CA,AWP,WE,Combined TRACON& Tower with Radar,8,5,31,0,44,0,0,2,0,2,8,5,33,0,46,0,0,0,46
12/12/2016,BFL,CA,AWP,WE,Combined TRACON& Tower with Radar,9,8,54,2,73,0,4,25,0,29,9,12,79,2,102,42,0,42,144
12/13/2016,BFL,CA,AWP,WE,Combined TRACON& Tower with Radar,9,15,82,0,106,0,7,45,0,52,9,22,127,0,158,32,0,32,190
12/14/2016,BFL,CA,AWP,WE,Combined TRACON& Tower with Radar,9,17,55,0,81,0,9,74,0,83,9,26,129,0,164,60,0,60,224
12/15/2016,BFL,CA,AWP,WE,Combined TRACON& Tower with Radar,9,19,48,1,77,0,5,28,0,33,9,24,76,1,110,38,0,38,148
12/16/2016,BFL,CA,AWP,WE,Combined TRACON& Tower with Radar,7,13,58,0,78,0,0,15,0,15,7,13,73,0,93,16,0,16,109
12/17/2016,BFL,CA,AWP,WE,Combined TRACON& Tower with Radar,6,4,33,0,43,0,3,49,2,54,6,7,82,2,97,30,0,30,127
12/18/2016,BFL,CA,AWP,WE,Combined TRACON& Tower with Radar,7,6,44,0,57,0,12,38,0,50,7,18,82,0,107,26,0,26,133
12/19/2016,BFL,CA,AWP,WE,Combined TRACON& Tower with Radar,7,7,46,0,60,0,0,17,0,17,7,7,63,0,77,0,0,0,77
12/20/2016,BFL,CA,AWP,WE,Combined TRACON& Tower with Radar,7,22,44,0,73,0,4,39,0,43,7,26,83,0,116,22,0,22,138
12/21/2016,BFL,CA,AWP,WE,Combined TRACON& Tower with Radar,8,17,81,5,111,0,0,8,0,8,8,17,89,5,119,8,0,8,127
12/22/2016,BFL,CA,AWP,WE,Combined TRACON& Tower with Radar,7,15,40,2,64,0,2,13,0,15,7,17,53,2,79,0,0,0,79
12/23/2016,BFL,CA,AWP,WE,Combined TRACON& Tower with Radar,9,18,19,0,46,0,0,10,0,10,9,18,29,0,56,0,0,0,56
12/24/2016,BFL,CA,AWP,WE,Combined TRACON& Tower with Radar,7,8,20,0,35,0,5,13,1,19,7,13,33,1,54,8,0,8,62
12/25/2016,BFL,CA,AWP,WE,Combined TRACON& Tower with Radar,7,1,4,0,12,0,0,13,0,13,7,1,17,0,25,0,0,0,25
12/26/2016,BFL,CA,AWP,WE,Combined TRACON& Tower with Radar,7,3,31,0,41,0,3,26,0,29,7,6,57,0,70,10,0,10,80
12/27/2016,BFL,CA,AWP,WE,Combined TRACON& Tower with Radar,7,11,48,0,66,0,7,38,0,45,7,18,86,0,111,6,0,6,117
12/28/2016,BFL,CA,AWP,WE,Combined TRACON& Tower with Radar,7,17,37,0,61,0,12,41,0,53,7,29,78,0,114,2,0,2,116
12/29/2016,BFL,CA,AWP,WE,Combined TRACON& Tower with Radar,7,25,36,0,68,0,5,30,1,36,7,30,66,1,104,0,0,0,104
12/30/2016,BFL,CA,AWP,WE,Combined TRACON& Tower with Radar,7,13,36,0,56,0,0,3,1,4,7,13,39,1,60,0,0,0,60
12/31/2016,BFL,CA,AWP,WE,Combined TRACON& Tower with Radar,7,5,32,0,44,0,0,17,0,17,7,5,49,0,61,6,0,6,67
01/01/2017,BFL,CA,AWP,WE,Combined TRACON& Tower with Radar,7,3,14,0,24,0,0,12,2,14,7,3,26,2,38,6,0,6,44
01/02/2017,BFL,CA,AWP,WE,Combined TRACON& Tower with Radar,6,6,30,0,42,0,2,18,0,20,6,8,48,0,62,18,0,18,80
01/03/2017,BFL,CA,AWP,WE,Combined TRACON& Tower with Radar,7,13,28,0,48,0,4,25,0,29,7,17,53,0,77,50,0,50,127
01/04/2017,BFL,CA,AWP,WE,Combined TRACON& Tower with Radar,7,17,45,0,69,0,1,13,0,14,7,18,58,0,83,2,0,2,85
01/05/2017,BFL,CA,AWP,WE,Combined TRACON& Tower with Radar,7,14,38,8,67,0,2,3,2,7,7,16,41,10,74,0,0,0,74
01/06/2017,BFL,CA,AWP,WE,Combined TRACON& Tower with Radar,8,13,63,0,84,0,2,51,0,53,8,15,114,0,137,20,0,20,157
01/07/2017,BFL,CA,AWP,WE,Combined TRACON& Tower with Radar,5,10,10,0,25,0,4,15,0,19,5,14,25,0,44,6,0,6,50
01/08/2017,BFL,CA,AWP,WE,Combined TRACON& Tower with Radar,6,3,20,0,29,0,1,13,0,14,6,4,33,0,43,10,0,10,53
01/09/2017,BFL,CA,AWP,WE,Combined TRACON& Tower with Radar,6,8,39,0,53,0,0,16,3,19,6,8,55,3,72,0,1,1,73
01/10/2017,BFL,CA,AWP,WE,Combined TRACON& Tower with Radar,3,8,34,0,45,0,4,28,0,32,3,12,62,0,77,80,0,80,157
01/11/2017,BFL,CA,AWP,WE,Combined TRACON& Tower with Radar,7,15,41,0,63,0,11,53,0,64,7,26,94,0,127,108,0,108,235
01/12/2017,BFL,CA,AWP,WE,Combined TRACON& Tower with Radar,7,16,44,0,67,0,2,13,0,15,7,18,57,0,82,16,0,16,98
01/13/2017,BFL,CA,AWP,WE,Combined TRACON& Tower with Radar,9,16,53,4,82,0,0,2,0,2,9,16,55,4,84,0,0,0,84
01/14/2017,BFL,CA,AWP,WE,Combined TRACON& Tower with Radar,7,7,31,0,45,0,2,8,0,10,7,9,39,0,55,16,0,16,71
01/15/2017,BFL,CA,AWP,WE,Combined TRACON& Tower with Radar,6,3,22,0,31,0,0,1,6,7,6,3,23,6,38,0,0,0,38
01/16/2017,BFL,CA,AWP,WE,Combined TRACON& Tower with Radar,9,6,70,0,85,0,0,25,0,25,9,6,95,0,110,32,0,32,142
01/17/2017,BFL,CA,AWP,WE,Combined TRACON& Tower with Radar,5,18,51,0,74,0,0,65,0,65,5,18,116,0,139,54,0,54,193
01/18/2017,BFL,CA,AWP,WE,Combined TRACON& Tower with Radar,9,25,43,0,77,0,3,28,3,34,9,28,71,3,111,10,0,10,121
01/19/2017,BFL,CA,AWP,WE,Combined TRACON& Tower with Radar,7,13,51,0,71,0,6,25,0,31,7,19,76,0,102,34,2,36,138
01/20/2017,BFL,CA,AWP,WE,Combined TRACON& Tower with Radar,7,13,19,0,39,0,0,13,0,13,7,13,32,0,52,12,0,12,64
01/21/2017,BFL,CA,AWP,WE,Combined TRACON& Tower with Radar,7,6,36,0,49,0,1,34,3,38,7,7,70,3,87,12,0,12,99
01/22/2017,BFL,CA,AWP,WE,Combined TRACON& Tower with Radar,7,3,14,0,24,0,0,2,0,2,7,3,16,0,26,8,0,8,34
01/23/2017,BFL,CA,AWP,WE,Combined TRACON& Tower with Radar,7,11,37,0,55,0,0,16,0,16,7,11,53,0,71,12,0,12,83
01/24/2017,BFL,CA,AWP,WE,Combined TRACON& Tower with Radar,5,17,67,0,89,0,11,76,0,87,5,28,143,0,176,16,0,16,192
01/25/2017,BFL,CA,AWP,WE,Combined TRACON& Tower with Radar,7,22,55,1,85,0,6,55,4,65,7,28,110,5,150,32,0,32,182
01/26/2017,BFL,CA,AWP,WE,Combined TRACON& Tower with Radar,7,12,75,0,94,0,5,66,0,71,7,17,141,0,165,50,0,50,215
01/27/2017,BFL,CA,AWP,WE,Combined TRACON& Tower with Radar,7,11,60,0,78,0,4,51,0,55,7,15,111,0,133,40,0,40,173
01/28/2017,BFL,CA,AWP,WE,Combined TRACON& Tower with Radar,6,5,28,0,39,0,3,50,1,54,6,8,78,1,93,30,0,30,123
01/29/2017,BFL,CA,AWP,WE,Combined TRACON& Tower with Radar,7,7,49,0,63,0,3,34,0,37,7,10,83,0,100,26,0,26,126
01/30/2017,BFL,CA,AWP,WE,Combined TRACON& Tower with Radar,5,6,17,0,28,0,6,24,0,30,5,12,41,0,58,57,0,57,115
01/31/2017,BFL,CA,AWP,WE,Combined TRACON& Tower with Radar,4,20,35,4,63,0,3,64,0,67,4,23,99,4,130,52,0,52,182
02/01/2017,BFL,CA,AWP,WE,Combined TRACON& Tower with Radar,7,16,60,2,85,0,8,67,0,75,7,24,127,2,160,25,0,25,185
02/02/2017,BFL,CA,AWP,WE,Combined TRACON& Tower with Radar,7,21,60,1,89,0,7,45,1,53,7,28,105,2,142,53,0,53,195
02/03/2017,BFL,CA,AWP,WE,Combined TRACON& Tower with Radar,7,18,55,3,83,0,1,48,1,50,7,19,103,4,133,35,0,35,168
02/04/2017,BFL,CA,AWP,WE,Combined TRACON& Tower with Radar,7,8,35,0,50,0,12,45,1,58,7,20,80,1,108,22,0,22,130
02/05/2017,BFL,CA,AWP,WE,Combined TRACON& Tower with Radar,6,3,36,1,46,0,5,22,1,28,6,8,58,2,74,6,0,6,80
02/06/2017,BFL,CA,AWP,WE,Combined TRACON& Tower with Radar,7,6,31,2,46,0,6,27,2,35,7,12,58,4,81,28,0,28,109
02/07/2017,BFL,CA,AWP,WE,Combined TRACON& Tower with Radar,6,15,59,0,80,0,3,22,0,25,6,18,81,0,105,14,0,14,119
02/08/2017,BFL,CA,AWP,WE,Combined TRACON& Tower with Radar,7,13,60,1,81,0,8,48,0,56,7,21,108,1,137,34,0,34,171
02/09/2017,BFL,CA,AWP,WE,Combined TRACON& Tower with Radar,7,16,55,0,78,0,6,60,0,66,7,22,115,0,144,32,0,32,176
02/10/2017,BFL,CA,AWP,WE,Combined TRACON& Tower with Radar,8,14,40,2,64,0,2,10,0,12,8,16,50,2,76,10,0,10,86
02/11/2017,BFL,CA,AWP,WE,Combined TRACON& Tower with Radar,7,8,39,0,54,0,1,20,1,22,7,9,59,1,76,24,0,24,100
02/12/2017,BFL,CA,AWP,WE,Combined TRACON& Tower with Radar,7,3,31,0,41,0,9,55,0,64,7,12,86,0,105,24,0,24,129
02/13/2017,BFL,CA,AWP,WE,Combined TRACON& Tower with Radar,7,12,42,0,61,0,8,52,0,60,7,20,94,0,121,36,0,36,157
02/14/2017,BFL,CA,AWP,WE,Combined TRACON& Tower with Radar,5,13,73,14,105,0,9,28,0,37,5,22,101,14,142,36,10,46,188
02/15/2017,BFL,CA,AWP,WE,Combined TRACON& Tower with Radar,7,18,52,0,77,0,4,64,0,68,7,22,116,0,145,15,0,15,160
02/16/2017,BFL,CA,AWP,WE,Combined TRACON& Tower with Radar,7,13,48,0,68,0,3,30,0,33,7,16,78,0,101,26,0,26,127
02/17/2017,BFL,CA,AWP,WE,Combined TRACON& Tower with Radar,6,14,27,0,47,0,5,5,2,12,6,19,32,2,59,0,0,0,59
02/18/2017,BFL,CA,AWP,WE,Combined TRACON& Tower with Radar,4,9,25,5,43,0,5,24,4,33,4,14,49,9,76,54,0,54,130
02/19/2017,BFL,CA,AWP,WE,Combined TRACON& Tower with Radar,3,9,22,3,37,0,7,16,0,23,3,16,38,3,60,22,0,22,82
02/20/2017,BFL,CA,AWP,WE,Combined TRACON& Tower with Radar,6,7,22,0,35,0,0,15,0,15,6,7,37,0,50,38,0,38,88
02/21/2017,BFL,CA,AWP,WE,Combined TRACON& Tower with Radar,6,17,50,3,76,0,4,30,8,42,6,21,80,11,118,64,0,64,182
02/22/2017,BFL,CA,AWP,WE,Combined TRACON& Tower with Radar,4,22,64,0,90,0,2,33,0,35,4,24,97,0,125,38,0,38,163
02/23/2017,BFL,CA,AWP,WE,Combined TRACON& Tower with Radar,6,16,59,0,81,0,6,78,0,84,6,22,137,0,165,42,0,42,207
02/24/2017,BFL,CA,AWP,WE,Combined TRACON& Tower with Radar,6,14,50,1,71,0,6,65,0,71,6,20,115,1,142,114,26,140,282
02/25/2017,BFL,CA,AWP,WE,Combined TRACON& Tower with Radar,6,7,41,0,54,0,8,52,2,62,6,15,93,2,116,76,0,76,192
02/26/2017,BFL,CA,AWP,WE,Combined TRACON& Tower with Radar,6,7,24,1,38,0,1,26,0,27,6,8,50,1,65,68,0,68,133
02/27/2017,BFL,CA,AWP,WE,Combined TRACON& Tower with Radar,5,11,60,0,76,1,2,60,0,63,6,13,120,0,139,36,0,36,175
02/28/2017,BFL,CA,AWP,WE,Combined TRACON& Tower with Radar,6,16,65,6,93,0,8,60,1,69,6,24,125,7,162,68,0,68,230
03/01/2017,BFL,CA,AWP,WE,Combined TRACON& Tower with Radar,6,16,74,0,96,0,2,64,0,66,6,18,138,0,162,81,0,81,243
03/02/2017,BFL,CA,AWP,WE,Combined TRACON& Tower with Radar,6,20,53,2,81,0,16,63,0,79,6,36,116,2,160,78,0,78,238
03/03/2017,BFL,CA,AWP,WE,Combined TRACON& Tower with Radar,6,19,51,0,76,0,2,74,0,76,6,21,125,0,152,82,0,82,234
03/04/2017,BFL,CA,AWP,WE,Combined TRACON& Tower with Radar,6,9,28,0,43,0,12,42,1,55,6,21,70,1,98,30,0,30,128
03/05/2017,BFL,CA,AWP,WE,Combined TRACON& Tower with Radar,7,4,24,0,35,0,0,5,0,5,7,4,29,0,40,0,0,0,40
03/06/2017,BFL,CA,AWP,WE,Combined TRACON& Tower with Radar,6,12,66,2,86,1,3,63,0,67,7,15,129,2,153,44,0,44,197
03/07/2017,BFL,CA,AWP,WE,Combined TRACON& Tower with Radar,6,17,70,0,93,0,5,65,0,70,6,22,135,0,163,50,0,50,213
03/08/2017,BFL,CA,AWP,WE,Combined TRACON& Tower with Radar,7,19,67,2,95,0,2,71,0,73,7,21,138,2,168,94,4,98,266
03/09/2017,BFL,CA,AWP,WE,Combined TRACON& Tower with Radar,7,16,57,0,80,0,8,66,0,74,7,24,123,0,154,98,0,98,252
03/10/2017,BFL,CA,AWP,WE,Combined TRACON& Tower with Radar,7,15,69,0,91,0,1,68,0,69,7,16,137,0,160,81,0,81,241
03/11/2017,BFL,CA,AWP,WE,Combined TRACON& Tower with Radar,7,5,34,0,46,0,9,69,0,78,7,14,103,0,124,38,0,38,162
03/12/2017,BFL,CA,AWP,WE,Combined TRACON& Tower with Radar,7,3,47,0,57,0,3,51,6,60,7,6,98,6,117,30,0,30,147
03/13/2017,BFL,CA,AWP,WE,Combined TRACON& Tower with Radar,6,9,50,0,65,0,0,54,0,54,6,9,104,0,119,48,0,48,167
03/14/2017,BFL,CA,AWP,WE,Combined TRACON& Tower with Radar,7,19,69,2,97,0,3,69,0,72,7,22,138,2,169,48,0,48,217
03/15/2017,BFL,CA,AWP,WE,Combined TRACON& Tower with Radar,5,19,65,0,89,0,15,71,0,86,5,34,136,0,175,88,0,88,263
03/16/2017,BFL,CA,AWP,WE,Combined TRACON& Tower with Radar,7,13,79,3,102,0,4,53,4,61,7,17,132,7,163,47,0,47,210
03/17/2017,BFL,CA,AWP,WE,Combined TRACON& Tower with Radar,7,14,46,0,67,0,12,53,2,67,7,26,99,2,134,84,0,84,218
03/18/2017,BFL,CA,AWP,WE,Combined TRACON& Tower with Radar,7,6,35,0,48,0,4,46,0,50,7,10,81,0,98,48,0,48,146
03/19/2017,BFL,CA,AWP,WE,Combined TRACON& Tower with Radar,5,8,42,0,55,0,6,44,0,50,5,14,86,0,105,44,0,44,149
03/20/2017,BFL,CA,AWP,WE,Combined TRACON& Tower with Radar,6,6,56,0,68,0,1,26,0,27,6,7,82,0,95,62,0,62,157
03/21/2017,BFL,CA,AWP,WE,Combined TRACON& Tower with Radar,5,20,44,2,71,0,2,18,0,20,5,22,62,2,91,64,0,64,155
03/22/2017,BFL,CA,AWP,WE,Combined TRACON& Tower with Radar,7,18,35,0,60,0,9,13,2,24,7,27,48,2,84,28,0,28,112
03/23/2017,BFL,CA,AWP,WE,Combined TRACON& Tower with Radar,7,19,55,0,81,0,10,46,0,56,7,29,101,0,137,116,0,116,253
03/24/2017,BFL,CA,AWP,WE,Combined TRACON& Tower with Radar,6,14,54,2,76,0,8,55,0,63,6,22,109,2,139,58,0,58,197
03/25/2017,BFL,CA,AWP,WE,Combined TRACON& Tower with Radar,8,8,28,0,44,0,8,19,1,28,8,16,47,1,72,12,0,12,84
03/26/2017,BFL,CA,AWP,WE,Combined TRACON& Tower with Radar,5,5,43,0,53,0,1,28,0,29,5,6,71,0,82,20,0,20,102
03/27/2017,BFL,CA,AWP,WE,Combined TRACON& Tower with Radar,7,8,34,0,49,0,14,14,0,28,7,22,48,0,77,36,0,36,113
03/28/2017,BFL,CA,AWP,WE,Combined TRACON& Tower with Radar,7,27,36,4,74,0,17,60,0,77,7,44,96,4,151,66,0,66,217
03/29/2017,BFL,CA,AWP,WE,Combined TRACON& Tower with Radar,8,25,62,6,101,0,15,46,4,65,8,40,108,10,166,42,0,42,208
03/30/2017,BFL,CA,AWP,WE,Combined TRACON& Tower with Radar,4,19,57,0,80,0,10,15,0,25,4,29,72,0,105,16,2,18,123
03/31/2017,BFL,CA,AWP,WE,Combined TRACON& Tower with Radar,7,14,45,0,66,0,13,75,0,88,7,27,120,0,154,32,0,32,186
04/01/2017,BFL,CA,AWP,WE,Combined TRACON& Tower with Radar,8,4,27,0,39,0,2,46,0,48,8,6,73,0,87,44,0,44,131
04/02/2017,BFL,CA,AWP,WE,Combined TRACON& Tower with Radar,9,3,30,0,42,0,6,46,0,52,9,9,76,0,94,6,0,6,100
04/03/2017,BFL,CA,AWP,WE,Combined TRACON& Tower with Radar,7,13,42,3,65,0,6,44,1,51,7,19,86,4,116,44,0,44,160
04/04/2017,BFL,CA,AWP,WE,Combined TRACON& Tower with Radar,5,16,42,0,63,0,22,55,0,77,5,38,97,0,140,34,0,34,174
04/05/2017,BFL,CA,AWP,WE,Combined TRACON& Tower with Radar,8,23,48,0,79,0,24,38,0,62,8,47,86,0,141,18,0,18,159
04/06/2017,BFL,CA,AWP,WE,Combined TRACON& Tower with Radar,4,24,44,2,74,0,8,44,0,52,4,32,88,2,126,24,0,24,150
04/07/2017,BFL,CA,AWP,WE,Combined TRACON& Tower with Radar,6,23,28,0,57,0,22,21,0,43,6,45,49,0,100,14,0,14,114
04/08/2017,BFL,CA,AWP,WE,Combined TRACON& Tower with Radar,5,11,21,0,37,0,0,18,0,18,5,11,39,0,55,12,0,12,67
04/09/2017,BFL,CA,AWP,WE,Combined TRACON& Tower with Radar,6,7,29,0,42,0,2,54,0,56,6,9,83,0,98,12,0,12,110
04/10/2017,BFL,CA,AWP,WE,Combined TRACON& Tower with Radar,4,17,32,0,53,0,3,53,0,56,4,20,85,0,109,20,0,20,129
04/11/2017,BFL,CA,AWP,WE,Combined TRACON& Tower with Radar,6,18,32,0,56,0,27,43,0,70,6,45,75,0,126,36,0,36,162
04/12/2017,BFL,CA,AWP,WE,Combined TRACON& Tower with Radar,6,17,43,0,66,0,22,38,0,60,6,39,81,0,126,14,0,14,140
04/13/2017,BFL,CA,AWP,WE,Combined TRACON& Tower with Radar,6,21,43,0,70,0,19,28,0,47,6,40,71,0,117,32,0,32,149
04/14/2017,BFL,CA,AWP,WE,Combined TRACON& Tower with Radar,6,15,30,0,51,1,9,38,1,49,7,24,68,1,100,51,1,52,152
04/15/2017,BFL,CA,AWP,WE,Combined TRACON& Tower with Radar,6,8,17,0,31,0,9,41,0,50,6,17,58,0,81,10,0,10,91
04/16/2017,BFL,CA,AWP,WE,Combined TRACON& Tower with Radar,6,6,20,0,32,0,13,40,5,58,6,19,60,5,90,2,0,2,92
04/17/2017,BFL,CA,AWP,WE,Combined TRACON& Tower with Radar,4,15,37,0,56,0,8,39,0,47,4,23,76,0,103,2,0,2,105
04/18/2017,BFL,CA,AWP,WE,Combined TRACON& Tower with Radar,6,23,64,0,93,0,4,10,0,14,6,27,74,0,107,4,0,4,111
04/19/2017,BFL,CA,AWP,WE,Combined TRACON& Tower with Radar,6,19,50,2,77,0,15,52,0,67,6,34,102,2,144,38,0,38,182
04/20/2017,BFL,CA,AWP,WE,Combined TRACON& Tower with Radar,5,19,39,0,63,0,12,48,0,60,5,31,87,0,123,47,0,47,170
04/21/2017,BFL,CA,AWP,WE,Combined TRACON& Tower with Radar,6,14,33,3,56,0,18,51,11,80,6,32,84,14,136,0,4,4,140
04/22/2017,BFL,CA,AWP,WE,Combined TRACON& Tower with Radar,7,7,38,0,52,0,3,35,0,38,7,10,73,0,90,4,0,4,94
04/23/2017,BFL,CA,AWP,WE,Combined TRACON& Tower with Radar,6,6,32,0,44,0,4,34,0,38,6,10,66,0,82,16,0,16,98
04/24/2017,BFL,CA,AWP,WE,Combined TRACON& Tower with Radar,6,11,49,4,70,0,0,45,4,49,6,11,94,8,119,16,0,16,135
04/25/2017,BFL,CA,AWP,WE,Combined TRACON& Tower with Radar,4,17,38,2,61,0,3,47,12,62,4,20,85,14,123,22,0,22,145
04/26/2017,BFL,CA,AWP,WE,Combined TRACON& Tower with Radar,6,25,36,2,69,0,5,68,10,83,6,30,104,12,152,45,0,45,197
04/27/2017,BFL,CA,AWP,WE,Combined TRACON& Tower with Radar,4,20,59,4,87,0,1,30,4,35,4,21,89,8,122,14,0,14,136
04/28/2017,BFL,CA,AWP,WE,Combined TRACON& Tower with Radar,3,10,22,0,35,0,3,35,4,42,3,13,57,4,77,12,0,12,89
04/29/2017,BFL,CA,AWP,WE,Combined TRACON& Tower with Radar,1,2,4,0,7,0,6,30,0,36,1,8,34,0,43,26,0,26,69
04/30/2017,BFL,CA,AWP,WE,Combined TRACON& Tower with Radar,6,8,26,0,40,0,8,47,0,55,6,16,73,0,95,8,0,8,103
05/01/2017,BFL,CA,AWP,WE,Combined TRACON& Tower with Radar,6,11,35,2,54,0,7,46,12,65,6,18,81,14,119,74,0,74,193
05/02/2017,BFL,CA,AWP,WE,Combined TRACON& Tower with Radar,6,17,47,6,76,0,12,48,3,63,6,29,95,9,139,40,0,40,179
05/03/2017,BFL,CA,AWP,WE,Combined TRACON& Tower with Radar,6,23,51,9,89,0,14,60,7,81,6,37,111,16,170,48,0,48,218
05/04/2017,BFL,CA,AWP,WE,Combined TRACON& Tower with Radar,6,21,55,2,84,0,17,52,16,85,6,38,107,18,169,54,2,56,225
05/05/2017,BFL,CA,AWP,WE,Combined TRACON& Tower with Radar,8,15,46,2,71,0,13,56,3,72,8,28,102,5,143,10,0,10,153
05/06/2017,BFL,CA,AWP,WE,Combined TRACON& Tower with Radar,9,7,19,0,35,0,0,25,0,25,9,7,44,0,60,10,0,10,70
05/07/2017,BFL,CA,AWP,WE,Combined TRACON& Tower with Radar,10,9,19,1,39,0,6,24,0,30,10,15,43,1,69,22,0,22,91
05/08/2017,BFL,CA,AWP,WE,Combined TRACON& Tower with Radar,8,15,33,1,57,0,6,48,9,63,8,21,81,10,120,30,0,30,150
05/09/2017,BFL,CA,AWP,WE,Combined TRACON& Tower with Radar,8,18,51,3,80,0,4,56,8,68,8,22,107,11,148,32,0,32,180
05/10/2017,BFL,CA,AWP,WE,Combined TRACON& Tower with Radar,8,17,48,2,75,0,7,58,7,72,8,24,106,9,147,56,0,56,203
05/11/2017,BFL,CA,AWP,WE,Combined TRACON& Tower with Radar,8,16,50,6,80,1,19,68,14,102,9,35,118,20,182,44,0,44,226
05/12/2017,BFL,CA,AWP,WE,Combined TRACON& Tower with Radar,8,14,38,2,62,0,3,47,8,58,8,17,85,10,120,50,0,50,170
05/13/2017,BFL,CA,AWP,WE,Combined TRACON& Tower with Radar,9,15,29,0,53,0,17,57,0,74,9,32,86,0,127,9,0,9,136
05/14/2017,BFL,CA,AWP,WE,Combined TRACON& Tower with Radar,10,1,34,0,45,2,0,33,0,35,12,1,67,0,80,6,0,6,86
05/15/2017,BFL,CA,AWP,WE,Combined TRACON& Tower with Radar,6,10,43,3,62,0,4,40,13,57,6,14,83,16,119,20,0,20,139
05/16/2017,BFL,CA,AWP,WE,Combined TRACON& Tower with Radar,8,18,41,3,70,1,7,56,15,79,9,25,97,18,149,62,0,62,211
05/17/2017,BFL,CA,AWP,WE,Combined TRACON& Tower with Radar,8,19,51,0,78,0,7,25,8,40,8,26,76,8,118,16,0,16,134
05/18/2017,BFL,CA,AWP,WE,Combined TRACON& Tower with Radar,8,19,49,4,80,0,5,51,12,68,8,24,100,16,148,52,0,52,200
05/19/2017,BFL,CA,AWP,WE,Combined TRACON& Tower with Radar,8,15,43,3,69,0,6,60,11,77,8,21,103,14,146,16,0,16,162
05/20/2017,BFL,CA,AWP,WE,Combined TRACON& Tower with Radar,9,5,23,2,39,0,6,44,1,51,9,11,67,3,90,8,0,8,98
05/21/2017,BFL,CA,AWP,WE,Combined TRACON& Tower with Radar,8,3,30,0,41,0,7,34,0,41,8,10,64,0,82,18,0,18,100
05/22/2017,BFL,CA,AWP,WE,Combined TRACON& Tower with Radar,9,8,25,5,47,0,5,46,14,65,9,13,71,19,112,28,0,28,140
05/23/2017,BFL,CA,AWP,WE,Combined TRACON& Tower with Radar,8,12,52,6,78,0,7,50,10,67,8,19,102,16,145,46,0,46,191
05/24/2017,BFL,CA,AWP,WE,Combined TRACON& Tower with Radar,6,22,45,0,73,0,2,69,16,87,6,24,114,16,160,90,0,90,250
05/25/2017,BFL,CA,AWP,WE,Combined TRACON& Tower with Radar,7,16,60,5,88,0,3,61,19,83,7,19,121,24,171,14,0,14,185
05/26/2017,BFL,CA,AWP,WE,Combined TRACON& Tower with Radar,7,17,58,4,86,1,3,59,2,65,8,20,117,6,151,67,0,67,218
05/27/2017,BFL,CA,AWP,WE,Combined TRACON& Tower with Radar,5,11,27,0,43,0,9,67,1,77,5,20,94,1,120,24,0,24,144
05/28/2017,BFL,CA,AWP,WE,Combined TRACON& Tower with Radar,11,1,22,0,34,0,12,64,0,76,11,13,86,0,110,16,0,16,126
05/29/2017,BFL,CA,AWP,WE,Combined TRACON& Tower with Radar,9,3,40,0,52,0,3,58,0,61,9,6,98,0,113,16,0,16,129
05/30/2017,BFL,CA,AWP,WE,Combined TRACON& Tower with Radar,8,14,49,1,72,0,10,45,11,66,8,24,94,12,138,32,0,32,170
05/31/2017,BFL,CA,AWP,WE,Combined TRACON& Tower with Radar,8,19,38,2,67,0,6,50,16,72,8,25,88,18,139,68,0,68,207
06/01/2017,BFL,CA,AWP,WE,Combined TRACON& Tower with Radar,9,14,62,6,91,0,11,55,20,86,9,25,117,26,177,76,0,76,253
06/02/2017,BFL,CA,AWP,WE,Combined TRACON& Tower with Radar,8,17,63,0,88,0,10,52,13,75,8,27,115,13,163,22,0,22,185
06/03/2017,BFL,CA,AWP,WE,Combined TRACON& Tower with Radar,6,8,52,0,66,0,3,37,11,51,6,11,89,11,117,9,0,9,126
06/04/2017,BFL,CA,AWP,WE,Combined TRACON& Tower with Radar,6,5,37,0,48,0,6,32,0,38,6,11,69,0,86,10,0,10,96
06/05/2017,BFL,CA,AWP,WE,Combined TRACON& Tower with Radar,8,7,49,1,65,0,7,66,6,79,8,14,115,7,144,44,0,44,188
06/06/2017,BFL,CA,AWP,WE,Combined TRACON& Tower with Radar,8,15,48,6,77,0,10,59,10,79,8,25,107,16,156,100,0,100,256
06/07/2017,BFL,CA,AWP,WE,Combined TRACON& Tower with Radar,7,6,26,2,41,8,55,92,5,160,15,61,118,7,201,86,1,87,288
06/08/2017,BFL,CA,AWP,WE,Combined TRACON& Tower with Radar,9,27,27,0,63,0,46,77,0,123,9,73,104,0,186,12,0,12,198
06/09/2017,BFL,CA,AWP,WE,Combined TRACON& Tower with Radar,6,14,12,0,32,0,48,69,2,119,6,62,81,2,151,32,0,32,183
06/10/2017,BFL,CA,AWP,WE,Combined TRACON& Tower with Radar,7,1,18,0,26,2,9,41,0,52,9,10,59,0,78,6,0,6,84
06/11/2017,BFL,CA,AWP,WE,Combined TRACON& Tower with Radar,10,0,16,0,26,0,23,56,0,79,10,23,72,0,105,15,0,15,120
06/12/2017,BFL,CA,AWP,WE,Combined TRACON& Tower with Radar,11,1,18,2,32,0,16,74,2,92,11,17,92,4,124,28,0,28,152
06/13/2017,BFL,CA,AWP,WE,Combined TRACON& Tower with Radar,23,10,11,0,44,0,40,96,0,136,23,50,107,0,180,49,0,49,229
06/14/2017,BFL,CA,AWP,WE,Combined TRACON& Tower with Radar,7,18,25,0,50,0,32,69,0,101,7,50,94,0,151,65,0,65,216
06/15/2017,BFL,CA,AWP,WE,Combined TRACON& Tower with Radar,6,21,45,2,74,0,18,66,0,84,6,39,111,2,158,38,0,38,196
06/16/2017,BFL,CA,AWP,WE,Combined TRACON& Tower with Radar,8,17,54,5,84,0,13,70,0,83,8,30,124,5,167,74,0,74,241
06/17/2017,BFL,CA,AWP,WE,Combined TRACON& Tower with Radar,6,10,36,0,52,0,2,51,0,53,6,12,87,0,105,22,0,22,127
06/18/2017,BFL,CA,AWP,WE,Combined TRACON& Tower with Radar,9,12,34,0,55,0,5,31,0,36,9,17,65,0,91,8,0,8,99
06/19/2017,BFL,CA,AWP,WE,Combined TRACON& Tower with Radar,6,14,39,2,61,0,14,43,4,61,6,28,82,6,122,12,0,12,134
06/20/2017,BFL,CA,AWP,WE,Combined TRACON& Tower with Radar,4,25,36,0,65,0,19,48,0,67,4,44,84,0,132,46,0,46,178
06/21/2017,BFL,CA,AWP,WE,Combined TRACON& Tower with Radar,6,34,24,0,64,0,22,47,0,69,6,56,71,0,133,0,0,0,133
06/22/2017,BFL,CA,AWP,WE,Combined TRACON& Tower with Radar,6,26,43,0,75,0,25,36,0,61,6,51,79,0,136,30,0,30,166
06/23/2017,BFL,CA,AWP,WE,Combined TRACON& Tower with Radar,6,22,51,1,80,0,17,35,0,52,6,39,86,1,132,6,0,6,138
06/24/2017,BFL,CA,AWP,WE,Combined TRACON& Tower with Radar,6,10,30,0,46,0,12,33,0,45,6,22,63,0,91,20,0,20,111
06/25/2017,BFL,CA,AWP,WE,Combined TRACON& Tower with Radar,7,9,35,0,51,0,5,48,0,53,7,14,83,0,104,16,0,16,120
06/26/2017,BFL,CA,AWP,WE,Combined TRACON& Tower with Radar,6,12,39,1,58,0,10,29,0,39,6,22,68,1,97,22,0,22,119
06/27/2017,BFL,CA,AWP,WE,Combined TRACON& Tower with Radar,6,24,39,0,69,0,25,49,0,74,6,49,88,0,143,26,0,26,169
06/28/2017,BFL,CA,AWP,WE,Combined TRACON& Tower with Radar,6,27,45,0,78,0,33,52,0,85,6,60,97,0,163,24,0,24,187
06/29/2017,BFL,CA,AWP,WE,Combined TRACON& Tower with Radar,6,29,45,1,81,0,25,43,0,68,6,54,88,1,149,20,0,20,169
06/30/2017,BFL,CA,AWP,WE,Combined TRACON& Tower with Radar,4,17,52,0,73,0,25,57,4,86,4,42,109,4,159,52,0,52,211
07/01/2017,BFL,CA,AWP,WE,Combined TRACON& Tower with Radar,6,11,24,0,41,0,16,35,0,51,6,27,59,0,92,6,0,6,98
07/02/2017,BFL,CA,AWP,WE,Combined TRACON& Tower with Radar,6,5,27,0,38,0,8,29,0,37,6,13,56,0,75,22,0,22,97
07/03/2017,BFL,CA,AWP,WE,Combined TRACON& Tower with Radar,4,5,32,0,41,0,9,24,0,33,4,14,56,0,74,30,0,30,104
07/04/2017,BFL,CA,AWP,WE,Combined TRACON& Tower with Radar,6,2,12,0,20,0,1,14,0,15,6,3,26,0,35,6,0,6,41
07/05/2017,BFL,CA,AWP,WE,Combined TRACON& Tower with Radar,8,16,30,0,54,0,23,34,1,58,8,39,64,1,112,14,0,14,126
07/06/2017,BFL,CA,AWP,WE,Combined TRACON& Tower with Radar,6,21,37,0,64,0,14,45,0,59,6,35,82,0,123,90,0,90,213
07/07/2017,BFL,CA,AWP,WE,Combined TRACON& Tower with Radar,6,18,40,3,67,0,17,56,1,74,6,35,96,4,141,70,0,70,211
07/08/2017,BFL,CA,AWP,WE,Combined TRACON& Tower with Radar,8,8,22,0,38,0,4,25,0,29,8,12,47,0,67,18,0,18,85
07/09/2017,BFL,CA,AWP,WE,Combined TRACON& Tower with Radar,8,4,26,0,38,0,9,38,3,50,8,13,64,3,88,4,0,4,92
07/10/2017,BFL,CA,AWP,WE,Combined TRACON& Tower with Radar,8,12,35,2,57,0,15,50,0,65,8,27,85,2,122,52,0,52,174
07/11/2017,BFL,CA,AWP,WE,Combined TRACON& Tower with Radar,6,23,66,0,95,0,26,51,0,77,6,49,117,0,172,34,0,34,206
07/12/2017,BFL,CA,AWP,WE,Combined TRACON& Tower with Radar,6,21,43,0,70,0,21,46,0,67,6,42,89,0,137,42,0,42,179
07/13/2017,BFL,CA,AWP,WE,Combined TRACON& Tower with Radar,6,19,55,0,80,0,32,57,0,89,6,51,112,0,169,58,0,58,227
07/14/2017,BFL,CA,AWP,WE,Combined TRACON& Tower with Radar,6,19,15,1,41,0,24,99,1,124,6,43,114,2,165,119,0,119,284
07/15/2017,BFL,CA,AWP,WE,Combined TRACON& Tower with Radar,6,8,7,0,21,0,16,43,0,59,6,24,50,0,80,46,0,46,126
07/16/2017,BFL,CA,AWP,WE,Combined TRACON& Tower with Radar,8,4,8,0,20,0,10,57,0,67,8,14,65,0,87,18,0,18,105
07/17/2017,BFL,CA,AWP,WE,Combined TRACON& Tower with Radar,6,20,21,0,47,0,28,87,0,115,6,48,108,0,162,32,0,32,194
07/18/2017,BFL,CA,AWP,WE,Combined TRACON& Tower with Radar,6,15,25,4,50,0,37,83,1,121,6,52,108,5,171,84,10,94,265
07/19/2017,BFL,CA,AWP,WE,Combined TRACON& Tower with Radar,6,27,14,0,47,0,29,80,0,109,6,56,94,0,156,74,0,74,230
07/20/2017,BFL,CA,AWP,WE,Combined TRACON& Tower with Radar,6,20,20,0,46,0,23,100,1,124,6,43,120,1,170,50,0,50,220
07/21/2017,BFL,CA,AWP,WE,Combined TRACON& Tower with Radar,6,20,26,4,56,0,31,124,0,155,6,51,150,4,211,96,0,96,307
07/22/2017,BFL,CA,AWP,WE,Combined TRACON& Tower with Radar,6,7,9,4,26,0,24,120,4,148,6,31,129,8,174,36,6,42,216
07/23/2017,BFL,CA,AWP,WE,Combined TRACON& Tower with Radar,7,12,17,0,36,0,21,112,1,134,7,33,129,1,170,22,0,22,192
07/24/2017,BFL,CA,AWP,WE,Combined TRACON& Tower with Radar,5,22,15,0,42,0,18,68,0,86,5,40,83,0,128,70,0,70,198
07/25/2017,BFL,CA,AWP,WE,Combined TRACON& Tower with Radar,6,24,21,0,51,0,22,67,0,89,6,46,88,0,140,40,0,40,180
07/26/2017,BFL,CA,AWP,WE,Combined TRACON& Tower with Radar,6,21,19,0,46,0,24,52,2,78,6,45,71,2,124,52,0,52,176
07/27/2017,BFL,CA,AWP,WE,Combined TRACON& Tower with Radar,6,14,17,0,37,0,20,78,0,98,6,34,95,0,135,51,0,51,186
07/28/2017,BFL,CA,AWP,WE,Combined TRACON& Tower with Radar,6,14,23,0,43,0,21,80,2,103,6,35,103,2,146,54,0,54,200
07/29/2017,BFL,CA,AWP,WE,Combined TRACON& Tower with Radar,6,15,9,0,30,0,5,55,0,60,6,20,64,0,90,26,0,26,116
07/30/2017,BFL,CA,AWP,WE,Combined TRACON& Tower with Radar,8,6,13,0,27,0,16,65,1,82,8,22,78,1,109,40,0,40,149
07/31/2017,BFL,CA,AWP,WE,Combined TRACON& Tower with Radar,6,14,18,0,38,0,26,79,0,105,6,40,97,0,143,32,0,32,175
08/01/2017,BFL,CA,AWP,WE,Combined TRACON& Tower with Radar,7,17,20,0,44,0,26,83,4,113,7,43,103,4,157,78,0,78,235
08/02/2017,BFL,CA,AWP,WE,Combined TRACON& Tower with Radar,3,9,8,0,20,0,14,59,0,73,3,23,67,0,93,58,0,58,151
08/03/2017,BFL,CA,AWP,WE,Combined TRACON& Tower with Radar,7,20,34,0,61,0,17,57,0,74,7,37,91,0,135,48,0,48,183
08/04/2017,BFL,CA,AWP,WE,Combined TRACON& Tower with Radar,6,28,31,0,65,0,19,90,0,109,6,47,121,0,174,64,0,64,238
08/05/2017,BFL,CA,AWP,WE,Combined TRACON& Tower with Radar,6,7,8,0,21,0,15,76,4,95,6,22,84,4,116,12,0,12,128
08/06/2017,BFL,CA,AWP,WE,Combined TRACON& Tower with Radar,9,9,15,0,33,0,11,61,2,74,9,20,76,2,107,30,0,30,137
08/07/2017,BFL,CA,AWP,WE,Combined TRACON& Tower with Radar,7,27,16,0,50,0,13,88,0,101,7,40,104,0,151,40,0,40,191
08/08/2017,BFL,CA,AWP,WE,Combined TRACON& Tower with Radar,7,14,12,0,33,0,17,73,0,90,7,31,85,0,123,72,0,72,195
08/09/2017,BFL,CA,AWP,WE,Combined TRACON& Tower with Radar,6,19,19,0,44,0,16,88,0,104,6,35,107,0,148,50,0,50,198
08/10/2017,BFL,CA,AWP,WE,Combined TRACON& Tower with Radar,7,20,13,0,40,0,22,82,0,104,7,42,95,0,144,18,0,18,162
08/11/2017,BFL,CA,AWP,WE,Combined TRACON& Tower with Radar,5,16,29,2,52,1,26,101,13,141,6,42,130,15,193,44,0,44,237
08/12/2017,BFL,CA,AWP,WE,Combined TRACON& Tower with Radar,6,7,20,0,33,0,16,49,0,65,6,23,69,0,98,16,0,16,114
08/13/2017,BFL,CA,AWP,WE,Combined TRACON& Tower with Radar,9,5,12,0,26,0,5,60,0,65,9,10,72,0,91,18,0,18,109
08/14/2017,BFL,CA,AWP,WE,Combined TRACON& Tower with Radar,7,17,32,0,56,0,17,66,0,83,7,34,98,0,139,24,0,24,163
08/15/2017,BFL,CA,AWP,WE,Combined TRACON& Tower with Radar,8,18,22,0,48,0,50,84,0,134,8,68,106,0,182,71,0,71,253
08/16/2017,BFL,CA,AWP,WE,Combined TRACON& Tower with Radar,7,18,25,0,50,0,43,82,0,125,7,61,107,0,175,54,0,54,229
08/17/2017,BFL,CA,AWP,WE,Combined TRACON& Tower with Radar,7,17,19,0,43,0,28,65,2,95,7,45,84,2,138,52,0,52,190
08/18/2017,BFL,CA,AWP,WE,Combined TRACON& Tower with Radar,6,17,20,0,43,0,21,58,0,79,6,38,78,0,122,30,0,30,152
08/19/2017,BFL,CA,AWP,WE,Combined TRACON& Tower with Radar,6,7,14,0,27,0,4,82,0,86,6,11,96,0,113,22,0,22,135
08/20/2017,BFL,CA,AWP,WE,Combined TRACON& Tower with Radar,7,8,25,0,40,0,6,67,0,73,7,14,92,0,113,6,0,6,119
08/21/2017,BFL,CA,AWP,WE,Combined TRACON& Tower with Radar,5,9,36,0,50,0,21,67,2,90,5,30,103,2,140,12,0,12,152
08/22/2017,BFL,CA,AWP,WE,Combined TRACON& Tower with Radar,5,15,19,0,39,0,29,60,5,94,5,44,79,5,133,40,0,40,173
08/23/2017,BFL,CA,AWP,WE,Combined TRACON& Tower with Radar,7,18,28,0,53,0,31,67,1,99,7,49,95,1,152,46,0,46,198
08/24/2017,BFL,CA,AWP,WE,Combined TRACON& Tower with Radar,7,23,35,0,65,0,44,73,1,118,7,67,108,1,183,38,0,38,221
08/25/2017,BFL,CA,AWP,WE,Combined TRACON& Tower with Radar,6,15,24,4,49,0,37,78,1,116,6,52,102,5,165,30,0,30,195
08/26/2017,BFL,CA,AWP,WE,Combined TRACON& Tower with Radar,4,9,12,0,25,0,10,75,2,87,4,19,87,2,112,16,0,16,128
08/27/2017,BFL,CA,AWP,WE,Combined TRACON& Tower with Radar,7,7,13,0,27,0,10,61,0,71,7,17,74,0,98,6,0,6,104
08/28/2017,BFL,CA,AWP,WE,Combined TRACON& Tower with Radar,7,11,16,0,34,0,23,48,0,71,7,34,64,0,105,22,0,22,127
08/29/2017,BFL,CA,AWP,WE,Combined TRACON& Tower with Radar,5,26,24,0,55,0,35,68,0,103,5,61,92,0,158,34,0,34,192
08/30/2017,BFL,CA,AWP,WE,Combined TRACON& Tower with Radar,7,20,26,2,55,0,27,82,0,109,7,47,108,2,164,22,0,22,186
08/31/2017,BFL,CA,AWP,WE,Combined TRACON& Tower with Radar,7,20,18,0,45,0,37,57,3,97,7,57,75,3,142,26,0,26,168
09/01/2017,BFL,CA,AWP,WE,Combined TRACON& Tower with Radar,6,16,40,0,62,0,15,72,0,87,6,31,112,0,149,24,0,24,173
09/02/2017,BFL,CA,AWP,WE,Combined TRACON& Tower with Radar,4,9,12,0,25,0,17,66,0,83,4,26,78,0,108,46,0,46,154
09/03/2017,BFL,CA,AWP,WE,Combined TRACON& Tower with Radar,6,6,6,0,18,0,8,24,0,32,6,14,30,0,50,6,0,6,56
09/04/2017,BFL,CA,AWP,WE,Combined TRACON& Tower with Radar,7,6,29,0,42,0,11,66,0,77,7,17,95,0,119,8,0,8,127
09/05/2017,BFL,CA,AWP,WE,Combined TRACON& Tower with Radar,6,12,24,0,42,0,28,64,0,92,6,40,88,0,134,74,0,74,208
09/06/2017,BFL,CA,AWP,WE,Combined TRACON& Tower with Radar,5,29,18,0,52,3,41,48,0,92,8,70,66,0,144,52,0,52,196
09/07/2017,BFL,CA,AWP,WE,Combined TRACON& Tower with Radar,6,24,20,0,50,0,42,75,0,117,6,66,95,0,167,34,0,34,201
09/08/2017,BFL,CA,AWP,WE,Combined TRACON& Tower with Radar,6,21,10,0,37,0,55,80,0,135,6,76,90,0,172,54,0,54,226
09/09/2017,BFL,CA,AWP,WE,Combined TRACON& Tower with Radar,6,7,9,0,22,0,6,45,1,52,6,13,54,1,74,8,0,8,82
09/10/2017,BFL,CA,AWP,WE,Combined TRACON& Tower with Radar,8,3,12,0,23,0,21,61,0,82,8,24,73,0,105,26,0,26,131
09/11/2017,BFL,CA,AWP,WE,Combined TRACON& Tower with Radar,6,14,9,0,29,0,36,36,4,76,6,50,45,4,105,12,0,12,117
09/12/2017,BFL,CA,AWP,WE,Combined TRACON& Tower with Radar,4,16,18,3,41,0,38,73,4,115,4,54,91,7,156,26,0,26,182
09/13/2017,BFL,CA,AWP,WE,Combined TRACON& Tower with Radar,6,20,33,1,60,0,36,79,3,118,6,56,112,4,178,62,0,62,240
09/14/2017,BFL,CA,AWP,WE,Combined TRACON& Tower with Radar,6,25,25,0,56,0,37,92,4,133,6,62,117,4,189,64,0,64,253
09/15/2017,BFL,CA,AWP,WE,Combined TRACON& Tower with Radar,6,18,25,0,49,0,15,81,2,98,6,33,106,2,147,166,0,166,313
09/16/2017,BFL,CA,AWP,WE,Combined TRACON& Tower with Radar,6,8,7,2,23,0,10,39,0,49,6,18,46,2,72,60,0,60,132
09/17/2017,BFL,CA,AWP,WE,Combined TRACON& Tower with Radar,8,3,18,0,29,0,8,72,0,80,8,11,90,0,109,42,0,42,151
09/18/2017,BFL,CA,AWP,WE,Combined TRACON& Tower with Radar,6,16,21,0,43,0,30,98,2,130,6,46,119,2,173,112,0,112,285
09/19/2017,BFL,CA,AWP,WE,Combined TRACON& Tower with Radar,4,20,28,0,52,0,22,73,0,95,4,42,101,0,147,107,0,107,254
09/20/2017,BFL,CA,AWP,WE,Combined TRACON& Tower with Radar,6,29,24,0,59,0,27,67,0,94,6,56,91,0,153,128,0,128,281
09/21/2017,BFL,CA,AWP,WE,Combined TRACON& Tower with Radar,6,32,32,0,70,0,11,49,0,60,6,43,81,0,130,56,0,56,186
09/22/2017,BFL,CA,AWP,WE,Combined TRACON& Tower with Radar,6,16,25,0,47,0,17,70,0,87,6,33,95,0,134,86,0,86,220
09/23/2017,BFL,CA,AWP,WE,Combined TRACON& Tower with Radar,6,7,17,0,30,0,12,61,0,73,6,19,78,0,103,56,0,56,159
09/24/2017,BFL,CA,AWP,WE,Combined TRACON& Tower with Radar,7,3,16,0,26,0,8,68,0,76,7,11,84,0,102,40,0,40,142
09/25/2017,BFL,CA,AWP,WE,Combined TRACON& Tower with Radar,6,18,15,0,39,0,34,62,0,96,6,52,77,0,135,52,0,52,187
09/26/2017,BFL,CA,AWP,WE,Combined TRACON& Tower with Radar,4,27,15,2,48,0,47,61,2,110,4,74,76,4,158,120,0,120,278
09/27/2017,BFL,CA,AWP,WE,Combined TRACON& Tower with Radar,6,19,24,0,49,0,38,88,0,126,6,57,112,0,175,186,0,186,361
09/28/2017,BFL,CA,AWP,WE,Combined TRACON& Tower with Radar,6,27,21,0,54,0,34,91,1,126,6,61,112,1,180,158,0,158,338
09/29/2017,BFL,CA,AWP,WE,Combined TRACON& Tower with Radar,6,18,19,4,47,0,29,84,0,113,6,47,103,4,160,94,6,100,260
09/30/2017,BFL,CA,AWP,WE,Combined TRACON& Tower with Radar,5,9,4,0,18,0,10,50,2,62,5,19,54,2,80,28,0,28,108
10/01/2017,BFL,CA,AWP,WE,Combined TRACON& Tower with Radar,8,9,11,0,28,0,7,45,0,52,8,16,56,0,80,18,0,18,98
10/02/2017,BFL,CA,AWP,WE,Combined TRACON& Tower with Radar,6,14,20,1,41,0,29,63,0,92,6,43,83,1,133,104,0,104,237
10/03/2017,BFL,CA,AWP,WE,Combined TRACON& Tower with Radar,4,19,34,0,57,0,17,50,2,69,4,36,84,2,126,28,0,28,154
10/04/2017,BFL,CA,AWP,WE,Combined TRACON& Tower with Radar,6,27,28,2,63,0,36,103,2,141,6,63,131,4,204,96,0,96,300
10/05/2017,BFL,CA,AWP,WE,Combined TRACON& Tower with Radar,8,18,17,0,43,0,61,83,5,149,8,79,100,5,192,78,0,78,270
10/06/2017,BFL,CA,AWP,WE,Combined TRACON& Tower with Radar,5,13,30,0,48,0,25,72,2,99,5,38,102,2,147,73,0,73,220
10/07/2017,BFL,CA,AWP,WE,Combined TRACON& Tower with Radar,8,7,9,0,24,0,21,58,0,79,8,28,67,0,103,32,0,32,135
10/08/2017,BFL,CA,AWP,WE,Combined TRACON& Tower with Radar,6,8,17,0,31,0,8,55,0,63,6,16,72,0,94,10,0,10,104
10/09/2017,BFL,CA,AWP,WE,Combined TRACON& Tower with Radar,6,18,28,1,53,0,14,43,0,57,6,32,71,1,110,24,0,24,134
10/10/2017,BFL,CA,AWP,WE,Combined TRACON& Tower with Radar,8,25,14,3,50,0,30,62,0,92,8,55,76,3,142,10,0,10,152
10/11/2017,BFL,CA,AWP,WE,Combined TRACON& Tower with Radar,6,20,19,0,45,0,41,75,0,116,6,61,94,0,161,68,0,68,229
10/12/2017,BFL,CA,AWP,WE,Combined TRACON& Tower with Radar,6,18,31,0,55,0,41,74,1,116,6,59,105,1,171,82,0,82,253
10/13/2017,BFL,CA,AWP,WE,Combined TRACON& Tower with Radar,7,15,17,2,41,0,20,83,0,103,7,35,100,2,144,44,0,44,188
10/14/2017,BFL,CA,AWP,WE,Combined TRACON& Tower with Radar,8,7,8,0,23,0,12,56,0,68,8,19,64,0,91,14,0,14,105
10/15/2017,BFL,CA,AWP,WE,Combined TRACON& Tower with Radar,6,6,14,0,26,0,16,76,0,92,6,22,90,0,118,46,0,46,164
10/16/2017,BFL,CA,AWP,WE,Combined TRACON& Tower with Radar,6,12,30,0,48,0,44,59,0,103,6,56,89,0,151,48,0,48,199
10/17/2017,BFL,CA,AWP,WE,Combined TRACON& Tower with Radar,6,21,25,0,52,0,36,71,0,107,6,57,96,0,159,46,0,46,205
10/18/2017,BFL,CA,AWP,WE,Combined TRACON& Tower with Radar,6,18,26,0,50,0,20,87,0,107,6,38,113,0,157,68,0,68,225
10/19/2017,BFL,CA,AWP,WE,Combined TRACON& Tower with Radar,6,23,36,0,65,0,47,74,0,121,6,70,110,0,186,82,0,82,268
10/20/2017,BFL,CA,AWP,WE,Combined TRACON& Tower with Radar,6,24,36,0,66,0,7,22,0,29,6,31,58,0,95,2,0,2,97
10/21/2017,BFL,CA,AWP,WE,Combined TRACON& Tower with Radar,6,9,11,0,26,0,14,61,0,75,6,23,72,0,101,54,0,54,155
10/22/2017,BFL,CA,AWP,WE,Combined TRACON& Tower with Radar,6,5,16,0,27,0,7,55,0,62,6,12,71,0,89,50,0,50,139
10/23/2017,BFL,CA,AWP,WE,Combined TRACON& Tower with Radar,6,14,11,0,31,0,40,58,0,98,6,54,69,0,129,64,0,64,193
10/24/2017,BFL,CA,AWP,WE,Combined TRACON& Tower with Radar,6,20,21,0,47,0,44,64,0,108,6,64,85,0,155,50,0,50,205
10/25/2017,BFL,CA,AWP,WE,Combined TRACON& Tower with Radar,6,22,19,0,47,0,51,67,0,118,6,73,86,0,165,24,0,24,189
10/26/2017,BFL,CA,AWP,WE,Combined TRACON& Tower with Radar,6,20,22,0,48,0,54,65,0,119,6,74,87,0,167,66,0,66,233
10/27/2017,BFL,CA,AWP,WE,Combined TRACON& Tower with Radar,6,25,21,0,52,2,35,78,0,115,8,60,99,0,167,42,0,42,209
10/28/2017,BFL,CA,AWP,WE,Combined TRACON& Tower with Radar,8,5,4,0,17,0,9,78,0,87,8,14,82,0,104,14,0,14,118
10/29/2017,BFL,CA,AWP,WE,Combined TRACON& Tower with Radar,9,3,25,0,37,0,2,55,0,57,9,5,80,0,94,0,0,0,94
10/30/2017,BFL,CA,AWP,WE,Combined TRACON& Tower with Radar,7,11,23,0,41,0,39,47,0,86,7,50,70,0,127,52,0,52,179
10/31/2017,BFL,CA,AWP,WE,Combined TRACON& Tower with Radar,5,25,26,0,56,0,28,26,0,54,5,53,52,0,110,14,6,20,130
11/01/2017,BFL,CA,AWP,WE,Combined TRACON& Tower with Radar,7,28,30,0,65,0,14,77,0,91,7,42,107,0,156,28,0,28,184
11/02/2017,BFL,CA,AWP,WE,Combined TRACON& Tower with Radar,8,24,48,0,80,0,15,34,2,51,8,39,82,2,131,30,0,30,161
11/03/2017,BFL,CA,AWP,WE,Combined TRACON& Tower with Radar,9,19,33,0,61,0,30,76,0,106,9,49,109,0,167,32,0,32,199
11/04/2017,BFL,CA,AWP,WE,Combined TRACON& Tower with Radar,8,6,6,2,22,0,6,54,9,69,8,12,60,11,91,32,0,32,123
11/05/2017,BFL,CA,AWP,WE,Combined TRACON& Tower with Radar,8,3,9,0,20,0,0,36,1,37,8,3,45,1,57,40,0,40,97
11/06/2017,BFL,CA,AWP,WE,Combined TRACON& Tower with Radar,10,9,18,0,37,0,26,54,0,80,10,35,72,0,117,78,0,78,195
11/07/2017,BFL,CA,AWP,WE,Combined TRACON& Tower with Radar,7,16,20,0,43,0,48,82,3,133,7,64,102,3,176,60,0,60,236
11/08/2017,BFL,CA,AWP,WE,Combined TRACON& Tower with Radar,9,32,21,2,64,0,28,69,0,97,9,60,90,2,161,48,0,48,209
11/09/2017,BFL,CA,AWP,WE,Combined TRACON& Tower with Radar,9,17,27,0,53,0,39,76,0,115,9,56,103,0,168,56,0,56,224
11/10/2017,BFL,CA,AWP,WE,Combined TRACON& Tower with Radar,9,13,33,0,55,0,4,62,0,66,9,17,95,0,121,12,0,12,133
11/11/2017,BFL,CA,AWP,WE,Combined TRACON& Tower with Radar,7,8,20,0,35,0,5,44,0,49,7,13,64,0,84,16,0,16,100
11/12/2017,BFL,CA,AWP,WE,Combined TRACON& Tower with Radar,9,3,22,0,34,0,7,37,0,44,9,10,59,0,78,30,0,30,108
11/13/2017,BFL,CA,AWP,WE,Combined TRACON& Tower with Radar,9,14,24,0,47,0,27,58,1,86,9,41,82,1,133,38,0,38,171
11/14/2017,BFL,CA,AWP,WE,Combined TRACON& Tower with Radar,7,20,23,3,53,0,43,58,28,129,7,63,81,31,182,120,14,134,316
11/15/2017,BFL,CA,AWP,WE,Combined TRACON& Tower with Radar,9,14,15,0,38,0,34,68,1,103,9,48,83,1,141,36,0,36,177
11/16/2017,BFL,CA,AWP,WE,Combined TRACON& Tower with Radar,6,10,26,4,46,0,20,54,1,75,6,30,80,5,121,94,0,94,215
11/17/2017,BFL,CA,AWP,WE,Combined TRACON& Tower with Radar,10,28,67,0,105,0,13,15,2,30,10,41,82,2,135,60,0,60,195
11/18/2017,BFL,CA,AWP,WE,Combined TRACON& Tower with Radar,7,6,18,0,31,0,11,40,0,51,7,17,58,0,82,40,0,40,122
11/19/2017,BFL,CA,AWP,WE,Combined TRACON& Tower with Radar,9,4,16,0,29,0,0,53,0,53,9,4,69,0,82,38,0,38,120
11/20/2017,BFL,CA,AWP,WE,Combined TRACON& Tower with Radar,9,14,14,2,39,0,32,67,0,99,9,46,81,2,138,62,0,62,200
11/21/2017,BFL,CA,AWP,WE,Combined TRACON& Tower with Radar,9,20,22,0,51,0,34,74,4,112,9,54,96,4,163,78,0,78,241
11/22/2017,BFL,CA,AWP,WE,Combined TRACON& Tower with Radar,9,21,16,0,46,0,6,78,2,86,9,27,94,2,132,40,0,40,172
11/23/2017,BFL,CA,AWP,WE,Combined TRACON& Tower with Radar,2,2,4,0,8,0,0,15,0,15,2,2,19,0,23,26,0,26,49
11/24/2017,BFL,CA,AWP,WE,Combined TRACON& Tower with Radar,2,15,10,0,27,0,4,43,0,47,2,19,53,0,74,10,0,10,84
11/25/2017,BFL,CA,AWP,WE,Combined TRACON& Tower with Radar,12,9,17,0,38,0,6,64,1,71,12,15,81,1,109,16,0,16,125
11/26/2017,BFL,CA,AWP,WE,Combined TRACON& Tower with Radar,10,7,14,0,31,0,1,49,0,50,10,8,63,0,81,2,0,2,83
11/27/2017,BFL,CA,AWP,WE,Combined TRACON& Tower with Radar,9,10,33,0,52,0,21,36,2,59,9,31,69,2,111,46,0,46,157
11/28/2017,BFL,CA,AWP,WE,Combined TRACON& Tower with Radar,5,23,30,2,60,0,42,69,0,111,5,65,99,2,171,90,0,90,261
11/29/2017,BFL,CA,AWP,WE,Combined TRACON& Tower with Radar,6,29,18,0,53,0,29,81,0,110,6,58,99,0,163,122,0,122,285
11/30/2017,BFL,CA,AWP,WE,Combined TRACON& Tower with Radar,6,19,23,0,48,0,33,60,4,97,6,52,83,4,145,94,0,94,239
12/01/2017,BFL,CA,AWP,WE,Combined TRACON& Tower with Radar,4,18,25,0,47,0,19,89,9,117,4,37,114,9,164,44,0,44,208
12/02/2017,BFL,CA,AWP,WE,Combined TRACON& Tower with Radar,6,9,12,2,29,0,6,68,10,84,6,15,80,12,113,38,0,38,151
12/03/2017,BFL,CA,AWP,WE,Combined TRACON& Tower with Radar,6,9,32,0,47,0,3,23,0,26,6,12,55,0,73,18,0,18,91
12/04/2017,BFL,CA,AWP,WE,Combined TRACON& Tower with Radar,6,12,14,0,32,0,31,78,2,111,6,43,92,2,143,52,0,52,195
12/05/2017,BFL,CA,AWP,WE,Combined TRACON& Tower with Radar,4,14,26,0,44,0,42,108,3,153,4,56,134,3,197,70,0,70,267
12/06/2017,BFL,CA,AWP,WE,Combined TRACON& Tower with Radar,6,23,32,0,61,0,33,105,0,138,6,56,137,0,199,56,0,56,255
12/07/2017,BFL,CA,AWP,WE,Combined TRACON& Tower with Radar,8,13,41,0,62,0,31,85,1,117,8,44,126,1,179,90,2,92,271
12/08/2017,BFL,CA,AWP,WE,Combined TRACON& Tower with Radar,6,19,22,0,47,0,20,61,4,85,6,39,83,4,132,56,0,56,188
12/09/2017,BFL,CA,AWP,WE,Combined TRACON& Tower with Radar,5,7,24,0,36,0,11,99,1,111,5,18,123,1,147,24,0,24,171
12/10/2017,BFL,CA,AWP,WE,Combined TRACON& Tower with Radar,6,7,18,0,31,0,4,41,0,45,6,11,59,0,76,12,0,12,88
12/11/2017,BFL,CA,AWP,WE,Combined TRACON& Tower with Radar,6,16,20,0,42,0,19,43,0,62,6,35,63,0,104,32,0,32,136
12/12/2017,BFL,CA,AWP,WE,Combined TRACON& Tower with Radar,4,17,34,1,56,0,33,63,1,97,4,50,97,2,153,50,0,50,203
12/13/2017,BFL,CA,AWP,WE,Combined TRACON& Tower with Radar,6,25,44,0,75,0,24,69,5,98,6,49,113,5,173,38,0,38,211
12/14/2017,BFL,CA,AWP,WE,Combined TRACON& Tower with Radar,6,17,23,0,46,0,13,74,3,90,6,30,97,3,136,60,0,60,196
12/15/2017,BFL,CA,AWP,WE,Combined TRACON& Tower with Radar,4,20,38,0,62,0,6,69,1,76,4,26,107,1,138,14,0,14,152
12/16/2017,BFL,CA,AWP,WE,Combined TRACON& Tower with Radar,4,16,25,0,45,0,10,43,2,55,4,26,68,2,100,14,0,14,114
12/17/2017,BFL,CA,AWP,WE,Combined TRACON& Tower with Radar,4,7,9,0,20,0,3,48,0,51,4,10,57,0,71,10,0,10,81
12/18/2017,BFL,CA,AWP,WE,Combined TRACON& Tower with Radar,4,16,17,0,37,0,21,83,0,104,4,37,100,0,141,88,0,88,229
12/19/2017,BFL,CA,AWP,WE,Combined TRACON& Tower with Radar,4,20,16,0,40,0,28,82,0,110,4,48,98,0,150,148,0,148,298
12/20/2017,BFL,CA,AWP,WE,Combined TRACON& Tower with Radar,4,27,20,0,51,0,13,47,0,60,4,40,67,0,111,8,0,8,119
12/21/2017,BFL,CA,AWP,WE,Combined TRACON& Tower with Radar,4,24,12,0,40,0,16,64,0,80,4,40,76,0,120,30,0,30,150
12/22/2017,BFL,CA,AWP,WE,Combined TRACON& Tower with Radar,4,16,15,0,35,0,9,75,6,90,4,25,90,6,125,40,0,40,165
12/23/2017,BFL,CA,AWP,WE,Combined TRACON& Tower with Radar,4,10,9,0,23,0,10,51,1,62,4,20,60,1,85,6,0,6,91
12/24/2017,BFL,CA,AWP,WE,Combined TRACON& Tower with Radar,2,7,8,0,17,0,1,20,0,21,2,8,28,0,38,2,0,2,40
12/25/2017,BFL,CA,AWP,WE,Combined TRACON& Tower with Radar,4,7,3,0,14,0,2,14,0,16,4,9,17,0,30,0,0,0,30
12/26/2017,BFL,CA,AWP,WE,Combined TRACON& Tower with Radar,5,12,19,0,36,0,18,44,0,62,5,30,63,0,98,34,0,34,132
12/27/2017,BFL,CA,AWP,WE,Combined TRACON& Tower with Radar,4,15,12,0,31,0,13,58,1,72,4,28,70,1,103,32,0,32,135
12/28/2017,BFL,CA,AWP,WE,Combined TRACON& Tower with Radar,4,17,12,0,33,1,17,39,0,57,5,34,51,0,90,10,0,10,100
12/29/2017,BFL,CA,AWP,WE,Combined TRACON& Tower with Radar,4,15,30,2,51,0,4,50,2,56,4,19,80,4,107,12,0,12,119
12/30/2017,BFL,CA,AWP,WE,Combined TRACON& Tower with Radar,4,10,14,0,28,0,1,32,0,33,4,11,46,0,61,4,0,4,65
12/31/2017,BFL,CA,AWP,WE,Combined TRACON& Tower with Radar,4,7,8,0,19,0,5,21,0,26,4,12,29,0,45,14,0,14,59
01/01/2018,BFL,CA,AWP,WE,Combined TRACON& Tower with Radar,4,7,16,0,27,0,0,9,1,10,4,7,25,1,37,0,0,0,37
01/02/2018,BFL,CA,AWP,WE,Combined TRACON& Tower with Radar,4,11,41,0,56,0,0,10,0,10,4,11,51,0,66,0,0,0,66
01/03/2018,BFL,CA,AWP,WE,Combined TRACON& Tower with Radar,4,24,33,0,61,0,3,18,0,21,4,27,51,0,82,0,0,0,82
01/04/2018,BFL,CA,AWP,WE,Combined TRACON& Tower with Radar,4,21,43,1,69,0,5,19,0,24,4,26,62,1,93,0,0,0,93
01/05/2018,BFL,CA,AWP,WE,Combined TRACON& Tower with Radar,4,18,34,2,58,0,10,69,0,79,4,28,103,2,137,30,0,30,167
01/06/2018,BFL,CA,AWP,WE,Combined TRACON& Tower with Radar,3,11,19,0,33,0,6,22,0,28,3,17,41,0,61,20,0,20,81
01/07/2018,BFL,CA,AWP,WE,Combined TRACON& Tower with Radar,4,6,17,0,27,0,3,33,0,36,4,9,50,0,63,30,0,30,93
01/08/2018,BFL,CA,AWP,WE,Combined TRACON& Tower with Radar,8,10,25,0,43,0,9,6,0,15,8,19,31,0,58,0,0,0,58
01/09/2018,BFL,CA,AWP,WE,Combined TRACON& Tower with Radar,7,21,19,0,47,0,14,19,0,33,7,35,38,0,80,70,0,70,150
01/10/2018,BFL,CA,AWP,WE,Combined TRACON& Tower with Radar,8,35,52,4,99,0,3,9,0,12,8,38,61,4,111,16,0,16,127
01/11/2018,BFL,CA,AWP,WE,Combined TRACON& Tower with Radar,6,20,31,0,57,0,20,68,0,88,6,40,99,0,145,82,0,82,227
01/12/2018,BFL,CA,AWP,WE,Combined TRACON& Tower with Radar,8,19,48,0,75,0,11,33,0,44,8,30,81,0,119,52,0,52,171
01/13/2018,BFL,CA,AWP,WE,Combined TRACON& Tower with Radar,9,6,33,3,51,0,0,0,0,0,9,6,33,3,51,0,0,0,51
01/14/2018,BFL,CA,AWP,WE,Combined TRACON& Tower with Radar,9,0,9,0,18,0,1,17,0,18,9,1,26,0,36,6,0,6,42
01/15/2018,BFL,CA,AWP,WE,Combined TRACON& Tower with Radar,9,6,40,0,55,0,5,33,0,38,9,11,73,0,93,34,0,34,127
01/16/2018,BFL,CA,AWP,WE,Combined TRACON& Tower with Radar,7,16,25,0,48,0,3,23,0,26,7,19,48,0,74,8,0,8,82
01/17/2018,BFL,CA,AWP,WE,Combined TRACON& Tower with Radar,10,21,48,8,87,0,0,1,0,1,10,21,49,8,88,0,0,0,88
01/18/2018,BFL,CA,AWP,WE,Combined TRACON& Tower with Radar,8,11,36,0,55,0,18,32,0,50,8,29,68,0,105,12,0,12,117
01/19/2018,BFL,CA,AWP,WE,Combined TRACON& Tower with Radar,7,20,64,0,91,0,3,7,1,11,7,23,71,1,102,0,0,0,102
01/20/2018,BFL,CA,AWP,WE,Combined TRACON& Tower with Radar,9,10,19,0,38,5,1,40,0,46,14,11,59,0,84,82,0,82,166
01/21/2018,BFL,CA,AWP,WE,Combined TRACON& Tower with Radar,10,4,22,0,36,0,10,62,0,72,10,14,84,0,108,24,0,24,132
01/22/2018,BFL,CA,AWP,WE,Combined TRACON& Tower with Radar,7,10,28,0,45,0,36,75,0,111,7,46,103,0,156,98,0,98,254
01/23/2018,BFL,CA,AWP,WE,Combined TRACON& Tower with Radar,9,17,36,1,63,0,34,86,0,120,9,51,122,1,183,16,0,16,199
01/24/2018,BFL,CA,AWP,WE,Combined TRACON& Tower with Radar,9,21,21,4,55,0,19,83,0,102,9,40,104,4,157,88,0,88,245
01/25/2018,BFL,CA,AWP,WE,Combined TRACON& Tower with Radar,9,20,26,0,55,0,28,45,0,73,9,48,71,0,128,70,0,70,198
01/26/2018,BFL,CA,AWP,WE,Combined TRACON& Tower with Radar,9,18,28,1,56,0,24,92,1,117,9,42,120,2,173,82,0,82,255
01/27/2018,BFL,CA,AWP,WE,Combined TRACON& Tower with Radar,11,6,22,0,39,0,10,78,0,88,11,16,100,0,127,62,0,62,189
01/28/2018,BFL,CA,AWP,WE,Combined TRACON& Tower with Radar,9,6,14,0,29,0,17,58,0,75,9,23,72,0,104,12,0,12,116
01/29/2018,BFL,CA,AWP,WE,Combined TRACON& Tower with Radar,9,7,29,0,45,0,35,73,0,108,9,42,102,0,153,78,0,78,231
01/30/2018,BFL,CA,AWP,WE,Combined TRACON& Tower with Radar,7,15,25,0,47,0,35,62,0,97,7,50,87,0,144,100,0,100,244
01/31/2018,BFL,CA,AWP,WE,Combined TRACON& Tower with Radar,9,25,34,2,70,0,43,88,0,131,9,68,122,2,201,54,0,54,255
02/01/2018,BFL,CA,AWP,WE,Combined TRACON& Tower with Radar,9,20,49,4,82,0,14,67,0,81,9,34,116,4,163,72,0,72,235
02/02/2018,BFL,CA,AWP,WE,Combined TRACON& Tower with Radar,9,16,26,0,51,0,15,74,0,89,9,31,100,0,140,22,0,22,162
02/03/2018,BFL,CA,AWP,WE,Combined TRACON& Tower with Radar,7,6,24,1,38,0,8,54,0,62,7,14,78,1,100,32,0,32,132
02/04/2018,BFL,CA,AWP,WE,Combined TRACON& Tower with Radar,9,3,18,0,30,0,8,60,0,68,9,11,78,0,98,26,0,26,124
02/05/2018,BFL,CA,AWP,WE,Combined TRACON& Tower with Radar,7,10,33,0,50,0,37,42,0,79,7,47,75,0,129,56,0,56,185
02/06/2018,BFL,CA,AWP,WE,Combined TRACON& Tower with Radar,7,21,21,0,49,0,31,45,2,78,7,52,66,2,127,62,0,62,189
02/07/2018,BFL,CA,AWP,WE,Combined TRACON& Tower with Radar,9,8,14,0,31,0,21,81,2,104,9,29,95,2,135,62,4,66,201
02/08/2018,BFL,CA,AWP,WE,Combined TRACON& Tower with Radar,8,23,29,0,60,0,57,105,0,162,8,80,134,0,222,34,0,34,256
02/09/2018,BFL,CA,AWP,WE,Combined TRACON& Tower with Radar,10,16,22,0,48,0,46,103,0,149,10,62,125,0,197,38,0,38,235
02/10/2018,BFL,CA,AWP,WE,Combined TRACON& Tower with Radar,11,8,25,1,45,0,9,62,2,73,11,17,87,3,118,34,0,34,152
02/11/2018,BFL,CA,AWP,WE,Combined TRACON& Tower with Radar,9,7,19,0,35,0,10,53,1,64,9,17,72,1,99,18,0,18,117
02/12/2018,BFL,CA,AWP,WE,Combined TRACON& Tower with Radar,9,9,30,2,50,0,27,54,14,95,9,36,84,16,145,46,0,46,191
02/13/2018,BFL,CA,AWP,WE,Combined TRACON& Tower with Radar,7,28,37,0,72,0,35,55,0,90,7,63,92,0,162,38,0,38,200
02/14/2018,BFL,CA,AWP,WE,Combined TRACON& Tower with Radar,7,20,37,0,64,0,38,61,0,99,7,58,98,0,163,50,0,50,213
02/15/2018,BFL,CA,AWP,WE,Combined TRACON& Tower with Radar,7,16,18,2,43,0,30,94,0,124,7,46,112,2,167,84,0,84,251
02/16/2018,BFL,CA,AWP,WE,Combined TRACON& Tower with Radar,10,15,34,0,59,0,30,101,0,131,10,45,135,0,190,92,0,92,282
02/17/2018,BFL,CA,AWP,WE,Combined TRACON& Tower with Radar,6,4,26,0,36,0,22,71,0,93,6,26,97,0,129,30,0,30,159
02/18/2018,BFL,CA,AWP,WE,Combined TRACON& Tower with Radar,7,8,38,0,53,0,6,48,0,54,7,14,86,0,107,6,0,6,113
02/19/2018,BFL,CA,AWP,WE,Combined TRACON& Tower with Radar,8,9,27,0,44,0,5,37,0,42,8,14,64,0,86,6,0,6,92
02/20/2018,BFL,CA,AWP,WE,Combined TRACON& Tower with Radar,9,14,21,0,44,0,30,77,0,107,9,44,98,0,151,76,0,76,227
02/21/2018,BFL,CA,AWP,WE,Combined TRACON& Tower with Radar,9,14,19,0,42,0,32,84,2,118,9,46,103,2,160,100,0,100,260
02/22/2018,BFL,CA,AWP,WE,Combined TRACON& Tower with Radar,10,13,22,0,45,0,27,46,1,74,10,40,68,1,119,64,0,64,183
02/23/2018,BFL,CA,AWP,WE,Combined TRACON& Tower with Radar,7,16,38,0,61,0,14,49,0,63,7,30,87,0,124,44,0,44,168
02/24/2018,BFL,CA,AWP,WE,Combined TRACON& Tower with Radar,5,9,17,0,31,0,19,81,0,100,5,28,98,0,131,40,0,40,171
02/25/2018,BFL,CA,AWP,WE,Combined TRACON& Tower with Radar,6,7,11,5,29,0,17,55,3,75,6,24,66,8,104,4,0,4,108
02/26/2018,BFL,CA,AWP,WE,Combined TRACON& Tower with Radar,11,13,29,0,53,0,15,65,1,81,11,28,94,1,134,80,0,80,214
02/27/2018,BFL,CA,AWP,WE,Combined TRACON& Tower with Radar,8,17,25,0,50,0,8,38,0,46,8,25,63,0,96,30,0,30,126
02/28/2018,BFL,CA,AWP,WE,Combined TRACON& Tower with Radar,9,15,25,0,49,0,26,88,0,114,9,41,113,0,163,50,0,50,213
03/01/2018,BFL,CA,AWP,WE,Combined TRACON& Tower with Radar,8,19,35,0,62,0,30,34,0,64,8,49,69,0,126,28,0,28,154
03/02/2018,BFL,CA,AWP,WE,Combined TRACON& Tower with Radar,11,19,32,2,64,0,3,20,0,23,11,22,52,2,87,2,0,2,89
03/03/2018,BFL,CA,AWP,WE,Combined TRACON& Tower with Radar,6,9,15,0,30,0,0,7,0,7,6,9,22,0,37,8,0,8,45
03/04/2018,BFL,CA,AWP,WE,Combined TRACON& Tower with Radar,10,1,24,2,37,0,0,33,0,33,10,1,57,2,70,6,0,6,76
03/05/2018,BFL,CA,AWP,WE,Combined TRACON& Tower with Radar,10,10,8,0,28,0,23,83,0,106,10,33,91,0,134,44,0,44,178
03/06/2018,BFL,CA,AWP,WE,Combined TRACON& Tower with Radar,10,26,19,0,55,0,45,66,0,111,10,71,85,0,166,56,0,56,222
03/07/2018,BFL,CA,AWP,WE,Combined TRACON& Tower with Radar,9,23,27,1,60,0,29,90,19,138,9,52,117,20,198,30,0,30,228
03/08/2018,BFL,CA,AWP,WE,Combined TRACON& Tower with Radar,8,15,22,0,45,0,30,103,0,133,8,45,125,0,178,44,0,44,222
03/09/2018,BFL,CA,AWP,WE,Combined TRACON& Tower with Radar,9,13,23,0,45,0,6,94,0,100,9,19,117,0,145,44,0,44,189
03/10/2018,BFL,CA,AWP,WE,Combined TRACON& Tower with Radar,4,9,29,2,44,0,0,36,0,36,4,9,65,2,80,18,0,18,98
03/11/2018,BFL,CA,AWP,WE,Combined TRACON& Tower with Radar,6,13,33,2,54,0,2,16,2,20,6,15,49,4,74,42,0,42,116
03/12/2018,BFL,CA,AWP,WE,Combined TRACON& Tower with Radar,6,19,35,0,60,0,24,75,1,100,6,43,110,1,160,28,0,28,188
03/13/2018,BFL,CA,AWP,WE,Combined TRACON& Tower with Radar,6,28,11,1,46,0,21,16,2,39,6,49,27,3,85,22,0,22,107
03/14/2018,BFL,CA,AWP,WE,Combined TRACON& Tower with Radar,12,31,29,0,72,0,11,29,2,42,12,42,58,2,114,70,0,70,184
03/15/2018,BFL,CA,AWP,WE,Combined TRACON& Tower with Radar,6,24,37,3,70,2,24,48,10,84,8,48,85,13,154,84,0,84,238
03/16/2018,BFL,CA,AWP,WE,Combined TRACON& Tower with Radar,9,19,37,5,70,0,18,39,0,57,9,37,76,5,127,20,22,42,169
03/17/2018,BFL,CA,AWP,WE,Combined TRACON& Tower with Radar,4,13,29,10,56,0,6,34,3,43,4,19,63,13,99,18,2,20,119
03/18/2018,BFL,CA,AWP,WE,Combined TRACON& Tower with Radar,6,9,34,0,49,0,8,52,2,62,6,17,86,2,111,70,0,70,181
03/19/2018,BFL,CA,AWP,WE,Combined TRACON& Tower with Radar,6,12,27,3,48,0,18,84,3,105,6,30,111,6,153,32,0,32,185
03/20/2018,BFL,CA,AWP,WE,Combined TRACON& Tower with Radar,6,19,39,4,68,0,20,40,4,64,6,39,79,8,132,28,0,28,160
03/21/2018,BFL,CA,AWP,WE,Combined TRACON& Tower with Radar,6,33,34,0,73,0,0,7,0,7,6,33,41,0,80,6,0,6,86
03/22/2018,BFL,CA,AWP,WE,Combined TRACON& Tower with Radar,6,22,22,0,50,0,19,22,6,47,6,41,44,6,97,62,3,65,162
03/23/2018,BFL,CA,AWP,WE,Combined TRACON& Tower with Radar,6,22,48,4,80,0,11,76,3,90,6,33,124,7,170,28,3,31,201
03/24/2018,BFL,CA,AWP,WE,Combined TRACON& Tower with Radar,4,13,29,0,46,0,10,57,2,69,4,23,86,2,115,62,0,62,177
03/25/2018,BFL,CA,AWP,WE,Combined TRACON& Tower with Radar,6,7,21,0,34,0,5,39,0,44,6,12,60,0,78,12,0,12,90
03/26/2018,BFL,CA,AWP,WE,Combined TRACON& Tower with Radar,6,15,21,0,42,0,19,66,0,85,6,34,87,0,127,42,0,42,169
03/27/2018,BFL,CA,AWP,WE,Combined TRACON& Tower with Radar,6,22,29,0,57,0,35,110,0,145,6,57,139,0,202,44,0,44,246
03/28/2018,BFL,CA,AWP,WE,Combined TRACON& Tower with Radar,6,21,30,1,58,0,32,92,2,126,6,53,122,3,184,56,0,56,240
03/29/2018,BFL,CA,AWP,WE,Combined TRACON& Tower with Radar,8,25,25,2,60,0,31,97,1,129,8,56,122,3,189,46,0,46,235
03/30/2018,BFL,CA,AWP,WE,Combined TRACON& Tower with Radar,6,20,14,0,40,0,26,107,1,134,6,46,121,1,174,56,0,56,230
03/31/2018,BFL,CA,AWP,WE,Combined TRACON& Tower with Radar,4,10,11,0,25,0,6,81,0,87,4,16,92,0,112,15,0,15,127
04/01/2018,BFL,CA,AWP,WE,Combined TRACON& Tower with Radar,6,8,14,0,28,0,2,29,0,31,6,10,43,0,59,18,0,18,77
04/02/2018,BFL,CA,AWP,WE,Combined TRACON& Tower with Radar,6,14,21,0,41,0,12,57,0,69,6,26,78,0,110,44,0,44,154
04/03/2018,BFL,CA,AWP,WE,Combined TRACON& Tower with Radar,6,17,27,2,52,0,42,60,2,104,6,59,87,4,156,70,6,76,232
04/04/2018,BFL,CA,AWP,WE,Combined TRACON& Tower with Radar,5,27,27,0,59,0,30,76,0,106,5,57,103,0,165,98,0,98,263
04/05/2018,BFL,CA,AWP,WE,Combined TRACON& Tower with Radar,6,26,43,0,75,0,24,72,0,96,6,50,115,0,171,108,0,108,279
04/06/2018,BFL,CA,AWP,WE,Combined TRACON& Tower with Radar,6,17,35,0,58,0,23,36,0,59,6,40,71,0,117,40,0,40,157
04/07/2018,BFL,CA,AWP,WE,Combined TRACON& Tower with Radar,6,14,7,3,30,0,5,6,1,12,6,19,13,4,42,0,0,0,42
04/08/2018,BFL,CA,AWP,WE,Combined TRACON& Tower with Radar,6,6,17,0,29,0,1,44,0,45,6,7,61,0,74,12,0,12,86
04/09/2018,BFL,CA,AWP,WE,Combined TRACON& Tower with Radar,9,15,16,0,40,0,21,58,0,79,9,36,74,0,119,12,0,12,131
04/10/2018,BFL,CA,AWP,WE,Combined TRACON& Tower with Radar,11,15,17,0,43,0,32,62,5,99,11,47,79,5,142,38,0,38,180
04/11/2018,BFL,CA,AWP,WE,Combined TRACON& Tower with Radar,9,30,28,0,67,0,15,71,0,86,9,45,99,0,153,54,0,54,207
04/12/2018,BFL,CA,AWP,WE,Combined TRACON& Tower with Radar,9,20,27,0,56,0,14,47,2,63,9,34,74,2,119,28,0,28,147
04/13/2018,BFL,CA,AWP,WE,Combined TRACON& Tower with Radar,10,23,23,4,60,1,27,67,4,99,11,50,90,8,159,48,0,48,207
04/14/2018,BFL,CA,AWP,WE,Combined TRACON& Tower with Radar,11,8,5,0,24,0,16,68,0,84,11,24,73,0,108,28,0,28,136
04/15/2018,BFL,CA,AWP,WE,Combined TRACON& Tower with Radar,8,4,10,0,22,0,4,30,6,40,8,8,40,6,62,6,0,6,68
04/16/2018,BFL,CA,AWP,WE,Combined TRACON& Tower with Radar,9,12,36,0,57,0,8,15,0,23,9,20,51,0,80,30,0,30,110
04/17/2018,BFL,CA,AWP,WE,Combined TRACON& Tower with Radar,9,21,24,2,56,0,44,58,4,106,9,65,82,6,162,46,22,68,230
04/18/2018,BFL,CA,AWP,WE,Combined TRACON& Tower with Radar,9,22,28,0,59,0,28,67,1,96,9,50,95,1,155,32,0,32,187
04/19/2018,BFL,CA,AWP,WE,Combined TRACON& Tower with Radar,9,25,28,0,62,0,31,37,2,70,9,56,65,2,132,54,10,64,196
04/20/2018,BFL,CA,AWP,WE,Combined TRACON& Tower with Radar,9,19,20,0,48,0,33,108,0,141,9,52,128,0,189,68,0,68,257
04/21/2018,BFL,CA,AWP,WE,Combined TRACON& Tower with Radar,9,10,11,0,30,0,4,60,1,65,9,14,71,1,95,16,0,16,111
04/22/2018,BFL,CA,AWP,WE,Combined TRACON& Tower with Radar,8,9,9,0,26,0,4,62,0,66,8,13,71,0,92,12,0,12,104
04/23/2018,BFL,CA,AWP,WE,Combined TRACON& Tower with Radar,9,9,29,0,47,0,30,68,1,99,9,39,97,1,146,42,0,42,188
04/24/2018,BFL,CA,AWP,WE,Combined TRACON& Tower with Radar,10,20,34,0,64,0,52,78,1,131,10,72,112,1,195,68,0,68,263
04/25/2018,BFL,CA,AWP,WE,Combined TRACON& Tower with Radar,9,24,34,2,69,0,35,78,23,136,9,59,112,25,205,53,0,53,258
04/26/2018,BFL,CA,AWP,WE,Combined TRACON& Tower with Radar,9,17,33,0,59,0,25,86,0,111,9,42,119,0,170,32,0,32,202
04/27/2018,BFL,CA,AWP,WE,Combined TRACON& Tower with Radar,9,17,26,2,54,0,32,106,1,139,9,49,132,3,193,24,0,24,217
04/28/2018,BFL,CA,AWP,WE,Combined TRACON& Tower with Radar,10,16,12,0,38,0,7,57,0,64,10,23,69,0,102,10,0,10,112
04/29/2018,BFL,CA,AWP,WE,Combined TRACON& Tower with Radar,9,7,28,0,44,0,7,63,5,75,9,14,91,5,119,8,0,8,127
04/30/2018,BFL,CA,AWP,WE,Combined TRACON& Tower with Radar,9,15,27,4,55,0,18,65,0,83,9,33,92,4,138,36,0,36,174
05/01/2018,BFL,CA,AWP,WE,Combined TRACON& Tower with Radar,9,17,27,0,53,0,43,52,1,96,9,60,79,1,149,96,0,96,245
05/02/2018,BFL,CA,AWP,WE,Combined TRACON& Tower with Radar,9,20,30,2,61,0,32,81,4,117,9,52,111,6,178,88,0,88,266
05/03/2018,BFL,CA,AWP,WE,Combined TRACON& Tower with Radar,9,20,22,2,53,0,60,111,2,173,9,80,133,4,226,30,0,30,256
05/04/2018,BFL,CA,AWP,WE,Combined TRACON& Tower with Radar,9,18,32,0,59,0,25,80,2,107,9,43,112,2,166,44,0,44,210
05/05/2018,BFL,CA,AWP,WE,Combined TRACON& Tower with Radar,8,10,15,0,33,0,20,70,0,90,8,30,85,0,123,32,0,32,155
05/06/2018,BFL,CA,AWP,WE,Combined TRACON& Tower with Radar,12,8,29,0,49,0,2,55,2,59,12,10,84,2,108,16,0,16,124
05/07/2018,BFL,CA,AWP,WE,Combined TRACON& Tower with Radar,9,13,24,0,46,0,27,85,0,112,9,40,109,0,158,78,0,78,236
05/08/2018,BFL,CA,AWP,WE,Combined TRACON& Tower with Radar,9,25,39,0,73,0,32,75,3,110,9,57,114,3,183,52,20,72,255
05/09/2018,BFL,CA,AWP,WE,Combined TRACON& Tower with Radar,9,28,17,1,55,0,31,88,4,123,9,59,105,5,178,78,0,78,256
05/10/2018,BFL,CA,AWP,WE,Combined TRACON& Tower with Radar,9,18,27,0,54,0,47,91,1,139,9,65,118,1,193,62,0,62,255
05/11/2018,BFL,CA,AWP,WE,Combined TRACON& Tower with Radar,14,18,39,0,71,0,26,82,2,110,14,44,121,2,181,44,0,44,225
05/12/2018,BFL,CA,AWP,WE,Combined TRACON& Tower with Radar,7,10,22,0,39,0,17,64,0,81,7,27,86,0,120,20,0,20,140
05/13/2018,BFL,CA,AWP,WE,Combined TRACON& Tower with Radar,9,6,21,0,36,0,0,54,0,54,9,6,75,0,90,2,0,2,92
05/14/2018,BFL,CA,AWP,WE,Combined TRACON& Tower with Radar,9,15,22,0,46,0,21,71,0,92,9,36,93,0,138,50,0,50,188
05/15/2018,BFL,CA,AWP,WE,Combined TRACON& Tower with Radar,6,24,11,2,43,0,46,92,2,140,6,70,103,4,183,22,0,22,205
05/16/2018,BFL,CA,AWP,WE,Combined TRACON& Tower with Radar,9,25,35,0,69,0,37,86,0,123,9,62,121,0,192,68,0,68,260
05/17/2018,BFL,CA,AWP,WE,Combined TRACON& Tower with Radar,9,23,21,0,53,0,37,83,0,120,9,60,104,0,173,70,0,70,243
05/18/2018,BFL,CA,AWP,WE,Combined TRACON& Tower with Radar,8,11,28,0,47,0,21,113,1,135,8,32,141,1,182,84,0,84,266
05/19/2018,BFL,CA,AWP,WE,Combined TRACON& Tower with Radar,7,7,30,0,44,0,15,42,0,57,7,22,72,0,101,30,0,30,131
05/20/2018,BFL,CA,AWP,WE,Combined TRACON& Tower with Radar,9,5,17,0,31,0,6,65,0,71,9,11,82,0,102,34,0,34,136
05/21/2018,BFL,CA,AWP,WE,Combined TRACON& Tower with Radar,9,12,25,0,46,0,20,77,0,97,9,32,102,0,143,32,0,32,175
05/22/2018,BFL,CA,AWP,WE,Combined TRACON& Tower with Radar,9,16,33,4,62,0,29,82,0,111,9,45,115,4,173,26,0,26,199
05/23/2018,BFL,CA,AWP,WE,Combined TRACON& Tower with Radar,9,18,31,0,58,0,32,88,1,121,9,50,119,1,179,36,0,36,215
05/24/2018,BFL,CA,AWP,WE,Combined TRACON& Tower with Radar,9,20,35,0,64,0,32,83,0,115,9,52,118,0,179,30,0,30,209
05/25/2018,BFL,CA,AWP,WE,Combined TRACON& Tower with Radar,9,14,53,0,76,0,5,47,0,52,9,19,100,0,128,28,0,28,156
05/26/2018,BFL,CA,AWP,WE,Combined TRACON& Tower with Radar,6,10,38,0,54,0,6,29,0,35,6,16,67,0,89,18,0,18,107
05/27/2018,BFL,CA,AWP,WE,Combined TRACON& Tower with Radar,4,3,15,0,22,0,6,50,0,56,4,9,65,0,78,22,0,22,100
05/28/2018,BFL,CA,AWP,WE,Combined TRACON& Tower with Radar,7,6,21,0,34,0,8,67,0,75,7,14,88,0,109,14,0,14,123
05/29/2018,BFL,CA,AWP,WE,Combined TRACON& Tower with Radar,9,11,22,0,42,0,22,70,0,92,9,33,92,0,134,38,0,38,172
05/30/2018,BFL,CA,AWP,WE,Combined TRACON& Tower with Radar,9,22,45,0,76,2,32,93,0,127,11,54,138,0,203,50,0,50,253
05/31/2018,BFL,CA,AWP,WE,Combined TRACON& Tower with Radar,9,27,25,0,61,0,34,89,0,123,9,61,114,0,184,20,0,20,204
06/01/2018,BFL,CA,AWP,WE,Combined TRACON& Tower with Radar,9,13,32,0,54,0,22,106,0,128,9,35,138,0,182,32,0,32,214
06/02/2018,BFL,CA,AWP,WE,Combined TRACON& Tower with Radar,7,8,13,0,28,0,12,65,1,78,7,20,78,1,106,24,0,24,130
06/03/2018,BFL,CA,AWP,WE,Combined TRACON& Tower with Radar,8,6,14,0,28,0,2,78,0,80,8,8,92,0,108,50,0,50,158
06/04/2018,BFL,CA,AWP,WE,Combined TRACON& Tower with Radar,9,9,18,0,36,0,19,98,0,117,9,28,116,0,153,26,0,26,179
06/05/2018,BFL,CA,AWP,WE,Combined TRACON& Tower with Radar,9,18,17,0,44,0,34,71,1,106,9,52,88,1,150,84,0,84,234
06/06/2018,BFL,CA,AWP,WE,Combined TRACON& Tower with Radar,9,23,34,0,66,0,38,111,0,149,9,61,145,0,215,48,0,48,263
06/07/2018,BFL,CA,AWP,WE,Combined TRACON& Tower with Radar,8,19,13,0,40,0,31,80,0,111,8,50,93,0,151,60,0,60,211
06/08/2018,BFL,CA,AWP,WE,Combined TRACON& Tower with Radar,10,12,23,0,45,0,31,119,0,150,10,43,142,0,195,56,0,56,251
06/09/2018,BFL,CA,AWP,WE,Combined TRACON& Tower with Radar,9,6,17,2,34,0,7,48,2,57,9,13,65,4,91,28,0,28,119
06/10/2018,BFL,CA,AWP,WE,Combined TRACON& Tower with Radar,10,4,14,0,28,0,6,66,0,72,10,10,80,0,100,8,0,8,108
06/11/2018,BFL,CA,AWP,WE,Combined TRACON& Tower with Radar,10,9,15,0,34,0,23,99,0,122,10,32,114,0,156,76,0,76,232
06/12/2018,BFL,CA,AWP,WE,Combined TRACON& Tower with Radar,9,13,25,0,47,0,9,80,0,89,9,22,105,0,136,38,0,38,174
06/13/2018,BFL,CA,AWP,WE,Combined TRACON& Tower with Radar,5,14,2,0,21,0,2,83,0,85,5,16,85,0,106,14,0,14,120
06/14/2018,BFL,CA,AWP,WE,Combined TRACON& Tower with Radar,6,12,13,0,31,0,12,87,0,99,6,24,100,0,130,50,0,50,180
06/15/2018,BFL,CA,AWP,WE,Combined TRACON& Tower with Radar,8,13,18,0,39,12,1,80,0,93,20,14,98,0,132,8,0,8,140
06/16/2018,BFL,CA,AWP,WE,Combined TRACON& Tower with Radar,9,6,19,0,34,0,1,56,2,59,9,7,75,2,93,30,0,30,123
06/17/2018,BFL,CA,AWP,WE,Combined TRACON& Tower with Radar,10,3,35,0,48,0,3,31,0,34,10,6,66,0,82,18,0,18,100
06/18/2018,BFL,CA,AWP,WE,Combined TRACON& Tower with Radar,9,10,22,2,43,0,33,102,0,135,9,43,124,2,178,68,0,68,246
06/19/2018,BFL,CA,AWP,WE,Combined TRACON& Tower with Radar,8,21,19,0,48,0,42,95,0,137,8,63,114,0,185,78,0,78,263
06/20/2018,BFL,CA,AWP,WE,Combined TRACON& Tower with Radar,9,20,23,3,55,0,22,101,5,128,9,42,124,8,183,34,0,34,217
06/21/2018,BFL,CA,AWP,WE,Combined TRACON& Tower with Radar,10,22,17,0,49,0,28,103,0,131,10,50,120,0,180,28,0,28,208
06/22/2018,BFL,CA,AWP,WE,Combined TRACON& Tower with Radar,10,12,24,0,46,0,17,89,0,106,10,29,113,0,152,60,0,60,212
06/23/2018,BFL,CA,AWP,WE,Combined TRACON& Tower with Radar,9,12,17,2,40,1,6,57,2,66,10,18,74,4,106,24,0,24,130
06/24/2018,BFL,CA,AWP,WE,Combined TRACON& Tower with Radar,10,3,10,0,23,0,10,56,0,66,10,13,66,0,89,14,0,14,103
06/25/2018,BFL,CA,AWP,WE,Combined TRACON& Tower with Radar,10,13,14,0,37,0,19,66,1,86,10,32,80,1,123,42,0,42,165
06/26/2018,BFL,CA,AWP,WE,Combined TRACON& Tower with Radar,9,16,28,0,53,0,28,96,2,126,9,44,124,2,179,64,0,64,243
06/27/2018,BFL,CA,AWP,WE,Combined TRACON& Tower with Radar,9,22,17,0,48,0,24,81,4,109,9,46,98,4,157,48,0,48,205
06/28/2018,BFL,CA,AWP,WE,Combined TRACON& Tower with Radar,10,18,25,1,54,0,33,73,4,110,10,51,98,5,164,52,0,52,216
06/29/2018,BFL,CA,AWP,WE,Combined TRACON& Tower with Radar,7,17,38,0,62,0,25,99,1,125,7,42,137,1,187,58,0,58,245
06/30/2018,BFL,CA,AWP,WE,Combined TRACON& Tower with Radar,6,9,15,0,30,0,3,49,0,52,6,12,64,0,82,26,0,26,108
07/01/2018,BFL,CA,AWP,WE,Combined TRACON& Tower with Radar,8,6,17,0,31,0,3,58,0,61,8,9,75,0,92,18,0,18,110
07/02/2018,BFL,CA,AWP,WE,Combined TRACON& Tower with Radar,8,11,19,0,38,0,20,77,0,97,8,31,96,0,135,54,0,54,189
07/03/2018,BFL,CA,AWP,WE,Combined TRACON& Tower with Radar,7,21,27,0,55,0,40,73,4,117,7,61,100,4,172,78,0,78,250
07/04/2018,BFL,CA,AWP,WE,Combined TRACON& Tower with Radar,6,3,4,0,13,0,14,44,0,58,6,17,48,0,71,68,0,68,139
07/05/2018,BFL,CA,AWP,WE,Combined TRACON& Tower with Radar,6,14,17,0,37,0,19,68,0,87,6,33,85,0,124,16,0,16,140
07/06/2018,BFL,CA,AWP,WE,Combined TRACON& Tower with Radar,8,15,9,0,32,0,23,66,0,89,8,38,75,0,121,14,0,14,135
07/07/2018,BFL,CA,AWP,WE,Combined TRACON& Tower with Radar,8,6,7,0,21,0,28,54,0,82,8,34,61,0,103,36,0,36,139
07/08/2018,BFL,CA,AWP,WE,Combined TRACON& Tower with Radar,8,6,16,0,30,0,14,54,0,68,8,20,70,0,98,22,0,22,120
07/09/2018,BFL,CA,AWP,WE,Combined TRACON& Tower with Radar,7,9,24,0,40,0,31,89,4,124,7,40,113,4,164,84,8,92,256
07/10/2018,BFL,CA,AWP,WE,Combined TRACON& Tower with Radar,8,16,19,0,43,0,32,74,0,106,8,48,93,0,149,66,0,66,215
07/11/2018,BFL,CA,AWP,WE,Combined TRACON& Tower with Radar,7,24,21,0,52,0,32,80,3,115,7,56,101,3,167,40,0,40,207
07/12/2018,BFL,CA,AWP,WE,Combined TRACON& Tower with Radar,8,18,27,0,53,0,17,71,1,89,8,35,98,1,142,20,0,20,162
07/13/2018,BFL,CA,AWP,WE,Combined TRACON& Tower with Radar,8,19,14,0,41,0,30,102,0,132,8,49,116,0,173,64,0,64,237
07/14/2018,BFL,CA,AWP,WE,Combined TRACON& Tower with Radar,6,10,15,0,31,0,21,81,0,102,6,31,96,0,133,24,0,24,157
07/15/2018,BFL,CA,AWP,WE,Combined TRACON& Tower with Radar,8,8,10,0,26,0,14,63,2,79,8,22,73,2,105,8,0,8,113
07/16/2018,BFL,CA,AWP,WE,Combined TRACON& Tower with Radar,6,16,18,0,40,0,13,94,0,107,6,29,112,0,147,22,0,22,169
07/17/2018,BFL,CA,AWP,WE,Combined TRACON& Tower with Radar,8,17,9,0,34,0,40,66,0,106,8,57,75,0,140,30,0,30,170
07/18/2018,BFL,CA,AWP,WE,Combined TRACON& Tower with Radar,8,17,19,0,44,0,22,92,0,114,8,39,111,0,158,74,0,74,232
07/19/2018,BFL,CA,AWP,WE,Combined TRACON& Tower with Radar,8,17,27,0,52,0,47,64,0,111,8,64,91,0,163,40,0,40,203
07/20/2018,BFL,CA,AWP,WE,Combined TRACON& Tower with Radar,8,15,33,2,58,0,19,90,4,113,8,34,123,6,171,36,8,44,215
07/21/2018,BFL,CA,AWP,WE,Combined TRACON& Tower with Radar,6,8,19,2,35,0,4,88,1,93,6,12,107,3,128,24,0,24,152
07/22/2018,BFL,CA,AWP,WE,Combined TRACON& Tower with Radar,8,6,17,0,31,0,0,55,0,55,8,6,72,0,86,0,0,0,86
07/23/2018,BFL,CA,AWP,WE,Combined TRACON& Tower with Radar,8,8,18,0,34,0,12,71,0,83,8,20,89,0,117,16,0,16,133
07/24/2018,BFL,CA,AWP,WE,Combined TRACON& Tower with Radar,8,26,21,0,55,0,12,64,0,76,8,38,85,0,131,68,0,68,199
07/25/2018,BFL,CA,AWP,WE,Combined TRACON& Tower with Radar,8,19,23,0,50,0,35,89,0,124,8,54,112,0,174,54,0,54,228
07/26/2018,BFL,CA,AWP,WE,Combined TRACON& Tower with Radar,8,15,34,0,57,0,26,76,0,102,8,41,110,0,159,30,0,30,189
07/27/2018,BFL,CA,AWP,WE,Combined TRACON& Tower with Radar,8,18,27,0,53,0,16,121,0,137,8,34,148,0,190,40,0,40,230
07/28/2018,BFL,CA,AWP,WE,Combined TRACON& Tower with Radar,6,8,11,0,25,0,14,106,2,122,6,22,117,2,147,24,0,24,171
07/29/2018,BFL,CA,AWP,WE,Combined TRACON& Tower with Radar,8,5,12,0,25,0,4,87,0,91,8,9,99,0,116,2,0,2,118
07/30/2018,BFL,CA,AWP,WE,Combined TRACON& Tower with Radar,7,15,17,0,39,0,26,74,2,102,7,41,91,2,141,46,0,46,187
07/31/2018,BFL,CA,AWP,WE,Combined TRACON& Tower with Radar,10,17,23,1,51,0,16,85,2,103,10,33,108,3,154,48,0,48,202
08/01/2018,BFL,CA,AWP,WE,Combined TRACON& Tower with Radar,8,14,25,0,47,1,20,67,0,88,9,34,92,0,135,52,0,52,187
08/02/2018,BFL,CA,AWP,WE,Combined TRACON& Tower with Radar,7,19,24,0,50,0,10,73,2,85,7,29,97,2,135,48,0,48,183
08/03/2018,BFL,CA,AWP,WE,Combined TRACON& Tower with Radar,7,14,22,0,43,0,15,62,0,77,7,29,84,0,120,38,0,38,158
08/04/2018,BFL,CA,AWP,WE,Combined TRACON& Tower with Radar,8,9,14,0,31,0,7,38,0,45,8,16,52,0,76,2,0,2,78
08/05/2018,BFL,CA,AWP,WE,Combined TRACON& Tower with Radar,8,9,17,0,34,0,10,61,0,71,8,19,78,0,105,20,0,20,125
08/06/2018,BFL,CA,AWP,WE,Combined TRACON& Tower with Radar,8,10,18,0,36,0,18,75,0,93,8,28,93,0,129,66,0,66,195
08/07/2018,BFL,CA,AWP,WE,Combined TRACON& Tower with Radar,8,18,24,0,50,0,29,78,1,108,8,47,102,1,158,92,0,92,250
08/08/2018,BFL,CA,AWP,WE,Combined TRACON& Tower with Radar,7,24,24,0,55,0,17,95,0,112,7,41,119,0,167,58,0,58,225
08/09/2018,BFL,CA,AWP,WE,Combined TRACON& Tower with Radar,6,17,28,0,51,0,14,74,0,88,6,31,102,0,139,18,0,18,157
08/10/2018,BFL,CA,AWP,WE,Combined TRACON& Tower with Radar,8,13,28,0,49,0,9,76,3,88,8,22,104,3,137,42,0,42,179
08/11/2018,BFL,CA,AWP,WE,Combined TRACON& Tower with Radar,6,8,13,0,27,0,8,83,0,91,6,16,96,0,118,66,0,66,184
08/12/2018,BFL,CA,AWP,WE,Combined TRACON& Tower with Radar,8,5,15,0,28,0,8,52,0,60,8,13,67,0,88,2,0,2,90
08/13/2018,BFL,CA,AWP,WE,Combined TRACON& Tower with Radar,7,11,17,0,35,0,10,79,0,89,7,21,96,0,124,38,0,38,162
08/14/2018,BFL,CA,AWP,WE,Combined TRACON& Tower with Radar,8,16,20,0,44,0,22,76,2,100,8,38,96,2,144,74,0,74,218
08/15/2018,BFL,CA,AWP,WE,Combined TRACON& Tower with Radar,8,24,23,0,55,0,26,87,0,113,8,50,110,0,168,30,0,30,198
08/16/2018,BFL,CA,AWP,WE,Combined TRACON& Tower with Radar,8,17,28,2,55,0,36,95,1,132,8,53,123,3,187,44,0,44,231
08/17/2018,BFL,CA,AWP,WE,Combined TRACON& Tower with Radar,8,15,24,2,49,0,29,79,0,108,8,44,103,2,157,60,0,60,217
08/18/2018,BFL,CA,AWP,WE,Combined TRACON& Tower with Radar,6,9,16,0,31,0,6,55,0,61,6,15,71,0,92,14,0,14,106
08/19/2018,BFL,CA,AWP,WE,Combined TRACON& Tower with Radar,8,8,13,0,29,0,2,48,4,54,8,10,61,4,83,0,0,0,83
08/20/2018,BFL,CA,AWP,WE,Combined TRACON& Tower with Radar,7,14,18,0,39,0,23,80,0,103,7,37,98,0,142,24,0,24,166
08/21/2018,BFL,CA,AWP,WE,Combined TRACON& Tower with Radar,5,25,24,2,56,0,19,100,0,119,5,44,124,2,175,40,0,40,215
08/22/2018,BFL,CA,AWP,WE,Combined TRACON& Tower with Radar,6,19,27,0,52,0,28,104,1,133,6,47,131,1,185,78,0,78,263
08/23/2018,BFL,CA,AWP,WE,Combined TRACON& Tower with Radar,6,18,36,0,60,0,19,120,0,139,6,37,156,0,199,40,0,40,239
08/24/2018,BFL,CA,AWP,WE,Combined TRACON& Tower with Radar,8,23,33,7,71,0,20,98,5,123,8,43,131,12,194,62,0,62,256
08/25/2018,BFL,CA,AWP,WE,Combined TRACON& Tower with Radar,3,10,11,0,24,0,14,50,1,65,3,24,61,1,89,42,0,42,131
08/26/2018,BFL,CA,AWP,WE,Combined TRACON& Tower with Radar,5,6,23,0,34,0,6,52,0,58,5,12,75,0,92,0,0,0,92
08/27/2018,BFL,CA,AWP,WE,Combined TRACON& Tower with Radar,6,12,27,0,45,0,40,83,0,123,6,52,110,0,168,30,0,30,198
08/28/2018,BFL,CA,AWP,WE,Combined TRACON& Tower with Radar,4,22,15,0,41,0,32,107,0,139,4,54,122,0,180,34,0,34,214
08/29/2018,BFL,CA,AWP,WE,Combined TRACON& Tower with Radar,6,23,38,0,67,0,39,103,0,142,6,62,141,0,209,76,0,76,285
08/30/2018,BFL,CA,AWP,WE,Combined TRACON& Tower with Radar,5,28,33,1,67,0,36,121,1,158,5,64,154,2,225,64,0,64,289
08/31/2018,BFL,CA,AWP,WE,Combined TRACON& Tower with Radar,5,19,38,0,62,0,29,111,0,140,5,48,149,0,202,18,0,18,220
09/01/2018,BFL,CA,AWP,WE,Combined TRACON& Tower with Radar,4,7,9,0,20,0,7,76,0,83,4,14,85,0,103,42,0,42,145
09/02/2018,BFL,CA,AWP,WE,Combined TRACON& Tower with Radar,4,5,5,0,14,0,7,41,0,48,4,12,46,0,62,10,0,10,72
09/03/2018,BFL,CA,AWP,WE,Combined TRACON& Tower with Radar,5,9,25,0,39,0,8,50,0,58,5,17,75,0,97,24,0,24,121
09/04/2018,BFL,CA,AWP,WE,Combined TRACON& Tower with Radar,4,20,27,0,51,0,32,93,1,126,4,52,120,1,177,64,0,64,241
09/05/2018,BFL,CA,AWP,WE,Combined TRACON& Tower with Radar,6,26,22,0,54,3,34,94,0,131,9,60,116,0,185,110,0,110,295
09/06/2018,BFL,CA,AWP,WE,Combined TRACON& Tower with Radar,7,19,27,0,53,1,32,99,0,132,8,51,126,0,185,62,0,62,247
09/07/2018,BFL,CA,AWP,WE,Combined TRACON& Tower with Radar,7,18,23,0,48,0,29,96,0,125,7,47,119,0,173,78,0,78,251
09/08/2018,BFL,CA,AWP,WE,Combined TRACON& Tower with Radar,6,9,9,0,24,0,16,78,3,97,6,25,87,3,121,30,0,30,151
09/09/2018,BFL,CA,AWP,WE,Combined TRACON& Tower with Radar,8,5,19,0,32,0,5,56,0,61,8,10,75,0,93,10,0,10,103
09/10/2018,BFL,CA,AWP,WE,Combined TRACON& Tower with Radar,7,10,25,0,42,0,18,78,0,96,7,28,103,0,138,16,0,16,154
09/11/2018,BFL,CA,AWP,WE,Combined TRACON& Tower with Radar,3,15,28,0,46,0,7,135,0,142,3,22,163,0,188,46,0,46,234
09/12/2018,BFL,CA,AWP,WE,Combined TRACON& Tower with Radar,6,19,17,0,42,0,8,115,0,123,6,27,132,0,165,22,0,22,187
09/13/2018,BFL,CA,AWP,WE,Combined TRACON& Tower with Radar,5,18,24,0,47,0,10,107,0,117,5,28,131,0,164,17,0,17,181
09/14/2018,BFL,CA,AWP,WE,Combined TRACON& Tower with Radar,6,19,21,0,46,0,3,124,0,127,6,22,145,0,173,38,0,38,211
09/15/2018,BFL,CA,AWP,WE,Combined TRACON& Tower with Radar,4,11,8,0,23,0,9,91,0,100,4,20,99,0,123,52,0,52,175
09/16/2018,BFL,CA,AWP,WE,Combined TRACON& Tower with Radar,5,9,7,2,23,0,5,83,0,88,5,14,90,2,111,12,0,12,123
09/17/2018,BFL,CA,AWP,WE,Combined TRACON& Tower with Radar,5,10,19,0,34,0,6,115,0,121,5,16,134,0,155,32,0,32,187
09/18/2018,BFL,CA,AWP,WE,Combined TRACON& Tower with Radar,4,24,25,0,53,0,4,104,3,111,4,28,129,3,164,84,0,84,248
09/19/2018,BFL,CA,AWP,WE,Combined TRACON& Tower with Radar,6,21,24,0,51,0,8,108,0,116,6,29,132,0,167,93,0,93,260
09/20/2018,BFL,CA,AWP,WE,Combined TRACON& Tower with Radar,6,21,22,0,49,0,6,135,0,141,6,27,157,0,190,60,0,60,250
09/21/2018,BFL,CA,AWP,WE,Combined TRACON& Tower with Radar,6,19,30,0,55,0,9,127,0,136,6,28,157,0,191,56,0,56,247
09/22/2018,BFL,CA,AWP,WE,Combined TRACON& Tower with Radar,4,10,11,0,25,0,1,58,0,59,4,11,69,0,84,20,0,20,104
09/23/2018,BFL,CA,AWP,WE,Combined TRACON& Tower with Radar,6,12,13,0,31,0,7,95,0,102,6,19,108,0,133,42,0,42,175
09/24/2018,BFL,CA,AWP,WE,Combined TRACON& Tower with Radar,6,14,11,0,31,0,6,94,0,100,6,20,105,0,131,34,0,34,165
09/25/2018,BFL,CA,AWP,WE,Combined TRACON& Tower with Radar,6,16,32,0,54,0,4,122,0,126,6,20,154,0,180,66,0,66,246
09/26/2018,BFL,CA,AWP,WE,Combined TRACON& Tower with Radar,6,23,32,1,62,0,5,101,0,106,6,28,133,1,168,40,0,40,208
09/27/2018,BFL,CA,AWP,WE,Combined TRACON& Tower with Radar,5,22,39,0,66,0,24,117,2,143,5,46,156,2,209,68,0,68,277
09/28/2018,BFL,CA,AWP,WE,Combined TRACON& Tower with Radar,6,19,29,0,54,0,6,77,1,84,6,25,106,1,138,22,0,22,160
09/29/2018,BFL,CA,AWP,WE,Combined TRACON& Tower with Radar,6,11,6,0,23,0,9,76,0,85,6,20,82,0,108,44,0,44,152
09/30/2018,BFL,CA,AWP,WE,Combined TRACON& Tower with Radar,6,6,18,0,30,0,5,70,0,75,6,11,88,0,105,20,0,20,125
10/01/2018,BFL,CA,AWP,WE,Combined TRACON& Tower with Radar,7,11,17,0,35,0,5,107,0,112,7,16,124,0,147,116,0,116,263
10/02/2018,BFL,CA,AWP,WE,Combined TRACON& Tower with Radar,5,23,19,2,49,0,4,95,2,101,5,27,114,4,150,78,0,78,228
10/03/2018,BFL,CA,AWP,WE,Combined TRACON& Tower with Radar,7,24,54,0,85,0,1,69,0,70,7,25,123,0,155,62,0,62,217
10/04/2018,BFL,CA,AWP,WE,Combined TRACON& Tower with Radar,7,15,57,1,80,0,9,123,1,133,7,24,180,2,213,88,0,88,301
10/05/2018,BFL,CA,AWP,WE,Combined TRACON& Tower with Radar,6,24,53,0,83,0,4,97,0,101,6,28,150,0,184,30,0,30,214
10/06/2018,BFL,CA,AWP,WE,Combined TRACON& Tower with Radar,6,13,19,0,38,0,3,82,0,85,6,16,101,0,123,18,0,18,141
10/07/2018,BFL,CA,AWP,WE,Combined TRACON& Tower with Radar,6,10,22,0,38,0,2,74,0,76,6,12,96,0,114,46,0,46,160
10/08/2018,BFL,CA,AWP,WE,Combined TRACON& Tower with Radar,6,11,24,0,41,0,3,114,0,117,6,14,138,0,158,108,0,108,266
10/09/2018,BFL,CA,AWP,WE,Combined TRACON& Tower with Radar,6,22,21,0,49,0,10,113,1,124,6,32,134,1,173,38,0,38,211
10/10/2018,BFL,CA,AWP,WE,Combined TRACON& Tower with Radar,6,24,24,0,54,0,10,142,0,152,6,34,166,0,206,50,0,50,256
10/11/2018,BFL,CA,AWP,WE,Combined TRACON& Tower with Radar,6,24,33,0,63,0,3,107,0,110,6,27,140,0,173,62,0,62,235
10/12/2018,BFL,CA,AWP,WE,Combined TRACON& Tower with Radar,6,17,34,2,59,0,7,110,0,117,6,24,144,2,176,52,0,52,228
10/13/2018,BFL,CA,AWP,WE,Combined TRACON& Tower with Radar,6,9,14,0,29,0,5,70,0,75,6,14,84,0,104,46,0,46,150
10/14/2018,BFL,CA,AWP,WE,Combined TRACON& Tower with Radar,6,6,15,0,27,0,1,51,0,52,6,7,66,0,79,38,0,38,117
10/15/2018,BFL,CA,AWP,WE,Combined TRACON& Tower with Radar,5,14,24,0,43,0,8,94,1,103,5,22,118,1,146,90,0,90,236
10/16/2018,BFL,CA,AWP,WE,Combined TRACON& Tower with Radar,4,19,19,0,42,0,8,133,2,143,4,27,152,2,185,86,0,86,271
10/17/2018,BFL,CA,AWP,WE,Combined TRACON& Tower with Radar,5,19,21,0,45,0,4,151,0,155,5,23,172,0,200,52,0,52,252
10/18/2018,BFL,CA,AWP,WE,Combined TRACON& Tower with Radar,9,21,20,0,50,0,4,111,13,128,9,25,131,13,178,44,0,44,222
10/19/2018,BFL,CA,AWP,WE,Combined TRACON& Tower with Radar,6,17,27,0,50,0,10,115,4,129,6,27,142,4,179,44,0,44,223
10/20/2018,BFL,CA,AWP,WE,Combined TRACON& Tower with Radar,6,10,3,0,19,0,4,82,7,93,6,14,85,7,112,42,0,42,154
10/21/2018,BFL,CA,AWP,WE,Combined TRACON& Tower with Radar,7,7,10,0,24,0,2,80,0,82,7,9,90,0,106,26,0,26,132
10/22/2018,BFL,CA,AWP,WE,Combined TRACON& Tower with Radar,6,12,11,2,31,0,1,93,0,94,6,13,104,2,125,90,0,90,215
10/23/2018,BFL,CA,AWP,WE,Combined TRACON& Tower with Radar,6,20,24,0,50,0,4,120,0,124,6,24,144,0,174,62,0,62,236
10/24/2018,BFL,CA,AWP,WE,Combined TRACON& Tower with Radar,6,21,25,0,52,0,4,92,0,96,6,25,117,0,148,12,0,12,160
10/25/2018,BFL,CA,AWP,WE,Combined TRACON& Tower with Radar,6,16,21,0,43,0,4,160,0,164,6,20,181,0,207,62,0,62,269
10/26/2018,BFL,CA,AWP,WE,Combined TRACON& Tower with Radar,5,17,15,0,37,0,7,132,0,139,5,24,147,0,176,58,0,58,234
10/27/2018,BFL,CA,AWP,WE,Combined TRACON& Tower with Radar,6,8,14,0,28,0,11,76,0,87,6,19,90,0,115,66,0,66,181
10/28/2018,BFL,CA,AWP,WE,Combined TRACON& Tower with Radar,9,5,16,0,30,0,3,63,0,66,9,8,79,0,96,24,0,24,120
10/29/2018,BFL,CA,AWP,WE,Combined TRACON& Tower with Radar,9,9,25,0,43,0,2,111,1,114,9,11,136,1,157,66,0,66,223
10/30/2018,BFL,CA,AWP,WE,Combined TRACON& Tower with Radar,7,19,28,0,54,0,1,113,1,115,7,20,141,1,169,64,0,64,233
10/31/2018,BFL,CA,AWP,WE,Combined TRACON& Tower with Radar,7,16,26,0,49,0,2,132,0,134,7,18,158,0,183,74,10,84,267
11/01/2018,BFL,CA,AWP,WE,Combined TRACON& Tower with Radar,10,14,28,2,54,0,2,106,0,108,10,16,134,2,162,74,0,74,236
11/02/2018,BFL,CA,AWP,WE,Combined TRACON& Tower with Radar,10,19,15,0,44,0,3,139,0,142,10,22,154,0,186,72,0,72,258
11/03/2018,BFL,CA,AWP,WE,Combined TRACON& Tower with Radar,8,5,13,0,26,0,9,81,0,90,8,14,94,0,116,38,0,38,154
11/04/2018,BFL,CA,AWP,WE,Combined TRACON& Tower with Radar,10,8,13,0,31,0,3,49,0,52,10,11,62,0,83,14,0,14,97
11/05/2018,BFL,CA,AWP,WE,Combined TRACON& Tower with Radar,10,14,30,0,54,0,2,105,0,107,10,16,135,0,161,118,0,118,279
11/06/2018,BFL,CA,AWP,WE,Combined TRACON& Tower with Radar,8,17,36,0,61,0,0,106,0,106,8,17,142,0,167,140,0,140,307
11/07/2018,BFL,CA,AWP,WE,Combined TRACON& Tower with Radar,8,14,28,0,50,0,3,141,0,144,8,17,169,0,194,40,0,40,234
11/08/2018,BFL,CA,AWP,WE,Combined TRACON& Tower with Radar,10,16,39,0,65,0,6,116,0,122,10,22,155,0,187,28,0,28,215
11/09/2018,BFL,CA,AWP,WE,Combined TRACON& Tower with Radar,10,13,15,0,38,0,0,142,0,142,10,13,157,0,180,46,0,46,226
11/10/2018,BFL,CA,AWP,WE,Combined TRACON& Tower with Radar,6,5,18,0,29,0,8,73,2,83,6,13,91,2,112,38,0,38,150
11/11/2018,BFL,CA,AWP,WE,Combined TRACON& Tower with Radar,10,5,21,0,36,0,3,47,0,50,10,8,68,0,86,58,0,58,144
11/12/2018,BFL,CA,AWP,WE,Combined TRACON& Tower with Radar,10,6,18,0,34,0,3,103,0,106,10,9,121,0,140,44,0,44,184
11/13/2018,BFL,CA,AWP,WE,Combined TRACON& Tower with Radar,10,15,24,0,49,0,2,113,1,116,10,17,137,1,165,74,0,74,239
11/14/2018,BFL,CA,AWP,WE,Combined TRACON& Tower with Radar,8,19,23,0,50,0,4,113,0,117,8,23,136,0,167,58,0,58,225
11/15/2018,BFL,CA,AWP,WE,Combined TRACON& Tower with Radar,10,13,21,0,44,0,1,120,0,121,10,14,141,0,165,55,0,55,220
11/16/2018,BFL,CA,AWP,WE,Combined TRACON& Tower with Radar,10,17,33,0,60,0,0,99,0,99,10,17,132,0,159,60,0,60,219
11/17/2018,BFL,CA,AWP,WE,Combined TRACON& Tower with Radar,7,11,21,0,39,0,4,104,0,108,7,15,125,0,147,78,0,78,225
11/18/2018,BFL,CA,AWP,WE,Combined TRACON& Tower with Radar,9,3,18,0,30,0,0,44,0,44,9,3,62,0,74,60,0,60,134
11/19/2018,BFL,CA,AWP,WE,Combined TRACON& Tower with Radar,10,13,43,0,66,0,1,28,0,29,10,14,71,0,95,6,0,6,101
11/20/2018,BFL,CA,AWP,WE,Combined TRACON& Tower with Radar,10,16,29,0,55,0,1,51,0,52,10,17,80,0,107,20,0,20,127
11/21/2018,BFL,CA,AWP,WE,Combined TRACON& Tower with Radar,10,18,18,0,46,0,5,49,0,54,10,23,67,0,100,34,0,34,134
11/22/2018,BFL,CA,AWP,WE,Combined TRACON& Tower with Radar,6,2,4,0,12,0,4,14,0,18,6,6,18,0,30,2,0,2,32
11/23/2018,BFL,CA,AWP,WE,Combined TRACON& Tower with Radar,8,9,28,0,45,0,1,12,0,13,8,10,40,0,58,0,0,0,58
11/24/2018,BFL,CA,AWP,WE,Combined TRACON& Tower with Radar,12,11,16,0,39,0,3,13,0,16,12,14,29,0,55,2,0,2,57
11/25/2018,BFL,CA,AWP,WE,Combined TRACON& Tower with Radar,11,4,30,0,45,0,2,26,0,28,11,6,56,0,73,0,0,0,73
11/26/2018,BFL,CA,AWP,WE,Combined TRACON& Tower with Radar,10,8,18,2,38,0,7,88,0,95,10,15,106,2,133,64,0,64,197
11/27/2018,BFL,CA,AWP,WE,Combined TRACON& Tower with Radar,8,14,27,0,49,0,1,93,2,96,8,15,120,2,145,66,0,66,211
11/28/2018,BFL,CA,AWP,WE,Combined TRACON& Tower with Radar,7,17,50,0,74,0,0,19,0,19,7,17,69,0,93,4,0,4,97
11/29/2018,BFL,CA,AWP,WE,Combined TRACON& Tower with Radar,11,16,26,0,53,0,2,18,0,20,11,18,44,0,73,8,0,8,81
11/30/2018,BFL,CA,AWP,WE,Combined TRACON& Tower with Radar,9,17,66,0,92,0,0,65,3,68,9,17,131,3,160,88,0,88,248
12/01/2018,BFL,CA,AWP,WE,Combined TRACON& Tower with Radar,5,8,24,0,37,0,5,57,1,63,5,13,81,1,100,66,0,66,166
12/02/2018,BFL,CA,AWP,WE,Combined TRACON& Tower with Radar,9,3,43,0,55,0,3,71,1,75,9,6,114,1,130,52,0,52,182
12/03/2018,BFL,CA,AWP,WE,Combined TRACON& Tower with Radar,9,11,18,0,38,0,2,127,0,129,9,13,145,0,167,38,0,38,205
12/04/2018,BFL,CA,AWP,WE,Combined TRACON& Tower with Radar,7,15,25,0,47,0,6,56,0,62,7,21,81,0,109,16,0,16,125
12/05/2018,BFL,CA,AWP,WE,Combined TRACON& Tower with Radar,8,8,8,8,32,8,8,8,8,32,16,16,16,16,64,8,8,16,80
12/06/2018,BFL,CA,AWP,WE,Combined TRACON& Tower with Radar,9,20,51,4,84,0,1,60,0,61,9,21,111,4,145,88,0,88,233
12/07/2018,BFL,CA,AWP,WE,Combined TRACON& Tower with Radar,9,16,73,2,100,0,3,13,0,16,9,19,86,2,116,0,0,0,116
12/08/2018,BFL,CA,AWP,WE,Combined TRACON& Tower with Radar,5,7,30,4,46,0,1,19,0,20,5,8,49,4,66,50,0,50,116
12/09/2018,BFL,CA,AWP,WE,Combined TRACON& Tower with Radar,7,6,38,0,51,0,0,48,0,48,7,6,86,0,99,19,0,19,118
12/10/2018,BFL,CA,AWP,WE,Combined TRACON& Tower with Radar,9,9,66,0,84,0,2,12,0,14,9,11,78,0,98,34,0,34,132
12/11/2018,BFL,CA,AWP,WE,Combined TRACON& Tower with Radar,9,23,80,0,112,0,0,30,0,30,9,23,110,0,142,58,0,58,200
12/12/2018,BFL,CA,AWP,WE,Combined TRACON& Tower with Radar,7,17,40,0,64,0,6,123,0,129,7,23,163,0,193,104,0,104,297
12/13/2018,BFL,CA,AWP,WE,Combined TRACON& Tower with Radar,9,13,20,0,42,2,3,141,1,147,11,16,161,1,189,84,0,84,273
12/14/2018,BFL,CA,AWP,WE,Combined TRACON& Tower with Radar,9,17,21,0,47,0,5,108,0,113,9,22,129,0,160,100,0,100,260
12/15/2018,BFL,CA,AWP,WE,Combined TRACON& Tower with Radar,7,11,18,0,36,0,13,120,1,134,7,24,138,1,170,62,0,62,232
12/16/2018,BFL,CA,AWP,WE,Combined TRACON& Tower with Radar,8,3,16,1,28,0,2,76,1,79,8,5,92,2,107,70,0,70,177
12/17/2018,BFL,CA,AWP,WE,Combined TRACON& Tower with Radar,8,12,39,2,61,0,7,62,0,69,8,19,101,2,130,44,0,44,174
12/18/2018,BFL,CA,AWP,WE,Combined TRACON& Tower with Radar,11,16,60,0,87,0,5,61,0,66,11,21,121,0,153,76,0,76,229
12/19/2018,BFL,CA,AWP,WE,Combined TRACON& Tower with Radar,8,12,35,0,55,0,2,141,0,143,8,14,176,0,198,74,0,74,272
12/20/2018,BFL,CA,AWP,WE,Combined TRACON& Tower with Radar,8,13,25,0,46,0,7,109,0,116,8,20,134,0,162,40,0,40,202
12/21/2018,BFL,CA,AWP,WE,Combined TRACON& Tower with Radar,7,18,44,0,69,0,0,11,0,11,7,18,55,0,80,0,0,0,80
12/22/2018,BFL,CA,AWP,WE,Combined TRACON& Tower with Radar,7,13,31,0,51,0,1,10,0,11,7,14,41,0,62,10,0,10,72
12/23/2018,BFL,CA,AWP,WE,Combined TRACON& Tower with Radar,8,5,29,0,42,0,0,17,0,17,8,5,46,0,59,22,0,22,81
12/24/2018,BFL,CA,AWP,WE,Combined TRACON& Tower with Radar,6,4,10,0,20,0,2,27,0,29,6,6,37,0,49,18,0,18,67
12/25/2018,BFL,CA,AWP,WE,Combined TRACON& Tower with Radar,6,4,12,0,22,0,0,3,0,3,6,4,15,0,25,0,0,0,25
12/26/2018,BFL,CA,AWP,WE,Combined TRACON& Tower with Radar,10,16,19,0,45,0,8,62,0,70,10,24,81,0,115,14,0,14,129
12/27/2018,BFL,CA,AWP,WE,Combined TRACON& Tower with Radar,8,13,28,14,63,0,0,20,0,20,8,13,48,14,83,6,0,6,89
12/28/2018,BFL,CA,AWP,WE,Combined TRACON& Tower with Radar,10,13,10,2,35,0,4,65,1,70,10,17,75,3,105,38,6,44,149
12/29/2018,BFL,CA,AWP,WE,Combined TRACON& Tower with Radar,7,8,6,0,21,0,5,58,0,63,7,13,64,0,84,26,0,26,110
12/30/2018,BFL,CA,AWP,WE,Combined TRACON& Tower with Radar,7,4,10,0,21,0,0,38,0,38,7,4,48,0,59,2,0,2,61
12/31/2018,BFL,CA,AWP,WE,Combined TRACON& Tower with Radar,9,2,19,0,30,0,0,13,0,13,9,2,32,0,43,12,0,12,55
01/01/2019,BFL,CA,AWP,WE,Combined TRACON& Tower with Radar,8,3,10,0,21,0,2,37,0,39,8,5,47,0,60,22,0,22,82
01/02/2019,BFL,CA,AWP,WE,Combined TRACON& Tower with Radar,8,13,21,0,42,0,6,42,0,48,8,19,63,0,90,20,0,20,110
01/03/2019,BFL,CA,AWP,WE,Combined TRACON& Tower with Radar,8,15,29,0,52,0,6,70,2,78,8,21,99,2,130,14,0,14,144
01/04/2019,BFL,CA,AWP,WE,Combined TRACON& Tower with Radar,8,12,24,0,44,0,7,81,1,89,8,19,105,1,133,8,0,8,141
01/05/2019,BFL,CA,AWP,WE,Combined TRACON& Tower with Radar,10,10,20,0,40,0,1,11,0,12,10,11,31,0,52,8,0,8,60
01/06/2019,BFL,CA,AWP,WE,Combined TRACON& Tower with Radar,9,5,23,0,37,0,1,45,0,46,9,6,68,0,83,22,0,22,105
01/07/2019,BFL,CA,AWP,WE,Combined TRACON& Tower with Radar,6,12,27,0,45,0,0,62,0,62,6,12,89,0,107,74,0,74,181
01/08/2019,BFL,CA,AWP,WE,Combined TRACON& Tower with Radar,6,17,24,0,47,0,6,94,0,100,6,23,118,0,147,36,0,36,183
01/09/2019,BFL,CA,AWP,WE,Combined TRACON& Tower with Radar,6,20,34,0,60,0,0,100,2,102,6,20,134,2,162,46,0,46,208
01/10/2019,BFL,CA,AWP,WE,Combined TRACON& Tower with Radar,6,13,47,0,66,0,0,21,0,21,6,13,68,0,87,18,0,18,105
01/11/2019,BFL,CA,AWP,WE,Combined TRACON& Tower with Radar,6,15,33,2,56,0,8,66,0,74,6,23,99,2,130,42,0,42,172
01/12/2019,BFL,CA,AWP,WE,Combined TRACON& Tower with Radar,6,10,16,4,36,0,8,52,0,60,6,18,68,4,96,52,0,52,148
01/13/2019,BFL,CA,AWP,WE,Combined TRACON& Tower with Radar,6,13,17,0,36,0,0,80,3,83,6,13,97,3,119,38,0,38,157
01/14/2019,BFL,CA,AWP,WE,Combined TRACON& Tower with Radar,6,11,30,0,47,0,0,16,0,16,6,11,46,0,63,0,0,0,63
01/15/2019,BFL,CA,AWP,WE,Combined TRACON& Tower with Radar,6,21,28,7,62,0,0,87,7,94,6,21,115,14,156,58,0,58,214
01/16/2019,BFL,CA,AWP,WE,Combined TRACON& Tower with Radar,6,18,28,1,53,0,1,95,0,96,6,19,123,1,149,54,0,54,203
01/17/2019,BFL,CA,AWP,WE,Combined TRACON& Tower with Radar,6,20,48,0,74,0,1,71,0,72,6,21,119,0,146,32,0,32,178
01/18/2019,BFL,CA,AWP,WE,Combined TRACON& Tower with Radar,6,14,23,0,43,0,1,49,0,50,6,15,72,0,93,12,0,12,105
01/19/2019,BFL,CA,AWP,WE,Combined TRACON& Tower with Radar,6,8,17,0,31,0,5,127,0,132,6,13,144,0,163,96,0,96,259
01/20/2019,BFL,CA,AWP,WE,Combined TRACON& Tower with Radar,6,8,8,0,22,0,3,99,0,102,6,11,107,0,124,58,0,58,182
01/21/2019,BFL,CA,AWP,WE,Combined TRACON& Tower with Radar,6,13,17,0,36,0,1,65,0,66,6,14,82,0,102,38,0,38,140
01/22/2019,BFL,CA,AWP,WE,Combined TRACON& Tower with Radar,4,22,25,0,51,0,3,141,8,152,4,25,166,8,203,88,0,88,291
01/23/2019,BFL,CA,AWP,WE,Combined TRACON& Tower with Radar,6,15,24,1,46,0,5,144,0,149,6,20,168,1,195,106,0,106,301
01/24/2019,BFL,CA,AWP,WE,Combined TRACON& Tower with Radar,6,18,19,0,43,0,7,149,3,159,6,25,168,3,202,54,0,54,256
01/25/2019,BFL,CA,AWP,WE,Combined TRACON& Tower with Radar,6,13,31,0,50,0,6,103,0,109,6,19,134,0,159,92,0,92,251
01/26/2019,BFL,CA,AWP,WE,Combined TRACON& Tower with Radar,5,7,20,0,32,0,2,85,0,87,5,9,105,0,119,58,0,58,177
01/27/2019,BFL,CA,AWP,WE,Combined TRACON& Tower with Radar,6,7,26,0,39,0,3,76,0,79,6,10,102,0,118,50,0,50,168
01/28/2019,BFL,CA,AWP,WE,Combined TRACON& Tower with Radar,6,17,31,2,56,0,7,118,0,125,6,24,149,2,181,74,0,74,255
01/29/2019,BFL,CA,AWP,WE,Combined TRACON& Tower with Radar,6,15,50,0,71,0,2,76,1,79,6,17,126,1,150,32,0,32,182
01/30/2019,BFL,CA,AWP,WE,Combined TRACON& Tower with Radar,6,18,38,2,64,0,8,124,0,132,6,26,162,2,196,60,0,60,256
01/31/2019,BFL,CA,AWP,WE,Combined TRACON& Tower with Radar,6,18,45,0,69,0,0,52,0,52,6,18,97,0,121,34,0,34,155
02/01/2019,BFL,CA,AWP,WE,Combined TRACON& Tower with Radar,6,12,43,2,63,0,2,102,0,104,6,14,145,2,167,38,0,38,205
02/02/2019,BFL,CA,AWP,WE,Combined TRACON& Tower with Radar,4,9,6,0,19,0,0,4,0,4,4,9,10,0,23,0,0,0,23
02/03/2019,BFL,CA,AWP,WE,Combined TRACON& Tower with Radar,7,10,13,0,30,0,0,41,0,41,7,10,54,0,71,24,0,24,95
02/04/2019,BFL,CA,AWP,WE,Combined TRACON& Tower with Radar,6,7,34,0,47,0,0,60,0,60,6,7,94,0,107,88,0,88,195
02/05/2019,BFL,CA,AWP,WE,Combined TRACON& Tower with Radar,4,13,36,2,55,0,1,89,0,90,4,14,125,2,145,68,0,68,213
02/06/2019,BFL,CA,AWP,WE,Combined TRACON& Tower with Radar,6,15,24,1,46,2,6,152,5,165,8,21,176,6,211,90,0,90,301
02/07/2019,BFL,CA,AWP,WE,Combined TRACON& Tower with Radar,8,16,34,0,58,0,1,141,0,142,8,17,175,0,200,44,0,44,244
02/08/2019,BFL,CA,AWP,WE,Combined TRACON& Tower with Radar,8,13,28,2,51,0,13,154,2,169,8,26,182,4,220,138,0,138,358
02/09/2019,BFL,CA,AWP,WE,Combined TRACON& Tower with Radar,6,9,7,4,26,0,1,90,0,91,6,10,97,4,117,52,0,52,169
02/10/2019,BFL,CA,AWP,WE,Combined TRACON& Tower with Radar,6,11,32,4,53,0,0,45,7,52,6,11,77,11,105,44,0,44,149
02/11/2019,BFL,CA,AWP,WE,Combined TRACON& Tower with Radar,6,11,22,0,39,0,4,164,2,170,6,15,186,2,209,128,0,128,337
02/12/2019,BFL,CA,AWP,WE,Combined TRACON& Tower with Radar,4,19,13,2,38,0,3,122,14,139,4,22,135,16,177,108,0,108,285
02/13/2019,BFL,CA,AWP,WE,Combined TRACON& Tower with Radar,6,17,35,0,58,0,3,19,0,22,6,20,54,0,80,0,0,0,80
02/14/2019,BFL,CA,AWP,WE,Combined TRACON& Tower with Radar,6,14,25,0,45,0,0,25,0,25,6,14,50,0,70,6,0,6,76
02/15/2019,BFL,CA,AWP,WE,Combined TRACON& Tower with Radar,8,14,42,0,64,0,9,64,14,87,8,23,106,14,151,71,0,71,222
02/16/2019,BFL,CA,AWP,WE,Combined TRACON& Tower with Radar,8,6,12,0,26,0,4,101,0,105,8,10,113,0,131,80,0,80,211
02/17/2019,BFL,CA,AWP,WE,Combined TRACON& Tower with Radar,8,5,10,0,23,0,0,46,3,49,8,5,56,3,72,44,0,44,116
02/18/2019,BFL,CA,AWP,WE,Combined TRACON& Tower with Radar,8,12,26,0,46,0,2,79,3,84,8,14,105,3,130,66,0,66,196
02/19/2019,BFL,CA,AWP,WE,Combined TRACON& Tower with Radar,6,16,17,0,39,0,2,160,0,162,6,18,177,0,201,110,0,110,311
02/20/2019,BFL,CA,AWP,WE,Combined TRACON& Tower with Radar,6,22,36,0,64,0,2,116,0,118,6,24,152,0,182,158,0,158,340
02/21/2019,BFL,CA,AWP,WE,Combined TRACON& Tower with Radar,8,15,55,0,78,0,1,57,0,58,8,16,112,0,136,40,0,40,176
02/22/2019,BFL,CA,AWP,WE,Combined TRACON& Tower with Radar,8,17,37,0,62,0,8,157,0,165,8,25,194,0,227,143,0,143,370
02/23/2019,BFL,CA,AWP,WE,Combined TRACON& Tower with Radar,8,6,20,0,34,0,8,146,0,154,8,14,166,0,188,120,0,120,308
02/24/2019,BFL,CA,AWP,WE,Combined TRACON& Tower with Radar,6,11,41,0,58,0,1,147,0,148,6,12,188,0,206,66,0,66,272
02/25/2019,BFL,CA,AWP,WE,Combined TRACON& Tower with Radar,8,7,22,0,37,0,1,121,2,124,8,8,143,2,161,130,0,130,291
02/26/2019,BFL,CA,AWP,WE,Combined TRACON& Tower with Radar,8,14,23,0,45,0,2,138,0,140,8,16,161,0,185,132,0,132,317
02/27/2019,BFL,CA,AWP,WE,Combined TRACON& Tower with Radar,7,16,39,1,63,0,0,98,0,98,7,16,137,1,161,136,0,136,297
02/28/2019,BFL,CA,AWP,WE,Combined TRACON& Tower with Radar,6,19,35,0,60,0,5,86,0,91,6,24,121,0,151,48,0,48,199
03/01/2019,BFL,CA,AWP,WE,Combined TRACON& Tower with Radar,8,13,49,0,70,0,7,45,1,53,8,20,94,1,123,74,0,74,197
03/02/2019,BFL,CA,AWP,WE,Combined TRACON& Tower with Radar,8,5,12,0,25,0,2,38,0,40,8,7,50,0,65,66,0,66,131
03/03/2019,BFL,CA,AWP,WE,Combined TRACON& Tower with Radar,9,2,19,0,30,0,0,76,4,80,9,2,95,4,110,132,4,136,246
03/04/2019,BFL,CA,AWP,WE,Combined TRACON& Tower with Radar,10,9,62,3,84,0,3,98,1,102,10,12,160,4,186,110,0,110,296
03/05/2019,BFL,CA,AWP,WE,Combined TRACON& Tower with Radar,9,16,42,0,67,0,4,40,0,44,9,20,82,0,111,24,0,24,135
03/06/2019,BFL,CA,AWP,WE,Combined TRACON& Tower with Radar,10,17,40,0,67,0,1,72,0,73,10,18,112,0,140,59,0,59,199
03/07/2019,BFL,CA,AWP,WE,Combined TRACON& Tower with Radar,10,12,39,0,61,0,3,111,4,118,10,15,150,4,179,72,0,72,251
03/08/2019,BFL,CA,AWP,WE,Combined TRACON& Tower with Radar,11,15,38,0,64,0,7,90,1,98,11,22,128,1,162,110,0,110,272
03/09/2019,BFL,CA,AWP,WE,Combined TRACON& Tower with Radar,10,6,16,2,34,0,3,111,5,119,10,9,127,7,153,108,0,108,261
03/10/2019,BFL,CA,AWP,WE,Combined TRACON& Tower with Radar,10,5,20,0,35,0,1,107,4,112,10,6,127,4,147,130,0,130,277
03/11/2019,BFL,CA,AWP,WE,Combined TRACON& Tower with Radar,12,9,28,0,49,0,10,112,0,122,12,19,140,0,171,100,0,100,271
03/12/2019,BFL,CA,AWP,WE,Combined TRACON& Tower with Radar,10,16,22,2,50,0,10,136,8,154,10,26,158,10,204,112,0,112,316
03/13/2019,BFL,CA,AWP,WE,Combined TRACON& Tower with Radar,10,12,26,2,50,0,4,175,5,184,10,16,201,7,234,122,0,122,356
03/14/2019,BFL,CA,AWP,WE,Combined TRACON& Tower with Radar,10,16,35,1,62,0,3,160,11,174,10,19,195,12,236,78,0,78,314
03/15/2019,BFL,CA,AWP,WE,Combined TRACON& Tower with Radar,12,18,28,0,58,1,9,174,5,189,13,27,202,5,247,90,0,90,337
03/16/2019,BFL,CA,AWP,WE,Combined TRACON& Tower with Radar,10,7,26,0,43,1,12,120,10,143,11,19,146,10,186,108,0,108,294
03/17/2019,BFL,CA,AWP,WE,Combined TRACON& Tower with Radar,10,4,18,0,32,0,18,115,9,142,10,22,133,9,174,134,4,138,312
03/18/2019,BFL,CA,AWP,WE,Combined TRACON& Tower with Radar,10,12,26,0,48,0,16,136,13,165,10,28,162,13,213,146,0,146,359
03/19/2019,BFL,CA,AWP,WE,Combined TRACON& Tower with Radar,10,19,24,2,55,1,2,126,7,136,11,21,150,9,191,56,0,56,247
03/20/2019,BFL,CA,AWP,WE,Combined TRACON& Tower with Radar,9,19,45,0,73,0,4,71,2,77,9,23,116,2,150,75,0,75,225
03/21/2019,BFL,CA,AWP,WE,Combined TRACON& Tower with Radar,9,15,55,0,79,0,3,64,0,67,9,18,119,0,146,64,0,64,210
03/22/2019,BFL,CA,AWP,WE,Combined TRACON& Tower with Radar,9,18,33,0,60,0,6,139,2,147,9,24,172,2,207,164,0,164,371
03/23/2019,BFL,CA,AWP,WE,Combined TRACON& Tower with Radar,10,13,30,0,53,0,0,64,0,64,10,13,94,0,117,56,0,56,173
03/24/2019,BFL,CA,AWP,WE,Combined TRACON& Tower with Radar,10,7,23,0,40,0,2,133,0,135,10,9,156,0,175,134,0,134,309
03/25/2019,BFL,CA,AWP,WE,Combined TRACON& Tower with Radar,9,9,24,0,42,0,1,123,0,124,9,10,147,0,166,130,0,130,296
03/26/2019,BFL,CA,AWP,WE,Combined TRACON& Tower with Radar,8,13,23,0,44,0,4,159,10,173,8,17,182,10,217,178,0,178,395
03/27/2019,BFL,CA,AWP,WE,Combined TRACON& Tower with Radar,9,20,20,0,49,0,0,122,0,122,9,20,142,0,171,134,0,134,305
03/28/2019,BFL,CA,AWP,WE,Combined TRACON& Tower with Radar,10,18,32,1,61,0,4,127,1,132,10,22,159,2,193,46,0,46,239
03/29/2019,BFL,CA,AWP,WE,Combined TRACON& Tower with Radar,10,11,14,3,38,0,9,126,1,136,10,20,140,4,174,106,0,106,280
03/30/2019,BFL,CA,AWP,WE,Combined TRACON& Tower with Radar,10,9,17,0,36,0,3,127,0,130,10,12,144,0,166,136,0,136,302
03/31/2019,BFL,CA,AWP,WE,Combined TRACON& Tower with Radar,10,11,18,0,39,0,5,118,0,123,10,16,136,0,162,198,0,198,360
04/01/2019,BFL,CA,AWP,WE,Combined TRACON& Tower with Radar,10,10,22,0,42,0,15,144,1,160,10,25,166,1,202,272,0,272,474
04/02/2019,BFL,CA,AWP,WE,Combined TRACON& Tower with Radar,10,14,44,0,68,0,9,132,0,141,10,23,176,0,209,62,0,62,271
04/03/2019,BFL,CA,AWP,WE,Combined TRACON& Tower with Radar,12,14,36,3,65,0,6,138,0,144,12,20,174,3,209,176,0,176,385
04/04/2019,BFL,CA,AWP,WE,Combined TRACON& Tower with Radar,10,20,49,4,83,0,3,74,0,77,10,23,123,4,160,122,0,122,282
04/05/2019,BFL,CA,AWP,WE,Combined TRACON& Tower with Radar,10,14,27,0,51,0,16,129,0,145,10,30,156,0,196,168,0,168,364
04/06/2019,BFL,CA,AWP,WE,Combined TRACON& Tower with Radar,10,11,18,0,39,0,1,129,0,130,10,12,147,0,169,168,0,168,337
04/07/2019,BFL,CA,AWP,WE,Combined TRACON& Tower with Radar,10,6,18,0,34,0,3,135,0,138,10,9,153,0,172,152,0,152,324
04/08/2019,BFL,CA,AWP,WE,Combined TRACON& Tower with Radar,9,9,18,0,36,1,7,178,1,187,10,16,196,1,223,155,0,155,378
04/09/2019,BFL,CA,AWP,WE,Combined TRACON& Tower with Radar,9,14,29,0,52,0,5,60,1,66,9,19,89,1,118,4,0,4,122
04/10/2019,BFL,CA,AWP,WE,Combined TRACON& Tower with Radar,12,11,17,0,40,0,1,183,2,186,12,12,200,2,226,140,0,140,366
04/11/2019,BFL,CA,AWP,WE,Combined TRACON& Tower with Radar,10,11,20,0,41,0,0,152,0,152,10,11,172,0,193,72,0,72,265
04/12/2019,BFL,CA,AWP,WE,Combined TRACON& Tower with Radar,10,12,23,6,51,0,15,142,0,157,10,27,165,6,208,224,0,224,432
04/13/2019,BFL,CA,AWP,WE,Combined TRACON& Tower with Radar,10,9,10,0,29,0,17,133,0,150,10,26,143,0,179,194,0,194,373
04/14/2019,BFL,CA,AWP,WE,Combined TRACON& Tower with Radar,10,6,24,0,40,1,1,109,0,111,11,7,133,0,151,132,0,132,283
04/15/2019,BFL,CA,AWP,WE,Combined TRACON& Tower with Radar,10,11,19,0,40,0,16,143,8,167,10,27,162,8,207,142,0,142,349
04/16/2019,BFL,CA,AWP,WE,Combined TRACON& Tower with Radar,12,13,49,0,74,0,11,93,5,109,12,24,142,5,183,134,0,134,317
04/17/2019,BFL,CA,AWP,WE,Combined TRACON& Tower with Radar,12,11,30,0,53,4,3,202,6,215,16,14,232,6,268,174,0,174,442
04/18/2019,BFL,CA,AWP,WE,Combined TRACON& Tower with Radar,10,16,20,0,46,0,15,179,1,195,10,31,199,1,241,110,0,110,351
04/19/2019,BFL,CA,AWP,WE,Combined TRACON& Tower with Radar,14,16,24,0,54,0,4,164,0,168,14,20,188,0,222,138,0,138,360
04/20/2019,BFL,CA,AWP,WE,Combined TRACON& Tower with Radar,9,11,15,0,35,0,1,59,0,60,9,12,74,0,95,36,0,36,131
04/21/2019,BFL,CA,AWP,WE,Combined TRACON& Tower with Radar,10,4,18,0,32,0,7,71,0,78,10,11,89,0,110,12,0,12,122
04/22/2019,BFL,CA,AWP,WE,Combined TRACON& Tower with Radar,10,10,27,0,47,0,2,159,6,167,10,12,186,6,214,174,0,174,388
04/23/2019,BFL,CA,AWP,WE,Combined TRACON& Tower with Radar,10,15,24,0,49,0,6,152,0,158,10,21,176,0,207,98,0,98,305
04/24/2019,BFL,CA,AWP,WE,Combined TRACON& Tower with Radar,11,13,19,0,43,0,6,144,0,150,11,19,163,0,193,154,0,154,347
04/25/2019,BFL,CA,AWP,WE,Combined TRACON& Tower with Radar,4,12,12,0,28,4,0,151,0,155,8,12,163,0,183,50,0,50,233
04/26/2019,BFL,CA,AWP,WE,Combined TRACON& Tower with Radar,5,10,18,0,33,0,6,102,0,108,5,16,120,0,141,140,0,140,281
04/27/2019,BFL,CA,AWP,WE,Combined TRACON& Tower with Radar,4,6,11,0,21,0,9,105,0,114,4,15,116,0,135,78,0,78,213
04/28/2019,BFL,CA,AWP,WE,Combined TRACON& Tower with Radar,5,5,14,0,24,0,9,113,0,122,5,14,127,0,146,140,0,140,286
04/29/2019,BFL,CA,AWP,WE,Combined TRACON& Tower with Radar,4,12,29,0,45,0,3,102,0,105,4,15,131,0,150,65,0,65,215
04/30/2019,BFL,CA,AWP,WE,Combined TRACON& Tower with Radar,5,17,24,0,46,0,7,140,2,149,5,24,164,2,195,134,0,134,329
05/01/2019,BFL,CA,AWP,WE,Combined TRACON& Tower with Radar,9,17,32,0,58,0,3,143,0,146,9,20,175,0,204,163,0,163,367
05/02/2019,BFL,CA,AWP,WE,Combined TRACON& Tower with Radar,8,17,16,0,41,0,11,164,0,175,8,28,180,0,216,101,0,101,317
05/03/2019,BFL,CA,AWP,WE,Combined TRACON& Tower with Radar,7,10,13,2,32,0,4,108,0,112,7,14,121,2,144,114,0,114,258
05/04/2019,BFL,CA,AWP,WE,Combined TRACON& Tower with Radar,1,11,11,0,23,0,7,99,0,106,1,18,110,0,129,112,0,112,241
05/05/2019,BFL,CA,AWP,WE,Combined TRACON& Tower with Radar,4,6,14,0,24,0,4,68,1,73,4,10,82,1,97,126,0,126,223
05/06/2019,BFL,CA,AWP,WE,Combined TRACON& Tower with Radar,7,8,20,0,35,0,4,103,0,107,7,12,123,0,142,172,0,172,314
05/07/2019,BFL,CA,AWP,WE,Combined TRACON& Tower with Radar,6,17,34,0,57,0,4,125,0,129,6,21,159,0,186,134,0,134,320
05/08/2019,BFL,CA,AWP,WE,Combined TRACON& Tower with Radar,2,22,30,0,54,0,4,136,0,140,2,26,166,0,194,246,0,246,440
05/09/2019,BFL,CA,AWP,WE,Combined TRACON& Tower with Radar,5,17,27,0,49,0,9,144,0,153,5,26,171,0,202,90,0,90,292
05/10/2019,BFL,CA,AWP,WE,Combined TRACON& Tower with Radar,7,14,33,4,58,0,0,81,0,81,7,14,114,4,139,198,0,198,337
05/11/2019,BFL,CA,AWP,WE,Combined TRACON& Tower with Radar,7,12,11,0,30,0,10,138,0,148,7,22,149,0,178,136,0,136,314
05/12/2019,BFL,CA,AWP,WE,Combined TRACON& Tower with Radar,7,9,21,0,37,0,2,85,0,87,7,11,106,0,124,134,0,134,258
05/13/2019,BFL,CA,AWP,WE,Combined TRACON& Tower with Radar,7,12,19,0,38,0,3,155,0,158,7,15,174,0,196,104,0,104,300
05/14/2019,BFL,CA,AWP,WE,Combined TRACON& Tower with Radar,7,20,32,8,67,0,2,177,4,183,7,22,209,12,250,138,1,139,389
05/15/2019,BFL,CA,AWP,WE,Combined TRACON& Tower with Radar,7,16,40,0,63,0,3,162,0,165,7,19,202,0,228,154,0,154,382
05/16/2019,BFL,CA,AWP,WE,Combined TRACON& Tower with Radar,7,22,30,0,59,0,4,63,0,67,7,26,93,0,126,60,0,60,186
05/17/2019,BFL,CA,AWP,WE,Combined TRACON& Tower with Radar,7,19,42,2,70,0,1,139,0,140,7,20,181,2,210,206,0,206,416
05/18/2019,BFL,CA,AWP,WE,Combined TRACON& Tower with Radar,9,11,29,0,49,0,4,98,0,102,9,15,127,0,151,120,0,120,271
05/19/2019,BFL,CA,AWP,WE,Combined TRACON& Tower with Radar,7,8,25,0,40,0,0,38,0,38,7,8,63,0,78,56,0,56,134
05/20/2019,BFL,CA,AWP,WE,Combined TRACON& Tower with Radar,8,11,48,0,67,0,4,131,1,136,8,15,179,1,203,202,0,202,405
05/21/2019,BFL,CA,AWP,WE,Combined TRACON& Tower with Radar,7,15,51,4,77,0,5,100,0,105,7,20,151,4,182,184,0,184,366
05/22/2019,BFL,CA,AWP,WE,Combined TRACON& Tower with Radar,7,20,46,6,79,0,1,135,1,137,7,21,181,7,216,126,6,132,348
05/23/2019,BFL,CA,AWP,WE,Combined TRACON& Tower with Radar,7,18,56,0,81,0,5,119,2,126,7,23,175,2,207,126,0,126,333
05/24/2019,BFL,CA,AWP,WE,Combined TRACON& Tower with Radar,7,13,40,0,60,0,2,197,0,199,7,15,237,0,259,162,0,162,421
05/25/2019,BFL,CA,AWP,WE,Combined TRACON& Tower with Radar,7,9,24,0,40,0,7,98,0,105,7,16,122,0,145,64,0,64,209
05/26/2019,BFL,CA,AWP,WE,Combined TRACON& Tower with Radar,7,5,12,0,24,0,0,22,0,22,7,5,34,0,46,100,0,100,146
05/27/2019,BFL,CA,AWP,WE,Combined TRACON& Tower with Radar,7,6,28,0,41,0,5,75,0,80,7,11,103,0,121,38,0,38,159
05/28/2019,BFL,CA,AWP,WE,Combined TRACON& Tower with Radar,7,8,45,0,60,0,8,176,2,186,7,16,221,2,246,203,0,203,449
05/29/2019,BFL,CA,AWP,WE,Combined TRACON& Tower with Radar,8,15,33,0,56,0,1,145,0,146,8,16,178,0,202,142,0,142,344
05/30/2019,BFL,CA,AWP,WE,Combined TRACON& Tower with Radar,7,22,39,0,68,0,1,157,2,160,7,23,196,2,228,164,0,164,392
05/31/2019,BFL,CA,AWP,WE,Combined TRACON& Tower with Radar,7,15,30,1,53,0,6,158,5,169,7,21,188,6,222,160,20,180,402
06/01/2019,BFL,CA,AWP,WE,Combined TRACON& Tower with Radar,7,9,18,0,34,0,1,76,0,77,7,10,94,0,111,26,0,26,137
06/02/2019,BFL,CA,AWP,WE,Combined TRACON& Tower with Radar,7,9,20,0,36,0,5,98,0,103,7,14,118,0,139,122,0,122,261
06/03/2019,BFL,CA,AWP,WE,Combined TRACON& Tower with Radar,7,10,20,0,37,0,1,163,0,164,7,11,183,0,201,168,0,168,369
06/04/2019,BFL,CA,AWP,WE,Combined TRACON& Tower with Radar,8,16,31,0,55,0,2,182,0,184,8,18,213,0,239,126,0,126,365
06/05/2019,BFL,CA,AWP,WE,Combined TRACON& Tower with Radar,7,20,26,0,53,0,5,179,0,184,7,25,205,0,237,68,0,68,305
06/06/2019,BFL,CA,AWP,WE,Combined TRACON& Tower with Radar,6,16,42,9,73,0,10,159,0,169,6,26,201,9,242,62,0,62,304
06/07/2019,BFL,CA,AWP,WE,Combined TRACON& Tower with Radar,7,16,20,2,45,0,4,189,2,195,7,20,209,4,240,130,0,130,370
06/08/2019,BFL,CA,AWP,WE,Combined TRACON& Tower with Radar,7,11,25,0,43,0,4,141,0,145,7,15,166,0,188,66,0,66,254
06/09/2019,BFL,CA,AWP,WE,Combined TRACON& Tower with Radar,4,8,21,0,33,0,2,132,0,134,4,10,153,0,167,122,0,122,289
06/10/2019,BFL,CA,AWP,WE,Combined TRACON& Tower with Radar,7,16,30,0,53,0,1,139,0,140,7,17,169,0,193,64,0,64,257
06/11/2019,BFL,CA,AWP,WE,Combined TRACON& Tower with Radar,7,15,37,0,59,0,5,198,2,205,7,20,235,2,264,140,0,140,404
06/12/2019,BFL,CA,AWP,WE,Combined TRACON& Tower with Radar,6,16,40,0,62,0,3,160,3,166,6,19,200,3,228,68,0,68,296
06/13/2019,BFL,CA,AWP,WE,Combined TRACON& Tower with Radar,7,14,31,0,52,0,6,187,1,194,7,20,218,1,246,126,0,126,372
06/14/2019,BFL,CA,AWP,WE,Combined TRACON& Tower with Radar,7,13,32,0,52,0,2,208,4,214,7,15,240,4,266,169,0,169,435
06/15/2019,BFL,CA,AWP,WE,Combined TRACON& Tower with Radar,7,13,26,0,46,0,15,139,0,154,7,28,165,0,200,136,0,136,336
06/16/2019,BFL,CA,AWP,WE,Combined TRACON& Tower with Radar,7,5,19,0,31,0,1,132,1,134,7,6,151,1,165,114,0,114,279
06/17/2019,BFL,CA,AWP,WE,Combined TRACON& Tower with Radar,5,17,38,0,60,0,5,189,0,194,5,22,227,0,254,170,0,170,424
06/18/2019,BFL,CA,AWP,WE,Combined TRACON& Tower with Radar,6,15,24,0,45,0,9,179,0,188,6,24,203,0,233,160,0,160,393
06/19/2019,BFL,CA,AWP,WE,Combined TRACON& Tower with Radar,7,17,26,0,50,0,14,172,1,187,7,31,198,1,237,116,0,116,353
06/20/2019,BFL,CA,AWP,WE,Combined TRACON& Tower with Radar,7,15,25,0,47,0,6,208,0,214,7,21,233,0,261,197,0,197,458
06/21/2019,BFL,CA,AWP,WE,Combined TRACON& Tower with Radar,7,16,39,2,64,0,2,218,0,220,7,18,257,2,284,144,0,144,428
06/22/2019,BFL,CA,AWP,WE,Combined TRACON& Tower with Radar,6,9,17,0,32,0,14,126,0,140,6,23,143,0,172,110,0,110,282
06/23/2019,BFL,CA,AWP,WE,Combined TRACON& Tower with Radar,7,7,24,0,38,0,3,150,0,153,7,10,174,0,191,150,0,150,341
06/24/2019,BFL,CA,AWP,WE,Combined TRACON& Tower with Radar,7,15,32,3,57,0,4,192,0,196,7,19,224,3,253,162,0,162,415
06/25/2019,BFL,CA,AWP,WE,Combined TRACON& Tower with Radar,7,16,23,4,50,0,12,164,7,183,7,28,187,11,233,156,18,174,407
06/26/2019,BFL,CA,AWP,WE,Combined TRACON& Tower with Radar,5,27,20,0,52,0,4,202,2,208,5,31,222,2,260,176,0,176,436
06/27/2019,BFL,CA,AWP,WE,Combined TRACON& Tower with Radar,6,14,30,0,50,0,8,246,0,254,6,22,276,0,304,190,0,190,494
06/28/2019,BFL,CA,AWP,WE,Combined TRACON& Tower with Radar,7,18,38,0,63,0,7,225,6,238,7,25,263,6,301,90,0,90,391
06/29/2019,BFL,CA,AWP,WE,Combined TRACON& Tower with Radar,6,13,20,0,39,0,6,178,0,184,6,19,198,0,223,130,0,130,353
06/30/2019,BFL,CA,AWP,WE,Combined TRACON& Tower with Radar,6,7,16,0,29,0,3,150,1,154,6,10,166,1,183,54,0,54,237
07/01/2019,BFL,CA,AWP,WE,Combined TRACON& Tower with Radar,6,9,14,0,29,0,3,160,1,164,6,12,174,1,193,64,0,64,257
07/02/2019,BFL,CA,AWP,WE,Combined TRACON& Tower with Radar,6,18,26,5,55,0,4,193,16,213,6,22,219,21,268,118,0,118,386
07/03/2019,BFL,CA,AWP,WE,Combined TRACON& Tower with Radar,7,14,18,0,39,0,12,153,0,165,7,26,171,0,204,154,0,154,358
07/04/2019,BFL,CA,AWP,WE,Combined TRACON& Tower with Radar,5,5,0,2,12,0,3,64,0,67,5,8,64,2,79,24,0,24,103
07/05/2019,BFL,CA,AWP,WE,Combined TRACON& Tower with Radar,5,13,27,0,45,0,15,118,0,133,5,28,145,0,178,68,0,68,246
07/06/2019,BFL,CA,AWP,WE,Combined TRACON& Tower with Radar,7,8,13,0,28,0,12,84,0,96,7,20,97,0,124,41,0,41,165
07/07/2019,BFL,CA,AWP,WE,Combined TRACON& Tower with Radar,8,8,30,0,46,0,7,61,0,68,8,15,91,0,114,22,0,22,136
07/08/2019,BFL,CA,AWP,WE,Combined TRACON& Tower with Radar,7,10,27,0,44,0,6,181,6,193,7,16,208,6,237,84,0,84,321
07/09/2019,BFL,CA,AWP,WE,Combined TRACON& Tower with Radar,7,17,20,7,51,4,12,158,4,178,11,29,178,11,229,64,0,64,293
07/10/2019,BFL,CA,AWP,WE,Combined TRACON& Tower with Radar,6,16,46,0,68,0,6,172,3,181,6,22,218,3,249,134,0,134,383
07/11/2019,BFL,CA,AWP,WE,Combined TRACON& Tower with Radar,8,17,34,1,60,0,12,190,1,203,8,29,224,2,263,121,0,121,384
07/12/2019,BFL,CA,AWP,WE,Combined TRACON& Tower with Radar,7,19,23,5,54,0,11,235,5,251,7,30,258,10,305,188,0,188,493
07/13/2019,BFL,CA,AWP,WE,Combined TRACON& Tower with Radar,7,13,15,2,37,0,8,87,6,101,7,21,102,8,138,52,0,52,190
07/14/2019,BFL,CA,AWP,WE,Combined TRACON& Tower with Radar,7,8,19,0,34,0,4,108,0,112,7,12,127,0,146,108,0,108,254
07/15/2019,BFL,CA,AWP,WE,Combined TRACON& Tower with Radar,6,15,26,2,49,0,6,148,0,154,6,21,174,2,203,64,0,64,267
07/16/2019,BFL,CA,AWP,WE,Combined TRACON& Tower with Radar,7,16,30,0,53,0,7,172,0,179,7,23,202,0,232,46,0,46,278
07/17/2019,BFL,CA,AWP,WE,Combined TRACON& Tower with Radar,6,17,29,5,57,0,5,172,7,184,6,22,201,12,241,73,4,77,318
07/18/2019,BFL,CA,AWP,WE,Combined TRACON& Tower with Radar,7,20,31,10,68,0,3,197,4,204,7,23,228,14,272,114,4,118,390
07/19/2019,BFL,CA,AWP,WE,Combined TRACON& Tower with Radar,7,19,28,3,57,0,6,163,2,171,7,25,191,5,228,102,0,102,330
07/20/2019,BFL,CA,AWP,WE,Combined TRACON& Tower with Radar,6,13,20,0,39,0,18,115,4,137,6,31,135,4,176,69,0,69,245
07/21/2019,BFL,CA,AWP,WE,Combined TRACON& Tower with Radar,6,10,24,0,40,0,3,96,0,99,6,13,120,0,139,84,0,84,223
07/22/2019,BFL,CA,AWP,WE,Combined TRACON& Tower with Radar,5,14,18,0,37,0,10,177,0,187,5,24,195,0,224,60,0,60,284
07/23/2019,BFL,CA,AWP,WE,Combined TRACON& Tower with Radar,6,22,22,2,52,0,1,154,6,161,6,23,176,8,213,130,34,164,377
07/24/2019,BFL,CA,AWP,WE,Combined TRACON& Tower with Radar,7,14,20,0,41,0,9,153,0,162,7,23,173,0,203,50,0,50,253
07/25/2019,BFL,CA,AWP,WE,Combined TRACON& Tower with Radar,7,15,24,1,47,0,15,182,4,201,7,30,206,5,248,109,0,109,357
07/26/2019,BFL,CA,AWP,WE,Combined TRACON& Tower with Radar,5,17,17,0,39,0,9,186,0,195,5,26,203,0,234,108,0,108,342
07/27/2019,BFL,CA,AWP,WE,Combined TRACON& Tower with Radar,6,11,13,0,30,0,2,76,0,78,6,13,89,0,108,88,0,88,196
07/28/2019,BFL,CA,AWP,WE,Combined TRACON& Tower with Radar,7,7,12,0,26,0,0,91,3,94,7,7,103,3,120,74,0,74,194
07/29/2019,BFL,CA,AWP,WE,Combined TRACON& Tower with Radar,8,12,12,0,32,1,4,166,0,171,9,16,178,0,203,90,0,90,293
07/30/2019,BFL,CA,AWP,WE,Combined TRACON& Tower with Radar,9,17,30,0,56,0,5,190,0,195,9,22,220,0,251,45,0,45,296
07/31/2019,BFL,CA,AWP,WE,Combined TRACON& Tower with Radar,6,18,32,10,66,0,8,177,3,188,6,26,209,13,254,52,0,52,306
08/01/2019,BFL,CA,AWP,WE,Combined TRACON& Tower with Radar,6,14,24,0,44,0,9,161,0,170,6,23,185,0,214,66,0,66,280
08/02/2019,BFL,CA,AWP,WE,Combined TRACON& Tower with Radar,7,15,20,0,42,0,4,168,0,172,7,19,188,0,214,92,0,92,306
08/03/2019,BFL,CA,AWP,WE,Combined TRACON& Tower with Radar,9,10,21,0,40,0,1,131,0,132,9,11,152,0,172,52,0,52,224
08/04/2019,BFL,CA,AWP,WE,Combined TRACON& Tower with Radar,6,9,10,0,25,0,6,123,0,129,6,15,133,0,154,70,0,70,224
08/05/2019,BFL,CA,AWP,WE,Combined TRACON& Tower with Radar,7,11,17,0,35,0,4,155,0,159,7,15,172,0,194,42,0,42,236
08/06/2019,BFL,CA,AWP,WE,Combined TRACON& Tower with Radar,6,21,25,1,53,0,18,147,7,172,6,39,172,8,225,70,0,70,295
08/07/2019,BFL,CA,AWP,WE,Combined TRACON& Tower with Radar,7,19,28,0,54,0,5,168,4,177,7,24,196,4,231,60,0,60,291
08/08/2019,BFL,CA,AWP,WE,Combined TRACON& Tower with Radar,6,15,20,2,43,0,4,149,0,153,6,19,169,2,196,64,0,64,260
08/09/2019,BFL,CA,AWP,WE,Combined TRACON& Tower with Radar,6,16,24,0,46,0,4,164,0,168,6,20,188,0,214,98,0,98,312
08/10/2019,BFL,CA,AWP,WE,Combined TRACON& Tower with Radar,7,11,24,0,42,0,10,116,0,126,7,21,140,0,168,90,0,90,258
08/11/2019,BFL,CA,AWP,WE,Combined TRACON& Tower with Radar,6,9,23,0,38,0,3,112,0,115,6,12,135,0,153,48,0,48,201
08/12/2019,BFL,CA,AWP,WE,Combined TRACON& Tower with Radar,5,15,31,2,53,0,10,166,0,176,5,25,197,2,229,124,0,124,353
08/13/2019,BFL,CA,AWP,WE,Combined TRACON& Tower with Radar,6,30,25,4,65,0,18,166,1,185,6,48,191,5,250,76,0,76,326
08/14/2019,BFL,CA,AWP,WE,Combined TRACON& Tower with Radar,7,21,19,2,49,0,9,170,0,179,7,30,189,2,228,140,0,140,368
08/15/2019,BFL,CA,AWP,WE,Combined TRACON& Tower with Radar,7,20,30,0,57,0,6,134,2,142,7,26,164,2,199,58,0,58,257
08/16/2019,BFL,CA,AWP,WE,Combined TRACON& Tower with Radar,7,22,17,0,46,0,4,158,0,162,7,26,175,0,208,82,0,82,290
08/17/2019,BFL,CA,AWP,WE,Combined TRACON& Tower with Radar,5,9,22,0,36,0,2,121,0,123,5,11,143,0,159,64,0,64,223
08/18/2019,BFL,CA,AWP,WE,Combined TRACON& Tower with Radar,6,6,22,0,34,0,5,127,0,132,6,11,149,0,166,82,0,82,248
08/19/2019,BFL,CA,AWP,WE,Combined TRACON& Tower with Radar,8,8,17,0,33,1,9,148,0,158,9,17,165,0,191,98,0,98,289
08/20/2019,BFL,CA,AWP,WE,Combined TRACON& Tower with Radar,7,15,22,2,46,0,12,192,0,204,7,27,214,2,250,96,0,96,346
08/21/2019,BFL,CA,AWP,WE,Combined TRACON& Tower with Radar,10,11,20,0,41,0,6,213,2,221,10,17,233,2,262,164,0,164,426
08/22/2019,BFL,CA,AWP,WE,Combined TRACON& Tower with Radar,9,20,22,2,53,0,6,200,0,206,9,26,222,2,259,152,0,152,411
08/23/2019,BFL,CA,AWP,WE,Combined TRACON& Tower with Radar,7,15,28,0,50,0,5,186,2,193,7,20,214,2,243,90,0,90,333
08/24/2019,BFL,CA,AWP,WE,Combined TRACON& Tower with Radar,7,7,19,0,33,0,4,119,0,123,7,11,138,0,156,70,0,70,226
08/25/2019,BFL,CA,AWP,WE,Combined TRACON& Tower with Radar,8,5,22,0,35,0,4,109,6,119,8,9,131,6,154,134,0,134,288
08/26/2019,BFL,CA,AWP,WE,Combined TRACON& Tower with Radar,10,6,22,0,38,0,2,155,1,158,10,8,177,1,196,52,0,52,248
08/27/2019,BFL,CA,AWP,WE,Combined TRACON& Tower with Radar,8,13,15,0,36,0,8,147,14,169,8,21,162,14,205,86,0,86,291
08/28/2019,BFL,CA,AWP,WE,Combined TRACON& Tower with Radar,8,19,20,0,47,0,8,162,3,173,8,27,182,3,220,88,0,88,308
08/29/2019,BFL,CA,AWP,WE,Combined TRACON& Tower with Radar,8,14,20,2,44,0,8,171,0,179,8,22,191,2,223,152,0,152,375
08/30/2019,BFL,CA,AWP,WE,Combined TRACON& Tower with Radar,6,14,19,0,39,0,1,178,0,179,6,15,197,0,218,152,0,152,370
08/31/2019,BFL,CA,AWP,WE,Combined TRACON& Tower with Radar,7,7,16,0,30,0,3,81,0,84,7,10,97,0,114,28,0,28,142
09/01/2019,BFL,CA,AWP,WE,Combined TRACON& Tower with Radar,7,3,7,0,17,0,3,76,0,79,7,6,83,0,96,12,0,12,108
09/02/2019,BFL,CA,AWP,WE,Combined TRACON& Tower with Radar,8,4,15,0,27,0,1,92,0,93,8,5,107,0,120,6,0,6,126
09/03/2019,BFL,CA,AWP,WE,Combined TRACON& Tower with Radar,8,11,24,0,43,0,1,142,0,143,8,12,166,0,186,90,0,90,276
09/04/2019,BFL,CA,AWP,WE,Combined TRACON& Tower with Radar,9,18,26,0,53,0,2,143,0,145,9,20,169,0,198,100,0,100,298
09/05/2019,BFL,CA,AWP,WE,Combined TRACON& Tower with Radar,9,16,27,0,52,0,2,130,4,136,9,18,157,4,188,68,20,88,276
09/06/2019,BFL,CA,AWP,WE,Combined TRACON& Tower with Radar,8,11,23,0,42,0,4,204,4,212,8,15,227,4,254,120,0,120,374
09/07/2019,BFL,CA,AWP,WE,Combined TRACON& Tower with Radar,7,7,16,0,30,0,1,96,0,97,7,8,112,0,127,60,0,60,187
09/08/2019,BFL,CA,AWP,WE,Combined TRACON& Tower with Radar,9,6,17,0,32,0,4,130,0,134,9,10,147,0,166,56,0,56,222
09/09/2019,BFL,CA,AWP,WE,Combined TRACON& Tower with Radar,9,12,13,1,35,0,14,166,17,197,9,26,179,18,232,64,0,64,296
09/10/2019,BFL,CA,AWP,WE,Combined TRACON& Tower with Radar,10,14,26,4,54,0,15,163,0,178,10,29,189,4,232,138,0,138,370
09/11/2019,BFL,CA,AWP,WE,Combined TRACON& Tower with Radar,10,17,27,0,54,0,5,164,0,169,10,22,191,0,223,90,0,90,313
09/12/2019,BFL,CA,AWP,WE,Combined TRACON& Tower with Radar,9,16,26,0,51,0,10,193,0,203,9,26,219,0,254,96,0,96,350
09/13/2019,BFL,CA,AWP,WE,Combined TRACON& Tower with Radar,9,13,15,0,37,0,6,194,0,200,9,19,209,0,237,165,0,165,402
09/14/2019,BFL,CA,AWP,WE,Combined TRACON& Tower with Radar,6,10,1,0,17,0,4,97,0,101,6,14,98,0,118,62,0,62,180
09/15/2019,BFL,CA,AWP,WE,Combined TRACON& Tower with Radar,9,8,21,0,38,0,8,110,2,120,9,16,131,2,158,74,0,74,232
09/16/2019,BFL,CA,AWP,WE,Combined TRACON& Tower with Radar,8,10,16,0,34,0,5,181,0,186,8,15,197,0,220,138,0,138,358
09/17/2019,BFL,CA,AWP,WE,Combined TRACON& Tower with Radar,9,16,36,0,61,0,10,171,0,181,9,26,207,0,242,168,0,168,410
09/18/2019,BFL,CA,AWP,WE,Combined TRACON& Tower with Radar,9,13,31,0,53,0,8,179,2,189,9,21,210,2,242,138,0,138,380
09/19/2019,BFL,CA,AWP,WE,Combined TRACON& Tower with Radar,9,17,45,0,71,0,7,160,3,170,9,24,205,3,241,190,0,190,431
09/20/2019,BFL,CA,AWP,WE,Combined TRACON& Tower with Radar,9,20,13,0,42,0,3,199,1,203,9,23,212,1,245,116,0,116,361
09/21/2019,BFL,CA,AWP,WE,Combined TRACON& Tower with Radar,7,7,7,0,21,0,4,109,0,113,7,11,116,0,134,82,0,82,216
09/22/2019,BFL,CA,AWP,WE,Combined TRACON& Tower with Radar,9,4,20,0,33,0,9,153,3,165,9,13,173,3,198,114,0,114,312
09/23/2019,BFL,CA,AWP,WE,Combined TRACON& Tower with Radar,7,8,10,0,25,0,8,168,0,176,7,16,178,0,201,98,0,98,299
09/24/2019,BFL,CA,AWP,WE,Combined TRACON& Tower with Radar,8,18,24,0,50,0,17,178,0,195,8,35,202,0,245,62,0,62,307
09/25/2019,BFL,CA,AWP,WE,Combined TRACON& Tower with Radar,8,12,21,1,42,0,11,177,2,190,8,23,198,3,232,96,0,96,328
09/26/2019,BFL,CA,AWP,WE,Combined TRACON& Tower with Radar,8,22,29,2,61,0,4,170,0,174,8,26,199,2,235,70,0,70,305
09/27/2019,BFL,CA,AWP,WE,Combined TRACON& Tower with Radar,9,18,30,0,57,0,6,169,0,175,9,24,199,0,232,172,0,172,404
09/28/2019,BFL,CA,AWP,WE,Combined TRACON& Tower with Radar,7,8,16,0,31,0,7,92,0,99,7,15,108,0,130,36,0,36,166
09/29/2019,BFL,CA,AWP,WE,Combined TRACON& Tower with Radar,9,6,14,0,29,0,6,120,0,126,9,12,134,0,155,136,0,136,291
09/30/2019,BFL,CA,AWP,WE,Combined TRACON& Tower with Radar,9,10,30,0,49,1,11,161,10,183,10,21,191,10,232,54,0,54,286
10/01/2019,BFL,CA,AWP,WE,Combined TRACON& Tower with Radar,10,13,29,0,52,0,20,150,0,170,10,33,179,0,222,160,0,160,382
10/02/2019,BFL,CA,AWP,WE,Combined TRACON& Tower with Radar,10,11,13,0,34,1,11,182,6,200,11,22,195,6,234,178,2,180,414
10/03/2019,BFL,CA,AWP,WE,Combined TRACON& Tower with Radar,9,13,24,1,47,0,1,180,7,188,9,14,204,8,235,97,0,97,332
10/04/2019,BFL,CA,AWP,WE,Combined TRACON& Tower with Radar,9,11,20,2,42,0,21,178,0,199,9,32,198,2,241,83,12,95,336
10/05/2019,BFL,CA,AWP,WE,Combined TRACON& Tower with Radar,11,9,11,0,31,0,9,125,0,134,11,18,136,0,165,114,0,114,279
10/06/2019,BFL,CA,AWP,WE,Combined TRACON& Tower with Radar,12,7,14,0,33,0,3,113,0,116,12,10,127,0,149,110,0,110,259
10/07/2019,BFL,CA,AWP,WE,Combined TRACON& Tower with Radar,12,9,16,0,37,0,6,170,24,200,12,15,186,24,237,94,8,102,339
10/08/2019,BFL,CA,AWP,WE,Combined TRACON& Tower with Radar,14,13,16,0,43,0,6,167,4,177,14,19,183,4,220,142,0,142,362
10/09/2019,BFL,CA,AWP,WE,Combined TRACON& Tower with Radar,12,13,20,0,45,0,3,156,12,171,12,16,176,12,216,118,0,118,334
10/10/2019,BFL,CA,AWP,WE,Combined TRACON& Tower with Radar,12,14,23,0,49,0,10,146,17,173,12,24,169,17,222,104,0,104,326
10/11/2019,BFL,CA,AWP,WE,Combined TRACON& Tower with Radar,11,15,24,0,50,0,5,169,0,174,11,20,193,0,224,100,0,100,324
10/12/2019,BFL,CA,AWP,WE,Combined TRACON& Tower with Radar,14,9,14,0,37,0,7,100,0,107,14,16,114,0,144,28,0,28,172
10/13/2019,BFL,CA,AWP,WE,Combined TRACON& Tower with Radar,12,4,17,0,33,0,5,112,0,117,12,9,129,0,150,76,0,76,226
10/14/2019,BFL,CA,AWP,WE,Combined TRACON& Tower with Radar,14,5,16,1,36,0,10,178,1,189,14,15,194,2,225,122,0,122,347
10/15/2019,BFL,CA,AWP,WE,Combined TRACON& Tower with Radar,12,18,16,0,46,0,12,162,0,174,12,30,178,0,220,110,0,110,330
10/16/2019,BFL,CA,AWP,WE,Combined TRACON& Tower with Radar,16,9,39,1,65,0,10,189,0,199,16,19,228,1,264,161,0,161,425
10/17/2019,BFL,CA,AWP,WE,Combined TRACON& Tower with Radar,12,14,41,2,69,0,6,177,6,189,12,20,218,8,258,158,0,158,416
10/18/2019,BFL,CA,AWP,WE,Combined TRACON& Tower with Radar,12,10,19,2,43,0,8,181,2,191,12,18,200,4,234,134,0,134,368
10/19/2019,BFL,CA,AWP,WE,Combined TRACON& Tower with Radar,13,8,10,0,31,0,7,131,7,145,13,15,141,7,176,69,0,69,245
10/20/2019,BFL,CA,AWP,WE,Combined TRACON& Tower with Radar,13,4,25,0,42,0,1,108,2,111,13,5,133,2,153,70,0,70,223
10/21/2019,BFL,CA,AWP,WE,Combined TRACON& Tower with Radar,12,8,23,0,43,0,8,149,0,157,12,16,172,0,200,80,0,80,280
10/22/2019,BFL,CA,AWP,WE,Combined TRACON& Tower with Radar,10,13,29,10,62,0,9,170,21,200,10,22,199,31,262,128,0,128,390
10/23/2019,BFL,CA,AWP,WE,Combined TRACON& Tower with Radar,12,16,22,0,50,0,20,175,0,195,12,36,197,0,245,124,0,124,369
10/24/2019,BFL,CA,AWP,WE,Combined TRACON& Tower with Radar,11,11,19,2,43,0,8,144,9,161,11,19,163,11,204,148,0,148,352
10/25/2019,BFL,CA,AWP,WE,Combined TRACON& Tower with Radar,10,16,26,0,52,0,14,152,0,166,10,30,178,0,218,123,0,123,341
10/26/2019,BFL,CA,AWP,WE,Combined TRACON& Tower with Radar,11,9,15,0,35,0,13,117,0,130,11,22,132,0,165,78,0,78,243
10/27/2019,BFL,CA,AWP,WE,Combined TRACON& Tower with Radar,11,3,17,0,31,1,2,62,1,66,12,5,79,1,97,30,0,30,127
10/28/2019,BFL,CA,AWP,WE,Combined TRACON& Tower with Radar,12,7,28,1,48,0,4,105,19,128,12,11,133,20,176,100,0,100,276
10/29/2019,BFL,CA,AWP,WE,Combined TRACON& Tower with Radar,11,14,13,2,40,0,6,137,3,146,11,20,150,5,186,127,0,127,313
10/30/2019,BFL,CA,AWP,WE,Combined TRACON& Tower with Radar,12,13,14,0,39,0,1,47,0,48,12,14,61,0,87,14,0,14,101
10/31/2019,BFL,CA,AWP,WE,Combined TRACON& Tower with Radar,13,13,14,0,40,0,3,180,2,185,13,16,194,2,225,81,0,81,306
11/01/2019,BFL,CA,AWP,WE,Combined TRACON& Tower with Radar,11,10,20,3,44,0,2,150,4,156,11,12,170,7,200,142,8,150,350
11/02/2019,BFL,CA,AWP,WE,Combined TRACON& Tower with Radar,11,8,13,0,32,0,10,188,0,198,11,18,201,0,230,110,0,110,340
11/03/2019,BFL,CA,AWP,WE,Combined TRACON& Tower with Radar,11,6,18,0,35,0,6,128,0,134,11,12,146,0,169,48,0,48,217
11/04/2019,BFL,CA,AWP,WE,Combined TRACON& Tower with Radar,12,6,20,2,40,0,3,147,3,153,12,9,167,5,193,96,0,96,289
11/05/2019,BFL,CA,AWP,WE,Combined TRACON& Tower with Radar,12,15,23,0,50,0,7,136,6,149,12,22,159,6,199,88,0,88,287
11/06/2019,BFL,CA,AWP,WE,Combined TRACON& Tower with Radar,12,16,31,0,59,0,5,173,1,179,12,21,204,1,238,178,0,178,416
11/07/2019,BFL,CA,AWP,WE,Combined TRACON& Tower with Radar,12,14,28,6,60,0,12,159,20,191,12,26,187,26,251,186,8,194,445
11/08/2019,BFL,CA,AWP,WE,Combined TRACON& Tower with Radar,14,13,29,0,56,0,9,170,14,193,14,22,199,14,249,132,2,134,383
11/09/2019,BFL,CA,AWP,WE,Combined TRACON& Tower with Radar,11,13,13,0,37,0,4,112,2,118,11,17,125,2,155,61,0,61,216
11/10/2019,BFL,CA,AWP,WE,Combined TRACON& Tower with Radar,10,7,18,0,35,0,4,136,0,140,10,11,154,0,175,84,0,84,259
11/11/2019,BFL,CA,AWP,WE,Combined TRACON& Tower with Radar,12,5,22,0,39,0,2,87,2,91,12,7,109,2,130,42,0,42,172
11/12/2019,BFL,CA,AWP,WE,Combined TRACON& Tower with Radar,12,14,23,2,51,0,6,159,25,190,12,20,182,27,241,132,8,140,381
11/13/2019,BFL,CA,AWP,WE,Combined TRACON& Tower with Radar,12,15,24,1,52,0,3,160,15,178,12,18,184,16,230,184,0,184,414
11/14/2019,BFL,CA,AWP,WE,Combined TRACON& Tower with Radar,12,15,30,7,64,0,15,177,10,202,12,30,207,17,266,318,0,318,584
11/15/2019,BFL,CA,AWP,WE,Combined TRACON& Tower with Radar,11,15,43,2,71,0,1,177,2,180,11,16,220,4,251,224,0,224,475
11/16/2019,BFL,CA,AWP,WE,Combined TRACON& Tower with Radar,12,10,10,0,32,0,8,135,4,147,12,18,145,4,179,132,0,132,311
11/17/2019,BFL,CA,AWP,WE,Combined TRACON& Tower with Radar,12,8,19,0,39,0,9,87,3,99,12,17,106,3,138,60,0,60,198
11/18/2019,BFL,CA,AWP,WE,Combined TRACON& Tower with Radar,11,10,21,0,42,0,53,158,1,212,11,63,179,1,254,161,0,161,415
11/19/2019,BFL,CA,AWP,WE,Combined TRACON& Tower with Radar,14,12,25,0,51,0,28,186,0,214,14,40,211,0,265,207,0,207,472
11/20/2019,BFL,CA,AWP,WE,Combined TRACON& Tower with Radar,12,18,61,0,91,0,1,54,0,55,12,19,115,0,146,8,0,8,154
11/21/2019,BFL,CA,AWP,WE,Combined TRACON& Tower with Radar,12,12,27,2,53,0,14,188,0,202,12,26,215,2,255,156,0,156,411
11/22/2019,BFL,CA,AWP,WE,Combined TRACON& Tower with Radar,13,10,30,4,57,0,16,229,1,246,13,26,259,5,303,90,0,90,393
11/23/2019,BFL,CA,AWP,WE,Combined TRACON& Tower with Radar,11,13,17,0,41,0,23,149,0,172,11,36,166,0,213,96,0,96,309
11/24/2019,BFL,CA,AWP,WE,Combined TRACON& Tower with Radar,11,4,26,0,41,0,4,103,0,107,11,8,129,0,148,80,0,80,228
11/25/2019,BFL,CA,AWP,WE,Combined TRACON& Tower with Radar,12,7,23,0,42,0,4,120,2,126,12,11,143,2,168,78,0,78,246
11/26/2019,BFL,CA,AWP,WE,Combined TRACON& Tower with Radar,13,13,18,0,44,0,11,155,0,166,13,24,173,0,210,66,0,66,276
11/27/2019,BFL,CA,AWP,WE,Combined TRACON& Tower with Radar,12,14,18,0,44,0,4,14,0,18,12,18,32,0,62,2,0,2,64
11/28/2019,BFL,CA,AWP,WE,Combined TRACON& Tower with Radar,6,1,8,0,15,0,0,4,0,4,6,1,12,0,19,0,0,0,19
11/29/2019,BFL,CA,AWP,WE,Combined TRACON& Tower with Radar,5,10,18,0,33,0,6,32,0,38,5,16,50,0,71,26,0,26,97
11/30/2019,BFL,CA,AWP,WE,Combined TRACON& Tower with Radar,9,11,15,0,35,0,1,28,0,29,9,12,43,0,64,2,0,2,66
12/01/2019,BFL,CA,AWP,WE,Combined TRACON& Tower with Radar,12,8,21,0,41,0,2,42,0,44,12,10,63,0,85,24,0,24,109
12/02/2019,BFL,CA,AWP,WE,Combined TRACON& Tower with Radar,11,7,27,4,49,0,2,146,0,148,11,9,173,4,197,84,0,84,281
12/03/2019,BFL,CA,AWP,WE,Combined TRACON& Tower with Radar,11,14,42,2,69,0,1,45,2,48,11,15,87,4,117,60,0,60,177
12/04/2019,BFL,CA,AWP,WE,Combined TRACON& Tower with Radar,10,23,48,0,81,0,8,87,0,95,10,31,135,0,176,74,0,74,250
12/05/2019,BFL,CA,AWP,WE,Combined TRACON& Tower with Radar,10,17,30,0,57,0,8,182,0,190,10,25,212,0,247,112,0,112,359
12/06/2019,BFL,CA,AWP,WE,Combined TRACON& Tower with Radar,10,19,39,0,68,0,7,144,0,151,10,26,183,0,219,124,0,124,343
12/07/2019,BFL,CA,AWP,WE,Combined TRACON& Tower with Radar,10,12,21,0,43,0,1,97,0,98,10,13,118,0,141,110,0,110,251
12/08/2019,BFL,CA,AWP,WE,Combined TRACON& Tower with Radar,10,6,22,3,41,0,0,36,0,36,10,6,58,3,77,54,0,54,131
12/09/2019,BFL,CA,AWP,WE,Combined TRACON& Tower with Radar,10,10,60,0,80,0,7,49,1,57,10,17,109,1,137,94,0,94,231
12/10/2019,BFL,CA,AWP,WE,Combined TRACON& Tower with Radar,9,19,54,0,82,0,8,46,0,54,9,27,100,0,136,16,0,16,152
12/11/2019,BFL,CA,AWP,WE,Combined TRACON& Tower with Radar,9,20,61,0,90,0,6,89,0,95,9,26,150,0,185,56,0,56,241
12/12/2019,BFL,CA,AWP,WE,Combined TRACON& Tower with Radar,12,13,46,1,72,0,5,152,1,158,12,18,198,2,230,162,0,162,392
12/13/2019,BFL,CA,AWP,WE,Combined TRACON& Tower with Radar,10,16,45,0,71,0,11,147,0,158,10,27,192,0,229,137,0,137,366
12/14/2019,BFL,CA,AWP,WE,Combined TRACON& Tower with Radar,9,14,50,0,73,0,2,35,2,39,9,16,85,2,112,12,0,12,124
12/15/2019,BFL,CA,AWP,WE,Combined TRACON& Tower with Radar,11,9,33,0,53,0,7,118,0,125,11,16,151,0,178,48,0,48,226
12/16/2019,BFL,CA,AWP,WE,Combined TRACON& Tower with Radar,9,12,15,3,39,0,9,170,3,182,9,21,185,6,221,162,0,162,383
12/17/2019,BFL,CA,AWP,WE,Combined TRACON& Tower with Radar,10,13,16,2,41,0,8,76,0,84,10,21,92,2,125,26,6,32,157
12/18/2019,BFL,CA,AWP,WE,Combined TRACON& Tower with Radar,10,19,27,0,56,0,2,159,2,163,10,21,186,2,219,257,0,257,476
12/19/2019,BFL,CA,AWP,WE,Combined TRACON& Tower with Radar,12,14,26,0,52,0,11,184,0,195,12,25,210,0,247,178,0,178,425
12/20/2019,BFL,CA,AWP,WE,Combined TRACON& Tower with Radar,10,14,36,8,68,0,13,138,2,153,10,27,174,10,221,47,0,47,268
12/21/2019,BFL,CA,AWP,WE,Combined TRACON& Tower with Radar,11,9,18,0,38,0,3,83,0,86,11,12,101,0,124,24,0,24,148
12/22/2019,BFL,CA,AWP,WE,Combined TRACON& Tower with Radar,10,5,12,0,27,0,1,18,0,19,10,6,30,0,46,0,0,0,46
12/23/2019,BFL,CA,AWP,WE,Combined TRACON& Tower with Radar,8,9,13,0,30,0,0,17,0,17,8,9,30,0,47,4,0,4,51
12/24/2019,BFL,CA,AWP,WE,Combined TRACON& Tower with Radar,8,23,24,0,55,0,2,12,1,15,8,25,36,1,70,10,0,10,80
12/25/2019,BFL,CA,AWP,WE,Combined TRACON& Tower with Radar,8,5,4,0,17,0,2,31,0,33,8,7,35,0,50,26,0,26,76
12/26/2019,BFL,CA,AWP,WE,Combined TRACON& Tower with Radar,10,16,19,0,45,0,2,16,0,18,10,18,35,0,63,0,0,0,63
12/27/2019,BFL,CA,AWP,WE,Combined TRACON& Tower with Radar,9,20,26,0,55,0,10,98,1,109,9,30,124,1,164,65,0,65,229
12/28/2019,BFL,CA,AWP,WE,Combined TRACON& Tower with Radar,12,8,10,0,30,0,5,97,0,102,12,13,107,0,132,64,0,64,196
12/29/2019,BFL,CA,AWP,WE,Combined TRACON& Tower with Radar,11,5,16,0,32,0,0,39,0,39,11,5,55,0,71,18,0,18,89
12/30/2019,BFL,CA,AWP,WE,Combined TRACON& Tower with Radar,10,11,25,0,46,0,2,80,0,82,10,13,105,0,128,30,0,30,158
12/31/2019,BFL,CA,AWP,WE,Combined TRACON& Tower with Radar,10,18,20,0,48,0,4,62,1,67,10,22,82,1,115,42,0,42,157
01/01/2020,BFL,CA,AWP,WE,Combined TRACON& Tower with Radar,10,6,4,0,20,0,0,28,0,28,10,6,32,0,48,14,0,14,62
01/02/2020,BFL,CA,AWP,WE,Combined TRACON& Tower with Radar,10,16,12,0,38,0,9,80,0,89,10,25,92,0,127,64,0,64,191
01/03/2020,BFL,CA,AWP,WE,Combined TRACON& Tower with Radar,9,16,21,0,46,0,6,86,4,96,9,22,107,4,142,36,0,36,178
01/04/2020,BFL,CA,AWP,WE,Combined TRACON& Tower with Radar,10,12,15,1,38,1,3,102,4,110,11,15,117,5,148,32,0,32,180
01/05/2020,BFL,CA,AWP,WE,Combined TRACON& Tower with Radar,11,8,35,3,57,0,5,15,3,23,11,13,50,6,80,18,0,18,98
01/06/2020,BFL,CA,AWP,WE,Combined TRACON& Tower with Radar,11,10,20,0,41,0,1,114,8,123,11,11,134,8,164,148,0,148,312
01/07/2020,BFL,CA,AWP,WE,Combined TRACON& Tower with Radar,12,21,54,6,93,0,1,6,2,9,12,22,60,8,102,0,0,0,102
01/08/2020,BFL,CA,AWP,WE,Combined TRACON& Tower with Radar,12,14,63,0,89,0,3,45,0,48,12,17,108,0,137,154,0,154,291
01/09/2020,BFL,CA,AWP,WE,Combined TRACON& Tower with Radar,12,17,55,4,88,0,4,72,7,83,12,21,127,11,171,146,0,146,317
01/10/2020,BFL,CA,AWP,WE,Combined TRACON& Tower with Radar,10,10,43,2,65,0,15,139,5,159,10,25,182,7,224,91,0,91,315
01/11/2020,BFL,CA,AWP,WE,Combined TRACON& Tower with Radar,11,9,29,0,49,0,3,109,0,112,11,12,138,0,161,258,0,258,419
01/12/2020,BFL,CA,AWP,WE,Combined TRACON& Tower with Radar,12,7,20,0,39,0,6,72,0,78,12,13,92,0,117,136,0,136,253
01/13/2020,BFL,CA,AWP,WE,Combined TRACON& Tower with Radar,12,14,33,1,60,0,9,173,0,182,12,23,206,1,242,132,0,132,374
01/14/2020,BFL,CA,AWP,WE,Combined TRACON& Tower with Radar,9,22,33,0,64,0,12,192,1,205,9,34,225,1,269,124,0,124,393
01/15/2020,BFL,CA,AWP,WE,Combined TRACON& Tower with Radar,12,15,30,0,57,0,5,174,0,179,12,20,204,0,236,174,0,174,410
01/16/2020,BFL,CA,AWP,WE,Combined TRACON& Tower with Radar,13,15,41,3,72,0,4,110,0,114,13,19,151,3,186,104,0,104,290
01/17/2020,BFL,CA,AWP,WE,Combined TRACON& Tower with Radar,12,13,38,0,63,0,5,168,6,179,12,18,206,6,242,166,0,166,408
01/18/2020,BFL,CA,AWP,WE,Combined TRACON& Tower with Radar,12,10,41,0,63,0,0,5,0,5,12,10,46,0,68,0,0,0,68
01/19/2020,BFL,CA,AWP,WE,Combined TRACON& Tower with Radar,11,5,14,0,30,0,8,51,2,61,11,13,65,2,91,55,0,55,146
01/20/2020,BFL,CA,AWP,WE,Combined TRACON& Tower with Radar,12,9,35,0,56,0,7,97,0,104,12,16,132,0,160,72,0,72,232
01/21/2020,BFL,CA,AWP,WE,Combined TRACON& Tower with Radar,10,17,36,0,63,0,8,170,0,178,10,25,206,0,241,88,0,88,329
01/22/2020,BFL,CA,AWP,WE,Combined TRACON& Tower with Radar,12,23,29,0,64,0,12,204,0,216,12,35,233,0,280,154,0,154,434
01/23/2020,BFL,CA,AWP,WE,Combined TRACON& Tower with Radar,11,17,78,2,108,0,0,75,0,75,11,17,153,2,183,78,0,78,261
01/24/2020,BFL,CA,AWP,WE,Combined TRACON& Tower with Radar,13,11,63,6,93,0,3,53,2,58,13,14,116,8,151,116,0,116,267
01/25/2020,BFL,CA,AWP,WE,Combined TRACON& Tower with Radar,11,7,15,0,33,0,5,112,2,119,11,12,127,2,152,133,0,133,285
01/26/2020,BFL,CA,AWP,WE,Combined TRACON& Tower with Radar,12,4,34,5,55,0,4,74,12,90,12,8,108,17,145,127,0,127,272
01/27/2020,BFL,CA,AWP,WE,Combined TRACON& Tower with Radar,10,9,23,0,42,0,11,166,0,177,10,20,189,0,219,112,10,122,341
01/28/2020,BFL,CA,AWP,WE,Combined TRACON& Tower with Radar,10,15,34,3,62,0,3,119,5,127,10,18,153,8,189,90,2,92,281
01/29/2020,BFL,CA,AWP,WE,Combined TRACON& Tower with Radar,11,16,57,0,84,0,7,80,0,87,11,23,137,0,171,76,0,76,247
01/30/2020,BFL,CA,AWP,WE,Combined TRACON& Tower with Radar,12,15,40,0,67,0,12,190,0,202,12,27,230,0,269,172,0,172,441
01/31/2020,BFL,CA,AWP,WE,Combined TRACON& Tower with Radar,14,10,23,2,49,0,6,186,0,192,14,16,209,2,241,78,0,78,319
02/01/2020,BFL,CA,AWP,WE,Combined TRACON& Tower with Radar,12,9,15,0,36,0,7,129,1,137,12,16,144,1,173,108,0,108,281
02/02/2020,BFL,CA,AWP,WE,Combined TRACON& Tower with Radar,11,4,16,0,31,0,0,39,0,39,11,4,55,0,70,22,0,22,92
02/03/2020,BFL,CA,AWP,WE,Combined TRACON& Tower with Radar,12,9,19,0,40,0,15,136,0,151,12,24,155,0,191,99,0,99,290
02/04/2020,BFL,CA,AWP,WE,Combined TRACON& Tower with Radar,10,14,14,0,38,0,6,190,0,196,10,20,204,0,234,147,0,147,381
02/05/2020,BFL,CA,AWP,WE,Combined TRACON& Tower with Radar,9,13,22,0,44,0,5,160,1,166,9,18,182,1,210,52,0,52,262
02/06/2020,BFL,CA,AWP,WE,Combined TRACON& Tower with Radar,12,14,29,0,55,0,1,187,0,188,12,15,216,0,243,48,0,48,291
02/07/2020,BFL,CA,AWP,WE,Combined TRACON& Tower with Radar,11,13,21,0,45,0,2,191,0,193,11,15,212,0,238,82,0,82,320
02/08/2020,BFL,CA,AWP,WE,Combined TRACON& Tower with Radar,12,7,23,0,42,6,10,153,0,169,18,17,176,0,211,64,0,64,275
02/09/2020,BFL,CA,AWP,WE,Combined TRACON& Tower with Radar,12,4,23,0,39,0,2,63,10,75,12,6,86,10,114,72,0,72,186
02/10/2020,BFL,CA,AWP,WE,Combined TRACON& Tower with Radar,12,13,17,0,42,0,7,165,0,172,12,20,182,0,214,70,0,70,284
02/11/2020,BFL,CA,AWP,WE,Combined TRACON& Tower with Radar,9,15,18,0,42,0,5,166,18,189,9,20,184,18,231,78,0,78,309
02/12/2020,BFL,CA,AWP,WE,Combined TRACON& Tower with Radar,12,17,32,0,61,0,7,216,0,223,12,24,248,0,284,102,0,102,386
02/13/2020,BFL,CA,AWP,WE,Combined TRACON& Tower with Radar,12,16,30,0,58,0,13,202,1,216,12,29,232,1,274,82,0,82,356
02/14/2020,BFL,CA,AWP,WE,Combined TRACON& Tower with Radar,12,11,20,0,43,0,8,125,2,135,12,19,145,2,178,102,0,102,280
02/15/2020,BFL,CA,AWP,WE,Combined TRACON& Tower with Radar,12,5,23,0,40,0,3,66,0,69,12,8,89,0,109,36,0,36,145
02/16/2020,BFL,CA,AWP,WE,Combined TRACON& Tower with Radar,12,2,11,0,25,0,11,68,3,82,12,13,79,3,107,58,0,58,165
02/17/2020,BFL,CA,AWP,WE,Combined TRACON& Tower with Radar,12,6,23,2,43,0,2,103,0,105,12,8,126,2,148,26,0,26,174
02/18/2020,BFL,CA,AWP,WE,Combined TRACON& Tower with Radar,12,15,34,4,65,0,2,164,17,183,12,17,198,21,248,137,4,141,389
02/19/2020,BFL,CA,AWP,WE,Combined TRACON& Tower with Radar,11,17,23,3,54,0,13,91,0,104,11,30,114,3,158,34,0,34,192
02/20/2020,BFL,CA,AWP,WE,Combined TRACON& Tower with Radar,13,16,32,0,61,0,14,189,0,203,13,30,221,0,264,104,0,104,368
02/21/2020,BFL,CA,AWP,WE,Combined TRACON& Tower with Radar,12,12,30,0,54,0,15,216,0,231,12,27,246,0,285,105,0,105,390
02/22/2020,BFL,CA,AWP,WE,Combined TRACON& Tower with Radar,12,8,20,0,40,0,2,105,0,107,12,10,125,0,147,132,0,132,279
02/23/2020,BFL,CA,AWP,WE,Combined TRACON& Tower with Radar,12,6,30,0,48,0,2,124,0,126,12,8,154,0,174,98,0,98,272
02/24/2020,BFL,CA,AWP,WE,Combined TRACON& Tower with Radar,14,6,28,2,50,0,8,163,9,180,14,14,191,11,230,64,0,64,294
02/25/2020,BFL,CA,AWP,WE,Combined TRACON& Tower with Radar,12,12,33,2,59,0,11,176,9,196,12,23,209,11,255,86,0,86,341
02/26/2020,BFL,CA,AWP,WE,Combined TRACON& Tower with Radar,11,12,29,0,52,0,5,175,7,187,11,17,204,7,239,128,0,128,367
02/27/2020,BFL,CA,AWP,WE,Combined TRACON& Tower with Radar,11,13,20,1,45,0,14,186,11,211,11,27,206,12,256,166,6,172,428
02/28/2020,BFL,CA,AWP,WE,Combined TRACON& Tower with Radar,12,14,24,0,50,0,3,164,2,169,12,17,188,2,219,148,0,148,367
02/29/2020,BFL,CA,AWP,WE,Combined TRACON& Tower with Radar,12,8,22,0,42,0,15,166,4,185,12,23,188,4,227,149,0,149,376
03/01/2020,BFL,CA,AWP,WE,Combined TRACON& Tower with Radar,12,5,20,0,37,0,4,121,4,129,12,9,141,4,166,92,0,92,258
03/02/2020,BFL,CA,AWP,WE,Combined TRACON& Tower with Radar,11,7,14,4,36,0,7,153,26,186,11,14,167,30,222,104,66,170,392
03/03/2020,BFL,CA,AWP,WE,Combined TRACON& Tower with Radar,12,21,18,0,51,0,7,171,14,192,12,28,189,14,243,58,0,58,301
03/04/2020,BFL,CA,AWP,WE,Combined TRACON& Tower with Radar,11,14,21,4,50,0,6,175,15,196,11,20,196,19,246,157,12,169,415
03/05/2020,BFL,CA,AWP,WE,Combined TRACON& Tower with Radar,10,14,44,2,70,0,6,190,21,217,10,20,234,23,287,204,0,204,491
03/06/2020,BFL,CA,AWP,WE,Combined TRACON& Tower with Radar,10,15,24,0,49,0,4,211,3,218,10,19,235,3,267,172,0,172,439
03/07/2020,BFL,CA,AWP,WE,Combined TRACON& Tower with Radar,9,6,9,0,24,0,3,103,5,111,9,9,112,5,135,146,0,146,281
03/08/2020,BFL,CA,AWP,WE,Combined TRACON& Tower with Radar,11,3,17,0,31,0,13,132,4,149,11,16,149,4,180,122,0,122,302
03/09/2020,BFL,CA,AWP,WE,Combined TRACON& Tower with Radar,10,9,17,0,36,0,7,164,4,175,10,16,181,4,211,156,0,156,367
03/10/2020,BFL,CA,AWP,WE,Combined TRACON& Tower with Radar,10,16,41,0,67,0,3,91,0,94,10,19,132,0,161,88,0,88,249
03/11/2020,BFL,CA,AWP,WE,Combined TRACON& Tower with Radar,10,17,75,2,104,0,2,44,5,51,10,19,119,7,155,36,0,36,191
03/12/2020,BFL,CA,AWP,WE,Combined TRACON& Tower with Radar,10,21,43,10,84,0,4,94,5,103,10,25,137,15,187,124,2,126,313
03/13/2020,BFL,CA,AWP,WE,Combined TRACON& Tower with Radar,10,12,32,0,54,0,5,124,3,132,10,17,156,3,186,141,0,141,327
03/14/2020,BFL,CA,AWP,WE,Combined TRACON& Tower with Radar,8,9,25,1,43,0,5,66,3,74,8,14,91,4,117,64,0,64,181
03/15/2020,BFL,CA,AWP,WE,Combined TRACON& Tower with Radar,10,10,9,0,29,0,1,58,17,76,10,11,67,17,105,34,0,34,139
03/16/2020,BFL,CA,AWP,WE,Combined TRACON& Tower with Radar,11,8,21,2,42,0,1,20,0,21,11,9,41,2,63,10,0,10,73
03/17/2020,BFL,CA,AWP,WE,Combined TRACON& Tower with Radar,10,17,7,3,37,0,1,115,0,116,10,18,122,3,153,96,0,96,249
03/18/2020,BFL,CA,AWP,WE,Combined TRACON& Tower with Radar,10,14,36,12,72,0,8,125,6,139,10,22,161,18,211,180,0,180,391
03/19/2020,BFL,CA,AWP,WE,Combined TRACON& Tower with Radar,9,11,37,0,57,0,4,53,3,60,9,15,90,3,117,114,0,114,231
03/20/2020,BFL,CA,AWP,WE,Combined TRACON& Tower with Radar,10,16,11,0,37,0,12,106,5,123,10,28,117,5,160,102,0,102,262
03/21/2020,BFL,CA,AWP,WE,Combined TRACON& Tower with Radar,11,6,8,0,25,0,4,67,1,72,11,10,75,1,97,44,0,44,141
03/22/2020,BFL,CA,AWP,WE,Combined TRACON& Tower with Radar,11,2,12,0,25,1,1,104,0,106,12,3,116,0,131,174,0,174,305
03/23/2020,BFL,CA,AWP,WE,Combined TRACON& Tower with Radar,8,6,11,2,27,0,4,97,5,106,8,10,108,7,133,84,0,84,217
03/24/2020,BFL,CA,AWP,WE,Combined TRACON& Tower with Radar,8,14,22,3,47,0,10,84,5,99,8,24,106,8,146,76,0,76,222
03/25/2020,BFL,CA,AWP,WE,Combined TRACON& Tower with Radar,7,11,26,15,59,0,5,53,0,58,7,16,79,15,117,48,0,48,165
03/26/2020,BFL,CA,AWP,WE,Combined TRACON& Tower with Radar,8,14,18,2,42,0,5,132,18,155,8,19,150,20,197,125,0,125,322
03/27/2020,BFL,CA,AWP,WE,Combined TRACON& Tower with Radar,8,11,11,4,34,0,13,117,0,130,8,24,128,4,164,61,0,61,225
03/28/2020,BFL,CA,AWP,WE,Combined TRACON& Tower with Radar,8,4,22,6,40,0,10,93,0,103,8,14,115,6,143,64,12,76,219
03/29/2020,BFL,CA,AWP,WE,Combined TRACON& Tower with Radar,4,3,20,8,35,0,3,44,2,49,4,6,64,10,84,44,8,52,136
03/30/2020,BFL,CA,AWP,WE,Combined TRACON& Tower with Radar,7,3,22,2,34,0,20,141,4,165,7,23,163,6,199,76,0,76,275
03/31/2020,BFL,CA,AWP,WE,Combined TRACON& Tower with Radar,7,11,9,8,35,0,14,122,0,136,7,25,131,8,171,138,0,138,309
04/01/2020,BFL,CA,AWP,WE,Combined TRACON& Tower with Radar,8,10,16,6,40,0,16,96,0,112,8,26,112,6,152,60,0,60,212
04/02/2020,BFL,CA,AWP,WE,Combined TRACON& Tower with Radar,6,13,18,10,47,0,5,123,6,134,6,18,141,16,181,116,0,116,297
04/03/2020,BFL,CA,AWP,WE,Combined TRACON& Tower with Radar,5,12,21,6,44,0,5,130,0,135,5,17,151,6,179,70,0,70,249
04/04/2020,BFL,CA,AWP,WE,Combined TRACON& Tower with Radar,7,5,5,0,17,0,6,88,1,95,7,11,93,1,112,68,0,68,180
04/05/2020,BFL,CA,AWP,WE,Combined TRACON& Tower with Radar,6,0,10,3,19,0,1,78,1,80,6,1,88,4,99,33,0,33,132
04/06/2020,BFL,CA,AWP,WE,Combined TRACON& Tower with Radar,11,4,12,6,33,0,0,47,0,47,11,4,59,6,80,64,0,64,144
04/07/2020,BFL,CA,AWP,WE,Combined TRACON& Tower with Radar,3,8,27,0,38,0,2,87,0,89,3,10,114,0,127,70,0,70,197
04/08/2020,BFL,CA,AWP,WE,Combined TRACON& Tower with Radar,6,11,11,4,32,0,4,22,0,26,6,15,33,4,58,6,0,6,64
04/09/2020,BFL,CA,AWP,WE,Combined TRACON& Tower with Radar,4,8,15,0,27,0,7,74,0,81,4,15,89,0,108,40,0,40,148
04/10/2020,BFL,CA,AWP,WE,Combined TRACON& Tower with Radar,5,9,20,0,34,0,9,112,0,121,5,18,132,0,155,46,0,46,201
04/11/2020,BFL,CA,AWP,WE,Combined TRACON& Tower with Radar,1,5,5,0,11,0,6,104,0,110,1,11,109,0,121,70,0,70,191
04/12/2020,BFL,CA,AWP,WE,Combined TRACON& Tower with Radar,4,0,7,0,11,0,13,85,0,98,4,13,92,0,109,42,0,42,151
04/13/2020,BFL,CA,AWP,WE,Combined TRACON& Tower with Radar,3,6,25,4,38,0,3,75,1,79,3,9,100,5,117,46,0,46,163
04/14/2020,BFL,CA,AWP,WE,Combined TRACON& Tower with Radar,4,13,12,9,38,3,6,166,2,177,7,19,178,11,215,52,0,52,267
04/15/2020,BFL,CA,AWP,WE,Combined TRACON& Tower with Radar,3,11,24,0,38,0,4,150,4,158,3,15,174,4,196,66,8,74,270
04/16/2020,BFL,CA,AWP,WE,Combined TRACON& Tower with Radar,3,9,19,0,31,0,3,144,0,147,3,12,163,0,178,84,0,84,262
04/17/2020,BFL,CA,AWP,WE,Combined TRACON& Tower with Radar,3,10,10,2,25,0,3,56,0,59,3,13,66,2,84,50,0,50,134
04/18/2020,BFL,CA,AWP,WE,Combined TRACON& Tower with Radar,1,10,25,0,36,0,0,36,0,36,1,10,61,0,72,29,0,29,101
04/19/2020,BFL,CA,AWP,WE,Combined TRACON& Tower with Radar,3,1,22,0,26,0,0,60,0,60,3,1,82,0,86,40,0,40,126
04/20/2020,BFL,CA,AWP,WE,Combined TRACON& Tower with Radar,2,4,18,8,32,0,16,84,0,100,2,20,102,8,132,53,6,59,191
04/21/2020,BFL,CA,AWP,WE,Combined TRACON& Tower with Radar,4,11,9,3,27,0,3,99,13,115,4,14,108,16,142,64,12,76,218
04/22/2020,BFL,CA,AWP,WE,Combined TRACON& Tower with Radar,3,9,9,8,29,0,13,108,0,121,3,22,117,8,150,26,6,32,182
04/23/2020,BFL,CA,AWP,WE,Combined TRACON& Tower with Radar,3,10,13,12,38,0,10,129,2,141,3,20,142,14,179,98,10,108,287
04/24/2020,BFL,CA,AWP,WE,Combined TRACON& Tower with Radar,2,10,11,1,24,0,21,161,1,183,2,31,172,2,207,132,0,132,339
04/25/2020,BFL,CA,AWP,WE,Combined TRACON& Tower with Radar,1,8,11,0,20,0,12,110,0,122,1,20,121,0,142,106,0,106,248
04/26/2020,BFL,CA,AWP,WE,Combined TRACON& Tower with Radar,3,1,6,0,10,2,17,122,0,141,5,18,128,0,151,100,0,100,251
04/27/2020,BFL,CA,AWP,WE,Combined TRACON& Tower with Radar,2,4,4,2,12,0,0,121,2,123,2,4,125,4,135,90,0,90,225
04/28/2020,BFL,CA,AWP,WE,Combined TRACON& Tower with Radar,2,9,12,0,23,0,11,116,0,127,2,20,128,0,150,36,0,36,186
04/29/2020,BFL,CA,AWP,WE,Combined TRACON& Tower with Radar,3,9,9,4,25,0,12,113,2,127,3,21,122,6,152,30,6,36,188
04/30/2020,BFL,CA,AWP,WE,Combined TRACON& Tower with Radar,4,13,9,4,30,0,6,105,5,116,4,19,114,9,146,24,0,24,170
05/01/2020,BFL,CA,AWP,WE,Combined TRACON& Tower with Radar,3,13,28,2,46,2,12,145,1,160,5,25,173,3,206,90,0,90,296
05/02/2020,BFL,CA,AWP,WE,Combined TRACON& Tower with Radar,2,6,23,6,37,0,4,82,1,87,2,10,105,7,124,72,0,72,196
05/03/2020,BFL,CA,AWP,WE,Combined TRACON& Tower with Radar,3,1,17,2,23,0,1,74,0,75,3,2,91,2,98,50,0,50,148
05/04/2020,BFL,CA,AWP,WE,Combined TRACON& Tower with Radar,4,8,8,0,20,0,1,112,12,125,4,9,120,12,145,24,0,24,169
05/05/2020,BFL,CA,AWP,WE,Combined TRACON& Tower with Radar,1,10,17,2,30,0,4,85,0,89,1,14,102,2,119,36,0,36,155
05/06/2020,BFL,CA,AWP,WE,Combined TRACON& Tower with Radar,2,12,7,0,21,0,3,96,0,99,2,15,103,0,120,56,0,56,176
05/07/2020,BFL,CA,AWP,WE,Combined TRACON& Tower with Radar,3,10,17,0,30,0,7,96,10,113,3,17,113,10,143,126,0,126,269
05/08/2020,BFL,CA,AWP,WE,Combined TRACON& Tower with Radar,3,12,20,2,37,0,8,104,0,112,3,20,124,2,149,66,0,66,215
05/09/2020,BFL,CA,AWP,WE,Combined TRACON& Tower with Radar,1,10,21,0,32,1,5,88,2,96,2,15,109,2,128,18,0,18,146
05/10/2020,BFL,CA,AWP,WE,Combined TRACON& Tower with Radar,3,2,6,0,11,0,5,72,0,77,3,7,78,0,88,20,0,20,108
05/11/2020,BFL,CA,AWP,WE,Combined TRACON& Tower with Radar,3,6,13,0,22,0,11,101,1,113,3,17,114,1,135,104,0,104,239
05/12/2020,BFL,CA,AWP,WE,Combined TRACON& Tower with Radar,1,15,36,3,55,0,8,99,0,107,1,23,135,3,162,84,4,88,250
05/13/2020,BFL,CA,AWP,WE,Combined TRACON& Tower with Radar,3,10,11,0,24,0,24,128,0,152,3,34,139,0,176,64,0,64,240
05/14/2020,BFL,CA,AWP,WE,Combined TRACON& Tower with Radar,3,15,22,0,40,0,9,150,2,161,3,24,172,2,201,114,0,114,315
05/15/2020,BFL,CA,AWP,WE,Combined TRACON& Tower with Radar,3,10,30,7,50,0,9,143,15,167,3,19,173,22,217,132,0,132,349
05/16/2020,BFL,CA,AWP,WE,Combined TRACON& Tower with Radar,1,6,22,0,29,0,3,149,0,152,1,9,171,0,181,129,0,129,310
05/17/2020,BFL,CA,AWP,WE,Combined TRACON& Tower with Radar,3,5,13,0,21,0,7,133,0,140,3,12,146,0,161,170,0,170,331
05/18/2020,BFL,CA,AWP,WE,Combined TRACON& Tower with Radar,3,8,15,4,30,0,0,62,6,68,3,8,77,10,98,56,0,56,154
05/19/2020,BFL,CA,AWP,WE,Combined TRACON& Tower with Radar,1,15,29,2,47,0,6,117,0,123,1,21,146,2,170,108,0,108,278
05/20/2020,BFL,CA,AWP,WE,Combined TRACON& Tower with Radar,3,14,39,0,56,0,2,115,0,117,3,16,154,0,173,63,0,63,236
05/21/2020,BFL,CA,AWP,WE,Combined TRACON& Tower with Radar,3,12,29,2,46,0,8,132,2,142,3,20,161,4,188,101,0,101,289
05/22/2020,BFL,CA,AWP,WE,Combined TRACON& Tower with Radar,3,14,15,0,32,0,1,108,0,109,3,15,123,0,141,46,0,46,187
05/23/2020,BFL,CA,AWP,WE,Combined TRACON& Tower with Radar,1,9,6,0,16,0,11,126,0,137,1,20,132,0,153,98,0,98,251
05/24/2020,BFL,CA,AWP,WE,Combined TRACON& Tower with Radar,3,2,12,0,17,0,4,93,0,97,3,6,105,0,114,88,0,88,202
05/25/2020,BFL,CA,AWP,WE,Combined TRACON& Tower with Radar,3,6,9,0,18,0,5,82,0,87,3,11,91,0,105,44,0,44,149
05/26/2020,BFL,CA,AWP,WE,Combined TRACON& Tower with Radar,3,7,31,0,41,0,2,138,0,140,3,9,169,0,181,78,0,78,259
05/27/2020,BFL,CA,AWP,WE,Combined TRACON& Tower with Radar,3,9,11,0,23,0,13,141,0,154,3,22,152,0,177,40,0,40,217
05/28/2020,BFL,CA,AWP,WE,Combined TRACON& Tower with Radar,3,12,17,2,34,0,10,106,0,116,3,22,123,2,150,120,2,122,272
05/29/2020,BFL,CA,AWP,WE,Combined TRACON& Tower with Radar,2,12,23,0,37,0,7,137,0,144,2,19,160,0,181,62,0,62,243
05/30/2020,BFL,CA,AWP,WE,Combined TRACON& Tower with Radar,2,8,6,0,16,0,8,103,0,111,2,16,109,0,127,150,0,150,277
05/31/2020,BFL,CA,AWP,WE,Combined TRACON& Tower with Radar,3,2,26,0,31,0,8,139,0,147,3,10,165,0,178,116,0,116,294
06/01/2020,BFL,CA,AWP,WE,Combined TRACON& Tower with Radar,3,8,10,0,21,0,7,113,0,120,3,15,123,0,141,98,0,98,239
06/02/2020,BFL,CA,AWP,WE,Combined TRACON& Tower with Radar,1,15,28,0,44,0,3,137,0,140,1,18,165,0,184,71,0,71,255
06/03/2020,BFL,CA,AWP,WE,Combined TRACON& Tower with Radar,3,10,7,4,24,0,2,122,0,124,3,12,129,4,148,117,0,117,265
06/04/2020,BFL,CA,AWP,WE,Combined TRACON& Tower with Radar,3,8,17,0,28,0,5,128,0,133,3,13,145,0,161,58,0,58,219
06/05/2020,BFL,CA,AWP,WE,Combined TRACON& Tower with Radar,3,11,27,0,41,0,2,95,0,97,3,13,122,0,138,83,0,83,221
06/06/2020,BFL,CA,AWP,WE,Combined TRACON& Tower with Radar,3,11,15,0,29,0,4,101,0,105,3,15,116,0,134,84,0,84,218
06/07/2020,BFL,CA,AWP,WE,Combined TRACON& Tower with Radar,3,0,11,0,14,0,2,108,0,110,3,2,119,0,124,104,0,104,228
06/08/2020,BFL,CA,AWP,WE,Combined TRACON& Tower with Radar,3,10,10,0,23,0,4,174,0,178,3,14,184,0,201,114,0,114,315
06/09/2020,BFL,CA,AWP,WE,Combined TRACON& Tower with Radar,3,10,17,0,30,0,11,178,0,189,3,21,195,0,219,128,0,128,347
06/10/2020,BFL,CA,AWP,WE,Combined TRACON& Tower with Radar,3,13,18,0,34,0,5,183,0,188,3,18,201,0,222,106,0,106,328
06/11/2020,BFL,CA,AWP,WE,Combined TRACON& Tower with Radar,4,10,17,0,31,0,6,190,0,196,4,16,207,0,227,150,0,150,377
06/12/2020,BFL,CA,AWP,WE,Combined TRACON& Tower with Radar,3,11,14,0,28,0,5,145,0,150,3,16,159,0,178,144,0,144,322
06/13/2020,BFL,CA,AWP,WE,Combined TRACON& Tower with Radar,3,9,18,0,30,4,11,139,1,155,7,20,157,1,185,98,0,98,283
06/14/2020,BFL,CA,AWP,WE,Combined TRACON& Tower with Radar,3,2,17,0,22,0,4,110,0,114,3,6,127,0,136,108,0,108,244
06/15/2020,BFL,CA,AWP,WE,Combined TRACON& Tower with Radar,3,6,22,6,37,0,9,143,0,152,3,15,165,6,189,94,6,100,289
06/16/2020,BFL,CA,AWP,WE,Combined TRACON& Tower with Radar,3,13,20,6,42,0,10,168,0,178,3,23,188,6,220,92,4,96,316
06/17/2020,BFL,CA,AWP,WE,Combined TRACON& Tower with Radar,3,18,20,13,54,0,2,137,1,140,3,20,157,14,194,96,0,96,290
06/18/2020,BFL,CA,AWP,WE,Combined TRACON& Tower with Radar,3,16,19,0,38,0,4,115,0,119,3,20,134,0,157,79,0,79,236
06/19/2020,BFL,CA,AWP,WE,Combined TRACON& Tower with Radar,3,10,32,8,53,0,11,152,0,163,3,21,184,8,216,100,0,100,316
06/20/2020,BFL,CA,AWP,WE,Combined TRACON& Tower with Radar,3,9,17,4,33,0,1,147,0,148,3,10,164,4,181,65,0,65,246
06/21/2020,BFL,CA,AWP,WE,Combined TRACON& Tower with Radar,3,2,20,0,25,0,2,103,0,105,3,4,123,0,130,78,0,78,208
06/22/2020,BFL,CA,AWP,WE,Combined TRACON& Tower with Radar,3,7,23,0,33,0,20,146,0,166,3,27,169,0,199,74,0,74,273
06/23/2020,BFL,CA,AWP,WE,Combined TRACON& Tower with Radar,3,13,34,0,50,0,12,166,0,178,3,25,200,0,228,134,0,134,362
06/24/2020,BFL,CA,AWP,WE,Combined TRACON& Tower with Radar,4,16,27,0,47,0,16,202,0,218,4,32,229,0,265,184,0,184,449
06/25/2020,BFL,CA,AWP,WE,Combined TRACON& Tower with Radar,4,14,32,4,54,0,5,162,0,167,4,19,194,4,221,64,6,70,291
06/26/2020,BFL,CA,AWP,WE,Combined TRACON& Tower with Radar,3,7,22,11,43,0,12,180,6,198,3,19,202,17,241,132,0,132,373
06/27/2020,BFL,CA,AWP,WE,Combined TRACON& Tower with Radar,3,6,16,0,25,0,11,101,0,112,3,17,117,0,137,30,0,30,167
06/28/2020,BFL,CA,AWP,WE,Combined TRACON& Tower with Radar,5,2,19,0,26,0,9,103,0,112,5,11,122,0,138,81,0,81,219
06/29/2020,BFL,CA,AWP,WE,Combined TRACON& Tower with Radar,3,9,22,0,34,0,12,168,0,180,3,21,190,0,214,112,0,112,326
06/30/2020,BFL,CA,AWP,WE,Combined TRACON& Tower with Radar,4,13,36,0,53,0,16,174,0,190,4,29,210,0,243,108,0,108,351
07/01/2020,BFL,CA,AWP,WE,Combined TRACON& Tower with Radar,3,13,21,0,37,0,2,165,0,167,3,15,186,0,204,104,0,104,308
07/02/2020,BFL,CA,AWP,WE,Combined TRACON& Tower with Radar,5,12,16,0,33,0,32,166,0,198,5,44,182,0,231,174,0,174,405
07/03/2020,BFL,CA,AWP,WE,Combined TRACON& Tower with Radar,4,13,14,0,31,0,9,168,0,177,4,22,182,0,208,58,0,58,266
07/04/2020,BFL,CA,AWP,WE,Combined TRACON& Tower with Radar,3,4,8,0,15,0,7,62,0,69,3,11,70,0,84,24,0,24,108
07/05/2020,BFL,CA,AWP,WE,Combined TRACON& Tower with Radar,4,1,12,0,17,0,2,84,0,86,4,3,96,0,103,6,0,6,109
07/06/2020,BFL,CA,AWP,WE,Combined TRACON& Tower with Radar,4,7,21,3,35,0,4,137,1,142,4,11,158,4,177,139,0,139,316
07/07/2020,BFL,CA,AWP,WE,Combined TRACON& Tower with Radar,7,11,26,0,44,0,11,181,4,196,7,22,207,4,240,100,0,100,340
07/08/2020,BFL,CA,AWP,WE,Combined TRACON& Tower with Radar,8,15,20,0,43,0,5,191,4,200,8,20,211,4,243,126,0,126,369
07/09/2020,BFL,CA,AWP,WE,Combined TRACON& Tower with Radar,8,12,26,0,46,0,10,176,0,186,8,22,202,0,232,35,0,35,267
07/10/2020,BFL,CA,AWP,WE,Combined TRACON& Tower with Radar,8,10,31,0,49,0,5,156,2,163,8,15,187,2,212,80,0,80,292
07/11/2020,BFL,CA,AWP,WE,Combined TRACON& Tower with Radar,8,6,1,0,15,0,5,98,0,103,8,11,99,0,118,74,0,74,192
07/12/2020,BFL,CA,AWP,WE,Combined TRACON& Tower with Radar,8,3,18,0,29,0,3,110,0,113,8,6,128,0,142,32,0,32,174
07/13/2020,BFL,CA,AWP,WE,Combined TRACON& Tower with Radar,8,7,23,0,38,0,8,132,0,140,8,15,155,0,178,81,0,81,259
07/14/2020,BFL,CA,AWP,WE,Combined TRACON& Tower with Radar,8,17,26,0,51,0,11,149,8,168,8,28,175,8,219,122,0,122,341
07/15/2020,BFL,CA,AWP,WE,Combined TRACON& Tower with Radar,8,14,32,0,54,0,8,185,0,193,8,22,217,0,247,160,0,160,407
07/16/2020,BFL,CA,AWP,WE,Combined TRACON& Tower with Radar,8,17,33,0,58,0,5,207,0,212,8,22,240,0,270,168,0,168,438
07/17/2020,BFL,CA,AWP,WE,Combined TRACON& Tower with Radar,8,16,22,0,46,0,5,172,0,177,8,21,194,0,223,176,0,176,399
07/18/2020,BFL,CA,AWP,WE,Combined TRACON& Tower with Radar,8,9,14,0,31,0,5,99,0,104,8,14,113,0,135,50,0,50,185
07/19/2020,BFL,CA,AWP,WE,Combined TRACON& Tower with Radar,8,3,12,0,23,0,6,107,0,113,8,9,119,0,136,64,0,64,200
07/20/2020,BFL,CA,AWP,WE,Combined TRACON& Tower with Radar,7,8,16,0,31,0,3,148,0,151,7,11,164,0,182,199,0,199,381
07/21/2020,BFL,CA,AWP,WE,Combined TRACON& Tower with Radar,8,13,22,1,44,0,4,147,1,152,8,17,169,2,196,134,0,134,330
07/22/2020,BFL,CA,AWP,WE,Combined TRACON& Tower with Radar,8,14,23,0,45,0,13,179,0,192,8,27,202,0,237,98,0,98,335
07/23/2020,BFL,CA,AWP,WE,Combined TRACON& Tower with Radar,8,16,39,0,63,0,13,203,0,216,8,29,242,0,279,166,0,166,445
07/24/2020,BFL,CA,AWP,WE,Combined TRACON& Tower with Radar,8,12,29,0,49,0,19,191,1,211,8,31,220,1,260,194,0,194,454
07/25/2020,BFL,CA,AWP,WE,Combined TRACON& Tower with Radar,8,6,18,0,32,0,4,97,0,101,8,10,115,0,133,66,0,66,199
07/26/2020,BFL,CA,AWP,WE,Combined TRACON& Tower with Radar,8,5,8,0,21,0,9,108,0,117,8,14,116,0,138,138,0,138,276
07/27/2020,BFL,CA,AWP,WE,Combined TRACON& Tower with Radar,8,13,17,2,40,0,2,175,0,177,8,15,192,2,217,194,0,194,411
07/28/2020,BFL,CA,AWP,WE,Combined TRACON& Tower with Radar,8,12,23,2,45,0,9,167,2,178,8,21,190,4,223,82,0,82,305
07/29/2020,BFL,CA,AWP,WE,Combined TRACON& Tower with Radar,8,15,42,0,65,0,12,193,2,207,8,27,235,2,272,100,0,100,372
07/30/2020,BFL,CA,AWP,WE,Combined TRACON& Tower with Radar,8,12,28,0,48,0,7,162,9,178,8,19,190,9,226,114,0,114,340
07/31/2020,BFL,CA,AWP,WE,Combined TRACON& Tower with Radar,8,15,24,2,49,0,4,126,16,146,8,19,150,18,195,76,0,76,271
08/01/2020,BFL,CA,AWP,WE,Combined TRACON& Tower with Radar,8,11,15,0,34,0,21,116,3,140,8,32,131,3,174,54,0,54,228
08/02/2020,BFL,CA,AWP,WE,Combined TRACON& Tower with Radar,8,5,22,0,35,0,6,117,0,123,8,11,139,0,158,12,0,12,170
08/03/2020,BFL,CA,AWP,WE,Combined TRACON& Tower with Radar,8,12,20,0,40,0,7,191,0,198,8,19,211,0,238,34,0,34,272
08/04/2020,BFL,CA,AWP,WE,Combined TRACON& Tower with Radar,8,19,17,0,44,0,19,182,1,202,8,38,199,1,246,89,0,89,335
08/05/2020,BFL,CA,AWP,WE,Combined TRACON& Tower with Radar,8,20,18,0,46,0,9,182,0,191,8,29,200,0,237,144,0,144,381
08/06/2020,BFL,CA,AWP,WE,Combined TRACON& Tower with Radar,8,15,29,10,62,0,3,160,10,173,8,18,189,20,235,62,32,94,329
08/07/2020,BFL,CA,AWP,WE,Combined TRACON& Tower with Radar,8,15,20,0,43,0,6,154,0,160,8,21,174,0,203,156,0,156,359
08/08/2020,BFL,CA,AWP,WE,Combined TRACON& Tower with Radar,8,8,11,0,27,0,4,100,0,104,8,12,111,0,131,22,0,22,153
08/09/2020,BFL,CA,AWP,WE,Combined TRACON& Tower with Radar,8,4,20,0,32,0,4,98,0,102,8,8,118,0,134,44,0,44,178
08/10/2020,BFL,CA,AWP,WE,Combined TRACON& Tower with Radar,8,12,16,3,39,0,4,136,35,175,8,16,152,38,214,118,10,128,342
08/11/2020,BFL,CA,AWP,WE,Combined TRACON& Tower with Radar,8,16,20,0,44,0,5,187,6,198,8,21,207,6,242,92,0,92,334
08/12/2020,BFL,CA,AWP,WE,Combined TRACON& Tower with Radar,8,16,26,0,50,0,12,159,23,194,8,28,185,23,244,119,0,119,363
08/13/2020,BFL,CA,AWP,WE,Combined TRACON& Tower with Radar,8,12,23,2,45,0,9,189,3,201,8,21,212,5,246,108,0,108,354
08/14/2020,BFL,CA,AWP,WE,Combined TRACON& Tower with Radar,8,12,23,0,43,0,10,147,6,163,8,22,170,6,206,38,0,38,244
08/15/2020,BFL,CA,AWP,WE,Combined TRACON& Tower with Radar,8,8,15,0,31,0,6,92,0,98,8,14,107,0,129,56,0,56,185
08/16/2020,BFL,CA,AWP,WE,Combined TRACON& Tower with Radar,7,7,16,0,30,0,5,65,0,70,7,12,81,0,100,42,0,42,142
08/17/2020,BFL,CA,AWP,WE,Combined TRACON& Tower with Radar,8,11,28,2,49,0,4,133,4,141,8,15,161,6,190,104,0,104,294
08/18/2020,BFL,CA,AWP,WE,Combined TRACON& Tower with Radar,6,12,17,3,38,0,4,134,20,158,6,16,151,23,196,100,0,100,296
08/19/2020,BFL,CA,AWP,WE,Combined TRACON& Tower with Radar,6,10,27,0,43,0,14,135,4,153,6,24,162,4,196,96,0,96,292
08/20/2020,BFL,CA,AWP,WE,Combined TRACON& Tower with Radar,6,15,44,0,65,0,2,78,16,96,6,17,122,16,161,122,0,122,283
08/21/2020,BFL,CA,AWP,WE,Combined TRACON& Tower with Radar,6,16,55,8,85,0,3,6,2,11,6,19,61,10,96,0,0,0,96
08/22/2020,BFL,CA,AWP,WE,Combined TRACON& Tower with Radar,6,7,29,0,42,0,0,5,0,5,6,7,34,0,47,0,0,0,47
08/23/2020,BFL,CA,AWP,WE,Combined TRACON& Tower with Radar,6,4,23,0,33,0,0,6,0,6,6,4,29,0,39,0,0,0,39
08/24/2020,BFL,CA,AWP,WE,Combined TRACON& Tower with Radar,6,7,17,0,30,0,3,102,0,105,6,10,119,0,135,44,0,44,179
08/25/2020,BFL,CA,AWP,WE,Combined TRACON& Tower with Radar,6,17,21,0,44,0,12,133,0,145,6,29,154,0,189,118,0,118,307
08/26/2020,BFL,CA,AWP,WE,Combined TRACON& Tower with Radar,8,15,26,3,52,0,6,148,29,183,8,21,174,32,235,48,0,48,283
08/27/2020,BFL,CA,AWP,WE,Combined TRACON& Tower with Radar,6,11,30,0,47,0,17,170,0,187,6,28,200,0,234,42,0,42,276
08/28/2020,BFL,CA,AWP,WE,Combined TRACON& Tower with Radar,6,13,29,0,48,0,1,138,3,142,6,14,167,3,190,38,0,38,228
08/29/2020,BFL,CA,AWP,WE,Combined TRACON& Tower with Radar,6,7,12,0,25,0,3,130,0,133,6,10,142,0,158,66,0,66,224
08/30/2020,BFL,CA,AWP,WE,Combined TRACON& Tower with Radar,6,10,14,0,30,0,3,101,0,104,6,13,115,0,134,38,0,38,172
08/31/2020,BFL,CA,AWP,WE,Combined TRACON& Tower with Radar,6,9,37,4,56,0,5,139,2,146,6,14,176,6,202,102,0,102,304
09/01/2020,BFL,CA,AWP,WE,Combined TRACON& Tower with Radar,5,13,22,4,44,0,5,123,0,128,5,18,145,4,172,134,0,134,306
09/02/2020,BFL,CA,AWP,WE,Combined TRACON& Tower with Radar,6,16,30,2,54,0,13,164,0,177,6,29,194,2,231,132,0,132,363
09/03/2020,BFL,CA,AWP,WE,Combined TRACON& Tower with Radar,6,15,32,4,57,0,6,147,0,153,6,21,179,4,210,114,0,114,324
09/04/2020,BFL,CA,AWP,WE,Combined TRACON& Tower with Radar,6,13,23,0,42,0,8,133,9,150,6,21,156,9,192,76,0,76,268
09/05/2020,BFL,CA,AWP,WE,Combined TRACON& Tower with Radar,5,6,13,0,24,0,2,82,0,84,5,8,95,0,108,66,0,66,174
09/06/2020,BFL,CA,AWP,WE,Combined TRACON& Tower with Radar,4,3,10,0,17,0,4,102,0,106,4,7,112,0,123,128,0,128,251
09/07/2020,BFL,CA,AWP,WE,Combined TRACON& Tower with Radar,5,5,25,0,35,0,3,114,0,117,5,8,139,0,152,116,0,116,268
09/08/2020,BFL,CA,AWP,WE,Combined TRACON& Tower with Radar,6,13,23,3,45,0,1,106,6,113,6,14,129,9,158,122,8,130,288
09/09/2020,BFL,CA,AWP,WE,Combined TRACON& Tower with Radar,6,26,34,0,66,0,5,116,20,141,6,31,150,20,207,80,8,88,295
09/10/2020,BFL,CA,AWP,WE,Combined TRACON& Tower with Radar,6,14,28,10,58,0,11,137,34,182,6,25,165,44,240,144,0,144,384
09/11/2020,BFL,CA,AWP,WE,Combined TRACON& Tower with Radar,6,17,30,6,59,0,8,125,18,151,6,25,155,24,210,100,0,100,310
09/12/2020,BFL,CA,AWP,WE,Combined TRACON& Tower with Radar,6,11,25,1,43,0,1,79,0,80,6,12,104,1,123,84,0,84,207
09/13/2020,BFL,CA,AWP,WE,Combined TRACON& Tower with Radar,6,6,20,0,32,0,0,79,0,79,6,6,99,0,111,58,0,58,169
09/14/2020,BFL,CA,AWP,WE,Combined TRACON& Tower with Radar,6,9,43,1,59,0,4,32,1,37,6,13,75,2,96,44,0,44,140
09/15/2020,BFL,CA,AWP,WE,Combined TRACON& Tower with Radar,6,20,68,9,103,0,1,31,0,32,6,21,99,9,135,0,0,0,135
09/16/2020,BFL,CA,AWP,WE,Combined TRACON& Tower with Radar,6,23,56,1,86,0,0,28,1,29,6,23,84,2,115,0,0,0,115
09/17/2020,BFL,CA,AWP,WE,Combined TRACON& Tower with Radar,6,27,57,1,91,0,2,80,1,83,6,29,137,2,174,40,0,40,214
09/18/2020,BFL,CA,AWP,WE,Combined TRACON& Tower with Radar,6,13,32,0,51,0,2,161,0,163,6,15,193,0,214,96,0,96,310
09/19/2020,BFL,CA,AWP,WE,Combined TRACON& Tower with Radar,6,9,26,0,41,0,3,188,3,194,6,12,214,3,235,146,0,146,381
09/20/2020,BFL,CA,AWP,WE,Combined TRACON& Tower with Radar,6,3,10,0,19,0,8,140,0,148,6,11,150,0,167,111,0,111,278
09/21/2020,BFL,CA,AWP,WE,Combined TRACON& Tower with Radar,6,14,27,0,47,0,10,167,0,177,6,24,194,0,224,216,0,216,440
09/22/2020,BFL,CA,AWP,WE,Combined TRACON& Tower with Radar,6,24,43,0,73,0,6,171,0,177,6,30,214,0,250,143,0,143,393
09/23/2020,BFL,CA,AWP,WE,Combined TRACON& Tower with Radar,6,18,20,2,46,0,5,214,0,219,6,23,234,2,265,250,0,250,515
09/24/2020,BFL,CA,AWP,WE,Combined TRACON& Tower with Radar,6,14,31,6,57,0,5,211,0,216,6,19,242,6,273,224,0,224,497
09/25/2020,BFL,CA,AWP,WE,Combined TRACON& Tower with Radar,6,14,39,2,61,0,0,170,0,170,6,14,209,2,231,126,0,126,357
09/26/2020,BFL,CA,AWP,WE,Combined TRACON& Tower with Radar,6,11,12,0,29,0,4,176,0,180,6,15,188,0,209,108,0,108,317
09/27/2020,BFL,CA,AWP,WE,Combined TRACON& Tower with Radar,6,4,29,0,39,0,2,138,0,140,6,6,167,0,179,152,0,152,331
09/28/2020,BFL,CA,AWP,WE,Combined TRACON& Tower with Radar,6,11,22,6,45,0,4,155,4,163,6,15,177,10,208,92,0,92,300
09/29/2020,BFL,CA,AWP,WE,Combined TRACON& Tower with Radar,6,15,28,0,49,0,1,183,3,187,6,16,211,3,236,192,0,192,428
09/30/2020,BFL,CA,AWP,WE,Combined TRACON& Tower with Radar,6,11,18,0,35,0,10,158,4,172,6,21,176,4,207,238,0,238,445
10/01/2020,BFL,CA,AWP,WE,Combined TRACON& Tower with Radar,7,12,23,6,48,0,6,178,0,184,7,18,201,6,232,102,0,102,334
10/02/2020,BFL,CA,AWP,WE,Combined TRACON& Tower with Radar,8,10,30,4,52,0,3,127,4,134,8,13,157,8,186,107,0,107,293
10/03/2020,BFL,CA,AWP,WE,Combined TRACON& Tower with Radar,8,5,27,0,40,0,2,40,0,42,8,7,67,0,82,50,0,50,132
10/04/2020,BFL,CA,AWP,WE,Combined TRACON& Tower with Radar,8,2,32,0,42,0,13,37,0,50,8,15,69,0,92,78,0,78,170
10/05/2020,BFL,CA,AWP,WE,Combined TRACON& Tower with Radar,8,13,40,3,64,0,3,59,1,63,8,16,99,4,127,28,0,28,155
10/06/2020,BFL,CA,AWP,WE,Combined TRACON& Tower with Radar,7,18,31,0,56,0,1,132,14,147,7,19,163,14,203,64,0,64,267
10/07/2020,BFL,CA,AWP,WE,Combined TRACON& Tower with Radar,9,13,25,2,49,0,8,172,8,188,9,21,197,10,237,258,0,258,495
10/08/2020,BFL,CA,AWP,WE,Combined TRACON& Tower with Radar,10,15,32,6,63,0,47,203,8,258,10,62,235,14,321,192,0,192,513
10/09/2020,BFL,CA,AWP,WE,Combined TRACON& Tower with Radar,10,12,29,0,51,0,5,138,0,143,10,17,167,0,194,134,0,134,328
10/10/2020,BFL,CA,AWP,WE,Combined TRACON& Tower with Radar,8,8,11,0,27,0,6,130,3,139,8,14,141,3,166,117,0,117,283
10/11/2020,BFL,CA,AWP,WE,Combined TRACON& Tower with Radar,10,6,20,0,36,0,4,98,0,102,10,10,118,0,138,98,0,98,236
10/12/2020,BFL,CA,AWP,WE,Combined TRACON& Tower with Radar,10,8,23,1,42,0,13,141,12,166,10,21,164,13,208,130,0,130,338
10/13/2020,BFL,CA,AWP,WE,Combined TRACON& Tower with Radar,9,13,14,2,38,0,9,213,9,231,9,22,227,11,269,195,0,195,464
10/14/2020,BFL,CA,AWP,WE,Combined TRACON& Tower with Radar,9,13,28,0,50,0,12,147,15,174,9,25,175,15,224,129,0,129,353
10/15/2020,BFL,CA,AWP,WE,Combined TRACON& Tower with Radar,10,12,24,7,53,0,3,157,12,172,10,15,181,19,225,150,0,150,375
10/16/2020,BFL,CA,AWP,WE,Combined TRACON& Tower with Radar,10,11,17,0,38,0,5,138,0,143,10,16,155,0,181,130,0,130,311
10/17/2020,BFL,CA,AWP,WE,Combined TRACON& Tower with Radar,8,5,20,0,33,0,33,184,6,223,8,38,204,6,256,102,0,102,358
10/18/2020,BFL,CA,AWP,WE,Combined TRACON& Tower with Radar,10,2,17,4,33,0,5,203,0,208,10,7,220,4,241,88,0,88,329
10/19/2020,BFL,CA,AWP,WE,Combined TRACON& Tower with Radar,10,9,21,3,43,0,0,168,10,178,10,9,189,13,221,202,0,202,423
10/20/2020,BFL,CA,AWP,WE,Combined TRACON& Tower with Radar,9,14,26,0,49,0,6,194,0,200,9,20,220,0,249,163,0,163,412
10/21/2020,BFL,CA,AWP,WE,Combined TRACON& Tower with Radar,9,15,23,1,48,0,13,183,3,199,9,28,206,4,247,214,0,214,461
10/22/2020,BFL,CA,AWP,WE,Combined TRACON& Tower with Radar,10,12,40,0,62,0,5,141,3,149,10,17,181,3,211,168,0,168,379
10/23/2020,BFL,CA,AWP,WE,Combined TRACON& Tower with Radar,10,11,23,9,53,0,10,188,6,204,10,21,211,15,257,154,0,154,411
10/24/2020,BFL,CA,AWP,WE,Combined TRACON& Tower with Radar,8,5,16,0,29,0,4,105,1,110,8,9,121,1,139,112,0,112,251
10/25/2020,BFL,CA,AWP,WE,Combined TRACON& Tower with Radar,10,2,37,4,53,0,0,69,10,79,10,2,106,14,132,82,0,82,214
10/26/2020,BFL,CA,AWP,WE,Combined TRACON& Tower with Radar,10,5,22,0,37,2,0,119,6,127,12,5,141,6,164,194,0,194,358
10/27/2020,BFL,CA,AWP,WE,Combined TRACON& Tower with Radar,9,16,23,2,50,0,8,182,12,202,9,24,205,14,252,198,0,198,450
10/28/2020,BFL,CA,AWP,WE,Combined TRACON& Tower with Radar,11,11,30,5,57,0,7,239,5,251,11,18,269,10,308,246,0,246,554
10/29/2020,BFL,CA,AWP,WE,Combined TRACON& Tower with Radar,10,12,27,0,49,0,4,216,0,220,10,16,243,0,269,158,0,158,427
10/30/2020,BFL,CA,AWP,WE,Combined TRACON& Tower with Radar,10,11,27,0,48,0,4,190,1,195,10,15,217,1,243,154,0,154,397
10/31/2020,BFL,CA,AWP,WE,Combined TRACON& Tower with Radar,9,6,17,3,35,0,17,153,18,188,9,23,170,21,223,128,0,128,351
11/01/2020,BFL,CA,AWP,WE,Combined TRACON& Tower with Radar,10,2,12,0,24,0,4,110,0,114,10,6,122,0,138,140,0,140,278
11/02/2020,BFL,CA,AWP,WE,Combined TRACON& Tower with Radar,10,9,17,4,40,0,4,190,38,232,10,13,207,42,272,212,0,212,484
11/03/2020,BFL,CA,AWP,WE,Combined TRACON& Tower with Radar,9,14,32,0,55,0,7,169,17,193,9,21,201,17,248,172,0,172,420
11/04/2020,BFL,CA,AWP,WE,Combined TRACON& Tower with Radar,9,12,25,4,50,0,2,177,20,199,9,14,202,24,249,163,12,175,424
11/05/2020,BFL,CA,AWP,WE,Combined TRACON& Tower with Radar,12,13,35,0,60,0,12,172,0,184,12,25,207,0,244,117,0,117,361
11/06/2020,BFL,CA,AWP,WE,Combined TRACON& Tower with Radar,11,10,38,0,59,0,3,100,2,105,11,13,138,2,164,62,0,62,226
11/07/2020,BFL,CA,AWP,WE,Combined TRACON& Tower with Radar,10,5,37,1,53,0,0,21,1,22,10,5,58,2,75,2,0,2,77
11/08/2020,BFL,CA,AWP,WE,Combined TRACON& Tower with Radar,10,5,23,0,38,0,4,66,0,70,10,9,89,0,108,81,0,81,189
11/09/2020,BFL,CA,AWP,WE,Combined TRACON& Tower with Radar,10,7,14,5,36,0,16,130,0,146,10,23,144,5,182,110,0,110,292
11/10/2020,BFL,CA,AWP,WE,Combined TRACON& Tower with Radar,9,18,21,8,56,0,13,145,0,158,9,31,166,8,214,186,12,198,412
11/11/2020,BFL,CA,AWP,WE,Combined TRACON& Tower with Radar,9,19,21,0,49,0,10,200,1,211,9,29,221,1,260,194,0,194,454
11/12/2020,BFL,CA,AWP,WE,Combined TRACON& Tower with Radar,10,16,14,0,40,0,4,206,0,210,10,20,220,0,250,118,0,118,368
11/13/2020,BFL,CA,AWP,WE,Combined TRACON& Tower with Radar,10,13,23,13,59,0,7,199,2,208,10,20,222,15,267,148,0,148,415
11/14/2020,BFL,CA,AWP,WE,Combined TRACON& Tower with Radar,10,9,24,2,45,0,2,124,0,126,10,11,148,2,171,122,0,122,293
11/15/2020,BFL,CA,AWP,WE,Combined TRACON& Tower with Radar,10,4,34,0,48,0,2,90,0,92,10,6,124,0,140,70,0,70,210
11/16/2020,BFL,CA,AWP,WE,Combined TRACON& Tower with Radar,10,5,21,4,40,0,2,174,0,176,10,7,195,4,216,162,0,162,378
11/17/2020,BFL,CA,AWP,WE,Combined TRACON& Tower with Radar,9,16,28,0,53,0,4,163,1,168,9,20,191,1,221,279,0,279,500
11/18/2020,BFL,CA,AWP,WE,Combined TRACON& Tower with Radar,9,18,43,2,72,0,4,184,1,189,9,22,227,3,261,156,0,156,417
11/19/2020,BFL,CA,AWP,WE,Combined TRACON& Tower with Radar,10,9,46,0,65,0,2,142,1,145,10,11,188,1,210,82,0,82,292
11/20/2020,BFL,CA,AWP,WE,Combined TRACON& Tower with Radar,9,13,41,0,63,0,6,221,0,227,9,19,262,0,290,219,0,219,509
11/21/2020,BFL,CA,AWP,WE,Combined TRACON& Tower with Radar,10,7,9,0,26,0,10,158,0,168,10,17,167,0,194,128,0,128,322
11/22/2020,BFL,CA,AWP,WE,Combined TRACON& Tower with Radar,10,2,16,0,28,0,2,136,2,140,10,4,152,2,168,77,0,77,245
11/23/2020,BFL,CA,AWP,WE,Combined TRACON& Tower with Radar,10,5,28,0,43,0,0,130,0,130,10,5,158,0,173,62,0,62,235
11/24/2020,BFL,CA,AWP,WE,Combined TRACON& Tower with Radar,12,12,21,0,45,0,6,143,2,151,12,18,164,2,196,140,0,140,336
11/25/2020,BFL,CA,AWP,WE,Combined TRACON& Tower with Radar,12,15,17,4,48,0,5,122,0,127,12,20,139,4,175,144,0,144,319
11/26/2020,BFL,CA,AWP,WE,Combined TRACON& Tower with Radar,5,0,5,0,10,0,3,28,0,31,5,3,33,0,41,4,0,4,45
11/27/2020,BFL,CA,AWP,WE,Combined TRACON& Tower with Radar,9,10,6,0,25,0,3,62,0,65,9,13,68,0,90,16,0,16,106
11/28/2020,BFL,CA,AWP,WE,Combined TRACON& Tower with Radar,12,7,14,0,33,0,3,97,0,100,12,10,111,0,133,78,0,78,211
11/29/2020,BFL,CA,AWP,WE,Combined TRACON& Tower with Radar,12,2,15,0,29,0,1,105,0,106,12,3,120,0,135,92,0,92,227
11/30/2020,BFL,CA,AWP,WE,Combined TRACON& Tower with Radar,12,5,25,2,44,0,4,147,0,151,12,9,172,2,195,149,0,149,344
12/01/2020,BFL,CA,AWP,WE,Combined TRACON& Tower with Radar,11,11,19,0,41,0,10,144,4,158,11,21,163,4,199,156,0,156,355
12/02/2020,BFL,CA,AWP,WE,Combined TRACON& Tower with Radar,9,13,18,0,40,0,6,155,0,161,9,19,173,0,201,232,0,232,433
12/03/2020,BFL,CA,AWP,WE,Combined TRACON& Tower with Radar,10,14,13,0,37,0,4,122,0,126,10,18,135,0,163,98,0,98,261
12/04/2020,BFL,CA,AWP,WE,Combined TRACON& Tower with Radar,10,10,30,0,50,0,3,183,0,186,10,13,213,0,236,134,0,134,370
12/05/2020,BFL,CA,AWP,WE,Combined TRACON& Tower with Radar,12,5,16,0,33,1,7,131,0,139,13,12,147,0,172,102,0,102,274
12/06/2020,BFL,CA,AWP,WE,Combined TRACON& Tower with Radar,8,6,27,0,41,0,1,178,2,181,8,7,205,2,222,202,0,202,424
12/07/2020,BFL,CA,AWP,WE,Combined TRACON& Tower with Radar,9,7,21,0,37,0,4,129,0,133,9,11,150,0,170,264,0,264,434
12/08/2020,BFL,CA,AWP,WE,Combined TRACON& Tower with Radar,9,15,14,0,38,0,8,175,0,183,9,23,189,0,221,240,0,240,461
12/09/2020,BFL,CA,AWP,WE,Combined TRACON& Tower with Radar,9,18,22,0,49,0,5,173,0,178,9,23,195,0,227,156,0,156,383
12/10/2020,BFL,CA,AWP,WE,Combined TRACON& Tower with Radar,12,14,32,4,62,0,3,179,11,193,12,17,211,15,255,260,14,274,529
12/11/2020,BFL,CA,AWP,WE,Combined TRACON& Tower with Radar,10,10,22,0,42,0,4,192,2,198,10,14,214,2,240,140,0,140,380
12/12/2020,BFL,CA,AWP,WE,Combined TRACON& Tower with Radar,10,12,17,0,39,0,0,82,0,82,10,12,99,0,121,70,0,70,191
12/13/2020,BFL,CA,AWP,WE,Combined TRACON& Tower with Radar,8,3,26,0,37,0,1,131,0,132,8,4,157,0,169,100,0,100,269
12/14/2020,BFL,CA,AWP,WE,Combined TRACON& Tower with Radar,9,6,18,2,35,0,4,74,0,78,9,10,92,2,113,82,0,82,195
12/15/2020,BFL,CA,AWP,WE,Combined TRACON& Tower with Radar,9,14,20,10,53,0,2,137,1,140,9,16,157,11,193,136,0,136,329
12/16/2020,BFL,CA,AWP,WE,Combined TRACON& Tower with Radar,8,19,28,9,64,0,14,147,13,174,8,33,175,22,238,218,8,226,464
12/17/2020,BFL,CA,AWP,WE,Combined TRACON& Tower with Radar,7,15,31,5,58,0,4,85,1,90,7,19,116,6,148,22,20,42,190
12/18/2020,BFL,CA,AWP,WE,Combined TRACON& Tower with Radar,10,18,24,3,55,0,0,59,0,59,10,18,83,3,114,8,0,8,122
12/19/2020,BFL,CA,AWP,WE,Combined TRACON& Tower with Radar,8,8,17,0,33,0,15,62,0,77,8,23,79,0,110,28,0,28,138
12/20/2020,BFL,CA,AWP,WE,Combined TRACON& Tower with Radar,9,6,15,2,32,0,0,62,0,62,9,6,77,2,94,16,0,16,110
12/21/2020,BFL,CA,AWP,WE,Combined TRACON& Tower with Radar,8,6,23,2,39,0,5,68,1,74,8,11,91,3,113,20,0,20,133
12/22/2020,BFL,CA,AWP,WE,Combined TRACON& Tower with Radar,8,12,31,2,53,0,2,41,0,43,8,14,72,2,96,4,0,4,100
12/23/2020,BFL,CA,AWP,WE,Combined TRACON& Tower with Radar,9,12,19,2,42,0,6,47,0,53,9,18,66,2,95,2,0,2,97
12/24/2020,BFL,CA,AWP,WE,Combined TRACON& Tower with Radar,8,7,7,0,22,0,4,34,1,39,8,11,41,1,61,4,0,4,65
12/25/2020,BFL,CA,AWP,WE,Combined TRACON& Tower with Radar,4,2,9,0,15,0,0,19,0,19,4,2,28,0,34,6,0,6,40
12/26/2020,BFL,CA,AWP,WE,Combined TRACON& Tower with Radar,8,7,8,0,23,0,6,28,1,35,8,13,36,1,58,24,0,24,82
12/27/2020,BFL,CA,AWP,WE,Combined TRACON& Tower with Radar,8,8,15,0,31,0,0,29,0,29,8,8,44,0,60,8,0,8,68
12/28/2020,BFL,CA,AWP,WE,Combined TRACON& Tower with Radar,10,6,23,0,39,0,0,38,2,40,10,6,61,2,79,10,0,10,89
12/29/2020,BFL,CA,AWP,WE,Combined TRACON& Tower with Radar,8,14,15,0,37,0,4,39,0,43,8,18,54,0,80,30,0,30,110
12/30/2020,BFL,CA,AWP,WE,Combined TRACON& Tower with Radar,7,14,15,4,40,0,2,87,1,90,7,16,102,5,130,34,0,34,164
12/31/2020,BFL,CA,AWP,WE,Combined TRACON& Tower with Radar,6,11,28,0,45,0,0,3,0,3,6,11,31,0,48,0,0,0,48
01/01/2021,BFL,CA,AWP,WE,Combined TRACON& Tower with Radar,8,2,3,0,13,0,7,49,0,56,8,9,52,0,69,14,0,14,83
01/02/2021,BFL,CA,AWP,WE,Combined TRACON& Tower with Radar,8,10,14,0,32,0,4,45,0,49,8,14,59,0,81,8,0,8,89
01/03/2021,BFL,CA,AWP,WE,Combined TRACON& Tower with Radar,8,5,30,0,43,0,1,31,0,32,8,6,61,0,75,12,0,12,87
01/04/2021,BFL,CA,AWP,WE,Combined TRACON& Tower with Radar,8,5,15,2,30,0,2,53,0,55,8,7,68,2,85,38,0,38,123
01/05/2021,BFL,CA,AWP,WE,Combined TRACON& Tower with Radar,7,13,37,8,65,0,0,54,8,62,7,13,91,16,127,4,0,4,131
01/06/2021,BFL,CA,AWP,WE,Combined TRACON& Tower with Radar,10,15,11,0,36,0,1,92,0,93,10,16,103,0,129,118,0,118,247
01/07/2021,BFL,CA,AWP,WE,Combined TRACON& Tower with Radar,8,12,21,7,48,0,5,85,2,92,8,17,106,9,140,100,0,100,240
01/08/2021,BFL,CA,AWP,WE,Combined TRACON& Tower with Radar,8,9,24,0,41,0,4,57,0,61,8,13,81,0,102,34,0,34,136
01/09/2021,BFL,CA,AWP,WE,Combined TRACON& Tower with Radar,8,10,46,0,64,0,0,18,0,18,8,10,64,0,82,18,0,18,100
01/10/2021,BFL,CA,AWP,WE,Combined TRACON& Tower with Radar,10,8,18,0,36,0,0,79,0,79,10,8,97,0,115,76,0,76,191
01/11/2021,BFL,CA,AWP,WE,Combined TRACON& Tower with Radar,10,7,16,0,33,0,2,101,0,103,10,9,117,0,136,122,1,123,259
01/12/2021,BFL,CA,AWP,WE,Combined TRACON& Tower with Radar,8,16,27,3,54,0,3,156,3,162,8,19,183,6,216,122,0,122,338
01/13/2021,BFL,CA,AWP,WE,Combined TRACON& Tower with Radar,8,14,27,2,51,0,2,140,12,154,8,16,167,14,205,85,0,85,290
01/14/2021,BFL,CA,AWP,WE,Combined TRACON& Tower with Radar,8,13,10,5,36,0,18,131,13,162,8,31,141,18,198,146,0,146,344
01/15/2021,BFL,CA,AWP,WE,Combined TRACON& Tower with Radar,8,10,16,0,34,0,4,157,0,161,8,14,173,0,195,104,0,104,299
01/16/2021,BFL,CA,AWP,WE,Combined TRACON& Tower with Radar,8,8,12,0,28,0,2,89,0,91,8,10,101,0,119,56,0,56,175
01/17/2021,BFL,CA,AWP,WE,Combined TRACON& Tower with Radar,8,4,3,0,15,0,2,146,0,148,8,6,149,0,163,84,0,84,247
01/18/2021,BFL,CA,AWP,WE,Combined TRACON& Tower with Radar,8,8,15,2,33,0,6,188,0,194,8,14,203,2,227,174,0,174,401
01/19/2021,BFL,CA,AWP,WE,Combined TRACON& Tower with Radar,8,10,6,0,24,0,13,89,0,102,8,23,95,0,126,34,0,34,160
01/20/2021,BFL,CA,AWP,WE,Combined TRACON& Tower with Radar,8,10,10,0,28,0,7,202,0,209,8,17,212,0,237,155,0,155,392
01/21/2021,BFL,CA,AWP,WE,Combined TRACON& Tower with Radar,8,13,20,2,43,0,21,189,0,210,8,34,209,2,253,241,0,241,494
01/22/2021,BFL,CA,AWP,WE,Combined TRACON& Tower with Radar,8,9,41,11,69,0,10,120,8,138,8,19,161,19,207,125,0,125,332
01/23/2021,BFL,CA,AWP,WE,Combined TRACON& Tower with Radar,8,14,18,0,40,0,4,76,0,80,8,18,94,0,120,104,0,104,224
01/24/2021,BFL,CA,AWP,WE,Combined TRACON& Tower with Radar,8,6,33,0,47,0,2,74,0,76,8,8,107,0,123,58,0,58,181
01/25/2021,BFL,CA,AWP,WE,Combined TRACON& Tower with Radar,8,11,26,0,45,0,2,88,0,90,8,13,114,0,135,72,0,72,207
01/26/2021,BFL,CA,AWP,WE,Combined TRACON& Tower with Radar,8,14,20,4,46,0,14,178,6,198,8,28,198,10,244,188,0,188,432
01/27/2021,BFL,CA,AWP,WE,Combined TRACON& Tower with Radar,10,12,13,0,35,0,1,32,0,33,10,13,45,0,68,22,0,22,90
01/28/2021,BFL,CA,AWP,WE,Combined TRACON& Tower with Radar,8,16,39,0,63,0,0,44,0,44,8,16,83,0,107,71,0,71,178
01/29/2021,BFL,CA,AWP,WE,Combined TRACON& Tower with Radar,8,14,19,0,41,0,3,111,0,114,8,17,130,0,155,76,0,76,231
01/30/2021,BFL,CA,AWP,WE,Combined TRACON& Tower with Radar,7,7,9,0,23,0,2,144,0,146,7,9,153,0,169,85,0,85,254
01/31/2021,BFL,CA,AWP,WE,Combined TRACON& Tower with Radar,7,9,17,0,33,0,1,113,1,115,7,10,130,1,148,48,0,48,196
02/01/2021,BFL,CA,AWP,WE,Combined TRACON& Tower with Radar,8,8,16,0,32,0,3,152,0,155,8,11,168,0,187,104,10,114,301
02/02/2021,BFL,CA,AWP,WE,Combined TRACON& Tower with Radar,8,9,17,0,34,0,7,165,1,173,8,16,182,1,207,142,0,142,349
02/03/2021,BFL,CA,AWP,WE,Combined TRACON& Tower with Radar,8,16,33,6,63,0,11,96,10,117,8,27,129,16,180,66,0,66,246
02/04/2021,BFL,CA,AWP,WE,Combined TRACON& Tower with Radar,8,12,23,2,45,0,23,158,1,182,8,35,181,3,227,112,0,112,339
02/05/2021,BFL,CA,AWP,WE,Combined TRACON& Tower with Radar,8,12,21,0,41,0,10,118,0,128,8,22,139,0,169,120,0,120,289
02/06/2021,BFL,CA,AWP,WE,Combined TRACON& Tower with Radar,8,8,21,0,37,0,5,97,0,102,8,13,118,0,139,42,0,42,181
02/07/2021,BFL,CA,AWP,WE,Combined TRACON& Tower with Radar,8,8,14,0,30,2,4,92,0,98,10,12,106,0,128,70,0,70,198
02/08/2021,BFL,CA,AWP,WE,Combined TRACON& Tower with Radar,8,9,22,2,41,0,9,144,2,155,8,18,166,4,196,122,0,122,318
02/09/2021,BFL,CA,AWP,WE,Combined TRACON& Tower with Radar,10,19,20,9,58,0,12,140,13,165,10,31,160,22,223,102,0,102,325
02/10/2021,BFL,CA,AWP,WE,Combined TRACON& Tower with Radar,8,12,43,4,67,0,14,139,0,153,8,26,182,4,220,66,0,66,286
02/11/2021,BFL,CA,AWP,WE,Combined TRACON& Tower with Radar,8,15,28,0,51,0,6,177,0,183,8,21,205,0,234,141,0,141,375
02/12/2021,BFL,CA,AWP,WE,Combined TRACON& Tower with Radar,8,11,22,2,43,0,4,126,10,140,8,15,148,12,183,166,0,166,349
02/13/2021,BFL,CA,AWP,WE,Combined TRACON& Tower with Radar,10,11,16,0,37,0,7,87,0,94,10,18,103,0,131,112,0,112,243
02/14/2021,BFL,CA,AWP,WE,Combined TRACON& Tower with Radar,7,5,7,0,19,0,0,78,0,78,7,5,85,0,97,82,0,82,179
02/15/2021,BFL,CA,AWP,WE,Combined TRACON& Tower with Radar,7,10,20,0,37,0,2,65,7,74,7,12,85,7,111,104,4,108,219
02/16/2021,BFL,CA,AWP,WE,Combined TRACON& Tower with Radar,7,11,23,4,45,0,6,134,0,140,7,17,157,4,185,70,0,70,255
02/17/2021,BFL,CA,AWP,WE,Combined TRACON& Tower with Radar,7,14,23,0,44,0,4,171,3,178,7,18,194,3,222,180,0,180,402
02/18/2021,BFL,CA,AWP,WE,Combined TRACON& Tower with Radar,7,13,27,4,51,0,7,178,11,196,7,20,205,15,247,82,26,108,355
02/19/2021,BFL,CA,AWP,WE,Combined TRACON& Tower with Radar,6,10,30,2,48,3,9,132,2,146,9,19,162,4,194,64,4,68,262
02/20/2021,BFL,CA,AWP,WE,Combined TRACON& Tower with Radar,7,10,11,0,28,0,4,82,0,86,7,14,93,0,114,36,0,36,150
02/21/2021,BFL,CA,AWP,WE,Combined TRACON& Tower with Radar,8,6,30,0,44,0,7,123,0,130,8,13,153,0,174,136,0,136,310
02/22/2021,BFL,CA,AWP,WE,Combined TRACON& Tower with Radar,8,13,26,0,47,0,4,173,1,178,8,17,199,1,225,152,0,152,377
02/23/2021,BFL,CA,AWP,WE,Combined TRACON& Tower with Radar,8,11,11,6,36,0,8,166,2,176,8,19,177,8,212,118,0,118,330
02/24/2021,BFL,CA,AWP,WE,Combined TRACON& Tower with Radar,8,11,21,4,44,0,7,164,4,175,8,18,185,8,219,80,0,80,299
02/25/2021,BFL,CA,AWP,WE,Combined TRACON& Tower with Radar,8,16,21,12,57,0,8,144,0,152,8,24,165,12,209,160,0,160,369
02/26/2021,BFL,CA,AWP,WE,Combined TRACON& Tower with Radar,8,10,28,0,46,0,12,152,0,164,8,22,180,0,210,138,0,138,348
02/27/2021,BFL,CA,AWP,WE,Combined TRACON& Tower with Radar,8,10,7,0,25,0,10,79,0,89,8,20,86,0,114,52,0,52,166
02/28/2021,BFL,CA,AWP,WE,Combined TRACON& Tower with Radar,8,9,13,0,30,0,4,107,1,112,8,13,120,1,142,56,0,56,198
03/01/2021,BFL,CA,AWP,WE,Combined TRACON& Tower with Radar,8,8,15,0,31,0,3,146,1,150,8,11,161,1,181,124,0,124,305
03/02/2021,BFL,CA,AWP,WE,Combined TRACON& Tower with Radar,8,11,14,2,35,0,9,136,24,169,8,20,150,26,204,134,2,136,340
03/03/2021,BFL,CA,AWP,WE,Combined TRACON& Tower with Radar,8,10,15,2,35,0,14,116,0,130,8,24,131,2,165,114,0,114,279
03/04/2021,BFL,CA,AWP,WE,Combined TRACON& Tower with Radar,12,13,28,0,53,1,21,156,0,178,13,34,184,0,231,114,0,114,345
03/05/2021,BFL,CA,AWP,WE,Combined TRACON& Tower with Radar,11,12,41,0,64,0,7,179,0,186,11,19,220,0,250,88,0,88,338
03/06/2021,BFL,CA,AWP,WE,Combined TRACON& Tower with Radar,11,8,20,0,39,0,5,104,0,109,11,13,124,0,148,98,0,98,246
03/07/2021,BFL,CA,AWP,WE,Combined TRACON& Tower with Radar,11,5,19,0,35,0,3,117,0,120,11,8,136,0,155,100,0,100,255
03/08/2021,BFL,CA,AWP,WE,Combined TRACON& Tower with Radar,12,13,21,0,46,0,4,139,1,144,12,17,160,1,190,122,0,122,312
03/09/2021,BFL,CA,AWP,WE,Combined TRACON& Tower with Radar,12,14,16,1,43,0,9,167,10,186,12,23,183,11,229,104,4,108,337
03/10/2021,BFL,CA,AWP,WE,Combined TRACON& Tower with Radar,12,11,27,0,50,0,3,75,0,78,12,14,102,0,128,118,0,118,246
03/11/2021,BFL,CA,AWP,WE,Combined TRACON& Tower with Radar,12,14,38,0,64,0,10,128,0,138,12,24,166,0,202,98,0,98,300
03/12/2021,BFL,CA,AWP,WE,Combined TRACON& Tower with Radar,12,10,29,8,59,0,15,125,0,140,12,25,154,8,199,36,0,36,235
03/13/2021,BFL,CA,AWP,WE,Combined TRACON& Tower with Radar,11,5,15,0,31,0,6,108,0,114,11,11,123,0,145,40,0,40,185
03/14/2021,BFL,CA,AWP,WE,Combined TRACON& Tower with Radar,10,2,26,0,38,0,2,85,0,87,10,4,111,0,125,44,0,44,169
03/15/2021,BFL,CA,AWP,WE,Combined TRACON& Tower with Radar,9,9,15,0,33,0,0,24,0,24,9,9,39,0,57,20,0,20,77
03/16/2021,BFL,CA,AWP,WE,Combined TRACON& Tower with Radar,15,15,26,0,56,0,4,161,0,165,15,19,187,0,221,92,0,92,313
03/17/2021,BFL,CA,AWP,WE,Combined TRACON& Tower with Radar,12,14,19,2,47,0,9,119,4,132,12,23,138,6,179,55,0,55,234
03/18/2021,BFL,CA,AWP,WE,Combined TRACON& Tower with Radar,12,16,33,0,61,0,16,128,0,144,12,32,161,0,205,38,0,38,243
03/19/2021,BFL,CA,AWP,WE,Combined TRACON& Tower with Radar,12,13,31,5,61,0,4,120,3,127,12,17,151,8,188,118,0,118,306
03/20/2021,BFL,CA,AWP,WE,Combined TRACON& Tower with Radar,11,9,25,1,46,0,2,77,3,82,11,11,102,4,128,28,0,28,156
03/21/2021,BFL,CA,AWP,WE,Combined TRACON& Tower with Radar,11,6,12,0,29,0,14,122,1,137,11,20,134,1,166,88,0,88,254
03/22/2021,BFL,CA,AWP,WE,Combined TRACON& Tower with Radar,12,11,9,0,32,0,6,188,5,199,12,17,197,5,231,150,0,150,381
03/23/2021,BFL,CA,AWP,WE,Combined TRACON& Tower with Radar,12,11,16,6,45,0,6,106,6,118,12,17,122,12,163,38,0,38,201
03/24/2021,BFL,CA,AWP,WE,Combined TRACON& Tower with Radar,12,14,32,8,66,0,16,162,2,180,12,30,194,10,246,140,0,140,386
03/25/2021,BFL,CA,AWP,WE,Combined TRACON& Tower with Radar,12,12,37,4,65,0,7,133,0,140,12,19,170,4,205,114,8,122,327
03/26/2021,BFL,CA,AWP,WE,Combined TRACON& Tower with Radar,12,11,25,0,48,0,3,199,1,203,12,14,224,1,251,132,0,132,383
03/27/2021,BFL,CA,AWP,WE,Combined TRACON& Tower with Radar,11,11,11,2,35,0,20,156,2,178,11,31,167,4,213,118,0,118,331
03/28/2021,BFL,CA,AWP,WE,Combined TRACON& Tower with Radar,11,4,16,0,31,0,6,106,1,113,11,10,122,1,144,76,0,76,220
03/29/2021,BFL,CA,AWP,WE,Combined TRACON& Tower with Radar,12,7,22,1,42,0,6,152,23,181,12,13,174,24,223,106,14,120,343
03/30/2021,BFL,CA,AWP,WE,Combined TRACON& Tower with Radar,12,11,23,5,51,0,8,171,1,180,12,19,194,6,231,62,0,62,293
03/31/2021,BFL,CA,AWP,WE,Combined TRACON& Tower with Radar,12,15,24,1,52,0,6,123,4,133,12,21,147,5,185,42,0,42,227
04/01/2021,BFL,CA,AWP,WE,Combined TRACON& Tower with Radar,12,11,20,1,44,0,6,149,0,155,12,17,169,1,199,100,0,100,299
04/02/2021,BFL,CA,AWP,WE,Combined TRACON& Tower with Radar,12,17,24,0,53,0,7,104,0,111,12,24,128,0,164,56,0,56,220
04/03/2021,BFL,CA,AWP,WE,Combined TRACON& Tower with Radar,10,9,8,0,27,0,4,110,0,114,10,13,118,0,141,48,0,48,189
04/04/2021,BFL,CA,AWP,WE,Combined TRACON& Tower with Radar,12,4,11,0,27,0,1,63,0,64,12,5,74,0,91,4,0,4,95
04/05/2021,BFL,CA,AWP,WE,Combined TRACON& Tower with Radar,12,9,28,3,52,0,8,143,9,160,12,17,171,12,212,118,18,136,348
04/06/2021,BFL,CA,AWP,WE,Combined TRACON& Tower with Radar,10,15,17,2,44,0,3,197,4,204,10,18,214,6,248,96,0,96,344
04/07/2021,BFL,CA,AWP,WE,Combined TRACON& Tower with Radar,10,13,17,0,40,0,26,185,17,228,10,39,202,17,268,234,0,234,502
04/08/2021,BFL,CA,AWP,WE,Combined TRACON& Tower with Radar,11,11,24,0,46,0,2,169,0,171,11,13,193,0,217,84,0,84,301
04/09/2021,BFL,CA,AWP,WE,Combined TRACON& Tower with Radar,12,14,24,2,52,0,7,193,8,208,12,21,217,10,260,158,0,158,418
04/10/2021,BFL,CA,AWP,WE,Combined TRACON& Tower with Radar,10,13,20,4,47,0,10,118,0,128,10,23,138,4,175,118,0,118,293
04/11/2021,BFL,CA,AWP,WE,Combined TRACON& Tower with Radar,12,5,29,6,52,0,5,75,1,81,12,10,104,7,133,44,0,44,177
04/12/2021,BFL,CA,AWP,WE,Combined TRACON& Tower with Radar,12,14,19,0,45,0,7,146,1,154,12,21,165,1,199,169,0,169,368
04/13/2021,BFL,CA,AWP,WE,Combined TRACON& Tower with Radar,10,13,38,6,67,0,4,155,30,189,10,17,193,36,256,114,4,118,374
04/14/2021,BFL,CA,AWP,WE,Combined TRACON& Tower with Radar,10,20,32,1,63,0,8,176,10,194,10,28,208,11,257,212,0,212,469
04/15/2021,BFL,CA,AWP,WE,Combined TRACON& Tower with Radar,11,17,28,2,58,0,10,165,10,185,11,27,193,12,243,148,0,148,391
04/16/2021,BFL,CA,AWP,WE,Combined TRACON& Tower with Radar,11,17,24,0,52,0,5,154,0,159,11,22,178,0,211,118,0,118,329
04/17/2021,BFL,CA,AWP,WE,Combined TRACON& Tower with Radar,10,8,10,0,28,0,8,121,0,129,10,16,131,0,157,116,0,116,273
04/18/2021,BFL,CA,AWP,WE,Combined TRACON& Tower with Radar,12,6,7,0,25,0,3,91,0,94,12,9,98,0,119,150,0,150,269
04/19/2021,BFL,CA,AWP,WE,Combined TRACON& Tower with Radar,12,9,18,3,42,0,16,134,5,155,12,25,152,8,197,104,4,108,305
04/20/2021,BFL,CA,AWP,WE,Combined TRACON& Tower with Radar,10,14,29,5,58,0,10,189,7,206,10,24,218,12,264,120,0,120,384
04/21/2021,BFL,CA,AWP,WE,Combined TRACON& Tower with Radar,9,17,25,4,55,0,8,157,0,165,9,25,182,4,220,102,0,102,322
04/22/2021,BFL,CA,AWP,WE,Combined TRACON& Tower with Radar,12,11,22,0,45,0,7,157,1,165,12,18,179,1,210,68,0,68,278
04/23/2021,BFL,CA,AWP,WE,Combined TRACON& Tower with Radar,12,13,31,4,60,0,7,161,5,173,12,20,192,9,233,84,4,88,321
04/24/2021,BFL,CA,AWP,WE,Combined TRACON& Tower with Radar,10,12,20,5,47,0,6,105,0,111,10,18,125,5,158,86,0,86,244
04/25/2021,BFL,CA,AWP,WE,Combined TRACON& Tower with Radar,12,10,35,1,58,0,4,53,1,58,12,14,88,2,116,30,0,30,146
04/26/2021,BFL,CA,AWP,WE,Combined TRACON& Tower with Radar,12,11,66,8,97,0,0,83,0,83,12,11,149,8,180,94,0,94,274
04/27/2021,BFL,CA,AWP,WE,Combined TRACON& Tower with Radar,10,16,14,2,42,0,10,176,2,188,10,26,190,4,230,42,0,42,272
04/28/2021,BFL,CA,AWP,WE,Combined TRACON& Tower with Radar,11,15,15,0,41,0,5,155,2,162,11,20,170,2,203,112,0,112,315
04/29/2021,BFL,CA,AWP,WE,Combined TRACON& Tower with Radar,13,15,27,4,59,0,3,154,18,175,13,18,181,22,234,133,24,157,391
04/30/2021,BFL,CA,AWP,WE,Combined TRACON& Tower with Radar,12,14,16,6,48,0,6,187,0,193,12,20,203,6,241,94,0,94,335
05/01/2021,BFL,CA,AWP,WE,Combined TRACON& Tower with Radar,12,13,12,0,37,0,4,112,0,116,12,17,124,0,153,122,0,122,275
05/02/2021,BFL,CA,AWP,WE,Combined TRACON& Tower with Radar,12,4,37,0,53,0,4,76,0,80,12,8,113,0,133,64,0,64,197
05/03/2021,BFL,CA,AWP,WE,Combined TRACON& Tower with Radar,12,16,21,5,54,0,3,147,9,159,12,19,168,14,213,132,0,132,345
05/04/2021,BFL,CA,AWP,WE,Combined TRACON& Tower with Radar,10,20,30,0,60,0,7,168,9,184,10,27,198,9,244,114,0,114,358
05/05/2021,BFL,CA,AWP,WE,Combined TRACON& Tower with Radar,10,18,28,2,58,0,13,161,6,180,10,31,189,8,238,146,0,146,384
05/06/2021,BFL,CA,AWP,WE,Combined TRACON& Tower with Radar,13,21,15,0,49,0,9,147,17,173,13,30,162,17,222,104,0,104,326
05/07/2021,BFL,CA,AWP,WE,Combined TRACON& Tower with Radar,12,14,26,0,52,0,14,153,26,193,12,28,179,26,245,78,0,78,323
05/08/2021,BFL,CA,AWP,WE,Combined TRACON& Tower with Radar,10,7,19,0,36,0,11,135,0,146,10,18,154,0,182,74,0,74,256
05/09/2021,BFL,CA,AWP,WE,Combined TRACON& Tower with Radar,12,6,24,0,42,0,0,93,0,93,12,6,117,0,135,66,0,66,201
05/10/2021,BFL,CA,AWP,WE,Combined TRACON& Tower with Radar,12,11,25,4,52,0,4,153,4,161,12,15,178,8,213,117,0,117,330
05/11/2021,BFL,CA,AWP,WE,Combined TRACON& Tower with Radar,12,16,18,4,50,0,11,168,5,184,12,27,186,9,234,158,0,158,392
05/12/2021,BFL,CA,AWP,WE,Combined TRACON& Tower with Radar,12,14,20,3,49,0,9,163,2,174,12,23,183,5,223,60,0,60,283
05/13/2021,BFL,CA,AWP,WE,Combined TRACON& Tower with Radar,12,18,36,7,73,0,17,191,6,214,12,35,227,13,287,76,10,86,373
05/14/2021,BFL,CA,AWP,WE,Combined TRACON& Tower with Radar,12,12,35,2,61,0,5,170,3,178,12,17,205,5,239,100,0,100,339
05/15/2021,BFL,CA,AWP,WE,Combined TRACON& Tower with Radar,10,9,26,0,45,0,2,115,0,117,10,11,141,0,162,124,0,124,286
05/16/2021,BFL,CA,AWP,WE,Combined TRACON& Tower with Radar,12,14,38,0,64,0,0,77,2,79,12,14,115,2,143,34,0,34,177
05/17/2021,BFL,CA,AWP,WE,Combined TRACON& Tower with Radar,12,8,30,2,52,0,0,115,0,115,12,8,145,2,167,28,0,28,195
05/18/2021,BFL,CA,AWP,WE,Combined TRACON& Tower with Radar,12,16,22,2,52,0,5,138,6,149,12,21,160,8,201,56,0,56,257
05/19/2021,BFL,CA,AWP,WE,Combined TRACON& Tower with Radar,11,20,25,0,56,0,7,145,0,152,11,27,170,0,208,88,0,88,296
05/20/2021,BFL,CA,AWP,WE,Combined TRACON& Tower with Radar,11,13,21,9,54,0,5,120,1,126,11,18,141,10,180,92,0,92,272
05/21/2021,BFL,CA,AWP,WE,Combined TRACON& Tower with Radar,12,10,31,0,53,0,2,136,0,138,12,12,167,0,191,72,0,72,263
05/22/2021,BFL,CA,AWP,WE,Combined TRACON& Tower with Radar,10,7,23,0,40,0,6,110,0,116,10,13,133,0,156,24,0,24,180
05/23/2021,BFL,CA,AWP,WE,Combined TRACON& Tower with Radar,11,7,21,0,39,0,5,92,0,97,11,12,113,0,136,46,0,46,182
05/24/2021,BFL,CA,AWP,WE,Combined TRACON& Tower with Radar,12,8,24,3,47,0,6,138,0,144,12,14,162,3,191,54,0,54,245
05/25/2021,BFL,CA,AWP,WE,Combined TRACON& Tower with Radar,12,11,23,0,46,0,2,147,4,153,12,13,170,4,199,118,0,118,317
05/26/2021,BFL,CA,AWP,WE,Combined TRACON& Tower with Radar,12,13,23,0,48,0,8,146,0,154,12,21,169,0,202,62,0,62,264
05/27/2021,BFL,CA,AWP,WE,Combined TRACON& Tower with Radar,12,13,37,6,68,0,5,154,14,173,12,18,191,20,241,46,32,78,319
05/28/2021,BFL,CA,AWP,WE,Combined TRACON& Tower with Radar,12,10,32,0,54,0,4,173,0,177,12,14,205,0,231,140,0,140,371
05/29/2021,BFL,CA,AWP,WE,Combined TRACON& Tower with Radar,8,7,37,0,52,0,4,117,0,121,8,11,154,0,173,95,0,95,268
05/30/2021,BFL,CA,AWP,WE,Combined TRACON& Tower with Radar,10,4,9,0,23,0,3,89,0,92,10,7,98,0,115,70,0,70,185
05/31/2021,BFL,CA,AWP,WE,Combined TRACON& Tower with Radar,10,7,16,0,33,0,3,75,0,78,10,10,91,0,111,21,0,21,132
06/01/2021,BFL,CA,AWP,WE,Combined TRACON& Tower with Radar,12,11,33,0,56,0,1,130,0,131,12,12,163,0,187,31,0,31,218
06/02/2021,BFL,CA,AWP,WE,Combined TRACON& Tower with Radar,12,13,33,1,59,0,10,104,5,119,12,23,137,6,178,31,0,31,209
06/03/2021,BFL,CA,AWP,WE,Combined TRACON& Tower with Radar,9,14,26,0,49,0,15,148,4,167,9,29,174,4,216,96,0,96,312
06/04/2021,BFL,CA,AWP,WE,Combined TRACON& Tower with Radar,9,12,27,0,48,0,8,132,0,140,9,20,159,0,188,76,0,76,264
06/05/2021,BFL,CA,AWP,WE,Combined TRACON& Tower with Radar,9,10,11,0,30,0,11,127,2,140,9,21,138,2,170,76,0,76,246
06/06/2021,BFL,CA,AWP,WE,Combined TRACON& Tower with Radar,9,8,15,0,32,0,3,118,0,121,9,11,133,0,153,34,0,34,187
06/07/2021,BFL,CA,AWP,WE,Combined TRACON& Tower with Radar,6,15,28,6,55,0,5,130,2,137,6,20,158,8,192,112,0,112,304
06/08/2021,BFL,CA,AWP,WE,Combined TRACON& Tower with Radar,9,16,29,0,54,0,4,126,6,136,9,20,155,6,190,84,0,84,274
06/09/2021,BFL,CA,AWP,WE,Combined TRACON& Tower with Radar,9,21,25,0,55,0,16,162,1,179,9,37,187,1,234,54,0,54,288
06/10/2021,BFL,CA,AWP,WE,Combined TRACON& Tower with Radar,9,18,22,0,49,0,10,158,0,168,9,28,180,0,217,84,0,84,301
06/11/2021,BFL,CA,AWP,WE,Combined TRACON& Tower with Radar,9,13,35,0,57,0,16,160,0,176,9,29,195,0,233,56,0,56,289
06/12/2021,BFL,CA,AWP,WE,Combined TRACON& Tower with Radar,8,9,17,0,34,0,14,117,0,131,8,23,134,0,165,64,0,64,229
06/13/2021,BFL,CA,AWP,WE,Combined TRACON& Tower with Radar,8,10,17,0,35,0,5,93,5,103,8,15,110,5,138,64,0,64,202
06/14/2021,BFL,CA,AWP,WE,Combined TRACON& Tower with Radar,9,10,24,0,43,3,2,161,2,168,12,12,185,2,211,107,0,107,318
06/15/2021,BFL,CA,AWP,WE,Combined TRACON& Tower with Radar,9,13,28,2,52,0,19,169,0,188,9,32,197,2,240,74,0,74,314
06/16/2021,BFL,CA,AWP,WE,Combined TRACON& Tower with Radar,9,15,14,5,43,0,8,132,4,144,9,23,146,9,187,120,0,120,307
06/17/2021,BFL,CA,AWP,WE,Combined TRACON& Tower with Radar,9,14,21,0,44,0,6,148,4,158,9,20,169,4,202,40,0,40,242
06/18/2021,BFL,CA,AWP,WE,Combined TRACON& Tower with Radar,11,12,29,0,52,0,6,149,0,155,11,18,178,0,207,46,0,46,253
06/19/2021,BFL,CA,AWP,WE,Combined TRACON& Tower with Radar,9,8,10,0,27,0,6,98,0,104,9,14,108,0,131,40,0,40,171
06/20/2021,BFL,CA,AWP,WE,Combined TRACON& Tower with Radar,9,4,13,0,26,0,9,61,0,70,9,13,74,0,96,16,0,16,112
06/21/2021,BFL,CA,AWP,WE,Combined TRACON& Tower with Radar,8,13,34,0,55,0,8,125,0,133,8,21,159,0,188,54,0,54,242
06/22/2021,BFL,CA,AWP,WE,Combined TRACON& Tower with Radar,7,18,20,0,45,0,1,152,0,153,7,19,172,0,198,42,0,42,240
06/23/2021,BFL,CA,AWP,WE,Combined TRACON& Tower with Radar,9,21,28,0,58,0,9,131,2,142,9,30,159,2,200,68,0,68,268
06/24/2021,BFL,CA,AWP,WE,Combined TRACON& Tower with Radar,9,14,26,5,54,0,24,148,9,181,9,38,174,14,235,80,0,80,315
06/25/2021,BFL,CA,AWP,WE,Combined TRACON& Tower with Radar,9,13,18,6,46,0,4,153,0,157,9,17,171,6,203,62,0,62,265
06/26/2021,BFL,CA,AWP,WE,Combined TRACON& Tower with Radar,9,12,16,4,41,0,5,98,1,104,9,17,114,5,145,132,0,132,277
06/27/2021,BFL,CA,AWP,WE,Combined TRACON& Tower with Radar,12,4,16,2,34,0,1,78,0,79,12,5,94,2,113,40,0,40,153
06/28/2021,BFL,CA,AWP,WE,Combined TRACON& Tower with Radar,10,8,20,0,38,0,5,117,1,123,10,13,137,1,161,106,0,106,267
06/29/2021,BFL,CA,AWP,WE,Combined TRACON& Tower with Radar,8,12,17,0,37,0,9,135,6,150,8,21,152,6,187,60,0,60,247
06/30/2021,BFL,CA,AWP,WE,Combined TRACON& Tower with Radar,13,17,21,2,53,0,7,170,4,181,13,24,191,6,234,38,0,38,272
07/01/2021,BFL,CA,AWP,WE,Combined TRACON& Tower with Radar,9,19,28,10,66,0,3,136,4,143,9,22,164,14,209,106,0,106,315
07/02/2021,BFL,CA,AWP,WE,Combined TRACON& Tower with Radar,8,11,21,0,40,0,20,160,0,180,8,31,181,0,220,86,0,86,306
07/03/2021,BFL,CA,AWP,WE,Combined TRACON& Tower with Radar,6,8,10,0,24,0,4,96,0,100,6,12,106,0,124,46,0,46,170
07/04/2021,BFL,CA,AWP,WE,Combined TRACON& Tower with Radar,7,6,4,0,17,0,3,29,0,32,7,9,33,0,49,10,0,10,59
07/05/2021,BFL,CA,AWP,WE,Combined TRACON& Tower with Radar,8,5,15,0,28,0,2,94,0,96,8,7,109,0,124,28,0,28,152
07/06/2021,BFL,CA,AWP,WE,Combined TRACON& Tower with Radar,11,9,27,0,47,0,2,144,14,160,11,11,171,14,207,36,30,66,273
07/07/2021,BFL,CA,AWP,WE,Combined TRACON& Tower with Radar,9,15,28,0,52,2,3,161,4,170,11,18,189,4,222,112,0,112,334
07/08/2021,BFL,CA,AWP,WE,Combined TRACON& Tower with Radar,8,19,19,0,46,0,3,171,16,190,8,22,190,16,236,118,2,120,356
07/09/2021,BFL,CA,AWP,WE,Combined TRACON& Tower with Radar,9,15,24,4,52,0,6,125,14,145,9,21,149,18,197,46,9,55,252
07/10/2021,BFL,CA,AWP,WE,Combined TRACON& Tower with Radar,9,7,5,0,21,0,1,84,0,85,9,8,89,0,106,42,0,42,148
07/11/2021,BFL,CA,AWP,WE,Combined TRACON& Tower with Radar,12,4,18,0,34,0,2,84,1,87,12,6,102,1,121,22,0,22,143
07/12/2021,BFL,CA,AWP,WE,Combined TRACON& Tower with Radar,11,9,11,0,31,0,4,105,1,110,11,13,116,1,141,60,0,60,201
07/13/2021,BFL,CA,AWP,WE,Combined TRACON& Tower with Radar,10,18,25,6,59,0,3,122,4,129,10,21,147,10,188,71,0,71,259
07/14/2021,BFL,CA,AWP,WE,Combined TRACON& Tower with Radar,9,14,27,0,50,0,8,151,2,161,9,22,178,2,211,74,0,74,285
07/15/2021,BFL,CA,AWP,WE,Combined TRACON& Tower with Radar,9,15,27,8,59,0,2,166,0,168,9,17,193,8,227,89,6,95,322
07/16/2021,BFL,CA,AWP,WE,Combined TRACON& Tower with Radar,9,12,21,0,42,0,22,144,0,166,9,34,165,0,208,48,0,48,256
07/17/2021,BFL,CA,AWP,WE,Combined TRACON& Tower with Radar,9,8,12,2,31,0,1,100,0,101,9,9,112,2,132,40,0,40,172
07/18/2021,BFL,CA,AWP,WE,Combined TRACON& Tower with Radar,7,7,30,0,44,0,1,65,0,66,7,8,95,0,110,24,0,24,134
07/19/2021,BFL,CA,AWP,WE,Combined TRACON& Tower with Radar,11,12,14,2,39,0,1,136,2,139,11,13,150,4,178,64,0,64,242
07/20/2021,BFL,CA,AWP,WE,Combined TRACON& Tower with Radar,9,11,23,0,43,0,2,165,2,169,9,13,188,2,212,76,0,76,288
07/21/2021,BFL,CA,AWP,WE,Combined TRACON& Tower with Radar,9,15,17,2,43,0,19,122,0,141,9,34,139,2,184,132,0,132,316
07/22/2021,BFL,CA,AWP,WE,Combined TRACON& Tower with Radar,9,13,33,0,55,0,3,131,4,138,9,16,164,4,193,60,0,60,253
07/23/2021,BFL,CA,AWP,WE,Combined TRACON& Tower with Radar,11,13,19,0,43,0,7,92,0,99,11,20,111,0,142,24,0,24,166
07/24/2021,BFL,CA,AWP,WE,Combined TRACON& Tower with Radar,9,7,19,2,37,0,9,131,0,140,9,16,150,2,177,79,0,79,256
07/25/2021,BFL,CA,AWP,WE,Combined TRACON& Tower with Radar,8,6,17,0,31,0,9,88,0,97,8,15,105,0,128,34,0,34,162
07/26/2021,BFL,CA,AWP,WE,Combined TRACON& Tower with Radar,10,7,22,1,40,0,0,122,17,139,10,7,144,18,179,78,0,78,257
07/27/2021,BFL,CA,AWP,WE,Combined TRACON& Tower with Radar,9,14,23,2,48,0,4,145,4,153,9,18,168,6,201,77,4,81,282
07/28/2021,BFL,CA,AWP,WE,Combined TRACON& Tower with Radar,9,19,27,2,57,0,4,152,2,158,9,23,179,4,215,98,0,98,313
07/29/2021,BFL,CA,AWP,WE,Combined TRACON& Tower with Radar,8,15,20,0,43,0,3,136,0,139,8,18,156,0,182,77,0,77,259
07/30/2021,BFL,CA,AWP,WE,Combined TRACON& Tower with Radar,11,20,13,0,44,0,7,119,1,127,11,27,132,1,171,96,0,96,267
07/31/2021,BFL,CA,AWP,WE,Combined TRACON& Tower with Radar,9,7,13,0,29,0,7,79,2,88,9,14,92,2,117,62,0,62,179
08/01/2021,BFL,CA,AWP,WE,Combined TRACON& Tower with Radar,8,4,16,0,28,1,1,76,0,78,9,5,92,0,106,62,0,62,168
08/02/2021,BFL,CA,AWP,WE,Combined TRACON& Tower with Radar,8,8,9,3,28,0,1,78,1,80,8,9,87,4,108,42,0,42,150
08/03/2021,BFL,CA,AWP,WE,Combined TRACON& Tower with Radar,11,17,17,11,56,0,2,150,13,165,11,19,167,24,221,75,0,75,296
08/04/2021,BFL,CA,AWP,WE,Combined TRACON& Tower with Radar,9,18,15,12,54,0,10,156,0,166,9,28,171,12,220,100,0,100,320
08/05/2021,BFL,CA,AWP,WE,Combined TRACON& Tower with Radar,10,15,43,0,68,0,0,158,0,158,10,15,201,0,226,98,0,98,324
08/06/2021,BFL,CA,AWP,WE,Combined TRACON& Tower with Radar,10,12,54,2,78,0,9,180,0,189,10,21,234,2,267,132,0,132,399
08/07/2021,BFL,CA,AWP,WE,Combined TRACON& Tower with Radar,9,9,35,0,53,0,4,83,17,104,9,13,118,17,157,68,0,68,225
08/08/2021,BFL,CA,AWP,WE,Combined TRACON& Tower with Radar,9,6,33,0,48,0,1,28,16,45,9,7,61,16,93,0,0,0,93
08/09/2021,BFL,CA,AWP,WE,Combined TRACON& Tower with Radar,9,11,23,0,43,0,4,117,3,124,9,15,140,3,167,22,0,22,189
08/10/2021,BFL,CA,AWP,WE,Combined TRACON& Tower with Radar,9,11,23,0,43,0,9,110,6,125,9,20,133,6,168,50,0,50,218
08/11/2021,BFL,CA,AWP,WE,Combined TRACON& Tower with Radar,9,16,11,2,38,0,6,155,0,161,9,22,166,2,199,102,0,102,301
08/12/2021,BFL,CA,AWP,WE,Combined TRACON& Tower with Radar,9,19,20,0,48,0,1,127,0,128,9,20,147,0,176,70,0,70,246
08/13/2021,BFL,CA,AWP,WE,Combined TRACON& Tower with Radar,9,14,14,2,39,0,7,136,0,143,9,21,150,2,182,76,0,76,258
08/14/2021,BFL,CA,AWP,WE,Combined TRACON& Tower with Radar,9,9,21,0,39,0,6,92,5,103,9,15,113,5,142,118,0,118,260
08/15/2021,BFL,CA,AWP,WE,Combined TRACON& Tower with Radar,11,8,15,1,35,0,4,74,1,79,11,12,89,2,114,72,0,72,186
08/16/2021,BFL,CA,AWP,WE,Combined TRACON& Tower with Radar,9,13,12,0,34,0,2,90,0,92,9,15,102,0,126,11,0,11,137
08/17/2021,BFL,CA,AWP,WE,Combined TRACON& Tower with Radar,8,15,22,2,47,0,2,115,0,117,8,17,137,2,164,72,2,74,238
08/18/2021,BFL,CA,AWP,WE,Combined TRACON& Tower with Radar,9,24,52,0,85,0,6,161,1,168,9,30,213,1,253,172,0,172,425
08/19/2021,BFL,CA,AWP,WE,Combined TRACON& Tower with Radar,9,18,33,4,64,0,1,86,5,92,9,19,119,9,156,109,0,109,265
08/20/2021,BFL,CA,AWP,WE,Combined TRACON& Tower with Radar,10,11,30,1,52,0,12,71,6,89,10,23,101,7,141,18,0,18,159
08/21/2021,BFL,CA,AWP,WE,Combined TRACON& Tower with Radar,10,14,12,0,36,0,6,63,0,69,10,20,75,0,105,64,0,64,169
08/22/2021,BFL,CA,AWP,WE,Combined TRACON& Tower with Radar,10,5,23,0,38,0,0,94,0,94,10,5,117,0,132,46,0,46,178
08/23/2021,BFL,CA,AWP,WE,Combined TRACON& Tower with Radar,10,10,32,4,56,0,5,100,8,113,10,15,132,12,169,144,8,152,321
08/24/2021,BFL,CA,AWP,WE,Combined TRACON& Tower with Radar,10,17,6,0,33,0,9,189,1,199,10,26,195,1,232,68,0,68,300
08/25/2021,BFL,CA,AWP,WE,Combined TRACON& Tower with Radar,10,19,21,0,50,0,2,165,2,169,10,21,186,2,219,126,0,126,345
08/26/2021,BFL,CA,AWP,WE,Combined TRACON& Tower with Radar,10,22,15,0,47,0,3,114,0,117,10,25,129,0,164,88,0,88,252
08/27/2021,BFL,CA,AWP,WE,Combined TRACON& Tower with Radar,10,14,23,2,49,0,1,178,0,179,10,15,201,2,228,108,0,108,336
08/28/2021,BFL,CA,AWP,WE,Combined TRACON& Tower with Radar,10,8,7,2,27,0,8,122,5,135,10,16,129,7,162,66,0,66,228
08/29/2021,BFL,CA,AWP,WE,Combined TRACON& Tower with Radar,10,6,17,0,33,0,5,98,0,103,10,11,115,0,136,110,0,110,246
08/30/2021,BFL,CA,AWP,WE,Combined TRACON& Tower with Radar,10,7,30,0,47,0,10,138,0,148,10,17,168,0,195,140,0,140,335
08/31/2021,BFL,CA,AWP,WE,Combined TRACON& Tower with Radar,10,18,25,0,53,0,6,141,0,147,10,24,166,0,200,78,0,78,278
09/01/2021,BFL,CA,AWP,WE,Combined TRACON& Tower with Radar,10,13,26,0,49,0,3,151,1,155,10,16,177,1,204,76,0,76,280
09/02/2021,BFL,CA,AWP,WE,Combined TRACON& Tower with Radar,10,13,34,1,58,0,2,152,2,156,10,15,186,3,214,108,0,108,322
09/03/2021,BFL,CA,AWP,WE,Combined TRACON& Tower with Radar,10,15,23,0,48,0,9,113,0,122,10,24,136,0,170,116,0,116,286
09/04/2021,BFL,CA,AWP,WE,Combined TRACON& Tower with Radar,11,9,14,0,34,0,9,99,1,109,11,18,113,1,143,120,0,120,263
09/05/2021,BFL,CA,AWP,WE,Combined TRACON& Tower with Radar,10,6,9,0,25,0,4,61,0,65,10,10,70,0,90,54,0,54,144
09/06/2021,BFL,CA,AWP,WE,Combined TRACON& Tower with Radar,10,5,22,0,37,0,6,65,0,71,10,11,87,0,108,24,0,24,132
09/07/2021,BFL,CA,AWP,WE,Combined TRACON& Tower with Radar,10,14,25,0,49,0,9,139,8,156,10,23,164,8,205,104,16,120,325
09/08/2021,BFL,CA,AWP,WE,Combined TRACON& Tower with Radar,11,16,33,0,60,0,6,170,8,184,11,22,203,8,244,112,0,112,356
09/09/2021,BFL,CA,AWP,WE,Combined TRACON& Tower with Radar,14,18,37,0,69,0,9,108,2,119,14,27,145,2,188,54,3,57,245
09/10/2021,BFL,CA,AWP,WE,Combined TRACON& Tower with Radar,12,14,25,0,51,0,9,135,20,164,12,23,160,20,215,60,8,68,283
09/11/2021,BFL,CA,AWP,WE,Combined TRACON& Tower with Radar,10,8,14,0,32,0,3,138,1,142,10,11,152,1,174,58,0,58,232
09/12/2021,BFL,CA,AWP,WE,Combined TRACON& Tower with Radar,12,3,21,0,36,0,10,113,0,123,12,13,134,0,159,68,0,68,227
09/13/2021,BFL,CA,AWP,WE,Combined TRACON& Tower with Radar,12,6,20,6,44,0,2,112,0,114,12,8,132,6,158,90,0,90,248
09/14/2021,BFL,CA,AWP,WE,Combined TRACON& Tower with Radar,14,18,18,2,52,0,4,145,2,151,14,22,163,4,203,80,0,80,283
09/15/2021,BFL,CA,AWP,WE,Combined TRACON& Tower with Radar,12,16,26,0,54,0,7,163,10,180,12,23,189,10,234,102,0,102,336
09/16/2021,BFL,CA,AWP,WE,Combined TRACON& Tower with Radar,14,11,35,0,60,0,4,164,0,168,14,15,199,0,228,125,0,125,353
09/17/2021,BFL,CA,AWP,WE,Combined TRACON& Tower with Radar,12,14,19,0,45,0,5,132,0,137,12,19,151,0,182,98,0,98,280
09/18/2021,BFL,CA,AWP,WE,Combined TRACON& Tower with Radar,10,8,6,0,24,0,16,96,0,112,10,24,102,0,136,65,0,65,201
09/19/2021,BFL,CA,AWP,WE,Combined TRACON& Tower with Radar,12,5,17,0,34,0,10,72,0,82,12,15,89,0,116,68,0,68,184
09/20/2021,BFL,CA,AWP,WE,Combined TRACON& Tower with Radar,12,10,12,0,34,0,5,87,0,92,12,15,99,0,126,58,0,58,184
09/21/2021,BFL,CA,AWP,WE,Combined TRACON& Tower with Radar,12,18,27,0,57,0,5,126,0,131,12,23,153,0,188,38,0,38,226
09/22/2021,BFL,CA,AWP,WE,Combined TRACON& Tower with Radar,12,17,38,6,73,0,1,111,0,112,12,18,149,6,185,46,2,48,233
09/23/2021,BFL,CA,AWP,WE,Combined TRACON& Tower with Radar,12,18,35,8,73,0,6,180,0,186,12,24,215,8,259,112,0,112,371
09/24/2021,BFL,CA,AWP,WE,Combined TRACON& Tower with Radar,12,12,50,0,74,0,5,79,1,85,12,17,129,1,159,30,0,30,189
09/25/2021,BFL,CA,AWP,WE,Combined TRACON& Tower with Radar,10,6,19,2,37,0,8,64,1,73,10,14,83,3,110,24,0,24,134
09/26/2021,BFL,CA,AWP,WE,Combined TRACON& Tower with Radar,12,3,52,0,67,0,5,50,0,55,12,8,102,0,122,42,0,42,164
09/27/2021,BFL,CA,AWP,WE,Combined TRACON& Tower with Radar,12,8,26,4,50,0,7,92,0,99,12,15,118,4,149,56,12,68,217
09/28/2021,BFL,CA,AWP,WE,Combined TRACON& Tower with Radar,12,14,34,2,62,0,0,89,0,89,12,14,123,2,151,72,0,72,223
09/29/2021,BFL,CA,AWP,WE,Combined TRACON& Tower with Radar,12,14,17,4,47,0,5,184,2,191,12,19,201,6,238,90,12,102,340
09/30/2021,BFL,CA,AWP,WE,Combined TRACON& Tower with Radar,12,17,38,1,68,0,9,145,7,161,12,26,183,8,229,70,12,82,311
10/01/2021,BFL,CA,AWP,WE,Combined TRACON& Tower with Radar,14,15,41,0,70,0,6,118,6,130,14,21,159,6,200,56,0,56,256
10/02/2021,BFL,CA,AWP,WE,Combined TRACON& Tower with Radar,8,16,5,3,32,0,2,85,19,106,8,18,90,22,138,38,0,38,176
10/03/2021,BFL,CA,AWP,WE,Combined TRACON& Tower with Radar,12,8,21,0,41,0,4,73,0,77,12,12,94,0,118,48,0,48,166
10/04/2021,BFL,CA,AWP,WE,Combined TRACON& Tower with Radar,12,10,62,0,84,0,2,27,0,29,12,12,89,0,113,24,0,24,137
10/05/2021,BFL,CA,AWP,WE,Combined TRACON& Tower with Radar,12,17,18,0,47,0,17,132,0,149,12,34,150,0,196,108,0,108,304
10/06/2021,BFL,CA,AWP,WE,Combined TRACON& Tower with Radar,12,17,37,0,66,0,11,133,1,145,12,28,170,1,211,110,0,110,321
10/07/2021,BFL,CA,AWP,WE,Combined TRACON& Tower with Radar,13,21,39,0,73,0,9,150,0,159,13,30,189,0,232,90,0,90,322
10/08/2021,BFL,CA,AWP,WE,Combined TRACON& Tower with Radar,11,18,34,0,63,0,5,67,1,73,11,23,101,1,136,45,0,45,181
10/09/2021,BFL,CA,AWP,WE,Combined TRACON& Tower with Radar,11,12,6,0,29,0,6,123,1,130,11,18,129,1,159,60,0,60,219
10/10/2021,BFL,CA,AWP,WE,Combined TRACON& Tower with Radar,11,4,12,0,27,0,2,63,0,65,11,6,75,0,92,60,0,60,152
10/11/2021,BFL,CA,AWP,WE,Combined TRACON& Tower with Radar,13,7,28,0,48,0,2,23,0,25,13,9,51,0,73,12,0,12,85
10/12/2021,BFL,CA,AWP,WE,Combined TRACON& Tower with Radar,11,12,13,0,36,0,14,115,2,131,11,26,128,2,167,113,0,113,280
10/13/2021,BFL,CA,AWP,WE,Combined TRACON& Tower with Radar,13,10,26,0,49,0,14,189,2,205,13,24,215,2,254,164,0,164,418
10/14/2021,BFL,CA,AWP,WE,Combined TRACON& Tower with Radar,13,12,20,1,46,0,7,149,3,159,13,19,169,4,205,78,12,90,295
10/15/2021,BFL,CA,AWP,WE,Combined TRACON& Tower with Radar,10,13,24,3,50,0,12,151,4,167,10,25,175,7,217,78,0,78,295
10/16/2021,BFL,CA,AWP,WE,Combined TRACON& Tower with Radar,12,9,16,0,37,0,5,117,0,122,12,14,133,0,159,110,0,110,269
10/17/2021,BFL,CA,AWP,WE,Combined TRACON& Tower with Radar,11,4,13,0,28,0,1,90,2,93,11,5,103,2,121,50,0,50,171
10/18/2021,BFL,CA,AWP,WE,Combined TRACON& Tower with Radar,11,14,26,2,53,0,5,136,0,141,11,19,162,2,194,90,0,90,284
10/19/2021,BFL,CA,AWP,WE,Combined TRACON& Tower with Radar,11,16,10,0,37,0,5,142,1,148,11,21,152,1,185,118,0,118,303
10/20/2021,BFL,CA,AWP,WE,Combined TRACON& Tower with Radar,11,20,34,4,69,0,9,170,0,179,11,29,204,4,248,146,0,146,394
10/21/2021,BFL,CA,AWP,WE,Combined TRACON& Tower with Radar,10,19,27,0,56,0,5,171,0,176,10,24,198,0,232,120,0,120,352
10/22/2021,BFL,CA,AWP,WE,Combined TRACON& Tower with Radar,11,13,44,4,72,0,5,151,4,160,11,18,195,8,232,72,18,90,322
10/23/2021,BFL,CA,AWP,WE,Combined TRACON& Tower with Radar,12,8,24,6,50,0,4,124,0,128,12,12,148,6,178,60,0,60,238
10/24/2021,BFL,CA,AWP,WE,Combined TRACON& Tower with Radar,11,6,12,0,29,0,1,117,0,118,11,7,129,0,147,84,0,84,231
10/25/2021,BFL,CA,AWP,WE,Combined TRACON& Tower with Radar,13,13,11,0,37,0,0,2,0,2,13,13,13,0,39,0,0,0,39
10/26/2021,BFL,CA,AWP,WE,Combined TRACON& Tower with Radar,11,19,36,9,75,0,6,112,9,127,11,25,148,18,202,32,6,38,240
10/27/2021,BFL,CA,AWP,WE,Combined TRACON& Tower with Radar,11,17,22,0,50,0,1,115,18,134,11,18,137,18,184,74,0,74,258
10/28/2021,BFL,CA,AWP,WE,Combined TRACON& Tower with Radar,12,18,32,3,65,0,7,138,3,148,12,25,170,6,213,110,0,110,323
10/29/2021,BFL,CA,AWP,WE,Combined TRACON& Tower with Radar,11,13,93,0,117,0,9,81,0,90,11,22,174,0,207,22,0,22,229
10/30/2021,BFL,CA,AWP,WE,Combined TRACON& Tower with Radar,8,10,39,0,57,0,2,42,0,44,8,12,81,0,101,12,0,12,113
10/31/2021,BFL,CA,AWP,WE,Combined TRACON& Tower with Radar,12,5,24,0,41,0,0,13,0,13,12,5,37,0,54,0,0,0,54
11/01/2021,BFL,CA,AWP,WE,Combined TRACON& Tower with Radar,9,16,34,1,60,0,2,124,2,128,9,18,158,3,188,98,0,98,286
11/02/2021,BFL,CA,AWP,WE,Combined TRACON& Tower with Radar,12,14,34,0,60,0,1,183,2,186,12,15,217,2,246,111,0,111,357
11/03/2021,BFL,CA,AWP,WE,Combined TRACON& Tower with Radar,7,19,32,1,59,0,4,77,0,81,7,23,109,1,140,108,0,108,248
11/04/2021,BFL,CA,AWP,WE,Combined TRACON& Tower with Radar,9,14,56,0,79,0,1,91,5,97,9,15,147,5,176,80,4,84,260
11/05/2021,BFL,CA,AWP,WE,Combined TRACON& Tower with Radar,9,16,31,0,56,0,2,164,0,166,9,18,195,0,222,152,0,152,374
11/06/2021,BFL,CA,AWP,WE,Combined TRACON& Tower with Radar,9,9,23,0,41,0,2,98,2,102,9,11,121,2,143,108,0,108,251
11/07/2021,BFL,CA,AWP,WE,Combined TRACON& Tower with Radar,9,7,40,2,58,0,0,66,0,66,9,7,106,2,124,38,0,38,162
11/08/2021,BFL,CA,AWP,WE,Combined TRACON& Tower with Radar,12,12,23,0,47,0,8,139,0,147,12,20,162,0,194,133,0,133,327
11/09/2021,BFL,CA,AWP,WE,Combined TRACON& Tower with Radar,10,18,42,4,74,0,1,109,0,110,10,19,151,4,184,180,0,180,364
11/10/2021,BFL,CA,AWP,WE,Combined TRACON& Tower with Radar,10,29,47,0,86,0,7,109,0,116,10,36,156,0,202,146,0,146,348
11/11/2021,BFL,CA,AWP,WE,Combined TRACON& Tower with Radar,11,16,26,0,53,2,7,34,0,43,13,23,60,0,96,8,0,8,104
11/12/2021,BFL,CA,AWP,WE,Combined TRACON& Tower with Radar,9,17,76,0,102,0,4,108,0,112,9,21,184,0,214,62,0,62,276
11/13/2021,BFL,CA,AWP,WE,Combined TRACON& Tower with Radar,9,12,38,0,59,0,4,49,0,53,9,16,87,0,112,13,0,13,125
11/14/2021,BFL,CA,AWP,WE,Combined TRACON& Tower with Radar,7,7,41,0,55,0,0,23,0,23,7,7,64,0,78,32,0,32,110
11/15/2021,BFL,CA,AWP,WE,Combined TRACON& Tower with Radar,6,11,61,2,80,0,2,15,2,19,6,13,76,4,99,6,14,20,119
11/16/2021,BFL,CA,AWP,WE,Combined TRACON& Tower with Radar,9,13,57,0,79,0,1,26,0,27,9,14,83,0,106,20,0,20,126
11/17/2021,BFL,CA,AWP,WE,Combined TRACON& Tower with Radar,10,26,40,0,76,0,5,87,1,93,10,31,127,1,169,90,0,90,259
11/18/2021,BFL,CA,AWP,WE,Combined TRACON& Tower with Radar,10,28,51,0,89,0,2,77,0,79,10,30,128,0,168,42,0,42,210
11/19/2021,BFL,CA,AWP,WE,Combined TRACON& Tower with Radar,10,17,77,3,107,0,0,30,0,30,10,17,107,3,137,10,0,10,147
11/20/2021,BFL,CA,AWP,WE,Combined TRACON& Tower with Radar,13,12,33,2,60,0,0,30,0,30,13,12,63,2,90,52,0,52,142
11/21/2021,BFL,CA,AWP,WE,Combined TRACON& Tower with Radar,13,6,20,0,39,0,2,26,0,28,13,8,46,0,67,24,0,24,91
11/22/2021,BFL,CA,AWP,WE,Combined TRACON& Tower with Radar,8,15,39,2,64,0,1,59,2,62,8,16,98,4,126,6,0,6,132
11/23/2021,BFL,CA,AWP,WE,Combined TRACON& Tower with Radar,10,19,19,4,52,0,3,159,0,162,10,22,178,4,214,60,12,72,286
11/24/2021,BFL,CA,AWP,WE,Combined TRACON& Tower with Radar,14,17,35,1,67,0,0,113,3,116,14,17,148,4,183,56,0,56,239
11/25/2021,BFL,CA,AWP,WE,Combined TRACON& Tower with Radar,6,4,7,0,17,0,2,13,0,15,6,6,20,0,32,0,0,0,32
11/26/2021,BFL,CA,AWP,WE,Combined TRACON& Tower with Radar,8,17,10,0,35,0,5,68,0,73,8,22,78,0,108,22,0,22,130
11/27/2021,BFL,CA,AWP,WE,Combined TRACON& Tower with Radar,10,9,18,0,37,0,3,25,1,29,10,12,43,1,66,13,0,13,79
11/28/2021,BFL,CA,AWP,WE,Combined TRACON& Tower with Radar,13,6,31,0,50,0,3,73,0,76,13,9,104,0,126,46,0,46,172
11/29/2021,BFL,CA,AWP,WE,Combined TRACON& Tower with Radar,12,10,29,2,53,0,2,114,1,117,12,12,143,3,170,50,0,50,220
11/30/2021,BFL,CA,AWP,WE,Combined TRACON& Tower with Radar,13,17,23,2,55,0,4,131,0,135,13,21,154,2,190,98,0,98,288
12/01/2021,BFL,CA,AWP,WE,Combined TRACON& Tower with Radar,13,19,34,6,72,0,0,120,4,124,13,19,154,10,196,142,0,142,338
12/02/2021,BFL,CA,AWP,WE,Combined TRACON& Tower with Radar,13,17,54,0,84,0,8,117,0,125,13,25,171,0,209,42,0,42,251
12/03/2021,BFL,CA,AWP,WE,Combined TRACON& Tower with Radar,14,21,36,2,73,0,6,97,1,104,14,27,133,3,177,17,0,17,194
12/04/2021,BFL,CA,AWP,WE,Combined TRACON& Tower with Radar,15,9,42,2,68,0,3,7,0,10,15,12,49,2,78,0,0,0,78
12/05/2021,BFL,CA,AWP,WE,Combined TRACON& Tower with Radar,11,7,40,0,58,0,0,2,0,2,11,7,42,0,60,0,0,0,60
12/06/2021,BFL,CA,AWP,WE,Combined TRACON& Tower with Radar,12,17,68,2,99,0,0,12,4,16,12,17,80,6,115,6,0,6,121
12/07/2021,BFL,CA,AWP,WE,Combined TRACON& Tower with Radar,12,15,50,2,79,0,0,66,15,81,12,15,116,17,160,40,6,46,206
12/08/2021,BFL,CA,AWP,WE,Combined TRACON& Tower with Radar,12,27,42,0,81,0,3,62,1,66,12,30,104,1,147,12,0,12,159
12/09/2021,BFL,CA,AWP,WE,Combined TRACON& Tower with Radar,13,17,36,0,66,0,0,28,0,28,13,17,64,0,94,22,0,22,116
12/10/2021,BFL,CA,AWP,WE,Combined TRACON& Tower with Radar,13,15,54,0,82,0,3,79,0,82,13,18,133,0,164,6,0,6,170
12/11/2021,BFL,CA,AWP,WE,Combined TRACON& Tower with Radar,13,6,21,0,40,0,5,101,0,106,13,11,122,0,146,66,0,66,212
12/12/2021,BFL,CA,AWP,WE,Combined TRACON& Tower with Radar,13,6,12,0,31,0,1,79,0,80,13,7,91,0,111,108,0,108,219
12/13/2021,BFL,CA,AWP,WE,Combined TRACON& Tower with Radar,12,11,16,1,40,0,2,55,1,58,12,13,71,2,98,32,0,32,130
12/14/2021,BFL,CA,AWP,WE,Combined TRACON& Tower with Radar,11,18,16,0,45,0,0,1,0,1,11,18,17,0,46,0,0,0,46
12/15/2021,BFL,CA,AWP,WE,Combined TRACON& Tower with Radar,15,19,31,2,67,0,2,93,2,97,15,21,124,4,164,60,1,61,225
12/16/2021,BFL,CA,AWP,WE,Combined TRACON& Tower with Radar,10,23,39,4,76,0,1,43,2,46,10,24,82,6,122,38,2,40,162
12/17/2021,BFL,CA,AWP,WE,Combined TRACON& Tower with Radar,9,24,54,0,87,0,3,14,0,17,9,27,68,0,104,0,0,0,104
12/18/2021,BFL,CA,AWP,WE,Combined TRACON& Tower with Radar,9,14,23,0,46,0,1,51,0,52,9,15,74,0,98,66,0,66,164
12/19/2021,BFL,CA,AWP,WE,Combined TRACON& Tower with Radar,6,5,21,0,32,0,0,20,0,20,6,5,41,0,52,4,0,4,56
12/20/2021,BFL,CA,AWP,WE,Combined TRACON& Tower with Radar,7,12,24,2,45,0,0,1,0,1,7,12,25,2,46,0,0,0,46
12/21/2021,BFL,CA,AWP,WE,Combined TRACON& Tower with Radar,9,21,30,1,61,0,1,21,1,23,9,22,51,2,84,4,0,4,88
12/22/2021,BFL,CA,AWP,WE,Combined TRACON& Tower with Radar,10,19,32,0,61,0,1,29,2,32,10,20,61,2,93,8,0,8,101
12/23/2021,BFL,CA,AWP,WE,Combined TRACON& Tower with Radar,11,15,24,0,50,0,1,15,0,16,11,16,39,0,66,12,0,12,78
12/24/2021,BFL,CA,AWP,WE,Combined TRACON& Tower with Radar,9,15,9,0,33,0,1,16,1,18,9,16,25,1,51,2,0,2,53
12/25/2021,BFL,CA,AWP,WE,Combined TRACON& Tower with Radar,5,6,0,0,11,0,2,8,0,10,5,8,8,0,21,4,0,4,25
12/26/2021,BFL,CA,AWP,WE,Combined TRACON& Tower with Radar,9,6,10,0,25,0,0,38,0,38,9,6,48,0,63,10,0,10,73
12/27/2021,BFL,CA,AWP,WE,Combined TRACON& Tower with Radar,9,15,21,0,45,0,0,17,0,17,9,15,38,0,62,4,0,4,66
12/28/2021,BFL,CA,AWP,WE,Combined TRACON& Tower with Radar,9,15,24,0,48,0,1,29,0,30,9,16,53,0,78,20,0,20,98
12/29/2021,BFL,CA,AWP,WE,Combined TRACON& Tower with Radar,9,19,25,0,53,0,3,25,0,28,9,22,50,0,81,20,0,20,101
12/30/2021,BFL,CA,AWP,WE,Combined TRACON& Tower with Radar,9,16,23,2,50,0,0,14,0,14,9,16,37,2,64,24,0,24,88
12/31/2021,BFL,CA,AWP,WE,Combined TRACON& Tower with Radar,8,16,27,0,51,0,3,5,0,8,8,19,32,0,59,0,0,0,59
01/01/2022,BFL,CA,AWP,WE,Combined TRACON& Tower with Radar,5,5,8,0,18,0,1,30,0,31,5,6,38,0,49,0,0,0,49
01/02/2022,BFL,CA,AWP,WE,Combined TRACON& Tower with Radar,7,9,16,0,32,0,0,64,0,64,7,9,80,0,96,8,0,8,104
01/03/2022,BFL,CA,AWP,WE,Combined TRACON& Tower with Radar,8,13,16,0,37,0,0,73,1,74,8,13,89,1,111,14,0,14,125
01/04/2022,BFL,CA,AWP,WE,Combined TRACON& Tower with Radar,7,17,17,0,41,0,5,80,0,85,7,22,97,0,126,52,0,52,178
01/05/2022,BFL,CA,AWP,WE,Combined TRACON& Tower with Radar,8,13,22,0,43,0,0,92,0,92,8,13,114,0,135,128,0,128,263
01/06/2022,BFL,CA,AWP,WE,Combined TRACON& Tower with Radar,6,12,23,2,43,0,2,127,0,129,6,14,150,2,172,88,0,88,260
01/07/2022,BFL,CA,AWP,WE,Combined TRACON& Tower with Radar,9,15,48,0,72,0,2,12,0,14,9,17,60,0,86,0,0,0,86
01/08/2022,BFL,CA,AWP,WE,Combined TRACON& Tower with Radar,5,14,18,0,37,0,3,22,0,25,5,17,40,0,62,20,0,20,82
01/09/2022,BFL,CA,AWP,WE,Combined TRACON& Tower with Radar,10,5,20,0,35,0,0,39,0,39,10,5,59,0,74,21,0,21,95
01/10/2022,BFL,CA,AWP,WE,Combined TRACON& Tower with Radar,9,10,20,0,39,0,2,49,0,51,9,12,69,0,90,26,0,26,116
01/11/2022,BFL,CA,AWP,WE,Combined TRACON& Tower with Radar,3,9,12,0,24,0,2,111,0,113,3,11,123,0,137,76,0,76,213
01/12/2022,BFL,CA,AWP,WE,Combined TRACON& Tower with Radar,6,17,20,0,43,0,2,112,8,122,6,19,132,8,165,110,0,110,275
01/13/2022,BFL,CA,AWP,WE,Combined TRACON& Tower with Radar,7,21,30,2,60,0,4,78,4,86,7,25,108,6,146,70,0,70,216
01/14/2022,BFL,CA,AWP,WE,Combined TRACON& Tower with Radar,7,15,63,0,85,0,2,26,0,28,7,17,89,0,113,8,0,8,121
01/15/2022,BFL,CA,AWP,WE,Combined TRACON& Tower with Radar,4,11,24,0,39,0,1,14,0,15,4,12,38,0,54,4,0,4,58
01/16/2022,BFL,CA,AWP,WE,Combined TRACON& Tower with Radar,7,6,17,0,30,0,4,32,0,36,7,10,49,0,66,40,0,40,106
01/17/2022,BFL,CA,AWP,WE,Combined TRACON& Tower with Radar,4,9,19,0,32,0,2,36,0,38,4,11,55,0,70,16,0,16,86
01/18/2022,BFL,CA,AWP,WE,Combined TRACON& Tower with Radar,8,16,34,2,60,0,2,109,0,111,8,18,143,2,171,54,2,56,227
01/19/2022,BFL,CA,AWP,WE,Combined TRACON& Tower with Radar,6,12,73,1,92,0,1,85,1,87,6,13,158,2,179,30,0,30,209
01/20/2022,BFL,CA,AWP,WE,Combined TRACON& Tower with Radar,10,17,60,2,89,0,0,43,0,43,10,17,103,2,132,1,0,1,133
01/21/2022,BFL,CA,AWP,WE,Combined TRACON& Tower with Radar,6,18,85,6,115,0,0,13,0,13,6,18,98,6,128,0,0,0,128
01/22/2022,BFL,CA,AWP,WE,Combined TRACON& Tower with Radar,7,11,25,0,43,0,0,57,0,57,7,11,82,0,100,40,0,40,140
01/23/2022,BFL,CA,AWP,WE,Combined TRACON& Tower with Radar,8,9,20,2,39,0,0,70,11,81,8,9,90,13,120,34,0,34,154
01/24/2022,BFL,CA,AWP,WE,Combined TRACON& Tower with Radar,6,14,12,0,32,0,2,110,0,112,6,16,122,0,144,44,0,44,188
01/25/2022,BFL,CA,AWP,WE,Combined TRACON& Tower with Radar,8,20,18,0,46,0,4,123,1,128,8,24,141,1,174,75,0,75,249
01/26/2022,BFL,CA,AWP,WE,Combined TRACON& Tower with Radar,6,15,18,1,40,0,2,138,0,140,6,17,156,1,180,40,0,40,220
01/27/2022,BFL,CA,AWP,WE,Combined TRACON& Tower with Radar,11,17,24,1,53,0,9,177,24,210,11,26,201,25,263,54,6,60,323
01/28/2022,BFL,CA,AWP,WE,Combined TRACON& Tower with Radar,9,18,25,3,55,0,3,119,1,123,9,21,144,4,178,18,0,18,196
01/29/2022,BFL,CA,AWP,WE,Combined TRACON& Tower with Radar,8,12,16,0,36,0,6,82,3,91,8,18,98,3,127,54,0,54,181
01/30/2022,BFL,CA,AWP,WE,Combined TRACON& Tower with Radar,8,7,15,1,31,0,1,101,4,106,8,8,116,5,137,50,0,50,187
01/31/2022,BFL,CA,AWP,WE,Combined TRACON& Tower with Radar,8,15,21,0,44,0,1,117,6,124,8,16,138,6,168,80,0,80,248
02/01/2022,BFL,CA,AWP,WE,Combined TRACON& Tower with Radar,6,18,36,0,60,0,7,86,0,93,6,25,122,0,153,182,0,182,335
02/02/2022,BFL,CA,AWP,WE,Combined TRACON& Tower with Radar,7,15,30,8,60,0,5,123,14,142,7,20,153,22,202,132,0,132,334
02/03/2022,BFL,CA,AWP,WE,Combined TRACON& Tower with Radar,6,15,23,5,49,0,10,150,10,170,6,25,173,15,219,156,0,156,375
02/04/2022,BFL,CA,AWP,WE,Combined TRACON& Tower with Radar,9,15,23,0,47,0,4,153,10,167,9,19,176,10,214,136,0,136,350
02/05/2022,BFL,CA,AWP,WE,Combined TRACON& Tower with Radar,9,10,12,0,31,0,8,99,1,108,9,18,111,1,139,104,6,110,249
02/06/2022,BFL,CA,AWP,WE,Combined TRACON& Tower with Radar,10,9,14,0,33,0,2,92,0,94,10,11,106,0,127,59,0,59,186
02/07/2022,BFL,CA,AWP,WE,Combined TRACON& Tower with Radar,10,14,18,4,46,0,2,119,0,121,10,16,137,4,167,38,0,38,205
02/08/2022,BFL,CA,AWP,WE,Combined TRACON& Tower with Radar,6,17,18,1,42,0,7,139,5,151,6,24,157,6,193,92,0,92,285
02/09/2022,BFL,CA,AWP,WE,Combined TRACON& Tower with Radar,10,13,28,0,51,0,3,145,0,148,10,16,173,0,199,172,0,172,371
02/10/2022,BFL,CA,AWP,WE,Combined TRACON& Tower with Radar,8,20,27,1,56,0,4,147,6,157,8,24,174,7,213,62,0,62,275
02/11/2022,BFL,CA,AWP,WE,Combined TRACON& Tower with Radar,10,17,35,0,62,0,1,144,0,145,10,18,179,0,207,74,0,74,281
02/12/2022,BFL,CA,AWP,WE,Combined TRACON& Tower with Radar,8,9,9,0,26,0,2,145,0,147,8,11,154,0,173,78,0,78,251
02/13/2022,BFL,CA,AWP,WE,Combined TRACON& Tower with Radar,10,6,16,0,32,0,8,77,0,85,10,14,93,0,117,76,0,76,193
02/14/2022,BFL,CA,AWP,WE,Combined TRACON& Tower with Radar,10,16,18,0,44,0,4,105,0,109,10,20,123,0,153,92,0,92,245
02/15/2022,BFL,CA,AWP,WE,Combined TRACON& Tower with Radar,8,19,17,4,48,0,5,81,0,86,8,24,98,4,134,88,0,88,222
02/16/2022,BFL,CA,AWP,WE,Combined TRACON& Tower with Radar,8,15,22,2,47,0,4,150,9,163,8,19,172,11,210,78,0,78,288
02/17/2022,BFL,CA,AWP,WE,Combined TRACON& Tower with Radar,10,18,33,4,65,0,22,152,0,174,10,40,185,4,239,172,0,172,411
02/18/2022,BFL,CA,AWP,WE,Combined TRACON& Tower with Radar,8,15,15,0,38,0,5,156,2,163,8,20,171,2,201,63,0,63,264
02/19/2022,BFL,CA,AWP,WE,Combined TRACON& Tower with Radar,4,8,10,0,22,0,7,93,0,100,4,15,103,0,122,46,0,46,168
02/20/2022,BFL,CA,AWP,WE,Combined TRACON& Tower with Radar,10,4,14,0,28,0,4,89,0,93,10,8,103,0,121,64,0,64,185
02/21/2022,BFL,CA,AWP,WE,Combined TRACON& Tower with Radar,8,9,19,0,36,0,7,30,0,37,8,16,49,0,73,14,0,14,87
02/22/2022,BFL,CA,AWP,WE,Combined TRACON& Tower with Radar,8,12,39,0,59,0,4,78,4,86,8,16,117,4,145,290,0,290,435
02/23/2022,BFL,CA,AWP,WE,Combined TRACON& Tower with Radar,8,12,29,9,58,0,4,93,0,97,8,16,122,9,155,443,0,443,598
02/24/2022,BFL,CA,AWP,WE,Combined TRACON& Tower with Radar,8,17,21,0,46,0,8,184,0,192,8,25,205,0,238,466,0,466,704
02/25/2022,BFL,CA,AWP,WE,Combined TRACON& Tower with Radar,8,16,23,4,51,0,5,221,4,230,8,21,244,8,281,384,0,384,665
02/26/2022,BFL,CA,AWP,WE,Combined TRACON& Tower with Radar,6,8,11,0,25,0,6,160,3,169,6,14,171,3,194,743,0,743,937
02/27/2022,BFL,CA,AWP,WE,Combined TRACON& Tower with Radar,10,9,10,0,29,0,10,127,1,138,10,19,137,1,167,393,0,393,560
02/28/2022,BFL,CA,AWP,WE,Combined TRACON& Tower with Radar,10,14,18,0,42,0,5,161,0,166,10,19,179,0,208,538,0,538,746
03/01/2022,BFL,CA,AWP,WE,Combined TRACON& Tower with Radar,6,13,29,0,48,0,6,170,1,177,6,19,199,1,225,50,0,50,275
03/02/2022,BFL,CA,AWP,WE,Combined TRACON& Tower with Radar,10,14,31,4,59,0,4,195,5,204,10,18,226,9,263,362,0,362,625
03/03/2022,BFL,CA,AWP,WE,Combined TRACON& Tower with Radar,10,23,32,2,67,0,5,153,4,162,10,28,185,6,229,87,3,90,319
03/04/2022,BFL,CA,AWP,WE,Combined TRACON& Tower with Radar,10,17,25,0,52,0,3,58,0,61,10,20,83,0,113,60,0,60,173
03/05/2022,BFL,CA,AWP,WE,Combined TRACON& Tower with Radar,7,9,11,1,28,0,5,89,0,94,7,14,100,1,122,196,0,196,318
03/06/2022,BFL,CA,AWP,WE,Combined TRACON& Tower with Radar,10,4,22,1,37,0,3,103,5,111,10,7,125,6,148,78,0,78,226
03/07/2022,BFL,CA,AWP,WE,Combined TRACON& Tower with Radar,9,9,23,5,46,0,3,171,0,174,9,12,194,5,220,77,0,77,297
03/08/2022,BFL,CA,AWP,WE,Combined TRACON& Tower with Radar,8,11,15,0,34,0,8,183,1,192,8,19,198,1,226,134,0,134,360
03/09/2022,BFL,CA,AWP,WE,Combined TRACON& Tower with Radar,7,13,36,0,56,0,10,208,4,222,7,23,244,4,278,152,10,162,440
03/10/2022,BFL,CA,AWP,WE,Combined TRACON& Tower with Radar,9,20,29,0,58,0,1,178,12,191,9,21,207,12,249,159,0,159,408
03/11/2022,BFL,CA,AWP,WE,Combined TRACON& Tower with Radar,11,12,25,3,51,0,1,152,5,158,11,13,177,8,209,72,0,72,281
03/12/2022,BFL,CA,AWP,WE,Combined TRACON& Tower with Radar,8,9,17,0,34,0,6,102,0,108,8,15,119,0,142,34,0,34,176
03/13/2022,BFL,CA,AWP,WE,Combined TRACON& Tower with Radar,9,3,16,0,28,0,1,92,1,94,9,4,108,1,122,66,0,66,188
03/14/2022,BFL,CA,AWP,WE,Combined TRACON& Tower with Radar,9,14,24,0,47,0,2,123,0,125,9,16,147,0,172,68,0,68,240
03/15/2022,BFL,CA,AWP,WE,Combined TRACON& Tower with Radar,8,18,33,7,66,0,6,167,22,195,8,24,200,29,261,106,2,108,369
03/16/2022,BFL,CA,AWP,WE,Combined TRACON& Tower with Radar,7,17,20,2,46,0,5,129,2,136,7,22,149,4,182,128,0,128,310
03/17/2022,BFL,CA,AWP,WE,Combined TRACON& Tower with Radar,10,18,28,0,56,0,14,155,0,169,10,32,183,0,225,122,0,122,347
03/18/2022,BFL,CA,AWP,WE,Combined TRACON& Tower with Radar,8,14,27,0,49,0,3,181,8,192,8,17,208,8,241,108,10,118,359
03/19/2022,BFL,CA,AWP,WE,Combined TRACON& Tower with Radar,8,11,25,0,44,0,2,86,0,88,8,13,111,0,132,70,0,70,202
03/20/2022,BFL,CA,AWP,WE,Combined TRACON& Tower with Radar,9,7,22,0,38,0,2,46,0,48,9,9,68,0,86,12,0,12,98
03/21/2022,BFL,CA,AWP,WE,Combined TRACON& Tower with Radar,10,10,23,2,45,0,18,129,2,149,10,28,152,4,194,94,0,94,288
03/22/2022,BFL,CA,AWP,WE,Combined TRACON& Tower with Radar,8,12,17,2,39,0,9,178,0,187,8,21,195,2,226,138,0,138,364
03/23/2022,BFL,CA,AWP,WE,Combined TRACON& Tower with Radar,7,15,21,0,43,0,5,167,5,177,7,20,188,5,220,156,0,156,376
03/24/2022,BFL,CA,AWP,WE,Combined TRACON& Tower with Radar,11,13,29,0,53,0,9,200,0,209,11,22,229,0,262,126,0,126,388
03/25/2022,BFL,CA,AWP,WE,Combined TRACON& Tower with Radar,9,13,26,0,48,0,5,172,0,177,9,18,198,0,225,137,0,137,362
03/26/2022,BFL,CA,AWP,WE,Combined TRACON& Tower with Radar,8,12,11,0,31,0,9,103,2,114,8,21,114,2,145,80,0,80,225
03/27/2022,BFL,CA,AWP,WE,Combined TRACON& Tower with Radar,9,5,19,0,33,0,4,63,0,67,9,9,82,0,100,52,0,52,152
03/28/2022,BFL,CA,AWP,WE,Combined TRACON& Tower with Radar,9,10,23,4,46,0,0,45,0,45,9,10,68,4,91,21,0,21,112
03/29/2022,BFL,CA,AWP,WE,Combined TRACON& Tower with Radar,8,16,49,0,73,0,13,130,0,143,8,29,179,0,216,158,0,158,374
03/30/2022,BFL,CA,AWP,WE,Combined TRACON& Tower with Radar,7,15,18,0,40,2,8,131,0,141,9,23,149,0,181,128,0,128,309
03/31/2022,BFL,CA,AWP,WE,Combined TRACON& Tower with Radar,9,11,54,2,76,0,0,113,0,113,9,11,167,2,189,126,0,126,315
04/01/2022,BFL,CA,AWP,WE,Combined TRACON& Tower with Radar,9,15,22,0,46,0,6,175,5,186,9,21,197,5,232,69,0,69,301
04/02/2022,BFL,CA,AWP,WE,Combined TRACON& Tower with Radar,7,12,21,0,40,0,6,92,0,98,7,18,113,0,138,46,0,46,184
04/03/2022,BFL,CA,AWP,WE,Combined TRACON& Tower with Radar,9,5,22,0,36,0,4,81,0,85,9,9,103,0,121,52,0,52,173
04/04/2022,BFL,CA,AWP,WE,Combined TRACON& Tower with Radar,10,7,13,0,30,0,6,128,2,136,10,13,141,2,166,118,0,118,284
04/05/2022,BFL,CA,AWP,WE,Combined TRACON& Tower with Radar,9,13,17,0,39,0,5,133,21,159,9,18,150,21,198,128,18,146,344
04/06/2022,BFL,CA,AWP,WE,Combined TRACON& Tower with Radar,9,18,21,0,48,0,7,159,0,166,9,25,180,0,214,90,0,90,304
04/07/2022,BFL,CA,AWP,WE,Combined TRACON& Tower with Radar,11,13,32,0,56,0,6,169,2,177,11,19,201,2,233,168,0,168,401
04/08/2022,BFL,CA,AWP,WE,Combined TRACON& Tower with Radar,11,18,22,0,51,0,8,133,0,141,11,26,155,0,192,100,0,100,292
04/09/2022,BFL,CA,AWP,WE,Combined TRACON& Tower with Radar,9,10,9,0,28,0,8,95,0,103,9,18,104,0,131,80,0,80,211
04/10/2022,BFL,CA,AWP,WE,Combined TRACON& Tower with Radar,12,10,17,0,39,0,2,83,0,85,12,12,100,0,124,46,0,46,170
04/11/2022,BFL,CA,AWP,WE,Combined TRACON& Tower with Radar,14,8,28,0,50,0,9,110,0,119,14,17,138,0,169,89,0,89,258
04/12/2022,BFL,CA,AWP,WE,Combined TRACON& Tower with Radar,9,12,5,0,26,0,12,141,2,155,9,24,146,2,181,123,0,123,304
04/13/2022,BFL,CA,AWP,WE,Combined TRACON& Tower with Radar,9,18,27,2,56,0,5,184,9,198,9,23,211,11,254,110,0,110,364
04/14/2022,BFL,CA,AWP,WE,Combined TRACON& Tower with Radar,11,16,17,3,47,0,20,136,1,157,11,36,153,4,204,91,0,91,295
04/15/2022,BFL,CA,AWP,WE,Combined TRACON& Tower with Radar,12,11,29,2,54,0,8,64,0,72,12,19,93,2,126,39,0,39,165
04/16/2022,BFL,CA,AWP,WE,Combined TRACON& Tower with Radar,9,10,28,0,47,0,4,54,0,58,9,14,82,0,105,66,0,66,171
04/17/2022,BFL,CA,AWP,WE,Combined TRACON& Tower with Radar,11,7,11,0,29,0,8,55,0,63,11,15,66,0,92,30,0,30,122
04/18/2022,BFL,CA,AWP,WE,Combined TRACON& Tower with Radar,11,11,25,3,50,0,13,134,1,148,11,24,159,4,198,50,0,50,248
04/19/2022,BFL,CA,AWP,WE,Combined TRACON& Tower with Radar,9,11,23,0,43,0,5,154,0,159,9,16,177,0,202,69,0,69,271
04/20/2022,BFL,CA,AWP,WE,Combined TRACON& Tower with Radar,9,19,21,11,60,0,5,119,7,131,9,24,140,18,191,60,0,60,251
04/21/2022,BFL,CA,AWP,WE,Combined TRACON& Tower with Radar,13,12,34,0,59,0,18,86,0,104,13,30,120,0,163,46,0,46,209
04/22/2022,BFL,CA,AWP,WE,Combined TRACON& Tower with Radar,10,14,15,0,39,2,10,76,0,88,12,24,91,0,127,34,0,34,161
04/23/2022,BFL,CA,AWP,WE,Combined TRACON& Tower with Radar,9,8,22,0,39,0,5,110,0,115,9,13,132,0,154,70,0,70,224
04/24/2022,BFL,CA,AWP,WE,Combined TRACON& Tower with Radar,9,7,14,0,30,0,4,83,2,89,9,11,97,2,119,99,0,99,218
04/25/2022,BFL,CA,AWP,WE,Combined TRACON& Tower with Radar,10,13,15,0,38,0,1,118,0,119,10,14,133,0,157,47,0,47,204
04/26/2022,BFL,CA,AWP,WE,Combined TRACON& Tower with Radar,9,13,39,0,61,0,6,150,0,156,9,19,189,0,217,124,0,124,341
04/27/2022,BFL,CA,AWP,WE,Combined TRACON& Tower with Radar,14,21,27,2,64,0,4,130,0,134,14,25,157,2,198,96,2,98,296
04/28/2022,BFL,CA,AWP,WE,Combined TRACON& Tower with Radar,11,17,16,2,46,0,13,183,0,196,11,30,199,2,242,134,0,134,376
04/29/2022,BFL,CA,AWP,WE,Combined TRACON& Tower with Radar,11,14,24,0,49,0,8,133,2,143,11,22,157,2,192,134,0,134,326
04/30/2022,BFL,CA,AWP,WE,Combined TRACON& Tower with Radar,9,9,23,0,41,0,5,73,0,78,9,14,96,0,119,67,0,67,186
05/01/2022,BFL,CA,AWP,WE,Combined TRACON& Tower with Radar,10,11,13,0,34,0,0,108,0,108,10,11,121,0,142,66,0,66,208
05/02/2022,BFL,CA,AWP,WE,Combined TRACON& Tower with Radar,11,11,23,0,45,0,3,148,0,151,11,14,171,0,196,66,0,66,262
05/03/2022,BFL,CA,AWP,WE,Combined TRACON& Tower with Radar,11,14,27,0,52,0,4,141,56,201,11,18,168,56,253,70,0,70,323
05/04/2022,BFL,CA,AWP,WE,Combined TRACON& Tower with Radar,10,13,25,7,55,0,8,120,26,154,10,21,145,33,209,48,6,54,263
05/05/2022,BFL,CA,AWP,WE,Combined TRACON& Tower with Radar,10,26,20,4,60,0,4,138,0,142,10,30,158,4,202,86,0,86,288
05/06/2022,BFL,CA,AWP,WE,Combined TRACON& Tower with Radar,10,10,20,2,42,0,5,112,2,119,10,15,132,4,161,56,0,56,217
05/07/2022,BFL,CA,AWP,WE,Combined TRACON& Tower with Radar,11,7,17,0,35,0,6,62,2,70,11,13,79,2,105,48,0,48,153
05/08/2022,BFL,CA,AWP,WE,Combined TRACON& Tower with Radar,8,6,20,0,34,0,2,43,0,45,8,8,63,0,79,48,0,48,127
05/09/2022,BFL,CA,AWP,WE,Combined TRACON& Tower with Radar,9,11,26,0,46,0,2,94,0,96,9,13,120,0,142,42,0,42,184
05/10/2022,BFL,CA,AWP,WE,Combined TRACON& Tower with Radar,10,12,14,2,38,0,1,106,0,107,10,13,120,2,145,53,0,53,198
05/11/2022,BFL,CA,AWP,WE,Combined TRACON& Tower with Radar,10,15,29,0,54,0,7,141,0,148,10,22,170,0,202,98,0,98,300
05/12/2022,BFL,CA,AWP,WE,Combined TRACON& Tower with Radar,10,17,19,0,46,0,3,165,1,169,10,20,184,1,215,122,0,122,337
05/13/2022,BFL,CA,AWP,WE,Combined TRACON& Tower with Radar,11,19,16,0,46,0,2,131,0,133,11,21,147,0,179,110,0,110,289
05/14/2022,BFL,CA,AWP,WE,Combined TRACON& Tower with Radar,11,8,15,2,36,0,6,73,0,79,11,14,88,2,115,90,0,90,205
05/15/2022,BFL,CA,AWP,WE,Combined TRACON& Tower with Radar,9,7,19,0,35,0,1,64,2,67,9,8,83,2,102,51,0,51,153
05/16/2022,BFL,CA,AWP,WE,Combined TRACON& Tower with Radar,10,9,21,4,44,0,2,69,0,71,10,11,90,4,115,52,0,52,167
05/17/2022,BFL,CA,AWP,WE,Combined TRACON& Tower with Radar,11,17,32,0,60,0,8,127,11,146,11,25,159,11,206,78,0,78,284
05/18/2022,BFL,CA,AWP,WE,Combined TRACON& Tower with Radar,12,18,25,2,57,0,3,125,0,128,12,21,150,2,185,40,0,40,225
05/19/2022,BFL,CA,AWP,WE,Combined TRACON& Tower with Radar,10,22,20,2,54,0,2,146,4,152,10,24,166,6,206,34,28,62,268
05/20/2022,BFL,CA,AWP,WE,Combined TRACON& Tower with Radar,11,11,22,4,48,1,7,80,2,90,12,18,102,6,138,70,0,70,208
05/21/2022,BFL,CA,AWP,WE,Combined TRACON& Tower with Radar,11,9,10,0,30,0,4,72,0,76,11,13,82,0,106,6,0,6,112
05/22/2022,BFL,CA,AWP,WE,Combined TRACON& Tower with Radar,10,8,16,0,34,0,2,102,0,104,10,10,118,0,138,38,0,38,176
05/23/2022,BFL,CA,AWP,WE,Combined TRACON& Tower with Radar,10,9,19,1,39,0,1,150,3,154,10,10,169,4,193,135,0,135,328
05/24/2022,BFL,CA,AWP,WE,Combined TRACON& Tower with Radar,11,13,18,0,42,0,6,118,0,124,11,19,136,0,166,62,0,62,228
05/25/2022,BFL,CA,AWP,WE,Combined TRACON& Tower with Radar,9,17,18,0,44,0,7,104,1,112,9,24,122,1,156,48,0,48,204
05/26/2022,BFL,CA,AWP,WE,Combined TRACON& Tower with Radar,10,14,24,2,50,0,2,99,21,122,10,16,123,23,172,94,0,94,266
05/27/2022,BFL,CA,AWP,WE,Combined TRACON& Tower with Radar,11,11,32,2,56,1,5,92,1,99,12,16,124,3,155,34,0,34,189
05/28/2022,BFL,CA,AWP,WE,Combined TRACON& Tower with Radar,11,9,18,0,38,0,3,70,0,73,11,12,88,0,111,50,0,50,161
05/29/2022,BFL,CA,AWP,WE,Combined TRACON& Tower with Radar,10,6,15,0,31,0,2,59,1,62,10,8,74,1,93,30,0,30,123
05/30/2022,BFL,CA,AWP,WE,Combined TRACON& Tower with Radar,10,7,13,0,30,0,3,92,0,95,10,10,105,0,125,30,0,30,155
05/31/2022,BFL,CA,AWP,WE,Combined TRACON& Tower with Radar,10,11,18,2,41,0,3,123,8,134,10,14,141,10,175,38,0,38,213
06/01/2022,BFL,CA,AWP,WE,Combined TRACON& Tower with Radar,9,16,14,0,39,0,9,162,0,171,9,25,176,0,210,81,0,81,291
06/02/2022,BFL,CA,AWP,WE,Combined TRACON& Tower with Radar,12,14,23,0,49,0,11,126,0,137,12,25,149,0,186,98,0,98,284
06/03/2022,BFL,CA,AWP,WE,Combined TRACON& Tower with Radar,9,13,37,0,59,0,7,146,0,153,9,20,183,0,212,118,0,118,330
06/04/2022,BFL,CA,AWP,WE,Combined TRACON& Tower with Radar,9,11,10,0,30,0,2,96,0,98,9,13,106,0,128,60,0,60,188
06/05/2022,BFL,CA,AWP,WE,Combined TRACON& Tower with Radar,10,3,16,0,29,0,4,76,0,80,10,7,92,0,109,53,0,53,162
06/06/2022,BFL,CA,AWP,WE,Combined TRACON& Tower with Radar,10,9,18,2,39,0,4,114,0,118,10,13,132,2,157,44,0,44,201
06/07/2022,BFL,CA,AWP,WE,Combined TRACON& Tower with Radar,8,14,36,6,64,0,1,143,4,148,8,15,179,10,212,55,0,55,267
06/08/2022,BFL,CA,AWP,WE,Combined TRACON& Tower with Radar,10,13,49,8,80,0,9,130,4,143,10,22,179,12,223,53,0,53,276
06/09/2022,BFL,CA,AWP,WE,Combined TRACON& Tower with Radar,10,13,35,0,58,0,6,100,2,108,10,19,135,2,166,34,0,34,200
06/10/2022,BFL,CA,AWP,WE,Combined TRACON& Tower with Radar,10,8,28,2,48,0,3,97,2,102,10,11,125,4,150,56,0,56,206
06/11/2022,BFL,CA,AWP,WE,Combined TRACON& Tower with Radar,7,8,5,0,20,0,3,40,0,43,7,11,45,0,63,8,0,8,71
06/12/2022,BFL,CA,AWP,WE,Combined TRACON& Tower with Radar,10,3,24,0,37,0,0,68,0,68,10,3,92,0,105,44,0,44,149
06/13/2022,BFL,CA,AWP,WE,Combined TRACON& Tower with Radar,11,7,19,0,37,0,5,129,0,134,11,12,148,0,171,48,0,48,219
06/14/2022,BFL,CA,AWP,WE,Combined TRACON& Tower with Radar,8,9,25,4,46,0,7,156,0,163,8,16,181,4,209,78,0,78,287
06/15/2022,BFL,CA,AWP,WE,Combined TRACON& Tower with Radar,10,10,18,2,40,0,6,148,2,156,10,16,166,4,196,82,0,82,278
06/16/2022,BFL,CA,AWP,WE,Combined TRACON& Tower with Radar,10,24,34,4,72,0,6,144,10,160,10,30,178,14,232,96,0,96,328
06/17/2022,BFL,CA,AWP,WE,Combined TRACON& Tower with Radar,10,9,28,0,47,0,7,132,6,145,10,16,160,6,192,58,0,58,250
06/18/2022,BFL,CA,AWP,WE,Combined TRACON& Tower with Radar,9,5,14,0,28,0,11,77,0,88,9,16,91,0,116,38,0,38,154
06/19/2022,BFL,CA,AWP,WE,Combined TRACON& Tower with Radar,11,4,13,0,28,0,0,95,0,95,11,4,108,0,123,78,0,78,201
06/20/2022,BFL,CA,AWP,WE,Combined TRACON& Tower with Radar,10,5,22,0,37,0,7,119,0,126,10,12,141,0,163,194,0,194,357
06/21/2022,BFL,CA,AWP,WE,Combined TRACON& Tower with Radar,9,9,24,2,44,0,8,122,5,135,9,17,146,7,179,154,0,154,333
06/22/2022,BFL,CA,AWP,WE,Combined TRACON& Tower with Radar,11,10,23,0,44,0,1,35,1,37,11,11,58,1,81,4,0,4,85
06/23/2022,BFL,CA,AWP,WE,Combined TRACON& Tower with Radar,11,14,19,0,44,0,2,146,10,158,11,16,165,10,202,44,0,44,246
06/24/2022,BFL,CA,AWP,WE,Combined TRACON& Tower with Radar,11,7,19,0,37,0,9,176,4,189,11,16,195,4,226,66,0,66,292
06/25/2022,BFL,CA,AWP,WE,Combined TRACON& Tower with Radar,9,5,19,0,33,0,3,135,0,138,9,8,154,0,171,68,0,68,239
06/26/2022,BFL,CA,AWP,WE,Combined TRACON& Tower with Radar,11,4,16,0,31,0,0,111,0,111,11,4,127,0,142,52,0,52,194
06/27/2022,BFL,CA,AWP,WE,Combined TRACON& Tower with Radar,11,4,12,3,30,0,4,118,32,154,11,8,130,35,184,66,6,72,256
06/28/2022,BFL,CA,AWP,WE,Combined TRACON& Tower with Radar,9,13,19,2,43,0,8,156,2,166,9,21,175,4,209,66,6,72,281
06/29/2022,BFL,CA,AWP,WE,Combined TRACON& Tower with Radar,11,8,25,3,47,0,8,131,15,154,11,16,156,18,201,97,0,97,298
06/30/2022,BFL,CA,AWP,WE,Combined TRACON& Tower with Radar,10,14,16,0,40,0,6,139,0,145,10,20,155,0,185,72,0,72,257
07/01/2022,BFL,CA,AWP,WE,Combined TRACON& Tower with Radar,11,9,19,1,40,0,5,155,1,161,11,14,174,2,201,90,0,90,291
07/02/2022,BFL,CA,AWP,WE,Combined TRACON& Tower with Radar,7,3,12,0,22,0,7,76,0,83,7,10,88,0,105,36,0,36,141
07/03/2022,BFL,CA,AWP,WE,Combined TRACON& Tower with Radar,8,1,4,0,13,0,2,69,1,72,8,3,73,1,85,35,0,35,120
07/04/2022,BFL,CA,AWP,WE,Combined TRACON& Tower with Radar,8,0,7,0,15,0,2,53,0,55,8,2,60,0,70,22,0,22,92
07/05/2022,BFL,CA,AWP,WE,Combined TRACON& Tower with Radar,9,6,22,0,37,0,5,103,0,108,9,11,125,0,145,78,0,78,223
07/06/2022,BFL,CA,AWP,WE,Combined TRACON& Tower with Radar,13,11,32,4,60,1,3,119,6,129,14,14,151,10,189,66,0,66,255
07/07/2022,BFL,CA,AWP,WE,Combined TRACON& Tower with Radar,10,13,28,2,53,0,10,157,4,171,10,23,185,6,224,98,0,98,322
07/08/2022,BFL,CA,AWP,WE,Combined TRACON& Tower with Radar,10,7,16,2,35,0,5,170,2,177,10,12,186,4,212,115,0,115,327
07/09/2022,BFL,CA,AWP,WE,Combined TRACON& Tower with Radar,8,8,19,2,37,0,2,79,2,83,8,10,98,4,120,40,0,40,160
07/10/2022,BFL,CA,AWP,WE,Combined TRACON& Tower with Radar,10,1,14,0,25,0,7,83,1,91,10,8,97,1,116,32,0,32,148
07/11/2022,BFL,CA,AWP,WE,Combined TRACON& Tower with Radar,10,10,19,1,40,0,5,95,8,108,10,15,114,9,148,58,6,64,212
07/12/2022,BFL,CA,AWP,WE,Combined TRACON& Tower with Radar,8,11,24,6,49,0,10,146,8,164,8,21,170,14,213,24,8,32,245
07/13/2022,BFL,CA,AWP,WE,Combined TRACON& Tower with Radar,12,13,35,0,60,0,4,124,6,134,12,17,159,6,194,66,0,66,260
07/14/2022,BFL,CA,AWP,WE,Combined TRACON& Tower with Radar,12,13,28,0,53,0,1,140,0,141,12,14,168,0,194,66,0,66,260
07/15/2022,BFL,CA,AWP,WE,Combined TRACON& Tower with Radar,10,12,34,2,58,0,1,126,16,143,10,13,160,18,201,80,0,80,281
07/16/2022,BFL,CA,AWP,WE,Combined TRACON& Tower with Radar,8,6,17,0,31,0,3,58,0,61,8,9,75,0,92,10,0,10,102
07/17/2022,BFL,CA,AWP,WE,Combined TRACON& Tower with Radar,10,2,12,0,24,0,5,45,0,50,10,7,57,0,74,12,0,12,86
07/18/2022,BFL,CA,AWP,WE,Combined TRACON& Tower with Radar,10,5,11,0,26,0,5,98,2,105,10,10,109,2,131,90,2,92,223
07/19/2022,BFL,CA,AWP,WE,Combined TRACON& Tower with Radar,9,10,20,5,44,0,12,120,19,151,9,22,140,24,195,54,10,64,259
07/20/2022,BFL,CA,AWP,WE,Combined TRACON& Tower with Radar,11,13,21,0,45,0,5,120,0,125,11,18,141,0,170,74,0,74,244
07/21/2022,BFL,CA,AWP,WE,Combined TRACON& Tower with Radar,10,12,22,2,46,0,7,133,7,147,10,19,155,9,193,138,0,138,331
07/22/2022,BFL,CA,AWP,WE,Combined TRACON& Tower with Radar,10,10,15,2,37,0,7,135,2,144,10,17,150,4,181,82,0,82,263
07/23/2022,BFL,CA,AWP,WE,Combined TRACON& Tower with Radar,8,7,17,0,32,0,6,73,0,79,8,13,90,0,111,50,0,50,161
07/24/2022,BFL,CA,AWP,WE,Combined TRACON& Tower with Radar,7,5,20,0,32,0,10,61,0,71,7,15,81,0,103,42,0,42,145
07/25/2022,BFL,CA,AWP,WE,Combined TRACON& Tower with Radar,10,6,20,5,41,0,4,98,9,111,10,10,118,14,152,66,0,66,218
07/26/2022,BFL,CA,AWP,WE,Combined TRACON& Tower with Radar,9,12,24,4,49,0,7,107,0,114,9,19,131,4,163,28,0,28,191
07/27/2022,BFL,CA,AWP,WE,Combined TRACON& Tower with Radar,11,14,25,4,54,0,2,115,2,119,11,16,140,6,173,39,2,41,214
07/28/2022,BFL,CA,AWP,WE,Combined TRACON& Tower with Radar,10,10,30,0,50,0,1,116,0,117,10,11,146,0,167,56,0,56,223
07/29/2022,BFL,CA,AWP,WE,Combined TRACON& Tower with Radar,10,10,19,0,39,0,6,103,8,117,10,16,122,8,156,66,0,66,222
07/30/2022,BFL,CA,AWP,WE,Combined TRACON& Tower with Radar,7,5,14,0,26,0,4,62,0,66,7,9,76,0,92,4,0,4,96
07/31/2022,BFL,CA,AWP,WE,Combined TRACON& Tower with Radar,10,1,18,0,29,0,4,53,0,57,10,5,71,0,86,15,0,15,101
08/01/2022,BFL,CA,AWP,WE,Combined TRACON& Tower with Radar,9,4,23,5,41,7,8,110,3,128,16,12,133,8,169,28,0,28,197
08/02/2022,BFL,CA,AWP,WE,Combined TRACON& Tower with Radar,9,11,31,5,56,0,5,123,10,138,9,16,154,15,194,80,0,80,274
08/03/2022,BFL,CA,AWP,WE,Combined TRACON& Tower with Radar,11,12,17,1,41,0,7,160,10,177,11,19,177,11,218,68,0,68,286
08/04/2022,BFL,CA,AWP,WE,Combined TRACON& Tower with Radar,10,12,19,0,41,0,8,97,0,105,10,20,116,0,146,50,0,50,196
08/05/2022,BFL,CA,AWP,WE,Combined TRACON& Tower with Radar,8,11,22,0,41,0,6,106,0,112,8,17,128,0,153,102,0,102,255
08/06/2022,BFL,CA,AWP,WE,Combined TRACON& Tower with Radar,8,5,11,0,24,0,7,95,0,102,8,12,106,0,126,50,0,50,176
08/07/2022,BFL,CA,AWP,WE,Combined TRACON& Tower with Radar,7,7,26,0,40,0,1,61,0,62,7,8,87,0,102,24,0,24,126
08/08/2022,BFL,CA,AWP,WE,Combined TRACON& Tower with Radar,10,7,20,0,37,0,3,110,14,127,10,10,130,14,164,40,6,46,210
08/09/2022,BFL,CA,AWP,WE,Combined TRACON& Tower with Radar,8,13,14,4,39,0,6,150,0,156,8,19,164,4,195,67,0,67,262
08/10/2022,BFL,CA,AWP,WE,Combined TRACON& Tower with Radar,10,12,19,2,43,0,7,125,0,132,10,19,144,2,175,40,0,40,215
08/11/2022,BFL,CA,AWP,WE,Combined TRACON& Tower with Radar,8,10,21,2,41,0,23,130,0,153,8,33,151,2,194,120,0,120,314
08/12/2022,BFL,CA,AWP,WE,Combined TRACON& Tower with Radar,7,8,16,0,31,0,3,131,0,134,7,11,147,0,165,36,0,36,201
08/13/2022,BFL,CA,AWP,WE,Combined TRACON& Tower with Radar,8,4,10,0,22,0,7,67,0,74,8,11,77,0,96,24,0,24,120
08/14/2022,BFL,CA,AWP,WE,Combined TRACON& Tower with Radar,10,1,15,0,26,0,2,67,0,69,10,3,82,0,95,4,0,4,99
08/15/2022,BFL,CA,AWP,WE,Combined TRACON& Tower with Radar,8,7,15,0,30,0,3,117,0,120,8,10,132,0,150,66,0,66,216
08/16/2022,BFL,CA,AWP,WE,Combined TRACON& Tower with Radar,10,13,19,1,43,0,3,143,3,149,10,16,162,4,192,52,0,52,244
08/17/2022,BFL,CA,AWP,WE,Combined TRACON& Tower with Radar,8,16,21,0,45,0,2,142,0,144,8,18,163,0,189,62,0,62,251
08/18/2022,BFL,CA,AWP,WE,Combined TRACON& Tower with Radar,8,15,28,1,52,0,3,147,12,162,8,18,175,13,214,47,0,47,261
08/19/2022,BFL,CA,AWP,WE,Combined TRACON& Tower with Radar,10,9,16,2,37,1,2,142,4,149,11,11,158,6,186,64,0,64,250
08/20/2022,BFL,CA,AWP,WE,Combined TRACON& Tower with Radar,10,4,12,0,26,0,7,95,0,102,10,11,107,0,128,20,0,20,148
08/21/2022,BFL,CA,AWP,WE,Combined TRACON& Tower with Radar,8,2,26,1,37,0,1,63,0,64,8,3,89,1,101,14,0,14,115
08/22/2022,BFL,CA,AWP,WE,Combined TRACON& Tower with Radar,8,6,23,4,41,0,6,102,0,108,8,12,125,4,149,64,0,64,213
08/23/2022,BFL,CA,AWP,WE,Combined TRACON& Tower with Radar,8,15,15,4,42,0,5,142,0,147,8,20,157,4,189,78,0,78,267
08/24/2022,BFL,CA,AWP,WE,Combined TRACON& Tower with Radar,8,15,16,0,39,0,2,120,6,128,8,17,136,6,167,69,6,75,242
08/25/2022,BFL,CA,AWP,WE,Combined TRACON& Tower with Radar,10,14,25,4,53,0,2,155,0,157,10,16,180,4,210,62,0,62,272
08/26/2022,BFL,CA,AWP,WE,Combined TRACON& Tower with Radar,8,10,21,0,39,0,2,153,3,158,8,12,174,3,197,113,0,113,310
08/27/2022,BFL,CA,AWP,WE,Combined TRACON& Tower with Radar,10,4,16,2,32,0,1,90,0,91,10,5,106,2,123,32,0,32,155
08/28/2022,BFL,CA,AWP,WE,Combined TRACON& Tower with Radar,8,2,20,4,34,0,3,84,0,87,8,5,104,4,121,36,0,36,157
08/29/2022,BFL,CA,AWP,WE,Combined TRACON& Tower with Radar,9,9,19,2,39,0,13,145,0,158,9,22,164,2,197,208,0,208,405
08/30/2022,BFL,CA,AWP,WE,Combined TRACON& Tower with Radar,9,11,13,2,35,0,1,169,0,170,9,12,182,2,205,146,0,146,351
08/31/2022,BFL,CA,AWP,WE,Combined TRACON& Tower with Radar,11,11,14,7,43,0,7,169,3,179,11,18,183,10,222,78,14,92,314
09/01/2022,BFL,CA,AWP,WE,Combined TRACON& Tower with Radar,10,15,13,2,40,0,2,151,0,153,10,17,164,2,193,74,0,74,267
09/02/2022,BFL,CA,AWP,WE,Combined TRACON& Tower with Radar,7,9,24,0,40,0,5,140,6,151,7,14,164,6,191,94,0,94,285
09/03/2022,BFL,CA,AWP,WE,Combined TRACON& Tower with Radar,9,6,12,0,27,0,2,72,0,74,9,8,84,0,101,44,0,44,145
09/04/2022,BFL,CA,AWP,WE,Combined TRACON& Tower with Radar,7,2,10,0,19,0,2,47,1,50,7,4,57,1,69,36,0,36,105
09/05/2022,BFL,CA,AWP,WE,Combined TRACON& Tower with Radar,10,3,13,0,26,0,3,73,0,76,10,6,86,0,102,32,0,32,134
09/06/2022,BFL,CA,AWP,WE,Combined TRACON& Tower with Radar,12,6,7,0,25,0,3,62,0,65,12,9,69,0,90,15,0,15,105
09/07/2022,BFL,CA,AWP,WE,Combined TRACON& Tower with Radar,11,7,19,3,40,0,5,104,21,130,11,12,123,24,170,46,0,46,216
09/08/2022,BFL,CA,AWP,WE,Combined TRACON& Tower with Radar,14,12,29,4,59,0,5,127,8,140,14,17,156,12,199,109,6,115,314
09/09/2022,BFL,CA,AWP,WE,Combined TRACON& Tower with Radar,10,13,22,9,54,0,6,106,13,125,10,19,128,22,179,86,0,86,265
09/10/2022,BFL,CA,AWP,WE,Combined TRACON& Tower with Radar,9,9,20,0,38,0,11,52,1,64,9,20,72,1,102,22,0,22,124
09/11/2022,BFL,CA,AWP,WE,Combined TRACON& Tower with Radar,9,3,23,0,35,0,2,74,0,76,9,5,97,0,111,43,0,43,154
09/12/2022,BFL,CA,AWP,WE,Combined TRACON& Tower with Radar,10,8,17,2,37,0,8,87,1,96,10,16,104,3,133,70,4,74,207
09/13/2022,BFL,CA,AWP,WE,Combined TRACON& Tower with Radar,9,18,19,2,48,0,9,149,0,158,9,27,168,2,206,96,0,96,302
09/14/2022,BFL,CA,AWP,WE,Combined TRACON& Tower with Radar,9,14,29,3,55,0,2,152,9,163,9,16,181,12,218,120,0,120,338
09/15/2022,BFL,CA,AWP,WE,Combined TRACON& Tower with Radar,10,12,19,2,43,0,3,169,0,172,10,15,188,2,215,96,0,96,311
09/16/2022,BFL,CA,AWP,WE,Combined TRACON& Tower with Radar,10,13,28,0,51,0,7,124,1,132,10,20,152,1,183,93,0,93,276
09/17/2022,BFL,CA,AWP,WE,Combined TRACON& Tower with Radar,9,8,13,2,32,0,6,81,0,87,9,14,94,2,119,60,0,60,179
09/18/2022,BFL,CA,AWP,WE,Combined TRACON& Tower with Radar,10,2,20,0,32,0,1,76,0,77,10,3,96,0,109,28,0,28,137
09/19/2022,BFL,CA,AWP,WE,Combined TRACON& Tower with Radar,10,5,14,0,29,0,8,126,2,136,10,13,140,2,165,126,0,126,291
09/20/2022,BFL,CA,AWP,WE,Combined TRACON& Tower with Radar,9,15,26,0,50,0,9,138,1,148,9,24,164,1,198,156,0,156,354
09/21/2022,BFL,CA,AWP,WE,Combined TRACON& Tower with Radar,8,13,12,0,33,0,7,141,0,148,8,20,153,0,181,126,0,126,307
09/22/2022,BFL,CA,AWP,WE,Combined TRACON& Tower with Radar,9,13,23,0,45,1,11,146,4,162,10,24,169,4,207,165,0,165,372
09/23/2022,BFL,CA,AWP,WE,Combined TRACON& Tower with Radar,10,10,13,0,33,0,7,174,0,181,10,17,187,0,214,128,0,128,342
09/24/2022,BFL,CA,AWP,WE,Combined TRACON& Tower with Radar,8,9,19,0,36,0,1,69,0,70,8,10,88,0,106,46,0,46,152
09/25/2022,BFL,CA,AWP,WE,Combined TRACON& Tower with Radar,10,1,12,0,23,0,0,104,0,104,10,1,116,0,127,94,0,94,221
09/26/2022,BFL,CA,AWP,WE,Combined TRACON& Tower with Radar,10,4,14,0,28,0,4,104,0,108,10,8,118,0,136,57,0,57,193
09/27/2022,BFL,CA,AWP,WE,Combined TRACON& Tower with Radar,9,15,30,17,71,0,1,143,3,147,9,16,173,20,218,164,22,186,404
09/28/2022,BFL,CA,AWP,WE,Combined TRACON& Tower with Radar,9,10,15,5,39,0,3,158,1,162,9,13,173,6,201,152,0,152,353
09/29/2022,BFL,CA,AWP,WE,Combined TRACON& Tower with Radar,10,9,23,2,44,0,11,161,0,172,10,20,184,2,216,118,0,118,334
09/30/2022,BFL,CA,AWP,WE,Combined TRACON& Tower with Radar,10,9,21,0,40,0,5,140,1,146,10,14,161,1,186,126,0,126,312
10/01/2022,BFL,CA,AWP,WE,Combined TRACON& Tower with Radar,9,9,20,0,38,0,6,89,0,95,9,15,109,0,133,54,0,54,187
10/02/2022,BFL,CA,AWP,WE,Combined TRACON& Tower with Radar,8,2,13,0,23,0,2,88,0,90,8,4,101,0,113,60,0,60,173
10/03/2022,BFL,CA,AWP,WE,Combined TRACON& Tower with Radar,8,7,23,2,40,0,10,72,46,128,8,17,95,48,168,146,0,146,314
10/04/2022,BFL,CA,AWP,WE,Combined TRACON& Tower with Radar,7,13,17,2,39,0,10,120,0,130,7,23,137,2,169,88,0,88,257
10/05/2022,BFL,CA,AWP,WE,Combined TRACON& Tower with Radar,8,15,17,2,42,0,8,140,2,150,8,23,157,4,192,126,0,126,318
10/06/2022,BFL,CA,AWP,WE,Combined TRACON& Tower with Radar,7,11,29,0,47,0,13,144,0,157,7,24,173,0,204,86,0,86,290
10/07/2022,BFL,CA,AWP,WE,Combined TRACON& Tower with Radar,8,11,29,0,48,0,16,122,2,140,8,27,151,2,188,96,0,96,284
10/08/2022,BFL,CA,AWP,WE,Combined TRACON& Tower with Radar,10,7,17,0,34,0,1,74,0,75,10,8,91,0,109,42,0,42,151
10/09/2022,BFL,CA,AWP,WE,Combined TRACON& Tower with Radar,9,4,20,0,33,1,1,90,0,92,10,5,110,0,125,44,0,44,169
10/10/2022,BFL,CA,AWP,WE,Combined TRACON& Tower with Radar,10,8,24,3,45,0,7,94,0,101,10,15,118,3,146,70,0,70,216
10/11/2022,BFL,CA,AWP,WE,Combined TRACON& Tower with Radar,10,14,35,5,64,0,7,130,13,150,10,21,165,18,214,96,0,96,310
10/12/2022,BFL,CA,AWP,WE,Combined TRACON& Tower with Radar,9,18,30,8,65,0,8,161,0,169,9,26,191,8,234,92,0,92,326
10/13/2022,BFL,CA,AWP,WE,Combined TRACON& Tower with Radar,9,15,36,0,60,0,7,149,0,156,9,22,185,0,216,120,0,120,336
10/14/2022,BFL,CA,AWP,WE,Combined TRACON& Tower with Radar,9,14,25,3,51,0,8,166,2,176,9,22,191,5,227,96,0,96,323
10/15/2022,BFL,CA,AWP,WE,Combined TRACON& Tower with Radar,9,10,15,0,34,0,0,76,0,76,9,10,91,0,110,56,0,56,166
10/16/2022,BFL,CA,AWP,WE,Combined TRACON& Tower with Radar,9,4,15,4,32,0,2,97,2,101,9,6,112,6,133,92,0,92,225
10/17/2022,BFL,CA,AWP,WE,Combined TRACON& Tower with Radar,10,9,14,0,33,0,13,141,0,154,10,22,155,0,187,98,0,98,285
10/18/2022,BFL,CA,AWP,WE,Combined TRACON& Tower with Radar,11,12,15,2,40,0,14,148,16,178,11,26,163,18,218,366,3,369,587
10/19/2022,BFL,CA,AWP,WE,Combined TRACON& Tower with Radar,10,11,18,0,39,0,19,173,4,196,10,30,191,4,235,356,0,356,591
10/20/2022,BFL,CA,AWP,WE,Combined TRACON& Tower with Radar,9,10,18,4,41,0,21,163,2,186,9,31,181,6,227,342,0,342,569
10/21/2022,BFL,CA,AWP,WE,Combined TRACON& Tower with Radar,11,13,29,2,55,0,19,159,2,180,11,32,188,4,235,314,0,314,549
10/22/2022,BFL,CA,AWP,WE,Combined TRACON& Tower with Radar,9,5,27,0,41,0,13,94,0,107,9,18,121,0,148,316,0,316,464
10/23/2022,BFL,CA,AWP,WE,Combined TRACON& Tower with Radar,8,4,20,0,32,1,8,126,0,135,9,12,146,0,167,312,0,312,479
10/24/2022,BFL,CA,AWP,WE,Combined TRACON& Tower with Radar,8,13,21,4,46,0,2,207,0,209,8,15,228,4,255,413,0,413,668
10/25/2022,BFL,CA,AWP,WE,Combined TRACON& Tower with Radar,9,18,20,0,47,0,1,153,12,166,9,19,173,12,213,49,0,49,262
10/26/2022,BFL,CA,AWP,WE,Combined TRACON& Tower with Radar,10,21,23,0,54,0,4,180,0,184,10,25,203,0,238,39,0,39,277
10/27/2022,BFL,CA,AWP,WE,Combined TRACON& Tower with Radar,9,15,25,0,49,0,5,187,0,192,9,20,212,0,241,294,0,294,535
10/28/2022,BFL,CA,AWP,WE,Combined TRACON& Tower with Radar,9,15,23,6,53,0,10,131,0,141,9,25,154,6,194,80,0,80,274
10/29/2022,BFL,CA,AWP,WE,Combined TRACON& Tower with Radar,6,5,22,0,33,0,8,91,0,99,6,13,113,0,132,78,0,78,210
10/30/2022,BFL,CA,AWP,WE,Combined TRACON& Tower with Radar,10,6,16,0,32,0,14,60,0,74,10,20,76,0,106,32,0,32,138
10/31/2022,BFL,CA,AWP,WE,Combined TRACON& Tower with Radar,6,7,15,0,28,0,10,116,0,126,6,17,131,0,154,106,0,106,260
11/01/2022,BFL,CA,AWP,WE,Combined TRACON& Tower with Radar,9,12,21,4,46,0,1,117,0,118,9,13,138,4,164,82,0,82,246
11/02/2022,BFL,CA,AWP,WE,Combined TRACON& Tower with Radar,10,14,31,2,57,0,4,129,0,133,10,18,160,2,190,194,0,194,384
11/03/2022,BFL,CA,AWP,WE,Combined TRACON& Tower with Radar,10,11,36,0,57,0,7,107,1,115,10,18,143,1,172,95,0,95,267
11/04/2022,BFL,CA,AWP,WE,Combined TRACON& Tower with Radar,8,10,15,0,33,0,2,128,1,131,8,12,143,1,164,58,0,58,222
11/05/2022,BFL,CA,AWP,WE,Combined TRACON& Tower with Radar,10,6,12,5,33,0,2,69,1,72,10,8,81,6,105,46,0,46,151
11/06/2022,BFL,CA,AWP,WE,Combined TRACON& Tower with Radar,8,3,32,2,45,0,4,54,0,58,8,7,86,2,103,30,0,30,133
11/07/2022,BFL,CA,AWP,WE,Combined TRACON& Tower with Radar,10,8,24,1,43,0,2,33,0,35,10,10,57,1,78,22,0,22,100
11/08/2022,BFL,CA,AWP,WE,Combined TRACON& Tower with Radar,10,11,14,2,37,0,6,41,2,49,10,17,55,4,86,62,3,65,151
11/09/2022,BFL,CA,AWP,WE,Combined TRACON& Tower with Radar,8,11,36,0,55,0,3,130,0,133,8,14,166,0,188,78,0,78,266
11/10/2022,BFL,CA,AWP,WE,Combined TRACON& Tower with Radar,10,15,19,1,45,0,5,180,0,185,10,20,199,1,230,62,0,62,292
11/11/2022,BFL,CA,AWP,WE,Combined TRACON& Tower with Radar,10,13,26,2,51,0,0,84,3,87,10,13,110,5,138,32,0,32,170
11/12/2022,BFL,CA,AWP,WE,Combined TRACON& Tower with Radar,10,10,14,0,34,0,2,48,0,50,10,12,62,0,84,10,0,10,94
11/13/2022,BFL,CA,AWP,WE,Combined TRACON& Tower with Radar,8,8,26,0,42,0,7,68,0,75,8,15,94,0,117,74,0,74,191
11/14/2022,BFL,CA,AWP,WE,Combined TRACON& Tower with Radar,10,12,22,4,48,0,0,132,12,144,10,12,154,16,192,96,30,126,318
11/15/2022,BFL,CA,AWP,WE,Combined TRACON& Tower with Radar,10,13,32,0,55,0,2,149,1,152,10,15,181,1,207,92,0,92,299
11/16/2022,BFL,CA,AWP,WE,Combined TRACON& Tower with Radar,10,19,15,0,44,0,3,112,26,141,10,22,127,26,185,42,0,42,227
11/17/2022,BFL,CA,AWP,WE,Combined TRACON& Tower with Radar,9,16,29,2,56,0,10,121,24,155,9,26,150,26,211,58,0,58,269
11/18/2022,BFL,CA,AWP,WE,Combined TRACON& Tower with Radar,9,10,24,4,47,0,2,120,0,122,9,12,144,4,169,74,0,74,243
11/19/2022,BFL,CA,AWP,WE,Combined TRACON& Tower with Radar,10,11,25,0,46,0,3,37,0,40,10,14,62,0,86,22,0,22,108
11/20/2022,BFL,CA,AWP,WE,Combined TRACON& Tower with Radar,9,6,17,0,32,0,2,87,0,89,9,8,104,0,121,51,0,51,172
11/21/2022,BFL,CA,AWP,WE,Combined TRACON& Tower with Radar,10,8,5,0,23,0,5,129,2,136,10,13,134,2,159,96,0,96,255
11/22/2022,BFL,CA,AWP,WE,Combined TRACON& Tower with Radar,10,13,18,0,41,0,1,119,0,120,10,14,137,0,161,54,0,54,215
11/23/2022,BFL,CA,AWP,WE,Combined TRACON& Tower with Radar,10,13,17,0,40,0,6,62,0,68,10,19,79,0,108,0,0,0,108
11/24/2022,BFL,CA,AWP,WE,Combined TRACON& Tower with Radar,6,3,1,0,10,0,0,8,0,8,6,3,9,0,18,0,0,0,18
11/25/2022,BFL,CA,AWP,WE,Combined TRACON& Tower with Radar,10,10,14,2,36,0,6,52,0,58,10,16,66,2,94,4,0,4,98
11/26/2022,BFL,CA,AWP,WE,Combined TRACON& Tower with Radar,9,6,21,0,36,0,13,39,0,52,9,19,60,0,88,24,0,24,112
11/27/2022,BFL,CA,AWP,WE,Combined TRACON& Tower with Radar,9,4,23,0,36,0,3,58,0,61,9,7,81,0,97,34,0,34,131
11/28/2022,BFL,CA,AWP,WE,Combined TRACON& Tower with Radar,10,11,25,6,52,0,10,94,0,104,10,21,119,6,156,110,0,110,266
11/29/2022,BFL,CA,AWP,WE,Combined TRACON& Tower with Radar,10,15,13,1,39,0,2,151,6,159,10,17,164,7,198,153,0,153,351
11/30/2022,BFL,CA,AWP,WE,Combined TRACON& Tower with Radar,8,15,18,2,43,0,9,154,2,165,8,24,172,4,208,162,0,162,370
12/01/2022,BFL,CA,AWP,WE,Combined TRACON& Tower with Radar,9,15,29,0,53,0,10,119,2,131,9,25,148,2,184,144,0,144,328
12/02/2022,BFL,CA,AWP,WE,Combined TRACON& Tower with Radar,8,15,39,4,66,0,5,19,1,25,8,20,58,5,91,36,0,36,127
12/03/2022,BFL,CA,AWP,WE,Combined TRACON& Tower with Radar,8,6,15,0,29,0,1,18,0,19,8,7,33,0,48,14,0,14,62
12/04/2022,BFL,CA,AWP,WE,Combined TRACON& Tower with Radar,10,3,29,0,42,0,2,49,0,51,10,5,78,0,93,342,0,342,435
12/05/2022,BFL,CA,AWP,WE,Combined TRACON& Tower with Radar,9,12,25,0,46,0,3,102,2,107,9,15,127,2,153,76,0,76,229
12/06/2022,BFL,CA,AWP,WE,Combined TRACON& Tower with Radar,9,20,28,3,60,0,3,137,2,142,9,23,165,5,202,130,0,130,332
12/07/2022,BFL,CA,AWP,WE,Combined TRACON& Tower with Radar,8,21,24,0,53,0,0,74,4,78,8,21,98,4,131,61,0,61,192
12/08/2022,BFL,CA,AWP,WE,Combined TRACON& Tower with Radar,10,13,22,4,49,0,3,166,0,169,10,16,188,4,218,89,0,89,307
12/09/2022,BFL,CA,AWP,WE,Combined TRACON& Tower with Radar,9,12,22,0,43,0,5,106,0,111,9,17,128,0,154,102,0,102,256
12/10/2022,BFL,CA,AWP,WE,Combined TRACON& Tower with Radar,7,8,6,0,21,0,22,80,0,102,7,30,86,0,123,134,0,134,257
12/11/2022,BFL,CA,AWP,WE,Combined TRACON& Tower with Radar,10,4,15,0,29,0,1,24,0,25,10,5,39,0,54,66,0,66,120
12/12/2022,BFL,CA,AWP,WE,Combined TRACON& Tower with Radar,9,14,25,0,48,0,4,91,0,95,9,18,116,0,143,182,0,182,325
12/13/2022,BFL,CA,AWP,WE,Combined TRACON& Tower with Radar,8,15,29,0,52,0,5,155,8,168,8,20,184,8,220,93,0,93,313
12/14/2022,BFL,CA,AWP,WE,Combined TRACON& Tower with Radar,10,12,24,2,48,0,5,166,0,171,10,17,190,2,219,170,0,170,389
12/15/2022,BFL,CA,AWP,WE,Combined TRACON& Tower with Radar,8,19,30,0,57,0,2,107,0,109,8,21,137,0,166,78,0,78,244
12/16/2022,BFL,CA,AWP,WE,Combined TRACON& Tower with Radar,8,15,30,0,53,0,0,37,0,37,8,15,67,0,90,6,0,6,96
12/17/2022,BFL,CA,AWP,WE,Combined TRACON& Tower with Radar,8,11,13,0,32,0,1,19,1,21,8,12,32,1,53,0,0,0,53
12/18/2022,BFL,CA,AWP,WE,Combined TRACON& Tower with Radar,9,5,23,0,37,0,1,13,0,14,9,6,36,0,51,0,0,0,51
12/19/2022,BFL,CA,AWP,WE,Combined TRACON& Tower with Radar,9,10,13,0,32,0,0,20,0,20,9,10,33,0,52,0,0,0,52
12/20/2022,BFL,CA,AWP,WE,Combined TRACON& Tower with Radar,10,14,34,0,58,0,0,8,0,8,10,14,42,0,66,0,0,0,66
12/21/2022,BFL,CA,AWP,WE,Combined TRACON& Tower with Radar,10,22,35,2,69,0,0,15,0,15,10,22,50,2,84,0,0,0,84
12/22/2022,BFL,CA,AWP,WE,Combined TRACON& Tower with Radar,7,18,31,2,58,0,0,7,0,7,7,18,38,2,65,0,0,0,65
12/23/2022,BFL,CA,AWP,WE,Combined TRACON& Tower with Radar,8,9,21,0,38,0,3,16,0,19,8,12,37,0,57,4,0,4,61
12/24/2022,BFL,CA,AWP,WE,Combined TRACON& Tower with Radar,6,7,10,0,23,0,1,11,0,12,6,8,21,0,35,0,0,0,35
12/25/2022,BFL,CA,AWP,WE,Combined TRACON& Tower with Radar,5,5,4,0,14,0,0,9,0,9,5,5,13,0,23,0,0,0,23
12/26/2022,BFL,CA,AWP,WE,Combined TRACON& Tower with Radar,9,4,37,0,50,0,1,6,0,7,9,5,43,0,57,0,0,0,57
12/27/2022,BFL,CA,AWP,WE,Combined TRACON& Tower with Radar,8,8,19,0,35,0,0,9,0,9,8,8,28,0,44,0,0,0,44
12/28/2022,BFL,CA,AWP,WE,Combined TRACON& Tower with Radar,8,15,17,6,46,0,4,37,0,41,8,19,54,6,87,29,0,29,116
12/29/2022,BFL,CA,AWP,WE,Combined TRACON& Tower with Radar,8,18,19,1,46,0,0,18,0,18,8,18,37,1,64,4,0,4,68
12/30/2022,BFL,CA,AWP,WE,Combined TRACON& Tower with Radar,8,15,22,0,45,0,0,34,0,34,8,15,56,0,79,8,0,8,87
12/31/2022,BFL,CA,AWP,WE,Combined TRACON& Tower with Radar,5,7,7,0,19,0,2,14,2,18,5,9,21,2,37,4,0,4,41
01/01/2023,BFL,CA,AWP,WE,Combined TRACON& Tower with Radar,6,3,18,0,27,0,1,13,0,14,6,4,31,0,41,0,0,0,41
01/02/2023,BFL,CA,AWP,WE,Combined TRACON& Tower with Radar,8,4,23,0,35,0,1,39,0,40,8,5,62,0,75,34,0,34,109
01/03/2023,BFL,CA,AWP,WE,Combined TRACON& Tower with Radar,10,6,18,0,34,0,7,57,0,64,10,13,75,0,98,92,0,92,190
01/04/2023,BFL,CA,AWP,WE,Combined TRACON& Tower with Radar,9,17,13,3,42,0,0,42,1,43,9,17,55,4,85,28,0,28,113
01/05/2023,BFL,CA,AWP,WE,Combined TRACON& Tower with Radar,8,15,16,2,41,0,1,31,0,32,8,16,47,2,73,30,0,30,103
01/06/2023,BFL,CA,AWP,WE,Combined TRACON& Tower with Radar,9,11,25,0,45,0,7,116,0,123,9,18,141,0,168,140,0,140,308
01/07/2023,BFL,CA,AWP,WE,Combined TRACON& Tower with Radar,8,7,17,0,32,0,2,80,0,82,8,9,97,0,114,130,0,130,244
01/08/2023,BFL,CA,AWP,WE,Combined TRACON& Tower with Radar,8,7,17,0,32,0,0,56,0,56,8,7,73,0,88,115,0,115,203
01/09/2023,BFL,CA,AWP,WE,Combined TRACON& Tower with Radar,11,8,8,4,31,0,0,11,0,11,11,8,19,4,42,20,0,20,62
01/10/2023,BFL,CA,AWP,WE,Combined TRACON& Tower with Radar,8,12,20,5,45,0,3,43,19,65,8,15,63,24,110,85,22,107,217
01/11/2023,BFL,CA,AWP,WE,Combined TRACON& Tower with Radar,8,16,22,1,47,0,4,120,9,133,8,20,142,10,180,110,0,110,290
01/12/2023,BFL,CA,AWP,WE,Combined TRACON& Tower with Radar,8,15,28,0,51,0,14,106,0,120,8,29,134,0,171,66,0,66,237
01/13/2023,BFL,CA,AWP,WE,Combined TRACON& Tower with Radar,8,15,29,0,52,0,5,116,0,121,8,20,145,0,173,182,0,182,355
01/14/2023,BFL,CA,AWP,WE,Combined TRACON& Tower with Radar,7,11,6,0,24,0,5,18,0,23,7,16,24,0,47,55,0,55,102
01/15/2023,BFL,CA,AWP,WE,Combined TRACON& Tower with Radar,7,3,17,0,27,0,3,58,0,61,7,6,75,0,88,74,0,74,162
01/16/2023,BFL,CA,AWP,WE,Combined TRACON& Tower with Radar,8,6,17,0,31,0,0,13,2,15,8,6,30,2,46,18,0,18,64
01/17/2023,BFL,CA,AWP,WE,Combined TRACON& Tower with Radar,8,15,32,7,62,0,1,56,5,62,8,16,88,12,124,114,0,114,238
01/18/2023,BFL,CA,AWP,WE,Combined TRACON& Tower with Radar,8,14,25,0,47,0,0,119,1,120,8,14,144,1,167,125,0,125,292
01/19/2023,BFL,CA,AWP,WE,Combined TRACON& Tower with Radar,8,16,42,6,72,0,6,65,0,71,8,22,107,6,143,130,0,130,273
01/20/2023,BFL,CA,AWP,WE,Combined TRACON& Tower with Radar,8,14,27,0,49,0,1,146,0,147,8,15,173,0,196,192,0,192,388
01/21/2023,BFL,CA,AWP,WE,Combined TRACON& Tower with Radar,8,11,13,0,32,0,4,82,3,89,8,15,95,3,121,102,0,102,223
01/22/2023,BFL,CA,AWP,WE,Combined TRACON& Tower with Radar,8,5,6,0,19,0,0,38,0,38,8,5,44,0,57,48,0,48,105
01/23/2023,BFL,CA,AWP,WE,Combined TRACON& Tower with Radar,8,9,9,4,30,0,0,105,16,121,8,9,114,20,151,126,8,134,285
01/24/2023,BFL,CA,AWP,WE,Combined TRACON& Tower with Radar,8,13,23,0,44,0,1,142,2,145,8,14,165,2,189,114,0,114,303
01/25/2023,BFL,CA,AWP,WE,Combined TRACON& Tower with Radar,8,15,26,10,59,0,5,161,0,166,8,20,187,10,225,134,0,134,359
01/26/2023,BFL,CA,AWP,WE,Combined TRACON& Tower with Radar,8,12,27,2,49,0,4,132,0,136,8,16,159,2,185,152,0,152,337
01/27/2023,BFL,CA,AWP,WE,Combined TRACON& Tower with Radar,8,13,19,2,42,0,3,138,0,141,8,16,157,2,183,208,0,208,391
01/28/2023,BFL,CA,AWP,WE,Combined TRACON& Tower with Radar,8,11,9,0,28,0,4,82,0,86,8,15,91,0,114,52,0,52,166
01/29/2023,BFL,CA,AWP,WE,Combined TRACON& Tower with Radar,8,3,12,0,23,0,0,63,2,65,8,3,75,2,88,112,0,112,200
01/30/2023,BFL,CA,AWP,WE,Combined TRACON& Tower with Radar,7,6,22,0,35,0,0,7,0,7,7,6,29,0,42,6,0,6,48
01/31/2023,BFL,CA,AWP,WE,Combined TRACON& Tower with Radar,7,13,20,2,42,0,2,126,1,129,7,15,146,3,171,190,20,210,381
02/01/2023,BFL,CA,AWP,WE,Combined TRACON& Tower with Radar,6,17,21,8,52,0,4,143,0,147,6,21,164,8,199,212,0,212,411
02/02/2023,BFL,CA,AWP,WE,Combined TRACON& Tower with Radar,8,18,15,2,43,0,8,140,0,148,8,26,155,2,191,108,0,108,299
02/03/2023,BFL,CA,AWP,WE,Combined TRACON& Tower with Radar,7,14,31,0,52,0,7,118,8,133,7,21,149,8,185,82,0,82,267
02/04/2023,BFL,CA,AWP,WE,Combined TRACON& Tower with Radar,6,7,11,0,24,0,4,48,0,52,6,11,59,0,76,16,0,16,92
02/05/2023,BFL,CA,AWP,WE,Combined TRACON& Tower with Radar,8,3,14,0,25,0,0,22,0,22,8,3,36,0,47,70,0,70,117
02/06/2023,BFL,CA,AWP,WE,Combined TRACON& Tower with Radar,8,6,25,0,39,4,0,44,0,48,12,6,69,0,87,61,0,61,148
02/07/2023,BFL,CA,AWP,WE,Combined TRACON& Tower with Radar,9,11,23,10,53,2,3,165,0,170,11,14,188,10,223,333,0,333,556
02/08/2023,BFL,CA,AWP,WE,Combined TRACON& Tower with Radar,7,15,23,0,45,0,0,176,0,176,7,15,199,0,221,80,0,80,301
02/09/2023,BFL,CA,AWP,WE,Combined TRACON& Tower with Radar,9,14,35,2,60,6,4,121,0,131,15,18,156,2,191,115,0,115,306
02/10/2023,BFL,CA,AWP,WE,Combined TRACON& Tower with Radar,10,10,10,0,30,0,2,128,0,130,10,12,138,0,160,132,0,132,292
02/11/2023,BFL,CA,AWP,WE,Combined TRACON& Tower with Radar,9,5,4,0,18,0,4,84,0,88,9,9,88,0,106,86,0,86,192
02/12/2023,BFL,CA,AWP,WE,Combined TRACON& Tower with Radar,11,3,9,0,23,0,2,64,0,66,11,5,73,0,89,104,0,104,193
02/13/2023,BFL,CA,AWP,WE,Combined TRACON& Tower with Radar,11,8,23,0,42,0,0,165,0,165,11,8,188,0,207,206,0,206,413
02/14/2023,BFL,CA,AWP,WE,Combined TRACON& Tower with Radar,11,13,17,2,43,0,0,83,3,86,11,13,100,5,129,80,0,80,209
02/15/2023,BFL,CA,AWP,WE,Combined TRACON& Tower with Radar,10,12,13,0,35,0,4,168,0,172,10,16,181,0,207,124,0,124,331
02/16/2023,BFL,CA,AWP,WE,Combined TRACON& Tower with Radar,11,9,20,0,40,0,5,198,5,208,11,14,218,5,248,192,0,192,440
02/17/2023,BFL,CA,AWP,WE,Combined TRACON& Tower with Radar,10,7,19,0,36,0,6,131,0,137,10,13,150,0,173,134,0,134,307
02/18/2023,BFL,CA,AWP,WE,Combined TRACON& Tower with Radar,9,7,10,0,26,0,3,98,0,101,9,10,108,0,127,52,0,52,179
02/19/2023,BFL,CA,AWP,WE,Combined TRACON& Tower with Radar,11,1,18,0,30,0,0,74,0,74,11,1,92,0,104,50,0,50,154
02/20/2023,BFL,CA,AWP,WE,Combined TRACON& Tower with Radar,10,5,10,0,25,0,7,64,8,79,10,12,74,8,104,16,0,16,120
02/21/2023,BFL,CA,AWP,WE,Combined TRACON& Tower with Radar,10,8,23,0,41,0,14,78,0,92,10,22,101,0,133,132,0,132,265
02/22/2023,BFL,CA,AWP,WE,Combined TRACON& Tower with Radar,9,16,26,0,51,0,6,76,0,82,9,22,102,0,133,78,0,78,211
02/23/2023,BFL,CA,AWP,WE,Combined TRACON& Tower with Radar,11,10,20,4,45,0,1,71,18,90,11,11,91,22,135,148,0,148,283
02/24/2023,BFL,CA,AWP,WE,Combined TRACON& Tower with Radar,12,14,20,0,46,0,0,1,0,1,12,14,21,0,47,0,0,0,47
02/25/2023,BFL,CA,AWP,WE,Combined TRACON& Tower with Radar,10,8,13,0,31,0,2,3,0,5,10,10,16,0,36,0,0,0,36
02/26/2023,BFL,CA,AWP,WE,Combined TRACON& Tower with Radar,11,3,19,2,35,0,0,81,1,82,11,3,100,3,117,112,0,112,229
02/27/2023,BFL,CA,AWP,WE,Combined TRACON& Tower with Radar,13,8,19,2,42,0,1,78,0,79,13,9,97,2,121,178,8,186,307
02/28/2023,BFL,CA,AWP,WE,Combined TRACON& Tower with Radar,12,9,22,4,47,0,2,100,4,106,12,11,122,8,153,250,0,250,403
03/01/2023,BFL,CA,AWP,WE,Combined TRACON& Tower with Radar,11,16,22,0,49,0,0,78,0,78,11,16,100,0,127,116,0,116,243
03/02/2023,BFL,CA,AWP,WE,Combined TRACON& Tower with Radar,12,10,26,1,49,0,8,189,4,201,12,18,215,5,250,143,0,143,393
03/03/2023,BFL,CA,AWP,WE,Combined TRACON& Tower with Radar,10,11,24,0,45,0,9,124,8,141,10,20,148,8,186,146,0,146,332
03/04/2023,BFL,CA,AWP,WE,Combined TRACON& Tower with Radar,10,5,22,0,37,0,6,70,0,76,10,11,92,0,113,92,0,92,205
03/05/2023,BFL,CA,AWP,WE,Combined TRACON& Tower with Radar,10,7,19,0,36,0,0,29,0,29,10,7,48,0,65,124,0,124,189
03/06/2023,BFL,CA,AWP,WE,Combined TRACON& Tower with Radar,11,5,21,6,43,0,0,129,0,129,11,5,150,6,172,214,0,214,386
03/07/2023,BFL,CA,AWP,WE,Combined TRACON& Tower with Radar,11,18,27,0,56,0,5,149,0,154,11,23,176,0,210,200,0,200,410
03/08/2023,BFL,CA,AWP,WE,Combined TRACON& Tower with Radar,11,9,22,0,42,0,2,137,3,142,11,11,159,3,184,110,0,110,294
03/09/2023,BFL,CA,AWP,WE,Combined TRACON& Tower with Radar,10,10,24,4,48,0,4,122,1,127,10,14,146,5,175,172,0,172,347
03/10/2023,BFL,CA,AWP,WE,Combined TRACON& Tower with Radar,10,9,20,0,39,0,0,29,0,29,10,9,49,0,68,62,0,62,130
03/11/2023,BFL,CA,AWP,WE,Combined TRACON& Tower with Radar,10,6,18,0,34,0,0,30,0,30,10,6,48,0,64,42,0,42,106
03/12/2023,BFL,CA,AWP,WE,Combined TRACON& Tower with Radar,10,2,23,5,40,0,6,79,1,86,10,8,102,6,126,42,6,48,174
03/13/2023,BFL,CA,AWP,WE,Combined TRACON& Tower with Radar,10,7,26,6,49,0,3,70,0,73,10,10,96,6,122,42,0,42,164
03/14/2023,BFL,CA,AWP,WE,Combined TRACON& Tower with Radar,11,10,27,4,52,0,0,16,0,16,11,10,43,4,68,2,0,2,70
03/15/2023,BFL,CA,AWP,WE,Combined TRACON& Tower with Radar,11,14,28,6,59,0,5,27,0,32,11,19,55,6,91,10,10,20,111
03/16/2023,BFL,CA,AWP,WE,Combined TRACON& Tower with Radar,10,15,48,3,76,0,4,63,35,102,10,19,111,38,178,94,0,94,272
03/17/2023,BFL,CA,AWP,WE,Combined TRACON& Tower with Radar,11,9,17,12,49,0,8,91,2,101,11,17,108,14,150,110,0,110,260
03/18/2023,BFL,CA,AWP,WE,Combined TRACON& Tower with Radar,8,5,7,0,20,0,2,98,0,100,8,7,105,0,120,86,0,86,206
03/19/2023,BFL,CA,AWP,WE,Combined TRACON& Tower with Radar,10,2,22,0,34,0,0,15,0,15,10,2,37,0,49,34,0,34,83
03/20/2023,BFL,CA,AWP,WE,Combined TRACON& Tower with Radar,10,6,37,3,56,0,3,87,13,103,10,9,124,16,159,114,0,114,273
03/21/2023,BFL,CA,AWP,WE,Combined TRACON& Tower with Radar,10,14,21,0,45,0,0,25,0,25,10,14,46,0,70,18,0,18,88
03/22/2023,BFL,CA,AWP,WE,Combined TRACON& Tower with Radar,11,11,34,5,61,0,3,79,12,94,11,14,113,17,155,160,0,160,315
03/23/2023,BFL,CA,AWP,WE,Combined TRACON& Tower with Radar,10,15,28,8,61,0,1,80,19,100,10,16,108,27,161,178,31,209,370
03/24/2023,BFL,CA,AWP,WE,Combined TRACON& Tower with Radar,10,15,37,2,64,0,7,141,6,154,10,22,178,8,218,196,4,200,418
03/25/2023,BFL,CA,AWP,WE,Combined TRACON& Tower with Radar,9,12,11,0,32,0,2,109,0,111,9,14,120,0,143,90,0,90,233
03/26/2023,BFL,CA,AWP,WE,Combined TRACON& Tower with Radar,9,6,21,0,36,0,0,90,0,90,9,6,111,0,126,92,0,92,218
03/27/2023,BFL,CA,AWP,WE,Combined TRACON& Tower with Radar,11,3,9,4,27,0,7,187,0,194,11,10,196,4,221,196,10,206,427
03/28/2023,BFL,CA,AWP,WE,Combined TRACON& Tower with Radar,11,10,21,0,42,1,7,147,3,158,12,17,168,3,200,158,1,159,359
03/29/2023,BFL,CA,AWP,WE,Combined TRACON& Tower with Radar,11,9,28,4,52,0,4,58,21,83,11,13,86,25,135,40,0,40,175
03/30/2023,BFL,CA,AWP,WE,Combined TRACON& Tower with Radar,10,8,31,2,51,0,5,137,3,145,10,13,168,5,196,120,0,120,316
03/31/2023,BFL,CA,AWP,WE,Combined TRACON& Tower with Radar,10,12,24,5,51,0,8,193,3,204,10,20,217,8,255,104,0,104,359
04/01/2023,BFL,CA,AWP,WE,Combined TRACON& Tower with Radar,10,5,12,1,28,0,4,124,1,129,10,9,136,2,157,97,0,97,254
04/02/2023,BFL,CA,AWP,WE,Combined TRACON& Tower with Radar,11,0,18,2,31,0,7,95,0,102,11,7,113,2,133,58,0,58,191
04/03/2023,BFL,CA,AWP,WE,Combined TRACON& Tower with Radar,11,5,19,2,37,0,1,38,2,41,11,6,57,4,78,24,0,24,102
04/04/2023,BFL,CA,AWP,WE,Combined TRACON& Tower with Radar,11,12,26,0,49,0,7,176,15,198,11,19,202,15,247,143,2,145,392
04/05/2023,BFL,CA,AWP,WE,Combined TRACON& Tower with Radar,11,13,17,3,44,0,15,181,5,201,11,28,198,8,245,124,12,136,381
04/06/2023,BFL,CA,AWP,WE,Combined TRACON& Tower with Radar,11,8,27,0,46,0,7,187,0,194,11,15,214,0,240,188,0,188,428
04/07/2023,BFL,CA,AWP,WE,Combined TRACON& Tower with Radar,10,7,11,2,30,0,12,73,0,85,10,19,84,2,115,64,0,64,179
04/08/2023,BFL,CA,AWP,WE,Combined TRACON& Tower with Radar,10,11,14,0,35,0,7,60,0,67,10,18,74,0,102,16,0,16,118
04/09/2023,BFL,CA,AWP,WE,Combined TRACON& Tower with Radar,10,0,5,0,15,0,7,51,0,58,10,7,56,0,73,18,0,18,91
04/10/2023,BFL,CA,AWP,WE,Combined TRACON& Tower with Radar,10,5,26,0,41,0,13,171,0,184,10,18,197,0,225,122,0,122,347
04/11/2023,BFL,CA,AWP,WE,Combined TRACON& Tower with Radar,11,14,18,2,45,0,5,161,0,166,11,19,179,2,211,118,0,118,329
04/12/2023,BFL,CA,AWP,WE,Combined TRACON& Tower with Radar,10,12,32,1,55,0,8,180,0,188,10,20,212,1,243,122,0,122,365
04/13/2023,BFL,CA,AWP,WE,Combined TRACON& Tower with Radar,10,14,17,0,41,0,9,174,5,188,10,23,191,5,229,232,0,232,461
04/14/2023,BFL,CA,AWP,WE,Combined TRACON& Tower with Radar,10,11,12,0,33,0,16,160,0,176,10,27,172,0,209,110,0,110,319
04/15/2023,BFL,CA,AWP,WE,Combined TRACON& Tower with Radar,10,5,18,0,33,0,4,124,0,128,10,9,142,0,161,78,0,78,239
04/16/2023,BFL,CA,AWP,WE,Combined TRACON& Tower with Radar,9,1,13,0,23,0,7,97,0,104,9,8,110,0,127,54,0,54,181
04/17/2023,BFL,CA,AWP,WE,Combined TRACON& Tower with Radar,10,6,26,4,46,0,2,179,44,225,10,8,205,48,271,114,12,126,397
04/18/2023,BFL,CA,AWP,WE,Combined TRACON& Tower with Radar,13,13,20,0,46,0,6,146,2,154,13,19,166,2,200,134,0,134,334
04/19/2023,BFL,CA,AWP,WE,Combined TRACON& Tower with Radar,9,22,22,2,55,0,17,171,27,215,9,39,193,29,270,208,0,208,478
04/20/2023,BFL,CA,AWP,WE,Combined TRACON& Tower with Radar,12,16,30,5,63,0,5,126,1,132,12,21,156,6,195,164,4,168,363
04/21/2023,BFL,CA,AWP,WE,Combined TRACON& Tower with Radar,10,15,17,0,42,0,20,145,0,165,10,35,162,0,207,194,0,194,401
04/22/2023,BFL,CA,AWP,WE,Combined TRACON& Tower with Radar,11,8,9,0,28,0,23,89,1,113,11,31,98,1,141,86,0,86,227
04/23/2023,BFL,CA,AWP,WE,Combined TRACON& Tower with Radar,10,0,15,0,25,0,4,106,0,110,10,4,121,0,135,64,0,64,199
04/24/2023,BFL,CA,AWP,WE,Combined TRACON& Tower with Radar,11,11,28,0,50,0,13,140,0,153,11,24,168,0,203,119,0,119,322
04/25/2023,BFL,CA,AWP,WE,Combined TRACON& Tower with Radar,10,23,19,0,52,0,11,145,4,160,10,34,164,4,212,98,0,98,310
04/26/2023,BFL,CA,AWP,WE,Combined TRACON& Tower with Radar,11,16,21,0,48,0,7,146,0,153,11,23,167,0,201,176,0,176,377
04/27/2023,BFL,CA,AWP,WE,Combined TRACON& Tower with Radar,15,17,18,8,58,0,9,139,10,158,15,26,157,18,216,94,4,98,314
04/28/2023,BFL,CA,AWP,WE,Combined TRACON& Tower with Radar,10,12,22,2,46,1,7,136,4,148,11,19,158,6,194,180,2,182,376
04/29/2023,BFL,CA,AWP,WE,Combined TRACON& Tower with Radar,12,12,11,4,39,0,13,100,0,113,12,25,111,4,152,90,0,90,242
04/30/2023,BFL,CA,AWP,WE,Combined TRACON& Tower with Radar,14,3,15,0,32,0,3,53,0,56,14,6,68,0,88,42,0,42,130
05/01/2023,BFL,CA,AWP,WE,Combined TRACON& Tower with Radar,10,3,32,0,45,0,4,104,0,108,10,7,136,0,153,71,0,71,224
05/02/2023,BFL,CA,AWP,WE,Combined TRACON& Tower with Radar,11,8,28,4,51,0,2,124,2,128,11,10,152,6,179,124,0,124,303
05/03/2023,BFL,CA,AWP,WE,Combined TRACON& Tower with Radar,10,17,22,0,49,0,10,127,0,137,10,27,149,0,186,75,0,75,261
05/04/2023,BFL,CA,AWP,WE,Combined TRACON& Tower with Radar,10,13,17,2,42,0,4,98,0,102,10,17,115,2,144,78,0,78,222
05/05/2023,BFL,CA,AWP,WE,Combined TRACON& Tower with Radar,10,22,30,2,64,0,12,108,0,120,10,34,138,2,184,126,0,126,310
05/06/2023,BFL,CA,AWP,WE,Combined TRACON& Tower with Radar,9,13,8,0,30,0,2,49,0,51,9,15,57,0,81,98,0,98,179
05/07/2023,BFL,CA,AWP,WE,Combined TRACON& Tower with Radar,11,13,15,0,39,0,18,69,0,87,11,31,84,0,126,54,0,54,180
05/08/2023,BFL,CA,AWP,WE,Combined TRACON& Tower with Radar,12,8,13,0,33,0,10,132,0,142,12,18,145,0,175,72,0,72,247
05/09/2023,BFL,CA,AWP,WE,Combined TRACON& Tower with Radar,8,18,24,0,50,0,12,152,0,164,8,30,176,0,214,96,0,96,310
05/10/2023,BFL,CA,AWP,WE,Combined TRACON& Tower with Radar,10,25,28,3,66,0,11,173,14,198,10,36,201,17,264,116,0,116,380
05/11/2023,BFL,CA,AWP,WE,Combined TRACON& Tower with Radar,10,17,25,0,52,0,20,119,5,144,10,37,144,5,196,152,0,152,348
05/12/2023,BFL,CA,AWP,WE,Combined TRACON& Tower with Radar,10,21,31,0,62,0,11,161,1,173,10,32,192,1,235,140,0,140,375
05/13/2023,BFL,CA,AWP,WE,Combined TRACON& Tower with Radar,11,8,6,0,25,0,16,73,0,89,11,24,79,0,114,44,0,44,158
05/14/2023,BFL,CA,AWP,WE,Combined TRACON& Tower with Radar,10,3,20,0,33,0,3,70,0,73,10,6,90,0,106,71,0,71,177
05/15/2023,BFL,CA,AWP,WE,Combined TRACON& Tower with Radar,10,9,20,1,40,0,11,120,20,151,10,20,140,21,191,114,23,137,328
05/16/2023,BFL,CA,AWP,WE,Combined TRACON& Tower with Radar,10,29,30,6,75,0,18,149,1,168,10,47,179,7,243,68,4,72,315
05/17/2023,BFL,CA,AWP,WE,Combined TRACON& Tower with Radar,11,14,20,2,47,0,14,140,2,156,11,28,160,4,203,158,0,158,361
05/18/2023,BFL,CA,AWP,WE,Combined TRACON& Tower with Radar,9,15,15,2,41,0,14,127,1,142,9,29,142,3,183,114,0,114,297
05/19/2023,BFL,CA,AWP,WE,Combined TRACON& Tower with Radar,10,19,19,0,48,0,10,163,9,182,10,29,182,9,230,114,0,114,344
05/20/2023,BFL,CA,AWP,WE,Combined TRACON& Tower with Radar,10,12,10,0,32,0,1,73,0,74,10,13,83,0,106,58,0,58,164
05/21/2023,BFL,CA,AWP,WE,Combined TRACON& Tower with Radar,10,4,18,0,32,0,11,63,0,74,10,15,81,0,106,116,0,116,222
05/22/2023,BFL,CA,AWP,WE,Combined TRACON& Tower with Radar,10,13,17,4,44,0,6,124,0,130,10,19,141,4,174,134,12,146,320
05/23/2023,BFL,CA,AWP,WE,Combined TRACON& Tower with Radar,8,23,25,2,58,0,20,138,0,158,8,43,163,2,216,120,0,120,336
05/24/2023,BFL,CA,AWP,WE,Combined TRACON& Tower with Radar,10,17,29,0,56,0,7,186,8,201,10,24,215,8,257,182,0,182,439
05/25/2023,BFL,CA,AWP,WE,Combined TRACON& Tower with Radar,10,21,29,0,60,0,18,167,2,187,10,39,196,2,247,208,0,208,455
05/26/2023,BFL,CA,AWP,WE,Combined TRACON& Tower with Radar,9,22,24,0,55,0,21,113,3,137,9,43,137,3,192,218,0,218,410
05/27/2023,BFL,CA,AWP,WE,Combined TRACON& Tower with Radar,9,10,19,0,38,0,15,89,0,104,9,25,108,0,142,110,0,110,252
05/28/2023,BFL,CA,AWP,WE,Combined TRACON& Tower with Radar,10,6,24,0,40,0,4,98,0,102,10,10,122,0,142,164,0,164,306
05/29/2023,BFL,CA,AWP,WE,Combined TRACON& Tower with Radar,9,6,11,0,26,0,9,70,0,79,9,15,81,0,105,16,0,16,121
05/30/2023,BFL,CA,AWP,WE,Combined TRACON& Tower with Radar,10,18,29,3,60,0,10,179,0,189,10,28,208,3,249,130,0,130,379
05/31/2023,BFL,CA,AWP,WE,Combined TRACON& Tower with Radar,11,20,31,0,62,0,10,196,2,208,11,30,227,2,270,154,0,154,424
06/01/2023,BFL,CA,AWP,WE,Combined TRACON& Tower with Radar,11,32,25,4,72,0,10,203,12,225,11,42,228,16,297,206,0,206,503
06/02/2023,BFL,CA,AWP,WE,Combined TRACON& Tower with Radar,11,16,20,0,47,0,12,174,14,200,11,28,194,14,247,202,0,202,449
06/03/2023,BFL,CA,AWP,WE,Combined TRACON& Tower with Radar,11,6,17,0,34,0,18,195,0,213,11,24,212,0,247,120,0,120,367
06/04/2023,BFL,CA,AWP,WE,Combined TRACON& Tower with Radar,11,8,14,0,33,0,22,143,1,166,11,30,157,1,199,226,0,226,425
06/05/2023,BFL,CA,AWP,WE,Combined TRACON& Tower with Radar,11,7,34,2,54,0,6,126,0,132,11,13,160,2,186,317,0,317,503
06/06/2023,BFL,CA,AWP,WE,Combined TRACON& Tower with Radar,9,13,35,2,59,0,9,164,6,179,9,22,199,8,238,146,0,146,384
06/07/2023,BFL,CA,AWP,WE,Combined TRACON& Tower with Radar,11,14,67,5,97,0,12,102,0,114,11,26,169,5,211,104,0,104,315
06/08/2023,BFL,CA,AWP,WE,Combined TRACON& Tower with Radar,11,13,32,0,56,0,15,182,0,197,11,28,214,0,253,284,2,286,539
06/09/2023,BFL,CA,AWP,WE,Combined TRACON& Tower with Radar,11,14,24,2,51,0,28,127,16,171,11,42,151,18,222,166,0,166,388
06/10/2023,BFL,CA,AWP,WE,Combined TRACON& Tower with Radar,11,14,24,0,49,0,10,46,0,56,11,24,70,0,105,20,0,20,125
06/11/2023,BFL,CA,AWP,WE,Combined TRACON& Tower with Radar,11,7,12,2,32,0,12,73,0,85,11,19,85,2,117,198,0,198,315
06/12/2023,BFL,CA,AWP,WE,Combined TRACON& Tower with Radar,10,27,27,0,64,0,24,130,7,161,10,51,157,7,225,286,0,286,511
06/13/2023,BFL,CA,AWP,WE,Combined TRACON& Tower with Radar,9,17,13,0,39,0,17,148,0,165,9,34,161,0,204,225,0,225,429
06/14/2023,BFL,CA,AWP,WE,Combined TRACON& Tower with Radar,11,17,24,0,52,0,20,199,3,222,11,37,223,3,274,184,0,184,458
06/15/2023,BFL,CA,AWP,WE,Combined TRACON& Tower with Radar,11,14,27,0,52,0,20,161,0,181,11,34,188,0,233,184,0,184,417
06/16/2023,BFL,CA,AWP,WE,Combined TRACON& Tower with Radar,10,19,23,0,52,0,9,157,0,166,10,28,180,0,218,152,0,152,370
06/17/2023,BFL,CA,AWP,WE,Combined TRACON& Tower with Radar,12,3,6,0,21,0,23,123,2,148,12,26,129,2,169,168,0,168,337
06/18/2023,BFL,CA,AWP,WE,Combined TRACON& Tower with Radar,11,14,14,0,39,0,4,66,0,70,11,18,80,0,109,80,0,80,189
06/19/2023,BFL,CA,AWP,WE,Combined TRACON& Tower with Radar,11,12,19,0,42,0,2,146,0,148,11,14,165,0,190,120,0,120,310
06/20/2023,BFL,CA,AWP,WE,Combined TRACON& Tower with Radar,9,19,21,0,49,0,12,159,0,171,9,31,180,0,220,170,0,170,390
06/21/2023,BFL,CA,AWP,WE,Combined TRACON& Tower with Radar,10,16,21,0,47,0,9,223,0,232,10,25,244,0,279,230,0,230,509
06/22/2023,BFL,CA,AWP,WE,Combined TRACON& Tower with Radar,11,19,31,4,65,0,13,205,2,220,11,32,236,6,285,172,0,172,457
06/23/2023,BFL,CA,AWP,WE,Combined TRACON& Tower with Radar,12,16,28,0,56,0,9,226,2,237,12,25,254,2,293,208,0,208,501
06/24/2023,BFL,CA,AWP,WE,Combined TRACON& Tower with Radar,10,18,7,0,35,0,13,157,0,170,10,31,164,0,205,114,0,114,319
06/25/2023,BFL,CA,AWP,WE,Combined TRACON& Tower with Radar,10,15,8,0,33,0,4,108,0,112,10,19,116,0,145,92,0,92,237
06/26/2023,BFL,CA,AWP,WE,Combined TRACON& Tower with Radar,9,10,22,1,42,0,2,147,9,158,9,12,169,10,200,136,8,144,344
06/27/2023,BFL,CA,AWP,WE,Combined TRACON& Tower with Radar,8,15,23,2,48,0,4,198,4,206,8,19,221,6,254,319,0,319,573
06/28/2023,BFL,CA,AWP,WE,Combined TRACON& Tower with Radar,11,18,17,2,48,0,4,176,2,182,11,22,193,4,230,230,0,230,460
06/29/2023,BFL,CA,AWP,WE,Combined TRACON& Tower with Radar,9,21,29,0,59,0,10,199,0,209,9,31,228,0,268,158,0,158,426
06/30/2023,BFL,CA,AWP,WE,Combined TRACON& Tower with Radar,10,12,30,0,52,0,22,158,0,180,10,34,188,0,232,196,0,196,428
07/01/2023,BFL,CA,AWP,WE,Combined TRACON& Tower with Radar,10,6,4,0,20,0,17,90,0,107,10,23,94,0,127,176,0,176,303
07/02/2023,BFL,CA,AWP,WE,Combined TRACON& Tower with Radar,10,5,8,0,23,0,15,69,0,84,10,20,77,0,107,86,0,86,193
07/03/2023,BFL,CA,AWP,WE,Combined TRACON& Tower with Radar,7,4,12,0,23,0,10,93,0,103,7,14,105,0,126,106,0,106,232
07/04/2023,BFL,CA,AWP,WE,Combined TRACON& Tower with Radar,7,5,7,0,19,0,5,73,0,78,7,10,80,0,97,18,0,18,115
07/05/2023,BFL,CA,AWP,WE,Combined TRACON& Tower with Radar,11,17,15,2,45,0,7,150,0,157,11,24,165,2,202,118,20,138,340
07/06/2023,BFL,CA,AWP,WE,Combined TRACON& Tower with Radar,12,16,18,0,46,0,12,160,5,177,12,28,178,5,223,298,0,298,521
07/07/2023,BFL,CA,AWP,WE,Combined TRACON& Tower with Radar,11,10,19,1,41,0,8,229,1,238,11,18,248,2,279,260,0,260,539
07/08/2023,BFL,CA,AWP,WE,Combined TRACON& Tower with Radar,12,8,13,0,33,0,10,112,1,123,12,18,125,1,156,186,0,186,342
07/09/2023,BFL,CA,AWP,WE,Combined TRACON& Tower with Radar,11,3,8,0,22,0,8,82,1,91,11,11,90,1,113,74,0,74,187
07/10/2023,BFL,CA,AWP,WE,Combined TRACON& Tower with Radar,11,8,13,0,32,0,7,136,2,145,11,15,149,2,177,158,0,158,335
07/11/2023,BFL,CA,AWP,WE,Combined TRACON& Tower with Radar,10,18,14,0,42,0,11,143,2,156,10,29,157,2,198,122,0,122,320
07/12/2023,BFL,CA,AWP,WE,Combined TRACON& Tower with Radar,12,19,19,0,50,0,6,133,4,143,12,25,152,4,193,116,0,116,309
07/13/2023,BFL,CA,AWP,WE,Combined TRACON& Tower with Radar,11,15,23,1,50,0,17,138,9,164,11,32,161,10,214,116,0,116,330
07/14/2023,BFL,CA,AWP,WE,Combined TRACON& Tower with Radar,11,11,22,2,46,0,12,168,6,186,11,23,190,8,232,210,0,210,442
07/15/2023,BFL,CA,AWP,WE,Combined TRACON& Tower with Radar,12,15,12,0,39,0,12,130,0,142,12,27,142,0,181,132,0,132,313
07/16/2023,BFL,CA,AWP,WE,Combined TRACON& Tower with Radar,11,3,17,2,33,0,4,97,0,101,11,7,114,2,134,70,0,70,204
07/17/2023,BFL,CA,AWP,WE,Combined TRACON& Tower with Radar,13,11,20,2,46,0,14,170,3,187,13,25,190,5,233,82,0,82,315
07/18/2023,BFL,CA,AWP,WE,Combined TRACON& Tower with Radar,10,11,13,1,35,0,1,199,7,207,10,12,212,8,242,130,0,130,372
07/19/2023,BFL,CA,AWP,WE,Combined TRACON& Tower with Radar,11,12,19,2,44,0,5,142,6,153,11,17,161,8,197,103,0,103,300
07/20/2023,BFL,CA,AWP,WE,Combined TRACON& Tower with Radar,12,25,14,0,51,0,9,189,1,199,12,34,203,1,250,196,0,196,446
07/21/2023,BFL,CA,AWP,WE,Combined TRACON& Tower with Radar,11,12,24,0,47,0,11,164,4,179,11,23,188,4,226,312,0,312,538
07/22/2023,BFL,CA,AWP,WE,Combined TRACON& Tower with Radar,13,5,6,0,24,0,8,120,0,128,13,13,126,0,152,108,0,108,260
07/23/2023,BFL,CA,AWP,WE,Combined TRACON& Tower with Radar,10,4,12,0,26,0,9,70,0,79,10,13,82,0,105,200,0,200,305
07/24/2023,BFL,CA,AWP,WE,Combined TRACON& Tower with Radar,10,17,16,4,47,0,9,158,10,177,10,26,174,14,224,160,10,170,394
07/25/2023,BFL,CA,AWP,WE,Combined TRACON& Tower with Radar,10,18,18,0,46,0,17,142,0,159,10,35,160,0,205,132,0,132,337
07/26/2023,BFL,CA,AWP,WE,Combined TRACON& Tower with Radar,11,29,12,2,54,0,14,179,0,193,11,43,191,2,247,158,0,158,405
07/27/2023,BFL,CA,AWP,WE,Combined TRACON& Tower with Radar,11,19,15,0,45,0,24,163,0,187,11,43,178,0,232,238,0,238,470
07/28/2023,BFL,CA,AWP,WE,Combined TRACON& Tower with Radar,11,18,15,0,44,0,8,161,0,169,11,26,176,0,213,226,0,226,439
07/29/2023,BFL,CA,AWP,WE,Combined TRACON& Tower with Radar,11,4,4,0,19,0,21,134,0,155,11,25,138,0,174,116,0,116,290
07/30/2023,BFL,CA,AWP,WE,Combined TRACON& Tower with Radar,10,6,10,0,26,0,4,103,0,107,10,10,113,0,133,44,0,44,177
07/31/2023,BFL,CA,AWP,WE,Combined TRACON& Tower with Radar,10,5,22,0,37,0,2,137,6,145,10,7,159,6,182,112,0,112,294
08/01/2023,BFL,CA,AWP,WE,Combined TRACON& Tower with Radar,9,15,22,0,46,0,2,170,0,172,9,17,192,0,218,138,0,138,356
08/02/2023,BFL,CA,AWP,WE,Combined TRACON& Tower with Radar,13,13,13,4,43,0,2,168,0,170,13,15,181,4,213,122,0,122,335
08/03/2023,BFL,CA,AWP,WE,Combined TRACON& Tower with Radar,12,15,18,0,45,0,9,154,1,164,12,24,172,1,209,186,0,186,395
08/04/2023,BFL,CA,AWP,WE,Combined TRACON& Tower with Radar,12,14,18,14,58,0,11,138,13,162,12,25,156,27,220,122,0,122,342
08/05/2023,BFL,CA,AWP,WE,Combined TRACON& Tower with Radar,12,10,7,3,32,0,0,81,3,84,12,10,88,6,116,38,12,50,166
08/06/2023,BFL,CA,AWP,WE,Combined TRACON& Tower with Radar,12,0,14,2,28,0,10,89,4,103,12,10,103,6,131,54,0,54,185
08/07/2023,BFL,CA,AWP,WE,Combined TRACON& Tower with Radar,12,18,22,5,57,0,6,95,13,114,12,24,117,18,171,122,0,122,293
08/08/2023,BFL,CA,AWP,WE,Combined TRACON& Tower with Radar,12,15,18,4,49,0,7,175,2,184,12,22,193,6,233,162,0,162,395
08/09/2023,BFL,CA,AWP,WE,Combined TRACON& Tower with Radar,12,16,13,12,53,0,12,151,8,171,12,28,164,20,224,162,0,162,386
08/10/2023,BFL,CA,AWP,WE,Combined TRACON& Tower with Radar,12,11,26,2,51,0,10,105,2,117,12,21,131,4,168,80,0,80,248
08/11/2023,BFL,CA,AWP,WE,Combined TRACON& Tower with Radar,12,12,15,2,41,0,18,139,0,157,12,30,154,2,198,178,0,178,376
08/12/2023,BFL,CA,AWP,WE,Combined TRACON& Tower with Radar,12,9,6,0,27,0,30,84,0,114,12,39,90,0,141,86,0,86,227
08/13/2023,BFL,CA,AWP,WE,Combined TRACON& Tower with Radar,11,2,15,0,28,0,17,64,0,81,11,19,79,0,109,80,0,80,189
08/14/2023,BFL,CA,AWP,WE,Combined TRACON& Tower with Radar,11,4,13,11,39,0,5,131,11,147,11,9,144,22,186,108,12,120,306
08/15/2023,BFL,CA,AWP,WE,Combined TRACON& Tower with Radar,12,15,18,0,45,0,5,127,0,132,12,20,145,0,177,84,0,84,261
08/16/2023,BFL,CA,AWP,WE,Combined TRACON& Tower with Radar,13,12,20,2,47,0,6,152,0,158,13,18,172,2,205,120,0,120,325
08/17/2023,BFL,CA,AWP,WE,Combined TRACON& Tower with Radar,12,24,16,0,52,0,16,159,0,175,12,40,175,0,227,102,0,102,329
08/18/2023,BFL,CA,AWP,WE,Combined TRACON& Tower with Radar,12,14,23,0,49,0,19,128,0,147,12,33,151,0,196,108,0,108,304
08/19/2023,BFL,CA,AWP,WE,Combined TRACON& Tower with Radar,12,2,12,0,26,0,4,86,3,93,12,6,98,3,119,72,0,72,191
08/20/2023,BFL,CA,AWP,WE,Combined TRACON& Tower with Radar,12,0,4,0,16,0,1,7,0,8,12,1,11,0,24,0,0,0,24
08/21/2023,BFL,CA,AWP,WE,Combined TRACON& Tower with Radar,14,6,21,2,43,0,2,58,0,60,14,8,79,2,103,32,0,32,135
08/22/2023,BFL,CA,AWP,WE,Combined TRACON& Tower with Radar,12,17,22,0,51,0,17,181,0,198,12,34,203,0,249,132,0,132,381
08/23/2023,BFL,CA,AWP,WE,Combined TRACON& Tower with Radar,12,13,31,2,58,0,15,177,0,192,12,28,208,2,250,122,0,122,372
08/24/2023,BFL,CA,AWP,WE,Combined TRACON& Tower with Radar,13,16,21,0,50,0,16,166,0,182,13,32,187,0,232,130,0,130,362
08/25/2023,BFL,CA,AWP,WE,Combined TRACON& Tower with Radar,15,12,19,0,46,0,5,189,0,194,15,17,208,0,240,154,0,154,394
08/26/2023,BFL,CA,AWP,WE,Combined TRACON& Tower with Radar,12,3,17,0,32,0,1,112,0,113,12,4,129,0,145,118,0,118,263
08/27/2023,BFL,CA,AWP,WE,Combined TRACON& Tower with Radar,11,4,16,0,31,0,8,101,0,109,11,12,117,0,140,112,0,112,252
08/28/2023,BFL,CA,AWP,WE,Combined TRACON& Tower with Radar,12,3,12,4,31,0,6,135,0,141,12,9,147,4,172,134,0,134,306
08/29/2023,BFL,CA,AWP,WE,Combined TRACON& Tower with Radar,12,11,12,4,39,0,7,175,10,192,12,18,187,14,231,126,0,126,357
08/30/2023,BFL,CA,AWP,WE,Combined TRACON& Tower with Radar,12,17,13,2,44,2,25,197,13,237,14,42,210,15,281,184,0,184,465
08/31/2023,BFL,CA,AWP,WE,Combined TRACON& Tower with Radar,11,16,26,4,57,0,14,181,3,198,11,30,207,7,255,132,14,146,401
