01/01/2000,BFM,AL,ASO,CE,Federal Contract Tower,0,0,2,1,3,0,0,32,1,33,0,0,34,2,36,14,0,14,50
01/02/2000,BFM,AL,ASO,CE,Federal Contract Tower,0,0,11,0,11,0,0,41,0,41,0,0,52,0,52,34,0,34,86
01/03/2000,BFM,AL,ASO,CE,Federal Contract Tower,3,8,16,3,30,0,11,20,2,33,3,19,36,5,63,54,52,106,169
01/04/2000,BFM,AL,ASO,CE,Federal Contract Tower,6,17,37,6,66,0,3,25,34,62,6,20,62,40,128,0,186,186,314
01/05/2000,BFM,AL,ASO,CE,Federal Contract Tower,9,16,34,5,64,31,7,69,6,113,40,23,103,11,177,6,44,50,227
01/06/2000,BFM,AL,ASO,CE,Federal Contract Tower,6,14,31,5,56,0,11,53,22,86,6,25,84,27,142,8,112,120,262
01/07/2000,BFM,AL,ASO,CE,Federal Contract Tower,11,18,38,6,73,7,0,72,13,92,18,18,110,19,165,28,42,70,235
01/08/2000,BFM,AL,ASO,CE,Federal Contract Tower,2,3,14,2,21,0,0,54,8,62,2,3,68,10,83,40,4,44,127
01/09/2000,BFM,AL,ASO,CE,Federal Contract Tower,0,0,9,1,10,0,0,16,1,17,0,0,25,2,27,0,2,2,29
01/10/2000,BFM,AL,ASO,CE,Federal Contract Tower,3,15,30,5,53,0,8,47,27,82,3,23,77,32,135,4,240,244,379
01/11/2000,BFM,AL,ASO,CE,Federal Contract Tower,7,20,38,6,71,0,3,56,48,107,7,23,94,54,178,66,354,420,598
01/12/2000,BFM,AL,ASO,CE,Federal Contract Tower,8,16,32,6,62,3,9,34,18,64,11,25,66,24,126,24,246,270,396
01/13/2000,BFM,AL,ASO,CE,Federal Contract Tower,8,18,34,7,67,1,5,60,23,89,9,23,94,30,156,38,108,146,302
01/14/2000,BFM,AL,ASO,CE,Federal Contract Tower,6,18,38,7,69,0,0,87,17,104,6,18,125,24,173,14,94,108,281
01/15/2000,BFM,AL,ASO,CE,Federal Contract Tower,2,3,8,0,13,0,0,57,0,57,2,3,65,0,70,10,0,10,80
01/16/2000,BFM,AL,ASO,CE,Federal Contract Tower,0,0,6,0,6,0,0,77,0,77,0,0,83,0,83,74,0,74,157
01/17/2000,BFM,AL,ASO,CE,Federal Contract Tower,4,5,13,0,22,1,0,54,0,55,5,5,67,0,77,24,0,24,101
01/18/2000,BFM,AL,ASO,CE,Federal Contract Tower,6,14,27,5,52,0,7,27,32,66,6,21,54,37,118,10,122,132,250
01/19/2000,BFM,AL,ASO,CE,Federal Contract Tower,11,23,44,8,86,10,0,29,4,43,21,23,73,12,129,0,30,30,159
01/20/2000,BFM,AL,ASO,CE,Federal Contract Tower,11,18,45,8,82,0,0,75,12,87,11,18,120,20,169,36,142,178,347
01/21/2000,BFM,AL,ASO,CE,Federal Contract Tower,5,27,61,11,104,0,0,66,13,79,5,27,127,24,183,78,204,282,465
01/22/2000,BFM,AL,ASO,CE,Federal Contract Tower,1,3,6,2,12,3,0,55,6,64,4,3,61,8,76,148,0,148,224
01/23/2000,BFM,AL,ASO,CE,Federal Contract Tower,0,0,12,0,12,0,0,33,0,33,0,0,45,0,45,12,0,12,57
01/24/2000,BFM,AL,ASO,CE,Federal Contract Tower,11,20,39,7,77,19,1,7,19,46,30,21,46,26,123,26,208,234,357
01/25/2000,BFM,AL,ASO,CE,Federal Contract Tower,10,19,39,6,74,36,4,33,26,99,46,23,72,32,173,10,164,174,347
01/26/2000,BFM,AL,ASO,CE,Federal Contract Tower,10,20,41,7,78,7,2,63,21,93,17,22,104,28,171,32,66,98,269
01/27/2000,BFM,AL,ASO,CE,Federal Contract Tower,6,13,26,4,49,5,2,43,54,104,11,15,69,58,153,28,110,138,291
01/28/2000,BFM,AL,ASO,CE,Federal Contract Tower,7,13,26,3,49,6,3,11,0,20,13,16,37,3,69,0,24,24,93
01/29/2000,BFM,AL,ASO,CE,Federal Contract Tower,1,2,8,0,11,3,0,1,0,4,4,2,9,0,15,0,0,0,15
01/30/2000,BFM,AL,ASO,CE,Federal Contract Tower,0,0,22,0,22,0,0,43,0,43,0,0,65,0,65,4,0,4,69
01/31/2000,BFM,AL,ASO,CE,Federal Contract Tower,3,15,31,5,54,0,7,56,18,81,3,22,87,23,135,36,332,368,503
02/01/2000,BFM,AL,ASO,CE,Federal Contract Tower,8,14,33,4,59,1,6,61,30,98,9,20,94,34,157,38,270,308,465
02/02/2000,BFM,AL,ASO,CE,Federal Contract Tower,8,15,34,4,61,0,4,37,37,78,8,19,71,41,139,70,316,386,525
02/03/2000,BFM,AL,ASO,CE,Federal Contract Tower,6,14,33,4,57,0,4,62,26,92,6,18,95,30,149,78,250,328,477
02/04/2000,BFM,AL,ASO,CE,Federal Contract Tower,8,14,33,4,59,1,5,75,23,104,9,19,108,27,163,48,312,360,523
02/05/2000,BFM,AL,ASO,CE,Federal Contract Tower,3,3,28,4,38,0,0,54,14,68,3,3,82,18,106,20,6,26,132
02/06/2000,BFM,AL,ASO,CE,Federal Contract Tower,0,0,12,1,13,0,0,74,6,80,0,0,86,7,93,60,0,60,153
02/07/2000,BFM,AL,ASO,CE,Federal Contract Tower,6,12,29,4,51,0,6,50,25,81,6,18,79,29,132,28,334,362,494
02/08/2000,BFM,AL,ASO,CE,Federal Contract Tower,7,13,32,4,56,0,3,42,29,74,7,16,74,33,130,18,170,188,318
02/09/2000,BFM,AL,ASO,CE,Federal Contract Tower,9,16,38,5,68,2,3,45,22,72,11,19,83,27,140,10,348,358,498
02/10/2000,BFM,AL,ASO,CE,Federal Contract Tower,7,14,28,4,53,0,1,49,23,73,7,15,77,27,126,2,284,286,412
02/11/2000,BFM,AL,ASO,CE,Federal Contract Tower,6,12,25,4,47,0,6,71,14,91,6,18,96,18,138,8,70,78,216
02/12/2000,BFM,AL,ASO,CE,Federal Contract Tower,2,3,13,2,20,0,0,36,0,36,2,3,49,2,56,12,0,12,68
02/13/2000,BFM,AL,ASO,CE,Federal Contract Tower,1,0,7,0,8,0,0,17,0,17,1,0,24,0,25,10,0,10,35
02/14/2000,BFM,AL,ASO,CE,Federal Contract Tower,3,14,29,5,51,0,2,35,26,63,3,16,64,31,114,24,88,112,226
02/15/2000,BFM,AL,ASO,CE,Federal Contract Tower,8,16,35,6,65,2,3,78,51,134,10,19,113,57,199,26,260,286,485
02/16/2000,BFM,AL,ASO,CE,Federal Contract Tower,5,10,36,6,57,0,0,49,7,56,5,10,85,13,113,38,42,80,193
02/17/2000,BFM,AL,ASO,CE,Federal Contract Tower,10,21,45,7,83,2,0,7,1,10,12,21,52,8,93,0,0,0,93
02/18/2000,BFM,AL,ASO,CE,Federal Contract Tower,8,16,34,6,64,3,6,51,2,62,11,22,85,8,126,8,26,34,160
02/19/2000,BFM,AL,ASO,CE,Federal Contract Tower,4,5,17,0,26,2,0,51,0,53,6,5,68,0,79,20,0,20,99
02/20/2000,BFM,AL,ASO,CE,Federal Contract Tower,0,0,15,2,17,0,0,65,0,65,0,0,80,2,82,54,0,54,136
02/21/2000,BFM,AL,ASO,CE,Federal Contract Tower,3,9,20,2,34,0,0,87,0,87,3,9,107,2,121,6,22,28,149
02/22/2000,BFM,AL,ASO,CE,Federal Contract Tower,6,13,26,4,49,2,14,51,43,110,8,27,77,47,159,24,226,250,409
02/23/2000,BFM,AL,ASO,CE,Federal Contract Tower,9,16,38,6,69,0,0,29,16,45,9,16,67,22,114,22,130,152,266
02/24/2000,BFM,AL,ASO,CE,Federal Contract Tower,9,19,45,7,80,0,0,89,15,104,9,19,134,22,184,126,92,218,402
02/25/2000,BFM,AL,ASO,CE,Federal Contract Tower,6,12,26,3,47,0,5,53,8,66,6,17,79,11,113,24,26,50,163
02/26/2000,BFM,AL,ASO,CE,Federal Contract Tower,2,4,10,1,17,3,0,33,3,39,5,4,43,4,56,24,0,24,80
02/27/2000,BFM,AL,ASO,CE,Federal Contract Tower,2,0,15,2,19,0,0,92,6,98,2,0,107,8,117,92,0,92,209
02/28/2000,BFM,AL,ASO,CE,Federal Contract Tower,5,10,23,3,41,2,7,50,24,83,7,17,73,27,124,6,200,206,330
02/29/2000,BFM,AL,ASO,CE,Federal Contract Tower,6,12,28,4,50,7,6,66,23,102,13,18,94,27,152,18,296,314,466
03/01/2000,BFM,AL,ASO,CE,Federal Contract Tower,10,23,44,6,83,0,0,35,16,51,10,23,79,22,134,14,222,236,370
03/02/2000,BFM,AL,ASO,CE,Federal Contract Tower,6,16,31,4,57,0,2,74,29,105,6,18,105,33,162,100,308,408,570
03/03/2000,BFM,AL,ASO,CE,Federal Contract Tower,5,15,28,3,51,0,5,21,4,30,5,20,49,7,81,12,16,28,109
03/04/2000,BFM,AL,ASO,CE,Federal Contract Tower,2,3,8,1,14,0,0,85,2,87,2,3,93,3,101,20,0,20,121
03/05/2000,BFM,AL,ASO,CE,Federal Contract Tower,0,0,7,0,7,0,0,63,0,63,0,0,70,0,70,42,0,42,112
03/06/2000,BFM,AL,ASO,CE,Federal Contract Tower,3,15,29,4,51,0,6,59,11,76,3,21,88,15,127,32,284,316,443
03/07/2000,BFM,AL,ASO,CE,Federal Contract Tower,5,11,22,3,41,2,4,48,22,76,7,15,70,25,117,0,72,72,189
03/08/2000,BFM,AL,ASO,CE,Federal Contract Tower,10,18,40,5,73,0,0,52,22,74,10,18,92,27,147,4,160,164,311
03/09/2000,BFM,AL,ASO,CE,Federal Contract Tower,8,16,34,4,62,2,0,48,22,72,10,16,82,26,134,8,64,72,206
03/10/2000,BFM,AL,ASO,CE,Federal Contract Tower,7,18,31,5,61,5,2,47,16,70,12,20,78,21,131,24,36,60,191
03/11/2000,BFM,AL,ASO,CE,Federal Contract Tower,3,7,12,2,24,0,2,32,0,34,3,9,44,2,58,8,0,8,66
03/12/2000,BFM,AL,ASO,CE,Federal Contract Tower,0,0,12,2,14,0,0,54,4,58,0,0,66,6,72,12,0,12,84
03/13/2000,BFM,AL,ASO,CE,Federal Contract Tower,3,16,28,4,51,0,0,78,32,110,3,16,106,36,161,28,110,138,299
03/14/2000,BFM,AL,ASO,CE,Federal Contract Tower,6,17,31,5,59,0,0,72,11,83,6,17,103,16,142,61,100,161,303
03/15/2000,BFM,AL,ASO,CE,Federal Contract Tower,8,19,37,6,70,1,0,23,2,26,9,19,60,8,96,12,0,12,108
03/16/2000,BFM,AL,ASO,CE,Federal Contract Tower,6,15,27,4,52,5,4,49,13,71,11,19,76,17,123,30,0,30,153
03/17/2000,BFM,AL,ASO,CE,Federal Contract Tower,7,14,32,5,58,3,0,87,15,105,10,14,119,20,163,6,44,50,213
03/18/2000,BFM,AL,ASO,CE,Federal Contract Tower,1,4,7,2,14,1,1,31,0,33,2,5,38,2,47,50,0,50,97
03/19/2000,BFM,AL,ASO,CE,Federal Contract Tower,2,0,9,0,11,7,0,16,0,23,9,0,25,0,34,0,0,0,34
03/20/2000,BFM,AL,ASO,CE,Federal Contract Tower,3,12,23,4,42,0,4,72,22,98,3,16,95,26,140,2,94,96,236
03/21/2000,BFM,AL,ASO,CE,Federal Contract Tower,6,19,32,5,62,0,2,69,41,112,6,21,101,46,174,18,100,118,292
03/22/2000,BFM,AL,ASO,CE,Federal Contract Tower,6,17,30,5,58,0,4,83,34,121,6,21,113,39,179,40,44,84,263
03/23/2000,BFM,AL,ASO,CE,Federal Contract Tower,6,17,30,5,58,0,5,88,22,115,6,22,118,27,173,50,196,246,419
03/24/2000,BFM,AL,ASO,CE,Federal Contract Tower,5,19,32,5,61,0,0,79,19,98,5,19,111,24,159,54,110,164,323
03/25/2000,BFM,AL,ASO,CE,Federal Contract Tower,1,3,7,0,11,1,0,57,6,64,2,3,64,6,75,78,0,78,153
03/26/2000,BFM,AL,ASO,CE,Federal Contract Tower,1,0,12,0,13,0,0,31,0,31,1,0,43,0,44,14,0,14,58
03/27/2000,BFM,AL,ASO,CE,Federal Contract Tower,4,20,36,4,64,0,0,48,48,96,4,20,84,52,160,24,426,450,610
03/28/2000,BFM,AL,ASO,CE,Federal Contract Tower,7,16,31,4,58,0,0,77,21,98,7,16,108,25,156,18,358,376,532
03/29/2000,BFM,AL,ASO,CE,Federal Contract Tower,6,16,29,4,55,1,8,24,16,49,7,24,53,20,104,10,136,146,250
03/30/2000,BFM,AL,ASO,CE,Federal Contract Tower,6,20,36,4,66,0,1,35,11,47,6,21,71,15,113,42,188,230,343
03/31/2000,BFM,AL,ASO,CE,Federal Contract Tower,5,13,25,3,46,2,10,75,36,123,7,23,100,39,169,50,262,312,481
04/01/2000,BFM,AL,ASO,CE,Federal Contract Tower,4,3,14,2,23,1,0,57,0,58,5,3,71,2,81,68,0,68,149
04/02/2000,BFM,AL,ASO,CE,Federal Contract Tower,0,0,13,2,15,0,0,43,6,49,0,0,56,8,64,4,6,10,74
04/03/2000,BFM,AL,ASO,CE,Federal Contract Tower,3,5,16,2,26,0,9,15,0,24,3,14,31,2,50,0,12,12,62
04/04/2000,BFM,AL,ASO,CE,Federal Contract Tower,6,11,28,4,49,0,6,70,19,95,6,17,98,23,144,10,84,94,238
04/05/2000,BFM,AL,ASO,CE,Federal Contract Tower,9,17,41,7,74,1,7,79,21,108,10,24,120,28,182,12,198,210,392
04/06/2000,BFM,AL,ASO,CE,Federal Contract Tower,11,20,49,9,89,7,0,70,29,106,18,20,119,38,195,28,74,102,297
04/07/2000,BFM,AL,ASO,CE,Federal Contract Tower,6,18,40,7,71,0,6,69,73,148,6,24,109,80,219,24,144,168,387
04/08/2000,BFM,AL,ASO,CE,Federal Contract Tower,2,5,10,2,19,0,0,40,34,74,2,5,50,36,93,28,0,28,121
04/09/2000,BFM,AL,ASO,CE,Federal Contract Tower,1,0,9,2,12,0,0,84,14,98,1,0,93,16,110,0,0,0,110
04/10/2000,BFM,AL,ASO,CE,Federal Contract Tower,3,12,24,5,44,0,9,69,55,133,3,21,93,60,177,28,138,166,343
04/11/2000,BFM,AL,ASO,CE,Federal Contract Tower,8,19,42,8,77,0,2,90,38,130,8,21,132,46,207,48,60,108,315
04/12/2000,BFM,AL,ASO,CE,Federal Contract Tower,7,16,34,6,63,1,4,68,6,79,8,20,102,12,142,22,36,58,200
04/13/2000,BFM,AL,ASO,CE,Federal Contract Tower,9,19,41,7,76,4,2,35,20,61,13,21,76,27,137,16,88,104,241
04/14/2000,BFM,AL,ASO,CE,Federal Contract Tower,7,14,31,4,56,5,7,45,0,57,12,21,76,4,113,0,26,26,139
04/15/2000,BFM,AL,ASO,CE,Federal Contract Tower,4,6,18,0,28,2,0,31,0,33,6,6,49,0,61,28,0,28,89
04/16/2000,BFM,AL,ASO,CE,Federal Contract Tower,0,0,6,0,6,0,0,45,0,45,0,0,51,0,51,36,0,36,87
04/17/2000,BFM,AL,ASO,CE,Federal Contract Tower,3,13,28,5,49,0,7,57,9,73,3,20,85,14,122,32,22,54,176
04/18/2000,BFM,AL,ASO,CE,Federal Contract Tower,8,23,56,10,97,0,0,90,81,171,8,23,146,91,268,16,172,188,456
04/19/2000,BFM,AL,ASO,CE,Federal Contract Tower,11,23,53,9,96,0,0,68,37,105,11,23,121,46,201,20,122,142,343
04/20/2000,BFM,AL,ASO,CE,Federal Contract Tower,6,18,39,7,70,0,3,63,20,86,6,21,102,27,156,22,178,200,356
04/21/2000,BFM,AL,ASO,CE,Federal Contract Tower,10,16,47,7,80,8,0,92,5,105,18,16,139,12,185,10,12,22,207
04/22/2000,BFM,AL,ASO,CE,Federal Contract Tower,4,4,17,0,25,10,0,58,0,68,14,4,75,0,93,0,72,72,165
04/23/2000,BFM,AL,ASO,CE,Federal Contract Tower,0,0,7,0,7,0,0,28,0,28,0,0,35,0,35,0,0,0,35
04/24/2000,BFM,AL,ASO,CE,Federal Contract Tower,5,13,27,4,49,0,13,20,13,46,5,26,47,17,95,14,128,142,237
04/25/2000,BFM,AL,ASO,CE,Federal Contract Tower,11,23,50,8,92,0,3,40,28,71,11,26,90,36,163,6,182,188,351
04/26/2000,BFM,AL,ASO,CE,Federal Contract Tower,7,22,48,8,85,0,2,31,41,74,7,24,79,49,159,12,248,260,419
04/27/2000,BFM,AL,ASO,CE,Federal Contract Tower,6,18,39,6,69,0,8,69,27,104,6,26,108,33,173,56,278,334,507
04/28/2000,BFM,AL,ASO,CE,Federal Contract Tower,7,21,55,9,92,0,0,97,11,108,7,21,152,20,200,14,224,238,438
04/29/2000,BFM,AL,ASO,CE,Federal Contract Tower,4,4,23,0,31,12,0,62,0,74,16,4,85,0,105,0,106,106,211
04/30/2000,BFM,AL,ASO,CE,Federal Contract Tower,3,0,11,1,15,5,0,73,1,79,8,0,84,2,94,60,0,60,154
05/01/2000,BFM,AL,ASO,CE,Federal Contract Tower,6,14,27,5,52,7,8,50,19,84,13,22,77,24,136,32,202,234,370
05/02/2000,BFM,AL,ASO,CE,Federal Contract Tower,7,19,36,7,69,0,4,27,10,41,7,23,63,17,110,2,110,112,222
05/03/2000,BFM,AL,ASO,CE,Federal Contract Tower,7,19,36,7,69,0,7,30,28,65,7,26,66,35,134,20,52,72,206
05/04/2000,BFM,AL,ASO,CE,Federal Contract Tower,7,20,40,7,74,0,0,56,36,92,7,20,96,43,166,26,270,296,462
05/05/2000,BFM,AL,ASO,CE,Federal Contract Tower,5,14,28,5,52,0,5,67,1,73,5,19,95,6,125,6,8,14,139
05/06/2000,BFM,AL,ASO,CE,Federal Contract Tower,1,5,12,0,18,0,1,65,0,66,1,6,77,0,84,30,0,30,114
05/07/2000,BFM,AL,ASO,CE,Federal Contract Tower,0,0,11,2,13,0,0,52,3,55,0,0,63,5,68,14,0,14,82
05/08/2000,BFM,AL,ASO,CE,Federal Contract Tower,3,20,34,6,63,0,2,57,43,102,3,22,91,49,165,20,84,104,269
05/09/2000,BFM,AL,ASO,CE,Federal Contract Tower,7,20,35,7,69,0,0,64,45,109,7,20,99,52,178,72,92,164,342
05/10/2000,BFM,AL,ASO,CE,Federal Contract Tower,7,21,37,7,72,0,5,57,31,93,7,26,94,38,165,42,114,156,321
05/11/2000,BFM,AL,ASO,CE,Federal Contract Tower,6,17,31,6,60,0,3,55,32,90,6,20,86,38,150,46,226,272,422
05/12/2000,BFM,AL,ASO,CE,Federal Contract Tower,8,21,42,8,79,0,0,101,29,130,8,21,143,37,209,64,174,238,447
05/13/2000,BFM,AL,ASO,CE,Federal Contract Tower,2,3,9,1,15,0,0,45,0,45,2,3,54,1,60,4,0,4,64
05/14/2000,BFM,AL,ASO,CE,Federal Contract Tower,3,0,12,0,15,0,0,54,0,54,3,0,66,0,69,0,40,40,109
05/15/2000,BFM,AL,ASO,CE,Federal Contract Tower,7,22,38,9,76,3,0,49,27,79,10,22,87,36,155,26,96,122,277
05/16/2000,BFM,AL,ASO,CE,Federal Contract Tower,6,19,33,8,66,2,0,58,33,93,8,19,91,41,159,42,180,222,381
05/17/2000,BFM,AL,ASO,CE,Federal Contract Tower,6,20,35,8,69,0,5,88,18,111,6,25,123,26,180,34,86,120,300
05/18/2000,BFM,AL,ASO,CE,Federal Contract Tower,6,20,34,8,68,2,9,57,41,109,8,29,91,49,177,6,124,130,307
05/19/2000,BFM,AL,ASO,CE,Federal Contract Tower,5,17,29,7,58,4,1,68,7,80,9,18,97,14,138,40,88,128,266
05/20/2000,BFM,AL,ASO,CE,Federal Contract Tower,1,4,7,2,14,2,0,49,0,51,3,4,56,2,65,68,2,70,135
05/21/2000,BFM,AL,ASO,CE,Federal Contract Tower,1,0,6,2,9,0,0,55,4,59,1,0,61,6,68,30,0,30,98
05/22/2000,BFM,AL,ASO,CE,Federal Contract Tower,4,17,34,7,62,0,0,65,24,89,4,17,99,31,151,34,126,160,311
05/23/2000,BFM,AL,ASO,CE,Federal Contract Tower,5,17,28,6,56,1,4,36,30,71,6,21,64,36,127,30,86,116,243
05/24/2000,BFM,AL,ASO,CE,Federal Contract Tower,6,17,31,7,61,0,7,91,46,144,6,24,122,53,205,24,190,214,419
05/25/2000,BFM,AL,ASO,CE,Federal Contract Tower,7,22,38,8,75,1,0,64,13,78,8,22,102,21,153,42,124,166,319
05/26/2000,BFM,AL,ASO,CE,Federal Contract Tower,5,17,32,6,60,0,4,73,10,87,5,21,105,16,147,50,58,108,255
05/27/2000,BFM,AL,ASO,CE,Federal Contract Tower,2,8,15,0,25,2,0,43,0,45,4,8,58,0,70,10,0,10,80
05/28/2000,BFM,AL,ASO,CE,Federal Contract Tower,0,0,6,0,6,0,0,32,0,32,0,0,38,0,38,6,0,6,44
05/29/2000,BFM,AL,ASO,CE,Federal Contract Tower,0,1,8,1,10,0,0,69,3,72,0,1,77,4,82,34,0,34,116
05/30/2000,BFM,AL,ASO,CE,Federal Contract Tower,4,13,23,4,44,0,13,50,25,88,4,26,73,29,132,14,234,248,380
05/31/2000,BFM,AL,ASO,CE,Federal Contract Tower,6,19,34,6,65,1,0,94,27,122,7,19,128,33,187,22,252,274,461
06/01/2000,BFM,AL,ASO,CE,Federal Contract Tower,8,20,36,6,70,0,4,72,39,115,8,24,108,45,185,32,304,336,521
06/02/2000,BFM,AL,ASO,CE,Federal Contract Tower,6,19,33,5,63,0,0,70,28,98,6,19,103,33,161,12,204,216,377
06/03/2000,BFM,AL,ASO,CE,Federal Contract Tower,5,5,16,2,28,0,0,37,1,38,5,5,53,3,66,8,36,44,110
06/04/2000,BFM,AL,ASO,CE,Federal Contract Tower,4,0,13,0,17,2,0,56,0,58,6,0,69,0,75,6,0,6,81
06/05/2000,BFM,AL,ASO,CE,Federal Contract Tower,5,14,26,4,49,0,4,36,20,60,5,18,62,24,109,32,22,54,163
06/06/2000,BFM,AL,ASO,CE,Federal Contract Tower,8,23,40,7,78,0,7,62,11,80,8,30,102,18,158,4,96,100,258
06/07/2000,BFM,AL,ASO,CE,Federal Contract Tower,9,19,33,5,66,6,2,101,30,139,15,21,134,35,205,8,220,228,433
06/08/2000,BFM,AL,ASO,CE,Federal Contract Tower,7,20,35,6,68,0,2,80,15,97,7,22,115,21,165,20,144,164,329
06/09/2000,BFM,AL,ASO,CE,Federal Contract Tower,7,16,28,5,56,1,1,49,25,76,8,17,77,30,132,12,26,38,170
06/10/2000,BFM,AL,ASO,CE,Federal Contract Tower,2,3,6,0,11,0,1,42,0,43,2,4,48,0,54,0,12,12,66
06/11/2000,BFM,AL,ASO,CE,Federal Contract Tower,1,0,6,0,7,0,0,50,0,50,1,0,56,0,57,0,12,12,69
06/12/2000,BFM,AL,ASO,CE,Federal Contract Tower,3,15,23,4,45,0,6,39,37,82,3,21,62,41,127,6,86,92,219
06/13/2000,BFM,AL,ASO,CE,Federal Contract Tower,8,17,29,5,59,0,7,39,23,69,8,24,68,28,128,0,62,62,190
06/14/2000,BFM,AL,ASO,CE,Federal Contract Tower,5,14,23,5,47,1,3,72,7,83,6,17,95,12,130,14,104,118,248
06/15/2000,BFM,AL,ASO,CE,Federal Contract Tower,6,16,29,4,55,0,0,44,0,44,6,16,73,4,99,26,18,44,143
06/16/2000,BFM,AL,ASO,CE,Federal Contract Tower,7,15,28,3,53,0,0,64,0,64,7,15,92,3,117,20,0,20,137
06/17/2000,BFM,AL,ASO,CE,Federal Contract Tower,2,6,9,0,17,1,1,48,0,50,3,7,57,0,67,64,0,64,131
06/18/2000,BFM,AL,ASO,CE,Federal Contract Tower,1,0,4,0,5,0,0,40,0,40,1,0,44,0,45,34,0,34,79
06/19/2000,BFM,AL,ASO,CE,Federal Contract Tower,5,13,20,4,42,0,5,84,35,124,5,18,104,39,166,46,88,134,300
06/20/2000,BFM,AL,ASO,CE,Federal Contract Tower,6,21,35,7,69,0,2,86,38,126,6,23,121,45,195,56,162,218,413
06/21/2000,BFM,AL,ASO,CE,Federal Contract Tower,7,16,28,6,57,1,4,63,35,103,8,20,91,41,160,96,200,296,456
06/22/2000,BFM,AL,ASO,CE,Federal Contract Tower,11,19,42,8,80,0,0,94,41,135,11,19,136,49,215,78,144,222,437
06/23/2000,BFM,AL,ASO,CE,Federal Contract Tower,7,19,31,6,63,5,1,86,14,106,12,20,117,20,169,62,52,114,283
06/24/2000,BFM,AL,ASO,CE,Federal Contract Tower,2,3,9,0,14,0,0,63,0,63,2,3,72,0,77,88,0,88,165
06/25/2000,BFM,AL,ASO,CE,Federal Contract Tower,0,0,4,0,4,0,0,47,0,47,0,0,51,0,51,56,0,56,107
06/26/2000,BFM,AL,ASO,CE,Federal Contract Tower,4,13,21,4,42,0,4,53,4,61,4,17,74,8,103,82,90,172,275
06/27/2000,BFM,AL,ASO,CE,Federal Contract Tower,8,20,39,8,75,0,0,59,38,97,8,20,98,46,172,66,200,266,438
06/28/2000,BFM,AL,ASO,CE,Federal Contract Tower,6,17,28,4,55,2,1,71,26,100,8,18,99,30,155,108,226,334,489
06/29/2000,BFM,AL,ASO,CE,Federal Contract Tower,6,16,26,4,52,1,2,57,14,74,7,18,83,18,126,54,110,164,290
06/30/2000,BFM,AL,ASO,CE,Federal Contract Tower,8,20,35,6,69,8,0,89,9,106,16,20,124,15,175,132,94,226,401
07/01/2000,BFM,AL,ASO,CE,Federal Contract Tower,3,5,10,3,21,3,0,76,1,80,6,5,86,4,101,12,10,22,123
07/02/2000,BFM,AL,ASO,CE,Federal Contract Tower,1,0,5,1,7,0,0,53,3,56,1,0,58,4,63,42,0,42,105
07/03/2000,BFM,AL,ASO,CE,Federal Contract Tower,8,12,21,6,47,1,9,74,8,92,9,21,95,14,139,38,140,178,317
07/04/2000,BFM,AL,ASO,CE,Federal Contract Tower,2,2,6,0,10,0,8,32,0,40,2,10,38,0,50,0,0,0,50
07/05/2000,BFM,AL,ASO,CE,Federal Contract Tower,7,12,22,7,48,5,4,57,16,82,12,16,79,23,130,70,158,228,358
07/06/2000,BFM,AL,ASO,CE,Federal Contract Tower,8,11,42,14,75,0,0,76,51,127,8,11,118,65,202,80,166,246,448
07/07/2000,BFM,AL,ASO,CE,Federal Contract Tower,7,16,24,9,56,0,3,75,21,99,7,19,99,30,155,20,106,126,281
07/08/2000,BFM,AL,ASO,CE,Federal Contract Tower,3,3,5,0,11,2,0,56,0,58,5,3,61,0,69,32,0,32,101
07/09/2000,BFM,AL,ASO,CE,Federal Contract Tower,3,0,7,3,13,1,0,51,3,55,4,0,58,6,68,62,0,62,130
07/10/2000,BFM,AL,ASO,CE,Federal Contract Tower,8,17,24,9,58,0,0,66,36,102,8,17,90,45,160,46,158,204,364
07/11/2000,BFM,AL,ASO,CE,Federal Contract Tower,9,17,25,9,60,4,1,61,14,80,13,18,86,23,140,16,150,166,306
07/12/2000,BFM,AL,ASO,CE,Federal Contract Tower,10,20,29,11,70,1,4,71,13,89,11,24,100,24,159,36,202,238,397
07/13/2000,BFM,AL,ASO,CE,Federal Contract Tower,6,16,23,9,54,0,3,82,16,101,6,19,105,25,155,30,94,124,279
07/14/2000,BFM,AL,ASO,CE,Federal Contract Tower,5,17,25,9,56,0,5,69,24,98,5,22,94,33,154,54,190,244,398
07/15/2000,BFM,AL,ASO,CE,Federal Contract Tower,1,3,5,3,12,4,0,49,8,61,5,3,54,11,73,10,2,12,85
07/16/2000,BFM,AL,ASO,CE,Federal Contract Tower,0,0,3,2,5,0,0,47,2,49,0,0,50,4,54,16,0,16,70
07/17/2000,BFM,AL,ASO,CE,Federal Contract Tower,5,18,28,8,59,0,2,80,19,101,5,20,108,27,160,24,180,204,364
07/18/2000,BFM,AL,ASO,CE,Federal Contract Tower,9,20,33,11,73,3,0,75,16,94,12,20,108,27,167,40,286,326,493
07/19/2000,BFM,AL,ASO,CE,Federal Contract Tower,9,21,33,11,74,4,0,61,23,88,13,21,94,34,162,80,184,264,426
07/20/2000,BFM,AL,ASO,CE,Federal Contract Tower,6,14,21,6,47,1,6,70,22,99,7,20,91,28,146,64,24,88,234
07/21/2000,BFM,AL,ASO,CE,Federal Contract Tower,5,17,27,8,57,0,2,48,1,51,5,19,75,9,108,10,44,54,162
07/22/2000,BFM,AL,ASO,CE,Federal Contract Tower,2,4,8,0,14,2,2,57,0,61,4,6,65,0,75,2,0,2,77
07/23/2000,BFM,AL,ASO,CE,Federal Contract Tower,0,0,4,0,4,0,0,55,0,55,0,0,59,0,59,18,0,18,77
07/24/2000,BFM,AL,ASO,CE,Federal Contract Tower,3,18,28,8,57,0,2,64,32,98,3,20,92,40,155,42,70,112,267
07/25/2000,BFM,AL,ASO,CE,Federal Contract Tower,6,14,23,7,50,12,5,84,19,120,18,19,107,26,170,0,136,136,306
07/26/2000,BFM,AL,ASO,CE,Federal Contract Tower,7,18,29,9,63,0,4,73,19,96,7,22,102,28,159,18,110,128,287
07/27/2000,BFM,AL,ASO,CE,Federal Contract Tower,6,14,22,6,48,0,4,82,6,92,6,18,104,12,140,24,36,60,200
07/28/2000,BFM,AL,ASO,CE,Federal Contract Tower,5,14,23,7,49,0,12,59,10,81,5,26,82,17,130,46,92,138,268
07/29/2000,BFM,AL,ASO,CE,Federal Contract Tower,2,5,8,2,17,1,0,62,8,71,3,5,70,10,88,80,28,108,196
07/30/2000,BFM,AL,ASO,CE,Federal Contract Tower,0,0,4,0,4,0,0,48,0,48,0,0,52,0,52,26,0,26,78
07/31/2000,BFM,AL,ASO,CE,Federal Contract Tower,5,12,19,6,42,0,11,33,24,68,5,23,52,30,110,88,126,214,324
08/01/2000,BFM,AL,ASO,CE,Federal Contract Tower,8,17,28,4,57,0,9,28,13,50,8,26,56,17,107,26,186,212,319
08/02/2000,BFM,AL,ASO,CE,Federal Contract Tower,7,17,27,4,55,0,6,45,24,75,7,23,72,28,130,32,332,364,494
08/03/2000,BFM,AL,ASO,CE,Federal Contract Tower,8,15,25,4,52,1,3,53,3,60,9,18,78,7,112,10,84,94,206
08/04/2000,BFM,AL,ASO,CE,Federal Contract Tower,9,17,28,4,58,0,14,46,9,69,9,31,74,13,127,8,46,54,181
08/05/2000,BFM,AL,ASO,CE,Federal Contract Tower,3,3,9,1,16,0,0,48,0,48,3,3,57,1,64,36,0,36,100
08/06/2000,BFM,AL,ASO,CE,Federal Contract Tower,2,0,5,0,7,3,0,50,2,55,5,0,55,2,62,6,0,6,68
08/07/2000,BFM,AL,ASO,CE,Federal Contract Tower,7,16,26,4,53,0,6,58,21,85,7,22,84,25,138,2,128,130,268
08/08/2000,BFM,AL,ASO,CE,Federal Contract Tower,6,17,28,4,55,0,3,49,26,78,6,20,77,30,133,12,252,264,397
08/09/2000,BFM,AL,ASO,CE,Federal Contract Tower,7,19,31,6,63,0,0,53,16,69,7,19,84,22,132,8,98,106,238
08/10/2000,BFM,AL,ASO,CE,Federal Contract Tower,8,17,29,5,59,2,7,30,9,48,10,24,59,14,107,26,26,52,159
08/11/2000,BFM,AL,ASO,CE,Federal Contract Tower,5,18,28,5,56,0,4,72,14,90,5,22,100,19,146,28,194,222,368
08/12/2000,BFM,AL,ASO,CE,Federal Contract Tower,3,3,11,2,19,0,0,119,0,119,3,3,130,2,138,20,0,20,158
08/13/2000,BFM,AL,ASO,CE,Federal Contract Tower,2,0,7,2,11,0,0,69,4,73,2,0,76,6,84,32,0,32,116
08/14/2000,BFM,AL,ASO,CE,Federal Contract Tower,4,14,21,4,43,0,8,52,21,81,4,22,73,25,124,12,174,186,310
08/15/2000,BFM,AL,ASO,CE,Federal Contract Tower,9,19,29,5,62,10,3,36,27,76,19,22,65,32,138,36,94,130,268
08/16/2000,BFM,AL,ASO,CE,Federal Contract Tower,10,19,34,6,69,3,0,97,37,137,13,19,131,43,206,12,100,112,318
08/17/2000,BFM,AL,ASO,CE,Federal Contract Tower,10,23,35,7,75,0,0,72,35,107,10,23,107,42,182,28,102,130,312
08/18/2000,BFM,AL,ASO,CE,Federal Contract Tower,9,19,29,5,62,5,1,58,6,70,14,20,87,11,132,12,68,80,212
08/19/2000,BFM,AL,ASO,CE,Federal Contract Tower,1,2,6,0,9,3,0,43,0,46,4,2,49,0,55,32,12,44,99
08/20/2000,BFM,AL,ASO,CE,Federal Contract Tower,0,0,3,1,4,0,0,40,1,41,0,0,43,2,45,34,0,34,79
08/21/2000,BFM,AL,ASO,CE,Federal Contract Tower,3,15,22,4,44,0,10,32,14,56,3,25,54,18,100,12,162,174,274
08/22/2000,BFM,AL,ASO,CE,Federal Contract Tower,8,19,29,5,61,0,7,29,19,55,8,26,58,24,116,10,102,112,228
08/23/2000,BFM,AL,ASO,CE,Federal Contract Tower,6,17,25,5,53,0,9,59,9,77,6,26,84,14,130,50,136,186,316
08/24/2000,BFM,AL,ASO,CE,Federal Contract Tower,6,16,24,5,51,0,7,70,24,101,6,23,94,29,152,34,84,118,270
08/25/2000,BFM,AL,ASO,CE,Federal Contract Tower,6,16,24,5,51,0,4,53,11,68,6,20,77,16,119,14,4,18,137
08/26/2000,BFM,AL,ASO,CE,Federal Contract Tower,2,4,9,1,16,1,0,56,5,62,3,4,65,6,78,36,8,44,122
08/27/2000,BFM,AL,ASO,CE,Federal Contract Tower,1,0,7,1,9,1,0,35,4,40,2,0,42,5,49,12,0,12,61
08/28/2000,BFM,AL,ASO,CE,Federal Contract Tower,4,17,26,4,51,0,10,49,50,109,4,27,75,54,160,22,344,366,526
08/29/2000,BFM,AL,ASO,CE,Federal Contract Tower,8,19,30,4,61,1,3,48,38,90,9,22,78,42,151,56,328,384,535
08/30/2000,BFM,AL,ASO,CE,Federal Contract Tower,6,24,47,7,84,0,0,81,36,117,6,24,128,43,201,8,400,408,609
08/31/2000,BFM,AL,ASO,CE,Federal Contract Tower,8,19,30,4,61,2,0,71,33,106,10,19,101,37,167,34,306,340,507
09/01/2000,BFM,AL,ASO,CE,Federal Contract Tower,5,10,24,2,41,0,6,52,2,60,5,16,76,4,101,8,48,56,157
09/02/2000,BFM,AL,ASO,CE,Federal Contract Tower,4,5,14,0,23,4,0,36,0,40,8,5,50,0,63,8,0,8,71
09/03/2000,BFM,AL,ASO,CE,Federal Contract Tower,1,0,4,0,5,1,0,45,0,46,2,0,49,0,51,26,0,26,77
09/04/2000,BFM,AL,ASO,CE,Federal Contract Tower,1,2,16,0,19,0,0,71,0,71,1,2,87,0,90,0,86,86,176
09/05/2000,BFM,AL,ASO,CE,Federal Contract Tower,5,13,28,2,48,0,12,36,34,82,5,25,64,36,130,8,6,14,144
09/06/2000,BFM,AL,ASO,CE,Federal Contract Tower,7,15,32,3,57,0,8,48,19,75,7,23,80,22,132,0,64,64,196
09/07/2000,BFM,AL,ASO,CE,Federal Contract Tower,8,18,39,3,68,0,2,22,13,37,8,20,61,16,105,2,42,44,149
09/08/2000,BFM,AL,ASO,CE,Federal Contract Tower,6,14,32,3,55,0,2,21,2,25,6,16,53,5,80,20,60,80,160
09/09/2000,BFM,AL,ASO,CE,Federal Contract Tower,4,3,19,1,27,0,0,46,1,47,4,3,65,2,74,0,0,0,74
09/10/2000,BFM,AL,ASO,CE,Federal Contract Tower,0,0,8,0,8,0,0,56,0,56,0,0,64,0,64,36,0,36,100
09/11/2000,BFM,AL,ASO,CE,Federal Contract Tower,8,19,37,4,68,0,3,40,24,67,8,22,77,28,135,14,150,164,299
09/12/2000,BFM,AL,ASO,CE,Federal Contract Tower,6,15,29,3,53,4,5,55,40,104,10,20,84,43,157,26,208,234,391
09/13/2000,BFM,AL,ASO,CE,Federal Contract Tower,9,20,40,4,73,2,1,68,28,99,11,21,108,32,172,10,144,154,326
09/14/2000,BFM,AL,ASO,CE,Federal Contract Tower,9,20,41,5,75,1,1,63,19,84,10,21,104,24,159,26,128,154,313
09/15/2000,BFM,AL,ASO,CE,Federal Contract Tower,7,17,33,4,61,1,6,57,16,80,8,23,90,20,141,30,166,196,337
09/16/2000,BFM,AL,ASO,CE,Federal Contract Tower,2,5,13,2,22,0,0,61,1,62,2,5,74,3,84,18,0,18,102
09/17/2000,BFM,AL,ASO,CE,Federal Contract Tower,2,0,11,0,13,0,0,76,0,76,2,0,87,0,89,38,0,38,127
09/18/2000,BFM,AL,ASO,CE,Federal Contract Tower,3,16,31,4,54,0,2,56,38,96,3,18,87,42,150,26,276,302,452
09/19/2000,BFM,AL,ASO,CE,Federal Contract Tower,6,18,34,4,62,0,8,55,34,97,6,26,89,38,159,2,170,172,331
09/20/2000,BFM,AL,ASO,CE,Federal Contract Tower,7,18,34,4,63,7,1,49,22,79,14,19,83,26,142,4,112,116,258
09/21/2000,BFM,AL,ASO,CE,Federal Contract Tower,8,19,36,4,67,4,0,38,2,44,12,19,74,6,111,0,10,10,121
09/22/2000,BFM,AL,ASO,CE,Federal Contract Tower,4,11,20,3,38,1,9,37,6,53,5,20,57,9,91,16,0,16,107
09/23/2000,BFM,AL,ASO,CE,Federal Contract Tower,1,3,8,1,13,2,0,48,1,51,3,3,56,2,64,60,6,66,130
09/24/2000,BFM,AL,ASO,CE,Federal Contract Tower,0,0,8,1,9,0,0,53,1,54,0,0,61,2,63,40,8,48,111
09/25/2000,BFM,AL,ASO,CE,Federal Contract Tower,4,13,25,2,44,0,8,44,19,71,4,21,69,21,115,16,130,146,261
09/26/2000,BFM,AL,ASO,CE,Federal Contract Tower,7,20,41,3,71,0,5,63,24,92,7,25,104,27,163,32,144,176,339
09/27/2000,BFM,AL,ASO,CE,Federal Contract Tower,8,19,39,3,69,0,0,79,31,110,8,19,118,34,179,26,136,162,341
09/28/2000,BFM,AL,ASO,CE,Federal Contract Tower,7,19,41,4,71,0,0,78,16,94,7,19,119,20,165,2,32,34,199
09/29/2000,BFM,AL,ASO,CE,Federal Contract Tower,5,11,24,2,42,3,4,59,14,80,8,15,83,16,122,6,6,12,134
09/30/2000,BFM,AL,ASO,CE,Federal Contract Tower,4,4,16,1,25,1,0,51,1,53,5,4,67,2,78,16,0,16,94
10/01/2000,BFM,AL,ASO,CE,Federal Contract Tower,0,0,4,0,4,0,0,54,0,54,0,0,58,0,58,56,0,56,114
10/02/2000,BFM,AL,ASO,CE,Federal Contract Tower,5,12,24,4,45,0,12,63,12,87,5,24,87,16,132,42,48,90,222
10/03/2000,BFM,AL,ASO,CE,Federal Contract Tower,11,18,34,6,69,7,1,57,23,88,18,19,91,29,157,0,34,34,191
10/04/2000,BFM,AL,ASO,CE,Federal Contract Tower,8,13,26,5,52,12,5,73,13,103,20,18,99,18,155,44,62,106,261
10/05/2000,BFM,AL,ASO,CE,Federal Contract Tower,9,17,30,6,62,7,6,71,23,107,16,23,101,29,169,8,90,98,267
10/06/2000,BFM,AL,ASO,CE,Federal Contract Tower,7,13,22,4,46,1,8,36,13,58,8,21,58,17,104,18,0,18,122
10/07/2000,BFM,AL,ASO,CE,Federal Contract Tower,2,4,13,3,22,0,0,69,1,70,2,4,82,4,92,18,0,18,110
10/08/2000,BFM,AL,ASO,CE,Federal Contract Tower,1,0,5,0,6,0,0,37,0,37,1,0,42,0,43,8,0,8,51
10/09/2000,BFM,AL,ASO,CE,Federal Contract Tower,3,9,18,2,32,0,0,76,0,76,3,9,94,2,108,10,0,10,118
10/10/2000,BFM,AL,ASO,CE,Federal Contract Tower,7,17,30,5,59,0,3,73,19,95,7,20,103,24,154,10,78,88,242
10/11/2000,BFM,AL,ASO,CE,Federal Contract Tower,8,19,33,6,66,0,0,89,20,109,8,19,122,26,175,12,102,114,289
10/12/2000,BFM,AL,ASO,CE,Federal Contract Tower,7,20,32,6,65,0,2,106,37,145,7,22,138,43,210,54,114,168,378
10/13/2000,BFM,AL,ASO,CE,Federal Contract Tower,6,12,20,4,42,1,7,99,14,121,7,19,119,18,163,42,122,164,327
10/14/2000,BFM,AL,ASO,CE,Federal Contract Tower,3,5,12,3,23,0,0,57,3,60,3,5,69,6,83,36,0,36,119
10/15/2000,BFM,AL,ASO,CE,Federal Contract Tower,0,0,5,0,5,0,0,48,0,48,0,0,53,0,53,38,0,38,91
10/16/2000,BFM,AL,ASO,CE,Federal Contract Tower,3,15,24,5,47,0,8,71,32,111,3,23,95,37,158,28,220,248,406
10/17/2000,BFM,AL,ASO,CE,Federal Contract Tower,9,17,28,5,59,1,2,57,32,92,10,19,85,37,151,0,134,134,285
10/18/2000,BFM,AL,ASO,CE,Federal Contract Tower,12,25,49,9,95,0,0,100,32,132,12,25,149,41,227,42,102,144,371
10/19/2000,BFM,AL,ASO,CE,Federal Contract Tower,10,20,34,6,70,4,5,62,35,106,14,25,96,41,176,0,86,86,262
10/20/2000,BFM,AL,ASO,CE,Federal Contract Tower,8,18,29,5,60,7,1,69,14,91,15,19,98,19,151,12,58,70,221
10/21/2000,BFM,AL,ASO,CE,Federal Contract Tower,3,5,11,0,19,2,0,45,0,47,5,5,56,0,66,34,0,34,100
10/22/2000,BFM,AL,ASO,CE,Federal Contract Tower,0,0,5,0,5,0,0,51,0,51,0,0,56,0,56,0,0,0,56
10/23/2000,BFM,AL,ASO,CE,Federal Contract Tower,3,14,23,4,44,0,11,59,42,112,3,25,82,46,156,18,368,386,542
10/24/2000,BFM,AL,ASO,CE,Federal Contract Tower,8,20,34,5,67,0,2,79,32,113,8,22,113,37,180,66,178,244,424
10/25/2000,BFM,AL,ASO,CE,Federal Contract Tower,7,20,35,5,67,0,0,76,38,114,7,20,111,43,181,14,360,374,555
10/26/2000,BFM,AL,ASO,CE,Federal Contract Tower,11,24,54,9,98,0,0,79,41,120,11,24,133,50,218,14,320,334,552
10/27/2000,BFM,AL,ASO,CE,Federal Contract Tower,9,20,34,5,68,3,2,73,8,86,12,22,107,13,154,34,26,60,214
10/28/2000,BFM,AL,ASO,CE,Federal Contract Tower,3,2,14,0,19,5,0,58,0,63,8,2,72,0,82,80,0,80,162
10/29/2000,BFM,AL,ASO,CE,Federal Contract Tower,4,1,15,0,20,6,0,41,0,47,10,1,56,0,67,82,0,82,149
10/30/2000,BFM,AL,ASO,CE,Federal Contract Tower,6,17,29,4,56,0,5,58,39,102,6,22,87,43,158,64,122,186,344
10/31/2000,BFM,AL,ASO,CE,Federal Contract Tower,9,20,34,5,68,0,6,63,36,105,9,26,97,41,173,26,222,248,421
11/01/2000,BFM,AL,ASO,CE,Federal Contract Tower,9,23,43,10,85,0,0,52,29,81,9,23,95,39,166,10,216,226,392
11/02/2000,BFM,AL,ASO,CE,Federal Contract Tower,9,22,38,9,78,0,4,51,35,90,9,26,89,44,168,10,174,184,352
11/03/2000,BFM,AL,ASO,CE,Federal Contract Tower,8,19,32,7,66,1,3,80,22,106,9,22,112,29,172,62,50,112,284
11/04/2000,BFM,AL,ASO,CE,Federal Contract Tower,2,4,8,2,16,1,2,38,0,41,3,6,46,2,57,52,14,66,123
11/05/2000,BFM,AL,ASO,CE,Federal Contract Tower,0,0,10,2,12,0,0,21,1,22,0,0,31,3,34,24,0,24,58
11/06/2000,BFM,AL,ASO,CE,Federal Contract Tower,3,11,18,4,36,0,7,21,3,31,3,18,39,7,67,0,30,30,97
11/07/2000,BFM,AL,ASO,CE,Federal Contract Tower,6,15,23,6,50,1,8,41,4,54,7,23,64,10,104,0,160,160,264
11/08/2000,BFM,AL,ASO,CE,Federal Contract Tower,7,15,25,6,53,1,4,26,4,35,8,19,51,10,88,0,126,126,214
11/09/2000,BFM,AL,ASO,CE,Federal Contract Tower,6,13,20,5,44,1,11,54,30,96,7,24,74,35,140,30,232,262,402
11/10/2000,BFM,AL,ASO,CE,Federal Contract Tower,7,16,25,6,54,0,4,50,2,56,7,20,75,8,110,10,28,38,148
11/11/2000,BFM,AL,ASO,CE,Federal Contract Tower,3,3,9,0,15,0,0,65,0,65,3,3,74,0,80,70,0,70,150
11/12/2000,BFM,AL,ASO,CE,Federal Contract Tower,0,0,3,0,3,0,0,63,2,65,0,0,66,2,68,18,4,22,90
11/13/2000,BFM,AL,ASO,CE,Federal Contract Tower,3,21,34,8,66,0,3,19,7,29,3,24,53,15,95,0,48,48,143
11/14/2000,BFM,AL,ASO,CE,Federal Contract Tower,8,28,46,11,93,0,3,50,36,89,8,31,96,47,182,22,306,328,510
11/15/2000,BFM,AL,ASO,CE,Federal Contract Tower,6,15,25,7,53,0,12,81,6,99,6,27,106,13,152,38,142,180,332
11/16/2000,BFM,AL,ASO,CE,Federal Contract Tower,8,22,35,9,74,3,2,19,4,28,11,24,54,13,102,0,76,76,178
11/17/2000,BFM,AL,ASO,CE,Federal Contract Tower,9,19,38,10,76,0,0,41,31,72,9,19,79,41,148,10,192,202,350
11/18/2000,BFM,AL,ASO,CE,Federal Contract Tower,3,4,14,2,23,0,0,19,0,19,3,4,33,2,42,0,0,0,42
11/19/2000,BFM,AL,ASO,CE,Federal Contract Tower,3,1,14,2,20,3,0,30,0,33,6,1,44,2,53,0,0,0,53
11/20/2000,BFM,AL,ASO,CE,Federal Contract Tower,8,22,34,9,73,1,1,101,16,119,9,23,135,25,192,6,166,172,364
11/21/2000,BFM,AL,ASO,CE,Federal Contract Tower,7,21,40,11,79,0,0,76,37,113,7,21,116,48,192,70,244,314,506
11/22/2000,BFM,AL,ASO,CE,Federal Contract Tower,7,18,29,8,62,3,10,74,32,119,10,28,103,40,181,24,198,222,403
11/23/2000,BFM,AL,ASO,CE,Federal Contract Tower,0,2,3,0,5,0,0,42,0,42,0,2,45,0,47,36,0,36,83
11/24/2000,BFM,AL,ASO,CE,Federal Contract Tower,4,13,20,6,43,3,3,16,0,22,7,16,36,6,65,12,0,12,77
11/25/2000,BFM,AL,ASO,CE,Federal Contract Tower,2,3,9,0,14,3,0,43,0,46,5,3,52,0,60,30,0,30,90
11/26/2000,BFM,AL,ASO,CE,Federal Contract Tower,0,2,3,1,6,2,0,76,0,78,2,2,79,1,84,2,0,2,86
11/27/2000,BFM,AL,ASO,CE,Federal Contract Tower,5,19,31,7,62,0,7,45,18,70,5,26,76,25,132,30,278,308,440
11/28/2000,BFM,AL,ASO,CE,Federal Contract Tower,9,24,39,9,81,2,2,67,27,98,11,26,106,36,179,6,198,204,383
11/29/2000,BFM,AL,ASO,CE,Federal Contract Tower,10,28,45,10,93,0,1,67,15,83,10,29,112,25,176,26,238,264,440
11/30/2000,BFM,AL,ASO,CE,Federal Contract Tower,7,20,33,8,68,1,5,69,34,109,8,25,102,42,177,30,132,162,339
12/01/2000,BFM,AL,ASO,CE,Federal Contract Tower,10,23,40,10,83,1,0,56,32,89,11,23,96,42,172,16,66,82,254
12/02/2000,BFM,AL,ASO,CE,Federal Contract Tower,6,9,22,4,41,1,0,25,0,26,7,9,47,4,67,48,4,52,119
12/03/2000,BFM,AL,ASO,CE,Federal Contract Tower,4,3,16,0,23,4,0,34,0,38,8,3,50,0,61,6,0,6,67
12/04/2000,BFM,AL,ASO,CE,Federal Contract Tower,6,21,36,9,72,0,8,53,15,76,6,29,89,24,148,22,146,168,316
12/05/2000,BFM,AL,ASO,CE,Federal Contract Tower,9,22,40,10,81,0,0,78,44,122,9,22,118,54,203,52,182,234,437
12/06/2000,BFM,AL,ASO,CE,Federal Contract Tower,10,22,39,9,80,0,3,38,3,44,10,25,77,12,124,24,194,218,342
12/07/2000,BFM,AL,ASO,CE,Federal Contract Tower,6,15,25,6,52,0,14,71,56,141,6,29,96,62,193,24,120,144,337
12/08/2000,BFM,AL,ASO,CE,Federal Contract Tower,8,19,48,11,86,0,0,37,56,93,8,19,85,67,179,0,58,58,237
12/09/2000,BFM,AL,ASO,CE,Federal Contract Tower,3,4,14,3,24,0,0,51,3,54,3,4,65,6,78,74,0,74,152
12/10/2000,BFM,AL,ASO,CE,Federal Contract Tower,0,2,13,3,18,0,0,39,4,43,0,2,52,7,61,42,0,42,103
12/11/2000,BFM,AL,ASO,CE,Federal Contract Tower,4,9,18,4,35,0,13,15,28,56,4,22,33,32,91,0,8,8,99
12/12/2000,BFM,AL,ASO,CE,Federal Contract Tower,8,20,33,8,69,0,8,41,42,91,8,28,74,50,160,12,124,136,296
12/13/2000,BFM,AL,ASO,CE,Federal Contract Tower,6,17,27,6,56,0,7,37,7,51,6,24,64,13,107,0,0,0,107
12/14/2000,BFM,AL,ASO,CE,Federal Contract Tower,7,25,39,10,81,0,5,15,4,24,7,30,54,14,105,0,4,4,109
12/15/2000,BFM,AL,ASO,CE,Federal Contract Tower,5,19,30,0,54,0,3,17,0,20,5,22,47,0,74,0,0,0,74
12/16/2000,BFM,AL,ASO,CE,Federal Contract Tower,2,5,8,0,15,7,0,2,0,9,9,5,10,0,24,0,0,0,24
12/17/2000,BFM,AL,ASO,CE,Federal Contract Tower,0,2,19,0,21,0,0,83,0,83,0,2,102,0,104,14,0,14,118
12/18/2000,BFM,AL,ASO,CE,Federal Contract Tower,4,18,29,8,59,0,9,39,24,72,4,27,68,32,131,30,66,96,227
12/19/2000,BFM,AL,ASO,CE,Federal Contract Tower,7,21,43,11,82,0,0,52,10,62,7,21,95,21,144,0,72,72,216
12/20/2000,BFM,AL,ASO,CE,Federal Contract Tower,9,23,37,10,79,1,8,73,15,97,10,31,110,25,176,14,52,66,242
12/21/2000,BFM,AL,ASO,CE,Federal Contract Tower,6,17,27,7,57,2,9,20,19,50,8,26,47,26,107,6,30,36,143
12/22/2000,BFM,AL,ASO,CE,Federal Contract Tower,5,14,22,6,47,5,7,65,8,85,10,21,87,14,132,4,20,24,156
12/23/2000,BFM,AL,ASO,CE,Federal Contract Tower,3,6,13,0,22,8,0,33,0,41,11,6,46,0,63,4,0,4,67
12/24/2000,BFM,AL,ASO,CE,Federal Contract Tower,0,0,3,0,3,1,0,39,0,40,1,0,42,0,43,34,0,34,77
12/25/2000,BFM,AL,ASO,CE,Federal Contract Tower,0,0,0,0,0,0,0,11,0,11,0,0,11,0,11,2,0,2,13
12/26/2000,BFM,AL,ASO,CE,Federal Contract Tower,5,13,21,0,39,3,8,31,0,42,8,21,52,0,81,12,0,12,93
12/27/2000,BFM,AL,ASO,CE,Federal Contract Tower,6,20,31,9,66,0,10,13,5,28,6,30,44,14,94,16,12,28,122
12/28/2000,BFM,AL,ASO,CE,Federal Contract Tower,5,15,25,0,45,0,8,11,0,19,5,23,36,0,64,0,0,0,64
12/29/2000,BFM,AL,ASO,CE,Federal Contract Tower,8,22,35,6,71,1,2,56,0,59,9,24,91,6,130,36,16,52,182
12/30/2000,BFM,AL,ASO,CE,Federal Contract Tower,0,5,6,3,14,0,0,0,40,40,0,5,6,43,54,58,0,58,112
12/31/2000,BFM,AL,ASO,CE,Federal Contract Tower,0,0,4,0,4,1,0,40,0,41,1,0,44,0,45,56,0,56,101
01/01/2001,BFM,AL,ASO,CE,Federal Contract Tower,0,2,6,2,10,0,0,39,2,41,0,2,45,4,51,28,0,28,79
01/02/2001,BFM,AL,ASO,CE,Federal Contract Tower,3,12,21,4,40,0,15,62,10,87,3,27,83,14,127,50,90,140,267
01/03/2001,BFM,AL,ASO,CE,Federal Contract Tower,8,16,27,5,56,0,8,67,9,84,8,24,94,14,140,10,20,30,170
01/04/2001,BFM,AL,ASO,CE,Federal Contract Tower,8,16,27,5,56,0,8,43,9,60,8,24,70,14,116,22,46,68,184
01/05/2001,BFM,AL,ASO,CE,Federal Contract Tower,10,18,30,6,64,2,1,44,16,63,12,19,74,22,127,4,162,166,293
01/06/2001,BFM,AL,ASO,CE,Federal Contract Tower,5,3,12,0,20,1,0,48,0,49,6,3,60,0,69,40,0,40,109
01/07/2001,BFM,AL,ASO,CE,Federal Contract Tower,3,0,8,0,11,1,0,33,0,34,4,0,41,0,45,24,0,24,69
01/08/2001,BFM,AL,ASO,CE,Federal Contract Tower,12,21,37,8,78,0,0,64,24,88,12,21,101,32,166,18,224,242,408
01/09/2001,BFM,AL,ASO,CE,Federal Contract Tower,7,24,35,7,73,0,2,72,35,109,7,26,107,42,182,18,142,160,342
01/10/2001,BFM,AL,ASO,CE,Federal Contract Tower,9,18,26,6,59,6,1,86,38,131,15,19,112,44,190,38,184,222,412
01/11/2001,BFM,AL,ASO,CE,Federal Contract Tower,11,22,30,4,67,0,2,29,0,31,11,24,59,4,98,26,56,82,180
01/12/2001,BFM,AL,ASO,CE,Federal Contract Tower,7,23,36,7,73,0,0,44,13,57,7,23,80,20,130,26,162,188,318
01/13/2001,BFM,AL,ASO,CE,Federal Contract Tower,2,4,8,2,16,7,0,49,0,56,9,4,57,2,72,36,10,46,118
01/14/2001,BFM,AL,ASO,CE,Federal Contract Tower,2,0,7,0,9,1,0,43,0,44,3,0,50,0,53,8,16,24,77
01/15/2001,BFM,AL,ASO,CE,Federal Contract Tower,4,4,14,0,22,2,0,11,0,13,6,4,25,0,35,0,0,0,35
01/16/2001,BFM,AL,ASO,CE,Federal Contract Tower,5,26,38,7,76,0,0,22,0,22,5,26,60,7,98,0,22,22,120
01/17/2001,BFM,AL,ASO,CE,Federal Contract Tower,11,24,36,6,77,0,1,25,13,39,11,25,61,19,116,22,54,76,192
01/18/2001,BFM,AL,ASO,CE,Federal Contract Tower,10,16,33,2,61,3,0,13,0,16,13,16,46,2,77,0,0,0,77
01/19/2001,BFM,AL,ASO,CE,Federal Contract Tower,6,15,23,0,44,0,11,14,0,25,6,26,37,0,69,6,0,6,75
01/20/2001,BFM,AL,ASO,CE,Federal Contract Tower,2,5,10,1,18,0,0,50,3,53,2,5,60,4,71,166,4,170,241
01/21/2001,BFM,AL,ASO,CE,Federal Contract Tower,0,0,12,2,14,0,0,69,6,75,0,0,81,8,89,8,22,30,119
01/22/2001,BFM,AL,ASO,CE,Federal Contract Tower,6,15,24,4,49,0,6,41,12,59,6,21,65,16,108,40,116,156,264
01/23/2001,BFM,AL,ASO,CE,Federal Contract Tower,9,21,31,5,66,2,0,49,33,84,11,21,80,38,150,14,226,240,390
01/24/2001,BFM,AL,ASO,CE,Federal Contract Tower,8,19,28,5,60,4,8,75,40,127,12,27,103,45,187,64,154,218,405
01/25/2001,BFM,AL,ASO,CE,Federal Contract Tower,8,19,29,5,61,5,4,79,31,119,13,23,108,36,180,18,162,180,360
01/26/2001,BFM,AL,ASO,CE,Federal Contract Tower,7,16,25,4,52,3,5,64,46,118,10,21,89,50,170,6,162,168,338
01/27/2001,BFM,AL,ASO,CE,Federal Contract Tower,2,9,13,2,26,0,3,27,0,30,2,12,40,2,56,54,10,64,120
01/28/2001,BFM,AL,ASO,CE,Federal Contract Tower,3,0,10,1,14,1,0,46,1,48,4,0,56,2,62,38,0,38,100
01/29/2001,BFM,AL,ASO,CE,Federal Contract Tower,4,18,27,4,53,0,4,14,4,22,4,22,41,8,75,0,38,38,113
01/30/2001,BFM,AL,ASO,CE,Federal Contract Tower,11,22,38,7,78,0,0,70,25,95,11,22,108,32,173,8,224,232,405
01/31/2001,BFM,AL,ASO,CE,Federal Contract Tower,7,21,32,5,65,0,4,68,31,103,7,25,100,36,168,46,444,490,658
02/01/2001,BFM,AL,ASO,CE,Federal Contract Tower,7,18,30,3,58,0,2,65,55,122,7,20,95,58,180,12,362,374,554
02/02/2001,BFM,AL,ASO,CE,Federal Contract Tower,9,17,29,3,58,0,4,54,45,103,9,21,83,48,161,26,336,362,523
02/03/2001,BFM,AL,ASO,CE,Federal Contract Tower,2,4,14,1,21,0,0,58,11,69,2,4,72,12,90,38,16,54,144
02/04/2001,BFM,AL,ASO,CE,Federal Contract Tower,3,0,10,1,14,5,0,66,3,74,8,0,76,4,88,0,22,22,110
02/05/2001,BFM,AL,ASO,CE,Federal Contract Tower,2,13,23,2,40,0,10,52,45,107,2,23,75,47,147,34,374,408,555
02/06/2001,BFM,AL,ASO,CE,Federal Contract Tower,7,13,22,2,44,7,8,62,26,103,14,21,84,28,147,38,218,256,403
02/07/2001,BFM,AL,ASO,CE,Federal Contract Tower,7,13,23,2,45,3,6,96,28,133,10,19,119,30,178,34,342,376,554
02/08/2001,BFM,AL,ASO,CE,Federal Contract Tower,6,17,28,3,54,0,4,54,16,74,6,21,82,19,128,30,136,166,294
02/09/2001,BFM,AL,ASO,CE,Federal Contract Tower,10,21,37,5,73,3,0,28,28,59,13,21,65,33,132,0,12,12,144
02/10/2001,BFM,AL,ASO,CE,Federal Contract Tower,2,4,19,3,28,0,0,63,4,67,2,4,82,7,95,48,8,56,151
02/11/2001,BFM,AL,ASO,CE,Federal Contract Tower,0,0,6,1,7,0,0,70,5,75,0,0,76,6,82,38,20,58,140
02/12/2001,BFM,AL,ASO,CE,Federal Contract Tower,2,15,23,4,44,0,6,51,1,58,2,21,74,5,102,38,80,118,220
02/13/2001,BFM,AL,ASO,CE,Federal Contract Tower,7,23,36,5,71,0,6,15,4,25,7,29,51,9,96,33,46,79,175
02/14/2001,BFM,AL,ASO,CE,Federal Contract Tower,8,19,29,0,56,0,5,13,0,18,8,24,42,0,74,0,0,0,74
02/15/2001,BFM,AL,ASO,CE,Federal Contract Tower,8,20,31,5,64,0,8,4,1,13,8,28,35,6,77,0,6,6,83
02/16/2001,BFM,AL,ASO,CE,Federal Contract Tower,7,15,25,4,51,9,8,14,10,41,16,23,39,14,92,0,82,82,174
02/17/2001,BFM,AL,ASO,CE,Federal Contract Tower,5,4,25,1,35,0,0,63,0,63,5,4,88,1,98,24,0,24,122
02/18/2001,BFM,AL,ASO,CE,Federal Contract Tower,0,0,4,0,4,0,0,81,0,81,0,0,85,0,85,6,0,6,91
02/19/2001,BFM,AL,ASO,CE,Federal Contract Tower,6,13,24,4,47,0,0,67,0,67,6,13,91,4,114,16,10,26,140
02/20/2001,BFM,AL,ASO,CE,Federal Contract Tower,8,25,41,6,80,0,0,52,30,82,8,25,93,36,162,18,286,304,466
02/21/2001,BFM,AL,ASO,CE,Federal Contract Tower,7,16,25,4,52,0,1,14,2,17,7,17,39,6,69,6,0,6,75
02/22/2001,BFM,AL,ASO,CE,Federal Contract Tower,9,20,31,5,65,2,8,18,31,59,11,28,49,36,124,56,196,252,376
02/23/2001,BFM,AL,ASO,CE,Federal Contract Tower,12,24,43,6,85,0,0,74,28,102,12,24,117,34,187,28,256,284,471
02/24/2001,BFM,AL,ASO,CE,Federal Contract Tower,4,3,14,2,23,2,0,36,1,39,6,3,50,3,62,92,12,104,166
02/25/2001,BFM,AL,ASO,CE,Federal Contract Tower,2,0,10,0,12,1,0,16,0,17,3,0,26,0,29,0,0,0,29
02/26/2001,BFM,AL,ASO,CE,Federal Contract Tower,7,18,28,3,56,4,2,62,34,102,11,20,90,37,158,62,152,214,372
02/27/2001,BFM,AL,ASO,CE,Federal Contract Tower,8,18,28,3,57,2,0,42,38,82,10,18,70,41,139,28,160,188,327
02/28/2001,BFM,AL,ASO,CE,Federal Contract Tower,8,19,31,4,62,2,4,14,10,30,10,23,45,14,92,8,82,90,182
03/01/2001,BFM,AL,ASO,CE,Federal Contract Tower,9,17,26,7,59,2,8,27,11,48,11,25,53,18,107,4,186,190,297
03/02/2001,BFM,AL,ASO,CE,Federal Contract Tower,11,19,29,7,66,2,3,17,25,47,13,22,46,32,113,28,96,124,237
03/03/2001,BFM,AL,ASO,CE,Federal Contract Tower,1,1,3,0,5,1,1,4,0,6,2,2,7,0,11,0,0,0,11
03/04/2001,BFM,AL,ASO,CE,Federal Contract Tower,1,1,9,2,13,0,0,51,10,61,1,1,60,12,74,56,22,78,152
03/05/2001,BFM,AL,ASO,CE,Federal Contract Tower,3,19,33,9,64,0,0,92,44,136,3,19,125,53,200,52,236,288,488
03/06/2001,BFM,AL,ASO,CE,Federal Contract Tower,8,23,35,9,75,0,9,67,42,118,8,32,102,51,193,4,214,218,411
03/07/2001,BFM,AL,ASO,CE,Federal Contract Tower,7,23,35,9,74,0,7,83,64,154,7,30,118,73,228,50,178,228,456
03/08/2001,BFM,AL,ASO,CE,Federal Contract Tower,12,23,35,9,79,0,5,55,58,118,12,28,90,67,197,38,142,180,377
03/09/2001,BFM,AL,ASO,CE,Federal Contract Tower,9,18,30,8,65,0,0,45,25,70,9,18,75,33,135,2,16,18,153
03/10/2001,BFM,AL,ASO,CE,Federal Contract Tower,5,3,14,3,25,1,0,80,3,84,6,3,94,6,109,44,8,52,161
03/11/2001,BFM,AL,ASO,CE,Federal Contract Tower,2,0,3,1,6,0,0,56,5,61,2,0,59,6,67,32,10,42,109
03/12/2001,BFM,AL,ASO,CE,Federal Contract Tower,4,10,7,0,21,0,14,0,0,14,4,24,7,0,35,0,0,0,35
03/13/2001,BFM,AL,ASO,CE,Federal Contract Tower,10,29,41,11,91,0,2,58,63,123,10,31,99,74,214,64,142,206,420
03/14/2001,BFM,AL,ASO,CE,Federal Contract Tower,8,17,25,8,58,4,4,41,14,63,12,21,66,22,121,56,40,96,217
03/15/2001,BFM,AL,ASO,CE,Federal Contract Tower,8,18,26,8,60,4,6,51,26,87,12,24,77,34,147,20,122,142,289
03/16/2001,BFM,AL,ASO,CE,Federal Contract Tower,10,18,29,9,66,0,0,83,61,144,10,18,112,70,210,24,290,314,524
03/17/2001,BFM,AL,ASO,CE,Federal Contract Tower,6,6,19,4,35,10,0,72,0,82,16,6,91,4,117,84,32,116,233
03/18/2001,BFM,AL,ASO,CE,Federal Contract Tower,4,0,15,1,20,9,0,48,0,57,13,0,63,1,77,24,12,36,113
03/19/2001,BFM,AL,ASO,CE,Federal Contract Tower,11,24,33,10,78,0,2,14,24,40,11,26,47,34,118,0,110,110,228
03/20/2001,BFM,AL,ASO,CE,Federal Contract Tower,7,16,22,7,52,3,10,18,19,50,10,26,40,26,102,0,182,182,284
03/21/2001,BFM,AL,ASO,CE,Federal Contract Tower,10,24,33,10,77,1,3,71,20,95,11,27,104,30,172,32,374,406,578
03/22/2001,BFM,AL,ASO,CE,Federal Contract Tower,9,23,32,10,74,0,11,62,33,106,9,34,94,43,180,30,352,382,562
03/23/2001,BFM,AL,ASO,CE,Federal Contract Tower,10,21,29,9,69,0,1,49,16,66,10,22,78,25,135,10,298,308,443
03/24/2001,BFM,AL,ASO,CE,Federal Contract Tower,5,5,16,5,31,5,0,41,0,46,10,5,57,5,77,6,8,14,91
03/25/2001,BFM,AL,ASO,CE,Federal Contract Tower,2,0,7,3,12,4,0,49,1,54,6,0,56,4,66,18,0,18,84
03/26/2001,BFM,AL,ASO,CE,Federal Contract Tower,10,24,34,9,77,4,3,53,43,103,14,27,87,52,180,8,210,218,398
03/27/2001,BFM,AL,ASO,CE,Federal Contract Tower,6,23,33,9,71,0,2,41,48,91,6,25,74,57,162,8,236,244,406
03/28/2001,BFM,AL,ASO,CE,Federal Contract Tower,6,16,24,5,51,0,19,24,0,43,6,35,48,5,94,6,100,106,200
03/29/2001,BFM,AL,ASO,CE,Federal Contract Tower,7,25,35,9,76,0,4,25,7,36,7,29,60,16,112,14,100,114,226
03/30/2001,BFM,AL,ASO,CE,Federal Contract Tower,10,24,34,9,77,1,0,55,34,90,11,24,89,43,167,50,146,196,363
03/31/2001,BFM,AL,ASO,CE,Federal Contract Tower,3,1,11,0,15,2,0,49,0,51,5,1,60,0,66,14,0,14,80
04/01/2001,BFM,AL,ASO,CE,Federal Contract Tower,0,0,16,1,17,1,0,37,1,39,1,0,53,2,56,32,0,32,88
04/02/2001,BFM,AL,ASO,CE,Federal Contract Tower,2,14,20,11,47,0,5,49,31,85,2,19,69,42,132,6,66,72,204
04/03/2001,BFM,AL,ASO,CE,Federal Contract Tower,6,32,35,2,75,0,14,24,10,48,6,46,59,12,123,8,66,74,197
04/04/2001,BFM,AL,ASO,CE,Federal Contract Tower,5,27,12,0,44,0,1,25,5,31,5,28,37,5,75,0,56,56,131
04/05/2001,BFM,AL,ASO,CE,Federal Contract Tower,7,25,44,4,80,0,1,74,17,92,7,26,118,21,172,60,66,126,298
04/06/2001,BFM,AL,ASO,CE,Federal Contract Tower,10,21,28,10,69,0,4,53,9,66,10,25,81,19,135,8,70,78,213
04/07/2001,BFM,AL,ASO,CE,Federal Contract Tower,4,3,21,5,33,0,1,37,6,44,4,4,58,11,77,4,0,4,81
04/08/2001,BFM,AL,ASO,CE,Federal Contract Tower,2,0,11,2,15,0,0,21,4,25,2,0,32,6,40,22,0,22,62
04/09/2001,BFM,AL,ASO,CE,Federal Contract Tower,3,19,30,4,56,0,4,38,28,70,3,23,68,32,126,0,216,216,342
04/10/2001,BFM,AL,ASO,CE,Federal Contract Tower,9,27,17,9,62,0,1,49,28,78,9,28,66,37,140,0,370,370,510
04/11/2001,BFM,AL,ASO,CE,Federal Contract Tower,10,19,23,1,53,0,0,49,41,90,10,19,72,42,143,32,304,336,479
04/12/2001,BFM,AL,ASO,CE,Federal Contract Tower,7,23,18,10,58,0,0,53,29,82,7,23,71,39,140,0,196,196,336
04/13/2001,BFM,AL,ASO,CE,Federal Contract Tower,18,21,15,3,57,0,0,60,19,79,18,21,75,22,136,22,248,270,406
04/14/2001,BFM,AL,ASO,CE,Federal Contract Tower,3,4,15,3,25,4,0,39,1,44,7,4,54,4,69,2,12,14,83
04/15/2001,BFM,AL,ASO,CE,Federal Contract Tower,2,0,13,3,18,0,0,37,0,37,2,0,50,3,55,2,0,2,57
04/16/2001,BFM,AL,ASO,CE,Federal Contract Tower,3,23,30,4,60,0,4,62,6,72,3,27,92,10,132,38,260,298,430
04/17/2001,BFM,AL,ASO,CE,Federal Contract Tower,7,20,50,25,102,0,1,57,17,75,7,21,107,42,177,6,112,118,295
04/18/2001,BFM,AL,ASO,CE,Federal Contract Tower,7,22,29,13,71,0,0,83,17,100,7,22,112,30,171,16,38,54,225
04/19/2001,BFM,AL,ASO,CE,Federal Contract Tower,6,23,31,12,72,0,0,71,21,92,6,23,102,33,164,18,188,206,370
04/20/2001,BFM,AL,ASO,CE,Federal Contract Tower,7,24,26,8,65,0,0,78,16,94,7,24,104,24,159,38,88,126,285
04/21/2001,BFM,AL,ASO,CE,Federal Contract Tower,4,4,12,1,21,1,0,38,1,40,5,4,50,2,61,90,8,98,159
04/22/2001,BFM,AL,ASO,CE,Federal Contract Tower,0,0,12,0,12,0,0,38,0,38,0,0,50,0,50,0,0,0,50
04/23/2001,BFM,AL,ASO,CE,Federal Contract Tower,2,23,36,8,69,0,2,29,21,52,2,25,65,29,121,24,302,326,447
04/24/2001,BFM,AL,ASO,CE,Federal Contract Tower,7,25,35,7,74,0,0,19,19,38,7,25,54,26,112,10,198,208,320
04/25/2001,BFM,AL,ASO,CE,Federal Contract Tower,13,22,37,13,85,0,0,78,13,91,13,22,115,26,176,22,84,106,282
04/26/2001,BFM,AL,ASO,CE,Federal Contract Tower,17,25,43,7,92,0,0,69,24,93,17,25,112,31,185,32,148,180,365
04/27/2001,BFM,AL,ASO,CE,Federal Contract Tower,13,21,36,6,76,0,2,85,40,127,13,23,121,46,203,20,100,120,323
04/28/2001,BFM,AL,ASO,CE,Federal Contract Tower,4,3,11,8,26,0,0,65,4,69,4,3,76,12,95,18,8,26,121
04/29/2001,BFM,AL,ASO,CE,Federal Contract Tower,3,0,17,0,20,0,0,37,0,37,3,0,54,0,57,0,30,30,87
04/30/2001,BFM,AL,ASO,CE,Federal Contract Tower,8,21,23,4,56,0,0,58,31,89,8,21,81,35,145,22,310,332,477
05/01/2001,BFM,AL,ASO,CE,Federal Contract Tower,6,26,18,8,58,0,0,64,15,79,6,26,82,23,137,14,32,46,183
05/02/2001,BFM,AL,ASO,CE,Federal Contract Tower,6,24,31,0,61,0,1,59,16,76,6,25,90,16,137,28,130,158,295
05/03/2001,BFM,AL,ASO,CE,Federal Contract Tower,6,26,16,5,53,0,2,65,18,85,6,28,81,23,138,40,64,104,242
05/04/2001,BFM,AL,ASO,CE,Federal Contract Tower,5,17,13,3,38,0,6,63,14,83,5,23,76,17,121,26,10,36,157
05/05/2001,BFM,AL,ASO,CE,Federal Contract Tower,6,4,4,0,14,0,0,68,0,68,6,4,72,0,82,14,0,14,96
05/06/2001,BFM,AL,ASO,CE,Federal Contract Tower,3,0,7,0,10,0,0,46,0,46,3,0,53,0,56,0,0,0,56
05/07/2001,BFM,AL,ASO,CE,Federal Contract Tower,8,22,18,8,56,0,0,54,24,78,8,22,72,32,134,38,136,174,308
05/08/2001,BFM,AL,ASO,CE,Federal Contract Tower,8,28,27,11,74,0,0,59,37,96,8,28,86,48,170,26,92,118,288
05/09/2001,BFM,AL,ASO,CE,Federal Contract Tower,7,26,28,2,63,0,0,45,10,55,7,26,73,12,118,0,96,96,214
05/10/2001,BFM,AL,ASO,CE,Federal Contract Tower,9,20,27,9,65,0,2,79,43,124,9,22,106,52,189,36,190,226,415
05/11/2001,BFM,AL,ASO,CE,Federal Contract Tower,5,19,20,2,46,0,1,73,6,80,5,20,93,8,126,10,72,82,208
05/12/2001,BFM,AL,ASO,CE,Federal Contract Tower,3,5,11,0,19,0,0,37,0,37,3,5,48,0,56,38,0,38,94
05/13/2001,BFM,AL,ASO,CE,Federal Contract Tower,0,0,10,0,10,0,0,34,0,34,0,0,44,0,44,14,0,14,58
05/14/2001,BFM,AL,ASO,CE,Federal Contract Tower,5,21,23,4,53,0,0,49,8,57,5,21,72,12,110,4,198,202,312
05/15/2001,BFM,AL,ASO,CE,Federal Contract Tower,5,25,27,3,60,0,0,80,28,108,5,25,107,31,168,8,236,244,412
05/16/2001,BFM,AL,ASO,CE,Federal Contract Tower,6,21,35,2,64,0,0,87,15,102,6,21,122,17,166,26,88,114,280
05/17/2001,BFM,AL,ASO,CE,Federal Contract Tower,9,22,2,5,38,1,2,118,46,167,10,24,120,51,205,24,228,252,457
05/18/2001,BFM,AL,ASO,CE,Federal Contract Tower,5,16,34,4,59,0,0,70,24,94,5,16,104,28,153,40,85,125,278
05/19/2001,BFM,AL,ASO,CE,Federal Contract Tower,5,5,10,3,23,0,0,33,7,40,5,5,43,10,63,14,0,14,77
05/20/2001,BFM,AL,ASO,CE,Federal Contract Tower,0,0,22,0,22,0,0,29,0,29,0,0,51,0,51,0,0,0,51
05/21/2001,BFM,AL,ASO,CE,Federal Contract Tower,5,19,15,4,43,0,3,44,27,74,5,22,59,31,117,24,138,162,279
05/22/2001,BFM,AL,ASO,CE,Federal Contract Tower,10,21,38,5,74,0,0,39,27,66,10,21,77,32,140,32,90,122,262
05/23/2001,BFM,AL,ASO,CE,Federal Contract Tower,8,20,42,2,72,0,5,102,34,141,8,25,144,36,213,30,142,172,385
05/24/2001,BFM,AL,ASO,CE,Federal Contract Tower,10,19,30,3,62,0,6,67,16,89,10,25,97,19,151,18,102,120,271
05/25/2001,BFM,AL,ASO,CE,Federal Contract Tower,9,16,29,14,68,0,4,58,16,78,9,20,87,30,146,32,82,114,260
05/26/2001,BFM,AL,ASO,CE,Federal Contract Tower,4,3,3,0,10,0,0,43,0,43,4,3,46,0,53,62,0,62,115
05/27/2001,BFM,AL,ASO,CE,Federal Contract Tower,0,0,12,0,12,0,0,38,2,40,0,0,50,2,52,14,0,14,66
05/28/2001,BFM,AL,ASO,CE,Federal Contract Tower,0,0,10,0,10,0,0,45,0,45,0,0,55,0,55,44,0,44,99
05/29/2001,BFM,AL,ASO,CE,Federal Contract Tower,4,23,21,0,48,1,5,49,13,68,5,28,70,13,116,32,30,62,178
05/30/2001,BFM,AL,ASO,CE,Federal Contract Tower,8,19,26,0,53,0,3,53,12,68,8,22,79,12,121,0,84,84,205
05/31/2001,BFM,AL,ASO,CE,Federal Contract Tower,6,21,34,8,69,0,3,42,15,60,6,24,76,23,129,42,2,44,173
06/01/2001,BFM,AL,ASO,CE,Federal Contract Tower,8,18,27,2,55,0,7,44,7,58,8,25,71,9,113,24,32,56,169
06/02/2001,BFM,AL,ASO,CE,Federal Contract Tower,4,3,12,0,19,0,0,40,0,40,4,3,52,0,59,30,0,30,89
06/03/2001,BFM,AL,ASO,CE,Federal Contract Tower,7,0,12,2,21,0,0,35,0,35,7,0,47,2,56,4,0,4,60
06/04/2001,BFM,AL,ASO,CE,Federal Contract Tower,5,19,22,5,51,0,2,56,29,87,5,21,78,34,138,20,68,88,226
06/05/2001,BFM,AL,ASO,CE,Federal Contract Tower,9,22,18,6,55,0,0,40,30,70,9,22,58,36,125,8,248,256,381
06/06/2001,BFM,AL,ASO,CE,Federal Contract Tower,6,22,19,3,50,0,3,39,20,62,6,25,58,23,112,0,212,212,324
06/07/2001,BFM,AL,ASO,CE,Federal Contract Tower,6,21,25,6,58,0,3,42,28,73,6,24,67,34,131,18,184,202,333
06/08/2001,BFM,AL,ASO,CE,Federal Contract Tower,8,16,24,2,50,0,3,49,22,74,8,19,73,24,124,34,86,120,244
06/09/2001,BFM,AL,ASO,CE,Federal Contract Tower,3,3,9,0,15,0,0,31,0,31,3,3,40,0,46,58,0,58,104
06/10/2001,BFM,AL,ASO,CE,Federal Contract Tower,2,0,8,0,10,0,0,20,0,20,2,0,28,0,30,18,0,18,48
06/11/2001,BFM,AL,ASO,CE,Federal Contract Tower,4,12,5,0,21,0,5,7,10,22,4,17,12,10,43,0,0,0,43
06/12/2001,BFM,AL,ASO,CE,Federal Contract Tower,10,22,23,0,55,0,1,48,6,55,10,23,71,6,110,8,92,100,210
06/13/2001,BFM,AL,ASO,CE,Federal Contract Tower,11,17,31,5,64,0,2,46,23,71,11,19,77,28,135,0,106,106,241
06/14/2001,BFM,AL,ASO,CE,Federal Contract Tower,9,23,20,3,55,0,2,47,37,86,9,25,67,40,141,0,70,70,211
06/15/2001,BFM,AL,ASO,CE,Federal Contract Tower,5,21,19,12,57,0,0,71,20,91,5,21,90,32,148,16,112,128,276
06/16/2001,BFM,AL,ASO,CE,Federal Contract Tower,6,3,15,0,24,0,0,66,0,66,6,3,81,0,90,36,0,36,126
06/17/2001,BFM,AL,ASO,CE,Federal Contract Tower,1,0,1,0,2,0,0,57,0,57,1,0,58,0,59,0,0,0,59
06/18/2001,BFM,AL,ASO,CE,Federal Contract Tower,3,24,19,6,52,0,2,69,28,99,3,26,88,34,151,28,160,188,339
06/19/2001,BFM,AL,ASO,CE,Federal Contract Tower,13,24,17,2,56,0,2,45,25,72,13,26,62,27,128,68,92,160,288
06/20/2001,BFM,AL,ASO,CE,Federal Contract Tower,6,23,23,6,58,0,3,60,22,85,6,26,83,28,143,32,114,146,289
06/21/2001,BFM,AL,ASO,CE,Federal Contract Tower,6,27,41,0,74,0,0,54,12,66,6,27,95,12,140,14,30,44,184
06/22/2001,BFM,AL,ASO,CE,Federal Contract Tower,5,24,28,0,57,0,0,59,2,61,5,24,87,2,118,20,64,84,202
06/23/2001,BFM,AL,ASO,CE,Federal Contract Tower,3,5,10,2,20,0,0,59,4,63,3,5,69,6,83,42,0,42,125
06/24/2001,BFM,AL,ASO,CE,Federal Contract Tower,1,2,14,0,17,0,0,69,0,69,1,2,83,0,86,2,0,2,88
06/25/2001,BFM,AL,ASO,CE,Federal Contract Tower,4,19,18,3,44,0,3,59,43,105,4,22,77,46,149,26,246,272,421
06/26/2001,BFM,AL,ASO,CE,Federal Contract Tower,6,22,15,6,49,0,4,65,38,107,6,26,80,44,156,22,264,286,442
06/27/2001,BFM,AL,ASO,CE,Federal Contract Tower,7,22,37,4,70,0,4,62,27,93,7,26,99,31,163,26,190,216,379
06/28/2001,BFM,AL,ASO,CE,Federal Contract Tower,7,22,23,0,52,0,1,69,25,95,7,23,92,25,147,14,214,228,375
06/29/2001,BFM,AL,ASO,CE,Federal Contract Tower,9,19,14,0,42,0,3,63,14,80,9,22,77,14,122,16,152,168,290
06/30/2001,BFM,AL,ASO,CE,Federal Contract Tower,11,2,13,0,26,0,0,40,0,40,11,2,53,0,66,24,0,24,90
07/01/2001,BFM,AL,ASO,CE,Federal Contract Tower,1,0,10,0,11,0,0,40,2,42,1,0,50,2,53,0,0,0,53
07/02/2001,BFM,AL,ASO,CE,Federal Contract Tower,4,16,24,2,46,0,2,60,32,94,4,18,84,34,140,6,170,176,316
07/03/2001,BFM,AL,ASO,CE,Federal Contract Tower,6,25,17,5,53,0,0,44,3,47,6,25,61,8,100,46,22,68,168
07/04/2001,BFM,AL,ASO,CE,Federal Contract Tower,0,2,11,0,13,0,0,49,5,54,0,2,60,5,67,12,0,12,79
07/05/2001,BFM,AL,ASO,CE,Federal Contract Tower,6,20,27,6,59,0,2,64,16,82,6,22,91,22,141,36,136,172,313
07/06/2001,BFM,AL,ASO,CE,Federal Contract Tower,9,20,24,10,63,4,4,52,30,90,13,24,76,40,153,8,116,124,277
07/07/2001,BFM,AL,ASO,CE,Federal Contract Tower,8,2,10,0,20,12,0,74,3,89,20,2,84,3,109,22,0,22,131
07/08/2001,BFM,AL,ASO,CE,Federal Contract Tower,0,0,11,0,11,6,0,42,0,48,6,0,53,0,59,4,0,4,63
07/09/2001,BFM,AL,ASO,CE,Federal Contract Tower,4,19,23,1,47,0,4,61,28,93,4,23,84,29,140,10,22,32,172
07/10/2001,BFM,AL,ASO,CE,Federal Contract Tower,7,16,19,3,45,0,4,71,25,100,7,20,90,28,145,38,128,166,311
07/11/2001,BFM,AL,ASO,CE,Federal Contract Tower,7,20,35,2,64,0,2,52,5,59,7,22,87,7,123,12,184,196,319
07/12/2001,BFM,AL,ASO,CE,Federal Contract Tower,6,21,40,0,67,0,0,37,6,43,6,21,77,6,110,16,0,16,126
07/13/2001,BFM,AL,ASO,CE,Federal Contract Tower,9,16,20,10,55,0,3,78,12,93,9,19,98,22,148,38,138,176,324
07/14/2001,BFM,AL,ASO,CE,Federal Contract Tower,6,3,10,0,19,0,0,43,0,43,6,3,53,0,62,10,18,28,90
07/15/2001,BFM,AL,ASO,CE,Federal Contract Tower,2,1,9,1,13,0,0,49,4,53,2,1,58,5,66,4,6,10,76
07/16/2001,BFM,AL,ASO,CE,Federal Contract Tower,3,20,33,1,57,0,3,44,23,70,3,23,77,24,127,0,158,158,285
07/17/2001,BFM,AL,ASO,CE,Federal Contract Tower,12,19,31,21,83,0,5,74,22,101,12,24,105,43,184,8,134,142,326
07/18/2001,BFM,AL,ASO,CE,Federal Contract Tower,7,19,28,5,59,0,4,61,14,79,7,23,89,19,138,52,220,272,410
07/19/2001,BFM,AL,ASO,CE,Federal Contract Tower,6,19,33,12,70,0,4,75,9,88,6,23,108,21,158,22,162,184,342
07/20/2001,BFM,AL,ASO,CE,Federal Contract Tower,5,18,27,17,67,0,2,91,26,119,5,20,118,43,186,26,212,238,424
07/21/2001,BFM,AL,ASO,CE,Federal Contract Tower,10,3,10,2,25,0,0,29,1,30,10,3,39,3,55,8,0,8,63
07/22/2001,BFM,AL,ASO,CE,Federal Contract Tower,4,0,17,1,22,0,0,63,4,67,4,0,80,5,89,26,8,34,123
07/23/2001,BFM,AL,ASO,CE,Federal Contract Tower,6,20,24,10,60,0,2,52,25,79,6,22,76,35,139,22,308,330,469
07/24/2001,BFM,AL,ASO,CE,Federal Contract Tower,7,25,23,6,61,0,1,67,11,79,7,26,90,17,140,14,176,190,330
07/25/2001,BFM,AL,ASO,CE,Federal Contract Tower,9,26,28,2,65,0,0,28,8,36,9,26,56,10,101,0,62,62,163
07/26/2001,BFM,AL,ASO,CE,Federal Contract Tower,12,25,17,0,54,0,0,39,8,47,12,25,56,8,101,12,44,56,157
07/27/2001,BFM,AL,ASO,CE,Federal Contract Tower,5,27,27,1,60,0,2,54,13,69,5,29,81,14,129,20,108,128,257
07/28/2001,BFM,AL,ASO,CE,Federal Contract Tower,4,1,19,1,25,0,0,33,0,33,4,1,52,1,58,6,0,6,64
07/29/2001,BFM,AL,ASO,CE,Federal Contract Tower,3,1,10,0,14,0,0,48,3,51,3,1,58,3,65,2,0,2,67
07/30/2001,BFM,AL,ASO,CE,Federal Contract Tower,3,23,31,17,74,0,4,50,25,79,3,27,81,42,153,14,212,226,379
07/31/2001,BFM,AL,ASO,CE,Federal Contract Tower,8,18,40,0,66,0,2,46,8,56,8,20,86,8,122,6,76,82,204
08/01/2001,BFM,AL,ASO,CE,Federal Contract Tower,8,22,41,19,90,0,0,60,46,106,8,22,101,65,196,14,146,160,356
08/02/2001,BFM,AL,ASO,CE,Federal Contract Tower,8,23,41,7,79,0,0,85,23,108,8,23,126,30,187,16,138,154,341
08/03/2001,BFM,AL,ASO,CE,Federal Contract Tower,5,23,23,10,61,0,3,78,22,103,5,26,101,32,164,40,212,252,416
08/04/2001,BFM,AL,ASO,CE,Federal Contract Tower,8,3,11,0,22,0,2,53,0,55,8,5,64,0,77,10,0,10,87
08/05/2001,BFM,AL,ASO,CE,Federal Contract Tower,7,2,5,0,14,0,0,20,0,20,7,2,25,0,34,4,0,4,38
08/06/2001,BFM,AL,ASO,CE,Federal Contract Tower,4,17,10,1,32,0,10,37,16,63,4,27,47,17,95,14,166,180,275
08/07/2001,BFM,AL,ASO,CE,Federal Contract Tower,7,26,35,5,73,0,2,51,26,79,7,28,86,31,152,14,104,118,270
08/08/2001,BFM,AL,ASO,CE,Federal Contract Tower,6,23,27,3,59,0,15,36,20,71,6,38,63,23,130,14,192,206,336
08/09/2001,BFM,AL,ASO,CE,Federal Contract Tower,6,20,29,6,61,0,26,44,29,99,6,46,73,35,160,44,120,164,324
08/10/2001,BFM,AL,ASO,CE,Federal Contract Tower,5,16,30,2,53,0,11,25,12,48,5,27,55,14,101,0,44,44,145
08/11/2001,BFM,AL,ASO,CE,Federal Contract Tower,2,4,8,0,14,0,8,6,0,14,2,12,14,0,28,0,0,0,28
08/12/2001,BFM,AL,ASO,CE,Federal Contract Tower,6,0,8,0,14,0,2,23,0,25,6,2,31,0,39,0,0,0,39
08/13/2001,BFM,AL,ASO,CE,Federal Contract Tower,8,20,12,5,45,0,6,38,23,67,8,26,50,28,112,0,228,228,340
08/14/2001,BFM,AL,ASO,CE,Federal Contract Tower,15,21,26,2,64,0,7,43,8,58,15,28,69,10,122,16,100,116,238
08/15/2001,BFM,AL,ASO,CE,Federal Contract Tower,11,22,25,18,76,1,17,63,18,99,12,39,88,36,175,8,206,214,389
08/16/2001,BFM,AL,ASO,CE,Federal Contract Tower,6,19,27,1,53,0,15,78,27,120,6,34,105,28,173,10,84,94,267
08/17/2001,BFM,AL,ASO,CE,Federal Contract Tower,5,16,47,8,76,0,15,34,20,69,5,31,81,28,145,26,144,170,315
08/18/2001,BFM,AL,ASO,CE,Federal Contract Tower,3,4,27,21,55,0,2,31,22,55,3,6,58,43,110,16,0,16,126
08/19/2001,BFM,AL,ASO,CE,Federal Contract Tower,0,0,25,4,29,0,14,23,1,38,0,14,48,5,67,0,0,0,67
08/20/2001,BFM,AL,ASO,CE,Federal Contract Tower,3,19,19,12,53,0,6,45,27,78,3,25,64,39,131,16,162,178,309
08/21/2001,BFM,AL,ASO,CE,Federal Contract Tower,6,17,26,24,73,0,8,109,28,145,6,25,135,52,218,28,300,328,546
08/22/2001,BFM,AL,ASO,CE,Federal Contract Tower,6,18,31,13,68,0,18,65,23,106,6,36,96,36,174,14,246,260,434
08/23/2001,BFM,AL,ASO,CE,Federal Contract Tower,6,19,20,29,74,0,10,46,59,115,6,29,66,88,189,26,210,236,425
08/24/2001,BFM,AL,ASO,CE,Federal Contract Tower,7,15,25,3,50,0,3,68,17,88,7,18,93,20,138,44,134,178,316
08/25/2001,BFM,AL,ASO,CE,Federal Contract Tower,2,4,8,2,16,0,0,34,4,38,2,4,42,6,54,8,0,8,62
08/26/2001,BFM,AL,ASO,CE,Federal Contract Tower,0,0,21,0,21,0,7,41,1,49,0,7,62,1,70,22,0,22,92
08/27/2001,BFM,AL,ASO,CE,Federal Contract Tower,3,16,23,6,48,0,7,51,16,74,3,23,74,22,122,18,176,194,316
08/28/2001,BFM,AL,ASO,CE,Federal Contract Tower,9,14,20,9,52,0,5,54,17,76,9,19,74,26,128,20,80,100,228
08/29/2001,BFM,AL,ASO,CE,Federal Contract Tower,6,21,30,15,72,0,11,61,32,104,6,32,91,47,176,18,128,146,322
08/30/2001,BFM,AL,ASO,CE,Federal Contract Tower,8,20,20,16,64,0,10,62,10,82,8,30,82,26,146,24,212,236,382
08/31/2001,BFM,AL,ASO,CE,Federal Contract Tower,9,14,30,7,60,0,12,71,6,89,9,26,101,13,149,56,52,108,257
09/01/2001,BFM,AL,ASO,CE,Federal Contract Tower,5,3,9,4,21,0,25,24,0,49,5,28,33,4,70,22,0,22,92
09/02/2001,BFM,AL,ASO,CE,Federal Contract Tower,0,0,3,0,3,0,16,23,0,39,0,16,26,0,42,16,0,16,58
09/03/2001,BFM,AL,ASO,CE,Federal Contract Tower,2,2,15,0,19,0,6,21,0,27,2,8,36,0,46,0,0,0,46
09/04/2001,BFM,AL,ASO,CE,Federal Contract Tower,6,21,22,13,62,0,11,40,25,76,6,32,62,38,138,6,188,194,332
09/05/2001,BFM,AL,ASO,CE,Federal Contract Tower,7,19,25,3,54,0,14,75,30,119,7,33,100,33,173,14,392,406,579
09/06/2001,BFM,AL,ASO,CE,Federal Contract Tower,7,16,24,2,49,0,22,79,45,146,7,38,103,47,195,32,338,370,565
09/07/2001,BFM,AL,ASO,CE,Federal Contract Tower,6,12,29,12,59,0,12,64,20,96,6,24,93,32,155,26,78,104,259
09/08/2001,BFM,AL,ASO,CE,Federal Contract Tower,4,3,8,0,15,0,11,12,0,23,4,14,20,0,38,0,0,0,38
09/09/2001,BFM,AL,ASO,CE,Federal Contract Tower,0,0,8,0,8,0,11,31,0,42,0,11,39,0,50,28,0,28,78
09/10/2001,BFM,AL,ASO,CE,Federal Contract Tower,3,17,11,5,36,1,9,57,34,101,4,26,68,39,137,6,306,312,449
09/11/2001,BFM,AL,ASO,CE,Federal Contract Tower,4,3,5,1,13,0,0,1,0,1,4,3,6,1,14,0,0,0,14
09/12/2001,BFM,AL,ASO,CE,Federal Contract Tower,0,0,3,0,3,0,2,1,0,3,0,2,4,0,6,0,0,0,6
09/13/2001,BFM,AL,ASO,CE,Federal Contract Tower,1,29,2,0,32,0,0,0,6,6,1,29,2,6,38,0,30,30,68
09/14/2001,BFM,AL,ASO,CE,Federal Contract Tower,8,22,7,20,57,0,10,0,26,36,8,32,7,46,93,0,22,22,115
09/15/2001,BFM,AL,ASO,CE,Federal Contract Tower,7,3,21,0,31,0,14,0,0,14,7,17,21,0,45,0,14,14,59
09/16/2001,BFM,AL,ASO,CE,Federal Contract Tower,0,1,20,2,23,0,2,0,0,2,0,3,20,2,25,0,0,0,25
09/17/2001,BFM,AL,ASO,CE,Federal Contract Tower,4,23,25,7,59,0,3,1,19,23,4,26,26,26,82,0,304,304,386
09/18/2001,BFM,AL,ASO,CE,Federal Contract Tower,7,25,31,15,78,0,6,2,43,51,7,31,33,58,129,0,258,258,387
09/19/2001,BFM,AL,ASO,CE,Federal Contract Tower,6,23,36,4,69,0,9,7,19,35,6,32,43,23,104,0,188,188,292
09/20/2001,BFM,AL,ASO,CE,Federal Contract Tower,9,32,26,7,74,0,15,15,21,51,9,47,41,28,125,0,176,176,301
09/21/2001,BFM,AL,ASO,CE,Federal Contract Tower,11,14,29,2,56,10,19,36,22,87,21,33,65,24,143,0,238,238,381
09/22/2001,BFM,AL,ASO,CE,Federal Contract Tower,5,3,9,0,17,0,0,21,0,21,5,3,30,0,38,6,0,6,44
09/23/2001,BFM,AL,ASO,CE,Federal Contract Tower,2,0,5,2,9,0,9,36,2,47,2,9,41,4,56,4,0,4,60
09/24/2001,BFM,AL,ASO,CE,Federal Contract Tower,7,19,17,17,60,0,8,12,15,35,7,27,29,32,95,8,28,36,131
09/25/2001,BFM,AL,ASO,CE,Federal Contract Tower,6,24,31,4,65,0,9,67,36,112,6,33,98,40,177,26,24,50,227
09/26/2001,BFM,AL,ASO,CE,Federal Contract Tower,7,22,23,15,67,0,9,82,43,134,7,31,105,58,201,30,118,148,349
09/27/2001,BFM,AL,ASO,CE,Federal Contract Tower,6,19,29,8,62,0,4,51,44,99,6,23,80,52,161,6,184,190,351
09/28/2001,BFM,AL,ASO,CE,Federal Contract Tower,6,16,28,10,60,0,22,71,21,114,6,38,99,31,174,18,94,112,286
09/29/2001,BFM,AL,ASO,CE,Federal Contract Tower,5,3,9,0,17,0,5,57,3,65,5,8,66,3,82,6,4,10,92
09/30/2001,BFM,AL,ASO,CE,Federal Contract Tower,1,0,14,0,15,0,0,48,0,48,1,0,62,0,63,2,0,2,65
10/01/2001,BFM,AL,ASO,CE,Federal Contract Tower,5,18,24,3,50,0,7,37,31,75,5,25,61,34,125,14,296,310,435
10/02/2001,BFM,AL,ASO,CE,Federal Contract Tower,8,19,27,4,58,0,4,61,45,110,8,23,88,49,168,12,398,410,578
10/03/2001,BFM,AL,ASO,CE,Federal Contract Tower,8,22,14,3,47,0,12,49,21,82,8,34,63,24,129,48,258,306,435
10/04/2001,BFM,AL,ASO,CE,Federal Contract Tower,7,27,33,1,68,7,13,57,23,100,14,40,90,24,168,22,302,324,492
10/05/2001,BFM,AL,ASO,CE,Federal Contract Tower,17,15,25,1,58,1,11,80,39,131,18,26,105,40,189,8,180,188,377
10/06/2001,BFM,AL,ASO,CE,Federal Contract Tower,5,4,29,0,38,0,3,8,0,11,5,7,37,0,49,0,0,0,49
10/07/2001,BFM,AL,ASO,CE,Federal Contract Tower,0,0,18,0,18,0,4,46,2,52,0,4,64,2,70,22,0,22,92
10/08/2001,BFM,AL,ASO,CE,Federal Contract Tower,4,13,14,0,31,0,3,73,6,82,4,16,87,6,113,12,82,94,207
10/09/2001,BFM,AL,ASO,CE,Federal Contract Tower,6,24,47,3,80,0,8,68,28,104,6,32,115,31,184,0,182,182,366
10/10/2001,BFM,AL,ASO,CE,Federal Contract Tower,6,22,146,0,174,0,12,88,8,108,6,34,234,8,282,2,12,14,296
10/11/2001,BFM,AL,ASO,CE,Federal Contract Tower,8,21,42,0,71,0,9,77,24,110,8,30,119,24,181,24,184,208,389
10/12/2001,BFM,AL,ASO,CE,Federal Contract Tower,10,18,46,0,74,0,10,33,18,61,10,28,79,18,135,20,104,124,259
10/13/2001,BFM,AL,ASO,CE,Federal Contract Tower,6,5,29,0,40,0,2,3,6,11,6,7,32,6,51,0,58,58,109
10/14/2001,BFM,AL,ASO,CE,Federal Contract Tower,1,0,125,0,126,0,12,77,4,93,1,12,202,4,219,8,0,8,227
10/15/2001,BFM,AL,ASO,CE,Federal Contract Tower,4,20,31,3,58,0,11,78,49,138,4,31,109,52,196,47,260,307,503
10/16/2001,BFM,AL,ASO,CE,Federal Contract Tower,5,21,17,6,49,0,3,45,40,88,5,24,62,46,137,54,130,184,321
10/17/2001,BFM,AL,ASO,CE,Federal Contract Tower,7,20,35,2,64,2,6,50,31,89,9,26,85,33,153,38,202,240,393
10/18/2001,BFM,AL,ASO,CE,Federal Contract Tower,7,20,33,8,68,0,16,77,21,114,7,36,110,29,182,48,160,208,390
10/19/2001,BFM,AL,ASO,CE,Federal Contract Tower,6,22,23,3,54,0,18,49,11,78,6,40,72,14,132,22,200,222,354
10/20/2001,BFM,AL,ASO,CE,Federal Contract Tower,9,4,21,4,38,0,6,36,0,42,9,10,57,4,80,12,0,12,92
10/21/2001,BFM,AL,ASO,CE,Federal Contract Tower,0,2,24,0,26,0,1,55,0,56,0,3,79,0,82,34,0,34,116
10/22/2001,BFM,AL,ASO,CE,Federal Contract Tower,2,19,11,6,38,0,6,60,40,106,2,25,71,46,144,24,170,194,338
10/23/2001,BFM,AL,ASO,CE,Federal Contract Tower,7,17,23,7,54,0,9,45,19,73,7,26,68,26,127,20,122,142,269
10/24/2001,BFM,AL,ASO,CE,Federal Contract Tower,7,20,49,4,80,0,2,41,16,59,7,22,90,20,139,6,46,52,191
10/25/2001,BFM,AL,ASO,CE,Federal Contract Tower,7,22,25,10,64,0,12,52,17,81,7,34,77,27,145,16,156,172,317
10/26/2001,BFM,AL,ASO,CE,Federal Contract Tower,6,18,31,6,61,0,17,49,18,84,6,35,80,24,145,22,38,60,205
10/27/2001,BFM,AL,ASO,CE,Federal Contract Tower,4,2,8,0,14,1,4,40,4,49,5,6,48,4,63,0,0,0,63
10/28/2001,BFM,AL,ASO,CE,Federal Contract Tower,1,0,12,2,15,0,0,43,0,43,1,0,55,2,58,12,0,12,70
10/29/2001,BFM,AL,ASO,CE,Federal Contract Tower,2,19,11,4,36,0,3,39,30,72,2,22,50,34,108,6,148,154,262
10/30/2001,BFM,AL,ASO,CE,Federal Contract Tower,6,22,21,14,63,0,9,41,19,69,6,31,62,33,132,18,164,182,314
10/31/2001,BFM,AL,ASO,CE,Federal Contract Tower,11,21,15,8,55,0,9,42,12,63,11,30,57,20,118,62,198,260,378
11/01/2001,BFM,AL,ASO,CE,Federal Contract Tower,7,21,28,2,58,0,18,55,20,93,7,39,83,22,151,28,206,234,385
11/02/2001,BFM,AL,ASO,CE,Federal Contract Tower,7,18,20,0,45,0,12,57,25,94,7,30,77,25,139,72,268,340,479
11/03/2001,BFM,AL,ASO,CE,Federal Contract Tower,4,3,8,2,17,0,7,40,2,49,4,10,48,4,66,14,96,110,176
11/04/2001,BFM,AL,ASO,CE,Federal Contract Tower,1,0,21,0,22,0,2,39,0,41,1,2,60,0,63,22,0,22,85
11/05/2001,BFM,AL,ASO,CE,Federal Contract Tower,5,20,26,5,56,0,5,57,29,91,5,25,83,34,147,34,308,342,489
11/06/2001,BFM,AL,ASO,CE,Federal Contract Tower,7,21,32,12,72,0,11,45,31,87,7,32,77,43,159,0,228,228,387
11/07/2001,BFM,AL,ASO,CE,Federal Contract Tower,12,21,21,5,59,7,21,49,11,88,19,42,70,16,147,4,26,30,177
11/08/2001,BFM,AL,ASO,CE,Federal Contract Tower,8,18,14,5,45,0,21,55,21,97,8,39,69,26,142,68,90,158,300
11/09/2001,BFM,AL,ASO,CE,Federal Contract Tower,10,18,17,4,49,6,8,73,24,111,16,26,90,28,160,36,196,232,392
11/10/2001,BFM,AL,ASO,CE,Federal Contract Tower,3,2,14,0,19,0,7,41,0,48,3,9,55,0,67,39,0,39,106
11/11/2001,BFM,AL,ASO,CE,Federal Contract Tower,2,1,13,0,16,0,2,49,12,63,2,3,62,12,79,42,0,42,121
11/12/2001,BFM,AL,ASO,CE,Federal Contract Tower,3,13,25,2,43,0,4,55,6,65,3,17,80,8,108,18,56,74,182
11/13/2001,BFM,AL,ASO,CE,Federal Contract Tower,6,19,21,10,56,0,7,40,17,64,6,26,61,27,120,54,126,180,300
11/14/2001,BFM,AL,ASO,CE,Federal Contract Tower,9,20,27,10,66,0,10,39,10,59,9,30,66,20,125,2,60,62,187
11/15/2001,BFM,AL,ASO,CE,Federal Contract Tower,7,16,51,7,81,0,14,65,32,111,7,30,116,39,192,52,118,170,362
11/16/2001,BFM,AL,ASO,CE,Federal Contract Tower,8,17,30,19,74,0,19,41,31,91,8,36,71,50,165,0,230,230,395
11/17/2001,BFM,AL,ASO,CE,Federal Contract Tower,3,1,7,0,11,0,3,38,0,41,3,4,45,0,52,12,32,44,96
11/18/2001,BFM,AL,ASO,CE,Federal Contract Tower,0,0,12,1,13,0,7,49,7,63,0,7,61,8,76,32,14,46,122
11/19/2001,BFM,AL,ASO,CE,Federal Contract Tower,2,25,26,3,56,0,8,32,12,52,2,33,58,15,108,24,292,316,424
11/20/2001,BFM,AL,ASO,CE,Federal Contract Tower,7,23,22,9,61,0,4,37,16,57,7,27,59,25,118,16,204,220,338
11/21/2001,BFM,AL,ASO,CE,Federal Contract Tower,8,18,31,2,59,0,11,69,11,91,8,29,100,13,150,32,206,238,388
11/22/2001,BFM,AL,ASO,CE,Federal Contract Tower,0,1,3,0,4,0,12,23,0,35,0,13,26,0,39,4,0,4,43
11/23/2001,BFM,AL,ASO,CE,Federal Contract Tower,9,17,12,0,38,0,10,22,2,34,9,27,34,2,72,0,116,116,188
11/24/2001,BFM,AL,ASO,CE,Federal Contract Tower,2,3,3,0,8,0,7,5,0,12,2,10,8,0,20,0,0,0,20
11/25/2001,BFM,AL,ASO,CE,Federal Contract Tower,2,2,28,2,34,0,2,42,0,44,2,4,70,2,78,34,22,56,134
11/26/2001,BFM,AL,ASO,CE,Federal Contract Tower,2,7,53,8,70,0,17,23,22,62,2,24,76,30,132,0,248,248,380
11/27/2001,BFM,AL,ASO,CE,Federal Contract Tower,8,20,27,4,59,0,5,47,21,73,8,25,74,25,132,8,242,250,382
11/28/2001,BFM,AL,ASO,CE,Federal Contract Tower,7,22,38,6,73,0,9,19,20,48,7,31,57,26,121,32,126,158,279
11/29/2001,BFM,AL,ASO,CE,Federal Contract Tower,10,17,20,3,50,0,14,9,5,28,10,31,29,8,78,0,98,98,176
11/30/2001,BFM,AL,ASO,CE,Federal Contract Tower,8,16,31,2,57,0,13,48,20,81,8,29,79,22,138,22,180,202,340
12/01/2001,BFM,AL,ASO,CE,Federal Contract Tower,4,8,9,3,24,0,0,46,5,51,4,8,55,8,75,32,0,32,107
12/02/2001,BFM,AL,ASO,CE,Federal Contract Tower,0,0,21,8,29,0,3,45,0,48,0,3,66,8,77,40,16,56,133
12/03/2001,BFM,AL,ASO,CE,Federal Contract Tower,2,16,31,20,69,0,4,65,18,87,2,20,96,38,156,12,102,114,270
12/04/2001,BFM,AL,ASO,CE,Federal Contract Tower,8,19,27,4,58,0,8,62,20,90,8,27,89,24,148,0,72,72,220
12/05/2001,BFM,AL,ASO,CE,Federal Contract Tower,10,20,23,6,59,0,4,50,17,71,10,24,73,23,130,14,154,168,298
12/06/2001,BFM,AL,ASO,CE,Federal Contract Tower,6,18,28,5,57,0,9,55,33,97,6,27,83,38,154,20,62,82,236
12/07/2001,BFM,AL,ASO,CE,Federal Contract Tower,11,21,22,1,55,0,2,48,19,69,11,23,70,20,124,0,0,0,124
12/08/2001,BFM,AL,ASO,CE,Federal Contract Tower,6,4,6,0,16,0,2,38,4,44,6,6,44,4,60,0,10,10,70
12/09/2001,BFM,AL,ASO,CE,Federal Contract Tower,0,1,20,0,21,0,3,43,0,46,0,4,63,0,67,42,0,42,109
12/10/2001,BFM,AL,ASO,CE,Federal Contract Tower,5,17,49,16,87,0,0,3,3,6,5,17,52,19,93,0,0,0,93
12/11/2001,BFM,AL,ASO,CE,Federal Contract Tower,14,21,44,10,89,1,2,19,24,46,15,23,63,34,135,0,34,34,169
12/12/2001,BFM,AL,ASO,CE,Federal Contract Tower,9,18,49,5,81,0,6,8,7,21,9,24,57,12,102,0,10,10,112
12/13/2001,BFM,AL,ASO,CE,Federal Contract Tower,8,28,25,0,61,2,4,6,21,33,10,32,31,21,94,2,10,12,106
12/14/2001,BFM,AL,ASO,CE,Federal Contract Tower,11,18,40,2,71,0,4,65,22,91,11,22,105,24,162,2,86,88,250
12/15/2001,BFM,AL,ASO,CE,Federal Contract Tower,3,8,30,2,43,0,0,52,2,54,3,8,82,4,97,20,12,32,129
12/16/2001,BFM,AL,ASO,CE,Federal Contract Tower,5,0,27,0,32,0,8,19,0,27,5,8,46,0,59,0,4,4,63
12/17/2001,BFM,AL,ASO,CE,Federal Contract Tower,3,15,24,2,44,0,2,29,16,47,3,17,53,18,91,24,104,128,219
12/18/2001,BFM,AL,ASO,CE,Federal Contract Tower,11,21,47,2,81,0,1,82,21,104,11,22,129,23,185,38,52,90,275
12/19/2001,BFM,AL,ASO,CE,Federal Contract Tower,10,13,33,8,64,0,4,62,22,88,10,17,95,30,152,6,128,134,286
12/20/2001,BFM,AL,ASO,CE,Federal Contract Tower,9,19,42,4,74,0,12,58,13,83,9,31,100,17,157,42,100,142,299
12/21/2001,BFM,AL,ASO,CE,Federal Contract Tower,10,19,31,16,76,0,5,50,7,62,10,24,81,23,138,30,40,70,208
12/22/2001,BFM,AL,ASO,CE,Federal Contract Tower,5,4,20,0,29,0,1,30,0,31,5,5,50,0,60,2,0,2,62
12/23/2001,BFM,AL,ASO,CE,Federal Contract Tower,0,0,18,0,18,0,4,10,0,14,0,4,28,0,32,0,0,0,32
12/24/2001,BFM,AL,ASO,CE,Federal Contract Tower,2,12,3,0,17,0,4,36,0,40,2,16,39,0,57,0,0,0,57
12/25/2001,BFM,AL,ASO,CE,Federal Contract Tower,0,0,3,0,3,0,4,27,0,31,0,4,30,0,34,0,0,0,34
12/26/2001,BFM,AL,ASO,CE,Federal Contract Tower,5,12,15,0,32,0,11,23,0,34,5,23,38,0,66,0,0,0,66
12/27/2001,BFM,AL,ASO,CE,Federal Contract Tower,8,23,14,4,49,0,11,73,4,88,8,34,87,8,137,84,72,156,293
12/28/2001,BFM,AL,ASO,CE,Federal Contract Tower,6,15,22,2,45,0,14,35,12,61,6,29,57,14,106,8,92,100,206
12/29/2001,BFM,AL,ASO,CE,Federal Contract Tower,6,3,14,0,23,0,3,45,4,52,6,6,59,4,75,36,100,136,211
12/30/2001,BFM,AL,ASO,CE,Federal Contract Tower,0,0,7,0,7,0,4,54,0,58,0,4,61,0,65,48,0,48,113
12/31/2001,BFM,AL,ASO,CE,Federal Contract Tower,3,12,4,0,19,0,6,30,2,38,3,18,34,2,57,28,80,108,165
01/01/2002,BFM,AL,ASO,CE,Federal Contract Tower,0,0,9,0,9,0,3,16,0,19,0,3,25,0,28,0,0,0,28
01/02/2002,BFM,AL,ASO,CE,Federal Contract Tower,7,16,14,0,37,0,11,12,2,25,7,27,26,2,62,0,18,18,80
01/03/2002,BFM,AL,ASO,CE,Federal Contract Tower,8,18,25,1,52,1,19,31,11,62,9,37,56,12,114,0,74,74,188
01/04/2002,BFM,AL,ASO,CE,Federal Contract Tower,7,15,22,3,47,0,11,44,13,68,7,26,66,16,115,14,154,168,283
01/05/2002,BFM,AL,ASO,CE,Federal Contract Tower,2,4,4,0,10,0,6,20,0,26,2,10,24,0,36,2,30,32,68
01/06/2002,BFM,AL,ASO,CE,Federal Contract Tower,4,0,5,0,9,0,6,22,0,28,4,6,27,0,37,4,0,4,41
01/07/2002,BFM,AL,ASO,CE,Federal Contract Tower,7,17,36,2,62,0,8,40,18,66,7,25,76,20,128,20,104,124,252
01/08/2002,BFM,AL,ASO,CE,Federal Contract Tower,8,25,14,2,49,0,11,47,44,102,8,36,61,46,151,74,58,132,283
01/09/2002,BFM,AL,ASO,CE,Federal Contract Tower,6,17,23,2,48,0,16,47,25,88,6,33,70,27,136,14,76,90,226
01/10/2002,BFM,AL,ASO,CE,Federal Contract Tower,6,20,39,3,68,0,11,69,31,111,6,31,108,34,179,14,106,120,299
01/11/2002,BFM,AL,ASO,CE,Federal Contract Tower,8,16,26,3,53,0,11,54,18,83,8,27,80,21,136,0,64,64,200
01/12/2002,BFM,AL,ASO,CE,Federal Contract Tower,3,5,22,4,34,0,13,11,2,26,3,18,33,6,60,6,0,6,66
01/13/2002,BFM,AL,ASO,CE,Federal Contract Tower,2,0,8,3,13,0,10,66,5,81,2,10,74,8,94,6,0,6,100
01/14/2002,BFM,AL,ASO,CE,Federal Contract Tower,2,15,23,4,44,0,11,4,0,15,2,26,27,4,59,0,4,4,63
01/15/2002,BFM,AL,ASO,CE,Federal Contract Tower,9,20,43,4,76,0,15,52,28,95,9,35,95,32,171,30,156,186,357
01/16/2002,BFM,AL,ASO,CE,Federal Contract Tower,10,26,33,5,74,0,6,37,23,66,10,32,70,28,140,6,92,98,238
01/17/2002,BFM,AL,ASO,CE,Federal Contract Tower,6,20,13,9,48,0,10,56,28,94,6,30,69,37,142,26,74,100,242
01/18/2002,BFM,AL,ASO,CE,Federal Contract Tower,8,15,34,4,61,0,10,46,3,59,8,25,80,7,120,36,58,94,214
01/19/2002,BFM,AL,ASO,CE,Federal Contract Tower,6,3,11,0,20,0,1,15,0,16,6,4,26,0,36,6,0,6,42
01/20/2002,BFM,AL,ASO,CE,Federal Contract Tower,0,0,18,0,18,0,3,30,0,33,0,3,48,0,51,42,0,42,93
01/21/2002,BFM,AL,ASO,CE,Federal Contract Tower,3,6,33,2,44,0,3,61,1,65,3,9,94,3,109,32,0,32,141
01/22/2002,BFM,AL,ASO,CE,Federal Contract Tower,6,24,20,2,52,0,10,40,8,58,6,34,60,10,110,26,58,84,194
01/23/2002,BFM,AL,ASO,CE,Federal Contract Tower,11,32,43,2,88,0,8,17,10,35,11,40,60,12,123,12,32,44,167
01/24/2002,BFM,AL,ASO,CE,Federal Contract Tower,8,28,26,2,64,0,2,19,32,53,8,30,45,34,117,0,10,10,127
01/25/2002,BFM,AL,ASO,CE,Federal Contract Tower,8,22,44,1,75,0,6,49,24,79,8,28,93,25,154,32,232,264,418
01/26/2002,BFM,AL,ASO,CE,Federal Contract Tower,3,3,21,0,27,0,3,75,6,84,3,6,96,6,111,58,34,92,203
01/27/2002,BFM,AL,ASO,CE,Federal Contract Tower,1,1,16,0,18,0,1,15,6,22,1,2,31,6,40,0,16,16,56
01/28/2002,BFM,AL,ASO,CE,Federal Contract Tower,3,19,28,6,56,0,5,16,15,36,3,24,44,21,92,40,78,118,210
01/29/2002,BFM,AL,ASO,CE,Federal Contract Tower,13,17,22,12,64,0,12,23,22,57,13,29,45,34,121,44,66,110,231
01/30/2002,BFM,AL,ASO,CE,Federal Contract Tower,11,19,25,7,62,0,13,54,7,74,11,32,79,14,136,12,118,130,266
01/31/2002,BFM,AL,ASO,CE,Federal Contract Tower,6,29,30,10,75,2,13,13,8,36,8,42,43,18,111,0,54,54,165
02/01/2002,BFM,AL,ASO,CE,Federal Contract Tower,8,36,25,12,81,0,16,36,12,64,8,52,61,24,145,14,170,184,329
02/02/2002,BFM,AL,ASO,CE,Federal Contract Tower,4,2,17,4,27,0,14,74,8,96,4,16,91,12,123,10,2,12,135
02/03/2002,BFM,AL,ASO,CE,Federal Contract Tower,1,0,7,0,8,0,2,35,0,37,1,2,42,0,45,6,0,6,51
02/04/2002,BFM,AL,ASO,CE,Federal Contract Tower,10,18,12,1,41,0,2,58,47,107,10,20,70,48,148,20,250,270,418
02/05/2002,BFM,AL,ASO,CE,Federal Contract Tower,8,19,33,4,64,0,5,23,13,41,8,24,56,17,105,10,152,162,267
02/06/2002,BFM,AL,ASO,CE,Federal Contract Tower,6,33,27,0,66,0,4,4,0,8,6,37,31,0,74,0,0,0,74
02/07/2002,BFM,AL,ASO,CE,Federal Contract Tower,8,17,34,16,75,0,5,26,21,52,8,22,60,37,127,4,66,70,197
02/08/2002,BFM,AL,ASO,CE,Federal Contract Tower,7,18,33,7,65,0,7,90,19,116,7,25,123,26,181,10,110,120,301
02/09/2002,BFM,AL,ASO,CE,Federal Contract Tower,3,5,16,0,24,0,4,41,0,45,3,9,57,0,69,10,0,10,79
02/10/2002,BFM,AL,ASO,CE,Federal Contract Tower,0,0,7,3,10,0,8,49,0,57,0,8,56,3,67,12,68,80,147
02/11/2002,BFM,AL,ASO,CE,Federal Contract Tower,5,16,19,12,52,0,0,37,43,80,5,16,56,55,132,18,112,130,262
02/12/2002,BFM,AL,ASO,CE,Federal Contract Tower,7,19,25,8,59,0,15,34,4,53,7,34,59,12,112,12,102,114,226
02/13/2002,BFM,AL,ASO,CE,Federal Contract Tower,7,19,20,6,52,0,23,32,22,77,7,42,52,28,129,0,56,56,185
02/14/2002,BFM,AL,ASO,CE,Federal Contract Tower,12,23,18,8,61,2,13,69,33,117,14,36,87,41,178,16,84,100,278
02/15/2002,BFM,AL,ASO,CE,Federal Contract Tower,12,15,12,0,39,0,10,53,10,73,12,25,65,10,112,34,70,104,216
02/16/2002,BFM,AL,ASO,CE,Federal Contract Tower,3,2,36,0,41,0,7,41,2,50,3,9,77,2,91,40,0,40,131
02/17/2002,BFM,AL,ASO,CE,Federal Contract Tower,0,0,17,0,17,0,5,42,0,47,0,5,59,0,64,38,0,38,102
02/18/2002,BFM,AL,ASO,CE,Federal Contract Tower,3,13,23,0,39,0,4,48,5,57,3,17,71,5,96,34,134,168,264
02/19/2002,BFM,AL,ASO,CE,Federal Contract Tower,8,15,15,8,46,0,17,21,26,64,8,32,36,34,110,0,222,222,332
02/20/2002,BFM,AL,ASO,CE,Federal Contract Tower,8,18,20,4,50,0,27,49,32,108,8,45,69,36,158,2,374,376,534
02/21/2002,BFM,AL,ASO,CE,Federal Contract Tower,6,17,22,0,45,0,12,53,29,94,6,29,75,29,139,8,234,242,381
02/22/2002,BFM,AL,ASO,CE,Federal Contract Tower,6,13,24,10,53,0,11,58,39,108,6,24,82,49,161,22,44,66,227
02/23/2002,BFM,AL,ASO,CE,Federal Contract Tower,8,3,11,5,27,6,3,30,20,59,14,6,41,25,86,42,26,68,154
02/24/2002,BFM,AL,ASO,CE,Federal Contract Tower,0,0,8,0,8,0,8,41,2,51,0,8,49,2,59,8,10,18,77
02/25/2002,BFM,AL,ASO,CE,Federal Contract Tower,6,16,33,2,57,0,11,31,15,57,6,27,64,17,114,8,100,108,222
02/26/2002,BFM,AL,ASO,CE,Federal Contract Tower,17,20,33,2,72,0,7,22,26,55,17,27,55,28,127,0,184,184,311
02/27/2002,BFM,AL,ASO,CE,Federal Contract Tower,10,20,38,14,82,0,18,37,23,78,10,38,75,37,160,2,168,170,330
02/28/2002,BFM,AL,ASO,CE,Federal Contract Tower,10,12,41,5,68,0,20,55,9,84,10,32,96,14,152,12,264,276,428
03/01/2002,BFM,AL,ASO,CE,Federal Contract Tower,8,15,29,1,53,0,16,36,20,72,8,31,65,21,125,10,210,220,345
03/02/2002,BFM,AL,ASO,CE,Federal Contract Tower,10,3,10,0,23,0,1,18,0,19,10,4,28,0,42,50,0,50,92
03/03/2002,BFM,AL,ASO,CE,Federal Contract Tower,2,2,9,2,15,0,0,15,8,23,2,2,24,10,38,2,8,10,48
03/04/2002,BFM,AL,ASO,CE,Federal Contract Tower,3,17,22,24,66,0,11,36,26,73,3,28,58,50,139,18,182,200,339
03/05/2002,BFM,AL,ASO,CE,Federal Contract Tower,6,20,15,3,44,0,16,66,33,115,6,36,81,36,159,24,256,280,439
03/06/2002,BFM,AL,ASO,CE,Federal Contract Tower,6,21,14,5,46,2,18,66,17,103,8,39,80,22,149,18,146,164,313
03/07/2002,BFM,AL,ASO,CE,Federal Contract Tower,10,15,35,0,60,0,16,84,8,108,10,31,119,8,168,32,20,52,220
03/08/2002,BFM,AL,ASO,CE,Federal Contract Tower,5,13,23,4,45,0,12,66,22,100,5,25,89,26,145,22,72,94,239
03/09/2002,BFM,AL,ASO,CE,Federal Contract Tower,4,3,4,0,11,0,5,44,0,49,4,8,48,0,60,0,0,0,60
03/10/2002,BFM,AL,ASO,CE,Federal Contract Tower,0,0,27,0,27,0,4,48,2,54,0,4,75,2,81,10,0,10,91
03/11/2002,BFM,AL,ASO,CE,Federal Contract Tower,5,13,19,4,41,0,14,60,26,100,5,27,79,30,141,0,0,0,141
03/12/2002,BFM,AL,ASO,CE,Federal Contract Tower,11,21,13,2,47,1,8,8,2,19,12,29,21,4,66,0,0,0,66
03/13/2002,BFM,AL,ASO,CE,Federal Contract Tower,7,25,29,2,63,0,26,35,23,84,7,51,64,25,147,42,98,140,287
03/14/2002,BFM,AL,ASO,CE,Federal Contract Tower,8,19,22,5,54,0,11,53,29,93,8,30,75,34,147,44,264,308,455
03/15/2002,BFM,AL,ASO,CE,Federal Contract Tower,14,25,37,3,79,0,5,9,1,15,14,30,46,4,94,0,0,0,94
03/16/2002,BFM,AL,ASO,CE,Federal Contract Tower,6,3,24,0,33,0,0,0,0,0,6,3,24,0,33,0,0,0,33
03/17/2002,BFM,AL,ASO,CE,Federal Contract Tower,3,1,25,4,33,0,0,14,0,14,3,1,39,4,47,0,0,0,47
03/18/2002,BFM,AL,ASO,CE,Federal Contract Tower,5,14,27,0,46,0,11,35,4,50,5,25,62,4,96,66,122,188,284
03/19/2002,BFM,AL,ASO,CE,Federal Contract Tower,11,21,47,10,89,0,5,38,11,54,11,26,85,21,143,86,336,422,565
03/20/2002,BFM,AL,ASO,CE,Federal Contract Tower,12,19,46,13,90,0,7,8,1,16,12,26,54,14,106,6,70,76,182
03/21/2002,BFM,AL,ASO,CE,Federal Contract Tower,6,22,29,0,57,0,12,42,31,85,6,34,71,31,142,36,290,326,468
03/22/2002,BFM,AL,ASO,CE,Federal Contract Tower,7,17,42,4,70,0,7,61,22,90,7,24,103,26,160,46,168,214,374
03/23/2002,BFM,AL,ASO,CE,Federal Contract Tower,6,3,13,2,24,0,7,68,8,83,6,10,81,10,107,60,0,60,167
03/24/2002,BFM,AL,ASO,CE,Federal Contract Tower,2,0,14,0,16,4,4,45,2,55,6,4,59,2,71,26,10,36,107
03/25/2002,BFM,AL,ASO,CE,Federal Contract Tower,3,15,30,2,50,0,2,22,4,28,3,17,52,6,78,6,76,82,160
03/26/2002,BFM,AL,ASO,CE,Federal Contract Tower,7,24,21,2,54,0,8,35,8,51,7,32,56,10,105,0,94,94,199
03/27/2002,BFM,AL,ASO,CE,Federal Contract Tower,11,25,25,4,65,0,25,78,32,135,11,50,103,36,200,48,256,304,504
03/28/2002,BFM,AL,ASO,CE,Federal Contract Tower,10,12,17,3,42,0,10,70,23,103,10,22,87,26,145,6,388,394,539
03/29/2002,BFM,AL,ASO,CE,Federal Contract Tower,6,15,28,4,53,0,8,39,19,66,6,23,67,23,119,0,126,126,245
03/30/2002,BFM,AL,ASO,CE,Federal Contract Tower,4,3,11,0,18,0,6,26,0,32,4,9,37,0,50,28,0,28,78
03/31/2002,BFM,AL,ASO,CE,Federal Contract Tower,0,0,9,0,9,0,0,2,0,2,0,0,11,0,11,0,0,0,11
04/01/2002,BFM,AL,ASO,CE,Federal Contract Tower,4,14,23,2,43,0,13,55,28,96,4,27,78,30,139,54,324,378,517
04/02/2002,BFM,AL,ASO,CE,Federal Contract Tower,12,24,25,3,64,0,8,89,34,131,12,32,114,37,195,48,98,146,341
04/03/2002,BFM,AL,ASO,CE,Federal Contract Tower,6,18,27,3,54,3,7,61,25,96,9,25,88,28,150,0,58,58,208
04/04/2002,BFM,AL,ASO,CE,Federal Contract Tower,9,27,33,6,75,1,18,56,47,122,10,45,89,53,197,34,48,82,279
04/05/2002,BFM,AL,ASO,CE,Federal Contract Tower,5,20,38,5,68,0,7,62,18,87,5,27,100,23,155,4,22,26,181
04/06/2002,BFM,AL,ASO,CE,Federal Contract Tower,2,4,19,4,29,0,12,52,0,64,2,16,71,4,93,18,0,18,111
04/07/2002,BFM,AL,ASO,CE,Federal Contract Tower,0,0,13,2,15,0,11,21,0,32,0,11,34,2,47,0,0,0,47
04/08/2002,BFM,AL,ASO,CE,Federal Contract Tower,3,15,20,2,40,0,3,17,1,21,3,18,37,3,61,0,0,0,61
04/09/2002,BFM,AL,ASO,CE,Federal Contract Tower,7,18,17,0,42,0,6,11,6,23,7,24,28,6,65,0,10,10,75
04/10/2002,BFM,AL,ASO,CE,Federal Contract Tower,7,20,44,4,75,0,14,28,18,60,7,34,72,22,135,8,106,114,249
04/11/2002,BFM,AL,ASO,CE,Federal Contract Tower,9,18,33,2,62,0,7,7,16,30,9,25,40,18,92,52,162,214,306
04/12/2002,BFM,AL,ASO,CE,Federal Contract Tower,7,25,34,2,68,2,4,10,4,20,9,29,44,6,88,0,56,56,144
04/13/2002,BFM,AL,ASO,CE,Federal Contract Tower,4,5,23,0,32,0,4,18,0,22,4,9,41,0,54,58,0,58,112
04/14/2002,BFM,AL,ASO,CE,Federal Contract Tower,3,1,24,4,32,0,2,40,0,42,3,3,64,4,74,14,0,14,88
04/15/2002,BFM,AL,ASO,CE,Federal Contract Tower,3,17,26,10,56,0,2,32,34,68,3,19,58,44,124,24,152,176,300
04/16/2002,BFM,AL,ASO,CE,Federal Contract Tower,8,19,30,3,60,0,9,41,36,86,8,28,71,39,146,24,188,212,358
04/17/2002,BFM,AL,ASO,CE,Federal Contract Tower,8,17,18,2,45,0,12,73,25,110,8,29,91,27,155,6,182,188,343
04/18/2002,BFM,AL,ASO,CE,Federal Contract Tower,8,18,26,2,54,0,9,56,23,88,8,27,82,25,142,24,274,298,440
04/19/2002,BFM,AL,ASO,CE,Federal Contract Tower,5,15,33,4,57,0,13,53,17,83,5,28,86,21,140,10,112,122,262
04/20/2002,BFM,AL,ASO,CE,Federal Contract Tower,3,4,15,0,22,0,3,34,0,37,3,7,49,0,59,14,0,14,73
04/21/2002,BFM,AL,ASO,CE,Federal Contract Tower,1,0,8,0,9,0,1,37,0,38,1,1,45,0,47,0,24,24,71
04/22/2002,BFM,AL,ASO,CE,Federal Contract Tower,5,11,22,4,42,0,5,38,16,59,5,16,60,20,101,6,268,274,375
04/23/2002,BFM,AL,ASO,CE,Federal Contract Tower,14,26,32,2,74,0,9,54,26,89,14,35,86,28,163,90,328,418,581
04/24/2002,BFM,AL,ASO,CE,Federal Contract Tower,6,25,34,2,67,0,17,50,32,99,6,42,84,34,166,44,230,274,440
04/25/2002,BFM,AL,ASO,CE,Federal Contract Tower,12,23,36,4,75,4,1,45,33,83,16,24,81,37,158,30,198,228,386
04/26/2002,BFM,AL,ASO,CE,Federal Contract Tower,8,17,44,6,75,0,1,67,20,88,8,18,111,26,163,0,52,52,215
04/27/2002,BFM,AL,ASO,CE,Federal Contract Tower,7,5,7,0,19,0,3,21,0,24,7,8,28,0,43,14,12,26,69
04/28/2002,BFM,AL,ASO,CE,Federal Contract Tower,0,0,9,6,15,0,1,26,2,29,0,1,35,8,44,20,0,20,64
04/29/2002,BFM,AL,ASO,CE,Federal Contract Tower,2,16,24,3,45,0,7,32,17,56,2,23,56,20,101,68,160,228,329
04/30/2002,BFM,AL,ASO,CE,Federal Contract Tower,9,15,25,7,56,0,9,40,18,67,9,24,65,25,123,32,182,214,337
05/01/2002,BFM,AL,ASO,CE,Federal Contract Tower,10,21,24,8,63,0,9,34,58,101,10,30,58,66,164,6,134,140,304
05/02/2002,BFM,AL,ASO,CE,Federal Contract Tower,9,20,23,6,58,0,7,53,20,80,9,27,76,26,138,0,90,90,228
05/03/2002,BFM,AL,ASO,CE,Federal Contract Tower,8,14,29,9,60,1,6,44,44,95,9,20,73,53,155,2,32,34,189
05/04/2002,BFM,AL,ASO,CE,Federal Contract Tower,4,3,7,2,16,0,5,54,0,59,4,8,61,2,75,34,0,34,109
05/05/2002,BFM,AL,ASO,CE,Federal Contract Tower,2,2,16,5,25,0,6,46,1,53,2,8,62,6,78,24,0,24,102
05/06/2002,BFM,AL,ASO,CE,Federal Contract Tower,4,12,17,3,36,0,7,36,24,67,4,19,53,27,103,82,180,262,365
05/07/2002,BFM,AL,ASO,CE,Federal Contract Tower,7,27,30,4,68,0,5,40,50,95,7,32,70,54,163,40,134,174,337
05/08/2002,BFM,AL,ASO,CE,Federal Contract Tower,7,18,38,5,68,0,19,50,48,117,7,37,88,53,185,28,136,164,349
05/09/2002,BFM,AL,ASO,CE,Federal Contract Tower,7,25,30,7,69,0,13,65,43,121,7,38,95,50,190,84,182,266,456
05/10/2002,BFM,AL,ASO,CE,Federal Contract Tower,6,17,26,1,50,0,12,54,18,84,6,29,80,19,134,18,132,150,284
05/11/2002,BFM,AL,ASO,CE,Federal Contract Tower,2,3,5,4,14,1,1,57,4,63,3,4,62,8,77,40,0,40,117
05/12/2002,BFM,AL,ASO,CE,Federal Contract Tower,3,0,10,0,13,0,2,37,4,43,3,2,47,4,56,0,0,0,56
05/13/2002,BFM,AL,ASO,CE,Federal Contract Tower,2,16,14,1,33,0,5,29,21,55,2,21,43,22,88,4,128,132,220
05/14/2002,BFM,AL,ASO,CE,Federal Contract Tower,6,22,52,2,82,0,4,50,31,85,6,26,102,33,167,8,154,162,329
05/15/2002,BFM,AL,ASO,CE,Federal Contract Tower,9,22,35,6,72,0,7,88,23,118,9,29,123,29,190,0,112,112,302
05/16/2002,BFM,AL,ASO,CE,Federal Contract Tower,11,22,36,6,75,0,6,54,19,79,11,28,90,25,154,48,76,124,278
05/17/2002,BFM,AL,ASO,CE,Federal Contract Tower,6,18,41,4,69,0,5,25,15,45,6,23,66,19,114,0,58,58,172
05/18/2002,BFM,AL,ASO,CE,Federal Contract Tower,7,3,25,0,35,1,1,9,0,11,8,4,34,0,46,0,0,0,46
05/19/2002,BFM,AL,ASO,CE,Federal Contract Tower,3,0,16,0,19,0,4,47,0,51,3,4,63,0,70,20,0,20,90
05/20/2002,BFM,AL,ASO,CE,Federal Contract Tower,5,19,18,2,44,0,15,75,38,128,5,34,93,40,172,28,122,150,322
05/21/2002,BFM,AL,ASO,CE,Federal Contract Tower,5,16,23,14,58,0,11,43,21,75,5,27,66,35,133,8,260,268,401
05/22/2002,BFM,AL,ASO,CE,Federal Contract Tower,5,25,42,16,88,0,5,67,17,89,5,30,109,33,177,50,124,174,351
05/23/2002,BFM,AL,ASO,CE,Federal Contract Tower,6,21,45,6,78,0,14,55,26,95,6,35,100,32,173,0,200,200,373
05/24/2002,BFM,AL,ASO,CE,Federal Contract Tower,5,14,39,0,58,0,11,58,17,86,5,25,97,17,144,12,44,56,200
05/25/2002,BFM,AL,ASO,CE,Federal Contract Tower,2,3,12,0,17,0,4,39,0,43,2,7,51,0,60,54,0,54,114
05/26/2002,BFM,AL,ASO,CE,Federal Contract Tower,2,0,10,0,12,0,2,42,0,44,2,2,52,0,56,16,0,16,72
05/27/2002,BFM,AL,ASO,CE,Federal Contract Tower,3,0,21,0,24,1,1,60,2,64,4,1,81,2,88,14,0,14,102
05/28/2002,BFM,AL,ASO,CE,Federal Contract Tower,3,28,28,5,64,0,2,39,17,58,3,30,67,22,122,38,118,156,278
05/29/2002,BFM,AL,ASO,CE,Federal Contract Tower,9,23,40,0,72,0,3,36,35,74,9,26,76,35,146,34,54,88,234
05/30/2002,BFM,AL,ASO,CE,Federal Contract Tower,6,18,34,18,76,0,7,23,28,58,6,25,57,46,134,20,28,48,182
05/31/2002,BFM,AL,ASO,CE,Federal Contract Tower,8,20,39,8,75,0,5,83,12,100,8,25,122,20,175,30,52,82,257
06/01/2002,BFM,AL,ASO,CE,Federal Contract Tower,4,2,10,0,16,0,5,42,22,69,4,7,52,22,85,0,0,0,85
06/02/2002,BFM,AL,ASO,CE,Federal Contract Tower,1,1,15,0,17,0,3,35,5,43,1,4,50,5,60,46,26,72,132
06/03/2002,BFM,AL,ASO,CE,Federal Contract Tower,3,17,36,4,60,0,4,40,30,74,3,21,76,34,134,8,210,218,352
06/04/2002,BFM,AL,ASO,CE,Federal Contract Tower,10,22,28,0,60,0,5,58,36,99,10,27,86,36,159,42,228,270,429
06/05/2002,BFM,AL,ASO,CE,Federal Contract Tower,9,18,23,15,65,0,11,63,21,95,9,29,86,36,160,28,148,176,336
06/06/2002,BFM,AL,ASO,CE,Federal Contract Tower,8,24,29,0,61,0,10,44,11,65,8,34,73,11,126,58,90,148,274
06/07/2002,BFM,AL,ASO,CE,Federal Contract Tower,5,17,38,2,62,0,8,56,20,84,5,25,94,22,146,18,32,50,196
06/08/2002,BFM,AL,ASO,CE,Federal Contract Tower,4,3,9,0,16,0,4,53,0,57,4,7,62,0,73,0,12,12,85
06/09/2002,BFM,AL,ASO,CE,Federal Contract Tower,1,0,8,0,9,0,0,45,0,45,1,0,53,0,54,4,20,24,78
06/10/2002,BFM,AL,ASO,CE,Federal Contract Tower,2,14,29,2,47,0,3,30,32,65,2,17,59,34,112,0,136,136,248
06/11/2002,BFM,AL,ASO,CE,Federal Contract Tower,7,23,31,6,67,0,6,35,30,71,7,29,66,36,138,28,212,240,378
06/12/2002,BFM,AL,ASO,CE,Federal Contract Tower,10,19,27,6,62,0,8,48,30,86,10,27,75,36,148,6,124,130,278
06/13/2002,BFM,AL,ASO,CE,Federal Contract Tower,3,16,31,3,53,0,12,58,19,89,3,28,89,22,142,16,106,122,264
06/14/2002,BFM,AL,ASO,CE,Federal Contract Tower,6,14,27,0,47,0,7,43,2,52,6,21,70,2,99,0,0,0,99
06/15/2002,BFM,AL,ASO,CE,Federal Contract Tower,2,2,11,0,15,0,3,56,4,63,2,5,67,4,78,12,0,12,90
06/16/2002,BFM,AL,ASO,CE,Federal Contract Tower,0,0,11,0,11,0,8,45,0,53,0,8,56,0,64,14,0,14,78
06/17/2002,BFM,AL,ASO,CE,Federal Contract Tower,2,20,21,4,47,0,0,24,12,36,2,20,45,16,83,34,210,244,327
06/18/2002,BFM,AL,ASO,CE,Federal Contract Tower,8,21,28,2,59,0,8,46,20,74,8,29,74,22,133,54,106,160,293
06/19/2002,BFM,AL,ASO,CE,Federal Contract Tower,8,21,20,3,52,2,7,54,19,82,10,28,74,22,134,46,28,74,208
06/20/2002,BFM,AL,ASO,CE,Federal Contract Tower,5,22,27,0,54,0,11,31,11,53,5,33,58,11,107,0,36,36,143
06/21/2002,BFM,AL,ASO,CE,Federal Contract Tower,8,18,22,2,50,0,13,40,25,78,8,31,62,27,128,12,158,170,298
06/22/2002,BFM,AL,ASO,CE,Federal Contract Tower,4,2,8,0,14,0,1,23,3,27,4,3,31,3,41,0,20,20,61
06/23/2002,BFM,AL,ASO,CE,Federal Contract Tower,5,0,11,0,16,0,1,21,0,22,5,1,32,0,38,0,0,0,38
06/24/2002,BFM,AL,ASO,CE,Federal Contract Tower,3,15,17,2,37,0,0,33,7,40,3,15,50,9,77,6,148,154,231
06/25/2002,BFM,AL,ASO,CE,Federal Contract Tower,6,17,27,6,56,0,6,40,29,75,6,23,67,35,131,32,110,142,273
06/26/2002,BFM,AL,ASO,CE,Federal Contract Tower,6,22,30,4,62,0,11,52,6,69,6,33,82,10,131,18,76,94,225
06/27/2002,BFM,AL,ASO,CE,Federal Contract Tower,12,21,41,4,78,4,9,39,34,86,16,30,80,38,164,46,130,176,340
06/28/2002,BFM,AL,ASO,CE,Federal Contract Tower,9,14,33,2,58,0,10,53,32,95,9,24,86,34,153,30,200,230,383
06/29/2002,BFM,AL,ASO,CE,Federal Contract Tower,2,5,14,2,23,0,3,32,10,45,2,8,46,12,68,26,0,26,94
06/30/2002,BFM,AL,ASO,CE,Federal Contract Tower,0,0,8,0,8,0,5,40,0,45,0,5,48,0,53,32,0,32,85
07/01/2002,BFM,AL,ASO,CE,Federal Contract Tower,4,14,24,4,46,0,6,50,10,66,4,20,74,14,112,30,0,30,142
07/02/2002,BFM,AL,ASO,CE,Federal Contract Tower,5,21,36,2,64,0,7,59,16,82,5,28,95,18,146,0,42,42,188
07/03/2002,BFM,AL,ASO,CE,Federal Contract Tower,6,15,15,3,39,1,20,77,20,118,7,35,92,23,157,0,46,46,203
07/04/2002,BFM,AL,ASO,CE,Federal Contract Tower,0,1,5,0,6,0,14,71,14,99,0,15,76,14,105,12,0,12,117
07/05/2002,BFM,AL,ASO,CE,Federal Contract Tower,9,16,9,0,34,0,11,32,13,56,9,27,41,13,90,32,34,66,156
07/06/2002,BFM,AL,ASO,CE,Federal Contract Tower,2,3,12,0,17,0,1,60,2,63,2,4,72,2,80,10,0,10,90
07/07/2002,BFM,AL,ASO,CE,Federal Contract Tower,0,0,6,0,6,0,8,52,0,60,0,8,58,0,66,28,0,28,94
07/08/2002,BFM,AL,ASO,CE,Federal Contract Tower,3,15,23,0,41,0,3,35,5,43,3,18,58,5,84,4,54,58,142
07/09/2002,BFM,AL,ASO,CE,Federal Contract Tower,6,21,22,2,51,0,9,53,21,83,6,30,75,23,134,6,48,54,188
07/10/2002,BFM,AL,ASO,CE,Federal Contract Tower,5,18,24,7,54,0,24,55,27,106,5,42,79,34,160,20,208,228,388
07/11/2002,BFM,AL,ASO,CE,Federal Contract Tower,4,16,18,4,42,2,9,65,34,110,6,25,83,38,152,32,144,176,328
07/12/2002,BFM,AL,ASO,CE,Federal Contract Tower,6,15,18,4,43,0,7,58,20,85,6,22,76,24,128,6,110,116,244
07/13/2002,BFM,AL,ASO,CE,Federal Contract Tower,2,4,16,2,24,0,4,53,0,57,2,8,69,2,81,14,0,14,95
07/14/2002,BFM,AL,ASO,CE,Federal Contract Tower,0,0,3,0,3,0,5,31,0,36,0,5,34,0,39,0,68,68,107
07/15/2002,BFM,AL,ASO,CE,Federal Contract Tower,5,17,30,1,53,0,4,50,25,79,5,21,80,26,132,10,114,124,256
07/16/2002,BFM,AL,ASO,CE,Federal Contract Tower,8,20,24,3,55,0,4,39,27,70,8,24,63,30,125,6,144,150,275
07/17/2002,BFM,AL,ASO,CE,Federal Contract Tower,4,17,28,2,51,2,6,86,30,124,6,23,114,32,175,2,174,176,351
07/18/2002,BFM,AL,ASO,CE,Federal Contract Tower,6,20,23,7,56,0,16,56,18,90,6,36,79,25,146,32,50,82,228
07/19/2002,BFM,AL,ASO,CE,Federal Contract Tower,7,18,23,6,54,0,14,85,17,116,7,32,108,23,170,42,50,92,262
07/20/2002,BFM,AL,ASO,CE,Federal Contract Tower,2,3,17,0,22,0,1,44,0,45,2,4,61,0,67,6,0,6,73
07/21/2002,BFM,AL,ASO,CE,Federal Contract Tower,0,0,9,0,9,0,0,29,0,29,0,0,38,0,38,0,22,22,60
07/22/2002,BFM,AL,ASO,CE,Federal Contract Tower,3,15,20,1,39,0,4,37,11,52,3,19,57,12,91,4,96,100,191
07/23/2002,BFM,AL,ASO,CE,Federal Contract Tower,9,17,18,1,45,0,3,65,29,97,9,20,83,30,142,10,170,180,322
07/24/2002,BFM,AL,ASO,CE,Federal Contract Tower,10,19,28,2,59,0,4,16,16,36,10,23,44,18,95,0,106,106,201
07/25/2002,BFM,AL,ASO,CE,Federal Contract Tower,8,24,36,5,73,0,3,23,23,49,8,27,59,28,122,0,176,176,298
07/26/2002,BFM,AL,ASO,CE,Federal Contract Tower,12,17,26,2,57,0,6,52,40,98,12,23,78,42,155,10,180,190,345
07/27/2002,BFM,AL,ASO,CE,Federal Contract Tower,2,3,10,0,15,0,0,19,0,19,2,3,29,0,34,0,0,0,34
07/28/2002,BFM,AL,ASO,CE,Federal Contract Tower,2,0,8,2,12,0,2,30,0,32,2,2,38,2,44,0,0,0,44
07/29/2002,BFM,AL,ASO,CE,Federal Contract Tower,4,14,19,1,38,0,4,35,32,71,4,18,54,33,109,16,206,222,331
07/30/2002,BFM,AL,ASO,CE,Federal Contract Tower,10,19,28,4,61,4,6,54,23,87,14,25,82,27,148,8,164,172,320
07/31/2002,BFM,AL,ASO,CE,Federal Contract Tower,14,19,22,2,57,0,14,49,39,102,14,33,71,41,159,2,142,144,303
08/01/2002,BFM,AL,ASO,CE,Federal Contract Tower,10,20,22,2,54,0,3,54,29,86,10,23,76,31,140,2,262,264,404
08/02/2002,BFM,AL,ASO,CE,Federal Contract Tower,10,15,27,3,55,0,8,35,14,57,10,23,62,17,112,0,94,94,206
08/03/2002,BFM,AL,ASO,CE,Federal Contract Tower,9,2,7,0,18,0,3,42,1,46,9,5,49,1,64,8,0,8,72
08/04/2002,BFM,AL,ASO,CE,Federal Contract Tower,1,0,8,0,9,0,0,19,2,21,1,0,27,2,30,0,0,0,30
08/05/2002,BFM,AL,ASO,CE,Federal Contract Tower,2,14,21,0,37,0,4,7,2,13,2,18,28,2,50,0,78,78,128
08/06/2002,BFM,AL,ASO,CE,Federal Contract Tower,6,24,32,5,67,0,5,26,27,58,6,29,58,32,125,66,114,180,305
08/07/2002,BFM,AL,ASO,CE,Federal Contract Tower,6,25,29,1,61,0,15,36,26,77,6,40,65,27,138,6,64,70,208
08/08/2002,BFM,AL,ASO,CE,Federal Contract Tower,8,19,28,6,61,0,6,39,16,61,8,25,67,22,122,6,122,128,250
08/09/2002,BFM,AL,ASO,CE,Federal Contract Tower,6,16,25,6,53,0,8,70,23,101,6,24,95,29,154,6,134,140,294
08/10/2002,BFM,AL,ASO,CE,Federal Contract Tower,3,3,4,0,10,0,0,56,0,56,3,3,60,0,66,24,0,24,90
08/11/2002,BFM,AL,ASO,CE,Federal Contract Tower,2,0,12,0,14,0,2,30,2,34,2,2,42,2,48,12,0,12,60
08/12/2002,BFM,AL,ASO,CE,Federal Contract Tower,3,14,20,1,38,0,9,41,24,74,3,23,61,25,112,4,114,118,230
08/13/2002,BFM,AL,ASO,CE,Federal Contract Tower,6,16,21,3,46,0,4,43,35,82,6,20,64,38,128,36,104,140,268
08/14/2002,BFM,AL,ASO,CE,Federal Contract Tower,6,26,29,2,63,0,12,47,43,102,6,38,76,45,165,22,146,168,333
08/15/2002,BFM,AL,ASO,CE,Federal Contract Tower,6,21,28,2,57,0,9,39,40,88,6,30,67,42,145,20,136,156,301
08/16/2002,BFM,AL,ASO,CE,Federal Contract Tower,10,16,26,3,55,0,9,39,15,63,10,25,65,18,118,20,62,82,200
08/17/2002,BFM,AL,ASO,CE,Federal Contract Tower,2,3,12,6,23,0,0,47,6,53,2,3,59,12,76,4,0,4,80
08/18/2002,BFM,AL,ASO,CE,Federal Contract Tower,2,4,23,0,29,2,0,17,0,19,4,4,40,0,48,0,8,8,56
08/19/2002,BFM,AL,ASO,CE,Federal Contract Tower,3,11,11,1,26,0,7,43,19,69,3,18,54,20,95,2,74,76,171
08/20/2002,BFM,AL,ASO,CE,Federal Contract Tower,8,22,25,1,56,0,12,37,22,71,8,34,62,23,127,4,230,234,361
08/21/2002,BFM,AL,ASO,CE,Federal Contract Tower,6,20,25,2,53,0,11,59,28,98,6,31,84,30,151,22,162,184,335
08/22/2002,BFM,AL,ASO,CE,Federal Contract Tower,6,19,27,1,53,0,0,57,40,97,6,19,84,41,150,24,206,230,380
08/23/2002,BFM,AL,ASO,CE,Federal Contract Tower,11,16,37,0,64,0,3,29,16,48,11,19,66,16,112,20,240,260,372
08/24/2002,BFM,AL,ASO,CE,Federal Contract Tower,6,2,11,0,19,0,3,50,0,53,6,5,61,0,72,0,0,0,72
08/25/2002,BFM,AL,ASO,CE,Federal Contract Tower,4,2,18,0,24,0,1,33,0,34,4,3,51,0,58,8,0,8,66
08/26/2002,BFM,AL,ASO,CE,Federal Contract Tower,4,17,28,5,54,0,3,36,28,67,4,20,64,33,121,34,238,272,393
08/27/2002,BFM,AL,ASO,CE,Federal Contract Tower,13,21,19,4,57,0,2,24,22,48,13,23,43,26,105,38,226,264,369
08/28/2002,BFM,AL,ASO,CE,Federal Contract Tower,13,18,42,8,81,0,7,47,30,84,13,25,89,38,165,20,284,304,469
08/29/2002,BFM,AL,ASO,CE,Federal Contract Tower,10,20,15,3,48,0,6,36,18,60,10,26,51,21,108,20,70,90,198
08/30/2002,BFM,AL,ASO,CE,Federal Contract Tower,12,17,27,2,58,0,5,35,8,48,12,22,62,10,106,12,34,46,152
08/31/2002,BFM,AL,ASO,CE,Federal Contract Tower,7,6,20,0,33,0,2,31,0,33,7,8,51,0,66,0,0,0,66
09/01/2002,BFM,AL,ASO,CE,Federal Contract Tower,2,0,5,0,7,0,0,39,0,39,2,0,44,0,46,4,0,4,50
09/02/2002,BFM,AL,ASO,CE,Federal Contract Tower,1,1,15,0,17,0,18,46,0,64,1,19,61,0,81,24,0,24,105
09/03/2002,BFM,AL,ASO,CE,Federal Contract Tower,3,22,19,9,53,0,17,40,41,98,3,39,59,50,151,18,152,170,321
09/04/2002,BFM,AL,ASO,CE,Federal Contract Tower,7,20,26,2,55,0,4,50,24,78,7,24,76,26,133,32,106,138,271
09/05/2002,BFM,AL,ASO,CE,Federal Contract Tower,8,14,20,15,57,0,25,49,20,94,8,39,69,35,151,10,240,250,401
09/06/2002,BFM,AL,ASO,CE,Federal Contract Tower,6,11,15,2,34,0,8,34,18,60,6,19,49,20,94,0,166,166,260
09/07/2002,BFM,AL,ASO,CE,Federal Contract Tower,3,3,9,0,15,0,0,5,6,11,3,3,14,6,26,2,0,2,28
09/08/2002,BFM,AL,ASO,CE,Federal Contract Tower,2,0,9,0,11,0,2,35,8,45,2,2,44,8,56,40,0,40,96
09/09/2002,BFM,AL,ASO,CE,Federal Contract Tower,4,18,13,4,39,0,1,46,28,75,4,19,59,32,114,0,140,140,254
09/10/2002,BFM,AL,ASO,CE,Federal Contract Tower,6,20,22,12,60,0,4,33,42,79,6,24,55,54,139,44,302,346,485
09/11/2002,BFM,AL,ASO,CE,Federal Contract Tower,8,23,28,4,63,0,8,35,39,82,8,31,63,43,145,36,262,298,443
09/12/2002,BFM,AL,ASO,CE,Federal Contract Tower,7,15,37,0,59,0,3,48,33,84,7,18,85,33,143,48,174,222,365
09/13/2002,BFM,AL,ASO,CE,Federal Contract Tower,6,16,27,2,51,0,6,18,7,31,6,22,45,9,82,0,46,46,128
09/14/2002,BFM,AL,ASO,CE,Federal Contract Tower,6,1,4,0,11,0,0,4,6,10,6,1,8,6,21,0,0,0,21
09/15/2002,BFM,AL,ASO,CE,Federal Contract Tower,3,0,18,0,21,4,6,39,2,51,7,6,57,2,72,38,0,38,110
09/16/2002,BFM,AL,ASO,CE,Federal Contract Tower,2,19,28,7,56,0,13,26,20,59,2,32,54,27,115,6,96,102,217
09/17/2002,BFM,AL,ASO,CE,Federal Contract Tower,9,16,24,0,49,0,6,32,16,54,9,22,56,16,103,0,270,270,373
09/18/2002,BFM,AL,ASO,CE,Federal Contract Tower,6,17,15,11,49,0,6,41,16,63,6,23,56,27,112,0,270,270,382
09/19/2002,BFM,AL,ASO,CE,Federal Contract Tower,7,15,31,2,55,0,3,58,22,83,7,18,89,24,138,0,294,294,432
09/20/2002,BFM,AL,ASO,CE,Federal Contract Tower,9,15,32,6,62,0,3,43,24,70,9,18,75,30,132,4,314,318,450
09/21/2002,BFM,AL,ASO,CE,Federal Contract Tower,6,1,9,0,16,0,4,42,2,48,6,5,51,2,64,2,0,2,66
09/22/2002,BFM,AL,ASO,CE,Federal Contract Tower,0,0,10,1,11,0,2,17,1,20,0,2,27,2,31,10,8,18,49
09/23/2002,BFM,AL,ASO,CE,Federal Contract Tower,2,16,25,7,50,0,7,41,10,58,2,23,66,17,108,14,34,48,156
09/24/2002,BFM,AL,ASO,CE,Federal Contract Tower,9,24,29,0,62,0,5,42,7,54,9,29,71,7,116,0,90,90,206
09/25/2002,BFM,AL,ASO,CE,Federal Contract Tower,15,18,4,0,37,0,0,0,0,0,15,18,4,0,37,0,0,0,37
09/26/2002,BFM,AL,ASO,CE,Federal Contract Tower,5,10,8,2,25,0,1,4,0,5,5,11,12,2,30,0,0,0,30
09/27/2002,BFM,AL,ASO,CE,Federal Contract Tower,8,21,11,0,40,0,13,51,16,80,8,34,62,16,120,8,112,120,240
09/28/2002,BFM,AL,ASO,CE,Federal Contract Tower,2,3,14,0,19,0,4,63,0,67,2,7,77,0,86,52,12,64,150
09/29/2002,BFM,AL,ASO,CE,Federal Contract Tower,0,0,14,0,14,0,2,31,2,35,0,2,45,2,49,22,8,30,79
09/30/2002,BFM,AL,ASO,CE,Federal Contract Tower,3,18,22,4,47,0,11,39,12,62,3,29,61,16,109,10,108,118,227
10/01/2002,BFM,AL,ASO,CE,Federal Contract Tower,6,15,27,6,54,0,15,55,23,93,6,30,82,29,147,36,124,160,307
10/02/2002,BFM,AL,ASO,CE,Federal Contract Tower,8,22,23,1,54,0,5,37,14,56,8,27,60,15,110,4,32,36,146
10/03/2002,BFM,AL,ASO,CE,Federal Contract Tower,9,17,0,0,26,0,1,9,14,24,9,18,9,14,50,0,206,206,256
10/04/2002,BFM,AL,ASO,CE,Federal Contract Tower,7,16,18,6,47,0,23,30,22,75,7,39,48,28,122,8,164,172,294
10/05/2002,BFM,AL,ASO,CE,Federal Contract Tower,4,4,17,0,25,0,0,34,0,34,4,4,51,0,59,0,0,0,59
10/06/2002,BFM,AL,ASO,CE,Federal Contract Tower,0,0,9,0,9,0,1,17,2,20,0,1,26,2,29,0,0,0,29
10/07/2002,BFM,AL,ASO,CE,Federal Contract Tower,2,15,22,9,48,0,8,34,18,60,2,23,56,27,108,0,90,90,198
10/08/2002,BFM,AL,ASO,CE,Federal Contract Tower,6,16,37,4,63,0,2,31,35,68,6,18,68,39,131,0,270,270,401
10/09/2002,BFM,AL,ASO,CE,Federal Contract Tower,6,21,29,6,62,0,11,39,7,57,6,32,68,13,119,8,36,44,163
10/10/2002,BFM,AL,ASO,CE,Federal Contract Tower,11,17,34,5,67,0,4,7,8,19,11,21,41,13,86,0,48,48,134
10/11/2002,BFM,AL,ASO,CE,Federal Contract Tower,6,13,17,2,38,0,9,46,34,89,6,22,63,36,127,46,316,362,489
10/12/2002,BFM,AL,ASO,CE,Federal Contract Tower,4,3,12,0,19,0,1,31,0,32,4,4,43,0,51,18,0,18,69
10/13/2002,BFM,AL,ASO,CE,Federal Contract Tower,1,0,16,0,17,0,0,26,0,26,1,0,42,0,43,2,0,2,45
10/14/2002,BFM,AL,ASO,CE,Federal Contract Tower,4,7,16,0,27,0,4,11,0,15,4,11,27,0,42,0,0,0,42
10/15/2002,BFM,AL,ASO,CE,Federal Contract Tower,10,20,47,3,80,0,1,8,10,19,10,21,55,13,99,0,108,108,207
10/16/2002,BFM,AL,ASO,CE,Federal Contract Tower,6,11,41,4,62,2,7,68,30,107,8,18,109,34,169,2,110,112,281
10/17/2002,BFM,AL,ASO,CE,Federal Contract Tower,10,19,20,5,54,4,5,67,47,123,14,24,87,52,177,24,256,280,457
10/18/2002,BFM,AL,ASO,CE,Federal Contract Tower,8,14,20,1,43,0,3,69,15,87,8,17,89,16,130,40,36,76,206
10/19/2002,BFM,AL,ASO,CE,Federal Contract Tower,6,4,11,0,21,0,5,54,0,59,6,9,65,0,80,0,0,0,80
10/20/2002,BFM,AL,ASO,CE,Federal Contract Tower,4,0,17,4,25,0,2,33,0,35,4,2,50,4,60,16,0,16,76
10/21/2002,BFM,AL,ASO,CE,Federal Contract Tower,4,17,39,0,60,0,0,27,22,49,4,17,66,22,109,0,54,54,163
10/22/2002,BFM,AL,ASO,CE,Federal Contract Tower,12,17,38,2,69,0,4,45,35,84,12,21,83,37,153,0,126,126,279
10/23/2002,BFM,AL,ASO,CE,Federal Contract Tower,10,21,35,6,72,0,12,17,12,41,10,33,52,18,113,4,82,86,199
10/24/2002,BFM,AL,ASO,CE,Federal Contract Tower,13,22,41,4,80,0,1,20,22,43,13,23,61,26,123,22,40,62,185
10/25/2002,BFM,AL,ASO,CE,Federal Contract Tower,11,14,34,2,61,0,7,17,22,46,11,21,51,24,107,0,70,70,177
10/26/2002,BFM,AL,ASO,CE,Federal Contract Tower,2,3,24,0,29,0,2,16,0,18,2,5,40,0,47,24,0,24,71
10/27/2002,BFM,AL,ASO,CE,Federal Contract Tower,0,1,16,0,17,0,0,5,0,5,0,1,21,0,22,0,0,0,22
10/28/2002,BFM,AL,ASO,CE,Federal Contract Tower,2,12,31,2,47,0,2,20,24,46,2,14,51,26,93,0,72,72,165
10/29/2002,BFM,AL,ASO,CE,Federal Contract Tower,12,17,35,2,66,0,5,9,14,28,12,22,44,16,94,0,28,28,122
10/30/2002,BFM,AL,ASO,CE,Federal Contract Tower,5,17,21,2,45,0,12,53,22,87,5,29,74,24,132,2,286,288,420
10/31/2002,BFM,AL,ASO,CE,Federal Contract Tower,6,16,51,8,81,0,5,45,28,78,6,21,96,36,159,2,280,282,441
11/01/2002,BFM,AL,ASO,CE,Federal Contract Tower,7,11,26,4,48,0,4,59,29,92,7,15,85,33,140,8,200,208,348
11/02/2002,BFM,AL,ASO,CE,Federal Contract Tower,2,3,18,0,23,0,0,60,0,60,2,3,78,0,83,14,0,14,97
11/03/2002,BFM,AL,ASO,CE,Federal Contract Tower,0,0,8,0,8,0,2,30,0,32,0,2,38,0,40,10,0,10,50
11/04/2002,BFM,AL,ASO,CE,Federal Contract Tower,2,14,38,3,57,0,5,14,11,30,2,19,52,14,87,0,92,92,179
11/05/2002,BFM,AL,ASO,CE,Federal Contract Tower,9,17,16,2,44,0,3,0,7,10,9,20,16,9,54,0,80,80,134
11/06/2002,BFM,AL,ASO,CE,Federal Contract Tower,7,19,24,3,53,0,8,39,44,91,7,27,63,47,144,8,306,314,458
11/07/2002,BFM,AL,ASO,CE,Federal Contract Tower,9,18,33,2,62,0,5,72,17,94,9,23,105,19,156,14,112,126,282
11/08/2002,BFM,AL,ASO,CE,Federal Contract Tower,7,15,23,3,48,0,4,59,18,81,7,19,82,21,129,6,38,44,173
11/09/2002,BFM,AL,ASO,CE,Federal Contract Tower,2,2,4,0,8,0,2,31,0,33,2,4,35,0,41,0,0,0,41
11/10/2002,BFM,AL,ASO,CE,Federal Contract Tower,0,0,15,2,17,0,0,25,2,27,0,0,40,4,44,0,0,0,44
11/11/2002,BFM,AL,ASO,CE,Federal Contract Tower,3,6,24,0,33,0,0,1,2,3,3,6,25,2,36,0,0,0,36
11/12/2002,BFM,AL,ASO,CE,Federal Contract Tower,7,16,27,2,52,0,7,27,39,73,7,23,54,41,125,18,218,236,361
11/13/2002,BFM,AL,ASO,CE,Federal Contract Tower,12,20,18,2,52,0,6,44,32,82,12,26,62,34,134,0,208,208,342
11/14/2002,BFM,AL,ASO,CE,Federal Contract Tower,8,24,36,2,70,0,7,48,25,80,8,31,84,27,150,10,116,126,276
11/15/2002,BFM,AL,ASO,CE,Federal Contract Tower,9,16,12,1,38,0,5,20,27,52,9,21,32,28,90,0,0,0,90
11/16/2002,BFM,AL,ASO,CE,Federal Contract Tower,4,1,9,2,16,0,1,14,12,27,4,2,23,14,43,14,24,38,81
11/17/2002,BFM,AL,ASO,CE,Federal Contract Tower,2,0,8,0,10,0,0,44,2,46,2,0,52,2,56,64,16,80,136
11/18/2002,BFM,AL,ASO,CE,Federal Contract Tower,3,21,17,1,42,0,3,50,22,75,3,24,67,23,117,4,136,140,257
11/19/2002,BFM,AL,ASO,CE,Federal Contract Tower,9,20,19,2,50,0,5,27,44,76,9,25,46,46,126,8,318,326,452
11/20/2002,BFM,AL,ASO,CE,Federal Contract Tower,11,22,24,3,60,0,6,22,38,66,11,28,46,41,126,24,250,274,400
11/21/2002,BFM,AL,ASO,CE,Federal Contract Tower,6,19,35,3,63,0,3,48,67,118,6,22,83,70,181,8,344,352,533
11/22/2002,BFM,AL,ASO,CE,Federal Contract Tower,6,20,22,0,48,0,7,64,48,119,6,27,86,48,167,12,290,302,469
11/23/2002,BFM,AL,ASO,CE,Federal Contract Tower,4,2,7,0,13,0,0,59,0,59,4,2,66,0,72,0,20,20,92
11/24/2002,BFM,AL,ASO,CE,Federal Contract Tower,0,0,13,2,15,0,0,43,6,49,0,0,56,8,64,0,56,56,120
11/25/2002,BFM,AL,ASO,CE,Federal Contract Tower,3,12,27,6,48,0,3,60,29,92,3,15,87,35,140,0,94,94,234
11/26/2002,BFM,AL,ASO,CE,Federal Contract Tower,8,16,22,4,50,0,15,53,49,117,8,31,75,53,167,8,154,162,329
11/27/2002,BFM,AL,ASO,CE,Federal Contract Tower,8,21,29,3,61,0,13,34,13,60,8,34,63,16,121,10,182,192,313
11/28/2002,BFM,AL,ASO,CE,Federal Contract Tower,0,0,11,0,11,0,0,17,0,17,0,0,28,0,28,0,0,0,28
11/29/2002,BFM,AL,ASO,CE,Federal Contract Tower,8,16,19,0,43,0,5,41,0,46,8,21,60,0,89,10,0,10,99
11/30/2002,BFM,AL,ASO,CE,Federal Contract Tower,2,2,18,0,22,0,0,22,0,22,2,2,40,0,44,0,0,0,44
12/01/2002,BFM,AL,ASO,CE,Federal Contract Tower,1,0,14,0,15,0,2,39,0,41,1,2,53,0,56,0,0,0,56
12/02/2002,BFM,AL,ASO,CE,Federal Contract Tower,3,13,17,0,33,0,7,28,42,77,3,20,45,42,110,4,94,98,208
12/03/2002,BFM,AL,ASO,CE,Federal Contract Tower,9,21,26,0,56,0,8,43,44,95,9,29,69,44,151,4,106,110,261
12/04/2002,BFM,AL,ASO,CE,Federal Contract Tower,8,18,20,0,46,0,6,32,34,72,8,24,52,34,118,0,112,112,230
12/05/2002,BFM,AL,ASO,CE,Federal Contract Tower,9,23,39,6,77,0,2,16,28,46,9,25,55,34,123,0,0,0,123
12/06/2002,BFM,AL,ASO,CE,Federal Contract Tower,10,14,32,1,57,0,5,57,36,98,10,19,89,37,155,2,38,40,195
12/07/2002,BFM,AL,ASO,CE,Federal Contract Tower,4,2,6,0,12,0,6,45,4,55,4,8,51,4,67,24,8,32,99
12/08/2002,BFM,AL,ASO,CE,Federal Contract Tower,2,0,12,1,15,0,0,35,16,51,2,0,47,17,66,0,0,0,66
12/09/2002,BFM,AL,ASO,CE,Federal Contract Tower,3,14,21,2,40,0,7,30,46,83,3,21,51,48,123,2,64,66,189
12/10/2002,BFM,AL,ASO,CE,Federal Contract Tower,6,19,49,0,74,0,2,4,0,6,6,21,53,0,80,0,0,0,80
12/11/2002,BFM,AL,ASO,CE,Federal Contract Tower,9,27,48,2,86,0,9,47,24,80,9,36,95,26,166,0,126,126,292
12/12/2002,BFM,AL,ASO,CE,Federal Contract Tower,7,17,26,3,53,0,5,12,5,22,7,22,38,8,75,0,42,42,117
12/13/2002,BFM,AL,ASO,CE,Federal Contract Tower,11,17,30,2,60,0,6,13,10,29,11,23,43,12,89,0,0,0,89
12/14/2002,BFM,AL,ASO,CE,Federal Contract Tower,3,5,18,0,26,0,2,32,5,39,3,7,50,5,65,14,20,34,99
12/15/2002,BFM,AL,ASO,CE,Federal Contract Tower,0,0,7,0,7,0,2,42,10,54,0,2,49,10,61,16,4,20,81
12/16/2002,BFM,AL,ASO,CE,Federal Contract Tower,4,11,29,1,45,0,4,48,9,61,4,15,77,10,106,4,22,26,132
12/17/2002,BFM,AL,ASO,CE,Federal Contract Tower,12,16,22,16,66,0,11,39,22,72,12,27,61,38,138,10,306,316,454
12/18/2002,BFM,AL,ASO,CE,Federal Contract Tower,19,19,18,10,66,0,7,36,37,80,19,26,54,47,146,0,185,185,331
12/19/2002,BFM,AL,ASO,CE,Federal Contract Tower,13,16,39,2,70,0,4,6,4,14,13,20,45,6,84,0,10,10,94
12/20/2002,BFM,AL,ASO,CE,Federal Contract Tower,9,19,37,4,69,0,4,35,21,60,9,23,72,25,129,26,142,168,297
12/21/2002,BFM,AL,ASO,CE,Federal Contract Tower,2,2,20,2,26,0,3,79,0,82,2,5,99,2,108,12,0,12,120
12/22/2002,BFM,AL,ASO,CE,Federal Contract Tower,1,0,6,0,7,0,2,24,2,28,1,2,30,2,35,0,0,0,35
12/23/2002,BFM,AL,ASO,CE,Federal Contract Tower,2,14,30,0,46,0,0,13,3,16,2,14,43,3,62,8,0,8,70
12/24/2002,BFM,AL,ASO,CE,Federal Contract Tower,7,19,8,0,34,0,0,10,0,10,7,19,18,0,44,0,0,0,44
12/25/2002,BFM,AL,ASO,CE,Federal Contract Tower,0,2,4,0,6,0,0,14,0,14,0,2,18,0,20,0,0,0,20
12/26/2002,BFM,AL,ASO,CE,Federal Contract Tower,6,21,16,0,43,0,4,37,0,41,6,25,53,0,84,18,0,18,102
12/27/2002,BFM,AL,ASO,CE,Federal Contract Tower,6,14,13,0,33,0,2,42,12,56,6,16,55,12,89,0,36,36,125
12/28/2002,BFM,AL,ASO,CE,Federal Contract Tower,3,2,16,0,21,0,0,43,0,43,3,2,59,0,64,6,0,6,70
12/29/2002,BFM,AL,ASO,CE,Federal Contract Tower,1,0,4,0,5,0,5,42,0,47,1,5,46,0,52,0,0,0,52
12/30/2002,BFM,AL,ASO,CE,Federal Contract Tower,2,15,14,0,31,0,7,51,14,72,2,22,65,14,103,58,56,114,217
12/31/2002,BFM,AL,ASO,CE,Federal Contract Tower,6,21,8,0,35,0,1,1,0,2,6,22,9,0,37,0,0,0,37
01/01/2003,BFM,AL,ASO,CE,Federal Contract Tower,0,2,7,0,9,0,8,17,0,25,0,10,24,0,34,0,0,0,34
01/02/2003,BFM,AL,ASO,CE,Federal Contract Tower,6,15,28,0,49,0,2,24,4,30,6,17,52,4,79,2,68,70,149
01/03/2003,BFM,AL,ASO,CE,Federal Contract Tower,7,14,18,2,41,0,3,48,10,61,7,17,66,12,102,4,82,86,188
01/04/2003,BFM,AL,ASO,CE,Federal Contract Tower,2,1,13,0,16,0,3,30,0,33,2,4,43,0,49,0,0,0,49
01/05/2003,BFM,AL,ASO,CE,Federal Contract Tower,1,0,10,0,11,0,5,37,0,42,1,5,47,0,53,10,0,10,63
01/06/2003,BFM,AL,ASO,CE,Federal Contract Tower,2,13,14,3,32,0,9,48,2,59,2,22,62,5,91,0,80,80,171
01/07/2003,BFM,AL,ASO,CE,Federal Contract Tower,6,19,27,9,61,0,12,46,24,82,6,31,73,33,143,8,196,204,347
01/08/2003,BFM,AL,ASO,CE,Federal Contract Tower,8,16,23,3,50,0,12,43,11,66,8,28,66,14,116,0,36,36,152
01/09/2003,BFM,AL,ASO,CE,Federal Contract Tower,10,18,34,2,64,0,1,45,12,58,10,19,79,14,122,14,44,58,180
01/10/2003,BFM,AL,ASO,CE,Federal Contract Tower,6,16,27,2,51,0,7,45,16,68,6,23,72,18,119,0,132,132,251
01/11/2003,BFM,AL,ASO,CE,Federal Contract Tower,4,2,15,0,21,0,10,22,4,36,4,12,37,4,57,32,0,32,89
01/12/2003,BFM,AL,ASO,CE,Federal Contract Tower,2,0,11,0,13,0,2,23,5,30,2,2,34,5,43,14,0,14,57
01/13/2003,BFM,AL,ASO,CE,Federal Contract Tower,2,16,38,7,63,0,8,52,17,77,2,24,90,24,140,0,90,90,230
01/14/2003,BFM,AL,ASO,CE,Federal Contract Tower,6,20,38,10,74,0,4,46,26,76,6,24,84,36,150,44,234,278,428
01/15/2003,BFM,AL,ASO,CE,Federal Contract Tower,6,14,29,14,63,0,8,44,30,82,6,22,73,44,145,0,76,76,221
01/16/2003,BFM,AL,ASO,CE,Federal Contract Tower,7,16,16,0,39,0,3,38,22,63,7,19,54,22,102,8,84,92,194
01/17/2003,BFM,AL,ASO,CE,Federal Contract Tower,6,14,40,3,63,0,10,57,16,83,6,24,97,19,146,60,68,128,274
01/18/2003,BFM,AL,ASO,CE,Federal Contract Tower,2,2,28,2,34,0,3,80,4,87,2,5,108,6,121,16,0,16,137
01/19/2003,BFM,AL,ASO,CE,Federal Contract Tower,1,0,16,0,17,0,3,52,4,59,1,3,68,4,76,12,0,12,88
01/20/2003,BFM,AL,ASO,CE,Federal Contract Tower,2,4,33,0,39,0,3,52,0,55,2,7,85,0,94,0,0,0,94
01/21/2003,BFM,AL,ASO,CE,Federal Contract Tower,7,12,27,4,50,0,6,36,16,58,7,18,63,20,108,0,132,132,240
01/22/2003,BFM,AL,ASO,CE,Federal Contract Tower,9,18,43,5,75,0,2,15,6,23,9,20,58,11,98,6,36,42,140
01/23/2003,BFM,AL,ASO,CE,Federal Contract Tower,8,12,37,13,70,0,7,27,33,67,8,19,64,46,137,2,52,54,191
01/24/2003,BFM,AL,ASO,CE,Federal Contract Tower,11,18,21,3,53,0,6,53,17,76,11,24,74,20,129,0,62,62,191
01/25/2003,BFM,AL,ASO,CE,Federal Contract Tower,2,2,13,4,21,0,2,46,2,50,2,4,59,6,71,12,0,12,83
01/26/2003,BFM,AL,ASO,CE,Federal Contract Tower,1,0,17,4,22,0,2,29,4,35,1,2,46,8,57,12,0,12,69
01/27/2003,BFM,AL,ASO,CE,Federal Contract Tower,10,11,34,4,59,0,4,28,22,54,10,15,62,26,113,2,94,96,209
01/28/2003,BFM,AL,ASO,CE,Federal Contract Tower,10,17,37,10,74,0,7,55,22,84,10,24,92,32,158,0,204,204,362
01/29/2003,BFM,AL,ASO,CE,Federal Contract Tower,8,15,18,4,45,0,43,49,9,101,8,58,67,13,146,20,122,142,288
01/30/2003,BFM,AL,ASO,CE,Federal Contract Tower,6,17,54,14,91,0,0,19,25,44,6,17,73,39,135,0,104,104,239
01/31/2003,BFM,AL,ASO,CE,Federal Contract Tower,7,14,43,21,85,0,0,9,16,25,7,14,52,37,110,0,104,104,214
02/01/2003,BFM,AL,ASO,CE,Federal Contract Tower,6,2,13,2,23,0,1,40,0,41,6,3,53,2,64,44,4,48,112
02/02/2003,BFM,AL,ASO,CE,Federal Contract Tower,4,1,14,0,19,0,2,39,0,41,4,3,53,0,60,52,10,62,122
02/03/2003,BFM,AL,ASO,CE,Federal Contract Tower,4,14,14,6,38,0,0,11,8,19,4,14,25,14,57,8,60,68,125
02/04/2003,BFM,AL,ASO,CE,Federal Contract Tower,10,13,20,4,47,0,3,35,31,69,10,16,55,35,116,12,190,202,318
02/05/2003,BFM,AL,ASO,CE,Federal Contract Tower,7,18,22,6,53,0,6,60,44,110,7,24,82,50,163,14,332,346,509
02/06/2003,BFM,AL,ASO,CE,Federal Contract Tower,6,16,23,4,49,0,0,13,8,21,6,16,36,12,70,0,184,184,254
02/07/2003,BFM,AL,ASO,CE,Federal Contract Tower,6,17,26,5,54,0,11,18,2,31,6,28,44,7,85,0,140,140,225
02/08/2003,BFM,AL,ASO,CE,Federal Contract Tower,8,2,11,0,21,1,2,28,7,38,9,4,39,7,59,8,0,8,67
02/09/2003,BFM,AL,ASO,CE,Federal Contract Tower,4,0,10,0,14,0,2,28,0,30,4,2,38,0,44,30,0,30,74
02/10/2003,BFM,AL,ASO,CE,Federal Contract Tower,5,11,32,16,64,0,9,65,33,107,5,20,97,49,171,18,338,356,527
02/11/2003,BFM,AL,ASO,CE,Federal Contract Tower,8,10,30,5,53,0,3,58,40,101,8,13,88,45,154,22,150,172,326
02/12/2003,BFM,AL,ASO,CE,Federal Contract Tower,7,15,42,3,67,0,8,45,17,70,7,23,87,20,137,0,313,313,450
02/13/2003,BFM,AL,ASO,CE,Federal Contract Tower,10,13,32,4,59,0,7,50,18,75,10,20,82,22,134,4,302,306,440
02/14/2003,BFM,AL,ASO,CE,Federal Contract Tower,6,14,32,4,56,0,8,40,22,70,6,22,72,26,126,10,46,56,182
02/15/2003,BFM,AL,ASO,CE,Federal Contract Tower,4,3,11,0,18,0,1,21,2,24,4,4,32,2,42,52,0,52,94
02/16/2003,BFM,AL,ASO,CE,Federal Contract Tower,0,0,15,0,15,0,2,29,0,31,0,2,44,0,46,0,8,8,54
02/17/2003,BFM,AL,ASO,CE,Federal Contract Tower,3,8,21,0,32,0,0,16,0,16,3,8,37,0,48,0,6,6,54
02/18/2003,BFM,AL,ASO,CE,Federal Contract Tower,8,13,24,3,48,3,5,45,34,87,11,18,69,37,135,2,118,120,255
02/19/2003,BFM,AL,ASO,CE,Federal Contract Tower,9,13,22,4,48,4,8,59,25,96,13,21,81,29,144,18,252,270,414
02/20/2003,BFM,AL,ASO,CE,Federal Contract Tower,6,20,38,4,68,0,4,31,40,75,6,24,69,44,143,0,204,204,347
02/21/2003,BFM,AL,ASO,CE,Federal Contract Tower,8,13,22,1,44,0,5,6,3,14,8,18,28,4,58,2,0,2,60
02/22/2003,BFM,AL,ASO,CE,Federal Contract Tower,4,2,23,0,29,0,2,6,1,9,4,4,29,1,38,0,0,0,38
02/23/2003,BFM,AL,ASO,CE,Federal Contract Tower,2,0,15,0,17,0,0,82,5,87,2,0,97,5,104,12,12,24,128
02/24/2003,BFM,AL,ASO,CE,Federal Contract Tower,8,13,17,1,39,0,5,57,33,95,8,18,74,34,134,16,140,156,290
02/25/2003,BFM,AL,ASO,CE,Federal Contract Tower,6,14,25,0,45,0,3,50,49,102,6,17,75,49,147,28,200,228,375
02/26/2003,BFM,AL,ASO,CE,Federal Contract Tower,8,17,25,0,50,0,7,6,6,19,8,24,31,6,69,0,10,10,79
02/27/2003,BFM,AL,ASO,CE,Federal Contract Tower,9,16,34,4,63,5,14,17,41,77,14,30,51,45,140,0,176,176,316
02/28/2003,BFM,AL,ASO,CE,Federal Contract Tower,8,14,35,8,65,0,10,31,10,51,8,24,66,18,116,4,22,26,142
03/01/2003,BFM,AL,ASO,CE,Federal Contract Tower,2,1,11,4,18,0,0,8,0,8,2,1,19,4,26,0,0,0,26
03/02/2003,BFM,AL,ASO,CE,Federal Contract Tower,0,0,23,0,23,0,0,51,0,51,0,0,74,0,74,0,6,6,80
03/03/2003,BFM,AL,ASO,CE,Federal Contract Tower,2,15,23,0,40,0,3,42,24,69,2,18,65,24,109,4,220,224,333
03/04/2003,BFM,AL,ASO,CE,Federal Contract Tower,9,17,33,0,59,0,2,3,0,5,9,19,36,0,64,0,0,0,64
03/05/2003,BFM,AL,ASO,CE,Federal Contract Tower,6,17,23,2,48,0,3,19,12,34,6,20,42,14,82,38,0,38,120
03/06/2003,BFM,AL,ASO,CE,Federal Contract Tower,6,21,16,6,49,0,5,22,9,36,6,26,38,15,85,0,108,108,193
03/07/2003,BFM,AL,ASO,CE,Federal Contract Tower,9,15,37,4,65,4,5,53,14,76,13,20,90,18,141,0,44,44,185
03/08/2003,BFM,AL,ASO,CE,Federal Contract Tower,2,3,16,0,21,0,1,6,0,7,2,4,22,0,28,0,22,22,50
03/09/2003,BFM,AL,ASO,CE,Federal Contract Tower,0,0,9,0,9,0,1,30,4,35,0,1,39,4,44,0,8,8,52
03/10/2003,BFM,AL,ASO,CE,Federal Contract Tower,5,14,26,7,52,0,5,56,53,114,5,19,82,60,166,6,114,120,286
03/11/2003,BFM,AL,ASO,CE,Federal Contract Tower,10,17,23,4,54,0,7,39,29,75,10,24,62,33,129,0,200,200,329
03/12/2003,BFM,AL,ASO,CE,Federal Contract Tower,10,19,32,0,61,0,9,18,4,31,10,28,50,4,92,0,16,16,108
03/13/2003,BFM,AL,ASO,CE,Federal Contract Tower,6,12,32,4,54,0,3,27,20,50,6,15,59,24,104,0,186,186,290
03/14/2003,BFM,AL,ASO,CE,Federal Contract Tower,10,19,34,0,63,0,8,33,8,49,10,27,67,8,112,0,162,162,274
03/15/2003,BFM,AL,ASO,CE,Federal Contract Tower,1,1,10,1,13,0,1,31,3,35,1,2,41,4,48,20,2,22,70
03/16/2003,BFM,AL,ASO,CE,Federal Contract Tower,3,0,13,2,18,0,1,19,0,20,3,1,32,2,38,2,0,2,40
03/17/2003,BFM,AL,ASO,CE,Federal Contract Tower,5,11,24,7,47,0,5,15,28,48,5,16,39,35,95,26,170,196,291
03/18/2003,BFM,AL,ASO,CE,Federal Contract Tower,10,25,18,2,55,0,7,41,22,70,10,32,59,24,125,0,154,154,279
03/19/2003,BFM,AL,ASO,CE,Federal Contract Tower,9,19,24,2,54,0,7,48,45,100,9,26,72,47,154,14,268,282,436
03/20/2003,BFM,AL,ASO,CE,Federal Contract Tower,8,14,16,1,39,0,5,39,29,73,8,19,55,30,112,10,252,262,374
03/21/2003,BFM,AL,ASO,CE,Federal Contract Tower,8,21,18,0,47,0,8,62,35,105,8,29,80,35,152,34,120,154,306
03/22/2003,BFM,AL,ASO,CE,Federal Contract Tower,2,1,8,0,11,0,0,72,6,78,2,1,80,6,89,18,0,18,107
03/23/2003,BFM,AL,ASO,CE,Federal Contract Tower,2,0,11,0,13,0,1,43,4,48,2,1,54,4,61,24,0,24,85
03/24/2003,BFM,AL,ASO,CE,Federal Contract Tower,4,14,25,0,43,0,6,39,54,99,4,20,64,54,142,6,216,222,364
03/25/2003,BFM,AL,ASO,CE,Federal Contract Tower,12,13,11,8,44,0,3,51,46,100,12,16,62,54,144,14,236,250,394
03/26/2003,BFM,AL,ASO,CE,Federal Contract Tower,10,19,12,6,47,0,4,40,31,75,10,23,52,37,122,20,272,292,414
03/27/2003,BFM,AL,ASO,CE,Federal Contract Tower,8,18,31,8,65,0,1,52,54,107,8,19,83,62,172,12,260,272,444
03/28/2003,BFM,AL,ASO,CE,Federal Contract Tower,10,15,19,0,44,0,4,65,35,104,10,19,84,35,148,30,190,220,368
03/29/2003,BFM,AL,ASO,CE,Federal Contract Tower,3,3,12,0,18,0,0,24,4,28,3,3,36,4,46,24,0,24,70
03/30/2003,BFM,AL,ASO,CE,Federal Contract Tower,0,0,12,0,12,0,0,29,8,37,0,0,41,8,49,0,0,0,49
03/31/2003,BFM,AL,ASO,CE,Federal Contract Tower,2,12,13,3,30,0,5,39,47,91,2,17,52,50,121,0,124,124,245
04/01/2003,BFM,AL,ASO,CE,Federal Contract Tower,9,16,28,4,57,0,10,49,45,104,9,26,77,49,161,64,170,234,395
04/02/2003,BFM,AL,ASO,CE,Federal Contract Tower,5,12,24,8,49,0,14,68,44,126,5,26,92,52,175,42,266,308,483
04/03/2003,BFM,AL,ASO,CE,Federal Contract Tower,5,18,24,12,59,0,1,62,26,89,5,19,86,38,148,0,160,160,308
04/04/2003,BFM,AL,ASO,CE,Federal Contract Tower,11,16,27,9,63,0,3,22,19,44,11,19,49,28,107,8,68,76,183
04/05/2003,BFM,AL,ASO,CE,Federal Contract Tower,3,5,8,0,16,0,2,16,0,18,3,7,24,0,34,0,0,0,34
04/06/2003,BFM,AL,ASO,CE,Federal Contract Tower,0,1,8,0,9,0,1,12,4,17,0,2,20,4,26,6,0,6,32
04/07/2003,BFM,AL,ASO,CE,Federal Contract Tower,3,15,26,0,44,1,2,10,12,25,4,17,36,12,69,6,0,6,75
04/08/2003,BFM,AL,ASO,CE,Federal Contract Tower,8,17,19,0,44,0,5,10,14,29,8,22,29,14,73,4,8,12,85
04/09/2003,BFM,AL,ASO,CE,Federal Contract Tower,7,21,33,0,61,0,7,27,49,83,7,28,60,49,144,6,60,66,210
04/10/2003,BFM,AL,ASO,CE,Federal Contract Tower,12,22,30,17,81,0,4,50,55,109,12,26,80,72,190,14,220,234,424
04/11/2003,BFM,AL,ASO,CE,Federal Contract Tower,7,15,38,9,69,0,6,80,6,92,7,21,118,15,161,44,46,90,251
04/12/2003,BFM,AL,ASO,CE,Federal Contract Tower,2,2,26,2,32,0,1,47,2,50,2,3,73,4,82,18,8,26,108
04/13/2003,BFM,AL,ASO,CE,Federal Contract Tower,0,0,15,2,17,0,0,59,4,63,0,0,74,6,80,38,0,38,118
04/14/2003,BFM,AL,ASO,CE,Federal Contract Tower,2,15,18,4,39,0,5,50,48,103,2,20,68,52,142,0,24,24,166
04/15/2003,BFM,AL,ASO,CE,Federal Contract Tower,6,13,34,0,53,0,4,71,18,93,6,17,105,18,146,0,84,84,230
04/16/2003,BFM,AL,ASO,CE,Federal Contract Tower,10,19,32,4,65,0,10,42,41,93,10,29,74,45,158,0,246,246,404
04/17/2003,BFM,AL,ASO,CE,Federal Contract Tower,9,20,31,11,71,0,0,45,34,79,9,20,76,45,150,2,260,262,412
04/18/2003,BFM,AL,ASO,CE,Federal Contract Tower,7,14,18,0,39,0,8,49,23,80,7,22,67,23,119,22,50,72,191
04/19/2003,BFM,AL,ASO,CE,Federal Contract Tower,4,1,11,0,16,0,0,23,2,25,4,1,34,2,41,0,0,0,41
04/20/2003,BFM,AL,ASO,CE,Federal Contract Tower,2,0,12,0,14,0,2,25,0,27,2,2,37,0,41,0,0,0,41
04/21/2003,BFM,AL,ASO,CE,Federal Contract Tower,2,11,12,2,27,0,5,33,14,52,2,16,45,16,79,0,82,82,161
04/22/2003,BFM,AL,ASO,CE,Federal Contract Tower,7,17,38,4,66,0,4,43,27,74,7,21,81,31,140,10,142,152,292
04/23/2003,BFM,AL,ASO,CE,Federal Contract Tower,6,18,35,2,61,0,10,49,39,98,6,28,84,41,159,0,192,192,351
04/24/2003,BFM,AL,ASO,CE,Federal Contract Tower,5,11,25,0,41,3,3,26,21,53,8,14,51,21,94,8,152,160,254
04/25/2003,BFM,AL,ASO,CE,Federal Contract Tower,8,17,23,0,48,0,4,38,6,48,8,21,61,6,96,20,92,112,208
04/26/2003,BFM,AL,ASO,CE,Federal Contract Tower,7,1,11,0,19,0,1,57,0,58,7,2,68,0,77,18,0,18,95
04/27/2003,BFM,AL,ASO,CE,Federal Contract Tower,0,0,9,0,9,0,2,37,2,41,0,2,46,2,50,20,0,20,70
04/28/2003,BFM,AL,ASO,CE,Federal Contract Tower,2,18,15,4,39,0,2,54,22,78,2,20,69,26,117,0,18,18,135
04/29/2003,BFM,AL,ASO,CE,Federal Contract Tower,9,17,18,8,52,0,3,45,22,70,9,20,63,30,122,18,92,110,232
04/30/2003,BFM,AL,ASO,CE,Federal Contract Tower,9,18,24,14,65,0,9,63,22,94,9,27,87,36,159,0,186,186,345
05/01/2003,BFM,AL,ASO,CE,Federal Contract Tower,7,18,30,2,57,0,1,30,28,59,7,19,60,30,116,0,114,114,230
05/02/2003,BFM,AL,ASO,CE,Federal Contract Tower,16,14,21,2,53,0,4,44,17,65,16,18,65,19,118,20,66,86,204
05/03/2003,BFM,AL,ASO,CE,Federal Contract Tower,5,6,23,12,46,0,1,29,2,32,5,7,52,14,78,0,0,0,78
05/04/2003,BFM,AL,ASO,CE,Federal Contract Tower,0,2,15,0,17,0,3,26,0,29,0,5,41,0,46,14,0,14,60
05/05/2003,BFM,AL,ASO,CE,Federal Contract Tower,3,19,22,1,45,0,0,12,18,30,3,19,34,19,75,0,56,56,131
05/06/2003,BFM,AL,ASO,CE,Federal Contract Tower,6,16,23,2,47,0,0,21,33,54,6,16,44,35,101,0,0,0,101
05/07/2003,BFM,AL,ASO,CE,Federal Contract Tower,6,17,30,7,60,1,7,28,8,44,7,24,58,15,104,0,12,12,116
05/08/2003,BFM,AL,ASO,CE,Federal Contract Tower,6,18,48,3,75,0,8,42,39,89,6,26,90,42,164,4,168,172,336
05/09/2003,BFM,AL,ASO,CE,Federal Contract Tower,8,14,28,3,53,0,6,38,44,88,8,20,66,47,141,16,92,108,249
05/10/2003,BFM,AL,ASO,CE,Federal Contract Tower,2,3,9,1,15,0,6,37,2,45,2,9,46,3,60,2,32,34,94
05/11/2003,BFM,AL,ASO,CE,Federal Contract Tower,0,0,10,0,10,0,0,18,0,18,0,0,28,0,28,24,0,24,52
05/12/2003,BFM,AL,ASO,CE,Federal Contract Tower,4,11,31,5,51,0,2,27,26,55,4,13,58,31,106,0,48,48,154
05/13/2003,BFM,AL,ASO,CE,Federal Contract Tower,12,15,34,13,74,0,5,52,21,78,12,20,86,34,152,10,302,312,464
05/14/2003,BFM,AL,ASO,CE,Federal Contract Tower,5,16,35,15,71,0,9,60,33,102,5,25,95,48,173,24,346,370,543
05/15/2003,BFM,AL,ASO,CE,Federal Contract Tower,7,22,29,1,59,0,5,31,35,71,7,27,60,36,130,14,254,268,398
05/16/2003,BFM,AL,ASO,CE,Federal Contract Tower,11,16,21,1,49,0,6,68,20,94,11,22,89,21,143,2,86,88,231
05/17/2003,BFM,AL,ASO,CE,Federal Contract Tower,3,3,19,0,25,0,3,36,18,57,3,6,55,18,82,0,0,0,82
05/18/2003,BFM,AL,ASO,CE,Federal Contract Tower,0,4,7,0,11,0,4,2,0,6,0,8,9,0,17,0,0,0,17
05/19/2003,BFM,AL,ASO,CE,Federal Contract Tower,2,11,21,2,36,0,5,30,22,57,2,16,51,24,93,0,96,96,189
05/20/2003,BFM,AL,ASO,CE,Federal Contract Tower,5,15,35,0,55,0,3,22,12,37,5,18,57,12,92,4,54,58,150
05/21/2003,BFM,AL,ASO,CE,Federal Contract Tower,6,14,28,0,48,0,6,22,26,54,6,20,50,26,102,34,60,94,196
05/22/2003,BFM,AL,ASO,CE,Federal Contract Tower,9,18,37,3,67,0,2,36,31,69,9,20,73,34,136,0,150,150,286
05/23/2003,BFM,AL,ASO,CE,Federal Contract Tower,11,16,35,5,67,0,7,62,34,103,11,23,97,39,170,0,216,216,386
05/24/2003,BFM,AL,ASO,CE,Federal Contract Tower,3,2,11,0,16,0,1,63,0,64,3,3,74,0,80,28,0,28,108
05/25/2003,BFM,AL,ASO,CE,Federal Contract Tower,1,0,9,0,10,0,2,36,0,38,1,2,45,0,48,42,0,42,90
05/26/2003,BFM,AL,ASO,CE,Federal Contract Tower,2,0,13,0,15,0,0,11,0,11,2,0,24,0,26,0,0,0,26
05/27/2003,BFM,AL,ASO,CE,Federal Contract Tower,3,14,35,8,60,0,4,47,35,86,3,18,82,43,146,2,212,214,360
05/28/2003,BFM,AL,ASO,CE,Federal Contract Tower,10,17,24,3,54,0,10,56,35,101,10,27,80,38,155,20,174,194,349
05/29/2003,BFM,AL,ASO,CE,Federal Contract Tower,8,18,37,5,68,1,12,57,52,122,9,30,94,57,190,6,212,218,408
05/30/2003,BFM,AL,ASO,CE,Federal Contract Tower,11,20,31,12,74,6,6,51,14,77,17,26,82,26,151,0,126,126,277
05/31/2003,BFM,AL,ASO,CE,Federal Contract Tower,2,3,12,2,19,0,0,41,0,41,2,3,53,2,60,8,0,8,68
06/01/2003,BFM,AL,ASO,CE,Federal Contract Tower,0,0,21,0,21,0,4,24,0,28,0,4,45,0,49,84,0,84,133
06/02/2003,BFM,AL,ASO,CE,Federal Contract Tower,2,16,29,2,49,0,6,41,28,75,2,22,70,30,124,4,6,10,134
06/03/2003,BFM,AL,ASO,CE,Federal Contract Tower,11,12,12,1,36,0,7,28,35,70,11,19,40,36,106,12,154,166,272
06/04/2003,BFM,AL,ASO,CE,Federal Contract Tower,9,19,29,3,60,0,12,46,27,85,9,31,75,30,145,86,90,176,321
06/05/2003,BFM,AL,ASO,CE,Federal Contract Tower,6,18,22,0,46,0,5,51,21,77,6,23,73,21,123,16,182,198,321
06/06/2003,BFM,AL,ASO,CE,Federal Contract Tower,8,18,15,0,41,0,2,2,0,4,8,20,17,0,45,0,0,0,45
06/07/2003,BFM,AL,ASO,CE,Federal Contract Tower,5,3,7,0,15,0,0,20,0,20,5,3,27,0,35,0,0,0,35
06/08/2003,BFM,AL,ASO,CE,Federal Contract Tower,1,0,16,2,19,0,1,27,0,28,1,1,43,2,47,52,0,52,99
06/09/2003,BFM,AL,ASO,CE,Federal Contract Tower,3,13,25,6,47,0,3,53,23,79,3,16,78,29,126,6,90,96,222
06/10/2003,BFM,AL,ASO,CE,Federal Contract Tower,8,15,33,5,61,0,8,67,36,111,8,23,100,41,172,2,30,32,204
06/11/2003,BFM,AL,ASO,CE,Federal Contract Tower,8,17,25,3,53,0,5,21,39,65,8,22,46,42,118,48,116,164,282
06/12/2003,BFM,AL,ASO,CE,Federal Contract Tower,13,17,18,2,50,0,7,36,43,86,13,24,54,45,136,22,66,88,224
06/13/2003,BFM,AL,ASO,CE,Federal Contract Tower,9,18,16,3,46,0,10,52,14,76,9,28,68,17,122,8,58,66,188
06/14/2003,BFM,AL,ASO,CE,Federal Contract Tower,3,4,13,0,20,0,1,42,0,43,3,5,55,0,63,30,0,30,93
06/15/2003,BFM,AL,ASO,CE,Federal Contract Tower,0,0,13,0,13,0,0,4,0,4,0,0,17,0,17,0,0,0,17
06/16/2003,BFM,AL,ASO,CE,Federal Contract Tower,2,12,16,1,31,0,4,25,22,51,2,16,41,23,82,0,36,36,118
06/17/2003,BFM,AL,ASO,CE,Federal Contract Tower,9,22,25,0,56,0,2,6,25,33,9,24,31,25,89,0,96,96,185
06/18/2003,BFM,AL,ASO,CE,Federal Contract Tower,11,19,39,3,72,2,11,63,43,119,13,30,102,46,191,18,164,182,373
06/19/2003,BFM,AL,ASO,CE,Federal Contract Tower,9,15,24,1,49,0,3,26,28,57,9,18,50,29,106,8,180,188,294
06/20/2003,BFM,AL,ASO,CE,Federal Contract Tower,6,15,32,4,57,0,1,23,13,37,6,16,55,17,94,6,94,100,194
06/21/2003,BFM,AL,ASO,CE,Federal Contract Tower,5,2,8,0,15,0,2,27,0,29,5,4,35,0,44,2,0,2,46
06/22/2003,BFM,AL,ASO,CE,Federal Contract Tower,3,0,10,0,13,1,0,12,0,13,4,0,22,0,26,20,0,20,46
06/23/2003,BFM,AL,ASO,CE,Federal Contract Tower,4,11,9,1,25,0,6,45,25,76,4,17,54,26,101,56,158,214,315
06/24/2003,BFM,AL,ASO,CE,Federal Contract Tower,11,17,15,0,43,0,5,45,30,80,11,22,60,30,123,42,186,228,351
06/25/2003,BFM,AL,ASO,CE,Federal Contract Tower,8,16,19,6,49,0,8,54,45,107,8,24,73,51,156,6,176,182,338
06/26/2003,BFM,AL,ASO,CE,Federal Contract Tower,13,16,22,3,54,0,4,53,36,93,13,20,75,39,147,38,70,108,255
06/27/2003,BFM,AL,ASO,CE,Federal Contract Tower,7,17,19,4,47,0,3,27,29,59,7,20,46,33,106,26,0,26,132
06/28/2003,BFM,AL,ASO,CE,Federal Contract Tower,4,4,9,0,17,0,4,25,0,29,4,8,34,0,46,14,0,14,60
06/29/2003,BFM,AL,ASO,CE,Federal Contract Tower,1,2,8,0,11,0,0,21,0,21,1,2,29,0,32,0,0,0,32
06/30/2003,BFM,AL,ASO,CE,Federal Contract Tower,4,10,8,0,22,0,0,2,0,2,4,10,10,0,24,0,0,0,24
07/01/2003,BFM,AL,ASO,CE,Federal Contract Tower,6,17,18,2,43,0,5,22,27,54,6,22,40,29,97,14,78,92,189
07/02/2003,BFM,AL,ASO,CE,Federal Contract Tower,8,17,23,4,52,0,11,34,48,93,8,28,57,52,145,24,170,194,339
07/03/2003,BFM,AL,ASO,CE,Federal Contract Tower,9,23,31,0,63,8,0,33,14,55,17,23,64,14,118,46,120,166,284
07/04/2003,BFM,AL,ASO,CE,Federal Contract Tower,0,1,1,0,2,0,3,9,4,16,0,4,10,4,18,0,0,0,18
07/05/2003,BFM,AL,ASO,CE,Federal Contract Tower,3,0,9,0,12,0,4,21,2,27,3,4,30,2,39,14,0,14,53
07/06/2003,BFM,AL,ASO,CE,Federal Contract Tower,1,0,13,0,14,0,4,39,0,43,1,4,52,0,57,24,0,24,81
07/07/2003,BFM,AL,ASO,CE,Federal Contract Tower,6,12,17,3,38,1,16,43,22,82,7,28,60,25,120,2,188,190,310
07/08/2003,BFM,AL,ASO,CE,Federal Contract Tower,5,11,24,4,44,0,14,46,20,80,5,25,70,24,124,8,50,58,182
07/09/2003,BFM,AL,ASO,CE,Federal Contract Tower,6,15,28,5,54,0,10,31,31,72,6,25,59,36,126,0,44,44,170
07/10/2003,BFM,AL,ASO,CE,Federal Contract Tower,8,13,18,0,39,0,4,57,37,98,8,17,75,37,137,40,132,172,309
07/11/2003,BFM,AL,ASO,CE,Federal Contract Tower,11,13,16,0,40,5,2,40,46,93,16,15,56,46,133,10,68,78,211
07/12/2003,BFM,AL,ASO,CE,Federal Contract Tower,3,3,4,0,10,0,0,27,0,27,3,3,31,0,37,10,0,10,47
07/13/2003,BFM,AL,ASO,CE,Federal Contract Tower,0,0,6,1,7,0,0,29,2,31,0,0,35,3,38,12,28,40,78
07/14/2003,BFM,AL,ASO,CE,Federal Contract Tower,5,14,11,4,34,0,2,38,18,58,5,16,49,22,92,10,158,168,260
07/15/2003,BFM,AL,ASO,CE,Federal Contract Tower,8,20,30,2,60,0,10,59,25,94,8,30,89,27,154,10,54,64,218
07/16/2003,BFM,AL,ASO,CE,Federal Contract Tower,6,17,23,1,47,0,8,40,35,83,6,25,63,36,130,24,118,142,272
07/17/2003,BFM,AL,ASO,CE,Federal Contract Tower,13,16,35,2,66,0,3,35,24,62,13,19,70,26,128,16,166,182,310
07/18/2003,BFM,AL,ASO,CE,Federal Contract Tower,8,15,14,12,49,0,9,70,34,113,8,24,84,46,162,28,138,166,328
07/19/2003,BFM,AL,ASO,CE,Federal Contract Tower,2,2,11,0,15,0,2,25,4,31,2,4,36,4,46,44,0,44,90
07/20/2003,BFM,AL,ASO,CE,Federal Contract Tower,1,0,16,0,17,0,0,38,2,40,1,0,54,2,57,20,0,20,77
07/21/2003,BFM,AL,ASO,CE,Federal Contract Tower,2,16,13,0,31,0,4,26,20,50,2,20,39,20,81,14,88,102,183
07/22/2003,BFM,AL,ASO,CE,Federal Contract Tower,7,21,25,4,57,0,0,23,28,51,7,21,48,32,108,12,204,216,324
07/23/2003,BFM,AL,ASO,CE,Federal Contract Tower,6,23,28,0,57,0,2,9,23,34,6,25,37,23,91,12,108,120,211
07/24/2003,BFM,AL,ASO,CE,Federal Contract Tower,5,17,27,2,51,0,2,63,20,85,5,19,90,22,136,0,136,136,272
07/25/2003,BFM,AL,ASO,CE,Federal Contract Tower,10,16,21,2,49,0,3,22,24,49,10,19,43,26,98,26,102,128,226
07/26/2003,BFM,AL,ASO,CE,Federal Contract Tower,4,3,10,0,17,0,0,31,0,31,4,3,41,0,48,12,0,12,60
07/27/2003,BFM,AL,ASO,CE,Federal Contract Tower,6,0,7,0,13,0,0,23,6,29,6,0,30,6,42,44,0,44,86
07/28/2003,BFM,AL,ASO,CE,Federal Contract Tower,3,15,17,11,46,0,0,30,38,68,3,15,47,49,114,2,166,168,282
07/29/2003,BFM,AL,ASO,CE,Federal Contract Tower,6,19,22,0,47,0,4,35,34,73,6,23,57,34,120,22,92,114,234
07/30/2003,BFM,AL,ASO,CE,Federal Contract Tower,6,15,27,6,54,0,11,27,32,70,6,26,54,38,124,50,166,216,340
07/31/2003,BFM,AL,ASO,CE,Federal Contract Tower,6,17,62,7,92,0,0,5,7,12,6,17,67,14,104,2,76,78,182
08/01/2003,BFM,AL,ASO,CE,Federal Contract Tower,6,12,24,0,42,0,6,58,0,64,6,18,82,0,106,28,8,36,142
08/02/2003,BFM,AL,ASO,CE,Federal Contract Tower,4,1,9,0,14,0,2,50,0,52,4,3,59,0,66,36,6,42,108
08/03/2003,BFM,AL,ASO,CE,Federal Contract Tower,0,0,4,0,4,0,1,15,0,16,0,1,19,0,20,0,0,0,20
08/04/2003,BFM,AL,ASO,CE,Federal Contract Tower,2,17,31,0,50,0,1,39,19,59,2,18,70,19,109,32,40,72,181
08/05/2003,BFM,AL,ASO,CE,Federal Contract Tower,8,20,14,5,47,0,5,46,41,92,8,25,60,46,139,36,90,126,265
08/06/2003,BFM,AL,ASO,CE,Federal Contract Tower,6,14,24,4,48,0,8,47,13,68,6,22,71,17,116,32,50,82,198
08/07/2003,BFM,AL,ASO,CE,Federal Contract Tower,6,19,38,0,63,0,2,37,22,61,6,21,75,22,124,26,50,76,200
08/08/2003,BFM,AL,ASO,CE,Federal Contract Tower,6,15,29,9,59,0,6,74,16,96,6,21,103,25,155,0,86,86,241
08/09/2003,BFM,AL,ASO,CE,Federal Contract Tower,5,4,8,0,17,0,3,54,2,59,5,7,62,2,76,52,0,52,128
08/10/2003,BFM,AL,ASO,CE,Federal Contract Tower,2,0,8,1,11,0,1,40,3,44,2,1,48,4,55,50,12,62,117
08/11/2003,BFM,AL,ASO,CE,Federal Contract Tower,7,17,17,5,46,0,2,31,23,56,7,19,48,28,102,0,128,128,230
08/12/2003,BFM,AL,ASO,CE,Federal Contract Tower,7,15,41,4,67,0,1,6,12,19,7,16,47,16,86,0,42,42,128
08/13/2003,BFM,AL,ASO,CE,Federal Contract Tower,7,16,45,4,72,0,3,24,17,44,7,19,69,21,116,0,52,52,168
08/14/2003,BFM,AL,ASO,CE,Federal Contract Tower,6,20,47,8,81,0,2,55,26,83,6,22,102,34,164,12,120,132,296
08/15/2003,BFM,AL,ASO,CE,Federal Contract Tower,6,18,28,2,54,0,4,56,16,76,6,22,84,18,130,26,84,110,240
08/16/2003,BFM,AL,ASO,CE,Federal Contract Tower,3,2,6,0,11,0,1,26,0,27,3,3,32,0,38,12,0,12,50
08/17/2003,BFM,AL,ASO,CE,Federal Contract Tower,1,0,9,0,10,0,0,35,4,39,1,0,44,4,49,108,0,108,157
08/18/2003,BFM,AL,ASO,CE,Federal Contract Tower,2,10,28,7,47,0,6,49,31,86,2,16,77,38,133,4,160,164,297
08/19/2003,BFM,AL,ASO,CE,Federal Contract Tower,8,14,21,3,46,0,5,57,30,92,8,19,78,33,138,42,122,164,302
08/20/2003,BFM,AL,ASO,CE,Federal Contract Tower,8,14,39,0,61,0,6,50,13,69,8,20,89,13,130,0,14,14,144
08/21/2003,BFM,AL,ASO,CE,Federal Contract Tower,7,20,28,3,58,0,6,52,37,95,7,26,80,40,153,6,64,70,223
08/22/2003,BFM,AL,ASO,CE,Federal Contract Tower,5,18,29,9,61,0,6,37,31,74,5,24,66,40,135,66,114,180,315
08/23/2003,BFM,AL,ASO,CE,Federal Contract Tower,11,4,6,1,22,2,3,44,0,49,13,7,50,1,71,16,0,16,87
08/24/2003,BFM,AL,ASO,CE,Federal Contract Tower,4,0,11,0,15,0,0,46,0,46,4,0,57,0,61,28,0,28,89
08/25/2003,BFM,AL,ASO,CE,Federal Contract Tower,4,12,21,4,41,0,1,36,20,57,4,13,57,24,98,14,102,116,214
08/26/2003,BFM,AL,ASO,CE,Federal Contract Tower,8,18,37,11,74,1,4,50,31,86,9,22,87,42,160,42,94,136,296
08/27/2003,BFM,AL,ASO,CE,Federal Contract Tower,7,18,14,3,42,0,6,56,32,94,7,24,70,35,136,16,70,86,222
08/28/2003,BFM,AL,ASO,CE,Federal Contract Tower,5,17,28,1,51,0,11,59,19,89,5,28,87,20,140,14,74,88,228
08/29/2003,BFM,AL,ASO,CE,Federal Contract Tower,6,13,21,0,40,0,3,53,12,68,6,16,74,12,108,2,6,8,116
08/30/2003,BFM,AL,ASO,CE,Federal Contract Tower,4,3,14,0,21,0,3,37,0,40,4,6,51,0,61,4,0,4,65
08/31/2003,BFM,AL,ASO,CE,Federal Contract Tower,0,1,3,0,4,0,0,14,0,14,0,1,17,0,18,26,0,26,44
09/01/2003,BFM,AL,ASO,CE,Federal Contract Tower,0,0,10,0,10,0,0,29,0,29,0,0,39,0,39,0,0,0,39
09/02/2003,BFM,AL,ASO,CE,Federal Contract Tower,4,15,23,6,48,0,11,47,25,83,4,26,70,31,131,2,122,124,255
09/03/2003,BFM,AL,ASO,CE,Federal Contract Tower,8,16,23,5,52,0,10,47,32,89,8,26,70,37,141,20,118,138,279
09/04/2003,BFM,AL,ASO,CE,Federal Contract Tower,6,13,23,1,43,0,7,59,26,92,6,20,82,27,135,26,40,66,201
09/05/2003,BFM,AL,ASO,CE,Federal Contract Tower,5,13,12,7,37,2,5,58,7,72,7,18,70,14,109,12,6,18,127
09/06/2003,BFM,AL,ASO,CE,Federal Contract Tower,4,5,21,4,34,0,4,18,3,25,4,9,39,7,59,16,0,16,75
09/07/2003,BFM,AL,ASO,CE,Federal Contract Tower,2,0,10,0,12,0,0,30,0,30,2,0,40,0,42,18,0,18,60
09/08/2003,BFM,AL,ASO,CE,Federal Contract Tower,2,13,33,2,50,0,5,56,37,98,2,18,89,39,148,38,148,186,334
09/09/2003,BFM,AL,ASO,CE,Federal Contract Tower,6,19,20,2,47,0,4,51,29,84,6,23,71,31,131,28,100,128,259
09/10/2003,BFM,AL,ASO,CE,Federal Contract Tower,8,14,26,4,52,0,8,45,32,85,8,22,71,36,137,10,266,276,413
09/11/2003,BFM,AL,ASO,CE,Federal Contract Tower,8,16,40,2,66,0,4,52,26,82,8,20,92,28,148,16,76,92,240
09/12/2003,BFM,AL,ASO,CE,Federal Contract Tower,9,14,26,0,49,4,6,50,16,76,13,20,76,16,125,0,40,40,165
09/13/2003,BFM,AL,ASO,CE,Federal Contract Tower,2,3,11,0,16,0,1,26,0,27,2,4,37,0,43,0,0,0,43
09/14/2003,BFM,AL,ASO,CE,Federal Contract Tower,0,0,14,0,14,0,0,33,0,33,0,0,47,0,47,32,0,32,79
09/15/2003,BFM,AL,ASO,CE,Federal Contract Tower,2,16,24,3,45,0,3,44,25,72,2,19,68,28,117,30,90,120,237
09/16/2003,BFM,AL,ASO,CE,Federal Contract Tower,9,16,18,12,55,1,6,70,26,103,10,22,88,38,158,46,136,182,340
09/17/2003,BFM,AL,ASO,CE,Federal Contract Tower,6,15,20,2,43,0,8,68,18,94,6,23,88,20,137,22,202,224,361
09/18/2003,BFM,AL,ASO,CE,Federal Contract Tower,8,16,21,5,50,0,7,49,41,97,8,23,70,46,147,18,170,188,335
09/19/2003,BFM,AL,ASO,CE,Federal Contract Tower,9,17,33,0,59,0,8,63,13,84,9,25,96,13,143,42,88,130,273
09/20/2003,BFM,AL,ASO,CE,Federal Contract Tower,3,2,8,0,13,0,0,37,0,37,3,2,45,0,50,6,0,6,56
09/21/2003,BFM,AL,ASO,CE,Federal Contract Tower,1,0,11,0,12,0,0,21,0,21,1,0,32,0,33,18,0,18,51
09/22/2003,BFM,AL,ASO,CE,Federal Contract Tower,2,14,4,0,20,0,1,7,8,16,2,15,11,8,36,12,16,28,64
09/23/2003,BFM,AL,ASO,CE,Federal Contract Tower,6,20,32,0,58,0,2,37,36,75,6,22,69,36,133,12,144,156,289
09/24/2003,BFM,AL,ASO,CE,Federal Contract Tower,6,16,19,1,42,0,7,55,58,120,6,23,74,59,162,30,132,162,324
09/25/2003,BFM,AL,ASO,CE,Federal Contract Tower,8,21,31,0,60,0,5,32,37,74,8,26,63,37,134,36,108,144,278
09/26/2003,BFM,AL,ASO,CE,Federal Contract Tower,9,13,33,1,56,0,6,54,15,75,9,19,87,16,131,32,8,40,171
09/27/2003,BFM,AL,ASO,CE,Federal Contract Tower,2,2,20,0,24,0,2,54,0,56,2,4,74,0,80,6,0,6,86
09/28/2003,BFM,AL,ASO,CE,Federal Contract Tower,0,0,15,0,15,0,4,51,0,55,0,4,66,0,70,16,0,16,86
09/29/2003,BFM,AL,ASO,CE,Federal Contract Tower,3,16,24,1,44,0,3,38,28,69,3,19,62,29,113,0,54,54,167
09/30/2003,BFM,AL,ASO,CE,Federal Contract Tower,5,16,14,2,37,0,2,68,30,100,5,18,82,32,137,14,166,180,317
10/01/2003,BFM,AL,ASO,CE,Federal Contract Tower,7,19,34,3,63,0,8,58,23,89,7,27,92,26,152,18,98,116,268
10/02/2003,BFM,AL,ASO,CE,Federal Contract Tower,5,18,32,3,58,0,9,44,51,104,5,27,76,54,162,2,192,194,356
10/03/2003,BFM,AL,ASO,CE,Federal Contract Tower,6,11,22,2,41,0,13,45,41,99,6,24,67,43,140,0,94,94,234
10/04/2003,BFM,AL,ASO,CE,Federal Contract Tower,2,2,6,0,10,2,3,47,2,54,4,5,53,2,64,0,6,6,70
10/05/2003,BFM,AL,ASO,CE,Federal Contract Tower,1,4,8,0,13,0,4,42,0,46,1,8,50,0,59,60,0,60,119
10/06/2003,BFM,AL,ASO,CE,Federal Contract Tower,3,9,16,1,29,0,10,37,33,80,3,19,53,34,109,28,138,166,275
10/07/2003,BFM,AL,ASO,CE,Federal Contract Tower,8,15,28,2,53,1,5,28,18,52,9,20,56,20,105,60,142,202,307
10/08/2003,BFM,AL,ASO,CE,Federal Contract Tower,5,12,22,2,41,0,9,19,19,47,5,21,41,21,88,20,212,232,320
10/09/2003,BFM,AL,ASO,CE,Federal Contract Tower,7,14,26,2,49,6,7,15,33,61,13,21,41,35,110,20,136,156,266
10/10/2003,BFM,AL,ASO,CE,Federal Contract Tower,5,14,22,3,44,3,5,0,1,9,8,19,22,4,53,0,8,8,61
10/11/2003,BFM,AL,ASO,CE,Federal Contract Tower,2,5,7,1,15,0,1,14,3,18,2,6,21,4,33,0,0,0,33
10/12/2003,BFM,AL,ASO,CE,Federal Contract Tower,0,0,9,0,9,0,0,45,0,45,0,0,54,0,54,22,0,22,76
10/13/2003,BFM,AL,ASO,CE,Federal Contract Tower,2,11,18,1,32,0,4,30,0,34,2,15,48,1,66,34,0,34,100
10/14/2003,BFM,AL,ASO,CE,Federal Contract Tower,5,18,30,4,57,0,8,30,34,72,5,26,60,38,129,34,120,154,283
10/15/2003,BFM,AL,ASO,CE,Federal Contract Tower,5,16,27,4,52,0,8,54,44,106,5,24,81,48,158,68,278,346,504
10/16/2003,BFM,AL,ASO,CE,Federal Contract Tower,5,18,30,4,57,0,8,58,38,104,5,26,88,42,161,40,256,296,457
10/17/2003,BFM,AL,ASO,CE,Federal Contract Tower,5,14,23,3,45,2,14,27,23,66,7,28,50,26,111,56,162,218,329
10/18/2003,BFM,AL,ASO,CE,Federal Contract Tower,4,3,14,2,23,1,0,60,2,63,5,3,74,4,86,8,0,8,94
10/19/2003,BFM,AL,ASO,CE,Federal Contract Tower,2,2,10,0,14,1,0,56,0,57,3,2,66,0,71,10,0,10,81
10/20/2003,BFM,AL,ASO,CE,Federal Contract Tower,5,12,19,3,39,5,4,39,15,63,10,16,58,18,102,22,26,48,150
10/21/2003,BFM,AL,ASO,CE,Federal Contract Tower,7,15,25,3,50,6,5,35,18,64,13,20,60,21,114,0,20,20,134
10/22/2003,BFM,AL,ASO,CE,Federal Contract Tower,7,19,32,4,62,0,4,45,38,87,7,23,77,42,149,20,104,124,273
10/23/2003,BFM,AL,ASO,CE,Federal Contract Tower,6,15,24,3,48,2,4,68,15,89,8,19,92,18,137,14,68,82,219
10/24/2003,BFM,AL,ASO,CE,Federal Contract Tower,7,18,30,4,59,3,1,54,0,58,10,19,84,4,117,28,12,40,157
10/25/2003,BFM,AL,ASO,CE,Federal Contract Tower,2,4,8,0,14,2,0,35,0,37,4,4,43,0,51,24,0,24,75
10/26/2003,BFM,AL,ASO,CE,Federal Contract Tower,0,1,5,0,6,0,0,18,0,18,0,1,23,0,24,14,0,14,38
10/27/2003,BFM,AL,ASO,CE,Federal Contract Tower,5,14,33,3,55,0,0,21,16,37,5,14,54,19,92,32,42,74,166
10/28/2003,BFM,AL,ASO,CE,Federal Contract Tower,10,15,36,3,64,0,0,31,13,44,10,15,67,16,108,22,34,56,164
10/29/2003,BFM,AL,ASO,CE,Federal Contract Tower,7,15,26,2,50,1,2,62,6,71,8,17,88,8,121,48,20,68,189
10/30/2003,BFM,AL,ASO,CE,Federal Contract Tower,6,14,24,2,46,1,6,31,20,58,7,20,55,22,104,18,18,36,140
10/31/2003,BFM,AL,ASO,CE,Federal Contract Tower,6,15,26,2,49,1,6,39,13,59,7,21,65,15,108,18,52,70,178
11/01/2003,BFM,AL,ASO,CE,Federal Contract Tower,2,4,11,2,19,0,1,45,0,46,2,5,56,2,65,24,0,24,89
11/02/2003,BFM,AL,ASO,CE,Federal Contract Tower,3,2,12,0,17,3,0,45,0,48,6,2,57,0,65,4,0,4,69
11/03/2003,BFM,AL,ASO,CE,Federal Contract Tower,5,8,21,4,38,1,2,39,15,57,6,10,60,19,95,10,58,68,163
11/04/2003,BFM,AL,ASO,CE,Federal Contract Tower,8,16,35,6,65,0,2,23,23,48,8,18,58,29,113,0,102,102,215
11/05/2003,BFM,AL,ASO,CE,Federal Contract Tower,6,10,24,5,45,2,6,19,4,31,8,16,43,9,76,6,26,32,108
11/06/2003,BFM,AL,ASO,CE,Federal Contract Tower,7,14,34,7,62,0,0,41,49,90,7,14,75,56,152,0,30,30,182
11/07/2003,BFM,AL,ASO,CE,Federal Contract Tower,8,17,32,6,63,0,3,45,4,52,8,20,77,10,115,12,30,42,157
11/08/2003,BFM,AL,ASO,CE,Federal Contract Tower,4,6,14,2,26,1,0,49,0,50,5,6,63,2,76,4,28,32,108
11/09/2003,BFM,AL,ASO,CE,Federal Contract Tower,0,2,19,2,23,0,0,18,0,18,0,2,37,2,41,0,0,0,41
11/10/2003,BFM,AL,ASO,CE,Federal Contract Tower,3,9,16,3,31,0,7,52,25,84,3,16,68,28,115,6,48,54,169
11/11/2003,BFM,AL,ASO,CE,Federal Contract Tower,4,9,15,0,28,2,5,39,0,46,6,14,54,0,74,10,0,10,84
11/12/2003,BFM,AL,ASO,CE,Federal Contract Tower,6,13,24,5,48,0,7,18,30,55,6,20,42,35,103,8,108,116,219
11/13/2003,BFM,AL,ASO,CE,Federal Contract Tower,6,14,26,5,51,0,8,31,20,59,6,22,57,25,110,0,76,76,186
11/14/2003,BFM,AL,ASO,CE,Federal Contract Tower,6,16,31,6,59,3,3,34,31,71,9,19,65,37,130,32,57,89,219
11/15/2003,BFM,AL,ASO,CE,Federal Contract Tower,3,4,15,0,22,2,0,39,0,41,5,4,54,0,63,12,0,12,75
11/16/2003,BFM,AL,ASO,CE,Federal Contract Tower,1,2,7,2,12,1,0,47,4,52,2,2,54,6,64,8,34,42,106
11/17/2003,BFM,AL,ASO,CE,Federal Contract Tower,4,12,24,3,43,0,5,21,19,45,4,17,45,22,88,44,26,70,158
11/18/2003,BFM,AL,ASO,CE,Federal Contract Tower,4,11,20,3,38,2,7,0,7,16,6,18,20,10,54,10,6,16,70
11/19/2003,BFM,AL,ASO,CE,Federal Contract Tower,7,19,36,6,68,1,6,15,38,60,8,25,51,44,128,20,124,144,272
11/20/2003,BFM,AL,ASO,CE,Federal Contract Tower,5,20,38,6,69,0,0,98,43,141,5,20,136,49,210,50,166,216,426
11/21/2003,BFM,AL,ASO,CE,Federal Contract Tower,5,17,33,5,60,0,2,75,28,105,5,19,108,33,165,12,120,132,297
11/22/2003,BFM,AL,ASO,CE,Federal Contract Tower,2,4,11,1,18,0,0,63,1,64,2,4,74,2,82,8,22,30,112
11/23/2003,BFM,AL,ASO,CE,Federal Contract Tower,1,3,7,0,11,0,0,48,0,48,1,3,55,0,59,0,12,12,71
11/24/2003,BFM,AL,ASO,CE,Federal Contract Tower,2,14,28,4,48,0,0,23,45,68,2,14,51,49,116,10,82,92,208
11/25/2003,BFM,AL,ASO,CE,Federal Contract Tower,5,13,25,4,47,1,8,74,39,122,6,21,99,43,169,24,96,120,289
11/26/2003,BFM,AL,ASO,CE,Federal Contract Tower,6,15,31,5,57,0,3,72,12,87,6,18,103,17,144,18,60,78,222
11/27/2003,BFM,AL,ASO,CE,Federal Contract Tower,0,1,3,0,4,1,0,2,0,3,1,1,5,0,7,0,0,0,7
11/28/2003,BFM,AL,ASO,CE,Federal Contract Tower,2,7,13,0,22,4,14,14,0,32,6,21,27,0,54,0,0,0,54
11/29/2003,BFM,AL,ASO,CE,Federal Contract Tower,2,6,12,0,20,0,2,54,0,56,2,8,66,0,76,0,0,0,76
11/30/2003,BFM,AL,ASO,CE,Federal Contract Tower,0,0,8,0,8,0,0,68,0,68,0,0,76,0,76,40,0,40,116
12/01/2003,BFM,AL,ASO,CE,Federal Contract Tower,2,11,23,4,40,0,8,31,26,65,2,19,54,30,105,2,120,122,227
12/02/2003,BFM,AL,ASO,CE,Federal Contract Tower,7,18,37,7,69,0,0,40,37,77,7,18,77,44,146,16,100,116,262
12/03/2003,BFM,AL,ASO,CE,Federal Contract Tower,5,17,30,5,57,0,5,23,1,29,5,22,53,6,86,14,8,22,108
12/04/2003,BFM,AL,ASO,CE,Federal Contract Tower,9,17,32,6,64,0,2,0,23,25,9,19,32,29,89,0,0,0,89
12/05/2003,BFM,AL,ASO,CE,Federal Contract Tower,9,15,41,7,72,0,0,74,19,93,9,15,115,26,165,34,16,50,215
12/06/2003,BFM,AL,ASO,CE,Federal Contract Tower,5,6,17,3,31,1,0,36,8,45,6,6,53,11,76,10,0,10,86
12/07/2003,BFM,AL,ASO,CE,Federal Contract Tower,0,3,10,1,14,0,0,60,4,64,0,3,70,5,78,18,6,24,102
12/08/2003,BFM,AL,ASO,CE,Federal Contract Tower,3,11,21,4,39,0,6,41,32,79,3,17,62,36,118,6,96,102,220
12/09/2003,BFM,AL,ASO,CE,Federal Contract Tower,7,17,35,6,65,0,0,25,15,40,7,17,60,21,105,0,50,50,155
12/10/2003,BFM,AL,ASO,CE,Federal Contract Tower,8,17,28,6,59,0,4,17,24,45,8,21,45,30,104,0,40,40,144
12/11/2003,BFM,AL,ASO,CE,Federal Contract Tower,9,21,35,7,72,5,4,38,31,78,14,25,73,38,150,14,58,72,222
12/12/2003,BFM,AL,ASO,CE,Federal Contract Tower,7,17,28,6,58,9,2,48,6,65,16,19,76,12,123,96,46,142,265
12/13/2003,BFM,AL,ASO,CE,Federal Contract Tower,1,3,5,0,9,4,3,7,0,14,5,6,12,0,23,0,0,0,23
12/14/2003,BFM,AL,ASO,CE,Federal Contract Tower,0,5,7,0,12,0,1,34,0,35,0,6,41,0,47,0,34,34,81
12/15/2003,BFM,AL,ASO,CE,Federal Contract Tower,4,11,18,4,37,0,10,36,49,95,4,21,54,53,132,24,178,202,334
12/16/2003,BFM,AL,ASO,CE,Federal Contract Tower,7,16,27,6,56,6,5,23,21,55,13,21,50,27,111,12,112,124,235
12/17/2003,BFM,AL,ASO,CE,Federal Contract Tower,6,14,24,5,49,4,7,66,32,109,10,21,90,37,158,22,120,142,300
12/18/2003,BFM,AL,ASO,CE,Federal Contract Tower,8,16,27,6,57,5,5,49,37,96,13,21,76,43,153,38,146,184,337
12/19/2003,BFM,AL,ASO,CE,Federal Contract Tower,8,18,31,7,64,0,2,63,7,72,8,20,94,14,136,14,32,46,182
12/20/2003,BFM,AL,ASO,CE,Federal Contract Tower,2,6,10,2,20,2,0,55,0,57,4,6,65,2,77,106,0,106,183
12/21/2003,BFM,AL,ASO,CE,Federal Contract Tower,1,2,7,0,10,0,0,55,0,55,1,2,62,0,65,44,0,44,109
12/22/2003,BFM,AL,ASO,CE,Federal Contract Tower,2,10,17,4,33,0,6,67,25,98,2,16,84,29,131,24,62,86,217
12/23/2003,BFM,AL,ASO,CE,Federal Contract Tower,6,14,23,5,48,8,9,20,5,42,14,23,43,10,90,0,18,18,108
12/24/2003,BFM,AL,ASO,CE,Federal Contract Tower,7,14,27,5,53,3,15,30,1,49,10,29,57,6,102,4,0,4,106
12/25/2003,BFM,AL,ASO,CE,Federal Contract Tower,0,1,6,1,8,0,0,11,1,12,0,1,17,2,20,2,0,2,22
12/26/2003,BFM,AL,ASO,CE,Federal Contract Tower,4,11,20,0,35,0,9,54,0,63,4,20,74,0,98,12,0,12,110
12/27/2003,BFM,AL,ASO,CE,Federal Contract Tower,2,4,8,1,15,0,3,63,1,67,2,7,71,2,82,14,6,20,102
12/28/2003,BFM,AL,ASO,CE,Federal Contract Tower,0,0,8,1,9,0,0,41,3,44,0,0,49,4,53,12,0,12,65
12/29/2003,BFM,AL,ASO,CE,Federal Contract Tower,2,5,8,1,16,0,11,12,13,36,2,16,20,14,52,32,36,68,120
12/30/2003,BFM,AL,ASO,CE,Federal Contract Tower,6,13,23,4,46,0,10,39,14,63,6,23,62,18,109,20,46,66,175
12/31/2003,BFM,AL,ASO,CE,Federal Contract Tower,4,11,18,3,36,2,11,51,5,69,6,22,69,8,105,16,36,52,157
01/01/2004,BFM,AL,ASO,CE,Federal Contract Tower,0,0,7,2,9,0,0,41,4,45,0,0,48,6,54,34,0,34,88
01/02/2004,BFM,AL,ASO,CE,Federal Contract Tower,6,8,21,0,35,0,10,10,0,20,6,18,31,0,55,0,0,0,55
01/03/2004,BFM,AL,ASO,CE,Federal Contract Tower,2,3,10,0,15,0,1,12,0,13,2,4,22,0,28,0,0,0,28
01/04/2004,BFM,AL,ASO,CE,Federal Contract Tower,0,0,7,0,7,0,0,6,0,6,0,0,13,0,13,0,0,0,13
01/05/2004,BFM,AL,ASO,CE,Federal Contract Tower,2,8,16,0,26,0,12,4,0,16,2,20,20,0,42,0,20,20,62
01/06/2004,BFM,AL,ASO,CE,Federal Contract Tower,5,10,21,7,43,2,14,31,14,61,7,24,52,21,104,0,58,58,162
01/07/2004,BFM,AL,ASO,CE,Federal Contract Tower,5,11,22,8,46,8,12,46,28,94,13,23,68,36,140,8,144,152,292
01/08/2004,BFM,AL,ASO,CE,Federal Contract Tower,7,14,28,9,58,1,4,24,11,40,8,18,52,20,98,6,10,16,114
01/09/2004,BFM,AL,ASO,CE,Federal Contract Tower,6,13,26,9,54,0,5,18,8,31,6,18,44,17,85,0,0,0,85
01/10/2004,BFM,AL,ASO,CE,Federal Contract Tower,2,2,14,5,23,0,0,75,3,78,2,2,89,8,101,20,0,20,121
01/11/2004,BFM,AL,ASO,CE,Federal Contract Tower,0,2,11,4,17,0,0,73,12,85,0,2,84,16,102,30,6,36,138
01/12/2004,BFM,AL,ASO,CE,Federal Contract Tower,4,12,27,8,51,0,8,24,53,85,4,20,51,61,136,16,160,176,312
01/13/2004,BFM,AL,ASO,CE,Federal Contract Tower,6,18,35,11,70,0,4,59,63,126,6,22,94,74,196,60,276,336,532
01/14/2004,BFM,AL,ASO,CE,Federal Contract Tower,9,21,42,13,85,0,4,54,72,130,9,25,96,85,215,36,192,228,443
01/15/2004,BFM,AL,ASO,CE,Federal Contract Tower,7,20,40,12,79,0,7,23,45,75,7,27,63,57,154,0,178,178,332
01/16/2004,BFM,AL,ASO,CE,Federal Contract Tower,5,12,24,7,48,1,13,54,33,101,6,25,78,40,149,34,148,182,331
01/17/2004,BFM,AL,ASO,CE,Federal Contract Tower,1,4,7,0,12,3,3,10,0,16,4,7,17,0,28,4,0,4,32
01/18/2004,BFM,AL,ASO,CE,Federal Contract Tower,1,2,7,0,10,0,0,26,0,26,1,2,33,0,36,22,18,40,76
01/19/2004,BFM,AL,ASO,CE,Federal Contract Tower,4,6,26,6,42,0,0,58,0,58,4,6,84,6,100,10,12,22,122
01/20/2004,BFM,AL,ASO,CE,Federal Contract Tower,8,20,40,12,80,1,3,36,43,83,9,23,76,55,163,4,134,138,301
01/21/2004,BFM,AL,ASO,CE,Federal Contract Tower,6,19,39,12,76,0,3,36,43,82,6,22,75,55,158,8,120,128,286
01/22/2004,BFM,AL,ASO,CE,Federal Contract Tower,8,19,38,11,76,1,0,61,60,122,9,19,99,71,198,8,128,136,334
01/23/2004,BFM,AL,ASO,CE,Federal Contract Tower,6,19,37,11,73,0,4,68,13,85,6,23,105,24,158,38,44,82,240
01/24/2004,BFM,AL,ASO,CE,Federal Contract Tower,1,4,8,2,15,1,0,33,0,34,2,4,41,2,49,34,0,34,83
01/25/2004,BFM,AL,ASO,CE,Federal Contract Tower,1,2,12,4,19,0,0,23,2,25,1,2,35,6,44,4,2,6,50
01/26/2004,BFM,AL,ASO,CE,Federal Contract Tower,4,13,26,7,50,0,4,9,45,58,4,17,35,52,108,0,20,20,128
01/27/2004,BFM,AL,ASO,CE,Federal Contract Tower,7,18,36,11,72,3,6,19,38,66,10,24,55,49,138,12,246,258,396
01/28/2004,BFM,AL,ASO,CE,Federal Contract Tower,7,16,33,9,65,2,6,34,57,99,9,22,67,66,164,16,148,164,328
01/29/2004,BFM,AL,ASO,CE,Federal Contract Tower,10,20,47,14,91,3,0,36,50,89,13,20,83,64,180,0,142,142,322
01/30/2004,BFM,AL,ASO,CE,Federal Contract Tower,7,18,35,11,71,7,12,0,3,22,14,30,35,14,93,0,12,12,105
01/31/2004,BFM,AL,ASO,CE,Federal Contract Tower,1,4,9,0,14,2,0,38,0,40,3,4,47,0,54,4,0,4,58
02/01/2004,BFM,AL,ASO,CE,Federal Contract Tower,0,1,7,3,11,0,0,18,2,20,0,1,25,5,31,4,0,4,35
02/02/2004,BFM,AL,ASO,CE,Federal Contract Tower,3,8,18,2,31,0,13,13,0,26,3,21,31,2,57,0,0,0,57
02/03/2004,BFM,AL,ASO,CE,Federal Contract Tower,9,22,41,21,93,0,4,37,84,125,9,26,78,105,218,4,170,174,392
02/04/2004,BFM,AL,ASO,CE,Federal Contract Tower,7,16,29,15,67,0,11,41,32,84,7,27,70,47,151,22,98,120,271
02/05/2004,BFM,AL,ASO,CE,Federal Contract Tower,9,14,24,10,57,0,13,1,0,14,9,27,25,10,71,6,0,6,77
02/06/2004,BFM,AL,ASO,CE,Federal Contract Tower,8,15,25,14,62,1,6,35,23,65,9,21,60,37,127,6,168,174,301
02/07/2004,BFM,AL,ASO,CE,Federal Contract Tower,2,4,16,9,31,0,0,35,45,80,2,4,51,54,111,44,52,96,207
02/08/2004,BFM,AL,ASO,CE,Federal Contract Tower,4,4,13,8,29,0,0,63,37,100,4,4,76,45,129,62,32,94,223
02/09/2004,BFM,AL,ASO,CE,Federal Contract Tower,2,10,17,10,39,0,6,34,88,128,2,16,51,98,167,22,176,198,365
02/10/2004,BFM,AL,ASO,CE,Federal Contract Tower,6,18,26,16,66,0,6,0,14,20,6,24,26,30,86,0,92,92,178
02/11/2004,BFM,AL,ASO,CE,Federal Contract Tower,6,18,31,17,72,0,5,3,5,13,6,23,34,22,85,0,0,0,85
02/12/2004,BFM,AL,ASO,CE,Federal Contract Tower,6,23,42,21,92,0,2,7,31,40,6,25,49,52,132,0,48,48,180
02/13/2004,BFM,AL,ASO,CE,Federal Contract Tower,8,18,33,17,76,0,4,20,52,76,8,22,53,69,152,24,80,104,256
02/14/2004,BFM,AL,ASO,CE,Federal Contract Tower,1,2,2,2,7,3,0,0,2,5,4,2,2,4,12,0,0,0,12
02/15/2004,BFM,AL,ASO,CE,Federal Contract Tower,2,2,9,4,17,0,0,25,6,31,2,2,34,10,48,0,0,0,48
02/16/2004,BFM,AL,ASO,CE,Federal Contract Tower,5,10,19,9,43,0,0,49,3,52,5,10,68,12,95,22,20,42,137
02/17/2004,BFM,AL,ASO,CE,Federal Contract Tower,7,15,27,13,62,11,7,12,47,77,18,22,39,60,139,10,180,190,329
02/18/2004,BFM,AL,ASO,CE,Federal Contract Tower,7,18,33,17,75,0,5,70,55,130,7,23,103,72,205,0,130,130,335
02/19/2004,BFM,AL,ASO,CE,Federal Contract Tower,5,15,28,14,62,0,11,70,42,123,5,26,98,56,185,4,70,74,259
02/20/2004,BFM,AL,ASO,CE,Federal Contract Tower,6,14,26,12,58,0,3,38,42,83,6,17,64,54,141,4,174,178,319
02/21/2004,BFM,AL,ASO,CE,Federal Contract Tower,2,3,10,4,19,4,0,55,2,61,6,3,65,6,80,14,0,14,94
02/22/2004,BFM,AL,ASO,CE,Federal Contract Tower,2,3,12,6,23,0,0,44,12,56,2,3,56,18,79,16,8,24,103
02/23/2004,BFM,AL,ASO,CE,Federal Contract Tower,4,8,13,0,25,1,8,0,0,9,5,16,13,0,34,0,0,0,34
02/24/2004,BFM,AL,ASO,CE,Federal Contract Tower,2,6,0,2,10,8,5,0,0,13,10,11,0,2,23,0,0,0,23
02/25/2004,BFM,AL,ASO,CE,Federal Contract Tower,7,15,27,4,53,8,2,13,0,23,15,17,40,4,76,6,0,6,82
02/26/2004,BFM,AL,ASO,CE,Federal Contract Tower,9,17,33,17,76,4,0,26,20,50,13,17,59,37,126,0,34,34,160
02/27/2004,BFM,AL,ASO,CE,Federal Contract Tower,8,15,28,14,65,0,3,59,63,125,8,18,87,77,190,10,94,104,294
02/28/2004,BFM,AL,ASO,CE,Federal Contract Tower,3,2,11,5,21,1,0,83,26,110,4,2,94,31,131,70,76,146,277
02/29/2004,BFM,AL,ASO,CE,Federal Contract Tower,4,2,15,7,28,6,0,25,6,37,10,2,40,13,65,20,16,36,101
03/01/2004,BFM,AL,ASO,CE,Federal Contract Tower,5,15,31,19,70,0,0,11,58,69,5,15,42,77,139,12,112,124,263
03/02/2004,BFM,AL,ASO,CE,Federal Contract Tower,9,15,31,18,73,5,0,39,50,94,14,15,70,68,167,8,146,154,321
03/03/2004,BFM,AL,ASO,CE,Federal Contract Tower,6,11,23,14,54,0,9,37,51,97,6,20,60,65,151,34,166,200,351
03/04/2004,BFM,AL,ASO,CE,Federal Contract Tower,8,18,36,21,83,0,5,22,56,83,8,23,58,77,166,22,178,200,366
03/05/2004,BFM,AL,ASO,CE,Federal Contract Tower,7,14,28,8,57,0,4,16,0,20,7,18,44,8,77,0,0,0,77
03/06/2004,BFM,AL,ASO,CE,Federal Contract Tower,3,5,11,7,26,6,6,44,14,70,9,11,55,21,96,24,0,24,120
03/07/2004,BFM,AL,ASO,CE,Federal Contract Tower,0,1,5,3,9,0,0,78,3,81,0,1,83,6,90,34,8,42,132
03/08/2004,BFM,AL,ASO,CE,Federal Contract Tower,2,13,29,17,61,0,0,46,69,115,2,13,75,86,176,24,182,206,382
03/09/2004,BFM,AL,ASO,CE,Federal Contract Tower,6,13,37,22,78,0,0,56,59,115,6,13,93,81,193,20,134,154,347
03/10/2004,BFM,AL,ASO,CE,Federal Contract Tower,5,16,32,19,72,0,1,38,45,84,5,17,70,64,156,40,74,114,270
03/11/2004,BFM,AL,ASO,CE,Federal Contract Tower,6,10,21,12,49,0,10,64,51,125,6,20,85,63,174,24,156,180,354
03/12/2004,BFM,AL,ASO,CE,Federal Contract Tower,6,11,22,14,53,1,8,63,13,85,7,19,85,27,138,20,176,196,334
03/13/2004,BFM,AL,ASO,CE,Federal Contract Tower,2,2,6,4,14,0,0,84,8,92,2,2,90,12,106,82,20,102,208
03/14/2004,BFM,AL,ASO,CE,Federal Contract Tower,3,3,13,5,24,0,0,43,0,43,3,3,56,5,67,0,0,0,67
03/15/2004,BFM,AL,ASO,CE,Federal Contract Tower,6,12,23,14,55,0,5,27,43,75,6,17,50,57,130,14,86,100,230
03/16/2004,BFM,AL,ASO,CE,Federal Contract Tower,9,18,37,20,84,1,4,53,80,138,10,22,90,100,222,6,286,292,514
03/17/2004,BFM,AL,ASO,CE,Federal Contract Tower,5,12,24,13,54,3,9,73,57,142,8,21,97,70,196,28,198,226,422
03/18/2004,BFM,AL,ASO,CE,Federal Contract Tower,8,18,35,19,80,4,5,39,54,102,12,23,74,73,182,0,194,194,376
03/19/2004,BFM,AL,ASO,CE,Federal Contract Tower,7,16,32,17,72,0,3,23,24,50,7,19,55,41,122,4,110,114,236
03/20/2004,BFM,AL,ASO,CE,Federal Contract Tower,2,1,9,2,14,6,0,69,0,75,8,1,78,2,89,22,0,22,111
03/21/2004,BFM,AL,ASO,CE,Federal Contract Tower,1,1,5,2,9,3,0,57,2,62,4,1,62,4,71,14,0,14,85
03/22/2004,BFM,AL,ASO,CE,Federal Contract Tower,2,10,20,11,43,0,6,36,33,75,2,16,56,44,118,0,44,44,162
03/23/2004,BFM,AL,ASO,CE,Federal Contract Tower,6,14,27,15,62,4,7,52,56,119,10,21,79,71,181,0,148,148,329
03/24/2004,BFM,AL,ASO,CE,Federal Contract Tower,8,16,32,18,74,6,8,35,53,102,14,24,67,71,176,50,186,236,412
03/25/2004,BFM,AL,ASO,CE,Federal Contract Tower,7,14,28,16,65,1,6,26,43,76,8,20,54,59,141,0,260,260,401
03/26/2004,BFM,AL,ASO,CE,Federal Contract Tower,5,12,23,12,52,0,3,52,15,70,5,15,75,27,122,0,36,36,158
03/27/2004,BFM,AL,ASO,CE,Federal Contract Tower,1,3,8,2,14,1,0,59,0,60,2,3,67,2,74,18,0,18,92
03/28/2004,BFM,AL,ASO,CE,Federal Contract Tower,0,1,5,2,8,0,0,35,4,39,0,1,40,6,47,6,0,6,53
03/29/2004,BFM,AL,ASO,CE,Federal Contract Tower,3,9,19,10,41,0,10,32,57,99,3,19,51,67,140,8,160,168,308
03/30/2004,BFM,AL,ASO,CE,Federal Contract Tower,5,13,28,17,63,0,11,22,85,118,5,24,50,102,181,8,220,228,409
03/31/2004,BFM,AL,ASO,CE,Federal Contract Tower,6,23,46,27,102,0,4,49,73,126,6,27,95,100,228,58,196,254,482
04/01/2004,BFM,AL,ASO,CE,Federal Contract Tower,6,12,25,12,55,0,10,51,42,103,6,22,76,54,158,30,198,228,386
04/02/2004,BFM,AL,ASO,CE,Federal Contract Tower,6,9,20,10,45,7,8,58,9,82,13,17,78,19,127,20,94,114,241
04/03/2004,BFM,AL,ASO,CE,Federal Contract Tower,2,3,18,9,32,0,0,61,23,84,2,3,79,32,116,36,4,40,156
04/04/2004,BFM,AL,ASO,CE,Federal Contract Tower,0,0,5,2,7,0,0,40,10,50,0,0,45,12,57,14,0,14,71
04/05/2004,BFM,AL,ASO,CE,Federal Contract Tower,2,9,20,10,41,0,7,32,51,90,2,16,52,61,131,0,204,204,335
04/06/2004,BFM,AL,ASO,CE,Federal Contract Tower,9,18,35,17,79,4,8,42,77,131,13,26,77,94,210,6,170,176,386
04/07/2004,BFM,AL,ASO,CE,Federal Contract Tower,6,13,25,12,56,0,5,14,19,38,6,18,39,31,94,0,50,50,144
04/08/2004,BFM,AL,ASO,CE,Federal Contract Tower,6,19,36,18,79,0,2,39,97,138,6,21,75,115,217,24,348,372,589
04/09/2004,BFM,AL,ASO,CE,Federal Contract Tower,5,10,18,9,42,1,10,57,12,80,6,20,75,21,122,32,136,168,290
04/10/2004,BFM,AL,ASO,CE,Federal Contract Tower,2,0,7,2,11,0,0,64,0,64,2,0,71,2,75,34,0,34,109
04/11/2004,BFM,AL,ASO,CE,Federal Contract Tower,0,2,3,0,5,0,0,7,0,7,0,2,10,0,12,4,0,4,16
04/12/2004,BFM,AL,ASO,CE,Federal Contract Tower,2,16,29,16,63,0,2,8,69,79,2,18,37,85,142,14,164,178,320
04/13/2004,BFM,AL,ASO,CE,Federal Contract Tower,6,14,25,14,59,0,8,25,28,61,6,22,50,42,120,0,152,152,272
04/14/2004,BFM,AL,ASO,CE,Federal Contract Tower,5,13,25,13,56,0,7,44,97,148,5,20,69,110,204,34,382,416,620
04/15/2004,BFM,AL,ASO,CE,Federal Contract Tower,8,15,26,13,62,0,5,68,44,117,8,20,94,57,179,16,236,252,431
04/16/2004,BFM,AL,ASO,CE,Federal Contract Tower,6,14,25,14,59,2,14,47,28,91,8,28,72,42,150,76,98,174,324
04/17/2004,BFM,AL,ASO,CE,Federal Contract Tower,2,1,9,5,17,6,0,40,2,48,8,1,49,7,65,22,0,22,87
04/18/2004,BFM,AL,ASO,CE,Federal Contract Tower,0,0,7,5,12,0,0,31,17,48,0,0,38,22,60,4,0,4,64
04/19/2004,BFM,AL,ASO,CE,Federal Contract Tower,7,15,27,15,64,4,3,22,57,86,11,18,49,72,150,0,230,230,380
04/20/2004,BFM,AL,ASO,CE,Federal Contract Tower,6,14,25,15,60,1,11,45,52,109,7,25,70,67,169,48,204,252,421
04/21/2004,BFM,AL,ASO,CE,Federal Contract Tower,8,18,33,19,78,3,6,29,53,91,11,24,62,72,169,28,326,354,523
04/22/2004,BFM,AL,ASO,CE,Federal Contract Tower,6,17,31,17,71,0,5,37,42,84,6,22,68,59,155,6,164,170,325
04/23/2004,BFM,AL,ASO,CE,Federal Contract Tower,5,12,21,13,51,1,5,28,39,73,6,17,49,52,124,12,28,40,164
04/24/2004,BFM,AL,ASO,CE,Federal Contract Tower,1,2,4,3,10,1,0,49,1,51,2,2,53,4,61,34,0,34,95
04/25/2004,BFM,AL,ASO,CE,Federal Contract Tower,0,0,4,1,5,0,0,36,4,40,0,0,40,5,45,28,2,30,75
04/26/2004,BFM,AL,ASO,CE,Federal Contract Tower,2,13,23,11,49,0,5,10,67,82,2,18,33,78,131,0,190,190,321
04/27/2004,BFM,AL,ASO,CE,Federal Contract Tower,8,17,32,16,73,3,8,36,53,100,11,25,68,69,173,38,214,252,425
04/28/2004,BFM,AL,ASO,CE,Federal Contract Tower,6,17,31,15,69,0,9,50,53,112,6,26,81,68,181,32,146,178,359
04/29/2004,BFM,AL,ASO,CE,Federal Contract Tower,6,14,25,9,54,0,7,10,0,17,6,21,35,9,71,0,22,22,93
04/30/2004,BFM,AL,ASO,CE,Federal Contract Tower,3,9,16,0,28,3,5,2,0,10,6,14,18,0,38,0,8,8,46
05/01/2004,BFM,AL,ASO,CE,Federal Contract Tower,4,2,14,4,24,2,0,24,0,26,6,2,38,4,50,4,0,4,54
05/02/2004,BFM,AL,ASO,CE,Federal Contract Tower,4,1,8,4,17,0,0,30,0,30,4,1,38,4,47,0,0,0,47
05/03/2004,BFM,AL,ASO,CE,Federal Contract Tower,5,11,23,12,51,0,3,57,95,155,5,14,80,107,206,10,286,296,502
05/04/2004,BFM,AL,ASO,CE,Federal Contract Tower,7,11,23,12,53,0,6,69,55,130,7,17,92,67,183,6,240,246,429
05/05/2004,BFM,AL,ASO,CE,Federal Contract Tower,5,11,26,14,56,0,11,49,30,90,5,22,75,44,146,40,118,158,304
05/06/2004,BFM,AL,ASO,CE,Federal Contract Tower,7,13,28,15,63,0,6,44,41,91,7,19,72,56,154,14,232,246,400
05/07/2004,BFM,AL,ASO,CE,Federal Contract Tower,7,11,26,14,58,4,13,43,22,82,11,24,69,36,140,22,98,120,260
05/08/2004,BFM,AL,ASO,CE,Federal Contract Tower,3,2,12,1,18,0,0,63,0,63,3,2,75,1,81,46,0,46,127
05/09/2004,BFM,AL,ASO,CE,Federal Contract Tower,3,5,10,6,24,1,0,42,1,44,4,5,52,7,68,30,0,30,98
05/10/2004,BFM,AL,ASO,CE,Federal Contract Tower,4,10,23,12,49,0,5,38,65,108,4,15,61,77,157,8,214,222,379
05/11/2004,BFM,AL,ASO,CE,Federal Contract Tower,6,12,25,13,56,0,7,24,39,70,6,19,49,52,126,0,154,154,280
05/12/2004,BFM,AL,ASO,CE,Federal Contract Tower,9,14,31,16,70,2,4,25,25,56,11,18,56,41,126,4,72,76,202
05/13/2004,BFM,AL,ASO,CE,Federal Contract Tower,7,15,34,18,74,0,6,20,37,63,7,21,54,55,137,16,166,182,319
05/14/2004,BFM,AL,ASO,CE,Federal Contract Tower,6,12,25,13,56,2,6,21,3,32,8,18,46,16,88,10,14,24,112
05/15/2004,BFM,AL,ASO,CE,Federal Contract Tower,1,0,4,2,7,2,0,42,2,46,3,0,46,4,53,52,0,52,105
05/16/2004,BFM,AL,ASO,CE,Federal Contract Tower,1,3,7,2,13,1,1,35,0,37,2,4,42,2,50,16,14,30,80
05/17/2004,BFM,AL,ASO,CE,Federal Contract Tower,5,13,29,13,60,0,0,38,49,87,5,13,67,62,147,6,66,72,219
05/18/2004,BFM,AL,ASO,CE,Federal Contract Tower,7,14,29,14,64,2,9,37,36,84,9,23,66,50,148,24,108,132,280
05/19/2004,BFM,AL,ASO,CE,Federal Contract Tower,8,19,41,19,87,0,3,51,37,91,8,22,92,56,178,34,208,242,420
05/20/2004,BFM,AL,ASO,CE,Federal Contract Tower,6,14,28,13,61,0,3,59,68,130,6,17,87,81,191,20,188,208,399
05/21/2004,BFM,AL,ASO,CE,Federal Contract Tower,6,11,23,11,51,1,4,39,18,62,7,15,62,29,113,38,22,60,173
05/22/2004,BFM,AL,ASO,CE,Federal Contract Tower,1,2,6,2,11,1,0,57,4,62,2,2,63,6,73,50,4,54,127
05/23/2004,BFM,AL,ASO,CE,Federal Contract Tower,0,0,8,3,11,0,0,37,3,40,0,0,45,6,51,48,0,48,99
05/24/2004,BFM,AL,ASO,CE,Federal Contract Tower,3,9,20,10,42,0,5,45,45,95,3,14,65,55,137,32,162,194,331
05/25/2004,BFM,AL,ASO,CE,Federal Contract Tower,9,15,35,18,77,1,2,49,49,101,10,17,84,67,178,40,238,278,456
05/26/2004,BFM,AL,ASO,CE,Federal Contract Tower,6,11,24,12,53,5,5,63,51,124,11,16,87,63,177,16,180,196,373
05/27/2004,BFM,AL,ASO,CE,Federal Contract Tower,6,22,50,25,103,0,11,33,58,102,6,33,83,83,205,8,176,184,389
05/28/2004,BFM,AL,ASO,CE,Federal Contract Tower,7,12,28,13,60,6,9,54,0,69,13,21,82,13,129,50,208,258,387
05/29/2004,BFM,AL,ASO,CE,Federal Contract Tower,1,1,6,0,8,1,0,50,0,51,2,1,56,0,59,0,10,10,69
05/30/2004,BFM,AL,ASO,CE,Federal Contract Tower,0,0,3,0,3,0,0,11,3,14,0,0,14,3,17,10,2,12,29
05/31/2004,BFM,AL,ASO,CE,Federal Contract Tower,1,1,5,1,8,0,1,20,0,21,1,2,25,1,29,14,0,14,43
06/01/2004,BFM,AL,ASO,CE,Federal Contract Tower,3,7,14,4,28,0,14,21,0,35,3,21,35,4,63,0,0,0,63
06/02/2004,BFM,AL,ASO,CE,Federal Contract Tower,8,11,21,9,49,8,15,33,8,64,16,26,54,17,113,44,102,146,259
06/03/2004,BFM,AL,ASO,CE,Federal Contract Tower,8,13,24,11,56,0,8,41,43,92,8,21,65,54,148,48,262,310,458
06/04/2004,BFM,AL,ASO,CE,Federal Contract Tower,10,15,28,13,66,1,1,57,39,98,11,16,85,52,164,36,186,222,386
06/05/2004,BFM,AL,ASO,CE,Federal Contract Tower,2,0,7,3,12,0,0,57,9,66,2,0,64,12,78,22,0,22,100
06/06/2004,BFM,AL,ASO,CE,Federal Contract Tower,0,2,5,1,8,0,0,32,8,40,0,2,37,9,48,14,0,14,62
06/07/2004,BFM,AL,ASO,CE,Federal Contract Tower,5,14,26,11,56,0,4,35,78,117,5,18,61,89,173,0,264,264,437
06/08/2004,BFM,AL,ASO,CE,Federal Contract Tower,9,16,28,12,65,0,6,34,59,99,9,22,62,71,164,14,250,264,428
06/09/2004,BFM,AL,ASO,CE,Federal Contract Tower,5,12,20,10,47,0,9,44,63,116,5,21,64,73,163,30,244,274,437
06/10/2004,BFM,AL,ASO,CE,Federal Contract Tower,6,18,31,15,70,0,3,49,26,78,6,21,80,41,148,14,136,150,298
06/11/2004,BFM,AL,ASO,CE,Federal Contract Tower,6,12,20,6,44,2,0,48,0,50,8,12,68,6,94,18,0,18,112
06/12/2004,BFM,AL,ASO,CE,Federal Contract Tower,2,1,8,4,15,1,0,34,0,35,3,1,42,4,50,0,0,0,50
06/13/2004,BFM,AL,ASO,CE,Federal Contract Tower,1,2,11,6,20,0,0,34,8,42,1,2,45,14,62,12,0,12,74
06/14/2004,BFM,AL,ASO,CE,Federal Contract Tower,3,8,12,6,29,4,5,2,11,22,7,13,14,17,51,0,2,2,53
06/15/2004,BFM,AL,ASO,CE,Federal Contract Tower,5,10,17,8,40,6,11,5,6,28,11,21,22,14,68,2,96,98,166
06/16/2004,BFM,AL,ASO,CE,Federal Contract Tower,6,13,22,11,52,1,18,24,69,112,7,31,46,80,164,0,206,206,370
06/17/2004,BFM,AL,ASO,CE,Federal Contract Tower,7,17,28,14,66,0,10,76,55,141,7,27,104,69,207,8,116,124,331
06/18/2004,BFM,AL,ASO,CE,Federal Contract Tower,5,13,24,12,54,0,2,31,32,65,5,15,55,44,119,28,106,134,253
06/19/2004,BFM,AL,ASO,CE,Federal Contract Tower,2,1,6,2,11,5,0,44,0,49,7,1,50,2,60,18,0,18,78
06/20/2004,BFM,AL,ASO,CE,Federal Contract Tower,3,6,10,5,24,0,1,36,1,38,3,7,46,6,62,10,12,22,84
06/21/2004,BFM,AL,ASO,CE,Federal Contract Tower,4,9,15,7,35,1,2,33,51,87,5,11,48,58,122,0,120,120,242
06/22/2004,BFM,AL,ASO,CE,Federal Contract Tower,6,12,23,10,51,3,13,27,28,71,9,25,50,38,122,0,12,12,134
06/23/2004,BFM,AL,ASO,CE,Federal Contract Tower,6,16,29,13,64,0,3,35,33,71,6,19,64,46,135,4,8,12,147
06/24/2004,BFM,AL,ASO,CE,Federal Contract Tower,5,12,21,9,47,1,8,23,21,53,6,20,44,30,100,32,0,32,132
06/25/2004,BFM,AL,ASO,CE,Federal Contract Tower,6,12,21,9,48,2,5,25,16,48,8,17,46,25,96,14,76,90,186
06/26/2004,BFM,AL,ASO,CE,Federal Contract Tower,2,0,8,3,13,0,0,44,11,55,2,0,52,14,68,24,14,38,106
06/27/2004,BFM,AL,ASO,CE,Federal Contract Tower,0,3,13,5,21,0,0,33,9,42,0,3,46,14,63,32,0,32,95
06/28/2004,BFM,AL,ASO,CE,Federal Contract Tower,3,11,20,8,42,0,6,26,26,58,3,17,46,34,100,26,66,92,192
06/29/2004,BFM,AL,ASO,CE,Federal Contract Tower,5,12,22,9,48,0,7,23,36,66,5,19,45,45,114,54,244,298,412
06/30/2004,BFM,AL,ASO,CE,Federal Contract Tower,5,15,28,12,60,0,5,60,61,126,5,20,88,73,186,4,200,204,390
07/01/2004,BFM,AL,ASO,CE,Federal Contract Tower,7,18,36,23,84,0,2,39,51,92,7,20,75,74,176,32,198,230,406
07/02/2004,BFM,AL,ASO,CE,Federal Contract Tower,4,7,15,8,34,2,7,37,0,46,6,14,52,8,80,30,56,86,166
07/03/2004,BFM,AL,ASO,CE,Federal Contract Tower,2,0,9,2,13,0,0,43,0,43,2,0,52,2,56,14,0,14,70
07/04/2004,BFM,AL,ASO,CE,Federal Contract Tower,0,0,2,0,2,0,0,29,2,31,0,0,31,2,33,10,0,10,43
07/05/2004,BFM,AL,ASO,CE,Federal Contract Tower,2,2,10,5,19,0,0,42,0,42,2,2,52,5,61,4,0,4,65
07/06/2004,BFM,AL,ASO,CE,Federal Contract Tower,3,13,27,18,61,0,12,43,37,92,3,25,70,55,153,36,68,104,257
07/07/2004,BFM,AL,ASO,CE,Federal Contract Tower,7,16,32,21,76,0,16,48,58,122,7,32,80,79,198,40,110,150,348
07/08/2004,BFM,AL,ASO,CE,Federal Contract Tower,5,11,24,16,56,0,8,54,38,100,5,19,78,54,156,16,182,198,354
07/09/2004,BFM,AL,ASO,CE,Federal Contract Tower,6,12,24,16,58,0,4,49,27,80,6,16,73,43,138,14,102,116,254
07/10/2004,BFM,AL,ASO,CE,Federal Contract Tower,3,1,10,7,21,4,0,45,4,53,7,1,55,11,74,16,2,18,92
07/11/2004,BFM,AL,ASO,CE,Federal Contract Tower,0,2,5,3,10,0,7,40,8,55,0,9,45,11,65,24,0,24,89
07/12/2004,BFM,AL,ASO,CE,Federal Contract Tower,1,10,22,15,48,0,12,41,55,108,1,22,63,70,156,44,208,252,408
07/13/2004,BFM,AL,ASO,CE,Federal Contract Tower,6,10,20,13,49,3,14,34,31,82,9,24,54,44,131,98,98,196,327
07/14/2004,BFM,AL,ASO,CE,Federal Contract Tower,6,13,26,17,62,0,15,46,76,137,6,28,72,93,199,38,240,278,477
07/15/2004,BFM,AL,ASO,CE,Federal Contract Tower,6,14,28,18,66,0,6,36,36,78,6,20,64,54,144,26,110,136,280
07/16/2004,BFM,AL,ASO,CE,Federal Contract Tower,5,12,24,16,57,1,6,56,4,67,6,18,80,20,124,0,22,22,146
07/17/2004,BFM,AL,ASO,CE,Federal Contract Tower,1,3,5,3,12,1,0,21,2,24,2,3,26,5,36,26,0,26,62
07/18/2004,BFM,AL,ASO,CE,Federal Contract Tower,0,2,8,3,13,0,0,71,0,71,0,2,79,3,84,0,0,0,84
07/19/2004,BFM,AL,ASO,CE,Federal Contract Tower,2,12,22,13,49,0,0,57,25,82,2,12,79,38,131,6,174,180,311
07/20/2004,BFM,AL,ASO,CE,Federal Contract Tower,6,13,27,16,62,1,4,42,46,93,7,17,69,62,155,12,94,106,261
07/21/2004,BFM,AL,ASO,CE,Federal Contract Tower,7,15,29,17,68,0,7,30,46,83,7,22,59,63,151,8,128,136,287
07/22/2004,BFM,AL,ASO,CE,Federal Contract Tower,6,13,27,16,62,0,7,46,53,106,6,20,73,69,168,16,190,206,374
07/23/2004,BFM,AL,ASO,CE,Federal Contract Tower,6,15,28,17,66,0,4,37,24,65,6,19,65,41,131,38,136,174,305
07/24/2004,BFM,AL,ASO,CE,Federal Contract Tower,2,2,10,6,20,2,0,44,14,60,4,2,54,20,80,20,0,20,100
07/25/2004,BFM,AL,ASO,CE,Federal Contract Tower,1,3,6,3,13,1,2,21,4,28,2,5,27,7,41,0,0,0,41
07/26/2004,BFM,AL,ASO,CE,Federal Contract Tower,6,13,26,15,60,2,0,33,35,70,8,13,59,50,130,0,104,104,234
07/27/2004,BFM,AL,ASO,CE,Federal Contract Tower,6,14,29,18,67,0,11,37,80,128,6,25,66,98,195,18,262,280,475
07/28/2004,BFM,AL,ASO,CE,Federal Contract Tower,6,15,32,21,74,0,5,58,49,112,6,20,90,70,186,22,222,244,430
07/29/2004,BFM,AL,ASO,CE,Federal Contract Tower,8,17,36,22,83,2,5,58,58,123,10,22,94,80,206,18,186,204,410
07/30/2004,BFM,AL,ASO,CE,Federal Contract Tower,5,11,22,14,52,7,4,33,27,71,12,15,55,41,123,0,32,32,155
07/31/2004,BFM,AL,ASO,CE,Federal Contract Tower,2,2,13,5,22,3,0,49,0,52,5,2,62,5,74,18,6,24,98
08/01/2004,BFM,AL,ASO,CE,Federal Contract Tower,1,4,7,4,16,1,2,45,0,48,2,6,52,4,64,38,0,38,102
08/02/2004,BFM,AL,ASO,CE,Federal Contract Tower,2,12,19,13,46,0,8,34,15,57,2,20,53,28,103,12,214,226,329
08/03/2004,BFM,AL,ASO,CE,Federal Contract Tower,8,17,28,18,71,2,6,57,38,103,10,23,85,56,174,44,210,254,428
08/04/2004,BFM,AL,ASO,CE,Federal Contract Tower,6,15,24,15,60,0,11,22,43,76,6,26,46,58,136,6,188,194,330
08/05/2004,BFM,AL,ASO,CE,Federal Contract Tower,6,19,31,19,75,0,3,38,50,91,6,22,69,69,166,22,164,186,352
08/06/2004,BFM,AL,ASO,CE,Federal Contract Tower,6,16,26,17,65,0,5,44,47,96,6,21,70,64,161,48,96,144,305
08/07/2004,BFM,AL,ASO,CE,Federal Contract Tower,2,2,5,4,13,0,0,79,3,82,2,2,84,7,95,40,14,54,149
08/08/2004,BFM,AL,ASO,CE,Federal Contract Tower,0,3,1,1,5,0,0,48,6,54,0,3,49,7,59,10,0,10,69
08/09/2004,BFM,AL,ASO,CE,Federal Contract Tower,2,12,20,12,46,0,4,32,38,74,2,16,52,50,120,16,128,144,264
08/10/2004,BFM,AL,ASO,CE,Federal Contract Tower,5,10,18,3,36,0,13,19,0,32,5,23,37,3,68,0,0,0,68
08/11/2004,BFM,AL,ASO,CE,Federal Contract Tower,5,11,19,8,43,1,9,20,0,30,6,20,39,8,73,30,0,30,103
08/12/2004,BFM,AL,ASO,CE,Federal Contract Tower,4,10,17,8,39,0,7,37,17,61,4,17,54,25,100,14,40,54,154
08/13/2004,BFM,AL,ASO,CE,Federal Contract Tower,5,19,39,21,84,0,0,38,52,90,5,19,77,73,174,4,62,66,240
08/14/2004,BFM,AL,ASO,CE,Federal Contract Tower,2,1,11,6,20,0,0,62,26,88,2,1,73,32,108,18,34,52,160
08/15/2004,BFM,AL,ASO,CE,Federal Contract Tower,0,2,5,2,9,0,0,73,4,77,0,2,78,6,86,14,16,30,116
08/16/2004,BFM,AL,ASO,CE,Federal Contract Tower,5,11,22,12,50,0,9,67,47,123,5,20,89,59,173,36,154,190,363
08/17/2004,BFM,AL,ASO,CE,Federal Contract Tower,7,16,30,16,69,0,7,68,36,111,7,23,98,52,180,28,166,194,374
08/18/2004,BFM,AL,ASO,CE,Federal Contract Tower,7,14,27,15,63,2,7,64,35,108,9,21,91,50,171,0,336,336,507
08/19/2004,BFM,AL,ASO,CE,Federal Contract Tower,8,16,30,17,71,1,0,57,49,107,9,16,87,66,178,2,142,144,322
08/20/2004,BFM,AL,ASO,CE,Federal Contract Tower,4,10,19,12,45,4,4,31,22,61,8,14,50,34,106,12,62,74,180
08/21/2004,BFM,AL,ASO,CE,Federal Contract Tower,3,0,14,2,19,5,0,40,0,45,8,0,54,2,64,24,0,24,88
08/22/2004,BFM,AL,ASO,CE,Federal Contract Tower,1,2,8,3,14,1,0,40,0,41,2,2,48,3,55,18,2,20,75
08/23/2004,BFM,AL,ASO,CE,Federal Contract Tower,4,11,21,12,48,2,8,29,16,55,6,19,50,28,103,22,202,224,327
08/24/2004,BFM,AL,ASO,CE,Federal Contract Tower,8,21,39,23,91,2,7,47,50,106,10,28,86,73,197,16,406,422,619
08/25/2004,BFM,AL,ASO,CE,Federal Contract Tower,10,22,45,26,103,1,0,73,52,126,11,22,118,78,229,8,454,462,691
08/26/2004,BFM,AL,ASO,CE,Federal Contract Tower,6,15,28,17,66,1,6,42,59,108,7,21,70,76,174,40,278,318,492
08/27/2004,BFM,AL,ASO,CE,Federal Contract Tower,6,16,30,18,70,1,2,31,39,73,7,18,61,57,143,16,166,182,325
08/28/2004,BFM,AL,ASO,CE,Federal Contract Tower,1,2,7,4,14,1,0,71,8,80,2,2,78,12,94,84,28,112,206
08/29/2004,BFM,AL,ASO,CE,Federal Contract Tower,0,2,5,3,10,0,2,33,19,54,0,4,38,22,64,46,68,114,178
08/30/2004,BFM,AL,ASO,CE,Federal Contract Tower,2,13,25,15,55,0,3,36,17,56,2,16,61,32,111,26,56,82,193
08/31/2004,BFM,AL,ASO,CE,Federal Contract Tower,5,13,24,14,56,1,14,22,29,66,6,27,46,43,122,0,36,36,158
09/01/2004,BFM,AL,ASO,CE,Federal Contract Tower,7,17,39,8,71,1,7,49,48,105,8,24,88,56,176,12,94,106,282
09/02/2004,BFM,AL,ASO,CE,Federal Contract Tower,7,16,39,8,70,1,0,76,50,127,8,16,115,58,197,14,158,172,369
09/03/2004,BFM,AL,ASO,CE,Federal Contract Tower,4,9,21,4,38,2,7,84,6,99,6,16,105,10,137,80,18,98,235
09/04/2004,BFM,AL,ASO,CE,Federal Contract Tower,2,4,10,0,16,1,1,70,0,72,3,5,80,0,88,32,0,32,120
09/05/2004,BFM,AL,ASO,CE,Federal Contract Tower,2,3,9,0,14,0,1,60,0,61,2,4,69,0,75,54,0,54,129
09/06/2004,BFM,AL,ASO,CE,Federal Contract Tower,1,0,6,1,8,0,0,34,9,43,1,0,40,10,51,6,0,6,57
09/07/2004,BFM,AL,ASO,CE,Federal Contract Tower,3,19,43,8,73,0,1,19,65,85,3,20,62,73,158,8,152,160,318
09/08/2004,BFM,AL,ASO,CE,Federal Contract Tower,6,15,34,7,62,0,12,76,57,145,6,27,110,64,207,62,318,380,587
09/09/2004,BFM,AL,ASO,CE,Federal Contract Tower,6,20,47,9,82,0,0,37,61,98,6,20,84,70,180,10,332,342,522
09/10/2004,BFM,AL,ASO,CE,Federal Contract Tower,5,12,28,6,51,0,4,57,23,84,5,16,85,29,135,30,196,226,361
09/11/2004,BFM,AL,ASO,CE,Federal Contract Tower,2,3,14,2,21,0,0,31,5,36,2,3,45,7,57,30,0,30,87
09/12/2004,BFM,AL,ASO,CE,Federal Contract Tower,0,0,7,1,8,0,0,36,10,46,0,0,43,11,54,88,6,94,148
09/13/2004,BFM,AL,ASO,CE,Federal Contract Tower,4,9,18,4,35,0,5,29,6,40,4,14,47,10,75,2,0,2,77
09/14/2004,BFM,AL,ASO,CE,Federal Contract Tower,6,16,33,3,58,1,3,57,0,61,7,19,90,3,119,0,0,0,119
09/15/2004,BFM,AL,ASO,CE,Federal Contract Tower,0,0,0,0,0,0,0,0,0,0,0,0,0,0,0,0,0,0,0
09/16/2004,BFM,AL,ASO,CE,Federal Contract Tower,0,0,0,0,0,0,0,0,0,0,0,0,0,0,0,0,0,0,0
09/17/2004,BFM,AL,ASO,CE,Federal Contract Tower,2,7,14,2,25,0,0,102,59,161,2,7,116,61,186,0,0,0,186
09/18/2004,BFM,AL,ASO,CE,Federal Contract Tower,1,6,11,3,21,0,10,111,45,166,1,16,122,48,187,0,0,0,187
09/19/2004,BFM,AL,ASO,CE,Federal Contract Tower,1,5,10,3,19,1,8,49,41,99,2,13,59,44,118,0,0,0,118
09/20/2004,BFM,AL,ASO,CE,Federal Contract Tower,2,11,21,5,39,0,26,70,2,98,2,37,91,7,137,2,0,2,139
09/21/2004,BFM,AL,ASO,CE,Federal Contract Tower,5,21,44,9,79,0,13,66,0,79,5,34,110,9,158,0,0,0,158
09/22/2004,BFM,AL,ASO,CE,Federal Contract Tower,4,12,23,5,44,0,7,78,21,106,4,19,101,26,150,10,0,10,160
09/23/2004,BFM,AL,ASO,CE,Federal Contract Tower,5,16,34,8,63,1,18,48,8,75,6,34,82,16,138,12,12,24,162
09/24/2004,BFM,AL,ASO,CE,Federal Contract Tower,2,8,16,2,28,2,12,65,0,79,4,20,81,2,107,42,38,80,187
09/25/2004,BFM,AL,ASO,CE,Federal Contract Tower,1,2,6,2,11,1,0,83,20,104,2,2,89,22,115,16,0,16,131
09/26/2004,BFM,AL,ASO,CE,Federal Contract Tower,0,0,4,2,6,0,0,50,8,58,0,0,54,10,64,38,0,38,102
09/27/2004,BFM,AL,ASO,CE,Federal Contract Tower,1,9,17,4,31,0,10,55,29,94,1,19,72,33,125,8,36,44,169
09/28/2004,BFM,AL,ASO,CE,Federal Contract Tower,6,16,35,8,65,1,10,54,24,89,7,26,89,32,154,0,82,82,236
09/29/2004,BFM,AL,ASO,CE,Federal Contract Tower,4,14,29,5,52,4,4,46,13,67,8,18,75,18,119,20,232,252,371
09/30/2004,BFM,AL,ASO,CE,Federal Contract Tower,4,12,25,5,46,7,7,47,32,93,11,19,72,37,139,66,316,382,521
10/01/2004,BFM,AL,ASO,CE,Federal Contract Tower,8,9,28,4,49,0,12,37,22,71,8,21,65,26,120,36,136,172,292
10/02/2004,BFM,AL,ASO,CE,Federal Contract Tower,1,1,18,0,20,0,7,28,0,35,1,8,46,0,55,2,0,2,57
10/03/2004,BFM,AL,ASO,CE,Federal Contract Tower,0,0,7,0,7,0,0,57,0,57,0,0,64,0,64,84,0,84,148
10/04/2004,BFM,AL,ASO,CE,Federal Contract Tower,5,8,21,8,42,0,5,52,39,96,5,13,73,47,138,20,198,218,356
10/05/2004,BFM,AL,ASO,CE,Federal Contract Tower,12,12,26,30,80,0,8,32,35,75,12,20,58,65,155,12,138,150,305
10/06/2004,BFM,AL,ASO,CE,Federal Contract Tower,10,14,30,12,66,0,8,47,37,92,10,22,77,49,158,46,262,308,466
10/07/2004,BFM,AL,ASO,CE,Federal Contract Tower,4,2,9,11,26,0,3,57,4,64,4,5,66,15,90,16,4,20,110
10/08/2004,BFM,AL,ASO,CE,Federal Contract Tower,5,17,34,1,57,0,3,30,10,43,5,20,64,11,100,18,56,74,174
10/09/2004,BFM,AL,ASO,CE,Federal Contract Tower,3,1,18,0,22,0,0,2,0,2,3,1,20,0,24,0,0,0,24
10/10/2004,BFM,AL,ASO,CE,Federal Contract Tower,0,0,9,0,9,0,0,0,0,0,0,0,9,0,9,0,0,0,9
10/11/2004,BFM,AL,ASO,CE,Federal Contract Tower,3,6,20,2,31,0,1,38,2,41,3,7,58,4,72,12,12,24,96
10/12/2004,BFM,AL,ASO,CE,Federal Contract Tower,7,12,21,20,60,0,1,37,65,103,7,13,58,85,163,8,272,280,443
10/13/2004,BFM,AL,ASO,CE,Federal Contract Tower,6,14,18,23,61,0,8,57,46,111,6,22,75,69,172,10,194,204,376
10/14/2004,BFM,AL,ASO,CE,Federal Contract Tower,6,16,25,36,83,0,3,27,24,54,6,19,52,60,137,26,176,202,339
10/15/2004,BFM,AL,ASO,CE,Federal Contract Tower,6,14,33,46,99,0,15,62,45,122,6,29,95,91,221,30,116,146,367
10/16/2004,BFM,AL,ASO,CE,Federal Contract Tower,3,0,20,1,24,0,2,48,2,52,3,2,68,3,76,4,16,20,96
10/17/2004,BFM,AL,ASO,CE,Federal Contract Tower,0,0,20,1,21,0,2,57,3,62,0,2,77,4,83,50,4,54,137
10/18/2004,BFM,AL,ASO,CE,Federal Contract Tower,4,15,28,31,78,0,3,38,42,83,4,18,66,73,161,6,268,274,435
10/19/2004,BFM,AL,ASO,CE,Federal Contract Tower,6,14,31,3,54,0,2,14,39,55,6,16,45,42,109,12,128,140,249
10/20/2004,BFM,AL,ASO,CE,Federal Contract Tower,6,14,40,31,91,0,5,46,49,100,6,19,86,80,191,32,152,184,375
10/21/2004,BFM,AL,ASO,CE,Federal Contract Tower,6,14,40,31,91,0,7,0,0,7,6,21,40,31,98,0,64,64,162
10/22/2004,BFM,AL,ASO,CE,Federal Contract Tower,6,13,37,11,67,0,1,15,7,23,6,14,52,18,90,26,42,68,158
10/23/2004,BFM,AL,ASO,CE,Federal Contract Tower,9,0,11,6,26,0,2,33,8,43,9,2,44,14,69,12,0,12,81
10/24/2004,BFM,AL,ASO,CE,Federal Contract Tower,7,1,12,6,26,0,2,35,7,44,7,3,47,13,70,48,0,48,118
10/25/2004,BFM,AL,ASO,CE,Federal Contract Tower,4,18,32,26,80,0,1,30,15,46,4,19,62,41,126,4,114,118,244
10/26/2004,BFM,AL,ASO,CE,Federal Contract Tower,10,18,35,34,97,0,7,43,38,88,10,25,78,72,185,22,154,176,361
10/27/2004,BFM,AL,ASO,CE,Federal Contract Tower,10,14,34,39,97,2,5,57,44,108,12,19,91,83,205,6,344,350,555
10/28/2004,BFM,AL,ASO,CE,Federal Contract Tower,8,12,31,29,80,5,3,47,23,78,13,15,78,52,158,0,126,126,284
10/29/2004,BFM,AL,ASO,CE,Federal Contract Tower,9,22,37,35,103,0,2,41,19,62,9,24,78,54,165,42,52,94,259
10/30/2004,BFM,AL,ASO,CE,Federal Contract Tower,5,0,8,0,13,0,2,75,2,79,5,2,83,2,92,64,0,64,156
10/31/2004,BFM,AL,ASO,CE,Federal Contract Tower,2,6,12,4,24,0,0,34,7,41,2,6,46,11,65,30,12,42,107
11/01/2004,BFM,AL,ASO,CE,Federal Contract Tower,2,13,16,29,60,0,1,17,56,74,2,14,33,85,134,18,136,154,288
11/02/2004,BFM,AL,ASO,CE,Federal Contract Tower,8,11,22,2,43,2,5,8,27,42,10,16,30,29,85,16,140,156,241
11/03/2004,BFM,AL,ASO,CE,Federal Contract Tower,9,15,33,13,70,0,5,30,17,52,9,20,63,30,122,28,138,166,288
11/04/2004,BFM,AL,ASO,CE,Federal Contract Tower,7,11,39,31,88,0,3,62,39,104,7,14,101,70,192,26,224,250,442
11/05/2004,BFM,AL,ASO,CE,Federal Contract Tower,11,13,27,32,83,0,5,86,40,131,11,18,113,72,214,22,142,164,378
11/06/2004,BFM,AL,ASO,CE,Federal Contract Tower,2,0,9,0,11,0,2,94,3,99,2,2,103,3,110,22,0,22,132
11/07/2004,BFM,AL,ASO,CE,Federal Contract Tower,4,2,9,11,26,0,3,57,4,64,4,5,66,15,90,16,4,20,110
11/08/2004,BFM,AL,ASO,CE,Federal Contract Tower,8,8,18,20,54,0,7,48,52,107,8,15,66,72,161,18,160,178,339
11/09/2004,BFM,AL,ASO,CE,Federal Contract Tower,12,15,26,14,67,0,9,57,35,101,12,24,83,49,168,42,210,252,420
11/10/2004,BFM,AL,ASO,CE,Federal Contract Tower,7,18,24,8,57,0,5,28,20,53,7,23,52,28,110,10,90,100,210
11/11/2004,BFM,AL,ASO,CE,Federal Contract Tower,13,10,22,0,45,0,8,22,34,64,13,18,44,34,109,30,0,30,139
11/12/2004,BFM,AL,ASO,CE,Federal Contract Tower,8,14,24,11,57,0,2,34,12,48,8,16,58,23,105,2,40,42,147
11/13/2004,BFM,AL,ASO,CE,Federal Contract Tower,7,1,32,8,48,0,3,3,0,6,7,4,35,8,54,16,0,16,70
11/14/2004,BFM,AL,ASO,CE,Federal Contract Tower,1,0,13,13,27,0,1,28,9,38,1,1,41,22,65,22,68,90,155
11/15/2004,BFM,AL,ASO,CE,Federal Contract Tower,2,12,26,6,46,0,3,43,43,89,2,15,69,49,135,54,238,292,427
11/16/2004,BFM,AL,ASO,CE,Federal Contract Tower,5,15,27,12,59,1,7,48,58,114,6,22,75,70,173,4,316,320,493
11/17/2004,BFM,AL,ASO,CE,Federal Contract Tower,6,18,30,10,64,0,6,44,61,111,6,24,74,71,175,16,218,234,409
11/18/2004,BFM,AL,ASO,CE,Federal Contract Tower,6,18,42,13,79,0,7,33,43,83,6,25,75,56,162,0,242,242,404
11/19/2004,BFM,AL,ASO,CE,Federal Contract Tower,7,17,32,18,74,0,1,21,15,37,7,18,53,33,111,4,40,44,155
11/20/2004,BFM,AL,ASO,CE,Federal Contract Tower,2,0,4,2,8,0,0,0,2,2,2,0,4,4,10,0,0,0,10
11/21/2004,BFM,AL,ASO,CE,Federal Contract Tower,4,0,7,2,13,0,2,17,7,26,4,2,24,9,39,32,0,32,71
11/22/2004,BFM,AL,ASO,CE,Federal Contract Tower,2,10,22,17,51,0,4,24,30,58,2,14,46,47,109,6,238,244,353
11/23/2004,BFM,AL,ASO,CE,Federal Contract Tower,8,14,28,20,70,0,1,16,17,34,8,15,44,37,104,6,138,144,248
11/24/2004,BFM,AL,ASO,CE,Federal Contract Tower,7,12,19,0,38,0,4,24,0,28,7,16,43,0,66,36,0,36,102
11/25/2004,BFM,AL,ASO,CE,Federal Contract Tower,0,0,5,0,5,0,2,30,0,32,0,2,35,0,37,22,0,22,59
11/26/2004,BFM,AL,ASO,CE,Federal Contract Tower,6,11,17,0,34,0,6,53,4,63,6,17,70,4,97,14,0,14,111
11/27/2004,BFM,AL,ASO,CE,Federal Contract Tower,2,0,6,0,8,0,0,4,0,4,2,0,10,0,12,0,0,0,12
11/28/2004,BFM,AL,ASO,CE,Federal Contract Tower,2,0,7,2,11,0,2,74,4,80,2,2,81,6,91,50,0,50,141
11/29/2004,BFM,AL,ASO,CE,Federal Contract Tower,3,19,32,11,65,0,4,51,34,89,3,23,83,45,154,60,252,312,466
11/30/2004,BFM,AL,ASO,CE,Federal Contract Tower,9,14,15,7,45,0,1,23,40,64,9,15,38,47,109,40,198,238,347
12/01/2004,BFM,AL,ASO,CE,Federal Contract Tower,10,11,33,39,93,0,8,33,41,82,10,19,66,80,175,20,176,196,371
12/02/2004,BFM,AL,ASO,CE,Federal Contract Tower,11,11,22,9,53,2,3,54,21,80,13,14,76,30,133,14,232,246,379
12/03/2004,BFM,AL,ASO,CE,Federal Contract Tower,9,15,33,13,70,0,5,30,17,52,9,20,63,30,122,28,138,166,288
12/04/2004,BFM,AL,ASO,CE,Federal Contract Tower,4,1,14,1,20,1,0,43,0,44,5,1,57,1,64,36,0,36,100
12/05/2004,BFM,AL,ASO,CE,Federal Contract Tower,6,2,10,0,18,0,0,0,0,0,6,2,10,0,18,0,0,0,18
12/06/2004,BFM,AL,ASO,CE,Federal Contract Tower,3,16,20,0,39,0,2,3,15,20,3,18,23,15,59,0,0,0,59
12/07/2004,BFM,AL,ASO,CE,Federal Contract Tower,9,14,22,17,62,0,6,45,44,95,9,20,67,61,157,8,226,234,391
12/08/2004,BFM,AL,ASO,CE,Federal Contract Tower,10,13,30,16,69,0,9,39,39,87,10,22,69,55,156,0,54,54,210
12/09/2004,BFM,AL,ASO,CE,Federal Contract Tower,8,16,21,17,62,0,0,8,24,32,8,16,29,41,94,0,26,26,120
12/10/2004,BFM,AL,ASO,CE,Federal Contract Tower,7,11,25,10,53,0,7,37,34,78,7,18,62,44,131,0,122,122,253
12/11/2004,BFM,AL,ASO,CE,Federal Contract Tower,3,0,31,1,35,0,4,67,11,82,3,4,98,12,117,34,20,54,171
12/12/2004,BFM,AL,ASO,CE,Federal Contract Tower,0,0,12,3,15,0,0,27,6,33,0,0,39,9,48,44,12,56,104
12/13/2004,BFM,AL,ASO,CE,Federal Contract Tower,4,9,21,18,52,0,8,48,66,122,4,17,69,84,174,0,234,234,408
12/14/2004,BFM,AL,ASO,CE,Federal Contract Tower,13,13,23,26,75,0,6,68,27,101,13,19,91,53,176,6,190,196,372
12/15/2004,BFM,AL,ASO,CE,Federal Contract Tower,11,13,33,25,82,0,7,37,60,104,11,20,70,85,186,26,258,284,470
12/16/2004,BFM,AL,ASO,CE,Federal Contract Tower,13,16,27,25,81,0,10,42,41,93,13,26,69,66,174,28,222,250,424
12/17/2004,BFM,AL,ASO,CE,Federal Contract Tower,12,17,43,14,86,1,5,48,29,83,13,22,91,43,169,6,48,54,223
12/18/2004,BFM,AL,ASO,CE,Federal Contract Tower,2,0,9,2,13,0,2,55,5,62,2,2,64,7,75,28,18,46,121
12/19/2004,BFM,AL,ASO,CE,Federal Contract Tower,3,2,20,2,27,0,6,31,11,48,3,8,51,13,75,4,70,74,149
12/20/2004,BFM,AL,ASO,CE,Federal Contract Tower,2,15,26,16,59,0,7,46,39,92,2,22,72,55,151,12,182,194,345
12/21/2004,BFM,AL,ASO,CE,Federal Contract Tower,11,16,45,10,82,0,5,49,15,69,11,21,94,25,151,12,158,170,321
12/22/2004,BFM,AL,ASO,CE,Federal Contract Tower,11,16,17,0,44,0,3,0,0,3,11,19,17,0,47,0,0,0,47
12/23/2004,BFM,AL,ASO,CE,Federal Contract Tower,4,15,17,4,40,0,3,28,6,37,4,18,45,10,77,16,30,46,123
12/24/2004,BFM,AL,ASO,CE,Federal Contract Tower,4,10,2,0,16,0,7,7,0,14,4,17,9,0,30,4,0,4,34
12/25/2004,BFM,AL,ASO,CE,Federal Contract Tower,0,0,2,0,2,0,2,0,0,2,0,2,2,0,4,0,0,0,4
12/26/2004,BFM,AL,ASO,CE,Federal Contract Tower,1,0,10,0,11,0,2,22,0,24,1,2,32,0,35,2,0,2,37
12/27/2004,BFM,AL,ASO,CE,Federal Contract Tower,3,12,19,8,42,0,4,45,10,59,3,16,64,18,101,14,62,76,177
12/28/2004,BFM,AL,ASO,CE,Federal Contract Tower,8,9,16,3,36,0,6,38,14,58,8,15,54,17,94,34,62,96,190
12/29/2004,BFM,AL,ASO,CE,Federal Contract Tower,5,13,25,2,45,0,7,46,19,72,5,20,71,21,117,22,54,76,193
12/30/2004,BFM,AL,ASO,CE,Federal Contract Tower,8,14,15,10,47,0,8,50,4,62,8,22,65,14,109,26,44,70,179
12/31/2004,BFM,AL,ASO,CE,Federal Contract Tower,5,11,12,0,28,0,5,42,0,47,5,16,54,0,75,6,0,6,81
01/01/2005,BFM,AL,ASO,CE,Federal Contract Tower,0,0,11,0,11,0,5,23,0,28,0,5,34,0,39,28,0,28,67
01/02/2005,BFM,AL,ASO,CE,Federal Contract Tower,1,0,11,0,12,0,0,28,2,30,1,0,39,2,42,66,0,66,108
01/03/2005,BFM,AL,ASO,CE,Federal Contract Tower,2,14,16,0,32,0,2,35,2,39,2,16,51,2,71,2,14,16,87
01/04/2005,BFM,AL,ASO,CE,Federal Contract Tower,12,15,15,16,58,0,2,46,38,86,12,17,61,54,144,0,250,250,394
01/05/2005,BFM,AL,ASO,CE,Federal Contract Tower,9,21,36,7,73,0,1,42,28,71,9,22,78,35,144,8,18,26,170
01/06/2005,BFM,AL,ASO,CE,Federal Contract Tower,8,16,31,21,76,0,3,29,19,51,8,19,60,40,127,16,60,76,203
01/07/2005,BFM,AL,ASO,CE,Federal Contract Tower,9,6,34,6,55,0,2,12,3,17,9,8,46,9,72,0,12,12,84
01/08/2005,BFM,AL,ASO,CE,Federal Contract Tower,2,2,8,4,16,0,1,4,0,5,2,3,12,4,21,0,0,0,21
01/09/2005,BFM,AL,ASO,CE,Federal Contract Tower,2,0,11,1,14,0,0,7,1,8,2,0,18,2,22,22,0,22,44
01/10/2005,BFM,AL,ASO,CE,Federal Contract Tower,1,16,19,17,53,0,1,25,14,40,1,17,44,31,93,10,62,72,165
01/11/2005,BFM,AL,ASO,CE,Federal Contract Tower,6,12,21,24,63,0,3,42,52,97,6,15,63,76,160,4,186,190,350
01/12/2005,BFM,AL,ASO,CE,Federal Contract Tower,6,17,28,16,67,0,4,25,31,60,6,21,53,47,127,0,116,116,243
01/13/2005,BFM,AL,ASO,CE,Federal Contract Tower,7,12,15,5,39,0,5,6,16,27,7,17,21,21,66,0,60,60,126
01/14/2005,BFM,AL,ASO,CE,Federal Contract Tower,8,9,36,14,67,0,12,29,41,82,8,21,65,55,149,0,112,112,261
01/15/2005,BFM,AL,ASO,CE,Federal Contract Tower,2,0,12,5,19,0,0,39,10,49,2,0,51,15,68,4,4,8,76
01/16/2005,BFM,AL,ASO,CE,Federal Contract Tower,0,0,18,0,18,0,2,43,4,49,0,2,61,4,67,20,60,80,147
01/17/2005,BFM,AL,ASO,CE,Federal Contract Tower,2,2,24,20,48,0,2,39,2,43,2,4,63,22,91,8,64,72,163
01/18/2005,BFM,AL,ASO,CE,Federal Contract Tower,6,12,25,17,60,2,11,31,37,81,8,23,56,54,141,8,120,128,269
01/19/2005,BFM,AL,ASO,CE,Federal Contract Tower,4,12,22,25,63,1,5,61,44,111,5,17,83,69,174,2,174,176,350
01/20/2005,BFM,AL,ASO,CE,Federal Contract Tower,6,12,33,29,80,1,4,51,52,108,7,16,84,81,188,42,154,196,384
01/21/2005,BFM,AL,ASO,CE,Federal Contract Tower,7,7,26,15,55,0,5,66,30,101,7,12,92,45,156,36,102,138,294
01/22/2005,BFM,AL,ASO,CE,Federal Contract Tower,3,4,17,6,30,0,1,20,4,25,3,5,37,10,55,8,2,10,65
01/23/2005,BFM,AL,ASO,CE,Federal Contract Tower,0,2,14,1,17,0,2,35,16,53,0,4,49,17,70,44,48,92,162
01/24/2005,BFM,AL,ASO,CE,Federal Contract Tower,7,13,31,13,64,0,0,36,38,74,7,13,67,51,138,0,202,202,340
01/25/2005,BFM,AL,ASO,CE,Federal Contract Tower,6,12,34,26,78,1,3,61,41,106,7,15,95,67,184,34,252,286,470
01/26/2005,BFM,AL,ASO,CE,Federal Contract Tower,9,13,29,29,80,0,6,48,43,97,9,19,77,72,177,6,138,144,321
01/27/2005,BFM,AL,ASO,CE,Federal Contract Tower,7,11,56,22,96,0,2,57,42,101,7,13,113,64,197,18,126,144,341
01/28/2005,BFM,AL,ASO,CE,Federal Contract Tower,9,13,28,8,58,0,1,4,2,7,9,14,32,10,65,0,0,0,65
01/29/2005,BFM,AL,ASO,CE,Federal Contract Tower,3,3,19,0,25,0,1,7,0,8,3,4,26,0,33,0,0,0,33
01/30/2005,BFM,AL,ASO,CE,Federal Contract Tower,0,2,20,5,27,0,2,34,15,51,0,4,54,20,78,24,0,24,102
01/31/2005,BFM,AL,ASO,CE,Federal Contract Tower,4,14,18,17,53,0,1,24,19,44,4,15,42,36,97,10,50,60,157
02/01/2005,BFM,AL,ASO,CE,Federal Contract Tower,8,15,24,4,51,0,7,3,0,10,8,22,27,4,61,0,0,0,61
02/02/2005,BFM,AL,ASO,CE,Federal Contract Tower,6,18,38,0,62,0,0,0,0,0,6,18,38,0,62,0,0,0,62
02/03/2005,BFM,AL,ASO,CE,Federal Contract Tower,5,9,67,64,145,0,5,38,34,77,5,14,105,98,222,32,162,194,416
02/04/2005,BFM,AL,ASO,CE,Federal Contract Tower,7,13,32,30,82,7,8,69,27,111,14,21,101,57,193,24,200,224,417
02/05/2005,BFM,AL,ASO,CE,Federal Contract Tower,6,0,19,4,29,0,3,61,10,74,6,3,80,14,103,56,0,56,159
02/06/2005,BFM,AL,ASO,CE,Federal Contract Tower,0,0,7,1,8,0,0,47,3,50,0,0,54,4,58,68,0,68,126
02/07/2005,BFM,AL,ASO,CE,Federal Contract Tower,3,9,30,8,50,0,6,24,30,60,3,15,54,38,110,52,162,214,324
02/08/2005,BFM,AL,ASO,CE,Federal Contract Tower,9,13,23,22,67,0,3,32,12,47,9,16,55,34,114,22,74,96,210
02/09/2005,BFM,AL,ASO,CE,Federal Contract Tower,8,14,23,25,70,0,1,9,30,40,8,15,32,55,110,0,158,158,268
02/10/2005,BFM,AL,ASO,CE,Federal Contract Tower,8,10,39,34,91,0,5,58,46,109,8,15,97,80,200,12,286,298,498
02/11/2005,BFM,AL,ASO,CE,Federal Contract Tower,7,11,39,29,86,0,8,60,32,100,7,19,99,61,186,24,360,384,570
02/12/2005,BFM,AL,ASO,CE,Federal Contract Tower,2,0,15,3,20,0,1,62,7,70,2,1,77,10,90,78,8,86,176
02/13/2005,BFM,AL,ASO,CE,Federal Contract Tower,1,0,7,7,15,0,2,17,4,23,1,2,24,11,38,44,22,66,104
02/14/2005,BFM,AL,ASO,CE,Federal Contract Tower,3,13,31,17,64,0,7,45,26,78,3,20,76,43,142,0,236,236,378
02/15/2005,BFM,AL,ASO,CE,Federal Contract Tower,4,10,23,12,49,0,3,27,19,49,4,13,50,31,98,8,110,118,216
02/16/2005,BFM,AL,ASO,CE,Federal Contract Tower,10,12,36,27,85,0,7,38,39,84,10,19,74,66,169,14,294,308,477
02/17/2005,BFM,AL,ASO,CE,Federal Contract Tower,9,17,35,14,75,0,4,43,44,91,9,21,78,58,166,14,184,198,364
02/18/2005,BFM,AL,ASO,CE,Federal Contract Tower,5,15,27,23,70,0,2,41,29,72,5,17,68,52,142,38,122,160,302
02/19/2005,BFM,AL,ASO,CE,Federal Contract Tower,2,1,19,6,28,0,1,53,13,67,2,2,72,19,95,108,0,108,203
02/20/2005,BFM,AL,ASO,CE,Federal Contract Tower,0,0,12,0,12,0,0,31,4,35,0,0,43,4,47,30,0,30,77
02/21/2005,BFM,AL,ASO,CE,Federal Contract Tower,5,9,23,8,45,0,1,18,4,23,5,10,41,12,68,0,58,58,126
02/22/2005,BFM,AL,ASO,CE,Federal Contract Tower,7,13,13,41,74,0,4,42,41,87,7,17,55,82,161,32,140,172,333
02/23/2005,BFM,AL,ASO,CE,Federal Contract Tower,8,9,27,0,44,0,2,7,0,9,8,11,34,0,53,0,0,0,53
02/24/2005,BFM,AL,ASO,CE,Federal Contract Tower,10,14,67,21,112,0,3,10,36,49,10,17,77,57,161,0,84,84,245
02/25/2005,BFM,AL,ASO,CE,Federal Contract Tower,6,12,35,61,114,0,9,44,52,105,6,21,79,113,219,0,158,158,377
02/26/2005,BFM,AL,ASO,CE,Federal Contract Tower,4,1,13,4,22,0,2,40,2,44,4,3,53,6,66,40,0,40,106
02/27/2005,BFM,AL,ASO,CE,Federal Contract Tower,0,0,14,10,24,0,0,0,0,0,0,0,14,10,24,0,0,0,24
02/28/2005,BFM,AL,ASO,CE,Federal Contract Tower,3,12,32,54,101,0,2,38,61,101,3,14,70,115,202,66,190,256,458
03/01/2005,BFM,AL,ASO,CE,Federal Contract Tower,6,16,40,49,111,0,9,53,65,127,6,25,93,114,238,24,288,312,550
03/02/2005,BFM,AL,ASO,CE,Federal Contract Tower,7,14,36,47,104,0,4,40,32,76,7,18,76,79,180,22,244,266,446
03/03/2005,BFM,AL,ASO,CE,Federal Contract Tower,8,18,39,23,88,0,0,5,22,27,8,18,44,45,115,12,68,80,195
03/04/2005,BFM,AL,ASO,CE,Federal Contract Tower,8,19,41,32,100,2,2,39,39,82,10,21,80,71,182,32,128,160,342
03/05/2005,BFM,AL,ASO,CE,Federal Contract Tower,3,0,12,2,17,0,0,60,6,66,3,0,72,8,83,30,0,30,113
03/06/2005,BFM,AL,ASO,CE,Federal Contract Tower,1,0,14,3,18,0,3,38,5,46,1,3,52,8,64,14,0,14,78
03/07/2005,BFM,AL,ASO,CE,Federal Contract Tower,2,12,25,17,56,1,9,43,42,95,3,21,68,59,151,4,162,166,317
03/08/2005,BFM,AL,ASO,CE,Federal Contract Tower,6,12,40,57,115,0,6,39,55,100,6,18,79,112,215,36,270,306,521
03/09/2005,BFM,AL,ASO,CE,Federal Contract Tower,9,13,51,64,137,0,7,37,17,61,9,20,88,81,198,8,456,464,662
03/10/2005,BFM,AL,ASO,CE,Federal Contract Tower,7,15,26,36,84,0,4,53,34,91,7,19,79,70,175,16,334,350,525
03/11/2005,BFM,AL,ASO,CE,Federal Contract Tower,15,14,14,32,75,0,9,35,58,102,15,23,49,90,177,0,266,266,443
03/12/2005,BFM,AL,ASO,CE,Federal Contract Tower,5,0,13,2,20,0,0,42,4,46,5,0,55,6,66,54,8,62,128
03/13/2005,BFM,AL,ASO,CE,Federal Contract Tower,2,0,8,0,10,0,1,18,2,21,2,1,26,2,31,4,18,22,53
03/14/2005,BFM,AL,ASO,CE,Federal Contract Tower,5,13,34,22,74,7,2,23,32,64,12,15,57,54,138,8,272,280,418
03/15/2005,BFM,AL,ASO,CE,Federal Contract Tower,6,21,35,17,79,0,2,12,18,32,6,23,47,35,111,8,174,182,293
03/16/2005,BFM,AL,ASO,CE,Federal Contract Tower,6,19,35,34,94,0,0,0,6,6,6,19,35,40,100,0,0,0,100
03/17/2005,BFM,AL,ASO,CE,Federal Contract Tower,12,15,39,39,105,0,1,23,25,49,12,16,62,64,154,0,152,152,306
03/18/2005,BFM,AL,ASO,CE,Federal Contract Tower,8,17,30,15,70,0,6,34,28,68,8,23,64,43,138,10,194,204,342
03/19/2005,BFM,AL,ASO,CE,Federal Contract Tower,5,1,13,3,22,0,0,43,3,46,5,1,56,6,68,32,10,42,110
03/20/2005,BFM,AL,ASO,CE,Federal Contract Tower,5,1,20,1,27,1,0,9,4,14,6,1,29,5,41,18,0,18,59
03/21/2005,BFM,AL,ASO,CE,Federal Contract Tower,8,14,19,28,69,2,3,27,46,78,10,17,46,74,147,10,194,204,351
03/22/2005,BFM,AL,ASO,CE,Federal Contract Tower,8,15,13,8,44,3,9,10,13,35,11,24,23,21,79,4,174,178,257
03/23/2005,BFM,AL,ASO,CE,Federal Contract Tower,7,15,28,25,75,2,10,40,45,97,9,25,68,70,172,4,256,260,432
03/24/2005,BFM,AL,ASO,CE,Federal Contract Tower,11,15,33,15,74,3,6,61,65,135,14,21,94,80,209,26,380,406,615
03/25/2005,BFM,AL,ASO,CE,Federal Contract Tower,6,10,26,2,44,0,3,63,15,81,6,13,89,17,125,22,64,86,211
03/26/2005,BFM,AL,ASO,CE,Federal Contract Tower,5,1,9,0,15,0,1,4,0,5,5,2,13,0,20,4,0,4,24
03/27/2005,BFM,AL,ASO,CE,Federal Contract Tower,1,0,6,0,7,0,0,5,0,5,1,0,11,0,12,0,0,0,12
03/28/2005,BFM,AL,ASO,CE,Federal Contract Tower,3,16,16,22,57,0,5,35,65,105,3,21,51,87,162,8,214,222,384
03/29/2005,BFM,AL,ASO,CE,Federal Contract Tower,6,16,26,16,64,0,4,47,79,130,6,20,73,95,194,20,378,398,592
03/30/2005,BFM,AL,ASO,CE,Federal Contract Tower,6,19,7,8,40,0,4,36,28,68,6,23,43,36,108,16,136,152,260
03/31/2005,BFM,AL,ASO,CE,Federal Contract Tower,5,18,22,1,46,0,2,0,2,4,5,20,22,3,50,0,0,0,50
04/01/2005,BFM,AL,ASO,CE,Federal Contract Tower,10,13,28,1,52,0,8,12,0,20,10,21,40,1,72,10,108,118,190
04/02/2005,BFM,AL,ASO,CE,Federal Contract Tower,2,1,17,2,22,0,0,52,2,54,2,1,69,4,76,22,0,22,98
04/03/2005,BFM,AL,ASO,CE,Federal Contract Tower,0,0,8,2,10,0,2,46,0,48,0,2,54,2,58,78,0,78,136
04/04/2005,BFM,AL,ASO,CE,Federal Contract Tower,3,9,27,13,52,0,3,56,30,89,3,12,83,43,141,10,100,110,251
04/05/2005,BFM,AL,ASO,CE,Federal Contract Tower,6,11,20,4,41,0,8,50,43,101,6,19,70,47,142,12,280,292,434
04/06/2005,BFM,AL,ASO,CE,Federal Contract Tower,8,11,10,0,29,0,6,4,12,22,8,17,14,12,51,0,74,74,125
04/07/2005,BFM,AL,ASO,CE,Federal Contract Tower,6,14,33,22,75,0,6,29,44,79,6,20,62,66,154,12,202,214,368
04/08/2005,BFM,AL,ASO,CE,Federal Contract Tower,8,9,33,27,77,0,14,42,24,80,8,23,75,51,157,40,166,206,363
04/09/2005,BFM,AL,ASO,CE,Federal Contract Tower,6,1,9,2,18,1,0,57,2,60,7,1,66,4,78,72,0,72,150
04/10/2005,BFM,AL,ASO,CE,Federal Contract Tower,4,1,10,4,19,0,3,23,3,29,4,4,33,7,48,66,0,66,114
04/11/2005,BFM,AL,ASO,CE,Federal Contract Tower,4,16,25,3,48,0,3,22,45,70,4,19,47,48,118,26,130,156,274
04/12/2005,BFM,AL,ASO,CE,Federal Contract Tower,7,19,29,19,74,0,8,33,52,93,7,27,62,71,167,6,258,264,431
04/13/2005,BFM,AL,ASO,CE,Federal Contract Tower,6,15,22,10,53,0,4,67,43,114,6,19,89,53,167,10,212,222,389
04/14/2005,BFM,AL,ASO,CE,Federal Contract Tower,8,11,16,46,81,0,7,31,56,94,8,18,47,102,175,8,222,230,405
04/15/2005,BFM,AL,ASO,CE,Federal Contract Tower,6,15,18,5,44,0,6,58,14,78,6,21,76,19,122,36,208,244,366
04/16/2005,BFM,AL,ASO,CE,Federal Contract Tower,2,1,3,7,13,1,0,56,11,68,3,1,59,18,81,40,36,76,157
04/17/2005,BFM,AL,ASO,CE,Federal Contract Tower,2,0,16,0,18,0,2,44,7,53,2,2,60,7,71,88,24,112,183
04/18/2005,BFM,AL,ASO,CE,Federal Contract Tower,2,12,24,17,55,0,6,50,57,113,2,18,74,74,168,8,210,218,386
04/19/2005,BFM,AL,ASO,CE,Federal Contract Tower,7,18,20,40,85,0,8,53,43,104,7,26,73,83,189,46,206,252,441
04/20/2005,BFM,AL,ASO,CE,Federal Contract Tower,7,21,22,21,71,4,12,37,43,96,11,33,59,64,167,38,88,126,293
04/21/2005,BFM,AL,ASO,CE,Federal Contract Tower,5,20,32,26,83,0,5,37,68,110,5,25,69,94,193,50,194,244,437
04/22/2005,BFM,AL,ASO,CE,Federal Contract Tower,6,11,18,8,43,0,9,29,22,60,6,20,47,30,103,28,158,186,289
04/23/2005,BFM,AL,ASO,CE,Federal Contract Tower,2,1,24,2,29,0,4,29,1,34,2,5,53,3,63,10,0,10,73
04/24/2005,BFM,AL,ASO,CE,Federal Contract Tower,4,0,14,9,27,0,0,43,3,46,4,0,57,12,73,10,2,12,85
04/25/2005,BFM,AL,ASO,CE,Federal Contract Tower,6,11,19,24,60,0,8,33,64,105,6,19,52,88,165,8,162,170,335
04/26/2005,BFM,AL,ASO,CE,Federal Contract Tower,6,15,17,16,54,0,2,22,47,71,6,17,39,63,125,14,148,162,287
04/27/2005,BFM,AL,ASO,CE,Federal Contract Tower,6,15,37,57,115,0,5,42,75,122,6,20,79,132,237,28,366,394,631
04/28/2005,BFM,AL,ASO,CE,Federal Contract Tower,6,17,30,19,72,0,3,60,71,134,6,20,90,90,206,2,260,262,468
04/29/2005,BFM,AL,ASO,CE,Federal Contract Tower,9,15,27,13,64,0,2,39,7,48,9,17,66,20,112,10,94,104,216
04/30/2005,BFM,AL,ASO,CE,Federal Contract Tower,3,0,8,0,11,0,0,1,0,1,3,0,9,0,12,0,0,0,12
05/01/2005,BFM,AL,ASO,CE,Federal Contract Tower,0,4,27,7,38,0,3,22,8,33,0,7,49,15,71,10,0,10,81
05/02/2005,BFM,AL,ASO,CE,Federal Contract Tower,2,10,20,11,43,0,4,44,59,107,2,14,64,70,150,42,268,310,460
05/03/2005,BFM,AL,ASO,CE,Federal Contract Tower,7,15,24,44,90,0,3,66,66,135,7,18,90,110,225,54,304,358,583
05/04/2005,BFM,AL,ASO,CE,Federal Contract Tower,7,17,21,34,79,4,11,36,23,74,11,28,57,57,153,42,150,192,345
05/05/2005,BFM,AL,ASO,CE,Federal Contract Tower,6,12,20,24,62,4,7,38,26,75,10,19,58,50,137,28,154,182,319
05/06/2005,BFM,AL,ASO,CE,Federal Contract Tower,8,14,27,28,77,0,7,56,31,94,8,21,83,59,171,0,36,36,207
05/07/2005,BFM,AL,ASO,CE,Federal Contract Tower,2,0,4,6,12,0,2,52,0,54,2,2,56,6,66,28,0,28,94
05/08/2005,BFM,AL,ASO,CE,Federal Contract Tower,0,0,6,2,8,0,1,29,2,32,0,1,35,4,40,32,0,32,72
05/09/2005,BFM,AL,ASO,CE,Federal Contract Tower,4,14,18,14,50,5,5,34,31,75,9,19,52,45,125,32,78,110,235
05/10/2005,BFM,AL,ASO,CE,Federal Contract Tower,9,19,32,13,73,1,5,36,46,88,10,24,68,59,161,20,142,162,323
05/11/2005,BFM,AL,ASO,CE,Federal Contract Tower,11,16,25,5,57,0,1,40,22,63,11,17,65,27,120,4,96,100,220
05/12/2005,BFM,AL,ASO,CE,Federal Contract Tower,9,13,13,28,63,2,10,49,49,110,11,23,62,77,173,18,196,214,387
05/13/2005,BFM,AL,ASO,CE,Federal Contract Tower,5,11,24,10,50,0,4,53,23,80,5,15,77,33,130,30,56,86,216
05/14/2005,BFM,AL,ASO,CE,Federal Contract Tower,8,0,8,1,17,0,0,47,6,53,8,0,55,7,70,32,4,36,106
05/15/2005,BFM,AL,ASO,CE,Federal Contract Tower,3,1,17,2,23,2,1,17,9,29,5,2,34,11,52,48,24,72,124
05/16/2005,BFM,AL,ASO,CE,Federal Contract Tower,4,14,9,32,59,0,2,51,26,79,4,16,60,58,138,16,98,114,252
05/17/2005,BFM,AL,ASO,CE,Federal Contract Tower,11,19,16,27,73,1,3,31,77,112,12,22,47,104,185,28,186,214,399
05/18/2005,BFM,AL,ASO,CE,Federal Contract Tower,8,16,28,27,79,0,19,59,73,151,8,35,87,100,230,20,234,254,484
05/19/2005,BFM,AL,ASO,CE,Federal Contract Tower,7,18,23,52,100,0,9,47,57,113,7,27,70,109,213,12,238,250,463
05/20/2005,BFM,AL,ASO,CE,Federal Contract Tower,7,12,16,14,49,0,6,40,15,61,7,18,56,29,110,6,92,98,208
05/21/2005,BFM,AL,ASO,CE,Federal Contract Tower,2,2,19,0,23,0,3,41,2,46,2,5,60,2,69,6,0,6,75
05/22/2005,BFM,AL,ASO,CE,Federal Contract Tower,0,0,10,2,12,0,3,61,8,72,0,3,71,10,84,78,2,80,164
05/23/2005,BFM,AL,ASO,CE,Federal Contract Tower,2,14,25,33,74,0,1,67,49,117,2,15,92,82,191,78,318,396,587
05/24/2005,BFM,AL,ASO,CE,Federal Contract Tower,9,15,24,49,97,0,12,75,50,137,9,27,99,99,234,56,210,266,500
05/25/2005,BFM,AL,ASO,CE,Federal Contract Tower,6,20,39,17,82,1,8,68,55,132,7,28,107,72,214,24,128,152,366
05/26/2005,BFM,AL,ASO,CE,Federal Contract Tower,10,14,15,14,53,2,3,65,40,110,12,17,80,54,163,6,150,156,319
05/27/2005,BFM,AL,ASO,CE,Federal Contract Tower,9,12,31,1,53,2,5,57,11,75,11,17,88,12,128,16,12,28,156
05/28/2005,BFM,AL,ASO,CE,Federal Contract Tower,2,1,8,0,11,0,1,42,2,45,2,2,50,2,56,16,0,16,72
05/29/2005,BFM,AL,ASO,CE,Federal Contract Tower,7,1,2,1,11,2,0,10,2,14,9,1,12,3,25,18,0,18,43
05/30/2005,BFM,AL,ASO,CE,Federal Contract Tower,2,0,6,0,8,0,2,7,2,11,2,2,13,2,19,0,12,12,31
05/31/2005,BFM,AL,ASO,CE,Federal Contract Tower,4,13,16,1,34,0,4,16,28,48,4,17,32,29,82,12,58,70,152
06/01/2005,BFM,AL,ASO,CE,Federal Contract Tower,8,12,29,23,72,0,6,22,49,77,8,18,51,72,149,10,196,206,355
06/02/2005,BFM,AL,ASO,CE,Federal Contract Tower,7,14,21,5,47,0,3,32,34,69,7,17,53,39,116,0,96,96,212
06/03/2005,BFM,AL,ASO,CE,Federal Contract Tower,10,17,36,29,92,0,1,69,33,103,10,18,105,62,195,42,214,256,451
06/04/2005,BFM,AL,ASO,CE,Federal Contract Tower,2,0,10,0,12,0,3,41,8,52,2,3,51,8,64,8,36,44,108
06/05/2005,BFM,AL,ASO,CE,Federal Contract Tower,0,1,16,1,18,0,6,29,8,43,0,7,45,9,61,74,0,74,135
06/06/2005,BFM,AL,ASO,CE,Federal Contract Tower,3,12,18,3,36,0,1,17,2,20,3,13,35,5,56,24,10,34,90
06/07/2005,BFM,AL,ASO,CE,Federal Contract Tower,8,18,12,6,44,0,6,41,33,80,8,24,53,39,124,14,134,148,272
06/08/2005,BFM,AL,ASO,CE,Federal Contract Tower,9,13,16,7,45,6,7,46,28,87,15,20,62,35,132,38,142,180,312
06/09/2005,BFM,AL,ASO,CE,Federal Contract Tower,6,17,24,6,53,0,5,60,31,96,6,22,84,37,149,16,96,112,261
06/10/2005,BFM,AL,ASO,CE,Federal Contract Tower,6,13,14,2,35,0,17,27,25,69,6,30,41,27,104,18,14,32,136
06/11/2005,BFM,AL,ASO,CE,Federal Contract Tower,3,0,0,0,3,0,0,0,0,0,3,0,0,0,3,0,0,0,3
06/12/2005,BFM,AL,ASO,CE,Federal Contract Tower,0,0,7,0,7,0,1,41,0,42,0,1,48,0,49,48,0,48,97
06/13/2005,BFM,AL,ASO,CE,Federal Contract Tower,3,16,22,4,45,0,2,46,48,96,3,18,68,52,141,24,168,192,333
06/14/2005,BFM,AL,ASO,CE,Federal Contract Tower,12,13,21,14,60,0,2,40,52,94,12,15,61,66,154,16,180,196,350
06/15/2005,BFM,AL,ASO,CE,Federal Contract Tower,8,13,39,31,91,0,9,51,47,107,8,22,90,78,198,58,154,212,410
06/16/2005,BFM,AL,ASO,CE,Federal Contract Tower,7,15,29,46,97,0,6,77,83,166,7,21,106,129,263,32,208,240,503
06/17/2005,BFM,AL,ASO,CE,Federal Contract Tower,8,17,15,7,47,0,9,53,17,79,8,26,68,24,126,56,110,166,292
06/18/2005,BFM,AL,ASO,CE,Federal Contract Tower,2,1,6,7,16,0,2,35,7,44,2,3,41,14,60,18,0,18,78
06/19/2005,BFM,AL,ASO,CE,Federal Contract Tower,4,0,5,2,11,0,6,38,2,46,4,6,43,4,57,28,0,28,85
06/20/2005,BFM,AL,ASO,CE,Federal Contract Tower,6,12,22,25,65,0,5,50,50,105,6,17,72,75,170,46,132,178,348
06/21/2005,BFM,AL,ASO,CE,Federal Contract Tower,11,13,27,24,75,0,6,45,83,134,11,19,72,107,209,22,248,270,479
06/22/2005,BFM,AL,ASO,CE,Federal Contract Tower,6,18,37,19,80,0,4,44,33,81,6,22,81,52,161,16,236,252,413
06/23/2005,BFM,AL,ASO,CE,Federal Contract Tower,6,13,50,29,98,0,7,59,62,128,6,20,109,91,226,22,198,220,446
06/24/2005,BFM,AL,ASO,CE,Federal Contract Tower,4,12,47,9,72,1,15,42,19,77,5,27,89,28,149,18,54,72,221
06/25/2005,BFM,AL,ASO,CE,Federal Contract Tower,4,1,17,0,22,0,4,56,2,62,4,5,73,2,84,38,6,44,128
06/26/2005,BFM,AL,ASO,CE,Federal Contract Tower,4,0,28,2,34,0,2,37,4,43,4,2,65,6,77,14,0,14,91
06/27/2005,BFM,AL,ASO,CE,Federal Contract Tower,2,14,24,13,53,0,0,40,34,74,2,14,64,47,127,38,124,162,289
06/28/2005,BFM,AL,ASO,CE,Federal Contract Tower,5,14,17,10,46,0,6,27,36,69,5,20,44,46,115,42,158,200,315
06/29/2005,BFM,AL,ASO,CE,Federal Contract Tower,9,15,28,5,57,0,3,13,35,51,9,18,41,40,108,44,192,236,344
06/30/2005,BFM,AL,ASO,CE,Federal Contract Tower,7,17,36,17,77,0,5,40,32,77,7,22,76,49,154,22,76,98,252
07/01/2005,BFM,AL,ASO,CE,Federal Contract Tower,6,15,11,7,39,0,3,40,11,54,6,18,51,18,93,38,0,38,131
07/02/2005,BFM,AL,ASO,CE,Federal Contract Tower,2,0,7,0,9,0,0,26,0,26,2,0,33,0,35,32,0,32,67
07/03/2005,BFM,AL,ASO,CE,Federal Contract Tower,1,0,5,5,11,0,6,30,3,39,1,6,35,8,50,20,0,20,70
07/04/2005,BFM,AL,ASO,CE,Federal Contract Tower,1,0,5,1,7,0,8,31,14,53,1,8,36,15,60,0,0,0,60
07/05/2005,BFM,AL,ASO,CE,Federal Contract Tower,3,23,14,8,48,0,6,35,18,59,3,29,49,26,107,54,66,120,227
07/06/2005,BFM,AL,ASO,CE,Federal Contract Tower,5,26,5,3,39,0,6,5,20,31,5,32,10,23,70,4,112,116,186
07/07/2005,BFM,AL,ASO,CE,Federal Contract Tower,6,20,35,10,71,0,2,58,38,98,6,22,93,48,169,10,56,66,235
07/08/2005,BFM,AL,ASO,CE,Federal Contract Tower,9,22,39,0,70,5,8,65,2,80,14,30,104,2,150,18,0,18,168
07/09/2005,BFM,AL,ASO,CE,Federal Contract Tower,2,2,17,0,21,0,0,18,2,20,2,2,35,2,41,0,0,0,41
07/10/2005,BFM,AL,ASO,CE,Federal Contract Tower,0,0,0,0,0,0,0,0,0,0,0,0,0,0,0,0,0,0,0
07/11/2005,BFM,AL,ASO,CE,Federal Contract Tower,1,12,21,0,34,1,7,31,10,49,2,19,52,10,83,0,0,0,83
07/12/2005,BFM,AL,ASO,CE,Federal Contract Tower,8,15,21,1,45,2,22,60,9,93,10,37,81,10,138,24,0,24,162
07/13/2005,BFM,AL,ASO,CE,Federal Contract Tower,8,25,17,10,60,5,9,49,13,76,13,34,66,23,136,24,10,34,170
07/14/2005,BFM,AL,ASO,CE,Federal Contract Tower,8,33,36,5,82,3,5,43,38,89,11,38,79,43,171,24,178,202,373
07/15/2005,BFM,AL,ASO,CE,Federal Contract Tower,6,18,16,2,42,0,5,21,30,56,6,23,37,32,98,16,178,194,292
07/16/2005,BFM,AL,ASO,CE,Federal Contract Tower,1,0,8,2,11,1,0,45,20,66,2,0,53,22,77,36,32,68,145
07/17/2005,BFM,AL,ASO,CE,Federal Contract Tower,3,2,11,6,22,0,3,29,21,53,3,5,40,27,75,10,0,10,85
07/18/2005,BFM,AL,ASO,CE,Federal Contract Tower,5,18,15,5,43,0,5,11,40,56,5,23,26,45,99,58,262,320,419
07/19/2005,BFM,AL,ASO,CE,Federal Contract Tower,10,20,16,12,58,0,5,67,66,138,10,25,83,78,196,38,312,350,546
07/20/2005,BFM,AL,ASO,CE,Federal Contract Tower,7,17,30,3,57,4,6,41,57,108,11,23,71,60,165,4,226,230,395
07/21/2005,BFM,AL,ASO,CE,Federal Contract Tower,7,15,24,8,54,0,6,34,31,71,7,21,58,39,125,10,76,86,211
07/22/2005,BFM,AL,ASO,CE,Federal Contract Tower,7,13,20,21,61,0,9,60,43,112,7,22,80,64,173,58,194,252,425
07/23/2005,BFM,AL,ASO,CE,Federal Contract Tower,3,0,9,10,22,0,3,30,4,37,3,3,39,14,59,26,20,46,105
07/24/2005,BFM,AL,ASO,CE,Federal Contract Tower,0,0,7,2,9,0,2,37,3,42,0,2,44,5,51,40,0,40,91
07/25/2005,BFM,AL,ASO,CE,Federal Contract Tower,2,19,24,13,58,0,3,59,29,91,2,22,83,42,149,16,136,152,301
07/26/2005,BFM,AL,ASO,CE,Federal Contract Tower,5,18,28,10,61,0,5,41,44,90,5,23,69,54,151,28,234,262,413
07/27/2005,BFM,AL,ASO,CE,Federal Contract Tower,6,17,30,13,66,0,7,45,42,94,6,24,75,55,160,62,236,298,458
07/28/2005,BFM,AL,ASO,CE,Federal Contract Tower,6,21,34,23,84,0,23,40,28,91,6,44,74,51,175,32,90,122,297
07/29/2005,BFM,AL,ASO,CE,Federal Contract Tower,9,16,28,13,66,0,4,10,33,47,9,20,38,46,113,24,94,118,231
07/30/2005,BFM,AL,ASO,CE,Federal Contract Tower,4,2,20,3,29,0,2,22,1,25,4,4,42,4,54,44,0,44,98
07/31/2005,BFM,AL,ASO,CE,Federal Contract Tower,2,0,11,11,24,0,4,30,6,40,2,4,41,17,64,34,0,34,98
08/01/2005,BFM,AL,ASO,CE,Federal Contract Tower,2,13,18,1,34,0,4,24,26,54,2,17,42,27,88,20,154,174,262
08/02/2005,BFM,AL,ASO,CE,Federal Contract Tower,7,19,27,3,56,0,2,14,3,19,7,21,41,6,75,4,0,4,79
08/03/2005,BFM,AL,ASO,CE,Federal Contract Tower,4,0,12,2,18,0,14,41,4,59,4,14,53,6,77,0,0,0,77
08/04/2005,BFM,AL,ASO,CE,Federal Contract Tower,10,14,26,10,60,0,2,28,13,43,10,16,54,23,103,24,0,24,127
08/05/2005,BFM,AL,ASO,CE,Federal Contract Tower,7,20,19,11,57,0,0,17,32,49,7,20,36,43,106,12,238,250,356
08/06/2005,BFM,AL,ASO,CE,Federal Contract Tower,3,1,11,0,15,0,1,20,0,21,3,2,31,0,36,26,0,26,62
08/07/2005,BFM,AL,ASO,CE,Federal Contract Tower,0,1,19,15,35,0,1,31,8,40,0,2,50,23,75,32,0,32,107
08/08/2005,BFM,AL,ASO,CE,Federal Contract Tower,3,14,32,21,70,0,3,46,46,95,3,17,78,67,165,2,296,298,463
08/09/2005,BFM,AL,ASO,CE,Federal Contract Tower,5,14,27,38,84,0,1,43,41,85,5,15,70,79,169,10,76,86,255
08/10/2005,BFM,AL,ASO,CE,Federal Contract Tower,5,18,22,23,68,0,7,60,58,125,5,25,82,81,193,14,130,144,337
08/11/2005,BFM,AL,ASO,CE,Federal Contract Tower,6,18,33,42,99,0,1,47,25,73,6,19,80,67,172,8,148,156,328
08/12/2005,BFM,AL,ASO,CE,Federal Contract Tower,10,14,21,24,69,1,7,44,40,92,11,21,65,64,161,20,106,126,287
08/13/2005,BFM,AL,ASO,CE,Federal Contract Tower,6,0,14,3,23,0,0,34,5,39,6,0,48,8,62,24,0,24,86
08/14/2005,BFM,AL,ASO,CE,Federal Contract Tower,0,0,9,8,17,0,2,46,18,66,0,2,55,26,83,34,40,74,157
08/15/2005,BFM,AL,ASO,CE,Federal Contract Tower,4,13,34,8,59,0,0,42,50,92,4,13,76,58,151,20,196,216,367
08/16/2005,BFM,AL,ASO,CE,Federal Contract Tower,7,18,35,12,72,0,5,57,49,111,7,23,92,61,183,50,114,164,347
08/17/2005,BFM,AL,ASO,CE,Federal Contract Tower,7,12,33,23,75,0,9,46,65,120,7,21,79,88,195,88,166,254,449
08/18/2005,BFM,AL,ASO,CE,Federal Contract Tower,5,13,29,32,79,0,4,60,47,111,5,17,89,79,190,66,162,228,418
08/19/2005,BFM,AL,ASO,CE,Federal Contract Tower,6,14,35,39,94,0,7,62,29,98,6,21,97,68,192,42,180,222,414
08/20/2005,BFM,AL,ASO,CE,Federal Contract Tower,2,0,5,3,10,0,6,43,13,62,2,6,48,16,72,18,0,18,90
08/21/2005,BFM,AL,ASO,CE,Federal Contract Tower,3,1,3,8,15,4,3,21,8,36,7,4,24,16,51,0,14,14,65
08/22/2005,BFM,AL,ASO,CE,Federal Contract Tower,8,10,28,22,68,0,2,45,57,104,8,12,73,79,172,10,378,388,560
08/23/2005,BFM,AL,ASO,CE,Federal Contract Tower,6,17,29,24,76,0,3,30,60,93,6,20,59,84,169,4,246,250,419
08/24/2005,BFM,AL,ASO,CE,Federal Contract Tower,7,17,31,26,81,0,6,46,52,104,7,23,77,78,185,76,242,318,503
08/25/2005,BFM,AL,ASO,CE,Federal Contract Tower,6,12,22,19,59,0,6,41,43,90,6,18,63,62,149,90,200,290,439
08/26/2005,BFM,AL,ASO,CE,Federal Contract Tower,6,13,23,7,49,0,6,53,41,100,6,19,76,48,149,48,268,316,465
08/27/2005,BFM,AL,ASO,CE,Federal Contract Tower,6,1,14,0,21,0,5,48,0,53,6,6,62,0,74,26,0,26,100
08/28/2005,BFM,AL,ASO,CE,Federal Contract Tower,0,6,13,0,19,0,2,8,4,14,0,8,21,4,33,0,0,0,33
08/29/2005,BFM,AL,ASO,CE,Federal Contract Tower,0,0,0,0,0,0,0,0,0,0,0,0,0,0,0,0,0,0,0
08/30/2005,BFM,AL,ASO,CE,Federal Contract Tower,0,1,4,0,5,0,8,38,22,68,0,9,42,22,73,0,0,0,73
08/31/2005,BFM,AL,ASO,CE,Federal Contract Tower,6,10,16,2,34,0,8,56,10,74,6,18,72,12,108,0,6,6,114
09/01/2005,BFM,AL,ASO,CE,Federal Contract Tower,7,9,33,0,49,0,24,81,16,121,7,33,114,16,170,0,20,20,190
09/02/2005,BFM,AL,ASO,CE,Federal Contract Tower,8,10,27,0,45,0,18,59,4,81,8,28,86,4,126,2,0,2,128
09/03/2005,BFM,AL,ASO,CE,Federal Contract Tower,4,0,12,2,18,0,14,41,4,59,4,14,53,6,77,0,0,0,77
09/04/2005,BFM,AL,ASO,CE,Federal Contract Tower,2,0,7,0,9,0,20,26,1,47,2,20,33,1,56,0,0,0,56
09/05/2005,BFM,AL,ASO,CE,Federal Contract Tower,3,2,11,4,20,2,8,39,7,56,5,10,50,11,76,10,0,10,86
09/06/2005,BFM,AL,ASO,CE,Federal Contract Tower,6,15,31,16,68,2,6,42,27,77,8,21,73,43,145,4,74,78,223
09/07/2005,BFM,AL,ASO,CE,Federal Contract Tower,12,19,31,7,69,1,5,57,8,71,13,24,88,15,140,36,108,144,284
09/08/2005,BFM,AL,ASO,CE,Federal Contract Tower,13,18,38,1,70,0,4,68,13,85,13,22,106,14,155,52,50,102,257
09/09/2005,BFM,AL,ASO,CE,Federal Contract Tower,13,18,40,5,76,0,3,76,10,89,13,21,116,15,165,50,28,78,243
09/10/2005,BFM,AL,ASO,CE,Federal Contract Tower,6,3,13,9,31,0,3,51,1,55,6,6,64,10,86,20,32,52,138
09/11/2005,BFM,AL,ASO,CE,Federal Contract Tower,0,0,19,2,21,0,2,42,4,48,0,2,61,6,69,24,0,24,93
09/12/2005,BFM,AL,ASO,CE,Federal Contract Tower,5,12,28,6,51,0,1,84,12,97,5,13,112,18,148,68,42,110,258
09/13/2005,BFM,AL,ASO,CE,Federal Contract Tower,9,20,22,2,53,0,2,59,3,64,9,22,81,5,117,16,86,102,219
09/14/2005,BFM,AL,ASO,CE,Federal Contract Tower,8,19,63,7,97,0,3,67,4,74,8,22,130,11,171,42,132,174,345
09/15/2005,BFM,AL,ASO,CE,Federal Contract Tower,10,16,45,19,90,1,2,58,9,70,11,18,103,28,160,20,16,36,196
09/16/2005,BFM,AL,ASO,CE,Federal Contract Tower,11,14,25,5,55,0,3,71,8,82,11,17,96,13,137,58,38,96,233
09/17/2005,BFM,AL,ASO,CE,Federal Contract Tower,5,2,32,0,39,1,0,45,0,46,6,2,77,0,85,10,0,10,95
09/18/2005,BFM,AL,ASO,CE,Federal Contract Tower,5,2,15,0,22,4,1,36,4,45,9,3,51,4,67,20,0,20,87
09/19/2005,BFM,AL,ASO,CE,Federal Contract Tower,4,11,22,5,42,0,6,77,47,130,4,17,99,52,172,80,250,330,502
09/20/2005,BFM,AL,ASO,CE,Federal Contract Tower,9,15,25,5,54,0,13,51,32,96,9,28,76,37,150,22,104,126,276
09/21/2005,BFM,AL,ASO,CE,Federal Contract Tower,13,18,31,3,65,0,4,63,44,111,13,22,94,47,176,22,202,224,400
09/22/2005,BFM,AL,ASO,CE,Federal Contract Tower,10,21,25,0,56,0,2,27,8,37,10,23,52,8,93,26,0,26,119
09/23/2005,BFM,AL,ASO,CE,Federal Contract Tower,12,16,16,0,44,0,2,4,0,6,12,18,20,0,50,0,0,0,50
09/24/2005,BFM,AL,ASO,CE,Federal Contract Tower,3,0,5,0,8,0,0,7,0,7,3,0,12,0,15,0,0,0,15
09/25/2005,BFM,AL,ASO,CE,Federal Contract Tower,1,0,5,0,6,0,1,13,12,26,1,1,18,12,32,0,10,10,42
09/26/2005,BFM,AL,ASO,CE,Federal Contract Tower,4,15,16,4,39,0,7,23,23,53,4,22,39,27,92,72,194,266,358
09/27/2005,BFM,AL,ASO,CE,Federal Contract Tower,10,15,47,20,92,1,6,58,97,162,11,21,105,117,254,70,314,384,638
09/28/2005,BFM,AL,ASO,CE,Federal Contract Tower,13,21,50,15,99,0,6,41,18,65,13,27,91,33,164,6,146,152,316
09/29/2005,BFM,AL,ASO,CE,Federal Contract Tower,14,22,35,7,78,0,3,56,23,82,14,25,91,30,160,26,80,106,266
09/30/2005,BFM,AL,ASO,CE,Federal Contract Tower,14,19,37,4,74,0,4,74,13,91,14,23,111,17,165,26,186,212,377
10/01/2005,BFM,AL,ASO,CE,Federal Contract Tower,2,1,12,0,15,0,7,30,0,37,2,8,42,0,52,34,0,34,86
10/02/2005,BFM,AL,ASO,CE,Federal Contract Tower,1,0,7,0,8,0,8,37,0,45,1,8,44,0,53,40,0,40,93
10/03/2005,BFM,AL,ASO,CE,Federal Contract Tower,7,16,31,5,59,0,5,56,67,128,7,21,87,72,187,82,180,262,449
10/04/2005,BFM,AL,ASO,CE,Federal Contract Tower,9,20,25,9,63,0,11,43,47,101,9,31,68,56,164,60,222,282,446
10/05/2005,BFM,AL,ASO,CE,Federal Contract Tower,10,22,32,15,79,0,7,59,40,106,10,29,91,55,185,54,158,212,397
10/06/2005,BFM,AL,ASO,CE,Federal Contract Tower,9,15,28,23,75,0,5,28,34,67,9,20,56,57,142,60,176,236,378
10/07/2005,BFM,AL,ASO,CE,Federal Contract Tower,11,15,33,5,64,0,3,24,4,31,11,18,57,9,95,58,14,72,167
10/08/2005,BFM,AL,ASO,CE,Federal Contract Tower,2,2,13,0,17,0,4,32,0,36,2,6,45,0,53,24,0,24,77
10/09/2005,BFM,AL,ASO,CE,Federal Contract Tower,0,0,7,0,7,0,2,52,0,54,0,2,59,0,61,52,0,52,113
10/10/2005,BFM,AL,ASO,CE,Federal Contract Tower,2,7,23,5,37,0,6,40,15,61,2,13,63,20,98,34,42,76,174
10/11/2005,BFM,AL,ASO,CE,Federal Contract Tower,10,18,30,14,72,0,12,48,32,92,10,30,78,46,164,68,116,184,348
10/12/2005,BFM,AL,ASO,CE,Federal Contract Tower,11,19,30,9,69,0,12,45,51,108,11,31,75,60,177,36,206,242,419
10/13/2005,BFM,AL,ASO,CE,Federal Contract Tower,14,15,42,33,104,0,2,49,33,84,14,17,91,66,188,38,228,266,454
10/14/2005,BFM,AL,ASO,CE,Federal Contract Tower,10,19,15,7,51,1,7,58,32,98,11,26,73,39,149,48,168,216,365
10/15/2005,BFM,AL,ASO,CE,Federal Contract Tower,2,0,8,0,10,0,0,33,0,33,2,0,41,0,43,16,0,16,59
10/16/2005,BFM,AL,ASO,CE,Federal Contract Tower,1,0,16,6,23,0,5,30,4,39,1,5,46,10,62,28,0,28,90
10/17/2005,BFM,AL,ASO,CE,Federal Contract Tower,2,17,14,28,61,0,1,53,43,97,2,18,67,71,158,76,172,248,406
10/18/2005,BFM,AL,ASO,CE,Federal Contract Tower,7,20,26,25,78,0,8,70,66,144,7,28,96,91,222,82,246,328,550
10/19/2005,BFM,AL,ASO,CE,Federal Contract Tower,13,25,25,23,86,0,6,57,39,102,13,31,82,62,188,48,142,190,378
10/20/2005,BFM,AL,ASO,CE,Federal Contract Tower,10,12,39,24,85,0,8,61,46,115,10,20,100,70,200,14,452,466,666
10/21/2005,BFM,AL,ASO,CE,Federal Contract Tower,10,21,35,17,83,1,10,68,60,139,11,31,103,77,222,52,254,306,528
10/22/2005,BFM,AL,ASO,CE,Federal Contract Tower,6,4,14,1,25,0,3,52,4,59,6,7,66,5,84,18,0,18,102
10/23/2005,BFM,AL,ASO,CE,Federal Contract Tower,2,2,11,4,19,0,5,30,45,80,2,7,41,49,99,46,0,46,145
10/24/2005,BFM,AL,ASO,CE,Federal Contract Tower,5,14,18,15,52,0,2,42,65,109,5,16,60,80,161,34,206,240,401
10/25/2005,BFM,AL,ASO,CE,Federal Contract Tower,9,20,26,39,94,0,10,53,56,119,9,30,79,95,213,50,304,354,567
10/26/2005,BFM,AL,ASO,CE,Federal Contract Tower,7,19,28,27,81,0,5,68,51,124,7,24,96,78,205,40,248,288,493
10/27/2005,BFM,AL,ASO,CE,Federal Contract Tower,10,16,21,9,56,0,10,56,36,102,10,26,77,45,158,94,112,206,364
10/28/2005,BFM,AL,ASO,CE,Federal Contract Tower,10,12,29,15,66,8,10,60,25,103,18,22,89,40,169,30,206,236,405
10/29/2005,BFM,AL,ASO,CE,Federal Contract Tower,10,2,16,0,28,0,1,47,0,48,10,3,63,0,76,34,0,34,110
10/30/2005,BFM,AL,ASO,CE,Federal Contract Tower,5,0,12,2,19,0,1,44,18,63,5,1,56,20,82,20,28,48,130
10/31/2005,BFM,AL,ASO,CE,Federal Contract Tower,3,15,28,25,71,0,1,51,49,101,3,16,79,74,172,40,266,306,478
11/01/2005,BFM,AL,ASO,CE,Federal Contract Tower,7,18,38,19,82,0,11,30,43,84,7,29,68,62,166,22,202,224,390
11/02/2005,BFM,AL,ASO,CE,Federal Contract Tower,6,17,33,20,76,0,8,68,90,166,6,25,101,110,242,50,226,276,518
11/03/2005,BFM,AL,ASO,CE,Federal Contract Tower,8,24,42,27,101,0,3,63,74,140,8,27,105,101,241,76,400,476,717
11/04/2005,BFM,AL,ASO,CE,Federal Contract Tower,6,15,54,5,80,0,18,78,44,140,6,33,132,49,220,38,188,226,446
11/05/2005,BFM,AL,ASO,CE,Federal Contract Tower,4,2,10,2,18,0,0,47,7,54,4,2,57,9,72,94,40,134,206
11/06/2005,BFM,AL,ASO,CE,Federal Contract Tower,0,0,14,2,16,0,2,41,11,54,0,2,55,13,70,26,0,26,96
11/07/2005,BFM,AL,ASO,CE,Federal Contract Tower,3,18,31,17,69,0,6,42,58,106,3,24,73,75,175,54,140,194,369
11/08/2005,BFM,AL,ASO,CE,Federal Contract Tower,6,23,29,14,72,0,7,64,59,130,6,30,93,73,202,40,246,286,488
11/09/2005,BFM,AL,ASO,CE,Federal Contract Tower,5,18,31,24,78,0,4,46,49,99,5,22,77,73,177,26,48,74,251
11/10/2005,BFM,AL,ASO,CE,Federal Contract Tower,8,17,45,24,94,0,3,38,18,59,8,20,83,42,153,34,232,266,419
11/11/2005,BFM,AL,ASO,CE,Federal Contract Tower,11,8,15,1,35,0,4,89,30,123,11,12,104,31,158,58,10,68,226
11/12/2005,BFM,AL,ASO,CE,Federal Contract Tower,9,0,20,6,35,2,2,44,8,56,11,2,64,14,91,38,0,38,129
11/13/2005,BFM,AL,ASO,CE,Federal Contract Tower,1,0,13,14,28,0,2,27,6,35,1,2,40,20,63,12,0,12,75
11/14/2005,BFM,AL,ASO,CE,Federal Contract Tower,4,17,30,32,83,0,6,38,45,89,4,23,68,77,172,168,240,408,580
11/15/2005,BFM,AL,ASO,CE,Federal Contract Tower,6,29,16,20,71,0,2,29,41,72,6,31,45,61,143,102,112,214,357
11/16/2005,BFM,AL,ASO,CE,Federal Contract Tower,7,16,18,34,75,0,12,26,43,81,7,28,44,77,156,12,218,230,386
11/17/2005,BFM,AL,ASO,CE,Federal Contract Tower,6,14,29,21,70,0,1,57,62,120,6,15,86,83,190,54,216,270,460
11/18/2005,BFM,AL,ASO,CE,Federal Contract Tower,8,19,36,16,79,0,7,64,51,122,8,26,100,67,201,40,276,316,517
11/19/2005,BFM,AL,ASO,CE,Federal Contract Tower,3,1,13,0,17,0,2,55,10,67,3,3,68,10,84,30,0,30,114
11/20/2005,BFM,AL,ASO,CE,Federal Contract Tower,1,0,16,7,24,0,2,45,11,58,1,2,61,18,82,4,20,24,106
11/21/2005,BFM,AL,ASO,CE,Federal Contract Tower,4,21,12,11,48,0,0,22,52,74,4,21,34,63,122,36,140,176,298
11/22/2005,BFM,AL,ASO,CE,Federal Contract Tower,6,15,19,28,68,0,17,61,52,130,6,32,80,80,198,32,258,290,488
11/23/2005,BFM,AL,ASO,CE,Federal Contract Tower,6,19,17,19,61,0,3,65,25,93,6,22,82,44,154,24,0,24,178
11/24/2005,BFM,AL,ASO,CE,Federal Contract Tower,2,2,2,0,6,0,0,21,0,21,2,2,23,0,27,12,0,12,39
11/25/2005,BFM,AL,ASO,CE,Federal Contract Tower,6,15,19,0,40,0,4,61,2,67,6,19,80,2,107,14,0,14,121
11/26/2005,BFM,AL,ASO,CE,Federal Contract Tower,1,1,11,0,13,2,1,33,0,36,3,2,44,0,49,44,0,44,93
11/27/2005,BFM,AL,ASO,CE,Federal Contract Tower,0,0,13,0,13,0,1,24,0,25,0,1,37,0,38,22,0,22,60
11/28/2005,BFM,AL,ASO,CE,Federal Contract Tower,6,18,16,7,47,0,5,16,20,41,6,23,32,27,88,18,20,38,126
11/29/2005,BFM,AL,ASO,CE,Federal Contract Tower,7,19,18,41,85,0,13,43,45,101,7,32,61,86,186,68,208,276,462
11/30/2005,BFM,AL,ASO,CE,Federal Contract Tower,16,19,25,16,76,10,14,61,73,158,26,33,86,89,234,20,228,248,482
12/01/2005,BFM,AL,ASO,CE,Federal Contract Tower,7,19,28,16,70,0,3,77,40,120,7,22,105,56,190,60,118,178,368
12/02/2005,BFM,AL,ASO,CE,Federal Contract Tower,8,17,22,29,76,0,9,65,21,95,8,26,87,50,171,26,60,86,257
12/03/2005,BFM,AL,ASO,CE,Federal Contract Tower,4,0,14,8,26,0,1,38,11,50,4,1,52,19,76,28,66,94,170
12/04/2005,BFM,AL,ASO,CE,Federal Contract Tower,3,0,17,3,23,0,0,11,4,15,3,0,28,7,38,24,12,36,74
12/05/2005,BFM,AL,ASO,CE,Federal Contract Tower,2,21,20,12,55,0,0,8,15,23,2,21,28,27,78,0,0,0,78
12/06/2005,BFM,AL,ASO,CE,Federal Contract Tower,6,19,31,62,118,0,5,62,56,123,6,24,93,118,241,56,218,274,515
12/07/2005,BFM,AL,ASO,CE,Federal Contract Tower,6,22,34,32,94,0,5,56,64,125,6,27,90,96,219,10,118,128,347
12/08/2005,BFM,AL,ASO,CE,Federal Contract Tower,8,21,35,55,119,0,1,13,16,30,8,22,48,71,149,16,56,72,221
12/09/2005,BFM,AL,ASO,CE,Federal Contract Tower,6,16,16,21,59,0,3,56,24,83,6,19,72,45,142,42,78,120,262
12/10/2005,BFM,AL,ASO,CE,Federal Contract Tower,2,1,9,1,13,0,0,65,2,67,2,1,74,3,80,44,0,44,124
12/11/2005,BFM,AL,ASO,CE,Federal Contract Tower,0,0,14,9,23,0,4,44,13,61,0,4,58,22,84,30,26,56,140
12/12/2005,BFM,AL,ASO,CE,Federal Contract Tower,2,18,33,29,82,0,2,51,64,117,2,20,84,93,199,52,218,270,469
12/13/2005,BFM,AL,ASO,CE,Federal Contract Tower,8,19,32,24,83,0,3,63,57,123,8,22,95,81,206,14,212,226,432
12/14/2005,BFM,AL,ASO,CE,Federal Contract Tower,11,22,34,42,109,2,1,49,35,87,13,23,83,77,196,52,114,166,362
12/15/2005,BFM,AL,ASO,CE,Federal Contract Tower,6,22,30,41,99,0,3,36,50,89,6,25,66,91,188,10,104,114,302
12/16/2005,BFM,AL,ASO,CE,Federal Contract Tower,7,16,27,19,69,0,9,43,2,54,7,25,70,21,123,52,78,130,253
12/17/2005,BFM,AL,ASO,CE,Federal Contract Tower,2,0,13,0,15,0,2,27,4,33,2,2,40,4,48,32,16,48,96
12/18/2005,BFM,AL,ASO,CE,Federal Contract Tower,1,0,23,10,34,0,2,31,28,61,1,2,54,38,95,0,6,6,101
12/19/2005,BFM,AL,ASO,CE,Federal Contract Tower,2,18,24,48,92,0,5,59,23,87,2,23,83,71,179,28,176,204,383
12/20/2005,BFM,AL,ASO,CE,Federal Contract Tower,12,30,31,13,86,1,1,46,17,65,13,31,77,30,151,36,146,182,333
12/21/2005,BFM,AL,ASO,CE,Federal Contract Tower,8,25,15,18,66,0,2,57,18,77,8,27,72,36,143,18,186,204,347
12/22/2005,BFM,AL,ASO,CE,Federal Contract Tower,10,25,20,47,102,0,5,63,14,82,10,30,83,61,184,38,112,150,334
12/23/2005,BFM,AL,ASO,CE,Federal Contract Tower,14,18,16,4,52,0,5,50,0,55,14,23,66,4,107,76,0,76,183
12/24/2005,BFM,AL,ASO,CE,Federal Contract Tower,5,0,6,0,11,0,0,3,0,3,5,0,9,0,14,4,0,4,18
12/25/2005,BFM,AL,ASO,CE,Federal Contract Tower,0,0,6,0,6,0,8,3,0,11,0,8,9,0,17,0,0,0,17
12/26/2005,BFM,AL,ASO,CE,Federal Contract Tower,2,2,20,0,24,0,0,28,0,28,2,2,48,0,52,16,0,16,68
12/27/2005,BFM,AL,ASO,CE,Federal Contract Tower,7,16,21,6,50,0,12,40,16,68,7,28,61,22,118,6,62,68,186
12/28/2005,BFM,AL,ASO,CE,Federal Contract Tower,7,17,14,6,44,0,5,14,14,33,7,22,28,20,77,10,84,94,171
12/29/2005,BFM,AL,ASO,CE,Federal Contract Tower,6,20,19,5,50,0,9,31,5,45,6,29,50,10,95,16,44,60,155
12/30/2005,BFM,AL,ASO,CE,Federal Contract Tower,10,20,17,4,51,0,9,40,8,57,10,29,57,12,108,26,0,26,134
12/31/2005,BFM,AL,ASO,CE,Federal Contract Tower,5,0,7,0,12,0,0,13,0,13,5,0,20,0,25,22,0,22,47
01/01/2006,BFM,AL,ASO,CE,Federal Contract Tower,0,0,7,0,7,0,0,2,0,2,0,0,9,0,9,0,0,0,9
01/02/2006,BFM,AL,ASO,CE,Federal Contract Tower,2,7,8,1,18,0,0,18,1,19,2,7,26,2,37,8,0,8,45
01/03/2006,BFM,AL,ASO,CE,Federal Contract Tower,4,23,15,5,47,0,5,61,9,75,4,28,76,14,122,14,4,18,140
01/04/2006,BFM,AL,ASO,CE,Federal Contract Tower,8,20,24,9,61,0,2,54,20,76,8,22,78,29,137,14,164,178,315
01/05/2006,BFM,AL,ASO,CE,Federal Contract Tower,8,21,13,26,68,0,6,58,44,108,8,27,71,70,176,42,182,224,400
01/06/2006,BFM,AL,ASO,CE,Federal Contract Tower,12,18,15,14,59,8,12,28,21,69,20,30,43,35,128,2,104,106,234
01/07/2006,BFM,AL,ASO,CE,Federal Contract Tower,7,0,5,0,12,9,6,62,4,81,16,6,67,4,93,22,0,22,115
01/08/2006,BFM,AL,ASO,CE,Federal Contract Tower,0,0,13,12,25,0,3,32,0,35,0,3,45,12,60,38,6,44,104
01/09/2006,BFM,AL,ASO,CE,Federal Contract Tower,3,21,29,34,87,0,2,23,32,57,3,23,52,66,144,24,120,144,288
01/10/2006,BFM,AL,ASO,CE,Federal Contract Tower,7,25,18,17,67,0,1,13,14,28,7,26,31,31,95,0,92,92,187
01/11/2006,BFM,AL,ASO,CE,Federal Contract Tower,7,18,22,46,93,0,9,48,49,106,7,27,70,95,199,56,134,190,389
01/12/2006,BFM,AL,ASO,CE,Federal Contract Tower,5,18,30,32,85,0,3,42,35,80,5,21,72,67,165,18,106,124,289
01/13/2006,BFM,AL,ASO,CE,Federal Contract Tower,9,17,22,6,54,0,5,31,15,51,9,22,53,21,105,18,18,36,141
01/14/2006,BFM,AL,ASO,CE,Federal Contract Tower,2,1,18,0,21,0,1,38,0,39,2,2,56,0,60,10,0,10,70
01/15/2006,BFM,AL,ASO,CE,Federal Contract Tower,1,0,16,0,17,0,2,49,1,52,1,2,65,1,69,34,0,34,103
01/16/2006,BFM,AL,ASO,CE,Federal Contract Tower,2,3,14,16,35,0,0,24,3,27,2,3,38,19,62,26,0,26,88
01/17/2006,BFM,AL,ASO,CE,Federal Contract Tower,8,29,23,2,62,0,4,4,11,19,8,33,27,13,81,8,0,8,89
01/18/2006,BFM,AL,ASO,CE,Federal Contract Tower,8,18,15,26,67,0,4,66,56,126,8,22,81,82,193,24,58,82,275
01/19/2006,BFM,AL,ASO,CE,Federal Contract Tower,6,18,44,21,89,0,4,44,48,96,6,22,88,69,185,26,178,204,389
01/20/2006,BFM,AL,ASO,CE,Federal Contract Tower,7,20,30,17,74,1,1,26,21,49,8,21,56,38,123,34,106,140,263
01/21/2006,BFM,AL,ASO,CE,Federal Contract Tower,2,2,12,0,16,0,2,4,1,7,2,4,16,1,23,0,22,22,45
01/22/2006,BFM,AL,ASO,CE,Federal Contract Tower,0,1,9,5,15,0,2,8,4,14,0,3,17,9,29,30,8,38,67
01/23/2006,BFM,AL,ASO,CE,Federal Contract Tower,2,24,27,8,61,0,2,11,8,21,2,26,38,16,82,24,68,92,174
01/24/2006,BFM,AL,ASO,CE,Federal Contract Tower,6,23,25,12,66,0,1,43,69,113,6,24,68,81,179,28,282,310,489
01/25/2006,BFM,AL,ASO,CE,Federal Contract Tower,7,24,29,12,72,0,0,51,48,99,7,24,80,60,171,80,346,426,597
01/26/2006,BFM,AL,ASO,CE,Federal Contract Tower,8,25,30,43,106,0,3,64,49,116,8,28,94,92,222,30,204,234,456
01/27/2006,BFM,AL,ASO,CE,Federal Contract Tower,9,16,48,10,83,0,1,59,18,78,9,17,107,28,161,28,188,216,377
01/28/2006,BFM,AL,ASO,CE,Federal Contract Tower,3,0,12,0,15,0,2,38,4,44,3,2,50,4,59,58,18,76,135
01/29/2006,BFM,AL,ASO,CE,Federal Contract Tower,0,3,18,6,27,0,0,12,1,13,0,3,30,7,40,52,0,52,92
01/30/2006,BFM,AL,ASO,CE,Federal Contract Tower,2,24,23,18,67,0,2,17,32,51,2,26,40,50,118,52,126,178,296
01/31/2006,BFM,AL,ASO,CE,Federal Contract Tower,9,23,37,21,90,0,2,57,42,101,9,25,94,63,191,20,188,208,399
02/01/2006,BFM,AL,ASO,CE,Federal Contract Tower,6,23,29,16,74,0,4,61,64,129,6,27,90,80,203,56,180,236,439
02/02/2006,BFM,AL,ASO,CE,Federal Contract Tower,7,20,17,30,74,0,0,19,41,60,7,20,36,71,134,30,72,102,236
02/03/2006,BFM,AL,ASO,CE,Federal Contract Tower,14,18,24,8,64,0,1,11,11,23,14,19,35,19,87,12,26,38,125
02/04/2006,BFM,AL,ASO,CE,Federal Contract Tower,7,1,20,4,32,4,1,55,3,63,11,2,75,7,95,30,14,44,139
02/05/2006,BFM,AL,ASO,CE,Federal Contract Tower,4,2,8,7,21,0,2,52,2,56,4,4,60,9,77,24,0,24,101
02/06/2006,BFM,AL,ASO,CE,Federal Contract Tower,4,17,17,22,60,3,0,28,48,79,7,17,45,70,139,32,60,92,231
02/07/2006,BFM,AL,ASO,CE,Federal Contract Tower,8,23,34,24,89,0,2,61,57,120,8,25,95,81,209,34,182,216,425
02/08/2006,BFM,AL,ASO,CE,Federal Contract Tower,8,24,34,34,100,0,2,70,49,121,8,26,104,83,221,32,174,206,427
02/09/2006,BFM,AL,ASO,CE,Federal Contract Tower,14,18,20,34,86,3,7,74,48,132,17,25,94,82,218,8,202,210,428
02/10/2006,BFM,AL,ASO,CE,Federal Contract Tower,10,18,28,20,76,0,4,55,28,87,10,22,83,48,163,20,150,170,333
02/11/2006,BFM,AL,ASO,CE,Federal Contract Tower,5,1,10,5,21,0,0,18,6,24,5,1,28,11,45,10,4,14,59
02/12/2006,BFM,AL,ASO,CE,Federal Contract Tower,1,3,12,4,20,0,0,48,16,64,1,3,60,20,84,8,2,10,94
02/13/2006,BFM,AL,ASO,CE,Federal Contract Tower,3,22,48,15,88,0,0,44,54,98,3,22,92,69,186,18,264,282,468
02/14/2006,BFM,AL,ASO,CE,Federal Contract Tower,6,22,30,26,84,0,8,40,39,87,6,30,70,65,171,12,178,190,361
02/15/2006,BFM,AL,ASO,CE,Federal Contract Tower,10,19,25,32,86,5,6,45,84,140,15,25,70,116,226,22,194,216,442
02/16/2006,BFM,AL,ASO,CE,Federal Contract Tower,11,15,28,39,93,15,6,44,52,117,26,21,72,91,210,52,212,264,474
02/17/2006,BFM,AL,ASO,CE,Federal Contract Tower,10,19,38,7,74,0,5,16,3,24,10,24,54,10,98,10,58,68,166
02/18/2006,BFM,AL,ASO,CE,Federal Contract Tower,5,0,12,4,21,1,0,4,2,7,6,0,16,6,28,0,0,0,28
02/19/2006,BFM,AL,ASO,CE,Federal Contract Tower,2,0,11,9,22,0,3,23,8,34,2,3,34,17,56,4,0,4,60
02/20/2006,BFM,AL,ASO,CE,Federal Contract Tower,2,14,26,21,63,0,1,2,8,11,2,15,28,29,74,0,0,0,74
02/21/2006,BFM,AL,ASO,CE,Federal Contract Tower,6,32,39,14,91,0,0,28,29,57,6,32,67,43,148,76,16,92,240
02/22/2006,BFM,AL,ASO,CE,Federal Contract Tower,8,22,17,30,77,0,14,29,44,87,8,36,46,74,164,6,50,56,220
02/23/2006,BFM,AL,ASO,CE,Federal Contract Tower,7,24,42,31,104,0,9,40,54,103,7,33,82,85,207,26,138,164,371
02/24/2006,BFM,AL,ASO,CE,Federal Contract Tower,11,24,37,29,101,0,5,56,26,87,11,29,93,55,188,6,254,260,448
02/25/2006,BFM,AL,ASO,CE,Federal Contract Tower,2,0,2,0,4,0,0,0,0,0,2,0,2,0,4,0,0,0,4
02/26/2006,BFM,AL,ASO,CE,Federal Contract Tower,0,0,11,5,16,0,14,34,12,60,0,14,45,17,76,10,10,20,96
02/27/2006,BFM,AL,ASO,CE,Federal Contract Tower,2,17,26,27,72,0,8,71,55,134,2,25,97,82,206,32,316,348,554
02/28/2006,BFM,AL,ASO,CE,Federal Contract Tower,4,12,32,30,78,1,9,88,34,132,5,21,120,64,210,58,216,274,484
03/01/2006,BFM,AL,ASO,CE,Federal Contract Tower,5,23,26,33,87,0,2,54,58,114,5,25,80,91,201,40,312,352,553
03/02/2006,BFM,AL,ASO,CE,Federal Contract Tower,7,21,35,21,84,0,2,68,81,151,7,23,103,102,235,50,368,418,653
03/03/2006,BFM,AL,ASO,CE,Federal Contract Tower,12,17,22,22,73,0,8,55,40,103,12,25,77,62,176,42,84,126,302
03/04/2006,BFM,AL,ASO,CE,Federal Contract Tower,8,0,12,3,23,3,0,60,0,63,11,0,72,3,86,76,0,76,162
03/05/2006,BFM,AL,ASO,CE,Federal Contract Tower,2,0,18,7,27,0,2,63,11,76,2,2,81,18,103,44,0,44,147
03/06/2006,BFM,AL,ASO,CE,Federal Contract Tower,2,22,16,31,71,0,1,54,69,124,2,23,70,100,195,70,116,186,381
03/07/2006,BFM,AL,ASO,CE,Federal Contract Tower,6,22,33,32,93,0,9,51,75,135,6,31,84,107,228,8,246,254,482
03/08/2006,BFM,AL,ASO,CE,Federal Contract Tower,4,18,13,17,52,2,10,57,26,95,6,28,70,43,147,114,230,344,491
03/09/2006,BFM,AL,ASO,CE,Federal Contract Tower,6,25,28,6,65,0,4,12,4,20,6,29,40,10,85,32,136,168,253
03/10/2006,BFM,AL,ASO,CE,Federal Contract Tower,7,17,23,3,50,0,3,18,2,23,7,20,41,5,73,12,28,40,113
03/11/2006,BFM,AL,ASO,CE,Federal Contract Tower,4,0,11,2,17,0,1,45,1,47,4,1,56,3,64,48,0,48,112
03/12/2006,BFM,AL,ASO,CE,Federal Contract Tower,0,2,9,8,19,0,3,25,8,36,0,5,34,16,55,30,0,30,85
03/13/2006,BFM,AL,ASO,CE,Federal Contract Tower,5,21,26,32,84,0,4,10,26,40,5,25,36,58,124,0,48,48,172
03/14/2006,BFM,AL,ASO,CE,Federal Contract Tower,7,21,29,58,115,0,5,40,56,101,7,26,69,114,216,40,198,238,454
03/15/2006,BFM,AL,ASO,CE,Federal Contract Tower,5,21,24,32,82,1,3,92,73,169,6,24,116,105,251,90,232,322,573
03/16/2006,BFM,AL,ASO,CE,Federal Contract Tower,5,22,40,36,103,0,2,52,31,85,5,24,92,67,188,52,176,228,416
03/17/2006,BFM,AL,ASO,CE,Federal Contract Tower,10,28,34,25,97,0,3,66,27,96,10,31,100,52,193,28,76,104,297
03/18/2006,BFM,AL,ASO,CE,Federal Contract Tower,6,0,11,1,18,0,6,55,2,63,6,6,66,3,81,72,0,72,153
03/19/2006,BFM,AL,ASO,CE,Federal Contract Tower,2,0,11,12,25,0,2,22,7,31,2,2,33,19,56,24,22,46,102
03/20/2006,BFM,AL,ASO,CE,Federal Contract Tower,6,21,17,13,57,0,0,16,14,30,6,21,33,27,87,8,70,78,165
03/21/2006,BFM,AL,ASO,CE,Federal Contract Tower,8,21,28,22,79,1,3,52,31,87,9,24,80,53,166,22,118,140,306
03/22/2006,BFM,AL,ASO,CE,Federal Contract Tower,9,17,27,7,60,1,3,53,31,88,10,20,80,38,148,30,16,46,194
03/23/2006,BFM,AL,ASO,CE,Federal Contract Tower,8,22,19,12,61,0,2,63,35,100,8,24,82,47,161,58,18,76,237
03/24/2006,BFM,AL,ASO,CE,Federal Contract Tower,10,17,29,13,69,0,8,58,14,80,10,25,87,27,149,54,42,96,245
03/25/2006,BFM,AL,ASO,CE,Federal Contract Tower,5,0,8,3,16,0,5,73,2,80,5,5,81,5,96,50,0,50,146
03/26/2006,BFM,AL,ASO,CE,Federal Contract Tower,4,3,6,15,28,0,1,56,10,67,4,4,62,25,95,24,8,32,127
03/27/2006,BFM,AL,ASO,CE,Federal Contract Tower,2,21,20,7,50,0,3,44,29,76,2,24,64,36,126,60,48,108,234
03/28/2006,BFM,AL,ASO,CE,Federal Contract Tower,6,18,31,8,63,0,0,59,37,96,6,18,90,45,159,34,28,62,221
03/29/2006,BFM,AL,ASO,CE,Federal Contract Tower,6,19,16,9,50,0,2,62,38,102,6,21,78,47,152,26,154,180,332
03/30/2006,BFM,AL,ASO,CE,Federal Contract Tower,7,19,25,11,62,0,4,60,27,91,7,23,85,38,153,12,28,40,193
03/31/2006,BFM,AL,ASO,CE,Federal Contract Tower,10,13,22,18,63,0,6,58,14,78,10,19,80,32,141,58,0,58,199
04/01/2006,BFM,AL,ASO,CE,Federal Contract Tower,2,1,12,2,17,0,3,29,6,38,2,4,41,8,55,56,0,56,111
04/02/2006,BFM,AL,ASO,CE,Federal Contract Tower,2,0,11,0,13,0,1,36,0,37,2,1,47,0,50,34,0,34,84
04/03/2006,BFM,AL,ASO,CE,Federal Contract Tower,1,16,19,23,59,0,0,51,21,72,1,16,70,44,131,20,22,42,173
04/04/2006,BFM,AL,ASO,CE,Federal Contract Tower,5,18,11,13,47,0,0,71,27,98,5,18,82,40,145,32,60,92,237
04/05/2006,BFM,AL,ASO,CE,Federal Contract Tower,6,18,27,6,57,0,2,82,24,108,6,20,109,30,165,72,60,132,297
04/06/2006,BFM,AL,ASO,CE,Federal Contract Tower,7,14,27,21,69,0,3,47,27,77,7,17,74,48,146,26,50,76,222
04/07/2006,BFM,AL,ASO,CE,Federal Contract Tower,6,15,40,18,79,0,1,17,8,26,6,16,57,26,105,32,0,32,137
04/08/2006,BFM,AL,ASO,CE,Federal Contract Tower,5,2,11,1,19,0,1,36,3,40,5,3,47,4,59,26,0,26,85
04/09/2006,BFM,AL,ASO,CE,Federal Contract Tower,2,0,10,0,12,0,1,36,4,41,2,1,46,4,53,28,0,28,81
04/10/2006,BFM,AL,ASO,CE,Federal Contract Tower,4,16,18,9,47,0,0,66,20,86,4,16,84,29,133,48,94,142,275
04/11/2006,BFM,AL,ASO,CE,Federal Contract Tower,12,18,18,8,56,0,5,66,43,114,12,23,84,51,170,10,72,82,252
04/12/2006,BFM,AL,ASO,CE,Federal Contract Tower,16,18,23,8,65,4,7,70,18,99,20,25,93,26,164,14,90,104,268
04/13/2006,BFM,AL,ASO,CE,Federal Contract Tower,14,23,25,7,69,0,5,49,31,85,14,28,74,38,154,10,78,88,242
04/14/2006,BFM,AL,ASO,CE,Federal Contract Tower,7,16,20,0,43,0,3,71,1,75,7,19,91,1,118,58,34,92,210
04/15/2006,BFM,AL,ASO,CE,Federal Contract Tower,2,0,4,1,7,0,2,53,6,61,2,2,57,7,68,20,0,20,88
04/16/2006,BFM,AL,ASO,CE,Federal Contract Tower,0,0,6,0,6,0,0,24,0,24,0,0,30,0,30,16,0,16,46
04/17/2006,BFM,AL,ASO,CE,Federal Contract Tower,3,20,26,18,67,0,2,33,13,48,3,22,59,31,115,10,54,64,179
04/18/2006,BFM,AL,ASO,CE,Federal Contract Tower,6,17,35,12,70,0,5,45,21,71,6,22,80,33,141,56,76,132,273
04/19/2006,BFM,AL,ASO,CE,Federal Contract Tower,7,19,24,14,64,0,9,38,38,85,7,28,62,52,149,80,88,168,317
04/20/2006,BFM,AL,ASO,CE,Federal Contract Tower,8,24,40,28,100,0,1,58,53,112,8,25,98,81,212,38,90,128,340
04/21/2006,BFM,AL,ASO,CE,Federal Contract Tower,5,19,28,3,55,0,3,29,10,42,5,22,57,13,97,12,34,46,143
04/22/2006,BFM,AL,ASO,CE,Federal Contract Tower,1,0,12,4,17,0,0,38,8,46,1,0,50,12,63,58,6,64,127
04/23/2006,BFM,AL,ASO,CE,Federal Contract Tower,1,0,15,8,24,0,2,55,6,63,1,2,70,14,87,42,0,42,129
04/24/2006,BFM,AL,ASO,CE,Federal Contract Tower,5,16,24,16,61,0,4,55,31,90,5,20,79,47,151,38,32,70,221
04/25/2006,BFM,AL,ASO,CE,Federal Contract Tower,7,16,26,2,51,4,10,15,9,38,11,26,41,11,89,52,26,78,167
04/26/2006,BFM,AL,ASO,CE,Federal Contract Tower,11,19,12,5,47,0,6,19,15,40,11,25,31,20,87,0,0,0,87
04/27/2006,BFM,AL,ASO,CE,Federal Contract Tower,9,21,26,9,65,0,6,71,34,111,9,27,97,43,176,12,104,116,292
04/28/2006,BFM,AL,ASO,CE,Federal Contract Tower,7,16,15,8,46,0,6,61,16,83,7,22,76,24,129,40,4,44,173
04/29/2006,BFM,AL,ASO,CE,Federal Contract Tower,2,0,17,1,20,0,11,1,5,17,2,11,18,6,37,8,8,16,53
04/30/2006,BFM,AL,ASO,CE,Federal Contract Tower,0,3,12,0,15,0,1,1,0,2,0,4,13,0,17,0,0,0,17
05/01/2006,BFM,AL,ASO,CE,Federal Contract Tower,3,16,38,12,69,0,5,27,21,53,3,21,65,33,122,22,34,56,178
05/02/2006,BFM,AL,ASO,CE,Federal Contract Tower,5,25,22,12,64,0,7,44,29,80,5,32,66,41,144,36,44,80,224
05/03/2006,BFM,AL,ASO,CE,Federal Contract Tower,9,27,42,16,94,0,3,40,47,90,9,30,82,63,184,4,22,26,210
05/04/2006,BFM,AL,ASO,CE,Federal Contract Tower,8,17,24,28,77,0,11,32,46,89,8,28,56,74,166,52,108,160,326
05/05/2006,BFM,AL,ASO,CE,Federal Contract Tower,6,20,31,7,64,0,0,26,5,31,6,20,57,12,95,18,14,32,127
05/06/2006,BFM,AL,ASO,CE,Federal Contract Tower,2,1,14,2,19,0,4,23,2,29,2,5,37,4,48,10,0,10,58
05/07/2006,BFM,AL,ASO,CE,Federal Contract Tower,0,2,5,1,8,0,2,9,0,11,0,4,14,1,19,14,0,14,33
05/08/2006,BFM,AL,ASO,CE,Federal Contract Tower,1,17,34,14,66,0,4,24,22,50,1,21,58,36,116,4,6,10,126
05/09/2006,BFM,AL,ASO,CE,Federal Contract Tower,7,23,19,7,56,0,11,23,21,55,7,34,42,28,111,42,32,74,185
05/10/2006,BFM,AL,ASO,CE,Federal Contract Tower,6,23,18,5,52,0,3,3,10,16,6,26,21,15,68,10,8,18,86
05/11/2006,BFM,AL,ASO,CE,Federal Contract Tower,7,22,40,11,80,0,6,47,54,107,7,28,87,65,187,20,98,118,305
05/12/2006,BFM,AL,ASO,CE,Federal Contract Tower,7,20,30,49,106,0,5,68,21,94,7,25,98,70,200,38,38,76,276
05/13/2006,BFM,AL,ASO,CE,Federal Contract Tower,3,0,8,2,13,0,5,38,3,46,3,5,46,5,59,32,0,32,91
05/14/2006,BFM,AL,ASO,CE,Federal Contract Tower,0,0,9,1,10,0,0,25,1,26,0,0,34,2,36,18,0,18,54
05/15/2006,BFM,AL,ASO,CE,Federal Contract Tower,2,17,26,12,57,0,11,37,41,89,2,28,63,53,146,48,60,108,254
05/16/2006,BFM,AL,ASO,CE,Federal Contract Tower,5,25,19,12,61,0,9,50,30,89,5,34,69,42,150,12,32,44,194
05/17/2006,BFM,AL,ASO,CE,Federal Contract Tower,8,21,40,14,83,0,5,51,45,101,8,26,91,59,184,32,108,140,324
05/18/2006,BFM,AL,ASO,CE,Federal Contract Tower,8,20,27,13,68,0,1,54,42,97,8,21,81,55,165,10,90,100,265
05/19/2006,BFM,AL,ASO,CE,Federal Contract Tower,9,17,19,8,53,0,9,60,24,93,9,26,79,32,146,4,28,32,178
05/20/2006,BFM,AL,ASO,CE,Federal Contract Tower,6,0,15,9,30,5,3,36,9,53,11,3,51,18,83,42,0,42,125
05/21/2006,BFM,AL,ASO,CE,Federal Contract Tower,0,0,10,0,10,0,1,34,4,39,0,1,44,4,49,18,0,18,67
05/22/2006,BFM,AL,ASO,CE,Federal Contract Tower,3,18,23,15,59,0,5,42,44,91,3,23,65,59,150,12,82,94,244
05/23/2006,BFM,AL,ASO,CE,Federal Contract Tower,6,20,30,5,61,0,5,48,57,110,6,25,78,62,171,14,78,92,263
05/24/2006,BFM,AL,ASO,CE,Federal Contract Tower,7,25,24,16,72,0,11,50,38,99,7,36,74,54,171,22,86,108,279
05/25/2006,BFM,AL,ASO,CE,Federal Contract Tower,9,25,22,17,73,0,4,37,35,76,9,29,59,52,149,26,26,52,201
05/26/2006,BFM,AL,ASO,CE,Federal Contract Tower,6,19,19,0,44,0,6,59,59,124,6,25,78,59,168,54,0,54,222
05/27/2006,BFM,AL,ASO,CE,Federal Contract Tower,4,1,6,0,11,0,3,48,7,58,4,4,54,7,69,14,0,14,83
05/28/2006,BFM,AL,ASO,CE,Federal Contract Tower,0,0,6,0,6,0,1,25,0,26,0,1,31,0,32,0,0,0,32
05/29/2006,BFM,AL,ASO,CE,Federal Contract Tower,3,1,13,0,17,0,20,28,2,50,3,21,41,2,67,14,0,14,81
05/30/2006,BFM,AL,ASO,CE,Federal Contract Tower,6,22,32,15,75,0,8,58,36,102,6,30,90,51,177,28,34,62,239
05/31/2006,BFM,AL,ASO,CE,Federal Contract Tower,9,21,24,2,56,0,7,46,19,72,9,28,70,21,128,34,40,74,202
06/01/2006,BFM,AL,ASO,CE,Federal Contract Tower,11,18,19,20,68,0,11,44,41,96,11,29,63,61,164,0,20,20,184
06/02/2006,BFM,AL,ASO,CE,Federal Contract Tower,17,17,21,0,55,0,6,35,19,60,17,23,56,19,115,12,24,36,151
06/03/2006,BFM,AL,ASO,CE,Federal Contract Tower,8,0,11,3,22,0,2,32,3,37,8,2,43,6,59,36,0,36,95
06/04/2006,BFM,AL,ASO,CE,Federal Contract Tower,3,3,4,2,12,0,0,31,4,35,3,3,35,6,47,4,0,4,51
06/05/2006,BFM,AL,ASO,CE,Federal Contract Tower,2,18,37,7,64,0,3,59,54,116,2,21,96,61,180,24,58,82,262
06/06/2006,BFM,AL,ASO,CE,Federal Contract Tower,7,21,41,18,87,0,10,45,47,102,7,31,86,65,189,8,64,72,261
06/07/2006,BFM,AL,ASO,CE,Federal Contract Tower,8,15,15,12,50,0,6,54,72,132,8,21,69,84,182,20,122,142,324
06/08/2006,BFM,AL,ASO,CE,Federal Contract Tower,10,27,35,10,82,0,10,48,48,106,10,37,83,58,188,4,110,114,302
06/09/2006,BFM,AL,ASO,CE,Federal Contract Tower,10,17,18,13,58,0,8,61,20,89,10,25,79,33,147,18,40,58,205
06/10/2006,BFM,AL,ASO,CE,Federal Contract Tower,4,1,9,5,19,0,3,59,3,65,4,4,68,8,84,0,24,24,108
06/11/2006,BFM,AL,ASO,CE,Federal Contract Tower,2,1,9,1,13,0,1,34,2,37,2,2,43,3,50,28,0,28,78
06/12/2006,BFM,AL,ASO,CE,Federal Contract Tower,2,17,25,2,46,0,2,40,20,62,2,19,65,22,108,38,4,42,150
06/13/2006,BFM,AL,ASO,CE,Federal Contract Tower,9,22,22,20,73,0,6,34,41,81,9,28,56,61,154,88,22,110,264
06/14/2006,BFM,AL,ASO,CE,Federal Contract Tower,6,19,22,15,62,0,0,55,38,93,6,19,77,53,155,68,24,92,247
06/15/2006,BFM,AL,ASO,CE,Federal Contract Tower,7,19,27,11,64,0,2,63,30,95,7,21,90,41,159,64,30,94,253
06/16/2006,BFM,AL,ASO,CE,Federal Contract Tower,7,19,24,7,57,0,3,40,9,52,7,22,64,16,109,12,18,30,139
06/17/2006,BFM,AL,ASO,CE,Federal Contract Tower,6,0,7,0,13,0,0,21,7,28,6,0,28,7,41,16,0,16,57
06/18/2006,BFM,AL,ASO,CE,Federal Contract Tower,2,0,5,0,7,0,0,27,0,27,2,0,32,0,34,14,0,14,48
06/19/2006,BFM,AL,ASO,CE,Federal Contract Tower,2,13,21,9,45,0,4,38,18,60,2,17,59,27,105,40,56,96,201
06/20/2006,BFM,AL,ASO,CE,Federal Contract Tower,8,22,20,9,59,0,5,55,37,97,8,27,75,46,156,58,76,134,290
06/21/2006,BFM,AL,ASO,CE,Federal Contract Tower,7,17,37,18,79,0,5,37,59,101,7,22,74,77,180,10,58,68,248
06/22/2006,BFM,AL,ASO,CE,Federal Contract Tower,7,20,33,4,64,0,5,59,17,81,7,25,92,21,145,32,86,118,263
06/23/2006,BFM,AL,ASO,CE,Federal Contract Tower,11,17,28,3,59,2,2,52,8,64,13,19,80,11,123,4,8,12,135
06/24/2006,BFM,AL,ASO,CE,Federal Contract Tower,6,0,9,3,18,0,2,53,9,64,6,2,62,12,82,32,0,32,114
06/25/2006,BFM,AL,ASO,CE,Federal Contract Tower,3,0,17,2,22,0,2,37,2,41,3,2,54,4,63,0,0,0,63
06/26/2006,BFM,AL,ASO,CE,Federal Contract Tower,4,18,23,5,50,0,3,59,10,72,4,21,82,15,122,22,18,40,162
06/27/2006,BFM,AL,ASO,CE,Federal Contract Tower,7,23,21,5,56,0,6,43,36,85,7,29,64,41,141,34,108,142,283
06/28/2006,BFM,AL,ASO,CE,Federal Contract Tower,10,17,33,9,69,0,3,51,19,73,10,20,84,28,142,18,88,106,248
06/29/2006,BFM,AL,ASO,CE,Federal Contract Tower,8,23,31,11,73,0,5,54,19,78,8,28,85,30,151,46,60,106,257
06/30/2006,BFM,AL,ASO,CE,Federal Contract Tower,8,14,9,2,33,1,3,69,2,75,9,17,78,4,108,32,6,38,146
07/01/2006,BFM,AL,ASO,CE,Federal Contract Tower,9,3,7,0,19,0,2,42,0,44,9,5,49,0,63,60,0,60,123
07/02/2006,BFM,AL,ASO,CE,Federal Contract Tower,2,0,4,0,6,0,2,15,0,17,2,2,19,0,23,2,0,2,25
07/03/2006,BFM,AL,ASO,CE,Federal Contract Tower,3,14,2,2,21,0,1,59,0,60,3,15,61,2,81,40,0,40,121
07/04/2006,BFM,AL,ASO,CE,Federal Contract Tower,0,0,5,0,5,0,3,21,0,24,0,3,26,0,29,14,0,14,43
07/05/2006,BFM,AL,ASO,CE,Federal Contract Tower,8,19,14,1,42,0,2,34,6,42,8,21,48,7,84,42,26,68,152
07/06/2006,BFM,AL,ASO,CE,Federal Contract Tower,8,21,29,0,58,0,9,27,2,38,8,30,56,2,96,18,0,18,114
07/07/2006,BFM,AL,ASO,CE,Federal Contract Tower,8,12,17,7,44,0,8,41,13,62,8,20,58,20,106,44,32,76,182
07/08/2006,BFM,AL,ASO,CE,Federal Contract Tower,5,2,19,1,27,0,3,48,5,56,5,5,67,6,83,24,0,24,107
07/09/2006,BFM,AL,ASO,CE,Federal Contract Tower,2,0,15,4,21,0,8,33,3,44,2,8,48,7,65,12,0,12,77
07/10/2006,BFM,AL,ASO,CE,Federal Contract Tower,2,16,28,16,62,0,7,59,30,96,2,23,87,46,158,50,68,118,276
07/11/2006,BFM,AL,ASO,CE,Federal Contract Tower,9,18,18,12,57,0,9,52,10,71,9,27,70,22,128,50,54,104,232
07/12/2006,BFM,AL,ASO,CE,Federal Contract Tower,11,18,25,8,62,1,12,57,15,85,12,30,82,23,147,58,60,118,265
07/13/2006,BFM,AL,ASO,CE,Federal Contract Tower,8,17,24,7,56,0,6,49,23,78,8,23,73,30,134,28,32,60,194
07/14/2006,BFM,AL,ASO,CE,Federal Contract Tower,15,11,16,2,44,0,14,46,21,81,15,25,62,23,125,16,106,122,247
07/15/2006,BFM,AL,ASO,CE,Federal Contract Tower,6,0,18,0,24,0,3,34,7,44,6,3,52,7,68,4,0,4,72
07/16/2006,BFM,AL,ASO,CE,Federal Contract Tower,4,0,10,0,14,0,7,21,5,33,4,7,31,5,47,28,0,28,75
07/17/2006,BFM,AL,ASO,CE,Federal Contract Tower,2,14,16,2,34,0,4,36,18,58,2,18,52,20,92,2,130,132,224
07/18/2006,BFM,AL,ASO,CE,Federal Contract Tower,10,20,33,12,75,0,5,47,24,76,10,25,80,36,151,2,26,28,179
07/19/2006,BFM,AL,ASO,CE,Federal Contract Tower,11,18,18,7,54,10,1,26,20,57,21,19,44,27,111,20,50,70,181
07/20/2006,BFM,AL,ASO,CE,Federal Contract Tower,7,16,33,11,67,0,0,47,4,51,7,16,80,15,118,66,82,148,266
07/21/2006,BFM,AL,ASO,CE,Federal Contract Tower,8,18,16,5,47,1,7,55,3,66,9,25,71,8,113,48,16,64,177
07/22/2006,BFM,AL,ASO,CE,Federal Contract Tower,4,0,11,0,15,0,3,44,0,47,4,3,55,0,62,38,0,38,100
07/23/2006,BFM,AL,ASO,CE,Federal Contract Tower,2,0,18,0,20,0,0,11,3,14,2,0,29,3,34,6,6,12,46
07/24/2006,BFM,AL,ASO,CE,Federal Contract Tower,3,13,17,1,34,0,4,25,9,38,3,17,42,10,72,12,22,34,106
07/25/2006,BFM,AL,ASO,CE,Federal Contract Tower,9,22,29,2,62,0,5,66,36,107,9,27,95,38,169,16,36,52,221
07/26/2006,BFM,AL,ASO,CE,Federal Contract Tower,7,18,20,9,54,0,6,52,13,71,7,24,72,22,125,14,70,84,209
07/27/2006,BFM,AL,ASO,CE,Federal Contract Tower,7,17,13,5,42,0,11,45,33,89,7,28,58,38,131,50,44,94,225
07/28/2006,BFM,AL,ASO,CE,Federal Contract Tower,9,17,22,5,53,0,2,47,12,61,9,19,69,17,114,42,28,70,184
07/29/2006,BFM,AL,ASO,CE,Federal Contract Tower,4,0,9,0,13,0,4,32,0,36,4,4,41,0,49,32,0,32,81
07/30/2006,BFM,AL,ASO,CE,Federal Contract Tower,2,0,8,2,12,0,2,31,1,34,2,2,39,3,46,18,0,18,64
07/31/2006,BFM,AL,ASO,CE,Federal Contract Tower,2,14,15,3,34,0,7,36,29,72,2,21,51,32,106,34,38,72,178
08/01/2006,BFM,AL,ASO,CE,Federal Contract Tower,10,10,16,1,37,0,14,42,13,69,10,24,58,14,106,42,46,88,194
08/02/2006,BFM,AL,ASO,CE,Federal Contract Tower,9,23,11,7,50,0,3,43,22,68,9,26,54,29,118,20,50,70,188
08/03/2006,BFM,AL,ASO,CE,Federal Contract Tower,8,20,19,2,49,0,4,60,28,92,8,24,79,30,141,44,36,80,221
08/04/2006,BFM,AL,ASO,CE,Federal Contract Tower,11,17,16,4,48,4,6,49,8,67,15,23,65,12,115,46,28,74,189
08/05/2006,BFM,AL,ASO,CE,Federal Contract Tower,7,0,7,1,15,0,0,52,3,55,7,0,59,4,70,84,0,84,154
08/06/2006,BFM,AL,ASO,CE,Federal Contract Tower,2,0,18,1,21,0,5,25,0,30,2,5,43,1,51,14,0,14,65
08/07/2006,BFM,AL,ASO,CE,Federal Contract Tower,4,15,17,2,38,0,10,64,19,93,4,25,81,21,131,8,78,86,217
08/08/2006,BFM,AL,ASO,CE,Federal Contract Tower,9,19,25,9,62,0,4,47,31,82,9,23,72,40,144,10,32,42,186
08/09/2006,BFM,AL,ASO,CE,Federal Contract Tower,10,17,13,1,41,0,3,43,31,77,10,20,56,32,118,14,34,48,166
08/10/2006,BFM,AL,ASO,CE,Federal Contract Tower,9,17,27,9,62,0,7,56,28,91,9,24,83,37,153,40,56,96,249
08/11/2006,BFM,AL,ASO,CE,Federal Contract Tower,9,22,22,6,59,0,3,59,22,84,9,25,81,28,143,16,92,108,251
08/12/2006,BFM,AL,ASO,CE,Federal Contract Tower,6,0,5,8,19,0,3,55,2,60,6,3,60,10,79,28,62,90,169
08/13/2006,BFM,AL,ASO,CE,Federal Contract Tower,3,0,2,9,14,0,3,24,5,32,3,3,26,14,46,14,6,20,66
08/14/2006,BFM,AL,ASO,CE,Federal Contract Tower,4,14,11,6,35,0,4,37,24,65,4,18,48,30,100,4,70,74,174
08/15/2006,BFM,AL,ASO,CE,Federal Contract Tower,6,20,23,3,52,0,0,46,27,73,6,20,69,30,125,22,60,82,207
08/16/2006,BFM,AL,ASO,CE,Federal Contract Tower,9,20,11,4,44,0,13,48,52,113,9,33,59,56,157,14,112,126,283
08/17/2006,BFM,AL,ASO,CE,Federal Contract Tower,10,17,27,9,63,0,6,49,23,78,10,23,76,32,141,6,26,32,173
08/18/2006,BFM,AL,ASO,CE,Federal Contract Tower,10,15,22,27,74,0,4,41,13,58,10,19,63,40,132,26,20,46,178
08/19/2006,BFM,AL,ASO,CE,Federal Contract Tower,6,0,6,0,12,0,4,62,1,67,6,4,68,1,79,18,0,18,97
08/20/2006,BFM,AL,ASO,CE,Federal Contract Tower,2,1,9,6,18,0,3,34,13,50,2,4,43,19,68,20,0,20,88
08/21/2006,BFM,AL,ASO,CE,Federal Contract Tower,3,15,27,6,51,0,6,30,7,43,3,21,57,13,94,8,20,28,122
08/22/2006,BFM,AL,ASO,CE,Federal Contract Tower,8,19,23,1,51,0,4,48,11,63,8,23,71,12,114,30,30,60,174
08/23/2006,BFM,AL,ASO,CE,Federal Contract Tower,8,23,25,10,66,0,5,61,35,101,8,28,86,45,167,28,54,82,249
08/24/2006,BFM,AL,ASO,CE,Federal Contract Tower,8,20,19,4,51,0,2,49,29,80,8,22,68,33,131,26,0,26,157
08/25/2006,BFM,AL,ASO,CE,Federal Contract Tower,10,14,23,2,49,0,8,52,18,78,10,22,75,20,127,26,54,80,207
08/26/2006,BFM,AL,ASO,CE,Federal Contract Tower,5,0,4,1,10,0,6,26,1,33,5,6,30,2,43,32,8,40,83
08/27/2006,BFM,AL,ASO,CE,Federal Contract Tower,2,0,8,1,11,0,4,35,2,41,2,4,43,3,52,24,14,38,90
08/28/2006,BFM,AL,ASO,CE,Federal Contract Tower,2,15,30,11,58,0,3,45,41,89,2,18,75,52,147,22,80,102,249
08/29/2006,BFM,AL,ASO,CE,Federal Contract Tower,7,15,8,17,47,0,6,51,54,111,7,21,59,71,158,42,50,92,250
08/30/2006,BFM,AL,ASO,CE,Federal Contract Tower,11,14,22,3,50,0,9,49,26,84,11,23,71,29,134,34,156,190,324
08/31/2006,BFM,AL,ASO,CE,Federal Contract Tower,18,22,17,17,74,0,2,59,34,95,18,24,76,51,169,50,156,206,375
09/01/2006,BFM,AL,ASO,CE,Federal Contract Tower,13,17,22,5,57,0,7,70,9,86,13,24,92,14,143,62,36,98,241
09/02/2006,BFM,AL,ASO,CE,Federal Contract Tower,7,0,10,0,17,0,2,43,0,45,7,2,53,0,62,42,0,42,104
09/03/2006,BFM,AL,ASO,CE,Federal Contract Tower,6,0,4,0,10,0,4,10,0,14,6,4,14,0,24,16,0,16,40
09/04/2006,BFM,AL,ASO,CE,Federal Contract Tower,5,0,6,0,11,3,1,39,0,43,8,1,45,0,54,6,0,6,60
09/05/2006,BFM,AL,ASO,CE,Federal Contract Tower,5,19,21,22,67,0,7,35,47,89,5,26,56,69,156,94,38,132,288
09/06/2006,BFM,AL,ASO,CE,Federal Contract Tower,11,25,32,3,71,1,10,53,31,95,12,35,85,34,166,62,74,136,302
09/07/2006,BFM,AL,ASO,CE,Federal Contract Tower,10,26,31,9,76,0,4,52,27,83,10,30,83,36,159,58,84,142,301
09/08/2006,BFM,AL,ASO,CE,Federal Contract Tower,9,15,15,5,44,0,3,76,14,93,9,18,91,19,137,38,10,48,185
09/09/2006,BFM,AL,ASO,CE,Federal Contract Tower,10,0,5,4,19,0,0,45,10,55,10,0,50,14,74,32,28,60,134
09/10/2006,BFM,AL,ASO,CE,Federal Contract Tower,2,0,4,0,6,0,0,26,3,29,2,0,30,3,35,14,8,22,57
09/11/2006,BFM,AL,ASO,CE,Federal Contract Tower,2,19,16,8,45,0,5,30,33,68,2,24,46,41,113,8,136,144,257
09/12/2006,BFM,AL,ASO,CE,Federal Contract Tower,10,26,19,7,62,0,0,14,16,30,10,26,33,23,92,6,4,10,102
09/13/2006,BFM,AL,ASO,CE,Federal Contract Tower,9,23,39,20,91,0,6,45,35,86,9,29,84,55,177,14,172,186,363
09/14/2006,BFM,AL,ASO,CE,Federal Contract Tower,9,17,34,32,92,0,3,92,37,132,9,20,126,69,224,56,166,222,446
09/15/2006,BFM,AL,ASO,CE,Federal Contract Tower,8,21,36,20,85,0,10,74,27,111,8,31,110,47,196,36,20,56,252
09/16/2006,BFM,AL,ASO,CE,Federal Contract Tower,6,0,12,0,18,0,6,48,4,58,6,6,60,4,76,14,0,14,90
09/17/2006,BFM,AL,ASO,CE,Federal Contract Tower,5,4,20,8,37,0,5,10,9,24,5,9,30,17,61,8,0,8,69
09/18/2006,BFM,AL,ASO,CE,Federal Contract Tower,2,18,3,0,23,0,7,24,17,48,2,25,27,17,71,4,58,62,133
09/19/2006,BFM,AL,ASO,CE,Federal Contract Tower,6,26,28,26,86,2,4,47,39,92,8,30,75,65,178,26,94,120,298
09/20/2006,BFM,AL,ASO,CE,Federal Contract Tower,8,17,21,19,65,0,4,72,38,114,8,21,93,57,179,36,136,172,351
09/21/2006,BFM,AL,ASO,CE,Federal Contract Tower,8,24,31,23,86,0,17,61,32,110,8,41,92,55,196,30,56,86,282
09/22/2006,BFM,AL,ASO,CE,Federal Contract Tower,11,16,25,11,63,0,3,37,16,56,11,19,62,27,119,40,0,40,159
09/23/2006,BFM,AL,ASO,CE,Federal Contract Tower,4,1,8,0,13,0,0,25,4,29,4,1,33,4,42,34,0,34,76
09/24/2006,BFM,AL,ASO,CE,Federal Contract Tower,2,1,7,1,11,0,4,3,3,10,2,5,10,4,21,0,0,0,21
09/25/2006,BFM,AL,ASO,CE,Federal Contract Tower,3,17,15,26,61,0,6,46,33,85,3,23,61,59,146,20,154,174,320
09/26/2006,BFM,AL,ASO,CE,Federal Contract Tower,8,19,22,11,60,0,7,76,32,115,8,26,98,43,175,38,112,150,325
09/27/2006,BFM,AL,ASO,CE,Federal Contract Tower,9,21,22,10,62,0,5,51,23,79,9,26,73,33,141,48,106,154,295
09/28/2006,BFM,AL,ASO,CE,Federal Contract Tower,8,21,18,8,55,0,3,51,21,75,8,24,69,29,130,42,112,154,284
09/29/2006,BFM,AL,ASO,CE,Federal Contract Tower,10,13,24,5,52,0,5,61,11,77,10,18,85,16,129,16,64,80,209
09/30/2006,BFM,AL,ASO,CE,Federal Contract Tower,5,0,8,0,13,0,0,60,0,60,5,0,68,0,73,30,0,30,103
10/01/2006,BFM,AL,ASO,CE,Federal Contract Tower,5,0,7,0,12,0,6,32,0,38,5,6,39,0,50,18,0,18,68
10/02/2006,BFM,AL,ASO,CE,Federal Contract Tower,5,14,25,13,57,0,8,45,34,87,5,22,70,47,144,30,162,192,336
10/03/2006,BFM,AL,ASO,CE,Federal Contract Tower,10,28,14,14,66,0,6,64,52,122,10,34,78,66,188,36,134,170,358
10/04/2006,BFM,AL,ASO,CE,Federal Contract Tower,8,18,21,8,55,0,8,55,40,103,8,26,76,48,158,38,106,144,302
10/05/2006,BFM,AL,ASO,CE,Federal Contract Tower,6,18,29,13,66,0,5,59,50,114,6,23,88,63,180,18,38,56,236
10/06/2006,BFM,AL,ASO,CE,Federal Contract Tower,10,16,27,19,72,0,4,67,7,78,10,20,94,26,150,20,12,32,182
10/07/2006,BFM,AL,ASO,CE,Federal Contract Tower,5,0,10,0,15,1,6,29,0,36,6,6,39,0,51,14,0,14,65
10/08/2006,BFM,AL,ASO,CE,Federal Contract Tower,2,0,4,4,10,0,2,34,3,39,2,2,38,7,49,8,0,8,57
10/09/2006,BFM,AL,ASO,CE,Federal Contract Tower,2,10,21,17,50,0,2,49,16,67,2,12,70,33,117,4,24,28,145
10/10/2006,BFM,AL,ASO,CE,Federal Contract Tower,10,17,20,16,63,0,2,62,58,122,10,19,82,74,185,34,166,200,385
10/11/2006,BFM,AL,ASO,CE,Federal Contract Tower,7,20,24,19,70,2,4,73,40,119,9,24,97,59,189,52,96,148,337
10/12/2006,BFM,AL,ASO,CE,Federal Contract Tower,11,23,42,40,116,0,5,61,24,90,11,28,103,64,206,26,84,110,316
10/13/2006,BFM,AL,ASO,CE,Federal Contract Tower,7,17,38,21,83,0,2,57,4,63,7,19,95,25,146,38,20,58,204
10/14/2006,BFM,AL,ASO,CE,Federal Contract Tower,4,1,25,0,30,0,5,140,3,148,4,6,165,3,178,4,4,8,186
10/15/2006,BFM,AL,ASO,CE,Federal Contract Tower,2,0,15,4,21,0,2,36,0,38,2,2,51,4,59,12,0,12,71
10/16/2006,BFM,AL,ASO,CE,Federal Contract Tower,5,11,10,4,30,0,1,0,0,1,5,12,10,4,31,0,0,0,31
10/17/2006,BFM,AL,ASO,CE,Federal Contract Tower,10,18,8,5,41,0,3,11,10,24,10,21,19,15,65,48,200,248,313
10/18/2006,BFM,AL,ASO,CE,Federal Contract Tower,13,19,25,13,70,2,5,22,24,53,15,24,47,37,123,36,116,152,275
10/19/2006,BFM,AL,ASO,CE,Federal Contract Tower,12,22,20,11,65,0,4,4,3,11,12,26,24,14,76,0,0,0,76
10/20/2006,BFM,AL,ASO,CE,Federal Contract Tower,12,16,24,26,78,0,10,43,10,63,12,26,67,36,141,52,96,148,289
10/21/2006,BFM,AL,ASO,CE,Federal Contract Tower,6,0,13,1,20,0,2,26,5,33,6,2,39,6,53,28,20,48,101
10/22/2006,BFM,AL,ASO,CE,Federal Contract Tower,2,0,20,8,30,0,4,20,6,30,2,4,40,14,60,0,6,6,66
10/23/2006,BFM,AL,ASO,CE,Federal Contract Tower,6,16,16,20,58,0,1,43,17,61,6,17,59,37,119,50,150,200,319
10/24/2006,BFM,AL,ASO,CE,Federal Contract Tower,7,16,23,24,70,1,4,67,31,103,8,20,90,55,173,30,172,202,375
10/25/2006,BFM,AL,ASO,CE,Federal Contract Tower,11,21,33,21,86,0,4,53,18,75,11,25,86,39,161,48,208,256,417
10/26/2006,BFM,AL,ASO,CE,Federal Contract Tower,9,15,42,6,72,1,0,43,26,70,10,15,85,32,142,22,68,90,232
10/27/2006,BFM,AL,ASO,CE,Federal Contract Tower,14,18,19,0,51,0,0,7,0,7,14,18,26,0,58,0,20,20,78
10/28/2006,BFM,AL,ASO,CE,Federal Contract Tower,7,0,21,4,32,0,4,55,2,61,7,4,76,6,93,40,6,46,139
10/29/2006,BFM,AL,ASO,CE,Federal Contract Tower,2,0,12,19,33,0,7,32,15,54,2,7,44,34,87,18,36,54,141
10/30/2006,BFM,AL,ASO,CE,Federal Contract Tower,2,15,25,18,60,0,1,53,33,87,2,16,78,51,147,68,116,184,331
10/31/2006,BFM,AL,ASO,CE,Federal Contract Tower,9,19,33,16,77,0,5,59,29,93,9,24,92,45,170,28,82,110,280
11/01/2006,BFM,AL,ASO,CE,Federal Contract Tower,8,20,28,10,66,1,3,58,31,93,9,23,86,41,159,30,60,90,249
11/02/2006,BFM,AL,ASO,CE,Federal Contract Tower,9,19,37,55,120,0,0,28,26,54,9,19,65,81,174,44,148,192,366
11/03/2006,BFM,AL,ASO,CE,Federal Contract Tower,10,19,25,16,70,0,4,52,11,67,10,23,77,27,137,38,196,234,371
11/04/2006,BFM,AL,ASO,CE,Federal Contract Tower,4,0,17,0,21,0,2,66,2,70,4,2,83,2,91,74,0,74,165
11/05/2006,BFM,AL,ASO,CE,Federal Contract Tower,2,4,20,10,36,0,0,35,5,40,2,4,55,15,76,30,0,30,106
11/06/2006,BFM,AL,ASO,CE,Federal Contract Tower,1,14,16,2,33,0,2,12,0,14,1,16,28,2,47,22,34,56,103
11/07/2006,BFM,AL,ASO,CE,Federal Contract Tower,10,14,30,16,70,0,3,15,28,46,10,17,45,44,116,70,134,204,320
11/08/2006,BFM,AL,ASO,CE,Federal Contract Tower,8,17,19,18,62,0,5,83,22,110,8,22,102,40,172,56,122,178,350
11/09/2006,BFM,AL,ASO,CE,Federal Contract Tower,10,21,20,28,79,19,8,60,33,120,29,29,80,61,199,50,32,82,281
11/10/2006,BFM,AL,ASO,CE,Federal Contract Tower,15,18,23,14,70,0,3,57,15,75,15,21,80,29,145,86,60,146,291
11/11/2006,BFM,AL,ASO,CE,Federal Contract Tower,14,0,4,10,28,0,4,11,5,20,14,4,15,15,48,10,24,34,82
11/12/2006,BFM,AL,ASO,CE,Federal Contract Tower,8,0,7,8,23,0,4,46,7,57,8,4,53,15,80,68,0,68,148
11/13/2006,BFM,AL,ASO,CE,Federal Contract Tower,5,14,30,10,59,6,1,60,27,94,11,15,90,37,153,48,114,162,315
11/14/2006,BFM,AL,ASO,CE,Federal Contract Tower,9,23,19,14,65,0,1,56,12,69,9,24,75,26,134,64,38,102,236
11/15/2006,BFM,AL,ASO,CE,Federal Contract Tower,7,25,10,0,42,0,2,0,4,6,7,27,10,4,48,0,0,0,48
11/16/2006,BFM,AL,ASO,CE,Federal Contract Tower,11,25,39,30,105,0,2,52,55,109,11,27,91,85,214,32,144,176,390
11/17/2006,BFM,AL,ASO,CE,Federal Contract Tower,8,17,46,12,83,0,3,71,48,122,8,20,117,60,205,48,74,122,327
11/18/2006,BFM,AL,ASO,CE,Federal Contract Tower,5,1,13,10,29,0,3,57,9,69,5,4,70,19,98,18,18,36,134
11/19/2006,BFM,AL,ASO,CE,Federal Contract Tower,2,2,15,9,28,0,1,26,5,32,2,3,41,14,60,10,20,30,90
11/20/2006,BFM,AL,ASO,CE,Federal Contract Tower,2,15,21,26,64,0,3,44,42,89,2,18,65,68,153,14,148,162,315
11/21/2006,BFM,AL,ASO,CE,Federal Contract Tower,14,18,27,19,78,0,6,34,34,74,14,24,61,53,152,28,138,166,318
11/22/2006,BFM,AL,ASO,CE,Federal Contract Tower,12,18,20,3,53,0,4,53,16,73,12,22,73,19,126,16,40,56,182
11/23/2006,BFM,AL,ASO,CE,Federal Contract Tower,0,0,3,0,3,0,2,22,0,24,0,2,25,0,27,12,0,12,39
11/24/2006,BFM,AL,ASO,CE,Federal Contract Tower,10,11,11,1,33,0,5,58,1,64,10,16,69,2,97,32,0,32,129
11/25/2006,BFM,AL,ASO,CE,Federal Contract Tower,4,0,9,2,15,0,1,43,2,46,4,1,52,4,61,26,0,26,87
11/26/2006,BFM,AL,ASO,CE,Federal Contract Tower,4,1,17,0,22,0,4,25,0,29,4,5,42,0,51,22,0,22,73
11/27/2006,BFM,AL,ASO,CE,Federal Contract Tower,2,18,22,20,62,0,2,52,46,100,2,20,74,66,162,58,284,342,504
11/28/2006,BFM,AL,ASO,CE,Federal Contract Tower,9,22,36,28,95,0,6,36,50,92,9,28,72,78,187,34,166,200,387
11/29/2006,BFM,AL,ASO,CE,Federal Contract Tower,10,19,17,21,67,0,2,32,19,53,10,21,49,40,120,30,58,88,208
11/30/2006,BFM,AL,ASO,CE,Federal Contract Tower,8,25,27,28,88,0,1,10,15,26,8,26,37,43,114,32,90,122,236
12/01/2006,BFM,AL,ASO,CE,Federal Contract Tower,11,16,7,29,63,0,5,41,21,67,11,21,48,50,130,54,88,142,272
12/02/2006,BFM,AL,ASO,CE,Federal Contract Tower,5,0,18,5,28,0,2,52,5,59,5,2,70,10,87,36,0,36,123
12/03/2006,BFM,AL,ASO,CE,Federal Contract Tower,2,0,3,6,11,0,2,30,19,51,2,2,33,25,62,30,32,62,124
12/04/2006,BFM,AL,ASO,CE,Federal Contract Tower,2,14,17,31,64,0,2,42,60,104,2,16,59,91,168,48,206,254,422
12/05/2006,BFM,AL,ASO,CE,Federal Contract Tower,11,17,35,42,105,0,4,62,34,100,11,21,97,76,205,42,232,274,479
12/06/2006,BFM,AL,ASO,CE,Federal Contract Tower,9,20,37,24,90,0,7,59,63,129,9,27,96,87,219,26,126,152,371
12/07/2006,BFM,AL,ASO,CE,Federal Contract Tower,8,26,18,24,76,0,3,42,45,90,8,29,60,69,166,10,184,194,360
12/08/2006,BFM,AL,ASO,CE,Federal Contract Tower,6,17,18,25,66,0,2,44,24,70,6,19,62,49,136,4,66,70,206
12/09/2006,BFM,AL,ASO,CE,Federal Contract Tower,7,0,11,3,21,1,2,41,3,47,8,2,52,6,68,28,18,46,114
12/10/2006,BFM,AL,ASO,CE,Federal Contract Tower,4,0,15,4,23,0,1,27,13,41,4,1,42,17,64,0,8,8,72
12/11/2006,BFM,AL,ASO,CE,Federal Contract Tower,2,14,24,18,58,0,2,54,42,98,2,16,78,60,156,32,98,130,286
12/12/2006,BFM,AL,ASO,CE,Federal Contract Tower,13,18,26,10,67,0,3,17,10,30,13,21,43,20,97,60,0,60,157
12/13/2006,BFM,AL,ASO,CE,Federal Contract Tower,16,23,38,14,91,0,4,0,26,30,16,27,38,40,121,0,8,8,129
12/14/2006,BFM,AL,ASO,CE,Federal Contract Tower,11,19,45,25,100,0,3,51,62,116,11,22,96,87,216,50,70,120,336
12/15/2006,BFM,AL,ASO,CE,Federal Contract Tower,9,14,25,14,62,0,0,30,17,47,9,14,55,31,109,38,40,78,187
12/16/2006,BFM,AL,ASO,CE,Federal Contract Tower,6,0,12,9,27,0,4,41,10,55,6,4,53,19,82,10,66,76,158
12/17/2006,BFM,AL,ASO,CE,Federal Contract Tower,2,0,8,26,36,0,1,27,26,54,2,1,35,52,90,6,12,18,108
12/18/2006,BFM,AL,ASO,CE,Federal Contract Tower,7,16,23,30,76,0,3,34,26,63,7,19,57,56,139,42,98,140,279
12/19/2006,BFM,AL,ASO,CE,Federal Contract Tower,13,18,33,40,104,0,4,45,46,95,13,22,78,86,199,34,174,208,407
12/20/2006,BFM,AL,ASO,CE,Federal Contract Tower,14,19,35,20,88,0,7,35,26,68,14,26,70,46,156,30,44,74,230
12/21/2006,BFM,AL,ASO,CE,Federal Contract Tower,15,16,10,0,41,0,4,3,0,7,15,20,13,0,48,0,0,0,48
12/22/2006,BFM,AL,ASO,CE,Federal Contract Tower,14,16,10,5,45,0,4,4,2,10,14,20,14,7,55,8,0,8,63
12/23/2006,BFM,AL,ASO,CE,Federal Contract Tower,11,0,9,0,20,1,2,35,0,38,12,2,44,0,58,70,0,70,128
12/24/2006,BFM,AL,ASO,CE,Federal Contract Tower,2,0,3,0,5,0,0,7,0,7,2,0,10,0,12,0,0,0,12
12/25/2006,BFM,AL,ASO,CE,Federal Contract Tower,1,2,4,0,7,0,1,2,0,3,1,3,6,0,10,0,0,0,10
12/26/2006,BFM,AL,ASO,CE,Federal Contract Tower,5,16,27,0,48,0,4,17,0,21,5,20,44,0,69,34,0,34,103
12/27/2006,BFM,AL,ASO,CE,Federal Contract Tower,10,17,17,2,46,0,8,44,2,54,10,25,61,4,100,48,0,48,148
12/28/2006,BFM,AL,ASO,CE,Federal Contract Tower,13,18,20,2,53,0,4,20,3,27,13,22,40,5,80,26,28,54,134
12/29/2006,BFM,AL,ASO,CE,Federal Contract Tower,10,17,17,0,44,2,6,32,0,40,12,23,49,0,84,32,0,32,116
12/30/2006,BFM,AL,ASO,CE,Federal Contract Tower,8,0,14,0,22,0,0,3,0,3,8,0,17,0,25,12,0,12,37
12/31/2006,BFM,AL,ASO,CE,Federal Contract Tower,3,1,4,0,8,0,1,4,0,5,3,2,8,0,13,0,0,0,13
01/01/2007,BFM,AL,ASO,CE,Federal Contract Tower,1,2,10,0,13,0,1,13,0,14,1,3,23,0,27,0,0,0,27
01/02/2007,BFM,AL,ASO,CE,Federal Contract Tower,4,22,8,0,34,0,3,52,0,55,4,25,60,0,89,16,0,16,105
01/03/2007,BFM,AL,ASO,CE,Federal Contract Tower,9,15,19,20,63,0,6,50,8,64,9,21,69,28,127,4,8,12,139
01/04/2007,BFM,AL,ASO,CE,Federal Contract Tower,11,19,20,0,50,0,0,0,0,0,11,19,20,0,50,0,0,0,50
01/05/2007,BFM,AL,ASO,CE,Federal Contract Tower,8,16,22,12,58,0,2,26,9,37,8,18,48,21,95,26,0,26,121
01/06/2007,BFM,AL,ASO,CE,Federal Contract Tower,7,2,21,0,30,0,3,26,0,29,7,5,47,0,59,10,0,10,69
01/07/2007,BFM,AL,ASO,CE,Federal Contract Tower,5,0,14,4,23,0,0,0,4,4,5,0,14,8,27,0,30,30,57
01/08/2007,BFM,AL,ASO,CE,Federal Contract Tower,9,15,16,52,92,0,4,48,46,98,9,19,64,98,190,22,74,96,286
01/09/2007,BFM,AL,ASO,CE,Federal Contract Tower,10,20,23,62,115,0,6,47,39,92,10,26,70,101,207,50,106,156,363
01/10/2007,BFM,AL,ASO,CE,Federal Contract Tower,9,13,32,36,90,0,6,46,45,97,9,19,78,81,187,46,102,148,335
01/11/2007,BFM,AL,ASO,CE,Federal Contract Tower,8,19,25,22,74,0,5,43,47,95,8,24,68,69,169,82,108,190,359
01/12/2007,BFM,AL,ASO,CE,Federal Contract Tower,9,19,29,24,81,0,2,48,19,69,9,21,77,43,150,62,94,156,306
01/13/2007,BFM,AL,ASO,CE,Federal Contract Tower,5,0,10,0,15,0,1,41,0,42,5,1,51,0,57,44,0,44,101
01/14/2007,BFM,AL,ASO,CE,Federal Contract Tower,2,0,5,6,13,0,3,34,6,43,2,3,39,12,56,68,10,78,134
01/15/2007,BFM,AL,ASO,CE,Federal Contract Tower,3,6,11,8,28,0,5,18,2,25,3,11,29,10,53,94,4,98,151
01/16/2007,BFM,AL,ASO,CE,Federal Contract Tower,11,23,21,2,57,0,4,8,12,24,11,27,29,14,81,6,62,68,149
01/17/2007,BFM,AL,ASO,CE,Federal Contract Tower,9,25,25,40,99,1,0,59,40,100,10,25,84,80,199,66,112,178,377
01/18/2007,BFM,AL,ASO,CE,Federal Contract Tower,6,20,36,15,77,1,2,42,45,90,7,22,78,60,167,140,48,188,355
01/19/2007,BFM,AL,ASO,CE,Federal Contract Tower,7,15,13,35,70,0,3,15,17,35,7,18,28,52,105,0,8,8,113
01/20/2007,BFM,AL,ASO,CE,Federal Contract Tower,3,0,4,8,15,0,0,45,7,52,3,0,49,15,67,82,12,94,161
01/21/2007,BFM,AL,ASO,CE,Federal Contract Tower,2,6,9,6,23,0,3,4,2,9,2,9,13,8,32,4,0,4,36
01/22/2007,BFM,AL,ASO,CE,Federal Contract Tower,4,15,20,34,73,0,2,17,13,32,4,17,37,47,105,12,120,132,237
01/23/2007,BFM,AL,ASO,CE,Federal Contract Tower,8,18,29,26,81,0,6,39,36,81,8,24,68,62,162,42,138,180,342
01/24/2007,BFM,AL,ASO,CE,Federal Contract Tower,10,17,32,61,120,0,4,38,54,96,10,21,70,115,216,50,124,174,390
01/25/2007,BFM,AL,ASO,CE,Federal Contract Tower,8,18,52,38,116,0,10,68,39,117,8,28,120,77,233,46,74,120,353
01/26/2007,BFM,AL,ASO,CE,Federal Contract Tower,10,16,27,35,88,0,8,87,18,113,10,24,114,53,201,42,58,100,301
01/27/2007,BFM,AL,ASO,CE,Federal Contract Tower,7,0,16,1,24,0,6,32,8,46,7,6,48,9,70,30,6,36,106
01/28/2007,BFM,AL,ASO,CE,Federal Contract Tower,2,0,22,22,46,0,2,11,14,27,2,2,33,36,73,4,42,46,119
01/29/2007,BFM,AL,ASO,CE,Federal Contract Tower,2,17,17,32,68,0,3,47,33,83,2,20,64,65,151,6,64,70,221
01/30/2007,BFM,AL,ASO,CE,Federal Contract Tower,8,15,35,19,77,0,4,60,14,78,8,19,95,33,155,6,84,90,245
01/31/2007,BFM,AL,ASO,CE,Federal Contract Tower,11,16,30,29,86,0,8,60,20,88,11,24,90,49,174,10,114,124,298
02/01/2007,BFM,AL,ASO,CE,Federal Contract Tower,15,20,16,0,51,0,0,5,0,5,15,20,21,0,56,0,0,0,56
02/02/2007,BFM,AL,ASO,CE,Federal Contract Tower,9,21,45,24,99,0,1,8,12,21,9,22,53,36,120,28,38,66,186
02/03/2007,BFM,AL,ASO,CE,Federal Contract Tower,10,0,16,3,29,3,4,62,5,74,13,4,78,8,103,38,14,52,155
02/04/2007,BFM,AL,ASO,CE,Federal Contract Tower,12,2,13,6,33,3,1,47,2,53,15,3,60,8,86,22,0,22,108
02/05/2007,BFM,AL,ASO,CE,Federal Contract Tower,4,16,16,29,65,0,1,40,64,105,4,17,56,93,170,20,68,88,258
02/06/2007,BFM,AL,ASO,CE,Federal Contract Tower,9,21,33,32,95,0,3,61,24,88,9,24,94,56,183,10,134,144,327
02/07/2007,BFM,AL,ASO,CE,Federal Contract Tower,10,20,35,33,98,0,2,55,29,86,10,22,90,62,184,36,74,110,294
02/08/2007,BFM,AL,ASO,CE,Federal Contract Tower,10,17,13,16,56,0,10,40,23,73,10,27,53,39,129,52,124,176,305
02/09/2007,BFM,AL,ASO,CE,Federal Contract Tower,13,21,31,21,86,0,5,36,11,52,13,26,67,32,138,40,64,104,242
02/10/2007,BFM,AL,ASO,CE,Federal Contract Tower,12,0,15,13,40,1,2,40,19,62,13,2,55,32,102,56,0,56,158
02/11/2007,BFM,AL,ASO,CE,Federal Contract Tower,12,0,12,8,32,4,4,46,20,74,16,4,58,28,106,8,42,50,156
02/12/2007,BFM,AL,ASO,CE,Federal Contract Tower,5,14,24,21,64,0,0,46,37,83,5,14,70,58,147,76,96,172,319
02/13/2007,BFM,AL,ASO,CE,Federal Contract Tower,11,18,22,7,58,0,7,8,10,25,11,25,30,17,83,0,32,32,115
02/14/2007,BFM,AL,ASO,CE,Federal Contract Tower,11,19,25,33,88,0,6,21,46,73,11,25,46,79,161,10,158,168,329
02/15/2007,BFM,AL,ASO,CE,Federal Contract Tower,11,21,30,43,105,0,2,38,32,72,11,23,68,75,177,40,124,164,341
02/16/2007,BFM,AL,ASO,CE,Federal Contract Tower,11,17,20,20,68,0,3,67,46,116,11,20,87,66,184,72,132,204,388
02/17/2007,BFM,AL,ASO,CE,Federal Contract Tower,10,0,7,4,21,0,6,30,3,39,10,6,37,7,60,18,0,18,78
02/18/2007,BFM,AL,ASO,CE,Federal Contract Tower,12,0,11,0,23,0,4,26,1,31,12,4,37,1,54,30,0,30,84
02/19/2007,BFM,AL,ASO,CE,Federal Contract Tower,11,4,8,11,34,3,3,62,10,78,14,7,70,21,112,38,20,58,170
02/20/2007,BFM,AL,ASO,CE,Federal Contract Tower,13,16,15,25,69,0,5,32,26,63,13,21,47,51,132,18,148,166,298
02/21/2007,BFM,AL,ASO,CE,Federal Contract Tower,10,19,25,15,69,1,4,31,28,64,11,23,56,43,133,12,28,40,173
02/22/2007,BFM,AL,ASO,CE,Federal Contract Tower,9,16,27,29,81,1,20,46,22,89,10,36,73,51,170,0,126,126,296
02/23/2007,BFM,AL,ASO,CE,Federal Contract Tower,8,17,12,20,57,0,5,53,8,66,8,22,65,28,123,6,110,116,239
02/24/2007,BFM,AL,ASO,CE,Federal Contract Tower,3,0,10,12,25,0,7,25,1,33,3,7,35,13,58,32,0,32,90
02/25/2007,BFM,AL,ASO,CE,Federal Contract Tower,3,1,4,1,9,0,4,27,16,47,3,5,31,17,56,16,8,24,80
02/26/2007,BFM,AL,ASO,CE,Federal Contract Tower,4,18,28,46,96,0,7,39,42,88,4,25,67,88,184,22,190,212,396
02/27/2007,BFM,AL,ASO,CE,Federal Contract Tower,14,16,17,69,116,0,10,53,34,97,14,26,70,103,213,46,180,226,439
02/28/2007,BFM,AL,ASO,CE,Federal Contract Tower,9,19,25,40,93,0,13,47,37,97,9,32,72,77,190,50,142,192,382
03/01/2007,BFM,AL,ASO,CE,Federal Contract Tower,15,18,13,8,54,2,5,4,0,11,17,23,17,8,65,0,0,0,65
03/02/2007,BFM,AL,ASO,CE,Federal Contract Tower,8,14,26,15,63,0,4,53,38,95,8,18,79,53,158,60,106,166,324
03/03/2007,BFM,AL,ASO,CE,Federal Contract Tower,4,0,24,5,33,0,8,38,2,48,4,8,62,7,81,12,12,24,105
03/04/2007,BFM,AL,ASO,CE,Federal Contract Tower,6,2,20,24,52,3,8,34,3,48,9,10,54,27,100,12,12,24,124
03/05/2007,BFM,AL,ASO,CE,Federal Contract Tower,5,15,19,28,67,0,4,46,66,116,5,19,65,94,183,46,134,180,363
03/06/2007,BFM,AL,ASO,CE,Federal Contract Tower,11,15,23,24,73,0,5,67,28,100,11,20,90,52,173,90,110,200,373
03/07/2007,BFM,AL,ASO,CE,Federal Contract Tower,15,16,31,18,80,0,4,66,27,97,15,20,97,45,177,26,134,160,337
03/08/2007,BFM,AL,ASO,CE,Federal Contract Tower,14,21,24,42,101,0,2,56,25,83,14,23,80,67,184,20,90,110,294
03/09/2007,BFM,AL,ASO,CE,Federal Contract Tower,12,18,40,33,103,0,6,57,12,75,12,24,97,45,178,4,64,68,246
03/10/2007,BFM,AL,ASO,CE,Federal Contract Tower,10,0,10,4,24,1,2,28,6,37,11,2,38,10,61,24,28,52,113
03/11/2007,BFM,AL,ASO,CE,Federal Contract Tower,4,0,15,10,29,0,4,35,9,48,4,4,50,19,77,12,0,12,89
03/12/2007,BFM,AL,ASO,CE,Federal Contract Tower,6,17,18,11,52,0,5,51,39,95,6,22,69,50,147,12,150,162,309
03/13/2007,BFM,AL,ASO,CE,Federal Contract Tower,10,22,19,15,66,0,4,37,41,82,10,26,56,56,148,22,154,176,324
03/14/2007,BFM,AL,ASO,CE,Federal Contract Tower,10,21,10,10,51,0,5,16,6,27,10,26,26,16,78,10,52,62,140
03/15/2007,BFM,AL,ASO,CE,Federal Contract Tower,9,20,22,21,72,0,0,22,35,57,9,20,44,56,129,78,104,182,311
03/16/2007,BFM,AL,ASO,CE,Federal Contract Tower,8,19,36,24,87,0,3,44,29,76,8,22,80,53,163,34,38,72,235
03/17/2007,BFM,AL,ASO,CE,Federal Contract Tower,6,0,10,0,16,1,10,37,2,50,7,10,47,2,66,54,0,54,120
03/18/2007,BFM,AL,ASO,CE,Federal Contract Tower,4,0,6,6,16,0,3,34,3,40,4,3,40,9,56,22,0,22,78
03/19/2007,BFM,AL,ASO,CE,Federal Contract Tower,6,18,17,12,53,0,1,36,36,73,6,19,53,48,126,2,40,42,168
03/20/2007,BFM,AL,ASO,CE,Federal Contract Tower,8,25,24,66,123,0,3,73,48,124,8,28,97,114,247,58,146,204,451
03/21/2007,BFM,AL,ASO,CE,Federal Contract Tower,8,17,38,21,84,0,10,49,27,86,8,27,87,48,170,34,140,174,344
03/22/2007,BFM,AL,ASO,CE,Federal Contract Tower,10,17,19,21,67,0,7,64,43,114,10,24,83,64,181,54,216,270,451
03/23/2007,BFM,AL,ASO,CE,Federal Contract Tower,12,20,10,21,63,1,11,68,59,139,13,31,78,80,202,60,198,258,460
03/24/2007,BFM,AL,ASO,CE,Federal Contract Tower,4,1,10,14,29,0,4,41,7,52,4,5,51,21,81,22,10,32,113
03/25/2007,BFM,AL,ASO,CE,Federal Contract Tower,4,0,8,13,25,0,2,38,15,55,4,2,46,28,80,32,0,32,112
03/26/2007,BFM,AL,ASO,CE,Federal Contract Tower,3,19,30,12,64,0,5,42,54,101,3,24,72,66,165,68,222,290,455
03/27/2007,BFM,AL,ASO,CE,Federal Contract Tower,9,24,32,38,103,0,4,59,45,108,9,28,91,83,211,22,136,158,369
03/28/2007,BFM,AL,ASO,CE,Federal Contract Tower,9,21,44,19,93,0,4,46,37,87,9,25,90,56,180,0,116,116,296
03/29/2007,BFM,AL,ASO,CE,Federal Contract Tower,12,17,18,33,80,0,5,60,31,96,12,22,78,64,176,60,120,180,356
03/30/2007,BFM,AL,ASO,CE,Federal Contract Tower,13,22,19,18,72,0,6,42,20,68,13,28,61,38,140,30,18,48,188
03/31/2007,BFM,AL,ASO,CE,Federal Contract Tower,7,0,9,3,19,0,3,13,4,20,7,3,22,7,39,30,0,30,69
04/01/2007,BFM,AL,ASO,CE,Federal Contract Tower,3,0,24,0,27,0,2,7,0,9,3,2,31,0,36,0,0,0,36
04/02/2007,BFM,AL,ASO,CE,Federal Contract Tower,11,16,46,34,107,0,3,26,27,56,11,19,72,61,163,60,88,148,311
04/03/2007,BFM,AL,ASO,CE,Federal Contract Tower,14,22,28,18,82,0,6,43,59,108,14,28,71,77,190,36,196,232,422
04/04/2007,BFM,AL,ASO,CE,Federal Contract Tower,13,21,26,21,81,0,6,45,52,103,13,27,71,73,184,24,202,226,410
04/05/2007,BFM,AL,ASO,CE,Federal Contract Tower,15,22,32,30,99,0,1,39,40,80,15,23,71,70,179,28,124,152,331
04/06/2007,BFM,AL,ASO,CE,Federal Contract Tower,9,17,13,36,75,0,4,46,32,82,9,21,59,68,157,70,90,160,317
04/07/2007,BFM,AL,ASO,CE,Federal Contract Tower,12,0,7,0,19,0,2,27,1,30,12,2,34,1,49,16,0,16,65
04/08/2007,BFM,AL,ASO,CE,Federal Contract Tower,7,0,4,0,11,2,2,10,0,14,9,2,14,0,25,0,0,0,25
04/09/2007,BFM,AL,ASO,CE,Federal Contract Tower,4,18,8,24,54,0,5,54,30,89,4,23,62,54,143,18,172,190,333
04/10/2007,BFM,AL,ASO,CE,Federal Contract Tower,11,24,29,1,65,0,2,35,10,47,11,26,64,11,112,18,42,60,172
04/11/2007,BFM,AL,ASO,CE,Federal Contract Tower,11,21,27,19,78,0,11,14,49,74,11,32,41,68,152,16,130,146,298
04/12/2007,BFM,AL,ASO,CE,Federal Contract Tower,7,20,23,56,106,0,11,97,63,171,7,31,120,119,277,52,56,108,385
04/13/2007,BFM,AL,ASO,CE,Federal Contract Tower,12,18,16,32,78,4,5,53,22,84,16,23,69,54,162,38,44,82,244
04/14/2007,BFM,AL,ASO,CE,Federal Contract Tower,7,3,9,0,19,0,1,0,0,1,7,4,9,0,20,28,0,28,48
04/15/2007,BFM,AL,ASO,CE,Federal Contract Tower,3,0,6,4,13,0,3,24,6,33,3,3,30,10,46,8,4,12,58
04/16/2007,BFM,AL,ASO,CE,Federal Contract Tower,2,15,16,13,46,0,8,58,50,116,2,23,74,63,162,46,38,84,246
04/17/2007,BFM,AL,ASO,CE,Federal Contract Tower,8,23,25,49,105,1,16,50,54,121,9,39,75,103,226,8,208,216,442
04/18/2007,BFM,AL,ASO,CE,Federal Contract Tower,8,22,30,24,84,0,5,27,48,80,8,27,57,72,164,28,100,128,292
04/19/2007,BFM,AL,ASO,CE,Federal Contract Tower,11,21,24,23,79,0,5,58,67,130,11,26,82,90,209,60,244,304,513
04/20/2007,BFM,AL,ASO,CE,Federal Contract Tower,9,20,31,24,84,0,10,41,22,73,9,30,72,46,157,52,54,106,263
04/21/2007,BFM,AL,ASO,CE,Federal Contract Tower,4,0,12,2,18,0,2,42,7,51,4,2,54,9,69,34,10,44,113
04/22/2007,BFM,AL,ASO,CE,Federal Contract Tower,3,0,6,12,21,0,1,41,7,49,3,1,47,19,70,36,0,36,106
04/23/2007,BFM,AL,ASO,CE,Federal Contract Tower,2,17,22,15,56,0,4,46,38,88,2,21,68,53,144,46,152,198,342
04/24/2007,BFM,AL,ASO,CE,Federal Contract Tower,8,17,25,27,77,0,5,67,46,118,8,22,92,73,195,44,196,240,435
04/25/2007,BFM,AL,ASO,CE,Federal Contract Tower,9,22,23,34,88,0,6,52,36,94,9,28,75,70,182,26,118,144,326
04/26/2007,BFM,AL,ASO,CE,Federal Contract Tower,10,22,21,16,69,0,3,7,54,64,10,25,28,70,133,0,166,166,299
04/27/2007,BFM,AL,ASO,CE,Federal Contract Tower,8,19,37,25,89,0,3,70,21,94,8,22,107,46,183,78,42,120,303
04/28/2007,BFM,AL,ASO,CE,Federal Contract Tower,5,0,6,8,19,0,3,55,10,68,5,3,61,18,87,62,18,80,167
04/29/2007,BFM,AL,ASO,CE,Federal Contract Tower,2,0,6,2,10,0,1,56,1,58,2,1,62,3,68,66,0,66,134
04/30/2007,BFM,AL,ASO,CE,Federal Contract Tower,4,12,18,18,52,0,7,39,57,103,4,19,57,75,155,10,208,218,373
05/01/2007,BFM,AL,ASO,CE,Federal Contract Tower,9,22,21,54,106,0,7,80,34,121,9,29,101,88,227,18,118,136,363
05/02/2007,BFM,AL,ASO,CE,Federal Contract Tower,9,24,17,57,107,0,4,42,40,86,9,28,59,97,193,50,136,186,379
05/03/2007,BFM,AL,ASO,CE,Federal Contract Tower,9,23,30,11,73,0,3,47,39,89,9,26,77,50,162,32,88,120,282
05/04/2007,BFM,AL,ASO,CE,Federal Contract Tower,10,19,16,0,45,0,4,24,2,30,10,23,40,2,75,22,8,30,105
05/05/2007,BFM,AL,ASO,CE,Federal Contract Tower,4,2,15,3,24,0,1,21,3,25,4,3,36,6,49,18,0,18,67
05/06/2007,BFM,AL,ASO,CE,Federal Contract Tower,2,2,11,1,16,0,2,30,3,35,2,4,41,4,51,32,0,32,83
05/07/2007,BFM,AL,ASO,CE,Federal Contract Tower,4,19,19,25,67,0,8,46,57,111,4,27,65,82,178,60,244,304,482
05/08/2007,BFM,AL,ASO,CE,Federal Contract Tower,8,21,24,26,79,0,4,30,60,94,8,25,54,86,173,60,92,152,325
05/09/2007,BFM,AL,ASO,CE,Federal Contract Tower,8,14,19,24,65,0,11,61,27,99,8,25,80,51,164,64,128,192,356
05/10/2007,BFM,AL,ASO,CE,Federal Contract Tower,10,20,21,17,68,0,7,69,43,119,10,27,90,60,187,20,106,126,313
05/11/2007,BFM,AL,ASO,CE,Federal Contract Tower,11,20,32,7,70,0,9,57,16,82,11,29,89,23,152,22,30,52,204
05/12/2007,BFM,AL,ASO,CE,Federal Contract Tower,3,1,15,0,19,0,1,50,2,53,3,2,65,2,72,16,0,16,88
05/13/2007,BFM,AL,ASO,CE,Federal Contract Tower,4,2,12,4,22,0,2,32,2,36,4,4,44,6,58,38,4,42,100
05/14/2007,BFM,AL,ASO,CE,Federal Contract Tower,7,19,35,16,77,0,0,16,29,45,7,19,51,45,122,12,60,72,194
05/15/2007,BFM,AL,ASO,CE,Federal Contract Tower,11,21,33,12,77,0,2,50,44,96,11,23,83,56,173,64,102,166,339
05/16/2007,BFM,AL,ASO,CE,Federal Contract Tower,9,24,27,12,72,0,7,30,15,52,9,31,57,27,124,16,108,124,248
05/17/2007,BFM,AL,ASO,CE,Federal Contract Tower,10,22,20,32,84,10,10,55,45,120,20,32,75,77,204,6,144,150,354
05/18/2007,BFM,AL,ASO,CE,Federal Contract Tower,12,21,15,22,70,0,8,85,28,121,12,29,100,50,191,56,80,136,327
05/19/2007,BFM,AL,ASO,CE,Federal Contract Tower,4,5,10,0,19,0,10,56,5,71,4,15,66,5,90,20,0,20,110
05/20/2007,BFM,AL,ASO,CE,Federal Contract Tower,6,0,17,14,37,0,5,36,3,44,6,5,53,17,81,6,0,6,87
05/21/2007,BFM,AL,ASO,CE,Federal Contract Tower,3,21,24,17,65,0,5,66,45,116,3,26,90,62,181,40,230,270,451
05/22/2007,BFM,AL,ASO,CE,Federal Contract Tower,11,22,20,56,109,0,14,50,63,127,11,36,70,119,236,10,262,272,508
05/23/2007,BFM,AL,ASO,CE,Federal Contract Tower,12,23,29,26,90,0,4,46,35,85,12,27,75,61,175,14,154,168,343
05/24/2007,BFM,AL,ASO,CE,Federal Contract Tower,15,21,34,28,98,0,3,38,68,109,15,24,72,96,207,38,140,178,385
05/25/2007,BFM,AL,ASO,CE,Federal Contract Tower,13,21,24,3,61,0,6,41,6,53,13,27,65,9,114,12,22,34,148
05/26/2007,BFM,AL,ASO,CE,Federal Contract Tower,4,0,10,2,16,0,2,65,2,69,4,2,75,4,85,12,0,12,97
05/27/2007,BFM,AL,ASO,CE,Federal Contract Tower,2,0,11,5,18,0,14,32,4,50,2,14,43,9,68,18,0,18,86
05/28/2007,BFM,AL,ASO,CE,Federal Contract Tower,2,0,12,2,16,0,4,46,0,50,2,4,58,2,66,24,6,30,96
05/29/2007,BFM,AL,ASO,CE,Federal Contract Tower,3,24,17,19,63,0,6,40,22,68,3,30,57,41,131,72,58,130,261
05/30/2007,BFM,AL,ASO,CE,Federal Contract Tower,10,25,11,7,53,0,7,24,9,40,10,32,35,16,93,38,122,160,253
05/31/2007,BFM,AL,ASO,CE,Federal Contract Tower,11,20,24,11,66,0,7,49,39,95,11,27,73,50,161,26,120,146,307
06/01/2007,BFM,AL,ASO,CE,Federal Contract Tower,10,17,35,16,78,0,4,60,22,86,10,21,95,38,164,12,98,110,274
06/02/2007,BFM,AL,ASO,CE,Federal Contract Tower,6,2,6,7,21,0,0,64,6,70,6,2,70,13,91,14,4,18,109
06/03/2007,BFM,AL,ASO,CE,Federal Contract Tower,13,0,9,2,24,3,7,35,9,54,16,7,44,11,78,14,0,14,92
06/04/2007,BFM,AL,ASO,CE,Federal Contract Tower,12,19,30,10,71,0,3,33,17,53,12,22,63,27,124,44,92,136,260
06/05/2007,BFM,AL,ASO,CE,Federal Contract Tower,8,21,27,59,115,0,6,40,45,91,8,27,67,104,206,28,132,160,366
06/06/2007,BFM,AL,ASO,CE,Federal Contract Tower,8,22,27,17,74,0,4,30,58,92,8,26,57,75,166,32,200,232,398
06/07/2007,BFM,AL,ASO,CE,Federal Contract Tower,10,27,33,9,79,0,9,20,41,70,10,36,53,50,149,14,138,152,301
06/08/2007,BFM,AL,ASO,CE,Federal Contract Tower,8,20,41,23,92,0,3,32,23,58,8,23,73,46,150,24,64,88,238
06/09/2007,BFM,AL,ASO,CE,Federal Contract Tower,7,1,12,5,25,0,2,27,3,32,7,3,39,8,57,10,4,14,71
06/10/2007,BFM,AL,ASO,CE,Federal Contract Tower,7,0,18,6,31,0,10,47,3,60,7,10,65,9,91,28,0,28,119
06/11/2007,BFM,AL,ASO,CE,Federal Contract Tower,2,15,27,19,63,0,9,59,46,114,2,24,86,65,177,48,126,174,351
06/12/2007,BFM,AL,ASO,CE,Federal Contract Tower,9,23,31,21,84,0,6,41,27,74,9,29,72,48,158,28,102,130,288
06/13/2007,BFM,AL,ASO,CE,Federal Contract Tower,11,22,38,13,84,0,1,38,20,59,11,23,76,33,143,28,92,120,263
06/14/2007,BFM,AL,ASO,CE,Federal Contract Tower,12,23,25,7,67,0,6,54,13,73,12,29,79,20,140,60,56,116,256
06/15/2007,BFM,AL,ASO,CE,Federal Contract Tower,11,20,25,29,85,0,3,63,13,79,11,23,88,42,164,24,60,84,248
06/16/2007,BFM,AL,ASO,CE,Federal Contract Tower,7,1,4,5,17,0,16,49,1,66,7,17,53,6,83,18,0,18,101
06/17/2007,BFM,AL,ASO,CE,Federal Contract Tower,2,1,10,2,15,0,0,29,0,29,2,1,39,2,44,14,0,14,58
06/18/2007,BFM,AL,ASO,CE,Federal Contract Tower,3,17,7,3,30,0,1,43,36,80,3,18,50,39,110,46,52,98,208
06/19/2007,BFM,AL,ASO,CE,Federal Contract Tower,7,22,22,1,52,0,1,26,33,60,7,23,48,34,112,38,36,74,186
06/20/2007,BFM,AL,ASO,CE,Federal Contract Tower,9,23,60,32,124,0,1,13,55,69,9,24,73,87,193,16,240,256,449
06/21/2007,BFM,AL,ASO,CE,Federal Contract Tower,10,10,33,19,72,0,2,49,25,76,10,12,82,44,148,32,92,124,272
06/22/2007,BFM,AL,ASO,CE,Federal Contract Tower,9,21,47,20,97,2,3,51,7,63,11,24,98,27,160,46,96,142,302
06/23/2007,BFM,AL,ASO,CE,Federal Contract Tower,7,0,11,2,20,0,2,51,0,53,7,2,62,2,73,46,0,46,119
06/24/2007,BFM,AL,ASO,CE,Federal Contract Tower,3,0,5,2,10,0,0,46,4,50,3,0,51,6,60,56,6,62,122
06/25/2007,BFM,AL,ASO,CE,Federal Contract Tower,2,15,39,11,67,0,4,16,5,25,2,19,55,16,92,58,150,208,300
06/26/2007,BFM,AL,ASO,CE,Federal Contract Tower,7,23,27,15,72,0,5,65,22,92,7,28,92,37,164,32,56,88,252
06/27/2007,BFM,AL,ASO,CE,Federal Contract Tower,8,24,24,14,70,0,4,40,32,76,8,28,64,46,146,22,84,106,252
06/28/2007,BFM,AL,ASO,CE,Federal Contract Tower,14,19,28,14,75,0,7,77,55,139,14,26,105,69,214,40,134,174,388
06/29/2007,BFM,AL,ASO,CE,Federal Contract Tower,11,23,26,20,80,0,8,64,12,84,11,31,90,32,164,26,0,26,190
06/30/2007,BFM,AL,ASO,CE,Federal Contract Tower,4,0,14,0,18,0,0,47,2,49,4,0,61,2,67,12,0,12,79
07/01/2007,BFM,AL,ASO,CE,Federal Contract Tower,6,0,8,6,20,0,1,45,7,53,6,1,53,13,73,28,0,28,101
07/02/2007,BFM,AL,ASO,CE,Federal Contract Tower,5,11,10,10,36,0,12,36,48,96,5,23,46,58,132,26,108,134,266
07/03/2007,BFM,AL,ASO,CE,Federal Contract Tower,12,19,5,7,43,8,10,17,12,47,20,29,22,19,90,34,24,58,148
07/04/2007,BFM,AL,ASO,CE,Federal Contract Tower,0,0,5,0,5,0,7,7,0,14,0,7,12,0,19,0,0,0,19
07/05/2007,BFM,AL,ASO,CE,Federal Contract Tower,15,22,9,0,46,0,2,21,7,30,15,24,30,7,76,46,110,156,232
07/06/2007,BFM,AL,ASO,CE,Federal Contract Tower,8,19,16,8,51,0,5,42,29,76,8,24,58,37,127,44,186,230,357
07/07/2007,BFM,AL,ASO,CE,Federal Contract Tower,4,0,6,0,10,0,2,32,1,35,4,2,38,1,45,22,0,22,67
07/08/2007,BFM,AL,ASO,CE,Federal Contract Tower,3,0,14,2,19,0,4,36,7,47,3,4,50,9,66,38,24,62,128
07/09/2007,BFM,AL,ASO,CE,Federal Contract Tower,4,14,10,24,52,0,3,24,43,70,4,17,34,67,122,36,188,224,346
07/10/2007,BFM,AL,ASO,CE,Federal Contract Tower,8,22,13,10,53,0,6,54,44,104,8,28,67,54,157,70,94,164,321
07/11/2007,BFM,AL,ASO,CE,Federal Contract Tower,15,23,27,14,79,5,3,42,37,87,20,26,69,51,166,12,32,44,210
07/12/2007,BFM,AL,ASO,CE,Federal Contract Tower,15,21,21,30,87,4,2,59,50,115,19,23,80,80,202,34,126,160,362
07/13/2007,BFM,AL,ASO,CE,Federal Contract Tower,9,13,15,12,49,0,9,52,29,90,9,22,67,41,139,54,146,200,339
07/14/2007,BFM,AL,ASO,CE,Federal Contract Tower,5,4,11,0,20,0,0,18,11,29,5,4,29,11,49,30,0,30,79
07/15/2007,BFM,AL,ASO,CE,Federal Contract Tower,3,0,13,0,16,0,1,25,0,26,3,1,38,0,42,4,0,4,46
07/16/2007,BFM,AL,ASO,CE,Federal Contract Tower,2,12,27,9,50,0,2,36,31,69,2,14,63,40,119,28,148,176,295
07/17/2007,BFM,AL,ASO,CE,Federal Contract Tower,10,17,22,42,91,0,6,61,78,145,10,23,83,120,236,8,126,134,370
07/18/2007,BFM,AL,ASO,CE,Federal Contract Tower,8,19,24,41,92,0,4,72,44,120,8,23,96,85,212,22,224,246,458
07/19/2007,BFM,AL,ASO,CE,Federal Contract Tower,8,24,23,26,81,0,7,59,69,135,8,31,82,95,216,60,170,230,446
07/20/2007,BFM,AL,ASO,CE,Federal Contract Tower,8,20,25,12,65,0,7,63,15,85,8,27,88,27,150,34,128,162,312
07/21/2007,BFM,AL,ASO,CE,Federal Contract Tower,4,3,13,8,28,0,1,66,0,67,4,4,79,8,95,60,0,60,155
07/22/2007,BFM,AL,ASO,CE,Federal Contract Tower,2,4,10,0,16,0,0,67,15,82,2,4,77,15,98,68,0,68,166
07/23/2007,BFM,AL,ASO,CE,Federal Contract Tower,4,14,24,16,58,0,11,48,50,109,4,25,72,66,167,52,122,174,341
07/24/2007,BFM,AL,ASO,CE,Federal Contract Tower,9,20,22,31,82,0,14,46,57,117,9,34,68,88,199,82,170,252,451
07/25/2007,BFM,AL,ASO,CE,Federal Contract Tower,10,24,35,51,120,0,5,58,55,118,10,29,93,106,238,100,272,372,610
07/26/2007,BFM,AL,ASO,CE,Federal Contract Tower,12,15,21,15,63,0,3,42,40,85,12,18,63,55,148,62,64,126,274
07/27/2007,BFM,AL,ASO,CE,Federal Contract Tower,10,15,19,22,66,0,8,46,28,82,10,23,65,50,148,40,132,172,320
07/28/2007,BFM,AL,ASO,CE,Federal Contract Tower,4,1,11,0,16,0,2,33,8,43,4,3,44,8,59,40,4,44,103
07/29/2007,BFM,AL,ASO,CE,Federal Contract Tower,2,0,6,7,15,0,1,33,22,56,2,1,39,29,71,62,32,94,165
07/30/2007,BFM,AL,ASO,CE,Federal Contract Tower,2,12,24,27,65,0,7,37,49,93,2,19,61,76,158,82,196,278,436
07/31/2007,BFM,AL,ASO,CE,Federal Contract Tower,8,18,17,21,64,0,2,36,45,83,8,20,53,66,147,58,56,114,261
08/01/2007,BFM,AL,ASO,CE,Federal Contract Tower,13,18,23,8,62,0,6,31,33,70,13,24,54,41,132,20,162,182,314
08/02/2007,BFM,AL,ASO,CE,Federal Contract Tower,8,20,20,31,79,0,7,55,37,99,8,27,75,68,178,6,118,124,302
08/03/2007,BFM,AL,ASO,CE,Federal Contract Tower,8,16,17,24,65,0,8,76,25,109,8,24,93,49,174,48,64,112,286
08/04/2007,BFM,AL,ASO,CE,Federal Contract Tower,7,0,10,0,17,0,2,35,5,42,7,2,45,5,59,8,0,8,67
08/05/2007,BFM,AL,ASO,CE,Federal Contract Tower,2,0,14,7,23,0,0,15,4,19,2,0,29,11,42,40,0,40,82
08/06/2007,BFM,AL,ASO,CE,Federal Contract Tower,2,16,19,22,59,0,0,43,45,88,2,16,62,67,147,72,180,252,399
08/07/2007,BFM,AL,ASO,CE,Federal Contract Tower,8,21,9,16,54,0,3,43,77,123,8,24,52,93,177,6,158,164,341
08/08/2007,BFM,AL,ASO,CE,Federal Contract Tower,8,27,20,12,67,0,5,47,53,105,8,32,67,65,172,24,134,158,330
08/09/2007,BFM,AL,ASO,CE,Federal Contract Tower,8,20,27,25,80,0,1,49,33,83,8,21,76,58,163,26,118,144,307
08/10/2007,BFM,AL,ASO,CE,Federal Contract Tower,8,15,21,2,46,0,4,44,19,67,8,19,65,21,113,32,74,106,219
08/11/2007,BFM,AL,ASO,CE,Federal Contract Tower,5,0,7,0,12,0,2,35,7,44,5,2,42,7,56,0,0,0,56
08/12/2007,BFM,AL,ASO,CE,Federal Contract Tower,2,0,10,2,14,0,2,36,0,38,2,2,46,2,52,42,0,42,94
08/13/2007,BFM,AL,ASO,CE,Federal Contract Tower,2,14,25,5,46,0,2,45,25,72,2,16,70,30,118,8,100,108,226
08/14/2007,BFM,AL,ASO,CE,Federal Contract Tower,9,19,21,6,55,0,3,53,42,98,9,22,74,48,153,10,130,140,293
08/15/2007,BFM,AL,ASO,CE,Federal Contract Tower,8,15,35,26,84,0,2,57,70,129,8,17,92,96,213,16,264,280,493
08/16/2007,BFM,AL,ASO,CE,Federal Contract Tower,7,13,23,9,52,0,9,44,46,99,7,22,67,55,151,4,186,190,341
08/17/2007,BFM,AL,ASO,CE,Federal Contract Tower,13,17,23,11,64,0,20,58,11,89,13,37,81,22,153,22,76,98,251
08/18/2007,BFM,AL,ASO,CE,Federal Contract Tower,10,0,11,7,28,0,6,23,1,30,10,6,34,8,58,62,2,64,122
08/19/2007,BFM,AL,ASO,CE,Federal Contract Tower,3,0,8,4,15,0,6,51,7,64,3,6,59,11,79,76,0,76,155
08/20/2007,BFM,AL,ASO,CE,Federal Contract Tower,4,13,9,24,50,0,6,57,49,112,4,19,66,73,162,64,126,190,352
08/21/2007,BFM,AL,ASO,CE,Federal Contract Tower,11,23,16,14,64,0,4,52,33,89,11,27,68,47,153,40,184,224,377
08/22/2007,BFM,AL,ASO,CE,Federal Contract Tower,11,16,47,21,95,0,7,61,54,122,11,23,108,75,217,58,154,212,429
08/23/2007,BFM,AL,ASO,CE,Federal Contract Tower,9,18,18,15,60,0,3,74,46,123,9,21,92,61,183,38,234,272,455
08/24/2007,BFM,AL,ASO,CE,Federal Contract Tower,10,19,14,12,55,0,5,42,29,76,10,24,56,41,131,48,70,118,249
08/25/2007,BFM,AL,ASO,CE,Federal Contract Tower,5,2,13,10,30,0,4,32,9,45,5,6,45,19,75,40,8,48,123
08/26/2007,BFM,AL,ASO,CE,Federal Contract Tower,2,0,4,3,9,0,2,34,8,44,2,2,38,11,53,28,10,38,91
08/27/2007,BFM,AL,ASO,CE,Federal Contract Tower,2,14,8,15,39,0,3,40,24,67,2,17,48,39,106,40,148,188,294
08/28/2007,BFM,AL,ASO,CE,Federal Contract Tower,7,18,18,6,49,0,5,35,4,44,7,23,53,10,93,68,8,76,169
08/29/2007,BFM,AL,ASO,CE,Federal Contract Tower,9,12,15,22,58,0,11,46,42,99,9,23,61,64,157,36,94,130,287
08/30/2007,BFM,AL,ASO,CE,Federal Contract Tower,11,17,28,9,65,0,1,37,21,59,11,18,65,30,124,4,70,74,198
08/31/2007,BFM,AL,ASO,CE,Federal Contract Tower,12,16,39,11,78,0,3,32,16,51,12,19,71,27,129,58,0,58,187
09/01/2007,BFM,AL,ASO,CE,Federal Contract Tower,12,0,10,0,22,2,4,30,0,36,14,4,40,0,58,82,0,82,140
09/02/2007,BFM,AL,ASO,CE,Federal Contract Tower,4,0,13,0,17,0,2,10,0,12,4,2,23,0,29,34,0,34,63
09/03/2007,BFM,AL,ASO,CE,Federal Contract Tower,2,1,26,1,30,0,3,18,1,22,2,4,44,2,52,16,0,16,68
09/04/2007,BFM,AL,ASO,CE,Federal Contract Tower,8,20,12,27,67,0,5,63,30,98,8,25,75,57,165,50,140,190,355
09/05/2007,BFM,AL,ASO,CE,Federal Contract Tower,8,21,30,24,83,0,8,57,36,101,8,29,87,60,184,46,134,180,364
09/06/2007,BFM,AL,ASO,CE,Federal Contract Tower,10,13,23,9,55,0,10,57,51,118,10,23,80,60,173,90,96,186,359
09/07/2007,BFM,AL,ASO,CE,Federal Contract Tower,8,17,15,10,50,0,7,68,23,98,8,24,83,33,148,42,50,92,240
09/08/2007,BFM,AL,ASO,CE,Federal Contract Tower,6,0,8,2,16,0,2,54,0,56,6,2,62,2,72,110,22,132,204
09/09/2007,BFM,AL,ASO,CE,Federal Contract Tower,2,0,12,4,18,0,0,44,7,51,2,0,56,11,69,14,14,28,97
09/10/2007,BFM,AL,ASO,CE,Federal Contract Tower,2,9,11,30,52,0,2,40,57,99,2,11,51,87,151,44,194,238,389
09/11/2007,BFM,AL,ASO,CE,Federal Contract Tower,10,19,23,5,57,0,4,44,46,94,10,23,67,51,151,50,188,238,389
09/12/2007,BFM,AL,ASO,CE,Federal Contract Tower,12,19,36,10,77,0,3,51,24,78,12,22,87,34,155,18,80,98,253
09/13/2007,BFM,AL,ASO,CE,Federal Contract Tower,12,20,30,11,73,0,3,31,13,47,12,23,61,24,120,36,82,118,238
09/14/2007,BFM,AL,ASO,CE,Federal Contract Tower,8,15,16,15,54,0,4,27,15,46,8,19,43,30,100,46,38,84,184
09/15/2007,BFM,AL,ASO,CE,Federal Contract Tower,4,0,11,8,23,0,2,77,6,85,4,2,88,14,108,28,12,40,148
09/16/2007,BFM,AL,ASO,CE,Federal Contract Tower,2,0,7,16,25,0,8,39,5,52,2,8,46,21,77,18,0,18,95
09/17/2007,BFM,AL,ASO,CE,Federal Contract Tower,2,11,30,23,66,0,8,60,48,116,2,19,90,71,182,42,224,266,448
09/18/2007,BFM,AL,ASO,CE,Federal Contract Tower,8,16,32,26,82,0,15,63,32,110,8,31,95,58,192,56,122,178,370
09/19/2007,BFM,AL,ASO,CE,Federal Contract Tower,9,15,40,49,113,0,8,81,24,113,9,23,121,73,226,48,54,102,328
09/20/2007,BFM,AL,ASO,CE,Federal Contract Tower,10,19,41,35,105,0,7,74,36,117,10,26,115,71,222,52,116,168,390
09/21/2007,BFM,AL,ASO,CE,Federal Contract Tower,11,19,25,0,55,0,5,19,4,28,11,24,44,4,83,56,32,88,171
09/22/2007,BFM,AL,ASO,CE,Federal Contract Tower,4,0,10,0,14,0,2,12,0,14,4,2,22,0,28,0,0,0,28
09/23/2007,BFM,AL,ASO,CE,Federal Contract Tower,5,0,4,0,9,0,5,10,0,15,5,5,14,0,24,44,0,44,68
09/24/2007,BFM,AL,ASO,CE,Federal Contract Tower,2,13,19,11,45,0,2,37,37,76,2,15,56,48,121,102,186,288,409
09/25/2007,BFM,AL,ASO,CE,Federal Contract Tower,10,16,31,20,77,0,7,64,55,126,10,23,95,75,203,70,140,210,413
09/26/2007,BFM,AL,ASO,CE,Federal Contract Tower,11,15,40,23,89,0,5,69,29,103,11,20,109,52,192,50,62,112,304
09/27/2007,BFM,AL,ASO,CE,Federal Contract Tower,10,19,22,34,85,0,9,50,34,93,10,28,72,68,178,26,106,132,310
09/28/2007,BFM,AL,ASO,CE,Federal Contract Tower,14,21,39,8,82,0,10,72,21,103,14,31,111,29,185,26,84,110,295
09/29/2007,BFM,AL,ASO,CE,Federal Contract Tower,5,0,15,1,21,0,8,37,0,45,5,8,52,1,66,2,0,2,68
09/30/2007,BFM,AL,ASO,CE,Federal Contract Tower,2,1,20,1,24,0,5,30,1,36,2,6,50,2,60,58,0,58,118
10/01/2007,BFM,AL,ASO,CE,Federal Contract Tower,9,14,17,12,52,2,8,82,40,132,11,22,99,52,184,10,156,166,350
10/02/2007,BFM,AL,ASO,CE,Federal Contract Tower,11,20,26,18,75,0,12,70,41,123,11,32,96,59,198,60,62,122,320
10/03/2007,BFM,AL,ASO,CE,Federal Contract Tower,14,21,40,13,88,0,13,45,31,89,14,34,85,44,177,18,116,134,311
10/04/2007,BFM,AL,ASO,CE,Federal Contract Tower,15,18,26,20,79,0,2,50,48,100,15,20,76,68,179,30,78,108,287
10/05/2007,BFM,AL,ASO,CE,Federal Contract Tower,12,13,35,65,125,9,10,44,34,97,21,23,79,99,222,16,154,170,392
10/06/2007,BFM,AL,ASO,CE,Federal Contract Tower,5,1,16,1,23,0,7,32,1,40,5,8,48,2,63,0,0,0,63
10/07/2007,BFM,AL,ASO,CE,Federal Contract Tower,2,0,19,3,24,0,5,18,8,31,2,5,37,11,55,14,0,14,69
10/08/2007,BFM,AL,ASO,CE,Federal Contract Tower,3,10,22,10,45,0,4,60,13,77,3,14,82,23,122,38,46,84,206
10/09/2007,BFM,AL,ASO,CE,Federal Contract Tower,8,16,22,28,74,0,5,62,42,109,8,21,84,70,183,18,132,150,333
10/10/2007,BFM,AL,ASO,CE,Federal Contract Tower,9,20,32,19,80,0,12,85,46,143,9,32,117,65,223,18,102,120,343
10/11/2007,BFM,AL,ASO,CE,Federal Contract Tower,12,17,32,58,119,0,4,62,50,116,12,21,94,108,235,42,172,214,449
10/12/2007,BFM,AL,ASO,CE,Federal Contract Tower,18,14,26,21,79,0,4,52,34,90,18,18,78,55,169,0,114,114,283
10/13/2007,BFM,AL,ASO,CE,Federal Contract Tower,4,0,15,0,19,0,5,64,5,74,4,5,79,5,93,44,0,44,137
10/14/2007,BFM,AL,ASO,CE,Federal Contract Tower,4,0,23,7,34,4,3,22,4,33,8,3,45,11,67,10,8,18,85
10/15/2007,BFM,AL,ASO,CE,Federal Contract Tower,8,15,22,13,58,1,10,46,53,110,9,25,68,66,168,58,106,164,332
10/16/2007,BFM,AL,ASO,CE,Federal Contract Tower,12,18,37,13,80,0,2,29,40,71,12,20,66,53,151,60,54,114,265
10/17/2007,BFM,AL,ASO,CE,Federal Contract Tower,10,26,35,17,88,0,12,40,36,88,10,38,75,53,176,18,110,128,304
10/18/2007,BFM,AL,ASO,CE,Federal Contract Tower,9,18,37,0,64,0,3,0,0,3,9,21,37,0,67,0,0,0,67
10/19/2007,BFM,AL,ASO,CE,Federal Contract Tower,9,18,21,19,67,0,4,56,14,74,9,22,77,33,141,46,66,112,253
10/20/2007,BFM,AL,ASO,CE,Federal Contract Tower,4,2,21,4,31,0,2,61,20,83,4,4,82,24,114,48,10,58,172
10/21/2007,BFM,AL,ASO,CE,Federal Contract Tower,2,0,22,33,57,0,4,39,14,57,2,4,61,47,114,14,2,16,130
10/22/2007,BFM,AL,ASO,CE,Federal Contract Tower,4,14,3,0,21,0,4,0,0,4,4,18,3,0,25,0,0,0,25
10/23/2007,BFM,AL,ASO,CE,Federal Contract Tower,8,21,26,23,78,0,7,12,13,32,8,28,38,36,110,14,56,70,180
10/24/2007,BFM,AL,ASO,CE,Federal Contract Tower,8,15,33,23,79,0,3,48,52,103,8,18,81,75,182,38,130,168,350
10/25/2007,BFM,AL,ASO,CE,Federal Contract Tower,11,19,39,43,112,1,5,61,63,130,12,24,100,106,242,42,124,166,408
10/26/2007,BFM,AL,ASO,CE,Federal Contract Tower,13,19,49,28,109,6,5,89,44,144,19,24,138,72,253,62,120,182,435
10/27/2007,BFM,AL,ASO,CE,Federal Contract Tower,8,1,6,14,29,0,4,55,11,70,8,5,61,25,99,126,36,162,261
10/28/2007,BFM,AL,ASO,CE,Federal Contract Tower,3,5,12,16,36,0,20,31,2,53,3,25,43,18,89,14,10,24,113
10/29/2007,BFM,AL,ASO,CE,Federal Contract Tower,4,12,22,38,76,0,11,67,54,132,4,23,89,92,208,18,166,184,392
10/30/2007,BFM,AL,ASO,CE,Federal Contract Tower,8,16,21,28,73,0,10,45,65,120,8,26,66,93,193,40,144,184,377
10/31/2007,BFM,AL,ASO,CE,Federal Contract Tower,8,22,27,40,97,0,8,63,60,131,8,30,90,100,228,28,146,174,402
11/01/2007,BFM,AL,ASO,CE,Federal Contract Tower,8,21,29,56,114,0,3,60,56,119,8,24,89,112,233,22,160,182,415
11/02/2007,BFM,AL,ASO,CE,Federal Contract Tower,16,12,20,21,69,0,10,64,30,104,16,22,84,51,173,28,42,70,243
11/03/2007,BFM,AL,ASO,CE,Federal Contract Tower,7,2,10,10,29,0,4,53,3,60,7,6,63,13,89,38,0,38,127
11/04/2007,BFM,AL,ASO,CE,Federal Contract Tower,5,0,9,12,26,0,4,43,14,61,5,4,52,26,87,20,26,46,133
11/05/2007,BFM,AL,ASO,CE,Federal Contract Tower,6,12,9,26,53,0,3,70,42,115,6,15,79,68,168,44,66,110,278
11/06/2007,BFM,AL,ASO,CE,Federal Contract Tower,8,15,29,43,95,0,6,52,56,114,8,21,81,99,209,60,254,314,523
11/07/2007,BFM,AL,ASO,CE,Federal Contract Tower,18,20,41,57,136,0,9,46,60,115,18,29,87,117,251,6,136,142,393
11/08/2007,BFM,AL,ASO,CE,Federal Contract Tower,11,16,22,51,100,0,4,66,36,106,11,20,88,87,206,84,30,114,320
11/09/2007,BFM,AL,ASO,CE,Federal Contract Tower,7,18,27,27,79,0,11,77,16,104,7,29,104,43,183,88,86,174,357
11/10/2007,BFM,AL,ASO,CE,Federal Contract Tower,5,5,26,15,51,0,8,49,21,78,5,13,75,36,129,50,88,138,267
11/11/2007,BFM,AL,ASO,CE,Federal Contract Tower,2,1,11,16,30,0,2,56,12,70,2,3,67,28,100,20,42,62,162
11/12/2007,BFM,AL,ASO,CE,Federal Contract Tower,1,9,16,5,31,0,3,41,5,49,1,12,57,10,80,10,8,18,98
11/13/2007,BFM,AL,ASO,CE,Federal Contract Tower,10,16,40,44,110,0,1,68,33,102,10,17,108,77,212,18,96,114,326
11/14/2007,BFM,AL,ASO,CE,Federal Contract Tower,8,18,41,51,118,0,6,57,50,113,8,24,98,101,231,56,148,204,435
11/15/2007,BFM,AL,ASO,CE,Federal Contract Tower,9,17,34,51,111,0,5,50,63,118,9,22,84,114,229,52,172,224,453
11/16/2007,BFM,AL,ASO,CE,Federal Contract Tower,17,22,29,29,97,3,15,83,37,138,20,37,112,66,235,28,212,240,475
11/17/2007,BFM,AL,ASO,CE,Federal Contract Tower,12,0,21,0,33,0,7,58,5,70,12,7,79,5,103,54,6,60,163
11/18/2007,BFM,AL,ASO,CE,Federal Contract Tower,4,4,8,18,34,0,2,27,12,41,4,6,35,30,75,40,24,64,139
11/19/2007,BFM,AL,ASO,CE,Federal Contract Tower,2,9,32,34,77,0,7,67,57,131,2,16,99,91,208,58,162,220,428
11/20/2007,BFM,AL,ASO,CE,Federal Contract Tower,9,21,28,18,76,1,7,58,52,118,10,28,86,70,194,46,198,244,438
11/21/2007,BFM,AL,ASO,CE,Federal Contract Tower,10,15,32,11,68,0,7,21,23,51,10,22,53,34,119,22,48,70,189
11/22/2007,BFM,AL,ASO,CE,Federal Contract Tower,0,2,3,0,5,0,2,3,0,5,0,4,6,0,10,2,0,2,12
11/23/2007,BFM,AL,ASO,CE,Federal Contract Tower,11,11,14,2,38,0,2,29,0,31,11,13,43,2,69,2,0,2,71
11/24/2007,BFM,AL,ASO,CE,Federal Contract Tower,4,0,15,0,19,0,2,40,0,42,4,2,55,0,61,14,0,14,75
11/25/2007,BFM,AL,ASO,CE,Federal Contract Tower,2,3,18,0,23,0,0,0,0,0,2,3,18,0,23,0,0,0,23
11/26/2007,BFM,AL,ASO,CE,Federal Contract Tower,4,14,19,26,63,0,3,32,50,85,4,17,51,76,148,30,172,202,350
11/27/2007,BFM,AL,ASO,CE,Federal Contract Tower,8,19,40,28,95,0,10,52,68,130,8,29,92,96,225,10,146,156,381
11/28/2007,BFM,AL,ASO,CE,Federal Contract Tower,8,15,34,16,73,0,7,57,55,119,8,22,91,71,192,22,84,106,298
11/29/2007,BFM,AL,ASO,CE,Federal Contract Tower,8,17,30,61,116,0,3,62,55,120,8,20,92,116,236,10,178,188,424
11/30/2007,BFM,AL,ASO,CE,Federal Contract Tower,8,15,25,46,94,0,9,76,29,114,8,24,101,75,208,20,62,82,290
12/01/2007,BFM,AL,ASO,CE,Federal Contract Tower,12,0,9,0,21,0,8,59,2,69,12,8,68,2,90,50,28,78,168
12/02/2007,BFM,AL,ASO,CE,Federal Contract Tower,3,0,31,34,68,0,1,5,5,11,3,1,36,39,79,2,6,8,87
12/03/2007,BFM,AL,ASO,CE,Federal Contract Tower,7,10,23,24,64,2,9,51,55,117,9,19,74,79,181,52,134,186,367
12/04/2007,BFM,AL,ASO,CE,Federal Contract Tower,13,14,40,34,101,0,9,68,80,157,13,23,108,114,258,12,226,238,496
12/05/2007,BFM,AL,ASO,CE,Federal Contract Tower,8,14,13,10,45,0,14,77,80,171,8,28,90,90,216,48,102,150,366
12/06/2007,BFM,AL,ASO,CE,Federal Contract Tower,7,14,26,16,63,0,7,64,50,121,7,21,90,66,184,22,190,212,396
12/07/2007,BFM,AL,ASO,CE,Federal Contract Tower,7,17,28,19,71,0,7,48,30,85,7,24,76,49,156,46,194,240,396
12/08/2007,BFM,AL,ASO,CE,Federal Contract Tower,5,1,17,4,27,0,6,15,0,21,5,7,32,4,48,2,0,2,50
12/09/2007,BFM,AL,ASO,CE,Federal Contract Tower,6,0,8,4,18,0,8,26,4,38,6,8,34,8,56,34,0,34,90
12/10/2007,BFM,AL,ASO,CE,Federal Contract Tower,6,18,29,33,86,4,9,65,65,143,10,27,94,98,229,36,174,210,439
12/11/2007,BFM,AL,ASO,CE,Federal Contract Tower,9,14,47,24,94,0,7,42,31,80,9,21,89,55,174,86,116,202,376
12/12/2007,BFM,AL,ASO,CE,Federal Contract Tower,12,24,31,38,105,1,7,52,44,104,13,31,83,82,209,28,50,78,287
12/13/2007,BFM,AL,ASO,CE,Federal Contract Tower,14,22,29,20,85,0,9,47,45,101,14,31,76,65,186,86,160,246,432
12/14/2007,BFM,AL,ASO,CE,Federal Contract Tower,9,15,40,16,80,0,6,35,27,68,9,21,75,43,148,22,74,96,244
12/15/2007,BFM,AL,ASO,CE,Federal Contract Tower,4,3,18,1,26,0,3,4,1,8,4,6,22,2,34,10,14,24,58
12/16/2007,BFM,AL,ASO,CE,Federal Contract Tower,1,1,20,4,26,0,2,21,6,29,1,3,41,10,55,6,8,14,69
12/17/2007,BFM,AL,ASO,CE,Federal Contract Tower,3,12,28,29,72,0,7,47,50,104,3,19,75,79,176,70,306,376,552
12/18/2007,BFM,AL,ASO,CE,Federal Contract Tower,12,24,32,29,97,0,12,73,42,127,12,36,105,71,224,62,172,234,458
12/19/2007,BFM,AL,ASO,CE,Federal Contract Tower,12,15,31,17,75,0,13,82,50,145,12,28,113,67,220,84,206,290,510
12/20/2007,BFM,AL,ASO,CE,Federal Contract Tower,13,19,19,2,53,2,5,14,3,24,15,24,33,5,77,42,30,72,149
12/21/2007,BFM,AL,ASO,CE,Federal Contract Tower,11,20,31,9,71,0,10,56,7,73,11,30,87,16,144,64,14,78,222
12/22/2007,BFM,AL,ASO,CE,Federal Contract Tower,8,2,21,0,31,0,5,4,0,9,8,7,25,0,40,0,0,0,40
12/23/2007,BFM,AL,ASO,CE,Federal Contract Tower,2,1,9,0,12,2,5,17,0,24,4,6,26,0,36,6,0,6,42
12/24/2007,BFM,AL,ASO,CE,Federal Contract Tower,3,8,8,0,19,0,4,16,0,20,3,12,24,0,39,0,0,0,39
12/25/2007,BFM,AL,ASO,CE,Federal Contract Tower,0,4,1,0,5,0,13,3,0,16,0,17,4,0,21,2,0,2,23
12/26/2007,BFM,AL,ASO,CE,Federal Contract Tower,7,14,25,2,48,0,4,17,2,23,7,18,42,4,71,14,0,14,85
12/27/2007,BFM,AL,ASO,CE,Federal Contract Tower,8,17,32,2,59,0,3,24,1,28,8,20,56,3,87,18,36,54,141
12/28/2007,BFM,AL,ASO,CE,Federal Contract Tower,17,12,7,0,36,0,5,2,0,7,17,17,9,0,43,0,0,0,43
12/29/2007,BFM,AL,ASO,CE,Federal Contract Tower,5,2,7,0,14,0,6,3,0,9,5,8,10,0,23,28,0,28,51
12/30/2007,BFM,AL,ASO,CE,Federal Contract Tower,2,2,5,0,9,0,0,3,0,3,2,2,8,0,12,0,0,0,12
12/31/2007,BFM,AL,ASO,CE,Federal Contract Tower,3,11,10,0,24,0,7,39,2,48,3,18,49,2,72,14,0,14,86
01/01/2008,BFM,AL,ASO,CE,Federal Contract Tower,2,0,16,0,18,0,8,8,0,16,2,8,24,0,34,0,0,0,34
01/02/2008,BFM,AL,ASO,CE,Federal Contract Tower,6,13,16,9,44,0,7,19,5,31,6,20,35,14,75,16,54,70,145
01/03/2008,BFM,AL,ASO,CE,Federal Contract Tower,17,14,18,8,57,2,10,34,16,62,19,24,52,24,119,52,36,88,207
01/04/2008,BFM,AL,ASO,CE,Federal Contract Tower,15,14,18,20,67,10,5,77,26,118,25,19,95,46,185,58,30,88,273
01/05/2008,BFM,AL,ASO,CE,Federal Contract Tower,8,0,10,3,21,0,7,113,3,123,8,7,123,6,144,112,12,124,268
01/06/2008,BFM,AL,ASO,CE,Federal Contract Tower,9,5,23,3,40,0,6,40,10,56,9,11,63,13,96,48,0,48,144
01/07/2008,BFM,AL,ASO,CE,Federal Contract Tower,6,13,43,5,67,0,11,31,12,54,6,24,74,17,121,44,42,86,207
01/08/2008,BFM,AL,ASO,CE,Federal Contract Tower,8,16,39,14,77,0,4,58,26,88,8,20,97,40,165,92,22,114,279
01/09/2008,BFM,AL,ASO,CE,Federal Contract Tower,8,19,22,30,79,0,10,47,38,95,8,29,69,68,174,46,120,166,340
01/10/2008,BFM,AL,ASO,CE,Federal Contract Tower,10,16,16,8,50,0,5,19,24,48,10,21,35,32,98,34,24,58,156
01/11/2008,BFM,AL,ASO,CE,Federal Contract Tower,8,15,27,25,75,0,13,78,40,131,8,28,105,65,206,66,36,102,308
01/12/2008,BFM,AL,ASO,CE,Federal Contract Tower,7,0,9,0,16,1,8,93,2,104,8,8,102,2,120,102,0,102,222
01/13/2008,BFM,AL,ASO,CE,Federal Contract Tower,5,0,14,11,30,4,10,34,17,65,9,10,48,28,95,8,20,28,123
01/14/2008,BFM,AL,ASO,CE,Federal Contract Tower,8,14,25,30,77,0,9,64,39,112,8,23,89,69,189,44,164,208,397
01/15/2008,BFM,AL,ASO,CE,Federal Contract Tower,8,17,15,21,61,0,6,62,57,125,8,23,77,78,186,62,302,364,550
01/16/2008,BFM,AL,ASO,CE,Federal Contract Tower,9,13,24,0,46,0,0,5,7,12,9,13,29,7,58,0,52,52,110
01/17/2008,BFM,AL,ASO,CE,Federal Contract Tower,13,18,29,39,99,0,4,31,73,108,13,22,60,112,207,32,110,142,349
01/18/2008,BFM,AL,ASO,CE,Federal Contract Tower,10,12,40,10,72,0,9,55,59,123,10,21,95,69,195,22,222,244,439
01/19/2008,BFM,AL,ASO,CE,Federal Contract Tower,6,3,1,0,10,0,1,0,0,1,6,4,1,0,11,0,0,0,11
01/20/2008,BFM,AL,ASO,CE,Federal Contract Tower,2,0,18,13,33,0,9,45,14,68,2,9,63,27,101,40,30,70,171
01/21/2008,BFM,AL,ASO,CE,Federal Contract Tower,3,5,27,7,42,0,8,56,12,76,3,13,83,19,118,0,0,0,118
01/22/2008,BFM,AL,ASO,CE,Federal Contract Tower,11,17,54,38,120,0,0,0,0,0,11,17,54,38,120,0,0,0,120
01/23/2008,BFM,AL,ASO,CE,Federal Contract Tower,10,24,42,11,87,0,1,14,13,28,10,25,56,24,115,20,16,36,151
01/24/2008,BFM,AL,ASO,CE,Federal Contract Tower,8,17,36,16,77,0,3,21,15,39,8,20,57,31,116,54,40,94,210
01/25/2008,BFM,AL,ASO,CE,Federal Contract Tower,12,16,23,36,87,0,4,73,70,147,12,20,96,106,234,42,164,206,440
01/26/2008,BFM,AL,ASO,CE,Federal Contract Tower,4,0,9,0,13,0,0,0,0,0,4,0,9,0,13,0,0,0,13
01/27/2008,BFM,AL,ASO,CE,Federal Contract Tower,4,2,5,29,40,0,4,31,34,69,4,6,36,63,109,18,104,122,231
01/28/2008,BFM,AL,ASO,CE,Federal Contract Tower,4,12,19,6,41,0,3,48,44,95,4,15,67,50,136,50,98,148,284
01/29/2008,BFM,AL,ASO,CE,Federal Contract Tower,8,18,23,23,72,0,8,25,35,68,8,26,48,58,140,54,152,206,346
01/30/2008,BFM,AL,ASO,CE,Federal Contract Tower,13,15,42,45,115,6,7,56,52,121,19,22,98,97,236,20,148,168,404
01/31/2008,BFM,AL,ASO,CE,Federal Contract Tower,9,14,34,18,75,0,1,12,18,31,9,15,46,36,106,0,24,24,130
02/01/2008,BFM,AL,ASO,CE,Federal Contract Tower,10,9,11,39,69,0,6,56,46,108,10,15,67,85,177,42,140,182,359
02/02/2008,BFM,AL,ASO,CE,Federal Contract Tower,6,1,12,11,30,0,10,58,14,82,6,11,70,25,112,22,14,36,148
02/03/2008,BFM,AL,ASO,CE,Federal Contract Tower,2,0,7,18,27,0,7,25,8,40,2,7,32,26,67,36,0,36,103
02/04/2008,BFM,AL,ASO,CE,Federal Contract Tower,12,13,5,23,53,0,4,31,49,84,12,17,36,72,137,36,74,110,247
02/05/2008,BFM,AL,ASO,CE,Federal Contract Tower,11,18,13,18,60,0,2,1,2,5,11,20,14,20,65,0,0,0,65
02/06/2008,BFM,AL,ASO,CE,Federal Contract Tower,17,19,15,22,73,0,5,26,59,90,17,24,41,81,163,16,88,104,267
02/07/2008,BFM,AL,ASO,CE,Federal Contract Tower,16,20,36,38,110,0,3,66,39,108,16,23,102,77,218,66,72,138,356
02/08/2008,BFM,AL,ASO,CE,Federal Contract Tower,12,15,18,22,67,0,5,74,47,126,12,20,92,69,193,46,56,102,295
02/09/2008,BFM,AL,ASO,CE,Federal Contract Tower,7,6,7,1,21,0,14,70,4,88,7,20,77,5,109,124,0,124,233
02/10/2008,BFM,AL,ASO,CE,Federal Contract Tower,6,0,17,5,28,0,2,53,28,83,6,2,70,33,111,64,78,142,253
02/11/2008,BFM,AL,ASO,CE,Federal Contract Tower,2,15,22,34,73,0,8,63,44,115,2,23,85,78,188,84,156,240,428
02/12/2008,BFM,AL,ASO,CE,Federal Contract Tower,11,21,14,8,54,0,5,20,20,45,11,26,34,28,99,46,114,160,259
02/13/2008,BFM,AL,ASO,CE,Federal Contract Tower,9,21,26,31,87,0,5,26,68,99,9,26,52,99,186,6,176,182,368
02/14/2008,BFM,AL,ASO,CE,Federal Contract Tower,11,22,22,49,104,1,10,76,53,140,12,32,98,102,244,72,148,220,464
02/15/2008,BFM,AL,ASO,CE,Federal Contract Tower,11,14,29,34,88,0,4,45,21,70,11,18,74,55,158,110,72,182,340
02/16/2008,BFM,AL,ASO,CE,Federal Contract Tower,7,2,16,8,33,0,12,57,0,69,7,14,73,8,102,112,0,112,214
02/17/2008,BFM,AL,ASO,CE,Federal Contract Tower,3,0,5,0,8,0,1,9,0,10,3,1,14,0,18,8,0,8,26
02/18/2008,BFM,AL,ASO,CE,Federal Contract Tower,4,11,18,8,41,0,3,39,10,52,4,14,57,18,93,60,38,98,191
02/19/2008,BFM,AL,ASO,CE,Federal Contract Tower,13,12,28,10,63,0,11,56,44,111,13,23,84,54,174,58,84,142,316
02/20/2008,BFM,AL,ASO,CE,Federal Contract Tower,8,16,32,24,80,1,5,62,43,111,9,21,94,67,191,52,122,174,365
02/21/2008,BFM,AL,ASO,CE,Federal Contract Tower,12,15,18,0,45,0,9,0,4,13,12,24,18,4,58,0,20,20,78
02/22/2008,BFM,AL,ASO,CE,Federal Contract Tower,6,18,15,5,44,0,6,0,1,7,6,24,15,6,51,0,0,0,51
02/23/2008,BFM,AL,ASO,CE,Federal Contract Tower,5,3,8,7,23,0,6,55,9,70,5,9,63,16,93,42,4,46,139
02/24/2008,BFM,AL,ASO,CE,Federal Contract Tower,2,0,12,15,29,0,4,52,10,66,2,4,64,25,95,76,0,76,171
02/25/2008,BFM,AL,ASO,CE,Federal Contract Tower,3,13,30,29,75,0,5,28,36,69,3,18,58,65,144,14,118,132,276
02/26/2008,BFM,AL,ASO,CE,Federal Contract Tower,9,17,19,27,72,0,6,36,44,86,9,23,55,71,158,0,90,90,248
02/27/2008,BFM,AL,ASO,CE,Federal Contract Tower,8,15,48,18,89,0,6,55,38,99,8,21,103,56,188,30,140,170,358
02/28/2008,BFM,AL,ASO,CE,Federal Contract Tower,8,13,37,8,66,0,7,83,66,156,8,20,120,74,222,118,222,340,562
02/29/2008,BFM,AL,ASO,CE,Federal Contract Tower,12,15,24,27,78,1,5,60,35,101,13,20,84,62,179,90,36,126,305
03/01/2008,BFM,AL,ASO,CE,Federal Contract Tower,5,3,9,0,17,0,3,54,6,63,5,6,63,6,80,114,32,146,226
03/02/2008,BFM,AL,ASO,CE,Federal Contract Tower,2,4,24,4,34,0,9,44,11,64,2,13,68,15,98,14,50,64,162
03/03/2008,BFM,AL,ASO,CE,Federal Contract Tower,2,14,22,7,45,0,2,22,26,50,2,16,44,33,95,26,136,162,257
03/04/2008,BFM,AL,ASO,CE,Federal Contract Tower,9,19,24,15,67,0,4,8,56,68,9,23,32,71,135,0,120,120,255
03/05/2008,BFM,AL,ASO,CE,Federal Contract Tower,7,15,38,30,90,0,9,67,45,121,7,24,105,75,211,64,172,236,447
03/06/2008,BFM,AL,ASO,CE,Federal Contract Tower,9,15,51,14,89,0,12,50,63,125,9,27,101,77,214,68,378,446,660
03/07/2008,BFM,AL,ASO,CE,Federal Contract Tower,11,15,26,58,110,0,6,35,20,61,11,21,61,78,171,80,102,182,353
03/08/2008,BFM,AL,ASO,CE,Federal Contract Tower,5,0,15,0,20,0,4,67,4,75,5,4,82,4,95,144,0,144,239
03/09/2008,BFM,AL,ASO,CE,Federal Contract Tower,2,0,5,11,18,0,13,41,7,61,2,13,46,18,79,20,16,36,115
03/10/2008,BFM,AL,ASO,CE,Federal Contract Tower,2,9,21,15,47,0,7,68,30,105,2,16,89,45,152,82,120,202,354
03/11/2008,BFM,AL,ASO,CE,Federal Contract Tower,8,13,19,21,61,0,16,46,37,99,8,29,65,58,160,78,146,224,384
03/12/2008,BFM,AL,ASO,CE,Federal Contract Tower,8,14,31,16,69,0,8,75,30,113,8,22,106,46,182,82,104,186,368
03/13/2008,BFM,AL,ASO,CE,Federal Contract Tower,8,16,22,14,60,0,11,87,45,143,8,27,109,59,203,136,138,274,477
03/14/2008,BFM,AL,ASO,CE,Federal Contract Tower,13,14,19,14,60,0,3,25,9,37,13,17,44,23,97,26,24,50,147
03/15/2008,BFM,AL,ASO,CE,Federal Contract Tower,6,2,15,0,23,0,1,8,0,9,6,3,23,0,32,0,0,0,32
03/16/2008,BFM,AL,ASO,CE,Federal Contract Tower,2,0,15,4,21,0,3,46,15,64,2,3,61,19,85,50,4,54,139
03/17/2008,BFM,AL,ASO,CE,Federal Contract Tower,4,11,24,6,45,0,5,36,14,55,4,16,60,20,100,44,0,44,144
03/18/2008,BFM,AL,ASO,CE,Federal Contract Tower,8,16,10,16,50,0,7,9,20,36,8,23,19,36,86,0,50,50,136
03/19/2008,BFM,AL,ASO,CE,Federal Contract Tower,10,15,18,3,46,0,4,16,7,27,10,19,34,10,73,32,34,66,139
03/20/2008,BFM,AL,ASO,CE,Federal Contract Tower,11,12,27,24,74,0,9,78,26,113,11,21,105,50,187,46,114,160,347
03/21/2008,BFM,AL,ASO,CE,Federal Contract Tower,10,14,27,33,84,0,8,83,18,109,10,22,110,51,193,170,12,182,375
03/22/2008,BFM,AL,ASO,CE,Federal Contract Tower,8,3,20,1,32,0,15,70,0,85,8,18,90,1,117,78,0,78,195
03/23/2008,BFM,AL,ASO,CE,Federal Contract Tower,2,0,2,10,14,0,11,14,5,30,2,11,16,15,44,6,0,6,50
03/24/2008,BFM,AL,ASO,CE,Federal Contract Tower,5,12,26,47,90,0,7,39,45,91,5,19,65,92,181,104,32,136,317
03/25/2008,BFM,AL,ASO,CE,Federal Contract Tower,10,15,23,33,81,0,12,80,41,133,10,27,103,74,214,188,112,300,514
03/26/2008,BFM,AL,ASO,CE,Federal Contract Tower,13,15,23,24,75,0,15,65,29,109,13,30,88,53,184,146,174,320,504
03/27/2008,BFM,AL,ASO,CE,Federal Contract Tower,10,16,22,21,69,0,10,64,54,128,10,26,86,75,197,108,74,182,379
03/28/2008,BFM,AL,ASO,CE,Federal Contract Tower,11,18,18,21,68,0,3,43,29,75,11,21,61,50,143,138,82,220,363
03/29/2008,BFM,AL,ASO,CE,Federal Contract Tower,4,3,12,2,21,0,4,17,0,21,4,7,29,2,42,98,0,98,140
03/30/2008,BFM,AL,ASO,CE,Federal Contract Tower,5,4,11,7,27,0,11,47,5,63,5,15,58,12,90,6,16,22,112
03/31/2008,BFM,AL,ASO,CE,Federal Contract Tower,2,10,12,16,40,0,6,2,11,19,2,16,14,27,59,38,40,78,137
04/01/2008,BFM,AL,ASO,CE,Federal Contract Tower,8,20,24,9,61,0,2,4,2,8,8,22,28,11,69,10,0,10,79
04/02/2008,BFM,AL,ASO,CE,Federal Contract Tower,8,16,26,25,75,0,6,31,41,78,8,22,57,66,153,66,26,92,245
04/03/2008,BFM,AL,ASO,CE,Federal Contract Tower,10,14,24,17,65,0,8,14,27,49,10,22,38,44,114,62,28,90,204
04/04/2008,BFM,AL,ASO,CE,Federal Contract Tower,17,18,29,21,85,0,2,4,2,8,17,20,33,23,93,6,0,6,99
04/05/2008,BFM,AL,ASO,CE,Federal Contract Tower,6,3,6,1,16,0,5,0,0,5,6,8,6,1,21,0,0,0,21
04/06/2008,BFM,AL,ASO,CE,Federal Contract Tower,4,4,14,20,42,0,9,40,4,53,4,13,54,24,95,128,10,138,233
04/07/2008,BFM,AL,ASO,CE,Federal Contract Tower,5,13,23,24,65,0,5,68,51,124,5,18,91,75,189,38,158,196,385
04/08/2008,BFM,AL,ASO,CE,Federal Contract Tower,14,19,24,26,83,0,4,52,43,99,14,23,76,69,182,108,90,198,380
04/09/2008,BFM,AL,ASO,CE,Federal Contract Tower,14,23,18,42,97,0,7,36,17,60,14,30,54,59,157,84,64,148,305
04/10/2008,BFM,AL,ASO,CE,Federal Contract Tower,7,21,21,40,89,0,4,36,39,79,7,25,57,79,168,38,188,226,394
04/11/2008,BFM,AL,ASO,CE,Federal Contract Tower,9,14,19,17,59,0,13,13,24,50,9,27,32,41,109,0,80,80,189
04/12/2008,BFM,AL,ASO,CE,Federal Contract Tower,4,0,16,9,29,0,4,37,1,42,4,4,53,10,71,10,0,10,81
04/13/2008,BFM,AL,ASO,CE,Federal Contract Tower,3,2,10,1,16,0,3,49,21,73,3,5,59,22,89,14,0,14,103
04/14/2008,BFM,AL,ASO,CE,Federal Contract Tower,3,10,21,52,86,0,11,63,38,112,3,21,84,90,198,60,132,192,390
04/15/2008,BFM,AL,ASO,CE,Federal Contract Tower,8,14,27,25,74,0,6,70,39,115,8,20,97,64,189,74,124,198,387
04/16/2008,BFM,AL,ASO,CE,Federal Contract Tower,8,21,45,42,116,0,9,63,27,99,8,30,108,69,215,50,18,68,283
04/17/2008,BFM,AL,ASO,CE,Federal Contract Tower,12,17,24,26,79,0,4,56,53,113,12,21,80,79,192,128,198,326,518
04/18/2008,BFM,AL,ASO,CE,Federal Contract Tower,8,14,22,12,56,0,9,45,21,75,8,23,67,33,131,58,78,136,267
04/19/2008,BFM,AL,ASO,CE,Federal Contract Tower,4,1,9,8,22,0,6,67,12,85,4,7,76,20,107,122,46,168,275
04/20/2008,BFM,AL,ASO,CE,Federal Contract Tower,2,0,11,15,28,0,6,38,5,49,2,6,49,20,77,12,20,32,109
04/21/2008,BFM,AL,ASO,CE,Federal Contract Tower,3,18,15,30,66,0,2,57,51,110,3,20,72,81,176,54,98,152,328
04/22/2008,BFM,AL,ASO,CE,Federal Contract Tower,10,18,27,30,85,0,7,60,60,127,10,25,87,90,212,144,166,310,522
04/23/2008,BFM,AL,ASO,CE,Federal Contract Tower,12,17,24,19,72,2,9,65,45,121,14,26,89,64,193,128,58,186,379
04/24/2008,BFM,AL,ASO,CE,Federal Contract Tower,12,18,23,14,67,0,5,73,44,122,12,23,96,58,189,116,98,214,403
04/25/2008,BFM,AL,ASO,CE,Federal Contract Tower,11,18,30,20,79,0,4,72,45,121,11,22,102,65,200,170,66,236,436
04/26/2008,BFM,AL,ASO,CE,Federal Contract Tower,4,0,11,0,15,0,10,32,0,42,4,10,43,0,57,22,0,22,79
04/27/2008,BFM,AL,ASO,CE,Federal Contract Tower,5,2,11,1,19,0,4,10,5,19,5,6,21,6,38,2,0,2,40
04/28/2008,BFM,AL,ASO,CE,Federal Contract Tower,2,10,8,51,71,0,12,37,46,95,2,22,45,97,166,36,82,118,284
04/29/2008,BFM,AL,ASO,CE,Federal Contract Tower,13,18,10,29,70,0,8,60,54,122,13,26,70,83,192,96,106,202,394
04/30/2008,BFM,AL,ASO,CE,Federal Contract Tower,8,14,26,32,80,0,12,71,63,146,8,26,97,95,226,114,208,322,548
05/01/2008,BFM,AL,ASO,CE,Federal Contract Tower,10,15,25,16,66,0,10,50,49,109,10,25,75,65,175,68,164,232,407
05/02/2008,BFM,AL,ASO,CE,Federal Contract Tower,11,15,17,11,54,0,5,17,15,37,11,20,34,26,91,12,56,68,159
05/03/2008,BFM,AL,ASO,CE,Federal Contract Tower,4,1,8,0,13,0,2,7,1,10,4,3,15,1,23,0,0,0,23
05/04/2008,BFM,AL,ASO,CE,Federal Contract Tower,2,0,6,2,10,0,3,58,2,63,2,3,64,4,73,62,6,68,141
05/05/2008,BFM,AL,ASO,CE,Federal Contract Tower,4,15,24,24,67,0,9,61,49,119,4,24,85,73,186,66,106,172,358
05/06/2008,BFM,AL,ASO,CE,Federal Contract Tower,9,20,32,8,69,0,9,70,49,128,9,29,102,57,197,110,46,156,353
05/07/2008,BFM,AL,ASO,CE,Federal Contract Tower,8,13,28,33,82,0,25,66,36,127,8,38,94,69,209,70,138,208,417
05/08/2008,BFM,AL,ASO,CE,Federal Contract Tower,11,19,37,20,87,0,15,18,38,71,11,34,55,58,158,14,48,62,220
05/09/2008,BFM,AL,ASO,CE,Federal Contract Tower,10,21,35,6,72,0,9,72,23,104,10,30,107,29,176,58,90,148,324
05/10/2008,BFM,AL,ASO,CE,Federal Contract Tower,6,0,12,1,19,0,7,20,2,29,6,7,32,3,48,26,12,38,86
05/11/2008,BFM,AL,ASO,CE,Federal Contract Tower,2,0,8,16,26,0,2,12,2,16,2,2,20,18,42,0,10,10,52
05/12/2008,BFM,AL,ASO,CE,Federal Contract Tower,5,16,25,43,89,0,5,70,41,116,5,21,95,84,205,84,88,172,377
05/13/2008,BFM,AL,ASO,CE,Federal Contract Tower,8,16,20,41,85,0,8,47,47,102,8,24,67,88,187,100,98,198,385
05/14/2008,BFM,AL,ASO,CE,Federal Contract Tower,14,16,15,13,58,0,12,46,56,114,14,28,61,69,172,42,124,166,338
05/15/2008,BFM,AL,ASO,CE,Federal Contract Tower,10,19,10,1,40,0,5,13,19,37,10,24,23,20,77,30,18,48,125
05/16/2008,BFM,AL,ASO,CE,Federal Contract Tower,12,21,16,13,62,0,3,0,18,21,12,24,16,31,83,0,62,62,145
05/17/2008,BFM,AL,ASO,CE,Federal Contract Tower,4,1,14,1,20,0,8,46,12,66,4,9,60,13,86,54,16,70,156
05/18/2008,BFM,AL,ASO,CE,Federal Contract Tower,3,2,6,5,16,0,15,35,6,56,3,17,41,11,72,12,0,12,84
05/19/2008,BFM,AL,ASO,CE,Federal Contract Tower,10,11,14,17,52,0,9,54,43,106,10,20,68,60,158,46,126,172,330
05/20/2008,BFM,AL,ASO,CE,Federal Contract Tower,11,12,27,31,81,0,28,36,57,121,11,40,63,88,202,10,106,116,318
05/21/2008,BFM,AL,ASO,CE,Federal Contract Tower,9,22,48,24,103,0,12,42,26,80,9,34,90,50,183,78,54,132,315
05/22/2008,BFM,AL,ASO,CE,Federal Contract Tower,11,14,23,5,53,0,7,25,25,57,11,21,48,30,110,32,102,134,244
05/23/2008,BFM,AL,ASO,CE,Federal Contract Tower,17,14,24,1,56,0,10,24,14,48,17,24,48,15,104,24,16,40,144
05/24/2008,BFM,AL,ASO,CE,Federal Contract Tower,7,0,5,6,18,0,6,18,3,27,7,6,23,9,45,34,8,42,87
05/25/2008,BFM,AL,ASO,CE,Federal Contract Tower,3,0,3,0,6,0,2,15,10,27,3,2,18,10,33,14,0,14,47
05/26/2008,BFM,AL,ASO,CE,Federal Contract Tower,1,2,8,0,11,2,4,26,0,32,3,6,34,0,43,4,0,4,47
05/27/2008,BFM,AL,ASO,CE,Federal Contract Tower,2,12,31,15,60,0,3,52,54,109,2,15,83,69,169,20,84,104,273
05/28/2008,BFM,AL,ASO,CE,Federal Contract Tower,11,17,19,42,89,0,12,55,64,131,11,29,74,106,220,44,82,126,346
05/29/2008,BFM,AL,ASO,CE,Federal Contract Tower,8,14,28,28,78,0,8,43,39,90,8,22,71,67,168,52,104,156,324
05/30/2008,BFM,AL,ASO,CE,Federal Contract Tower,12,13,17,13,55,0,13,54,40,107,12,26,71,53,162,52,110,162,324
05/31/2008,BFM,AL,ASO,CE,Federal Contract Tower,4,3,15,0,22,0,12,49,8,69,4,15,64,8,91,36,0,36,127
06/01/2008,BFM,AL,ASO,CE,Federal Contract Tower,3,0,10,5,18,0,9,26,8,43,3,9,36,13,61,12,0,12,73
06/02/2008,BFM,AL,ASO,CE,Federal Contract Tower,2,11,11,29,53,0,11,62,39,112,2,22,73,68,165,52,172,224,389
06/03/2008,BFM,AL,ASO,CE,Federal Contract Tower,7,17,30,26,80,0,12,43,58,113,7,29,73,84,193,34,100,134,327
06/04/2008,BFM,AL,ASO,CE,Federal Contract Tower,8,16,43,15,82,0,10,39,34,83,8,26,82,49,165,92,118,210,375
06/05/2008,BFM,AL,ASO,CE,Federal Contract Tower,8,17,32,52,109,0,4,60,46,110,8,21,92,98,219,54,118,172,391
06/06/2008,BFM,AL,ASO,CE,Federal Contract Tower,9,13,26,45,93,0,16,60,34,110,9,29,86,79,203,144,74,218,421
06/07/2008,BFM,AL,ASO,CE,Federal Contract Tower,6,0,10,0,16,0,7,47,0,54,6,7,57,0,70,152,0,152,222
06/08/2008,BFM,AL,ASO,CE,Federal Contract Tower,2,0,11,8,21,0,3,19,3,25,2,3,30,11,46,8,0,8,54
06/09/2008,BFM,AL,ASO,CE,Federal Contract Tower,4,9,17,12,42,0,7,39,20,66,4,16,56,32,108,142,48,190,298
06/10/2008,BFM,AL,ASO,CE,Federal Contract Tower,9,17,16,10,52,0,8,44,49,101,9,25,60,59,153,118,76,194,347
06/11/2008,BFM,AL,ASO,CE,Federal Contract Tower,10,19,26,13,68,0,7,48,27,82,10,26,74,40,150,46,64,110,260
06/12/2008,BFM,AL,ASO,CE,Federal Contract Tower,12,15,27,13,67,0,8,55,28,91,12,23,82,41,158,64,48,112,270
06/13/2008,BFM,AL,ASO,CE,Federal Contract Tower,13,15,29,12,69,0,5,36,12,53,13,20,65,24,122,52,28,80,202
06/14/2008,BFM,AL,ASO,CE,Federal Contract Tower,7,0,4,0,11,0,2,17,0,19,7,2,21,0,30,8,0,8,38
06/15/2008,BFM,AL,ASO,CE,Federal Contract Tower,7,0,5,3,15,0,3,4,1,8,7,3,9,4,23,4,0,4,27
06/16/2008,BFM,AL,ASO,CE,Federal Contract Tower,9,11,11,30,61,5,9,60,73,147,14,20,71,103,208,48,82,130,338
06/17/2008,BFM,AL,ASO,CE,Federal Contract Tower,12,19,30,40,101,7,9,25,34,75,19,28,55,74,176,30,26,56,232
06/18/2008,BFM,AL,ASO,CE,Federal Contract Tower,11,20,28,42,101,6,16,47,46,115,17,36,75,88,216,48,188,236,452
06/19/2008,BFM,AL,ASO,CE,Federal Contract Tower,9,16,28,17,70,0,8,52,50,110,9,24,80,67,180,44,178,222,402
06/20/2008,BFM,AL,ASO,CE,Federal Contract Tower,7,15,15,32,69,0,7,63,31,101,7,22,78,63,170,52,150,202,372
06/21/2008,BFM,AL,ASO,CE,Federal Contract Tower,4,0,4,0,8,2,9,17,9,37,6,9,21,9,45,16,6,22,67
06/22/2008,BFM,AL,ASO,CE,Federal Contract Tower,4,0,9,8,21,0,5,23,5,33,4,5,32,13,54,18,4,22,76
06/23/2008,BFM,AL,ASO,CE,Federal Contract Tower,6,12,13,34,65,0,18,49,70,137,6,30,62,104,202,84,188,272,474
06/24/2008,BFM,AL,ASO,CE,Federal Contract Tower,10,14,34,34,92,0,15,68,69,152,10,29,102,103,244,30,50,80,324
06/25/2008,BFM,AL,ASO,CE,Federal Contract Tower,7,16,15,9,47,0,15,53,33,101,7,31,68,42,148,58,76,134,282
06/26/2008,BFM,AL,ASO,CE,Federal Contract Tower,8,13,22,8,51,0,5,42,24,71,8,18,64,32,122,34,64,98,220
06/27/2008,BFM,AL,ASO,CE,Federal Contract Tower,11,17,14,19,61,4,9,61,30,104,15,26,75,49,165,68,40,108,273
06/28/2008,BFM,AL,ASO,CE,Federal Contract Tower,4,0,11,4,19,0,4,49,0,53,4,4,60,4,72,50,0,50,122
06/29/2008,BFM,AL,ASO,CE,Federal Contract Tower,3,1,8,1,13,0,2,12,0,14,3,3,20,1,27,8,0,8,35
06/30/2008,BFM,AL,ASO,CE,Federal Contract Tower,2,16,11,11,40,0,7,44,16,67,2,23,55,27,107,74,38,112,219
07/01/2008,BFM,AL,ASO,CE,Federal Contract Tower,11,12,13,36,72,0,15,59,50,124,11,27,72,86,196,98,194,292,488
07/02/2008,BFM,AL,ASO,CE,Federal Contract Tower,9,20,26,40,95,0,8,52,35,95,9,28,78,75,190,86,190,276,466
07/03/2008,BFM,AL,ASO,CE,Federal Contract Tower,11,12,14,8,45,0,10,47,4,61,11,22,61,12,106,40,18,58,164
07/04/2008,BFM,AL,ASO,CE,Federal Contract Tower,0,0,4,0,4,0,5,9,0,14,0,5,13,0,18,20,0,20,38
07/05/2008,BFM,AL,ASO,CE,Federal Contract Tower,4,0,4,0,8,0,6,18,0,24,4,6,22,0,32,40,0,40,72
07/06/2008,BFM,AL,ASO,CE,Federal Contract Tower,4,0,6,0,10,0,5,17,0,22,4,5,23,0,32,26,0,26,58
07/07/2008,BFM,AL,ASO,CE,Federal Contract Tower,3,12,15,37,67,0,8,43,35,86,3,20,58,72,153,74,120,194,347
07/08/2008,BFM,AL,ASO,CE,Federal Contract Tower,8,18,22,20,68,0,10,55,15,80,8,28,77,35,148,108,70,178,326
07/09/2008,BFM,AL,ASO,CE,Federal Contract Tower,8,20,20,22,70,0,11,57,26,94,8,31,77,48,164,76,58,134,298
07/10/2008,BFM,AL,ASO,CE,Federal Contract Tower,7,16,14,14,51,0,4,38,17,59,7,20,52,31,110,100,154,254,364
07/11/2008,BFM,AL,ASO,CE,Federal Contract Tower,11,14,20,14,59,0,4,46,11,61,11,18,66,25,120,70,72,142,262
07/12/2008,BFM,AL,ASO,CE,Federal Contract Tower,4,0,9,3,16,0,6,38,1,45,4,6,47,4,61,34,0,34,95
07/13/2008,BFM,AL,ASO,CE,Federal Contract Tower,4,0,14,3,21,0,5,13,1,19,4,5,27,4,40,8,8,16,56
07/14/2008,BFM,AL,ASO,CE,Federal Contract Tower,2,12,18,23,55,0,6,37,25,68,2,18,55,48,123,34,128,162,285
07/15/2008,BFM,AL,ASO,CE,Federal Contract Tower,7,18,17,68,110,0,11,49,35,95,7,29,66,103,205,26,188,214,419
07/16/2008,BFM,AL,ASO,CE,Federal Contract Tower,10,19,23,22,74,0,3,50,17,70,10,22,73,39,144,38,150,188,332
07/17/2008,BFM,AL,ASO,CE,Federal Contract Tower,10,17,27,24,78,0,7,42,24,73,10,24,69,48,151,42,138,180,331
07/18/2008,BFM,AL,ASO,CE,Federal Contract Tower,8,15,37,20,80,0,9,34,23,66,8,24,71,43,146,22,64,86,232
07/19/2008,BFM,AL,ASO,CE,Federal Contract Tower,7,0,14,20,41,0,4,20,2,26,7,4,34,22,67,56,0,56,123
07/20/2008,BFM,AL,ASO,CE,Federal Contract Tower,3,0,13,16,32,0,7,32,4,43,3,7,45,20,75,34,0,34,109
07/21/2008,BFM,AL,ASO,CE,Federal Contract Tower,5,11,15,16,47,0,3,41,16,60,5,14,56,32,107,48,46,94,201
07/22/2008,BFM,AL,ASO,CE,Federal Contract Tower,11,18,15,20,64,0,5,35,21,61,11,23,50,41,125,54,114,168,293
07/23/2008,BFM,AL,ASO,CE,Federal Contract Tower,11,16,22,3,52,0,5,43,8,56,11,21,65,11,108,62,102,164,272
07/24/2008,BFM,AL,ASO,CE,Federal Contract Tower,9,16,22,45,92,0,6,53,27,86,9,22,75,72,178,60,158,218,396
07/25/2008,BFM,AL,ASO,CE,Federal Contract Tower,9,16,28,10,63,0,5,48,5,58,9,21,76,15,121,34,74,108,229
07/26/2008,BFM,AL,ASO,CE,Federal Contract Tower,5,2,6,3,16,0,4,25,1,30,5,6,31,4,46,26,12,38,84
07/27/2008,BFM,AL,ASO,CE,Federal Contract Tower,8,1,16,0,25,0,8,8,2,18,8,9,24,2,43,14,4,18,61
07/28/2008,BFM,AL,ASO,CE,Federal Contract Tower,9,13,18,5,45,0,5,46,22,73,9,18,64,27,118,64,82,146,264
07/29/2008,BFM,AL,ASO,CE,Federal Contract Tower,12,17,24,33,86,2,6,36,38,82,14,23,60,71,168,60,238,298,466
07/30/2008,BFM,AL,ASO,CE,Federal Contract Tower,12,14,19,46,91,0,7,32,32,71,12,21,51,78,162,34,188,222,384
07/31/2008,BFM,AL,ASO,CE,Federal Contract Tower,8,18,22,16,64,0,4,35,10,49,8,22,57,26,113,48,12,60,173
08/01/2008,BFM,AL,ASO,CE,Federal Contract Tower,9,14,33,8,64,0,4,16,2,22,9,18,49,10,86,32,14,46,132
08/02/2008,BFM,AL,ASO,CE,Federal Contract Tower,5,0,16,3,24,0,5,34,0,39,5,5,50,3,63,38,0,38,101
08/03/2008,BFM,AL,ASO,CE,Federal Contract Tower,3,0,18,2,23,14,3,25,0,42,17,3,43,2,65,56,0,56,121
08/04/2008,BFM,AL,ASO,CE,Federal Contract Tower,8,12,15,32,67,0,2,31,14,47,8,14,46,46,114,48,144,192,306
08/05/2008,BFM,AL,ASO,CE,Federal Contract Tower,8,17,15,42,82,0,4,64,38,106,8,21,79,80,188,68,140,208,396
08/06/2008,BFM,AL,ASO,CE,Federal Contract Tower,9,16,23,30,78,0,13,57,17,87,9,29,80,47,165,62,122,184,349
08/07/2008,BFM,AL,ASO,CE,Federal Contract Tower,10,13,13,49,85,0,7,50,23,80,10,20,63,72,165,44,52,96,261
08/08/2008,BFM,AL,ASO,CE,Federal Contract Tower,8,15,16,32,71,0,4,41,22,67,8,19,57,54,138,42,138,180,318
08/09/2008,BFM,AL,ASO,CE,Federal Contract Tower,4,0,9,10,23,0,3,40,4,47,4,3,49,14,70,32,12,44,114
08/10/2008,BFM,AL,ASO,CE,Federal Contract Tower,2,0,5,5,12,0,3,32,1,36,2,3,37,6,48,30,6,36,84
08/11/2008,BFM,AL,ASO,CE,Federal Contract Tower,2,10,15,1,28,0,3,2,1,6,2,13,17,2,34,0,40,40,74
08/12/2008,BFM,AL,ASO,CE,Federal Contract Tower,9,17,19,8,53,0,6,6,0,12,9,23,25,8,65,0,0,0,65
08/13/2008,BFM,AL,ASO,CE,Federal Contract Tower,13,12,19,34,78,0,10,17,19,46,13,22,36,53,124,24,120,144,268
08/14/2008,BFM,AL,ASO,CE,Federal Contract Tower,16,15,18,27,76,0,6,64,28,98,16,21,82,55,174,42,168,210,384
08/15/2008,BFM,AL,ASO,CE,Federal Contract Tower,9,13,27,21,70,0,10,45,13,68,9,23,72,34,138,58,52,110,248
08/16/2008,BFM,AL,ASO,CE,Federal Contract Tower,4,0,3,0,7,0,5,22,2,29,4,5,25,2,36,56,0,56,92
08/17/2008,BFM,AL,ASO,CE,Federal Contract Tower,2,2,9,7,20,0,2,15,6,23,2,4,24,13,43,18,0,18,61
08/18/2008,BFM,AL,ASO,CE,Federal Contract Tower,2,11,17,7,37,0,6,33,13,52,2,17,50,20,89,88,62,150,239
08/19/2008,BFM,AL,ASO,CE,Federal Contract Tower,13,16,24,16,69,8,6,34,26,74,21,22,58,42,143,40,130,170,313
08/20/2008,BFM,AL,ASO,CE,Federal Contract Tower,7,18,30,25,80,0,8,46,35,89,7,26,76,60,169,118,154,272,441
08/21/2008,BFM,AL,ASO,CE,Federal Contract Tower,9,12,26,29,76,0,11,42,38,91,9,23,68,67,167,88,94,182,349
08/22/2008,BFM,AL,ASO,CE,Federal Contract Tower,7,13,7,29,56,0,6,39,10,55,7,19,46,39,111,44,14,58,169
08/23/2008,BFM,AL,ASO,CE,Federal Contract Tower,6,0,3,0,9,0,0,1,0,1,6,0,4,0,10,0,0,0,10
08/24/2008,BFM,AL,ASO,CE,Federal Contract Tower,2,0,5,3,10,0,0,0,4,4,2,0,5,7,14,0,0,0,14
08/25/2008,BFM,AL,ASO,CE,Federal Contract Tower,2,12,9,0,23,0,3,1,0,4,2,15,10,0,27,0,0,0,27
08/26/2008,BFM,AL,ASO,CE,Federal Contract Tower,10,21,25,42,98,0,6,25,44,75,10,27,50,86,173,24,196,220,393
08/27/2008,BFM,AL,ASO,CE,Federal Contract Tower,9,15,24,28,76,0,5,44,19,68,9,20,68,47,144,38,124,162,306
08/28/2008,BFM,AL,ASO,CE,Federal Contract Tower,8,16,21,28,73,0,6,45,18,69,8,22,66,46,142,32,182,214,356
08/29/2008,BFM,AL,ASO,CE,Federal Contract Tower,8,10,27,5,50,0,6,49,1,56,8,16,76,6,106,52,0,52,158
08/30/2008,BFM,AL,ASO,CE,Federal Contract Tower,5,0,15,0,20,0,4,26,0,30,5,4,41,0,50,22,0,22,72
08/31/2008,BFM,AL,ASO,CE,Federal Contract Tower,3,1,6,0,10,0,2,9,0,11,3,3,15,0,21,0,0,0,21
09/01/2008,BFM,AL,ASO,CE,Federal Contract Tower,0,0,0,0,0,0,0,0,0,0,0,0,0,0,0,0,0,0,0
09/02/2008,BFM,AL,ASO,CE,Federal Contract Tower,6,15,9,0,30,0,5,20,3,28,6,20,29,3,58,2,0,2,60
09/03/2008,BFM,AL,ASO,CE,Federal Contract Tower,10,25,16,4,55,0,9,22,7,38,10,34,38,11,93,2,6,8,101
09/04/2008,BFM,AL,ASO,CE,Federal Contract Tower,9,13,20,33,75,0,9,45,1,55,9,22,65,34,130,40,122,162,292
09/05/2008,BFM,AL,ASO,CE,Federal Contract Tower,10,16,21,8,55,0,9,41,5,55,10,25,62,13,110,82,28,110,220
09/06/2008,BFM,AL,ASO,CE,Federal Contract Tower,4,2,10,16,32,0,10,46,14,70,4,12,56,30,102,116,82,198,300
09/07/2008,BFM,AL,ASO,CE,Federal Contract Tower,3,1,9,6,19,0,12,32,21,65,3,13,41,27,84,66,18,84,168
09/08/2008,BFM,AL,ASO,CE,Federal Contract Tower,6,11,22,19,58,1,14,37,29,81,7,25,59,48,139,82,164,246,385
09/09/2008,BFM,AL,ASO,CE,Federal Contract Tower,9,18,19,9,55,0,17,38,14,69,9,35,57,23,124,48,152,200,324
09/10/2008,BFM,AL,ASO,CE,Federal Contract Tower,11,16,22,22,71,0,31,43,12,86,11,47,65,34,157,80,200,280,437
09/11/2008,BFM,AL,ASO,CE,Federal Contract Tower,11,15,14,26,66,0,4,11,22,37,11,19,25,48,103,0,100,100,203
09/12/2008,BFM,AL,ASO,CE,Federal Contract Tower,7,12,8,4,31,0,3,0,18,21,7,15,8,22,52,0,96,96,148
09/13/2008,BFM,AL,ASO,CE,Federal Contract Tower,4,1,6,3,14,0,33,7,2,42,4,34,13,5,56,6,8,14,70
09/14/2008,BFM,AL,ASO,CE,Federal Contract Tower,2,1,9,7,19,0,11,32,18,61,2,12,41,25,80,18,38,56,136
09/15/2008,BFM,AL,ASO,CE,Federal Contract Tower,5,13,25,14,57,0,19,18,15,52,5,32,43,29,109,0,10,10,119
09/16/2008,BFM,AL,ASO,CE,Federal Contract Tower,8,15,25,26,74,0,11,50,9,70,8,26,75,35,144,118,56,174,318
09/17/2008,BFM,AL,ASO,CE,Federal Contract Tower,9,14,9,18,50,0,9,49,27,85,9,23,58,45,135,108,146,254,389
09/18/2008,BFM,AL,ASO,CE,Federal Contract Tower,7,20,31,12,70,0,20,37,11,68,7,40,68,23,138,54,40,94,232
09/19/2008,BFM,AL,ASO,CE,Federal Contract Tower,8,10,17,0,35,0,7,14,2,23,8,17,31,2,58,0,10,10,68
09/20/2008,BFM,AL,ASO,CE,Federal Contract Tower,5,0,12,3,20,0,10,28,0,38,5,10,40,3,58,60,0,60,118
09/21/2008,BFM,AL,ASO,CE,Federal Contract Tower,2,0,11,5,18,0,4,29,1,34,2,4,40,6,52,0,44,44,96
09/22/2008,BFM,AL,ASO,CE,Federal Contract Tower,2,12,15,34,63,0,9,13,26,48,2,21,28,60,111,16,90,106,217
09/23/2008,BFM,AL,ASO,CE,Federal Contract Tower,9,14,20,20,63,0,11,55,16,82,9,25,75,36,145,58,58,116,261
09/24/2008,BFM,AL,ASO,CE,Federal Contract Tower,10,17,27,19,73,0,9,41,25,75,10,26,68,44,148,72,124,196,344
09/25/2008,BFM,AL,ASO,CE,Federal Contract Tower,8,15,48,12,83,0,15,47,17,79,8,30,95,29,162,50,92,142,304
09/26/2008,BFM,AL,ASO,CE,Federal Contract Tower,8,17,26,13,64,0,9,64,5,78,8,26,90,18,142,58,22,80,222
09/27/2008,BFM,AL,ASO,CE,Federal Contract Tower,9,1,5,4,19,0,3,34,1,38,9,4,39,5,57,50,18,68,125
09/28/2008,BFM,AL,ASO,CE,Federal Contract Tower,4,0,10,5,19,7,0,30,5,42,11,0,40,10,61,26,58,84,145
09/29/2008,BFM,AL,ASO,CE,Federal Contract Tower,2,8,20,17,47,0,5,41,9,55,2,13,61,26,102,38,68,106,208
09/30/2008,BFM,AL,ASO,CE,Federal Contract Tower,8,12,15,6,41,0,15,61,7,83,8,27,76,13,124,42,44,86,210
10/01/2008,BFM,AL,ASO,CE,Federal Contract Tower,12,14,26,22,74,2,12,40,39,93,14,26,66,61,167,10,54,64,231
10/02/2008,BFM,AL,ASO,CE,Federal Contract Tower,12,22,22,27,83,2,15,58,15,90,14,37,80,42,173,18,58,76,249
10/03/2008,BFM,AL,ASO,CE,Federal Contract Tower,10,15,36,19,80,0,19,43,7,69,10,34,79,26,149,36,116,152,301
10/04/2008,BFM,AL,ASO,CE,Federal Contract Tower,4,0,17,4,25,0,4,38,2,44,4,4,55,6,69,42,0,42,111
10/05/2008,BFM,AL,ASO,CE,Federal Contract Tower,4,0,14,9,27,0,1,25,10,36,4,1,39,19,63,28,0,28,91
10/06/2008,BFM,AL,ASO,CE,Federal Contract Tower,2,11,24,6,43,0,6,47,21,74,2,17,71,27,117,38,66,104,221
10/07/2008,BFM,AL,ASO,CE,Federal Contract Tower,8,16,16,0,40,0,11,3,0,14,8,27,19,0,54,12,0,12,66
10/08/2008,BFM,AL,ASO,CE,Federal Contract Tower,8,15,21,3,47,0,10,32,11,53,8,25,53,14,100,44,144,188,288
10/09/2008,BFM,AL,ASO,CE,Federal Contract Tower,8,21,23,9,61,0,9,40,42,91,8,30,63,51,152,48,164,212,364
10/10/2008,BFM,AL,ASO,CE,Federal Contract Tower,10,13,21,10,54,0,7,59,11,77,10,20,80,21,131,60,92,152,283
10/11/2008,BFM,AL,ASO,CE,Federal Contract Tower,5,0,8,0,13,0,3,42,0,45,5,3,50,0,58,68,0,68,126
10/12/2008,BFM,AL,ASO,CE,Federal Contract Tower,5,3,16,5,29,0,3,8,2,13,5,6,24,7,42,30,6,36,78
10/13/2008,BFM,AL,ASO,CE,Federal Contract Tower,4,10,20,0,34,0,3,20,0,23,4,13,40,0,57,14,0,14,71
10/14/2008,BFM,AL,ASO,CE,Federal Contract Tower,8,13,22,15,58,0,11,38,7,56,8,24,60,22,114,56,40,96,210
10/15/2008,BFM,AL,ASO,CE,Federal Contract Tower,10,16,24,4,54,0,6,33,22,61,10,22,57,26,115,38,58,96,211
10/16/2008,BFM,AL,ASO,CE,Federal Contract Tower,10,20,44,14,88,0,9,58,27,94,10,29,102,41,182,60,98,158,340
10/17/2008,BFM,AL,ASO,CE,Federal Contract Tower,8,13,33,15,69,0,4,36,1,41,8,17,69,16,110,66,34,100,210
10/18/2008,BFM,AL,ASO,CE,Federal Contract Tower,4,0,9,6,19,0,6,48,8,62,4,6,57,14,81,32,0,32,113
10/19/2008,BFM,AL,ASO,CE,Federal Contract Tower,2,0,5,5,12,1,0,2,3,6,3,0,7,8,18,4,0,4,22
10/20/2008,BFM,AL,ASO,CE,Federal Contract Tower,5,14,15,16,50,0,7,58,16,81,5,21,73,32,131,12,16,28,159
10/21/2008,BFM,AL,ASO,CE,Federal Contract Tower,9,18,17,4,48,0,11,52,31,94,9,29,69,35,142,78,76,154,296
10/22/2008,BFM,AL,ASO,CE,Federal Contract Tower,8,15,38,5,66,0,6,49,29,84,8,21,87,34,150,38,80,118,268
10/23/2008,BFM,AL,ASO,CE,Federal Contract Tower,8,14,15,4,41,0,9,8,4,21,8,23,23,8,62,4,26,30,92
10/24/2008,BFM,AL,ASO,CE,Federal Contract Tower,9,15,28,26,78,0,4,3,9,16,9,19,31,35,94,0,76,76,170
10/25/2008,BFM,AL,ASO,CE,Federal Contract Tower,5,5,3,2,15,0,3,39,8,50,5,8,42,10,65,38,42,80,145
10/26/2008,BFM,AL,ASO,CE,Federal Contract Tower,3,0,2,11,16,0,2,28,13,43,3,2,30,24,59,38,58,96,155
10/27/2008,BFM,AL,ASO,CE,Federal Contract Tower,5,7,14,17,43,0,4,26,41,71,5,11,40,58,114,12,192,204,318
10/28/2008,BFM,AL,ASO,CE,Federal Contract Tower,8,13,21,29,71,0,17,47,17,81,8,30,68,46,152,80,54,134,286
10/29/2008,BFM,AL,ASO,CE,Federal Contract Tower,9,13,40,56,118,0,9,48,12,69,9,22,88,68,187,42,72,114,301
10/30/2008,BFM,AL,ASO,CE,Federal Contract Tower,8,15,12,16,51,0,4,49,16,69,8,19,61,32,120,64,136,200,320
10/31/2008,BFM,AL,ASO,CE,Federal Contract Tower,8,13,25,10,56,0,13,57,7,77,8,26,82,17,133,32,78,110,243
11/01/2008,BFM,AL,ASO,CE,Federal Contract Tower,4,1,9,0,14,0,4,50,2,56,4,5,59,2,70,66,8,74,144
11/02/2008,BFM,AL,ASO,CE,Federal Contract Tower,2,0,7,4,13,0,4,31,1,36,2,4,38,5,49,22,0,22,71
11/03/2008,BFM,AL,ASO,CE,Federal Contract Tower,2,15,24,33,74,0,5,37,29,71,2,20,61,62,145,34,184,218,363
11/04/2008,BFM,AL,ASO,CE,Federal Contract Tower,8,13,21,20,62,0,7,5,20,32,8,20,26,40,94,10,66,76,170
11/05/2008,BFM,AL,ASO,CE,Federal Contract Tower,11,13,20,23,67,0,10,49,21,80,11,23,69,44,147,16,48,64,211
11/06/2008,BFM,AL,ASO,CE,Federal Contract Tower,11,9,24,28,72,0,7,49,22,78,11,16,73,50,150,56,76,132,282
11/07/2008,BFM,AL,ASO,CE,Federal Contract Tower,11,11,23,8,53,0,10,24,3,37,11,21,47,11,90,42,10,52,142
11/08/2008,BFM,AL,ASO,CE,Federal Contract Tower,5,1,3,8,17,0,6,41,6,53,5,7,44,14,70,74,10,84,154
11/09/2008,BFM,AL,ASO,CE,Federal Contract Tower,4,5,4,3,16,0,6,26,6,38,4,11,30,9,54,10,24,34,88
11/10/2008,BFM,AL,ASO,CE,Federal Contract Tower,3,14,22,18,57,0,5,40,4,49,3,19,62,22,106,64,20,84,190
11/11/2008,BFM,AL,ASO,CE,Federal Contract Tower,8,9,17,4,38,0,9,53,0,62,8,18,70,4,100,76,0,76,176
11/12/2008,BFM,AL,ASO,CE,Federal Contract Tower,11,16,14,12,53,0,7,7,4,18,11,23,21,16,71,6,38,44,115
11/13/2008,BFM,AL,ASO,CE,Federal Contract Tower,17,12,22,15,66,0,6,21,13,40,17,18,43,28,106,62,46,108,214
11/14/2008,BFM,AL,ASO,CE,Federal Contract Tower,8,10,30,13,61,0,7,28,16,51,8,17,58,29,112,42,20,62,174
11/15/2008,BFM,AL,ASO,CE,Federal Contract Tower,4,0,7,10,21,0,4,16,8,28,4,4,23,18,49,10,60,70,119
11/16/2008,BFM,AL,ASO,CE,Federal Contract Tower,4,0,9,4,17,0,3,45,13,61,4,3,54,17,78,86,52,138,216
11/17/2008,BFM,AL,ASO,CE,Federal Contract Tower,3,10,21,8,42,0,11,43,12,66,3,21,64,20,108,92,188,280,388
11/18/2008,BFM,AL,ASO,CE,Federal Contract Tower,10,12,18,9,49,0,6,51,35,92,10,18,69,44,141,122,116,238,379
11/19/2008,BFM,AL,ASO,CE,Federal Contract Tower,8,13,19,29,69,0,10,60,22,92,8,23,79,51,161,64,170,234,395
11/20/2008,BFM,AL,ASO,CE,Federal Contract Tower,8,11,31,19,69,0,6,48,29,83,8,17,79,48,152,58,82,140,292
11/21/2008,BFM,AL,ASO,CE,Federal Contract Tower,7,16,17,22,62,0,1,43,19,63,7,17,60,41,125,126,116,242,367
11/22/2008,BFM,AL,ASO,CE,Federal Contract Tower,4,0,7,5,16,0,6,47,9,62,4,6,54,14,78,64,14,78,156
11/23/2008,BFM,AL,ASO,CE,Federal Contract Tower,3,0,13,11,27,0,7,33,17,57,3,7,46,28,84,62,104,166,250
11/24/2008,BFM,AL,ASO,CE,Federal Contract Tower,3,13,11,12,39,0,6,32,12,50,3,19,43,24,89,60,30,90,179
11/25/2008,BFM,AL,ASO,CE,Federal Contract Tower,8,14,23,22,67,0,11,39,9,59,8,25,62,31,126,60,32,92,218
11/26/2008,BFM,AL,ASO,CE,Federal Contract Tower,11,8,23,2,44,1,9,50,4,64,12,17,73,6,108,78,40,118,226
11/27/2008,BFM,AL,ASO,CE,Federal Contract Tower,0,0,1,0,1,0,4,14,0,18,0,4,15,0,19,12,0,12,31
11/28/2008,BFM,AL,ASO,CE,Federal Contract Tower,8,14,8,0,30,0,2,6,0,8,8,16,14,0,38,0,0,0,38
11/29/2008,BFM,AL,ASO,CE,Federal Contract Tower,6,0,4,0,10,0,4,1,0,5,6,4,5,0,15,0,0,0,15
11/30/2008,BFM,AL,ASO,CE,Federal Contract Tower,2,0,24,0,26,0,3,13,0,16,2,3,37,0,42,4,0,4,46
12/01/2008,BFM,AL,ASO,CE,Federal Contract Tower,5,14,16,18,53,0,7,30,15,52,5,21,46,33,105,40,70,110,215
12/02/2008,BFM,AL,ASO,CE,Federal Contract Tower,10,11,17,35,73,0,9,52,22,83,10,20,69,57,156,76,116,192,348
12/03/2008,BFM,AL,ASO,CE,Federal Contract Tower,10,11,17,31,69,0,11,49,24,84,10,22,66,55,153,36,112,148,301
12/04/2008,BFM,AL,ASO,CE,Federal Contract Tower,10,16,29,28,83,0,3,16,8,27,10,19,45,36,110,30,24,54,164
12/05/2008,BFM,AL,ASO,CE,Federal Contract Tower,12,16,35,30,93,0,9,57,11,77,12,25,92,41,170,60,10,70,240
12/06/2008,BFM,AL,ASO,CE,Federal Contract Tower,8,0,5,12,25,3,5,44,14,66,11,5,49,26,91,76,88,164,255
12/07/2008,BFM,AL,ASO,CE,Federal Contract Tower,5,0,6,7,18,0,4,26,8,38,5,4,32,15,56,14,30,44,100
12/08/2008,BFM,AL,ASO,CE,Federal Contract Tower,2,8,21,13,44,0,4,53,24,81,2,12,74,37,125,68,114,182,307
12/09/2008,BFM,AL,ASO,CE,Federal Contract Tower,9,15,18,10,52,0,9,12,3,24,9,24,30,13,76,4,0,4,80
12/10/2008,BFM,AL,ASO,CE,Federal Contract Tower,10,14,21,2,47,0,3,0,0,3,10,17,21,2,50,0,0,0,50
12/11/2008,BFM,AL,ASO,CE,Federal Contract Tower,10,13,10,3,36,0,5,2,1,8,10,18,12,4,44,0,22,22,66
12/12/2008,BFM,AL,ASO,CE,Federal Contract Tower,10,11,26,34,81,0,8,62,10,80,10,19,88,44,161,84,70,154,315
12/13/2008,BFM,AL,ASO,CE,Federal Contract Tower,6,1,5,14,26,0,2,42,18,62,6,3,47,32,88,92,78,170,258
12/14/2008,BFM,AL,ASO,CE,Federal Contract Tower,2,0,16,12,30,0,5,2,0,7,2,5,18,12,37,0,14,14,51
12/15/2008,BFM,AL,ASO,CE,Federal Contract Tower,4,17,18,31,70,0,5,5,0,10,4,22,23,31,80,0,0,0,80
12/16/2008,BFM,AL,ASO,CE,Federal Contract Tower,9,13,21,1,44,0,0,0,0,0,9,13,21,1,44,0,0,0,44
12/17/2008,BFM,AL,ASO,CE,Federal Contract Tower,8,13,17,4,42,0,4,23,12,39,8,17,40,16,81,32,38,70,151
12/18/2008,BFM,AL,ASO,CE,Federal Contract Tower,6,11,37,11,65,0,3,35,11,49,6,14,72,22,114,84,50,134,248
12/19/2008,BFM,AL,ASO,CE,Federal Contract Tower,5,7,14,18,44,0,4,31,12,47,5,11,45,30,91,38,18,56,147
12/20/2008,BFM,AL,ASO,CE,Federal Contract Tower,6,0,9,7,22,0,0,28,6,34,6,0,37,13,56,76,18,94,150
12/21/2008,BFM,AL,ASO,CE,Federal Contract Tower,2,0,1,6,9,0,6,8,4,18,2,6,9,10,27,18,8,26,53
12/22/2008,BFM,AL,ASO,CE,Federal Contract Tower,3,11,16,7,37,0,4,28,14,46,3,15,44,21,83,24,62,86,169
12/23/2008,BFM,AL,ASO,CE,Federal Contract Tower,11,18,23,9,61,0,4,13,4,21,11,22,36,13,82,22,24,46,128
12/24/2008,BFM,AL,ASO,CE,Federal Contract Tower,13,12,11,0,36,0,5,2,0,7,13,17,13,0,43,0,0,0,43
12/25/2008,BFM,AL,ASO,CE,Federal Contract Tower,0,2,1,0,3,0,0,0,0,0,0,2,1,0,3,0,0,0,3
12/26/2008,BFM,AL,ASO,CE,Federal Contract Tower,6,14,17,0,37,0,2,4,0,6,6,16,21,0,43,0,0,0,43
12/27/2008,BFM,AL,ASO,CE,Federal Contract Tower,7,1,14,0,22,0,2,1,0,3,7,3,15,0,25,0,0,0,25
12/28/2008,BFM,AL,ASO,CE,Federal Contract Tower,4,3,7,0,14,0,1,6,0,7,4,4,13,0,21,0,0,0,21
12/29/2008,BFM,AL,ASO,CE,Federal Contract Tower,2,14,11,6,33,0,5,43,10,58,2,19,54,16,91,70,46,116,207
12/30/2008,BFM,AL,ASO,CE,Federal Contract Tower,9,12,17,3,41,0,5,34,10,49,9,17,51,13,90,48,56,104,194
12/31/2008,BFM,AL,ASO,CE,Federal Contract Tower,7,12,13,10,42,0,11,54,0,65,7,23,67,10,107,42,14,56,163
01/01/2009,BFM,AL,ASO,CE,Federal Contract Tower,0,0,2,0,2,0,4,7,0,11,0,4,9,0,13,6,0,6,19
01/02/2009,BFM,AL,ASO,CE,Federal Contract Tower,19,11,11,0,41,0,8,17,0,25,19,19,28,0,66,72,0,72,138
01/03/2009,BFM,AL,ASO,CE,Federal Contract Tower,4,4,13,0,21,0,5,0,0,5,4,9,13,0,26,0,0,0,26
01/04/2009,BFM,AL,ASO,CE,Federal Contract Tower,4,2,7,2,15,0,3,18,0,21,4,5,25,2,36,28,0,28,64
01/05/2009,BFM,AL,ASO,CE,Federal Contract Tower,9,13,11,7,40,0,4,5,6,15,9,17,16,13,55,4,28,32,87
01/06/2009,BFM,AL,ASO,CE,Federal Contract Tower,11,23,18,11,63,0,2,9,4,15,11,25,27,15,78,20,54,74,152
01/07/2009,BFM,AL,ASO,CE,Federal Contract Tower,12,15,41,29,97,0,12,52,29,93,12,27,93,58,190,70,144,214,404
01/08/2009,BFM,AL,ASO,CE,Federal Contract Tower,11,9,31,12,63,0,4,58,16,78,11,13,89,28,141,70,78,148,289
01/09/2009,BFM,AL,ASO,CE,Federal Contract Tower,13,13,32,30,88,0,6,55,23,84,13,19,87,53,172,138,120,258,430
01/10/2009,BFM,AL,ASO,CE,Federal Contract Tower,6,2,9,6,23,0,1,1,0,2,6,3,10,6,25,0,0,0,25
01/11/2009,BFM,AL,ASO,CE,Federal Contract Tower,4,3,4,23,34,0,1,16,23,40,4,4,20,46,74,154,36,190,264
01/12/2009,BFM,AL,ASO,CE,Federal Contract Tower,5,11,23,31,70,0,8,54,22,84,5,19,77,53,154,96,154,250,404
01/13/2009,BFM,AL,ASO,CE,Federal Contract Tower,9,11,34,17,71,0,5,49,35,89,9,16,83,52,160,122,140,262,422
01/14/2009,BFM,AL,ASO,CE,Federal Contract Tower,9,12,29,18,68,0,6,57,35,98,9,18,86,53,166,128,132,260,426
01/15/2009,BFM,AL,ASO,CE,Federal Contract Tower,9,7,24,19,59,0,7,40,38,85,9,14,64,57,144,64,134,198,342
01/16/2009,BFM,AL,ASO,CE,Federal Contract Tower,8,14,27,38,87,0,7,45,20,72,8,21,72,58,159,64,178,242,401
01/17/2009,BFM,AL,ASO,CE,Federal Contract Tower,5,1,10,2,18,0,7,56,10,73,5,8,66,12,91,102,64,166,257
01/18/2009,BFM,AL,ASO,CE,Federal Contract Tower,4,1,3,27,35,0,4,19,8,31,4,5,22,35,66,40,56,96,162
01/19/2009,BFM,AL,ASO,CE,Federal Contract Tower,4,4,28,2,38,0,6,28,0,34,4,10,56,2,72,42,0,42,114
01/20/2009,BFM,AL,ASO,CE,Federal Contract Tower,6,12,32,33,83,0,6,35,22,63,6,18,67,55,146,90,88,178,324
01/21/2009,BFM,AL,ASO,CE,Federal Contract Tower,9,8,27,22,66,0,11,52,21,84,9,19,79,43,150,150,58,208,358
01/22/2009,BFM,AL,ASO,CE,Federal Contract Tower,7,11,17,36,71,0,9,51,13,73,7,20,68,49,144,40,32,72,216
01/23/2009,BFM,AL,ASO,CE,Federal Contract Tower,8,9,23,27,67,0,10,44,9,63,8,19,67,36,130,38,118,156,286
01/24/2009,BFM,AL,ASO,CE,Federal Contract Tower,5,1,14,3,23,0,1,5,4,10,5,2,19,7,33,24,16,40,73
01/25/2009,BFM,AL,ASO,CE,Federal Contract Tower,2,0,10,12,24,0,3,1,0,4,2,3,11,12,28,0,0,0,28
01/26/2009,BFM,AL,ASO,CE,Federal Contract Tower,4,10,14,11,39,0,6,23,19,48,4,16,37,30,87,16,198,214,301
01/27/2009,BFM,AL,ASO,CE,Federal Contract Tower,11,21,20,15,67,1,6,35,14,56,12,27,55,29,123,40,108,148,271
01/28/2009,BFM,AL,ASO,CE,Federal Contract Tower,14,15,12,38,79,0,9,5,11,25,14,24,17,49,104,4,64,68,172
01/29/2009,BFM,AL,ASO,CE,Federal Contract Tower,17,12,42,27,98,7,8,47,30,92,24,20,89,57,190,46,118,164,354
01/30/2009,BFM,AL,ASO,CE,Federal Contract Tower,10,9,15,49,83,0,8,43,13,64,10,17,58,62,147,50,128,178,325
01/31/2009,BFM,AL,ASO,CE,Federal Contract Tower,4,0,9,2,15,0,8,74,8,90,4,8,83,10,105,132,16,148,253
02/01/2009,BFM,AL,ASO,CE,Federal Contract Tower,2,2,5,4,13,0,3,34,13,50,2,5,39,17,63,48,40,88,151
02/02/2009,BFM,AL,ASO,CE,Federal Contract Tower,2,9,12,2,25,0,8,0,4,12,2,17,12,6,37,0,10,10,47
02/03/2009,BFM,AL,ASO,CE,Federal Contract Tower,8,17,35,17,77,0,8,53,33,94,8,25,88,50,171,64,124,188,359
02/04/2009,BFM,AL,ASO,CE,Federal Contract Tower,10,12,21,42,85,0,8,41,22,71,10,20,62,64,156,94,106,200,356
02/05/2009,BFM,AL,ASO,CE,Federal Contract Tower,8,12,13,28,61,0,4,47,36,87,8,16,60,64,148,164,144,308,456
02/06/2009,BFM,AL,ASO,CE,Federal Contract Tower,8,13,27,24,72,2,7,45,17,71,10,20,72,41,143,122,162,284,427
02/07/2009,BFM,AL,ASO,CE,Federal Contract Tower,5,0,11,7,23,0,1,52,10,63,5,1,63,17,86,112,56,168,254
02/08/2009,BFM,AL,ASO,CE,Federal Contract Tower,11,2,11,11,35,10,3,44,5,62,21,5,55,16,97,110,80,190,287
02/09/2009,BFM,AL,ASO,CE,Federal Contract Tower,8,7,10,31,56,0,2,42,19,63,8,9,52,50,119,98,138,236,355
02/10/2009,BFM,AL,ASO,CE,Federal Contract Tower,8,12,23,23,66,0,5,33,11,49,8,17,56,34,115,38,82,120,235
02/11/2009,BFM,AL,ASO,CE,Federal Contract Tower,12,11,23,25,71,0,10,11,12,33,12,21,34,37,104,2,72,74,178
02/12/2009,BFM,AL,ASO,CE,Federal Contract Tower,9,19,19,27,74,5,8,67,17,97,14,27,86,44,171,136,62,198,369
02/13/2009,BFM,AL,ASO,CE,Federal Contract Tower,9,10,16,8,43,0,2,36,3,41,9,12,52,11,84,108,44,152,236
02/14/2009,BFM,AL,ASO,CE,Federal Contract Tower,3,0,5,4,12,0,0,0,0,0,3,0,5,4,12,0,0,0,12
02/15/2009,BFM,AL,ASO,CE,Federal Contract Tower,2,1,14,13,30,0,4,7,13,24,2,5,21,26,54,8,50,58,112
02/16/2009,BFM,AL,ASO,CE,Federal Contract Tower,4,2,7,0,13,0,6,56,0,62,4,8,63,0,75,110,0,110,185
02/17/2009,BFM,AL,ASO,CE,Federal Contract Tower,10,6,27,29,72,0,8,44,13,65,10,14,71,42,137,94,114,208,345
02/18/2009,BFM,AL,ASO,CE,Federal Contract Tower,12,8,25,23,68,0,12,14,5,31,12,20,39,28,99,30,26,56,155
02/19/2009,BFM,AL,ASO,CE,Federal Contract Tower,7,7,29,44,87,0,9,70,26,105,7,16,99,70,192,136,100,236,428
02/20/2009,BFM,AL,ASO,CE,Federal Contract Tower,9,8,40,21,78,0,4,61,7,72,9,12,101,28,150,82,50,132,282
02/21/2009,BFM,AL,ASO,CE,Federal Contract Tower,4,0,15,30,49,0,6,53,21,80,4,6,68,51,129,34,44,78,207
02/22/2009,BFM,AL,ASO,CE,Federal Contract Tower,5,0,16,21,42,0,1,28,16,45,5,1,44,37,87,26,26,52,139
02/23/2009,BFM,AL,ASO,CE,Federal Contract Tower,3,7,17,21,48,0,12,42,13,67,3,19,59,34,115,32,42,74,189
02/24/2009,BFM,AL,ASO,CE,Federal Contract Tower,9,7,22,27,65,0,5,61,26,92,9,12,83,53,157,104,100,204,361
02/25/2009,BFM,AL,ASO,CE,Federal Contract Tower,9,7,9,52,77,2,8,28,29,67,11,15,37,81,144,60,162,222,366
02/26/2009,BFM,AL,ASO,CE,Federal Contract Tower,9,7,18,40,74,0,3,21,24,48,9,10,39,64,122,38,194,232,354
02/27/2009,BFM,AL,ASO,CE,Federal Contract Tower,9,9,17,25,60,0,3,21,17,41,9,12,38,42,101,46,96,142,243
02/28/2009,BFM,AL,ASO,CE,Federal Contract Tower,3,3,4,0,10,0,0,3,0,3,3,3,7,0,13,4,0,4,17
03/01/2009,BFM,AL,ASO,CE,Federal Contract Tower,1,0,6,8,15,0,0,14,13,27,1,0,20,21,42,38,58,96,138
03/02/2009,BFM,AL,ASO,CE,Federal Contract Tower,1,5,12,33,51,0,5,33,16,54,1,10,45,49,105,60,98,158,263
03/03/2009,BFM,AL,ASO,CE,Federal Contract Tower,8,9,21,84,122,0,3,32,15,50,8,12,53,99,172,50,80,130,302
03/04/2009,BFM,AL,ASO,CE,Federal Contract Tower,7,7,16,23,53,0,6,42,22,70,7,13,58,45,123,34,102,136,259
03/05/2009,BFM,AL,ASO,CE,Federal Contract Tower,9,6,31,84,130,0,6,38,17,61,9,12,69,101,191,56,92,148,339
03/06/2009,BFM,AL,ASO,CE,Federal Contract Tower,7,6,24,45,82,0,9,34,22,65,7,15,58,67,147,52,120,172,319
03/07/2009,BFM,AL,ASO,CE,Federal Contract Tower,7,0,5,2,14,0,3,35,1,39,7,3,40,3,53,78,0,78,131
03/08/2009,BFM,AL,ASO,CE,Federal Contract Tower,4,0,7,17,28,0,2,26,9,37,4,2,33,26,65,18,0,18,83
03/09/2009,BFM,AL,ASO,CE,Federal Contract Tower,2,8,17,16,43,0,3,18,11,32,2,11,35,27,75,14,58,72,147
03/10/2009,BFM,AL,ASO,CE,Federal Contract Tower,9,13,13,30,65,0,2,38,29,69,9,15,51,59,134,58,88,146,280
03/11/2009,BFM,AL,ASO,CE,Federal Contract Tower,8,6,17,33,64,0,9,26,15,50,8,15,43,48,114,46,100,146,260
03/12/2009,BFM,AL,ASO,CE,Federal Contract Tower,8,6,15,51,80,0,5,47,29,81,8,11,62,80,161,44,206,250,411
03/13/2009,BFM,AL,ASO,CE,Federal Contract Tower,10,9,32,43,94,0,9,26,15,50,10,18,58,58,144,50,132,182,326
03/14/2009,BFM,AL,ASO,CE,Federal Contract Tower,4,1,6,4,15,0,2,4,0,6,4,3,10,4,21,12,0,12,33
03/15/2009,BFM,AL,ASO,CE,Federal Contract Tower,2,0,11,4,17,0,2,0,1,3,2,2,11,5,20,0,0,0,20
03/16/2009,BFM,AL,ASO,CE,Federal Contract Tower,2,6,20,5,33,0,0,2,0,2,2,6,22,5,35,0,0,0,35
03/17/2009,BFM,AL,ASO,CE,Federal Contract Tower,10,7,22,46,85,0,6,65,21,92,10,13,87,67,177,86,80,166,343
03/18/2009,BFM,AL,ASO,CE,Federal Contract Tower,8,11,12,49,80,0,14,44,39,97,8,25,56,88,177,128,82,210,387
03/19/2009,BFM,AL,ASO,CE,Federal Contract Tower,7,5,28,59,99,0,10,53,19,82,7,15,81,78,181,134,68,202,383
03/20/2009,BFM,AL,ASO,CE,Federal Contract Tower,9,5,23,14,51,0,8,53,6,67,9,13,76,20,118,86,28,114,232
03/21/2009,BFM,AL,ASO,CE,Federal Contract Tower,4,1,9,3,17,0,3,49,1,53,4,4,58,4,70,114,10,124,194
03/22/2009,BFM,AL,ASO,CE,Federal Contract Tower,16,0,8,15,39,2,1,30,8,41,18,1,38,23,80,38,0,38,118
03/23/2009,BFM,AL,ASO,CE,Federal Contract Tower,3,5,11,39,58,0,6,36,40,82,3,11,47,79,140,118,228,346,486
03/24/2009,BFM,AL,ASO,CE,Federal Contract Tower,13,10,20,23,66,0,5,23,29,57,13,15,43,52,123,72,168,240,363
03/25/2009,BFM,AL,ASO,CE,Federal Contract Tower,10,8,18,7,43,0,8,4,7,19,10,16,22,14,62,4,34,38,100
03/26/2009,BFM,AL,ASO,CE,Federal Contract Tower,9,8,9,10,36,0,3,4,12,19,9,11,13,22,55,2,66,68,123
03/27/2009,BFM,AL,ASO,CE,Federal Contract Tower,9,10,14,12,45,0,0,1,0,1,9,10,15,12,46,0,0,0,46
03/28/2009,BFM,AL,ASO,CE,Federal Contract Tower,6,3,6,2,17,0,6,18,0,24,6,9,24,2,41,8,0,8,49
03/29/2009,BFM,AL,ASO,CE,Federal Contract Tower,13,0,13,3,29,6,4,48,6,64,19,4,61,9,93,48,18,66,159
03/30/2009,BFM,AL,ASO,CE,Federal Contract Tower,2,6,24,30,62,0,4,73,17,94,2,10,97,47,156,140,156,296,452
03/31/2009,BFM,AL,ASO,CE,Federal Contract Tower,10,12,10,2,34,0,3,7,0,10,10,15,17,2,44,46,0,46,90
04/01/2009,BFM,AL,ASO,CE,Federal Contract Tower,12,9,20,13,54,0,8,49,15,72,12,17,69,28,126,80,92,172,298
04/02/2009,BFM,AL,ASO,CE,Federal Contract Tower,12,6,4,0,22,0,4,7,1,12,12,10,11,1,34,0,14,14,48
04/03/2009,BFM,AL,ASO,CE,Federal Contract Tower,19,5,8,58,90,4,9,59,13,85,23,14,67,71,175,104,30,134,309
04/04/2009,BFM,AL,ASO,CE,Federal Contract Tower,5,0,3,11,19,0,8,51,4,63,5,8,54,15,82,126,8,134,216
04/05/2009,BFM,AL,ASO,CE,Federal Contract Tower,3,2,11,25,41,0,0,0,0,0,3,2,11,25,41,0,0,0,41
04/06/2009,BFM,AL,ASO,CE,Federal Contract Tower,2,4,6,42,54,0,8,45,32,85,2,12,51,74,139,54,160,214,353
04/07/2009,BFM,AL,ASO,CE,Federal Contract Tower,13,8,25,34,80,0,7,42,27,76,13,15,67,61,156,36,122,158,314
04/08/2009,BFM,AL,ASO,CE,Federal Contract Tower,9,7,32,52,100,0,8,41,25,74,9,15,73,77,174,74,118,192,366
04/09/2009,BFM,AL,ASO,CE,Federal Contract Tower,8,5,15,14,42,0,8,62,30,100,8,13,77,44,142,50,184,234,376
04/10/2009,BFM,AL,ASO,CE,Federal Contract Tower,9,11,13,28,61,0,7,26,4,37,9,18,39,32,98,28,46,74,172
04/11/2009,BFM,AL,ASO,CE,Federal Contract Tower,5,3,16,2,26,7,7,43,4,61,12,10,59,6,87,46,4,50,137
04/12/2009,BFM,AL,ASO,CE,Federal Contract Tower,2,3,10,19,34,0,4,4,3,11,2,7,14,22,45,6,0,6,51
04/13/2009,BFM,AL,ASO,CE,Federal Contract Tower,3,5,16,0,24,0,3,27,0,30,3,8,43,0,54,28,0,28,82
04/14/2009,BFM,AL,ASO,CE,Federal Contract Tower,13,6,23,60,102,0,8,66,29,103,13,14,89,89,205,78,124,202,407
04/15/2009,BFM,AL,ASO,CE,Federal Contract Tower,10,6,23,81,120,2,14,62,25,103,12,20,85,106,223,122,110,232,455
04/16/2009,BFM,AL,ASO,CE,Federal Contract Tower,10,7,23,32,72,0,5,70,35,110,10,12,93,67,182,126,158,284,466
04/17/2009,BFM,AL,ASO,CE,Federal Contract Tower,10,6,40,44,100,0,7,43,14,64,10,13,83,58,164,98,130,228,392
04/18/2009,BFM,AL,ASO,CE,Federal Contract Tower,4,0,4,2,10,0,2,21,6,29,4,2,25,8,39,38,0,38,77
04/19/2009,BFM,AL,ASO,CE,Federal Contract Tower,2,0,19,0,21,0,8,4,0,12,2,8,23,0,33,14,0,14,47
04/20/2009,BFM,AL,ASO,CE,Federal Contract Tower,4,9,8,37,58,0,3,61,21,85,4,12,69,58,143,164,122,286,429
04/21/2009,BFM,AL,ASO,CE,Federal Contract Tower,9,10,21,29,69,0,8,57,18,83,9,18,78,47,152,72,80,152,304
04/22/2009,BFM,AL,ASO,CE,Federal Contract Tower,10,6,24,33,73,0,13,85,16,114,10,19,109,49,187,88,54,142,329
04/23/2009,BFM,AL,ASO,CE,Federal Contract Tower,13,6,35,32,86,0,10,78,24,112,13,16,113,56,198,118,88,206,404
04/24/2009,BFM,AL,ASO,CE,Federal Contract Tower,13,10,26,26,75,0,9,58,18,85,13,19,84,44,160,134,50,184,344
04/25/2009,BFM,AL,ASO,CE,Federal Contract Tower,7,0,14,8,29,0,4,49,13,66,7,4,63,21,95,98,12,110,205
04/26/2009,BFM,AL,ASO,CE,Federal Contract Tower,2,2,16,13,33,0,1,23,13,37,2,3,39,26,70,54,26,80,150
04/27/2009,BFM,AL,ASO,CE,Federal Contract Tower,4,7,17,22,50,0,7,42,19,68,4,14,59,41,118,40,108,148,266
04/28/2009,BFM,AL,ASO,CE,Federal Contract Tower,8,7,36,49,100,0,5,52,22,79,8,12,88,71,179,100,134,234,413
04/29/2009,BFM,AL,ASO,CE,Federal Contract Tower,10,5,9,25,49,0,12,56,33,101,10,17,65,58,150,72,80,152,302
04/30/2009,BFM,AL,ASO,CE,Federal Contract Tower,9,8,14,27,58,0,5,72,22,99,9,13,86,49,157,122,64,186,343
05/01/2009,BFM,AL,ASO,CE,Federal Contract Tower,10,5,12,43,70,0,6,49,9,64,10,11,61,52,134,72,62,134,268
05/02/2009,BFM,AL,ASO,CE,Federal Contract Tower,7,0,2,10,19,0,4,38,4,46,7,4,40,14,65,58,2,60,125
05/03/2009,BFM,AL,ASO,CE,Federal Contract Tower,4,0,11,6,21,0,2,10,1,13,4,2,21,7,34,32,0,32,66
05/04/2009,BFM,AL,ASO,CE,Federal Contract Tower,2,6,11,7,26,0,5,7,1,13,2,11,18,8,39,14,8,22,61
05/05/2009,BFM,AL,ASO,CE,Federal Contract Tower,9,10,17,13,49,4,6,17,8,35,13,16,34,21,84,0,50,50,134
05/06/2009,BFM,AL,ASO,CE,Federal Contract Tower,9,9,19,16,53,0,12,37,32,81,9,21,56,48,134,98,130,228,362
05/07/2009,BFM,AL,ASO,CE,Federal Contract Tower,9,6,20,30,65,0,7,56,30,93,9,13,76,60,158,76,104,180,338
05/08/2009,BFM,AL,ASO,CE,Federal Contract Tower,8,8,32,75,123,0,8,46,35,89,8,16,78,110,212,58,132,190,402
05/09/2009,BFM,AL,ASO,CE,Federal Contract Tower,5,2,7,28,42,0,1,33,9,43,5,3,40,37,85,80,46,126,211
05/10/2009,BFM,AL,ASO,CE,Federal Contract Tower,2,0,9,16,27,0,2,14,13,29,2,2,23,29,56,6,2,8,64
05/11/2009,BFM,AL,ASO,CE,Federal Contract Tower,4,7,14,22,47,0,3,25,18,46,4,10,39,40,93,20,60,80,173
05/12/2009,BFM,AL,ASO,CE,Federal Contract Tower,9,7,21,5,42,6,5,49,9,69,15,12,70,14,111,100,76,176,287
05/13/2009,BFM,AL,ASO,CE,Federal Contract Tower,7,5,25,14,51,0,14,32,15,61,7,19,57,29,112,60,50,110,222
05/14/2009,BFM,AL,ASO,CE,Federal Contract Tower,9,4,17,14,44,0,4,65,44,113,9,8,82,58,157,92,240,332,489
05/15/2009,BFM,AL,ASO,CE,Federal Contract Tower,8,8,10,5,31,0,7,31,25,63,8,15,41,30,94,10,106,116,210
05/16/2009,BFM,AL,ASO,CE,Federal Contract Tower,8,2,21,3,34,0,2,29,5,36,8,4,50,8,70,72,0,72,142
05/17/2009,BFM,AL,ASO,CE,Federal Contract Tower,4,0,7,7,18,0,1,11,0,12,4,1,18,7,30,0,0,0,30
05/18/2009,BFM,AL,ASO,CE,Federal Contract Tower,5,8,13,14,40,1,3,38,23,65,6,11,51,37,105,52,80,132,237
05/19/2009,BFM,AL,ASO,CE,Federal Contract Tower,9,4,23,22,58,8,6,42,29,85,17,10,65,51,143,16,160,176,319
05/20/2009,BFM,AL,ASO,CE,Federal Contract Tower,7,5,31,28,71,0,10,45,16,71,7,15,76,44,142,76,2,78,220
05/21/2009,BFM,AL,ASO,CE,Federal Contract Tower,10,7,28,49,94,0,3,19,31,53,10,10,47,80,147,0,130,130,277
05/22/2009,BFM,AL,ASO,CE,Federal Contract Tower,11,11,18,15,55,0,4,5,2,11,11,15,23,17,66,14,0,14,80
05/23/2009,BFM,AL,ASO,CE,Federal Contract Tower,4,1,2,9,16,0,0,0,0,0,4,1,2,9,16,0,0,0,16
05/24/2009,BFM,AL,ASO,CE,Federal Contract Tower,2,0,2,3,7,0,3,19,7,29,2,3,21,10,36,36,0,36,72
05/25/2009,BFM,AL,ASO,CE,Federal Contract Tower,0,0,9,0,9,0,1,8,0,9,0,1,17,0,18,0,0,0,18
05/26/2009,BFM,AL,ASO,CE,Federal Contract Tower,3,6,21,16,46,0,8,55,23,86,3,14,76,39,132,60,86,146,278
05/27/2009,BFM,AL,ASO,CE,Federal Contract Tower,10,11,17,22,60,0,8,28,39,75,10,19,45,61,135,38,124,162,297
05/28/2009,BFM,AL,ASO,CE,Federal Contract Tower,9,11,15,39,74,1,8,79,12,100,10,19,94,51,174,74,106,180,354
05/29/2009,BFM,AL,ASO,CE,Federal Contract Tower,8,7,29,41,85,0,21,76,12,109,8,28,105,53,194,186,44,230,424
05/30/2009,BFM,AL,ASO,CE,Federal Contract Tower,19,2,12,3,36,0,2,69,0,71,19,4,81,3,107,170,0,170,277
05/31/2009,BFM,AL,ASO,CE,Federal Contract Tower,4,2,3,4,13,0,1,34,7,42,4,3,37,11,55,48,8,56,111
06/01/2009,BFM,AL,ASO,CE,Federal Contract Tower,2,2,16,34,54,0,9,61,22,92,2,11,77,56,146,102,108,210,356
06/02/2009,BFM,AL,ASO,CE,Federal Contract Tower,6,8,33,21,68,0,6,38,38,82,6,14,71,59,150,78,94,172,322
06/03/2009,BFM,AL,ASO,CE,Federal Contract Tower,12,7,12,14,45,0,9,35,18,62,12,16,47,32,107,42,102,144,251
06/04/2009,BFM,AL,ASO,CE,Federal Contract Tower,12,5,17,4,38,0,9,47,22,78,12,14,64,26,116,94,64,158,274
06/05/2009,BFM,AL,ASO,CE,Federal Contract Tower,18,7,23,73,121,0,7,55,28,90,18,14,78,101,211,114,100,214,425
06/06/2009,BFM,AL,ASO,CE,Federal Contract Tower,4,3,11,14,32,0,2,62,9,73,4,5,73,23,105,130,10,140,245
06/07/2009,BFM,AL,ASO,CE,Federal Contract Tower,2,0,10,11,23,0,1,28,1,30,2,1,38,12,53,44,0,44,97
06/08/2009,BFM,AL,ASO,CE,Federal Contract Tower,2,5,11,25,43,0,7,68,21,96,2,12,79,46,139,106,108,214,353
06/09/2009,BFM,AL,ASO,CE,Federal Contract Tower,9,7,19,47,82,0,6,52,24,82,9,13,71,71,164,68,92,160,324
06/10/2009,BFM,AL,ASO,CE,Federal Contract Tower,10,4,31,84,129,0,13,51,29,93,10,17,82,113,222,136,90,226,448
06/11/2009,BFM,AL,ASO,CE,Federal Contract Tower,7,13,19,44,83,0,8,41,35,84,7,21,60,79,167,40,126,166,333
06/12/2009,BFM,AL,ASO,CE,Federal Contract Tower,11,7,12,36,66,0,9,53,17,79,11,16,65,53,145,66,122,188,333
06/13/2009,BFM,AL,ASO,CE,Federal Contract Tower,4,2,11,11,28,0,4,32,5,41,4,6,43,16,69,10,0,10,79
06/14/2009,BFM,AL,ASO,CE,Federal Contract Tower,2,0,9,33,44,0,5,11,8,24,2,5,20,41,68,12,0,12,80
06/15/2009,BFM,AL,ASO,CE,Federal Contract Tower,2,3,8,33,46,0,6,47,28,81,2,9,55,61,127,48,164,212,339
06/16/2009,BFM,AL,ASO,CE,Federal Contract Tower,11,11,22,20,64,0,4,34,18,56,11,15,56,38,120,56,60,116,236
06/17/2009,BFM,AL,ASO,CE,Federal Contract Tower,8,4,26,20,58,0,13,55,9,77,8,17,81,29,135,64,60,124,259
06/18/2009,BFM,AL,ASO,CE,Federal Contract Tower,8,5,20,31,64,0,4,54,23,81,8,9,74,54,145,84,96,180,325
06/19/2009,BFM,AL,ASO,CE,Federal Contract Tower,9,5,12,22,48,0,15,54,20,89,9,20,66,42,137,70,14,84,221
06/20/2009,BFM,AL,ASO,CE,Federal Contract Tower,5,2,12,4,23,0,6,25,0,31,5,8,37,4,54,26,0,26,80
06/21/2009,BFM,AL,ASO,CE,Federal Contract Tower,2,2,4,9,17,0,3,20,3,26,2,5,24,12,43,50,4,54,97
06/22/2009,BFM,AL,ASO,CE,Federal Contract Tower,2,10,11,27,50,0,6,53,16,75,2,16,64,43,125,34,92,126,251
06/23/2009,BFM,AL,ASO,CE,Federal Contract Tower,10,12,19,43,84,0,1,40,20,61,10,13,59,63,145,50,54,104,249
06/24/2009,BFM,AL,ASO,CE,Federal Contract Tower,10,6,17,27,60,0,9,66,17,92,10,15,83,44,152,70,58,128,280
06/25/2009,BFM,AL,ASO,CE,Federal Contract Tower,6,8,15,35,64,0,10,57,27,94,6,18,72,62,158,98,102,200,358
06/26/2009,BFM,AL,ASO,CE,Federal Contract Tower,9,9,22,17,57,0,17,63,24,104,9,26,85,41,161,98,78,176,337
06/27/2009,BFM,AL,ASO,CE,Federal Contract Tower,5,1,19,3,28,0,2,47,0,49,5,3,66,3,77,88,0,88,165
06/28/2009,BFM,AL,ASO,CE,Federal Contract Tower,5,1,5,11,22,0,4,17,7,28,5,5,22,18,50,46,0,46,96
06/29/2009,BFM,AL,ASO,CE,Federal Contract Tower,2,5,18,17,42,0,7,22,7,36,2,12,40,24,78,58,44,102,180
06/30/2009,BFM,AL,ASO,CE,Federal Contract Tower,9,9,8,30,56,0,6,46,11,63,9,15,54,41,119,132,30,162,281
07/01/2009,BFM,AL,ASO,CE,Federal Contract Tower,6,7,24,10,47,0,12,41,5,58,6,19,65,15,105,58,8,66,171
07/02/2009,BFM,AL,ASO,CE,Federal Contract Tower,7,5,25,14,51,0,9,40,13,62,7,14,65,27,113,52,38,90,203
07/03/2009,BFM,AL,ASO,CE,Federal Contract Tower,6,3,5,2,16,0,3,52,0,55,6,6,57,2,71,84,0,84,155
07/04/2009,BFM,AL,ASO,CE,Federal Contract Tower,0,0,1,0,1,0,0,19,0,19,0,0,20,0,20,14,0,14,34
07/05/2009,BFM,AL,ASO,CE,Federal Contract Tower,2,0,5,4,11,0,1,17,0,18,2,1,22,4,29,12,0,12,41
07/06/2009,BFM,AL,ASO,CE,Federal Contract Tower,2,9,14,5,30,0,5,16,5,26,2,14,30,10,56,16,46,62,118
07/07/2009,BFM,AL,ASO,CE,Federal Contract Tower,9,7,20,11,47,2,6,20,4,32,11,13,40,15,79,90,8,98,177
07/08/2009,BFM,AL,ASO,CE,Federal Contract Tower,12,8,15,37,72,0,15,52,19,86,12,23,67,56,158,84,64,148,306
07/09/2009,BFM,AL,ASO,CE,Federal Contract Tower,15,7,14,39,75,0,7,61,15,83,15,14,75,54,158,86,36,122,280
07/10/2009,BFM,AL,ASO,CE,Federal Contract Tower,10,4,25,29,68,0,8,49,14,71,10,12,74,43,139,66,132,198,337
07/11/2009,BFM,AL,ASO,CE,Federal Contract Tower,5,2,17,5,29,0,5,28,3,36,5,7,45,8,65,20,6,26,91
07/12/2009,BFM,AL,ASO,CE,Federal Contract Tower,1,0,6,9,16,0,3,15,3,21,1,3,21,12,37,26,0,26,63
07/13/2009,BFM,AL,ASO,CE,Federal Contract Tower,2,3,8,8,21,0,8,37,10,55,2,11,45,18,76,42,62,104,180
07/14/2009,BFM,AL,ASO,CE,Federal Contract Tower,8,7,43,21,79,0,5,45,30,80,8,12,88,51,159,100,58,158,317
07/15/2009,BFM,AL,ASO,CE,Federal Contract Tower,9,8,11,15,43,0,14,58,15,87,9,22,69,30,130,164,96,260,390
07/16/2009,BFM,AL,ASO,CE,Federal Contract Tower,12,5,23,7,47,0,4,46,5,55,12,9,69,12,102,74,14,88,190
07/17/2009,BFM,AL,ASO,CE,Federal Contract Tower,13,9,13,23,58,0,11,70,11,92,13,20,83,34,150,114,70,184,334
07/18/2009,BFM,AL,ASO,CE,Federal Contract Tower,4,0,4,4,12,0,6,45,8,59,4,6,49,12,71,100,26,126,197
07/19/2009,BFM,AL,ASO,CE,Federal Contract Tower,2,2,10,6,20,0,3,26,6,35,2,5,36,12,55,10,4,14,69
07/20/2009,BFM,AL,ASO,CE,Federal Contract Tower,2,6,23,26,57,0,6,63,22,91,2,12,86,48,148,94,50,144,292
07/21/2009,BFM,AL,ASO,CE,Federal Contract Tower,9,10,22,22,63,0,4,64,17,85,9,14,86,39,148,140,64,204,352
07/22/2009,BFM,AL,ASO,CE,Federal Contract Tower,10,7,20,36,73,0,8,58,23,89,10,15,78,59,162,134,78,212,374
07/23/2009,BFM,AL,ASO,CE,Federal Contract Tower,9,9,31,20,69,0,2,57,35,94,9,11,88,55,163,144,146,290,453
07/24/2009,BFM,AL,ASO,CE,Federal Contract Tower,13,8,23,11,55,4,10,71,11,96,17,18,94,22,151,164,48,212,363
07/25/2009,BFM,AL,ASO,CE,Federal Contract Tower,4,1,8,1,14,0,2,33,2,37,4,3,41,3,51,72,2,74,125
07/26/2009,BFM,AL,ASO,CE,Federal Contract Tower,3,1,14,5,23,0,1,14,3,18,3,2,28,8,41,50,0,50,91
07/27/2009,BFM,AL,ASO,CE,Federal Contract Tower,2,9,11,18,40,0,5,61,15,81,2,14,72,33,121,82,52,134,255
07/28/2009,BFM,AL,ASO,CE,Federal Contract Tower,8,8,17,13,46,0,4,42,19,65,8,12,59,32,111,82,72,154,265
07/29/2009,BFM,AL,ASO,CE,Federal Contract Tower,11,5,17,17,50,0,10,43,12,65,11,15,60,29,115,146,36,182,297
07/30/2009,BFM,AL,ASO,CE,Federal Contract Tower,11,5,12,26,54,0,4,56,18,78,11,9,68,44,132,64,108,172,304
07/31/2009,BFM,AL,ASO,CE,Federal Contract Tower,12,7,18,0,37,0,7,18,1,26,12,14,36,1,63,24,0,24,87
08/01/2009,BFM,AL,ASO,CE,Federal Contract Tower,8,2,10,0,20,0,1,22,1,24,8,3,32,1,44,36,0,36,80
08/02/2009,BFM,AL,ASO,CE,Federal Contract Tower,4,0,10,0,14,4,1,29,2,36,8,1,39,2,50,16,4,20,70
08/03/2009,BFM,AL,ASO,CE,Federal Contract Tower,3,8,17,24,52,0,4,52,7,63,3,12,69,31,115,124,48,172,287
08/04/2009,BFM,AL,ASO,CE,Federal Contract Tower,10,9,9,15,43,0,5,38,11,54,10,14,47,26,97,72,74,146,243
08/05/2009,BFM,AL,ASO,CE,Federal Contract Tower,8,6,17,11,42,0,11,53,19,83,8,17,70,30,125,94,62,156,281
08/06/2009,BFM,AL,ASO,CE,Federal Contract Tower,8,3,22,63,96,0,8,76,34,118,8,11,98,97,214,80,182,262,476
08/07/2009,BFM,AL,ASO,CE,Federal Contract Tower,11,5,13,18,47,0,10,87,14,111,11,15,100,32,158,126,104,230,388
08/08/2009,BFM,AL,ASO,CE,Federal Contract Tower,4,1,7,0,12,0,1,21,0,22,4,2,28,0,34,56,0,56,90
08/09/2009,BFM,AL,ASO,CE,Federal Contract Tower,5,0,1,4,10,0,4,6,4,14,5,4,7,8,24,24,0,24,48
08/10/2009,BFM,AL,ASO,CE,Federal Contract Tower,10,6,11,16,43,0,2,45,24,71,10,8,56,40,114,70,126,196,310
08/11/2009,BFM,AL,ASO,CE,Federal Contract Tower,11,7,15,24,57,0,4,48,13,65,11,11,63,37,122,132,38,170,292
08/12/2009,BFM,AL,ASO,CE,Federal Contract Tower,9,5,27,19,60,0,7,31,19,57,9,12,58,38,117,38,98,136,253
08/13/2009,BFM,AL,ASO,CE,Federal Contract Tower,9,3,8,33,53,0,6,67,45,118,9,9,75,78,171,152,150,302,473
08/14/2009,BFM,AL,ASO,CE,Federal Contract Tower,9,9,12,33,63,0,5,67,9,81,9,14,79,42,144,148,64,212,356
08/15/2009,BFM,AL,ASO,CE,Federal Contract Tower,4,0,4,0,8,0,2,35,8,45,4,2,39,8,53,68,58,126,179
08/16/2009,BFM,AL,ASO,CE,Federal Contract Tower,2,0,8,9,19,0,3,19,5,27,2,3,27,14,46,16,18,34,80
08/17/2009,BFM,AL,ASO,CE,Federal Contract Tower,3,9,5,2,19,0,2,27,16,45,3,11,32,18,64,40,34,74,138
08/18/2009,BFM,AL,ASO,CE,Federal Contract Tower,12,6,16,22,56,0,10,35,21,66,12,16,51,43,122,114,220,334,456
08/19/2009,BFM,AL,ASO,CE,Federal Contract Tower,11,5,13,4,33,0,8,34,8,50,11,13,47,12,83,112,36,148,231
08/20/2009,BFM,AL,ASO,CE,Federal Contract Tower,7,8,16,10,41,0,3,75,15,93,7,11,91,25,134,76,70,146,280
08/21/2009,BFM,AL,ASO,CE,Federal Contract Tower,13,7,21,18,59,0,8,49,15,72,13,15,70,33,131,80,34,114,245
08/22/2009,BFM,AL,ASO,CE,Federal Contract Tower,4,0,5,22,31,0,2,51,1,54,4,2,56,23,85,112,0,112,197
08/23/2009,BFM,AL,ASO,CE,Federal Contract Tower,2,0,7,13,22,0,1,37,15,53,2,1,44,28,75,38,46,84,159
08/24/2009,BFM,AL,ASO,CE,Federal Contract Tower,2,4,9,48,63,0,5,77,24,106,2,9,86,72,169,112,94,206,375
08/25/2009,BFM,AL,ASO,CE,Federal Contract Tower,8,6,22,37,73,0,5,72,33,110,8,11,94,70,183,82,96,178,361
08/26/2009,BFM,AL,ASO,CE,Federal Contract Tower,10,5,16,34,65,0,8,50,15,73,10,13,66,49,138,228,56,284,422
08/27/2009,BFM,AL,ASO,CE,Federal Contract Tower,8,10,9,40,67,0,3,21,8,32,8,13,30,48,99,20,46,66,165
08/28/2009,BFM,AL,ASO,CE,Federal Contract Tower,11,5,17,37,70,0,9,55,9,73,11,14,72,46,143,70,44,114,257
08/29/2009,BFM,AL,ASO,CE,Federal Contract Tower,6,1,15,1,23,0,3,37,0,40,6,4,52,1,63,12,0,12,75
08/30/2009,BFM,AL,ASO,CE,Federal Contract Tower,2,0,17,0,19,0,0,5,4,9,2,0,22,4,28,0,0,0,28
08/31/2009,BFM,AL,ASO,CE,Federal Contract Tower,2,10,13,28,53,0,1,30,33,64,2,11,43,61,117,40,176,216,333
09/01/2009,BFM,AL,ASO,CE,Federal Contract Tower,9,9,20,36,74,0,4,46,37,87,9,13,66,73,161,82,188,270,431
09/02/2009,BFM,AL,ASO,CE,Federal Contract Tower,8,8,22,40,78,0,6,42,34,82,8,14,64,74,160,58,202,260,420
09/03/2009,BFM,AL,ASO,CE,Federal Contract Tower,7,8,21,22,58,0,6,49,40,95,7,14,70,62,153,146,196,342,495
09/04/2009,BFM,AL,ASO,CE,Federal Contract Tower,7,5,16,10,38,0,7,60,3,70,7,12,76,13,108,110,6,116,224
09/05/2009,BFM,AL,ASO,CE,Federal Contract Tower,4,1,9,8,22,0,2,40,2,44,4,3,49,10,66,80,0,80,146
09/06/2009,BFM,AL,ASO,CE,Federal Contract Tower,2,2,3,6,13,0,5,1,7,13,2,7,4,13,26,0,0,0,26
09/07/2009,BFM,AL,ASO,CE,Federal Contract Tower,0,2,6,1,9,0,9,13,6,28,0,11,19,7,37,26,12,38,75
09/08/2009,BFM,AL,ASO,CE,Federal Contract Tower,2,7,14,18,41,0,7,62,17,86,2,14,76,35,127,118,102,220,347
09/09/2009,BFM,AL,ASO,CE,Federal Contract Tower,7,7,22,40,76,0,8,52,23,83,7,15,74,63,159,104,140,244,403
09/10/2009,BFM,AL,ASO,CE,Federal Contract Tower,8,9,10,8,35,0,3,46,32,81,8,12,56,40,116,126,122,248,364
09/11/2009,BFM,AL,ASO,CE,Federal Contract Tower,18,6,18,12,54,0,7,51,7,65,18,13,69,19,119,106,66,172,291
09/12/2009,BFM,AL,ASO,CE,Federal Contract Tower,6,0,12,2,20,0,2,0,3,5,6,2,12,5,25,0,12,12,37
09/13/2009,BFM,AL,ASO,CE,Federal Contract Tower,3,2,7,9,21,0,2,9,2,13,3,4,16,11,34,0,10,10,44
09/14/2009,BFM,AL,ASO,CE,Federal Contract Tower,2,9,3,2,16,0,3,12,7,22,2,12,15,9,38,10,16,26,64
09/15/2009,BFM,AL,ASO,CE,Federal Contract Tower,10,8,15,20,53,0,5,37,25,67,10,13,52,45,120,62,88,150,270
09/16/2009,BFM,AL,ASO,CE,Federal Contract Tower,8,7,18,36,69,0,7,64,35,106,8,14,82,71,175,120,172,292,467
09/17/2009,BFM,AL,ASO,CE,Federal Contract Tower,15,5,36,30,86,0,3,53,15,71,15,8,89,45,157,66,20,86,243
09/18/2009,BFM,AL,ASO,CE,Federal Contract Tower,11,7,16,10,44,0,8,45,19,72,11,15,61,29,116,86,102,188,304
09/19/2009,BFM,AL,ASO,CE,Federal Contract Tower,6,0,7,0,13,0,2,39,0,41,6,2,46,0,54,88,0,88,142
09/20/2009,BFM,AL,ASO,CE,Federal Contract Tower,5,0,8,2,15,0,0,26,11,37,5,0,34,13,52,12,8,20,72
09/21/2009,BFM,AL,ASO,CE,Federal Contract Tower,3,7,3,14,27,0,4,24,12,40,3,11,27,26,67,42,80,122,189
09/22/2009,BFM,AL,ASO,CE,Federal Contract Tower,10,12,6,3,31,0,5,35,9,49,10,17,41,12,80,68,46,114,194
09/23/2009,BFM,AL,ASO,CE,Federal Contract Tower,10,4,21,23,58,7,8,71,31,117,17,12,92,54,175,154,130,284,459
09/24/2009,BFM,AL,ASO,CE,Federal Contract Tower,8,5,35,22,70,0,5,66,21,92,8,10,101,43,162,164,108,272,434
09/25/2009,BFM,AL,ASO,CE,Federal Contract Tower,12,8,24,32,76,0,4,32,14,50,12,12,56,46,126,38,92,130,256
09/26/2009,BFM,AL,ASO,CE,Federal Contract Tower,5,0,6,1,12,0,3,20,4,27,5,3,26,5,39,48,0,48,87
09/27/2009,BFM,AL,ASO,CE,Federal Contract Tower,13,0,5,3,21,4,4,22,2,32,17,4,27,5,53,46,0,46,99
09/28/2009,BFM,AL,ASO,CE,Federal Contract Tower,4,5,12,43,64,0,5,51,25,81,4,10,63,68,145,148,114,262,407
09/29/2009,BFM,AL,ASO,CE,Federal Contract Tower,15,7,30,33,85,0,6,66,35,107,15,13,96,68,192,90,126,216,408
09/30/2009,BFM,AL,ASO,CE,Federal Contract Tower,13,5,16,22,56,0,11,72,24,107,13,16,88,46,163,84,40,124,287
10/01/2009,BFM,AL,ASO,CE,Federal Contract Tower,7,4,16,32,59,0,6,57,22,85,7,10,73,54,144,132,88,220,364
10/02/2009,BFM,AL,ASO,CE,Federal Contract Tower,8,9,16,9,42,0,6,52,18,76,8,15,68,27,118,118,100,218,336
10/03/2009,BFM,AL,ASO,CE,Federal Contract Tower,6,2,4,0,12,0,1,39,4,44,6,3,43,4,56,30,4,34,90
10/04/2009,BFM,AL,ASO,CE,Federal Contract Tower,2,8,7,2,19,0,2,7,0,9,2,10,14,2,28,4,0,4,32
10/05/2009,BFM,AL,ASO,CE,Federal Contract Tower,2,6,26,13,47,0,8,28,18,54,2,14,54,31,101,70,118,188,289
10/06/2009,BFM,AL,ASO,CE,Federal Contract Tower,13,6,31,42,92,0,6,34,20,60,13,12,65,62,152,42,114,156,308
10/07/2009,BFM,AL,ASO,CE,Federal Contract Tower,10,4,36,15,65,0,13,37,22,72,10,17,73,37,137,66,112,178,315
10/08/2009,BFM,AL,ASO,CE,Federal Contract Tower,10,7,19,12,48,0,4,41,45,90,10,11,60,57,138,78,196,274,412
10/09/2009,BFM,AL,ASO,CE,Federal Contract Tower,10,9,22,17,58,0,9,29,17,55,10,18,51,34,113,16,62,78,191
10/10/2009,BFM,AL,ASO,CE,Federal Contract Tower,4,1,5,0,10,0,2,17,2,21,4,3,22,2,31,20,0,20,51
10/11/2009,BFM,AL,ASO,CE,Federal Contract Tower,2,0,13,12,27,0,1,11,3,15,2,1,24,15,42,2,6,8,50
10/12/2009,BFM,AL,ASO,CE,Federal Contract Tower,3,4,6,0,13,0,2,27,0,29,3,6,33,0,42,42,0,42,84
10/13/2009,BFM,AL,ASO,CE,Federal Contract Tower,10,9,30,20,69,0,2,4,3,9,10,11,34,23,78,16,32,48,126
10/14/2009,BFM,AL,ASO,CE,Federal Contract Tower,8,9,22,26,65,0,7,39,18,64,8,16,61,44,129,62,62,124,253
10/15/2009,BFM,AL,ASO,CE,Federal Contract Tower,9,8,19,54,90,0,5,50,31,86,9,13,69,85,176,60,40,100,276
10/16/2009,BFM,AL,ASO,CE,Federal Contract Tower,8,12,20,37,77,0,2,18,18,38,8,14,38,55,115,8,46,54,169
10/17/2009,BFM,AL,ASO,CE,Federal Contract Tower,3,0,3,8,14,0,4,24,4,32,3,4,27,12,46,52,16,68,114
10/18/2009,BFM,AL,ASO,CE,Federal Contract Tower,8,0,6,5,19,0,2,30,24,56,8,2,36,29,75,30,16,46,121
10/19/2009,BFM,AL,ASO,CE,Federal Contract Tower,6,5,19,35,65,0,6,46,36,88,6,11,65,71,153,106,158,264,417
10/20/2009,BFM,AL,ASO,CE,Federal Contract Tower,11,8,28,41,88,0,9,55,42,106,11,17,83,83,194,80,178,258,452
10/21/2009,BFM,AL,ASO,CE,Federal Contract Tower,10,5,31,23,69,0,14,62,34,110,10,19,93,57,179,64,158,222,401
10/22/2009,BFM,AL,ASO,CE,Federal Contract Tower,7,8,20,28,63,0,3,31,20,54,7,11,51,48,117,66,102,168,285
10/23/2009,BFM,AL,ASO,CE,Federal Contract Tower,10,7,19,60,96,0,9,48,20,77,10,16,67,80,173,32,12,44,217
10/24/2009,BFM,AL,ASO,CE,Federal Contract Tower,4,1,6,0,11,0,4,34,7,45,4,5,40,7,56,84,58,142,198
10/25/2009,BFM,AL,ASO,CE,Federal Contract Tower,6,1,15,12,34,0,4,20,10,34,6,5,35,22,68,4,30,34,102
10/26/2009,BFM,AL,ASO,CE,Federal Contract Tower,3,7,15,56,81,0,5,52,22,79,3,12,67,78,160,106,64,170,330
10/27/2009,BFM,AL,ASO,CE,Federal Contract Tower,15,12,22,33,82,0,4,6,4,14,15,16,28,37,96,44,40,84,180
10/28/2009,BFM,AL,ASO,CE,Federal Contract Tower,7,9,30,36,82,0,7,63,24,94,7,16,93,60,176,78,130,208,384
10/29/2009,BFM,AL,ASO,CE,Federal Contract Tower,9,13,24,31,77,0,0,14,16,30,9,13,38,47,107,28,164,192,299
10/30/2009,BFM,AL,ASO,CE,Federal Contract Tower,8,9,14,51,82,0,4,5,22,31,8,13,19,73,113,4,86,90,203
10/31/2009,BFM,AL,ASO,CE,Federal Contract Tower,4,1,20,4,29,0,0,13,2,15,4,1,33,6,44,12,0,12,56
11/01/2009,BFM,AL,ASO,CE,Federal Contract Tower,2,1,13,0,16,0,2,36,9,47,2,3,49,9,63,48,10,58,121
11/02/2009,BFM,AL,ASO,CE,Federal Contract Tower,2,5,14,15,36,0,6,58,40,104,2,11,72,55,140,168,172,340,480
11/03/2009,BFM,AL,ASO,CE,Federal Contract Tower,8,9,19,31,67,0,5,52,44,101,8,14,71,75,168,104,214,318,486
11/04/2009,BFM,AL,ASO,CE,Federal Contract Tower,6,5,20,23,54,0,8,65,29,102,6,13,85,52,156,120,176,296,452
11/05/2009,BFM,AL,ASO,CE,Federal Contract Tower,10,4,26,20,60,0,7,61,16,84,10,11,87,36,144,76,84,160,304
11/06/2009,BFM,AL,ASO,CE,Federal Contract Tower,8,5,21,15,49,0,6,61,22,89,8,11,82,37,138,118,92,210,348
11/07/2009,BFM,AL,ASO,CE,Federal Contract Tower,4,1,10,2,17,0,4,55,11,70,4,5,65,13,87,96,50,146,233
11/08/2009,BFM,AL,ASO,CE,Federal Contract Tower,2,1,7,11,21,0,3,15,10,28,2,4,22,21,49,0,12,12,61
11/09/2009,BFM,AL,ASO,CE,Federal Contract Tower,2,6,11,0,19,0,0,7,0,7,2,6,18,0,26,0,0,0,26
11/10/2009,BFM,AL,ASO,CE,Federal Contract Tower,12,8,11,0,31,0,6,1,1,8,12,14,12,1,39,0,0,0,39
11/11/2009,BFM,AL,ASO,CE,Federal Contract Tower,9,2,23,19,53,0,5,16,8,29,9,7,39,27,82,4,56,60,142
11/12/2009,BFM,AL,ASO,CE,Federal Contract Tower,9,4,36,84,133,0,14,63,18,95,9,18,99,102,228,98,138,236,464
11/13/2009,BFM,AL,ASO,CE,Federal Contract Tower,8,3,22,36,69,0,10,76,23,109,8,13,98,59,178,106,80,186,364
11/14/2009,BFM,AL,ASO,CE,Federal Contract Tower,5,0,10,7,22,0,2,61,11,74,5,2,71,18,96,78,42,120,216
11/15/2009,BFM,AL,ASO,CE,Federal Contract Tower,2,0,27,33,62,0,0,24,13,37,2,0,51,46,99,1,50,51,150
11/16/2009,BFM,AL,ASO,CE,Federal Contract Tower,2,6,28,27,63,0,10,43,21,74,2,16,71,48,137,66,156,222,359
11/17/2009,BFM,AL,ASO,CE,Federal Contract Tower,12,6,9,64,91,0,9,27,31,67,12,15,36,95,158,10,166,176,334
11/18/2009,BFM,AL,ASO,CE,Federal Contract Tower,13,7,21,55,96,0,14,55,19,88,13,21,76,74,184,72,70,142,326
11/19/2009,BFM,AL,ASO,CE,Federal Contract Tower,10,4,28,28,70,0,8,45,27,80,10,12,73,55,150,32,90,122,272
11/20/2009,BFM,AL,ASO,CE,Federal Contract Tower,14,6,22,12,54,0,9,31,15,55,14,15,53,27,109,10,94,104,213
11/21/2009,BFM,AL,ASO,CE,Federal Contract Tower,16,0,2,6,24,7,2,17,5,31,23,2,19,11,55,8,24,32,87
11/22/2009,BFM,AL,ASO,CE,Federal Contract Tower,6,2,11,23,42,0,3,0,1,4,6,5,11,24,46,0,10,10,56
11/23/2009,BFM,AL,ASO,CE,Federal Contract Tower,3,6,9,14,32,0,3,10,10,23,3,9,19,24,55,8,112,120,175
11/24/2009,BFM,AL,ASO,CE,Federal Contract Tower,8,10,20,28,66,0,2,30,9,41,8,12,50,37,107,20,44,64,171
11/25/2009,BFM,AL,ASO,CE,Federal Contract Tower,8,11,21,17,57,0,10,51,17,78,8,21,72,34,135,42,54,96,231
11/26/2009,BFM,AL,ASO,CE,Federal Contract Tower,0,0,5,0,5,0,2,5,0,7,0,2,10,0,12,0,0,0,12
11/27/2009,BFM,AL,ASO,CE,Federal Contract Tower,8,3,11,1,23,0,10,27,4,41,8,13,38,5,64,26,8,34,98
11/28/2009,BFM,AL,ASO,CE,Federal Contract Tower,7,2,7,0,16,4,2,22,0,28,11,4,29,0,44,14,0,14,58
11/29/2009,BFM,AL,ASO,CE,Federal Contract Tower,2,3,10,0,15,0,1,26,0,27,2,4,36,0,42,38,0,38,80
11/30/2009,BFM,AL,ASO,CE,Federal Contract Tower,2,8,19,17,46,0,2,2,6,10,2,10,21,23,56,0,0,0,56
12/01/2009,BFM,AL,ASO,CE,Federal Contract Tower,10,9,19,1,39,0,1,3,5,9,10,10,22,6,48,0,24,24,72
12/02/2009,BFM,AL,ASO,CE,Federal Contract Tower,9,5,13,22,49,0,12,8,21,41,9,17,21,43,90,10,94,104,194
12/03/2009,BFM,AL,ASO,CE,Federal Contract Tower,11,6,21,24,62,0,5,26,20,51,11,11,47,44,113,10,168,178,291
12/04/2009,BFM,AL,ASO,CE,Federal Contract Tower,9,9,16,45,79,0,11,22,10,43,9,20,38,55,122,6,60,66,188
12/05/2009,BFM,AL,ASO,CE,Federal Contract Tower,4,0,11,17,32,0,2,20,13,35,4,2,31,30,67,8,38,46,113
12/06/2009,BFM,AL,ASO,CE,Federal Contract Tower,3,2,8,22,35,0,2,25,19,46,3,4,33,41,81,0,78,78,159
12/07/2009,BFM,AL,ASO,CE,Federal Contract Tower,4,6,18,20,48,0,2,14,26,42,4,8,32,46,90,8,126,134,224
12/08/2009,BFM,AL,ASO,CE,Federal Contract Tower,9,10,5,4,28,0,2,0,0,2,9,12,5,4,30,0,0,0,30
12/09/2009,BFM,AL,ASO,CE,Federal Contract Tower,11,7,15,63,96,0,8,12,32,52,11,15,27,95,148,0,138,138,286
12/10/2009,BFM,AL,ASO,CE,Federal Contract Tower,19,3,24,50,96,0,8,29,32,69,19,11,53,82,165,10,92,102,267
12/11/2009,BFM,AL,ASO,CE,Federal Contract Tower,12,4,19,46,81,0,10,11,10,31,12,14,30,56,112,0,46,46,158
12/12/2009,BFM,AL,ASO,CE,Federal Contract Tower,4,3,11,2,20,0,2,0,0,2,4,5,11,2,22,0,0,0,22
12/13/2009,BFM,AL,ASO,CE,Federal Contract Tower,2,0,3,2,7,0,2,0,0,2,2,2,3,2,9,0,0,0,9
12/14/2009,BFM,AL,ASO,CE,Federal Contract Tower,3,6,2,0,11,0,0,0,0,0,3,6,2,0,11,0,0,0,11
12/15/2009,BFM,AL,ASO,CE,Federal Contract Tower,12,10,5,6,33,0,2,1,1,4,12,12,6,7,37,0,12,12,49
12/16/2009,BFM,AL,ASO,CE,Federal Contract Tower,10,5,32,47,94,0,17,41,33,91,10,22,73,80,185,8,116,124,309
12/17/2009,BFM,AL,ASO,CE,Federal Contract Tower,8,5,38,17,68,0,5,28,3,36,8,10,66,20,104,28,0,28,132
12/18/2009,BFM,AL,ASO,CE,Federal Contract Tower,8,5,23,43,79,0,6,6,3,15,8,11,29,46,94,0,12,12,106
12/19/2009,BFM,AL,ASO,CE,Federal Contract Tower,4,0,7,13,24,0,7,47,3,57,4,7,54,16,81,28,10,38,119
12/20/2009,BFM,AL,ASO,CE,Federal Contract Tower,2,0,9,14,25,0,8,25,11,44,2,8,34,25,69,4,18,22,91
12/21/2009,BFM,AL,ASO,CE,Federal Contract Tower,2,3,15,26,46,0,11,50,17,78,2,14,65,43,124,30,62,92,216
12/22/2009,BFM,AL,ASO,CE,Federal Contract Tower,12,8,21,24,65,0,9,51,26,86,12,17,72,50,151,58,104,162,313
12/23/2009,BFM,AL,ASO,CE,Federal Contract Tower,11,13,14,18,56,0,6,23,13,42,11,19,37,31,98,48,54,102,200
12/24/2009,BFM,AL,ASO,CE,Federal Contract Tower,9,10,1,0,20,0,2,0,0,2,9,12,1,0,22,0,0,0,22
12/25/2009,BFM,AL,ASO,CE,Federal Contract Tower,1,0,2,0,3,0,4,6,0,10,1,4,8,0,13,0,0,0,13
12/26/2009,BFM,AL,ASO,CE,Federal Contract Tower,6,0,11,0,17,0,2,20,0,22,6,2,31,0,39,6,0,6,45
12/27/2009,BFM,AL,ASO,CE,Federal Contract Tower,2,0,8,0,10,0,3,20,0,23,2,3,28,0,33,34,0,34,67
12/28/2009,BFM,AL,ASO,CE,Federal Contract Tower,4,5,8,17,34,0,7,20,6,33,4,12,28,23,67,22,28,50,117
12/29/2009,BFM,AL,ASO,CE,Federal Contract Tower,8,8,9,9,34,0,7,37,7,51,8,15,46,16,85,36,28,64,149
12/30/2009,BFM,AL,ASO,CE,Federal Contract Tower,9,9,8,7,33,0,5,11,17,33,9,14,19,24,66,20,46,66,132
12/31/2009,BFM,AL,ASO,CE,Federal Contract Tower,12,6,7,0,25,0,6,19,0,25,12,12,26,0,50,6,0,6,56
01/01/2010,BFM,AL,ASO,CE,Federal Contract Tower,2,0,5,0,7,0,2,1,0,3,2,2,6,0,10,0,0,0,10
01/02/2010,BFM,AL,ASO,CE,Federal Contract Tower,9,0,18,0,27,0,2,18,0,20,9,2,36,0,47,6,0,6,53
01/03/2010,BFM,AL,ASO,CE,Federal Contract Tower,3,2,12,0,17,0,3,20,0,23,3,5,32,0,40,22,0,22,62
01/04/2010,BFM,AL,ASO,CE,Federal Contract Tower,6,5,14,24,49,0,5,32,17,54,6,10,46,41,103,56,106,162,265
01/05/2010,BFM,AL,ASO,CE,Federal Contract Tower,9,8,25,24,66,0,5,38,30,73,9,13,63,54,139,68,166,234,373
01/06/2010,BFM,AL,ASO,CE,Federal Contract Tower,9,5,19,70,103,1,15,30,26,72,10,20,49,96,175,48,82,130,305
01/07/2010,BFM,AL,ASO,CE,Federal Contract Tower,9,11,7,7,34,0,3,28,14,45,9,14,35,21,79,50,60,110,189
01/08/2010,BFM,AL,ASO,CE,Federal Contract Tower,10,6,9,28,53,0,9,12,17,38,10,15,21,45,91,2,70,72,163
01/09/2010,BFM,AL,ASO,CE,Federal Contract Tower,3,1,12,16,32,0,3,28,7,38,3,4,40,23,70,140,26,166,236
01/10/2010,BFM,AL,ASO,CE,Federal Contract Tower,4,3,11,19,37,0,1,38,10,49,4,4,49,29,86,48,34,82,168
01/11/2010,BFM,AL,ASO,CE,Federal Contract Tower,4,2,8,29,43,0,5,40,17,62,4,7,48,46,105,138,58,196,301
01/12/2010,BFM,AL,ASO,CE,Federal Contract Tower,8,5,18,43,74,0,6,49,21,76,8,11,67,64,150,104,100,204,354
01/13/2010,BFM,AL,ASO,CE,Federal Contract Tower,10,5,19,28,62,0,12,53,17,82,10,17,72,45,144,108,102,210,354
01/14/2010,BFM,AL,ASO,CE,Federal Contract Tower,8,7,14,14,43,0,6,39,24,69,8,13,53,38,112,70,126,196,308
01/15/2010,BFM,AL,ASO,CE,Federal Contract Tower,10,8,13,48,79,0,6,48,14,68,10,14,61,62,147,130,118,248,395
01/16/2010,BFM,AL,ASO,CE,Federal Contract Tower,3,2,11,3,19,0,0,0,0,0,3,2,11,3,19,0,0,0,19
01/17/2010,BFM,AL,ASO,CE,Federal Contract Tower,1,0,16,17,34,0,1,10,4,15,1,1,26,21,49,0,14,14,63
01/18/2010,BFM,AL,ASO,CE,Federal Contract Tower,2,1,14,7,24,1,4,73,1,79,3,5,87,8,103,146,0,146,249
01/19/2010,BFM,AL,ASO,CE,Federal Contract Tower,8,5,29,27,69,0,5,55,18,78,8,10,84,45,147,130,172,302,449
01/20/2010,BFM,AL,ASO,CE,Federal Contract Tower,6,7,20,26,59,0,6,15,5,26,6,13,35,31,85,42,20,62,147
01/21/2010,BFM,AL,ASO,CE,Federal Contract Tower,8,10,21,8,47,0,5,21,1,27,8,15,42,9,74,24,12,36,110
01/22/2010,BFM,AL,ASO,CE,Federal Contract Tower,11,5,41,35,92,0,11,78,22,111,11,16,119,57,203,50,128,178,381
01/23/2010,BFM,AL,ASO,CE,Federal Contract Tower,5,0,12,15,32,0,1,9,0,10,5,1,21,15,42,2,0,2,44
01/24/2010,BFM,AL,ASO,CE,Federal Contract Tower,1,0,5,3,9,0,0,5,8,13,1,0,10,11,22,0,0,0,22
01/25/2010,BFM,AL,ASO,CE,Federal Contract Tower,2,5,19,45,71,0,9,38,20,67,2,14,57,65,138,30,96,126,264
01/26/2010,BFM,AL,ASO,CE,Federal Contract Tower,8,9,33,17,67,0,6,59,33,98,8,15,92,50,165,36,174,210,375
01/27/2010,BFM,AL,ASO,CE,Federal Contract Tower,13,10,33,20,76,0,11,61,33,105,13,21,94,53,181,66,128,194,375
01/28/2010,BFM,AL,ASO,CE,Federal Contract Tower,11,6,14,29,60,0,6,57,13,76,11,12,71,42,136,42,62,104,240
01/29/2010,BFM,AL,ASO,CE,Federal Contract Tower,7,9,25,21,62,0,7,40,9,56,7,16,65,30,118,46,0,46,164
01/30/2010,BFM,AL,ASO,CE,Federal Contract Tower,4,6,11,8,29,0,0,17,3,20,4,6,28,11,49,8,2,10,59
01/31/2010,BFM,AL,ASO,CE,Federal Contract Tower,0,0,7,9,16,0,1,30,8,39,0,1,37,17,55,0,56,56,111
02/01/2010,BFM,AL,ASO,CE,Federal Contract Tower,2,12,19,25,58,0,4,38,26,68,2,16,57,51,126,84,116,200,326
02/02/2010,BFM,AL,ASO,CE,Federal Contract Tower,14,6,16,36,72,0,6,45,27,78,14,12,61,63,150,98,82,180,330
02/03/2010,BFM,AL,ASO,CE,Federal Contract Tower,8,5,15,43,71,0,13,47,20,80,8,18,62,63,151,98,134,232,383
02/04/2010,BFM,AL,ASO,CE,Federal Contract Tower,10,12,26,13,61,0,2,12,6,20,10,14,38,19,81,66,38,104,185
02/05/2010,BFM,AL,ASO,CE,Federal Contract Tower,9,11,18,37,75,0,11,13,7,31,9,22,31,44,106,8,46,54,160
02/06/2010,BFM,AL,ASO,CE,Federal Contract Tower,4,1,7,1,13,0,2,37,3,42,4,3,44,4,55,94,44,138,193
02/07/2010,BFM,AL,ASO,CE,Federal Contract Tower,1,0,13,21,35,0,5,26,16,47,1,5,39,37,82,2,24,26,108
02/08/2010,BFM,AL,ASO,CE,Federal Contract Tower,5,4,18,20,47,0,8,51,27,86,5,12,69,47,133,128,162,290,423
02/09/2010,BFM,AL,ASO,CE,Federal Contract Tower,15,16,10,33,74,0,7,3,22,32,15,23,13,55,106,0,106,106,212
02/10/2010,BFM,AL,ASO,CE,Federal Contract Tower,11,4,9,50,74,0,12,66,34,112,11,16,75,84,186,64,178,242,428
02/11/2010,BFM,AL,ASO,CE,Federal Contract Tower,9,8,6,36,59,0,8,30,12,50,9,16,36,48,109,90,84,174,283
02/12/2010,BFM,AL,ASO,CE,Federal Contract Tower,13,9,5,0,27,0,0,0,0,0,13,9,5,0,27,0,0,0,27
02/13/2010,BFM,AL,ASO,CE,Federal Contract Tower,9,2,14,9,34,0,2,41,1,44,9,4,55,10,78,48,0,48,126
02/14/2010,BFM,AL,ASO,CE,Federal Contract Tower,1,0,14,6,21,0,2,25,6,33,1,2,39,12,54,6,24,30,84
02/15/2010,BFM,AL,ASO,CE,Federal Contract Tower,2,2,8,4,16,0,5,31,0,36,2,7,39,4,52,40,0,40,92
02/16/2010,BFM,AL,ASO,CE,Federal Contract Tower,12,8,15,18,53,0,2,53,33,88,12,10,68,51,141,134,90,224,365
02/17/2010,BFM,AL,ASO,CE,Federal Contract Tower,7,14,29,45,95,0,12,44,31,87,7,26,73,76,182,82,166,248,430
02/18/2010,BFM,AL,ASO,CE,Federal Contract Tower,11,9,15,46,81,0,9,50,36,95,11,18,65,82,176,70,198,268,444
02/19/2010,BFM,AL,ASO,CE,Federal Contract Tower,8,9,10,11,38,0,9,55,24,88,8,18,65,35,126,44,104,148,274
02/20/2010,BFM,AL,ASO,CE,Federal Contract Tower,6,0,12,15,33,0,4,60,22,86,6,4,72,37,119,78,78,156,275
02/21/2010,BFM,AL,ASO,CE,Federal Contract Tower,2,4,6,21,33,0,1,16,4,21,2,5,22,25,54,18,50,68,122
02/22/2010,BFM,AL,ASO,CE,Federal Contract Tower,1,4,28,30,63,0,6,26,27,59,1,10,54,57,122,54,162,216,338
02/23/2010,BFM,AL,ASO,CE,Federal Contract Tower,9,7,35,63,114,0,9,38,12,59,9,16,73,75,173,94,82,176,349
02/24/2010,BFM,AL,ASO,CE,Federal Contract Tower,9,5,14,23,51,0,11,33,11,55,9,16,47,34,106,110,60,170,276
02/25/2010,BFM,AL,ASO,CE,Federal Contract Tower,11,9,35,34,89,0,5,72,21,98,11,14,107,55,187,112,48,160,347
02/26/2010,BFM,AL,ASO,CE,Federal Contract Tower,8,8,25,18,59,0,6,53,11,70,8,14,78,29,129,94,22,116,245
02/27/2010,BFM,AL,ASO,CE,Federal Contract Tower,3,0,12,8,23,0,3,32,9,44,3,3,44,17,67,22,72,94,161
02/28/2010,BFM,AL,ASO,CE,Federal Contract Tower,2,2,13,1,18,0,2,44,1,47,2,4,57,2,65,10,12,22,87
03/01/2010,BFM,AL,ASO,CE,Federal Contract Tower,2,6,12,4,24,0,1,32,10,43,2,7,44,14,67,70,68,138,205
03/02/2010,BFM,AL,ASO,CE,Federal Contract Tower,13,7,15,6,41,7,5,1,6,19,20,12,16,12,60,0,50,50,110
03/03/2010,BFM,AL,ASO,CE,Federal Contract Tower,9,8,25,54,96,0,12,56,34,102,9,20,81,88,198,110,148,258,456
03/04/2010,BFM,AL,ASO,CE,Federal Contract Tower,14,3,24,37,78,0,5,46,29,80,14,8,70,66,158,90,68,158,316
03/05/2010,BFM,AL,ASO,CE,Federal Contract Tower,8,7,23,15,53,0,8,80,6,94,8,15,103,21,147,112,30,142,289
03/06/2010,BFM,AL,ASO,CE,Federal Contract Tower,3,4,11,2,20,0,10,53,0,63,3,14,64,2,83,82,0,82,165
03/07/2010,BFM,AL,ASO,CE,Federal Contract Tower,2,2,6,0,10,0,4,49,0,53,2,6,55,0,63,78,0,78,141
03/08/2010,BFM,AL,ASO,CE,Federal Contract Tower,3,7,15,32,57,0,4,64,24,92,3,11,79,56,149,78,120,198,347
03/09/2010,BFM,AL,ASO,CE,Federal Contract Tower,7,13,23,15,58,0,5,6,7,18,7,18,29,22,76,14,64,78,154
03/10/2010,BFM,AL,ASO,CE,Federal Contract Tower,8,12,13,21,54,0,8,5,3,16,8,20,18,24,70,4,62,66,136
03/11/2010,BFM,AL,ASO,CE,Federal Contract Tower,11,15,15,44,85,0,6,60,36,102,11,21,75,80,187,76,82,158,345
03/12/2010,BFM,AL,ASO,CE,Federal Contract Tower,7,10,25,62,104,0,8,76,15,99,7,18,101,77,203,44,4,48,251
03/13/2010,BFM,AL,ASO,CE,Federal Contract Tower,7,2,12,21,42,0,2,31,6,39,7,4,43,27,81,22,8,30,111
03/14/2010,BFM,AL,ASO,CE,Federal Contract Tower,5,0,9,0,14,0,2,48,10,60,5,2,57,10,74,54,0,54,128
03/15/2010,BFM,AL,ASO,CE,Federal Contract Tower,2,6,2,79,89,0,6,47,29,82,2,12,49,108,171,208,100,308,479
03/16/2010,BFM,AL,ASO,CE,Federal Contract Tower,8,8,11,36,63,0,2,44,24,70,8,10,55,60,133,78,96,174,307
03/17/2010,BFM,AL,ASO,CE,Federal Contract Tower,12,8,18,25,63,0,11,22,9,42,12,19,40,34,105,38,40,78,183
03/18/2010,BFM,AL,ASO,CE,Federal Contract Tower,9,5,17,22,53,0,11,52,26,89,9,16,69,48,142,122,116,238,380
03/19/2010,BFM,AL,ASO,CE,Federal Contract Tower,9,9,24,30,72,0,12,61,15,88,9,21,85,45,160,60,56,116,276
03/20/2010,BFM,AL,ASO,CE,Federal Contract Tower,3,0,5,18,26,0,3,50,4,57,3,3,55,22,83,106,36,142,225
03/21/2010,BFM,AL,ASO,CE,Federal Contract Tower,1,0,6,0,7,0,0,11,7,18,1,0,17,7,25,4,6,10,35
03/22/2010,BFM,AL,ASO,CE,Federal Contract Tower,2,8,17,23,50,0,5,41,17,63,2,13,58,40,113,80,76,156,269
03/23/2010,BFM,AL,ASO,CE,Federal Contract Tower,10,4,12,19,45,0,6,50,17,73,10,10,62,36,118,118,82,200,318
03/24/2010,BFM,AL,ASO,CE,Federal Contract Tower,8,4,23,19,54,0,11,29,22,62,8,15,52,41,116,58,130,188,304
03/25/2010,BFM,AL,ASO,CE,Federal Contract Tower,8,11,19,6,44,0,2,8,4,14,8,13,27,10,58,20,10,30,88
03/26/2010,BFM,AL,ASO,CE,Federal Contract Tower,9,6,30,33,78,0,11,60,22,93,9,17,90,55,171,34,34,68,239
03/27/2010,BFM,AL,ASO,CE,Federal Contract Tower,3,0,4,4,11,0,4,34,6,44,3,4,38,10,55,54,10,64,119
03/28/2010,BFM,AL,ASO,CE,Federal Contract Tower,1,0,12,10,23,0,1,5,3,9,1,1,17,13,32,16,0,16,48
03/29/2010,BFM,AL,ASO,CE,Federal Contract Tower,1,3,11,34,49,0,14,20,19,53,1,17,31,53,102,20,88,108,210
03/30/2010,BFM,AL,ASO,CE,Federal Contract Tower,8,9,12,36,65,0,7,26,23,56,8,16,38,59,121,2,62,64,185
03/31/2010,BFM,AL,ASO,CE,Federal Contract Tower,12,6,15,23,56,0,18,44,30,92,12,24,59,53,148,62,140,202,350
04/01/2010,BFM,AL,ASO,CE,Federal Contract Tower,10,5,23,16,54,0,7,48,25,80,10,12,71,41,134,16,136,152,286
04/02/2010,BFM,AL,ASO,CE,Federal Contract Tower,11,9,5,26,51,0,8,41,22,71,11,17,46,48,122,30,122,152,274
04/03/2010,BFM,AL,ASO,CE,Federal Contract Tower,3,1,0,4,8,0,5,19,5,29,3,6,19,9,37,38,2,40,77
04/04/2010,BFM,AL,ASO,CE,Federal Contract Tower,2,4,7,3,16,0,0,8,1,9,2,4,15,4,25,0,4,4,29
04/05/2010,BFM,AL,ASO,CE,Federal Contract Tower,4,5,10,13,32,0,4,49,18,71,4,9,59,31,103,44,62,106,209
04/06/2010,BFM,AL,ASO,CE,Federal Contract Tower,12,6,29,25,72,3,7,32,24,66,15,13,61,49,138,20,98,118,256
04/07/2010,BFM,AL,ASO,CE,Federal Contract Tower,8,7,27,42,84,0,11,42,22,75,8,18,69,64,159,142,36,178,337
04/08/2010,BFM,AL,ASO,CE,Federal Contract Tower,11,6,25,53,95,0,8,14,19,41,11,14,39,72,136,8,110,118,254
04/09/2010,BFM,AL,ASO,CE,Federal Contract Tower,12,8,31,47,98,0,14,57,16,87,12,22,88,63,185,72,40,112,297
04/10/2010,BFM,AL,ASO,CE,Federal Contract Tower,11,2,15,21,49,0,3,50,1,54,11,5,65,22,103,92,12,104,207
04/11/2010,BFM,AL,ASO,CE,Federal Contract Tower,5,0,8,4,17,0,1,41,4,46,5,1,49,8,63,68,0,68,131
04/12/2010,BFM,AL,ASO,CE,Federal Contract Tower,7,7,9,37,60,7,11,49,15,82,14,18,58,52,142,92,102,194,336
04/13/2010,BFM,AL,ASO,CE,Federal Contract Tower,8,3,26,49,86,0,16,73,8,97,8,19,99,57,183,94,30,124,307
04/14/2010,BFM,AL,ASO,CE,Federal Contract Tower,8,3,37,41,89,0,16,49,18,83,8,19,86,59,172,54,44,98,270
04/15/2010,BFM,AL,ASO,CE,Federal Contract Tower,9,3,22,23,57,0,12,25,44,81,9,15,47,67,138,16,172,188,326
04/16/2010,BFM,AL,ASO,CE,Federal Contract Tower,8,3,17,29,57,0,15,31,10,56,8,18,48,39,113,52,86,138,251
04/17/2010,BFM,AL,ASO,CE,Federal Contract Tower,3,0,9,0,12,0,7,41,3,51,3,7,50,3,63,26,16,42,105
04/18/2010,BFM,AL,ASO,CE,Federal Contract Tower,1,0,18,16,35,0,2,36,11,49,1,2,54,27,84,24,8,32,116
04/19/2010,BFM,AL,ASO,CE,Federal Contract Tower,4,5,18,34,61,0,9,21,28,58,4,14,39,62,119,2,138,140,259
04/20/2010,BFM,AL,ASO,CE,Federal Contract Tower,11,5,21,58,95,0,4,25,17,46,11,9,46,75,141,14,96,110,251
04/21/2010,BFM,AL,ASO,CE,Federal Contract Tower,7,3,16,34,60,0,27,48,32,107,7,30,64,66,167,16,102,118,285
04/22/2010,BFM,AL,ASO,CE,Federal Contract Tower,8,5,31,30,74,0,10,33,18,61,8,15,64,48,135,40,140,180,315
04/23/2010,BFM,AL,ASO,CE,Federal Contract Tower,9,10,33,12,64,0,9,13,21,43,9,19,46,33,107,0,84,84,191
04/24/2010,BFM,AL,ASO,CE,Federal Contract Tower,4,0,2,0,6,0,0,0,0,0,4,0,2,0,6,0,0,0,6
04/25/2010,BFM,AL,ASO,CE,Federal Contract Tower,1,4,5,5,15,0,6,25,7,38,1,10,30,12,53,32,2,34,87
04/26/2010,BFM,AL,ASO,CE,Federal Contract Tower,6,6,20,51,83,0,11,21,23,55,6,17,41,74,138,18,120,138,276
04/27/2010,BFM,AL,ASO,CE,Federal Contract Tower,12,6,17,82,117,0,5,35,23,63,12,11,52,105,180,26,64,90,270
04/28/2010,BFM,AL,ASO,CE,Federal Contract Tower,8,6,28,61,103,0,16,31,23,70,8,22,59,84,173,6,58,64,237
04/29/2010,BFM,AL,ASO,CE,Federal Contract Tower,10,5,34,31,80,0,15,33,34,82,10,20,67,65,162,0,74,74,236
04/30/2010,BFM,AL,ASO,CE,Federal Contract Tower,9,8,32,1,50,0,6,12,9,27,9,14,44,10,77,0,38,38,115
05/01/2010,BFM,AL,ASO,CE,Federal Contract Tower,4,4,19,0,27,0,0,0,4,4,4,4,19,4,31,0,0,0,31
05/02/2010,BFM,AL,ASO,CE,Federal Contract Tower,5,4,12,2,23,0,0,4,0,4,5,4,16,2,27,0,0,0,27
05/03/2010,BFM,AL,ASO,CE,Federal Contract Tower,2,7,10,0,19,0,6,16,3,25,2,13,26,3,44,42,0,42,86
05/04/2010,BFM,AL,ASO,CE,Federal Contract Tower,7,12,26,68,113,0,8,42,37,87,7,20,68,105,200,8,96,104,304
05/05/2010,BFM,AL,ASO,CE,Federal Contract Tower,9,8,29,25,71,0,21,62,36,119,9,29,91,61,190,6,132,138,328
05/06/2010,BFM,AL,ASO,CE,Federal Contract Tower,10,10,29,34,83,0,21,54,39,114,10,31,83,73,197,30,118,148,345
05/07/2010,BFM,AL,ASO,CE,Federal Contract Tower,12,3,23,25,63,0,36,61,20,117,12,39,84,45,180,30,48,78,258
05/08/2010,BFM,AL,ASO,CE,Federal Contract Tower,3,4,23,0,30,0,25,22,3,50,3,29,45,3,80,32,0,32,112
05/09/2010,BFM,AL,ASO,CE,Federal Contract Tower,1,3,6,8,18,0,21,26,8,55,1,24,32,16,73,12,0,12,85
05/10/2010,BFM,AL,ASO,CE,Federal Contract Tower,3,14,24,31,72,0,29,38,28,95,3,43,62,59,167,30,90,120,287
05/11/2010,BFM,AL,ASO,CE,Federal Contract Tower,9,15,41,32,97,0,27,31,25,83,9,42,72,57,180,0,62,62,242
05/12/2010,BFM,AL,ASO,CE,Federal Contract Tower,7,5,37,43,92,0,30,31,37,98,7,35,68,80,190,36,80,116,306
05/13/2010,BFM,AL,ASO,CE,Federal Contract Tower,9,10,34,27,80,0,29,38,20,87,9,39,72,47,167,22,96,118,285
05/14/2010,BFM,AL,ASO,CE,Federal Contract Tower,13,14,24,15,66,0,35,41,21,97,13,49,65,36,163,26,44,70,233
05/15/2010,BFM,AL,ASO,CE,Federal Contract Tower,4,2,17,0,23,0,12,31,10,53,4,14,48,10,76,20,0,20,96
05/16/2010,BFM,AL,ASO,CE,Federal Contract Tower,1,7,9,2,19,0,1,2,4,7,1,8,11,6,26,0,0,0,26
05/17/2010,BFM,AL,ASO,CE,Federal Contract Tower,3,21,29,8,61,0,39,32,24,95,3,60,61,32,156,2,76,78,234
05/18/2010,BFM,AL,ASO,CE,Federal Contract Tower,9,10,30,15,64,0,31,25,20,76,9,41,55,35,140,24,2,26,166
05/19/2010,BFM,AL,ASO,CE,Federal Contract Tower,10,9,22,38,79,0,31,34,30,95,10,40,56,68,174,8,64,72,246
05/20/2010,BFM,AL,ASO,CE,Federal Contract Tower,11,16,39,39,105,0,33,30,32,95,11,49,69,71,200,6,94,100,300
05/21/2010,BFM,AL,ASO,CE,Federal Contract Tower,10,7,51,14,82,0,33,47,21,101,10,40,98,35,183,14,24,38,221
05/22/2010,BFM,AL,ASO,CE,Federal Contract Tower,4,4,15,13,36,0,29,55,20,104,4,33,70,33,140,38,36,74,214
05/23/2010,BFM,AL,ASO,CE,Federal Contract Tower,5,2,17,10,34,0,18,33,7,58,5,20,50,17,92,24,14,38,130
05/24/2010,BFM,AL,ASO,CE,Federal Contract Tower,10,9,35,31,85,0,24,33,28,85,10,33,68,59,170,16,74,90,260
05/25/2010,BFM,AL,ASO,CE,Federal Contract Tower,8,11,27,17,63,0,22,16,12,50,8,33,43,29,113,8,34,42,155
05/26/2010,BFM,AL,ASO,CE,Federal Contract Tower,7,13,31,41,92,0,32,31,30,93,7,45,62,71,185,0,96,96,281
05/27/2010,BFM,AL,ASO,CE,Federal Contract Tower,11,7,26,43,87,0,16,15,54,85,11,23,41,97,172,14,68,82,254
05/28/2010,BFM,AL,ASO,CE,Federal Contract Tower,14,6,16,7,43,0,34,33,11,78,14,40,49,18,121,12,74,86,207
05/29/2010,BFM,AL,ASO,CE,Federal Contract Tower,6,1,5,1,13,0,18,24,14,56,6,19,29,15,69,0,0,0,69
05/30/2010,BFM,AL,ASO,CE,Federal Contract Tower,4,0,7,0,11,2,14,10,2,28,6,14,17,2,39,26,0,26,65
05/31/2010,BFM,AL,ASO,CE,Federal Contract Tower,3,0,17,0,20,0,22,12,4,38,3,22,29,4,58,20,0,20,78
06/01/2010,BFM,AL,ASO,CE,Federal Contract Tower,4,6,12,17,39,0,21,15,13,49,4,27,27,30,88,0,50,50,138
06/02/2010,BFM,AL,ASO,CE,Federal Contract Tower,12,16,21,16,65,0,38,17,15,70,12,54,38,31,135,0,78,78,213
06/03/2010,BFM,AL,ASO,CE,Federal Contract Tower,8,9,28,27,72,0,15,13,8,36,8,24,41,35,108,10,90,100,208
06/04/2010,BFM,AL,ASO,CE,Federal Contract Tower,9,14,20,46,89,0,22,33,17,72,9,36,53,63,161,6,98,104,265
06/05/2010,BFM,AL,ASO,CE,Federal Contract Tower,3,3,33,9,48,0,22,14,14,50,3,25,47,23,98,18,28,46,144
06/06/2010,BFM,AL,ASO,CE,Federal Contract Tower,1,5,6,0,12,0,17,13,1,31,1,22,19,1,43,10,0,10,53
06/07/2010,BFM,AL,ASO,CE,Federal Contract Tower,4,5,20,79,108,0,33,42,38,113,4,38,62,117,221,14,78,92,313
06/08/2010,BFM,AL,ASO,CE,Federal Contract Tower,8,6,32,40,86,0,32,44,46,122,8,38,76,86,208,4,234,238,446
06/09/2010,BFM,AL,ASO,CE,Federal Contract Tower,14,7,30,78,129,0,41,41,20,102,14,48,71,98,231,20,70,90,321
06/10/2010,BFM,AL,ASO,CE,Federal Contract Tower,8,12,37,45,102,0,24,29,21,74,8,36,66,66,176,0,98,98,274
06/11/2010,BFM,AL,ASO,CE,Federal Contract Tower,8,3,27,28,66,0,47,33,27,107,8,50,60,55,173,0,78,78,251
06/12/2010,BFM,AL,ASO,CE,Federal Contract Tower,3,1,10,4,18,0,28,43,24,95,3,29,53,28,113,32,8,40,153
06/13/2010,BFM,AL,ASO,CE,Federal Contract Tower,5,1,9,6,21,0,37,28,2,67,5,38,37,8,88,12,0,12,100
06/14/2010,BFM,AL,ASO,CE,Federal Contract Tower,2,9,15,13,39,0,38,23,19,80,2,47,38,32,119,6,76,82,201
06/15/2010,BFM,AL,ASO,CE,Federal Contract Tower,8,9,13,9,39,0,23,22,20,65,8,32,35,29,104,24,82,106,210
06/16/2010,BFM,AL,ASO,CE,Federal Contract Tower,8,8,15,25,56,0,33,40,28,101,8,41,55,53,157,26,122,148,305
06/17/2010,BFM,AL,ASO,CE,Federal Contract Tower,8,9,38,18,73,0,27,24,16,67,8,36,62,34,140,4,24,28,168
06/18/2010,BFM,AL,ASO,CE,Federal Contract Tower,7,11,26,26,70,0,43,32,26,101,7,54,58,52,171,2,80,82,253
06/19/2010,BFM,AL,ASO,CE,Federal Contract Tower,4,2,15,4,25,0,20,36,0,56,4,22,51,4,81,8,0,8,89
06/20/2010,BFM,AL,ASO,CE,Federal Contract Tower,4,6,10,2,22,0,22,33,1,56,4,28,43,3,78,32,0,32,110
06/21/2010,BFM,AL,ASO,CE,Federal Contract Tower,2,13,11,28,54,0,24,22,17,63,2,37,33,45,117,10,24,34,151
06/22/2010,BFM,AL,ASO,CE,Federal Contract Tower,10,4,24,9,47,0,18,15,18,51,10,22,39,27,98,0,82,82,180
06/23/2010,BFM,AL,ASO,CE,Federal Contract Tower,16,10,26,55,107,0,30,21,26,77,16,40,47,81,184,12,48,60,244
06/24/2010,BFM,AL,ASO,CE,Federal Contract Tower,12,7,47,65,131,0,28,33,28,89,12,35,80,93,220,16,66,82,302
06/25/2010,BFM,AL,ASO,CE,Federal Contract Tower,18,9,23,36,86,0,40,55,34,129,18,49,78,70,215,22,74,96,311
06/26/2010,BFM,AL,ASO,CE,Federal Contract Tower,3,0,9,11,23,0,32,23,1,56,3,32,32,12,79,4,0,4,83
06/27/2010,BFM,AL,ASO,CE,Federal Contract Tower,5,3,7,11,26,0,24,21,6,51,5,27,28,17,77,0,6,6,83
06/28/2010,BFM,AL,ASO,CE,Federal Contract Tower,3,8,25,20,56,0,6,34,21,61,3,14,59,41,117,26,96,122,239
06/29/2010,BFM,AL,ASO,CE,Federal Contract Tower,8,7,16,21,52,0,19,15,10,44,8,26,31,31,96,20,60,80,176
06/30/2010,BFM,AL,ASO,CE,Federal Contract Tower,11,9,13,13,46,0,24,17,27,68,11,33,30,40,114,12,104,116,230
07/01/2010,BFM,AL,ASO,CE,Federal Contract Tower,9,10,15,1,35,0,15,9,12,36,9,25,24,13,71,18,100,118,189
07/02/2010,BFM,AL,ASO,CE,Federal Contract Tower,12,9,16,6,43,0,42,23,7,72,12,51,39,13,115,6,62,68,183
07/03/2010,BFM,AL,ASO,CE,Federal Contract Tower,3,5,7,0,15,0,31,27,7,65,3,36,34,7,80,20,16,36,116
07/04/2010,BFM,AL,ASO,CE,Federal Contract Tower,1,2,3,0,6,0,21,7,6,34,1,23,10,6,40,0,16,16,56
07/05/2010,BFM,AL,ASO,CE,Federal Contract Tower,0,1,11,0,12,0,13,4,0,17,0,14,15,0,29,0,0,0,29
07/06/2010,BFM,AL,ASO,CE,Federal Contract Tower,2,5,24,5,36,0,16,9,2,27,2,21,33,7,63,0,44,44,107
07/07/2010,BFM,AL,ASO,CE,Federal Contract Tower,9,10,23,50,92,0,31,44,39,114,9,41,67,89,206,96,112,208,414
07/08/2010,BFM,AL,ASO,CE,Federal Contract Tower,8,12,34,32,86,0,28,36,25,89,8,40,70,57,175,22,78,100,275
07/09/2010,BFM,AL,ASO,CE,Federal Contract Tower,10,8,24,36,78,0,34,42,12,88,10,42,66,48,166,20,18,38,204
07/10/2010,BFM,AL,ASO,CE,Federal Contract Tower,5,3,16,6,30,0,27,20,24,71,5,30,36,30,101,4,30,34,135
07/11/2010,BFM,AL,ASO,CE,Federal Contract Tower,1,3,8,10,22,0,18,13,6,37,1,21,21,16,59,8,12,20,79
07/12/2010,BFM,AL,ASO,CE,Federal Contract Tower,6,12,22,77,117,0,27,30,33,90,6,39,52,110,207,14,82,96,303
07/13/2010,BFM,AL,ASO,CE,Federal Contract Tower,12,8,20,74,114,0,27,36,25,88,12,35,56,99,202,10,82,92,294
07/14/2010,BFM,AL,ASO,CE,Federal Contract Tower,12,20,40,78,150,0,36,29,25,90,12,56,69,103,240,6,76,82,322
07/15/2010,BFM,AL,ASO,CE,Federal Contract Tower,9,14,34,18,75,0,24,25,33,82,9,38,59,51,157,0,100,100,257
07/16/2010,BFM,AL,ASO,CE,Federal Contract Tower,7,9,16,26,58,1,33,27,28,89,8,42,43,54,147,24,72,96,243
07/17/2010,BFM,AL,ASO,CE,Federal Contract Tower,3,11,8,8,30,0,21,13,6,40,3,32,21,14,70,4,18,22,92
07/18/2010,BFM,AL,ASO,CE,Federal Contract Tower,1,5,14,0,20,0,22,5,0,27,1,27,19,0,47,0,0,0,47
07/19/2010,BFM,AL,ASO,CE,Federal Contract Tower,5,12,21,34,72,0,22,36,22,80,5,34,57,56,152,12,122,134,286
07/20/2010,BFM,AL,ASO,CE,Federal Contract Tower,8,7,27,16,58,0,30,33,29,92,8,37,60,45,150,62,166,228,378
07/21/2010,BFM,AL,ASO,CE,Federal Contract Tower,7,11,27,41,86,0,38,63,33,134,7,49,90,74,220,60,202,262,482
07/22/2010,BFM,AL,ASO,CE,Federal Contract Tower,10,11,12,9,42,0,39,25,18,82,10,50,37,27,124,4,38,42,166
07/23/2010,BFM,AL,ASO,CE,Federal Contract Tower,8,12,26,6,52,0,29,49,10,88,8,41,75,16,140,34,42,76,216
07/24/2010,BFM,AL,ASO,CE,Federal Contract Tower,4,2,14,0,20,0,7,24,4,35,4,9,38,4,55,4,0,4,59
07/25/2010,BFM,AL,ASO,CE,Federal Contract Tower,2,1,6,0,9,0,14,6,0,20,2,15,12,0,29,6,0,6,35
07/26/2010,BFM,AL,ASO,CE,Federal Contract Tower,7,9,17,43,76,0,21,25,32,78,7,30,42,75,154,24,196,220,374
07/27/2010,BFM,AL,ASO,CE,Federal Contract Tower,10,9,16,41,76,0,47,38,24,109,10,56,54,65,185,70,166,236,421
07/28/2010,BFM,AL,ASO,CE,Federal Contract Tower,15,10,17,8,50,0,51,44,34,129,15,61,61,42,179,22,180,202,381
07/29/2010,BFM,AL,ASO,CE,Federal Contract Tower,13,10,32,29,84,0,18,35,32,85,13,28,67,61,169,16,206,222,391
07/30/2010,BFM,AL,ASO,CE,Federal Contract Tower,8,16,26,30,80,0,17,35,7,59,8,33,61,37,139,28,8,36,175
07/31/2010,BFM,AL,ASO,CE,Federal Contract Tower,5,1,13,13,32,0,17,22,5,44,5,18,35,18,76,2,42,44,120
08/01/2010,BFM,AL,ASO,CE,Federal Contract Tower,2,7,6,6,21,0,14,30,5,49,2,21,36,11,70,26,0,26,96
08/02/2010,BFM,AL,ASO,CE,Federal Contract Tower,2,15,9,13,39,0,12,21,13,46,2,27,30,26,85,60,78,138,223
08/03/2010,BFM,AL,ASO,CE,Federal Contract Tower,8,5,12,15,40,0,11,25,19,55,8,16,37,34,95,24,70,94,189
08/04/2010,BFM,AL,ASO,CE,Federal Contract Tower,8,8,25,12,53,0,23,22,11,56,8,31,47,23,109,12,12,24,133
08/05/2010,BFM,AL,ASO,CE,Federal Contract Tower,9,11,29,9,58,0,23,29,26,78,9,34,58,35,136,24,52,76,212
08/06/2010,BFM,AL,ASO,CE,Federal Contract Tower,12,7,29,40,88,0,24,40,41,105,12,31,69,81,193,28,90,118,311
08/07/2010,BFM,AL,ASO,CE,Federal Contract Tower,5,0,7,2,14,0,16,22,5,43,5,16,29,7,57,12,42,54,111
08/08/2010,BFM,AL,ASO,CE,Federal Contract Tower,1,7,3,11,22,0,17,9,1,27,1,24,12,12,49,28,8,36,85
08/09/2010,BFM,AL,ASO,CE,Federal Contract Tower,6,8,19,32,65,0,17,31,36,84,6,25,50,68,149,30,204,234,383
08/10/2010,BFM,AL,ASO,CE,Federal Contract Tower,10,8,16,40,74,0,19,30,38,87,10,27,46,78,161,10,214,224,385
08/11/2010,BFM,AL,ASO,CE,Federal Contract Tower,9,7,8,20,44,0,19,26,21,66,9,26,34,41,110,52,102,154,264
08/12/2010,BFM,AL,ASO,CE,Federal Contract Tower,13,9,14,5,41,0,17,10,16,43,13,26,24,21,84,0,82,82,166
08/13/2010,BFM,AL,ASO,CE,Federal Contract Tower,8,8,12,11,39,0,21,11,14,46,8,29,23,25,85,6,58,64,149
08/14/2010,BFM,AL,ASO,CE,Federal Contract Tower,4,2,21,11,38,0,11,16,0,27,4,13,37,11,65,14,0,14,79
08/15/2010,BFM,AL,ASO,CE,Federal Contract Tower,1,8,8,2,19,0,9,14,5,28,1,17,22,7,47,22,8,30,77
08/16/2010,BFM,AL,ASO,CE,Federal Contract Tower,2,7,20,5,34,0,16,20,7,43,2,23,40,12,77,8,40,48,125
08/17/2010,BFM,AL,ASO,CE,Federal Contract Tower,16,12,17,15,60,0,11,27,7,45,16,23,44,22,105,26,30,56,161
08/18/2010,BFM,AL,ASO,CE,Federal Contract Tower,14,10,26,19,69,0,21,38,28,87,14,31,64,47,156,20,120,140,296
08/19/2010,BFM,AL,ASO,CE,Federal Contract Tower,12,8,14,36,70,0,16,19,33,68,12,24,33,69,138,18,120,138,276
08/20/2010,BFM,AL,ASO,CE,Federal Contract Tower,8,10,49,23,90,0,28,26,17,71,8,38,75,40,161,0,82,82,243
08/21/2010,BFM,AL,ASO,CE,Federal Contract Tower,3,5,22,8,38,0,6,22,2,30,3,11,44,10,68,4,0,4,72
08/22/2010,BFM,AL,ASO,CE,Federal Contract Tower,1,1,10,14,26,0,17,22,7,46,1,18,32,21,72,0,24,24,96
08/23/2010,BFM,AL,ASO,CE,Federal Contract Tower,5,10,18,25,58,1,26,27,28,82,6,36,45,53,140,6,86,92,232
08/24/2010,BFM,AL,ASO,CE,Federal Contract Tower,8,8,23,47,86,0,7,33,37,77,8,15,56,84,163,18,166,184,347
08/25/2010,BFM,AL,ASO,CE,Federal Contract Tower,10,10,34,40,94,0,22,51,29,102,10,32,85,69,196,16,84,100,296
08/26/2010,BFM,AL,ASO,CE,Federal Contract Tower,9,10,23,39,81,0,21,30,25,76,9,31,53,64,157,8,126,134,291
08/27/2010,BFM,AL,ASO,CE,Federal Contract Tower,9,14,28,3,54,0,10,13,2,25,9,24,41,5,79,32,0,32,111
08/28/2010,BFM,AL,ASO,CE,Federal Contract Tower,3,4,9,0,16,0,2,1,0,3,3,6,10,0,19,0,0,0,19
08/29/2010,BFM,AL,ASO,CE,Federal Contract Tower,0,2,7,8,17,0,1,7,0,8,0,3,14,8,25,0,0,0,25
08/30/2010,BFM,AL,ASO,CE,Federal Contract Tower,4,13,25,0,42,0,20,12,4,36,4,33,37,4,78,24,4,28,106
08/31/2010,BFM,AL,ASO,CE,Federal Contract Tower,6,11,25,34,76,0,14,36,41,91,6,25,61,75,167,8,132,140,307
09/01/2010,BFM,AL,ASO,CE,Federal Contract Tower,9,9,35,30,83,0,23,33,26,82,9,32,68,56,165,34,78,112,277
09/02/2010,BFM,AL,ASO,CE,Federal Contract Tower,10,13,28,29,80,0,16,33,29,78,10,29,61,58,158,8,206,214,372
09/03/2010,BFM,AL,ASO,CE,Federal Contract Tower,11,10,17,25,63,0,21,29,6,56,11,31,46,31,119,6,8,14,133
09/04/2010,BFM,AL,ASO,CE,Federal Contract Tower,6,0,6,4,16,0,5,20,0,25,6,5,26,4,41,0,0,0,41
09/05/2010,BFM,AL,ASO,CE,Federal Contract Tower,0,1,10,12,23,0,4,22,1,27,0,5,32,13,50,0,0,0,50
09/06/2010,BFM,AL,ASO,CE,Federal Contract Tower,0,2,17,0,19,0,8,30,0,38,0,10,47,0,57,36,0,36,93
09/07/2010,BFM,AL,ASO,CE,Federal Contract Tower,2,6,20,39,67,0,8,38,38,84,2,14,58,77,151,12,170,182,333
09/08/2010,BFM,AL,ASO,CE,Federal Contract Tower,8,14,34,47,103,0,9,36,35,80,8,23,70,82,183,28,178,206,389
09/09/2010,BFM,AL,ASO,CE,Federal Contract Tower,10,6,41,33,90,0,5,30,21,56,10,11,71,54,146,0,100,100,246
09/10/2010,BFM,AL,ASO,CE,Federal Contract Tower,10,10,16,20,56,0,7,21,16,44,10,17,37,36,100,14,156,170,270
09/11/2010,BFM,AL,ASO,CE,Federal Contract Tower,6,0,14,4,24,0,6,22,4,32,6,6,36,8,56,18,0,18,74
09/12/2010,BFM,AL,ASO,CE,Federal Contract Tower,4,0,11,10,25,1,6,11,2,20,5,6,22,12,45,0,0,0,45
09/13/2010,BFM,AL,ASO,CE,Federal Contract Tower,4,6,24,25,59,0,12,27,14,53,4,18,51,39,112,0,114,114,226
09/14/2010,BFM,AL,ASO,CE,Federal Contract Tower,10,5,13,44,72,0,9,27,22,58,10,14,40,66,130,34,110,144,274
09/15/2010,BFM,AL,ASO,CE,Federal Contract Tower,7,7,43,40,97,0,11,38,23,72,7,18,81,63,169,66,134,200,369
09/16/2010,BFM,AL,ASO,CE,Federal Contract Tower,11,8,34,48,101,0,15,31,23,69,11,23,65,71,170,20,78,98,268
09/17/2010,BFM,AL,ASO,CE,Federal Contract Tower,10,11,17,17,55,0,11,32,19,62,10,22,49,36,117,76,80,156,273
09/18/2010,BFM,AL,ASO,CE,Federal Contract Tower,6,1,7,7,21,0,5,27,1,33,6,6,34,8,54,52,4,56,110
09/19/2010,BFM,AL,ASO,CE,Federal Contract Tower,2,0,5,18,25,0,8,27,11,46,2,8,32,29,71,20,2,22,93
09/20/2010,BFM,AL,ASO,CE,Federal Contract Tower,2,5,21,38,66,0,15,28,17,60,2,20,49,55,126,40,58,98,224
09/21/2010,BFM,AL,ASO,CE,Federal Contract Tower,8,7,31,24,70,0,11,37,18,66,8,18,68,42,136,24,82,106,242
09/22/2010,BFM,AL,ASO,CE,Federal Contract Tower,9,11,25,43,88,0,15,36,30,81,9,26,61,73,169,36,210,246,415
09/23/2010,BFM,AL,ASO,CE,Federal Contract Tower,7,8,12,24,51,0,18,68,23,109,7,26,80,47,160,60,122,182,342
09/24/2010,BFM,AL,ASO,CE,Federal Contract Tower,12,7,24,8,51,0,11,45,9,65,12,18,69,17,116,50,14,64,180
09/25/2010,BFM,AL,ASO,CE,Federal Contract Tower,3,2,6,2,13,0,5,35,3,43,3,7,41,5,56,72,24,96,152
09/26/2010,BFM,AL,ASO,CE,Federal Contract Tower,5,0,9,2,16,0,2,5,0,7,5,2,14,2,23,10,0,10,33
09/27/2010,BFM,AL,ASO,CE,Federal Contract Tower,2,5,10,24,41,0,12,45,5,62,2,17,55,29,103,36,38,74,177
09/28/2010,BFM,AL,ASO,CE,Federal Contract Tower,8,10,22,51,91,0,4,45,39,88,8,14,67,90,179,80,242,322,501
09/29/2010,BFM,AL,ASO,CE,Federal Contract Tower,9,6,30,41,86,0,13,38,31,82,9,19,68,72,168,128,238,366,534
09/30/2010,BFM,AL,ASO,CE,Federal Contract Tower,7,7,35,20,69,0,9,66,12,87,7,16,101,32,156,84,60,144,300
10/01/2010,BFM,AL,ASO,CE,Federal Contract Tower,9,13,26,27,75,0,11,60,24,95,9,24,86,51,170,60,92,152,322
10/02/2010,BFM,AL,ASO,CE,Federal Contract Tower,4,1,8,0,13,0,5,19,0,24,4,6,27,0,37,20,0,20,57
10/03/2010,BFM,AL,ASO,CE,Federal Contract Tower,2,0,19,23,44,0,0,23,6,29,2,0,42,29,73,8,62,70,143
10/04/2010,BFM,AL,ASO,CE,Federal Contract Tower,2,11,7,15,35,0,7,50,19,76,2,18,57,34,111,92,84,176,287
10/05/2010,BFM,AL,ASO,CE,Federal Contract Tower,7,4,18,63,92,0,5,85,54,144,7,9,103,117,236,144,262,406,642
10/06/2010,BFM,AL,ASO,CE,Federal Contract Tower,7,7,18,76,108,0,9,84,39,132,7,16,102,115,240,130,220,350,590
10/07/2010,BFM,AL,ASO,CE,Federal Contract Tower,7,15,34,43,99,0,9,70,30,109,7,24,104,73,208,90,204,294,502
10/08/2010,BFM,AL,ASO,CE,Federal Contract Tower,9,8,17,25,59,0,7,44,12,63,9,15,61,37,122,30,14,44,166
10/09/2010,BFM,AL,ASO,CE,Federal Contract Tower,2,1,5,0,8,0,5,31,0,36,2,6,36,0,44,22,0,22,66
10/10/2010,BFM,AL,ASO,CE,Federal Contract Tower,1,0,5,0,6,0,6,20,0,26,1,6,25,0,32,4,0,4,36
10/11/2010,BFM,AL,ASO,CE,Federal Contract Tower,2,5,9,6,22,0,7,35,0,42,2,12,44,6,64,10,0,10,74
10/12/2010,BFM,AL,ASO,CE,Federal Contract Tower,7,8,9,15,39,0,8,25,21,54,7,16,34,36,93,24,168,192,285
10/13/2010,BFM,AL,ASO,CE,Federal Contract Tower,10,9,19,39,77,0,6,49,21,76,10,15,68,60,153,82,46,128,281
10/14/2010,BFM,AL,ASO,CE,Federal Contract Tower,11,7,32,55,105,0,7,46,24,77,11,14,78,79,182,72,122,194,376
10/15/2010,BFM,AL,ASO,CE,Federal Contract Tower,16,13,23,22,74,0,15,46,16,77,16,28,69,38,151,132,80,212,363
10/16/2010,BFM,AL,ASO,CE,Federal Contract Tower,5,0,23,1,29,0,2,29,1,32,5,2,52,2,61,12,0,12,73
10/17/2010,BFM,AL,ASO,CE,Federal Contract Tower,1,0,3,5,9,0,2,28,2,32,1,2,31,7,41,8,0,8,49
10/18/2010,BFM,AL,ASO,CE,Federal Contract Tower,4,4,31,24,63,0,12,34,38,84,4,16,65,62,147,100,212,312,459
10/19/2010,BFM,AL,ASO,CE,Federal Contract Tower,11,7,27,44,89,0,10,45,41,96,11,17,72,85,185,74,182,256,441
10/20/2010,BFM,AL,ASO,CE,Federal Contract Tower,13,10,10,63,96,0,12,43,15,70,13,22,53,78,166,98,84,182,348
10/21/2010,BFM,AL,ASO,CE,Federal Contract Tower,8,10,22,20,60,0,5,42,20,67,8,15,64,40,127,48,90,138,265
10/22/2010,BFM,AL,ASO,CE,Federal Contract Tower,13,12,14,27,66,0,7,54,18,79,13,19,68,45,145,40,144,184,329
10/23/2010,BFM,AL,ASO,CE,Federal Contract Tower,3,5,2,4,14,0,2,24,4,30,3,7,26,8,44,32,18,50,94
10/24/2010,BFM,AL,ASO,CE,Federal Contract Tower,4,1,9,1,15,0,0,8,2,10,4,1,17,3,25,12,10,22,47
10/25/2010,BFM,AL,ASO,CE,Federal Contract Tower,2,9,13,36,60,0,1,12,15,28,2,10,25,51,88,0,72,72,160
10/26/2010,BFM,AL,ASO,CE,Federal Contract Tower,8,9,36,33,86,0,2,14,7,23,8,11,50,40,109,6,66,72,181
10/27/2010,BFM,AL,ASO,CE,Federal Contract Tower,11,9,11,30,61,0,10,4,4,18,11,19,15,34,79,0,60,60,139
10/28/2010,BFM,AL,ASO,CE,Federal Contract Tower,9,9,25,56,99,0,4,23,18,45,9,13,48,74,144,12,88,100,244
10/29/2010,BFM,AL,ASO,CE,Federal Contract Tower,8,6,39,61,114,0,12,63,16,91,8,18,102,77,205,46,42,88,293
10/30/2010,BFM,AL,ASO,CE,Federal Contract Tower,4,1,8,4,17,0,4,38,6,48,4,5,46,10,65,80,8,88,153
10/31/2010,BFM,AL,ASO,CE,Federal Contract Tower,1,0,11,4,16,0,1,29,4,34,1,1,40,8,50,34,10,44,94
11/01/2010,BFM,AL,ASO,CE,Federal Contract Tower,4,7,24,37,72,0,10,36,37,83,4,17,60,74,155,108,246,354,509
11/02/2010,BFM,AL,ASO,CE,Federal Contract Tower,9,9,3,7,28,0,6,2,8,16,9,15,5,15,44,0,74,74,118
11/03/2010,BFM,AL,ASO,CE,Federal Contract Tower,11,12,9,0,32,0,4,1,4,9,11,16,10,4,41,0,34,34,75
11/04/2010,BFM,AL,ASO,CE,Federal Contract Tower,9,8,30,60,107,0,4,18,40,62,9,12,48,100,169,4,232,236,405
11/05/2010,BFM,AL,ASO,CE,Federal Contract Tower,14,14,20,41,89,0,9,38,47,94,14,23,58,88,183,42,230,272,455
11/06/2010,BFM,AL,ASO,CE,Federal Contract Tower,2,1,8,2,13,0,5,26,3,34,2,6,34,5,47,62,28,90,137
11/07/2010,BFM,AL,ASO,CE,Federal Contract Tower,2,2,6,41,51,0,3,45,10,58,2,5,51,51,109,74,10,84,193
11/08/2010,BFM,AL,ASO,CE,Federal Contract Tower,4,7,28,35,74,0,11,48,54,113,4,18,76,89,187,156,274,430,617
11/09/2010,BFM,AL,ASO,CE,Federal Contract Tower,10,7,17,27,61,0,11,51,35,97,10,18,68,62,158,126,240,366,524
11/10/2010,BFM,AL,ASO,CE,Federal Contract Tower,10,7,26,26,69,0,9,54,37,100,10,16,80,63,169,90,230,320,489
11/11/2010,BFM,AL,ASO,CE,Federal Contract Tower,8,4,32,0,44,0,9,49,18,76,8,13,81,18,120,46,88,134,254
11/12/2010,BFM,AL,ASO,CE,Federal Contract Tower,10,10,23,17,60,0,10,55,39,104,10,20,78,56,164,50,106,156,320
11/13/2010,BFM,AL,ASO,CE,Federal Contract Tower,10,1,11,16,38,0,1,45,12,58,10,2,56,28,96,60,18,78,174
11/14/2010,BFM,AL,ASO,CE,Federal Contract Tower,1,1,29,4,35,0,1,25,5,31,1,2,54,9,66,42,40,82,148
11/15/2010,BFM,AL,ASO,CE,Federal Contract Tower,4,13,19,2,38,0,0,3,0,3,4,13,22,2,41,0,0,0,41
11/16/2010,BFM,AL,ASO,CE,Federal Contract Tower,8,7,22,54,91,0,5,22,36,63,8,12,44,90,154,26,210,236,390
11/17/2010,BFM,AL,ASO,CE,Federal Contract Tower,8,4,45,57,114,0,13,40,49,102,8,17,85,106,216,32,242,274,490
11/18/2010,BFM,AL,ASO,CE,Federal Contract Tower,9,11,25,25,70,0,6,34,21,61,9,17,59,46,131,24,92,116,247
11/19/2010,BFM,AL,ASO,CE,Federal Contract Tower,12,7,20,31,70,0,11,37,28,76,12,18,57,59,146,28,170,198,344
11/20/2010,BFM,AL,ASO,CE,Federal Contract Tower,3,0,10,9,22,0,3,12,3,18,3,3,22,12,40,10,8,18,58
11/21/2010,BFM,AL,ASO,CE,Federal Contract Tower,1,2,12,12,27,0,4,33,5,42,1,6,45,17,69,32,12,44,113
11/22/2010,BFM,AL,ASO,CE,Federal Contract Tower,2,6,16,25,49,0,4,20,9,33,2,10,36,34,82,12,38,50,132
11/23/2010,BFM,AL,ASO,CE,Federal Contract Tower,8,15,22,26,71,0,7,37,27,71,8,22,59,53,142,42,84,126,268
11/24/2010,BFM,AL,ASO,CE,Federal Contract Tower,7,8,21,8,44,0,9,23,2,34,7,17,44,10,78,8,28,36,114
11/25/2010,BFM,AL,ASO,CE,Federal Contract Tower,0,2,2,0,4,0,2,0,0,2,0,4,2,0,6,0,0,0,6
11/26/2010,BFM,AL,ASO,CE,Federal Contract Tower,8,7,10,0,25,0,6,0,0,6,8,13,10,0,31,0,0,0,31
11/27/2010,BFM,AL,ASO,CE,Federal Contract Tower,3,0,4,0,7,0,4,26,0,30,3,4,30,0,37,40,0,40,77
11/28/2010,BFM,AL,ASO,CE,Federal Contract Tower,1,0,13,11,25,0,3,28,0,31,1,3,41,11,56,38,14,52,108
11/29/2010,BFM,AL,ASO,CE,Federal Contract Tower,2,12,14,34,62,0,0,1,0,1,2,12,15,34,63,0,0,0,63
11/30/2010,BFM,AL,ASO,CE,Federal Contract Tower,9,11,3,0,23,0,4,3,2,9,9,15,6,2,32,0,46,46,78
12/01/2010,BFM,AL,ASO,CE,Federal Contract Tower,10,7,12,71,100,0,10,37,50,97,10,17,49,121,197,42,242,284,481
12/02/2010,BFM,AL,ASO,CE,Federal Contract Tower,8,8,31,75,122,0,7,35,43,85,8,15,66,118,207,56,194,250,457
12/03/2010,BFM,AL,ASO,CE,Federal Contract Tower,9,5,20,49,83,0,10,43,20,73,9,15,63,69,156,74,162,236,392
12/04/2010,BFM,AL,ASO,CE,Federal Contract Tower,7,0,18,13,38,0,3,41,6,50,7,3,59,19,88,52,40,92,180
12/05/2010,BFM,AL,ASO,CE,Federal Contract Tower,1,0,13,36,50,0,5,24,8,37,1,5,37,44,87,14,54,68,155
12/06/2010,BFM,AL,ASO,CE,Federal Contract Tower,2,8,16,44,70,0,7,36,41,84,2,15,52,85,154,14,202,216,370
12/07/2010,BFM,AL,ASO,CE,Federal Contract Tower,9,6,11,50,76,0,16,34,30,80,9,22,45,80,156,62,186,248,404
12/08/2010,BFM,AL,ASO,CE,Federal Contract Tower,8,5,15,56,84,0,21,18,28,67,8,26,33,84,151,46,230,276,427
12/09/2010,BFM,AL,ASO,CE,Federal Contract Tower,7,8,16,74,105,0,11,21,42,74,7,19,37,116,179,22,222,244,423
12/10/2010,BFM,AL,ASO,CE,Federal Contract Tower,9,9,27,51,96,0,7,33,12,52,9,16,60,63,148,22,74,96,244
12/11/2010,BFM,AL,ASO,CE,Federal Contract Tower,5,3,13,12,33,0,3,26,5,34,5,6,39,17,67,18,6,24,91
12/12/2010,BFM,AL,ASO,CE,Federal Contract Tower,1,0,1,6,8,0,1,4,3,8,1,1,5,9,16,22,16,38,54
12/13/2010,BFM,AL,ASO,CE,Federal Contract Tower,2,6,20,53,81,0,11,31,35,77,2,17,51,88,158,4,188,192,350
12/14/2010,BFM,AL,ASO,CE,Federal Contract Tower,8,5,12,80,105,0,6,42,37,85,8,11,54,117,190,24,164,188,378
12/15/2010,BFM,AL,ASO,CE,Federal Contract Tower,9,8,18,60,95,0,9,37,25,71,9,17,55,85,166,32,170,202,368
12/16/2010,BFM,AL,ASO,CE,Federal Contract Tower,6,8,14,9,37,0,5,14,7,26,6,13,28,16,63,0,62,62,125
12/17/2010,BFM,AL,ASO,CE,Federal Contract Tower,9,8,38,47,102,0,6,1,4,11,9,14,39,51,113,0,30,30,143
12/18/2010,BFM,AL,ASO,CE,Federal Contract Tower,3,2,19,6,30,0,2,13,1,16,3,4,32,7,46,18,20,38,84
12/19/2010,BFM,AL,ASO,CE,Federal Contract Tower,0,0,6,2,8,0,4,21,3,28,0,4,27,5,36,24,28,52,88
12/20/2010,BFM,AL,ASO,CE,Federal Contract Tower,3,6,11,44,64,0,7,37,19,63,3,13,48,63,127,22,118,140,267
12/21/2010,BFM,AL,ASO,CE,Federal Contract Tower,10,9,10,48,77,0,6,17,28,51,10,15,27,76,128,10,72,82,210
12/22/2010,BFM,AL,ASO,CE,Federal Contract Tower,19,6,22,73,120,0,7,12,15,34,19,13,34,88,154,0,60,60,214
12/23/2010,BFM,AL,ASO,CE,Federal Contract Tower,11,4,18,24,57,0,9,22,18,49,11,13,40,42,106,4,42,46,152
12/24/2010,BFM,AL,ASO,CE,Federal Contract Tower,8,3,7,0,18,0,7,25,2,34,8,10,32,2,52,4,0,4,56
12/25/2010,BFM,AL,ASO,CE,Federal Contract Tower,0,0,0,0,0,0,0,0,0,0,0,0,0,0,0,0,0,0,0
12/26/2010,BFM,AL,ASO,CE,Federal Contract Tower,2,0,11,0,13,0,1,3,0,4,2,1,14,0,17,0,0,0,17
12/27/2010,BFM,AL,ASO,CE,Federal Contract Tower,6,8,9,23,46,0,5,13,6,24,6,13,22,29,70,14,54,68,138
12/28/2010,BFM,AL,ASO,CE,Federal Contract Tower,11,7,9,26,53,0,9,46,11,66,11,16,55,37,119,76,58,134,253
12/29/2010,BFM,AL,ASO,CE,Federal Contract Tower,10,5,10,3,28,1,19,18,6,44,11,24,28,9,72,14,38,52,124
12/30/2010,BFM,AL,ASO,CE,Federal Contract Tower,13,7,14,5,39,0,3,2,2,7,13,10,16,7,46,0,0,0,46
12/31/2010,BFM,AL,ASO,CE,Federal Contract Tower,10,5,12,0,27,0,0,0,0,0,10,5,12,0,27,0,0,0,27
01/01/2011,BFM,AL,ASO,CE,Federal Contract Tower,2,0,2,0,4,0,0,0,0,0,2,0,2,0,4,0,0,0,4
01/02/2011,BFM,AL,ASO,CE,Federal Contract Tower,3,3,14,0,20,0,4,13,0,17,3,7,27,0,37,10,0,10,47
01/03/2011,BFM,AL,ASO,CE,Federal Contract Tower,3,6,11,22,42,0,10,35,20,65,3,16,46,42,107,8,134,142,249
01/04/2011,BFM,AL,ASO,CE,Federal Contract Tower,12,5,17,73,107,0,9,18,21,48,12,14,35,94,155,4,148,152,307
01/05/2011,BFM,AL,ASO,CE,Federal Contract Tower,8,11,27,26,72,0,8,1,0,9,8,19,28,26,81,0,0,0,81
01/06/2011,BFM,AL,ASO,CE,Federal Contract Tower,8,5,13,102,128,0,15,40,39,94,8,20,53,141,222,16,152,168,390
01/07/2011,BFM,AL,ASO,CE,Federal Contract Tower,11,4,12,45,72,0,8,33,20,61,11,12,45,65,133,18,170,188,321
01/08/2011,BFM,AL,ASO,CE,Federal Contract Tower,3,0,7,16,26,0,2,43,5,50,3,2,50,21,76,22,32,54,130
01/09/2011,BFM,AL,ASO,CE,Federal Contract Tower,1,2,5,0,8,0,1,6,0,7,1,3,11,0,15,2,0,2,17
01/10/2011,BFM,AL,ASO,CE,Federal Contract Tower,1,2,6,32,41,0,5,1,0,6,1,7,7,32,47,0,0,0,47
01/11/2011,BFM,AL,ASO,CE,Federal Contract Tower,8,5,6,65,84,0,4,4,33,41,8,9,10,98,125,0,136,136,261
01/12/2011,BFM,AL,ASO,CE,Federal Contract Tower,8,5,26,42,81,0,9,31,44,84,8,14,57,86,165,28,146,174,339
01/13/2011,BFM,AL,ASO,CE,Federal Contract Tower,10,6,23,69,108,0,9,42,24,75,10,15,65,93,183,24,180,204,387
01/14/2011,BFM,AL,ASO,CE,Federal Contract Tower,9,4,15,26,54,0,10,41,29,80,9,14,56,55,134,6,116,122,256
01/15/2011,BFM,AL,ASO,CE,Federal Contract Tower,3,1,3,2,9,0,5,49,4,58,3,6,52,6,67,40,108,148,215
01/16/2011,BFM,AL,ASO,CE,Federal Contract Tower,2,0,3,14,19,0,1,28,0,29,2,1,31,14,48,48,0,48,96
01/17/2011,BFM,AL,ASO,CE,Federal Contract Tower,4,4,8,0,16,0,7,14,0,21,4,11,22,0,37,2,0,2,39
01/18/2011,BFM,AL,ASO,CE,Federal Contract Tower,8,8,24,46,86,0,2,14,12,28,8,10,38,58,114,12,74,86,200
01/19/2011,BFM,AL,ASO,CE,Federal Contract Tower,9,6,18,46,79,0,12,29,47,88,9,18,47,93,167,26,164,190,357
01/20/2011,BFM,AL,ASO,CE,Federal Contract Tower,9,7,26,20,62,0,15,19,19,53,9,22,45,39,115,22,24,46,161
01/21/2011,BFM,AL,ASO,CE,Federal Contract Tower,10,4,15,38,67,0,6,16,29,51,10,10,31,67,118,2,40,42,160
01/22/2011,BFM,AL,ASO,CE,Federal Contract Tower,4,2,8,23,37,0,2,31,2,35,4,4,39,25,72,46,6,52,124
01/23/2011,BFM,AL,ASO,CE,Federal Contract Tower,4,4,2,19,29,0,2,49,4,55,4,6,51,23,84,54,20,74,158
01/24/2011,BFM,AL,ASO,CE,Federal Contract Tower,3,10,30,47,90,0,1,19,24,44,3,11,49,71,134,34,120,154,288
01/25/2011,BFM,AL,ASO,CE,Federal Contract Tower,8,12,23,38,81,0,0,3,0,3,8,12,26,38,84,0,12,12,96
01/26/2011,BFM,AL,ASO,CE,Federal Contract Tower,9,14,22,53,98,0,9,33,38,80,9,23,55,91,178,66,136,202,380
01/27/2011,BFM,AL,ASO,CE,Federal Contract Tower,11,6,17,52,86,0,10,46,34,90,11,16,63,86,176,52,104,156,332
01/28/2011,BFM,AL,ASO,CE,Federal Contract Tower,7,7,34,51,99,0,11,34,26,71,7,18,68,77,170,36,136,172,342
01/29/2011,BFM,AL,ASO,CE,Federal Contract Tower,5,1,14,15,35,0,4,49,7,60,5,5,63,22,95,62,50,112,207
01/30/2011,BFM,AL,ASO,CE,Federal Contract Tower,1,0,7,10,18,0,4,19,1,24,1,4,26,11,42,54,8,62,104
01/31/2011,BFM,AL,ASO,CE,Federal Contract Tower,4,11,19,21,55,0,2,2,0,4,4,13,21,21,59,0,0,0,59
02/01/2011,BFM,AL,ASO,CE,Federal Contract Tower,10,8,9,0,27,0,4,0,0,4,10,12,9,0,31,0,0,0,31
02/02/2011,BFM,AL,ASO,CE,Federal Contract Tower,11,5,10,38,64,0,9,17,44,70,11,14,27,82,134,0,202,202,336
02/03/2011,BFM,AL,ASO,CE,Federal Contract Tower,8,8,11,20,47,0,5,4,9,18,8,13,15,29,65,16,76,92,157
02/04/2011,BFM,AL,ASO,CE,Federal Contract Tower,11,10,4,0,25,0,0,0,0,0,11,10,4,0,25,0,0,0,25
02/05/2011,BFM,AL,ASO,CE,Federal Contract Tower,3,0,14,26,43,0,8,23,7,38,3,8,37,33,81,24,2,26,107
02/06/2011,BFM,AL,ASO,CE,Federal Contract Tower,1,2,4,4,11,0,0,29,10,39,1,2,33,14,50,24,0,24,74
02/07/2011,BFM,AL,ASO,CE,Federal Contract Tower,3,5,20,40,68,0,7,7,14,28,3,12,27,54,96,2,88,90,186
02/08/2011,BFM,AL,ASO,CE,Federal Contract Tower,8,4,25,46,83,0,1,25,36,62,8,5,50,82,145,4,172,176,321
02/09/2011,BFM,AL,ASO,CE,Federal Contract Tower,8,7,12,41,68,0,6,25,15,46,8,13,37,56,114,10,180,190,304
02/10/2011,BFM,AL,ASO,CE,Federal Contract Tower,8,8,16,9,41,0,6,6,9,21,8,14,22,18,62,0,100,100,162
02/11/2011,BFM,AL,ASO,CE,Federal Contract Tower,10,5,14,37,66,0,7,42,29,78,10,12,56,66,144,36,168,204,348
02/12/2011,BFM,AL,ASO,CE,Federal Contract Tower,5,2,5,29,41,0,4,28,18,50,5,6,33,47,91,26,90,116,207
02/13/2011,BFM,AL,ASO,CE,Federal Contract Tower,1,1,9,22,33,0,7,35,7,49,1,8,44,29,82,28,30,58,140
02/14/2011,BFM,AL,ASO,CE,Federal Contract Tower,3,3,18,36,60,0,4,17,37,58,3,7,35,73,118,22,194,216,334
02/15/2011,BFM,AL,ASO,CE,Federal Contract Tower,8,5,31,63,107,0,5,44,25,74,8,10,75,88,181,48,204,252,433
02/16/2011,BFM,AL,ASO,CE,Federal Contract Tower,6,7,20,48,81,0,11,11,35,57,6,18,31,83,138,6,212,218,356
02/17/2011,BFM,AL,ASO,CE,Federal Contract Tower,11,6,34,19,70,0,7,19,17,43,11,13,53,36,113,40,54,94,207
02/18/2011,BFM,AL,ASO,CE,Federal Contract Tower,21,9,28,38,96,0,6,33,19,58,21,15,61,57,154,52,60,112,266
02/19/2011,BFM,AL,ASO,CE,Federal Contract Tower,4,1,20,4,29,0,6,84,2,92,4,7,104,6,121,38,0,38,159
02/20/2011,BFM,AL,ASO,CE,Federal Contract Tower,2,0,11,0,13,0,0,22,2,24,2,0,33,2,37,22,0,22,59
02/21/2011,BFM,AL,ASO,CE,Federal Contract Tower,5,4,11,2,22,0,4,7,0,11,5,8,18,2,33,8,0,8,41
02/22/2011,BFM,AL,ASO,CE,Federal Contract Tower,13,8,22,53,96,0,4,34,15,53,13,12,56,68,149,30,116,146,295
02/23/2011,BFM,AL,ASO,CE,Federal Contract Tower,7,5,29,47,88,0,7,26,38,71,7,12,55,85,159,6,266,272,431
02/24/2011,BFM,AL,ASO,CE,Federal Contract Tower,14,16,17,2,49,0,0,0,0,0,14,16,17,2,49,0,0,0,49
02/25/2011,BFM,AL,ASO,CE,Federal Contract Tower,11,4,24,33,72,0,7,30,25,62,11,11,54,58,134,38,176,214,348
02/26/2011,BFM,AL,ASO,CE,Federal Contract Tower,5,2,20,2,29,0,4,10,4,18,5,6,30,6,47,24,22,46,93
02/27/2011,BFM,AL,ASO,CE,Federal Contract Tower,2,1,17,6,26,0,2,11,8,21,2,3,28,14,47,48,42,90,137
02/28/2011,BFM,AL,ASO,CE,Federal Contract Tower,3,7,7,2,19,0,8,0,2,10,3,15,7,4,29,0,40,40,69
03/01/2011,BFM,AL,ASO,CE,Federal Contract Tower,8,4,27,78,117,0,7,22,34,63,8,11,49,112,180,16,164,180,360
03/02/2011,BFM,AL,ASO,CE,Federal Contract Tower,8,7,18,50,83,0,10,27,27,64,8,17,45,77,147,64,144,208,355
03/03/2011,BFM,AL,ASO,CE,Federal Contract Tower,10,8,36,38,92,0,6,26,24,56,10,14,62,62,148,18,206,224,372
03/04/2011,BFM,AL,ASO,CE,Federal Contract Tower,9,8,43,31,91,0,5,14,13,32,9,13,57,44,123,0,110,110,233
03/05/2011,BFM,AL,ASO,CE,Federal Contract Tower,3,4,6,0,13,0,0,3,0,3,3,4,9,0,16,0,0,0,16
03/06/2011,BFM,AL,ASO,CE,Federal Contract Tower,1,0,21,17,39,0,6,28,3,37,1,6,49,20,76,20,8,28,104
03/07/2011,BFM,AL,ASO,CE,Federal Contract Tower,4,4,14,42,64,0,9,38,23,70,4,13,52,65,134,24,128,152,286
03/08/2011,BFM,AL,ASO,CE,Federal Contract Tower,8,6,25,44,83,0,0,11,12,23,8,6,36,56,106,20,102,122,228
03/09/2011,BFM,AL,ASO,CE,Federal Contract Tower,9,12,12,0,33,0,0,0,0,0,9,12,12,0,33,0,0,0,33
03/10/2011,BFM,AL,ASO,CE,Federal Contract Tower,9,7,26,82,124,0,9,49,44,102,9,16,75,126,226,82,182,264,490
03/11/2011,BFM,AL,ASO,CE,Federal Contract Tower,12,3,19,47,81,0,8,40,20,68,12,11,59,67,149,32,104,136,285
03/12/2011,BFM,AL,ASO,CE,Federal Contract Tower,3,4,10,8,25,0,1,39,8,48,3,5,49,16,73,26,10,36,109
03/13/2011,BFM,AL,ASO,CE,Federal Contract Tower,3,4,5,20,32,0,2,32,5,39,3,6,37,25,71,26,0,26,97
03/14/2011,BFM,AL,ASO,CE,Federal Contract Tower,2,7,13,38,60,0,3,21,17,41,2,10,34,55,101,44,154,198,299
03/15/2011,BFM,AL,ASO,CE,Federal Contract Tower,11,3,18,74,106,0,5,18,24,47,11,8,36,98,153,16,160,176,329
03/16/2011,BFM,AL,ASO,CE,Federal Contract Tower,11,5,40,46,102,0,8,32,26,66,11,13,72,72,168,6,174,180,348
03/17/2011,BFM,AL,ASO,CE,Federal Contract Tower,8,4,26,43,81,0,12,40,21,73,8,16,66,64,154,24,132,156,310
03/18/2011,BFM,AL,ASO,CE,Federal Contract Tower,16,5,30,25,76,0,10,27,29,66,16,15,57,54,142,18,172,190,332
03/19/2011,BFM,AL,ASO,CE,Federal Contract Tower,5,1,14,12,32,0,5,41,7,53,5,6,55,19,85,36,14,50,135
03/20/2011,BFM,AL,ASO,CE,Federal Contract Tower,2,3,8,8,21,0,0,33,9,42,2,3,41,17,63,14,4,18,81
03/21/2011,BFM,AL,ASO,CE,Federal Contract Tower,3,10,14,23,50,0,9,25,22,56,3,19,39,45,106,24,96,120,226
03/22/2011,BFM,AL,ASO,CE,Federal Contract Tower,8,5,21,34,68,0,8,11,9,28,8,13,32,43,96,0,66,66,162
03/23/2011,BFM,AL,ASO,CE,Federal Contract Tower,8,4,29,31,72,0,14,16,37,67,8,18,45,68,139,10,232,242,381
03/24/2011,BFM,AL,ASO,CE,Federal Contract Tower,8,6,23,61,98,0,4,25,32,61,8,10,48,93,159,16,160,176,335
03/25/2011,BFM,AL,ASO,CE,Federal Contract Tower,7,8,19,43,77,0,6,22,20,48,7,14,41,63,125,14,226,240,365
03/26/2011,BFM,AL,ASO,CE,Federal Contract Tower,6,4,9,19,38,0,0,13,3,16,6,4,22,22,54,4,14,18,72
03/27/2011,BFM,AL,ASO,CE,Federal Contract Tower,1,0,12,19,32,0,0,11,0,11,1,0,23,19,43,18,0,18,61
03/28/2011,BFM,AL,ASO,CE,Federal Contract Tower,3,9,24,37,73,0,2,12,5,19,3,11,36,42,92,0,0,0,92
03/29/2011,BFM,AL,ASO,CE,Federal Contract Tower,9,8,17,57,91,0,3,1,0,4,9,11,18,57,95,18,4,22,117
03/30/2011,BFM,AL,ASO,CE,Federal Contract Tower,10,8,14,25,57,0,4,1,7,12,10,12,15,32,69,0,30,30,99
03/31/2011,BFM,AL,ASO,CE,Federal Contract Tower,9,6,36,84,135,0,1,20,36,57,9,7,56,120,192,14,276,290,482
04/01/2011,BFM,AL,ASO,CE,Federal Contract Tower,8,6,19,41,74,0,8,44,31,83,8,14,63,72,157,16,84,100,257
04/02/2011,BFM,AL,ASO,CE,Federal Contract Tower,5,0,4,15,24,0,4,34,16,54,5,4,38,31,78,32,16,48,126
04/03/2011,BFM,AL,ASO,CE,Federal Contract Tower,2,3,9,11,25,0,3,12,3,18,2,6,21,14,43,30,6,36,79
04/04/2011,BFM,AL,ASO,CE,Federal Contract Tower,1,9,14,22,46,0,7,1,10,18,1,16,15,32,64,0,98,98,162
04/05/2011,BFM,AL,ASO,CE,Federal Contract Tower,8,3,21,32,64,0,13,26,41,80,8,16,47,73,144,20,246,266,410
04/06/2011,BFM,AL,ASO,CE,Federal Contract Tower,10,4,38,44,96,0,11,36,39,86,10,15,74,83,182,14,140,154,336
04/07/2011,BFM,AL,ASO,CE,Federal Contract Tower,13,10,37,38,98,0,3,20,5,28,13,13,57,43,126,20,50,70,196
04/08/2011,BFM,AL,ASO,CE,Federal Contract Tower,8,14,32,31,85,0,2,17,5,24,8,16,49,36,109,0,50,50,159
04/09/2011,BFM,AL,ASO,CE,Federal Contract Tower,8,2,10,5,25,0,3,13,5,21,8,5,23,10,46,0,46,46,92
04/10/2011,BFM,AL,ASO,CE,Federal Contract Tower,1,1,14,10,26,0,0,10,7,17,1,1,24,17,43,6,44,50,93
04/11/2011,BFM,AL,ASO,CE,Federal Contract Tower,2,10,19,49,80,0,4,8,18,30,2,14,27,67,110,0,34,34,144
04/12/2011,BFM,AL,ASO,CE,Federal Contract Tower,12,5,24,70,111,0,14,22,38,74,12,19,46,108,185,50,166,216,401
04/13/2011,BFM,AL,ASO,CE,Federal Contract Tower,11,5,23,73,112,0,12,40,43,95,11,17,63,116,207,44,194,238,445
04/14/2011,BFM,AL,ASO,CE,Federal Contract Tower,8,8,10,35,61,0,4,15,24,43,8,12,25,59,104,10,168,178,282
04/15/2011,BFM,AL,ASO,CE,Federal Contract Tower,8,5,18,11,42,0,6,12,4,22,8,11,30,15,64,0,22,22,86
04/16/2011,BFM,AL,ASO,CE,Federal Contract Tower,8,0,12,15,35,0,3,26,0,29,8,3,38,15,64,0,0,0,64
04/17/2011,BFM,AL,ASO,CE,Federal Contract Tower,1,6,4,8,19,0,0,32,5,37,1,6,36,13,56,16,10,26,82
04/18/2011,BFM,AL,ASO,CE,Federal Contract Tower,3,9,11,24,47,0,5,36,36,77,3,14,47,60,124,16,204,220,344
04/19/2011,BFM,AL,ASO,CE,Federal Contract Tower,8,6,19,31,64,0,6,26,22,54,8,12,45,53,118,0,118,118,236
04/20/2011,BFM,AL,ASO,CE,Federal Contract Tower,9,12,23,40,84,0,7,20,12,39,9,19,43,52,123,4,66,70,193
04/21/2011,BFM,AL,ASO,CE,Federal Contract Tower,10,10,29,35,84,0,6,16,21,43,10,16,45,56,127,2,100,102,229
04/22/2011,BFM,AL,ASO,CE,Federal Contract Tower,11,6,15,44,76,0,6,24,11,41,11,12,39,55,117,6,36,42,159
04/23/2011,BFM,AL,ASO,CE,Federal Contract Tower,3,5,5,17,30,0,4,10,0,14,3,9,15,17,44,0,10,10,54
04/24/2011,BFM,AL,ASO,CE,Federal Contract Tower,2,6,5,2,15,0,2,4,0,6,2,8,9,2,21,18,0,18,39
04/25/2011,BFM,AL,ASO,CE,Federal Contract Tower,2,9,18,83,112,0,3,18,18,39,2,12,36,101,151,36,88,124,275
04/26/2011,BFM,AL,ASO,CE,Federal Contract Tower,7,11,19,17,54,0,4,6,6,16,7,15,25,23,70,0,22,22,92
04/27/2011,BFM,AL,ASO,CE,Federal Contract Tower,9,9,11,15,44,0,7,3,4,14,9,16,14,19,58,0,70,70,128
04/28/2011,BFM,AL,ASO,CE,Federal Contract Tower,8,5,49,21,83,0,10,45,24,79,8,15,94,45,162,26,170,196,358
04/29/2011,BFM,AL,ASO,CE,Federal Contract Tower,8,4,19,39,70,0,11,35,20,66,8,15,54,59,136,58,110,168,304
04/30/2011,BFM,AL,ASO,CE,Federal Contract Tower,4,1,17,30,52,0,4,18,2,24,4,5,35,32,76,14,38,52,128
05/01/2011,BFM,AL,ASO,CE,Federal Contract Tower,1,0,22,16,39,0,0,22,1,23,1,0,44,17,62,6,8,14,76
05/02/2011,BFM,AL,ASO,CE,Federal Contract Tower,2,6,10,64,82,0,10,13,30,53,2,16,23,94,135,0,200,200,335
05/03/2011,BFM,AL,ASO,CE,Federal Contract Tower,7,10,9,24,50,0,3,6,3,12,7,13,15,27,62,0,34,34,96
05/04/2011,BFM,AL,ASO,CE,Federal Contract Tower,10,4,32,63,109,0,11,43,44,98,10,15,75,107,207,22,200,222,429
05/05/2011,BFM,AL,ASO,CE,Federal Contract Tower,14,8,26,45,93,0,8,34,35,77,14,16,60,80,170,16,218,234,404
05/06/2011,BFM,AL,ASO,CE,Federal Contract Tower,10,4,22,42,78,0,11,32,9,52,10,15,54,51,130,2,14,16,146
05/07/2011,BFM,AL,ASO,CE,Federal Contract Tower,4,2,5,16,27,0,2,18,1,21,4,4,23,17,48,6,8,14,62
05/08/2011,BFM,AL,ASO,CE,Federal Contract Tower,1,0,5,12,18,0,1,18,5,24,1,1,23,17,42,4,4,8,50
05/09/2011,BFM,AL,ASO,CE,Federal Contract Tower,2,5,11,43,61,0,7,17,30,54,2,12,28,73,115,8,164,172,287
05/10/2011,BFM,AL,ASO,CE,Federal Contract Tower,9,5,27,79,120,0,12,12,24,48,9,17,39,103,168,24,116,140,308
05/11/2011,BFM,AL,ASO,CE,Federal Contract Tower,8,8,18,56,90,0,16,23,32,71,8,24,41,88,161,26,158,184,345
05/12/2011,BFM,AL,ASO,CE,Federal Contract Tower,8,5,27,53,93,0,13,23,35,71,8,18,50,88,164,14,178,192,356
05/13/2011,BFM,AL,ASO,CE,Federal Contract Tower,7,9,15,12,43,0,9,8,7,24,7,18,23,19,67,0,56,56,123
05/14/2011,BFM,AL,ASO,CE,Federal Contract Tower,3,1,11,16,31,0,2,13,3,18,3,3,24,19,49,8,20,28,77
05/15/2011,BFM,AL,ASO,CE,Federal Contract Tower,1,2,12,12,27,0,5,19,6,30,1,7,31,18,57,12,2,14,71
05/16/2011,BFM,AL,ASO,CE,Federal Contract Tower,2,10,15,110,137,0,4,16,40,60,2,14,31,150,197,0,260,260,457
05/17/2011,BFM,AL,ASO,CE,Federal Contract Tower,9,13,16,71,109,0,6,34,31,71,9,19,50,102,180,32,184,216,396
05/18/2011,BFM,AL,ASO,CE,Federal Contract Tower,8,5,19,38,70,0,16,39,38,93,8,21,58,76,163,24,218,242,405
05/19/2011,BFM,AL,ASO,CE,Federal Contract Tower,10,6,25,44,85,0,10,33,25,68,10,16,58,69,153,10,84,94,247
05/20/2011,BFM,AL,ASO,CE,Federal Contract Tower,10,4,14,33,61,0,12,20,12,44,10,16,34,45,105,8,130,138,243
05/21/2011,BFM,AL,ASO,CE,Federal Contract Tower,5,4,5,17,31,1,0,15,1,17,6,4,20,18,48,20,2,22,70
05/22/2011,BFM,AL,ASO,CE,Federal Contract Tower,0,2,12,38,52,0,9,16,5,30,0,11,28,43,82,14,2,16,98
05/23/2011,BFM,AL,ASO,CE,Federal Contract Tower,6,10,15,21,52,0,9,15,14,38,6,19,30,35,90,26,86,112,202
05/24/2011,BFM,AL,ASO,CE,Federal Contract Tower,12,8,19,44,83,0,7,14,28,49,12,15,33,72,132,6,66,72,204
05/25/2011,BFM,AL,ASO,CE,Federal Contract Tower,8,6,21,36,71,0,16,21,36,73,8,22,42,72,144,36,86,122,266
05/26/2011,BFM,AL,ASO,CE,Federal Contract Tower,8,8,25,5,46,0,3,7,9,19,8,11,32,14,65,0,26,26,91
05/27/2011,BFM,AL,ASO,CE,Federal Contract Tower,10,9,28,17,64,0,15,32,7,54,10,24,60,24,118,18,14,32,150
05/28/2011,BFM,AL,ASO,CE,Federal Contract Tower,10,0,6,5,21,0,9,23,0,32,10,9,29,5,53,18,0,18,71
05/29/2011,BFM,AL,ASO,CE,Federal Contract Tower,1,0,6,0,7,0,4,17,0,21,1,4,23,0,28,10,0,10,38
05/30/2011,BFM,AL,ASO,CE,Federal Contract Tower,1,0,10,2,13,0,9,7,0,16,1,9,17,2,29,4,0,4,33
05/31/2011,BFM,AL,ASO,CE,Federal Contract Tower,3,8,13,56,80,0,6,31,35,72,3,14,44,91,152,50,240,290,442
06/01/2011,BFM,AL,ASO,CE,Federal Contract Tower,10,5,30,75,120,0,14,22,44,80,10,19,52,119,200,2,214,216,416
06/02/2011,BFM,AL,ASO,CE,Federal Contract Tower,11,6,13,35,65,0,9,25,24,58,11,15,38,59,123,36,204,240,363
06/03/2011,BFM,AL,ASO,CE,Federal Contract Tower,9,6,8,25,48,0,10,25,15,50,9,16,33,40,98,6,84,90,188
06/04/2011,BFM,AL,ASO,CE,Federal Contract Tower,3,0,8,13,24,0,4,16,5,25,3,4,24,18,49,0,0,0,49
06/05/2011,BFM,AL,ASO,CE,Federal Contract Tower,2,2,8,0,12,0,0,10,1,11,2,2,18,1,23,6,0,6,29
06/06/2011,BFM,AL,ASO,CE,Federal Contract Tower,4,10,17,25,56,0,2,13,19,34,4,12,30,44,90,12,56,68,158
06/07/2011,BFM,AL,ASO,CE,Federal Contract Tower,9,4,16,33,62,0,12,22,21,55,9,16,38,54,117,16,150,166,283
06/08/2011,BFM,AL,ASO,CE,Federal Contract Tower,7,6,29,25,67,0,15,20,21,56,7,21,49,46,123,0,128,128,251
06/09/2011,BFM,AL,ASO,CE,Federal Contract Tower,8,5,13,27,53,0,11,27,37,75,8,16,40,64,128,14,226,240,368
06/10/2011,BFM,AL,ASO,CE,Federal Contract Tower,8,9,11,26,54,0,2,21,7,30,8,11,32,33,84,14,4,18,102
06/11/2011,BFM,AL,ASO,CE,Federal Contract Tower,3,0,6,5,14,0,11,14,1,26,3,11,20,6,40,24,0,24,64
06/12/2011,BFM,AL,ASO,CE,Federal Contract Tower,1,2,18,9,30,0,0,12,4,16,1,2,30,13,46,6,0,6,52
06/13/2011,BFM,AL,ASO,CE,Federal Contract Tower,2,9,20,48,79,0,3,22,18,43,2,12,42,66,122,10,128,138,260
06/14/2011,BFM,AL,ASO,CE,Federal Contract Tower,7,7,19,58,91,0,10,20,23,53,7,17,39,81,144,24,154,178,322
06/15/2011,BFM,AL,ASO,CE,Federal Contract Tower,8,5,35,84,132,0,16,23,21,60,8,21,58,105,192,28,162,190,382
06/16/2011,BFM,AL,ASO,CE,Federal Contract Tower,7,7,19,10,43,0,11,9,16,36,7,18,28,26,79,6,58,64,143
06/17/2011,BFM,AL,ASO,CE,Federal Contract Tower,10,3,14,23,50,0,12,29,10,51,10,15,43,33,101,28,42,70,171
06/18/2011,BFM,AL,ASO,CE,Federal Contract Tower,5,3,5,2,15,1,8,21,4,34,6,11,26,6,49,28,0,28,77
06/19/2011,BFM,AL,ASO,CE,Federal Contract Tower,2,0,4,1,7,0,2,11,2,15,2,2,15,3,22,30,0,30,52
06/20/2011,BFM,AL,ASO,CE,Federal Contract Tower,9,9,28,47,93,1,6,22,15,44,10,15,50,62,137,16,122,138,275
06/21/2011,BFM,AL,ASO,CE,Federal Contract Tower,9,7,14,22,52,2,5,22,18,47,11,12,36,40,99,24,38,62,161
06/22/2011,BFM,AL,ASO,CE,Federal Contract Tower,8,12,16,13,49,0,6,9,18,33,8,18,25,31,82,0,72,72,154
06/23/2011,BFM,AL,ASO,CE,Federal Contract Tower,9,6,21,46,82,0,2,30,27,59,9,8,51,73,141,14,114,128,269
06/24/2011,BFM,AL,ASO,CE,Federal Contract Tower,7,9,32,37,85,0,10,145,22,177,7,19,177,59,262,4,58,62,324
06/25/2011,BFM,AL,ASO,CE,Federal Contract Tower,4,4,3,7,18,0,5,47,5,57,4,9,50,12,75,16,24,40,115
06/26/2011,BFM,AL,ASO,CE,Federal Contract Tower,2,6,16,10,34,0,0,25,0,25,2,6,41,10,59,4,0,4,63
06/27/2011,BFM,AL,ASO,CE,Federal Contract Tower,6,8,34,33,81,0,17,51,16,84,6,25,85,49,165,54,176,230,395
06/28/2011,BFM,AL,ASO,CE,Federal Contract Tower,9,6,14,34,63,0,4,19,14,37,9,10,33,48,100,10,124,134,234
06/29/2011,BFM,AL,ASO,CE,Federal Contract Tower,8,9,23,41,81,0,16,28,22,66,8,25,51,63,147,12,110,122,269
06/30/2011,BFM,AL,ASO,CE,Federal Contract Tower,9,8,21,52,90,0,12,35,35,82,9,20,56,87,172,28,146,174,346
07/01/2011,BFM,AL,ASO,CE,Federal Contract Tower,8,9,11,4,32,0,19,21,0,40,8,28,32,4,72,4,0,4,76
07/02/2011,BFM,AL,ASO,CE,Federal Contract Tower,3,0,7,4,14,0,4,13,0,17,3,4,20,4,31,10,0,10,41
07/03/2011,BFM,AL,ASO,CE,Federal Contract Tower,1,0,2,0,3,0,6,16,0,22,1,6,18,0,25,8,0,8,33
07/04/2011,BFM,AL,ASO,CE,Federal Contract Tower,0,0,2,6,8,0,10,11,0,21,0,10,13,6,29,4,0,4,33
07/05/2011,BFM,AL,ASO,CE,Federal Contract Tower,5,4,13,36,58,0,9,26,15,50,5,13,39,51,108,22,86,108,216
07/06/2011,BFM,AL,ASO,CE,Federal Contract Tower,12,7,3,29,51,0,11,22,49,82,12,18,25,78,133,20,206,226,359
07/07/2011,BFM,AL,ASO,CE,Federal Contract Tower,7,8,16,53,84,0,7,31,31,69,7,15,47,84,153,6,120,126,279
07/08/2011,BFM,AL,ASO,CE,Federal Contract Tower,10,4,13,43,70,0,14,19,24,57,10,18,32,67,127,50,102,152,279
07/09/2011,BFM,AL,ASO,CE,Federal Contract Tower,3,1,12,13,29,0,0,13,5,18,3,1,25,18,47,0,12,12,59
07/10/2011,BFM,AL,ASO,CE,Federal Contract Tower,0,2,4,12,18,0,2,20,8,30,0,4,24,20,48,6,14,20,68
07/11/2011,BFM,AL,ASO,CE,Federal Contract Tower,2,7,13,17,39,0,5,15,12,32,2,12,28,29,71,0,88,88,159
07/12/2011,BFM,AL,ASO,CE,Federal Contract Tower,10,7,7,14,38,0,7,11,24,42,10,14,18,38,80,0,214,214,294
07/13/2011,BFM,AL,ASO,CE,Federal Contract Tower,8,7,14,52,81,0,14,25,28,67,8,21,39,80,148,0,140,140,288
07/14/2011,BFM,AL,ASO,CE,Federal Contract Tower,8,9,18,39,74,0,9,22,22,53,8,18,40,61,127,2,116,118,245
07/15/2011,BFM,AL,ASO,CE,Federal Contract Tower,8,8,29,14,59,0,6,5,2,13,8,14,34,16,72,0,8,8,80
07/16/2011,BFM,AL,ASO,CE,Federal Contract Tower,6,0,1,0,7,0,0,2,0,2,6,0,3,0,9,6,0,6,15
07/17/2011,BFM,AL,ASO,CE,Federal Contract Tower,2,3,5,0,10,0,1,2,0,3,2,4,7,0,13,4,0,4,17
07/18/2011,BFM,AL,ASO,CE,Federal Contract Tower,6,6,11,43,66,0,8,16,26,50,6,14,27,69,116,6,232,238,354
07/19/2011,BFM,AL,ASO,CE,Federal Contract Tower,20,5,15,30,70,0,11,26,37,74,20,16,41,67,144,14,180,194,338
07/20/2011,BFM,AL,ASO,CE,Federal Contract Tower,9,5,17,38,69,0,17,25,39,81,9,22,42,77,150,14,186,200,350
07/21/2011,BFM,AL,ASO,CE,Federal Contract Tower,7,8,12,23,50,0,7,26,17,50,7,15,38,40,100,18,88,106,206
07/22/2011,BFM,AL,ASO,CE,Federal Contract Tower,9,6,11,17,43,0,5,37,1,43,9,11,48,18,86,28,26,54,140
07/23/2011,BFM,AL,ASO,CE,Federal Contract Tower,4,0,6,1,11,0,11,15,1,27,4,11,21,2,38,6,6,12,50
07/24/2011,BFM,AL,ASO,CE,Federal Contract Tower,1,0,3,0,4,0,6,11,1,18,1,6,14,1,22,4,0,4,26
07/25/2011,BFM,AL,ASO,CE,Federal Contract Tower,2,7,7,19,35,0,4,21,37,62,2,11,28,56,97,8,228,236,333
07/26/2011,BFM,AL,ASO,CE,Federal Contract Tower,8,12,10,34,64,0,2,16,15,33,8,14,26,49,97,8,98,106,203
07/27/2011,BFM,AL,ASO,CE,Federal Contract Tower,9,9,25,22,65,0,12,10,9,31,9,21,35,31,96,10,88,98,194
07/28/2011,BFM,AL,ASO,CE,Federal Contract Tower,8,6,22,14,50,0,11,3,8,22,8,17,25,22,72,0,70,70,142
07/29/2011,BFM,AL,ASO,CE,Federal Contract Tower,8,3,35,38,84,0,9,19,32,60,8,12,54,70,144,0,132,132,276
07/30/2011,BFM,AL,ASO,CE,Federal Contract Tower,5,0,17,10,32,0,5,30,7,42,5,5,47,17,74,28,44,72,146
07/31/2011,BFM,AL,ASO,CE,Federal Contract Tower,3,0,7,4,14,0,4,14,1,19,3,4,21,5,33,8,0,8,41
08/01/2011,BFM,AL,ASO,CE,Federal Contract Tower,2,11,26,13,52,0,8,11,17,36,2,19,37,30,88,0,104,104,192
08/02/2011,BFM,AL,ASO,CE,Federal Contract Tower,9,7,18,34,68,0,6,13,43,62,9,13,31,77,130,20,126,146,276
08/03/2011,BFM,AL,ASO,CE,Federal Contract Tower,9,8,16,58,91,0,10,24,45,79,9,18,40,103,170,8,290,298,468
08/04/2011,BFM,AL,ASO,CE,Federal Contract Tower,9,6,26,31,72,0,9,15,18,42,9,15,41,49,114,4,98,102,216
08/05/2011,BFM,AL,ASO,CE,Federal Contract Tower,8,4,12,33,57,0,9,25,14,48,8,13,37,47,105,16,84,100,205
08/06/2011,BFM,AL,ASO,CE,Federal Contract Tower,3,1,2,0,6,0,7,20,0,27,3,8,22,0,33,4,0,4,37
08/07/2011,BFM,AL,ASO,CE,Federal Contract Tower,1,0,6,14,21,0,3,5,9,17,1,3,11,23,38,6,8,14,52
08/08/2011,BFM,AL,ASO,CE,Federal Contract Tower,3,5,13,21,42,0,9,19,15,43,3,14,32,36,85,0,78,78,163
08/09/2011,BFM,AL,ASO,CE,Federal Contract Tower,8,6,8,68,90,0,9,15,24,48,8,15,23,92,138,6,194,200,338
08/10/2011,BFM,AL,ASO,CE,Federal Contract Tower,18,6,8,96,128,0,13,40,46,99,18,19,48,142,227,22,160,182,409
08/11/2011,BFM,AL,ASO,CE,Federal Contract Tower,9,5,15,74,103,0,10,31,43,84,9,15,46,117,187,32,164,196,383
08/12/2011,BFM,AL,ASO,CE,Federal Contract Tower,7,4,26,23,60,0,8,18,26,52,7,12,44,49,112,0,90,90,202
08/13/2011,BFM,AL,ASO,CE,Federal Contract Tower,7,1,11,0,19,0,4,21,0,25,7,5,32,0,44,16,0,16,60
08/14/2011,BFM,AL,ASO,CE,Federal Contract Tower,2,1,5,6,14,0,0,24,2,26,2,1,29,8,40,8,0,8,48
08/15/2011,BFM,AL,ASO,CE,Federal Contract Tower,2,3,11,92,108,0,9,26,35,70,2,12,37,127,178,16,158,174,352
08/16/2011,BFM,AL,ASO,CE,Federal Contract Tower,8,5,9,62,84,0,7,35,44,86,8,12,44,106,170,0,180,180,350
08/17/2011,BFM,AL,ASO,CE,Federal Contract Tower,8,8,34,77,127,0,13,20,39,72,8,21,54,116,199,14,196,210,409
08/18/2011,BFM,AL,ASO,CE,Federal Contract Tower,8,5,19,40,72,0,12,20,42,74,8,17,39,82,146,12,278,290,436
08/19/2011,BFM,AL,ASO,CE,Federal Contract Tower,9,4,17,31,61,0,17,38,18,73,9,21,55,49,134,8,96,104,238
08/20/2011,BFM,AL,ASO,CE,Federal Contract Tower,6,0,4,11,21,0,14,18,0,32,6,14,22,11,53,4,0,4,57
08/21/2011,BFM,AL,ASO,CE,Federal Contract Tower,5,0,19,8,32,0,1,24,0,25,5,1,43,8,57,30,0,30,87
08/22/2011,BFM,AL,ASO,CE,Federal Contract Tower,2,6,19,17,44,0,12,19,11,42,2,18,38,28,86,0,22,22,108
08/23/2011,BFM,AL,ASO,CE,Federal Contract Tower,8,4,15,34,61,0,5,25,35,65,8,9,40,69,126,14,134,148,274
08/24/2011,BFM,AL,ASO,CE,Federal Contract Tower,7,7,21,44,79,0,10,24,21,55,7,17,45,65,134,0,110,110,244
08/25/2011,BFM,AL,ASO,CE,Federal Contract Tower,9,7,24,31,71,0,12,20,33,65,9,19,44,64,136,12,116,128,264
08/26/2011,BFM,AL,ASO,CE,Federal Contract Tower,8,5,15,80,108,0,10,24,22,56,8,15,39,102,164,24,60,84,248
08/27/2011,BFM,AL,ASO,CE,Federal Contract Tower,4,1,7,3,15,0,36,22,4,62,4,37,29,7,77,12,0,12,89
08/28/2011,BFM,AL,ASO,CE,Federal Contract Tower,2,1,3,10,16,0,4,20,4,28,2,5,23,14,44,8,0,8,52
08/29/2011,BFM,AL,ASO,CE,Federal Contract Tower,2,6,23,58,89,0,7,30,40,77,2,13,53,98,166,20,218,238,404
08/30/2011,BFM,AL,ASO,CE,Federal Contract Tower,10,6,22,55,93,0,5,33,36,74,10,11,55,91,167,2,166,168,335
08/31/2011,BFM,AL,ASO,CE,Federal Contract Tower,10,6,20,48,84,0,13,28,46,87,10,19,48,94,171,14,232,246,417
09/01/2011,BFM,AL,ASO,CE,Federal Contract Tower,10,5,25,12,52,0,13,12,23,48,10,18,37,35,100,14,136,150,250
09/02/2011,BFM,AL,ASO,CE,Federal Contract Tower,8,7,9,6,30,0,10,6,10,26,8,17,15,16,56,28,0,28,84
09/03/2011,BFM,AL,ASO,CE,Federal Contract Tower,4,0,5,0,9,0,0,0,0,0,4,0,5,0,9,0,0,0,9
09/04/2011,BFM,AL,ASO,CE,Federal Contract Tower,1,0,0,0,1,0,2,0,0,2,1,2,0,0,3,0,0,0,3
09/05/2011,BFM,AL,ASO,CE,Federal Contract Tower,0,0,2,0,2,0,4,2,2,8,0,4,4,2,10,0,0,0,10
09/06/2011,BFM,AL,ASO,CE,Federal Contract Tower,4,8,14,76,102,0,20,16,29,65,4,28,30,105,167,6,194,200,367
09/07/2011,BFM,AL,ASO,CE,Federal Contract Tower,12,7,2,80,101,0,22,42,44,108,12,29,44,124,209,18,132,150,359
09/08/2011,BFM,AL,ASO,CE,Federal Contract Tower,10,6,39,67,122,0,16,25,34,75,10,22,64,101,197,20,160,180,377
09/09/2011,BFM,AL,ASO,CE,Federal Contract Tower,10,5,16,22,53,0,11,39,23,73,10,16,55,45,126,14,158,172,298
09/10/2011,BFM,AL,ASO,CE,Federal Contract Tower,3,0,9,2,14,0,13,29,1,43,3,13,38,3,57,14,0,14,71
09/11/2011,BFM,AL,ASO,CE,Federal Contract Tower,2,0,3,11,16,0,2,20,8,30,2,2,23,19,46,4,4,8,54
09/12/2011,BFM,AL,ASO,CE,Federal Contract Tower,3,8,8,48,67,0,8,30,32,70,3,16,38,80,137,8,228,236,373
09/13/2011,BFM,AL,ASO,CE,Federal Contract Tower,7,7,14,43,71,0,9,37,27,73,7,16,51,70,144,18,106,124,268
09/14/2011,BFM,AL,ASO,CE,Federal Contract Tower,9,4,2,55,70,0,15,35,31,81,9,19,37,86,151,84,170,254,405
09/15/2011,BFM,AL,ASO,CE,Federal Contract Tower,14,9,26,57,106,0,6,17,25,48,14,15,43,82,154,12,96,108,262
09/16/2011,BFM,AL,ASO,CE,Federal Contract Tower,8,6,29,40,83,0,10,10,2,22,8,16,39,42,105,2,4,6,111
09/17/2011,BFM,AL,ASO,CE,Federal Contract Tower,11,4,12,9,36,0,9,15,1,25,11,13,27,10,61,10,0,10,71
09/18/2011,BFM,AL,ASO,CE,Federal Contract Tower,2,0,6,6,14,0,2,10,3,15,2,2,16,9,29,14,6,20,49
09/19/2011,BFM,AL,ASO,CE,Federal Contract Tower,3,6,17,11,37,0,4,10,6,20,3,10,27,17,57,0,56,56,113
09/20/2011,BFM,AL,ASO,CE,Federal Contract Tower,8,8,2,31,49,0,6,14,20,40,8,14,16,51,89,0,88,88,177
09/21/2011,BFM,AL,ASO,CE,Federal Contract Tower,7,15,25,20,67,0,15,12,27,54,7,30,37,47,121,46,88,134,255
09/22/2011,BFM,AL,ASO,CE,Federal Contract Tower,8,4,18,16,46,0,4,43,20,67,8,8,61,36,113,46,142,188,301
09/23/2011,BFM,AL,ASO,CE,Federal Contract Tower,9,11,23,39,82,0,13,25,9,47,9,24,48,48,129,42,38,80,209
09/24/2011,BFM,AL,ASO,CE,Federal Contract Tower,3,0,6,12,21,0,6,21,3,30,3,6,27,15,51,10,22,32,83
09/25/2011,BFM,AL,ASO,CE,Federal Contract Tower,3,0,13,7,23,0,3,26,10,39,3,3,39,17,62,32,58,90,152
09/26/2011,BFM,AL,ASO,CE,Federal Contract Tower,3,7,20,21,51,0,7,33,27,67,3,14,53,48,118,2,162,164,282
09/27/2011,BFM,AL,ASO,CE,Federal Contract Tower,9,8,13,54,84,0,6,21,13,40,9,14,34,67,124,8,102,110,234
09/28/2011,BFM,AL,ASO,CE,Federal Contract Tower,10,8,13,7,38,0,7,10,12,29,10,15,23,19,67,0,32,32,99
09/29/2011,BFM,AL,ASO,CE,Federal Contract Tower,10,5,27,28,70,0,4,39,19,62,10,9,66,47,132,24,96,120,252
09/30/2011,BFM,AL,ASO,CE,Federal Contract Tower,9,7,18,29,63,0,6,40,19,65,9,13,58,48,128,18,120,138,266
10/01/2011,BFM,AL,ASO,CE,Federal Contract Tower,3,0,3,10,16,0,1,20,0,21,3,1,23,10,37,24,0,24,61
10/02/2011,BFM,AL,ASO,CE,Federal Contract Tower,1,0,6,2,9,0,4,26,8,38,1,4,32,10,47,44,14,58,105
10/03/2011,BFM,AL,ASO,CE,Federal Contract Tower,3,8,10,39,60,0,8,24,22,54,3,16,34,61,114,44,164,208,322
10/04/2011,BFM,AL,ASO,CE,Federal Contract Tower,7,8,15,72,102,0,7,38,26,71,7,15,53,98,173,34,172,206,379
10/05/2011,BFM,AL,ASO,CE,Federal Contract Tower,8,10,25,66,109,0,16,32,27,75,8,26,57,93,184,6,214,220,404
10/06/2011,BFM,AL,ASO,CE,Federal Contract Tower,9,6,23,68,106,0,12,19,32,63,9,18,42,100,169,28,174,202,371
10/07/2011,BFM,AL,ASO,CE,Federal Contract Tower,9,4,15,7,35,0,8,28,34,70,9,12,43,41,105,24,154,178,283
10/08/2011,BFM,AL,ASO,CE,Federal Contract Tower,3,0,10,3,16,0,5,18,0,23,3,5,28,3,39,16,0,16,55
10/09/2011,BFM,AL,ASO,CE,Federal Contract Tower,1,1,12,0,14,0,5,16,0,21,1,6,28,0,35,10,0,10,45
10/10/2011,BFM,AL,ASO,CE,Federal Contract Tower,3,4,12,0,19,0,5,6,0,11,3,9,18,0,30,0,0,0,30
10/11/2011,BFM,AL,ASO,CE,Federal Contract Tower,8,12,22,68,110,0,1,2,11,14,8,13,24,79,124,0,98,98,222
10/12/2011,BFM,AL,ASO,CE,Federal Contract Tower,8,10,20,77,115,0,12,14,22,48,8,22,34,99,163,32,204,236,399
10/13/2011,BFM,AL,ASO,CE,Federal Contract Tower,9,8,27,41,85,0,4,18,35,57,9,12,45,76,142,20,184,204,346
10/14/2011,BFM,AL,ASO,CE,Federal Contract Tower,10,6,25,36,77,0,6,41,15,62,10,12,66,51,139,16,132,148,287
10/15/2011,BFM,AL,ASO,CE,Federal Contract Tower,3,0,9,33,45,0,0,37,11,48,3,0,46,44,93,24,82,106,199
10/16/2011,BFM,AL,ASO,CE,Federal Contract Tower,1,0,9,1,11,0,4,23,5,32,1,4,32,6,43,0,30,30,73
10/17/2011,BFM,AL,ASO,CE,Federal Contract Tower,2,10,25,30,67,0,7,12,31,50,2,17,37,61,117,2,132,134,251
10/18/2011,BFM,AL,ASO,CE,Federal Contract Tower,10,5,17,56,88,0,4,21,24,49,10,9,38,80,137,2,142,144,281
10/19/2011,BFM,AL,ASO,CE,Federal Contract Tower,6,5,11,25,47,0,18,14,19,51,6,23,25,44,98,12,48,60,158
10/20/2011,BFM,AL,ASO,CE,Federal Contract Tower,9,8,24,8,49,0,7,27,29,63,9,15,51,37,112,42,164,206,318
10/21/2011,BFM,AL,ASO,CE,Federal Contract Tower,9,6,30,40,85,0,8,25,21,54,9,14,55,61,139,16,124,140,279
10/22/2011,BFM,AL,ASO,CE,Federal Contract Tower,3,0,9,6,18,0,5,37,1,43,3,5,46,7,61,4,0,4,65
10/23/2011,BFM,AL,ASO,CE,Federal Contract Tower,3,1,7,1,12,0,4,15,2,21,3,5,22,3,33,28,4,32,65
10/24/2011,BFM,AL,ASO,CE,Federal Contract Tower,2,6,16,29,53,0,6,35,29,70,2,12,51,58,123,16,136,152,275
10/25/2011,BFM,AL,ASO,CE,Federal Contract Tower,10,12,26,59,107,0,7,32,31,70,10,19,58,90,177,10,116,126,303
10/26/2011,BFM,AL,ASO,CE,Federal Contract Tower,12,11,20,47,90,0,9,28,33,70,12,20,48,80,160,14,138,152,312
10/27/2011,BFM,AL,ASO,CE,Federal Contract Tower,7,10,17,39,73,0,2,33,30,65,7,12,50,69,138,6,192,198,336
10/28/2011,BFM,AL,ASO,CE,Federal Contract Tower,10,7,11,31,59,0,6,27,22,55,10,13,38,53,114,56,90,146,260
10/29/2011,BFM,AL,ASO,CE,Federal Contract Tower,4,0,5,8,17,0,4,19,1,24,4,4,24,9,41,2,4,6,47
10/30/2011,BFM,AL,ASO,CE,Federal Contract Tower,1,0,0,3,4,0,1,17,2,20,1,1,17,5,24,4,0,4,28
10/31/2011,BFM,AL,ASO,CE,Federal Contract Tower,7,9,12,33,61,0,9,29,27,65,7,18,41,60,126,34,158,192,318
11/01/2011,BFM,AL,ASO,CE,Federal Contract Tower,5,12,14,37,68,0,3,29,30,62,5,15,43,67,130,2,186,188,318
11/02/2011,BFM,AL,ASO,CE,Federal Contract Tower,6,9,30,40,85,0,8,29,39,76,6,17,59,79,161,6,256,262,423
11/03/2011,BFM,AL,ASO,CE,Federal Contract Tower,6,9,21,23,59,0,7,5,15,27,6,16,26,38,86,0,58,58,144
11/04/2011,BFM,AL,ASO,CE,Federal Contract Tower,7,8,14,57,86,0,6,20,30,56,7,14,34,87,142,2,142,144,286
11/05/2011,BFM,AL,ASO,CE,Federal Contract Tower,2,3,7,4,16,1,3,16,0,20,3,6,23,4,36,2,2,4,40
11/06/2011,BFM,AL,ASO,CE,Federal Contract Tower,1,2,7,12,22,0,7,17,5,29,1,9,24,17,51,2,10,12,63
11/07/2011,BFM,AL,ASO,CE,Federal Contract Tower,1,9,19,43,72,0,6,19,27,52,1,15,38,70,124,20,182,202,326
11/08/2011,BFM,AL,ASO,CE,Federal Contract Tower,6,11,19,21,57,0,7,16,15,38,6,18,35,36,95,12,72,84,179
11/09/2011,BFM,AL,ASO,CE,Federal Contract Tower,6,8,28,38,80,0,7,7,5,19,6,15,35,43,99,0,44,44,143
11/10/2011,BFM,AL,ASO,CE,Federal Contract Tower,9,6,22,33,70,0,5,15,21,41,9,11,37,54,111,6,140,146,257
11/11/2011,BFM,AL,ASO,CE,Federal Contract Tower,5,6,13,6,30,0,6,58,1,65,5,12,71,7,95,8,12,20,115
11/12/2011,BFM,AL,ASO,CE,Federal Contract Tower,2,2,3,4,11,0,8,32,0,40,2,10,35,4,51,16,0,16,67
11/13/2011,BFM,AL,ASO,CE,Federal Contract Tower,11,4,21,3,39,0,1,15,3,19,11,5,36,6,58,4,0,4,62
11/14/2011,BFM,AL,ASO,CE,Federal Contract Tower,3,7,11,19,40,0,8,3,3,14,3,15,14,22,54,0,12,12,66
11/15/2011,BFM,AL,ASO,CE,Federal Contract Tower,6,9,9,16,40,0,2,5,2,9,6,11,14,18,49,4,22,26,75
11/16/2011,BFM,AL,ASO,CE,Federal Contract Tower,6,15,12,14,47,0,3,7,19,29,6,18,19,33,76,0,160,160,236
11/17/2011,BFM,AL,ASO,CE,Federal Contract Tower,7,8,22,34,71,0,13,25,49,87,7,21,47,83,158,2,308,310,468
11/18/2011,BFM,AL,ASO,CE,Federal Contract Tower,5,10,22,18,55,0,7,39,33,79,5,17,61,51,134,20,208,228,362
11/19/2011,BFM,AL,ASO,CE,Federal Contract Tower,4,6,17,5,32,0,4,14,3,21,4,10,31,8,53,2,2,4,57
11/20/2011,BFM,AL,ASO,CE,Federal Contract Tower,1,1,17,22,41,0,3,3,7,13,1,4,20,29,54,2,48,50,104
11/21/2011,BFM,AL,ASO,CE,Federal Contract Tower,3,12,21,11,47,0,0,28,22,50,3,12,49,33,97,38,196,234,331
11/22/2011,BFM,AL,ASO,CE,Federal Contract Tower,6,13,17,36,72,0,2,2,6,10,6,15,19,42,82,0,70,70,152
11/23/2011,BFM,AL,ASO,CE,Federal Contract Tower,7,9,22,48,86,0,11,34,19,64,7,20,56,67,150,38,74,112,262
11/24/2011,BFM,AL,ASO,CE,Federal Contract Tower,0,0,0,0,0,0,2,6,0,8,0,2,6,0,8,0,0,0,8
11/25/2011,BFM,AL,ASO,CE,Federal Contract Tower,8,16,7,0,31,0,9,10,0,19,8,25,17,0,50,30,0,30,80
11/26/2011,BFM,AL,ASO,CE,Federal Contract Tower,2,6,8,0,16,0,6,8,0,14,2,12,16,0,30,4,0,4,34
11/27/2011,BFM,AL,ASO,CE,Federal Contract Tower,1,0,10,0,11,0,0,0,0,0,1,0,10,0,11,0,0,0,11
11/28/2011,BFM,AL,ASO,CE,Federal Contract Tower,1,9,16,11,37,0,7,7,11,25,1,16,23,22,62,24,56,80,142
11/29/2011,BFM,AL,ASO,CE,Federal Contract Tower,10,8,26,54,98,0,5,10,34,49,10,13,36,88,147,0,140,140,287
11/30/2011,BFM,AL,ASO,CE,Federal Contract Tower,7,7,18,76,108,0,15,31,38,84,7,22,49,114,192,16,218,234,426
12/01/2011,BFM,AL,ASO,CE,Federal Contract Tower,6,6,31,48,91,0,9,23,14,46,6,15,54,62,137,12,110,122,259
12/02/2011,BFM,AL,ASO,CE,Federal Contract Tower,7,7,25,40,79,0,10,31,16,57,7,17,56,56,136,12,98,110,246
12/03/2011,BFM,AL,ASO,CE,Federal Contract Tower,2,4,9,10,25,0,0,14,7,21,2,4,23,17,46,42,46,88,134
12/04/2011,BFM,AL,ASO,CE,Federal Contract Tower,3,2,9,10,24,0,4,22,7,33,3,6,31,17,57,10,82,92,149
12/05/2011,BFM,AL,ASO,CE,Federal Contract Tower,1,8,18,35,62,0,6,7,4,17,1,14,25,39,79,16,6,22,101
12/06/2011,BFM,AL,ASO,CE,Federal Contract Tower,9,13,27,13,62,0,1,1,0,2,9,14,28,13,64,0,0,0,64
12/07/2011,BFM,AL,ASO,CE,Federal Contract Tower,8,11,25,28,72,0,14,9,26,49,8,25,34,54,121,14,158,172,293
12/08/2011,BFM,AL,ASO,CE,Federal Contract Tower,7,8,31,65,111,0,4,32,26,62,7,12,63,91,173,30,192,222,395
12/09/2011,BFM,AL,ASO,CE,Federal Contract Tower,7,9,13,35,64,0,9,39,8,56,7,18,52,43,120,30,86,116,236
12/10/2011,BFM,AL,ASO,CE,Federal Contract Tower,2,2,11,25,40,0,1,27,0,28,2,3,38,25,68,30,0,30,98
12/11/2011,BFM,AL,ASO,CE,Federal Contract Tower,1,0,7,14,22,0,0,10,2,12,1,0,17,16,34,6,0,6,40
12/12/2011,BFM,AL,ASO,CE,Federal Contract Tower,1,8,15,68,92,0,7,19,5,31,1,15,34,73,123,4,50,54,177
12/13/2011,BFM,AL,ASO,CE,Federal Contract Tower,11,13,18,13,55,0,1,8,4,13,11,14,26,17,68,2,28,30,98
12/14/2011,BFM,AL,ASO,CE,Federal Contract Tower,8,6,15,42,71,0,7,38,23,68,8,13,53,65,139,36,146,182,321
12/15/2011,BFM,AL,ASO,CE,Federal Contract Tower,9,10,14,19,52,0,3,27,17,47,9,13,41,36,99,28,80,108,207
12/16/2011,BFM,AL,ASO,CE,Federal Contract Tower,8,7,15,15,45,0,2,26,7,35,8,9,41,22,80,4,38,42,122
12/17/2011,BFM,AL,ASO,CE,Federal Contract Tower,2,5,4,16,27,0,6,13,0,19,2,11,17,16,46,22,0,22,68
12/18/2011,BFM,AL,ASO,CE,Federal Contract Tower,2,0,4,6,12,0,4,39,2,45,2,4,43,8,57,28,18,46,103
12/19/2011,BFM,AL,ASO,CE,Federal Contract Tower,2,8,16,26,52,0,9,29,17,55,2,17,45,43,107,2,122,124,231
12/20/2011,BFM,AL,ASO,CE,Federal Contract Tower,18,13,9,10,50,0,4,9,0,13,18,17,18,10,63,0,0,0,63
12/21/2011,BFM,AL,ASO,CE,Federal Contract Tower,12,15,22,1,50,0,2,1,0,3,12,17,23,1,53,0,0,0,53
12/22/2011,BFM,AL,ASO,CE,Federal Contract Tower,10,11,8,3,32,0,2,4,3,9,10,13,12,6,41,0,6,6,47
12/23/2011,BFM,AL,ASO,CE,Federal Contract Tower,10,8,25,12,55,0,2,17,4,23,10,10,42,16,78,10,8,18,96
12/24/2011,BFM,AL,ASO,CE,Federal Contract Tower,3,2,6,0,11,0,0,6,0,6,3,2,12,0,17,16,0,16,33
12/25/2011,BFM,AL,ASO,CE,Federal Contract Tower,0,0,1,0,1,0,2,1,0,3,0,2,2,0,4,0,0,0,4
12/26/2011,BFM,AL,ASO,CE,Federal Contract Tower,0,2,13,4,19,0,8,3,0,11,0,10,16,4,30,0,0,0,30
12/27/2011,BFM,AL,ASO,CE,Federal Contract Tower,3,11,10,33,57,0,2,20,14,36,3,13,30,47,93,18,44,62,155
12/28/2011,BFM,AL,ASO,CE,Federal Contract Tower,7,13,17,9,46,0,12,26,18,56,7,25,43,27,102,12,118,130,232
12/29/2011,BFM,AL,ASO,CE,Federal Contract Tower,7,7,15,34,63,0,7,24,19,50,7,14,39,53,113,14,96,110,223
12/30/2011,BFM,AL,ASO,CE,Federal Contract Tower,6,8,34,3,51,0,8,16,5,29,6,16,50,8,80,24,20,44,124
12/31/2011,BFM,AL,ASO,CE,Federal Contract Tower,2,3,5,0,10,0,0,17,0,17,2,3,22,0,27,18,0,18,45
01/01/2012,BFM,AL,ASO,CE,Federal Contract Tower,0,0,9,0,9,0,0,7,0,7,0,0,16,0,16,2,0,2,18
01/02/2012,BFM,AL,ASO,CE,Federal Contract Tower,0,1,18,0,19,0,3,15,0,18,0,4,33,0,37,6,0,6,43
01/03/2012,BFM,AL,ASO,CE,Federal Contract Tower,5,10,14,18,47,0,8,30,21,59,5,18,44,39,106,10,146,156,262
01/04/2012,BFM,AL,ASO,CE,Federal Contract Tower,12,10,32,42,96,0,10,36,25,71,12,20,68,67,167,36,140,176,343
01/05/2012,BFM,AL,ASO,CE,Federal Contract Tower,6,6,12,43,67,0,7,26,26,59,6,13,38,69,126,12,130,142,268
01/06/2012,BFM,AL,ASO,CE,Federal Contract Tower,5,5,12,9,31,0,1,22,1,24,5,6,34,10,55,68,6,74,129
01/07/2012,BFM,AL,ASO,CE,Federal Contract Tower,3,5,17,12,37,0,5,21,4,30,3,10,38,16,67,10,18,28,95
01/08/2012,BFM,AL,ASO,CE,Federal Contract Tower,1,2,14,26,43,0,3,14,5,22,1,5,28,31,65,22,10,32,97
01/09/2012,BFM,AL,ASO,CE,Federal Contract Tower,3,6,26,44,79,0,1,36,7,44,3,7,62,51,123,80,26,106,229
01/10/2012,BFM,AL,ASO,CE,Federal Contract Tower,5,9,14,1,29,0,0,0,0,0,5,9,14,1,29,0,0,0,29
01/11/2012,BFM,AL,ASO,CE,Federal Contract Tower,6,11,13,40,70,0,9,15,36,60,6,20,28,76,130,18,188,206,336
01/12/2012,BFM,AL,ASO,CE,Federal Contract Tower,8,10,16,65,99,0,8,12,27,47,8,18,28,92,146,2,140,142,288
01/13/2012,BFM,AL,ASO,CE,Federal Contract Tower,7,5,22,30,64,0,5,34,20,59,7,10,56,50,123,10,70,80,203
01/14/2012,BFM,AL,ASO,CE,Federal Contract Tower,3,2,6,20,31,0,3,38,7,48,3,5,44,27,79,18,78,96,175
01/15/2012,BFM,AL,ASO,CE,Federal Contract Tower,1,0,10,13,24,0,1,34,4,39,1,1,44,17,63,30,14,44,107
01/16/2012,BFM,AL,ASO,CE,Federal Contract Tower,2,7,11,0,20,0,2,30,0,32,2,9,41,0,52,16,0,16,68
01/17/2012,BFM,AL,ASO,CE,Federal Contract Tower,6,9,7,13,35,0,3,7,6,16,6,12,14,19,51,2,18,20,71
01/18/2012,BFM,AL,ASO,CE,Federal Contract Tower,9,10,14,38,71,0,8,32,37,77,9,18,46,75,148,2,202,204,352
01/19/2012,BFM,AL,ASO,CE,Federal Contract Tower,6,7,36,35,84,16,35,38,0,89,22,42,74,35,173,28,194,222,395
01/20/2012,BFM,AL,ASO,CE,Federal Contract Tower,5,8,29,22,64,0,6,8,19,33,5,14,37,41,97,6,28,34,131
01/21/2012,BFM,AL,ASO,CE,Federal Contract Tower,2,1,10,4,17,0,6,5,0,11,2,7,15,4,28,8,0,8,36
01/22/2012,BFM,AL,ASO,CE,Federal Contract Tower,1,0,3,0,4,0,0,0,0,0,1,0,3,0,4,0,0,0,4
01/23/2012,BFM,AL,ASO,CE,Federal Contract Tower,1,4,25,28,58,0,5,8,6,19,1,9,33,34,77,0,40,40,117
01/24/2012,BFM,AL,ASO,CE,Federal Contract Tower,6,11,33,22,72,0,8,14,16,38,6,19,47,38,110,0,54,54,164
01/25/2012,BFM,AL,ASO,CE,Federal Contract Tower,10,7,31,27,75,0,10,20,18,48,10,17,51,45,123,32,112,144,267
01/26/2012,BFM,AL,ASO,CE,Federal Contract Tower,6,9,16,1,32,0,5,9,0,14,6,14,25,1,46,28,0,28,74
01/27/2012,BFM,AL,ASO,CE,Federal Contract Tower,6,7,25,35,73,0,18,42,23,83,6,25,67,58,156,64,120,184,340
01/28/2012,BFM,AL,ASO,CE,Federal Contract Tower,2,2,15,10,29,0,2,48,7,57,2,4,63,17,86,76,32,108,194
01/29/2012,BFM,AL,ASO,CE,Federal Contract Tower,1,0,17,4,22,0,0,19,0,19,1,0,36,4,41,16,0,16,57
01/30/2012,BFM,AL,ASO,CE,Federal Contract Tower,2,6,23,33,64,0,5,32,44,81,2,11,55,77,145,10,258,268,413
01/31/2012,BFM,AL,ASO,CE,Federal Contract Tower,6,9,30,19,64,0,9,38,20,67,6,18,68,39,131,50,116,166,297
02/01/2012,BFM,AL,ASO,CE,Federal Contract Tower,14,10,8,0,32,0,2,2,0,4,14,12,10,0,36,0,0,0,36
02/02/2012,BFM,AL,ASO,CE,Federal Contract Tower,8,8,19,38,73,0,2,4,6,12,8,10,23,44,85,6,26,32,117
02/03/2012,BFM,AL,ASO,CE,Federal Contract Tower,13,8,8,24,53,0,6,9,18,33,13,14,17,42,86,6,88,94,180
02/04/2012,BFM,AL,ASO,CE,Federal Contract Tower,2,3,6,12,23,0,2,7,2,11,2,5,13,14,34,24,2,26,60
02/05/2012,BFM,AL,ASO,CE,Federal Contract Tower,1,1,17,4,23,0,1,3,0,4,1,2,20,4,27,0,0,0,27
02/06/2012,BFM,AL,ASO,CE,Federal Contract Tower,7,4,11,49,71,0,3,31,26,60,7,7,42,75,131,20,134,154,285
02/07/2012,BFM,AL,ASO,CE,Federal Contract Tower,7,8,19,93,127,0,9,34,31,74,7,17,53,124,201,12,194,206,407
02/08/2012,BFM,AL,ASO,CE,Federal Contract Tower,6,6,17,44,73,0,9,37,23,69,6,15,54,67,142,26,124,150,292
02/09/2012,BFM,AL,ASO,CE,Federal Contract Tower,8,6,13,34,61,0,5,34,32,71,8,11,47,66,132,14,188,202,334
02/10/2012,BFM,AL,ASO,CE,Federal Contract Tower,5,11,23,48,87,0,5,22,32,59,5,16,45,80,146,0,142,142,288
02/11/2012,BFM,AL,ASO,CE,Federal Contract Tower,2,2,18,22,44,0,4,11,16,31,2,6,29,38,75,44,26,70,145
02/12/2012,BFM,AL,ASO,CE,Federal Contract Tower,1,0,18,31,50,0,2,27,3,32,1,2,45,34,82,44,38,82,164
02/13/2012,BFM,AL,ASO,CE,Federal Contract Tower,2,6,8,13,29,0,2,24,34,60,2,8,32,47,89,8,124,132,221
02/14/2012,BFM,AL,ASO,CE,Federal Contract Tower,9,14,12,62,97,0,6,30,22,58,9,20,42,84,155,24,138,162,317
02/15/2012,BFM,AL,ASO,CE,Federal Contract Tower,9,16,24,50,99,0,5,11,7,23,9,21,35,57,122,14,56,70,192
02/16/2012,BFM,AL,ASO,CE,Federal Contract Tower,6,14,29,27,76,0,4,2,4,10,6,18,31,31,86,0,10,10,96
02/17/2012,BFM,AL,ASO,CE,Federal Contract Tower,6,11,30,36,83,0,10,14,31,55,6,21,44,67,138,10,104,114,252
02/18/2012,BFM,AL,ASO,CE,Federal Contract Tower,2,4,6,0,12,0,0,0,0,0,2,4,6,0,12,0,0,0,12
02/19/2012,BFM,AL,ASO,CE,Federal Contract Tower,2,1,13,19,35,0,6,6,0,12,2,7,19,19,47,10,0,10,57
02/20/2012,BFM,AL,ASO,CE,Federal Contract Tower,5,3,14,0,22,0,6,24,0,30,5,9,38,0,52,8,0,8,60
02/21/2012,BFM,AL,ASO,CE,Federal Contract Tower,7,5,14,19,45,0,3,29,30,62,7,8,43,49,107,20,112,132,239
02/22/2012,BFM,AL,ASO,CE,Federal Contract Tower,9,11,18,58,96,0,5,12,9,26,9,16,30,67,122,0,78,78,200
02/23/2012,BFM,AL,ASO,CE,Federal Contract Tower,7,13,24,14,58,0,0,1,7,8,7,13,25,21,66,0,4,4,70
02/24/2012,BFM,AL,ASO,CE,Federal Contract Tower,7,9,6,44,66,0,5,13,11,29,7,14,19,55,95,32,58,90,185
02/25/2012,BFM,AL,ASO,CE,Federal Contract Tower,2,2,4,19,27,0,0,53,15,68,2,2,57,34,95,100,16,116,211
02/26/2012,BFM,AL,ASO,CE,Federal Contract Tower,1,0,6,16,23,0,0,37,12,49,1,0,43,28,72,110,24,134,206
02/27/2012,BFM,AL,ASO,CE,Federal Contract Tower,4,9,2,18,33,0,0,0,0,0,4,9,2,18,33,0,0,0,33
02/28/2012,BFM,AL,ASO,CE,Federal Contract Tower,7,6,27,16,56,0,0,0,4,4,7,6,27,20,60,0,46,46,106
02/29/2012,BFM,AL,ASO,CE,Federal Contract Tower,9,11,16,16,52,0,4,8,6,18,9,15,24,22,70,0,48,48,118
03/01/2012,BFM,AL,ASO,CE,Federal Contract Tower,13,14,26,2,55,0,1,12,0,13,13,15,38,2,68,6,0,6,74
03/02/2012,BFM,AL,ASO,CE,Federal Contract Tower,15,15,25,11,66,0,0,3,5,8,15,15,28,16,74,0,42,42,116
03/03/2012,BFM,AL,ASO,CE,Federal Contract Tower,5,2,4,4,15,0,0,6,7,13,5,2,10,11,28,0,0,0,28
03/04/2012,BFM,AL,ASO,CE,Federal Contract Tower,1,0,9,22,32,0,0,37,13,50,1,0,46,35,82,38,44,82,164
03/05/2012,BFM,AL,ASO,CE,Federal Contract Tower,6,3,16,48,73,0,4,48,36,88,6,7,64,84,161,24,126,150,311
03/06/2012,BFM,AL,ASO,CE,Federal Contract Tower,5,4,16,79,104,0,5,46,51,102,5,9,62,130,206,84,250,334,540
03/07/2012,BFM,AL,ASO,CE,Federal Contract Tower,11,7,22,35,75,0,5,20,26,51,11,12,42,61,126,18,188,206,332
03/08/2012,BFM,AL,ASO,CE,Federal Contract Tower,5,10,18,28,61,0,8,7,8,23,5,18,25,36,84,10,20,30,114
03/09/2012,BFM,AL,ASO,CE,Federal Contract Tower,6,10,15,13,44,0,0,4,6,10,6,10,19,19,54,4,28,32,86
03/10/2012,BFM,AL,ASO,CE,Federal Contract Tower,4,2,9,6,21,0,2,20,2,24,4,4,29,8,45,18,8,26,71
03/11/2012,BFM,AL,ASO,CE,Federal Contract Tower,1,3,10,10,24,0,2,0,0,2,1,5,10,10,26,0,0,0,26
03/12/2012,BFM,AL,ASO,CE,Federal Contract Tower,1,9,28,6,44,0,0,3,0,3,1,9,31,6,47,0,0,0,47
03/13/2012,BFM,AL,ASO,CE,Federal Contract Tower,7,4,20,15,46,0,4,6,13,23,7,8,26,28,69,34,72,106,175
03/14/2012,BFM,AL,ASO,CE,Federal Contract Tower,4,8,26,45,83,0,6,20,30,56,4,14,46,75,139,30,150,180,319
03/15/2012,BFM,AL,ASO,CE,Federal Contract Tower,7,7,18,40,72,0,6,38,31,75,7,13,56,71,147,36,224,260,407
03/16/2012,BFM,AL,ASO,CE,Federal Contract Tower,6,8,10,48,72,0,4,38,32,74,6,12,48,80,146,16,136,152,298
03/17/2012,BFM,AL,ASO,CE,Federal Contract Tower,1,0,7,5,13,0,0,26,1,27,1,0,33,6,40,86,2,88,128
03/18/2012,BFM,AL,ASO,CE,Federal Contract Tower,1,1,6,17,25,0,1,17,2,20,1,2,23,19,45,28,0,28,73
03/19/2012,BFM,AL,ASO,CE,Federal Contract Tower,1,3,7,39,50,0,5,35,35,75,1,8,42,74,125,78,210,288,413
03/20/2012,BFM,AL,ASO,CE,Federal Contract Tower,6,8,29,37,80,0,3,20,39,62,6,11,49,76,142,2,236,238,380
03/21/2012,BFM,AL,ASO,CE,Federal Contract Tower,6,7,39,16,68,0,5,10,19,34,6,12,49,35,102,48,76,124,226
03/22/2012,BFM,AL,ASO,CE,Federal Contract Tower,6,9,7,0,22,0,0,0,0,0,6,9,7,0,22,0,0,0,22
03/23/2012,BFM,AL,ASO,CE,Federal Contract Tower,7,7,14,2,30,0,4,5,3,12,7,11,19,5,42,0,0,0,42
03/24/2012,BFM,AL,ASO,CE,Federal Contract Tower,2,2,10,8,22,0,4,15,0,19,2,6,25,8,41,38,20,58,99
03/25/2012,BFM,AL,ASO,CE,Federal Contract Tower,1,0,11,9,21,0,0,34,5,39,1,0,45,14,60,28,4,32,92
03/26/2012,BFM,AL,ASO,CE,Federal Contract Tower,5,2,19,45,71,0,7,46,28,81,5,9,65,73,152,54,168,222,374
03/27/2012,BFM,AL,ASO,CE,Federal Contract Tower,4,7,26,59,96,0,10,22,43,75,4,17,48,102,171,2,154,156,327
03/28/2012,BFM,AL,ASO,CE,Federal Contract Tower,6,9,35,55,105,0,9,31,20,60,6,18,66,75,165,16,62,78,243
03/29/2012,BFM,AL,ASO,CE,Federal Contract Tower,10,5,27,20,62,0,4,19,39,62,10,9,46,59,124,8,270,278,402
03/30/2012,BFM,AL,ASO,CE,Federal Contract Tower,15,10,15,15,55,0,0,7,0,7,15,10,22,15,62,8,0,8,70
03/31/2012,BFM,AL,ASO,CE,Federal Contract Tower,2,2,8,3,15,0,0,5,0,5,2,2,13,3,20,6,0,6,26
04/01/2012,BFM,AL,ASO,CE,Federal Contract Tower,1,2,7,6,16,0,0,17,1,18,1,2,24,7,34,14,0,14,48
04/02/2012,BFM,AL,ASO,CE,Federal Contract Tower,0,5,20,24,49,0,2,29,6,37,0,7,49,30,86,16,40,56,142
04/03/2012,BFM,AL,ASO,CE,Federal Contract Tower,10,9,22,17,58,0,4,25,12,41,10,13,47,29,99,32,68,100,199
04/04/2012,BFM,AL,ASO,CE,Federal Contract Tower,8,5,20,11,44,0,7,14,8,29,8,12,34,19,73,2,40,42,115
04/05/2012,BFM,AL,ASO,CE,Federal Contract Tower,7,9,16,14,46,0,4,16,24,44,7,13,32,38,90,2,114,116,206
04/06/2012,BFM,AL,ASO,CE,Federal Contract Tower,5,5,18,41,69,0,2,27,23,52,5,7,45,64,121,22,142,164,285
04/07/2012,BFM,AL,ASO,CE,Federal Contract Tower,2,3,4,2,11,0,4,31,0,35,2,7,35,2,46,52,0,52,98
04/08/2012,BFM,AL,ASO,CE,Federal Contract Tower,1,0,5,6,12,0,0,6,0,6,1,0,11,6,18,4,0,4,22
04/09/2012,BFM,AL,ASO,CE,Federal Contract Tower,8,5,10,24,47,0,5,37,28,70,8,10,47,52,117,94,140,234,351
04/10/2012,BFM,AL,ASO,CE,Federal Contract Tower,7,4,16,35,62,0,1,48,61,110,7,5,64,96,172,74,256,330,502
04/11/2012,BFM,AL,ASO,CE,Federal Contract Tower,7,8,29,46,90,0,7,44,29,80,7,15,73,75,170,16,170,186,356
04/12/2012,BFM,AL,ASO,CE,Federal Contract Tower,10,7,13,16,46,0,6,26,29,61,10,13,39,45,107,4,212,216,323
04/13/2012,BFM,AL,ASO,CE,Federal Contract Tower,5,6,12,25,48,0,2,37,11,50,5,8,49,36,98,42,94,136,234
04/14/2012,BFM,AL,ASO,CE,Federal Contract Tower,3,1,8,12,24,0,0,18,8,26,3,1,26,20,50,24,40,64,114
04/15/2012,BFM,AL,ASO,CE,Federal Contract Tower,1,0,8,28,37,0,0,9,3,12,1,0,17,31,49,0,8,8,57
04/16/2012,BFM,AL,ASO,CE,Federal Contract Tower,1,2,24,3,30,0,6,11,15,32,1,8,35,18,62,8,98,106,168
04/17/2012,BFM,AL,ASO,CE,Federal Contract Tower,6,10,9,8,33,0,2,11,24,37,6,12,20,32,70,62,150,212,282
04/18/2012,BFM,AL,ASO,CE,Federal Contract Tower,3,12,20,67,102,0,4,8,12,24,3,16,28,79,126,18,64,82,208
04/19/2012,BFM,AL,ASO,CE,Federal Contract Tower,8,13,18,32,71,0,10,49,21,80,8,23,67,53,151,36,40,76,227
04/20/2012,BFM,AL,ASO,CE,Federal Contract Tower,8,6,26,42,82,0,2,31,17,50,8,8,57,59,132,26,58,84,216
04/21/2012,BFM,AL,ASO,CE,Federal Contract Tower,2,2,4,0,8,0,0,8,3,11,2,2,12,3,19,20,0,20,39
04/22/2012,BFM,AL,ASO,CE,Federal Contract Tower,4,2,12,23,41,0,2,5,15,22,4,4,17,38,63,0,24,24,87
04/23/2012,BFM,AL,ASO,CE,Federal Contract Tower,2,4,17,25,48,0,4,11,21,36,2,8,28,46,84,2,58,60,144
04/24/2012,BFM,AL,ASO,CE,Federal Contract Tower,5,10,13,28,56,0,5,32,33,70,5,15,45,61,126,8,116,124,250
04/25/2012,BFM,AL,ASO,CE,Federal Contract Tower,6,4,21,56,87,0,6,43,24,73,6,10,64,80,160,22,166,188,348
04/26/2012,BFM,AL,ASO,CE,Federal Contract Tower,7,5,26,42,80,0,10,32,34,76,7,15,58,76,156,20,134,154,310
04/27/2012,BFM,AL,ASO,CE,Federal Contract Tower,7,7,10,42,66,0,7,36,27,70,7,14,46,69,136,48,226,274,410
04/28/2012,BFM,AL,ASO,CE,Federal Contract Tower,2,2,5,7,16,0,3,14,6,23,2,5,19,13,39,48,24,72,111
04/29/2012,BFM,AL,ASO,CE,Federal Contract Tower,1,1,11,5,18,0,1,19,3,23,1,2,30,8,41,0,48,48,89
04/30/2012,BFM,AL,ASO,CE,Federal Contract Tower,1,5,12,25,43,0,7,21,43,71,1,12,33,68,114,20,208,228,342
05/01/2012,BFM,AL,ASO,CE,Federal Contract Tower,7,6,26,59,98,0,5,23,49,77,7,11,49,108,175,28,260,288,463
05/02/2012,BFM,AL,ASO,CE,Federal Contract Tower,7,10,24,4,45,0,2,7,10,19,7,12,31,14,64,0,60,60,124
05/03/2012,BFM,AL,ASO,CE,Federal Contract Tower,8,5,14,9,36,0,6,6,9,21,8,11,20,18,57,16,30,46,103
05/04/2012,BFM,AL,ASO,CE,Federal Contract Tower,8,9,50,26,93,0,4,14,7,25,8,13,64,33,118,28,24,52,170
05/05/2012,BFM,AL,ASO,CE,Federal Contract Tower,2,3,5,3,13,0,6,24,0,30,2,9,29,3,43,18,14,32,75
05/06/2012,BFM,AL,ASO,CE,Federal Contract Tower,1,2,13,8,24,0,6,20,2,28,1,8,33,10,52,16,0,16,68
05/07/2012,BFM,AL,ASO,CE,Federal Contract Tower,2,6,9,31,48,0,4,13,14,31,2,10,22,45,79,4,56,60,139
05/08/2012,BFM,AL,ASO,CE,Federal Contract Tower,11,5,14,28,58,0,6,21,29,56,11,11,35,57,114,18,100,118,232
05/09/2012,BFM,AL,ASO,CE,Federal Contract Tower,9,6,16,40,71,0,5,11,24,40,9,11,27,64,111,16,82,98,209
05/10/2012,BFM,AL,ASO,CE,Federal Contract Tower,8,5,22,34,69,0,7,48,55,110,8,12,70,89,179,56,280,336,515
05/11/2012,BFM,AL,ASO,CE,Federal Contract Tower,13,5,16,46,80,0,6,31,33,70,13,11,47,79,150,44,224,268,418
05/12/2012,BFM,AL,ASO,CE,Federal Contract Tower,6,2,1,5,14,0,7,3,0,10,6,9,4,5,24,0,0,0,24
05/13/2012,BFM,AL,ASO,CE,Federal Contract Tower,5,2,3,22,32,0,0,15,0,15,5,2,18,22,47,34,4,38,85
05/14/2012,BFM,AL,ASO,CE,Federal Contract Tower,1,3,14,43,61,0,3,28,35,66,1,6,42,78,127,34,224,258,385
05/15/2012,BFM,AL,ASO,CE,Federal Contract Tower,6,4,16,52,78,0,6,41,40,87,6,10,57,92,165,66,244,310,475
05/16/2012,BFM,AL,ASO,CE,Federal Contract Tower,9,8,21,50,88,0,6,23,32,61,9,14,44,82,149,42,186,228,377
05/17/2012,BFM,AL,ASO,CE,Federal Contract Tower,5,4,22,62,93,0,12,32,47,91,5,16,54,109,184,18,306,324,508
05/18/2012,BFM,AL,ASO,CE,Federal Contract Tower,8,6,7,21,42,0,2,17,5,24,8,8,24,26,66,0,0,0,66
05/19/2012,BFM,AL,ASO,CE,Federal Contract Tower,2,2,5,6,15,0,2,13,1,16,2,4,18,7,31,0,10,10,41
05/20/2012,BFM,AL,ASO,CE,Federal Contract Tower,1,2,12,36,51,0,3,16,10,29,1,5,28,46,80,0,16,16,96
05/21/2012,BFM,AL,ASO,CE,Federal Contract Tower,2,2,13,34,51,0,7,22,15,44,2,9,35,49,95,20,70,90,185
05/22/2012,BFM,AL,ASO,CE,Federal Contract Tower,5,4,21,30,60,0,10,35,40,85,5,14,56,70,145,16,236,252,397
05/23/2012,BFM,AL,ASO,CE,Federal Contract Tower,9,2,16,35,62,0,5,35,36,76,9,7,51,71,138,18,166,184,322
05/24/2012,BFM,AL,ASO,CE,Federal Contract Tower,7,4,16,42,69,0,9,37,41,87,7,13,53,83,156,40,188,228,384
05/25/2012,BFM,AL,ASO,CE,Federal Contract Tower,5,6,20,7,38,0,3,42,8,53,5,9,62,15,91,38,42,80,171
05/26/2012,BFM,AL,ASO,CE,Federal Contract Tower,2,3,12,6,23,0,7,36,0,43,2,10,48,6,66,28,0,28,94
05/27/2012,BFM,AL,ASO,CE,Federal Contract Tower,1,1,6,3,11,0,0,1,0,1,1,1,7,3,12,18,0,18,30
05/28/2012,BFM,AL,ASO,CE,Federal Contract Tower,0,1,12,4,17,0,6,11,1,18,0,7,23,5,35,32,0,32,67
05/29/2012,BFM,AL,ASO,CE,Federal Contract Tower,1,4,20,39,64,0,8,10,31,49,1,12,30,70,113,12,82,94,207
05/30/2012,BFM,AL,ASO,CE,Federal Contract Tower,8,4,16,27,55,0,9,44,29,82,8,13,60,56,137,40,118,158,295
05/31/2012,BFM,AL,ASO,CE,Federal Contract Tower,6,6,17,36,65,0,7,33,9,49,6,13,50,45,114,30,72,102,216
06/01/2012,BFM,AL,ASO,CE,Federal Contract Tower,12,6,13,40,71,2,3,45,16,66,14,9,58,56,137,32,98,130,267
06/02/2012,BFM,AL,ASO,CE,Federal Contract Tower,6,6,11,2,25,0,9,32,4,45,6,15,43,6,70,20,8,28,98
06/03/2012,BFM,AL,ASO,CE,Federal Contract Tower,3,0,6,17,26,0,0,22,2,24,3,0,28,19,50,10,0,10,60
06/04/2012,BFM,AL,ASO,CE,Federal Contract Tower,1,2,14,62,79,0,4,18,19,41,1,6,32,81,120,6,124,130,250
06/05/2012,BFM,AL,ASO,CE,Federal Contract Tower,7,6,26,32,71,0,9,16,22,47,7,15,42,54,118,10,40,50,168
06/06/2012,BFM,AL,ASO,CE,Federal Contract Tower,7,6,20,35,68,0,9,24,18,51,7,15,44,53,119,26,52,78,197
06/07/2012,BFM,AL,ASO,CE,Federal Contract Tower,6,9,19,26,60,0,6,12,17,35,6,15,31,43,95,12,52,64,159
06/08/2012,BFM,AL,ASO,CE,Federal Contract Tower,6,5,12,6,29,0,0,6,3,9,6,5,18,9,38,4,8,12,50
06/09/2012,BFM,AL,ASO,CE,Federal Contract Tower,2,3,3,0,8,0,2,0,0,2,2,5,3,0,10,0,0,0,10
06/10/2012,BFM,AL,ASO,CE,Federal Contract Tower,1,0,3,0,4,0,0,0,0,0,1,0,3,0,4,0,0,0,4
06/11/2012,BFM,AL,ASO,CE,Federal Contract Tower,2,3,12,15,32,0,2,14,9,25,2,5,26,24,57,4,56,60,117
06/12/2012,BFM,AL,ASO,CE,Federal Contract Tower,12,5,10,52,79,0,5,33,21,59,12,10,43,73,138,88,196,284,422
06/13/2012,BFM,AL,ASO,CE,Federal Contract Tower,9,4,21,42,76,0,13,14,20,47,9,17,35,62,123,6,68,74,197
06/14/2012,BFM,AL,ASO,CE,Federal Contract Tower,10,4,13,27,54,0,3,24,12,39,10,7,37,39,93,44,92,136,229
06/15/2012,BFM,AL,ASO,CE,Federal Contract Tower,6,4,18,14,42,0,6,34,16,56,6,10,52,30,98,22,118,140,238
06/16/2012,BFM,AL,ASO,CE,Federal Contract Tower,10,5,12,4,31,0,9,37,0,46,10,14,49,4,77,46,0,46,123
06/17/2012,BFM,AL,ASO,CE,Federal Contract Tower,2,3,8,14,27,0,2,19,0,21,2,5,27,14,48,38,0,38,86
06/18/2012,BFM,AL,ASO,CE,Federal Contract Tower,1,3,12,47,63,0,3,22,22,47,1,6,34,69,110,60,86,146,256
06/19/2012,BFM,AL,ASO,CE,Federal Contract Tower,6,5,8,42,61,0,8,47,23,78,6,13,55,65,139,94,122,216,355
06/20/2012,BFM,AL,ASO,CE,Federal Contract Tower,7,6,21,37,71,0,8,30,21,59,7,14,51,58,130,30,94,124,254
06/21/2012,BFM,AL,ASO,CE,Federal Contract Tower,5,7,17,39,68,0,7,29,38,74,5,14,46,77,142,34,146,180,322
06/22/2012,BFM,AL,ASO,CE,Federal Contract Tower,5,5,15,23,48,0,8,37,32,77,5,13,52,55,125,44,200,244,369
06/23/2012,BFM,AL,ASO,CE,Federal Contract Tower,2,7,13,16,38,0,10,21,1,32,2,17,34,17,70,12,4,16,86
06/24/2012,BFM,AL,ASO,CE,Federal Contract Tower,1,0,3,0,4,0,4,11,0,15,1,4,14,0,19,12,0,12,31
06/25/2012,BFM,AL,ASO,CE,Federal Contract Tower,1,2,12,32,47,0,6,12,20,38,1,8,24,52,85,0,86,86,171
06/26/2012,BFM,AL,ASO,CE,Federal Contract Tower,6,5,19,67,97,0,10,18,37,65,6,15,37,104,162,12,234,246,408
06/27/2012,BFM,AL,ASO,CE,Federal Contract Tower,5,3,14,37,59,0,11,27,39,77,5,14,41,76,136,0,168,168,304
06/28/2012,BFM,AL,ASO,CE,Federal Contract Tower,7,7,11,21,46,0,6,45,31,82,7,13,56,52,128,68,162,230,358
06/29/2012,BFM,AL,ASO,CE,Federal Contract Tower,6,7,20,33,66,0,6,58,29,93,6,13,78,62,159,20,152,172,331
06/30/2012,BFM,AL,ASO,CE,Federal Contract Tower,2,4,9,3,18,0,6,34,0,40,2,10,43,3,58,34,0,34,92
07/01/2012,BFM,AL,ASO,CE,Federal Contract Tower,2,5,8,9,24,0,4,20,3,27,2,9,28,12,51,24,0,24,75
07/02/2012,BFM,AL,ASO,CE,Federal Contract Tower,8,2,39,4,53,0,4,18,8,30,8,6,57,12,83,8,0,8,91
07/03/2012,BFM,AL,ASO,CE,Federal Contract Tower,5,5,6,39,55,0,13,17,12,42,5,18,23,51,97,8,40,48,145
07/04/2012,BFM,AL,ASO,CE,Federal Contract Tower,0,0,0,6,6,0,12,20,2,34,0,12,20,8,40,36,2,38,78
07/05/2012,BFM,AL,ASO,CE,Federal Contract Tower,6,5,11,19,41,0,6,20,19,45,6,11,31,38,86,6,84,90,176
07/06/2012,BFM,AL,ASO,CE,Federal Contract Tower,6,6,13,0,25,0,8,23,8,39,6,14,36,8,64,46,122,168,232
07/07/2012,BFM,AL,ASO,CE,Federal Contract Tower,2,2,6,0,10,0,2,9,0,11,2,4,15,0,21,18,0,18,39
07/08/2012,BFM,AL,ASO,CE,Federal Contract Tower,1,1,7,3,12,0,6,21,1,28,1,7,28,4,40,68,0,68,108
07/09/2012,BFM,AL,ASO,CE,Federal Contract Tower,1,4,7,0,12,0,4,17,13,34,1,8,24,13,46,6,96,102,148
07/10/2012,BFM,AL,ASO,CE,Federal Contract Tower,7,10,23,10,50,0,9,18,14,41,7,19,41,24,91,12,48,60,151
07/11/2012,BFM,AL,ASO,CE,Federal Contract Tower,6,13,28,38,85,0,11,40,42,93,6,24,68,80,178,30,188,218,396
07/12/2012,BFM,AL,ASO,CE,Federal Contract Tower,4,6,13,5,28,0,9,32,19,60,4,15,45,24,88,28,74,102,190
07/13/2012,BFM,AL,ASO,CE,Federal Contract Tower,6,6,15,54,81,0,8,24,36,68,6,14,39,90,149,10,228,238,387
07/14/2012,BFM,AL,ASO,CE,Federal Contract Tower,6,5,5,0,16,0,4,7,0,11,6,9,12,0,27,0,14,14,41
07/15/2012,BFM,AL,ASO,CE,Federal Contract Tower,5,0,9,12,26,0,9,16,7,32,5,9,25,19,58,6,8,14,72
07/16/2012,BFM,AL,ASO,CE,Federal Contract Tower,1,6,13,6,26,0,2,22,11,35,1,8,35,17,61,14,136,150,211
07/17/2012,BFM,AL,ASO,CE,Federal Contract Tower,5,6,25,38,74,0,14,28,20,62,5,20,53,58,136,56,128,184,320
07/18/2012,BFM,AL,ASO,CE,Federal Contract Tower,5,5,22,18,50,0,11,16,25,52,5,16,38,43,102,6,58,64,166
07/19/2012,BFM,AL,ASO,CE,Federal Contract Tower,6,9,38,6,59,0,4,10,4,18,6,13,48,10,77,30,16,46,123
07/20/2012,BFM,AL,ASO,CE,Federal Contract Tower,6,8,24,9,47,0,3,27,12,42,6,11,51,21,89,34,84,118,207
07/21/2012,BFM,AL,ASO,CE,Federal Contract Tower,2,2,4,0,8,0,4,10,0,14,2,6,14,0,22,26,0,26,48
07/22/2012,BFM,AL,ASO,CE,Federal Contract Tower,1,4,8,7,20,0,1,12,1,14,1,5,20,8,34,12,0,12,46
07/23/2012,BFM,AL,ASO,CE,Federal Contract Tower,6,4,9,32,51,0,10,31,22,63,6,14,40,54,114,44,174,218,332
07/24/2012,BFM,AL,ASO,CE,Federal Contract Tower,11,4,30,20,65,0,6,21,46,73,11,10,51,66,138,20,230,250,388
07/25/2012,BFM,AL,ASO,CE,Federal Contract Tower,8,8,14,40,70,0,11,26,36,73,8,19,40,76,143,20,142,162,305
07/26/2012,BFM,AL,ASO,CE,Federal Contract Tower,6,4,24,46,80,0,14,32,39,85,6,18,56,85,165,42,246,288,453
07/27/2012,BFM,AL,ASO,CE,Federal Contract Tower,6,12,20,12,50,0,9,30,17,56,6,21,50,29,106,32,68,100,206
07/28/2012,BFM,AL,ASO,CE,Federal Contract Tower,2,2,17,13,34,1,12,34,7,54,3,14,51,20,88,32,26,58,146
07/29/2012,BFM,AL,ASO,CE,Federal Contract Tower,3,2,8,23,36,0,7,26,2,35,3,9,34,25,71,76,0,76,147
07/30/2012,BFM,AL,ASO,CE,Federal Contract Tower,4,2,10,41,57,0,5,34,29,68,4,7,44,70,125,66,186,252,377
07/31/2012,BFM,AL,ASO,CE,Federal Contract Tower,6,4,13,13,36,0,9,23,34,66,6,13,36,47,102,12,110,122,224
08/01/2012,BFM,AL,ASO,CE,Federal Contract Tower,10,6,26,72,114,0,10,39,15,64,10,16,65,87,178,40,98,138,316
08/02/2012,BFM,AL,ASO,CE,Federal Contract Tower,13,5,24,22,64,1,8,33,25,67,14,13,57,47,131,48,146,194,325
08/03/2012,BFM,AL,ASO,CE,Federal Contract Tower,6,4,28,39,77,0,3,40,11,54,6,7,68,50,131,12,50,62,193
08/04/2012,BFM,AL,ASO,CE,Federal Contract Tower,4,2,14,1,21,0,6,35,1,42,4,8,49,2,63,50,0,50,113
08/05/2012,BFM,AL,ASO,CE,Federal Contract Tower,1,0,5,12,18,0,1,25,3,29,1,1,30,15,47,28,2,30,77
08/06/2012,BFM,AL,ASO,CE,Federal Contract Tower,4,4,10,19,37,0,0,24,4,28,4,4,34,23,65,10,40,50,115
08/07/2012,BFM,AL,ASO,CE,Federal Contract Tower,8,5,26,30,69,0,6,38,37,81,8,11,64,67,150,20,218,238,388
08/08/2012,BFM,AL,ASO,CE,Federal Contract Tower,7,11,28,25,71,0,14,30,27,71,7,25,58,52,142,28,204,232,374
08/09/2012,BFM,AL,ASO,CE,Federal Contract Tower,7,5,35,5,52,0,4,29,12,45,7,9,64,17,97,40,106,146,243
08/10/2012,BFM,AL,ASO,CE,Federal Contract Tower,5,5,17,23,50,0,8,32,22,62,5,13,49,45,112,30,64,94,206
08/11/2012,BFM,AL,ASO,CE,Federal Contract Tower,2,3,7,11,23,0,0,21,0,21,2,3,28,11,44,24,0,24,68
08/12/2012,BFM,AL,ASO,CE,Federal Contract Tower,1,0,3,7,11,0,10,21,10,41,1,10,24,17,52,26,22,48,100
08/13/2012,BFM,AL,ASO,CE,Federal Contract Tower,1,4,6,11,22,0,9,28,21,58,1,13,34,32,80,42,104,146,226
08/14/2012,BFM,AL,ASO,CE,Federal Contract Tower,6,4,9,27,46,0,8,31,19,58,6,12,40,46,104,22,66,88,192
08/15/2012,BFM,AL,ASO,CE,Federal Contract Tower,9,11,25,28,73,1,14,37,23,75,10,25,62,51,148,18,124,142,290
08/16/2012,BFM,AL,ASO,CE,Federal Contract Tower,12,6,20,11,49,0,13,22,13,48,12,19,42,24,97,8,64,72,169
08/17/2012,BFM,AL,ASO,CE,Federal Contract Tower,8,6,11,13,38,0,7,36,9,52,8,13,47,22,90,60,14,74,164
08/18/2012,BFM,AL,ASO,CE,Federal Contract Tower,2,3,9,9,23,0,2,35,7,44,2,5,44,16,67,56,16,72,139
08/19/2012,BFM,AL,ASO,CE,Federal Contract Tower,1,0,15,0,16,0,2,11,5,18,1,2,26,5,34,14,36,50,84
08/20/2012,BFM,AL,ASO,CE,Federal Contract Tower,1,3,26,54,84,0,1,11,17,29,1,4,37,71,113,40,90,130,243
08/21/2012,BFM,AL,ASO,CE,Federal Contract Tower,6,6,26,37,75,0,6,25,46,77,6,12,51,83,152,14,290,304,456
08/22/2012,BFM,AL,ASO,CE,Federal Contract Tower,6,3,18,34,61,0,11,37,48,96,6,14,55,82,157,16,262,278,435
08/23/2012,BFM,AL,ASO,CE,Federal Contract Tower,6,9,20,22,57,0,10,32,47,89,6,19,52,69,146,50,176,226,372
08/24/2012,BFM,AL,ASO,CE,Federal Contract Tower,6,4,36,15,61,0,7,44,8,59,6,11,80,23,120,68,88,156,276
08/25/2012,BFM,AL,ASO,CE,Federal Contract Tower,2,4,6,6,18,0,4,28,5,37,2,8,34,11,55,52,36,88,143
08/26/2012,BFM,AL,ASO,CE,Federal Contract Tower,1,3,11,4,19,0,6,28,3,37,1,9,39,7,56,40,8,48,104
08/27/2012,BFM,AL,ASO,CE,Federal Contract Tower,1,3,20,3,27,0,3,10,5,18,1,6,30,8,45,0,0,0,45
08/28/2012,BFM,AL,ASO,CE,Federal Contract Tower,4,0,0,0,4,0,0,0,0,0,4,0,0,0,4,0,0,0,4
08/29/2012,BFM,AL,ASO,CE,Federal Contract Tower,2,2,3,0,7,0,0,0,2,2,2,2,3,2,9,0,0,0,9
08/30/2012,BFM,AL,ASO,CE,Federal Contract Tower,6,7,10,1,24,0,2,3,2,7,6,9,13,3,31,2,0,2,33
08/31/2012,BFM,AL,ASO,CE,Federal Contract Tower,12,13,15,2,42,0,15,24,2,41,12,28,39,4,83,10,0,10,93
09/01/2012,BFM,AL,ASO,CE,Federal Contract Tower,5,10,8,2,25,0,12,18,0,30,5,22,26,2,55,36,0,36,91
09/02/2012,BFM,AL,ASO,CE,Federal Contract Tower,4,6,7,0,17,0,8,17,0,25,4,14,24,0,42,12,0,12,54
09/03/2012,BFM,AL,ASO,CE,Federal Contract Tower,2,3,10,0,15,0,13,12,3,28,2,16,22,3,43,20,4,24,67
09/04/2012,BFM,AL,ASO,CE,Federal Contract Tower,3,7,9,6,25,0,8,23,16,47,3,15,32,22,72,2,102,104,176
09/05/2012,BFM,AL,ASO,CE,Federal Contract Tower,9,8,19,61,97,0,13,11,19,43,9,21,30,80,140,20,106,126,266
09/06/2012,BFM,AL,ASO,CE,Federal Contract Tower,9,9,17,53,88,0,14,38,35,87,9,23,55,88,175,20,212,232,407
09/07/2012,BFM,AL,ASO,CE,Federal Contract Tower,7,5,12,30,54,0,10,36,17,63,7,15,48,47,117,8,158,166,283
09/08/2012,BFM,AL,ASO,CE,Federal Contract Tower,3,3,5,19,30,0,11,17,4,32,3,14,22,23,62,28,8,36,98
09/09/2012,BFM,AL,ASO,CE,Federal Contract Tower,1,0,12,11,24,0,3,29,5,37,1,3,41,16,61,10,32,42,103
09/10/2012,BFM,AL,ASO,CE,Federal Contract Tower,1,2,13,33,49,0,9,38,36,83,1,11,51,69,132,46,226,272,404
09/11/2012,BFM,AL,ASO,CE,Federal Contract Tower,6,4,27,72,109,0,9,51,38,98,6,13,78,110,207,44,208,252,459
09/12/2012,BFM,AL,ASO,CE,Federal Contract Tower,6,4,28,24,62,0,17,39,8,64,6,21,67,32,126,56,14,70,196
09/13/2012,BFM,AL,ASO,CE,Federal Contract Tower,10,6,35,32,83,0,16,54,32,102,10,22,89,64,185,82,164,246,431
09/14/2012,BFM,AL,ASO,CE,Federal Contract Tower,7,6,25,41,79,0,7,20,23,50,7,13,45,64,129,12,104,116,245
09/15/2012,BFM,AL,ASO,CE,Federal Contract Tower,4,6,15,7,32,0,4,18,12,34,4,10,33,19,66,12,54,66,132
09/16/2012,BFM,AL,ASO,CE,Federal Contract Tower,1,1,8,13,23,0,4,13,0,17,1,5,21,13,40,18,0,18,58
09/17/2012,BFM,AL,ASO,CE,Federal Contract Tower,1,1,13,19,34,2,0,2,5,9,3,1,15,24,43,0,50,50,93
09/18/2012,BFM,AL,ASO,CE,Federal Contract Tower,6,5,22,66,99,0,6,17,25,48,6,11,39,91,147,26,142,168,315
09/19/2012,BFM,AL,ASO,CE,Federal Contract Tower,6,4,23,77,110,0,9,40,42,91,6,13,63,119,201,24,246,270,471
09/20/2012,BFM,AL,ASO,CE,Federal Contract Tower,16,6,18,43,83,0,9,38,24,71,16,15,56,67,154,50,160,210,364
09/21/2012,BFM,AL,ASO,CE,Federal Contract Tower,6,5,20,16,47,0,6,33,17,56,6,11,53,33,103,20,86,106,209
09/22/2012,BFM,AL,ASO,CE,Federal Contract Tower,1,2,7,10,20,0,4,36,6,46,1,6,43,16,66,12,40,52,118
09/23/2012,BFM,AL,ASO,CE,Federal Contract Tower,2,0,7,16,25,0,1,26,7,34,2,1,33,23,59,20,38,58,117
09/24/2012,BFM,AL,ASO,CE,Federal Contract Tower,1,4,12,40,57,0,4,25,28,57,1,8,37,68,114,32,188,220,334
09/25/2012,BFM,AL,ASO,CE,Federal Contract Tower,7,4,34,20,65,0,10,30,34,74,7,14,64,54,139,28,104,132,271
09/26/2012,BFM,AL,ASO,CE,Federal Contract Tower,6,6,23,27,62,0,14,38,47,99,6,20,61,74,161,34,84,118,279
09/27/2012,BFM,AL,ASO,CE,Federal Contract Tower,5,6,29,46,86,0,3,25,12,40,5,9,54,58,126,14,70,84,210
09/28/2012,BFM,AL,ASO,CE,Federal Contract Tower,6,8,26,27,67,0,4,19,13,36,6,12,45,40,103,40,58,98,201
09/29/2012,BFM,AL,ASO,CE,Federal Contract Tower,2,7,9,2,20,0,0,2,0,2,2,7,11,2,22,2,0,2,24
09/30/2012,BFM,AL,ASO,CE,Federal Contract Tower,1,0,6,0,7,0,2,4,0,6,1,2,10,0,13,0,0,0,13
10/01/2012,BFM,AL,ASO,CE,Federal Contract Tower,1,3,16,54,74,0,4,21,11,36,1,7,37,65,110,4,100,104,214
10/02/2012,BFM,AL,ASO,CE,Federal Contract Tower,7,7,34,52,100,0,5,34,53,92,7,12,68,105,192,24,306,330,522
10/03/2012,BFM,AL,ASO,CE,Federal Contract Tower,6,5,21,55,87,0,5,37,31,73,6,10,58,86,160,12,150,162,322
10/04/2012,BFM,AL,ASO,CE,Federal Contract Tower,10,5,23,52,90,0,7,45,38,90,10,12,68,90,180,64,184,248,428
10/05/2012,BFM,AL,ASO,CE,Federal Contract Tower,8,6,10,13,37,0,4,45,10,59,8,10,55,23,96,38,10,48,144
10/06/2012,BFM,AL,ASO,CE,Federal Contract Tower,4,2,2,1,9,0,6,21,0,27,4,8,23,1,36,34,0,34,70
10/07/2012,BFM,AL,ASO,CE,Federal Contract Tower,2,1,13,5,21,0,3,5,2,10,2,4,18,7,31,20,0,20,51
10/08/2012,BFM,AL,ASO,CE,Federal Contract Tower,1,2,18,2,23,0,5,30,0,35,1,7,48,2,58,32,0,32,90
10/09/2012,BFM,AL,ASO,CE,Federal Contract Tower,5,4,31,26,66,0,10,34,22,66,5,14,65,48,132,34,168,202,334
10/10/2012,BFM,AL,ASO,CE,Federal Contract Tower,6,4,23,39,72,0,10,39,31,80,6,14,62,70,152,74,108,182,334
10/11/2012,BFM,AL,ASO,CE,Federal Contract Tower,6,4,25,27,62,0,7,29,10,46,6,11,54,37,108,20,48,68,176
10/12/2012,BFM,AL,ASO,CE,Federal Contract Tower,12,4,11,13,40,0,3,33,14,50,12,7,44,27,90,34,112,146,236
10/13/2012,BFM,AL,ASO,CE,Federal Contract Tower,6,3,8,7,24,0,4,20,3,27,6,7,28,10,51,10,4,14,65
10/14/2012,BFM,AL,ASO,CE,Federal Contract Tower,2,4,5,11,22,0,2,23,4,29,2,6,28,15,51,48,12,60,111
10/15/2012,BFM,AL,ASO,CE,Federal Contract Tower,3,4,19,41,67,0,5,24,19,48,3,9,43,60,115,26,90,116,231
10/16/2012,BFM,AL,ASO,CE,Federal Contract Tower,5,6,24,20,55,0,6,34,28,68,5,12,58,48,123,24,198,222,345
10/17/2012,BFM,AL,ASO,CE,Federal Contract Tower,4,5,19,13,41,0,8,32,30,70,4,13,51,43,111,32,172,204,315
10/18/2012,BFM,AL,ASO,CE,Federal Contract Tower,9,7,21,22,59,0,3,11,16,30,9,10,32,38,89,18,224,242,331
10/19/2012,BFM,AL,ASO,CE,Federal Contract Tower,6,7,21,34,68,0,4,40,11,55,6,11,61,45,123,34,78,112,235
10/20/2012,BFM,AL,ASO,CE,Federal Contract Tower,2,2,11,2,17,0,4,41,3,48,2,6,52,5,65,52,4,56,121
10/21/2012,BFM,AL,ASO,CE,Federal Contract Tower,2,0,9,3,14,0,0,31,8,39,2,0,40,11,53,110,26,136,189
10/22/2012,BFM,AL,ASO,CE,Federal Contract Tower,6,1,26,31,64,0,4,39,12,55,6,5,65,43,119,40,114,154,273
10/23/2012,BFM,AL,ASO,CE,Federal Contract Tower,10,4,18,36,68,0,5,30,20,55,10,9,48,56,123,34,140,174,297
10/24/2012,BFM,AL,ASO,CE,Federal Contract Tower,5,2,11,25,43,0,5,36,24,65,5,7,47,49,108,36,124,160,268
10/25/2012,BFM,AL,ASO,CE,Federal Contract Tower,7,9,20,11,47,0,8,31,36,75,7,17,51,47,122,30,238,268,390
10/26/2012,BFM,AL,ASO,CE,Federal Contract Tower,9,6,13,22,50,0,7,32,29,68,9,13,45,51,118,26,194,220,338
10/27/2012,BFM,AL,ASO,CE,Federal Contract Tower,2,3,12,11,28,0,3,6,0,9,2,6,18,11,37,0,6,6,43
10/28/2012,BFM,AL,ASO,CE,Federal Contract Tower,4,0,14,27,45,0,0,11,7,18,4,0,25,34,63,2,24,26,89
10/29/2012,BFM,AL,ASO,CE,Federal Contract Tower,1,4,19,32,56,0,1,20,35,56,1,5,39,67,112,4,200,204,316
10/30/2012,BFM,AL,ASO,CE,Federal Contract Tower,6,5,10,81,102,0,3,21,35,59,6,8,31,116,161,30,216,246,407
10/31/2012,BFM,AL,ASO,CE,Federal Contract Tower,5,6,17,50,78,0,8,39,15,62,5,14,56,65,140,40,42,82,222
11/01/2012,BFM,AL,ASO,CE,Federal Contract Tower,6,4,24,70,104,0,3,36,7,46,6,7,60,77,150,28,114,142,292
11/02/2012,BFM,AL,ASO,CE,Federal Contract Tower,7,9,18,5,39,0,4,32,6,42,7,13,50,11,81,12,58,70,151
11/03/2012,BFM,AL,ASO,CE,Federal Contract Tower,3,4,6,14,27,0,0,13,3,16,3,4,19,17,43,0,8,8,51
11/04/2012,BFM,AL,ASO,CE,Federal Contract Tower,1,4,10,1,16,0,4,7,0,11,1,8,17,1,27,4,0,4,31
11/05/2012,BFM,AL,ASO,CE,Federal Contract Tower,2,5,22,34,63,0,2,8,27,37,2,7,30,61,100,16,66,82,182
11/06/2012,BFM,AL,ASO,CE,Federal Contract Tower,7,6,21,95,129,0,1,24,18,43,7,7,45,113,172,24,118,142,314
11/07/2012,BFM,AL,ASO,CE,Federal Contract Tower,10,5,15,59,89,0,8,22,36,66,10,13,37,95,155,62,112,174,329
11/08/2012,BFM,AL,ASO,CE,Federal Contract Tower,10,6,33,57,106,0,6,47,20,73,10,12,80,77,179,108,86,194,373
11/09/2012,BFM,AL,ASO,CE,Federal Contract Tower,6,8,15,40,69,0,2,40,20,62,6,10,55,60,131,134,98,232,363
11/10/2012,BFM,AL,ASO,CE,Federal Contract Tower,2,3,9,0,14,0,2,33,0,35,2,5,42,0,49,98,0,98,147
11/11/2012,BFM,AL,ASO,CE,Federal Contract Tower,4,0,13,0,17,0,2,27,0,29,4,2,40,0,46,72,0,72,118
11/12/2012,BFM,AL,ASO,CE,Federal Contract Tower,3,2,14,0,19,0,0,3,0,3,3,2,17,0,22,0,0,0,22
11/13/2012,BFM,AL,ASO,CE,Federal Contract Tower,9,10,12,65,96,0,9,27,41,77,9,19,39,106,173,28,238,266,439
11/14/2012,BFM,AL,ASO,CE,Federal Contract Tower,11,8,19,50,88,0,4,31,25,60,11,12,50,75,148,62,210,272,420
11/15/2012,BFM,AL,ASO,CE,Federal Contract Tower,4,5,26,43,78,0,2,11,6,19,4,7,37,49,97,6,64,70,167
11/16/2012,BFM,AL,ASO,CE,Federal Contract Tower,7,7,17,27,58,0,4,29,7,40,7,11,46,34,98,28,108,136,234
11/17/2012,BFM,AL,ASO,CE,Federal Contract Tower,4,2,8,10,24,0,6,26,4,36,4,8,34,14,60,24,22,46,106
11/18/2012,BFM,AL,ASO,CE,Federal Contract Tower,1,0,13,14,28,0,0,21,6,27,1,0,34,20,55,0,48,48,103
11/19/2012,BFM,AL,ASO,CE,Federal Contract Tower,4,8,21,42,75,0,3,24,33,60,4,11,45,75,135,4,256,260,395
11/20/2012,BFM,AL,ASO,CE,Federal Contract Tower,8,4,32,56,100,0,5,27,49,81,8,9,59,105,181,32,154,186,367
11/21/2012,BFM,AL,ASO,CE,Federal Contract Tower,5,6,20,7,38,0,5,36,6,47,5,11,56,13,85,22,10,32,117
11/22/2012,BFM,AL,ASO,CE,Federal Contract Tower,0,1,3,0,4,0,3,5,0,8,0,4,8,0,12,0,0,0,12
11/23/2012,BFM,AL,ASO,CE,Federal Contract Tower,7,2,9,0,18,0,4,25,18,47,7,6,34,18,65,2,0,2,67
11/24/2012,BFM,AL,ASO,CE,Federal Contract Tower,10,2,8,0,20,0,2,10,0,12,10,4,18,0,32,0,0,0,32
11/25/2012,BFM,AL,ASO,CE,Federal Contract Tower,2,2,10,0,14,0,0,15,0,15,2,2,25,0,29,16,0,16,45
11/26/2012,BFM,AL,ASO,CE,Federal Contract Tower,2,1,7,41,51,0,3,9,22,34,2,4,16,63,85,0,158,158,243
11/27/2012,BFM,AL,ASO,CE,Federal Contract Tower,6,11,25,7,49,0,3,4,1,8,6,14,29,8,57,0,6,6,63
11/28/2012,BFM,AL,ASO,CE,Federal Contract Tower,6,7,14,84,111,0,6,38,26,70,6,13,52,110,181,36,120,156,337
11/29/2012,BFM,AL,ASO,CE,Federal Contract Tower,8,5,20,36,69,0,4,36,41,81,8,9,56,77,150,70,166,236,386
11/30/2012,BFM,AL,ASO,CE,Federal Contract Tower,7,13,15,25,60,0,0,32,10,42,7,13,47,35,102,36,70,106,208
12/01/2012,BFM,AL,ASO,CE,Federal Contract Tower,3,5,11,0,19,0,0,27,0,27,3,5,38,0,46,38,0,38,84
12/02/2012,BFM,AL,ASO,CE,Federal Contract Tower,1,0,6,5,12,0,0,30,3,33,1,0,36,8,45,54,12,66,111
12/03/2012,BFM,AL,ASO,CE,Federal Contract Tower,3,5,10,17,35,0,5,13,33,51,3,10,23,50,86,28,162,190,276
12/04/2012,BFM,AL,ASO,CE,Federal Contract Tower,7,9,19,27,62,0,1,23,32,56,7,10,42,59,118,46,194,240,358
12/05/2012,BFM,AL,ASO,CE,Federal Contract Tower,7,7,32,24,70,0,3,19,22,44,7,10,51,46,114,16,98,114,228
12/06/2012,BFM,AL,ASO,CE,Federal Contract Tower,6,5,31,8,50,0,2,32,17,51,6,7,63,25,101,40,94,134,235
12/07/2012,BFM,AL,ASO,CE,Federal Contract Tower,8,8,24,45,85,0,2,12,3,17,8,10,36,48,102,10,18,28,130
12/08/2012,BFM,AL,ASO,CE,Federal Contract Tower,3,0,4,4,11,0,0,14,3,17,3,0,18,7,28,20,26,46,74
12/09/2012,BFM,AL,ASO,CE,Federal Contract Tower,2,0,12,5,19,0,1,6,1,8,2,1,18,6,27,6,0,6,33
12/10/2012,BFM,AL,ASO,CE,Federal Contract Tower,2,3,9,0,14,0,0,1,0,1,2,3,10,0,15,0,0,0,15
12/11/2012,BFM,AL,ASO,CE,Federal Contract Tower,5,6,28,89,128,0,3,27,52,82,5,9,55,141,210,14,266,280,490
12/12/2012,BFM,AL,ASO,CE,Federal Contract Tower,6,3,32,58,99,0,8,18,52,78,6,11,50,110,177,0,308,308,485
12/13/2012,BFM,AL,ASO,CE,Federal Contract Tower,6,8,20,20,54,0,10,27,27,64,6,18,47,47,118,20,154,174,292
12/14/2012,BFM,AL,ASO,CE,Federal Contract Tower,5,7,50,9,71,0,2,4,2,8,5,9,54,11,79,22,8,30,109
12/15/2012,BFM,AL,ASO,CE,Federal Contract Tower,5,2,11,9,27,0,1,22,10,33,5,3,33,19,60,18,90,108,168
12/16/2012,BFM,AL,ASO,CE,Federal Contract Tower,5,0,9,0,14,0,1,0,2,3,5,1,9,2,17,0,0,0,17
12/17/2012,BFM,AL,ASO,CE,Federal Contract Tower,2,3,14,33,52,0,1,1,6,8,2,4,15,39,60,0,40,40,100
12/18/2012,BFM,AL,ASO,CE,Federal Contract Tower,5,5,31,45,86,0,7,42,35,84,5,12,73,80,170,30,202,232,402
12/19/2012,BFM,AL,ASO,CE,Federal Contract Tower,8,8,15,45,76,0,3,31,32,66,8,11,46,77,142,12,170,182,324
12/20/2012,BFM,AL,ASO,CE,Federal Contract Tower,7,6,4,9,26,0,1,7,7,15,7,7,11,16,41,0,46,46,87
12/21/2012,BFM,AL,ASO,CE,Federal Contract Tower,7,3,20,43,73,0,2,22,19,43,7,5,42,62,116,12,78,90,206
12/22/2012,BFM,AL,ASO,CE,Federal Contract Tower,3,2,10,0,15,0,0,29,0,29,3,2,39,0,44,30,8,38,82
12/23/2012,BFM,AL,ASO,CE,Federal Contract Tower,1,0,2,0,3,0,0,9,0,9,1,0,11,0,12,0,0,0,12
12/24/2012,BFM,AL,ASO,CE,Federal Contract Tower,1,0,5,0,6,0,1,0,0,1,1,1,5,0,7,0,0,0,7
12/25/2012,BFM,AL,ASO,CE,Federal Contract Tower,0,0,1,0,1,0,0,0,0,0,0,0,1,0,1,0,0,0,1
12/26/2012,BFM,AL,ASO,CE,Federal Contract Tower,12,5,7,22,46,0,2,11,14,27,12,7,18,36,73,0,98,98,171
12/27/2012,BFM,AL,ASO,CE,Federal Contract Tower,6,6,17,7,36,0,2,19,3,24,6,8,36,10,60,32,30,62,122
12/28/2012,BFM,AL,ASO,CE,Federal Contract Tower,11,8,4,21,44,0,2,19,18,39,11,10,23,39,83,40,70,110,193
12/29/2012,BFM,AL,ASO,CE,Federal Contract Tower,4,2,11,0,17,0,0,14,0,14,4,2,25,0,31,28,0,28,59
12/30/2012,BFM,AL,ASO,CE,Federal Contract Tower,5,0,5,0,10,0,0,12,0,12,5,0,17,0,22,32,0,32,54
12/31/2012,BFM,AL,ASO,CE,Federal Contract Tower,1,3,8,0,12,0,7,17,2,26,1,10,25,2,38,10,22,32,70
01/01/2013,BFM,AL,ASO,CE,Federal Contract Tower,2,1,2,0,5,0,0,0,0,0,2,1,2,0,5,0,0,0,5
01/02/2013,BFM,AL,ASO,CE,Federal Contract Tower,11,4,22,35,72,0,2,4,4,10,11,6,26,39,82,2,30,32,114
01/03/2013,BFM,AL,ASO,CE,Federal Contract Tower,9,10,18,74,111,0,1,11,13,25,9,11,29,87,136,4,112,116,252
01/04/2013,BFM,AL,ASO,CE,Federal Contract Tower,10,5,34,71,120,0,4,21,39,64,10,9,55,110,184,20,94,114,298
01/05/2013,BFM,AL,ASO,CE,Federal Contract Tower,3,3,21,1,28,0,2,23,0,25,3,5,44,1,53,46,0,46,99
01/06/2013,BFM,AL,ASO,CE,Federal Contract Tower,1,0,11,2,14,0,0,6,0,6,1,0,17,2,20,0,0,0,20
01/07/2013,BFM,AL,ASO,CE,Federal Contract Tower,7,3,24,15,49,0,3,32,19,54,7,6,56,34,103,8,94,102,205
01/08/2013,BFM,AL,ASO,CE,Federal Contract Tower,5,6,35,58,104,0,1,12,11,24,5,7,47,69,128,0,112,112,240
01/09/2013,BFM,AL,ASO,CE,Federal Contract Tower,9,8,18,0,35,0,0,0,0,0,9,8,18,0,35,0,0,0,35
01/10/2013,BFM,AL,ASO,CE,Federal Contract Tower,11,5,15,7,38,0,2,2,2,6,11,7,17,9,44,0,10,10,54
01/11/2013,BFM,AL,ASO,CE,Federal Contract Tower,5,7,5,20,37,0,4,12,19,35,5,11,17,39,72,0,98,98,170
01/12/2013,BFM,AL,ASO,CE,Federal Contract Tower,2,4,9,10,25,0,0,6,8,14,2,4,15,18,39,14,22,36,75
01/13/2013,BFM,AL,ASO,CE,Federal Contract Tower,3,2,5,4,14,0,0,2,0,2,3,2,7,4,16,0,0,0,16
01/14/2013,BFM,AL,ASO,CE,Federal Contract Tower,2,4,19,5,30,0,0,0,0,0,2,4,19,5,30,0,0,0,30
01/15/2013,BFM,AL,ASO,CE,Federal Contract Tower,4,5,2,0,11,0,0,0,0,0,4,5,2,0,11,0,0,0,11
01/16/2013,BFM,AL,ASO,CE,Federal Contract Tower,7,10,17,4,38,0,2,0,0,2,7,12,17,4,40,0,0,0,40
01/17/2013,BFM,AL,ASO,CE,Federal Contract Tower,8,5,17,18,48,0,1,15,15,31,8,6,32,33,79,6,122,128,207
01/18/2013,BFM,AL,ASO,CE,Federal Contract Tower,5,8,24,56,93,0,4,26,26,56,5,12,50,82,149,2,152,154,303
01/19/2013,BFM,AL,ASO,CE,Federal Contract Tower,4,2,7,10,23,0,4,26,2,32,4,6,33,12,55,24,44,68,123
01/20/2013,BFM,AL,ASO,CE,Federal Contract Tower,0,1,8,9,18,0,9,33,19,61,0,10,41,28,79,30,88,118,197
01/21/2013,BFM,AL,ASO,CE,Federal Contract Tower,2,2,18,5,27,0,3,33,0,36,2,5,51,5,63,24,0,24,87
01/22/2013,BFM,AL,ASO,CE,Federal Contract Tower,6,6,25,74,111,0,1,33,54,88,6,7,58,128,199,10,148,158,357
01/23/2013,BFM,AL,ASO,CE,Federal Contract Tower,6,8,45,38,97,0,4,38,30,72,6,12,83,68,169,32,100,132,301
01/24/2013,BFM,AL,ASO,CE,Federal Contract Tower,5,4,30,42,81,0,8,35,28,71,5,12,65,70,152,10,128,138,290
01/25/2013,BFM,AL,ASO,CE,Federal Contract Tower,6,8,24,24,62,0,2,30,12,44,6,10,54,36,106,12,122,134,240
01/26/2013,BFM,AL,ASO,CE,Federal Contract Tower,2,3,11,4,20,0,3,13,1,17,2,6,24,5,37,6,14,20,57
01/27/2013,BFM,AL,ASO,CE,Federal Contract Tower,1,3,12,2,18,0,0,15,12,27,1,3,27,14,45,10,72,82,127
01/28/2013,BFM,AL,ASO,CE,Federal Contract Tower,2,7,21,29,59,0,1,13,22,36,2,8,34,51,95,12,128,140,235
01/29/2013,BFM,AL,ASO,CE,Federal Contract Tower,6,14,15,14,49,0,2,0,0,2,6,16,15,14,51,0,0,0,51
01/30/2013,BFM,AL,ASO,CE,Federal Contract Tower,9,7,10,26,52,0,0,0,8,8,9,7,10,34,60,0,46,46,106
01/31/2013,BFM,AL,ASO,CE,Federal Contract Tower,6,7,28,14,55,0,6,25,36,67,6,13,53,50,122,12,178,190,312
02/01/2013,BFM,AL,ASO,CE,Federal Contract Tower,6,7,24,49,86,0,4,29,22,55,6,11,53,71,141,12,146,158,299
02/02/2013,BFM,AL,ASO,CE,Federal Contract Tower,2,3,10,20,35,0,4,21,7,32,2,7,31,27,67,12,18,30,97
02/03/2013,BFM,AL,ASO,CE,Federal Contract Tower,1,1,4,1,7,0,0,22,6,28,1,1,26,7,35,52,8,60,95
02/04/2013,BFM,AL,ASO,CE,Federal Contract Tower,1,5,31,73,110,0,3,22,26,51,1,8,53,99,161,20,126,146,307
02/05/2013,BFM,AL,ASO,CE,Federal Contract Tower,6,9,15,42,72,0,2,11,10,23,6,11,26,52,95,0,144,144,239
02/06/2013,BFM,AL,ASO,CE,Federal Contract Tower,7,10,18,11,46,0,7,13,30,50,7,17,31,41,96,20,182,202,298
02/07/2013,BFM,AL,ASO,CE,Federal Contract Tower,8,5,12,67,92,0,2,15,51,68,8,7,27,118,160,6,170,176,336
02/08/2013,BFM,AL,ASO,CE,Federal Contract Tower,7,6,30,36,79,0,2,15,20,37,7,8,45,56,116,30,96,126,242
02/09/2013,BFM,AL,ASO,CE,Federal Contract Tower,7,5,2,5,19,0,6,25,5,36,7,11,27,10,55,24,76,100,155
02/10/2013,BFM,AL,ASO,CE,Federal Contract Tower,1,1,5,0,7,0,3,0,0,3,1,4,5,0,10,14,0,14,24
02/11/2013,BFM,AL,ASO,CE,Federal Contract Tower,3,5,3,0,11,0,0,0,0,0,3,5,3,0,11,0,0,0,11
02/12/2013,BFM,AL,ASO,CE,Federal Contract Tower,7,4,7,0,18,0,0,0,0,0,7,4,7,0,18,0,0,0,18
02/13/2013,BFM,AL,ASO,CE,Federal Contract Tower,6,6,17,57,86,0,6,7,21,34,6,12,24,78,120,0,50,50,170
02/14/2013,BFM,AL,ASO,CE,Federal Contract Tower,7,8,18,58,91,0,3,59,50,112,7,11,77,108,203,4,306,310,513
02/15/2013,BFM,AL,ASO,CE,Federal Contract Tower,7,5,16,63,91,0,3,43,22,68,7,8,59,85,159,30,84,114,273
02/16/2013,BFM,AL,ASO,CE,Federal Contract Tower,2,3,7,6,18,0,6,12,3,21,2,9,19,9,39,6,32,38,77
02/17/2013,BFM,AL,ASO,CE,Federal Contract Tower,1,7,8,3,19,0,3,18,11,32,1,10,26,14,51,60,70,130,181
02/18/2013,BFM,AL,ASO,CE,Federal Contract Tower,2,3,12,0,17,0,6,17,0,23,2,9,29,0,40,6,0,6,46
02/19/2013,BFM,AL,ASO,CE,Federal Contract Tower,7,5,14,36,62,0,0,16,58,74,7,5,30,94,136,26,352,378,514
02/20/2013,BFM,AL,ASO,CE,Federal Contract Tower,10,4,20,37,71,0,6,44,42,92,10,10,64,79,163,38,266,304,467
02/21/2013,BFM,AL,ASO,CE,Federal Contract Tower,7,7,18,11,43,0,2,13,21,36,7,9,31,32,79,8,140,148,227
02/22/2013,BFM,AL,ASO,CE,Federal Contract Tower,5,8,9,3,25,0,2,0,1,3,5,10,9,4,28,0,6,6,34
02/23/2013,BFM,AL,ASO,CE,Federal Contract Tower,6,4,3,0,13,0,2,0,0,2,6,6,3,0,15,0,0,0,15
02/24/2013,BFM,AL,ASO,CE,Federal Contract Tower,1,0,4,8,13,0,2,13,8,23,1,2,17,16,36,36,38,74,110
02/25/2013,BFM,AL,ASO,CE,Federal Contract Tower,5,3,6,2,16,0,2,2,2,6,5,5,8,4,22,26,6,32,54
02/26/2013,BFM,AL,ASO,CE,Federal Contract Tower,6,5,28,56,95,0,4,21,42,67,6,9,49,98,162,44,222,266,428
02/27/2013,BFM,AL,ASO,CE,Federal Contract Tower,7,8,29,45,89,0,10,36,41,87,7,18,65,86,176,64,144,208,384
02/28/2013,BFM,AL,ASO,CE,Federal Contract Tower,6,4,16,51,77,0,4,16,45,65,6,8,32,96,142,4,264,268,410
03/01/2013,BFM,AL,ASO,CE,Federal Contract Tower,7,4,14,33,58,0,6,36,28,70,7,10,50,61,128,14,150,164,292
03/02/2013,BFM,AL,ASO,CE,Federal Contract Tower,10,2,6,14,32,0,0,21,12,33,10,2,27,26,65,62,98,160,225
03/03/2013,BFM,AL,ASO,CE,Federal Contract Tower,2,0,4,8,14,0,5,20,7,32,2,5,24,15,46,18,40,58,104
03/04/2013,BFM,AL,ASO,CE,Federal Contract Tower,3,2,7,36,48,0,2,30,43,75,3,4,37,79,123,22,214,236,359
03/05/2013,BFM,AL,ASO,CE,Federal Contract Tower,6,4,18,53,81,0,4,16,39,59,6,8,34,92,140,32,246,278,418
03/06/2013,BFM,AL,ASO,CE,Federal Contract Tower,14,4,13,38,69,0,9,21,66,96,14,13,34,104,165,62,276,338,503
03/07/2013,BFM,AL,ASO,CE,Federal Contract Tower,6,4,28,44,82,0,5,48,65,118,6,9,76,109,200,48,456,504,704
03/08/2013,BFM,AL,ASO,CE,Federal Contract Tower,8,5,23,49,85,1,5,48,35,89,9,10,71,84,174,64,168,232,406
03/09/2013,BFM,AL,ASO,CE,Federal Contract Tower,6,7,10,4,27,0,0,30,1,31,6,7,40,5,58,58,8,66,124
03/10/2013,BFM,AL,ASO,CE,Federal Contract Tower,1,0,6,8,15,0,0,13,6,19,1,0,19,14,34,24,24,48,82
03/11/2013,BFM,AL,ASO,CE,Federal Contract Tower,2,3,9,16,30,0,0,0,4,4,2,3,9,20,34,0,58,58,92
03/12/2013,BFM,AL,ASO,CE,Federal Contract Tower,6,4,27,62,99,0,2,25,30,57,6,6,52,92,156,42,96,138,294
03/13/2013,BFM,AL,ASO,CE,Federal Contract Tower,9,7,12,75,103,0,9,35,37,81,9,16,47,112,184,50,234,284,468
03/14/2013,BFM,AL,ASO,CE,Federal Contract Tower,4,2,16,64,86,0,3,34,40,77,4,5,50,104,163,0,230,230,393
03/15/2013,BFM,AL,ASO,CE,Federal Contract Tower,7,5,14,31,57,0,7,35,29,71,7,12,49,60,128,8,186,194,322
03/16/2013,BFM,AL,ASO,CE,Federal Contract Tower,9,4,4,0,17,0,2,21,11,34,9,6,25,11,51,28,74,102,153
03/17/2013,BFM,AL,ASO,CE,Federal Contract Tower,8,6,11,4,29,0,0,13,0,13,8,6,24,4,42,32,0,32,74
03/18/2013,BFM,AL,ASO,CE,Federal Contract Tower,5,4,14,18,41,0,4,7,16,27,5,8,21,34,68,14,132,146,214
03/19/2013,BFM,AL,ASO,CE,Federal Contract Tower,6,5,17,52,80,0,10,38,46,94,6,15,55,98,174,62,230,292,466
03/20/2013,BFM,AL,ASO,CE,Federal Contract Tower,9,4,23,59,95,0,7,11,31,49,9,11,34,90,144,10,160,170,314
03/21/2013,BFM,AL,ASO,CE,Federal Contract Tower,7,5,23,48,83,0,4,14,20,38,7,9,37,68,121,48,120,168,289
03/22/2013,BFM,AL,ASO,CE,Federal Contract Tower,7,7,12,27,53,0,0,7,20,27,7,7,19,47,80,0,102,102,182
03/23/2013,BFM,AL,ASO,CE,Federal Contract Tower,2,2,7,2,13,0,1,0,0,1,2,3,7,2,14,0,0,0,14
03/24/2013,BFM,AL,ASO,CE,Federal Contract Tower,1,1,12,34,48,0,0,22,6,28,1,1,34,40,76,6,6,12,88
03/25/2013,BFM,AL,ASO,CE,Federal Contract Tower,4,2,13,36,55,0,1,35,26,62,4,3,48,62,117,30,188,218,335
03/26/2013,BFM,AL,ASO,CE,Federal Contract Tower,6,6,16,36,64,0,5,33,22,60,6,11,49,58,124,18,182,200,324
03/27/2013,BFM,AL,ASO,CE,Federal Contract Tower,7,5,30,33,75,0,4,36,18,58,7,9,66,51,133,26,124,150,283
03/28/2013,BFM,AL,ASO,CE,Federal Contract Tower,12,5,18,25,60,0,5,32,32,69,12,10,50,57,129,38,130,168,297
03/29/2013,BFM,AL,ASO,CE,Federal Contract Tower,5,5,12,26,48,0,3,37,9,49,5,8,49,35,97,14,68,82,179
03/30/2013,BFM,AL,ASO,CE,Federal Contract Tower,2,2,7,0,11,0,2,25,0,27,2,4,32,0,38,24,0,24,62
03/31/2013,BFM,AL,ASO,CE,Federal Contract Tower,3,0,0,0,3,0,0,8,0,8,3,0,8,0,11,4,0,4,15
04/01/2013,BFM,AL,ASO,CE,Federal Contract Tower,2,2,6,39,49,0,1,12,18,31,2,3,18,57,80,6,150,156,236
04/02/2013,BFM,AL,ASO,CE,Federal Contract Tower,14,7,19,59,99,0,4,37,48,89,14,11,56,107,188,52,282,334,522
04/03/2013,BFM,AL,ASO,CE,Federal Contract Tower,9,5,15,0,29,0,1,6,3,10,9,6,21,3,39,10,0,10,49
04/04/2013,BFM,AL,ASO,CE,Federal Contract Tower,8,6,12,38,64,0,3,6,4,13,8,9,18,42,77,26,14,40,117
04/05/2013,BFM,AL,ASO,CE,Federal Contract Tower,5,5,25,49,84,0,5,20,21,46,5,10,45,70,130,20,164,184,314
04/06/2013,BFM,AL,ASO,CE,Federal Contract Tower,2,2,6,11,21,0,2,15,17,34,2,4,21,28,55,24,100,124,179
04/07/2013,BFM,AL,ASO,CE,Federal Contract Tower,4,2,11,6,23,0,0,3,1,4,4,2,14,7,27,18,2,20,47
04/08/2013,BFM,AL,ASO,CE,Federal Contract Tower,4,7,18,21,50,0,2,20,33,55,4,9,38,54,105,16,174,190,295
04/09/2013,BFM,AL,ASO,CE,Federal Contract Tower,5,11,10,34,60,0,1,25,28,54,5,12,35,62,114,44,130,174,288
04/10/2013,BFM,AL,ASO,CE,Federal Contract Tower,5,11,10,24,50,0,2,24,24,50,5,13,34,48,100,8,70,78,178
04/11/2013,BFM,AL,ASO,CE,Federal Contract Tower,6,5,18,4,33,0,0,4,0,4,6,5,22,4,37,0,0,0,37
04/12/2013,BFM,AL,ASO,CE,Federal Contract Tower,6,5,16,48,75,0,3,17,17,37,6,8,33,65,112,0,128,128,240
04/13/2013,BFM,AL,ASO,CE,Federal Contract Tower,3,2,8,4,17,0,0,33,4,37,3,2,41,8,54,12,34,46,100
04/14/2013,BFM,AL,ASO,CE,Federal Contract Tower,2,0,6,6,14,0,0,4,0,4,2,0,10,6,18,0,0,0,18
04/15/2013,BFM,AL,ASO,CE,Federal Contract Tower,4,5,17,37,63,0,4,3,13,20,4,9,20,50,83,0,32,32,115
04/16/2013,BFM,AL,ASO,CE,Federal Contract Tower,7,6,12,41,66,0,8,26,42,76,7,14,38,83,142,20,308,328,470
04/17/2013,BFM,AL,ASO,CE,Federal Contract Tower,7,5,34,45,91,0,11,33,24,68,7,16,67,69,159,30,182,212,371
04/18/2013,BFM,AL,ASO,CE,Federal Contract Tower,5,7,16,43,71,0,2,17,40,59,5,9,33,83,130,10,318,328,458
04/19/2013,BFM,AL,ASO,CE,Federal Contract Tower,7,7,15,19,48,0,0,10,2,12,7,7,25,21,60,0,46,46,106
04/20/2013,BFM,AL,ASO,CE,Federal Contract Tower,5,2,11,20,38,0,1,18,18,37,5,3,29,38,75,8,116,124,199
04/21/2013,BFM,AL,ASO,CE,Federal Contract Tower,2,4,8,11,25,0,0,32,15,47,2,4,40,26,72,34,80,114,186
04/22/2013,BFM,AL,ASO,CE,Federal Contract Tower,2,4,16,38,60,0,1,26,40,67,2,5,42,78,127,26,264,290,417
04/23/2013,BFM,AL,ASO,CE,Federal Contract Tower,6,10,24,46,86,0,3,35,50,88,6,13,59,96,174,72,278,350,524
04/24/2013,BFM,AL,ASO,CE,Federal Contract Tower,7,8,11,12,38,0,2,19,12,33,7,10,30,24,71,8,94,102,173
04/25/2013,BFM,AL,ASO,CE,Federal Contract Tower,6,8,22,50,86,0,1,29,16,46,6,9,51,66,132,0,78,78,210
04/26/2013,BFM,AL,ASO,CE,Federal Contract Tower,6,6,13,14,39,0,4,29,25,58,6,10,42,39,97,8,140,148,245
04/27/2013,BFM,AL,ASO,CE,Federal Contract Tower,2,3,6,14,25,0,1,12,12,25,2,4,18,26,50,48,44,92,142
04/28/2013,BFM,AL,ASO,CE,Federal Contract Tower,3,2,4,1,10,0,0,1,0,1,3,2,5,1,11,0,0,0,11
04/29/2013,BFM,AL,ASO,CE,Federal Contract Tower,6,6,8,13,33,0,5,25,68,98,6,11,33,81,131,52,464,516,647
04/30/2013,BFM,AL,ASO,CE,Federal Contract Tower,6,8,26,27,67,0,4,20,26,50,6,12,46,53,117,18,226,244,361
05/01/2013,BFM,AL,ASO,CE,Federal Contract Tower,6,10,10,0,26,0,4,2,1,7,6,14,12,1,33,0,0,0,33
05/02/2013,BFM,AL,ASO,CE,Federal Contract Tower,7,9,15,9,40,0,2,2,4,8,7,11,17,13,48,0,50,50,98
05/03/2013,BFM,AL,ASO,CE,Federal Contract Tower,7,6,12,18,43,0,1,9,3,13,7,7,21,21,56,22,30,52,108
05/04/2013,BFM,AL,ASO,CE,Federal Contract Tower,6,5,0,10,21,0,1,13,19,33,6,6,13,29,54,16,56,72,126
05/05/2013,BFM,AL,ASO,CE,Federal Contract Tower,5,0,2,9,16,0,3,12,15,30,5,3,14,24,46,0,60,60,106
05/06/2013,BFM,AL,ASO,CE,Federal Contract Tower,2,4,16,64,86,0,2,27,35,64,2,6,43,99,150,6,222,228,378
05/07/2013,BFM,AL,ASO,CE,Federal Contract Tower,6,5,20,54,85,0,4,18,31,53,6,9,38,85,138,8,210,218,356
05/08/2013,BFM,AL,ASO,CE,Federal Contract Tower,8,10,23,32,73,0,4,28,15,47,8,14,51,47,120,16,102,118,238
05/09/2013,BFM,AL,ASO,CE,Federal Contract Tower,8,8,30,43,89,0,4,28,21,53,8,12,58,64,142,50,92,142,284
05/10/2013,BFM,AL,ASO,CE,Federal Contract Tower,8,6,18,12,44,0,2,13,2,17,8,8,31,14,61,2,8,10,71
05/11/2013,BFM,AL,ASO,CE,Federal Contract Tower,4,6,8,0,18,1,0,2,0,3,5,6,10,0,21,0,0,0,21
05/12/2013,BFM,AL,ASO,CE,Federal Contract Tower,1,2,6,13,22,0,0,15,2,17,1,2,21,15,39,40,2,42,81
05/13/2013,BFM,AL,ASO,CE,Federal Contract Tower,2,1,15,33,51,0,2,23,9,34,2,3,38,42,85,56,46,102,187
05/14/2013,BFM,AL,ASO,CE,Federal Contract Tower,6,6,28,29,69,0,7,24,43,74,6,13,52,72,143,10,204,214,357
05/15/2013,BFM,AL,ASO,CE,Federal Contract Tower,7,11,23,44,85,0,4,39,33,76,7,15,62,77,161,56,210,266,427
05/16/2013,BFM,AL,ASO,CE,Federal Contract Tower,8,7,21,47,83,0,3,30,47,80,8,10,51,94,163,8,372,380,543
05/17/2013,BFM,AL,ASO,CE,Federal Contract Tower,7,5,11,7,30,0,3,15,21,39,7,8,26,28,69,4,152,156,225
05/18/2013,BFM,AL,ASO,CE,Federal Contract Tower,5,4,7,4,20,0,1,11,13,25,5,5,18,17,45,8,86,94,139
05/19/2013,BFM,AL,ASO,CE,Federal Contract Tower,1,1,6,4,12,0,2,11,8,21,1,3,17,12,33,12,38,50,83
05/20/2013,BFM,AL,ASO,CE,Federal Contract Tower,2,2,19,32,55,0,2,23,17,42,2,4,42,49,97,26,124,150,247
05/21/2013,BFM,AL,ASO,CE,Federal Contract Tower,8,4,10,16,38,0,9,25,25,59,8,13,35,41,97,6,192,198,295
05/22/2013,BFM,AL,ASO,CE,Federal Contract Tower,6,3,15,20,44,0,3,25,13,41,6,6,40,33,85,32,64,96,181
05/23/2013,BFM,AL,ASO,CE,Federal Contract Tower,9,5,22,34,70,0,5,22,25,52,9,10,44,59,122,30,122,152,274
05/24/2013,BFM,AL,ASO,CE,Federal Contract Tower,5,4,8,10,27,0,4,25,8,37,5,8,33,18,64,2,16,18,82
05/25/2013,BFM,AL,ASO,CE,Federal Contract Tower,3,2,3,0,8,0,3,25,0,28,3,5,28,0,36,8,0,8,44
05/26/2013,BFM,AL,ASO,CE,Federal Contract Tower,1,0,2,0,3,0,2,15,0,17,1,2,17,0,20,20,0,20,40
05/27/2013,BFM,AL,ASO,CE,Federal Contract Tower,0,0,12,0,12,0,0,6,0,6,0,0,18,0,18,0,0,0,18
05/28/2013,BFM,AL,ASO,CE,Federal Contract Tower,2,4,19,39,64,0,2,14,25,41,2,6,33,64,105,0,212,212,317
05/29/2013,BFM,AL,ASO,CE,Federal Contract Tower,6,4,11,39,60,0,4,31,47,82,6,8,42,86,142,26,282,308,450
05/30/2013,BFM,AL,ASO,CE,Federal Contract Tower,6,10,4,32,52,0,3,6,39,48,6,13,10,71,100,0,274,274,374
05/31/2013,BFM,AL,ASO,CE,Federal Contract Tower,5,6,7,36,54,0,4,20,27,51,5,10,27,63,105,32,168,200,305
06/01/2013,BFM,AL,ASO,CE,Federal Contract Tower,2,7,1,6,16,0,0,6,2,8,2,7,7,8,24,10,16,26,50
06/02/2013,BFM,AL,ASO,CE,Federal Contract Tower,3,0,3,7,13,0,0,14,1,15,3,0,17,8,28,2,0,2,30
06/03/2013,BFM,AL,ASO,CE,Federal Contract Tower,2,4,18,24,48,0,2,22,31,55,2,6,40,55,103,40,162,202,305
06/04/2013,BFM,AL,ASO,CE,Federal Contract Tower,6,5,17,40,68,0,2,27,24,53,6,7,44,64,121,14,152,166,287
06/05/2013,BFM,AL,ASO,CE,Federal Contract Tower,10,8,24,37,79,0,6,20,28,54,10,14,44,65,133,26,134,160,293
06/06/2013,BFM,AL,ASO,CE,Federal Contract Tower,6,7,36,60,109,0,3,21,26,50,6,10,57,86,159,22,98,120,279
06/07/2013,BFM,AL,ASO,CE,Federal Contract Tower,9,7,12,16,44,0,0,24,13,37,9,7,36,29,81,22,74,96,177
06/08/2013,BFM,AL,ASO,CE,Federal Contract Tower,2,2,4,0,8,0,0,13,0,13,2,2,17,0,21,32,0,32,53
06/09/2013,BFM,AL,ASO,CE,Federal Contract Tower,2,0,5,0,7,0,0,0,3,3,2,0,5,3,10,0,8,8,18
06/10/2013,BFM,AL,ASO,CE,Federal Contract Tower,6,2,11,2,21,0,3,5,6,14,6,5,16,8,35,8,18,26,61
06/11/2013,BFM,AL,ASO,CE,Federal Contract Tower,8,5,23,25,61,0,2,25,23,50,8,7,48,48,111,0,180,180,291
06/12/2013,BFM,AL,ASO,CE,Federal Contract Tower,7,4,15,22,48,0,11,32,28,71,7,15,47,50,119,36,188,224,343
06/13/2013,BFM,AL,ASO,CE,Federal Contract Tower,8,9,17,34,68,0,8,23,38,69,8,17,40,72,137,0,228,228,365
06/14/2013,BFM,AL,ASO,CE,Federal Contract Tower,10,3,30,29,72,0,5,20,31,56,10,8,50,60,128,16,162,178,306
06/15/2013,BFM,AL,ASO,CE,Federal Contract Tower,2,2,7,1,12,0,0,11,12,23,2,2,18,13,35,6,94,100,135
06/16/2013,BFM,AL,ASO,CE,Federal Contract Tower,3,3,18,4,28,0,0,12,0,12,3,3,30,4,40,4,0,4,44
06/17/2013,BFM,AL,ASO,CE,Federal Contract Tower,2,3,14,24,43,0,0,10,41,51,2,3,24,65,94,18,276,294,388
06/18/2013,BFM,AL,ASO,CE,Federal Contract Tower,8,6,24,13,51,0,6,10,16,32,8,12,34,29,83,6,102,108,191
06/19/2013,BFM,AL,ASO,CE,Federal Contract Tower,6,7,32,57,102,0,5,19,22,46,6,12,51,79,148,4,144,148,296
06/20/2013,BFM,AL,ASO,CE,Federal Contract Tower,6,7,29,4,46,0,3,19,16,38,6,10,48,20,84,20,110,130,214
06/21/2013,BFM,AL,ASO,CE,Federal Contract Tower,6,6,11,7,30,0,8,15,13,36,6,14,26,20,66,28,46,74,140
06/22/2013,BFM,AL,ASO,CE,Federal Contract Tower,3,2,7,0,12,0,0,16,6,22,3,2,23,6,34,6,36,42,76
06/23/2013,BFM,AL,ASO,CE,Federal Contract Tower,1,0,13,1,15,0,0,8,0,8,1,0,21,1,23,12,0,12,35
06/24/2013,BFM,AL,ASO,CE,Federal Contract Tower,4,8,27,25,64,0,1,23,33,57,4,9,50,58,121,6,230,236,357
06/25/2013,BFM,AL,ASO,CE,Federal Contract Tower,7,9,43,15,74,0,1,21,27,49,7,10,64,42,123,4,240,244,367
06/26/2013,BFM,AL,ASO,CE,Federal Contract Tower,6,7,62,27,102,0,9,40,31,80,6,16,102,58,182,10,170,180,362
06/27/2013,BFM,AL,ASO,CE,Federal Contract Tower,6,9,32,7,54,0,2,25,22,49,6,11,57,29,103,6,190,196,299
06/28/2013,BFM,AL,ASO,CE,Federal Contract Tower,5,8,23,2,38,0,2,41,12,55,5,10,64,14,93,46,70,116,209
06/29/2013,BFM,AL,ASO,CE,Federal Contract Tower,4,4,37,2,47,0,0,33,4,37,4,4,70,6,84,6,16,22,106
06/30/2013,BFM,AL,ASO,CE,Federal Contract Tower,1,0,54,3,58,0,2,38,13,53,1,2,92,16,111,8,36,44,155
07/01/2013,BFM,AL,ASO,CE,Federal Contract Tower,8,3,14,59,84,0,1,17,36,54,8,4,31,95,138,12,214,226,364
07/02/2013,BFM,AL,ASO,CE,Federal Contract Tower,9,5,7,35,56,0,0,29,52,81,9,5,36,87,137,30,144,174,311
07/03/2013,BFM,AL,ASO,CE,Federal Contract Tower,9,7,10,7,33,0,1,12,14,27,9,8,22,21,60,30,138,168,228
07/04/2013,BFM,AL,ASO,CE,Federal Contract Tower,1,1,1,0,3,0,0,5,0,5,1,1,6,0,8,0,0,0,8
07/05/2013,BFM,AL,ASO,CE,Federal Contract Tower,5,7,3,0,15,0,0,0,0,0,5,7,3,0,15,0,0,0,15
07/06/2013,BFM,AL,ASO,CE,Federal Contract Tower,4,2,1,0,7,0,0,3,0,3,4,2,4,0,10,2,0,2,12
07/07/2013,BFM,AL,ASO,CE,Federal Contract Tower,1,3,5,0,9,0,0,2,0,2,1,3,7,0,11,0,0,0,11
07/08/2013,BFM,AL,ASO,CE,Federal Contract Tower,7,3,9,14,33,0,1,10,21,32,7,4,19,35,65,0,108,108,173
07/09/2013,BFM,AL,ASO,CE,Federal Contract Tower,7,5,19,20,51,0,5,15,22,42,7,10,34,42,93,4,122,126,219
07/10/2013,BFM,AL,ASO,CE,Federal Contract Tower,9,5,14,7,35,0,4,9,17,30,9,9,23,24,65,2,86,88,153
07/11/2013,BFM,AL,ASO,CE,Federal Contract Tower,8,13,19,5,45,0,0,1,4,5,8,13,20,9,50,4,42,46,96
07/12/2013,BFM,AL,ASO,CE,Federal Contract Tower,11,6,17,26,60,0,1,33,23,57,11,7,50,49,117,16,80,96,213
07/13/2013,BFM,AL,ASO,CE,Federal Contract Tower,3,4,4,2,13,0,0,19,2,21,3,4,23,4,34,22,8,30,64
07/14/2013,BFM,AL,ASO,CE,Federal Contract Tower,1,0,10,19,30,0,0,27,9,36,1,0,37,28,66,18,40,58,124
07/15/2013,BFM,AL,ASO,CE,Federal Contract Tower,4,6,19,18,47,0,4,17,20,41,4,10,36,38,88,24,136,160,248
07/16/2013,BFM,AL,ASO,CE,Federal Contract Tower,7,5,20,7,39,0,3,13,31,47,7,8,33,38,86,12,192,204,290
07/17/2013,BFM,AL,ASO,CE,Federal Contract Tower,7,6,23,34,70,0,3,33,24,60,7,9,56,58,130,44,194,238,368
07/18/2013,BFM,AL,ASO,CE,Federal Contract Tower,8,7,10,24,49,0,4,30,22,56,8,11,40,46,105,26,108,134,239
07/19/2013,BFM,AL,ASO,CE,Federal Contract Tower,8,7,11,11,37,0,2,21,10,33,8,9,32,21,70,26,62,88,158
07/20/2013,BFM,AL,ASO,CE,Federal Contract Tower,5,2,6,0,13,0,0,16,0,16,5,2,22,0,29,52,0,52,81
07/21/2013,BFM,AL,ASO,CE,Federal Contract Tower,5,0,11,1,17,0,0,12,1,13,5,0,23,2,30,8,0,8,38
07/22/2013,BFM,AL,ASO,CE,Federal Contract Tower,4,3,4,7,18,0,0,11,7,18,4,3,15,14,36,6,66,72,108
07/23/2013,BFM,AL,ASO,CE,Federal Contract Tower,8,7,14,21,50,0,3,10,8,21,8,10,24,29,71,0,66,66,137
07/24/2013,BFM,AL,ASO,CE,Federal Contract Tower,6,7,21,33,67,0,15,16,20,51,6,22,37,53,118,46,112,158,276
07/25/2013,BFM,AL,ASO,CE,Federal Contract Tower,7,6,16,58,87,0,3,29,31,63,7,9,45,89,150,40,216,256,406
07/26/2013,BFM,AL,ASO,CE,Federal Contract Tower,4,10,21,28,63,0,0,26,17,43,4,10,47,45,106,44,86,130,236
07/27/2013,BFM,AL,ASO,CE,Federal Contract Tower,4,4,8,0,16,0,2,7,1,10,4,6,15,1,26,14,0,14,40
07/28/2013,BFM,AL,ASO,CE,Federal Contract Tower,1,0,3,17,21,0,3,17,7,27,1,3,20,24,48,2,2,4,52
07/29/2013,BFM,AL,ASO,CE,Federal Contract Tower,2,3,29,7,41,0,0,8,19,27,2,3,37,26,68,8,118,126,194
07/30/2013,BFM,AL,ASO,CE,Federal Contract Tower,8,10,23,25,66,0,0,20,24,44,8,10,43,49,110,30,104,134,244
07/31/2013,BFM,AL,ASO,CE,Federal Contract Tower,8,8,24,23,63,0,6,22,12,40,8,14,46,35,103,18,102,120,223
08/01/2013,BFM,AL,ASO,CE,Federal Contract Tower,7,5,13,1,26,0,2,12,11,25,7,7,25,12,51,0,84,84,135
08/02/2013,BFM,AL,ASO,CE,Federal Contract Tower,4,5,24,16,49,0,1,33,26,60,4,6,57,42,109,8,120,128,237
08/03/2013,BFM,AL,ASO,CE,Federal Contract Tower,2,2,5,2,11,0,1,19,7,27,2,3,24,9,38,22,16,38,76
08/04/2013,BFM,AL,ASO,CE,Federal Contract Tower,1,0,5,11,17,0,0,6,3,9,1,0,11,14,26,0,0,0,26
08/05/2013,BFM,AL,ASO,CE,Federal Contract Tower,3,3,12,15,33,0,2,8,5,15,3,5,20,20,48,0,70,70,118
08/06/2013,BFM,AL,ASO,CE,Federal Contract Tower,5,7,25,42,79,0,1,17,15,33,5,8,42,57,112,0,50,50,162
08/07/2013,BFM,AL,ASO,CE,Federal Contract Tower,4,7,15,32,58,0,10,6,3,19,4,17,21,35,77,0,0,0,77
08/08/2013,BFM,AL,ASO,CE,Federal Contract Tower,6,7,15,18,46,0,2,9,19,30,6,9,24,37,76,2,160,162,238
08/09/2013,BFM,AL,ASO,CE,Federal Contract Tower,9,11,19,20,59,0,2,20,27,49,9,13,39,47,108,46,200,246,354
08/10/2013,BFM,AL,ASO,CE,Federal Contract Tower,2,3,13,0,18,0,0,10,4,14,2,3,23,4,32,6,0,6,38
08/11/2013,BFM,AL,ASO,CE,Federal Contract Tower,2,0,5,0,7,0,0,11,2,13,2,0,16,2,20,18,12,30,50
08/12/2013,BFM,AL,ASO,CE,Federal Contract Tower,2,2,19,6,29,0,1,16,16,33,2,3,35,22,62,22,128,150,212
08/13/2013,BFM,AL,ASO,CE,Federal Contract Tower,6,6,19,10,41,0,0,18,23,41,6,6,37,33,82,16,14,30,112
08/14/2013,BFM,AL,ASO,CE,Federal Contract Tower,7,5,16,69,97,0,9,20,22,51,7,14,36,91,148,12,134,146,294
08/15/2013,BFM,AL,ASO,CE,Federal Contract Tower,12,8,29,50,99,1,6,19,22,48,13,14,48,72,147,28,120,148,295
08/16/2013,BFM,AL,ASO,CE,Federal Contract Tower,4,8,19,28,59,0,1,11,13,25,4,9,30,41,84,0,174,174,258
08/17/2013,BFM,AL,ASO,CE,Federal Contract Tower,2,2,7,0,11,0,0,2,0,2,2,2,9,0,13,6,0,6,19
08/18/2013,BFM,AL,ASO,CE,Federal Contract Tower,1,0,7,2,10,0,0,2,1,3,1,0,9,3,13,8,0,8,21
08/19/2013,BFM,AL,ASO,CE,Federal Contract Tower,2,5,8,14,29,0,1,25,27,53,2,6,33,41,82,22,218,240,322
08/20/2013,BFM,AL,ASO,CE,Federal Contract Tower,6,9,20,6,41,0,2,21,26,49,6,11,41,32,90,0,272,272,362
08/21/2013,BFM,AL,ASO,CE,Federal Contract Tower,6,8,21,30,65,0,8,25,28,61,6,16,46,58,126,0,202,202,328
08/22/2013,BFM,AL,ASO,CE,Federal Contract Tower,9,10,10,35,64,9,3,15,32,59,18,13,25,67,123,14,194,208,331
08/23/2013,BFM,AL,ASO,CE,Federal Contract Tower,7,8,19,5,39,0,4,13,26,43,7,12,32,31,82,24,210,234,316
08/24/2013,BFM,AL,ASO,CE,Federal Contract Tower,2,2,6,0,10,0,0,2,4,6,2,2,8,4,16,4,0,4,20
08/25/2013,BFM,AL,ASO,CE,Federal Contract Tower,1,0,2,9,12,0,0,7,2,9,1,0,9,11,21,8,12,20,41
08/26/2013,BFM,AL,ASO,CE,Federal Contract Tower,2,2,13,44,61,0,0,23,39,62,2,2,36,83,123,46,216,262,385
08/27/2013,BFM,AL,ASO,CE,Federal Contract Tower,4,6,21,30,61,0,4,36,20,60,4,10,57,50,121,36,118,154,275
08/28/2013,BFM,AL,ASO,CE,Federal Contract Tower,8,6,17,32,63,0,9,29,33,71,8,15,46,65,134,52,156,208,342
08/29/2013,BFM,AL,ASO,CE,Federal Contract Tower,7,7,7,51,72,0,0,28,57,85,7,7,35,108,157,38,310,348,505
08/30/2013,BFM,AL,ASO,CE,Federal Contract Tower,5,10,13,10,38,0,6,25,12,43,5,16,38,22,81,72,80,152,233
08/31/2013,BFM,AL,ASO,CE,Federal Contract Tower,1,3,3,0,7,0,0,15,2,17,1,3,18,2,24,20,16,36,60
09/01/2013,BFM,AL,ASO,CE,Federal Contract Tower,1,0,5,0,6,0,0,10,0,10,1,0,15,0,16,12,0,12,28
09/02/2013,BFM,AL,ASO,CE,Federal Contract Tower,0,0,5,0,5,0,0,14,0,14,0,0,19,0,19,46,0,46,65
09/03/2013,BFM,AL,ASO,CE,Federal Contract Tower,2,8,8,13,31,0,2,10,29,41,2,10,18,42,72,0,140,140,212
09/04/2013,BFM,AL,ASO,CE,Federal Contract Tower,5,7,11,16,39,0,2,12,45,59,5,9,23,61,98,6,216,222,320
09/05/2013,BFM,AL,ASO,CE,Federal Contract Tower,6,7,20,30,63,0,3,23,22,48,6,10,43,52,111,8,94,102,213
09/06/2013,BFM,AL,ASO,CE,Federal Contract Tower,5,6,21,33,65,0,4,18,19,41,5,10,39,52,106,10,128,138,244
09/07/2013,BFM,AL,ASO,CE,Federal Contract Tower,2,1,6,5,14,0,1,15,2,18,2,2,21,7,32,0,0,0,32
09/08/2013,BFM,AL,ASO,CE,Federal Contract Tower,1,0,6,7,14,0,1,19,0,20,1,1,25,7,34,8,12,20,54
09/09/2013,BFM,AL,ASO,CE,Federal Contract Tower,2,5,7,34,48,0,0,11,29,40,2,5,18,63,88,0,154,154,242
09/10/2013,BFM,AL,ASO,CE,Federal Contract Tower,6,6,11,32,55,0,3,13,42,58,6,9,24,74,113,0,282,282,395
09/11/2013,BFM,AL,ASO,CE,Federal Contract Tower,8,7,17,28,60,0,2,25,24,51,8,9,42,52,111,4,156,160,271
09/12/2013,BFM,AL,ASO,CE,Federal Contract Tower,6,9,19,27,61,0,2,18,28,48,6,11,37,55,109,10,216,226,335
09/13/2013,BFM,AL,ASO,CE,Federal Contract Tower,12,7,4,44,67,0,1,15,19,35,12,8,19,63,102,0,128,128,230
09/14/2013,BFM,AL,ASO,CE,Federal Contract Tower,4,2,13,2,21,0,0,17,2,19,4,2,30,4,40,0,16,16,56
09/15/2013,BFM,AL,ASO,CE,Federal Contract Tower,1,1,10,9,21,0,4,8,0,12,1,5,18,9,33,6,0,6,39
09/16/2013,BFM,AL,ASO,CE,Federal Contract Tower,1,5,12,32,50,0,4,21,43,68,1,9,33,75,118,0,328,328,446
09/17/2013,BFM,AL,ASO,CE,Federal Contract Tower,7,7,24,34,72,0,0,18,20,38,7,7,42,54,110,2,120,122,232
09/18/2013,BFM,AL,ASO,CE,Federal Contract Tower,7,10,24,29,70,0,4,25,18,47,7,14,49,47,117,4,154,158,275
09/19/2013,BFM,AL,ASO,CE,Federal Contract Tower,6,10,38,21,75,0,0,22,28,50,6,10,60,49,125,8,168,176,301
09/20/2013,BFM,AL,ASO,CE,Federal Contract Tower,4,3,18,17,42,0,3,25,10,38,4,6,43,27,80,62,94,156,236
09/21/2013,BFM,AL,ASO,CE,Federal Contract Tower,4,2,2,0,8,0,0,0,0,0,4,2,2,0,8,14,0,14,22
09/22/2013,BFM,AL,ASO,CE,Federal Contract Tower,1,0,3,11,15,0,0,12,1,13,1,0,15,12,28,10,6,16,44
09/23/2013,BFM,AL,ASO,CE,Federal Contract Tower,1,3,11,22,37,0,2,14,12,28,1,5,25,34,65,14,74,88,153
09/24/2013,BFM,AL,ASO,CE,Federal Contract Tower,7,7,16,6,36,0,4,2,2,8,7,11,18,8,44,0,2,2,46
09/25/2013,BFM,AL,ASO,CE,Federal Contract Tower,9,12,25,49,95,0,1,15,21,37,9,13,40,70,132,18,126,144,276
09/26/2013,BFM,AL,ASO,CE,Federal Contract Tower,5,6,16,22,49,0,2,21,33,56,5,8,37,55,105,8,290,298,403
09/27/2013,BFM,AL,ASO,CE,Federal Contract Tower,15,6,13,7,41,0,0,20,15,35,15,6,33,22,76,14,128,142,218
09/28/2013,BFM,AL,ASO,CE,Federal Contract Tower,9,2,13,5,29,0,1,21,3,25,9,3,34,8,54,56,8,64,118
09/29/2013,BFM,AL,ASO,CE,Federal Contract Tower,5,0,10,8,23,0,1,31,6,38,5,1,41,14,61,60,22,82,143
09/30/2013,BFM,AL,ASO,CE,Federal Contract Tower,2,4,20,21,47,0,1,6,31,38,2,5,26,52,85,8,210,218,303
10/01/2013,BFM,AL,ASO,CE,Federal Contract Tower,5,10,18,0,33,0,2,13,0,15,5,12,31,0,48,0,0,0,48
10/02/2013,BFM,AL,ASO,CE,Federal Contract Tower,6,8,29,12,55,0,5,8,6,19,6,13,37,18,74,0,42,42,116
10/03/2013,BFM,AL,ASO,CE,Federal Contract Tower,9,5,17,2,33,0,3,15,5,23,9,8,32,7,56,38,64,102,158
10/04/2013,BFM,AL,ASO,CE,Federal Contract Tower,8,7,21,0,36,0,1,10,4,15,8,8,31,4,51,0,44,44,95
10/05/2013,BFM,AL,ASO,CE,Federal Contract Tower,2,3,3,0,8,0,0,0,0,0,2,3,3,0,8,0,0,0,8
10/06/2013,BFM,AL,ASO,CE,Federal Contract Tower,1,2,2,0,5,0,0,0,0,0,1,2,2,0,5,0,0,0,5
10/07/2013,BFM,AL,ASO,CE,Federal Contract Tower,3,3,9,29,44,0,1,26,22,49,3,4,35,51,93,0,128,128,221
10/08/2013,BFM,AL,ASO,CE,Federal Contract Tower,7,8,34,38,87,0,4,44,17,65,7,12,78,55,152,24,112,136,288
10/09/2013,BFM,AL,ASO,CE,Federal Contract Tower,7,5,19,8,39,0,6,19,6,31,7,11,38,14,70,36,10,46,116
10/10/2013,BFM,AL,ASO,CE,Federal Contract Tower,6,5,9,2,22,0,4,12,4,20,6,9,21,6,42,20,22,42,84
10/11/2013,BFM,AL,ASO,CE,Federal Contract Tower,11,3,17,4,35,0,2,19,1,22,11,5,36,5,57,28,44,72,129
10/12/2013,BFM,AL,ASO,CE,Federal Contract Tower,2,2,6,0,10,0,0,11,0,11,2,2,17,0,21,26,0,26,47
10/13/2013,BFM,AL,ASO,CE,Federal Contract Tower,1,0,12,0,13,0,0,23,0,23,1,0,35,0,36,0,0,0,36
10/14/2013,BFM,AL,ASO,CE,Federal Contract Tower,6,4,17,0,27,0,2,27,0,29,6,6,44,0,56,54,0,54,110
10/15/2013,BFM,AL,ASO,CE,Federal Contract Tower,7,6,31,14,58,0,2,20,5,27,7,8,51,19,85,22,100,122,207
10/16/2013,BFM,AL,ASO,CE,Federal Contract Tower,4,5,10,13,32,0,5,23,21,49,4,10,33,34,81,24,132,156,237
10/17/2013,BFM,AL,ASO,CE,Federal Contract Tower,5,4,22,78,109,0,3,8,17,28,5,7,30,95,137,6,134,140,277
10/18/2013,BFM,AL,ASO,CE,Federal Contract Tower,12,10,13,37,72,0,1,22,39,62,12,11,35,76,134,64,302,366,500
10/19/2013,BFM,AL,ASO,CE,Federal Contract Tower,3,2,7,12,24,0,0,0,0,0,3,2,7,12,24,0,0,0,24
10/20/2013,BFM,AL,ASO,CE,Federal Contract Tower,1,0,8,10,19,0,0,28,13,41,1,0,36,23,60,54,6,60,120
10/21/2013,BFM,AL,ASO,CE,Federal Contract Tower,2,3,8,23,36,0,2,19,22,43,2,5,27,45,79,12,96,108,187
10/22/2013,BFM,AL,ASO,CE,Federal Contract Tower,7,9,20,63,99,0,5,14,26,45,7,14,34,89,144,34,194,228,372
10/23/2013,BFM,AL,ASO,CE,Federal Contract Tower,7,4,12,43,66,0,4,31,26,61,7,8,43,69,127,30,158,188,315
10/24/2013,BFM,AL,ASO,CE,Federal Contract Tower,5,6,19,17,47,0,2,20,16,38,5,8,39,33,85,22,118,140,225
10/25/2013,BFM,AL,ASO,CE,Federal Contract Tower,8,6,16,50,80,0,0,15,29,44,8,6,31,79,124,0,154,154,278
10/26/2013,BFM,AL,ASO,CE,Federal Contract Tower,3,2,11,0,16,0,0,21,4,25,3,2,32,4,41,14,22,36,77
10/27/2013,BFM,AL,ASO,CE,Federal Contract Tower,2,4,9,4,19,0,3,18,0,21,2,7,27,4,40,12,0,12,52
10/28/2013,BFM,AL,ASO,CE,Federal Contract Tower,3,6,22,27,58,0,2,10,24,36,3,8,32,51,94,16,186,202,296
10/29/2013,BFM,AL,ASO,CE,Federal Contract Tower,6,5,30,26,67,0,2,26,29,57,6,7,56,55,124,24,140,164,288
10/30/2013,BFM,AL,ASO,CE,Federal Contract Tower,6,5,8,22,41,0,5,29,26,60,6,10,37,48,101,28,158,186,287
10/31/2013,BFM,AL,ASO,CE,Federal Contract Tower,9,5,17,39,70,0,2,13,36,51,9,7,30,75,121,6,242,248,369
11/01/2013,BFM,AL,ASO,CE,Federal Contract Tower,8,8,27,43,86,0,1,12,23,36,8,9,39,66,122,20,236,256,378
11/02/2013,BFM,AL,ASO,CE,Federal Contract Tower,2,3,3,23,31,0,2,19,7,28,2,5,22,30,59,26,84,110,169
11/03/2013,BFM,AL,ASO,CE,Federal Contract Tower,2,1,5,6,14,0,0,17,1,18,2,1,22,7,32,30,0,30,62
11/04/2013,BFM,AL,ASO,CE,Federal Contract Tower,2,3,17,19,41,0,4,16,19,39,2,7,33,38,80,4,142,146,226
11/05/2013,BFM,AL,ASO,CE,Federal Contract Tower,7,7,22,24,60,0,2,16,39,57,7,9,38,63,117,34,248,282,399
11/06/2013,BFM,AL,ASO,CE,Federal Contract Tower,7,10,22,22,61,0,4,11,25,40,7,14,33,47,101,8,218,226,327
11/07/2013,BFM,AL,ASO,CE,Federal Contract Tower,5,7,18,14,44,0,0,9,32,41,5,7,27,46,85,10,232,242,327
11/08/2013,BFM,AL,ASO,CE,Federal Contract Tower,8,8,23,38,77,0,6,36,17,59,8,14,59,55,136,34,120,154,290
11/09/2013,BFM,AL,ASO,CE,Federal Contract Tower,2,3,10,4,19,0,0,21,1,22,2,3,31,5,41,18,0,18,59
11/10/2013,BFM,AL,ASO,CE,Federal Contract Tower,1,0,7,2,10,0,0,26,1,27,1,0,33,3,37,14,0,14,51
11/11/2013,BFM,AL,ASO,CE,Federal Contract Tower,2,2,14,0,18,0,2,13,0,15,2,4,27,0,33,26,0,26,59
11/12/2013,BFM,AL,ASO,CE,Federal Contract Tower,6,5,20,44,75,0,0,9,31,40,6,5,29,75,115,4,204,208,323
11/13/2013,BFM,AL,ASO,CE,Federal Contract Tower,6,4,15,50,75,0,4,8,36,48,6,8,23,86,123,0,226,226,349
11/14/2013,BFM,AL,ASO,CE,Federal Contract Tower,5,7,22,19,53,0,4,24,48,76,5,11,46,67,129,22,296,318,447
11/15/2013,BFM,AL,ASO,CE,Federal Contract Tower,7,8,15,16,46,0,0,1,0,1,7,8,16,16,47,0,0,0,47
11/16/2013,BFM,AL,ASO,CE,Federal Contract Tower,2,1,7,18,28,0,0,1,0,1,2,1,8,18,29,0,0,0,29
11/17/2013,BFM,AL,ASO,CE,Federal Contract Tower,1,0,6,8,15,0,0,7,0,7,1,0,13,8,22,48,0,48,70
11/18/2013,BFM,AL,ASO,CE,Federal Contract Tower,2,3,17,30,52,0,0,14,29,43,2,3,31,59,95,26,196,222,317
11/19/2013,BFM,AL,ASO,CE,Federal Contract Tower,6,6,21,40,73,0,2,14,51,67,6,8,35,91,140,4,224,228,368
11/20/2013,BFM,AL,ASO,CE,Federal Contract Tower,6,7,27,45,85,0,9,34,32,75,6,16,61,77,160,10,148,158,318
11/21/2013,BFM,AL,ASO,CE,Federal Contract Tower,10,9,32,36,87,0,2,15,13,30,10,11,47,49,117,26,166,192,309
11/22/2013,BFM,AL,ASO,CE,Federal Contract Tower,6,11,16,40,73,0,1,16,17,34,6,12,32,57,107,0,172,172,279
11/23/2013,BFM,AL,ASO,CE,Federal Contract Tower,5,4,7,0,16,1,0,0,0,1,6,4,7,0,17,0,0,0,17
11/24/2013,BFM,AL,ASO,CE,Federal Contract Tower,2,0,10,9,21,0,0,20,6,26,2,0,30,15,47,20,2,22,69
11/25/2013,BFM,AL,ASO,CE,Federal Contract Tower,3,4,11,26,44,0,1,5,8,14,3,5,16,34,58,0,56,56,114
11/26/2013,BFM,AL,ASO,CE,Federal Contract Tower,7,8,12,12,39,0,0,1,0,1,7,8,13,12,40,0,26,26,66
11/27/2013,BFM,AL,ASO,CE,Federal Contract Tower,6,6,6,22,40,0,3,15,2,20,6,9,21,24,60,20,4,24,84
11/28/2013,BFM,AL,ASO,CE,Federal Contract Tower,0,0,5,0,5,0,0,6,0,6,0,0,11,0,11,0,0,0,11
11/29/2013,BFM,AL,ASO,CE,Federal Contract Tower,11,2,6,0,19,0,0,22,0,22,11,2,28,0,41,12,0,12,53
11/30/2013,BFM,AL,ASO,CE,Federal Contract Tower,4,2,6,0,12,0,3,15,0,18,4,5,21,0,30,8,0,8,38
12/01/2013,BFM,AL,ASO,CE,Federal Contract Tower,1,0,5,0,6,0,1,10,0,11,1,1,15,0,17,0,0,0,17
12/02/2013,BFM,AL,ASO,CE,Federal Contract Tower,2,3,13,25,43,0,12,15,3,30,2,15,28,28,73,18,82,100,173
12/03/2013,BFM,AL,ASO,CE,Federal Contract Tower,6,7,14,18,45,0,7,14,29,50,6,14,28,47,95,0,206,206,301
12/04/2013,BFM,AL,ASO,CE,Federal Contract Tower,7,3,25,27,62,0,5,1,9,15,7,8,26,36,77,0,70,70,147
12/05/2013,BFM,AL,ASO,CE,Federal Contract Tower,6,19,36,9,70,0,0,0,0,0,6,19,36,9,70,0,0,0,70
12/06/2013,BFM,AL,ASO,CE,Federal Contract Tower,5,14,6,8,33,0,0,1,0,1,5,14,7,8,34,0,0,0,34
12/07/2013,BFM,AL,ASO,CE,Federal Contract Tower,4,4,4,0,12,0,0,0,0,0,4,4,4,0,12,0,0,0,12
12/08/2013,BFM,AL,ASO,CE,Federal Contract Tower,3,2,6,0,11,0,0,1,0,1,3,2,7,0,12,0,0,0,12
12/09/2013,BFM,AL,ASO,CE,Federal Contract Tower,4,3,7,6,20,0,0,10,2,12,4,3,17,8,32,2,0,2,34
12/10/2013,BFM,AL,ASO,CE,Federal Contract Tower,11,6,28,38,83,0,2,11,19,32,11,8,39,57,115,0,210,210,325
12/11/2013,BFM,AL,ASO,CE,Federal Contract Tower,7,8,28,61,104,0,4,36,32,72,7,12,64,93,176,6,176,182,358
12/12/2013,BFM,AL,ASO,CE,Federal Contract Tower,6,11,27,40,84,0,0,25,41,66,6,11,52,81,150,8,204,212,362
12/13/2013,BFM,AL,ASO,CE,Federal Contract Tower,5,6,18,41,70,0,1,18,17,36,5,7,36,58,106,6,124,130,236
12/14/2013,BFM,AL,ASO,CE,Federal Contract Tower,2,2,5,2,11,0,4,3,7,14,2,6,8,9,25,16,0,16,41
12/15/2013,BFM,AL,ASO,CE,Federal Contract Tower,1,1,10,4,16,0,0,11,10,21,1,1,21,14,37,18,6,24,61
12/16/2013,BFM,AL,ASO,CE,Federal Contract Tower,2,5,19,33,59,0,5,22,25,52,2,10,41,58,111,2,152,154,265
12/17/2013,BFM,AL,ASO,CE,Federal Contract Tower,6,4,25,25,60,0,5,29,32,66,6,9,54,57,126,0,206,206,332
12/18/2013,BFM,AL,ASO,CE,Federal Contract Tower,6,7,15,32,60,0,7,43,34,84,6,14,58,66,144,6,164,170,314
12/19/2013,BFM,AL,ASO,CE,Federal Contract Tower,7,5,25,11,48,0,1,22,18,41,7,6,47,29,89,18,132,150,239
12/20/2013,BFM,AL,ASO,CE,Federal Contract Tower,8,6,11,17,42,0,1,8,12,21,8,7,19,29,63,4,66,70,133
12/21/2013,BFM,AL,ASO,CE,Federal Contract Tower,2,6,5,0,13,0,0,0,0,0,2,6,5,0,13,0,0,0,13
12/22/2013,BFM,AL,ASO,CE,Federal Contract Tower,0,0,2,0,2,0,0,0,0,0,0,0,2,0,2,0,0,0,2
12/23/2013,BFM,AL,ASO,CE,Federal Contract Tower,5,1,16,16,38,0,0,1,0,1,5,1,17,16,39,0,0,0,39
12/24/2013,BFM,AL,ASO,CE,Federal Contract Tower,5,4,5,0,14,0,0,14,0,14,5,4,19,0,28,2,0,2,30
12/25/2013,BFM,AL,ASO,CE,Federal Contract Tower,0,0,2,0,2,0,0,0,0,0,0,0,2,0,2,0,0,0,2
12/26/2013,BFM,AL,ASO,CE,Federal Contract Tower,6,5,12,9,32,0,6,5,6,17,6,11,17,15,49,0,36,36,85
12/27/2013,BFM,AL,ASO,CE,Federal Contract Tower,8,5,8,2,23,0,0,14,5,19,8,5,22,7,42,0,40,40,82
12/28/2013,BFM,AL,ASO,CE,Federal Contract Tower,2,1,3,0,6,0,0,0,0,0,2,1,3,0,6,0,0,0,6
12/29/2013,BFM,AL,ASO,CE,Federal Contract Tower,9,0,3,0,12,0,1,1,0,2,9,1,4,0,14,0,0,0,14
12/30/2013,BFM,AL,ASO,CE,Federal Contract Tower,2,5,5,5,17,0,1,14,2,17,2,6,19,7,34,14,18,32,66
12/31/2013,BFM,AL,ASO,CE,Federal Contract Tower,18,8,6,0,32,0,3,3,0,6,18,11,9,0,38,0,0,0,38
01/01/2014,BFM,AL,ASO,CE,Federal Contract Tower,8,0,4,0,12,0,0,0,0,0,8,0,4,0,12,0,0,0,12
01/02/2014,BFM,AL,ASO,CE,Federal Contract Tower,7,4,9,42,62,0,0,4,2,6,7,4,13,44,68,0,4,4,72
01/03/2014,BFM,AL,ASO,CE,Federal Contract Tower,19,12,22,15,68,0,6,25,16,47,19,18,47,31,115,16,70,86,201
01/04/2014,BFM,AL,ASO,CE,Federal Contract Tower,5,3,9,0,17,0,0,19,2,21,5,3,28,2,38,6,10,16,54
01/05/2014,BFM,AL,ASO,CE,Federal Contract Tower,1,0,3,0,4,0,0,17,0,17,1,0,20,0,21,46,0,46,67
01/06/2014,BFM,AL,ASO,CE,Federal Contract Tower,5,2,13,37,57,0,0,13,23,36,5,2,26,60,93,16,158,174,267
01/07/2014,BFM,AL,ASO,CE,Federal Contract Tower,8,7,11,34,60,0,0,6,23,29,8,7,17,57,89,0,168,168,257
01/08/2014,BFM,AL,ASO,CE,Federal Contract Tower,9,13,7,26,55,0,8,14,20,42,9,21,21,46,97,20,166,186,283
01/09/2014,BFM,AL,ASO,CE,Federal Contract Tower,5,9,24,19,57,0,5,10,23,38,5,14,34,42,95,0,118,118,213
01/10/2014,BFM,AL,ASO,CE,Federal Contract Tower,7,5,14,5,31,0,0,1,0,1,7,5,15,5,32,0,0,0,32
01/11/2014,BFM,AL,ASO,CE,Federal Contract Tower,3,2,6,5,16,0,0,6,2,8,3,2,12,7,24,6,6,12,36
01/12/2014,BFM,AL,ASO,CE,Federal Contract Tower,1,1,7,16,25,0,0,34,1,35,1,1,41,17,60,58,14,72,132
01/13/2014,BFM,AL,ASO,CE,Federal Contract Tower,4,2,8,6,20,0,0,3,4,7,4,2,11,10,27,0,40,40,67
01/14/2014,BFM,AL,ASO,CE,Federal Contract Tower,6,5,37,45,93,0,1,28,26,55,6,6,65,71,148,8,144,152,300
01/15/2014,BFM,AL,ASO,CE,Federal Contract Tower,12,4,26,33,75,0,4,28,28,60,12,8,54,61,135,20,124,144,279
01/16/2014,BFM,AL,ASO,CE,Federal Contract Tower,5,6,23,44,78,0,8,13,23,44,5,14,36,67,122,0,154,154,276
01/17/2014,BFM,AL,ASO,CE,Federal Contract Tower,7,7,10,18,42,0,0,22,18,40,7,7,32,36,82,2,138,140,222
01/18/2014,BFM,AL,ASO,CE,Federal Contract Tower,3,2,5,4,14,0,0,40,8,48,3,2,45,12,62,52,54,106,168
01/19/2014,BFM,AL,ASO,CE,Federal Contract Tower,1,0,11,4,16,0,0,19,1,20,1,0,30,5,36,16,6,22,58
01/20/2014,BFM,AL,ASO,CE,Federal Contract Tower,7,4,10,0,21,0,4,24,0,28,7,8,34,0,49,30,0,30,79
01/21/2014,BFM,AL,ASO,CE,Federal Contract Tower,8,6,27,42,83,0,4,6,27,37,8,10,33,69,120,0,158,158,278
01/22/2014,BFM,AL,ASO,CE,Federal Contract Tower,8,10,25,28,71,0,4,27,25,56,8,14,52,53,127,2,124,126,253
01/23/2014,BFM,AL,ASO,CE,Federal Contract Tower,6,4,38,19,67,0,2,28,35,65,6,6,66,54,132,6,160,166,298
01/24/2014,BFM,AL,ASO,CE,Federal Contract Tower,4,6,15,8,33,0,2,7,4,13,4,8,22,12,46,0,14,14,60
01/25/2014,BFM,AL,ASO,CE,Federal Contract Tower,4,2,5,4,15,0,0,25,12,37,4,2,30,16,52,12,44,56,108
01/26/2014,BFM,AL,ASO,CE,Federal Contract Tower,2,0,20,5,27,0,0,15,4,19,2,0,35,9,46,12,2,14,60
01/27/2014,BFM,AL,ASO,CE,Federal Contract Tower,3,4,18,31,56,0,3,2,11,16,3,7,20,42,72,0,112,112,184
01/28/2014,BFM,AL,ASO,CE,Federal Contract Tower,4,0,0,0,4,0,0,0,0,0,4,0,0,0,4,0,0,0,4
01/29/2014,BFM,AL,ASO,CE,Federal Contract Tower,0,0,0,0,0,0,0,0,0,0,0,0,0,0,0,0,0,0,0
01/30/2014,BFM,AL,ASO,CE,Federal Contract Tower,5,2,4,12,23,0,2,10,8,20,5,4,14,20,43,0,76,76,119
01/31/2014,BFM,AL,ASO,CE,Federal Contract Tower,8,5,10,19,42,0,0,21,23,44,8,5,31,42,86,2,120,122,208
02/01/2014,BFM,AL,ASO,CE,Federal Contract Tower,2,2,3,4,11,0,0,14,10,24,2,2,17,14,35,18,66,84,119
02/02/2014,BFM,AL,ASO,CE,Federal Contract Tower,0,0,15,0,15,0,0,0,0,0,0,0,15,0,15,0,0,0,15
02/03/2014,BFM,AL,ASO,CE,Federal Contract Tower,1,5,29,56,91,0,0,1,4,5,1,5,30,60,96,0,16,16,112
02/04/2014,BFM,AL,ASO,CE,Federal Contract Tower,13,9,15,2,39,0,0,0,0,0,13,9,15,2,39,0,0,0,39
02/05/2014,BFM,AL,ASO,CE,Federal Contract Tower,6,9,24,29,68,0,4,17,30,51,6,13,41,59,119,20,166,186,305
02/06/2014,BFM,AL,ASO,CE,Federal Contract Tower,8,4,17,28,57,0,5,9,21,35,8,9,26,49,92,0,134,134,226
02/07/2014,BFM,AL,ASO,CE,Federal Contract Tower,5,5,15,52,77,0,6,20,33,59,5,11,35,85,136,0,160,160,296
02/08/2014,BFM,AL,ASO,CE,Federal Contract Tower,3,2,3,6,14,0,1,32,11,44,3,3,35,17,58,34,28,62,120
02/09/2014,BFM,AL,ASO,CE,Federal Contract Tower,2,0,15,2,19,0,1,26,3,30,2,1,41,5,49,6,0,6,55
02/10/2014,BFM,AL,ASO,CE,Federal Contract Tower,3,3,18,11,35,0,1,7,3,11,3,4,25,14,46,0,8,8,54
02/11/2014,BFM,AL,ASO,CE,Federal Contract Tower,8,4,12,0,24,0,0,0,0,0,8,4,12,0,24,0,0,0,24
02/12/2014,BFM,AL,ASO,CE,Federal Contract Tower,6,9,23,4,42,0,0,0,0,0,6,9,23,4,42,0,0,0,42
02/13/2014,BFM,AL,ASO,CE,Federal Contract Tower,8,4,10,68,90,0,1,19,32,52,8,5,29,100,142,46,316,362,504
02/14/2014,BFM,AL,ASO,CE,Federal Contract Tower,6,6,26,12,50,0,4,18,19,41,6,10,44,31,91,0,130,130,221
02/15/2014,BFM,AL,ASO,CE,Federal Contract Tower,2,4,10,6,22,0,0,21,10,31,2,4,31,16,53,42,72,114,167
02/16/2014,BFM,AL,ASO,CE,Federal Contract Tower,2,0,8,0,10,0,0,23,5,28,2,0,31,5,38,14,30,44,82
02/17/2014,BFM,AL,ASO,CE,Federal Contract Tower,2,5,23,0,30,0,2,27,4,33,2,7,50,4,63,102,34,136,199
02/18/2014,BFM,AL,ASO,CE,Federal Contract Tower,10,6,20,25,61,0,0,1,2,3,10,6,21,27,64,17,28,45,109
02/19/2014,BFM,AL,ASO,CE,Federal Contract Tower,12,4,20,9,45,0,2,6,1,9,12,6,26,10,54,0,6,6,60
02/20/2014,BFM,AL,ASO,CE,Federal Contract Tower,8,2,19,10,39,0,1,0,0,1,8,3,19,10,40,0,0,0,40
02/21/2014,BFM,AL,ASO,CE,Federal Contract Tower,6,4,26,59,95,0,3,26,35,64,6,7,52,94,159,16,84,100,259
02/22/2014,BFM,AL,ASO,CE,Federal Contract Tower,3,2,14,12,31,0,0,20,13,33,3,2,34,25,64,34,18,52,116
02/23/2014,BFM,AL,ASO,CE,Federal Contract Tower,3,1,3,1,8,0,0,0,0,0,3,1,3,1,8,0,0,0,8
02/24/2014,BFM,AL,ASO,CE,Federal Contract Tower,2,6,28,50,86,0,0,17,15,32,2,6,45,65,118,28,74,102,220
02/25/2014,BFM,AL,ASO,CE,Federal Contract Tower,8,10,23,42,83,0,2,23,47,72,8,12,46,89,155,22,184,206,361
02/26/2014,BFM,AL,ASO,CE,Federal Contract Tower,9,11,16,15,51,0,2,2,4,8,9,13,18,19,59,0,10,10,69
02/27/2014,BFM,AL,ASO,CE,Federal Contract Tower,7,9,19,39,74,0,0,40,47,87,7,9,59,86,161,48,264,312,473
02/28/2014,BFM,AL,ASO,CE,Federal Contract Tower,6,4,15,35,60,0,1,24,22,47,6,5,39,57,107,30,128,158,265
03/01/2014,BFM,AL,ASO,CE,Federal Contract Tower,2,4,6,0,12,0,1,24,8,33,2,5,30,8,45,42,42,84,129
03/02/2014,BFM,AL,ASO,CE,Federal Contract Tower,1,0,20,2,23,0,0,16,6,22,1,0,36,8,45,16,36,52,97
03/03/2014,BFM,AL,ASO,CE,Federal Contract Tower,3,5,8,63,79,0,4,16,16,36,3,9,24,79,115,24,148,172,287
03/04/2014,BFM,AL,ASO,CE,Federal Contract Tower,6,7,8,3,24,0,2,2,0,4,6,9,10,3,28,12,10,22,50
03/05/2014,BFM,AL,ASO,CE,Federal Contract Tower,6,6,16,57,85,0,1,18,20,39,6,7,34,77,124,38,90,128,252
03/06/2014,BFM,AL,ASO,CE,Federal Contract Tower,8,6,17,0,31,0,0,0,0,0,8,6,17,0,31,0,0,0,31
03/07/2014,BFM,AL,ASO,CE,Federal Contract Tower,12,5,13,38,68,0,0,36,22,58,12,5,49,60,126,92,160,252,378
03/08/2014,BFM,AL,ASO,CE,Federal Contract Tower,2,2,8,0,12,0,2,57,0,59,2,4,65,0,71,110,0,110,181
03/09/2014,BFM,AL,ASO,CE,Federal Contract Tower,6,0,12,0,18,0,1,33,4,38,6,1,45,4,56,98,14,112,168
03/10/2014,BFM,AL,ASO,CE,Federal Contract Tower,4,4,34,42,84,0,3,45,21,69,4,7,79,63,153,118,178,296,449
03/11/2014,BFM,AL,ASO,CE,Federal Contract Tower,7,9,21,6,43,0,2,19,5,26,7,11,40,11,69,8,44,52,121
03/12/2014,BFM,AL,ASO,CE,Federal Contract Tower,8,10,29,56,103,0,4,17,16,37,8,14,46,72,140,14,74,88,228
03/13/2014,BFM,AL,ASO,CE,Federal Contract Tower,6,5,12,27,50,0,1,38,28,67,6,6,50,55,117,4,144,148,265
03/14/2014,BFM,AL,ASO,CE,Federal Contract Tower,5,5,22,27,59,0,1,18,27,46,5,6,40,54,105,28,88,116,221
03/15/2014,BFM,AL,ASO,CE,Federal Contract Tower,2,2,6,1,11,0,0,1,0,1,2,2,7,1,12,0,0,0,12
03/16/2014,BFM,AL,ASO,CE,Federal Contract Tower,2,3,5,1,11,0,0,0,0,0,2,3,5,1,11,0,0,0,11
03/17/2014,BFM,AL,ASO,CE,Federal Contract Tower,3,4,16,36,59,0,0,4,4,8,3,4,20,40,67,18,54,72,139
03/18/2014,BFM,AL,ASO,CE,Federal Contract Tower,6,10,21,13,50,0,4,18,19,41,6,14,39,32,91,36,134,170,261
03/19/2014,BFM,AL,ASO,CE,Federal Contract Tower,6,5,19,20,50,0,4,28,37,69,6,9,47,57,119,8,264,272,391
03/20/2014,BFM,AL,ASO,CE,Federal Contract Tower,6,7,28,28,69,0,4,30,13,47,6,11,58,41,116,32,88,120,236
03/21/2014,BFM,AL,ASO,CE,Federal Contract Tower,7,7,19,12,45,0,7,31,11,49,7,14,50,23,94,26,64,90,184
03/22/2014,BFM,AL,ASO,CE,Federal Contract Tower,2,4,7,3,16,0,12,12,0,24,2,16,19,3,40,6,34,40,80
03/23/2014,BFM,AL,ASO,CE,Federal Contract Tower,1,0,12,19,32,0,0,2,1,3,1,0,14,20,35,0,0,0,35
03/24/2014,BFM,AL,ASO,CE,Federal Contract Tower,1,3,19,13,36,0,2,9,36,47,1,5,28,49,83,0,260,260,343
03/25/2014,BFM,AL,ASO,CE,Federal Contract Tower,6,8,23,27,64,0,3,19,35,57,6,11,42,62,121,10,234,244,365
03/26/2014,BFM,AL,ASO,CE,Federal Contract Tower,6,5,18,16,45,0,8,41,54,103,6,13,59,70,148,44,306,350,498
03/27/2014,BFM,AL,ASO,CE,Federal Contract Tower,6,6,17,33,62,0,7,9,5,21,6,13,26,38,83,0,18,18,101
03/28/2014,BFM,AL,ASO,CE,Federal Contract Tower,5,9,3,0,17,0,0,0,0,0,5,9,3,0,17,0,0,0,17
03/29/2014,BFM,AL,ASO,CE,Federal Contract Tower,2,2,6,5,15,0,0,3,7,10,2,2,9,12,25,0,58,58,83
03/30/2014,BFM,AL,ASO,CE,Federal Contract Tower,2,0,7,10,19,0,2,25,8,35,2,2,32,18,54,10,66,76,130
03/31/2014,BFM,AL,ASO,CE,Federal Contract Tower,4,2,19,47,72,0,5,33,36,74,4,7,52,83,146,40,174,214,360
04/01/2014,BFM,AL,ASO,CE,Federal Contract Tower,6,6,17,42,71,0,2,26,41,69,6,8,43,83,140,20,166,186,326
04/02/2014,BFM,AL,ASO,CE,Federal Contract Tower,7,5,21,28,61,0,2,17,19,38,7,7,38,47,99,40,158,198,297
04/03/2014,BFM,AL,ASO,CE,Federal Contract Tower,9,6,10,27,52,0,4,12,30,46,9,10,22,57,98,4,208,212,310
04/04/2014,BFM,AL,ASO,CE,Federal Contract Tower,6,2,10,5,23,0,1,1,0,2,6,3,11,5,25,0,0,0,25
04/05/2014,BFM,AL,ASO,CE,Federal Contract Tower,1,2,4,4,11,0,0,4,2,6,1,2,8,6,17,18,0,18,35
04/06/2014,BFM,AL,ASO,CE,Federal Contract Tower,1,2,10,0,13,0,0,0,0,0,1,2,10,0,13,0,0,0,13
04/07/2014,BFM,AL,ASO,CE,Federal Contract Tower,3,3,7,56,69,0,3,5,8,16,3,6,12,64,85,36,56,92,177
04/08/2014,BFM,AL,ASO,CE,Federal Contract Tower,6,7,14,43,70,0,5,12,21,38,6,12,26,64,108,12,122,134,242
04/09/2014,BFM,AL,ASO,CE,Federal Contract Tower,7,4,23,41,75,0,6,28,18,52,7,10,51,59,127,12,138,150,277
04/10/2014,BFM,AL,ASO,CE,Federal Contract Tower,6,4,14,20,44,0,3,25,23,51,6,7,39,43,95,2,186,188,283
04/11/2014,BFM,AL,ASO,CE,Federal Contract Tower,4,5,20,12,41,0,1,21,19,41,4,6,41,31,82,18,118,136,218
04/12/2014,BFM,AL,ASO,CE,Federal Contract Tower,4,4,10,15,33,0,1,13,5,19,4,5,23,20,52,0,38,38,90
04/13/2014,BFM,AL,ASO,CE,Federal Contract Tower,2,0,10,0,12,0,0,15,19,34,2,0,25,19,46,0,84,84,130
04/14/2014,BFM,AL,ASO,CE,Federal Contract Tower,2,1,11,3,17,0,0,3,7,10,2,1,14,10,27,0,26,26,53
04/15/2014,BFM,AL,ASO,CE,Federal Contract Tower,8,5,19,59,91,0,1,12,31,44,8,6,31,90,135,8,302,310,445
04/16/2014,BFM,AL,ASO,CE,Federal Contract Tower,10,7,25,14,56,0,4,56,26,86,10,11,81,40,142,42,252,294,436
04/17/2014,BFM,AL,ASO,CE,Federal Contract Tower,5,8,41,8,62,0,4,26,23,53,5,12,67,31,115,38,166,204,319
04/18/2014,BFM,AL,ASO,CE,Federal Contract Tower,7,6,16,16,45,0,0,0,10,10,7,6,16,26,55,0,40,40,95
04/19/2014,BFM,AL,ASO,CE,Federal Contract Tower,2,2,9,5,18,0,0,9,16,25,2,2,18,21,43,4,66,70,113
04/20/2014,BFM,AL,ASO,CE,Federal Contract Tower,1,0,6,0,7,0,0,6,0,6,1,0,12,0,13,0,0,0,13
04/21/2014,BFM,AL,ASO,CE,Federal Contract Tower,2,4,14,34,54,0,4,19,44,67,2,8,33,78,121,6,168,174,295
04/22/2014,BFM,AL,ASO,CE,Federal Contract Tower,6,8,25,81,120,0,2,11,18,31,6,10,36,99,151,6,148,154,305
04/23/2014,BFM,AL,ASO,CE,Federal Contract Tower,5,6,26,26,63,0,3,29,23,55,5,9,55,49,118,46,116,162,280
04/24/2014,BFM,AL,ASO,CE,Federal Contract Tower,6,5,23,27,61,0,2,25,24,51,6,7,48,51,112,12,80,92,204
04/25/2014,BFM,AL,ASO,CE,Federal Contract Tower,6,14,19,34,73,0,2,12,20,34,6,16,31,54,107,18,148,166,273
04/26/2014,BFM,AL,ASO,CE,Federal Contract Tower,7,4,14,9,34,0,0,15,22,37,7,4,29,31,71,12,144,156,227
04/27/2014,BFM,AL,ASO,CE,Federal Contract Tower,3,4,5,16,28,0,0,6,0,6,3,4,11,16,34,4,0,4,38
04/28/2014,BFM,AL,ASO,CE,Federal Contract Tower,2,6,12,16,36,0,1,3,5,9,2,7,15,21,45,0,56,56,101
04/29/2014,BFM,AL,ASO,CE,Federal Contract Tower,6,7,3,1,17,0,0,0,5,5,6,7,3,6,22,0,36,36,58
04/30/2014,BFM,AL,ASO,CE,Federal Contract Tower,7,2,20,0,29,0,4,11,3,18,7,6,31,3,47,0,40,40,87
05/01/2014,BFM,AL,ASO,CE,Federal Contract Tower,8,7,27,23,65,0,15,24,23,62,8,22,51,46,127,20,172,192,319
05/02/2014,BFM,AL,ASO,CE,Federal Contract Tower,4,8,14,26,52,0,4,20,9,33,4,12,34,35,85,28,52,80,165
05/03/2014,BFM,AL,ASO,CE,Federal Contract Tower,2,3,13,14,32,0,3,23,13,39,2,6,36,27,71,0,106,106,177
05/04/2014,BFM,AL,ASO,CE,Federal Contract Tower,1,0,10,2,13,0,0,18,3,21,1,0,28,5,34,2,0,2,36
05/05/2014,BFM,AL,ASO,CE,Federal Contract Tower,2,2,14,11,29,0,4,28,26,58,2,6,42,37,87,2,160,162,249
05/06/2014,BFM,AL,ASO,CE,Federal Contract Tower,7,5,25,25,62,0,2,26,45,73,7,7,51,70,135,10,308,318,453
05/07/2014,BFM,AL,ASO,CE,Federal Contract Tower,7,7,35,37,86,0,4,19,58,81,7,11,54,95,167,8,292,300,467
05/08/2014,BFM,AL,ASO,CE,Federal Contract Tower,8,6,21,32,67,0,4,14,24,42,8,10,35,56,109,6,172,178,287
05/09/2014,BFM,AL,ASO,CE,Federal Contract Tower,3,7,8,19,37,0,0,1,1,2,3,7,9,20,39,12,12,24,63
05/10/2014,BFM,AL,ASO,CE,Federal Contract Tower,2,4,7,14,27,0,0,5,0,5,2,4,12,14,32,4,0,4,36
05/11/2014,BFM,AL,ASO,CE,Federal Contract Tower,1,0,6,15,22,0,0,2,0,2,1,0,8,15,24,0,0,0,24
05/12/2014,BFM,AL,ASO,CE,Federal Contract Tower,5,5,12,16,38,0,3,9,40,52,5,8,21,56,90,14,296,310,400
05/13/2014,BFM,AL,ASO,CE,Federal Contract Tower,7,7,20,27,61,0,2,14,30,46,7,9,34,57,107,0,234,234,341
05/14/2014,BFM,AL,ASO,CE,Federal Contract Tower,10,8,15,4,37,0,2,3,0,5,10,10,18,4,42,8,0,8,50
05/15/2014,BFM,AL,ASO,CE,Federal Contract Tower,7,6,20,42,75,0,2,18,63,83,7,8,38,105,158,0,280,280,438
05/16/2014,BFM,AL,ASO,CE,Federal Contract Tower,5,6,17,27,55,0,0,22,27,49,5,6,39,54,104,0,148,148,252
05/17/2014,BFM,AL,ASO,CE,Federal Contract Tower,4,3,3,7,17,0,3,11,20,34,4,6,14,27,51,10,94,104,155
05/18/2014,BFM,AL,ASO,CE,Federal Contract Tower,1,1,5,3,10,0,0,14,4,18,1,1,19,7,28,6,8,14,42
05/19/2014,BFM,AL,ASO,CE,Federal Contract Tower,6,5,15,11,37,0,1,8,18,27,6,6,23,29,64,4,104,108,172
05/20/2014,BFM,AL,ASO,CE,Federal Contract Tower,6,6,23,26,61,0,4,28,21,53,6,10,51,47,114,38,138,176,290
05/21/2014,BFM,AL,ASO,CE,Federal Contract Tower,8,6,26,15,55,0,3,15,21,39,8,9,41,36,94,0,202,202,296
05/22/2014,BFM,AL,ASO,CE,Federal Contract Tower,9,6,24,20,59,0,0,31,10,41,9,6,55,30,100,12,46,58,158
05/23/2014,BFM,AL,ASO,CE,Federal Contract Tower,11,5,20,6,42,0,1,20,5,26,11,6,40,11,68,54,46,100,168
05/24/2014,BFM,AL,ASO,CE,Federal Contract Tower,2,2,7,0,11,0,0,8,1,9,2,2,15,1,20,0,0,0,20
05/25/2014,BFM,AL,ASO,CE,Federal Contract Tower,1,0,7,0,8,0,0,4,0,4,1,0,11,0,12,0,0,0,12
05/26/2014,BFM,AL,ASO,CE,Federal Contract Tower,0,0,12,0,12,0,0,5,0,5,0,0,17,0,17,0,0,0,17
05/27/2014,BFM,AL,ASO,CE,Federal Contract Tower,1,10,18,27,56,0,1,22,26,49,1,11,40,53,105,42,246,288,393
05/28/2014,BFM,AL,ASO,CE,Federal Contract Tower,6,9,10,2,27,0,1,6,17,24,6,10,16,19,51,0,18,18,69
05/29/2014,BFM,AL,ASO,CE,Federal Contract Tower,7,8,11,0,26,0,0,0,6,6,7,8,11,6,32,10,44,54,86
05/30/2014,BFM,AL,ASO,CE,Federal Contract Tower,7,7,8,13,35,0,0,4,1,5,7,7,12,14,40,0,10,10,50
05/31/2014,BFM,AL,ASO,CE,Federal Contract Tower,4,2,6,13,25,0,0,6,0,6,4,2,12,13,31,0,0,0,31
06/01/2014,BFM,AL,ASO,CE,Federal Contract Tower,1,0,13,7,21,0,0,10,6,16,1,0,23,13,37,0,8,8,45
06/02/2014,BFM,AL,ASO,CE,Federal Contract Tower,3,10,12,18,43,0,3,5,7,15,3,13,17,25,58,0,36,36,94
06/03/2014,BFM,AL,ASO,CE,Federal Contract Tower,10,5,13,19,47,0,7,11,16,34,10,12,24,35,81,14,186,200,281
06/04/2014,BFM,AL,ASO,CE,Federal Contract Tower,11,7,19,15,52,0,4,16,39,59,11,11,35,54,111,18,212,230,341
06/05/2014,BFM,AL,ASO,CE,Federal Contract Tower,7,6,28,20,61,0,3,13,29,45,7,9,41,49,106,6,232,238,344
06/06/2014,BFM,AL,ASO,CE,Federal Contract Tower,7,8,15,24,54,0,2,13,25,40,7,10,28,49,94,20,88,108,202
06/07/2014,BFM,AL,ASO,CE,Federal Contract Tower,3,2,6,26,37,0,0,9,13,22,3,2,15,39,59,14,20,34,93
06/08/2014,BFM,AL,ASO,CE,Federal Contract Tower,1,0,14,0,15,0,0,11,3,14,1,0,25,3,29,18,16,34,63
06/09/2014,BFM,AL,ASO,CE,Federal Contract Tower,5,4,22,32,63,0,3,18,28,49,5,7,40,60,112,42,206,248,360
06/10/2014,BFM,AL,ASO,CE,Federal Contract Tower,8,5,13,5,31,0,3,11,7,21,8,8,24,12,52,12,46,58,110
06/11/2014,BFM,AL,ASO,CE,Federal Contract Tower,16,6,13,24,59,0,2,12,21,35,16,8,25,45,94,4,132,136,230
06/12/2014,BFM,AL,ASO,CE,Federal Contract Tower,5,6,23,24,58,0,2,31,15,48,5,8,54,39,106,12,110,122,228
06/13/2014,BFM,AL,ASO,CE,Federal Contract Tower,7,5,15,11,38,0,0,9,20,29,7,5,24,31,67,6,180,186,253
06/14/2014,BFM,AL,ASO,CE,Federal Contract Tower,2,6,11,7,26,0,0,15,3,18,2,6,26,10,44,20,8,28,72
06/15/2014,BFM,AL,ASO,CE,Federal Contract Tower,4,0,9,17,30,0,0,14,0,14,4,0,23,17,44,8,0,8,52
06/16/2014,BFM,AL,ASO,CE,Federal Contract Tower,3,3,14,53,73,0,2,14,25,41,3,5,28,78,114,12,212,224,338
06/17/2014,BFM,AL,ASO,CE,Federal Contract Tower,6,5,19,47,77,0,4,35,29,68,6,9,54,76,145,36,218,254,399
06/18/2014,BFM,AL,ASO,CE,Federal Contract Tower,6,7,14,30,57,0,3,17,15,35,6,10,31,45,92,0,126,126,218
06/19/2014,BFM,AL,ASO,CE,Federal Contract Tower,5,7,19,18,49,0,0,21,23,44,5,7,40,41,93,20,82,102,195
06/20/2014,BFM,AL,ASO,CE,Federal Contract Tower,7,7,9,15,38,0,2,21,16,39,7,9,30,31,77,18,52,70,147
06/21/2014,BFM,AL,ASO,CE,Federal Contract Tower,3,2,9,13,27,0,0,12,4,16,3,2,21,17,43,16,0,16,59
06/22/2014,BFM,AL,ASO,CE,Federal Contract Tower,2,0,1,10,13,0,0,10,3,13,2,0,11,13,26,4,0,4,30
06/23/2014,BFM,AL,ASO,CE,Federal Contract Tower,2,4,6,8,20,0,2,4,13,19,2,6,10,21,39,0,60,60,99
06/24/2014,BFM,AL,ASO,CE,Federal Contract Tower,6,8,16,26,56,0,3,17,10,30,6,11,33,36,86,0,66,66,152
06/25/2014,BFM,AL,ASO,CE,Federal Contract Tower,6,9,35,31,81,0,5,27,30,62,6,14,62,61,143,16,176,192,335
06/26/2014,BFM,AL,ASO,CE,Federal Contract Tower,10,6,8,8,32,0,1,22,10,33,10,7,30,18,65,12,92,104,169
06/27/2014,BFM,AL,ASO,CE,Federal Contract Tower,5,6,19,24,54,0,1,20,22,43,5,7,39,46,97,6,100,106,203
06/28/2014,BFM,AL,ASO,CE,Federal Contract Tower,4,2,10,2,18,0,0,21,11,32,4,2,31,13,50,18,64,82,132
06/29/2014,BFM,AL,ASO,CE,Federal Contract Tower,1,0,13,2,16,0,0,16,10,26,1,0,29,12,42,6,16,22,64
06/30/2014,BFM,AL,ASO,CE,Federal Contract Tower,2,5,21,34,62,0,2,21,14,37,2,7,42,48,99,14,90,104,203
07/01/2014,BFM,AL,ASO,CE,Federal Contract Tower,6,9,7,39,61,0,4,31,43,78,6,13,38,82,139,0,202,202,341
07/02/2014,BFM,AL,ASO,CE,Federal Contract Tower,10,4,11,36,61,0,6,28,22,56,10,10,39,58,117,28,50,78,195
07/03/2014,BFM,AL,ASO,CE,Federal Contract Tower,6,6,22,4,38,0,2,23,11,36,6,8,45,15,74,0,28,28,102
07/04/2014,BFM,AL,ASO,CE,Federal Contract Tower,0,0,1,0,1,0,0,10,0,10,0,0,11,0,11,20,0,20,31
07/05/2014,BFM,AL,ASO,CE,Federal Contract Tower,2,3,11,0,16,0,0,11,0,11,2,3,22,0,27,6,0,6,33
07/06/2014,BFM,AL,ASO,CE,Federal Contract Tower,2,0,7,0,9,0,0,9,0,9,2,0,16,0,18,0,0,0,18
07/07/2014,BFM,AL,ASO,CE,Federal Contract Tower,1,3,12,3,19,0,2,20,8,30,1,5,32,11,49,8,56,64,113
07/08/2014,BFM,AL,ASO,CE,Federal Contract Tower,7,11,12,9,39,0,2,34,19,55,7,13,46,28,94,2,98,100,194
07/09/2014,BFM,AL,ASO,CE,Federal Contract Tower,8,13,13,5,39,0,2,14,12,28,8,15,27,17,67,10,64,74,141
07/10/2014,BFM,AL,ASO,CE,Federal Contract Tower,6,6,17,13,42,0,0,24,22,46,6,6,41,35,88,42,72,114,202
07/11/2014,BFM,AL,ASO,CE,Federal Contract Tower,6,5,8,7,26,0,1,12,10,23,6,6,20,17,49,20,22,42,91
07/12/2014,BFM,AL,ASO,CE,Federal Contract Tower,2,3,10,1,16,0,0,12,5,17,2,3,22,6,33,12,16,28,61
07/13/2014,BFM,AL,ASO,CE,Federal Contract Tower,1,0,6,3,10,0,0,13,4,17,1,0,19,7,27,4,44,48,75
07/14/2014,BFM,AL,ASO,CE,Federal Contract Tower,3,4,21,4,32,0,0,21,13,34,3,4,42,17,66,10,72,82,148
07/15/2014,BFM,AL,ASO,CE,Federal Contract Tower,6,6,19,0,31,0,8,14,11,33,6,14,33,11,64,8,66,74,138
07/16/2014,BFM,AL,ASO,CE,Federal Contract Tower,6,5,28,23,62,0,10,33,16,59,6,15,61,39,121,14,52,66,187
07/17/2014,BFM,AL,ASO,CE,Federal Contract Tower,6,12,17,18,53,0,3,34,12,49,6,15,51,30,102,24,66,90,192
07/18/2014,BFM,AL,ASO,CE,Federal Contract Tower,7,10,18,1,36,0,0,11,4,15,7,10,29,5,51,0,0,0,51
07/19/2014,BFM,AL,ASO,CE,Federal Contract Tower,4,2,9,0,15,0,0,2,0,2,4,2,11,0,17,14,0,14,31
07/20/2014,BFM,AL,ASO,CE,Federal Contract Tower,3,1,6,3,13,0,0,12,5,17,3,1,18,8,30,14,12,26,56
07/21/2014,BFM,AL,ASO,CE,Federal Contract Tower,5,3,21,23,52,0,2,11,5,18,5,5,32,28,70,20,30,50,120
07/22/2014,BFM,AL,ASO,CE,Federal Contract Tower,10,10,20,6,46,0,2,13,6,21,10,12,33,12,67,4,24,28,95
07/23/2014,BFM,AL,ASO,CE,Federal Contract Tower,9,7,22,13,51,0,2,25,7,34,9,9,47,20,85,28,38,66,151
07/24/2014,BFM,AL,ASO,CE,Federal Contract Tower,7,6,20,31,64,0,0,21,24,45,7,6,41,55,109,14,116,130,239
07/25/2014,BFM,AL,ASO,CE,Federal Contract Tower,5,8,9,11,33,0,2,17,17,36,5,10,26,28,69,16,60,76,145
07/26/2014,BFM,AL,ASO,CE,Federal Contract Tower,2,2,2,2,8,0,0,16,17,33,2,2,18,19,41,8,164,172,213
07/27/2014,BFM,AL,ASO,CE,Federal Contract Tower,1,1,5,8,15,0,0,18,4,22,1,1,23,12,37,26,24,50,87
07/28/2014,BFM,AL,ASO,CE,Federal Contract Tower,2,4,9,30,45,0,1,16,18,35,2,5,25,48,80,4,120,124,204
07/29/2014,BFM,AL,ASO,CE,Federal Contract Tower,6,9,10,30,55,0,1,20,29,50,6,10,30,59,105,16,180,196,301
07/30/2014,BFM,AL,ASO,CE,Federal Contract Tower,8,6,15,71,100,0,1,18,35,54,8,7,33,106,154,38,98,136,290
07/31/2014,BFM,AL,ASO,CE,Federal Contract Tower,6,11,14,21,52,0,2,17,32,51,6,13,31,53,103,40,231,271,374
08/01/2014,BFM,AL,ASO,CE,Federal Contract Tower,5,7,8,13,33,0,0,23,25,48,5,7,31,38,81,42,134,176,257
08/02/2014,BFM,AL,ASO,CE,Federal Contract Tower,6,3,4,4,17,0,1,11,2,14,6,4,15,6,31,36,0,36,67
08/03/2014,BFM,AL,ASO,CE,Federal Contract Tower,1,3,6,0,10,0,0,8,0,8,1,3,14,0,18,2,0,2,20
08/04/2014,BFM,AL,ASO,CE,Federal Contract Tower,7,4,10,17,38,0,3,16,10,29,7,7,26,27,67,14,20,34,101
08/05/2014,BFM,AL,ASO,CE,Federal Contract Tower,7,8,15,33,63,0,0,26,14,40,7,8,41,47,103,26,74,100,203
08/06/2014,BFM,AL,ASO,CE,Federal Contract Tower,6,6,11,12,35,0,2,17,11,30,6,8,28,23,65,20,78,98,163
08/07/2014,BFM,AL,ASO,CE,Federal Contract Tower,5,12,8,18,43,0,0,13,35,48,5,12,21,53,91,2,242,244,335
08/08/2014,BFM,AL,ASO,CE,Federal Contract Tower,4,11,12,33,60,0,0,23,15,38,4,11,35,48,98,6,46,52,150
08/09/2014,BFM,AL,ASO,CE,Federal Contract Tower,2,2,0,6,10,0,0,15,1,16,2,2,15,7,26,32,0,32,58
08/10/2014,BFM,AL,ASO,CE,Federal Contract Tower,1,1,5,9,16,0,0,8,6,14,1,1,13,15,30,0,0,0,30
08/11/2014,BFM,AL,ASO,CE,Federal Contract Tower,1,10,22,28,61,0,0,14,17,31,1,10,36,45,92,4,104,108,200
08/12/2014,BFM,AL,ASO,CE,Federal Contract Tower,6,5,16,20,47,0,3,18,53,74,6,8,34,73,121,16,170,186,307
08/13/2014,BFM,AL,ASO,CE,Federal Contract Tower,7,6,24,55,92,0,4,34,16,54,7,10,58,71,146,12,108,120,266
08/14/2014,BFM,AL,ASO,CE,Federal Contract Tower,12,6,18,45,81,0,1,16,35,52,12,7,34,80,133,12,210,222,355
08/15/2014,BFM,AL,ASO,CE,Federal Contract Tower,4,6,11,60,81,0,0,30,21,51,4,6,41,81,132,36,78,114,246
08/16/2014,BFM,AL,ASO,CE,Federal Contract Tower,2,6,8,2,18,0,0,14,3,17,2,6,22,5,35,26,4,30,65
08/17/2014,BFM,AL,ASO,CE,Federal Contract Tower,2,0,5,0,7,0,0,4,2,6,2,0,9,2,13,0,0,0,13
08/18/2014,BFM,AL,ASO,CE,Federal Contract Tower,2,7,13,26,48,0,0,13,16,29,2,7,26,42,77,2,100,102,179
08/19/2014,BFM,AL,ASO,CE,Federal Contract Tower,8,8,18,22,56,0,1,16,39,56,8,9,34,61,112,50,116,166,278
08/20/2014,BFM,AL,ASO,CE,Federal Contract Tower,8,12,17,48,85,0,7,18,62,87,8,19,35,110,172,2,330,332,504
08/21/2014,BFM,AL,ASO,CE,Federal Contract Tower,5,9,16,16,46,0,0,25,18,43,5,9,41,34,89,36,120,156,245
08/22/2014,BFM,AL,ASO,CE,Federal Contract Tower,5,8,16,16,45,0,0,22,44,66,5,8,38,60,111,12,252,264,375
08/23/2014,BFM,AL,ASO,CE,Federal Contract Tower,2,3,3,2,10,0,2,26,2,30,2,5,29,4,40,10,0,10,50
08/24/2014,BFM,AL,ASO,CE,Federal Contract Tower,1,0,2,26,29,0,0,13,5,18,1,0,15,31,47,10,0,10,57
08/25/2014,BFM,AL,ASO,CE,Federal Contract Tower,3,2,12,17,34,0,2,15,42,59,3,4,27,59,93,6,302,308,401
08/26/2014,BFM,AL,ASO,CE,Federal Contract Tower,7,9,18,25,59,0,2,22,49,73,7,11,40,74,132,30,252,282,414
08/27/2014,BFM,AL,ASO,CE,Federal Contract Tower,6,10,19,27,62,0,2,21,35,58,6,12,40,62,120,10,196,206,326
08/28/2014,BFM,AL,ASO,CE,Federal Contract Tower,6,8,29,65,108,0,0,16,36,52,6,8,45,101,160,34,224,258,418
08/29/2014,BFM,AL,ASO,CE,Federal Contract Tower,8,10,22,8,48,0,2,14,5,21,8,12,36,13,69,6,8,14,83
08/30/2014,BFM,AL,ASO,CE,Federal Contract Tower,4,2,4,0,10,0,0,5,7,12,4,2,9,7,22,0,0,0,22
08/31/2014,BFM,AL,ASO,CE,Federal Contract Tower,2,2,2,3,9,0,2,5,0,7,2,4,7,3,16,6,0,6,22
09/01/2014,BFM,AL,ASO,CE,Federal Contract Tower,0,0,1,0,1,0,0,13,0,13,0,0,14,0,14,8,0,8,22
09/02/2014,BFM,AL,ASO,CE,Federal Contract Tower,1,8,20,25,54,0,2,15,9,26,1,10,35,34,80,6,86,92,172
09/03/2014,BFM,AL,ASO,CE,Federal Contract Tower,7,8,13,11,39,0,3,15,10,28,7,11,28,21,67,0,52,52,119
09/04/2014,BFM,AL,ASO,CE,Federal Contract Tower,10,7,11,18,46,0,5,15,10,30,10,12,26,28,76,12,42,54,130
09/05/2014,BFM,AL,ASO,CE,Federal Contract Tower,7,7,12,0,26,0,0,24,6,30,7,7,36,6,56,14,40,54,110
09/06/2014,BFM,AL,ASO,CE,Federal Contract Tower,6,2,6,11,25,0,3,16,1,20,6,5,22,12,45,24,20,44,89
09/07/2014,BFM,AL,ASO,CE,Federal Contract Tower,1,0,4,6,11,0,0,9,1,10,1,0,13,7,21,4,0,4,25
09/08/2014,BFM,AL,ASO,CE,Federal Contract Tower,9,8,12,21,50,0,2,16,21,39,9,10,28,42,89,6,84,90,179
09/09/2014,BFM,AL,ASO,CE,Federal Contract Tower,9,7,14,20,50,0,2,23,38,63,9,9,37,58,113,44,118,162,275
09/10/2014,BFM,AL,ASO,CE,Federal Contract Tower,10,8,25,25,68,0,1,36,30,67,10,9,61,55,135,20,140,160,295
09/11/2014,BFM,AL,ASO,CE,Federal Contract Tower,10,6,18,28,62,0,5,25,32,62,10,11,43,60,124,14,238,252,376
09/12/2014,BFM,AL,ASO,CE,Federal Contract Tower,9,6,21,12,48,0,0,15,23,38,9,6,36,35,86,2,174,176,262
09/13/2014,BFM,AL,ASO,CE,Federal Contract Tower,2,6,7,6,21,0,0,8,0,8,2,6,15,6,29,0,10,10,39
09/14/2014,BFM,AL,ASO,CE,Federal Contract Tower,1,2,6,6,15,0,2,18,10,30,1,4,24,16,45,4,26,30,75
09/15/2014,BFM,AL,ASO,CE,Federal Contract Tower,2,4,12,15,33,0,0,16,32,48,2,4,28,47,81,4,214,218,299
09/16/2014,BFM,AL,ASO,CE,Federal Contract Tower,6,8,18,28,60,0,4,3,10,17,6,12,21,38,77,0,4,4,81
09/17/2014,BFM,AL,ASO,CE,Federal Contract Tower,6,7,20,42,75,0,4,11,26,41,6,11,31,68,116,8,116,124,240
09/18/2014,BFM,AL,ASO,CE,Federal Contract Tower,6,8,20,34,68,0,0,14,23,37,6,8,34,57,105,30,96,126,231
09/19/2014,BFM,AL,ASO,CE,Federal Contract Tower,9,6,14,25,54,0,0,21,25,46,9,6,35,50,100,18,174,192,292
09/20/2014,BFM,AL,ASO,CE,Federal Contract Tower,3,4,6,10,23,0,0,25,4,29,3,4,31,14,52,10,20,30,82
09/21/2014,BFM,AL,ASO,CE,Federal Contract Tower,2,0,5,13,20,0,2,11,6,19,2,2,16,19,39,0,20,20,59
09/22/2014,BFM,AL,ASO,CE,Federal Contract Tower,3,4,3,46,56,0,0,34,27,61,3,4,37,73,117,28,176,204,321
09/23/2014,BFM,AL,ASO,CE,Federal Contract Tower,8,10,25,44,87,0,5,26,26,57,8,15,51,70,144,0,120,120,264
09/24/2014,BFM,AL,ASO,CE,Federal Contract Tower,7,7,14,42,70,0,1,8,17,26,7,8,22,59,96,0,102,102,198
09/25/2014,BFM,AL,ASO,CE,Federal Contract Tower,6,11,18,26,61,0,3,20,29,52,6,14,38,55,113,4,172,176,289
09/26/2014,BFM,AL,ASO,CE,Federal Contract Tower,7,7,6,25,45,0,0,29,26,55,7,7,35,51,100,12,84,96,196
09/27/2014,BFM,AL,ASO,CE,Federal Contract Tower,2,7,14,13,36,0,0,9,2,11,2,7,23,15,47,0,8,8,55
09/28/2014,BFM,AL,ASO,CE,Federal Contract Tower,4,0,7,4,15,0,0,0,0,0,4,0,7,4,15,0,0,0,15
09/29/2014,BFM,AL,ASO,CE,Federal Contract Tower,2,6,31,43,82,0,1,13,12,26,2,7,44,55,108,0,108,108,216
09/30/2014,BFM,AL,ASO,CE,Federal Contract Tower,7,7,17,28,59,0,0,11,15,26,7,7,28,43,85,16,64,80,165
10/01/2014,BFM,AL,ASO,CE,Federal Contract Tower,8,6,27,12,53,0,6,23,30,59,8,12,50,42,112,12,134,146,258
10/02/2014,BFM,AL,ASO,CE,Federal Contract Tower,8,9,19,19,55,0,0,13,12,25,8,9,32,31,80,0,56,56,136
10/03/2014,BFM,AL,ASO,CE,Federal Contract Tower,7,7,15,56,85,0,0,11,15,26,7,7,26,71,111,0,82,82,193
10/04/2014,BFM,AL,ASO,CE,Federal Contract Tower,3,4,3,22,32,0,0,21,11,32,3,4,24,33,64,0,48,48,112
10/05/2014,BFM,AL,ASO,CE,Federal Contract Tower,1,3,4,6,14,0,0,27,2,29,1,3,31,8,43,12,12,24,67
10/06/2014,BFM,AL,ASO,CE,Federal Contract Tower,2,8,16,25,51,0,7,29,21,57,2,15,45,46,108,4,144,148,256
10/07/2014,BFM,AL,ASO,CE,Federal Contract Tower,6,6,11,36,59,0,2,29,22,53,6,8,40,58,112,8,138,146,258
10/08/2014,BFM,AL,ASO,CE,Federal Contract Tower,9,7,15,42,73,0,5,33,17,55,9,12,48,59,128,18,78,96,224
10/09/2014,BFM,AL,ASO,CE,Federal Contract Tower,5,18,29,25,77,0,1,25,29,55,5,19,54,54,132,28,118,146,278
10/10/2014,BFM,AL,ASO,CE,Federal Contract Tower,5,10,12,13,40,0,2,7,13,22,5,12,19,26,62,0,80,80,142
10/11/2014,BFM,AL,ASO,CE,Federal Contract Tower,5,4,11,0,20,0,5,3,0,8,5,9,14,0,28,0,0,0,28
10/12/2014,BFM,AL,ASO,CE,Federal Contract Tower,2,0,6,0,8,0,2,9,0,11,2,2,15,0,19,0,0,0,19
10/13/2014,BFM,AL,ASO,CE,Federal Contract Tower,4,7,14,5,30,0,2,3,1,6,4,9,17,6,36,0,4,4,40
10/14/2014,BFM,AL,ASO,CE,Federal Contract Tower,6,8,17,82,113,0,5,12,32,49,6,13,29,114,162,0,158,158,320
10/15/2014,BFM,AL,ASO,CE,Federal Contract Tower,6,7,18,37,68,0,2,25,33,60,6,9,43,70,128,8,196,204,332
10/16/2014,BFM,AL,ASO,CE,Federal Contract Tower,6,7,18,36,67,0,6,34,27,67,6,13,52,63,134,4,120,124,258
10/17/2014,BFM,AL,ASO,CE,Federal Contract Tower,6,6,7,13,32,0,5,25,20,50,6,11,32,33,82,24,116,140,222
10/18/2014,BFM,AL,ASO,CE,Federal Contract Tower,5,2,12,11,30,0,2,32,8,42,5,4,44,19,72,4,22,26,98
10/19/2014,BFM,AL,ASO,CE,Federal Contract Tower,4,2,6,20,32,0,0,12,6,18,4,2,18,26,50,0,24,24,74
10/20/2014,BFM,AL,ASO,CE,Federal Contract Tower,7,4,14,32,57,0,2,27,28,57,7,6,41,60,114,6,112,118,232
10/21/2014,BFM,AL,ASO,CE,Federal Contract Tower,9,7,18,59,93,0,4,23,37,64,9,11,41,96,157,6,142,148,305
10/22/2014,BFM,AL,ASO,CE,Federal Contract Tower,9,7,21,48,85,0,1,22,27,50,9,8,43,75,135,10,104,114,249
10/23/2014,BFM,AL,ASO,CE,Federal Contract Tower,11,8,20,33,72,0,2,37,38,77,11,10,57,71,149,24,180,204,353
10/24/2014,BFM,AL,ASO,CE,Federal Contract Tower,7,7,19,50,83,0,1,30,8,39,7,8,49,58,122,16,54,70,192
10/25/2014,BFM,AL,ASO,CE,Federal Contract Tower,2,2,11,8,23,0,0,13,2,15,2,2,24,10,38,0,0,0,38
10/26/2014,BFM,AL,ASO,CE,Federal Contract Tower,1,2,11,8,22,0,0,11,5,16,1,2,22,13,38,0,24,24,62
10/27/2014,BFM,AL,ASO,CE,Federal Contract Tower,4,4,17,39,64,0,5,31,32,68,4,9,48,71,132,16,138,154,286
10/28/2014,BFM,AL,ASO,CE,Federal Contract Tower,8,12,13,39,72,0,2,8,27,37,8,14,21,66,109,10,122,132,241
10/29/2014,BFM,AL,ASO,CE,Federal Contract Tower,9,6,21,54,90,0,4,13,25,42,9,10,34,79,132,2,124,126,258
10/30/2014,BFM,AL,ASO,CE,Federal Contract Tower,7,10,21,59,97,0,0,18,31,49,7,10,39,90,146,2,136,138,284
10/31/2014,BFM,AL,ASO,CE,Federal Contract Tower,4,8,9,13,34,0,0,29,15,44,4,8,38,28,78,26,110,136,214
11/01/2014,BFM,AL,ASO,CE,Federal Contract Tower,3,2,1,7,13,2,0,15,6,23,5,2,16,13,36,12,0,12,48
11/02/2014,BFM,AL,ASO,CE,Federal Contract Tower,4,0,5,2,11,0,2,16,2,20,4,2,21,4,31,0,0,0,31
11/03/2014,BFM,AL,ASO,CE,Federal Contract Tower,4,9,10,12,35,0,6,15,16,37,4,15,25,28,72,2,104,106,178
11/04/2014,BFM,AL,ASO,CE,Federal Contract Tower,8,8,15,17,48,0,2,27,13,42,8,10,42,30,90,14,66,80,170
11/05/2014,BFM,AL,ASO,CE,Federal Contract Tower,8,10,46,19,83,0,4,20,10,34,8,14,66,29,117,0,118,118,235
11/06/2014,BFM,AL,ASO,CE,Federal Contract Tower,6,7,20,17,50,0,2,16,9,27,6,9,36,26,77,8,104,112,189
11/07/2014,BFM,AL,ASO,CE,Federal Contract Tower,8,7,26,28,69,0,8,31,18,57,8,15,57,46,126,12,122,134,260
11/08/2014,BFM,AL,ASO,CE,Federal Contract Tower,2,2,32,4,40,0,3,25,8,36,2,5,57,12,76,24,2,26,102
11/09/2014,BFM,AL,ASO,CE,Federal Contract Tower,2,4,13,7,26,0,2,11,7,20,2,6,24,14,46,2,16,18,64
11/10/2014,BFM,AL,ASO,CE,Federal Contract Tower,2,7,11,8,28,0,0,20,24,44,2,7,31,32,72,2,102,104,176
11/11/2014,BFM,AL,ASO,CE,Federal Contract Tower,6,7,16,0,29,0,3,33,0,36,6,10,49,0,65,20,0,20,85
11/12/2014,BFM,AL,ASO,CE,Federal Contract Tower,6,6,23,14,49,0,1,8,9,18,6,7,31,23,67,0,74,74,141
11/13/2014,BFM,AL,ASO,CE,Federal Contract Tower,7,8,17,8,40,0,0,5,4,9,7,8,22,12,49,4,70,74,123
11/14/2014,BFM,AL,ASO,CE,Federal Contract Tower,7,9,16,13,45,0,5,11,22,38,7,14,27,35,83,2,128,130,213
11/15/2014,BFM,AL,ASO,CE,Federal Contract Tower,2,2,15,0,19,0,0,28,2,30,2,2,43,2,49,4,14,18,67
11/16/2014,BFM,AL,ASO,CE,Federal Contract Tower,1,0,7,0,8,0,0,11,2,13,1,0,18,2,21,0,12,12,33
11/17/2014,BFM,AL,ASO,CE,Federal Contract Tower,1,6,19,10,36,0,0,9,18,27,1,6,28,28,63,8,98,106,169
11/18/2014,BFM,AL,ASO,CE,Federal Contract Tower,7,13,24,13,57,0,4,22,32,58,7,17,46,45,115,4,154,158,273
11/19/2014,BFM,AL,ASO,CE,Federal Contract Tower,12,9,22,12,55,0,2,34,28,64,12,11,56,40,119,10,146,156,275
11/20/2014,BFM,AL,ASO,CE,Federal Contract Tower,10,6,21,22,59,0,1,35,22,58,10,7,56,44,117,2,100,102,219
11/21/2014,BFM,AL,ASO,CE,Federal Contract Tower,10,10,11,13,44,0,0,47,16,63,10,10,58,29,107,32,80,112,219
11/22/2014,BFM,AL,ASO,CE,Federal Contract Tower,6,4,10,5,25,0,0,18,3,21,6,4,28,8,46,4,0,4,50
11/23/2014,BFM,AL,ASO,CE,Federal Contract Tower,3,1,0,0,4,0,2,3,1,6,3,3,3,1,10,0,0,0,10
11/24/2014,BFM,AL,ASO,CE,Federal Contract Tower,6,4,12,19,41,0,2,26,19,47,6,6,38,38,88,4,170,174,262
11/25/2014,BFM,AL,ASO,CE,Federal Contract Tower,8,5,11,16,40,0,5,15,10,30,8,10,26,26,70,0,20,20,90
11/26/2014,BFM,AL,ASO,CE,Federal Contract Tower,7,8,10,0,25,0,2,24,0,26,7,10,34,0,51,0,0,0,51
11/27/2014,BFM,AL,ASO,CE,Federal Contract Tower,1,0,0,0,1,0,0,6,0,6,1,0,6,0,7,2,0,2,9
11/28/2014,BFM,AL,ASO,CE,Federal Contract Tower,5,9,5,0,19,0,0,16,0,16,5,9,21,0,35,2,0,2,37
11/29/2014,BFM,AL,ASO,CE,Federal Contract Tower,2,2,7,0,11,0,0,10,0,10,2,2,17,0,21,0,0,0,21
11/30/2014,BFM,AL,ASO,CE,Federal Contract Tower,2,0,16,0,18,0,0,9,0,9,2,0,25,0,27,0,0,0,27
12/01/2014,BFM,AL,ASO,CE,Federal Contract Tower,2,3,15,20,40,0,2,13,24,39,2,5,28,44,79,2,174,176,255
12/02/2014,BFM,AL,ASO,CE,Federal Contract Tower,11,17,21,19,68,0,5,25,41,71,11,22,46,60,139,36,156,192,331
12/03/2014,BFM,AL,ASO,CE,Federal Contract Tower,9,8,10,20,47,0,1,27,13,41,9,9,37,33,88,12,68,80,168
12/04/2014,BFM,AL,ASO,CE,Federal Contract Tower,8,11,9,20,48,0,2,17,31,50,8,13,26,51,98,10,118,128,226
12/05/2014,BFM,AL,ASO,CE,Federal Contract Tower,9,9,10,2,30,0,0,16,29,45,9,9,26,31,75,6,200,206,281
12/06/2014,BFM,AL,ASO,CE,Federal Contract Tower,6,4,11,16,37,0,0,14,0,14,6,4,25,16,51,0,0,0,51
12/07/2014,BFM,AL,ASO,CE,Federal Contract Tower,2,0,8,2,12,0,0,13,2,15,2,0,21,4,27,10,6,16,43
12/08/2014,BFM,AL,ASO,CE,Federal Contract Tower,3,4,16,20,43,0,2,23,18,43,3,6,39,38,86,10,66,76,162
12/09/2014,BFM,AL,ASO,CE,Federal Contract Tower,6,7,18,18,49,0,4,25,22,51,6,11,43,40,100,10,122,132,232
12/10/2014,BFM,AL,ASO,CE,Federal Contract Tower,6,6,21,23,56,0,6,13,17,36,6,12,34,40,92,10,78,88,180
12/11/2014,BFM,AL,ASO,CE,Federal Contract Tower,6,11,26,20,63,0,2,31,10,43,6,13,57,30,106,4,100,104,210
12/12/2014,BFM,AL,ASO,CE,Federal Contract Tower,5,5,9,3,22,0,4,27,30,61,5,9,36,33,83,4,254,258,341
12/13/2014,BFM,AL,ASO,CE,Federal Contract Tower,2,2,4,2,10,0,0,17,0,17,2,2,21,2,27,4,0,4,31
12/14/2014,BFM,AL,ASO,CE,Federal Contract Tower,2,0,2,2,6,0,0,11,0,11,2,0,13,2,17,4,0,4,21
12/15/2014,BFM,AL,ASO,CE,Federal Contract Tower,3,7,5,17,32,0,0,14,12,26,3,7,19,29,58,2,66,68,126
12/16/2014,BFM,AL,ASO,CE,Federal Contract Tower,9,12,15,52,88,0,0,24,21,45,9,12,39,73,133,36,150,186,319
12/17/2014,BFM,AL,ASO,CE,Federal Contract Tower,6,7,17,25,55,0,0,20,14,34,6,7,37,39,89,0,94,94,183
12/18/2014,BFM,AL,ASO,CE,Federal Contract Tower,6,9,14,24,53,0,2,26,23,51,6,11,40,47,104,4,110,114,218
12/19/2014,BFM,AL,ASO,CE,Federal Contract Tower,5,9,15,4,33,0,0,6,0,6,5,9,21,4,39,0,0,0,39
12/20/2014,BFM,AL,ASO,CE,Federal Contract Tower,2,2,3,0,7,0,0,0,0,0,2,2,3,0,7,0,0,0,7
12/21/2014,BFM,AL,ASO,CE,Federal Contract Tower,1,1,5,0,7,0,0,2,0,2,1,1,7,0,9,0,0,0,9
12/22/2014,BFM,AL,ASO,CE,Federal Contract Tower,4,6,7,0,17,0,0,3,0,3,4,6,10,0,20,0,0,0,20
12/23/2014,BFM,AL,ASO,CE,Federal Contract Tower,7,6,2,0,15,0,0,0,0,0,7,6,2,0,15,0,0,0,15
12/24/2014,BFM,AL,ASO,CE,Federal Contract Tower,4,7,6,2,19,0,0,5,0,5,4,7,11,2,24,0,0,0,24
12/25/2014,BFM,AL,ASO,CE,Federal Contract Tower,0,0,4,0,4,0,2,7,0,9,0,2,11,0,13,0,0,0,13
12/26/2014,BFM,AL,ASO,CE,Federal Contract Tower,7,6,4,0,17,0,0,13,0,13,7,6,17,0,30,14,0,14,44
12/27/2014,BFM,AL,ASO,CE,Federal Contract Tower,2,1,9,0,12,0,0,3,0,3,2,1,12,0,15,10,0,10,25
12/28/2014,BFM,AL,ASO,CE,Federal Contract Tower,1,0,7,0,8,0,0,1,0,1,1,0,8,0,9,0,0,0,9
12/29/2014,BFM,AL,ASO,CE,Federal Contract Tower,4,4,12,6,26,0,0,1,2,3,4,4,13,8,29,0,0,0,29
12/30/2014,BFM,AL,ASO,CE,Federal Contract Tower,11,7,7,15,40,0,2,9,6,17,11,9,16,21,57,0,44,44,101
12/31/2014,BFM,AL,ASO,CE,Federal Contract Tower,13,6,14,0,33,0,3,10,0,13,13,9,24,0,46,10,0,10,56
01/01/2015,BFM,AL,ASO,CE,Federal Contract Tower,0,0,7,0,7,0,0,7,0,7,0,0,14,0,14,2,0,2,16
01/02/2015,BFM,AL,ASO,CE,Federal Contract Tower,10,6,15,0,31,0,0,2,0,2,10,6,17,0,33,26,0,26,59
01/03/2015,BFM,AL,ASO,CE,Federal Contract Tower,2,1,4,0,7,0,0,0,0,0,2,1,4,0,7,0,0,0,7
01/04/2015,BFM,AL,ASO,CE,Federal Contract Tower,4,4,7,0,15,0,0,8,0,8,4,4,15,0,23,26,0,26,49
01/05/2015,BFM,AL,ASO,CE,Federal Contract Tower,8,4,16,2,30,0,4,30,10,44,8,8,46,12,74,10,44,54,128
01/06/2015,BFM,AL,ASO,CE,Federal Contract Tower,9,9,13,7,38,0,7,12,8,27,9,16,25,15,65,8,28,36,101
01/07/2015,BFM,AL,ASO,CE,Federal Contract Tower,7,6,15,29,57,0,2,15,23,40,7,8,30,52,97,12,170,182,279
01/08/2015,BFM,AL,ASO,CE,Federal Contract Tower,6,10,14,8,38,0,0,17,8,25,6,10,31,16,63,6,42,48,111
01/09/2015,BFM,AL,ASO,CE,Federal Contract Tower,6,6,7,6,25,0,0,11,4,15,6,6,18,10,40,18,24,42,82
01/10/2015,BFM,AL,ASO,CE,Federal Contract Tower,4,2,5,2,13,0,1,30,4,35,4,3,35,6,48,22,8,30,78
01/11/2015,BFM,AL,ASO,CE,Federal Contract Tower,6,0,1,9,16,0,2,6,0,8,6,2,7,9,24,16,0,16,40
01/12/2015,BFM,AL,ASO,CE,Federal Contract Tower,4,2,4,3,13,0,1,9,3,13,4,3,13,6,26,0,32,32,58
01/13/2015,BFM,AL,ASO,CE,Federal Contract Tower,6,8,21,36,71,0,1,6,0,7,6,9,27,36,78,0,0,0,78
01/14/2015,BFM,AL,ASO,CE,Federal Contract Tower,6,13,26,13,58,0,0,4,3,7,6,13,30,16,65,0,52,52,117
01/15/2015,BFM,AL,ASO,CE,Federal Contract Tower,7,6,18,0,31,0,0,0,0,0,7,6,18,0,31,0,0,0,31
01/16/2015,BFM,AL,ASO,CE,Federal Contract Tower,5,5,16,19,45,0,0,37,15,52,5,5,53,34,97,26,102,128,225
01/17/2015,BFM,AL,ASO,CE,Federal Contract Tower,3,2,7,0,12,0,0,31,10,41,3,2,38,10,53,2,74,76,129
01/18/2015,BFM,AL,ASO,CE,Federal Contract Tower,1,0,4,0,5,0,2,16,4,22,1,2,20,4,27,12,10,22,49
01/19/2015,BFM,AL,ASO,CE,Federal Contract Tower,3,2,16,0,21,0,2,26,0,28,3,4,42,0,49,8,0,8,57
01/20/2015,BFM,AL,ASO,CE,Federal Contract Tower,7,8,25,2,42,0,4,22,20,46,7,12,47,22,88,22,106,128,216
01/21/2015,BFM,AL,ASO,CE,Federal Contract Tower,6,6,23,24,59,0,0,15,21,36,6,6,38,45,95,0,88,88,183
01/22/2015,BFM,AL,ASO,CE,Federal Contract Tower,7,14,24,9,54,0,4,13,13,30,7,18,37,22,84,56,64,120,204
01/23/2015,BFM,AL,ASO,CE,Federal Contract Tower,7,9,14,0,30,0,0,0,0,0,7,9,14,0,30,0,0,0,30
01/24/2015,BFM,AL,ASO,CE,Federal Contract Tower,2,3,6,0,11,0,1,24,2,27,2,4,30,2,38,14,0,14,52
01/25/2015,BFM,AL,ASO,CE,Federal Contract Tower,3,0,7,1,11,0,2,18,9,29,3,2,25,10,40,8,30,38,78
01/26/2015,BFM,AL,ASO,CE,Federal Contract Tower,7,8,16,49,80,0,5,19,23,47,7,13,35,72,127,68,92,160,287
01/27/2015,BFM,AL,ASO,CE,Federal Contract Tower,6,11,13,8,38,0,5,14,17,36,6,16,27,25,74,6,134,140,214
01/28/2015,BFM,AL,ASO,CE,Federal Contract Tower,8,13,21,33,75,0,8,20,29,57,8,21,41,62,132,10,144,154,286
01/29/2015,BFM,AL,ASO,CE,Federal Contract Tower,7,12,18,9,46,0,7,17,16,40,7,19,35,25,86,2,72,74,160
01/30/2015,BFM,AL,ASO,CE,Federal Contract Tower,6,6,10,14,36,0,2,16,10,28,6,8,26,24,64,10,70,80,144
01/31/2015,BFM,AL,ASO,CE,Federal Contract Tower,3,4,1,4,12,0,0,29,3,32,3,4,30,7,44,24,0,24,68
02/01/2015,BFM,AL,ASO,CE,Federal Contract Tower,1,0,5,0,6,0,0,2,0,2,1,0,7,0,8,0,0,0,8
02/02/2015,BFM,AL,ASO,CE,Federal Contract Tower,2,4,15,21,42,0,0,15,27,42,2,4,30,48,84,24,196,220,304
02/03/2015,BFM,AL,ASO,CE,Federal Contract Tower,8,8,16,21,53,0,6,20,15,41,8,14,36,36,94,6,84,90,184
02/04/2015,BFM,AL,ASO,CE,Federal Contract Tower,7,4,12,6,29,0,0,1,2,3,7,4,13,8,32,0,8,8,40
02/05/2015,BFM,AL,ASO,CE,Federal Contract Tower,7,12,15,34,68,0,2,19,30,51,7,14,34,64,119,16,178,194,313
02/06/2015,BFM,AL,ASO,CE,Federal Contract Tower,6,6,25,18,55,0,0,25,14,39,6,6,50,32,94,16,142,158,252
02/07/2015,BFM,AL,ASO,CE,Federal Contract Tower,2,2,10,5,19,0,0,32,6,38,2,2,42,11,57,14,12,26,83
02/08/2015,BFM,AL,ASO,CE,Federal Contract Tower,1,1,12,8,22,0,0,10,2,12,1,1,22,10,34,2,24,26,60
02/09/2015,BFM,AL,ASO,CE,Federal Contract Tower,2,4,17,30,53,0,1,12,13,26,2,5,29,43,79,10,48,58,137
02/10/2015,BFM,AL,ASO,CE,Federal Contract Tower,7,8,22,14,51,0,6,23,17,46,7,14,45,31,97,8,84,92,189
02/11/2015,BFM,AL,ASO,CE,Federal Contract Tower,7,5,24,10,46,0,6,29,15,50,7,11,53,25,96,24,88,112,208
02/12/2015,BFM,AL,ASO,CE,Federal Contract Tower,7,6,22,22,57,0,7,16,18,41,7,13,38,40,98,14,88,102,200
02/13/2015,BFM,AL,ASO,CE,Federal Contract Tower,6,6,20,15,47,0,0,13,13,26,6,6,33,28,73,14,146,160,233
02/14/2015,BFM,AL,ASO,CE,Federal Contract Tower,2,4,15,0,21,0,0,17,0,17,2,4,32,0,38,18,0,18,56
02/15/2015,BFM,AL,ASO,CE,Federal Contract Tower,3,0,9,4,16,0,2,17,2,21,3,2,26,6,37,14,16,30,67
02/16/2015,BFM,AL,ASO,CE,Federal Contract Tower,2,5,6,0,13,0,5,5,0,10,2,10,11,0,23,10,0,10,33
02/17/2015,BFM,AL,ASO,CE,Federal Contract Tower,2,7,1,3,13,0,4,1,7,12,2,11,2,10,25,0,64,64,89
02/18/2015,BFM,AL,ASO,CE,Federal Contract Tower,5,7,20,9,41,0,0,7,19,26,5,7,27,28,67,6,86,92,159
02/19/2015,BFM,AL,ASO,CE,Federal Contract Tower,9,6,20,31,66,0,3,16,17,36,9,9,36,48,102,20,60,80,182
02/20/2015,BFM,AL,ASO,CE,Federal Contract Tower,3,8,19,15,45,0,1,27,7,35,3,9,46,22,80,46,80,126,206
02/21/2015,BFM,AL,ASO,CE,Federal Contract Tower,3,4,12,6,25,0,4,13,1,18,3,8,25,7,43,28,0,28,71
02/22/2015,BFM,AL,ASO,CE,Federal Contract Tower,5,0,12,2,19,0,1,3,0,4,5,1,15,2,23,0,2,2,25
02/23/2015,BFM,AL,ASO,CE,Federal Contract Tower,3,4,18,6,31,0,0,1,0,1,3,4,19,6,32,0,0,0,32
02/24/2015,BFM,AL,ASO,CE,Federal Contract Tower,7,10,20,5,42,0,0,1,1,2,7,10,21,6,44,0,8,8,52
02/25/2015,BFM,AL,ASO,CE,Federal Contract Tower,8,5,3,8,24,0,0,0,0,0,8,5,3,8,24,0,0,0,24
02/26/2015,BFM,AL,ASO,CE,Federal Contract Tower,8,8,23,10,49,0,5,17,18,40,8,13,40,28,89,16,166,182,271
02/27/2015,BFM,AL,ASO,CE,Federal Contract Tower,6,7,23,23,59,0,2,23,10,35,6,9,46,33,94,16,70,86,180
02/28/2015,BFM,AL,ASO,CE,Federal Contract Tower,2,6,3,3,14,0,0,24,4,28,2,6,27,7,42,10,2,12,54
03/01/2015,BFM,AL,ASO,CE,Federal Contract Tower,2,0,6,1,9,0,0,0,0,0,2,0,6,1,9,0,0,0,9
03/02/2015,BFM,AL,ASO,CE,Federal Contract Tower,2,4,8,2,16,0,0,0,0,0,2,4,8,2,16,0,0,0,16
03/03/2015,BFM,AL,ASO,CE,Federal Contract Tower,5,5,24,14,48,0,3,2,6,11,5,8,26,20,59,0,100,100,159
03/04/2015,BFM,AL,ASO,CE,Federal Contract Tower,4,6,11,4,25,0,1,2,1,4,4,7,13,5,29,0,18,18,47
03/05/2015,BFM,AL,ASO,CE,Federal Contract Tower,1,4,8,5,18,0,0,0,4,4,1,4,8,9,22,0,20,20,42
03/06/2015,BFM,AL,ASO,CE,Federal Contract Tower,6,4,7,8,25,0,1,12,25,38,6,5,19,33,63,4,108,112,175
03/07/2015,BFM,AL,ASO,CE,Federal Contract Tower,4,2,3,3,12,0,0,42,12,54,4,2,45,15,66,64,54,118,184
03/08/2015,BFM,AL,ASO,CE,Federal Contract Tower,3,0,10,0,13,0,0,22,4,26,3,0,32,4,39,14,34,48,87
03/09/2015,BFM,AL,ASO,CE,Federal Contract Tower,7,4,17,15,43,0,0,6,3,9,7,4,23,18,52,36,22,58,110
03/10/2015,BFM,AL,ASO,CE,Federal Contract Tower,9,4,16,11,40,0,3,5,2,10,9,7,21,13,50,2,26,28,78
03/11/2015,BFM,AL,ASO,CE,Federal Contract Tower,12,6,13,2,33,0,0,0,0,0,12,6,13,2,33,0,0,0,33
03/12/2015,BFM,AL,ASO,CE,Federal Contract Tower,11,9,17,3,40,0,0,2,1,3,11,9,19,4,43,4,0,4,47
03/13/2015,BFM,AL,ASO,CE,Federal Contract Tower,10,10,7,11,38,0,0,0,0,0,10,10,7,11,38,0,0,0,38
03/14/2015,BFM,AL,ASO,CE,Federal Contract Tower,6,4,15,3,28,0,0,14,7,21,6,4,29,10,49,8,6,14,63
03/15/2015,BFM,AL,ASO,CE,Federal Contract Tower,1,0,11,6,18,0,1,24,6,31,1,1,35,12,49,26,4,30,79
03/16/2015,BFM,AL,ASO,CE,Federal Contract Tower,3,8,14,19,44,0,2,30,14,46,3,10,44,33,90,8,108,116,206
03/17/2015,BFM,AL,ASO,CE,Federal Contract Tower,8,7,18,27,60,0,2,17,35,54,8,9,35,62,114,28,136,164,278
03/18/2015,BFM,AL,ASO,CE,Federal Contract Tower,7,4,13,20,44,0,4,23,16,43,7,8,36,36,87,14,84,98,185
03/19/2015,BFM,AL,ASO,CE,Federal Contract Tower,5,5,22,8,40,0,1,13,17,31,5,6,35,25,71,18,56,74,145
03/20/2015,BFM,AL,ASO,CE,Federal Contract Tower,5,7,28,16,56,0,0,58,4,62,5,7,86,20,118,12,10,22,140
03/21/2015,BFM,AL,ASO,CE,Federal Contract Tower,2,2,2,1,7,0,1,32,4,37,2,3,34,5,44,18,18,36,80
03/22/2015,BFM,AL,ASO,CE,Federal Contract Tower,1,6,6,0,13,0,0,1,2,3,1,6,7,2,16,0,0,0,16
03/23/2015,BFM,AL,ASO,CE,Federal Contract Tower,4,4,8,21,37,0,0,11,18,29,4,4,19,39,66,8,108,116,182
03/24/2015,BFM,AL,ASO,CE,Federal Contract Tower,6,9,12,47,74,0,3,18,17,38,6,12,30,64,112,10,132,142,254
03/25/2015,BFM,AL,ASO,CE,Federal Contract Tower,8,14,18,13,53,0,2,18,17,37,8,16,36,30,90,18,100,118,208
03/26/2015,BFM,AL,ASO,CE,Federal Contract Tower,7,3,12,0,22,0,0,1,2,3,7,3,13,2,25,0,16,16,41
03/27/2015,BFM,AL,ASO,CE,Federal Contract Tower,5,8,24,25,62,0,0,27,20,47,5,8,51,45,109,34,118,152,261
03/28/2015,BFM,AL,ASO,CE,Federal Contract Tower,2,1,11,7,21,0,0,26,9,35,2,1,37,16,56,8,18,26,82
03/29/2015,BFM,AL,ASO,CE,Federal Contract Tower,2,1,6,15,24,0,0,14,1,15,2,1,20,16,39,10,0,10,49
03/30/2015,BFM,AL,ASO,CE,Federal Contract Tower,2,12,19,4,37,0,0,12,17,29,2,12,31,21,66,8,48,56,122
03/31/2015,BFM,AL,ASO,CE,Federal Contract Tower,9,9,13,7,38,0,2,23,34,59,9,11,36,41,97,6,194,200,297
04/01/2015,BFM,AL,ASO,CE,Federal Contract Tower,8,7,11,8,34,0,4,31,13,48,8,11,42,21,82,8,122,130,212
04/02/2015,BFM,AL,ASO,CE,Federal Contract Tower,7,9,17,15,48,0,2,28,22,52,7,11,45,37,100,2,84,86,186
04/03/2015,BFM,AL,ASO,CE,Federal Contract Tower,5,6,24,8,43,0,0,24,7,31,5,6,48,15,74,8,38,46,120
04/04/2015,BFM,AL,ASO,CE,Federal Contract Tower,9,3,10,4,26,0,0,15,2,17,9,3,25,6,43,12,10,22,65
04/05/2015,BFM,AL,ASO,CE,Federal Contract Tower,5,0,4,0,9,0,2,10,3,15,5,2,14,3,24,10,12,22,46
04/06/2015,BFM,AL,ASO,CE,Federal Contract Tower,5,7,8,21,41,0,3,3,6,12,5,10,11,27,53,0,68,68,121
04/07/2015,BFM,AL,ASO,CE,Federal Contract Tower,6,9,18,24,57,0,5,27,13,45,6,14,45,37,102,84,64,148,250
04/08/2015,BFM,AL,ASO,CE,Federal Contract Tower,10,6,20,9,45,0,2,21,8,31,10,8,41,17,76,6,60,66,142
04/09/2015,BFM,AL,ASO,CE,Federal Contract Tower,6,8,27,17,58,0,2,17,22,41,6,10,44,39,99,18,144,162,261
04/10/2015,BFM,AL,ASO,CE,Federal Contract Tower,5,6,14,8,33,0,0,10,7,17,5,6,24,15,50,0,50,50,100
04/11/2015,BFM,AL,ASO,CE,Federal Contract Tower,5,2,5,0,12,0,0,2,0,2,5,2,7,0,14,0,0,0,14
04/12/2015,BFM,AL,ASO,CE,Federal Contract Tower,1,2,8,2,13,0,0,0,0,0,1,2,8,2,13,0,0,0,13
04/13/2015,BFM,AL,ASO,CE,Federal Contract Tower,3,2,10,0,15,0,0,1,0,1,3,2,11,0,16,0,0,0,16
04/14/2015,BFM,AL,ASO,CE,Federal Contract Tower,7,4,3,0,14,0,0,0,0,0,7,4,3,0,14,0,0,0,14
04/15/2015,BFM,AL,ASO,CE,Federal Contract Tower,6,15,19,2,42,0,1,6,7,14,6,16,25,9,56,4,38,42,98
04/16/2015,BFM,AL,ASO,CE,Federal Contract Tower,6,7,13,17,43,0,0,10,15,25,6,7,23,32,68,0,116,116,184
04/17/2015,BFM,AL,ASO,CE,Federal Contract Tower,8,11,7,17,43,0,0,6,7,13,8,11,13,24,56,30,46,76,132
04/18/2015,BFM,AL,ASO,CE,Federal Contract Tower,2,3,11,2,18,0,0,3,2,5,2,3,14,4,23,0,0,0,23
04/19/2015,BFM,AL,ASO,CE,Federal Contract Tower,2,3,5,3,13,0,0,11,2,13,2,3,16,5,26,12,12,24,50
04/20/2015,BFM,AL,ASO,CE,Federal Contract Tower,3,5,17,32,57,0,2,30,26,58,3,7,47,58,115,6,76,82,197
04/21/2015,BFM,AL,ASO,CE,Federal Contract Tower,7,6,20,17,50,0,2,32,14,48,7,8,52,31,98,16,108,124,222
04/22/2015,BFM,AL,ASO,CE,Federal Contract Tower,7,9,21,17,54,0,1,25,20,46,7,10,46,37,100,0,84,84,184
04/23/2015,BFM,AL,ASO,CE,Federal Contract Tower,7,6,28,9,50,0,0,16,27,43,7,6,44,36,93,14,170,184,277
04/24/2015,BFM,AL,ASO,CE,Federal Contract Tower,6,8,16,12,42,0,2,27,9,38,6,10,43,21,80,36,42,78,158
04/25/2015,BFM,AL,ASO,CE,Federal Contract Tower,5,2,1,0,8,0,3,0,0,3,5,5,1,0,11,0,0,0,11
04/26/2015,BFM,AL,ASO,CE,Federal Contract Tower,1,5,4,3,13,0,0,15,8,23,1,5,19,11,36,0,0,0,36
04/27/2015,BFM,AL,ASO,CE,Federal Contract Tower,2,6,15,2,25,0,0,2,0,2,2,6,17,2,27,0,0,0,27
04/28/2015,BFM,AL,ASO,CE,Federal Contract Tower,7,6,13,5,31,0,3,13,10,26,7,9,26,15,57,0,10,10,67
04/29/2015,BFM,AL,ASO,CE,Federal Contract Tower,8,7,28,17,60,0,1,22,36,59,8,8,50,53,119,68,100,168,287
04/30/2015,BFM,AL,ASO,CE,Federal Contract Tower,8,9,14,12,43,0,0,34,46,80,8,9,48,58,123,26,200,226,349
05/01/2015,BFM,AL,ASO,CE,Federal Contract Tower,7,5,19,15,46,0,2,29,14,45,7,7,48,29,91,0,62,62,153
05/02/2015,BFM,AL,ASO,CE,Federal Contract Tower,7,2,3,3,15,0,1,25,8,34,7,3,28,11,49,10,48,58,107
05/03/2015,BFM,AL,ASO,CE,Federal Contract Tower,1,0,4,0,5,0,0,18,9,27,1,0,22,9,32,16,74,90,122
05/04/2015,BFM,AL,ASO,CE,Federal Contract Tower,3,4,8,20,35,0,2,25,17,44,3,6,33,37,79,42,50,92,171
05/05/2015,BFM,AL,ASO,CE,Federal Contract Tower,9,16,11,20,56,0,2,17,29,48,9,18,28,49,104,56,174,230,334
05/06/2015,BFM,AL,ASO,CE,Federal Contract Tower,6,6,22,32,66,0,2,26,18,46,6,8,48,50,112,60,122,182,294
05/07/2015,BFM,AL,ASO,CE,Federal Contract Tower,6,8,24,18,56,0,2,48,29,79,6,10,72,47,135,66,156,222,357
05/08/2015,BFM,AL,ASO,CE,Federal Contract Tower,5,6,16,32,59,0,0,33,39,72,5,6,49,71,131,28,330,358,489
05/09/2015,BFM,AL,ASO,CE,Federal Contract Tower,2,2,8,13,25,0,2,20,6,28,2,4,28,19,53,18,12,30,83
05/10/2015,BFM,AL,ASO,CE,Federal Contract Tower,1,1,12,3,17,0,0,8,3,11,1,1,20,6,28,0,30,30,58
05/11/2015,BFM,AL,ASO,CE,Federal Contract Tower,3,4,21,35,63,0,1,28,24,53,3,5,49,59,116,22,120,142,258
05/12/2015,BFM,AL,ASO,CE,Federal Contract Tower,6,6,15,25,52,0,1,12,6,19,6,7,27,31,71,22,48,70,141
05/13/2015,BFM,AL,ASO,CE,Federal Contract Tower,8,8,17,9,42,0,5,34,17,56,8,13,51,26,98,32,100,132,230
05/14/2015,BFM,AL,ASO,CE,Federal Contract Tower,8,7,20,26,61,0,3,19,19,41,8,10,39,45,102,0,102,102,204
05/15/2015,BFM,AL,ASO,CE,Federal Contract Tower,7,7,14,10,38,0,0,21,10,31,7,7,35,20,69,28,46,74,143
05/16/2015,BFM,AL,ASO,CE,Federal Contract Tower,6,5,3,0,14,0,0,9,1,10,6,5,12,1,24,0,0,0,24
05/17/2015,BFM,AL,ASO,CE,Federal Contract Tower,4,5,7,4,20,0,1,15,1,17,4,6,22,5,37,16,2,18,55
05/18/2015,BFM,AL,ASO,CE,Federal Contract Tower,4,7,27,19,57,0,3,23,25,51,4,10,50,44,108,20,112,132,240
05/19/2015,BFM,AL,ASO,CE,Federal Contract Tower,6,8,4,21,39,0,3,22,25,50,6,11,26,46,89,54,124,178,267
05/20/2015,BFM,AL,ASO,CE,Federal Contract Tower,9,10,22,13,54,0,0,21,37,58,9,10,43,50,112,12,92,104,216
05/21/2015,BFM,AL,ASO,CE,Federal Contract Tower,9,5,22,19,55,0,0,12,16,28,9,5,34,35,83,0,74,74,157
05/22/2015,BFM,AL,ASO,CE,Federal Contract Tower,12,6,28,21,67,0,3,31,12,46,12,9,59,33,113,40,62,102,215
05/23/2015,BFM,AL,ASO,CE,Federal Contract Tower,2,1,6,1,10,0,0,25,0,25,2,1,31,1,35,38,0,38,73
05/24/2015,BFM,AL,ASO,CE,Federal Contract Tower,5,0,2,0,7,0,0,6,2,8,5,0,8,2,15,2,0,2,17
05/25/2015,BFM,AL,ASO,CE,Federal Contract Tower,0,4,5,0,9,0,4,5,0,9,0,8,10,0,18,0,0,0,18
05/26/2015,BFM,AL,ASO,CE,Federal Contract Tower,0,10,9,6,25,0,0,3,15,18,0,10,12,21,43,0,156,156,199
05/27/2015,BFM,AL,ASO,CE,Federal Contract Tower,6,9,14,13,42,0,0,28,9,37,6,9,42,22,79,40,58,98,177
05/28/2015,BFM,AL,ASO,CE,Federal Contract Tower,6,6,20,5,37,0,0,10,15,25,6,6,30,20,62,12,62,74,136
05/29/2015,BFM,AL,ASO,CE,Federal Contract Tower,6,7,9,36,58,0,1,27,26,54,6,8,36,62,112,28,194,222,334
05/30/2015,BFM,AL,ASO,CE,Federal Contract Tower,2,6,23,10,41,0,0,34,4,38,2,6,57,14,79,14,10,24,103
05/31/2015,BFM,AL,ASO,CE,Federal Contract Tower,1,0,4,15,20,0,2,6,14,22,1,2,10,29,42,0,110,110,152
06/01/2015,BFM,AL,ASO,CE,Federal Contract Tower,3,4,9,3,19,0,2,10,11,23,3,6,19,14,42,28,80,108,150
06/02/2015,BFM,AL,ASO,CE,Federal Contract Tower,10,6,12,18,46,0,0,15,7,22,10,6,27,25,68,8,50,58,126
06/03/2015,BFM,AL,ASO,CE,Federal Contract Tower,6,6,16,53,81,0,2,15,21,38,6,8,31,74,119,6,62,68,187
06/04/2015,BFM,AL,ASO,CE,Federal Contract Tower,6,7,23,8,44,0,0,14,9,23,6,7,37,17,67,4,60,64,131
06/05/2015,BFM,AL,ASO,CE,Federal Contract Tower,4,8,24,32,68,0,3,40,18,61,4,11,64,50,129,26,138,164,293
06/06/2015,BFM,AL,ASO,CE,Federal Contract Tower,4,2,7,9,22,0,0,22,12,34,4,2,29,21,56,10,5,15,71
06/07/2015,BFM,AL,ASO,CE,Federal Contract Tower,1,4,4,16,25,0,0,16,1,17,1,4,20,17,42,6,10,16,58
06/08/2015,BFM,AL,ASO,CE,Federal Contract Tower,2,3,9,26,40,0,1,28,23,52,2,4,37,49,92,18,122,140,232
06/09/2015,BFM,AL,ASO,CE,Federal Contract Tower,9,6,16,26,57,0,2,3,16,21,9,8,19,42,78,0,94,94,172
06/10/2015,BFM,AL,ASO,CE,Federal Contract Tower,11,7,13,22,53,0,2,48,22,72,11,9,61,44,125,44,112,156,281
06/11/2015,BFM,AL,ASO,CE,Federal Contract Tower,9,6,14,13,42,0,3,19,27,49,9,9,33,40,91,28,158,186,277
06/12/2015,BFM,AL,ASO,CE,Federal Contract Tower,9,6,17,14,46,0,0,18,31,49,9,6,35,45,95,42,192,234,329
06/13/2015,BFM,AL,ASO,CE,Federal Contract Tower,5,2,4,3,14,0,0,12,0,12,5,2,16,3,26,6,0,6,32
06/14/2015,BFM,AL,ASO,CE,Federal Contract Tower,1,1,6,15,23,0,0,9,3,12,1,1,15,18,35,0,20,20,55
06/15/2015,BFM,AL,ASO,CE,Federal Contract Tower,4,4,21,33,62,0,0,30,25,55,4,4,51,58,117,62,142,204,321
06/16/2015,BFM,AL,ASO,CE,Federal Contract Tower,8,13,14,6,41,0,1,20,7,28,8,14,34,13,69,10,108,118,187
06/17/2015,BFM,AL,ASO,CE,Federal Contract Tower,6,7,12,9,34,0,2,32,23,57,6,9,44,32,91,20,130,150,241
06/18/2015,BFM,AL,ASO,CE,Federal Contract Tower,8,7,11,17,43,0,2,50,28,80,8,9,61,45,123,12,144,156,279
06/19/2015,BFM,AL,ASO,CE,Federal Contract Tower,5,8,18,26,57,0,2,39,22,63,5,10,57,48,120,8,108,116,236
06/20/2015,BFM,AL,ASO,CE,Federal Contract Tower,3,7,10,4,24,0,0,31,1,32,3,7,41,5,56,4,0,4,60
06/21/2015,BFM,AL,ASO,CE,Federal Contract Tower,1,0,3,12,16,0,0,8,1,9,1,0,11,13,25,4,2,6,31
06/22/2015,BFM,AL,ASO,CE,Federal Contract Tower,2,1,8,21,32,0,1,8,29,38,2,2,16,50,70,0,140,140,210
06/23/2015,BFM,AL,ASO,CE,Federal Contract Tower,6,5,19,26,56,0,2,13,21,36,6,7,32,47,92,18,112,130,222
06/24/2015,BFM,AL,ASO,CE,Federal Contract Tower,6,7,20,16,49,0,2,16,15,33,6,9,36,31,82,0,100,100,182
06/25/2015,BFM,AL,ASO,CE,Federal Contract Tower,6,6,15,11,38,0,2,23,8,33,6,8,38,19,71,28,26,54,125
06/26/2015,BFM,AL,ASO,CE,Federal Contract Tower,5,9,19,15,48,0,0,30,14,44,5,9,49,29,92,42,131,173,265
06/27/2015,BFM,AL,ASO,CE,Federal Contract Tower,2,2,9,6,19,0,0,11,0,11,2,2,20,6,30,12,0,12,42
06/28/2015,BFM,AL,ASO,CE,Federal Contract Tower,4,0,3,8,15,0,1,2,0,3,4,1,5,8,18,0,0,0,18
06/29/2015,BFM,AL,ASO,CE,Federal Contract Tower,2,2,18,20,42,0,3,13,20,36,2,5,31,40,78,4,128,132,210
06/30/2015,BFM,AL,ASO,CE,Federal Contract Tower,5,3,14,5,27,0,7,19,13,39,5,10,33,18,66,0,60,60,126
07/01/2015,BFM,AL,ASO,CE,Federal Contract Tower,6,5,17,17,45,0,4,20,13,37,6,9,37,30,82,8,18,26,108
07/02/2015,BFM,AL,ASO,CE,Federal Contract Tower,13,5,10,14,42,0,5,43,10,58,13,10,53,24,100,34,32,66,166
07/03/2015,BFM,AL,ASO,CE,Federal Contract Tower,5,5,15,0,25,0,4,19,0,23,5,9,34,0,48,12,0,12,60
07/04/2015,BFM,AL,ASO,CE,Federal Contract Tower,0,0,0,0,0,0,2,2,0,4,0,2,2,0,4,0,0,0,4
07/05/2015,BFM,AL,ASO,CE,Federal Contract Tower,3,0,3,0,6,0,0,4,0,4,3,0,7,0,10,0,0,0,10
07/06/2015,BFM,AL,ASO,CE,Federal Contract Tower,5,4,11,36,56,0,2,20,32,54,5,6,31,68,110,12,190,202,312
07/07/2015,BFM,AL,ASO,CE,Federal Contract Tower,6,3,10,38,57,0,1,27,22,50,6,4,37,60,107,14,172,186,293
07/08/2015,BFM,AL,ASO,CE,Federal Contract Tower,6,7,26,39,78,0,7,28,15,50,6,14,54,54,128,44,96,140,268
07/09/2015,BFM,AL,ASO,CE,Federal Contract Tower,6,9,18,11,44,0,4,22,29,55,6,13,40,40,99,6,130,136,235
07/10/2015,BFM,AL,ASO,CE,Federal Contract Tower,7,5,5,29,46,0,8,20,16,44,7,13,25,45,90,42,88,130,220
07/11/2015,BFM,AL,ASO,CE,Federal Contract Tower,2,3,4,1,10,0,0,20,0,20,2,3,24,1,30,28,0,28,58
07/12/2015,BFM,AL,ASO,CE,Federal Contract Tower,2,0,10,0,12,0,2,13,3,18,2,2,23,3,30,20,0,20,50
07/13/2015,BFM,AL,ASO,CE,Federal Contract Tower,3,5,11,22,41,0,2,22,18,42,3,7,33,40,83,14,40,54,137
07/14/2015,BFM,AL,ASO,CE,Federal Contract Tower,5,4,9,12,30,0,2,21,13,36,5,6,30,25,66,32,86,118,184
07/15/2015,BFM,AL,ASO,CE,Federal Contract Tower,6,5,21,27,59,0,4,19,18,41,6,9,40,45,100,26,102,128,228
07/16/2015,BFM,AL,ASO,CE,Federal Contract Tower,7,4,15,38,64,0,1,20,7,28,7,5,35,45,92,26,32,58,150
07/17/2015,BFM,AL,ASO,CE,Federal Contract Tower,4,4,15,21,44,0,2,23,24,49,4,6,38,45,93,12,46,58,151
07/18/2015,BFM,AL,ASO,CE,Federal Contract Tower,2,2,2,8,14,0,1,17,3,21,2,3,19,11,35,10,6,16,51
07/19/2015,BFM,AL,ASO,CE,Federal Contract Tower,5,0,8,0,13,0,1,10,0,11,5,1,18,0,24,0,0,0,24
07/20/2015,BFM,AL,ASO,CE,Federal Contract Tower,2,5,7,20,34,0,1,23,23,47,2,6,30,43,81,8,86,94,175
07/21/2015,BFM,AL,ASO,CE,Federal Contract Tower,6,4,9,21,40,0,3,18,18,39,6,7,27,39,79,4,66,70,149
07/22/2015,BFM,AL,ASO,CE,Federal Contract Tower,6,4,15,32,57,0,7,31,14,52,6,11,46,46,109,32,122,154,263
07/23/2015,BFM,AL,ASO,CE,Federal Contract Tower,11,9,17,35,72,0,11,27,22,60,11,20,44,57,132,18,166,184,316
07/24/2015,BFM,AL,ASO,CE,Federal Contract Tower,5,4,23,12,44,0,3,18,15,36,5,7,41,27,80,2,114,116,196
07/25/2015,BFM,AL,ASO,CE,Federal Contract Tower,2,2,2,20,26,0,0,21,5,26,2,2,23,25,52,14,24,38,90
07/26/2015,BFM,AL,ASO,CE,Federal Contract Tower,2,2,7,3,14,0,0,15,3,18,2,2,22,6,32,18,0,18,50
07/27/2015,BFM,AL,ASO,CE,Federal Contract Tower,1,2,8,31,42,0,3,24,31,58,1,5,32,62,100,0,174,174,274
07/28/2015,BFM,AL,ASO,CE,Federal Contract Tower,11,6,17,26,60,0,6,28,15,49,11,12,45,41,109,20,66,86,195
07/29/2015,BFM,AL,ASO,CE,Federal Contract Tower,6,6,9,4,25,0,5,21,10,36,6,11,30,14,61,16,28,44,105
07/30/2015,BFM,AL,ASO,CE,Federal Contract Tower,7,4,9,10,30,0,3,21,12,36,7,7,30,22,66,0,72,72,138
07/31/2015,BFM,AL,ASO,CE,Federal Contract Tower,6,7,11,11,35,0,3,33,19,55,6,10,44,30,90,0,58,58,148
08/01/2015,BFM,AL,ASO,CE,Federal Contract Tower,2,2,3,0,7,0,0,20,2,22,2,2,23,2,29,28,0,28,57
08/02/2015,BFM,AL,ASO,CE,Federal Contract Tower,1,0,3,6,10,0,0,11,3,14,1,0,14,9,24,2,12,14,38
08/03/2015,BFM,AL,ASO,CE,Federal Contract Tower,4,2,5,19,30,0,2,24,17,43,4,4,29,36,73,10,96,106,179
08/04/2015,BFM,AL,ASO,CE,Federal Contract Tower,7,6,8,27,48,0,4,22,31,57,7,10,30,58,105,16,160,176,281
08/05/2015,BFM,AL,ASO,CE,Federal Contract Tower,7,2,16,0,25,0,2,14,10,26,7,4,30,10,51,10,60,70,121
08/06/2015,BFM,AL,ASO,CE,Federal Contract Tower,4,4,15,18,41,0,2,23,39,64,4,6,38,57,105,8,214,222,327
08/07/2015,BFM,AL,ASO,CE,Federal Contract Tower,9,4,12,35,60,0,0,28,21,49,9,4,40,56,109,20,114,134,243
08/08/2015,BFM,AL,ASO,CE,Federal Contract Tower,2,2,3,4,11,0,1,28,0,29,2,3,31,4,40,58,0,58,98
08/09/2015,BFM,AL,ASO,CE,Federal Contract Tower,1,0,6,6,13,0,0,7,2,9,1,0,13,8,22,2,0,2,24
08/10/2015,BFM,AL,ASO,CE,Federal Contract Tower,0,2,17,20,39,0,0,24,7,31,0,2,41,27,70,4,66,70,140
08/11/2015,BFM,AL,ASO,CE,Federal Contract Tower,12,4,25,30,71,0,2,23,43,68,12,6,48,73,139,14,140,154,293
08/12/2015,BFM,AL,ASO,CE,Federal Contract Tower,8,7,16,24,55,0,5,19,43,67,8,12,35,67,122,4,174,178,300
08/13/2015,BFM,AL,ASO,CE,Federal Contract Tower,8,4,16,26,54,0,2,31,27,60,8,6,47,53,114,22,104,126,240
08/14/2015,BFM,AL,ASO,CE,Federal Contract Tower,6,4,26,19,55,0,0,35,15,50,6,4,61,34,105,24,46,70,175
08/15/2015,BFM,AL,ASO,CE,Federal Contract Tower,2,4,12,9,27,0,0,7,3,10,2,4,19,12,37,8,4,12,49
08/16/2015,BFM,AL,ASO,CE,Federal Contract Tower,2,0,5,1,8,0,0,1,2,3,2,0,6,3,11,0,6,6,17
08/17/2015,BFM,AL,ASO,CE,Federal Contract Tower,2,4,5,11,22,0,1,2,20,23,2,5,7,31,45,2,156,158,203
08/18/2015,BFM,AL,ASO,CE,Federal Contract Tower,6,5,11,11,33,0,2,16,18,36,6,7,27,29,69,28,174,202,271
08/19/2015,BFM,AL,ASO,CE,Federal Contract Tower,7,6,13,13,39,0,3,11,26,40,7,9,24,39,79,10,150,160,239
08/20/2015,BFM,AL,ASO,CE,Federal Contract Tower,4,10,23,27,64,0,0,12,12,24,4,10,35,39,88,6,106,112,200
08/21/2015,BFM,AL,ASO,CE,Federal Contract Tower,8,6,13,13,40,0,0,27,16,43,8,6,40,29,83,22,148,170,253
08/22/2015,BFM,AL,ASO,CE,Federal Contract Tower,2,4,1,0,7,0,0,25,0,25,2,4,26,0,32,26,0,26,58
08/23/2015,BFM,AL,ASO,CE,Federal Contract Tower,1,0,7,10,18,0,2,3,5,10,1,2,10,15,28,0,8,8,36
08/24/2015,BFM,AL,ASO,CE,Federal Contract Tower,4,4,13,42,63,0,1,28,20,49,4,5,41,62,112,46,114,160,272
08/25/2015,BFM,AL,ASO,CE,Federal Contract Tower,17,3,20,27,67,0,3,30,31,64,17,6,50,58,131,14,148,162,293
08/26/2015,BFM,AL,ASO,CE,Federal Contract Tower,9,4,19,44,76,0,4,23,31,58,9,8,42,75,134,0,196,196,330
08/27/2015,BFM,AL,ASO,CE,Federal Contract Tower,5,6,15,50,76,0,2,30,33,65,5,8,45,83,141,8,200,208,349
08/28/2015,BFM,AL,ASO,CE,Federal Contract Tower,4,8,11,40,63,0,2,34,32,68,4,10,45,72,131,24,268,292,423
08/29/2015,BFM,AL,ASO,CE,Federal Contract Tower,4,2,0,4,10,0,0,27,0,27,4,2,27,4,37,52,0,52,89
08/30/2015,BFM,AL,ASO,CE,Federal Contract Tower,1,2,2,2,7,0,2,14,5,21,1,4,16,7,28,12,2,14,42
08/31/2015,BFM,AL,ASO,CE,Federal Contract Tower,3,2,7,41,53,0,1,19,24,44,3,3,26,65,97,0,188,188,285
09/01/2015,BFM,AL,ASO,CE,Federal Contract Tower,6,6,21,32,65,0,4,26,16,46,6,10,47,48,111,4,106,110,221
09/02/2015,BFM,AL,ASO,CE,Federal Contract Tower,5,8,12,26,51,0,6,35,41,82,5,14,47,67,133,20,184,204,337
09/03/2015,BFM,AL,ASO,CE,Federal Contract Tower,5,4,18,40,67,0,2,21,48,71,5,6,39,88,138,0,254,254,392
09/04/2015,BFM,AL,ASO,CE,Federal Contract Tower,5,4,16,3,28,0,1,15,10,26,5,5,31,13,54,4,68,72,126
09/05/2015,BFM,AL,ASO,CE,Federal Contract Tower,2,3,2,0,7,0,0,7,0,7,2,3,9,0,14,0,0,0,14
09/06/2015,BFM,AL,ASO,CE,Federal Contract Tower,4,1,5,4,14,0,0,7,0,7,4,1,12,4,21,0,0,0,21
09/07/2015,BFM,AL,ASO,CE,Federal Contract Tower,0,0,9,0,9,0,0,21,0,21,0,0,30,0,30,0,0,0,30
09/08/2015,BFM,AL,ASO,CE,Federal Contract Tower,2,3,18,19,42,0,2,26,20,48,2,5,44,39,90,16,140,156,246
09/09/2015,BFM,AL,ASO,CE,Federal Contract Tower,6,4,16,15,41,0,2,26,14,42,6,6,42,29,83,14,108,122,205
09/10/2015,BFM,AL,ASO,CE,Federal Contract Tower,6,13,11,24,54,0,2,9,7,18,6,15,20,31,72,38,10,48,120
09/11/2015,BFM,AL,ASO,CE,Federal Contract Tower,9,4,11,26,50,0,2,6,13,21,9,6,17,39,71,0,78,78,149
09/12/2015,BFM,AL,ASO,CE,Federal Contract Tower,2,3,17,19,41,0,2,15,7,24,2,5,32,26,65,6,0,6,71
09/13/2015,BFM,AL,ASO,CE,Federal Contract Tower,2,4,12,1,19,0,0,16,11,27,2,4,28,12,46,0,8,8,54
09/14/2015,BFM,AL,ASO,CE,Federal Contract Tower,3,7,24,36,70,0,3,20,12,35,3,10,44,48,105,16,84,100,205
09/15/2015,BFM,AL,ASO,CE,Federal Contract Tower,8,8,18,38,72,0,0,32,12,44,8,8,50,50,116,22,56,78,194
09/16/2015,BFM,AL,ASO,CE,Federal Contract Tower,6,6,23,12,47,0,4,38,34,76,6,10,61,46,123,30,142,172,295
09/17/2015,BFM,AL,ASO,CE,Federal Contract Tower,7,4,18,26,55,0,2,10,26,38,7,6,28,52,93,2,106,108,201
09/18/2015,BFM,AL,ASO,CE,Federal Contract Tower,8,5,11,32,56,0,0,35,19,54,8,5,46,51,110,20,130,150,260
09/19/2015,BFM,AL,ASO,CE,Federal Contract Tower,2,2,8,2,14,0,2,38,0,40,2,4,46,2,54,42,0,42,96
09/20/2015,BFM,AL,ASO,CE,Federal Contract Tower,5,1,9,18,33,0,0,9,9,18,5,1,18,27,51,18,44,62,113
09/21/2015,BFM,AL,ASO,CE,Federal Contract Tower,1,7,9,20,37,0,2,10,6,18,1,9,19,26,55,4,40,44,99
09/22/2015,BFM,AL,ASO,CE,Federal Contract Tower,9,6,17,29,61,0,6,24,6,36,9,12,41,35,97,32,34,66,163
09/23/2015,BFM,AL,ASO,CE,Federal Contract Tower,15,5,16,16,52,0,6,19,20,45,15,11,35,36,97,10,74,84,181
09/24/2015,BFM,AL,ASO,CE,Federal Contract Tower,6,6,11,26,49,0,4,21,29,54,6,10,32,55,103,34,126,160,263
09/25/2015,BFM,AL,ASO,CE,Federal Contract Tower,7,7,13,52,79,0,1,33,22,56,7,8,46,74,135,52,132,184,319
09/26/2015,BFM,AL,ASO,CE,Federal Contract Tower,5,4,7,4,20,0,0,25,1,26,5,4,32,5,46,6,0,6,52
09/27/2015,BFM,AL,ASO,CE,Federal Contract Tower,1,2,6,4,13,0,1,1,1,3,1,3,7,5,16,0,0,0,16
09/28/2015,BFM,AL,ASO,CE,Federal Contract Tower,5,6,13,8,32,0,0,6,10,16,5,6,19,18,48,0,32,32,80
09/29/2015,BFM,AL,ASO,CE,Federal Contract Tower,8,15,15,12,50,0,0,3,8,11,8,15,18,20,61,0,68,68,129
09/30/2015,BFM,AL,ASO,CE,Federal Contract Tower,7,5,17,29,58,0,3,18,11,32,7,8,35,40,90,16,34,50,140
10/01/2015,BFM,AL,ASO,CE,Federal Contract Tower,13,6,29,38,86,0,4,22,23,49,13,10,51,61,135,72,118,190,325
10/02/2015,BFM,AL,ASO,CE,Federal Contract Tower,6,11,20,85,122,0,2,14,15,31,6,13,34,100,153,8,118,126,279
10/03/2015,BFM,AL,ASO,CE,Federal Contract Tower,9,4,6,7,26,0,0,5,1,6,9,4,11,8,32,14,18,32,64
10/04/2015,BFM,AL,ASO,CE,Federal Contract Tower,3,2,17,4,26,0,2,6,0,8,3,4,23,4,34,16,0,16,50
10/05/2015,BFM,AL,ASO,CE,Federal Contract Tower,2,3,15,41,61,0,1,11,20,32,2,4,26,61,93,0,106,106,199
10/06/2015,BFM,AL,ASO,CE,Federal Contract Tower,8,6,18,37,69,0,5,23,18,46,8,11,41,55,115,22,128,150,265
10/07/2015,BFM,AL,ASO,CE,Federal Contract Tower,7,7,24,26,64,0,3,44,19,66,7,10,68,45,130,24,108,132,262
10/08/2015,BFM,AL,ASO,CE,Federal Contract Tower,5,4,18,25,52,0,3,36,23,62,5,7,54,48,114,14,130,144,258
10/09/2015,BFM,AL,ASO,CE,Federal Contract Tower,7,7,18,11,43,0,1,24,9,34,7,8,42,20,77,10,111,121,198
10/10/2015,BFM,AL,ASO,CE,Federal Contract Tower,2,2,9,2,15,0,0,20,0,20,2,2,29,2,35,24,0,24,59
10/11/2015,BFM,AL,ASO,CE,Federal Contract Tower,2,1,14,4,21,0,0,10,2,12,2,1,24,6,33,0,2,2,35
10/12/2015,BFM,AL,ASO,CE,Federal Contract Tower,4,4,12,0,20,0,2,18,0,20,4,6,30,0,40,20,0,20,60
10/13/2015,BFM,AL,ASO,CE,Federal Contract Tower,7,8,17,31,63,0,3,24,17,44,7,11,41,48,107,28,96,124,231
10/14/2015,BFM,AL,ASO,CE,Federal Contract Tower,7,4,16,11,38,0,5,29,32,66,7,9,45,43,104,0,196,196,300
10/15/2015,BFM,AL,ASO,CE,Federal Contract Tower,6,9,26,24,65,0,0,37,22,59,6,9,63,46,124,6,88,94,218
10/16/2015,BFM,AL,ASO,CE,Federal Contract Tower,5,6,21,13,45,0,0,18,17,35,5,6,39,30,80,20,72,92,172
10/17/2015,BFM,AL,ASO,CE,Federal Contract Tower,3,5,2,4,14,0,1,18,0,19,3,6,20,4,33,0,0,0,33
10/18/2015,BFM,AL,ASO,CE,Federal Contract Tower,6,2,17,4,29,0,0,13,2,15,6,2,30,6,44,14,12,26,70
10/19/2015,BFM,AL,ASO,CE,Federal Contract Tower,2,4,16,41,63,0,3,11,29,43,2,7,27,70,106,2,164,166,272
10/20/2015,BFM,AL,ASO,CE,Federal Contract Tower,6,4,17,25,52,0,4,16,27,47,6,8,33,52,99,12,152,164,263
10/21/2015,BFM,AL,ASO,CE,Federal Contract Tower,6,10,13,20,49,0,3,27,31,61,6,13,40,51,110,22,194,216,326
10/22/2015,BFM,AL,ASO,CE,Federal Contract Tower,8,13,16,24,61,0,2,27,26,55,8,15,43,50,116,8,142,150,266
10/23/2015,BFM,AL,ASO,CE,Federal Contract Tower,12,6,11,22,51,0,1,31,20,52,12,7,42,42,103,22,130,152,255
10/24/2015,BFM,AL,ASO,CE,Federal Contract Tower,5,2,9,7,23,0,0,20,1,21,5,2,29,8,44,32,6,38,82
10/25/2015,BFM,AL,ASO,CE,Federal Contract Tower,1,0,13,4,18,0,0,5,1,6,1,0,18,5,24,0,0,0,24
10/26/2015,BFM,AL,ASO,CE,Federal Contract Tower,2,3,7,0,12,0,0,0,0,0,2,3,7,0,12,0,0,0,12
10/27/2015,BFM,AL,ASO,CE,Federal Contract Tower,10,6,11,17,44,0,2,3,14,19,10,8,14,31,63,10,109,119,182
10/28/2015,BFM,AL,ASO,CE,Federal Contract Tower,16,8,16,25,65,0,5,19,22,46,16,13,35,47,111,6,148,154,265
10/29/2015,BFM,AL,ASO,CE,Federal Contract Tower,8,5,12,10,35,0,2,36,37,75,8,7,48,47,110,32,178,210,320
10/30/2015,BFM,AL,ASO,CE,Federal Contract Tower,10,4,12,19,45,0,2,32,24,58,10,6,44,43,103,16,138,154,257
10/31/2015,BFM,AL,ASO,CE,Federal Contract Tower,2,1,16,14,33,0,2,11,3,16,2,3,27,17,49,18,22,40,89
11/01/2015,BFM,AL,ASO,CE,Federal Contract Tower,2,1,7,0,10,0,0,0,0,0,2,1,7,0,10,0,0,0,10
11/02/2015,BFM,AL,ASO,CE,Federal Contract Tower,4,5,10,16,35,0,4,11,12,27,4,9,21,28,62,0,70,70,132
11/03/2015,BFM,AL,ASO,CE,Federal Contract Tower,6,7,16,29,58,0,1,9,15,25,6,8,25,44,83,10,142,152,235
11/04/2015,BFM,AL,ASO,CE,Federal Contract Tower,7,7,23,33,70,0,4,31,28,63,7,11,54,61,133,34,168,202,335
11/05/2015,BFM,AL,ASO,CE,Federal Contract Tower,6,5,24,44,79,0,4,9,17,30,6,9,33,61,109,14,170,184,293
11/06/2015,BFM,AL,ASO,CE,Federal Contract Tower,7,3,11,5,26,0,0,23,13,36,7,3,34,18,62,12,142,154,216
11/07/2015,BFM,AL,ASO,CE,Federal Contract Tower,4,0,11,0,15,0,0,4,0,4,4,0,15,0,19,16,0,16,35
11/08/2015,BFM,AL,ASO,CE,Federal Contract Tower,3,1,12,0,16,0,0,0,0,0,3,1,12,0,16,0,0,0,16
11/09/2015,BFM,AL,ASO,CE,Federal Contract Tower,3,6,10,6,25,0,0,1,3,4,3,6,11,9,29,0,8,8,37
11/10/2015,BFM,AL,ASO,CE,Federal Contract Tower,11,7,19,29,66,0,1,3,10,14,11,8,22,39,80,0,52,52,132
11/11/2015,BFM,AL,ASO,CE,Federal Contract Tower,8,6,20,0,34,0,3,47,7,57,8,9,67,7,91,54,38,92,183
11/12/2015,BFM,AL,ASO,CE,Federal Contract Tower,7,6,12,34,59,0,2,12,16,30,7,8,24,50,89,10,98,108,197
11/13/2015,BFM,AL,ASO,CE,Federal Contract Tower,6,4,21,35,66,0,3,21,25,49,6,7,42,60,115,20,142,162,277
11/14/2015,BFM,AL,ASO,CE,Federal Contract Tower,3,4,7,12,26,0,0,28,1,29,3,4,35,13,55,14,14,28,83
11/15/2015,BFM,AL,ASO,CE,Federal Contract Tower,1,1,6,2,10,0,2,8,18,28,1,3,14,20,38,4,82,86,124
11/16/2015,BFM,AL,ASO,CE,Federal Contract Tower,6,5,18,24,53,0,0,12,35,47,6,5,30,59,100,24,140,164,264
11/17/2015,BFM,AL,ASO,CE,Federal Contract Tower,6,5,20,11,42,0,1,3,36,40,6,6,23,47,82,0,200,200,282
11/18/2015,BFM,AL,ASO,CE,Federal Contract Tower,6,6,3,0,15,0,0,1,0,1,6,6,4,0,16,0,0,0,16
11/19/2015,BFM,AL,ASO,CE,Federal Contract Tower,6,8,30,14,58,0,6,34,41,81,6,14,64,55,139,6,250,256,395
11/20/2015,BFM,AL,ASO,CE,Federal Contract Tower,6,6,20,29,61,0,0,29,26,55,6,6,49,55,116,2,122,124,240
11/21/2015,BFM,AL,ASO,CE,Federal Contract Tower,5,3,12,18,38,0,0,5,2,7,5,3,17,20,45,12,34,46,91
11/22/2015,BFM,AL,ASO,CE,Federal Contract Tower,2,3,11,9,25,0,0,15,13,28,2,3,26,22,53,12,88,100,153
11/23/2015,BFM,AL,ASO,CE,Federal Contract Tower,5,2,16,37,60,0,2,21,27,50,5,4,37,64,110,6,226,232,342
11/24/2015,BFM,AL,ASO,CE,Federal Contract Tower,7,7,20,12,46,0,5,35,40,80,7,12,55,52,126,6,324,330,456
11/25/2015,BFM,AL,ASO,CE,Federal Contract Tower,6,10,14,8,38,0,2,27,4,33,6,12,41,12,71,10,16,26,97
11/26/2015,BFM,AL,ASO,CE,Federal Contract Tower,0,0,0,0,0,0,0,2,0,2,0,0,2,0,2,0,0,0,2
11/27/2015,BFM,AL,ASO,CE,Federal Contract Tower,8,8,4,4,24,0,0,10,0,10,8,8,14,4,34,2,0,2,36
11/28/2015,BFM,AL,ASO,CE,Federal Contract Tower,2,5,10,1,18,0,0,20,0,20,2,5,30,1,38,32,0,32,70
11/29/2015,BFM,AL,ASO,CE,Federal Contract Tower,5,2,6,0,13,0,0,13,2,15,5,2,19,2,28,16,0,16,44
11/30/2015,BFM,AL,ASO,CE,Federal Contract Tower,5,4,16,34,59,0,0,17,38,55,5,4,33,72,114,20,320,340,454
12/01/2015,BFM,AL,ASO,CE,Federal Contract Tower,9,8,16,50,83,0,2,25,38,65,9,10,41,88,148,2,206,208,356
12/02/2015,BFM,AL,ASO,CE,Federal Contract Tower,6,10,13,36,65,0,1,22,51,74,6,11,35,87,139,48,360,408,547
12/03/2015,BFM,AL,ASO,CE,Federal Contract Tower,7,8,12,16,43,0,4,26,36,66,7,12,38,52,109,26,266,292,401
12/04/2015,BFM,AL,ASO,CE,Federal Contract Tower,7,4,13,19,43,0,1,30,21,52,7,5,43,40,95,40,116,156,251
12/05/2015,BFM,AL,ASO,CE,Federal Contract Tower,2,3,5,6,16,0,2,27,6,35,2,5,32,12,51,20,4,24,75
12/06/2015,BFM,AL,ASO,CE,Federal Contract Tower,1,0,12,0,13,0,2,16,2,20,1,2,28,2,33,0,6,6,39
12/07/2015,BFM,AL,ASO,CE,Federal Contract Tower,1,2,20,34,57,0,4,21,32,57,1,6,41,66,114,20,142,162,276
12/08/2015,BFM,AL,ASO,CE,Federal Contract Tower,8,10,22,23,63,0,10,26,21,57,8,20,48,44,120,14,148,162,282
12/09/2015,BFM,AL,ASO,CE,Federal Contract Tower,8,10,15,55,88,0,5,30,35,70,8,15,45,90,158,48,218,266,424
12/10/2015,BFM,AL,ASO,CE,Federal Contract Tower,8,10,15,41,74,0,2,9,35,46,8,12,24,76,120,12,232,244,364
12/11/2015,BFM,AL,ASO,CE,Federal Contract Tower,5,10,14,26,55,0,0,21,30,51,5,10,35,56,106,16,152,168,274
12/12/2015,BFM,AL,ASO,CE,Federal Contract Tower,3,2,3,0,8,0,0,16,4,20,3,2,19,4,28,8,36,44,72
12/13/2015,BFM,AL,ASO,CE,Federal Contract Tower,3,0,7,11,21,0,0,8,1,9,3,0,15,12,30,20,0,20,50
12/14/2015,BFM,AL,ASO,CE,Federal Contract Tower,2,3,14,27,46,0,2,17,23,42,2,5,31,50,88,0,192,192,280
12/15/2015,BFM,AL,ASO,CE,Federal Contract Tower,9,6,24,57,96,0,7,45,27,79,9,13,69,84,175,18,118,136,311
12/16/2015,BFM,AL,ASO,CE,Federal Contract Tower,8,6,26,6,46,0,0,0,0,0,8,6,26,6,46,0,0,0,46
12/17/2015,BFM,AL,ASO,CE,Federal Contract Tower,7,6,18,23,54,0,0,11,18,29,7,6,29,41,83,14,110,124,207
12/18/2015,BFM,AL,ASO,CE,Federal Contract Tower,5,9,13,27,54,0,0,36,22,58,5,9,49,49,112,32,76,108,220
12/19/2015,BFM,AL,ASO,CE,Federal Contract Tower,5,9,8,1,23,0,0,30,7,37,5,9,38,8,60,30,62,92,152
12/20/2015,BFM,AL,ASO,CE,Federal Contract Tower,1,1,6,9,17,0,0,17,6,23,1,1,23,15,40,54,20,74,114
12/21/2015,BFM,AL,ASO,CE,Federal Contract Tower,8,6,13,13,40,0,2,8,3,13,8,8,21,16,53,12,30,42,95
12/22/2015,BFM,AL,ASO,CE,Federal Contract Tower,7,5,4,2,18,0,0,0,0,0,7,5,4,2,18,0,0,0,18
12/23/2015,BFM,AL,ASO,CE,Federal Contract Tower,8,3,12,0,23,0,2,0,0,2,8,5,12,0,25,0,0,0,25
12/24/2015,BFM,AL,ASO,CE,Federal Contract Tower,8,2,10,0,20,0,0,0,0,0,8,2,10,0,20,0,0,0,20
12/25/2015,BFM,AL,ASO,CE,Federal Contract Tower,0,0,0,0,0,0,0,0,0,0,0,0,0,0,0,0,0,0,0
12/26/2015,BFM,AL,ASO,CE,Federal Contract Tower,5,0,8,4,17,0,0,1,0,1,5,0,9,4,18,0,0,0,18
12/27/2015,BFM,AL,ASO,CE,Federal Contract Tower,1,0,7,0,8,0,0,3,0,3,1,0,10,0,11,8,0,8,19
12/28/2015,BFM,AL,ASO,CE,Federal Contract Tower,1,4,9,8,22,0,0,1,4,5,1,4,10,12,27,0,20,20,47
12/29/2015,BFM,AL,ASO,CE,Federal Contract Tower,5,5,7,4,21,0,0,27,7,34,5,5,34,11,55,4,28,32,87
12/30/2015,BFM,AL,ASO,CE,Federal Contract Tower,9,4,3,0,16,0,0,0,0,0,9,4,3,0,16,0,0,0,16
12/31/2015,BFM,AL,ASO,CE,Federal Contract Tower,6,4,12,4,26,0,0,2,0,2,6,4,14,4,28,0,0,0,28
01/01/2016,BFM,AL,ASO,CE,Federal Contract Tower,0,0,6,0,6,0,0,1,0,1,0,0,7,0,7,0,0,0,7
01/02/2016,BFM,AL,ASO,CE,Federal Contract Tower,5,2,7,5,19,0,1,30,2,33,5,3,37,7,52,30,0,30,82
01/03/2016,BFM,AL,ASO,CE,Federal Contract Tower,1,3,9,0,13,0,0,9,3,12,1,3,18,3,25,0,6,6,31
01/04/2016,BFM,AL,ASO,CE,Federal Contract Tower,6,2,17,12,37,0,1,16,7,24,6,3,33,19,61,6,50,56,117
01/05/2016,BFM,AL,ASO,CE,Federal Contract Tower,9,9,7,41,66,0,5,26,22,53,9,14,33,63,119,38,60,98,217
01/06/2016,BFM,AL,ASO,CE,Federal Contract Tower,10,10,16,23,59,0,4,27,21,52,10,14,43,44,111,10,96,106,217
01/07/2016,BFM,AL,ASO,CE,Federal Contract Tower,10,6,19,15,50,0,0,11,17,28,10,6,30,32,78,12,112,124,202
01/08/2016,BFM,AL,ASO,CE,Federal Contract Tower,7,4,7,8,26,0,1,0,0,1,7,5,7,8,27,0,0,0,27
01/09/2016,BFM,AL,ASO,CE,Federal Contract Tower,2,3,7,6,18,0,0,12,2,14,2,3,19,8,32,16,12,28,60
01/10/2016,BFM,AL,ASO,CE,Federal Contract Tower,1,1,6,22,30,0,0,18,7,25,1,1,24,29,55,26,26,52,107
01/11/2016,BFM,AL,ASO,CE,Federal Contract Tower,2,4,7,24,37,0,1,29,23,53,2,5,36,47,90,4,116,120,210
01/12/2016,BFM,AL,ASO,CE,Federal Contract Tower,10,8,17,29,64,0,3,49,37,89,10,11,66,66,153,18,230,248,401
01/13/2016,BFM,AL,ASO,CE,Federal Contract Tower,6,11,16,8,41,0,1,38,38,77,6,12,54,46,118,16,304,320,438
01/14/2016,BFM,AL,ASO,CE,Federal Contract Tower,8,6,22,11,47,0,5,22,29,56,8,11,44,40,103,18,168,186,289
01/15/2016,BFM,AL,ASO,CE,Federal Contract Tower,8,13,20,14,55,0,1,7,5,13,8,14,27,19,68,0,46,46,114
01/16/2016,BFM,AL,ASO,CE,Federal Contract Tower,3,1,6,3,13,0,0,38,3,41,3,1,44,6,54,44,0,44,98
01/17/2016,BFM,AL,ASO,CE,Federal Contract Tower,1,0,18,0,19,0,0,16,0,16,1,0,34,0,35,24,0,24,59
01/18/2016,BFM,AL,ASO,CE,Federal Contract Tower,1,6,14,0,21,0,2,29,2,33,1,8,43,2,54,6,0,6,60
01/19/2016,BFM,AL,ASO,CE,Federal Contract Tower,5,9,20,17,51,0,3,35,29,67,5,12,55,46,118,22,174,196,314
01/20/2016,BFM,AL,ASO,CE,Federal Contract Tower,8,7,20,19,54,0,3,24,18,45,8,10,44,37,99,8,120,128,227
01/21/2016,BFM,AL,ASO,CE,Federal Contract Tower,9,10,7,11,37,0,0,0,5,5,9,10,7,16,42,0,48,48,90
01/22/2016,BFM,AL,ASO,CE,Federal Contract Tower,3,8,6,41,58,0,0,1,8,9,3,8,7,49,67,0,124,124,191
01/23/2016,BFM,AL,ASO,CE,Federal Contract Tower,5,5,5,0,15,0,0,15,7,22,5,5,20,7,37,18,42,60,97
01/24/2016,BFM,AL,ASO,CE,Federal Contract Tower,2,0,2,21,25,0,0,19,5,24,2,0,21,26,49,4,34,38,87
01/25/2016,BFM,AL,ASO,CE,Federal Contract Tower,0,2,22,40,64,0,1,13,33,47,0,3,35,73,111,10,236,246,357
01/26/2016,BFM,AL,ASO,CE,Federal Contract Tower,8,7,27,28,70,0,0,6,23,29,8,7,33,51,99,12,66,78,177
01/27/2016,BFM,AL,ASO,CE,Federal Contract Tower,6,17,18,6,47,0,0,1,0,1,6,17,19,6,48,0,0,0,48
01/28/2016,BFM,AL,ASO,CE,Federal Contract Tower,7,13,33,33,86,0,3,22,20,45,7,16,55,53,131,24,56,80,211
01/29/2016,BFM,AL,ASO,CE,Federal Contract Tower,5,12,11,15,43,0,0,45,17,62,5,12,56,32,105,30,116,146,251
01/30/2016,BFM,AL,ASO,CE,Federal Contract Tower,2,6,9,0,17,0,2,22,0,24,2,8,31,0,41,10,0,10,51
01/31/2016,BFM,AL,ASO,CE,Federal Contract Tower,2,3,16,13,34,0,0,5,4,9,2,3,21,17,43,0,8,8,51
02/01/2016,BFM,AL,ASO,CE,Federal Contract Tower,2,2,13,10,27,0,0,3,0,3,2,2,16,10,30,0,0,0,30
02/02/2016,BFM,AL,ASO,CE,Federal Contract Tower,6,3,3,0,12,0,0,0,0,0,6,3,3,0,12,0,0,0,12
02/03/2016,BFM,AL,ASO,CE,Federal Contract Tower,8,4,16,36,64,0,2,11,21,34,8,6,27,57,98,8,114,122,220
02/04/2016,BFM,AL,ASO,CE,Federal Contract Tower,14,8,20,36,78,0,2,25,55,82,14,10,45,91,160,2,408,410,570
02/05/2016,BFM,AL,ASO,CE,Federal Contract Tower,8,9,26,31,74,0,1,29,34,64,8,10,55,65,138,24,200,224,362
02/06/2016,BFM,AL,ASO,CE,Federal Contract Tower,5,3,12,0,20,0,0,25,0,25,5,3,37,0,45,6,0,6,51
02/07/2016,BFM,AL,ASO,CE,Federal Contract Tower,1,0,11,8,20,0,0,18,3,21,1,0,29,11,41,24,32,56,97
02/08/2016,BFM,AL,ASO,CE,Federal Contract Tower,2,2,5,63,72,0,1,6,38,45,2,3,11,101,117,0,228,228,345
02/09/2016,BFM,AL,ASO,CE,Federal Contract Tower,7,13,16,59,95,0,2,12,17,31,7,15,28,76,126,10,80,90,216
02/10/2016,BFM,AL,ASO,CE,Federal Contract Tower,6,9,21,50,86,0,3,44,46,93,6,12,65,96,179,18,284,302,481
02/11/2016,BFM,AL,ASO,CE,Federal Contract Tower,8,5,12,50,75,0,3,31,26,60,8,8,43,76,135,18,134,152,287
02/12/2016,BFM,AL,ASO,CE,Federal Contract Tower,7,8,12,15,42,0,3,22,29,54,7,11,34,44,96,10,174,184,280
02/13/2016,BFM,AL,ASO,CE,Federal Contract Tower,2,7,6,15,30,0,0,40,7,47,2,7,46,22,77,8,8,16,93
02/14/2016,BFM,AL,ASO,CE,Federal Contract Tower,4,0,5,4,13,0,0,9,3,12,4,0,14,7,25,10,16,26,51
02/15/2016,BFM,AL,ASO,CE,Federal Contract Tower,10,7,8,0,25,0,3,6,0,9,10,10,14,0,34,0,0,0,34
02/16/2016,BFM,AL,ASO,CE,Federal Contract Tower,7,6,21,21,55,0,2,27,12,41,7,8,48,33,96,26,66,92,188
02/17/2016,BFM,AL,ASO,CE,Federal Contract Tower,6,6,16,51,79,0,5,47,35,87,6,11,63,86,166,32,112,144,310
02/18/2016,BFM,AL,ASO,CE,Federal Contract Tower,7,11,20,24,62,0,3,41,34,78,7,14,61,58,140,52,160,212,352
02/19/2016,BFM,AL,ASO,CE,Federal Contract Tower,6,7,20,20,53,0,5,23,12,40,6,12,43,32,93,32,28,60,153
02/20/2016,BFM,AL,ASO,CE,Federal Contract Tower,3,2,1,8,14,0,0,31,6,37,3,2,32,14,51,36,28,64,115
02/21/2016,BFM,AL,ASO,CE,Federal Contract Tower,2,0,18,2,22,0,0,11,3,14,2,0,29,5,36,12,34,46,82
02/22/2016,BFM,AL,ASO,CE,Federal Contract Tower,1,1,9,10,21,0,4,5,8,17,1,5,14,18,38,0,38,38,76
02/23/2016,BFM,AL,ASO,CE,Federal Contract Tower,6,3,10,5,24,0,0,0,0,0,6,3,10,5,24,0,0,0,24
02/24/2016,BFM,AL,ASO,CE,Federal Contract Tower,8,10,18,35,71,0,11,15,15,41,8,21,33,50,112,4,106,110,222
02/25/2016,BFM,AL,ASO,CE,Federal Contract Tower,7,8,24,54,93,0,4,38,19,61,7,12,62,73,154,28,96,124,278
02/26/2016,BFM,AL,ASO,CE,Federal Contract Tower,7,8,33,54,102,0,5,38,12,55,7,13,71,66,157,6,72,78,235
02/27/2016,BFM,AL,ASO,CE,Federal Contract Tower,2,6,14,7,29,0,0,44,3,47,2,6,58,10,76,40,0,40,116
02/28/2016,BFM,AL,ASO,CE,Federal Contract Tower,2,4,18,2,26,0,2,19,10,31,2,6,37,12,57,10,38,48,105
02/29/2016,BFM,AL,ASO,CE,Federal Contract Tower,3,5,14,11,33,0,2,28,32,62,3,7,42,43,95,2,168,170,265
03/01/2016,BFM,AL,ASO,CE,Federal Contract Tower,8,8,20,30,66,0,2,14,26,42,8,10,34,56,108,16,116,132,240
03/02/2016,BFM,AL,ASO,CE,Federal Contract Tower,8,13,16,8,45,0,4,27,55,86,8,17,43,63,131,26,180,206,337
03/03/2016,BFM,AL,ASO,CE,Federal Contract Tower,8,8,24,10,50,0,1,14,20,35,8,9,38,30,85,0,108,108,193
03/04/2016,BFM,AL,ASO,CE,Federal Contract Tower,7,12,30,14,63,0,2,24,16,42,7,14,54,30,105,26,150,176,281
03/05/2016,BFM,AL,ASO,CE,Federal Contract Tower,3,7,12,15,37,0,1,24,5,30,3,8,36,20,67,22,12,34,101
03/06/2016,BFM,AL,ASO,CE,Federal Contract Tower,2,2,17,17,38,0,0,13,2,15,2,2,30,19,53,4,0,4,57
03/07/2016,BFM,AL,ASO,CE,Federal Contract Tower,1,2,19,16,38,0,2,21,20,43,1,4,40,36,81,14,102,116,197
03/08/2016,BFM,AL,ASO,CE,Federal Contract Tower,6,6,17,26,55,0,3,10,28,41,6,9,27,54,96,6,166,172,268
03/09/2016,BFM,AL,ASO,CE,Federal Contract Tower,8,8,21,31,68,0,2,8,18,28,8,10,29,49,96,0,172,172,268
03/10/2016,BFM,AL,ASO,CE,Federal Contract Tower,9,9,18,26,62,0,0,1,3,4,9,9,19,29,66,0,22,22,88
03/11/2016,BFM,AL,ASO,CE,Federal Contract Tower,8,6,2,1,17,0,0,0,0,0,8,6,2,1,17,0,0,0,17
03/12/2016,BFM,AL,ASO,CE,Federal Contract Tower,3,3,3,1,10,0,0,2,0,2,3,3,5,1,12,0,0,0,12
03/13/2016,BFM,AL,ASO,CE,Federal Contract Tower,0,2,18,5,25,0,0,27,0,27,0,2,45,5,52,16,0,16,68
03/14/2016,BFM,AL,ASO,CE,Federal Contract Tower,6,6,19,46,77,0,1,21,13,35,6,7,40,59,112,32,158,190,302
03/15/2016,BFM,AL,ASO,CE,Federal Contract Tower,9,10,17,23,59,0,1,32,26,59,9,11,49,49,118,8,108,116,234
03/16/2016,BFM,AL,ASO,CE,Federal Contract Tower,8,9,22,27,66,0,2,22,16,40,8,11,44,43,106,16,90,106,212
03/17/2016,BFM,AL,ASO,CE,Federal Contract Tower,12,6,18,6,42,0,2,2,0,4,12,8,20,6,46,0,0,0,46
03/18/2016,BFM,AL,ASO,CE,Federal Contract Tower,13,4,19,10,46,0,0,1,5,6,13,4,20,15,52,12,84,96,148
03/19/2016,BFM,AL,ASO,CE,Federal Contract Tower,4,1,10,6,21,0,0,5,0,5,4,1,15,6,26,2,0,2,28
03/20/2016,BFM,AL,ASO,CE,Federal Contract Tower,2,0,13,2,17,0,0,20,1,21,2,0,33,3,38,16,0,16,54
03/21/2016,BFM,AL,ASO,CE,Federal Contract Tower,8,7,21,22,58,0,5,39,21,65,8,12,60,43,123,28,140,168,291
03/22/2016,BFM,AL,ASO,CE,Federal Contract Tower,5,8,23,5,41,0,1,38,30,69,5,9,61,35,110,28,146,174,284
03/23/2016,BFM,AL,ASO,CE,Federal Contract Tower,6,8,30,6,50,0,3,15,38,56,6,11,45,44,106,8,206,214,320
03/24/2016,BFM,AL,ASO,CE,Federal Contract Tower,8,8,25,3,44,0,2,3,0,5,8,10,28,3,49,0,0,0,49
03/25/2016,BFM,AL,ASO,CE,Federal Contract Tower,7,8,20,52,87,0,2,9,9,20,7,10,29,61,107,2,44,46,153
03/26/2016,BFM,AL,ASO,CE,Federal Contract Tower,3,3,8,0,14,0,0,6,0,6,3,3,14,0,20,4,0,4,24
03/27/2016,BFM,AL,ASO,CE,Federal Contract Tower,2,0,4,0,6,0,0,0,0,0,2,0,4,0,6,0,0,0,6
03/28/2016,BFM,AL,ASO,CE,Federal Contract Tower,2,3,13,11,29,0,6,10,14,30,2,9,23,25,59,2,66,68,127
03/29/2016,BFM,AL,ASO,CE,Federal Contract Tower,11,17,12,26,66,0,2,49,29,80,11,19,61,55,146,6,162,168,314
03/30/2016,BFM,AL,ASO,CE,Federal Contract Tower,7,6,16,41,70,0,3,9,31,43,7,9,25,72,113,12,182,194,307
03/31/2016,BFM,AL,ASO,CE,Federal Contract Tower,7,10,15,8,40,0,1,2,12,15,7,11,17,20,55,0,70,70,125
04/01/2016,BFM,AL,ASO,CE,Federal Contract Tower,7,7,6,0,20,0,0,0,0,0,7,7,6,0,20,0,0,0,20
04/02/2016,BFM,AL,ASO,CE,Federal Contract Tower,2,7,10,14,33,0,0,18,4,22,2,7,28,18,55,0,28,28,83
04/03/2016,BFM,AL,ASO,CE,Federal Contract Tower,2,5,12,2,21,0,1,22,1,24,2,6,34,3,45,4,0,4,49
04/04/2016,BFM,AL,ASO,CE,Federal Contract Tower,2,2,22,20,46,0,1,28,31,60,2,3,50,51,106,6,180,186,292
04/05/2016,BFM,AL,ASO,CE,Federal Contract Tower,12,14,31,60,117,0,4,26,8,38,12,18,57,68,155,36,72,108,263
04/06/2016,BFM,AL,ASO,CE,Federal Contract Tower,5,7,15,38,65,0,1,21,20,42,5,8,36,58,107,28,120,148,255
04/07/2016,BFM,AL,ASO,CE,Federal Contract Tower,5,10,24,32,71,0,2,23,9,34,5,12,47,41,105,14,94,108,213
04/08/2016,BFM,AL,ASO,CE,Federal Contract Tower,13,12,21,96,142,0,0,40,17,57,13,12,61,113,199,28,110,138,337
04/09/2016,BFM,AL,ASO,CE,Federal Contract Tower,4,8,5,3,20,0,0,40,3,43,4,8,45,6,63,32,8,40,103
04/10/2016,BFM,AL,ASO,CE,Federal Contract Tower,3,2,8,9,22,0,0,11,2,13,3,2,19,11,35,8,0,8,43
04/11/2016,BFM,AL,ASO,CE,Federal Contract Tower,2,2,18,19,41,0,2,24,22,48,2,4,42,41,89,16,154,170,259
04/12/2016,BFM,AL,ASO,CE,Federal Contract Tower,6,8,13,52,79,0,0,6,0,6,6,8,19,52,85,2,0,2,87
04/13/2016,BFM,AL,ASO,CE,Federal Contract Tower,9,7,7,0,23,0,2,2,0,4,9,9,9,0,27,0,0,0,27
04/14/2016,BFM,AL,ASO,CE,Federal Contract Tower,10,4,11,6,31,0,0,2,5,7,10,4,13,11,38,12,24,36,74
04/15/2016,BFM,AL,ASO,CE,Federal Contract Tower,7,6,16,23,52,0,0,6,16,22,7,6,22,39,74,0,88,88,162
04/16/2016,BFM,AL,ASO,CE,Federal Contract Tower,3,2,7,5,17,0,0,3,2,5,3,2,10,7,22,0,10,10,32
04/17/2016,BFM,AL,ASO,CE,Federal Contract Tower,4,2,21,14,41,0,0,28,9,37,4,2,49,23,78,32,68,100,178
04/18/2016,BFM,AL,ASO,CE,Federal Contract Tower,2,3,15,22,42,0,1,39,26,66,2,4,54,48,108,44,194,238,346
04/19/2016,BFM,AL,ASO,CE,Federal Contract Tower,10,9,23,26,68,0,2,37,14,53,10,11,60,40,121,14,84,98,219
04/20/2016,BFM,AL,ASO,CE,Federal Contract Tower,6,2,13,27,48,0,2,34,29,65,6,4,47,56,113,14,172,186,299
04/21/2016,BFM,AL,ASO,CE,Federal Contract Tower,9,5,19,25,58,0,0,7,16,23,9,5,26,41,81,22,62,84,165
04/22/2016,BFM,AL,ASO,CE,Federal Contract Tower,5,7,14,2,28,0,0,14,4,18,5,7,28,6,46,10,52,62,108
04/23/2016,BFM,AL,ASO,CE,Federal Contract Tower,3,2,4,6,15,0,0,32,0,32,3,2,36,6,47,26,0,26,73
04/24/2016,BFM,AL,ASO,CE,Federal Contract Tower,1,2,12,16,31,0,0,39,2,41,1,2,51,18,72,28,0,28,100
04/25/2016,BFM,AL,ASO,CE,Federal Contract Tower,3,8,21,13,45,0,1,27,24,52,3,9,48,37,97,12,170,182,279
04/26/2016,BFM,AL,ASO,CE,Federal Contract Tower,9,8,22,20,59,0,4,30,25,59,9,12,52,45,118,40,168,208,326
04/27/2016,BFM,AL,ASO,CE,Federal Contract Tower,8,7,17,21,53,0,2,9,14,25,8,9,26,35,78,16,114,130,208
04/28/2016,BFM,AL,ASO,CE,Federal Contract Tower,8,12,10,11,41,0,2,8,14,24,8,14,18,25,65,10,88,98,163
04/29/2016,BFM,AL,ASO,CE,Federal Contract Tower,6,11,12,34,63,0,0,36,14,50,6,11,48,48,113,28,88,116,229
04/30/2016,BFM,AL,ASO,CE,Federal Contract Tower,3,2,4,6,15,0,4,12,0,16,3,6,16,6,31,18,0,18,49
05/01/2016,BFM,AL,ASO,CE,Federal Contract Tower,2,1,9,12,24,0,0,5,0,5,2,1,14,12,29,22,0,22,51
05/02/2016,BFM,AL,ASO,CE,Federal Contract Tower,3,4,8,42,57,0,1,10,10,21,3,5,18,52,78,2,52,54,132
05/03/2016,BFM,AL,ASO,CE,Federal Contract Tower,7,9,23,54,93,0,2,8,6,16,7,11,31,60,109,10,66,76,185
05/04/2016,BFM,AL,ASO,CE,Federal Contract Tower,13,6,22,27,68,0,2,39,24,65,13,8,61,51,133,26,136,162,295
05/05/2016,BFM,AL,ASO,CE,Federal Contract Tower,8,8,17,31,64,0,3,26,35,64,8,11,43,66,128,26,188,214,342
05/06/2016,BFM,AL,ASO,CE,Federal Contract Tower,7,5,17,31,60,0,0,24,23,47,7,5,41,54,107,14,152,166,273
05/07/2016,BFM,AL,ASO,CE,Federal Contract Tower,7,2,8,10,27,0,0,42,2,44,7,2,50,12,71,40,2,42,113
05/08/2016,BFM,AL,ASO,CE,Federal Contract Tower,2,2,15,2,21,0,0,16,2,18,2,2,31,4,39,16,10,26,65
05/09/2016,BFM,AL,ASO,CE,Federal Contract Tower,4,2,13,14,33,0,0,25,19,44,4,2,38,33,77,22,100,122,199
05/10/2016,BFM,AL,ASO,CE,Federal Contract Tower,10,8,29,41,88,0,1,14,17,32,10,9,43,58,120,0,116,116,236
05/11/2016,BFM,AL,ASO,CE,Federal Contract Tower,13,6,15,18,52,0,3,16,17,36,13,9,31,35,88,0,68,68,156
05/12/2016,BFM,AL,ASO,CE,Federal Contract Tower,11,12,7,40,70,0,4,20,9,33,11,16,27,49,103,0,18,18,121
05/13/2016,BFM,AL,ASO,CE,Federal Contract Tower,7,8,15,17,47,0,1,26,5,32,7,9,41,22,79,18,64,82,161
05/14/2016,BFM,AL,ASO,CE,Federal Contract Tower,4,5,6,0,15,0,3,13,0,16,4,8,19,0,31,6,0,6,37
05/15/2016,BFM,AL,ASO,CE,Federal Contract Tower,1,1,6,6,14,0,0,9,1,10,1,1,15,7,24,6,0,6,30
05/16/2016,BFM,AL,ASO,CE,Federal Contract Tower,4,5,10,16,35,0,4,34,24,62,4,9,44,40,97,50,146,196,293
05/17/2016,BFM,AL,ASO,CE,Federal Contract Tower,7,6,9,33,55,0,3,9,9,21,7,9,18,42,76,8,22,30,106
05/18/2016,BFM,AL,ASO,CE,Federal Contract Tower,11,9,15,14,49,0,2,13,12,27,11,11,28,26,76,10,66,76,152
05/19/2016,BFM,AL,ASO,CE,Federal Contract Tower,11,17,17,37,82,0,0,10,20,30,11,17,27,57,112,8,146,154,266
05/20/2016,BFM,AL,ASO,CE,Federal Contract Tower,7,11,12,11,41,0,0,4,0,4,7,11,16,11,45,0,0,0,45
05/21/2016,BFM,AL,ASO,CE,Federal Contract Tower,2,5,8,0,15,0,0,19,2,21,2,5,27,2,36,6,0,6,42
05/22/2016,BFM,AL,ASO,CE,Federal Contract Tower,1,2,7,9,19,0,0,24,3,27,1,2,31,12,46,26,4,30,76
05/23/2016,BFM,AL,ASO,CE,Federal Contract Tower,4,5,10,23,42,0,5,33,23,61,4,10,43,46,103,4,124,128,231
05/24/2016,BFM,AL,ASO,CE,Federal Contract Tower,7,8,17,37,69,0,2,18,24,44,7,10,35,61,113,8,138,146,259
05/25/2016,BFM,AL,ASO,CE,Federal Contract Tower,10,7,15,13,45,0,6,29,21,56,10,13,44,34,101,12,82,94,195
05/26/2016,BFM,AL,ASO,CE,Federal Contract Tower,6,10,21,37,74,0,6,16,32,54,6,16,37,69,128,2,212,214,342
05/27/2016,BFM,AL,ASO,CE,Federal Contract Tower,5,6,13,2,26,0,0,19,11,30,5,6,32,13,56,2,44,46,102
05/28/2016,BFM,AL,ASO,CE,Federal Contract Tower,3,3,6,0,12,0,0,18,0,18,3,3,24,0,30,4,0,4,34
05/29/2016,BFM,AL,ASO,CE,Federal Contract Tower,4,1,5,0,10,0,0,15,0,15,4,1,20,0,25,12,0,12,37
05/30/2016,BFM,AL,ASO,CE,Federal Contract Tower,0,0,8,0,8,0,1,13,0,14,0,1,21,0,22,0,0,0,22
05/31/2016,BFM,AL,ASO,CE,Federal Contract Tower,6,3,17,24,50,0,2,27,17,46,6,5,44,41,96,24,104,128,224
06/01/2016,BFM,AL,ASO,CE,Federal Contract Tower,8,9,13,27,57,0,4,24,19,47,8,13,37,46,104,42,132,174,278
06/02/2016,BFM,AL,ASO,CE,Federal Contract Tower,8,7,16,26,57,0,4,21,28,53,8,11,37,54,110,26,210,236,346
06/03/2016,BFM,AL,ASO,CE,Federal Contract Tower,6,5,13,49,73,0,0,33,25,58,6,5,46,74,131,48,164,212,343
06/04/2016,BFM,AL,ASO,CE,Federal Contract Tower,2,2,2,0,6,0,0,5,10,15,2,2,7,10,21,4,0,4,25
06/05/2016,BFM,AL,ASO,CE,Federal Contract Tower,1,2,7,6,16,0,0,4,1,5,1,2,11,7,21,2,0,2,23
06/06/2016,BFM,AL,ASO,CE,Federal Contract Tower,2,2,13,26,43,0,1,5,28,34,2,3,18,54,77,0,174,174,251
06/07/2016,BFM,AL,ASO,CE,Federal Contract Tower,7,6,18,21,52,0,7,34,32,73,7,13,52,53,125,46,122,168,293
06/08/2016,BFM,AL,ASO,CE,Federal Contract Tower,6,10,13,27,56,1,9,57,41,108,7,19,70,68,164,40,132,172,336
06/09/2016,BFM,AL,ASO,CE,Federal Contract Tower,10,10,20,34,74,0,12,18,16,46,10,22,38,50,120,12,68,80,200
06/10/2016,BFM,AL,ASO,CE,Federal Contract Tower,9,12,9,24,54,0,3,34,21,58,9,15,43,45,112,40,74,114,226
06/11/2016,BFM,AL,ASO,CE,Federal Contract Tower,2,4,5,0,11,0,3,7,7,17,2,7,12,7,28,0,56,56,84
06/12/2016,BFM,AL,ASO,CE,Federal Contract Tower,4,2,12,1,19,0,2,11,5,18,4,4,23,6,37,2,14,16,53
06/13/2016,BFM,AL,ASO,CE,Federal Contract Tower,3,4,17,18,42,0,4,14,11,29,3,8,31,29,71,16,30,46,117
06/14/2016,BFM,AL,ASO,CE,Federal Contract Tower,7,6,20,36,69,0,7,8,21,36,7,13,28,57,105,14,52,66,171
06/15/2016,BFM,AL,ASO,CE,Federal Contract Tower,8,13,32,19,72,0,8,10,17,35,8,21,42,36,107,0,82,82,189
06/16/2016,BFM,AL,ASO,CE,Federal Contract Tower,8,9,15,38,70,0,7,20,28,55,8,16,35,66,125,2,120,122,247
06/17/2016,BFM,AL,ASO,CE,Federal Contract Tower,6,11,16,22,55,0,5,19,29,53,6,16,35,51,108,20,140,160,268
06/18/2016,BFM,AL,ASO,CE,Federal Contract Tower,2,3,4,1,10,0,0,20,0,20,2,3,24,1,30,30,0,30,60
06/19/2016,BFM,AL,ASO,CE,Federal Contract Tower,2,0,5,8,15,0,2,6,6,14,2,2,11,14,29,0,42,42,71
06/20/2016,BFM,AL,ASO,CE,Federal Contract Tower,7,6,13,29,55,0,7,26,29,62,7,13,39,58,117,0,138,138,255
06/21/2016,BFM,AL,ASO,CE,Federal Contract Tower,12,8,15,29,64,0,8,30,27,65,12,16,45,56,129,32,116,148,277
06/22/2016,BFM,AL,ASO,CE,Federal Contract Tower,6,8,18,30,62,0,8,19,42,69,6,16,37,72,131,6,202,208,339
06/23/2016,BFM,AL,ASO,CE,Federal Contract Tower,6,6,14,17,43,0,6,56,32,94,6,12,70,49,137,20,120,140,277
06/24/2016,BFM,AL,ASO,CE,Federal Contract Tower,8,8,14,30,60,0,4,22,11,37,8,12,36,41,97,20,50,70,167
06/25/2016,BFM,AL,ASO,CE,Federal Contract Tower,6,2,12,4,24,0,0,18,0,18,6,2,30,4,42,46,0,46,88
06/26/2016,BFM,AL,ASO,CE,Federal Contract Tower,3,3,5,0,11,0,0,15,0,15,3,3,20,0,26,20,0,20,46
06/27/2016,BFM,AL,ASO,CE,Federal Contract Tower,6,3,13,16,38,0,6,22,12,40,6,9,35,28,78,6,90,96,174
06/28/2016,BFM,AL,ASO,CE,Federal Contract Tower,11,6,11,18,46,0,13,21,15,49,11,19,32,33,95,12,60,72,167
06/29/2016,BFM,AL,ASO,CE,Federal Contract Tower,6,9,24,11,50,0,5,14,24,43,6,14,38,35,93,38,138,176,269
06/30/2016,BFM,AL,ASO,CE,Federal Contract Tower,8,7,24,2,41,0,9,6,7,22,8,16,30,9,63,16,26,42,105
07/01/2016,BFM,AL,ASO,CE,Federal Contract Tower,6,8,18,11,43,0,4,16,5,25,6,12,34,16,68,0,44,44,112
07/02/2016,BFM,AL,ASO,CE,Federal Contract Tower,2,2,6,1,11,0,2,12,0,14,2,4,18,1,25,0,0,0,25
07/03/2016,BFM,AL,ASO,CE,Federal Contract Tower,2,0,7,0,9,0,0,13,0,13,2,0,20,0,22,4,0,4,26
07/04/2016,BFM,AL,ASO,CE,Federal Contract Tower,1,2,2,4,9,0,6,14,0,20,1,8,16,4,29,2,0,2,31
07/05/2016,BFM,AL,ASO,CE,Federal Contract Tower,1,7,11,22,41,0,5,15,14,34,1,12,26,36,75,8,104,112,187
07/06/2016,BFM,AL,ASO,CE,Federal Contract Tower,8,7,13,11,39,0,6,14,11,31,8,13,27,22,70,6,32,38,108
07/07/2016,BFM,AL,ASO,CE,Federal Contract Tower,6,7,16,25,54,0,4,21,32,57,6,11,37,57,111,6,122,128,239
07/08/2016,BFM,AL,ASO,CE,Federal Contract Tower,5,6,14,27,52,0,7,15,15,37,5,13,29,42,89,10,60,70,159
07/09/2016,BFM,AL,ASO,CE,Federal Contract Tower,2,5,3,6,16,0,4,15,3,22,2,9,18,9,38,26,8,34,72
07/10/2016,BFM,AL,ASO,CE,Federal Contract Tower,2,0,1,0,3,0,4,3,2,9,2,4,4,2,12,6,0,6,18
07/11/2016,BFM,AL,ASO,CE,Federal Contract Tower,3,5,6,21,35,0,5,7,22,34,3,10,13,43,69,0,100,100,169
07/12/2016,BFM,AL,ASO,CE,Federal Contract Tower,7,9,15,28,59,0,8,13,14,35,7,17,28,42,94,20,86,106,200
07/13/2016,BFM,AL,ASO,CE,Federal Contract Tower,11,9,13,19,52,0,3,18,17,38,11,12,31,36,90,28,34,62,152
07/14/2016,BFM,AL,ASO,CE,Federal Contract Tower,4,6,13,16,39,0,5,10,10,25,4,11,23,26,64,2,24,26,90
07/15/2016,BFM,AL,ASO,CE,Federal Contract Tower,11,6,20,6,43,0,2,16,12,30,11,8,36,18,73,0,84,84,157
07/16/2016,BFM,AL,ASO,CE,Federal Contract Tower,2,2,3,10,17,0,0,13,0,13,2,2,16,10,30,4,0,4,34
07/17/2016,BFM,AL,ASO,CE,Federal Contract Tower,3,0,7,0,10,0,2,0,0,2,3,2,7,0,12,0,0,0,12
07/18/2016,BFM,AL,ASO,CE,Federal Contract Tower,1,1,18,8,28,0,2,12,20,34,1,3,30,28,62,8,132,140,202
07/19/2016,BFM,AL,ASO,CE,Federal Contract Tower,12,7,5,35,59,0,5,19,34,58,12,12,24,69,117,30,160,190,307
07/20/2016,BFM,AL,ASO,CE,Federal Contract Tower,10,7,22,25,64,0,6,13,13,32,10,13,35,38,96,10,78,88,184
07/21/2016,BFM,AL,ASO,CE,Federal Contract Tower,11,8,21,21,61,0,7,19,20,46,11,15,40,41,107,12,110,122,229
07/22/2016,BFM,AL,ASO,CE,Federal Contract Tower,6,5,20,2,33,0,0,15,16,31,6,5,35,18,64,8,56,64,128
07/23/2016,BFM,AL,ASO,CE,Federal Contract Tower,4,3,6,1,14,0,0,34,0,34,4,3,40,1,48,36,0,36,84
07/24/2016,BFM,AL,ASO,CE,Federal Contract Tower,2,4,11,1,18,0,0,14,5,19,2,4,25,6,37,10,42,52,89
07/25/2016,BFM,AL,ASO,CE,Federal Contract Tower,4,7,10,9,30,0,2,25,22,49,4,9,35,31,79,14,124,138,217
07/26/2016,BFM,AL,ASO,CE,Federal Contract Tower,8,10,22,18,58,0,4,3,11,18,8,14,25,29,76,0,52,52,128
07/27/2016,BFM,AL,ASO,CE,Federal Contract Tower,10,8,14,26,58,0,8,18,26,52,10,16,32,52,110,6,166,172,282
07/28/2016,BFM,AL,ASO,CE,Federal Contract Tower,12,12,23,34,81,0,7,35,32,74,12,19,58,66,155,4,126,130,285
07/29/2016,BFM,AL,ASO,CE,Federal Contract Tower,10,5,12,12,39,0,1,22,16,39,10,6,34,28,78,18,84,102,180
07/30/2016,BFM,AL,ASO,CE,Federal Contract Tower,3,4,5,0,12,0,0,9,2,11,3,4,14,2,23,0,0,0,23
07/31/2016,BFM,AL,ASO,CE,Federal Contract Tower,1,3,3,6,13,0,0,8,2,10,1,3,11,8,23,8,0,8,31
08/01/2016,BFM,AL,ASO,CE,Federal Contract Tower,1,2,10,9,22,0,6,18,33,57,1,8,28,42,79,16,200,216,295
08/02/2016,BFM,AL,ASO,CE,Federal Contract Tower,10,7,23,1,41,0,5,15,11,31,10,12,38,12,72,4,36,40,112
08/03/2016,BFM,AL,ASO,CE,Federal Contract Tower,8,7,17,30,62,0,9,12,33,54,8,16,29,63,116,22,144,166,282
08/04/2016,BFM,AL,ASO,CE,Federal Contract Tower,6,6,11,4,27,0,3,12,12,27,6,9,23,16,54,12,70,82,136
08/05/2016,BFM,AL,ASO,CE,Federal Contract Tower,7,6,7,21,41,0,2,29,5,36,7,8,36,26,77,24,6,30,107
08/06/2016,BFM,AL,ASO,CE,Federal Contract Tower,5,2,8,0,15,0,2,17,1,20,5,4,25,1,35,12,0,12,47
08/07/2016,BFM,AL,ASO,CE,Federal Contract Tower,2,1,6,4,13,0,0,17,2,19,2,1,23,6,32,10,0,10,42
08/08/2016,BFM,AL,ASO,CE,Federal Contract Tower,2,3,7,8,20,0,5,7,37,49,2,8,14,45,69,0,42,42,111
08/09/2016,BFM,AL,ASO,CE,Federal Contract Tower,10,13,9,24,56,0,8,15,5,28,10,21,24,29,84,4,16,20,104
08/10/2016,BFM,AL,ASO,CE,Federal Contract Tower,10,8,17,7,42,0,2,3,3,8,10,10,20,10,50,0,54,54,104
08/11/2016,BFM,AL,ASO,CE,Federal Contract Tower,4,12,8,2,26,0,0,0,0,0,4,12,8,2,26,0,4,4,30
08/12/2016,BFM,AL,ASO,CE,Federal Contract Tower,9,6,10,17,42,0,0,4,1,5,9,6,14,18,47,0,20,20,67
08/13/2016,BFM,AL,ASO,CE,Federal Contract Tower,3,3,5,0,11,0,0,4,2,6,3,3,9,2,17,2,26,28,45
08/14/2016,BFM,AL,ASO,CE,Federal Contract Tower,2,0,2,0,4,0,2,25,2,29,2,2,27,2,33,18,2,20,53
08/15/2016,BFM,AL,ASO,CE,Federal Contract Tower,7,5,10,21,43,0,4,18,18,40,7,9,28,39,83,12,140,152,235
08/16/2016,BFM,AL,ASO,CE,Federal Contract Tower,10,7,20,38,75,0,7,16,29,52,10,14,36,67,127,44,158,202,329
08/17/2016,BFM,AL,ASO,CE,Federal Contract Tower,9,8,36,21,74,0,6,20,29,55,9,14,56,50,129,18,118,136,265
08/18/2016,BFM,AL,ASO,CE,Federal Contract Tower,9,5,16,11,41,0,3,22,33,58,9,8,38,44,99,26,168,194,293
08/19/2016,BFM,AL,ASO,CE,Federal Contract Tower,5,6,20,8,39,0,5,22,39,66,5,11,42,47,105,12,168,180,285
08/20/2016,BFM,AL,ASO,CE,Federal Contract Tower,3,6,14,1,24,0,2,15,3,20,3,8,29,4,44,28,8,36,80
08/21/2016,BFM,AL,ASO,CE,Federal Contract Tower,1,2,3,0,6,0,0,11,6,17,1,2,14,6,23,6,0,6,29
08/22/2016,BFM,AL,ASO,CE,Federal Contract Tower,7,3,10,4,24,0,4,33,25,62,7,7,43,29,86,22,94,116,202
08/23/2016,BFM,AL,ASO,CE,Federal Contract Tower,12,5,30,28,75,0,5,25,48,78,12,10,55,76,153,24,232,256,409
08/24/2016,BFM,AL,ASO,CE,Federal Contract Tower,6,7,16,15,44,0,4,20,27,51,6,11,36,42,95,2,126,128,223
08/25/2016,BFM,AL,ASO,CE,Federal Contract Tower,7,7,15,20,49,0,4,30,36,70,7,11,45,56,119,24,214,238,357
08/26/2016,BFM,AL,ASO,CE,Federal Contract Tower,7,9,20,10,46,0,6,19,14,39,7,15,39,24,85,8,114,122,207
08/27/2016,BFM,AL,ASO,CE,Federal Contract Tower,2,3,15,6,26,0,0,17,0,17,2,3,32,6,43,4,0,4,47
08/28/2016,BFM,AL,ASO,CE,Federal Contract Tower,1,3,9,0,13,0,0,13,4,17,1,3,22,4,30,2,44,46,76
08/29/2016,BFM,AL,ASO,CE,Federal Contract Tower,3,2,15,29,49,0,12,32,23,67,3,14,47,52,116,14,170,184,300
08/30/2016,BFM,AL,ASO,CE,Federal Contract Tower,9,4,13,18,44,0,5,29,8,42,9,9,42,26,86,18,74,92,178
08/31/2016,BFM,AL,ASO,CE,Federal Contract Tower,6,15,12,30,63,0,5,31,19,55,6,20,43,49,118,12,99,111,229
09/01/2016,BFM,AL,ASO,CE,Federal Contract Tower,8,7,13,5,33,0,3,16,11,30,8,10,29,16,63,0,70,70,133
09/02/2016,BFM,AL,ASO,CE,Federal Contract Tower,5,6,18,4,33,0,4,23,4,31,5,10,41,8,64,24,50,74,138
09/03/2016,BFM,AL,ASO,CE,Federal Contract Tower,2,2,11,0,15,0,0,5,0,5,2,2,16,0,20,0,0,0,20
09/04/2016,BFM,AL,ASO,CE,Federal Contract Tower,2,0,10,1,13,0,0,0,1,1,2,0,10,2,14,0,0,0,14
09/05/2016,BFM,AL,ASO,CE,Federal Contract Tower,0,0,6,0,6,0,1,2,0,3,0,1,8,0,9,0,0,0,9
09/06/2016,BFM,AL,ASO,CE,Federal Contract Tower,3,5,17,19,44,0,7,15,19,41,3,12,32,38,85,30,98,128,213
09/07/2016,BFM,AL,ASO,CE,Federal Contract Tower,9,5,19,40,73,0,2,32,25,59,9,7,51,65,132,12,146,158,290
09/08/2016,BFM,AL,ASO,CE,Federal Contract Tower,9,6,19,34,68,0,7,16,21,44,9,13,35,55,112,2,138,140,252
09/09/2016,BFM,AL,ASO,CE,Federal Contract Tower,12,7,15,28,62,0,4,31,20,55,12,11,46,48,117,16,96,112,229
09/10/2016,BFM,AL,ASO,CE,Federal Contract Tower,2,4,5,3,14,0,3,10,2,15,2,7,15,5,29,10,6,16,45
09/11/2016,BFM,AL,ASO,CE,Federal Contract Tower,2,0,8,6,16,0,3,9,0,12,2,3,17,6,28,6,0,6,34
09/12/2016,BFM,AL,ASO,CE,Federal Contract Tower,3,4,24,11,42,0,4,10,41,55,3,8,34,52,97,2,134,136,233
09/13/2016,BFM,AL,ASO,CE,Federal Contract Tower,9,9,15,15,48,0,14,22,23,59,9,23,37,38,107,12,134,146,253
09/14/2016,BFM,AL,ASO,CE,Federal Contract Tower,7,9,11,24,51,0,4,20,15,39,7,13,31,39,90,8,98,106,196
09/15/2016,BFM,AL,ASO,CE,Federal Contract Tower,7,11,13,45,76,0,2,23,32,57,7,13,36,77,133,10,172,182,315
09/16/2016,BFM,AL,ASO,CE,Federal Contract Tower,6,12,17,9,44,0,2,5,18,25,6,14,22,27,69,0,62,62,131
09/17/2016,BFM,AL,ASO,CE,Federal Contract Tower,4,2,3,8,17,0,0,10,1,11,4,2,13,9,28,0,0,0,28
09/18/2016,BFM,AL,ASO,CE,Federal Contract Tower,1,2,9,2,14,0,0,3,0,3,1,2,12,2,17,0,0,0,17
09/19/2016,BFM,AL,ASO,CE,Federal Contract Tower,11,12,12,20,55,0,3,19,22,44,11,15,31,42,99,24,94,118,217
09/20/2016,BFM,AL,ASO,CE,Federal Contract Tower,6,11,17,16,50,0,4,27,22,53,6,15,44,38,103,10,92,102,205
09/21/2016,BFM,AL,ASO,CE,Federal Contract Tower,7,9,18,13,47,0,5,32,25,62,7,14,50,38,109,36,120,156,265
09/22/2016,BFM,AL,ASO,CE,Federal Contract Tower,9,6,20,31,66,0,5,22,15,42,9,11,42,46,108,22,80,102,210
09/23/2016,BFM,AL,ASO,CE,Federal Contract Tower,7,7,27,12,53,0,3,30,13,46,7,10,57,25,99,6,90,96,195
09/24/2016,BFM,AL,ASO,CE,Federal Contract Tower,5,2,3,0,10,0,0,26,0,26,5,2,29,0,36,0,0,0,36
09/25/2016,BFM,AL,ASO,CE,Federal Contract Tower,5,0,10,0,15,0,3,15,2,20,5,3,25,2,35,8,0,8,43
09/26/2016,BFM,AL,ASO,CE,Federal Contract Tower,4,4,16,14,38,0,8,12,23,43,4,12,28,37,81,10,56,66,147
09/27/2016,BFM,AL,ASO,CE,Federal Contract Tower,10,6,32,11,59,0,6,20,24,50,10,12,52,35,109,0,120,120,229
09/28/2016,BFM,AL,ASO,CE,Federal Contract Tower,12,10,16,34,72,0,9,15,16,40,12,19,31,50,112,16,66,82,194
09/29/2016,BFM,AL,ASO,CE,Federal Contract Tower,13,7,14,20,54,0,3,21,27,51,13,10,35,47,105,24,156,180,285
09/30/2016,BFM,AL,ASO,CE,Federal Contract Tower,10,7,12,16,45,0,2,23,19,44,10,9,35,35,89,4,68,72,161
10/01/2016,BFM,AL,ASO,CE,Federal Contract Tower,5,2,3,2,12,0,2,31,0,33,5,4,34,2,45,4,0,4,49
10/02/2016,BFM,AL,ASO,CE,Federal Contract Tower,2,0,5,0,7,0,1,13,4,18,2,1,18,4,25,16,6,22,47
10/03/2016,BFM,AL,ASO,CE,Federal Contract Tower,4,9,12,15,40,0,5,9,17,31,4,14,21,32,71,2,84,86,157
10/04/2016,BFM,AL,ASO,CE,Federal Contract Tower,6,9,17,19,51,0,5,29,19,53,6,14,46,38,104,10,76,86,190
10/05/2016,BFM,AL,ASO,CE,Federal Contract Tower,10,10,16,12,48,0,5,24,38,67,10,15,40,50,115,10,156,166,281
10/06/2016,BFM,AL,ASO,CE,Federal Contract Tower,10,5,18,14,47,0,3,12,9,24,10,8,30,23,71,12,36,48,119
10/07/2016,BFM,AL,ASO,CE,Federal Contract Tower,8,5,15,3,31,0,2,19,16,37,8,7,34,19,68,0,96,96,164
10/08/2016,BFM,AL,ASO,CE,Federal Contract Tower,2,2,9,7,20,0,2,11,1,14,2,4,20,8,34,0,0,0,34
10/09/2016,BFM,AL,ASO,CE,Federal Contract Tower,1,2,2,3,8,0,0,19,6,25,1,2,21,9,33,6,44,50,83
10/10/2016,BFM,AL,ASO,CE,Federal Contract Tower,3,1,13,0,17,0,6,22,0,28,3,7,35,0,45,18,0,18,63
10/11/2016,BFM,AL,ASO,CE,Federal Contract Tower,13,6,17,26,62,0,6,27,20,53,13,12,44,46,115,4,54,58,173
10/12/2016,BFM,AL,ASO,CE,Federal Contract Tower,7,8,9,15,39,0,9,19,19,47,7,17,28,34,86,2,114,116,202
10/13/2016,BFM,AL,ASO,CE,Federal Contract Tower,6,4,28,27,65,0,2,24,14,40,6,6,52,41,105,40,88,128,233
10/14/2016,BFM,AL,ASO,CE,Federal Contract Tower,10,7,15,11,43,0,4,26,8,38,10,11,41,19,81,32,124,156,237
10/15/2016,BFM,AL,ASO,CE,Federal Contract Tower,6,5,7,1,19,0,0,23,2,25,6,5,30,3,44,0,10,10,54
10/16/2016,BFM,AL,ASO,CE,Federal Contract Tower,3,0,14,0,17,0,0,14,0,14,3,0,28,0,31,0,0,0,31
10/17/2016,BFM,AL,ASO,CE,Federal Contract Tower,5,2,15,24,46,0,3,18,31,52,5,5,33,55,98,2,130,132,230
10/18/2016,BFM,AL,ASO,CE,Federal Contract Tower,8,11,11,26,56,0,4,23,25,52,8,15,34,51,108,2,130,132,240
10/19/2016,BFM,AL,ASO,CE,Federal Contract Tower,10,6,23,22,61,0,9,32,31,72,10,15,55,53,133,20,150,170,303
10/20/2016,BFM,AL,ASO,CE,Federal Contract Tower,9,6,18,10,43,0,7,15,37,59,9,13,33,47,102,12,248,260,362
10/21/2016,BFM,AL,ASO,CE,Federal Contract Tower,5,11,16,10,42,0,2,20,31,53,5,13,36,41,95,10,138,148,243
10/22/2016,BFM,AL,ASO,CE,Federal Contract Tower,1,3,11,2,17,0,0,16,1,17,1,3,27,3,34,2,12,14,48
10/23/2016,BFM,AL,ASO,CE,Federal Contract Tower,4,2,7,5,18,0,0,22,0,22,4,2,29,5,40,12,2,14,54
10/24/2016,BFM,AL,ASO,CE,Federal Contract Tower,5,2,20,22,49,0,3,25,28,56,5,5,45,50,105,0,158,158,263
10/25/2016,BFM,AL,ASO,CE,Federal Contract Tower,5,6,35,27,73,0,7,23,29,59,5,13,58,56,132,6,124,130,262
10/26/2016,BFM,AL,ASO,CE,Federal Contract Tower,7,6,17,19,49,0,4,27,29,60,7,10,44,48,109,4,128,132,241
10/27/2016,BFM,AL,ASO,CE,Federal Contract Tower,9,11,22,8,50,0,6,20,14,40,9,17,42,22,90,10,96,106,196
10/28/2016,BFM,AL,ASO,CE,Federal Contract Tower,8,12,10,12,42,0,6,14,13,33,8,18,24,25,75,2,32,34,109
10/29/2016,BFM,AL,ASO,CE,Federal Contract Tower,3,2,5,4,14,0,0,17,5,22,3,2,22,9,36,32,0,32,68
10/30/2016,BFM,AL,ASO,CE,Federal Contract Tower,3,0,4,2,9,0,1,9,3,13,3,1,13,5,22,8,6,14,36
10/31/2016,BFM,AL,ASO,CE,Federal Contract Tower,10,2,7,15,34,0,2,23,27,52,10,4,30,42,86,6,100,106,192
11/01/2016,BFM,AL,ASO,CE,Federal Contract Tower,11,8,11,35,65,0,5,21,14,40,11,13,32,49,105,14,44,58,163
11/02/2016,BFM,AL,ASO,CE,Federal Contract Tower,9,6,14,19,48,0,4,23,24,51,9,10,37,43,99,34,184,218,317
11/03/2016,BFM,AL,ASO,CE,Federal Contract Tower,8,6,15,32,61,0,7,32,31,70,8,13,47,63,131,22,210,232,363
11/04/2016,BFM,AL,ASO,CE,Federal Contract Tower,10,8,17,22,57,0,2,29,22,53,10,10,46,44,110,8,68,76,186
11/05/2016,BFM,AL,ASO,CE,Federal Contract Tower,3,2,11,2,18,0,0,19,3,22,3,2,30,5,40,14,32,46,86
11/06/2016,BFM,AL,ASO,CE,Federal Contract Tower,2,2,8,1,13,0,0,15,9,24,2,2,23,10,37,4,46,50,87
11/07/2016,BFM,AL,ASO,CE,Federal Contract Tower,2,4,13,15,34,0,1,14,27,42,2,5,27,42,76,6,106,112,188
11/08/2016,BFM,AL,ASO,CE,Federal Contract Tower,7,8,18,25,58,0,4,10,16,30,7,12,28,41,88,2,50,52,140
11/09/2016,BFM,AL,ASO,CE,Federal Contract Tower,6,5,20,22,53,0,1,11,25,37,6,6,31,47,90,4,126,130,220
11/10/2016,BFM,AL,ASO,CE,Federal Contract Tower,10,9,25,2,46,0,8,28,21,57,10,17,53,23,103,24,120,144,247
11/11/2016,BFM,AL,ASO,CE,Federal Contract Tower,5,11,12,2,30,0,4,28,0,32,5,15,40,2,62,16,0,16,78
11/12/2016,BFM,AL,ASO,CE,Federal Contract Tower,4,0,3,2,9,0,5,16,0,21,4,5,19,2,30,6,0,6,36
11/13/2016,BFM,AL,ASO,CE,Federal Contract Tower,2,2,5,0,9,0,0,22,0,22,2,2,27,0,31,46,0,46,77
11/14/2016,BFM,AL,ASO,CE,Federal Contract Tower,3,5,18,13,39,0,2,20,19,41,3,7,38,32,80,0,82,82,162
11/15/2016,BFM,AL,ASO,CE,Federal Contract Tower,5,9,31,17,62,0,10,21,21,52,5,19,52,38,114,12,66,78,192
11/16/2016,BFM,AL,ASO,CE,Federal Contract Tower,11,7,16,13,47,0,8,24,51,83,11,15,40,64,130,16,279,295,425
11/17/2016,BFM,AL,ASO,CE,Federal Contract Tower,10,15,23,14,62,0,7,27,42,76,10,22,50,56,138,8,280,288,426
11/18/2016,BFM,AL,ASO,CE,Federal Contract Tower,4,9,24,6,43,0,6,23,19,48,4,15,47,25,91,42,164,206,297
11/19/2016,BFM,AL,ASO,CE,Federal Contract Tower,4,2,4,2,12,0,0,4,10,14,4,2,8,12,26,16,24,40,66
11/20/2016,BFM,AL,ASO,CE,Federal Contract Tower,5,1,9,3,18,0,2,13,5,20,5,3,22,8,38,6,14,20,58
11/21/2016,BFM,AL,ASO,CE,Federal Contract Tower,2,4,13,34,53,0,4,26,22,52,2,8,39,56,105,22,150,172,277
11/22/2016,BFM,AL,ASO,CE,Federal Contract Tower,12,8,14,9,43,0,5,20,24,49,12,13,34,33,92,12,104,116,208
11/23/2016,BFM,AL,ASO,CE,Federal Contract Tower,6,8,15,3,32,0,12,20,10,42,6,20,35,13,74,8,58,66,140
11/24/2016,BFM,AL,ASO,CE,Federal Contract Tower,0,0,4,0,4,0,2,4,0,6,0,2,8,0,10,0,0,0,10
11/25/2016,BFM,AL,ASO,CE,Federal Contract Tower,12,8,4,0,24,0,1,18,0,19,12,9,22,0,43,0,0,0,43
11/26/2016,BFM,AL,ASO,CE,Federal Contract Tower,4,3,7,0,14,0,2,17,0,19,4,5,24,0,33,4,0,4,37
11/27/2016,BFM,AL,ASO,CE,Federal Contract Tower,2,1,11,0,14,0,4,9,0,13,2,5,20,0,27,0,0,0,27
11/28/2016,BFM,AL,ASO,CE,Federal Contract Tower,5,1,20,36,62,0,3,4,10,17,5,4,24,46,79,0,64,64,143
11/29/2016,BFM,AL,ASO,CE,Federal Contract Tower,7,5,9,23,44,0,5,2,1,8,7,10,11,24,52,0,20,20,72
11/30/2016,BFM,AL,ASO,CE,Federal Contract Tower,4,7,16,10,37,0,4,2,17,23,4,11,18,27,60,0,126,126,186
12/01/2016,BFM,AL,ASO,CE,Federal Contract Tower,6,6,13,27,52,0,7,40,28,75,6,13,53,55,127,30,106,136,263
12/02/2016,BFM,AL,ASO,CE,Federal Contract Tower,11,4,11,26,52,0,2,20,20,42,11,6,31,46,94,26,92,118,212
12/03/2016,BFM,AL,ASO,CE,Federal Contract Tower,4,5,2,0,11,0,0,13,3,16,4,5,15,3,27,22,0,22,49
12/04/2016,BFM,AL,ASO,CE,Federal Contract Tower,1,2,3,0,6,0,0,0,0,0,1,2,3,0,6,0,0,0,6
12/05/2016,BFM,AL,ASO,CE,Federal Contract Tower,1,2,10,0,13,0,0,0,0,0,1,2,10,0,13,0,0,0,13
12/06/2016,BFM,AL,ASO,CE,Federal Contract Tower,11,8,17,38,74,0,6,8,10,24,11,14,25,48,98,10,54,64,162
12/07/2016,BFM,AL,ASO,CE,Federal Contract Tower,6,12,24,44,86,0,5,24,16,45,6,17,48,60,131,18,84,102,233
12/08/2016,BFM,AL,ASO,CE,Federal Contract Tower,6,6,10,24,46,0,4,15,16,35,6,10,25,40,81,12,98,110,191
12/09/2016,BFM,AL,ASO,CE,Federal Contract Tower,9,7,14,37,67,0,3,29,11,43,9,10,43,48,110,30,46,76,186
12/10/2016,BFM,AL,ASO,CE,Federal Contract Tower,2,3,4,8,17,0,0,19,1,20,2,3,23,9,37,18,0,18,55
12/11/2016,BFM,AL,ASO,CE,Federal Contract Tower,6,2,9,16,33,0,5,40,2,47,6,7,49,18,80,30,26,56,136
12/12/2016,BFM,AL,ASO,CE,Federal Contract Tower,2,4,12,18,36,0,3,12,8,23,2,7,24,26,59,32,44,76,135
12/13/2016,BFM,AL,ASO,CE,Federal Contract Tower,7,3,21,0,31,0,0,0,0,0,7,3,21,0,31,0,0,0,31
12/14/2016,BFM,AL,ASO,CE,Federal Contract Tower,5,5,21,13,44,0,0,0,0,0,5,5,21,13,44,0,0,0,44
12/15/2016,BFM,AL,ASO,CE,Federal Contract Tower,7,10,24,43,84,0,3,32,32,67,7,13,56,75,151,26,182,208,359
12/16/2016,BFM,AL,ASO,CE,Federal Contract Tower,5,5,15,26,51,0,6,25,14,45,5,11,40,40,96,36,66,102,198
12/17/2016,BFM,AL,ASO,CE,Federal Contract Tower,8,12,21,0,41,0,6,3,0,9,8,18,24,0,50,0,0,0,50
12/18/2016,BFM,AL,ASO,CE,Federal Contract Tower,2,3,5,0,10,0,0,0,0,0,2,3,5,0,10,0,0,0,10
12/19/2016,BFM,AL,ASO,CE,Federal Contract Tower,5,1,8,8,22,0,0,3,3,6,5,1,11,11,28,4,6,10,38
12/20/2016,BFM,AL,ASO,CE,Federal Contract Tower,6,9,25,22,62,0,0,0,0,0,6,9,25,22,62,0,0,0,62
12/21/2016,BFM,AL,ASO,CE,Federal Contract Tower,9,5,14,5,33,0,6,21,8,35,9,11,35,13,68,16,22,38,106
12/22/2016,BFM,AL,ASO,CE,Federal Contract Tower,6,7,17,13,43,0,3,18,6,27,6,10,35,19,70,30,20,50,120
12/23/2016,BFM,AL,ASO,CE,Federal Contract Tower,10,6,16,0,32,0,7,20,2,29,10,13,36,2,61,32,12,44,105
12/24/2016,BFM,AL,ASO,CE,Federal Contract Tower,1,2,5,0,8,0,0,3,0,3,1,2,8,0,11,0,0,0,11
12/25/2016,BFM,AL,ASO,CE,Federal Contract Tower,0,0,1,0,1,0,0,0,2,2,0,0,1,2,3,0,0,0,3
12/26/2016,BFM,AL,ASO,CE,Federal Contract Tower,3,2,17,0,22,0,0,6,0,6,3,2,23,0,28,0,0,0,28
12/27/2016,BFM,AL,ASO,CE,Federal Contract Tower,6,2,5,10,23,0,0,3,4,7,6,2,8,14,30,0,24,24,54
12/28/2016,BFM,AL,ASO,CE,Federal Contract Tower,8,4,15,4,31,0,0,2,0,2,8,4,17,4,33,0,0,0,33
12/29/2016,BFM,AL,ASO,CE,Federal Contract Tower,4,4,7,12,27,0,3,6,16,25,4,7,13,28,52,0,76,76,128
12/30/2016,BFM,AL,ASO,CE,Federal Contract Tower,5,3,5,2,15,0,7,34,2,43,5,10,39,4,58,10,0,10,68
12/31/2016,BFM,AL,ASO,CE,Federal Contract Tower,4,1,5,0,10,0,2,7,0,9,4,3,12,0,19,14,0,14,33
01/01/2017,BFM,AL,ASO,CE,Federal Contract Tower,0,0,3,0,3,0,0,0,0,0,0,0,3,0,3,0,0,0,3
01/02/2017,BFM,AL,ASO,CE,Federal Contract Tower,2,2,11,0,15,0,0,1,0,1,2,2,12,0,16,0,0,0,16
01/03/2017,BFM,AL,ASO,CE,Federal Contract Tower,4,4,15,28,51,0,3,12,16,31,4,7,27,44,82,8,128,136,218
01/04/2017,BFM,AL,ASO,CE,Federal Contract Tower,6,6,27,14,53,0,4,18,12,34,6,10,45,26,87,4,48,52,139
01/05/2017,BFM,AL,ASO,CE,Federal Contract Tower,7,15,20,16,58,0,2,31,34,67,7,17,51,50,125,12,196,208,333
01/06/2017,BFM,AL,ASO,CE,Federal Contract Tower,7,4,5,6,22,0,0,0,0,0,7,4,5,6,22,0,0,0,22
01/07/2017,BFM,AL,ASO,CE,Federal Contract Tower,4,3,6,4,17,0,6,4,6,16,4,9,10,10,33,0,54,54,87
01/08/2017,BFM,AL,ASO,CE,Federal Contract Tower,1,4,5,0,10,0,4,24,5,33,1,8,29,5,43,28,8,36,79
01/09/2017,BFM,AL,ASO,CE,Federal Contract Tower,2,2,11,31,46,0,4,22,39,65,2,6,33,70,111,10,184,194,305
01/10/2017,BFM,AL,ASO,CE,Federal Contract Tower,5,9,33,43,90,0,5,17,32,54,5,14,50,75,144,46,222,268,412
01/11/2017,BFM,AL,ASO,CE,Federal Contract Tower,5,9,19,53,86,0,0,16,47,63,5,9,35,100,149,28,252,280,429
01/12/2017,BFM,AL,ASO,CE,Federal Contract Tower,7,9,20,36,72,0,5,16,29,50,7,14,36,65,122,30,160,190,312
01/13/2017,BFM,AL,ASO,CE,Federal Contract Tower,9,2,18,20,49,0,1,20,23,44,9,3,38,43,93,4,74,78,171
01/14/2017,BFM,AL,ASO,CE,Federal Contract Tower,7,3,3,0,13,0,0,17,2,19,7,3,20,2,32,2,20,22,54
01/15/2017,BFM,AL,ASO,CE,Federal Contract Tower,1,0,5,0,6,0,1,6,2,9,1,1,11,2,15,0,8,8,23
01/16/2017,BFM,AL,ASO,CE,Federal Contract Tower,2,9,15,0,26,0,2,20,0,22,2,11,35,0,48,2,0,2,50
01/17/2017,BFM,AL,ASO,CE,Federal Contract Tower,12,8,18,38,76,0,4,4,23,31,12,12,22,61,107,2,106,108,215
01/18/2017,BFM,AL,ASO,CE,Federal Contract Tower,12,3,12,14,41,0,1,7,27,35,12,4,19,41,76,12,126,138,214
01/19/2017,BFM,AL,ASO,CE,Federal Contract Tower,4,6,13,6,29,0,0,0,0,0,4,6,13,6,29,0,8,8,37
01/20/2017,BFM,AL,ASO,CE,Federal Contract Tower,5,9,10,12,36,0,2,2,10,14,5,11,12,22,50,0,54,54,104
01/21/2017,BFM,AL,ASO,CE,Federal Contract Tower,3,0,0,0,3,0,0,3,0,3,3,0,3,0,6,0,0,0,6
01/22/2017,BFM,AL,ASO,CE,Federal Contract Tower,2,0,5,4,11,0,2,0,0,2,2,2,5,4,13,0,0,0,13
01/23/2017,BFM,AL,ASO,CE,Federal Contract Tower,1,3,15,28,47,0,6,27,43,76,1,9,42,71,123,4,234,238,361
01/24/2017,BFM,AL,ASO,CE,Federal Contract Tower,7,8,21,24,60,0,7,22,15,44,7,15,43,39,104,4,58,62,166
01/25/2017,BFM,AL,ASO,CE,Federal Contract Tower,6,6,35,23,70,0,6,14,23,43,6,12,49,46,113,4,66,70,183
01/26/2017,BFM,AL,ASO,CE,Federal Contract Tower,6,6,19,33,64,0,2,25,23,50,6,8,44,56,114,28,174,202,316
01/27/2017,BFM,AL,ASO,CE,Federal Contract Tower,8,7,15,25,55,0,1,12,28,41,8,8,27,53,96,0,126,126,222
01/28/2017,BFM,AL,ASO,CE,Federal Contract Tower,2,2,4,1,9,0,0,19,14,33,2,2,23,15,42,8,4,12,54
01/29/2017,BFM,AL,ASO,CE,Federal Contract Tower,3,0,6,2,11,0,0,17,0,17,3,0,23,2,28,24,0,24,52
01/30/2017,BFM,AL,ASO,CE,Federal Contract Tower,3,7,12,26,48,0,4,18,24,46,3,11,30,50,94,20,152,172,266
01/31/2017,BFM,AL,ASO,CE,Federal Contract Tower,4,6,25,34,69,0,11,16,31,58,4,17,41,65,127,20,160,180,307
02/01/2017,BFM,AL,ASO,CE,Federal Contract Tower,5,5,10,44,64,0,3,27,49,79,5,8,37,93,143,8,240,248,391
02/02/2017,BFM,AL,ASO,CE,Federal Contract Tower,5,3,11,16,35,0,3,17,44,64,5,6,28,60,99,26,250,276,375
02/03/2017,BFM,AL,ASO,CE,Federal Contract Tower,5,6,20,20,51,0,0,3,11,14,5,6,23,31,65,0,76,76,141
02/04/2017,BFM,AL,ASO,CE,Federal Contract Tower,3,3,1,5,12,0,0,34,9,43,3,3,35,14,55,14,0,14,69
02/05/2017,BFM,AL,ASO,CE,Federal Contract Tower,3,2,6,6,17,0,0,14,5,19,3,2,20,11,36,0,6,6,42
02/06/2017,BFM,AL,ASO,CE,Federal Contract Tower,4,5,17,34,60,0,7,10,29,46,4,12,27,63,106,26,172,198,304
02/07/2017,BFM,AL,ASO,CE,Federal Contract Tower,11,2,6,4,23,0,2,2,2,6,11,4,8,6,29,0,8,8,37
02/08/2017,BFM,AL,ASO,CE,Federal Contract Tower,5,3,19,6,33,0,0,0,0,0,5,3,19,6,33,0,0,0,33
02/09/2017,BFM,AL,ASO,CE,Federal Contract Tower,8,8,13,36,65,0,4,28,20,52,8,12,41,56,117,26,114,140,257
02/10/2017,BFM,AL,ASO,CE,Federal Contract Tower,5,8,15,16,44,0,0,41,29,70,5,8,56,45,114,54,164,218,332
02/11/2017,BFM,AL,ASO,CE,Federal Contract Tower,5,2,9,1,17,0,4,20,0,24,5,6,29,1,41,4,0,4,45
02/12/2017,BFM,AL,ASO,CE,Federal Contract Tower,3,0,10,1,14,0,0,4,9,13,3,0,14,10,27,0,50,50,77
02/13/2017,BFM,AL,ASO,CE,Federal Contract Tower,4,5,6,41,56,0,5,22,41,68,4,10,28,82,124,38,216,254,378
02/14/2017,BFM,AL,ASO,CE,Federal Contract Tower,14,6,12,53,85,0,1,28,31,60,14,7,40,84,145,22,138,160,305
02/15/2017,BFM,AL,ASO,CE,Federal Contract Tower,10,4,19,46,79,0,0,7,18,25,10,4,26,64,104,6,146,152,256
02/16/2017,BFM,AL,ASO,CE,Federal Contract Tower,4,7,24,27,62,0,2,32,34,68,4,9,56,61,130,18,168,186,316
02/17/2017,BFM,AL,ASO,CE,Federal Contract Tower,13,7,16,11,47,0,3,32,12,47,13,10,48,23,94,44,84,128,222
02/18/2017,BFM,AL,ASO,CE,Federal Contract Tower,2,3,7,12,24,0,0,16,8,24,2,3,23,20,48,0,44,44,92
02/19/2017,BFM,AL,ASO,CE,Federal Contract Tower,2,0,16,9,27,0,3,31,12,46,2,3,47,21,73,20,74,94,167
02/20/2017,BFM,AL,ASO,CE,Federal Contract Tower,5,5,9,10,29,0,4,4,0,8,5,9,13,10,37,0,0,0,37
02/21/2017,BFM,AL,ASO,CE,Federal Contract Tower,10,4,21,0,35,0,0,1,0,1,10,4,22,0,36,0,0,0,36
02/22/2017,BFM,AL,ASO,CE,Federal Contract Tower,2,6,20,38,66,0,5,13,22,40,2,11,33,60,106,32,116,148,254
02/23/2017,BFM,AL,ASO,CE,Federal Contract Tower,3,5,15,29,52,0,0,14,18,32,3,5,29,47,84,8,144,152,236
02/24/2017,BFM,AL,ASO,CE,Federal Contract Tower,8,12,24,9,53,0,1,13,18,32,8,13,37,27,85,8,58,66,151
02/25/2017,BFM,AL,ASO,CE,Federal Contract Tower,3,2,10,21,36,0,0,9,12,21,3,2,19,33,57,12,8,20,77
02/26/2017,BFM,AL,ASO,CE,Federal Contract Tower,4,2,14,4,24,0,3,23,5,31,4,5,37,9,55,6,16,22,77
02/27/2017,BFM,AL,ASO,CE,Federal Contract Tower,1,5,20,15,41,0,2,9,19,30,1,7,29,34,71,2,72,74,145
02/28/2017,BFM,AL,ASO,CE,Federal Contract Tower,4,13,22,19,58,0,0,1,5,6,4,13,23,24,64,0,30,30,94
03/01/2017,BFM,AL,ASO,CE,Federal Contract Tower,6,7,21,5,39,0,2,0,13,15,6,9,21,18,54,0,38,38,92
03/02/2017,BFM,AL,ASO,CE,Federal Contract Tower,5,5,15,59,84,0,2,10,54,66,5,7,25,113,150,16,322,338,488
03/03/2017,BFM,AL,ASO,CE,Federal Contract Tower,9,10,14,39,72,0,5,25,20,50,9,15,39,59,122,10,92,102,224
03/04/2017,BFM,AL,ASO,CE,Federal Contract Tower,4,4,4,4,16,0,2,22,2,26,4,6,26,6,42,42,12,54,96
03/05/2017,BFM,AL,ASO,CE,Federal Contract Tower,4,0,8,14,26,0,2,0,1,3,4,2,8,15,29,0,10,10,39
03/06/2017,BFM,AL,ASO,CE,Federal Contract Tower,6,1,16,12,35,0,5,8,30,43,6,6,24,42,78,2,172,174,252
03/07/2017,BFM,AL,ASO,CE,Federal Contract Tower,7,6,15,17,45,0,0,1,12,13,7,6,16,29,58,0,74,74,132
03/08/2017,BFM,AL,ASO,CE,Federal Contract Tower,6,5,23,25,59,0,3,24,25,52,6,8,47,50,111,30,96,126,237
03/09/2017,BFM,AL,ASO,CE,Federal Contract Tower,6,8,15,11,40,0,1,38,38,77,6,9,53,49,117,70,168,238,355
03/10/2017,BFM,AL,ASO,CE,Federal Contract Tower,15,2,16,80,113,0,4,10,22,36,15,6,26,102,149,2,162,164,313
03/11/2017,BFM,AL,ASO,CE,Federal Contract Tower,2,2,10,5,19,0,0,14,7,21,2,2,24,12,40,0,56,56,96
03/12/2017,BFM,AL,ASO,CE,Federal Contract Tower,4,0,8,16,28,0,0,3,1,4,4,0,11,17,32,0,0,0,32
03/13/2017,BFM,AL,ASO,CE,Federal Contract Tower,1,1,10,26,38,0,1,0,1,2,1,2,10,27,40,0,4,4,44
03/14/2017,BFM,AL,ASO,CE,Federal Contract Tower,4,4,22,53,83,0,7,25,23,55,4,11,47,76,138,46,182,228,366
03/15/2017,BFM,AL,ASO,CE,Federal Contract Tower,6,7,11,46,70,0,1,16,19,36,6,8,27,65,106,20,60,80,186
03/16/2017,BFM,AL,ASO,CE,Federal Contract Tower,8,9,11,6,34,0,5,25,20,50,8,14,36,26,84,28,130,158,242
03/17/2017,BFM,AL,ASO,CE,Federal Contract Tower,9,7,12,11,39,0,2,23,3,28,9,9,35,14,67,26,20,46,113
03/18/2017,BFM,AL,ASO,CE,Federal Contract Tower,2,3,6,17,28,0,0,19,4,23,2,3,25,21,51,14,52,66,117
03/19/2017,BFM,AL,ASO,CE,Federal Contract Tower,2,2,5,1,10,0,0,8,3,11,2,2,13,4,21,34,20,54,75
03/20/2017,BFM,AL,ASO,CE,Federal Contract Tower,2,2,21,52,77,0,0,20,12,32,2,2,41,64,109,34,84,118,227
03/21/2017,BFM,AL,ASO,CE,Federal Contract Tower,6,8,23,23,60,0,3,17,28,48,6,11,40,51,108,10,188,198,306
03/22/2017,BFM,AL,ASO,CE,Federal Contract Tower,4,8,22,31,65,0,3,32,16,51,4,11,54,47,116,62,102,164,280
03/23/2017,BFM,AL,ASO,CE,Federal Contract Tower,5,18,22,36,81,0,5,18,21,44,5,23,40,57,125,26,92,118,243
03/24/2017,BFM,AL,ASO,CE,Federal Contract Tower,4,8,16,13,41,0,0,5,8,13,4,8,21,21,54,0,62,62,116
03/25/2017,BFM,AL,ASO,CE,Federal Contract Tower,2,2,0,4,8,0,0,6,0,6,2,2,6,4,14,0,4,4,18
03/26/2017,BFM,AL,ASO,CE,Federal Contract Tower,3,1,5,1,10,0,1,8,1,10,3,2,13,2,20,6,0,6,26
03/27/2017,BFM,AL,ASO,CE,Federal Contract Tower,1,3,14,40,58,0,5,7,15,27,1,8,21,55,85,26,66,92,177
03/28/2017,BFM,AL,ASO,CE,Federal Contract Tower,12,5,19,59,95,0,6,13,28,47,12,11,32,87,142,14,94,108,250
03/29/2017,BFM,AL,ASO,CE,Federal Contract Tower,10,11,11,29,61,0,0,19,26,45,10,11,30,55,106,32,102,134,240
03/30/2017,BFM,AL,ASO,CE,Federal Contract Tower,9,2,13,14,38,0,0,5,7,12,9,2,18,21,50,0,40,40,90
03/31/2017,BFM,AL,ASO,CE,Federal Contract Tower,8,8,13,23,52,0,1,36,23,60,8,9,49,46,112,60,116,176,288
04/01/2017,BFM,AL,ASO,CE,Federal Contract Tower,2,8,3,0,13,0,2,14,8,24,2,10,17,8,37,20,0,20,57
04/02/2017,BFM,AL,ASO,CE,Federal Contract Tower,2,6,7,9,24,0,0,8,0,8,2,6,15,9,32,18,4,22,54
04/03/2017,BFM,AL,ASO,CE,Federal Contract Tower,1,5,7,1,14,0,0,1,0,1,1,5,8,1,15,0,0,0,15
04/04/2017,BFM,AL,ASO,CE,Federal Contract Tower,4,4,31,40,79,0,4,40,25,69,4,8,71,65,148,14,60,74,222
04/05/2017,BFM,AL,ASO,CE,Federal Contract Tower,6,4,10,3,23,0,2,1,4,7,6,6,11,7,30,0,42,42,72
04/06/2017,BFM,AL,ASO,CE,Federal Contract Tower,5,8,26,63,102,0,5,18,40,63,5,13,44,103,165,4,182,186,351
04/07/2017,BFM,AL,ASO,CE,Federal Contract Tower,10,8,13,56,87,0,2,48,20,70,10,10,61,76,157,38,128,166,323
04/08/2017,BFM,AL,ASO,CE,Federal Contract Tower,2,4,10,2,18,0,4,14,3,21,2,8,24,5,39,6,14,20,59
04/09/2017,BFM,AL,ASO,CE,Federal Contract Tower,4,2,7,3,16,0,3,15,1,19,4,5,22,4,35,40,0,40,75
04/10/2017,BFM,AL,ASO,CE,Federal Contract Tower,5,5,16,23,49,0,5,25,31,61,5,10,41,54,110,16,152,168,278
04/11/2017,BFM,AL,ASO,CE,Federal Contract Tower,5,7,21,50,83,0,3,28,25,56,5,10,49,75,139,42,196,238,377
04/12/2017,BFM,AL,ASO,CE,Federal Contract Tower,10,11,17,32,70,0,0,17,19,36,10,11,34,51,106,6,102,108,214
04/13/2017,BFM,AL,ASO,CE,Federal Contract Tower,9,10,26,36,81,0,6,47,20,73,9,16,73,56,154,46,152,198,352
04/14/2017,BFM,AL,ASO,CE,Federal Contract Tower,4,4,12,8,28,0,5,29,11,45,4,9,41,19,73,30,78,108,181
04/15/2017,BFM,AL,ASO,CE,Federal Contract Tower,2,4,4,2,12,0,0,22,1,23,2,4,26,3,35,22,0,22,57
04/16/2017,BFM,AL,ASO,CE,Federal Contract Tower,3,0,11,3,17,0,0,4,0,4,3,0,15,3,21,2,0,2,23
04/17/2017,BFM,AL,ASO,CE,Federal Contract Tower,3,4,21,45,73,0,5,28,28,61,3,9,49,73,134,10,170,180,314
04/18/2017,BFM,AL,ASO,CE,Federal Contract Tower,6,6,24,37,73,0,4,22,19,45,6,10,46,56,118,12,150,162,280
04/19/2017,BFM,AL,ASO,CE,Federal Contract Tower,7,7,25,31,70,0,0,38,13,51,7,7,63,44,121,50,48,98,219
04/20/2017,BFM,AL,ASO,CE,Federal Contract Tower,12,7,25,23,67,0,5,17,21,43,12,12,42,44,110,36,90,126,236
04/21/2017,BFM,AL,ASO,CE,Federal Contract Tower,7,4,13,10,34,0,4,31,15,50,7,8,44,25,84,14,142,156,240
04/22/2017,BFM,AL,ASO,CE,Federal Contract Tower,6,2,6,17,31,0,0,19,6,25,6,2,25,23,56,6,96,102,158
04/23/2017,BFM,AL,ASO,CE,Federal Contract Tower,1,2,19,19,41,0,0,7,3,10,1,2,26,22,51,2,12,14,65
04/24/2017,BFM,AL,ASO,CE,Federal Contract Tower,4,4,26,38,72,0,2,11,34,47,4,6,37,72,119,12,162,174,293
04/25/2017,BFM,AL,ASO,CE,Federal Contract Tower,7,3,22,9,41,0,4,28,34,66,7,7,50,43,107,30,184,214,321
04/26/2017,BFM,AL,ASO,CE,Federal Contract Tower,6,8,16,46,76,0,4,18,27,49,6,12,34,73,125,6,98,104,229
04/27/2017,BFM,AL,ASO,CE,Federal Contract Tower,4,9,14,44,71,0,4,11,12,27,4,13,25,56,98,4,54,58,156
04/28/2017,BFM,AL,ASO,CE,Federal Contract Tower,6,4,16,42,68,0,0,3,3,6,6,4,19,45,74,6,16,22,96
04/29/2017,BFM,AL,ASO,CE,Federal Contract Tower,4,2,7,7,20,0,2,123,2,127,4,4,130,9,147,56,12,68,215
04/30/2017,BFM,AL,ASO,CE,Federal Contract Tower,2,1,5,1,9,0,0,2,1,3,2,1,7,2,12,0,0,0,12
05/01/2017,BFM,AL,ASO,CE,Federal Contract Tower,6,3,8,46,63,0,5,14,22,41,6,8,22,68,104,6,80,86,190
05/02/2017,BFM,AL,ASO,CE,Federal Contract Tower,5,7,13,40,65,0,2,49,37,88,5,9,62,77,153,58,176,234,387
05/03/2017,BFM,AL,ASO,CE,Federal Contract Tower,5,4,5,14,28,0,2,17,15,34,5,6,22,29,62,6,52,58,120
05/04/2017,BFM,AL,ASO,CE,Federal Contract Tower,11,9,17,31,68,0,0,5,15,20,11,9,22,46,88,0,52,52,140
05/05/2017,BFM,AL,ASO,CE,Federal Contract Tower,6,9,10,62,87,0,0,14,13,27,6,9,24,75,114,0,52,52,166
05/06/2017,BFM,AL,ASO,CE,Federal Contract Tower,4,3,11,5,23,0,4,29,7,40,4,7,40,12,63,8,80,88,151
05/07/2017,BFM,AL,ASO,CE,Federal Contract Tower,2,2,9,6,19,0,0,24,5,29,2,2,33,11,48,26,0,26,74
05/08/2017,BFM,AL,ASO,CE,Federal Contract Tower,7,1,14,31,53,0,4,24,35,63,7,5,38,66,116,8,196,204,320
05/09/2017,BFM,AL,ASO,CE,Federal Contract Tower,9,4,21,27,61,0,12,42,37,91,9,16,63,64,152,32,188,220,372
05/10/2017,BFM,AL,ASO,CE,Federal Contract Tower,7,4,24,32,67,0,4,62,18,84,7,8,86,50,151,14,100,114,265
05/11/2017,BFM,AL,ASO,CE,Federal Contract Tower,5,8,23,38,74,0,4,18,22,44,5,12,41,60,118,6,74,80,198
05/12/2017,BFM,AL,ASO,CE,Federal Contract Tower,4,7,9,16,36,0,4,9,9,22,4,11,18,25,58,2,22,24,82
05/13/2017,BFM,AL,ASO,CE,Federal Contract Tower,4,2,3,1,10,0,0,3,7,10,4,2,6,8,20,0,22,22,42
05/14/2017,BFM,AL,ASO,CE,Federal Contract Tower,1,0,10,0,11,0,0,14,2,16,1,0,24,2,27,32,2,34,61
05/15/2017,BFM,AL,ASO,CE,Federal Contract Tower,3,5,16,19,43,0,4,14,14,32,3,9,30,33,75,4,48,52,127
05/16/2017,BFM,AL,ASO,CE,Federal Contract Tower,6,6,16,35,63,0,2,38,33,73,6,8,54,68,136,18,172,190,326
05/17/2017,BFM,AL,ASO,CE,Federal Contract Tower,4,3,32,20,59,0,2,20,28,50,4,5,52,48,109,40,126,166,275
05/18/2017,BFM,AL,ASO,CE,Federal Contract Tower,5,12,26,23,66,0,3,13,25,41,5,15,39,48,107,8,192,200,307
05/19/2017,BFM,AL,ASO,CE,Federal Contract Tower,6,8,13,20,47,0,0,8,20,28,6,8,21,40,75,0,116,116,191
05/20/2017,BFM,AL,ASO,CE,Federal Contract Tower,3,2,1,0,6,0,2,4,0,6,3,4,5,0,12,0,8,8,20
05/21/2017,BFM,AL,ASO,CE,Federal Contract Tower,5,2,3,0,10,0,0,2,0,2,5,2,5,0,12,0,0,0,12
05/22/2017,BFM,AL,ASO,CE,Federal Contract Tower,1,3,10,17,31,0,2,9,21,32,1,5,19,38,63,8,94,102,165
05/23/2017,BFM,AL,ASO,CE,Federal Contract Tower,6,5,5,4,20,0,0,2,10,12,6,5,7,14,32,0,70,70,102
05/24/2017,BFM,AL,ASO,CE,Federal Contract Tower,4,5,10,92,111,0,5,21,29,55,4,10,31,121,166,12,140,152,318
05/25/2017,BFM,AL,ASO,CE,Federal Contract Tower,5,9,24,57,95,0,4,32,26,62,5,13,56,83,157,8,138,146,303
05/26/2017,BFM,AL,ASO,CE,Federal Contract Tower,6,5,16,2,29,0,3,33,6,42,6,8,49,8,71,22,72,94,165
05/27/2017,BFM,AL,ASO,CE,Federal Contract Tower,6,1,13,0,20,0,1,13,0,14,6,2,26,0,34,14,0,14,48
05/28/2017,BFM,AL,ASO,CE,Federal Contract Tower,1,0,2,0,3,0,1,7,0,8,1,1,9,0,11,6,0,6,17
05/29/2017,BFM,AL,ASO,CE,Federal Contract Tower,0,1,4,0,5,0,0,8,0,8,0,1,12,0,13,0,0,0,13
05/30/2017,BFM,AL,ASO,CE,Federal Contract Tower,3,8,16,28,55,0,2,8,16,26,3,10,24,44,81,12,132,144,225
05/31/2017,BFM,AL,ASO,CE,Federal Contract Tower,4,6,19,1,30,0,0,11,8,19,4,6,30,9,49,0,28,28,77
06/01/2017,BFM,AL,ASO,CE,Federal Contract Tower,6,5,16,23,50,0,2,7,24,33,6,7,23,47,83,4,102,106,189
06/02/2017,BFM,AL,ASO,CE,Federal Contract Tower,7,4,11,29,51,0,3,17,16,36,7,7,28,45,87,2,76,78,165
06/03/2017,BFM,AL,ASO,CE,Federal Contract Tower,3,6,1,0,10,0,1,3,0,4,3,7,4,0,14,2,0,2,16
06/04/2017,BFM,AL,ASO,CE,Federal Contract Tower,1,0,7,6,14,0,2,7,3,12,1,2,14,9,26,4,0,4,30
06/05/2017,BFM,AL,ASO,CE,Federal Contract Tower,3,3,13,65,84,0,3,17,24,44,3,6,30,89,128,10,110,120,248
06/06/2017,BFM,AL,ASO,CE,Federal Contract Tower,5,5,7,0,17,0,3,1,7,11,5,8,8,7,28,0,18,18,46
06/07/2017,BFM,AL,ASO,CE,Federal Contract Tower,9,5,21,52,87,0,8,19,13,40,9,13,40,65,127,58,42,100,227
06/08/2017,BFM,AL,ASO,CE,Federal Contract Tower,9,10,8,51,78,0,13,38,21,72,9,23,46,72,150,38,98,136,286
06/09/2017,BFM,AL,ASO,CE,Federal Contract Tower,5,4,3,17,29,0,5,38,29,72,5,9,41,46,101,30,188,218,319
06/10/2017,BFM,AL,ASO,CE,Federal Contract Tower,3,4,5,1,13,0,5,26,9,40,3,9,31,10,53,10,34,44,97
06/11/2017,BFM,AL,ASO,CE,Federal Contract Tower,4,0,7,9,20,0,2,9,12,23,4,2,16,21,43,40,10,50,93
06/12/2017,BFM,AL,ASO,CE,Federal Contract Tower,3,3,16,4,26,0,4,14,4,22,3,7,30,8,48,36,28,64,112
06/13/2017,BFM,AL,ASO,CE,Federal Contract Tower,4,5,20,18,47,0,1,3,5,9,4,6,23,23,56,0,12,12,68
06/14/2017,BFM,AL,ASO,CE,Federal Contract Tower,4,10,8,37,59,0,2,13,16,31,4,12,21,53,90,56,70,126,216
06/15/2017,BFM,AL,ASO,CE,Federal Contract Tower,4,9,22,9,44,0,0,17,5,22,4,9,39,14,66,14,12,26,92
06/16/2017,BFM,AL,ASO,CE,Federal Contract Tower,5,15,17,13,50,0,0,17,12,29,5,15,34,25,79,14,70,84,163
06/17/2017,BFM,AL,ASO,CE,Federal Contract Tower,2,5,10,10,27,0,0,11,0,11,2,5,21,10,38,16,0,16,54
06/18/2017,BFM,AL,ASO,CE,Federal Contract Tower,1,2,10,6,19,0,1,12,4,17,1,3,22,10,36,8,0,8,44
06/19/2017,BFM,AL,ASO,CE,Federal Contract Tower,5,2,12,22,41,0,1,21,25,47,5,3,33,47,88,10,106,116,204
06/20/2017,BFM,AL,ASO,CE,Federal Contract Tower,6,4,10,3,23,0,0,0,0,0,6,4,10,3,23,0,0,0,23
06/21/2017,BFM,AL,ASO,CE,Federal Contract Tower,4,10,1,0,15,0,0,0,0,0,4,10,1,0,15,0,0,0,15
06/22/2017,BFM,AL,ASO,CE,Federal Contract Tower,4,2,2,6,14,0,2,2,0,4,4,4,4,6,18,0,0,0,18
06/23/2017,BFM,AL,ASO,CE,Federal Contract Tower,5,7,1,42,55,0,5,18,21,44,5,12,19,63,99,20,80,100,199
06/24/2017,BFM,AL,ASO,CE,Federal Contract Tower,3,2,6,17,28,0,0,21,5,26,3,2,27,22,54,22,30,52,106
06/25/2017,BFM,AL,ASO,CE,Federal Contract Tower,1,0,15,20,36,0,0,24,14,38,1,0,39,34,74,8,56,64,138
06/26/2017,BFM,AL,ASO,CE,Federal Contract Tower,6,3,21,56,86,0,3,33,16,52,6,6,54,72,138,22,80,102,240
06/27/2017,BFM,AL,ASO,CE,Federal Contract Tower,5,5,8,44,62,0,3,45,48,96,5,8,53,92,158,62,350,412,570
06/28/2017,BFM,AL,ASO,CE,Federal Contract Tower,4,7,23,39,73,0,1,25,24,50,4,8,48,63,123,42,166,208,331
06/29/2017,BFM,AL,ASO,CE,Federal Contract Tower,8,7,10,12,37,0,0,5,0,5,8,7,15,12,42,10,2,12,54
06/30/2017,BFM,AL,ASO,CE,Federal Contract Tower,5,2,13,28,48,0,4,17,5,26,5,6,30,33,74,16,32,48,122
07/01/2017,BFM,AL,ASO,CE,Federal Contract Tower,3,2,2,1,8,0,2,8,0,10,3,4,10,1,18,4,0,4,22
07/02/2017,BFM,AL,ASO,CE,Federal Contract Tower,3,2,7,5,17,0,4,6,0,10,3,6,13,5,27,0,0,0,27
07/03/2017,BFM,AL,ASO,CE,Federal Contract Tower,1,2,18,0,21,0,5,14,6,25,1,7,32,6,46,4,62,66,112
07/04/2017,BFM,AL,ASO,CE,Federal Contract Tower,0,0,7,0,7,0,0,12,0,12,0,0,19,0,19,2,0,2,21
07/05/2017,BFM,AL,ASO,CE,Federal Contract Tower,7,3,12,34,56,0,4,18,20,42,7,7,30,54,98,20,150,170,268
07/06/2017,BFM,AL,ASO,CE,Federal Contract Tower,5,6,7,28,46,0,2,17,14,33,5,8,24,42,79,0,66,66,145
07/07/2017,BFM,AL,ASO,CE,Federal Contract Tower,5,4,20,14,43,0,4,7,6,17,5,8,27,20,60,0,50,50,110
07/08/2017,BFM,AL,ASO,CE,Federal Contract Tower,2,3,1,1,7,0,5,3,2,10,2,8,4,3,17,10,10,20,37
07/09/2017,BFM,AL,ASO,CE,Federal Contract Tower,1,0,5,2,8,0,2,9,2,13,1,2,14,4,21,8,6,14,35
07/10/2017,BFM,AL,ASO,CE,Federal Contract Tower,3,3,9,15,30,0,1,19,25,45,3,4,28,40,75,2,236,238,313
07/11/2017,BFM,AL,ASO,CE,Federal Contract Tower,6,10,10,12,38,0,4,18,37,59,6,14,28,49,97,22,290,312,409
07/12/2017,BFM,AL,ASO,CE,Federal Contract Tower,4,12,14,8,38,0,1,8,18,27,4,13,22,26,65,8,138,146,211
07/13/2017,BFM,AL,ASO,CE,Federal Contract Tower,8,8,22,15,53,0,4,8,21,33,8,12,30,36,86,2,144,146,232
07/14/2017,BFM,AL,ASO,CE,Federal Contract Tower,10,6,5,4,25,0,6,16,15,37,10,12,21,19,62,20,76,96,158
07/15/2017,BFM,AL,ASO,CE,Federal Contract Tower,6,2,5,0,13,0,2,6,2,10,6,4,11,2,23,0,0,0,23
07/16/2017,BFM,AL,ASO,CE,Federal Contract Tower,0,0,12,8,20,0,3,9,4,16,0,3,21,12,36,8,0,8,44
07/17/2017,BFM,AL,ASO,CE,Federal Contract Tower,4,7,11,14,36,0,4,11,30,45,4,11,22,44,81,6,168,174,255
07/18/2017,BFM,AL,ASO,CE,Federal Contract Tower,12,10,12,16,50,0,2,8,28,38,12,12,20,44,88,28,204,232,320
07/19/2017,BFM,AL,ASO,CE,Federal Contract Tower,8,8,26,23,65,0,3,15,32,50,8,11,41,55,115,4,226,230,345
07/20/2017,BFM,AL,ASO,CE,Federal Contract Tower,9,5,22,19,55,0,0,21,27,48,9,5,43,46,103,18,178,196,299
07/21/2017,BFM,AL,ASO,CE,Federal Contract Tower,4,7,9,14,34,0,9,23,21,53,4,16,32,35,87,12,50,62,149
07/22/2017,BFM,AL,ASO,CE,Federal Contract Tower,2,4,8,0,14,0,4,17,1,22,2,8,25,1,36,0,0,0,36
07/23/2017,BFM,AL,ASO,CE,Federal Contract Tower,3,2,6,7,18,0,2,13,4,19,3,4,19,11,37,16,0,16,53
07/24/2017,BFM,AL,ASO,CE,Federal Contract Tower,1,4,11,2,18,0,1,10,13,24,1,5,21,15,42,2,126,128,170
07/25/2017,BFM,AL,ASO,CE,Federal Contract Tower,7,13,21,25,66,0,5,5,20,30,7,18,26,45,96,0,156,156,252
07/26/2017,BFM,AL,ASO,CE,Federal Contract Tower,7,7,22,69,105,0,8,17,39,64,7,15,39,108,169,16,186,202,371
07/27/2017,BFM,AL,ASO,CE,Federal Contract Tower,5,6,26,19,56,0,1,17,28,46,5,7,43,47,102,0,96,96,198
07/28/2017,BFM,AL,ASO,CE,Federal Contract Tower,6,3,16,23,48,0,7,23,18,48,6,10,39,41,96,62,144,206,302
07/29/2017,BFM,AL,ASO,CE,Federal Contract Tower,9,2,2,19,32,0,0,0,5,5,9,2,2,24,37,0,26,26,63
07/30/2017,BFM,AL,ASO,CE,Federal Contract Tower,2,0,13,6,21,0,0,20,15,35,2,0,33,21,56,10,98,108,164
07/31/2017,BFM,AL,ASO,CE,Federal Contract Tower,2,4,3,34,43,0,3,24,50,77,2,7,27,84,120,48,262,310,430
08/01/2017,BFM,AL,ASO,CE,Federal Contract Tower,6,6,10,38,60,0,2,35,14,51,6,8,45,52,111,20,60,80,191
08/02/2017,BFM,AL,ASO,CE,Federal Contract Tower,5,10,16,30,61,0,3,24,27,54,5,13,40,57,115,28,184,212,327
08/03/2017,BFM,AL,ASO,CE,Federal Contract Tower,6,6,9,8,29,0,0,9,8,17,6,6,18,16,46,0,122,122,168
08/04/2017,BFM,AL,ASO,CE,Federal Contract Tower,5,5,7,0,17,0,0,0,0,0,5,5,7,0,17,0,0,0,17
08/05/2017,BFM,AL,ASO,CE,Federal Contract Tower,3,8,6,7,24,0,2,10,1,13,3,10,16,8,37,18,0,18,55
08/06/2017,BFM,AL,ASO,CE,Federal Contract Tower,3,1,1,16,21,0,3,2,2,7,3,4,3,18,28,0,4,4,32
08/07/2017,BFM,AL,ASO,CE,Federal Contract Tower,3,3,20,42,68,0,2,14,26,42,3,5,34,68,110,14,144,158,268
08/08/2017,BFM,AL,ASO,CE,Federal Contract Tower,6,4,20,32,62,0,2,14,43,59,6,6,34,75,121,24,192,216,337
08/09/2017,BFM,AL,ASO,CE,Federal Contract Tower,5,6,14,42,67,0,4,20,28,52,5,10,34,70,119,28,120,148,267
08/10/2017,BFM,AL,ASO,CE,Federal Contract Tower,2,5,16,8,31,0,4,10,19,33,2,9,26,27,64,18,54,72,136
08/11/2017,BFM,AL,ASO,CE,Federal Contract Tower,5,6,12,11,34,0,1,7,27,35,5,7,19,38,69,0,134,134,203
08/12/2017,BFM,AL,ASO,CE,Federal Contract Tower,2,2,6,7,17,0,0,13,3,16,2,2,19,10,33,16,12,28,61
08/13/2017,BFM,AL,ASO,CE,Federal Contract Tower,3,1,5,3,12,0,0,15,8,23,3,1,20,11,35,4,30,34,69
08/14/2017,BFM,AL,ASO,CE,Federal Contract Tower,1,4,8,20,33,0,5,18,17,40,1,9,26,37,73,28,64,92,165
08/15/2017,BFM,AL,ASO,CE,Federal Contract Tower,8,3,20,0,31,0,1,3,29,33,8,4,23,29,64,0,210,210,274
08/16/2017,BFM,AL,ASO,CE,Federal Contract Tower,5,7,19,39,70,0,6,5,31,42,5,13,24,70,112,0,222,222,334
08/17/2017,BFM,AL,ASO,CE,Federal Contract Tower,9,9,19,12,49,0,4,30,62,96,9,13,49,74,145,2,276,278,423
08/18/2017,BFM,AL,ASO,CE,Federal Contract Tower,5,4,6,8,23,0,1,17,4,22,5,5,23,12,45,6,28,34,79
08/19/2017,BFM,AL,ASO,CE,Federal Contract Tower,2,2,0,3,7,0,3,21,6,30,2,5,21,9,37,20,0,20,57
08/20/2017,BFM,AL,ASO,CE,Federal Contract Tower,1,0,4,4,9,0,7,3,0,10,1,7,7,4,19,0,0,0,19
08/21/2017,BFM,AL,ASO,CE,Federal Contract Tower,1,2,17,12,32,0,1,22,15,38,1,3,39,27,70,2,92,94,164
08/22/2017,BFM,AL,ASO,CE,Federal Contract Tower,5,9,6,15,35,0,2,7,38,47,5,11,13,53,82,30,208,238,320
08/23/2017,BFM,AL,ASO,CE,Federal Contract Tower,7,6,20,19,52,0,6,13,31,50,7,12,33,50,102,26,114,140,242
08/24/2017,BFM,AL,ASO,CE,Federal Contract Tower,4,8,15,30,57,0,11,21,35,67,4,19,36,65,124,6,152,158,282
08/25/2017,BFM,AL,ASO,CE,Federal Contract Tower,5,4,18,11,38,0,3,16,12,31,5,7,34,23,69,24,124,148,217
08/26/2017,BFM,AL,ASO,CE,Federal Contract Tower,3,3,5,4,15,0,0,3,7,10,3,3,8,11,25,0,36,36,61
08/27/2017,BFM,AL,ASO,CE,Federal Contract Tower,3,3,9,2,17,0,3,7,12,22,3,6,16,14,39,0,50,50,89
08/28/2017,BFM,AL,ASO,CE,Federal Contract Tower,9,4,18,10,41,0,3,10,2,15,9,7,28,12,56,6,4,10,66
08/29/2017,BFM,AL,ASO,CE,Federal Contract Tower,5,5,11,0,21,0,0,0,4,4,5,5,11,4,25,0,38,38,63
08/30/2017,BFM,AL,ASO,CE,Federal Contract Tower,6,6,7,2,21,0,0,1,0,1,6,6,8,2,22,0,0,0,22
08/31/2017,BFM,AL,ASO,CE,Federal Contract Tower,4,5,7,12,28,0,2,8,7,17,4,7,15,19,45,0,42,42,87
09/01/2017,BFM,AL,ASO,CE,Federal Contract Tower,10,11,16,16,53,0,0,14,6,20,10,11,30,22,73,8,60,68,141
09/02/2017,BFM,AL,ASO,CE,Federal Contract Tower,2,3,6,0,11,0,0,6,0,6,2,3,12,0,17,6,0,6,23
09/03/2017,BFM,AL,ASO,CE,Federal Contract Tower,1,6,3,0,10,0,0,5,0,5,1,6,8,0,15,0,0,0,15
09/04/2017,BFM,AL,ASO,CE,Federal Contract Tower,0,3,5,3,11,0,5,7,0,12,0,8,12,3,23,0,0,0,23
09/05/2017,BFM,AL,ASO,CE,Federal Contract Tower,3,4,8,37,52,0,2,21,30,53,3,6,29,67,105,0,260,260,365
09/06/2017,BFM,AL,ASO,CE,Federal Contract Tower,4,6,24,52,86,0,3,9,26,38,4,9,33,78,124,0,230,230,354
09/07/2017,BFM,AL,ASO,CE,Federal Contract Tower,2,12,15,37,66,0,4,20,25,49,2,16,35,62,115,8,158,166,281
09/08/2017,BFM,AL,ASO,CE,Federal Contract Tower,2,9,32,19,62,0,4,23,15,42,2,13,55,34,104,2,76,78,182
09/09/2017,BFM,AL,ASO,CE,Federal Contract Tower,3,2,30,2,37,0,0,13,1,14,3,2,43,3,51,16,0,16,67
09/10/2017,BFM,AL,ASO,CE,Federal Contract Tower,1,2,4,0,7,0,0,6,0,6,1,2,10,0,13,0,0,0,13
09/11/2017,BFM,AL,ASO,CE,Federal Contract Tower,2,3,8,0,13,0,0,3,2,5,2,3,11,2,18,0,36,36,54
09/12/2017,BFM,AL,ASO,CE,Federal Contract Tower,7,8,20,30,65,0,12,34,15,61,7,20,54,45,126,12,100,112,238
09/13/2017,BFM,AL,ASO,CE,Federal Contract Tower,8,6,20,58,92,0,4,36,41,81,8,10,56,99,173,0,200,200,373
09/14/2017,BFM,AL,ASO,CE,Federal Contract Tower,6,8,24,29,67,0,7,37,38,82,6,15,61,67,149,4,168,172,321
09/15/2017,BFM,AL,ASO,CE,Federal Contract Tower,7,7,11,32,57,0,2,29,20,51,7,9,40,52,108,26,74,100,208
09/16/2017,BFM,AL,ASO,CE,Federal Contract Tower,4,2,9,1,16,1,1,7,1,10,5,3,16,2,26,2,0,2,28
09/17/2017,BFM,AL,ASO,CE,Federal Contract Tower,2,1,9,0,12,0,1,7,4,12,2,2,16,4,24,4,38,42,66
09/18/2017,BFM,AL,ASO,CE,Federal Contract Tower,4,7,25,38,74,0,5,21,36,62,4,12,46,74,136,10,218,228,364
09/19/2017,BFM,AL,ASO,CE,Federal Contract Tower,8,6,22,30,66,0,6,17,34,57,8,12,39,64,123,18,224,242,365
09/20/2017,BFM,AL,ASO,CE,Federal Contract Tower,4,10,19,27,60,0,3,21,6,30,4,13,40,33,90,12,36,48,138
09/21/2017,BFM,AL,ASO,CE,Federal Contract Tower,7,8,25,22,62,0,2,5,21,28,7,10,30,43,90,8,162,170,260
09/22/2017,BFM,AL,ASO,CE,Federal Contract Tower,4,8,12,29,53,0,2,21,18,41,4,10,33,47,94,18,76,94,188
09/23/2017,BFM,AL,ASO,CE,Federal Contract Tower,2,3,4,0,9,0,1,9,0,10,2,4,13,0,19,2,0,2,21
09/24/2017,BFM,AL,ASO,CE,Federal Contract Tower,1,8,4,0,13,0,0,11,2,13,1,8,15,2,26,6,16,22,48
09/25/2017,BFM,AL,ASO,CE,Federal Contract Tower,2,2,16,12,32,0,5,12,31,48,2,7,28,43,80,4,164,168,248
09/26/2017,BFM,AL,ASO,CE,Federal Contract Tower,5,7,19,34,65,0,0,27,40,67,5,7,46,74,132,8,242,250,382
09/27/2017,BFM,AL,ASO,CE,Federal Contract Tower,7,8,14,24,53,0,11,26,41,78,7,19,40,65,131,36,258,294,425
09/28/2017,BFM,AL,ASO,CE,Federal Contract Tower,18,13,6,33,70,0,2,24,40,66,18,15,30,73,136,30,244,274,410
09/29/2017,BFM,AL,ASO,CE,Federal Contract Tower,3,3,22,8,36,0,9,13,17,39,3,12,35,25,75,0,62,62,137
09/30/2017,BFM,AL,ASO,CE,Federal Contract Tower,2,2,6,0,10,0,3,12,0,15,2,5,18,0,25,0,0,0,25
10/01/2017,BFM,AL,ASO,CE,Federal Contract Tower,3,1,8,0,12,0,0,8,0,8,3,1,16,0,20,0,0,0,20
10/02/2017,BFM,AL,ASO,CE,Federal Contract Tower,2,2,20,33,57,0,2,6,19,27,2,4,26,52,84,0,124,124,208
10/03/2017,BFM,AL,ASO,CE,Federal Contract Tower,6,5,7,20,38,0,1,17,18,36,6,6,24,38,74,0,104,104,178
10/04/2017,BFM,AL,ASO,CE,Federal Contract Tower,5,6,17,58,86,0,1,10,33,44,5,7,27,91,130,0,190,190,320
10/05/2017,BFM,AL,ASO,CE,Federal Contract Tower,3,5,25,6,39,0,2,8,8,18,3,7,33,14,57,0,90,90,147
10/06/2017,BFM,AL,ASO,CE,Federal Contract Tower,3,2,28,5,38,0,5,19,3,27,3,7,47,8,65,32,8,40,105
10/07/2017,BFM,AL,ASO,CE,Federal Contract Tower,3,6,5,0,14,0,0,0,0,0,3,6,5,0,14,0,0,0,14
10/08/2017,BFM,AL,ASO,CE,Federal Contract Tower,1,2,1,0,4,0,3,0,1,4,1,5,1,1,8,0,0,0,8
10/09/2017,BFM,AL,ASO,CE,Federal Contract Tower,6,7,14,0,27,0,1,4,1,6,6,8,18,1,33,4,0,4,37
10/10/2017,BFM,AL,ASO,CE,Federal Contract Tower,7,12,18,34,71,0,4,9,8,21,7,16,27,42,92,0,54,54,146
10/11/2017,BFM,AL,ASO,CE,Federal Contract Tower,7,8,20,34,69,0,3,20,12,35,7,11,40,46,104,0,68,68,172
10/12/2017,BFM,AL,ASO,CE,Federal Contract Tower,2,8,20,48,78,0,0,21,22,43,2,8,41,70,121,0,116,116,237
10/13/2017,BFM,AL,ASO,CE,Federal Contract Tower,3,3,11,32,49,0,4,21,23,48,3,7,32,55,97,24,146,170,267
10/14/2017,BFM,AL,ASO,CE,Federal Contract Tower,2,4,6,1,13,0,4,6,1,11,2,8,12,2,24,26,6,32,56
10/15/2017,BFM,AL,ASO,CE,Federal Contract Tower,1,1,8,5,15,0,1,5,1,7,1,2,13,6,22,0,0,0,22
10/16/2017,BFM,AL,ASO,CE,Federal Contract Tower,4,4,11,41,60,0,0,11,38,49,4,4,22,79,109,0,250,250,359
10/17/2017,BFM,AL,ASO,CE,Federal Contract Tower,5,7,30,58,100,0,2,21,32,55,5,9,51,90,155,32,174,206,361
10/18/2017,BFM,AL,ASO,CE,Federal Contract Tower,6,10,30,16,62,0,5,29,23,57,6,15,59,39,119,4,228,232,351
10/19/2017,BFM,AL,ASO,CE,Federal Contract Tower,5,5,25,12,47,0,1,28,42,71,5,6,53,54,118,24,278,302,420
10/20/2017,BFM,AL,ASO,CE,Federal Contract Tower,3,13,7,29,52,0,0,29,21,50,3,13,36,50,102,48,148,196,298
10/21/2017,BFM,AL,ASO,CE,Federal Contract Tower,4,9,7,7,27,0,0,0,1,1,4,9,7,8,28,38,6,44,72
10/22/2017,BFM,AL,ASO,CE,Federal Contract Tower,1,1,6,0,8,0,0,1,0,1,1,1,7,0,9,12,0,12,21
10/23/2017,BFM,AL,ASO,CE,Federal Contract Tower,5,6,9,40,60,0,0,22,38,60,5,6,31,78,120,16,240,256,376
10/24/2017,BFM,AL,ASO,CE,Federal Contract Tower,6,8,11,64,89,0,2,10,58,70,6,10,21,122,159,0,198,198,357
10/25/2017,BFM,AL,ASO,CE,Federal Contract Tower,7,10,19,55,91,0,2,22,29,53,7,12,41,84,144,16,190,206,350
10/26/2017,BFM,AL,ASO,CE,Federal Contract Tower,6,13,16,21,56,0,0,17,34,51,6,13,33,55,107,2,188,190,297
10/27/2017,BFM,AL,ASO,CE,Federal Contract Tower,4,8,6,14,32,0,0,9,24,33,4,8,15,38,65,46,112,158,223
10/28/2017,BFM,AL,ASO,CE,Federal Contract Tower,2,2,14,18,36,0,0,4,1,5,2,2,18,19,41,10,8,18,59
10/29/2017,BFM,AL,ASO,CE,Federal Contract Tower,1,9,11,0,21,0,0,12,8,20,1,9,23,8,41,6,26,32,73
10/30/2017,BFM,AL,ASO,CE,Federal Contract Tower,3,5,7,62,77,0,1,18,17,36,3,6,25,79,113,0,142,142,255
10/31/2017,BFM,AL,ASO,CE,Federal Contract Tower,6,7,9,43,65,0,2,14,48,64,6,9,23,91,129,0,210,210,339
11/01/2017,BFM,AL,ASO,CE,Federal Contract Tower,13,6,16,48,83,0,3,16,52,71,13,9,32,100,154,8,274,282,436
11/02/2017,BFM,AL,ASO,CE,Federal Contract Tower,5,11,17,22,55,0,5,25,35,65,5,16,42,57,120,4,180,184,304
11/03/2017,BFM,AL,ASO,CE,Federal Contract Tower,7,13,12,5,37,0,3,15,13,31,7,16,27,18,68,32,134,166,234
11/04/2017,BFM,AL,ASO,CE,Federal Contract Tower,3,5,9,2,19,0,0,6,2,8,3,5,15,4,27,26,26,52,79
11/05/2017,BFM,AL,ASO,CE,Federal Contract Tower,1,0,14,0,15,0,0,5,4,9,1,0,19,4,24,0,18,18,42
11/06/2017,BFM,AL,ASO,CE,Federal Contract Tower,2,4,13,58,77,0,3,15,38,56,2,7,28,96,133,0,196,196,329
11/07/2017,BFM,AL,ASO,CE,Federal Contract Tower,10,8,14,67,99,0,0,4,12,16,10,8,18,79,115,2,102,104,219
11/08/2017,BFM,AL,ASO,CE,Federal Contract Tower,7,13,24,59,103,0,0,0,0,0,7,13,24,59,103,0,0,0,103
11/09/2017,BFM,AL,ASO,CE,Federal Contract Tower,5,14,19,9,47,0,2,0,1,3,5,16,19,10,50,0,0,0,50
11/10/2017,BFM,AL,ASO,CE,Federal Contract Tower,9,15,15,0,39,0,1,17,2,20,9,16,32,2,59,26,0,26,85
11/11/2017,BFM,AL,ASO,CE,Federal Contract Tower,5,2,8,2,17,0,0,27,0,27,5,2,35,2,44,30,0,30,74
11/12/2017,BFM,AL,ASO,CE,Federal Contract Tower,1,0,10,6,17,0,0,1,0,1,1,0,11,6,18,0,0,0,18
11/13/2017,BFM,AL,ASO,CE,Federal Contract Tower,4,6,24,48,82,0,6,12,28,46,4,12,36,76,128,0,132,132,260
11/14/2017,BFM,AL,ASO,CE,Federal Contract Tower,8,12,14,25,59,0,2,15,58,75,8,14,29,83,134,14,294,308,442
11/15/2017,BFM,AL,ASO,CE,Federal Contract Tower,5,6,24,39,74,0,1,32,31,64,5,7,56,70,138,14,182,196,334
11/16/2017,BFM,AL,ASO,CE,Federal Contract Tower,9,6,19,30,64,0,1,12,28,41,9,7,31,58,105,0,128,128,233
11/17/2017,BFM,AL,ASO,CE,Federal Contract Tower,7,15,24,21,67,0,4,18,11,33,7,19,42,32,100,12,92,104,204
11/18/2017,BFM,AL,ASO,CE,Federal Contract Tower,2,2,3,9,16,0,0,5,14,19,2,2,8,23,35,10,86,96,131
11/19/2017,BFM,AL,ASO,CE,Federal Contract Tower,1,0,11,27,39,0,0,7,18,25,1,0,18,45,64,0,62,62,126
11/20/2017,BFM,AL,ASO,CE,Federal Contract Tower,2,7,12,24,45,0,1,33,32,66,2,8,45,56,111,52,108,160,271
11/21/2017,BFM,AL,ASO,CE,Federal Contract Tower,12,6,20,31,69,0,5,22,35,62,12,11,42,66,131,24,136,160,291
11/22/2017,BFM,AL,ASO,CE,Federal Contract Tower,7,13,21,0,41,0,2,19,1,22,7,15,40,1,63,6,2,8,71
11/23/2017,BFM,AL,ASO,CE,Federal Contract Tower,0,1,4,0,5,0,0,8,0,8,0,1,12,0,13,0,0,0,13
11/24/2017,BFM,AL,ASO,CE,Federal Contract Tower,2,5,8,0,15,0,0,21,0,21,2,5,29,0,36,16,0,16,52
11/25/2017,BFM,AL,ASO,CE,Federal Contract Tower,2,6,10,0,18,0,2,9,0,11,2,8,19,0,29,0,0,0,29
11/26/2017,BFM,AL,ASO,CE,Federal Contract Tower,1,5,19,0,25,0,0,7,0,7,1,5,26,0,32,6,0,6,38
11/27/2017,BFM,AL,ASO,CE,Federal Contract Tower,8,2,12,49,71,0,0,32,63,95,8,2,44,112,166,16,258,274,440
11/28/2017,BFM,AL,ASO,CE,Federal Contract Tower,8,5,15,19,47,0,6,21,34,61,8,11,36,53,108,6,166,172,280
11/29/2017,BFM,AL,ASO,CE,Federal Contract Tower,6,5,29,24,64,0,4,17,30,51,6,9,46,54,115,10,124,134,249
11/30/2017,BFM,AL,ASO,CE,Federal Contract Tower,4,10,17,12,43,0,0,1,26,27,4,10,18,38,70,0,126,126,196
12/01/2017,BFM,AL,ASO,CE,Federal Contract Tower,6,12,13,18,49,0,0,9,8,17,6,12,22,26,66,0,32,32,98
12/02/2017,BFM,AL,ASO,CE,Federal Contract Tower,2,0,6,6,14,0,0,19,10,29,2,0,25,16,43,6,36,42,85
12/03/2017,BFM,AL,ASO,CE,Federal Contract Tower,2,3,22,23,50,0,2,10,1,13,2,5,32,24,63,4,4,8,71
12/04/2017,BFM,AL,ASO,CE,Federal Contract Tower,1,3,25,32,61,0,2,2,8,12,1,5,27,40,73,0,60,60,133
12/05/2017,BFM,AL,ASO,CE,Federal Contract Tower,4,8,18,30,60,0,2,8,27,37,4,10,26,57,97,6,146,152,249
12/06/2017,BFM,AL,ASO,CE,Federal Contract Tower,9,9,24,12,54,0,0,1,0,1,9,9,25,12,55,0,0,0,55
12/07/2017,BFM,AL,ASO,CE,Federal Contract Tower,3,16,10,25,54,0,2,8,7,17,3,18,18,32,71,0,32,32,103
12/08/2017,BFM,AL,ASO,CE,Federal Contract Tower,3,11,2,0,16,0,0,0,0,0,3,11,2,0,16,0,0,0,16
12/09/2017,BFM,AL,ASO,CE,Federal Contract Tower,2,0,10,6,18,2,6,6,3,17,4,6,16,9,35,6,28,34,69
12/10/2017,BFM,AL,ASO,CE,Federal Contract Tower,1,5,0,4,10,0,0,7,2,9,1,5,7,6,19,30,10,40,59
12/11/2017,BFM,AL,ASO,CE,Federal Contract Tower,7,4,22,47,80,0,1,21,25,47,7,5,43,72,127,10,98,108,235
12/12/2017,BFM,AL,ASO,CE,Federal Contract Tower,6,6,33,38,83,0,5,15,26,46,6,11,48,64,129,2,184,186,315
12/13/2017,BFM,AL,ASO,CE,Federal Contract Tower,9,3,26,40,78,0,6,30,28,64,9,9,56,68,142,0,212,212,354
12/14/2017,BFM,AL,ASO,CE,Federal Contract Tower,5,14,14,25,58,0,2,5,39,46,5,16,19,64,104,8,246,254,358
12/15/2017,BFM,AL,ASO,CE,Federal Contract Tower,8,8,21,34,71,0,2,11,4,17,8,10,32,38,88,14,24,38,126
12/16/2017,BFM,AL,ASO,CE,Federal Contract Tower,3,10,1,12,26,0,2,27,0,29,3,12,28,12,55,36,2,38,93
12/17/2017,BFM,AL,ASO,CE,Federal Contract Tower,0,0,6,4,10,0,0,3,0,3,0,0,9,4,13,0,0,0,13
12/18/2017,BFM,AL,ASO,CE,Federal Contract Tower,4,6,6,6,22,0,0,3,0,3,4,6,9,6,25,0,0,0,25
12/19/2017,BFM,AL,ASO,CE,Federal Contract Tower,8,4,13,14,39,0,0,0,0,0,8,4,13,14,39,0,0,0,39
12/20/2017,BFM,AL,ASO,CE,Federal Contract Tower,11,4,18,8,41,0,0,0,9,9,11,4,18,17,50,0,74,74,124
12/21/2017,BFM,AL,ASO,CE,Federal Contract Tower,6,6,12,43,67,0,1,13,19,33,6,7,25,62,100,12,152,164,264
12/22/2017,BFM,AL,ASO,CE,Federal Contract Tower,5,14,17,8,44,0,0,4,4,8,5,14,21,12,52,0,8,8,60
12/23/2017,BFM,AL,ASO,CE,Federal Contract Tower,2,6,11,0,19,0,0,5,0,5,2,6,16,0,24,0,0,0,24
12/24/2017,BFM,AL,ASO,CE,Federal Contract Tower,1,0,2,0,3,0,0,6,0,6,1,0,8,0,9,0,0,0,9
12/25/2017,BFM,AL,ASO,CE,Federal Contract Tower,0,0,2,0,2,0,4,4,0,8,0,4,6,0,10,0,0,0,10
12/26/2017,BFM,AL,ASO,CE,Federal Contract Tower,2,5,14,0,21,0,0,17,0,17,2,5,31,0,38,16,0,16,54
12/27/2017,BFM,AL,ASO,CE,Federal Contract Tower,6,5,13,10,34,0,0,0,0,0,6,5,13,10,34,0,0,0,34
12/28/2017,BFM,AL,ASO,CE,Federal Contract Tower,2,7,10,10,29,0,0,0,0,0,2,7,10,10,29,0,0,0,29
12/29/2017,BFM,AL,ASO,CE,Federal Contract Tower,2,9,16,28,55,0,2,10,2,14,2,11,26,30,69,0,12,12,81
12/30/2017,BFM,AL,ASO,CE,Federal Contract Tower,3,4,12,0,19,0,0,3,0,3,3,4,15,0,22,0,0,0,22
12/31/2017,BFM,AL,ASO,CE,Federal Contract Tower,1,0,2,0,3,0,0,0,1,1,1,0,2,1,4,0,0,0,4
01/01/2018,BFM,AL,ASO,CE,Federal Contract Tower,0,0,7,10,17,0,0,0,0,0,0,0,7,10,17,0,0,0,17
01/02/2018,BFM,AL,ASO,CE,Federal Contract Tower,6,4,14,0,24,0,3,13,0,16,6,7,27,0,40,0,0,0,40
01/03/2018,BFM,AL,ASO,CE,Federal Contract Tower,6,7,10,43,66,0,4,8,14,26,6,11,18,57,92,6,82,88,180
01/04/2018,BFM,AL,ASO,CE,Federal Contract Tower,3,9,13,44,69,0,1,12,20,33,3,10,25,64,102,0,124,124,226
01/05/2018,BFM,AL,ASO,CE,Federal Contract Tower,4,12,16,50,82,0,1,25,18,44,4,13,41,68,126,40,102,142,268
01/06/2018,BFM,AL,ASO,CE,Federal Contract Tower,2,3,8,26,39,0,1,26,0,27,2,4,34,26,66,52,0,52,118
01/07/2018,BFM,AL,ASO,CE,Federal Contract Tower,2,1,9,11,23,0,0,4,1,5,2,1,13,12,28,22,14,36,64
01/08/2018,BFM,AL,ASO,CE,Federal Contract Tower,3,1,8,4,16,0,0,0,0,0,3,1,8,4,16,0,0,0,16
01/09/2018,BFM,AL,ASO,CE,Federal Contract Tower,5,1,12,25,43,0,0,0,2,2,5,1,12,27,45,0,6,6,51
01/10/2018,BFM,AL,ASO,CE,Federal Contract Tower,8,7,14,42,71,0,2,0,7,9,8,9,14,49,80,0,102,102,182
01/11/2018,BFM,AL,ASO,CE,Federal Contract Tower,4,12,20,28,64,0,2,1,22,25,4,14,21,50,89,0,128,128,217
01/12/2018,BFM,AL,ASO,CE,Federal Contract Tower,3,13,8,64,88,0,0,0,10,10,3,13,8,74,98,0,98,98,196
01/13/2018,BFM,AL,ASO,CE,Federal Contract Tower,3,3,8,2,16,0,0,9,8,17,3,3,17,10,33,4,20,24,57
01/14/2018,BFM,AL,ASO,CE,Federal Contract Tower,0,0,13,4,17,0,0,9,8,17,0,0,22,12,34,10,46,56,90
01/15/2018,BFM,AL,ASO,CE,Federal Contract Tower,2,1,8,0,11,0,0,27,1,28,2,1,35,1,39,26,0,26,65
01/16/2018,BFM,AL,ASO,CE,Federal Contract Tower,5,1,14,27,47,0,1,3,31,35,5,2,17,58,82,0,162,162,244
01/17/2018,BFM,AL,ASO,CE,Federal Contract Tower,1,4,6,4,15,0,1,3,0,4,1,5,9,4,19,0,0,0,19
01/18/2018,BFM,AL,ASO,CE,Federal Contract Tower,4,8,18,23,53,0,1,13,31,45,4,9,31,54,98,6,284,290,388
01/19/2018,BFM,AL,ASO,CE,Federal Contract Tower,5,10,20,29,64,0,1,24,34,59,5,11,44,63,123,22,208,230,353
01/20/2018,BFM,AL,ASO,CE,Federal Contract Tower,3,2,3,2,10,0,1,19,3,23,3,3,22,5,33,34,4,38,71
01/21/2018,BFM,AL,ASO,CE,Federal Contract Tower,1,3,7,1,12,0,0,15,1,16,1,3,22,2,28,12,0,12,40
01/22/2018,BFM,AL,ASO,CE,Federal Contract Tower,1,5,15,17,38,0,0,2,4,6,1,5,17,21,44,0,10,10,54
01/23/2018,BFM,AL,ASO,CE,Federal Contract Tower,8,9,31,62,110,0,0,13,23,36,8,9,44,85,146,0,110,110,256
01/24/2018,BFM,AL,ASO,CE,Federal Contract Tower,8,7,24,83,122,0,6,16,41,63,8,13,40,124,185,8,176,184,369
01/25/2018,BFM,AL,ASO,CE,Federal Contract Tower,6,7,26,61,100,0,2,10,26,38,6,9,36,87,138,8,202,210,348
01/26/2018,BFM,AL,ASO,CE,Federal Contract Tower,7,8,11,18,44,0,2,8,17,27,7,10,19,35,71,6,110,116,187
01/27/2018,BFM,AL,ASO,CE,Federal Contract Tower,2,5,6,0,13,0,1,0,2,3,2,6,6,2,16,0,0,0,16
01/28/2018,BFM,AL,ASO,CE,Federal Contract Tower,1,2,4,6,13,0,0,1,4,5,1,2,5,10,18,0,0,0,18
01/29/2018,BFM,AL,ASO,CE,Federal Contract Tower,5,4,25,61,95,0,4,23,49,76,5,8,48,110,171,20,176,196,367
01/30/2018,BFM,AL,ASO,CE,Federal Contract Tower,7,7,31,46,91,0,3,30,34,67,7,10,61,80,158,16,226,242,400
01/31/2018,BFM,AL,ASO,CE,Federal Contract Tower,8,6,11,41,66,0,8,32,31,71,8,14,43,72,137,10,212,222,359
02/01/2018,BFM,AL,ASO,CE,Federal Contract Tower,4,6,15,37,62,0,6,19,19,44,4,12,34,56,106,4,172,176,282
02/02/2018,BFM,AL,ASO,CE,Federal Contract Tower,5,9,19,16,49,0,0,15,21,36,5,9,34,37,85,2,172,174,259
02/03/2018,BFM,AL,ASO,CE,Federal Contract Tower,8,0,0,0,8,0,0,14,8,22,8,0,14,8,30,36,48,84,114
02/04/2018,BFM,AL,ASO,CE,Federal Contract Tower,2,0,9,3,14,0,0,9,1,10,2,0,18,4,24,16,8,24,48
02/05/2018,BFM,AL,ASO,CE,Federal Contract Tower,2,4,20,33,59,0,1,30,29,60,2,5,50,62,119,42,240,282,401
02/06/2018,BFM,AL,ASO,CE,Federal Contract Tower,10,8,15,19,52,0,2,9,16,27,10,10,24,35,79,10,68,78,157
02/07/2018,BFM,AL,ASO,CE,Federal Contract Tower,5,6,13,14,38,0,4,0,4,8,5,10,13,18,46,0,58,58,104
02/08/2018,BFM,AL,ASO,CE,Federal Contract Tower,3,7,18,41,69,0,7,19,21,47,3,14,37,62,116,24,90,114,230
02/09/2018,BFM,AL,ASO,CE,Federal Contract Tower,3,3,13,42,61,0,0,6,6,12,3,3,19,48,73,58,98,156,229
02/10/2018,BFM,AL,ASO,CE,Federal Contract Tower,5,2,1,0,8,0,0,0,0,0,5,2,1,0,8,0,0,0,8
02/11/2018,BFM,AL,ASO,CE,Federal Contract Tower,1,3,3,0,7,0,0,0,0,0,1,3,3,0,7,0,0,0,7
02/12/2018,BFM,AL,ASO,CE,Federal Contract Tower,0,6,16,14,36,0,0,0,0,0,0,6,16,14,36,0,0,0,36
02/13/2018,BFM,AL,ASO,CE,Federal Contract Tower,10,8,23,9,50,0,3,8,14,25,10,11,31,23,75,0,122,122,197
02/14/2018,BFM,AL,ASO,CE,Federal Contract Tower,6,10,16,45,77,0,3,5,9,17,6,13,21,54,94,16,108,124,218
02/15/2018,BFM,AL,ASO,CE,Federal Contract Tower,4,16,6,11,37,0,1,1,9,11,4,17,7,20,48,0,38,38,86
02/16/2018,BFM,AL,ASO,CE,Federal Contract Tower,6,4,21,13,44,0,4,5,31,40,6,8,26,44,84,0,148,148,232
02/17/2018,BFM,AL,ASO,CE,Federal Contract Tower,4,5,10,14,33,0,0,18,3,21,4,5,28,17,54,22,4,26,80
02/18/2018,BFM,AL,ASO,CE,Federal Contract Tower,1,4,15,13,33,0,0,6,9,15,1,4,21,22,48,16,20,36,84
02/19/2018,BFM,AL,ASO,CE,Federal Contract Tower,2,5,16,12,35,0,0,18,2,20,2,5,34,14,55,40,0,40,95
02/20/2018,BFM,AL,ASO,CE,Federal Contract Tower,7,9,23,34,73,0,2,9,33,44,7,11,32,67,117,4,284,288,405
02/21/2018,BFM,AL,ASO,CE,Federal Contract Tower,4,5,23,40,72,0,4,11,13,28,4,9,34,53,100,4,130,134,234
02/22/2018,BFM,AL,ASO,CE,Federal Contract Tower,4,6,16,36,62,0,1,12,30,43,4,7,28,66,105,8,178,186,291
02/23/2018,BFM,AL,ASO,CE,Federal Contract Tower,5,9,17,4,35,0,0,9,15,24,5,9,26,19,59,18,68,86,145
02/24/2018,BFM,AL,ASO,CE,Federal Contract Tower,9,2,4,1,16,0,1,6,3,10,9,3,10,4,26,0,10,10,36
02/25/2018,BFM,AL,ASO,CE,Federal Contract Tower,7,9,4,6,26,0,0,1,2,3,7,9,5,8,29,0,0,0,29
02/26/2018,BFM,AL,ASO,CE,Federal Contract Tower,2,4,19,10,35,0,1,2,13,16,2,5,21,23,51,2,54,56,107
02/27/2018,BFM,AL,ASO,CE,Federal Contract Tower,6,7,23,70,106,0,2,16,57,75,6,9,39,127,181,2,248,250,431
02/28/2018,BFM,AL,ASO,CE,Federal Contract Tower,6,10,24,36,76,0,2,7,54,63,6,12,31,90,139,8,256,264,403
03/01/2018,BFM,AL,ASO,CE,Federal Contract Tower,6,8,17,40,71,0,3,5,21,29,6,11,22,61,100,0,126,126,226
03/02/2018,BFM,AL,ASO,CE,Federal Contract Tower,4,12,25,3,44,0,3,23,18,44,4,15,48,21,88,38,162,200,288
03/03/2018,BFM,AL,ASO,CE,Federal Contract Tower,2,2,5,0,9,0,2,19,3,24,2,4,24,3,33,14,8,22,55
03/04/2018,BFM,AL,ASO,CE,Federal Contract Tower,1,3,12,1,17,0,0,16,7,23,1,3,28,8,40,6,20,26,66
03/05/2018,BFM,AL,ASO,CE,Federal Contract Tower,6,2,27,24,59,0,3,29,46,78,6,5,56,70,137,14,276,290,427
03/06/2018,BFM,AL,ASO,CE,Federal Contract Tower,6,10,15,10,41,0,5,13,18,36,6,15,28,28,77,0,80,80,157
03/07/2018,BFM,AL,ASO,CE,Federal Contract Tower,4,10,27,96,137,0,6,20,24,50,4,16,47,120,187,0,82,82,269
03/08/2018,BFM,AL,ASO,CE,Federal Contract Tower,8,10,25,32,75,0,0,23,39,62,8,10,48,71,137,42,190,232,369
03/09/2018,BFM,AL,ASO,CE,Federal Contract Tower,5,5,17,20,47,0,0,21,14,35,5,5,38,34,82,0,150,150,232
03/10/2018,BFM,AL,ASO,CE,Federal Contract Tower,2,3,4,20,29,0,0,2,4,6,2,3,6,24,35,6,0,6,41
03/11/2018,BFM,AL,ASO,CE,Federal Contract Tower,3,1,4,3,11,0,0,2,2,4,3,1,6,5,15,0,14,14,29
03/12/2018,BFM,AL,ASO,CE,Federal Contract Tower,5,3,25,86,119,0,5,8,31,44,5,8,33,117,163,20,154,174,337
03/13/2018,BFM,AL,ASO,CE,Federal Contract Tower,10,5,21,67,103,0,3,19,27,49,10,8,40,94,152,32,132,164,316
03/14/2018,BFM,AL,ASO,CE,Federal Contract Tower,8,10,15,77,110,0,4,25,29,58,8,14,40,106,168,2,272,274,442
03/15/2018,BFM,AL,ASO,CE,Federal Contract Tower,6,8,19,38,71,0,1,28,18,47,6,9,47,56,118,46,178,224,342
03/16/2018,BFM,AL,ASO,CE,Federal Contract Tower,4,6,7,16,33,0,4,5,16,25,4,10,12,32,58,8,42,50,108
03/17/2018,BFM,AL,ASO,CE,Federal Contract Tower,1,2,6,0,9,0,2,4,4,10,1,4,10,4,19,12,6,18,37
03/18/2018,BFM,AL,ASO,CE,Federal Contract Tower,1,1,6,0,8,0,0,0,0,0,1,1,6,0,8,0,0,0,8
03/19/2018,BFM,AL,ASO,CE,Federal Contract Tower,6,3,14,4,27,0,2,1,8,11,6,5,15,12,38,0,62,62,100
03/20/2018,BFM,AL,ASO,CE,Federal Contract Tower,18,13,18,64,113,0,9,6,36,51,18,22,24,100,164,0,184,184,348
03/21/2018,BFM,AL,ASO,CE,Federal Contract Tower,7,4,19,111,141,0,5,31,37,73,7,9,50,148,214,12,146,158,372
03/22/2018,BFM,AL,ASO,CE,Federal Contract Tower,6,9,8,64,87,0,5,23,43,71,6,14,31,107,158,0,270,270,428
03/23/2018,BFM,AL,ASO,CE,Federal Contract Tower,6,10,12,35,63,0,5,14,36,55,6,15,26,71,118,4,276,280,398
03/24/2018,BFM,AL,ASO,CE,Federal Contract Tower,6,4,8,2,20,0,0,7,3,10,6,4,15,5,30,0,16,16,46
03/25/2018,BFM,AL,ASO,CE,Federal Contract Tower,4,0,7,0,11,0,0,11,2,13,4,0,18,2,24,0,0,0,24
03/26/2018,BFM,AL,ASO,CE,Federal Contract Tower,2,4,14,19,39,0,0,3,1,4,2,4,17,20,43,4,4,8,51
03/27/2018,BFM,AL,ASO,CE,Federal Contract Tower,4,9,25,31,69,0,0,1,4,5,4,9,26,35,74,0,10,10,84
03/28/2018,BFM,AL,ASO,CE,Federal Contract Tower,10,9,20,86,125,0,4,8,24,36,10,13,28,110,161,20,148,168,329
03/29/2018,BFM,AL,ASO,CE,Federal Contract Tower,3,6,8,7,24,0,0,1,5,6,3,6,9,12,30,0,4,4,34
03/30/2018,BFM,AL,ASO,CE,Federal Contract Tower,3,7,12,20,42,0,2,8,19,29,3,9,20,39,71,2,66,68,139
03/31/2018,BFM,AL,ASO,CE,Federal Contract Tower,1,2,26,0,29,0,3,22,0,25,1,5,48,0,54,36,0,36,90
04/01/2018,BFM,AL,ASO,CE,Federal Contract Tower,2,1,4,2,9,0,0,9,0,9,2,1,13,2,18,0,0,0,18
04/02/2018,BFM,AL,ASO,CE,Federal Contract Tower,5,13,16,50,84,0,4,9,24,37,5,17,25,74,121,0,78,78,199
04/03/2018,BFM,AL,ASO,CE,Federal Contract Tower,5,7,20,23,55,0,1,5,32,38,5,8,25,55,93,2,170,172,265
04/04/2018,BFM,AL,ASO,CE,Federal Contract Tower,9,5,16,67,97,0,3,5,29,37,9,8,21,96,134,0,150,150,284
04/05/2018,BFM,AL,ASO,CE,Federal Contract Tower,5,3,23,16,47,0,2,22,39,63,5,5,45,55,110,0,170,170,280
04/06/2018,BFM,AL,ASO,CE,Federal Contract Tower,4,6,10,16,36,0,2,4,32,38,4,8,14,48,74,6,152,158,232
04/07/2018,BFM,AL,ASO,CE,Federal Contract Tower,4,3,3,2,12,0,0,3,0,3,4,3,6,2,15,0,0,0,15
04/08/2018,BFM,AL,ASO,CE,Federal Contract Tower,3,3,17,8,31,0,0,3,2,5,3,3,20,10,36,0,0,0,36
04/09/2018,BFM,AL,ASO,CE,Federal Contract Tower,2,4,26,48,80,0,5,7,20,32,2,9,33,68,112,0,148,148,260
04/10/2018,BFM,AL,ASO,CE,Federal Contract Tower,10,7,16,84,117,0,4,28,53,85,10,11,44,137,202,10,242,252,454
04/11/2018,BFM,AL,ASO,CE,Federal Contract Tower,6,9,29,58,102,0,4,33,57,94,6,13,62,115,196,4,228,232,428
04/12/2018,BFM,AL,ASO,CE,Federal Contract Tower,5,5,31,29,70,0,3,20,21,44,5,8,51,50,114,56,116,172,286
04/13/2018,BFM,AL,ASO,CE,Federal Contract Tower,4,5,24,22,55,0,3,12,35,50,4,8,36,57,105,10,178,188,293
04/14/2018,BFM,AL,ASO,CE,Federal Contract Tower,5,1,2,0,8,0,0,1,0,1,5,1,3,0,9,0,0,0,9
04/15/2018,BFM,AL,ASO,CE,Federal Contract Tower,1,0,17,2,20,0,0,10,2,12,1,0,27,4,32,0,0,0,32
04/16/2018,BFM,AL,ASO,CE,Federal Contract Tower,1,4,20,41,66,0,1,7,56,64,1,5,27,97,130,28,250,278,408
04/17/2018,BFM,AL,ASO,CE,Federal Contract Tower,6,6,25,29,66,0,7,35,44,86,6,13,60,73,152,26,202,228,380
04/18/2018,BFM,AL,ASO,CE,Federal Contract Tower,4,8,25,32,69,0,2,16,38,56,4,10,41,70,125,0,242,242,367
04/19/2018,BFM,AL,ASO,CE,Federal Contract Tower,5,7,21,68,101,0,2,23,37,62,5,9,44,105,163,20,262,282,445
04/20/2018,BFM,AL,ASO,CE,Federal Contract Tower,3,7,16,20,46,0,5,15,23,43,3,12,31,43,89,20,124,144,233
04/21/2018,BFM,AL,ASO,CE,Federal Contract Tower,3,2,3,2,10,0,2,5,27,34,3,4,8,29,44,2,124,126,170
04/22/2018,BFM,AL,ASO,CE,Federal Contract Tower,2,1,7,0,10,0,0,0,0,0,2,1,7,0,10,0,0,0,10
04/23/2018,BFM,AL,ASO,CE,Federal Contract Tower,7,2,7,70,86,0,1,15,15,31,7,3,22,85,117,0,184,184,301
04/24/2018,BFM,AL,ASO,CE,Federal Contract Tower,3,9,19,53,84,0,2,13,31,46,3,11,32,84,130,46,184,230,360
04/25/2018,BFM,AL,ASO,CE,Federal Contract Tower,6,5,21,55,87,0,4,32,21,57,6,9,53,76,144,42,84,126,270
04/26/2018,BFM,AL,ASO,CE,Federal Contract Tower,11,11,19,75,116,0,2,9,24,35,11,13,28,99,151,0,122,122,273
04/27/2018,BFM,AL,ASO,CE,Federal Contract Tower,6,7,22,22,57,0,4,18,15,37,6,11,40,37,94,6,146,152,246
04/28/2018,BFM,AL,ASO,CE,Federal Contract Tower,3,3,11,0,17,0,0,0,6,6,3,3,11,6,23,12,0,12,35
04/29/2018,BFM,AL,ASO,CE,Federal Contract Tower,5,4,14,0,23,0,0,18,0,18,5,4,32,0,41,6,0,6,47
04/30/2018,BFM,AL,ASO,CE,Federal Contract Tower,7,3,25,35,70,0,1,19,36,56,7,4,44,71,126,48,150,198,324
05/01/2018,BFM,AL,ASO,CE,Federal Contract Tower,8,8,22,26,64,0,5,15,31,51,8,13,37,57,115,14,198,212,327
05/02/2018,BFM,AL,ASO,CE,Federal Contract Tower,5,5,16,17,43,0,6,26,35,67,5,11,42,52,110,8,254,262,372
05/03/2018,BFM,AL,ASO,CE,Federal Contract Tower,6,7,20,13,46,0,3,23,35,61,6,10,43,48,107,22,228,250,357
05/04/2018,BFM,AL,ASO,CE,Federal Contract Tower,5,12,18,34,69,0,1,19,15,35,5,13,37,49,104,16,104,120,224
05/05/2018,BFM,AL,ASO,CE,Federal Contract Tower,4,3,14,2,23,0,0,10,3,13,4,3,24,5,36,8,22,30,66
05/06/2018,BFM,AL,ASO,CE,Federal Contract Tower,2,0,23,11,36,0,0,24,6,30,2,0,47,17,66,42,30,72,138
05/07/2018,BFM,AL,ASO,CE,Federal Contract Tower,3,2,14,10,29,0,1,34,41,76,3,3,48,51,105,0,170,170,275
05/08/2018,BFM,AL,ASO,CE,Federal Contract Tower,5,7,23,15,50,0,3,45,22,70,5,10,68,37,120,84,66,150,270
05/09/2018,BFM,AL,ASO,CE,Federal Contract Tower,7,8,19,20,54,0,6,27,23,56,7,14,46,43,110,48,70,118,228
05/10/2018,BFM,AL,ASO,CE,Federal Contract Tower,8,10,25,22,65,0,2,44,14,60,8,12,69,36,125,52,88,140,265
05/11/2018,BFM,AL,ASO,CE,Federal Contract Tower,6,6,23,9,44,0,5,23,16,44,6,11,46,25,88,0,96,96,184
05/12/2018,BFM,AL,ASO,CE,Federal Contract Tower,5,1,9,13,28,0,4,40,4,48,5,5,49,17,76,18,20,38,114
05/13/2018,BFM,AL,ASO,CE,Federal Contract Tower,2,0,17,8,27,0,0,10,4,14,2,0,27,12,41,12,0,12,53
05/14/2018,BFM,AL,ASO,CE,Federal Contract Tower,1,2,23,9,35,0,5,7,25,37,1,7,30,34,72,0,66,66,138
05/15/2018,BFM,AL,ASO,CE,Federal Contract Tower,8,9,21,82,120,0,0,18,23,41,8,9,39,105,161,16,120,136,297
05/16/2018,BFM,AL,ASO,CE,Federal Contract Tower,6,7,20,20,53,0,2,15,18,35,6,9,35,38,88,22,84,106,194
05/17/2018,BFM,AL,ASO,CE,Federal Contract Tower,3,3,29,24,59,0,3,12,21,36,3,6,41,45,95,0,30,30,125
05/18/2018,BFM,AL,ASO,CE,Federal Contract Tower,6,11,20,9,46,0,2,12,12,26,6,13,32,21,72,0,54,54,126
05/19/2018,BFM,AL,ASO,CE,Federal Contract Tower,2,2,1,19,24,0,0,22,7,29,2,2,23,26,53,0,16,16,69
05/20/2018,BFM,AL,ASO,CE,Federal Contract Tower,1,6,7,2,16,0,14,4,6,24,1,20,11,8,40,0,18,18,58
05/21/2018,BFM,AL,ASO,CE,Federal Contract Tower,7,2,18,29,56,0,4,21,38,63,7,6,39,67,119,30,188,218,337
05/22/2018,BFM,AL,ASO,CE,Federal Contract Tower,7,5,29,45,86,0,0,18,40,58,7,5,47,85,144,20,206,226,370
05/23/2018,BFM,AL,ASO,CE,Federal Contract Tower,9,4,20,9,42,0,2,12,29,43,9,6,32,38,85,28,100,128,213
05/24/2018,BFM,AL,ASO,CE,Federal Contract Tower,5,5,15,64,89,0,3,12,24,39,5,8,27,88,128,26,96,122,250
05/25/2018,BFM,AL,ASO,CE,Federal Contract Tower,7,7,11,13,38,0,1,12,9,22,7,8,23,22,60,0,82,82,142
05/26/2018,BFM,AL,ASO,CE,Federal Contract Tower,3,4,2,0,9,0,0,2,0,2,3,4,4,0,11,0,0,0,11
05/27/2018,BFM,AL,ASO,CE,Federal Contract Tower,2,2,4,0,8,0,0,4,0,4,2,2,8,0,12,6,0,6,18
05/28/2018,BFM,AL,ASO,CE,Federal Contract Tower,0,1,4,0,5,0,1,0,0,1,0,2,4,0,6,0,0,0,6
05/29/2018,BFM,AL,ASO,CE,Federal Contract Tower,5,6,17,53,81,0,4,13,24,41,5,10,30,77,122,26,122,148,270
05/30/2018,BFM,AL,ASO,CE,Federal Contract Tower,5,10,22,18,55,0,3,9,24,36,5,13,31,42,91,4,128,132,223
05/31/2018,BFM,AL,ASO,CE,Federal Contract Tower,14,5,15,24,58,0,4,15,31,50,14,9,30,55,108,30,212,242,350
06/01/2018,BFM,AL,ASO,CE,Federal Contract Tower,5,9,17,39,70,0,7,12,16,35,5,16,29,55,105,22,130,152,257
06/02/2018,BFM,AL,ASO,CE,Federal Contract Tower,3,4,6,7,20,0,2,14,5,21,3,6,20,12,41,34,32,66,107
06/03/2018,BFM,AL,ASO,CE,Federal Contract Tower,3,1,5,2,11,0,0,3,0,3,3,1,8,2,14,22,0,22,36
06/04/2018,BFM,AL,ASO,CE,Federal Contract Tower,1,3,21,25,50,0,0,16,35,51,1,3,37,60,101,14,178,192,293
06/05/2018,BFM,AL,ASO,CE,Federal Contract Tower,5,3,10,14,32,0,0,10,7,17,5,3,20,21,49,0,34,34,83
06/06/2018,BFM,AL,ASO,CE,Federal Contract Tower,4,5,13,31,53,0,6,30,50,86,4,11,43,81,139,26,298,324,463
06/07/2018,BFM,AL,ASO,CE,Federal Contract Tower,5,4,34,30,73,0,2,31,33,66,5,6,65,63,139,60,206,266,405
06/08/2018,BFM,AL,ASO,CE,Federal Contract Tower,9,5,19,12,45,0,2,13,13,28,9,7,32,25,73,0,98,98,171
06/09/2018,BFM,AL,ASO,CE,Federal Contract Tower,2,1,6,5,14,0,0,8,4,12,2,1,14,9,26,18,0,18,44
06/10/2018,BFM,AL,ASO,CE,Federal Contract Tower,2,1,14,14,31,0,1,12,0,13,2,2,26,14,44,0,0,0,44
06/11/2018,BFM,AL,ASO,CE,Federal Contract Tower,6,8,13,16,43,0,2,4,21,27,6,10,17,37,70,0,80,80,150
06/12/2018,BFM,AL,ASO,CE,Federal Contract Tower,15,5,15,20,55,0,0,7,5,12,15,5,22,25,67,0,26,26,93
06/13/2018,BFM,AL,ASO,CE,Federal Contract Tower,10,9,24,5,48,0,4,20,16,40,10,13,44,21,88,20,62,82,170
06/14/2018,BFM,AL,ASO,CE,Federal Contract Tower,8,13,27,0,48,0,3,8,13,24,8,16,35,13,72,8,78,86,158
06/15/2018,BFM,AL,ASO,CE,Federal Contract Tower,12,7,8,2,29,0,0,4,14,18,12,7,12,16,47,8,30,38,85
06/16/2018,BFM,AL,ASO,CE,Federal Contract Tower,9,3,10,4,26,0,2,8,17,27,9,5,18,21,53,20,68,88,141
06/17/2018,BFM,AL,ASO,CE,Federal Contract Tower,1,3,8,0,12,0,0,23,0,23,1,3,31,0,35,26,0,26,61
06/18/2018,BFM,AL,ASO,CE,Federal Contract Tower,1,9,24,28,62,0,3,14,43,60,1,12,38,71,122,30,216,246,368
06/19/2018,BFM,AL,ASO,CE,Federal Contract Tower,5,9,16,60,90,0,2,22,44,68,5,11,38,104,158,28,174,202,360
06/20/2018,BFM,AL,ASO,CE,Federal Contract Tower,6,10,28,42,86,0,6,24,46,76,6,16,52,88,162,24,188,212,374
06/21/2018,BFM,AL,ASO,CE,Federal Contract Tower,5,13,21,24,63,0,0,13,21,34,5,13,34,45,97,14,138,152,249
06/22/2018,BFM,AL,ASO,CE,Federal Contract Tower,3,6,19,17,45,0,1,15,29,45,3,7,34,46,90,8,110,118,208
06/23/2018,BFM,AL,ASO,CE,Federal Contract Tower,2,5,8,0,15,0,0,20,4,24,2,5,28,4,39,22,22,44,83
06/24/2018,BFM,AL,ASO,CE,Federal Contract Tower,2,0,4,4,10,0,1,7,0,8,2,1,11,4,18,2,0,2,20
06/25/2018,BFM,AL,ASO,CE,Federal Contract Tower,4,4,18,30,56,0,9,18,33,60,4,13,36,63,116,0,164,164,280
06/26/2018,BFM,AL,ASO,CE,Federal Contract Tower,12,7,21,25,65,0,2,7,21,30,12,9,28,46,95,6,168,174,269
06/27/2018,BFM,AL,ASO,CE,Federal Contract Tower,9,10,13,5,37,0,4,12,8,24,9,14,25,13,61,6,44,50,111
06/28/2018,BFM,AL,ASO,CE,Federal Contract Tower,9,3,14,21,47,0,1,20,14,35,9,4,34,35,82,22,66,88,170
06/29/2018,BFM,AL,ASO,CE,Federal Contract Tower,5,4,13,8,30,0,3,19,15,37,5,7,32,23,67,14,72,86,153
06/30/2018,BFM,AL,ASO,CE,Federal Contract Tower,3,3,0,0,6,0,4,7,0,11,3,7,7,0,17,8,0,8,25
07/01/2018,BFM,AL,ASO,CE,Federal Contract Tower,4,4,13,7,28,0,0,1,2,3,4,4,14,9,31,0,6,6,37
07/02/2018,BFM,AL,ASO,CE,Federal Contract Tower,3,1,6,23,33,0,2,4,3,9,3,3,10,26,42,0,18,18,60
07/03/2018,BFM,AL,ASO,CE,Federal Contract Tower,4,4,7,16,31,0,2,4,19,25,4,6,11,35,56,2,104,106,162
07/04/2018,BFM,AL,ASO,CE,Federal Contract Tower,4,0,2,0,6,0,4,13,0,17,4,4,15,0,23,32,0,32,55
07/05/2018,BFM,AL,ASO,CE,Federal Contract Tower,4,3,8,33,48,0,0,14,6,20,4,3,22,39,68,36,32,68,136
07/06/2018,BFM,AL,ASO,CE,Federal Contract Tower,6,7,11,15,39,0,2,9,34,45,6,9,20,49,84,8,196,204,288
07/07/2018,BFM,AL,ASO,CE,Federal Contract Tower,2,6,11,0,19,0,0,5,0,5,2,6,16,0,24,0,0,0,24
07/08/2018,BFM,AL,ASO,CE,Federal Contract Tower,1,4,5,7,17,0,0,2,5,7,1,4,7,12,24,0,16,16,40
07/09/2018,BFM,AL,ASO,CE,Federal Contract Tower,4,3,13,18,38,0,2,11,32,45,4,5,24,50,83,0,130,130,213
07/10/2018,BFM,AL,ASO,CE,Federal Contract Tower,8,4,16,35,63,0,0,18,31,49,8,4,34,66,112,10,140,150,262
07/11/2018,BFM,AL,ASO,CE,Federal Contract Tower,10,6,15,35,66,0,4,28,40,72,10,10,43,75,138,4,186,190,328
07/12/2018,BFM,AL,ASO,CE,Federal Contract Tower,6,7,23,36,72,0,1,22,26,49,6,8,45,62,121,10,94,104,225
07/13/2018,BFM,AL,ASO,CE,Federal Contract Tower,2,10,15,36,63,0,5,34,23,62,2,15,49,59,125,12,96,108,233
07/14/2018,BFM,AL,ASO,CE,Federal Contract Tower,2,2,8,20,32,0,1,18,3,22,2,3,26,23,54,10,12,22,76
07/15/2018,BFM,AL,ASO,CE,Federal Contract Tower,1,3,9,7,20,0,3,9,1,13,1,6,18,8,33,4,0,4,37
07/16/2018,BFM,AL,ASO,CE,Federal Contract Tower,3,3,13,11,30,0,1,4,23,28,3,4,17,34,58,0,194,194,252
07/17/2018,BFM,AL,ASO,CE,Federal Contract Tower,12,16,10,11,49,0,3,4,8,15,12,19,14,19,64,2,68,70,134
07/18/2018,BFM,AL,ASO,CE,Federal Contract Tower,5,5,28,11,49,0,2,18,20,40,5,7,46,31,89,26,144,170,259
07/19/2018,BFM,AL,ASO,CE,Federal Contract Tower,7,7,14,28,56,0,3,12,31,46,7,10,26,59,102,12,190,202,304
07/20/2018,BFM,AL,ASO,CE,Federal Contract Tower,5,8,19,15,47,0,3,18,17,38,5,11,37,32,85,8,104,112,197
07/21/2018,BFM,AL,ASO,CE,Federal Contract Tower,4,2,10,5,21,0,0,12,6,18,4,2,22,11,39,24,0,24,63
07/22/2018,BFM,AL,ASO,CE,Federal Contract Tower,5,0,12,11,28,0,0,14,7,21,5,0,26,18,49,16,8,24,73
07/23/2018,BFM,AL,ASO,CE,Federal Contract Tower,4,5,20,35,64,0,2,16,18,36,4,7,36,53,100,8,94,102,202
07/24/2018,BFM,AL,ASO,CE,Federal Contract Tower,12,7,24,47,90,0,10,20,37,67,12,17,44,84,157,10,142,152,309
07/25/2018,BFM,AL,ASO,CE,Federal Contract Tower,3,6,24,42,75,0,2,12,29,43,3,8,36,71,118,24,122,146,264
07/26/2018,BFM,AL,ASO,CE,Federal Contract Tower,6,4,15,37,62,0,3,26,20,49,6,7,41,57,111,14,70,84,195
07/27/2018,BFM,AL,ASO,CE,Federal Contract Tower,5,1,24,12,42,0,1,18,12,31,5,2,42,24,73,20,100,120,193
07/28/2018,BFM,AL,ASO,CE,Federal Contract Tower,2,2,6,5,15,0,0,10,5,15,2,2,16,10,30,16,12,28,58
07/29/2018,BFM,AL,ASO,CE,Federal Contract Tower,1,1,4,0,6,0,0,5,2,7,1,1,9,2,13,0,10,10,23
07/30/2018,BFM,AL,ASO,CE,Federal Contract Tower,1,3,2,20,26,0,4,7,17,28,1,7,9,37,54,0,88,88,142
07/31/2018,BFM,AL,ASO,CE,Federal Contract Tower,5,6,5,21,37,0,2,4,12,18,5,8,9,33,55,4,70,74,129
08/01/2018,BFM,AL,ASO,CE,Federal Contract Tower,5,6,12,3,26,0,5,9,7,21,5,11,21,10,47,0,32,32,79
08/02/2018,BFM,AL,ASO,CE,Federal Contract Tower,5,5,29,16,55,0,6,10,12,28,5,11,39,28,83,8,42,50,133
08/03/2018,BFM,AL,ASO,CE,Federal Contract Tower,5,4,7,16,32,0,5,15,39,59,5,9,22,55,91,0,182,182,273
08/04/2018,BFM,AL,ASO,CE,Federal Contract Tower,2,3,8,2,15,0,1,10,0,11,2,4,18,2,26,4,0,4,30
08/05/2018,BFM,AL,ASO,CE,Federal Contract Tower,1,2,18,3,24,0,0,11,5,16,1,2,29,8,40,26,6,32,72
08/06/2018,BFM,AL,ASO,CE,Federal Contract Tower,3,6,8,56,73,0,1,18,38,57,3,7,26,94,130,14,154,168,298
08/07/2018,BFM,AL,ASO,CE,Federal Contract Tower,4,4,17,3,28,0,5,19,33,57,4,9,36,36,85,30,164,194,279
08/08/2018,BFM,AL,ASO,CE,Federal Contract Tower,6,6,24,23,59,0,6,15,53,74,6,12,39,76,133,2,292,294,427
08/09/2018,BFM,AL,ASO,CE,Federal Contract Tower,4,6,11,33,54,0,2,18,20,40,4,8,29,53,94,24,158,182,276
08/10/2018,BFM,AL,ASO,CE,Federal Contract Tower,3,5,14,16,38,0,3,8,22,33,3,8,22,38,71,2,102,104,175
08/11/2018,BFM,AL,ASO,CE,Federal Contract Tower,4,3,18,6,31,0,0,24,0,24,4,3,42,6,55,34,0,34,89
08/12/2018,BFM,AL,ASO,CE,Federal Contract Tower,4,2,3,4,13,0,2,25,0,27,4,4,28,4,40,44,0,44,84
08/13/2018,BFM,AL,ASO,CE,Federal Contract Tower,2,4,14,14,34,0,0,18,49,67,2,4,32,63,101,22,220,242,343
08/14/2018,BFM,AL,ASO,CE,Federal Contract Tower,4,11,29,23,67,0,4,13,17,34,4,15,42,40,101,6,70,76,177
08/15/2018,BFM,AL,ASO,CE,Federal Contract Tower,8,7,20,17,52,0,6,13,46,65,8,13,33,63,117,4,194,198,315
08/16/2018,BFM,AL,ASO,CE,Federal Contract Tower,9,1,17,26,53,0,2,7,21,30,9,3,24,47,83,0,76,76,159
08/17/2018,BFM,AL,ASO,CE,Federal Contract Tower,7,4,3,4,18,0,0,3,13,16,7,4,6,17,34,0,82,82,116
08/18/2018,BFM,AL,ASO,CE,Federal Contract Tower,4,6,1,0,11,0,1,3,2,6,4,7,4,2,17,0,18,18,35
08/19/2018,BFM,AL,ASO,CE,Federal Contract Tower,1,3,4,3,11,0,2,1,1,4,1,5,5,4,15,0,0,0,15
08/20/2018,BFM,AL,ASO,CE,Federal Contract Tower,4,4,12,4,24,0,3,5,27,35,4,7,17,31,59,0,98,98,157
08/21/2018,BFM,AL,ASO,CE,Federal Contract Tower,4,14,12,16,46,0,2,10,4,16,4,16,22,20,62,4,28,32,94
08/22/2018,BFM,AL,ASO,CE,Federal Contract Tower,6,5,21,23,55,0,1,34,32,67,6,6,55,55,122,32,164,196,318
08/23/2018,BFM,AL,ASO,CE,Federal Contract Tower,6,10,29,47,92,0,4,25,34,63,6,14,54,81,155,140,6,146,301
08/24/2018,BFM,AL,ASO,CE,Federal Contract Tower,10,6,15,19,50,0,1,16,26,43,10,7,31,45,93,6,92,98,191
08/25/2018,BFM,AL,ASO,CE,Federal Contract Tower,2,6,3,1,12,0,0,5,1,6,2,6,8,2,18,0,0,0,18
08/26/2018,BFM,AL,ASO,CE,Federal Contract Tower,1,0,13,4,18,0,0,17,3,20,1,0,30,7,38,0,8,8,46
08/27/2018,BFM,AL,ASO,CE,Federal Contract Tower,3,2,11,33,49,0,1,9,40,50,3,3,20,73,99,8,258,266,365
08/28/2018,BFM,AL,ASO,CE,Federal Contract Tower,10,7,30,15,62,0,6,16,48,70,10,13,46,63,132,16,182,198,330
08/29/2018,BFM,AL,ASO,CE,Federal Contract Tower,5,9,24,28,66,0,2,29,14,45,5,11,53,42,111,2,76,78,189
08/30/2018,BFM,AL,ASO,CE,Federal Contract Tower,6,9,15,13,43,0,0,8,8,16,6,9,23,21,59,18,72,90,149
08/31/2018,BFM,AL,ASO,CE,Federal Contract Tower,5,4,12,12,33,0,3,4,0,7,5,7,16,12,40,6,0,6,46
09/01/2018,BFM,AL,ASO,CE,Federal Contract Tower,1,2,3,0,6,0,1,2,0,3,1,3,5,0,9,0,0,0,9
09/02/2018,BFM,AL,ASO,CE,Federal Contract Tower,1,1,2,0,4,0,6,4,0,10,1,7,6,0,14,0,0,0,14
09/03/2018,BFM,AL,ASO,CE,Federal Contract Tower,0,1,8,0,9,0,5,3,0,8,0,6,11,0,17,0,0,0,17
09/04/2018,BFM,AL,ASO,CE,Federal Contract Tower,1,2,7,0,10,0,0,1,2,3,1,2,8,2,13,0,2,2,15
09/05/2018,BFM,AL,ASO,CE,Federal Contract Tower,6,5,4,0,15,0,2,1,0,3,6,7,5,0,18,0,0,0,18
09/06/2018,BFM,AL,ASO,CE,Federal Contract Tower,4,6,24,38,72,0,3,11,20,34,4,9,35,58,106,8,82,90,196
09/07/2018,BFM,AL,ASO,CE,Federal Contract Tower,6,4,19,32,61,0,2,23,11,36,6,6,42,43,97,20,38,58,155
09/08/2018,BFM,AL,ASO,CE,Federal Contract Tower,2,2,7,3,14,0,0,12,1,13,2,2,19,4,27,22,8,30,57
09/09/2018,BFM,AL,ASO,CE,Federal Contract Tower,1,2,6,4,13,0,0,7,4,11,1,2,13,8,24,0,8,8,32
09/10/2018,BFM,AL,ASO,CE,Federal Contract Tower,3,4,12,7,26,0,1,4,30,35,3,5,16,37,61,20,134,154,215
09/11/2018,BFM,AL,ASO,CE,Federal Contract Tower,6,7,10,15,38,0,8,14,47,69,6,15,24,62,107,16,178,194,301
09/12/2018,BFM,AL,ASO,CE,Federal Contract Tower,8,9,32,31,80,0,3,20,34,57,8,12,52,65,137,2,144,146,283
09/13/2018,BFM,AL,ASO,CE,Federal Contract Tower,11,10,27,20,68,0,5,16,13,34,11,15,43,33,102,6,52,58,160
09/14/2018,BFM,AL,ASO,CE,Federal Contract Tower,8,6,14,13,41,0,4,21,30,55,8,10,35,43,96,18,82,100,196
09/15/2018,BFM,AL,ASO,CE,Federal Contract Tower,3,2,5,1,11,0,0,15,0,15,3,2,20,1,26,0,4,4,30
09/16/2018,BFM,AL,ASO,CE,Federal Contract Tower,1,2,6,2,11,0,1,8,7,16,1,3,14,9,27,22,36,58,85
09/17/2018,BFM,AL,ASO,CE,Federal Contract Tower,1,3,8,20,32,0,1,17,34,52,1,4,25,54,84,0,206,206,290
09/18/2018,BFM,AL,ASO,CE,Federal Contract Tower,7,7,21,12,47,0,2,10,38,50,7,9,31,50,97,0,128,128,225
09/19/2018,BFM,AL,ASO,CE,Federal Contract Tower,8,9,18,15,50,0,11,20,26,57,8,20,38,41,107,0,104,104,211
09/20/2018,BFM,AL,ASO,CE,Federal Contract Tower,6,8,20,20,54,0,3,19,27,49,6,11,39,47,103,16,104,120,223
09/21/2018,BFM,AL,ASO,CE,Federal Contract Tower,3,4,24,6,37,0,0,19,34,53,3,4,43,40,90,8,130,138,228
09/22/2018,BFM,AL,ASO,CE,Federal Contract Tower,3,3,10,1,17,0,0,9,0,9,3,3,19,1,26,4,12,16,42
09/23/2018,BFM,AL,ASO,CE,Federal Contract Tower,3,3,10,0,16,0,0,11,0,11,3,3,21,0,27,2,0,2,29
09/24/2018,BFM,AL,ASO,CE,Federal Contract Tower,5,7,10,7,29,0,2,8,9,19,5,9,18,16,48,0,40,40,88
09/25/2018,BFM,AL,ASO,CE,Federal Contract Tower,6,7,14,9,36,0,2,9,15,26,6,9,23,24,62,4,82,86,148
09/26/2018,BFM,AL,ASO,CE,Federal Contract Tower,8,4,16,5,33,0,3,3,10,16,8,7,19,15,49,0,72,72,121
09/27/2018,BFM,AL,ASO,CE,Federal Contract Tower,8,3,22,14,47,0,2,5,4,11,8,5,27,18,58,0,12,12,70
09/28/2018,BFM,AL,ASO,CE,Federal Contract Tower,12,7,20,24,63,0,1,6,4,11,12,8,26,28,74,0,42,42,116
09/29/2018,BFM,AL,ASO,CE,Federal Contract Tower,7,2,8,0,17,0,0,3,2,5,7,2,11,2,22,10,10,20,42
09/30/2018,BFM,AL,ASO,CE,Federal Contract Tower,8,1,13,2,24,0,0,12,2,14,8,1,25,4,38,30,12,42,80
10/01/2018,BFM,AL,ASO,CE,Federal Contract Tower,5,2,22,14,43,0,5,20,21,46,5,7,42,35,89,36,104,140,229
10/02/2018,BFM,AL,ASO,CE,Federal Contract Tower,6,6,16,39,67,0,2,27,16,45,6,8,43,55,112,26,80,106,218
10/03/2018,BFM,AL,ASO,CE,Federal Contract Tower,9,7,27,20,63,0,0,32,29,61,9,7,59,49,124,32,168,200,324
10/04/2018,BFM,AL,ASO,CE,Federal Contract Tower,5,4,13,11,33,0,2,16,29,47,5,6,29,40,80,8,108,116,196
10/05/2018,BFM,AL,ASO,CE,Federal Contract Tower,5,4,10,24,43,0,2,26,15,43,5,6,36,39,86,18,72,90,176
10/06/2018,BFM,AL,ASO,CE,Federal Contract Tower,2,5,11,0,18,0,6,13,7,26,2,11,24,7,44,0,54,54,98
10/07/2018,BFM,AL,ASO,CE,Federal Contract Tower,1,0,18,0,19,0,0,23,0,23,1,0,41,0,42,24,0,24,66
10/08/2018,BFM,AL,ASO,CE,Federal Contract Tower,3,2,19,0,24,0,3,8,2,13,3,5,27,2,37,2,0,2,39
10/09/2018,BFM,AL,ASO,CE,Federal Contract Tower,5,8,12,2,27,0,2,11,2,15,5,10,23,4,42,0,4,4,46
10/10/2018,BFM,AL,ASO,CE,Federal Contract Tower,4,5,3,0,12,0,0,0,0,0,4,5,3,0,12,0,0,0,12
10/11/2018,BFM,AL,ASO,CE,Federal Contract Tower,9,6,22,5,42,0,22,16,1,39,9,28,38,6,81,0,0,0,81
10/12/2018,BFM,AL,ASO,CE,Federal Contract Tower,9,7,23,59,98,0,17,25,3,45,9,24,48,62,143,2,168,170,313
10/13/2018,BFM,AL,ASO,CE,Federal Contract Tower,2,2,14,0,18,0,4,28,3,35,2,6,42,3,53,0,20,20,73
10/14/2018,BFM,AL,ASO,CE,Federal Contract Tower,3,0,11,0,14,0,2,27,5,34,3,2,38,5,48,30,32,62,110
10/15/2018,BFM,AL,ASO,CE,Federal Contract Tower,3,3,11,10,27,0,1,13,31,45,3,4,24,41,72,2,110,112,184
10/16/2018,BFM,AL,ASO,CE,Federal Contract Tower,7,11,14,54,86,0,3,13,32,48,7,14,27,86,134,8,198,206,340
10/17/2018,BFM,AL,ASO,CE,Federal Contract Tower,10,21,27,75,133,0,3,9,10,22,10,24,36,85,155,0,76,76,231
10/18/2018,BFM,AL,ASO,CE,Federal Contract Tower,3,4,32,38,77,0,4,22,42,68,3,8,54,80,145,0,320,320,465
10/19/2018,BFM,AL,ASO,CE,Federal Contract Tower,10,9,33,27,79,0,2,16,19,37,10,11,49,46,116,12,82,94,210
10/20/2018,BFM,AL,ASO,CE,Federal Contract Tower,2,3,5,1,11,0,0,6,2,8,2,3,11,3,19,4,18,22,41
10/21/2018,BFM,AL,ASO,CE,Federal Contract Tower,2,4,28,3,37,0,1,12,1,14,2,5,40,4,51,18,8,26,77
10/22/2018,BFM,AL,ASO,CE,Federal Contract Tower,4,4,21,29,58,0,2,21,28,51,4,6,42,57,109,8,148,156,265
10/23/2018,BFM,AL,ASO,CE,Federal Contract Tower,4,4,18,27,53,0,4,11,18,33,4,8,29,45,86,2,82,84,170
10/24/2018,BFM,AL,ASO,CE,Federal Contract Tower,4,7,34,8,53,0,4,43,34,81,4,11,77,42,134,0,160,160,294
10/25/2018,BFM,AL,ASO,CE,Federal Contract Tower,5,5,20,4,34,0,0,0,0,0,5,5,20,4,34,0,0,0,34
10/26/2018,BFM,AL,ASO,CE,Federal Contract Tower,8,8,32,20,68,0,0,18,17,35,8,8,50,37,103,0,180,180,283
10/27/2018,BFM,AL,ASO,CE,Federal Contract Tower,4,1,6,1,12,0,0,19,7,26,4,1,25,8,38,16,24,40,78
10/28/2018,BFM,AL,ASO,CE,Federal Contract Tower,3,1,8,4,16,0,1,26,12,39,3,2,34,16,55,24,38,62,117
10/29/2018,BFM,AL,ASO,CE,Federal Contract Tower,4,4,15,55,78,0,3,16,28,47,4,7,31,83,125,8,170,178,303
10/30/2018,BFM,AL,ASO,CE,Federal Contract Tower,10,8,28,46,92,0,2,22,19,43,10,10,50,65,135,24,106,130,265
10/31/2018,BFM,AL,ASO,CE,Federal Contract Tower,5,8,13,21,47,0,6,23,28,57,5,14,36,49,104,14,194,208,312
11/01/2018,BFM,AL,ASO,CE,Federal Contract Tower,7,6,7,10,30,0,0,0,4,4,7,6,7,14,34,0,62,62,96
11/02/2018,BFM,AL,ASO,CE,Federal Contract Tower,11,10,19,22,62,0,2,10,24,36,11,12,29,46,98,0,130,130,228
11/03/2018,BFM,AL,ASO,CE,Federal Contract Tower,3,2,17,8,30,0,0,20,19,39,3,2,37,27,69,30,124,154,223
11/04/2018,BFM,AL,ASO,CE,Federal Contract Tower,1,0,31,0,32,0,0,17,0,17,1,0,48,0,49,8,0,8,57
11/05/2018,BFM,AL,ASO,CE,Federal Contract Tower,5,3,22,26,56,0,1,1,8,10,5,4,23,34,66,0,14,14,80
11/06/2018,BFM,AL,ASO,CE,Federal Contract Tower,4,5,17,29,55,0,0,2,23,25,4,5,19,52,80,0,114,114,194
11/07/2018,BFM,AL,ASO,CE,Federal Contract Tower,8,5,18,10,41,0,2,2,3,7,8,7,20,13,48,8,22,30,78
11/08/2018,BFM,AL,ASO,CE,Federal Contract Tower,7,12,22,32,73,0,0,0,2,2,7,12,22,34,75,0,4,4,79
11/09/2018,BFM,AL,ASO,CE,Federal Contract Tower,7,5,11,15,38,0,3,1,20,24,7,8,12,35,62,0,92,92,154
11/10/2018,BFM,AL,ASO,CE,Federal Contract Tower,3,2,9,0,14,0,2,13,5,20,3,4,22,5,34,6,62,68,102
11/11/2018,BFM,AL,ASO,CE,Federal Contract Tower,9,0,10,9,28,0,0,34,18,52,9,0,44,27,80,34,78,112,192
11/12/2018,BFM,AL,ASO,CE,Federal Contract Tower,6,2,12,3,23,3,0,0,0,3,9,2,12,3,26,0,0,0,26
11/13/2018,BFM,AL,ASO,CE,Federal Contract Tower,13,14,16,3,46,0,0,0,0,0,13,14,16,3,46,0,0,0,46
11/14/2018,BFM,AL,ASO,CE,Federal Contract Tower,8,14,13,16,51,0,0,0,0,0,8,14,13,16,51,0,0,0,51
11/15/2018,BFM,AL,ASO,CE,Federal Contract Tower,3,9,25,27,64,0,2,26,33,61,3,11,51,60,125,0,216,216,341
11/16/2018,BFM,AL,ASO,CE,Federal Contract Tower,7,4,22,12,45,0,0,23,36,59,7,4,45,48,104,14,364,378,482
11/17/2018,BFM,AL,ASO,CE,Federal Contract Tower,2,3,11,0,16,0,2,37,28,67,2,5,48,28,83,14,140,154,237
11/18/2018,BFM,AL,ASO,CE,Federal Contract Tower,2,2,10,2,16,0,6,29,16,51,2,8,39,18,67,30,114,144,211
11/19/2018,BFM,AL,ASO,CE,Federal Contract Tower,8,2,5,14,29,0,1,10,51,62,8,3,15,65,91,2,218,220,311
11/20/2018,BFM,AL,ASO,CE,Federal Contract Tower,4,8,17,19,48,0,3,4,42,49,4,11,21,61,97,0,278,278,375
11/21/2018,BFM,AL,ASO,CE,Federal Contract Tower,5,13,7,6,31,0,8,22,8,38,5,21,29,14,69,0,66,66,135
11/22/2018,BFM,AL,ASO,CE,Federal Contract Tower,0,0,2,0,2,0,0,5,0,5,0,0,7,0,7,2,0,2,9
11/23/2018,BFM,AL,ASO,CE,Federal Contract Tower,4,6,5,0,15,0,0,20,0,20,4,6,25,0,35,8,0,8,43
11/24/2018,BFM,AL,ASO,CE,Federal Contract Tower,2,8,13,0,23,0,0,10,0,10,2,8,23,0,33,10,0,10,43
11/25/2018,BFM,AL,ASO,CE,Federal Contract Tower,2,3,16,0,21,0,3,15,0,18,2,6,31,0,39,8,0,8,47
11/26/2018,BFM,AL,ASO,CE,Federal Contract Tower,3,6,14,32,55,0,0,14,60,74,3,6,28,92,129,4,356,360,489
11/27/2018,BFM,AL,ASO,CE,Federal Contract Tower,10,12,29,7,58,0,2,24,31,57,10,14,53,38,115,10,150,160,275
11/28/2018,BFM,AL,ASO,CE,Federal Contract Tower,9,4,21,14,48,0,5,15,34,54,9,9,36,48,102,22,182,204,306
11/29/2018,BFM,AL,ASO,CE,Federal Contract Tower,7,10,36,21,74,0,4,16,23,43,7,14,52,44,117,26,100,126,243
11/30/2018,BFM,AL,ASO,CE,Federal Contract Tower,10,9,19,15,53,0,2,19,15,36,10,11,38,30,89,26,92,118,207
12/01/2018,BFM,AL,ASO,CE,Federal Contract Tower,2,2,3,0,7,0,0,0,0,0,2,2,3,0,7,0,0,0,7
12/02/2018,BFM,AL,ASO,CE,Federal Contract Tower,0,2,10,10,22,0,0,25,21,46,0,2,35,31,68,6,126,132,200
12/03/2018,BFM,AL,ASO,CE,Federal Contract Tower,5,4,26,5,40,0,4,17,17,38,5,8,43,22,78,12,136,148,226
12/04/2018,BFM,AL,ASO,CE,Federal Contract Tower,6,8,9,70,93,0,2,17,24,43,6,10,26,94,136,2,84,86,222
12/05/2018,BFM,AL,ASO,CE,Federal Contract Tower,11,13,21,11,56,0,4,16,1,21,11,17,37,12,77,10,0,10,87
12/06/2018,BFM,AL,ASO,CE,Federal Contract Tower,9,5,26,14,54,0,1,10,26,37,9,6,36,40,91,16,108,124,215
12/07/2018,BFM,AL,ASO,CE,Federal Contract Tower,5,4,13,31,53,0,0,11,21,32,5,4,24,52,85,14,134,148,233
12/08/2018,BFM,AL,ASO,CE,Federal Contract Tower,2,2,1,0,5,0,2,0,0,2,2,4,1,0,7,0,0,0,7
12/09/2018,BFM,AL,ASO,CE,Federal Contract Tower,5,1,12,19,37,0,0,4,16,20,5,1,16,35,57,8,24,32,89
12/10/2018,BFM,AL,ASO,CE,Federal Contract Tower,4,1,17,18,40,0,3,18,23,44,4,4,35,41,84,90,102,192,276
12/11/2018,BFM,AL,ASO,CE,Federal Contract Tower,10,6,32,39,87,0,2,18,39,59,10,8,50,78,146,4,206,210,356
12/12/2018,BFM,AL,ASO,CE,Federal Contract Tower,9,4,29,15,57,0,4,12,68,84,9,8,41,83,141,16,206,222,363
12/13/2018,BFM,AL,ASO,CE,Federal Contract Tower,9,8,20,0,37,0,4,4,2,10,9,12,24,2,47,0,36,36,83
12/14/2018,BFM,AL,ASO,CE,Federal Contract Tower,4,10,18,28,60,0,1,0,13,14,4,11,18,41,74,0,68,68,142
12/15/2018,BFM,AL,ASO,CE,Federal Contract Tower,2,3,10,19,34,0,0,0,10,10,2,3,10,29,44,0,142,142,186
12/16/2018,BFM,AL,ASO,CE,Federal Contract Tower,2,3,12,1,18,0,3,17,17,37,2,6,29,18,55,16,90,106,161
12/17/2018,BFM,AL,ASO,CE,Federal Contract Tower,8,4,18,18,48,0,0,21,39,60,8,4,39,57,108,46,198,244,352
12/18/2018,BFM,AL,ASO,CE,Federal Contract Tower,11,5,19,16,51,0,3,18,15,36,11,8,37,31,87,6,54,60,147
12/19/2018,BFM,AL,ASO,CE,Federal Contract Tower,5,6,14,14,39,0,8,7,8,23,5,14,21,22,62,4,94,98,160
12/20/2018,BFM,AL,ASO,CE,Federal Contract Tower,6,5,14,2,27,0,2,0,0,2,6,7,14,2,29,0,0,0,29
12/21/2018,BFM,AL,ASO,CE,Federal Contract Tower,4,7,21,9,41,0,0,4,4,8,4,7,25,13,49,22,52,74,123
12/22/2018,BFM,AL,ASO,CE,Federal Contract Tower,3,4,22,0,29,0,1,16,0,17,3,5,38,0,46,20,0,20,66
12/23/2018,BFM,AL,ASO,CE,Federal Contract Tower,1,0,8,0,9,0,1,13,0,14,1,1,21,0,23,30,0,30,53
12/24/2018,BFM,AL,ASO,CE,Federal Contract Tower,1,3,5,0,9,0,2,13,0,15,1,5,18,0,24,0,0,0,24
12/25/2018,BFM,AL,ASO,CE,Federal Contract Tower,0,0,3,0,3,0,4,4,0,8,0,4,7,0,11,0,0,0,11
12/26/2018,BFM,AL,ASO,CE,Federal Contract Tower,4,6,5,7,22,0,2,10,8,20,4,8,15,15,42,4,28,32,74
12/27/2018,BFM,AL,ASO,CE,Federal Contract Tower,6,7,1,2,16,0,0,0,0,0,6,7,1,2,16,0,0,0,16
12/28/2018,BFM,AL,ASO,CE,Federal Contract Tower,7,4,4,0,15,0,0,0,0,0,7,4,4,0,15,0,0,0,15
12/29/2018,BFM,AL,ASO,CE,Federal Contract Tower,2,0,10,0,12,0,0,0,0,0,2,0,10,0,12,0,0,0,12
12/30/2018,BFM,AL,ASO,CE,Federal Contract Tower,1,1,13,0,15,0,0,0,0,0,1,1,13,0,15,0,0,0,15
12/31/2018,BFM,AL,ASO,CE,Federal Contract Tower,2,2,5,0,9,0,0,0,0,0,2,2,5,0,9,0,0,0,9
01/01/2019,BFM,AL,ASO,CE,Federal Contract Tower,0,1,5,0,6,0,0,0,0,0,0,1,5,0,6,0,0,0,6
01/02/2019,BFM,AL,ASO,CE,Federal Contract Tower,11,2,21,0,34,0,0,0,0,0,11,2,21,0,34,0,0,0,34
01/03/2019,BFM,AL,ASO,CE,Federal Contract Tower,7,10,9,21,47,0,2,1,11,14,7,12,10,32,61,0,64,64,125
01/04/2019,BFM,AL,ASO,CE,Federal Contract Tower,4,6,6,67,83,0,0,6,18,24,4,6,12,85,107,0,98,98,205
01/05/2019,BFM,AL,ASO,CE,Federal Contract Tower,3,2,5,10,20,0,0,19,9,28,3,2,24,19,48,38,76,114,162
01/06/2019,BFM,AL,ASO,CE,Federal Contract Tower,1,1,10,12,24,0,0,29,22,51,1,1,39,34,75,94,80,174,249
01/07/2019,BFM,AL,ASO,CE,Federal Contract Tower,3,2,23,28,56,0,2,8,47,57,3,4,31,75,113,18,294,312,425
01/08/2019,BFM,AL,ASO,CE,Federal Contract Tower,6,4,11,50,71,0,5,17,37,59,6,9,28,87,130,14,208,222,352
01/09/2019,BFM,AL,ASO,CE,Federal Contract Tower,4,7,35,45,91,0,3,21,28,52,4,10,56,73,143,0,170,170,313
01/10/2019,BFM,AL,ASO,CE,Federal Contract Tower,9,5,16,76,106,0,4,22,39,65,9,9,38,115,171,4,184,188,359
01/11/2019,BFM,AL,ASO,CE,Federal Contract Tower,5,6,27,48,86,0,3,36,25,64,5,9,63,73,150,38,146,184,334
01/12/2019,BFM,AL,ASO,CE,Federal Contract Tower,2,2,11,18,33,0,0,2,4,6,2,2,13,22,39,0,20,20,59
01/13/2019,BFM,AL,ASO,CE,Federal Contract Tower,1,2,26,2,31,0,0,8,4,12,1,2,34,6,43,2,14,16,59
01/14/2019,BFM,AL,ASO,CE,Federal Contract Tower,1,5,16,40,62,0,4,5,11,20,1,9,21,51,82,0,70,70,152
01/15/2019,BFM,AL,ASO,CE,Federal Contract Tower,6,12,18,64,100,0,5,14,29,48,6,17,32,93,148,0,206,206,354
01/16/2019,BFM,AL,ASO,CE,Federal Contract Tower,4,7,25,44,80,0,1,31,38,70,4,8,56,82,150,38,162,200,350
01/17/2019,BFM,AL,ASO,CE,Federal Contract Tower,8,8,22,42,80,0,3,23,27,53,8,11,45,69,133,36,166,202,335
01/18/2019,BFM,AL,ASO,CE,Federal Contract Tower,3,7,10,60,80,0,2,6,17,25,3,9,16,77,105,10,44,54,159
01/19/2019,BFM,AL,ASO,CE,Federal Contract Tower,2,3,2,0,7,0,0,0,0,0,2,3,2,0,7,0,0,0,7
01/20/2019,BFM,AL,ASO,CE,Federal Contract Tower,2,1,4,25,32,0,1,4,0,5,2,2,8,25,37,4,0,4,41
01/21/2019,BFM,AL,ASO,CE,Federal Contract Tower,3,7,37,0,47,0,0,42,0,42,3,7,79,0,89,16,0,16,105
01/22/2019,BFM,AL,ASO,CE,Federal Contract Tower,3,5,45,35,88,0,4,0,1,5,3,9,45,36,93,0,8,8,101
01/23/2019,BFM,AL,ASO,CE,Federal Contract Tower,6,4,20,0,30,0,2,1,0,3,6,6,21,0,33,0,0,0,33
01/24/2019,BFM,AL,ASO,CE,Federal Contract Tower,11,8,26,75,120,0,2,15,30,47,11,10,41,105,167,12,100,112,279
01/25/2019,BFM,AL,ASO,CE,Federal Contract Tower,5,6,23,32,66,0,7,47,10,64,5,13,70,42,130,39,22,61,191
01/26/2019,BFM,AL,ASO,CE,Federal Contract Tower,4,8,6,0,18,0,0,17,4,21,4,8,23,4,39,10,8,18,57
01/27/2019,BFM,AL,ASO,CE,Federal Contract Tower,1,0,6,18,25,0,0,23,11,34,1,0,29,29,59,10,22,32,91
01/28/2019,BFM,AL,ASO,CE,Federal Contract Tower,3,6,21,42,72,0,7,16,18,41,3,13,37,60,113,4,116,120,233
01/29/2019,BFM,AL,ASO,CE,Federal Contract Tower,9,7,15,68,99,0,1,6,20,27,9,8,21,88,126,6,80,86,212
01/30/2019,BFM,AL,ASO,CE,Federal Contract Tower,8,10,12,97,127,0,6,14,31,51,8,16,26,128,178,0,172,172,350
01/31/2019,BFM,AL,ASO,CE,Federal Contract Tower,6,6,25,42,79,0,0,23,40,63,6,6,48,82,142,10,172,182,324
02/01/2019,BFM,AL,ASO,CE,Federal Contract Tower,5,8,13,80,106,0,1,28,28,57,5,9,41,108,163,18,164,182,345
02/02/2019,BFM,AL,ASO,CE,Federal Contract Tower,2,4,2,0,8,0,0,1,0,1,2,4,3,0,9,0,16,16,25
02/03/2019,BFM,AL,ASO,CE,Federal Contract Tower,2,0,9,10,21,0,2,2,0,4,2,2,11,10,25,0,0,0,25
02/04/2019,BFM,AL,ASO,CE,Federal Contract Tower,3,6,24,75,108,0,1,0,3,4,3,7,24,78,112,0,24,24,136
02/05/2019,BFM,AL,ASO,CE,Federal Contract Tower,8,7,16,14,45,0,0,0,0,0,8,7,16,14,45,0,0,0,45
02/06/2019,BFM,AL,ASO,CE,Federal Contract Tower,3,2,12,56,73,0,0,0,0,0,3,2,12,56,73,0,0,0,73
02/07/2019,BFM,AL,ASO,CE,Federal Contract Tower,7,5,8,48,68,0,2,1,0,3,7,7,9,48,71,0,0,0,71
02/08/2019,BFM,AL,ASO,CE,Federal Contract Tower,8,5,24,61,98,0,2,8,29,39,8,7,32,90,137,0,208,208,345
02/09/2019,BFM,AL,ASO,CE,Federal Contract Tower,2,2,12,10,26,0,4,5,7,16,2,6,17,17,42,8,64,72,114
02/10/2019,BFM,AL,ASO,CE,Federal Contract Tower,1,0,7,17,25,0,1,4,1,6,1,1,11,18,31,6,0,6,37
02/11/2019,BFM,AL,ASO,CE,Federal Contract Tower,3,5,9,16,33,2,0,0,0,2,5,5,9,16,35,0,0,0,35
02/12/2019,BFM,AL,ASO,CE,Federal Contract Tower,4,6,25,47,82,0,4,0,14,18,4,10,25,61,100,0,124,124,224
02/13/2019,BFM,AL,ASO,CE,Federal Contract Tower,6,4,26,91,127,0,1,24,35,60,6,5,50,126,187,0,256,256,443
02/14/2019,BFM,AL,ASO,CE,Federal Contract Tower,5,8,19,47,79,0,3,20,34,57,5,11,39,81,136,10,186,196,332
02/15/2019,BFM,AL,ASO,CE,Federal Contract Tower,11,4,27,52,94,0,2,5,18,25,11,6,32,70,119,0,164,164,283
02/16/2019,BFM,AL,ASO,CE,Federal Contract Tower,5,4,10,21,40,0,0,9,3,12,5,4,19,24,52,0,42,42,94
02/17/2019,BFM,AL,ASO,CE,Federal Contract Tower,7,8,13,13,41,0,0,1,1,2,7,8,14,14,43,0,2,2,45
02/18/2019,BFM,AL,ASO,CE,Federal Contract Tower,1,3,13,3,20,0,4,12,0,16,1,7,25,3,36,0,0,0,36
02/19/2019,BFM,AL,ASO,CE,Federal Contract Tower,6,6,16,50,78,0,1,2,7,10,6,7,18,57,88,0,116,116,204
02/20/2019,BFM,AL,ASO,CE,Federal Contract Tower,5,9,12,0,26,0,0,0,0,0,5,9,12,0,26,0,0,0,26
02/21/2019,BFM,AL,ASO,CE,Federal Contract Tower,8,3,11,16,38,0,0,0,0,0,8,3,11,16,38,0,0,0,38
02/22/2019,BFM,AL,ASO,CE,Federal Contract Tower,6,4,13,21,44,0,1,0,2,3,6,5,13,23,47,0,10,10,57
02/23/2019,BFM,AL,ASO,CE,Federal Contract Tower,2,0,2,0,4,0,0,0,0,0,2,0,2,0,4,0,0,0,4
02/24/2019,BFM,AL,ASO,CE,Federal Contract Tower,1,0,17,18,36,0,3,11,10,24,1,3,28,28,60,0,32,32,92
02/25/2019,BFM,AL,ASO,CE,Federal Contract Tower,4,2,8,31,45,0,2,17,32,51,4,4,25,63,96,26,174,200,296
02/26/2019,BFM,AL,ASO,CE,Federal Contract Tower,11,10,18,53,92,0,0,7,30,37,11,10,25,83,129,2,172,174,303
02/27/2019,BFM,AL,ASO,CE,Federal Contract Tower,7,5,26,42,80,0,4,7,45,56,7,9,33,87,136,0,264,264,400
02/28/2019,BFM,AL,ASO,CE,Federal Contract Tower,6,6,15,51,78,0,2,1,2,5,6,8,16,53,83,0,62,62,145
03/01/2019,BFM,AL,ASO,CE,Federal Contract Tower,4,6,21,47,78,0,1,1,11,13,4,7,22,58,91,0,76,76,167
03/02/2019,BFM,AL,ASO,CE,Federal Contract Tower,2,2,9,8,21,0,0,0,0,0,2,2,9,8,21,0,0,0,21
03/03/2019,BFM,AL,ASO,CE,Federal Contract Tower,5,2,8,0,15,0,0,0,0,0,5,2,8,0,15,0,0,0,15
03/04/2019,BFM,AL,ASO,CE,Federal Contract Tower,7,4,19,56,86,0,4,17,39,60,7,8,36,95,146,0,226,226,372
03/05/2019,BFM,AL,ASO,CE,Federal Contract Tower,17,8,26,38,89,0,4,17,28,49,17,12,43,66,138,10,132,142,280
03/06/2019,BFM,AL,ASO,CE,Federal Contract Tower,7,5,16,47,75,0,3,20,36,59,7,8,36,83,134,8,208,216,350
03/07/2019,BFM,AL,ASO,CE,Federal Contract Tower,13,5,20,43,81,0,2,16,24,42,13,7,36,67,123,0,140,140,263
03/08/2019,BFM,AL,ASO,CE,Federal Contract Tower,5,4,23,73,105,0,2,14,21,37,5,6,37,94,142,10,102,112,254
03/09/2019,BFM,AL,ASO,CE,Federal Contract Tower,4,3,8,2,17,0,0,0,3,3,4,3,8,5,20,0,32,32,52
03/10/2019,BFM,AL,ASO,CE,Federal Contract Tower,1,1,5,4,11,0,2,9,2,13,1,3,14,6,24,10,26,36,60
03/11/2019,BFM,AL,ASO,CE,Federal Contract Tower,3,3,15,26,47,0,0,0,16,16,3,3,15,42,63,0,130,130,193
03/12/2019,BFM,AL,ASO,CE,Federal Contract Tower,8,9,33,50,100,0,3,20,24,47,8,12,53,74,147,8,90,98,245
03/13/2019,BFM,AL,ASO,CE,Federal Contract Tower,4,10,15,21,50,0,0,3,9,12,4,10,18,30,62,0,64,64,126
03/14/2019,BFM,AL,ASO,CE,Federal Contract Tower,11,3,11,45,70,0,0,1,1,2,11,3,12,46,72,0,14,14,86
03/15/2019,BFM,AL,ASO,CE,Federal Contract Tower,7,4,20,29,60,0,1,6,28,35,7,5,26,57,95,6,138,144,239
03/16/2019,BFM,AL,ASO,CE,Federal Contract Tower,3,2,5,35,45,0,0,6,8,14,3,2,11,43,59,0,76,76,135
03/17/2019,BFM,AL,ASO,CE,Federal Contract Tower,2,0,15,1,18,0,0,23,3,26,2,0,38,4,44,34,14,48,92
03/18/2019,BFM,AL,ASO,CE,Federal Contract Tower,1,2,20,48,71,0,4,9,56,69,1,6,29,104,140,2,202,204,344
03/19/2019,BFM,AL,ASO,CE,Federal Contract Tower,10,6,17,71,104,0,6,18,35,59,10,12,35,106,163,10,228,238,401
03/20/2019,BFM,AL,ASO,CE,Federal Contract Tower,5,10,20,29,64,0,2,12,33,47,5,12,32,62,111,16,196,212,323
03/21/2019,BFM,AL,ASO,CE,Federal Contract Tower,5,7,32,66,110,0,1,13,45,59,5,8,45,111,169,0,256,256,425
03/22/2019,BFM,AL,ASO,CE,Federal Contract Tower,6,7,22,33,68,0,8,13,41,62,6,15,35,74,130,6,246,252,382
03/23/2019,BFM,AL,ASO,CE,Federal Contract Tower,3,4,7,12,26,0,2,17,2,21,3,6,24,14,47,16,2,18,65
03/24/2019,BFM,AL,ASO,CE,Federal Contract Tower,2,3,3,12,20,0,1,15,3,19,2,4,18,15,39,14,30,44,83
03/25/2019,BFM,AL,ASO,CE,Federal Contract Tower,3,3,3,34,43,0,5,6,35,46,3,8,9,69,89,0,200,200,289
03/26/2019,BFM,AL,ASO,CE,Federal Contract Tower,13,8,20,63,104,0,0,11,19,30,13,8,31,82,134,8,94,102,236
03/27/2019,BFM,AL,ASO,CE,Federal Contract Tower,7,4,37,44,92,0,5,17,26,48,7,9,54,70,140,14,154,168,308
03/28/2019,BFM,AL,ASO,CE,Federal Contract Tower,7,4,12,34,57,0,4,15,15,34,7,8,27,49,91,36,82,118,209
03/29/2019,BFM,AL,ASO,CE,Federal Contract Tower,8,4,25,30,67,0,1,21,20,42,8,5,46,50,109,0,100,100,209
03/30/2019,BFM,AL,ASO,CE,Federal Contract Tower,2,5,10,4,21,0,0,21,2,23,2,5,31,6,44,12,22,34,78
03/31/2019,BFM,AL,ASO,CE,Federal Contract Tower,2,0,3,11,16,0,0,9,0,9,2,0,12,11,25,8,2,10,35
04/01/2019,BFM,AL,ASO,CE,Federal Contract Tower,2,3,18,36,59,0,0,7,40,47,2,3,25,76,106,2,190,192,298
04/02/2019,BFM,AL,ASO,CE,Federal Contract Tower,7,9,20,67,103,0,4,21,34,59,7,13,41,101,162,28,136,164,326
04/03/2019,BFM,AL,ASO,CE,Federal Contract Tower,6,9,30,37,82,0,9,17,22,48,6,18,47,59,130,4,82,86,216
04/04/2019,BFM,AL,ASO,CE,Federal Contract Tower,8,7,18,13,46,0,1,1,10,12,8,8,19,23,58,0,42,42,100
04/05/2019,BFM,AL,ASO,CE,Federal Contract Tower,5,4,17,0,26,0,0,1,0,1,5,4,18,0,27,0,0,0,27
04/06/2019,BFM,AL,ASO,CE,Federal Contract Tower,2,2,12,1,17,0,0,1,3,4,2,2,13,4,21,32,0,32,53
04/07/2019,BFM,AL,ASO,CE,Federal Contract Tower,1,4,9,8,22,0,0,12,1,13,1,4,21,9,35,22,0,22,57
04/08/2019,BFM,AL,ASO,CE,Federal Contract Tower,5,5,14,47,71,0,0,3,5,8,5,5,17,52,79,4,70,74,153
04/09/2019,BFM,AL,ASO,CE,Federal Contract Tower,7,12,13,108,140,0,7,6,31,44,7,19,19,139,184,20,270,290,474
04/10/2019,BFM,AL,ASO,CE,Federal Contract Tower,7,11,28,79,125,0,4,23,53,80,7,15,51,132,205,4,196,200,405
04/11/2019,BFM,AL,ASO,CE,Federal Contract Tower,4,7,14,47,72,0,2,15,40,57,4,9,29,87,129,0,224,224,353
04/12/2019,BFM,AL,ASO,CE,Federal Contract Tower,5,4,16,42,67,0,1,9,28,38,5,5,25,70,105,0,220,220,325
04/13/2019,BFM,AL,ASO,CE,Federal Contract Tower,3,2,5,22,32,0,1,4,0,5,3,3,9,22,37,0,0,0,37
04/14/2019,BFM,AL,ASO,CE,Federal Contract Tower,1,1,8,12,22,0,3,4,4,11,1,4,12,16,33,0,16,16,49
04/15/2019,BFM,AL,ASO,CE,Federal Contract Tower,1,3,15,45,64,0,6,15,29,50,1,9,30,74,114,14,122,136,250
04/16/2019,BFM,AL,ASO,CE,Federal Contract Tower,7,8,25,22,62,0,2,23,22,47,7,10,48,44,109,6,144,150,259
04/17/2019,BFM,AL,ASO,CE,Federal Contract Tower,4,10,21,31,66,0,2,10,18,30,4,12,31,49,96,2,68,70,166
04/18/2019,BFM,AL,ASO,CE,Federal Contract Tower,8,3,5,27,43,0,0,2,4,6,8,3,7,31,49,0,16,16,65
04/19/2019,BFM,AL,ASO,CE,Federal Contract Tower,7,4,4,27,42,0,3,1,13,17,7,7,5,40,59,0,50,50,109
04/20/2019,BFM,AL,ASO,CE,Federal Contract Tower,2,3,5,0,10,0,10,0,2,12,2,13,5,2,22,4,6,10,32
04/21/2019,BFM,AL,ASO,CE,Federal Contract Tower,5,0,5,0,10,0,2,18,1,21,5,2,23,1,31,10,0,10,41
04/22/2019,BFM,AL,ASO,CE,Federal Contract Tower,4,5,22,40,71,0,2,31,31,64,4,7,53,71,135,20,204,224,359
04/23/2019,BFM,AL,ASO,CE,Federal Contract Tower,12,6,11,27,56,0,2,24,38,64,12,8,35,65,120,8,216,224,344
04/24/2019,BFM,AL,ASO,CE,Federal Contract Tower,9,4,19,67,99,0,8,14,38,60,9,12,33,105,159,0,260,260,419
04/25/2019,BFM,AL,ASO,CE,Federal Contract Tower,5,8,10,15,38,0,1,6,3,10,5,9,16,18,48,0,48,48,96
04/26/2019,BFM,AL,ASO,CE,Federal Contract Tower,9,7,24,64,104,0,4,15,32,51,9,11,39,96,155,6,144,150,305
04/27/2019,BFM,AL,ASO,CE,Federal Contract Tower,5,2,12,4,23,0,0,21,12,33,5,2,33,16,56,0,90,90,146
04/28/2019,BFM,AL,ASO,CE,Federal Contract Tower,4,2,7,17,30,0,12,17,9,38,4,14,24,26,68,4,2,6,74
04/29/2019,BFM,AL,ASO,CE,Federal Contract Tower,3,3,14,35,55,0,2,20,32,54,3,5,34,67,109,16,238,254,363
04/30/2019,BFM,AL,ASO,CE,Federal Contract Tower,8,4,20,54,86,0,5,4,29,38,8,9,24,83,124,6,150,156,280
05/01/2019,BFM,AL,ASO,CE,Federal Contract Tower,12,5,16,82,115,0,2,16,43,61,12,7,32,125,176,30,222,252,428
05/02/2019,BFM,AL,ASO,CE,Federal Contract Tower,4,9,31,40,84,0,6,26,42,74,4,15,57,82,158,14,196,210,368
05/03/2019,BFM,AL,ASO,CE,Federal Contract Tower,3,5,18,26,52,0,3,9,30,42,3,8,27,56,94,18,144,162,256
05/04/2019,BFM,AL,ASO,CE,Federal Contract Tower,5,2,3,0,10,0,0,1,0,1,5,2,4,0,11,8,0,8,19
05/05/2019,BFM,AL,ASO,CE,Federal Contract Tower,1,7,9,12,29,0,0,16,8,24,1,7,25,20,53,18,28,46,99
05/06/2019,BFM,AL,ASO,CE,Federal Contract Tower,10,5,11,36,62,0,2,18,27,47,10,7,29,63,109,8,120,128,237
05/07/2019,BFM,AL,ASO,CE,Federal Contract Tower,4,5,17,40,66,0,2,12,26,40,4,7,29,66,106,0,100,100,206
05/08/2019,BFM,AL,ASO,CE,Federal Contract Tower,11,4,33,55,103,0,3,9,35,47,11,7,42,90,150,18,154,172,322
05/09/2019,BFM,AL,ASO,CE,Federal Contract Tower,5,9,9,19,42,0,2,2,4,8,5,11,11,23,50,0,0,0,50
05/10/2019,BFM,AL,ASO,CE,Federal Contract Tower,6,5,12,60,83,0,2,1,18,21,6,7,13,78,104,0,126,126,230
05/11/2019,BFM,AL,ASO,CE,Federal Contract Tower,5,2,6,0,13,0,0,0,0,0,5,2,6,0,13,0,0,0,13
05/12/2019,BFM,AL,ASO,CE,Federal Contract Tower,1,0,4,4,9,0,0,1,6,7,1,0,5,10,16,2,28,30,46
05/13/2019,BFM,AL,ASO,CE,Federal Contract Tower,8,6,17,48,79,0,2,21,28,51,8,8,38,76,130,16,138,154,284
05/14/2019,BFM,AL,ASO,CE,Federal Contract Tower,8,8,20,81,117,0,0,20,22,42,8,8,40,103,159,14,136,150,309
05/15/2019,BFM,AL,ASO,CE,Federal Contract Tower,10,7,14,38,69,0,2,18,28,48,10,9,32,66,117,0,132,132,249
05/16/2019,BFM,AL,ASO,CE,Federal Contract Tower,6,7,18,36,67,0,2,8,23,33,6,9,26,59,100,12,112,124,224
05/17/2019,BFM,AL,ASO,CE,Federal Contract Tower,5,5,11,13,34,0,2,16,22,40,5,7,27,35,74,10,108,118,192
05/18/2019,BFM,AL,ASO,CE,Federal Contract Tower,4,4,7,7,22,0,24,5,0,29,4,28,12,7,51,32,20,52,103
05/19/2019,BFM,AL,ASO,CE,Federal Contract Tower,3,2,4,6,15,0,0,5,2,7,3,2,9,8,22,0,12,12,34
05/20/2019,BFM,AL,ASO,CE,Federal Contract Tower,3,6,9,38,56,0,2,11,35,48,3,8,20,73,104,2,214,216,320
05/21/2019,BFM,AL,ASO,CE,Federal Contract Tower,8,4,15,26,53,0,2,8,21,31,8,6,23,47,84,0,138,138,222
05/22/2019,BFM,AL,ASO,CE,Federal Contract Tower,8,6,28,8,50,0,2,20,22,44,8,8,48,30,94,8,122,130,224
05/23/2019,BFM,AL,ASO,CE,Federal Contract Tower,7,4,23,6,40,0,1,15,18,34,7,5,38,24,74,18,136,154,228
05/24/2019,BFM,AL,ASO,CE,Federal Contract Tower,4,5,17,0,26,0,4,13,0,17,4,9,30,0,43,14,0,14,57
05/25/2019,BFM,AL,ASO,CE,Federal Contract Tower,7,2,6,0,15,0,2,22,0,24,7,4,28,0,39,6,0,6,45
05/26/2019,BFM,AL,ASO,CE,Federal Contract Tower,5,2,1,0,8,0,0,6,0,6,5,2,7,0,14,4,0,4,18
05/27/2019,BFM,AL,ASO,CE,Federal Contract Tower,3,2,7,0,12,0,0,6,0,6,3,2,13,0,18,0,0,0,18
05/28/2019,BFM,AL,ASO,CE,Federal Contract Tower,5,4,23,20,52,0,4,8,29,41,5,8,31,49,93,24,162,186,279
05/29/2019,BFM,AL,ASO,CE,Federal Contract Tower,14,4,26,51,95,0,6,18,29,53,14,10,44,80,148,58,106,164,312
05/30/2019,BFM,AL,ASO,CE,Federal Contract Tower,9,8,24,31,72,0,0,16,17,33,9,8,40,48,105,0,72,72,177
05/31/2019,BFM,AL,ASO,CE,Federal Contract Tower,6,9,10,22,47,0,1,11,12,24,6,10,21,34,71,30,50,80,151
06/01/2019,BFM,AL,ASO,CE,Federal Contract Tower,5,2,14,2,23,0,2,21,0,23,5,4,35,2,46,6,0,6,52
06/02/2019,BFM,AL,ASO,CE,Federal Contract Tower,2,2,11,0,15,0,0,16,4,20,2,2,27,4,35,28,16,44,79
06/03/2019,BFM,AL,ASO,CE,Federal Contract Tower,2,4,12,37,55,1,4,4,28,37,3,8,16,65,92,10,174,184,276
06/04/2019,BFM,AL,ASO,CE,Federal Contract Tower,9,5,14,66,94,0,1,11,30,42,9,6,25,96,136,22,194,216,352
06/05/2019,BFM,AL,ASO,CE,Federal Contract Tower,10,10,16,1,37,0,2,3,9,14,10,12,19,10,51,12,48,60,111
06/06/2019,BFM,AL,ASO,CE,Federal Contract Tower,8,6,10,0,24,0,0,0,4,4,8,6,10,4,28,0,24,24,52
06/07/2019,BFM,AL,ASO,CE,Federal Contract Tower,5,6,10,10,31,0,1,3,2,6,5,7,13,12,37,18,24,42,79
06/08/2019,BFM,AL,ASO,CE,Federal Contract Tower,6,2,5,2,15,0,0,2,0,2,6,2,7,2,17,0,0,0,17
06/09/2019,BFM,AL,ASO,CE,Federal Contract Tower,2,5,10,22,39,0,4,6,7,17,2,9,16,29,56,20,12,32,88
06/10/2019,BFM,AL,ASO,CE,Federal Contract Tower,4,3,14,68,89,0,1,8,26,35,4,4,22,94,124,12,136,148,272
06/11/2019,BFM,AL,ASO,CE,Federal Contract Tower,8,4,28,56,96,0,0,20,22,42,8,4,48,78,138,14,142,156,294
06/12/2019,BFM,AL,ASO,CE,Federal Contract Tower,12,12,27,26,77,0,5,17,27,49,12,17,44,53,126,26,204,230,356
06/13/2019,BFM,AL,ASO,CE,Federal Contract Tower,7,10,21,49,87,0,3,21,23,47,7,13,42,72,134,14,224,238,372
06/14/2019,BFM,AL,ASO,CE,Federal Contract Tower,13,4,19,6,42,0,2,14,23,39,13,6,33,29,81,14,132,146,227
06/15/2019,BFM,AL,ASO,CE,Federal Contract Tower,5,3,10,0,18,0,0,17,0,17,5,3,27,0,35,50,0,50,85
06/16/2019,BFM,AL,ASO,CE,Federal Contract Tower,1,0,12,0,13,0,4,2,2,8,1,4,14,2,21,0,16,16,37
06/17/2019,BFM,AL,ASO,CE,Federal Contract Tower,5,7,10,56,78,0,5,10,27,42,5,12,20,83,120,4,182,186,306
06/18/2019,BFM,AL,ASO,CE,Federal Contract Tower,7,12,15,0,34,0,1,3,11,15,7,13,18,11,49,0,32,32,81
06/19/2019,BFM,AL,ASO,CE,Federal Contract Tower,8,9,16,46,79,0,2,15,28,45,8,11,31,74,124,16,156,172,296
06/20/2019,BFM,AL,ASO,CE,Federal Contract Tower,5,4,17,0,26,0,4,7,11,22,5,8,24,11,48,8,52,60,108
06/21/2019,BFM,AL,ASO,CE,Federal Contract Tower,4,7,12,53,76,0,3,22,5,30,4,10,34,58,106,36,102,138,244
06/22/2019,BFM,AL,ASO,CE,Federal Contract Tower,6,2,5,1,14,0,1,18,7,26,6,3,23,8,40,20,0,20,60
06/23/2019,BFM,AL,ASO,CE,Federal Contract Tower,1,1,15,15,32,0,3,15,3,21,1,4,30,18,53,14,0,14,67
06/24/2019,BFM,AL,ASO,CE,Federal Contract Tower,5,2,15,6,28,0,3,5,31,39,5,5,20,37,67,0,186,186,253
06/25/2019,BFM,AL,ASO,CE,Federal Contract Tower,7,6,16,27,56,0,6,0,21,27,7,12,16,48,83,0,124,124,207
06/26/2019,BFM,AL,ASO,CE,Federal Contract Tower,10,6,26,37,79,0,0,14,21,35,10,6,40,58,114,10,112,122,236
06/27/2019,BFM,AL,ASO,CE,Federal Contract Tower,4,8,25,25,62,0,5,14,26,45,4,13,39,51,107,0,84,84,191
06/28/2019,BFM,AL,ASO,CE,Federal Contract Tower,6,7,21,17,51,0,2,13,18,33,6,9,34,35,84,18,68,86,170
06/29/2019,BFM,AL,ASO,CE,Federal Contract Tower,5,3,4,1,13,0,0,11,9,20,5,3,15,10,33,0,46,46,79
06/30/2019,BFM,AL,ASO,CE,Federal Contract Tower,4,2,6,1,13,0,0,11,2,13,4,2,17,3,26,0,0,0,26
07/01/2019,BFM,AL,ASO,CE,Federal Contract Tower,5,3,9,25,42,0,4,18,41,63,5,7,27,66,105,16,136,152,257
07/02/2019,BFM,AL,ASO,CE,Federal Contract Tower,6,4,17,22,49,0,2,12,25,39,6,6,29,47,88,12,122,134,222
07/03/2019,BFM,AL,ASO,CE,Federal Contract Tower,9,4,9,9,31,0,2,18,13,33,9,6,27,22,64,12,48,60,124
07/04/2019,BFM,AL,ASO,CE,Federal Contract Tower,0,0,7,5,12,0,2,13,0,15,0,2,20,5,27,22,0,22,49
07/05/2019,BFM,AL,ASO,CE,Federal Contract Tower,5,4,3,0,12,0,6,11,0,17,5,10,14,0,29,26,0,26,55
07/06/2019,BFM,AL,ASO,CE,Federal Contract Tower,5,4,0,0,9,0,0,8,0,8,5,4,8,0,17,2,0,2,19
07/07/2019,BFM,AL,ASO,CE,Federal Contract Tower,1,2,5,1,9,0,2,8,0,10,1,4,13,1,19,6,0,6,25
07/08/2019,BFM,AL,ASO,CE,Federal Contract Tower,9,3,7,32,51,0,4,15,29,48,9,7,22,61,99,4,134,138,237
07/09/2019,BFM,AL,ASO,CE,Federal Contract Tower,8,7,16,22,53,0,4,14,27,45,8,11,30,49,98,8,54,62,160
07/10/2019,BFM,AL,ASO,CE,Federal Contract Tower,8,7,8,20,43,0,0,8,11,19,8,7,16,31,62,18,36,54,116
07/11/2019,BFM,AL,ASO,CE,Federal Contract Tower,4,9,12,30,55,0,1,6,8,15,4,10,18,38,70,0,62,62,132
07/12/2019,BFM,AL,ASO,CE,Federal Contract Tower,6,5,2,10,23,0,0,0,4,4,6,5,2,14,27,0,12,12,39
07/13/2019,BFM,AL,ASO,CE,Federal Contract Tower,6,0,0,0,6,0,0,0,0,0,6,0,0,0,6,0,0,0,6
07/14/2019,BFM,AL,ASO,CE,Federal Contract Tower,1,0,3,2,6,0,6,1,0,7,1,6,4,2,13,0,0,0,13
07/15/2019,BFM,AL,ASO,CE,Federal Contract Tower,5,3,14,28,50,0,3,8,27,38,5,6,22,55,88,4,142,146,234
07/16/2019,BFM,AL,ASO,CE,Federal Contract Tower,13,9,14,34,70,0,2,31,31,64,13,11,45,65,134,30,170,200,334
07/17/2019,BFM,AL,ASO,CE,Federal Contract Tower,14,6,20,33,73,0,2,17,40,59,14,8,37,73,132,0,194,194,326
07/18/2019,BFM,AL,ASO,CE,Federal Contract Tower,6,8,16,21,51,0,2,18,46,66,6,10,34,67,117,12,278,290,407
07/19/2019,BFM,AL,ASO,CE,Federal Contract Tower,8,6,9,15,38,0,4,9,38,51,8,10,18,53,89,22,170,192,281
07/20/2019,BFM,AL,ASO,CE,Federal Contract Tower,6,2,3,0,11,0,1,3,0,4,6,3,6,0,15,0,0,0,15
07/21/2019,BFM,AL,ASO,CE,Federal Contract Tower,1,2,14,3,20,0,0,13,2,15,1,2,27,5,35,18,4,22,57
07/22/2019,BFM,AL,ASO,CE,Federal Contract Tower,8,2,10,23,43,0,3,12,27,42,8,5,22,50,85,0,122,122,207
07/23/2019,BFM,AL,ASO,CE,Federal Contract Tower,6,7,12,8,33,0,1,3,13,17,6,8,15,21,50,0,104,104,154
07/24/2019,BFM,AL,ASO,CE,Federal Contract Tower,10,5,25,44,84,0,2,33,34,69,10,7,58,78,153,2,188,190,343
07/25/2019,BFM,AL,ASO,CE,Federal Contract Tower,8,7,23,25,63,0,4,24,26,54,8,11,47,51,117,0,118,118,235
07/26/2019,BFM,AL,ASO,CE,Federal Contract Tower,4,5,12,26,47,0,2,21,28,51,4,7,33,54,98,10,212,222,320
07/27/2019,BFM,AL,ASO,CE,Federal Contract Tower,6,3,1,5,15,0,0,11,5,16,6,3,12,10,31,6,34,40,71
07/28/2019,BFM,AL,ASO,CE,Federal Contract Tower,2,0,7,8,17,0,0,9,1,10,2,0,16,9,27,0,0,0,27
07/29/2019,BFM,AL,ASO,CE,Federal Contract Tower,5,2,12,37,56,0,5,23,32,60,5,7,35,69,116,2,224,226,342
07/30/2019,BFM,AL,ASO,CE,Federal Contract Tower,5,6,15,28,54,0,9,16,35,60,5,15,31,63,114,4,142,146,260
07/31/2019,BFM,AL,ASO,CE,Federal Contract Tower,8,10,20,42,80,0,1,17,40,58,8,11,37,82,138,6,180,186,324
08/01/2019,BFM,AL,ASO,CE,Federal Contract Tower,4,6,16,9,35,0,2,19,19,40,4,8,35,28,75,2,88,90,165
08/02/2019,BFM,AL,ASO,CE,Federal Contract Tower,5,6,4,17,32,0,2,6,12,20,5,8,10,29,52,0,68,68,120
08/03/2019,BFM,AL,ASO,CE,Federal Contract Tower,4,2,8,6,20,0,1,11,6,18,4,3,19,12,38,14,48,62,100
08/04/2019,BFM,AL,ASO,CE,Federal Contract Tower,1,0,4,4,9,0,1,7,6,14,1,1,11,10,23,0,30,30,53
08/05/2019,BFM,AL,ASO,CE,Federal Contract Tower,7,3,13,8,31,0,0,8,30,38,7,3,21,38,69,8,170,178,247
08/06/2019,BFM,AL,ASO,CE,Federal Contract Tower,5,7,12,60,84,0,1,9,30,40,5,8,21,90,124,0,116,116,240
08/07/2019,BFM,AL,ASO,CE,Federal Contract Tower,10,4,22,18,54,0,4,11,18,33,10,8,33,36,87,0,118,118,205
08/08/2019,BFM,AL,ASO,CE,Federal Contract Tower,3,12,16,21,52,0,5,11,16,32,3,17,27,37,84,0,78,78,162
08/09/2019,BFM,AL,ASO,CE,Federal Contract Tower,6,4,6,4,20,0,0,9,6,15,6,4,15,10,35,8,40,48,83
08/10/2019,BFM,AL,ASO,CE,Federal Contract Tower,5,2,5,2,14,0,0,7,1,8,5,2,12,3,22,4,0,4,26
08/11/2019,BFM,AL,ASO,CE,Federal Contract Tower,1,1,9,1,12,0,0,6,1,7,1,1,15,2,19,6,0,6,25
08/12/2019,BFM,AL,ASO,CE,Federal Contract Tower,2,7,15,13,37,0,0,12,43,55,2,7,27,56,92,2,252,254,346
08/13/2019,BFM,AL,ASO,CE,Federal Contract Tower,6,4,17,19,46,0,3,6,31,40,6,7,23,50,86,2,164,166,252
08/14/2019,BFM,AL,ASO,CE,Federal Contract Tower,11,11,14,16,52,0,2,8,31,41,11,13,22,47,93,0,148,148,241
08/15/2019,BFM,AL,ASO,CE,Federal Contract Tower,3,4,16,13,36,0,0,12,14,26,3,4,28,27,62,0,80,80,142
08/16/2019,BFM,AL,ASO,CE,Federal Contract Tower,7,5,12,35,59,0,1,14,27,42,7,6,26,62,101,10,120,130,231
08/17/2019,BFM,AL,ASO,CE,Federal Contract Tower,5,2,5,2,14,0,0,5,2,7,5,2,10,4,21,0,4,4,25
08/18/2019,BFM,AL,ASO,CE,Federal Contract Tower,2,1,1,7,11,0,0,0,2,2,2,1,1,9,13,0,16,16,29
08/19/2019,BFM,AL,ASO,CE,Federal Contract Tower,5,4,13,6,28,0,2,8,6,16,5,6,21,12,44,0,26,26,70
08/20/2019,BFM,AL,ASO,CE,Federal Contract Tower,5,9,18,10,42,0,2,2,6,10,5,11,20,16,52,0,60,60,112
08/21/2019,BFM,AL,ASO,CE,Federal Contract Tower,10,17,15,29,71,0,2,19,27,48,10,19,34,56,119,6,152,158,277
08/22/2019,BFM,AL,ASO,CE,Federal Contract Tower,12,2,11,14,39,0,0,11,13,24,12,2,22,27,63,0,132,132,195
08/23/2019,BFM,AL,ASO,CE,Federal Contract Tower,5,6,12,6,29,0,4,5,12,21,5,10,17,18,50,0,102,102,152
08/24/2019,BFM,AL,ASO,CE,Federal Contract Tower,7,2,7,14,30,0,0,22,0,22,7,2,29,14,52,0,14,14,66
08/25/2019,BFM,AL,ASO,CE,Federal Contract Tower,3,0,6,6,15,0,0,7,0,7,3,0,13,6,22,8,0,8,30
08/26/2019,BFM,AL,ASO,CE,Federal Contract Tower,5,2,4,10,21,0,0,1,9,10,5,2,5,19,31,0,86,86,117
08/27/2019,BFM,AL,ASO,CE,Federal Contract Tower,7,6,14,36,63,0,1,13,26,40,7,7,27,62,103,4,182,186,289
08/28/2019,BFM,AL,ASO,CE,Federal Contract Tower,12,5,17,25,59,0,7,16,31,54,12,12,33,56,113,12,128,140,253
08/29/2019,BFM,AL,ASO,CE,Federal Contract Tower,5,4,21,27,57,0,4,20,29,53,5,8,41,56,110,10,190,200,310
08/30/2019,BFM,AL,ASO,CE,Federal Contract Tower,9,6,15,2,32,0,0,14,1,15,9,6,29,3,47,26,0,26,73
08/31/2019,BFM,AL,ASO,CE,Federal Contract Tower,4,2,7,0,13,0,2,17,0,19,4,4,24,0,32,10,0,10,42
09/01/2019,BFM,AL,ASO,CE,Federal Contract Tower,1,0,4,4,9,0,0,0,0,0,1,0,4,4,9,0,0,0,9
09/02/2019,BFM,AL,ASO,CE,Federal Contract Tower,1,0,15,1,17,0,2,17,0,19,1,2,32,1,36,20,0,20,56
09/03/2019,BFM,AL,ASO,CE,Federal Contract Tower,3,8,8,43,62,0,4,12,23,39,3,12,20,66,101,0,118,118,219
09/04/2019,BFM,AL,ASO,CE,Federal Contract Tower,6,7,22,44,79,0,5,12,27,44,6,12,34,71,123,8,152,160,283
09/05/2019,BFM,AL,ASO,CE,Federal Contract Tower,4,6,25,49,84,0,1,4,36,41,4,7,29,85,125,0,186,186,311
09/06/2019,BFM,AL,ASO,CE,Federal Contract Tower,9,5,22,8,44,0,2,9,35,46,9,7,31,43,90,0,204,204,294
09/07/2019,BFM,AL,ASO,CE,Federal Contract Tower,5,2,5,0,12,0,0,10,11,21,5,2,15,11,33,12,40,52,85
09/08/2019,BFM,AL,ASO,CE,Federal Contract Tower,1,0,7,0,8,0,1,9,0,10,1,1,16,0,18,6,0,6,24
09/09/2019,BFM,AL,ASO,CE,Federal Contract Tower,5,4,2,33,44,0,2,8,24,34,5,6,10,57,78,26,190,216,294
09/10/2019,BFM,AL,ASO,CE,Federal Contract Tower,6,3,11,37,57,0,4,8,31,43,6,7,19,68,100,16,198,214,314
09/11/2019,BFM,AL,ASO,CE,Federal Contract Tower,9,3,31,34,77,0,5,13,40,58,9,8,44,74,135,12,226,238,373
09/12/2019,BFM,AL,ASO,CE,Federal Contract Tower,4,7,24,45,80,0,2,7,30,39,4,9,31,75,119,4,146,150,269
09/13/2019,BFM,AL,ASO,CE,Federal Contract Tower,5,2,20,30,57,0,4,2,31,37,5,6,22,61,94,0,164,164,258
09/14/2019,BFM,AL,ASO,CE,Federal Contract Tower,9,2,10,0,21,0,4,14,3,21,9,6,24,3,42,2,0,2,44
09/15/2019,BFM,AL,ASO,CE,Federal Contract Tower,1,2,5,0,8,0,1,7,1,9,1,3,12,1,17,4,0,4,21
09/16/2019,BFM,AL,ASO,CE,Federal Contract Tower,5,3,13,29,50,0,1,16,20,37,5,4,29,49,87,8,88,96,183
09/17/2019,BFM,AL,ASO,CE,Federal Contract Tower,12,4,24,30,70,0,1,20,27,48,12,5,44,57,118,26,66,92,210
09/18/2019,BFM,AL,ASO,CE,Federal Contract Tower,10,3,13,31,57,0,5,15,16,36,10,8,28,47,93,6,52,58,151
09/19/2019,BFM,AL,ASO,CE,Federal Contract Tower,5,5,29,8,47,0,2,8,4,14,5,7,37,12,61,0,22,22,83
09/20/2019,BFM,AL,ASO,CE,Federal Contract Tower,5,4,18,5,32,0,0,8,26,34,5,4,26,31,66,12,108,120,186
09/21/2019,BFM,AL,ASO,CE,Federal Contract Tower,8,7,3,6,24,0,2,13,3,18,8,9,16,9,42,18,16,34,76
09/22/2019,BFM,AL,ASO,CE,Federal Contract Tower,2,0,7,7,16,0,1,10,7,18,2,1,17,14,34,2,6,8,42
09/23/2019,BFM,AL,ASO,CE,Federal Contract Tower,5,3,6,29,43,0,3,8,16,27,5,6,14,45,70,0,116,116,186
09/24/2019,BFM,AL,ASO,CE,Federal Contract Tower,5,13,14,15,47,0,6,14,17,37,5,19,28,32,84,10,48,58,142
09/25/2019,BFM,AL,ASO,CE,Federal Contract Tower,8,9,24,30,71,0,2,11,35,48,8,11,35,65,119,0,154,154,273
09/26/2019,BFM,AL,ASO,CE,Federal Contract Tower,6,7,25,14,52,0,2,14,20,36,6,9,39,34,88,6,108,114,202
09/27/2019,BFM,AL,ASO,CE,Federal Contract Tower,22,7,14,13,56,0,0,14,19,33,22,7,28,32,89,0,96,96,185
09/28/2019,BFM,AL,ASO,CE,Federal Contract Tower,9,3,4,0,16,0,2,7,2,11,9,5,11,2,27,0,30,30,57
09/29/2019,BFM,AL,ASO,CE,Federal Contract Tower,6,2,5,0,13,0,0,6,4,10,6,2,11,4,23,0,18,18,41
09/30/2019,BFM,AL,ASO,CE,Federal Contract Tower,3,3,12,28,46,0,0,7,13,20,3,3,19,41,66,0,60,60,126
10/01/2019,BFM,AL,ASO,CE,Federal Contract Tower,6,5,19,6,36,0,1,19,42,62,6,6,38,48,98,8,130,138,236
10/02/2019,BFM,AL,ASO,CE,Federal Contract Tower,10,5,6,18,39,0,10,14,44,68,10,15,20,62,107,4,188,192,299
10/03/2019,BFM,AL,ASO,CE,Federal Contract Tower,4,4,13,14,35,0,6,11,11,28,4,10,24,25,63,0,36,36,99
10/04/2019,BFM,AL,ASO,CE,Federal Contract Tower,7,8,20,7,42,0,2,5,20,27,7,10,25,27,69,0,68,68,137
10/05/2019,BFM,AL,ASO,CE,Federal Contract Tower,6,2,3,0,11,0,3,8,0,11,6,5,11,0,22,0,0,0,22
10/06/2019,BFM,AL,ASO,CE,Federal Contract Tower,1,0,2,2,5,0,0,14,0,14,1,0,16,2,19,0,0,0,19
10/07/2019,BFM,AL,ASO,CE,Federal Contract Tower,7,2,17,26,52,0,2,3,14,19,7,4,20,40,71,0,78,78,149
10/08/2019,BFM,AL,ASO,CE,Federal Contract Tower,7,2,15,14,38,0,0,15,12,27,7,2,30,26,65,2,56,58,123
10/09/2019,BFM,AL,ASO,CE,Federal Contract Tower,8,6,10,23,47,0,4,10,11,25,8,10,20,34,72,0,104,104,176
10/10/2019,BFM,AL,ASO,CE,Federal Contract Tower,8,7,13,12,40,0,3,11,10,24,8,10,24,22,64,0,46,46,110
10/11/2019,BFM,AL,ASO,CE,Federal Contract Tower,13,9,10,0,32,0,0,6,5,11,13,9,16,5,43,0,38,38,81
10/12/2019,BFM,AL,ASO,CE,Federal Contract Tower,8,2,7,0,17,0,0,0,0,0,8,2,7,0,17,0,0,0,17
10/13/2019,BFM,AL,ASO,CE,Federal Contract Tower,3,6,11,0,20,0,3,8,0,11,3,9,19,0,31,0,0,0,31
10/14/2019,BFM,AL,ASO,CE,Federal Contract Tower,8,4,9,0,21,0,2,6,0,8,8,6,15,0,29,0,0,0,29
10/15/2019,BFM,AL,ASO,CE,Federal Contract Tower,6,7,12,28,53,0,5,13,0,18,6,12,25,28,71,2,72,74,145
10/16/2019,BFM,AL,ASO,CE,Federal Contract Tower,10,7,21,22,60,0,4,2,10,16,10,11,23,32,76,12,56,68,144
10/17/2019,BFM,AL,ASO,CE,Federal Contract Tower,9,6,15,43,73,0,3,11,12,26,9,9,26,55,99,0,58,58,157
10/18/2019,BFM,AL,ASO,CE,Federal Contract Tower,7,4,3,14,28,0,0,6,4,10,7,4,9,18,38,2,14,16,54
10/19/2019,BFM,AL,ASO,CE,Federal Contract Tower,5,2,2,11,20,0,2,1,0,3,5,4,3,11,23,0,0,0,23
10/20/2019,BFM,AL,ASO,CE,Federal Contract Tower,3,1,5,5,14,0,1,10,12,23,3,2,15,17,37,22,38,60,97
10/21/2019,BFM,AL,ASO,CE,Federal Contract Tower,9,5,9,5,28,0,0,3,2,5,9,5,12,7,33,14,70,84,117
10/22/2019,BFM,AL,ASO,CE,Federal Contract Tower,10,7,30,40,87,0,2,16,29,47,10,9,46,69,134,6,192,198,332
10/23/2019,BFM,AL,ASO,CE,Federal Contract Tower,12,9,22,21,64,0,5,10,24,39,12,14,32,45,103,2,140,142,245
10/24/2019,BFM,AL,ASO,CE,Federal Contract Tower,5,8,35,31,79,0,6,24,12,42,5,14,59,43,121,4,94,98,219
10/25/2019,BFM,AL,ASO,CE,Federal Contract Tower,5,6,7,4,22,0,0,0,0,0,5,6,7,4,22,0,0,0,22
10/26/2019,BFM,AL,ASO,CE,Federal Contract Tower,8,2,5,0,15,0,0,0,0,0,8,2,5,0,15,0,0,0,15
10/27/2019,BFM,AL,ASO,CE,Federal Contract Tower,6,3,8,1,18,0,2,11,8,21,6,5,19,9,39,12,68,80,119
10/28/2019,BFM,AL,ASO,CE,Federal Contract Tower,4,5,13,31,53,0,2,14,23,39,4,7,27,54,92,6,138,144,236
10/29/2019,BFM,AL,ASO,CE,Federal Contract Tower,14,9,18,18,59,0,0,0,5,5,14,9,18,23,64,0,28,28,92
10/30/2019,BFM,AL,ASO,CE,Federal Contract Tower,7,5,13,6,31,0,2,2,4,8,7,7,15,10,39,0,0,0,39
10/31/2019,BFM,AL,ASO,CE,Federal Contract Tower,5,8,16,4,33,0,0,0,0,0,5,8,16,4,33,6,0,6,39
11/01/2019,BFM,AL,ASO,CE,Federal Contract Tower,11,6,22,33,72,0,9,11,16,36,11,15,33,49,108,0,46,46,154
11/02/2019,BFM,AL,ASO,CE,Federal Contract Tower,8,2,2,0,12,0,0,7,5,12,8,2,9,5,24,10,8,18,42
11/03/2019,BFM,AL,ASO,CE,Federal Contract Tower,3,2,7,5,17,0,2,7,8,17,3,4,14,13,34,8,22,30,64
11/04/2019,BFM,AL,ASO,CE,Federal Contract Tower,4,2,22,41,69,0,0,6,27,33,4,2,28,68,102,0,100,100,202
11/05/2019,BFM,AL,ASO,CE,Federal Contract Tower,10,8,7,43,68,0,0,15,31,46,10,8,22,74,114,0,160,160,274
11/06/2019,BFM,AL,ASO,CE,Federal Contract Tower,10,5,17,35,67,0,5,16,35,56,10,10,33,70,123,10,180,190,313
11/07/2019,BFM,AL,ASO,CE,Federal Contract Tower,8,4,26,1,39,0,2,6,9,17,8,6,32,10,56,12,14,26,82
11/08/2019,BFM,AL,ASO,CE,Federal Contract Tower,8,5,17,32,62,0,3,8,15,26,8,8,25,47,88,10,126,136,224
11/09/2019,BFM,AL,ASO,CE,Federal Contract Tower,6,3,8,0,17,0,0,18,4,22,6,3,26,4,39,0,10,10,49
11/10/2019,BFM,AL,ASO,CE,Federal Contract Tower,1,0,19,0,20,0,1,22,2,25,1,1,41,2,45,58,20,78,123
11/11/2019,BFM,AL,ASO,CE,Federal Contract Tower,7,3,13,0,23,0,8,19,0,27,7,11,32,0,50,18,0,18,68
11/12/2019,BFM,AL,ASO,CE,Federal Contract Tower,5,9,20,38,72,0,0,0,20,20,5,9,20,58,92,0,156,156,248
11/13/2019,BFM,AL,ASO,CE,Federal Contract Tower,10,9,36,25,80,0,0,15,29,44,10,9,51,54,124,2,136,138,262
11/14/2019,BFM,AL,ASO,CE,Federal Contract Tower,5,8,16,38,67,0,2,10,35,47,5,10,26,73,114,0,176,176,290
11/15/2019,BFM,AL,ASO,CE,Federal Contract Tower,15,1,24,34,74,0,0,6,18,24,15,1,30,52,98,0,126,126,224
11/16/2019,BFM,AL,ASO,CE,Federal Contract Tower,2,3,15,4,24,0,1,12,2,15,2,4,27,6,39,10,20,30,69
11/17/2019,BFM,AL,ASO,CE,Federal Contract Tower,1,0,9,4,14,0,0,8,19,27,1,0,17,23,41,10,104,114,155
11/18/2019,BFM,AL,ASO,CE,Federal Contract Tower,10,3,13,58,84,0,9,15,35,59,10,12,28,93,143,14,176,190,333
11/19/2019,BFM,AL,ASO,CE,Federal Contract Tower,5,6,18,20,49,0,6,20,17,43,5,12,38,37,92,6,66,72,164
11/20/2019,BFM,AL,ASO,CE,Federal Contract Tower,7,7,17,41,72,0,4,19,28,51,7,11,36,69,123,0,138,138,261
11/21/2019,BFM,AL,ASO,CE,Federal Contract Tower,7,5,22,31,65,0,3,18,23,44,7,8,40,54,109,0,84,84,193
11/22/2019,BFM,AL,ASO,CE,Federal Contract Tower,9,8,19,19,55,0,2,11,19,32,9,10,30,38,87,10,94,104,191
11/23/2019,BFM,AL,ASO,CE,Federal Contract Tower,5,0,7,3,15,0,0,7,1,8,5,0,14,4,23,18,0,18,41
11/24/2019,BFM,AL,ASO,CE,Federal Contract Tower,1,3,11,1,16,0,3,12,13,28,1,6,23,14,44,2,88,90,134
11/25/2019,BFM,AL,ASO,CE,Federal Contract Tower,6,5,6,17,34,0,1,4,13,18,6,6,10,30,52,6,100,106,158
11/26/2019,BFM,AL,ASO,CE,Federal Contract Tower,7,5,24,14,50,0,3,3,12,18,7,8,27,26,68,6,46,52,120
11/27/2019,BFM,AL,ASO,CE,Federal Contract Tower,13,13,11,0,37,0,2,6,0,8,13,15,17,0,45,12,0,12,57
11/28/2019,BFM,AL,ASO,CE,Federal Contract Tower,1,1,4,0,6,0,0,3,0,3,1,1,7,0,9,4,0,4,13
11/29/2019,BFM,AL,ASO,CE,Federal Contract Tower,6,8,16,0,30,0,3,11,2,16,6,11,27,2,46,0,0,0,46
11/30/2019,BFM,AL,ASO,CE,Federal Contract Tower,2,4,11,0,17,0,1,7,0,8,2,5,18,0,25,0,0,0,25
12/01/2019,BFM,AL,ASO,CE,Federal Contract Tower,0,9,18,0,27,0,0,18,0,18,0,9,36,0,45,4,4,8,53
12/02/2019,BFM,AL,ASO,CE,Federal Contract Tower,6,3,15,43,67,0,7,5,18,30,6,10,20,61,97,6,108,114,211
12/03/2019,BFM,AL,ASO,CE,Federal Contract Tower,7,7,30,22,66,0,2,15,22,39,7,9,45,44,105,12,82,94,199
12/04/2019,BFM,AL,ASO,CE,Federal Contract Tower,9,8,23,19,59,0,2,9,39,50,9,10,32,58,109,0,164,164,273
12/05/2019,BFM,AL,ASO,CE,Federal Contract Tower,6,7,29,19,61,0,1,18,21,40,6,8,47,40,101,6,102,108,209
12/06/2019,BFM,AL,ASO,CE,Federal Contract Tower,15,7,22,6,50,0,1,11,5,17,15,8,33,11,67,0,44,44,111
12/07/2019,BFM,AL,ASO,CE,Federal Contract Tower,3,2,15,0,20,0,0,1,0,1,3,2,16,0,21,0,38,38,59
12/08/2019,BFM,AL,ASO,CE,Federal Contract Tower,1,5,6,4,16,0,0,3,0,3,1,5,9,4,19,0,0,0,19
12/09/2019,BFM,AL,ASO,CE,Federal Contract Tower,3,5,15,21,44,0,1,5,8,14,3,6,20,29,58,0,28,28,86
12/10/2019,BFM,AL,ASO,CE,Federal Contract Tower,11,11,13,28,63,0,1,1,0,2,11,12,14,28,65,0,12,12,77
12/11/2019,BFM,AL,ASO,CE,Federal Contract Tower,10,4,19,15,48,0,2,6,18,26,10,6,25,33,74,0,94,94,168
12/12/2019,BFM,AL,ASO,CE,Federal Contract Tower,4,8,26,9,47,0,3,8,11,22,4,11,34,20,69,22,58,80,149
12/13/2019,BFM,AL,ASO,CE,Federal Contract Tower,9,5,22,0,36,0,0,0,0,0,9,5,22,0,36,0,0,0,36
12/14/2019,BFM,AL,ASO,CE,Federal Contract Tower,8,3,2,9,22,0,0,1,1,2,8,3,3,10,24,6,20,26,50
12/15/2019,BFM,AL,ASO,CE,Federal Contract Tower,6,1,15,0,22,0,0,7,8,15,6,1,22,8,37,12,70,82,119
12/16/2019,BFM,AL,ASO,CE,Federal Contract Tower,5,3,28,27,63,0,1,1,13,15,5,4,29,40,78,0,78,78,156
12/17/2019,BFM,AL,ASO,CE,Federal Contract Tower,9,8,24,42,83,0,2,0,3,5,9,10,24,45,88,0,36,36,124
12/18/2019,BFM,AL,ASO,CE,Federal Contract Tower,12,7,18,40,77,0,1,20,36,57,12,8,38,76,134,12,156,168,302
12/19/2019,BFM,AL,ASO,CE,Federal Contract Tower,9,6,13,8,36,0,2,5,26,33,9,8,18,34,69,10,142,152,221
12/20/2019,BFM,AL,ASO,CE,Federal Contract Tower,16,13,14,2,45,0,3,15,7,25,16,16,29,9,70,24,46,70,140
12/21/2019,BFM,AL,ASO,CE,Federal Contract Tower,2,3,1,4,10,0,0,0,2,2,2,3,1,6,12,0,22,22,34
12/22/2019,BFM,AL,ASO,CE,Federal Contract Tower,1,5,3,0,9,0,0,0,0,0,1,5,3,0,9,0,0,0,9
12/23/2019,BFM,AL,ASO,CE,Federal Contract Tower,6,1,13,12,32,0,0,2,0,2,6,1,15,12,34,0,0,0,34
12/24/2019,BFM,AL,ASO,CE,Federal Contract Tower,6,7,5,0,18,0,0,2,0,2,6,7,7,0,20,0,0,0,20
12/25/2019,BFM,AL,ASO,CE,Federal Contract Tower,0,0,0,0,0,0,4,12,0,16,0,4,12,0,16,0,0,0,16
12/26/2019,BFM,AL,ASO,CE,Federal Contract Tower,4,4,4,0,12,0,2,11,4,17,4,6,15,4,29,18,4,22,51
12/27/2019,BFM,AL,ASO,CE,Federal Contract Tower,7,4,15,5,31,0,2,5,3,10,7,6,20,8,41,0,0,0,41
12/28/2019,BFM,AL,ASO,CE,Federal Contract Tower,2,3,4,0,9,0,0,1,0,1,2,3,5,0,10,0,0,0,10
12/29/2019,BFM,AL,ASO,CE,Federal Contract Tower,1,0,3,0,4,0,0,0,0,0,1,0,3,0,4,0,0,0,4
12/30/2019,BFM,AL,ASO,CE,Federal Contract Tower,6,2,4,9,21,0,2,13,6,21,6,4,17,15,42,24,44,68,110
12/31/2019,BFM,AL,ASO,CE,Federal Contract Tower,7,7,1,0,15,0,2,16,0,18,7,9,17,0,33,52,0,52,85
01/01/2020,BFM,AL,ASO,CE,Federal Contract Tower,1,2,2,0,5,0,0,10,0,10,1,2,12,0,15,10,0,10,25
01/02/2020,BFM,AL,ASO,CE,Federal Contract Tower,8,4,11,2,25,0,0,1,0,1,8,4,12,2,26,0,0,0,26
01/03/2020,BFM,AL,ASO,CE,Federal Contract Tower,7,4,6,1,18,0,0,0,1,1,7,4,6,2,19,0,20,20,39
01/04/2020,BFM,AL,ASO,CE,Federal Contract Tower,8,3,5,1,17,0,0,5,0,5,8,3,10,1,22,14,36,50,72
01/05/2020,BFM,AL,ASO,CE,Federal Contract Tower,1,2,11,11,25,0,0,14,12,26,1,2,25,23,51,10,108,118,169
01/06/2020,BFM,AL,ASO,CE,Federal Contract Tower,8,9,18,8,43,0,0,13,19,32,8,9,31,27,75,2,158,160,235
01/07/2020,BFM,AL,ASO,CE,Federal Contract Tower,12,8,18,38,76,0,1,10,30,41,12,9,28,68,117,0,184,184,301
01/08/2020,BFM,AL,ASO,CE,Federal Contract Tower,6,2,13,24,45,0,3,10,28,41,6,5,23,52,86,16,160,176,262
01/09/2020,BFM,AL,ASO,CE,Federal Contract Tower,5,4,21,19,49,0,1,16,30,47,5,5,37,49,96,16,184,200,296
01/10/2020,BFM,AL,ASO,CE,Federal Contract Tower,6,7,8,5,26,0,0,4,1,5,6,7,12,6,31,0,4,4,35
01/11/2020,BFM,AL,ASO,CE,Federal Contract Tower,3,1,1,0,5,0,0,0,0,0,3,1,1,0,5,0,0,0,5
01/12/2020,BFM,AL,ASO,CE,Federal Contract Tower,3,1,15,2,21,0,0,8,0,8,3,1,23,2,29,0,0,0,29
01/13/2020,BFM,AL,ASO,CE,Federal Contract Tower,4,2,7,0,13,0,0,0,0,0,4,2,7,0,13,0,0,0,13
01/14/2020,BFM,AL,ASO,CE,Federal Contract Tower,7,2,6,21,36,0,0,4,7,11,7,2,10,28,47,14,66,80,127
01/15/2020,BFM,AL,ASO,CE,Federal Contract Tower,12,2,22,7,43,0,0,4,5,9,12,2,26,12,52,0,56,56,108
01/16/2020,BFM,AL,ASO,CE,Federal Contract Tower,7,3,18,31,59,0,0,3,6,9,7,3,21,37,68,0,40,40,108
01/17/2020,BFM,AL,ASO,CE,Federal Contract Tower,8,4,16,6,34,0,2,9,26,37,8,6,25,32,71,16,188,204,275
01/18/2020,BFM,AL,ASO,CE,Federal Contract Tower,8,3,1,0,12,0,1,0,0,1,8,4,1,0,13,0,0,0,13
01/19/2020,BFM,AL,ASO,CE,Federal Contract Tower,5,0,2,0,7,0,0,22,5,27,5,0,24,5,34,4,32,36,70
01/20/2020,BFM,AL,ASO,CE,Federal Contract Tower,6,2,16,2,26,0,4,25,0,29,6,6,41,2,55,18,0,18,73
01/21/2020,BFM,AL,ASO,CE,Federal Contract Tower,5,17,31,29,82,0,4,13,18,35,5,21,44,47,117,12,130,142,259
01/22/2020,BFM,AL,ASO,CE,Federal Contract Tower,8,13,32,16,69,0,7,28,32,67,8,20,60,48,136,30,106,136,272
01/23/2020,BFM,AL,ASO,CE,Federal Contract Tower,10,17,19,4,50,0,0,0,6,6,10,17,19,10,56,0,62,62,118
01/24/2020,BFM,AL,ASO,CE,Federal Contract Tower,5,7,7,24,43,0,3,3,23,29,5,10,10,47,72,8,136,144,216
01/25/2020,BFM,AL,ASO,CE,Federal Contract Tower,8,3,7,0,18,0,1,5,6,12,8,4,12,6,30,16,14,30,60
01/26/2020,BFM,AL,ASO,CE,Federal Contract Tower,1,2,11,7,21,0,0,3,3,6,1,2,14,10,27,0,8,8,35
01/27/2020,BFM,AL,ASO,CE,Federal Contract Tower,6,5,15,57,83,0,0,1,12,13,6,5,16,69,96,0,68,68,164
01/28/2020,BFM,AL,ASO,CE,Federal Contract Tower,8,9,11,37,65,0,3,12,23,38,8,12,23,60,103,6,126,132,235
01/29/2020,BFM,AL,ASO,CE,Federal Contract Tower,7,6,17,42,72,0,0,3,2,5,7,6,20,44,77,0,34,34,111
01/30/2020,BFM,AL,ASO,CE,Federal Contract Tower,5,9,22,33,69,0,4,19,39,62,5,13,41,72,131,14,250,264,395
01/31/2020,BFM,AL,ASO,CE,Federal Contract Tower,7,4,11,26,48,0,0,0,0,0,7,4,11,26,48,0,0,0,48
02/01/2020,BFM,AL,ASO,CE,Federal Contract Tower,4,2,5,1,12,0,0,2,6,8,4,2,7,7,20,34,30,64,84
02/02/2020,BFM,AL,ASO,CE,Federal Contract Tower,3,2,6,0,11,0,6,11,7,24,3,8,17,7,35,26,80,106,141
02/03/2020,BFM,AL,ASO,CE,Federal Contract Tower,4,3,12,19,38,0,2,15,24,41,4,5,27,43,79,0,128,128,207
02/04/2020,BFM,AL,ASO,CE,Federal Contract Tower,6,10,17,36,69,0,3,4,20,27,6,13,21,56,96,2,112,114,210
02/05/2020,BFM,AL,ASO,CE,Federal Contract Tower,10,2,7,8,27,0,0,0,0,0,10,2,7,8,27,0,0,0,27
02/06/2020,BFM,AL,ASO,CE,Federal Contract Tower,16,4,6,12,38,0,0,0,1,1,16,4,6,13,39,0,22,22,61
02/07/2020,BFM,AL,ASO,CE,Federal Contract Tower,6,4,14,25,49,0,0,16,21,37,6,4,30,46,86,8,154,162,248
02/08/2020,BFM,AL,ASO,CE,Federal Contract Tower,3,3,2,0,8,0,0,11,1,12,3,3,13,1,20,6,6,12,32
02/09/2020,BFM,AL,ASO,CE,Federal Contract Tower,6,0,10,7,23,0,2,14,17,33,6,2,24,24,56,28,66,94,150
02/10/2020,BFM,AL,ASO,CE,Federal Contract Tower,10,2,6,32,50,0,0,2,1,3,10,2,8,33,53,0,30,30,83
02/11/2020,BFM,AL,ASO,CE,Federal Contract Tower,6,10,7,5,28,0,0,0,3,3,6,10,7,8,31,0,40,40,71
02/12/2020,BFM,AL,ASO,CE,Federal Contract Tower,5,1,19,2,27,0,0,0,0,0,5,1,19,2,27,0,0,0,27
02/13/2020,BFM,AL,ASO,CE,Federal Contract Tower,8,4,27,80,119,0,2,5,31,38,8,6,32,111,157,0,212,212,369
02/14/2020,BFM,AL,ASO,CE,Federal Contract Tower,6,9,15,15,45,0,5,23,28,56,6,14,38,43,101,20,236,256,357
02/15/2020,BFM,AL,ASO,CE,Federal Contract Tower,5,2,8,0,15,0,4,20,0,24,5,6,28,0,39,16,26,42,81
02/16/2020,BFM,AL,ASO,CE,Federal Contract Tower,2,0,24,1,27,0,0,0,0,0,2,0,24,1,27,0,0,0,27
02/17/2020,BFM,AL,ASO,CE,Federal Contract Tower,6,6,11,0,23,0,0,2,0,2,6,6,13,0,25,0,0,0,25
02/18/2020,BFM,AL,ASO,CE,Federal Contract Tower,6,3,5,0,14,0,0,0,0,0,6,3,5,0,14,0,0,0,14
02/19/2020,BFM,AL,ASO,CE,Federal Contract Tower,8,7,22,48,85,0,2,4,47,53,8,9,26,95,138,0,226,226,364
02/20/2020,BFM,AL,ASO,CE,Federal Contract Tower,9,5,6,0,20,0,0,0,0,0,9,5,6,0,20,0,0,0,20
02/21/2020,BFM,AL,ASO,CE,Federal Contract Tower,11,8,11,52,82,0,1,21,34,56,11,9,32,86,138,8,304,312,450
02/23/2020,BFM,AL,ASO,CE,Federal Contract Tower,1,1,13,6,21,0,7,30,6,43,1,8,43,12,64,14,60,74,138
02/24/2020,BFM,AL,ASO,CE,Federal Contract Tower,7,0,2,17,26,0,0,7,16,23,7,0,9,33,49,4,96,100,149
02/25/2020,BFM,AL,ASO,CE,Federal Contract Tower,7,9,11,43,70,0,0,5,24,29,7,9,16,67,99,0,154,154,253
02/26/2020,BFM,AL,ASO,CE,Federal Contract Tower,8,5,22,69,104,0,2,5,24,31,8,7,27,93,135,0,222,222,357
02/27/2020,BFM,AL,ASO,CE,Federal Contract Tower,7,22,44,39,112,0,0,21,33,54,7,22,65,72,166,0,186,186,352
02/28/2020,BFM,AL,ASO,CE,Federal Contract Tower,9,5,11,10,35,0,2,19,23,44,9,7,30,33,79,12,204,216,295
02/29/2020,BFM,AL,ASO,CE,Federal Contract Tower,2,0,3,3,8,0,5,13,6,24,2,5,16,9,32,0,26,26,58
03/01/2020,BFM,AL,ASO,CE,Federal Contract Tower,2,2,7,11,22,0,0,20,3,23,2,2,27,14,45,10,18,28,73
03/02/2020,BFM,AL,ASO,CE,Federal Contract Tower,7,2,10,27,46,0,7,8,8,23,7,9,18,35,69,4,134,138,207
03/03/2020,BFM,AL,ASO,CE,Federal Contract Tower,4,7,22,24,57,0,0,2,12,14,4,7,24,36,71,0,54,54,125
03/04/2020,BFM,AL,ASO,CE,Federal Contract Tower,12,4,9,0,25,0,0,0,0,0,12,4,9,0,25,0,0,0,25
03/05/2020,BFM,AL,ASO,CE,Federal Contract Tower,4,7,12,56,79,0,1,2,11,14,4,8,14,67,93,0,50,50,143
03/06/2020,BFM,AL,ASO,CE,Federal Contract Tower,9,7,21,19,56,0,1,18,37,56,9,8,39,56,112,14,170,184,296
03/07/2020,BFM,AL,ASO,CE,Federal Contract Tower,3,4,4,8,19,0,0,10,2,12,3,4,14,10,31,14,54,68,99
03/08/2020,BFM,AL,ASO,CE,Federal Contract Tower,2,2,13,5,22,0,1,28,6,35,2,3,41,11,57,20,12,32,89
03/09/2020,BFM,AL,ASO,CE,Federal Contract Tower,5,4,16,20,45,0,0,4,67,71,5,4,20,87,116,0,384,384,500
03/10/2020,BFM,AL,ASO,CE,Federal Contract Tower,8,7,13,25,53,0,0,3,25,28,8,7,16,50,81,0,176,176,257
03/11/2020,BFM,AL,ASO,CE,Federal Contract Tower,12,8,17,23,60,0,4,8,13,25,12,12,25,36,85,2,72,74,159
03/12/2020,BFM,AL,ASO,CE,Federal Contract Tower,5,4,8,21,38,0,2,10,16,28,5,6,18,37,66,0,132,132,198
03/13/2020,BFM,AL,ASO,CE,Federal Contract Tower,14,3,8,31,56,0,1,7,25,33,14,4,15,56,89,2,146,148,237
03/14/2020,BFM,AL,ASO,CE,Federal Contract Tower,1,0,2,6,9,0,2,2,2,6,1,2,4,8,15,26,48,74,89
03/15/2020,BFM,AL,ASO,CE,Federal Contract Tower,1,4,3,0,8,0,0,14,2,16,1,4,17,2,24,0,46,46,70
03/16/2020,BFM,AL,ASO,CE,Federal Contract Tower,8,2,13,29,52,0,1,3,18,22,8,3,16,47,74,0,100,100,174
03/17/2020,BFM,AL,ASO,CE,Federal Contract Tower,10,3,2,14,29,0,1,10,33,44,10,4,12,47,73,0,176,176,249
03/18/2020,BFM,AL,ASO,CE,Federal Contract Tower,12,4,1,27,44,0,2,6,8,16,12,6,7,35,60,0,60,60,120
03/19/2020,BFM,AL,ASO,CE,Federal Contract Tower,9,5,5,15,34,0,0,7,6,13,9,5,12,21,47,0,52,52,99
03/20/2020,BFM,AL,ASO,CE,Federal Contract Tower,8,8,3,24,43,0,0,7,22,29,8,8,10,46,72,0,164,164,236
03/21/2020,BFM,AL,ASO,CE,Federal Contract Tower,10,2,0,2,14,0,0,1,0,1,10,2,1,2,15,0,0,0,15
03/22/2020,BFM,AL,ASO,CE,Federal Contract Tower,3,0,2,6,11,0,2,4,2,8,3,2,6,8,19,0,14,14,33
03/23/2020,BFM,AL,ASO,CE,Federal Contract Tower,7,4,2,20,33,0,2,12,10,24,7,6,14,30,57,8,46,54,111
03/24/2020,BFM,AL,ASO,CE,Federal Contract Tower,4,4,3,19,30,0,0,12,12,24,4,4,15,31,54,30,68,98,152
03/25/2020,BFM,AL,ASO,CE,Federal Contract Tower,11,5,7,32,55,0,0,16,14,30,11,5,23,46,85,0,88,88,173
03/26/2020,BFM,AL,ASO,CE,Federal Contract Tower,12,2,10,6,30,0,0,13,13,26,12,2,23,19,56,4,82,86,142
03/27/2020,BFM,AL,ASO,CE,Federal Contract Tower,11,4,9,35,59,0,3,12,27,42,11,7,21,62,101,16,164,180,281
03/29/2020,BFM,AL,ASO,CE,Federal Contract Tower,1,0,5,6,12,0,2,7,5,14,1,2,12,11,26,6,38,44,70
03/30/2020,BFM,AL,ASO,CE,Federal Contract Tower,3,5,1,20,29,0,2,12,17,31,3,7,13,37,60,0,64,64,124
03/31/2020,BFM,AL,ASO,CE,Federal Contract Tower,5,6,0,21,32,0,0,4,2,6,5,6,4,23,38,0,14,14,52
04/01/2020,BFM,AL,ASO,CE,Federal Contract Tower,5,3,7,15,30,0,3,24,15,42,5,6,31,30,72,10,56,66,138
04/02/2020,BFM,AL,ASO,CE,Federal Contract Tower,6,4,7,13,30,0,1,11,24,36,6,5,18,37,66,0,118,118,184
04/03/2020,BFM,AL,ASO,CE,Federal Contract Tower,4,6,6,18,34,0,4,11,41,56,4,10,17,59,90,14,136,150,240
04/04/2020,BFM,AL,ASO,CE,Federal Contract Tower,2,2,0,0,4,0,0,5,0,5,2,2,5,0,9,30,0,30,39
04/05/2020,BFM,AL,ASO,CE,Federal Contract Tower,1,0,0,4,5,0,0,5,2,7,1,0,5,6,12,2,0,2,14
04/06/2020,BFM,AL,ASO,CE,Federal Contract Tower,1,3,4,16,24,0,0,2,13,15,1,3,6,29,39,0,42,42,81
04/07/2020,BFM,AL,ASO,CE,Federal Contract Tower,5,6,3,7,21,0,0,5,4,9,5,6,8,11,30,2,64,66,96
04/08/2020,BFM,AL,ASO,CE,Federal Contract Tower,7,8,4,7,26,0,0,1,19,20,7,8,5,26,46,0,104,104,150
04/09/2020,BFM,AL,ASO,CE,Federal Contract Tower,5,5,6,43,59,0,0,6,28,34,5,5,12,71,93,0,198,198,291
04/10/2020,BFM,AL,ASO,CE,Federal Contract Tower,6,4,4,31,45,0,1,15,10,26,6,5,19,41,71,22,74,96,167
04/11/2020,BFM,AL,ASO,CE,Federal Contract Tower,2,2,2,0,6,0,3,11,0,14,2,5,13,0,20,0,0,0,20
04/12/2020,BFM,AL,ASO,CE,Federal Contract Tower,1,0,0,0,1,0,0,0,0,0,1,0,0,0,1,0,0,0,1
04/13/2020,BFM,AL,ASO,CE,Federal Contract Tower,2,1,2,11,16,0,2,6,24,32,2,3,8,35,48,6,152,158,206
04/14/2020,BFM,AL,ASO,CE,Federal Contract Tower,4,4,4,33,45,0,7,9,23,39,4,11,13,56,84,2,124,126,210
04/15/2020,BFM,AL,ASO,CE,Federal Contract Tower,5,3,4,19,31,0,3,7,10,20,5,6,11,29,51,0,36,36,87
04/16/2020,BFM,AL,ASO,CE,Federal Contract Tower,4,3,6,9,22,0,1,21,18,40,4,4,27,27,62,40,112,152,214
04/17/2020,BFM,AL,ASO,CE,Federal Contract Tower,4,5,4,10,23,0,0,4,7,11,4,5,8,17,34,22,48,70,104
04/18/2020,BFM,AL,ASO,CE,Federal Contract Tower,2,2,2,0,6,0,0,4,4,8,2,2,6,4,14,0,12,12,26
04/19/2020,BFM,AL,ASO,CE,Federal Contract Tower,1,0,1,0,2,0,0,3,2,5,1,0,4,2,7,0,14,14,21
04/20/2020,BFM,AL,ASO,CE,Federal Contract Tower,2,2,7,14,25,0,1,11,29,41,2,3,18,43,66,6,162,168,234
04/21/2020,BFM,AL,ASO,CE,Federal Contract Tower,4,2,4,16,26,0,2,14,20,36,4,4,18,36,62,18,78,96,158
04/22/2020,BFM,AL,ASO,CE,Federal Contract Tower,10,6,7,4,27,0,2,14,25,41,10,8,21,29,68,10,72,82,150
04/23/2020,BFM,AL,ASO,CE,Federal Contract Tower,8,3,2,13,26,0,1,0,0,1,8,4,2,13,27,0,0,0,27
04/24/2020,BFM,AL,ASO,CE,Federal Contract Tower,6,5,12,5,28,0,0,17,17,34,6,5,29,22,62,12,60,72,134
04/25/2020,BFM,AL,ASO,CE,Federal Contract Tower,3,6,0,28,37,0,1,6,8,15,3,7,6,36,52,4,96,100,152
04/26/2020,BFM,AL,ASO,CE,Federal Contract Tower,3,0,2,0,5,0,0,10,6,16,3,0,12,6,21,10,8,18,39
04/27/2020,BFM,AL,ASO,CE,Federal Contract Tower,7,3,7,4,21,0,2,13,14,29,7,5,20,18,50,40,84,124,174
04/28/2020,BFM,AL,ASO,CE,Federal Contract Tower,6,2,13,19,40,0,0,13,26,39,6,2,26,45,79,0,118,118,197
04/29/2020,BFM,AL,ASO,CE,Federal Contract Tower,4,6,3,23,36,0,4,4,3,11,4,10,7,26,47,0,54,54,101
04/30/2020,BFM,AL,ASO,CE,Federal Contract Tower,3,4,9,36,52,0,3,24,35,62,3,7,33,71,114,10,126,136,250
05/01/2020,BFM,AL,ASO,CE,Federal Contract Tower,2,4,4,20,30,0,2,20,30,52,2,6,24,50,82,18,138,156,238
05/02/2020,BFM,AL,ASO,CE,Federal Contract Tower,2,2,1,0,5,0,2,8,4,14,2,4,9,4,19,2,14,16,35
05/03/2020,BFM,AL,ASO,CE,Federal Contract Tower,5,0,5,0,10,0,0,6,11,17,5,0,11,11,27,0,42,42,69
05/04/2020,BFM,AL,ASO,CE,Federal Contract Tower,1,0,8,12,21,0,1,8,10,19,1,1,16,22,40,0,84,84,124
05/05/2020,BFM,AL,ASO,CE,Federal Contract Tower,3,11,1,42,57,0,3,11,15,29,3,14,12,57,86,28,102,130,216
05/06/2020,BFM,AL,ASO,CE,Federal Contract Tower,15,4,8,34,61,0,0,16,31,47,15,4,24,65,108,2,90,92,200
05/07/2020,BFM,AL,ASO,CE,Federal Contract Tower,3,4,15,34,56,0,2,9,11,22,3,6,24,45,78,16,56,72,150
05/08/2020,BFM,AL,ASO,CE,Federal Contract Tower,6,4,8,24,42,0,1,2,25,28,6,5,10,49,70,0,56,56,126
05/09/2020,BFM,AL,ASO,CE,Federal Contract Tower,4,2,8,4,18,1,2,2,0,5,5,4,10,4,23,22,0,22,45
05/10/2020,BFM,AL,ASO,CE,Federal Contract Tower,1,0,2,2,5,0,1,7,3,11,1,1,9,5,16,4,12,16,32
05/11/2020,BFM,AL,ASO,CE,Federal Contract Tower,3,2,4,21,30,0,0,13,25,38,3,2,17,46,68,2,72,74,142
05/12/2020,BFM,AL,ASO,CE,Federal Contract Tower,4,3,9,39,55,0,3,16,28,47,4,6,25,67,102,10,138,148,250
05/13/2020,BFM,AL,ASO,CE,Federal Contract Tower,4,4,7,32,47,0,8,4,16,28,4,12,11,48,75,0,36,36,111
05/14/2020,BFM,AL,ASO,CE,Federal Contract Tower,7,4,19,15,45,0,6,14,20,40,7,10,33,35,85,0,74,74,159
05/15/2020,BFM,AL,ASO,CE,Federal Contract Tower,4,3,2,27,36,0,3,4,21,28,4,6,6,48,64,14,96,110,174
05/16/2020,BFM,AL,ASO,CE,Federal Contract Tower,4,2,6,3,15,0,0,7,1,8,4,2,13,4,23,8,64,72,95
05/17/2020,BFM,AL,ASO,CE,Federal Contract Tower,1,1,1,0,3,0,0,6,2,8,1,1,7,2,11,0,14,14,25
05/18/2020,BFM,AL,ASO,CE,Federal Contract Tower,4,3,11,17,35,0,2,11,7,20,4,5,22,24,55,0,72,72,127
05/19/2020,BFM,AL,ASO,CE,Federal Contract Tower,5,4,4,44,57,0,1,14,16,31,5,5,18,60,88,18,100,118,206
05/20/2020,BFM,AL,ASO,CE,Federal Contract Tower,6,7,11,6,30,0,0,3,8,11,6,7,14,14,41,0,64,64,105
05/21/2020,BFM,AL,ASO,CE,Federal Contract Tower,4,4,28,18,54,0,2,16,16,34,4,6,44,34,88,0,122,122,210
05/22/2020,BFM,AL,ASO,CE,Federal Contract Tower,6,5,11,0,22,0,0,8,2,10,6,5,19,2,32,14,10,24,56
05/23/2020,BFM,AL,ASO,CE,Federal Contract Tower,4,2,2,0,8,0,0,5,0,5,4,2,7,0,13,0,0,0,13
05/24/2020,BFM,AL,ASO,CE,Federal Contract Tower,1,0,0,2,3,0,1,12,3,16,1,1,12,5,19,34,0,34,53
05/25/2020,BFM,AL,ASO,CE,Federal Contract Tower,0,0,6,0,6,0,0,13,0,13,0,0,19,0,19,0,0,0,19
05/26/2020,BFM,AL,ASO,CE,Federal Contract Tower,1,6,7,10,24,0,1,2,0,3,1,7,9,10,27,0,0,0,27
05/27/2020,BFM,AL,ASO,CE,Federal Contract Tower,4,5,6,15,30,0,1,8,13,22,4,6,14,28,52,0,78,78,130
05/28/2020,BFM,AL,ASO,CE,Federal Contract Tower,6,4,12,18,40,0,2,13,29,44,6,6,25,47,84,18,88,106,190
05/29/2020,BFM,AL,ASO,CE,Federal Contract Tower,5,5,11,8,29,0,2,7,4,13,5,7,18,12,42,18,18,36,78
05/30/2020,BFM,AL,ASO,CE,Federal Contract Tower,6,2,4,0,12,0,0,9,1,10,6,2,13,1,22,6,20,26,48
05/31/2020,BFM,AL,ASO,CE,Federal Contract Tower,1,0,5,0,6,0,2,6,9,17,1,2,11,9,23,12,24,36,59
06/01/2020,BFM,AL,ASO,CE,Federal Contract Tower,1,0,15,23,39,0,1,14,22,37,1,1,29,45,76,6,118,124,200
06/02/2020,BFM,AL,ASO,CE,Federal Contract Tower,8,5,12,0,25,0,0,11,12,23,8,5,23,12,48,0,28,28,76
06/03/2020,BFM,AL,ASO,CE,Federal Contract Tower,4,2,9,24,39,0,1,5,19,25,4,3,14,43,64,0,56,56,120
06/04/2020,BFM,AL,ASO,CE,Federal Contract Tower,10,6,14,27,57,0,0,9,33,42,10,6,23,60,99,6,124,130,229
06/05/2020,BFM,AL,ASO,CE,Federal Contract Tower,6,4,8,21,39,0,6,21,29,56,6,10,29,50,95,32,98,130,225
06/06/2020,BFM,AL,ASO,CE,Federal Contract Tower,5,4,2,0,11,0,1,3,0,4,5,5,5,0,15,16,0,16,31
06/07/2020,BFM,AL,ASO,CE,Federal Contract Tower,0,0,1,0,1,0,0,0,0,0,0,0,1,0,1,0,0,0,1
06/08/2020,BFM,AL,ASO,CE,Federal Contract Tower,5,0,1,3,9,0,4,0,3,7,5,4,1,6,16,0,26,26,42
06/09/2020,BFM,AL,ASO,CE,Federal Contract Tower,8,7,7,6,28,0,0,5,4,9,8,7,12,10,37,0,20,20,57
06/10/2020,BFM,AL,ASO,CE,Federal Contract Tower,8,7,15,25,55,0,2,10,13,25,8,9,25,38,80,0,70,70,150
06/11/2020,BFM,AL,ASO,CE,Federal Contract Tower,5,3,8,81,97,0,0,18,27,45,5,3,26,108,142,12,142,154,296
06/12/2020,BFM,AL,ASO,CE,Federal Contract Tower,4,6,16,49,75,0,1,15,22,38,4,7,31,71,113,10,146,156,269
06/13/2020,BFM,AL,ASO,CE,Federal Contract Tower,3,4,2,1,10,0,1,9,4,14,3,5,11,5,24,26,28,54,78
06/14/2020,BFM,AL,ASO,CE,Federal Contract Tower,1,0,7,16,24,0,0,15,8,23,1,0,22,24,47,14,22,36,83
06/15/2020,BFM,AL,ASO,CE,Federal Contract Tower,4,3,5,51,63,0,4,16,35,55,4,7,21,86,118,6,146,152,270
06/16/2020,BFM,AL,ASO,CE,Federal Contract Tower,7,6,14,19,46,0,0,25,18,43,7,6,39,37,89,18,86,104,193
06/17/2020,BFM,AL,ASO,CE,Federal Contract Tower,5,5,9,20,39,0,0,19,19,38,5,5,28,39,77,32,106,138,215
06/18/2020,BFM,AL,ASO,CE,Federal Contract Tower,11,7,5,27,50,0,2,20,15,37,11,9,25,42,87,16,88,104,191
06/19/2020,BFM,AL,ASO,CE,Federal Contract Tower,5,4,3,19,31,0,0,27,16,43,5,4,30,35,74,30,38,68,142
06/20/2020,BFM,AL,ASO,CE,Federal Contract Tower,2,2,4,0,8,0,3,16,8,27,2,5,20,8,35,22,0,22,57
06/21/2020,BFM,AL,ASO,CE,Federal Contract Tower,3,0,1,6,10,0,0,12,0,12,3,0,13,6,22,4,0,4,26
06/22/2020,BFM,AL,ASO,CE,Federal Contract Tower,3,3,7,29,42,0,2,7,22,31,3,5,14,51,73,0,50,50,123
06/23/2020,BFM,AL,ASO,CE,Federal Contract Tower,5,3,7,4,19,0,4,9,10,23,5,7,16,14,42,0,48,48,90
06/24/2020,BFM,AL,ASO,CE,Federal Contract Tower,5,6,14,1,26,0,3,3,21,27,5,9,17,22,53,0,38,38,91
06/25/2020,BFM,AL,ASO,CE,Federal Contract Tower,13,4,12,13,42,0,0,11,8,19,13,4,23,21,61,6,88,94,155
06/26/2020,BFM,AL,ASO,CE,Federal Contract Tower,8,10,21,15,54,0,2,9,6,17,8,12,30,21,71,0,108,108,179
06/27/2020,BFM,AL,ASO,CE,Federal Contract Tower,3,4,14,0,21,0,2,20,10,32,3,6,34,10,53,28,26,54,107
06/28/2020,BFM,AL,ASO,CE,Federal Contract Tower,2,2,6,17,27,0,0,8,2,10,2,2,14,19,37,18,12,30,67
06/29/2020,BFM,AL,ASO,CE,Federal Contract Tower,6,4,8,4,22,0,0,0,9,9,6,4,8,13,31,0,38,38,69
06/30/2020,BFM,AL,ASO,CE,Federal Contract Tower,4,6,12,0,22,0,3,11,14,28,4,9,23,14,50,28,80,108,158
07/01/2020,BFM,AL,ASO,CE,Federal Contract Tower,5,5,12,8,30,0,0,17,7,24,5,5,29,15,54,20,32,52,106
07/02/2020,BFM,AL,ASO,CE,Federal Contract Tower,6,2,6,4,18,0,0,2,10,12,6,2,8,14,30,0,36,36,66
07/03/2020,BFM,AL,ASO,CE,Federal Contract Tower,4,4,6,0,14,0,0,6,0,6,4,4,12,0,20,12,0,12,32
07/04/2020,BFM,AL,ASO,CE,Federal Contract Tower,0,1,1,0,2,0,0,6,0,6,0,1,7,0,8,4,0,4,12
07/05/2020,BFM,AL,ASO,CE,Federal Contract Tower,1,0,1,0,2,0,2,5,0,7,1,2,6,0,9,10,0,10,19
07/06/2020,BFM,AL,ASO,CE,Federal Contract Tower,1,1,9,1,12,0,2,6,1,9,1,3,15,2,21,6,0,6,27
07/07/2020,BFM,AL,ASO,CE,Federal Contract Tower,5,4,8,5,22,0,0,8,10,18,5,4,16,15,40,0,38,38,78
07/08/2020,BFM,AL,ASO,CE,Federal Contract Tower,4,7,9,2,22,0,3,4,8,15,4,10,13,10,37,0,28,28,65
07/09/2020,BFM,AL,ASO,CE,Federal Contract Tower,4,9,10,43,66,0,2,11,10,23,4,11,21,53,89,8,72,80,169
07/10/2020,BFM,AL,ASO,CE,Federal Contract Tower,6,6,15,42,69,0,3,16,12,31,6,9,31,54,100,26,66,92,192
07/11/2020,BFM,AL,ASO,CE,Federal Contract Tower,7,2,4,5,18,0,6,15,1,22,7,8,19,6,40,0,126,126,166
07/12/2020,BFM,AL,ASO,CE,Federal Contract Tower,1,1,2,0,4,0,2,8,10,20,1,3,10,10,24,4,44,48,72
07/13/2020,BFM,AL,ASO,CE,Federal Contract Tower,5,4,12,5,26,0,2,10,13,25,5,6,22,18,51,14,68,82,133
07/14/2020,BFM,AL,ASO,CE,Federal Contract Tower,7,10,10,10,37,0,0,12,10,22,7,10,22,20,59,8,56,64,123
07/15/2020,BFM,AL,ASO,CE,Federal Contract Tower,9,10,8,7,34,0,1,8,8,17,9,11,16,15,51,10,22,32,83
07/16/2020,BFM,AL,ASO,CE,Federal Contract Tower,7,3,6,7,23,0,0,8,20,28,7,3,14,27,51,0,108,108,159
07/17/2020,BFM,AL,ASO,CE,Federal Contract Tower,9,6,6,33,54,0,3,28,17,48,9,9,34,50,102,14,84,98,200
07/18/2020,BFM,AL,ASO,CE,Federal Contract Tower,1,3,3,2,9,0,1,11,11,23,1,4,14,13,32,14,64,78,110
07/19/2020,BFM,AL,ASO,CE,Federal Contract Tower,1,0,3,10,14,0,0,7,4,11,1,0,10,14,25,0,20,20,45
07/20/2020,BFM,AL,ASO,CE,Federal Contract Tower,3,5,15,20,43,0,0,21,21,42,3,5,36,41,85,6,68,74,159
07/21/2020,BFM,AL,ASO,CE,Federal Contract Tower,12,7,9,7,35,0,1,10,8,19,12,8,19,15,54,8,40,48,102
07/22/2020,BFM,AL,ASO,CE,Federal Contract Tower,10,3,17,11,41,0,6,17,9,32,10,9,34,20,73,18,44,62,135
07/23/2020,BFM,AL,ASO,CE,Federal Contract Tower,7,4,16,2,29,0,1,12,14,27,7,5,28,16,56,4,142,146,202
07/24/2020,BFM,AL,ASO,CE,Federal Contract Tower,7,6,12,0,25,0,0,1,5,6,7,6,13,5,31,0,14,14,45
07/25/2020,BFM,AL,ASO,CE,Federal Contract Tower,4,2,2,0,8,0,0,4,4,8,4,2,6,4,16,0,22,22,38
07/26/2020,BFM,AL,ASO,CE,Federal Contract Tower,1,0,4,5,10,0,0,25,0,25,1,0,29,5,35,30,0,30,65
07/27/2020,BFM,AL,ASO,CE,Federal Contract Tower,3,5,9,11,28,0,0,2,11,13,3,5,11,22,41,8,50,58,99
07/28/2020,BFM,AL,ASO,CE,Federal Contract Tower,8,9,8,11,36,0,2,6,12,20,8,11,14,23,56,10,50,60,116
07/29/2020,BFM,AL,ASO,CE,Federal Contract Tower,6,7,7,24,44,0,0,7,18,25,6,7,14,42,69,4,68,72,141
07/30/2020,BFM,AL,ASO,CE,Federal Contract Tower,8,6,9,30,53,0,3,19,6,28,8,9,28,36,81,36,32,68,149
07/31/2020,BFM,AL,ASO,CE,Federal Contract Tower,8,5,9,14,36,0,0,21,19,40,8,5,30,33,76,26,142,168,244
08/01/2020,BFM,AL,ASO,CE,Federal Contract Tower,2,2,9,1,14,0,0,21,5,26,2,2,30,6,40,0,68,68,108
08/02/2020,BFM,AL,ASO,CE,Federal Contract Tower,1,0,4,0,5,0,0,9,4,13,1,0,13,4,18,0,0,0,18
08/03/2020,BFM,AL,ASO,CE,Federal Contract Tower,3,4,10,34,51,0,1,25,22,48,3,5,35,56,99,28,88,116,215
08/04/2020,BFM,AL,ASO,CE,Federal Contract Tower,9,7,7,18,41,0,3,12,18,33,9,10,19,36,74,6,86,92,166
08/05/2020,BFM,AL,ASO,CE,Federal Contract Tower,5,6,11,48,70,0,3,12,20,35,5,9,23,68,105,14,108,122,227
08/06/2020,BFM,AL,ASO,CE,Federal Contract Tower,7,5,19,15,46,0,4,29,23,56,7,9,48,38,102,24,96,120,222
08/07/2020,BFM,AL,ASO,CE,Federal Contract Tower,6,4,2,18,30,0,0,10,23,33,6,4,12,41,63,0,82,82,145
08/08/2020,BFM,AL,ASO,CE,Federal Contract Tower,6,2,1,2,11,0,2,9,8,19,6,4,10,10,30,14,28,42,72
08/09/2020,BFM,AL,ASO,CE,Federal Contract Tower,1,0,5,4,10,0,0,9,3,12,1,0,14,7,22,16,0,16,38
08/10/2020,BFM,AL,ASO,CE,Federal Contract Tower,11,2,11,19,43,0,4,8,19,31,11,6,19,38,74,0,44,44,118
08/11/2020,BFM,AL,ASO,CE,Federal Contract Tower,15,10,13,13,51,0,5,11,2,18,15,15,24,15,69,28,14,42,111
08/12/2020,BFM,AL,ASO,CE,Federal Contract Tower,6,4,14,13,37,0,1,9,7,17,6,5,23,20,54,16,30,46,100
08/13/2020,BFM,AL,ASO,CE,Federal Contract Tower,4,4,12,28,48,0,3,8,19,30,4,7,20,47,78,8,128,136,214
08/14/2020,BFM,AL,ASO,CE,Federal Contract Tower,9,5,6,0,20,0,1,9,13,23,9,6,15,13,43,0,102,102,145
08/15/2020,BFM,AL,ASO,CE,Federal Contract Tower,2,2,0,11,15,0,1,6,0,7,2,3,6,11,22,6,8,14,36
08/16/2020,BFM,AL,ASO,CE,Federal Contract Tower,7,0,11,18,36,0,0,6,5,11,7,0,17,23,47,14,24,38,85
08/17/2020,BFM,AL,ASO,CE,Federal Contract Tower,3,3,17,6,29,0,2,5,18,25,3,5,22,24,54,0,86,86,140
08/18/2020,BFM,AL,ASO,CE,Federal Contract Tower,4,6,16,7,33,0,2,17,12,31,4,8,33,19,64,2,46,48,112
08/19/2020,BFM,AL,ASO,CE,Federal Contract Tower,11,6,9,19,45,0,7,9,30,46,11,13,18,49,91,6,130,136,227
08/20/2020,BFM,AL,ASO,CE,Federal Contract Tower,4,5,13,13,35,0,0,7,7,14,4,5,20,20,49,6,28,34,83
08/21/2020,BFM,AL,ASO,CE,Federal Contract Tower,6,6,9,19,40,0,0,7,22,29,6,6,16,41,69,0,98,98,167
08/22/2020,BFM,AL,ASO,CE,Federal Contract Tower,3,2,4,2,11,0,1,10,8,19,3,3,14,10,30,16,26,42,72
08/23/2020,BFM,AL,ASO,CE,Federal Contract Tower,1,5,11,0,17,0,1,4,0,5,1,6,15,0,22,12,0,12,34
08/24/2020,BFM,AL,ASO,CE,Federal Contract Tower,4,4,2,4,14,0,0,1,3,4,4,4,3,7,18,0,14,14,32
08/25/2020,BFM,AL,ASO,CE,Federal Contract Tower,4,5,8,11,28,0,1,0,4,5,4,6,8,15,33,0,20,20,53
08/26/2020,BFM,AL,ASO,CE,Federal Contract Tower,4,8,10,6,28,0,0,1,18,19,4,8,11,24,47,0,56,56,103
08/27/2020,BFM,AL,ASO,CE,Federal Contract Tower,6,3,6,8,23,0,2,1,12,15,6,5,7,20,38,0,34,34,72
08/28/2020,BFM,AL,ASO,CE,Federal Contract Tower,8,7,9,6,30,0,2,7,15,24,8,9,16,21,54,0,70,70,124
08/29/2020,BFM,AL,ASO,CE,Federal Contract Tower,9,2,5,2,18,0,0,9,4,13,9,2,14,6,31,14,14,28,59
08/30/2020,BFM,AL,ASO,CE,Federal Contract Tower,2,1,1,6,10,0,2,1,7,10,2,3,2,13,20,0,22,22,42
08/31/2020,BFM,AL,ASO,CE,Federal Contract Tower,5,3,18,0,26,0,5,3,8,16,5,8,21,8,42,0,6,6,48
09/01/2020,BFM,AL,ASO,CE,Federal Contract Tower,10,10,10,8,38,0,1,6,33,40,10,11,16,41,78,20,106,126,204
09/02/2020,BFM,AL,ASO,CE,Federal Contract Tower,7,4,17,25,53,0,3,16,21,40,7,7,33,46,93,32,118,150,243
09/03/2020,BFM,AL,ASO,CE,Federal Contract Tower,7,7,14,14,42,0,4,21,12,37,7,11,35,26,79,34,50,84,163
09/04/2020,BFM,AL,ASO,CE,Federal Contract Tower,10,4,4,4,22,0,2,22,4,28,10,6,26,8,50,4,18,22,72
09/05/2020,BFM,AL,ASO,CE,Federal Contract Tower,2,2,2,0,6,0,0,6,0,6,2,2,8,0,12,22,0,22,34
09/06/2020,BFM,AL,ASO,CE,Federal Contract Tower,1,0,4,0,5,0,0,16,0,16,1,0,20,0,21,12,0,12,33
09/07/2020,BFM,AL,ASO,CE,Federal Contract Tower,0,2,9,0,11,0,1,14,0,15,0,3,23,0,26,20,0,20,46
09/08/2020,BFM,AL,ASO,CE,Federal Contract Tower,3,4,6,36,49,0,3,3,15,21,3,7,9,51,70,0,76,76,146
09/09/2020,BFM,AL,ASO,CE,Federal Contract Tower,5,6,16,25,52,0,1,28,20,49,5,7,44,45,101,40,106,146,247
09/10/2020,BFM,AL,ASO,CE,Federal Contract Tower,7,4,10,25,46,0,4,15,32,51,7,8,25,57,97,6,192,198,295
09/11/2020,BFM,AL,ASO,CE,Federal Contract Tower,4,5,12,10,31,0,0,11,16,27,4,5,23,26,58,0,92,92,150
09/12/2020,BFM,AL,ASO,CE,Federal Contract Tower,2,3,5,4,14,0,0,9,8,17,2,3,14,12,31,18,28,46,77
09/13/2020,BFM,AL,ASO,CE,Federal Contract Tower,1,0,4,0,5,0,0,5,0,5,1,0,9,0,10,4,0,4,14
09/14/2020,BFM,AL,ASO,CE,Federal Contract Tower,1,6,1,0,8,0,0,0,0,0,1,6,1,0,8,0,0,0,8
09/15/2020,BFM,AL,ASO,CE,Federal Contract Tower,0,0,0,0,0,0,0,0,0,0,0,0,0,0,0,0,0,0,0
09/16/2020,BFM,AL,ASO,CE,Federal Contract Tower,0,0,0,0,0,0,0,0,0,0,0,0,0,0,0,0,0,0,0
09/17/2020,BFM,AL,ASO,CE,Federal Contract Tower,2,3,19,2,26,0,8,13,2,23,2,11,32,4,49,0,8,8,57
09/18/2020,BFM,AL,ASO,CE,Federal Contract Tower,3,9,7,0,19,0,2,11,2,15,3,11,18,2,34,0,12,12,46
09/19/2020,BFM,AL,ASO,CE,Federal Contract Tower,6,2,3,0,11,0,0,2,0,2,6,2,5,0,13,0,0,0,13
09/20/2020,BFM,AL,ASO,CE,Federal Contract Tower,2,3,8,0,13,0,0,1,0,1,2,3,9,0,14,0,0,0,14
09/21/2020,BFM,AL,ASO,CE,Federal Contract Tower,5,1,6,0,12,0,2,3,4,9,5,3,9,4,21,0,50,50,71
09/22/2020,BFM,AL,ASO,CE,Federal Contract Tower,4,4,5,23,36,0,4,8,17,29,4,8,13,40,65,0,114,114,179
09/23/2020,BFM,AL,ASO,CE,Federal Contract Tower,6,4,8,13,31,0,1,5,14,20,6,5,13,27,51,2,96,98,149
09/24/2020,BFM,AL,ASO,CE,Federal Contract Tower,8,4,4,18,34,0,1,4,18,23,8,5,8,36,57,0,98,98,155
09/25/2020,BFM,AL,ASO,CE,Federal Contract Tower,7,4,16,37,64,0,4,21,17,42,7,8,37,54,106,12,128,140,246
09/27/2020,BFM,AL,ASO,CE,Federal Contract Tower,1,3,9,4,17,0,2,12,1,15,1,5,21,5,32,10,0,10,42
09/28/2020,BFM,AL,ASO,CE,Federal Contract Tower,4,2,15,20,41,0,0,5,22,27,4,2,20,42,68,0,86,86,154
09/29/2020,BFM,AL,ASO,CE,Federal Contract Tower,6,5,19,57,87,0,2,12,22,36,6,7,31,79,123,2,102,104,227
09/30/2020,BFM,AL,ASO,CE,Federal Contract Tower,8,5,19,31,63,0,5,26,20,51,8,10,45,51,114,34,158,192,306
10/01/2020,BFM,AL,ASO,CE,Federal Contract Tower,9,6,16,19,50,0,2,18,29,49,9,8,34,48,99,44,82,126,225
10/02/2020,BFM,AL,ASO,CE,Federal Contract Tower,6,4,18,34,62,0,4,20,15,39,6,8,38,49,101,22,80,102,203
10/03/2020,BFM,AL,ASO,CE,Federal Contract Tower,3,3,6,0,12,0,0,16,6,22,3,3,22,6,34,18,0,18,52
10/04/2020,BFM,AL,ASO,CE,Federal Contract Tower,3,1,4,7,15,0,4,22,10,36,3,5,26,17,51,18,48,66,117
10/05/2020,BFM,AL,ASO,CE,Federal Contract Tower,10,1,11,22,44,0,3,13,12,28,10,4,24,34,72,16,46,62,134
10/06/2020,BFM,AL,ASO,CE,Federal Contract Tower,6,3,9,14,32,0,2,5,8,15,6,5,14,22,47,0,66,66,113
10/07/2020,BFM,AL,ASO,CE,Federal Contract Tower,4,7,18,22,51,0,1,11,11,23,4,8,29,33,74,16,32,48,122
10/08/2020,BFM,AL,ASO,CE,Federal Contract Tower,5,5,11,0,21,0,2,8,0,10,5,7,19,0,31,0,0,0,31
10/09/2020,BFM,AL,ASO,CE,Federal Contract Tower,4,4,5,0,13,0,6,2,0,8,4,10,7,0,21,0,0,0,21
10/10/2020,BFM,AL,ASO,CE,Federal Contract Tower,2,2,1,0,5,0,1,3,2,6,2,3,4,2,11,0,0,0,11
10/11/2020,BFM,AL,ASO,CE,Federal Contract Tower,1,0,7,0,8,0,1,6,0,7,1,1,13,0,15,0,0,0,15
10/12/2020,BFM,AL,ASO,CE,Federal Contract Tower,5,3,11,0,19,0,3,18,1,22,5,6,29,1,41,10,0,10,51
10/13/2020,BFM,AL,ASO,CE,Federal Contract Tower,4,5,28,15,52,0,11,10,26,47,4,16,38,41,99,0,120,120,219
10/14/2020,BFM,AL,ASO,CE,Federal Contract Tower,4,8,12,30,54,0,0,24,17,41,4,8,36,47,95,12,80,92,187
10/15/2020,BFM,AL,ASO,CE,Federal Contract Tower,6,4,6,8,24,0,4,17,19,40,6,8,23,27,64,44,86,130,194
10/16/2020,BFM,AL,ASO,CE,Federal Contract Tower,10,6,14,41,71,0,2,13,12,27,10,8,27,53,98,8,104,112,210
10/17/2020,BFM,AL,ASO,CE,Federal Contract Tower,11,1,4,0,16,0,0,5,11,16,11,1,9,11,32,8,38,46,78
10/18/2020,BFM,AL,ASO,CE,Federal Contract Tower,1,0,8,0,9,0,1,8,1,10,1,1,16,1,19,0,0,0,19
10/19/2020,BFM,AL,ASO,CE,Federal Contract Tower,1,2,9,19,31,0,6,6,40,52,1,8,15,59,83,26,152,178,261
10/20/2020,BFM,AL,ASO,CE,Federal Contract Tower,5,6,21,35,67,0,1,9,34,44,5,7,30,69,111,12,138,150,261
10/21/2020,BFM,AL,ASO,CE,Federal Contract Tower,6,5,15,40,66,0,2,6,32,40,6,7,21,72,106,8,186,194,300
10/22/2020,BFM,AL,ASO,CE,Federal Contract Tower,4,5,11,22,42,0,1,7,6,14,4,6,18,28,56,0,42,42,98
10/23/2020,BFM,AL,ASO,CE,Federal Contract Tower,7,10,12,10,39,0,4,2,22,28,7,14,14,32,67,0,126,126,193
10/24/2020,BFM,AL,ASO,CE,Federal Contract Tower,4,2,2,0,8,0,2,2,0,4,4,4,4,0,12,0,0,0,12
10/25/2020,BFM,AL,ASO,CE,Federal Contract Tower,2,0,7,4,13,0,2,3,0,5,2,2,10,4,18,6,0,6,24
10/26/2020,BFM,AL,ASO,CE,Federal Contract Tower,2,5,9,10,26,0,3,12,4,19,2,8,21,14,45,6,20,26,71
10/27/2020,BFM,AL,ASO,CE,Federal Contract Tower,5,7,12,9,33,0,0,2,2,4,5,7,14,11,37,0,18,18,55
10/28/2020,BFM,AL,ASO,CE,Federal Contract Tower,4,2,3,0,9,0,0,0,0,0,4,2,3,0,9,0,0,0,9
10/29/2020,BFM,AL,ASO,CE,Federal Contract Tower,6,2,4,0,12,0,2,0,3,5,6,4,4,3,17,0,0,0,17
10/30/2020,BFM,AL,ASO,CE,Federal Contract Tower,6,6,7,10,29,0,2,8,14,24,6,8,15,24,53,0,126,126,179
10/31/2020,BFM,AL,ASO,CE,Federal Contract Tower,2,2,4,0,8,0,0,14,2,16,2,2,18,2,24,0,34,34,58
11/01/2020,BFM,AL,ASO,CE,Federal Contract Tower,1,0,7,0,8,0,2,9,2,13,1,2,16,2,21,46,10,56,77
11/02/2020,BFM,AL,ASO,CE,Federal Contract Tower,2,3,7,47,59,0,4,6,12,22,2,7,13,59,81,8,114,122,203
11/03/2020,BFM,AL,ASO,CE,Federal Contract Tower,4,6,14,16,40,0,1,10,10,21,4,7,24,26,61,0,26,26,87
11/04/2020,BFM,AL,ASO,CE,Federal Contract Tower,9,4,10,19,42,0,2,13,15,30,9,6,23,34,72,6,48,54,126
11/05/2020,BFM,AL,ASO,CE,Federal Contract Tower,6,6,21,3,36,0,8,17,23,48,6,14,38,26,84,34,112,146,230
11/06/2020,BFM,AL,ASO,CE,Federal Contract Tower,6,12,21,34,73,0,5,27,20,52,6,17,48,54,125,30,74,104,229
11/07/2020,BFM,AL,ASO,CE,Federal Contract Tower,2,2,2,0,6,0,4,13,3,20,2,6,15,3,26,16,50,66,92
11/08/2020,BFM,AL,ASO,CE,Federal Contract Tower,1,0,8,9,18,0,2,14,10,26,1,2,22,19,44,4,34,38,82
11/09/2020,BFM,AL,ASO,CE,Federal Contract Tower,3,2,14,19,38,0,4,6,36,46,3,6,20,55,84,0,112,112,196
11/10/2020,BFM,AL,ASO,CE,Federal Contract Tower,4,4,7,7,22,0,0,4,14,18,4,4,11,21,40,0,52,52,92
11/11/2020,BFM,AL,ASO,CE,Federal Contract Tower,8,6,16,0,30,0,2,4,3,9,8,8,20,3,39,0,10,10,49
11/12/2020,BFM,AL,ASO,CE,Federal Contract Tower,5,8,14,49,76,0,4,10,11,25,5,12,24,60,101,12,68,80,181
11/13/2020,BFM,AL,ASO,CE,Federal Contract Tower,4,7,9,58,78,0,0,9,41,50,4,7,18,99,128,4,194,198,326
11/14/2020,BFM,AL,ASO,CE,Federal Contract Tower,7,3,5,3,18,0,0,17,5,22,7,3,22,8,40,14,54,68,108
11/15/2020,BFM,AL,ASO,CE,Federal Contract Tower,4,1,18,17,40,0,0,17,1,18,4,1,35,18,58,28,16,44,102
11/16/2020,BFM,AL,ASO,CE,Federal Contract Tower,2,10,7,36,55,0,0,13,50,63,2,10,20,86,118,10,310,320,438
11/17/2020,BFM,AL,ASO,CE,Federal Contract Tower,9,5,10,29,53,0,3,12,55,70,9,8,22,84,123,2,208,210,333
11/18/2020,BFM,AL,ASO,CE,Federal Contract Tower,4,9,17,19,49,0,3,14,39,56,4,12,31,58,105,0,298,298,403
11/19/2020,BFM,AL,ASO,CE,Federal Contract Tower,6,4,13,26,49,0,0,12,24,36,6,4,25,50,85,6,128,134,219
11/20/2020,BFM,AL,ASO,CE,Federal Contract Tower,5,6,15,13,39,0,1,13,18,32,5,7,28,31,71,10,86,96,167
11/21/2020,BFM,AL,ASO,CE,Federal Contract Tower,2,2,4,2,10,0,11,18,11,40,2,13,22,13,50,46,178,224,274
11/22/2020,BFM,AL,ASO,CE,Federal Contract Tower,0,1,7,14,22,0,0,9,8,17,0,1,16,22,39,6,30,36,75
11/23/2020,BFM,AL,ASO,CE,Federal Contract Tower,3,7,10,31,51,0,0,3,15,18,3,7,13,46,69,2,84,86,155
11/24/2020,BFM,AL,ASO,CE,Federal Contract Tower,6,11,1,24,42,0,6,11,31,48,6,17,12,55,90,16,246,262,352
11/25/2020,BFM,AL,ASO,CE,Federal Contract Tower,4,3,12,6,25,0,2,6,7,15,4,5,18,13,40,6,34,40,80
11/26/2020,BFM,AL,ASO,CE,Federal Contract Tower,0,0,1,0,1,0,0,0,0,0,0,0,1,0,1,0,0,0,1
11/27/2020,BFM,AL,ASO,CE,Federal Contract Tower,4,2,15,0,21,0,0,2,0,2,4,2,17,0,23,0,0,0,23
11/28/2020,BFM,AL,ASO,CE,Federal Contract Tower,4,3,9,0,16,0,2,6,0,8,4,5,15,0,24,4,0,4,28
11/29/2020,BFM,AL,ASO,CE,Federal Contract Tower,0,1,5,0,6,0,0,0,0,0,0,1,5,0,6,0,0,0,6
11/30/2020,BFM,AL,ASO,CE,Federal Contract Tower,1,5,11,87,104,0,3,6,34,43,1,8,17,121,147,6,196,202,349
12/01/2020,BFM,AL,ASO,CE,Federal Contract Tower,8,6,22,51,87,0,6,14,33,53,8,12,36,84,140,2,184,186,326
12/02/2020,BFM,AL,ASO,CE,Federal Contract Tower,7,6,32,31,76,0,5,28,25,58,7,11,60,56,134,18,126,144,278
12/03/2020,BFM,AL,ASO,CE,Federal Contract Tower,8,4,18,12,42,0,3,12,20,35,8,7,30,32,77,18,116,134,211
12/04/2020,BFM,AL,ASO,CE,Federal Contract Tower,6,9,11,26,52,0,4,6,11,21,6,13,17,37,73,0,60,60,133
12/05/2020,BFM,AL,ASO,CE,Federal Contract Tower,2,2,4,17,25,0,0,20,11,31,2,2,24,28,56,14,12,26,82
12/06/2020,BFM,AL,ASO,CE,Federal Contract Tower,1,0,3,8,12,0,1,18,11,30,1,1,21,19,42,22,46,68,110
12/07/2020,BFM,AL,ASO,CE,Federal Contract Tower,7,5,12,10,34,0,6,4,24,34,7,11,16,34,68,0,106,106,174
12/08/2020,BFM,AL,ASO,CE,Federal Contract Tower,6,3,8,18,35,0,0,20,27,47,6,3,28,45,82,10,158,168,250
12/09/2020,BFM,AL,ASO,CE,Federal Contract Tower,11,10,15,35,71,0,6,18,32,56,11,16,33,67,127,30,192,222,349
12/10/2020,BFM,AL,ASO,CE,Federal Contract Tower,7,2,14,9,32,0,0,17,30,47,7,2,31,39,79,16,228,244,323
12/11/2020,BFM,AL,ASO,CE,Federal Contract Tower,4,3,12,11,30,0,2,12,20,34,4,5,24,31,64,12,178,190,254
12/12/2020,BFM,AL,ASO,CE,Federal Contract Tower,5,2,1,10,18,0,3,0,2,5,5,5,1,12,23,0,44,44,67
12/13/2020,BFM,AL,ASO,CE,Federal Contract Tower,1,1,3,8,13,0,0,0,2,2,1,1,3,10,15,0,0,0,15
12/14/2020,BFM,AL,ASO,CE,Federal Contract Tower,2,5,8,57,72,0,1,6,15,22,2,6,14,72,94,0,100,100,194
12/15/2020,BFM,AL,ASO,CE,Federal Contract Tower,10,10,14,30,64,0,5,11,17,33,10,15,25,47,97,0,84,84,181
12/16/2020,BFM,AL,ASO,CE,Federal Contract Tower,7,6,5,17,35,0,0,2,0,2,7,6,7,17,37,0,12,12,49
12/17/2020,BFM,AL,ASO,CE,Federal Contract Tower,6,4,11,31,52,0,3,13,20,36,6,7,24,51,88,18,80,98,186
12/18/2020,BFM,AL,ASO,CE,Federal Contract Tower,5,9,15,24,53,0,0,12,6,18,5,9,27,30,71,6,38,44,115
12/19/2020,BFM,AL,ASO,CE,Federal Contract Tower,2,3,2,0,7,0,0,12,12,24,2,3,14,12,31,28,42,70,101
12/20/2020,BFM,AL,ASO,CE,Federal Contract Tower,6,0,5,6,17,0,0,0,0,0,6,0,5,6,17,0,0,0,17
12/21/2020,BFM,AL,ASO,CE,Federal Contract Tower,3,7,19,16,45,0,3,6,13,22,3,10,25,29,67,2,52,54,121
12/22/2020,BFM,AL,ASO,CE,Federal Contract Tower,12,7,11,18,48,0,10,26,17,53,12,17,37,35,101,30,68,98,199
12/23/2020,BFM,AL,ASO,CE,Federal Contract Tower,6,4,6,2,18,0,2,15,9,26,6,6,21,11,44,10,66,76,120
12/24/2020,BFM,AL,ASO,CE,Federal Contract Tower,6,6,0,0,12,0,0,0,0,0,6,6,0,0,12,0,0,0,12
12/25/2020,BFM,AL,ASO,CE,Federal Contract Tower,3,0,1,0,4,0,0,4,0,4,3,0,5,0,8,0,0,0,8
12/26/2020,BFM,AL,ASO,CE,Federal Contract Tower,3,2,5,0,10,0,2,6,0,8,3,4,11,0,18,0,0,0,18
12/27/2020,BFM,AL,ASO,CE,Federal Contract Tower,2,2,3,0,7,0,2,11,0,13,2,4,14,0,20,0,0,0,20
12/28/2020,BFM,AL,ASO,CE,Federal Contract Tower,2,6,6,11,25,0,2,5,15,22,2,8,11,26,47,0,60,60,107
12/29/2020,BFM,AL,ASO,CE,Federal Contract Tower,5,3,2,4,14,0,2,7,9,18,5,5,9,13,32,0,24,24,56
12/30/2020,BFM,AL,ASO,CE,Federal Contract Tower,3,5,9,4,21,0,5,4,1,10,3,10,13,5,31,2,0,2,33
12/31/2020,BFM,AL,ASO,CE,Federal Contract Tower,6,3,6,0,15,0,0,0,0,0,6,3,6,0,15,4,0,4,19
01/01/2021,BFM,AL,ASO,CE,Federal Contract Tower,0,0,5,0,5,0,0,2,0,2,0,0,7,0,7,18,0,18,25
01/02/2021,BFM,AL,ASO,CE,Federal Contract Tower,5,4,3,0,12,0,0,7,0,7,5,4,10,0,19,4,0,4,23
01/03/2021,BFM,AL,ASO,CE,Federal Contract Tower,3,0,10,0,13,0,1,24,0,25,3,1,34,0,38,20,0,20,58
01/04/2021,BFM,AL,ASO,CE,Federal Contract Tower,3,3,6,10,22,0,0,20,7,27,3,3,26,17,49,0,36,36,85
01/05/2021,BFM,AL,ASO,CE,Federal Contract Tower,6,6,7,36,55,0,4,10,30,44,6,10,17,66,99,4,172,176,275
01/06/2021,BFM,AL,ASO,CE,Federal Contract Tower,5,6,9,34,54,0,3,23,18,44,5,9,32,52,98,24,134,158,256
01/07/2021,BFM,AL,ASO,CE,Federal Contract Tower,13,4,5,49,71,0,0,0,13,13,13,4,5,62,84,0,150,150,234
01/08/2021,BFM,AL,ASO,CE,Federal Contract Tower,10,7,14,21,52,0,0,0,10,10,10,7,14,31,62,0,112,112,174
01/09/2021,BFM,AL,ASO,CE,Federal Contract Tower,2,2,2,0,6,0,0,8,4,12,2,2,10,4,18,4,30,34,52
01/10/2021,BFM,AL,ASO,CE,Federal Contract Tower,0,0,7,21,28,0,3,9,3,15,0,3,16,24,43,16,0,16,59
01/11/2021,BFM,AL,ASO,CE,Federal Contract Tower,3,3,12,14,32,0,0,0,0,0,3,3,12,14,32,0,0,0,32
01/12/2021,BFM,AL,ASO,CE,Federal Contract Tower,6,5,20,17,48,0,0,0,0,0,6,5,20,17,48,0,0,0,48
01/13/2021,BFM,AL,ASO,CE,Federal Contract Tower,8,6,3,37,54,0,1,12,33,46,8,7,15,70,100,4,178,182,282
01/14/2021,BFM,AL,ASO,CE,Federal Contract Tower,8,7,19,11,45,0,3,6,37,46,8,10,25,48,91,0,178,178,269
01/15/2021,BFM,AL,ASO,CE,Federal Contract Tower,11,6,11,66,94,0,0,8,8,16,11,6,19,74,110,8,60,68,178
01/16/2021,BFM,AL,ASO,CE,Federal Contract Tower,2,2,3,0,7,0,0,22,0,22,2,2,25,0,29,6,0,6,35
01/17/2021,BFM,AL,ASO,CE,Federal Contract Tower,4,0,4,2,10,0,1,1,2,4,4,1,5,4,14,0,0,0,14
01/18/2021,BFM,AL,ASO,CE,Federal Contract Tower,3,3,15,0,21,0,3,23,0,26,3,6,38,0,47,36,16,52,99
01/19/2021,BFM,AL,ASO,CE,Federal Contract Tower,7,9,11,55,82,0,2,19,37,58,7,11,30,92,140,8,266,274,414
01/20/2021,BFM,AL,ASO,CE,Federal Contract Tower,6,5,17,56,84,0,2,7,32,41,6,7,24,88,125,0,158,158,283
01/21/2021,BFM,AL,ASO,CE,Federal Contract Tower,10,5,18,47,80,0,2,14,18,34,10,7,32,65,114,0,144,144,258
01/22/2021,BFM,AL,ASO,CE,Federal Contract Tower,9,10,6,6,31,0,0,1,0,1,9,10,7,6,32,0,0,0,32
01/23/2021,BFM,AL,ASO,CE,Federal Contract Tower,2,2,7,0,11,0,0,11,2,13,2,2,18,2,24,14,8,22,46
01/24/2021,BFM,AL,ASO,CE,Federal Contract Tower,6,0,11,0,17,0,0,1,0,1,6,0,12,0,18,0,0,0,18
01/25/2021,BFM,AL,ASO,CE,Federal Contract Tower,1,10,5,22,38,0,0,0,0,0,1,10,5,22,38,0,0,0,38
01/26/2021,BFM,AL,ASO,CE,Federal Contract Tower,6,4,8,9,27,0,2,0,2,4,6,6,8,11,31,0,2,2,33
01/27/2021,BFM,AL,ASO,CE,Federal Contract Tower,5,4,13,54,76,0,0,3,22,25,5,4,16,76,101,10,164,174,275
01/28/2021,BFM,AL,ASO,CE,Federal Contract Tower,7,11,18,108,144,0,3,8,36,47,7,14,26,144,191,12,122,134,325
01/29/2021,BFM,AL,ASO,CE,Federal Contract Tower,7,6,16,27,56,0,2,14,25,41,7,8,30,52,97,26,122,148,245
01/30/2021,BFM,AL,ASO,CE,Federal Contract Tower,4,2,7,0,13,0,0,14,28,42,4,2,21,28,55,30,160,190,245
01/31/2021,BFM,AL,ASO,CE,Federal Contract Tower,1,13,5,10,29,0,0,5,9,14,1,13,10,19,43,0,48,48,91
02/01/2021,BFM,AL,ASO,CE,Federal Contract Tower,4,2,5,73,84,0,1,5,40,46,4,3,10,113,130,0,102,102,232
02/02/2021,BFM,AL,ASO,CE,Federal Contract Tower,4,4,21,32,61,0,0,20,43,63,4,4,41,75,124,50,220,270,394
02/03/2021,BFM,AL,ASO,CE,Federal Contract Tower,4,6,19,29,58,0,2,16,44,62,4,8,35,73,120,24,206,230,350
02/04/2021,BFM,AL,ASO,CE,Federal Contract Tower,4,4,12,27,47,0,2,5,36,43,4,6,17,63,90,8,188,196,286
02/05/2021,BFM,AL,ASO,CE,Federal Contract Tower,7,3,9,30,49,0,4,0,6,10,7,7,9,36,59,0,38,38,97
02/06/2021,BFM,AL,ASO,CE,Federal Contract Tower,3,2,4,0,9,0,0,0,0,0,3,2,4,0,9,0,0,0,9
02/07/2021,BFM,AL,ASO,CE,Federal Contract Tower,1,0,14,0,15,0,0,13,2,15,1,0,27,2,30,20,6,26,56
02/08/2021,BFM,AL,ASO,CE,Federal Contract Tower,2,0,11,12,25,0,3,14,11,28,2,3,25,23,53,22,86,108,161
02/09/2021,BFM,AL,ASO,CE,Federal Contract Tower,3,2,27,28,60,0,0,4,10,14,3,2,31,38,74,2,96,98,172
02/10/2021,BFM,AL,ASO,CE,Federal Contract Tower,7,6,9,0,22,0,0,1,0,1,7,6,10,0,23,0,0,0,23
02/11/2021,BFM,AL,ASO,CE,Federal Contract Tower,1,0,7,0,8,0,0,0,0,0,1,0,7,0,8,0,0,0,8
02/12/2021,BFM,AL,ASO,CE,Federal Contract Tower,6,3,17,2,28,0,0,0,0,0,6,3,17,2,28,0,0,0,28
02/13/2021,BFM,AL,ASO,CE,Federal Contract Tower,1,3,3,0,7,0,0,0,0,0,1,3,3,0,7,0,0,0,7
02/14/2021,BFM,AL,ASO,CE,Federal Contract Tower,3,0,2,2,7,0,0,2,0,2,3,0,4,2,9,0,0,0,9
02/15/2021,BFM,AL,ASO,CE,Federal Contract Tower,1,4,3,0,8,0,0,0,0,0,1,4,3,0,8,0,0,0,8
02/16/2021,BFM,AL,ASO,CE,Federal Contract Tower,1,5,10,68,84,0,0,10,21,31,1,5,20,89,115,8,180,188,303
02/17/2021,BFM,AL,ASO,CE,Federal Contract Tower,5,6,8,15,34,0,0,5,19,24,5,6,13,34,58,14,118,132,190
02/18/2021,BFM,AL,ASO,CE,Federal Contract Tower,1,5,11,16,33,0,0,0,0,0,1,5,11,16,33,0,0,0,33
02/19/2021,BFM,AL,ASO,CE,Federal Contract Tower,3,4,21,49,77,0,0,3,12,15,3,4,24,61,92,2,70,72,164
02/20/2021,BFM,AL,ASO,CE,Federal Contract Tower,0,1,3,2,6,0,3,10,21,34,0,4,13,23,40,10,140,150,190
02/21/2021,BFM,AL,ASO,CE,Federal Contract Tower,6,4,9,4,23,0,1,21,10,32,6,5,30,14,55,50,70,120,175
02/22/2021,BFM,AL,ASO,CE,Federal Contract Tower,12,3,4,12,31,0,2,0,69,71,12,5,4,81,102,0,336,336,438
02/23/2021,BFM,AL,ASO,CE,Federal Contract Tower,10,4,21,9,44,0,5,20,75,100,10,9,41,84,144,18,344,362,506
02/24/2021,BFM,AL,ASO,CE,Federal Contract Tower,11,4,18,19,52,0,2,12,71,85,11,6,30,90,137,20,474,494,631
02/25/2021,BFM,AL,ASO,CE,Federal Contract Tower,5,2,11,12,30,0,2,11,27,40,5,4,22,39,70,0,218,218,288
02/26/2021,BFM,AL,ASO,CE,Federal Contract Tower,2,4,6,10,22,0,1,2,15,18,2,5,8,25,40,4,100,104,144
02/27/2021,BFM,AL,ASO,CE,Federal Contract Tower,2,0,4,5,11,0,0,1,0,1,2,0,5,5,12,0,0,0,12
02/28/2021,BFM,AL,ASO,CE,Federal Contract Tower,2,0,2,7,11,0,0,5,12,17,2,0,7,19,28,0,24,24,52
03/01/2021,BFM,AL,ASO,CE,Federal Contract Tower,7,2,6,2,17,0,2,0,12,14,7,4,6,14,31,0,86,86,117
03/02/2021,BFM,AL,ASO,CE,Federal Contract Tower,5,4,6,10,25,0,0,0,0,0,5,4,6,10,25,0,12,12,37
03/03/2021,BFM,AL,ASO,CE,Federal Contract Tower,7,4,19,30,60,0,7,11,37,55,7,11,30,67,115,2,256,258,373
03/04/2021,BFM,AL,ASO,CE,Federal Contract Tower,6,5,18,19,48,0,1,36,37,74,6,6,54,56,122,36,298,334,456
03/05/2021,BFM,AL,ASO,CE,Federal Contract Tower,4,6,11,17,38,0,5,12,68,85,4,11,23,85,123,10,278,288,411
03/06/2021,BFM,AL,ASO,CE,Federal Contract Tower,2,2,7,2,13,0,0,11,13,24,2,2,18,15,37,4,56,60,97
03/07/2021,BFM,AL,ASO,CE,Federal Contract Tower,4,4,16,6,30,0,0,32,6,38,4,4,48,12,68,20,44,64,132
03/08/2021,BFM,AL,ASO,CE,Federal Contract Tower,3,2,15,25,45,0,3,13,40,56,3,5,28,65,101,14,254,268,369
03/09/2021,BFM,AL,ASO,CE,Federal Contract Tower,8,4,19,11,42,0,3,19,43,65,8,7,38,54,107,18,252,270,377
03/10/2021,BFM,AL,ASO,CE,Federal Contract Tower,8,4,10,12,34,0,2,27,47,76,8,6,37,59,110,40,282,322,432
03/11/2021,BFM,AL,ASO,CE,Federal Contract Tower,8,6,19,19,52,0,2,29,39,70,8,8,48,58,122,48,234,282,404
03/12/2021,BFM,AL,ASO,CE,Federal Contract Tower,5,2,10,17,34,0,2,14,20,36,5,4,24,37,70,40,180,220,290
03/13/2021,BFM,AL,ASO,CE,Federal Contract Tower,2,0,11,13,26,0,0,9,11,20,2,0,20,24,46,22,16,38,84
03/14/2021,BFM,AL,ASO,CE,Federal Contract Tower,1,0,8,18,27,0,1,5,1,7,1,1,13,19,34,12,10,22,56
03/15/2021,BFM,AL,ASO,CE,Federal Contract Tower,3,3,15,30,51,0,0,0,4,4,3,3,15,34,55,0,22,22,77
03/16/2021,BFM,AL,ASO,CE,Federal Contract Tower,7,4,11,6,28,0,1,6,28,35,7,5,17,34,63,10,164,174,237
03/17/2021,BFM,AL,ASO,CE,Federal Contract Tower,5,2,8,2,17,0,0,0,0,0,5,2,8,2,17,0,0,0,17
03/18/2021,BFM,AL,ASO,CE,Federal Contract Tower,11,6,7,10,34,0,2,8,41,51,11,8,15,51,85,20,176,196,281
03/19/2021,BFM,AL,ASO,CE,Federal Contract Tower,6,6,15,29,56,0,1,14,31,46,6,7,29,60,102,34,218,252,354
03/20/2021,BFM,AL,ASO,CE,Federal Contract Tower,7,2,5,4,18,0,1,9,7,17,7,3,14,11,35,0,42,42,77
03/21/2021,BFM,AL,ASO,CE,Federal Contract Tower,5,0,3,3,11,0,0,25,12,37,5,0,28,15,48,20,40,60,108
03/22/2021,BFM,AL,ASO,CE,Federal Contract Tower,3,2,8,21,34,0,1,9,71,81,3,3,17,92,115,0,454,454,569
03/23/2021,BFM,AL,ASO,CE,Federal Contract Tower,8,8,10,5,31,0,2,2,16,20,8,10,12,21,51,0,92,92,143
03/24/2021,BFM,AL,ASO,CE,Federal Contract Tower,10,9,9,2,30,0,0,0,16,16,10,9,9,18,46,0,112,112,158
03/25/2021,BFM,AL,ASO,CE,Federal Contract Tower,7,5,11,5,28,0,0,0,9,9,7,5,11,14,37,0,82,82,119
03/26/2021,BFM,AL,ASO,CE,Federal Contract Tower,10,7,6,2,25,0,1,0,0,1,10,8,6,2,26,0,12,12,38
03/27/2021,BFM,AL,ASO,CE,Federal Contract Tower,4,0,6,8,18,0,0,0,0,0,4,0,6,8,18,0,0,0,18
03/28/2021,BFM,AL,ASO,CE,Federal Contract Tower,0,4,11,1,16,0,2,2,5,9,0,6,13,6,25,0,20,20,45
03/29/2021,BFM,AL,ASO,CE,Federal Contract Tower,3,2,11,21,37,0,3,16,47,66,3,5,27,68,103,8,236,244,347
03/30/2021,BFM,AL,ASO,CE,Federal Contract Tower,8,6,5,9,28,0,2,6,37,45,8,8,11,46,73,16,166,182,255
03/31/2021,BFM,AL,ASO,CE,Federal Contract Tower,5,5,11,6,27,0,0,2,11,13,5,5,13,17,40,0,48,48,88
04/01/2021,BFM,AL,ASO,CE,Federal Contract Tower,6,2,20,31,59,0,2,11,25,38,6,4,31,56,97,2,138,140,237
04/02/2021,BFM,AL,ASO,CE,Federal Contract Tower,6,5,14,2,27,0,1,28,22,51,6,6,42,24,78,0,138,138,216
04/03/2021,BFM,AL,ASO,CE,Federal Contract Tower,2,2,18,0,22,0,1,14,0,15,2,3,32,0,37,4,0,4,41
04/04/2021,BFM,AL,ASO,CE,Federal Contract Tower,0,0,12,0,12,0,2,9,0,11,0,2,21,0,23,2,0,2,25
04/05/2021,BFM,AL,ASO,CE,Federal Contract Tower,3,4,10,10,27,0,2,18,71,91,3,6,28,81,118,36,338,374,492
04/06/2021,BFM,AL,ASO,CE,Federal Contract Tower,13,2,12,13,40,0,0,11,59,70,13,2,23,72,110,4,326,330,440
04/07/2021,BFM,AL,ASO,CE,Federal Contract Tower,11,2,24,18,55,0,0,5,51,56,11,2,29,69,111,12,244,256,367
04/08/2021,BFM,AL,ASO,CE,Federal Contract Tower,8,3,14,22,47,0,2,12,33,47,8,5,26,55,94,24,192,216,310
04/09/2021,BFM,AL,ASO,CE,Federal Contract Tower,7,5,11,4,27,0,1,0,6,7,7,6,11,10,34,0,40,40,74
04/10/2021,BFM,AL,ASO,CE,Federal Contract Tower,2,0,6,0,8,0,0,3,8,11,2,0,9,8,19,2,28,30,49
04/11/2021,BFM,AL,ASO,CE,Federal Contract Tower,0,4,9,0,13,0,6,26,0,32,0,10,35,0,45,56,0,56,101
04/12/2021,BFM,AL,ASO,CE,Federal Contract Tower,3,5,14,21,43,0,3,21,35,59,3,8,35,56,102,8,178,186,288
04/13/2021,BFM,AL,ASO,CE,Federal Contract Tower,7,6,16,11,40,0,5,12,33,50,7,11,28,44,90,0,260,260,350
04/14/2021,BFM,AL,ASO,CE,Federal Contract Tower,9,6,20,0,35,0,1,6,19,26,9,7,26,19,61,0,116,116,177
04/15/2021,BFM,AL,ASO,CE,Federal Contract Tower,5,2,10,6,23,0,0,0,3,3,5,2,10,9,26,0,38,38,64
04/16/2021,BFM,AL,ASO,CE,Federal Contract Tower,4,6,14,2,26,0,3,1,63,67,4,9,15,65,93,0,270,270,363
04/17/2021,BFM,AL,ASO,CE,Federal Contract Tower,3,2,5,0,10,0,0,1,0,1,3,2,6,0,11,0,0,0,11
04/18/2021,BFM,AL,ASO,CE,Federal Contract Tower,4,0,15,1,20,0,2,18,0,20,4,2,33,1,40,30,0,30,70
04/19/2021,BFM,AL,ASO,CE,Federal Contract Tower,5,5,10,36,56,0,5,15,55,75,5,10,25,91,131,8,238,246,377
04/20/2021,BFM,AL,ASO,CE,Federal Contract Tower,10,10,24,21,65,0,6,16,47,69,10,16,40,68,134,0,326,326,460
04/21/2021,BFM,AL,ASO,CE,Federal Contract Tower,4,10,12,61,87,0,3,14,38,55,4,13,26,99,142,28,180,208,350
04/22/2021,BFM,AL,ASO,CE,Federal Contract Tower,11,4,19,18,52,0,4,22,1,27,11,8,41,19,79,0,138,138,217
04/23/2021,BFM,AL,ASO,CE,Federal Contract Tower,5,8,11,19,43,0,2,16,23,41,5,10,27,42,84,36,226,262,346
04/24/2021,BFM,AL,ASO,CE,Federal Contract Tower,3,2,1,0,6,0,0,0,0,0,3,2,1,0,6,0,0,0,6
04/25/2021,BFM,AL,ASO,CE,Federal Contract Tower,0,0,10,8,18,0,5,14,14,33,0,5,24,22,51,10,42,52,103
04/26/2021,BFM,AL,ASO,CE,Federal Contract Tower,2,4,22,29,57,0,1,16,44,61,2,5,38,73,118,24,248,272,390
04/27/2021,BFM,AL,ASO,CE,Federal Contract Tower,5,3,20,22,50,0,1,7,33,41,5,4,27,55,91,4,128,132,223
04/28/2021,BFM,AL,ASO,CE,Federal Contract Tower,5,12,21,19,57,0,5,11,42,58,5,17,32,61,115,8,170,178,293
04/29/2021,BFM,AL,ASO,CE,Federal Contract Tower,7,8,20,37,72,0,2,5,25,32,7,10,25,62,104,0,148,148,252
04/30/2021,BFM,AL,ASO,CE,Federal Contract Tower,6,6,13,24,49,0,0,1,4,5,6,6,14,28,54,0,54,54,108
05/01/2021,BFM,AL,ASO,CE,Federal Contract Tower,2,2,4,10,18,0,1,11,1,13,2,3,15,11,31,26,28,54,85
05/02/2021,BFM,AL,ASO,CE,Federal Contract Tower,0,1,3,4,8,0,0,2,0,2,0,1,5,4,10,20,0,20,30
05/03/2021,BFM,AL,ASO,CE,Federal Contract Tower,8,4,11,6,29,0,0,2,0,2,8,4,13,6,31,12,0,12,43
05/04/2021,BFM,AL,ASO,CE,Federal Contract Tower,9,1,11,25,46,0,2,1,5,8,9,3,12,30,54,0,8,8,62
05/05/2021,BFM,AL,ASO,CE,Federal Contract Tower,9,5,12,2,28,0,0,1,0,1,9,5,13,2,29,0,0,0,29
05/06/2021,BFM,AL,ASO,CE,Federal Contract Tower,11,7,23,17,58,0,0,14,27,41,11,7,37,44,99,8,152,160,259
05/07/2021,BFM,AL,ASO,CE,Federal Contract Tower,11,8,10,22,51,0,2,25,30,57,11,10,35,52,108,22,114,136,244
05/08/2021,BFM,AL,ASO,CE,Federal Contract Tower,2,3,7,0,12,0,0,19,14,33,2,3,26,14,45,10,46,56,101
05/09/2021,BFM,AL,ASO,CE,Federal Contract Tower,2,0,3,0,5,0,1,7,0,8,2,1,10,0,13,40,0,40,53
05/10/2021,BFM,AL,ASO,CE,Federal Contract Tower,3,5,4,14,26,0,0,3,9,12,3,5,7,23,38,6,42,48,86
05/11/2021,BFM,AL,ASO,CE,Federal Contract Tower,5,2,14,1,22,0,2,12,6,20,5,4,26,7,42,0,26,26,68
05/12/2021,BFM,AL,ASO,CE,Federal Contract Tower,6,6,9,12,33,0,1,3,33,37,6,7,12,45,70,0,152,152,222
05/13/2021,BFM,AL,ASO,CE,Federal Contract Tower,5,6,21,15,47,0,0,7,35,42,5,6,28,50,89,20,250,270,359
05/14/2021,BFM,AL,ASO,CE,Federal Contract Tower,6,4,12,4,26,0,5,17,26,48,6,9,29,30,74,6,98,104,178
05/15/2021,BFM,AL,ASO,CE,Federal Contract Tower,4,2,6,2,14,0,1,13,8,22,4,3,19,10,36,24,36,60,96
05/16/2021,BFM,AL,ASO,CE,Federal Contract Tower,2,2,10,4,18,0,11,11,2,24,2,13,21,6,42,18,6,24,66
05/17/2021,BFM,AL,ASO,CE,Federal Contract Tower,5,6,14,16,41,0,2,8,44,54,5,8,22,60,95,0,258,258,353
05/18/2021,BFM,AL,ASO,CE,Federal Contract Tower,8,10,25,17,60,0,7,7,2,16,8,17,32,19,76,0,72,72,148
05/19/2021,BFM,AL,ASO,CE,Federal Contract Tower,10,6,17,5,38,0,0,6,8,14,10,6,23,13,52,0,40,40,92
05/20/2021,BFM,AL,ASO,CE,Federal Contract Tower,12,2,13,10,37,0,9,4,15,28,12,11,17,25,65,0,60,60,125
05/21/2021,BFM,AL,ASO,CE,Federal Contract Tower,5,9,16,15,45,0,6,11,14,31,5,15,27,29,76,32,62,94,170
05/22/2021,BFM,AL,ASO,CE,Federal Contract Tower,5,2,9,1,17,0,1,13,7,21,5,3,22,8,38,18,50,68,106
05/23/2021,BFM,AL,ASO,CE,Federal Contract Tower,1,1,11,0,13,0,0,17,7,24,1,1,28,7,37,36,34,70,107
05/24/2021,BFM,AL,ASO,CE,Federal Contract Tower,6,2,19,8,35,0,4,15,30,49,6,6,34,38,84,46,178,224,308
05/25/2021,BFM,AL,ASO,CE,Federal Contract Tower,8,6,10,3,27,0,2,18,35,55,8,8,28,38,82,44,182,226,308
05/26/2021,BFM,AL,ASO,CE,Federal Contract Tower,7,5,15,23,50,0,1,13,39,53,7,6,28,62,103,0,190,190,293
05/27/2021,BFM,AL,ASO,CE,Federal Contract Tower,8,3,12,13,36,0,2,18,42,62,8,5,30,55,98,8,214,222,320
05/28/2021,BFM,AL,ASO,CE,Federal Contract Tower,8,6,8,7,29,0,0,7,2,9,8,6,15,9,38,20,50,70,108
05/29/2021,BFM,AL,ASO,CE,Federal Contract Tower,2,2,2,0,6,0,3,9,0,12,2,5,11,0,18,6,0,6,24
05/30/2021,BFM,AL,ASO,CE,Federal Contract Tower,1,2,1,1,5,0,2,10,1,13,1,4,11,2,18,6,0,6,24
05/31/2021,BFM,AL,ASO,CE,Federal Contract Tower,0,0,4,0,4,0,5,11,0,16,0,5,15,0,20,4,0,4,24
06/01/2021,BFM,AL,ASO,CE,Federal Contract Tower,2,3,19,3,27,0,0,12,16,28,2,3,31,19,55,12,80,92,147
06/02/2021,BFM,AL,ASO,CE,Federal Contract Tower,7,7,16,11,41,0,4,20,29,53,7,11,36,40,94,14,86,100,194
06/03/2021,BFM,AL,ASO,CE,Federal Contract Tower,4,4,13,4,25,0,1,18,18,37,4,5,31,22,62,0,72,72,134
06/04/2021,BFM,AL,ASO,CE,Federal Contract Tower,7,5,5,27,44,0,2,12,24,38,7,7,17,51,82,2,96,98,180
06/05/2021,BFM,AL,ASO,CE,Federal Contract Tower,5,2,8,3,18,0,0,5,1,6,5,2,13,4,24,0,0,0,24
06/06/2021,BFM,AL,ASO,CE,Federal Contract Tower,0,1,2,6,9,0,1,2,0,3,0,2,4,6,12,0,6,6,18
06/07/2021,BFM,AL,ASO,CE,Federal Contract Tower,6,4,17,7,34,0,0,4,34,38,6,4,21,41,72,6,130,136,208
06/08/2021,BFM,AL,ASO,CE,Federal Contract Tower,4,5,15,10,34,0,0,11,11,22,4,5,26,21,56,8,72,80,136
06/09/2021,BFM,AL,ASO,CE,Federal Contract Tower,6,7,12,0,25,0,3,6,9,18,6,10,18,9,43,16,44,60,103
06/10/2021,BFM,AL,ASO,CE,Federal Contract Tower,9,5,22,18,54,0,1,4,21,26,9,6,26,39,80,30,124,154,234
06/11/2021,BFM,AL,ASO,CE,Federal Contract Tower,9,4,1,14,28,0,1,13,36,50,9,5,14,50,78,0,200,200,278
06/12/2021,BFM,AL,ASO,CE,Federal Contract Tower,2,2,0,2,6,0,0,10,14,24,2,2,10,16,30,10,38,48,78
06/13/2021,BFM,AL,ASO,CE,Federal Contract Tower,0,0,4,0,4,0,0,4,0,4,0,0,8,0,8,18,0,18,26
06/14/2021,BFM,AL,ASO,CE,Federal Contract Tower,3,5,9,9,26,0,3,11,38,52,3,8,20,47,78,6,178,184,262
06/15/2021,BFM,AL,ASO,CE,Federal Contract Tower,3,8,19,10,40,0,1,21,18,40,3,9,40,28,80,2,58,60,140
06/16/2021,BFM,AL,ASO,CE,Federal Contract Tower,6,5,9,29,49,0,1,21,30,52,6,6,30,59,101,6,128,134,235
06/17/2021,BFM,AL,ASO,CE,Federal Contract Tower,11,4,17,11,43,0,7,15,28,50,11,11,32,39,93,6,120,126,219
06/18/2021,BFM,AL,ASO,CE,Federal Contract Tower,5,3,18,6,32,0,0,4,2,6,5,3,22,8,38,0,22,22,60
06/19/2021,BFM,AL,ASO,CE,Federal Contract Tower,4,0,0,0,4,0,0,1,0,1,4,0,1,0,5,0,0,0,5
06/20/2021,BFM,AL,ASO,CE,Federal Contract Tower,1,4,6,0,11,0,0,6,2,8,1,4,12,2,19,10,2,12,31
06/21/2021,BFM,AL,ASO,CE,Federal Contract Tower,3,3,9,8,23,0,0,5,9,14,3,3,14,17,37,8,20,28,65
06/22/2021,BFM,AL,ASO,CE,Federal Contract Tower,9,7,10,7,33,0,0,4,6,10,9,7,14,13,43,6,30,36,79
06/23/2021,BFM,AL,ASO,CE,Federal Contract Tower,7,4,29,4,44,0,3,5,34,42,7,7,34,38,86,0,124,124,210
06/24/2021,BFM,AL,ASO,CE,Federal Contract Tower,7,4,9,6,26,0,7,11,35,53,7,11,20,41,79,12,142,154,233
06/25/2021,BFM,AL,ASO,CE,Federal Contract Tower,7,7,6,2,22,0,0,4,12,16,7,7,10,14,38,0,54,54,92
06/26/2021,BFM,AL,ASO,CE,Federal Contract Tower,2,5,3,0,10,0,1,10,4,15,2,6,13,4,25,10,16,26,51
06/27/2021,BFM,AL,ASO,CE,Federal Contract Tower,1,4,9,4,18,0,0,4,0,4,1,4,13,4,22,0,0,0,22
06/28/2021,BFM,AL,ASO,CE,Federal Contract Tower,5,3,12,8,28,0,6,9,31,46,5,9,21,39,74,4,170,174,248
06/29/2021,BFM,AL,ASO,CE,Federal Contract Tower,7,4,16,13,40,0,1,13,42,56,7,5,29,55,96,10,186,196,292
06/30/2021,BFM,AL,ASO,CE,Federal Contract Tower,8,6,26,14,54,0,1,17,33,51,8,7,43,47,105,10,112,122,227
07/01/2021,BFM,AL,ASO,CE,Federal Contract Tower,5,9,8,25,47,0,1,4,18,23,5,10,12,43,70,4,78,82,152
07/02/2021,BFM,AL,ASO,CE,Federal Contract Tower,8,5,6,0,19,0,0,5,2,7,8,5,11,2,26,4,0,4,30
07/03/2021,BFM,AL,ASO,CE,Federal Contract Tower,4,10,4,0,18,0,1,4,0,5,4,11,8,0,23,12,0,12,35
07/04/2021,BFM,AL,ASO,CE,Federal Contract Tower,1,1,5,0,7,0,0,3,0,3,1,1,8,0,10,0,0,0,10
07/05/2021,BFM,AL,ASO,CE,Federal Contract Tower,0,3,6,0,9,0,1,2,0,3,0,4,8,0,12,0,0,0,12
07/06/2021,BFM,AL,ASO,CE,Federal Contract Tower,2,3,18,11,34,0,2,3,5,10,2,5,21,16,44,0,30,30,74
07/07/2021,BFM,AL,ASO,CE,Federal Contract Tower,6,8,11,11,36,0,2,11,25,38,6,10,22,36,74,0,90,90,164
07/08/2021,BFM,AL,ASO,CE,Federal Contract Tower,4,3,17,48,72,0,6,14,39,59,4,9,31,87,131,16,182,198,329
07/09/2021,BFM,AL,ASO,CE,Federal Contract Tower,6,7,12,19,44,0,0,6,14,20,6,7,18,33,64,6,64,70,134
07/10/2021,BFM,AL,ASO,CE,Federal Contract Tower,3,2,4,0,9,0,0,11,0,11,3,2,15,0,20,0,0,0,20
07/11/2021,BFM,AL,ASO,CE,Federal Contract Tower,1,0,5,11,17,0,0,11,3,14,1,0,16,14,31,6,0,6,37
07/12/2021,BFM,AL,ASO,CE,Federal Contract Tower,7,2,9,4,22,0,0,14,22,36,7,2,23,26,58,16,66,82,140
07/13/2021,BFM,AL,ASO,CE,Federal Contract Tower,6,6,14,4,30,0,2,15,25,42,6,8,29,29,72,10,88,98,170
07/14/2021,BFM,AL,ASO,CE,Federal Contract Tower,4,5,17,15,41,0,2,12,37,51,4,7,29,52,92,30,144,174,266
07/15/2021,BFM,AL,ASO,CE,Federal Contract Tower,9,7,16,7,39,0,7,14,36,57,9,14,30,43,96,12,164,176,272
07/16/2021,BFM,AL,ASO,CE,Federal Contract Tower,7,0,17,7,31,0,0,2,10,12,7,0,19,17,43,10,28,38,81
07/17/2021,BFM,AL,ASO,CE,Federal Contract Tower,2,2,10,0,14,0,0,5,0,5,2,2,15,0,19,28,0,28,47
07/18/2021,BFM,AL,ASO,CE,Federal Contract Tower,1,2,9,1,13,0,2,2,1,5,1,4,11,2,18,0,0,0,18
07/19/2021,BFM,AL,ASO,CE,Federal Contract Tower,2,4,8,2,16,0,0,4,15,19,2,4,12,17,35,0,38,38,73
07/20/2021,BFM,AL,ASO,CE,Federal Contract Tower,5,2,13,4,24,0,2,7,14,23,5,4,20,18,47,6,88,94,141
07/21/2021,BFM,AL,ASO,CE,Federal Contract Tower,7,6,10,11,34,0,0,9,28,37,7,6,19,39,71,30,136,166,237
07/22/2021,BFM,AL,ASO,CE,Federal Contract Tower,4,4,11,9,28,0,3,6,29,38,4,7,17,38,66,16,140,156,222
07/23/2021,BFM,AL,ASO,CE,Federal Contract Tower,5,2,14,4,25,0,0,14,20,34,5,2,28,24,59,14,140,154,213
07/24/2021,BFM,AL,ASO,CE,Federal Contract Tower,2,3,4,0,9,0,3,17,3,23,2,6,21,3,32,22,2,24,56
07/25/2021,BFM,AL,ASO,CE,Federal Contract Tower,0,1,5,0,6,0,0,10,1,11,0,1,15,1,17,0,0,0,17
07/26/2021,BFM,AL,ASO,CE,Federal Contract Tower,5,2,16,0,23,0,4,15,44,63,5,6,31,44,86,18,146,164,250
07/27/2021,BFM,AL,ASO,CE,Federal Contract Tower,5,2,17,4,28,0,6,9,26,41,5,8,26,30,69,14,162,176,245
07/28/2021,BFM,AL,ASO,CE,Federal Contract Tower,6,4,5,6,21,0,0,4,13,17,6,4,9,19,38,4,88,92,130
07/29/2021,BFM,AL,ASO,CE,Federal Contract Tower,6,3,6,2,17,0,1,16,20,37,6,4,22,22,54,34,64,98,152
07/30/2021,BFM,AL,ASO,CE,Federal Contract Tower,9,6,14,9,38,0,0,4,31,35,9,6,18,40,73,16,174,190,263
07/31/2021,BFM,AL,ASO,CE,Federal Contract Tower,2,0,7,0,9,0,0,13,2,15,2,0,20,2,24,38,0,38,62
08/01/2021,BFM,AL,ASO,CE,Federal Contract Tower,3,2,9,12,26,0,0,11,2,13,3,2,20,14,39,18,6,24,63
08/02/2021,BFM,AL,ASO,CE,Federal Contract Tower,3,0,12,9,24,0,0,6,3,9,3,0,18,12,33,6,26,32,65
08/03/2021,BFM,AL,ASO,CE,Federal Contract Tower,4,6,6,3,19,0,0,4,13,17,4,6,10,16,36,6,44,50,86
08/04/2021,BFM,AL,ASO,CE,Federal Contract Tower,12,0,6,4,22,0,5,18,26,49,12,5,24,30,71,4,156,160,231
08/05/2021,BFM,AL,ASO,CE,Federal Contract Tower,6,2,13,10,31,0,1,18,36,55,6,3,31,46,86,26,266,292,378
08/06/2021,BFM,AL,ASO,CE,Federal Contract Tower,4,5,6,6,21,1,0,0,0,1,5,5,6,6,22,10,116,126,148
08/07/2021,BFM,AL,ASO,CE,Federal Contract Tower,2,4,5,2,13,0,0,11,6,17,2,4,16,8,30,24,38,62,92
08/08/2021,BFM,AL,ASO,CE,Federal Contract Tower,0,1,0,6,7,0,0,12,2,14,0,1,12,8,21,14,6,20,41
08/09/2021,BFM,AL,ASO,CE,Federal Contract Tower,3,1,6,11,21,0,4,16,41,61,3,5,22,52,82,0,164,164,246
08/10/2021,BFM,AL,ASO,CE,Federal Contract Tower,5,2,6,11,24,0,2,4,36,42,5,4,10,47,66,0,216,216,282
08/11/2021,BFM,AL,ASO,CE,Federal Contract Tower,5,3,12,20,40,0,1,6,25,32,5,4,18,45,72,12,118,130,202
08/12/2021,BFM,AL,ASO,CE,Federal Contract Tower,6,2,16,1,25,0,1,5,17,23,6,3,21,18,48,4,84,88,136
08/13/2021,BFM,AL,ASO,CE,Federal Contract Tower,9,0,13,4,26,0,1,5,29,35,9,1,18,33,61,0,144,144,205
08/14/2021,BFM,AL,ASO,CE,Federal Contract Tower,3,2,3,1,9,0,0,7,0,7,3,2,10,1,16,20,0,20,36
08/15/2021,BFM,AL,ASO,CE,Federal Contract Tower,1,2,9,4,16,0,0,2,0,2,1,2,11,4,18,0,0,0,18
08/16/2021,BFM,AL,ASO,CE,Federal Contract Tower,4,0,3,0,7,0,2,6,8,16,4,2,9,8,23,0,110,110,133
08/17/2021,BFM,AL,ASO,CE,Federal Contract Tower,8,2,12,7,29,0,0,15,29,44,8,2,27,36,73,0,128,128,201
08/18/2021,BFM,AL,ASO,CE,Federal Contract Tower,7,4,18,2,31,0,2,14,35,51,7,6,32,37,82,6,220,226,308
08/19/2021,BFM,AL,ASO,CE,Federal Contract Tower,5,5,9,3,22,0,0,19,43,62,5,5,28,46,84,0,198,198,282
08/20/2021,BFM,AL,ASO,CE,Federal Contract Tower,3,4,14,0,21,0,0,6,10,16,3,4,20,10,37,6,96,102,139
08/21/2021,BFM,AL,ASO,CE,Federal Contract Tower,5,3,4,0,12,0,0,10,0,10,5,3,14,0,22,8,0,8,30
08/22/2021,BFM,AL,ASO,CE,Federal Contract Tower,3,1,5,0,9,0,0,14,0,14,3,1,19,0,23,4,0,4,27
08/23/2021,BFM,AL,ASO,CE,Federal Contract Tower,7,3,4,4,18,0,0,2,25,27,7,3,6,29,45,0,110,110,155
08/24/2021,BFM,AL,ASO,CE,Federal Contract Tower,8,5,13,2,28,0,1,1,26,28,8,6,14,28,56,0,110,110,166
08/25/2021,BFM,AL,ASO,CE,Federal Contract Tower,11,2,5,3,21,0,3,10,13,26,11,5,15,16,47,0,112,112,159
08/26/2021,BFM,AL,ASO,CE,Federal Contract Tower,6,4,9,0,19,0,2,14,23,39,6,6,23,23,58,0,116,116,174
08/27/2021,BFM,AL,ASO,CE,Federal Contract Tower,5,3,9,2,19,0,1,9,13,23,5,4,18,15,42,28,42,70,112
08/28/2021,BFM,AL,ASO,CE,Federal Contract Tower,5,3,5,0,13,0,0,2,0,2,5,3,7,0,15,0,0,0,15
08/29/2021,BFM,AL,ASO,CE,Federal Contract Tower,0,0,0,0,0,0,0,0,0,0,0,0,0,0,0,0,0,0,0
08/30/2021,BFM,AL,ASO,CE,Federal Contract Tower,2,0,1,0,3,0,0,1,0,1,2,0,2,0,4,0,0,0,4
08/31/2021,BFM,AL,ASO,CE,Federal Contract Tower,9,2,11,2,24,0,1,10,11,22,9,3,21,13,46,0,48,48,94
09/01/2021,BFM,AL,ASO,CE,Federal Contract Tower,4,2,14,7,27,0,0,14,40,54,4,2,28,47,81,4,172,176,257
09/02/2021,BFM,AL,ASO,CE,Federal Contract Tower,7,5,8,2,22,0,4,15,34,53,7,9,23,36,75,0,192,192,267
09/03/2021,BFM,AL,ASO,CE,Federal Contract Tower,7,4,10,0,21,0,7,30,7,44,7,11,40,7,65,24,58,82,147
09/04/2021,BFM,AL,ASO,CE,Federal Contract Tower,2,2,3,0,7,0,4,11,0,15,2,6,14,0,22,14,0,14,36
09/05/2021,BFM,AL,ASO,CE,Federal Contract Tower,1,2,7,0,10,0,2,14,0,16,1,4,21,0,26,14,0,14,40
09/06/2021,BFM,AL,ASO,CE,Federal Contract Tower,0,1,9,0,10,0,0,9,0,9,0,1,18,0,19,8,0,8,27
09/07/2021,BFM,AL,ASO,CE,Federal Contract Tower,0,3,9,15,27,0,5,1,29,35,0,8,10,44,62,0,100,100,162
09/08/2021,BFM,AL,ASO,CE,Federal Contract Tower,8,5,13,4,30,0,2,5,12,19,8,7,18,16,49,0,52,52,101
09/09/2021,BFM,AL,ASO,CE,Federal Contract Tower,9,2,18,3,32,0,8,8,40,56,9,10,26,43,88,8,170,178,266
09/10/2021,BFM,AL,ASO,CE,Federal Contract Tower,11,2,11,8,32,0,1,20,24,45,11,3,31,32,77,6,88,94,171
09/11/2021,BFM,AL,ASO,CE,Federal Contract Tower,5,6,5,0,16,0,0,18,6,24,5,6,23,6,40,20,26,46,86
09/12/2021,BFM,AL,ASO,CE,Federal Contract Tower,4,0,3,0,7,0,0,9,0,9,4,0,12,0,16,16,0,16,32
09/13/2021,BFM,AL,ASO,CE,Federal Contract Tower,1,2,6,2,11,0,1,2,27,30,1,3,8,29,41,0,148,148,189
09/14/2021,BFM,AL,ASO,CE,Federal Contract Tower,3,0,17,6,26,0,1,2,21,24,3,1,19,27,50,0,98,98,148
09/15/2021,BFM,AL,ASO,CE,Federal Contract Tower,4,4,16,0,24,0,0,0,0,0,4,4,16,0,24,0,0,0,24
09/16/2021,BFM,AL,ASO,CE,Federal Contract Tower,13,5,9,0,27,0,0,4,10,14,13,5,13,10,41,6,28,34,75
09/17/2021,BFM,AL,ASO,CE,Federal Contract Tower,7,10,12,8,37,0,0,1,20,21,7,10,13,28,58,0,78,78,136
09/19/2021,BFM,AL,ASO,CE,Federal Contract Tower,0,1,10,0,11,0,4,3,0,7,0,5,13,0,18,0,0,0,18
09/20/2021,BFM,AL,ASO,CE,Federal Contract Tower,3,2,4,13,22,0,3,6,21,30,3,5,10,34,52,0,100,100,152
09/21/2021,BFM,AL,ASO,CE,Federal Contract Tower,6,2,14,2,24,0,4,7,10,21,6,6,21,12,45,0,52,52,97
09/22/2021,BFM,AL,ASO,CE,Federal Contract Tower,6,2,17,10,35,0,4,9,20,33,6,6,26,30,68,4,96,100,168
09/23/2021,BFM,AL,ASO,CE,Federal Contract Tower,6,6,19,2,33,0,1,23,24,48,6,7,42,26,81,6,82,88,169
09/24/2021,BFM,AL,ASO,CE,Federal Contract Tower,7,2,7,5,21,0,3,12,20,35,7,5,19,25,56,0,90,90,146
09/25/2021,BFM,AL,ASO,CE,Federal Contract Tower,3,3,4,4,14,0,1,20,0,21,3,4,24,4,35,8,8,16,51
09/26/2021,BFM,AL,ASO,CE,Federal Contract Tower,1,1,5,2,9,0,1,18,0,19,1,2,23,2,28,6,0,6,34
09/27/2021,BFM,AL,ASO,CE,Federal Contract Tower,6,2,17,11,36,0,2,19,31,52,6,4,36,42,88,2,132,134,222
09/28/2021,BFM,AL,ASO,CE,Federal Contract Tower,4,6,10,14,34,0,4,5,19,28,4,10,15,33,62,0,94,94,156
09/29/2021,BFM,AL,ASO,CE,Federal Contract Tower,3,3,15,0,21,0,0,7,16,23,3,3,22,16,44,0,78,78,122
09/30/2021,BFM,AL,ASO,CE,Federal Contract Tower,5,7,16,17,45,0,3,4,43,50,5,10,20,60,95,0,176,176,271
10/01/2021,BFM,AL,ASO,CE,Federal Contract Tower,8,2,17,14,41,0,2,19,27,48,8,4,36,41,89,10,142,152,241
10/02/2021,BFM,AL,ASO,CE,Federal Contract Tower,2,2,9,0,13,0,0,15,2,17,2,2,24,2,30,0,6,6,36
10/03/2021,BFM,AL,ASO,CE,Federal Contract Tower,2,0,13,0,15,0,0,2,2,4,2,0,15,2,19,0,2,2,21
10/04/2021,BFM,AL,ASO,CE,Federal Contract Tower,4,1,8,25,38,0,0,0,4,4,4,1,8,29,42,0,32,32,74
10/05/2021,BFM,AL,ASO,CE,Federal Contract Tower,4,6,20,1,31,0,0,4,1,5,4,6,24,2,36,0,0,0,36
10/06/2021,BFM,AL,ASO,CE,Federal Contract Tower,10,2,20,11,43,0,2,4,19,25,10,4,24,30,68,0,60,60,128
10/07/2021,BFM,AL,ASO,CE,Federal Contract Tower,8,0,10,4,22,0,0,6,24,30,8,0,16,28,52,0,96,96,148
10/08/2021,BFM,AL,ASO,CE,Federal Contract Tower,8,7,10,7,32,0,0,14,16,30,8,7,24,23,62,0,66,66,128
10/09/2021,BFM,AL,ASO,CE,Federal Contract Tower,7,2,3,2,14,0,4,12,0,16,7,6,15,2,30,4,0,4,34
10/10/2021,BFM,AL,ASO,CE,Federal Contract Tower,0,0,9,2,11,0,2,13,3,18,0,2,22,5,29,24,12,36,65
10/11/2021,BFM,AL,ASO,CE,Federal Contract Tower,5,2,10,0,17,0,2,14,2,18,5,4,24,2,35,6,12,18,53
10/12/2021,BFM,AL,ASO,CE,Federal Contract Tower,6,4,20,12,42,0,2,33,42,77,6,6,53,54,119,0,224,224,343
10/13/2021,BFM,AL,ASO,CE,Federal Contract Tower,7,6,15,23,51,0,3,28,31,62,7,9,43,54,113,22,152,174,287
10/14/2021,BFM,AL,ASO,CE,Federal Contract Tower,4,5,20,14,43,0,1,23,30,54,4,6,43,44,97,14,98,112,209
10/15/2021,BFM,AL,ASO,CE,Federal Contract Tower,9,4,15,14,42,0,0,4,12,16,9,4,19,26,58,0,44,44,102
10/16/2021,BFM,AL,ASO,CE,Federal Contract Tower,2,5,4,1,12,0,0,1,5,6,2,5,5,6,18,0,6,6,24
10/17/2021,BFM,AL,ASO,CE,Federal Contract Tower,4,1,9,6,20,0,1,9,9,19,4,2,18,15,39,8,24,32,71
10/18/2021,BFM,AL,ASO,CE,Federal Contract Tower,4,0,16,11,31,0,2,12,23,37,4,2,28,34,68,0,150,150,218
10/19/2021,BFM,AL,ASO,CE,Federal Contract Tower,7,2,12,14,35,0,4,13,19,36,7,6,25,33,71,0,104,104,175
10/20/2021,BFM,AL,ASO,CE,Federal Contract Tower,7,8,17,8,40,0,1,10,29,40,7,9,27,37,80,2,92,94,174
10/21/2021,BFM,AL,ASO,CE,Federal Contract Tower,4,2,15,0,21,0,2,7,18,27,4,4,22,18,48,12,58,70,118
10/22/2021,BFM,AL,ASO,CE,Federal Contract Tower,5,6,12,5,28,0,2,6,18,26,5,8,18,23,54,0,88,88,142
10/23/2021,BFM,AL,ASO,CE,Federal Contract Tower,3,3,5,2,13,0,3,25,0,28,3,6,30,2,41,6,0,6,47
10/24/2021,BFM,AL,ASO,CE,Federal Contract Tower,0,1,5,2,8,0,0,9,1,10,0,1,14,3,18,0,0,0,18
10/25/2021,BFM,AL,ASO,CE,Federal Contract Tower,6,4,20,14,44,0,1,7,30,38,6,5,27,44,82,0,128,128,210
10/26/2021,BFM,AL,ASO,CE,Federal Contract Tower,9,6,21,13,49,0,2,18,64,84,9,8,39,77,133,12,222,234,367
10/27/2021,BFM,AL,ASO,CE,Federal Contract Tower,3,4,16,10,33,0,2,14,27,43,3,6,30,37,76,24,112,136,212
10/28/2021,BFM,AL,ASO,CE,Federal Contract Tower,11,6,19,21,57,0,2,5,29,36,11,8,24,50,93,0,154,154,247
10/29/2021,BFM,AL,ASO,CE,Federal Contract Tower,11,5,21,4,41,0,0,13,7,20,11,5,34,11,61,0,26,26,87
10/30/2021,BFM,AL,ASO,CE,Federal Contract Tower,4,2,8,0,14,0,1,7,2,10,4,3,15,2,24,0,0,0,24
10/31/2021,BFM,AL,ASO,CE,Federal Contract Tower,2,1,13,0,16,0,2,20,0,22,2,3,33,0,38,12,0,12,50
11/01/2021,BFM,AL,ASO,CE,Federal Contract Tower,3,2,11,11,27,0,2,23,51,76,3,4,34,62,103,18,298,316,419
11/02/2021,BFM,AL,ASO,CE,Federal Contract Tower,13,3,13,17,46,0,4,12,51,67,13,7,25,68,113,8,258,266,379
11/03/2021,BFM,AL,ASO,CE,Federal Contract Tower,6,7,21,15,49,0,1,20,39,60,6,8,41,54,109,30,146,176,285
11/04/2021,BFM,AL,ASO,CE,Federal Contract Tower,12,5,17,22,56,0,0,18,26,44,12,5,35,48,100,14,92,106,206
11/05/2021,BFM,AL,ASO,CE,Federal Contract Tower,6,7,12,17,42,0,2,4,28,34,6,9,16,45,76,0,130,130,206
11/06/2021,BFM,AL,ASO,CE,Federal Contract Tower,2,2,3,3,10,0,1,16,4,21,2,3,19,7,31,22,8,30,61
11/07/2021,BFM,AL,ASO,CE,Federal Contract Tower,4,1,7,3,15,0,4,8,9,21,4,5,15,12,36,22,52,74,110
11/08/2021,BFM,AL,ASO,CE,Federal Contract Tower,4,10,26,14,54,0,2,30,43,75,4,12,56,57,129,28,258,286,415
11/09/2021,BFM,AL,ASO,CE,Federal Contract Tower,7,6,8,8,29,0,2,30,35,67,7,8,38,43,96,26,168,194,290
11/10/2021,BFM,AL,ASO,CE,Federal Contract Tower,9,8,19,6,42,0,1,19,23,43,9,9,38,29,85,24,178,202,287
11/11/2021,BFM,AL,ASO,CE,Federal Contract Tower,6,6,20,1,33,0,1,12,11,24,6,7,32,12,57,4,30,34,91
11/12/2021,BFM,AL,ASO,CE,Federal Contract Tower,8,7,20,4,39,0,2,24,2,28,8,9,44,6,67,48,4,52,119
11/13/2021,BFM,AL,ASO,CE,Federal Contract Tower,3,5,13,0,21,0,2,19,0,21,3,7,32,0,42,26,0,26,68
11/14/2021,BFM,AL,ASO,CE,Federal Contract Tower,2,3,9,0,14,0,0,13,0,13,2,3,22,0,27,24,0,24,51
11/15/2021,BFM,AL,ASO,CE,Federal Contract Tower,2,7,16,8,33,0,4,22,41,67,2,11,38,49,100,12,174,186,286
11/16/2021,BFM,AL,ASO,CE,Federal Contract Tower,11,8,26,24,69,0,4,18,59,81,11,12,44,83,150,6,296,302,452
11/17/2021,BFM,AL,ASO,CE,Federal Contract Tower,8,3,24,18,53,0,1,26,70,97,8,4,50,88,150,28,298,326,476
11/18/2021,BFM,AL,ASO,CE,Federal Contract Tower,6,10,18,26,60,0,4,8,49,61,6,14,26,75,121,0,154,154,275
11/19/2021,BFM,AL,ASO,CE,Federal Contract Tower,11,5,17,8,41,0,0,20,37,57,11,5,37,45,98,0,254,254,352
11/20/2021,BFM,AL,ASO,CE,Federal Contract Tower,2,2,5,0,9,0,2,17,0,19,2,4,22,0,28,18,0,18,46
11/21/2021,BFM,AL,ASO,CE,Federal Contract Tower,3,0,10,6,19,0,3,14,4,21,3,3,24,10,40,18,8,26,66
11/22/2021,BFM,AL,ASO,CE,Federal Contract Tower,1,6,25,35,67,0,1,6,30,37,1,7,31,65,104,8,260,268,372
11/23/2021,BFM,AL,ASO,CE,Federal Contract Tower,11,4,19,9,43,0,2,11,29,42,11,6,30,38,85,8,226,234,319
11/24/2021,BFM,AL,ASO,CE,Federal Contract Tower,7,11,10,1,29,0,2,21,6,29,7,13,31,7,58,26,62,88,146
11/25/2021,BFM,AL,ASO,CE,Federal Contract Tower,1,9,3,0,13,0,3,2,0,5,1,12,5,0,18,0,0,0,18
11/26/2021,BFM,AL,ASO,CE,Federal Contract Tower,6,4,11,0,21,0,0,18,0,18,6,4,29,0,39,0,0,0,39
11/27/2021,BFM,AL,ASO,CE,Federal Contract Tower,2,3,10,0,15,0,0,11,0,11,2,3,21,0,26,14,0,14,40
11/28/2021,BFM,AL,ASO,CE,Federal Contract Tower,1,2,10,0,13,0,0,1,0,1,1,2,11,0,14,0,0,0,14
11/29/2021,BFM,AL,ASO,CE,Federal Contract Tower,5,4,27,30,66,0,4,9,23,36,5,8,36,53,102,0,160,160,262
11/30/2021,BFM,AL,ASO,CE,Federal Contract Tower,8,8,10,29,55,0,4,20,29,53,8,12,30,58,108,2,274,276,384
12/01/2021,BFM,AL,ASO,CE,Federal Contract Tower,2,14,24,16,56,0,3,20,55,78,2,17,44,71,134,4,292,296,430
12/02/2021,BFM,AL,ASO,CE,Federal Contract Tower,9,11,18,22,60,0,1,24,33,58,9,12,42,55,118,32,200,232,350
12/03/2021,BFM,AL,ASO,CE,Federal Contract Tower,9,10,12,23,54,0,2,17,14,33,9,12,29,37,87,26,128,154,241
12/04/2021,BFM,AL,ASO,CE,Federal Contract Tower,10,2,7,1,20,0,5,8,2,15,10,7,15,3,35,0,14,14,49
12/05/2021,BFM,AL,ASO,CE,Federal Contract Tower,5,0,13,1,19,0,1,14,4,19,5,1,27,5,38,6,6,12,50
12/06/2021,BFM,AL,ASO,CE,Federal Contract Tower,9,3,19,15,46,0,3,1,34,38,9,6,20,49,84,0,190,190,274
12/07/2021,BFM,AL,ASO,CE,Federal Contract Tower,3,10,25,13,51,0,0,0,0,0,3,10,25,13,51,0,0,0,51
12/08/2021,BFM,AL,ASO,CE,Federal Contract Tower,9,14,22,35,80,0,0,4,17,21,9,14,26,52,101,6,126,132,233
12/09/2021,BFM,AL,ASO,CE,Federal Contract Tower,2,4,12,28,46,0,0,1,7,8,2,4,13,35,54,0,76,76,130
12/10/2021,BFM,AL,ASO,CE,Federal Contract Tower,10,2,13,8,33,0,0,1,0,1,10,2,14,8,34,0,0,0,34
12/11/2021,BFM,AL,ASO,CE,Federal Contract Tower,8,0,2,4,14,0,0,0,2,2,8,0,2,6,16,0,0,0,16
12/12/2021,BFM,AL,ASO,CE,Federal Contract Tower,3,0,14,3,20,0,0,17,0,17,3,0,31,3,37,8,0,8,45
12/13/2021,BFM,AL,ASO,CE,Federal Contract Tower,6,7,13,9,35,0,10,18,28,56,6,17,31,37,91,8,146,154,245
12/14/2021,BFM,AL,ASO,CE,Federal Contract Tower,13,11,17,30,71,0,2,20,25,47,13,13,37,55,118,24,184,208,326
12/15/2021,BFM,AL,ASO,CE,Federal Contract Tower,5,5,23,19,52,0,2,34,20,56,5,7,57,39,108,28,126,154,262
12/16/2021,BFM,AL,ASO,CE,Federal Contract Tower,13,3,26,32,74,0,3,14,47,64,13,6,40,79,138,0,226,226,364
12/17/2021,BFM,AL,ASO,CE,Federal Contract Tower,11,6,24,2,43,0,2,2,0,4,11,8,26,2,47,0,0,0,47
12/18/2021,BFM,AL,ASO,CE,Federal Contract Tower,5,3,5,0,13,0,0,0,0,0,5,3,5,0,13,0,0,0,13
12/19/2021,BFM,AL,ASO,CE,Federal Contract Tower,6,3,14,2,25,0,0,1,0,1,6,3,15,2,26,0,0,0,26
12/20/2021,BFM,AL,ASO,CE,Federal Contract Tower,3,3,24,3,33,0,1,2,18,21,3,4,26,21,54,0,50,50,104
12/21/2021,BFM,AL,ASO,CE,Federal Contract Tower,5,6,17,24,52,0,2,0,2,4,5,8,17,26,56,0,52,52,108
12/22/2021,BFM,AL,ASO,CE,Federal Contract Tower,5,8,19,19,51,0,0,28,25,53,5,8,47,44,104,6,108,114,218
12/23/2021,BFM,AL,ASO,CE,Federal Contract Tower,9,6,13,0,28,0,0,24,9,33,9,6,37,9,61,4,58,62,123
12/24/2021,BFM,AL,ASO,CE,Federal Contract Tower,3,2,5,0,10,0,2,4,0,6,3,4,9,0,16,0,0,0,16
12/25/2021,BFM,AL,ASO,CE,Federal Contract Tower,0,0,1,0,1,0,0,1,0,1,0,0,2,0,2,0,0,0,2
12/26/2021,BFM,AL,ASO,CE,Federal Contract Tower,0,0,6,0,6,0,0,4,3,7,0,0,10,3,13,6,4,10,23
12/27/2021,BFM,AL,ASO,CE,Federal Contract Tower,1,6,15,6,28,0,1,13,5,19,1,7,28,11,47,6,40,46,93
12/28/2021,BFM,AL,ASO,CE,Federal Contract Tower,6,4,9,1,20,0,0,0,2,2,6,4,9,3,22,0,6,6,28
12/29/2021,BFM,AL,ASO,CE,Federal Contract Tower,6,2,15,3,26,0,0,1,5,6,6,2,16,8,32,0,12,12,44
12/30/2021,BFM,AL,ASO,CE,Federal Contract Tower,5,6,15,6,32,0,2,0,2,4,5,8,15,8,36,0,0,0,36
12/31/2021,BFM,AL,ASO,CE,Federal Contract Tower,2,2,8,0,12,0,0,1,0,1,2,2,9,0,13,0,0,0,13
01/01/2022,BFM,AL,ASO,CE,Federal Contract Tower,0,0,5,0,5,0,0,0,0,0,0,0,5,0,5,0,0,0,5
01/02/2022,BFM,AL,ASO,CE,Federal Contract Tower,0,2,6,0,8,0,0,0,0,0,0,2,6,0,8,0,0,0,8
01/03/2022,BFM,AL,ASO,CE,Federal Contract Tower,2,2,20,0,24,0,1,14,2,17,2,3,34,2,41,6,20,26,67
01/04/2022,BFM,AL,ASO,CE,Federal Contract Tower,3,3,15,14,35,0,11,10,29,50,3,14,25,43,85,2,134,136,221
01/05/2022,BFM,AL,ASO,CE,Federal Contract Tower,4,8,14,3,29,0,4,16,27,47,4,12,30,30,76,6,128,134,210
01/06/2022,BFM,AL,ASO,CE,Federal Contract Tower,2,5,9,32,48,0,0,7,34,41,2,5,16,66,89,0,214,214,303
01/07/2022,BFM,AL,ASO,CE,Federal Contract Tower,5,3,13,26,47,0,2,14,29,45,5,5,27,55,92,4,156,160,252
01/08/2022,BFM,AL,ASO,CE,Federal Contract Tower,4,4,12,2,22,0,0,12,2,14,4,4,24,4,36,6,12,18,54
01/09/2022,BFM,AL,ASO,CE,Federal Contract Tower,1,2,3,0,6,0,0,0,0,0,1,2,3,0,6,0,0,0,6
01/10/2022,BFM,AL,ASO,CE,Federal Contract Tower,3,3,13,18,37,0,3,11,13,27,3,6,24,31,64,0,78,78,142
01/11/2022,BFM,AL,ASO,CE,Federal Contract Tower,10,4,15,20,49,0,0,9,28,37,10,4,24,48,86,16,126,142,228
01/12/2022,BFM,AL,ASO,CE,Federal Contract Tower,1,5,16,15,37,0,0,15,32,47,1,5,31,47,84,24,106,130,214
01/13/2022,BFM,AL,ASO,CE,Federal Contract Tower,2,5,19,27,53,0,5,36,16,57,2,10,55,43,110,12,80,92,202
01/14/2022,BFM,AL,ASO,CE,Federal Contract Tower,4,4,14,19,41,0,5,22,19,46,4,9,36,38,87,90,68,158,245
01/15/2022,BFM,AL,ASO,CE,Federal Contract Tower,2,4,8,0,14,0,0,3,0,3,2,4,11,0,17,0,0,0,17
01/16/2022,BFM,AL,ASO,CE,Federal Contract Tower,0,0,5,0,5,0,0,0,0,0,0,0,5,0,5,0,0,0,5
01/17/2022,BFM,AL,ASO,CE,Federal Contract Tower,5,2,15,2,24,0,2,16,0,18,5,4,31,2,42,8,0,8,50
01/18/2022,BFM,AL,ASO,CE,Federal Contract Tower,5,6,14,31,56,0,8,8,39,55,5,14,22,70,111,24,208,232,343
01/19/2022,BFM,AL,ASO,CE,Federal Contract Tower,4,6,16,31,57,0,2,17,26,45,4,8,33,57,102,16,130,146,248
01/20/2022,BFM,AL,ASO,CE,Federal Contract Tower,8,4,16,0,28,0,0,0,0,0,8,4,16,0,28,0,0,0,28
01/21/2022,BFM,AL,ASO,CE,Federal Contract Tower,3,7,10,0,20,0,1,3,2,6,3,8,13,2,26,0,4,4,30
01/22/2022,BFM,AL,ASO,CE,Federal Contract Tower,4,4,5,3,16,0,7,12,8,27,4,11,17,11,43,8,38,46,89
01/23/2022,BFM,AL,ASO,CE,Federal Contract Tower,0,0,3,0,3,0,2,7,3,12,0,2,10,3,15,12,22,34,49
01/24/2022,BFM,AL,ASO,CE,Federal Contract Tower,2,3,3,11,19,0,5,23,29,57,2,8,26,40,76,0,218,218,294
01/25/2022,BFM,AL,ASO,CE,Federal Contract Tower,12,15,14,0,41,0,0,0,0,0,12,15,14,0,41,0,0,0,41
01/26/2022,BFM,AL,ASO,CE,Federal Contract Tower,8,4,13,39,64,0,4,25,23,52,8,8,38,62,116,6,52,58,174
01/27/2022,BFM,AL,ASO,CE,Federal Contract Tower,4,5,15,24,48,0,3,22,40,65,4,8,37,64,113,24,176,200,313
01/28/2022,BFM,AL,ASO,CE,Federal Contract Tower,4,8,10,41,63,0,1,13,31,45,4,9,23,72,108,32,96,128,236
01/29/2022,BFM,AL,ASO,CE,Federal Contract Tower,2,2,2,2,8,0,0,20,8,28,2,2,22,10,36,0,12,12,48
01/30/2022,BFM,AL,ASO,CE,Federal Contract Tower,3,0,11,7,21,0,1,11,2,14,3,1,22,9,35,2,4,6,41
01/31/2022,BFM,AL,ASO,CE,Federal Contract Tower,4,11,18,17,50,0,2,14,37,53,4,13,32,54,103,22,138,160,263
02/01/2022,BFM,AL,ASO,CE,Federal Contract Tower,4,10,17,17,48,0,0,12,35,47,4,10,29,52,95,0,222,222,317
02/02/2022,BFM,AL,ASO,CE,Federal Contract Tower,5,9,16,0,30,0,0,3,6,9,5,9,19,6,39,0,14,14,53
02/03/2022,BFM,AL,ASO,CE,Federal Contract Tower,0,9,5,0,14,0,0,0,0,0,0,9,5,0,14,0,0,0,14
02/04/2022,BFM,AL,ASO,CE,Federal Contract Tower,4,8,9,0,21,0,0,0,0,0,4,8,9,0,21,0,0,0,21
02/05/2022,BFM,AL,ASO,CE,Federal Contract Tower,4,2,12,5,23,0,0,8,14,22,4,2,20,19,45,4,52,56,101
02/06/2022,BFM,AL,ASO,CE,Federal Contract Tower,0,0,13,1,14,0,0,16,8,24,0,0,29,9,38,12,42,54,92
02/07/2022,BFM,AL,ASO,CE,Federal Contract Tower,5,4,8,37,54,0,1,5,11,17,5,5,13,48,71,0,88,88,159
02/08/2022,BFM,AL,ASO,CE,Federal Contract Tower,4,6,18,22,50,0,4,16,36,56,4,10,34,58,106,0,188,188,294
02/09/2022,BFM,AL,ASO,CE,Federal Contract Tower,5,5,24,17,51,0,2,17,32,51,5,7,41,49,102,10,114,124,226
02/10/2022,BFM,AL,ASO,CE,Federal Contract Tower,4,9,11,13,37,0,4,10,36,50,4,13,21,49,87,0,182,182,269
02/11/2022,BFM,AL,ASO,CE,Federal Contract Tower,7,5,14,15,41,0,0,23,30,53,7,5,37,45,94,12,222,234,328
02/12/2022,BFM,AL,ASO,CE,Federal Contract Tower,8,2,9,2,21,0,2,27,2,31,8,4,36,4,52,16,2,18,70
02/13/2022,BFM,AL,ASO,CE,Federal Contract Tower,4,2,3,2,11,0,5,13,1,19,4,7,16,3,30,0,0,0,30
02/14/2022,BFM,AL,ASO,CE,Federal Contract Tower,3,4,7,12,26,0,7,10,33,50,3,11,17,45,76,22,186,208,284
02/15/2022,BFM,AL,ASO,CE,Federal Contract Tower,4,5,27,2,38,0,2,24,34,60,4,7,51,36,98,14,190,204,302
02/16/2022,BFM,AL,ASO,CE,Federal Contract Tower,13,8,24,7,52,0,2,13,25,40,13,10,37,32,92,4,132,136,228
02/17/2022,BFM,AL,ASO,CE,Federal Contract Tower,11,4,10,0,25,0,2,0,2,4,11,6,10,2,29,0,28,28,57
02/18/2022,BFM,AL,ASO,CE,Federal Contract Tower,14,9,10,17,50,0,3,15,19,37,14,12,25,36,87,10,114,124,211
02/19/2022,BFM,AL,ASO,CE,Federal Contract Tower,4,2,21,2,29,0,0,18,7,25,4,2,39,9,54,22,28,50,104
02/20/2022,BFM,AL,ASO,CE,Federal Contract Tower,3,3,23,0,29,0,6,18,3,27,3,9,41,3,56,16,14,30,86
02/21/2022,BFM,AL,ASO,CE,Federal Contract Tower,3,7,14,1,25,0,4,14,0,18,3,11,28,1,43,18,0,18,61
02/22/2022,BFM,AL,ASO,CE,Federal Contract Tower,9,6,14,11,40,0,2,4,16,22,9,8,18,27,62,28,116,144,206
02/23/2022,BFM,AL,ASO,CE,Federal Contract Tower,4,6,15,5,30,0,5,12,19,36,4,11,27,24,66,6,74,80,146
02/24/2022,BFM,AL,ASO,CE,Federal Contract Tower,2,3,19,6,30,0,0,4,16,20,2,3,23,22,50,0,88,88,138
02/25/2022,BFM,AL,ASO,CE,Federal Contract Tower,9,8,21,14,52,0,0,4,15,19,9,8,25,29,71,0,112,112,183
02/26/2022,BFM,AL,ASO,CE,Federal Contract Tower,5,4,17,2,28,0,0,4,2,6,5,4,21,4,34,0,18,18,52
02/27/2022,BFM,AL,ASO,CE,Federal Contract Tower,3,1,19,0,23,0,0,3,0,3,3,1,22,0,26,0,0,0,26
02/28/2022,BFM,AL,ASO,CE,Federal Contract Tower,4,5,17,21,47,0,3,13,36,52,4,8,30,57,99,12,170,182,281
03/01/2022,BFM,AL,ASO,CE,Federal Contract Tower,7,10,15,15,47,0,2,17,46,65,7,12,32,61,112,2,208,210,322
03/02/2022,BFM,AL,ASO,CE,Federal Contract Tower,8,9,15,16,48,0,5,11,51,67,8,14,26,67,115,0,294,294,409
03/03/2022,BFM,AL,ASO,CE,Federal Contract Tower,6,6,22,15,49,0,5,17,38,60,6,11,39,53,109,0,110,110,219
03/04/2022,BFM,AL,ASO,CE,Federal Contract Tower,7,8,12,11,38,0,0,18,22,40,7,8,30,33,78,10,130,140,218
03/05/2022,BFM,AL,ASO,CE,Federal Contract Tower,2,2,16,0,20,0,2,18,5,25,2,4,34,5,45,6,28,34,79
03/06/2022,BFM,AL,ASO,CE,Federal Contract Tower,1,0,22,0,23,0,0,10,10,20,1,0,32,10,43,18,38,56,99
03/07/2022,BFM,AL,ASO,CE,Federal Contract Tower,3,6,6,0,15,0,1,1,2,4,3,7,7,2,19,6,10,16,35
03/08/2022,BFM,AL,ASO,CE,Federal Contract Tower,8,8,22,9,47,0,0,4,2,6,8,8,26,11,53,18,50,68,121
03/09/2022,BFM,AL,ASO,CE,Federal Contract Tower,6,7,15,0,28,0,1,0,0,1,6,8,15,0,29,0,0,0,29
03/10/2022,BFM,AL,ASO,CE,Federal Contract Tower,12,6,12,19,49,0,0,10,21,31,12,6,22,40,80,6,146,152,232
03/11/2022,BFM,AL,ASO,CE,Federal Contract Tower,4,6,13,0,23,0,0,8,2,10,4,6,21,2,33,8,12,20,53
03/12/2022,BFM,AL,ASO,CE,Federal Contract Tower,2,1,6,0,9,0,0,4,0,4,2,1,10,0,13,0,0,0,13
03/13/2022,BFM,AL,ASO,CE,Federal Contract Tower,1,2,8,4,15,0,2,20,4,26,1,4,28,8,41,16,0,16,57
03/14/2022,BFM,AL,ASO,CE,Federal Contract Tower,1,6,5,34,46,0,7,7,53,67,1,13,12,87,113,8,268,276,389
03/15/2022,BFM,AL,ASO,CE,Federal Contract Tower,8,9,13,0,30,0,1,4,14,19,8,10,17,14,49,2,64,66,115
03/16/2022,BFM,AL,ASO,CE,Federal Contract Tower,2,15,23,40,80,0,2,10,32,44,2,17,33,72,124,26,182,208,332
03/17/2022,BFM,AL,ASO,CE,Federal Contract Tower,6,9,15,12,42,0,2,16,28,46,6,11,31,40,88,8,116,124,212
03/18/2022,BFM,AL,ASO,CE,Federal Contract Tower,8,4,10,0,22,0,0,3,0,3,8,4,13,0,25,0,0,0,25
03/19/2022,BFM,AL,ASO,CE,Federal Contract Tower,3,2,6,0,11,0,0,15,12,27,3,2,21,12,38,18,46,64,102
03/20/2022,BFM,AL,ASO,CE,Federal Contract Tower,3,1,13,1,18,0,0,11,4,15,3,1,24,5,33,0,14,14,47
03/21/2022,BFM,AL,ASO,CE,Federal Contract Tower,5,5,7,15,32,0,2,12,57,71,5,7,19,72,103,4,282,286,389
03/22/2022,BFM,AL,ASO,CE,Federal Contract Tower,7,6,15,1,29,0,0,0,8,8,7,6,15,9,37,0,20,20,57
03/23/2022,BFM,AL,ASO,CE,Federal Contract Tower,13,7,13,6,39,0,4,10,30,44,13,11,23,36,83,0,190,190,273
03/24/2022,BFM,AL,ASO,CE,Federal Contract Tower,10,5,18,23,56,0,1,13,36,50,10,6,31,59,106,16,192,208,314
03/25/2022,BFM,AL,ASO,CE,Federal Contract Tower,11,7,7,41,66,0,6,24,33,63,11,13,31,74,129,0,198,198,327
03/26/2022,BFM,AL,ASO,CE,Federal Contract Tower,4,2,7,3,16,0,6,14,6,26,4,8,21,9,42,24,34,58,100
03/27/2022,BFM,AL,ASO,CE,Federal Contract Tower,1,2,20,12,35,0,3,7,9,19,1,5,27,21,54,0,46,46,100
03/28/2022,BFM,AL,ASO,CE,Federal Contract Tower,4,4,26,12,46,0,4,14,42,60,4,8,40,54,106,8,214,222,328
03/29/2022,BFM,AL,ASO,CE,Federal Contract Tower,9,7,19,30,65,0,5,12,28,45,9,12,31,58,110,0,134,134,244
03/30/2022,BFM,AL,ASO,CE,Federal Contract Tower,6,5,9,3,23,0,2,2,25,29,6,7,11,28,52,0,104,104,156
03/31/2022,BFM,AL,ASO,CE,Federal Contract Tower,11,6,18,29,64,0,5,7,36,48,11,11,25,65,112,0,150,150,262
04/01/2022,BFM,AL,ASO,CE,Federal Contract Tower,10,6,11,2,29,0,9,10,21,40,10,15,21,23,69,0,92,92,161
04/02/2022,BFM,AL,ASO,CE,Federal Contract Tower,4,3,4,0,11,0,6,5,0,11,4,9,9,0,22,10,0,10,32
04/03/2022,BFM,AL,ASO,CE,Federal Contract Tower,2,0,9,6,17,0,4,13,0,17,2,4,22,6,34,0,0,0,34
04/04/2022,BFM,AL,ASO,CE,Federal Contract Tower,1,3,11,1,16,0,0,24,23,47,1,3,35,24,63,4,100,104,167
04/05/2022,BFM,AL,ASO,CE,Federal Contract Tower,8,5,13,0,26,0,0,0,0,0,8,5,13,0,26,0,0,0,26
04/06/2022,BFM,AL,ASO,CE,Federal Contract Tower,5,6,18,10,39,0,0,0,10,10,5,6,18,20,49,0,90,90,139
04/07/2022,BFM,AL,ASO,CE,Federal Contract Tower,6,7,21,4,38,0,0,6,43,49,6,7,27,47,87,0,170,170,257
04/08/2022,BFM,AL,ASO,CE,Federal Contract Tower,4,7,23,12,46,0,0,13,15,28,4,7,36,27,74,10,68,78,152
04/09/2022,BFM,AL,ASO,CE,Federal Contract Tower,3,5,14,20,42,0,0,7,12,19,3,5,21,32,61,0,52,52,113
04/10/2022,BFM,AL,ASO,CE,Federal Contract Tower,1,2,18,2,23,0,2,13,4,19,1,4,31,6,42,6,30,36,78
04/11/2022,BFM,AL,ASO,CE,Federal Contract Tower,4,5,17,3,29,0,1,8,12,21,4,6,25,15,50,0,50,50,100
04/12/2022,BFM,AL,ASO,CE,Federal Contract Tower,10,28,33,23,94,0,10,13,34,57,10,38,46,57,151,0,164,164,315
04/13/2022,BFM,AL,ASO,CE,Federal Contract Tower,8,9,15,18,50,0,1,5,31,37,8,10,20,49,87,0,222,222,309
04/14/2022,BFM,AL,ASO,CE,Federal Contract Tower,8,5,24,21,58,0,0,4,14,18,8,5,28,35,76,6,96,102,178
04/15/2022,BFM,AL,ASO,CE,Federal Contract Tower,6,8,10,14,38,0,2,11,13,26,6,10,21,27,64,4,38,42,106
04/16/2022,BFM,AL,ASO,CE,Federal Contract Tower,4,2,5,0,11,0,0,3,0,3,4,2,8,0,14,0,0,0,14
04/17/2022,BFM,AL,ASO,CE,Federal Contract Tower,3,2,3,2,10,0,0,2,0,2,3,2,5,2,12,0,0,0,12
04/18/2022,BFM,AL,ASO,CE,Federal Contract Tower,3,8,25,22,58,0,4,5,6,15,3,12,30,28,73,0,44,44,117
04/19/2022,BFM,AL,ASO,CE,Federal Contract Tower,4,7,28,52,91,0,4,14,24,42,4,11,42,76,133,4,166,170,303
04/20/2022,BFM,AL,ASO,CE,Federal Contract Tower,6,4,14,16,40,0,3,33,41,77,6,7,47,57,117,0,262,262,379
04/21/2022,BFM,AL,ASO,CE,Federal Contract Tower,6,4,16,18,44,0,4,17,44,65,6,8,33,62,109,22,254,276,385
04/22/2022,BFM,AL,ASO,CE,Federal Contract Tower,5,7,26,8,46,0,0,8,22,30,5,7,34,30,76,0,116,116,192
04/23/2022,BFM,AL,ASO,CE,Federal Contract Tower,5,2,3,0,10,0,2,20,5,27,5,4,23,5,37,14,32,46,83
04/24/2022,BFM,AL,ASO,CE,Federal Contract Tower,2,4,23,0,29,0,0,16,4,20,2,4,39,4,49,18,22,40,89
04/25/2022,BFM,AL,ASO,CE,Federal Contract Tower,3,5,21,9,38,0,3,16,45,64,3,8,37,54,102,2,212,214,316
04/26/2022,BFM,AL,ASO,CE,Federal Contract Tower,4,6,20,27,57,0,2,5,31,38,4,8,25,58,95,6,134,140,235
04/27/2022,BFM,AL,ASO,CE,Federal Contract Tower,10,9,18,19,56,0,5,13,26,44,10,14,31,45,100,4,130,134,234
04/28/2022,BFM,AL,ASO,CE,Federal Contract Tower,7,4,24,9,44,0,1,11,21,33,7,5,35,30,77,0,74,74,151
04/29/2022,BFM,AL,ASO,CE,Federal Contract Tower,6,9,13,6,34,0,3,6,11,20,6,12,19,17,54,6,40,46,100
04/30/2022,BFM,AL,ASO,CE,Federal Contract Tower,4,4,2,0,10,0,1,4,7,12,4,5,6,7,22,14,54,68,90
05/01/2022,BFM,AL,ASO,CE,Federal Contract Tower,3,5,6,2,16,0,0,7,3,10,3,5,13,5,26,6,0,6,32
05/02/2022,BFM,AL,ASO,CE,Federal Contract Tower,6,8,21,13,48,0,1,9,32,42,6,9,30,45,90,0,144,144,234
05/03/2022,BFM,AL,ASO,CE,Federal Contract Tower,10,4,29,26,69,0,1,14,24,39,10,5,43,50,108,0,126,126,234
05/04/2022,BFM,AL,ASO,CE,Federal Contract Tower,6,4,17,13,40,0,3,10,21,34,6,7,27,34,74,8,144,152,226
05/05/2022,BFM,AL,ASO,CE,Federal Contract Tower,4,4,25,13,46,0,1,16,15,32,4,5,41,28,78,16,70,86,164
05/06/2022,BFM,AL,ASO,CE,Federal Contract Tower,3,6,14,0,23,0,0,3,6,9,3,6,17,6,32,0,22,22,54
05/07/2022,BFM,AL,ASO,CE,Federal Contract Tower,3,2,8,0,13,0,4,13,5,22,3,6,21,5,35,2,38,40,75
05/08/2022,BFM,AL,ASO,CE,Federal Contract Tower,1,0,15,0,16,0,1,17,0,18,1,1,32,0,34,4,0,4,38
05/09/2022,BFM,AL,ASO,CE,Federal Contract Tower,6,4,17,8,35,0,2,11,33,46,6,6,28,41,81,2,116,118,199
05/10/2022,BFM,AL,ASO,CE,Federal Contract Tower,6,6,15,11,38,0,3,8,46,57,6,9,23,57,95,26,196,222,317
05/11/2022,BFM,AL,ASO,CE,Federal Contract Tower,3,4,12,18,37,0,7,12,30,49,3,11,24,48,86,14,142,156,242
05/12/2022,BFM,AL,ASO,CE,Federal Contract Tower,10,6,18,5,39,0,0,30,19,49,10,6,48,24,88,0,74,74,162
05/13/2022,BFM,AL,ASO,CE,Federal Contract Tower,7,3,18,4,32,0,0,6,14,20,7,3,24,18,52,12,84,96,148
05/14/2022,BFM,AL,ASO,CE,Federal Contract Tower,2,2,4,11,19,0,0,15,0,15,2,2,19,11,34,16,0,16,50
05/15/2022,BFM,AL,ASO,CE,Federal Contract Tower,1,2,10,3,16,0,0,6,2,8,1,2,16,5,24,12,0,12,36
05/16/2022,BFM,AL,ASO,CE,Federal Contract Tower,2,5,15,13,35,0,2,4,33,39,2,7,19,46,74,6,114,120,194
05/17/2022,BFM,AL,ASO,CE,Federal Contract Tower,5,10,14,9,38,0,0,10,22,32,5,10,24,31,70,8,108,116,186
05/18/2022,BFM,AL,ASO,CE,Federal Contract Tower,5,14,19,15,53,0,4,11,25,40,5,18,30,40,93,26,104,130,223
05/19/2022,BFM,AL,ASO,CE,Federal Contract Tower,7,8,17,39,71,0,0,11,21,32,7,8,28,60,103,0,92,92,195
05/20/2022,BFM,AL,ASO,CE,Federal Contract Tower,4,6,19,4,33,0,5,9,2,16,4,11,28,6,49,0,10,10,59
05/21/2022,BFM,AL,ASO,CE,Federal Contract Tower,5,6,12,1,24,0,0,1,2,3,5,6,13,3,27,0,18,18,45
05/22/2022,BFM,AL,ASO,CE,Federal Contract Tower,2,2,7,0,11,0,0,0,0,0,2,2,7,0,11,0,0,0,11
05/23/2022,BFM,AL,ASO,CE,Federal Contract Tower,1,4,9,2,16,0,0,4,7,11,1,4,13,9,27,0,32,32,59
05/24/2022,BFM,AL,ASO,CE,Federal Contract Tower,9,16,22,1,48,0,1,2,8,11,9,17,24,9,59,0,22,22,81
05/25/2022,BFM,AL,ASO,CE,Federal Contract Tower,8,5,11,0,24,0,2,1,7,10,8,7,12,7,34,0,18,18,52
05/26/2022,BFM,AL,ASO,CE,Federal Contract Tower,4,9,17,4,34,0,0,7,18,25,4,9,24,22,59,0,108,108,167
05/27/2022,BFM,AL,ASO,CE,Federal Contract Tower,8,4,12,0,24,0,2,12,4,18,8,6,24,4,42,0,18,18,60
05/28/2022,BFM,AL,ASO,CE,Federal Contract Tower,6,5,1,0,12,0,5,8,0,13,6,10,9,0,25,18,0,18,43
05/29/2022,BFM,AL,ASO,CE,Federal Contract Tower,2,0,5,0,7,0,1,2,1,4,2,1,7,1,11,0,8,8,19
05/30/2022,BFM,AL,ASO,CE,Federal Contract Tower,0,1,16,1,18,0,0,4,0,4,0,1,20,1,22,0,0,0,22
05/31/2022,BFM,AL,ASO,CE,Federal Contract Tower,5,5,6,8,24,0,0,17,17,34,5,5,23,25,58,6,114,120,178
06/01/2022,BFM,AL,ASO,CE,Federal Contract Tower,7,5,23,11,46,0,3,15,31,49,7,8,38,42,95,4,154,158,253
06/02/2022,BFM,AL,ASO,CE,Federal Contract Tower,6,5,16,2,29,0,2,13,30,45,6,7,29,32,74,16,122,138,212
06/03/2022,BFM,AL,ASO,CE,Federal Contract Tower,14,5,8,5,32,0,2,15,22,39,14,7,23,27,71,10,88,98,169
06/04/2022,BFM,AL,ASO,CE,Federal Contract Tower,6,2,8,4,20,0,1,13,0,14,6,3,21,4,34,0,0,0,34
06/05/2022,BFM,AL,ASO,CE,Federal Contract Tower,1,0,13,1,15,0,1,8,4,13,1,1,21,5,28,0,2,2,30
06/06/2022,BFM,AL,ASO,CE,Federal Contract Tower,4,3,7,11,25,0,5,22,31,58,4,8,29,42,83,46,144,190,273
06/07/2022,BFM,AL,ASO,CE,Federal Contract Tower,8,3,17,24,52,0,8,6,25,39,8,11,23,49,91,10,176,186,277
06/08/2022,BFM,AL,ASO,CE,Federal Contract Tower,7,5,13,11,36,0,5,7,33,45,7,10,20,44,81,8,210,218,299
06/09/2022,BFM,AL,ASO,CE,Federal Contract Tower,5,7,8,8,28,0,3,9,22,34,5,10,17,30,62,18,96,114,176
06/10/2022,BFM,AL,ASO,CE,Federal Contract Tower,7,8,16,3,34,0,2,1,13,16,7,10,17,16,50,0,46,46,96
06/11/2022,BFM,AL,ASO,CE,Federal Contract Tower,2,2,4,8,16,0,1,7,6,14,2,3,11,14,30,0,20,20,50
06/12/2022,BFM,AL,ASO,CE,Federal Contract Tower,3,2,8,4,17,0,2,3,0,5,3,4,11,4,22,0,0,0,22
06/13/2022,BFM,AL,ASO,CE,Federal Contract Tower,6,3,9,3,21,0,4,8,7,19,6,7,17,10,40,0,22,22,62
06/14/2022,BFM,AL,ASO,CE,Federal Contract Tower,4,9,16,24,53,0,2,19,13,34,4,11,35,37,87,14,46,60,147
06/15/2022,BFM,AL,ASO,CE,Federal Contract Tower,4,6,26,33,69,0,0,5,19,24,4,6,31,52,93,18,160,178,271
06/16/2022,BFM,AL,ASO,CE,Federal Contract Tower,7,6,15,10,38,0,4,13,20,37,7,10,28,30,75,12,94,106,181
06/17/2022,BFM,AL,ASO,CE,Federal Contract Tower,7,10,12,26,55,0,2,17,16,35,7,12,29,42,90,24,122,146,236
06/18/2022,BFM,AL,ASO,CE,Federal Contract Tower,2,2,7,0,11,0,0,10,0,10,2,2,17,0,21,4,0,4,25
06/19/2022,BFM,AL,ASO,CE,Federal Contract Tower,2,3,12,2,19,0,0,16,1,17,2,3,28,3,36,24,0,24,60
06/20/2022,BFM,AL,ASO,CE,Federal Contract Tower,1,4,12,1,18,0,1,14,1,16,1,5,26,2,34,0,0,0,34
06/21/2022,BFM,AL,ASO,CE,Federal Contract Tower,5,7,15,7,34,0,0,9,19,28,5,7,24,26,62,4,40,44,106
06/22/2022,BFM,AL,ASO,CE,Federal Contract Tower,4,7,10,11,32,0,8,12,31,51,4,15,22,42,83,12,164,176,259
06/23/2022,BFM,AL,ASO,CE,Federal Contract Tower,6,7,19,8,40,0,0,19,20,39,6,7,38,28,79,40,90,130,209
06/24/2022,BFM,AL,ASO,CE,Federal Contract Tower,2,4,11,2,19,0,3,12,18,33,2,7,23,20,52,10,114,124,176
06/25/2022,BFM,AL,ASO,CE,Federal Contract Tower,2,4,10,0,16,0,0,8,2,10,2,4,18,2,26,12,0,12,38
06/26/2022,BFM,AL,ASO,CE,Federal Contract Tower,1,1,6,0,8,0,0,1,2,3,1,1,7,2,11,0,0,0,11
06/27/2022,BFM,AL,ASO,CE,Federal Contract Tower,7,5,15,10,37,0,3,22,16,41,7,8,37,26,78,30,90,120,198
06/28/2022,BFM,AL,ASO,CE,Federal Contract Tower,7,3,14,16,40,0,3,14,20,37,7,6,28,36,77,16,68,84,161
06/29/2022,BFM,AL,ASO,CE,Federal Contract Tower,5,3,19,13,40,0,2,10,12,24,5,5,29,25,64,6,70,76,140
06/30/2022,BFM,AL,ASO,CE,Federal Contract Tower,7,5,9,21,42,0,0,13,11,24,7,5,22,32,66,42,108,150,216
07/01/2022,BFM,AL,ASO,CE,Federal Contract Tower,4,4,3,0,11,0,2,0,0,2,4,6,3,0,13,0,0,0,13
07/02/2022,BFM,AL,ASO,CE,Federal Contract Tower,2,0,1,0,3,0,0,9,0,9,2,0,10,0,12,4,0,4,16
07/03/2022,BFM,AL,ASO,CE,Federal Contract Tower,1,0,6,0,7,0,2,1,0,3,1,2,7,0,10,0,0,0,10
07/04/2022,BFM,AL,ASO,CE,Federal Contract Tower,0,0,4,0,4,0,0,3,0,3,0,0,7,0,7,0,0,0,7
07/05/2022,BFM,AL,ASO,CE,Federal Contract Tower,8,6,11,0,25,0,5,6,2,13,8,11,17,2,38,16,4,20,58
07/06/2022,BFM,AL,ASO,CE,Federal Contract Tower,3,4,9,7,23,0,6,17,27,50,3,10,26,34,73,10,152,162,235
07/07/2022,BFM,AL,ASO,CE,Federal Contract Tower,13,6,9,15,43,0,0,10,25,35,13,6,19,40,78,18,90,108,186
07/08/2022,BFM,AL,ASO,CE,Federal Contract Tower,9,6,12,10,37,0,0,4,18,22,9,6,16,28,59,0,130,130,189
07/09/2022,BFM,AL,ASO,CE,Federal Contract Tower,3,0,2,7,12,0,0,4,2,6,3,0,6,9,18,0,20,20,38
07/10/2022,BFM,AL,ASO,CE,Federal Contract Tower,4,1,9,2,16,0,0,1,0,1,4,1,10,2,17,0,0,0,17
07/11/2022,BFM,AL,ASO,CE,Federal Contract Tower,2,2,6,5,15,0,2,6,17,25,2,4,12,22,40,2,92,94,134
07/12/2022,BFM,AL,ASO,CE,Federal Contract Tower,6,4,17,15,42,0,3,11,25,39,6,7,28,40,81,14,148,162,243
07/13/2022,BFM,AL,ASO,CE,Federal Contract Tower,5,2,12,5,24,0,0,4,18,22,5,2,16,23,46,0,130,130,176
07/14/2022,BFM,AL,ASO,CE,Federal Contract Tower,6,2,29,2,39,0,2,7,16,25,6,4,36,18,64,0,98,98,162
07/15/2022,BFM,AL,ASO,CE,Federal Contract Tower,12,3,15,12,42,0,0,6,29,35,12,3,21,41,77,0,130,130,207
07/16/2022,BFM,AL,ASO,CE,Federal Contract Tower,3,6,3,0,12,0,0,8,0,8,3,6,11,0,20,6,0,6,26
07/17/2022,BFM,AL,ASO,CE,Federal Contract Tower,1,0,20,0,21,0,0,11,0,11,1,0,31,0,32,2,0,2,34
07/18/2022,BFM,AL,ASO,CE,Federal Contract Tower,3,2,18,23,46,0,5,24,31,60,3,7,42,54,106,30,174,204,310
07/19/2022,BFM,AL,ASO,CE,Federal Contract Tower,6,7,17,13,43,0,2,17,41,60,6,9,34,54,103,12,178,190,293
07/20/2022,BFM,AL,ASO,CE,Federal Contract Tower,10,4,14,11,39,0,2,8,16,26,10,6,22,27,65,12,78,90,155
07/21/2022,BFM,AL,ASO,CE,Federal Contract Tower,12,6,10,11,39,0,2,10,35,47,12,8,20,46,86,26,194,220,306
07/22/2022,BFM,AL,ASO,CE,Federal Contract Tower,9,4,5,9,27,0,0,5,9,14,9,4,10,18,41,10,72,82,123
07/23/2022,BFM,AL,ASO,CE,Federal Contract Tower,2,3,9,15,29,0,4,12,4,20,2,7,21,19,49,28,22,50,99
07/24/2022,BFM,AL,ASO,CE,Federal Contract Tower,1,0,14,4,19,0,0,3,0,3,1,0,17,4,22,0,0,0,22
07/25/2022,BFM,AL,ASO,CE,Federal Contract Tower,3,2,19,0,24,0,0,4,12,16,3,2,23,12,40,0,136,136,176
07/26/2022,BFM,AL,ASO,CE,Federal Contract Tower,6,6,10,35,57,0,2,9,31,42,6,8,19,66,99,18,164,182,281
07/27/2022,BFM,AL,ASO,CE,Federal Contract Tower,4,4,18,21,47,0,4,3,30,37,4,8,21,51,84,0,178,178,262
07/28/2022,BFM,AL,ASO,CE,Federal Contract Tower,8,6,13,19,46,0,4,8,25,37,8,10,21,44,83,0,150,150,233
07/29/2022,BFM,AL,ASO,CE,Federal Contract Tower,7,7,4,8,26,0,0,4,10,14,7,7,8,18,40,24,92,116,156
07/30/2022,BFM,AL,ASO,CE,Federal Contract Tower,6,4,4,0,14,0,0,5,0,5,6,4,9,0,19,12,0,12,31
07/31/2022,BFM,AL,ASO,CE,Federal Contract Tower,2,0,7,4,13,0,0,6,5,11,2,0,13,9,24,0,0,0,24
08/01/2022,BFM,AL,ASO,CE,Federal Contract Tower,6,2,4,4,16,0,2,5,9,16,6,4,9,13,32,0,58,58,90
08/02/2022,BFM,AL,ASO,CE,Federal Contract Tower,6,7,8,17,38,0,2,5,19,26,6,9,13,36,64,0,36,36,100
08/03/2022,BFM,AL,ASO,CE,Federal Contract Tower,6,5,13,18,42,0,1,17,34,52,6,6,30,52,94,14,220,234,328
08/04/2022,BFM,AL,ASO,CE,Federal Contract Tower,8,4,3,36,51,0,0,16,29,45,8,4,19,65,96,6,162,168,264
08/05/2022,BFM,AL,ASO,CE,Federal Contract Tower,9,2,16,25,52,0,3,7,15,25,9,5,23,40,77,0,48,48,125
08/06/2022,BFM,AL,ASO,CE,Federal Contract Tower,4,3,8,0,15,0,8,2,0,10,4,11,10,0,25,16,0,16,41
08/07/2022,BFM,AL,ASO,CE,Federal Contract Tower,1,0,2,6,9,0,0,4,2,6,1,0,6,8,15,8,0,8,23
08/08/2022,BFM,AL,ASO,CE,Federal Contract Tower,1,1,15,30,47,0,5,3,19,27,1,6,18,49,74,0,130,130,204
08/09/2022,BFM,AL,ASO,CE,Federal Contract Tower,8,3,10,72,93,0,0,9,42,51,8,3,19,114,144,10,186,196,340
08/10/2022,BFM,AL,ASO,CE,Federal Contract Tower,6,4,20,25,55,0,0,9,16,25,6,4,29,41,80,0,144,144,224
08/11/2022,BFM,AL,ASO,CE,Federal Contract Tower,6,6,16,13,41,0,0,12,29,41,6,6,28,42,82,4,146,150,232
08/12/2022,BFM,AL,ASO,CE,Federal Contract Tower,8,5,5,12,30,0,0,13,37,50,8,5,18,49,80,0,154,154,234
08/13/2022,BFM,AL,ASO,CE,Federal Contract Tower,4,2,13,0,19,0,0,15,9,24,4,2,28,9,43,4,32,36,79
08/14/2022,BFM,AL,ASO,CE,Federal Contract Tower,6,1,4,8,19,0,0,8,4,12,6,1,12,12,31,0,0,0,31
08/15/2022,BFM,AL,ASO,CE,Federal Contract Tower,2,3,11,32,48,0,4,18,40,62,2,7,29,72,110,0,162,162,272
08/16/2022,BFM,AL,ASO,CE,Federal Contract Tower,5,2,12,20,39,0,5,13,26,44,5,7,25,46,83,2,96,98,181
08/17/2022,BFM,AL,ASO,CE,Federal Contract Tower,12,2,16,12,42,0,4,15,51,70,12,6,31,63,112,6,186,192,304
08/18/2022,BFM,AL,ASO,CE,Federal Contract Tower,10,6,13,15,44,0,4,4,21,29,10,10,17,36,73,6,142,148,221
08/19/2022,BFM,AL,ASO,CE,Federal Contract Tower,6,7,14,12,39,0,0,13,14,27,6,7,27,26,66,60,54,114,180
08/20/2022,BFM,AL,ASO,CE,Federal Contract Tower,4,2,1,0,7,0,0,3,2,5,4,2,4,2,12,0,10,10,22
08/21/2022,BFM,AL,ASO,CE,Federal Contract Tower,1,0,6,0,7,0,3,3,1,7,1,3,9,1,14,6,0,6,20
08/22/2022,BFM,AL,ASO,CE,Federal Contract Tower,1,4,10,18,33,0,0,7,18,25,1,4,17,36,58,0,112,112,170
08/23/2022,BFM,AL,ASO,CE,Federal Contract Tower,6,5,10,11,32,0,7,9,12,28,6,12,19,23,60,4,52,56,116
08/24/2022,BFM,AL,ASO,CE,Federal Contract Tower,5,5,21,20,51,0,6,4,10,20,5,11,25,30,71,0,30,30,101
08/25/2022,BFM,AL,ASO,CE,Federal Contract Tower,8,6,23,0,37,0,0,0,1,1,8,6,23,1,38,0,0,0,38
08/26/2022,BFM,AL,ASO,CE,Federal Contract Tower,6,5,10,28,49,0,0,9,11,20,6,5,19,39,69,0,44,44,113
08/27/2022,BFM,AL,ASO,CE,Federal Contract Tower,2,12,11,10,35,0,2,4,2,8,2,14,15,12,43,0,4,4,47
08/28/2022,BFM,AL,ASO,CE,Federal Contract Tower,1,0,9,2,12,0,4,5,2,11,1,4,14,4,23,10,6,16,39
08/29/2022,BFM,AL,ASO,CE,Federal Contract Tower,3,4,18,23,48,0,6,15,47,68,3,10,33,70,116,8,188,196,312
08/30/2022,BFM,AL,ASO,CE,Federal Contract Tower,5,6,19,22,52,0,2,14,39,55,5,8,33,61,107,0,230,230,337
08/31/2022,BFM,AL,ASO,CE,Federal Contract Tower,6,7,33,55,101,0,6,16,12,34,6,13,49,67,135,0,54,54,189
09/01/2022,BFM,AL,ASO,CE,Federal Contract Tower,11,4,11,25,51,0,7,14,19,40,11,11,25,44,91,4,102,106,197
09/02/2022,BFM,AL,ASO,CE,Federal Contract Tower,5,7,13,22,47,0,5,24,1,30,5,12,37,23,77,20,0,20,97
09/03/2022,BFM,AL,ASO,CE,Federal Contract Tower,3,3,6,0,12,0,6,5,2,13,3,9,11,2,25,0,12,12,37
09/04/2022,BFM,AL,ASO,CE,Federal Contract Tower,1,3,8,0,12,0,1,8,0,9,1,4,16,0,21,8,0,8,29
09/05/2022,BFM,AL,ASO,CE,Federal Contract Tower,0,2,5,0,7,0,0,17,0,17,0,2,22,0,24,2,0,2,26
09/06/2022,BFM,AL,ASO,CE,Federal Contract Tower,4,5,17,50,76,0,4,10,45,59,4,9,27,95,135,8,198,206,341
09/07/2022,BFM,AL,ASO,CE,Federal Contract Tower,5,4,6,31,46,0,5,11,15,31,5,9,17,46,77,8,68,76,153
09/08/2022,BFM,AL,ASO,CE,Federal Contract Tower,5,7,12,22,46,0,4,11,10,25,5,11,23,32,71,14,64,78,149
09/09/2022,BFM,AL,ASO,CE,Federal Contract Tower,8,6,14,10,38,0,0,7,11,18,8,6,21,21,56,8,84,92,148
09/10/2022,BFM,AL,ASO,CE,Federal Contract Tower,2,3,3,7,15,0,0,16,6,22,2,3,19,13,37,10,20,30,67
09/11/2022,BFM,AL,ASO,CE,Federal Contract Tower,3,3,14,15,35,0,3,17,7,27,3,6,31,22,62,8,12,20,82
09/12/2022,BFM,AL,ASO,CE,Federal Contract Tower,3,3,21,67,94,0,3,8,50,61,3,6,29,117,155,6,228,234,389
09/13/2022,BFM,AL,ASO,CE,Federal Contract Tower,8,5,23,63,99,0,4,13,18,35,8,9,36,81,134,18,86,104,238
09/14/2022,BFM,AL,ASO,CE,Federal Contract Tower,5,8,23,53,89,0,2,16,27,45,5,10,39,80,134,0,84,84,218
09/15/2022,BFM,AL,ASO,CE,Federal Contract Tower,6,9,7,25,47,0,2,19,14,35,6,11,26,39,82,12,52,64,146
09/16/2022,BFM,AL,ASO,CE,Federal Contract Tower,8,7,13,23,51,0,1,12,24,37,8,8,25,47,88,2,106,108,196
09/17/2022,BFM,AL,ASO,CE,Federal Contract Tower,1,7,11,1,20,0,2,17,6,25,1,9,28,7,45,16,14,30,75
09/18/2022,BFM,AL,ASO,CE,Federal Contract Tower,5,6,7,12,30,0,0,6,4,10,5,6,13,16,40,0,10,10,50
09/19/2022,BFM,AL,ASO,CE,Federal Contract Tower,3,8,11,10,32,0,4,3,37,44,3,12,14,47,76,0,202,202,278
09/20/2022,BFM,AL,ASO,CE,Federal Contract Tower,3,4,14,64,85,0,5,12,19,36,3,9,26,83,121,16,122,138,259
09/21/2022,BFM,AL,ASO,CE,Federal Contract Tower,6,5,18,20,49,0,2,13,31,46,6,7,31,51,95,0,170,170,265
09/22/2022,BFM,AL,ASO,CE,Federal Contract Tower,9,7,21,26,63,0,0,21,25,46,9,7,42,51,109,0,144,144,253
09/23/2022,BFM,AL,ASO,CE,Federal Contract Tower,9,6,11,29,55,0,3,18,11,32,9,9,29,40,87,2,100,102,189
09/24/2022,BFM,AL,ASO,CE,Federal Contract Tower,2,3,8,5,18,0,2,10,8,20,2,5,18,13,38,0,0,0,38
09/25/2022,BFM,AL,ASO,CE,Federal Contract Tower,2,1,1,12,16,0,0,11,4,15,2,1,12,16,31,6,0,6,37
09/26/2022,BFM,AL,ASO,CE,Federal Contract Tower,1,2,13,26,42,0,3,6,24,33,1,5,19,50,75,14,126,140,215
09/27/2022,BFM,AL,ASO,CE,Federal Contract Tower,4,5,12,24,45,0,7,15,19,41,4,12,27,43,86,12,108,120,206
09/28/2022,BFM,AL,ASO,CE,Federal Contract Tower,15,4,16,10,45,0,3,8,9,20,15,7,24,19,65,0,92,92,157
09/29/2022,BFM,AL,ASO,CE,Federal Contract Tower,6,4,5,25,40,0,1,3,17,21,6,5,8,42,61,6,58,64,125
09/30/2022,BFM,AL,ASO,CE,Federal Contract Tower,4,9,11,31,55,0,4,17,26,47,4,13,28,57,102,10,102,112,214
10/01/2022,BFM,AL,ASO,CE,Federal Contract Tower,2,3,4,0,9,0,1,4,2,7,2,4,8,2,16,6,0,6,22
10/02/2022,BFM,AL,ASO,CE,Federal Contract Tower,1,1,12,6,20,0,3,14,2,19,1,4,26,8,39,0,8,8,47
10/03/2022,BFM,AL,ASO,CE,Federal Contract Tower,6,5,30,37,78,0,3,20,39,62,6,8,50,76,140,8,152,160,300
10/04/2022,BFM,AL,ASO,CE,Federal Contract Tower,6,8,14,27,55,0,6,19,25,50,6,14,33,52,105,0,122,122,227
10/05/2022,BFM,AL,ASO,CE,Federal Contract Tower,4,5,13,75,97,0,9,16,16,41,4,14,29,91,138,8,116,124,262
10/06/2022,BFM,AL,ASO,CE,Federal Contract Tower,9,3,24,27,63,0,4,16,8,28,9,7,40,35,91,0,22,22,113
10/07/2022,BFM,AL,ASO,CE,Federal Contract Tower,4,7,16,36,63,0,4,12,14,30,4,11,28,50,93,0,22,22,115
10/08/2022,BFM,AL,ASO,CE,Federal Contract Tower,4,2,6,0,12,0,6,18,0,24,4,8,24,0,36,0,0,0,36
10/09/2022,BFM,AL,ASO,CE,Federal Contract Tower,1,3,11,1,16,0,6,15,4,25,1,9,26,5,41,8,8,16,57
10/10/2022,BFM,AL,ASO,CE,Federal Contract Tower,1,9,12,2,24,0,2,9,3,14,1,11,21,5,38,0,6,6,44
10/11/2022,BFM,AL,ASO,CE,Federal Contract Tower,6,7,21,40,74,0,3,23,24,50,6,10,44,64,124,6,124,130,254
10/12/2022,BFM,AL,ASO,CE,Federal Contract Tower,10,8,16,21,55,0,1,2,13,16,10,9,18,34,71,0,130,130,201
10/13/2022,BFM,AL,ASO,CE,Federal Contract Tower,8,7,23,46,84,0,7,3,15,25,8,14,26,61,109,0,48,48,157
10/14/2022,BFM,AL,ASO,CE,Federal Contract Tower,8,9,12,25,54,0,0,14,18,32,8,9,26,43,86,0,78,78,164
10/15/2022,BFM,AL,ASO,CE,Federal Contract Tower,5,3,8,5,21,0,0,6,6,12,5,3,14,11,33,0,0,0,33
10/16/2022,BFM,AL,ASO,CE,Federal Contract Tower,4,2,10,17,33,0,1,10,7,18,4,3,20,24,51,6,0,6,57
10/17/2022,BFM,AL,ASO,CE,Federal Contract Tower,6,9,16,22,53,0,4,4,23,31,6,13,20,45,84,0,156,156,240
10/18/2022,BFM,AL,ASO,CE,Federal Contract Tower,9,5,21,50,85,0,4,15,37,56,9,9,36,87,141,0,166,166,307
10/19/2022,BFM,AL,ASO,CE,Federal Contract Tower,5,6,7,48,66,0,7,9,24,40,5,13,16,72,106,6,198,204,310
10/20/2022,BFM,AL,ASO,CE,Federal Contract Tower,8,5,22,30,65,0,2,14,27,43,8,7,36,57,108,16,106,122,230
10/21/2022,BFM,AL,ASO,CE,Federal Contract Tower,6,2,9,40,57,0,2,18,30,50,6,4,27,70,107,10,156,166,273
10/22/2022,BFM,AL,ASO,CE,Federal Contract Tower,3,2,5,6,16,0,0,12,1,13,3,2,17,7,29,18,0,18,47
10/23/2022,BFM,AL,ASO,CE,Federal Contract Tower,1,3,8,8,20,0,2,15,7,24,1,5,23,15,44,2,0,2,46
10/24/2022,BFM,AL,ASO,CE,Federal Contract Tower,1,7,29,51,88,0,4,6,25,35,1,11,35,76,123,0,108,108,231
10/25/2022,BFM,AL,ASO,CE,Federal Contract Tower,6,8,9,15,38,0,0,12,10,22,6,8,21,25,60,0,56,56,116
10/26/2022,BFM,AL,ASO,CE,Federal Contract Tower,10,5,18,64,97,0,5,20,28,53,10,10,38,92,150,22,142,164,314
10/27/2022,BFM,AL,ASO,CE,Federal Contract Tower,6,9,22,30,67,0,4,29,20,53,6,13,51,50,120,12,160,172,292
10/28/2022,BFM,AL,ASO,CE,Federal Contract Tower,12,5,26,51,94,0,2,8,13,23,12,7,34,64,117,8,42,50,167
10/29/2022,BFM,AL,ASO,CE,Federal Contract Tower,3,2,9,0,14,0,0,1,0,1,3,2,10,0,15,0,0,0,15
10/30/2022,BFM,AL,ASO,CE,Federal Contract Tower,2,4,15,12,33,0,2,0,0,2,2,6,15,12,35,0,0,0,35
10/31/2022,BFM,AL,ASO,CE,Federal Contract Tower,5,4,10,47,66,0,4,12,36,52,5,8,22,83,118,2,140,142,260
11/01/2022,BFM,AL,ASO,CE,Federal Contract Tower,7,5,19,38,69,0,2,10,26,38,7,7,29,64,107,10,138,148,255
11/02/2022,BFM,AL,ASO,CE,Federal Contract Tower,22,4,22,17,65,0,5,14,17,36,22,9,36,34,101,0,104,104,205
11/03/2022,BFM,AL,ASO,CE,Federal Contract Tower,10,9,16,26,61,0,4,16,28,48,10,13,32,54,109,0,196,196,305
11/04/2022,BFM,AL,ASO,CE,Federal Contract Tower,21,6,21,5,53,0,2,8,24,34,21,8,29,29,87,10,90,100,187
11/05/2022,BFM,AL,ASO,CE,Federal Contract Tower,3,2,3,4,12,0,0,6,4,10,3,2,9,8,22,0,0,0,22
11/06/2022,BFM,AL,ASO,CE,Federal Contract Tower,2,2,10,6,20,0,0,13,6,19,2,2,23,12,39,20,22,42,81
11/07/2022,BFM,AL,ASO,CE,Federal Contract Tower,1,6,19,12,38,0,2,10,36,48,1,8,29,48,86,8,204,212,298
11/08/2022,BFM,AL,ASO,CE,Federal Contract Tower,7,8,23,50,88,0,6,15,18,39,7,14,38,68,127,12,86,98,225
11/09/2022,BFM,AL,ASO,CE,Federal Contract Tower,14,5,18,62,99,0,5,6,20,31,14,10,24,82,130,4,68,72,202
11/10/2022,BFM,AL,ASO,CE,Federal Contract Tower,9,9,24,61,103,0,4,14,27,45,9,13,38,88,148,0,140,140,288
11/11/2022,BFM,AL,ASO,CE,Federal Contract Tower,6,5,21,8,40,0,0,10,14,24,6,5,31,22,64,14,14,28,92
11/12/2022,BFM,AL,ASO,CE,Federal Contract Tower,2,2,7,6,17,0,0,1,0,1,2,2,8,6,18,0,0,0,18
11/13/2022,BFM,AL,ASO,CE,Federal Contract Tower,9,3,8,4,24,0,4,6,1,11,9,7,14,5,35,0,0,0,35
11/14/2022,BFM,AL,ASO,CE,Federal Contract Tower,9,8,12,33,62,0,0,17,27,44,9,8,29,60,106,16,134,150,256
11/15/2022,BFM,AL,ASO,CE,Federal Contract Tower,4,8,13,62,87,0,1,0,6,7,4,9,13,68,94,0,28,28,122
11/16/2022,BFM,AL,ASO,CE,Federal Contract Tower,6,4,23,55,88,0,4,10,27,41,6,8,33,82,129,8,134,142,271
11/17/2022,BFM,AL,ASO,CE,Federal Contract Tower,8,6,25,39,78,0,2,23,11,36,8,8,48,50,114,24,72,96,210
11/18/2022,BFM,AL,ASO,CE,Federal Contract Tower,7,7,16,60,90,0,0,18,11,29,7,7,34,71,119,4,56,60,179
11/19/2022,BFM,AL,ASO,CE,Federal Contract Tower,6,2,9,5,22,0,0,19,0,19,6,2,28,5,41,16,0,16,57
11/20/2022,BFM,AL,ASO,CE,Federal Contract Tower,1,0,11,0,12,0,3,29,4,36,1,3,40,4,48,0,8,8,56
11/21/2022,BFM,AL,ASO,CE,Federal Contract Tower,3,2,14,60,79,0,0,13,15,28,3,2,27,75,107,14,74,88,195
11/22/2022,BFM,AL,ASO,CE,Federal Contract Tower,10,4,19,77,110,0,1,4,27,32,10,5,23,104,142,0,126,126,268
11/23/2022,BFM,AL,ASO,CE,Federal Contract Tower,4,11,12,17,44,0,2,13,10,25,4,13,25,27,69,20,60,80,149
11/24/2022,BFM,AL,ASO,CE,Federal Contract Tower,0,1,0,0,1,0,0,0,0,0,0,1,0,0,1,0,0,0,1
11/25/2022,BFM,AL,ASO,CE,Federal Contract Tower,6,5,8,0,19,0,0,0,0,0,6,5,8,0,19,0,0,0,19
11/26/2022,BFM,AL,ASO,CE,Federal Contract Tower,2,2,2,0,6,0,0,0,0,0,2,2,2,0,6,0,0,0,6
11/27/2022,BFM,AL,ASO,CE,Federal Contract Tower,5,3,3,0,11,0,0,8,0,8,5,3,11,0,19,16,0,16,35
11/28/2022,BFM,AL,ASO,CE,Federal Contract Tower,5,7,4,27,43,0,1,9,26,36,5,8,13,53,79,22,92,114,193
11/29/2022,BFM,AL,ASO,CE,Federal Contract Tower,7,5,12,3,27,0,2,1,8,11,7,7,13,11,38,0,20,20,58
11/30/2022,BFM,AL,ASO,CE,Federal Contract Tower,5,7,12,50,74,0,3,6,21,30,5,10,18,71,104,0,90,90,194
12/01/2022,BFM,AL,ASO,CE,Federal Contract Tower,9,4,17,69,99,0,2,11,19,32,9,6,28,88,131,2,84,86,217
12/02/2022,BFM,AL,ASO,CE,Federal Contract Tower,4,9,25,39,77,0,0,3,13,16,4,9,28,52,93,0,50,50,143
12/03/2022,BFM,AL,ASO,CE,Federal Contract Tower,4,6,7,4,21,0,0,4,2,6,4,6,11,6,27,18,6,24,51
12/04/2022,BFM,AL,ASO,CE,Federal Contract Tower,1,3,16,9,29,0,0,3,0,3,1,3,19,9,32,12,0,12,44
12/05/2022,BFM,AL,ASO,CE,Federal Contract Tower,5,4,12,12,33,0,0,0,0,0,5,4,12,12,33,0,0,0,33
12/06/2022,BFM,AL,ASO,CE,Federal Contract Tower,6,4,20,46,76,0,2,9,21,32,6,6,29,67,108,8,100,108,216
12/07/2022,BFM,AL,ASO,CE,Federal Contract Tower,6,14,20,40,80,0,2,11,10,23,6,16,31,50,103,0,34,34,137
12/08/2022,BFM,AL,ASO,CE,Federal Contract Tower,6,2,23,37,68,0,2,10,4,16,6,4,33,41,84,14,20,34,118
12/09/2022,BFM,AL,ASO,CE,Federal Contract Tower,11,7,17,16,51,0,0,2,0,2,11,7,19,16,53,14,0,14,67
12/10/2022,BFM,AL,ASO,CE,Federal Contract Tower,2,0,3,4,9,0,0,0,0,0,2,0,3,4,9,0,0,0,9
12/11/2022,BFM,AL,ASO,CE,Federal Contract Tower,1,1,3,3,8,0,0,0,0,0,1,1,3,3,8,0,0,0,8
12/12/2022,BFM,AL,ASO,CE,Federal Contract Tower,5,4,21,76,106,0,1,1,8,10,5,5,22,84,116,0,66,66,182
12/13/2022,BFM,AL,ASO,CE,Federal Contract Tower,7,8,27,33,75,0,2,2,3,7,7,10,29,36,82,0,12,12,94
12/14/2022,BFM,AL,ASO,CE,Federal Contract Tower,6,10,6,9,31,0,0,0,0,0,6,10,6,9,31,0,0,0,31
12/15/2022,BFM,AL,ASO,CE,Federal Contract Tower,8,10,34,42,94,0,8,26,13,47,8,18,60,55,141,28,58,86,227
12/16/2022,BFM,AL,ASO,CE,Federal Contract Tower,14,5,18,34,71,0,3,15,24,42,14,8,33,58,113,24,94,118,231
12/17/2022,BFM,AL,ASO,CE,Federal Contract Tower,5,3,4,6,18,0,3,3,3,9,5,6,7,9,27,0,12,12,39
12/18/2022,BFM,AL,ASO,CE,Federal Contract Tower,2,0,24,8,34,0,2,9,0,11,2,2,33,8,45,2,0,2,47
12/19/2022,BFM,AL,ASO,CE,Federal Contract Tower,6,9,19,18,52,0,0,2,12,14,6,9,21,30,66,0,48,48,114
12/20/2022,BFM,AL,ASO,CE,Federal Contract Tower,10,4,8,28,50,0,0,0,0,0,10,4,8,28,50,0,0,0,50
12/21/2022,BFM,AL,ASO,CE,Federal Contract Tower,7,5,4,20,36,0,0,2,0,2,7,5,6,20,38,0,0,0,38
12/22/2022,BFM,AL,ASO,CE,Federal Contract Tower,8,6,9,54,77,0,0,2,0,2,8,6,11,54,79,12,6,18,97
12/23/2022,BFM,AL,ASO,CE,Federal Contract Tower,3,8,9,0,20,0,1,4,0,5,3,9,13,0,25,0,0,0,25
12/24/2022,BFM,AL,ASO,CE,Federal Contract Tower,2,0,5,0,7,0,0,0,0,0,2,0,5,0,7,0,0,0,7
12/25/2022,BFM,AL,ASO,CE,Federal Contract Tower,0,0,1,0,1,0,0,2,0,2,0,0,3,0,3,2,0,2,5
12/26/2022,BFM,AL,ASO,CE,Federal Contract Tower,0,2,3,0,5,0,1,4,0,5,0,3,7,0,10,0,0,0,10
12/27/2022,BFM,AL,ASO,CE,Federal Contract Tower,6,5,16,12,39,0,0,19,14,33,6,5,35,26,72,10,28,38,110
12/28/2022,BFM,AL,ASO,CE,Federal Contract Tower,7,5,8,9,29,0,2,12,9,23,7,7,20,18,52,6,32,38,90
12/29/2022,BFM,AL,ASO,CE,Federal Contract Tower,5,5,2,16,28,0,0,16,19,35,5,5,18,35,63,36,74,110,173
12/30/2022,BFM,AL,ASO,CE,Federal Contract Tower,8,4,4,0,16,0,0,0,0,0,8,4,4,0,16,0,0,0,16
12/31/2022,BFM,AL,ASO,CE,Federal Contract Tower,3,1,3,0,7,0,0,0,0,0,3,1,3,0,7,0,0,0,7
01/01/2023,BFM,AL,ASO,CE,Federal Contract Tower,0,1,6,0,7,0,0,4,0,4,0,1,10,0,11,6,0,6,17
01/02/2023,BFM,AL,ASO,CE,Federal Contract Tower,1,5,8,0,14,0,0,0,0,0,1,5,8,0,14,0,0,0,14
01/03/2023,BFM,AL,ASO,CE,Federal Contract Tower,3,4,3,2,12,0,0,0,2,2,3,4,3,4,14,0,0,0,14
01/04/2023,BFM,AL,ASO,CE,Federal Contract Tower,5,11,17,56,89,0,4,13,45,62,5,15,30,101,151,10,180,190,341
01/05/2023,BFM,AL,ASO,CE,Federal Contract Tower,5,8,20,33,66,0,6,14,48,68,5,14,34,81,134,4,196,200,334
01/06/2023,BFM,AL,ASO,CE,Federal Contract Tower,8,5,14,69,96,0,0,25,29,54,8,5,39,98,150,30,126,156,306
01/07/2023,BFM,AL,ASO,CE,Federal Contract Tower,3,3,8,12,26,0,0,16,4,20,3,3,24,16,46,42,16,58,104
01/08/2023,BFM,AL,ASO,CE,Federal Contract Tower,1,5,7,8,21,0,0,4,2,6,1,5,11,10,27,4,4,8,35
01/09/2023,BFM,AL,ASO,CE,Federal Contract Tower,1,4,23,25,53,0,2,17,39,58,1,6,40,64,111,30,182,212,323
01/10/2023,BFM,AL,ASO,CE,Federal Contract Tower,6,9,7,99,121,0,2,28,37,67,6,11,35,136,188,16,208,224,412
01/11/2023,BFM,AL,ASO,CE,Federal Contract Tower,6,5,10,30,51,0,4,4,3,11,6,9,14,33,62,0,18,18,80
01/12/2023,BFM,AL,ASO,CE,Federal Contract Tower,6,7,23,4,40,0,2,4,15,21,6,9,27,19,61,2,106,108,169
01/13/2023,BFM,AL,ASO,CE,Federal Contract Tower,3,6,30,41,80,0,0,21,16,37,3,6,51,57,117,8,82,90,207
01/14/2023,BFM,AL,ASO,CE,Federal Contract Tower,2,2,15,0,19,0,0,17,2,19,2,2,32,2,38,22,18,40,78
01/15/2023,BFM,AL,ASO,CE,Federal Contract Tower,2,2,9,8,21,0,0,6,2,8,2,2,15,10,29,0,0,0,29
01/16/2023,BFM,AL,ASO,CE,Federal Contract Tower,4,6,11,3,24,0,1,7,0,8,4,7,18,3,32,10,0,10,42
01/17/2023,BFM,AL,ASO,CE,Federal Contract Tower,4,8,13,35,60,0,2,11,24,37,4,10,24,59,97,2,74,76,173
01/18/2023,BFM,AL,ASO,CE,Federal Contract Tower,4,7,12,73,96,0,4,2,27,33,4,11,14,100,129,0,172,172,301
01/19/2023,BFM,AL,ASO,CE,Federal Contract Tower,5,7,20,47,79,0,5,8,33,46,5,12,28,80,125,12,162,174,299
01/20/2023,BFM,AL,ASO,CE,Federal Contract Tower,4,10,35,63,112,0,0,24,26,50,4,10,59,89,162,14,174,188,350
01/21/2023,BFM,AL,ASO,CE,Federal Contract Tower,2,5,4,6,17,0,0,5,0,5,2,5,9,6,22,16,0,16,38
01/22/2023,BFM,AL,ASO,CE,Federal Contract Tower,3,1,8,4,16,0,0,1,0,1,3,1,9,4,17,0,0,0,17
01/23/2023,BFM,AL,ASO,CE,Federal Contract Tower,4,11,30,49,94,0,5,13,21,39,4,16,43,70,133,20,86,106,239
01/24/2023,BFM,AL,ASO,CE,Federal Contract Tower,4,9,20,45,78,0,1,5,13,19,4,10,25,58,97,0,82,82,179
01/25/2023,BFM,AL,ASO,CE,Federal Contract Tower,3,3,16,97,119,0,0,11,38,49,3,3,27,135,168,6,148,154,322
01/26/2023,BFM,AL,ASO,CE,Federal Contract Tower,4,10,13,35,62,0,3,6,40,49,4,13,19,75,111,4,150,154,265
01/27/2023,BFM,AL,ASO,CE,Federal Contract Tower,6,5,21,42,74,0,1,20,22,43,6,6,41,64,117,10,86,96,213
01/28/2023,BFM,AL,ASO,CE,Federal Contract Tower,4,3,4,6,17,0,1,16,2,19,4,4,20,8,36,8,8,16,52
01/29/2023,BFM,AL,ASO,CE,Federal Contract Tower,1,1,4,0,6,0,0,3,0,3,1,1,7,0,9,0,0,0,9
01/30/2023,BFM,AL,ASO,CE,Federal Contract Tower,2,4,19,42,67,0,0,0,6,6,2,4,19,48,73,0,32,32,105
01/31/2023,BFM,AL,ASO,CE,Federal Contract Tower,2,9,9,19,39,0,0,0,8,8,2,9,9,27,47,0,36,36,83
02/01/2023,BFM,AL,ASO,CE,Federal Contract Tower,3,11,16,61,91,0,0,0,2,2,3,11,16,63,93,0,18,18,111
02/02/2023,BFM,AL,ASO,CE,Federal Contract Tower,4,15,19,6,44,0,0,0,0,0,4,15,19,6,44,0,0,0,44
02/03/2023,BFM,AL,ASO,CE,Federal Contract Tower,4,10,16,36,66,0,2,11,29,42,4,12,27,65,108,30,132,162,270
02/04/2023,BFM,AL,ASO,CE,Federal Contract Tower,2,3,5,2,12,0,0,16,4,20,2,3,21,6,32,4,18,22,54
02/05/2023,BFM,AL,ASO,CE,Federal Contract Tower,0,3,8,1,12,0,0,10,6,16,0,3,18,7,28,6,36,42,70
02/06/2023,BFM,AL,ASO,CE,Federal Contract Tower,4,5,16,36,61,0,1,17,40,58,4,6,33,76,119,6,126,132,251
02/07/2023,BFM,AL,ASO,CE,Federal Contract Tower,8,6,22,37,73,0,2,10,24,36,8,8,32,61,109,6,216,222,331
02/08/2023,BFM,AL,ASO,CE,Federal Contract Tower,9,4,19,21,53,0,3,2,13,18,9,7,21,34,71,2,74,76,147
02/09/2023,BFM,AL,ASO,CE,Federal Contract Tower,7,6,23,11,47,0,0,0,0,0,7,6,23,11,47,0,0,0,47
02/10/2023,BFM,AL,ASO,CE,Federal Contract Tower,6,6,18,20,50,0,0,3,12,15,6,6,21,32,65,0,80,80,145
02/11/2023,BFM,AL,ASO,CE,Federal Contract Tower,2,3,5,0,10,0,0,0,0,0,2,3,5,0,10,0,0,0,10
02/12/2023,BFM,AL,ASO,CE,Federal Contract Tower,1,0,3,4,8,0,0,15,15,30,1,0,18,19,38,0,6,6,44
02/13/2023,BFM,AL,ASO,CE,Federal Contract Tower,1,4,19,34,58,0,0,23,37,60,1,4,42,71,118,26,180,206,324
02/14/2023,BFM,AL,ASO,CE,Federal Contract Tower,7,5,27,53,92,0,9,8,24,41,7,14,35,77,133,10,116,126,259
02/15/2023,BFM,AL,ASO,CE,Federal Contract Tower,8,7,15,35,65,0,1,9,32,42,8,8,24,67,107,10,206,216,323
02/16/2023,BFM,AL,ASO,CE,Federal Contract Tower,9,5,11,0,25,0,0,0,2,2,9,5,11,2,27,0,22,22,49
02/17/2023,BFM,AL,ASO,CE,Federal Contract Tower,9,9,40,24,82,0,3,6,6,15,9,12,46,30,97,0,52,52,149
02/18/2023,BFM,AL,ASO,CE,Federal Contract Tower,2,4,9,1,16,0,0,15,8,23,2,4,24,9,39,16,0,16,55
02/19/2023,BFM,AL,ASO,CE,Federal Contract Tower,6,2,19,4,31,0,0,23,0,23,6,2,42,4,54,12,0,12,66
02/20/2023,BFM,AL,ASO,CE,Federal Contract Tower,5,7,9,0,21,0,2,14,0,16,5,9,23,0,37,0,0,0,37
02/21/2023,BFM,AL,ASO,CE,Federal Contract Tower,12,11,22,42,87,0,0,2,14,16,12,11,24,56,103,2,120,122,225
02/22/2023,BFM,AL,ASO,CE,Federal Contract Tower,4,4,11,25,44,0,0,0,8,8,4,4,11,33,52,0,82,82,134
02/23/2023,BFM,AL,ASO,CE,Federal Contract Tower,13,4,15,39,71,0,0,0,8,8,13,4,15,47,79,0,62,62,141
02/24/2023,BFM,AL,ASO,CE,Federal Contract Tower,9,0,16,14,39,0,0,0,4,4,9,0,16,18,43,0,18,18,61
02/25/2023,BFM,AL,ASO,CE,Federal Contract Tower,2,5,9,8,24,0,0,4,10,14,2,5,13,18,38,0,40,40,78
02/26/2023,BFM,AL,ASO,CE,Federal Contract Tower,1,2,6,24,33,0,0,5,7,12,1,2,11,31,45,0,12,12,57
02/27/2023,BFM,AL,ASO,CE,Federal Contract Tower,3,6,11,16,36,0,0,5,25,30,3,6,16,41,66,2,190,192,258
02/28/2023,BFM,AL,ASO,CE,Federal Contract Tower,7,12,12,54,85,0,4,8,24,36,7,16,20,78,121,0,164,164,285
03/01/2023,BFM,AL,ASO,CE,Federal Contract Tower,5,3,20,42,70,0,3,6,27,36,5,6,26,69,106,0,142,142,248
03/02/2023,BFM,AL,ASO,CE,Federal Contract Tower,4,7,16,37,64,0,1,6,15,22,4,8,22,52,86,0,46,46,132
03/03/2023,BFM,AL,ASO,CE,Federal Contract Tower,9,9,16,23,57,0,0,9,4,13,9,9,25,27,70,0,40,40,110
03/04/2023,BFM,AL,ASO,CE,Federal Contract Tower,2,2,5,0,9,0,0,14,4,18,2,2,19,4,27,12,0,12,39
03/05/2023,BFM,AL,ASO,CE,Federal Contract Tower,2,0,3,4,9,0,0,16,4,20,2,0,19,8,29,16,20,36,65
03/06/2023,BFM,AL,ASO,CE,Federal Contract Tower,5,5,16,20,46,0,0,8,9,17,5,5,24,29,63,6,52,58,121
03/07/2023,BFM,AL,ASO,CE,Federal Contract Tower,4,10,16,51,81,0,0,8,63,71,4,10,24,114,152,14,348,362,514
03/08/2023,BFM,AL,ASO,CE,Federal Contract Tower,4,5,18,46,73,0,4,13,41,58,4,9,31,87,131,6,202,208,339
03/09/2023,BFM,AL,ASO,CE,Federal Contract Tower,8,5,12,9,34,0,2,6,12,20,8,7,18,21,54,2,88,90,144
03/10/2023,BFM,AL,ASO,CE,Federal Contract Tower,3,5,27,69,104,0,0,16,35,51,3,5,43,104,155,18,202,220,375
03/11/2023,BFM,AL,ASO,CE,Federal Contract Tower,3,2,11,4,20,0,0,6,3,9,3,2,17,7,29,0,0,0,29
03/12/2023,BFM,AL,ASO,CE,Federal Contract Tower,1,3,8,0,12,0,0,0,0,0,1,3,8,0,12,0,0,0,12
03/13/2023,BFM,AL,ASO,CE,Federal Contract Tower,3,3,16,78,100,0,6,7,27,40,3,9,23,105,140,0,148,148,288
03/14/2023,BFM,AL,ASO,CE,Federal Contract Tower,7,8,24,59,98,0,5,12,20,37,7,13,36,79,135,0,110,110,245
03/15/2023,BFM,AL,ASO,CE,Federal Contract Tower,6,9,27,34,76,0,2,27,21,50,6,11,54,55,126,2,144,146,272
03/16/2023,BFM,AL,ASO,CE,Federal Contract Tower,5,8,11,38,62,0,4,7,43,54,5,12,18,81,116,18,168,186,302
03/17/2023,BFM,AL,ASO,CE,Federal Contract Tower,5,4,2,7,18,0,2,2,12,16,5,6,4,19,34,0,64,64,98
03/18/2023,BFM,AL,ASO,CE,Federal Contract Tower,1,2,6,3,12,0,0,6,1,7,1,2,12,4,19,0,0,0,19
03/19/2023,BFM,AL,ASO,CE,Federal Contract Tower,3,0,12,16,31,0,2,11,7,20,3,2,23,23,51,12,6,18,69
03/20/2023,BFM,AL,ASO,CE,Federal Contract Tower,3,4,17,66,90,0,3,15,35,53,3,7,32,101,143,2,304,306,449
03/21/2023,BFM,AL,ASO,CE,Federal Contract Tower,7,5,21,35,68,0,3,7,36,46,7,8,28,71,114,8,124,132,246
03/22/2023,BFM,AL,ASO,CE,Federal Contract Tower,4,11,9,58,82,0,2,6,55,63,4,13,15,113,145,0,272,272,417
03/23/2023,BFM,AL,ASO,CE,Federal Contract Tower,6,7,17,39,69,0,4,3,26,33,6,11,20,65,102,0,154,154,256
03/24/2023,BFM,AL,ASO,CE,Federal Contract Tower,8,8,8,19,43,0,0,2,13,15,8,8,10,32,58,0,72,72,130
03/25/2023,BFM,AL,ASO,CE,Federal Contract Tower,2,3,4,6,15,0,0,0,0,0,2,3,4,6,15,0,0,0,15
03/26/2023,BFM,AL,ASO,CE,Federal Contract Tower,1,0,5,0,6,0,0,0,0,0,1,0,5,0,6,0,0,0,6
03/27/2023,BFM,AL,ASO,CE,Federal Contract Tower,4,1,16,15,36,0,0,0,9,9,4,1,16,24,45,0,32,32,77
03/28/2023,BFM,AL,ASO,CE,Federal Contract Tower,4,5,10,7,26,0,2,1,17,20,4,7,11,24,46,0,94,94,140
03/29/2023,BFM,AL,ASO,CE,Federal Contract Tower,9,10,15,27,61,0,5,15,42,62,9,15,30,69,123,0,322,322,445
03/30/2023,BFM,AL,ASO,CE,Federal Contract Tower,6,7,13,24,50,0,2,16,37,55,6,9,29,61,105,2,234,236,341
03/31/2023,BFM,AL,ASO,CE,Federal Contract Tower,8,6,6,41,61,0,4,3,17,24,8,10,9,58,85,0,64,64,149
04/01/2023,BFM,AL,ASO,CE,Federal Contract Tower,1,1,7,0,9,0,0,2,0,2,1,1,9,0,11,0,0,0,11
04/02/2023,BFM,AL,ASO,CE,Federal Contract Tower,2,8,7,15,32,0,0,20,6,26,2,8,27,21,58,40,0,40,98
04/03/2023,BFM,AL,ASO,CE,Federal Contract Tower,6,2,10,23,41,0,0,4,13,17,6,2,14,36,58,2,82,84,142
04/04/2023,BFM,AL,ASO,CE,Federal Contract Tower,8,4,15,28,55,0,0,0,0,0,8,4,15,28,55,0,0,0,55
04/05/2023,BFM,AL,ASO,CE,Federal Contract Tower,14,14,18,11,57,0,0,3,4,7,14,14,21,15,64,0,24,24,88
04/06/2023,BFM,AL,ASO,CE,Federal Contract Tower,9,5,28,11,53,0,0,12,34,46,9,5,40,45,99,28,176,204,303
04/07/2023,BFM,AL,ASO,CE,Federal Contract Tower,4,6,13,13,36,0,0,0,1,1,4,6,13,14,37,0,0,0,37
04/08/2023,BFM,AL,ASO,CE,Federal Contract Tower,11,3,10,0,24,0,0,0,0,0,11,3,10,0,24,0,0,0,24
04/09/2023,BFM,AL,ASO,CE,Federal Contract Tower,3,2,2,0,7,0,0,6,0,6,3,2,8,0,13,30,0,30,43
04/10/2023,BFM,AL,ASO,CE,Federal Contract Tower,4,2,16,48,70,0,2,13,20,35,4,4,29,68,105,10,126,136,241
04/11/2023,BFM,AL,ASO,CE,Federal Contract Tower,7,5,21,36,69,0,4,12,29,45,7,9,33,65,114,6,132,138,252
04/12/2023,BFM,AL,ASO,CE,Federal Contract Tower,8,8,19,9,44,0,4,8,11,23,8,12,27,20,67,0,50,50,117
04/13/2023,BFM,AL,ASO,CE,Federal Contract Tower,9,3,13,7,32,0,1,7,8,16,9,4,20,15,48,0,60,60,108
04/14/2023,BFM,AL,ASO,CE,Federal Contract Tower,13,11,22,46,92,0,4,15,14,33,13,15,37,60,125,22,68,90,215
04/15/2023,BFM,AL,ASO,CE,Federal Contract Tower,3,2,5,5,15,0,0,4,10,14,3,2,9,15,29,8,54,62,91
04/16/2023,BFM,AL,ASO,CE,Federal Contract Tower,1,2,22,16,41,0,21,8,2,31,1,23,30,18,72,30,20,50,122
04/17/2023,BFM,AL,ASO,CE,Federal Contract Tower,5,2,17,30,54,0,2,16,21,39,5,4,33,51,93,14,124,138,231
04/18/2023,BFM,AL,ASO,CE,Federal Contract Tower,6,7,27,39,79,0,8,14,24,46,6,15,41,63,125,6,112,118,243
04/19/2023,BFM,AL,ASO,CE,Federal Contract Tower,6,7,25,40,78,0,0,24,20,44,6,7,49,60,122,6,166,172,294
04/20/2023,BFM,AL,ASO,CE,Federal Contract Tower,16,2,16,37,71,0,2,26,32,60,16,4,42,69,131,18,142,160,291
04/21/2023,BFM,AL,ASO,CE,Federal Contract Tower,8,4,20,43,75,0,0,5,22,27,8,4,25,65,102,14,152,166,268
04/22/2023,BFM,AL,ASO,CE,Federal Contract Tower,3,2,1,0,6,0,1,13,0,14,3,3,14,0,20,6,0,6,26
04/23/2023,BFM,AL,ASO,CE,Federal Contract Tower,1,4,14,8,27,0,1,26,0,27,1,5,40,8,54,2,0,2,56
04/24/2023,BFM,AL,ASO,CE,Federal Contract Tower,10,3,12,111,136,0,1,9,17,27,10,4,21,128,163,0,178,178,341
04/25/2023,BFM,AL,ASO,CE,Federal Contract Tower,5,8,28,40,81,0,1,21,37,59,5,9,49,77,140,26,160,186,326
04/26/2023,BFM,AL,ASO,CE,Federal Contract Tower,8,6,17,75,106,0,2,21,37,60,8,8,38,112,166,2,198,200,366
04/27/2023,BFM,AL,ASO,CE,Federal Contract Tower,8,5,13,0,26,0,0,0,0,0,8,5,13,0,26,0,0,0,26
04/28/2023,BFM,AL,ASO,CE,Federal Contract Tower,6,7,18,54,85,0,2,10,26,38,6,9,28,80,123,14,122,136,259
04/29/2023,BFM,AL,ASO,CE,Federal Contract Tower,2,1,2,0,5,0,0,0,0,0,2,1,2,0,5,0,0,0,5
04/30/2023,BFM,AL,ASO,CE,Federal Contract Tower,1,3,5,10,19,0,2,5,4,11,1,5,10,14,30,0,24,24,54
05/01/2023,BFM,AL,ASO,CE,Federal Contract Tower,6,5,18,72,101,0,9,21,20,50,6,14,39,92,151,6,102,108,259
05/02/2023,BFM,AL,ASO,CE,Federal Contract Tower,4,7,12,65,88,0,4,13,25,42,4,11,25,90,130,6,156,162,292
05/03/2023,BFM,AL,ASO,CE,Federal Contract Tower,12,6,12,49,79,0,3,12,35,50,12,9,24,84,129,24,172,196,325
05/04/2023,BFM,AL,ASO,CE,Federal Contract Tower,8,8,28,35,79,0,5,17,33,55,8,13,45,68,134,10,246,256,390
05/05/2023,BFM,AL,ASO,CE,Federal Contract Tower,6,5,16,36,63,0,1,2,7,10,6,6,18,43,73,0,66,66,139
05/06/2023,BFM,AL,ASO,CE,Federal Contract Tower,3,4,9,0,16,0,0,0,0,0,3,4,9,0,16,0,0,0,16
05/07/2023,BFM,AL,ASO,CE,Federal Contract Tower,7,0,21,18,46,0,0,4,0,4,7,0,25,18,50,0,0,0,50
05/08/2023,BFM,AL,ASO,CE,Federal Contract Tower,4,4,14,19,41,0,1,0,4,5,4,5,14,23,46,0,38,38,84
05/09/2023,BFM,AL,ASO,CE,Federal Contract Tower,4,6,21,10,41,0,0,6,14,20,4,6,27,24,61,24,92,116,177
05/10/2023,BFM,AL,ASO,CE,Federal Contract Tower,11,12,17,26,66,0,14,15,23,52,11,26,32,49,118,50,116,166,284
05/11/2023,BFM,AL,ASO,CE,Federal Contract Tower,9,10,16,44,79,0,3,8,31,42,9,13,24,75,121,12,156,168,289
05/12/2023,BFM,AL,ASO,CE,Federal Contract Tower,3,5,9,42,59,0,1,20,22,43,3,6,29,64,102,42,106,148,250
05/13/2023,BFM,AL,ASO,CE,Federal Contract Tower,3,5,8,6,22,0,2,12,4,18,3,7,20,10,40,10,24,34,74
05/14/2023,BFM,AL,ASO,CE,Federal Contract Tower,3,0,4,12,19,0,1,6,0,7,3,1,10,12,26,2,0,2,28
05/15/2023,BFM,AL,ASO,CE,Federal Contract Tower,6,5,3,31,45,0,2,13,28,43,6,7,16,59,88,10,64,74,162
05/16/2023,BFM,AL,ASO,CE,Federal Contract Tower,4,6,19,46,75,0,2,5,22,29,4,8,24,68,104,0,108,108,212
05/17/2023,BFM,AL,ASO,CE,Federal Contract Tower,8,4,21,31,64,0,2,3,5,10,8,6,24,36,74,0,44,44,118
05/18/2023,BFM,AL,ASO,CE,Federal Contract Tower,9,7,19,56,91,0,2,9,17,28,9,9,28,73,119,4,78,82,201
05/19/2023,BFM,AL,ASO,CE,Federal Contract Tower,8,13,19,30,70,0,2,8,24,34,8,15,27,54,104,0,110,110,214
05/20/2023,BFM,AL,ASO,CE,Federal Contract Tower,2,2,5,0,9,0,2,9,5,16,2,4,14,5,25,0,30,30,55
05/21/2023,BFM,AL,ASO,CE,Federal Contract Tower,2,1,5,0,8,0,6,4,0,10,2,7,9,0,18,0,0,0,18
05/22/2023,BFM,AL,ASO,CE,Federal Contract Tower,7,8,14,43,72,0,1,11,21,33,7,9,25,64,105,6,110,116,221
05/23/2023,BFM,AL,ASO,CE,Federal Contract Tower,8,11,20,30,69,0,0,7,11,18,8,11,27,41,87,2,40,42,129
05/24/2023,BFM,AL,ASO,CE,Federal Contract Tower,8,7,14,66,95,0,2,1,5,8,8,9,15,71,103,0,42,42,145
05/25/2023,BFM,AL,ASO,CE,Federal Contract Tower,7,6,17,37,67,0,0,24,21,45,7,6,41,58,112,4,52,56,168
05/26/2023,BFM,AL,ASO,CE,Federal Contract Tower,4,7,12,40,63,0,2,17,1,20,4,9,29,41,83,38,0,38,121
05/27/2023,BFM,AL,ASO,CE,Federal Contract Tower,3,2,2,4,11,0,0,4,0,4,3,2,6,4,15,0,0,0,15
05/28/2023,BFM,AL,ASO,CE,Federal Contract Tower,1,0,3,0,4,0,2,15,4,21,1,2,18,4,25,14,0,14,39
05/29/2023,BFM,AL,ASO,CE,Federal Contract Tower,2,0,3,5,10,0,0,9,0,9,2,0,12,5,19,20,6,26,45
05/30/2023,BFM,AL,ASO,CE,Federal Contract Tower,8,3,11,26,48,0,0,17,17,34,8,3,28,43,82,12,90,102,184
05/31/2023,BFM,AL,ASO,CE,Federal Contract Tower,6,6,9,79,100,0,11,18,52,81,6,17,27,131,181,4,250,254,435
06/01/2023,BFM,AL,ASO,CE,Federal Contract Tower,10,7,11,28,56,0,0,2,25,27,10,7,13,53,83,0,184,184,267
06/02/2023,BFM,AL,ASO,CE,Federal Contract Tower,6,8,4,64,82,0,2,19,24,45,6,10,23,88,127,0,168,168,295
06/03/2023,BFM,AL,ASO,CE,Federal Contract Tower,3,4,16,0,23,0,0,8,0,8,3,4,24,0,31,4,0,4,35
06/04/2023,BFM,AL,ASO,CE,Federal Contract Tower,2,0,10,0,12,0,0,6,0,6,2,0,16,0,18,10,0,10,28
06/05/2023,BFM,AL,ASO,CE,Federal Contract Tower,6,5,13,21,45,0,2,15,11,28,6,7,28,32,73,16,50,66,139
06/06/2023,BFM,AL,ASO,CE,Federal Contract Tower,4,13,18,67,102,0,4,10,44,58,4,17,28,111,160,0,162,162,322
06/07/2023,BFM,AL,ASO,CE,Federal Contract Tower,9,11,18,33,71,0,4,13,18,35,9,15,31,51,106,8,46,54,160
06/08/2023,BFM,AL,ASO,CE,Federal Contract Tower,16,8,14,24,62,0,5,18,14,37,16,13,32,38,99,0,114,114,213
06/09/2023,BFM,AL,ASO,CE,Federal Contract Tower,9,8,18,33,68,0,6,7,21,34,9,14,25,54,102,0,124,124,226
06/10/2023,BFM,AL,ASO,CE,Federal Contract Tower,3,6,8,0,17,0,1,13,6,20,3,7,21,6,37,6,0,6,43
06/11/2023,BFM,AL,ASO,CE,Federal Contract Tower,5,3,4,5,17,0,3,6,0,9,5,6,10,5,26,14,0,14,40
06/12/2023,BFM,AL,ASO,CE,Federal Contract Tower,3,3,7,45,58,0,1,13,10,24,3,4,20,55,82,6,52,58,140
06/13/2023,BFM,AL,ASO,CE,Federal Contract Tower,6,5,14,20,45,0,2,9,25,36,6,7,23,45,81,8,90,98,179
06/14/2023,BFM,AL,ASO,CE,Federal Contract Tower,7,3,11,46,67,0,2,6,8,16,7,5,17,54,83,6,44,50,133
06/15/2023,BFM,AL,ASO,CE,Federal Contract Tower,9,7,16,7,39,0,1,1,12,14,9,8,17,19,53,6,14,20,73
06/16/2023,BFM,AL,ASO,CE,Federal Contract Tower,9,3,8,4,24,0,2,4,1,7,9,5,12,5,31,0,4,4,35
06/17/2023,BFM,AL,ASO,CE,Federal Contract Tower,5,4,5,0,14,0,0,1,0,1,5,4,6,0,15,0,0,0,15
06/18/2023,BFM,AL,ASO,CE,Federal Contract Tower,1,0,8,0,9,0,0,0,0,0,1,0,8,0,9,0,0,0,9
06/19/2023,BFM,AL,ASO,CE,Federal Contract Tower,1,6,3,0,10,0,0,3,0,3,1,6,6,0,13,6,0,6,19
06/20/2023,BFM,AL,ASO,CE,Federal Contract Tower,8,6,17,40,71,0,1,20,27,48,8,7,37,67,119,22,104,126,245
06/21/2023,BFM,AL,ASO,CE,Federal Contract Tower,8,7,19,22,56,0,2,8,22,32,8,9,27,44,88,0,50,50,138
06/22/2023,BFM,AL,ASO,CE,Federal Contract Tower,10,7,11,41,69,0,2,14,26,42,10,9,25,67,111,0,108,108,219
06/23/2023,BFM,AL,ASO,CE,Federal Contract Tower,9,7,9,78,103,0,0,15,17,32,9,7,24,95,135,18,134,152,287
06/24/2023,BFM,AL,ASO,CE,Federal Contract Tower,1,3,9,2,15,0,3,25,7,35,1,6,34,9,50,16,32,48,98
06/25/2023,BFM,AL,ASO,CE,Federal Contract Tower,1,0,5,12,18,0,2,14,2,18,1,2,19,14,36,2,0,2,38
06/26/2023,BFM,AL,ASO,CE,Federal Contract Tower,5,5,9,50,69,0,4,11,29,44,5,9,20,79,113,6,96,102,215
06/27/2023,BFM,AL,ASO,CE,Federal Contract Tower,7,12,8,50,77,0,4,9,24,37,7,16,17,74,114,12,94,106,220
06/28/2023,BFM,AL,ASO,CE,Federal Contract Tower,4,7,13,36,60,0,4,19,47,70,4,11,32,83,130,24,228,252,382
06/29/2023,BFM,AL,ASO,CE,Federal Contract Tower,17,3,14,51,85,0,2,13,19,34,17,5,27,70,119,2,58,60,179
06/30/2023,BFM,AL,ASO,CE,Federal Contract Tower,10,6,12,25,53,0,4,6,13,23,10,10,18,38,76,2,36,38,114
07/01/2023,BFM,AL,ASO,CE,Federal Contract Tower,3,5,8,0,16,0,0,5,4,9,3,5,13,4,25,4,0,4,29
07/02/2023,BFM,AL,ASO,CE,Federal Contract Tower,1,1,0,0,2,0,0,0,0,0,1,1,0,0,2,0,0,0,2
07/03/2023,BFM,AL,ASO,CE,Federal Contract Tower,1,2,5,8,16,0,0,16,0,16,1,2,21,8,32,20,0,20,52
07/04/2023,BFM,AL,ASO,CE,Federal Contract Tower,0,0,4,0,4,0,4,4,0,8,0,4,8,0,12,6,0,6,18
07/05/2023,BFM,AL,ASO,CE,Federal Contract Tower,8,6,8,9,31,0,0,6,9,15,8,6,14,18,46,26,18,44,90
07/06/2023,BFM,AL,ASO,CE,Federal Contract Tower,10,5,8,31,54,0,2,20,32,54,10,7,28,63,108,4,122,126,234
07/07/2023,BFM,AL,ASO,CE,Federal Contract Tower,7,6,5,47,65,0,6,23,24,53,7,12,28,71,118,16,170,186,304
07/08/2023,BFM,AL,ASO,CE,Federal Contract Tower,2,4,4,15,25,0,0,5,2,7,2,4,9,17,32,4,16,20,52
07/09/2023,BFM,AL,ASO,CE,Federal Contract Tower,1,0,7,2,10,0,2,2,0,4,1,2,9,2,14,2,0,2,16
07/10/2023,BFM,AL,ASO,CE,Federal Contract Tower,1,2,11,4,18,0,0,0,11,11,1,2,11,15,29,0,66,66,95
07/11/2023,BFM,AL,ASO,CE,Federal Contract Tower,4,8,13,17,42,0,0,14,8,22,4,8,27,25,64,0,42,42,106
07/12/2023,BFM,AL,ASO,CE,Federal Contract Tower,7,6,11,14,38,0,0,16,27,43,7,6,27,41,81,0,126,126,207
07/13/2023,BFM,AL,ASO,CE,Federal Contract Tower,9,6,22,14,51,0,0,3,18,21,9,6,25,32,72,18,124,142,214
07/14/2023,BFM,AL,ASO,CE,Federal Contract Tower,5,4,21,18,48,0,2,1,22,25,5,6,22,40,73,0,78,78,151
07/15/2023,BFM,AL,ASO,CE,Federal Contract Tower,3,0,8,20,31,0,0,10,1,11,3,0,18,21,42,14,0,14,56
07/16/2023,BFM,AL,ASO,CE,Federal Contract Tower,1,0,10,6,17,0,1,13,4,18,1,1,23,10,35,0,0,0,35
07/17/2023,BFM,AL,ASO,CE,Federal Contract Tower,3,2,4,45,54,0,2,16,19,37,3,4,20,64,91,6,88,94,185
07/18/2023,BFM,AL,ASO,CE,Federal Contract Tower,8,4,11,24,47,0,2,21,47,70,8,6,32,71,117,4,288,292,409
07/19/2023,BFM,AL,ASO,CE,Federal Contract Tower,13,10,21,55,99,0,4,10,35,49,13,14,31,90,148,20,286,306,454
07/20/2023,BFM,AL,ASO,CE,Federal Contract Tower,6,2,17,24,49,0,5,7,29,41,6,7,24,53,90,6,202,208,298
07/21/2023,BFM,AL,ASO,CE,Federal Contract Tower,7,4,15,4,30,0,3,12,28,43,7,7,27,32,73,0,180,180,253
07/22/2023,BFM,AL,ASO,CE,Federal Contract Tower,2,6,3,1,12,0,4,10,3,17,2,10,13,4,29,4,16,20,49
07/23/2023,BFM,AL,ASO,CE,Federal Contract Tower,1,0,0,22,23,0,0,4,1,5,1,0,4,23,28,2,0,2,30
07/24/2023,BFM,AL,ASO,CE,Federal Contract Tower,3,4,4,12,23,0,0,9,28,37,3,4,13,40,60,0,144,144,204
07/25/2023,BFM,AL,ASO,CE,Federal Contract Tower,8,7,14,48,77,0,6,11,22,39,8,13,25,70,116,10,148,158,274
07/26/2023,BFM,AL,ASO,CE,Federal Contract Tower,7,4,13,30,54,0,2,11,16,29,7,6,24,46,83,6,104,110,193
07/27/2023,BFM,AL,ASO,CE,Federal Contract Tower,10,9,19,24,62,0,2,10,29,41,10,11,29,53,103,22,150,172,275
07/28/2023,BFM,AL,ASO,CE,Federal Contract Tower,6,6,14,41,67,0,2,13,8,23,6,8,27,49,90,22,48,70,160
07/29/2023,BFM,AL,ASO,CE,Federal Contract Tower,2,2,1,0,5,0,0,9,2,11,2,2,10,2,16,0,0,0,16
07/30/2023,BFM,AL,ASO,CE,Federal Contract Tower,3,0,5,6,14,0,0,18,0,18,3,0,23,6,32,2,0,2,34
07/31/2023,BFM,AL,ASO,CE,Federal Contract Tower,4,10,27,21,62,0,11,14,25,50,4,21,41,46,112,22,136,158,270
08/01/2023,BFM,AL,ASO,CE,Federal Contract Tower,13,6,10,23,52,0,4,5,32,41,13,10,15,55,93,0,234,234,327
08/02/2023,BFM,AL,ASO,CE,Federal Contract Tower,7,6,18,36,67,0,3,13,13,29,7,9,31,49,96,0,102,102,198
08/03/2023,BFM,AL,ASO,CE,Federal Contract Tower,9,10,11,67,97,0,11,10,25,46,9,21,21,92,143,8,94,102,245
08/04/2023,BFM,AL,ASO,CE,Federal Contract Tower,10,4,9,39,62,0,5,8,18,31,10,9,17,57,93,4,94,98,191
08/05/2023,BFM,AL,ASO,CE,Federal Contract Tower,2,2,9,6,19,0,1,5,11,17,2,3,14,17,36,8,46,54,90
08/06/2023,BFM,AL,ASO,CE,Federal Contract Tower,2,2,7,6,17,0,1,8,2,11,2,3,15,8,28,8,2,10,38
08/07/2023,BFM,AL,ASO,CE,Federal Contract Tower,3,4,16,41,64,0,2,8,19,29,3,6,24,60,93,0,156,156,249
08/08/2023,BFM,AL,ASO,CE,Federal Contract Tower,6,9,22,30,67,0,2,11,19,32,6,11,33,49,99,14,116,130,229
08/09/2023,BFM,AL,ASO,CE,Federal Contract Tower,8,2,13,48,71,0,1,30,15,46,8,3,43,63,117,8,116,124,241
08/10/2023,BFM,AL,ASO,CE,Federal Contract Tower,8,6,18,19,51,0,5,20,22,47,8,11,38,41,98,10,146,156,254
08/11/2023,BFM,AL,ASO,CE,Federal Contract Tower,7,2,11,47,67,0,7,11,18,36,7,9,22,65,103,0,174,174,277
08/12/2023,BFM,AL,ASO,CE,Federal Contract Tower,2,2,6,0,10,0,3,17,2,22,2,5,23,2,32,4,6,10,42
08/13/2023,BFM,AL,ASO,CE,Federal Contract Tower,3,6,3,0,12,0,0,14,0,14,3,6,17,0,26,2,0,2,28
08/14/2023,BFM,AL,ASO,CE,Federal Contract Tower,5,2,19,41,67,0,3,16,21,40,5,5,35,62,107,12,112,124,231
08/15/2023,BFM,AL,ASO,CE,Federal Contract Tower,8,4,10,15,37,0,2,14,14,30,8,6,24,29,67,16,82,98,165
08/16/2023,BFM,AL,ASO,CE,Federal Contract Tower,9,9,21,28,67,0,2,22,25,49,9,11,43,53,116,34,158,192,308
08/17/2023,BFM,AL,ASO,CE,Federal Contract Tower,9,4,12,32,57,0,4,12,32,48,9,8,24,64,105,0,132,132,237
08/18/2023,BFM,AL,ASO,CE,Federal Contract Tower,8,5,5,29,47,0,4,5,24,33,8,9,10,53,80,0,200,200,280
08/19/2023,BFM,AL,ASO,CE,Federal Contract Tower,4,6,8,0,18,0,0,4,3,7,4,6,12,3,25,6,8,14,39
08/20/2023,BFM,AL,ASO,CE,Federal Contract Tower,1,0,7,14,22,0,2,8,0,10,1,2,15,14,32,12,0,12,44
08/21/2023,BFM,AL,ASO,CE,Federal Contract Tower,5,4,9,21,39,0,3,27,26,56,5,7,36,47,95,18,142,160,255
08/22/2023,BFM,AL,ASO,CE,Federal Contract Tower,8,6,12,49,75,0,2,14,32,48,8,8,26,81,123,6,132,138,261
08/23/2023,BFM,AL,ASO,CE,Federal Contract Tower,7,6,14,47,74,0,4,16,25,45,7,10,30,72,119,4,78,82,201
08/24/2023,BFM,AL,ASO,CE,Federal Contract Tower,8,6,19,23,56,0,2,4,22,28,8,8,23,45,84,0,174,174,258
08/25/2023,BFM,AL,ASO,CE,Federal Contract Tower,7,2,10,20,39,0,4,17,17,38,7,6,27,37,77,6,116,122,199
08/26/2023,BFM,AL,ASO,CE,Federal Contract Tower,4,0,8,8,20,0,0,7,0,7,4,0,15,8,27,14,0,14,41
08/27/2023,BFM,AL,ASO,CE,Federal Contract Tower,1,0,7,8,16,0,1,11,0,12,1,1,18,8,28,0,0,0,28
08/28/2023,BFM,AL,ASO,CE,Federal Contract Tower,2,4,14,8,28,0,2,6,10,18,2,6,20,18,46,4,42,46,92
08/29/2023,BFM,AL,ASO,CE,Federal Contract Tower,4,9,8,25,46,0,2,2,19,23,4,11,10,44,69,0,130,130,199
08/30/2023,BFM,AL,ASO,CE,Federal Contract Tower,4,4,22,55,85,0,2,7,35,44,4,6,29,90,129,4,148,152,281
08/31/2023,BFM,AL,ASO,CE,Federal Contract Tower,9,10,18,32,69,0,8,9,36,53,9,18,27,68,122,2,158,160,282
