01/01/2000,BGM,NY,AEA,EN,Towers with Radar,1,17,6,0,24,5,10,18,0,33,6,27,24,0,57,24,0,24,81
01/02/2000,BGM,NY,AEA,EN,Towers with Radar,4,32,11,0,47,2,10,0,0,12,6,42,11,0,59,26,0,26,85
01/03/2000,BGM,NY,AEA,EN,Towers with Radar,7,52,26,2,87,0,0,5,0,5,7,52,31,2,92,8,0,8,100
01/04/2000,BGM,NY,AEA,EN,Towers with Radar,6,54,8,0,68,0,0,0,0,0,6,54,8,0,68,0,0,0,68
01/05/2000,BGM,NY,AEA,EN,Towers with Radar,6,49,23,1,79,0,0,12,0,12,6,49,35,1,91,0,0,0,91
01/06/2000,BGM,NY,AEA,EN,Towers with Radar,6,52,23,0,81,0,2,10,0,12,6,54,33,0,93,32,0,32,125
01/07/2000,BGM,NY,AEA,EN,Towers with Radar,6,49,20,0,75,0,1,0,0,1,6,50,20,0,76,16,0,16,92
01/08/2000,BGM,NY,AEA,EN,Towers with Radar,5,32,14,0,51,2,5,37,0,44,7,37,51,0,95,26,0,26,121
01/09/2000,BGM,NY,AEA,EN,Towers with Radar,6,38,16,0,60,0,0,5,0,5,6,38,21,0,65,38,0,38,103
01/10/2000,BGM,NY,AEA,EN,Towers with Radar,6,40,15,0,61,0,1,0,0,1,6,41,15,0,62,14,0,14,76
01/11/2000,BGM,NY,AEA,EN,Towers with Radar,5,40,17,1,63,0,10,6,3,19,5,50,23,4,82,8,0,8,90
01/12/2000,BGM,NY,AEA,EN,Towers with Radar,5,51,25,3,84,0,0,16,9,25,5,51,41,12,109,36,0,36,145
01/13/2000,BGM,NY,AEA,EN,Towers with Radar,6,32,13,2,53,0,0,0,0,0,6,32,13,2,53,0,0,0,53
01/14/2000,BGM,NY,AEA,EN,Towers with Radar,6,44,21,0,71,0,0,4,0,4,6,44,25,0,75,2,0,2,77
01/15/2000,BGM,NY,AEA,EN,Towers with Radar,3,21,9,0,33,1,6,13,0,20,4,27,22,0,53,32,0,32,85
01/16/2000,BGM,NY,AEA,EN,Towers with Radar,3,24,8,0,35,2,9,0,0,11,5,33,8,0,46,0,0,0,46
01/17/2000,BGM,NY,AEA,EN,Towers with Radar,6,46,9,5,66,0,1,6,0,7,6,47,15,5,73,12,0,12,85
01/18/2000,BGM,NY,AEA,EN,Towers with Radar,6,42,18,2,68,0,0,13,8,21,6,42,31,10,89,24,10,34,123
01/19/2000,BGM,NY,AEA,EN,Towers with Radar,6,45,26,2,79,0,2,4,0,6,6,47,30,2,85,32,0,32,117
01/20/2000,BGM,NY,AEA,EN,Towers with Radar,4,47,4,0,55,0,0,1,0,1,4,47,5,0,56,8,0,8,64
01/21/2000,BGM,NY,AEA,EN,Towers with Radar,5,35,11,0,51,1,4,0,0,5,6,39,11,0,56,0,0,0,56
01/22/2000,BGM,NY,AEA,EN,Towers with Radar,4,26,10,0,40,2,0,1,0,3,6,26,11,0,43,32,0,32,75
01/23/2000,BGM,NY,AEA,EN,Towers with Radar,5,34,12,0,51,0,6,0,0,6,5,40,12,0,57,34,0,34,91
01/24/2000,BGM,NY,AEA,EN,Towers with Radar,6,37,19,0,62,0,0,8,0,8,6,37,27,0,70,40,0,40,110
01/25/2000,BGM,NY,AEA,EN,Towers with Radar,4,27,5,0,36,0,0,1,0,1,4,27,6,0,37,0,0,0,37
01/26/2000,BGM,NY,AEA,EN,Towers with Radar,6,51,23,0,80,0,0,0,0,0,6,51,23,0,80,0,0,0,80
01/27/2000,BGM,NY,AEA,EN,Towers with Radar,6,40,18,2,66,0,0,6,2,8,6,40,24,4,74,0,4,4,78
01/28/2000,BGM,NY,AEA,EN,Towers with Radar,6,43,20,1,70,0,0,16,5,21,6,43,36,6,91,6,0,6,97
01/29/2000,BGM,NY,AEA,EN,Towers with Radar,6,28,11,0,45,0,0,24,0,24,6,28,35,0,69,16,0,16,85
01/30/2000,BGM,NY,AEA,EN,Towers with Radar,6,24,5,0,35,0,0,22,0,22,6,24,27,0,57,36,0,36,93
01/31/2000,BGM,NY,AEA,EN,Towers with Radar,5,38,4,0,47,2,6,0,0,8,7,44,4,0,55,0,0,0,55
02/01/2000,BGM,NY,AEA,EN,Towers with Radar,6,44,20,4,74,0,0,0,0,0,6,44,20,4,74,0,0,0,74
02/02/2000,BGM,NY,AEA,EN,Towers with Radar,6,43,22,4,75,0,2,13,0,15,6,45,35,4,90,6,24,30,120
02/03/2000,BGM,NY,AEA,EN,Towers with Radar,5,39,17,4,65,1,0,0,0,1,6,39,17,4,66,16,0,16,82
02/04/2000,BGM,NY,AEA,EN,Towers with Radar,5,45,24,4,78,1,0,1,0,2,6,45,25,4,80,10,0,10,90
02/05/2000,BGM,NY,AEA,EN,Towers with Radar,4,30,16,2,52,2,2,31,0,35,6,32,47,2,87,24,0,24,111
02/06/2000,BGM,NY,AEA,EN,Towers with Radar,4,28,16,0,48,2,5,8,0,15,6,33,24,0,63,8,0,8,71
02/07/2000,BGM,NY,AEA,EN,Towers with Radar,5,32,17,2,56,0,2,0,1,3,5,34,17,3,59,12,0,12,71
02/08/2000,BGM,NY,AEA,EN,Towers with Radar,6,46,25,4,81,0,6,22,9,37,6,52,47,13,118,30,4,34,152
02/09/2000,BGM,NY,AEA,EN,Towers with Radar,6,45,13,2,66,0,2,14,0,16,6,47,27,2,82,30,0,30,112
02/10/2000,BGM,NY,AEA,EN,Towers with Radar,6,39,22,0,67,0,0,6,0,6,6,39,28,0,73,12,0,12,85
02/11/2000,BGM,NY,AEA,EN,Towers with Radar,6,43,14,0,63,0,0,0,0,0,6,43,14,0,63,6,0,6,69
02/12/2000,BGM,NY,AEA,EN,Towers with Radar,6,35,20,0,61,0,0,43,0,43,6,35,63,0,104,52,0,52,156
02/13/2000,BGM,NY,AEA,EN,Towers with Radar,4,23,15,0,42,0,0,4,0,4,4,23,19,0,46,20,0,20,66
02/14/2000,BGM,NY,AEA,EN,Towers with Radar,5,29,8,0,42,1,0,0,0,1,6,29,8,0,43,0,0,0,43
02/15/2000,BGM,NY,AEA,EN,Towers with Radar,7,50,26,4,87,0,1,17,0,18,7,51,43,4,105,12,0,12,117
02/16/2000,BGM,NY,AEA,EN,Towers with Radar,7,46,23,7,83,0,1,1,0,2,7,47,24,7,85,22,0,22,107
02/17/2000,BGM,NY,AEA,EN,Towers with Radar,6,49,20,14,89,0,2,19,0,21,6,51,39,14,110,18,0,18,128
02/18/2000,BGM,NY,AEA,EN,Towers with Radar,4,21,9,0,34,0,2,0,0,2,4,23,9,0,36,0,0,0,36
02/19/2000,BGM,NY,AEA,EN,Towers with Radar,3,17,4,0,24,1,8,0,0,9,4,25,4,0,33,0,0,0,33
02/20/2000,BGM,NY,AEA,EN,Towers with Radar,4,32,8,0,44,0,1,0,0,1,4,33,8,0,45,12,0,12,57
02/21/2000,BGM,NY,AEA,EN,Towers with Radar,4,34,17,0,55,1,6,16,0,23,5,40,33,0,78,8,0,8,86
02/22/2000,BGM,NY,AEA,EN,Towers with Radar,6,45,27,0,78,0,1,10,0,11,6,46,37,0,89,36,0,36,125
02/23/2000,BGM,NY,AEA,EN,Towers with Radar,5,40,16,4,65,1,5,0,8,14,6,45,16,12,79,0,0,0,79
02/24/2000,BGM,NY,AEA,EN,Towers with Radar,7,44,26,5,82,0,0,17,11,28,7,44,43,16,110,38,0,38,148
02/25/2000,BGM,NY,AEA,EN,Towers with Radar,2,36,21,0,59,0,0,1,0,1,2,36,22,0,60,0,0,0,60
02/26/2000,BGM,NY,AEA,EN,Towers with Radar,4,26,13,0,43,1,0,0,0,1,5,26,13,0,44,18,0,18,62
02/27/2000,BGM,NY,AEA,EN,Towers with Radar,5,31,19,0,55,0,1,1,0,2,5,32,20,0,57,24,0,24,81
02/28/2000,BGM,NY,AEA,EN,Towers with Radar,5,49,12,0,66,0,1,6,0,7,5,50,18,0,73,10,0,10,83
02/29/2000,BGM,NY,AEA,EN,Towers with Radar,6,50,25,5,86,0,0,37,8,45,6,50,62,13,131,54,0,54,185
03/01/2000,BGM,NY,AEA,EN,Towers with Radar,5,47,33,5,90,1,0,6,0,7,6,47,39,5,97,28,0,28,125
03/02/2000,BGM,NY,AEA,EN,Towers with Radar,5,44,32,7,88,1,0,0,0,1,6,44,32,7,89,0,0,0,89
03/03/2000,BGM,NY,AEA,EN,Towers with Radar,4,47,10,0,61,1,0,9,0,10,5,47,19,0,71,50,2,52,123
03/04/2000,BGM,NY,AEA,EN,Towers with Radar,8,25,18,0,51,1,0,30,0,31,9,25,48,0,82,64,0,64,146
03/05/2000,BGM,NY,AEA,EN,Towers with Radar,4,32,19,0,55,0,1,3,0,4,4,33,22,0,59,0,0,0,59
03/06/2000,BGM,NY,AEA,EN,Towers with Radar,4,46,11,0,61,0,2,18,0,20,4,48,29,0,81,30,0,30,111
03/07/2000,BGM,NY,AEA,EN,Towers with Radar,4,56,25,5,90,0,3,28,0,31,4,59,53,5,121,24,0,24,145
03/08/2000,BGM,NY,AEA,EN,Towers with Radar,4,48,26,1,79,0,1,10,0,11,4,49,36,1,90,25,0,25,115
03/09/2000,BGM,NY,AEA,EN,Towers with Radar,4,38,21,2,65,0,1,4,0,5,4,39,25,2,70,24,0,24,94
03/10/2000,BGM,NY,AEA,EN,Towers with Radar,4,46,31,5,86,0,0,5,0,5,4,46,36,5,91,44,0,44,135
03/11/2000,BGM,NY,AEA,EN,Towers with Radar,4,30,7,0,41,0,0,0,0,0,4,30,7,0,41,0,0,0,41
03/12/2000,BGM,NY,AEA,EN,Towers with Radar,5,37,12,0,54,0,1,0,0,1,5,38,12,0,55,0,0,0,55
03/13/2000,BGM,NY,AEA,EN,Towers with Radar,4,51,43,4,102,0,1,4,0,5,4,52,47,4,107,20,0,20,127
03/14/2000,BGM,NY,AEA,EN,Towers with Radar,4,43,29,0,76,0,1,13,0,14,4,44,42,0,90,40,0,40,130
03/15/2000,BGM,NY,AEA,EN,Towers with Radar,4,40,31,2,77,0,3,18,0,21,4,43,49,2,98,30,0,30,128
03/16/2000,BGM,NY,AEA,EN,Towers with Radar,4,46,20,2,72,0,1,2,0,3,4,47,22,2,75,20,0,20,95
03/17/2000,BGM,NY,AEA,EN,Towers with Radar,4,41,21,0,66,0,1,7,0,8,4,42,28,0,74,6,0,6,80
03/18/2000,BGM,NY,AEA,EN,Towers with Radar,5,28,9,0,42,0,2,24,0,26,5,30,33,0,68,52,0,52,120
03/19/2000,BGM,NY,AEA,EN,Towers with Radar,4,32,11,0,47,0,1,14,0,15,4,33,25,0,62,56,0,56,118
03/20/2000,BGM,NY,AEA,EN,Towers with Radar,3,39,21,2,65,0,1,8,0,9,3,40,29,2,74,10,0,10,84
03/21/2000,BGM,NY,AEA,EN,Towers with Radar,4,44,24,2,74,0,1,8,0,9,4,45,32,2,83,20,0,20,103
03/22/2000,BGM,NY,AEA,EN,Towers with Radar,4,45,20,8,77,0,1,8,0,9,4,46,28,8,86,10,0,10,96
03/23/2000,BGM,NY,AEA,EN,Towers with Radar,4,42,42,2,90,0,3,10,0,13,4,45,52,2,103,12,0,12,115
03/24/2000,BGM,NY,AEA,EN,Towers with Radar,4,41,13,0,58,0,4,11,0,15,4,45,24,0,73,44,0,44,117
03/25/2000,BGM,NY,AEA,EN,Towers with Radar,4,28,17,0,49,0,1,19,0,20,4,29,36,0,69,40,0,40,109
03/26/2000,BGM,NY,AEA,EN,Towers with Radar,4,31,15,8,58,0,1,0,0,1,4,32,15,8,59,24,28,52,111
03/27/2000,BGM,NY,AEA,EN,Towers with Radar,4,48,14,0,66,0,1,8,0,9,4,49,22,0,75,28,0,28,103
03/28/2000,BGM,NY,AEA,EN,Towers with Radar,4,49,24,3,80,0,0,0,14,14,4,49,24,17,94,2,0,2,96
03/29/2000,BGM,NY,AEA,EN,Towers with Radar,4,50,11,6,71,0,1,1,0,2,4,51,12,6,73,0,0,0,73
03/30/2000,BGM,NY,AEA,EN,Towers with Radar,4,46,24,0,74,0,0,16,0,16,4,46,40,0,90,42,0,42,132
03/31/2000,BGM,NY,AEA,EN,Towers with Radar,4,52,8,8,72,0,0,21,0,21,4,52,29,8,93,44,0,44,137
04/01/2000,BGM,NY,AEA,EN,Towers with Radar,1,23,13,0,37,3,7,36,0,46,4,30,49,0,83,40,0,40,123
04/02/2000,BGM,NY,AEA,EN,Towers with Radar,4,35,20,0,59,0,0,3,0,3,4,35,23,0,62,40,0,40,102
04/03/2000,BGM,NY,AEA,EN,Towers with Radar,3,35,27,20,85,0,1,0,0,1,3,36,27,20,86,10,0,10,96
04/04/2000,BGM,NY,AEA,EN,Towers with Radar,4,43,18,6,71,0,0,1,0,1,4,43,19,6,72,4,6,10,82
04/05/2000,BGM,NY,AEA,EN,Towers with Radar,4,40,26,2,72,0,0,0,0,0,4,40,26,2,72,0,0,0,72
04/06/2000,BGM,NY,AEA,EN,Towers with Radar,0,0,5,1,6,0,0,0,0,0,0,0,5,1,6,32,0,32,38
04/07/2000,BGM,NY,AEA,EN,Towers with Radar,4,45,27,0,76,0,0,35,0,35,4,45,62,0,111,42,0,42,153
04/08/2000,BGM,NY,AEA,EN,Towers with Radar,4,24,7,0,35,0,1,6,0,7,4,25,13,0,42,38,2,40,82
04/09/2000,BGM,NY,AEA,EN,Towers with Radar,3,27,3,0,33,0,1,0,0,1,3,28,3,0,34,0,0,0,34
04/10/2000,BGM,NY,AEA,EN,Towers with Radar,4,37,19,0,60,0,1,11,0,12,4,38,30,0,72,36,0,36,108
04/11/2000,BGM,NY,AEA,EN,Towers with Radar,4,36,9,0,49,0,1,0,0,1,4,37,9,0,50,24,0,24,74
04/12/2000,BGM,NY,AEA,EN,Towers with Radar,4,39,25,0,68,0,1,8,0,9,4,40,33,0,77,24,0,24,101
04/13/2000,BGM,NY,AEA,EN,Towers with Radar,5,46,31,0,82,0,1,21,0,22,5,47,52,0,104,36,0,36,140
04/14/2000,BGM,NY,AEA,EN,Towers with Radar,4,38,17,0,59,0,2,19,0,21,4,40,36,0,80,36,0,36,116
04/15/2000,BGM,NY,AEA,EN,Towers with Radar,4,28,13,0,45,0,1,31,0,32,4,29,44,0,77,24,0,24,101
04/16/2000,BGM,NY,AEA,EN,Towers with Radar,3,34,15,0,52,0,1,11,0,12,3,35,26,0,64,22,0,22,86
04/17/2000,BGM,NY,AEA,EN,Towers with Radar,4,36,15,0,55,0,3,0,0,3,4,39,15,0,58,0,0,0,58
04/18/2000,BGM,NY,AEA,EN,Towers with Radar,4,42,24,3,73,0,0,0,1,1,4,42,24,4,74,0,0,0,74
04/19/2000,BGM,NY,AEA,EN,Towers with Radar,4,41,32,8,85,0,1,3,0,4,4,42,35,8,89,2,4,6,95
04/20/2000,BGM,NY,AEA,EN,Towers with Radar,4,32,32,0,68,0,1,14,0,15,4,33,46,0,83,12,0,12,95
04/21/2000,BGM,NY,AEA,EN,Towers with Radar,4,32,14,0,50,0,0,1,0,1,4,32,15,0,51,0,0,0,51
04/22/2000,BGM,NY,AEA,EN,Towers with Radar,4,30,3,0,37,0,0,0,0,0,4,30,3,0,37,0,0,0,37
04/23/2000,BGM,NY,AEA,EN,Towers with Radar,3,33,5,0,41,0,0,0,0,0,3,33,5,0,41,0,0,0,41
04/24/2000,BGM,NY,AEA,EN,Towers with Radar,3,37,20,2,62,1,3,19,2,25,4,40,39,4,87,14,4,18,105
04/25/2000,BGM,NY,AEA,EN,Towers with Radar,4,44,19,8,75,0,0,26,0,26,4,44,45,8,101,52,0,52,153
04/26/2000,BGM,NY,AEA,EN,Towers with Radar,4,39,13,14,70,0,0,6,0,6,4,39,19,14,76,44,0,44,120
04/27/2000,BGM,NY,AEA,EN,Towers with Radar,4,41,19,2,66,0,0,1,0,1,4,41,20,2,67,0,0,0,67
04/28/2000,BGM,NY,AEA,EN,Towers with Radar,4,39,19,0,62,0,0,19,0,19,4,39,38,0,81,4,0,4,85
04/29/2000,BGM,NY,AEA,EN,Towers with Radar,4,29,11,0,44,0,0,23,0,23,4,29,34,0,67,40,0,40,107
04/30/2000,BGM,NY,AEA,EN,Towers with Radar,4,34,8,0,46,0,0,14,0,14,4,34,22,0,60,0,0,0,60
05/01/2000,BGM,NY,AEA,EN,Towers with Radar,3,41,29,0,73,1,0,0,0,1,4,41,29,0,74,48,0,48,122
05/02/2000,BGM,NY,AEA,EN,Towers with Radar,3,41,23,0,67,1,0,22,0,23,4,41,45,0,90,12,0,12,102
05/03/2000,BGM,NY,AEA,EN,Towers with Radar,4,40,20,5,69,0,0,38,1,39,4,40,58,6,108,96,0,96,204
05/04/2000,BGM,NY,AEA,EN,Towers with Radar,4,40,12,3,59,0,0,25,1,26,4,40,37,4,85,42,6,48,133
05/05/2000,BGM,NY,AEA,EN,Towers with Radar,4,38,14,1,57,0,0,16,1,17,4,38,30,2,74,2,0,2,76
05/06/2000,BGM,NY,AEA,EN,Towers with Radar,3,22,12,0,37,0,9,16,0,25,3,31,28,0,62,36,0,36,98
05/07/2000,BGM,NY,AEA,EN,Towers with Radar,4,30,17,0,51,1,3,17,0,21,5,33,34,0,72,68,0,68,140
05/08/2000,BGM,NY,AEA,EN,Towers with Radar,4,37,17,0,58,0,0,18,0,18,4,37,35,0,76,66,0,66,142
05/09/2000,BGM,NY,AEA,EN,Towers with Radar,4,30,2,3,39,0,0,7,1,8,4,30,9,4,47,4,0,4,51
05/10/2000,BGM,NY,AEA,EN,Towers with Radar,2,28,17,0,47,0,0,4,0,4,2,28,21,0,51,4,0,4,55
05/11/2000,BGM,NY,AEA,EN,Towers with Radar,4,34,40,13,91,0,0,18,1,19,4,34,58,14,110,58,0,58,168
05/12/2000,BGM,NY,AEA,EN,Towers with Radar,4,45,28,0,77,0,0,1,0,1,4,45,29,0,78,34,0,34,112
05/13/2000,BGM,NY,AEA,EN,Towers with Radar,4,29,19,0,52,0,0,6,0,6,4,29,25,0,58,18,0,18,76
05/14/2000,BGM,NY,AEA,EN,Towers with Radar,4,30,17,0,51,0,5,7,0,12,4,35,24,0,63,20,0,20,83
05/15/2000,BGM,NY,AEA,EN,Towers with Radar,4,42,24,1,71,0,0,33,1,34,4,42,57,2,105,30,0,30,135
05/16/2000,BGM,NY,AEA,EN,Towers with Radar,5,40,39,16,100,0,0,1,1,2,5,40,40,17,102,42,0,42,144
05/17/2000,BGM,NY,AEA,EN,Towers with Radar,4,39,23,0,66,0,0,35,0,35,4,39,58,0,101,42,0,42,143
05/18/2000,BGM,NY,AEA,EN,Towers with Radar,4,39,37,12,92,0,0,1,0,1,4,39,38,12,93,8,8,16,109
05/19/2000,BGM,NY,AEA,EN,Towers with Radar,4,43,15,0,62,0,0,1,0,1,4,43,16,0,63,0,0,0,63
05/20/2000,BGM,NY,AEA,EN,Towers with Radar,4,29,31,0,64,0,0,2,0,2,4,29,33,0,66,0,0,0,66
05/21/2000,BGM,NY,AEA,EN,Towers with Radar,4,33,21,0,58,0,0,1,0,1,4,33,22,0,59,2,0,2,61
05/22/2000,BGM,NY,AEA,EN,Towers with Radar,3,30,17,0,50,0,0,1,0,1,3,30,18,0,51,0,0,0,51
05/23/2000,BGM,NY,AEA,EN,Towers with Radar,4,37,55,2,98,0,0,4,0,4,4,37,59,2,102,4,0,4,106
05/24/2000,BGM,NY,AEA,EN,Towers with Radar,5,39,28,3,75,0,0,1,0,1,5,39,29,3,76,28,0,28,104
05/25/2000,BGM,NY,AEA,EN,Towers with Radar,4,41,32,9,86,0,0,16,0,16,4,41,48,9,102,10,4,14,116
05/26/2000,BGM,NY,AEA,EN,Towers with Radar,4,42,25,0,71,0,0,0,0,0,4,42,25,0,71,18,0,18,89
05/27/2000,BGM,NY,AEA,EN,Towers with Radar,4,32,9,0,45,0,0,20,0,20,4,32,29,0,65,42,0,42,107
05/28/2000,BGM,NY,AEA,EN,Towers with Radar,2,22,13,0,37,2,6,6,0,14,4,28,19,0,51,36,0,36,87
05/29/2000,BGM,NY,AEA,EN,Towers with Radar,4,34,16,0,54,0,0,21,0,21,4,34,37,0,75,16,0,16,91
05/30/2000,BGM,NY,AEA,EN,Towers with Radar,4,39,15,6,64,0,0,0,0,0,4,39,15,6,64,58,0,58,122
05/31/2000,BGM,NY,AEA,EN,Towers with Radar,4,37,27,4,72,0,0,11,0,11,4,37,38,4,83,44,0,44,127
06/01/2000,BGM,NY,AEA,EN,Towers with Radar,4,41,34,8,87,0,0,14,3,17,4,41,48,11,104,38,0,38,142
06/02/2000,BGM,NY,AEA,EN,Towers with Radar,4,31,21,0,56,0,0,6,0,6,4,31,27,0,62,16,0,16,78
06/03/2000,BGM,NY,AEA,EN,Towers with Radar,4,34,15,0,53,0,1,18,0,19,4,35,33,0,72,24,0,24,96
06/04/2000,BGM,NY,AEA,EN,Towers with Radar,4,32,22,0,58,0,0,39,0,39,4,32,61,0,97,15,0,15,112
06/05/2000,BGM,NY,AEA,EN,Towers with Radar,4,40,31,1,76,0,0,1,1,2,4,40,32,2,78,0,0,0,78
06/06/2000,BGM,NY,AEA,EN,Towers with Radar,4,42,41,0,87,0,0,0,0,0,4,42,41,0,87,0,0,0,87
06/07/2000,BGM,NY,AEA,EN,Towers with Radar,4,38,29,4,75,0,0,22,1,23,4,38,51,5,98,20,0,20,118
06/08/2000,BGM,NY,AEA,EN,Towers with Radar,4,38,23,5,70,0,0,16,1,17,4,38,39,6,87,4,0,4,91
06/09/2000,BGM,NY,AEA,EN,Towers with Radar,4,38,8,0,50,0,0,13,0,13,4,38,21,0,63,32,0,32,95
06/10/2000,BGM,NY,AEA,EN,Towers with Radar,3,31,20,0,54,1,7,14,0,22,4,38,34,0,76,24,0,24,100
06/11/2000,BGM,NY,AEA,EN,Towers with Radar,5,28,6,0,39,0,0,7,0,7,5,28,13,0,46,30,0,30,76
06/12/2000,BGM,NY,AEA,EN,Towers with Radar,4,33,26,0,63,0,0,10,0,10,4,33,36,0,73,0,0,0,73
06/13/2000,BGM,NY,AEA,EN,Towers with Radar,7,39,19,0,65,0,0,1,0,1,7,39,20,0,66,0,0,0,66
06/14/2000,BGM,NY,AEA,EN,Towers with Radar,5,34,24,10,73,0,0,0,0,0,5,34,24,10,73,0,2,2,75
06/15/2000,BGM,NY,AEA,EN,Towers with Radar,4,36,26,0,66,0,0,5,0,5,4,36,31,0,71,10,0,10,81
06/16/2000,BGM,NY,AEA,EN,Towers with Radar,3,36,28,0,67,0,0,7,0,7,3,36,35,0,74,26,0,26,100
06/17/2000,BGM,NY,AEA,EN,Towers with Radar,4,25,33,0,62,0,0,3,0,3,4,25,36,0,65,12,0,12,77
06/18/2000,BGM,NY,AEA,EN,Towers with Radar,4,25,12,0,41,0,0,2,0,2,4,25,14,0,43,4,0,4,47
06/19/2000,BGM,NY,AEA,EN,Towers with Radar,4,35,40,2,81,0,0,28,0,28,4,35,68,2,109,58,0,58,167
06/20/2000,BGM,NY,AEA,EN,Towers with Radar,3,39,35,5,82,0,0,34,0,34,3,39,69,5,116,48,0,48,164
06/21/2000,BGM,NY,AEA,EN,Towers with Radar,4,36,34,2,76,0,1,9,0,10,4,37,43,2,86,42,0,42,128
06/22/2000,BGM,NY,AEA,EN,Towers with Radar,3,34,23,6,66,0,0,6,0,6,3,34,29,6,72,32,0,32,104
06/23/2000,BGM,NY,AEA,EN,Towers with Radar,4,41,32,0,77,0,0,28,0,28,4,41,60,0,105,43,0,43,148
06/24/2000,BGM,NY,AEA,EN,Towers with Radar,4,29,17,0,50,0,0,48,0,48,4,29,65,0,98,26,0,26,124
06/25/2000,BGM,NY,AEA,EN,Towers with Radar,4,32,18,0,54,0,0,12,0,12,4,32,30,0,66,2,0,2,68
06/26/2000,BGM,NY,AEA,EN,Towers with Radar,3,40,25,0,68,0,0,3,0,3,3,40,28,0,71,32,0,32,103
06/27/2000,BGM,NY,AEA,EN,Towers with Radar,4,44,27,7,82,0,0,18,0,18,4,44,45,7,100,17,14,31,131
06/28/2000,BGM,NY,AEA,EN,Towers with Radar,4,43,13,18,78,0,0,35,0,35,4,43,48,18,113,34,10,44,157
06/29/2000,BGM,NY,AEA,EN,Towers with Radar,4,41,33,3,81,0,0,18,0,18,4,41,51,3,99,24,2,26,125
06/30/2000,BGM,NY,AEA,EN,Towers with Radar,4,39,30,0,73,0,0,22,3,25,4,39,52,3,98,24,0,24,122
07/01/2000,BGM,NY,AEA,EN,Towers with Radar,3,27,7,0,37,1,0,33,0,34,4,27,40,0,71,42,0,42,113
07/02/2000,BGM,NY,AEA,EN,Towers with Radar,4,28,9,0,41,0,0,12,0,12,4,28,21,0,53,0,0,0,53
07/03/2000,BGM,NY,AEA,EN,Towers with Radar,2,25,19,0,46,2,10,4,0,16,4,35,23,0,62,12,0,12,74
07/04/2000,BGM,NY,AEA,EN,Towers with Radar,4,28,16,0,48,0,1,5,0,6,4,29,21,0,54,54,0,54,108
07/05/2000,BGM,NY,AEA,EN,Towers with Radar,4,35,10,0,49,0,1,26,0,27,4,36,36,0,76,32,0,32,108
07/06/2000,BGM,NY,AEA,EN,Towers with Radar,4,40,25,4,73,0,1,12,0,13,4,41,37,4,86,34,0,34,120
07/07/2000,BGM,NY,AEA,EN,Towers with Radar,3,38,32,0,73,0,0,24,0,24,3,38,56,0,97,48,0,48,145
07/08/2000,BGM,NY,AEA,EN,Towers with Radar,3,28,22,0,53,1,0,55,0,56,4,28,77,0,109,26,0,26,135
07/09/2000,BGM,NY,AEA,EN,Towers with Radar,4,31,16,0,51,0,1,18,0,19,4,32,34,0,70,52,0,52,122
07/10/2000,BGM,NY,AEA,EN,Towers with Radar,3,34,41,0,78,0,1,17,0,18,3,35,58,0,96,14,0,14,110
07/11/2000,BGM,NY,AEA,EN,Towers with Radar,4,35,27,0,66,0,1,21,0,22,4,36,48,0,88,60,0,60,148
07/12/2000,BGM,NY,AEA,EN,Towers with Radar,3,33,25,0,61,1,6,38,5,50,4,39,63,5,111,84,0,84,195
07/13/2000,BGM,NY,AEA,EN,Towers with Radar,3,28,22,0,53,1,7,7,2,17,4,35,29,2,70,48,0,48,118
07/14/2000,BGM,NY,AEA,EN,Towers with Radar,3,37,27,0,67,0,1,9,0,10,3,38,36,0,77,38,0,38,115
07/15/2000,BGM,NY,AEA,EN,Towers with Radar,4,25,12,0,41,0,1,0,0,1,4,26,12,0,42,0,0,0,42
07/16/2000,BGM,NY,AEA,EN,Towers with Radar,4,30,25,0,59,0,1,3,0,4,4,31,28,0,63,12,0,12,75
07/17/2000,BGM,NY,AEA,EN,Towers with Radar,4,38,36,0,78,0,1,18,0,19,4,39,54,0,97,34,0,34,131
07/18/2000,BGM,NY,AEA,EN,Towers with Radar,4,43,16,0,63,0,1,16,0,17,4,44,32,0,80,52,0,52,132
07/19/2000,BGM,NY,AEA,EN,Towers with Radar,4,35,44,0,83,0,0,13,1,14,4,35,57,1,97,34,0,34,131
07/20/2000,BGM,NY,AEA,EN,Towers with Radar,4,35,44,4,87,0,0,55,0,55,4,35,99,4,142,62,0,62,204
07/21/2000,BGM,NY,AEA,EN,Towers with Radar,4,35,32,0,71,0,0,13,0,13,4,35,45,0,84,16,0,16,100
07/22/2000,BGM,NY,AEA,EN,Towers with Radar,4,30,16,2,52,0,0,17,0,17,4,30,33,2,69,34,0,34,103
07/23/2000,BGM,NY,AEA,EN,Towers with Radar,4,36,23,0,63,0,0,37,2,39,4,36,60,2,102,50,0,50,152
07/24/2000,BGM,NY,AEA,EN,Towers with Radar,4,40,30,0,74,0,4,27,2,33,4,44,57,2,107,46,0,46,153
07/25/2000,BGM,NY,AEA,EN,Towers with Radar,4,39,30,0,73,0,0,33,2,35,4,39,63,2,108,36,0,36,144
07/26/2000,BGM,NY,AEA,EN,Towers with Radar,4,39,40,0,83,0,0,32,0,32,4,39,72,0,115,61,0,61,176
07/27/2000,BGM,NY,AEA,EN,Towers with Radar,4,42,36,0,82,0,0,15,0,15,4,42,51,0,97,20,2,22,119
07/28/2000,BGM,NY,AEA,EN,Towers with Radar,3,27,11,2,43,0,0,7,0,7,3,27,18,2,50,22,0,22,72
07/29/2000,BGM,NY,AEA,EN,Towers with Radar,4,24,11,0,39,0,0,0,0,0,4,24,11,0,39,2,0,2,41
07/30/2000,BGM,NY,AEA,EN,Towers with Radar,4,19,16,0,39,0,0,0,0,0,4,19,16,0,39,0,0,0,39
07/31/2000,BGM,NY,AEA,EN,Towers with Radar,4,35,28,2,69,0,0,0,0,0,4,35,28,2,69,0,0,0,69
08/01/2000,BGM,NY,AEA,EN,Towers with Radar,3,28,22,0,53,1,0,9,0,10,4,28,31,0,63,26,0,26,89
08/02/2000,BGM,NY,AEA,EN,Towers with Radar,4,41,23,2,70,0,0,12,0,12,4,41,35,2,82,46,0,46,128
08/03/2000,BGM,NY,AEA,EN,Towers with Radar,4,31,52,2,89,0,0,16,0,16,4,31,68,2,105,96,0,96,201
08/04/2000,BGM,NY,AEA,EN,Towers with Radar,4,38,29,0,71,0,0,51,0,51,4,38,80,0,122,78,0,78,200
08/05/2000,BGM,NY,AEA,EN,Towers with Radar,4,26,5,0,35,0,0,53,1,54,4,26,58,1,89,70,0,70,159
08/06/2000,BGM,NY,AEA,EN,Towers with Radar,4,22,17,0,43,0,0,0,0,0,4,22,17,0,43,20,0,20,63
08/07/2000,BGM,NY,AEA,EN,Towers with Radar,4,42,23,4,73,0,0,41,0,41,4,42,64,4,114,60,0,60,174
08/08/2000,BGM,NY,AEA,EN,Towers with Radar,4,38,21,10,73,0,0,1,0,1,4,38,22,10,74,44,0,44,118
08/09/2000,BGM,NY,AEA,EN,Towers with Radar,4,37,27,0,68,0,0,17,0,17,4,37,44,0,85,26,0,26,111
08/10/2000,BGM,NY,AEA,EN,Towers with Radar,4,44,48,0,96,0,0,16,0,16,4,44,64,0,112,50,0,50,162
08/11/2000,BGM,NY,AEA,EN,Towers with Radar,5,43,31,5,84,0,0,3,0,3,5,43,34,5,87,20,0,20,107
08/12/2000,BGM,NY,AEA,EN,Towers with Radar,6,27,8,1,42,0,0,5,1,6,6,27,13,2,48,52,0,52,100
08/13/2000,BGM,NY,AEA,EN,Towers with Radar,4,32,22,0,58,0,0,1,0,1,4,32,23,0,59,22,0,22,81
08/14/2000,BGM,NY,AEA,EN,Towers with Radar,4,41,25,2,72,0,0,21,0,21,4,41,46,2,93,32,0,32,125
08/15/2000,BGM,NY,AEA,EN,Towers with Radar,4,36,25,5,70,0,0,43,0,43,4,36,68,5,113,44,0,44,157
08/16/2000,BGM,NY,AEA,EN,Towers with Radar,4,38,24,4,70,0,0,24,0,24,4,38,48,4,94,40,8,48,142
08/17/2000,BGM,NY,AEA,EN,Towers with Radar,4,45,31,4,84,0,0,25,12,37,4,45,56,16,121,30,0,30,151
08/18/2000,BGM,NY,AEA,EN,Towers with Radar,4,44,21,11,80,0,0,23,0,23,4,44,44,11,103,40,22,62,165
08/19/2000,BGM,NY,AEA,EN,Towers with Radar,4,26,19,2,51,0,0,35,10,45,4,26,54,12,96,72,46,118,214
08/20/2000,BGM,NY,AEA,EN,Towers with Radar,2,24,15,2,43,2,11,53,1,67,4,35,68,3,110,136,70,206,316
08/21/2000,BGM,NY,AEA,EN,Towers with Radar,4,35,26,2,67,0,0,47,0,47,4,35,73,2,114,50,0,50,164
08/22/2000,BGM,NY,AEA,EN,Towers with Radar,4,35,18,2,59,0,0,21,0,21,4,35,39,2,80,60,0,60,140
08/23/2000,BGM,NY,AEA,EN,Towers with Radar,4,46,6,0,56,0,0,1,0,1,4,46,7,0,57,0,0,0,57
08/24/2000,BGM,NY,AEA,EN,Towers with Radar,4,46,29,3,82,0,0,32,1,33,4,46,61,4,115,24,0,24,139
08/25/2000,BGM,NY,AEA,EN,Towers with Radar,4,34,21,2,61,0,12,23,0,35,4,46,44,2,96,10,0,10,106
08/26/2000,BGM,NY,AEA,EN,Towers with Radar,4,37,18,0,59,0,0,32,0,32,4,37,50,0,91,38,0,38,129
08/27/2000,BGM,NY,AEA,EN,Towers with Radar,6,28,16,0,50,0,0,27,0,27,6,28,43,0,77,36,0,36,113
08/28/2000,BGM,NY,AEA,EN,Towers with Radar,4,34,39,2,79,0,0,8,0,8,4,34,47,2,87,38,0,38,125
08/29/2000,BGM,NY,AEA,EN,Towers with Radar,4,40,47,2,93,0,0,4,0,4,4,40,51,2,97,0,0,0,97
08/30/2000,BGM,NY,AEA,EN,Towers with Radar,4,38,18,6,66,0,0,21,0,21,4,38,39,6,87,48,6,54,141
08/31/2000,BGM,NY,AEA,EN,Towers with Radar,3,33,22,0,58,1,2,10,0,13,4,35,32,0,71,10,0,10,81
09/01/2000,BGM,NY,AEA,EN,Towers with Radar,4,45,30,4,83,0,0,18,0,18,4,45,48,4,101,44,0,44,145
09/02/2000,BGM,NY,AEA,EN,Towers with Radar,4,36,21,0,61,0,0,18,0,18,4,36,39,0,79,36,0,36,115
09/03/2000,BGM,NY,AEA,EN,Towers with Radar,4,31,12,0,47,0,0,9,0,9,4,31,21,0,56,28,0,28,84
09/04/2000,BGM,NY,AEA,EN,Towers with Radar,4,41,21,0,66,0,0,0,0,0,4,41,21,0,66,20,0,20,86
09/05/2000,BGM,NY,AEA,EN,Towers with Radar,4,40,48,8,100,0,0,47,0,47,4,40,95,8,147,38,18,56,203
09/06/2000,BGM,NY,AEA,EN,Towers with Radar,4,43,29,3,79,0,0,40,2,42,4,43,69,5,121,36,0,36,157
09/07/2000,BGM,NY,AEA,EN,Towers with Radar,3,34,18,1,56,1,4,50,3,58,4,38,68,4,114,34,0,34,148
09/08/2000,BGM,NY,AEA,EN,Towers with Radar,3,40,21,0,64,1,0,20,0,21,4,40,41,0,85,52,0,52,137
09/09/2000,BGM,NY,AEA,EN,Towers with Radar,3,29,3,0,35,1,0,0,0,1,4,29,3,0,36,36,0,36,72
09/10/2000,BGM,NY,AEA,EN,Towers with Radar,4,34,19,0,57,0,0,4,0,4,4,34,23,0,61,4,0,4,65
09/11/2000,BGM,NY,AEA,EN,Towers with Radar,4,52,15,0,71,0,0,0,0,0,4,52,15,0,71,24,0,24,95
09/12/2000,BGM,NY,AEA,EN,Towers with Radar,4,56,61,0,121,0,0,2,0,2,4,56,63,0,123,14,0,14,137
09/13/2000,BGM,NY,AEA,EN,Towers with Radar,4,49,35,4,92,0,0,25,0,25,4,49,60,4,117,40,0,40,157
09/14/2000,BGM,NY,AEA,EN,Towers with Radar,4,60,23,0,87,0,0,40,0,40,4,60,63,0,127,38,0,38,165
09/15/2000,BGM,NY,AEA,EN,Towers with Radar,4,57,30,2,93,0,8,14,10,32,4,65,44,12,125,38,4,42,167
09/16/2000,BGM,NY,AEA,EN,Towers with Radar,6,39,18,0,63,0,0,12,0,12,6,39,30,0,75,38,0,38,113
09/17/2000,BGM,NY,AEA,EN,Towers with Radar,3,42,21,0,66,1,3,19,0,23,4,45,40,0,89,34,0,34,123
09/18/2000,BGM,NY,AEA,EN,Towers with Radar,4,50,20,0,74,0,0,25,0,25,4,50,45,0,99,16,0,16,115
09/19/2000,BGM,NY,AEA,EN,Towers with Radar,4,52,35,4,95,0,0,28,0,28,4,52,63,4,123,38,0,38,161
09/20/2000,BGM,NY,AEA,EN,Towers with Radar,3,44,23,2,72,0,6,17,0,23,3,50,40,2,95,22,0,22,117
09/21/2000,BGM,NY,AEA,EN,Towers with Radar,4,51,18,2,75,1,4,0,2,7,5,55,18,4,82,34,0,34,116
09/22/2000,BGM,NY,AEA,EN,Towers with Radar,4,61,32,0,97,0,0,102,0,102,4,61,134,0,199,72,0,72,271
09/23/2000,BGM,NY,AEA,EN,Towers with Radar,4,37,11,0,52,0,0,4,0,4,4,37,15,0,56,14,0,14,70
09/24/2000,BGM,NY,AEA,EN,Towers with Radar,4,32,11,0,47,0,0,0,0,0,4,32,11,0,47,0,0,0,47
09/25/2000,BGM,NY,AEA,EN,Towers with Radar,4,51,18,2,75,0,0,17,0,17,4,51,35,2,92,34,0,34,126
09/26/2000,BGM,NY,AEA,EN,Towers with Radar,4,49,27,11,91,0,0,7,0,7,4,49,34,11,98,24,12,36,134
09/27/2000,BGM,NY,AEA,EN,Towers with Radar,4,51,19,10,84,0,0,37,0,37,4,51,56,10,121,22,10,32,153
09/28/2000,BGM,NY,AEA,EN,Towers with Radar,4,50,27,2,83,0,2,6,0,8,4,52,33,2,91,28,0,28,119
09/29/2000,BGM,NY,AEA,EN,Towers with Radar,4,48,14,1,67,0,0,41,0,41,4,48,55,1,108,44,0,44,152
09/30/2000,BGM,NY,AEA,EN,Towers with Radar,2,27,14,0,43,2,9,32,0,43,4,36,46,0,86,64,0,64,150
10/01/2000,BGM,NY,AEA,EN,Towers with Radar,3,38,18,0,59,1,1,34,0,36,4,39,52,0,95,44,0,44,139
10/02/2000,BGM,NY,AEA,EN,Towers with Radar,4,53,28,2,87,0,1,31,0,32,4,54,59,2,119,30,0,30,149
10/03/2000,BGM,NY,AEA,EN,Towers with Radar,4,52,18,0,74,0,1,9,0,10,4,53,27,0,84,28,0,28,112
10/04/2000,BGM,NY,AEA,EN,Towers with Radar,4,56,22,6,88,0,2,1,0,3,4,58,23,6,91,8,6,14,105
10/05/2000,BGM,NY,AEA,EN,Towers with Radar,3,40,33,5,81,0,2,0,0,2,3,42,33,5,83,0,4,4,87
10/06/2000,BGM,NY,AEA,EN,Towers with Radar,6,50,19,3,78,1,0,0,0,1,7,50,19,3,79,0,0,0,79
10/07/2000,BGM,NY,AEA,EN,Towers with Radar,4,34,17,0,55,0,2,18,0,20,4,36,35,0,75,22,0,22,97
10/08/2000,BGM,NY,AEA,EN,Towers with Radar,4,34,4,0,42,0,2,0,0,2,4,36,4,0,44,0,0,0,44
10/09/2000,BGM,NY,AEA,EN,Towers with Radar,4,48,10,0,62,0,2,3,0,5,4,50,13,0,67,24,0,24,91
10/10/2000,BGM,NY,AEA,EN,Towers with Radar,5,59,33,2,99,0,2,2,0,4,5,61,35,2,103,2,0,2,105
10/11/2000,BGM,NY,AEA,EN,Towers with Radar,4,51,21,0,76,0,0,28,0,28,4,51,49,0,104,40,0,40,144
10/12/2000,BGM,NY,AEA,EN,Towers with Radar,4,60,27,6,97,0,0,53,13,66,4,60,80,19,163,70,12,82,245
10/13/2000,BGM,NY,AEA,EN,Towers with Radar,4,55,25,1,85,0,0,36,0,36,4,55,61,1,121,54,0,54,175
10/14/2000,BGM,NY,AEA,EN,Towers with Radar,4,54,16,0,74,0,1,22,0,23,4,55,38,0,97,38,0,38,135
10/15/2000,BGM,NY,AEA,EN,Towers with Radar,4,28,8,1,41,0,1,5,0,6,4,29,13,1,47,24,0,24,71
10/16/2000,BGM,NY,AEA,EN,Towers with Radar,3,65,22,16,106,0,1,1,0,2,3,66,23,16,108,16,0,16,124
10/17/2000,BGM,NY,AEA,EN,Towers with Radar,6,53,31,4,94,0,0,0,0,0,6,53,31,4,94,2,0,2,96
10/18/2000,BGM,NY,AEA,EN,Towers with Radar,4,56,19,20,99,0,1,0,0,1,4,57,19,20,100,14,0,14,114
10/19/2000,BGM,NY,AEA,EN,Towers with Radar,4,53,22,4,83,0,2,14,6,22,4,55,36,10,105,38,12,50,155
10/20/2000,BGM,NY,AEA,EN,Towers with Radar,5,52,23,0,80,0,1,44,0,45,5,53,67,0,125,56,0,56,181
10/21/2000,BGM,NY,AEA,EN,Towers with Radar,4,37,12,2,55,0,1,20,0,21,4,38,32,2,76,54,0,54,130
10/22/2000,BGM,NY,AEA,EN,Towers with Radar,3,35,14,2,54,2,6,30,8,46,5,41,44,10,100,12,0,12,112
10/23/2000,BGM,NY,AEA,EN,Towers with Radar,4,47,21,4,76,0,0,41,0,41,4,47,62,4,117,68,0,68,185
10/24/2000,BGM,NY,AEA,EN,Towers with Radar,4,57,19,7,87,0,1,10,0,11,4,58,29,7,98,4,16,20,118
10/25/2000,BGM,NY,AEA,EN,Towers with Radar,4,46,19,4,73,0,0,5,2,7,4,46,24,6,80,10,2,12,92
10/26/2000,BGM,NY,AEA,EN,Towers with Radar,4,48,23,4,79,0,0,3,4,7,4,48,26,8,86,12,8,20,106
10/27/2000,BGM,NY,AEA,EN,Towers with Radar,4,51,22,0,77,0,0,13,0,13,4,51,35,0,90,24,0,24,114
10/28/2000,BGM,NY,AEA,EN,Towers with Radar,4,43,8,0,55,0,1,11,0,12,4,44,19,0,67,10,0,10,77
10/29/2000,BGM,NY,AEA,EN,Towers with Radar,4,41,17,0,62,1,5,15,0,21,5,46,32,0,83,38,0,38,121
10/30/2000,BGM,NY,AEA,EN,Towers with Radar,4,58,26,9,97,0,1,9,0,10,4,59,35,9,107,18,8,26,133
10/31/2000,BGM,NY,AEA,EN,Towers with Radar,4,57,21,2,84,0,1,13,0,14,4,58,34,2,98,32,0,32,130
11/01/2000,BGM,NY,AEA,EN,Towers with Radar,4,50,23,28,105,0,2,9,0,11,4,52,32,28,116,26,0,26,142
11/02/2000,BGM,NY,AEA,EN,Towers with Radar,4,52,29,2,87,0,3,34,0,37,4,55,63,2,124,52,0,52,176
11/03/2000,BGM,NY,AEA,EN,Towers with Radar,4,53,47,2,106,0,3,23,0,26,4,56,70,2,132,12,0,12,144
11/04/2000,BGM,NY,AEA,EN,Towers with Radar,4,39,14,0,57,0,2,12,0,14,4,41,26,0,71,2,0,2,73
11/05/2000,BGM,NY,AEA,EN,Towers with Radar,4,36,18,1,59,0,2,5,0,7,4,38,23,1,66,6,0,6,72
11/06/2000,BGM,NY,AEA,EN,Towers with Radar,3,46,26,3,78,0,0,22,14,36,3,46,48,17,114,18,0,18,132
11/07/2000,BGM,NY,AEA,EN,Towers with Radar,4,49,25,4,82,0,2,16,0,18,4,51,41,4,100,42,4,46,146
11/08/2000,BGM,NY,AEA,EN,Towers with Radar,5,64,34,4,107,0,1,11,5,17,5,65,45,9,124,24,6,30,154
11/09/2000,BGM,NY,AEA,EN,Towers with Radar,4,57,24,0,85,0,2,1,0,3,4,59,25,0,88,4,0,4,92
11/10/2000,BGM,NY,AEA,EN,Towers with Radar,3,62,25,0,90,0,1,0,0,1,3,63,25,0,91,2,0,2,93
11/11/2000,BGM,NY,AEA,EN,Towers with Radar,4,41,15,0,60,0,1,0,0,1,4,42,15,0,61,0,0,0,61
11/12/2000,BGM,NY,AEA,EN,Towers with Radar,4,36,24,0,64,0,0,0,0,0,4,36,24,0,64,0,0,0,64
11/13/2000,BGM,NY,AEA,EN,Towers with Radar,4,44,30,0,78,0,1,0,0,1,4,45,30,0,79,0,0,0,79
11/14/2000,BGM,NY,AEA,EN,Towers with Radar,4,47,20,14,85,0,1,0,0,1,4,48,20,14,86,18,0,18,104
11/15/2000,BGM,NY,AEA,EN,Towers with Radar,4,47,17,0,68,0,1,4,0,5,4,48,21,0,73,42,0,42,115
11/16/2000,BGM,NY,AEA,EN,Towers with Radar,4,47,30,0,81,0,0,28,0,28,4,47,58,0,109,64,0,64,173
11/17/2000,BGM,NY,AEA,EN,Towers with Radar,4,58,36,0,98,0,1,7,0,8,4,59,43,0,106,66,0,66,172
11/18/2000,BGM,NY,AEA,EN,Towers with Radar,4,38,5,0,47,0,1,10,0,11,4,39,15,0,58,22,0,22,80
11/19/2000,BGM,NY,AEA,EN,Towers with Radar,3,37,18,2,60,1,0,19,0,20,4,37,37,2,80,22,0,22,102
11/20/2000,BGM,NY,AEA,EN,Towers with Radar,4,47,29,0,80,0,1,11,0,12,4,48,40,0,92,6,0,6,98
11/21/2000,BGM,NY,AEA,EN,Towers with Radar,4,40,18,2,64,0,1,1,0,2,4,41,19,2,66,6,0,6,72
11/22/2000,BGM,NY,AEA,EN,Towers with Radar,4,43,21,0,68,0,1,0,0,1,4,44,21,0,69,22,0,22,91
11/23/2000,BGM,NY,AEA,EN,Towers with Radar,5,30,10,0,45,0,1,0,0,1,5,31,10,0,46,0,0,0,46
11/24/2000,BGM,NY,AEA,EN,Towers with Radar,4,31,17,0,52,0,1,19,0,20,4,32,36,0,72,6,0,6,78
11/25/2000,BGM,NY,AEA,EN,Towers with Radar,2,31,16,0,49,2,1,13,0,16,4,32,29,0,65,16,0,16,81
11/26/2000,BGM,NY,AEA,EN,Towers with Radar,3,29,22,0,54,1,0,37,0,38,4,29,59,0,92,24,0,24,116
11/27/2000,BGM,NY,AEA,EN,Towers with Radar,4,47,23,0,74,0,0,0,0,0,4,47,23,0,74,6,0,6,80
11/28/2000,BGM,NY,AEA,EN,Towers with Radar,3,38,13,2,56,1,7,0,1,9,4,45,13,3,65,2,0,2,67
11/29/2000,BGM,NY,AEA,EN,Towers with Radar,4,58,29,3,94,0,3,19,4,26,4,61,48,7,120,40,0,40,160
11/30/2000,BGM,NY,AEA,EN,Towers with Radar,4,44,13,4,65,0,1,0,0,1,4,45,13,4,66,8,0,8,74
12/01/2000,BGM,NY,AEA,EN,Towers with Radar,4,54,41,0,99,0,0,1,0,1,4,54,42,0,100,0,0,0,100
12/02/2000,BGM,NY,AEA,EN,Towers with Radar,4,33,6,0,43,0,0,8,0,8,4,33,14,0,51,2,0,2,53
12/03/2000,BGM,NY,AEA,EN,Towers with Radar,4,31,27,0,62,0,0,29,0,29,4,31,56,0,91,16,0,16,107
12/04/2000,BGM,NY,AEA,EN,Towers with Radar,4,43,16,9,72,0,0,32,1,33,4,43,48,10,105,28,4,32,137
12/05/2000,BGM,NY,AEA,EN,Towers with Radar,4,55,39,6,104,0,0,7,1,8,4,55,46,7,112,42,0,42,154
12/06/2000,BGM,NY,AEA,EN,Towers with Radar,4,44,15,0,63,0,0,4,0,4,4,44,19,0,67,30,0,30,97
12/07/2000,BGM,NY,AEA,EN,Towers with Radar,3,49,16,4,72,0,0,0,0,0,3,49,16,4,72,12,0,12,84
12/08/2000,BGM,NY,AEA,EN,Towers with Radar,4,46,28,4,82,0,0,0,0,0,4,46,28,4,82,4,0,4,86
12/09/2000,BGM,NY,AEA,EN,Towers with Radar,4,40,25,0,69,0,0,13,0,13,4,40,38,0,82,26,0,26,108
12/10/2000,BGM,NY,AEA,EN,Towers with Radar,4,43,19,0,66,0,0,20,0,20,4,43,39,0,86,18,0,18,104
12/11/2000,BGM,NY,AEA,EN,Towers with Radar,4,48,17,2,71,0,0,0,0,0,4,48,17,2,71,6,0,6,77
12/12/2000,BGM,NY,AEA,EN,Towers with Radar,4,46,26,4,80,0,0,6,0,6,4,46,32,4,86,12,0,12,98
12/13/2000,BGM,NY,AEA,EN,Towers with Radar,4,42,32,11,89,0,0,17,0,17,4,42,49,11,106,36,0,36,142
12/14/2000,BGM,NY,AEA,EN,Towers with Radar,2,47,18,0,67,0,8,4,0,12,2,55,22,0,79,0,0,0,79
12/15/2000,BGM,NY,AEA,EN,Towers with Radar,3,54,22,2,81,0,0,0,0,0,3,54,22,2,81,16,0,16,97
12/16/2000,BGM,NY,AEA,EN,Towers with Radar,2,31,4,0,37,2,10,0,0,12,4,41,4,0,49,14,0,14,63
12/17/2000,BGM,NY,AEA,EN,Towers with Radar,4,39,13,2,58,0,0,0,0,0,4,39,13,2,58,0,0,0,58
12/18/2000,BGM,NY,AEA,EN,Towers with Radar,4,45,14,2,65,0,0,0,0,0,4,45,14,2,65,12,0,12,77
12/19/2000,BGM,NY,AEA,EN,Towers with Radar,3,40,17,0,60,0,0,0,0,0,3,40,17,0,60,0,0,0,60
12/20/2000,BGM,NY,AEA,EN,Towers with Radar,4,44,25,2,75,0,0,1,0,1,4,44,26,2,76,0,0,0,76
12/21/2000,BGM,NY,AEA,EN,Towers with Radar,3,59,20,0,82,0,0,4,0,4,3,59,24,0,86,28,0,28,114
12/22/2000,BGM,NY,AEA,EN,Towers with Radar,4,39,7,0,50,0,0,0,0,0,4,39,7,0,50,0,0,0,50
12/23/2000,BGM,NY,AEA,EN,Towers with Radar,5,35,6,0,46,0,0,5,0,5,5,35,11,0,51,20,0,20,71
12/24/2000,BGM,NY,AEA,EN,Towers with Radar,1,23,2,0,26,3,5,0,0,8,4,28,2,0,34,0,0,0,34
12/25/2000,BGM,NY,AEA,EN,Towers with Radar,4,21,1,0,26,0,0,0,0,0,4,21,1,0,26,0,0,0,26
12/26/2000,BGM,NY,AEA,EN,Towers with Radar,4,42,17,0,63,0,0,9,0,9,4,42,26,0,72,12,0,12,84
12/27/2000,BGM,NY,AEA,EN,Towers with Radar,3,46,10,0,59,0,0,0,0,0,3,46,10,0,59,0,0,0,59
12/28/2000,BGM,NY,AEA,EN,Towers with Radar,5,44,5,0,54,0,0,0,0,0,5,44,5,0,54,18,0,18,72
12/29/2000,BGM,NY,AEA,EN,Towers with Radar,4,44,4,0,52,0,0,9,0,9,4,44,13,0,61,6,0,6,67
12/30/2000,BGM,NY,AEA,EN,Towers with Radar,4,17,2,0,23,0,0,4,0,4,4,17,6,0,27,12,0,12,39
12/31/2000,BGM,NY,AEA,EN,Towers with Radar,4,29,3,0,36,0,0,0,0,0,4,29,3,0,36,0,0,0,36
01/01/2001,BGM,NY,AEA,EN,Towers with Radar,4,37,13,0,54,0,1,4,0,5,4,38,17,0,59,14,0,14,73
01/02/2001,BGM,NY,AEA,EN,Towers with Radar,4,49,14,2,69,0,1,7,0,8,4,50,21,2,77,28,0,28,105
01/03/2001,BGM,NY,AEA,EN,Towers with Radar,3,53,10,0,66,0,0,19,0,19,3,53,29,0,85,32,0,32,117
01/04/2001,BGM,NY,AEA,EN,Towers with Radar,4,55,26,5,90,0,0,17,0,17,4,55,43,5,107,14,0,14,121
01/05/2001,BGM,NY,AEA,EN,Towers with Radar,4,53,12,4,73,0,0,1,0,1,4,53,13,4,74,0,0,0,74
01/06/2001,BGM,NY,AEA,EN,Towers with Radar,4,34,6,2,46,0,0,0,0,0,4,34,6,2,46,2,0,2,48
01/07/2001,BGM,NY,AEA,EN,Towers with Radar,4,38,5,0,47,0,0,5,0,5,4,38,10,0,52,12,0,12,64
01/08/2001,BGM,NY,AEA,EN,Towers with Radar,4,57,22,0,83,0,0,1,0,1,4,57,23,0,84,10,0,10,94
01/09/2001,BGM,NY,AEA,EN,Towers with Radar,4,44,30,2,80,0,0,1,0,1,4,44,31,2,81,12,0,12,93
01/10/2001,BGM,NY,AEA,EN,Towers with Radar,5,56,38,2,101,0,0,4,0,4,5,56,42,2,105,0,0,0,105
01/11/2001,BGM,NY,AEA,EN,Towers with Radar,4,39,16,2,61,0,0,8,0,8,4,39,24,2,69,16,0,16,85
01/12/2001,BGM,NY,AEA,EN,Towers with Radar,4,42,11,4,61,0,0,13,0,13,4,42,24,4,74,38,0,38,112
01/13/2001,BGM,NY,AEA,EN,Towers with Radar,4,28,6,2,40,0,0,54,0,54,4,28,60,2,94,34,0,34,128
01/14/2001,BGM,NY,AEA,EN,Towers with Radar,4,32,23,0,59,0,0,6,0,6,4,32,29,0,65,32,0,32,97
01/15/2001,BGM,NY,AEA,EN,Towers with Radar,4,42,7,0,53,0,0,0,0,0,4,42,7,0,53,0,0,0,53
01/16/2001,BGM,NY,AEA,EN,Towers with Radar,4,59,22,3,88,0,0,2,0,2,4,59,24,3,90,16,0,16,106
01/17/2001,BGM,NY,AEA,EN,Towers with Radar,4,60,18,0,82,0,0,0,0,0,4,60,18,0,82,0,0,0,82
01/18/2001,BGM,NY,AEA,EN,Towers with Radar,4,36,21,4,65,0,0,7,2,9,4,36,28,6,74,24,0,24,98
01/19/2001,BGM,NY,AEA,EN,Towers with Radar,4,50,16,0,70,0,0,0,0,0,4,50,16,0,70,0,0,0,70
01/20/2001,BGM,NY,AEA,EN,Towers with Radar,3,31,13,1,48,0,0,2,2,4,3,31,15,3,52,2,0,2,54
01/21/2001,BGM,NY,AEA,EN,Towers with Radar,4,36,19,0,59,0,0,0,0,0,4,36,19,0,59,10,0,10,69
01/22/2001,BGM,NY,AEA,EN,Towers with Radar,4,49,14,2,69,0,0,6,0,6,4,49,20,2,75,18,0,18,93
01/23/2001,BGM,NY,AEA,EN,Towers with Radar,4,54,18,6,82,0,0,17,0,17,4,54,35,6,99,32,0,32,131
01/24/2001,BGM,NY,AEA,EN,Towers with Radar,4,49,33,6,92,0,0,11,0,11,4,49,44,6,103,34,0,34,137
01/25/2001,BGM,NY,AEA,EN,Towers with Radar,4,49,19,7,79,0,0,3,0,3,4,49,22,7,82,0,6,6,88
01/26/2001,BGM,NY,AEA,EN,Towers with Radar,4,49,19,2,74,0,0,7,0,7,4,49,26,2,81,20,0,20,101
01/27/2001,BGM,NY,AEA,EN,Towers with Radar,4,37,1,0,42,0,0,0,0,0,4,37,1,0,42,0,0,0,42
01/28/2001,BGM,NY,AEA,EN,Towers with Radar,4,42,13,0,59,0,0,13,0,13,4,42,26,0,72,24,0,24,96
01/29/2001,BGM,NY,AEA,EN,Towers with Radar,4,53,20,4,81,0,1,16,0,17,4,54,36,4,98,18,0,18,116
01/30/2001,BGM,NY,AEA,EN,Towers with Radar,4,56,22,4,86,0,0,0,0,0,4,56,22,4,86,0,0,0,86
01/31/2001,BGM,NY,AEA,EN,Towers with Radar,6,61,33,2,102,0,0,0,0,0,6,61,33,2,102,0,0,0,102
02/01/2001,BGM,NY,AEA,EN,Towers with Radar,4,50,20,6,80,0,1,4,0,5,4,51,24,6,85,10,0,10,95
02/02/2001,BGM,NY,AEA,EN,Towers with Radar,4,52,15,2,73,0,1,2,0,3,4,53,17,2,76,14,0,14,90
02/03/2001,BGM,NY,AEA,EN,Towers with Radar,4,32,1,0,37,0,0,3,0,3,4,32,4,0,40,48,0,48,88
02/04/2001,BGM,NY,AEA,EN,Towers with Radar,4,40,14,0,58,0,0,5,0,5,4,40,19,0,63,0,0,0,63
02/05/2001,BGM,NY,AEA,EN,Towers with Radar,4,33,8,2,47,0,0,1,0,1,4,33,9,2,48,0,0,0,48
02/06/2001,BGM,NY,AEA,EN,Towers with Radar,4,50,31,4,89,0,0,9,0,9,4,50,40,4,98,6,0,6,104
02/07/2001,BGM,NY,AEA,EN,Towers with Radar,4,54,28,6,92,0,0,4,0,4,4,54,32,6,96,12,0,12,108
02/08/2001,BGM,NY,AEA,EN,Towers with Radar,4,56,39,8,107,0,0,21,0,21,4,56,60,8,128,6,0,6,134
02/09/2001,BGM,NY,AEA,EN,Towers with Radar,4,50,41,2,97,0,0,1,0,1,4,50,42,2,98,0,0,0,98
02/10/2001,BGM,NY,AEA,EN,Towers with Radar,4,24,4,0,32,0,0,0,0,0,4,24,4,0,32,2,0,2,34
02/11/2001,BGM,NY,AEA,EN,Towers with Radar,4,48,19,0,71,0,0,10,0,10,4,48,29,0,81,22,0,22,103
02/12/2001,BGM,NY,AEA,EN,Towers with Radar,4,53,38,0,95,0,0,24,1,25,4,53,62,1,120,8,0,8,128
02/13/2001,BGM,NY,AEA,EN,Towers with Radar,4,62,43,0,109,0,0,35,0,35,4,62,78,0,144,54,0,54,198
02/14/2001,BGM,NY,AEA,EN,Towers with Radar,4,45,15,2,66,0,0,0,1,1,4,45,15,3,67,0,0,0,67
02/15/2001,BGM,NY,AEA,EN,Towers with Radar,4,56,29,2,91,0,0,3,0,3,4,56,32,2,94,12,0,12,106
02/16/2001,BGM,NY,AEA,EN,Towers with Radar,3,45,22,0,70,0,0,0,0,0,3,45,22,0,70,0,0,0,70
02/17/2001,BGM,NY,AEA,EN,Towers with Radar,3,33,3,0,39,0,0,0,0,0,3,33,3,0,39,0,0,0,39
02/18/2001,BGM,NY,AEA,EN,Towers with Radar,4,41,14,0,59,0,0,10,0,10,4,41,24,0,69,20,0,20,89
02/19/2001,BGM,NY,AEA,EN,Towers with Radar,4,42,16,0,62,0,0,12,0,12,4,42,28,0,74,36,0,36,110
02/20/2001,BGM,NY,AEA,EN,Towers with Radar,4,54,15,10,83,0,0,6,0,6,4,54,21,10,89,2,6,8,97
02/21/2001,BGM,NY,AEA,EN,Towers with Radar,4,48,24,2,78,0,0,1,0,1,4,48,25,2,79,6,0,6,85
02/22/2001,BGM,NY,AEA,EN,Towers with Radar,4,58,17,2,81,0,0,9,0,9,4,58,26,2,90,28,0,28,118
02/23/2001,BGM,NY,AEA,EN,Towers with Radar,3,60,23,2,88,0,0,4,2,6,3,60,27,4,94,0,0,0,94
02/24/2001,BGM,NY,AEA,EN,Towers with Radar,4,28,7,0,39,0,0,31,0,31,4,28,38,0,70,60,0,60,130
02/25/2001,BGM,NY,AEA,EN,Towers with Radar,2,37,6,0,45,0,0,0,0,0,2,37,6,0,45,0,0,0,45
02/26/2001,BGM,NY,AEA,EN,Towers with Radar,5,58,20,6,89,0,0,8,0,8,5,58,28,6,97,10,0,10,107
02/27/2001,BGM,NY,AEA,EN,Towers with Radar,5,63,27,2,97,0,2,7,0,9,5,65,34,2,106,10,0,10,116
02/28/2001,BGM,NY,AEA,EN,Towers with Radar,4,63,32,2,101,0,0,11,0,11,4,63,43,2,112,10,0,10,122
03/01/2001,BGM,NY,AEA,EN,Towers with Radar,4,40,13,2,59,0,0,0,6,6,4,40,13,8,65,6,8,14,79
03/02/2001,BGM,NY,AEA,EN,Towers with Radar,4,45,10,0,59,0,0,1,0,1,4,45,11,0,60,0,0,0,60
03/03/2001,BGM,NY,AEA,EN,Towers with Radar,4,40,7,0,51,0,0,1,0,1,4,40,8,0,52,0,0,0,52
03/04/2001,BGM,NY,AEA,EN,Towers with Radar,3,28,21,1,53,0,0,1,0,1,3,28,22,1,54,0,0,0,54
03/05/2001,BGM,NY,AEA,EN,Towers with Radar,1,7,3,0,11,2,0,1,0,3,3,7,4,0,14,0,0,0,14
03/06/2001,BGM,NY,AEA,EN,Towers with Radar,3,30,10,0,43,0,26,15,0,41,3,56,25,0,84,0,0,0,84
03/07/2001,BGM,NY,AEA,EN,Towers with Radar,4,44,16,6,70,0,0,21,0,21,4,44,37,6,91,32,0,32,123
03/08/2001,BGM,NY,AEA,EN,Towers with Radar,4,48,16,9,77,0,0,5,0,5,4,48,21,9,82,0,0,0,82
03/09/2001,BGM,NY,AEA,EN,Towers with Radar,4,43,12,2,61,0,0,0,2,2,4,43,12,4,63,0,0,0,63
03/10/2001,BGM,NY,AEA,EN,Towers with Radar,4,48,20,0,72,0,0,18,0,18,4,48,38,0,90,28,0,28,118
03/11/2001,BGM,NY,AEA,EN,Towers with Radar,4,45,9,0,58,0,0,1,0,1,4,45,10,0,59,0,0,0,59
03/12/2001,BGM,NY,AEA,EN,Towers with Radar,4,48,19,0,71,0,0,25,0,25,4,48,44,0,96,0,0,0,96
03/13/2001,BGM,NY,AEA,EN,Towers with Radar,4,55,18,6,83,0,0,0,0,0,4,55,18,6,83,0,4,4,87
03/14/2001,BGM,NY,AEA,EN,Towers with Radar,4,56,22,2,84,0,0,3,0,3,4,56,25,2,87,6,0,6,93
03/15/2001,BGM,NY,AEA,EN,Towers with Radar,4,48,20,12,84,0,0,9,0,9,4,48,29,12,93,0,12,12,105
03/16/2001,BGM,NY,AEA,EN,Towers with Radar,4,56,11,0,71,0,0,0,0,0,4,56,11,0,71,26,0,26,97
03/17/2001,BGM,NY,AEA,EN,Towers with Radar,1,24,1,0,26,3,2,0,0,5,4,26,1,0,31,0,0,0,31
03/18/2001,BGM,NY,AEA,EN,Towers with Radar,3,42,14,0,59,1,0,4,0,5,4,42,18,0,64,0,0,0,64
03/19/2001,BGM,NY,AEA,EN,Towers with Radar,3,57,30,1,91,0,0,16,2,18,3,57,46,3,109,40,0,40,149
03/20/2001,BGM,NY,AEA,EN,Towers with Radar,5,48,36,0,89,0,0,39,0,39,5,48,75,0,128,44,0,44,172
03/21/2001,BGM,NY,AEA,EN,Towers with Radar,4,52,19,4,79,0,0,7,0,7,4,52,26,4,86,10,0,10,96
03/22/2001,BGM,NY,AEA,EN,Towers with Radar,4,43,15,0,62,0,0,0,0,0,4,43,15,0,62,0,0,0,62
03/23/2001,BGM,NY,AEA,EN,Towers with Radar,3,41,15,0,59,1,9,6,0,16,4,50,21,0,75,4,0,4,79
03/24/2001,BGM,NY,AEA,EN,Towers with Radar,2,35,9,1,47,0,0,0,0,0,2,35,9,1,47,18,0,18,65
03/25/2001,BGM,NY,AEA,EN,Towers with Radar,5,55,13,0,73,0,0,10,0,10,5,55,23,0,83,14,0,14,97
03/26/2001,BGM,NY,AEA,EN,Towers with Radar,4,50,17,2,73,0,0,6,0,6,4,50,23,2,79,30,0,30,109
03/27/2001,BGM,NY,AEA,EN,Towers with Radar,3,64,18,0,85,0,0,2,0,2,3,64,20,0,87,6,4,10,97
03/28/2001,BGM,NY,AEA,EN,Towers with Radar,4,59,28,12,103,0,0,29,0,29,4,59,57,12,132,4,12,16,148
03/29/2001,BGM,NY,AEA,EN,Towers with Radar,3,49,22,2,76,0,0,6,0,6,3,49,28,2,82,42,0,42,124
03/30/2001,BGM,NY,AEA,EN,Towers with Radar,3,49,13,1,66,2,8,0,0,10,5,57,13,1,76,0,0,0,76
03/31/2001,BGM,NY,AEA,EN,Towers with Radar,3,23,1,1,28,1,0,0,0,1,4,23,1,1,29,0,0,0,29
04/01/2001,BGM,NY,AEA,EN,Towers with Radar,4,66,17,0,87,0,1,14,0,15,4,67,31,0,102,14,0,14,116
04/02/2001,BGM,NY,AEA,EN,Towers with Radar,4,57,27,7,95,0,1,0,0,1,4,58,27,7,96,0,0,0,96
04/03/2001,BGM,NY,AEA,EN,Towers with Radar,4,61,26,20,111,0,1,12,0,13,4,62,38,20,124,14,8,22,146
04/04/2001,BGM,NY,AEA,EN,Towers with Radar,4,55,24,2,85,0,10,42,0,52,4,65,66,2,137,26,0,26,163
04/05/2001,BGM,NY,AEA,EN,Towers with Radar,4,65,28,2,99,0,7,70,18,95,4,72,98,20,194,28,20,48,242
04/06/2001,BGM,NY,AEA,EN,Towers with Radar,2,54,13,2,71,0,1,0,0,1,2,55,13,2,72,0,0,0,72
04/07/2001,BGM,NY,AEA,EN,Towers with Radar,3,25,15,0,43,1,0,0,0,1,4,25,15,0,44,0,0,0,44
04/08/2001,BGM,NY,AEA,EN,Towers with Radar,4,59,33,0,96,0,1,6,0,7,4,60,39,0,103,6,0,6,109
04/09/2001,BGM,NY,AEA,EN,Towers with Radar,5,68,38,0,111,0,1,20,0,21,5,69,58,0,132,26,0,26,158
04/10/2001,BGM,NY,AEA,EN,Towers with Radar,4,60,24,3,91,0,5,13,3,21,4,65,37,6,112,16,4,20,132
04/11/2001,BGM,NY,AEA,EN,Towers with Radar,4,67,30,0,101,0,0,22,0,22,4,67,52,0,123,12,0,12,135
04/12/2001,BGM,NY,AEA,EN,Towers with Radar,4,56,20,0,80,1,2,0,0,3,5,58,20,0,83,10,0,10,93
04/13/2001,BGM,NY,AEA,EN,Towers with Radar,4,62,21,0,87,0,0,21,0,21,4,62,42,0,108,36,0,36,144
04/14/2001,BGM,NY,AEA,EN,Towers with Radar,4,32,9,0,45,0,0,30,0,30,4,32,39,0,75,4,0,4,79
04/15/2001,BGM,NY,AEA,EN,Towers with Radar,2,35,14,0,51,2,4,2,0,8,4,39,16,0,59,12,0,12,71
04/16/2001,BGM,NY,AEA,EN,Towers with Radar,6,71,24,2,103,0,0,16,0,16,6,71,40,2,119,32,0,32,151
04/17/2001,BGM,NY,AEA,EN,Towers with Radar,4,70,31,3,108,0,0,0,2,2,4,70,31,5,110,0,0,0,110
04/18/2001,BGM,NY,AEA,EN,Towers with Radar,4,55,19,0,78,0,0,6,0,6,4,55,25,0,84,0,0,0,84
04/19/2001,BGM,NY,AEA,EN,Towers with Radar,4,64,29,2,99,0,0,50,0,50,4,64,79,2,149,60,0,60,209
04/20/2001,BGM,NY,AEA,EN,Towers with Radar,4,52,24,0,80,0,0,15,0,15,4,52,39,0,95,4,0,4,99
04/21/2001,BGM,NY,AEA,EN,Towers with Radar,4,28,26,0,58,0,0,5,0,5,4,28,31,0,63,14,0,14,77
04/22/2001,BGM,NY,AEA,EN,Towers with Radar,2,35,15,0,52,2,8,10,0,20,4,43,25,0,72,6,0,6,78
04/23/2001,BGM,NY,AEA,EN,Towers with Radar,4,73,29,0,106,0,0,45,0,45,4,73,74,0,151,16,0,16,167
04/24/2001,BGM,NY,AEA,EN,Towers with Radar,4,60,34,4,102,0,0,7,0,7,4,60,41,4,109,14,0,14,123
04/25/2001,BGM,NY,AEA,EN,Towers with Radar,5,70,30,2,107,0,0,26,1,27,5,70,56,3,134,10,0,10,144
04/26/2001,BGM,NY,AEA,EN,Towers with Radar,4,61,25,0,90,0,2,67,0,69,4,63,92,0,159,34,0,34,193
04/27/2001,BGM,NY,AEA,EN,Towers with Radar,4,55,23,0,82,0,9,18,0,27,4,64,41,0,109,10,0,10,119
04/28/2001,BGM,NY,AEA,EN,Towers with Radar,4,27,6,0,37,0,0,22,0,22,4,27,28,0,59,16,0,16,75
04/29/2001,BGM,NY,AEA,EN,Towers with Radar,4,54,14,0,72,0,0,38,0,38,4,54,52,0,110,24,0,24,134
04/30/2001,BGM,NY,AEA,EN,Towers with Radar,3,50,21,2,76,1,7,6,3,17,4,57,27,5,93,30,0,30,123
05/01/2001,BGM,NY,AEA,EN,Towers with Radar,5,49,22,0,76,0,6,37,0,43,5,55,59,0,119,16,0,16,135
05/02/2001,BGM,NY,AEA,EN,Towers with Radar,4,57,24,1,86,0,2,18,4,24,4,59,42,5,110,40,0,40,150
05/03/2001,BGM,NY,AEA,EN,Towers with Radar,4,58,13,4,79,0,3,34,0,37,4,61,47,4,116,52,0,52,168
05/04/2001,BGM,NY,AEA,EN,Towers with Radar,4,55,11,0,70,0,0,16,0,16,4,55,27,0,86,20,0,20,106
05/05/2001,BGM,NY,AEA,EN,Towers with Radar,4,34,15,0,53,0,0,24,0,24,4,34,39,0,77,38,0,38,115
05/06/2001,BGM,NY,AEA,EN,Towers with Radar,4,59,13,0,76,0,4,54,0,58,4,63,67,0,134,38,0,38,172
05/07/2001,BGM,NY,AEA,EN,Towers with Radar,4,60,20,0,84,0,0,26,0,26,4,60,46,0,110,14,0,14,124
05/08/2001,BGM,NY,AEA,EN,Towers with Radar,4,57,20,6,87,0,0,18,0,18,4,57,38,6,105,14,4,18,123
05/09/2001,BGM,NY,AEA,EN,Towers with Radar,4,59,14,0,77,0,0,4,0,4,4,59,18,0,81,2,0,2,83
05/10/2001,BGM,NY,AEA,EN,Towers with Radar,4,53,19,7,83,0,0,27,0,27,4,53,46,7,110,30,10,40,150
05/11/2001,BGM,NY,AEA,EN,Towers with Radar,3,46,20,0,69,1,8,10,0,19,4,54,30,0,88,28,0,28,116
05/12/2001,BGM,NY,AEA,EN,Towers with Radar,4,29,19,0,52,0,0,5,0,5,4,29,24,0,57,0,0,0,57
05/13/2001,BGM,NY,AEA,EN,Towers with Radar,4,49,13,0,66,0,2,15,0,17,4,51,28,0,83,16,0,16,99
05/14/2001,BGM,NY,AEA,EN,Towers with Radar,4,68,29,2,103,0,3,15,0,18,4,71,44,2,121,44,0,44,165
05/15/2001,BGM,NY,AEA,EN,Towers with Radar,4,72,12,38,126,0,1,19,0,20,4,73,31,38,146,4,48,52,198
05/16/2001,BGM,NY,AEA,EN,Towers with Radar,4,58,22,0,84,0,1,25,0,26,4,59,47,0,110,22,0,22,132
05/17/2001,BGM,NY,AEA,EN,Towers with Radar,4,56,36,8,104,0,0,2,1,3,4,56,38,9,107,14,0,14,121
05/18/2001,BGM,NY,AEA,EN,Towers with Radar,4,63,16,3,86,0,0,0,0,0,4,63,16,3,86,0,0,0,86
05/19/2001,BGM,NY,AEA,EN,Towers with Radar,4,61,28,0,93,0,0,28,0,28,4,61,56,0,121,46,0,46,167
05/20/2001,BGM,NY,AEA,EN,Towers with Radar,3,51,30,0,84,0,0,12,2,14,3,51,42,2,98,20,0,20,118
05/21/2001,BGM,NY,AEA,EN,Towers with Radar,3,54,47,6,110,0,0,0,3,3,3,54,47,9,113,0,6,6,119
05/22/2001,BGM,NY,AEA,EN,Towers with Radar,5,51,34,2,92,0,0,2,1,3,5,51,36,3,95,12,0,12,107
05/23/2001,BGM,NY,AEA,EN,Towers with Radar,4,61,31,5,101,0,0,2,1,3,4,61,33,6,104,18,0,18,122
05/24/2001,BGM,NY,AEA,EN,Towers with Radar,3,52,39,0,94,0,0,14,0,14,3,52,53,0,108,30,0,30,138
05/25/2001,BGM,NY,AEA,EN,Towers with Radar,4,62,24,0,90,0,0,13,0,13,4,62,37,0,103,3,0,3,106
05/26/2001,BGM,NY,AEA,EN,Towers with Radar,5,29,16,0,50,0,0,0,0,0,5,29,16,0,50,0,0,0,50
05/27/2001,BGM,NY,AEA,EN,Towers with Radar,4,28,10,0,42,0,0,8,0,8,4,28,18,0,50,20,0,20,70
05/28/2001,BGM,NY,AEA,EN,Towers with Radar,4,42,13,0,59,0,0,1,0,1,4,42,14,0,60,0,0,0,60
05/29/2001,BGM,NY,AEA,EN,Towers with Radar,4,63,27,0,94,0,0,17,1,18,4,63,44,1,112,24,0,24,136
05/30/2001,BGM,NY,AEA,EN,Towers with Radar,4,54,23,0,81,0,0,14,0,14,4,54,37,0,95,2,0,2,97
05/31/2001,BGM,NY,AEA,EN,Towers with Radar,4,53,28,0,85,0,1,40,0,41,4,54,68,0,126,38,0,38,164
06/01/2001,BGM,NY,AEA,EN,Towers with Radar,4,53,33,4,94,0,0,11,2,13,4,53,44,6,107,10,0,10,117
06/02/2001,BGM,NY,AEA,EN,Towers with Radar,4,39,21,0,64,0,0,13,0,13,4,39,34,0,77,34,0,34,111
06/03/2001,BGM,NY,AEA,EN,Towers with Radar,3,45,8,2,58,0,0,3,0,3,3,45,11,2,61,0,0,0,61
06/04/2001,BGM,NY,AEA,EN,Towers with Radar,4,50,21,2,77,0,1,10,0,11,4,51,31,2,88,14,0,14,102
06/05/2001,BGM,NY,AEA,EN,Towers with Radar,4,49,19,6,78,0,0,15,0,15,4,49,34,6,93,42,0,42,135
06/06/2001,BGM,NY,AEA,EN,Towers with Radar,4,60,33,0,97,0,1,27,0,28,4,61,60,0,125,64,0,64,189
06/07/2001,BGM,NY,AEA,EN,Towers with Radar,4,49,22,1,76,0,2,26,0,28,4,51,48,1,104,38,0,38,142
06/08/2001,BGM,NY,AEA,EN,Towers with Radar,5,70,19,0,94,0,0,47,0,47,5,70,66,0,141,22,0,22,163
06/09/2001,BGM,NY,AEA,EN,Towers with Radar,5,24,53,0,82,0,0,52,0,52,5,24,105,0,134,46,0,46,180
06/10/2001,BGM,NY,AEA,EN,Towers with Radar,4,37,19,0,60,0,0,33,0,33,4,37,52,0,93,56,0,56,149
06/11/2001,BGM,NY,AEA,EN,Towers with Radar,4,53,6,2,65,0,0,0,0,0,4,53,6,2,65,0,0,0,65
06/12/2001,BGM,NY,AEA,EN,Towers with Radar,4,54,23,0,81,0,0,0,0,0,4,54,23,0,81,32,0,32,113
06/13/2001,BGM,NY,AEA,EN,Towers with Radar,4,49,22,0,75,0,0,26,0,26,4,49,48,0,101,76,0,76,177
06/14/2001,BGM,NY,AEA,EN,Towers with Radar,4,59,20,4,87,0,0,21,0,21,4,59,41,4,108,24,0,24,132
06/15/2001,BGM,NY,AEA,EN,Towers with Radar,3,60,42,4,109,0,0,29,2,31,3,60,71,6,140,56,0,56,196
06/16/2001,BGM,NY,AEA,EN,Towers with Radar,6,34,4,0,44,0,0,7,0,7,6,34,11,0,51,48,0,48,99
06/17/2001,BGM,NY,AEA,EN,Towers with Radar,4,52,5,0,61,0,0,16,2,18,4,52,21,2,79,12,0,12,91
06/18/2001,BGM,NY,AEA,EN,Towers with Radar,5,48,27,0,80,0,4,24,0,28,5,52,51,0,108,4,0,4,112
06/19/2001,BGM,NY,AEA,EN,Towers with Radar,4,64,36,0,104,0,0,31,0,31,4,64,67,0,135,24,0,24,159
06/20/2001,BGM,NY,AEA,EN,Towers with Radar,4,58,14,0,76,0,1,25,0,26,4,59,39,0,102,54,0,54,156
06/21/2001,BGM,NY,AEA,EN,Towers with Radar,4,78,14,2,98,0,0,13,0,13,4,78,27,2,111,48,0,48,159
06/22/2001,BGM,NY,AEA,EN,Towers with Radar,4,50,23,0,77,0,0,0,0,0,4,50,23,0,77,2,0,2,79
06/23/2001,BGM,NY,AEA,EN,Towers with Radar,4,34,20,0,58,0,0,0,0,0,4,34,20,0,58,0,0,0,58
06/24/2001,BGM,NY,AEA,EN,Towers with Radar,4,45,28,0,77,0,0,23,0,23,4,45,51,0,100,30,0,30,130
06/25/2001,BGM,NY,AEA,EN,Towers with Radar,4,59,22,0,85,0,2,40,1,43,4,61,62,1,128,36,0,36,164
06/26/2001,BGM,NY,AEA,EN,Towers with Radar,4,51,26,0,81,0,5,29,2,36,4,56,55,2,117,24,0,24,141
06/27/2001,BGM,NY,AEA,EN,Towers with Radar,4,47,16,0,67,0,7,31,0,38,4,54,47,0,105,54,0,54,159
06/28/2001,BGM,NY,AEA,EN,Towers with Radar,4,59,16,34,113,0,1,26,3,30,4,60,42,37,143,36,24,60,203
06/29/2001,BGM,NY,AEA,EN,Towers with Radar,4,63,34,0,101,0,6,15,0,21,4,69,49,0,122,24,0,24,146
06/30/2001,BGM,NY,AEA,EN,Towers with Radar,4,30,9,0,43,0,1,2,0,3,4,31,11,0,46,26,0,26,72
07/01/2001,BGM,NY,AEA,EN,Towers with Radar,2,30,23,0,55,1,0,0,0,1,3,30,23,0,56,6,0,6,62
07/02/2001,BGM,NY,AEA,EN,Towers with Radar,4,46,12,5,67,1,2,15,0,18,5,48,27,5,85,34,4,38,123
07/03/2001,BGM,NY,AEA,EN,Towers with Radar,4,35,17,6,62,0,2,9,2,13,4,37,26,8,75,92,6,98,173
07/04/2001,BGM,NY,AEA,EN,Towers with Radar,4,36,6,0,46,0,23,0,0,23,4,59,6,0,69,34,0,34,103
07/05/2001,BGM,NY,AEA,EN,Towers with Radar,4,59,40,0,103,0,1,17,0,18,4,60,57,0,121,18,0,18,139
07/06/2001,BGM,NY,AEA,EN,Towers with Radar,3,54,19,0,76,0,4,14,0,18,3,58,33,0,94,66,0,66,160
07/07/2001,BGM,NY,AEA,EN,Towers with Radar,3,34,11,0,48,0,0,57,0,57,3,34,68,0,105,44,0,44,149
07/08/2001,BGM,NY,AEA,EN,Towers with Radar,4,61,23,2,90,0,0,0,0,0,4,61,23,2,90,0,0,0,90
07/09/2001,BGM,NY,AEA,EN,Towers with Radar,6,46,16,12,80,0,0,21,0,21,6,46,37,12,101,30,16,46,147
07/10/2001,BGM,NY,AEA,EN,Towers with Radar,4,52,31,0,87,0,0,17,0,17,4,52,48,0,104,32,0,32,136
07/11/2001,BGM,NY,AEA,EN,Towers with Radar,0,60,35,2,97,0,4,11,1,16,0,64,46,3,113,20,18,38,151
07/12/2001,BGM,NY,AEA,EN,Towers with Radar,0,74,42,4,120,0,0,36,0,36,0,74,78,4,156,56,2,58,214
07/13/2001,BGM,NY,AEA,EN,Towers with Radar,0,77,35,6,118,0,0,37,3,40,0,77,72,9,158,46,6,52,210
07/14/2001,BGM,NY,AEA,EN,Towers with Radar,0,55,33,22,110,0,0,43,15,58,0,55,76,37,168,80,100,180,348
07/15/2001,BGM,NY,AEA,EN,Towers with Radar,0,47,8,7,62,0,0,50,3,53,0,47,58,10,115,28,44,72,187
07/16/2001,BGM,NY,AEA,EN,Towers with Radar,0,58,42,5,105,0,4,36,0,40,0,62,78,5,145,40,0,40,185
07/17/2001,BGM,NY,AEA,EN,Towers with Radar,0,59,36,1,96,0,0,2,0,2,0,59,38,1,98,26,0,26,124
07/18/2001,BGM,NY,AEA,EN,Towers with Radar,0,67,28,4,99,0,7,48,0,55,0,74,76,4,154,76,0,76,230
07/19/2001,BGM,NY,AEA,EN,Towers with Radar,0,59,34,10,103,0,4,53,0,57,0,63,87,10,160,68,4,72,232
07/20/2001,BGM,NY,AEA,EN,Towers with Radar,0,56,24,0,80,0,0,29,0,29,0,56,53,0,109,52,0,52,161
07/21/2001,BGM,NY,AEA,EN,Towers with Radar,0,43,16,0,59,0,0,47,3,50,0,43,63,3,109,28,0,28,137
07/22/2001,BGM,NY,AEA,EN,Towers with Radar,1,47,8,0,56,0,1,24,0,25,1,48,32,0,81,28,0,28,109
07/23/2001,BGM,NY,AEA,EN,Towers with Radar,0,55,15,0,70,0,0,14,0,14,0,55,29,0,84,34,0,34,118
07/24/2001,BGM,NY,AEA,EN,Towers with Radar,5,49,17,9,80,0,1,10,0,11,5,50,27,9,91,38,0,38,129
07/25/2001,BGM,NY,AEA,EN,Towers with Radar,0,71,47,22,140,0,0,44,0,44,0,71,91,22,184,62,6,68,252
07/26/2001,BGM,NY,AEA,EN,Towers with Radar,0,56,14,4,74,0,0,28,0,28,0,56,42,4,102,6,2,8,110
07/27/2001,BGM,NY,AEA,EN,Towers with Radar,0,60,18,2,80,0,4,42,0,46,0,64,60,2,126,36,0,36,162
07/28/2001,BGM,NY,AEA,EN,Towers with Radar,0,43,22,0,65,0,0,58,0,58,0,43,80,0,123,42,0,42,165
07/29/2001,BGM,NY,AEA,EN,Towers with Radar,0,53,4,8,65,0,0,4,0,4,0,53,8,8,69,0,10,10,79
07/30/2001,BGM,NY,AEA,EN,Towers with Radar,0,51,13,0,64,0,0,14,0,14,0,51,27,0,78,36,0,36,114
07/31/2001,BGM,NY,AEA,EN,Towers with Radar,0,56,7,4,67,0,3,22,1,26,0,59,29,5,93,36,2,38,131
08/01/2001,BGM,NY,AEA,EN,Towers with Radar,0,1,30,3,34,0,0,60,1,61,0,1,90,4,95,38,0,38,133
08/02/2001,BGM,NY,AEA,EN,Towers with Radar,0,1,31,0,32,0,0,20,0,20,0,1,51,0,52,52,2,54,106
08/03/2001,BGM,NY,AEA,EN,Towers with Radar,0,0,29,0,29,0,0,27,0,27,0,0,56,0,56,22,0,22,78
08/04/2001,BGM,NY,AEA,EN,Towers with Radar,0,0,26,0,26,0,0,90,0,90,0,0,116,0,116,62,0,62,178
08/05/2001,BGM,NY,AEA,EN,Towers with Radar,0,0,4,0,4,0,0,98,0,98,0,0,102,0,102,106,0,106,208
08/06/2001,BGM,NY,AEA,EN,Towers with Radar,0,0,25,0,25,0,0,45,0,45,0,0,70,0,70,68,0,68,138
08/07/2001,BGM,NY,AEA,EN,Towers with Radar,0,0,11,0,11,0,0,50,0,50,0,0,61,0,61,30,0,30,91
08/08/2001,BGM,NY,AEA,EN,Towers with Radar,0,0,21,0,21,0,0,44,0,44,0,0,65,0,65,28,0,28,93
08/09/2001,BGM,NY,AEA,EN,Towers with Radar,0,6,27,0,33,0,0,5,0,5,0,6,32,0,38,12,0,12,50
08/10/2001,BGM,NY,AEA,EN,Towers with Radar,0,3,8,0,11,0,0,37,0,37,0,3,45,0,48,60,0,60,108
08/11/2001,BGM,NY,AEA,EN,Towers with Radar,0,0,11,0,11,0,0,53,0,53,0,0,64,0,64,68,0,68,132
08/12/2001,BGM,NY,AEA,EN,Towers with Radar,0,0,21,0,21,0,0,61,0,61,0,0,82,0,82,26,0,26,108
08/13/2001,BGM,NY,AEA,EN,Towers with Radar,0,0,27,0,27,0,0,11,0,11,0,0,38,0,38,32,0,32,70
08/14/2001,BGM,NY,AEA,EN,Towers with Radar,0,0,32,0,32,0,0,55,0,55,0,0,87,0,87,50,0,50,137
08/15/2001,BGM,NY,AEA,EN,Towers with Radar,0,4,14,4,22,0,0,74,0,74,0,4,88,4,96,56,0,56,152
08/16/2001,BGM,NY,AEA,EN,Towers with Radar,0,1,34,4,39,0,0,0,0,0,0,1,34,4,39,22,0,22,61
08/17/2001,BGM,NY,AEA,EN,Towers with Radar,0,0,15,0,15,0,0,73,0,73,0,0,88,0,88,88,6,94,182
08/18/2001,BGM,NY,AEA,EN,Towers with Radar,0,0,14,0,14,0,0,52,0,52,0,0,66,0,66,50,0,50,116
08/19/2001,BGM,NY,AEA,EN,Towers with Radar,0,0,20,0,20,0,0,30,2,32,0,0,50,2,52,52,6,58,110
08/20/2001,BGM,NY,AEA,EN,Towers with Radar,0,6,19,0,25,0,0,80,0,80,0,6,99,0,105,18,0,18,123
08/21/2001,BGM,NY,AEA,EN,Towers with Radar,0,2,23,0,25,0,0,67,0,67,0,2,90,0,92,62,0,62,154
08/22/2001,BGM,NY,AEA,EN,Towers with Radar,0,2,14,2,18,0,0,54,0,54,0,2,68,2,72,26,0,26,98
08/23/2001,BGM,NY,AEA,EN,Towers with Radar,0,0,34,0,34,0,0,2,0,2,0,0,36,0,36,58,0,58,94
08/24/2001,BGM,NY,AEA,EN,Towers with Radar,0,2,12,0,14,0,0,81,0,81,0,2,93,0,95,116,0,116,211
08/25/2001,BGM,NY,AEA,EN,Towers with Radar,0,0,5,0,5,0,0,16,0,16,0,0,21,0,21,72,0,72,93
08/26/2001,BGM,NY,AEA,EN,Towers with Radar,0,2,23,0,25,0,0,28,0,28,0,2,51,0,53,36,0,36,89
08/27/2001,BGM,NY,AEA,EN,Towers with Radar,0,0,16,0,16,0,0,26,0,26,0,0,42,0,42,34,0,34,76
08/28/2001,BGM,NY,AEA,EN,Towers with Radar,0,0,37,0,37,0,0,23,0,23,0,0,60,0,60,28,0,28,88
08/29/2001,BGM,NY,AEA,EN,Towers with Radar,0,2,23,0,25,0,0,46,0,46,0,2,69,0,71,60,0,60,131
08/30/2001,BGM,NY,AEA,EN,Towers with Radar,0,0,30,0,30,0,0,40,0,40,0,0,70,0,70,38,0,38,108
08/31/2001,BGM,NY,AEA,EN,Towers with Radar,0,2,18,0,20,0,0,51,0,51,0,2,69,0,71,82,0,82,153
09/01/2001,BGM,NY,AEA,EN,Towers with Radar,0,32,8,0,40,0,0,5,0,5,0,32,13,0,45,20,0,20,65
09/02/2001,BGM,NY,AEA,EN,Towers with Radar,0,38,21,0,59,0,0,33,0,33,0,38,54,0,92,20,0,20,112
09/03/2001,BGM,NY,AEA,EN,Towers with Radar,0,34,9,0,43,0,0,28,0,28,0,34,37,0,71,20,0,20,91
09/04/2001,BGM,NY,AEA,EN,Towers with Radar,0,72,46,0,118,0,0,22,0,22,0,72,68,0,140,0,0,0,140
09/05/2001,BGM,NY,AEA,EN,Towers with Radar,0,54,26,0,80,0,0,36,0,36,0,54,62,0,116,30,0,30,146
09/06/2001,BGM,NY,AEA,EN,Towers with Radar,0,42,20,0,62,0,0,45,0,45,0,42,65,0,107,20,0,20,127
09/07/2001,BGM,NY,AEA,EN,Towers with Radar,0,39,7,0,46,0,0,41,0,41,0,39,48,0,87,32,0,32,119
09/08/2001,BGM,NY,AEA,EN,Towers with Radar,0,27,4,0,31,0,0,26,0,26,0,27,30,0,57,8,0,8,65
09/09/2001,BGM,NY,AEA,EN,Towers with Radar,0,48,11,0,59,0,0,30,0,30,0,48,41,0,89,14,0,14,103
09/10/2001,BGM,NY,AEA,EN,Towers with Radar,0,38,20,3,61,0,0,5,1,6,0,38,25,4,67,12,0,12,79
09/11/2001,BGM,NY,AEA,EN,Towers with Radar,0,12,0,0,12,0,0,0,0,0,0,12,0,0,12,0,0,0,12
09/12/2001,BGM,NY,AEA,EN,Towers with Radar,0,0,1,0,1,0,0,0,0,0,0,0,1,0,1,0,0,0,1
09/13/2001,BGM,NY,AEA,EN,Towers with Radar,0,7,0,0,7,0,0,4,0,4,0,7,4,0,11,0,0,0,11
09/14/2001,BGM,NY,AEA,EN,Towers with Radar,0,26,10,7,43,0,0,0,6,6,0,26,10,13,49,0,12,12,61
09/15/2001,BGM,NY,AEA,EN,Towers with Radar,0,31,11,1,43,0,1,0,0,1,0,32,11,1,44,0,0,0,44
09/16/2001,BGM,NY,AEA,EN,Towers with Radar,0,41,22,0,63,0,0,0,0,0,0,41,22,0,63,0,0,0,63
09/17/2001,BGM,NY,AEA,EN,Towers with Radar,0,45,26,2,73,0,0,0,0,0,0,45,26,2,73,0,0,0,73
09/18/2001,BGM,NY,AEA,EN,Towers with Radar,0,41,23,0,64,0,0,0,0,0,0,41,23,0,64,0,0,0,64
09/19/2001,BGM,NY,AEA,EN,Towers with Radar,0,49,24,18,91,0,0,0,0,0,0,49,24,18,91,0,12,12,103
09/20/2001,BGM,NY,AEA,EN,Towers with Radar,0,35,17,0,52,0,0,0,0,0,0,35,17,0,52,0,0,0,52
09/21/2001,BGM,NY,AEA,EN,Towers with Radar,0,46,41,0,87,0,0,7,0,7,0,46,48,0,94,0,0,0,94
09/22/2001,BGM,NY,AEA,EN,Towers with Radar,0,30,16,0,46,0,0,2,0,2,0,30,18,0,48,10,0,10,58
09/23/2001,BGM,NY,AEA,EN,Towers with Radar,0,36,32,0,68,0,0,30,0,30,0,36,62,0,98,6,0,6,104
09/24/2001,BGM,NY,AEA,EN,Towers with Radar,0,48,22,0,70,0,0,0,0,0,0,48,22,0,70,0,0,0,70
09/25/2001,BGM,NY,AEA,EN,Towers with Radar,0,52,25,2,79,0,0,4,0,4,0,52,29,2,83,8,0,8,91
09/26/2001,BGM,NY,AEA,EN,Towers with Radar,0,41,42,0,83,0,0,20,0,20,0,41,62,0,103,22,0,22,125
09/27/2001,BGM,NY,AEA,EN,Towers with Radar,0,42,35,0,77,0,0,5,2,7,0,42,40,2,84,16,0,16,100
09/28/2001,BGM,NY,AEA,EN,Towers with Radar,0,43,19,0,62,0,0,5,0,5,0,43,24,0,67,0,0,0,67
09/29/2001,BGM,NY,AEA,EN,Towers with Radar,0,42,20,0,62,0,0,20,0,20,0,42,40,0,82,24,0,24,106
09/30/2001,BGM,NY,AEA,EN,Towers with Radar,0,43,13,8,64,0,0,8,0,8,0,43,21,8,72,28,0,28,100
10/01/2001,BGM,NY,AEA,EN,Towers with Radar,0,46,16,12,74,0,1,32,0,33,0,47,48,12,107,52,18,70,177
10/02/2001,BGM,NY,AEA,EN,Towers with Radar,0,57,15,8,80,0,0,18,0,18,0,57,33,8,98,38,0,38,136
10/03/2001,BGM,NY,AEA,EN,Towers with Radar,0,43,29,3,75,0,0,8,15,23,0,43,37,18,98,48,10,58,156
10/04/2001,BGM,NY,AEA,EN,Towers with Radar,0,56,36,0,92,0,0,32,0,32,0,56,68,0,124,28,0,28,152
10/05/2001,BGM,NY,AEA,EN,Towers with Radar,0,40,18,2,60,0,0,13,0,13,0,40,31,2,73,16,8,24,97
10/06/2001,BGM,NY,AEA,EN,Towers with Radar,0,36,5,0,41,0,0,0,0,0,0,36,5,0,41,10,0,10,51
10/07/2001,BGM,NY,AEA,EN,Towers with Radar,0,32,14,0,46,0,1,4,0,5,0,33,18,0,51,4,0,4,55
10/08/2001,BGM,NY,AEA,EN,Towers with Radar,0,54,27,0,81,0,0,11,0,11,0,54,38,0,92,50,4,54,146
10/09/2001,BGM,NY,AEA,EN,Towers with Radar,0,53,37,1,91,0,1,23,1,25,0,54,60,2,116,70,0,70,186
10/10/2001,BGM,NY,AEA,EN,Towers with Radar,0,47,29,0,76,0,0,26,0,26,0,47,55,0,102,36,0,36,138
10/11/2001,BGM,NY,AEA,EN,Towers with Radar,0,45,15,6,66,0,1,22,0,23,0,46,37,6,89,32,0,32,121
10/12/2001,BGM,NY,AEA,EN,Towers with Radar,0,46,17,8,71,0,1,11,0,12,0,47,28,8,83,16,12,28,111
10/13/2001,BGM,NY,AEA,EN,Towers with Radar,0,50,17,0,67,0,0,33,0,33,0,50,50,0,100,32,0,32,132
10/14/2001,BGM,NY,AEA,EN,Towers with Radar,0,46,16,0,62,0,0,0,0,0,0,46,16,0,62,2,0,2,64
10/15/2001,BGM,NY,AEA,EN,Towers with Radar,0,54,41,16,111,0,0,17,0,17,0,54,58,16,128,22,12,34,162
10/16/2001,BGM,NY,AEA,EN,Towers with Radar,0,44,15,4,63,0,0,9,0,9,0,44,24,4,72,20,4,24,96
10/17/2001,BGM,NY,AEA,EN,Towers with Radar,0,58,18,2,78,0,0,0,0,0,0,58,18,2,78,14,0,14,92
10/18/2001,BGM,NY,AEA,EN,Towers with Radar,0,56,27,4,87,0,8,33,10,51,0,64,60,14,138,38,0,38,176
10/19/2001,BGM,NY,AEA,EN,Towers with Radar,0,56,34,0,90,0,0,25,0,25,0,56,59,0,115,40,0,40,155
10/20/2001,BGM,NY,AEA,EN,Towers with Radar,0,41,20,0,61,0,5,53,0,58,0,46,73,0,119,26,0,26,145
10/21/2001,BGM,NY,AEA,EN,Towers with Radar,0,39,14,0,53,0,0,23,0,23,0,39,37,0,76,36,0,36,112
10/22/2001,BGM,NY,AEA,EN,Towers with Radar,0,45,24,0,69,0,0,22,0,22,0,45,46,0,91,26,0,26,117
10/23/2001,BGM,NY,AEA,EN,Towers with Radar,0,43,28,0,71,0,0,9,0,9,0,43,37,0,80,22,0,22,102
10/24/2001,BGM,NY,AEA,EN,Towers with Radar,0,53,28,3,84,0,0,1,0,1,0,53,29,3,85,38,16,54,139
10/25/2001,BGM,NY,AEA,EN,Towers with Radar,0,39,9,0,48,0,0,5,0,5,0,39,14,0,53,8,0,8,61
10/26/2001,BGM,NY,AEA,EN,Towers with Radar,0,43,19,0,62,0,0,3,0,3,0,43,22,0,65,2,0,2,67
10/27/2001,BGM,NY,AEA,EN,Towers with Radar,0,43,8,0,51,0,0,0,0,0,0,43,8,0,51,0,0,0,51
10/28/2001,BGM,NY,AEA,EN,Towers with Radar,0,46,11,0,57,0,0,16,0,16,0,46,27,0,73,28,2,30,103
10/29/2001,BGM,NY,AEA,EN,Towers with Radar,0,65,46,1,112,0,0,40,1,41,0,65,86,2,153,34,0,34,187
10/30/2001,BGM,NY,AEA,EN,Towers with Radar,0,53,26,0,79,0,6,55,0,61,0,59,81,0,140,72,0,72,212
10/31/2001,BGM,NY,AEA,EN,Towers with Radar,0,43,55,0,98,0,0,10,0,10,0,43,65,0,108,4,0,4,112
11/01/2001,BGM,NY,AEA,EN,Towers with Radar,0,38,20,0,58,0,1,23,0,24,0,39,43,0,82,20,0,20,102
11/02/2001,BGM,NY,AEA,EN,Towers with Radar,0,42,38,12,92,0,0,26,0,26,0,42,64,12,118,66,31,97,215
11/03/2001,BGM,NY,AEA,EN,Towers with Radar,2,42,5,0,49,0,0,29,0,29,2,42,34,0,78,28,0,28,106
11/04/2001,BGM,NY,AEA,EN,Towers with Radar,0,43,38,0,81,0,0,50,0,50,0,43,88,0,131,26,0,26,157
11/05/2001,BGM,NY,AEA,EN,Towers with Radar,0,41,22,5,68,0,0,50,0,50,0,41,72,5,118,0,12,12,130
11/06/2001,BGM,NY,AEA,EN,Towers with Radar,0,50,31,0,81,0,0,19,0,19,0,50,50,0,100,24,0,24,124
11/07/2001,BGM,NY,AEA,EN,Towers with Radar,0,32,22,0,54,0,0,8,0,8,0,32,30,0,62,8,0,8,70
11/08/2001,BGM,NY,AEA,EN,Towers with Radar,0,38,19,0,57,0,0,16,0,16,0,38,35,0,73,18,0,18,91
11/09/2001,BGM,NY,AEA,EN,Towers with Radar,0,46,24,0,70,0,0,12,0,12,0,46,36,0,82,0,0,0,82
11/10/2001,BGM,NY,AEA,EN,Towers with Radar,0,46,32,0,78,0,0,20,2,22,0,46,52,2,100,46,0,46,146
11/11/2001,BGM,NY,AEA,EN,Towers with Radar,0,40,14,0,54,0,0,14,0,14,0,40,28,0,68,16,0,16,84
11/12/2001,BGM,NY,AEA,EN,Towers with Radar,0,52,29,0,81,0,0,22,0,22,0,52,51,0,103,22,0,22,125
11/13/2001,BGM,NY,AEA,EN,Towers with Radar,0,58,48,0,106,0,0,24,1,25,0,58,72,1,131,10,0,10,141
11/14/2001,BGM,NY,AEA,EN,Towers with Radar,0,64,39,5,108,0,0,25,0,25,0,64,64,5,133,30,8,38,171
11/15/2001,BGM,NY,AEA,EN,Towers with Radar,0,45,49,10,104,0,0,6,0,6,0,45,55,10,110,58,2,60,170
11/16/2001,BGM,NY,AEA,EN,Towers with Radar,0,40,20,0,60,0,0,22,0,22,0,40,42,0,82,46,0,46,128
11/17/2001,BGM,NY,AEA,EN,Towers with Radar,0,38,45,0,83,0,0,64,0,64,0,38,109,0,147,116,0,116,263
11/18/2001,BGM,NY,AEA,EN,Towers with Radar,0,42,27,0,69,0,0,58,3,61,0,42,85,3,130,38,0,38,168
11/19/2001,BGM,NY,AEA,EN,Towers with Radar,0,61,36,0,97,0,5,9,0,14,0,66,45,0,111,18,0,18,129
11/20/2001,BGM,NY,AEA,EN,Towers with Radar,0,46,26,2,74,0,2,2,7,11,0,48,28,9,85,8,16,24,109
11/21/2001,BGM,NY,AEA,EN,Towers with Radar,0,39,22,1,62,0,0,0,0,0,0,39,22,1,62,34,0,34,96
11/22/2001,BGM,NY,AEA,EN,Towers with Radar,0,31,2,0,33,0,0,1,0,1,0,31,3,0,34,0,0,0,34
11/23/2001,BGM,NY,AEA,EN,Towers with Radar,0,32,16,0,48,0,0,19,0,19,0,32,35,0,67,36,0,36,103
11/24/2001,BGM,NY,AEA,EN,Towers with Radar,0,60,24,0,84,0,0,2,0,2,0,60,26,0,86,0,0,0,86
11/25/2001,BGM,NY,AEA,EN,Towers with Radar,0,34,8,0,42,0,0,3,0,3,0,34,11,0,45,0,0,0,45
11/26/2001,BGM,NY,AEA,EN,Towers with Radar,0,49,22,0,71,0,0,10,0,10,0,49,32,0,81,8,0,8,89
11/27/2001,BGM,NY,AEA,EN,Towers with Radar,0,69,31,14,114,0,0,5,0,5,0,69,36,14,119,26,10,36,155
11/28/2001,BGM,NY,AEA,EN,Towers with Radar,0,44,21,0,65,0,0,1,0,1,0,44,22,0,66,16,0,16,82
11/29/2001,BGM,NY,AEA,EN,Towers with Radar,0,44,25,7,76,0,0,0,0,0,0,44,25,7,76,8,0,8,84
11/30/2001,BGM,NY,AEA,EN,Towers with Radar,0,45,18,2,65,0,1,0,0,1,0,46,18,2,66,0,0,0,66
12/01/2001,BGM,NY,AEA,EN,Towers with Radar,0,29,18,2,49,0,1,14,0,15,0,30,32,2,64,22,0,22,86
12/02/2001,BGM,NY,AEA,EN,Towers with Radar,0,35,8,0,43,0,1,20,0,21,0,36,28,0,64,32,0,32,96
12/03/2001,BGM,NY,AEA,EN,Towers with Radar,0,41,18,0,59,0,0,12,0,12,0,41,30,0,71,20,0,20,91
12/04/2001,BGM,NY,AEA,EN,Towers with Radar,0,52,49,0,101,0,1,29,0,30,0,53,78,0,131,36,0,36,167
12/05/2001,BGM,NY,AEA,EN,Towers with Radar,0,33,26,0,59,0,1,20,0,21,0,34,46,0,80,20,0,20,100
12/06/2001,BGM,NY,AEA,EN,Towers with Radar,0,51,16,2,69,0,0,16,0,16,0,51,32,2,85,4,0,4,89
12/07/2001,BGM,NY,AEA,EN,Towers with Radar,0,51,22,0,73,0,0,27,0,27,0,51,49,0,100,26,0,26,126
12/08/2001,BGM,NY,AEA,EN,Towers with Radar,0,30,11,0,41,0,0,27,0,27,0,30,38,0,68,20,0,20,88
12/09/2001,BGM,NY,AEA,EN,Towers with Radar,0,46,7,0,53,0,0,1,0,1,0,46,8,0,54,0,0,0,54
12/10/2001,BGM,NY,AEA,EN,Towers with Radar,0,48,19,0,67,0,0,22,0,22,0,48,41,0,89,12,0,12,101
12/11/2001,BGM,NY,AEA,EN,Towers with Radar,0,44,24,0,68,0,0,23,0,23,0,44,47,0,91,22,0,22,113
12/12/2001,BGM,NY,AEA,EN,Towers with Radar,0,38,19,0,57,0,0,9,2,11,0,38,28,2,68,44,0,44,112
12/13/2001,BGM,NY,AEA,EN,Towers with Radar,0,46,21,0,67,0,0,1,0,1,0,46,22,0,68,0,0,0,68
12/14/2001,BGM,NY,AEA,EN,Towers with Radar,0,53,38,0,91,0,0,1,0,1,0,53,39,0,92,0,0,0,92
12/15/2001,BGM,NY,AEA,EN,Towers with Radar,0,42,11,0,53,0,12,0,0,12,0,54,11,0,65,0,0,0,65
12/16/2001,BGM,NY,AEA,EN,Towers with Radar,0,39,17,0,56,0,0,21,0,21,0,39,38,0,77,16,0,16,93
12/17/2001,BGM,NY,AEA,EN,Towers with Radar,0,34,12,0,46,0,0,0,0,0,0,34,12,0,46,0,0,0,46
12/18/2001,BGM,NY,AEA,EN,Towers with Radar,0,43,17,0,60,0,4,8,0,12,0,47,25,0,72,0,0,0,72
12/19/2001,BGM,NY,AEA,EN,Towers with Radar,0,42,15,0,57,0,2,0,0,2,0,44,15,0,59,32,0,32,91
12/20/2001,BGM,NY,AEA,EN,Towers with Radar,0,53,22,0,75,0,0,0,2,2,0,53,22,2,77,34,0,34,111
12/21/2001,BGM,NY,AEA,EN,Towers with Radar,0,55,28,0,83,0,0,3,0,3,0,55,31,0,86,0,0,0,86
12/22/2001,BGM,NY,AEA,EN,Towers with Radar,0,31,8,0,39,0,0,19,0,19,0,31,27,0,58,34,0,34,92
12/23/2001,BGM,NY,AEA,EN,Towers with Radar,0,63,28,0,91,0,0,10,0,10,0,63,38,0,101,0,0,0,101
12/24/2001,BGM,NY,AEA,EN,Towers with Radar,0,43,12,0,55,0,0,0,0,0,0,43,12,0,55,0,0,0,55
12/25/2001,BGM,NY,AEA,EN,Towers with Radar,0,33,0,0,33,0,0,0,0,0,0,33,0,0,33,0,0,0,33
12/26/2001,BGM,NY,AEA,EN,Towers with Radar,0,36,6,0,42,0,1,10,0,11,0,37,16,0,53,34,0,34,87
12/27/2001,BGM,NY,AEA,EN,Towers with Radar,0,44,9,0,53,0,0,11,0,11,0,44,20,0,64,28,0,28,92
12/28/2001,BGM,NY,AEA,EN,Towers with Radar,0,43,3,0,46,0,0,0,0,0,0,43,3,0,46,0,0,0,46
12/29/2001,BGM,NY,AEA,EN,Towers with Radar,0,40,2,0,42,0,0,0,0,0,0,40,2,0,42,20,0,20,62
12/30/2001,BGM,NY,AEA,EN,Towers with Radar,0,39,3,0,42,0,0,1,0,1,0,39,4,0,43,10,0,10,53
12/31/2001,BGM,NY,AEA,EN,Towers with Radar,0,36,10,0,46,0,0,2,0,2,0,36,12,0,48,10,0,10,58
01/01/2002,BGM,NY,AEA,EN,Towers with Radar,0,34,8,0,42,0,1,0,0,1,0,35,8,0,43,6,0,6,49
01/02/2002,BGM,NY,AEA,EN,Towers with Radar,0,54,13,0,67,0,1,0,0,1,0,55,13,0,68,26,0,26,94
01/03/2002,BGM,NY,AEA,EN,Towers with Radar,0,56,48,20,124,0,0,20,3,23,0,56,68,23,147,32,12,44,191
01/04/2002,BGM,NY,AEA,EN,Towers with Radar,0,62,31,15,108,0,0,0,1,1,0,62,31,16,109,18,0,18,127
01/05/2002,BGM,NY,AEA,EN,Towers with Radar,0,47,15,0,62,0,0,13,0,13,0,47,28,0,75,30,0,30,105
01/06/2002,BGM,NY,AEA,EN,Towers with Radar,0,34,2,3,39,0,0,0,1,1,0,34,2,4,40,0,0,0,40
01/07/2002,BGM,NY,AEA,EN,Towers with Radar,0,32,15,0,47,0,0,0,0,0,0,32,15,0,47,0,0,0,47
01/08/2002,BGM,NY,AEA,EN,Towers with Radar,0,45,13,0,58,0,0,9,1,10,0,45,22,1,68,22,0,22,90
01/09/2002,BGM,NY,AEA,EN,Towers with Radar,0,52,24,0,76,0,0,6,0,6,0,52,30,0,82,10,0,10,92
01/10/2002,BGM,NY,AEA,EN,Towers with Radar,0,57,24,19,100,0,0,23,4,27,0,57,47,23,127,18,26,44,171
01/11/2002,BGM,NY,AEA,EN,Towers with Radar,0,54,21,0,75,0,0,2,0,2,0,54,23,0,77,0,0,0,77
01/12/2002,BGM,NY,AEA,EN,Towers with Radar,0,42,11,0,53,0,0,30,0,30,0,42,41,0,83,26,0,26,109
01/13/2002,BGM,NY,AEA,EN,Towers with Radar,0,38,4,0,42,0,0,0,0,0,0,38,4,0,42,0,0,0,42
01/14/2002,BGM,NY,AEA,EN,Towers with Radar,0,48,17,0,65,0,0,16,0,16,0,48,33,0,81,8,0,8,89
01/15/2002,BGM,NY,AEA,EN,Towers with Radar,0,44,20,0,64,0,0,2,0,2,0,44,22,0,66,0,0,0,66
01/16/2002,BGM,NY,AEA,EN,Towers with Radar,0,38,10,13,61,0,0,10,1,11,0,38,20,14,72,16,12,28,100
01/17/2002,BGM,NY,AEA,EN,Towers with Radar,0,59,36,17,112,0,0,9,1,10,0,59,45,18,122,20,8,28,150
01/18/2002,BGM,NY,AEA,EN,Towers with Radar,0,63,27,0,90,0,0,3,0,3,0,63,30,0,93,0,0,0,93
01/19/2002,BGM,NY,AEA,EN,Towers with Radar,0,35,20,0,55,0,0,1,0,1,0,35,21,0,56,4,0,4,60
01/20/2002,BGM,NY,AEA,EN,Towers with Radar,0,36,10,0,46,0,9,0,0,9,0,45,10,0,55,6,0,6,61
01/21/2002,BGM,NY,AEA,EN,Towers with Radar,0,39,5,0,44,0,0,0,0,0,0,39,5,0,44,0,0,0,44
01/22/2002,BGM,NY,AEA,EN,Towers with Radar,0,45,35,4,84,0,0,22,0,22,0,45,57,4,106,58,0,58,164
01/23/2002,BGM,NY,AEA,EN,Towers with Radar,0,47,12,18,77,0,0,4,0,4,0,47,16,18,81,42,20,62,143
01/24/2002,BGM,NY,AEA,EN,Towers with Radar,0,54,18,16,88,0,0,0,0,0,0,54,18,16,88,0,0,0,88
01/25/2002,BGM,NY,AEA,EN,Towers with Radar,0,49,14,0,63,0,0,11,0,11,0,49,25,0,74,44,0,44,118
01/26/2002,BGM,NY,AEA,EN,Towers with Radar,0,46,17,25,88,0,0,35,0,35,0,46,52,25,123,46,16,62,185
01/27/2002,BGM,NY,AEA,EN,Towers with Radar,0,35,15,16,66,0,0,38,0,38,0,35,53,16,104,6,14,20,124
01/28/2002,BGM,NY,AEA,EN,Towers with Radar,0,46,24,0,70,0,0,25,0,25,0,46,49,0,95,58,0,58,153
01/29/2002,BGM,NY,AEA,EN,Towers with Radar,0,69,57,6,132,0,0,9,3,12,0,69,66,9,144,38,8,46,190
01/30/2002,BGM,NY,AEA,EN,Towers with Radar,0,62,25,0,87,0,2,11,0,13,0,64,36,0,100,10,0,10,110
01/31/2002,BGM,NY,AEA,EN,Towers with Radar,0,53,7,0,60,0,0,0,0,0,0,53,7,0,60,0,0,0,60
02/01/2002,BGM,NY,AEA,EN,Towers with Radar,0,49,20,0,69,0,0,1,0,1,0,49,21,0,70,0,0,0,70
02/02/2002,BGM,NY,AEA,EN,Towers with Radar,0,33,12,0,45,0,9,0,0,9,0,42,12,0,54,22,0,22,76
02/03/2002,BGM,NY,AEA,EN,Towers with Radar,0,38,6,0,44,0,0,14,0,14,0,38,20,0,58,12,0,12,70
02/04/2002,BGM,NY,AEA,EN,Towers with Radar,0,42,18,0,60,0,0,2,0,2,0,42,20,0,62,0,0,0,62
02/05/2002,BGM,NY,AEA,EN,Towers with Radar,0,47,20,3,70,0,0,9,5,14,0,47,29,8,84,62,0,62,146
02/06/2002,BGM,NY,AEA,EN,Towers with Radar,0,57,27,2,86,0,0,20,0,20,0,57,47,2,106,18,0,18,124
02/07/2002,BGM,NY,AEA,EN,Towers with Radar,0,66,41,13,120,0,0,19,2,21,0,66,60,15,141,40,10,50,191
02/08/2002,BGM,NY,AEA,EN,Towers with Radar,0,74,32,2,108,0,0,43,0,43,0,74,75,2,151,30,0,30,181
02/09/2002,BGM,NY,AEA,EN,Towers with Radar,0,33,16,0,49,0,0,44,0,44,0,33,60,0,93,80,0,80,173
02/10/2002,BGM,NY,AEA,EN,Towers with Radar,0,28,5,0,33,0,6,0,0,6,0,34,5,0,39,0,0,0,39
02/11/2002,BGM,NY,AEA,EN,Towers with Radar,0,49,10,2,61,0,0,0,0,0,0,49,10,2,61,0,0,0,61
02/12/2002,BGM,NY,AEA,EN,Towers with Radar,0,42,20,0,62,0,0,19,0,19,0,42,39,0,81,22,0,22,103
02/13/2002,BGM,NY,AEA,EN,Towers with Radar,0,61,26,2,89,0,1,23,0,24,0,62,49,2,113,32,0,32,145
02/14/2002,BGM,NY,AEA,EN,Towers with Radar,0,59,26,3,88,0,0,14,23,37,0,59,40,26,125,44,36,80,205
02/15/2002,BGM,NY,AEA,EN,Towers with Radar,0,57,22,0,79,0,0,20,0,20,0,57,42,0,99,4,0,4,103
02/16/2002,BGM,NY,AEA,EN,Towers with Radar,0,30,7,0,37,0,0,10,0,10,0,30,17,0,47,6,0,6,53
02/17/2002,BGM,NY,AEA,EN,Towers with Radar,0,41,1,0,42,0,0,1,0,1,0,41,2,0,43,0,0,0,43
02/18/2002,BGM,NY,AEA,EN,Towers with Radar,0,36,20,0,56,0,0,47,0,47,0,36,67,0,103,26,0,26,129
02/19/2002,BGM,NY,AEA,EN,Towers with Radar,0,52,42,0,94,0,0,46,0,46,0,52,88,0,140,58,0,58,198
02/20/2002,BGM,NY,AEA,EN,Towers with Radar,0,65,20,16,101,0,0,19,0,19,0,65,39,16,120,4,6,10,130
02/21/2002,BGM,NY,AEA,EN,Towers with Radar,0,57,23,6,86,0,0,25,0,25,0,57,48,6,111,30,0,30,141
02/22/2002,BGM,NY,AEA,EN,Towers with Radar,0,55,20,0,75,0,3,0,0,3,0,58,20,0,78,0,0,0,78
02/23/2002,BGM,NY,AEA,EN,Towers with Radar,0,39,16,0,55,0,0,33,0,33,0,39,49,0,88,33,0,33,121
02/24/2002,BGM,NY,AEA,EN,Towers with Radar,0,37,16,0,53,0,2,40,0,42,0,39,56,0,95,54,0,54,149
02/25/2002,BGM,NY,AEA,EN,Towers with Radar,0,38,23,0,61,0,0,16,0,16,0,38,39,0,77,22,0,22,99
02/26/2002,BGM,NY,AEA,EN,Towers with Radar,0,63,39,0,102,0,0,14,0,14,0,63,53,0,116,44,0,44,160
02/27/2002,BGM,NY,AEA,EN,Towers with Radar,0,58,23,0,81,0,0,15,0,15,0,58,38,0,96,6,0,6,102
02/28/2002,BGM,NY,AEA,EN,Towers with Radar,0,56,12,16,84,0,0,9,0,9,0,56,21,16,93,30,14,44,137
03/01/2002,BGM,NY,AEA,EN,Towers with Radar,0,41,12,0,53,0,1,15,0,16,0,42,27,0,69,20,0,20,89
03/02/2002,BGM,NY,AEA,EN,Towers with Radar,0,35,1,0,36,0,1,11,0,12,0,36,12,0,48,12,0,12,60
03/03/2002,BGM,NY,AEA,EN,Towers with Radar,0,43,14,0,57,0,1,0,0,1,0,44,14,0,58,0,0,0,58
03/04/2002,BGM,NY,AEA,EN,Towers with Radar,0,47,25,0,72,0,1,0,0,1,0,48,25,0,73,6,0,6,79
03/05/2002,BGM,NY,AEA,EN,Towers with Radar,0,56,19,0,75,0,1,15,0,16,0,57,34,0,91,58,0,58,149
03/06/2002,BGM,NY,AEA,EN,Towers with Radar,0,58,36,5,99,0,0,14,1,15,0,58,50,6,114,30,10,40,154
03/07/2002,BGM,NY,AEA,EN,Towers with Radar,0,54,24,0,78,0,1,10,2,13,0,55,34,2,91,50,0,50,141
03/08/2002,BGM,NY,AEA,EN,Towers with Radar,0,41,20,0,61,0,0,9,0,9,0,41,29,0,70,50,0,50,120
03/09/2002,BGM,NY,AEA,EN,Towers with Radar,0,35,7,0,42,0,1,2,0,3,0,36,9,0,45,18,0,18,63
03/10/2002,BGM,NY,AEA,EN,Towers with Radar,0,35,14,0,49,0,1,0,0,1,0,36,14,0,50,0,0,0,50
03/11/2002,BGM,NY,AEA,EN,Towers with Radar,0,54,34,12,100,0,0,24,1,25,0,54,58,13,125,50,8,58,183
03/12/2002,BGM,NY,AEA,EN,Towers with Radar,0,74,39,0,113,0,1,22,0,23,0,75,61,0,136,46,0,46,182
03/13/2002,BGM,NY,AEA,EN,Towers with Radar,0,73,20,3,96,0,1,10,1,12,0,74,30,4,108,8,0,8,116
03/14/2002,BGM,NY,AEA,EN,Towers with Radar,0,74,38,0,112,0,1,23,0,24,0,75,61,0,136,64,0,64,200
03/15/2002,BGM,NY,AEA,EN,Towers with Radar,0,44,29,0,73,0,3,16,0,19,0,47,45,0,92,17,0,17,109
03/16/2002,BGM,NY,AEA,EN,Towers with Radar,0,42,4,1,47,0,1,0,0,1,0,43,4,1,48,4,0,4,52
03/17/2002,BGM,NY,AEA,EN,Towers with Radar,0,47,42,0,89,0,1,35,0,36,0,48,77,0,125,38,0,38,163
03/18/2002,BGM,NY,AEA,EN,Towers with Radar,0,60,11,0,71,0,1,0,0,1,0,61,11,0,72,0,0,0,72
03/19/2002,BGM,NY,AEA,EN,Towers with Radar,0,43,44,0,87,0,0,13,0,13,0,43,57,0,100,50,0,50,150
03/20/2002,BGM,NY,AEA,EN,Towers with Radar,0,49,8,0,57,0,0,0,0,0,0,49,8,0,57,0,0,0,57
03/21/2002,BGM,NY,AEA,EN,Towers with Radar,0,56,31,0,87,0,0,12,0,12,0,56,43,0,99,21,0,21,120
03/22/2002,BGM,NY,AEA,EN,Towers with Radar,0,42,11,0,53,0,0,0,0,0,0,42,11,0,53,0,0,0,53
03/23/2002,BGM,NY,AEA,EN,Towers with Radar,0,41,4,0,45,0,0,2,0,2,0,41,6,0,47,10,0,10,57
03/24/2002,BGM,NY,AEA,EN,Towers with Radar,0,35,11,15,61,0,0,6,0,6,0,35,17,15,67,14,12,26,93
03/25/2002,BGM,NY,AEA,EN,Towers with Radar,0,58,28,0,86,0,0,12,0,12,0,58,40,0,98,0,0,0,98
03/26/2002,BGM,NY,AEA,EN,Towers with Radar,0,32,6,0,38,0,0,1,0,1,0,32,7,0,39,0,0,0,39
03/27/2002,BGM,NY,AEA,EN,Towers with Radar,0,51,26,0,77,0,0,12,0,12,0,51,38,0,89,10,0,10,99
03/28/2002,BGM,NY,AEA,EN,Towers with Radar,0,42,22,0,64,0,0,56,0,56,0,42,78,0,120,86,0,86,206
03/29/2002,BGM,NY,AEA,EN,Towers with Radar,0,48,16,18,82,0,0,20,0,20,0,48,36,18,102,16,8,24,126
03/30/2002,BGM,NY,AEA,EN,Towers with Radar,0,50,25,5,80,0,0,20,0,20,0,50,45,5,100,40,0,40,140
03/31/2002,BGM,NY,AEA,EN,Towers with Radar,0,33,16,0,49,0,0,17,0,17,0,33,33,0,66,20,0,20,86
04/01/2002,BGM,NY,AEA,EN,Towers with Radar,0,39,12,0,51,0,0,5,0,5,0,39,17,0,56,10,0,10,66
04/02/2002,BGM,NY,AEA,EN,Towers with Radar,0,64,29,13,106,0,0,17,3,20,0,64,46,16,126,46,6,52,178
04/03/2002,BGM,NY,AEA,EN,Towers with Radar,0,59,24,0,83,0,0,9,0,9,0,59,33,0,92,0,0,0,92
04/04/2002,BGM,NY,AEA,EN,Towers with Radar,0,40,18,0,58,0,5,7,0,12,0,45,25,0,70,12,0,12,82
04/05/2002,BGM,NY,AEA,EN,Towers with Radar,0,46,13,5,64,0,0,0,1,1,0,46,13,6,65,4,8,12,77
04/06/2002,BGM,NY,AEA,EN,Towers with Radar,0,36,4,0,40,0,0,6,0,6,0,36,10,0,46,20,0,20,66
04/07/2002,BGM,NY,AEA,EN,Towers with Radar,0,46,32,0,78,0,0,42,0,42,0,46,74,0,120,48,0,48,168
04/08/2002,BGM,NY,AEA,EN,Towers with Radar,0,53,42,0,95,0,0,12,0,12,0,53,54,0,107,30,0,30,137
04/09/2002,BGM,NY,AEA,EN,Towers with Radar,0,58,21,3,82,0,0,10,0,10,0,58,31,3,92,0,0,0,92
04/10/2002,BGM,NY,AEA,EN,Towers with Radar,0,46,20,4,70,0,0,31,0,31,0,46,51,4,101,24,0,24,125
04/11/2002,BGM,NY,AEA,EN,Towers with Radar,0,45,12,0,57,0,0,33,0,33,0,45,45,0,90,34,0,34,124
04/12/2002,BGM,NY,AEA,EN,Towers with Radar,0,40,28,0,68,0,0,6,0,6,0,40,34,0,74,4,0,4,78
04/13/2002,BGM,NY,AEA,EN,Towers with Radar,0,40,25,0,65,0,0,0,0,0,0,40,25,0,65,0,0,0,65
04/14/2002,BGM,NY,AEA,EN,Towers with Radar,0,38,24,0,62,0,0,7,0,7,0,38,31,0,69,38,0,38,107
04/15/2002,BGM,NY,AEA,EN,Towers with Radar,0,52,24,0,76,0,0,19,0,19,0,52,43,0,95,16,0,16,111
04/16/2002,BGM,NY,AEA,EN,Towers with Radar,0,54,19,20,93,0,0,37,0,37,0,54,56,20,130,26,0,26,156
04/17/2002,BGM,NY,AEA,EN,Towers with Radar,0,61,39,12,112,0,0,21,0,21,0,61,60,12,133,32,0,32,165
04/18/2002,BGM,NY,AEA,EN,Towers with Radar,0,58,13,6,77,0,0,30,0,30,0,58,43,6,107,40,0,40,147
04/19/2002,BGM,NY,AEA,EN,Towers with Radar,1,39,23,0,63,0,0,10,0,10,1,39,33,0,73,24,0,24,97
04/20/2002,BGM,NY,AEA,EN,Towers with Radar,0,38,15,0,53,0,0,10,0,10,0,38,25,0,63,14,0,14,77
04/21/2002,BGM,NY,AEA,EN,Towers with Radar,0,47,22,0,69,0,0,44,0,44,0,47,66,0,113,34,0,34,147
04/22/2002,BGM,NY,AEA,EN,Towers with Radar,0,40,1,0,41,0,0,0,0,0,0,40,1,0,41,0,0,0,41
04/23/2002,BGM,NY,AEA,EN,Towers with Radar,0,55,12,0,67,0,0,23,0,23,0,55,35,0,90,50,0,50,140
04/24/2002,BGM,NY,AEA,EN,Towers with Radar,0,51,22,38,111,0,2,36,0,38,0,53,58,38,149,12,26,38,187
04/25/2002,BGM,NY,AEA,EN,Towers with Radar,0,55,20,13,88,0,0,4,0,4,0,55,24,13,92,14,6,20,112
04/26/2002,BGM,NY,AEA,EN,Towers with Radar,0,55,25,0,80,0,0,20,0,20,0,55,45,0,100,22,0,22,122
04/27/2002,BGM,NY,AEA,EN,Towers with Radar,0,51,23,0,74,0,2,57,0,59,0,53,80,0,133,42,0,42,175
04/28/2002,BGM,NY,AEA,EN,Towers with Radar,0,55,32,0,87,0,0,0,0,0,0,55,32,0,87,0,0,0,87
04/29/2002,BGM,NY,AEA,EN,Towers with Radar,0,42,30,16,88,0,0,0,0,0,0,42,30,16,88,0,8,8,96
04/30/2002,BGM,NY,AEA,EN,Towers with Radar,0,54,39,0,93,0,0,12,0,12,0,54,51,0,105,4,0,4,109
05/01/2002,BGM,NY,AEA,EN,Towers with Radar,0,52,20,0,72,0,3,35,0,38,0,55,55,0,110,44,0,44,154
05/02/2002,BGM,NY,AEA,EN,Towers with Radar,0,44,11,0,55,0,0,1,0,1,0,44,12,0,56,24,0,24,80
05/03/2002,BGM,NY,AEA,EN,Towers with Radar,0,46,15,9,70,0,0,4,1,5,0,46,19,10,75,20,0,20,95
05/04/2002,BGM,NY,AEA,EN,Towers with Radar,0,41,29,0,70,0,0,42,0,42,0,41,71,0,112,72,0,72,184
05/05/2002,BGM,NY,AEA,EN,Towers with Radar,0,48,21,0,69,0,0,40,0,40,0,48,61,0,109,38,0,38,147
05/06/2002,BGM,NY,AEA,EN,Towers with Radar,0,56,13,0,69,0,0,23,0,23,0,56,36,0,92,0,22,22,114
05/07/2002,BGM,NY,AEA,EN,Towers with Radar,0,47,40,0,87,0,0,13,0,13,0,47,53,0,100,10,0,10,110
05/08/2002,BGM,NY,AEA,EN,Towers with Radar,0,57,39,14,110,0,0,25,4,29,0,57,64,18,139,40,8,48,187
05/09/2002,BGM,NY,AEA,EN,Towers with Radar,0,49,28,0,77,0,0,2,0,2,0,49,30,0,79,8,0,8,87
05/10/2002,BGM,NY,AEA,EN,Towers with Radar,0,48,20,0,68,0,0,13,1,14,0,48,33,1,82,10,0,10,92
05/11/2002,BGM,NY,AEA,EN,Towers with Radar,0,39,10,0,49,0,0,23,0,23,0,39,33,0,72,54,0,54,126
05/12/2002,BGM,NY,AEA,EN,Towers with Radar,0,44,8,0,52,0,0,0,0,0,0,44,8,0,52,0,0,0,52
05/13/2002,BGM,NY,AEA,EN,Towers with Radar,0,55,23,0,78,0,4,4,0,8,0,59,27,0,86,0,0,0,86
05/14/2002,BGM,NY,AEA,EN,Towers with Radar,0,66,13,0,79,0,0,3,0,3,0,66,16,0,82,0,0,0,82
05/15/2002,BGM,NY,AEA,EN,Towers with Radar,0,48,20,0,68,0,2,21,0,23,0,50,41,0,91,2,0,2,93
05/16/2002,BGM,NY,AEA,EN,Towers with Radar,0,48,15,2,65,0,0,13,0,13,0,48,28,2,78,12,0,12,90
05/17/2002,BGM,NY,AEA,EN,Towers with Radar,0,50,25,5,80,0,0,10,0,10,0,50,35,5,90,48,0,48,138
05/18/2002,BGM,NY,AEA,EN,Towers with Radar,0,43,20,0,63,0,0,4,0,4,0,43,24,0,67,10,0,10,77
05/19/2002,BGM,NY,AEA,EN,Towers with Radar,0,52,25,0,77,0,0,23,0,23,0,52,48,0,100,26,0,26,126
05/20/2002,BGM,NY,AEA,EN,Towers with Radar,0,45,12,4,61,0,0,8,0,8,0,45,20,4,69,10,0,10,79
05/21/2002,BGM,NY,AEA,EN,Towers with Radar,0,48,23,5,76,0,0,20,0,20,0,48,43,5,96,18,0,18,114
05/22/2002,BGM,NY,AEA,EN,Towers with Radar,0,52,10,4,66,0,0,30,3,33,0,52,40,7,99,14,22,36,135
05/23/2002,BGM,NY,AEA,EN,Towers with Radar,0,50,15,5,70,0,0,35,0,35,0,50,50,5,105,94,0,94,199
05/24/2002,BGM,NY,AEA,EN,Towers with Radar,0,43,10,2,55,0,0,14,0,14,0,43,24,2,69,14,0,14,83
05/25/2002,BGM,NY,AEA,EN,Towers with Radar,0,38,4,0,42,0,0,20,0,20,0,38,24,0,62,42,0,42,104
05/26/2002,BGM,NY,AEA,EN,Towers with Radar,0,36,17,0,53,0,0,2,0,2,0,36,19,0,55,2,0,2,57
05/27/2002,BGM,NY,AEA,EN,Towers with Radar,0,37,17,0,54,0,0,27,0,27,0,37,44,0,81,24,0,24,105
05/28/2002,BGM,NY,AEA,EN,Towers with Radar,0,44,18,2,64,0,0,8,0,8,0,44,26,2,72,8,0,8,80
05/29/2002,BGM,NY,AEA,EN,Towers with Radar,0,53,25,0,78,0,0,11,0,11,0,53,36,0,89,14,0,14,103
05/30/2002,BGM,NY,AEA,EN,Towers with Radar,0,44,36,0,80,0,0,7,0,7,0,44,43,0,87,20,0,20,107
05/31/2002,BGM,NY,AEA,EN,Towers with Radar,0,50,14,0,64,0,0,13,0,13,0,50,27,0,77,28,0,28,105
06/01/2002,BGM,NY,AEA,EN,Towers with Radar,0,43,15,0,58,0,0,31,0,31,0,43,46,0,89,32,0,32,121
06/02/2002,BGM,NY,AEA,EN,Towers with Radar,0,39,8,0,47,0,0,12,0,12,0,39,20,0,59,12,0,12,71
06/03/2002,BGM,NY,AEA,EN,Towers with Radar,0,39,27,0,66,0,0,39,0,39,0,39,66,0,105,6,0,6,111
06/04/2002,BGM,NY,AEA,EN,Towers with Radar,0,47,8,9,64,0,0,16,0,16,0,47,24,9,80,62,24,86,166
06/05/2002,BGM,NY,AEA,EN,Towers with Radar,0,39,9,0,48,0,0,1,0,1,0,39,10,0,49,20,0,20,69
06/06/2002,BGM,NY,AEA,EN,Towers with Radar,0,43,52,9,104,0,0,0,0,0,0,43,52,9,104,2,0,2,106
06/07/2002,BGM,NY,AEA,EN,Towers with Radar,0,48,28,0,76,0,0,37,2,39,0,48,65,2,115,50,0,50,165
06/08/2002,BGM,NY,AEA,EN,Towers with Radar,0,40,7,0,47,0,0,33,0,33,0,40,40,0,80,14,0,14,94
06/09/2002,BGM,NY,AEA,EN,Towers with Radar,0,47,21,0,68,0,0,9,0,9,0,47,30,0,77,8,0,8,85
06/10/2002,BGM,NY,AEA,EN,Towers with Radar,0,49,27,15,91,0,0,18,3,21,0,49,45,18,112,14,20,34,146
06/11/2002,BGM,NY,AEA,EN,Towers with Radar,0,54,34,4,92,0,0,31,0,31,0,54,65,4,123,20,8,28,151
06/12/2002,BGM,NY,AEA,EN,Towers with Radar,0,43,24,0,67,0,0,0,0,0,0,43,24,0,67,0,0,0,67
06/13/2002,BGM,NY,AEA,EN,Towers with Radar,0,45,40,0,85,0,0,5,0,5,0,45,45,0,90,60,0,60,150
06/14/2002,BGM,NY,AEA,EN,Towers with Radar,0,45,12,0,57,0,0,0,0,0,0,45,12,0,57,0,0,0,57
06/15/2002,BGM,NY,AEA,EN,Towers with Radar,0,43,27,0,70,0,0,1,0,1,0,43,28,0,71,12,0,12,83
06/16/2002,BGM,NY,AEA,EN,Towers with Radar,0,46,19,0,65,0,0,8,0,8,0,46,27,0,73,2,0,2,75
06/17/2002,BGM,NY,AEA,EN,Towers with Radar,0,37,28,0,65,0,0,20,0,20,0,37,48,0,85,2,0,2,87
06/18/2002,BGM,NY,AEA,EN,Towers with Radar,0,41,26,4,71,0,0,29,0,29,0,41,55,4,100,18,0,18,118
06/19/2002,BGM,NY,AEA,EN,Towers with Radar,0,44,46,25,115,0,0,30,0,30,0,44,76,25,145,52,0,52,197
06/20/2002,BGM,NY,AEA,EN,Towers with Radar,0,40,17,4,61,0,0,36,0,36,0,40,53,4,97,60,0,60,157
06/21/2002,BGM,NY,AEA,EN,Towers with Radar,0,42,16,2,60,0,0,31,0,31,0,42,47,2,91,90,14,104,195
06/22/2002,BGM,NY,AEA,EN,Towers with Radar,0,38,9,3,50,0,0,6,1,7,0,38,15,4,57,32,0,32,89
06/23/2002,BGM,NY,AEA,EN,Towers with Radar,0,42,24,2,68,0,0,1,0,1,0,42,25,2,69,0,0,0,69
06/24/2002,BGM,NY,AEA,EN,Towers with Radar,0,40,29,2,71,0,0,19,0,19,0,40,48,2,90,22,0,22,112
06/25/2002,BGM,NY,AEA,EN,Towers with Radar,0,42,12,8,62,0,0,19,0,19,0,42,31,8,81,46,0,46,127
06/26/2002,BGM,NY,AEA,EN,Towers with Radar,0,39,20,4,63,0,0,0,2,2,0,39,20,6,65,28,0,28,93
06/27/2002,BGM,NY,AEA,EN,Towers with Radar,0,29,12,0,41,0,0,4,0,4,0,29,16,0,45,18,0,18,63
06/28/2002,BGM,NY,AEA,EN,Towers with Radar,0,51,35,4,90,0,1,17,0,18,0,52,52,4,108,14,0,14,122
06/29/2002,BGM,NY,AEA,EN,Towers with Radar,0,33,21,0,54,0,0,12,0,12,0,33,33,0,66,10,0,10,76
06/30/2002,BGM,NY,AEA,EN,Towers with Radar,0,47,27,0,74,0,0,25,0,25,0,47,52,0,99,22,0,22,121
07/01/2002,BGM,NY,AEA,EN,Towers with Radar,0,47,30,8,85,0,1,33,0,34,0,48,63,8,119,24,2,26,145
07/02/2002,BGM,NY,AEA,EN,Towers with Radar,0,35,22,0,57,0,0,13,0,13,0,35,35,0,70,28,0,28,98
07/03/2002,BGM,NY,AEA,EN,Towers with Radar,0,47,15,0,62,0,0,25,0,25,0,47,40,0,87,38,0,38,125
07/04/2002,BGM,NY,AEA,EN,Towers with Radar,0,46,10,0,56,0,0,22,0,22,0,46,32,0,78,48,0,48,126
07/05/2002,BGM,NY,AEA,EN,Towers with Radar,0,37,6,0,43,0,0,20,0,20,0,37,26,0,63,68,0,68,131
07/06/2002,BGM,NY,AEA,EN,Towers with Radar,0,35,4,0,39,0,0,26,0,26,0,35,30,0,65,18,0,18,83
07/07/2002,BGM,NY,AEA,EN,Towers with Radar,0,38,24,0,62,0,0,11,0,11,0,38,35,0,73,20,0,20,93
07/08/2002,BGM,NY,AEA,EN,Towers with Radar,0,43,17,4,64,0,0,26,0,26,0,43,43,4,90,18,0,18,108
07/09/2002,BGM,NY,AEA,EN,Towers with Radar,0,47,27,5,79,0,0,5,2,7,0,47,32,7,86,18,0,18,104
07/10/2002,BGM,NY,AEA,EN,Towers with Radar,0,45,25,10,80,0,0,25,0,25,0,45,50,10,105,26,0,26,131
07/11/2002,BGM,NY,AEA,EN,Towers with Radar,0,42,12,0,54,0,0,44,0,44,0,42,56,0,98,68,0,68,166
07/12/2002,BGM,NY,AEA,EN,Towers with Radar,0,41,18,2,61,0,0,39,0,39,0,41,57,2,100,17,0,17,117
07/13/2002,BGM,NY,AEA,EN,Towers with Radar,0,35,13,0,48,0,0,45,0,45,0,35,58,0,93,36,0,36,129
07/14/2002,BGM,NY,AEA,EN,Towers with Radar,0,36,7,0,43,0,0,32,0,32,0,36,39,0,75,20,0,20,95
07/15/2002,BGM,NY,AEA,EN,Towers with Radar,0,37,25,0,62,0,0,22,0,22,0,37,47,0,84,44,0,44,128
07/16/2002,BGM,NY,AEA,EN,Towers with Radar,0,42,30,0,72,0,0,38,0,38,0,42,68,0,110,50,0,50,160
07/17/2002,BGM,NY,AEA,EN,Towers with Radar,0,45,32,0,77,0,0,20,0,20,0,45,52,0,97,48,0,48,145
07/18/2002,BGM,NY,AEA,EN,Towers with Radar,0,50,37,0,87,0,0,10,0,10,0,50,47,0,97,22,0,22,119
07/19/2002,BGM,NY,AEA,EN,Towers with Radar,0,32,29,0,61,0,0,1,0,1,0,32,30,0,62,32,0,32,94
07/20/2002,BGM,NY,AEA,EN,Towers with Radar,0,39,13,0,52,0,0,40,0,40,0,39,53,0,92,84,0,84,176
07/21/2002,BGM,NY,AEA,EN,Towers with Radar,0,44,16,0,60,0,0,21,0,21,0,44,37,0,81,12,0,12,93
07/22/2002,BGM,NY,AEA,EN,Towers with Radar,0,43,21,2,66,0,0,9,0,9,0,43,30,2,75,8,0,8,83
07/23/2002,BGM,NY,AEA,EN,Towers with Radar,0,39,16,0,55,0,0,11,0,11,0,39,27,0,66,48,0,48,114
07/24/2002,BGM,NY,AEA,EN,Towers with Radar,0,48,20,2,70,0,0,23,0,23,0,48,43,2,93,20,20,40,133
07/25/2002,BGM,NY,AEA,EN,Towers with Radar,0,49,28,8,85,0,0,30,0,30,0,49,58,8,115,28,8,36,151
07/26/2002,BGM,NY,AEA,EN,Towers with Radar,0,58,19,0,77,0,0,29,0,29,0,58,48,0,106,4,0,4,110
07/27/2002,BGM,NY,AEA,EN,Towers with Radar,0,38,17,1,56,0,0,3,0,3,0,38,20,1,59,4,0,4,63
07/28/2002,BGM,NY,AEA,EN,Towers with Radar,0,42,25,0,67,0,0,3,0,3,0,42,28,0,70,0,0,0,70
07/29/2002,BGM,NY,AEA,EN,Towers with Radar,0,53,23,0,76,0,1,17,0,18,0,54,40,0,94,10,0,10,104
07/30/2002,BGM,NY,AEA,EN,Towers with Radar,0,63,19,0,82,0,0,16,0,16,0,63,35,0,98,110,0,110,208
07/31/2002,BGM,NY,AEA,EN,Towers with Radar,0,40,10,0,50,0,0,26,0,26,0,40,36,0,76,46,0,46,122
08/01/2002,BGM,NY,AEA,EN,Towers with Radar,0,38,27,1,66,0,1,17,1,19,0,39,44,2,85,34,0,34,119
08/02/2002,BGM,NY,AEA,EN,Towers with Radar,0,54,20,0,74,0,1,20,0,21,0,55,40,0,95,42,0,42,137
08/03/2002,BGM,NY,AEA,EN,Towers with Radar,0,41,9,0,50,0,1,49,0,50,0,42,58,0,100,34,0,34,134
08/04/2002,BGM,NY,AEA,EN,Towers with Radar,0,35,3,0,38,0,1,23,0,24,0,36,26,0,62,60,0,60,122
08/05/2002,BGM,NY,AEA,EN,Towers with Radar,0,38,12,0,50,0,1,8,0,9,0,39,20,0,59,12,0,12,71
08/06/2002,BGM,NY,AEA,EN,Towers with Radar,0,46,15,0,61,0,1,18,4,23,0,47,33,4,84,36,0,36,120
08/07/2002,BGM,NY,AEA,EN,Towers with Radar,0,46,28,0,74,0,1,37,0,38,0,47,65,0,112,44,66,110,222
08/08/2002,BGM,NY,AEA,EN,Towers with Radar,0,43,22,14,79,0,0,32,2,34,0,43,54,16,113,72,0,72,185
08/09/2002,BGM,NY,AEA,EN,Towers with Radar,0,46,23,3,72,0,0,50,1,51,0,46,73,4,123,80,6,86,209
08/10/2002,BGM,NY,AEA,EN,Towers with Radar,0,34,16,0,50,0,2,37,0,39,0,36,53,0,89,18,0,18,107
08/11/2002,BGM,NY,AEA,EN,Towers with Radar,0,33,8,0,41,0,1,32,0,33,0,34,40,0,74,38,0,38,112
08/12/2002,BGM,NY,AEA,EN,Towers with Radar,0,43,14,0,57,0,1,17,0,18,0,44,31,0,75,8,0,8,83
08/13/2002,BGM,NY,AEA,EN,Towers with Radar,0,42,20,0,62,0,1,19,0,20,0,43,39,0,82,54,0,54,136
08/14/2002,BGM,NY,AEA,EN,Towers with Radar,0,43,7,3,53,0,1,7,0,8,0,44,14,3,61,12,0,12,73
08/15/2002,BGM,NY,AEA,EN,Towers with Radar,0,48,27,0,75,0,0,25,0,25,0,48,52,0,100,76,0,76,176
08/16/2002,BGM,NY,AEA,EN,Towers with Radar,0,54,33,2,89,0,1,29,0,30,0,55,62,2,119,60,0,60,179
08/17/2002,BGM,NY,AEA,EN,Towers with Radar,0,35,6,0,41,0,1,20,0,21,0,36,26,0,62,16,0,16,78
08/18/2002,BGM,NY,AEA,EN,Towers with Radar,0,35,12,0,47,0,1,17,0,18,0,36,29,0,65,36,0,36,101
08/19/2002,BGM,NY,AEA,EN,Towers with Radar,0,42,13,2,57,0,1,25,0,26,0,43,38,2,83,70,0,70,153
08/20/2002,BGM,NY,AEA,EN,Towers with Radar,0,43,32,0,75,0,0,33,0,33,0,43,65,0,108,12,0,12,120
08/21/2002,BGM,NY,AEA,EN,Towers with Radar,0,55,33,0,88,0,1,33,0,34,0,56,66,0,122,8,0,8,130
08/22/2002,BGM,NY,AEA,EN,Towers with Radar,0,53,11,0,64,0,1,16,0,17,0,54,27,0,81,4,0,4,85
08/23/2002,BGM,NY,AEA,EN,Towers with Radar,0,47,44,0,91,0,1,27,0,28,0,48,71,0,119,22,0,22,141
08/24/2002,BGM,NY,AEA,EN,Towers with Radar,0,50,13,0,63,0,2,0,0,2,0,52,13,0,65,0,0,0,65
08/25/2002,BGM,NY,AEA,EN,Towers with Radar,0,35,17,0,52,0,1,15,0,16,0,36,32,0,68,44,0,44,112
08/26/2002,BGM,NY,AEA,EN,Towers with Radar,0,48,34,0,82,0,1,40,0,41,0,49,74,0,123,26,0,26,149
08/27/2002,BGM,NY,AEA,EN,Towers with Radar,0,42,18,11,71,0,1,28,0,29,0,43,46,11,100,52,12,64,164
08/28/2002,BGM,NY,AEA,EN,Towers with Radar,0,52,28,0,80,0,1,39,0,40,0,53,67,0,120,105,0,105,225
08/29/2002,BGM,NY,AEA,EN,Towers with Radar,0,39,21,0,60,0,1,0,0,1,0,40,21,0,61,0,0,0,61
08/30/2002,BGM,NY,AEA,EN,Towers with Radar,0,42,33,2,77,0,1,25,0,26,0,43,58,2,103,10,20,30,133
08/31/2002,BGM,NY,AEA,EN,Towers with Radar,0,36,15,0,51,0,0,15,0,15,0,36,30,0,66,46,0,46,112
09/01/2002,BGM,NY,AEA,EN,Towers with Radar,0,31,12,0,43,0,2,7,0,9,0,33,19,0,52,16,0,16,68
09/02/2002,BGM,NY,AEA,EN,Towers with Radar,0,33,8,0,41,0,7,16,0,23,0,40,24,0,64,28,0,28,92
09/03/2002,BGM,NY,AEA,EN,Towers with Radar,0,51,15,0,66,0,7,33,0,40,0,58,48,0,106,80,0,80,186
09/04/2002,BGM,NY,AEA,EN,Towers with Radar,0,55,8,8,71,0,0,43,2,45,0,55,51,10,116,30,0,30,146
09/05/2002,BGM,NY,AEA,EN,Towers with Radar,0,48,12,4,64,0,0,23,0,23,0,48,35,4,87,20,0,20,107
09/06/2002,BGM,NY,AEA,EN,Towers with Radar,0,54,7,0,61,0,0,37,0,37,0,54,44,0,98,64,0,64,162
09/07/2002,BGM,NY,AEA,EN,Towers with Radar,0,36,4,0,40,0,0,45,0,45,0,36,49,0,85,36,0,36,121
09/08/2002,BGM,NY,AEA,EN,Towers with Radar,0,46,9,0,55,0,0,50,0,50,0,46,59,0,105,58,0,58,163
09/09/2002,BGM,NY,AEA,EN,Towers with Radar,0,54,36,0,90,0,0,34,0,34,0,54,70,0,124,36,0,36,160
09/10/2002,BGM,NY,AEA,EN,Towers with Radar,0,56,36,0,92,0,0,45,0,45,0,56,81,0,137,116,0,116,253
09/11/2002,BGM,NY,AEA,EN,Towers with Radar,0,53,38,0,91,0,0,11,0,11,0,53,49,0,102,2,0,2,104
09/12/2002,BGM,NY,AEA,EN,Towers with Radar,0,46,31,5,82,0,0,42,4,46,0,46,73,9,128,36,0,36,164
09/13/2002,BGM,NY,AEA,EN,Towers with Radar,0,51,27,2,80,0,0,30,0,30,0,51,57,2,110,52,0,52,162
09/14/2002,BGM,NY,AEA,EN,Towers with Radar,0,38,3,0,41,0,0,24,0,24,0,38,27,0,65,20,0,20,85
09/15/2002,BGM,NY,AEA,EN,Towers with Radar,0,29,7,0,36,0,8,5,0,13,0,37,12,0,49,2,0,2,51
09/16/2002,BGM,NY,AEA,EN,Towers with Radar,0,56,44,2,102,0,0,12,0,12,0,56,56,2,114,6,0,6,120
09/17/2002,BGM,NY,AEA,EN,Towers with Radar,0,54,17,0,71,0,4,18,0,22,0,58,35,0,93,10,0,10,103
09/18/2002,BGM,NY,AEA,EN,Towers with Radar,0,47,26,4,77,0,0,38,0,38,0,47,64,4,115,86,0,86,201
09/19/2002,BGM,NY,AEA,EN,Towers with Radar,0,56,21,1,78,0,0,4,4,8,0,56,25,5,86,22,0,22,108
09/20/2002,BGM,NY,AEA,EN,Towers with Radar,0,44,26,0,70,0,0,26,0,26,0,44,52,0,96,26,0,26,122
09/21/2002,BGM,NY,AEA,EN,Towers with Radar,0,35,5,0,40,0,0,10,0,10,0,35,15,0,50,6,0,6,56
09/22/2002,BGM,NY,AEA,EN,Towers with Radar,0,37,10,0,47,0,0,0,0,0,0,37,10,0,47,0,0,0,47
09/23/2002,BGM,NY,AEA,EN,Towers with Radar,0,44,14,1,59,0,0,27,3,30,0,44,41,4,89,8,0,8,97
09/24/2002,BGM,NY,AEA,EN,Towers with Radar,0,43,12,1,56,0,0,26,11,37,0,43,38,12,93,50,0,50,143
09/25/2002,BGM,NY,AEA,EN,Towers with Radar,0,45,13,1,59,0,2,55,1,58,0,47,68,2,117,46,0,46,163
09/26/2002,BGM,NY,AEA,EN,Towers with Radar,0,45,17,2,64,0,0,21,0,21,0,45,38,2,85,34,0,34,119
09/27/2002,BGM,NY,AEA,EN,Towers with Radar,0,51,7,1,59,0,7,0,1,8,0,58,7,2,67,0,0,0,67
09/28/2002,BGM,NY,AEA,EN,Towers with Radar,0,44,13,0,57,0,0,16,0,16,0,44,29,0,73,0,0,0,73
09/29/2002,BGM,NY,AEA,EN,Towers with Radar,0,36,12,0,48,0,0,27,0,27,0,36,39,0,75,24,0,24,99
09/30/2002,BGM,NY,AEA,EN,Towers with Radar,0,49,15,0,64,0,16,49,0,65,0,65,64,0,129,0,0,0,129
10/01/2002,BGM,NY,AEA,EN,Towers with Radar,0,47,17,28,92,0,0,22,0,22,0,47,39,28,114,38,18,56,170
10/02/2002,BGM,NY,AEA,EN,Towers with Radar,0,47,21,14,82,0,0,10,0,10,0,47,31,14,92,10,0,10,102
10/03/2002,BGM,NY,AEA,EN,Towers with Radar,0,43,37,15,95,0,0,4,0,4,0,43,41,15,99,0,20,20,119
10/04/2002,BGM,NY,AEA,EN,Towers with Radar,0,49,15,10,74,0,0,1,0,1,0,49,16,10,75,0,2,2,77
10/05/2002,BGM,NY,AEA,EN,Towers with Radar,0,40,12,0,52,0,0,3,0,3,0,40,15,0,55,0,4,4,59
10/06/2002,BGM,NY,AEA,EN,Towers with Radar,0,53,25,0,78,0,0,32,2,34,0,53,57,2,112,34,2,36,148
10/07/2002,BGM,NY,AEA,EN,Towers with Radar,0,49,18,0,67,0,0,3,0,3,0,49,21,0,70,4,0,4,74
10/08/2002,BGM,NY,AEA,EN,Towers with Radar,0,52,15,3,70,0,0,23,1,24,0,52,38,4,94,4,14,18,112
10/09/2002,BGM,NY,AEA,EN,Towers with Radar,0,55,16,0,71,0,0,27,0,27,0,55,43,0,98,22,0,22,120
10/10/2002,BGM,NY,AEA,EN,Towers with Radar,0,65,43,0,108,0,0,3,0,3,0,65,46,0,111,0,0,0,111
10/11/2002,BGM,NY,AEA,EN,Towers with Radar,0,62,13,0,75,0,0,0,0,0,0,62,13,0,75,0,0,0,75
10/12/2002,BGM,NY,AEA,EN,Towers with Radar,0,37,9,0,46,0,0,2,0,2,0,37,11,0,48,0,2,2,50
10/13/2002,BGM,NY,AEA,EN,Towers with Radar,0,41,20,0,61,0,0,5,0,5,0,41,25,0,66,2,0,2,68
10/14/2002,BGM,NY,AEA,EN,Towers with Radar,0,53,13,0,66,0,0,20,0,20,0,53,33,0,86,54,0,54,140
10/15/2002,BGM,NY,AEA,EN,Towers with Radar,0,50,21,0,71,0,0,26,0,26,0,50,47,0,97,38,0,38,135
10/16/2002,BGM,NY,AEA,EN,Towers with Radar,0,51,31,0,82,0,0,0,0,0,0,51,31,0,82,0,0,0,82
10/17/2002,BGM,NY,AEA,EN,Towers with Radar,0,65,26,0,91,0,0,25,1,26,0,65,51,1,117,60,0,60,177
10/18/2002,BGM,NY,AEA,EN,Towers with Radar,0,48,15,0,63,0,0,17,0,17,0,48,32,0,80,39,0,39,119
10/19/2002,BGM,NY,AEA,EN,Towers with Radar,0,38,17,0,55,0,0,1,0,1,0,38,18,0,56,0,0,0,56
10/20/2002,BGM,NY,AEA,EN,Towers with Radar,0,45,6,0,51,0,0,17,0,17,0,45,23,0,68,20,0,20,88
10/21/2002,BGM,NY,AEA,EN,Towers with Radar,0,44,19,0,63,0,0,19,0,19,0,44,38,0,82,36,0,36,118
10/22/2002,BGM,NY,AEA,EN,Towers with Radar,0,59,19,3,81,0,0,27,1,28,0,59,46,4,109,56,4,60,169
10/23/2002,BGM,NY,AEA,EN,Towers with Radar,0,58,25,0,83,0,0,7,0,7,0,58,32,0,90,14,0,14,104
10/24/2002,BGM,NY,AEA,EN,Towers with Radar,0,48,31,1,80,0,1,16,0,17,0,49,47,1,97,68,4,72,169
10/25/2002,BGM,NY,AEA,EN,Towers with Radar,0,45,17,0,62,0,0,7,0,7,0,45,24,0,69,38,0,38,107
10/26/2002,BGM,NY,AEA,EN,Towers with Radar,0,38,13,0,51,0,0,0,0,0,0,38,13,0,51,4,0,4,55
10/27/2002,BGM,NY,AEA,EN,Towers with Radar,0,41,17,2,60,0,0,6,10,16,0,41,23,12,76,36,0,36,112
10/28/2002,BGM,NY,AEA,EN,Towers with Radar,0,54,15,0,69,0,0,15,0,15,0,54,30,0,84,0,0,0,84
10/29/2002,BGM,NY,AEA,EN,Towers with Radar,0,43,14,0,57,0,0,17,0,17,0,43,31,0,74,48,0,48,122
10/30/2002,BGM,NY,AEA,EN,Towers with Radar,0,67,20,0,87,0,0,8,0,8,0,67,28,0,95,0,0,0,95
10/31/2002,BGM,NY,AEA,EN,Towers with Radar,0,51,31,0,82,0,0,31,0,31,0,51,62,0,113,24,22,46,159
11/01/2002,BGM,NY,AEA,EN,Towers with Radar,0,41,9,0,50,0,0,0,0,0,0,41,9,0,50,6,0,6,56
11/02/2002,BGM,NY,AEA,EN,Towers with Radar,0,35,1,0,36,0,0,0,0,0,0,35,1,0,36,0,0,0,36
11/03/2002,BGM,NY,AEA,EN,Towers with Radar,0,35,6,0,41,0,0,3,0,3,0,35,9,0,44,0,0,0,44
11/04/2002,BGM,NY,AEA,EN,Towers with Radar,0,53,21,5,79,0,0,4,3,7,0,53,25,8,86,0,0,0,86
11/05/2002,BGM,NY,AEA,EN,Towers with Radar,0,60,21,0,81,0,0,17,0,17,0,60,38,0,98,12,8,20,118
11/06/2002,BGM,NY,AEA,EN,Towers with Radar,0,45,21,6,72,0,0,1,0,1,0,45,22,6,73,0,0,0,73
11/07/2002,BGM,NY,AEA,EN,Towers with Radar,0,57,20,23,100,0,0,12,0,12,0,57,32,23,112,24,0,24,136
11/08/2002,BGM,NY,AEA,EN,Towers with Radar,0,45,18,0,63,0,0,8,0,8,0,45,26,0,71,14,0,14,85
11/09/2002,BGM,NY,AEA,EN,Towers with Radar,0,32,17,0,49,0,0,28,0,28,0,32,45,0,77,42,0,42,119
11/10/2002,BGM,NY,AEA,EN,Towers with Radar,0,35,3,0,38,0,0,0,0,0,0,35,3,0,38,10,0,10,48
11/11/2002,BGM,NY,AEA,EN,Towers with Radar,0,53,18,0,71,0,0,2,0,2,0,53,20,0,73,34,0,34,107
11/12/2002,BGM,NY,AEA,EN,Towers with Radar,0,52,37,0,89,0,0,1,0,1,0,52,38,0,90,0,0,0,90
11/13/2002,BGM,NY,AEA,EN,Towers with Radar,0,55,42,35,132,0,0,13,0,13,0,55,55,35,145,4,4,8,153
11/14/2002,BGM,NY,AEA,EN,Towers with Radar,0,46,14,4,64,0,1,26,0,27,0,47,40,4,91,110,0,110,201
11/15/2002,BGM,NY,AEA,EN,Towers with Radar,0,40,8,10,58,0,0,11,0,11,0,40,19,10,69,32,16,48,117
11/16/2002,BGM,NY,AEA,EN,Towers with Radar,0,42,3,0,45,0,0,0,0,0,0,42,3,0,45,0,0,0,45
11/17/2002,BGM,NY,AEA,EN,Towers with Radar,0,36,4,0,40,0,0,0,0,0,0,36,4,0,40,0,0,0,40
11/18/2002,BGM,NY,AEA,EN,Towers with Radar,0,44,16,5,65,0,0,2,0,2,0,44,18,5,67,0,0,0,67
11/19/2002,BGM,NY,AEA,EN,Towers with Radar,0,57,26,16,99,0,0,11,0,11,0,57,37,16,110,12,0,12,122
11/20/2002,BGM,NY,AEA,EN,Towers with Radar,0,45,64,14,123,0,0,24,0,24,0,45,88,14,147,74,0,74,221
11/21/2002,BGM,NY,AEA,EN,Towers with Radar,0,49,36,0,85,0,0,5,0,5,0,49,41,0,90,18,0,18,108
11/22/2002,BGM,NY,AEA,EN,Towers with Radar,0,41,11,0,52,0,0,0,0,0,0,41,11,0,52,0,0,0,52
11/23/2002,BGM,NY,AEA,EN,Towers with Radar,0,35,14,0,49,0,0,0,0,0,0,35,14,0,49,0,0,0,49
11/24/2002,BGM,NY,AEA,EN,Towers with Radar,0,37,10,0,47,0,0,17,0,17,0,37,27,0,64,18,0,18,82
11/25/2002,BGM,NY,AEA,EN,Towers with Radar,0,41,10,0,51,0,0,0,0,0,0,41,10,0,51,15,0,15,66
11/26/2002,BGM,NY,AEA,EN,Towers with Radar,0,51,41,0,92,0,0,20,0,20,0,51,61,0,112,14,0,14,126
11/27/2002,BGM,NY,AEA,EN,Towers with Radar,0,32,8,0,40,0,0,4,0,4,0,32,12,0,44,0,0,0,44
11/28/2002,BGM,NY,AEA,EN,Towers with Radar,0,31,7,0,38,0,0,0,0,0,0,31,7,0,38,0,0,0,38
11/29/2002,BGM,NY,AEA,EN,Towers with Radar,0,35,3,0,38,0,0,1,0,1,0,35,4,0,39,0,0,0,39
11/30/2002,BGM,NY,AEA,EN,Towers with Radar,0,42,6,0,48,0,0,12,0,12,0,42,18,0,60,4,0,4,64
12/01/2002,BGM,NY,AEA,EN,Towers with Radar,0,36,11,0,47,0,1,3,0,4,0,37,14,0,51,0,0,0,51
12/02/2002,BGM,NY,AEA,EN,Towers with Radar,0,48,19,0,67,0,1,6,0,7,0,49,25,0,74,0,0,0,74
12/03/2002,BGM,NY,AEA,EN,Towers with Radar,0,44,27,5,76,0,1,16,0,17,0,45,43,5,93,18,4,22,115
12/04/2002,BGM,NY,AEA,EN,Towers with Radar,0,58,20,2,80,0,1,16,0,17,0,59,36,2,97,3,0,3,100
12/05/2002,BGM,NY,AEA,EN,Towers with Radar,0,27,8,0,35,0,1,0,0,1,0,28,8,0,36,0,0,0,36
12/06/2002,BGM,NY,AEA,EN,Towers with Radar,0,44,19,0,63,0,1,21,0,22,0,45,40,0,85,44,0,44,129
12/07/2002,BGM,NY,AEA,EN,Towers with Radar,0,38,6,6,50,0,1,23,0,24,0,39,29,6,74,16,10,26,100
12/08/2002,BGM,NY,AEA,EN,Towers with Radar,0,41,8,0,49,0,1,0,0,1,0,42,8,0,50,0,0,0,50
12/09/2002,BGM,NY,AEA,EN,Towers with Radar,0,52,15,0,67,0,1,27,0,28,0,53,42,0,95,12,0,12,107
12/10/2002,BGM,NY,AEA,EN,Towers with Radar,0,52,26,0,78,0,1,34,0,35,0,53,60,0,113,50,0,50,163
12/11/2002,BGM,NY,AEA,EN,Towers with Radar,0,41,6,0,47,0,1,0,0,1,0,42,6,0,48,30,0,30,78
12/12/2002,BGM,NY,AEA,EN,Towers with Radar,0,43,5,6,54,0,2,0,0,2,0,45,5,6,56,0,0,0,56
12/13/2002,BGM,NY,AEA,EN,Towers with Radar,0,46,16,0,62,0,1,0,0,1,0,47,16,0,63,0,0,0,63
12/14/2002,BGM,NY,AEA,EN,Towers with Radar,0,24,3,0,27,0,1,0,0,1,0,25,3,0,28,0,0,0,28
12/15/2002,BGM,NY,AEA,EN,Towers with Radar,0,43,7,0,50,0,0,0,0,0,0,43,7,0,50,0,0,0,50
12/16/2002,BGM,NY,AEA,EN,Towers with Radar,0,50,19,0,69,0,0,29,0,29,0,50,48,0,98,0,0,0,98
12/17/2002,BGM,NY,AEA,EN,Towers with Radar,0,62,23,1,86,0,0,30,7,37,0,62,53,8,123,56,0,56,179
12/18/2002,BGM,NY,AEA,EN,Towers with Radar,0,50,18,0,68,0,0,21,0,21,0,50,39,0,89,26,0,26,115
12/19/2002,BGM,NY,AEA,EN,Towers with Radar,0,58,30,0,88,0,0,26,0,26,0,58,56,0,114,46,0,46,160
12/20/2002,BGM,NY,AEA,EN,Towers with Radar,0,45,18,1,64,0,0,0,9,9,0,45,18,10,73,10,6,16,89
12/21/2002,BGM,NY,AEA,EN,Towers with Radar,0,41,15,0,56,0,0,1,0,1,0,41,16,0,57,22,0,22,79
12/22/2002,BGM,NY,AEA,EN,Towers with Radar,0,43,11,0,54,0,0,8,0,8,0,43,19,0,62,2,0,2,64
12/23/2002,BGM,NY,AEA,EN,Towers with Radar,0,52,15,0,67,0,0,13,0,13,0,52,28,0,80,0,0,0,80
12/24/2002,BGM,NY,AEA,EN,Towers with Radar,0,45,13,0,58,0,0,11,0,11,0,45,24,0,69,54,0,54,123
12/25/2002,BGM,NY,AEA,EN,Towers with Radar,0,14,0,0,14,0,0,0,0,0,0,14,0,0,14,0,0,0,14
12/26/2002,BGM,NY,AEA,EN,Towers with Radar,0,33,8,0,41,0,11,0,0,11,0,44,8,0,52,0,0,0,52
12/27/2002,BGM,NY,AEA,EN,Towers with Radar,0,43,17,0,60,0,0,1,0,1,0,43,18,0,61,66,0,66,127
12/28/2002,BGM,NY,AEA,EN,Towers with Radar,0,34,7,0,41,0,0,4,0,4,0,34,11,0,45,8,0,8,53
12/29/2002,BGM,NY,AEA,EN,Towers with Radar,0,39,7,0,46,0,0,1,0,1,0,39,8,0,47,0,0,0,47
12/30/2002,BGM,NY,AEA,EN,Towers with Radar,0,48,16,0,64,0,0,25,0,25,0,48,41,0,89,32,0,32,121
12/31/2002,BGM,NY,AEA,EN,Towers with Radar,0,38,12,0,50,0,0,3,0,3,0,38,15,0,53,30,0,30,83
01/01/2003,BGM,NY,AEA,EN,Towers with Radar,0,33,2,0,35,0,1,0,0,1,0,34,2,0,36,2,0,2,38
01/02/2003,BGM,NY,AEA,EN,Towers with Radar,0,39,2,7,48,0,0,2,0,2,0,39,4,7,50,12,0,12,62
01/03/2003,BGM,NY,AEA,EN,Towers with Radar,0,26,3,0,29,0,0,0,0,0,0,26,3,0,29,0,0,0,29
01/04/2003,BGM,NY,AEA,EN,Towers with Radar,0,42,10,0,52,0,0,0,0,0,0,42,10,0,52,0,0,0,52
01/05/2003,BGM,NY,AEA,EN,Towers with Radar,0,31,13,0,44,0,1,0,0,1,0,32,13,0,45,0,0,0,45
01/06/2003,BGM,NY,AEA,EN,Towers with Radar,0,46,19,2,67,0,0,2,10,12,0,46,21,12,79,0,0,0,79
01/07/2003,BGM,NY,AEA,EN,Towers with Radar,0,42,15,2,59,0,0,7,2,9,0,42,22,4,68,26,0,26,94
01/08/2003,BGM,NY,AEA,EN,Towers with Radar,0,33,16,0,49,0,0,11,0,11,0,33,27,0,60,0,0,0,60
01/09/2003,BGM,NY,AEA,EN,Towers with Radar,0,48,17,10,75,0,1,3,0,4,0,49,20,10,79,0,0,0,79
01/10/2003,BGM,NY,AEA,EN,Towers with Radar,0,49,25,0,74,0,1,8,0,9,0,50,33,0,83,32,0,32,115
01/11/2003,BGM,NY,AEA,EN,Towers with Radar,0,56,10,2,68,0,1,3,0,4,0,57,13,2,72,2,0,2,74
01/12/2003,BGM,NY,AEA,EN,Towers with Radar,0,52,12,0,64,0,1,10,0,11,0,53,22,0,75,2,0,2,77
01/13/2003,BGM,NY,AEA,EN,Towers with Radar,0,49,12,0,61,0,1,7,0,8,0,50,19,0,69,6,0,6,75
01/14/2003,BGM,NY,AEA,EN,Towers with Radar,0,46,25,1,72,0,1,7,0,8,0,47,32,1,80,10,0,10,90
01/15/2003,BGM,NY,AEA,EN,Towers with Radar,0,45,9,9,63,0,1,7,1,9,0,46,16,10,72,46,2,48,120
01/16/2003,BGM,NY,AEA,EN,Towers with Radar,0,47,20,0,67,0,1,12,0,13,0,48,32,0,80,28,0,28,108
01/17/2003,BGM,NY,AEA,EN,Towers with Radar,0,43,13,0,56,0,7,5,0,12,0,50,18,0,68,32,0,32,100
01/18/2003,BGM,NY,AEA,EN,Towers with Radar,0,36,12,0,48,0,1,36,0,37,0,37,48,0,85,14,0,14,99
01/19/2003,BGM,NY,AEA,EN,Towers with Radar,0,52,1,0,53,0,1,10,0,11,0,53,11,0,64,0,0,0,64
01/20/2003,BGM,NY,AEA,EN,Towers with Radar,0,61,21,0,82,0,1,8,0,9,0,62,29,0,91,0,0,0,91
01/21/2003,BGM,NY,AEA,EN,Towers with Radar,0,70,29,0,99,0,1,6,0,7,0,71,35,0,106,10,0,10,116
01/22/2003,BGM,NY,AEA,EN,Towers with Radar,0,46,19,8,73,0,1,2,0,3,0,47,21,8,76,20,0,20,96
01/23/2003,BGM,NY,AEA,EN,Towers with Radar,0,51,21,0,72,0,1,0,0,1,0,52,21,0,73,0,0,0,73
01/24/2003,BGM,NY,AEA,EN,Towers with Radar,0,47,14,0,61,0,1,6,0,7,0,48,20,0,68,32,0,32,100
01/25/2003,BGM,NY,AEA,EN,Towers with Radar,0,30,6,0,36,0,1,16,0,17,0,31,22,0,53,12,0,12,65
01/26/2003,BGM,NY,AEA,EN,Towers with Radar,0,31,0,0,31,0,1,0,0,1,0,32,0,0,32,0,0,0,32
01/27/2003,BGM,NY,AEA,EN,Towers with Radar,0,41,7,0,48,0,1,0,3,4,0,42,7,3,52,0,10,10,62
01/28/2003,BGM,NY,AEA,EN,Towers with Radar,0,51,8,2,61,0,1,6,0,7,0,52,14,2,68,8,0,8,76
01/29/2003,BGM,NY,AEA,EN,Towers with Radar,0,40,9,1,50,0,3,0,9,12,0,43,9,10,62,16,2,18,80
01/30/2003,BGM,NY,AEA,EN,Towers with Radar,0,63,30,2,95,0,0,30,0,30,0,63,60,2,125,48,0,48,173
01/31/2003,BGM,NY,AEA,EN,Towers with Radar,0,58,25,0,83,0,0,4,0,4,0,58,29,0,87,22,0,22,109
02/01/2003,BGM,NY,AEA,EN,Towers with Radar,0,44,8,0,52,0,0,1,0,1,0,44,9,0,53,0,0,0,53
02/02/2003,BGM,NY,AEA,EN,Towers with Radar,0,32,5,0,37,0,3,0,0,3,0,35,5,0,40,0,0,0,40
02/03/2003,BGM,NY,AEA,EN,Towers with Radar,0,45,10,0,55,0,0,7,0,7,0,45,17,0,62,6,0,6,68
02/04/2003,BGM,NY,AEA,EN,Towers with Radar,0,56,2,6,64,0,0,2,1,3,0,56,4,7,67,10,4,14,81
02/05/2003,BGM,NY,AEA,EN,Towers with Radar,0,58,24,9,91,0,0,6,1,7,0,58,30,10,98,30,6,36,134
02/06/2003,BGM,NY,AEA,EN,Towers with Radar,0,51,17,0,68,0,0,16,0,16,0,51,33,0,84,32,0,32,116
02/07/2003,BGM,NY,AEA,EN,Towers with Radar,0,50,11,0,61,0,0,3,0,3,0,50,14,0,64,1,0,1,65
02/08/2003,BGM,NY,AEA,EN,Towers with Radar,0,41,9,0,50,0,0,28,0,28,0,41,37,0,78,72,0,72,150
02/09/2003,BGM,NY,AEA,EN,Towers with Radar,0,43,5,0,48,0,0,2,0,2,0,43,7,0,50,2,0,2,52
02/10/2003,BGM,NY,AEA,EN,Towers with Radar,0,60,18,11,89,0,0,4,1,5,0,60,22,12,94,0,6,6,100
02/11/2003,BGM,NY,AEA,EN,Towers with Radar,0,70,24,11,105,0,0,27,1,28,0,70,51,12,133,34,12,46,179
02/12/2003,BGM,NY,AEA,EN,Towers with Radar,0,49,5,1,55,0,0,0,1,1,0,49,5,2,56,0,0,0,56
02/13/2003,BGM,NY,AEA,EN,Towers with Radar,0,57,20,1,78,0,0,13,1,14,0,57,33,2,92,6,0,6,98
02/14/2003,BGM,NY,AEA,EN,Towers with Radar,0,45,8,11,64,0,0,16,4,20,0,45,24,15,84,50,0,50,134
02/15/2003,BGM,NY,AEA,EN,Towers with Radar,0,38,5,0,43,0,0,29,2,31,0,38,34,2,74,24,0,24,98
02/16/2003,BGM,NY,AEA,EN,Towers with Radar,0,26,0,0,26,0,0,6,0,6,0,26,6,0,32,10,0,10,42
02/17/2003,BGM,NY,AEA,EN,Towers with Radar,0,9,3,0,12,0,3,1,0,4,0,12,4,0,16,0,0,0,16
02/18/2003,BGM,NY,AEA,EN,Towers with Radar,0,41,13,0,54,0,0,0,0,0,0,41,13,0,54,10,0,10,64
02/19/2003,BGM,NY,AEA,EN,Towers with Radar,0,55,16,0,71,0,0,8,0,8,0,55,24,0,79,20,0,20,99
02/20/2003,BGM,NY,AEA,EN,Towers with Radar,0,48,27,0,75,0,0,27,0,27,0,48,54,0,102,37,0,37,139
02/21/2003,BGM,NY,AEA,EN,Towers with Radar,0,50,12,1,63,0,0,22,1,23,0,50,34,2,86,70,0,70,156
02/22/2003,BGM,NY,AEA,EN,Towers with Radar,0,29,1,0,30,0,0,0,0,0,0,29,1,0,30,0,0,0,30
02/23/2003,BGM,NY,AEA,EN,Towers with Radar,0,35,2,0,37,0,6,0,0,6,0,41,2,0,43,0,0,0,43
02/24/2003,BGM,NY,AEA,EN,Towers with Radar,0,49,3,0,52,0,7,0,0,7,0,56,3,0,59,0,0,0,59
02/25/2003,BGM,NY,AEA,EN,Towers with Radar,0,57,13,0,70,0,0,11,0,11,0,57,24,0,81,36,0,36,117
02/26/2003,BGM,NY,AEA,EN,Towers with Radar,0,58,19,15,92,0,0,24,1,25,0,58,43,16,117,42,16,58,175
02/27/2003,BGM,NY,AEA,EN,Towers with Radar,0,52,35,23,110,0,0,12,1,13,0,52,47,24,123,4,20,24,147
02/28/2003,BGM,NY,AEA,EN,Towers with Radar,0,66,24,0,90,0,0,17,0,17,0,66,41,0,107,2,0,2,109
03/01/2003,BGM,NY,AEA,EN,Towers with Radar,0,39,21,0,60,0,1,5,0,6,0,40,26,0,66,6,0,6,72
03/02/2003,BGM,NY,AEA,EN,Towers with Radar,0,34,2,0,36,0,1,0,0,1,0,35,2,0,37,0,0,0,37
03/03/2003,BGM,NY,AEA,EN,Towers with Radar,0,53,33,0,86,0,1,10,0,11,0,54,43,0,97,4,0,4,101
03/04/2003,BGM,NY,AEA,EN,Towers with Radar,0,55,14,1,70,0,0,6,1,7,0,55,20,2,77,42,0,42,119
03/05/2003,BGM,NY,AEA,EN,Towers with Radar,0,52,17,5,74,0,0,8,1,9,0,52,25,6,83,0,0,0,83
03/06/2003,BGM,NY,AEA,EN,Towers with Radar,0,51,29,7,87,0,0,1,1,2,0,51,30,8,89,6,4,10,99
03/07/2003,BGM,NY,AEA,EN,Towers with Radar,0,53,14,0,67,0,0,22,0,22,0,53,36,0,89,22,0,22,111
03/08/2003,BGM,NY,AEA,EN,Towers with Radar,0,39,11,0,50,0,0,12,0,12,0,39,23,0,62,8,0,8,70
03/09/2003,BGM,NY,AEA,EN,Towers with Radar,0,38,3,0,41,0,0,1,0,1,0,38,4,0,42,0,0,0,42
03/10/2003,BGM,NY,AEA,EN,Towers with Radar,0,54,9,0,63,0,0,10,0,10,0,54,19,0,73,44,0,44,117
03/11/2003,BGM,NY,AEA,EN,Towers with Radar,0,47,15,0,62,0,0,12,0,12,0,47,27,0,74,38,0,38,112
03/12/2003,BGM,NY,AEA,EN,Towers with Radar,0,49,19,4,72,0,0,8,0,8,0,49,27,4,80,38,0,38,118
03/13/2003,BGM,NY,AEA,EN,Towers with Radar,0,58,14,0,72,0,0,1,0,1,0,58,15,0,73,0,0,0,73
03/14/2003,BGM,NY,AEA,EN,Towers with Radar,0,55,15,3,73,0,1,22,0,23,0,56,37,3,96,26,0,26,122
03/15/2003,BGM,NY,AEA,EN,Towers with Radar,0,43,15,0,58,0,0,33,0,33,0,43,48,0,91,52,0,52,143
03/16/2003,BGM,NY,AEA,EN,Towers with Radar,0,40,8,0,48,0,0,31,0,31,0,40,39,0,79,40,0,40,119
03/17/2003,BGM,NY,AEA,EN,Towers with Radar,0,57,21,8,86,0,1,20,0,21,0,58,41,8,107,22,0,22,129
03/18/2003,BGM,NY,AEA,EN,Towers with Radar,0,57,12,0,69,0,0,1,0,1,0,57,13,0,70,38,2,40,110
03/19/2003,BGM,NY,AEA,EN,Towers with Radar,0,54,12,9,75,0,0,20,0,20,0,54,32,9,95,56,12,68,163
03/20/2003,BGM,NY,AEA,EN,Towers with Radar,0,66,11,5,82,0,0,0,0,0,0,66,11,5,82,0,0,0,82
03/21/2003,BGM,NY,AEA,EN,Towers with Radar,0,58,18,0,76,0,0,5,0,5,0,58,23,0,81,24,0,24,105
03/22/2003,BGM,NY,AEA,EN,Towers with Radar,0,42,11,0,53,0,0,31,2,33,0,42,42,2,86,40,0,40,126
03/23/2003,BGM,NY,AEA,EN,Towers with Radar,0,60,26,0,86,0,0,11,0,11,0,60,37,0,97,20,0,20,117
03/24/2003,BGM,NY,AEA,EN,Towers with Radar,0,51,17,0,68,0,0,20,0,20,0,51,37,0,88,44,0,44,132
03/25/2003,BGM,NY,AEA,EN,Towers with Radar,0,54,25,4,83,0,0,21,0,21,0,54,46,4,104,26,0,26,130
03/26/2003,BGM,NY,AEA,EN,Towers with Radar,0,52,26,0,78,0,0,0,0,0,0,52,26,0,78,0,0,0,78
03/27/2003,BGM,NY,AEA,EN,Towers with Radar,0,46,30,6,82,0,0,22,0,22,0,46,52,6,104,26,0,26,130
03/28/2003,BGM,NY,AEA,EN,Towers with Radar,0,53,11,0,64,0,0,15,0,15,0,53,26,0,79,16,0,16,95
03/29/2003,BGM,NY,AEA,EN,Towers with Radar,0,40,11,0,51,0,0,0,0,0,0,40,11,0,51,0,0,0,51
03/30/2003,BGM,NY,AEA,EN,Towers with Radar,0,42,3,0,45,0,0,0,0,0,0,42,3,0,45,0,0,0,45
03/31/2003,BGM,NY,AEA,EN,Towers with Radar,0,50,9,1,60,0,0,9,3,12,0,50,18,4,72,10,42,52,124
04/01/2003,BGM,NY,AEA,EN,Towers with Radar,0,54,16,0,70,0,0,2,0,2,0,54,18,0,72,0,0,0,72
04/02/2003,BGM,NY,AEA,EN,Towers with Radar,0,50,13,0,63,0,0,11,0,11,0,50,24,0,74,0,0,0,74
04/03/2003,BGM,NY,AEA,EN,Towers with Radar,0,46,13,4,63,0,0,0,0,0,0,46,13,4,63,4,4,8,71
04/04/2003,BGM,NY,AEA,EN,Towers with Radar,0,45,4,0,49,0,0,0,0,0,0,45,4,0,49,0,0,0,49
04/05/2003,BGM,NY,AEA,EN,Towers with Radar,0,34,6,0,40,0,0,0,0,0,0,34,6,0,40,0,0,0,40
04/06/2003,BGM,NY,AEA,EN,Towers with Radar,0,31,10,0,41,0,0,7,0,7,0,31,17,0,48,0,0,0,48
04/07/2003,BGM,NY,AEA,EN,Towers with Radar,0,35,6,0,41,0,0,0,0,0,0,35,6,0,41,0,0,0,41
04/08/2003,BGM,NY,AEA,EN,Towers with Radar,0,46,21,0,67,0,0,0,0,0,0,46,21,0,67,0,0,0,67
04/09/2003,BGM,NY,AEA,EN,Towers with Radar,0,62,19,4,85,0,0,0,0,0,0,62,19,4,85,0,0,0,85
04/10/2003,BGM,NY,AEA,EN,Towers with Radar,0,51,19,16,86,0,8,13,0,21,0,59,32,16,107,4,0,4,111
04/11/2003,BGM,NY,AEA,EN,Towers with Radar,0,56,16,1,73,0,0,1,0,1,0,56,17,1,74,54,8,62,136
04/12/2003,BGM,NY,AEA,EN,Towers with Radar,0,29,10,1,40,0,0,13,0,13,0,29,23,1,53,44,0,44,97
04/13/2003,BGM,NY,AEA,EN,Towers with Radar,0,40,20,0,60,0,2,32,0,34,0,42,52,0,94,44,0,44,138
04/14/2003,BGM,NY,AEA,EN,Towers with Radar,0,49,14,0,63,0,0,20,0,20,0,49,34,0,83,26,0,26,109
04/15/2003,BGM,NY,AEA,EN,Towers with Radar,0,43,30,7,80,0,0,29,0,29,0,43,59,7,109,28,0,28,137
04/16/2003,BGM,NY,AEA,EN,Towers with Radar,0,42,27,0,69,0,0,20,0,20,0,42,47,0,89,4,0,4,93
04/17/2003,BGM,NY,AEA,EN,Towers with Radar,0,50,26,6,82,0,0,27,0,27,0,50,53,6,109,2,18,20,129
04/18/2003,BGM,NY,AEA,EN,Towers with Radar,0,59,9,0,68,0,1,6,0,7,0,60,15,0,75,28,0,28,103
04/19/2003,BGM,NY,AEA,EN,Towers with Radar,0,30,16,0,46,0,0,18,0,18,0,30,34,0,64,16,0,16,80
04/20/2003,BGM,NY,AEA,EN,Towers with Radar,0,42,2,0,44,0,0,9,0,9,0,42,11,0,53,10,0,10,63
04/21/2003,BGM,NY,AEA,EN,Towers with Radar,0,42,17,4,63,0,0,2,0,2,0,42,19,4,65,0,0,0,65
04/22/2003,BGM,NY,AEA,EN,Towers with Radar,0,51,44,2,97,0,0,0,0,0,0,51,44,2,97,20,2,22,119
04/23/2003,BGM,NY,AEA,EN,Towers with Radar,0,52,22,4,78,0,0,1,0,1,0,52,23,4,79,0,0,0,79
04/24/2003,BGM,NY,AEA,EN,Towers with Radar,0,51,20,2,73,0,0,21,6,27,0,51,41,8,100,20,3,23,123
04/25/2003,BGM,NY,AEA,EN,Towers with Radar,0,47,11,2,60,0,0,30,0,30,0,47,41,2,90,86,4,90,180
04/26/2003,BGM,NY,AEA,EN,Towers with Radar,0,41,17,2,60,0,0,0,0,0,0,41,17,2,60,0,0,0,60
04/27/2003,BGM,NY,AEA,EN,Towers with Radar,0,32,11,0,43,0,0,33,0,33,0,32,44,0,76,20,0,20,96
04/28/2003,BGM,NY,AEA,EN,Towers with Radar,0,37,11,0,48,0,0,17,0,17,0,37,28,0,65,6,0,6,71
04/29/2003,BGM,NY,AEA,EN,Towers with Radar,0,52,45,14,111,0,0,25,0,25,0,52,70,14,136,36,2,38,174
04/30/2003,BGM,NY,AEA,EN,Towers with Radar,0,35,18,5,58,0,0,22,0,22,0,35,40,5,80,10,4,14,94
05/01/2003,BGM,NY,AEA,EN,Towers with Radar,0,46,19,5,70,0,0,4,0,4,0,46,23,5,74,2,2,4,78
05/02/2003,BGM,NY,AEA,EN,Towers with Radar,0,46,23,0,69,0,0,2,0,2,0,46,25,0,71,22,0,22,93
05/03/2003,BGM,NY,AEA,EN,Towers with Radar,0,38,7,0,45,0,0,10,0,10,0,38,17,0,55,12,0,12,67
05/04/2003,BGM,NY,AEA,EN,Towers with Radar,0,42,16,0,58,0,0,27,0,27,0,42,43,0,85,20,0,20,105
05/05/2003,BGM,NY,AEA,EN,Towers with Radar,0,50,19,0,69,0,0,18,0,18,0,50,37,0,87,14,2,16,103
05/06/2003,BGM,NY,AEA,EN,Towers with Radar,0,48,20,0,68,0,0,1,0,1,0,48,21,0,69,12,0,12,81
05/07/2003,BGM,NY,AEA,EN,Towers with Radar,0,49,34,6,89,0,0,17,0,17,0,49,51,6,106,18,0,18,124
05/08/2003,BGM,NY,AEA,EN,Towers with Radar,0,49,30,5,84,0,0,4,0,4,0,49,34,5,88,18,0,18,106
05/09/2003,BGM,NY,AEA,EN,Towers with Radar,0,47,11,0,58,0,0,22,0,22,0,47,33,0,80,38,0,38,118
05/10/2003,BGM,NY,AEA,EN,Towers with Radar,0,40,2,0,42,0,0,23,0,23,0,40,25,0,65,22,0,22,87
05/11/2003,BGM,NY,AEA,EN,Towers with Radar,0,40,1,0,41,0,0,3,0,3,0,40,4,0,44,0,0,0,44
05/12/2003,BGM,NY,AEA,EN,Towers with Radar,0,44,25,0,69,0,0,2,0,2,0,44,27,0,71,0,0,0,71
05/13/2003,BGM,NY,AEA,EN,Towers with Radar,0,51,25,0,76,0,0,0,0,0,0,51,25,0,76,32,0,32,108
05/14/2003,BGM,NY,AEA,EN,Towers with Radar,0,54,45,0,99,0,0,9,0,9,0,54,54,0,108,6,0,6,114
05/15/2003,BGM,NY,AEA,EN,Towers with Radar,0,65,58,12,135,0,0,28,0,28,0,65,86,12,163,48,0,48,211
05/16/2003,BGM,NY,AEA,EN,Towers with Radar,0,50,16,10,76,0,0,14,0,14,0,50,30,10,90,8,22,30,120
05/17/2003,BGM,NY,AEA,EN,Towers with Radar,0,30,19,0,49,0,0,13,0,13,0,30,32,0,62,10,0,10,72
05/18/2003,BGM,NY,AEA,EN,Towers with Radar,0,44,21,0,65,0,0,24,0,24,0,44,45,0,89,28,0,28,117
05/19/2003,BGM,NY,AEA,EN,Towers with Radar,0,47,9,0,56,0,0,33,2,35,0,47,42,2,91,52,0,52,143
05/20/2003,BGM,NY,AEA,EN,Towers with Radar,0,63,37,7,107,0,0,27,0,27,0,63,64,7,134,40,2,42,176
05/21/2003,BGM,NY,AEA,EN,Towers with Radar,0,54,35,5,94,0,0,6,0,6,0,54,41,5,100,24,0,24,124
05/22/2003,BGM,NY,AEA,EN,Towers with Radar,0,72,37,17,126,0,0,27,2,29,0,72,64,19,155,42,0,42,197
05/23/2003,BGM,NY,AEA,EN,Towers with Radar,0,67,37,2,106,0,0,15,0,15,0,67,52,2,121,20,0,20,141
05/24/2003,BGM,NY,AEA,EN,Towers with Radar,0,39,16,0,55,0,0,0,0,0,0,39,16,0,55,0,0,0,55
05/25/2003,BGM,NY,AEA,EN,Towers with Radar,0,42,39,0,81,0,0,4,0,4,0,42,43,0,85,12,0,12,97
05/26/2003,BGM,NY,AEA,EN,Towers with Radar,0,44,16,0,60,0,0,0,0,0,0,44,16,0,60,0,0,0,60
05/27/2003,BGM,NY,AEA,EN,Towers with Radar,0,60,25,0,85,0,0,22,0,22,0,60,47,0,107,38,0,38,145
05/28/2003,BGM,NY,AEA,EN,Towers with Radar,0,59,10,1,70,0,0,4,1,5,0,59,14,2,75,14,2,16,91
05/29/2003,BGM,NY,AEA,EN,Towers with Radar,0,44,42,3,89,0,0,15,0,15,0,44,57,3,104,36,0,36,140
05/30/2003,BGM,NY,AEA,EN,Towers with Radar,0,50,4,0,54,0,0,20,0,20,0,50,24,0,74,20,0,20,94
05/31/2003,BGM,NY,AEA,EN,Towers with Radar,0,37,4,0,41,0,0,4,0,4,0,37,8,0,45,26,0,26,71
06/01/2003,BGM,NY,AEA,EN,Towers with Radar,0,44,24,0,68,0,0,0,0,0,0,44,24,0,68,0,0,0,68
06/02/2003,BGM,NY,AEA,EN,Towers with Radar,0,54,18,2,74,0,0,22,0,22,0,54,40,2,96,70,0,70,166
06/03/2003,BGM,NY,AEA,EN,Towers with Radar,0,53,17,20,90,0,0,17,1,18,0,53,34,21,108,32,6,38,146
06/04/2003,BGM,NY,AEA,EN,Towers with Radar,0,50,36,3,89,0,0,0,0,0,0,50,36,3,89,2,0,2,91
06/05/2003,BGM,NY,AEA,EN,Towers with Radar,0,46,32,4,82,0,0,3,0,3,0,46,35,4,85,20,0,20,105
06/06/2003,BGM,NY,AEA,EN,Towers with Radar,0,53,15,0,68,0,0,17,0,17,0,53,32,0,85,20,0,20,105
06/07/2003,BGM,NY,AEA,EN,Towers with Radar,0,45,7,0,52,0,0,0,0,0,0,45,7,0,52,0,0,0,52
06/08/2003,BGM,NY,AEA,EN,Towers with Radar,0,39,29,0,68,0,0,15,0,15,0,39,44,0,83,12,0,12,95
06/09/2003,BGM,NY,AEA,EN,Towers with Radar,0,53,13,0,66,0,0,15,0,15,0,53,28,0,81,64,0,64,145
06/10/2003,BGM,NY,AEA,EN,Towers with Radar,0,55,23,0,78,0,0,38,0,38,0,55,61,0,116,12,0,12,128
06/11/2003,BGM,NY,AEA,EN,Towers with Radar,0,40,20,0,60,0,0,1,0,1,0,40,21,0,61,4,0,4,65
06/12/2003,BGM,NY,AEA,EN,Towers with Radar,0,47,33,0,80,0,0,0,0,0,0,47,33,0,80,8,0,8,88
06/13/2003,BGM,NY,AEA,EN,Towers with Radar,0,50,14,0,64,0,0,0,0,0,0,50,14,0,64,0,0,0,64
06/14/2003,BGM,NY,AEA,EN,Towers with Radar,0,34,18,0,52,0,0,10,2,12,0,34,28,2,64,18,0,18,82
06/15/2003,BGM,NY,AEA,EN,Towers with Radar,0,44,23,0,67,0,0,37,0,37,0,44,60,0,104,15,0,15,119
06/16/2003,BGM,NY,AEA,EN,Towers with Radar,0,79,14,15,108,0,0,55,0,55,0,79,69,15,163,28,12,40,203
06/17/2003,BGM,NY,AEA,EN,Towers with Radar,0,49,14,8,71,0,0,21,0,21,0,49,35,8,92,38,0,38,130
06/18/2003,BGM,NY,AEA,EN,Towers with Radar,0,57,29,0,86,0,0,1,0,1,0,57,30,0,87,0,0,0,87
06/19/2003,BGM,NY,AEA,EN,Towers with Radar,0,53,38,1,92,0,0,6,0,6,0,53,44,1,98,30,0,30,128
06/20/2003,BGM,NY,AEA,EN,Towers with Radar,0,50,32,0,82,0,0,13,0,13,0,50,45,0,95,18,0,18,113
06/21/2003,BGM,NY,AEA,EN,Towers with Radar,0,41,11,0,52,0,0,5,0,5,0,41,16,0,57,6,0,6,63
06/22/2003,BGM,NY,AEA,EN,Towers with Radar,0,58,28,0,86,0,0,18,0,18,0,58,46,0,104,40,0,40,144
06/23/2003,BGM,NY,AEA,EN,Towers with Radar,0,58,17,0,75,0,0,23,0,23,0,58,40,0,98,12,0,12,110
06/24/2003,BGM,NY,AEA,EN,Towers with Radar,0,66,19,0,85,0,0,20,0,20,0,66,39,0,105,60,6,66,171
06/25/2003,BGM,NY,AEA,EN,Towers with Radar,0,53,11,4,68,0,0,37,0,37,0,53,48,4,105,36,6,42,147
06/26/2003,BGM,NY,AEA,EN,Towers with Radar,0,65,36,0,101,0,0,17,0,17,0,65,53,0,118,86,0,86,204
06/27/2003,BGM,NY,AEA,EN,Towers with Radar,0,45,14,0,59,0,0,21,0,21,0,45,35,0,80,60,0,60,140
06/28/2003,BGM,NY,AEA,EN,Towers with Radar,0,34,12,0,46,0,0,35,0,35,0,34,47,0,81,28,0,28,109
06/29/2003,BGM,NY,AEA,EN,Towers with Radar,0,46,7,0,53,0,0,21,0,21,0,46,28,0,74,4,0,4,78
06/30/2003,BGM,NY,AEA,EN,Towers with Radar,0,43,24,0,67,0,0,24,0,24,0,43,48,0,91,20,0,20,111
07/01/2003,BGM,NY,AEA,EN,Towers with Radar,0,52,36,17,105,0,0,31,0,31,0,52,67,17,136,48,26,74,210
07/02/2003,BGM,NY,AEA,EN,Towers with Radar,0,49,43,7,99,0,0,38,0,38,0,49,81,7,137,28,2,30,167
07/03/2003,BGM,NY,AEA,EN,Towers with Radar,0,44,23,2,69,0,5,19,0,24,0,49,42,2,93,12,0,12,105
07/04/2003,BGM,NY,AEA,EN,Towers with Radar,0,32,29,0,61,0,0,19,0,19,0,32,48,0,80,6,0,6,86
07/05/2003,BGM,NY,AEA,EN,Towers with Radar,0,37,7,0,44,0,0,29,0,29,0,37,36,0,73,22,0,22,95
07/06/2003,BGM,NY,AEA,EN,Towers with Radar,0,41,24,0,65,0,0,40,0,40,0,41,64,0,105,16,0,16,121
07/07/2003,BGM,NY,AEA,EN,Towers with Radar,0,56,20,0,76,0,0,10,0,10,0,56,30,0,86,24,0,24,110
07/08/2003,BGM,NY,AEA,EN,Towers with Radar,0,48,18,0,66,0,0,19,0,19,0,48,37,0,85,22,0,22,107
07/09/2003,BGM,NY,AEA,EN,Towers with Radar,0,52,13,2,67,0,0,7,0,7,0,52,20,2,74,4,4,8,82
07/10/2003,BGM,NY,AEA,EN,Towers with Radar,0,52,63,18,133,0,0,22,0,22,0,52,85,18,155,28,18,46,201
07/11/2003,BGM,NY,AEA,EN,Towers with Radar,0,57,17,3,77,0,0,9,0,9,0,57,26,3,86,2,6,8,94
07/12/2003,BGM,NY,AEA,EN,Towers with Radar,0,47,15,3,65,0,0,40,4,44,0,47,55,7,109,6,2,8,117
07/13/2003,BGM,NY,AEA,EN,Towers with Radar,0,64,40,19,123,0,0,101,18,119,0,64,141,37,242,74,52,126,368
07/14/2003,BGM,NY,AEA,EN,Towers with Radar,0,46,21,6,73,0,0,34,0,34,0,46,55,6,107,28,26,54,161
07/15/2003,BGM,NY,AEA,EN,Towers with Radar,0,58,19,2,79,0,0,23,0,23,0,58,42,2,102,44,0,44,146
07/16/2003,BGM,NY,AEA,EN,Towers with Radar,0,58,24,2,84,0,0,16,0,16,0,58,40,2,100,38,0,38,138
07/17/2003,BGM,NY,AEA,EN,Towers with Radar,0,69,32,22,123,0,0,24,0,24,0,69,56,22,147,36,42,78,225
07/18/2003,BGM,NY,AEA,EN,Towers with Radar,0,42,35,0,77,0,0,4,0,4,0,42,39,0,81,4,0,4,85
07/19/2003,BGM,NY,AEA,EN,Towers with Radar,0,41,4,0,45,0,0,33,0,33,0,41,37,0,78,46,0,46,124
07/20/2003,BGM,NY,AEA,EN,Towers with Radar,0,51,19,0,70,0,0,32,0,32,0,51,51,0,102,0,0,0,102
07/21/2003,BGM,NY,AEA,EN,Towers with Radar,0,49,15,0,64,0,0,2,0,2,0,49,17,0,66,0,0,0,66
07/22/2003,BGM,NY,AEA,EN,Towers with Radar,0,51,26,3,80,0,0,6,0,6,0,51,32,3,86,36,0,36,122
07/23/2003,BGM,NY,AEA,EN,Towers with Radar,0,51,18,10,79,0,0,3,0,3,0,51,21,10,82,6,20,26,108
07/24/2003,BGM,NY,AEA,EN,Towers with Radar,0,60,37,8,105,0,0,8,0,8,0,60,45,8,113,64,6,70,183
07/25/2003,BGM,NY,AEA,EN,Towers with Radar,0,54,27,6,87,0,0,34,0,34,0,54,61,6,121,16,12,28,149
07/26/2003,BGM,NY,AEA,EN,Towers with Radar,0,47,1,0,48,0,1,33,0,34,0,48,34,0,82,24,0,24,106
07/27/2003,BGM,NY,AEA,EN,Towers with Radar,0,43,13,0,56,0,0,4,0,4,0,43,17,0,60,50,0,50,110
07/28/2003,BGM,NY,AEA,EN,Towers with Radar,0,61,44,7,112,0,0,34,0,34,0,61,78,7,146,20,0,20,166
07/29/2003,BGM,NY,AEA,EN,Towers with Radar,0,60,39,8,107,0,0,35,0,35,0,60,74,8,142,50,2,52,194
07/30/2003,BGM,NY,AEA,EN,Towers with Radar,0,50,41,4,95,0,0,44,0,44,0,50,85,4,139,34,0,34,173
07/31/2003,BGM,NY,AEA,EN,Towers with Radar,0,70,38,15,123,0,0,40,5,45,0,70,78,20,168,36,4,40,208
08/01/2003,BGM,NY,AEA,EN,Towers with Radar,0,67,17,0,84,0,0,1,0,1,0,67,18,0,85,0,0,0,85
08/02/2003,BGM,NY,AEA,EN,Towers with Radar,0,35,17,0,52,0,0,8,0,8,0,35,25,0,60,8,0,8,68
08/03/2003,BGM,NY,AEA,EN,Towers with Radar,0,38,15,19,72,0,0,6,0,6,0,38,21,19,78,8,0,8,86
08/04/2003,BGM,NY,AEA,EN,Towers with Radar,0,60,31,0,91,0,0,3,0,3,0,60,34,0,94,10,0,10,104
08/05/2003,BGM,NY,AEA,EN,Towers with Radar,0,55,33,6,94,0,0,0,0,0,0,55,33,6,94,0,0,0,94
08/06/2003,BGM,NY,AEA,EN,Towers with Radar,0,64,21,0,85,0,0,3,0,3,0,64,24,0,88,2,0,2,90
08/07/2003,BGM,NY,AEA,EN,Towers with Radar,0,72,48,0,120,0,0,20,0,20,0,72,68,0,140,36,0,36,176
08/08/2003,BGM,NY,AEA,EN,Towers with Radar,0,53,15,0,68,0,0,0,0,0,0,53,15,0,68,10,0,10,78
08/09/2003,BGM,NY,AEA,EN,Towers with Radar,0,44,11,0,55,0,0,0,0,0,0,44,11,0,55,0,0,0,55
08/10/2003,BGM,NY,AEA,EN,Towers with Radar,0,47,14,0,61,0,0,2,0,2,0,47,16,0,63,0,0,0,63
08/11/2003,BGM,NY,AEA,EN,Towers with Radar,0,44,22,0,66,0,0,0,0,0,0,44,22,0,66,0,0,0,66
08/12/2003,BGM,NY,AEA,EN,Towers with Radar,0,53,25,13,91,0,0,6,0,6,0,53,31,13,97,16,10,26,123
08/13/2003,BGM,NY,AEA,EN,Towers with Radar,0,53,24,5,82,0,0,11,0,11,0,53,35,5,93,26,2,28,121
08/14/2003,BGM,NY,AEA,EN,Towers with Radar,0,44,26,0,70,0,0,40,0,40,0,44,66,0,110,36,0,36,146
08/15/2003,BGM,NY,AEA,EN,Towers with Radar,0,75,28,4,107,0,0,48,2,50,0,75,76,6,157,46,0,46,203
08/16/2003,BGM,NY,AEA,EN,Towers with Radar,0,52,5,0,57,0,0,4,0,4,0,52,9,0,61,0,0,0,61
08/17/2003,BGM,NY,AEA,EN,Towers with Radar,0,43,16,0,59,0,0,11,0,11,0,43,27,0,70,24,0,24,94
08/18/2003,BGM,NY,AEA,EN,Towers with Radar,0,52,34,8,94,0,0,22,0,22,0,52,56,8,116,0,0,0,116
08/19/2003,BGM,NY,AEA,EN,Towers with Radar,0,60,20,6,86,0,0,24,0,24,0,60,44,6,110,44,8,52,162
08/20/2003,BGM,NY,AEA,EN,Towers with Radar,0,66,15,6,87,0,0,34,0,34,0,66,49,6,121,20,0,20,141
08/21/2003,BGM,NY,AEA,EN,Towers with Radar,0,65,35,6,106,0,1,13,3,17,0,66,48,9,123,20,4,24,147
08/22/2003,BGM,NY,AEA,EN,Towers with Radar,0,50,21,0,71,0,0,3,0,3,0,50,24,0,74,0,0,0,74
08/23/2003,BGM,NY,AEA,EN,Towers with Radar,0,50,20,0,70,0,0,30,0,30,0,50,50,0,100,22,0,22,122
08/24/2003,BGM,NY,AEA,EN,Towers with Radar,0,40,21,0,61,0,0,41,0,41,0,40,62,0,102,6,0,6,108
08/25/2003,BGM,NY,AEA,EN,Towers with Radar,0,55,23,5,83,0,0,28,0,28,0,55,51,5,111,34,0,34,145
08/26/2003,BGM,NY,AEA,EN,Towers with Radar,0,51,6,2,59,0,0,5,0,5,0,51,11,2,64,8,0,8,72
08/27/2003,BGM,NY,AEA,EN,Towers with Radar,0,62,32,22,116,0,0,45,0,45,0,62,77,22,161,22,6,28,189
08/28/2003,BGM,NY,AEA,EN,Towers with Radar,0,51,21,4,76,0,0,40,0,40,0,51,61,4,116,10,1,11,127
08/29/2003,BGM,NY,AEA,EN,Towers with Radar,0,46,18,0,64,0,0,1,2,3,0,46,19,2,67,0,4,4,71
08/30/2003,BGM,NY,AEA,EN,Towers with Radar,0,37,18,0,55,0,0,6,0,6,0,37,24,0,61,0,0,0,61
08/31/2003,BGM,NY,AEA,EN,Towers with Radar,0,41,4,0,45,0,0,16,0,16,0,41,20,0,61,30,0,30,91
09/01/2003,BGM,NY,AEA,EN,Towers with Radar,0,60,13,0,73,0,0,0,0,0,0,60,13,0,73,0,0,0,73
09/02/2003,BGM,NY,AEA,EN,Towers with Radar,0,58,38,14,110,0,0,0,0,0,0,58,38,14,110,0,8,8,118
09/03/2003,BGM,NY,AEA,EN,Towers with Radar,0,50,18,0,68,0,0,0,0,0,0,50,18,0,68,2,0,2,70
09/04/2003,BGM,NY,AEA,EN,Towers with Radar,0,63,33,20,116,0,0,13,0,13,0,63,46,20,129,28,6,34,163
09/05/2003,BGM,NY,AEA,EN,Towers with Radar,0,49,26,13,88,0,0,20,0,20,0,49,46,13,108,6,8,14,122
09/06/2003,BGM,NY,AEA,EN,Towers with Radar,0,37,19,0,56,0,0,35,1,36,0,37,54,1,92,0,0,0,92
09/07/2003,BGM,NY,AEA,EN,Towers with Radar,0,37,11,0,48,0,0,26,0,26,0,37,37,0,74,24,0,24,98
09/08/2003,BGM,NY,AEA,EN,Towers with Radar,0,54,24,8,86,0,0,5,6,11,0,54,29,14,97,16,14,30,127
09/09/2003,BGM,NY,AEA,EN,Towers with Radar,0,40,8,2,50,0,0,26,0,26,0,40,34,2,76,36,0,36,112
09/10/2003,BGM,NY,AEA,EN,Towers with Radar,0,50,18,12,80,0,0,25,0,25,0,50,43,12,105,18,16,34,139
09/11/2003,BGM,NY,AEA,EN,Towers with Radar,0,43,17,9,69,0,0,31,0,31,0,43,48,9,100,22,6,28,128
09/12/2003,BGM,NY,AEA,EN,Towers with Radar,0,57,23,4,84,0,0,32,0,32,0,57,55,4,116,38,0,38,154
09/13/2003,BGM,NY,AEA,EN,Towers with Radar,0,46,37,0,83,0,0,0,0,0,0,46,37,0,83,0,0,0,83
09/14/2003,BGM,NY,AEA,EN,Towers with Radar,0,49,17,0,66,0,0,3,0,3,0,49,20,0,69,16,0,16,85
09/15/2003,BGM,NY,AEA,EN,Towers with Radar,0,44,9,1,54,0,0,0,0,0,0,44,9,1,54,0,0,0,54
09/16/2003,BGM,NY,AEA,EN,Towers with Radar,0,50,30,8,88,0,0,35,0,35,0,50,65,8,123,84,0,84,207
09/17/2003,BGM,NY,AEA,EN,Towers with Radar,0,48,28,15,91,0,0,26,0,26,0,48,54,15,117,14,8,22,139
09/18/2003,BGM,NY,AEA,EN,Towers with Radar,0,48,11,2,61,0,0,16,0,16,0,48,27,2,77,10,0,10,87
09/19/2003,BGM,NY,AEA,EN,Towers with Radar,0,46,3,0,49,0,0,1,0,1,0,46,4,0,50,0,0,0,50
09/20/2003,BGM,NY,AEA,EN,Towers with Radar,0,40,18,0,58,0,0,12,0,12,0,40,30,0,70,16,0,16,86
09/21/2003,BGM,NY,AEA,EN,Towers with Radar,0,47,20,0,67,0,0,30,0,30,0,47,50,0,97,20,0,20,117
09/22/2003,BGM,NY,AEA,EN,Towers with Radar,0,55,13,0,68,0,0,4,0,4,0,55,17,0,72,14,0,14,86
09/23/2003,BGM,NY,AEA,EN,Towers with Radar,0,50,23,2,75,0,0,9,0,9,0,50,32,2,84,0,0,0,84
09/24/2003,BGM,NY,AEA,EN,Towers with Radar,0,49,24,9,82,0,0,28,0,28,0,49,52,9,110,30,16,46,156
09/25/2003,BGM,NY,AEA,EN,Towers with Radar,0,65,36,0,101,0,0,1,0,1,0,65,37,0,102,0,0,0,102
09/26/2003,BGM,NY,AEA,EN,Towers with Radar,0,67,39,2,108,0,0,32,0,32,0,67,71,2,140,24,2,26,166
09/27/2003,BGM,NY,AEA,EN,Towers with Radar,0,41,11,0,52,0,0,3,0,3,0,41,14,0,55,12,0,12,67
09/28/2003,BGM,NY,AEA,EN,Towers with Radar,0,51,19,1,71,0,0,5,0,5,0,51,24,1,76,0,0,0,76
09/29/2003,BGM,NY,AEA,EN,Towers with Radar,0,52,21,0,73,0,0,9,0,9,0,52,30,0,82,12,0,12,94
09/30/2003,BGM,NY,AEA,EN,Towers with Radar,0,60,30,10,100,0,0,28,0,28,0,60,58,10,128,66,10,76,204
10/01/2003,BGM,NY,AEA,EN,Towers with Radar,0,56,43,5,104,0,0,11,0,11,0,56,54,5,115,14,0,14,129
10/02/2003,BGM,NY,AEA,EN,Towers with Radar,0,49,26,0,75,0,0,4,0,4,0,49,30,0,79,6,0,6,85
10/03/2003,BGM,NY,AEA,EN,Towers with Radar,0,59,26,0,85,0,0,28,3,31,0,59,54,3,116,18,2,20,136
10/04/2003,BGM,NY,AEA,EN,Towers with Radar,0,38,10,0,48,0,0,0,0,0,0,38,10,0,48,6,0,6,54
10/05/2003,BGM,NY,AEA,EN,Towers with Radar,0,44,6,0,50,0,0,14,0,14,0,44,20,0,64,0,0,0,64
10/06/2003,BGM,NY,AEA,EN,Towers with Radar,0,60,23,4,87,0,0,26,0,26,0,60,49,4,113,54,0,54,167
10/07/2003,BGM,NY,AEA,EN,Towers with Radar,0,50,13,5,68,0,0,25,0,25,0,50,38,5,93,20,0,20,113
10/08/2003,BGM,NY,AEA,EN,Towers with Radar,0,50,26,15,91,0,1,25,0,26,0,51,51,15,117,30,8,38,155
10/09/2003,BGM,NY,AEA,EN,Towers with Radar,0,56,20,12,88,0,0,37,0,37,0,56,57,12,125,18,19,37,162
10/10/2003,BGM,NY,AEA,EN,Towers with Radar,0,45,19,10,74,0,0,27,1,28,0,45,46,11,102,46,36,82,184
10/11/2003,BGM,NY,AEA,EN,Towers with Radar,0,38,10,0,48,0,0,26,3,29,0,38,36,3,77,36,0,36,113
10/12/2003,BGM,NY,AEA,EN,Towers with Radar,0,36,24,0,60,0,0,19,0,19,0,36,43,0,79,10,0,10,89
10/13/2003,BGM,NY,AEA,EN,Towers with Radar,0,44,15,0,59,0,0,35,0,35,0,44,50,0,94,18,0,18,112
10/14/2003,BGM,NY,AEA,EN,Towers with Radar,0,46,19,7,72,0,0,23,0,23,0,46,42,7,95,22,0,22,117
10/15/2003,BGM,NY,AEA,EN,Towers with Radar,0,62,9,0,71,0,0,0,0,0,0,62,9,0,71,0,0,0,71
10/16/2003,BGM,NY,AEA,EN,Towers with Radar,0,51,32,11,94,0,2,27,2,31,0,53,59,13,125,6,14,20,145
10/17/2003,BGM,NY,AEA,EN,Towers with Radar,0,61,34,0,95,0,0,42,0,42,0,61,76,0,137,0,0,0,137
10/18/2003,BGM,NY,AEA,EN,Towers with Radar,0,34,18,0,52,0,0,18,0,18,0,34,36,0,70,16,0,16,86
10/19/2003,BGM,NY,AEA,EN,Towers with Radar,0,41,9,0,50,0,0,2,0,2,0,41,11,0,52,12,0,12,64
10/20/2003,BGM,NY,AEA,EN,Towers with Radar,0,50,34,11,95,0,0,28,0,28,0,50,62,11,123,56,0,56,179
10/21/2003,BGM,NY,AEA,EN,Towers with Radar,0,58,16,5,79,0,0,5,0,5,0,58,21,5,84,16,0,16,100
10/22/2003,BGM,NY,AEA,EN,Towers with Radar,0,59,13,21,93,0,0,1,0,1,0,59,14,21,94,0,6,6,100
10/23/2003,BGM,NY,AEA,EN,Towers with Radar,0,61,44,6,111,0,0,0,0,0,0,61,44,6,111,0,0,0,111
10/24/2003,BGM,NY,AEA,EN,Towers with Radar,0,56,38,4,98,0,0,16,0,16,0,56,54,4,114,2,0,2,116
10/25/2003,BGM,NY,AEA,EN,Towers with Radar,0,45,4,0,49,0,0,7,0,7,0,45,11,0,56,0,0,0,56
10/26/2003,BGM,NY,AEA,EN,Towers with Radar,0,55,38,0,93,0,0,1,0,1,0,55,39,0,94,4,0,4,98
10/27/2003,BGM,NY,AEA,EN,Towers with Radar,0,70,24,0,94,0,0,0,0,0,0,70,24,0,94,0,0,0,94
10/28/2003,BGM,NY,AEA,EN,Towers with Radar,0,53,24,2,79,0,0,10,0,10,0,53,34,2,89,18,18,36,125
10/29/2003,BGM,NY,AEA,EN,Towers with Radar,0,50,24,2,76,0,0,3,0,3,0,50,27,2,79,0,0,0,79
10/30/2003,BGM,NY,AEA,EN,Towers with Radar,0,63,68,6,137,0,0,31,0,31,0,63,99,6,168,20,0,20,188
10/31/2003,BGM,NY,AEA,EN,Towers with Radar,0,62,32,0,94,0,2,27,0,29,0,64,59,0,123,30,0,30,153
11/01/2003,BGM,NY,AEA,EN,Towers with Radar,0,41,21,0,62,0,0,4,0,4,0,41,25,0,66,10,0,10,76
11/02/2003,BGM,NY,AEA,EN,Towers with Radar,0,47,27,0,74,0,0,1,0,1,0,47,28,0,75,0,0,0,75
11/03/2003,BGM,NY,AEA,EN,Towers with Radar,0,47,23,0,70,0,0,9,0,9,0,47,32,0,79,2,0,2,81
11/04/2003,BGM,NY,AEA,EN,Towers with Radar,0,42,25,6,73,0,0,6,0,6,0,42,31,6,79,14,0,14,93
11/05/2003,BGM,NY,AEA,EN,Towers with Radar,0,55,21,4,80,0,0,0,0,0,0,55,21,4,80,0,0,0,80
11/06/2003,BGM,NY,AEA,EN,Towers with Radar,0,60,54,14,128,0,0,17,0,17,0,60,71,14,145,28,0,28,173
11/07/2003,BGM,NY,AEA,EN,Towers with Radar,0,46,16,8,70,0,0,36,0,36,0,46,52,8,106,36,0,36,142
11/08/2003,BGM,NY,AEA,EN,Towers with Radar,0,46,8,0,54,0,0,19,0,19,0,46,27,0,73,16,0,16,89
11/09/2003,BGM,NY,AEA,EN,Towers with Radar,0,55,10,0,65,0,0,56,0,56,0,55,66,0,121,44,0,44,165
11/10/2003,BGM,NY,AEA,EN,Towers with Radar,0,58,27,0,85,0,0,39,0,39,0,58,66,0,124,38,0,38,162
11/11/2003,BGM,NY,AEA,EN,Towers with Radar,0,51,21,1,73,0,0,2,0,2,0,51,23,1,75,0,0,0,75
11/12/2003,BGM,NY,AEA,EN,Towers with Radar,0,61,37,0,98,0,0,25,0,25,0,61,62,0,123,20,0,20,143
11/13/2003,BGM,NY,AEA,EN,Towers with Radar,0,53,14,0,67,0,0,1,0,1,0,53,15,0,68,2,0,2,70
11/14/2003,BGM,NY,AEA,EN,Towers with Radar,0,46,4,0,50,0,0,0,0,0,0,46,4,0,50,0,0,0,50
11/15/2003,BGM,NY,AEA,EN,Towers with Radar,0,43,7,2,52,0,0,12,0,12,0,43,19,2,64,22,0,22,86
11/16/2003,BGM,NY,AEA,EN,Towers with Radar,0,50,6,0,56,0,0,4,0,4,0,50,10,0,60,0,0,0,60
11/17/2003,BGM,NY,AEA,EN,Towers with Radar,0,40,15,0,55,0,0,0,0,0,0,40,15,0,55,0,0,0,55
11/18/2003,BGM,NY,AEA,EN,Towers with Radar,0,42,22,2,66,0,0,4,0,4,0,42,26,2,70,0,0,0,70
11/19/2003,BGM,NY,AEA,EN,Towers with Radar,0,50,14,3,67,0,0,0,0,0,0,50,14,3,67,0,0,0,67
11/20/2003,BGM,NY,AEA,EN,Towers with Radar,0,55,26,10,91,0,0,9,0,9,0,55,35,10,100,20,4,24,124
11/21/2003,BGM,NY,AEA,EN,Towers with Radar,0,51,43,2,96,0,0,46,2,48,0,51,89,4,144,24,0,24,168
11/22/2003,BGM,NY,AEA,EN,Towers with Radar,0,44,10,8,62,0,0,30,0,30,0,44,40,8,92,6,16,22,114
11/23/2003,BGM,NY,AEA,EN,Towers with Radar,0,42,15,0,57,0,0,44,0,44,0,42,59,0,101,36,0,36,137
11/24/2003,BGM,NY,AEA,EN,Towers with Radar,0,40,19,0,59,0,0,4,0,4,0,40,23,0,63,0,0,0,63
11/25/2003,BGM,NY,AEA,EN,Towers with Radar,0,47,16,0,63,0,0,14,0,14,0,47,30,0,77,20,0,20,97
11/26/2003,BGM,NY,AEA,EN,Towers with Radar,0,50,22,0,72,0,0,14,0,14,0,50,36,0,86,10,0,10,96
11/27/2003,BGM,NY,AEA,EN,Towers with Radar,0,40,2,0,42,0,0,6,0,6,0,40,8,0,48,0,0,0,48
11/28/2003,BGM,NY,AEA,EN,Towers with Radar,0,82,9,0,91,0,0,0,0,0,0,82,9,0,91,0,0,0,91
11/29/2003,BGM,NY,AEA,EN,Towers with Radar,0,58,8,0,66,0,0,0,0,0,0,58,8,0,66,0,0,0,66
11/30/2003,BGM,NY,AEA,EN,Towers with Radar,0,50,14,0,64,0,0,8,0,8,0,50,22,0,72,2,0,2,74
12/01/2003,BGM,NY,AEA,EN,Towers with Radar,0,61,17,0,78,0,0,0,0,0,0,61,17,0,78,0,0,0,78
12/02/2003,BGM,NY,AEA,EN,Towers with Radar,0,48,19,0,67,0,0,0,0,0,0,48,19,0,67,0,0,0,67
12/03/2003,BGM,NY,AEA,EN,Towers with Radar,0,65,24,3,92,0,0,25,0,25,0,65,49,3,117,18,0,18,135
12/04/2003,BGM,NY,AEA,EN,Towers with Radar,0,49,26,0,75,0,0,19,0,19,0,49,45,0,94,4,0,4,98
12/05/2003,BGM,NY,AEA,EN,Towers with Radar,0,52,18,0,70,0,2,4,0,6,0,54,22,0,76,4,0,4,80
12/06/2003,BGM,NY,AEA,EN,Towers with Radar,0,35,1,0,36,0,0,0,0,0,0,35,1,0,36,0,0,0,36
12/07/2003,BGM,NY,AEA,EN,Towers with Radar,0,37,6,0,43,0,0,0,0,0,0,37,6,0,43,0,0,0,43
12/08/2003,BGM,NY,AEA,EN,Towers with Radar,0,53,19,4,76,0,0,1,0,1,0,53,20,4,77,0,0,0,77
12/09/2003,BGM,NY,AEA,EN,Towers with Radar,0,46,23,0,69,0,0,44,0,44,0,46,67,0,113,18,0,18,131
12/10/2003,BGM,NY,AEA,EN,Towers with Radar,0,63,20,2,85,0,0,18,0,18,0,63,38,2,103,6,0,6,109
12/11/2003,BGM,NY,AEA,EN,Towers with Radar,0,70,22,0,92,0,0,0,0,0,0,70,22,0,92,0,0,0,92
12/12/2003,BGM,NY,AEA,EN,Towers with Radar,0,50,14,0,64,0,0,5,0,5,0,50,19,0,69,14,0,14,83
12/13/2003,BGM,NY,AEA,EN,Towers with Radar,0,35,18,4,57,0,0,3,0,3,0,35,21,4,60,0,0,0,60
12/14/2003,BGM,NY,AEA,EN,Towers with Radar,0,24,3,0,27,0,0,0,0,0,0,24,3,0,27,0,0,0,27
12/15/2003,BGM,NY,AEA,EN,Towers with Radar,0,43,8,1,52,0,0,0,0,0,0,43,8,1,52,0,0,0,52
12/16/2003,BGM,NY,AEA,EN,Towers with Radar,0,46,27,4,77,0,0,20,0,20,0,46,47,4,97,46,4,50,147
12/17/2003,BGM,NY,AEA,EN,Towers with Radar,0,43,14,0,57,0,0,0,0,0,0,43,14,0,57,0,0,0,57
12/18/2003,BGM,NY,AEA,EN,Towers with Radar,0,46,22,4,72,0,0,0,0,0,0,46,22,4,72,0,0,0,72
12/19/2003,BGM,NY,AEA,EN,Towers with Radar,0,54,22,0,76,0,0,15,0,15,0,54,37,0,91,48,0,48,139
12/20/2003,BGM,NY,AEA,EN,Towers with Radar,0,44,20,0,64,0,0,0,0,0,0,44,20,0,64,0,0,0,64
12/21/2003,BGM,NY,AEA,EN,Towers with Radar,0,31,12,0,43,0,0,12,0,12,0,31,24,0,55,0,0,0,55
12/22/2003,BGM,NY,AEA,EN,Towers with Radar,0,44,14,0,58,0,0,6,0,6,0,44,20,0,64,0,0,0,64
12/23/2003,BGM,NY,AEA,EN,Towers with Radar,0,61,20,0,81,0,0,6,0,6,0,61,26,0,87,14,0,14,101
12/24/2003,BGM,NY,AEA,EN,Towers with Radar,0,53,2,0,55,0,0,0,0,0,0,53,2,0,55,0,0,0,55
12/25/2003,BGM,NY,AEA,EN,Towers with Radar,0,32,2,0,34,0,0,0,0,0,0,32,2,0,34,0,0,0,34
12/26/2003,BGM,NY,AEA,EN,Towers with Radar,0,46,15,0,61,0,0,2,0,2,0,46,17,0,63,0,0,0,63
12/27/2003,BGM,NY,AEA,EN,Towers with Radar,0,39,28,0,67,0,0,17,0,17,0,39,45,0,84,4,0,4,88
12/28/2003,BGM,NY,AEA,EN,Towers with Radar,0,42,10,0,52,0,0,17,0,17,0,42,27,0,69,14,0,14,83
12/29/2003,BGM,NY,AEA,EN,Towers with Radar,0,45,6,0,51,0,0,33,0,33,0,45,39,0,84,32,0,32,116
12/30/2003,BGM,NY,AEA,EN,Towers with Radar,0,55,2,0,57,0,0,0,0,0,0,55,2,0,57,0,0,0,57
12/31/2003,BGM,NY,AEA,EN,Towers with Radar,0,69,6,0,75,0,0,10,0,10,0,69,16,0,85,14,0,14,99
01/01/2004,BGM,NY,AEA,EN,Towers with Radar,0,50,12,0,62,0,0,10,0,10,0,50,22,0,72,4,0,4,76
01/02/2004,BGM,NY,AEA,EN,Towers with Radar,0,46,4,0,50,0,0,6,0,6,0,46,10,0,56,12,0,12,68
01/03/2004,BGM,NY,AEA,EN,Towers with Radar,0,57,14,4,75,0,0,5,0,5,0,57,19,4,80,10,2,12,92
01/04/2004,BGM,NY,AEA,EN,Towers with Radar,0,44,4,0,48,0,0,0,0,0,0,44,4,0,48,0,0,0,48
01/05/2004,BGM,NY,AEA,EN,Towers with Radar,0,49,2,2,53,0,0,0,0,0,0,49,2,2,53,0,0,0,53
01/06/2004,BGM,NY,AEA,EN,Towers with Radar,0,62,11,5,78,0,0,0,0,0,0,62,11,5,78,2,0,2,80
01/07/2004,BGM,NY,AEA,EN,Towers with Radar,0,63,24,8,95,0,0,0,0,0,0,63,24,8,95,0,0,0,95
01/08/2004,BGM,NY,AEA,EN,Towers with Radar,0,74,34,6,114,0,0,8,0,8,0,74,42,6,122,0,0,0,122
01/09/2004,BGM,NY,AEA,EN,Towers with Radar,0,60,20,0,80,0,0,20,0,20,0,60,40,0,100,14,0,14,114
01/10/2004,BGM,NY,AEA,EN,Towers with Radar,0,34,3,0,37,0,0,7,0,7,0,34,10,0,44,0,0,0,44
01/11/2004,BGM,NY,AEA,EN,Towers with Radar,0,48,11,0,59,0,0,1,0,1,0,48,12,0,60,0,0,0,60
01/12/2004,BGM,NY,AEA,EN,Towers with Radar,0,46,4,4,54,0,0,0,0,0,0,46,4,4,54,0,0,0,54
01/13/2004,BGM,NY,AEA,EN,Towers with Radar,0,59,40,6,105,0,0,0,0,0,0,59,40,6,105,0,3,3,108
01/14/2004,BGM,NY,AEA,EN,Towers with Radar,0,55,32,0,87,0,0,1,0,1,0,55,33,0,88,22,0,22,110
01/15/2004,BGM,NY,AEA,EN,Towers with Radar,0,50,20,4,74,0,0,8,0,8,0,50,28,4,82,0,0,0,82
01/16/2004,BGM,NY,AEA,EN,Towers with Radar,0,66,28,2,96,0,0,1,0,1,0,66,29,2,97,0,0,0,97
01/17/2004,BGM,NY,AEA,EN,Towers with Radar,0,51,43,0,94,0,0,28,0,28,0,51,71,0,122,0,0,0,122
01/18/2004,BGM,NY,AEA,EN,Towers with Radar,0,40,2,0,42,0,0,0,0,0,0,40,2,0,42,0,0,0,42
01/19/2004,BGM,NY,AEA,EN,Towers with Radar,0,64,32,0,96,0,0,0,0,0,0,64,32,0,96,0,0,0,96
01/20/2004,BGM,NY,AEA,EN,Towers with Radar,0,83,35,2,120,0,0,1,0,1,0,83,36,2,121,0,0,0,121
01/21/2004,BGM,NY,AEA,EN,Towers with Radar,0,58,19,6,83,0,0,18,1,19,0,58,37,7,102,42,0,42,144
01/22/2004,BGM,NY,AEA,EN,Towers with Radar,0,81,37,0,118,0,0,0,0,0,0,81,37,0,118,10,0,10,128
01/23/2004,BGM,NY,AEA,EN,Towers with Radar,0,59,14,0,73,0,0,4,0,4,0,59,18,0,77,0,0,0,77
01/24/2004,BGM,NY,AEA,EN,Towers with Radar,0,42,4,0,46,0,0,0,0,0,0,42,4,0,46,0,0,0,46
01/25/2004,BGM,NY,AEA,EN,Towers with Radar,0,63,1,0,64,0,1,7,0,8,0,64,8,0,72,8,0,8,80
01/26/2004,BGM,NY,AEA,EN,Towers with Radar,0,57,12,0,69,0,0,1,0,1,0,57,13,0,70,14,0,14,84
01/27/2004,BGM,NY,AEA,EN,Towers with Radar,0,52,6,0,58,0,0,0,0,0,0,52,6,0,58,0,0,0,58
01/28/2004,BGM,NY,AEA,EN,Towers with Radar,0,48,16,0,64,0,0,0,0,0,0,48,16,0,64,0,0,0,64
01/29/2004,BGM,NY,AEA,EN,Towers with Radar,0,65,32,0,97,0,0,0,0,0,0,65,32,0,97,6,0,6,103
01/30/2004,BGM,NY,AEA,EN,Towers with Radar,0,67,37,2,106,0,0,18,2,20,0,67,55,4,126,12,0,12,138
01/31/2004,BGM,NY,AEA,EN,Towers with Radar,0,36,7,0,43,0,0,0,0,0,0,36,7,0,43,0,0,0,43
02/01/2004,BGM,NY,AEA,EN,Towers with Radar,0,45,33,0,78,0,0,20,0,20,0,45,53,0,98,14,0,14,112
02/02/2004,BGM,NY,AEA,EN,Towers with Radar,0,53,10,3,66,0,0,4,0,4,0,53,14,3,70,8,0,8,78
02/03/2004,BGM,NY,AEA,EN,Towers with Radar,0,45,5,1,51,0,0,0,0,0,0,45,5,1,51,0,0,0,51
02/04/2004,BGM,NY,AEA,EN,Towers with Radar,0,48,15,0,63,0,0,0,0,0,0,48,15,0,63,30,0,30,93
02/05/2004,BGM,NY,AEA,EN,Towers with Radar,0,46,14,0,60,0,0,4,0,4,0,46,18,0,64,38,0,38,102
02/06/2004,BGM,NY,AEA,EN,Towers with Radar,0,36,0,0,36,0,0,0,0,0,0,36,0,0,36,0,0,0,36
02/07/2004,BGM,NY,AEA,EN,Towers with Radar,0,50,4,0,54,0,0,0,0,0,0,50,4,0,54,0,0,0,54
02/08/2004,BGM,NY,AEA,EN,Towers with Radar,0,44,11,0,55,0,0,5,0,5,0,44,16,0,60,16,0,16,76
02/09/2004,BGM,NY,AEA,EN,Towers with Radar,0,48,12,4,64,0,0,7,0,7,0,48,19,4,71,8,0,8,79
02/10/2004,BGM,NY,AEA,EN,Towers with Radar,0,52,30,0,82,0,0,10,0,10,0,52,40,0,92,12,0,12,104
02/11/2004,BGM,NY,AEA,EN,Towers with Radar,0,49,17,14,80,0,0,1,0,1,0,49,18,14,81,18,14,32,113
02/12/2004,BGM,NY,AEA,EN,Towers with Radar,0,52,36,8,96,0,0,2,0,2,0,52,38,8,98,0,0,0,98
02/13/2004,BGM,NY,AEA,EN,Towers with Radar,0,48,13,4,65,0,0,14,0,14,0,48,27,4,79,31,0,31,110
02/14/2004,BGM,NY,AEA,EN,Towers with Radar,0,35,4,0,39,0,0,2,0,2,0,35,6,0,41,0,0,0,41
02/15/2004,BGM,NY,AEA,EN,Towers with Radar,0,35,8,0,43,0,0,9,0,9,0,35,17,0,52,12,0,12,64
02/16/2004,BGM,NY,AEA,EN,Towers with Radar,0,39,9,0,48,0,0,15,0,15,0,39,24,0,63,32,0,32,95
02/17/2004,BGM,NY,AEA,EN,Towers with Radar,0,40,9,4,53,0,0,14,0,14,0,40,23,4,67,30,0,30,97
02/18/2004,BGM,NY,AEA,EN,Towers with Radar,0,39,43,18,100,0,0,31,0,31,0,39,74,18,131,30,8,38,169
02/19/2004,BGM,NY,AEA,EN,Towers with Radar,0,45,21,0,66,0,0,0,0,0,0,45,21,0,66,40,0,40,106
02/20/2004,BGM,NY,AEA,EN,Towers with Radar,0,45,13,0,58,0,0,10,0,10,0,45,23,0,68,0,0,0,68
02/21/2004,BGM,NY,AEA,EN,Towers with Radar,0,33,2,0,35,0,0,0,0,0,0,33,2,0,35,0,0,0,35
02/22/2004,BGM,NY,AEA,EN,Towers with Radar,0,41,13,0,54,0,0,5,0,5,0,41,18,0,59,2,0,2,61
02/23/2004,BGM,NY,AEA,EN,Towers with Radar,0,48,26,0,74,0,0,28,8,36,0,48,54,8,110,0,0,0,110
02/24/2004,BGM,NY,AEA,EN,Towers with Radar,0,43,12,6,61,0,0,3,0,3,0,43,15,6,64,6,0,6,70
02/25/2004,BGM,NY,AEA,EN,Towers with Radar,0,47,16,10,73,0,0,15,4,19,0,47,31,14,92,30,4,34,126
02/26/2004,BGM,NY,AEA,EN,Towers with Radar,0,50,22,2,74,0,1,38,0,39,0,51,60,2,113,8,0,8,121
02/27/2004,BGM,NY,AEA,EN,Towers with Radar,0,48,18,16,82,0,0,38,0,38,0,48,56,16,120,36,14,50,170
02/28/2004,BGM,NY,AEA,EN,Towers with Radar,0,35,8,0,43,0,0,37,0,37,0,35,45,0,80,20,0,20,100
02/29/2004,BGM,NY,AEA,EN,Towers with Radar,0,37,18,4,59,0,0,48,0,48,0,37,66,4,107,37,6,43,150
03/01/2004,BGM,NY,AEA,EN,Towers with Radar,0,50,20,0,70,0,0,20,0,20,0,50,40,0,90,2,0,2,92
03/02/2004,BGM,NY,AEA,EN,Towers with Radar,0,42,7,3,52,0,0,7,0,7,0,42,14,3,59,24,0,24,83
03/03/2004,BGM,NY,AEA,EN,Towers with Radar,0,60,16,4,80,0,0,18,0,18,0,60,34,4,98,24,0,24,122
03/04/2004,BGM,NY,AEA,EN,Towers with Radar,0,59,14,3,76,0,0,0,0,0,0,59,14,3,76,2,0,2,78
03/05/2004,BGM,NY,AEA,EN,Towers with Radar,0,65,10,0,75,0,0,0,0,0,0,65,10,0,75,0,0,0,75
03/06/2004,BGM,NY,AEA,EN,Towers with Radar,0,40,20,0,60,0,0,0,0,0,0,40,20,0,60,10,0,10,70
03/07/2004,BGM,NY,AEA,EN,Towers with Radar,0,44,13,0,57,0,0,7,0,7,0,44,20,0,64,14,0,14,78
03/08/2004,BGM,NY,AEA,EN,Towers with Radar,0,46,4,0,50,0,0,0,0,0,0,46,4,0,50,0,0,0,50
03/09/2004,BGM,NY,AEA,EN,Towers with Radar,0,50,31,0,81,0,0,2,0,2,0,50,33,0,83,24,0,24,107
03/10/2004,BGM,NY,AEA,EN,Towers with Radar,0,59,53,0,112,0,0,17,0,17,0,59,70,0,129,54,0,54,183
03/11/2004,BGM,NY,AEA,EN,Towers with Radar,0,63,31,0,94,0,0,25,0,25,0,63,56,0,119,20,0,20,139
03/12/2004,BGM,NY,AEA,EN,Towers with Radar,0,46,19,7,72,0,0,4,0,4,0,46,23,7,76,0,0,0,76
03/13/2004,BGM,NY,AEA,EN,Towers with Radar,0,40,12,0,52,0,5,4,0,9,0,45,16,0,61,12,0,12,73
03/14/2004,BGM,NY,AEA,EN,Towers with Radar,0,45,11,0,56,0,0,19,0,19,0,45,30,0,75,28,0,28,103
03/15/2004,BGM,NY,AEA,EN,Towers with Radar,0,44,15,2,61,0,0,6,0,6,0,44,21,2,67,0,0,0,67
03/16/2004,BGM,NY,AEA,EN,Towers with Radar,0,31,12,2,45,0,0,0,0,0,0,31,12,2,45,0,0,0,45
03/17/2004,BGM,NY,AEA,EN,Towers with Radar,0,45,19,2,66,0,0,0,0,0,0,45,19,2,66,10,0,10,76
03/18/2004,BGM,NY,AEA,EN,Towers with Radar,0,48,18,2,68,0,0,4,0,4,0,48,22,2,72,8,0,8,80
03/19/2004,BGM,NY,AEA,EN,Towers with Radar,0,49,8,0,57,0,0,12,0,12,0,49,20,0,69,42,0,42,111
03/20/2004,BGM,NY,AEA,EN,Towers with Radar,0,42,27,0,69,0,0,2,0,2,0,42,29,0,71,0,0,0,71
03/21/2004,BGM,NY,AEA,EN,Towers with Radar,0,45,7,0,52,0,0,1,0,1,0,45,8,0,53,0,0,0,53
03/22/2004,BGM,NY,AEA,EN,Towers with Radar,0,40,17,2,59,0,0,3,0,3,0,40,20,2,62,4,0,4,66
03/23/2004,BGM,NY,AEA,EN,Towers with Radar,0,48,26,0,74,0,0,26,0,26,0,48,52,0,100,12,0,12,112
03/24/2004,BGM,NY,AEA,EN,Towers with Radar,0,50,20,6,76,0,0,10,0,10,0,50,30,6,86,16,0,16,102
03/25/2004,BGM,NY,AEA,EN,Towers with Radar,0,49,36,3,88,0,0,2,0,2,0,49,38,3,90,8,0,8,98
03/26/2004,BGM,NY,AEA,EN,Towers with Radar,0,45,11,2,58,0,0,14,0,14,0,45,25,2,72,38,0,38,110
03/27/2004,BGM,NY,AEA,EN,Towers with Radar,0,38,33,0,71,0,0,3,0,3,0,38,36,0,74,0,0,0,74
03/28/2004,BGM,NY,AEA,EN,Towers with Radar,0,48,9,0,57,0,0,50,0,50,0,48,59,0,107,6,0,6,113
03/29/2004,BGM,NY,AEA,EN,Towers with Radar,0,42,19,0,61,0,0,14,0,14,0,42,33,0,75,20,0,20,95
03/30/2004,BGM,NY,AEA,EN,Towers with Radar,0,48,20,0,68,0,0,29,0,29,0,48,49,0,97,52,0,52,149
03/31/2004,BGM,NY,AEA,EN,Towers with Radar,0,56,24,3,83,0,0,0,0,0,0,56,24,3,83,20,0,20,103
04/01/2004,BGM,NY,AEA,EN,Towers with Radar,0,43,23,2,68,0,0,0,0,0,0,43,23,2,68,0,0,0,68
04/02/2004,BGM,NY,AEA,EN,Towers with Radar,0,60,13,0,73,0,0,0,0,0,0,60,13,0,73,0,0,0,73
04/03/2004,BGM,NY,AEA,EN,Towers with Radar,0,37,2,0,39,0,0,0,0,0,0,37,2,0,39,0,0,0,39
04/04/2004,BGM,NY,AEA,EN,Towers with Radar,0,47,1,0,48,0,0,0,0,0,0,47,1,0,48,0,0,0,48
04/05/2004,BGM,NY,AEA,EN,Towers with Radar,0,39,6,9,54,0,0,2,0,2,0,39,8,9,56,8,0,8,64
04/06/2004,BGM,NY,AEA,EN,Towers with Radar,0,60,24,6,90,0,0,24,0,24,0,60,48,6,114,26,6,32,146
04/07/2004,BGM,NY,AEA,EN,Towers with Radar,0,54,13,4,71,0,0,3,0,3,0,54,16,4,74,16,0,16,90
04/08/2004,BGM,NY,AEA,EN,Towers with Radar,0,45,29,10,84,0,0,16,0,16,0,45,45,10,100,18,24,42,142
04/09/2004,BGM,NY,AEA,EN,Towers with Radar,0,57,2,0,59,0,0,7,0,7,0,57,9,0,66,26,0,26,92
04/10/2004,BGM,NY,AEA,EN,Towers with Radar,0,36,7,2,45,0,0,24,0,24,0,36,31,2,69,35,0,35,104
04/11/2004,BGM,NY,AEA,EN,Towers with Radar,0,41,1,0,42,0,0,16,0,16,0,41,17,0,58,2,0,2,60
04/12/2004,BGM,NY,AEA,EN,Towers with Radar,0,34,9,2,45,0,0,6,0,6,0,34,15,2,51,0,0,0,51
04/13/2004,BGM,NY,AEA,EN,Towers with Radar,0,45,7,1,53,0,0,1,0,1,0,45,8,1,54,0,0,0,54
04/14/2004,BGM,NY,AEA,EN,Towers with Radar,0,76,32,0,108,0,0,0,0,0,0,76,32,0,108,0,0,0,108
04/15/2004,BGM,NY,AEA,EN,Towers with Radar,0,50,32,0,82,0,0,13,0,13,0,50,45,0,95,14,0,14,109
04/16/2004,BGM,NY,AEA,EN,Towers with Radar,0,40,8,2,50,0,0,10,0,10,0,40,18,2,60,78,0,78,138
04/17/2004,BGM,NY,AEA,EN,Towers with Radar,0,28,0,0,28,0,0,27,0,27,0,28,27,0,55,0,0,0,55
04/18/2004,BGM,NY,AEA,EN,Towers with Radar,0,48,18,0,66,0,0,29,0,29,0,48,47,0,95,14,0,14,109
04/19/2004,BGM,NY,AEA,EN,Towers with Radar,0,41,5,5,51,0,0,4,0,4,0,41,9,5,55,4,14,18,73
04/20/2004,BGM,NY,AEA,EN,Towers with Radar,0,48,26,2,76,0,0,21,0,21,0,48,47,2,97,42,0,42,139
04/21/2004,BGM,NY,AEA,EN,Towers with Radar,0,44,14,0,58,0,0,8,0,8,0,44,22,0,66,16,0,16,82
04/22/2004,BGM,NY,AEA,EN,Towers with Radar,0,53,33,0,86,0,0,13,0,13,0,53,46,0,99,42,0,42,141
04/23/2004,BGM,NY,AEA,EN,Towers with Radar,0,53,14,8,75,0,0,0,0,0,0,53,14,8,75,12,0,12,87
04/24/2004,BGM,NY,AEA,EN,Towers with Radar,0,34,8,0,42,0,0,16,0,16,0,34,24,0,58,6,0,6,64
04/25/2004,BGM,NY,AEA,EN,Towers with Radar,0,34,6,0,40,0,0,7,0,7,0,34,13,0,47,4,0,4,51
04/26/2004,BGM,NY,AEA,EN,Towers with Radar,0,43,12,0,55,0,0,2,0,2,0,43,14,0,57,0,0,0,57
04/27/2004,BGM,NY,AEA,EN,Towers with Radar,0,24,26,0,50,0,0,6,0,6,0,24,32,0,56,6,0,6,62
04/28/2004,BGM,NY,AEA,EN,Towers with Radar,0,50,18,18,86,0,0,6,0,6,0,50,24,18,92,18,8,26,118
04/29/2004,BGM,NY,AEA,EN,Towers with Radar,0,49,16,7,72,0,0,31,0,31,0,49,47,7,103,20,0,20,123
04/30/2004,BGM,NY,AEA,EN,Towers with Radar,0,45,4,2,51,0,0,34,0,34,0,45,38,2,85,18,0,18,103
05/01/2004,BGM,NY,AEA,EN,Towers with Radar,0,37,13,10,60,0,0,11,0,11,0,37,24,10,71,34,0,34,105
05/02/2004,BGM,NY,AEA,EN,Towers with Radar,0,39,14,0,53,0,0,2,0,2,0,39,16,0,55,6,0,6,61
05/03/2004,BGM,NY,AEA,EN,Towers with Radar,0,36,9,14,59,0,0,5,0,5,0,36,14,14,64,4,0,4,68
05/04/2004,BGM,NY,AEA,EN,Towers with Radar,0,61,13,0,74,0,0,19,0,19,0,61,32,0,93,26,0,26,119
05/05/2004,BGM,NY,AEA,EN,Towers with Radar,0,54,18,10,82,0,0,3,0,3,0,54,21,10,85,0,20,20,105
05/06/2004,BGM,NY,AEA,EN,Towers with Radar,0,53,28,0,81,0,0,35,0,35,0,53,63,0,116,0,20,20,136
05/07/2004,BGM,NY,AEA,EN,Towers with Radar,0,38,20,2,60,0,0,13,0,13,0,38,33,2,73,12,0,12,85
05/08/2004,BGM,NY,AEA,EN,Towers with Radar,0,40,6,0,46,0,0,18,0,18,0,40,24,0,64,0,0,0,64
05/09/2004,BGM,NY,AEA,EN,Towers with Radar,0,41,7,0,48,0,0,2,0,2,0,41,9,0,50,0,0,0,50
05/10/2004,BGM,NY,AEA,EN,Towers with Radar,0,39,11,10,60,0,0,12,0,12,0,39,23,10,72,2,14,16,88
05/11/2004,BGM,NY,AEA,EN,Towers with Radar,0,72,20,5,97,0,0,18,0,18,0,72,38,5,115,18,0,18,133
05/12/2004,BGM,NY,AEA,EN,Towers with Radar,0,47,24,4,75,0,0,20,0,20,0,47,44,4,95,0,0,0,95
05/13/2004,BGM,NY,AEA,EN,Towers with Radar,0,49,16,0,65,0,0,13,0,13,0,49,29,0,78,22,0,22,100
05/14/2004,BGM,NY,AEA,EN,Towers with Radar,0,52,43,14,109,0,0,16,0,16,0,52,59,14,125,26,4,30,155
05/15/2004,BGM,NY,AEA,EN,Towers with Radar,0,35,5,0,40,0,0,0,0,0,0,35,5,0,40,10,0,10,50
05/16/2004,BGM,NY,AEA,EN,Towers with Radar,0,41,14,0,55,0,0,12,0,12,0,41,26,0,67,6,0,6,73
05/17/2004,BGM,NY,AEA,EN,Towers with Radar,0,42,39,0,81,0,0,26,0,26,0,42,65,0,107,10,0,10,117
05/18/2004,BGM,NY,AEA,EN,Towers with Radar,0,43,14,0,57,0,0,6,0,6,0,43,20,0,63,20,0,20,83
05/19/2004,BGM,NY,AEA,EN,Towers with Radar,0,37,20,7,64,0,0,25,9,34,0,37,45,16,98,44,0,44,142
05/20/2004,BGM,NY,AEA,EN,Towers with Radar,0,50,22,8,80,0,0,22,0,22,0,50,44,8,102,31,0,31,133
05/21/2004,BGM,NY,AEA,EN,Towers with Radar,0,45,26,5,76,0,0,12,0,12,0,45,38,5,88,56,0,56,144
05/22/2004,BGM,NY,AEA,EN,Towers with Radar,0,29,4,0,33,0,0,6,0,6,0,29,10,0,39,12,2,14,53
05/23/2004,BGM,NY,AEA,EN,Towers with Radar,0,50,0,0,50,0,0,6,0,6,0,50,6,0,56,8,0,8,64
05/24/2004,BGM,NY,AEA,EN,Towers with Radar,0,52,8,4,64,0,0,1,0,1,0,52,9,4,65,0,0,0,65
05/25/2004,BGM,NY,AEA,EN,Towers with Radar,0,54,33,4,91,0,0,9,0,9,0,54,42,4,100,38,0,38,138
05/26/2004,BGM,NY,AEA,EN,Towers with Radar,0,49,23,8,80,0,0,5,0,5,0,49,28,8,85,24,10,34,119
05/27/2004,BGM,NY,AEA,EN,Towers with Radar,0,44,38,3,85,0,0,17,0,17,0,44,55,3,102,0,0,0,102
05/28/2004,BGM,NY,AEA,EN,Towers with Radar,0,50,13,2,65,0,0,12,0,12,0,50,25,2,77,16,0,16,93
05/29/2004,BGM,NY,AEA,EN,Towers with Radar,0,27,3,0,30,0,0,28,0,28,0,27,31,0,58,0,0,0,58
05/30/2004,BGM,NY,AEA,EN,Towers with Radar,0,30,7,0,37,0,0,37,2,39,0,30,44,2,76,0,0,0,76
05/31/2004,BGM,NY,AEA,EN,Towers with Radar,0,39,9,0,48,0,0,3,0,3,0,39,12,0,51,20,0,20,71
06/01/2004,BGM,NY,AEA,EN,Towers with Radar,0,45,10,3,58,0,0,2,0,2,0,45,12,3,60,12,0,12,72
06/02/2004,BGM,NY,AEA,EN,Towers with Radar,0,58,17,10,85,0,0,5,0,5,0,58,22,10,90,20,18,38,128
06/03/2004,BGM,NY,AEA,EN,Towers with Radar,0,51,26,2,79,0,0,17,0,17,0,51,43,2,96,24,0,24,120
06/04/2004,BGM,NY,AEA,EN,Towers with Radar,0,45,38,16,99,0,0,35,2,37,0,45,73,18,136,36,0,36,172
06/05/2004,BGM,NY,AEA,EN,Towers with Radar,0,38,21,0,59,0,0,14,0,14,0,38,35,0,73,10,0,10,83
06/06/2004,BGM,NY,AEA,EN,Towers with Radar,0,34,19,0,53,0,0,3,0,3,0,34,22,0,56,4,0,4,60
06/07/2004,BGM,NY,AEA,EN,Towers with Radar,0,64,37,16,117,0,0,15,0,15,0,64,52,16,132,24,0,24,156
06/08/2004,BGM,NY,AEA,EN,Towers with Radar,0,59,48,6,113,0,0,32,4,36,0,59,80,10,149,56,0,56,205
06/09/2004,BGM,NY,AEA,EN,Towers with Radar,0,41,26,9,76,0,0,15,0,15,0,41,41,9,91,44,0,44,135
06/10/2004,BGM,NY,AEA,EN,Towers with Radar,0,47,28,6,81,0,0,0,0,0,0,47,28,6,81,0,0,0,81
06/11/2004,BGM,NY,AEA,EN,Towers with Radar,0,46,18,0,64,0,0,39,0,39,0,46,57,0,103,32,0,32,135
06/12/2004,BGM,NY,AEA,EN,Towers with Radar,0,43,14,0,57,0,0,63,1,64,0,43,77,1,121,84,0,84,205
06/13/2004,BGM,NY,AEA,EN,Towers with Radar,0,34,7,0,41,0,0,18,8,26,0,34,25,8,67,2,0,2,69
06/14/2004,BGM,NY,AEA,EN,Towers with Radar,0,37,13,0,50,0,0,3,0,3,0,37,16,0,53,30,0,30,83
06/15/2004,BGM,NY,AEA,EN,Towers with Radar,0,41,33,4,78,0,0,22,0,22,0,41,55,4,100,50,16,66,166
06/16/2004,BGM,NY,AEA,EN,Towers with Radar,0,48,21,8,77,0,0,33,0,33,0,48,54,8,110,60,10,70,180
06/17/2004,BGM,NY,AEA,EN,Towers with Radar,0,38,20,0,58,0,0,0,0,0,0,38,20,0,58,20,0,20,78
06/18/2004,BGM,NY,AEA,EN,Towers with Radar,0,40,25,4,69,0,0,4,0,4,0,40,29,4,73,12,0,12,85
06/19/2004,BGM,NY,AEA,EN,Towers with Radar,0,32,11,2,45,0,0,6,0,6,0,32,17,2,51,30,0,30,81
06/20/2004,BGM,NY,AEA,EN,Towers with Radar,0,37,5,0,42,0,0,25,0,25,0,37,30,0,67,10,0,10,77
06/21/2004,BGM,NY,AEA,EN,Towers with Radar,0,35,10,8,53,0,1,24,0,25,0,36,34,8,78,28,16,44,122
06/22/2004,BGM,NY,AEA,EN,Towers with Radar,0,33,19,11,63,0,0,8,0,8,0,33,27,11,71,0,0,0,71
06/23/2004,BGM,NY,AEA,EN,Towers with Radar,0,42,27,4,73,0,0,39,0,39,0,42,66,4,112,12,0,12,124
06/24/2004,BGM,NY,AEA,EN,Towers with Radar,0,42,29,16,87,0,0,28,4,32,0,42,57,20,119,24,0,24,143
06/25/2004,BGM,NY,AEA,EN,Towers with Radar,0,41,34,0,75,0,0,19,0,19,0,41,53,0,94,12,0,12,106
06/26/2004,BGM,NY,AEA,EN,Towers with Radar,0,29,23,0,52,0,0,21,0,21,0,29,44,0,73,4,0,4,77
06/27/2004,BGM,NY,AEA,EN,Towers with Radar,0,42,24,0,66,0,0,32,0,32,0,42,56,0,98,6,0,6,104
06/28/2004,BGM,NY,AEA,EN,Towers with Radar,0,56,36,0,92,0,0,17,0,17,0,56,53,0,109,18,0,18,127
06/29/2004,BGM,NY,AEA,EN,Towers with Radar,0,50,48,4,102,0,0,12,0,12,0,50,60,4,114,16,0,16,130
06/30/2004,BGM,NY,AEA,EN,Towers with Radar,0,57,26,20,103,0,0,20,0,20,0,57,46,20,123,62,0,62,185
07/01/2004,BGM,NY,AEA,EN,Towers with Radar,0,44,14,16,74,0,0,16,0,16,0,44,30,16,90,30,12,42,132
07/02/2004,BGM,NY,AEA,EN,Towers with Radar,0,50,28,2,80,0,0,28,0,28,0,50,56,2,108,28,0,28,136
07/03/2004,BGM,NY,AEA,EN,Towers with Radar,0,34,5,0,39,0,0,34,0,34,0,34,39,0,73,0,0,0,73
07/04/2004,BGM,NY,AEA,EN,Towers with Radar,0,30,8,0,38,0,0,4,0,4,0,30,12,0,42,30,0,30,72
07/05/2004,BGM,NY,AEA,EN,Towers with Radar,0,33,15,0,48,0,0,5,0,5,0,33,20,0,53,36,0,36,89
07/06/2004,BGM,NY,AEA,EN,Towers with Radar,0,42,23,0,65,0,0,14,0,14,0,42,37,0,79,20,0,20,99
07/07/2004,BGM,NY,AEA,EN,Towers with Radar,0,37,21,6,64,0,0,4,0,4,0,37,25,6,68,22,0,22,90
07/08/2004,BGM,NY,AEA,EN,Towers with Radar,0,52,20,2,74,0,0,6,0,6,0,52,26,2,80,34,0,34,114
07/09/2004,BGM,NY,AEA,EN,Towers with Radar,0,56,31,14,101,0,1,36,3,40,0,57,67,17,141,18,48,66,207
07/10/2004,BGM,NY,AEA,EN,Towers with Radar,0,30,5,3,38,0,0,43,1,44,0,30,48,4,82,48,40,88,170
07/11/2004,BGM,NY,AEA,EN,Towers with Radar,1,48,10,22,81,0,0,13,2,15,1,48,23,24,96,35,22,57,153
07/12/2004,BGM,NY,AEA,EN,Towers with Radar,0,49,27,11,87,0,0,0,0,0,0,49,27,11,87,0,0,0,87
07/13/2004,BGM,NY,AEA,EN,Towers with Radar,0,45,26,1,72,0,0,8,0,8,0,45,34,1,80,18,0,18,98
07/14/2004,BGM,NY,AEA,EN,Towers with Radar,0,29,11,0,40,0,0,1,0,1,0,29,12,0,41,0,0,0,41
07/15/2004,BGM,NY,AEA,EN,Towers with Radar,0,55,30,4,89,0,0,1,0,1,0,55,31,4,90,2,0,2,92
07/16/2004,BGM,NY,AEA,EN,Towers with Radar,0,48,21,7,76,0,0,8,0,8,0,48,29,7,84,0,0,0,84
07/17/2004,BGM,NY,AEA,EN,Towers with Radar,0,40,11,0,51,0,0,26,0,26,0,40,37,0,77,2,0,2,79
07/18/2004,BGM,NY,AEA,EN,Towers with Radar,0,57,21,0,78,0,0,1,0,1,0,57,22,0,79,0,0,0,79
07/19/2004,BGM,NY,AEA,EN,Towers with Radar,0,43,22,0,65,0,0,3,0,3,0,43,25,0,68,6,0,6,74
07/20/2004,BGM,NY,AEA,EN,Towers with Radar,0,44,16,0,60,0,0,14,0,14,0,44,30,0,74,36,0,36,110
07/21/2004,BGM,NY,AEA,EN,Towers with Radar,0,34,21,9,64,0,0,20,0,20,0,34,41,9,84,22,6,28,112
07/22/2004,BGM,NY,AEA,EN,Towers with Radar,0,49,51,0,100,0,0,3,0,3,0,49,54,0,103,44,0,44,147
07/23/2004,BGM,NY,AEA,EN,Towers with Radar,0,29,19,0,48,0,0,1,0,1,0,29,20,0,49,0,0,0,49
07/24/2004,BGM,NY,AEA,EN,Towers with Radar,0,35,15,0,50,0,0,32,0,32,0,35,47,0,82,32,0,32,114
07/25/2004,BGM,NY,AEA,EN,Towers with Radar,0,39,16,0,55,0,0,22,0,22,0,39,38,0,77,24,0,24,101
07/26/2004,BGM,NY,AEA,EN,Towers with Radar,0,48,39,0,87,0,0,0,0,0,0,48,39,0,87,28,0,28,115
07/27/2004,BGM,NY,AEA,EN,Towers with Radar,0,38,23,0,61,0,0,0,0,0,0,38,23,0,61,0,0,0,61
07/28/2004,BGM,NY,AEA,EN,Towers with Radar,0,33,16,0,49,0,0,10,0,10,0,33,26,0,59,26,0,26,85
07/29/2004,BGM,NY,AEA,EN,Towers with Radar,0,40,53,12,105,0,0,29,0,29,0,40,82,12,134,44,4,48,182
07/30/2004,BGM,NY,AEA,EN,Towers with Radar,0,44,18,2,64,0,0,18,0,18,0,44,36,2,82,32,0,32,114
07/31/2004,BGM,NY,AEA,EN,Towers with Radar,0,36,18,0,54,0,0,1,0,1,0,36,19,0,55,4,0,4,59
08/01/2004,BGM,NY,AEA,EN,Towers with Radar,0,45,16,0,61,0,0,5,0,5,0,45,21,0,66,14,0,14,80
08/02/2004,BGM,NY,AEA,EN,Towers with Radar,0,37,21,0,58,0,0,29,0,29,0,37,50,0,87,24,0,24,111
08/03/2004,BGM,NY,AEA,EN,Towers with Radar,0,38,4,18,60,0,0,22,0,22,0,38,26,18,82,40,7,47,129
08/04/2004,BGM,NY,AEA,EN,Towers with Radar,0,40,55,6,101,0,0,4,0,4,0,40,59,6,105,30,0,30,135
08/05/2004,BGM,NY,AEA,EN,Towers with Radar,0,44,32,10,86,0,0,12,0,12,0,44,44,10,98,26,26,52,150
08/06/2004,BGM,NY,AEA,EN,Towers with Radar,0,38,12,0,50,0,0,20,0,20,0,38,32,0,70,10,0,10,80
08/07/2004,BGM,NY,AEA,EN,Towers with Radar,2,36,13,0,51,0,0,33,0,33,2,36,46,0,84,12,0,12,96
08/08/2004,BGM,NY,AEA,EN,Towers with Radar,0,38,21,0,59,0,0,31,0,31,0,38,52,0,90,58,0,58,148
08/09/2004,BGM,NY,AEA,EN,Towers with Radar,0,43,33,0,76,0,0,52,0,52,0,43,85,0,128,32,0,32,160
08/10/2004,BGM,NY,AEA,EN,Towers with Radar,0,40,14,0,54,0,0,10,0,10,0,40,24,0,64,0,0,0,64
08/11/2004,BGM,NY,AEA,EN,Towers with Radar,0,56,22,0,78,0,0,18,0,18,0,56,40,0,96,70,0,70,166
08/12/2004,BGM,NY,AEA,EN,Towers with Radar,0,46,34,7,87,0,0,3,0,3,0,46,37,7,90,23,0,23,113
08/13/2004,BGM,NY,AEA,EN,Towers with Radar,0,57,27,0,84,0,0,6,0,6,0,57,33,0,90,0,0,0,90
08/14/2004,BGM,NY,AEA,EN,Towers with Radar,0,30,13,0,43,0,0,14,0,14,0,30,27,0,57,24,0,24,81
08/15/2004,BGM,NY,AEA,EN,Towers with Radar,0,46,13,0,59,0,0,15,0,15,0,46,28,0,74,50,0,50,124
08/16/2004,BGM,NY,AEA,EN,Towers with Radar,0,51,31,4,86,0,0,7,0,7,0,51,38,4,93,34,0,34,127
08/17/2004,BGM,NY,AEA,EN,Towers with Radar,0,50,26,4,80,0,0,34,0,34,0,50,60,4,114,22,0,22,136
08/18/2004,BGM,NY,AEA,EN,Towers with Radar,0,49,12,5,66,0,0,11,0,11,0,49,23,5,77,48,2,50,127
08/19/2004,BGM,NY,AEA,EN,Towers with Radar,0,56,24,0,80,0,0,6,0,6,0,56,30,0,86,16,0,16,102
08/20/2004,BGM,NY,AEA,EN,Towers with Radar,0,57,22,4,83,0,0,13,0,13,0,57,35,4,96,16,0,16,112
08/21/2004,BGM,NY,AEA,EN,Towers with Radar,0,42,15,0,57,0,0,4,0,4,0,42,19,0,61,10,0,10,71
08/22/2004,BGM,NY,AEA,EN,Towers with Radar,0,41,24,0,65,0,0,31,0,31,0,41,55,0,96,52,0,52,148
08/23/2004,BGM,NY,AEA,EN,Towers with Radar,0,32,5,0,37,0,0,16,0,16,0,32,21,0,53,8,0,8,61
08/24/2004,BGM,NY,AEA,EN,Towers with Radar,0,48,33,1,82,0,0,34,0,34,0,48,67,1,116,0,0,0,116
08/25/2004,BGM,NY,AEA,EN,Towers with Radar,0,60,37,0,97,0,0,15,0,15,0,60,52,0,112,66,0,66,178
08/26/2004,BGM,NY,AEA,EN,Towers with Radar,0,44,41,4,89,0,0,19,0,19,0,44,60,4,108,46,0,46,154
08/27/2004,BGM,NY,AEA,EN,Towers with Radar,0,51,51,3,105,0,0,17,0,17,0,51,68,3,122,34,2,36,158
08/28/2004,BGM,NY,AEA,EN,Towers with Radar,0,37,18,1,56,0,0,6,0,6,0,37,24,1,62,6,0,6,68
08/29/2004,BGM,NY,AEA,EN,Towers with Radar,0,52,40,0,92,0,0,13,0,13,0,52,53,0,105,40,0,40,145
08/30/2004,BGM,NY,AEA,EN,Towers with Radar,0,28,13,0,41,0,0,3,0,3,0,28,16,0,44,0,0,0,44
08/31/2004,BGM,NY,AEA,EN,Towers with Radar,0,27,13,0,40,0,0,6,0,6,0,27,19,0,46,20,0,20,66
09/01/2004,BGM,NY,AEA,EN,Towers with Radar,0,46,30,0,76,0,0,39,0,39,0,46,69,0,115,34,0,34,149
09/02/2004,BGM,NY,AEA,EN,Towers with Radar,0,45,35,0,80,0,0,34,0,34,0,45,69,0,114,20,0,20,134
09/03/2004,BGM,NY,AEA,EN,Towers with Radar,0,39,5,2,46,0,0,28,0,28,0,39,33,2,74,18,0,18,92
09/04/2004,BGM,NY,AEA,EN,Towers with Radar,0,27,3,0,30,0,0,14,0,14,0,27,17,0,44,2,0,2,46
09/05/2004,BGM,NY,AEA,EN,Towers with Radar,0,26,19,0,45,0,0,19,0,19,0,26,38,0,64,34,0,34,98
09/06/2004,BGM,NY,AEA,EN,Towers with Radar,0,46,8,0,54,0,0,18,0,18,0,46,26,0,72,8,0,8,80
09/07/2004,BGM,NY,AEA,EN,Towers with Radar,0,40,15,4,59,0,0,4,0,4,0,40,19,4,63,30,0,30,93
09/08/2004,BGM,NY,AEA,EN,Towers with Radar,0,38,18,6,62,0,0,0,0,0,0,38,18,6,62,0,0,0,62
09/09/2004,BGM,NY,AEA,EN,Towers with Radar,0,51,29,1,81,0,0,0,0,0,0,51,29,1,81,0,0,0,81
09/10/2004,BGM,NY,AEA,EN,Towers with Radar,0,40,11,0,51,0,0,8,0,8,0,40,19,0,59,4,0,4,63
09/11/2004,BGM,NY,AEA,EN,Towers with Radar,0,45,16,0,61,0,0,28,0,28,0,45,44,0,89,30,0,30,119
09/12/2004,BGM,NY,AEA,EN,Towers with Radar,0,37,20,0,57,0,0,18,0,18,0,37,38,0,75,4,0,4,79
09/13/2004,BGM,NY,AEA,EN,Towers with Radar,0,55,32,2,89,0,0,12,0,12,0,55,44,2,101,0,0,0,101
09/14/2004,BGM,NY,AEA,EN,Towers with Radar,0,52,17,4,73,0,0,20,0,20,0,52,37,4,93,24,0,24,117
09/15/2004,BGM,NY,AEA,EN,Towers with Radar,0,47,25,13,85,0,0,16,0,16,0,47,41,13,101,24,12,36,137
09/16/2004,BGM,NY,AEA,EN,Towers with Radar,0,48,19,6,73,0,0,14,0,14,0,48,33,6,87,10,0,10,97
09/17/2004,BGM,NY,AEA,EN,Towers with Radar,0,54,12,4,70,0,0,1,0,1,0,54,13,4,71,0,0,0,71
09/18/2004,BGM,NY,AEA,EN,Towers with Radar,0,28,26,0,54,0,0,6,0,6,0,28,32,0,60,10,0,10,70
09/19/2004,BGM,NY,AEA,EN,Towers with Radar,0,39,17,0,56,0,0,24,0,24,0,39,41,0,80,2,0,2,82
09/20/2004,BGM,NY,AEA,EN,Towers with Radar,0,36,10,0,46,0,0,17,0,17,0,36,27,0,63,12,0,12,75
09/21/2004,BGM,NY,AEA,EN,Towers with Radar,0,45,22,15,82,0,0,23,0,23,0,45,45,15,105,18,10,28,133
09/22/2004,BGM,NY,AEA,EN,Towers with Radar,0,38,22,15,75,0,0,32,0,32,0,38,54,15,107,32,34,66,173
09/23/2004,BGM,NY,AEA,EN,Towers with Radar,0,46,36,6,88,0,0,35,0,35,0,46,71,6,123,38,36,74,197
09/24/2004,BGM,NY,AEA,EN,Towers with Radar,0,46,23,0,69,0,0,10,0,10,0,46,33,0,79,8,0,8,87
09/25/2004,BGM,NY,AEA,EN,Towers with Radar,0,32,6,0,38,0,0,8,0,8,0,32,14,0,46,6,0,6,52
09/26/2004,BGM,NY,AEA,EN,Towers with Radar,0,34,13,0,47,0,0,18,0,18,0,34,31,0,65,30,0,30,95
09/27/2004,BGM,NY,AEA,EN,Towers with Radar,1,40,20,8,69,0,0,18,0,18,1,40,38,8,87,26,0,26,113
09/28/2004,BGM,NY,AEA,EN,Towers with Radar,0,42,15,0,57,0,0,0,0,0,0,42,15,0,57,0,0,0,57
09/29/2004,BGM,NY,AEA,EN,Towers with Radar,0,48,15,4,67,0,0,11,2,13,0,48,26,6,80,12,24,36,116
09/30/2004,BGM,NY,AEA,EN,Towers with Radar,0,53,33,0,86,0,0,19,0,19,0,53,52,0,105,34,0,34,139
10/01/2004,BGM,NY,AEA,EN,Towers with Radar,0,43,5,2,50,0,0,31,0,31,0,43,36,2,81,20,0,20,101
10/02/2004,BGM,NY,AEA,EN,Towers with Radar,0,32,21,0,53,0,0,4,0,4,0,32,25,0,57,4,0,4,61
10/03/2004,BGM,NY,AEA,EN,Towers with Radar,0,34,12,0,46,0,0,40,0,40,0,34,52,0,86,30,0,30,116
10/04/2004,BGM,NY,AEA,EN,Towers with Radar,0,33,11,2,46,0,0,2,0,2,0,33,13,2,48,6,0,6,54
10/05/2004,BGM,NY,AEA,EN,Towers with Radar,0,37,19,3,59,0,0,19,0,19,0,37,38,3,78,30,16,46,124
10/06/2004,BGM,NY,AEA,EN,Towers with Radar,0,55,21,0,76,0,0,19,0,19,0,55,40,0,95,8,0,8,103
10/07/2004,BGM,NY,AEA,EN,Towers with Radar,0,45,32,14,91,0,2,30,0,32,0,47,62,14,123,60,6,66,189
10/08/2004,BGM,NY,AEA,EN,Towers with Radar,0,41,22,0,63,0,0,32,0,32,0,41,54,0,95,34,0,34,129
10/09/2004,BGM,NY,AEA,EN,Towers with Radar,0,40,15,0,55,0,0,3,0,3,0,40,18,0,58,0,0,0,58
10/10/2004,BGM,NY,AEA,EN,Towers with Radar,0,42,17,0,59,0,0,1,0,1,0,42,18,0,60,0,0,0,60
10/11/2004,BGM,NY,AEA,EN,Towers with Radar,0,32,8,0,40,0,0,5,0,5,0,32,13,0,45,6,0,6,51
10/12/2004,BGM,NY,AEA,EN,Towers with Radar,0,39,41,6,86,0,0,19,0,19,0,39,60,6,105,14,0,14,119
10/13/2004,BGM,NY,AEA,EN,Towers with Radar,0,39,16,4,59,0,0,34,0,34,0,39,50,4,93,12,0,12,105
10/14/2004,BGM,NY,AEA,EN,Towers with Radar,0,45,35,8,88,0,0,7,0,7,0,45,42,8,95,2,12,14,109
10/15/2004,BGM,NY,AEA,EN,Towers with Radar,0,43,26,4,73,0,0,0,0,0,0,43,26,4,73,0,0,0,73
10/16/2004,BGM,NY,AEA,EN,Towers with Radar,0,31,15,0,46,0,0,6,0,6,0,31,21,0,52,6,0,6,58
10/17/2004,BGM,NY,AEA,EN,Towers with Radar,0,30,4,0,34,0,0,6,0,6,0,30,10,0,40,2,0,2,42
10/18/2004,BGM,NY,AEA,EN,Towers with Radar,0,34,18,4,56,0,0,7,0,7,0,34,25,4,63,0,0,0,63
10/19/2004,BGM,NY,AEA,EN,Towers with Radar,0,39,25,0,64,0,0,0,0,0,0,39,25,0,64,0,0,0,64
10/20/2004,BGM,NY,AEA,EN,Towers with Radar,0,50,25,6,81,0,0,5,0,5,0,50,30,6,86,4,0,4,90
10/21/2004,BGM,NY,AEA,EN,Towers with Radar,0,52,28,4,84,0,0,0,0,0,0,52,28,4,84,0,0,0,84
10/22/2004,BGM,NY,AEA,EN,Towers with Radar,0,42,16,0,58,0,0,15,2,17,0,42,31,2,75,34,0,34,109
10/23/2004,BGM,NY,AEA,EN,Towers with Radar,0,34,21,0,55,0,0,29,0,29,0,34,50,0,84,32,0,32,116
10/24/2004,BGM,NY,AEA,EN,Towers with Radar,0,36,10,0,46,0,0,14,0,14,0,36,24,0,60,18,0,18,78
10/25/2004,BGM,NY,AEA,EN,Towers with Radar,0,29,9,3,41,0,0,0,0,0,0,29,9,3,41,0,0,0,41
10/26/2004,BGM,NY,AEA,EN,Towers with Radar,0,37,11,0,48,0,0,10,0,10,0,37,21,0,58,16,0,16,74
10/27/2004,BGM,NY,AEA,EN,Towers with Radar,0,40,37,0,77,0,0,11,0,11,0,40,48,0,88,12,0,12,100
10/28/2004,BGM,NY,AEA,EN,Towers with Radar,0,43,12,7,62,0,0,24,0,24,0,43,36,7,86,10,0,10,96
10/29/2004,BGM,NY,AEA,EN,Towers with Radar,0,35,25,0,60,0,0,16,0,16,0,35,41,0,76,8,0,8,84
10/30/2004,BGM,NY,AEA,EN,Towers with Radar,0,28,6,0,34,0,0,0,0,0,0,28,6,0,34,0,0,0,34
10/31/2004,BGM,NY,AEA,EN,Towers with Radar,0,28,9,0,37,0,0,2,0,2,0,28,11,0,39,10,0,10,49
11/01/2004,BGM,NY,AEA,EN,Combined TRACON& Tower with Radar,0,36,22,2,60,0,0,6,0,6,0,36,28,2,66,0,0,0,66
11/02/2004,BGM,NY,AEA,EN,Combined TRACON& Tower with Radar,0,48,13,2,63,0,0,2,0,2,0,48,15,2,65,14,0,14,79
11/03/2004,BGM,NY,AEA,EN,Combined TRACON& Tower with Radar,0,51,32,13,96,0,0,5,0,5,0,51,37,13,101,34,4,38,139
11/04/2004,BGM,NY,AEA,EN,Combined TRACON& Tower with Radar,0,45,24,4,73,0,0,9,0,9,0,45,33,4,82,0,0,0,82
11/05/2004,BGM,NY,AEA,EN,Combined TRACON& Tower with Radar,0,39,25,0,64,0,0,5,0,5,0,39,30,0,69,0,0,0,69
11/06/2004,BGM,NY,AEA,EN,Combined TRACON& Tower with Radar,0,28,6,0,34,0,0,18,0,18,0,28,24,0,52,10,0,10,62
11/07/2004,BGM,NY,AEA,EN,Combined TRACON& Tower with Radar,0,33,7,0,40,0,0,10,0,10,0,33,17,0,50,6,0,6,56
11/08/2004,BGM,NY,AEA,EN,Combined TRACON& Tower with Radar,0,36,15,7,58,0,0,3,1,4,0,36,18,8,62,4,14,18,80
11/09/2004,BGM,NY,AEA,EN,Combined TRACON& Tower with Radar,0,41,32,0,73,0,0,4,0,4,0,41,36,0,77,2,0,2,79
11/10/2004,BGM,NY,AEA,EN,Combined TRACON& Tower with Radar,0,43,21,4,68,0,0,22,0,22,0,43,43,4,90,14,20,34,124
11/11/2004,BGM,NY,AEA,EN,Combined TRACON& Tower with Radar,0,45,40,0,85,0,0,20,0,20,0,45,60,0,105,32,0,32,137
11/12/2004,BGM,NY,AEA,EN,Combined TRACON& Tower with Radar,0,37,5,0,42,0,0,0,0,0,0,37,5,0,42,0,0,0,42
11/13/2004,BGM,NY,AEA,EN,Combined TRACON& Tower with Radar,0,30,8,0,38,0,0,18,0,18,0,30,26,0,56,34,0,34,90
11/14/2004,BGM,NY,AEA,EN,Combined TRACON& Tower with Radar,0,28,10,0,38,0,0,17,0,17,0,28,27,0,55,8,0,8,63
11/15/2004,BGM,NY,AEA,EN,Combined TRACON& Tower with Radar,0,38,18,15,71,0,0,15,0,15,0,38,33,15,86,12,16,28,114
11/16/2004,BGM,NY,AEA,EN,Combined TRACON& Tower with Radar,0,46,20,4,70,0,0,27,0,27,0,46,47,4,97,18,22,40,137
11/17/2004,BGM,NY,AEA,EN,Combined TRACON& Tower with Radar,0,50,11,0,61,0,0,11,0,11,0,50,22,0,72,10,0,10,82
11/18/2004,BGM,NY,AEA,EN,Combined TRACON& Tower with Radar,0,36,15,4,55,0,0,5,0,5,0,36,20,4,60,4,0,4,64
11/19/2004,BGM,NY,AEA,EN,Combined TRACON& Tower with Radar,0,38,37,0,75,0,0,15,0,15,0,38,52,0,90,18,0,18,108
11/20/2004,BGM,NY,AEA,EN,Combined TRACON& Tower with Radar,0,29,5,0,34,0,0,0,0,0,0,29,5,0,34,0,0,0,34
11/21/2004,BGM,NY,AEA,EN,Combined TRACON& Tower with Radar,0,28,18,0,46,0,0,3,0,3,0,28,21,0,49,26,0,26,75
11/22/2004,BGM,NY,AEA,EN,Combined TRACON& Tower with Radar,0,37,20,6,63,0,0,10,0,10,0,37,30,6,73,4,10,14,87
11/23/2004,BGM,NY,AEA,EN,Combined TRACON& Tower with Radar,0,35,23,3,61,0,0,16,3,19,0,35,39,6,80,20,0,20,100
11/24/2004,BGM,NY,AEA,EN,Combined TRACON& Tower with Radar,0,26,16,0,42,0,0,0,0,0,0,26,16,0,42,0,0,0,42
11/25/2004,BGM,NY,AEA,EN,Combined TRACON& Tower with Radar,0,29,0,0,29,0,0,0,0,0,0,29,0,0,29,0,0,0,29
11/26/2004,BGM,NY,AEA,EN,Combined TRACON& Tower with Radar,0,42,3,0,45,0,0,4,0,4,0,42,7,0,49,2,0,2,51
11/27/2004,BGM,NY,AEA,EN,Combined TRACON& Tower with Radar,0,30,3,0,33,0,0,16,0,16,0,30,19,0,49,0,0,0,49
11/28/2004,BGM,NY,AEA,EN,Combined TRACON& Tower with Radar,0,31,7,0,38,0,0,2,0,2,0,31,9,0,40,0,0,0,40
11/29/2004,BGM,NY,AEA,EN,Combined TRACON& Tower with Radar,0,38,21,4,63,0,0,7,0,7,0,38,28,4,70,16,4,20,90
11/30/2004,BGM,NY,AEA,EN,Combined TRACON& Tower with Radar,0,44,23,0,67,0,0,19,0,19,0,44,42,0,86,20,0,20,106
12/01/2004,BGM,NY,AEA,EN,Combined TRACON& Tower with Radar,0,32,20,2,54,0,0,1,0,1,0,32,21,2,55,0,0,0,55
12/02/2004,BGM,NY,AEA,EN,Combined TRACON& Tower with Radar,0,43,29,10,82,0,0,22,0,22,0,43,51,10,104,40,6,46,150
12/03/2004,BGM,NY,AEA,EN,Combined TRACON& Tower with Radar,0,36,12,0,48,0,0,0,0,0,0,36,12,0,48,0,0,0,48
12/04/2004,BGM,NY,AEA,EN,Combined TRACON& Tower with Radar,0,24,4,0,28,0,0,31,0,31,0,24,35,0,59,14,0,14,73
12/05/2004,BGM,NY,AEA,EN,Combined TRACON& Tower with Radar,0,29,11,0,40,0,0,6,0,6,0,29,17,0,46,6,0,6,52
12/06/2004,BGM,NY,AEA,EN,Combined TRACON& Tower with Radar,0,36,3,0,39,0,0,0,0,0,0,36,3,0,39,0,0,0,39
12/07/2004,BGM,NY,AEA,EN,Combined TRACON& Tower with Radar,0,26,13,0,39,0,0,0,0,0,0,26,13,0,39,0,0,0,39
12/08/2004,BGM,NY,AEA,EN,Combined TRACON& Tower with Radar,0,43,13,7,63,0,0,3,0,3,0,43,16,7,66,10,2,12,78
12/09/2004,BGM,NY,AEA,EN,Combined TRACON& Tower with Radar,0,33,15,4,52,0,10,24,3,37,0,43,39,7,89,4,20,24,113
12/10/2004,BGM,NY,AEA,EN,Combined TRACON& Tower with Radar,0,25,19,0,44,0,0,1,0,1,0,25,20,0,45,0,0,0,45
12/11/2004,BGM,NY,AEA,EN,Combined TRACON& Tower with Radar,0,26,3,0,29,0,0,0,0,0,0,26,3,0,29,0,0,0,29
12/12/2004,BGM,NY,AEA,EN,Combined TRACON& Tower with Radar,0,28,10,0,38,0,0,5,0,5,0,28,15,0,43,6,0,6,49
12/13/2004,BGM,NY,AEA,EN,Combined TRACON& Tower with Radar,0,39,15,2,56,0,0,0,0,0,0,39,15,2,56,0,0,0,56
12/14/2004,BGM,NY,AEA,EN,Combined TRACON& Tower with Radar,0,44,18,0,62,0,0,0,0,0,0,44,18,0,62,0,0,0,62
12/15/2004,BGM,NY,AEA,EN,Combined TRACON& Tower with Radar,0,34,12,4,50,0,0,5,1,6,0,34,17,5,56,0,0,0,56
12/16/2004,BGM,NY,AEA,EN,Combined TRACON& Tower with Radar,0,35,28,8,71,0,0,24,0,24,0,35,52,8,95,2,2,4,99
12/17/2004,BGM,NY,AEA,EN,Combined TRACON& Tower with Radar,0,45,15,0,60,0,0,13,0,13,0,45,28,0,73,14,0,14,87
12/18/2004,BGM,NY,AEA,EN,Combined TRACON& Tower with Radar,0,32,7,0,39,0,0,7,0,7,0,32,14,0,46,20,0,20,66
12/19/2004,BGM,NY,AEA,EN,Combined TRACON& Tower with Radar,0,20,3,0,23,0,0,0,0,0,0,20,3,0,23,0,0,0,23
12/20/2004,BGM,NY,AEA,EN,Combined TRACON& Tower with Radar,0,30,11,0,41,0,0,0,0,0,0,30,11,0,41,0,0,0,41
12/21/2004,BGM,NY,AEA,EN,Combined TRACON& Tower with Radar,0,39,15,24,78,0,1,14,0,15,0,40,29,24,93,28,0,28,121
12/22/2004,BGM,NY,AEA,EN,Combined TRACON& Tower with Radar,0,39,16,8,63,0,0,4,0,4,0,39,20,8,67,24,18,42,109
12/23/2004,BGM,NY,AEA,EN,Combined TRACON& Tower with Radar,0,24,3,0,27,0,0,0,0,0,0,24,3,0,27,0,0,0,27
12/24/2004,BGM,NY,AEA,EN,Combined TRACON& Tower with Radar,0,32,5,0,37,0,0,2,0,2,0,32,7,0,39,20,0,20,59
12/25/2004,BGM,NY,AEA,EN,Combined TRACON& Tower with Radar,0,20,0,0,20,0,0,8,0,8,0,20,8,0,28,10,0,10,38
12/26/2004,BGM,NY,AEA,EN,Combined TRACON& Tower with Radar,0,26,5,0,31,0,0,10,0,10,0,26,15,0,41,4,0,4,45
12/27/2004,BGM,NY,AEA,EN,Combined TRACON& Tower with Radar,0,39,9,0,48,0,0,0,0,0,0,39,9,0,48,0,0,0,48
12/28/2004,BGM,NY,AEA,EN,Combined TRACON& Tower with Radar,0,32,8,0,40,0,0,5,0,5,0,32,13,0,45,0,0,0,45
12/29/2004,BGM,NY,AEA,EN,Combined TRACON& Tower with Radar,0,33,9,0,42,0,0,1,0,1,0,33,10,0,43,0,0,0,43
12/30/2004,BGM,NY,AEA,EN,Combined TRACON& Tower with Radar,0,36,12,0,48,0,0,6,0,6,0,36,18,0,54,28,0,28,82
12/31/2004,BGM,NY,AEA,EN,Combined TRACON& Tower with Radar,0,31,10,0,41,0,0,5,0,5,0,31,15,0,46,0,0,0,46
01/01/2005,BGM,NY,AEA,EN,Combined TRACON& Tower with Radar,0,26,14,0,40,0,0,7,0,7,0,26,21,0,47,0,0,0,47
01/02/2005,BGM,NY,AEA,EN,Combined TRACON& Tower with Radar,0,26,5,0,31,0,0,0,0,0,0,26,5,0,31,0,0,0,31
01/03/2005,BGM,NY,AEA,EN,Combined TRACON& Tower with Radar,0,19,2,0,21,0,0,0,0,0,0,19,2,0,21,0,0,0,21
01/04/2005,BGM,NY,AEA,EN,Combined TRACON& Tower with Radar,0,38,12,0,50,0,0,0,0,0,0,38,12,0,50,0,0,0,50
01/05/2005,BGM,NY,AEA,EN,Combined TRACON& Tower with Radar,0,38,12,0,50,0,0,0,0,0,0,38,12,0,50,6,0,6,56
01/06/2005,BGM,NY,AEA,EN,Combined TRACON& Tower with Radar,0,19,5,0,24,0,0,0,0,0,0,19,5,0,24,0,0,0,24
01/07/2005,BGM,NY,AEA,EN,Combined TRACON& Tower with Radar,0,37,8,8,53,0,0,6,0,6,0,37,14,8,59,16,4,20,79
01/08/2005,BGM,NY,AEA,EN,Combined TRACON& Tower with Radar,0,27,1,0,28,0,0,0,0,0,0,27,1,0,28,0,0,0,28
01/09/2005,BGM,NY,AEA,EN,Combined TRACON& Tower with Radar,0,29,3,1,33,0,0,0,0,0,0,29,3,1,33,2,0,2,35
01/10/2005,BGM,NY,AEA,EN,Combined TRACON& Tower with Radar,0,38,15,4,57,0,0,4,0,4,0,38,19,4,61,4,0,4,65
01/11/2005,BGM,NY,AEA,EN,Combined TRACON& Tower with Radar,0,44,8,4,56,0,0,0,0,0,0,44,8,4,56,0,0,0,56
01/12/2005,BGM,NY,AEA,EN,Combined TRACON& Tower with Radar,0,23,11,4,38,0,0,0,0,0,0,23,11,4,38,0,0,0,38
01/13/2005,BGM,NY,AEA,EN,Combined TRACON& Tower with Radar,0,27,12,0,39,0,0,0,0,0,0,27,12,0,39,0,0,0,39
01/14/2005,BGM,NY,AEA,EN,Combined TRACON& Tower with Radar,0,41,3,2,46,0,0,0,0,0,0,41,3,2,46,0,0,0,46
01/15/2005,BGM,NY,AEA,EN,Combined TRACON& Tower with Radar,0,31,14,0,45,0,0,11,0,11,0,31,25,0,56,2,0,2,58
01/16/2005,BGM,NY,AEA,EN,Combined TRACON& Tower with Radar,0,29,9,0,38,0,0,2,0,2,0,29,11,0,40,0,0,0,40
01/17/2005,BGM,NY,AEA,EN,Combined TRACON& Tower with Radar,0,38,10,0,48,0,0,0,0,0,0,38,10,0,48,0,0,0,48
01/18/2005,BGM,NY,AEA,EN,Combined TRACON& Tower with Radar,0,39,20,6,65,0,0,8,2,10,0,39,28,8,75,20,0,20,95
01/19/2005,BGM,NY,AEA,EN,Combined TRACON& Tower with Radar,0,30,14,0,44,0,0,0,0,0,0,30,14,0,44,0,0,0,44
01/20/2005,BGM,NY,AEA,EN,Combined TRACON& Tower with Radar,0,33,23,0,56,0,0,0,0,0,0,33,23,0,56,0,0,0,56
01/21/2005,BGM,NY,AEA,EN,Combined TRACON& Tower with Radar,0,33,17,1,51,0,0,10,1,11,0,33,27,2,62,26,0,26,88
01/22/2005,BGM,NY,AEA,EN,Combined TRACON& Tower with Radar,0,11,2,0,13,0,0,1,0,1,0,11,3,0,14,0,0,0,14
01/23/2005,BGM,NY,AEA,EN,Combined TRACON& Tower with Radar,0,16,4,0,20,0,0,0,0,0,0,16,4,0,20,0,0,0,20
01/24/2005,BGM,NY,AEA,EN,Combined TRACON& Tower with Radar,0,33,6,0,39,0,0,1,0,1,0,33,7,0,40,0,0,0,40
01/25/2005,BGM,NY,AEA,EN,Combined TRACON& Tower with Radar,0,37,12,8,57,0,0,5,0,5,0,37,17,8,62,0,16,16,78
01/26/2005,BGM,NY,AEA,EN,Combined TRACON& Tower with Radar,0,33,1,2,36,0,0,0,0,0,0,33,1,2,36,0,0,0,36
01/27/2005,BGM,NY,AEA,EN,Combined TRACON& Tower with Radar,0,40,9,1,50,0,0,18,0,18,0,40,27,1,68,10,0,10,78
01/28/2005,BGM,NY,AEA,EN,Combined TRACON& Tower with Radar,0,15,20,2,37,0,0,21,0,21,0,15,41,2,58,34,0,34,92
01/29/2005,BGM,NY,AEA,EN,Combined TRACON& Tower with Radar,0,28,24,0,52,0,0,25,0,25,0,28,49,0,77,14,0,14,91
01/30/2005,BGM,NY,AEA,EN,Combined TRACON& Tower with Radar,0,25,2,0,27,0,0,7,0,7,0,25,9,0,34,0,0,0,34
01/31/2005,BGM,NY,AEA,EN,Combined TRACON& Tower with Radar,0,34,22,18,74,0,0,8,0,8,0,34,30,18,82,50,0,50,132
02/01/2005,BGM,NY,AEA,EN,Combined TRACON& Tower with Radar,0,39,23,6,68,0,2,28,0,30,0,41,51,6,98,20,0,20,118
02/02/2005,BGM,NY,AEA,EN,Combined TRACON& Tower with Radar,0,44,14,0,58,0,0,25,0,25,0,44,39,0,83,6,0,6,89
02/03/2005,BGM,NY,AEA,EN,Combined TRACON& Tower with Radar,0,26,27,2,55,0,0,15,4,19,0,26,42,6,74,24,14,38,112
02/04/2005,BGM,NY,AEA,EN,Combined TRACON& Tower with Radar,0,30,13,23,66,0,0,16,0,16,0,30,29,23,82,18,12,30,112
02/05/2005,BGM,NY,AEA,EN,Combined TRACON& Tower with Radar,0,28,30,6,64,0,0,41,0,41,0,28,71,6,105,18,12,30,135
02/06/2005,BGM,NY,AEA,EN,Combined TRACON& Tower with Radar,0,25,5,0,30,0,0,38,0,38,0,25,43,0,68,26,0,26,94
02/07/2005,BGM,NY,AEA,EN,Combined TRACON& Tower with Radar,0,39,13,0,52,0,0,22,0,22,0,39,35,0,74,2,0,2,76
02/08/2005,BGM,NY,AEA,EN,Combined TRACON& Tower with Radar,0,40,14,4,58,0,0,0,0,0,0,40,14,4,58,0,0,0,58
02/09/2005,BGM,NY,AEA,EN,Combined TRACON& Tower with Radar,0,34,7,0,41,0,0,0,0,0,0,34,7,0,41,0,0,0,41
02/10/2005,BGM,NY,AEA,EN,Combined TRACON& Tower with Radar,0,33,19,4,56,0,0,0,0,0,0,33,19,4,56,0,0,0,56
02/11/2005,BGM,NY,AEA,EN,Combined TRACON& Tower with Radar,0,35,10,2,47,0,0,11,0,11,0,35,21,2,58,10,0,10,68
02/12/2005,BGM,NY,AEA,EN,Combined TRACON& Tower with Radar,0,32,3,0,35,0,0,0,0,0,0,32,3,0,35,0,0,0,35
02/13/2005,BGM,NY,AEA,EN,Combined TRACON& Tower with Radar,0,28,13,0,41,0,0,15,0,15,0,28,28,0,56,0,0,0,56
02/14/2005,BGM,NY,AEA,EN,Combined TRACON& Tower with Radar,0,37,16,4,57,0,0,0,0,0,0,37,16,4,57,0,0,0,57
02/15/2005,BGM,NY,AEA,EN,Combined TRACON& Tower with Radar,0,40,25,10,75,0,0,30,0,30,0,40,55,10,105,44,2,46,151
02/16/2005,BGM,NY,AEA,EN,Combined TRACON& Tower with Radar,0,27,14,4,45,0,0,0,0,0,0,27,14,4,45,0,0,0,45
02/17/2005,BGM,NY,AEA,EN,Combined TRACON& Tower with Radar,0,38,22,4,64,0,0,2,0,2,0,38,24,4,66,0,0,0,66
02/18/2005,BGM,NY,AEA,EN,Combined TRACON& Tower with Radar,0,32,15,1,48,0,0,0,0,0,0,32,15,1,48,0,0,0,48
02/19/2005,BGM,NY,AEA,EN,Combined TRACON& Tower with Radar,0,33,13,0,46,0,0,7,0,7,0,33,20,0,53,12,0,12,65
02/20/2005,BGM,NY,AEA,EN,Combined TRACON& Tower with Radar,0,31,6,0,37,0,0,17,0,17,0,31,23,0,54,10,0,10,64
02/21/2005,BGM,NY,AEA,EN,Combined TRACON& Tower with Radar,0,30,9,0,39,0,0,0,0,0,0,30,9,0,39,0,0,0,39
02/22/2005,BGM,NY,AEA,EN,Combined TRACON& Tower with Radar,0,34,13,4,51,0,0,2,0,2,0,34,15,4,53,46,0,46,99
02/23/2005,BGM,NY,AEA,EN,Combined TRACON& Tower with Radar,0,40,15,7,62,0,0,5,0,5,0,40,20,7,67,0,0,0,67
02/24/2005,BGM,NY,AEA,EN,Combined TRACON& Tower with Radar,0,28,16,0,44,0,0,3,0,3,0,28,19,0,47,2,0,2,49
02/25/2005,BGM,NY,AEA,EN,Combined TRACON& Tower with Radar,0,36,20,0,56,0,0,8,0,8,0,36,28,0,64,0,0,0,64
02/26/2005,BGM,NY,AEA,EN,Combined TRACON& Tower with Radar,0,35,11,0,46,0,0,0,0,0,0,35,11,0,46,0,0,0,46
02/27/2005,BGM,NY,AEA,EN,Combined TRACON& Tower with Radar,0,34,5,0,39,0,0,11,0,11,0,34,16,0,50,51,0,51,101
02/28/2005,BGM,NY,AEA,EN,Combined TRACON& Tower with Radar,0,30,5,2,37,0,0,0,0,0,0,30,5,2,37,0,0,0,37
03/01/2005,BGM,NY,AEA,EN,Combined TRACON& Tower with Radar,0,35,4,4,43,0,0,0,0,0,0,35,4,4,43,0,0,0,43
03/02/2005,BGM,NY,AEA,EN,Combined TRACON& Tower with Radar,0,23,7,4,34,0,0,0,0,0,0,23,7,4,34,0,0,0,34
03/03/2005,BGM,NY,AEA,EN,Combined TRACON& Tower with Radar,0,37,15,12,64,0,0,2,0,2,0,37,17,12,66,0,12,12,78
03/04/2005,BGM,NY,AEA,EN,Combined TRACON& Tower with Radar,0,44,16,2,62,0,0,4,0,4,0,44,20,2,66,14,12,26,92
03/05/2005,BGM,NY,AEA,EN,Combined TRACON& Tower with Radar,0,35,8,6,49,0,0,18,0,18,0,35,26,6,67,10,0,10,77
03/06/2005,BGM,NY,AEA,EN,Combined TRACON& Tower with Radar,0,32,6,0,38,0,0,1,2,3,0,32,7,2,41,0,0,0,41
03/07/2005,BGM,NY,AEA,EN,Combined TRACON& Tower with Radar,0,32,15,18,65,0,0,1,0,1,0,32,16,18,66,0,22,22,88
03/08/2005,BGM,NY,AEA,EN,Combined TRACON& Tower with Radar,0,43,12,0,55,0,0,0,0,0,0,43,12,0,55,0,0,0,55
03/09/2005,BGM,NY,AEA,EN,Combined TRACON& Tower with Radar,0,29,10,15,54,0,0,0,0,0,0,29,10,15,54,0,24,24,78
03/10/2005,BGM,NY,AEA,EN,Combined TRACON& Tower with Radar,0,35,20,0,55,0,0,1,0,1,0,35,21,0,56,16,0,16,72
03/11/2005,BGM,NY,AEA,EN,Combined TRACON& Tower with Radar,0,37,13,0,50,0,0,0,0,0,0,37,13,0,50,0,0,0,50
03/12/2005,BGM,NY,AEA,EN,Combined TRACON& Tower with Radar,0,33,8,0,41,0,0,6,0,6,0,33,14,0,47,12,0,12,59
03/13/2005,BGM,NY,AEA,EN,Combined TRACON& Tower with Radar,0,31,15,0,46,0,0,5,0,5,0,31,20,0,51,12,0,12,63
03/14/2005,BGM,NY,AEA,EN,Combined TRACON& Tower with Radar,0,30,7,2,39,0,0,5,0,5,0,30,12,2,44,20,0,20,64
03/15/2005,BGM,NY,AEA,EN,Combined TRACON& Tower with Radar,0,34,24,2,60,0,0,11,0,11,0,34,35,2,71,40,4,44,115
03/16/2005,BGM,NY,AEA,EN,Combined TRACON& Tower with Radar,0,38,18,0,56,0,0,10,0,10,0,38,28,0,66,34,0,34,100
03/17/2005,BGM,NY,AEA,EN,Combined TRACON& Tower with Radar,0,39,29,14,82,0,0,20,0,20,0,39,49,14,102,6,0,6,108
03/18/2005,BGM,NY,AEA,EN,Combined TRACON& Tower with Radar,0,34,15,1,50,0,0,14,1,15,0,34,29,2,65,8,0,8,73
03/19/2005,BGM,NY,AEA,EN,Combined TRACON& Tower with Radar,0,35,8,0,43,0,0,20,0,20,0,35,28,0,63,26,0,26,89
03/20/2005,BGM,NY,AEA,EN,Combined TRACON& Tower with Radar,0,32,2,0,34,0,0,0,0,0,0,32,2,0,34,0,0,0,34
03/21/2005,BGM,NY,AEA,EN,Combined TRACON& Tower with Radar,0,38,13,2,53,0,0,0,0,0,0,38,13,2,53,34,0,34,87
03/22/2005,BGM,NY,AEA,EN,Combined TRACON& Tower with Radar,0,35,9,4,48,0,0,10,0,10,0,35,19,4,58,13,0,13,71
03/23/2005,BGM,NY,AEA,EN,Combined TRACON& Tower with Radar,0,35,21,0,56,0,0,1,0,1,0,35,22,0,57,16,0,16,73
03/24/2005,BGM,NY,AEA,EN,Combined TRACON& Tower with Radar,0,35,28,3,66,0,0,4,0,4,0,35,32,3,70,0,0,0,70
03/25/2005,BGM,NY,AEA,EN,Combined TRACON& Tower with Radar,0,42,8,2,52,0,0,14,0,14,0,42,22,2,66,12,0,12,78
03/26/2005,BGM,NY,AEA,EN,Combined TRACON& Tower with Radar,0,30,0,0,30,0,0,20,0,20,0,30,20,0,50,18,0,18,68
03/27/2005,BGM,NY,AEA,EN,Combined TRACON& Tower with Radar,0,29,5,0,34,0,0,0,0,0,0,29,5,0,34,0,0,0,34
03/28/2005,BGM,NY,AEA,EN,Combined TRACON& Tower with Radar,0,25,13,5,43,0,0,0,0,0,0,25,13,5,43,0,0,0,43
03/29/2005,BGM,NY,AEA,EN,Combined TRACON& Tower with Radar,0,32,20,0,52,0,0,1,0,1,0,32,21,0,53,10,0,10,63
03/30/2005,BGM,NY,AEA,EN,Combined TRACON& Tower with Radar,0,31,22,10,63,0,0,27,0,27,0,31,49,10,90,26,10,36,126
03/31/2005,BGM,NY,AEA,EN,Combined TRACON& Tower with Radar,0,34,22,12,68,0,0,4,0,4,0,34,26,12,72,14,0,14,86
04/01/2005,BGM,NY,AEA,EN,Combined TRACON& Tower with Radar,0,35,10,4,49,0,0,13,0,13,0,35,23,4,62,30,0,30,92
04/02/2005,BGM,NY,AEA,EN,Combined TRACON& Tower with Radar,0,31,2,8,41,0,0,0,0,0,0,31,2,8,41,4,0,4,45
04/03/2005,BGM,NY,AEA,EN,Combined TRACON& Tower with Radar,0,35,10,0,45,0,0,0,0,0,0,35,10,0,45,0,0,0,45
04/04/2005,BGM,NY,AEA,EN,Combined TRACON& Tower with Radar,0,33,14,2,49,0,0,2,0,2,0,33,16,2,51,4,0,4,55
04/05/2005,BGM,NY,AEA,EN,Combined TRACON& Tower with Radar,0,40,23,2,65,0,0,20,0,20,0,40,43,2,85,26,8,34,119
04/06/2005,BGM,NY,AEA,EN,Combined TRACON& Tower with Radar,0,28,10,0,38,0,0,33,0,33,0,28,43,0,71,60,0,60,131
04/07/2005,BGM,NY,AEA,EN,Combined TRACON& Tower with Radar,0,33,13,12,58,0,0,4,0,4,0,33,17,12,62,3,10,13,75
04/08/2005,BGM,NY,AEA,EN,Combined TRACON& Tower with Radar,0,33,6,3,42,0,0,12,0,12,0,33,18,3,54,16,0,16,70
04/09/2005,BGM,NY,AEA,EN,Combined TRACON& Tower with Radar,0,33,18,0,51,0,0,33,0,33,0,33,51,0,84,30,0,30,114
04/10/2005,BGM,NY,AEA,EN,Combined TRACON& Tower with Radar,0,34,14,0,48,0,0,23,0,23,0,34,37,0,71,8,0,8,79
04/11/2005,BGM,NY,AEA,EN,Combined TRACON& Tower with Radar,0,33,16,0,49,0,0,9,0,9,0,33,25,0,58,28,0,28,86
04/12/2005,BGM,NY,AEA,EN,Combined TRACON& Tower with Radar,0,34,11,6,51,0,0,14,0,14,0,34,25,6,65,18,6,24,89
04/13/2005,BGM,NY,AEA,EN,Combined TRACON& Tower with Radar,0,37,10,2,49,0,0,15,0,15,0,37,25,2,64,12,0,12,76
04/14/2005,BGM,NY,AEA,EN,Combined TRACON& Tower with Radar,0,43,19,0,62,0,0,22,0,22,0,43,41,0,84,10,0,10,94
04/15/2005,BGM,NY,AEA,EN,Combined TRACON& Tower with Radar,0,46,18,0,64,0,0,30,0,30,0,46,48,0,94,2,0,2,96
04/16/2005,BGM,NY,AEA,EN,Combined TRACON& Tower with Radar,0,32,27,0,59,0,0,20,0,20,0,32,47,0,79,38,0,38,117
04/17/2005,BGM,NY,AEA,EN,Combined TRACON& Tower with Radar,0,39,19,0,58,0,0,31,0,31,0,39,50,0,89,2,0,2,91
04/18/2005,BGM,NY,AEA,EN,Combined TRACON& Tower with Radar,0,36,11,0,47,0,0,14,0,14,0,36,25,0,61,20,0,20,81
04/19/2005,BGM,NY,AEA,EN,Combined TRACON& Tower with Radar,0,36,13,4,53,0,0,23,0,23,0,36,36,4,76,32,0,32,108
04/20/2005,BGM,NY,AEA,EN,Combined TRACON& Tower with Radar,0,38,22,2,62,0,0,5,0,5,0,38,27,2,67,0,0,0,67
04/21/2005,BGM,NY,AEA,EN,Combined TRACON& Tower with Radar,0,40,28,0,68,0,0,16,0,16,0,40,44,0,84,22,0,22,106
04/22/2005,BGM,NY,AEA,EN,Combined TRACON& Tower with Radar,0,41,26,4,71,0,0,14,0,14,0,41,40,4,85,42,0,42,127
04/23/2005,BGM,NY,AEA,EN,Combined TRACON& Tower with Radar,0,25,13,0,38,0,0,0,0,0,0,25,13,0,38,6,0,6,44
04/24/2005,BGM,NY,AEA,EN,Combined TRACON& Tower with Radar,0,28,4,0,32,0,0,0,0,0,0,28,4,0,32,0,0,0,32
04/25/2005,BGM,NY,AEA,EN,Combined TRACON& Tower with Radar,0,38,17,0,55,0,0,3,0,3,0,38,20,0,58,8,0,8,66
04/26/2005,BGM,NY,AEA,EN,Combined TRACON& Tower with Radar,0,36,11,5,52,0,0,10,0,10,0,36,21,5,62,2,0,2,64
04/27/2005,BGM,NY,AEA,EN,Combined TRACON& Tower with Radar,0,41,18,14,73,0,0,6,0,6,0,41,24,14,79,6,0,6,85
04/28/2005,BGM,NY,AEA,EN,Combined TRACON& Tower with Radar,0,40,17,0,57,0,0,12,0,12,0,40,29,0,69,0,0,0,69
04/29/2005,BGM,NY,AEA,EN,Combined TRACON& Tower with Radar,0,36,19,0,55,0,0,10,0,10,0,36,29,0,65,0,0,0,65
04/30/2005,BGM,NY,AEA,EN,Combined TRACON& Tower with Radar,0,33,0,1,34,0,0,0,0,0,0,33,0,1,34,0,0,0,34
05/01/2005,BGM,NY,AEA,EN,Combined TRACON& Tower with Radar,0,35,2,0,37,0,0,14,0,14,0,35,16,0,51,6,0,6,57
05/02/2005,BGM,NY,AEA,EN,Combined TRACON& Tower with Radar,0,32,18,2,52,0,0,2,0,2,0,32,20,2,54,0,0,0,54
05/03/2005,BGM,NY,AEA,EN,Combined TRACON& Tower with Radar,0,35,14,16,65,0,0,10,0,10,0,35,24,16,75,0,6,6,81
05/04/2005,BGM,NY,AEA,EN,Combined TRACON& Tower with Radar,0,35,25,2,62,0,0,15,0,15,0,35,40,2,77,12,0,12,89
05/05/2005,BGM,NY,AEA,EN,Combined TRACON& Tower with Radar,0,38,27,8,73,0,0,33,0,33,0,38,60,8,106,8,0,8,114
05/06/2005,BGM,NY,AEA,EN,Combined TRACON& Tower with Radar,0,34,5,0,39,0,0,13,0,13,0,34,18,0,52,20,0,20,72
05/07/2005,BGM,NY,AEA,EN,Combined TRACON& Tower with Radar,0,30,1,0,31,0,0,27,0,27,0,30,28,0,58,28,0,28,86
05/08/2005,BGM,NY,AEA,EN,Combined TRACON& Tower with Radar,0,32,7,0,39,0,0,4,0,4,0,32,11,0,43,0,0,0,43
05/09/2005,BGM,NY,AEA,EN,Combined TRACON& Tower with Radar,0,32,19,10,61,0,0,28,0,28,0,32,47,10,89,18,10,28,117
05/10/2005,BGM,NY,AEA,EN,Combined TRACON& Tower with Radar,0,37,28,5,70,0,0,25,0,25,0,37,53,5,95,4,8,12,107
05/11/2005,BGM,NY,AEA,EN,Combined TRACON& Tower with Radar,0,47,30,4,81,0,0,19,0,19,0,47,49,4,100,14,0,14,114
05/12/2005,BGM,NY,AEA,EN,Combined TRACON& Tower with Radar,0,38,24,6,68,0,0,20,0,20,0,38,44,6,88,2,0,2,90
05/13/2005,BGM,NY,AEA,EN,Combined TRACON& Tower with Radar,0,38,19,4,61,0,0,22,0,22,0,38,41,4,83,6,4,10,93
05/14/2005,BGM,NY,AEA,EN,Combined TRACON& Tower with Radar,0,31,6,0,37,0,0,6,0,6,0,31,12,0,43,20,0,20,63
05/15/2005,BGM,NY,AEA,EN,Combined TRACON& Tower with Radar,0,33,3,4,40,0,0,8,0,8,0,33,11,4,48,10,10,20,68
05/16/2005,BGM,NY,AEA,EN,Combined TRACON& Tower with Radar,0,39,19,0,58,0,0,5,0,5,0,39,24,0,63,0,0,0,63
05/17/2005,BGM,NY,AEA,EN,Combined TRACON& Tower with Radar,0,37,18,2,57,0,0,20,0,20,0,37,38,2,77,36,0,36,113
05/18/2005,BGM,NY,AEA,EN,Combined TRACON& Tower with Radar,0,44,23,10,77,0,0,15,0,15,0,44,38,10,92,16,0,16,108
05/19/2005,BGM,NY,AEA,EN,Combined TRACON& Tower with Radar,0,41,25,6,72,0,0,18,0,18,0,41,43,6,90,10,0,10,100
05/20/2005,BGM,NY,AEA,EN,Combined TRACON& Tower with Radar,0,36,24,0,60,0,0,11,0,11,0,36,35,0,71,30,0,30,101
05/21/2005,BGM,NY,AEA,EN,Combined TRACON& Tower with Radar,0,29,11,0,40,0,0,11,0,11,0,29,22,0,51,6,0,6,57
05/22/2005,BGM,NY,AEA,EN,Combined TRACON& Tower with Radar,0,33,13,1,47,0,0,1,0,1,0,33,14,1,48,0,0,0,48
05/23/2005,BGM,NY,AEA,EN,Combined TRACON& Tower with Radar,0,33,15,0,48,0,0,3,0,3,0,33,18,0,51,0,0,0,51
05/24/2005,BGM,NY,AEA,EN,Combined TRACON& Tower with Radar,0,39,17,4,60,0,0,3,0,3,0,39,20,4,63,2,6,8,71
05/25/2005,BGM,NY,AEA,EN,Combined TRACON& Tower with Radar,0,39,21,8,68,0,0,4,0,4,0,39,25,8,72,12,4,16,88
05/26/2005,BGM,NY,AEA,EN,Combined TRACON& Tower with Radar,0,40,48,10,98,0,0,17,0,17,0,40,65,10,115,24,30,54,169
05/27/2005,BGM,NY,AEA,EN,Combined TRACON& Tower with Radar,0,33,7,2,42,0,0,8,0,8,0,33,15,2,50,30,0,30,80
05/28/2005,BGM,NY,AEA,EN,Combined TRACON& Tower with Radar,0,25,0,0,25,0,0,8,0,8,0,25,8,0,33,0,0,0,33
05/29/2005,BGM,NY,AEA,EN,Combined TRACON& Tower with Radar,0,29,7,0,36,0,0,7,0,7,0,29,14,0,43,0,0,0,43
05/30/2005,BGM,NY,AEA,EN,Combined TRACON& Tower with Radar,0,30,6,0,36,0,0,15,1,16,0,30,21,1,52,24,1,25,77
05/31/2005,BGM,NY,AEA,EN,Combined TRACON& Tower with Radar,0,36,12,7,55,0,0,13,1,14,0,36,25,8,69,24,0,24,93
06/01/2005,BGM,NY,AEA,EN,Combined TRACON& Tower with Radar,0,44,19,43,106,0,0,25,0,25,0,44,44,43,131,8,70,78,209
06/02/2005,BGM,NY,AEA,EN,Combined TRACON& Tower with Radar,0,38,19,8,65,0,0,22,0,22,0,38,41,8,87,42,10,52,139
06/03/2005,BGM,NY,AEA,EN,Combined TRACON& Tower with Radar,0,32,11,2,45,0,0,13,0,13,0,32,24,2,58,32,0,32,90
06/04/2005,BGM,NY,AEA,EN,Combined TRACON& Tower with Radar,0,30,10,0,40,0,0,13,0,13,0,30,23,0,53,6,0,6,59
06/05/2005,BGM,NY,AEA,EN,Combined TRACON& Tower with Radar,0,32,7,0,39,0,0,11,2,13,0,32,18,2,52,4,0,4,56
06/06/2005,BGM,NY,AEA,EN,Combined TRACON& Tower with Radar,0,26,20,2,48,0,0,7,0,7,0,26,27,2,55,4,0,4,59
06/07/2005,BGM,NY,AEA,EN,Combined TRACON& Tower with Radar,0,39,30,2,71,0,0,17,0,17,0,39,47,2,88,7,0,7,95
06/08/2005,BGM,NY,AEA,EN,Combined TRACON& Tower with Radar,0,40,15,2,57,0,0,8,0,8,0,40,23,2,65,24,0,24,89
06/09/2005,BGM,NY,AEA,EN,Combined TRACON& Tower with Radar,0,36,37,14,87,0,0,12,0,12,0,36,49,14,99,0,2,2,101
06/10/2005,BGM,NY,AEA,EN,Combined TRACON& Tower with Radar,0,27,22,2,51,0,0,1,0,1,0,27,23,2,52,26,0,26,78
06/11/2005,BGM,NY,AEA,EN,Combined TRACON& Tower with Radar,0,28,18,0,46,0,0,5,0,5,0,28,23,0,51,0,0,0,51
06/12/2005,BGM,NY,AEA,EN,Combined TRACON& Tower with Radar,0,29,37,0,66,0,0,8,0,8,0,29,45,0,74,10,0,10,84
06/13/2005,BGM,NY,AEA,EN,Combined TRACON& Tower with Radar,0,35,28,2,65,0,0,6,0,6,0,35,34,2,71,16,0,16,87
06/14/2005,BGM,NY,AEA,EN,Combined TRACON& Tower with Radar,0,33,16,4,53,0,0,8,0,8,0,33,24,4,61,10,0,10,71
06/15/2005,BGM,NY,AEA,EN,Combined TRACON& Tower with Radar,0,35,12,0,47,0,0,9,0,9,0,35,21,0,56,24,0,24,80
06/16/2005,BGM,NY,AEA,EN,Combined TRACON& Tower with Radar,0,37,13,2,52,0,0,0,0,0,0,37,13,2,52,6,0,6,58
06/17/2005,BGM,NY,AEA,EN,Combined TRACON& Tower with Radar,0,33,10,2,45,0,0,5,0,5,0,33,15,2,50,6,0,6,56
06/18/2005,BGM,NY,AEA,EN,Combined TRACON& Tower with Radar,0,25,27,0,52,0,0,3,0,3,0,25,30,0,55,0,0,0,55
06/19/2005,BGM,NY,AEA,EN,Combined TRACON& Tower with Radar,0,33,12,0,45,0,0,22,0,22,0,33,34,0,67,0,0,0,67
06/20/2005,BGM,NY,AEA,EN,Combined TRACON& Tower with Radar,0,36,39,2,77,0,0,35,0,35,0,36,74,2,112,30,0,30,142
06/21/2005,BGM,NY,AEA,EN,Combined TRACON& Tower with Radar,0,37,19,0,56,0,0,22,0,22,0,37,41,0,78,16,4,20,98
06/22/2005,BGM,NY,AEA,EN,Combined TRACON& Tower with Radar,0,40,23,2,65,0,0,13,0,13,0,40,36,2,78,18,0,18,96
06/23/2005,BGM,NY,AEA,EN,Combined TRACON& Tower with Radar,0,36,24,3,63,0,0,33,0,33,0,36,57,3,96,34,0,34,130
06/24/2005,BGM,NY,AEA,EN,Combined TRACON& Tower with Radar,0,35,8,0,43,0,0,16,0,16,0,35,24,0,59,38,0,38,97
06/25/2005,BGM,NY,AEA,EN,Combined TRACON& Tower with Radar,0,26,5,0,31,0,0,14,0,14,0,26,19,0,45,12,0,12,57
06/26/2005,BGM,NY,AEA,EN,Combined TRACON& Tower with Radar,0,28,6,0,34,0,0,13,0,13,0,28,19,0,47,0,0,0,47
06/27/2005,BGM,NY,AEA,EN,Combined TRACON& Tower with Radar,0,29,14,8,51,0,0,9,0,9,0,29,23,8,60,20,0,20,80
06/28/2005,BGM,NY,AEA,EN,Combined TRACON& Tower with Radar,0,38,24,8,70,0,0,25,0,25,0,38,49,8,95,0,6,6,101
06/29/2005,BGM,NY,AEA,EN,Combined TRACON& Tower with Radar,0,29,22,1,52,0,0,5,0,5,0,29,27,1,57,4,0,4,61
06/30/2005,BGM,NY,AEA,EN,Combined TRACON& Tower with Radar,0,28,29,2,59,0,0,16,1,17,0,28,45,3,76,28,0,28,104
07/01/2005,BGM,NY,AEA,EN,Combined TRACON& Tower with Radar,0,28,13,2,43,0,0,6,0,6,0,28,19,2,49,20,0,20,69
07/02/2005,BGM,NY,AEA,EN,Combined TRACON& Tower with Radar,0,27,13,0,40,0,0,9,0,9,0,27,22,0,49,10,0,10,59
07/03/2005,BGM,NY,AEA,EN,Combined TRACON& Tower with Radar,0,28,7,0,35,0,0,27,0,27,0,28,34,0,62,6,0,6,68
07/04/2005,BGM,NY,AEA,EN,Combined TRACON& Tower with Radar,0,32,12,2,46,0,0,15,0,15,0,32,27,2,61,2,0,2,63
07/05/2005,BGM,NY,AEA,EN,Combined TRACON& Tower with Radar,0,40,11,4,55,0,0,0,0,0,0,40,11,4,55,2,2,4,59
07/06/2005,BGM,NY,AEA,EN,Combined TRACON& Tower with Radar,0,38,28,2,68,0,0,4,0,4,0,38,32,2,72,32,0,32,104
07/07/2005,BGM,NY,AEA,EN,Combined TRACON& Tower with Radar,0,38,30,15,83,0,0,6,0,6,0,38,36,15,89,6,0,6,95
07/08/2005,BGM,NY,AEA,EN,Combined TRACON& Tower with Radar,0,28,14,0,42,0,0,0,0,0,0,28,14,0,42,0,0,0,42
07/09/2005,BGM,NY,AEA,EN,Combined TRACON& Tower with Radar,0,29,4,0,33,0,0,3,0,3,0,29,7,0,36,0,0,0,36
07/10/2005,BGM,NY,AEA,EN,Combined TRACON& Tower with Radar,0,37,14,0,51,0,0,33,0,33,0,37,47,0,84,14,4,18,102
07/11/2005,BGM,NY,AEA,EN,Combined TRACON& Tower with Radar,0,39,23,11,73,0,0,29,0,29,0,39,52,11,102,20,0,20,122
07/12/2005,BGM,NY,AEA,EN,Combined TRACON& Tower with Radar,0,33,27,9,69,0,1,11,0,12,0,34,38,9,81,34,6,40,121
07/13/2005,BGM,NY,AEA,EN,Combined TRACON& Tower with Radar,0,27,15,2,44,0,0,8,0,8,0,27,23,2,52,12,0,12,64
07/14/2005,BGM,NY,AEA,EN,Combined TRACON& Tower with Radar,0,32,33,6,71,0,1,5,0,6,0,33,38,6,77,33,0,33,110
07/15/2005,BGM,NY,AEA,EN,Combined TRACON& Tower with Radar,0,27,16,2,45,0,0,6,0,6,0,27,22,2,51,14,0,14,65
07/16/2005,BGM,NY,AEA,EN,Combined TRACON& Tower with Radar,0,31,8,0,39,0,0,1,0,1,0,31,9,0,40,0,0,0,40
07/17/2005,BGM,NY,AEA,EN,Combined TRACON& Tower with Radar,0,44,18,0,62,0,0,2,0,2,0,44,20,0,64,12,0,12,76
07/18/2005,BGM,NY,AEA,EN,Combined TRACON& Tower with Radar,0,35,15,0,50,0,0,3,0,3,0,35,18,0,53,22,0,22,75
07/19/2005,BGM,NY,AEA,EN,Combined TRACON& Tower with Radar,0,30,16,0,46,0,2,5,0,7,0,32,21,0,53,2,0,2,55
07/20/2005,BGM,NY,AEA,EN,Combined TRACON& Tower with Radar,0,33,17,12,62,0,0,24,0,24,0,33,41,12,86,40,2,42,128
07/21/2005,BGM,NY,AEA,EN,Combined TRACON& Tower with Radar,0,40,16,2,58,0,3,42,0,45,0,43,58,2,103,54,0,54,157
07/22/2005,BGM,NY,AEA,EN,Combined TRACON& Tower with Radar,0,36,21,0,57,0,0,16,0,16,0,36,37,0,73,10,0,10,83
07/23/2005,BGM,NY,AEA,EN,Combined TRACON& Tower with Radar,0,36,14,0,50,0,0,25,0,25,0,36,39,0,75,12,0,12,87
07/24/2005,BGM,NY,AEA,EN,Combined TRACON& Tower with Radar,0,30,13,0,43,0,0,27,0,27,0,30,40,0,70,20,0,20,90
07/25/2005,BGM,NY,AEA,EN,Combined TRACON& Tower with Radar,0,37,21,4,62,0,0,21,0,21,0,37,42,4,83,16,0,16,99
07/26/2005,BGM,NY,AEA,EN,Combined TRACON& Tower with Radar,0,25,13,2,40,0,0,5,1,6,0,25,18,3,46,10,6,16,62
07/27/2005,BGM,NY,AEA,EN,Combined TRACON& Tower with Radar,0,15,7,0,22,0,0,0,0,0,0,15,7,0,22,6,0,6,28
07/28/2005,BGM,NY,AEA,EN,Combined TRACON& Tower with Radar,0,30,16,4,50,0,0,21,0,21,0,30,37,4,71,28,0,28,99
07/29/2005,BGM,NY,AEA,EN,Combined TRACON& Tower with Radar,0,29,7,0,36,0,0,18,0,18,0,29,25,0,54,4,0,4,58
07/30/2005,BGM,NY,AEA,EN,Combined TRACON& Tower with Radar,0,26,12,0,38,0,0,12,0,12,0,26,24,0,50,0,0,0,50
07/31/2005,BGM,NY,AEA,EN,Combined TRACON& Tower with Radar,0,35,8,0,43,0,0,13,0,13,0,35,21,0,56,0,0,0,56
08/01/2005,BGM,NY,AEA,EN,Combined TRACON& Tower with Radar,0,36,20,4,60,0,0,11,0,11,0,36,31,4,71,0,0,0,71
08/02/2005,BGM,NY,AEA,EN,Combined TRACON& Tower with Radar,0,30,22,5,57,0,0,7,1,8,0,30,29,6,65,32,2,34,99
08/03/2005,BGM,NY,AEA,EN,Combined TRACON& Tower with Radar,0,30,16,0,46,0,0,8,4,12,0,30,24,4,58,32,0,32,90
08/04/2005,BGM,NY,AEA,EN,Combined TRACON& Tower with Radar,0,33,26,0,59,0,0,22,0,22,0,33,48,0,81,18,0,18,99
08/05/2005,BGM,NY,AEA,EN,Combined TRACON& Tower with Radar,0,27,7,0,34,0,0,16,0,16,0,27,23,0,50,6,0,6,56
08/06/2005,BGM,NY,AEA,EN,Combined TRACON& Tower with Radar,0,28,8,0,36,0,0,28,0,28,0,28,36,0,64,4,0,4,68
08/07/2005,BGM,NY,AEA,EN,Combined TRACON& Tower with Radar,0,31,10,0,41,0,0,19,0,19,0,31,29,0,60,2,0,2,62
08/08/2005,BGM,NY,AEA,EN,Combined TRACON& Tower with Radar,0,59,27,9,95,0,0,11,0,11,0,59,38,9,106,12,0,12,118
08/09/2005,BGM,NY,AEA,EN,Combined TRACON& Tower with Radar,0,37,15,0,52,0,0,6,0,6,0,37,21,0,58,4,0,4,62
08/10/2005,BGM,NY,AEA,EN,Combined TRACON& Tower with Radar,0,33,14,9,56,0,0,13,0,13,0,33,27,9,69,26,6,32,101
08/11/2005,BGM,NY,AEA,EN,Combined TRACON& Tower with Radar,0,27,18,3,48,0,1,3,0,4,0,28,21,3,52,6,0,6,58
08/12/2005,BGM,NY,AEA,EN,Combined TRACON& Tower with Radar,0,30,17,0,47,0,0,5,0,5,0,30,22,0,52,4,0,4,56
08/13/2005,BGM,NY,AEA,EN,Combined TRACON& Tower with Radar,0,34,15,0,49,0,0,4,0,4,0,34,19,0,53,0,0,0,53
08/14/2005,BGM,NY,AEA,EN,Combined TRACON& Tower with Radar,0,42,18,1,61,0,0,0,0,0,0,42,18,1,61,0,0,0,61
08/15/2005,BGM,NY,AEA,EN,Combined TRACON& Tower with Radar,0,26,20,0,46,0,0,7,0,7,0,26,27,0,53,0,0,0,53
08/16/2005,BGM,NY,AEA,EN,Combined TRACON& Tower with Radar,0,28,17,0,45,0,0,3,0,3,0,28,20,0,48,16,0,16,64
08/17/2005,BGM,NY,AEA,EN,Combined TRACON& Tower with Radar,0,34,17,4,55,0,2,31,0,33,0,36,48,4,88,30,0,30,118
08/18/2005,BGM,NY,AEA,EN,Combined TRACON& Tower with Radar,0,34,35,0,69,0,0,23,0,23,0,34,58,0,92,52,0,52,144
08/19/2005,BGM,NY,AEA,EN,Combined TRACON& Tower with Radar,0,36,12,0,48,0,0,4,0,4,0,36,16,0,52,8,0,8,60
08/20/2005,BGM,NY,AEA,EN,Combined TRACON& Tower with Radar,0,42,12,0,54,0,0,0,0,0,0,42,12,0,54,0,0,0,54
08/21/2005,BGM,NY,AEA,EN,Combined TRACON& Tower with Radar,0,39,11,0,50,0,0,4,0,4,0,39,15,0,54,0,0,0,54
08/22/2005,BGM,NY,AEA,EN,Combined TRACON& Tower with Radar,0,33,17,2,52,0,0,4,0,4,0,33,21,2,56,48,0,48,104
08/23/2005,BGM,NY,AEA,EN,Combined TRACON& Tower with Radar,0,34,13,4,51,0,0,24,0,24,0,34,37,4,75,46,0,46,121
08/24/2005,BGM,NY,AEA,EN,Combined TRACON& Tower with Radar,0,31,17,4,52,0,0,16,0,16,0,31,33,4,68,28,0,28,96
08/25/2005,BGM,NY,AEA,EN,Combined TRACON& Tower with Radar,0,29,19,5,53,0,0,28,0,28,0,29,47,5,81,26,0,26,107
08/26/2005,BGM,NY,AEA,EN,Combined TRACON& Tower with Radar,0,33,18,0,51,0,1,17,0,18,0,34,35,0,69,28,0,28,97
08/27/2005,BGM,NY,AEA,EN,Combined TRACON& Tower with Radar,0,36,5,0,41,0,0,24,0,24,0,36,29,0,65,0,0,0,65
08/28/2005,BGM,NY,AEA,EN,Combined TRACON& Tower with Radar,0,31,16,0,47,0,0,11,0,11,0,31,27,0,58,8,0,8,66
08/29/2005,BGM,NY,AEA,EN,Combined TRACON& Tower with Radar,0,41,7,4,52,0,0,10,0,10,0,41,17,4,62,6,0,6,68
08/30/2005,BGM,NY,AEA,EN,Combined TRACON& Tower with Radar,0,32,20,6,58,0,0,0,0,0,0,32,20,6,58,8,0,8,66
08/31/2005,BGM,NY,AEA,EN,Combined TRACON& Tower with Radar,0,35,10,4,49,0,0,0,0,0,0,35,10,4,49,0,0,0,49
09/01/2005,BGM,NY,AEA,EN,Combined TRACON& Tower with Radar,0,36,25,0,61,0,0,12,0,12,0,36,37,0,73,18,0,18,91
09/02/2005,BGM,NY,AEA,EN,Combined TRACON& Tower with Radar,0,29,14,0,43,0,0,20,0,20,0,29,34,0,63,8,0,8,71
09/03/2005,BGM,NY,AEA,EN,Combined TRACON& Tower with Radar,0,29,14,0,43,0,0,12,0,12,0,29,26,0,55,8,0,8,63
09/04/2005,BGM,NY,AEA,EN,Combined TRACON& Tower with Radar,0,41,8,0,49,0,0,13,0,13,0,41,21,0,62,28,0,28,90
09/05/2005,BGM,NY,AEA,EN,Combined TRACON& Tower with Radar,0,36,11,0,47,0,0,30,0,30,0,36,41,0,77,24,0,24,101
09/06/2005,BGM,NY,AEA,EN,Combined TRACON& Tower with Radar,0,31,34,0,65,0,0,12,0,12,0,31,46,0,77,40,0,40,117
09/07/2005,BGM,NY,AEA,EN,Combined TRACON& Tower with Radar,0,36,17,4,57,0,0,24,0,24,0,36,41,4,81,24,12,36,117
09/08/2005,BGM,NY,AEA,EN,Combined TRACON& Tower with Radar,0,40,12,1,53,0,0,15,0,15,0,40,27,1,68,8,0,8,76
09/09/2005,BGM,NY,AEA,EN,Combined TRACON& Tower with Radar,0,40,5,0,45,0,2,16,0,18,0,42,21,0,63,8,0,8,71
09/10/2005,BGM,NY,AEA,EN,Combined TRACON& Tower with Radar,0,34,4,0,38,0,0,27,0,27,0,34,31,0,65,8,0,8,73
09/11/2005,BGM,NY,AEA,EN,Combined TRACON& Tower with Radar,0,33,4,0,37,0,0,32,0,32,0,33,36,0,69,12,0,12,81
09/12/2005,BGM,NY,AEA,EN,Combined TRACON& Tower with Radar,0,23,15,0,38,0,0,12,0,12,0,23,27,0,50,10,0,10,60
09/13/2005,BGM,NY,AEA,EN,Combined TRACON& Tower with Radar,0,34,19,6,59,0,0,9,0,9,0,34,28,6,68,24,12,36,104
09/14/2005,BGM,NY,AEA,EN,Combined TRACON& Tower with Radar,0,34,11,5,50,0,0,7,0,7,0,34,18,5,57,28,0,28,85
09/15/2005,BGM,NY,AEA,EN,Combined TRACON& Tower with Radar,0,31,32,3,66,0,0,1,0,1,0,31,33,3,67,18,0,18,85
09/16/2005,BGM,NY,AEA,EN,Combined TRACON& Tower with Radar,0,42,12,2,56,0,0,1,0,1,0,42,13,2,57,30,0,30,87
09/17/2005,BGM,NY,AEA,EN,Combined TRACON& Tower with Radar,0,28,10,0,38,0,0,3,0,3,0,28,13,0,41,0,0,0,41
09/18/2005,BGM,NY,AEA,EN,Combined TRACON& Tower with Radar,0,33,16,0,49,0,0,28,0,28,0,33,44,0,77,34,0,34,111
09/19/2005,BGM,NY,AEA,EN,Combined TRACON& Tower with Radar,0,42,23,0,65,0,0,26,0,26,0,42,49,0,91,74,0,74,165
09/20/2005,BGM,NY,AEA,EN,Combined TRACON& Tower with Radar,0,38,27,0,65,0,0,6,0,6,0,38,33,0,71,24,0,24,95
09/21/2005,BGM,NY,AEA,EN,Combined TRACON& Tower with Radar,0,31,14,2,47,0,0,30,0,30,0,31,44,2,77,42,8,50,127
09/22/2005,BGM,NY,AEA,EN,Combined TRACON& Tower with Radar,0,33,18,1,52,0,0,13,6,19,0,33,31,7,71,40,16,56,127
09/23/2005,BGM,NY,AEA,EN,Combined TRACON& Tower with Radar,0,42,20,0,62,0,0,6,0,6,0,42,26,0,68,32,0,32,100
09/24/2005,BGM,NY,AEA,EN,Combined TRACON& Tower with Radar,0,0,4,0,4,0,26,0,0,26,0,26,4,0,30,24,0,24,54
09/25/2005,BGM,NY,AEA,EN,Combined TRACON& Tower with Radar,0,36,23,0,59,0,0,9,0,9,0,36,32,0,68,0,0,0,68
09/26/2005,BGM,NY,AEA,EN,Combined TRACON& Tower with Radar,0,34,27,0,61,0,0,0,0,0,0,34,27,0,61,0,0,0,61
09/27/2005,BGM,NY,AEA,EN,Combined TRACON& Tower with Radar,0,43,19,10,72,0,0,20,2,22,0,43,39,12,94,68,0,68,162
09/28/2005,BGM,NY,AEA,EN,Combined TRACON& Tower with Radar,0,38,14,2,54,0,0,16,0,16,0,38,30,2,70,29,0,29,99
09/29/2005,BGM,NY,AEA,EN,Combined TRACON& Tower with Radar,0,31,22,4,57,0,2,3,0,5,0,33,25,4,62,6,0,6,68
09/30/2005,BGM,NY,AEA,EN,Combined TRACON& Tower with Radar,0,38,22,2,62,0,0,27,0,27,0,38,49,2,89,14,0,14,103
10/01/2005,BGM,NY,AEA,EN,Combined TRACON& Tower with Radar,0,28,1,0,29,0,0,29,0,29,0,28,30,0,58,60,0,60,118
10/02/2005,BGM,NY,AEA,EN,Combined TRACON& Tower with Radar,0,30,12,0,42,0,0,21,0,21,0,30,33,0,63,8,0,8,71
10/03/2005,BGM,NY,AEA,EN,Combined TRACON& Tower with Radar,0,32,13,6,51,0,0,18,1,19,0,32,31,7,70,4,0,4,74
10/04/2005,BGM,NY,AEA,EN,Combined TRACON& Tower with Radar,0,33,37,13,83,0,0,27,0,27,0,33,64,13,110,15,39,54,164
10/05/2005,BGM,NY,AEA,EN,Combined TRACON& Tower with Radar,0,32,24,13,69,0,0,17,0,17,0,32,41,13,86,55,10,65,151
10/06/2005,BGM,NY,AEA,EN,Combined TRACON& Tower with Radar,0,41,36,4,81,0,0,15,0,15,0,41,51,4,96,34,0,34,130
10/07/2005,BGM,NY,AEA,EN,Combined TRACON& Tower with Radar,0,25,7,3,35,0,0,0,0,0,0,25,7,3,35,0,0,0,35
10/08/2005,BGM,NY,AEA,EN,Combined TRACON& Tower with Radar,0,36,21,1,58,0,0,0,0,0,0,36,21,1,58,0,0,0,58
10/09/2005,BGM,NY,AEA,EN,Combined TRACON& Tower with Radar,0,28,4,0,32,0,0,0,0,0,0,28,4,0,32,0,0,0,32
10/10/2005,BGM,NY,AEA,EN,Combined TRACON& Tower with Radar,0,32,9,0,41,0,0,0,0,0,0,32,9,0,41,0,0,0,41
10/11/2005,BGM,NY,AEA,EN,Combined TRACON& Tower with Radar,0,26,31,4,61,0,0,9,0,9,0,26,40,4,70,8,0,8,78
10/12/2005,BGM,NY,AEA,EN,Combined TRACON& Tower with Radar,0,32,35,0,67,0,0,0,0,0,0,32,35,0,67,0,0,0,67
10/13/2005,BGM,NY,AEA,EN,Combined TRACON& Tower with Radar,0,34,32,2,68,0,0,0,0,0,0,34,32,2,68,0,0,0,68
10/14/2005,BGM,NY,AEA,EN,Combined TRACON& Tower with Radar,0,38,25,0,63,0,0,0,0,0,0,38,25,0,63,0,0,0,63
10/15/2005,BGM,NY,AEA,EN,Combined TRACON& Tower with Radar,0,30,4,0,34,0,0,16,0,16,0,30,20,0,50,20,0,20,70
10/16/2005,BGM,NY,AEA,EN,Combined TRACON& Tower with Radar,0,26,8,0,34,0,0,1,0,1,0,26,9,0,35,0,0,0,35
10/17/2005,BGM,NY,AEA,EN,Combined TRACON& Tower with Radar,0,32,19,2,53,0,0,7,0,7,0,32,26,2,60,4,0,4,64
10/18/2005,BGM,NY,AEA,EN,Combined TRACON& Tower with Radar,0,31,18,1,50,0,0,8,0,8,0,31,26,1,58,18,18,36,94
10/19/2005,BGM,NY,AEA,EN,Combined TRACON& Tower with Radar,0,35,15,0,50,0,0,25,0,25,0,35,40,0,75,46,52,98,173
10/20/2005,BGM,NY,AEA,EN,Combined TRACON& Tower with Radar,0,33,29,2,64,0,0,32,0,32,0,33,61,2,96,50,20,70,166
10/21/2005,BGM,NY,AEA,EN,Combined TRACON& Tower with Radar,0,36,10,0,46,0,0,14,0,14,0,36,24,0,60,12,0,12,72
10/22/2005,BGM,NY,AEA,EN,Combined TRACON& Tower with Radar,0,24,5,0,29,0,0,1,0,1,0,24,6,0,30,0,0,0,30
10/23/2005,BGM,NY,AEA,EN,Combined TRACON& Tower with Radar,0,30,1,0,31,0,0,0,0,0,0,30,1,0,31,0,0,0,31
10/24/2005,BGM,NY,AEA,EN,Combined TRACON& Tower with Radar,0,35,9,0,44,0,0,0,0,0,0,35,9,0,44,0,0,0,44
10/25/2005,BGM,NY,AEA,EN,Combined TRACON& Tower with Radar,0,27,8,0,35,0,0,0,0,0,0,27,8,0,35,0,0,0,35
10/26/2005,BGM,NY,AEA,EN,Combined TRACON& Tower with Radar,0,35,12,0,47,0,0,1,0,1,0,35,13,0,48,0,0,0,48
10/27/2005,BGM,NY,AEA,EN,Combined TRACON& Tower with Radar,0,33,8,1,42,0,0,7,0,7,0,33,15,1,49,8,0,8,57
10/28/2005,BGM,NY,AEA,EN,Combined TRACON& Tower with Radar,0,34,11,2,47,0,0,18,0,18,0,34,29,2,65,20,0,20,85
10/29/2005,BGM,NY,AEA,EN,Combined TRACON& Tower with Radar,0,24,6,0,30,0,0,19,0,19,0,24,25,0,49,54,0,54,103
10/30/2005,BGM,NY,AEA,EN,Combined TRACON& Tower with Radar,0,27,10,0,37,0,0,31,0,31,0,27,41,0,68,8,0,8,76
10/31/2005,BGM,NY,AEA,EN,Combined TRACON& Tower with Radar,2,28,15,2,47,0,0,11,0,11,2,28,26,2,58,14,4,18,76
11/01/2005,BGM,NY,AEA,EN,Combined TRACON& Tower with Radar,0,34,18,0,52,0,0,6,0,6,0,34,24,0,58,4,0,4,62
11/02/2005,BGM,NY,AEA,EN,Combined TRACON& Tower with Radar,0,31,21,0,52,0,0,9,0,9,0,31,30,0,61,0,0,0,61
11/03/2005,BGM,NY,AEA,EN,Combined TRACON& Tower with Radar,0,31,21,0,52,0,0,5,0,5,0,31,26,0,57,12,0,12,69
11/04/2005,BGM,NY,AEA,EN,Combined TRACON& Tower with Radar,0,35,17,0,52,0,5,16,0,21,0,40,33,0,73,24,0,24,97
11/05/2005,BGM,NY,AEA,EN,Combined TRACON& Tower with Radar,0,24,10,0,34,0,0,22,0,22,0,24,32,0,56,32,0,32,88
11/06/2005,BGM,NY,AEA,EN,Combined TRACON& Tower with Radar,0,30,4,1,35,0,0,0,0,0,0,30,4,1,35,0,0,0,35
11/07/2005,BGM,NY,AEA,EN,Combined TRACON& Tower with Radar,0,29,16,0,45,0,0,6,0,6,0,29,22,0,51,30,0,30,81
11/08/2005,BGM,NY,AEA,EN,Combined TRACON& Tower with Radar,0,39,18,7,64,0,0,9,0,9,0,39,27,7,73,6,0,6,79
11/09/2005,BGM,NY,AEA,EN,Combined TRACON& Tower with Radar,0,36,3,0,39,0,0,0,0,0,0,36,3,0,39,0,0,0,39
11/10/2005,BGM,NY,AEA,EN,Combined TRACON& Tower with Radar,0,41,8,13,62,0,0,1,0,1,0,41,9,13,63,0,0,0,63
11/11/2005,BGM,NY,AEA,EN,Combined TRACON& Tower with Radar,0,35,9,0,44,0,0,7,0,7,0,35,16,0,51,18,0,18,69
11/12/2005,BGM,NY,AEA,EN,Combined TRACON& Tower with Radar,0,31,6,0,37,0,0,35,0,35,0,31,41,0,72,12,0,12,84
11/13/2005,BGM,NY,AEA,EN,Combined TRACON& Tower with Radar,0,31,1,0,32,0,0,3,0,3,0,31,4,0,35,28,0,28,63
11/14/2005,BGM,NY,AEA,EN,Combined TRACON& Tower with Radar,0,30,37,4,71,0,0,13,0,13,0,30,50,4,84,4,0,4,88
11/15/2005,BGM,NY,AEA,EN,Combined TRACON& Tower with Radar,0,38,14,2,54,0,0,0,0,0,0,38,14,2,54,0,0,0,54
11/16/2005,BGM,NY,AEA,EN,Combined TRACON& Tower with Radar,0,33,8,0,41,0,0,0,1,1,0,33,8,1,42,0,0,0,42
11/17/2005,BGM,NY,AEA,EN,Combined TRACON& Tower with Radar,0,36,17,2,55,0,0,10,1,11,0,36,27,3,66,14,0,14,80
11/18/2005,BGM,NY,AEA,EN,Combined TRACON& Tower with Radar,0,44,20,0,64,0,1,11,0,12,0,45,31,0,76,16,0,16,92
11/19/2005,BGM,NY,AEA,EN,Combined TRACON& Tower with Radar,0,25,2,0,27,0,0,18,0,18,0,25,20,0,45,22,0,22,67
11/20/2005,BGM,NY,AEA,EN,Combined TRACON& Tower with Radar,0,38,17,0,55,0,0,20,0,20,0,38,37,0,75,28,0,28,103
11/21/2005,BGM,NY,AEA,EN,Combined TRACON& Tower with Radar,0,31,11,0,42,0,0,5,1,6,0,31,16,1,48,0,2,2,50
11/22/2005,BGM,NY,AEA,EN,Combined TRACON& Tower with Radar,0,64,17,1,82,0,0,0,0,0,0,64,17,1,82,0,0,0,82
11/23/2005,BGM,NY,AEA,EN,Combined TRACON& Tower with Radar,0,40,7,0,47,0,0,5,0,5,0,40,12,0,52,18,0,18,70
11/24/2005,BGM,NY,AEA,EN,Combined TRACON& Tower with Radar,0,29,2,0,31,0,0,0,0,0,0,29,2,0,31,0,0,0,31
11/25/2005,BGM,NY,AEA,EN,Combined TRACON& Tower with Radar,0,29,2,0,31,0,0,3,0,3,0,29,5,0,34,22,0,22,56
11/26/2005,BGM,NY,AEA,EN,Combined TRACON& Tower with Radar,0,28,7,0,35,0,0,2,0,2,0,28,9,0,37,8,0,8,45
11/27/2005,BGM,NY,AEA,EN,Combined TRACON& Tower with Radar,0,35,17,0,52,0,0,23,0,23,0,35,40,0,75,8,0,8,83
11/28/2005,BGM,NY,AEA,EN,Combined TRACON& Tower with Radar,0,34,11,0,45,0,1,2,0,3,0,35,13,0,48,30,0,30,78
11/29/2005,BGM,NY,AEA,EN,Combined TRACON& Tower with Radar,0,36,13,0,49,0,0,2,0,2,0,36,15,0,51,0,0,0,51
11/30/2005,BGM,NY,AEA,EN,Combined TRACON& Tower with Radar,0,36,17,0,53,0,0,3,0,3,0,36,20,0,56,0,0,0,56
12/01/2005,BGM,NY,AEA,EN,Combined TRACON& Tower with Radar,0,42,12,6,60,0,0,4,0,4,0,42,16,6,64,38,0,38,102
12/02/2005,BGM,NY,AEA,EN,Combined TRACON& Tower with Radar,0,37,13,4,54,0,0,0,0,0,0,37,13,4,54,0,0,0,54
12/03/2005,BGM,NY,AEA,EN,Combined TRACON& Tower with Radar,0,27,8,0,35,0,0,1,0,1,0,27,9,0,36,20,0,20,56
12/04/2005,BGM,NY,AEA,EN,Combined TRACON& Tower with Radar,0,30,2,0,32,0,0,0,0,0,0,30,2,0,32,16,0,16,48
12/05/2005,BGM,NY,AEA,EN,Combined TRACON& Tower with Radar,0,29,22,0,51,0,0,6,0,6,0,29,28,0,57,16,0,16,73
12/06/2005,BGM,NY,AEA,EN,Combined TRACON& Tower with Radar,0,39,12,0,51,0,0,2,0,2,0,39,14,0,53,0,0,0,53
12/07/2005,BGM,NY,AEA,EN,Combined TRACON& Tower with Radar,0,35,10,2,47,0,0,2,0,2,0,35,12,2,49,0,0,0,49
12/08/2005,BGM,NY,AEA,EN,Combined TRACON& Tower with Radar,0,45,28,4,77,0,0,10,2,12,0,45,38,6,89,62,0,62,151
12/09/2005,BGM,NY,AEA,EN,Combined TRACON& Tower with Radar,0,32,6,0,38,0,0,1,0,1,0,32,7,0,39,0,0,0,39
12/10/2005,BGM,NY,AEA,EN,Combined TRACON& Tower with Radar,0,24,7,0,31,0,0,4,0,4,0,24,11,0,35,16,0,16,51
12/11/2005,BGM,NY,AEA,EN,Combined TRACON& Tower with Radar,0,32,10,0,42,0,0,7,0,7,0,32,17,0,49,8,0,8,57
12/12/2005,BGM,NY,AEA,EN,Combined TRACON& Tower with Radar,0,29,21,0,50,0,0,5,0,5,0,29,26,0,55,24,0,24,79
12/13/2005,BGM,NY,AEA,EN,Combined TRACON& Tower with Radar,0,32,19,2,53,0,0,17,5,22,0,32,36,7,75,0,28,28,103
12/14/2005,BGM,NY,AEA,EN,Combined TRACON& Tower with Radar,0,35,17,5,57,0,3,14,1,18,0,38,31,6,75,6,2,8,83
12/15/2005,BGM,NY,AEA,EN,Combined TRACON& Tower with Radar,0,36,8,0,44,0,0,1,0,1,0,36,9,0,45,6,0,6,51
12/16/2005,BGM,NY,AEA,EN,Combined TRACON& Tower with Radar,0,33,17,0,50,0,0,0,0,0,0,33,17,0,50,0,0,0,50
12/17/2005,BGM,NY,AEA,EN,Combined TRACON& Tower with Radar,0,26,11,0,37,0,0,3,0,3,0,26,14,0,40,48,0,48,88
12/18/2005,BGM,NY,AEA,EN,Combined TRACON& Tower with Radar,0,29,5,0,34,0,0,7,0,7,0,29,12,0,41,40,0,40,81
12/19/2005,BGM,NY,AEA,EN,Combined TRACON& Tower with Radar,0,33,32,2,67,0,0,8,0,8,0,33,40,2,75,0,0,0,75
12/20/2005,BGM,NY,AEA,EN,Combined TRACON& Tower with Radar,0,39,18,2,59,0,0,4,0,4,0,39,22,2,63,22,0,22,85
12/21/2005,BGM,NY,AEA,EN,Combined TRACON& Tower with Radar,0,37,12,6,55,0,4,2,0,6,0,41,14,6,61,0,14,14,75
12/22/2005,BGM,NY,AEA,EN,Combined TRACON& Tower with Radar,0,39,16,0,55,0,0,1,0,1,0,39,17,0,56,22,0,22,78
12/23/2005,BGM,NY,AEA,EN,Combined TRACON& Tower with Radar,0,36,10,0,46,0,0,5,0,5,0,36,15,0,51,48,0,48,99
12/24/2005,BGM,NY,AEA,EN,Combined TRACON& Tower with Radar,0,26,2,0,28,0,0,2,0,2,0,26,4,0,30,30,0,30,60
12/25/2005,BGM,NY,AEA,EN,Combined TRACON& Tower with Radar,0,24,4,0,28,0,0,0,0,0,0,24,4,0,28,0,0,0,28
12/26/2005,BGM,NY,AEA,EN,Combined TRACON& Tower with Radar,0,29,3,0,32,0,0,0,0,0,0,29,3,0,32,0,0,0,32
12/27/2005,BGM,NY,AEA,EN,Combined TRACON& Tower with Radar,0,30,5,5,40,0,0,0,0,0,0,30,5,5,40,0,0,0,40
12/28/2005,BGM,NY,AEA,EN,Combined TRACON& Tower with Radar,0,35,5,0,40,0,0,5,0,5,0,35,10,0,45,30,0,30,75
12/29/2005,BGM,NY,AEA,EN,Combined TRACON& Tower with Radar,0,25,4,0,29,0,0,0,0,0,0,25,4,0,29,0,0,0,29
12/30/2005,BGM,NY,AEA,EN,Combined TRACON& Tower with Radar,0,31,6,0,37,0,0,0,0,0,0,31,6,0,37,0,0,0,37
12/31/2005,BGM,NY,AEA,EN,Combined TRACON& Tower with Radar,0,29,7,0,36,0,0,0,0,0,0,29,7,0,36,0,0,0,36
01/01/2006,BGM,NY,AEA,EN,Combined TRACON& Tower with Radar,0,29,0,0,29,0,0,0,0,0,0,29,0,0,29,0,0,0,29
01/02/2006,BGM,NY,AEA,EN,Combined TRACON& Tower with Radar,0,33,6,0,39,0,0,0,0,0,0,33,6,0,39,38,0,38,77
01/03/2006,BGM,NY,AEA,EN,Combined TRACON& Tower with Radar,0,27,4,0,31,0,0,0,0,0,0,27,4,0,31,0,0,0,31
01/04/2006,BGM,NY,AEA,EN,Combined TRACON& Tower with Radar,0,30,17,0,47,0,0,4,0,4,0,30,21,0,51,28,0,28,79
01/05/2006,BGM,NY,AEA,EN,Combined TRACON& Tower with Radar,0,38,23,8,69,0,0,0,0,0,0,38,23,8,69,0,8,8,77
01/06/2006,BGM,NY,AEA,EN,Combined TRACON& Tower with Radar,0,32,10,0,42,0,0,0,0,0,0,32,10,0,42,0,0,0,42
01/07/2006,BGM,NY,AEA,EN,Combined TRACON& Tower with Radar,0,26,7,0,33,0,0,5,0,5,0,26,12,0,38,28,0,28,66
01/08/2006,BGM,NY,AEA,EN,Combined TRACON& Tower with Radar,0,29,10,0,39,0,0,6,0,6,0,29,16,0,45,0,0,0,45
01/09/2006,BGM,NY,AEA,EN,Combined TRACON& Tower with Radar,0,32,12,0,44,0,0,4,0,4,0,32,16,0,48,16,0,16,64
01/10/2006,BGM,NY,AEA,EN,Combined TRACON& Tower with Radar,0,29,11,2,42,0,0,9,1,10,0,29,20,3,52,12,0,12,64
01/11/2006,BGM,NY,AEA,EN,Combined TRACON& Tower with Radar,0,34,24,4,62,0,0,2,0,2,0,34,26,4,64,30,0,30,94
01/12/2006,BGM,NY,AEA,EN,Combined TRACON& Tower with Radar,0,31,38,4,73,0,0,33,0,33,0,31,71,4,106,50,0,50,156
01/13/2006,BGM,NY,AEA,EN,Combined TRACON& Tower with Radar,0,24,14,0,38,0,0,22,0,22,0,24,36,0,60,36,0,36,96
01/14/2006,BGM,NY,AEA,EN,Combined TRACON& Tower with Radar,0,20,9,0,29,0,0,0,0,0,0,20,9,0,29,0,0,0,29
01/15/2006,BGM,NY,AEA,EN,Combined TRACON& Tower with Radar,0,21,4,0,25,0,0,0,0,0,0,21,4,0,25,0,0,0,25
01/16/2006,BGM,NY,AEA,EN,Combined TRACON& Tower with Radar,0,23,7,0,30,0,0,8,0,8,0,23,15,0,38,2,0,2,40
01/17/2006,BGM,NY,AEA,EN,Combined TRACON& Tower with Radar,0,31,26,0,57,0,0,5,0,5,0,31,31,0,62,4,0,4,66
01/18/2006,BGM,NY,AEA,EN,Combined TRACON& Tower with Radar,0,29,2,0,31,0,0,0,0,0,0,29,2,0,31,0,0,0,31
01/19/2006,BGM,NY,AEA,EN,Combined TRACON& Tower with Radar,0,34,23,0,57,0,0,14,0,14,0,34,37,0,71,60,0,60,131
01/20/2006,BGM,NY,AEA,EN,Combined TRACON& Tower with Radar,0,31,15,0,46,0,0,11,0,11,0,31,26,0,57,18,0,18,75
01/21/2006,BGM,NY,AEA,EN,Combined TRACON& Tower with Radar,0,25,2,0,27,0,0,0,0,0,0,25,2,0,27,6,0,6,33
01/22/2006,BGM,NY,AEA,EN,Combined TRACON& Tower with Radar,0,25,11,0,36,0,0,35,0,35,0,25,46,0,71,36,0,36,107
01/23/2006,BGM,NY,AEA,EN,Combined TRACON& Tower with Radar,0,33,15,0,48,0,0,0,0,0,0,33,15,0,48,0,0,0,48
01/24/2006,BGM,NY,AEA,EN,Combined TRACON& Tower with Radar,0,35,20,0,55,0,0,12,0,12,0,35,32,0,67,38,0,38,105
01/25/2006,BGM,NY,AEA,EN,Combined TRACON& Tower with Radar,0,34,24,2,60,0,0,0,0,0,0,34,24,2,60,0,0,0,60
01/26/2006,BGM,NY,AEA,EN,Combined TRACON& Tower with Radar,0,32,18,0,50,0,0,1,0,1,0,32,19,0,51,0,0,0,51
01/27/2006,BGM,NY,AEA,EN,Combined TRACON& Tower with Radar,0,30,10,0,40,0,0,24,0,24,0,30,34,0,64,48,0,48,112
01/28/2006,BGM,NY,AEA,EN,Combined TRACON& Tower with Radar,0,24,6,0,30,0,0,23,0,23,0,24,29,0,53,52,0,52,105
01/29/2006,BGM,NY,AEA,EN,Combined TRACON& Tower with Radar,0,24,8,0,32,0,0,2,0,2,0,24,10,0,34,0,0,0,34
01/30/2006,BGM,NY,AEA,EN,Combined TRACON& Tower with Radar,0,23,10,2,35,0,0,2,0,2,0,23,12,2,37,22,0,22,59
01/31/2006,BGM,NY,AEA,EN,Combined TRACON& Tower with Radar,0,32,11,0,43,0,0,0,0,0,0,32,11,0,43,0,0,0,43
02/01/2006,BGM,NY,AEA,EN,Combined TRACON& Tower with Radar,0,35,12,0,47,0,0,8,0,8,0,35,20,0,55,26,0,26,81
02/02/2006,BGM,NY,AEA,EN,Combined TRACON& Tower with Radar,0,30,19,4,53,0,0,15,0,15,0,30,34,4,68,62,0,62,130
02/03/2006,BGM,NY,AEA,EN,Combined TRACON& Tower with Radar,0,29,8,0,37,0,0,2,0,2,0,29,10,0,39,32,0,32,71
02/04/2006,BGM,NY,AEA,EN,Combined TRACON& Tower with Radar,0,24,18,0,42,0,0,2,0,2,0,24,20,0,44,0,10,10,54
02/05/2006,BGM,NY,AEA,EN,Combined TRACON& Tower with Radar,0,26,0,6,32,0,0,0,0,0,0,26,0,6,32,0,0,0,32
02/06/2006,BGM,NY,AEA,EN,Combined TRACON& Tower with Radar,0,29,17,2,48,0,0,0,0,0,0,29,17,2,48,0,0,0,48
02/07/2006,BGM,NY,AEA,EN,Combined TRACON& Tower with Radar,0,30,18,0,48,0,0,0,0,0,0,30,18,0,48,8,0,8,56
02/08/2006,BGM,NY,AEA,EN,Combined TRACON& Tower with Radar,0,34,17,0,51,0,0,0,0,0,0,34,17,0,51,0,0,0,51
02/09/2006,BGM,NY,AEA,EN,Combined TRACON& Tower with Radar,0,29,17,0,46,0,0,3,0,3,0,29,20,0,49,24,0,24,73
02/10/2006,BGM,NY,AEA,EN,Combined TRACON& Tower with Radar,0,30,22,2,54,0,0,1,0,1,0,30,23,2,55,0,0,0,55
02/11/2006,BGM,NY,AEA,EN,Combined TRACON& Tower with Radar,0,32,15,0,47,0,0,1,0,1,0,32,16,0,48,12,0,12,60
02/12/2006,BGM,NY,AEA,EN,Combined TRACON& Tower with Radar,0,19,3,0,22,0,0,2,0,2,0,19,5,0,24,0,0,0,24
02/13/2006,BGM,NY,AEA,EN,Combined TRACON& Tower with Radar,0,36,19,1,56,0,0,0,0,0,0,36,19,1,56,8,0,8,64
02/14/2006,BGM,NY,AEA,EN,Combined TRACON& Tower with Radar,0,35,19,4,58,0,0,13,0,13,0,35,32,4,71,16,0,16,87
02/15/2006,BGM,NY,AEA,EN,Combined TRACON& Tower with Radar,0,30,12,0,42,0,2,21,0,23,0,32,33,0,65,14,0,14,79
02/16/2006,BGM,NY,AEA,EN,Combined TRACON& Tower with Radar,0,35,20,0,55,0,0,14,0,14,0,35,34,0,69,22,0,22,91
02/17/2006,BGM,NY,AEA,EN,Combined TRACON& Tower with Radar,0,33,12,0,45,0,0,0,0,0,0,33,12,0,45,10,0,10,55
02/18/2006,BGM,NY,AEA,EN,Combined TRACON& Tower with Radar,0,28,4,0,32,0,0,0,0,0,0,28,4,0,32,2,0,2,34
02/19/2006,BGM,NY,AEA,EN,Combined TRACON& Tower with Radar,0,26,4,0,30,0,0,3,0,3,0,26,7,0,33,20,0,20,53
02/20/2006,BGM,NY,AEA,EN,Combined TRACON& Tower with Radar,0,34,25,0,59,0,0,30,0,30,0,34,55,0,89,24,0,24,113
02/21/2006,BGM,NY,AEA,EN,Combined TRACON& Tower with Radar,0,38,19,1,58,0,0,8,0,8,0,38,27,1,66,8,0,8,74
02/22/2006,BGM,NY,AEA,EN,Combined TRACON& Tower with Radar,0,32,18,8,58,0,0,9,0,9,0,32,27,8,67,16,12,28,95
02/23/2006,BGM,NY,AEA,EN,Combined TRACON& Tower with Radar,0,35,16,2,53,0,0,8,0,8,0,35,24,2,61,12,0,12,73
02/24/2006,BGM,NY,AEA,EN,Combined TRACON& Tower with Radar,0,32,10,0,42,0,0,0,0,0,0,32,10,0,42,4,0,4,46
02/25/2006,BGM,NY,AEA,EN,Combined TRACON& Tower with Radar,0,27,4,0,31,0,0,2,0,2,0,27,6,0,33,2,0,2,35
02/26/2006,BGM,NY,AEA,EN,Combined TRACON& Tower with Radar,0,24,5,0,29,0,0,0,0,0,0,24,5,0,29,0,0,0,29
02/27/2006,BGM,NY,AEA,EN,Combined TRACON& Tower with Radar,0,28,19,0,47,0,0,4,0,4,0,28,23,0,51,18,0,18,69
02/28/2006,BGM,NY,AEA,EN,Combined TRACON& Tower with Radar,0,32,30,10,72,0,0,1,0,1,0,32,31,10,73,0,6,6,79
03/01/2006,BGM,NY,AEA,EN,Combined TRACON& Tower with Radar,0,29,9,6,44,0,0,10,0,10,0,29,19,6,54,58,14,72,126
03/02/2006,BGM,NY,AEA,EN,Combined TRACON& Tower with Radar,0,19,13,0,32,0,0,0,0,0,0,19,13,0,32,0,0,0,32
03/03/2006,BGM,NY,AEA,EN,Combined TRACON& Tower with Radar,0,33,8,0,41,0,0,0,0,0,0,33,8,0,41,0,0,0,41
03/04/2006,BGM,NY,AEA,EN,Combined TRACON& Tower with Radar,0,23,13,0,36,0,0,0,0,0,0,23,13,0,36,12,0,12,48
03/05/2006,BGM,NY,AEA,EN,Combined TRACON& Tower with Radar,0,26,8,0,34,0,0,16,0,16,0,26,24,0,50,10,0,10,60
03/06/2006,BGM,NY,AEA,EN,Combined TRACON& Tower with Radar,0,34,10,2,46,0,0,5,0,5,0,34,15,2,51,4,0,4,55
03/07/2006,BGM,NY,AEA,EN,Combined TRACON& Tower with Radar,0,32,18,12,62,0,0,21,8,29,0,32,39,20,91,38,0,38,129
03/08/2006,BGM,NY,AEA,EN,Combined TRACON& Tower with Radar,0,39,14,12,65,0,0,16,0,16,0,39,30,12,81,44,64,108,189
03/09/2006,BGM,NY,AEA,EN,Combined TRACON& Tower with Radar,0,38,19,2,59,0,0,5,0,5,0,38,24,2,64,6,0,6,70
03/10/2006,BGM,NY,AEA,EN,Combined TRACON& Tower with Radar,0,39,19,0,58,0,0,4,0,4,0,39,23,0,62,10,0,10,72
03/11/2006,BGM,NY,AEA,EN,Combined TRACON& Tower with Radar,0,25,11,0,36,0,20,27,0,47,0,45,38,0,83,60,0,60,143
03/12/2006,BGM,NY,AEA,EN,Combined TRACON& Tower with Radar,0,25,11,0,36,0,0,0,0,0,0,25,11,0,36,0,0,0,36
03/13/2006,BGM,NY,AEA,EN,Combined TRACON& Tower with Radar,0,28,17,0,45,0,0,0,0,0,0,28,17,0,45,0,0,0,45
03/14/2006,BGM,NY,AEA,EN,Combined TRACON& Tower with Radar,0,40,10,0,50,0,0,0,0,0,0,40,10,0,50,0,0,0,50
03/15/2006,BGM,NY,AEA,EN,Combined TRACON& Tower with Radar,0,27,17,2,46,0,0,3,0,3,0,27,20,2,49,0,0,0,49
03/16/2006,BGM,NY,AEA,EN,Combined TRACON& Tower with Radar,0,31,8,17,56,0,0,11,0,11,0,31,19,17,67,52,22,74,141
03/17/2006,BGM,NY,AEA,EN,Combined TRACON& Tower with Radar,0,33,11,4,48,0,0,12,0,12,0,33,23,4,60,8,10,18,78
03/18/2006,BGM,NY,AEA,EN,Combined TRACON& Tower with Radar,0,22,4,0,26,0,0,2,0,2,0,22,6,0,28,0,0,0,28
03/19/2006,BGM,NY,AEA,EN,Combined TRACON& Tower with Radar,0,23,9,0,32,0,0,0,0,0,0,23,9,0,32,0,0,0,32
03/20/2006,BGM,NY,AEA,EN,Combined TRACON& Tower with Radar,0,30,11,0,41,0,0,0,0,0,0,30,11,0,41,0,0,0,41
03/21/2006,BGM,NY,AEA,EN,Combined TRACON& Tower with Radar,0,31,14,16,61,0,0,4,0,4,0,31,18,16,65,0,0,0,65
03/22/2006,BGM,NY,AEA,EN,Combined TRACON& Tower with Radar,0,38,6,0,44,0,0,0,0,0,0,38,6,0,44,0,0,0,44
03/23/2006,BGM,NY,AEA,EN,Combined TRACON& Tower with Radar,0,30,23,28,81,0,0,11,0,11,0,30,34,28,92,24,24,48,140
03/24/2006,BGM,NY,AEA,EN,Combined TRACON& Tower with Radar,0,35,6,0,41,0,0,8,0,8,0,35,14,0,49,32,0,32,81
03/25/2006,BGM,NY,AEA,EN,Combined TRACON& Tower with Radar,0,26,10,0,36,0,0,0,0,0,0,26,10,0,36,0,0,0,36
03/26/2006,BGM,NY,AEA,EN,Combined TRACON& Tower with Radar,0,34,6,0,40,0,0,0,0,0,0,34,6,0,40,0,0,0,40
03/27/2006,BGM,NY,AEA,EN,Combined TRACON& Tower with Radar,0,30,6,0,36,0,2,13,0,15,0,32,19,0,51,20,0,20,71
03/28/2006,BGM,NY,AEA,EN,Combined TRACON& Tower with Radar,0,32,12,3,47,0,0,16,0,16,0,32,28,3,63,40,0,40,103
03/29/2006,BGM,NY,AEA,EN,Combined TRACON& Tower with Radar,0,30,21,0,51,0,0,27,0,27,0,30,48,0,78,46,0,46,124
03/30/2006,BGM,NY,AEA,EN,Combined TRACON& Tower with Radar,0,31,14,7,52,0,0,13,1,14,0,31,27,8,66,58,32,90,156
03/31/2006,BGM,NY,AEA,EN,Combined TRACON& Tower with Radar,0,32,14,0,46,0,0,11,0,11,0,32,25,0,57,39,0,39,96
04/01/2006,BGM,NY,AEA,EN,Combined TRACON& Tower with Radar,0,21,2,0,23,0,0,0,0,0,0,21,2,0,23,0,0,0,23
04/02/2006,BGM,NY,AEA,EN,Combined TRACON& Tower with Radar,0,25,9,0,34,0,0,31,0,31,0,25,40,0,65,38,0,38,103
04/03/2006,BGM,NY,AEA,EN,Combined TRACON& Tower with Radar,0,30,6,0,36,0,0,3,0,3,0,30,9,0,39,0,0,0,39
04/04/2006,BGM,NY,AEA,EN,Combined TRACON& Tower with Radar,0,29,5,6,40,0,0,2,0,2,0,29,7,6,42,14,36,50,92
04/05/2006,BGM,NY,AEA,EN,Combined TRACON& Tower with Radar,0,32,13,2,47,0,0,13,0,13,0,32,26,2,60,10,0,10,70
04/06/2006,BGM,NY,AEA,EN,Combined TRACON& Tower with Radar,0,33,22,4,59,0,0,14,0,14,0,33,36,4,73,28,0,28,101
04/07/2006,BGM,NY,AEA,EN,Combined TRACON& Tower with Radar,0,29,10,0,39,0,0,2,0,2,0,29,12,0,41,16,0,16,57
04/08/2006,BGM,NY,AEA,EN,Combined TRACON& Tower with Radar,0,18,4,0,22,0,0,5,0,5,0,18,9,0,27,20,0,20,47
04/09/2006,BGM,NY,AEA,EN,Combined TRACON& Tower with Radar,0,24,9,0,33,0,0,34,0,34,0,24,43,0,67,36,0,36,103
04/10/2006,BGM,NY,AEA,EN,Combined TRACON& Tower with Radar,0,34,14,0,48,0,0,20,0,20,0,34,34,0,68,12,0,12,80
04/11/2006,BGM,NY,AEA,EN,Combined TRACON& Tower with Radar,0,34,29,16,79,0,0,10,0,10,0,34,39,16,89,24,0,24,113
04/12/2006,BGM,NY,AEA,EN,Combined TRACON& Tower with Radar,0,29,19,8,56,0,0,7,0,7,0,29,26,8,63,20,14,34,97
04/13/2006,BGM,NY,AEA,EN,Combined TRACON& Tower with Radar,0,34,13,24,71,0,0,10,2,12,0,34,23,26,83,36,8,44,127
04/14/2006,BGM,NY,AEA,EN,Combined TRACON& Tower with Radar,0,29,14,2,45,0,0,4,0,4,0,29,18,2,49,0,0,0,49
04/15/2006,BGM,NY,AEA,EN,Combined TRACON& Tower with Radar,0,23,4,0,27,0,0,13,0,13,0,23,17,0,40,24,0,24,64
04/16/2006,BGM,NY,AEA,EN,Combined TRACON& Tower with Radar,0,23,11,0,34,0,0,7,0,7,0,23,18,0,41,0,0,0,41
04/17/2006,BGM,NY,AEA,EN,Combined TRACON& Tower with Radar,0,28,11,0,39,0,0,9,0,9,0,28,20,0,48,16,10,26,74
04/18/2006,BGM,NY,AEA,EN,Combined TRACON& Tower with Radar,0,32,8,0,40,0,0,15,0,15,0,32,23,0,55,20,0,20,75
04/19/2006,BGM,NY,AEA,EN,Combined TRACON& Tower with Radar,0,31,14,30,75,0,0,20,2,22,0,31,34,32,97,26,62,88,185
04/20/2006,BGM,NY,AEA,EN,Combined TRACON& Tower with Radar,0,33,23,12,68,0,0,27,5,32,0,33,50,17,100,46,16,62,162
04/21/2006,BGM,NY,AEA,EN,Combined TRACON& Tower with Radar,0,32,10,14,56,0,0,27,0,27,0,32,37,14,83,54,0,54,137
04/22/2006,BGM,NY,AEA,EN,Combined TRACON& Tower with Radar,0,22,4,0,26,0,0,0,0,0,0,22,4,0,26,0,0,0,26
04/23/2006,BGM,NY,AEA,EN,Combined TRACON& Tower with Radar,0,27,16,0,43,0,0,1,0,1,0,27,17,0,44,0,0,0,44
04/24/2006,BGM,NY,AEA,EN,Combined TRACON& Tower with Radar,0,21,16,8,45,0,0,4,0,4,0,21,20,8,49,30,18,48,97
04/25/2006,BGM,NY,AEA,EN,Combined TRACON& Tower with Radar,0,31,18,3,52,0,0,8,4,12,0,31,26,7,64,10,4,14,78
04/26/2006,BGM,NY,AEA,EN,Combined TRACON& Tower with Radar,0,21,21,4,46,0,1,17,1,19,0,22,38,5,65,30,14,44,109
04/27/2006,BGM,NY,AEA,EN,Combined TRACON& Tower with Radar,0,32,25,6,63,0,0,25,0,25,0,32,50,6,88,22,0,22,110
04/28/2006,BGM,NY,AEA,EN,Combined TRACON& Tower with Radar,0,27,9,0,36,0,1,20,0,21,0,28,29,0,57,46,0,46,103
04/29/2006,BGM,NY,AEA,EN,Combined TRACON& Tower with Radar,0,21,8,0,29,0,0,28,0,28,0,21,36,0,57,88,0,88,145
04/30/2006,BGM,NY,AEA,EN,Combined TRACON& Tower with Radar,0,24,19,0,43,0,0,15,0,15,0,24,34,0,58,4,0,4,62
05/01/2006,BGM,NY,AEA,EN,Combined TRACON& Tower with Radar,0,24,24,6,54,0,0,21,0,21,0,24,45,6,75,48,0,48,123
05/02/2006,BGM,NY,AEA,EN,Combined TRACON& Tower with Radar,0,32,10,6,48,0,0,24,0,24,0,32,34,6,72,28,4,32,104
05/03/2006,BGM,NY,AEA,EN,Combined TRACON& Tower with Radar,0,31,15,8,54,0,0,11,0,11,0,31,26,8,65,62,0,62,127
05/04/2006,BGM,NY,AEA,EN,Combined TRACON& Tower with Radar,0,28,15,5,48,0,0,14,1,15,0,28,29,6,63,28,0,28,91
05/05/2006,BGM,NY,AEA,EN,Combined TRACON& Tower with Radar,0,31,23,13,67,0,0,20,5,25,0,31,43,18,92,44,10,54,146
05/06/2006,BGM,NY,AEA,EN,Combined TRACON& Tower with Radar,0,22,2,0,24,0,0,7,0,7,0,22,9,0,31,44,0,44,75
05/07/2006,BGM,NY,AEA,EN,Combined TRACON& Tower with Radar,0,25,1,0,26,0,0,26,0,26,0,25,27,0,52,0,0,0,52
05/08/2006,BGM,NY,AEA,EN,Combined TRACON& Tower with Radar,0,32,20,4,56,0,1,21,0,22,0,33,41,4,78,40,0,40,118
05/09/2006,BGM,NY,AEA,EN,Combined TRACON& Tower with Radar,0,29,11,7,47,0,0,21,0,21,0,29,32,7,68,32,12,44,112
05/10/2006,BGM,NY,AEA,EN,Combined TRACON& Tower with Radar,0,28,11,2,41,0,0,22,0,22,0,28,33,2,63,44,0,44,107
05/11/2006,BGM,NY,AEA,EN,Combined TRACON& Tower with Radar,0,33,22,2,57,0,0,1,0,1,0,33,23,2,58,6,12,18,76
05/12/2006,BGM,NY,AEA,EN,Combined TRACON& Tower with Radar,0,28,19,2,49,0,0,4,0,4,0,28,23,2,53,22,0,22,75
05/13/2006,BGM,NY,AEA,EN,Combined TRACON& Tower with Radar,0,23,2,0,25,0,0,4,0,4,0,23,6,0,29,14,0,14,43
05/14/2006,BGM,NY,AEA,EN,Combined TRACON& Tower with Radar,0,23,14,0,37,0,0,0,0,0,0,23,14,0,37,0,0,0,37
05/15/2006,BGM,NY,AEA,EN,Combined TRACON& Tower with Radar,0,30,9,4,43,0,0,0,0,0,0,30,9,4,43,0,0,0,43
05/16/2006,BGM,NY,AEA,EN,Combined TRACON& Tower with Radar,0,30,11,12,53,0,0,0,0,0,0,30,11,12,53,0,0,0,53
05/17/2006,BGM,NY,AEA,EN,Combined TRACON& Tower with Radar,0,26,16,10,52,0,0,11,0,11,0,26,27,10,63,10,8,18,81
05/18/2006,BGM,NY,AEA,EN,Combined TRACON& Tower with Radar,0,28,26,0,54,0,0,1,0,1,0,28,27,0,55,36,0,36,91
05/19/2006,BGM,NY,AEA,EN,Combined TRACON& Tower with Radar,0,34,16,2,52,0,0,1,0,1,0,34,17,2,53,0,0,0,53
05/20/2006,BGM,NY,AEA,EN,Combined TRACON& Tower with Radar,0,23,16,0,39,0,0,2,0,2,0,23,18,0,41,0,0,0,41
05/21/2006,BGM,NY,AEA,EN,Combined TRACON& Tower with Radar,0,24,9,0,33,0,0,0,0,0,0,24,9,0,33,0,0,0,33
05/22/2006,BGM,NY,AEA,EN,Combined TRACON& Tower with Radar,0,29,17,0,46,0,0,1,0,1,0,29,18,0,47,0,0,0,47
05/23/2006,BGM,NY,AEA,EN,Combined TRACON& Tower with Radar,0,29,22,5,56,0,0,17,0,17,0,29,39,5,73,48,0,48,121
05/24/2006,BGM,NY,AEA,EN,Combined TRACON& Tower with Radar,0,30,19,5,54,0,0,19,0,19,0,30,38,5,73,12,30,42,115
05/25/2006,BGM,NY,AEA,EN,Combined TRACON& Tower with Radar,0,29,13,18,60,0,0,18,1,19,0,29,31,19,79,38,14,52,131
05/26/2006,BGM,NY,AEA,EN,Combined TRACON& Tower with Radar,0,27,24,4,55,0,0,4,0,4,0,27,28,4,59,18,0,18,77
05/27/2006,BGM,NY,AEA,EN,Combined TRACON& Tower with Radar,0,21,15,0,36,0,0,5,0,5,0,21,20,0,41,0,0,0,41
05/28/2006,BGM,NY,AEA,EN,Combined TRACON& Tower with Radar,0,23,5,0,28,0,0,20,0,20,0,23,25,0,48,0,0,0,48
05/29/2006,BGM,NY,AEA,EN,Combined TRACON& Tower with Radar,0,25,9,0,34,0,0,18,0,18,0,25,27,0,52,58,0,58,110
05/30/2006,BGM,NY,AEA,EN,Combined TRACON& Tower with Radar,0,28,11,0,39,0,0,5,0,5,0,28,16,0,44,54,0,54,98
05/31/2006,BGM,NY,AEA,EN,Combined TRACON& Tower with Radar,0,28,23,4,55,0,0,7,0,7,0,28,30,4,62,40,0,40,102
06/01/2006,BGM,NY,AEA,EN,Combined TRACON& Tower with Radar,0,33,8,0,41,0,0,3,0,3,0,33,11,0,44,30,0,30,74
06/02/2006,BGM,NY,AEA,EN,Combined TRACON& Tower with Radar,0,28,10,0,38,0,0,0,0,0,0,28,10,0,38,14,0,14,52
06/03/2006,BGM,NY,AEA,EN,Combined TRACON& Tower with Radar,0,22,8,0,30,0,0,1,0,1,0,22,9,0,31,0,0,0,31
06/04/2006,BGM,NY,AEA,EN,Combined TRACON& Tower with Radar,0,26,12,0,38,0,0,1,0,1,0,26,13,0,39,2,0,2,41
06/05/2006,BGM,NY,AEA,EN,Combined TRACON& Tower with Radar,0,29,25,0,54,0,0,19,0,19,0,29,44,0,73,14,0,14,87
06/06/2006,BGM,NY,AEA,EN,Combined TRACON& Tower with Radar,0,30,24,0,54,0,0,18,0,18,0,30,42,0,72,46,0,46,118
06/07/2006,BGM,NY,AEA,EN,Combined TRACON& Tower with Radar,0,31,19,6,56,0,0,8,1,9,0,31,27,7,65,56,0,56,121
06/08/2006,BGM,NY,AEA,EN,Combined TRACON& Tower with Radar,0,30,23,0,53,0,0,3,0,3,0,30,26,0,56,4,0,4,60
06/09/2006,BGM,NY,AEA,EN,Combined TRACON& Tower with Radar,0,27,8,0,35,0,0,0,0,0,0,27,8,0,35,20,0,20,55
06/10/2006,BGM,NY,AEA,EN,Combined TRACON& Tower with Radar,0,25,7,0,32,0,0,1,0,1,0,25,8,0,33,0,0,0,33
06/11/2006,BGM,NY,AEA,EN,Combined TRACON& Tower with Radar,0,25,10,0,35,0,0,7,0,7,0,25,17,0,42,12,0,12,54
06/12/2006,BGM,NY,AEA,EN,Combined TRACON& Tower with Radar,0,23,27,2,52,0,0,7,4,11,0,23,34,6,63,26,0,26,89
06/13/2006,BGM,NY,AEA,EN,Combined TRACON& Tower with Radar,0,28,18,0,46,0,0,22,0,22,0,28,40,0,68,20,0,20,88
06/14/2006,BGM,NY,AEA,EN,Combined TRACON& Tower with Radar,0,27,25,7,59,0,1,4,0,5,0,28,29,7,64,28,0,28,92
06/15/2006,BGM,NY,AEA,EN,Combined TRACON& Tower with Radar,0,30,18,11,59,0,0,15,1,16,0,30,33,12,75,18,18,36,111
06/16/2006,BGM,NY,AEA,EN,Combined TRACON& Tower with Radar,0,27,14,0,41,0,0,22,0,22,0,27,36,0,63,38,0,38,101
06/17/2006,BGM,NY,AEA,EN,Combined TRACON& Tower with Radar,0,23,8,0,31,0,3,11,0,14,0,26,19,0,45,18,0,18,63
06/18/2006,BGM,NY,AEA,EN,Combined TRACON& Tower with Radar,0,23,7,0,30,0,0,31,0,31,0,23,38,0,61,2,0,2,63
06/19/2006,BGM,NY,AEA,EN,Combined TRACON& Tower with Radar,0,32,24,0,56,0,0,5,0,5,0,32,29,0,61,14,0,14,75
06/20/2006,BGM,NY,AEA,EN,Combined TRACON& Tower with Radar,0,27,17,4,48,0,0,14,0,14,0,27,31,4,62,8,0,8,70
06/21/2006,BGM,NY,AEA,EN,Combined TRACON& Tower with Radar,0,25,16,5,46,0,0,27,0,27,0,25,43,5,73,18,0,18,91
06/22/2006,BGM,NY,AEA,EN,Combined TRACON& Tower with Radar,0,30,24,0,54,0,0,11,0,11,0,30,35,0,65,54,14,68,133
06/23/2006,BGM,NY,AEA,EN,Combined TRACON& Tower with Radar,0,35,8,0,43,0,0,3,0,3,0,35,11,0,46,0,2,2,48
06/24/2006,BGM,NY,AEA,EN,Combined TRACON& Tower with Radar,0,25,5,1,31,0,0,12,0,12,0,25,17,1,43,0,0,0,43
06/25/2006,BGM,NY,AEA,EN,Combined TRACON& Tower with Radar,0,24,7,0,31,0,0,0,0,0,0,24,7,0,31,0,0,0,31
06/26/2006,BGM,NY,AEA,EN,Combined TRACON& Tower with Radar,0,22,10,0,32,0,0,1,0,1,0,22,11,0,33,34,0,34,67
06/27/2006,BGM,NY,AEA,EN,Combined TRACON& Tower with Radar,0,26,2,0,28,0,0,0,0,0,0,26,2,0,28,2,0,2,30
06/28/2006,BGM,NY,AEA,EN,Combined TRACON& Tower with Radar,0,38,25,27,90,0,8,54,17,79,0,46,79,44,169,42,10,52,221
06/29/2006,BGM,NY,AEA,EN,Combined TRACON& Tower with Radar,0,31,23,5,59,0,11,25,21,57,0,42,48,26,116,50,0,50,166
06/30/2006,BGM,NY,AEA,EN,Combined TRACON& Tower with Radar,0,30,31,3,64,0,0,26,18,44,0,30,57,21,108,12,0,12,120
07/01/2006,BGM,NY,AEA,EN,Combined TRACON& Tower with Radar,0,25,10,3,38,0,0,39,18,57,0,25,49,21,95,0,10,10,105
07/02/2006,BGM,NY,AEA,EN,Combined TRACON& Tower with Radar,0,21,4,0,25,0,0,5,7,12,0,21,9,7,37,14,0,14,51
07/03/2006,BGM,NY,AEA,EN,Combined TRACON& Tower with Radar,0,25,6,0,31,0,0,10,1,11,0,25,16,1,42,24,0,24,66
07/04/2006,BGM,NY,AEA,EN,Combined TRACON& Tower with Radar,0,26,4,0,30,0,0,3,0,3,0,26,7,0,33,8,0,8,41
07/05/2006,BGM,NY,AEA,EN,Combined TRACON& Tower with Radar,0,24,24,0,48,0,0,15,0,15,0,24,39,0,63,22,0,22,85
07/06/2006,BGM,NY,AEA,EN,Combined TRACON& Tower with Radar,0,32,13,21,66,0,0,43,4,47,0,32,56,25,113,50,24,74,187
07/07/2006,BGM,NY,AEA,EN,Combined TRACON& Tower with Radar,0,38,18,0,56,0,0,18,1,19,0,38,36,1,75,18,0,18,93
07/08/2006,BGM,NY,AEA,EN,Combined TRACON& Tower with Radar,0,24,5,0,29,0,0,36,2,38,0,24,41,2,67,36,0,36,103
07/09/2006,BGM,NY,AEA,EN,Combined TRACON& Tower with Radar,0,22,9,0,31,0,0,21,0,21,0,22,30,0,52,26,0,26,78
07/10/2006,BGM,NY,AEA,EN,Combined TRACON& Tower with Radar,0,29,9,0,38,0,0,6,0,6,0,29,15,0,44,0,0,0,44
07/11/2006,BGM,NY,AEA,EN,Combined TRACON& Tower with Radar,0,31,16,0,47,0,0,11,0,11,0,31,27,0,58,14,0,14,72
07/12/2006,BGM,NY,AEA,EN,Combined TRACON& Tower with Radar,0,27,13,0,40,0,0,2,0,2,0,27,15,0,42,0,0,0,42
07/13/2006,BGM,NY,AEA,EN,Combined TRACON& Tower with Radar,0,27,22,3,52,0,0,22,9,31,0,27,44,12,83,60,0,60,143
07/14/2006,BGM,NY,AEA,EN,Combined TRACON& Tower with Radar,0,35,11,0,46,0,0,24,1,25,0,35,35,1,71,22,0,22,93
07/15/2006,BGM,NY,AEA,EN,Combined TRACON& Tower with Radar,0,23,2,0,25,0,0,0,0,0,0,23,2,0,25,4,0,4,29
07/16/2006,BGM,NY,AEA,EN,Combined TRACON& Tower with Radar,0,23,18,0,41,0,0,21,0,21,0,23,39,0,62,22,16,38,100
07/17/2006,BGM,NY,AEA,EN,Combined TRACON& Tower with Radar,0,29,14,0,43,0,0,17,0,17,0,29,31,0,60,24,0,24,84
07/18/2006,BGM,NY,AEA,EN,Combined TRACON& Tower with Radar,0,32,12,12,56,0,0,9,0,9,0,32,21,12,65,16,12,28,93
07/19/2006,BGM,NY,AEA,EN,Combined TRACON& Tower with Radar,0,29,17,0,46,0,0,17,0,17,0,29,34,0,63,4,0,4,67
07/20/2006,BGM,NY,AEA,EN,Combined TRACON& Tower with Radar,0,27,20,3,50,0,0,18,0,18,0,27,38,3,68,34,4,38,106
07/21/2006,BGM,NY,AEA,EN,Combined TRACON& Tower with Radar,0,28,17,10,55,0,0,2,0,2,0,28,19,10,57,6,6,12,69
07/22/2006,BGM,NY,AEA,EN,Combined TRACON& Tower with Radar,0,25,12,0,37,0,0,0,0,0,0,25,12,0,37,0,0,0,37
07/23/2006,BGM,NY,AEA,EN,Combined TRACON& Tower with Radar,0,25,6,0,31,0,0,9,0,9,0,25,15,0,40,28,0,28,68
07/24/2006,BGM,NY,AEA,EN,Combined TRACON& Tower with Radar,0,27,12,0,39,0,0,11,3,14,0,27,23,3,53,22,0,22,75
07/25/2006,BGM,NY,AEA,EN,Combined TRACON& Tower with Radar,0,29,7,6,42,0,0,4,0,4,0,29,11,6,46,0,0,0,46
07/26/2006,BGM,NY,AEA,EN,Combined TRACON& Tower with Radar,0,33,9,0,42,0,0,9,0,9,0,33,18,0,51,6,0,6,57
07/27/2006,BGM,NY,AEA,EN,Combined TRACON& Tower with Radar,0,31,13,0,44,0,0,2,0,2,0,31,15,0,46,0,0,0,46
07/28/2006,BGM,NY,AEA,EN,Combined TRACON& Tower with Radar,0,32,7,0,39,0,0,0,0,0,0,32,7,0,39,10,0,10,49
07/29/2006,BGM,NY,AEA,EN,Combined TRACON& Tower with Radar,0,24,7,0,31,0,0,16,0,16,0,24,23,0,47,34,0,34,81
07/30/2006,BGM,NY,AEA,EN,Combined TRACON& Tower with Radar,0,24,8,0,32,0,0,5,0,5,0,24,13,0,37,30,0,30,67
07/31/2006,BGM,NY,AEA,EN,Combined TRACON& Tower with Radar,0,27,10,5,42,0,0,12,0,12,0,27,22,5,54,10,0,10,64
08/01/2006,BGM,NY,AEA,EN,Combined TRACON& Tower with Radar,0,28,20,13,61,0,1,9,19,29,0,29,29,32,90,28,42,70,160
08/02/2006,BGM,NY,AEA,EN,Combined TRACON& Tower with Radar,0,31,17,0,48,0,0,12,0,12,0,31,29,0,60,30,0,30,90
08/03/2006,BGM,NY,AEA,EN,Combined TRACON& Tower with Radar,0,29,13,2,44,0,0,7,0,7,0,29,20,2,51,0,0,0,51
08/04/2006,BGM,NY,AEA,EN,Combined TRACON& Tower with Radar,0,33,16,4,53,0,0,10,0,10,0,33,26,4,63,14,0,14,77
08/05/2006,BGM,NY,AEA,EN,Combined TRACON& Tower with Radar,0,23,0,0,23,0,1,30,0,31,0,24,30,0,54,30,0,30,84
08/06/2006,BGM,NY,AEA,EN,Combined TRACON& Tower with Radar,0,23,9,0,32,0,0,25,0,25,0,23,34,0,57,34,0,34,91
08/07/2006,BGM,NY,AEA,EN,Combined TRACON& Tower with Radar,0,29,16,4,49,0,0,10,0,10,0,29,26,4,59,0,14,14,73
08/08/2006,BGM,NY,AEA,EN,Combined TRACON& Tower with Radar,0,37,9,11,57,0,0,33,0,33,0,37,42,11,90,20,20,40,130
08/09/2006,BGM,NY,AEA,EN,Combined TRACON& Tower with Radar,0,34,22,37,93,0,0,23,0,23,0,34,45,37,116,0,14,14,130
08/10/2006,BGM,NY,AEA,EN,Combined TRACON& Tower with Radar,0,26,18,10,54,0,0,18,0,18,0,26,36,10,72,20,6,26,98
08/11/2006,BGM,NY,AEA,EN,Combined TRACON& Tower with Radar,0,31,16,1,48,0,0,10,0,10,0,31,26,1,58,72,0,72,130
08/12/2006,BGM,NY,AEA,EN,Combined TRACON& Tower with Radar,0,23,7,0,30,0,0,22,0,22,0,23,29,0,52,4,0,4,56
08/13/2006,BGM,NY,AEA,EN,Combined TRACON& Tower with Radar,0,23,12,0,35,0,0,17,0,17,0,23,29,0,52,20,0,20,72
08/14/2006,BGM,NY,AEA,EN,Combined TRACON& Tower with Radar,0,18,9,14,41,0,0,15,1,16,0,18,24,15,57,40,28,68,125
08/15/2006,BGM,NY,AEA,EN,Combined TRACON& Tower with Radar,0,28,2,8,38,0,0,21,0,21,0,28,23,8,59,28,6,34,93
08/16/2006,BGM,NY,AEA,EN,Combined TRACON& Tower with Radar,0,32,14,4,50,0,0,24,0,24,0,32,38,4,74,36,0,36,110
08/17/2006,BGM,NY,AEA,EN,Combined TRACON& Tower with Radar,0,30,25,32,87,0,0,28,2,30,0,30,53,34,117,36,42,78,195
08/18/2006,BGM,NY,AEA,EN,Combined TRACON& Tower with Radar,0,33,15,0,48,0,0,27,1,28,0,33,42,1,76,14,0,14,90
08/19/2006,BGM,NY,AEA,EN,Combined TRACON& Tower with Radar,0,29,11,0,40,0,0,4,0,4,0,29,15,0,44,6,0,6,50
08/20/2006,BGM,NY,AEA,EN,Combined TRACON& Tower with Radar,0,30,17,0,47,0,0,6,0,6,0,30,23,0,53,0,0,0,53
08/21/2006,BGM,NY,AEA,EN,Combined TRACON& Tower with Radar,0,26,14,2,42,0,0,22,0,22,0,26,36,2,64,4,14,18,82
08/22/2006,BGM,NY,AEA,EN,Combined TRACON& Tower with Radar,0,31,10,0,41,0,0,29,0,29,0,31,39,0,70,26,2,28,98
08/23/2006,BGM,NY,AEA,EN,Combined TRACON& Tower with Radar,0,36,11,13,60,0,0,15,0,15,0,36,26,13,75,22,16,38,113
08/24/2006,BGM,NY,AEA,EN,Combined TRACON& Tower with Radar,0,33,8,0,41,0,0,31,0,31,0,33,39,0,72,4,18,22,94
08/25/2006,BGM,NY,AEA,EN,Combined TRACON& Tower with Radar,0,26,7,0,33,0,0,1,0,1,0,26,8,0,34,0,0,0,34
08/26/2006,BGM,NY,AEA,EN,Combined TRACON& Tower with Radar,0,30,22,0,52,0,0,0,0,0,0,30,22,0,52,0,0,0,52
08/27/2006,BGM,NY,AEA,EN,Combined TRACON& Tower with Radar,0,27,4,0,31,0,0,0,0,0,0,27,4,0,31,0,0,0,31
08/28/2006,BGM,NY,AEA,EN,Combined TRACON& Tower with Radar,0,26,14,3,43,0,0,6,0,6,0,26,20,3,49,0,0,0,49
08/29/2006,BGM,NY,AEA,EN,Combined TRACON& Tower with Radar,0,26,11,0,37,0,0,0,0,0,0,26,11,0,37,0,0,0,37
08/30/2006,BGM,NY,AEA,EN,Combined TRACON& Tower with Radar,0,35,9,4,48,0,0,2,0,2,0,35,11,4,50,4,0,4,54
08/31/2006,BGM,NY,AEA,EN,Combined TRACON& Tower with Radar,0,36,22,5,63,0,0,13,0,13,0,36,35,5,76,18,24,42,118
09/01/2006,BGM,NY,AEA,EN,Combined TRACON& Tower with Radar,0,33,2,0,35,0,0,10,0,10,0,33,12,0,45,20,0,20,65
09/02/2006,BGM,NY,AEA,EN,Combined TRACON& Tower with Radar,0,21,6,0,27,0,0,0,0,0,0,21,6,0,27,0,0,0,27
09/03/2006,BGM,NY,AEA,EN,Combined TRACON& Tower with Radar,0,16,4,0,20,0,0,0,0,0,0,16,4,0,20,0,0,0,20
09/04/2006,BGM,NY,AEA,EN,Combined TRACON& Tower with Radar,0,23,11,0,34,0,0,7,0,7,0,23,18,0,41,16,0,16,57
09/05/2006,BGM,NY,AEA,EN,Combined TRACON& Tower with Radar,0,31,31,3,65,0,0,4,0,4,0,31,35,3,69,0,0,0,69
09/06/2006,BGM,NY,AEA,EN,Combined TRACON& Tower with Radar,0,27,16,17,60,0,0,8,4,12,0,27,24,21,72,0,34,34,106
09/07/2006,BGM,NY,AEA,EN,Combined TRACON& Tower with Radar,0,39,21,0,60,0,0,12,0,12,0,39,33,0,72,2,0,2,74
09/08/2006,BGM,NY,AEA,EN,Combined TRACON& Tower with Radar,0,36,15,0,51,0,0,19,0,19,0,36,34,0,70,16,0,16,86
09/09/2006,BGM,NY,AEA,EN,Combined TRACON& Tower with Radar,0,19,12,0,31,0,0,17,0,17,0,19,29,0,48,12,0,12,60
09/10/2006,BGM,NY,AEA,EN,Combined TRACON& Tower with Radar,0,25,12,0,37,0,0,11,0,11,0,25,23,0,48,12,0,12,60
09/11/2006,BGM,NY,AEA,EN,Combined TRACON& Tower with Radar,0,28,17,0,45,0,0,17,0,17,0,28,34,0,62,6,0,6,68
09/12/2006,BGM,NY,AEA,EN,Combined TRACON& Tower with Radar,0,29,13,0,42,0,0,13,2,15,0,29,26,2,57,0,0,0,57
09/13/2006,BGM,NY,AEA,EN,Combined TRACON& Tower with Radar,0,27,16,0,43,0,0,0,0,0,0,27,16,0,43,0,0,0,43
09/14/2006,BGM,NY,AEA,EN,Combined TRACON& Tower with Radar,0,28,28,12,68,0,0,0,0,0,0,28,28,12,68,0,0,0,68
09/15/2006,BGM,NY,AEA,EN,Combined TRACON& Tower with Radar,0,33,12,0,45,0,0,0,0,0,0,33,12,0,45,0,0,0,45
09/16/2006,BGM,NY,AEA,EN,Combined TRACON& Tower with Radar,0,22,11,0,33,0,0,3,0,3,0,22,14,0,36,0,0,0,36
09/17/2006,BGM,NY,AEA,EN,Combined TRACON& Tower with Radar,0,23,7,0,30,0,0,18,0,18,0,23,25,0,48,8,0,8,56
09/18/2006,BGM,NY,AEA,EN,Combined TRACON& Tower with Radar,0,23,19,2,44,0,2,18,2,22,0,25,37,4,66,14,22,36,102
09/19/2006,BGM,NY,AEA,EN,Combined TRACON& Tower with Radar,0,33,15,13,61,0,0,4,0,4,0,33,19,13,65,4,2,6,71
09/20/2006,BGM,NY,AEA,EN,Combined TRACON& Tower with Radar,0,27,13,16,56,0,0,6,0,6,0,27,19,16,62,8,10,18,80
09/21/2006,BGM,NY,AEA,EN,Combined TRACON& Tower with Radar,0,29,26,2,57,0,0,24,0,24,0,29,50,2,81,28,0,28,109
09/22/2006,BGM,NY,AEA,EN,Combined TRACON& Tower with Radar,0,30,16,0,46,0,0,17,0,17,0,30,33,0,63,8,0,8,71
09/23/2006,BGM,NY,AEA,EN,Combined TRACON& Tower with Radar,0,23,2,0,25,0,0,2,0,2,0,23,4,0,27,0,0,0,27
09/24/2006,BGM,NY,AEA,EN,Combined TRACON& Tower with Radar,0,25,5,0,30,0,0,4,0,4,0,25,9,0,34,0,0,0,34
09/25/2006,BGM,NY,AEA,EN,Combined TRACON& Tower with Radar,0,27,23,3,53,0,0,14,0,14,0,27,37,3,67,25,0,25,92
09/26/2006,BGM,NY,AEA,EN,Combined TRACON& Tower with Radar,0,25,12,0,37,0,0,12,0,12,0,25,24,0,49,32,0,32,81
09/27/2006,BGM,NY,AEA,EN,Combined TRACON& Tower with Radar,0,26,13,0,39,0,0,8,0,8,0,26,21,0,47,17,0,17,64
09/28/2006,BGM,NY,AEA,EN,Combined TRACON& Tower with Radar,0,26,24,2,52,0,0,9,0,9,0,26,33,2,61,0,0,0,61
09/29/2006,BGM,NY,AEA,EN,Combined TRACON& Tower with Radar,0,34,17,1,52,0,0,11,1,12,0,34,28,2,64,28,0,28,92
09/30/2006,BGM,NY,AEA,EN,Combined TRACON& Tower with Radar,0,24,24,0,48,0,0,15,0,15,0,24,39,0,63,30,0,30,93
10/01/2006,BGM,NY,AEA,EN,Combined TRACON& Tower with Radar,0,24,7,0,31,0,0,6,0,6,0,24,13,0,37,28,0,28,65
10/02/2006,BGM,NY,AEA,EN,Combined TRACON& Tower with Radar,0,27,27,6,60,0,0,11,0,11,0,27,38,6,71,12,10,22,93
10/03/2006,BGM,NY,AEA,EN,Combined TRACON& Tower with Radar,0,26,11,2,39,0,0,18,0,18,0,26,29,2,57,2,8,10,67
10/04/2006,BGM,NY,AEA,EN,Combined TRACON& Tower with Radar,0,29,15,0,44,0,0,0,0,0,0,29,15,0,44,12,0,12,56
10/05/2006,BGM,NY,AEA,EN,Combined TRACON& Tower with Radar,0,43,20,1,64,0,0,11,0,11,0,43,31,1,75,30,6,36,111
10/06/2006,BGM,NY,AEA,EN,Combined TRACON& Tower with Radar,0,27,12,0,39,0,0,24,0,24,0,27,36,0,63,40,0,40,103
10/07/2006,BGM,NY,AEA,EN,Combined TRACON& Tower with Radar,0,21,14,0,35,0,0,27,0,27,0,21,41,0,62,54,0,54,116
10/08/2006,BGM,NY,AEA,EN,Combined TRACON& Tower with Radar,0,28,14,0,42,0,0,15,0,15,0,28,29,0,57,65,0,65,122
10/09/2006,BGM,NY,AEA,EN,Combined TRACON& Tower with Radar,0,33,10,0,43,0,0,21,0,21,0,33,31,0,64,0,4,4,68
10/10/2006,BGM,NY,AEA,EN,Combined TRACON& Tower with Radar,0,29,18,0,47,0,0,17,0,17,0,29,35,0,64,0,0,0,64
10/11/2006,BGM,NY,AEA,EN,Combined TRACON& Tower with Radar,0,21,11,0,32,0,0,0,0,0,0,21,11,0,32,0,0,0,32
10/12/2006,BGM,NY,AEA,EN,Combined TRACON& Tower with Radar,0,32,9,7,48,0,0,1,3,4,0,32,10,10,52,14,6,20,72
10/13/2006,BGM,NY,AEA,EN,Combined TRACON& Tower with Radar,0,30,10,0,40,0,0,2,0,2,0,30,12,0,42,26,0,26,68
10/14/2006,BGM,NY,AEA,EN,Combined TRACON& Tower with Radar,0,21,8,0,29,0,0,8,0,8,0,21,16,0,37,25,0,25,62
10/15/2006,BGM,NY,AEA,EN,Combined TRACON& Tower with Radar,0,29,13,0,42,0,0,12,0,12,0,29,25,0,54,26,16,42,96
10/16/2006,BGM,NY,AEA,EN,Combined TRACON& Tower with Radar,0,30,13,0,43,0,0,14,0,14,0,30,27,0,57,34,0,34,91
10/17/2006,BGM,NY,AEA,EN,Combined TRACON& Tower with Radar,0,27,19,2,48,0,0,1,0,1,0,27,20,2,49,2,0,2,51
10/18/2006,BGM,NY,AEA,EN,Combined TRACON& Tower with Radar,0,34,16,2,52,0,0,7,0,7,0,34,23,2,59,38,0,38,97
10/19/2006,BGM,NY,AEA,EN,Combined TRACON& Tower with Radar,0,27,20,16,63,0,0,1,0,1,0,27,21,16,64,8,12,20,84
10/20/2006,BGM,NY,AEA,EN,Combined TRACON& Tower with Radar,0,27,7,2,36,0,0,0,0,0,0,27,7,2,36,0,0,0,36
10/21/2006,BGM,NY,AEA,EN,Combined TRACON& Tower with Radar,0,23,3,0,26,0,0,9,2,11,0,23,12,2,37,10,0,10,47
10/22/2006,BGM,NY,AEA,EN,Combined TRACON& Tower with Radar,0,26,8,0,34,0,0,7,1,8,0,26,15,1,42,16,0,16,58
10/23/2006,BGM,NY,AEA,EN,Combined TRACON& Tower with Radar,0,30,6,0,36,0,0,1,0,1,0,30,7,0,37,8,0,8,45
10/24/2006,BGM,NY,AEA,EN,Combined TRACON& Tower with Radar,0,26,11,0,37,0,0,4,0,4,0,26,15,0,41,6,0,6,47
10/25/2006,BGM,NY,AEA,EN,Combined TRACON& Tower with Radar,0,29,20,0,49,0,2,2,0,4,0,31,22,0,53,0,0,0,53
10/26/2006,BGM,NY,AEA,EN,Combined TRACON& Tower with Radar,0,30,16,2,48,0,0,7,0,7,0,30,23,2,55,12,0,12,67
10/27/2006,BGM,NY,AEA,EN,Combined TRACON& Tower with Radar,0,30,16,0,46,0,0,14,0,14,0,30,30,0,60,22,0,22,82
10/28/2006,BGM,NY,AEA,EN,Combined TRACON& Tower with Radar,0,27,2,2,31,0,0,4,0,4,0,27,6,2,35,0,0,0,35
10/29/2006,BGM,NY,AEA,EN,Combined TRACON& Tower with Radar,0,39,3,0,42,0,0,7,0,7,0,39,10,0,49,0,0,0,49
10/30/2006,BGM,NY,AEA,EN,Combined TRACON& Tower with Radar,0,24,10,1,35,0,0,22,0,22,0,24,32,1,57,26,2,28,85
10/31/2006,BGM,NY,AEA,EN,Combined TRACON& Tower with Radar,0,28,18,0,46,0,0,12,0,12,0,28,30,0,58,26,0,26,84
11/01/2006,BGM,NY,AEA,EN,Combined TRACON& Tower with Radar,0,31,15,8,54,0,0,23,0,23,0,31,38,8,77,2,22,24,101
11/02/2006,BGM,NY,AEA,EN,Combined TRACON& Tower with Radar,0,32,15,0,47,0,0,18,0,18,0,32,33,0,65,10,0,10,75
11/03/2006,BGM,NY,AEA,EN,Combined TRACON& Tower with Radar,0,24,11,0,35,0,0,8,0,8,0,24,19,0,43,10,0,10,53
11/04/2006,BGM,NY,AEA,EN,Combined TRACON& Tower with Radar,0,21,6,0,27,0,0,11,0,11,0,21,17,0,38,9,0,9,47
11/05/2006,BGM,NY,AEA,EN,Combined TRACON& Tower with Radar,0,27,14,0,41,0,0,20,0,20,0,27,34,0,61,4,0,4,65
11/06/2006,BGM,NY,AEA,EN,Combined TRACON& Tower with Radar,0,26,12,0,38,0,0,27,0,27,0,26,39,0,65,2,0,2,67
11/07/2006,BGM,NY,AEA,EN,Combined TRACON& Tower with Radar,0,26,14,0,40,0,0,8,4,12,0,26,22,4,52,8,0,8,60
11/08/2006,BGM,NY,AEA,EN,Combined TRACON& Tower with Radar,0,31,28,2,61,0,0,0,0,0,0,31,28,2,61,0,0,0,61
11/09/2006,BGM,NY,AEA,EN,Combined TRACON& Tower with Radar,0,34,17,0,51,0,0,13,0,13,0,34,30,0,64,4,0,4,68
11/10/2006,BGM,NY,AEA,EN,Combined TRACON& Tower with Radar,0,30,9,0,39,0,0,23,0,23,0,30,32,0,62,36,0,36,98
11/11/2006,BGM,NY,AEA,EN,Combined TRACON& Tower with Radar,0,32,4,0,36,0,0,7,0,7,0,32,11,0,43,12,0,12,55
11/12/2006,BGM,NY,AEA,EN,Combined TRACON& Tower with Radar,0,18,1,0,19,0,0,0,0,0,0,18,1,0,19,0,0,0,19
11/13/2006,BGM,NY,AEA,EN,Combined TRACON& Tower with Radar,0,28,1,0,29,0,0,0,0,0,0,28,1,0,29,0,0,0,29
11/14/2006,BGM,NY,AEA,EN,Combined TRACON& Tower with Radar,0,27,16,9,52,0,0,0,0,0,0,27,16,9,52,6,0,6,58
11/15/2006,BGM,NY,AEA,EN,Combined TRACON& Tower with Radar,0,32,18,0,50,0,0,2,0,2,0,32,20,0,52,26,0,26,78
11/16/2006,BGM,NY,AEA,EN,Combined TRACON& Tower with Radar,0,33,12,0,45,0,0,0,0,0,0,33,12,0,45,0,0,0,45
11/17/2006,BGM,NY,AEA,EN,Combined TRACON& Tower with Radar,0,31,13,2,46,0,0,4,1,5,0,31,17,3,51,2,0,2,53
11/18/2006,BGM,NY,AEA,EN,Combined TRACON& Tower with Radar,0,24,2,0,26,0,0,3,0,3,0,24,5,0,29,0,0,0,29
11/19/2006,BGM,NY,AEA,EN,Combined TRACON& Tower with Radar,0,21,8,0,29,0,0,0,0,0,0,21,8,0,29,0,0,0,29
11/20/2006,BGM,NY,AEA,EN,Combined TRACON& Tower with Radar,0,32,18,0,50,0,0,1,0,1,0,32,19,0,51,0,0,0,51
11/21/2006,BGM,NY,AEA,EN,Combined TRACON& Tower with Radar,0,28,22,3,53,0,0,16,0,16,0,28,38,3,69,0,16,16,85
11/22/2006,BGM,NY,AEA,EN,Combined TRACON& Tower with Radar,0,27,37,0,64,0,0,15,0,15,0,27,52,0,79,54,0,54,133
11/23/2006,BGM,NY,AEA,EN,Combined TRACON& Tower with Radar,0,23,0,0,23,0,0,1,0,1,0,23,1,0,24,0,0,0,24
11/24/2006,BGM,NY,AEA,EN,Combined TRACON& Tower with Radar,0,24,11,0,35,0,0,36,0,36,0,24,47,0,71,30,0,30,101
11/25/2006,BGM,NY,AEA,EN,Combined TRACON& Tower with Radar,0,22,4,0,26,0,0,11,0,11,0,22,15,0,37,8,0,8,45
11/26/2006,BGM,NY,AEA,EN,Combined TRACON& Tower with Radar,0,25,5,0,30,0,0,26,0,26,0,25,31,0,56,2,0,2,58
11/27/2006,BGM,NY,AEA,EN,Combined TRACON& Tower with Radar,0,28,12,0,40,0,0,20,0,20,0,28,32,0,60,0,0,0,60
11/28/2006,BGM,NY,AEA,EN,Combined TRACON& Tower with Radar,0,33,27,2,62,0,0,25,0,25,0,33,52,2,87,26,18,44,131
11/29/2006,BGM,NY,AEA,EN,Combined TRACON& Tower with Radar,0,30,23,19,72,0,0,11,0,11,0,30,34,19,83,8,26,34,117
11/30/2006,BGM,NY,AEA,EN,Combined TRACON& Tower with Radar,0,30,20,0,50,0,0,2,0,2,0,30,22,0,52,0,0,0,52
12/01/2006,BGM,NY,AEA,EN,Combined TRACON& Tower with Radar,0,25,5,0,30,0,0,0,0,0,0,25,5,0,30,0,0,0,30
12/02/2006,BGM,NY,AEA,EN,Combined TRACON& Tower with Radar,0,20,6,0,26,0,0,0,0,0,0,20,6,0,26,0,0,0,26
12/03/2006,BGM,NY,AEA,EN,Combined TRACON& Tower with Radar,0,27,10,0,37,0,0,17,0,17,0,27,27,0,54,6,0,6,60
12/04/2006,BGM,NY,AEA,EN,Combined TRACON& Tower with Radar,0,27,15,3,45,0,0,3,9,12,0,27,18,12,57,0,0,0,57
12/05/2006,BGM,NY,AEA,EN,Combined TRACON& Tower with Radar,0,26,14,1,41,0,0,15,0,15,0,26,29,1,56,26,30,56,112
12/06/2006,BGM,NY,AEA,EN,Combined TRACON& Tower with Radar,0,28,31,8,67,0,0,17,0,17,0,28,48,8,84,2,0,2,86
12/07/2006,BGM,NY,AEA,EN,Combined TRACON& Tower with Radar,0,35,19,0,54,0,0,0,0,0,0,35,19,0,54,0,0,0,54
12/08/2006,BGM,NY,AEA,EN,Combined TRACON& Tower with Radar,0,32,11,0,43,0,0,1,0,1,0,32,12,0,44,24,0,24,68
12/09/2006,BGM,NY,AEA,EN,Combined TRACON& Tower with Radar,0,25,9,0,34,0,0,13,0,13,0,25,22,0,47,12,0,12,59
12/10/2006,BGM,NY,AEA,EN,Combined TRACON& Tower with Radar,0,25,4,0,29,0,1,4,0,5,0,26,8,0,34,24,0,24,58
12/11/2006,BGM,NY,AEA,EN,Combined TRACON& Tower with Radar,0,30,21,0,51,0,0,2,0,2,0,30,23,0,53,6,2,8,61
12/12/2006,BGM,NY,AEA,EN,Combined TRACON& Tower with Radar,0,30,10,7,47,0,0,18,0,18,0,30,28,7,65,28,0,28,93
12/13/2006,BGM,NY,AEA,EN,Combined TRACON& Tower with Radar,0,31,17,6,54,0,0,0,0,0,0,31,17,6,54,2,0,2,56
12/14/2006,BGM,NY,AEA,EN,Combined TRACON& Tower with Radar,0,23,23,3,49,0,0,14,1,15,0,23,37,4,64,20,0,20,84
12/15/2006,BGM,NY,AEA,EN,Combined TRACON& Tower with Radar,0,37,21,2,60,0,0,9,0,9,0,37,30,2,69,2,0,2,71
12/16/2006,BGM,NY,AEA,EN,Combined TRACON& Tower with Radar,0,26,10,0,36,0,0,5,0,5,0,26,15,0,41,0,0,0,41
12/17/2006,BGM,NY,AEA,EN,Combined TRACON& Tower with Radar,0,42,12,0,54,0,0,8,1,9,0,42,20,1,63,0,0,0,63
12/18/2006,BGM,NY,AEA,EN,Combined TRACON& Tower with Radar,0,28,13,0,41,0,0,0,0,0,0,28,13,0,41,22,0,22,63
12/19/2006,BGM,NY,AEA,EN,Combined TRACON& Tower with Radar,0,32,9,8,49,0,0,10,0,10,0,32,19,8,59,6,20,26,85
12/20/2006,BGM,NY,AEA,EN,Combined TRACON& Tower with Radar,0,31,11,0,42,0,0,14,0,14,0,31,25,0,56,2,0,2,58
12/21/2006,BGM,NY,AEA,EN,Combined TRACON& Tower with Radar,0,31,9,0,40,0,0,12,0,12,0,31,21,0,52,0,0,0,52
12/22/2006,BGM,NY,AEA,EN,Combined TRACON& Tower with Radar,0,46,3,0,49,0,0,1,0,1,0,46,4,0,50,0,0,0,50
12/23/2006,BGM,NY,AEA,EN,Combined TRACON& Tower with Radar,0,22,8,0,30,0,0,2,0,2,0,22,10,0,32,0,0,0,32
12/24/2006,BGM,NY,AEA,EN,Combined TRACON& Tower with Radar,0,18,0,0,18,0,1,0,0,1,0,19,0,0,19,4,0,4,23
12/25/2006,BGM,NY,AEA,EN,Combined TRACON& Tower with Radar,0,15,1,0,16,0,0,0,0,0,0,15,1,0,16,0,0,0,16
12/26/2006,BGM,NY,AEA,EN,Combined TRACON& Tower with Radar,0,24,0,0,24,0,0,0,0,0,0,24,0,0,24,0,0,0,24
12/27/2006,BGM,NY,AEA,EN,Combined TRACON& Tower with Radar,0,36,7,0,43,0,0,0,0,0,0,36,7,0,43,0,0,0,43
12/28/2006,BGM,NY,AEA,EN,Combined TRACON& Tower with Radar,0,27,8,8,43,0,1,3,0,4,0,28,11,8,47,0,0,0,47
12/29/2006,BGM,NY,AEA,EN,Combined TRACON& Tower with Radar,0,26,12,0,38,0,0,19,0,19,0,26,31,0,57,30,0,30,87
12/30/2006,BGM,NY,AEA,EN,Combined TRACON& Tower with Radar,0,16,2,0,18,0,0,2,0,2,0,16,4,0,20,0,0,0,20
12/31/2006,BGM,NY,AEA,EN,Combined TRACON& Tower with Radar,0,34,10,0,44,0,0,23,0,23,0,34,33,0,67,20,0,20,87
01/01/2007,BGM,NY,AEA,EN,Combined TRACON& Tower with Radar,0,26,7,0,33,0,0,0,0,0,0,26,7,0,33,4,0,4,37
01/02/2007,BGM,NY,AEA,EN,Combined TRACON& Tower with Radar,0,26,11,0,37,0,0,6,0,6,0,26,17,0,43,16,0,16,59
01/03/2007,BGM,NY,AEA,EN,Combined TRACON& Tower with Radar,0,31,19,6,56,0,0,17,0,17,0,31,36,6,73,30,28,58,131
01/04/2007,BGM,NY,AEA,EN,Combined TRACON& Tower with Radar,0,31,23,2,56,0,0,26,0,26,0,31,49,2,82,10,34,44,126
01/05/2007,BGM,NY,AEA,EN,Combined TRACON& Tower with Radar,0,27,11,15,53,0,0,3,0,3,0,27,14,15,56,0,10,10,66
01/06/2007,BGM,NY,AEA,EN,Combined TRACON& Tower with Radar,0,22,14,0,36,0,0,0,0,0,0,22,14,0,36,0,0,0,36
01/07/2007,BGM,NY,AEA,EN,Combined TRACON& Tower with Radar,0,30,14,0,44,0,0,23,0,23,0,30,37,0,67,10,0,10,77
01/08/2007,BGM,NY,AEA,EN,Combined TRACON& Tower with Radar,0,29,7,3,39,0,0,0,0,0,0,29,7,3,39,0,0,0,39
01/09/2007,BGM,NY,AEA,EN,Combined TRACON& Tower with Radar,0,25,18,2,45,0,0,0,2,2,0,25,18,4,47,2,10,12,59
01/10/2007,BGM,NY,AEA,EN,Combined TRACON& Tower with Radar,0,30,9,26,65,0,0,5,4,9,0,30,14,30,74,0,36,36,110
01/11/2007,BGM,NY,AEA,EN,Combined TRACON& Tower with Radar,0,40,12,0,52,0,0,23,0,23,0,40,35,0,75,16,0,16,91
01/12/2007,BGM,NY,AEA,EN,Combined TRACON& Tower with Radar,0,40,15,5,60,0,0,2,0,2,0,40,17,5,62,23,0,23,85
01/13/2007,BGM,NY,AEA,EN,Combined TRACON& Tower with Radar,0,20,6,2,28,0,0,0,0,0,0,20,6,2,28,0,0,0,28
01/14/2007,BGM,NY,AEA,EN,Combined TRACON& Tower with Radar,0,22,0,0,22,0,0,0,0,0,0,22,0,0,22,0,0,0,22
01/15/2007,BGM,NY,AEA,EN,Combined TRACON& Tower with Radar,0,31,7,0,38,0,0,0,0,0,0,31,7,0,38,0,0,0,38
01/16/2007,BGM,NY,AEA,EN,Combined TRACON& Tower with Radar,0,29,11,0,40,0,0,0,0,0,0,29,11,0,40,0,0,0,40
01/17/2007,BGM,NY,AEA,EN,Combined TRACON& Tower with Radar,0,26,13,6,45,0,0,12,0,12,0,26,25,6,57,8,14,22,79
01/18/2007,BGM,NY,AEA,EN,Combined TRACON& Tower with Radar,0,33,21,3,57,0,1,11,1,13,0,34,32,4,70,26,10,36,106
01/19/2007,BGM,NY,AEA,EN,Combined TRACON& Tower with Radar,0,30,8,0,38,0,0,0,0,0,0,30,8,0,38,0,0,0,38
01/20/2007,BGM,NY,AEA,EN,Combined TRACON& Tower with Radar,0,19,2,0,21,0,0,0,0,0,0,19,2,0,21,0,0,0,21
01/21/2007,BGM,NY,AEA,EN,Combined TRACON& Tower with Radar,0,30,6,0,36,0,0,15,0,15,0,30,21,0,51,38,0,38,89
01/22/2007,BGM,NY,AEA,EN,Combined TRACON& Tower with Radar,0,29,15,0,44,0,0,0,0,0,0,29,15,0,44,0,0,0,44
01/23/2007,BGM,NY,AEA,EN,Combined TRACON& Tower with Radar,0,29,12,6,47,0,0,9,0,9,0,29,21,6,56,12,32,44,100
01/24/2007,BGM,NY,AEA,EN,Combined TRACON& Tower with Radar,0,31,14,4,49,0,0,0,0,0,0,31,14,4,49,6,0,6,55
01/25/2007,BGM,NY,AEA,EN,Combined TRACON& Tower with Radar,0,30,17,6,53,0,0,0,0,0,0,30,17,6,53,8,10,18,71
01/26/2007,BGM,NY,AEA,EN,Combined TRACON& Tower with Radar,0,36,5,0,41,0,0,4,0,4,0,36,9,0,45,0,0,0,45
01/27/2007,BGM,NY,AEA,EN,Combined TRACON& Tower with Radar,0,22,2,0,24,0,0,0,0,0,0,22,2,0,24,0,0,0,24
01/28/2007,BGM,NY,AEA,EN,Combined TRACON& Tower with Radar,0,27,6,0,33,0,0,4,0,4,0,27,10,0,37,0,0,0,37
01/29/2007,BGM,NY,AEA,EN,Combined TRACON& Tower with Radar,0,27,12,0,39,0,0,6,0,6,0,27,18,0,45,0,0,0,45
01/30/2007,BGM,NY,AEA,EN,Combined TRACON& Tower with Radar,0,29,9,3,41,0,0,3,0,3,0,29,12,3,44,0,0,0,44
01/31/2007,BGM,NY,AEA,EN,Combined TRACON& Tower with Radar,0,27,14,1,42,0,0,5,0,5,0,27,19,1,47,12,0,12,59
02/01/2007,BGM,NY,AEA,EN,Combined TRACON& Tower with Radar,0,31,23,10,64,0,0,18,0,18,0,31,41,10,82,4,18,22,104
02/02/2007,BGM,NY,AEA,EN,Combined TRACON& Tower with Radar,0,34,11,0,45,0,0,0,0,0,0,34,11,0,45,23,0,23,68
02/03/2007,BGM,NY,AEA,EN,Combined TRACON& Tower with Radar,0,22,7,0,29,0,0,6,0,6,0,22,13,0,35,0,0,0,35
02/04/2007,BGM,NY,AEA,EN,Combined TRACON& Tower with Radar,0,25,7,0,32,0,0,0,0,0,0,25,7,0,32,2,0,2,34
02/05/2007,BGM,NY,AEA,EN,Combined TRACON& Tower with Radar,0,28,10,0,38,0,0,2,0,2,0,28,12,0,40,0,0,0,40
02/06/2007,BGM,NY,AEA,EN,Combined TRACON& Tower with Radar,0,26,15,4,45,0,0,9,1,10,0,26,24,5,55,0,8,8,63
02/07/2007,BGM,NY,AEA,EN,Combined TRACON& Tower with Radar,0,25,10,18,53,0,0,6,1,7,0,25,16,19,60,22,16,38,98
02/08/2007,BGM,NY,AEA,EN,Combined TRACON& Tower with Radar,0,33,20,12,65,0,0,2,0,2,0,33,22,12,67,0,4,4,71
02/09/2007,BGM,NY,AEA,EN,Combined TRACON& Tower with Radar,0,30,9,1,40,0,0,0,0,0,0,30,9,1,40,0,0,0,40
02/10/2007,BGM,NY,AEA,EN,Combined TRACON& Tower with Radar,0,21,11,0,32,0,0,0,0,0,0,21,11,0,32,4,0,4,36
02/11/2007,BGM,NY,AEA,EN,Combined TRACON& Tower with Radar,0,23,14,0,37,0,0,11,1,12,0,23,25,1,49,22,0,22,71
02/12/2007,BGM,NY,AEA,EN,Combined TRACON& Tower with Radar,0,27,11,0,38,0,0,1,0,1,0,27,12,0,39,12,0,12,51
02/13/2007,BGM,NY,AEA,EN,Combined TRACON& Tower with Radar,0,15,8,0,23,0,0,4,0,4,0,15,12,0,27,0,0,0,27
02/14/2007,BGM,NY,AEA,EN,Combined TRACON& Tower with Radar,0,1,0,0,1,0,0,0,0,0,0,1,0,0,1,0,0,0,1
02/15/2007,BGM,NY,AEA,EN,Combined TRACON& Tower with Radar,0,19,13,0,32,0,0,1,0,1,0,19,14,0,33,14,0,14,47
02/16/2007,BGM,NY,AEA,EN,Combined TRACON& Tower with Radar,0,26,5,0,31,0,0,0,0,0,0,26,5,0,31,0,0,0,31
02/17/2007,BGM,NY,AEA,EN,Combined TRACON& Tower with Radar,0,20,11,4,35,0,0,10,0,10,0,20,21,4,45,0,0,0,45
02/18/2007,BGM,NY,AEA,EN,Combined TRACON& Tower with Radar,0,30,0,0,30,0,0,0,0,0,0,30,0,0,30,0,0,0,30
02/19/2007,BGM,NY,AEA,EN,Combined TRACON& Tower with Radar,0,26,7,0,33,0,0,17,0,17,0,26,24,0,50,4,0,4,54
02/20/2007,BGM,NY,AEA,EN,Combined TRACON& Tower with Radar,0,30,12,0,42,0,0,14,0,14,0,30,26,0,56,8,0,8,64
02/21/2007,BGM,NY,AEA,EN,Combined TRACON& Tower with Radar,0,26,16,0,42,0,0,24,0,24,0,26,40,0,66,16,0,16,82
02/22/2007,BGM,NY,AEA,EN,Combined TRACON& Tower with Radar,0,37,9,0,46,0,0,0,0,0,0,37,9,0,46,0,0,0,46
02/23/2007,BGM,NY,AEA,EN,Combined TRACON& Tower with Radar,0,34,7,0,41,0,0,3,0,3,0,34,10,0,44,0,0,0,44
02/24/2007,BGM,NY,AEA,EN,Combined TRACON& Tower with Radar,0,22,5,0,27,0,0,16,0,16,0,22,21,0,43,18,0,18,61
02/25/2007,BGM,NY,AEA,EN,Combined TRACON& Tower with Radar,0,29,14,0,43,0,0,10,0,10,0,29,24,0,53,0,0,0,53
02/26/2007,BGM,NY,AEA,EN,Combined TRACON& Tower with Radar,0,30,9,0,39,0,0,0,0,0,0,30,9,0,39,0,0,0,39
02/27/2007,BGM,NY,AEA,EN,Combined TRACON& Tower with Radar,0,28,6,6,40,0,0,0,0,0,0,28,6,6,40,0,0,0,40
02/28/2007,BGM,NY,AEA,EN,Combined TRACON& Tower with Radar,0,29,20,4,53,0,0,15,1,16,0,29,35,5,69,16,0,16,85
03/01/2007,BGM,NY,AEA,EN,Combined TRACON& Tower with Radar,0,27,23,2,52,0,0,8,0,8,0,27,31,2,60,12,0,12,72
03/02/2007,BGM,NY,AEA,EN,Combined TRACON& Tower with Radar,0,31,6,0,37,0,0,4,0,4,0,31,10,0,41,12,0,12,53
03/03/2007,BGM,NY,AEA,EN,Combined TRACON& Tower with Radar,0,20,5,0,25,0,0,0,0,0,0,20,5,0,25,0,0,0,25
03/04/2007,BGM,NY,AEA,EN,Combined TRACON& Tower with Radar,0,27,5,0,32,0,0,0,0,0,0,27,5,0,32,0,0,0,32
03/05/2007,BGM,NY,AEA,EN,Combined TRACON& Tower with Radar,0,36,10,2,48,0,0,0,0,0,0,36,10,2,48,0,0,0,48
03/06/2007,BGM,NY,AEA,EN,Combined TRACON& Tower with Radar,0,28,13,0,41,0,0,2,0,2,0,28,15,0,43,0,0,0,43
03/07/2007,BGM,NY,AEA,EN,Combined TRACON& Tower with Radar,0,24,17,10,51,0,0,6,1,7,0,24,23,11,58,28,0,28,86
03/08/2007,BGM,NY,AEA,EN,Combined TRACON& Tower with Radar,0,32,17,0,49,0,0,0,0,0,0,32,17,0,49,2,0,2,51
03/09/2007,BGM,NY,AEA,EN,Combined TRACON& Tower with Radar,0,36,14,6,56,0,0,23,0,23,0,36,37,6,79,2,30,32,111
03/10/2007,BGM,NY,AEA,EN,Combined TRACON& Tower with Radar,0,21,8,1,30,0,0,4,1,5,0,21,12,2,35,0,0,0,35
03/11/2007,BGM,NY,AEA,EN,Combined TRACON& Tower with Radar,0,24,2,0,26,0,0,4,0,4,0,24,6,0,30,0,0,0,30
03/12/2007,BGM,NY,AEA,EN,Combined TRACON& Tower with Radar,0,33,3,2,38,0,0,12,1,13,0,33,15,3,51,18,0,18,69
03/13/2007,BGM,NY,AEA,EN,Combined TRACON& Tower with Radar,0,29,13,4,46,0,0,11,1,12,0,29,24,5,58,12,4,16,74
03/14/2007,BGM,NY,AEA,EN,Combined TRACON& Tower with Radar,0,33,16,0,49,0,0,11,0,11,0,33,27,0,60,0,0,0,60
03/15/2007,BGM,NY,AEA,EN,Combined TRACON& Tower with Radar,0,27,15,0,42,0,0,0,0,0,0,27,15,0,42,0,0,0,42
03/16/2007,BGM,NY,AEA,EN,Combined TRACON& Tower with Radar,0,14,10,0,24,0,2,0,0,2,0,16,10,0,26,0,0,0,26
03/17/2007,BGM,NY,AEA,EN,Combined TRACON& Tower with Radar,0,16,12,0,28,0,0,0,0,0,0,16,12,0,28,0,0,0,28
03/18/2007,BGM,NY,AEA,EN,Combined TRACON& Tower with Radar,0,24,8,0,32,0,0,4,1,5,0,24,12,1,37,8,0,8,45
03/19/2007,BGM,NY,AEA,EN,Combined TRACON& Tower with Radar,0,29,17,2,48,0,0,5,3,8,0,29,22,5,56,0,0,0,56
03/20/2007,BGM,NY,AEA,EN,Combined TRACON& Tower with Radar,0,33,7,0,40,0,0,1,0,1,0,33,8,0,41,4,0,4,45
03/21/2007,BGM,NY,AEA,EN,Combined TRACON& Tower with Radar,0,26,16,0,42,0,0,23,0,23,0,26,39,0,65,20,0,20,85
03/22/2007,BGM,NY,AEA,EN,Combined TRACON& Tower with Radar,0,27,14,0,41,0,0,8,0,8,0,27,22,0,49,10,0,10,59
03/23/2007,BGM,NY,AEA,EN,Combined TRACON& Tower with Radar,0,29,15,0,44,0,0,14,0,14,0,29,29,0,58,18,0,18,76
03/24/2007,BGM,NY,AEA,EN,Combined TRACON& Tower with Radar,0,19,8,0,27,0,0,5,0,5,0,19,13,0,32,0,0,0,32
03/25/2007,BGM,NY,AEA,EN,Combined TRACON& Tower with Radar,0,30,16,0,46,0,0,8,1,9,0,30,24,1,55,0,0,0,55
03/26/2007,BGM,NY,AEA,EN,Combined TRACON& Tower with Radar,0,27,12,0,39,0,0,3,0,3,0,27,15,0,42,8,0,8,50
03/27/2007,BGM,NY,AEA,EN,Combined TRACON& Tower with Radar,0,27,46,4,77,0,0,8,0,8,0,27,54,4,85,30,14,44,129
03/28/2007,BGM,NY,AEA,EN,Combined TRACON& Tower with Radar,0,27,13,0,40,0,0,16,0,16,0,27,29,0,56,32,0,32,88
03/29/2007,BGM,NY,AEA,EN,Combined TRACON& Tower with Radar,0,34,28,19,81,0,2,25,4,31,0,36,53,23,112,4,40,44,156
03/30/2007,BGM,NY,AEA,EN,Combined TRACON& Tower with Radar,0,37,19,0,56,0,1,19,0,20,0,38,38,0,76,38,0,38,114
03/31/2007,BGM,NY,AEA,EN,Combined TRACON& Tower with Radar,0,25,11,0,36,0,0,33,0,33,0,25,44,0,69,18,0,18,87
04/01/2007,BGM,NY,AEA,EN,Combined TRACON& Tower with Radar,0,24,1,0,25,0,0,2,0,2,0,24,3,0,27,0,0,0,27
04/02/2007,BGM,NY,AEA,EN,Combined TRACON& Tower with Radar,0,28,9,0,37,0,0,5,0,5,0,28,14,0,42,8,0,8,50
04/03/2007,BGM,NY,AEA,EN,Combined TRACON& Tower with Radar,0,27,24,2,53,0,0,26,8,34,0,27,50,10,87,82,2,84,171
04/04/2007,BGM,NY,AEA,EN,Combined TRACON& Tower with Radar,0,28,11,0,39,0,0,0,0,0,0,28,11,0,39,0,0,0,39
04/05/2007,BGM,NY,AEA,EN,Combined TRACON& Tower with Radar,0,36,12,0,48,0,0,0,0,0,0,36,12,0,48,0,0,0,48
04/06/2007,BGM,NY,AEA,EN,Combined TRACON& Tower with Radar,0,34,7,0,41,0,0,0,0,0,0,34,7,0,41,18,0,18,59
04/07/2007,BGM,NY,AEA,EN,Combined TRACON& Tower with Radar,0,22,0,0,22,0,0,6,0,6,0,22,6,0,28,10,0,10,38
04/08/2007,BGM,NY,AEA,EN,Combined TRACON& Tower with Radar,0,22,1,0,23,0,0,1,0,1,0,22,2,0,24,0,0,0,24
04/09/2007,BGM,NY,AEA,EN,Combined TRACON& Tower with Radar,0,26,18,0,44,0,0,6,0,6,0,26,24,0,50,0,0,0,50
04/10/2007,BGM,NY,AEA,EN,Combined TRACON& Tower with Radar,0,30,17,0,47,0,0,13,0,13,0,30,30,0,60,28,0,28,88
04/11/2007,BGM,NY,AEA,EN,Combined TRACON& Tower with Radar,0,28,11,0,39,0,0,10,2,12,0,28,21,2,51,20,0,20,71
04/12/2007,BGM,NY,AEA,EN,Combined TRACON& Tower with Radar,0,29,4,0,33,0,0,0,0,0,0,29,4,0,33,16,0,16,49
04/13/2007,BGM,NY,AEA,EN,Combined TRACON& Tower with Radar,0,41,13,0,54,0,0,1,0,1,0,41,14,0,55,0,0,0,55
04/14/2007,BGM,NY,AEA,EN,Combined TRACON& Tower with Radar,0,26,17,0,43,0,0,21,2,23,0,26,38,2,66,32,0,32,98
04/15/2007,BGM,NY,AEA,EN,Combined TRACON& Tower with Radar,0,23,3,0,26,0,0,0,0,0,0,23,3,0,26,0,0,0,26
04/16/2007,BGM,NY,AEA,EN,Combined TRACON& Tower with Radar,0,6,0,0,6,0,0,0,0,0,0,6,0,0,6,0,0,0,6
04/17/2007,BGM,NY,AEA,EN,Combined TRACON& Tower with Radar,0,23,14,0,37,0,0,0,0,0,0,23,14,0,37,0,0,0,37
04/18/2007,BGM,NY,AEA,EN,Combined TRACON& Tower with Radar,0,30,16,2,48,0,0,13,1,14,0,30,29,3,62,14,14,28,90
04/19/2007,BGM,NY,AEA,EN,Combined TRACON& Tower with Radar,0,35,17,12,64,0,1,6,0,7,0,36,23,12,71,0,26,26,97
04/20/2007,BGM,NY,AEA,EN,Combined TRACON& Tower with Radar,0,31,8,0,39,0,0,29,0,29,0,31,37,0,68,28,0,28,96
04/21/2007,BGM,NY,AEA,EN,Combined TRACON& Tower with Radar,0,21,2,0,23,0,0,26,0,26,0,21,28,0,49,20,0,20,69
04/22/2007,BGM,NY,AEA,EN,Combined TRACON& Tower with Radar,0,24,5,0,29,0,0,37,0,37,0,24,42,0,66,14,0,14,80
04/23/2007,BGM,NY,AEA,EN,Combined TRACON& Tower with Radar,0,31,22,0,53,0,0,24,2,26,0,31,46,2,79,2,0,2,81
04/24/2007,BGM,NY,AEA,EN,Combined TRACON& Tower with Radar,0,37,16,0,53,0,0,14,0,14,0,37,30,0,67,6,0,6,73
04/25/2007,BGM,NY,AEA,EN,Combined TRACON& Tower with Radar,0,31,28,0,59,0,0,13,0,13,0,31,41,0,72,0,0,0,72
04/26/2007,BGM,NY,AEA,EN,Combined TRACON& Tower with Radar,0,31,14,0,45,0,0,14,1,15,0,31,28,1,60,10,0,10,70
04/27/2007,BGM,NY,AEA,EN,Combined TRACON& Tower with Radar,0,27,31,0,58,0,0,3,0,3,0,27,34,0,61,0,0,0,61
04/28/2007,BGM,NY,AEA,EN,Combined TRACON& Tower with Radar,0,25,13,2,40,0,0,2,0,2,0,25,15,2,42,8,0,8,50
04/29/2007,BGM,NY,AEA,EN,Combined TRACON& Tower with Radar,0,29,12,0,41,0,0,9,0,9,0,29,21,0,50,2,0,2,52
04/30/2007,BGM,NY,AEA,EN,Combined TRACON& Tower with Radar,0,30,11,0,41,0,0,21,0,21,0,30,32,0,62,0,0,0,62
05/01/2007,BGM,NY,AEA,EN,Combined TRACON& Tower with Radar,0,29,18,0,47,0,1,26,0,27,0,30,44,0,74,21,0,21,95
05/02/2007,BGM,NY,AEA,EN,Combined TRACON& Tower with Radar,0,34,13,8,55,0,28,2,0,30,0,62,15,8,85,0,0,0,85
05/03/2007,BGM,NY,AEA,EN,Combined TRACON& Tower with Radar,0,33,15,6,54,0,0,63,0,63,0,33,78,6,117,16,0,16,133
05/04/2007,BGM,NY,AEA,EN,Combined TRACON& Tower with Radar,0,31,12,0,43,0,0,49,0,49,0,31,61,0,92,10,0,10,102
05/05/2007,BGM,NY,AEA,EN,Combined TRACON& Tower with Radar,0,24,6,0,30,0,0,42,0,42,0,24,48,0,72,26,0,26,98
05/06/2007,BGM,NY,AEA,EN,Combined TRACON& Tower with Radar,0,23,4,0,27,0,0,32,0,32,0,23,36,0,59,10,0,10,69
05/07/2007,BGM,NY,AEA,EN,Combined TRACON& Tower with Radar,0,28,9,2,39,0,0,36,0,36,0,28,45,2,75,24,0,24,99
05/08/2007,BGM,NY,AEA,EN,Combined TRACON& Tower with Radar,0,30,19,9,58,0,2,36,1,39,0,32,55,10,97,0,14,14,111
05/09/2007,BGM,NY,AEA,EN,Combined TRACON& Tower with Radar,0,31,18,0,49,0,0,32,2,34,0,31,50,2,83,34,0,34,117
05/10/2007,BGM,NY,AEA,EN,Combined TRACON& Tower with Radar,0,29,17,0,46,0,0,5,0,5,0,29,22,0,51,0,0,0,51
05/11/2007,BGM,NY,AEA,EN,Combined TRACON& Tower with Radar,0,32,25,2,59,0,0,13,0,13,0,32,38,2,72,19,0,19,91
05/12/2007,BGM,NY,AEA,EN,Combined TRACON& Tower with Radar,0,25,13,0,38,0,0,21,0,21,0,25,34,0,59,14,0,14,73
05/13/2007,BGM,NY,AEA,EN,Combined TRACON& Tower with Radar,0,24,5,0,29,0,0,19,0,19,0,24,24,0,48,10,0,10,58
05/14/2007,BGM,NY,AEA,EN,Combined TRACON& Tower with Radar,0,32,15,0,47,0,0,28,0,28,0,32,43,0,75,24,0,24,99
05/15/2007,BGM,NY,AEA,EN,Combined TRACON& Tower with Radar,0,27,11,5,43,0,0,3,0,3,0,27,14,5,46,2,32,34,80
05/16/2007,BGM,NY,AEA,EN,Combined TRACON& Tower with Radar,0,33,26,0,59,0,0,0,0,0,0,33,26,0,59,0,0,0,59
05/17/2007,BGM,NY,AEA,EN,Combined TRACON& Tower with Radar,0,35,14,0,49,0,0,7,0,7,0,35,21,0,56,22,0,22,78
05/18/2007,BGM,NY,AEA,EN,Combined TRACON& Tower with Radar,0,31,8,10,49,0,0,4,0,4,0,31,12,10,53,0,62,62,115
05/19/2007,BGM,NY,AEA,EN,Combined TRACON& Tower with Radar,0,24,6,0,30,0,0,11,0,11,0,24,17,0,41,0,0,0,41
05/20/2007,BGM,NY,AEA,EN,Combined TRACON& Tower with Radar,0,26,22,0,48,0,0,2,0,2,0,26,24,0,50,0,0,0,50
05/21/2007,BGM,NY,AEA,EN,Combined TRACON& Tower with Radar,0,31,16,2,49,0,0,33,2,35,0,31,49,4,84,52,8,60,144
05/22/2007,BGM,NY,AEA,EN,Combined TRACON& Tower with Radar,0,33,13,8,54,0,0,23,0,23,0,33,36,8,77,22,8,30,107
05/23/2007,BGM,NY,AEA,EN,Combined TRACON& Tower with Radar,0,32,19,2,53,0,2,26,0,28,0,34,45,2,81,18,0,18,99
05/24/2007,BGM,NY,AEA,EN,Combined TRACON& Tower with Radar,0,31,26,11,68,0,0,36,0,36,0,31,62,11,104,10,26,36,140
05/25/2007,BGM,NY,AEA,EN,Combined TRACON& Tower with Radar,0,44,6,0,50,0,0,5,0,5,0,44,11,0,55,32,0,32,87
05/26/2007,BGM,NY,AEA,EN,Combined TRACON& Tower with Radar,0,31,14,0,45,0,0,21,0,21,0,31,35,0,66,0,0,0,66
05/27/2007,BGM,NY,AEA,EN,Combined TRACON& Tower with Radar,0,20,1,0,21,0,0,6,0,6,0,20,7,0,27,8,0,8,35
05/28/2007,BGM,NY,AEA,EN,Combined TRACON& Tower with Radar,0,28,4,0,32,0,14,9,0,23,0,42,13,0,55,0,0,0,55
05/29/2007,BGM,NY,AEA,EN,Combined TRACON& Tower with Radar,0,26,23,0,49,0,0,19,0,19,0,26,42,0,68,8,2,10,78
05/30/2007,BGM,NY,AEA,EN,Combined TRACON& Tower with Radar,0,39,11,2,52,0,0,25,0,25,0,39,36,2,77,30,0,30,107
05/31/2007,BGM,NY,AEA,EN,Combined TRACON& Tower with Radar,0,32,14,4,50,0,0,28,0,28,0,32,42,4,78,26,0,26,104
06/01/2007,BGM,NY,AEA,EN,Combined TRACON& Tower with Radar,0,32,10,0,42,0,0,7,0,7,0,32,17,0,49,10,0,10,59
06/02/2007,BGM,NY,AEA,EN,Combined TRACON& Tower with Radar,0,26,10,0,36,0,0,14,0,14,0,26,24,0,50,2,0,2,52
06/03/2007,BGM,NY,AEA,EN,Combined TRACON& Tower with Radar,0,25,11,0,36,0,0,1,0,1,0,25,12,0,37,0,0,0,37
06/04/2007,BGM,NY,AEA,EN,Combined TRACON& Tower with Radar,0,23,11,2,36,0,10,4,0,14,0,33,15,2,50,0,0,0,50
06/05/2007,BGM,NY,AEA,EN,Combined TRACON& Tower with Radar,0,30,19,10,59,0,0,9,0,9,0,30,28,10,68,4,4,8,76
06/06/2007,BGM,NY,AEA,EN,Combined TRACON& Tower with Radar,0,33,25,0,58,0,0,18,0,18,0,33,43,0,76,8,0,8,84
06/07/2007,BGM,NY,AEA,EN,Combined TRACON& Tower with Radar,0,37,39,2,78,0,0,19,0,19,0,37,58,2,97,30,0,30,127
06/08/2007,BGM,NY,AEA,EN,Combined TRACON& Tower with Radar,0,30,14,0,44,0,0,19,0,19,0,30,33,0,63,36,0,36,99
06/09/2007,BGM,NY,AEA,EN,Combined TRACON& Tower with Radar,0,27,18,0,45,0,0,11,0,11,0,27,29,0,56,0,0,0,56
06/10/2007,BGM,NY,AEA,EN,Combined TRACON& Tower with Radar,0,28,7,0,35,0,0,20,0,20,0,28,27,0,55,36,0,36,91
06/11/2007,BGM,NY,AEA,EN,Combined TRACON& Tower with Radar,0,26,23,2,51,0,0,19,0,19,0,26,42,2,70,36,0,36,106
06/12/2007,BGM,NY,AEA,EN,Combined TRACON& Tower with Radar,0,23,14,1,38,0,0,17,1,18,0,23,31,2,56,6,0,6,62
06/13/2007,BGM,NY,AEA,EN,Combined TRACON& Tower with Radar,0,28,13,0,41,0,0,14,0,14,0,28,27,0,55,30,0,30,85
06/14/2007,BGM,NY,AEA,EN,Combined TRACON& Tower with Radar,0,32,28,6,66,0,0,14,0,14,0,32,42,6,80,16,10,26,106
06/15/2007,BGM,NY,AEA,EN,Combined TRACON& Tower with Radar,0,34,12,1,47,0,0,44,0,44,0,34,56,1,91,28,0,28,119
06/16/2007,BGM,NY,AEA,EN,Combined TRACON& Tower with Radar,0,31,10,0,41,0,0,8,0,8,0,31,18,0,49,8,0,8,57
06/17/2007,BGM,NY,AEA,EN,Combined TRACON& Tower with Radar,0,31,5,0,36,0,0,9,0,9,0,31,14,0,45,0,0,0,45
06/18/2007,BGM,NY,AEA,EN,Combined TRACON& Tower with Radar,0,33,13,2,48,0,0,12,0,12,0,33,25,2,60,12,0,12,72
06/19/2007,BGM,NY,AEA,EN,Combined TRACON& Tower with Radar,0,28,20,0,48,0,0,5,0,5,0,28,25,0,53,0,0,0,53
06/20/2007,BGM,NY,AEA,EN,Combined TRACON& Tower with Radar,0,32,33,0,65,0,0,17,0,17,0,32,50,0,82,18,0,18,100
06/21/2007,BGM,NY,AEA,EN,Combined TRACON& Tower with Radar,0,30,15,0,45,0,0,16,0,16,0,30,31,0,61,8,0,8,69
06/22/2007,BGM,NY,AEA,EN,Combined TRACON& Tower with Radar,0,36,19,0,55,0,0,12,2,14,0,36,31,2,69,40,0,40,109
06/23/2007,BGM,NY,AEA,EN,Combined TRACON& Tower with Radar,0,33,4,0,37,0,0,14,0,14,0,33,18,0,51,2,0,2,53
06/24/2007,BGM,NY,AEA,EN,Combined TRACON& Tower with Radar,0,24,8,0,32,0,0,17,0,17,0,24,25,0,49,14,0,14,63
06/25/2007,BGM,NY,AEA,EN,Combined TRACON& Tower with Radar,0,37,24,0,61,0,0,32,0,32,0,37,56,0,93,20,0,20,113
06/26/2007,BGM,NY,AEA,EN,Combined TRACON& Tower with Radar,0,30,17,0,47,0,0,16,0,16,0,30,33,0,63,10,0,10,73
06/27/2007,BGM,NY,AEA,EN,Combined TRACON& Tower with Radar,0,23,11,0,34,0,0,5,0,5,0,23,16,0,39,0,0,0,39
06/28/2007,BGM,NY,AEA,EN,Combined TRACON& Tower with Radar,0,25,25,12,62,0,0,14,2,16,0,25,39,14,78,16,32,48,126
06/29/2007,BGM,NY,AEA,EN,Combined TRACON& Tower with Radar,1,36,20,10,67,0,0,54,3,57,1,36,74,13,124,19,24,43,167
06/30/2007,BGM,NY,AEA,EN,Combined TRACON& Tower with Radar,0,24,3,4,31,0,0,36,1,37,0,24,39,5,68,18,10,28,96
07/01/2007,BGM,NY,AEA,EN,Combined TRACON& Tower with Radar,0,35,14,6,55,0,0,14,5,19,0,35,28,11,74,18,0,18,92
07/02/2007,BGM,NY,AEA,EN,Combined TRACON& Tower with Radar,0,31,12,2,45,0,0,11,2,13,0,31,23,4,58,2,0,2,60
07/03/2007,BGM,NY,AEA,EN,Combined TRACON& Tower with Radar,0,25,13,0,38,0,0,27,0,27,0,25,40,0,65,12,0,12,77
07/04/2007,BGM,NY,AEA,EN,Combined TRACON& Tower with Radar,0,21,1,0,22,0,0,0,0,0,0,21,1,0,22,0,0,0,22
07/05/2007,BGM,NY,AEA,EN,Combined TRACON& Tower with Radar,0,29,11,0,40,0,0,3,0,3,0,29,14,0,43,0,0,0,43
07/06/2007,BGM,NY,AEA,EN,Combined TRACON& Tower with Radar,0,33,7,8,48,0,0,5,0,5,0,33,12,8,53,10,22,32,85
07/07/2007,BGM,NY,AEA,EN,Combined TRACON& Tower with Radar,0,25,4,0,29,0,0,20,0,20,0,25,24,0,49,6,4,10,59
07/08/2007,BGM,NY,AEA,EN,Combined TRACON& Tower with Radar,0,26,5,0,31,0,0,17,0,17,0,26,22,0,48,0,0,0,48
07/09/2007,BGM,NY,AEA,EN,Combined TRACON& Tower with Radar,0,38,18,0,56,0,1,9,0,10,0,39,27,0,66,8,0,8,74
07/10/2007,BGM,NY,AEA,EN,Combined TRACON& Tower with Radar,0,28,24,0,52,0,0,9,0,9,0,28,33,0,61,2,0,2,63
07/11/2007,BGM,NY,AEA,EN,Combined TRACON& Tower with Radar,0,26,20,0,46,0,0,1,0,1,0,26,21,0,47,0,0,0,47
07/12/2007,BGM,NY,AEA,EN,Combined TRACON& Tower with Radar,0,34,33,0,67,0,0,23,0,23,0,34,56,0,90,4,0,4,94
07/13/2007,BGM,NY,AEA,EN,Combined TRACON& Tower with Radar,0,36,9,0,45,0,0,23,0,23,0,36,32,0,68,20,0,20,88
07/14/2007,BGM,NY,AEA,EN,Combined TRACON& Tower with Radar,0,36,8,0,44,0,0,19,0,19,0,36,27,0,63,2,0,2,65
07/15/2007,BGM,NY,AEA,EN,Combined TRACON& Tower with Radar,0,32,16,0,48,0,0,13,0,13,0,32,29,0,61,4,0,4,65
07/16/2007,BGM,NY,AEA,EN,Combined TRACON& Tower with Radar,0,28,14,0,42,0,0,15,0,15,0,28,29,0,57,4,10,14,71
07/17/2007,BGM,NY,AEA,EN,Combined TRACON& Tower with Radar,0,31,16,0,47,0,0,17,0,17,0,31,33,0,64,8,0,8,72
07/18/2007,BGM,NY,AEA,EN,Combined TRACON& Tower with Radar,0,34,18,0,52,0,0,5,0,5,0,34,23,0,57,8,0,8,65
07/19/2007,BGM,NY,AEA,EN,Combined TRACON& Tower with Radar,0,33,10,0,43,0,0,2,0,2,0,33,12,0,45,2,0,2,47
07/20/2007,BGM,NY,AEA,EN,Combined TRACON& Tower with Radar,0,35,14,6,55,0,0,15,0,15,0,35,29,6,70,28,0,28,98
07/21/2007,BGM,NY,AEA,EN,Combined TRACON& Tower with Radar,0,28,12,0,40,0,0,15,0,15,0,28,27,0,55,46,0,46,101
07/22/2007,BGM,NY,AEA,EN,Combined TRACON& Tower with Radar,0,25,10,0,35,0,0,16,0,16,0,25,26,0,51,0,0,0,51
07/23/2007,BGM,NY,AEA,EN,Combined TRACON& Tower with Radar,0,30,24,14,68,0,0,2,0,2,0,30,26,14,70,0,0,0,70
07/24/2007,BGM,NY,AEA,EN,Combined TRACON& Tower with Radar,0,37,14,0,51,0,0,9,0,9,0,37,23,0,60,44,0,44,104
07/25/2007,BGM,NY,AEA,EN,Combined TRACON& Tower with Radar,0,30,13,2,45,0,0,17,0,17,0,30,30,2,62,22,0,22,84
07/26/2007,BGM,NY,AEA,EN,Combined TRACON& Tower with Radar,0,31,15,2,48,0,0,16,0,16,0,31,31,2,64,22,0,22,86
07/27/2007,BGM,NY,AEA,EN,Combined TRACON& Tower with Radar,0,25,21,1,47,0,0,7,1,8,0,25,28,2,55,12,0,12,67
07/28/2007,BGM,NY,AEA,EN,Combined TRACON& Tower with Radar,0,24,3,0,27,0,0,2,0,2,0,24,5,0,29,2,0,2,31
07/29/2007,BGM,NY,AEA,EN,Combined TRACON& Tower with Radar,0,19,13,0,32,0,0,6,0,6,0,19,19,0,38,2,0,2,40
07/30/2007,BGM,NY,AEA,EN,Combined TRACON& Tower with Radar,0,24,8,7,39,0,0,8,0,8,0,24,16,7,47,16,16,32,79
07/31/2007,BGM,NY,AEA,EN,Combined TRACON& Tower with Radar,0,34,7,0,41,0,0,16,0,16,0,34,23,0,57,70,0,70,127
08/01/2007,BGM,NY,AEA,EN,Combined TRACON& Tower with Radar,0,33,21,0,54,0,0,19,0,19,0,33,40,0,73,22,0,22,95
08/02/2007,BGM,NY,AEA,EN,Combined TRACON& Tower with Radar,0,36,20,0,56,0,0,28,0,28,0,36,48,0,84,28,0,28,112
08/03/2007,BGM,NY,AEA,EN,Combined TRACON& Tower with Radar,0,46,7,0,53,0,0,11,0,11,0,46,18,0,64,30,0,30,94
08/04/2007,BGM,NY,AEA,EN,Combined TRACON& Tower with Radar,0,20,6,0,26,0,0,15,0,15,0,20,21,0,41,15,0,15,56
08/05/2007,BGM,NY,AEA,EN,Combined TRACON& Tower with Radar,0,28,15,0,43,0,0,21,0,21,0,28,36,0,64,28,0,28,92
08/06/2007,BGM,NY,AEA,EN,Combined TRACON& Tower with Radar,0,26,13,0,39,0,0,3,0,3,0,26,16,0,42,0,0,0,42
08/07/2007,BGM,NY,AEA,EN,Combined TRACON& Tower with Radar,0,34,30,0,64,0,0,2,0,2,0,34,32,0,66,6,0,6,72
08/08/2007,BGM,NY,AEA,EN,Combined TRACON& Tower with Radar,0,32,28,0,60,0,0,7,0,7,0,32,35,0,67,12,0,12,79
08/09/2007,BGM,NY,AEA,EN,Combined TRACON& Tower with Radar,0,30,17,0,47,0,0,6,0,6,0,30,23,0,53,36,0,36,89
08/10/2007,BGM,NY,AEA,EN,Combined TRACON& Tower with Radar,0,32,35,0,67,0,0,1,0,1,0,32,36,0,68,2,0,2,70
08/11/2007,BGM,NY,AEA,EN,Combined TRACON& Tower with Radar,0,29,5,0,34,0,0,16,0,16,0,29,21,0,50,14,0,14,64
08/12/2007,BGM,NY,AEA,EN,Combined TRACON& Tower with Radar,0,30,12,0,42,0,0,15,0,15,0,30,27,0,57,32,0,32,89
08/13/2007,BGM,NY,AEA,EN,Combined TRACON& Tower with Radar,0,32,10,0,42,0,0,2,0,2,0,32,12,0,44,20,0,20,64
08/14/2007,BGM,NY,AEA,EN,Combined TRACON& Tower with Radar,0,35,14,0,49,0,0,22,0,22,0,35,36,0,71,28,0,28,99
08/15/2007,BGM,NY,AEA,EN,Combined TRACON& Tower with Radar,0,31,35,2,68,0,0,18,0,18,0,31,53,2,86,18,2,20,106
08/16/2007,BGM,NY,AEA,EN,Combined TRACON& Tower with Radar,0,32,15,0,47,0,0,12,0,12,0,32,27,0,59,26,0,26,85
08/17/2007,BGM,NY,AEA,EN,Combined TRACON& Tower with Radar,0,34,20,7,61,0,0,7,0,7,0,34,27,7,68,40,6,46,114
08/18/2007,BGM,NY,AEA,EN,Combined TRACON& Tower with Radar,0,24,6,0,30,0,0,10,0,10,0,24,16,0,40,0,0,0,40
08/19/2007,BGM,NY,AEA,EN,Combined TRACON& Tower with Radar,0,26,6,2,34,0,0,10,0,10,0,26,16,2,44,30,0,30,74
08/20/2007,BGM,NY,AEA,EN,Combined TRACON& Tower with Radar,0,27,19,4,50,0,0,5,0,5,0,27,24,4,55,57,0,57,112
08/21/2007,BGM,NY,AEA,EN,Combined TRACON& Tower with Radar,0,27,12,2,41,0,0,0,0,0,0,27,12,2,41,0,0,0,41
08/22/2007,BGM,NY,AEA,EN,Combined TRACON& Tower with Radar,0,30,17,0,47,0,0,0,0,0,0,30,17,0,47,0,0,0,47
08/23/2007,BGM,NY,AEA,EN,Combined TRACON& Tower with Radar,0,28,6,2,36,0,0,0,0,0,0,28,6,2,36,0,0,0,36
08/24/2007,BGM,NY,AEA,EN,Combined TRACON& Tower with Radar,0,35,6,2,43,0,0,9,0,9,0,35,15,2,52,44,0,44,96
08/25/2007,BGM,NY,AEA,EN,Combined TRACON& Tower with Radar,0,24,3,6,33,0,0,1,0,1,0,24,4,6,34,0,14,14,48
08/26/2007,BGM,NY,AEA,EN,Combined TRACON& Tower with Radar,0,22,12,4,38,0,0,7,0,7,0,22,19,4,45,10,0,10,55
08/27/2007,BGM,NY,AEA,EN,Combined TRACON& Tower with Radar,0,31,19,3,53,0,0,5,0,5,0,31,24,3,58,20,0,20,78
08/28/2007,BGM,NY,AEA,EN,Combined TRACON& Tower with Radar,0,27,39,0,66,0,0,25,0,25,0,27,64,0,91,27,0,27,118
08/29/2007,BGM,NY,AEA,EN,Combined TRACON& Tower with Radar,0,29,9,0,38,0,0,12,0,12,0,29,21,0,50,20,0,20,70
08/30/2007,BGM,NY,AEA,EN,Combined TRACON& Tower with Radar,0,30,25,6,61,0,0,13,0,13,0,30,38,6,74,28,0,28,102
08/31/2007,BGM,NY,AEA,EN,Combined TRACON& Tower with Radar,0,33,15,1,49,0,0,13,1,14,0,33,28,2,63,15,0,15,78
09/01/2007,BGM,NY,AEA,EN,Combined TRACON& Tower with Radar,0,26,3,0,29,0,0,19,0,19,0,26,22,0,48,0,0,0,48
09/02/2007,BGM,NY,AEA,EN,Combined TRACON& Tower with Radar,0,31,11,0,42,0,0,13,0,13,0,31,24,0,55,22,0,22,77
09/03/2007,BGM,NY,AEA,EN,Combined TRACON& Tower with Radar,0,32,3,0,35,0,0,25,0,25,0,32,28,0,60,6,0,6,66
09/04/2007,BGM,NY,AEA,EN,Combined TRACON& Tower with Radar,0,37,12,2,51,0,0,15,0,15,0,37,27,2,66,28,18,46,112
09/05/2007,BGM,NY,AEA,EN,Combined TRACON& Tower with Radar,0,27,17,0,44,0,0,13,0,13,0,27,30,0,57,22,0,22,79
09/06/2007,BGM,NY,AEA,EN,Combined TRACON& Tower with Radar,0,25,9,8,42,0,0,16,0,16,0,25,25,8,58,38,26,64,122
09/07/2007,BGM,NY,AEA,EN,Combined TRACON& Tower with Radar,0,26,2,0,28,0,0,11,0,11,0,26,13,0,39,49,0,49,88
09/08/2007,BGM,NY,AEA,EN,Combined TRACON& Tower with Radar,0,17,4,0,21,0,0,1,0,1,0,17,5,0,22,0,0,0,22
09/09/2007,BGM,NY,AEA,EN,Combined TRACON& Tower with Radar,0,31,9,0,40,0,0,0,0,0,0,31,9,0,40,0,0,0,40
09/10/2007,BGM,NY,AEA,EN,Combined TRACON& Tower with Radar,0,26,13,1,40,0,0,2,1,3,0,26,15,2,43,2,0,2,45
09/11/2007,BGM,NY,AEA,EN,Combined TRACON& Tower with Radar,0,20,23,3,46,0,0,0,0,0,0,20,23,3,46,16,0,16,62
09/12/2007,BGM,NY,AEA,EN,Combined TRACON& Tower with Radar,0,36,28,5,69,0,0,24,0,24,0,36,52,5,93,28,0,28,121
09/13/2007,BGM,NY,AEA,EN,Combined TRACON& Tower with Radar,0,27,11,0,38,0,0,27,0,27,0,27,38,0,65,30,0,30,95
09/14/2007,BGM,NY,AEA,EN,Combined TRACON& Tower with Radar,0,27,23,0,50,0,0,1,0,1,0,27,24,0,51,68,0,68,119
09/15/2007,BGM,NY,AEA,EN,Combined TRACON& Tower with Radar,0,17,4,0,21,0,0,2,0,2,0,17,6,0,23,4,0,4,27
09/16/2007,BGM,NY,AEA,EN,Combined TRACON& Tower with Radar,0,25,5,0,30,0,0,10,0,10,0,25,15,0,40,12,0,12,52
09/17/2007,BGM,NY,AEA,EN,Combined TRACON& Tower with Radar,0,23,19,2,44,0,0,15,1,16,0,23,34,3,60,0,0,0,60
09/18/2007,BGM,NY,AEA,EN,Combined TRACON& Tower with Radar,0,23,18,12,53,0,0,20,5,25,0,23,38,17,78,4,12,16,94
09/19/2007,BGM,NY,AEA,EN,Combined TRACON& Tower with Radar,0,31,20,0,51,0,0,15,0,15,0,31,35,0,66,16,0,16,82
09/20/2007,BGM,NY,AEA,EN,Combined TRACON& Tower with Radar,0,27,21,2,50,0,0,19,0,19,0,27,40,2,69,32,0,32,101
09/21/2007,BGM,NY,AEA,EN,Combined TRACON& Tower with Radar,0,27,9,0,36,0,0,15,2,17,0,27,24,2,53,6,0,6,59
09/22/2007,BGM,NY,AEA,EN,Combined TRACON& Tower with Radar,0,20,10,0,30,0,0,6,0,6,0,20,16,0,36,0,0,0,36
09/23/2007,BGM,NY,AEA,EN,Combined TRACON& Tower with Radar,0,27,8,0,35,0,0,25,0,25,0,27,33,0,60,14,0,14,74
09/24/2007,BGM,NY,AEA,EN,Combined TRACON& Tower with Radar,0,30,18,0,48,0,0,12,0,12,0,30,30,0,60,34,0,34,94
09/25/2007,BGM,NY,AEA,EN,Combined TRACON& Tower with Radar,0,34,21,0,55,0,0,11,0,11,0,34,32,0,66,34,0,34,100
09/26/2007,BGM,NY,AEA,EN,Combined TRACON& Tower with Radar,0,23,14,0,37,0,1,12,0,13,0,24,26,0,50,26,0,26,76
09/27/2007,BGM,NY,AEA,EN,Combined TRACON& Tower with Radar,0,26,19,0,45,0,0,4,0,4,0,26,23,0,49,6,2,8,57
09/28/2007,BGM,NY,AEA,EN,Combined TRACON& Tower with Radar,0,24,18,2,44,0,0,6,0,6,0,24,24,2,50,0,0,0,50
09/29/2007,BGM,NY,AEA,EN,Combined TRACON& Tower with Radar,0,18,18,0,36,0,0,8,0,8,0,18,26,0,44,22,0,22,66
09/30/2007,BGM,NY,AEA,EN,Combined TRACON& Tower with Radar,0,22,18,0,40,0,0,25,0,25,0,22,43,0,65,8,0,8,73
10/01/2007,BGM,NY,AEA,EN,Combined TRACON& Tower with Radar,0,21,8,0,29,0,0,11,0,11,0,21,19,0,40,0,0,0,40
10/02/2007,BGM,NY,AEA,EN,Combined TRACON& Tower with Radar,0,26,13,0,39,0,0,8,0,8,0,26,21,0,47,14,0,14,61
10/03/2007,BGM,NY,AEA,EN,Combined TRACON& Tower with Radar,0,23,18,2,43,0,0,23,0,23,0,23,41,2,66,46,8,54,120
10/04/2007,BGM,NY,AEA,EN,Combined TRACON& Tower with Radar,0,24,29,11,64,0,0,31,0,31,0,24,60,11,95,84,0,84,179
10/05/2007,BGM,NY,AEA,EN,Combined TRACON& Tower with Radar,0,31,10,0,41,0,0,37,0,37,0,31,47,0,78,6,0,6,84
10/06/2007,BGM,NY,AEA,EN,Combined TRACON& Tower with Radar,0,22,7,0,29,0,0,22,0,22,0,22,29,0,51,44,0,44,95
10/07/2007,BGM,NY,AEA,EN,Combined TRACON& Tower with Radar,0,24,15,0,39,0,0,3,0,3,0,24,18,0,42,16,0,16,58
10/08/2007,BGM,NY,AEA,EN,Combined TRACON& Tower with Radar,0,32,20,0,52,0,0,10,0,10,0,32,30,0,62,6,0,6,68
10/09/2007,BGM,NY,AEA,EN,Combined TRACON& Tower with Radar,0,29,12,4,45,0,0,0,0,0,0,29,12,4,45,0,0,0,45
10/10/2007,BGM,NY,AEA,EN,Combined TRACON& Tower with Radar,0,25,16,6,47,0,0,20,0,20,0,25,36,6,67,42,10,52,119
10/11/2007,BGM,NY,AEA,EN,Combined TRACON& Tower with Radar,0,20,25,0,45,0,0,1,0,1,0,20,26,0,46,0,0,0,46
10/12/2007,BGM,NY,AEA,EN,Combined TRACON& Tower with Radar,0,35,15,0,50,0,0,2,0,2,0,35,17,0,52,4,0,4,56
10/13/2007,BGM,NY,AEA,EN,Combined TRACON& Tower with Radar,0,28,17,0,45,0,0,12,0,12,0,28,29,0,57,11,0,11,68
10/14/2007,BGM,NY,AEA,EN,Combined TRACON& Tower with Radar,0,30,10,0,40,0,0,3,0,3,0,30,13,0,43,0,0,0,43
10/15/2007,BGM,NY,AEA,EN,Combined TRACON& Tower with Radar,0,29,21,1,51,0,0,19,1,20,0,29,40,2,71,32,0,32,103
10/16/2007,BGM,NY,AEA,EN,Combined TRACON& Tower with Radar,0,25,15,1,41,0,0,24,0,24,0,25,39,1,65,8,0,8,73
10/17/2007,BGM,NY,AEA,EN,Combined TRACON& Tower with Radar,0,25,23,9,57,0,0,14,0,14,0,25,37,9,71,38,32,70,141
10/18/2007,BGM,NY,AEA,EN,Combined TRACON& Tower with Radar,0,26,17,3,46,0,0,12,0,12,0,26,29,3,58,12,2,14,72
10/19/2007,BGM,NY,AEA,EN,Combined TRACON& Tower with Radar,0,29,4,6,39,0,0,0,0,0,0,29,4,6,39,6,0,6,45
10/20/2007,BGM,NY,AEA,EN,Combined TRACON& Tower with Radar,0,19,13,0,32,0,0,8,0,8,0,19,21,0,40,4,0,4,44
10/21/2007,BGM,NY,AEA,EN,Combined TRACON& Tower with Radar,0,29,17,0,46,0,0,49,0,49,0,29,66,0,95,32,0,32,127
10/22/2007,BGM,NY,AEA,EN,Combined TRACON& Tower with Radar,0,33,13,0,46,0,0,26,0,26,0,33,39,0,72,28,0,28,100
10/23/2007,BGM,NY,AEA,EN,Combined TRACON& Tower with Radar,0,34,13,0,47,0,0,1,0,1,0,34,14,0,48,10,0,10,58
10/24/2007,BGM,NY,AEA,EN,Combined TRACON& Tower with Radar,0,25,14,0,39,0,0,3,0,3,0,25,17,0,42,22,0,22,64
10/25/2007,BGM,NY,AEA,EN,Combined TRACON& Tower with Radar,0,26,24,18,68,0,0,23,0,23,0,26,47,18,91,8,0,8,99
10/26/2007,BGM,NY,AEA,EN,Combined TRACON& Tower with Radar,0,24,19,0,43,0,0,5,0,5,0,24,24,0,48,22,0,22,70
10/27/2007,BGM,NY,AEA,EN,Combined TRACON& Tower with Radar,0,25,7,0,32,0,0,2,0,2,0,25,9,0,34,0,0,0,34
10/28/2007,BGM,NY,AEA,EN,Combined TRACON& Tower with Radar,0,21,14,0,35,0,0,14,0,14,0,21,28,0,49,32,0,32,81
10/29/2007,BGM,NY,AEA,EN,Combined TRACON& Tower with Radar,0,28,10,0,38,0,0,5,0,5,0,28,15,0,43,16,0,16,59
10/30/2007,BGM,NY,AEA,EN,Combined TRACON& Tower with Radar,0,28,19,12,59,0,0,18,0,18,0,28,37,12,77,10,0,10,87
10/31/2007,BGM,NY,AEA,EN,Combined TRACON& Tower with Radar,0,24,14,0,38,0,0,13,0,13,0,24,27,0,51,8,0,8,59
11/01/2007,BGM,NY,AEA,EN,Combined TRACON& Tower with Radar,0,30,32,0,62,0,0,13,0,13,0,30,45,0,75,0,0,0,75
11/02/2007,BGM,NY,AEA,EN,Combined TRACON& Tower with Radar,0,32,12,7,51,0,0,20,0,20,0,32,32,7,71,30,12,42,113
11/03/2007,BGM,NY,AEA,EN,Combined TRACON& Tower with Radar,0,21,6,0,27,0,0,17,0,17,0,21,23,0,44,30,0,30,74
11/04/2007,BGM,NY,AEA,EN,Combined TRACON& Tower with Radar,0,23,6,0,29,0,0,14,0,14,0,23,20,0,43,12,0,12,55
11/05/2007,BGM,NY,AEA,EN,Combined TRACON& Tower with Radar,0,22,17,0,39,0,0,4,2,6,0,22,21,2,45,2,0,2,47
11/06/2007,BGM,NY,AEA,EN,Combined TRACON& Tower with Radar,0,28,17,0,45,0,0,4,0,4,0,28,21,0,49,0,0,0,49
11/07/2007,BGM,NY,AEA,EN,Combined TRACON& Tower with Radar,0,27,14,0,41,0,0,4,0,4,0,27,18,0,45,10,0,10,55
11/08/2007,BGM,NY,AEA,EN,Combined TRACON& Tower with Radar,0,27,24,7,58,0,0,21,0,21,0,27,45,7,79,26,28,54,133
11/09/2007,BGM,NY,AEA,EN,Combined TRACON& Tower with Radar,0,18,4,0,22,0,0,1,0,1,0,18,5,0,23,0,0,0,23
11/10/2007,BGM,NY,AEA,EN,Combined TRACON& Tower with Radar,0,24,10,0,34,0,0,0,0,0,0,24,10,0,34,0,0,0,34
11/11/2007,BGM,NY,AEA,EN,Combined TRACON& Tower with Radar,0,22,15,0,37,0,0,26,0,26,0,22,41,0,63,22,0,22,85
11/12/2007,BGM,NY,AEA,EN,Combined TRACON& Tower with Radar,0,26,17,0,43,0,0,0,0,0,0,26,17,0,43,0,0,0,43
11/13/2007,BGM,NY,AEA,EN,Combined TRACON& Tower with Radar,0,33,19,1,53,0,0,6,0,6,0,33,25,1,59,18,0,18,77
11/14/2007,BGM,NY,AEA,EN,Combined TRACON& Tower with Radar,0,23,20,9,52,0,0,6,0,6,0,23,26,9,58,8,0,8,66
11/15/2007,BGM,NY,AEA,EN,Combined TRACON& Tower with Radar,0,25,8,0,33,0,0,0,0,0,0,25,8,0,33,0,0,0,33
11/16/2007,BGM,NY,AEA,EN,Combined TRACON& Tower with Radar,0,28,14,12,54,0,0,1,0,1,0,28,15,12,55,8,0,8,63
11/17/2007,BGM,NY,AEA,EN,Combined TRACON& Tower with Radar,0,21,16,0,37,0,0,7,0,7,0,21,23,0,44,34,0,34,78
11/18/2007,BGM,NY,AEA,EN,Combined TRACON& Tower with Radar,0,19,5,0,24,0,0,8,0,8,0,19,13,0,32,28,0,28,60
11/19/2007,BGM,NY,AEA,EN,Combined TRACON& Tower with Radar,0,23,13,0,36,0,0,0,0,0,0,23,13,0,36,0,0,0,36
11/20/2007,BGM,NY,AEA,EN,Combined TRACON& Tower with Radar,0,20,15,0,35,0,0,0,0,0,0,20,15,0,35,0,0,0,35
11/21/2007,BGM,NY,AEA,EN,Combined TRACON& Tower with Radar,0,24,13,0,37,0,0,4,0,4,0,24,17,0,41,2,0,2,43
11/22/2007,BGM,NY,AEA,EN,Combined TRACON& Tower with Radar,0,13,3,0,16,0,0,0,0,0,0,13,3,0,16,2,0,2,18
11/23/2007,BGM,NY,AEA,EN,Combined TRACON& Tower with Radar,0,19,1,0,20,0,0,4,0,4,0,19,5,0,24,0,0,0,24
11/24/2007,BGM,NY,AEA,EN,Combined TRACON& Tower with Radar,0,19,18,0,37,0,0,12,0,12,0,19,30,0,49,2,0,2,51
11/25/2007,BGM,NY,AEA,EN,Combined TRACON& Tower with Radar,0,21,10,0,31,0,0,23,0,23,0,21,33,0,54,26,0,26,80
11/26/2007,BGM,NY,AEA,EN,Combined TRACON& Tower with Radar,0,10,8,0,18,0,0,0,0,0,0,10,8,0,18,0,0,0,18
11/27/2007,BGM,NY,AEA,EN,Combined TRACON& Tower with Radar,0,24,30,0,54,0,0,7,0,7,0,24,37,0,61,0,0,0,61
11/28/2007,BGM,NY,AEA,EN,Combined TRACON& Tower with Radar,0,27,13,8,48,0,0,13,0,13,0,27,26,8,61,32,22,54,115
11/29/2007,BGM,NY,AEA,EN,Combined TRACON& Tower with Radar,0,25,25,0,50,0,0,3,0,3,0,25,28,0,53,0,0,0,53
11/30/2007,BGM,NY,AEA,EN,Combined TRACON& Tower with Radar,0,22,9,0,31,0,0,9,0,9,0,22,18,0,40,8,0,8,48
12/01/2007,BGM,NY,AEA,EN,Combined TRACON& Tower with Radar,0,17,3,0,20,0,0,1,0,1,0,17,4,0,21,0,0,0,21
12/02/2007,BGM,NY,AEA,EN,Combined TRACON& Tower with Radar,0,14,2,0,16,0,0,0,0,0,0,14,2,0,16,0,0,0,16
12/03/2007,BGM,NY,AEA,EN,Combined TRACON& Tower with Radar,0,21,13,0,34,0,0,0,0,0,0,21,13,0,34,0,0,0,34
12/04/2007,BGM,NY,AEA,EN,Combined TRACON& Tower with Radar,0,28,14,0,42,0,0,0,0,0,0,28,14,0,42,0,0,0,42
12/05/2007,BGM,NY,AEA,EN,Combined TRACON& Tower with Radar,0,23,12,0,35,0,0,2,0,2,0,23,14,0,37,0,0,0,37
12/06/2007,BGM,NY,AEA,EN,Combined TRACON& Tower with Radar,0,27,27,2,56,0,0,23,2,25,0,27,50,4,81,6,0,6,87
12/07/2007,BGM,NY,AEA,EN,Combined TRACON& Tower with Radar,0,24,5,0,29,0,0,2,0,2,0,24,7,0,31,0,0,0,31
12/08/2007,BGM,NY,AEA,EN,Combined TRACON& Tower with Radar,0,21,8,0,29,0,0,7,0,7,0,21,15,0,36,2,0,2,38
12/09/2007,BGM,NY,AEA,EN,Combined TRACON& Tower with Radar,0,18,4,0,22,0,0,0,0,0,0,18,4,0,22,0,0,0,22
12/10/2007,BGM,NY,AEA,EN,Combined TRACON& Tower with Radar,0,26,3,0,29,0,0,0,0,0,0,26,3,0,29,0,0,0,29
12/11/2007,BGM,NY,AEA,EN,Combined TRACON& Tower with Radar,0,20,6,0,26,0,0,0,0,0,0,20,6,0,26,0,0,0,26
12/12/2007,BGM,NY,AEA,EN,Combined TRACON& Tower with Radar,0,26,13,2,41,0,0,0,0,0,0,26,13,2,41,0,0,0,41
12/13/2007,BGM,NY,AEA,EN,Combined TRACON& Tower with Radar,0,9,8,0,17,0,0,0,0,0,0,9,8,0,17,0,0,0,17
12/14/2007,BGM,NY,AEA,EN,Combined TRACON& Tower with Radar,0,27,11,2,40,0,0,4,0,4,0,27,15,2,44,20,0,20,64
12/15/2007,BGM,NY,AEA,EN,Combined TRACON& Tower with Radar,0,20,3,0,23,0,0,4,0,4,0,20,7,0,27,0,0,0,27
12/16/2007,BGM,NY,AEA,EN,Combined TRACON& Tower with Radar,0,6,0,0,6,0,0,0,0,0,0,6,0,0,6,0,0,0,6
12/17/2007,BGM,NY,AEA,EN,Combined TRACON& Tower with Radar,0,15,17,0,32,0,0,0,0,0,0,15,17,0,32,0,0,0,32
12/18/2007,BGM,NY,AEA,EN,Combined TRACON& Tower with Radar,0,27,23,0,50,0,0,16,0,16,0,27,39,0,66,22,0,22,88
12/19/2007,BGM,NY,AEA,EN,Combined TRACON& Tower with Radar,0,30,23,0,53,0,0,2,1,3,0,30,25,1,56,6,0,6,62
12/20/2007,BGM,NY,AEA,EN,Combined TRACON& Tower with Radar,0,25,23,0,48,0,0,1,0,1,0,25,24,0,49,0,0,0,49
12/21/2007,BGM,NY,AEA,EN,Combined TRACON& Tower with Radar,0,35,27,1,63,0,0,1,0,1,0,35,28,1,64,6,0,6,70
12/22/2007,BGM,NY,AEA,EN,Combined TRACON& Tower with Radar,0,26,8,0,34,0,0,3,0,3,0,26,11,0,37,0,0,0,37
12/23/2007,BGM,NY,AEA,EN,Combined TRACON& Tower with Radar,0,19,6,0,25,0,0,0,0,0,0,19,6,0,25,0,0,0,25
12/24/2007,BGM,NY,AEA,EN,Combined TRACON& Tower with Radar,0,22,0,0,22,0,0,0,0,0,0,22,0,0,22,6,0,6,28
12/25/2007,BGM,NY,AEA,EN,Combined TRACON& Tower with Radar,0,24,0,0,24,0,0,1,0,1,0,24,1,0,25,0,0,0,25
12/26/2007,BGM,NY,AEA,EN,Combined TRACON& Tower with Radar,0,24,6,0,30,0,0,18,0,18,0,24,24,0,48,44,0,44,92
12/27/2007,BGM,NY,AEA,EN,Combined TRACON& Tower with Radar,0,23,8,4,35,0,0,0,0,0,0,23,8,4,35,0,0,0,35
12/28/2007,BGM,NY,AEA,EN,Combined TRACON& Tower with Radar,0,26,3,0,29,0,0,11,0,11,0,26,14,0,40,30,0,30,70
12/29/2007,BGM,NY,AEA,EN,Combined TRACON& Tower with Radar,0,20,7,0,27,0,0,7,0,7,0,20,14,0,34,18,0,18,52
12/30/2007,BGM,NY,AEA,EN,Combined TRACON& Tower with Radar,0,18,5,0,23,0,0,8,0,8,0,18,13,0,31,4,0,4,35
12/31/2007,BGM,NY,AEA,EN,Combined TRACON& Tower with Radar,0,26,2,0,28,0,0,4,0,4,0,26,6,0,32,8,0,8,40
01/01/2008,BGM,NY,AEA,EN,Combined TRACON& Tower with Radar,0,22,0,0,22,0,0,0,0,0,0,22,0,0,22,0,0,0,22
01/02/2008,BGM,NY,AEA,EN,Combined TRACON& Tower with Radar,0,27,1,0,28,0,0,0,0,0,0,27,1,0,28,0,0,0,28
01/03/2008,BGM,NY,AEA,EN,Combined TRACON& Tower with Radar,0,26,15,4,45,0,0,6,3,9,0,26,21,7,54,8,10,18,72
01/04/2008,BGM,NY,AEA,EN,Combined TRACON& Tower with Radar,0,29,16,0,45,0,0,9,0,9,0,29,25,0,54,32,0,32,86
01/05/2008,BGM,NY,AEA,EN,Combined TRACON& Tower with Radar,0,25,5,0,30,0,0,7,0,7,0,25,12,0,37,18,0,18,55
01/06/2008,BGM,NY,AEA,EN,Combined TRACON& Tower with Radar,0,20,8,10,38,0,0,0,0,0,0,20,8,10,38,4,0,4,42
01/07/2008,BGM,NY,AEA,EN,Combined TRACON& Tower with Radar,0,27,14,2,43,0,0,8,0,8,0,27,22,2,51,0,16,16,67
01/08/2008,BGM,NY,AEA,EN,Combined TRACON& Tower with Radar,0,22,13,2,37,0,0,14,1,15,0,22,27,3,52,2,0,2,54
01/09/2008,BGM,NY,AEA,EN,Combined TRACON& Tower with Radar,0,25,8,0,33,0,0,0,0,0,0,25,8,0,33,0,0,0,33
01/10/2008,BGM,NY,AEA,EN,Combined TRACON& Tower with Radar,0,27,10,8,45,0,0,27,2,29,0,27,37,10,74,12,30,42,116
01/11/2008,BGM,NY,AEA,EN,Combined TRACON& Tower with Radar,0,25,12,0,37,0,0,0,0,0,0,25,12,0,37,0,0,0,37
01/12/2008,BGM,NY,AEA,EN,Combined TRACON& Tower with Radar,0,17,8,0,25,0,0,15,0,15,0,17,23,0,40,2,0,2,42
01/13/2008,BGM,NY,AEA,EN,Combined TRACON& Tower with Radar,0,20,4,7,31,0,0,19,0,19,0,20,23,7,50,6,12,18,68
01/14/2008,BGM,NY,AEA,EN,Combined TRACON& Tower with Radar,0,25,7,0,32,0,0,0,0,0,0,25,7,0,32,0,0,0,32
01/15/2008,BGM,NY,AEA,EN,Combined TRACON& Tower with Radar,0,25,11,2,38,0,0,2,0,2,0,25,13,2,40,0,0,0,40
01/16/2008,BGM,NY,AEA,EN,Combined TRACON& Tower with Radar,0,30,22,0,52,0,0,5,0,5,0,30,27,0,57,2,0,2,59
01/17/2008,BGM,NY,AEA,EN,Combined TRACON& Tower with Radar,0,16,12,0,28,0,0,5,0,5,0,16,17,0,33,0,0,0,33
01/18/2008,BGM,NY,AEA,EN,Combined TRACON& Tower with Radar,0,26,11,0,37,0,0,10,0,10,0,26,21,0,47,8,0,8,55
01/19/2008,BGM,NY,AEA,EN,Combined TRACON& Tower with Radar,0,15,2,0,17,0,0,4,0,4,0,15,6,0,21,2,0,2,23
01/20/2008,BGM,NY,AEA,EN,Combined TRACON& Tower with Radar,0,21,3,0,24,0,0,2,0,2,0,21,5,0,26,0,0,0,26
01/21/2008,BGM,NY,AEA,EN,Combined TRACON& Tower with Radar,0,26,8,0,34,0,0,6,0,6,0,26,14,0,40,4,0,4,44
01/22/2008,BGM,NY,AEA,EN,Combined TRACON& Tower with Radar,0,24,15,0,39,0,0,0,0,0,0,24,15,0,39,2,0,2,41
01/23/2008,BGM,NY,AEA,EN,Combined TRACON& Tower with Radar,0,25,22,0,47,0,0,8,0,8,0,25,30,0,55,4,0,4,59
01/24/2008,BGM,NY,AEA,EN,Combined TRACON& Tower with Radar,0,23,15,2,40,0,0,1,0,1,0,23,16,2,41,0,4,4,45
01/25/2008,BGM,NY,AEA,EN,Combined TRACON& Tower with Radar,0,31,8,0,39,0,0,9,0,9,0,31,17,0,48,0,0,0,48
01/26/2008,BGM,NY,AEA,EN,Combined TRACON& Tower with Radar,0,16,2,0,18,0,0,2,0,2,0,16,4,0,20,0,0,0,20
01/27/2008,BGM,NY,AEA,EN,Combined TRACON& Tower with Radar,0,20,3,2,25,0,0,6,0,6,0,20,9,2,31,0,0,0,31
01/28/2008,BGM,NY,AEA,EN,Combined TRACON& Tower with Radar,0,23,11,3,37,0,0,6,1,7,0,23,17,4,44,6,0,6,50
01/29/2008,BGM,NY,AEA,EN,Combined TRACON& Tower with Radar,0,26,14,0,40,0,0,0,0,0,0,26,14,0,40,0,0,0,40
01/30/2008,BGM,NY,AEA,EN,Combined TRACON& Tower with Radar,0,20,7,0,27,0,0,3,0,3,0,20,10,0,30,0,0,0,30
01/31/2008,BGM,NY,AEA,EN,Combined TRACON& Tower with Radar,0,24,41,5,70,0,0,19,0,19,0,24,60,5,89,22,2,24,113
02/01/2008,BGM,NY,AEA,EN,Combined TRACON& Tower with Radar,0,9,1,0,10,0,0,0,0,0,0,9,1,0,10,0,0,0,10
02/02/2008,BGM,NY,AEA,EN,Combined TRACON& Tower with Radar,0,16,5,0,21,0,0,2,0,2,0,16,7,0,23,10,0,10,33
02/03/2008,BGM,NY,AEA,EN,Combined TRACON& Tower with Radar,0,17,10,0,27,0,0,8,0,8,0,17,18,0,35,10,0,10,45
02/04/2008,BGM,NY,AEA,EN,Combined TRACON& Tower with Radar,0,24,5,1,30,0,0,1,0,1,0,24,6,1,31,0,0,0,31
02/05/2008,BGM,NY,AEA,EN,Combined TRACON& Tower with Radar,0,17,11,2,30,0,0,0,0,0,0,17,11,2,30,0,0,0,30
02/06/2008,BGM,NY,AEA,EN,Combined TRACON& Tower with Radar,0,13,12,0,25,0,0,0,0,0,0,13,12,0,25,0,0,0,25
02/07/2008,BGM,NY,AEA,EN,Combined TRACON& Tower with Radar,0,20,16,0,36,0,0,0,0,0,0,20,16,0,36,0,0,0,36
02/08/2008,BGM,NY,AEA,EN,Combined TRACON& Tower with Radar,0,26,7,12,45,0,0,2,0,2,0,26,9,12,47,0,2,2,49
02/09/2008,BGM,NY,AEA,EN,Combined TRACON& Tower with Radar,0,16,1,0,17,0,0,0,0,0,0,16,1,0,17,0,0,0,17
02/10/2008,BGM,NY,AEA,EN,Combined TRACON& Tower with Radar,0,15,3,0,18,0,0,0,0,0,0,15,3,0,18,0,0,0,18
02/11/2008,BGM,NY,AEA,EN,Combined TRACON& Tower with Radar,0,20,11,0,31,0,0,0,0,0,0,20,11,0,31,0,0,0,31
02/12/2008,BGM,NY,AEA,EN,Combined TRACON& Tower with Radar,0,21,12,2,35,0,0,1,0,1,0,21,13,2,36,0,0,0,36
02/13/2008,BGM,NY,AEA,EN,Combined TRACON& Tower with Radar,0,13,5,0,18,0,0,0,0,0,0,13,5,0,18,0,0,0,18
02/14/2008,BGM,NY,AEA,EN,Combined TRACON& Tower with Radar,0,26,23,0,49,0,0,10,0,10,0,26,33,0,59,0,0,0,59
02/15/2008,BGM,NY,AEA,EN,Combined TRACON& Tower with Radar,0,23,10,0,33,0,0,3,0,3,0,23,13,0,36,8,0,8,44
02/16/2008,BGM,NY,AEA,EN,Combined TRACON& Tower with Radar,0,16,17,4,37,0,0,3,0,3,0,16,20,4,40,10,0,10,50
02/17/2008,BGM,NY,AEA,EN,Combined TRACON& Tower with Radar,0,24,2,0,26,0,0,2,0,2,0,24,4,0,28,0,0,0,28
02/18/2008,BGM,NY,AEA,EN,Combined TRACON& Tower with Radar,0,19,7,0,26,0,0,1,0,1,0,19,8,0,27,0,0,0,27
02/19/2008,BGM,NY,AEA,EN,Combined TRACON& Tower with Radar,0,24,9,0,33,0,0,0,0,0,0,24,9,0,33,0,0,0,33
02/20/2008,BGM,NY,AEA,EN,Combined TRACON& Tower with Radar,0,21,12,0,33,0,0,9,0,9,0,21,21,0,42,0,0,0,42
02/21/2008,BGM,NY,AEA,EN,Combined TRACON& Tower with Radar,0,27,20,0,47,0,0,12,0,12,0,27,32,0,59,24,0,24,83
02/22/2008,BGM,NY,AEA,EN,Combined TRACON& Tower with Radar,0,23,4,0,27,0,0,0,0,0,0,23,4,0,27,0,0,0,27
02/23/2008,BGM,NY,AEA,EN,Combined TRACON& Tower with Radar,0,19,9,0,28,0,0,0,0,0,0,19,9,0,28,4,0,4,32
02/24/2008,BGM,NY,AEA,EN,Combined TRACON& Tower with Radar,0,20,17,0,37,0,0,24,0,24,0,20,41,0,61,38,0,38,99
02/25/2008,BGM,NY,AEA,EN,Combined TRACON& Tower with Radar,0,21,12,2,35,0,0,15,4,19,0,21,27,6,54,4,0,4,58
02/26/2008,BGM,NY,AEA,EN,Combined TRACON& Tower with Radar,0,12,5,0,17,0,0,0,0,0,0,12,5,0,17,0,0,0,17
02/27/2008,BGM,NY,AEA,EN,Combined TRACON& Tower with Radar,0,20,3,0,23,0,0,0,0,0,0,20,3,0,23,0,0,0,23
02/28/2008,BGM,NY,AEA,EN,Combined TRACON& Tower with Radar,0,25,30,10,65,0,0,12,0,12,0,25,42,10,77,26,42,68,145
02/29/2008,BGM,NY,AEA,EN,Combined TRACON& Tower with Radar,0,24,13,0,37,0,0,3,0,3,0,24,16,0,40,0,0,0,40
03/01/2008,BGM,NY,AEA,EN,Combined TRACON& Tower with Radar,0,16,2,0,18,0,0,0,0,0,0,16,2,0,18,0,0,0,18
03/02/2008,BGM,NY,AEA,EN,Combined TRACON& Tower with Radar,0,22,5,0,27,0,0,10,0,10,0,22,15,0,37,0,0,0,37
03/03/2008,BGM,NY,AEA,EN,Combined TRACON& Tower with Radar,0,23,5,0,28,0,0,11,0,11,0,23,16,0,39,0,0,0,39
03/04/2008,BGM,NY,AEA,EN,Combined TRACON& Tower with Radar,0,13,6,0,19,0,0,0,0,0,0,13,6,0,19,0,0,0,19
03/05/2008,BGM,NY,AEA,EN,Combined TRACON& Tower with Radar,0,21,14,0,35,0,0,0,0,0,0,21,14,0,35,0,0,0,35
03/06/2008,BGM,NY,AEA,EN,Combined TRACON& Tower with Radar,0,23,18,0,41,0,0,23,0,23,0,23,41,0,64,26,0,26,90
03/07/2008,BGM,NY,AEA,EN,Combined TRACON& Tower with Radar,0,20,14,0,34,0,0,10,0,10,0,20,24,0,44,20,0,20,64
03/08/2008,BGM,NY,AEA,EN,Combined TRACON& Tower with Radar,0,17,1,0,18,0,0,0,0,0,0,17,1,0,18,0,0,0,18
03/09/2008,BGM,NY,AEA,EN,Combined TRACON& Tower with Radar,0,21,4,0,25,0,0,0,0,0,0,21,4,0,25,0,0,0,25
03/10/2008,BGM,NY,AEA,EN,Combined TRACON& Tower with Radar,0,24,8,0,32,0,0,6,3,9,0,24,14,3,41,0,16,16,57
03/11/2008,BGM,NY,AEA,EN,Combined TRACON& Tower with Radar,0,24,17,0,41,0,0,14,0,14,0,24,31,0,55,14,0,14,69
03/12/2008,BGM,NY,AEA,EN,Combined TRACON& Tower with Radar,0,27,11,0,38,0,0,0,0,0,0,27,11,0,38,0,0,0,38
03/13/2008,BGM,NY,AEA,EN,Combined TRACON& Tower with Radar,0,29,13,0,42,0,0,15,0,15,0,29,28,0,57,10,12,22,79
03/14/2008,BGM,NY,AEA,EN,Combined TRACON& Tower with Radar,0,27,11,0,38,0,0,5,0,5,0,27,16,0,43,0,0,0,43
03/15/2008,BGM,NY,AEA,EN,Combined TRACON& Tower with Radar,0,16,5,0,21,0,0,7,0,7,0,16,12,0,28,12,0,12,40
03/16/2008,BGM,NY,AEA,EN,Combined TRACON& Tower with Radar,0,21,4,0,25,0,0,1,0,1,0,21,5,0,26,0,0,0,26
03/17/2008,BGM,NY,AEA,EN,Combined TRACON& Tower with Radar,0,24,20,0,44,0,0,26,1,27,0,24,46,1,71,14,0,14,85
03/18/2008,BGM,NY,AEA,EN,Combined TRACON& Tower with Radar,0,33,21,0,54,0,0,2,0,2,0,33,23,0,56,16,0,16,72
03/19/2008,BGM,NY,AEA,EN,Combined TRACON& Tower with Radar,0,19,12,0,31,0,0,0,0,0,0,19,12,0,31,0,0,0,31
03/20/2008,BGM,NY,AEA,EN,Combined TRACON& Tower with Radar,0,27,23,0,50,0,0,1,0,1,0,27,24,0,51,32,0,32,83
03/21/2008,BGM,NY,AEA,EN,Combined TRACON& Tower with Radar,0,30,5,0,35,0,0,2,0,2,0,30,7,0,37,2,0,2,39
03/22/2008,BGM,NY,AEA,EN,Combined TRACON& Tower with Radar,0,19,4,0,23,0,0,23,0,23,0,19,27,0,46,2,0,2,48
03/23/2008,BGM,NY,AEA,EN,Combined TRACON& Tower with Radar,0,21,8,0,29,0,0,19,0,19,0,21,27,0,48,0,0,0,48
03/24/2008,BGM,NY,AEA,EN,Combined TRACON& Tower with Radar,0,22,12,7,41,0,0,10,1,11,0,22,22,8,52,0,14,14,66
03/25/2008,BGM,NY,AEA,EN,Combined TRACON& Tower with Radar,0,23,19,12,54,0,0,12,0,12,0,23,31,12,66,19,0,19,85
03/26/2008,BGM,NY,AEA,EN,Combined TRACON& Tower with Radar,0,22,19,12,53,0,0,3,0,3,0,22,22,12,56,8,18,26,82
03/27/2008,BGM,NY,AEA,EN,Combined TRACON& Tower with Radar,0,26,14,2,42,0,0,2,1,3,0,26,16,3,45,0,0,0,45
03/28/2008,BGM,NY,AEA,EN,Combined TRACON& Tower with Radar,0,24,4,0,28,0,0,0,0,0,0,24,4,0,28,0,0,0,28
03/29/2008,BGM,NY,AEA,EN,Combined TRACON& Tower with Radar,0,16,5,0,21,0,0,13,0,13,0,16,18,0,34,14,0,14,48
03/30/2008,BGM,NY,AEA,EN,Combined TRACON& Tower with Radar,0,23,12,0,35,0,0,32,0,32,0,23,44,0,67,34,0,34,101
03/31/2008,BGM,NY,AEA,EN,Combined TRACON& Tower with Radar,0,21,11,0,32,0,0,0,0,0,0,21,11,0,32,0,0,0,32
04/01/2008,BGM,NY,AEA,EN,Combined TRACON& Tower with Radar,0,23,15,0,38,0,0,0,0,0,0,23,15,0,38,0,0,0,38
04/02/2008,BGM,NY,AEA,EN,Combined TRACON& Tower with Radar,0,26,9,4,39,0,0,17,0,17,0,26,26,4,56,10,0,10,66
04/03/2008,BGM,NY,AEA,EN,Combined TRACON& Tower with Radar,0,24,16,0,40,0,0,21,0,21,0,24,37,0,61,12,0,12,73
04/04/2008,BGM,NY,AEA,EN,Combined TRACON& Tower with Radar,0,22,12,0,34,0,0,0,0,0,0,22,12,0,34,0,0,0,34
04/05/2008,BGM,NY,AEA,EN,Combined TRACON& Tower with Radar,0,20,4,0,24,0,0,0,0,0,0,20,4,0,24,0,0,0,24
04/06/2008,BGM,NY,AEA,EN,Combined TRACON& Tower with Radar,0,24,19,0,43,0,0,47,0,47,0,24,66,0,90,12,0,12,102
04/07/2008,BGM,NY,AEA,EN,Combined TRACON& Tower with Radar,0,24,17,0,41,0,0,8,0,8,0,24,25,0,49,10,0,10,59
04/08/2008,BGM,NY,AEA,EN,Combined TRACON& Tower with Radar,0,32,19,0,51,0,0,14,0,14,0,32,33,0,65,20,0,20,85
04/09/2008,BGM,NY,AEA,EN,Combined TRACON& Tower with Radar,0,33,30,0,63,0,0,17,0,17,0,33,47,0,80,16,0,16,96
04/10/2008,BGM,NY,AEA,EN,Combined TRACON& Tower with Radar,0,26,26,6,58,0,0,20,0,20,0,26,46,6,78,24,30,54,132
04/11/2008,BGM,NY,AEA,EN,Combined TRACON& Tower with Radar,0,21,17,0,38,0,0,8,0,8,0,21,25,0,46,14,0,14,60
04/12/2008,BGM,NY,AEA,EN,Combined TRACON& Tower with Radar,0,24,6,0,30,0,0,5,0,5,0,24,11,0,35,2,0,2,37
04/13/2008,BGM,NY,AEA,EN,Combined TRACON& Tower with Radar,0,21,4,0,25,0,0,0,0,0,0,21,4,0,25,0,0,0,25
04/14/2008,BGM,NY,AEA,EN,Combined TRACON& Tower with Radar,0,25,17,8,50,0,2,13,0,15,0,27,30,8,65,2,45,47,112
04/15/2008,BGM,NY,AEA,EN,Combined TRACON& Tower with Radar,0,28,17,0,45,0,0,20,0,20,0,28,37,0,65,30,0,30,95
04/16/2008,BGM,NY,AEA,EN,Combined TRACON& Tower with Radar,0,26,22,0,48,0,0,46,0,46,0,26,68,0,94,46,0,46,140
04/17/2008,BGM,NY,AEA,EN,Combined TRACON& Tower with Radar,0,27,10,6,43,0,0,23,0,23,0,27,33,6,66,18,10,28,94
04/18/2008,BGM,NY,AEA,EN,Combined TRACON& Tower with Radar,0,27,13,0,40,0,0,26,0,26,0,27,39,0,66,14,12,26,92
04/19/2008,BGM,NY,AEA,EN,Combined TRACON& Tower with Radar,0,21,6,0,27,0,0,24,0,24,0,21,30,0,51,12,0,12,63
04/20/2008,BGM,NY,AEA,EN,Combined TRACON& Tower with Radar,0,16,5,0,21,0,0,6,0,6,0,16,11,0,27,27,0,27,54
04/21/2008,BGM,NY,AEA,EN,Combined TRACON& Tower with Radar,0,24,17,0,41,0,0,10,0,10,0,24,27,0,51,18,0,18,69
04/22/2008,BGM,NY,AEA,EN,Combined TRACON& Tower with Radar,0,28,14,2,44,0,0,13,0,13,0,28,27,2,57,14,0,14,71
04/23/2008,BGM,NY,AEA,EN,Combined TRACON& Tower with Radar,0,26,25,2,53,0,0,19,0,19,0,26,44,2,72,48,0,48,120
04/24/2008,BGM,NY,AEA,EN,Combined TRACON& Tower with Radar,0,30,15,7,52,0,0,21,0,21,0,30,36,7,73,44,6,50,123
04/25/2008,BGM,NY,AEA,EN,Combined TRACON& Tower with Radar,0,28,12,0,40,0,0,23,0,23,0,28,35,0,63,0,0,0,63
04/26/2008,BGM,NY,AEA,EN,Combined TRACON& Tower with Radar,0,20,1,0,21,0,0,5,0,5,0,20,6,0,26,8,0,8,34
04/27/2008,BGM,NY,AEA,EN,Combined TRACON& Tower with Radar,0,24,8,0,32,0,0,17,0,17,0,24,25,0,49,14,0,14,63
04/28/2008,BGM,NY,AEA,EN,Combined TRACON& Tower with Radar,0,24,13,0,37,0,0,0,0,0,0,24,13,0,37,2,0,2,39
04/29/2008,BGM,NY,AEA,EN,Combined TRACON& Tower with Radar,0,29,10,4,43,0,0,7,0,7,0,29,17,4,50,34,12,46,96
04/30/2008,BGM,NY,AEA,EN,Combined TRACON& Tower with Radar,0,29,12,0,41,0,0,9,0,9,0,29,21,0,50,22,2,24,74
05/01/2008,BGM,NY,AEA,EN,Combined TRACON& Tower with Radar,0,15,12,0,27,0,0,13,0,13,0,15,25,0,40,2,0,2,42
05/02/2008,BGM,NY,AEA,EN,Combined TRACON& Tower with Radar,0,30,10,0,40,0,0,1,0,1,0,30,11,0,41,4,0,4,45
05/03/2008,BGM,NY,AEA,EN,Combined TRACON& Tower with Radar,0,21,7,0,28,0,0,0,0,0,0,21,7,0,28,0,0,0,28
05/04/2008,BGM,NY,AEA,EN,Combined TRACON& Tower with Radar,0,22,9,0,31,0,0,4,0,4,0,22,13,0,35,0,0,0,35
05/05/2008,BGM,NY,AEA,EN,Combined TRACON& Tower with Radar,0,24,17,6,47,0,0,24,0,24,0,24,41,6,71,20,9,29,100
05/06/2008,BGM,NY,AEA,EN,Combined TRACON& Tower with Radar,0,32,26,10,68,0,0,23,0,23,0,32,49,10,91,24,0,24,115
05/07/2008,BGM,NY,AEA,EN,Combined TRACON& Tower with Radar,0,29,16,0,45,0,0,12,1,13,0,29,28,1,58,74,0,74,132
05/08/2008,BGM,NY,AEA,EN,Combined TRACON& Tower with Radar,0,34,37,0,71,0,0,12,0,12,0,34,49,0,83,6,0,6,89
05/09/2008,BGM,NY,AEA,EN,Combined TRACON& Tower with Radar,0,24,5,0,29,0,0,7,0,7,0,24,12,0,36,6,0,6,42
05/10/2008,BGM,NY,AEA,EN,Combined TRACON& Tower with Radar,0,27,6,0,33,0,0,23,0,23,0,27,29,0,56,6,0,6,62
05/11/2008,BGM,NY,AEA,EN,Combined TRACON& Tower with Radar,0,19,8,0,27,0,0,16,0,16,0,19,24,0,43,0,0,0,43
05/12/2008,BGM,NY,AEA,EN,Combined TRACON& Tower with Radar,0,21,11,2,34,0,0,5,0,5,0,21,16,2,39,0,0,0,39
05/13/2008,BGM,NY,AEA,EN,Combined TRACON& Tower with Radar,0,32,31,2,65,0,0,31,0,31,0,32,62,2,96,24,0,24,120
05/14/2008,BGM,NY,AEA,EN,Combined TRACON& Tower with Radar,0,24,32,0,56,0,0,19,0,19,0,24,51,0,75,30,0,30,105
05/15/2008,BGM,NY,AEA,EN,Combined TRACON& Tower with Radar,0,28,23,1,52,0,0,8,0,8,0,28,31,1,60,14,0,14,74
05/16/2008,BGM,NY,AEA,EN,Combined TRACON& Tower with Radar,0,19,17,0,36,0,0,0,0,0,0,19,17,0,36,0,0,0,36
05/17/2008,BGM,NY,AEA,EN,Combined TRACON& Tower with Radar,0,19,10,0,29,0,0,7,0,7,0,19,17,0,36,24,0,24,60
05/18/2008,BGM,NY,AEA,EN,Combined TRACON& Tower with Radar,0,16,5,0,21,0,0,0,0,0,0,16,5,0,21,8,0,8,29
05/19/2008,BGM,NY,AEA,EN,Combined TRACON& Tower with Radar,0,27,6,0,33,0,0,0,0,0,0,27,6,0,33,0,0,0,33
05/20/2008,BGM,NY,AEA,EN,Combined TRACON& Tower with Radar,0,29,15,10,54,0,0,14,0,14,0,29,29,10,68,14,0,14,82
05/21/2008,BGM,NY,AEA,EN,Combined TRACON& Tower with Radar,0,27,22,4,53,0,0,9,0,9,0,27,31,4,62,20,0,20,82
05/22/2008,BGM,NY,AEA,EN,Combined TRACON& Tower with Radar,0,26,29,1,56,0,0,2,2,4,0,26,31,3,60,0,0,0,60
05/23/2008,BGM,NY,AEA,EN,Combined TRACON& Tower with Radar,0,26,13,0,39,0,0,17,0,17,0,26,30,0,56,64,0,64,120
05/24/2008,BGM,NY,AEA,EN,Combined TRACON& Tower with Radar,0,22,6,0,28,0,0,12,0,12,0,22,18,0,40,32,0,32,72
05/25/2008,BGM,NY,AEA,EN,Combined TRACON& Tower with Radar,0,19,8,0,27,0,0,23,0,23,0,19,31,0,50,34,0,34,84
05/26/2008,BGM,NY,AEA,EN,Combined TRACON& Tower with Radar,0,24,5,0,29,0,0,9,0,9,0,24,14,0,38,0,0,0,38
05/27/2008,BGM,NY,AEA,EN,Combined TRACON& Tower with Radar,0,26,18,0,44,0,0,5,0,5,0,26,23,0,49,44,0,44,93
05/28/2008,BGM,NY,AEA,EN,Combined TRACON& Tower with Radar,0,25,8,0,33,0,0,26,0,26,0,25,34,0,59,38,0,38,97
05/29/2008,BGM,NY,AEA,EN,Combined TRACON& Tower with Radar,0,27,30,0,57,0,0,30,0,30,0,27,60,0,87,53,0,53,140
05/30/2008,BGM,NY,AEA,EN,Combined TRACON& Tower with Radar,0,25,18,0,43,0,0,26,0,26,0,25,44,0,69,10,0,10,79
05/31/2008,BGM,NY,AEA,EN,Combined TRACON& Tower with Radar,0,20,8,0,28,0,0,2,0,2,0,20,10,0,30,6,0,6,36
06/01/2008,BGM,NY,AEA,EN,Combined TRACON& Tower with Radar,0,25,9,0,34,0,0,12,0,12,0,25,21,0,46,0,0,0,46
06/02/2008,BGM,NY,AEA,EN,Combined TRACON& Tower with Radar,0,26,11,4,41,0,0,12,0,12,0,26,23,4,53,34,0,34,87
06/03/2008,BGM,NY,AEA,EN,Combined TRACON& Tower with Radar,0,36,21,0,57,0,0,11,0,11,0,36,32,0,68,0,0,0,68
06/04/2008,BGM,NY,AEA,EN,Combined TRACON& Tower with Radar,0,21,24,0,45,0,0,1,0,1,0,21,25,0,46,2,0,2,48
06/05/2008,BGM,NY,AEA,EN,Combined TRACON& Tower with Radar,0,26,20,12,58,0,0,2,0,2,0,26,22,12,60,2,16,18,78
06/06/2008,BGM,NY,AEA,EN,Combined TRACON& Tower with Radar,0,27,9,6,42,0,0,7,0,7,0,27,16,6,49,20,44,64,113
06/07/2008,BGM,NY,AEA,EN,Combined TRACON& Tower with Radar,0,23,6,0,29,0,0,13,0,13,0,23,19,0,42,8,0,8,50
06/08/2008,BGM,NY,AEA,EN,Combined TRACON& Tower with Radar,0,17,3,0,20,0,0,11,0,11,0,17,14,0,31,10,0,10,41
06/09/2008,BGM,NY,AEA,EN,Combined TRACON& Tower with Radar,0,25,12,2,39,0,0,14,0,14,0,25,26,2,53,20,0,20,73
06/10/2008,BGM,NY,AEA,EN,Combined TRACON& Tower with Radar,0,26,20,2,48,0,0,7,0,7,0,26,27,2,55,0,0,0,55
06/11/2008,BGM,NY,AEA,EN,Combined TRACON& Tower with Radar,0,27,36,0,63,0,0,25,0,25,0,27,61,0,88,4,0,4,92
06/12/2008,BGM,NY,AEA,EN,Combined TRACON& Tower with Radar,0,25,22,0,47,0,0,25,0,25,0,25,47,0,72,0,0,0,72
06/13/2008,BGM,NY,AEA,EN,Combined TRACON& Tower with Radar,0,23,14,0,37,0,0,27,0,27,0,23,41,0,64,38,0,38,102
06/14/2008,BGM,NY,AEA,EN,Combined TRACON& Tower with Radar,0,20,6,0,26,0,0,3,0,3,0,20,9,0,29,4,0,4,33
06/15/2008,BGM,NY,AEA,EN,Combined TRACON& Tower with Radar,0,21,4,0,25,0,0,15,0,15,0,21,19,0,40,6,0,6,46
06/16/2008,BGM,NY,AEA,EN,Combined TRACON& Tower with Radar,0,32,11,0,43,0,0,3,0,3,0,32,14,0,46,6,10,16,62
06/17/2008,BGM,NY,AEA,EN,Combined TRACON& Tower with Radar,0,26,18,0,44,0,0,10,0,10,0,26,28,0,54,12,0,12,66
06/18/2008,BGM,NY,AEA,EN,Combined TRACON& Tower with Radar,0,22,13,0,35,0,0,1,1,2,0,22,14,1,37,12,4,16,53
06/19/2008,BGM,NY,AEA,EN,Combined TRACON& Tower with Radar,0,26,26,14,66,0,0,19,2,21,0,26,45,16,87,28,0,28,115
06/20/2008,BGM,NY,AEA,EN,Combined TRACON& Tower with Radar,1,26,17,11,55,0,0,20,4,24,1,26,37,15,79,6,18,24,103
06/21/2008,BGM,NY,AEA,EN,Combined TRACON& Tower with Radar,0,23,2,1,26,0,0,12,0,12,0,23,14,1,38,0,0,0,38
06/22/2008,BGM,NY,AEA,EN,Combined TRACON& Tower with Radar,0,21,13,6,40,0,0,10,3,13,0,21,23,9,53,8,4,12,65
06/23/2008,BGM,NY,AEA,EN,Combined TRACON& Tower with Radar,1,22,5,1,29,0,0,8,1,9,1,22,13,2,38,34,0,34,72
06/24/2008,BGM,NY,AEA,EN,Combined TRACON& Tower with Radar,0,31,16,0,47,0,0,12,0,12,0,31,28,0,59,2,0,2,61
06/25/2008,BGM,NY,AEA,EN,Combined TRACON& Tower with Radar,0,24,13,4,41,0,0,43,0,43,0,24,56,4,84,32,24,56,140
06/26/2008,BGM,NY,AEA,EN,Combined TRACON& Tower with Radar,0,27,13,10,50,0,0,6,0,6,0,27,19,10,56,2,10,12,68
06/27/2008,BGM,NY,AEA,EN,Combined TRACON& Tower with Radar,0,23,9,4,36,0,0,13,0,13,0,23,22,4,49,0,0,0,49
06/28/2008,BGM,NY,AEA,EN,Combined TRACON& Tower with Radar,0,23,11,0,34,0,0,9,0,9,0,23,20,0,43,6,0,6,49
06/29/2008,BGM,NY,AEA,EN,Combined TRACON& Tower with Radar,0,28,12,0,40,0,0,11,0,11,0,28,23,0,51,32,0,32,83
06/30/2008,BGM,NY,AEA,EN,Combined TRACON& Tower with Radar,0,24,20,0,44,0,0,11,0,11,0,24,31,0,55,10,0,10,65
07/01/2008,BGM,NY,AEA,EN,Combined TRACON& Tower with Radar,0,25,29,0,54,0,1,14,0,15,0,26,43,0,69,20,0,20,89
07/02/2008,BGM,NY,AEA,EN,Combined TRACON& Tower with Radar,0,24,19,0,43,0,0,53,0,53,0,24,72,0,96,16,0,16,112
07/03/2008,BGM,NY,AEA,EN,Combined TRACON& Tower with Radar,0,23,11,0,34,0,0,4,0,4,0,23,15,0,38,0,0,0,38
07/04/2008,BGM,NY,AEA,EN,Combined TRACON& Tower with Radar,0,24,12,0,36,0,0,14,0,14,0,24,26,0,50,26,0,26,76
07/05/2008,BGM,NY,AEA,EN,Combined TRACON& Tower with Radar,0,24,10,0,34,0,0,15,0,15,0,24,25,0,49,4,0,4,53
07/06/2008,BGM,NY,AEA,EN,Combined TRACON& Tower with Radar,0,27,18,0,45,0,0,9,0,9,0,27,27,0,54,4,0,4,58
07/07/2008,BGM,NY,AEA,EN,Combined TRACON& Tower with Radar,0,24,11,0,35,0,0,9,0,9,0,24,20,0,44,40,0,40,84
07/08/2008,BGM,NY,AEA,EN,Combined TRACON& Tower with Radar,0,25,15,0,40,0,0,14,0,14,0,25,29,0,54,20,0,20,74
07/09/2008,BGM,NY,AEA,EN,Combined TRACON& Tower with Radar,0,25,19,0,44,0,0,5,0,5,0,25,24,0,49,36,0,36,85
07/10/2008,BGM,NY,AEA,EN,Combined TRACON& Tower with Radar,0,25,5,0,30,0,0,24,0,24,0,25,29,0,54,50,0,50,104
07/11/2008,BGM,NY,AEA,EN,Combined TRACON& Tower with Radar,0,26,10,3,39,0,0,25,0,25,0,26,35,3,64,42,0,42,106
07/12/2008,BGM,NY,AEA,EN,Combined TRACON& Tower with Radar,0,20,9,0,29,0,0,17,0,17,0,20,26,0,46,16,0,16,62
07/13/2008,BGM,NY,AEA,EN,Combined TRACON& Tower with Radar,0,19,13,0,32,0,0,0,0,0,0,19,13,0,32,0,0,0,32
07/14/2008,BGM,NY,AEA,EN,Combined TRACON& Tower with Radar,0,26,13,2,41,0,0,19,0,19,0,26,32,2,60,14,0,14,74
07/15/2008,BGM,NY,AEA,EN,Combined TRACON& Tower with Radar,0,29,18,0,47,0,0,31,0,31,0,29,49,0,78,8,2,10,88
07/16/2008,BGM,NY,AEA,EN,Combined TRACON& Tower with Radar,0,31,8,0,39,0,0,21,0,21,0,31,29,0,60,0,0,0,60
07/17/2008,BGM,NY,AEA,EN,Combined TRACON& Tower with Radar,0,29,21,2,52,0,0,16,0,16,0,29,37,2,68,16,10,26,94
07/18/2008,BGM,NY,AEA,EN,Combined TRACON& Tower with Radar,0,23,15,13,51,0,0,18,1,19,0,23,33,14,70,52,38,90,160
07/19/2008,BGM,NY,AEA,EN,Combined TRACON& Tower with Radar,0,21,4,0,25,0,0,9,0,9,0,21,13,0,34,2,0,2,36
07/20/2008,BGM,NY,AEA,EN,Combined TRACON& Tower with Radar,0,24,10,0,34,0,0,3,0,3,0,24,13,0,37,10,0,10,47
07/21/2008,BGM,NY,AEA,EN,Combined TRACON& Tower with Radar,0,29,11,16,56,0,0,2,0,2,0,29,13,16,58,0,6,6,64
07/22/2008,BGM,NY,AEA,EN,Combined TRACON& Tower with Radar,0,29,18,0,47,0,0,8,0,8,0,29,26,0,55,0,0,0,55
07/23/2008,BGM,NY,AEA,EN,Combined TRACON& Tower with Radar,0,24,18,1,43,0,0,1,0,1,0,24,19,1,44,18,0,18,62
07/24/2008,BGM,NY,AEA,EN,Combined TRACON& Tower with Radar,0,30,41,0,71,0,0,6,0,6,0,30,47,0,77,10,0,10,87
07/25/2008,BGM,NY,AEA,EN,Combined TRACON& Tower with Radar,0,24,20,2,46,0,0,46,0,46,0,24,66,2,92,40,0,40,132
07/26/2008,BGM,NY,AEA,EN,Combined TRACON& Tower with Radar,0,25,1,0,26,0,0,9,0,9,0,25,10,0,35,0,0,0,35
07/27/2008,BGM,NY,AEA,EN,Combined TRACON& Tower with Radar,0,16,24,0,40,0,0,14,0,14,0,16,38,0,54,18,0,18,72
07/28/2008,BGM,NY,AEA,EN,Combined TRACON& Tower with Radar,0,24,18,0,42,0,0,2,0,2,0,24,20,0,44,94,0,94,138
07/29/2008,BGM,NY,AEA,EN,Combined TRACON& Tower with Radar,0,6,8,0,14,0,0,1,0,1,0,6,9,0,15,6,0,6,21
07/30/2008,BGM,NY,AEA,EN,Combined TRACON& Tower with Radar,0,23,10,4,37,0,0,15,0,15,0,23,25,4,52,14,16,30,82
07/31/2008,BGM,NY,AEA,EN,Combined TRACON& Tower with Radar,0,28,20,0,48,0,0,13,0,13,0,28,33,0,61,0,0,0,61
08/01/2008,BGM,NY,AEA,EN,Combined TRACON& Tower with Radar,0,26,18,0,44,0,0,24,0,24,0,26,42,0,68,80,0,80,148
08/02/2008,BGM,NY,AEA,EN,Combined TRACON& Tower with Radar,0,26,16,0,42,0,0,3,0,3,0,26,19,0,45,0,0,0,45
08/03/2008,BGM,NY,AEA,EN,Combined TRACON& Tower with Radar,0,22,10,1,33,0,0,6,0,6,0,22,16,1,39,0,0,0,39
08/04/2008,BGM,NY,AEA,EN,Combined TRACON& Tower with Radar,0,25,7,0,32,0,0,23,0,23,0,25,30,0,55,20,0,20,75
08/05/2008,BGM,NY,AEA,EN,Combined TRACON& Tower with Radar,0,27,24,0,51,0,0,21,0,21,0,27,45,0,72,0,0,0,72
08/06/2008,BGM,NY,AEA,EN,Combined TRACON& Tower with Radar,0,29,19,2,50,0,0,7,0,7,0,29,26,2,57,24,0,24,81
08/07/2008,BGM,NY,AEA,EN,Combined TRACON& Tower with Radar,0,26,10,0,36,0,0,18,0,18,0,26,28,0,54,32,0,32,86
08/08/2008,BGM,NY,AEA,EN,Combined TRACON& Tower with Radar,0,28,9,0,37,0,5,0,0,5,0,33,9,0,42,4,0,4,46
08/09/2008,BGM,NY,AEA,EN,Combined TRACON& Tower with Radar,0,23,6,0,29,0,0,9,0,9,0,23,15,0,38,10,0,10,48
08/10/2008,BGM,NY,AEA,EN,Combined TRACON& Tower with Radar,0,20,6,0,26,0,0,7,0,7,0,20,13,0,33,0,0,0,33
08/11/2008,BGM,NY,AEA,EN,Combined TRACON& Tower with Radar,0,27,12,0,39,0,0,4,0,4,0,27,16,0,43,18,0,18,61
08/12/2008,BGM,NY,AEA,EN,Combined TRACON& Tower with Radar,0,29,10,4,43,0,0,17,0,17,0,29,27,4,60,72,4,76,136
08/13/2008,BGM,NY,AEA,EN,Combined TRACON& Tower with Radar,0,23,10,7,40,0,0,20,0,20,0,23,30,7,60,0,0,0,60
08/14/2008,BGM,NY,AEA,EN,Combined TRACON& Tower with Radar,0,26,28,5,59,0,0,21,1,22,0,26,49,6,81,24,28,52,133
08/15/2008,BGM,NY,AEA,EN,Combined TRACON& Tower with Radar,0,27,10,0,37,0,0,17,0,17,0,27,27,0,54,0,0,0,54
08/16/2008,BGM,NY,AEA,EN,Combined TRACON& Tower with Radar,0,22,4,0,26,0,0,14,0,14,0,22,18,0,40,4,0,4,44
08/17/2008,BGM,NY,AEA,EN,Combined TRACON& Tower with Radar,0,22,7,0,29,0,0,24,0,24,0,22,31,0,53,10,0,10,63
08/18/2008,BGM,NY,AEA,EN,Combined TRACON& Tower with Radar,0,19,8,7,34,0,0,21,0,21,0,19,29,7,55,24,10,34,89
08/19/2008,BGM,NY,AEA,EN,Combined TRACON& Tower with Radar,0,27,9,6,42,0,0,12,0,12,0,27,21,6,54,22,0,22,76
08/20/2008,BGM,NY,AEA,EN,Combined TRACON& Tower with Radar,0,32,28,5,65,0,4,25,3,32,0,36,53,8,97,6,36,42,139
08/21/2008,BGM,NY,AEA,EN,Combined TRACON& Tower with Radar,0,32,21,2,55,0,0,30,0,30,0,32,51,2,85,8,0,8,93
08/22/2008,BGM,NY,AEA,EN,Combined TRACON& Tower with Radar,0,28,11,0,39,0,0,29,0,29,0,28,40,0,68,8,0,8,76
08/23/2008,BGM,NY,AEA,EN,Combined TRACON& Tower with Radar,0,27,1,0,28,0,0,24,0,24,0,27,25,0,52,0,0,0,52
08/24/2008,BGM,NY,AEA,EN,Combined TRACON& Tower with Radar,0,22,8,0,30,0,0,20,0,20,0,22,28,0,50,0,0,0,50
08/25/2008,BGM,NY,AEA,EN,Combined TRACON& Tower with Radar,0,25,12,5,42,0,0,10,0,10,0,25,22,5,52,0,0,0,52
08/26/2008,BGM,NY,AEA,EN,Combined TRACON& Tower with Radar,0,28,21,5,54,0,0,43,0,43,0,28,64,5,97,30,12,42,139
08/27/2008,BGM,NY,AEA,EN,Combined TRACON& Tower with Radar,0,26,11,2,39,0,0,28,0,28,0,26,39,2,67,2,0,2,69
08/28/2008,BGM,NY,AEA,EN,Combined TRACON& Tower with Radar,0,25,21,12,58,0,0,13,0,13,0,25,34,12,71,4,20,24,95
08/29/2008,BGM,NY,AEA,EN,Combined TRACON& Tower with Radar,0,27,9,0,36,0,0,0,0,0,0,27,9,0,36,0,0,0,36
08/30/2008,BGM,NY,AEA,EN,Combined TRACON& Tower with Radar,0,31,0,0,31,0,0,5,0,5,0,31,5,0,36,0,0,0,36
08/31/2008,BGM,NY,AEA,EN,Combined TRACON& Tower with Radar,0,21,3,0,24,0,0,15,0,15,0,21,18,0,39,10,0,10,49
09/01/2008,BGM,NY,AEA,EN,Combined TRACON& Tower with Radar,0,22,9,0,31,0,0,28,0,28,0,22,37,0,59,0,0,0,59
09/02/2008,BGM,NY,AEA,EN,Combined TRACON& Tower with Radar,0,26,14,4,44,0,26,14,4,44,0,52,28,8,88,14,14,28,116
09/03/2008,BGM,NY,AEA,EN,Combined TRACON& Tower with Radar,0,24,13,0,37,0,0,19,0,19,0,24,32,0,56,0,0,0,56
09/04/2008,BGM,NY,AEA,EN,Combined TRACON& Tower with Radar,0,33,13,2,48,0,0,8,0,8,0,33,21,2,56,4,0,4,60
09/05/2008,BGM,NY,AEA,EN,Combined TRACON& Tower with Radar,0,25,11,4,40,0,0,16,0,16,0,25,27,4,56,14,0,14,70
09/06/2008,BGM,NY,AEA,EN,Combined TRACON& Tower with Radar,0,17,9,0,26,0,0,0,0,0,0,17,9,0,26,0,0,0,26
09/07/2008,BGM,NY,AEA,EN,Combined TRACON& Tower with Radar,0,21,10,0,31,0,0,15,0,15,0,21,25,0,46,18,0,18,64
09/08/2008,BGM,NY,AEA,EN,Combined TRACON& Tower with Radar,0,25,14,0,39,0,1,20,1,22,0,26,34,1,61,0,8,8,69
09/09/2008,BGM,NY,AEA,EN,Combined TRACON& Tower with Radar,0,17,9,8,34,0,0,0,0,0,0,17,9,8,34,0,0,0,34
09/10/2008,BGM,NY,AEA,EN,Combined TRACON& Tower with Radar,0,24,23,0,47,0,0,30,0,30,0,24,53,0,77,2,0,2,79
09/11/2008,BGM,NY,AEA,EN,Combined TRACON& Tower with Radar,0,29,19,6,54,0,0,21,0,21,0,29,40,6,75,22,10,32,107
09/12/2008,BGM,NY,AEA,EN,Combined TRACON& Tower with Radar,0,30,25,3,58,0,0,0,0,0,0,30,25,3,58,0,0,0,58
09/13/2008,BGM,NY,AEA,EN,Combined TRACON& Tower with Radar,0,18,9,0,27,0,0,0,0,0,0,18,9,0,27,0,0,0,27
09/14/2008,BGM,NY,AEA,EN,Combined TRACON& Tower with Radar,0,25,12,0,37,0,0,20,0,20,0,25,32,0,57,4,0,4,61
09/15/2008,BGM,NY,AEA,EN,Combined TRACON& Tower with Radar,0,25,10,7,42,0,0,4,4,8,0,25,14,11,50,0,40,40,90
09/16/2008,BGM,NY,AEA,EN,Combined TRACON& Tower with Radar,0,23,22,4,49,0,0,8,3,11,0,23,30,7,60,0,28,28,88
09/17/2008,BGM,NY,AEA,EN,Combined TRACON& Tower with Radar,0,22,17,7,46,0,0,14,5,19,0,22,31,12,65,16,2,18,83
09/18/2008,BGM,NY,AEA,EN,Combined TRACON& Tower with Radar,0,16,17,2,35,0,0,24,0,24,0,16,41,2,59,26,0,26,85
09/19/2008,BGM,NY,AEA,EN,Combined TRACON& Tower with Radar,0,30,21,0,51,0,0,20,0,20,0,30,41,0,71,6,0,6,77
09/20/2008,BGM,NY,AEA,EN,Combined TRACON& Tower with Radar,0,18,12,0,30,0,0,31,0,31,0,18,43,0,61,14,0,14,75
09/21/2008,BGM,NY,AEA,EN,Combined TRACON& Tower with Radar,0,22,8,0,30,0,18,16,0,34,0,40,24,0,64,4,2,6,70
09/22/2008,BGM,NY,AEA,EN,Combined TRACON& Tower with Radar,0,27,13,0,40,0,0,9,0,9,0,27,22,0,49,0,0,0,49
09/23/2008,BGM,NY,AEA,EN,Combined TRACON& Tower with Radar,0,28,14,0,42,0,0,21,2,23,0,28,35,2,65,10,12,22,87
09/24/2008,BGM,NY,AEA,EN,Combined TRACON& Tower with Radar,0,24,14,0,38,0,1,27,0,28,0,25,41,0,66,2,0,2,68
09/25/2008,BGM,NY,AEA,EN,Combined TRACON& Tower with Radar,0,33,29,2,64,0,0,16,0,16,0,33,45,2,80,0,0,0,80
09/26/2008,BGM,NY,AEA,EN,Combined TRACON& Tower with Radar,0,25,12,0,37,0,0,0,0,0,0,25,12,0,37,0,0,0,37
09/27/2008,BGM,NY,AEA,EN,Combined TRACON& Tower with Radar,0,19,4,0,23,0,0,3,0,3,0,19,7,0,26,0,0,0,26
09/28/2008,BGM,NY,AEA,EN,Combined TRACON& Tower with Radar,0,22,20,0,42,0,0,0,0,0,0,22,20,0,42,0,0,0,42
09/29/2008,BGM,NY,AEA,EN,Combined TRACON& Tower with Radar,0,24,21,0,45,0,0,7,0,7,0,24,28,0,52,6,0,6,58
09/30/2008,BGM,NY,AEA,EN,Combined TRACON& Tower with Radar,0,23,5,0,28,0,0,5,0,5,0,23,10,0,33,0,0,0,33
10/01/2008,BGM,NY,AEA,EN,Combined TRACON& Tower with Radar,0,27,13,0,40,0,0,2,0,2,0,27,15,0,42,40,0,40,82
10/02/2008,BGM,NY,AEA,EN,Combined TRACON& Tower with Radar,0,29,28,0,57,0,0,5,0,5,0,29,33,0,62,0,0,0,62
10/03/2008,BGM,NY,AEA,EN,Combined TRACON& Tower with Radar,0,16,13,0,29,0,0,4,0,4,0,16,17,0,33,26,0,26,59
10/04/2008,BGM,NY,AEA,EN,Combined TRACON& Tower with Radar,0,12,3,0,15,0,0,17,0,17,0,12,20,0,32,0,0,0,32
10/05/2008,BGM,NY,AEA,EN,Combined TRACON& Tower with Radar,0,28,15,0,43,0,40,16,0,56,0,68,31,0,99,26,0,26,125
10/06/2008,BGM,NY,AEA,EN,Combined TRACON& Tower with Radar,0,25,11,0,36,0,0,13,0,13,0,25,24,0,49,0,0,0,49
10/07/2008,BGM,NY,AEA,EN,Combined TRACON& Tower with Radar,0,22,14,2,38,0,0,36,0,36,0,22,50,2,74,2,0,2,76
10/08/2008,BGM,NY,AEA,EN,Combined TRACON& Tower with Radar,0,27,19,0,46,0,27,46,0,73,0,54,65,0,119,10,0,10,129
10/09/2008,BGM,NY,AEA,EN,Combined TRACON& Tower with Radar,0,28,19,0,47,0,0,20,0,20,0,28,39,0,67,6,0,6,73
10/10/2008,BGM,NY,AEA,EN,Combined TRACON& Tower with Radar,0,31,7,2,40,0,0,23,0,23,0,31,30,2,63,74,12,86,149
10/11/2008,BGM,NY,AEA,EN,Combined TRACON& Tower with Radar,0,18,9,0,27,0,2,38,0,40,0,20,47,0,67,2,0,2,69
10/12/2008,BGM,NY,AEA,EN,Combined TRACON& Tower with Radar,0,22,7,0,29,0,0,36,0,36,0,22,43,0,65,10,0,10,75
10/13/2008,BGM,NY,AEA,EN,Combined TRACON& Tower with Radar,0,24,9,0,33,0,0,19,0,19,0,24,28,0,52,0,0,0,52
10/14/2008,BGM,NY,AEA,EN,Combined TRACON& Tower with Radar,0,32,12,6,50,0,0,12,0,12,0,32,24,6,62,6,0,6,68
10/15/2008,BGM,NY,AEA,EN,Combined TRACON& Tower with Radar,0,22,10,2,34,0,0,17,0,17,0,22,27,2,51,20,0,20,71
10/16/2008,BGM,NY,AEA,EN,Combined TRACON& Tower with Radar,0,35,36,2,73,0,0,1,0,1,0,35,37,2,74,28,0,28,102
10/17/2008,BGM,NY,AEA,EN,Combined TRACON& Tower with Radar,0,25,18,0,43,0,3,10,0,13,0,28,28,0,56,6,0,6,62
10/18/2008,BGM,NY,AEA,EN,Combined TRACON& Tower with Radar,0,18,5,0,23,0,0,18,0,18,0,18,23,0,41,6,0,6,47
10/19/2008,BGM,NY,AEA,EN,Combined TRACON& Tower with Radar,0,21,3,0,24,0,0,23,0,23,0,21,26,0,47,14,0,14,61
10/20/2008,BGM,NY,AEA,EN,Combined TRACON& Tower with Radar,0,24,5,0,29,0,0,14,1,15,0,24,19,1,44,0,0,0,44
10/21/2008,BGM,NY,AEA,EN,Combined TRACON& Tower with Radar,0,22,21,2,45,0,0,0,0,0,0,22,21,2,45,0,0,0,45
10/22/2008,BGM,NY,AEA,EN,Combined TRACON& Tower with Radar,0,23,15,0,38,0,0,3,0,3,0,23,18,0,41,0,0,0,41
10/23/2008,BGM,NY,AEA,EN,Combined TRACON& Tower with Radar,0,28,20,0,48,0,0,18,0,18,0,28,38,0,66,16,0,16,82
10/24/2008,BGM,NY,AEA,EN,Combined TRACON& Tower with Radar,0,32,13,0,45,0,0,33,0,33,0,32,46,0,78,0,0,0,78
10/25/2008,BGM,NY,AEA,EN,Combined TRACON& Tower with Radar,0,19,4,0,23,0,0,0,0,0,0,19,4,0,23,0,0,0,23
10/26/2008,BGM,NY,AEA,EN,Combined TRACON& Tower with Radar,0,23,8,0,31,0,0,7,0,7,0,23,15,0,38,0,0,0,38
10/27/2008,BGM,NY,AEA,EN,Combined TRACON& Tower with Radar,0,27,5,2,34,0,0,4,0,4,0,27,9,2,38,0,0,0,38
10/28/2008,BGM,NY,AEA,EN,Combined TRACON& Tower with Radar,0,24,12,2,38,0,0,0,0,0,0,24,12,2,38,0,0,0,38
10/29/2008,BGM,NY,AEA,EN,Combined TRACON& Tower with Radar,0,22,9,0,31,0,0,0,0,0,0,22,9,0,31,0,0,0,31
10/30/2008,BGM,NY,AEA,EN,Combined TRACON& Tower with Radar,0,28,13,3,44,0,1,9,2,12,0,29,22,5,56,16,12,28,84
10/31/2008,BGM,NY,AEA,EN,Combined TRACON& Tower with Radar,0,26,2,0,28,0,1,28,1,30,0,27,30,1,58,18,8,26,84
11/01/2008,BGM,NY,AEA,EN,Combined TRACON& Tower with Radar,0,19,2,0,21,0,0,14,0,14,0,19,16,0,35,24,0,24,59
11/02/2008,BGM,NY,AEA,EN,Combined TRACON& Tower with Radar,0,23,12,0,35,0,0,26,0,26,0,23,38,0,61,16,0,16,77
11/03/2008,BGM,NY,AEA,EN,Combined TRACON& Tower with Radar,0,24,10,0,34,0,0,13,0,13,0,24,23,0,47,4,0,4,51
11/04/2008,BGM,NY,AEA,EN,Combined TRACON& Tower with Radar,0,29,9,3,41,0,0,8,0,8,0,29,17,3,49,40,2,42,91
11/05/2008,BGM,NY,AEA,EN,Combined TRACON& Tower with Radar,0,27,25,4,56,0,0,22,0,22,0,27,47,4,78,0,0,0,78
11/06/2008,BGM,NY,AEA,EN,Combined TRACON& Tower with Radar,0,24,22,0,46,0,0,7,1,8,0,24,29,1,54,40,4,44,98
11/07/2008,BGM,NY,AEA,EN,Combined TRACON& Tower with Radar,0,22,11,2,35,0,0,1,0,1,0,22,12,2,36,0,12,12,48
11/08/2008,BGM,NY,AEA,EN,Combined TRACON& Tower with Radar,0,21,6,0,27,0,0,0,0,0,0,21,6,0,27,0,0,0,27
11/09/2008,BGM,NY,AEA,EN,Combined TRACON& Tower with Radar,0,39,10,0,49,0,0,10,0,10,0,39,20,0,59,0,0,0,59
11/10/2008,BGM,NY,AEA,EN,Combined TRACON& Tower with Radar,0,27,8,0,35,0,0,8,0,8,0,27,16,0,43,0,0,0,43
11/11/2008,BGM,NY,AEA,EN,Combined TRACON& Tower with Radar,0,29,29,0,58,0,0,19,0,19,0,29,48,0,77,24,0,24,101
11/12/2008,BGM,NY,AEA,EN,Combined TRACON& Tower with Radar,0,25,22,0,47,0,0,37,0,37,0,25,59,0,84,4,0,4,88
11/13/2008,BGM,NY,AEA,EN,Combined TRACON& Tower with Radar,0,26,16,0,42,0,0,1,0,1,0,26,17,0,43,0,0,0,43
11/14/2008,BGM,NY,AEA,EN,Combined TRACON& Tower with Radar,0,27,20,0,47,0,0,10,0,10,0,27,30,0,57,2,0,2,59
11/15/2008,BGM,NY,AEA,EN,Combined TRACON& Tower with Radar,0,23,14,0,37,0,0,0,0,0,0,23,14,0,37,0,0,0,37
11/16/2008,BGM,NY,AEA,EN,Combined TRACON& Tower with Radar,0,17,7,0,24,0,0,0,0,0,0,17,7,0,24,0,0,0,24
11/17/2008,BGM,NY,AEA,EN,Combined TRACON& Tower with Radar,0,29,5,0,34,0,0,9,0,9,0,29,14,0,43,18,0,18,61
11/18/2008,BGM,NY,AEA,EN,Combined TRACON& Tower with Radar,0,25,14,2,41,0,0,5,0,5,0,25,19,2,46,4,0,4,50
11/19/2008,BGM,NY,AEA,EN,Combined TRACON& Tower with Radar,0,29,22,3,54,0,0,4,0,4,0,29,26,3,58,0,0,0,58
11/20/2008,BGM,NY,AEA,EN,Combined TRACON& Tower with Radar,0,28,20,3,51,0,0,2,0,2,0,28,22,3,53,8,0,8,61
11/21/2008,BGM,NY,AEA,EN,Combined TRACON& Tower with Radar,0,27,14,0,41,0,0,3,0,3,0,27,17,0,44,2,0,2,46
11/22/2008,BGM,NY,AEA,EN,Combined TRACON& Tower with Radar,0,18,7,0,25,0,0,0,0,0,0,18,7,0,25,0,0,0,25
11/23/2008,BGM,NY,AEA,EN,Combined TRACON& Tower with Radar,0,24,16,2,42,0,0,12,0,12,0,24,28,2,54,0,16,16,70
11/24/2008,BGM,NY,AEA,EN,Combined TRACON& Tower with Radar,0,27,18,3,48,0,0,10,0,10,0,27,28,3,58,0,14,14,72
11/25/2008,BGM,NY,AEA,EN,Combined TRACON& Tower with Radar,0,23,13,0,36,0,0,1,0,1,0,23,14,0,37,0,0,0,37
11/26/2008,BGM,NY,AEA,EN,Combined TRACON& Tower with Radar,0,28,4,0,32,0,0,0,0,0,0,28,4,0,32,0,0,0,32
11/27/2008,BGM,NY,AEA,EN,Combined TRACON& Tower with Radar,0,15,2,0,17,0,0,4,0,4,0,15,6,0,21,0,0,0,21
11/28/2008,BGM,NY,AEA,EN,Combined TRACON& Tower with Radar,0,20,7,0,27,0,0,5,0,5,0,20,12,0,32,0,0,0,32
11/29/2008,BGM,NY,AEA,EN,Combined TRACON& Tower with Radar,0,26,5,0,31,0,0,10,0,10,0,26,15,0,41,16,0,16,57
11/30/2008,BGM,NY,AEA,EN,Combined TRACON& Tower with Radar,0,23,4,0,27,0,0,2,0,2,0,23,6,0,29,0,0,0,29
12/01/2008,BGM,NY,AEA,EN,Combined TRACON& Tower with Radar,0,28,11,3,42,0,0,3,1,4,0,28,14,4,46,14,0,14,60
12/02/2008,BGM,NY,AEA,EN,Combined TRACON& Tower with Radar,0,25,14,0,39,0,0,5,0,5,0,25,19,0,44,0,0,0,44
12/03/2008,BGM,NY,AEA,EN,Combined TRACON& Tower with Radar,0,25,19,0,44,0,0,33,0,33,0,25,52,0,77,14,0,14,91
12/04/2008,BGM,NY,AEA,EN,Combined TRACON& Tower with Radar,0,36,11,12,59,0,0,5,2,7,0,36,16,14,66,6,10,16,82
12/05/2008,BGM,NY,AEA,EN,Combined TRACON& Tower with Radar,0,32,12,8,52,0,0,9,0,9,0,32,21,8,61,28,24,52,113
12/06/2008,BGM,NY,AEA,EN,Combined TRACON& Tower with Radar,0,19,3,0,22,0,0,26,0,26,0,19,29,0,48,2,0,2,50
12/07/2008,BGM,NY,AEA,EN,Combined TRACON& Tower with Radar,0,26,4,0,30,0,0,0,0,0,0,26,4,0,30,0,0,0,30
12/08/2008,BGM,NY,AEA,EN,Combined TRACON& Tower with Radar,0,25,8,0,33,0,0,16,0,16,0,25,24,0,49,0,0,0,49
12/09/2008,BGM,NY,AEA,EN,Combined TRACON& Tower with Radar,0,30,12,2,44,0,0,6,0,6,0,30,18,2,50,4,0,4,54
12/10/2008,BGM,NY,AEA,EN,Combined TRACON& Tower with Radar,0,22,4,0,26,0,0,0,0,0,0,22,4,0,26,0,0,0,26
12/11/2008,BGM,NY,AEA,EN,Combined TRACON& Tower with Radar,0,20,12,4,36,0,0,0,0,0,0,20,12,4,36,0,0,0,36
12/12/2008,BGM,NY,AEA,EN,Combined TRACON& Tower with Radar,0,22,11,0,33,0,0,0,0,0,0,22,11,0,33,0,0,0,33
12/13/2008,BGM,NY,AEA,EN,Combined TRACON& Tower with Radar,0,18,7,1,26,0,0,12,0,12,0,18,19,1,38,22,0,22,60
12/14/2008,BGM,NY,AEA,EN,Combined TRACON& Tower with Radar,0,17,8,0,25,0,0,4,0,4,0,17,12,0,29,0,0,0,29
12/15/2008,BGM,NY,AEA,EN,Combined TRACON& Tower with Radar,0,24,15,0,39,0,0,0,0,0,0,24,15,0,39,0,0,0,39
12/16/2008,BGM,NY,AEA,EN,Combined TRACON& Tower with Radar,0,24,17,0,41,0,1,12,1,14,0,25,29,1,55,18,0,18,73
12/17/2008,BGM,NY,AEA,EN,Combined TRACON& Tower with Radar,0,29,11,0,40,0,0,0,0,0,0,29,11,0,40,0,0,0,40
12/18/2008,BGM,NY,AEA,EN,Combined TRACON& Tower with Radar,0,33,16,0,49,0,1,11,0,12,0,34,27,0,61,0,0,0,61
12/19/2008,BGM,NY,AEA,EN,Combined TRACON& Tower with Radar,0,11,3,0,14,0,0,0,0,0,0,11,3,0,14,0,0,0,14
12/20/2008,BGM,NY,AEA,EN,Combined TRACON& Tower with Radar,0,19,2,0,21,0,0,3,0,3,0,19,5,0,24,0,0,0,24
12/21/2008,BGM,NY,AEA,EN,Combined TRACON& Tower with Radar,0,22,0,0,22,0,0,0,0,0,0,22,0,0,22,0,0,0,22
12/22/2008,BGM,NY,AEA,EN,Combined TRACON& Tower with Radar,0,26,5,0,31,0,0,0,0,0,0,26,5,0,31,2,0,2,33
12/23/2008,BGM,NY,AEA,EN,Combined TRACON& Tower with Radar,0,21,13,0,34,0,0,11,0,11,0,21,24,0,45,40,0,40,85
12/24/2008,BGM,NY,AEA,EN,Combined TRACON& Tower with Radar,0,22,1,0,23,0,0,0,0,0,0,22,1,0,23,0,0,0,23
12/25/2008,BGM,NY,AEA,EN,Combined TRACON& Tower with Radar,0,20,0,0,20,0,0,0,0,0,0,20,0,0,20,0,0,0,20
12/26/2008,BGM,NY,AEA,EN,Combined TRACON& Tower with Radar,0,26,2,0,28,0,0,4,0,4,0,26,6,0,32,10,2,12,44
12/27/2008,BGM,NY,AEA,EN,Combined TRACON& Tower with Radar,0,19,11,0,30,0,0,0,0,0,0,19,11,0,30,0,0,0,30
12/28/2008,BGM,NY,AEA,EN,Combined TRACON& Tower with Radar,0,33,3,0,36,0,0,0,0,0,0,33,3,0,36,0,0,0,36
12/29/2008,BGM,NY,AEA,EN,Combined TRACON& Tower with Radar,0,25,9,0,34,0,0,10,1,11,0,25,19,1,45,0,0,0,45
12/30/2008,BGM,NY,AEA,EN,Combined TRACON& Tower with Radar,0,27,1,0,28,0,0,2,0,2,0,27,3,0,30,0,0,0,30
12/31/2008,BGM,NY,AEA,EN,Combined TRACON& Tower with Radar,0,24,2,0,26,0,0,0,0,0,0,24,2,0,26,0,0,0,26
01/01/2009,BGM,NY,AEA,EN,Combined TRACON& Tower with Radar,0,24,2,0,26,0,0,6,0,6,0,24,8,0,32,0,0,0,32
01/02/2009,BGM,NY,AEA,EN,Combined TRACON& Tower with Radar,0,28,3,0,31,0,0,6,0,6,0,28,9,0,37,2,0,2,39
01/03/2009,BGM,NY,AEA,EN,Combined TRACON& Tower with Radar,0,20,2,0,22,0,0,4,0,4,0,20,6,0,26,0,0,0,26
01/04/2009,BGM,NY,AEA,EN,Combined TRACON& Tower with Radar,0,22,13,0,35,0,0,25,0,25,0,22,38,0,60,2,0,2,62
01/05/2009,BGM,NY,AEA,EN,Combined TRACON& Tower with Radar,0,23,6,0,29,0,0,3,0,3,0,23,9,0,32,8,0,8,40
01/06/2009,BGM,NY,AEA,EN,Combined TRACON& Tower with Radar,0,26,9,0,35,0,0,9,2,11,0,26,18,2,46,2,0,2,48
01/07/2009,BGM,NY,AEA,EN,Combined TRACON& Tower with Radar,0,23,5,0,28,0,0,1,0,1,0,23,6,0,29,0,0,0,29
01/08/2009,BGM,NY,AEA,EN,Combined TRACON& Tower with Radar,0,29,17,2,48,0,0,0,0,0,0,29,17,2,48,0,0,0,48
01/09/2009,BGM,NY,AEA,EN,Combined TRACON& Tower with Radar,0,21,7,2,30,0,0,5,0,5,0,21,12,2,35,8,0,8,43
01/10/2009,BGM,NY,AEA,EN,Combined TRACON& Tower with Radar,0,17,0,0,17,0,0,0,0,0,0,17,0,0,17,0,0,0,17
01/11/2009,BGM,NY,AEA,EN,Combined TRACON& Tower with Radar,0,22,1,0,23,0,0,0,0,0,0,22,1,0,23,0,0,0,23
01/12/2009,BGM,NY,AEA,EN,Combined TRACON& Tower with Radar,0,26,7,4,37,0,0,5,0,5,0,26,12,4,42,0,0,0,42
01/13/2009,BGM,NY,AEA,EN,Combined TRACON& Tower with Radar,0,27,5,0,32,0,0,3,0,3,0,27,8,0,35,0,0,0,35
01/14/2009,BGM,NY,AEA,EN,Combined TRACON& Tower with Radar,0,32,7,6,45,0,0,17,2,19,0,32,24,8,64,4,0,4,68
01/15/2009,BGM,NY,AEA,EN,Combined TRACON& Tower with Radar,0,32,14,0,46,0,0,2,0,2,0,32,16,0,48,0,0,0,48
01/16/2009,BGM,NY,AEA,EN,Combined TRACON& Tower with Radar,0,28,6,0,34,0,0,6,0,6,0,28,12,0,40,0,0,0,40
01/17/2009,BGM,NY,AEA,EN,Combined TRACON& Tower with Radar,0,17,2,0,19,0,0,7,0,7,0,17,9,0,26,0,0,0,26
01/18/2009,BGM,NY,AEA,EN,Combined TRACON& Tower with Radar,0,23,0,0,23,0,0,0,0,0,0,23,0,0,23,0,0,0,23
01/19/2009,BGM,NY,AEA,EN,Combined TRACON& Tower with Radar,0,19,10,0,29,0,0,0,0,0,0,19,10,0,29,2,0,2,31
01/20/2009,BGM,NY,AEA,EN,Combined TRACON& Tower with Radar,0,30,10,0,40,0,0,1,0,1,0,30,11,0,41,0,0,0,41
01/21/2009,BGM,NY,AEA,EN,Combined TRACON& Tower with Radar,0,26,15,7,48,0,0,9,2,11,0,26,24,9,59,0,10,10,69
01/22/2009,BGM,NY,AEA,EN,Combined TRACON& Tower with Radar,0,28,20,9,57,0,0,2,2,4,0,28,22,11,61,12,12,24,85
01/23/2009,BGM,NY,AEA,EN,Combined TRACON& Tower with Radar,0,25,4,0,29,0,3,16,0,19,0,28,20,0,48,4,0,4,52
01/24/2009,BGM,NY,AEA,EN,Combined TRACON& Tower with Radar,0,18,2,0,20,0,0,0,0,0,0,18,2,0,20,0,0,0,20
01/25/2009,BGM,NY,AEA,EN,Combined TRACON& Tower with Radar,0,21,6,0,27,0,0,8,0,8,0,21,14,0,35,2,0,2,37
01/26/2009,BGM,NY,AEA,EN,Combined TRACON& Tower with Radar,0,26,8,0,34,0,0,8,0,8,0,26,16,0,42,4,0,4,46
01/27/2009,BGM,NY,AEA,EN,Combined TRACON& Tower with Radar,0,23,6,0,29,0,0,13,0,13,0,23,19,0,42,0,0,0,42
01/28/2009,BGM,NY,AEA,EN,Combined TRACON& Tower with Radar,0,8,4,0,12,0,0,0,0,0,0,8,4,0,12,0,0,0,12
01/29/2009,BGM,NY,AEA,EN,Combined TRACON& Tower with Radar,0,31,9,12,52,0,0,16,2,18,0,31,25,14,70,6,12,18,88
01/30/2009,BGM,NY,AEA,EN,Combined TRACON& Tower with Radar,0,28,11,4,43,0,0,2,0,2,0,28,13,4,45,0,0,0,45
01/31/2009,BGM,NY,AEA,EN,Combined TRACON& Tower with Radar,0,21,6,0,27,0,0,5,0,5,0,21,11,0,32,0,0,0,32
02/01/2009,BGM,NY,AEA,EN,Combined TRACON& Tower with Radar,0,20,4,0,24,0,0,11,0,11,0,20,15,0,35,6,0,6,41
02/02/2009,BGM,NY,AEA,EN,Combined TRACON& Tower with Radar,0,25,7,0,32,0,0,4,0,4,0,25,11,0,36,0,0,0,36
02/03/2009,BGM,NY,AEA,EN,Combined TRACON& Tower with Radar,0,22,8,0,30,0,0,6,0,6,0,22,14,0,36,0,0,0,36
02/04/2009,BGM,NY,AEA,EN,Combined TRACON& Tower with Radar,0,30,10,3,43,0,0,8,0,8,0,30,18,3,51,10,16,26,77
02/05/2009,BGM,NY,AEA,EN,Combined TRACON& Tower with Radar,0,25,25,2,52,0,0,7,0,7,0,25,32,2,59,0,0,0,59
02/06/2009,BGM,NY,AEA,EN,Combined TRACON& Tower with Radar,0,32,9,1,42,0,0,31,0,31,0,32,40,1,73,44,0,44,117
02/07/2009,BGM,NY,AEA,EN,Combined TRACON& Tower with Radar,0,18,4,0,22,0,0,10,0,10,0,18,14,0,32,6,0,6,38
02/08/2009,BGM,NY,AEA,EN,Combined TRACON& Tower with Radar,0,22,1,0,23,0,0,4,0,4,0,22,5,0,27,0,0,0,27
02/09/2009,BGM,NY,AEA,EN,Combined TRACON& Tower with Radar,0,24,11,0,35,0,0,17,0,17,0,24,28,0,52,0,0,0,52
02/10/2009,BGM,NY,AEA,EN,Combined TRACON& Tower with Radar,0,30,16,4,50,0,0,4,0,4,0,30,20,4,54,18,6,24,78
02/11/2009,BGM,NY,AEA,EN,Combined TRACON& Tower with Radar,0,24,25,8,57,0,0,10,0,10,0,24,35,8,67,2,14,16,83
02/12/2009,BGM,NY,AEA,EN,Combined TRACON& Tower with Radar,0,23,2,8,33,0,0,0,0,0,0,23,2,8,33,0,0,0,33
02/13/2009,BGM,NY,AEA,EN,Combined TRACON& Tower with Radar,0,26,14,0,40,0,1,11,0,12,0,27,25,0,52,8,0,8,60
02/14/2009,BGM,NY,AEA,EN,Combined TRACON& Tower with Radar,0,17,3,0,20,0,0,13,0,13,0,17,16,0,33,26,0,26,59
02/15/2009,BGM,NY,AEA,EN,Combined TRACON& Tower with Radar,0,26,1,0,27,0,0,24,0,24,0,26,25,0,51,10,0,10,61
02/16/2009,BGM,NY,AEA,EN,Combined TRACON& Tower with Radar,0,21,3,0,24,0,0,9,0,9,0,21,12,0,33,2,0,2,35
02/17/2009,BGM,NY,AEA,EN,Combined TRACON& Tower with Radar,0,28,13,1,42,0,0,28,1,29,0,28,41,2,71,12,0,12,83
02/18/2009,BGM,NY,AEA,EN,Combined TRACON& Tower with Radar,0,31,3,2,36,0,0,0,0,0,0,31,3,2,36,0,0,0,36
02/19/2009,BGM,NY,AEA,EN,Combined TRACON& Tower with Radar,0,27,13,0,40,0,0,2,0,2,0,27,15,0,42,0,0,0,42
02/20/2009,BGM,NY,AEA,EN,Combined TRACON& Tower with Radar,0,31,3,0,34,0,0,0,0,0,0,31,3,0,34,0,0,0,34
02/21/2009,BGM,NY,AEA,EN,Combined TRACON& Tower with Radar,0,18,3,0,21,0,0,11,0,11,0,18,14,0,32,0,0,0,32
02/22/2009,BGM,NY,AEA,EN,Combined TRACON& Tower with Radar,0,23,2,0,25,0,0,0,0,0,0,23,2,0,25,6,0,6,31
02/23/2009,BGM,NY,AEA,EN,Combined TRACON& Tower with Radar,0,17,8,0,25,0,0,0,0,0,0,17,8,0,25,0,0,0,25
02/24/2009,BGM,NY,AEA,EN,Combined TRACON& Tower with Radar,0,26,13,0,39,0,0,2,0,2,0,26,15,0,41,0,0,0,41
02/25/2009,BGM,NY,AEA,EN,Combined TRACON& Tower with Radar,0,26,12,0,38,0,0,23,0,23,0,26,35,0,61,4,0,4,65
02/26/2009,BGM,NY,AEA,EN,Combined TRACON& Tower with Radar,0,26,13,0,39,0,8,15,0,23,0,34,28,0,62,6,0,6,68
02/27/2009,BGM,NY,AEA,EN,Combined TRACON& Tower with Radar,0,26,6,0,32,0,0,0,0,0,0,26,6,0,32,0,0,0,32
02/28/2009,BGM,NY,AEA,EN,Combined TRACON& Tower with Radar,0,20,5,0,25,0,0,9,0,9,0,20,14,0,34,0,0,0,34
03/01/2009,BGM,NY,AEA,EN,Combined TRACON& Tower with Radar,0,20,5,0,25,0,0,10,0,10,0,20,15,0,35,0,0,0,35
03/02/2009,BGM,NY,AEA,EN,Combined TRACON& Tower with Radar,0,16,5,0,21,0,0,0,0,0,0,16,5,0,21,0,0,0,21
03/03/2009,BGM,NY,AEA,EN,Combined TRACON& Tower with Radar,0,27,6,4,37,0,0,0,0,0,0,27,6,4,37,0,10,10,47
03/04/2009,BGM,NY,AEA,EN,Combined TRACON& Tower with Radar,0,26,7,0,33,0,0,9,0,9,0,26,16,0,42,6,0,6,48
03/05/2009,BGM,NY,AEA,EN,Combined TRACON& Tower with Radar,0,26,14,0,40,0,0,16,0,16,0,26,30,0,56,14,0,14,70
03/06/2009,BGM,NY,AEA,EN,Combined TRACON& Tower with Radar,0,26,13,0,39,0,0,15,0,15,0,26,28,0,54,4,0,4,58
03/07/2009,BGM,NY,AEA,EN,Combined TRACON& Tower with Radar,0,18,7,0,25,0,0,5,0,5,0,18,12,0,30,34,0,34,64
03/08/2009,BGM,NY,AEA,EN,Combined TRACON& Tower with Radar,0,22,18,0,40,0,0,1,0,1,0,22,19,0,41,0,0,0,41
03/09/2009,BGM,NY,AEA,EN,Combined TRACON& Tower with Radar,0,22,9,0,31,0,0,0,0,0,0,22,9,0,31,0,0,0,31
03/10/2009,BGM,NY,AEA,EN,Combined TRACON& Tower with Radar,0,27,6,6,39,0,0,0,0,0,0,27,6,6,39,0,0,0,39
03/11/2009,BGM,NY,AEA,EN,Combined TRACON& Tower with Radar,0,23,12,2,37,0,1,1,0,2,0,24,13,2,39,4,0,4,43
03/12/2009,BGM,NY,AEA,EN,Combined TRACON& Tower with Radar,0,27,8,0,35,0,0,4,1,5,0,27,12,1,40,0,0,0,40
03/13/2009,BGM,NY,AEA,EN,Combined TRACON& Tower with Radar,0,29,8,0,37,0,0,20,0,20,0,29,28,0,57,8,0,8,65
03/14/2009,BGM,NY,AEA,EN,Combined TRACON& Tower with Radar,0,21,9,0,30,0,0,33,0,33,0,21,42,0,63,4,0,4,67
03/15/2009,BGM,NY,AEA,EN,Combined TRACON& Tower with Radar,0,26,10,0,36,0,0,27,0,27,0,26,37,0,63,12,0,12,75
03/16/2009,BGM,NY,AEA,EN,Combined TRACON& Tower with Radar,0,25,10,2,37,0,0,8,2,10,0,25,18,4,47,2,2,4,51
03/17/2009,BGM,NY,AEA,EN,Combined TRACON& Tower with Radar,0,32,10,0,42,0,0,16,0,16,0,32,26,0,58,20,0,20,78
03/18/2009,BGM,NY,AEA,EN,Combined TRACON& Tower with Radar,0,26,8,4,38,0,0,3,0,3,0,26,11,4,41,0,0,0,41
03/19/2009,BGM,NY,AEA,EN,Combined TRACON& Tower with Radar,0,24,14,0,38,0,0,6,0,6,0,24,20,0,44,6,0,6,50
03/20/2009,BGM,NY,AEA,EN,Combined TRACON& Tower with Radar,0,33,6,0,39,0,0,17,1,18,0,33,23,1,57,40,0,40,97
03/21/2009,BGM,NY,AEA,EN,Combined TRACON& Tower with Radar,0,25,5,0,30,0,2,19,0,21,0,27,24,0,51,8,0,8,59
03/22/2009,BGM,NY,AEA,EN,Combined TRACON& Tower with Radar,0,22,8,0,30,0,0,5,0,5,0,22,13,0,35,12,2,14,49
03/23/2009,BGM,NY,AEA,EN,Combined TRACON& Tower with Radar,0,24,10,0,34,0,0,5,0,5,0,24,15,0,39,0,0,0,39
03/24/2009,BGM,NY,AEA,EN,Combined TRACON& Tower with Radar,0,30,12,2,44,0,0,19,1,20,0,30,31,3,64,14,0,14,78
03/25/2009,BGM,NY,AEA,EN,Combined TRACON& Tower with Radar,0,25,10,0,35,0,0,12,0,12,0,25,22,0,47,6,0,6,53
03/26/2009,BGM,NY,AEA,EN,Combined TRACON& Tower with Radar,0,32,27,0,59,0,0,2,0,2,0,32,29,0,61,0,0,0,61
03/27/2009,BGM,NY,AEA,EN,Combined TRACON& Tower with Radar,0,32,12,0,44,0,0,14,0,14,0,32,26,0,58,48,0,48,106
03/28/2009,BGM,NY,AEA,EN,Combined TRACON& Tower with Radar,0,20,9,0,29,0,0,11,0,11,0,20,20,0,40,4,0,4,44
03/29/2009,BGM,NY,AEA,EN,Combined TRACON& Tower with Radar,0,21,3,0,24,0,0,0,0,0,0,21,3,0,24,0,0,0,24
03/30/2009,BGM,NY,AEA,EN,Combined TRACON& Tower with Radar,0,23,7,4,34,0,0,0,0,0,0,23,7,4,34,0,2,2,36
03/31/2009,BGM,NY,AEA,EN,Combined TRACON& Tower with Radar,0,29,18,2,49,0,2,15,0,17,0,31,33,2,66,12,0,12,78
04/01/2009,BGM,NY,AEA,EN,Combined TRACON& Tower with Radar,0,27,12,7,46,0,0,0,1,1,0,27,12,8,47,0,34,34,81
04/02/2009,BGM,NY,AEA,EN,Combined TRACON& Tower with Radar,0,20,19,0,39,0,0,21,0,21,0,20,40,0,60,72,0,72,132
04/03/2009,BGM,NY,AEA,EN,Combined TRACON& Tower with Radar,0,24,4,0,28,0,0,2,0,2,0,24,6,0,30,0,0,0,30
04/04/2009,BGM,NY,AEA,EN,Combined TRACON& Tower with Radar,0,21,1,0,22,0,0,2,0,2,0,21,3,0,24,0,0,0,24
04/05/2009,BGM,NY,AEA,EN,Combined TRACON& Tower with Radar,0,26,17,0,43,0,0,18,0,18,0,26,35,0,61,34,0,34,95
04/06/2009,BGM,NY,AEA,EN,Combined TRACON& Tower with Radar,0,26,2,0,28,0,0,0,0,0,0,26,2,0,28,0,0,0,28
04/07/2009,BGM,NY,AEA,EN,Combined TRACON& Tower with Radar,0,26,15,0,41,0,0,7,0,7,0,26,22,0,48,0,0,0,48
04/08/2009,BGM,NY,AEA,EN,Combined TRACON& Tower with Radar,0,29,11,0,40,0,0,7,0,7,0,29,18,0,47,0,0,0,47
04/09/2009,BGM,NY,AEA,EN,Combined TRACON& Tower with Radar,0,19,16,5,40,0,0,22,0,22,0,19,38,5,62,12,8,20,82
04/10/2009,BGM,NY,AEA,EN,Combined TRACON& Tower with Radar,0,29,9,0,38,0,0,4,0,4,0,29,13,0,42,0,0,0,42
04/11/2009,BGM,NY,AEA,EN,Combined TRACON& Tower with Radar,0,21,1,1,23,0,0,0,0,0,0,21,1,1,23,8,0,8,31
04/12/2009,BGM,NY,AEA,EN,Combined TRACON& Tower with Radar,0,23,2,0,25,0,0,5,0,5,0,23,7,0,30,0,0,0,30
04/13/2009,BGM,NY,AEA,EN,Combined TRACON& Tower with Radar,0,24,16,6,46,0,0,22,0,22,0,24,38,6,68,0,0,0,68
04/14/2009,BGM,NY,AEA,EN,Combined TRACON& Tower with Radar,0,25,6,2,33,0,0,10,0,10,0,25,16,2,43,42,0,42,85
04/15/2009,BGM,NY,AEA,EN,Combined TRACON& Tower with Radar,0,27,11,2,40,0,0,23,0,23,0,27,34,2,63,0,0,0,63
04/16/2009,BGM,NY,AEA,EN,Combined TRACON& Tower with Radar,0,28,19,8,55,0,0,37,0,37,0,28,56,8,92,4,0,4,96
04/17/2009,BGM,NY,AEA,EN,Combined TRACON& Tower with Radar,0,27,9,4,40,0,1,23,0,24,0,28,32,4,64,16,0,16,80
04/18/2009,BGM,NY,AEA,EN,Combined TRACON& Tower with Radar,0,20,11,0,31,0,0,13,0,13,0,20,24,0,44,12,0,12,56
04/19/2009,BGM,NY,AEA,EN,Combined TRACON& Tower with Radar,0,25,9,0,34,0,2,21,0,23,0,27,30,0,57,4,0,4,61
04/20/2009,BGM,NY,AEA,EN,Combined TRACON& Tower with Radar,0,25,10,4,39,0,0,0,0,0,0,25,10,4,39,0,0,0,39
04/21/2009,BGM,NY,AEA,EN,Combined TRACON& Tower with Radar,0,30,15,3,48,0,0,6,1,7,0,30,21,4,55,8,0,8,63
04/22/2009,BGM,NY,AEA,EN,Combined TRACON& Tower with Radar,0,26,9,2,37,0,0,9,0,9,0,26,18,2,46,10,0,10,56
04/23/2009,BGM,NY,AEA,EN,Combined TRACON& Tower with Radar,0,28,11,2,41,0,0,3,0,3,0,28,14,2,44,56,0,56,100
04/24/2009,BGM,NY,AEA,EN,Combined TRACON& Tower with Radar,0,27,22,0,49,0,0,32,0,32,0,27,54,0,81,20,0,20,101
04/25/2009,BGM,NY,AEA,EN,Combined TRACON& Tower with Radar,0,17,6,0,23,0,0,15,0,15,0,17,21,0,38,72,0,72,110
04/26/2009,BGM,NY,AEA,EN,Combined TRACON& Tower with Radar,0,23,12,0,35,0,0,20,0,20,0,23,32,0,55,28,0,28,83
04/27/2009,BGM,NY,AEA,EN,Combined TRACON& Tower with Radar,0,30,10,9,49,0,0,18,0,18,0,30,28,9,67,8,4,12,79
04/28/2009,BGM,NY,AEA,EN,Combined TRACON& Tower with Radar,0,26,12,0,38,0,0,11,0,11,0,26,23,0,49,24,0,24,73
04/29/2009,BGM,NY,AEA,EN,Combined TRACON& Tower with Radar,0,28,14,16,58,0,0,17,0,17,0,28,31,16,75,18,26,44,119
04/30/2009,BGM,NY,AEA,EN,Combined TRACON& Tower with Radar,0,26,13,2,41,0,0,6,0,6,0,26,19,2,47,34,0,34,81
05/01/2009,BGM,NY,AEA,EN,Combined TRACON& Tower with Radar,0,22,13,0,35,0,0,5,0,5,0,22,18,0,40,12,0,12,52
05/02/2009,BGM,NY,AEA,EN,Combined TRACON& Tower with Radar,0,18,16,2,36,0,0,9,0,9,0,18,25,2,45,10,6,16,61
05/03/2009,BGM,NY,AEA,EN,Combined TRACON& Tower with Radar,0,22,12,2,36,0,0,10,0,10,0,22,22,2,46,16,0,16,62
05/04/2009,BGM,NY,AEA,EN,Combined TRACON& Tower with Radar,0,22,15,9,46,0,1,10,0,11,0,23,25,9,57,6,6,12,69
05/05/2009,BGM,NY,AEA,EN,Combined TRACON& Tower with Radar,0,30,13,2,45,0,0,5,0,5,0,30,18,2,50,24,0,24,74
05/06/2009,BGM,NY,AEA,EN,Combined TRACON& Tower with Radar,0,27,9,4,40,0,0,4,2,6,0,27,13,6,46,18,20,38,84
05/07/2009,BGM,NY,AEA,EN,Combined TRACON& Tower with Radar,0,27,16,3,46,0,0,11,1,12,0,27,27,4,58,20,0,20,78
05/08/2009,BGM,NY,AEA,EN,Combined TRACON& Tower with Radar,0,27,16,6,49,0,0,15,1,16,0,27,31,7,65,0,0,0,65
05/09/2009,BGM,NY,AEA,EN,Combined TRACON& Tower with Radar,0,19,2,0,21,0,0,1,0,1,0,19,3,0,22,4,0,4,26
05/10/2009,BGM,NY,AEA,EN,Combined TRACON& Tower with Radar,0,23,4,0,27,0,0,2,0,2,0,23,6,0,29,0,0,0,29
05/11/2009,BGM,NY,AEA,EN,Combined TRACON& Tower with Radar,0,24,15,6,45,0,0,9,0,9,0,24,24,6,54,22,0,22,76
05/12/2009,BGM,NY,AEA,EN,Combined TRACON& Tower with Radar,0,29,19,4,52,0,0,19,0,19,0,29,38,4,71,42,10,52,123
05/13/2009,BGM,NY,AEA,EN,Combined TRACON& Tower with Radar,0,30,8,4,42,0,0,38,0,38,0,30,46,4,80,16,0,16,96
05/14/2009,BGM,NY,AEA,EN,Combined TRACON& Tower with Radar,0,24,14,8,46,0,0,0,0,0,0,24,14,8,46,4,4,8,54
05/15/2009,BGM,NY,AEA,EN,Combined TRACON& Tower with Radar,0,19,12,2,33,0,0,33,0,33,0,19,45,2,66,58,0,58,124
05/16/2009,BGM,NY,AEA,EN,Combined TRACON& Tower with Radar,0,19,7,0,26,0,0,0,0,0,0,19,7,0,26,0,0,0,26
05/17/2009,BGM,NY,AEA,EN,Combined TRACON& Tower with Radar,0,21,15,0,36,0,0,10,0,10,0,21,25,0,46,0,0,0,46
05/18/2009,BGM,NY,AEA,EN,Combined TRACON& Tower with Radar,0,23,10,0,33,0,0,12,0,12,0,23,22,0,45,18,0,18,63
05/19/2009,BGM,NY,AEA,EN,Combined TRACON& Tower with Radar,0,23,8,0,31,0,0,17,1,18,0,23,25,1,49,36,0,36,85
05/20/2009,BGM,NY,AEA,EN,Combined TRACON& Tower with Radar,0,23,11,0,34,0,0,33,0,33,0,23,44,0,67,50,0,50,117
05/21/2009,BGM,NY,AEA,EN,Combined TRACON& Tower with Radar,0,23,4,0,27,0,1,33,0,34,0,24,37,0,61,30,0,30,91
05/22/2009,BGM,NY,AEA,EN,Combined TRACON& Tower with Radar,0,23,11,4,38,0,0,21,0,21,0,23,32,4,59,18,0,18,77
05/23/2009,BGM,NY,AEA,EN,Combined TRACON& Tower with Radar,0,20,11,0,31,0,0,18,0,18,0,20,29,0,49,6,0,6,55
05/24/2009,BGM,NY,AEA,EN,Combined TRACON& Tower with Radar,0,18,8,0,26,0,0,8,0,8,0,18,16,0,34,0,0,0,34
05/25/2009,BGM,NY,AEA,EN,Combined TRACON& Tower with Radar,0,22,7,0,29,0,0,22,0,22,0,22,29,0,51,4,0,4,55
05/26/2009,BGM,NY,AEA,EN,Combined TRACON& Tower with Radar,0,24,31,0,55,0,0,14,0,14,0,24,45,0,69,0,0,0,69
05/27/2009,BGM,NY,AEA,EN,Combined TRACON& Tower with Radar,0,20,24,0,44,0,0,0,0,0,0,20,24,0,44,0,0,0,44
05/28/2009,BGM,NY,AEA,EN,Combined TRACON& Tower with Radar,0,23,16,0,39,0,0,1,0,1,0,23,17,0,40,0,0,0,40
05/29/2009,BGM,NY,AEA,EN,Combined TRACON& Tower with Radar,0,22,7,0,29,0,0,4,0,4,0,22,11,0,33,26,0,26,59
05/30/2009,BGM,NY,AEA,EN,Combined TRACON& Tower with Radar,0,21,5,2,28,0,0,10,2,12,0,21,15,4,40,22,0,22,62
05/31/2009,BGM,NY,AEA,EN,Combined TRACON& Tower with Radar,0,22,3,2,27,0,0,5,0,5,0,22,8,2,32,0,0,0,32
06/01/2009,BGM,NY,AEA,EN,Combined TRACON& Tower with Radar,0,21,9,0,30,0,0,13,0,13,0,21,22,0,43,40,0,40,83
06/02/2009,BGM,NY,AEA,EN,Combined TRACON& Tower with Radar,0,25,12,4,41,0,0,4,0,4,0,25,16,4,45,0,0,0,45
06/03/2009,BGM,NY,AEA,EN,Combined TRACON& Tower with Radar,0,22,12,0,34,0,0,10,0,10,0,22,22,0,44,16,0,16,60
06/04/2009,BGM,NY,AEA,EN,Combined TRACON& Tower with Radar,0,23,27,20,70,0,0,21,1,22,0,23,48,21,92,16,8,24,116
06/05/2009,BGM,NY,AEA,EN,Combined TRACON& Tower with Radar,0,19,14,0,33,0,0,9,0,9,0,19,23,0,42,42,0,42,84
06/06/2009,BGM,NY,AEA,EN,Combined TRACON& Tower with Radar,0,17,5,0,22,0,0,19,0,19,0,17,24,0,41,22,0,22,63
06/07/2009,BGM,NY,AEA,EN,Combined TRACON& Tower with Radar,0,22,11,0,33,0,0,18,0,18,0,22,29,0,51,0,0,0,51
06/08/2009,BGM,NY,AEA,EN,Combined TRACON& Tower with Radar,0,19,11,2,32,0,0,8,0,8,0,19,19,2,40,46,6,52,92
06/09/2009,BGM,NY,AEA,EN,Combined TRACON& Tower with Radar,0,17,11,0,28,0,0,7,0,7,0,17,18,0,35,3,0,3,38
06/10/2009,BGM,NY,AEA,EN,Combined TRACON& Tower with Radar,0,25,13,2,40,0,0,11,0,11,0,25,24,2,51,46,0,46,97
06/11/2009,BGM,NY,AEA,EN,Combined TRACON& Tower with Radar,0,20,22,0,42,0,0,3,0,3,0,20,25,0,45,0,0,0,45
06/12/2009,BGM,NY,AEA,EN,Combined TRACON& Tower with Radar,0,23,19,0,42,0,0,3,0,3,0,23,22,0,45,20,0,20,65
06/13/2009,BGM,NY,AEA,EN,Combined TRACON& Tower with Radar,0,15,1,0,16,0,0,10,0,10,0,15,11,0,26,30,0,30,56
06/14/2009,BGM,NY,AEA,EN,Combined TRACON& Tower with Radar,0,20,6,0,26,0,0,16,0,16,0,20,22,0,42,0,0,0,42
06/15/2009,BGM,NY,AEA,EN,Combined TRACON& Tower with Radar,0,20,12,2,34,0,0,13,2,15,0,20,25,4,49,0,4,4,53
06/16/2009,BGM,NY,AEA,EN,Combined TRACON& Tower with Radar,0,24,21,0,45,0,0,10,0,10,0,24,31,0,55,38,0,38,93
06/17/2009,BGM,NY,AEA,EN,Combined TRACON& Tower with Radar,0,29,18,0,47,0,0,22,0,22,0,29,40,0,69,30,0,30,99
06/18/2009,BGM,NY,AEA,EN,Combined TRACON& Tower with Radar,0,26,25,0,51,0,0,0,0,0,0,26,25,0,51,0,0,0,51
06/19/2009,BGM,NY,AEA,EN,Combined TRACON& Tower with Radar,0,25,17,0,42,0,0,1,0,1,0,25,18,0,43,16,0,16,59
06/20/2009,BGM,NY,AEA,EN,Combined TRACON& Tower with Radar,0,17,9,0,26,0,0,0,0,0,0,17,9,0,26,0,0,0,26
06/21/2009,BGM,NY,AEA,EN,Combined TRACON& Tower with Radar,0,23,18,0,41,0,0,3,0,3,0,23,21,0,44,4,0,4,48
06/22/2009,BGM,NY,AEA,EN,Combined TRACON& Tower with Radar,0,22,10,2,34,0,0,14,0,14,0,22,24,2,48,0,0,0,48
06/23/2009,BGM,NY,AEA,EN,Combined TRACON& Tower with Radar,0,24,12,0,36,0,0,15,0,15,0,24,27,0,51,62,0,62,113
06/24/2009,BGM,NY,AEA,EN,Combined TRACON& Tower with Radar,0,26,14,5,45,0,0,28,0,28,0,26,42,5,73,6,0,6,79
06/25/2009,BGM,NY,AEA,EN,Combined TRACON& Tower with Radar,0,16,19,0,35,0,0,12,0,12,0,16,31,0,47,16,0,16,63
06/26/2009,BGM,NY,AEA,EN,Combined TRACON& Tower with Radar,0,23,11,2,36,0,0,1,0,1,0,23,12,2,37,0,0,0,37
06/27/2009,BGM,NY,AEA,EN,Combined TRACON& Tower with Radar,0,19,8,0,27,0,0,9,0,9,0,19,17,0,36,0,0,0,36
06/28/2009,BGM,NY,AEA,EN,Combined TRACON& Tower with Radar,0,35,20,0,55,0,0,10,0,10,0,35,30,0,65,0,0,0,65
06/29/2009,BGM,NY,AEA,EN,Combined TRACON& Tower with Radar,0,24,14,0,38,0,0,3,1,4,0,24,17,1,42,0,22,22,64
06/30/2009,BGM,NY,AEA,EN,Combined TRACON& Tower with Radar,0,26,12,3,41,0,0,2,6,8,0,26,14,9,49,20,0,20,69
07/01/2009,BGM,NY,AEA,EN,Combined TRACON& Tower with Radar,0,21,9,3,33,0,0,17,0,17,0,21,26,3,50,24,2,26,76
07/02/2009,BGM,NY,AEA,EN,Combined TRACON& Tower with Radar,0,24,13,4,41,0,2,12,3,17,0,26,25,7,58,6,0,6,64
07/03/2009,BGM,NY,AEA,EN,Combined TRACON& Tower with Radar,0,25,3,1,29,0,2,39,4,45,0,27,42,5,74,0,0,0,74
07/04/2009,BGM,NY,AEA,EN,Combined TRACON& Tower with Radar,0,18,8,1,27,0,0,53,2,55,0,18,61,3,82,0,0,0,82
07/05/2009,BGM,NY,AEA,EN,Combined TRACON& Tower with Radar,0,21,10,8,39,0,0,68,45,113,0,21,78,53,152,0,0,0,152
07/06/2009,BGM,NY,AEA,EN,Combined TRACON& Tower with Radar,0,23,5,1,29,0,0,11,1,12,0,23,16,2,41,0,0,0,41
07/07/2009,BGM,NY,AEA,EN,Combined TRACON& Tower with Radar,0,25,4,1,30,0,0,6,0,6,0,25,10,1,36,4,0,4,40
07/08/2009,BGM,NY,AEA,EN,Combined TRACON& Tower with Radar,0,23,13,4,40,0,0,20,11,31,0,23,33,15,71,0,0,0,71
07/09/2009,BGM,NY,AEA,EN,Combined TRACON& Tower with Radar,0,21,10,0,31,0,0,15,0,15,0,21,25,0,46,32,0,32,78
07/10/2009,BGM,NY,AEA,EN,Combined TRACON& Tower with Radar,0,24,16,0,40,0,0,26,0,26,0,24,42,0,66,24,0,24,90
07/11/2009,BGM,NY,AEA,EN,Combined TRACON& Tower with Radar,0,18,6,0,24,0,0,11,0,11,0,18,17,0,35,0,0,0,35
07/12/2009,BGM,NY,AEA,EN,Combined TRACON& Tower with Radar,0,24,13,0,37,0,0,28,0,28,0,24,41,0,65,2,0,2,67
07/13/2009,BGM,NY,AEA,EN,Combined TRACON& Tower with Radar,0,21,8,0,29,0,1,5,0,6,0,22,13,0,35,0,0,0,35
07/14/2009,BGM,NY,AEA,EN,Combined TRACON& Tower with Radar,0,24,9,0,33,0,0,20,0,20,0,24,29,0,53,0,0,0,53
07/15/2009,BGM,NY,AEA,EN,Combined TRACON& Tower with Radar,0,26,13,0,39,0,0,16,0,16,0,26,29,0,55,8,0,8,63
07/16/2009,BGM,NY,AEA,EN,Combined TRACON& Tower with Radar,0,23,11,2,36,0,0,9,0,9,0,23,20,2,45,40,14,54,99
07/17/2009,BGM,NY,AEA,EN,Combined TRACON& Tower with Radar,0,23,13,0,36,0,0,19,0,19,0,23,32,0,55,14,0,14,69
07/18/2009,BGM,NY,AEA,EN,Combined TRACON& Tower with Radar,0,16,7,0,23,0,0,12,0,12,0,16,19,0,35,42,0,42,77
07/19/2009,BGM,NY,AEA,EN,Combined TRACON& Tower with Radar,0,22,14,0,36,0,0,19,0,19,0,22,33,0,55,45,0,45,100
07/20/2009,BGM,NY,AEA,EN,Combined TRACON& Tower with Radar,0,25,14,0,39,0,1,19,0,20,0,26,33,0,59,16,0,16,75
07/21/2009,BGM,NY,AEA,EN,Combined TRACON& Tower with Radar,0,25,13,12,50,0,0,9,0,9,0,25,22,12,59,12,0,12,71
07/22/2009,BGM,NY,AEA,EN,Combined TRACON& Tower with Radar,0,25,11,4,40,0,0,19,6,25,0,25,30,10,65,20,20,40,105
07/23/2009,BGM,NY,AEA,EN,Combined TRACON& Tower with Radar,0,25,15,0,40,0,0,11,0,11,0,25,26,0,51,70,0,70,121
07/24/2009,BGM,NY,AEA,EN,Combined TRACON& Tower with Radar,0,25,21,0,46,0,0,11,0,11,0,25,32,0,57,16,0,16,73
07/25/2009,BGM,NY,AEA,EN,Combined TRACON& Tower with Radar,0,20,9,0,29,0,0,19,0,19,0,20,28,0,48,16,0,16,64
07/26/2009,BGM,NY,AEA,EN,Combined TRACON& Tower with Radar,0,18,10,0,28,0,0,3,0,3,0,18,13,0,31,14,0,14,45
07/27/2009,BGM,NY,AEA,EN,Combined TRACON& Tower with Radar,0,21,4,0,25,0,0,15,0,15,0,21,19,0,40,24,0,24,64
07/28/2009,BGM,NY,AEA,EN,Combined TRACON& Tower with Radar,0,23,21,0,44,0,0,30,0,30,0,23,51,0,74,10,0,10,84
07/29/2009,BGM,NY,AEA,EN,Combined TRACON& Tower with Radar,0,25,10,0,35,0,0,7,0,7,0,25,17,0,42,10,0,10,52
07/30/2009,BGM,NY,AEA,EN,Combined TRACON& Tower with Radar,0,21,19,8,48,0,0,26,0,26,0,21,45,8,74,20,30,50,124
07/31/2009,BGM,NY,AEA,EN,Combined TRACON& Tower with Radar,0,23,4,2,29,0,0,0,0,0,0,23,4,2,29,0,0,0,29
08/01/2009,BGM,NY,AEA,EN,Combined TRACON& Tower with Radar,0,17,11,6,34,0,0,33,0,33,0,17,44,6,67,18,8,26,93
08/02/2009,BGM,NY,AEA,EN,Combined TRACON& Tower with Radar,0,17,9,0,26,0,0,0,0,0,0,17,9,0,26,0,0,0,26
08/03/2009,BGM,NY,AEA,EN,Combined TRACON& Tower with Radar,0,22,14,2,38,0,0,26,0,26,0,22,40,2,64,4,0,4,68
08/04/2009,BGM,NY,AEA,EN,Combined TRACON& Tower with Radar,0,23,11,4,38,0,0,20,0,20,0,23,31,4,58,16,0,16,74
08/05/2009,BGM,NY,AEA,EN,Combined TRACON& Tower with Radar,0,26,14,8,48,0,0,13,0,13,0,26,27,8,61,22,28,50,111
08/06/2009,BGM,NY,AEA,EN,Combined TRACON& Tower with Radar,0,25,8,4,37,0,0,27,1,28,0,25,35,5,65,22,10,32,97
08/07/2009,BGM,NY,AEA,EN,Combined TRACON& Tower with Radar,0,22,11,0,33,0,0,27,0,27,0,22,38,0,60,8,0,8,68
08/08/2009,BGM,NY,AEA,EN,Combined TRACON& Tower with Radar,0,17,4,0,21,0,1,20,0,21,0,18,24,0,42,0,0,0,42
08/09/2009,BGM,NY,AEA,EN,Combined TRACON& Tower with Radar,0,21,5,0,26,0,0,0,0,0,0,21,5,0,26,0,0,0,26
08/10/2009,BGM,NY,AEA,EN,Combined TRACON& Tower with Radar,0,20,11,0,31,0,0,15,0,15,0,20,26,0,46,0,0,0,46
08/11/2009,BGM,NY,AEA,EN,Combined TRACON& Tower with Radar,0,23,28,4,55,0,0,24,0,24,0,23,52,4,79,33,0,33,112
08/12/2009,BGM,NY,AEA,EN,Combined TRACON& Tower with Radar,0,26,13,6,45,0,0,19,0,19,0,26,32,6,64,10,0,10,74
08/13/2009,BGM,NY,AEA,EN,Combined TRACON& Tower with Radar,0,27,8,0,35,0,0,4,0,4,0,27,12,0,39,12,0,12,51
08/14/2009,BGM,NY,AEA,EN,Combined TRACON& Tower with Radar,0,25,11,0,36,0,0,27,0,27,0,25,38,0,63,8,0,8,71
08/15/2009,BGM,NY,AEA,EN,Combined TRACON& Tower with Radar,0,21,8,0,29,0,0,24,0,24,0,21,32,0,53,8,0,8,61
08/16/2009,BGM,NY,AEA,EN,Combined TRACON& Tower with Radar,0,23,10,0,33,0,1,33,0,34,0,24,43,0,67,24,0,24,91
08/17/2009,BGM,NY,AEA,EN,Combined TRACON& Tower with Radar,0,24,8,0,32,0,0,23,0,23,0,24,31,0,55,0,0,0,55
08/18/2009,BGM,NY,AEA,EN,Combined TRACON& Tower with Radar,0,22,8,2,32,0,0,15,0,15,0,22,23,2,47,0,0,0,47
08/19/2009,BGM,NY,AEA,EN,Combined TRACON& Tower with Radar,0,24,25,0,49,0,0,15,0,15,0,24,40,0,64,0,0,0,64
08/20/2009,BGM,NY,AEA,EN,Combined TRACON& Tower with Radar,0,22,18,0,40,0,0,5,0,5,0,22,23,0,45,46,0,46,91
08/21/2009,BGM,NY,AEA,EN,Combined TRACON& Tower with Radar,0,21,4,2,27,0,0,7,0,7,0,21,11,2,34,0,0,0,34
08/22/2009,BGM,NY,AEA,EN,Combined TRACON& Tower with Radar,0,20,11,0,31,0,0,7,0,7,0,20,18,0,38,26,0,26,64
08/23/2009,BGM,NY,AEA,EN,Combined TRACON& Tower with Radar,0,21,6,0,27,0,0,2,0,2,0,21,8,0,29,0,0,0,29
08/24/2009,BGM,NY,AEA,EN,Combined TRACON& Tower with Radar,0,24,8,0,32,0,0,9,0,9,0,24,17,0,41,0,0,0,41
08/25/2009,BGM,NY,AEA,EN,Combined TRACON& Tower with Radar,0,25,26,0,51,0,0,32,0,32,0,25,58,0,83,2,0,2,85
08/26/2009,BGM,NY,AEA,EN,Combined TRACON& Tower with Radar,0,25,26,2,53,0,0,9,2,11,0,25,35,4,64,0,0,0,64
08/27/2009,BGM,NY,AEA,EN,Combined TRACON& Tower with Radar,0,25,10,0,35,0,0,29,0,29,0,25,39,0,64,26,0,26,90
08/28/2009,BGM,NY,AEA,EN,Combined TRACON& Tower with Radar,0,24,13,8,45,0,0,8,0,8,0,24,21,8,53,4,10,14,67
08/29/2009,BGM,NY,AEA,EN,Combined TRACON& Tower with Radar,0,17,7,0,24,0,0,0,0,0,0,17,7,0,24,12,0,12,36
08/30/2009,BGM,NY,AEA,EN,Combined TRACON& Tower with Radar,0,23,12,0,35,0,0,21,0,21,0,23,33,0,56,0,0,0,56
08/31/2009,BGM,NY,AEA,EN,Combined TRACON& Tower with Radar,0,24,19,0,43,0,0,31,0,31,0,24,50,0,74,16,0,16,90
09/01/2009,BGM,NY,AEA,EN,Combined TRACON& Tower with Radar,0,26,12,0,38,0,0,28,3,31,0,26,40,3,69,10,4,14,83
09/02/2009,BGM,NY,AEA,EN,Combined TRACON& Tower with Radar,0,25,18,0,43,0,2,33,0,35,0,27,51,0,78,28,0,28,106
09/03/2009,BGM,NY,AEA,EN,Combined TRACON& Tower with Radar,0,24,12,1,37,0,0,37,0,37,0,24,49,1,74,32,0,32,106
09/04/2009,BGM,NY,AEA,EN,Combined TRACON& Tower with Radar,0,25,14,14,53,0,0,23,2,25,0,25,37,16,78,0,0,0,78
09/05/2009,BGM,NY,AEA,EN,Combined TRACON& Tower with Radar,0,20,14,0,34,0,0,26,0,26,0,20,40,0,60,0,0,0,60
09/06/2009,BGM,NY,AEA,EN,Combined TRACON& Tower with Radar,0,15,4,0,19,0,0,17,0,17,0,15,21,0,36,12,0,12,48
09/07/2009,BGM,NY,AEA,EN,Combined TRACON& Tower with Radar,0,21,11,0,32,0,0,8,0,8,0,21,19,0,40,10,0,10,50
09/08/2009,BGM,NY,AEA,EN,Combined TRACON& Tower with Radar,0,23,13,0,36,0,0,15,0,15,0,23,28,0,51,16,0,16,67
09/09/2009,BGM,NY,AEA,EN,Combined TRACON& Tower with Radar,0,30,16,9,55,0,0,14,0,14,0,30,30,9,69,12,0,12,81
09/10/2009,BGM,NY,AEA,EN,Combined TRACON& Tower with Radar,0,23,10,0,33,0,0,12,0,12,0,23,22,0,45,6,0,6,51
09/11/2009,BGM,NY,AEA,EN,Combined TRACON& Tower with Radar,0,23,3,0,26,0,0,0,0,0,0,23,3,0,26,20,0,20,46
09/12/2009,BGM,NY,AEA,EN,Combined TRACON& Tower with Radar,0,16,14,0,30,0,0,2,0,2,0,16,16,0,32,14,0,14,46
09/13/2009,BGM,NY,AEA,EN,Combined TRACON& Tower with Radar,0,21,8,0,29,0,0,17,0,17,0,21,25,0,46,18,0,18,64
09/14/2009,BGM,NY,AEA,EN,Combined TRACON& Tower with Radar,0,23,11,0,34,0,0,10,0,10,0,23,21,0,44,46,0,46,90
09/15/2009,BGM,NY,AEA,EN,Combined TRACON& Tower with Radar,0,21,15,10,46,0,0,13,0,13,0,21,28,10,59,26,0,26,85
09/16/2009,BGM,NY,AEA,EN,Combined TRACON& Tower with Radar,0,23,11,0,34,0,0,16,0,16,0,23,27,0,50,12,0,12,62
09/17/2009,BGM,NY,AEA,EN,Combined TRACON& Tower with Radar,0,22,9,0,31,0,0,9,0,9,0,22,18,0,40,0,0,0,40
09/18/2009,BGM,NY,AEA,EN,Combined TRACON& Tower with Radar,0,23,12,0,35,0,0,13,0,13,0,23,25,0,48,22,0,22,70
09/19/2009,BGM,NY,AEA,EN,Combined TRACON& Tower with Radar,0,16,14,0,30,0,0,34,0,34,0,16,48,0,64,24,0,24,88
09/20/2009,BGM,NY,AEA,EN,Combined TRACON& Tower with Radar,0,20,11,0,31,0,0,26,0,26,0,20,37,0,57,0,0,0,57
09/21/2009,BGM,NY,AEA,EN,Combined TRACON& Tower with Radar,0,19,6,0,25,0,0,3,0,3,0,19,9,0,28,0,0,0,28
09/22/2009,BGM,NY,AEA,EN,Combined TRACON& Tower with Radar,0,21,17,6,44,0,0,0,0,0,0,21,17,6,44,12,0,12,56
09/23/2009,BGM,NY,AEA,EN,Combined TRACON& Tower with Radar,0,23,10,17,50,0,0,11,0,11,0,23,21,17,61,12,6,18,79
09/24/2009,BGM,NY,AEA,EN,Combined TRACON& Tower with Radar,0,23,16,0,39,0,1,10,0,11,0,24,26,0,50,18,0,18,68
09/25/2009,BGM,NY,AEA,EN,Combined TRACON& Tower with Radar,0,24,7,0,31,0,0,14,0,14,0,24,21,0,45,0,0,0,45
09/26/2009,BGM,NY,AEA,EN,Combined TRACON& Tower with Radar,0,15,9,0,24,0,0,12,0,12,0,15,21,0,36,16,0,16,52
09/27/2009,BGM,NY,AEA,EN,Combined TRACON& Tower with Radar,0,18,6,0,24,0,0,0,0,0,0,18,6,0,24,0,0,0,24
09/28/2009,BGM,NY,AEA,EN,Combined TRACON& Tower with Radar,0,23,11,10,44,0,0,2,0,2,0,23,13,10,46,0,12,12,58
09/29/2009,BGM,NY,AEA,EN,Combined TRACON& Tower with Radar,0,22,10,0,32,0,0,4,0,4,0,22,14,0,36,0,0,0,36
09/30/2009,BGM,NY,AEA,EN,Combined TRACON& Tower with Radar,0,22,14,8,44,0,0,3,0,3,0,22,17,8,47,22,0,22,69
10/01/2009,BGM,NY,AEA,EN,Combined TRACON& Tower with Radar,0,21,25,2,48,0,0,8,0,8,0,21,33,2,56,0,0,0,56
10/02/2009,BGM,NY,AEA,EN,Combined TRACON& Tower with Radar,0,24,11,1,36,0,0,9,1,10,0,24,20,2,46,0,0,0,46
10/03/2009,BGM,NY,AEA,EN,Combined TRACON& Tower with Radar,0,14,3,0,17,0,0,11,0,11,0,14,14,0,28,26,0,26,54
10/04/2009,BGM,NY,AEA,EN,Combined TRACON& Tower with Radar,0,21,12,0,33,0,0,15,0,15,0,21,27,0,48,0,0,0,48
10/05/2009,BGM,NY,AEA,EN,Combined TRACON& Tower with Radar,0,21,2,3,26,0,0,5,0,5,0,21,7,3,31,12,0,12,43
10/06/2009,BGM,NY,AEA,EN,Combined TRACON& Tower with Radar,0,21,15,8,44,0,0,21,0,21,0,21,36,8,65,10,4,14,79
10/07/2009,BGM,NY,AEA,EN,Combined TRACON& Tower with Radar,0,24,10,0,34,0,0,0,0,0,0,24,10,0,34,0,0,0,34
10/08/2009,BGM,NY,AEA,EN,Combined TRACON& Tower with Radar,0,23,25,20,68,0,1,17,0,18,0,24,42,20,86,14,8,22,108
10/09/2009,BGM,NY,AEA,EN,Combined TRACON& Tower with Radar,0,24,15,0,39,0,0,0,0,0,0,24,15,0,39,0,0,0,39
10/10/2009,BGM,NY,AEA,EN,Combined TRACON& Tower with Radar,0,17,13,0,30,0,0,5,0,5,0,17,18,0,35,2,0,2,37
10/11/2009,BGM,NY,AEA,EN,Combined TRACON& Tower with Radar,0,22,9,0,31,0,0,24,0,24,0,22,33,0,55,20,0,20,75
10/12/2009,BGM,NY,AEA,EN,Combined TRACON& Tower with Radar,0,25,7,0,32,0,0,10,0,10,0,25,17,0,42,0,0,0,42
10/13/2009,BGM,NY,AEA,EN,Combined TRACON& Tower with Radar,0,23,15,0,38,0,0,3,0,3,0,23,18,0,41,0,0,0,41
10/14/2009,BGM,NY,AEA,EN,Combined TRACON& Tower with Radar,0,22,20,0,42,0,0,19,0,19,0,22,39,0,61,12,0,12,73
10/15/2009,BGM,NY,AEA,EN,Combined TRACON& Tower with Radar,0,22,11,0,33,0,0,3,0,3,0,22,14,0,36,0,0,0,36
10/16/2009,BGM,NY,AEA,EN,Combined TRACON& Tower with Radar,0,21,4,0,25,0,0,0,0,0,0,21,4,0,25,0,0,0,25
10/17/2009,BGM,NY,AEA,EN,Combined TRACON& Tower with Radar,0,16,2,0,18,0,0,0,0,0,0,16,2,0,18,0,0,0,18
10/18/2009,BGM,NY,AEA,EN,Combined TRACON& Tower with Radar,0,21,7,0,28,0,0,10,0,10,0,21,17,0,38,27,0,27,65
10/19/2009,BGM,NY,AEA,EN,Combined TRACON& Tower with Radar,0,25,14,0,39,0,0,20,0,20,0,25,34,0,59,8,0,8,67
10/20/2009,BGM,NY,AEA,EN,Combined TRACON& Tower with Radar,0,23,7,0,30,0,0,22,0,22,0,23,29,0,52,4,0,4,56
10/21/2009,BGM,NY,AEA,EN,Combined TRACON& Tower with Radar,0,23,12,0,35,0,0,27,0,27,0,23,39,0,62,0,0,0,62
10/22/2009,BGM,NY,AEA,EN,Combined TRACON& Tower with Radar,0,22,13,0,35,0,0,18,1,19,0,22,31,1,54,28,16,44,98
10/23/2009,BGM,NY,AEA,EN,Combined TRACON& Tower with Radar,0,23,13,2,38,0,0,9,0,9,0,23,22,2,47,8,0,8,55
10/24/2009,BGM,NY,AEA,EN,Combined TRACON& Tower with Radar,0,14,0,0,14,0,0,2,0,2,0,14,2,0,16,0,0,0,16
10/25/2009,BGM,NY,AEA,EN,Combined TRACON& Tower with Radar,0,19,12,0,31,0,0,33,0,33,0,19,45,0,64,6,0,6,70
10/26/2009,BGM,NY,AEA,EN,Combined TRACON& Tower with Radar,0,23,17,0,40,0,2,28,0,30,0,25,45,0,70,10,0,10,80
10/27/2009,BGM,NY,AEA,EN,Combined TRACON& Tower with Radar,0,21,21,4,46,0,2,14,0,16,0,23,35,4,62,16,0,16,78
10/28/2009,BGM,NY,AEA,EN,Combined TRACON& Tower with Radar,0,23,5,4,32,0,0,0,0,0,0,23,5,4,32,0,0,0,32
10/29/2009,BGM,NY,AEA,EN,Combined TRACON& Tower with Radar,0,23,23,6,52,0,0,0,0,0,0,23,23,6,52,0,0,0,52
10/30/2009,BGM,NY,AEA,EN,Combined TRACON& Tower with Radar,0,24,10,0,34,0,0,2,0,2,0,24,12,0,36,72,0,72,108
10/31/2009,BGM,NY,AEA,EN,Combined TRACON& Tower with Radar,0,14,5,0,19,0,0,2,0,2,0,14,7,0,21,0,0,0,21
11/01/2009,BGM,NY,AEA,EN,Combined TRACON& Tower with Radar,0,19,9,0,28,0,0,13,0,13,0,19,22,0,41,14,0,14,55
11/02/2009,BGM,NY,AEA,EN,Combined TRACON& Tower with Radar,0,20,5,0,25,0,0,14,0,14,0,20,19,0,39,10,0,10,49
11/03/2009,BGM,NY,AEA,EN,Combined TRACON& Tower with Radar,0,23,22,2,47,0,0,10,0,10,0,23,32,2,57,14,0,14,71
11/04/2009,BGM,NY,AEA,EN,Combined TRACON& Tower with Radar,0,22,7,0,29,0,0,2,0,2,0,22,9,0,31,8,0,8,39
11/05/2009,BGM,NY,AEA,EN,Combined TRACON& Tower with Radar,0,23,15,0,38,0,0,3,2,5,0,23,18,2,43,10,0,10,53
11/06/2009,BGM,NY,AEA,EN,Combined TRACON& Tower with Radar,0,23,9,2,34,0,0,6,0,6,0,23,15,2,40,6,0,6,46
11/07/2009,BGM,NY,AEA,EN,Combined TRACON& Tower with Radar,0,17,13,0,30,0,0,12,0,12,0,17,25,0,42,0,0,0,42
11/08/2009,BGM,NY,AEA,EN,Combined TRACON& Tower with Radar,0,19,23,6,48,0,0,23,0,23,0,19,46,6,71,38,0,38,109
11/09/2009,BGM,NY,AEA,EN,Combined TRACON& Tower with Radar,0,19,8,0,27,0,0,9,0,9,0,19,17,0,36,4,0,4,40
11/10/2009,BGM,NY,AEA,EN,Combined TRACON& Tower with Radar,0,23,12,0,35,0,0,6,1,7,0,23,18,1,42,4,0,4,46
11/11/2009,BGM,NY,AEA,EN,Combined TRACON& Tower with Radar,0,25,4,0,29,0,0,16,0,16,0,25,20,0,45,0,0,0,45
11/12/2009,BGM,NY,AEA,EN,Combined TRACON& Tower with Radar,0,26,17,0,43,0,0,18,0,18,0,26,35,0,61,2,0,2,63
11/13/2009,BGM,NY,AEA,EN,Combined TRACON& Tower with Radar,0,20,11,0,31,0,0,14,0,14,0,20,25,0,45,4,0,4,49
11/14/2009,BGM,NY,AEA,EN,Combined TRACON& Tower with Radar,0,19,19,0,38,0,0,4,0,4,0,19,23,0,42,40,0,40,82
11/15/2009,BGM,NY,AEA,EN,Combined TRACON& Tower with Radar,0,20,19,0,39,0,0,14,0,14,0,20,33,0,53,0,0,0,53
11/16/2009,BGM,NY,AEA,EN,Combined TRACON& Tower with Radar,0,21,14,4,39,0,0,16,0,16,0,21,30,4,55,0,0,0,55
11/17/2009,BGM,NY,AEA,EN,Combined TRACON& Tower with Radar,0,23,7,2,32,0,0,20,0,20,0,23,27,2,52,0,2,2,54
11/18/2009,BGM,NY,AEA,EN,Combined TRACON& Tower with Radar,0,23,13,0,36,0,0,20,0,20,0,23,33,0,56,20,0,20,76
11/19/2009,BGM,NY,AEA,EN,Combined TRACON& Tower with Radar,1,23,10,0,34,0,1,4,1,6,1,24,14,1,40,0,0,0,40
11/20/2009,BGM,NY,AEA,EN,Combined TRACON& Tower with Radar,0,25,14,8,47,0,2,3,0,5,0,27,17,8,52,10,0,10,62
11/21/2009,BGM,NY,AEA,EN,Combined TRACON& Tower with Radar,0,16,14,0,30,0,0,1,0,1,0,16,15,0,31,4,0,4,35
11/22/2009,BGM,NY,AEA,EN,Combined TRACON& Tower with Radar,0,18,21,0,39,0,0,11,0,11,0,18,32,0,50,0,0,0,50
11/23/2009,BGM,NY,AEA,EN,Combined TRACON& Tower with Radar,0,22,23,14,59,0,0,10,0,10,0,22,33,14,69,0,12,12,81
11/24/2009,BGM,NY,AEA,EN,Combined TRACON& Tower with Radar,0,26,22,0,48,0,0,1,0,1,0,26,23,0,49,0,0,0,49
11/25/2009,BGM,NY,AEA,EN,Combined TRACON& Tower with Radar,0,25,17,0,42,0,0,0,0,0,0,25,17,0,42,0,0,0,42
11/26/2009,BGM,NY,AEA,EN,Combined TRACON& Tower with Radar,0,11,1,0,12,0,0,5,0,5,0,11,6,0,17,0,0,0,17
11/27/2009,BGM,NY,AEA,EN,Combined TRACON& Tower with Radar,0,21,4,0,25,0,2,2,0,4,0,23,6,0,29,0,0,0,29
11/28/2009,BGM,NY,AEA,EN,Combined TRACON& Tower with Radar,0,17,9,0,26,0,0,0,0,0,0,17,9,0,26,0,0,0,26
11/29/2009,BGM,NY,AEA,EN,Combined TRACON& Tower with Radar,0,19,5,0,24,0,0,29,0,29,0,19,34,0,53,48,0,48,101
11/30/2009,BGM,NY,AEA,EN,Combined TRACON& Tower with Radar,0,23,6,0,29,0,0,0,0,0,0,23,6,0,29,0,0,0,29
12/01/2009,BGM,NY,AEA,EN,Combined TRACON& Tower with Radar,0,23,5,2,30,0,0,5,0,5,0,23,10,2,35,10,0,10,45
12/02/2009,BGM,NY,AEA,EN,Combined TRACON& Tower with Radar,0,8,4,0,12,0,0,3,0,3,0,8,7,0,15,16,0,16,31
12/03/2009,BGM,NY,AEA,EN,Combined TRACON& Tower with Radar,0,19,7,11,37,0,0,1,1,2,0,19,8,12,39,0,0,0,39
12/04/2009,BGM,NY,AEA,EN,Combined TRACON& Tower with Radar,0,27,13,0,40,0,0,19,5,24,0,27,32,5,64,10,16,26,90
12/05/2009,BGM,NY,AEA,EN,Combined TRACON& Tower with Radar,0,10,2,0,12,0,0,2,0,2,0,10,4,0,14,14,0,14,28
12/06/2009,BGM,NY,AEA,EN,Combined TRACON& Tower with Radar,0,19,11,0,30,0,0,10,0,10,0,19,21,0,40,0,0,0,40
12/07/2009,BGM,NY,AEA,EN,Combined TRACON& Tower with Radar,0,23,9,0,32,0,1,13,2,16,0,24,22,2,48,0,0,0,48
12/08/2009,BGM,NY,AEA,EN,Combined TRACON& Tower with Radar,0,21,12,0,33,0,0,6,0,6,0,21,18,0,39,12,0,12,51
12/09/2009,BGM,NY,AEA,EN,Combined TRACON& Tower with Radar,0,17,3,0,20,0,0,0,0,0,0,17,3,0,20,0,0,0,20
12/10/2009,BGM,NY,AEA,EN,Combined TRACON& Tower with Radar,0,20,8,0,28,0,0,3,0,3,0,20,11,0,31,0,0,0,31
12/11/2009,BGM,NY,AEA,EN,Combined TRACON& Tower with Radar,0,25,4,0,29,0,0,0,0,0,0,25,4,0,29,0,0,0,29
12/12/2009,BGM,NY,AEA,EN,Combined TRACON& Tower with Radar,0,17,5,0,22,0,0,13,0,13,0,17,18,0,35,14,0,14,49
12/13/2009,BGM,NY,AEA,EN,Combined TRACON& Tower with Radar,0,19,2,0,21,0,0,0,0,0,0,19,2,0,21,0,0,0,21
12/14/2009,BGM,NY,AEA,EN,Combined TRACON& Tower with Radar,2,20,23,0,45,0,0,3,0,3,2,20,26,0,48,0,0,0,48
12/15/2009,BGM,NY,AEA,EN,Combined TRACON& Tower with Radar,0,21,8,0,29,0,0,4,0,4,0,21,12,0,33,0,0,0,33
12/16/2009,BGM,NY,AEA,EN,Combined TRACON& Tower with Radar,0,25,5,4,34,0,0,0,0,0,0,25,5,4,34,0,10,10,44
12/17/2009,BGM,NY,AEA,EN,Combined TRACON& Tower with Radar,0,27,14,0,41,0,0,6,0,6,0,27,20,0,47,0,0,0,47
12/18/2009,BGM,NY,AEA,EN,Combined TRACON& Tower with Radar,0,24,10,1,35,0,0,13,0,13,0,24,23,1,48,0,0,0,48
12/19/2009,BGM,NY,AEA,EN,Combined TRACON& Tower with Radar,0,7,8,2,17,0,0,6,0,6,0,7,14,2,23,0,0,0,23
12/20/2009,BGM,NY,AEA,EN,Combined TRACON& Tower with Radar,0,12,8,4,24,0,0,1,0,1,0,12,9,4,25,0,0,0,25
12/21/2009,BGM,NY,AEA,EN,Combined TRACON& Tower with Radar,0,18,5,4,27,0,0,3,0,3,0,18,8,4,30,0,0,0,30
12/22/2009,BGM,NY,AEA,EN,Combined TRACON& Tower with Radar,0,28,14,4,46,0,0,12,0,12,0,28,26,4,58,4,0,4,62
12/23/2009,BGM,NY,AEA,EN,Combined TRACON& Tower with Radar,0,23,4,7,34,0,0,2,2,4,0,23,6,9,38,0,0,0,38
12/24/2009,BGM,NY,AEA,EN,Combined TRACON& Tower with Radar,0,21,4,0,25,0,0,0,0,0,0,21,4,0,25,0,0,0,25
12/25/2009,BGM,NY,AEA,EN,Combined TRACON& Tower with Radar,0,16,0,0,16,0,0,0,0,0,0,16,0,0,16,0,0,0,16
12/26/2009,BGM,NY,AEA,EN,Combined TRACON& Tower with Radar,0,16,2,0,18,0,0,0,0,0,0,16,2,0,18,0,0,0,18
12/27/2009,BGM,NY,AEA,EN,Combined TRACON& Tower with Radar,0,19,9,3,31,0,0,21,0,21,0,19,30,3,52,6,0,6,58
12/28/2009,BGM,NY,AEA,EN,Combined TRACON& Tower with Radar,0,19,1,4,24,0,0,0,0,0,0,19,1,4,24,0,0,0,24
12/29/2009,BGM,NY,AEA,EN,Combined TRACON& Tower with Radar,0,24,4,4,32,0,0,1,1,2,0,24,5,5,34,0,0,0,34
12/30/2009,BGM,NY,AEA,EN,Combined TRACON& Tower with Radar,0,24,17,3,44,0,0,17,0,17,0,24,34,3,61,0,0,0,61
12/31/2009,BGM,NY,AEA,EN,Combined TRACON& Tower with Radar,0,16,0,0,16,0,0,0,0,0,0,16,0,0,16,0,0,0,16
01/01/2010,BGM,NY,AEA,EN,Combined TRACON& Tower with Radar,0,18,0,0,18,0,0,0,0,0,0,18,0,0,18,0,0,0,18
01/02/2010,BGM,NY,AEA,EN,Combined TRACON& Tower with Radar,0,17,3,0,20,0,0,0,0,0,0,17,3,0,20,0,0,0,20
01/03/2010,BGM,NY,AEA,EN,Combined TRACON& Tower with Radar,0,18,5,0,23,0,0,0,0,0,0,18,5,0,23,0,0,0,23
01/04/2010,BGM,NY,AEA,EN,Combined TRACON& Tower with Radar,0,22,8,0,30,0,0,0,0,0,0,22,8,0,30,2,0,2,32
01/05/2010,BGM,NY,AEA,EN,Combined TRACON& Tower with Radar,0,26,7,0,33,0,1,3,0,4,0,27,10,0,37,0,0,0,37
01/06/2010,BGM,NY,AEA,EN,Combined TRACON& Tower with Radar,0,20,5,0,25,0,0,3,0,3,0,20,8,0,28,0,0,0,28
01/07/2010,BGM,NY,AEA,EN,Combined TRACON& Tower with Radar,0,26,5,6,37,0,0,0,0,0,0,26,5,6,37,0,0,0,37
01/08/2010,BGM,NY,AEA,EN,Combined TRACON& Tower with Radar,0,25,4,2,31,0,0,0,0,0,0,25,4,2,31,0,0,0,31
01/09/2010,BGM,NY,AEA,EN,Combined TRACON& Tower with Radar,0,19,0,0,19,0,0,4,0,4,0,19,4,0,23,4,0,4,27
01/10/2010,BGM,NY,AEA,EN,Combined TRACON& Tower with Radar,0,20,3,0,23,0,0,16,0,16,0,20,19,0,39,8,0,8,47
01/11/2010,BGM,NY,AEA,EN,Combined TRACON& Tower with Radar,0,23,3,3,29,0,1,8,1,10,0,24,11,4,39,0,0,0,39
01/12/2010,BGM,NY,AEA,EN,Combined TRACON& Tower with Radar,0,22,9,2,33,0,0,1,0,1,0,22,10,2,34,0,2,2,36
01/13/2010,BGM,NY,AEA,EN,Combined TRACON& Tower with Radar,0,20,3,0,23,0,0,11,1,12,0,20,14,1,35,12,0,12,47
01/14/2010,BGM,NY,AEA,EN,Combined TRACON& Tower with Radar,0,25,18,0,43,0,0,27,1,28,0,25,45,1,71,12,0,12,83
01/15/2010,BGM,NY,AEA,EN,Combined TRACON& Tower with Radar,0,23,9,4,36,0,0,2,0,2,0,23,11,4,38,0,0,0,38
01/16/2010,BGM,NY,AEA,EN,Combined TRACON& Tower with Radar,0,19,6,0,25,0,0,37,0,37,0,19,43,0,62,16,0,16,78
01/17/2010,BGM,NY,AEA,EN,Combined TRACON& Tower with Radar,0,16,6,0,22,0,0,1,0,1,0,16,7,0,23,0,0,0,23
01/18/2010,BGM,NY,AEA,EN,Combined TRACON& Tower with Radar,0,19,9,0,28,0,0,0,0,0,0,19,9,0,28,0,0,0,28
01/19/2010,BGM,NY,AEA,EN,Combined TRACON& Tower with Radar,0,22,13,0,35,0,0,0,0,0,0,22,13,0,35,0,0,0,35
01/20/2010,BGM,NY,AEA,EN,Combined TRACON& Tower with Radar,0,20,12,4,36,0,0,2,0,2,0,20,14,4,38,8,14,22,60
01/21/2010,BGM,NY,AEA,EN,Combined TRACON& Tower with Radar,0,27,6,0,33,0,0,13,0,13,0,27,19,0,46,0,0,0,46
01/22/2010,BGM,NY,AEA,EN,Combined TRACON& Tower with Radar,0,23,8,0,31,0,0,14,0,14,0,23,22,0,45,0,4,4,49
01/23/2010,BGM,NY,AEA,EN,Combined TRACON& Tower with Radar,0,19,12,0,31,0,0,32,0,32,0,19,44,0,63,38,0,38,101
01/24/2010,BGM,NY,AEA,EN,Combined TRACON& Tower with Radar,0,20,2,0,22,0,0,0,0,0,0,20,2,0,22,0,0,0,22
01/25/2010,BGM,NY,AEA,EN,Combined TRACON& Tower with Radar,0,17,6,0,23,0,0,0,0,0,0,17,6,0,23,0,0,0,23
01/26/2010,BGM,NY,AEA,EN,Combined TRACON& Tower with Radar,0,22,6,0,28,0,0,2,0,2,0,22,8,0,30,0,0,0,30
01/27/2010,BGM,NY,AEA,EN,Combined TRACON& Tower with Radar,0,20,15,4,39,0,2,6,0,8,0,22,21,4,47,6,0,6,53
01/28/2010,BGM,NY,AEA,EN,Combined TRACON& Tower with Radar,0,22,10,0,32,0,0,0,0,0,0,22,10,0,32,0,0,0,32
01/29/2010,BGM,NY,AEA,EN,Combined TRACON& Tower with Radar,0,22,6,0,28,0,0,2,0,2,0,22,8,0,30,0,0,0,30
01/30/2010,BGM,NY,AEA,EN,Combined TRACON& Tower with Radar,0,15,3,0,18,0,0,11,0,11,0,15,14,0,29,0,0,0,29
01/31/2010,BGM,NY,AEA,EN,Combined TRACON& Tower with Radar,0,22,5,0,27,0,0,18,0,18,0,22,23,0,45,6,0,6,51
02/01/2010,BGM,NY,AEA,EN,Combined TRACON& Tower with Radar,0,23,7,6,36,0,0,3,0,3,0,23,10,6,39,16,6,22,61
02/02/2010,BGM,NY,AEA,EN,Combined TRACON& Tower with Radar,0,28,13,0,41,0,0,3,0,3,0,28,16,0,44,0,0,0,44
02/03/2010,BGM,NY,AEA,EN,Combined TRACON& Tower with Radar,0,21,8,0,29,0,0,0,0,0,0,21,8,0,29,0,0,0,29
02/04/2010,BGM,NY,AEA,EN,Combined TRACON& Tower with Radar,0,26,22,0,48,0,2,16,0,18,0,28,38,0,66,8,0,8,74
02/05/2010,BGM,NY,AEA,EN,Combined TRACON& Tower with Radar,0,19,15,0,34,0,0,9,0,9,0,19,24,0,43,44,0,44,87
02/06/2010,BGM,NY,AEA,EN,Combined TRACON& Tower with Radar,0,5,4,0,9,0,0,9,0,9,0,5,13,0,18,12,0,12,30
02/07/2010,BGM,NY,AEA,EN,Combined TRACON& Tower with Radar,0,10,5,0,15,0,0,0,0,0,0,10,5,0,15,16,0,16,31
02/08/2010,BGM,NY,AEA,EN,Combined TRACON& Tower with Radar,0,18,13,0,31,0,1,2,0,3,0,19,15,0,34,16,0,16,50
02/09/2010,BGM,NY,AEA,EN,Combined TRACON& Tower with Radar,0,17,6,0,23,0,0,7,0,7,0,17,13,0,30,10,0,10,40
02/10/2010,BGM,NY,AEA,EN,Combined TRACON& Tower with Radar,0,7,4,0,11,0,0,0,0,0,0,7,4,0,11,0,0,0,11
02/11/2010,BGM,NY,AEA,EN,Combined TRACON& Tower with Radar,0,16,6,0,22,0,0,11,0,11,0,16,17,0,33,0,0,0,33
02/12/2010,BGM,NY,AEA,EN,Combined TRACON& Tower with Radar,0,23,12,2,37,0,2,6,0,8,0,25,18,2,45,0,0,0,45
02/13/2010,BGM,NY,AEA,EN,Combined TRACON& Tower with Radar,0,17,10,0,27,0,0,0,0,0,0,17,10,0,27,0,0,0,27
02/14/2010,BGM,NY,AEA,EN,Combined TRACON& Tower with Radar,0,20,4,0,24,0,1,2,0,3,0,21,6,0,27,0,0,0,27
02/15/2010,BGM,NY,AEA,EN,Combined TRACON& Tower with Radar,0,20,10,0,30,0,2,9,0,11,0,22,19,0,41,0,0,0,41
02/16/2010,BGM,NY,AEA,EN,Combined TRACON& Tower with Radar,0,25,4,2,31,0,0,0,0,0,0,25,4,2,31,0,0,0,31
02/17/2010,BGM,NY,AEA,EN,Combined TRACON& Tower with Radar,0,26,3,2,31,0,0,0,0,0,0,26,3,2,31,0,0,0,31
02/18/2010,BGM,NY,AEA,EN,Combined TRACON& Tower with Radar,0,25,12,0,37,0,0,0,0,0,0,25,12,0,37,0,0,0,37
02/19/2010,BGM,NY,AEA,EN,Combined TRACON& Tower with Radar,0,27,3,0,30,0,0,0,0,0,0,27,3,0,30,0,0,0,30
02/20/2010,BGM,NY,AEA,EN,Combined TRACON& Tower with Radar,0,18,8,0,26,0,0,4,0,4,0,18,12,0,30,10,0,10,40
02/21/2010,BGM,NY,AEA,EN,Combined TRACON& Tower with Radar,0,19,11,0,30,0,0,13,0,13,0,19,24,0,43,24,0,24,67
02/22/2010,BGM,NY,AEA,EN,Combined TRACON& Tower with Radar,0,21,6,0,27,0,0,5,0,5,0,21,11,0,32,0,0,0,32
02/23/2010,BGM,NY,AEA,EN,Combined TRACON& Tower with Radar,0,21,6,0,27,0,0,0,0,0,0,21,6,0,27,0,0,0,27
02/24/2010,BGM,NY,AEA,EN,Combined TRACON& Tower with Radar,0,18,19,2,39,0,0,0,0,0,0,18,19,2,39,0,0,0,39
02/25/2010,BGM,NY,AEA,EN,Combined TRACON& Tower with Radar,0,10,1,0,11,0,0,0,0,0,0,10,1,0,11,0,0,0,11
02/26/2010,BGM,NY,AEA,EN,Combined TRACON& Tower with Radar,0,6,5,0,11,0,0,0,0,0,0,6,5,0,11,0,0,0,11
02/27/2010,BGM,NY,AEA,EN,Combined TRACON& Tower with Radar,0,17,2,0,19,0,0,0,0,0,0,17,2,0,19,0,0,0,19
02/28/2010,BGM,NY,AEA,EN,Combined TRACON& Tower with Radar,0,20,8,0,28,0,0,0,0,0,0,20,8,0,28,0,0,0,28
03/01/2010,BGM,NY,AEA,EN,Combined TRACON& Tower with Radar,0,20,6,0,26,0,0,0,0,0,0,20,6,0,26,0,0,0,26
03/02/2010,BGM,NY,AEA,EN,Combined TRACON& Tower with Radar,0,22,5,6,33,0,0,4,0,4,0,22,9,6,37,0,0,0,37
03/03/2010,BGM,NY,AEA,EN,Combined TRACON& Tower with Radar,0,22,2,0,24,0,0,0,0,0,0,22,2,0,24,0,0,0,24
03/04/2010,BGM,NY,AEA,EN,Combined TRACON& Tower with Radar,0,23,8,2,33,0,2,5,0,7,0,25,13,2,40,10,0,10,50
03/05/2010,BGM,NY,AEA,EN,Combined TRACON& Tower with Radar,0,25,13,0,38,0,2,18,0,20,0,27,31,0,58,26,0,26,84
03/06/2010,BGM,NY,AEA,EN,Combined TRACON& Tower with Radar,0,17,8,0,25,0,0,36,0,36,0,17,44,0,61,16,0,16,77
03/07/2010,BGM,NY,AEA,EN,Combined TRACON& Tower with Radar,0,20,15,0,35,0,0,29,0,29,0,20,44,0,64,36,0,36,100
03/08/2010,BGM,NY,AEA,EN,Combined TRACON& Tower with Radar,0,27,4,0,31,0,0,13,0,13,0,27,17,0,44,10,0,10,54
03/09/2010,BGM,NY,AEA,EN,Combined TRACON& Tower with Radar,0,21,13,0,34,0,0,19,0,19,0,21,32,0,53,16,0,16,69
03/10/2010,BGM,NY,AEA,EN,Combined TRACON& Tower with Radar,0,19,6,13,38,0,0,10,1,11,0,19,16,14,49,20,0,20,69
03/11/2010,BGM,NY,AEA,EN,Combined TRACON& Tower with Radar,0,28,9,8,45,0,1,11,0,12,0,29,20,8,57,28,0,28,85
03/12/2010,BGM,NY,AEA,EN,Combined TRACON& Tower with Radar,0,19,18,0,37,0,0,0,1,1,0,19,18,1,38,16,0,16,54
03/13/2010,BGM,NY,AEA,EN,Combined TRACON& Tower with Radar,0,17,0,0,17,0,0,0,0,0,0,17,0,0,17,0,0,0,17
03/14/2010,BGM,NY,AEA,EN,Combined TRACON& Tower with Radar,0,20,3,0,23,0,0,2,0,2,0,20,5,0,25,0,0,0,25
03/15/2010,BGM,NY,AEA,EN,Combined TRACON& Tower with Radar,0,24,4,4,32,0,0,0,1,1,0,24,4,5,33,0,0,0,33
03/16/2010,BGM,NY,AEA,EN,Combined TRACON& Tower with Radar,0,20,6,4,30,0,0,13,1,14,0,20,19,5,44,48,0,48,92
03/17/2010,BGM,NY,AEA,EN,Combined TRACON& Tower with Radar,0,20,16,0,36,0,1,18,0,19,0,21,34,0,55,20,0,20,75
03/18/2010,BGM,NY,AEA,EN,Combined TRACON& Tower with Radar,0,24,23,0,47,0,2,17,0,19,0,26,40,0,66,0,0,0,66
03/19/2010,BGM,NY,AEA,EN,Combined TRACON& Tower with Radar,0,23,9,0,32,0,0,24,0,24,0,23,33,0,56,6,0,6,62
03/20/2010,BGM,NY,AEA,EN,Combined TRACON& Tower with Radar,0,17,4,0,21,0,0,24,0,24,0,17,28,0,45,8,0,8,53
03/21/2010,BGM,NY,AEA,EN,Combined TRACON& Tower with Radar,0,19,11,0,30,0,0,19,0,19,0,19,30,0,49,6,0,6,55
03/22/2010,BGM,NY,AEA,EN,Combined TRACON& Tower with Radar,0,24,2,0,26,0,0,1,0,1,0,24,3,0,27,0,0,0,27
03/23/2010,BGM,NY,AEA,EN,Combined TRACON& Tower with Radar,0,20,10,0,30,0,0,0,0,0,0,20,10,0,30,0,0,0,30
03/24/2010,BGM,NY,AEA,EN,Combined TRACON& Tower with Radar,0,23,10,0,33,0,0,3,0,3,0,23,13,0,36,0,0,0,36
03/25/2010,BGM,NY,AEA,EN,Combined TRACON& Tower with Radar,0,23,13,0,36,0,0,8,0,8,0,23,21,0,44,6,0,6,50
03/26/2010,BGM,NY,AEA,EN,Combined TRACON& Tower with Radar,0,20,3,0,23,0,0,3,0,3,0,20,6,0,26,20,0,20,46
03/27/2010,BGM,NY,AEA,EN,Combined TRACON& Tower with Radar,0,17,7,0,24,0,0,19,0,19,0,17,26,0,43,24,0,24,67
03/28/2010,BGM,NY,AEA,EN,Combined TRACON& Tower with Radar,0,18,9,0,27,0,0,0,0,0,0,18,9,0,27,16,0,16,43
03/29/2010,BGM,NY,AEA,EN,Combined TRACON& Tower with Radar,0,17,13,0,30,0,0,0,0,0,0,17,13,0,30,0,0,0,30
03/30/2010,BGM,NY,AEA,EN,Combined TRACON& Tower with Radar,0,19,17,0,36,0,0,0,0,0,0,19,17,0,36,0,0,0,36
03/31/2010,BGM,NY,AEA,EN,Combined TRACON& Tower with Radar,0,20,4,8,32,0,0,2,0,2,0,20,6,8,34,12,0,12,46
04/01/2010,BGM,NY,AEA,EN,Combined TRACON& Tower with Radar,0,25,16,10,51,0,0,21,0,21,0,25,37,10,72,0,18,18,90
04/02/2010,BGM,NY,AEA,EN,Combined TRACON& Tower with Radar,0,24,10,0,34,0,0,15,0,15,0,24,25,0,49,30,0,30,79
04/03/2010,BGM,NY,AEA,EN,Combined TRACON& Tower with Radar,0,15,5,0,20,0,0,19,0,19,0,15,24,0,39,10,0,10,49
04/04/2010,BGM,NY,AEA,EN,Combined TRACON& Tower with Radar,0,19,4,0,23,0,0,7,0,7,0,19,11,0,30,0,0,0,30
04/05/2010,BGM,NY,AEA,EN,Combined TRACON& Tower with Radar,0,19,1,0,20,0,0,11,0,11,0,19,12,0,31,30,0,30,61
04/06/2010,BGM,NY,AEA,EN,Combined TRACON& Tower with Radar,0,23,12,1,36,0,1,5,1,7,0,24,17,2,43,0,1,1,44
04/07/2010,BGM,NY,AEA,EN,Combined TRACON& Tower with Radar,0,23,7,0,30,0,0,5,0,5,0,23,12,0,35,12,0,12,47
04/08/2010,BGM,NY,AEA,EN,Combined TRACON& Tower with Radar,0,20,3,0,23,0,0,2,2,4,0,20,5,2,27,0,0,0,27
04/09/2010,BGM,NY,AEA,EN,Combined TRACON& Tower with Radar,0,27,3,0,30,0,0,7,0,7,0,27,10,0,37,4,0,4,41
04/10/2010,BGM,NY,AEA,EN,Combined TRACON& Tower with Radar,0,19,10,0,29,0,0,20,0,20,0,19,30,0,49,20,0,20,69
04/11/2010,BGM,NY,AEA,EN,Combined TRACON& Tower with Radar,0,19,9,0,28,0,0,5,0,5,0,19,14,0,33,8,0,8,41
04/12/2010,BGM,NY,AEA,EN,Combined TRACON& Tower with Radar,0,27,12,1,40,0,0,25,5,30,0,27,37,6,70,6,14,20,90
04/13/2010,BGM,NY,AEA,EN,Combined TRACON& Tower with Radar,0,23,3,6,32,0,0,11,0,11,0,23,14,6,43,6,0,6,49
04/14/2010,BGM,NY,AEA,EN,Combined TRACON& Tower with Radar,0,24,13,0,37,0,0,15,2,17,0,24,28,2,54,0,0,0,54
04/15/2010,BGM,NY,AEA,EN,Combined TRACON& Tower with Radar,0,25,14,0,39,0,0,20,0,20,0,25,34,0,59,6,0,6,65
04/16/2010,BGM,NY,AEA,EN,Combined TRACON& Tower with Radar,0,25,14,0,39,0,0,8,0,8,0,25,22,0,47,0,0,0,47
04/17/2010,BGM,NY,AEA,EN,Combined TRACON& Tower with Radar,0,19,9,0,28,0,0,8,0,8,0,19,17,0,36,22,0,22,58
04/18/2010,BGM,NY,AEA,EN,Combined TRACON& Tower with Radar,0,22,4,0,26,0,0,4,0,4,0,22,8,0,30,0,0,0,30
04/19/2010,BGM,NY,AEA,EN,Combined TRACON& Tower with Radar,0,26,4,0,30,0,0,11,0,11,0,26,15,0,41,0,0,0,41
04/20/2010,BGM,NY,AEA,EN,Combined TRACON& Tower with Radar,0,23,6,0,29,0,0,15,0,15,0,23,21,0,44,14,0,14,58
04/21/2010,BGM,NY,AEA,EN,Combined TRACON& Tower with Radar,0,25,7,0,32,0,4,9,0,13,0,29,16,0,45,16,0,16,61
04/22/2010,BGM,NY,AEA,EN,Combined TRACON& Tower with Radar,0,26,9,0,35,0,0,3,0,3,0,26,12,0,38,0,0,0,38
04/23/2010,BGM,NY,AEA,EN,Combined TRACON& Tower with Radar,0,26,10,0,36,0,0,25,0,25,0,26,35,0,61,18,0,18,79
04/24/2010,BGM,NY,AEA,EN,Combined TRACON& Tower with Radar,0,18,5,0,23,0,0,27,0,27,0,18,32,0,50,4,0,4,54
04/25/2010,BGM,NY,AEA,EN,Combined TRACON& Tower with Radar,0,18,6,0,24,0,0,0,0,0,0,18,6,0,24,0,0,0,24
04/26/2010,BGM,NY,AEA,EN,Combined TRACON& Tower with Radar,0,22,16,4,42,0,0,0,0,0,0,22,16,4,42,0,0,0,42
04/27/2010,BGM,NY,AEA,EN,Combined TRACON& Tower with Radar,0,22,13,0,35,0,1,2,0,3,0,23,15,0,38,0,0,0,38
04/28/2010,BGM,NY,AEA,EN,Combined TRACON& Tower with Radar,0,24,12,12,48,0,0,2,0,2,0,24,14,12,50,10,4,14,64
04/29/2010,BGM,NY,AEA,EN,Combined TRACON& Tower with Radar,0,25,9,2,36,0,0,12,0,12,0,25,21,2,48,0,0,0,48
04/30/2010,BGM,NY,AEA,EN,Combined TRACON& Tower with Radar,0,25,16,0,41,0,0,34,1,35,0,25,50,1,76,14,0,14,90
05/01/2010,BGM,NY,AEA,EN,Combined TRACON& Tower with Radar,0,19,11,0,30,0,0,20,0,20,0,19,31,0,50,42,0,42,92
05/02/2010,BGM,NY,AEA,EN,Combined TRACON& Tower with Radar,0,22,2,0,24,0,0,4,0,4,0,22,6,0,28,4,0,4,32
05/03/2010,BGM,NY,AEA,EN,Combined TRACON& Tower with Radar,0,23,6,0,29,0,0,5,0,5,0,23,11,0,34,0,0,0,34
05/04/2010,BGM,NY,AEA,EN,Combined TRACON& Tower with Radar,0,33,7,0,40,0,0,7,0,7,0,33,14,0,47,0,0,0,47
05/05/2010,BGM,NY,AEA,EN,Combined TRACON& Tower with Radar,0,23,6,4,33,0,0,25,2,27,0,23,31,6,60,4,0,4,64
05/06/2010,BGM,NY,AEA,EN,Combined TRACON& Tower with Radar,0,27,11,9,47,0,0,8,0,8,0,27,19,9,55,8,10,18,73
05/07/2010,BGM,NY,AEA,EN,Combined TRACON& Tower with Radar,0,29,14,0,43,0,0,21,0,21,0,29,35,0,64,16,0,16,80
05/08/2010,BGM,NY,AEA,EN,Combined TRACON& Tower with Radar,0,20,2,0,22,0,0,0,0,0,0,20,2,0,22,0,0,0,22
05/09/2010,BGM,NY,AEA,EN,Combined TRACON& Tower with Radar,0,24,2,0,26,0,0,2,0,2,0,24,4,0,28,6,0,6,34
05/10/2010,BGM,NY,AEA,EN,Combined TRACON& Tower with Radar,0,30,13,8,51,0,0,17,0,17,0,30,30,8,68,0,10,10,78
05/11/2010,BGM,NY,AEA,EN,Combined TRACON& Tower with Radar,0,28,13,0,41,0,0,21,0,21,0,28,34,0,62,14,0,14,76
05/12/2010,BGM,NY,AEA,EN,Combined TRACON& Tower with Radar,0,27,13,0,40,0,0,0,0,0,0,27,13,0,40,0,0,0,40
05/13/2010,BGM,NY,AEA,EN,Combined TRACON& Tower with Radar,0,24,9,0,33,0,0,6,0,6,0,24,15,0,39,26,0,26,65
05/14/2010,BGM,NY,AEA,EN,Combined TRACON& Tower with Radar,0,21,11,0,32,0,1,2,0,3,0,22,13,0,35,14,0,14,49
05/15/2010,BGM,NY,AEA,EN,Combined TRACON& Tower with Radar,0,23,9,0,32,0,1,14,0,15,0,24,23,0,47,24,0,24,71
05/16/2010,BGM,NY,AEA,EN,Combined TRACON& Tower with Radar,0,25,5,0,30,0,0,21,0,21,0,25,26,0,51,12,0,12,63
05/17/2010,BGM,NY,AEA,EN,Combined TRACON& Tower with Radar,0,24,8,1,33,0,0,23,0,23,0,24,31,1,56,8,0,8,64
05/18/2010,BGM,NY,AEA,EN,Combined TRACON& Tower with Radar,0,31,11,8,50,0,0,4,0,4,0,31,15,8,54,0,0,0,54
05/19/2010,BGM,NY,AEA,EN,Combined TRACON& Tower with Radar,0,25,13,1,39,0,0,3,1,4,0,25,16,2,43,0,0,0,43
05/20/2010,BGM,NY,AEA,EN,Combined TRACON& Tower with Radar,0,25,8,0,33,0,0,33,0,33,0,25,41,0,66,2,0,2,68
05/21/2010,BGM,NY,AEA,EN,Combined TRACON& Tower with Radar,0,24,11,0,35,0,0,27,0,27,0,24,38,0,62,10,0,10,72
05/22/2010,BGM,NY,AEA,EN,Combined TRACON& Tower with Radar,0,19,8,0,27,0,0,15,0,15,0,19,23,0,42,0,0,0,42
05/23/2010,BGM,NY,AEA,EN,Combined TRACON& Tower with Radar,0,22,23,0,45,0,0,9,0,9,0,22,32,0,54,0,0,0,54
05/24/2010,BGM,NY,AEA,EN,Combined TRACON& Tower with Radar,0,23,21,1,45,0,0,13,13,26,0,23,34,14,71,0,12,12,83
05/25/2010,BGM,NY,AEA,EN,Combined TRACON& Tower with Radar,0,25,11,0,36,0,2,19,0,21,0,27,30,0,57,6,0,6,63
05/26/2010,BGM,NY,AEA,EN,Combined TRACON& Tower with Radar,0,25,2,6,33,0,0,13,1,14,0,25,15,7,47,0,8,8,55
05/27/2010,BGM,NY,AEA,EN,Combined TRACON& Tower with Radar,0,23,8,6,37,0,1,14,0,15,0,24,22,6,52,6,8,14,66
05/28/2010,BGM,NY,AEA,EN,Combined TRACON& Tower with Radar,0,26,7,1,34,0,0,10,1,11,0,26,17,2,45,0,0,0,45
05/29/2010,BGM,NY,AEA,EN,Combined TRACON& Tower with Radar,0,24,2,0,26,0,0,3,0,3,0,24,5,0,29,2,0,2,31
05/30/2010,BGM,NY,AEA,EN,Combined TRACON& Tower with Radar,0,18,6,0,24,0,0,19,0,19,0,18,25,0,43,20,0,20,63
05/31/2010,BGM,NY,AEA,EN,Combined TRACON& Tower with Radar,0,25,1,0,26,0,0,14,0,14,0,25,15,0,40,10,0,10,50
06/01/2010,BGM,NY,AEA,EN,Combined TRACON& Tower with Radar,0,24,15,0,39,0,0,9,0,9,0,24,24,0,48,0,0,0,48
06/02/2010,BGM,NY,AEA,EN,Combined TRACON& Tower with Radar,0,28,13,2,43,0,0,12,0,12,0,28,25,2,55,6,0,6,61
06/03/2010,BGM,NY,AEA,EN,Combined TRACON& Tower with Radar,0,26,11,0,37,0,0,1,0,1,0,26,12,0,38,0,0,0,38
06/04/2010,BGM,NY,AEA,EN,Combined TRACON& Tower with Radar,0,26,4,11,41,0,0,17,1,18,0,26,21,12,59,0,8,8,67
06/05/2010,BGM,NY,AEA,EN,Combined TRACON& Tower with Radar,0,19,3,0,22,0,0,7,0,7,0,19,10,0,29,0,0,0,29
06/06/2010,BGM,NY,AEA,EN,Combined TRACON& Tower with Radar,0,25,0,0,25,0,0,0,0,0,0,25,0,0,25,0,0,0,25
06/07/2010,BGM,NY,AEA,EN,Combined TRACON& Tower with Radar,0,25,10,28,63,0,0,8,4,12,0,25,18,32,75,0,18,18,93
06/08/2010,BGM,NY,AEA,EN,Combined TRACON& Tower with Radar,0,27,9,1,37,0,0,26,1,27,0,27,35,2,64,0,0,0,64
06/09/2010,BGM,NY,AEA,EN,Combined TRACON& Tower with Radar,0,28,7,8,43,0,0,3,0,3,0,28,10,8,46,6,0,6,52
06/10/2010,BGM,NY,AEA,EN,Combined TRACON& Tower with Radar,0,27,19,7,53,0,0,6,0,6,0,27,25,7,59,8,8,16,75
06/11/2010,BGM,NY,AEA,EN,Combined TRACON& Tower with Radar,0,25,15,10,50,0,0,21,0,21,0,25,36,10,71,22,0,22,93
06/12/2010,BGM,NY,AEA,EN,Combined TRACON& Tower with Radar,0,19,8,0,27,0,0,0,0,0,0,19,8,0,27,0,0,0,27
06/13/2010,BGM,NY,AEA,EN,Combined TRACON& Tower with Radar,0,25,14,0,39,0,0,0,0,0,0,25,14,0,39,0,0,0,39
06/14/2010,BGM,NY,AEA,EN,Combined TRACON& Tower with Radar,0,21,23,2,46,0,0,2,0,2,0,21,25,2,48,0,0,0,48
06/15/2010,BGM,NY,AEA,EN,Combined TRACON& Tower with Radar,0,26,17,2,45,0,0,24,0,24,0,26,41,2,69,0,0,0,69
06/16/2010,BGM,NY,AEA,EN,Combined TRACON& Tower with Radar,0,29,11,0,40,0,0,2,0,2,0,29,13,0,42,0,0,0,42
06/17/2010,BGM,NY,AEA,EN,Combined TRACON& Tower with Radar,0,31,10,2,43,0,0,2,1,3,0,31,12,3,46,0,0,0,46
06/18/2010,BGM,NY,AEA,EN,Combined TRACON& Tower with Radar,0,25,11,0,36,0,0,25,0,25,0,25,36,0,61,2,0,2,63
06/19/2010,BGM,NY,AEA,EN,Combined TRACON& Tower with Radar,0,22,9,0,31,0,0,21,0,21,0,22,30,0,52,18,0,18,70
06/20/2010,BGM,NY,AEA,EN,Combined TRACON& Tower with Radar,0,23,5,0,28,0,0,19,0,19,0,23,24,0,47,8,0,8,55
06/21/2010,BGM,NY,AEA,EN,Combined TRACON& Tower with Radar,0,25,18,0,43,0,0,21,0,21,0,25,39,0,64,0,0,0,64
06/22/2010,BGM,NY,AEA,EN,Combined TRACON& Tower with Radar,0,25,17,0,42,0,0,13,2,15,0,25,30,2,57,0,0,0,57
06/23/2010,BGM,NY,AEA,EN,Combined TRACON& Tower with Radar,0,27,12,0,39,0,3,15,0,18,0,30,27,0,57,10,0,10,67
06/24/2010,BGM,NY,AEA,EN,Combined TRACON& Tower with Radar,0,25,13,0,38,0,0,8,0,8,0,25,21,0,46,0,0,0,46
06/25/2010,BGM,NY,AEA,EN,Combined TRACON& Tower with Radar,0,26,15,0,41,0,0,30,0,30,0,26,45,0,71,8,0,8,79
06/26/2010,BGM,NY,AEA,EN,Combined TRACON& Tower with Radar,0,19,9,0,28,0,0,10,0,10,0,19,19,0,38,8,0,8,46
06/27/2010,BGM,NY,AEA,EN,Combined TRACON& Tower with Radar,0,29,14,0,43,0,0,12,0,12,0,29,26,0,55,10,0,10,65
06/28/2010,BGM,NY,AEA,EN,Combined TRACON& Tower with Radar,0,26,12,0,38,0,0,5,0,5,0,26,17,0,43,0,0,0,43
06/29/2010,BGM,NY,AEA,EN,Combined TRACON& Tower with Radar,0,27,10,0,37,0,0,11,0,11,0,27,21,0,48,0,0,0,48
06/30/2010,BGM,NY,AEA,EN,Combined TRACON& Tower with Radar,0,25,6,0,31,0,1,15,0,16,0,26,21,0,47,10,0,10,57
07/01/2010,BGM,NY,AEA,EN,Combined TRACON& Tower with Radar,0,29,12,4,45,0,2,16,3,21,0,31,28,7,66,16,8,24,90
07/02/2010,BGM,NY,AEA,EN,Combined TRACON& Tower with Radar,0,25,9,0,34,0,0,36,1,37,0,25,45,1,71,6,0,6,77
07/03/2010,BGM,NY,AEA,EN,Combined TRACON& Tower with Radar,0,17,5,0,22,0,0,16,0,16,0,17,21,0,38,10,0,10,48
07/04/2010,BGM,NY,AEA,EN,Combined TRACON& Tower with Radar,0,16,3,0,19,0,0,14,0,14,0,16,17,0,33,0,0,0,33
07/05/2010,BGM,NY,AEA,EN,Combined TRACON& Tower with Radar,0,21,3,0,24,0,0,13,0,13,0,21,16,0,37,8,0,8,45
07/06/2010,BGM,NY,AEA,EN,Combined TRACON& Tower with Radar,0,25,8,0,33,0,2,18,0,20,0,27,26,0,53,0,0,0,53
07/07/2010,BGM,NY,AEA,EN,Combined TRACON& Tower with Radar,0,24,14,1,39,0,0,20,3,23,0,24,34,4,62,4,4,8,70
07/08/2010,BGM,NY,AEA,EN,Combined TRACON& Tower with Radar,0,27,13,0,40,0,0,22,0,22,0,27,35,0,62,12,0,12,74
07/09/2010,BGM,NY,AEA,EN,Combined TRACON& Tower with Radar,0,24,14,0,38,0,0,7,1,8,0,24,21,1,46,0,0,0,46
07/10/2010,BGM,NY,AEA,EN,Combined TRACON& Tower with Radar,0,19,8,0,27,0,0,12,0,12,0,19,20,0,39,2,0,2,41
07/11/2010,BGM,NY,AEA,EN,Combined TRACON& Tower with Radar,0,22,4,0,26,0,0,26,0,26,0,22,30,0,52,12,0,12,64
07/12/2010,BGM,NY,AEA,EN,Combined TRACON& Tower with Radar,0,19,17,0,36,0,0,13,0,13,0,19,30,0,49,24,0,24,73
07/13/2010,BGM,NY,AEA,EN,Combined TRACON& Tower with Radar,0,23,10,12,45,0,0,6,0,6,0,23,16,12,51,12,44,56,107
07/14/2010,BGM,NY,AEA,EN,Combined TRACON& Tower with Radar,0,25,17,6,48,0,0,2,2,4,0,25,19,8,52,0,12,12,64
07/15/2010,BGM,NY,AEA,EN,Combined TRACON& Tower with Radar,0,22,8,2,32,0,0,9,0,9,0,22,17,2,41,0,0,0,41
07/16/2010,BGM,NY,AEA,EN,Combined TRACON& Tower with Radar,0,24,6,0,30,0,0,10,0,10,0,24,16,0,40,4,0,4,44
07/17/2010,BGM,NY,AEA,EN,Combined TRACON& Tower with Radar,0,21,2,0,23,0,0,16,1,17,0,21,18,1,40,6,0,6,46
07/18/2010,BGM,NY,AEA,EN,Combined TRACON& Tower with Radar,0,23,10,0,33,0,0,24,0,24,0,23,34,0,57,6,0,6,63
07/19/2010,BGM,NY,AEA,EN,Combined TRACON& Tower with Radar,0,21,13,0,34,0,2,9,0,11,0,23,22,0,45,6,0,6,51
07/20/2010,BGM,NY,AEA,EN,Combined TRACON& Tower with Radar,0,25,20,0,45,0,0,8,0,8,0,25,28,0,53,0,0,0,53
07/21/2010,BGM,NY,AEA,EN,Combined TRACON& Tower with Radar,0,24,6,0,30,0,0,12,0,12,0,24,18,0,42,4,0,4,46
07/22/2010,BGM,NY,AEA,EN,Combined TRACON& Tower with Radar,0,24,8,0,32,0,1,24,0,25,0,25,32,0,57,4,0,4,61
07/23/2010,BGM,NY,AEA,EN,Combined TRACON& Tower with Radar,0,23,4,0,27,0,0,0,0,0,0,23,4,0,27,0,0,0,27
07/24/2010,BGM,NY,AEA,EN,Combined TRACON& Tower with Radar,0,19,12,0,31,0,1,13,0,14,0,20,25,0,45,60,0,60,105
07/25/2010,BGM,NY,AEA,EN,Combined TRACON& Tower with Radar,0,18,12,0,30,0,0,4,0,4,0,18,16,0,34,2,0,2,36
07/26/2010,BGM,NY,AEA,EN,Combined TRACON& Tower with Radar,0,25,9,0,34,0,0,15,0,15,0,25,24,0,49,2,0,2,51
07/27/2010,BGM,NY,AEA,EN,Combined TRACON& Tower with Radar,0,30,15,0,45,0,0,17,2,19,0,30,32,2,64,28,0,28,92
07/28/2010,BGM,NY,AEA,EN,Combined TRACON& Tower with Radar,0,12,3,0,15,0,0,7,0,7,0,12,10,0,22,18,0,18,40
07/29/2010,BGM,NY,AEA,EN,Combined TRACON& Tower with Radar,0,10,1,8,19,0,0,8,0,8,0,10,9,8,27,0,8,8,35
07/30/2010,BGM,NY,AEA,EN,Combined TRACON& Tower with Radar,0,24,9,0,33,0,1,12,0,13,0,25,21,0,46,20,0,20,66
07/31/2010,BGM,NY,AEA,EN,Combined TRACON& Tower with Radar,0,21,15,0,36,0,0,17,0,17,0,21,32,0,53,18,0,18,71
08/01/2010,BGM,NY,AEA,EN,Combined TRACON& Tower with Radar,0,24,11,0,35,0,0,5,0,5,0,24,16,0,40,0,0,0,40
08/02/2010,BGM,NY,AEA,EN,Combined TRACON& Tower with Radar,0,23,5,0,28,0,2,9,2,13,0,25,14,2,41,0,0,0,41
08/03/2010,BGM,NY,AEA,EN,Combined TRACON& Tower with Radar,0,27,7,4,38,0,0,14,0,14,0,27,21,4,52,14,0,14,66
08/04/2010,BGM,NY,AEA,EN,Combined TRACON& Tower with Radar,0,24,5,0,29,0,0,14,0,14,0,24,19,0,43,18,0,18,61
08/05/2010,BGM,NY,AEA,EN,Combined TRACON& Tower with Radar,0,24,10,0,34,0,0,2,0,2,0,24,12,0,36,6,0,6,42
08/06/2010,BGM,NY,AEA,EN,Combined TRACON& Tower with Radar,0,25,10,0,35,0,0,33,2,35,0,25,43,2,70,22,0,22,92
08/07/2010,BGM,NY,AEA,EN,Combined TRACON& Tower with Radar,0,18,3,0,21,0,0,21,0,21,0,18,24,0,42,12,0,12,54
08/08/2010,BGM,NY,AEA,EN,Combined TRACON& Tower with Radar,0,22,6,0,28,0,0,16,0,16,0,22,22,0,44,14,0,14,58
08/09/2010,BGM,NY,AEA,EN,Combined TRACON& Tower with Radar,0,22,13,4,39,0,0,9,0,9,0,22,22,4,48,8,12,20,68
08/10/2010,BGM,NY,AEA,EN,Combined TRACON& Tower with Radar,0,28,9,7,44,0,0,4,1,5,0,28,13,8,49,18,0,18,67
08/11/2010,BGM,NY,AEA,EN,Combined TRACON& Tower with Radar,0,25,7,0,32,0,0,29,0,29,0,25,36,0,61,10,0,10,71
08/12/2010,BGM,NY,AEA,EN,Combined TRACON& Tower with Radar,0,25,18,4,47,0,0,2,0,2,0,25,20,4,49,0,0,0,49
08/13/2010,BGM,NY,AEA,EN,Combined TRACON& Tower with Radar,0,26,21,4,51,0,0,11,1,12,0,26,32,5,63,0,0,0,63
08/14/2010,BGM,NY,AEA,EN,Combined TRACON& Tower with Radar,0,22,6,0,28,0,0,5,0,5,0,22,11,0,33,12,0,12,45
08/15/2010,BGM,NY,AEA,EN,Combined TRACON& Tower with Radar,0,23,6,0,29,0,0,0,0,0,0,23,6,0,29,0,0,0,29
08/16/2010,BGM,NY,AEA,EN,Combined TRACON& Tower with Radar,0,25,7,16,48,0,0,6,0,6,0,25,13,16,54,6,34,40,94
08/17/2010,BGM,NY,AEA,EN,Combined TRACON& Tower with Radar,0,29,13,0,42,0,1,20,0,21,0,30,33,0,63,30,0,30,93
08/18/2010,BGM,NY,AEA,EN,Combined TRACON& Tower with Radar,0,29,15,0,44,0,0,18,0,18,0,29,33,0,62,48,0,48,110
08/19/2010,BGM,NY,AEA,EN,Combined TRACON& Tower with Radar,0,25,14,12,51,0,0,14,0,14,0,25,28,12,65,23,28,51,116
08/20/2010,BGM,NY,AEA,EN,Combined TRACON& Tower with Radar,0,31,5,0,36,0,0,26,1,27,0,31,31,1,63,12,0,12,75
08/21/2010,BGM,NY,AEA,EN,Combined TRACON& Tower with Radar,0,17,5,0,22,0,0,13,0,13,0,17,18,0,35,0,0,0,35
08/22/2010,BGM,NY,AEA,EN,Combined TRACON& Tower with Radar,0,21,7,0,28,0,0,0,0,0,0,21,7,0,28,0,0,0,28
08/23/2010,BGM,NY,AEA,EN,Combined TRACON& Tower with Radar,0,25,14,0,39,0,0,0,0,0,0,25,14,0,39,0,0,0,39
08/24/2010,BGM,NY,AEA,EN,Combined TRACON& Tower with Radar,0,28,22,5,55,0,0,5,1,6,0,28,27,6,61,0,10,10,71
08/25/2010,BGM,NY,AEA,EN,Combined TRACON& Tower with Radar,0,23,14,0,37,0,0,6,0,6,0,23,20,0,43,6,0,6,49
08/26/2010,BGM,NY,AEA,EN,Combined TRACON& Tower with Radar,0,25,28,0,53,0,1,19,0,20,0,26,47,0,73,20,0,20,93
08/27/2010,BGM,NY,AEA,EN,Combined TRACON& Tower with Radar,0,30,11,0,41,0,0,23,0,23,0,30,34,0,64,8,0,8,72
08/28/2010,BGM,NY,AEA,EN,Combined TRACON& Tower with Radar,0,17,3,0,20,0,0,14,0,14,0,17,17,0,34,8,0,8,42
08/29/2010,BGM,NY,AEA,EN,Combined TRACON& Tower with Radar,0,21,10,0,31,0,1,15,0,16,0,22,25,0,47,0,0,0,47
08/30/2010,BGM,NY,AEA,EN,Combined TRACON& Tower with Radar,0,20,21,0,41,0,0,23,0,23,0,20,44,0,64,0,0,0,64
08/31/2010,BGM,NY,AEA,EN,Combined TRACON& Tower with Radar,0,24,5,4,33,0,0,15,0,15,0,24,20,4,48,20,0,20,68
09/01/2010,BGM,NY,AEA,EN,Combined TRACON& Tower with Radar,0,30,7,2,39,0,0,9,1,10,0,30,16,3,49,14,0,14,63
09/02/2010,BGM,NY,AEA,EN,Combined TRACON& Tower with Radar,0,25,14,0,39,0,0,10,0,10,0,25,24,0,49,0,0,0,49
09/03/2010,BGM,NY,AEA,EN,Combined TRACON& Tower with Radar,0,27,13,0,40,0,0,14,0,14,0,27,27,0,54,30,0,30,84
09/04/2010,BGM,NY,AEA,EN,Combined TRACON& Tower with Radar,0,17,6,0,23,0,0,23,0,23,0,17,29,0,46,18,0,18,64
09/05/2010,BGM,NY,AEA,EN,Combined TRACON& Tower with Radar,0,14,6,0,20,0,0,7,0,7,0,14,13,0,27,0,0,0,27
09/06/2010,BGM,NY,AEA,EN,Combined TRACON& Tower with Radar,0,20,4,0,24,0,0,14,0,14,0,20,18,0,38,14,0,14,52
09/07/2010,BGM,NY,AEA,EN,Combined TRACON& Tower with Radar,0,25,18,0,43,0,0,28,0,28,0,25,46,0,71,12,0,12,83
09/08/2010,BGM,NY,AEA,EN,Combined TRACON& Tower with Radar,0,24,14,10,48,0,0,10,0,10,0,24,24,10,58,10,0,10,68
09/09/2010,BGM,NY,AEA,EN,Combined TRACON& Tower with Radar,0,26,19,8,53,0,0,4,0,4,0,26,23,8,57,4,0,4,61
09/10/2010,BGM,NY,AEA,EN,Combined TRACON& Tower with Radar,0,24,11,0,35,0,0,13,0,13,0,24,24,0,48,0,0,0,48
09/11/2010,BGM,NY,AEA,EN,Combined TRACON& Tower with Radar,0,18,22,0,40,0,0,28,0,28,0,18,50,0,68,6,0,6,74
09/12/2010,BGM,NY,AEA,EN,Combined TRACON& Tower with Radar,0,21,17,0,38,0,0,0,0,0,0,21,17,0,38,36,0,36,74
09/13/2010,BGM,NY,AEA,EN,Combined TRACON& Tower with Radar,0,20,12,2,34,0,0,12,0,12,0,20,24,2,46,0,0,0,46
09/14/2010,BGM,NY,AEA,EN,Combined TRACON& Tower with Radar,0,21,12,0,33,0,0,17,0,17,0,21,29,0,50,16,0,16,66
09/15/2010,BGM,NY,AEA,EN,Combined TRACON& Tower with Radar,0,22,26,8,56,0,0,24,4,28,0,22,50,12,84,14,6,20,104
09/16/2010,BGM,NY,AEA,EN,Combined TRACON& Tower with Radar,0,24,7,2,33,0,0,5,0,5,0,24,12,2,38,16,0,16,54
09/17/2010,BGM,NY,AEA,EN,Combined TRACON& Tower with Radar,0,23,14,0,37,0,0,0,0,0,0,23,14,0,37,20,0,20,57
09/18/2010,BGM,NY,AEA,EN,Combined TRACON& Tower with Radar,0,18,10,0,28,0,0,10,0,10,0,18,20,0,38,0,0,0,38
09/19/2010,BGM,NY,AEA,EN,Combined TRACON& Tower with Radar,0,21,15,0,36,0,0,10,0,10,0,21,25,0,46,0,0,0,46
09/20/2010,BGM,NY,AEA,EN,Combined TRACON& Tower with Radar,0,22,12,0,34,0,0,26,4,30,0,22,38,4,64,4,0,4,68
09/21/2010,BGM,NY,AEA,EN,Combined TRACON& Tower with Radar,0,21,15,1,37,0,0,32,0,32,0,21,47,1,69,12,0,12,81
09/22/2010,BGM,NY,AEA,EN,Combined TRACON& Tower with Radar,0,23,11,0,34,0,0,19,3,22,0,23,30,3,56,4,0,4,60
09/23/2010,BGM,NY,AEA,EN,Combined TRACON& Tower with Radar,0,22,16,0,38,0,0,31,0,31,0,22,47,0,69,28,0,28,97
09/24/2010,BGM,NY,AEA,EN,Combined TRACON& Tower with Radar,0,21,10,0,31,0,0,10,0,10,0,21,20,0,41,0,0,0,41
09/25/2010,BGM,NY,AEA,EN,Combined TRACON& Tower with Radar,0,18,7,0,25,0,0,12,2,14,0,18,19,2,39,0,0,0,39
09/26/2010,BGM,NY,AEA,EN,Combined TRACON& Tower with Radar,0,21,1,0,22,0,0,20,0,20,0,21,21,0,42,12,0,12,54
09/27/2010,BGM,NY,AEA,EN,Combined TRACON& Tower with Radar,0,21,8,0,29,0,0,0,0,0,0,21,8,0,29,0,0,0,29
09/28/2010,BGM,NY,AEA,EN,Combined TRACON& Tower with Radar,0,22,10,8,40,0,0,0,0,0,0,22,10,8,40,0,0,0,40
09/29/2010,BGM,NY,AEA,EN,Combined TRACON& Tower with Radar,0,24,30,18,72,0,0,27,0,27,0,24,57,18,99,32,16,48,147
09/30/2010,BGM,NY,AEA,EN,Combined TRACON& Tower with Radar,0,25,8,0,33,0,0,0,0,0,0,25,8,0,33,0,0,0,33
10/01/2010,BGM,NY,AEA,EN,Combined TRACON& Tower with Radar,0,29,17,0,46,0,1,9,0,10,0,30,26,0,56,0,0,0,56
10/02/2010,BGM,NY,AEA,EN,Combined TRACON& Tower with Radar,0,20,10,0,30,0,0,20,0,20,0,20,30,0,50,8,0,8,58
10/03/2010,BGM,NY,AEA,EN,Combined TRACON& Tower with Radar,0,22,6,0,28,0,0,15,0,15,0,22,21,0,43,10,0,10,53
10/04/2010,BGM,NY,AEA,EN,Combined TRACON& Tower with Radar,0,19,8,2,29,0,0,1,0,1,0,19,9,2,30,0,0,0,30
10/05/2010,BGM,NY,AEA,EN,Combined TRACON& Tower with Radar,0,22,10,0,32,0,0,0,0,0,0,22,10,0,32,0,0,0,32
10/06/2010,BGM,NY,AEA,EN,Combined TRACON& Tower with Radar,0,24,17,4,45,0,0,4,0,4,0,24,21,4,49,18,10,28,77
10/07/2010,BGM,NY,AEA,EN,Combined TRACON& Tower with Radar,0,26,18,0,44,0,0,7,2,9,0,26,25,2,53,28,0,28,81
10/08/2010,BGM,NY,AEA,EN,Combined TRACON& Tower with Radar,0,25,9,0,34,0,1,18,0,19,0,26,27,0,53,24,0,24,77
10/09/2010,BGM,NY,AEA,EN,Combined TRACON& Tower with Radar,0,17,5,0,22,0,0,14,0,14,0,17,19,0,36,19,0,19,55
10/10/2010,BGM,NY,AEA,EN,Combined TRACON& Tower with Radar,0,20,9,0,29,0,1,34,0,35,0,21,43,0,64,2,0,2,66
10/11/2010,BGM,NY,AEA,EN,Combined TRACON& Tower with Radar,0,23,16,0,39,0,0,10,0,10,0,23,26,0,49,0,0,0,49
10/12/2010,BGM,NY,AEA,EN,Combined TRACON& Tower with Radar,0,25,11,2,38,0,0,18,0,18,0,25,29,2,56,18,0,18,74
10/13/2010,BGM,NY,AEA,EN,Combined TRACON& Tower with Radar,0,28,11,2,41,0,0,34,0,34,0,28,45,2,75,39,0,39,114
10/14/2010,BGM,NY,AEA,EN,Combined TRACON& Tower with Radar,0,25,23,4,52,0,0,6,0,6,0,25,29,4,58,22,0,22,80
10/15/2010,BGM,NY,AEA,EN,Combined TRACON& Tower with Radar,0,28,5,0,33,0,0,0,0,0,0,28,5,0,33,0,0,0,33
10/16/2010,BGM,NY,AEA,EN,Combined TRACON& Tower with Radar,0,16,6,0,22,0,0,2,0,2,0,16,8,0,24,28,0,28,52
10/17/2010,BGM,NY,AEA,EN,Combined TRACON& Tower with Radar,0,24,10,0,34,0,0,11,0,11,0,24,21,0,45,10,0,10,55
10/18/2010,BGM,NY,AEA,EN,Combined TRACON& Tower with Radar,0,23,8,0,31,0,0,10,0,10,0,23,18,0,41,20,0,20,61
10/19/2010,BGM,NY,AEA,EN,Combined TRACON& Tower with Radar,0,23,9,0,32,0,0,8,0,8,0,23,17,0,40,24,0,24,64
10/20/2010,BGM,NY,AEA,EN,Combined TRACON& Tower with Radar,0,21,12,0,33,0,0,19,0,19,0,21,31,0,52,12,0,12,64
10/21/2010,BGM,NY,AEA,EN,Combined TRACON& Tower with Radar,0,27,16,0,43,0,0,4,2,6,0,27,20,2,49,0,0,0,49
10/22/2010,BGM,NY,AEA,EN,Combined TRACON& Tower with Radar,0,26,6,0,32,0,0,4,0,4,0,26,10,0,36,18,0,18,54
10/23/2010,BGM,NY,AEA,EN,Combined TRACON& Tower with Radar,0,16,10,0,26,0,0,30,0,30,0,16,40,0,56,14,0,14,70
10/24/2010,BGM,NY,AEA,EN,Combined TRACON& Tower with Radar,0,21,12,0,33,0,0,12,0,12,0,21,24,0,45,28,0,28,73
10/25/2010,BGM,NY,AEA,EN,Combined TRACON& Tower with Radar,0,21,13,0,34,0,0,8,0,8,0,21,21,0,42,2,0,2,44
10/26/2010,BGM,NY,AEA,EN,Combined TRACON& Tower with Radar,0,26,13,0,39,0,0,7,0,7,0,26,20,0,46,0,0,0,46
10/27/2010,BGM,NY,AEA,EN,Combined TRACON& Tower with Radar,0,25,4,0,29,0,0,15,0,15,0,25,19,0,44,44,0,44,88
10/28/2010,BGM,NY,AEA,EN,Combined TRACON& Tower with Radar,0,23,6,0,29,0,0,7,2,9,0,23,13,2,38,8,0,8,46
10/29/2010,BGM,NY,AEA,EN,Combined TRACON& Tower with Radar,0,27,7,0,34,0,0,5,2,7,0,27,12,2,41,8,0,8,49
10/30/2010,BGM,NY,AEA,EN,Combined TRACON& Tower with Radar,0,18,5,0,23,0,0,10,0,10,0,18,15,0,33,28,0,28,61
10/31/2010,BGM,NY,AEA,EN,Combined TRACON& Tower with Radar,0,18,8,0,26,0,0,0,0,0,0,18,8,0,26,0,0,0,26
11/01/2010,BGM,NY,AEA,EN,Combined TRACON& Tower with Radar,0,22,5,0,27,0,0,5,0,5,0,22,10,0,32,0,0,0,32
11/02/2010,BGM,NY,AEA,EN,Combined TRACON& Tower with Radar,0,26,17,0,43,0,1,19,0,20,0,27,36,0,63,2,0,2,65
11/03/2010,BGM,NY,AEA,EN,Combined TRACON& Tower with Radar,0,24,13,4,41,0,0,31,2,33,0,24,44,6,74,16,0,16,90
11/04/2010,BGM,NY,AEA,EN,Combined TRACON& Tower with Radar,0,27,5,0,32,0,0,0,0,0,0,27,5,0,32,0,0,0,32
11/05/2010,BGM,NY,AEA,EN,Combined TRACON& Tower with Radar,0,21,0,0,21,0,0,0,0,0,0,21,0,0,21,0,0,0,21
11/06/2010,BGM,NY,AEA,EN,Combined TRACON& Tower with Radar,0,19,0,0,19,0,0,3,0,3,0,19,3,0,22,14,0,14,36
11/07/2010,BGM,NY,AEA,EN,Combined TRACON& Tower with Radar,0,20,13,0,33,0,2,19,0,21,0,22,32,0,54,12,0,12,66
11/08/2010,BGM,NY,AEA,EN,Combined TRACON& Tower with Radar,0,23,7,0,30,0,0,0,0,0,0,23,7,0,30,0,0,0,30
11/09/2010,BGM,NY,AEA,EN,Combined TRACON& Tower with Radar,0,28,19,0,47,0,0,2,0,2,0,28,21,0,49,8,0,8,57
11/10/2010,BGM,NY,AEA,EN,Combined TRACON& Tower with Radar,0,25,22,0,47,0,0,15,0,15,0,25,37,0,62,10,0,10,72
11/11/2010,BGM,NY,AEA,EN,Combined TRACON& Tower with Radar,0,25,10,0,35,0,0,27,0,27,0,25,37,0,62,48,0,48,110
11/12/2010,BGM,NY,AEA,EN,Combined TRACON& Tower with Radar,0,25,17,0,42,0,0,26,1,27,0,25,43,1,69,22,12,34,103
11/13/2010,BGM,NY,AEA,EN,Combined TRACON& Tower with Radar,0,18,11,0,29,0,0,19,0,19,0,18,30,0,48,26,0,26,74
11/14/2010,BGM,NY,AEA,EN,Combined TRACON& Tower with Radar,0,19,16,0,35,0,0,27,0,27,0,19,43,0,62,12,0,12,74
11/15/2010,BGM,NY,AEA,EN,Combined TRACON& Tower with Radar,0,23,10,5,38,0,0,10,0,10,0,23,20,5,48,8,30,38,86
11/16/2010,BGM,NY,AEA,EN,Combined TRACON& Tower with Radar,0,24,8,0,32,0,0,4,0,4,0,24,12,0,36,2,0,2,38
11/17/2010,BGM,NY,AEA,EN,Combined TRACON& Tower with Radar,0,26,12,0,38,0,0,1,0,1,0,26,13,0,39,0,0,0,39
11/18/2010,BGM,NY,AEA,EN,Combined TRACON& Tower with Radar,0,28,2,0,30,0,1,2,0,3,0,29,4,0,33,0,0,0,33
11/19/2010,BGM,NY,AEA,EN,Combined TRACON& Tower with Radar,0,28,12,0,40,0,0,9,2,11,0,28,21,2,51,0,0,0,51
11/20/2010,BGM,NY,AEA,EN,Combined TRACON& Tower with Radar,0,22,7,0,29,0,0,6,0,6,0,22,13,0,35,0,0,0,35
11/21/2010,BGM,NY,AEA,EN,Combined TRACON& Tower with Radar,0,20,10,0,30,0,0,9,0,9,0,20,19,0,39,0,0,0,39
11/22/2010,BGM,NY,AEA,EN,Combined TRACON& Tower with Radar,0,25,10,0,35,0,0,4,0,4,0,25,14,0,39,0,0,0,39
11/23/2010,BGM,NY,AEA,EN,Combined TRACON& Tower with Radar,0,25,11,0,36,0,0,5,6,11,0,25,16,6,47,0,0,0,47
11/24/2010,BGM,NY,AEA,EN,Combined TRACON& Tower with Radar,0,31,6,0,37,0,0,9,0,9,0,31,15,0,46,20,0,20,66
11/25/2010,BGM,NY,AEA,EN,Combined TRACON& Tower with Radar,0,15,0,0,15,0,0,0,0,0,0,15,0,0,15,0,0,0,15
11/26/2010,BGM,NY,AEA,EN,Combined TRACON& Tower with Radar,0,19,0,0,19,0,0,0,0,0,0,19,0,0,19,0,0,0,19
11/27/2010,BGM,NY,AEA,EN,Combined TRACON& Tower with Radar,0,20,8,0,28,0,0,0,0,0,0,20,8,0,28,0,0,0,28
11/28/2010,BGM,NY,AEA,EN,Combined TRACON& Tower with Radar,0,22,12,0,34,0,0,16,0,16,0,22,28,0,50,0,0,0,50
11/29/2010,BGM,NY,AEA,EN,Combined TRACON& Tower with Radar,0,23,11,0,34,0,1,16,0,17,0,24,27,0,51,1,0,1,52
11/30/2010,BGM,NY,AEA,EN,Combined TRACON& Tower with Radar,0,24,12,0,36,0,0,0,0,0,0,24,12,0,36,0,0,0,36
12/01/2010,BGM,NY,AEA,EN,Combined TRACON& Tower with Radar,0,26,6,0,32,0,0,0,0,0,0,26,6,0,32,0,0,0,32
12/02/2010,BGM,NY,AEA,EN,Combined TRACON& Tower with Radar,0,26,12,2,40,0,0,11,2,13,0,26,23,4,53,24,0,24,77
12/03/2010,BGM,NY,AEA,EN,Combined TRACON& Tower with Radar,0,28,6,0,34,0,0,11,0,11,0,28,17,0,45,0,0,0,45
12/04/2010,BGM,NY,AEA,EN,Combined TRACON& Tower with Radar,0,20,2,0,22,0,1,0,0,1,0,21,2,0,23,0,0,0,23
12/05/2010,BGM,NY,AEA,EN,Combined TRACON& Tower with Radar,0,20,4,0,24,0,0,0,0,0,0,20,4,0,24,0,0,0,24
12/06/2010,BGM,NY,AEA,EN,Combined TRACON& Tower with Radar,0,20,6,5,31,0,0,0,0,0,0,20,6,5,31,0,0,0,31
12/07/2010,BGM,NY,AEA,EN,Combined TRACON& Tower with Radar,0,26,9,2,37,0,0,0,0,0,0,26,9,2,37,0,0,0,37
12/08/2010,BGM,NY,AEA,EN,Combined TRACON& Tower with Radar,0,26,5,0,31,0,0,5,0,5,0,26,10,0,36,0,0,0,36
12/09/2010,BGM,NY,AEA,EN,Combined TRACON& Tower with Radar,0,26,17,8,51,0,0,9,0,9,0,26,26,8,60,8,0,8,68
12/10/2010,BGM,NY,AEA,EN,Combined TRACON& Tower with Radar,0,25,10,0,35,0,0,4,0,4,0,25,14,0,39,6,0,6,45
12/11/2010,BGM,NY,AEA,EN,Combined TRACON& Tower with Radar,0,19,15,1,35,0,0,23,1,24,0,19,38,2,59,22,0,22,81
12/12/2010,BGM,NY,AEA,EN,Combined TRACON& Tower with Radar,0,15,2,0,17,0,0,1,0,1,0,15,3,0,18,0,0,0,18
12/13/2010,BGM,NY,AEA,EN,Combined TRACON& Tower with Radar,0,17,4,0,21,0,0,0,0,0,0,17,4,0,21,0,0,0,21
12/14/2010,BGM,NY,AEA,EN,Combined TRACON& Tower with Radar,0,21,8,2,31,0,0,0,0,0,0,21,8,2,31,0,0,0,31
12/15/2010,BGM,NY,AEA,EN,Combined TRACON& Tower with Radar,0,27,13,0,40,0,0,1,0,1,0,27,14,0,41,0,0,0,41
12/16/2010,BGM,NY,AEA,EN,Combined TRACON& Tower with Radar,0,25,7,12,44,0,0,12,0,12,0,25,19,12,56,6,24,30,86
12/17/2010,BGM,NY,AEA,EN,Combined TRACON& Tower with Radar,0,26,9,1,36,0,0,3,1,4,0,26,12,2,40,0,0,0,40
12/18/2010,BGM,NY,AEA,EN,Combined TRACON& Tower with Radar,0,19,6,0,25,0,0,17,0,17,0,19,23,0,42,46,0,46,88
12/19/2010,BGM,NY,AEA,EN,Combined TRACON& Tower with Radar,0,20,15,0,35,0,0,15,0,15,0,20,30,0,50,6,0,6,56
12/20/2010,BGM,NY,AEA,EN,Combined TRACON& Tower with Radar,0,23,6,0,29,0,0,0,0,0,0,23,6,0,29,0,0,0,29
12/21/2010,BGM,NY,AEA,EN,Combined TRACON& Tower with Radar,0,24,12,0,36,0,0,3,0,3,0,24,15,0,39,0,0,0,39
12/22/2010,BGM,NY,AEA,EN,Combined TRACON& Tower with Radar,0,25,16,0,41,0,0,2,0,2,0,25,18,0,43,0,0,0,43
12/23/2010,BGM,NY,AEA,EN,Combined TRACON& Tower with Radar,0,32,6,0,38,0,0,0,0,0,0,32,6,0,38,0,0,0,38
12/24/2010,BGM,NY,AEA,EN,Combined TRACON& Tower with Radar,0,22,2,0,24,0,0,0,0,0,0,22,2,0,24,14,0,14,38
12/25/2010,BGM,NY,AEA,EN,Combined TRACON& Tower with Radar,0,14,0,0,14,0,0,0,0,0,0,14,0,0,14,0,0,0,14
12/26/2010,BGM,NY,AEA,EN,Combined TRACON& Tower with Radar,0,12,0,0,12,0,0,0,0,0,0,12,0,0,12,0,0,0,12
12/27/2010,BGM,NY,AEA,EN,Combined TRACON& Tower with Radar,0,8,2,0,10,0,0,0,0,0,0,8,2,0,10,0,0,0,10
12/28/2010,BGM,NY,AEA,EN,Combined TRACON& Tower with Radar,0,29,4,0,33,0,0,3,0,3,0,29,7,0,36,0,0,0,36
12/29/2010,BGM,NY,AEA,EN,Combined TRACON& Tower with Radar,0,26,1,2,29,0,0,2,0,2,0,26,3,2,31,14,0,14,45
12/30/2010,BGM,NY,AEA,EN,Combined TRACON& Tower with Radar,0,27,10,0,37,0,0,29,0,29,0,27,39,0,66,24,0,24,90
12/31/2010,BGM,NY,AEA,EN,Combined TRACON& Tower with Radar,0,21,6,0,27,0,0,12,0,12,0,21,18,0,39,16,0,16,55
01/01/2011,BGM,NY,AEA,EN,Combined TRACON& Tower with Radar,0,14,7,0,21,0,0,9,0,9,0,14,16,0,30,0,0,0,30
01/02/2011,BGM,NY,AEA,EN,Combined TRACON& Tower with Radar,0,21,3,0,24,0,0,8,0,8,0,21,11,0,32,5,0,5,37
01/03/2011,BGM,NY,AEA,EN,Combined TRACON& Tower with Radar,0,22,7,0,29,0,0,14,0,14,0,22,21,0,43,12,0,12,55
01/04/2011,BGM,NY,AEA,EN,Combined TRACON& Tower with Radar,0,24,13,4,41,0,0,13,0,13,0,24,26,4,54,18,0,18,72
01/05/2011,BGM,NY,AEA,EN,Combined TRACON& Tower with Radar,0,24,9,0,33,0,0,2,0,2,0,24,11,0,35,0,0,0,35
01/06/2011,BGM,NY,AEA,EN,Combined TRACON& Tower with Radar,0,23,9,0,32,0,0,15,0,15,0,23,24,0,47,22,0,22,69
01/07/2011,BGM,NY,AEA,EN,Combined TRACON& Tower with Radar,0,19,3,0,22,0,0,1,0,1,0,19,4,0,23,0,0,0,23
01/08/2011,BGM,NY,AEA,EN,Combined TRACON& Tower with Radar,0,16,4,0,20,0,0,2,0,2,0,16,6,0,22,0,0,0,22
01/09/2011,BGM,NY,AEA,EN,Combined TRACON& Tower with Radar,0,19,1,0,20,0,0,0,0,0,0,19,1,0,20,0,0,0,20
01/10/2011,BGM,NY,AEA,EN,Combined TRACON& Tower with Radar,0,22,2,0,24,0,1,8,0,9,0,23,10,0,33,0,0,0,33
01/11/2011,BGM,NY,AEA,EN,Combined TRACON& Tower with Radar,0,18,8,0,26,0,0,4,0,4,0,18,12,0,30,8,0,8,38
01/12/2011,BGM,NY,AEA,EN,Combined TRACON& Tower with Radar,0,22,3,0,25,0,0,0,0,0,0,22,3,0,25,0,0,0,25
01/13/2011,BGM,NY,AEA,EN,Combined TRACON& Tower with Radar,0,23,2,0,25,0,0,2,0,2,0,23,4,0,27,10,0,10,37
01/14/2011,BGM,NY,AEA,EN,Combined TRACON& Tower with Radar,0,24,7,0,31,0,0,9,0,9,0,24,16,0,40,26,0,26,66
01/15/2011,BGM,NY,AEA,EN,Combined TRACON& Tower with Radar,0,17,5,0,22,0,0,3,0,3,0,17,8,0,25,6,0,6,31
01/16/2011,BGM,NY,AEA,EN,Combined TRACON& Tower with Radar,0,17,6,0,23,0,0,4,0,4,0,17,10,0,27,0,0,0,27
01/17/2011,BGM,NY,AEA,EN,Combined TRACON& Tower with Radar,0,19,16,0,35,0,0,9,0,9,0,19,25,0,44,0,0,0,44
01/18/2011,BGM,NY,AEA,EN,Combined TRACON& Tower with Radar,0,15,8,0,23,0,0,0,0,0,0,15,8,0,23,6,0,6,29
01/19/2011,BGM,NY,AEA,EN,Combined TRACON& Tower with Radar,0,21,4,10,35,0,0,0,0,0,0,21,4,10,35,0,6,6,41
01/20/2011,BGM,NY,AEA,EN,Combined TRACON& Tower with Radar,0,23,14,0,37,0,0,7,0,7,0,23,21,0,44,32,0,32,76
01/21/2011,BGM,NY,AEA,EN,Combined TRACON& Tower with Radar,0,27,10,0,37,0,0,1,0,1,0,27,11,0,38,6,0,6,44
01/22/2011,BGM,NY,AEA,EN,Combined TRACON& Tower with Radar,0,17,9,0,26,0,0,7,0,7,0,17,16,0,33,6,0,6,39
01/23/2011,BGM,NY,AEA,EN,Combined TRACON& Tower with Radar,0,17,2,0,19,0,0,2,0,2,0,17,4,0,21,6,0,6,27
01/24/2011,BGM,NY,AEA,EN,Combined TRACON& Tower with Radar,0,19,15,0,34,0,0,3,0,3,0,19,18,0,37,0,0,0,37
01/25/2011,BGM,NY,AEA,EN,Combined TRACON& Tower with Radar,0,23,13,0,36,0,0,2,0,2,0,23,15,0,38,6,0,6,44
01/26/2011,BGM,NY,AEA,EN,Combined TRACON& Tower with Radar,0,17,12,0,29,0,0,4,0,4,0,17,16,0,33,2,0,2,35
01/27/2011,BGM,NY,AEA,EN,Combined TRACON& Tower with Radar,0,14,6,0,20,0,0,3,0,3,0,14,9,0,23,28,0,28,51
01/28/2011,BGM,NY,AEA,EN,Combined TRACON& Tower with Radar,0,24,9,0,33,0,0,1,0,1,0,24,10,0,34,0,0,0,34
01/29/2011,BGM,NY,AEA,EN,Combined TRACON& Tower with Radar,0,17,0,0,17,0,0,5,0,5,0,17,5,0,22,0,0,0,22
01/30/2011,BGM,NY,AEA,EN,Combined TRACON& Tower with Radar,1,20,3,0,24,0,0,2,0,2,1,20,5,0,26,8,0,8,34
01/31/2011,BGM,NY,AEA,EN,Combined TRACON& Tower with Radar,1,22,9,0,32,0,0,18,0,18,1,22,27,0,50,24,0,24,74
02/01/2011,BGM,NY,AEA,EN,Combined TRACON& Tower with Radar,0,5,0,0,5,0,0,0,0,0,0,5,0,0,5,0,0,0,5
02/02/2011,BGM,NY,AEA,EN,Combined TRACON& Tower with Radar,0,23,13,0,36,0,0,0,0,0,0,23,13,0,36,0,0,0,36
02/03/2011,BGM,NY,AEA,EN,Combined TRACON& Tower with Radar,0,25,20,0,45,0,0,10,1,11,0,25,30,1,56,2,0,2,58
02/04/2011,BGM,NY,AEA,EN,Combined TRACON& Tower with Radar,0,26,10,0,36,0,0,14,0,14,0,26,24,0,50,12,0,12,62
02/05/2011,BGM,NY,AEA,EN,Combined TRACON& Tower with Radar,0,11,6,0,17,0,0,4,0,4,0,11,10,0,21,0,0,0,21
02/06/2011,BGM,NY,AEA,EN,Combined TRACON& Tower with Radar,0,18,9,0,27,0,0,10,0,10,0,18,19,0,37,0,0,0,37
02/07/2011,BGM,NY,AEA,EN,Combined TRACON& Tower with Radar,0,20,14,0,34,0,1,3,1,5,0,21,17,1,39,0,0,0,39
02/08/2011,BGM,NY,AEA,EN,Combined TRACON& Tower with Radar,0,23,13,0,36,0,0,0,0,0,0,23,13,0,36,0,0,0,36
02/09/2011,BGM,NY,AEA,EN,Combined TRACON& Tower with Radar,0,25,20,0,45,0,0,10,0,10,0,25,30,0,55,18,0,18,73
02/10/2011,BGM,NY,AEA,EN,Combined TRACON& Tower with Radar,0,27,10,0,37,0,0,19,0,19,0,27,29,0,56,42,0,42,98
02/11/2011,BGM,NY,AEA,EN,Combined TRACON& Tower with Radar,0,26,5,0,31,0,0,18,2,20,0,26,23,2,51,0,0,0,51
02/12/2011,BGM,NY,AEA,EN,Combined TRACON& Tower with Radar,0,17,0,0,17,0,0,0,0,0,0,17,0,0,17,0,0,0,17
02/13/2011,BGM,NY,AEA,EN,Combined TRACON& Tower with Radar,0,19,6,0,25,0,0,7,0,7,0,19,13,0,32,12,0,12,44
02/14/2011,BGM,NY,AEA,EN,Combined TRACON& Tower with Radar,0,21,3,0,24,0,0,3,0,3,0,21,6,0,27,0,0,0,27
02/15/2011,BGM,NY,AEA,EN,Combined TRACON& Tower with Radar,0,21,12,15,48,0,0,15,0,15,0,21,27,15,63,18,6,24,87
02/16/2011,BGM,NY,AEA,EN,Combined TRACON& Tower with Radar,0,24,5,0,29,0,0,16,0,16,0,24,21,0,45,20,0,20,65
02/17/2011,BGM,NY,AEA,EN,Combined TRACON& Tower with Radar,0,23,19,0,42,0,0,12,0,12,0,23,31,0,54,6,0,6,60
02/18/2011,BGM,NY,AEA,EN,Combined TRACON& Tower with Radar,0,22,8,0,30,0,0,2,2,4,0,22,10,2,34,0,0,0,34
02/19/2011,BGM,NY,AEA,EN,Combined TRACON& Tower with Radar,0,7,0,0,7,0,0,0,0,0,0,7,0,0,7,0,0,0,7
02/20/2011,BGM,NY,AEA,EN,Combined TRACON& Tower with Radar,0,18,14,0,32,0,0,13,0,13,0,18,27,0,45,32,0,32,77
02/21/2011,BGM,NY,AEA,EN,Combined TRACON& Tower with Radar,0,18,9,0,27,0,0,6,0,6,0,18,15,0,33,16,0,16,49
02/22/2011,BGM,NY,AEA,EN,Combined TRACON& Tower with Radar,0,22,12,0,34,0,0,17,0,17,0,22,29,0,51,18,0,18,69
02/23/2011,BGM,NY,AEA,EN,Combined TRACON& Tower with Radar,0,24,3,6,33,0,0,8,2,10,0,24,11,8,43,4,8,12,55
02/24/2011,BGM,NY,AEA,EN,Combined TRACON& Tower with Radar,0,26,9,0,35,0,0,12,0,12,0,26,21,0,47,34,0,34,81
02/25/2011,BGM,NY,AEA,EN,Combined TRACON& Tower with Radar,0,2,1,0,3,0,0,0,0,0,0,2,1,0,3,0,0,0,3
02/26/2011,BGM,NY,AEA,EN,Combined TRACON& Tower with Radar,0,15,4,0,19,0,0,1,0,1,0,15,5,0,20,20,0,20,40
02/27/2011,BGM,NY,AEA,EN,Combined TRACON& Tower with Radar,0,23,5,0,28,0,0,5,0,5,0,23,10,0,33,18,0,18,51
02/28/2011,BGM,NY,AEA,EN,Combined TRACON& Tower with Radar,0,20,11,5,36,0,0,1,0,1,0,20,12,5,37,0,6,6,43
03/01/2011,BGM,NY,AEA,EN,Combined TRACON& Tower with Radar,0,23,11,13,47,0,0,19,3,22,0,23,30,16,69,42,30,72,141
03/02/2011,BGM,NY,AEA,EN,Combined TRACON& Tower with Radar,0,24,6,2,32,0,0,2,0,2,0,24,8,2,34,0,0,0,34
03/03/2011,BGM,NY,AEA,EN,Combined TRACON& Tower with Radar,0,27,20,0,47,0,0,24,5,29,0,27,44,5,76,14,0,14,90
03/04/2011,BGM,NY,AEA,EN,Combined TRACON& Tower with Radar,0,25,2,0,27,0,0,7,0,7,0,25,9,0,34,30,0,30,64
03/05/2011,BGM,NY,AEA,EN,Combined TRACON& Tower with Radar,0,18,4,0,22,0,0,0,0,0,0,18,4,0,22,0,0,0,22
03/06/2011,BGM,NY,AEA,EN,Combined TRACON& Tower with Radar,0,13,0,0,13,0,0,0,0,0,0,13,0,0,13,0,0,0,13
03/07/2011,BGM,NY,AEA,EN,Combined TRACON& Tower with Radar,0,10,0,0,10,0,0,0,0,0,0,10,0,0,10,0,0,0,10
03/08/2011,BGM,NY,AEA,EN,Combined TRACON& Tower with Radar,0,23,12,0,35,0,0,21,0,21,0,23,33,0,56,102,0,102,158
03/09/2011,BGM,NY,AEA,EN,Combined TRACON& Tower with Radar,0,23,11,0,34,0,0,0,0,0,0,23,11,0,34,14,0,14,48
03/10/2011,BGM,NY,AEA,EN,Combined TRACON& Tower with Radar,0,24,11,0,35,0,0,0,0,0,0,24,11,0,35,0,0,0,35
03/11/2011,BGM,NY,AEA,EN,Combined TRACON& Tower with Radar,0,26,10,0,36,0,0,7,0,7,0,26,17,0,43,26,0,26,69
03/12/2011,BGM,NY,AEA,EN,Combined TRACON& Tower with Radar,0,19,5,0,24,0,0,6,0,6,0,19,11,0,30,68,0,68,98
03/13/2011,BGM,NY,AEA,EN,Combined TRACON& Tower with Radar,0,26,1,0,27,0,0,0,0,0,0,26,1,0,27,0,0,0,27
03/14/2011,BGM,NY,AEA,EN,Combined TRACON& Tower with Radar,0,22,9,0,31,0,0,8,0,8,0,22,17,0,39,30,0,30,69
03/15/2011,BGM,NY,AEA,EN,Combined TRACON& Tower with Radar,0,24,15,1,40,0,0,21,0,21,0,24,36,1,61,12,0,12,73
03/16/2011,BGM,NY,AEA,EN,Combined TRACON& Tower with Radar,0,23,3,0,26,0,0,4,0,4,0,23,7,0,30,2,0,2,32
03/17/2011,BGM,NY,AEA,EN,Combined TRACON& Tower with Radar,0,25,21,2,48,0,0,39,0,39,0,25,60,2,87,52,0,52,139
03/18/2011,BGM,NY,AEA,EN,Combined TRACON& Tower with Radar,0,25,9,0,34,0,0,19,0,19,0,25,28,0,53,56,0,56,109
03/19/2011,BGM,NY,AEA,EN,Combined TRACON& Tower with Radar,0,21,2,0,23,0,0,10,0,10,0,21,12,0,33,24,0,24,57
03/20/2011,BGM,NY,AEA,EN,Combined TRACON& Tower with Radar,0,23,2,0,25,0,0,41,0,41,0,23,43,0,66,56,0,56,122
03/21/2011,BGM,NY,AEA,EN,Combined TRACON& Tower with Radar,0,23,8,0,31,0,0,0,0,0,0,23,8,0,31,0,0,0,31
03/22/2011,BGM,NY,AEA,EN,Combined TRACON& Tower with Radar,0,23,10,0,33,0,0,4,0,4,0,23,14,0,37,0,0,0,37
03/23/2011,BGM,NY,AEA,EN,Combined TRACON& Tower with Radar,0,12,12,2,26,0,0,0,0,0,0,12,12,2,26,0,0,0,26
03/24/2011,BGM,NY,AEA,EN,Combined TRACON& Tower with Radar,0,22,10,0,32,0,0,10,0,10,0,22,20,0,42,6,0,6,48
03/25/2011,BGM,NY,AEA,EN,Combined TRACON& Tower with Radar,0,25,27,0,52,0,0,13,0,13,0,25,40,0,65,22,0,22,87
03/26/2011,BGM,NY,AEA,EN,Combined TRACON& Tower with Radar,0,25,17,0,42,0,0,23,0,23,0,25,40,0,65,30,0,30,95
03/27/2011,BGM,NY,AEA,EN,Combined TRACON& Tower with Radar,0,23,5,0,28,0,0,17,0,17,0,23,22,0,45,0,0,0,45
03/28/2011,BGM,NY,AEA,EN,Combined TRACON& Tower with Radar,0,21,11,2,34,0,0,14,0,14,0,21,25,2,48,0,0,0,48
03/29/2011,BGM,NY,AEA,EN,Combined TRACON& Tower with Radar,0,24,13,0,37,0,0,9,0,9,0,24,22,0,46,30,0,30,76
03/30/2011,BGM,NY,AEA,EN,Combined TRACON& Tower with Radar,0,23,20,0,43,0,0,16,0,16,0,23,36,0,59,0,0,0,59
03/31/2011,BGM,NY,AEA,EN,Combined TRACON& Tower with Radar,0,22,9,2,33,0,0,0,0,0,0,22,9,2,33,8,0,8,41
04/01/2011,BGM,NY,AEA,EN,Combined TRACON& Tower with Radar,0,26,4,0,30,0,0,0,0,0,0,26,4,0,30,0,0,0,30
04/02/2011,BGM,NY,AEA,EN,Combined TRACON& Tower with Radar,0,21,1,0,22,0,0,18,0,18,0,21,19,0,40,28,0,28,68
04/03/2011,BGM,NY,AEA,EN,Combined TRACON& Tower with Radar,0,23,13,0,36,0,0,16,0,16,0,23,29,0,52,24,0,24,76
04/04/2011,BGM,NY,AEA,EN,Combined TRACON& Tower with Radar,0,23,9,0,32,0,0,0,0,0,0,23,9,0,32,0,0,0,32
04/05/2011,BGM,NY,AEA,EN,Combined TRACON& Tower with Radar,0,25,10,0,35,0,0,0,0,0,0,25,10,0,35,0,0,0,35
04/06/2011,BGM,NY,AEA,EN,Combined TRACON& Tower with Radar,0,21,14,0,35,0,0,7,2,9,0,21,21,2,44,0,0,0,44
04/07/2011,BGM,NY,AEA,EN,Combined TRACON& Tower with Radar,0,23,16,0,39,0,0,10,2,12,0,23,26,2,51,52,0,52,103
04/08/2011,BGM,NY,AEA,EN,Combined TRACON& Tower with Radar,0,26,15,0,41,0,0,16,0,16,0,26,31,0,57,36,0,36,93
04/09/2011,BGM,NY,AEA,EN,Combined TRACON& Tower with Radar,0,21,18,0,39,0,0,17,2,19,0,21,35,2,58,46,0,46,104
04/10/2011,BGM,NY,AEA,EN,Combined TRACON& Tower with Radar,0,22,15,0,37,0,0,7,0,7,0,22,22,0,44,6,0,6,50
04/11/2011,BGM,NY,AEA,EN,Combined TRACON& Tower with Radar,0,20,7,0,27,0,0,2,0,2,0,20,9,0,29,0,0,0,29
04/12/2011,BGM,NY,AEA,EN,Combined TRACON& Tower with Radar,0,20,13,0,33,0,0,3,0,3,0,20,16,0,36,18,0,18,54
04/13/2011,BGM,NY,AEA,EN,Combined TRACON& Tower with Radar,0,29,7,0,36,0,0,0,0,0,0,29,7,0,36,0,0,0,36
04/14/2011,BGM,NY,AEA,EN,Combined TRACON& Tower with Radar,0,27,14,1,42,0,0,17,1,18,0,27,31,2,60,18,0,18,78
04/15/2011,BGM,NY,AEA,EN,Combined TRACON& Tower with Radar,0,26,14,1,41,0,0,23,1,24,0,26,37,2,65,16,0,16,81
04/16/2011,BGM,NY,AEA,EN,Combined TRACON& Tower with Radar,0,20,1,0,21,0,0,0,0,0,0,20,1,0,21,0,0,0,21
04/17/2011,BGM,NY,AEA,EN,Combined TRACON& Tower with Radar,0,23,7,0,30,0,0,0,0,0,0,23,7,0,30,0,0,0,30
04/18/2011,BGM,NY,AEA,EN,Combined TRACON& Tower with Radar,0,26,8,0,34,0,0,4,0,4,0,26,12,0,38,8,0,8,46
04/19/2011,BGM,NY,AEA,EN,Combined TRACON& Tower with Radar,0,34,20,0,54,0,0,0,0,0,0,34,20,0,54,0,0,0,54
04/20/2011,BGM,NY,AEA,EN,Combined TRACON& Tower with Radar,0,25,4,0,29,0,0,2,0,2,0,25,6,0,31,0,0,0,31
04/21/2011,BGM,NY,AEA,EN,Combined TRACON& Tower with Radar,0,24,8,0,32,0,0,3,0,3,0,24,11,0,35,4,0,4,39
04/22/2011,BGM,NY,AEA,EN,Combined TRACON& Tower with Radar,0,25,0,0,25,0,0,9,0,9,0,25,9,0,34,12,0,12,46
04/23/2011,BGM,NY,AEA,EN,Combined TRACON& Tower with Radar,0,19,8,0,27,0,0,0,0,0,0,19,8,0,27,0,0,0,27
04/24/2011,BGM,NY,AEA,EN,Combined TRACON& Tower with Radar,0,21,16,0,37,0,0,4,0,4,0,21,20,0,41,0,0,0,41
04/25/2011,BGM,NY,AEA,EN,Combined TRACON& Tower with Radar,0,19,14,0,33,0,0,6,0,6,0,19,20,0,39,0,0,0,39
04/26/2011,BGM,NY,AEA,EN,Combined TRACON& Tower with Radar,0,23,9,0,32,0,0,10,0,10,0,23,19,0,42,0,0,0,42
04/27/2011,BGM,NY,AEA,EN,Combined TRACON& Tower with Radar,0,19,19,1,39,0,2,9,1,12,0,21,28,2,51,4,4,8,59
04/28/2011,BGM,NY,AEA,EN,Combined TRACON& Tower with Radar,0,21,12,0,33,0,0,4,0,4,0,21,16,0,37,0,0,0,37
04/29/2011,BGM,NY,AEA,EN,Combined TRACON& Tower with Radar,0,23,11,0,34,0,0,4,0,4,0,23,15,0,38,16,0,16,54
04/30/2011,BGM,NY,AEA,EN,Combined TRACON& Tower with Radar,0,19,12,0,31,0,0,21,0,21,0,19,33,0,52,24,0,24,76
05/01/2011,BGM,NY,AEA,EN,Combined TRACON& Tower with Radar,0,23,8,0,31,0,0,19,0,19,0,23,27,0,50,0,0,0,50
05/02/2011,BGM,NY,AEA,EN,Combined TRACON& Tower with Radar,0,23,8,0,31,0,0,0,0,0,0,23,8,0,31,0,0,0,31
05/03/2011,BGM,NY,AEA,EN,Combined TRACON& Tower with Radar,0,27,16,1,44,0,0,0,0,0,0,27,16,1,44,0,0,0,44
05/04/2011,BGM,NY,AEA,EN,Combined TRACON& Tower with Radar,0,27,4,8,39,0,0,2,2,4,0,27,6,10,43,20,4,24,67
05/05/2011,BGM,NY,AEA,EN,Combined TRACON& Tower with Radar,0,27,14,0,41,0,0,6,0,6,0,27,20,0,47,8,0,8,55
05/06/2011,BGM,NY,AEA,EN,Combined TRACON& Tower with Radar,0,29,9,0,38,0,0,25,0,25,0,29,34,0,63,22,0,22,85
05/07/2011,BGM,NY,AEA,EN,Combined TRACON& Tower with Radar,0,19,12,0,31,0,0,17,0,17,0,19,29,0,48,0,0,0,48
05/08/2011,BGM,NY,AEA,EN,Combined TRACON& Tower with Radar,0,19,6,0,25,0,0,17,0,17,0,19,23,0,42,24,0,24,66
05/09/2011,BGM,NY,AEA,EN,Combined TRACON& Tower with Radar,0,25,15,0,40,0,0,17,0,17,0,25,32,0,57,8,0,8,65
05/10/2011,BGM,NY,AEA,EN,Combined TRACON& Tower with Radar,0,24,7,13,44,0,0,34,0,34,0,24,41,13,78,10,13,23,101
05/11/2011,BGM,NY,AEA,EN,Combined TRACON& Tower with Radar,0,24,16,8,48,0,0,28,0,28,0,24,44,8,76,14,0,14,90
05/12/2011,BGM,NY,AEA,EN,Combined TRACON& Tower with Radar,0,25,22,0,47,0,0,26,0,26,0,25,48,0,73,14,0,14,87
05/13/2011,BGM,NY,AEA,EN,Combined TRACON& Tower with Radar,0,27,12,0,39,0,0,8,0,8,0,27,20,0,47,24,0,24,71
05/14/2011,BGM,NY,AEA,EN,Combined TRACON& Tower with Radar,0,18,12,0,30,0,0,0,0,0,0,18,12,0,30,0,0,0,30
05/15/2011,BGM,NY,AEA,EN,Combined TRACON& Tower with Radar,0,16,5,0,21,0,0,0,0,0,0,16,5,0,21,0,0,0,21
05/16/2011,BGM,NY,AEA,EN,Combined TRACON& Tower with Radar,0,18,8,0,26,0,0,0,0,0,0,18,8,0,26,0,0,0,26
05/17/2011,BGM,NY,AEA,EN,Combined TRACON& Tower with Radar,0,19,5,0,24,0,0,0,0,0,0,19,5,0,24,0,0,0,24
05/18/2011,BGM,NY,AEA,EN,Combined TRACON& Tower with Radar,0,25,11,0,36,0,0,2,0,2,0,25,13,0,38,0,0,0,38
05/19/2011,BGM,NY,AEA,EN,Combined TRACON& Tower with Radar,0,22,16,0,38,0,0,0,0,0,0,22,16,0,38,0,0,0,38
05/20/2011,BGM,NY,AEA,EN,Combined TRACON& Tower with Radar,0,29,14,4,47,0,0,0,0,0,0,29,14,4,47,0,0,0,47
05/21/2011,BGM,NY,AEA,EN,Combined TRACON& Tower with Radar,0,20,8,0,28,0,1,8,1,10,0,21,16,1,38,16,0,16,54
05/22/2011,BGM,NY,AEA,EN,Combined TRACON& Tower with Radar,0,22,10,0,32,0,0,11,0,11,0,22,21,0,43,16,0,16,59
05/23/2011,BGM,NY,AEA,EN,Combined TRACON& Tower with Radar,0,27,10,0,37,0,1,0,0,1,0,28,10,0,38,0,0,0,38
05/24/2011,BGM,NY,AEA,EN,Combined TRACON& Tower with Radar,0,32,3,0,35,0,0,11,2,13,0,32,14,2,48,0,0,0,48
05/25/2011,BGM,NY,AEA,EN,Combined TRACON& Tower with Radar,0,22,16,1,39,0,0,24,1,25,0,22,40,2,64,42,0,42,106
05/26/2011,BGM,NY,AEA,EN,Combined TRACON& Tower with Radar,0,22,10,3,35,0,0,3,1,4,0,22,13,4,39,8,0,8,47
05/27/2011,BGM,NY,AEA,EN,Combined TRACON& Tower with Radar,0,20,6,0,26,0,0,9,0,9,0,20,15,0,35,0,0,0,35
05/28/2011,BGM,NY,AEA,EN,Combined TRACON& Tower with Radar,0,21,11,0,32,0,0,8,0,8,0,21,19,0,40,56,0,56,96
05/29/2011,BGM,NY,AEA,EN,Combined TRACON& Tower with Radar,0,17,11,0,28,0,0,15,0,15,0,17,26,0,43,31,0,31,74
05/30/2011,BGM,NY,AEA,EN,Combined TRACON& Tower with Radar,0,22,4,0,26,0,0,7,0,7,0,22,11,0,33,31,0,31,64
05/31/2011,BGM,NY,AEA,EN,Combined TRACON& Tower with Radar,0,29,10,0,39,0,1,17,0,18,0,30,27,0,57,26,0,26,83
06/01/2011,BGM,NY,AEA,EN,Combined TRACON& Tower with Radar,0,28,8,2,38,0,0,6,0,6,0,28,14,2,44,8,0,8,52
06/02/2011,BGM,NY,AEA,EN,Combined TRACON& Tower with Radar,0,24,15,0,39,0,0,13,1,14,0,24,28,1,53,6,12,18,71
06/03/2011,BGM,NY,AEA,EN,Combined TRACON& Tower with Radar,0,28,4,6,38,0,0,23,0,23,0,28,27,6,61,8,28,36,97
06/04/2011,BGM,NY,AEA,EN,Combined TRACON& Tower with Radar,0,18,0,0,18,0,0,22,0,22,0,18,22,0,40,40,0,40,80
06/05/2011,BGM,NY,AEA,EN,Combined TRACON& Tower with Radar,0,21,4,0,25,0,0,15,0,15,0,21,19,0,40,8,0,8,48
06/06/2011,BGM,NY,AEA,EN,Combined TRACON& Tower with Radar,1,24,6,1,32,0,0,16,1,17,1,24,22,2,49,40,0,40,89
06/07/2011,BGM,NY,AEA,EN,Combined TRACON& Tower with Radar,0,27,20,0,47,0,0,23,0,23,0,27,43,0,70,16,0,16,86
06/08/2011,BGM,NY,AEA,EN,Combined TRACON& Tower with Radar,2,25,11,0,38,0,0,12,0,12,2,25,23,0,50,0,0,0,50
06/09/2011,BGM,NY,AEA,EN,Combined TRACON& Tower with Radar,0,23,7,0,30,0,0,5,0,5,0,23,12,0,35,20,0,20,55
06/10/2011,BGM,NY,AEA,EN,Combined TRACON& Tower with Radar,0,24,9,0,33,0,0,16,0,16,0,24,25,0,49,50,0,50,99
06/11/2011,BGM,NY,AEA,EN,Combined TRACON& Tower with Radar,0,17,9,0,26,0,0,6,0,6,0,17,15,0,32,44,0,44,76
06/12/2011,BGM,NY,AEA,EN,Combined TRACON& Tower with Radar,0,20,3,0,23,0,0,0,0,0,0,20,3,0,23,0,0,0,23
06/13/2011,BGM,NY,AEA,EN,Combined TRACON& Tower with Radar,0,20,12,0,32,0,0,2,0,2,0,20,14,0,34,8,0,8,42
06/14/2011,BGM,NY,AEA,EN,Combined TRACON& Tower with Radar,0,30,12,2,44,0,0,2,0,2,0,30,14,2,46,0,0,0,46
06/15/2011,BGM,NY,AEA,EN,Combined TRACON& Tower with Radar,0,33,23,2,58,0,0,32,0,32,0,33,55,2,90,34,4,38,128
06/16/2011,BGM,NY,AEA,EN,Combined TRACON& Tower with Radar,0,27,15,2,44,0,0,21,2,23,0,27,36,4,67,20,0,20,87
06/17/2011,BGM,NY,AEA,EN,Combined TRACON& Tower with Radar,0,25,6,2,33,0,0,3,0,3,0,25,9,2,36,23,0,23,59
06/18/2011,BGM,NY,AEA,EN,Combined TRACON& Tower with Radar,0,19,9,0,28,0,0,22,0,22,0,19,31,0,50,32,0,32,82
06/19/2011,BGM,NY,AEA,EN,Combined TRACON& Tower with Radar,0,22,9,0,31,0,0,30,0,30,0,22,39,0,61,18,0,18,79
06/20/2011,BGM,NY,AEA,EN,Combined TRACON& Tower with Radar,0,26,11,2,39,0,0,19,0,19,0,26,30,2,58,14,2,16,74
06/21/2011,BGM,NY,AEA,EN,Combined TRACON& Tower with Radar,0,26,16,0,42,0,0,13,2,15,0,26,29,2,57,28,0,28,85
06/22/2011,BGM,NY,AEA,EN,Combined TRACON& Tower with Radar,0,27,20,0,47,0,0,1,0,1,0,27,21,0,48,0,0,0,48
06/23/2011,BGM,NY,AEA,EN,Combined TRACON& Tower with Radar,0,25,21,1,47,0,0,9,3,12,0,25,30,4,59,26,0,26,85
06/24/2011,BGM,NY,AEA,EN,Combined TRACON& Tower with Radar,0,20,2,0,22,0,0,18,0,18,0,20,20,0,40,56,0,56,96
06/25/2011,BGM,NY,AEA,EN,Combined TRACON& Tower with Radar,0,17,11,0,28,0,0,3,0,3,0,17,14,0,31,32,0,32,63
06/26/2011,BGM,NY,AEA,EN,Combined TRACON& Tower with Radar,0,28,28,0,56,0,0,16,0,16,0,28,44,0,72,4,0,4,76
06/27/2011,BGM,NY,AEA,EN,Combined TRACON& Tower with Radar,0,23,17,4,44,0,0,13,1,14,0,23,30,5,58,8,0,8,66
06/28/2011,BGM,NY,AEA,EN,Combined TRACON& Tower with Radar,0,25,21,6,52,0,0,5,0,5,0,25,26,6,57,0,0,0,57
06/29/2011,BGM,NY,AEA,EN,Combined TRACON& Tower with Radar,0,29,16,8,53,0,0,18,9,27,0,29,34,17,80,6,6,12,92
06/30/2011,BGM,NY,AEA,EN,Combined TRACON& Tower with Radar,0,25,21,2,48,0,0,35,2,37,0,25,56,4,85,22,28,50,135
07/01/2011,BGM,NY,AEA,EN,Combined TRACON& Tower with Radar,0,24,10,0,34,0,0,28,0,28,0,24,38,0,62,4,0,4,66
07/02/2011,BGM,NY,AEA,EN,Combined TRACON& Tower with Radar,0,15,8,0,23,0,0,18,0,18,0,15,26,0,41,2,0,2,43
07/03/2011,BGM,NY,AEA,EN,Combined TRACON& Tower with Radar,0,16,2,0,18,0,0,1,0,1,0,16,3,0,19,0,0,0,19
07/04/2011,BGM,NY,AEA,EN,Combined TRACON& Tower with Radar,0,22,3,0,25,0,0,13,0,13,0,22,16,0,38,8,0,8,46
07/05/2011,BGM,NY,AEA,EN,Combined TRACON& Tower with Radar,0,20,12,0,32,0,0,23,0,23,0,20,35,0,55,44,0,44,99
07/06/2011,BGM,NY,AEA,EN,Combined TRACON& Tower with Radar,0,29,4,0,33,0,0,12,0,12,0,29,16,0,45,0,0,0,45
07/07/2011,BGM,NY,AEA,EN,Combined TRACON& Tower with Radar,0,25,8,11,44,0,0,15,0,15,0,25,23,11,59,12,16,28,87
07/08/2011,BGM,NY,AEA,EN,Combined TRACON& Tower with Radar,0,20,10,0,30,0,0,10,0,10,0,20,20,0,40,13,0,13,53
07/09/2011,BGM,NY,AEA,EN,Combined TRACON& Tower with Radar,0,17,6,0,23,0,0,12,0,12,0,17,18,0,35,2,0,2,37
07/10/2011,BGM,NY,AEA,EN,Combined TRACON& Tower with Radar,0,23,7,0,30,0,0,11,0,11,0,23,18,0,41,0,0,0,41
07/11/2011,BGM,NY,AEA,EN,Combined TRACON& Tower with Radar,0,23,10,0,33,0,2,6,0,8,0,25,16,0,41,7,0,7,48
07/12/2011,BGM,NY,AEA,EN,Combined TRACON& Tower with Radar,0,25,6,4,35,0,0,5,0,5,0,25,11,4,40,4,10,14,54
07/13/2011,BGM,NY,AEA,EN,Combined TRACON& Tower with Radar,0,25,5,8,38,0,0,24,0,24,0,25,29,8,62,4,18,22,84
07/14/2011,BGM,NY,AEA,EN,Combined TRACON& Tower with Radar,0,25,12,0,37,0,0,30,0,30,0,25,42,0,67,12,0,12,79
07/15/2011,BGM,NY,AEA,EN,Combined TRACON& Tower with Radar,0,25,12,0,37,0,0,22,0,22,0,25,34,0,59,0,0,0,59
07/16/2011,BGM,NY,AEA,EN,Combined TRACON& Tower with Radar,0,18,3,0,21,0,0,21,0,21,0,18,24,0,42,24,0,24,66
07/17/2011,BGM,NY,AEA,EN,Combined TRACON& Tower with Radar,0,21,3,0,24,0,0,17,0,17,0,21,20,0,41,4,0,4,45
07/18/2011,BGM,NY,AEA,EN,Combined TRACON& Tower with Radar,0,24,8,4,36,0,0,9,0,9,0,24,17,4,45,0,0,0,45
07/19/2011,BGM,NY,AEA,EN,Combined TRACON& Tower with Radar,0,26,7,0,33,0,0,20,4,24,0,26,27,4,57,0,8,8,65
07/20/2011,BGM,NY,AEA,EN,Combined TRACON& Tower with Radar,0,23,18,2,43,0,0,27,0,27,0,23,45,2,70,4,24,28,98
07/21/2011,BGM,NY,AEA,EN,Combined TRACON& Tower with Radar,0,27,13,4,44,0,0,10,0,10,0,27,23,4,54,4,0,4,58
07/22/2011,BGM,NY,AEA,EN,Combined TRACON& Tower with Radar,0,24,18,0,42,0,0,19,0,19,0,24,37,0,61,4,0,4,65
07/23/2011,BGM,NY,AEA,EN,Combined TRACON& Tower with Radar,0,19,10,0,29,0,2,10,0,12,0,21,20,0,41,26,0,26,67
07/24/2011,BGM,NY,AEA,EN,Combined TRACON& Tower with Radar,0,22,7,0,29,0,2,15,0,17,0,24,22,0,46,2,0,2,48
07/25/2011,BGM,NY,AEA,EN,Combined TRACON& Tower with Radar,0,17,3,0,20,0,0,7,0,7,0,17,10,0,27,4,0,4,31
07/26/2011,BGM,NY,AEA,EN,Combined TRACON& Tower with Radar,0,26,4,0,30,0,0,16,0,16,0,26,20,0,46,16,0,16,62
07/27/2011,BGM,NY,AEA,EN,Combined TRACON& Tower with Radar,0,30,23,0,53,0,0,14,0,14,0,30,37,0,67,8,0,8,75
07/28/2011,BGM,NY,AEA,EN,Combined TRACON& Tower with Radar,0,34,12,0,46,0,0,16,0,16,0,34,28,0,62,0,0,0,62
07/29/2011,BGM,NY,AEA,EN,Combined TRACON& Tower with Radar,0,26,16,0,42,0,0,2,0,2,0,26,18,0,44,0,0,0,44
07/30/2011,BGM,NY,AEA,EN,Combined TRACON& Tower with Radar,0,18,12,1,31,0,0,19,1,20,0,18,31,2,51,18,0,18,69
07/31/2011,BGM,NY,AEA,EN,Combined TRACON& Tower with Radar,0,22,13,0,35,0,0,20,0,20,0,22,33,0,55,0,0,0,55
08/01/2011,BGM,NY,AEA,EN,Combined TRACON& Tower with Radar,0,20,6,0,26,0,0,7,0,7,0,20,13,0,33,6,0,6,39
08/02/2011,BGM,NY,AEA,EN,Combined TRACON& Tower with Radar,0,25,16,5,46,0,0,30,3,33,0,25,46,8,79,0,0,0,79
08/03/2011,BGM,NY,AEA,EN,Combined TRACON& Tower with Radar,2,24,10,0,36,0,0,13,0,13,2,24,23,0,49,34,0,34,83
08/04/2011,BGM,NY,AEA,EN,Combined TRACON& Tower with Radar,0,28,10,0,38,0,0,10,0,10,0,28,20,0,48,8,0,8,56
08/05/2011,BGM,NY,AEA,EN,Combined TRACON& Tower with Radar,0,24,16,3,43,0,0,31,1,32,0,24,47,4,75,10,0,10,85
08/06/2011,BGM,NY,AEA,EN,Combined TRACON& Tower with Radar,0,17,3,0,20,0,0,11,0,11,0,17,14,0,31,0,0,0,31
08/07/2011,BGM,NY,AEA,EN,Combined TRACON& Tower with Radar,0,22,4,0,26,0,0,1,0,1,0,22,5,0,27,0,0,0,27
08/08/2011,BGM,NY,AEA,EN,Combined TRACON& Tower with Radar,0,24,12,0,36,0,0,2,0,2,0,24,14,0,38,0,0,0,38
08/09/2011,BGM,NY,AEA,EN,Combined TRACON& Tower with Radar,0,14,9,1,24,0,0,6,0,6,0,14,15,1,30,0,16,16,46
08/10/2011,BGM,NY,AEA,EN,Combined TRACON& Tower with Radar,0,29,14,0,43,0,0,12,0,12,0,29,26,0,55,8,0,8,63
08/11/2011,BGM,NY,AEA,EN,Combined TRACON& Tower with Radar,0,28,7,11,46,0,0,19,1,20,0,28,26,12,66,20,20,40,106
08/12/2011,BGM,NY,AEA,EN,Combined TRACON& Tower with Radar,0,24,10,4,38,0,0,43,0,43,0,24,53,4,81,8,0,8,89
08/13/2011,BGM,NY,AEA,EN,Combined TRACON& Tower with Radar,0,17,4,0,21,0,0,13,0,13,0,17,17,0,34,0,0,0,34
08/14/2011,BGM,NY,AEA,EN,Combined TRACON& Tower with Radar,0,22,2,0,24,0,0,0,0,0,0,22,2,0,24,0,0,0,24
08/15/2011,BGM,NY,AEA,EN,Combined TRACON& Tower with Radar,0,24,9,0,33,0,0,0,0,0,0,24,9,0,33,0,0,0,33
08/16/2011,BGM,NY,AEA,EN,Combined TRACON& Tower with Radar,0,26,12,0,38,0,0,22,0,22,0,26,34,0,60,6,0,6,66
08/17/2011,BGM,NY,AEA,EN,Combined TRACON& Tower with Radar,0,23,9,0,32,0,0,34,0,34,0,23,43,0,66,28,0,28,94
08/18/2011,BGM,NY,AEA,EN,Combined TRACON& Tower with Radar,0,27,11,3,41,0,0,28,1,29,0,27,39,4,70,18,14,32,102
08/19/2011,BGM,NY,AEA,EN,Combined TRACON& Tower with Radar,0,25,11,1,37,0,0,4,3,7,0,25,15,4,44,10,0,10,54
08/20/2011,BGM,NY,AEA,EN,Combined TRACON& Tower with Radar,1,24,0,0,25,0,0,21,0,21,1,24,21,0,46,28,0,28,74
08/21/2011,BGM,NY,AEA,EN,Combined TRACON& Tower with Radar,0,18,8,0,26,0,0,5,0,5,0,18,13,0,31,4,0,4,35
08/22/2011,BGM,NY,AEA,EN,Combined TRACON& Tower with Radar,0,25,14,1,40,0,0,15,1,16,0,25,29,2,56,0,0,0,56
08/23/2011,BGM,NY,AEA,EN,Combined TRACON& Tower with Radar,0,25,8,6,39,0,0,18,0,18,0,25,26,6,57,6,12,18,75
08/24/2011,BGM,NY,AEA,EN,Combined TRACON& Tower with Radar,0,24,7,1,32,0,0,36,0,36,0,24,43,1,68,24,2,26,94
08/25/2011,BGM,NY,AEA,EN,Combined TRACON& Tower with Radar,0,20,7,1,28,0,0,5,8,13,0,20,12,9,41,0,28,28,69
08/26/2011,BGM,NY,AEA,EN,Combined TRACON& Tower with Radar,0,25,12,0,37,0,0,17,0,17,0,25,29,0,54,26,0,26,80
08/27/2011,BGM,NY,AEA,EN,Combined TRACON& Tower with Radar,0,16,8,0,24,0,0,13,0,13,0,16,21,0,37,36,0,36,73
08/28/2011,BGM,NY,AEA,EN,Combined TRACON& Tower with Radar,0,15,6,4,25,0,0,0,1,1,0,15,6,5,26,0,0,0,26
08/29/2011,BGM,NY,AEA,EN,Combined TRACON& Tower with Radar,0,29,9,3,41,0,0,20,4,24,0,29,29,7,65,0,0,0,65
08/30/2011,BGM,NY,AEA,EN,Combined TRACON& Tower with Radar,0,25,10,0,35,0,0,34,0,34,0,25,44,0,69,14,0,14,83
08/31/2011,BGM,NY,AEA,EN,Combined TRACON& Tower with Radar,0,26,20,0,46,0,1,27,0,28,0,27,47,0,74,32,0,32,106
09/01/2011,BGM,NY,AEA,EN,Combined TRACON& Tower with Radar,0,20,7,0,27,0,0,15,1,16,0,20,22,1,43,34,0,34,77
09/02/2011,BGM,NY,AEA,EN,Combined TRACON& Tower with Radar,0,25,7,0,32,0,0,24,0,24,0,25,31,0,56,4,0,4,60
09/03/2011,BGM,NY,AEA,EN,Combined TRACON& Tower with Radar,0,16,8,0,24,0,0,9,0,9,0,16,17,0,33,0,0,0,33
09/04/2011,BGM,NY,AEA,EN,Combined TRACON& Tower with Radar,0,18,1,0,19,0,0,6,0,6,0,18,7,0,25,0,0,0,25
09/05/2011,BGM,NY,AEA,EN,Combined TRACON& Tower with Radar,0,21,11,0,32,0,0,0,0,0,0,21,11,0,32,0,0,0,32
09/06/2011,BGM,NY,AEA,EN,Combined TRACON& Tower with Radar,0,21,22,0,43,0,0,1,0,1,0,21,23,0,44,0,0,0,44
09/07/2011,BGM,NY,AEA,EN,Combined TRACON& Tower with Radar,0,16,12,0,28,0,0,0,0,0,0,16,12,0,28,0,0,0,28
09/08/2011,BGM,NY,AEA,EN,Combined TRACON& Tower with Radar,0,3,8,6,17,0,16,44,88,148,0,19,52,94,165,0,0,0,165
09/09/2011,BGM,NY,AEA,EN,Combined TRACON& Tower with Radar,0,21,7,3,31,0,7,41,50,98,0,28,48,53,129,0,0,0,129
09/10/2011,BGM,NY,AEA,EN,Combined TRACON& Tower with Radar,0,20,10,0,30,0,0,49,7,56,0,20,59,7,86,44,0,44,130
09/11/2011,BGM,NY,AEA,EN,Combined TRACON& Tower with Radar,0,26,7,0,33,0,0,7,0,7,0,26,14,0,40,0,0,0,40
09/12/2011,BGM,NY,AEA,EN,Combined TRACON& Tower with Radar,0,26,15,0,41,0,0,28,0,28,0,26,43,0,69,0,0,0,69
09/13/2011,BGM,NY,AEA,EN,Combined TRACON& Tower with Radar,0,25,13,7,45,0,2,26,0,28,0,27,39,7,73,20,8,28,101
09/14/2011,BGM,NY,AEA,EN,Combined TRACON& Tower with Radar,0,26,19,16,61,0,8,13,2,23,0,34,32,18,84,22,28,50,134
09/15/2011,BGM,NY,AEA,EN,Combined TRACON& Tower with Radar,0,24,17,0,41,0,0,3,0,3,0,24,20,0,44,29,0,29,73
09/16/2011,BGM,NY,AEA,EN,Combined TRACON& Tower with Radar,0,30,18,0,48,0,0,52,0,52,0,30,70,0,100,24,0,24,124
09/17/2011,BGM,NY,AEA,EN,Combined TRACON& Tower with Radar,0,18,6,0,24,0,0,23,0,23,0,18,29,0,47,0,0,0,47
09/18/2011,BGM,NY,AEA,EN,Combined TRACON& Tower with Radar,0,22,17,0,39,0,0,37,0,37,0,22,54,0,76,8,0,8,84
09/19/2011,BGM,NY,AEA,EN,Combined TRACON& Tower with Radar,0,22,13,10,45,0,0,24,4,28,0,22,37,14,73,0,24,24,97
09/20/2011,BGM,NY,AEA,EN,Combined TRACON& Tower with Radar,0,22,9,12,43,0,0,5,0,5,0,22,14,12,48,8,24,32,80
09/21/2011,BGM,NY,AEA,EN,Combined TRACON& Tower with Radar,0,23,28,0,51,0,0,7,0,7,0,23,35,0,58,0,0,0,58
09/22/2011,BGM,NY,AEA,EN,Combined TRACON& Tower with Radar,0,25,11,0,36,0,0,5,0,5,0,25,16,0,41,10,0,10,51
09/23/2011,BGM,NY,AEA,EN,Combined TRACON& Tower with Radar,0,21,7,4,32,0,0,1,0,1,0,21,8,4,33,0,0,0,33
09/24/2011,BGM,NY,AEA,EN,Combined TRACON& Tower with Radar,0,17,10,0,27,0,0,6,0,6,0,17,16,0,33,0,0,0,33
09/25/2011,BGM,NY,AEA,EN,Combined TRACON& Tower with Radar,0,21,14,0,35,0,0,17,0,17,0,21,31,0,52,14,0,14,66
09/26/2011,BGM,NY,AEA,EN,Combined TRACON& Tower with Radar,0,20,15,0,35,0,0,18,0,18,0,20,33,0,53,4,0,4,57
09/27/2011,BGM,NY,AEA,EN,Combined TRACON& Tower with Radar,0,22,13,4,39,0,0,3,0,3,0,22,16,4,42,18,0,18,60
09/28/2011,BGM,NY,AEA,EN,Combined TRACON& Tower with Radar,2,22,14,0,38,0,0,1,0,1,2,22,15,0,39,0,0,0,39
09/29/2011,BGM,NY,AEA,EN,Combined TRACON& Tower with Radar,0,20,8,2,30,0,0,3,0,3,0,20,11,2,33,16,0,16,49
09/30/2011,BGM,NY,AEA,EN,Combined TRACON& Tower with Radar,0,26,11,0,37,0,0,13,0,13,0,26,24,0,50,30,0,30,80
10/01/2011,BGM,NY,AEA,EN,Combined TRACON& Tower with Radar,0,17,6,0,23,0,0,0,0,0,0,17,6,0,23,0,0,0,23
10/02/2011,BGM,NY,AEA,EN,Combined TRACON& Tower with Radar,0,22,11,0,33,0,0,7,0,7,0,22,18,0,40,10,0,10,50
10/03/2011,BGM,NY,AEA,EN,Combined TRACON& Tower with Radar,0,21,14,0,35,0,0,2,0,2,0,21,16,0,37,14,0,14,51
10/04/2011,BGM,NY,AEA,EN,Combined TRACON& Tower with Radar,0,24,11,0,35,0,0,2,0,2,0,24,13,0,37,0,0,0,37
10/05/2011,BGM,NY,AEA,EN,Combined TRACON& Tower with Radar,0,26,10,7,43,0,0,17,2,19,0,26,27,9,62,18,16,34,96
10/06/2011,BGM,NY,AEA,EN,Combined TRACON& Tower with Radar,0,25,25,3,53,0,1,29,4,34,0,26,54,7,87,44,44,88,175
10/07/2011,BGM,NY,AEA,EN,Combined TRACON& Tower with Radar,0,24,18,0,42,0,0,26,0,26,0,24,44,0,68,38,0,38,106
10/08/2011,BGM,NY,AEA,EN,Combined TRACON& Tower with Radar,0,20,0,0,20,0,0,30,0,30,0,20,30,0,50,18,0,18,68
10/09/2011,BGM,NY,AEA,EN,Combined TRACON& Tower with Radar,0,19,4,0,23,0,0,19,0,19,0,19,23,0,42,0,0,0,42
10/10/2011,BGM,NY,AEA,EN,Combined TRACON& Tower with Radar,0,24,5,0,29,0,0,24,0,24,0,24,29,0,53,14,0,14,67
10/11/2011,BGM,NY,AEA,EN,Combined TRACON& Tower with Radar,0,29,6,0,35,0,0,22,0,22,0,29,28,0,57,12,0,12,69
10/12/2011,BGM,NY,AEA,EN,Combined TRACON& Tower with Radar,2,26,10,15,53,0,0,8,0,8,2,26,18,15,61,0,16,16,77
10/13/2011,BGM,NY,AEA,EN,Combined TRACON& Tower with Radar,0,23,26,10,59,0,0,0,0,0,0,23,26,10,59,0,0,0,59
10/14/2011,BGM,NY,AEA,EN,Combined TRACON& Tower with Radar,0,23,11,0,34,0,0,1,0,1,0,23,12,0,35,0,0,0,35
10/15/2011,BGM,NY,AEA,EN,Combined TRACON& Tower with Radar,0,18,4,0,22,0,0,1,0,1,0,18,5,0,23,28,0,28,51
10/16/2011,BGM,NY,AEA,EN,Combined TRACON& Tower with Radar,0,23,6,0,29,0,0,5,0,5,0,23,11,0,34,0,0,0,34
10/17/2011,BGM,NY,AEA,EN,Combined TRACON& Tower with Radar,0,25,11,0,36,0,6,15,0,21,0,31,26,0,57,14,0,14,71
10/18/2011,BGM,NY,AEA,EN,Combined TRACON& Tower with Radar,3,24,8,0,35,0,0,14,0,14,3,24,22,0,49,34,0,34,83
10/19/2011,BGM,NY,AEA,EN,Combined TRACON& Tower with Radar,0,25,9,0,34,0,4,0,1,5,0,29,9,1,39,0,0,0,39
10/20/2011,BGM,NY,AEA,EN,Combined TRACON& Tower with Radar,0,23,11,3,37,0,0,5,1,6,0,23,16,4,43,42,2,44,87
10/21/2011,BGM,NY,AEA,EN,Combined TRACON& Tower with Radar,0,27,12,1,40,0,0,9,0,9,0,27,21,1,49,16,12,28,77
10/22/2011,BGM,NY,AEA,EN,Combined TRACON& Tower with Radar,0,18,13,2,33,0,0,24,0,24,0,18,37,2,57,20,0,20,77
10/23/2011,BGM,NY,AEA,EN,Combined TRACON& Tower with Radar,0,22,20,0,42,0,0,35,0,35,0,22,55,0,77,14,0,14,91
10/24/2011,BGM,NY,AEA,EN,Combined TRACON& Tower with Radar,0,23,12,0,35,0,0,9,0,9,0,23,21,0,44,0,0,0,44
10/25/2011,BGM,NY,AEA,EN,Combined TRACON& Tower with Radar,0,27,15,0,42,0,0,11,0,11,0,27,26,0,53,17,0,17,70
10/26/2011,BGM,NY,AEA,EN,Combined TRACON& Tower with Radar,2,24,13,18,57,0,0,5,0,5,2,24,18,18,62,0,10,10,72
10/27/2011,BGM,NY,AEA,EN,Combined TRACON& Tower with Radar,0,27,6,0,33,0,0,0,0,0,0,27,6,0,33,0,0,0,33
10/28/2011,BGM,NY,AEA,EN,Combined TRACON& Tower with Radar,0,28,10,3,41,0,0,16,1,17,0,28,26,4,58,6,16,22,80
10/29/2011,BGM,NY,AEA,EN,Combined TRACON& Tower with Radar,0,15,0,0,15,0,0,2,0,2,0,15,2,0,17,0,0,0,17
10/30/2011,BGM,NY,AEA,EN,Combined TRACON& Tower with Radar,0,22,3,0,25,0,0,17,2,19,0,22,20,2,44,16,0,16,60
10/31/2011,BGM,NY,AEA,EN,Combined TRACON& Tower with Radar,0,22,8,0,30,0,0,9,0,9,0,22,17,0,39,4,0,4,43
11/01/2011,BGM,NY,AEA,EN,Combined TRACON& Tower with Radar,0,24,20,0,44,0,0,15,2,17,0,24,35,2,61,0,0,0,61
11/02/2011,BGM,NY,AEA,EN,Combined TRACON& Tower with Radar,0,24,8,14,46,0,0,15,0,15,0,24,23,14,61,26,8,34,95
11/03/2011,BGM,NY,AEA,EN,Combined TRACON& Tower with Radar,0,27,16,1,44,0,1,21,1,23,0,28,37,2,67,8,0,8,75
11/04/2011,BGM,NY,AEA,EN,Combined TRACON& Tower with Radar,0,26,14,12,52,0,0,15,0,15,0,26,29,12,67,15,18,33,100
11/05/2011,BGM,NY,AEA,EN,Combined TRACON& Tower with Radar,0,17,7,0,24,0,0,20,0,20,0,17,27,0,44,50,0,50,94
11/06/2011,BGM,NY,AEA,EN,Combined TRACON& Tower with Radar,0,25,12,0,37,0,0,23,0,23,0,25,35,0,60,10,0,10,70
11/07/2011,BGM,NY,AEA,EN,Combined TRACON& Tower with Radar,0,20,15,0,35,0,0,15,0,15,0,20,30,0,50,0,0,0,50
11/08/2011,BGM,NY,AEA,EN,Combined TRACON& Tower with Radar,0,21,7,0,28,0,0,14,0,14,0,21,21,0,42,24,0,24,66
11/09/2011,BGM,NY,AEA,EN,Combined TRACON& Tower with Radar,0,25,14,8,47,0,0,10,0,10,0,25,24,8,57,4,12,16,73
11/10/2011,BGM,NY,AEA,EN,Combined TRACON& Tower with Radar,0,24,4,0,28,0,0,1,0,1,0,24,5,0,29,0,0,0,29
11/11/2011,BGM,NY,AEA,EN,Combined TRACON& Tower with Radar,0,28,6,0,34,0,0,3,7,10,0,28,9,7,44,10,0,10,54
11/12/2011,BGM,NY,AEA,EN,Combined TRACON& Tower with Radar,0,19,5,1,25,0,0,9,3,12,0,19,14,4,37,6,0,6,43
11/13/2011,BGM,NY,AEA,EN,Combined TRACON& Tower with Radar,0,22,8,0,30,0,0,6,0,6,0,22,14,0,36,14,0,14,50
11/14/2011,BGM,NY,AEA,EN,Combined TRACON& Tower with Radar,0,24,3,0,27,0,1,5,0,6,0,25,8,0,33,0,0,0,33
11/15/2011,BGM,NY,AEA,EN,Combined TRACON& Tower with Radar,0,24,7,2,33,0,0,5,3,8,0,24,12,5,41,0,0,0,41
11/16/2011,BGM,NY,AEA,EN,Combined TRACON& Tower with Radar,0,21,16,2,39,0,0,0,0,0,0,21,16,2,39,0,0,0,39
11/17/2011,BGM,NY,AEA,EN,Combined TRACON& Tower with Radar,0,23,21,2,46,0,0,8,0,8,0,23,29,2,54,16,0,16,70
11/18/2011,BGM,NY,AEA,EN,Combined TRACON& Tower with Radar,0,27,11,0,38,0,0,27,0,27,0,27,38,0,65,18,0,18,83
11/19/2011,BGM,NY,AEA,EN,Combined TRACON& Tower with Radar,0,18,11,0,29,0,0,24,0,24,0,18,35,0,53,20,0,20,73
11/20/2011,BGM,NY,AEA,EN,Combined TRACON& Tower with Radar,0,23,1,0,24,0,0,5,0,5,0,23,6,0,29,28,0,28,57
11/21/2011,BGM,NY,AEA,EN,Combined TRACON& Tower with Radar,0,23,16,0,39,0,0,12,0,12,0,23,28,0,51,28,0,28,79
11/22/2011,BGM,NY,AEA,EN,Combined TRACON& Tower with Radar,0,22,20,0,42,0,0,5,0,5,0,22,25,0,47,48,0,48,95
11/23/2011,BGM,NY,AEA,EN,Combined TRACON& Tower with Radar,0,27,9,0,36,0,0,0,0,0,0,27,9,0,36,0,0,0,36
11/24/2011,BGM,NY,AEA,EN,Combined TRACON& Tower with Radar,0,16,4,0,20,0,0,4,0,4,0,16,8,0,24,4,0,4,28
11/25/2011,BGM,NY,AEA,EN,Combined TRACON& Tower with Radar,0,12,5,0,17,0,0,23,0,23,0,12,28,0,40,14,0,14,54
11/26/2011,BGM,NY,AEA,EN,Combined TRACON& Tower with Radar,0,21,16,0,37,0,0,26,0,26,0,21,42,0,63,42,0,42,105
11/27/2011,BGM,NY,AEA,EN,Combined TRACON& Tower with Radar,0,24,7,0,31,0,0,12,0,12,0,24,19,0,43,34,0,34,77
11/28/2011,BGM,NY,AEA,EN,Combined TRACON& Tower with Radar,0,22,8,1,31,0,0,4,1,5,0,22,12,2,36,6,0,6,42
11/29/2011,BGM,NY,AEA,EN,Combined TRACON& Tower with Radar,0,22,8,0,30,0,0,0,0,0,0,22,8,0,30,0,0,0,30
11/30/2011,BGM,NY,AEA,EN,Combined TRACON& Tower with Radar,0,26,5,0,31,0,0,2,0,2,0,26,7,0,33,0,0,0,33
12/01/2011,BGM,NY,AEA,EN,Combined TRACON& Tower with Radar,0,23,14,0,37,0,0,29,0,29,0,23,43,0,66,50,0,50,116
12/02/2011,BGM,NY,AEA,EN,Combined TRACON& Tower with Radar,0,21,4,0,25,0,0,11,2,13,0,21,15,2,38,0,0,0,38
12/03/2011,BGM,NY,AEA,EN,Combined TRACON& Tower with Radar,0,15,13,0,28,0,0,24,0,24,0,15,37,0,52,4,0,4,56
12/04/2011,BGM,NY,AEA,EN,Combined TRACON& Tower with Radar,0,21,8,0,29,0,0,9,0,9,0,21,17,0,38,38,0,38,76
12/05/2011,BGM,NY,AEA,EN,Combined TRACON& Tower with Radar,0,15,11,0,26,0,0,4,0,4,0,15,15,0,30,18,0,18,48
12/06/2011,BGM,NY,AEA,EN,Combined TRACON& Tower with Radar,0,20,13,0,33,0,0,0,0,0,0,20,13,0,33,0,0,0,33
12/07/2011,BGM,NY,AEA,EN,Combined TRACON& Tower with Radar,0,15,6,0,21,0,0,0,0,0,0,15,6,0,21,0,0,0,21
12/08/2011,BGM,NY,AEA,EN,Combined TRACON& Tower with Radar,0,20,13,1,34,0,0,9,4,13,0,20,22,5,47,16,0,16,63
12/09/2011,BGM,NY,AEA,EN,Combined TRACON& Tower with Radar,0,28,17,0,45,0,0,12,0,12,0,28,29,0,57,6,0,6,63
12/10/2011,BGM,NY,AEA,EN,Combined TRACON& Tower with Radar,0,15,5,0,20,0,1,15,0,16,0,16,20,0,36,8,0,8,44
12/11/2011,BGM,NY,AEA,EN,Combined TRACON& Tower with Radar,0,19,20,0,39,0,1,37,0,38,0,20,57,0,77,25,0,25,102
12/12/2011,BGM,NY,AEA,EN,Combined TRACON& Tower with Radar,0,21,15,0,36,0,0,19,0,19,0,21,34,0,55,14,0,14,69
12/13/2011,BGM,NY,AEA,EN,Combined TRACON& Tower with Radar,0,22,16,0,38,0,0,20,0,20,0,22,36,0,58,4,0,4,62
12/14/2011,BGM,NY,AEA,EN,Combined TRACON& Tower with Radar,0,24,15,0,39,0,0,5,0,5,0,24,20,0,44,38,0,38,82
12/15/2011,BGM,NY,AEA,EN,Combined TRACON& Tower with Radar,0,24,9,0,33,0,0,0,0,0,0,24,9,0,33,12,0,12,45
12/16/2011,BGM,NY,AEA,EN,Combined TRACON& Tower with Radar,0,24,8,0,32,0,0,9,0,9,0,24,17,0,41,32,0,32,73
12/17/2011,BGM,NY,AEA,EN,Combined TRACON& Tower with Radar,0,17,1,0,18,0,0,4,0,4,0,17,5,0,22,14,0,14,36
12/18/2011,BGM,NY,AEA,EN,Combined TRACON& Tower with Radar,0,22,3,0,25,0,0,21,0,21,0,22,24,0,46,30,0,30,76
12/19/2011,BGM,NY,AEA,EN,Combined TRACON& Tower with Radar,0,21,6,6,33,0,0,6,0,6,0,21,12,6,39,0,14,14,53
12/20/2011,BGM,NY,AEA,EN,Combined TRACON& Tower with Radar,0,26,4,0,30,0,0,11,0,11,0,26,15,0,41,0,0,0,41
12/21/2011,BGM,NY,AEA,EN,Combined TRACON& Tower with Radar,0,22,10,0,32,0,0,0,0,0,0,22,10,0,32,0,0,0,32
12/22/2011,BGM,NY,AEA,EN,Combined TRACON& Tower with Radar,0,29,15,0,44,0,0,2,0,2,0,29,17,0,46,43,0,43,89
12/23/2011,BGM,NY,AEA,EN,Combined TRACON& Tower with Radar,0,26,7,0,33,0,0,0,0,0,0,26,7,0,33,0,0,0,33
12/24/2011,BGM,NY,AEA,EN,Combined TRACON& Tower with Radar,0,19,4,0,23,0,0,10,0,10,0,19,14,0,33,0,0,0,33
12/25/2011,BGM,NY,AEA,EN,Combined TRACON& Tower with Radar,0,15,0,0,15,0,0,0,0,0,0,15,0,0,15,0,0,0,15
12/26/2011,BGM,NY,AEA,EN,Combined TRACON& Tower with Radar,0,21,5,0,26,0,0,2,0,2,0,21,7,0,28,12,0,12,40
12/27/2011,BGM,NY,AEA,EN,Combined TRACON& Tower with Radar,0,18,9,0,27,0,0,5,0,5,0,18,14,0,32,6,0,6,38
12/28/2011,BGM,NY,AEA,EN,Combined TRACON& Tower with Radar,0,23,5,6,34,0,0,0,0,0,0,23,5,6,34,0,10,10,44
12/29/2011,BGM,NY,AEA,EN,Combined TRACON& Tower with Radar,0,24,7,0,31,0,0,13,0,13,0,24,20,0,44,22,0,22,66
12/30/2011,BGM,NY,AEA,EN,Combined TRACON& Tower with Radar,0,23,13,0,36,0,0,10,0,10,0,23,23,0,46,20,0,20,66
12/31/2011,BGM,NY,AEA,EN,Combined TRACON& Tower with Radar,0,15,15,0,30,0,0,10,0,10,0,15,25,0,40,14,0,14,54
01/01/2012,BGM,NY,AEA,EN,Combined TRACON& Tower with Radar,0,19,7,0,26,0,0,7,0,7,0,19,14,0,33,16,0,16,49
01/02/2012,BGM,NY,AEA,EN,Combined TRACON& Tower with Radar,0,24,4,0,28,0,0,0,0,0,0,24,4,0,28,0,0,0,28
01/03/2012,BGM,NY,AEA,EN,Combined TRACON& Tower with Radar,0,22,7,0,29,0,0,3,0,3,0,22,10,0,32,0,0,0,32
01/04/2012,BGM,NY,AEA,EN,Combined TRACON& Tower with Radar,0,24,17,2,43,0,0,7,0,7,0,24,24,2,50,0,0,0,50
01/05/2012,BGM,NY,AEA,EN,Combined TRACON& Tower with Radar,0,21,13,0,34,0,0,16,0,16,0,21,29,0,50,0,0,0,50
01/06/2012,BGM,NY,AEA,EN,Combined TRACON& Tower with Radar,0,22,10,0,32,0,0,19,0,19,0,22,29,0,51,42,0,42,93
01/07/2012,BGM,NY,AEA,EN,Combined TRACON& Tower with Radar,0,14,15,8,37,0,3,24,0,27,0,17,39,8,64,24,0,24,88
01/08/2012,BGM,NY,AEA,EN,Combined TRACON& Tower with Radar,0,18,2,0,20,0,0,3,0,3,0,18,5,0,23,0,0,0,23
01/09/2012,BGM,NY,AEA,EN,Combined TRACON& Tower with Radar,0,20,2,0,22,0,0,10,0,10,0,20,12,0,32,12,0,12,44
01/10/2012,BGM,NY,AEA,EN,Combined TRACON& Tower with Radar,0,22,12,0,34,0,2,1,0,3,0,24,13,0,37,0,0,0,37
01/11/2012,BGM,NY,AEA,EN,Combined TRACON& Tower with Radar,0,24,10,6,40,0,0,20,0,20,0,24,30,6,60,16,28,44,104
01/12/2012,BGM,NY,AEA,EN,Combined TRACON& Tower with Radar,0,22,8,0,30,0,0,0,0,0,0,22,8,0,30,0,0,0,30
01/13/2012,BGM,NY,AEA,EN,Combined TRACON& Tower with Radar,0,13,2,0,15,0,0,0,0,0,0,13,2,0,15,0,0,0,15
01/14/2012,BGM,NY,AEA,EN,Combined TRACON& Tower with Radar,0,15,1,0,16,0,0,0,0,0,0,15,1,0,16,0,0,0,16
01/15/2012,BGM,NY,AEA,EN,Combined TRACON& Tower with Radar,0,17,2,0,19,0,0,10,0,10,0,17,12,0,29,0,0,0,29
01/16/2012,BGM,NY,AEA,EN,Combined TRACON& Tower with Radar,0,19,8,0,27,0,0,6,0,6,0,19,14,0,33,4,0,4,37
01/17/2012,BGM,NY,AEA,EN,Combined TRACON& Tower with Radar,0,25,6,10,41,0,0,0,0,0,0,25,6,10,41,4,0,4,45
01/18/2012,BGM,NY,AEA,EN,Combined TRACON& Tower with Radar,0,22,6,8,36,0,0,2,0,2,0,22,8,8,38,0,14,14,52
01/19/2012,BGM,NY,AEA,EN,Combined TRACON& Tower with Radar,0,22,8,0,30,0,0,11,0,11,0,22,19,0,41,2,0,2,43
01/20/2012,BGM,NY,AEA,EN,Combined TRACON& Tower with Radar,0,24,9,8,41,0,0,10,0,10,0,24,19,8,51,14,24,38,89
01/21/2012,BGM,NY,AEA,EN,Combined TRACON& Tower with Radar,0,11,1,0,12,0,0,2,0,2,0,11,3,0,14,0,0,0,14
01/22/2012,BGM,NY,AEA,EN,Combined TRACON& Tower with Radar,0,21,9,0,30,0,0,12,0,12,0,21,21,0,42,0,0,0,42
01/23/2012,BGM,NY,AEA,EN,Combined TRACON& Tower with Radar,0,16,11,0,27,0,0,0,0,0,0,16,11,0,27,0,0,0,27
01/24/2012,BGM,NY,AEA,EN,Combined TRACON& Tower with Radar,0,21,5,0,26,0,0,5,6,11,0,21,10,6,37,6,0,6,43
01/25/2012,BGM,NY,AEA,EN,Combined TRACON& Tower with Radar,0,22,13,6,41,0,0,3,0,3,0,22,16,6,44,0,0,0,44
01/26/2012,BGM,NY,AEA,EN,Combined TRACON& Tower with Radar,0,22,6,0,28,0,0,0,0,0,0,22,6,0,28,12,0,12,40
01/27/2012,BGM,NY,AEA,EN,Combined TRACON& Tower with Radar,0,20,8,0,28,0,0,0,0,0,0,20,8,0,28,0,0,0,28
01/28/2012,BGM,NY,AEA,EN,Combined TRACON& Tower with Radar,0,14,8,0,22,0,0,18,0,18,0,14,26,0,40,1,0,1,41
01/29/2012,BGM,NY,AEA,EN,Combined TRACON& Tower with Radar,0,20,1,0,21,0,0,16,0,16,0,20,17,0,37,26,0,26,63
01/30/2012,BGM,NY,AEA,EN,Combined TRACON& Tower with Radar,0,21,13,0,34,0,0,3,0,3,0,21,16,0,37,28,0,28,65
01/31/2012,BGM,NY,AEA,EN,Combined TRACON& Tower with Radar,0,22,13,0,35,0,0,14,0,14,0,22,27,0,49,32,0,32,81
02/01/2012,BGM,NY,AEA,EN,Combined TRACON& Tower with Radar,0,23,10,0,33,0,0,6,0,6,0,23,16,0,39,10,0,10,49
02/02/2012,BGM,NY,AEA,EN,Combined TRACON& Tower with Radar,0,20,4,3,27,0,1,13,0,14,0,21,17,3,41,15,0,15,56
02/03/2012,BGM,NY,AEA,EN,Combined TRACON& Tower with Radar,0,22,14,0,36,0,0,18,0,18,0,22,32,0,54,6,0,6,60
02/04/2012,BGM,NY,AEA,EN,Combined TRACON& Tower with Radar,0,15,15,4,34,0,0,41,0,41,0,15,56,4,75,10,0,10,85
02/05/2012,BGM,NY,AEA,EN,Combined TRACON& Tower with Radar,0,21,4,0,25,0,0,11,0,11,0,21,15,0,36,30,0,30,66
02/06/2012,BGM,NY,AEA,EN,Combined TRACON& Tower with Radar,0,25,13,2,40,0,0,19,0,19,0,25,32,2,59,38,0,38,97
02/07/2012,BGM,NY,AEA,EN,Combined TRACON& Tower with Radar,0,25,9,4,38,0,0,0,2,2,0,25,9,6,40,0,0,0,40
02/08/2012,BGM,NY,AEA,EN,Combined TRACON& Tower with Radar,0,21,15,4,40,0,0,11,0,11,0,21,26,4,51,14,10,24,75
02/09/2012,BGM,NY,AEA,EN,Combined TRACON& Tower with Radar,0,24,13,2,39,0,0,22,0,22,0,24,35,2,61,10,0,10,71
02/10/2012,BGM,NY,AEA,EN,Combined TRACON& Tower with Radar,0,23,5,1,29,0,0,10,1,11,0,23,15,2,40,12,0,12,52
02/11/2012,BGM,NY,AEA,EN,Combined TRACON& Tower with Radar,0,15,0,0,15,0,0,2,0,2,0,15,2,0,17,6,0,6,23
02/12/2012,BGM,NY,AEA,EN,Combined TRACON& Tower with Radar,0,19,5,0,24,0,0,0,0,0,0,19,5,0,24,0,0,0,24
02/13/2012,BGM,NY,AEA,EN,Combined TRACON& Tower with Radar,0,21,5,0,26,0,0,9,0,9,0,21,14,0,35,0,0,0,35
02/14/2012,BGM,NY,AEA,EN,Combined TRACON& Tower with Radar,0,23,1,2,26,0,0,0,0,0,0,23,1,2,26,0,0,0,26
02/15/2012,BGM,NY,AEA,EN,Combined TRACON& Tower with Radar,0,24,13,10,47,0,0,2,0,2,0,24,15,10,49,22,16,38,87
02/16/2012,BGM,NY,AEA,EN,Combined TRACON& Tower with Radar,0,26,11,0,37,0,0,0,0,0,0,26,11,0,37,0,0,0,37
02/17/2012,BGM,NY,AEA,EN,Combined TRACON& Tower with Radar,0,22,9,0,31,0,0,11,0,11,0,22,20,0,42,40,0,40,82
02/18/2012,BGM,NY,AEA,EN,Combined TRACON& Tower with Radar,0,15,5,0,20,0,0,3,0,3,0,15,8,0,23,0,0,0,23
02/19/2012,BGM,NY,AEA,EN,Combined TRACON& Tower with Radar,0,19,1,0,20,0,0,13,0,13,0,19,14,0,33,14,0,14,47
02/20/2012,BGM,NY,AEA,EN,Combined TRACON& Tower with Radar,0,20,10,0,30,0,3,23,0,26,0,23,33,0,56,0,0,0,56
02/21/2012,BGM,NY,AEA,EN,Combined TRACON& Tower with Radar,0,24,11,0,35,0,0,5,0,5,0,24,16,0,40,30,0,30,70
02/22/2012,BGM,NY,AEA,EN,Combined TRACON& Tower with Radar,0,22,14,6,42,0,0,13,0,13,0,22,27,6,55,0,10,10,65
02/23/2012,BGM,NY,AEA,EN,Combined TRACON& Tower with Radar,0,22,12,0,34,0,0,13,0,13,0,22,25,0,47,0,0,0,47
02/24/2012,BGM,NY,AEA,EN,Combined TRACON& Tower with Radar,0,17,4,0,21,0,0,0,0,0,0,17,4,0,21,0,0,0,21
02/25/2012,BGM,NY,AEA,EN,Combined TRACON& Tower with Radar,0,8,0,0,8,0,0,1,0,1,0,8,1,0,9,0,0,0,9
02/26/2012,BGM,NY,AEA,EN,Combined TRACON& Tower with Radar,0,19,11,0,30,0,0,23,0,23,0,19,34,0,53,4,0,4,57
02/27/2012,BGM,NY,AEA,EN,Combined TRACON& Tower with Radar,0,20,7,0,27,0,0,8,0,8,0,20,15,0,35,0,0,0,35
02/28/2012,BGM,NY,AEA,EN,Combined TRACON& Tower with Radar,0,23,8,0,31,0,0,12,2,14,0,23,20,2,45,0,0,0,45
02/29/2012,BGM,NY,AEA,EN,Combined TRACON& Tower with Radar,0,17,6,0,23,0,0,0,0,0,0,17,6,0,23,0,0,0,23
03/01/2012,BGM,NY,AEA,EN,Combined TRACON& Tower with Radar,0,20,7,0,27,0,0,0,0,0,0,20,7,0,27,0,0,0,27
03/02/2012,BGM,NY,AEA,EN,Combined TRACON& Tower with Radar,0,27,20,0,47,0,0,11,0,11,0,27,31,0,58,20,0,20,78
03/03/2012,BGM,NY,AEA,EN,Combined TRACON& Tower with Radar,0,16,6,0,22,0,0,2,0,2,0,16,8,0,24,0,0,0,24
03/04/2012,BGM,NY,AEA,EN,Combined TRACON& Tower with Radar,0,17,8,0,25,0,0,3,0,3,0,17,11,0,28,0,0,0,28
03/05/2012,BGM,NY,AEA,EN,Combined TRACON& Tower with Radar,0,22,7,0,29,0,0,0,2,2,0,22,7,2,31,0,0,0,31
03/06/2012,BGM,NY,AEA,EN,Combined TRACON& Tower with Radar,0,24,15,0,39,0,1,10,1,12,0,25,25,1,51,0,0,0,51
03/07/2012,BGM,NY,AEA,EN,Combined TRACON& Tower with Radar,0,24,10,0,34,0,0,18,2,20,0,24,28,2,54,8,12,20,74
03/08/2012,BGM,NY,AEA,EN,Combined TRACON& Tower with Radar,0,26,7,0,33,0,0,4,0,4,0,26,11,0,37,0,0,0,37
03/09/2012,BGM,NY,AEA,EN,Combined TRACON& Tower with Radar,0,25,12,0,37,0,0,6,0,6,0,25,18,0,43,0,0,0,43
03/10/2012,BGM,NY,AEA,EN,Combined TRACON& Tower with Radar,0,17,8,2,27,0,0,16,2,18,0,17,24,4,45,50,14,64,109
03/11/2012,BGM,NY,AEA,EN,Combined TRACON& Tower with Radar,0,19,12,1,32,0,0,53,1,54,0,19,65,2,86,18,28,46,132
03/12/2012,BGM,NY,AEA,EN,Combined TRACON& Tower with Radar,0,22,4,0,26,0,1,12,0,13,0,23,16,0,39,16,0,16,55
03/13/2012,BGM,NY,AEA,EN,Combined TRACON& Tower with Radar,0,24,14,2,40,0,0,17,0,17,0,24,31,2,57,22,0,22,79
03/14/2012,BGM,NY,AEA,EN,Combined TRACON& Tower with Radar,0,26,20,0,46,0,0,27,2,29,0,26,47,2,75,32,0,32,107
03/15/2012,BGM,NY,AEA,EN,Combined TRACON& Tower with Radar,0,30,7,9,46,0,1,23,1,25,0,31,30,10,71,46,18,64,135
03/16/2012,BGM,NY,AEA,EN,Combined TRACON& Tower with Radar,0,28,5,12,45,0,0,2,1,3,0,28,7,13,48,8,22,30,78
03/17/2012,BGM,NY,AEA,EN,Combined TRACON& Tower with Radar,0,19,9,0,28,0,1,15,0,16,0,20,24,0,44,8,0,8,52
03/18/2012,BGM,NY,AEA,EN,Combined TRACON& Tower with Radar,0,21,15,0,36,0,0,19,0,19,0,21,34,0,55,0,0,0,55
03/19/2012,BGM,NY,AEA,EN,Combined TRACON& Tower with Radar,1,21,3,0,25,0,0,1,0,1,1,21,4,0,26,0,0,0,26
03/20/2012,BGM,NY,AEA,EN,Combined TRACON& Tower with Radar,0,25,12,0,37,0,4,16,0,20,0,29,28,0,57,8,0,8,65
03/21/2012,BGM,NY,AEA,EN,Combined TRACON& Tower with Radar,0,24,11,0,35,0,0,10,0,10,0,24,21,0,45,46,0,46,91
03/22/2012,BGM,NY,AEA,EN,Combined TRACON& Tower with Radar,0,22,19,1,42,0,0,15,3,18,0,22,34,4,60,36,0,36,96
03/23/2012,BGM,NY,AEA,EN,Combined TRACON& Tower with Radar,0,26,17,0,43,0,0,24,0,24,0,26,41,0,67,39,0,39,106
03/24/2012,BGM,NY,AEA,EN,Combined TRACON& Tower with Radar,0,17,5,0,22,0,0,14,0,14,0,17,19,0,36,50,0,50,86
03/25/2012,BGM,NY,AEA,EN,Combined TRACON& Tower with Radar,0,20,5,0,25,0,0,8,0,8,0,20,13,0,33,0,0,0,33
03/26/2012,BGM,NY,AEA,EN,Combined TRACON& Tower with Radar,1,22,3,0,26,0,0,3,0,3,1,22,6,0,29,0,0,0,29
03/27/2012,BGM,NY,AEA,EN,Combined TRACON& Tower with Radar,0,24,10,0,34,0,0,16,0,16,0,24,26,0,50,18,0,18,68
03/28/2012,BGM,NY,AEA,EN,Combined TRACON& Tower with Radar,0,24,9,0,33,0,0,9,2,11,0,24,18,2,44,44,0,44,88
03/29/2012,BGM,NY,AEA,EN,Combined TRACON& Tower with Radar,0,23,6,0,29,0,0,0,0,0,0,23,6,0,29,0,0,0,29
03/30/2012,BGM,NY,AEA,EN,Combined TRACON& Tower with Radar,0,27,12,0,39,0,0,18,0,18,0,27,30,0,57,6,0,6,63
03/31/2012,BGM,NY,AEA,EN,Combined TRACON& Tower with Radar,0,16,3,0,19,0,0,0,0,0,0,16,3,0,19,0,0,0,19
04/01/2012,BGM,NY,AEA,EN,Combined TRACON& Tower with Radar,0,19,3,0,22,0,0,0,0,0,0,19,3,0,22,0,0,0,22
04/02/2012,BGM,NY,AEA,EN,Combined TRACON& Tower with Radar,0,21,7,0,28,0,0,13,2,15,0,21,20,2,43,2,0,2,45
04/03/2012,BGM,NY,AEA,EN,Combined TRACON& Tower with Radar,0,23,14,1,38,0,0,13,1,14,0,23,27,2,52,56,0,56,108
04/04/2012,BGM,NY,AEA,EN,Combined TRACON& Tower with Radar,0,24,9,0,33,0,0,15,0,15,0,24,24,0,48,6,0,6,54
04/05/2012,BGM,NY,AEA,EN,Combined TRACON& Tower with Radar,0,26,20,0,46,0,0,16,0,16,0,26,36,0,62,0,0,0,62
04/06/2012,BGM,NY,AEA,EN,Combined TRACON& Tower with Radar,0,24,4,0,28,0,0,11,0,11,0,24,15,0,39,0,0,0,39
04/07/2012,BGM,NY,AEA,EN,Combined TRACON& Tower with Radar,0,16,3,0,19,0,0,14,0,14,0,16,17,0,33,6,0,6,39
04/08/2012,BGM,NY,AEA,EN,Combined TRACON& Tower with Radar,0,19,5,0,24,0,0,10,0,10,0,19,15,0,34,0,0,0,34
04/09/2012,BGM,NY,AEA,EN,Combined TRACON& Tower with Radar,0,23,10,0,33,0,0,3,0,3,0,23,13,0,36,0,0,0,36
04/10/2012,BGM,NY,AEA,EN,Combined TRACON& Tower with Radar,0,24,3,12,39,0,2,6,0,8,0,26,9,12,47,4,0,4,51
04/11/2012,BGM,NY,AEA,EN,Combined TRACON& Tower with Radar,0,29,17,2,48,0,0,6,0,6,0,29,23,2,54,0,0,0,54
04/12/2012,BGM,NY,AEA,EN,Combined TRACON& Tower with Radar,0,30,12,6,48,0,0,10,0,10,0,30,22,6,58,28,0,28,86
04/13/2012,BGM,NY,AEA,EN,Combined TRACON& Tower with Radar,0,25,10,0,35,0,0,24,0,24,0,25,34,0,59,20,0,20,79
04/14/2012,BGM,NY,AEA,EN,Combined TRACON& Tower with Radar,0,16,14,1,31,0,0,29,1,30,0,16,43,2,61,28,0,28,89
04/15/2012,BGM,NY,AEA,EN,Combined TRACON& Tower with Radar,0,21,5,0,26,0,0,4,0,4,0,21,9,0,30,0,0,0,30
04/16/2012,BGM,NY,AEA,EN,Combined TRACON& Tower with Radar,0,22,13,0,35,0,0,13,0,13,0,22,26,0,48,30,0,30,78
04/17/2012,BGM,NY,AEA,EN,Combined TRACON& Tower with Radar,0,24,12,0,36,0,2,19,0,21,0,26,31,0,57,2,0,2,59
04/18/2012,BGM,NY,AEA,EN,Combined TRACON& Tower with Radar,0,24,15,10,49,0,0,18,0,18,0,24,33,10,67,4,8,12,79
04/19/2012,BGM,NY,AEA,EN,Combined TRACON& Tower with Radar,0,24,16,0,40,0,0,12,0,12,0,24,28,0,52,68,0,68,120
04/20/2012,BGM,NY,AEA,EN,Combined TRACON& Tower with Radar,0,21,8,3,32,0,0,28,3,31,0,21,36,6,63,72,28,100,163
04/21/2012,BGM,NY,AEA,EN,Combined TRACON& Tower with Radar,0,24,17,0,41,0,0,3,0,3,0,24,20,0,44,0,0,0,44
04/22/2012,BGM,NY,AEA,EN,Combined TRACON& Tower with Radar,0,19,7,0,26,0,0,0,0,0,0,19,7,0,26,0,0,0,26
04/23/2012,BGM,NY,AEA,EN,Combined TRACON& Tower with Radar,0,25,5,0,30,0,0,0,0,0,0,25,5,0,30,0,0,0,30
04/24/2012,BGM,NY,AEA,EN,Combined TRACON& Tower with Radar,0,25,15,0,40,0,0,1,0,1,0,25,16,0,41,0,0,0,41
04/25/2012,BGM,NY,AEA,EN,Combined TRACON& Tower with Radar,0,24,10,4,38,0,0,7,0,7,0,24,17,4,45,0,0,0,45
04/26/2012,BGM,NY,AEA,EN,Combined TRACON& Tower with Radar,0,23,15,0,38,0,0,9,0,9,0,23,24,0,47,26,0,26,73
04/27/2012,BGM,NY,AEA,EN,Combined TRACON& Tower with Radar,0,26,7,0,33,0,0,2,0,2,0,26,9,0,35,36,0,36,71
04/28/2012,BGM,NY,AEA,EN,Combined TRACON& Tower with Radar,0,14,2,0,16,0,0,16,0,16,0,14,18,0,32,20,0,20,52
04/29/2012,BGM,NY,AEA,EN,Combined TRACON& Tower with Radar,0,21,4,0,25,0,0,13,0,13,0,21,17,0,38,6,0,6,44
04/30/2012,BGM,NY,AEA,EN,Combined TRACON& Tower with Radar,0,21,13,2,36,0,0,18,0,18,0,21,31,2,54,26,0,26,80
05/01/2012,BGM,NY,AEA,EN,Combined TRACON& Tower with Radar,0,26,24,9,59,0,0,4,0,4,0,26,28,9,63,6,0,6,69
05/02/2012,BGM,NY,AEA,EN,Combined TRACON& Tower with Radar,0,25,14,2,41,0,1,1,0,2,0,26,15,2,43,0,0,0,43
05/03/2012,BGM,NY,AEA,EN,Combined TRACON& Tower with Radar,0,19,13,0,32,0,0,4,0,4,0,19,17,0,36,84,0,84,120
05/04/2012,BGM,NY,AEA,EN,Combined TRACON& Tower with Radar,0,26,8,0,34,0,0,4,0,4,0,26,12,0,38,65,0,65,103
05/05/2012,BGM,NY,AEA,EN,Combined TRACON& Tower with Radar,0,16,15,0,31,0,0,16,0,16,0,16,31,0,47,0,0,0,47
05/06/2012,BGM,NY,AEA,EN,Combined TRACON& Tower with Radar,0,23,14,0,37,0,0,20,0,20,0,23,34,0,57,18,0,18,75
05/07/2012,BGM,NY,AEA,EN,Combined TRACON& Tower with Radar,0,22,19,0,41,0,0,2,0,2,0,22,21,0,43,0,0,0,43
05/08/2012,BGM,NY,AEA,EN,Combined TRACON& Tower with Radar,0,26,11,0,37,0,0,0,0,0,0,26,11,0,37,0,0,0,37
05/09/2012,BGM,NY,AEA,EN,Combined TRACON& Tower with Radar,0,20,18,0,38,0,0,17,0,17,0,20,35,0,55,35,0,35,90
05/10/2012,BGM,NY,AEA,EN,Combined TRACON& Tower with Radar,0,23,14,0,37,0,0,7,0,7,0,23,21,0,44,2,0,2,46
05/11/2012,BGM,NY,AEA,EN,Combined TRACON& Tower with Radar,0,23,7,0,30,0,0,14,0,14,0,23,21,0,44,20,0,20,64
05/12/2012,BGM,NY,AEA,EN,Combined TRACON& Tower with Radar,0,18,7,0,25,0,0,39,0,39,0,18,46,0,64,14,0,14,78
05/13/2012,BGM,NY,AEA,EN,Combined TRACON& Tower with Radar,0,18,5,0,23,0,0,14,0,14,0,18,19,0,37,0,0,0,37
05/14/2012,BGM,NY,AEA,EN,Combined TRACON& Tower with Radar,0,22,16,0,38,0,0,0,0,0,0,22,16,0,38,0,0,0,38
05/15/2012,BGM,NY,AEA,EN,Combined TRACON& Tower with Radar,0,24,26,6,56,0,0,4,0,4,0,24,30,6,60,0,0,0,60
05/16/2012,BGM,NY,AEA,EN,Combined TRACON& Tower with Radar,0,23,8,1,32,0,0,6,1,7,0,23,14,2,39,20,0,20,59
05/17/2012,BGM,NY,AEA,EN,Combined TRACON& Tower with Radar,0,24,12,0,36,0,0,18,0,18,0,24,30,0,54,40,0,40,94
05/18/2012,BGM,NY,AEA,EN,Combined TRACON& Tower with Radar,0,23,8,6,37,0,1,20,0,21,0,24,28,6,58,8,24,32,90
05/19/2012,BGM,NY,AEA,EN,Combined TRACON& Tower with Radar,0,17,6,0,23,0,0,18,0,18,0,17,24,0,41,12,0,12,53
05/20/2012,BGM,NY,AEA,EN,Combined TRACON& Tower with Radar,0,19,6,0,25,0,0,15,0,15,0,19,21,0,40,4,0,4,44
05/21/2012,BGM,NY,AEA,EN,Combined TRACON& Tower with Radar,0,22,9,0,31,0,0,3,0,3,0,22,12,0,34,6,0,6,40
05/22/2012,BGM,NY,AEA,EN,Combined TRACON& Tower with Radar,0,24,22,0,46,0,0,5,0,5,0,24,27,0,51,20,0,20,71
05/23/2012,BGM,NY,AEA,EN,Combined TRACON& Tower with Radar,0,19,20,8,47,0,0,13,1,14,0,19,33,9,61,0,12,12,73
05/24/2012,BGM,NY,AEA,EN,Combined TRACON& Tower with Radar,0,22,34,10,66,0,0,13,0,13,0,22,47,10,79,24,28,52,131
05/25/2012,BGM,NY,AEA,EN,Combined TRACON& Tower with Radar,0,23,10,0,33,0,0,8,0,8,0,23,18,0,41,58,0,58,99
05/26/2012,BGM,NY,AEA,EN,Combined TRACON& Tower with Radar,0,17,7,0,24,0,0,9,0,9,0,17,16,0,33,24,0,24,57
05/27/2012,BGM,NY,AEA,EN,Combined TRACON& Tower with Radar,0,16,5,0,21,0,0,15,0,15,0,16,20,0,36,2,0,2,38
05/28/2012,BGM,NY,AEA,EN,Combined TRACON& Tower with Radar,0,19,9,0,28,0,1,8,0,9,0,20,17,0,37,0,0,0,37
05/29/2012,BGM,NY,AEA,EN,Combined TRACON& Tower with Radar,0,20,15,0,35,0,0,2,2,4,0,20,17,2,39,8,0,8,47
05/30/2012,BGM,NY,AEA,EN,Combined TRACON& Tower with Radar,0,24,7,9,40,0,0,14,0,14,0,24,21,9,54,30,6,36,90
05/31/2012,BGM,NY,AEA,EN,Combined TRACON& Tower with Radar,0,26,17,4,47,0,1,9,0,10,0,27,26,4,57,10,0,10,67
06/01/2012,BGM,NY,AEA,EN,Combined TRACON& Tower with Radar,0,23,6,0,29,0,0,6,0,6,0,23,12,0,35,0,0,0,35
06/02/2012,BGM,NY,AEA,EN,Combined TRACON& Tower with Radar,0,18,12,0,30,0,0,24,0,24,0,18,36,0,54,14,0,14,68
06/03/2012,BGM,NY,AEA,EN,Combined TRACON& Tower with Radar,0,19,6,0,25,0,0,13,0,13,0,19,19,0,38,26,0,26,64
06/04/2012,BGM,NY,AEA,EN,Combined TRACON& Tower with Radar,0,21,0,0,21,0,0,0,0,0,0,21,0,0,21,0,0,0,21
06/05/2012,BGM,NY,AEA,EN,Combined TRACON& Tower with Radar,0,24,19,2,45,0,0,6,0,6,0,24,25,2,51,0,0,0,51
06/06/2012,BGM,NY,AEA,EN,Combined TRACON& Tower with Radar,0,26,11,0,37,0,0,5,2,7,0,26,16,2,44,29,0,29,73
06/07/2012,BGM,NY,AEA,EN,Combined TRACON& Tower with Radar,0,30,8,12,50,0,0,18,0,18,0,30,26,12,68,24,10,34,102
06/08/2012,BGM,NY,AEA,EN,Combined TRACON& Tower with Radar,0,23,6,0,29,0,0,18,0,18,0,23,24,0,47,8,0,8,55
06/09/2012,BGM,NY,AEA,EN,Combined TRACON& Tower with Radar,0,15,3,0,18,0,2,6,0,8,0,17,9,0,26,58,0,58,84
06/10/2012,BGM,NY,AEA,EN,Combined TRACON& Tower with Radar,0,21,6,0,27,0,0,24,0,24,0,21,30,0,51,4,0,4,55
06/11/2012,BGM,NY,AEA,EN,Combined TRACON& Tower with Radar,0,20,3,0,23,0,0,3,0,3,0,20,6,0,26,0,0,0,26
06/12/2012,BGM,NY,AEA,EN,Combined TRACON& Tower with Radar,1,24,19,4,48,0,0,0,0,0,1,24,19,4,48,0,0,0,48
06/13/2012,BGM,NY,AEA,EN,Combined TRACON& Tower with Radar,0,26,13,0,39,0,2,17,0,19,0,28,30,0,58,22,0,22,80
06/14/2012,BGM,NY,AEA,EN,Combined TRACON& Tower with Radar,0,28,12,7,47,0,0,33,0,33,0,28,45,7,80,24,10,34,114
06/15/2012,BGM,NY,AEA,EN,Combined TRACON& Tower with Radar,0,26,9,0,35,0,1,13,2,16,0,27,22,2,51,0,0,0,51
06/16/2012,BGM,NY,AEA,EN,Combined TRACON& Tower with Radar,0,17,9,0,26,0,0,20,0,20,0,17,29,0,46,10,0,10,56
06/17/2012,BGM,NY,AEA,EN,Combined TRACON& Tower with Radar,0,24,2,0,26,0,0,13,0,13,0,24,15,0,39,46,0,46,85
06/18/2012,BGM,NY,AEA,EN,Combined TRACON& Tower with Radar,0,23,17,5,45,0,0,3,0,3,0,23,20,5,48,0,0,0,48
06/19/2012,BGM,NY,AEA,EN,Combined TRACON& Tower with Radar,0,23,16,6,45,0,3,10,0,13,0,26,26,6,58,26,30,56,114
06/20/2012,BGM,NY,AEA,EN,Combined TRACON& Tower with Radar,0,28,14,2,44,0,0,14,0,14,0,28,28,2,58,11,0,11,69
06/21/2012,BGM,NY,AEA,EN,Combined TRACON& Tower with Radar,0,21,9,0,30,0,1,19,2,22,0,22,28,2,52,2,0,2,54
06/22/2012,BGM,NY,AEA,EN,Combined TRACON& Tower with Radar,0,24,9,0,33,0,1,15,0,16,0,25,24,0,49,0,0,0,49
06/23/2012,BGM,NY,AEA,EN,Combined TRACON& Tower with Radar,0,16,8,0,24,0,0,24,0,24,0,16,32,0,48,34,0,34,82
06/24/2012,BGM,NY,AEA,EN,Combined TRACON& Tower with Radar,0,21,5,0,26,0,0,16,0,16,0,21,21,0,42,0,0,0,42
06/25/2012,BGM,NY,AEA,EN,Combined TRACON& Tower with Radar,0,24,12,12,48,0,0,0,0,0,0,24,12,12,48,0,14,14,62
06/26/2012,BGM,NY,AEA,EN,Combined TRACON& Tower with Radar,0,23,10,0,33,0,0,3,0,3,0,23,13,0,36,0,0,0,36
06/27/2012,BGM,NY,AEA,EN,Combined TRACON& Tower with Radar,0,29,17,2,48,0,2,7,0,9,0,31,24,2,57,0,0,0,57
06/28/2012,BGM,NY,AEA,EN,Combined TRACON& Tower with Radar,0,27,19,0,46,0,2,21,0,23,0,29,40,0,69,5,0,5,74
06/29/2012,BGM,NY,AEA,EN,Combined TRACON& Tower with Radar,0,21,6,0,27,0,1,20,0,21,0,22,26,0,48,69,0,69,117
06/30/2012,BGM,NY,AEA,EN,Combined TRACON& Tower with Radar,0,19,6,0,25,0,1,15,0,16,0,20,21,0,41,24,0,24,65
07/01/2012,BGM,NY,AEA,EN,Combined TRACON& Tower with Radar,0,21,3,0,24,0,0,8,0,8,0,21,11,0,32,0,0,0,32
07/02/2012,BGM,NY,AEA,EN,Combined TRACON& Tower with Radar,0,22,9,7,38,0,0,16,3,19,0,22,25,10,57,33,14,47,104
07/03/2012,BGM,NY,AEA,EN,Combined TRACON& Tower with Radar,0,20,7,1,28,0,0,15,2,17,0,20,22,3,45,12,0,12,57
07/04/2012,BGM,NY,AEA,EN,Combined TRACON& Tower with Radar,0,17,6,0,23,0,0,3,0,3,0,17,9,0,26,0,0,0,26
07/05/2012,BGM,NY,AEA,EN,Combined TRACON& Tower with Radar,0,21,8,0,29,0,0,10,0,10,0,21,18,0,39,0,0,0,39
07/06/2012,BGM,NY,AEA,EN,Combined TRACON& Tower with Radar,0,17,7,0,24,0,0,18,0,18,0,17,25,0,42,4,0,4,46
07/07/2012,BGM,NY,AEA,EN,Combined TRACON& Tower with Radar,0,15,9,0,24,0,0,15,0,15,0,15,24,0,39,0,0,0,39
07/08/2012,BGM,NY,AEA,EN,Combined TRACON& Tower with Radar,0,21,6,0,27,0,0,16,0,16,0,21,22,0,43,10,0,10,53
07/09/2012,BGM,NY,AEA,EN,Combined TRACON& Tower with Radar,0,22,8,0,30,0,0,22,0,22,0,22,30,0,52,12,0,12,64
07/10/2012,BGM,NY,AEA,EN,Combined TRACON& Tower with Radar,0,24,19,0,43,0,0,21,2,23,0,24,40,2,66,17,0,17,83
07/11/2012,BGM,NY,AEA,EN,Combined TRACON& Tower with Radar,0,20,13,0,33,0,0,22,0,22,0,20,35,0,55,46,0,46,101
07/12/2012,BGM,NY,AEA,EN,Combined TRACON& Tower with Radar,0,24,9,6,39,0,0,20,0,20,0,24,29,6,59,28,8,36,95
07/13/2012,BGM,NY,AEA,EN,Combined TRACON& Tower with Radar,0,22,5,0,27,0,0,15,0,15,0,22,20,0,42,48,0,48,90
07/14/2012,BGM,NY,AEA,EN,Combined TRACON& Tower with Radar,0,16,9,0,25,0,2,12,2,16,0,18,21,2,41,8,0,8,49
07/15/2012,BGM,NY,AEA,EN,Combined TRACON& Tower with Radar,0,23,5,0,28,0,0,2,0,2,0,23,7,0,30,0,0,0,30
07/16/2012,BGM,NY,AEA,EN,Combined TRACON& Tower with Radar,0,21,15,0,36,0,2,14,0,16,0,23,29,0,52,0,0,0,52
07/17/2012,BGM,NY,AEA,EN,Combined TRACON& Tower with Radar,0,21,9,0,30,0,0,17,0,17,0,21,26,0,47,32,0,32,79
07/18/2012,BGM,NY,AEA,EN,Combined TRACON& Tower with Radar,0,25,24,13,62,0,0,26,10,36,0,25,50,23,98,22,46,68,166
07/19/2012,BGM,NY,AEA,EN,Combined TRACON& Tower with Radar,0,22,14,0,36,0,0,18,2,20,0,22,32,2,56,34,21,55,111
07/20/2012,BGM,NY,AEA,EN,Combined TRACON& Tower with Radar,0,27,15,0,42,0,0,6,0,6,0,27,21,0,48,2,0,2,50
07/21/2012,BGM,NY,AEA,EN,Combined TRACON& Tower with Radar,0,17,11,0,28,0,0,9,0,9,0,17,20,0,37,0,0,0,37
07/22/2012,BGM,NY,AEA,EN,Combined TRACON& Tower with Radar,0,21,16,0,37,0,0,17,0,17,0,21,33,0,54,30,0,30,84
07/23/2012,BGM,NY,AEA,EN,Combined TRACON& Tower with Radar,0,21,6,0,27,0,0,3,0,3,0,21,9,0,30,0,0,0,30
07/24/2012,BGM,NY,AEA,EN,Combined TRACON& Tower with Radar,0,23,15,6,44,0,0,15,0,15,0,23,30,6,59,50,6,56,115
07/25/2012,BGM,NY,AEA,EN,Combined TRACON& Tower with Radar,0,24,16,4,44,0,0,22,2,24,0,24,38,6,68,0,22,22,90
07/26/2012,BGM,NY,AEA,EN,Combined TRACON& Tower with Radar,0,16,5,2,23,0,0,3,0,3,0,16,8,2,26,24,0,24,50
07/27/2012,BGM,NY,AEA,EN,Combined TRACON& Tower with Radar,0,19,9,0,28,0,0,6,0,6,0,19,15,0,34,12,0,12,46
07/28/2012,BGM,NY,AEA,EN,Combined TRACON& Tower with Radar,0,15,11,0,26,0,0,6,0,6,0,15,17,0,32,6,0,6,38
07/29/2012,BGM,NY,AEA,EN,Combined TRACON& Tower with Radar,0,22,12,0,34,0,0,22,0,22,0,22,34,0,56,32,0,32,88
07/30/2012,BGM,NY,AEA,EN,Combined TRACON& Tower with Radar,0,21,17,0,38,0,0,31,0,31,0,21,48,0,69,24,0,24,93
07/31/2012,BGM,NY,AEA,EN,Combined TRACON& Tower with Radar,0,21,12,0,33,0,0,1,1,2,0,21,13,1,35,18,0,18,53
08/01/2012,BGM,NY,AEA,EN,Combined TRACON& Tower with Radar,0,28,16,6,50,0,2,11,0,13,0,30,27,6,63,38,2,40,103
08/02/2012,BGM,NY,AEA,EN,Combined TRACON& Tower with Radar,0,24,20,0,44,0,0,42,4,46,0,24,62,4,90,36,0,36,126
08/03/2012,BGM,NY,AEA,EN,Combined TRACON& Tower with Radar,0,24,15,1,40,0,0,15,0,15,0,24,30,1,55,11,0,11,66
08/04/2012,BGM,NY,AEA,EN,Combined TRACON& Tower with Radar,0,20,15,1,36,0,0,14,0,14,0,20,29,1,50,14,0,14,64
08/05/2012,BGM,NY,AEA,EN,Combined TRACON& Tower with Radar,0,17,6,0,23,0,0,3,0,3,0,17,9,0,26,30,0,30,56
08/06/2012,BGM,NY,AEA,EN,Combined TRACON& Tower with Radar,0,17,13,0,30,0,0,19,2,21,0,17,32,2,51,38,0,38,89
08/07/2012,BGM,NY,AEA,EN,Combined TRACON& Tower with Radar,0,21,14,0,35,0,0,28,0,28,0,21,42,0,63,6,0,6,69
08/08/2012,BGM,NY,AEA,EN,Combined TRACON& Tower with Radar,0,23,9,0,32,0,1,22,0,23,0,24,31,0,55,4,0,4,59
08/09/2012,BGM,NY,AEA,EN,Combined TRACON& Tower with Radar,0,20,14,0,34,0,0,10,0,10,0,20,24,0,44,0,0,0,44
08/10/2012,BGM,NY,AEA,EN,Combined TRACON& Tower with Radar,0,18,6,0,24,0,0,0,0,0,0,18,6,0,24,0,0,0,24
08/11/2012,BGM,NY,AEA,EN,Combined TRACON& Tower with Radar,0,13,10,0,23,2,0,4,0,6,2,13,14,0,29,0,0,0,29
08/12/2012,BGM,NY,AEA,EN,Combined TRACON& Tower with Radar,0,19,5,0,24,0,0,22,0,22,0,19,27,0,46,49,0,49,95
08/13/2012,BGM,NY,AEA,EN,Combined TRACON& Tower with Radar,0,21,10,4,35,0,0,12,0,12,0,21,22,4,47,0,12,12,59
08/14/2012,BGM,NY,AEA,EN,Combined TRACON& Tower with Radar,0,29,21,0,50,0,0,18,0,18,0,29,39,0,68,0,0,0,68
08/15/2012,BGM,NY,AEA,EN,Combined TRACON& Tower with Radar,0,38,24,0,62,0,0,8,0,8,0,38,32,0,70,18,0,18,88
08/16/2012,BGM,NY,AEA,EN,Combined TRACON& Tower with Radar,0,29,11,0,40,0,0,28,0,28,0,29,39,0,68,41,0,41,109
08/17/2012,BGM,NY,AEA,EN,Combined TRACON& Tower with Radar,0,22,8,0,30,0,0,5,0,5,0,22,13,0,35,7,0,7,42
08/18/2012,BGM,NY,AEA,EN,Combined TRACON& Tower with Radar,0,15,9,0,24,0,0,20,0,20,0,15,29,0,44,20,0,20,64
08/19/2012,BGM,NY,AEA,EN,Combined TRACON& Tower with Radar,0,22,7,0,29,0,0,36,0,36,0,22,43,0,65,30,0,30,95
08/20/2012,BGM,NY,AEA,EN,Combined TRACON& Tower with Radar,0,20,12,0,32,0,0,6,0,6,0,20,18,0,38,0,0,0,38
08/21/2012,BGM,NY,AEA,EN,Combined TRACON& Tower with Radar,0,21,9,0,30,0,0,34,5,39,0,21,43,5,69,10,0,10,79
08/22/2012,BGM,NY,AEA,EN,Combined TRACON& Tower with Radar,0,25,22,4,51,0,0,31,0,31,0,25,53,4,82,16,0,16,98
08/23/2012,BGM,NY,AEA,EN,Combined TRACON& Tower with Radar,0,26,12,11,49,0,0,24,0,24,0,26,36,11,73,22,0,22,95
08/24/2012,BGM,NY,AEA,EN,Combined TRACON& Tower with Radar,0,23,6,2,31,0,0,14,2,16,0,23,20,4,47,14,0,14,61
08/25/2012,BGM,NY,AEA,EN,Combined TRACON& Tower with Radar,0,15,8,0,23,0,0,22,0,22,0,15,30,0,45,21,0,21,66
08/26/2012,BGM,NY,AEA,EN,Combined TRACON& Tower with Radar,0,18,4,0,22,0,0,21,0,21,0,18,25,0,43,14,0,14,57
08/27/2012,BGM,NY,AEA,EN,Combined TRACON& Tower with Radar,0,18,7,0,25,0,0,6,0,6,0,18,13,0,31,0,0,0,31
08/28/2012,BGM,NY,AEA,EN,Combined TRACON& Tower with Radar,0,23,19,1,43,0,0,9,1,10,0,23,28,2,53,58,0,58,111
08/29/2012,BGM,NY,AEA,EN,Combined TRACON& Tower with Radar,0,26,16,0,42,0,0,28,0,28,0,26,44,0,70,70,0,70,140
08/30/2012,BGM,NY,AEA,EN,Combined TRACON& Tower with Radar,0,25,1,8,34,0,0,36,5,41,0,25,37,13,75,38,0,38,113
08/31/2012,BGM,NY,AEA,EN,Combined TRACON& Tower with Radar,0,25,10,1,36,0,0,22,1,23,0,25,32,2,59,86,0,86,145
09/01/2012,BGM,NY,AEA,EN,Combined TRACON& Tower with Radar,0,14,1,0,15,0,0,14,0,14,0,14,15,0,29,28,0,28,57
09/02/2012,BGM,NY,AEA,EN,Combined TRACON& Tower with Radar,0,16,1,0,17,0,0,9,0,9,0,16,10,0,26,44,0,44,70
09/03/2012,BGM,NY,AEA,EN,Combined TRACON& Tower with Radar,0,20,7,0,27,0,0,0,0,0,0,20,7,0,27,0,0,0,27
09/04/2012,BGM,NY,AEA,EN,Combined TRACON& Tower with Radar,0,27,6,0,33,0,0,0,0,0,0,27,6,0,33,0,0,0,33
09/05/2012,BGM,NY,AEA,EN,Combined TRACON& Tower with Radar,0,25,13,0,38,0,0,10,1,11,0,25,23,1,49,6,0,6,55
09/06/2012,BGM,NY,AEA,EN,Combined TRACON& Tower with Radar,0,26,16,8,50,0,1,14,0,15,0,27,30,8,65,54,0,54,119
09/07/2012,BGM,NY,AEA,EN,Combined TRACON& Tower with Radar,0,22,9,0,31,0,0,19,0,19,0,22,28,0,50,17,0,17,67
09/08/2012,BGM,NY,AEA,EN,Combined TRACON& Tower with Radar,0,13,2,0,15,0,0,0,0,0,0,13,2,0,15,0,0,0,15
09/09/2012,BGM,NY,AEA,EN,Combined TRACON& Tower with Radar,0,19,7,0,26,0,0,10,0,10,0,19,17,0,36,16,0,16,52
09/10/2012,BGM,NY,AEA,EN,Combined TRACON& Tower with Radar,0,21,10,0,31,0,0,11,8,19,0,21,21,8,50,41,18,59,109
09/11/2012,BGM,NY,AEA,EN,Combined TRACON& Tower with Radar,0,26,6,2,34,0,2,27,0,29,0,28,33,2,63,30,10,40,103
09/12/2012,BGM,NY,AEA,EN,Combined TRACON& Tower with Radar,0,27,17,2,46,0,0,26,0,26,0,27,43,2,72,12,0,12,84
09/13/2012,BGM,NY,AEA,EN,Combined TRACON& Tower with Radar,0,27,18,5,50,0,0,14,1,15,0,27,32,6,65,14,0,14,79
09/14/2012,BGM,NY,AEA,EN,Combined TRACON& Tower with Radar,0,24,9,0,33,0,2,14,0,16,0,26,23,0,49,37,0,37,86
09/15/2012,BGM,NY,AEA,EN,Combined TRACON& Tower with Radar,0,12,4,0,16,0,0,13,0,13,0,12,17,0,29,4,0,4,33
09/16/2012,BGM,NY,AEA,EN,Combined TRACON& Tower with Radar,0,18,4,0,22,0,0,24,0,24,0,18,28,0,46,20,0,20,66
09/17/2012,BGM,NY,AEA,EN,Combined TRACON& Tower with Radar,0,22,10,0,32,0,0,10,0,10,0,22,20,0,42,8,0,8,50
09/18/2012,BGM,NY,AEA,EN,Combined TRACON& Tower with Radar,0,21,9,0,30,0,0,0,0,0,0,21,9,0,30,0,0,0,30
09/19/2012,BGM,NY,AEA,EN,Combined TRACON& Tower with Radar,0,25,15,0,40,0,3,21,0,24,0,28,36,0,64,40,0,40,104
09/20/2012,BGM,NY,AEA,EN,Combined TRACON& Tower with Radar,0,26,14,0,40,0,0,10,0,10,0,26,24,0,50,0,0,0,50
09/21/2012,BGM,NY,AEA,EN,Combined TRACON& Tower with Radar,0,24,9,0,33,0,0,12,2,14,0,24,21,2,47,20,0,20,67
09/22/2012,BGM,NY,AEA,EN,Combined TRACON& Tower with Radar,0,12,3,0,15,0,0,2,0,2,0,12,5,0,17,0,0,0,17
09/23/2012,BGM,NY,AEA,EN,Combined TRACON& Tower with Radar,0,20,15,0,35,0,0,24,0,24,0,20,39,0,59,24,0,24,83
09/24/2012,BGM,NY,AEA,EN,Combined TRACON& Tower with Radar,0,22,10,0,32,0,0,10,0,10,0,22,20,0,42,0,0,0,42
09/25/2012,BGM,NY,AEA,EN,Combined TRACON& Tower with Radar,0,24,11,0,35,0,4,10,0,14,0,28,21,0,49,0,0,0,49
09/26/2012,BGM,NY,AEA,EN,Combined TRACON& Tower with Radar,0,23,21,0,44,0,0,4,0,4,0,23,25,0,48,10,0,10,58
09/27/2012,BGM,NY,AEA,EN,Combined TRACON& Tower with Radar,0,25,19,2,46,0,0,27,0,27,0,25,46,2,73,32,0,32,105
09/28/2012,BGM,NY,AEA,EN,Combined TRACON& Tower with Radar,0,17,15,0,32,0,0,0,0,0,0,17,15,0,32,0,0,0,32
09/29/2012,BGM,NY,AEA,EN,Combined TRACON& Tower with Radar,0,12,11,0,23,0,0,16,0,16,0,12,27,0,39,32,0,32,71
09/30/2012,BGM,NY,AEA,EN,Combined TRACON& Tower with Radar,0,18,0,0,18,0,0,2,0,2,0,18,2,0,20,0,0,0,20
10/01/2012,BGM,NY,AEA,EN,Combined TRACON& Tower with Radar,0,22,8,0,30,0,0,4,0,4,0,22,12,0,34,20,0,20,54
10/02/2012,BGM,NY,AEA,EN,Combined TRACON& Tower with Radar,0,21,11,0,32,0,0,2,0,2,0,21,13,0,34,8,0,8,42
10/03/2012,BGM,NY,AEA,EN,Combined TRACON& Tower with Radar,0,19,15,0,34,0,0,2,0,2,0,19,17,0,36,24,0,24,60
10/04/2012,BGM,NY,AEA,EN,Combined TRACON& Tower with Radar,0,18,19,0,37,0,0,6,0,6,0,18,25,0,43,24,0,24,67
10/05/2012,BGM,NY,AEA,EN,Combined TRACON& Tower with Radar,0,24,13,0,37,0,0,40,0,40,0,24,53,0,77,20,0,20,97
10/06/2012,BGM,NY,AEA,EN,Combined TRACON& Tower with Radar,0,12,6,0,18,0,0,3,0,3,0,12,9,0,21,0,0,0,21
10/07/2012,BGM,NY,AEA,EN,Combined TRACON& Tower with Radar,0,21,9,0,30,0,0,9,0,9,0,21,18,0,39,0,0,0,39
10/08/2012,BGM,NY,AEA,EN,Combined TRACON& Tower with Radar,0,22,11,0,33,0,0,30,0,30,0,22,41,0,63,0,0,0,63
10/09/2012,BGM,NY,AEA,EN,Combined TRACON& Tower with Radar,0,24,15,0,39,0,0,13,0,13,0,24,28,0,52,4,0,4,56
10/10/2012,BGM,NY,AEA,EN,Combined TRACON& Tower with Radar,0,29,11,0,40,0,0,0,0,0,0,29,11,0,40,0,0,0,40
10/11/2012,BGM,NY,AEA,EN,Combined TRACON& Tower with Radar,0,22,14,0,36,0,0,29,0,29,0,22,43,0,65,18,0,18,83
10/12/2012,BGM,NY,AEA,EN,Combined TRACON& Tower with Radar,0,22,15,2,39,0,0,6,0,6,0,22,21,2,45,0,0,0,45
10/13/2012,BGM,NY,AEA,EN,Combined TRACON& Tower with Radar,0,13,9,0,22,0,0,85,0,85,0,13,94,0,107,6,0,6,113
10/14/2012,BGM,NY,AEA,EN,Combined TRACON& Tower with Radar,0,19,1,0,20,0,0,15,0,15,0,19,16,0,35,24,0,24,59
10/15/2012,BGM,NY,AEA,EN,Combined TRACON& Tower with Radar,0,22,0,0,22,0,0,0,0,0,0,22,0,0,22,0,0,0,22
10/16/2012,BGM,NY,AEA,EN,Combined TRACON& Tower with Radar,0,25,9,0,34,0,1,9,0,10,0,26,18,0,44,14,0,14,58
10/17/2012,BGM,NY,AEA,EN,Combined TRACON& Tower with Radar,0,24,6,0,30,0,0,24,0,24,0,24,30,0,54,15,0,15,69
10/18/2012,BGM,NY,AEA,EN,Combined TRACON& Tower with Radar,0,23,9,2,34,0,0,10,0,10,0,23,19,2,44,30,2,32,76
10/19/2012,BGM,NY,AEA,EN,Combined TRACON& Tower with Radar,0,25,5,0,30,0,0,0,0,0,0,25,5,0,30,38,2,40,70
10/20/2012,BGM,NY,AEA,EN,Combined TRACON& Tower with Radar,0,14,8,0,22,0,0,21,0,21,0,14,29,0,43,6,0,6,49
10/21/2012,BGM,NY,AEA,EN,Combined TRACON& Tower with Radar,0,18,5,0,23,0,0,11,0,11,0,18,16,0,34,6,0,6,40
10/22/2012,BGM,NY,AEA,EN,Combined TRACON& Tower with Radar,0,21,5,0,26,0,0,16,4,20,0,21,21,4,46,36,6,42,88
10/23/2012,BGM,NY,AEA,EN,Combined TRACON& Tower with Radar,0,24,13,0,37,0,0,0,0,0,0,24,13,0,37,0,0,0,37
10/24/2012,BGM,NY,AEA,EN,Combined TRACON& Tower with Radar,0,10,7,2,19,0,0,0,0,0,0,10,7,2,19,0,0,0,19
10/25/2012,BGM,NY,AEA,EN,Combined TRACON& Tower with Radar,0,16,12,0,28,0,0,3,0,3,0,16,15,0,31,0,0,0,31
10/26/2012,BGM,NY,AEA,EN,Combined TRACON& Tower with Radar,0,28,23,0,51,0,0,8,0,8,0,28,31,0,59,0,0,0,59
10/27/2012,BGM,NY,AEA,EN,Combined TRACON& Tower with Radar,0,14,6,0,20,0,0,0,0,0,0,14,6,0,20,0,0,0,20
10/28/2012,BGM,NY,AEA,EN,Combined TRACON& Tower with Radar,0,15,0,0,15,0,0,1,0,1,0,15,1,0,16,0,0,0,16
10/29/2012,BGM,NY,AEA,EN,Combined TRACON& Tower with Radar,0,5,0,0,5,0,0,0,0,0,0,5,0,0,5,0,0,0,5
10/30/2012,BGM,NY,AEA,EN,Combined TRACON& Tower with Radar,0,6,0,0,6,0,0,0,0,0,0,6,0,0,6,0,0,0,6
10/31/2012,BGM,NY,AEA,EN,Combined TRACON& Tower with Radar,0,18,1,0,19,0,0,3,0,3,0,18,4,0,22,0,0,0,22
11/01/2012,BGM,NY,AEA,EN,Combined TRACON& Tower with Radar,0,23,23,0,46,0,0,4,0,4,0,23,27,0,50,0,0,0,50
11/02/2012,BGM,NY,AEA,EN,Combined TRACON& Tower with Radar,0,23,9,0,32,0,0,1,0,1,0,23,10,0,33,0,0,0,33
11/03/2012,BGM,NY,AEA,EN,Combined TRACON& Tower with Radar,0,12,2,0,14,0,0,0,0,0,0,12,2,0,14,0,0,0,14
11/04/2012,BGM,NY,AEA,EN,Combined TRACON& Tower with Radar,0,20,4,0,24,0,0,1,0,1,0,20,5,0,25,0,0,0,25
11/05/2012,BGM,NY,AEA,EN,Combined TRACON& Tower with Radar,0,23,4,0,27,0,0,6,0,6,0,23,10,0,33,22,0,22,55
11/06/2012,BGM,NY,AEA,EN,Combined TRACON& Tower with Radar,0,28,12,0,40,0,0,19,0,19,0,28,31,0,59,8,0,8,67
11/07/2012,BGM,NY,AEA,EN,Combined TRACON& Tower with Radar,0,24,4,0,28,0,0,17,0,17,0,24,21,0,45,28,0,28,73
11/08/2012,BGM,NY,AEA,EN,Combined TRACON& Tower with Radar,0,26,14,1,41,0,0,5,1,6,0,26,19,2,47,14,0,14,61
11/09/2012,BGM,NY,AEA,EN,Combined TRACON& Tower with Radar,0,27,24,0,51,0,2,20,2,24,0,29,44,2,75,14,0,14,89
11/10/2012,BGM,NY,AEA,EN,Combined TRACON& Tower with Radar,0,13,3,5,21,0,0,11,0,11,0,13,14,5,32,16,0,16,48
11/11/2012,BGM,NY,AEA,EN,Combined TRACON& Tower with Radar,0,25,15,0,40,0,0,38,0,38,0,25,53,0,78,52,0,52,130
11/12/2012,BGM,NY,AEA,EN,Combined TRACON& Tower with Radar,0,21,8,0,29,0,0,6,0,6,0,21,14,0,35,32,0,32,67
11/13/2012,BGM,NY,AEA,EN,Combined TRACON& Tower with Radar,0,22,15,6,43,0,3,15,0,18,0,25,30,6,61,0,0,0,61
11/14/2012,BGM,NY,AEA,EN,Combined TRACON& Tower with Radar,0,24,11,1,36,0,0,30,7,37,0,24,41,8,73,18,22,40,113
11/15/2012,BGM,NY,AEA,EN,Combined TRACON& Tower with Radar,0,26,10,4,40,0,0,23,0,23,0,26,33,4,63,10,0,10,73
11/16/2012,BGM,NY,AEA,EN,Combined TRACON& Tower with Radar,0,24,18,0,42,0,0,37,0,37,0,24,55,0,79,27,0,27,106
11/17/2012,BGM,NY,AEA,EN,Combined TRACON& Tower with Radar,0,11,10,0,21,0,0,42,0,42,0,11,52,0,63,1,0,1,64
11/18/2012,BGM,NY,AEA,EN,Combined TRACON& Tower with Radar,0,23,8,0,31,0,0,39,0,39,0,23,47,0,70,1,0,1,71
11/19/2012,BGM,NY,AEA,EN,Combined TRACON& Tower with Radar,0,20,4,0,24,0,0,22,0,22,0,20,26,0,46,18,0,18,64
11/20/2012,BGM,NY,AEA,EN,Combined TRACON& Tower with Radar,0,25,18,2,45,0,0,20,0,20,0,25,38,2,65,16,0,16,81
11/21/2012,BGM,NY,AEA,EN,Combined TRACON& Tower with Radar,0,24,10,0,34,0,0,20,0,20,0,24,30,0,54,22,0,22,76
11/22/2012,BGM,NY,AEA,EN,Combined TRACON& Tower with Radar,0,12,3,0,15,0,0,8,0,8,0,12,11,0,23,0,0,0,23
11/23/2012,BGM,NY,AEA,EN,Combined TRACON& Tower with Radar,0,13,4,0,17,0,0,9,0,9,0,13,13,0,26,6,0,6,32
11/24/2012,BGM,NY,AEA,EN,Combined TRACON& Tower with Radar,0,19,2,0,21,0,0,0,0,0,0,19,2,0,21,12,0,12,33
11/25/2012,BGM,NY,AEA,EN,Combined TRACON& Tower with Radar,0,21,6,0,27,0,0,2,0,2,0,21,8,0,29,0,0,0,29
11/26/2012,BGM,NY,AEA,EN,Combined TRACON& Tower with Radar,0,23,10,0,33,0,0,12,0,12,0,23,22,0,45,20,0,20,65
11/27/2012,BGM,NY,AEA,EN,Combined TRACON& Tower with Radar,0,24,6,0,30,0,0,0,0,0,0,24,6,0,30,0,0,0,30
11/28/2012,BGM,NY,AEA,EN,Combined TRACON& Tower with Radar,0,23,13,0,36,0,0,3,0,3,0,23,16,0,39,0,0,0,39
11/29/2012,BGM,NY,AEA,EN,Combined TRACON& Tower with Radar,0,22,15,0,37,0,0,16,0,16,0,22,31,0,53,24,0,24,77
11/30/2012,BGM,NY,AEA,EN,Combined TRACON& Tower with Radar,0,23,4,0,27,0,0,7,0,7,0,23,11,0,34,2,0,2,36
12/01/2012,BGM,NY,AEA,EN,Combined TRACON& Tower with Radar,0,12,1,0,13,0,0,0,0,0,0,12,1,0,13,0,0,0,13
12/02/2012,BGM,NY,AEA,EN,Combined TRACON& Tower with Radar,0,17,3,2,22,0,0,0,0,0,0,17,3,2,22,0,0,0,22
12/03/2012,BGM,NY,AEA,EN,Combined TRACON& Tower with Radar,0,19,16,10,45,0,0,15,0,15,0,19,31,10,60,20,4,24,84
12/04/2012,BGM,NY,AEA,EN,Combined TRACON& Tower with Radar,0,23,9,1,33,0,0,14,2,16,0,23,23,3,49,12,10,22,71
12/05/2012,BGM,NY,AEA,EN,Combined TRACON& Tower with Radar,0,24,15,5,44,0,3,1,0,4,0,27,16,5,48,0,0,0,48
12/06/2012,BGM,NY,AEA,EN,Combined TRACON& Tower with Radar,0,22,13,1,36,0,1,26,3,30,0,23,39,4,66,58,0,58,124
12/07/2012,BGM,NY,AEA,EN,Combined TRACON& Tower with Radar,0,21,9,0,30,0,0,0,0,0,0,21,9,0,30,0,0,0,30
12/08/2012,BGM,NY,AEA,EN,Combined TRACON& Tower with Radar,0,11,2,0,13,0,0,0,0,0,0,11,2,0,13,0,0,0,13
12/09/2012,BGM,NY,AEA,EN,Combined TRACON& Tower with Radar,0,18,7,0,25,0,0,3,0,3,0,18,10,0,28,22,0,22,50
12/10/2012,BGM,NY,AEA,EN,Combined TRACON& Tower with Radar,0,16,12,0,28,0,0,0,0,0,0,16,12,0,28,0,0,0,28
12/11/2012,BGM,NY,AEA,EN,Combined TRACON& Tower with Radar,0,22,10,0,32,0,0,14,0,14,0,22,24,0,46,20,0,20,66
12/12/2012,BGM,NY,AEA,EN,Combined TRACON& Tower with Radar,0,26,21,2,49,0,0,25,0,25,0,26,46,2,74,42,20,62,136
12/13/2012,BGM,NY,AEA,EN,Combined TRACON& Tower with Radar,0,22,10,2,34,0,0,27,0,27,0,22,37,2,61,8,0,8,69
12/14/2012,BGM,NY,AEA,EN,Combined TRACON& Tower with Radar,0,25,19,0,44,0,0,21,2,23,0,25,40,2,67,48,0,48,115
12/15/2012,BGM,NY,AEA,EN,Combined TRACON& Tower with Radar,0,12,13,0,25,0,0,42,0,42,0,12,55,0,67,45,0,45,112
12/16/2012,BGM,NY,AEA,EN,Combined TRACON& Tower with Radar,0,19,7,0,26,0,0,0,0,0,0,19,7,0,26,0,0,0,26
12/17/2012,BGM,NY,AEA,EN,Combined TRACON& Tower with Radar,0,18,7,0,25,0,0,0,0,0,0,18,7,0,25,0,0,0,25
12/18/2012,BGM,NY,AEA,EN,Combined TRACON& Tower with Radar,0,24,11,0,35,0,0,0,0,0,0,24,11,0,35,0,0,0,35
12/19/2012,BGM,NY,AEA,EN,Combined TRACON& Tower with Radar,0,23,5,0,28,0,0,5,0,5,0,23,10,0,33,10,0,10,43
12/20/2012,BGM,NY,AEA,EN,Combined TRACON& Tower with Radar,0,21,22,0,43,0,0,26,0,26,0,21,48,0,69,22,0,22,91
12/21/2012,BGM,NY,AEA,EN,Combined TRACON& Tower with Radar,0,23,3,0,26,0,0,0,0,0,0,23,3,0,26,0,0,0,26
12/22/2012,BGM,NY,AEA,EN,Combined TRACON& Tower with Radar,0,12,4,0,16,0,0,0,0,0,0,12,4,0,16,0,0,0,16
12/23/2012,BGM,NY,AEA,EN,Combined TRACON& Tower with Radar,0,17,3,0,20,0,1,3,0,4,0,18,6,0,24,0,0,0,24
12/24/2012,BGM,NY,AEA,EN,Combined TRACON& Tower with Radar,0,14,4,0,18,0,0,17,0,17,0,14,21,0,35,38,0,38,73
12/25/2012,BGM,NY,AEA,EN,Combined TRACON& Tower with Radar,0,14,0,0,14,0,0,0,0,0,0,14,0,0,14,0,0,0,14
12/26/2012,BGM,NY,AEA,EN,Combined TRACON& Tower with Radar,0,13,5,0,18,0,0,3,0,3,0,13,8,0,21,20,0,20,41
12/27/2012,BGM,NY,AEA,EN,Combined TRACON& Tower with Radar,0,18,3,0,21,0,0,0,0,0,0,18,3,0,21,0,0,0,21
12/28/2012,BGM,NY,AEA,EN,Combined TRACON& Tower with Radar,0,22,5,0,27,0,0,0,0,0,0,22,5,0,27,0,0,0,27
12/29/2012,BGM,NY,AEA,EN,Combined TRACON& Tower with Radar,0,9,2,0,11,0,0,0,0,0,0,9,2,0,11,0,0,0,11
12/30/2012,BGM,NY,AEA,EN,Combined TRACON& Tower with Radar,0,15,1,0,16,0,0,0,0,0,0,15,1,0,16,0,0,0,16
12/31/2012,BGM,NY,AEA,EN,Combined TRACON& Tower with Radar,0,18,1,0,19,0,0,3,0,3,0,18,4,0,22,0,0,0,22
01/01/2013,BGM,NY,AEA,EN,Combined TRACON& Tower with Radar,0,20,1,0,21,0,0,0,0,0,0,20,1,0,21,0,0,0,21
01/02/2013,BGM,NY,AEA,EN,Combined TRACON& Tower with Radar,0,18,10,0,28,0,0,0,0,0,0,18,10,0,28,6,0,6,34
01/03/2013,BGM,NY,AEA,EN,Combined TRACON& Tower with Radar,0,24,3,3,30,0,0,3,0,3,0,24,6,3,33,2,0,2,35
01/04/2013,BGM,NY,AEA,EN,Combined TRACON& Tower with Radar,0,23,1,0,24,0,0,0,0,0,0,23,1,0,24,34,0,34,58
01/05/2013,BGM,NY,AEA,EN,Combined TRACON& Tower with Radar,0,15,4,0,19,0,0,10,0,10,0,15,14,0,29,58,0,58,87
01/06/2013,BGM,NY,AEA,EN,Combined TRACON& Tower with Radar,0,19,2,0,21,0,0,12,0,12,0,19,14,0,33,31,0,31,64
01/07/2013,BGM,NY,AEA,EN,Combined TRACON& Tower with Radar,0,17,3,0,20,0,0,4,0,4,0,17,7,0,24,28,0,28,52
01/08/2013,BGM,NY,AEA,EN,Combined TRACON& Tower with Radar,0,17,13,0,30,0,0,23,0,23,0,17,36,0,53,44,0,44,97
01/09/2013,BGM,NY,AEA,EN,Combined TRACON& Tower with Radar,0,19,9,0,28,0,0,11,0,11,0,19,20,0,39,4,0,4,43
01/10/2013,BGM,NY,AEA,EN,Combined TRACON& Tower with Radar,0,17,11,4,32,0,0,8,0,8,0,17,19,4,40,24,8,32,72
01/11/2013,BGM,NY,AEA,EN,Combined TRACON& Tower with Radar,0,20,4,0,24,0,0,2,0,2,0,20,6,0,26,40,0,40,66
01/12/2013,BGM,NY,AEA,EN,Combined TRACON& Tower with Radar,0,12,1,0,13,0,0,0,0,0,0,12,1,0,13,0,0,0,13
01/13/2013,BGM,NY,AEA,EN,Combined TRACON& Tower with Radar,0,12,10,0,22,0,0,2,0,2,0,12,12,0,24,0,0,0,24
01/14/2013,BGM,NY,AEA,EN,Combined TRACON& Tower with Radar,0,18,6,6,30,0,0,6,0,6,0,18,12,6,36,18,8,26,62
01/15/2013,BGM,NY,AEA,EN,Combined TRACON& Tower with Radar,0,19,11,0,30,0,0,15,0,15,0,19,26,0,45,22,0,22,67
01/16/2013,BGM,NY,AEA,EN,Combined TRACON& Tower with Radar,0,13,8,0,21,0,0,0,0,0,0,13,8,0,21,0,0,0,21
01/17/2013,BGM,NY,AEA,EN,Combined TRACON& Tower with Radar,0,20,13,0,33,0,0,4,0,4,0,20,17,0,37,24,0,24,61
01/18/2013,BGM,NY,AEA,EN,Combined TRACON& Tower with Radar,0,26,5,0,31,0,0,18,0,18,0,26,23,0,49,42,0,42,91
01/19/2013,BGM,NY,AEA,EN,Combined TRACON& Tower with Radar,0,12,3,0,15,0,0,14,0,14,0,12,17,0,29,0,0,0,29
01/20/2013,BGM,NY,AEA,EN,Combined TRACON& Tower with Radar,0,16,4,0,20,0,0,1,0,1,0,16,5,0,21,0,0,0,21
01/21/2013,BGM,NY,AEA,EN,Combined TRACON& Tower with Radar,0,18,16,0,34,0,0,3,0,3,0,18,19,0,37,0,0,0,37
01/22/2013,BGM,NY,AEA,EN,Combined TRACON& Tower with Radar,0,24,6,0,30,0,0,2,0,2,0,24,8,0,32,6,0,6,38
01/23/2013,BGM,NY,AEA,EN,Combined TRACON& Tower with Radar,0,27,13,0,40,0,0,1,0,1,0,27,14,0,41,0,0,0,41
01/24/2013,BGM,NY,AEA,EN,Combined TRACON& Tower with Radar,0,24,7,0,31,0,0,6,0,6,0,24,13,0,37,4,0,4,41
01/25/2013,BGM,NY,AEA,EN,Combined TRACON& Tower with Radar,0,18,2,0,20,0,0,5,0,5,0,18,7,0,25,14,0,14,39
01/26/2013,BGM,NY,AEA,EN,Combined TRACON& Tower with Radar,0,20,0,0,20,0,0,3,0,3,0,20,3,0,23,30,0,30,53
01/27/2013,BGM,NY,AEA,EN,Combined TRACON& Tower with Radar,0,18,14,0,32,0,0,13,0,13,0,18,27,0,45,40,0,40,85
01/28/2013,BGM,NY,AEA,EN,Combined TRACON& Tower with Radar,1,14,6,0,21,0,0,0,0,0,1,14,6,0,21,0,0,0,21
01/29/2013,BGM,NY,AEA,EN,Combined TRACON& Tower with Radar,0,18,15,1,34,0,0,0,0,0,0,18,15,1,34,0,0,0,34
01/30/2013,BGM,NY,AEA,EN,Combined TRACON& Tower with Radar,0,18,8,0,26,0,0,0,0,0,0,18,8,0,26,0,0,0,26
01/31/2013,BGM,NY,AEA,EN,Combined TRACON& Tower with Radar,0,21,6,0,27,0,0,0,0,0,0,21,6,0,27,0,0,0,27
02/01/2013,BGM,NY,AEA,EN,Combined TRACON& Tower with Radar,0,27,6,0,33,0,0,1,0,1,0,27,7,0,34,0,0,0,34
02/02/2013,BGM,NY,AEA,EN,Combined TRACON& Tower with Radar,0,12,4,0,16,0,0,5,1,6,0,12,9,1,22,0,0,0,22
02/03/2013,BGM,NY,AEA,EN,Combined TRACON& Tower with Radar,0,19,3,0,22,0,0,8,1,9,0,19,11,1,31,52,0,52,83
02/04/2013,BGM,NY,AEA,EN,Combined TRACON& Tower with Radar,0,20,1,3,24,0,0,2,6,8,0,20,3,9,32,0,0,0,32
02/05/2013,BGM,NY,AEA,EN,Combined TRACON& Tower with Radar,0,22,8,0,30,0,0,11,1,12,0,22,19,1,42,30,0,30,72
02/06/2013,BGM,NY,AEA,EN,Combined TRACON& Tower with Radar,0,23,6,0,29,0,0,2,0,2,0,23,8,0,31,14,0,14,45
02/07/2013,BGM,NY,AEA,EN,Combined TRACON& Tower with Radar,0,21,26,8,55,0,0,13,0,13,0,21,39,8,68,18,0,18,86
02/08/2013,BGM,NY,AEA,EN,Combined TRACON& Tower with Radar,0,7,2,0,9,0,0,0,0,0,0,7,2,0,9,0,0,0,9
02/09/2013,BGM,NY,AEA,EN,Combined TRACON& Tower with Radar,0,8,4,0,12,0,0,1,0,1,0,8,5,0,13,0,0,0,13
02/10/2013,BGM,NY,AEA,EN,Combined TRACON& Tower with Radar,0,19,11,0,30,0,0,31,0,31,0,19,42,0,61,24,0,24,85
02/11/2013,BGM,NY,AEA,EN,Combined TRACON& Tower with Radar,0,17,2,0,19,0,0,0,0,0,0,17,2,0,19,0,0,0,19
02/12/2013,BGM,NY,AEA,EN,Combined TRACON& Tower with Radar,0,22,13,1,36,0,0,4,2,6,0,22,17,3,42,0,0,0,42
02/13/2013,BGM,NY,AEA,EN,Combined TRACON& Tower with Radar,0,21,8,0,29,0,0,17,0,17,0,21,25,0,46,36,0,36,82
02/14/2013,BGM,NY,AEA,EN,Combined TRACON& Tower with Radar,0,24,10,4,38,0,0,17,0,17,0,24,27,4,55,22,10,32,87
02/15/2013,BGM,NY,AEA,EN,Combined TRACON& Tower with Radar,0,22,7,0,29,0,0,6,0,6,0,22,13,0,35,0,0,0,35
02/16/2013,BGM,NY,AEA,EN,Combined TRACON& Tower with Radar,0,11,7,0,18,0,0,4,0,4,0,11,11,0,22,5,0,5,27
02/17/2013,BGM,NY,AEA,EN,Combined TRACON& Tower with Radar,0,21,0,0,21,0,0,0,0,0,0,21,0,0,21,0,0,0,21
02/18/2013,BGM,NY,AEA,EN,Combined TRACON& Tower with Radar,0,21,3,0,24,0,0,9,0,9,0,21,12,0,33,0,0,0,33
02/19/2013,BGM,NY,AEA,EN,Combined TRACON& Tower with Radar,0,20,3,0,23,0,0,0,0,0,0,20,3,0,23,0,0,0,23
02/20/2013,BGM,NY,AEA,EN,Combined TRACON& Tower with Radar,0,18,11,0,29,0,0,2,0,2,0,18,13,0,31,0,0,0,31
02/21/2013,BGM,NY,AEA,EN,Combined TRACON& Tower with Radar,0,20,9,0,29,0,0,0,0,0,0,20,9,0,29,0,0,0,29
02/22/2013,BGM,NY,AEA,EN,Combined TRACON& Tower with Radar,0,22,5,0,27,0,0,8,0,8,0,22,13,0,35,0,0,0,35
02/23/2013,BGM,NY,AEA,EN,Combined TRACON& Tower with Radar,0,12,1,0,13,0,0,0,0,0,0,12,1,0,13,0,0,0,13
02/24/2013,BGM,NY,AEA,EN,Combined TRACON& Tower with Radar,0,18,3,0,21,0,0,0,0,0,0,18,3,0,21,0,0,0,21
02/25/2013,BGM,NY,AEA,EN,Combined TRACON& Tower with Radar,0,21,14,0,35,0,0,8,0,8,0,21,22,0,43,0,0,0,43
02/26/2013,BGM,NY,AEA,EN,Combined TRACON& Tower with Radar,0,21,10,0,31,0,4,6,0,10,0,25,16,0,41,0,0,0,41
02/27/2013,BGM,NY,AEA,EN,Combined TRACON& Tower with Radar,0,21,1,0,22,0,0,0,0,0,0,21,1,0,22,0,0,0,22
02/28/2013,BGM,NY,AEA,EN,Combined TRACON& Tower with Radar,0,20,7,0,27,0,0,1,1,2,0,20,8,1,29,16,0,16,45
03/01/2013,BGM,NY,AEA,EN,Combined TRACON& Tower with Radar,0,19,0,1,20,0,0,0,1,1,0,19,0,2,21,26,0,26,47
03/02/2013,BGM,NY,AEA,EN,Combined TRACON& Tower with Radar,0,14,3,0,17,0,0,0,0,0,0,14,3,0,17,0,0,0,17
03/03/2013,BGM,NY,AEA,EN,Combined TRACON& Tower with Radar,0,22,4,0,26,0,0,0,0,0,0,22,4,0,26,0,0,0,26
03/04/2013,BGM,NY,AEA,EN,Combined TRACON& Tower with Radar,0,20,5,0,25,0,0,1,0,1,0,20,6,0,26,0,0,0,26
03/05/2013,BGM,NY,AEA,EN,Combined TRACON& Tower with Radar,0,22,28,0,50,0,0,17,0,17,0,22,45,0,67,26,0,26,93
03/06/2013,BGM,NY,AEA,EN,Combined TRACON& Tower with Radar,0,13,8,3,24,0,0,2,2,4,0,13,10,5,28,16,0,16,44
03/07/2013,BGM,NY,AEA,EN,Combined TRACON& Tower with Radar,0,18,11,0,29,0,0,7,0,7,0,18,18,0,36,36,0,36,72
03/08/2013,BGM,NY,AEA,EN,Combined TRACON& Tower with Radar,0,23,5,0,28,0,0,10,0,10,0,23,15,0,38,0,0,0,38
03/09/2013,BGM,NY,AEA,EN,Combined TRACON& Tower with Radar,0,14,7,0,21,0,0,36,0,36,0,14,43,0,57,14,0,14,71
03/10/2013,BGM,NY,AEA,EN,Combined TRACON& Tower with Radar,0,18,25,0,43,0,0,20,0,20,0,18,45,0,63,8,0,8,71
03/11/2013,BGM,NY,AEA,EN,Combined TRACON& Tower with Radar,0,22,11,1,34,0,0,5,0,5,0,22,16,1,39,12,0,12,51
03/12/2013,BGM,NY,AEA,EN,Combined TRACON& Tower with Radar,0,22,14,0,36,0,0,0,0,0,0,22,14,0,36,0,0,0,36
03/13/2013,BGM,NY,AEA,EN,Combined TRACON& Tower with Radar,0,22,15,2,39,0,0,2,0,2,0,22,17,2,41,6,0,6,47
03/14/2013,BGM,NY,AEA,EN,Combined TRACON& Tower with Radar,0,23,6,0,29,0,0,2,0,2,0,23,8,0,31,0,0,0,31
03/15/2013,BGM,NY,AEA,EN,Combined TRACON& Tower with Radar,0,22,10,0,32,0,0,2,0,2,0,22,12,0,34,4,0,4,38
03/16/2013,BGM,NY,AEA,EN,Combined TRACON& Tower with Radar,0,15,10,0,25,0,0,4,1,5,0,15,14,1,30,0,0,0,30
03/17/2013,BGM,NY,AEA,EN,Combined TRACON& Tower with Radar,0,23,4,0,27,0,0,11,0,11,0,23,15,0,38,19,0,19,57
03/18/2013,BGM,NY,AEA,EN,Combined TRACON& Tower with Radar,0,21,7,0,28,0,0,2,0,2,0,21,9,0,30,12,0,12,42
03/19/2013,BGM,NY,AEA,EN,Combined TRACON& Tower with Radar,0,24,10,0,34,0,0,0,0,0,0,24,10,0,34,0,0,0,34
03/20/2013,BGM,NY,AEA,EN,Combined TRACON& Tower with Radar,0,24,6,0,30,0,0,4,1,5,0,24,10,1,35,14,0,14,49
03/21/2013,BGM,NY,AEA,EN,Combined TRACON& Tower with Radar,0,22,6,0,28,0,0,4,0,4,0,22,10,0,32,8,0,8,40
03/22/2013,BGM,NY,AEA,EN,Combined TRACON& Tower with Radar,0,22,3,0,25,0,0,1,0,1,0,22,4,0,26,0,0,0,26
03/23/2013,BGM,NY,AEA,EN,Combined TRACON& Tower with Radar,0,14,4,0,18,0,2,2,0,4,0,16,6,0,22,0,0,0,22
03/24/2013,BGM,NY,AEA,EN,Combined TRACON& Tower with Radar,0,20,6,0,26,0,0,30,0,30,0,20,36,0,56,22,0,22,78
03/25/2013,BGM,NY,AEA,EN,Combined TRACON& Tower with Radar,0,23,6,8,37,0,3,0,0,3,0,26,6,8,40,0,14,14,54
03/26/2013,BGM,NY,AEA,EN,Combined TRACON& Tower with Radar,0,24,8,0,32,0,0,5,0,5,0,24,13,0,37,0,0,0,37
03/27/2013,BGM,NY,AEA,EN,Combined TRACON& Tower with Radar,0,23,12,0,35,0,0,8,0,8,0,23,20,0,43,0,0,0,43
03/28/2013,BGM,NY,AEA,EN,Combined TRACON& Tower with Radar,0,24,6,0,30,0,0,0,0,0,0,24,6,0,30,12,0,12,42
03/29/2013,BGM,NY,AEA,EN,Combined TRACON& Tower with Radar,0,21,6,0,27,0,0,7,0,7,0,21,13,0,34,18,0,18,52
03/30/2013,BGM,NY,AEA,EN,Combined TRACON& Tower with Radar,0,15,6,0,21,0,0,37,0,37,0,15,43,0,58,0,0,0,58
03/31/2013,BGM,NY,AEA,EN,Combined TRACON& Tower with Radar,0,18,2,0,20,0,0,0,0,0,0,18,2,0,20,0,0,0,20
04/01/2013,BGM,NY,AEA,EN,Combined TRACON& Tower with Radar,0,22,1,0,23,0,0,4,0,4,0,22,5,0,27,0,0,0,27
04/02/2013,BGM,NY,AEA,EN,Combined TRACON& Tower with Radar,0,22,6,0,28,0,0,9,1,10,0,22,15,1,38,0,0,0,38
04/03/2013,BGM,NY,AEA,EN,Combined TRACON& Tower with Radar,0,22,13,0,35,0,0,3,0,3,0,22,16,0,38,22,0,22,60
04/04/2013,BGM,NY,AEA,EN,Combined TRACON& Tower with Radar,0,22,17,0,39,0,0,17,0,17,0,22,34,0,56,22,0,22,78
04/05/2013,BGM,NY,AEA,EN,Combined TRACON& Tower with Radar,0,21,11,0,32,0,1,11,0,12,0,22,22,0,44,14,0,14,58
04/06/2013,BGM,NY,AEA,EN,Combined TRACON& Tower with Radar,0,15,15,0,30,0,0,22,0,22,0,15,37,0,52,0,0,0,52
04/07/2013,BGM,NY,AEA,EN,Combined TRACON& Tower with Radar,0,22,6,0,28,0,0,1,0,1,0,22,7,0,29,0,0,0,29
04/08/2013,BGM,NY,AEA,EN,Combined TRACON& Tower with Radar,0,19,13,2,34,0,0,17,1,18,0,19,30,3,52,0,0,0,52
04/09/2013,BGM,NY,AEA,EN,Combined TRACON& Tower with Radar,0,20,16,6,42,0,0,11,2,13,0,20,27,8,55,6,0,6,61
04/10/2013,BGM,NY,AEA,EN,Combined TRACON& Tower with Radar,0,14,11,0,25,0,0,0,0,0,0,14,11,0,25,0,0,0,25
04/11/2013,BGM,NY,AEA,EN,Combined TRACON& Tower with Radar,0,21,12,0,33,0,0,1,0,1,0,21,13,0,34,0,0,0,34
04/12/2013,BGM,NY,AEA,EN,Combined TRACON& Tower with Radar,0,19,7,0,26,0,0,0,0,0,0,19,7,0,26,0,0,0,26
04/13/2013,BGM,NY,AEA,EN,Combined TRACON& Tower with Radar,0,12,11,0,23,0,0,19,0,19,0,12,30,0,42,20,0,20,62
04/14/2013,BGM,NY,AEA,EN,Combined TRACON& Tower with Radar,0,18,3,0,21,0,0,12,0,12,0,18,15,0,33,10,0,10,43
04/15/2013,BGM,NY,AEA,EN,Combined TRACON& Tower with Radar,0,18,11,0,29,0,0,16,2,18,0,18,27,2,47,0,0,0,47
04/16/2013,BGM,NY,AEA,EN,Combined TRACON& Tower with Radar,0,19,17,0,36,0,0,0,0,0,0,19,17,0,36,2,0,2,38
04/17/2013,BGM,NY,AEA,EN,Combined TRACON& Tower with Radar,0,19,20,0,39,0,0,24,0,24,0,19,44,0,63,18,0,18,81
04/18/2013,BGM,NY,AEA,EN,Combined TRACON& Tower with Radar,0,19,12,0,31,0,0,1,1,2,0,19,13,1,33,0,0,0,33
04/19/2013,BGM,NY,AEA,EN,Combined TRACON& Tower with Radar,0,17,24,0,41,0,1,2,0,3,0,18,26,0,44,2,0,2,46
04/20/2013,BGM,NY,AEA,EN,Combined TRACON& Tower with Radar,0,11,3,0,14,0,0,4,0,4,0,11,7,0,18,0,0,0,18
04/21/2013,BGM,NY,AEA,EN,Combined TRACON& Tower with Radar,0,18,14,0,32,0,0,42,0,42,0,18,56,0,74,24,0,24,98
04/22/2013,BGM,NY,AEA,EN,Combined TRACON& Tower with Radar,0,19,13,0,32,0,0,10,0,10,0,19,23,0,42,4,0,4,46
04/23/2013,BGM,NY,AEA,EN,Combined TRACON& Tower with Radar,0,20,11,0,31,0,0,16,0,16,0,20,27,0,47,0,0,0,47
04/24/2013,BGM,NY,AEA,EN,Combined TRACON& Tower with Radar,0,22,4,3,29,0,0,4,3,7,0,22,8,6,36,0,6,6,42
04/25/2013,BGM,NY,AEA,EN,Combined TRACON& Tower with Radar,0,21,16,0,37,0,0,26,0,26,0,21,42,0,63,0,0,0,63
04/26/2013,BGM,NY,AEA,EN,Combined TRACON& Tower with Radar,0,19,14,1,34,0,3,12,0,15,0,22,26,1,49,20,0,20,69
04/27/2013,BGM,NY,AEA,EN,Combined TRACON& Tower with Radar,0,12,12,0,24,0,0,29,0,29,0,12,41,0,53,22,0,22,75
04/28/2013,BGM,NY,AEA,EN,Combined TRACON& Tower with Radar,0,19,3,0,22,0,0,25,0,25,0,19,28,0,47,6,0,6,53
04/29/2013,BGM,NY,AEA,EN,Combined TRACON& Tower with Radar,0,19,14,0,33,0,0,1,0,1,0,19,15,0,34,0,0,0,34
04/30/2013,BGM,NY,AEA,EN,Combined TRACON& Tower with Radar,0,23,22,0,45,0,0,3,2,5,0,23,25,2,50,44,0,44,94
05/01/2013,BGM,NY,AEA,EN,Combined TRACON& Tower with Radar,0,22,16,0,38,0,0,21,2,23,0,22,37,2,61,10,0,10,71
05/02/2013,BGM,NY,AEA,EN,Combined TRACON& Tower with Radar,0,22,20,0,42,0,0,39,0,39,0,22,59,0,81,6,0,6,87
05/03/2013,BGM,NY,AEA,EN,Combined TRACON& Tower with Radar,0,22,3,0,25,0,0,19,0,19,0,22,22,0,44,22,0,22,66
05/04/2013,BGM,NY,AEA,EN,Combined TRACON& Tower with Radar,0,15,11,0,26,0,0,13,0,13,0,15,24,0,39,6,0,6,45
05/05/2013,BGM,NY,AEA,EN,Combined TRACON& Tower with Radar,0,17,3,0,20,0,0,26,0,26,0,17,29,0,46,0,0,0,46
05/06/2013,BGM,NY,AEA,EN,Combined TRACON& Tower with Radar,0,22,4,6,32,0,0,9,0,9,0,22,13,6,41,0,10,10,51
05/07/2013,BGM,NY,AEA,EN,Combined TRACON& Tower with Radar,0,25,8,0,33,0,0,21,0,21,0,25,29,0,54,18,0,18,72
05/08/2013,BGM,NY,AEA,EN,Combined TRACON& Tower with Radar,0,23,13,0,36,0,0,8,0,8,0,23,21,0,44,0,0,0,44
05/09/2013,BGM,NY,AEA,EN,Combined TRACON& Tower with Radar,0,24,21,0,45,0,0,0,0,0,0,24,21,0,45,0,0,0,45
05/10/2013,BGM,NY,AEA,EN,Combined TRACON& Tower with Radar,0,21,4,0,25,0,1,5,0,6,0,22,9,0,31,24,0,24,55
05/11/2013,BGM,NY,AEA,EN,Combined TRACON& Tower with Radar,0,14,17,0,31,0,0,0,0,0,0,14,17,0,31,0,0,0,31
05/12/2013,BGM,NY,AEA,EN,Combined TRACON& Tower with Radar,0,17,6,0,23,0,0,0,0,0,0,17,6,0,23,0,0,0,23
05/13/2013,BGM,NY,AEA,EN,Combined TRACON& Tower with Radar,0,23,12,0,35,0,0,11,0,11,0,23,23,0,46,6,0,6,52
05/14/2013,BGM,NY,AEA,EN,Combined TRACON& Tower with Radar,0,22,17,4,43,0,1,18,0,19,0,23,35,4,62,8,14,22,84
05/15/2013,BGM,NY,AEA,EN,Combined TRACON& Tower with Radar,0,24,19,0,43,0,0,16,0,16,0,24,35,0,59,0,0,0,59
05/16/2013,BGM,NY,AEA,EN,Combined TRACON& Tower with Radar,0,22,13,0,35,0,0,19,0,19,0,22,32,0,54,32,0,32,86
05/17/2013,BGM,NY,AEA,EN,Combined TRACON& Tower with Radar,0,22,7,0,29,0,0,18,0,18,0,22,25,0,47,15,0,15,62
05/18/2013,BGM,NY,AEA,EN,Combined TRACON& Tower with Radar,0,16,3,0,19,0,0,18,0,18,0,16,21,0,37,10,0,10,47
05/19/2013,BGM,NY,AEA,EN,Combined TRACON& Tower with Radar,0,16,11,0,27,0,0,0,0,0,0,16,11,0,27,0,0,0,27
05/20/2013,BGM,NY,AEA,EN,Combined TRACON& Tower with Radar,0,25,11,8,44,0,0,13,0,13,0,25,24,8,57,8,0,8,65
05/21/2013,BGM,NY,AEA,EN,Combined TRACON& Tower with Radar,0,23,16,0,39,0,0,14,0,14,0,23,30,0,53,6,0,6,59
05/22/2013,BGM,NY,AEA,EN,Combined TRACON& Tower with Radar,0,21,14,0,35,0,0,5,0,5,0,21,19,0,40,0,0,0,40
05/23/2013,BGM,NY,AEA,EN,Combined TRACON& Tower with Radar,0,16,16,0,32,0,0,4,0,4,0,16,20,0,36,4,0,4,40
05/24/2013,BGM,NY,AEA,EN,Combined TRACON& Tower with Radar,0,25,5,0,30,0,0,0,0,0,0,25,5,0,30,0,0,0,30
05/25/2013,BGM,NY,AEA,EN,Combined TRACON& Tower with Radar,0,12,3,0,15,0,0,1,0,1,0,12,4,0,16,0,0,0,16
05/26/2013,BGM,NY,AEA,EN,Combined TRACON& Tower with Radar,0,12,6,0,18,0,0,9,0,9,0,12,15,0,27,0,0,0,27
05/27/2013,BGM,NY,AEA,EN,Combined TRACON& Tower with Radar,0,20,13,0,33,0,0,36,0,36,0,20,49,0,69,0,0,0,69
05/28/2013,BGM,NY,AEA,EN,Combined TRACON& Tower with Radar,0,28,7,0,35,0,0,8,0,8,0,28,15,0,43,2,0,2,45
05/29/2013,BGM,NY,AEA,EN,Combined TRACON& Tower with Radar,0,24,4,0,28,0,0,4,0,4,0,24,8,0,32,0,0,0,32
05/30/2013,BGM,NY,AEA,EN,Combined TRACON& Tower with Radar,0,25,13,0,38,0,0,21,2,23,0,25,34,2,61,10,0,10,71
05/31/2013,BGM,NY,AEA,EN,Combined TRACON& Tower with Radar,0,22,6,0,28,0,0,13,0,13,0,22,19,0,41,22,0,22,63
06/01/2013,BGM,NY,AEA,EN,Combined TRACON& Tower with Radar,0,12,8,0,20,0,0,16,0,16,0,12,24,0,36,4,0,4,40
06/02/2013,BGM,NY,AEA,EN,Combined TRACON& Tower with Radar,0,15,5,0,20,0,0,5,1,6,0,15,10,1,26,0,0,0,26
06/03/2013,BGM,NY,AEA,EN,Combined TRACON& Tower with Radar,0,24,9,0,33,0,0,4,0,4,0,24,13,0,37,2,0,2,39
06/04/2013,BGM,NY,AEA,EN,Combined TRACON& Tower with Radar,0,23,9,1,33,0,0,32,0,32,0,23,41,1,65,10,0,10,75
06/05/2013,BGM,NY,AEA,EN,Combined TRACON& Tower with Radar,0,25,11,0,36,0,0,18,0,18,0,25,29,0,54,40,0,40,94
06/06/2013,BGM,NY,AEA,EN,Combined TRACON& Tower with Radar,0,23,23,0,46,0,0,8,1,9,0,23,31,1,55,16,0,16,71
06/07/2013,BGM,NY,AEA,EN,Combined TRACON& Tower with Radar,0,21,15,0,36,0,0,0,0,0,0,21,15,0,36,0,0,0,36
06/08/2013,BGM,NY,AEA,EN,Combined TRACON& Tower with Radar,0,14,19,0,33,0,0,0,0,0,0,14,19,0,33,0,0,0,33
06/09/2013,BGM,NY,AEA,EN,Combined TRACON& Tower with Radar,0,16,14,0,30,0,0,27,0,27,0,16,41,0,57,12,0,12,69
06/10/2013,BGM,NY,AEA,EN,Combined TRACON& Tower with Radar,0,18,7,0,25,0,0,0,0,0,0,18,7,0,25,0,0,0,25
06/11/2013,BGM,NY,AEA,EN,Combined TRACON& Tower with Radar,0,18,5,0,23,0,0,1,0,1,0,18,6,0,24,0,0,0,24
06/12/2013,BGM,NY,AEA,EN,Combined TRACON& Tower with Radar,0,18,16,1,35,0,0,17,1,18,0,18,33,2,53,24,0,24,77
06/13/2013,BGM,NY,AEA,EN,Combined TRACON& Tower with Radar,0,18,2,0,20,0,0,0,0,0,0,18,2,0,20,0,0,0,20
06/14/2013,BGM,NY,AEA,EN,Combined TRACON& Tower with Radar,0,24,13,0,37,0,0,15,0,15,0,24,28,0,52,18,0,18,70
06/15/2013,BGM,NY,AEA,EN,Combined TRACON& Tower with Radar,0,15,7,0,22,0,1,30,0,31,0,16,37,0,53,16,0,16,69
06/16/2013,BGM,NY,AEA,EN,Combined TRACON& Tower with Radar,0,21,4,0,25,0,0,4,0,4,0,21,8,0,29,0,0,0,29
06/17/2013,BGM,NY,AEA,EN,Combined TRACON& Tower with Radar,0,19,7,0,26,0,2,7,0,9,0,21,14,0,35,0,0,0,35
06/18/2013,BGM,NY,AEA,EN,Combined TRACON& Tower with Radar,0,17,7,0,24,0,0,9,0,9,0,17,16,0,33,18,0,18,51
06/19/2013,BGM,NY,AEA,EN,Combined TRACON& Tower with Radar,0,21,8,6,35,0,0,16,0,16,0,21,24,6,51,0,8,8,59
06/20/2013,BGM,NY,AEA,EN,Combined TRACON& Tower with Radar,0,21,10,3,34,0,0,20,1,21,0,21,30,4,55,8,10,18,73
06/21/2013,BGM,NY,AEA,EN,Combined TRACON& Tower with Radar,0,28,12,0,40,0,0,21,0,21,0,28,33,0,61,32,0,32,93
06/22/2013,BGM,NY,AEA,EN,Combined TRACON& Tower with Radar,0,14,6,0,20,0,0,14,0,14,0,14,20,0,34,10,0,10,44
06/23/2013,BGM,NY,AEA,EN,Combined TRACON& Tower with Radar,0,21,12,0,33,0,0,14,0,14,0,21,26,0,47,14,0,14,61
06/24/2013,BGM,NY,AEA,EN,Combined TRACON& Tower with Radar,0,20,17,0,37,0,0,2,2,4,0,20,19,2,41,0,0,0,41
06/25/2013,BGM,NY,AEA,EN,Combined TRACON& Tower with Radar,0,19,17,0,36,0,0,14,0,14,0,19,31,0,50,2,0,2,52
06/26/2013,BGM,NY,AEA,EN,Combined TRACON& Tower with Radar,0,23,10,0,33,0,0,8,0,8,0,23,18,0,41,0,0,0,41
06/27/2013,BGM,NY,AEA,EN,Combined TRACON& Tower with Radar,0,24,12,0,36,0,0,5,0,5,0,24,17,0,41,0,0,0,41
06/28/2013,BGM,NY,AEA,EN,Combined TRACON& Tower with Radar,0,19,4,0,23,0,0,2,0,2,0,19,6,0,25,0,0,0,25
06/29/2013,BGM,NY,AEA,EN,Combined TRACON& Tower with Radar,0,14,0,0,14,0,0,5,0,5,0,14,5,0,19,0,0,0,19
06/30/2013,BGM,NY,AEA,EN,Combined TRACON& Tower with Radar,0,20,4,0,24,0,0,19,0,19,0,20,23,0,43,20,0,20,63
07/01/2013,BGM,NY,AEA,EN,Combined TRACON& Tower with Radar,0,14,9,0,23,0,0,0,0,0,0,14,9,0,23,0,0,0,23
07/02/2013,BGM,NY,AEA,EN,Combined TRACON& Tower with Radar,0,21,6,0,27,0,0,1,0,1,0,21,7,0,28,0,0,0,28
07/03/2013,BGM,NY,AEA,EN,Combined TRACON& Tower with Radar,0,22,17,0,39,0,1,8,0,9,0,23,25,0,48,40,0,40,88
07/04/2013,BGM,NY,AEA,EN,Combined TRACON& Tower with Radar,0,16,1,0,17,0,1,17,0,18,0,17,18,0,35,0,0,0,35
07/05/2013,BGM,NY,AEA,EN,Combined TRACON& Tower with Radar,0,18,9,0,27,0,0,16,0,16,0,18,25,0,43,6,0,6,49
07/06/2013,BGM,NY,AEA,EN,Combined TRACON& Tower with Radar,0,15,11,0,26,0,0,12,0,12,0,15,23,0,38,20,0,20,58
07/07/2013,BGM,NY,AEA,EN,Combined TRACON& Tower with Radar,0,21,0,0,21,0,0,9,0,9,0,21,9,0,30,2,0,2,32
07/08/2013,BGM,NY,AEA,EN,Combined TRACON& Tower with Radar,0,18,9,0,27,0,0,6,0,6,0,18,15,0,33,34,0,34,67
07/09/2013,BGM,NY,AEA,EN,Combined TRACON& Tower with Radar,0,21,8,0,29,0,0,14,0,14,0,21,22,0,43,8,0,8,51
07/10/2013,BGM,NY,AEA,EN,Combined TRACON& Tower with Radar,0,21,8,0,29,0,0,9,0,9,0,21,17,0,38,2,0,2,40
07/11/2013,BGM,NY,AEA,EN,Combined TRACON& Tower with Radar,0,20,14,0,34,0,2,17,0,19,0,22,31,0,53,50,0,50,103
07/12/2013,BGM,NY,AEA,EN,Combined TRACON& Tower with Radar,0,22,9,6,37,0,0,29,0,29,0,22,38,6,66,34,8,42,108
07/13/2013,BGM,NY,AEA,EN,Combined TRACON& Tower with Radar,0,17,15,0,32,0,0,9,0,9,0,17,24,0,41,26,0,26,67
07/14/2013,BGM,NY,AEA,EN,Combined TRACON& Tower with Radar,0,23,10,0,33,0,0,16,0,16,0,23,26,0,49,19,0,19,68
07/15/2013,BGM,NY,AEA,EN,Combined TRACON& Tower with Radar,0,20,15,0,35,0,0,16,0,16,0,20,31,0,51,10,0,10,61
07/16/2013,BGM,NY,AEA,EN,Combined TRACON& Tower with Radar,0,19,10,1,30,0,1,17,1,19,0,20,27,2,49,34,0,34,83
07/17/2013,BGM,NY,AEA,EN,Combined TRACON& Tower with Radar,0,22,8,0,30,0,0,11,0,11,0,22,19,0,41,22,0,22,63
07/18/2013,BGM,NY,AEA,EN,Combined TRACON& Tower with Radar,0,24,9,0,33,0,0,10,0,10,0,24,19,0,43,4,0,4,47
07/19/2013,BGM,NY,AEA,EN,Combined TRACON& Tower with Radar,0,20,15,0,35,0,0,25,0,25,0,20,40,0,60,26,0,26,86
07/20/2013,BGM,NY,AEA,EN,Combined TRACON& Tower with Radar,0,16,5,0,21,0,1,6,0,7,0,17,11,0,28,0,0,0,28
07/21/2013,BGM,NY,AEA,EN,Combined TRACON& Tower with Radar,0,25,14,0,39,0,0,33,0,33,0,25,47,0,72,6,0,6,78
07/22/2013,BGM,NY,AEA,EN,Combined TRACON& Tower with Radar,0,19,7,0,26,0,0,10,0,10,0,19,17,0,36,0,0,0,36
07/23/2013,BGM,NY,AEA,EN,Combined TRACON& Tower with Radar,0,21,8,0,29,0,0,12,0,12,0,21,20,0,41,10,0,10,51
07/24/2013,BGM,NY,AEA,EN,Combined TRACON& Tower with Radar,0,24,8,0,32,0,0,18,2,20,0,24,26,2,52,8,0,8,60
07/25/2013,BGM,NY,AEA,EN,Combined TRACON& Tower with Radar,0,28,12,0,40,0,0,30,0,30,0,28,42,0,70,52,0,52,122
07/26/2013,BGM,NY,AEA,EN,Combined TRACON& Tower with Radar,0,23,2,0,25,0,0,32,0,32,0,23,34,0,57,10,0,10,67
07/27/2013,BGM,NY,AEA,EN,Combined TRACON& Tower with Radar,0,13,22,0,35,0,0,19,0,19,0,13,41,0,54,0,0,0,54
07/28/2013,BGM,NY,AEA,EN,Combined TRACON& Tower with Radar,0,19,14,0,33,0,0,10,0,10,0,19,24,0,43,4,0,4,47
07/29/2013,BGM,NY,AEA,EN,Combined TRACON& Tower with Radar,0,21,6,6,33,0,0,12,1,13,0,21,18,7,46,10,24,34,80
07/30/2013,BGM,NY,AEA,EN,Combined TRACON& Tower with Radar,0,22,14,0,36,0,0,27,0,27,0,22,41,0,63,58,0,58,121
07/31/2013,BGM,NY,AEA,EN,Combined TRACON& Tower with Radar,0,22,16,0,38,0,0,32,0,32,0,22,48,0,70,38,0,38,108
08/01/2013,BGM,NY,AEA,EN,Combined TRACON& Tower with Radar,0,19,12,0,31,0,0,0,0,0,0,19,12,0,31,44,0,44,75
08/02/2013,BGM,NY,AEA,EN,Combined TRACON& Tower with Radar,0,18,11,0,29,0,0,18,0,18,0,18,29,0,47,8,0,8,55
08/03/2013,BGM,NY,AEA,EN,Combined TRACON& Tower with Radar,0,16,4,0,20,0,0,7,0,7,0,16,11,0,27,12,0,12,39
08/04/2013,BGM,NY,AEA,EN,Combined TRACON& Tower with Radar,0,21,12,0,33,0,0,8,0,8,0,21,20,0,41,0,0,0,41
08/05/2013,BGM,NY,AEA,EN,Combined TRACON& Tower with Radar,0,20,10,4,34,0,2,20,0,22,0,22,30,4,56,25,0,25,81
08/06/2013,BGM,NY,AEA,EN,Combined TRACON& Tower with Radar,0,22,6,0,28,0,0,19,0,19,0,22,25,0,47,26,0,26,73
08/07/2013,BGM,NY,AEA,EN,Combined TRACON& Tower with Radar,0,25,13,0,38,1,2,1,0,4,1,27,14,0,42,72,0,72,114
08/08/2013,BGM,NY,AEA,EN,Combined TRACON& Tower with Radar,0,20,12,0,32,0,0,6,0,6,0,20,18,0,38,2,0,2,40
08/09/2013,BGM,NY,AEA,EN,Combined TRACON& Tower with Radar,0,24,7,1,32,0,0,1,1,2,0,24,8,2,34,0,0,0,34
08/10/2013,BGM,NY,AEA,EN,Combined TRACON& Tower with Radar,0,14,8,0,22,0,0,18,0,18,0,14,26,0,40,40,0,40,80
08/11/2013,BGM,NY,AEA,EN,Combined TRACON& Tower with Radar,0,19,9,0,28,0,0,30,0,30,0,19,39,0,58,20,0,20,78
08/12/2013,BGM,NY,AEA,EN,Combined TRACON& Tower with Radar,0,17,15,0,32,0,0,16,0,16,0,17,31,0,48,38,0,38,86
08/13/2013,BGM,NY,AEA,EN,Combined TRACON& Tower with Radar,0,26,5,0,31,0,0,6,0,6,0,26,11,0,37,26,0,26,63
08/14/2013,BGM,NY,AEA,EN,Combined TRACON& Tower with Radar,0,28,8,0,36,0,0,11,0,11,0,28,19,0,47,20,0,20,67
08/15/2013,BGM,NY,AEA,EN,Combined TRACON& Tower with Radar,0,25,13,0,38,0,0,25,2,27,0,25,38,2,65,0,0,0,65
08/16/2013,BGM,NY,AEA,EN,Combined TRACON& Tower with Radar,0,26,9,0,35,0,0,22,2,24,0,26,31,2,59,63,0,63,122
08/17/2013,BGM,NY,AEA,EN,Combined TRACON& Tower with Radar,0,14,6,0,20,0,0,25,0,25,0,14,31,0,45,0,0,0,45
08/18/2013,BGM,NY,AEA,EN,Combined TRACON& Tower with Radar,0,26,8,0,34,0,0,22,0,22,0,26,30,0,56,14,0,14,70
08/19/2013,BGM,NY,AEA,EN,Combined TRACON& Tower with Radar,0,22,8,0,30,0,0,18,2,20,0,22,26,2,50,0,0,0,50
08/20/2013,BGM,NY,AEA,EN,Combined TRACON& Tower with Radar,0,23,11,1,35,0,0,7,2,9,0,23,18,3,44,0,0,0,44
08/21/2013,BGM,NY,AEA,EN,Combined TRACON& Tower with Radar,0,22,7,1,30,0,2,40,1,43,0,24,47,2,73,30,0,30,103
08/22/2013,BGM,NY,AEA,EN,Combined TRACON& Tower with Radar,0,26,7,0,33,0,0,11,0,11,0,26,18,0,44,36,0,36,80
08/23/2013,BGM,NY,AEA,EN,Combined TRACON& Tower with Radar,0,25,7,2,34,0,1,7,1,9,0,26,14,3,43,0,0,0,43
08/24/2013,BGM,NY,AEA,EN,Combined TRACON& Tower with Radar,0,16,11,0,27,0,0,20,0,20,0,16,31,0,47,18,0,18,65
08/25/2013,BGM,NY,AEA,EN,Combined TRACON& Tower with Radar,0,19,16,0,35,0,0,26,0,26,0,19,42,0,61,0,0,0,61
08/26/2013,BGM,NY,AEA,EN,Combined TRACON& Tower with Radar,0,22,2,2,26,0,0,3,0,3,0,22,5,2,29,0,0,0,29
08/27/2013,BGM,NY,AEA,EN,Combined TRACON& Tower with Radar,0,25,8,0,33,0,0,5,0,5,0,25,13,0,38,8,0,8,46
08/28/2013,BGM,NY,AEA,EN,Combined TRACON& Tower with Radar,0,23,15,2,40,0,0,6,0,6,0,23,21,2,46,8,0,8,54
08/29/2013,BGM,NY,AEA,EN,Combined TRACON& Tower with Radar,0,18,12,0,30,0,0,9,0,9,0,18,21,0,39,10,0,10,49
08/30/2013,BGM,NY,AEA,EN,Combined TRACON& Tower with Radar,0,19,3,0,22,0,0,17,0,17,0,19,20,0,39,12,0,12,51
08/31/2013,BGM,NY,AEA,EN,Combined TRACON& Tower with Radar,0,14,0,0,14,0,0,11,0,11,0,14,11,0,25,10,0,10,35
09/01/2013,BGM,NY,AEA,EN,Combined TRACON& Tower with Radar,0,18,3,0,21,0,0,5,0,5,0,18,8,0,26,0,0,0,26
09/02/2013,BGM,NY,AEA,EN,Combined TRACON& Tower with Radar,0,18,3,0,21,0,1,7,0,8,0,19,10,0,29,18,0,18,47
09/03/2013,BGM,NY,AEA,EN,Combined TRACON& Tower with Radar,0,22,7,4,33,0,0,8,0,8,0,22,15,4,41,16,10,26,67
09/04/2013,BGM,NY,AEA,EN,Combined TRACON& Tower with Radar,0,22,10,0,32,0,0,17,0,17,0,22,27,0,49,36,0,36,85
09/05/2013,BGM,NY,AEA,EN,Combined TRACON& Tower with Radar,0,20,6,2,28,0,0,9,2,11,0,20,15,4,39,16,0,16,55
09/06/2013,BGM,NY,AEA,EN,Combined TRACON& Tower with Radar,0,24,11,0,35,0,0,31,2,33,0,24,42,2,68,47,0,47,115
09/07/2013,BGM,NY,AEA,EN,Combined TRACON& Tower with Radar,0,10,2,0,12,0,0,14,0,14,0,10,16,0,26,38,0,38,64
09/08/2013,BGM,NY,AEA,EN,Combined TRACON& Tower with Radar,0,18,15,0,33,0,0,13,0,13,0,18,28,0,46,0,0,0,46
09/09/2013,BGM,NY,AEA,EN,Combined TRACON& Tower with Radar,0,17,15,2,34,0,0,24,0,24,0,17,39,2,58,0,0,0,58
09/10/2013,BGM,NY,AEA,EN,Combined TRACON& Tower with Radar,0,21,7,0,28,0,2,6,0,8,0,23,13,0,36,0,0,0,36
09/11/2013,BGM,NY,AEA,EN,Combined TRACON& Tower with Radar,0,13,18,0,31,0,0,6,0,6,0,13,24,0,37,0,0,0,37
09/12/2013,BGM,NY,AEA,EN,Combined TRACON& Tower with Radar,0,12,15,0,27,0,0,4,0,4,0,12,19,0,31,14,0,14,45
09/13/2013,BGM,NY,AEA,EN,Combined TRACON& Tower with Radar,0,22,8,0,30,0,0,1,0,1,0,22,9,0,31,0,0,0,31
09/14/2013,BGM,NY,AEA,EN,Combined TRACON& Tower with Radar,0,10,6,0,16,0,0,4,0,4,0,10,10,0,20,2,0,2,22
09/15/2013,BGM,NY,AEA,EN,Combined TRACON& Tower with Radar,0,18,5,0,23,0,0,19,0,19,0,18,24,0,42,0,0,0,42
09/16/2013,BGM,NY,AEA,EN,Combined TRACON& Tower with Radar,0,20,8,0,28,0,0,0,2,2,0,20,8,2,30,0,0,0,30
09/17/2013,BGM,NY,AEA,EN,Combined TRACON& Tower with Radar,0,18,8,0,26,0,0,34,2,36,0,18,42,2,62,0,0,0,62
09/18/2013,BGM,NY,AEA,EN,Combined TRACON& Tower with Radar,0,26,11,0,37,0,0,11,0,11,0,26,22,0,48,6,0,6,54
09/19/2013,BGM,NY,AEA,EN,Combined TRACON& Tower with Radar,0,20,14,1,35,0,0,34,1,35,0,20,48,2,70,4,0,4,74
09/20/2013,BGM,NY,AEA,EN,Combined TRACON& Tower with Radar,0,26,2,2,30,0,0,16,0,16,0,26,18,2,46,9,4,13,59
09/21/2013,BGM,NY,AEA,EN,Combined TRACON& Tower with Radar,0,10,7,0,17,0,0,0,0,0,0,10,7,0,17,0,0,0,17
09/22/2013,BGM,NY,AEA,EN,Combined TRACON& Tower with Radar,0,20,4,0,24,0,0,3,0,3,0,20,7,0,27,0,0,0,27
09/23/2013,BGM,NY,AEA,EN,Combined TRACON& Tower with Radar,0,20,4,0,24,0,0,7,0,7,0,20,11,0,31,0,0,0,31
09/24/2013,BGM,NY,AEA,EN,Combined TRACON& Tower with Radar,0,21,6,0,27,0,0,19,2,21,0,21,25,2,48,34,0,34,82
09/25/2013,BGM,NY,AEA,EN,Combined TRACON& Tower with Radar,0,20,7,0,27,0,0,16,0,16,0,20,23,0,43,0,0,0,43
09/26/2013,BGM,NY,AEA,EN,Combined TRACON& Tower with Radar,0,26,19,4,49,0,5,20,0,25,0,31,39,4,74,12,12,24,98
09/27/2013,BGM,NY,AEA,EN,Combined TRACON& Tower with Radar,0,28,7,4,39,0,0,11,0,11,0,28,18,4,50,25,0,25,75
09/28/2013,BGM,NY,AEA,EN,Combined TRACON& Tower with Radar,0,12,2,0,14,0,0,20,0,20,0,12,22,0,34,10,0,10,44
09/29/2013,BGM,NY,AEA,EN,Combined TRACON& Tower with Radar,0,20,4,0,24,0,0,16,0,16,0,20,20,0,40,12,0,12,52
09/30/2013,BGM,NY,AEA,EN,Combined TRACON& Tower with Radar,0,24,12,0,36,0,0,11,0,11,0,24,23,0,47,6,0,6,53
10/01/2013,BGM,NY,AEA,EN,Combined TRACON& Tower with Radar,0,25,12,0,37,0,0,8,2,10,0,25,20,2,47,28,0,28,75
10/02/2013,BGM,NY,AEA,EN,Combined TRACON& Tower with Radar,0,24,9,0,33,0,2,18,0,20,0,26,27,0,53,17,0,17,70
10/03/2013,BGM,NY,AEA,EN,Combined TRACON& Tower with Radar,0,22,14,0,36,0,0,24,0,24,0,22,38,0,60,0,0,0,60
10/04/2013,BGM,NY,AEA,EN,Combined TRACON& Tower with Radar,0,22,18,0,40,0,0,3,0,3,0,22,21,0,43,4,0,4,47
10/05/2013,BGM,NY,AEA,EN,Combined TRACON& Tower with Radar,0,12,4,0,16,0,0,2,0,2,0,12,6,0,18,4,0,4,22
10/06/2013,BGM,NY,AEA,EN,Combined TRACON& Tower with Radar,0,20,6,0,26,0,0,3,0,3,0,20,9,0,29,0,0,0,29
10/07/2013,BGM,NY,AEA,EN,Combined TRACON& Tower with Radar,0,18,7,0,25,0,0,1,0,1,0,18,8,0,26,0,0,0,26
10/08/2013,BGM,NY,AEA,EN,Combined TRACON& Tower with Radar,0,22,17,0,39,0,0,13,0,13,0,22,30,0,52,10,0,10,62
10/09/2013,BGM,NY,AEA,EN,Combined TRACON& Tower with Radar,0,22,9,0,31,0,0,21,0,21,0,22,30,0,52,6,0,6,58
10/10/2013,BGM,NY,AEA,EN,Combined TRACON& Tower with Radar,0,22,18,0,40,0,0,8,0,8,0,22,26,0,48,10,0,10,58
10/11/2013,BGM,NY,AEA,EN,Combined TRACON& Tower with Radar,0,24,12,2,38,0,0,23,0,23,0,24,35,2,61,41,6,47,108
10/12/2013,BGM,NY,AEA,EN,Combined TRACON& Tower with Radar,0,12,7,0,19,0,0,54,0,54,0,12,61,0,73,16,0,16,89
10/13/2013,BGM,NY,AEA,EN,Combined TRACON& Tower with Radar,0,18,15,0,33,0,2,24,0,26,0,20,39,0,59,4,0,4,63
10/14/2013,BGM,NY,AEA,EN,Combined TRACON& Tower with Radar,0,25,4,0,29,0,0,1,0,1,0,25,5,0,30,0,0,0,30
10/15/2013,BGM,NY,AEA,EN,Combined TRACON& Tower with Radar,0,24,11,0,35,0,0,11,2,13,0,24,22,2,48,14,0,14,62
10/16/2013,BGM,NY,AEA,EN,Combined TRACON& Tower with Radar,0,23,8,5,36,0,0,5,1,6,0,23,13,6,42,40,34,74,116
10/17/2013,BGM,NY,AEA,EN,Combined TRACON& Tower with Radar,0,24,13,4,41,0,0,8,0,8,0,24,21,4,49,6,16,22,71
10/18/2013,BGM,NY,AEA,EN,Combined TRACON& Tower with Radar,0,23,4,0,27,0,0,12,0,12,0,23,16,0,39,24,0,24,63
10/19/2013,BGM,NY,AEA,EN,Combined TRACON& Tower with Radar,0,15,0,0,15,0,0,3,0,3,0,15,3,0,18,0,0,0,18
10/20/2013,BGM,NY,AEA,EN,Combined TRACON& Tower with Radar,0,19,9,0,28,0,0,6,0,6,0,19,15,0,34,6,0,6,40
10/21/2013,BGM,NY,AEA,EN,Combined TRACON& Tower with Radar,0,23,12,0,35,0,0,11,0,11,0,23,23,0,46,14,0,14,60
10/22/2013,BGM,NY,AEA,EN,Combined TRACON& Tower with Radar,0,23,5,0,28,0,0,3,0,3,0,23,8,0,31,30,0,30,61
10/23/2013,BGM,NY,AEA,EN,Combined TRACON& Tower with Radar,0,23,7,0,30,0,0,7,1,8,0,23,14,1,38,6,0,6,44
10/24/2013,BGM,NY,AEA,EN,Combined TRACON& Tower with Radar,0,27,7,0,34,0,2,2,0,4,0,29,9,0,38,0,0,0,38
10/25/2013,BGM,NY,AEA,EN,Combined TRACON& Tower with Radar,0,24,11,0,35,0,0,8,0,8,0,24,19,0,43,38,0,38,81
10/26/2013,BGM,NY,AEA,EN,Combined TRACON& Tower with Radar,0,12,4,0,16,0,0,6,0,6,0,12,10,0,22,0,0,0,22
10/27/2013,BGM,NY,AEA,EN,Combined TRACON& Tower with Radar,0,18,5,0,23,0,0,3,0,3,0,18,8,0,26,0,0,0,26
10/28/2013,BGM,NY,AEA,EN,Combined TRACON& Tower with Radar,0,21,6,0,27,0,0,11,0,11,0,21,17,0,38,12,0,12,50
10/29/2013,BGM,NY,AEA,EN,Combined TRACON& Tower with Radar,0,23,14,0,37,0,0,13,0,13,0,23,27,0,50,50,0,50,100
10/30/2013,BGM,NY,AEA,EN,Combined TRACON& Tower with Radar,0,23,17,0,40,0,0,16,0,16,0,23,33,0,56,14,0,14,70
10/31/2013,BGM,NY,AEA,EN,Combined TRACON& Tower with Radar,0,18,13,0,31,0,0,0,0,0,0,18,13,0,31,0,0,0,31
11/01/2013,BGM,NY,AEA,EN,Combined TRACON& Tower with Radar,0,25,6,0,31,0,0,3,0,3,0,25,9,0,34,0,0,0,34
11/02/2013,BGM,NY,AEA,EN,Combined TRACON& Tower with Radar,0,12,4,0,16,0,0,8,0,8,0,12,12,0,24,0,0,0,24
11/03/2013,BGM,NY,AEA,EN,Combined TRACON& Tower with Radar,0,20,8,0,28,0,0,5,0,5,0,20,13,0,33,6,0,6,39
11/04/2013,BGM,NY,AEA,EN,Combined TRACON& Tower with Radar,0,22,10,0,32,0,0,12,2,14,0,22,22,2,46,0,0,0,46
11/05/2013,BGM,NY,AEA,EN,Combined TRACON& Tower with Radar,0,22,14,0,36,0,0,16,0,16,0,22,30,0,52,6,0,6,58
11/06/2013,BGM,NY,AEA,EN,Combined TRACON& Tower with Radar,0,21,7,0,28,0,2,4,0,6,0,23,11,0,34,0,0,0,34
11/07/2013,BGM,NY,AEA,EN,Combined TRACON& Tower with Radar,0,19,4,0,23,0,0,0,0,0,0,19,4,0,23,0,0,0,23
11/08/2013,BGM,NY,AEA,EN,Combined TRACON& Tower with Radar,0,24,10,0,34,0,0,5,0,5,0,24,15,0,39,0,0,0,39
11/09/2013,BGM,NY,AEA,EN,Combined TRACON& Tower with Radar,0,14,7,0,21,0,0,22,0,22,0,14,29,0,43,0,0,0,43
11/10/2013,BGM,NY,AEA,EN,Combined TRACON& Tower with Radar,0,21,5,0,26,0,0,1,0,1,0,21,6,0,27,0,0,0,27
11/11/2013,BGM,NY,AEA,EN,Combined TRACON& Tower with Radar,0,25,4,0,29,0,0,8,0,8,0,25,12,0,37,0,0,0,37
11/12/2013,BGM,NY,AEA,EN,Combined TRACON& Tower with Radar,0,27,2,0,29,0,0,0,0,0,0,27,2,0,29,0,0,0,29
11/13/2013,BGM,NY,AEA,EN,Combined TRACON& Tower with Radar,0,22,3,0,25,0,0,9,1,10,0,22,12,1,35,2,0,2,37
11/14/2013,BGM,NY,AEA,EN,Combined TRACON& Tower with Radar,0,21,2,0,23,0,0,4,0,4,0,21,6,0,27,23,0,23,50
11/15/2013,BGM,NY,AEA,EN,Combined TRACON& Tower with Radar,0,26,13,0,39,0,0,27,1,28,0,26,40,1,67,57,0,57,124
11/16/2013,BGM,NY,AEA,EN,Combined TRACON& Tower with Radar,0,11,11,0,22,0,0,45,0,45,0,11,56,0,67,29,0,29,96
11/17/2013,BGM,NY,AEA,EN,Combined TRACON& Tower with Radar,0,21,9,0,30,0,0,1,0,1,0,21,10,0,31,0,0,0,31
11/18/2013,BGM,NY,AEA,EN,Combined TRACON& Tower with Radar,0,21,1,0,22,0,0,3,0,3,0,21,4,0,25,0,0,0,25
11/19/2013,BGM,NY,AEA,EN,Combined TRACON& Tower with Radar,0,21,9,0,30,0,0,1,0,1,0,21,10,0,31,6,0,6,37
11/20/2013,BGM,NY,AEA,EN,Combined TRACON& Tower with Radar,0,22,10,0,32,0,1,8,0,9,0,23,18,0,41,6,0,6,47
11/21/2013,BGM,NY,AEA,EN,Combined TRACON& Tower with Radar,0,24,8,0,32,0,0,5,2,7,0,24,13,2,39,0,0,0,39
11/22/2013,BGM,NY,AEA,EN,Combined TRACON& Tower with Radar,0,24,5,0,29,0,0,0,0,0,0,24,5,0,29,0,0,0,29
11/23/2013,BGM,NY,AEA,EN,Combined TRACON& Tower with Radar,0,11,2,0,13,0,0,0,0,0,0,11,2,0,13,0,0,0,13
11/24/2013,BGM,NY,AEA,EN,Combined TRACON& Tower with Radar,0,16,5,0,21,0,0,1,0,1,0,16,6,0,22,0,0,0,22
11/25/2013,BGM,NY,AEA,EN,Combined TRACON& Tower with Radar,0,22,10,2,34,0,0,5,2,7,0,22,15,4,41,22,0,22,63
11/26/2013,BGM,NY,AEA,EN,Combined TRACON& Tower with Radar,0,25,10,0,35,0,0,0,0,0,0,25,10,0,35,0,0,0,35
11/27/2013,BGM,NY,AEA,EN,Combined TRACON& Tower with Radar,0,23,3,0,26,0,0,0,0,0,0,23,3,0,26,0,0,0,26
11/28/2013,BGM,NY,AEA,EN,Combined TRACON& Tower with Radar,0,8,3,0,11,0,0,0,0,0,0,8,3,0,11,0,0,0,11
11/29/2013,BGM,NY,AEA,EN,Combined TRACON& Tower with Radar,0,9,9,0,18,0,0,8,0,8,0,9,17,0,26,4,0,4,30
11/30/2013,BGM,NY,AEA,EN,Combined TRACON& Tower with Radar,0,17,2,0,19,0,0,6,0,6,0,17,8,0,25,1,0,1,26
12/01/2013,BGM,NY,AEA,EN,Combined TRACON& Tower with Radar,0,25,5,0,30,0,0,3,0,3,0,25,8,0,33,0,0,0,33
12/02/2013,BGM,NY,AEA,EN,Combined TRACON& Tower with Radar,0,21,12,0,33,0,0,6,0,6,0,21,18,0,39,0,0,0,39
12/03/2013,BGM,NY,AEA,EN,Combined TRACON& Tower with Radar,0,16,8,0,24,0,0,0,0,0,0,16,8,0,24,0,0,0,24
12/04/2013,BGM,NY,AEA,EN,Combined TRACON& Tower with Radar,0,18,8,0,26,0,0,6,0,6,0,18,14,0,32,10,0,10,42
12/05/2013,BGM,NY,AEA,EN,Combined TRACON& Tower with Radar,0,26,13,0,39,0,0,0,0,0,0,26,13,0,39,0,0,0,39
12/06/2013,BGM,NY,AEA,EN,Combined TRACON& Tower with Radar,0,21,5,0,26,0,0,1,0,1,0,21,6,0,27,0,0,0,27
12/07/2013,BGM,NY,AEA,EN,Combined TRACON& Tower with Radar,0,12,3,0,15,0,0,2,0,2,0,12,5,0,17,0,0,0,17
12/08/2013,BGM,NY,AEA,EN,Combined TRACON& Tower with Radar,0,12,6,2,20,0,0,8,0,8,0,12,14,2,28,2,0,2,30
12/09/2013,BGM,NY,AEA,EN,Combined TRACON& Tower with Radar,0,12,9,0,21,0,0,2,0,2,0,12,11,0,23,0,0,0,23
12/10/2013,BGM,NY,AEA,EN,Combined TRACON& Tower with Radar,0,15,5,0,20,0,0,0,0,0,0,15,5,0,20,0,0,0,20
12/11/2013,BGM,NY,AEA,EN,Combined TRACON& Tower with Radar,0,20,19,0,39,0,0,4,1,5,0,20,23,1,44,0,0,0,44
12/12/2013,BGM,NY,AEA,EN,Combined TRACON& Tower with Radar,0,20,14,0,34,0,1,8,0,9,0,21,22,0,43,0,0,0,43
12/13/2013,BGM,NY,AEA,EN,Combined TRACON& Tower with Radar,0,22,15,0,37,0,0,0,0,0,0,22,15,0,37,0,0,0,37
12/14/2013,BGM,NY,AEA,EN,Combined TRACON& Tower with Radar,0,8,2,0,10,0,0,0,0,0,0,8,2,0,10,0,0,0,10
12/15/2013,BGM,NY,AEA,EN,Combined TRACON& Tower with Radar,0,18,7,0,25,0,0,0,0,0,0,18,7,0,25,0,0,0,25
12/16/2013,BGM,NY,AEA,EN,Combined TRACON& Tower with Radar,0,16,11,0,27,0,0,5,0,5,0,16,16,0,32,1,0,1,33
12/17/2013,BGM,NY,AEA,EN,Combined TRACON& Tower with Radar,0,18,5,0,23,0,0,0,0,0,0,18,5,0,23,0,0,0,23
12/18/2013,BGM,NY,AEA,EN,Combined TRACON& Tower with Radar,0,22,7,0,29,0,0,3,1,4,0,22,10,1,33,0,0,0,33
12/19/2013,BGM,NY,AEA,EN,Combined TRACON& Tower with Radar,0,24,6,0,30,0,0,12,0,12,0,24,18,0,42,0,0,0,42
12/20/2013,BGM,NY,AEA,EN,Combined TRACON& Tower with Radar,0,24,12,0,36,0,0,0,0,0,0,24,12,0,36,0,0,0,36
12/21/2013,BGM,NY,AEA,EN,Combined TRACON& Tower with Radar,0,16,1,0,17,0,0,0,0,0,0,16,1,0,17,0,0,0,17
12/22/2013,BGM,NY,AEA,EN,Combined TRACON& Tower with Radar,0,17,4,0,21,0,0,3,0,3,0,17,7,0,24,0,0,0,24
12/23/2013,BGM,NY,AEA,EN,Combined TRACON& Tower with Radar,0,15,0,0,15,0,0,2,0,2,0,15,2,0,17,0,0,0,17
12/24/2013,BGM,NY,AEA,EN,Combined TRACON& Tower with Radar,0,20,4,0,24,0,0,1,0,1,0,20,5,0,25,0,0,0,25
12/25/2013,BGM,NY,AEA,EN,Combined TRACON& Tower with Radar,0,10,3,0,13,0,0,5,0,5,0,10,8,0,18,0,0,0,18
12/26/2013,BGM,NY,AEA,EN,Combined TRACON& Tower with Radar,0,21,6,0,27,0,0,0,0,0,0,21,6,0,27,0,0,0,27
12/27/2013,BGM,NY,AEA,EN,Combined TRACON& Tower with Radar,0,20,2,0,22,0,0,8,0,8,0,20,10,0,30,0,0,0,30
12/28/2013,BGM,NY,AEA,EN,Combined TRACON& Tower with Radar,0,14,9,0,23,0,0,17,0,17,0,14,26,0,40,15,0,15,55
12/29/2013,BGM,NY,AEA,EN,Combined TRACON& Tower with Radar,0,19,6,0,25,0,0,2,0,2,0,19,8,0,27,0,0,0,27
12/30/2013,BGM,NY,AEA,EN,Combined TRACON& Tower with Radar,0,15,2,0,17,0,0,0,0,0,0,15,2,0,17,0,0,0,17
12/31/2013,BGM,NY,AEA,EN,Combined TRACON& Tower with Radar,0,16,5,0,21,0,0,1,0,1,0,16,6,0,22,0,0,0,22
01/01/2014,BGM,NY,AEA,EN,Combined TRACON& Tower with Radar,0,16,5,0,21,0,0,0,0,0,0,16,5,0,21,6,0,6,27
01/02/2014,BGM,NY,AEA,EN,Combined TRACON& Tower with Radar,0,12,2,0,14,0,0,0,0,0,0,12,2,0,14,0,0,0,14
01/03/2014,BGM,NY,AEA,EN,Combined TRACON& Tower with Radar,0,7,0,0,7,0,0,0,0,0,0,7,0,0,7,0,0,0,7
01/04/2014,BGM,NY,AEA,EN,Combined TRACON& Tower with Radar,0,14,2,0,16,0,0,3,0,3,0,14,5,0,19,0,0,0,19
01/05/2014,BGM,NY,AEA,EN,Combined TRACON& Tower with Radar,0,9,4,0,13,0,0,7,0,7,0,9,11,0,20,28,0,28,48
01/06/2014,BGM,NY,AEA,EN,Combined TRACON& Tower with Radar,0,13,0,0,13,0,0,0,0,0,0,13,0,0,13,0,0,0,13
01/07/2014,BGM,NY,AEA,EN,Combined TRACON& Tower with Radar,0,7,2,0,9,0,0,0,2,2,0,7,2,2,11,0,0,0,11
01/08/2014,BGM,NY,AEA,EN,Combined TRACON& Tower with Radar,0,15,12,0,27,0,0,5,0,5,0,15,17,0,32,0,0,0,32
01/09/2014,BGM,NY,AEA,EN,Combined TRACON& Tower with Radar,0,19,17,0,36,0,0,6,0,6,0,19,23,0,42,0,0,0,42
01/10/2014,BGM,NY,AEA,EN,Combined TRACON& Tower with Radar,0,12,2,0,14,0,0,2,0,2,0,12,4,0,16,0,0,0,16
01/11/2014,BGM,NY,AEA,EN,Combined TRACON& Tower with Radar,0,9,2,0,11,0,0,0,0,0,0,9,2,0,11,0,0,0,11
01/12/2014,BGM,NY,AEA,EN,Combined TRACON& Tower with Radar,0,12,2,0,14,0,0,3,0,3,0,12,5,0,17,12,0,12,29
01/13/2014,BGM,NY,AEA,EN,Combined TRACON& Tower with Radar,0,17,14,16,47,0,0,6,2,8,0,17,20,18,55,12,0,12,67
01/14/2014,BGM,NY,AEA,EN,Combined TRACON& Tower with Radar,0,16,7,0,23,0,0,0,0,0,0,16,7,0,23,0,0,0,23
01/15/2014,BGM,NY,AEA,EN,Combined TRACON& Tower with Radar,0,13,4,0,17,0,0,1,0,1,0,13,5,0,18,2,0,2,20
01/16/2014,BGM,NY,AEA,EN,Combined TRACON& Tower with Radar,0,18,21,0,39,0,1,10,0,11,0,19,31,0,50,6,0,6,56
01/17/2014,BGM,NY,AEA,EN,Combined TRACON& Tower with Radar,0,18,5,0,23,0,0,8,1,9,0,18,13,1,32,0,0,0,32
01/18/2014,BGM,NY,AEA,EN,Combined TRACON& Tower with Radar,0,9,2,0,11,0,0,0,0,0,0,9,2,0,11,0,0,0,11
01/19/2014,BGM,NY,AEA,EN,Combined TRACON& Tower with Radar,0,13,3,0,16,0,0,2,0,2,0,13,5,0,18,0,0,0,18
01/20/2014,BGM,NY,AEA,EN,Combined TRACON& Tower with Radar,0,14,8,0,22,0,0,0,0,0,0,14,8,0,22,0,0,0,22
01/21/2014,BGM,NY,AEA,EN,Combined TRACON& Tower with Radar,0,8,1,0,9,0,0,1,0,1,0,8,2,0,10,0,0,0,10
01/22/2014,BGM,NY,AEA,EN,Combined TRACON& Tower with Radar,0,16,6,0,22,0,0,6,0,6,0,16,12,0,28,0,0,0,28
01/23/2014,BGM,NY,AEA,EN,Combined TRACON& Tower with Radar,0,17,15,0,32,0,0,0,0,0,0,17,15,0,32,0,0,0,32
01/24/2014,BGM,NY,AEA,EN,Combined TRACON& Tower with Radar,0,18,9,0,27,0,0,10,0,10,0,18,19,0,37,0,0,0,37
01/25/2014,BGM,NY,AEA,EN,Combined TRACON& Tower with Radar,0,9,4,0,13,0,0,2,0,2,0,9,6,0,15,0,0,0,15
01/26/2014,BGM,NY,AEA,EN,Combined TRACON& Tower with Radar,0,13,12,0,25,0,0,6,0,6,0,13,18,0,31,14,0,14,45
01/27/2014,BGM,NY,AEA,EN,Combined TRACON& Tower with Radar,0,14,2,0,16,0,0,0,0,0,0,14,2,0,16,0,0,0,16
01/28/2014,BGM,NY,AEA,EN,Combined TRACON& Tower with Radar,0,17,0,0,17,0,0,11,0,11,0,17,11,0,28,4,0,4,32
01/29/2014,BGM,NY,AEA,EN,Combined TRACON& Tower with Radar,0,16,11,0,27,0,0,8,0,8,0,16,19,0,35,0,0,0,35
01/30/2014,BGM,NY,AEA,EN,Combined TRACON& Tower with Radar,0,17,4,0,21,0,0,9,0,9,0,17,13,0,30,6,0,6,36
01/31/2014,BGM,NY,AEA,EN,Combined TRACON& Tower with Radar,0,16,8,0,24,0,0,8,0,8,0,16,16,0,32,0,0,0,32
02/01/2014,BGM,NY,AEA,EN,Combined TRACON& Tower with Radar,0,9,3,0,12,0,0,7,0,7,0,9,10,0,19,0,0,0,19
02/02/2014,BGM,NY,AEA,EN,Combined TRACON& Tower with Radar,0,11,0,0,11,0,0,0,0,0,0,11,0,0,11,0,0,0,11
02/03/2014,BGM,NY,AEA,EN,Combined TRACON& Tower with Radar,0,12,9,0,21,0,0,5,0,5,0,12,14,0,26,0,0,0,26
02/04/2014,BGM,NY,AEA,EN,Combined TRACON& Tower with Radar,0,15,11,0,26,0,0,12,2,14,0,15,23,2,40,0,16,16,56
02/05/2014,BGM,NY,AEA,EN,Combined TRACON& Tower with Radar,0,4,0,0,4,0,0,0,0,0,0,4,0,0,4,0,0,0,4
02/06/2014,BGM,NY,AEA,EN,Combined TRACON& Tower with Radar,0,17,7,0,24,0,0,2,0,2,0,17,9,0,26,0,0,0,26
02/07/2014,BGM,NY,AEA,EN,Combined TRACON& Tower with Radar,0,16,9,0,25,0,0,3,0,3,0,16,12,0,28,0,0,0,28
02/08/2014,BGM,NY,AEA,EN,Combined TRACON& Tower with Radar,0,9,5,0,14,0,0,16,0,16,0,9,21,0,30,16,0,16,46
02/09/2014,BGM,NY,AEA,EN,Combined TRACON& Tower with Radar,0,13,5,0,18,0,0,0,0,0,0,13,5,0,18,0,0,0,18
02/10/2014,BGM,NY,AEA,EN,Combined TRACON& Tower with Radar,0,14,15,0,29,0,0,0,2,2,0,14,15,2,31,0,0,0,31
02/11/2014,BGM,NY,AEA,EN,Combined TRACON& Tower with Radar,0,17,12,0,29,0,0,9,0,9,0,17,21,0,38,11,0,11,49
02/12/2014,BGM,NY,AEA,EN,Combined TRACON& Tower with Radar,0,14,12,0,26,0,0,3,2,5,0,14,15,2,31,2,6,8,39
02/13/2014,BGM,NY,AEA,EN,Combined TRACON& Tower with Radar,0,4,5,0,9,0,0,0,0,0,0,4,5,0,9,0,0,0,9
02/14/2014,BGM,NY,AEA,EN,Combined TRACON& Tower with Radar,0,14,4,0,18,0,0,5,0,5,0,14,9,0,23,0,0,0,23
02/15/2014,BGM,NY,AEA,EN,Combined TRACON& Tower with Radar,0,9,1,0,10,0,0,1,0,1,0,9,2,0,11,0,0,0,11
02/16/2014,BGM,NY,AEA,EN,Combined TRACON& Tower with Radar,0,16,2,0,18,0,0,0,0,0,0,16,2,0,18,0,0,0,18
02/17/2014,BGM,NY,AEA,EN,Combined TRACON& Tower with Radar,0,17,0,0,17,0,0,12,0,12,0,17,12,0,29,0,0,0,29
02/18/2014,BGM,NY,AEA,EN,Combined TRACON& Tower with Radar,0,24,10,0,34,0,0,1,0,1,0,24,11,0,35,0,0,0,35
02/19/2014,BGM,NY,AEA,EN,Combined TRACON& Tower with Radar,0,20,5,10,35,0,0,2,0,2,0,20,7,10,37,0,12,12,49
02/20/2014,BGM,NY,AEA,EN,Combined TRACON& Tower with Radar,0,22,9,0,31,0,0,6,0,6,0,22,15,0,37,0,0,0,37
02/21/2014,BGM,NY,AEA,EN,Combined TRACON& Tower with Radar,0,19,6,0,25,0,0,0,0,0,0,19,6,0,25,0,0,0,25
02/22/2014,BGM,NY,AEA,EN,Combined TRACON& Tower with Radar,0,12,5,0,17,0,0,14,0,14,0,12,19,0,31,9,0,9,40
02/23/2014,BGM,NY,AEA,EN,Combined TRACON& Tower with Radar,0,20,4,0,24,0,0,16,0,16,0,20,20,0,40,30,0,30,70
02/24/2014,BGM,NY,AEA,EN,Combined TRACON& Tower with Radar,0,21,8,2,31,0,0,1,0,1,0,21,9,2,32,0,0,0,32
02/25/2014,BGM,NY,AEA,EN,Combined TRACON& Tower with Radar,0,20,5,0,25,0,0,5,0,5,0,20,10,0,30,0,0,0,30
02/26/2014,BGM,NY,AEA,EN,Combined TRACON& Tower with Radar,0,17,6,0,23,0,0,3,0,3,0,17,9,0,26,0,0,0,26
02/27/2014,BGM,NY,AEA,EN,Combined TRACON& Tower with Radar,0,18,10,0,28,0,0,0,0,0,0,18,10,0,28,0,0,0,28
02/28/2014,BGM,NY,AEA,EN,Combined TRACON& Tower with Radar,0,20,4,0,24,0,0,26,0,26,0,20,30,0,50,0,0,0,50
03/01/2014,BGM,NY,AEA,EN,Combined TRACON& Tower with Radar,0,13,11,0,24,0,0,10,0,10,0,13,21,0,34,10,0,10,44
03/02/2014,BGM,NY,AEA,EN,Combined TRACON& Tower with Radar,0,15,2,0,17,0,0,0,0,0,0,15,2,0,17,0,0,0,17
03/03/2014,BGM,NY,AEA,EN,Combined TRACON& Tower with Radar,0,12,4,0,16,0,0,4,0,4,0,12,8,0,20,0,0,0,20
03/04/2014,BGM,NY,AEA,EN,Combined TRACON& Tower with Radar,0,20,8,1,29,0,0,8,1,9,0,20,16,2,38,0,0,0,38
03/05/2014,BGM,NY,AEA,EN,Combined TRACON& Tower with Radar,0,20,6,0,26,0,0,1,0,1,0,20,7,0,27,0,0,0,27
03/06/2014,BGM,NY,AEA,EN,Combined TRACON& Tower with Radar,0,19,7,0,26,0,0,14,0,14,0,19,21,0,40,6,0,6,46
03/07/2014,BGM,NY,AEA,EN,Combined TRACON& Tower with Radar,0,18,12,0,30,0,0,22,0,22,0,18,34,0,52,8,0,8,60
03/08/2014,BGM,NY,AEA,EN,Combined TRACON& Tower with Radar,0,8,4,0,12,0,0,7,0,7,0,8,11,0,19,0,0,0,19
03/09/2014,BGM,NY,AEA,EN,Combined TRACON& Tower with Radar,0,19,9,0,28,0,0,14,0,14,0,19,23,0,42,0,0,0,42
03/10/2014,BGM,NY,AEA,EN,Combined TRACON& Tower with Radar,0,18,7,0,25,0,0,6,0,6,0,18,13,0,31,6,0,6,37
03/11/2014,BGM,NY,AEA,EN,Combined TRACON& Tower with Radar,0,19,6,0,25,0,0,20,0,20,0,19,26,0,45,8,0,8,53
03/12/2014,BGM,NY,AEA,EN,Combined TRACON& Tower with Radar,0,14,9,0,23,0,0,0,0,0,0,14,9,0,23,0,0,0,23
03/13/2014,BGM,NY,AEA,EN,Combined TRACON& Tower with Radar,0,19,10,4,33,0,0,1,8,9,0,19,11,12,42,0,8,8,50
03/14/2014,BGM,NY,AEA,EN,Combined TRACON& Tower with Radar,0,20,6,0,26,0,8,9,0,17,0,28,15,0,43,0,0,0,43
03/15/2014,BGM,NY,AEA,EN,Combined TRACON& Tower with Radar,0,10,1,0,11,0,0,3,0,3,0,10,4,0,14,6,0,6,20
03/16/2014,BGM,NY,AEA,EN,Combined TRACON& Tower with Radar,0,17,2,0,19,0,0,2,0,2,0,17,4,0,21,0,0,0,21
03/17/2014,BGM,NY,AEA,EN,Combined TRACON& Tower with Radar,0,14,11,0,25,0,0,14,0,14,0,14,25,0,39,0,0,0,39
03/18/2014,BGM,NY,AEA,EN,Combined TRACON& Tower with Radar,0,16,17,4,37,0,0,17,0,17,0,16,34,4,54,0,0,0,54
03/19/2014,BGM,NY,AEA,EN,Combined TRACON& Tower with Radar,0,20,4,12,36,0,0,3,0,3,0,20,7,12,39,0,0,0,39
03/20/2014,BGM,NY,AEA,EN,Combined TRACON& Tower with Radar,0,18,10,0,28,0,0,0,0,0,0,18,10,0,28,0,0,0,28
03/21/2014,BGM,NY,AEA,EN,Combined TRACON& Tower with Radar,0,18,8,8,34,0,0,7,0,7,0,18,15,8,41,12,0,12,53
03/22/2014,BGM,NY,AEA,EN,Combined TRACON& Tower with Radar,0,8,1,0,9,0,0,4,0,4,0,8,5,0,13,0,0,0,13
03/23/2014,BGM,NY,AEA,EN,Combined TRACON& Tower with Radar,0,18,5,0,23,0,0,3,0,3,0,18,8,0,26,6,0,6,32
03/24/2014,BGM,NY,AEA,EN,Combined TRACON& Tower with Radar,0,15,12,2,29,0,0,2,2,4,0,15,14,4,33,0,0,0,33
03/25/2014,BGM,NY,AEA,EN,Combined TRACON& Tower with Radar,0,17,5,0,22,0,0,8,0,8,0,17,13,0,30,12,0,12,42
03/26/2014,BGM,NY,AEA,EN,Combined TRACON& Tower with Radar,0,21,10,0,31,0,0,2,0,2,0,21,12,0,33,0,0,0,33
03/27/2014,BGM,NY,AEA,EN,Combined TRACON& Tower with Radar,0,20,16,0,36,0,0,10,0,10,0,20,26,0,46,12,0,12,58
03/28/2014,BGM,NY,AEA,EN,Combined TRACON& Tower with Radar,0,16,3,0,19,0,0,0,0,0,0,16,3,0,19,0,0,0,19
03/29/2014,BGM,NY,AEA,EN,Combined TRACON& Tower with Radar,0,8,14,0,22,0,0,3,0,3,0,8,17,0,25,0,0,0,25
03/30/2014,BGM,NY,AEA,EN,Combined TRACON& Tower with Radar,0,13,0,0,13,0,0,2,0,2,0,13,2,0,15,0,0,0,15
03/31/2014,BGM,NY,AEA,EN,Combined TRACON& Tower with Radar,0,15,5,0,20,0,0,4,2,6,0,15,9,2,26,4,0,4,30
04/01/2014,BGM,NY,AEA,EN,Combined TRACON& Tower with Radar,0,18,17,3,38,0,0,29,1,30,0,18,46,4,68,0,0,0,68
04/02/2014,BGM,NY,AEA,EN,Combined TRACON& Tower with Radar,0,24,13,0,37,0,0,17,0,17,0,24,30,0,54,14,0,14,68
04/03/2014,BGM,NY,AEA,EN,Combined TRACON& Tower with Radar,0,23,11,0,34,0,1,12,0,13,0,24,23,0,47,6,0,6,53
04/04/2014,BGM,NY,AEA,EN,Combined TRACON& Tower with Radar,0,20,9,0,29,0,2,1,0,3,0,22,10,0,32,0,0,0,32
04/05/2014,BGM,NY,AEA,EN,Combined TRACON& Tower with Radar,0,8,3,0,11,0,0,1,0,1,0,8,4,0,12,0,0,0,12
04/06/2014,BGM,NY,AEA,EN,Combined TRACON& Tower with Radar,0,15,12,0,27,0,0,18,0,18,0,15,30,0,45,44,0,44,89
04/07/2014,BGM,NY,AEA,EN,Combined TRACON& Tower with Radar,0,18,5,6,29,0,0,1,4,5,0,18,6,10,34,0,0,0,34
04/08/2014,BGM,NY,AEA,EN,Combined TRACON& Tower with Radar,0,16,10,0,26,0,0,0,0,0,0,16,10,0,26,0,0,0,26
04/09/2014,BGM,NY,AEA,EN,Combined TRACON& Tower with Radar,0,22,6,0,28,0,0,2,5,7,0,22,8,5,35,6,0,6,41
04/10/2014,BGM,NY,AEA,EN,Combined TRACON& Tower with Radar,0,20,5,0,25,0,0,2,0,2,0,20,7,0,27,0,0,0,27
04/11/2014,BGM,NY,AEA,EN,Combined TRACON& Tower with Radar,1,19,37,0,57,0,0,0,0,0,1,19,37,0,57,0,0,0,57
04/12/2014,BGM,NY,AEA,EN,Combined TRACON& Tower with Radar,3,10,18,0,31,0,0,38,0,38,3,10,56,0,69,40,0,40,109
04/13/2014,BGM,NY,AEA,EN,Combined TRACON& Tower with Radar,0,17,9,0,26,0,0,27,0,27,0,17,36,0,53,32,0,32,85
04/14/2014,BGM,NY,AEA,EN,Combined TRACON& Tower with Radar,0,18,2,0,20,0,0,0,3,3,0,18,2,3,23,0,0,0,23
04/15/2014,BGM,NY,AEA,EN,Combined TRACON& Tower with Radar,0,18,2,0,20,0,0,0,0,0,0,18,2,0,20,0,0,0,20
04/16/2014,BGM,NY,AEA,EN,Combined TRACON& Tower with Radar,0,20,12,0,32,0,0,6,0,6,0,20,18,0,38,0,0,0,38
04/17/2014,BGM,NY,AEA,EN,Combined TRACON& Tower with Radar,0,20,8,0,28,0,0,21,0,21,0,20,29,0,49,4,0,4,53
04/18/2014,BGM,NY,AEA,EN,Combined TRACON& Tower with Radar,0,18,1,0,19,0,0,21,0,21,0,18,22,0,40,12,0,12,52
04/19/2014,BGM,NY,AEA,EN,Combined TRACON& Tower with Radar,0,9,7,0,16,0,0,5,0,5,0,9,12,0,21,4,0,4,25
04/20/2014,BGM,NY,AEA,EN,Combined TRACON& Tower with Radar,0,19,2,0,21,0,0,17,0,17,0,19,19,0,38,0,0,0,38
04/21/2014,BGM,NY,AEA,EN,Combined TRACON& Tower with Radar,0,18,16,0,34,0,0,28,0,28,0,18,44,0,62,30,0,30,92
04/22/2014,BGM,NY,AEA,EN,Combined TRACON& Tower with Radar,0,18,9,0,27,0,0,0,0,0,0,18,9,0,27,0,0,0,27
04/23/2014,BGM,NY,AEA,EN,Combined TRACON& Tower with Radar,0,24,8,0,32,0,0,0,0,0,0,24,8,0,32,0,0,0,32
04/24/2014,BGM,NY,AEA,EN,Combined TRACON& Tower with Radar,0,22,6,0,28,0,0,10,0,10,0,22,16,0,38,10,0,10,48
04/25/2014,BGM,NY,AEA,EN,Combined TRACON& Tower with Radar,0,20,12,0,32,0,4,20,0,24,0,24,32,0,56,14,0,14,70
04/26/2014,BGM,NY,AEA,EN,Combined TRACON& Tower with Radar,0,9,12,4,25,0,0,6,0,6,0,9,18,4,31,8,0,8,39
04/27/2014,BGM,NY,AEA,EN,Combined TRACON& Tower with Radar,0,16,9,0,25,0,0,17,0,17,0,16,26,0,42,0,0,0,42
04/28/2014,BGM,NY,AEA,EN,Combined TRACON& Tower with Radar,0,20,5,1,26,0,3,17,2,22,0,23,22,3,48,42,0,42,90
04/29/2014,BGM,NY,AEA,EN,Combined TRACON& Tower with Radar,0,19,9,0,28,0,0,0,2,2,0,19,9,2,30,0,0,0,30
04/30/2014,BGM,NY,AEA,EN,Combined TRACON& Tower with Radar,0,20,1,0,21,0,0,0,0,0,0,20,1,0,21,0,0,0,21
05/01/2014,BGM,NY,AEA,EN,Combined TRACON& Tower with Radar,0,26,9,0,35,0,0,3,0,3,0,26,12,0,38,0,0,0,38
05/02/2014,BGM,NY,AEA,EN,Combined TRACON& Tower with Radar,0,20,8,0,28,0,0,3,0,3,0,20,11,0,31,0,0,0,31
05/03/2014,BGM,NY,AEA,EN,Combined TRACON& Tower with Radar,0,9,1,0,10,0,0,21,2,23,0,9,22,2,33,0,0,0,33
05/04/2014,BGM,NY,AEA,EN,Combined TRACON& Tower with Radar,0,18,12,0,30,0,0,2,0,2,0,18,14,0,32,0,0,0,32
05/05/2014,BGM,NY,AEA,EN,Combined TRACON& Tower with Radar,0,16,8,0,24,0,0,20,0,20,0,16,28,0,44,16,0,16,60
05/06/2014,BGM,NY,AEA,EN,Combined TRACON& Tower with Radar,0,17,16,0,33,0,0,37,0,37,0,17,53,0,70,0,0,0,70
05/07/2014,BGM,NY,AEA,EN,Combined TRACON& Tower with Radar,0,20,9,0,29,0,0,37,0,37,0,20,46,0,66,6,0,6,72
05/08/2014,BGM,NY,AEA,EN,Combined TRACON& Tower with Radar,0,21,14,0,35,0,0,19,0,19,0,21,33,0,54,8,0,8,62
05/09/2014,BGM,NY,AEA,EN,Combined TRACON& Tower with Radar,0,23,9,0,32,0,0,11,0,11,0,23,20,0,43,2,0,2,45
05/10/2014,BGM,NY,AEA,EN,Combined TRACON& Tower with Radar,0,7,6,1,14,0,0,6,0,6,0,7,12,1,20,8,0,8,28
05/11/2014,BGM,NY,AEA,EN,Combined TRACON& Tower with Radar,0,16,9,0,25,0,0,19,0,19,0,16,28,0,44,6,0,6,50
05/12/2014,BGM,NY,AEA,EN,Combined TRACON& Tower with Radar,0,18,12,0,30,0,1,17,0,18,0,19,29,0,48,0,0,0,48
05/13/2014,BGM,NY,AEA,EN,Combined TRACON& Tower with Radar,0,19,17,0,36,0,2,16,0,18,0,21,33,0,54,0,0,0,54
05/14/2014,BGM,NY,AEA,EN,Combined TRACON& Tower with Radar,0,18,20,0,38,0,0,25,0,25,0,18,45,0,63,0,0,0,63
05/15/2014,BGM,NY,AEA,EN,Combined TRACON& Tower with Radar,0,20,8,0,28,0,0,3,0,3,0,20,11,0,31,2,0,2,33
05/16/2014,BGM,NY,AEA,EN,Combined TRACON& Tower with Radar,0,17,11,0,28,0,0,0,0,0,0,17,11,0,28,0,0,0,28
05/17/2014,BGM,NY,AEA,EN,Combined TRACON& Tower with Radar,0,8,4,0,12,0,0,15,0,15,0,8,19,0,27,29,0,29,56
05/18/2014,BGM,NY,AEA,EN,Combined TRACON& Tower with Radar,0,18,8,0,26,0,0,9,0,9,0,18,17,0,35,24,0,24,59
05/19/2014,BGM,NY,AEA,EN,Combined TRACON& Tower with Radar,0,18,9,0,27,0,0,17,0,17,0,18,26,0,44,12,0,12,56
05/20/2014,BGM,NY,AEA,EN,Combined TRACON& Tower with Radar,0,18,19,8,45,0,0,21,0,21,0,18,40,8,66,56,0,56,122
05/21/2014,BGM,NY,AEA,EN,Combined TRACON& Tower with Radar,0,20,14,2,36,0,0,14,1,15,0,20,28,3,51,8,0,8,59
05/22/2014,BGM,NY,AEA,EN,Combined TRACON& Tower with Radar,0,18,13,0,31,0,0,10,0,10,0,18,23,0,41,28,0,28,69
05/23/2014,BGM,NY,AEA,EN,Combined TRACON& Tower with Radar,0,20,8,0,28,0,0,2,0,2,0,20,10,0,30,39,0,39,69
05/24/2014,BGM,NY,AEA,EN,Combined TRACON& Tower with Radar,0,10,6,0,16,0,0,13,0,13,0,10,19,0,29,2,0,2,31
05/25/2014,BGM,NY,AEA,EN,Combined TRACON& Tower with Radar,0,9,5,0,14,0,0,24,0,24,0,9,29,0,38,8,0,8,46
05/26/2014,BGM,NY,AEA,EN,Combined TRACON& Tower with Radar,0,17,12,0,29,0,0,21,2,23,0,17,33,2,52,12,0,12,64
05/27/2014,BGM,NY,AEA,EN,Combined TRACON& Tower with Radar,0,16,9,0,25,0,0,9,0,9,0,16,18,0,34,12,0,12,46
05/28/2014,BGM,NY,AEA,EN,Combined TRACON& Tower with Radar,0,20,3,0,23,0,0,2,0,2,0,20,5,0,25,0,0,0,25
05/29/2014,BGM,NY,AEA,EN,Combined TRACON& Tower with Radar,0,24,6,9,39,0,3,12,0,15,0,27,18,9,54,20,0,20,74
05/30/2014,BGM,NY,AEA,EN,Combined TRACON& Tower with Radar,0,24,4,0,28,0,2,25,0,27,0,26,29,0,55,32,18,50,105
05/31/2014,BGM,NY,AEA,EN,Combined TRACON& Tower with Radar,0,7,12,0,19,0,0,28,0,28,0,7,40,0,47,82,0,82,129
06/01/2014,BGM,NY,AEA,EN,Combined TRACON& Tower with Radar,0,16,7,0,23,0,0,37,0,37,0,16,44,0,60,8,0,8,68
06/02/2014,BGM,NY,AEA,EN,Combined TRACON& Tower with Radar,0,17,5,0,22,0,3,9,0,12,0,20,14,0,34,18,0,18,52
06/03/2014,BGM,NY,AEA,EN,Combined TRACON& Tower with Radar,0,24,10,0,34,0,1,4,0,5,0,25,14,0,39,0,0,0,39
06/04/2014,BGM,NY,AEA,EN,Combined TRACON& Tower with Radar,0,20,10,0,30,0,0,13,0,13,0,20,23,0,43,6,0,6,49
06/05/2014,BGM,NY,AEA,EN,Combined TRACON& Tower with Radar,0,23,12,3,38,0,0,8,1,9,0,23,20,4,47,14,0,14,61
06/06/2014,BGM,NY,AEA,EN,Combined TRACON& Tower with Radar,0,22,12,6,40,0,0,4,2,6,0,22,16,8,46,30,4,34,80
06/07/2014,BGM,NY,AEA,EN,Combined TRACON& Tower with Radar,0,17,2,0,19,0,0,23,0,23,0,17,25,0,42,18,0,18,60
06/08/2014,BGM,NY,AEA,EN,Combined TRACON& Tower with Radar,0,18,4,0,22,0,1,22,0,23,0,19,26,0,45,20,0,20,65
06/09/2014,BGM,NY,AEA,EN,Combined TRACON& Tower with Radar,0,19,13,0,32,0,0,1,0,1,0,19,14,0,33,0,0,0,33
06/10/2014,BGM,NY,AEA,EN,Combined TRACON& Tower with Radar,0,16,16,0,32,0,0,3,3,6,0,16,19,3,38,20,0,20,58
06/11/2014,BGM,NY,AEA,EN,Combined TRACON& Tower with Radar,0,18,9,0,27,0,0,0,0,0,0,18,9,0,27,0,0,0,27
06/12/2014,BGM,NY,AEA,EN,Combined TRACON& Tower with Radar,0,13,9,0,22,0,0,0,0,0,0,13,9,0,22,0,0,0,22
06/13/2014,BGM,NY,AEA,EN,Combined TRACON& Tower with Radar,0,17,11,0,28,0,0,0,0,0,0,17,11,0,28,0,0,0,28
06/14/2014,BGM,NY,AEA,EN,Combined TRACON& Tower with Radar,0,14,1,0,15,0,0,6,0,6,0,14,7,0,21,14,0,14,35
06/15/2014,BGM,NY,AEA,EN,Combined TRACON& Tower with Radar,0,18,13,0,31,0,0,19,0,19,0,18,32,0,50,44,0,44,94
06/16/2014,BGM,NY,AEA,EN,Combined TRACON& Tower with Radar,0,23,11,6,40,0,0,18,0,18,0,23,29,6,58,0,10,10,68
06/17/2014,BGM,NY,AEA,EN,Combined TRACON& Tower with Radar,0,22,6,3,31,0,0,9,0,9,0,22,15,3,40,26,0,26,66
06/18/2014,BGM,NY,AEA,EN,Combined TRACON& Tower with Radar,0,21,13,0,34,0,0,14,0,14,0,21,27,0,48,2,0,2,50
06/19/2014,BGM,NY,AEA,EN,Combined TRACON& Tower with Radar,0,23,14,2,39,0,0,20,0,20,0,23,34,2,59,10,0,10,69
06/20/2014,BGM,NY,AEA,EN,Combined TRACON& Tower with Radar,0,21,10,8,39,0,0,17,0,17,0,21,27,8,56,0,0,0,56
06/21/2014,BGM,NY,AEA,EN,Combined TRACON& Tower with Radar,0,14,8,1,23,0,0,11,0,11,0,14,19,1,34,12,0,12,46
06/22/2014,BGM,NY,AEA,EN,Combined TRACON& Tower with Radar,0,19,9,2,30,0,0,17,0,17,0,19,26,2,47,2,8,10,57
06/23/2014,BGM,NY,AEA,EN,Combined TRACON& Tower with Radar,0,20,14,0,34,0,4,7,0,11,0,24,21,0,45,0,0,0,45
06/24/2014,BGM,NY,AEA,EN,Combined TRACON& Tower with Radar,0,21,9,0,30,0,0,8,0,8,0,21,17,0,38,0,0,0,38
06/25/2014,BGM,NY,AEA,EN,Combined TRACON& Tower with Radar,0,21,12,0,33,0,0,4,0,4,0,21,16,0,37,30,0,30,67
06/26/2014,BGM,NY,AEA,EN,Combined TRACON& Tower with Radar,0,21,14,0,35,0,1,8,2,11,0,22,22,2,46,0,0,0,46
06/27/2014,BGM,NY,AEA,EN,Combined TRACON& Tower with Radar,0,24,15,4,43,0,0,21,0,21,0,24,36,4,64,19,6,25,89
06/28/2014,BGM,NY,AEA,EN,Combined TRACON& Tower with Radar,0,14,9,0,23,0,0,25,0,25,0,14,34,0,48,7,0,7,55
06/29/2014,BGM,NY,AEA,EN,Combined TRACON& Tower with Radar,0,16,4,0,20,0,0,17,0,17,0,16,21,0,37,14,0,14,51
06/30/2014,BGM,NY,AEA,EN,Combined TRACON& Tower with Radar,0,20,16,8,44,0,0,13,0,13,0,20,29,8,57,6,10,16,73
07/01/2014,BGM,NY,AEA,EN,Combined TRACON& Tower with Radar,0,19,11,0,30,0,0,15,1,16,0,19,26,1,46,0,0,0,46
07/02/2014,BGM,NY,AEA,EN,Combined TRACON& Tower with Radar,0,16,14,0,30,0,0,17,0,17,0,16,31,0,47,6,0,6,53
07/03/2014,BGM,NY,AEA,EN,Combined TRACON& Tower with Radar,0,15,14,0,29,0,0,18,0,18,0,15,32,0,47,44,0,44,91
07/04/2014,BGM,NY,AEA,EN,Combined TRACON& Tower with Radar,0,12,5,0,17,0,1,21,0,22,0,13,26,0,39,0,0,0,39
07/05/2014,BGM,NY,AEA,EN,Combined TRACON& Tower with Radar,0,12,1,0,13,0,0,30,0,30,0,12,31,0,43,44,0,44,87
07/06/2014,BGM,NY,AEA,EN,Combined TRACON& Tower with Radar,0,21,14,0,35,0,0,19,0,19,0,21,33,0,54,10,0,10,64
07/07/2014,BGM,NY,AEA,EN,Combined TRACON& Tower with Radar,0,18,7,0,25,0,0,10,0,10,0,18,17,0,35,14,0,14,49
07/08/2014,BGM,NY,AEA,EN,Combined TRACON& Tower with Radar,0,17,9,0,26,0,0,7,0,7,0,17,16,0,33,0,0,0,33
07/09/2014,BGM,NY,AEA,EN,Combined TRACON& Tower with Radar,0,20,7,0,27,0,0,17,0,17,0,20,24,0,44,14,0,14,58
07/10/2014,BGM,NY,AEA,EN,Combined TRACON& Tower with Radar,0,22,14,3,39,0,1,36,5,42,0,23,50,8,81,30,0,30,111
07/11/2014,BGM,NY,AEA,EN,Combined TRACON& Tower with Radar,0,17,7,0,24,0,1,26,0,27,0,18,33,0,51,16,0,16,67
07/12/2014,BGM,NY,AEA,EN,Combined TRACON& Tower with Radar,2,12,8,0,22,0,0,25,0,25,2,12,33,0,47,26,0,26,73
07/13/2014,BGM,NY,AEA,EN,Combined TRACON& Tower with Radar,0,19,4,0,23,0,0,5,0,5,0,19,9,0,28,0,0,0,28
07/14/2014,BGM,NY,AEA,EN,Combined TRACON& Tower with Radar,0,16,9,0,25,0,0,14,0,14,0,16,23,0,39,24,0,24,63
07/15/2014,BGM,NY,AEA,EN,Combined TRACON& Tower with Radar,0,20,12,1,33,0,0,3,0,3,0,20,15,1,36,0,0,0,36
07/16/2014,BGM,NY,AEA,EN,Combined TRACON& Tower with Radar,0,20,13,0,33,0,0,39,0,39,0,20,52,0,72,36,0,36,108
07/17/2014,BGM,NY,AEA,EN,Combined TRACON& Tower with Radar,0,22,10,0,32,0,2,15,2,19,0,24,25,2,51,18,0,18,69
07/18/2014,BGM,NY,AEA,EN,Combined TRACON& Tower with Radar,0,22,21,0,43,0,0,36,0,36,0,22,57,0,79,8,0,8,87
07/19/2014,BGM,NY,AEA,EN,Combined TRACON& Tower with Radar,2,15,6,0,23,0,0,22,0,22,2,15,28,0,45,23,0,23,68
07/20/2014,BGM,NY,AEA,EN,Combined TRACON& Tower with Radar,0,26,7,0,33,0,0,21,0,21,0,26,28,0,54,4,0,4,58
07/21/2014,BGM,NY,AEA,EN,Combined TRACON& Tower with Radar,0,21,7,2,30,0,0,18,0,18,0,21,25,2,48,14,0,14,62
07/22/2014,BGM,NY,AEA,EN,Combined TRACON& Tower with Radar,0,20,8,0,28,0,0,29,0,29,0,20,37,0,57,12,0,12,69
07/23/2014,BGM,NY,AEA,EN,Combined TRACON& Tower with Radar,0,22,12,0,34,0,0,13,0,13,0,22,25,0,47,0,0,0,47
07/24/2014,BGM,NY,AEA,EN,Combined TRACON& Tower with Radar,0,23,4,3,30,0,0,16,15,31,0,23,20,18,61,22,32,54,115
07/25/2014,BGM,NY,AEA,EN,Combined TRACON& Tower with Radar,0,24,16,0,40,0,0,37,0,37,0,24,53,0,77,24,0,24,101
07/26/2014,BGM,NY,AEA,EN,Combined TRACON& Tower with Radar,2,16,7,2,27,0,1,15,0,16,2,17,22,2,43,22,0,22,65
07/27/2014,BGM,NY,AEA,EN,Combined TRACON& Tower with Radar,0,16,10,0,26,0,0,10,0,10,0,16,20,0,36,14,0,14,50
07/28/2014,BGM,NY,AEA,EN,Combined TRACON& Tower with Radar,0,22,6,0,28,0,0,0,0,0,0,22,6,0,28,0,0,0,28
07/29/2014,BGM,NY,AEA,EN,Combined TRACON& Tower with Radar,0,20,16,0,36,0,0,15,0,15,0,20,31,0,51,37,0,37,88
07/30/2014,BGM,NY,AEA,EN,Combined TRACON& Tower with Radar,0,22,5,0,27,0,0,9,0,9,0,22,14,0,36,9,0,9,45
07/31/2014,BGM,NY,AEA,EN,Combined TRACON& Tower with Radar,0,22,8,0,30,0,0,11,0,11,0,22,19,0,41,2,0,2,43
08/01/2014,BGM,NY,AEA,EN,Combined TRACON& Tower with Radar,1,22,12,0,35,0,0,15,0,15,1,22,27,0,50,0,0,0,50
08/02/2014,BGM,NY,AEA,EN,Combined TRACON& Tower with Radar,0,14,16,0,30,0,0,13,0,13,0,14,29,0,43,0,0,0,43
08/03/2014,BGM,NY,AEA,EN,Combined TRACON& Tower with Radar,0,21,9,0,30,0,0,13,0,13,0,21,22,0,43,28,0,28,71
08/04/2014,BGM,NY,AEA,EN,Combined TRACON& Tower with Radar,0,23,15,0,38,0,0,13,0,13,0,23,28,0,51,4,0,4,55
08/05/2014,BGM,NY,AEA,EN,Combined TRACON& Tower with Radar,0,22,5,0,27,0,0,7,0,7,0,22,12,0,34,46,0,46,80
08/06/2014,BGM,NY,AEA,EN,Combined TRACON& Tower with Radar,0,18,8,0,26,0,0,8,2,10,0,18,16,2,36,0,0,0,36
08/07/2014,BGM,NY,AEA,EN,Combined TRACON& Tower with Radar,0,22,10,0,32,0,0,9,0,9,0,22,19,0,41,12,0,12,53
08/08/2014,BGM,NY,AEA,EN,Combined TRACON& Tower with Radar,1,23,14,0,38,0,0,39,0,39,1,23,53,0,77,16,0,16,93
08/09/2014,BGM,NY,AEA,EN,Combined TRACON& Tower with Radar,1,15,6,0,22,0,0,39,0,39,1,15,45,0,61,42,0,42,103
08/10/2014,BGM,NY,AEA,EN,Combined TRACON& Tower with Radar,0,20,12,0,32,0,0,30,0,30,0,20,42,0,62,14,0,14,76
08/11/2014,BGM,NY,AEA,EN,Combined TRACON& Tower with Radar,0,20,4,0,24,0,0,30,0,30,0,20,34,0,54,0,0,0,54
08/12/2014,BGM,NY,AEA,EN,Combined TRACON& Tower with Radar,0,23,10,0,33,0,0,0,0,0,0,23,10,0,33,0,0,0,33
08/13/2014,BGM,NY,AEA,EN,Combined TRACON& Tower with Radar,0,26,14,1,41,0,0,0,3,3,0,26,14,4,44,18,0,18,62
08/14/2014,BGM,NY,AEA,EN,Combined TRACON& Tower with Radar,0,31,11,4,46,0,0,8,11,19,0,31,19,15,65,27,12,39,104
08/15/2014,BGM,NY,AEA,EN,Combined TRACON& Tower with Radar,0,26,5,0,31,0,0,11,0,11,0,26,16,0,42,14,0,14,56
08/16/2014,BGM,NY,AEA,EN,Combined TRACON& Tower with Radar,0,14,1,0,15,0,0,32,0,32,0,14,33,0,47,0,0,0,47
08/17/2014,BGM,NY,AEA,EN,Combined TRACON& Tower with Radar,0,24,10,0,34,0,0,10,0,10,0,24,20,0,44,7,0,7,51
08/18/2014,BGM,NY,AEA,EN,Combined TRACON& Tower with Radar,0,21,12,0,33,0,0,7,0,7,0,21,19,0,40,4,0,4,44
08/19/2014,BGM,NY,AEA,EN,Combined TRACON& Tower with Radar,0,19,19,12,50,0,0,19,2,21,0,19,38,14,71,2,10,12,83
08/20/2014,BGM,NY,AEA,EN,Combined TRACON& Tower with Radar,0,20,6,0,26,0,0,2,0,2,0,20,8,0,28,4,0,4,32
08/21/2014,BGM,NY,AEA,EN,Combined TRACON& Tower with Radar,0,22,12,0,34,0,0,0,1,1,0,22,12,1,35,0,0,0,35
08/22/2014,BGM,NY,AEA,EN,Combined TRACON& Tower with Radar,0,24,4,0,28,0,0,1,0,1,0,24,5,0,29,0,0,0,29
08/23/2014,BGM,NY,AEA,EN,Combined TRACON& Tower with Radar,0,15,2,0,17,0,0,3,0,3,0,15,5,0,20,0,0,0,20
08/24/2014,BGM,NY,AEA,EN,Combined TRACON& Tower with Radar,0,19,8,0,27,0,0,25,0,25,0,19,33,0,52,35,0,35,87
08/25/2014,BGM,NY,AEA,EN,Combined TRACON& Tower with Radar,0,17,6,0,23,0,0,7,0,7,0,17,13,0,30,0,0,0,30
08/26/2014,BGM,NY,AEA,EN,Combined TRACON& Tower with Radar,0,20,12,0,32,0,2,12,0,14,0,22,24,0,46,0,0,0,46
08/27/2014,BGM,NY,AEA,EN,Combined TRACON& Tower with Radar,0,20,11,2,33,0,0,6,0,6,0,20,17,2,39,46,0,46,85
08/28/2014,BGM,NY,AEA,EN,Combined TRACON& Tower with Radar,0,24,19,0,43,0,4,9,0,13,0,28,28,0,56,22,0,22,78
08/29/2014,BGM,NY,AEA,EN,Combined TRACON& Tower with Radar,0,22,12,0,34,0,0,20,0,20,0,22,32,0,54,48,0,48,102
08/30/2014,BGM,NY,AEA,EN,Combined TRACON& Tower with Radar,0,16,9,0,25,0,0,8,0,8,0,16,17,0,33,8,0,8,41
08/31/2014,BGM,NY,AEA,EN,Combined TRACON& Tower with Radar,1,14,4,0,19,0,0,2,0,2,1,14,6,0,21,0,0,0,21
09/01/2014,BGM,NY,AEA,EN,Combined TRACON& Tower with Radar,1,12,7,0,20,0,0,15,0,15,1,12,22,0,35,2,0,2,37
09/02/2014,BGM,NY,AEA,EN,Combined TRACON& Tower with Radar,0,22,5,0,27,0,0,8,0,8,0,22,13,0,35,16,0,16,51
09/03/2014,BGM,NY,AEA,EN,Combined TRACON& Tower with Radar,0,18,16,0,34,0,0,23,0,23,0,18,39,0,57,0,0,0,57
09/04/2014,BGM,NY,AEA,EN,Combined TRACON& Tower with Radar,0,17,16,0,33,0,0,24,0,24,0,17,40,0,57,30,0,30,87
09/05/2014,BGM,NY,AEA,EN,Combined TRACON& Tower with Radar,0,16,11,1,28,0,0,9,8,17,0,16,20,9,45,16,0,16,61
09/06/2014,BGM,NY,AEA,EN,Combined TRACON& Tower with Radar,0,10,2,0,12,0,0,0,0,0,0,10,2,0,12,17,0,17,29
09/07/2014,BGM,NY,AEA,EN,Combined TRACON& Tower with Radar,0,16,6,0,22,0,0,23,0,23,0,16,29,0,45,0,0,0,45
09/08/2014,BGM,NY,AEA,EN,Combined TRACON& Tower with Radar,0,16,13,2,31,0,0,18,1,19,0,16,31,3,50,40,0,40,90
09/09/2014,BGM,NY,AEA,EN,Combined TRACON& Tower with Radar,0,20,11,8,39,0,0,7,0,7,0,20,18,8,46,26,0,26,72
09/10/2014,BGM,NY,AEA,EN,Combined TRACON& Tower with Radar,0,16,17,0,33,0,0,9,0,9,0,16,26,0,42,30,0,30,72
09/11/2014,BGM,NY,AEA,EN,Combined TRACON& Tower with Radar,0,15,4,0,19,0,2,0,0,2,0,17,4,0,21,0,0,0,21
09/12/2014,BGM,NY,AEA,EN,Combined TRACON& Tower with Radar,2,19,12,8,41,0,1,14,0,15,2,20,26,8,56,8,0,8,64
09/13/2014,BGM,NY,AEA,EN,Combined TRACON& Tower with Radar,0,11,2,0,13,0,0,0,0,0,0,11,2,0,13,0,0,0,13
09/14/2014,BGM,NY,AEA,EN,Combined TRACON& Tower with Radar,0,15,9,0,24,0,0,25,0,25,0,15,34,0,49,30,0,30,79
09/15/2014,BGM,NY,AEA,EN,Combined TRACON& Tower with Radar,0,16,12,0,28,0,0,28,2,30,0,16,40,2,58,18,0,18,76
09/16/2014,BGM,NY,AEA,EN,Combined TRACON& Tower with Radar,0,18,17,0,35,0,0,0,0,0,0,18,17,0,35,10,0,10,45
09/17/2014,BGM,NY,AEA,EN,Combined TRACON& Tower with Radar,0,18,18,0,36,0,0,21,0,21,0,18,39,0,57,18,0,18,75
09/18/2014,BGM,NY,AEA,EN,Combined TRACON& Tower with Radar,0,18,10,0,28,0,1,13,0,14,0,19,23,0,42,50,0,50,92
09/19/2014,BGM,NY,AEA,EN,Combined TRACON& Tower with Radar,0,17,13,0,30,0,0,21,0,21,0,17,34,0,51,0,0,0,51
09/20/2014,BGM,NY,AEA,EN,Combined TRACON& Tower with Radar,0,9,17,0,26,0,0,1,0,1,0,9,18,0,27,0,0,0,27
09/21/2014,BGM,NY,AEA,EN,Combined TRACON& Tower with Radar,0,16,7,0,23,0,0,7,0,7,0,16,14,0,30,8,0,8,38
09/22/2014,BGM,NY,AEA,EN,Combined TRACON& Tower with Radar,0,14,9,0,23,0,0,4,0,4,0,14,13,0,27,7,0,7,34
09/23/2014,BGM,NY,AEA,EN,Combined TRACON& Tower with Radar,0,18,16,2,36,0,2,19,0,21,0,20,35,2,57,16,16,32,89
09/24/2014,BGM,NY,AEA,EN,Combined TRACON& Tower with Radar,0,16,8,0,24,0,0,15,0,15,0,16,23,0,39,40,0,40,79
09/25/2014,BGM,NY,AEA,EN,Combined TRACON& Tower with Radar,0,16,12,0,28,0,0,21,0,21,0,16,33,0,49,30,0,30,79
09/26/2014,BGM,NY,AEA,EN,Combined TRACON& Tower with Radar,0,18,8,0,26,0,0,19,0,19,0,18,27,0,45,0,0,0,45
09/27/2014,BGM,NY,AEA,EN,Combined TRACON& Tower with Radar,0,8,4,0,12,0,0,32,0,32,0,8,36,0,44,72,0,72,116
09/28/2014,BGM,NY,AEA,EN,Combined TRACON& Tower with Radar,0,16,20,0,36,0,0,45,0,45,0,16,65,0,81,16,0,16,97
09/29/2014,BGM,NY,AEA,EN,Combined TRACON& Tower with Radar,0,14,6,0,20,0,0,11,2,13,0,14,17,2,33,1,0,1,34
09/30/2014,BGM,NY,AEA,EN,Combined TRACON& Tower with Radar,0,16,10,0,26,0,0,20,1,21,0,16,30,1,47,36,8,44,91
10/01/2014,BGM,NY,AEA,EN,Combined TRACON& Tower with Radar,0,14,11,0,25,0,0,10,0,10,0,14,21,0,35,22,0,22,57
10/02/2014,BGM,NY,AEA,EN,Combined TRACON& Tower with Radar,0,16,17,0,33,0,0,13,0,13,0,16,30,0,46,0,0,0,46
10/03/2014,BGM,NY,AEA,EN,Combined TRACON& Tower with Radar,0,19,14,0,33,0,0,8,0,8,0,19,22,0,41,12,0,12,53
10/04/2014,BGM,NY,AEA,EN,Combined TRACON& Tower with Radar,0,8,3,0,11,0,0,4,0,4,0,8,7,0,15,4,0,4,19
10/05/2014,BGM,NY,AEA,EN,Combined TRACON& Tower with Radar,0,16,14,0,30,0,0,28,0,28,0,16,42,0,58,10,0,10,68
10/06/2014,BGM,NY,AEA,EN,Combined TRACON& Tower with Radar,0,16,5,0,21,0,0,12,0,12,0,16,17,0,33,0,0,0,33
10/07/2014,BGM,NY,AEA,EN,Combined TRACON& Tower with Radar,0,18,6,0,24,0,0,5,0,5,0,18,11,0,29,0,0,0,29
10/08/2014,BGM,NY,AEA,EN,Combined TRACON& Tower with Radar,0,17,7,0,24,0,0,12,0,12,0,17,19,0,36,4,0,4,40
10/09/2014,BGM,NY,AEA,EN,Combined TRACON& Tower with Radar,0,19,9,0,28,0,0,5,0,5,0,19,14,0,33,6,0,6,39
10/10/2014,BGM,NY,AEA,EN,Combined TRACON& Tower with Radar,0,18,19,0,37,0,0,23,0,23,0,18,42,0,60,16,0,16,76
10/11/2014,BGM,NY,AEA,EN,Combined TRACON& Tower with Radar,0,8,8,0,16,0,0,29,0,29,0,8,37,0,45,48,0,48,93
10/12/2014,BGM,NY,AEA,EN,Combined TRACON& Tower with Radar,0,16,14,0,30,0,0,37,0,37,0,16,51,0,67,18,0,18,85
10/13/2014,BGM,NY,AEA,EN,Combined TRACON& Tower with Radar,0,12,16,0,28,0,0,4,0,4,0,12,20,0,32,0,0,0,32
10/14/2014,BGM,NY,AEA,EN,Combined TRACON& Tower with Radar,0,18,5,0,23,0,0,14,0,14,0,18,19,0,37,0,0,0,37
10/15/2014,BGM,NY,AEA,EN,Combined TRACON& Tower with Radar,0,16,4,0,20,0,0,0,0,0,0,16,4,0,20,0,0,0,20
10/16/2014,BGM,NY,AEA,EN,Combined TRACON& Tower with Radar,0,16,22,4,42,0,0,10,0,10,0,16,32,4,52,20,0,20,72
10/17/2014,BGM,NY,AEA,EN,Combined TRACON& Tower with Radar,0,20,7,0,27,0,0,11,0,11,0,20,18,0,38,0,0,0,38
10/18/2014,BGM,NY,AEA,EN,Combined TRACON& Tower with Radar,0,10,18,0,28,0,0,2,0,2,0,10,20,0,30,0,0,0,30
10/19/2014,BGM,NY,AEA,EN,Combined TRACON& Tower with Radar,0,16,10,0,26,0,0,4,0,4,0,16,14,0,30,62,0,62,92
10/20/2014,BGM,NY,AEA,EN,Combined TRACON& Tower with Radar,0,16,14,1,31,0,0,11,1,12,0,16,25,2,43,12,0,12,55
10/21/2014,BGM,NY,AEA,EN,Combined TRACON& Tower with Radar,0,20,8,0,28,0,0,5,0,5,0,20,13,0,33,0,0,0,33
10/22/2014,BGM,NY,AEA,EN,Combined TRACON& Tower with Radar,0,16,11,0,27,0,0,0,0,0,0,16,11,0,27,0,0,0,27
10/23/2014,BGM,NY,AEA,EN,Combined TRACON& Tower with Radar,0,18,4,2,24,0,0,1,0,1,0,18,5,2,25,0,0,0,25
10/24/2014,BGM,NY,AEA,EN,Combined TRACON& Tower with Radar,0,18,11,0,29,0,0,2,0,2,0,18,13,0,31,0,0,0,31
10/25/2014,BGM,NY,AEA,EN,Combined TRACON& Tower with Radar,0,8,12,0,20,0,0,15,0,15,0,8,27,0,35,6,0,6,41
10/26/2014,BGM,NY,AEA,EN,Combined TRACON& Tower with Radar,1,16,8,0,25,0,0,6,0,6,1,16,14,0,31,0,0,0,31
10/27/2014,BGM,NY,AEA,EN,Combined TRACON& Tower with Radar,1,21,14,0,36,0,0,13,0,13,1,21,27,0,49,14,0,14,63
10/28/2014,BGM,NY,AEA,EN,Combined TRACON& Tower with Radar,0,23,12,0,35,0,0,9,0,9,0,23,21,0,44,12,0,12,56
10/29/2014,BGM,NY,AEA,EN,Combined TRACON& Tower with Radar,0,26,16,0,42,0,0,2,0,2,0,26,18,0,44,0,0,0,44
10/30/2014,BGM,NY,AEA,EN,Combined TRACON& Tower with Radar,0,20,14,0,34,0,2,4,0,6,0,22,18,0,40,0,0,0,40
10/31/2014,BGM,NY,AEA,EN,Combined TRACON& Tower with Radar,0,20,7,0,27,0,0,12,0,12,0,20,19,0,39,8,0,8,47
11/01/2014,BGM,NY,AEA,EN,Combined TRACON& Tower with Radar,0,10,2,0,12,0,0,2,0,2,0,10,4,0,14,36,0,36,50
11/02/2014,BGM,NY,AEA,EN,Combined TRACON& Tower with Radar,0,17,2,0,19,0,0,4,0,4,0,17,6,0,23,0,0,0,23
11/03/2014,BGM,NY,AEA,EN,Combined TRACON& Tower with Radar,0,18,8,0,26,0,0,16,0,16,0,18,24,0,42,16,0,16,58
11/04/2014,BGM,NY,AEA,EN,Combined TRACON& Tower with Radar,0,20,8,0,28,0,0,4,1,5,0,20,12,1,33,22,0,22,55
11/05/2014,BGM,NY,AEA,EN,Combined TRACON& Tower with Radar,0,23,7,1,31,0,0,3,1,4,0,23,10,2,35,8,0,8,43
11/06/2014,BGM,NY,AEA,EN,Combined TRACON& Tower with Radar,0,18,6,0,24,0,0,4,0,4,0,18,10,0,28,0,0,0,28
11/07/2014,BGM,NY,AEA,EN,Combined TRACON& Tower with Radar,0,18,4,0,22,0,0,1,0,1,0,18,5,0,23,0,0,0,23
11/08/2014,BGM,NY,AEA,EN,Combined TRACON& Tower with Radar,0,12,5,0,17,0,0,23,0,23,0,12,28,0,40,36,0,36,76
11/09/2014,BGM,NY,AEA,EN,Combined TRACON& Tower with Radar,0,18,6,0,24,0,0,9,0,9,0,18,15,0,33,14,0,14,47
11/10/2014,BGM,NY,AEA,EN,Combined TRACON& Tower with Radar,0,16,16,0,32,0,1,10,2,13,0,17,26,2,45,2,0,2,47
11/11/2014,BGM,NY,AEA,EN,Combined TRACON& Tower with Radar,0,20,12,0,32,0,0,30,0,30,0,20,42,0,62,10,0,10,72
11/12/2014,BGM,NY,AEA,EN,Combined TRACON& Tower with Radar,0,17,5,0,22,0,0,7,0,7,0,17,12,0,29,12,0,12,41
11/13/2014,BGM,NY,AEA,EN,Combined TRACON& Tower with Radar,0,20,9,0,29,0,0,6,0,6,0,20,15,0,35,4,0,4,39
11/14/2014,BGM,NY,AEA,EN,Combined TRACON& Tower with Radar,0,21,3,2,26,0,0,6,0,6,0,21,9,2,32,0,18,18,50
11/15/2014,BGM,NY,AEA,EN,Combined TRACON& Tower with Radar,0,10,16,0,26,0,0,20,0,20,0,10,36,0,46,24,0,24,70
11/16/2014,BGM,NY,AEA,EN,Combined TRACON& Tower with Radar,0,16,2,0,18,0,0,6,0,6,0,16,8,0,24,1,0,1,25
11/17/2014,BGM,NY,AEA,EN,Combined TRACON& Tower with Radar,0,13,6,0,19,0,0,0,0,0,0,13,6,0,19,0,0,0,19
11/18/2014,BGM,NY,AEA,EN,Combined TRACON& Tower with Radar,2,14,8,0,24,0,0,2,0,2,2,14,10,0,26,0,0,0,26
11/19/2014,BGM,NY,AEA,EN,Combined TRACON& Tower with Radar,0,17,16,0,33,0,0,4,0,4,0,17,20,0,37,0,0,0,37
11/20/2014,BGM,NY,AEA,EN,Combined TRACON& Tower with Radar,0,23,5,1,29,0,0,6,2,8,0,23,11,3,37,6,0,6,43
11/21/2014,BGM,NY,AEA,EN,Combined TRACON& Tower with Radar,2,18,5,1,26,0,0,3,0,3,2,18,8,1,29,0,0,0,29
11/22/2014,BGM,NY,AEA,EN,Combined TRACON& Tower with Radar,2,10,11,0,23,0,0,11,0,11,2,10,22,0,34,2,0,2,36
11/23/2014,BGM,NY,AEA,EN,Combined TRACON& Tower with Radar,0,16,4,0,20,0,0,10,0,10,0,16,14,0,30,0,0,0,30
11/24/2014,BGM,NY,AEA,EN,Combined TRACON& Tower with Radar,0,13,1,0,14,0,0,1,0,1,0,13,2,0,15,0,0,0,15
11/25/2014,BGM,NY,AEA,EN,Combined TRACON& Tower with Radar,0,19,6,0,25,0,0,13,2,15,0,19,19,2,40,0,0,0,40
11/26/2014,BGM,NY,AEA,EN,Combined TRACON& Tower with Radar,0,10,0,0,10,0,0,0,0,0,0,10,0,0,10,0,0,0,10
11/27/2014,BGM,NY,AEA,EN,Combined TRACON& Tower with Radar,0,9,0,0,9,0,0,0,0,0,0,9,0,0,9,0,0,0,9
11/28/2014,BGM,NY,AEA,EN,Combined TRACON& Tower with Radar,0,10,1,0,11,0,0,5,0,5,0,10,6,0,16,8,0,8,24
11/29/2014,BGM,NY,AEA,EN,Combined TRACON& Tower with Radar,0,16,4,0,20,0,0,9,0,9,0,16,13,0,29,8,0,8,37
11/30/2014,BGM,NY,AEA,EN,Combined TRACON& Tower with Radar,0,18,13,0,31,0,0,2,0,2,0,18,15,0,33,0,0,0,33
12/01/2014,BGM,NY,AEA,EN,Combined TRACON& Tower with Radar,0,20,2,0,22,0,0,1,0,1,0,20,3,0,23,0,0,0,23
12/02/2014,BGM,NY,AEA,EN,Combined TRACON& Tower with Radar,0,17,3,0,20,0,0,5,0,5,0,17,8,0,25,0,0,0,25
12/03/2014,BGM,NY,AEA,EN,Combined TRACON& Tower with Radar,0,13,12,0,25,0,0,0,0,0,0,13,12,0,25,0,0,0,25
12/04/2014,BGM,NY,AEA,EN,Combined TRACON& Tower with Radar,0,16,7,2,25,0,0,14,0,14,0,16,21,2,39,10,0,10,49
12/05/2014,BGM,NY,AEA,EN,Combined TRACON& Tower with Radar,0,21,8,0,29,0,0,6,0,6,0,21,14,0,35,16,0,16,51
12/06/2014,BGM,NY,AEA,EN,Combined TRACON& Tower with Radar,0,13,0,0,13,0,0,0,0,0,0,13,0,0,13,0,0,0,13
12/07/2014,BGM,NY,AEA,EN,Combined TRACON& Tower with Radar,0,15,7,0,22,0,0,22,0,22,0,15,29,0,44,0,0,0,44
12/08/2014,BGM,NY,AEA,EN,Combined TRACON& Tower with Radar,0,18,27,0,45,0,0,5,0,5,0,18,32,0,50,0,0,0,50
12/09/2014,BGM,NY,AEA,EN,Combined TRACON& Tower with Radar,0,16,1,0,17,0,0,0,0,0,0,16,1,0,17,0,0,0,17
12/10/2014,BGM,NY,AEA,EN,Combined TRACON& Tower with Radar,0,20,4,0,24,0,0,0,0,0,0,20,4,0,24,0,0,0,24
12/11/2014,BGM,NY,AEA,EN,Combined TRACON& Tower with Radar,0,19,3,0,22,0,0,0,0,0,0,19,3,0,22,0,0,0,22
12/12/2014,BGM,NY,AEA,EN,Combined TRACON& Tower with Radar,0,19,0,0,19,0,0,0,0,0,0,19,0,0,19,0,0,0,19
12/13/2014,BGM,NY,AEA,EN,Combined TRACON& Tower with Radar,0,10,5,0,15,0,0,0,0,0,0,10,5,0,15,0,0,0,15
12/14/2014,BGM,NY,AEA,EN,Combined TRACON& Tower with Radar,0,16,2,0,18,0,0,0,0,0,0,16,2,0,18,0,0,0,18
12/15/2014,BGM,NY,AEA,EN,Combined TRACON& Tower with Radar,0,13,6,0,19,0,0,0,0,0,0,13,6,0,19,0,0,0,19
12/16/2014,BGM,NY,AEA,EN,Combined TRACON& Tower with Radar,0,14,7,0,21,0,0,0,0,0,0,14,7,0,21,0,0,0,21
12/17/2014,BGM,NY,AEA,EN,Combined TRACON& Tower with Radar,0,19,5,2,26,0,0,0,0,0,0,19,5,2,26,0,0,0,26
12/18/2014,BGM,NY,AEA,EN,Combined TRACON& Tower with Radar,0,19,3,1,23,0,0,0,2,2,0,19,3,3,25,0,0,0,25
12/19/2014,BGM,NY,AEA,EN,Combined TRACON& Tower with Radar,0,17,8,1,26,0,0,0,0,0,0,17,8,1,26,0,0,0,26
12/20/2014,BGM,NY,AEA,EN,Combined TRACON& Tower with Radar,0,13,0,0,13,0,0,10,0,10,0,13,10,0,23,74,0,74,97
12/21/2014,BGM,NY,AEA,EN,Combined TRACON& Tower with Radar,0,18,4,0,22,0,0,2,0,2,0,18,6,0,24,0,0,0,24
12/22/2014,BGM,NY,AEA,EN,Combined TRACON& Tower with Radar,0,19,11,0,30,0,0,6,0,6,0,19,17,0,36,12,0,12,48
12/23/2014,BGM,NY,AEA,EN,Combined TRACON& Tower with Radar,0,14,8,0,22,0,0,0,0,0,0,14,8,0,22,0,0,0,22
12/24/2014,BGM,NY,AEA,EN,Combined TRACON& Tower with Radar,0,15,0,0,15,0,0,0,0,0,0,15,0,0,15,0,0,0,15
12/25/2014,BGM,NY,AEA,EN,Combined TRACON& Tower with Radar,0,9,0,0,9,0,0,0,0,0,0,9,0,0,9,0,0,0,9
12/26/2014,BGM,NY,AEA,EN,Combined TRACON& Tower with Radar,0,19,15,0,34,0,0,18,0,18,0,19,33,0,52,14,0,14,66
12/27/2014,BGM,NY,AEA,EN,Combined TRACON& Tower with Radar,0,14,5,0,19,0,0,25,0,25,0,14,30,0,44,14,0,14,58
12/28/2014,BGM,NY,AEA,EN,Combined TRACON& Tower with Radar,0,19,7,0,26,0,0,0,0,0,0,19,7,0,26,0,0,0,26
12/29/2014,BGM,NY,AEA,EN,Combined TRACON& Tower with Radar,0,14,5,4,23,0,4,6,0,10,0,18,11,4,33,2,2,4,37
12/30/2014,BGM,NY,AEA,EN,Combined TRACON& Tower with Radar,0,17,0,0,17,0,0,2,0,2,0,17,2,0,19,0,0,0,19
12/31/2014,BGM,NY,AEA,EN,Combined TRACON& Tower with Radar,0,12,0,0,12,0,0,0,0,0,0,12,0,0,12,0,0,0,12
01/01/2015,BGM,NY,AEA,EN,Combined TRACON& Tower with Radar,0,12,4,0,16,0,0,1,0,1,0,12,5,0,17,0,0,0,17
01/02/2015,BGM,NY,AEA,EN,Combined TRACON& Tower with Radar,0,18,2,0,20,0,0,0,0,0,0,18,2,0,20,0,0,0,20
01/03/2015,BGM,NY,AEA,EN,Combined TRACON& Tower with Radar,0,12,2,0,14,0,0,0,0,0,0,12,2,0,14,0,0,0,14
01/04/2015,BGM,NY,AEA,EN,Combined TRACON& Tower with Radar,0,15,6,0,21,0,0,0,0,0,0,15,6,0,21,0,0,0,21
01/05/2015,BGM,NY,AEA,EN,Combined TRACON& Tower with Radar,0,16,2,0,18,0,0,0,0,0,0,16,2,0,18,0,0,0,18
01/06/2015,BGM,NY,AEA,EN,Combined TRACON& Tower with Radar,0,18,1,0,19,0,0,0,0,0,0,18,1,0,19,0,0,0,19
01/07/2015,BGM,NY,AEA,EN,Combined TRACON& Tower with Radar,0,18,4,0,22,0,0,1,0,1,0,18,5,0,23,0,0,0,23
01/08/2015,BGM,NY,AEA,EN,Combined TRACON& Tower with Radar,0,19,4,0,23,0,0,3,2,5,0,19,7,2,28,0,0,0,28
01/09/2015,BGM,NY,AEA,EN,Combined TRACON& Tower with Radar,0,12,3,0,15,0,0,0,0,0,0,12,3,0,15,0,0,0,15
01/10/2015,BGM,NY,AEA,EN,Combined TRACON& Tower with Radar,0,12,3,0,15,0,0,16,1,17,0,12,19,1,32,10,0,10,42
01/11/2015,BGM,NY,AEA,EN,Combined TRACON& Tower with Radar,0,15,8,0,23,0,0,11,0,11,0,15,19,0,34,0,0,0,34
01/12/2015,BGM,NY,AEA,EN,Combined TRACON& Tower with Radar,0,12,3,0,15,0,0,0,0,0,0,12,3,0,15,0,0,0,15
01/13/2015,BGM,NY,AEA,EN,Combined TRACON& Tower with Radar,0,19,8,0,27,0,0,8,0,8,0,19,16,0,35,33,0,33,68
01/14/2015,BGM,NY,AEA,EN,Combined TRACON& Tower with Radar,0,19,11,0,30,0,0,9,3,12,0,19,20,3,42,0,0,0,42
01/15/2015,BGM,NY,AEA,EN,Combined TRACON& Tower with Radar,0,16,9,0,25,0,0,9,0,9,0,16,18,0,34,0,0,0,34
01/16/2015,BGM,NY,AEA,EN,Combined TRACON& Tower with Radar,0,15,3,0,18,0,0,0,0,0,0,15,3,0,18,0,0,0,18
01/17/2015,BGM,NY,AEA,EN,Combined TRACON& Tower with Radar,0,12,6,0,18,0,0,24,0,24,0,12,30,0,42,18,0,18,60
01/18/2015,BGM,NY,AEA,EN,Combined TRACON& Tower with Radar,0,15,1,0,16,0,0,0,0,0,0,15,1,0,16,0,0,0,16
01/19/2015,BGM,NY,AEA,EN,Combined TRACON& Tower with Radar,0,16,10,0,26,0,0,1,0,1,0,16,11,0,27,0,0,0,27
01/20/2015,BGM,NY,AEA,EN,Combined TRACON& Tower with Radar,0,20,9,10,39,0,0,10,2,12,0,20,19,12,51,18,0,18,69
01/21/2015,BGM,NY,AEA,EN,Combined TRACON& Tower with Radar,0,18,7,0,25,0,0,6,2,8,0,18,13,2,33,0,0,0,33
01/22/2015,BGM,NY,AEA,EN,Combined TRACON& Tower with Radar,0,18,7,0,25,0,0,5,0,5,0,18,12,0,30,0,0,0,30
01/23/2015,BGM,NY,AEA,EN,Combined TRACON& Tower with Radar,0,16,3,0,19,0,0,18,0,18,0,16,21,0,37,1,0,1,38
01/24/2015,BGM,NY,AEA,EN,Combined TRACON& Tower with Radar,0,11,8,0,19,0,0,5,0,5,0,11,13,0,24,0,0,0,24
01/25/2015,BGM,NY,AEA,EN,Combined TRACON& Tower with Radar,0,15,5,0,20,0,0,9,0,9,0,15,14,0,29,0,0,0,29
01/26/2015,BGM,NY,AEA,EN,Combined TRACON& Tower with Radar,0,12,1,0,13,0,0,0,0,0,0,12,1,0,13,0,0,0,13
01/27/2015,BGM,NY,AEA,EN,Combined TRACON& Tower with Radar,0,6,2,0,8,0,0,0,0,0,0,6,2,0,8,0,0,0,8
01/28/2015,BGM,NY,AEA,EN,Combined TRACON& Tower with Radar,0,15,3,0,18,0,0,10,0,10,0,15,13,0,28,12,0,12,40
01/29/2015,BGM,NY,AEA,EN,Combined TRACON& Tower with Radar,0,18,7,0,25,0,0,4,1,5,0,18,11,1,30,0,0,0,30
01/30/2015,BGM,NY,AEA,EN,Combined TRACON& Tower with Radar,0,16,10,0,26,0,0,0,0,0,0,16,10,0,26,0,0,0,26
01/31/2015,BGM,NY,AEA,EN,Combined TRACON& Tower with Radar,0,11,6,2,19,0,0,5,1,6,0,11,11,3,25,0,0,0,25
02/01/2015,BGM,NY,AEA,EN,Combined TRACON& Tower with Radar,0,10,3,0,13,0,0,0,0,0,0,10,3,0,13,0,0,0,13
02/02/2015,BGM,NY,AEA,EN,Combined TRACON& Tower with Radar,0,5,4,0,9,0,0,0,0,0,0,5,4,0,9,0,0,0,9
02/03/2015,BGM,NY,AEA,EN,Combined TRACON& Tower with Radar,0,15,6,12,33,0,0,11,0,11,0,15,17,12,44,11,0,11,55
02/04/2015,BGM,NY,AEA,EN,Combined TRACON& Tower with Radar,0,16,10,0,26,0,1,8,0,9,0,17,18,0,35,0,0,0,35
02/05/2015,BGM,NY,AEA,EN,Combined TRACON& Tower with Radar,0,20,7,0,27,0,0,4,0,4,0,20,11,0,31,0,0,0,31
02/06/2015,BGM,NY,AEA,EN,Combined TRACON& Tower with Radar,1,16,13,0,30,0,0,13,0,13,1,16,26,0,43,14,0,14,57
02/07/2015,BGM,NY,AEA,EN,Combined TRACON& Tower with Radar,1,10,1,0,12,0,0,0,0,0,1,10,1,0,12,6,0,6,18
02/08/2015,BGM,NY,AEA,EN,Combined TRACON& Tower with Radar,0,15,3,0,18,0,0,0,0,0,0,15,3,0,18,0,0,0,18
02/09/2015,BGM,NY,AEA,EN,Combined TRACON& Tower with Radar,0,12,3,0,15,0,0,0,0,0,0,12,3,0,15,0,0,0,15
02/10/2015,BGM,NY,AEA,EN,Combined TRACON& Tower with Radar,0,22,5,0,27,0,0,0,0,0,0,22,5,0,27,0,0,0,27
02/11/2015,BGM,NY,AEA,EN,Combined TRACON& Tower with Radar,0,14,14,0,28,0,0,9,0,9,0,14,23,0,37,6,0,6,43
02/12/2015,BGM,NY,AEA,EN,Combined TRACON& Tower with Radar,0,15,5,0,20,0,0,0,0,0,0,15,5,0,20,0,0,0,20
02/13/2015,BGM,NY,AEA,EN,Combined TRACON& Tower with Radar,0,17,11,0,28,0,0,3,0,3,0,17,14,0,31,0,0,0,31
02/14/2015,BGM,NY,AEA,EN,Combined TRACON& Tower with Radar,0,9,2,0,11,0,0,0,0,0,0,9,2,0,11,0,0,0,11
02/15/2015,BGM,NY,AEA,EN,Combined TRACON& Tower with Radar,2,4,1,0,7,0,0,0,0,0,2,4,1,0,7,0,0,0,7
02/16/2015,BGM,NY,AEA,EN,Combined TRACON& Tower with Radar,0,15,5,0,20,0,0,6,0,6,0,15,11,0,26,4,0,4,30
02/17/2015,BGM,NY,AEA,EN,Combined TRACON& Tower with Radar,0,11,10,0,21,0,0,9,0,9,0,11,19,0,30,12,0,12,42
02/18/2015,BGM,NY,AEA,EN,Combined TRACON& Tower with Radar,2,13,11,0,26,0,0,6,0,6,2,13,17,0,32,0,0,0,32
02/19/2015,BGM,NY,AEA,EN,Combined TRACON& Tower with Radar,0,16,6,0,22,0,0,0,0,0,0,16,6,0,22,0,0,0,22
02/20/2015,BGM,NY,AEA,EN,Combined TRACON& Tower with Radar,1,12,1,0,14,0,0,9,0,9,1,12,10,0,23,0,0,0,23
02/21/2015,BGM,NY,AEA,EN,Combined TRACON& Tower with Radar,1,10,2,0,13,0,0,0,0,0,1,10,2,0,13,0,0,0,13
02/22/2015,BGM,NY,AEA,EN,Combined TRACON& Tower with Radar,0,12,4,0,16,0,0,4,0,4,0,12,8,0,20,10,0,10,30
02/23/2015,BGM,NY,AEA,EN,Combined TRACON& Tower with Radar,3,13,4,0,20,0,0,2,0,2,3,13,6,0,22,0,0,0,22
02/24/2015,BGM,NY,AEA,EN,Combined TRACON& Tower with Radar,3,13,13,0,29,0,0,6,0,6,3,13,19,0,35,0,0,0,35
02/25/2015,BGM,NY,AEA,EN,Combined TRACON& Tower with Radar,2,14,7,0,23,0,0,11,0,11,2,14,18,0,34,32,0,32,66
02/26/2015,BGM,NY,AEA,EN,Combined TRACON& Tower with Radar,0,16,5,0,21,0,0,0,0,0,0,16,5,0,21,0,0,0,21
02/27/2015,BGM,NY,AEA,EN,Combined TRACON& Tower with Radar,1,14,16,0,31,0,0,11,0,11,1,14,27,0,42,10,0,10,52
02/28/2015,BGM,NY,AEA,EN,Combined TRACON& Tower with Radar,1,9,6,0,16,0,0,27,0,27,1,9,33,0,43,24,0,24,67
03/01/2015,BGM,NY,AEA,EN,Combined TRACON& Tower with Radar,0,13,1,0,14,0,0,0,0,0,0,13,1,0,14,0,0,0,14
03/02/2015,BGM,NY,AEA,EN,Combined TRACON& Tower with Radar,0,13,10,0,23,0,0,3,0,3,0,13,13,0,26,0,0,0,26
03/03/2015,BGM,NY,AEA,EN,Combined TRACON& Tower with Radar,0,13,4,0,17,0,0,0,2,2,0,13,4,2,19,0,0,0,19
03/04/2015,BGM,NY,AEA,EN,Combined TRACON& Tower with Radar,0,17,2,0,19,0,0,0,0,0,0,17,2,0,19,0,0,0,19
03/05/2015,BGM,NY,AEA,EN,Combined TRACON& Tower with Radar,0,6,4,3,13,0,0,5,3,8,0,6,9,6,21,0,0,0,21
03/06/2015,BGM,NY,AEA,EN,Combined TRACON& Tower with Radar,0,16,5,0,21,0,0,12,0,12,0,16,17,0,33,14,0,14,47
03/07/2015,BGM,NY,AEA,EN,Combined TRACON& Tower with Radar,0,9,1,0,10,0,0,1,0,1,0,9,2,0,11,0,0,0,11
03/08/2015,BGM,NY,AEA,EN,Combined TRACON& Tower with Radar,0,19,1,1,21,0,0,3,0,3,0,19,4,1,24,0,0,0,24
03/09/2015,BGM,NY,AEA,EN,Combined TRACON& Tower with Radar,0,16,9,0,25,0,0,8,2,10,0,16,17,2,35,0,0,0,35
03/10/2015,BGM,NY,AEA,EN,Combined TRACON& Tower with Radar,0,18,4,0,22,0,0,3,2,5,0,18,7,2,27,14,6,20,47
03/11/2015,BGM,NY,AEA,EN,Combined TRACON& Tower with Radar,0,16,4,1,21,0,0,2,0,2,0,16,6,1,23,0,0,0,23
03/12/2015,BGM,NY,AEA,EN,Combined TRACON& Tower with Radar,0,19,8,0,27,0,0,6,0,6,0,19,14,0,33,6,0,6,39
03/13/2015,BGM,NY,AEA,EN,Combined TRACON& Tower with Radar,0,15,8,1,24,0,0,15,0,15,0,15,23,1,39,4,0,4,43
03/14/2015,BGM,NY,AEA,EN,Combined TRACON& Tower with Radar,0,9,8,0,17,0,0,0,0,0,0,9,8,0,17,0,0,0,17
03/15/2015,BGM,NY,AEA,EN,Combined TRACON& Tower with Radar,0,17,3,0,20,0,0,0,0,0,0,17,3,0,20,0,0,0,20
03/16/2015,BGM,NY,AEA,EN,Combined TRACON& Tower with Radar,0,14,8,0,22,0,0,12,0,12,0,14,20,0,34,4,0,4,38
03/17/2015,BGM,NY,AEA,EN,Combined TRACON& Tower with Radar,0,16,5,0,21,0,0,3,2,5,0,16,8,2,26,0,0,0,26
03/18/2015,BGM,NY,AEA,EN,Combined TRACON& Tower with Radar,0,16,3,0,19,0,0,1,0,1,0,16,4,0,20,0,0,0,20
03/19/2015,BGM,NY,AEA,EN,Combined TRACON& Tower with Radar,0,18,11,0,29,0,0,14,0,14,0,18,25,0,43,0,0,0,43
03/20/2015,BGM,NY,AEA,EN,Combined TRACON& Tower with Radar,1,13,2,0,16,0,0,0,0,0,1,13,2,0,16,12,0,12,28
03/21/2015,BGM,NY,AEA,EN,Combined TRACON& Tower with Radar,1,8,0,0,9,0,0,0,0,0,1,8,0,0,9,0,0,0,9
03/22/2015,BGM,NY,AEA,EN,Combined TRACON& Tower with Radar,0,15,3,0,18,0,0,2,0,2,0,15,5,0,20,2,0,2,22
03/23/2015,BGM,NY,AEA,EN,Combined TRACON& Tower with Radar,0,16,4,0,20,0,0,4,1,5,0,16,8,1,25,26,0,26,51
03/24/2015,BGM,NY,AEA,EN,Combined TRACON& Tower with Radar,0,17,15,3,35,0,0,18,0,18,0,17,33,3,53,5,0,5,58
03/25/2015,BGM,NY,AEA,EN,Combined TRACON& Tower with Radar,0,16,4,0,20,0,0,0,0,0,0,16,4,0,20,0,0,0,20
03/26/2015,BGM,NY,AEA,EN,Combined TRACON& Tower with Radar,1,17,4,0,22,0,0,0,0,0,1,17,4,0,22,0,0,0,22
03/27/2015,BGM,NY,AEA,EN,Combined TRACON& Tower with Radar,1,16,9,0,26,0,0,2,0,2,1,16,11,0,28,0,0,0,28
03/28/2015,BGM,NY,AEA,EN,Combined TRACON& Tower with Radar,0,9,7,0,16,0,0,12,0,12,0,9,19,0,28,26,0,26,54
03/29/2015,BGM,NY,AEA,EN,Combined TRACON& Tower with Radar,0,17,3,0,20,0,0,21,0,21,0,17,24,0,41,38,0,38,79
03/30/2015,BGM,NY,AEA,EN,Combined TRACON& Tower with Radar,0,15,2,0,17,0,0,1,0,1,0,15,3,0,18,0,0,0,18
03/31/2015,BGM,NY,AEA,EN,Combined TRACON& Tower with Radar,0,17,6,0,23,0,0,0,1,1,0,17,6,1,24,0,0,0,24
04/01/2015,BGM,NY,AEA,EN,Combined TRACON& Tower with Radar,1,15,7,0,23,0,0,11,2,13,1,15,18,2,36,10,0,10,46
04/02/2015,BGM,NY,AEA,EN,Combined TRACON& Tower with Radar,1,16,11,0,28,0,0,11,0,11,1,16,22,0,39,4,0,4,43
04/03/2015,BGM,NY,AEA,EN,Combined TRACON& Tower with Radar,0,17,10,8,35,0,0,3,0,3,0,17,13,8,38,0,0,0,38
04/04/2015,BGM,NY,AEA,EN,Combined TRACON& Tower with Radar,0,12,3,0,15,0,0,6,0,6,0,12,9,0,21,0,0,0,21
04/05/2015,BGM,NY,AEA,EN,Combined TRACON& Tower with Radar,0,11,8,0,19,0,0,0,0,0,0,11,8,0,19,0,0,0,19
04/06/2015,BGM,NY,AEA,EN,Combined TRACON& Tower with Radar,0,16,7,0,23,0,0,8,0,8,0,16,15,0,31,0,0,0,31
04/07/2015,BGM,NY,AEA,EN,Combined TRACON& Tower with Radar,0,16,12,0,28,0,0,3,0,3,0,16,15,0,31,0,0,0,31
04/08/2015,BGM,NY,AEA,EN,Combined TRACON& Tower with Radar,0,16,6,0,22,0,0,0,0,0,0,16,6,0,22,0,0,0,22
04/09/2015,BGM,NY,AEA,EN,Combined TRACON& Tower with Radar,0,17,16,0,33,0,0,0,0,0,0,17,16,0,33,0,0,0,33
04/10/2015,BGM,NY,AEA,EN,Combined TRACON& Tower with Radar,0,16,11,0,27,0,0,0,0,0,0,16,11,0,27,0,0,0,27
04/11/2015,BGM,NY,AEA,EN,Combined TRACON& Tower with Radar,0,10,0,0,10,0,0,22,0,22,0,10,22,0,32,0,0,0,32
04/12/2015,BGM,NY,AEA,EN,Combined TRACON& Tower with Radar,0,16,8,0,24,0,0,37,0,37,0,16,45,0,61,42,0,42,103
04/13/2015,BGM,NY,AEA,EN,Combined TRACON& Tower with Radar,0,16,11,0,27,0,0,13,3,16,0,16,24,3,43,8,0,8,51
04/14/2015,BGM,NY,AEA,EN,Combined TRACON& Tower with Radar,0,17,11,0,28,0,0,13,7,20,0,17,24,7,48,54,0,54,102
04/15/2015,BGM,NY,AEA,EN,Combined TRACON& Tower with Radar,0,17,13,0,30,0,0,29,0,29,0,17,42,0,59,12,0,12,71
04/16/2015,BGM,NY,AEA,EN,Combined TRACON& Tower with Radar,0,18,21,4,43,0,0,19,0,19,0,18,40,4,62,20,0,20,82
04/17/2015,BGM,NY,AEA,EN,Combined TRACON& Tower with Radar,0,18,10,0,28,0,0,6,0,6,0,18,16,0,34,0,0,0,34
04/18/2015,BGM,NY,AEA,EN,Combined TRACON& Tower with Radar,0,7,8,0,15,0,0,19,0,19,0,7,27,0,34,0,0,0,34
04/19/2015,BGM,NY,AEA,EN,Combined TRACON& Tower with Radar,0,15,8,0,23,0,0,34,2,36,0,15,42,2,59,4,0,4,63
04/20/2015,BGM,NY,AEA,EN,Combined TRACON& Tower with Radar,0,15,6,0,21,0,0,0,0,0,0,15,6,0,21,2,0,2,23
04/21/2015,BGM,NY,AEA,EN,Combined TRACON& Tower with Radar,0,14,7,0,21,0,0,9,0,9,0,14,16,0,30,6,0,6,36
04/22/2015,BGM,NY,AEA,EN,Combined TRACON& Tower with Radar,0,17,12,0,29,0,0,2,0,2,0,17,14,0,31,0,0,0,31
04/23/2015,BGM,NY,AEA,EN,Combined TRACON& Tower with Radar,0,24,8,6,38,0,0,2,0,2,0,24,10,6,40,0,0,0,40
04/24/2015,BGM,NY,AEA,EN,Combined TRACON& Tower with Radar,0,20,9,0,29,0,0,1,2,3,0,20,10,2,32,0,0,0,32
04/25/2015,BGM,NY,AEA,EN,Combined TRACON& Tower with Radar,0,8,9,0,17,0,0,21,0,21,0,8,30,0,38,18,0,18,56
04/26/2015,BGM,NY,AEA,EN,Combined TRACON& Tower with Radar,0,18,10,0,28,0,0,16,0,16,0,18,26,0,44,2,0,2,46
04/27/2015,BGM,NY,AEA,EN,Combined TRACON& Tower with Radar,0,16,6,8,30,0,0,6,0,6,0,16,12,8,36,2,0,2,38
04/28/2015,BGM,NY,AEA,EN,Combined TRACON& Tower with Radar,0,16,4,0,20,0,0,15,1,16,0,16,19,1,36,6,0,6,42
04/29/2015,BGM,NY,AEA,EN,Combined TRACON& Tower with Radar,0,16,10,1,27,0,0,20,1,21,0,16,30,2,48,14,0,14,62
04/30/2015,BGM,NY,AEA,EN,Combined TRACON& Tower with Radar,0,18,11,0,29,0,0,17,4,21,0,18,28,4,50,8,0,8,58
05/01/2015,BGM,NY,AEA,EN,Combined TRACON& Tower with Radar,0,18,10,0,28,0,0,11,2,13,0,18,21,2,41,0,0,0,41
05/02/2015,BGM,NY,AEA,EN,Combined TRACON& Tower with Radar,0,10,7,0,17,0,0,20,0,20,0,10,27,0,37,2,0,2,39
05/03/2015,BGM,NY,AEA,EN,Combined TRACON& Tower with Radar,0,15,17,0,32,0,0,30,0,30,0,15,47,0,62,2,0,2,64
05/04/2015,BGM,NY,AEA,EN,Combined TRACON& Tower with Radar,0,17,13,0,30,0,1,12,0,13,0,18,25,0,43,0,0,0,43
05/05/2015,BGM,NY,AEA,EN,Combined TRACON& Tower with Radar,0,17,12,2,31,0,0,14,0,14,0,17,26,2,45,6,0,6,51
05/06/2015,BGM,NY,AEA,EN,Combined TRACON& Tower with Radar,0,18,12,0,30,0,4,11,0,15,0,22,23,0,45,0,0,0,45
05/07/2015,BGM,NY,AEA,EN,Combined TRACON& Tower with Radar,0,18,15,1,34,0,0,7,2,9,0,18,22,3,43,0,40,40,83
05/08/2015,BGM,NY,AEA,EN,Combined TRACON& Tower with Radar,0,18,13,0,31,0,0,14,0,14,0,18,27,0,45,6,0,6,51
05/09/2015,BGM,NY,AEA,EN,Combined TRACON& Tower with Radar,0,9,6,0,15,0,1,8,0,9,0,10,14,0,24,10,0,10,34
05/10/2015,BGM,NY,AEA,EN,Combined TRACON& Tower with Radar,0,11,5,0,16,0,0,4,0,4,0,11,9,0,20,10,0,10,30
05/11/2015,BGM,NY,AEA,EN,Combined TRACON& Tower with Radar,0,15,7,0,22,0,0,9,0,9,0,15,16,0,31,0,0,0,31
05/12/2015,BGM,NY,AEA,EN,Combined TRACON& Tower with Radar,0,14,6,0,20,0,1,4,0,5,0,15,10,0,25,0,0,0,25
05/13/2015,BGM,NY,AEA,EN,Combined TRACON& Tower with Radar,0,16,4,0,20,0,0,0,0,0,0,16,4,0,20,0,0,0,20
05/14/2015,BGM,NY,AEA,EN,Combined TRACON& Tower with Radar,0,18,10,0,28,0,0,11,0,11,0,18,21,0,39,32,0,32,71
05/15/2015,BGM,NY,AEA,EN,Combined TRACON& Tower with Radar,0,16,18,0,34,0,0,12,0,12,0,16,30,0,46,10,0,10,56
05/16/2015,BGM,NY,AEA,EN,Combined TRACON& Tower with Radar,0,18,8,0,26,0,0,4,0,4,0,18,12,0,30,4,0,4,34
05/17/2015,BGM,NY,AEA,EN,Combined TRACON& Tower with Radar,0,14,10,0,24,0,0,15,0,15,0,14,25,0,39,42,0,42,81
05/18/2015,BGM,NY,AEA,EN,Combined TRACON& Tower with Radar,0,15,13,2,30,0,0,9,0,9,0,15,22,2,39,8,0,8,47
05/19/2015,BGM,NY,AEA,EN,Combined TRACON& Tower with Radar,0,18,4,2,24,0,0,4,0,4,0,18,8,2,28,0,0,0,28
05/20/2015,BGM,NY,AEA,EN,Combined TRACON& Tower with Radar,0,17,10,0,27,0,0,6,2,8,0,17,16,2,35,0,0,0,35
05/21/2015,BGM,NY,AEA,EN,Combined TRACON& Tower with Radar,0,18,14,4,36,0,0,14,0,14,0,18,28,4,50,0,0,0,50
05/22/2015,BGM,NY,AEA,EN,Combined TRACON& Tower with Radar,0,18,17,0,35,0,0,8,0,8,0,18,25,0,43,0,0,0,43
05/23/2015,BGM,NY,AEA,EN,Combined TRACON& Tower with Radar,0,9,12,0,21,0,0,22,0,22,0,9,34,0,43,11,0,11,54
05/24/2015,BGM,NY,AEA,EN,Combined TRACON& Tower with Radar,0,9,5,0,14,0,0,13,0,13,0,9,18,0,27,12,0,12,39
05/25/2015,BGM,NY,AEA,EN,Combined TRACON& Tower with Radar,0,14,10,0,24,0,0,19,0,19,0,14,29,0,43,4,0,4,47
05/26/2015,BGM,NY,AEA,EN,Combined TRACON& Tower with Radar,0,18,9,0,27,0,0,3,0,3,0,18,12,0,30,0,0,0,30
05/27/2015,BGM,NY,AEA,EN,Combined TRACON& Tower with Radar,0,14,9,0,23,0,1,13,0,14,0,15,22,0,37,0,0,0,37
05/28/2015,BGM,NY,AEA,EN,Combined TRACON& Tower with Radar,0,20,4,0,24,0,0,9,0,9,0,20,13,0,33,20,0,20,53
05/29/2015,BGM,NY,AEA,EN,Combined TRACON& Tower with Radar,0,18,9,0,27,0,0,9,0,9,0,18,18,0,36,26,0,26,62
05/30/2015,BGM,NY,AEA,EN,Combined TRACON& Tower with Radar,0,10,11,0,21,0,0,13,0,13,0,10,24,0,34,20,0,20,54
05/31/2015,BGM,NY,AEA,EN,Combined TRACON& Tower with Radar,0,15,22,0,37,0,0,0,0,0,0,15,22,0,37,0,0,0,37
06/01/2015,BGM,NY,AEA,EN,Combined TRACON& Tower with Radar,0,14,3,0,17,0,0,0,0,0,0,14,3,0,17,0,0,0,17
06/02/2015,BGM,NY,AEA,EN,Combined TRACON& Tower with Radar,0,18,1,23,42,0,0,0,0,0,0,18,1,23,42,16,44,60,102
06/03/2015,BGM,NY,AEA,EN,Combined TRACON& Tower with Radar,0,14,12,0,26,0,0,24,2,26,0,14,36,2,52,20,0,20,72
06/04/2015,BGM,NY,AEA,EN,Combined TRACON& Tower with Radar,0,19,13,2,34,0,0,23,0,23,0,19,36,2,57,16,0,16,73
06/05/2015,BGM,NY,AEA,EN,Combined TRACON& Tower with Radar,0,16,7,0,23,0,0,11,0,11,0,16,18,0,34,0,0,0,34
06/06/2015,BGM,NY,AEA,EN,Combined TRACON& Tower with Radar,0,10,9,0,19,0,1,7,0,8,0,11,16,0,27,0,0,0,27
06/07/2015,BGM,NY,AEA,EN,Combined TRACON& Tower with Radar,0,17,4,0,21,0,0,19,2,21,0,17,23,2,42,30,0,30,72
06/08/2015,BGM,NY,AEA,EN,Combined TRACON& Tower with Radar,0,23,18,0,41,0,0,2,0,2,0,23,20,0,43,2,0,2,45
06/09/2015,BGM,NY,AEA,EN,Combined TRACON& Tower with Radar,0,24,9,0,33,0,0,1,0,1,0,24,10,0,34,0,0,0,34
06/10/2015,BGM,NY,AEA,EN,Combined TRACON& Tower with Radar,0,21,20,0,41,0,0,23,0,23,0,21,43,0,64,16,0,16,80
06/11/2015,BGM,NY,AEA,EN,Combined TRACON& Tower with Radar,0,21,11,0,32,0,0,13,0,13,0,21,24,0,45,6,0,6,51
06/12/2015,BGM,NY,AEA,EN,Combined TRACON& Tower with Radar,0,19,11,0,30,0,0,12,0,12,0,19,23,0,42,14,0,14,56
06/13/2015,BGM,NY,AEA,EN,Combined TRACON& Tower with Radar,0,10,11,0,21,0,0,12,0,12,0,10,23,0,33,2,0,2,35
06/14/2015,BGM,NY,AEA,EN,Combined TRACON& Tower with Radar,0,16,8,0,24,0,0,16,0,16,0,16,24,0,40,18,0,18,58
06/15/2015,BGM,NY,AEA,EN,Combined TRACON& Tower with Radar,0,17,3,0,20,0,0,1,0,1,0,17,4,0,21,0,0,0,21
06/16/2015,BGM,NY,AEA,EN,Combined TRACON& Tower with Radar,0,18,9,0,27,0,0,3,0,3,0,18,12,0,30,10,0,10,40
06/17/2015,BGM,NY,AEA,EN,Combined TRACON& Tower with Radar,0,21,27,10,58,0,0,34,0,34,0,21,61,10,92,16,8,24,116
06/18/2015,BGM,NY,AEA,EN,Combined TRACON& Tower with Radar,0,18,13,2,33,0,0,5,0,5,0,18,18,2,38,2,0,2,40
06/19/2015,BGM,NY,AEA,EN,Combined TRACON& Tower with Radar,0,19,8,0,27,0,0,15,0,15,0,19,23,0,42,36,0,36,78
06/20/2015,BGM,NY,AEA,EN,Combined TRACON& Tower with Radar,0,10,6,0,16,0,0,11,0,11,0,10,17,0,27,6,0,6,33
06/21/2015,BGM,NY,AEA,EN,Combined TRACON& Tower with Radar,0,18,0,0,18,0,0,5,0,5,0,18,5,0,23,0,0,0,23
06/22/2015,BGM,NY,AEA,EN,Combined TRACON& Tower with Radar,0,18,11,0,29,0,0,21,0,21,0,18,32,0,50,0,0,0,50
06/23/2015,BGM,NY,AEA,EN,Combined TRACON& Tower with Radar,0,16,6,0,22,0,0,1,0,1,0,16,7,0,23,0,0,0,23
06/24/2015,BGM,NY,AEA,EN,Combined TRACON& Tower with Radar,0,27,29,10,66,0,0,29,4,33,0,27,58,14,99,56,8,64,163
06/25/2015,BGM,NY,AEA,EN,Combined TRACON& Tower with Radar,0,24,5,2,31,0,0,10,0,10,0,24,15,2,41,42,0,42,83
06/26/2015,BGM,NY,AEA,EN,Combined TRACON& Tower with Radar,0,17,3,0,20,0,0,18,0,18,0,17,21,0,38,0,0,0,38
06/27/2015,BGM,NY,AEA,EN,Combined TRACON& Tower with Radar,0,12,7,0,19,0,0,2,0,2,0,12,9,0,21,14,0,14,35
06/28/2015,BGM,NY,AEA,EN,Combined TRACON& Tower with Radar,0,14,13,0,27,0,0,0,0,0,0,14,13,0,27,0,0,0,27
06/29/2015,BGM,NY,AEA,EN,Combined TRACON& Tower with Radar,0,20,21,8,49,0,0,11,0,11,0,20,32,8,60,0,36,36,96
06/30/2015,BGM,NY,AEA,EN,Combined TRACON& Tower with Radar,0,16,8,0,24,0,0,1,0,1,0,16,9,0,25,0,0,0,25
07/01/2015,BGM,NY,AEA,EN,Combined TRACON& Tower with Radar,0,18,6,8,32,0,0,4,2,6,0,18,10,10,38,36,14,50,88
07/02/2015,BGM,NY,AEA,EN,Combined TRACON& Tower with Radar,0,20,21,0,41,0,0,12,0,12,0,20,33,0,53,0,0,0,53
07/03/2015,BGM,NY,AEA,EN,Combined TRACON& Tower with Radar,0,16,6,0,22,0,0,22,0,22,0,16,28,0,44,8,0,8,52
07/04/2015,BGM,NY,AEA,EN,Combined TRACON& Tower with Radar,0,8,1,0,9,0,0,4,0,4,0,8,5,0,13,22,0,22,35
07/05/2015,BGM,NY,AEA,EN,Combined TRACON& Tower with Radar,0,16,5,0,21,0,0,12,0,12,0,16,17,0,33,0,0,0,33
07/06/2015,BGM,NY,AEA,EN,Combined TRACON& Tower with Radar,0,14,5,0,19,0,0,10,2,12,0,14,15,2,31,32,0,32,63
07/07/2015,BGM,NY,AEA,EN,Combined TRACON& Tower with Radar,0,17,9,0,26,0,0,10,0,10,0,17,19,0,36,12,0,12,48
07/08/2015,BGM,NY,AEA,EN,Combined TRACON& Tower with Radar,0,18,6,2,26,0,0,3,0,3,0,18,9,2,29,42,0,42,71
07/09/2015,BGM,NY,AEA,EN,Combined TRACON& Tower with Radar,0,15,19,1,35,0,0,2,1,3,0,15,21,2,38,0,0,0,38
07/10/2015,BGM,NY,AEA,EN,Combined TRACON& Tower with Radar,0,18,7,0,25,0,0,21,0,21,0,18,28,0,46,49,0,49,95
07/11/2015,BGM,NY,AEA,EN,Combined TRACON& Tower with Radar,0,12,10,0,22,0,0,26,0,26,0,12,36,0,48,23,0,23,71
07/12/2015,BGM,NY,AEA,EN,Combined TRACON& Tower with Radar,0,19,7,0,26,0,0,21,0,21,0,19,28,0,47,24,0,24,71
07/13/2015,BGM,NY,AEA,EN,Combined TRACON& Tower with Radar,0,15,9,0,24,0,0,7,0,7,0,15,16,0,31,56,0,56,87
07/14/2015,BGM,NY,AEA,EN,Combined TRACON& Tower with Radar,0,17,8,0,25,0,0,2,0,2,0,17,10,0,27,0,0,0,27
07/15/2015,BGM,NY,AEA,EN,Combined TRACON& Tower with Radar,0,18,3,0,21,0,0,1,0,1,0,18,4,0,22,0,0,0,22
07/16/2015,BGM,NY,AEA,EN,Combined TRACON& Tower with Radar,0,20,18,0,38,0,0,37,0,37,0,20,55,0,75,47,0,47,122
07/17/2015,BGM,NY,AEA,EN,Combined TRACON& Tower with Radar,0,26,13,0,39,0,0,10,0,10,0,26,23,0,49,32,0,32,81
07/18/2015,BGM,NY,AEA,EN,Combined TRACON& Tower with Radar,0,11,4,0,15,0,0,7,2,9,0,11,11,2,24,18,0,18,42
07/19/2015,BGM,NY,AEA,EN,Combined TRACON& Tower with Radar,0,21,10,0,31,0,0,14,0,14,0,21,24,0,45,0,0,0,45
07/20/2015,BGM,NY,AEA,EN,Combined TRACON& Tower with Radar,0,17,10,0,27,0,0,18,0,18,0,17,28,0,45,36,0,36,81
07/21/2015,BGM,NY,AEA,EN,Combined TRACON& Tower with Radar,0,19,19,0,38,0,0,16,0,16,0,19,35,0,54,18,0,18,72
07/22/2015,BGM,NY,AEA,EN,Combined TRACON& Tower with Radar,0,20,18,0,38,0,0,14,2,16,0,20,32,2,54,50,0,50,104
07/23/2015,BGM,NY,AEA,EN,Combined TRACON& Tower with Radar,0,23,7,4,34,0,0,17,0,17,0,23,24,4,51,2,18,20,71
07/24/2015,BGM,NY,AEA,EN,Combined TRACON& Tower with Radar,0,18,15,0,33,0,0,24,1,25,0,18,39,1,58,58,0,58,116
07/25/2015,BGM,NY,AEA,EN,Combined TRACON& Tower with Radar,0,14,4,0,18,0,1,7,0,8,0,15,11,0,26,60,0,60,86
07/26/2015,BGM,NY,AEA,EN,Combined TRACON& Tower with Radar,0,19,8,0,27,0,0,8,0,8,0,19,16,0,35,13,0,13,48
07/27/2015,BGM,NY,AEA,EN,Combined TRACON& Tower with Radar,0,21,4,0,25,0,0,5,0,5,0,21,9,0,30,4,0,4,34
07/28/2015,BGM,NY,AEA,EN,Combined TRACON& Tower with Radar,0,24,13,4,41,0,1,14,0,15,0,25,27,4,56,42,0,42,98
07/29/2015,BGM,NY,AEA,EN,Combined TRACON& Tower with Radar,0,17,6,0,23,0,0,25,0,25,0,17,31,0,48,26,0,26,74
07/30/2015,BGM,NY,AEA,EN,Combined TRACON& Tower with Radar,0,23,7,0,30,0,0,6,0,6,0,23,13,0,36,26,0,26,62
07/31/2015,BGM,NY,AEA,EN,Combined TRACON& Tower with Radar,0,21,9,0,30,0,1,21,0,22,0,22,30,0,52,18,0,18,70
08/01/2015,BGM,NY,AEA,EN,Combined TRACON& Tower with Radar,0,10,5,0,15,0,0,14,0,14,0,10,19,0,29,58,0,58,87
08/02/2015,BGM,NY,AEA,EN,Combined TRACON& Tower with Radar,0,18,7,0,25,0,0,26,0,26,0,18,33,0,51,0,0,0,51
08/03/2015,BGM,NY,AEA,EN,Combined TRACON& Tower with Radar,0,17,1,0,18,0,0,3,0,3,0,17,4,0,21,26,0,26,47
08/04/2015,BGM,NY,AEA,EN,Combined TRACON& Tower with Radar,0,23,14,0,37,0,0,13,1,14,0,23,27,1,51,0,0,0,51
08/05/2015,BGM,NY,AEA,EN,Combined TRACON& Tower with Radar,0,18,10,0,28,0,0,14,3,17,0,18,24,3,45,10,0,10,55
08/06/2015,BGM,NY,AEA,EN,Combined TRACON& Tower with Radar,0,20,3,2,25,0,2,11,0,13,0,22,14,2,38,2,0,2,40
08/07/2015,BGM,NY,AEA,EN,Combined TRACON& Tower with Radar,0,18,3,2,23,0,0,22,0,22,0,18,25,2,45,6,0,6,51
08/08/2015,BGM,NY,AEA,EN,Combined TRACON& Tower with Radar,0,11,11,0,22,0,2,27,0,29,0,13,38,0,51,2,0,2,53
08/09/2015,BGM,NY,AEA,EN,Combined TRACON& Tower with Radar,0,16,3,0,19,0,0,26,0,26,0,16,29,0,45,6,0,6,51
08/10/2015,BGM,NY,AEA,EN,Combined TRACON& Tower with Radar,0,18,9,0,27,0,0,2,0,2,0,18,11,0,29,0,0,0,29
08/11/2015,BGM,NY,AEA,EN,Combined TRACON& Tower with Radar,0,19,4,0,23,0,0,11,0,11,0,19,15,0,34,14,0,14,48
08/12/2015,BGM,NY,AEA,EN,Combined TRACON& Tower with Radar,0,21,6,0,27,0,0,3,0,3,0,21,9,0,30,2,0,2,32
08/13/2015,BGM,NY,AEA,EN,Combined TRACON& Tower with Radar,0,22,10,1,33,0,0,21,1,22,0,22,31,2,55,22,0,22,77
08/14/2015,BGM,NY,AEA,EN,Combined TRACON& Tower with Radar,0,20,14,0,34,0,4,17,0,21,0,24,31,0,55,16,0,16,71
08/15/2015,BGM,NY,AEA,EN,Combined TRACON& Tower with Radar,0,11,1,0,12,0,1,9,2,12,0,12,10,2,24,0,0,0,24
08/16/2015,BGM,NY,AEA,EN,Combined TRACON& Tower with Radar,0,19,10,0,29,0,2,10,0,12,0,21,20,0,41,0,0,0,41
08/17/2015,BGM,NY,AEA,EN,Combined TRACON& Tower with Radar,0,18,20,0,38,0,0,9,0,9,0,18,29,0,47,0,0,0,47
08/18/2015,BGM,NY,AEA,EN,Combined TRACON& Tower with Radar,0,22,11,0,33,0,0,4,0,4,0,22,15,0,37,0,0,0,37
08/19/2015,BGM,NY,AEA,EN,Combined TRACON& Tower with Radar,0,21,13,6,40,0,0,8,0,8,0,21,21,6,48,42,16,58,106
08/20/2015,BGM,NY,AEA,EN,Combined TRACON& Tower with Radar,0,14,6,0,20,0,0,0,0,0,0,14,6,0,20,0,0,0,20
08/21/2015,BGM,NY,AEA,EN,Combined TRACON& Tower with Radar,0,20,6,1,27,0,0,11,3,14,0,20,17,4,41,10,0,10,51
08/22/2015,BGM,NY,AEA,EN,Combined TRACON& Tower with Radar,0,12,17,0,29,0,0,16,0,16,0,12,33,0,45,0,0,0,45
08/23/2015,BGM,NY,AEA,EN,Combined TRACON& Tower with Radar,0,16,7,0,23,0,0,20,0,20,0,16,27,0,43,0,0,0,43
08/24/2015,BGM,NY,AEA,EN,Combined TRACON& Tower with Radar,0,17,5,0,22,0,0,8,0,8,0,17,13,0,30,38,0,38,68
08/25/2015,BGM,NY,AEA,EN,Combined TRACON& Tower with Radar,0,18,22,0,40,0,0,20,1,21,0,18,42,1,61,6,4,10,71
08/26/2015,BGM,NY,AEA,EN,Combined TRACON& Tower with Radar,0,23,8,0,31,0,2,12,0,14,0,25,20,0,45,8,0,8,53
08/27/2015,BGM,NY,AEA,EN,Combined TRACON& Tower with Radar,0,22,9,0,31,0,0,14,0,14,0,22,23,0,45,10,0,10,55
08/28/2015,BGM,NY,AEA,EN,Combined TRACON& Tower with Radar,0,20,14,0,34,0,0,15,0,15,0,20,29,0,49,0,0,0,49
08/29/2015,BGM,NY,AEA,EN,Combined TRACON& Tower with Radar,0,8,6,0,14,0,0,17,0,17,0,8,23,0,31,10,0,10,41
08/30/2015,BGM,NY,AEA,EN,Combined TRACON& Tower with Radar,0,13,2,0,15,0,0,12,0,12,0,13,14,0,27,21,0,21,48
08/31/2015,BGM,NY,AEA,EN,Combined TRACON& Tower with Radar,0,16,5,0,21,0,0,3,0,3,0,16,8,0,24,0,0,0,24
09/01/2015,BGM,NY,AEA,EN,Combined TRACON& Tower with Radar,0,15,12,0,27,0,0,13,1,14,0,15,25,1,41,0,0,0,41
09/02/2015,BGM,NY,AEA,EN,Combined TRACON& Tower with Radar,0,20,9,1,30,0,0,13,2,15,0,20,22,3,45,0,0,0,45
09/03/2015,BGM,NY,AEA,EN,Combined TRACON& Tower with Radar,0,19,7,0,26,0,0,9,1,10,0,19,16,1,36,0,0,0,36
09/04/2015,BGM,NY,AEA,EN,Combined TRACON& Tower with Radar,0,17,2,12,31,0,0,25,2,27,0,17,27,14,58,22,2,24,82
09/05/2015,BGM,NY,AEA,EN,Combined TRACON& Tower with Radar,0,10,7,0,17,0,0,14,0,14,0,10,21,0,31,5,0,5,36
09/06/2015,BGM,NY,AEA,EN,Combined TRACON& Tower with Radar,0,9,3,0,12,0,0,12,0,12,0,9,15,0,24,4,0,4,28
09/07/2015,BGM,NY,AEA,EN,Combined TRACON& Tower with Radar,0,10,6,0,16,0,2,7,0,9,0,12,13,0,25,0,0,0,25
09/08/2015,BGM,NY,AEA,EN,Combined TRACON& Tower with Radar,0,17,7,0,24,0,0,13,0,13,0,17,20,0,37,0,0,0,37
09/09/2015,BGM,NY,AEA,EN,Combined TRACON& Tower with Radar,0,16,6,0,22,0,0,10,0,10,0,16,16,0,32,12,0,12,44
09/10/2015,BGM,NY,AEA,EN,Combined TRACON& Tower with Radar,0,12,8,0,20,0,3,4,0,7,0,15,12,0,27,4,0,4,31
09/11/2015,BGM,NY,AEA,EN,Combined TRACON& Tower with Radar,0,17,8,0,25,0,0,19,0,19,0,17,27,0,44,24,0,24,68
09/12/2015,BGM,NY,AEA,EN,Combined TRACON& Tower with Radar,0,8,2,0,10,0,0,2,0,2,0,8,4,0,12,30,0,30,42
09/13/2015,BGM,NY,AEA,EN,Combined TRACON& Tower with Radar,0,15,13,0,28,0,0,6,0,6,0,15,19,0,34,30,0,30,64
09/14/2015,BGM,NY,AEA,EN,Combined TRACON& Tower with Radar,0,13,7,0,20,0,0,11,0,11,0,13,18,0,31,16,0,16,47
09/15/2015,BGM,NY,AEA,EN,Combined TRACON& Tower with Radar,0,19,13,10,42,0,5,22,2,29,0,24,35,12,71,0,15,15,86
09/16/2015,BGM,NY,AEA,EN,Combined TRACON& Tower with Radar,0,21,12,0,33,0,0,25,0,25,0,21,37,0,58,40,0,40,98
09/17/2015,BGM,NY,AEA,EN,Combined TRACON& Tower with Radar,0,20,11,0,31,0,0,12,2,14,0,20,23,2,45,35,0,35,80
09/18/2015,BGM,NY,AEA,EN,Combined TRACON& Tower with Radar,0,18,7,0,25,0,0,9,0,9,0,18,16,0,34,18,0,18,52
09/19/2015,BGM,NY,AEA,EN,Combined TRACON& Tower with Radar,0,13,3,0,16,0,1,22,0,23,0,14,25,0,39,20,0,20,59
09/20/2015,BGM,NY,AEA,EN,Combined TRACON& Tower with Radar,0,16,7,0,23,0,0,17,0,17,0,16,24,0,40,2,0,2,42
09/21/2015,BGM,NY,AEA,EN,Combined TRACON& Tower with Radar,0,13,4,0,17,0,2,11,0,13,0,15,15,0,30,22,0,22,52
09/22/2015,BGM,NY,AEA,EN,Combined TRACON& Tower with Radar,0,16,9,0,25,0,0,13,1,14,0,16,22,1,39,0,0,0,39
09/23/2015,BGM,NY,AEA,EN,Combined TRACON& Tower with Radar,0,20,12,0,32,0,0,18,0,18,0,20,30,0,50,26,0,26,76
09/24/2015,BGM,NY,AEA,EN,Combined TRACON& Tower with Radar,0,18,14,0,32,0,0,19,0,19,0,18,33,0,51,24,0,24,75
09/25/2015,BGM,NY,AEA,EN,Combined TRACON& Tower with Radar,0,21,6,0,27,0,0,15,0,15,0,21,21,0,42,4,0,4,46
09/26/2015,BGM,NY,AEA,EN,Combined TRACON& Tower with Radar,0,13,8,0,21,0,0,21,0,21,0,13,29,0,42,38,0,38,80
09/27/2015,BGM,NY,AEA,EN,Combined TRACON& Tower with Radar,0,16,2,0,18,0,1,22,0,23,0,17,24,0,41,0,0,0,41
09/28/2015,BGM,NY,AEA,EN,Combined TRACON& Tower with Radar,0,14,14,0,28,0,0,0,0,0,0,14,14,0,28,0,0,0,28
09/29/2015,BGM,NY,AEA,EN,Combined TRACON& Tower with Radar,0,18,9,0,27,0,0,0,0,0,0,18,9,0,27,0,0,0,27
09/30/2015,BGM,NY,AEA,EN,Combined TRACON& Tower with Radar,0,14,2,0,16,0,0,0,0,0,0,14,2,0,16,0,0,0,16
10/01/2015,BGM,NY,AEA,EN,Combined TRACON& Tower with Radar,0,18,8,1,27,0,0,5,0,5,0,18,13,1,32,12,0,12,44
10/02/2015,BGM,NY,AEA,EN,Combined TRACON& Tower with Radar,0,22,7,0,29,0,0,4,0,4,0,22,11,0,33,0,0,0,33
10/03/2015,BGM,NY,AEA,EN,Combined TRACON& Tower with Radar,0,12,6,0,18,0,0,0,0,0,0,12,6,0,18,0,0,0,18
10/04/2015,BGM,NY,AEA,EN,Combined TRACON& Tower with Radar,0,17,10,0,27,0,0,20,0,20,0,17,30,0,47,28,0,28,75
10/05/2015,BGM,NY,AEA,EN,Combined TRACON& Tower with Radar,0,15,6,0,21,0,0,12,0,12,0,15,18,0,33,22,0,22,55
10/06/2015,BGM,NY,AEA,EN,Combined TRACON& Tower with Radar,0,18,12,0,30,0,0,3,0,3,0,18,15,0,33,30,0,30,63
10/07/2015,BGM,NY,AEA,EN,Combined TRACON& Tower with Radar,0,16,12,0,28,0,0,11,0,11,0,16,23,0,39,20,0,20,59
10/08/2015,BGM,NY,AEA,EN,Combined TRACON& Tower with Radar,0,16,7,0,23,0,1,23,0,24,0,17,30,0,47,6,0,6,53
10/09/2015,BGM,NY,AEA,EN,Combined TRACON& Tower with Radar,0,17,2,0,19,0,0,1,0,1,0,17,3,0,20,8,0,8,28
10/10/2015,BGM,NY,AEA,EN,Combined TRACON& Tower with Radar,0,14,5,0,19,0,0,22,0,22,0,14,27,0,41,18,0,18,59
10/11/2015,BGM,NY,AEA,EN,Combined TRACON& Tower with Radar,0,18,6,0,24,0,2,28,0,30,0,20,34,0,54,24,0,24,78
10/12/2015,BGM,NY,AEA,EN,Combined TRACON& Tower with Radar,0,18,11,0,29,0,0,33,0,33,0,18,44,0,62,24,0,24,86
10/13/2015,BGM,NY,AEA,EN,Combined TRACON& Tower with Radar,0,18,14,4,36,0,0,4,3,7,0,18,18,7,43,2,0,2,45
10/14/2015,BGM,NY,AEA,EN,Combined TRACON& Tower with Radar,0,16,7,4,27,0,0,7,2,9,0,16,14,6,36,18,0,18,54
10/15/2015,BGM,NY,AEA,EN,Combined TRACON& Tower with Radar,0,19,15,0,34,0,0,17,2,19,0,19,32,2,53,16,0,16,69
10/16/2015,BGM,NY,AEA,EN,Combined TRACON& Tower with Radar,0,20,7,0,27,0,0,5,2,7,0,20,12,2,34,6,0,6,40
10/17/2015,BGM,NY,AEA,EN,Combined TRACON& Tower with Radar,0,11,8,0,19,0,0,4,0,4,0,11,12,0,23,0,0,0,23
10/18/2015,BGM,NY,AEA,EN,Combined TRACON& Tower with Radar,0,15,5,0,20,0,0,4,0,4,0,15,9,0,24,0,0,0,24
10/19/2015,BGM,NY,AEA,EN,Combined TRACON& Tower with Radar,0,16,12,0,28,0,0,15,0,15,0,16,27,0,43,0,0,0,43
10/20/2015,BGM,NY,AEA,EN,Combined TRACON& Tower with Radar,0,16,8,0,24,0,0,7,1,8,0,16,15,1,32,18,0,18,50
10/21/2015,BGM,NY,AEA,EN,Combined TRACON& Tower with Radar,0,18,14,0,32,0,0,23,0,23,0,18,37,0,55,14,0,14,69
10/22/2015,BGM,NY,AEA,EN,Combined TRACON& Tower with Radar,0,20,16,0,36,0,0,13,0,13,0,20,29,0,49,26,0,26,75
10/23/2015,BGM,NY,AEA,EN,Combined TRACON& Tower with Radar,0,20,8,0,28,0,2,17,0,19,0,22,25,0,47,6,0,6,53
10/24/2015,BGM,NY,AEA,EN,Combined TRACON& Tower with Radar,0,11,1,0,12,0,0,14,0,14,0,11,15,0,26,39,0,39,65
10/25/2015,BGM,NY,AEA,EN,Combined TRACON& Tower with Radar,0,13,2,0,15,0,0,3,0,3,0,13,5,0,18,0,0,0,18
10/26/2015,BGM,NY,AEA,EN,Combined TRACON& Tower with Radar,0,17,10,0,27,0,0,28,0,28,0,17,38,0,55,0,0,0,55
10/27/2015,BGM,NY,AEA,EN,Combined TRACON& Tower with Radar,0,17,19,0,36,0,0,17,0,17,0,17,36,0,53,12,0,12,65
10/28/2015,BGM,NY,AEA,EN,Combined TRACON& Tower with Radar,0,15,9,0,24,0,0,0,0,0,0,15,9,0,24,0,0,0,24
10/29/2015,BGM,NY,AEA,EN,Combined TRACON& Tower with Radar,0,18,16,0,34,0,0,3,0,3,0,18,19,0,37,4,0,4,41
10/30/2015,BGM,NY,AEA,EN,Combined TRACON& Tower with Radar,0,24,7,0,31,0,0,8,0,8,0,24,15,0,39,12,0,12,51
10/31/2015,BGM,NY,AEA,EN,Combined TRACON& Tower with Radar,0,12,4,0,16,0,0,29,0,29,0,12,33,0,45,55,0,55,100
11/01/2015,BGM,NY,AEA,EN,Combined TRACON& Tower with Radar,0,16,9,0,25,0,0,6,0,6,0,16,15,0,31,2,0,2,33
11/02/2015,BGM,NY,AEA,EN,Combined TRACON& Tower with Radar,0,15,14,0,29,0,0,26,0,26,0,15,40,0,55,6,0,6,61
11/03/2015,BGM,NY,AEA,EN,Combined TRACON& Tower with Radar,0,16,10,0,26,0,0,18,0,18,0,16,28,0,44,4,0,4,48
11/04/2015,BGM,NY,AEA,EN,Combined TRACON& Tower with Radar,0,16,10,0,26,0,0,29,0,29,0,16,39,0,55,14,0,14,69
11/05/2015,BGM,NY,AEA,EN,Combined TRACON& Tower with Radar,0,16,10,9,35,0,0,22,7,29,0,16,32,16,64,8,22,30,94
11/06/2015,BGM,NY,AEA,EN,Combined TRACON& Tower with Radar,0,16,7,0,23,0,0,1,0,1,0,16,8,0,24,12,0,12,36
11/07/2015,BGM,NY,AEA,EN,Combined TRACON& Tower with Radar,0,12,2,1,15,0,0,5,1,6,0,12,7,2,21,0,0,0,21
11/08/2015,BGM,NY,AEA,EN,Combined TRACON& Tower with Radar,0,12,15,0,27,0,0,18,0,18,0,12,33,0,45,12,0,12,57
11/09/2015,BGM,NY,AEA,EN,Combined TRACON& Tower with Radar,0,15,11,0,26,0,0,9,0,9,0,15,20,0,35,0,0,0,35
11/10/2015,BGM,NY,AEA,EN,Combined TRACON& Tower with Radar,0,15,21,0,36,0,0,0,0,0,0,15,21,0,36,2,0,2,38
11/11/2015,BGM,NY,AEA,EN,Combined TRACON& Tower with Radar,0,15,29,0,44,0,0,0,0,0,0,15,29,0,44,0,0,0,44
11/12/2015,BGM,NY,AEA,EN,Combined TRACON& Tower with Radar,0,18,3,0,21,0,0,0,0,0,0,18,3,0,21,0,0,0,21
11/13/2015,BGM,NY,AEA,EN,Combined TRACON& Tower with Radar,0,18,20,0,38,0,0,3,2,5,0,18,23,2,43,0,0,0,43
11/14/2015,BGM,NY,AEA,EN,Combined TRACON& Tower with Radar,0,12,5,0,17,0,0,4,0,4,0,12,9,0,21,20,0,20,41
11/15/2015,BGM,NY,AEA,EN,Combined TRACON& Tower with Radar,0,15,7,0,22,0,0,29,0,29,0,15,36,0,51,4,0,4,55
11/16/2015,BGM,NY,AEA,EN,Combined TRACON& Tower with Radar,0,14,13,0,27,0,0,11,0,11,0,14,24,0,38,7,0,7,45
11/17/2015,BGM,NY,AEA,EN,Combined TRACON& Tower with Radar,0,14,7,0,21,0,0,15,0,15,0,14,22,0,36,6,0,6,42
11/18/2015,BGM,NY,AEA,EN,Combined TRACON& Tower with Radar,0,19,12,2,33,0,0,1,0,1,0,19,13,2,34,0,0,0,34
11/19/2015,BGM,NY,AEA,EN,Combined TRACON& Tower with Radar,0,14,10,0,24,0,0,0,0,0,0,14,10,0,24,0,0,0,24
11/20/2015,BGM,NY,AEA,EN,Combined TRACON& Tower with Radar,2,24,10,0,36,0,0,15,0,15,2,24,25,0,51,10,0,10,61
11/21/2015,BGM,NY,AEA,EN,Combined TRACON& Tower with Radar,0,10,7,0,17,0,0,25,0,25,0,10,32,0,42,4,0,4,46
11/22/2015,BGM,NY,AEA,EN,Combined TRACON& Tower with Radar,0,16,2,0,18,0,0,5,0,5,0,16,7,0,23,2,0,2,25
11/23/2015,BGM,NY,AEA,EN,Combined TRACON& Tower with Radar,0,13,6,0,19,0,0,2,0,2,0,13,8,0,21,2,0,2,23
11/24/2015,BGM,NY,AEA,EN,Combined TRACON& Tower with Radar,0,15,16,1,32,0,0,20,1,21,0,15,36,2,53,43,0,43,96
11/25/2015,BGM,NY,AEA,EN,Combined TRACON& Tower with Radar,0,18,15,0,33,0,0,25,0,25,0,18,40,0,58,12,0,12,70
11/26/2015,BGM,NY,AEA,EN,Combined TRACON& Tower with Radar,0,9,1,0,10,0,0,2,0,2,0,9,3,0,12,0,0,0,12
11/27/2015,BGM,NY,AEA,EN,Combined TRACON& Tower with Radar,0,10,3,0,13,0,0,7,0,7,0,10,10,0,20,26,0,26,46
11/28/2015,BGM,NY,AEA,EN,Combined TRACON& Tower with Radar,0,15,3,0,18,0,0,0,0,0,0,15,3,0,18,0,0,0,18
11/29/2015,BGM,NY,AEA,EN,Combined TRACON& Tower with Radar,0,15,20,0,35,0,0,25,0,25,0,15,45,0,60,14,0,14,74
11/30/2015,BGM,NY,AEA,EN,Combined TRACON& Tower with Radar,0,20,17,9,46,0,0,6,8,14,0,20,23,17,60,6,0,6,66
12/01/2015,BGM,NY,AEA,EN,Combined TRACON& Tower with Radar,0,19,5,0,24,0,0,0,0,0,0,19,5,0,24,0,0,0,24
12/02/2015,BGM,NY,AEA,EN,Combined TRACON& Tower with Radar,0,15,8,0,23,0,0,0,0,0,0,15,8,0,23,0,0,0,23
12/03/2015,BGM,NY,AEA,EN,Combined TRACON& Tower with Radar,0,22,9,0,31,0,0,2,0,2,0,22,11,0,33,0,0,0,33
12/04/2015,BGM,NY,AEA,EN,Combined TRACON& Tower with Radar,0,17,8,0,25,0,0,7,0,7,0,17,15,0,32,14,0,14,46
12/05/2015,BGM,NY,AEA,EN,Combined TRACON& Tower with Radar,0,10,6,0,16,0,0,18,0,18,0,10,24,0,34,10,0,10,44
12/06/2015,BGM,NY,AEA,EN,Combined TRACON& Tower with Radar,0,11,6,0,17,0,0,20,0,20,0,11,26,0,37,7,0,7,44
12/07/2015,BGM,NY,AEA,EN,Combined TRACON& Tower with Radar,0,16,18,0,34,0,0,7,4,11,0,16,25,4,45,0,0,0,45
12/08/2015,BGM,NY,AEA,EN,Combined TRACON& Tower with Radar,0,19,16,10,45,0,0,13,0,13,0,19,29,10,58,32,8,40,98
12/09/2015,BGM,NY,AEA,EN,Combined TRACON& Tower with Radar,0,27,8,7,42,0,0,4,2,6,0,27,12,9,48,0,20,20,68
12/10/2015,BGM,NY,AEA,EN,Combined TRACON& Tower with Radar,0,19,10,0,29,0,0,6,0,6,0,19,16,0,35,20,0,20,55
12/11/2015,BGM,NY,AEA,EN,Combined TRACON& Tower with Radar,0,21,13,0,34,0,0,1,0,1,0,21,14,0,35,18,0,18,53
12/12/2015,BGM,NY,AEA,EN,Combined TRACON& Tower with Radar,0,12,9,0,21,0,0,9,0,9,0,12,18,0,30,15,0,15,45
12/13/2015,BGM,NY,AEA,EN,Combined TRACON& Tower with Radar,0,12,6,0,18,0,0,12,0,12,0,12,18,0,30,24,0,24,54
12/14/2015,BGM,NY,AEA,EN,Combined TRACON& Tower with Radar,0,16,9,2,27,0,0,0,0,0,0,16,9,2,27,0,12,12,39
12/15/2015,BGM,NY,AEA,EN,Combined TRACON& Tower with Radar,0,19,14,0,33,0,0,3,3,6,0,19,17,3,39,3,0,3,42
12/16/2015,BGM,NY,AEA,EN,Combined TRACON& Tower with Radar,0,22,10,0,32,0,0,1,1,2,0,22,11,1,34,18,0,18,52
12/17/2015,BGM,NY,AEA,EN,Combined TRACON& Tower with Radar,0,22,6,0,28,0,0,0,0,0,0,22,6,0,28,0,0,0,28
12/18/2015,BGM,NY,AEA,EN,Combined TRACON& Tower with Radar,0,21,16,0,37,0,0,14,0,14,0,21,30,0,51,10,0,10,61
12/19/2015,BGM,NY,AEA,EN,Combined TRACON& Tower with Radar,0,9,1,0,10,0,0,0,0,0,0,9,1,0,10,0,0,0,10
12/20/2015,BGM,NY,AEA,EN,Combined TRACON& Tower with Radar,0,9,7,0,16,0,0,25,0,25,0,9,32,0,41,16,0,16,57
12/21/2015,BGM,NY,AEA,EN,Combined TRACON& Tower with Radar,0,10,8,0,18,0,0,3,4,7,0,10,11,4,25,0,0,0,25
12/22/2015,BGM,NY,AEA,EN,Combined TRACON& Tower with Radar,0,16,2,0,18,0,0,2,0,2,0,16,4,0,20,0,0,0,20
12/23/2015,BGM,NY,AEA,EN,Combined TRACON& Tower with Radar,0,16,4,0,20,0,0,0,0,0,0,16,4,0,20,20,0,20,40
12/24/2015,BGM,NY,AEA,EN,Combined TRACON& Tower with Radar,0,13,2,0,15,0,0,1,0,1,0,13,3,0,16,0,0,0,16
12/25/2015,BGM,NY,AEA,EN,Combined TRACON& Tower with Radar,0,10,0,0,10,0,0,0,0,0,0,10,0,0,10,0,0,0,10
12/26/2015,BGM,NY,AEA,EN,Combined TRACON& Tower with Radar,0,9,7,0,16,0,0,1,0,1,0,9,8,0,17,0,0,0,17
12/27/2015,BGM,NY,AEA,EN,Combined TRACON& Tower with Radar,0,9,1,0,10,0,0,0,0,0,0,9,1,0,10,0,0,0,10
12/28/2015,BGM,NY,AEA,EN,Combined TRACON& Tower with Radar,0,11,4,0,15,0,1,10,2,13,0,12,14,2,28,0,0,0,28
12/29/2015,BGM,NY,AEA,EN,Combined TRACON& Tower with Radar,0,14,1,0,15,0,0,0,0,0,0,14,1,0,15,0,0,0,15
12/30/2015,BGM,NY,AEA,EN,Combined TRACON& Tower with Radar,0,15,2,0,17,0,0,4,0,4,0,15,6,0,21,0,0,0,21
12/31/2015,BGM,NY,AEA,EN,Combined TRACON& Tower with Radar,0,10,0,0,10,0,0,0,0,0,0,10,0,0,10,0,0,0,10
01/01/2016,BGM,NY,AEA,EN,Combined TRACON& Tower with Radar,0,9,0,0,9,0,0,0,0,0,0,9,0,0,9,0,0,0,9
01/02/2016,BGM,NY,AEA,EN,Combined TRACON& Tower with Radar,0,9,0,0,9,0,0,1,0,1,0,9,1,0,10,0,0,0,10
01/03/2016,BGM,NY,AEA,EN,Combined TRACON& Tower with Radar,0,9,2,0,11,0,0,1,0,1,0,9,3,0,12,0,0,0,12
01/04/2016,BGM,NY,AEA,EN,Combined TRACON& Tower with Radar,0,10,4,0,14,0,0,0,0,0,0,10,4,0,14,0,0,0,14
01/05/2016,BGM,NY,AEA,EN,Combined TRACON& Tower with Radar,0,15,2,0,17,0,2,5,3,10,0,17,7,3,27,0,0,0,27
01/06/2016,BGM,NY,AEA,EN,Combined TRACON& Tower with Radar,0,16,18,0,34,0,2,20,1,23,0,18,38,1,57,36,6,42,99
01/07/2016,BGM,NY,AEA,EN,Combined TRACON& Tower with Radar,0,14,13,0,27,0,2,18,0,20,0,16,31,0,47,0,0,0,47
01/08/2016,BGM,NY,AEA,EN,Combined TRACON& Tower with Radar,0,14,3,0,17,0,0,14,3,17,0,14,17,3,34,4,0,4,38
01/09/2016,BGM,NY,AEA,EN,Combined TRACON& Tower with Radar,0,13,0,0,13,0,0,0,0,0,0,13,0,0,13,0,0,0,13
01/10/2016,BGM,NY,AEA,EN,Combined TRACON& Tower with Radar,0,14,2,0,16,0,0,3,0,3,0,14,5,0,19,4,0,4,23
01/11/2016,BGM,NY,AEA,EN,Combined TRACON& Tower with Radar,0,14,7,0,21,0,0,3,2,5,0,14,10,2,26,4,0,4,30
01/12/2016,BGM,NY,AEA,EN,Combined TRACON& Tower with Radar,0,15,2,0,17,0,0,0,0,0,0,15,2,0,17,0,0,0,17
01/13/2016,BGM,NY,AEA,EN,Combined TRACON& Tower with Radar,0,16,8,0,24,0,0,0,0,0,0,16,8,0,24,0,0,0,24
01/14/2016,BGM,NY,AEA,EN,Combined TRACON& Tower with Radar,0,18,3,0,21,0,0,2,0,2,0,18,5,0,23,18,0,18,41
01/15/2016,BGM,NY,AEA,EN,Combined TRACON& Tower with Radar,0,19,9,6,34,0,0,17,0,17,0,19,26,6,51,11,8,19,70
01/16/2016,BGM,NY,AEA,EN,Combined TRACON& Tower with Radar,0,14,2,0,16,0,0,0,0,0,0,14,2,0,16,0,0,0,16
01/17/2016,BGM,NY,AEA,EN,Combined TRACON& Tower with Radar,0,11,1,0,12,0,0,4,0,4,0,11,5,0,16,2,0,2,18
01/18/2016,BGM,NY,AEA,EN,Combined TRACON& Tower with Radar,0,16,3,0,19,0,0,3,0,3,0,16,6,0,22,0,0,0,22
01/19/2016,BGM,NY,AEA,EN,Combined TRACON& Tower with Radar,0,16,6,0,22,0,0,2,0,2,0,16,8,0,24,0,0,0,24
01/20/2016,BGM,NY,AEA,EN,Combined TRACON& Tower with Radar,0,20,8,0,28,0,0,5,0,5,0,20,13,0,33,12,0,12,45
01/21/2016,BGM,NY,AEA,EN,Combined TRACON& Tower with Radar,0,20,8,1,29,0,0,2,1,3,0,20,10,2,32,6,0,6,38
01/22/2016,BGM,NY,AEA,EN,Combined TRACON& Tower with Radar,0,17,9,0,26,0,0,21,0,21,0,17,30,0,47,36,0,36,83
01/23/2016,BGM,NY,AEA,EN,Combined TRACON& Tower with Radar,0,4,1,0,5,0,0,3,0,3,0,4,4,0,8,2,0,2,10
01/24/2016,BGM,NY,AEA,EN,Combined TRACON& Tower with Radar,0,7,7,0,14,0,0,15,0,15,0,7,22,0,29,28,0,28,57
01/25/2016,BGM,NY,AEA,EN,Combined TRACON& Tower with Radar,0,15,9,2,26,0,0,8,0,8,0,15,17,2,34,0,0,0,34
01/26/2016,BGM,NY,AEA,EN,Combined TRACON& Tower with Radar,0,11,10,0,21,0,0,0,0,0,0,11,10,0,21,0,0,0,21
01/27/2016,BGM,NY,AEA,EN,Combined TRACON& Tower with Radar,0,15,0,0,15,0,0,9,1,10,0,15,9,1,25,0,0,0,25
01/28/2016,BGM,NY,AEA,EN,Combined TRACON& Tower with Radar,0,18,9,1,28,0,0,12,0,12,0,18,21,1,40,8,0,8,48
01/29/2016,BGM,NY,AEA,EN,Combined TRACON& Tower with Radar,0,16,4,0,20,0,0,6,0,6,0,16,10,0,26,0,0,0,26
01/30/2016,BGM,NY,AEA,EN,Combined TRACON& Tower with Radar,0,12,3,0,15,0,0,19,0,19,0,12,22,0,34,24,0,24,58
01/31/2016,BGM,NY,AEA,EN,Combined TRACON& Tower with Radar,0,17,9,0,26,0,0,21,0,21,0,17,30,0,47,47,0,47,94
02/01/2016,BGM,NY,AEA,EN,Combined TRACON& Tower with Radar,0,19,3,0,22,0,0,5,0,5,0,19,8,0,27,0,0,0,27
02/02/2016,BGM,NY,AEA,EN,Combined TRACON& Tower with Radar,0,20,18,0,38,0,0,13,0,13,0,20,31,0,51,17,0,17,68
02/03/2016,BGM,NY,AEA,EN,Combined TRACON& Tower with Radar,0,15,4,0,19,0,0,0,0,0,0,15,4,0,19,0,0,0,19
02/04/2016,BGM,NY,AEA,EN,Combined TRACON& Tower with Radar,0,15,17,2,34,0,0,12,0,12,0,15,29,2,46,7,0,7,53
02/05/2016,BGM,NY,AEA,EN,Combined TRACON& Tower with Radar,0,15,3,0,18,0,0,7,0,7,0,15,10,0,25,8,0,8,33
02/06/2016,BGM,NY,AEA,EN,Combined TRACON& Tower with Radar,0,12,6,0,18,0,0,18,0,18,0,12,24,0,36,8,0,8,44
02/07/2016,BGM,NY,AEA,EN,Combined TRACON& Tower with Radar,0,12,19,0,31,0,0,31,0,31,0,12,50,0,62,14,0,14,76
02/08/2016,BGM,NY,AEA,EN,Combined TRACON& Tower with Radar,0,14,9,0,23,0,0,11,2,13,0,14,20,2,36,0,0,0,36
02/09/2016,BGM,NY,AEA,EN,Combined TRACON& Tower with Radar,0,14,1,0,15,0,0,0,0,0,0,14,1,0,15,0,0,0,15
02/10/2016,BGM,NY,AEA,EN,Combined TRACON& Tower with Radar,0,15,5,0,20,0,0,0,0,0,0,15,5,0,20,0,0,0,20
02/11/2016,BGM,NY,AEA,EN,Combined TRACON& Tower with Radar,0,15,12,0,27,0,0,0,0,0,0,15,12,0,27,0,0,0,27
02/12/2016,BGM,NY,AEA,EN,Combined TRACON& Tower with Radar,0,15,8,0,23,0,1,8,3,12,0,16,16,3,35,8,0,8,43
02/13/2016,BGM,NY,AEA,EN,Combined TRACON& Tower with Radar,0,10,0,0,10,0,0,0,0,0,0,10,0,0,10,0,0,0,10
02/14/2016,BGM,NY,AEA,EN,Combined TRACON& Tower with Radar,0,10,2,0,12,0,0,3,0,3,0,10,5,0,15,26,0,26,41
02/15/2016,BGM,NY,AEA,EN,Combined TRACON& Tower with Radar,0,12,5,0,17,0,0,3,0,3,0,12,8,0,20,0,0,0,20
02/16/2016,BGM,NY,AEA,EN,Combined TRACON& Tower with Radar,0,21,5,0,26,0,0,0,0,0,0,21,5,0,26,0,0,0,26
02/17/2016,BGM,NY,AEA,EN,Combined TRACON& Tower with Radar,0,13,6,0,19,0,0,1,0,1,0,13,7,0,20,16,0,16,36
02/18/2016,BGM,NY,AEA,EN,Combined TRACON& Tower with Radar,0,14,7,1,22,0,0,20,2,22,0,14,27,3,44,43,0,43,87
02/19/2016,BGM,NY,AEA,EN,Combined TRACON& Tower with Radar,0,18,4,4,26,0,0,3,4,7,0,18,7,8,33,0,0,0,33
02/20/2016,BGM,NY,AEA,EN,Combined TRACON& Tower with Radar,0,10,0,0,10,0,0,9,0,9,0,10,9,0,19,18,0,18,37
02/21/2016,BGM,NY,AEA,EN,Combined TRACON& Tower with Radar,0,12,10,0,22,0,0,14,0,14,0,12,24,0,36,16,0,16,52
02/22/2016,BGM,NY,AEA,EN,Combined TRACON& Tower with Radar,0,12,7,6,25,0,0,18,0,18,0,12,25,6,43,28,5,33,76
02/23/2016,BGM,NY,AEA,EN,Combined TRACON& Tower with Radar,0,15,7,0,22,0,0,2,0,2,0,15,9,0,24,0,0,0,24
02/24/2016,BGM,NY,AEA,EN,Combined TRACON& Tower with Radar,1,10,7,0,18,0,0,0,0,0,1,10,7,0,18,0,0,0,18
02/25/2016,BGM,NY,AEA,EN,Combined TRACON& Tower with Radar,0,15,7,2,24,0,0,0,0,0,0,15,7,2,24,0,0,0,24
02/26/2016,BGM,NY,AEA,EN,Combined TRACON& Tower with Radar,0,17,2,12,31,0,0,2,0,2,0,17,4,12,33,0,8,8,41
02/27/2016,BGM,NY,AEA,EN,Combined TRACON& Tower with Radar,0,10,3,0,13,0,0,15,0,15,0,10,18,0,28,46,0,46,74
02/28/2016,BGM,NY,AEA,EN,Combined TRACON& Tower with Radar,0,12,0,0,12,0,0,13,0,13,0,12,13,0,25,5,0,5,30
02/29/2016,BGM,NY,AEA,EN,Combined TRACON& Tower with Radar,0,12,6,0,18,0,0,0,0,0,0,12,6,0,18,0,0,0,18
03/01/2016,BGM,NY,AEA,EN,Combined TRACON& Tower with Radar,0,13,11,2,26,0,0,20,0,20,0,13,31,2,46,9,0,9,55
03/02/2016,BGM,NY,AEA,EN,Combined TRACON& Tower with Radar,0,14,3,6,23,0,0,0,0,0,0,14,3,6,23,0,0,0,23
03/03/2016,BGM,NY,AEA,EN,Combined TRACON& Tower with Radar,0,15,6,4,25,0,0,8,2,10,0,15,14,6,35,8,18,26,61
03/04/2016,BGM,NY,AEA,EN,Combined TRACON& Tower with Radar,0,14,6,0,20,0,0,5,0,5,0,14,11,0,25,46,0,46,71
03/05/2016,BGM,NY,AEA,EN,Combined TRACON& Tower with Radar,0,10,16,0,26,0,0,21,0,21,0,10,37,0,47,18,0,18,65
03/06/2016,BGM,NY,AEA,EN,Combined TRACON& Tower with Radar,0,13,17,0,30,0,0,24,0,24,0,13,41,0,54,30,0,30,84
03/07/2016,BGM,NY,AEA,EN,Combined TRACON& Tower with Radar,0,12,4,2,18,0,0,9,3,12,0,12,13,5,30,16,0,16,46
03/08/2016,BGM,NY,AEA,EN,Combined TRACON& Tower with Radar,0,15,12,4,31,0,0,23,1,24,0,15,35,5,55,57,0,57,112
03/09/2016,BGM,NY,AEA,EN,Combined TRACON& Tower with Radar,0,15,10,0,25,0,0,13,0,13,0,15,23,0,38,7,0,7,45
03/10/2016,BGM,NY,AEA,EN,Combined TRACON& Tower with Radar,0,15,9,0,24,0,0,2,0,2,0,15,11,0,26,0,0,0,26
03/11/2016,BGM,NY,AEA,EN,Combined TRACON& Tower with Radar,0,16,8,0,24,0,0,4,0,4,0,16,12,0,28,0,0,0,28
03/12/2016,BGM,NY,AEA,EN,Combined TRACON& Tower with Radar,0,10,17,0,27,0,0,23,0,23,0,10,40,0,50,20,0,20,70
03/13/2016,BGM,NY,AEA,EN,Combined TRACON& Tower with Radar,0,13,7,0,20,0,0,22,0,22,0,13,29,0,42,4,0,4,46
03/14/2016,BGM,NY,AEA,EN,Combined TRACON& Tower with Radar,0,12,4,3,19,0,0,2,1,3,0,12,6,4,22,0,0,0,22
03/15/2016,BGM,NY,AEA,EN,Combined TRACON& Tower with Radar,0,14,29,0,43,0,0,5,0,5,0,14,34,0,48,16,0,16,64
03/16/2016,BGM,NY,AEA,EN,Combined TRACON& Tower with Radar,0,12,17,1,30,0,0,0,1,1,0,12,17,2,31,0,0,0,31
03/17/2016,BGM,NY,AEA,EN,Combined TRACON& Tower with Radar,0,13,6,2,21,0,0,9,2,11,0,13,15,4,32,0,0,0,32
03/18/2016,BGM,NY,AEA,EN,Combined TRACON& Tower with Radar,0,16,14,0,30,0,0,2,0,2,0,16,16,0,32,12,0,12,44
03/19/2016,BGM,NY,AEA,EN,Combined TRACON& Tower with Radar,0,10,9,0,19,0,0,39,0,39,0,10,48,0,58,23,0,23,81
03/20/2016,BGM,NY,AEA,EN,Combined TRACON& Tower with Radar,0,12,11,0,23,0,0,21,0,21,0,12,32,0,44,36,0,36,80
03/21/2016,BGM,NY,AEA,EN,Combined TRACON& Tower with Radar,0,12,7,2,21,0,0,6,0,6,0,12,13,2,27,0,0,0,27
03/22/2016,BGM,NY,AEA,EN,Combined TRACON& Tower with Radar,0,14,11,0,25,0,0,16,0,16,0,14,27,0,41,22,0,22,63
03/23/2016,BGM,NY,AEA,EN,Combined TRACON& Tower with Radar,0,15,7,0,22,0,0,7,0,7,0,15,14,0,29,0,6,6,35
03/24/2016,BGM,NY,AEA,EN,Combined TRACON& Tower with Radar,0,13,8,0,21,0,0,6,0,6,0,13,14,0,27,0,0,0,27
03/25/2016,BGM,NY,AEA,EN,Combined TRACON& Tower with Radar,0,14,5,0,19,0,0,4,1,5,0,14,9,1,24,2,0,2,26
03/26/2016,BGM,NY,AEA,EN,Combined TRACON& Tower with Radar,0,10,11,0,21,0,0,29,0,29,0,10,40,0,50,45,0,45,95
03/27/2016,BGM,NY,AEA,EN,Combined TRACON& Tower with Radar,0,12,8,0,20,0,0,0,0,0,0,12,8,0,20,0,0,0,20
03/28/2016,BGM,NY,AEA,EN,Combined TRACON& Tower with Radar,0,11,7,0,18,0,0,2,0,2,0,11,9,0,20,0,0,0,20
03/29/2016,BGM,NY,AEA,EN,Combined TRACON& Tower with Radar,0,14,8,0,22,0,0,3,2,5,0,14,11,2,27,0,0,0,27
03/30/2016,BGM,NY,AEA,EN,Combined TRACON& Tower with Radar,0,14,10,0,24,0,0,12,0,12,0,14,22,0,36,0,0,0,36
03/31/2016,BGM,NY,AEA,EN,Combined TRACON& Tower with Radar,0,15,10,0,25,0,0,2,0,2,0,15,12,0,27,2,0,2,29
04/01/2016,BGM,NY,AEA,EN,Combined TRACON& Tower with Radar,0,16,3,0,19,0,0,0,0,0,0,16,3,0,19,6,0,6,25
04/02/2016,BGM,NY,AEA,EN,Combined TRACON& Tower with Radar,0,10,11,0,21,0,0,4,0,4,0,10,15,0,25,0,0,0,25
04/03/2016,BGM,NY,AEA,EN,Combined TRACON& Tower with Radar,0,11,7,0,18,0,0,0,0,0,0,11,7,0,18,0,0,0,18
04/04/2016,BGM,NY,AEA,EN,Combined TRACON& Tower with Radar,0,12,8,0,20,0,0,0,0,0,0,12,8,0,20,0,0,0,20
04/05/2016,BGM,NY,AEA,EN,Combined TRACON& Tower with Radar,0,15,5,0,20,0,0,15,1,16,0,15,20,1,36,31,0,31,67
04/06/2016,BGM,NY,AEA,EN,Combined TRACON& Tower with Radar,0,18,6,0,24,0,0,6,2,8,0,18,12,2,32,0,0,0,32
04/07/2016,BGM,NY,AEA,EN,Combined TRACON& Tower with Radar,0,17,16,0,33,0,0,0,0,0,0,17,16,0,33,0,0,0,33
04/08/2016,BGM,NY,AEA,EN,Combined TRACON& Tower with Radar,0,16,6,0,22,0,0,0,0,0,0,16,6,0,22,0,0,0,22
04/09/2016,BGM,NY,AEA,EN,Combined TRACON& Tower with Radar,0,11,0,0,11,0,1,0,0,1,0,12,0,0,12,17,0,17,29
04/10/2016,BGM,NY,AEA,EN,Combined TRACON& Tower with Radar,0,13,4,0,17,0,0,16,0,16,0,13,20,0,33,0,0,0,33
04/11/2016,BGM,NY,AEA,EN,Combined TRACON& Tower with Radar,2,15,2,0,19,0,0,1,0,1,2,15,3,0,20,0,0,0,20
04/12/2016,BGM,NY,AEA,EN,Combined TRACON& Tower with Radar,0,16,6,2,24,0,0,14,0,14,0,16,20,2,38,0,0,0,38
04/13/2016,BGM,NY,AEA,EN,Combined TRACON& Tower with Radar,0,16,8,2,26,0,0,17,0,17,0,16,25,2,43,24,0,24,67
04/14/2016,BGM,NY,AEA,EN,Combined TRACON& Tower with Radar,0,18,11,0,29,0,0,24,0,24,0,18,35,0,53,48,0,48,101
04/15/2016,BGM,NY,AEA,EN,Combined TRACON& Tower with Radar,0,16,15,0,31,0,0,26,0,26,0,16,41,0,57,46,0,46,103
04/16/2016,BGM,NY,AEA,EN,Combined TRACON& Tower with Radar,0,17,10,0,27,0,0,37,0,37,0,17,47,0,64,30,0,30,94
04/17/2016,BGM,NY,AEA,EN,Combined TRACON& Tower with Radar,0,22,13,0,35,0,0,47,0,47,0,22,60,0,82,15,0,15,97
04/18/2016,BGM,NY,AEA,EN,Combined TRACON& Tower with Radar,0,16,6,0,22,0,0,18,0,18,0,16,24,0,40,0,0,0,40
04/19/2016,BGM,NY,AEA,EN,Combined TRACON& Tower with Radar,0,16,8,0,24,0,0,10,0,10,0,16,18,0,34,0,0,0,34
04/20/2016,BGM,NY,AEA,EN,Combined TRACON& Tower with Radar,0,18,8,0,26,0,0,27,2,29,0,18,35,2,55,4,0,4,59
04/21/2016,BGM,NY,AEA,EN,Combined TRACON& Tower with Radar,0,20,16,0,36,0,0,16,0,16,0,20,32,0,52,0,0,0,52
04/22/2016,BGM,NY,AEA,EN,Combined TRACON& Tower with Radar,0,18,7,0,25,0,0,0,0,0,0,18,7,0,25,6,0,6,31
04/23/2016,BGM,NY,AEA,EN,Combined TRACON& Tower with Radar,0,11,11,0,22,0,0,5,0,5,0,11,16,0,27,9,0,9,36
04/24/2016,BGM,NY,AEA,EN,Combined TRACON& Tower with Radar,0,13,13,0,26,0,0,29,0,29,0,13,42,0,55,0,0,0,55
04/25/2016,BGM,NY,AEA,EN,Combined TRACON& Tower with Radar,0,14,11,0,25,0,0,2,0,2,0,14,13,0,27,0,0,0,27
04/26/2016,BGM,NY,AEA,EN,Combined TRACON& Tower with Radar,0,16,3,0,19,0,0,0,0,0,0,16,3,0,19,0,0,0,19
04/27/2016,BGM,NY,AEA,EN,Combined TRACON& Tower with Radar,0,19,14,1,34,0,3,14,5,22,0,22,28,6,56,2,0,2,58
04/28/2016,BGM,NY,AEA,EN,Combined TRACON& Tower with Radar,0,20,9,0,29,0,0,8,0,8,0,20,17,0,37,0,0,0,37
04/29/2016,BGM,NY,AEA,EN,Combined TRACON& Tower with Radar,0,21,5,10,36,0,0,5,0,5,0,21,10,10,41,20,0,20,61
04/30/2016,BGM,NY,AEA,EN,Combined TRACON& Tower with Radar,0,12,9,0,21,0,0,14,0,14,0,12,23,0,35,2,0,2,37
05/01/2016,BGM,NY,AEA,EN,Combined TRACON& Tower with Radar,0,12,7,0,19,0,0,0,0,0,0,12,7,0,19,0,0,0,19
05/02/2016,BGM,NY,AEA,EN,Combined TRACON& Tower with Radar,0,14,5,0,19,0,0,0,0,0,0,14,5,0,19,0,0,0,19
05/03/2016,BGM,NY,AEA,EN,Combined TRACON& Tower with Radar,0,16,4,0,20,0,0,3,0,3,0,16,7,0,23,0,0,0,23
05/04/2016,BGM,NY,AEA,EN,Combined TRACON& Tower with Radar,0,16,5,0,21,0,0,0,0,0,0,16,5,0,21,0,0,0,21
05/05/2016,BGM,NY,AEA,EN,Combined TRACON& Tower with Radar,0,14,6,2,22,0,0,0,2,2,0,14,6,4,24,0,0,0,24
05/06/2016,BGM,NY,AEA,EN,Combined TRACON& Tower with Radar,0,19,1,0,20,0,0,0,0,0,0,19,1,0,20,0,0,0,20
05/07/2016,BGM,NY,AEA,EN,Combined TRACON& Tower with Radar,0,9,13,0,22,0,0,12,0,12,0,9,25,0,34,21,0,21,55
05/08/2016,BGM,NY,AEA,EN,Combined TRACON& Tower with Radar,0,14,4,0,18,0,0,0,0,0,0,14,4,0,18,0,0,0,18
05/09/2016,BGM,NY,AEA,EN,Combined TRACON& Tower with Radar,0,14,10,0,24,0,0,8,0,8,0,14,18,0,32,10,0,10,42
05/10/2016,BGM,NY,AEA,EN,Combined TRACON& Tower with Radar,0,16,8,6,30,0,0,15,2,17,0,16,23,8,47,25,22,47,94
05/11/2016,BGM,NY,AEA,EN,Combined TRACON& Tower with Radar,0,18,9,4,31,0,0,16,2,18,0,18,25,6,49,42,6,48,97
05/12/2016,BGM,NY,AEA,EN,Combined TRACON& Tower with Radar,0,18,3,0,21,0,0,19,0,19,0,18,22,0,40,11,0,11,51
05/13/2016,BGM,NY,AEA,EN,Combined TRACON& Tower with Radar,0,16,17,0,33,0,0,4,0,4,0,16,21,0,37,0,0,0,37
05/14/2016,BGM,NY,AEA,EN,Combined TRACON& Tower with Radar,0,12,9,0,21,0,0,9,0,9,0,12,18,0,30,2,0,2,32
05/15/2016,BGM,NY,AEA,EN,Combined TRACON& Tower with Radar,0,18,2,0,20,0,0,2,0,2,0,18,4,0,22,0,0,0,22
05/16/2016,BGM,NY,AEA,EN,Combined TRACON& Tower with Radar,0,14,1,0,15,0,2,2,0,4,0,16,3,0,19,0,0,0,19
05/17/2016,BGM,NY,AEA,EN,Combined TRACON& Tower with Radar,0,16,9,0,25,0,0,2,0,2,0,16,11,0,27,0,0,0,27
05/18/2016,BGM,NY,AEA,EN,Combined TRACON& Tower with Radar,0,19,12,1,32,0,0,26,3,29,0,19,38,4,61,32,0,32,93
05/19/2016,BGM,NY,AEA,EN,Combined TRACON& Tower with Radar,0,15,10,1,26,0,0,11,2,13,0,15,21,3,39,0,0,0,39
05/20/2016,BGM,NY,AEA,EN,Combined TRACON& Tower with Radar,0,15,5,0,20,0,0,28,0,28,0,15,33,0,48,32,0,32,80
05/21/2016,BGM,NY,AEA,EN,Combined TRACON& Tower with Radar,0,12,5,0,17,0,0,10,0,10,0,12,15,0,27,8,0,8,35
05/22/2016,BGM,NY,AEA,EN,Combined TRACON& Tower with Radar,0,13,9,0,22,0,0,4,0,4,0,13,13,0,26,25,0,25,51
05/23/2016,BGM,NY,AEA,EN,Combined TRACON& Tower with Radar,0,15,16,0,31,0,0,13,0,13,0,15,29,0,44,6,0,6,50
05/24/2016,BGM,NY,AEA,EN,Combined TRACON& Tower with Radar,0,18,12,0,30,0,0,23,1,24,0,18,35,1,54,20,0,20,74
05/25/2016,BGM,NY,AEA,EN,Combined TRACON& Tower with Radar,0,17,9,5,31,0,0,23,3,26,0,17,32,8,57,14,2,16,73
05/26/2016,BGM,NY,AEA,EN,Combined TRACON& Tower with Radar,0,18,8,0,26,0,0,14,2,16,0,18,22,2,42,0,0,0,42
05/27/2016,BGM,NY,AEA,EN,Combined TRACON& Tower with Radar,0,21,11,0,32,1,0,33,0,34,1,21,44,0,66,31,0,31,97
05/28/2016,BGM,NY,AEA,EN,Combined TRACON& Tower with Radar,0,10,5,0,15,0,0,14,0,14,0,10,19,0,29,0,0,0,29
05/29/2016,BGM,NY,AEA,EN,Combined TRACON& Tower with Radar,0,8,2,0,10,0,0,12,0,12,0,8,14,0,22,0,0,0,22
05/30/2016,BGM,NY,AEA,EN,Combined TRACON& Tower with Radar,0,15,5,0,20,0,0,16,0,16,0,15,21,0,36,20,0,20,56
05/31/2016,BGM,NY,AEA,EN,Combined TRACON& Tower with Radar,0,18,12,0,30,0,0,12,0,12,0,18,24,0,42,0,0,0,42
06/01/2016,BGM,NY,AEA,EN,Combined TRACON& Tower with Radar,0,21,14,9,44,0,0,14,9,23,0,21,28,18,67,10,0,10,77
06/02/2016,BGM,NY,AEA,EN,Combined TRACON& Tower with Radar,0,19,11,10,40,0,0,6,0,6,0,19,17,10,46,18,6,24,70
06/03/2016,BGM,NY,AEA,EN,Combined TRACON& Tower with Radar,0,20,8,2,30,0,0,11,5,16,0,20,19,7,46,12,0,12,58
06/04/2016,BGM,NY,AEA,EN,Combined TRACON& Tower with Radar,0,9,14,0,23,0,0,25,0,25,0,9,39,0,48,44,0,44,92
06/05/2016,BGM,NY,AEA,EN,Combined TRACON& Tower with Radar,0,15,4,0,19,0,0,0,0,0,0,15,4,0,19,0,0,0,19
06/06/2016,BGM,NY,AEA,EN,Combined TRACON& Tower with Radar,0,14,4,4,22,0,0,7,0,7,0,14,11,4,29,10,0,10,39
06/07/2016,BGM,NY,AEA,EN,Combined TRACON& Tower with Radar,0,19,4,0,23,0,1,3,23,27,0,20,7,23,50,0,12,12,62
06/08/2016,BGM,NY,AEA,EN,Combined TRACON& Tower with Radar,0,19,4,0,23,0,0,9,0,9,0,19,13,0,32,0,0,0,32
06/09/2016,BGM,NY,AEA,EN,Combined TRACON& Tower with Radar,0,18,9,0,27,0,0,13,0,13,0,18,22,0,40,7,0,7,47
06/10/2016,BGM,NY,AEA,EN,Combined TRACON& Tower with Radar,0,20,16,0,36,0,0,32,0,32,0,20,48,0,68,5,0,5,73
06/11/2016,BGM,NY,AEA,EN,Combined TRACON& Tower with Radar,0,12,12,0,24,0,0,11,0,11,0,12,23,0,35,6,0,6,41
06/12/2016,BGM,NY,AEA,EN,Combined TRACON& Tower with Radar,0,14,6,0,20,0,0,5,0,5,0,14,11,0,25,0,0,0,25
06/13/2016,BGM,NY,AEA,EN,Combined TRACON& Tower with Radar,0,18,11,0,29,0,0,21,3,24,0,18,32,3,53,10,0,10,63
06/14/2016,BGM,NY,AEA,EN,Combined TRACON& Tower with Radar,0,21,7,0,28,0,2,45,0,47,0,23,52,0,75,14,0,14,89
06/15/2016,BGM,NY,AEA,EN,Combined TRACON& Tower with Radar,0,21,8,2,31,0,0,9,2,11,0,21,17,4,42,7,0,7,49
06/16/2016,BGM,NY,AEA,EN,Combined TRACON& Tower with Radar,0,17,8,1,26,0,0,3,1,4,0,17,11,2,30,23,0,23,53
06/17/2016,BGM,NY,AEA,EN,Combined TRACON& Tower with Radar,0,20,11,0,31,0,0,11,0,11,0,20,22,0,42,6,0,6,48
06/18/2016,BGM,NY,AEA,EN,Combined TRACON& Tower with Radar,0,15,6,0,21,0,0,16,0,16,0,15,22,0,37,30,0,30,67
06/19/2016,BGM,NY,AEA,EN,Combined TRACON& Tower with Radar,0,16,7,0,23,0,0,14,0,14,0,16,21,0,37,0,0,0,37
06/20/2016,BGM,NY,AEA,EN,Combined TRACON& Tower with Radar,0,16,18,0,34,0,0,17,0,17,0,16,35,0,51,0,0,0,51
06/21/2016,BGM,NY,AEA,EN,Combined TRACON& Tower with Radar,0,21,20,0,41,0,0,27,0,27,0,21,47,0,68,18,0,18,86
06/22/2016,BGM,NY,AEA,EN,Combined TRACON& Tower with Radar,0,20,8,0,28,0,0,23,4,27,0,20,31,4,55,0,0,0,55
06/23/2016,BGM,NY,AEA,EN,Combined TRACON& Tower with Radar,0,18,7,1,26,0,0,16,4,20,0,18,23,5,46,1,11,12,58
06/24/2016,BGM,NY,AEA,EN,Combined TRACON& Tower with Radar,0,17,5,0,22,0,0,21,0,21,0,17,26,0,43,14,0,14,57
06/25/2016,BGM,NY,AEA,EN,Combined TRACON& Tower with Radar,0,10,7,0,17,0,0,23,0,23,0,10,30,0,40,14,0,14,54
06/26/2016,BGM,NY,AEA,EN,Combined TRACON& Tower with Radar,0,13,1,0,14,0,0,10,0,10,0,13,11,0,24,0,0,0,24
06/27/2016,BGM,NY,AEA,EN,Combined TRACON& Tower with Radar,0,19,10,0,29,0,0,0,0,0,0,19,10,0,29,2,0,2,31
06/28/2016,BGM,NY,AEA,EN,Combined TRACON& Tower with Radar,0,15,18,0,33,0,2,1,0,3,0,17,19,0,36,0,0,0,36
06/29/2016,BGM,NY,AEA,EN,Combined TRACON& Tower with Radar,0,24,9,0,33,0,0,8,0,8,0,24,17,0,41,30,0,30,71
06/30/2016,BGM,NY,AEA,EN,Combined TRACON& Tower with Radar,0,17,8,0,25,0,2,19,0,21,0,19,27,0,46,0,0,0,46
07/01/2016,BGM,NY,AEA,EN,Combined TRACON& Tower with Radar,0,19,4,0,23,0,0,8,0,8,0,19,12,0,31,0,0,0,31
07/02/2016,BGM,NY,AEA,EN,Combined TRACON& Tower with Radar,0,11,3,0,14,0,0,2,0,2,0,11,5,0,16,0,0,0,16
07/03/2016,BGM,NY,AEA,EN,Combined TRACON& Tower with Radar,0,10,6,0,16,0,0,15,0,15,0,10,21,0,31,0,0,0,31
07/04/2016,BGM,NY,AEA,EN,Combined TRACON& Tower with Radar,0,14,4,0,18,0,0,8,0,8,0,14,12,0,26,0,0,0,26
07/05/2016,BGM,NY,AEA,EN,Combined TRACON& Tower with Radar,0,24,12,0,36,0,0,6,0,6,0,24,18,0,42,6,0,6,48
07/06/2016,BGM,NY,AEA,EN,Combined TRACON& Tower with Radar,0,20,11,0,31,0,0,13,0,13,0,20,24,0,44,0,0,0,44
07/07/2016,BGM,NY,AEA,EN,Combined TRACON& Tower with Radar,0,24,6,3,33,1,0,4,0,5,1,24,10,3,38,0,8,8,46
07/08/2016,BGM,NY,AEA,EN,Combined TRACON& Tower with Radar,0,21,12,2,35,0,0,9,0,9,0,21,21,2,44,10,0,10,54
07/09/2016,BGM,NY,AEA,EN,Combined TRACON& Tower with Radar,0,14,7,1,22,0,0,2,0,2,0,14,9,1,24,6,0,6,30
07/10/2016,BGM,NY,AEA,EN,Combined TRACON& Tower with Radar,0,18,7,0,25,0,0,2,0,2,0,18,9,0,27,0,0,0,27
07/11/2016,BGM,NY,AEA,EN,Combined TRACON& Tower with Radar,0,18,14,0,32,0,0,11,0,11,0,18,25,0,43,6,0,6,49
07/12/2016,BGM,NY,AEA,EN,Combined TRACON& Tower with Radar,0,23,12,3,38,0,0,25,2,27,0,23,37,5,65,8,10,18,83
07/13/2016,BGM,NY,AEA,EN,Combined TRACON& Tower with Radar,0,21,3,8,32,0,3,15,0,18,0,24,18,8,50,0,0,0,50
07/14/2016,BGM,NY,AEA,EN,Combined TRACON& Tower with Radar,0,21,1,0,22,0,0,1,0,1,0,21,2,0,23,0,0,0,23
07/15/2016,BGM,NY,AEA,EN,Combined TRACON& Tower with Radar,0,20,10,0,30,0,0,14,0,14,0,20,24,0,44,2,0,2,46
07/16/2016,BGM,NY,AEA,EN,Combined TRACON& Tower with Radar,0,12,4,0,16,0,1,16,0,17,0,13,20,0,33,6,0,6,39
07/17/2016,BGM,NY,AEA,EN,Combined TRACON& Tower with Radar,0,19,7,0,26,0,0,15,0,15,0,19,22,0,41,35,0,35,76
07/18/2016,BGM,NY,AEA,EN,Combined TRACON& Tower with Radar,0,20,16,1,37,0,0,5,0,5,0,20,21,1,42,6,0,6,48
07/19/2016,BGM,NY,AEA,EN,Combined TRACON& Tower with Radar,0,25,8,10,43,0,4,9,1,14,0,29,17,11,57,0,25,25,82
07/20/2016,BGM,NY,AEA,EN,Combined TRACON& Tower with Radar,0,19,7,0,26,0,0,10,0,10,0,19,17,0,36,4,0,4,40
07/21/2016,BGM,NY,AEA,EN,Combined TRACON& Tower with Radar,0,19,9,0,28,0,0,16,0,16,0,19,25,0,44,2,0,2,46
07/22/2016,BGM,NY,AEA,EN,Combined TRACON& Tower with Radar,0,20,4,0,24,0,0,8,0,8,0,20,12,0,32,3,0,3,35
07/23/2016,BGM,NY,AEA,EN,Combined TRACON& Tower with Radar,0,11,3,2,16,0,0,9,0,9,0,11,12,2,25,0,0,0,25
07/24/2016,BGM,NY,AEA,EN,Combined TRACON& Tower with Radar,0,14,12,0,26,0,0,20,0,20,0,14,32,0,46,10,0,10,56
07/25/2016,BGM,NY,AEA,EN,Combined TRACON& Tower with Radar,0,17,9,0,26,0,0,3,0,3,0,17,12,0,29,0,0,0,29
07/26/2016,BGM,NY,AEA,EN,Combined TRACON& Tower with Radar,0,20,3,0,23,0,0,3,0,3,0,20,6,0,26,0,0,0,26
07/27/2016,BGM,NY,AEA,EN,Combined TRACON& Tower with Radar,0,20,9,0,29,0,0,15,0,15,0,20,24,0,44,0,0,0,44
07/28/2016,BGM,NY,AEA,EN,Combined TRACON& Tower with Radar,0,17,16,0,33,0,0,4,0,4,0,17,20,0,37,4,0,4,41
07/29/2016,BGM,NY,AEA,EN,Combined TRACON& Tower with Radar,0,18,4,0,22,0,0,12,0,12,0,18,16,0,34,0,0,0,34
07/30/2016,BGM,NY,AEA,EN,Combined TRACON& Tower with Radar,0,7,9,0,16,0,0,19,0,19,0,7,28,0,35,0,0,0,35
07/31/2016,BGM,NY,AEA,EN,Combined TRACON& Tower with Radar,0,20,8,0,28,0,0,2,0,2,0,20,10,0,30,0,0,0,30
08/01/2016,BGM,NY,AEA,EN,Combined TRACON& Tower with Radar,0,22,10,0,32,0,0,1,0,1,0,22,11,0,33,0,0,0,33
08/02/2016,BGM,NY,AEA,EN,Combined TRACON& Tower with Radar,0,17,5,0,22,0,0,3,0,3,0,17,8,0,25,0,0,0,25
08/03/2016,BGM,NY,AEA,EN,Combined TRACON& Tower with Radar,0,14,22,0,36,0,1,5,0,6,0,15,27,0,42,0,0,0,42
08/04/2016,BGM,NY,AEA,EN,Combined TRACON& Tower with Radar,0,23,10,0,33,0,0,20,0,20,0,23,30,0,53,5,0,5,58
08/05/2016,BGM,NY,AEA,EN,Combined TRACON& Tower with Radar,0,14,10,0,24,0,0,8,0,8,0,14,18,0,32,0,0,0,32
08/06/2016,BGM,NY,AEA,EN,Combined TRACON& Tower with Radar,0,10,3,0,13,0,0,4,0,4,0,10,7,0,17,0,0,0,17
08/07/2016,BGM,NY,AEA,EN,Combined TRACON& Tower with Radar,0,10,9,0,19,0,0,26,0,26,0,10,35,0,45,0,0,0,45
08/08/2016,BGM,NY,AEA,EN,Combined TRACON& Tower with Radar,0,13,21,0,34,0,0,25,2,27,0,13,46,2,61,18,0,18,79
08/09/2016,BGM,NY,AEA,EN,Combined TRACON& Tower with Radar,0,21,20,2,43,0,0,19,0,19,0,21,39,2,62,8,0,8,70
08/10/2016,BGM,NY,AEA,EN,Combined TRACON& Tower with Radar,0,14,30,0,44,0,0,13,0,13,0,14,43,0,57,0,0,0,57
08/11/2016,BGM,NY,AEA,EN,Combined TRACON& Tower with Radar,0,14,8,0,22,0,0,15,0,15,0,14,23,0,37,0,0,0,37
08/12/2016,BGM,NY,AEA,EN,Combined TRACON& Tower with Radar,0,19,8,0,27,0,0,8,0,8,0,19,16,0,35,12,0,12,47
08/13/2016,BGM,NY,AEA,EN,Combined TRACON& Tower with Radar,0,9,6,0,15,0,0,5,0,5,0,9,11,0,20,7,0,7,27
08/14/2016,BGM,NY,AEA,EN,Combined TRACON& Tower with Radar,0,8,5,0,13,0,0,8,0,8,0,8,13,0,21,4,0,4,25
08/15/2016,BGM,NY,AEA,EN,Combined TRACON& Tower with Radar,0,12,13,0,25,0,0,19,0,19,0,12,32,0,44,16,6,22,66
08/16/2016,BGM,NY,AEA,EN,Combined TRACON& Tower with Radar,0,15,11,0,26,0,0,3,0,3,0,15,14,0,29,0,0,0,29
08/17/2016,BGM,NY,AEA,EN,Combined TRACON& Tower with Radar,0,21,9,0,30,0,0,25,0,25,0,21,34,0,55,2,0,2,57
08/18/2016,BGM,NY,AEA,EN,Combined TRACON& Tower with Radar,0,13,16,6,35,0,0,14,0,14,0,13,30,6,49,0,0,0,49
08/19/2016,BGM,NY,AEA,EN,Combined TRACON& Tower with Radar,0,16,6,0,22,0,0,14,0,14,0,16,20,0,36,4,0,4,40
08/20/2016,BGM,NY,AEA,EN,Combined TRACON& Tower with Radar,0,10,5,0,15,0,0,20,0,20,0,10,25,0,35,0,0,0,35
08/21/2016,BGM,NY,AEA,EN,Combined TRACON& Tower with Radar,0,15,2,0,17,0,0,3,0,3,0,15,5,0,20,0,0,0,20
08/22/2016,BGM,NY,AEA,EN,Combined TRACON& Tower with Radar,0,12,8,4,24,0,0,9,0,9,0,12,17,4,33,9,0,9,42
08/23/2016,BGM,NY,AEA,EN,Combined TRACON& Tower with Radar,0,15,13,0,28,0,0,22,0,22,0,15,35,0,50,26,0,26,76
08/24/2016,BGM,NY,AEA,EN,Combined TRACON& Tower with Radar,0,18,19,0,37,0,0,20,0,20,0,18,39,0,57,16,0,16,73
08/25/2016,BGM,NY,AEA,EN,Combined TRACON& Tower with Radar,0,14,12,2,28,0,0,8,0,8,0,14,20,2,36,0,0,0,36
08/26/2016,BGM,NY,AEA,EN,Combined TRACON& Tower with Radar,0,17,6,0,23,0,1,5,0,6,0,18,11,0,29,0,0,0,29
08/27/2016,BGM,NY,AEA,EN,Combined TRACON& Tower with Radar,0,11,2,0,13,0,0,25,0,25,0,11,27,0,38,0,0,0,38
08/28/2016,BGM,NY,AEA,EN,Combined TRACON& Tower with Radar,0,10,6,0,16,0,0,14,0,14,0,10,20,0,30,12,0,12,42
08/29/2016,BGM,NY,AEA,EN,Combined TRACON& Tower with Radar,0,12,7,0,19,0,0,7,0,7,0,12,14,0,26,0,0,0,26
08/30/2016,BGM,NY,AEA,EN,Combined TRACON& Tower with Radar,0,15,17,0,32,0,1,16,0,17,0,16,33,0,49,6,0,6,55
08/31/2016,BGM,NY,AEA,EN,Combined TRACON& Tower with Radar,0,16,11,0,27,0,0,8,0,8,0,16,19,0,35,4,0,4,39
09/01/2016,BGM,NY,AEA,EN,Combined TRACON& Tower with Radar,0,19,7,0,26,0,0,16,0,16,0,19,23,0,42,1,0,1,43
09/02/2016,BGM,NY,AEA,EN,Combined TRACON& Tower with Radar,0,18,3,0,21,0,0,11,0,11,0,18,14,0,32,0,0,0,32
09/03/2016,BGM,NY,AEA,EN,Combined TRACON& Tower with Radar,0,6,7,0,13,0,0,21,0,21,0,6,28,0,34,0,0,0,34
09/04/2016,BGM,NY,AEA,EN,Combined TRACON& Tower with Radar,0,13,5,0,18,0,0,17,0,17,0,13,22,0,35,4,0,4,39
09/05/2016,BGM,NY,AEA,EN,Combined TRACON& Tower with Radar,0,13,5,0,18,0,0,27,0,27,0,13,32,0,45,0,0,0,45
09/06/2016,BGM,NY,AEA,EN,Combined TRACON& Tower with Radar,0,22,10,4,36,0,0,11,1,12,0,22,21,5,48,0,0,0,48
09/07/2016,BGM,NY,AEA,EN,Combined TRACON& Tower with Radar,0,20,13,0,33,0,0,16,2,18,0,20,29,2,51,0,0,0,51
09/08/2016,BGM,NY,AEA,EN,Combined TRACON& Tower with Radar,0,18,8,0,26,0,1,4,2,7,0,19,12,2,33,0,0,0,33
09/09/2016,BGM,NY,AEA,EN,Combined TRACON& Tower with Radar,0,16,3,0,19,0,0,3,0,3,0,16,6,0,22,9,0,9,31
09/10/2016,BGM,NY,AEA,EN,Combined TRACON& Tower with Radar,0,12,2,0,14,0,0,0,0,0,0,12,2,0,14,0,0,0,14
09/11/2016,BGM,NY,AEA,EN,Combined TRACON& Tower with Radar,0,16,2,0,18,0,0,8,0,8,0,16,10,0,26,6,0,6,32
09/12/2016,BGM,NY,AEA,EN,Combined TRACON& Tower with Radar,0,16,10,1,27,0,0,19,1,20,0,16,29,2,47,6,0,6,53
09/13/2016,BGM,NY,AEA,EN,Combined TRACON& Tower with Radar,0,18,10,0,28,0,0,7,0,7,0,18,17,0,35,0,0,0,35
09/14/2016,BGM,NY,AEA,EN,Combined TRACON& Tower with Radar,0,19,10,0,29,0,1,5,0,6,0,20,15,0,35,0,0,0,35
09/15/2016,BGM,NY,AEA,EN,Combined TRACON& Tower with Radar,0,17,5,0,22,0,0,20,0,20,0,17,25,0,42,11,0,11,53
09/16/2016,BGM,NY,AEA,EN,Combined TRACON& Tower with Radar,0,15,7,0,22,0,0,26,0,26,0,15,33,0,48,8,0,8,56
09/17/2016,BGM,NY,AEA,EN,Combined TRACON& Tower with Radar,0,11,10,0,21,0,0,8,0,8,0,11,18,0,29,2,0,2,31
09/18/2016,BGM,NY,AEA,EN,Combined TRACON& Tower with Radar,0,14,4,0,18,0,0,4,0,4,0,14,8,0,22,0,0,0,22
09/19/2016,BGM,NY,AEA,EN,Combined TRACON& Tower with Radar,0,13,15,4,32,0,4,3,1,8,0,17,18,5,40,24,12,36,76
09/20/2016,BGM,NY,AEA,EN,Combined TRACON& Tower with Radar,0,13,18,0,31,0,0,7,0,7,0,13,25,0,38,0,0,0,38
09/21/2016,BGM,NY,AEA,EN,Combined TRACON& Tower with Radar,0,16,12,4,32,0,0,19,1,20,0,16,31,5,52,16,0,16,68
09/22/2016,BGM,NY,AEA,EN,Combined TRACON& Tower with Radar,0,19,9,0,28,0,7,14,2,23,0,26,23,2,51,0,0,0,51
09/23/2016,BGM,NY,AEA,EN,Combined TRACON& Tower with Radar,0,17,9,0,26,0,0,9,0,9,0,17,18,0,35,0,0,0,35
09/24/2016,BGM,NY,AEA,EN,Combined TRACON& Tower with Radar,0,14,4,0,18,0,0,12,0,12,0,14,16,0,30,0,0,0,30
09/25/2016,BGM,NY,AEA,EN,Combined TRACON& Tower with Radar,0,12,4,0,16,0,0,16,0,16,0,12,20,0,32,2,0,2,34
09/26/2016,BGM,NY,AEA,EN,Combined TRACON& Tower with Radar,0,16,14,0,30,0,0,11,0,11,0,16,25,0,41,0,0,0,41
09/27/2016,BGM,NY,AEA,EN,Combined TRACON& Tower with Radar,0,17,12,0,29,0,0,11,0,11,0,17,23,0,40,11,0,11,51
09/28/2016,BGM,NY,AEA,EN,Combined TRACON& Tower with Radar,0,19,4,0,23,0,0,9,0,9,0,19,13,0,32,0,0,0,32
09/29/2016,BGM,NY,AEA,EN,Combined TRACON& Tower with Radar,0,14,7,0,21,0,0,1,0,1,0,14,8,0,22,0,0,0,22
09/30/2016,BGM,NY,AEA,EN,Combined TRACON& Tower with Radar,0,18,7,0,25,0,0,2,0,2,0,18,9,0,27,36,0,36,63
10/01/2016,BGM,NY,AEA,EN,Combined TRACON& Tower with Radar,0,13,4,0,17,0,0,0,0,0,0,13,4,0,17,0,0,0,17
10/02/2016,BGM,NY,AEA,EN,Combined TRACON& Tower with Radar,0,13,0,0,13,0,0,6,0,6,0,13,6,0,19,14,0,14,33
10/03/2016,BGM,NY,AEA,EN,Combined TRACON& Tower with Radar,0,16,22,0,38,0,0,2,0,2,0,16,24,0,40,4,0,4,44
10/04/2016,BGM,NY,AEA,EN,Combined TRACON& Tower with Radar,0,14,7,0,21,0,0,2,0,2,0,14,9,0,23,10,0,10,33
10/05/2016,BGM,NY,AEA,EN,Combined TRACON& Tower with Radar,0,14,17,1,32,0,0,15,2,17,0,14,32,3,49,0,0,0,49
10/06/2016,BGM,NY,AEA,EN,Combined TRACON& Tower with Radar,0,16,10,0,26,0,0,6,0,6,0,16,16,0,32,10,0,10,42
10/07/2016,BGM,NY,AEA,EN,Combined TRACON& Tower with Radar,0,20,8,0,28,0,2,18,2,22,0,22,26,2,50,10,0,10,60
10/08/2016,BGM,NY,AEA,EN,Combined TRACON& Tower with Radar,0,11,2,0,13,0,0,1,0,1,0,11,3,0,14,0,0,0,14
10/09/2016,BGM,NY,AEA,EN,Combined TRACON& Tower with Radar,0,14,5,0,19,0,0,1,0,1,0,14,6,0,20,0,0,0,20
10/10/2016,BGM,NY,AEA,EN,Combined TRACON& Tower with Radar,0,17,7,0,24,0,0,11,0,11,0,17,18,0,35,4,0,4,39
10/11/2016,BGM,NY,AEA,EN,Combined TRACON& Tower with Radar,0,18,14,0,32,0,0,19,0,19,0,18,33,0,51,6,0,6,57
10/12/2016,BGM,NY,AEA,EN,Combined TRACON& Tower with Radar,0,20,15,0,35,0,0,15,9,24,0,20,30,9,59,0,0,0,59
10/13/2016,BGM,NY,AEA,EN,Combined TRACON& Tower with Radar,0,18,5,0,23,0,0,2,0,2,0,18,7,0,25,4,0,4,29
10/14/2016,BGM,NY,AEA,EN,Combined TRACON& Tower with Radar,0,18,10,3,31,0,2,31,2,35,0,20,41,5,66,18,14,32,98
10/15/2016,BGM,NY,AEA,EN,Combined TRACON& Tower with Radar,0,12,3,0,15,0,0,30,0,30,0,12,33,0,45,2,0,2,47
10/16/2016,BGM,NY,AEA,EN,Combined TRACON& Tower with Radar,0,13,9,0,22,0,0,21,0,21,0,13,30,0,43,2,0,2,45
10/17/2016,BGM,NY,AEA,EN,Combined TRACON& Tower with Radar,0,17,17,0,34,0,0,8,0,8,0,17,25,0,42,0,0,0,42
10/18/2016,BGM,NY,AEA,EN,Combined TRACON& Tower with Radar,0,20,2,8,30,0,0,6,0,6,0,20,8,8,36,0,8,8,44
10/19/2016,BGM,NY,AEA,EN,Combined TRACON& Tower with Radar,0,19,9,0,28,0,0,5,0,5,0,19,14,0,33,24,0,24,57
10/20/2016,BGM,NY,AEA,EN,Combined TRACON& Tower with Radar,0,18,8,0,26,0,0,0,0,0,0,18,8,0,26,0,0,0,26
10/21/2016,BGM,NY,AEA,EN,Combined TRACON& Tower with Radar,0,17,5,0,22,0,0,1,0,1,0,17,6,0,23,0,0,0,23
10/22/2016,BGM,NY,AEA,EN,Combined TRACON& Tower with Radar,0,9,2,0,11,0,0,0,0,0,0,9,2,0,11,0,0,0,11
10/23/2016,BGM,NY,AEA,EN,Combined TRACON& Tower with Radar,0,13,2,0,15,0,0,3,0,3,0,13,5,0,18,0,0,0,18
10/24/2016,BGM,NY,AEA,EN,Combined TRACON& Tower with Radar,0,14,0,0,14,0,0,0,0,0,0,14,0,0,14,0,0,0,14
10/25/2016,BGM,NY,AEA,EN,Combined TRACON& Tower with Radar,0,16,13,0,29,0,0,4,0,4,0,16,17,0,33,0,0,0,33
10/26/2016,BGM,NY,AEA,EN,Combined TRACON& Tower with Radar,0,15,19,12,46,0,0,9,0,9,0,15,28,12,55,44,10,54,109
10/27/2016,BGM,NY,AEA,EN,Combined TRACON& Tower with Radar,0,17,0,0,17,0,0,0,0,0,0,17,0,0,17,0,0,0,17
10/28/2016,BGM,NY,AEA,EN,Combined TRACON& Tower with Radar,0,10,5,0,15,0,0,6,0,6,0,10,11,0,21,30,0,30,51
10/29/2016,BGM,NY,AEA,EN,Combined TRACON& Tower with Radar,0,6,4,0,10,0,0,6,0,6,0,6,10,0,16,16,0,16,32
10/30/2016,BGM,NY,AEA,EN,Combined TRACON& Tower with Radar,0,15,3,2,20,0,0,0,0,0,0,15,3,2,20,8,0,8,28
10/31/2016,BGM,NY,AEA,EN,Combined TRACON& Tower with Radar,0,13,7,0,20,0,0,9,0,9,0,13,16,0,29,30,0,30,59
11/01/2016,BGM,NY,AEA,EN,Combined TRACON& Tower with Radar,0,20,10,2,32,0,0,11,2,13,0,20,21,4,45,6,0,6,51
11/02/2016,BGM,NY,AEA,EN,Combined TRACON& Tower with Radar,0,19,6,2,27,0,0,10,0,10,0,19,16,2,37,4,0,4,41
11/03/2016,BGM,NY,AEA,EN,Combined TRACON& Tower with Radar,0,15,7,16,38,0,0,0,0,0,0,15,7,16,38,0,16,16,54
11/04/2016,BGM,NY,AEA,EN,Combined TRACON& Tower with Radar,0,12,1,0,13,0,0,8,2,10,0,12,9,2,23,0,0,0,23
11/05/2016,BGM,NY,AEA,EN,Combined TRACON& Tower with Radar,0,7,7,0,14,0,0,7,0,7,0,7,14,0,21,0,0,0,21
11/06/2016,BGM,NY,AEA,EN,Combined TRACON& Tower with Radar,0,9,12,0,21,0,0,21,1,22,0,9,33,1,43,8,0,8,51
11/07/2016,BGM,NY,AEA,EN,Combined TRACON& Tower with Radar,0,11,6,0,17,0,0,20,0,20,0,11,26,0,37,0,0,0,37
11/08/2016,BGM,NY,AEA,EN,Combined TRACON& Tower with Radar,0,14,6,0,20,0,0,19,0,19,0,14,25,0,39,0,0,0,39
11/09/2016,BGM,NY,AEA,EN,Combined TRACON& Tower with Radar,0,16,6,0,22,0,0,0,0,0,0,16,6,0,22,14,0,14,36
11/10/2016,BGM,NY,AEA,EN,Combined TRACON& Tower with Radar,0,15,12,3,30,0,0,16,2,18,0,15,28,5,48,8,0,8,56
11/11/2016,BGM,NY,AEA,EN,Combined TRACON& Tower with Radar,0,13,2,0,15,0,0,13,0,13,0,13,15,0,28,28,0,28,56
11/12/2016,BGM,NY,AEA,EN,Combined TRACON& Tower with Radar,4,7,5,0,16,0,1,14,0,15,4,8,19,0,31,33,0,33,64
11/13/2016,BGM,NY,AEA,EN,Combined TRACON& Tower with Radar,0,10,9,0,19,0,0,23,0,23,0,10,32,0,42,40,0,40,82
11/14/2016,BGM,NY,AEA,EN,Combined TRACON& Tower with Radar,0,12,12,0,24,0,0,16,0,16,0,12,28,0,40,6,0,6,46
11/15/2016,BGM,NY,AEA,EN,Combined TRACON& Tower with Radar,0,17,1,0,18,0,0,4,0,4,0,17,5,0,22,0,0,0,22
11/16/2016,BGM,NY,AEA,EN,Combined TRACON& Tower with Radar,0,14,3,1,18,0,0,11,1,12,0,14,14,2,30,2,0,2,32
11/17/2016,BGM,NY,AEA,EN,Combined TRACON& Tower with Radar,0,14,13,0,27,0,0,8,0,8,0,14,21,0,35,0,0,0,35
11/18/2016,BGM,NY,AEA,EN,Combined TRACON& Tower with Radar,0,11,5,0,16,0,0,17,0,17,0,11,22,0,33,28,0,28,61
11/19/2016,BGM,NY,AEA,EN,Combined TRACON& Tower with Radar,0,6,8,0,14,0,0,11,0,11,0,6,19,0,25,0,0,0,25
11/20/2016,BGM,NY,AEA,EN,Combined TRACON& Tower with Radar,0,5,0,0,5,0,0,0,0,0,0,5,0,0,5,0,0,0,5
11/21/2016,BGM,NY,AEA,EN,Combined TRACON& Tower with Radar,0,11,4,0,15,0,0,0,0,0,0,11,4,0,15,0,0,0,15
11/22/2016,BGM,NY,AEA,EN,Combined TRACON& Tower with Radar,0,19,4,0,23,0,0,0,0,0,0,19,4,0,23,0,0,0,23
11/23/2016,BGM,NY,AEA,EN,Combined TRACON& Tower with Radar,0,15,14,0,29,0,0,15,0,15,0,15,29,0,44,32,0,32,76
11/24/2016,BGM,NY,AEA,EN,Combined TRACON& Tower with Radar,0,6,0,0,6,0,0,2,0,2,0,6,2,0,8,0,0,0,8
11/25/2016,BGM,NY,AEA,EN,Combined TRACON& Tower with Radar,0,6,1,0,7,0,0,6,0,6,0,6,7,0,13,14,0,14,27
11/26/2016,BGM,NY,AEA,EN,Combined TRACON& Tower with Radar,0,11,3,0,14,0,0,0,0,0,0,11,3,0,14,0,0,0,14
11/27/2016,BGM,NY,AEA,EN,Combined TRACON& Tower with Radar,0,12,11,0,23,0,0,4,0,4,0,12,15,0,27,30,0,30,57
11/28/2016,BGM,NY,AEA,EN,Combined TRACON& Tower with Radar,0,15,18,0,33,0,0,18,1,19,0,15,36,1,52,24,0,24,76
11/29/2016,BGM,NY,AEA,EN,Combined TRACON& Tower with Radar,0,13,4,0,17,0,0,0,0,0,0,13,4,0,17,0,0,0,17
11/30/2016,BGM,NY,AEA,EN,Combined TRACON& Tower with Radar,0,10,2,0,12,0,0,0,0,0,0,10,2,0,12,0,0,0,12
12/01/2016,BGM,NY,AEA,EN,Combined TRACON& Tower with Radar,0,13,5,0,18,0,0,3,0,3,0,13,8,0,21,4,0,4,25
12/02/2016,BGM,NY,AEA,EN,Combined TRACON& Tower with Radar,0,12,0,0,12,0,0,2,0,2,0,12,2,0,14,0,0,0,14
12/03/2016,BGM,NY,AEA,EN,Combined TRACON& Tower with Radar,0,3,3,0,6,0,0,0,0,0,0,3,3,0,6,0,0,0,6
12/04/2016,BGM,NY,AEA,EN,Combined TRACON& Tower with Radar,0,7,9,0,16,0,1,5,0,6,0,8,14,0,22,10,0,10,32
12/05/2016,BGM,NY,AEA,EN,Combined TRACON& Tower with Radar,0,6,5,0,11,0,0,2,0,2,0,6,7,0,13,0,0,0,13
12/06/2016,BGM,NY,AEA,EN,Combined TRACON& Tower with Radar,0,11,5,0,16,0,0,11,0,11,0,11,16,0,27,0,0,0,27
12/07/2016,BGM,NY,AEA,EN,Combined TRACON& Tower with Radar,0,16,12,5,33,0,0,3,1,4,0,16,15,6,37,8,8,16,53
12/08/2016,BGM,NY,AEA,EN,Combined TRACON& Tower with Radar,0,14,8,0,22,0,0,5,0,5,0,14,13,0,27,10,0,10,37
12/09/2016,BGM,NY,AEA,EN,Combined TRACON& Tower with Radar,0,14,3,0,17,0,0,0,0,0,0,14,3,0,17,12,0,12,29
12/10/2016,BGM,NY,AEA,EN,Combined TRACON& Tower with Radar,0,4,2,0,6,0,0,0,0,0,0,4,2,0,6,0,0,0,6
12/11/2016,BGM,NY,AEA,EN,Combined TRACON& Tower with Radar,0,7,0,0,7,0,0,1,0,1,0,7,1,0,8,0,0,0,8
12/12/2016,BGM,NY,AEA,EN,Combined TRACON& Tower with Radar,0,7,5,0,12,0,0,0,0,0,0,7,5,0,12,0,0,0,12
12/13/2016,BGM,NY,AEA,EN,Combined TRACON& Tower with Radar,0,14,16,1,31,0,0,13,1,14,0,14,29,2,45,14,0,14,59
12/14/2016,BGM,NY,AEA,EN,Combined TRACON& Tower with Radar,0,14,16,0,30,0,0,0,2,2,0,14,16,2,32,0,0,0,32
12/15/2016,BGM,NY,AEA,EN,Combined TRACON& Tower with Radar,0,14,8,0,22,0,0,0,0,0,0,14,8,0,22,0,0,0,22
12/16/2016,BGM,NY,AEA,EN,Combined TRACON& Tower with Radar,0,14,10,0,24,0,0,12,0,12,0,14,22,0,36,28,0,28,64
12/17/2016,BGM,NY,AEA,EN,Combined TRACON& Tower with Radar,0,5,2,0,7,0,0,0,0,0,0,5,2,0,7,0,0,0,7
12/18/2016,BGM,NY,AEA,EN,Combined TRACON& Tower with Radar,0,7,0,0,7,0,0,1,0,1,0,7,1,0,8,0,0,0,8
12/19/2016,BGM,NY,AEA,EN,Combined TRACON& Tower with Radar,0,8,7,0,15,0,0,4,2,6,0,8,11,2,21,0,0,0,21
12/20/2016,BGM,NY,AEA,EN,Combined TRACON& Tower with Radar,0,15,11,0,26,0,0,15,1,16,0,15,26,1,42,36,0,36,78
12/21/2016,BGM,NY,AEA,EN,Combined TRACON& Tower with Radar,0,17,17,0,34,0,0,24,1,25,0,17,41,1,59,4,0,4,63
12/22/2016,BGM,NY,AEA,EN,Combined TRACON& Tower with Radar,0,14,5,0,19,0,0,1,0,1,0,14,6,0,20,0,0,0,20
12/23/2016,BGM,NY,AEA,EN,Combined TRACON& Tower with Radar,0,14,11,0,25,0,0,13,0,13,0,14,24,0,38,2,0,2,40
12/24/2016,BGM,NY,AEA,EN,Combined TRACON& Tower with Radar,0,7,0,0,7,0,0,0,0,0,0,7,0,0,7,0,0,0,7
12/25/2016,BGM,NY,AEA,EN,Combined TRACON& Tower with Radar,0,4,4,0,8,0,0,0,0,0,0,4,4,0,8,0,0,0,8
12/26/2016,BGM,NY,AEA,EN,Combined TRACON& Tower with Radar,0,8,2,0,10,0,0,0,0,0,0,8,2,0,10,12,0,12,22
12/27/2016,BGM,NY,AEA,EN,Combined TRACON& Tower with Radar,0,10,4,0,14,0,0,7,0,7,0,10,11,0,21,2,0,2,23
12/28/2016,BGM,NY,AEA,EN,Combined TRACON& Tower with Radar,0,15,1,0,16,0,0,5,0,5,0,15,6,0,21,20,0,20,41
12/29/2016,BGM,NY,AEA,EN,Combined TRACON& Tower with Radar,0,12,2,0,14,0,0,0,0,0,0,12,2,0,14,0,0,0,14
12/30/2016,BGM,NY,AEA,EN,Combined TRACON& Tower with Radar,0,10,0,0,10,0,0,0,0,0,0,10,0,0,10,0,0,0,10
12/31/2016,BGM,NY,AEA,EN,Combined TRACON& Tower with Radar,0,4,1,0,5,0,0,3,0,3,0,4,4,0,8,0,0,0,8
01/01/2017,BGM,NY,AEA,EN,Combined TRACON& Tower with Radar,0,8,5,0,13,0,0,15,0,15,0,8,20,0,28,18,0,18,46
01/02/2017,BGM,NY,AEA,EN,Combined TRACON& Tower with Radar,0,7,1,0,8,0,0,2,0,2,0,7,3,0,10,0,0,0,10
01/03/2017,BGM,NY,AEA,EN,Combined TRACON& Tower with Radar,0,12,4,0,16,0,0,0,0,0,0,12,4,0,16,0,0,0,16
01/04/2017,BGM,NY,AEA,EN,Combined TRACON& Tower with Radar,0,16,4,0,20,0,0,3,0,3,0,16,7,0,23,0,0,0,23
01/05/2017,BGM,NY,AEA,EN,Combined TRACON& Tower with Radar,0,13,4,0,17,0,0,8,0,8,0,13,12,0,25,0,0,0,25
01/06/2017,BGM,NY,AEA,EN,Combined TRACON& Tower with Radar,0,11,4,0,15,0,0,12,0,12,0,11,16,0,27,16,0,16,43
01/07/2017,BGM,NY,AEA,EN,Combined TRACON& Tower with Radar,0,3,14,0,17,0,0,18,0,18,0,3,32,0,35,23,0,23,58
01/08/2017,BGM,NY,AEA,EN,Combined TRACON& Tower with Radar,0,10,3,4,17,0,2,0,1,3,0,12,3,5,20,12,0,12,32
01/09/2017,BGM,NY,AEA,EN,Combined TRACON& Tower with Radar,0,9,2,0,11,0,0,9,1,10,0,9,11,1,21,50,0,50,71
01/10/2017,BGM,NY,AEA,EN,Combined TRACON& Tower with Radar,0,13,5,0,18,0,0,0,0,0,0,13,5,0,18,0,0,0,18
01/11/2017,BGM,NY,AEA,EN,Combined TRACON& Tower with Radar,0,10,7,0,17,0,0,6,0,6,0,10,13,0,23,0,0,0,23
01/12/2017,BGM,NY,AEA,EN,Combined TRACON& Tower with Radar,0,10,6,0,16,0,0,0,0,0,0,10,6,0,16,0,0,0,16
01/13/2017,BGM,NY,AEA,EN,Combined TRACON& Tower with Radar,0,9,4,0,13,0,1,5,0,6,0,10,9,0,19,0,0,0,19
01/14/2017,BGM,NY,AEA,EN,Combined TRACON& Tower with Radar,0,7,5,0,12,0,0,13,0,13,0,7,18,0,25,4,0,4,29
01/15/2017,BGM,NY,AEA,EN,Combined TRACON& Tower with Radar,0,9,0,0,9,0,0,2,0,2,0,9,2,0,11,0,0,0,11
01/16/2017,BGM,NY,AEA,EN,Combined TRACON& Tower with Radar,0,13,11,0,24,0,0,13,0,13,0,13,24,0,37,2,0,2,39
01/17/2017,BGM,NY,AEA,EN,Combined TRACON& Tower with Radar,0,10,6,0,16,0,0,0,0,0,0,10,6,0,16,0,0,0,16
01/18/2017,BGM,NY,AEA,EN,Combined TRACON& Tower with Radar,0,8,5,0,13,0,0,0,0,0,0,8,5,0,13,0,0,0,13
01/19/2017,BGM,NY,AEA,EN,Combined TRACON& Tower with Radar,0,9,9,3,21,0,0,4,0,4,0,9,13,3,25,0,0,0,25
01/20/2017,BGM,NY,AEA,EN,Combined TRACON& Tower with Radar,0,10,3,0,13,0,0,1,0,1,0,10,4,0,14,0,0,0,14
01/21/2017,BGM,NY,AEA,EN,Combined TRACON& Tower with Radar,0,2,0,1,3,0,0,5,0,5,0,2,5,1,8,0,0,0,8
01/22/2017,BGM,NY,AEA,EN,Combined TRACON& Tower with Radar,0,1,8,0,9,0,0,3,0,3,0,1,11,0,12,13,0,13,25
01/23/2017,BGM,NY,AEA,EN,Combined TRACON& Tower with Radar,0,5,11,0,16,0,0,0,0,0,0,5,11,0,16,0,0,0,16
01/24/2017,BGM,NY,AEA,EN,Combined TRACON& Tower with Radar,0,5,3,0,8,0,0,0,0,0,0,5,3,0,8,0,0,0,8
01/25/2017,BGM,NY,AEA,EN,Combined TRACON& Tower with Radar,0,12,4,0,16,0,0,1,0,1,0,12,5,0,17,0,0,0,17
01/26/2017,BGM,NY,AEA,EN,Combined TRACON& Tower with Radar,0,9,3,0,12,0,0,3,0,3,0,9,6,0,15,0,0,0,15
01/27/2017,BGM,NY,AEA,EN,Combined TRACON& Tower with Radar,0,10,3,0,13,0,0,6,0,6,0,10,9,0,19,0,0,0,19
01/28/2017,BGM,NY,AEA,EN,Combined TRACON& Tower with Radar,0,6,7,0,13,0,0,1,0,1,0,6,8,0,14,0,0,0,14
01/29/2017,BGM,NY,AEA,EN,Combined TRACON& Tower with Radar,0,9,1,0,10,0,0,0,0,0,0,9,1,0,10,0,0,0,10
01/30/2017,BGM,NY,AEA,EN,Combined TRACON& Tower with Radar,0,8,10,0,18,0,0,10,0,10,0,8,20,0,28,0,0,0,28
01/31/2017,BGM,NY,AEA,EN,Combined TRACON& Tower with Radar,0,10,2,0,12,0,0,0,0,0,0,10,2,0,12,0,0,0,12
02/01/2017,BGM,NY,AEA,EN,Combined TRACON& Tower with Radar,0,11,7,0,18,0,2,0,2,4,0,13,7,2,22,0,0,0,22
02/02/2017,BGM,NY,AEA,EN,Combined TRACON& Tower with Radar,0,11,7,0,18,0,0,2,0,2,0,11,9,0,20,12,0,12,32
02/03/2017,BGM,NY,AEA,EN,Combined TRACON& Tower with Radar,0,10,7,0,17,0,0,4,0,4,0,10,11,0,21,11,0,11,32
02/04/2017,BGM,NY,AEA,EN,Combined TRACON& Tower with Radar,0,8,10,0,18,0,0,32,0,32,0,8,42,0,50,14,0,14,64
02/05/2017,BGM,NY,AEA,EN,Combined TRACON& Tower with Radar,0,10,11,0,21,0,0,9,0,9,0,10,20,0,30,15,0,15,45
02/06/2017,BGM,NY,AEA,EN,Combined TRACON& Tower with Radar,0,11,19,4,34,0,4,25,0,29,0,15,44,4,63,10,12,22,85
02/07/2017,BGM,NY,AEA,EN,Combined TRACON& Tower with Radar,0,15,3,0,18,0,0,0,0,0,0,15,3,0,18,0,0,0,18
02/08/2017,BGM,NY,AEA,EN,Combined TRACON& Tower with Radar,0,13,3,1,17,0,0,4,0,4,0,13,7,1,21,2,0,2,23
02/09/2017,BGM,NY,AEA,EN,Combined TRACON& Tower with Radar,0,8,0,0,8,0,0,0,0,0,0,8,0,0,8,0,0,0,8
02/10/2017,BGM,NY,AEA,EN,Combined TRACON& Tower with Radar,0,9,6,0,15,0,0,13,0,13,0,9,19,0,28,0,0,0,28
02/11/2017,BGM,NY,AEA,EN,Combined TRACON& Tower with Radar,0,7,6,0,13,0,1,21,0,22,0,8,27,0,35,10,0,10,45
02/12/2017,BGM,NY,AEA,EN,Combined TRACON& Tower with Radar,0,5,0,0,5,0,0,0,0,0,0,5,0,0,5,0,0,0,5
02/13/2017,BGM,NY,AEA,EN,Combined TRACON& Tower with Radar,0,4,0,0,4,0,0,0,0,0,0,4,0,0,4,0,0,0,4
02/14/2017,BGM,NY,AEA,EN,Combined TRACON& Tower with Radar,0,14,9,0,23,0,0,4,0,4,0,14,13,0,27,6,0,6,33
02/15/2017,BGM,NY,AEA,EN,Combined TRACON& Tower with Radar,0,12,5,0,17,0,0,0,0,0,0,12,5,0,17,0,0,0,17
02/16/2017,BGM,NY,AEA,EN,Combined TRACON& Tower with Radar,0,8,6,0,14,0,0,1,0,1,0,8,7,0,15,0,0,0,15
02/17/2017,BGM,NY,AEA,EN,Combined TRACON& Tower with Radar,0,6,4,0,10,0,0,14,0,14,0,6,18,0,24,0,0,0,24
02/18/2017,BGM,NY,AEA,EN,Combined TRACON& Tower with Radar,0,2,10,0,12,0,0,26,0,26,0,2,36,0,38,22,0,22,60
02/19/2017,BGM,NY,AEA,EN,Combined TRACON& Tower with Radar,0,4,15,0,19,0,0,11,0,11,0,4,26,0,30,0,0,0,30
02/20/2017,BGM,NY,AEA,EN,Combined TRACON& Tower with Radar,0,8,20,0,28,0,0,20,0,20,0,8,40,0,48,70,0,70,118
02/21/2017,BGM,NY,AEA,EN,Combined TRACON& Tower with Radar,0,8,9,0,17,0,2,14,0,16,0,10,23,0,33,0,0,0,33
02/22/2017,BGM,NY,AEA,EN,Combined TRACON& Tower with Radar,0,6,9,0,15,0,3,12,2,17,0,9,21,2,32,4,0,4,36
02/23/2017,BGM,NY,AEA,EN,Combined TRACON& Tower with Radar,0,6,15,0,21,0,0,9,0,9,0,6,24,0,30,10,0,10,40
02/24/2017,BGM,NY,AEA,EN,Combined TRACON& Tower with Radar,0,7,16,0,23,0,0,8,0,8,0,7,24,0,31,0,0,0,31
02/25/2017,BGM,NY,AEA,EN,Combined TRACON& Tower with Radar,0,2,0,0,2,0,0,0,0,0,0,2,0,0,2,0,0,0,2
02/26/2017,BGM,NY,AEA,EN,Combined TRACON& Tower with Radar,0,6,0,0,6,0,0,2,0,2,0,6,2,0,8,0,0,0,8
02/27/2017,BGM,NY,AEA,EN,Combined TRACON& Tower with Radar,0,7,16,2,25,0,0,15,0,15,0,7,31,2,40,14,0,14,54
02/28/2017,BGM,NY,AEA,EN,Combined TRACON& Tower with Radar,0,5,4,0,9,0,4,1,2,7,0,9,5,2,16,0,0,0,16
03/01/2017,BGM,NY,AEA,EN,Combined TRACON& Tower with Radar,0,6,6,0,12,0,0,1,0,1,0,6,7,0,13,0,0,0,13
03/02/2017,BGM,NY,AEA,EN,Combined TRACON& Tower with Radar,0,9,8,0,17,0,0,0,0,0,0,9,8,0,17,0,0,0,17
03/03/2017,BGM,NY,AEA,EN,Combined TRACON& Tower with Radar,0,11,4,0,15,0,0,4,0,4,0,11,8,0,19,0,0,0,19
03/04/2017,BGM,NY,AEA,EN,Combined TRACON& Tower with Radar,0,4,4,0,8,0,0,2,0,2,0,4,6,0,10,0,0,0,10
03/05/2017,BGM,NY,AEA,EN,Combined TRACON& Tower with Radar,0,6,14,0,20,0,0,22,0,22,0,6,36,0,42,22,0,22,64
03/06/2017,BGM,NY,AEA,EN,Combined TRACON& Tower with Radar,0,4,6,0,10,0,0,8,0,8,0,4,14,0,18,6,0,6,24
03/07/2017,BGM,NY,AEA,EN,Combined TRACON& Tower with Radar,0,8,3,1,12,0,0,0,0,0,0,8,3,1,12,0,0,0,12
03/08/2017,BGM,NY,AEA,EN,Combined TRACON& Tower with Radar,0,6,3,0,9,0,1,3,2,6,0,7,6,2,15,0,0,0,15
03/09/2017,BGM,NY,AEA,EN,Combined TRACON& Tower with Radar,0,7,6,0,13,0,0,2,0,2,0,7,8,0,15,0,0,0,15
03/10/2017,BGM,NY,AEA,EN,Combined TRACON& Tower with Radar,0,8,5,0,13,0,0,2,0,2,0,8,7,0,15,0,0,0,15
03/11/2017,BGM,NY,AEA,EN,Combined TRACON& Tower with Radar,0,4,1,0,5,0,0,0,0,0,0,4,1,0,5,0,0,0,5
03/12/2017,BGM,NY,AEA,EN,Combined TRACON& Tower with Radar,0,5,6,0,11,0,0,9,0,9,0,5,15,0,20,4,0,4,24
03/13/2017,BGM,NY,AEA,EN,Combined TRACON& Tower with Radar,0,5,16,0,21,0,0,20,0,20,0,5,36,0,41,0,0,0,41
03/14/2017,BGM,NY,AEA,EN,Combined TRACON& Tower with Radar,0,0,0,0,0,0,0,0,0,0,0,0,0,0,0,0,0,0,0
03/15/2017,BGM,NY,AEA,EN,Combined TRACON& Tower with Radar,0,2,0,0,2,0,0,0,0,0,0,2,0,0,2,0,0,0,2
03/16/2017,BGM,NY,AEA,EN,Combined TRACON& Tower with Radar,0,9,4,0,13,0,0,1,0,1,0,9,5,0,14,0,0,0,14
03/17/2017,BGM,NY,AEA,EN,Combined TRACON& Tower with Radar,0,8,2,0,10,0,0,9,0,9,0,8,11,0,19,0,0,0,19
03/18/2017,BGM,NY,AEA,EN,Combined TRACON& Tower with Radar,0,4,2,0,6,0,0,0,0,0,0,4,2,0,6,4,0,4,10
03/19/2017,BGM,NY,AEA,EN,Combined TRACON& Tower with Radar,0,6,3,0,9,0,0,4,0,4,0,6,7,0,13,10,0,10,23
03/20/2017,BGM,NY,AEA,EN,Combined TRACON& Tower with Radar,0,7,18,0,25,0,0,5,0,5,0,7,23,0,30,12,0,12,42
03/21/2017,BGM,NY,AEA,EN,Combined TRACON& Tower with Radar,0,10,8,0,18,0,0,4,0,4,0,10,12,0,22,0,0,0,22
03/22/2017,BGM,NY,AEA,EN,Combined TRACON& Tower with Radar,0,9,3,0,12,0,0,1,0,1,0,9,4,0,13,2,0,2,15
03/23/2017,BGM,NY,AEA,EN,Combined TRACON& Tower with Radar,0,8,12,2,22,0,0,28,0,28,0,8,40,2,50,13,0,13,63
03/24/2017,BGM,NY,AEA,EN,Combined TRACON& Tower with Radar,0,14,6,0,20,0,0,1,0,1,0,14,7,0,21,0,0,0,21
03/25/2017,BGM,NY,AEA,EN,Combined TRACON& Tower with Radar,0,3,3,0,6,0,0,0,0,0,0,3,3,0,6,0,0,0,6
03/26/2017,BGM,NY,AEA,EN,Combined TRACON& Tower with Radar,0,7,5,0,12,0,0,0,0,0,0,7,5,0,12,0,0,0,12
03/27/2017,BGM,NY,AEA,EN,Combined TRACON& Tower with Radar,0,6,2,0,8,0,0,4,0,4,0,6,6,0,12,0,0,0,12
03/28/2017,BGM,NY,AEA,EN,Combined TRACON& Tower with Radar,0,7,8,0,15,0,0,0,0,0,0,7,8,0,15,0,0,0,15
03/29/2017,BGM,NY,AEA,EN,Combined TRACON& Tower with Radar,0,9,12,2,23,0,0,7,0,7,0,9,19,2,30,0,10,10,40
03/30/2017,BGM,NY,AEA,EN,Combined TRACON& Tower with Radar,0,10,12,0,22,0,1,12,0,13,0,11,24,0,35,26,0,26,61
03/31/2017,BGM,NY,AEA,EN,Combined TRACON& Tower with Radar,0,10,4,0,14,0,0,0,0,0,0,10,4,0,14,0,0,0,14
04/01/2017,BGM,NY,AEA,EN,Combined TRACON& Tower with Radar,0,4,1,0,5,0,0,0,0,0,0,4,1,0,5,0,0,0,5
04/02/2017,BGM,NY,AEA,EN,Combined TRACON& Tower with Radar,0,6,16,0,22,0,0,19,0,19,0,6,35,0,41,14,0,14,55
04/03/2017,BGM,NY,AEA,EN,Combined TRACON& Tower with Radar,0,6,8,0,14,0,0,12,0,12,0,6,20,0,26,16,0,16,42
04/04/2017,BGM,NY,AEA,EN,Combined TRACON& Tower with Radar,0,8,5,0,13,0,0,0,0,0,0,8,5,0,13,0,0,0,13
04/05/2017,BGM,NY,AEA,EN,Combined TRACON& Tower with Radar,0,9,9,4,22,0,0,1,0,1,0,9,10,4,23,0,0,0,23
04/06/2017,BGM,NY,AEA,EN,Combined TRACON& Tower with Radar,0,7,8,0,15,0,0,0,0,0,0,7,8,0,15,0,0,0,15
04/07/2017,BGM,NY,AEA,EN,Combined TRACON& Tower with Radar,0,9,2,0,11,0,0,0,0,0,0,9,2,0,11,0,0,0,11
04/08/2017,BGM,NY,AEA,EN,Combined TRACON& Tower with Radar,0,5,1,0,6,0,0,6,0,6,0,5,7,0,12,0,0,0,12
04/09/2017,BGM,NY,AEA,EN,Combined TRACON& Tower with Radar,0,7,4,0,11,0,0,23,0,23,0,7,27,0,34,0,0,0,34
04/10/2017,BGM,NY,AEA,EN,Combined TRACON& Tower with Radar,0,7,8,0,15,0,0,18,2,20,0,7,26,2,35,10,0,10,45
04/11/2017,BGM,NY,AEA,EN,Combined TRACON& Tower with Radar,0,12,7,0,19,0,0,7,0,7,0,12,14,0,26,0,0,0,26
04/12/2017,BGM,NY,AEA,EN,Combined TRACON& Tower with Radar,0,10,12,0,22,0,0,7,0,7,0,10,19,0,29,6,0,6,35
04/13/2017,BGM,NY,AEA,EN,Combined TRACON& Tower with Radar,0,11,5,0,16,0,0,7,0,7,0,11,12,0,23,20,0,20,43
04/14/2017,BGM,NY,AEA,EN,Combined TRACON& Tower with Radar,0,9,12,0,21,2,0,19,0,21,2,9,31,0,42,19,0,19,61
04/15/2017,BGM,NY,AEA,EN,Combined TRACON& Tower with Radar,0,5,3,0,8,0,2,11,0,13,0,7,14,0,21,25,0,25,46
04/16/2017,BGM,NY,AEA,EN,Combined TRACON& Tower with Radar,0,6,2,0,8,0,0,2,0,2,0,6,4,0,10,24,0,24,34
04/17/2017,BGM,NY,AEA,EN,Combined TRACON& Tower with Radar,0,7,11,0,18,0,1,12,0,13,0,8,23,0,31,2,0,2,33
04/18/2017,BGM,NY,AEA,EN,Combined TRACON& Tower with Radar,0,11,8,4,23,0,0,36,0,36,0,11,44,4,59,4,0,4,63
04/19/2017,BGM,NY,AEA,EN,Combined TRACON& Tower with Radar,0,14,4,0,18,0,0,1,0,1,0,14,5,0,19,0,0,0,19
04/20/2017,BGM,NY,AEA,EN,Combined TRACON& Tower with Radar,0,6,4,0,10,0,0,4,0,4,0,6,8,0,14,0,0,0,14
04/21/2017,BGM,NY,AEA,EN,Combined TRACON& Tower with Radar,0,8,15,0,23,0,0,8,0,8,0,8,23,0,31,0,0,0,31
04/22/2017,BGM,NY,AEA,EN,Combined TRACON& Tower with Radar,0,4,4,0,8,0,0,7,0,7,0,4,11,0,15,38,0,38,53
04/23/2017,BGM,NY,AEA,EN,Combined TRACON& Tower with Radar,0,8,6,0,14,0,0,22,0,22,0,8,28,0,36,8,0,8,44
04/24/2017,BGM,NY,AEA,EN,Combined TRACON& Tower with Radar,0,7,6,0,13,0,0,21,2,23,0,7,27,2,36,33,0,33,69
04/25/2017,BGM,NY,AEA,EN,Combined TRACON& Tower with Radar,0,15,5,0,20,0,0,0,0,0,0,15,5,0,20,0,0,0,20
04/26/2017,BGM,NY,AEA,EN,Combined TRACON& Tower with Radar,0,10,8,2,20,0,0,15,0,15,0,10,23,2,35,13,0,13,48
04/27/2017,BGM,NY,AEA,EN,Combined TRACON& Tower with Radar,0,8,15,0,23,0,0,17,0,17,0,8,32,0,40,28,0,28,68
04/28/2017,BGM,NY,AEA,EN,Combined TRACON& Tower with Radar,0,10,17,0,27,0,0,25,0,25,0,10,42,0,52,57,0,57,109
04/29/2017,BGM,NY,AEA,EN,Combined TRACON& Tower with Radar,0,4,7,0,11,0,0,7,0,7,0,4,14,0,18,0,0,0,18
04/30/2017,BGM,NY,AEA,EN,Combined TRACON& Tower with Radar,0,6,20,0,26,0,0,7,0,7,0,6,27,0,33,48,0,48,81
05/01/2017,BGM,NY,AEA,EN,Combined TRACON& Tower with Radar,0,2,4,0,6,0,0,3,0,3,0,2,7,0,9,6,0,6,15
05/02/2017,BGM,NY,AEA,EN,Combined TRACON& Tower with Radar,0,2,7,0,9,0,0,4,0,4,0,2,11,0,13,0,0,0,13
05/03/2017,BGM,NY,AEA,EN,Combined TRACON& Tower with Radar,0,3,4,0,7,0,0,4,0,4,0,3,8,0,11,2,0,2,13
05/04/2017,BGM,NY,AEA,EN,Combined TRACON& Tower with Radar,0,6,3,0,9,0,0,12,0,12,0,6,15,0,21,0,0,0,21
05/05/2017,BGM,NY,AEA,EN,Combined TRACON& Tower with Radar,0,4,2,0,6,0,0,0,0,0,0,4,2,0,6,0,0,0,6
05/06/2017,BGM,NY,AEA,EN,Combined TRACON& Tower with Radar,0,0,0,0,0,0,0,0,0,0,0,0,0,0,0,0,0,0,0
05/07/2017,BGM,NY,AEA,EN,Combined TRACON& Tower with Radar,0,2,3,0,5,0,0,0,0,0,0,2,3,0,5,0,0,0,5
05/08/2017,BGM,NY,AEA,EN,Combined TRACON& Tower with Radar,0,1,10,0,11,0,0,11,0,11,0,1,21,0,22,0,0,0,22
05/09/2017,BGM,NY,AEA,EN,Combined TRACON& Tower with Radar,0,2,11,0,13,0,0,6,0,6,0,2,17,0,19,14,0,14,33
05/10/2017,BGM,NY,AEA,EN,Combined TRACON& Tower with Radar,0,2,3,0,5,0,0,7,0,7,0,2,10,0,12,0,0,0,12
05/11/2017,BGM,NY,AEA,EN,Combined TRACON& Tower with Radar,0,0,10,0,10,0,0,26,2,28,0,0,36,2,38,35,0,35,73
05/12/2017,BGM,NY,AEA,EN,Combined TRACON& Tower with Radar,0,0,6,0,6,0,2,7,0,9,0,2,13,0,15,0,0,0,15
05/13/2017,BGM,NY,AEA,EN,Combined TRACON& Tower with Radar,0,2,3,0,5,0,0,0,0,0,0,2,3,0,5,0,0,0,5
05/14/2017,BGM,NY,AEA,EN,Combined TRACON& Tower with Radar,0,0,0,0,0,0,0,2,0,2,0,0,2,0,2,0,0,0,2
05/15/2017,BGM,NY,AEA,EN,Combined TRACON& Tower with Radar,0,1,4,0,5,0,0,4,0,4,0,1,8,0,9,4,0,4,13
05/16/2017,BGM,NY,AEA,EN,Combined TRACON& Tower with Radar,0,5,9,0,14,0,0,14,0,14,0,5,23,0,28,0,0,0,28
05/17/2017,BGM,NY,AEA,EN,Combined TRACON& Tower with Radar,0,4,14,0,18,0,0,21,0,21,0,4,35,0,39,8,0,8,47
05/18/2017,BGM,NY,AEA,EN,Combined TRACON& Tower with Radar,0,1,8,0,9,0,0,5,0,5,0,1,13,0,14,0,0,0,14
05/19/2017,BGM,NY,AEA,EN,Combined TRACON& Tower with Radar,0,0,7,0,7,0,0,6,0,6,0,0,13,0,13,16,0,16,29
05/20/2017,BGM,NY,AEA,EN,Combined TRACON& Tower with Radar,0,1,6,0,7,0,0,29,0,29,0,1,35,0,36,31,0,31,67
05/21/2017,BGM,NY,AEA,EN,Combined TRACON& Tower with Radar,0,3,7,0,10,0,0,6,0,6,0,3,13,0,16,0,0,0,16
05/22/2017,BGM,NY,AEA,EN,Combined TRACON& Tower with Radar,0,1,6,0,7,0,0,0,0,0,0,1,6,0,7,0,0,0,7
05/23/2017,BGM,NY,AEA,EN,Combined TRACON& Tower with Radar,0,2,10,0,12,0,0,26,2,28,0,2,36,2,40,28,0,28,68
05/24/2017,BGM,NY,AEA,EN,Combined TRACON& Tower with Radar,0,7,8,0,15,0,0,21,0,21,0,7,29,0,36,5,0,5,41
05/25/2017,BGM,NY,AEA,EN,Combined TRACON& Tower with Radar,0,3,12,0,15,0,0,0,0,0,0,3,12,0,15,0,0,0,15
05/26/2017,BGM,NY,AEA,EN,Combined TRACON& Tower with Radar,0,1,6,0,7,2,0,0,0,2,2,1,6,0,9,0,0,0,9
05/27/2017,BGM,NY,AEA,EN,Combined TRACON& Tower with Radar,0,0,5,0,5,0,0,0,0,0,0,0,5,0,5,0,0,0,5
05/28/2017,BGM,NY,AEA,EN,Combined TRACON& Tower with Radar,0,0,2,0,2,0,0,10,0,10,0,0,12,0,12,0,0,0,12
05/29/2017,BGM,NY,AEA,EN,Combined TRACON& Tower with Radar,0,1,1,0,2,0,0,0,0,0,0,1,1,0,2,0,0,0,2
05/30/2017,BGM,NY,AEA,EN,Combined TRACON& Tower with Radar,0,4,2,0,6,0,0,0,0,0,0,4,2,0,6,0,0,0,6
05/31/2017,BGM,NY,AEA,EN,Combined TRACON& Tower with Radar,0,4,5,0,9,0,0,3,0,3,0,4,8,0,12,16,0,16,28
06/01/2017,BGM,NY,AEA,EN,Combined TRACON& Tower with Radar,0,10,8,0,18,0,0,8,2,10,0,10,16,2,28,12,0,12,40
06/02/2017,BGM,NY,AEA,EN,Combined TRACON& Tower with Radar,0,4,1,0,5,0,0,6,0,6,0,4,7,0,11,0,0,0,11
06/03/2017,BGM,NY,AEA,EN,Combined TRACON& Tower with Radar,0,3,1,0,4,0,0,6,0,6,0,3,7,0,10,10,0,10,20
06/04/2017,BGM,NY,AEA,EN,Combined TRACON& Tower with Radar,0,7,1,0,8,0,0,4,0,4,0,7,5,0,12,0,0,0,12
06/05/2017,BGM,NY,AEA,EN,Combined TRACON& Tower with Radar,0,9,7,0,16,0,0,0,0,0,0,9,7,0,16,16,0,16,32
06/06/2017,BGM,NY,AEA,EN,Combined TRACON& Tower with Radar,0,11,2,0,13,0,0,0,0,0,0,11,2,0,13,0,0,0,13
06/07/2017,BGM,NY,AEA,EN,Combined TRACON& Tower with Radar,0,9,15,0,24,0,0,25,0,25,0,9,40,0,49,14,0,14,63
06/08/2017,BGM,NY,AEA,EN,Combined TRACON& Tower with Radar,0,8,5,0,13,0,0,18,0,18,0,8,23,0,31,0,0,0,31
06/09/2017,BGM,NY,AEA,EN,Combined TRACON& Tower with Radar,0,4,2,0,6,0,0,12,1,13,0,4,14,1,19,4,0,4,23
06/10/2017,BGM,NY,AEA,EN,Combined TRACON& Tower with Radar,0,4,3,0,7,0,0,3,0,3,0,4,6,0,10,18,0,18,28
06/11/2017,BGM,NY,AEA,EN,Combined TRACON& Tower with Radar,0,7,3,0,10,0,0,12,0,12,0,7,15,0,22,0,0,0,22
06/12/2017,BGM,NY,AEA,EN,Combined TRACON& Tower with Radar,0,6,6,0,12,0,0,21,0,21,0,6,27,0,33,8,0,8,41
06/13/2017,BGM,NY,AEA,EN,Combined TRACON& Tower with Radar,0,11,9,0,20,0,0,7,0,7,0,11,16,0,27,6,0,6,33
06/14/2017,BGM,NY,AEA,EN,Combined TRACON& Tower with Radar,0,13,11,0,24,0,0,23,0,23,0,13,34,0,47,22,0,22,69
06/15/2017,BGM,NY,AEA,EN,Combined TRACON& Tower with Radar,0,9,5,0,14,0,0,5,2,7,0,9,10,2,21,8,0,8,29
06/16/2017,BGM,NY,AEA,EN,Combined TRACON& Tower with Radar,0,5,5,0,10,0,0,0,0,0,0,5,5,0,10,0,0,0,10
06/17/2017,BGM,NY,AEA,EN,Combined TRACON& Tower with Radar,0,6,1,0,7,0,0,0,0,0,0,6,1,0,7,0,0,0,7
06/18/2017,BGM,NY,AEA,EN,Combined TRACON& Tower with Radar,0,7,8,0,15,0,0,2,0,2,0,7,10,0,17,6,0,6,23
06/19/2017,BGM,NY,AEA,EN,Combined TRACON& Tower with Radar,0,9,5,0,14,0,0,0,0,0,0,9,5,0,14,0,0,0,14
06/20/2017,BGM,NY,AEA,EN,Combined TRACON& Tower with Radar,0,10,6,1,17,0,0,14,0,14,0,10,20,1,31,16,0,16,47
06/21/2017,BGM,NY,AEA,EN,Combined TRACON& Tower with Radar,0,15,13,0,28,0,0,26,0,26,0,15,39,0,54,0,0,0,54
06/22/2017,BGM,NY,AEA,EN,Combined TRACON& Tower with Radar,0,15,11,1,27,0,0,37,1,38,0,15,48,2,65,7,0,7,72
06/23/2017,BGM,NY,AEA,EN,Combined TRACON& Tower with Radar,0,14,2,0,16,0,0,4,0,4,0,14,6,0,20,0,0,0,20
06/24/2017,BGM,NY,AEA,EN,Combined TRACON& Tower with Radar,0,4,0,0,4,0,0,14,0,14,0,4,14,0,18,3,0,3,21
06/25/2017,BGM,NY,AEA,EN,Combined TRACON& Tower with Radar,0,5,9,0,14,0,0,7,0,7,0,5,16,0,21,0,0,0,21
06/26/2017,BGM,NY,AEA,EN,Combined TRACON& Tower with Radar,0,11,8,0,19,0,0,10,0,10,0,11,18,0,29,16,0,16,45
06/27/2017,BGM,NY,AEA,EN,Combined TRACON& Tower with Radar,0,14,5,0,19,0,0,5,0,5,0,14,10,0,24,0,0,0,24
06/28/2017,BGM,NY,AEA,EN,Combined TRACON& Tower with Radar,0,10,10,2,22,0,0,39,0,39,0,10,49,2,61,40,4,44,105
06/29/2017,BGM,NY,AEA,EN,Combined TRACON& Tower with Radar,0,12,13,0,25,0,0,13,0,13,0,12,26,0,38,22,0,22,60
06/30/2017,BGM,NY,AEA,EN,Combined TRACON& Tower with Radar,0,9,9,4,22,0,0,6,0,6,0,9,15,4,28,20,0,20,48
07/01/2017,BGM,NY,AEA,EN,Combined TRACON& Tower with Radar,0,4,6,0,10,0,0,3,0,3,0,4,9,0,13,0,0,0,13
07/02/2017,BGM,NY,AEA,EN,Combined TRACON& Tower with Radar,0,6,3,0,9,0,0,18,0,18,0,6,21,0,27,0,0,0,27
07/03/2017,BGM,NY,AEA,EN,Combined TRACON& Tower with Radar,0,4,12,0,16,0,0,22,0,22,0,4,34,0,38,16,0,16,54
07/04/2017,BGM,NY,AEA,EN,Combined TRACON& Tower with Radar,0,4,4,0,8,0,0,11,0,11,0,4,15,0,19,0,0,0,19
07/05/2017,BGM,NY,AEA,EN,Combined TRACON& Tower with Radar,0,11,14,0,25,0,0,19,0,19,0,11,33,0,44,0,0,0,44
07/06/2017,BGM,NY,AEA,EN,Combined TRACON& Tower with Radar,0,8,11,6,25,0,0,12,0,12,0,8,23,6,37,22,2,24,61
07/07/2017,BGM,NY,AEA,EN,Combined TRACON& Tower with Radar,0,10,4,2,16,0,0,3,0,3,0,10,7,2,19,10,0,10,29
07/08/2017,BGM,NY,AEA,EN,Combined TRACON& Tower with Radar,0,6,7,0,13,0,0,9,0,9,0,6,16,0,22,7,0,7,29
07/09/2017,BGM,NY,AEA,EN,Combined TRACON& Tower with Radar,0,6,16,0,22,0,0,25,0,25,0,6,41,0,47,14,0,14,61
07/10/2017,BGM,NY,AEA,EN,Combined TRACON& Tower with Radar,0,9,4,0,13,0,0,18,0,18,0,9,22,0,31,4,0,4,35
07/11/2017,BGM,NY,AEA,EN,Combined TRACON& Tower with Radar,0,13,5,0,18,0,0,4,0,4,0,13,9,0,22,0,0,0,22
07/12/2017,BGM,NY,AEA,EN,Combined TRACON& Tower with Radar,0,8,4,0,12,0,0,1,0,1,0,8,5,0,13,0,0,0,13
07/13/2017,BGM,NY,AEA,EN,Combined TRACON& Tower with Radar,0,11,13,0,24,0,0,2,0,2,0,11,15,0,26,15,0,15,41
07/14/2017,BGM,NY,AEA,EN,Combined TRACON& Tower with Radar,0,12,9,0,21,0,1,0,0,1,0,13,9,0,22,0,0,0,22
07/15/2017,BGM,NY,AEA,EN,Combined TRACON& Tower with Radar,0,4,11,0,15,0,0,14,0,14,0,4,25,0,29,0,0,0,29
07/16/2017,BGM,NY,AEA,EN,Combined TRACON& Tower with Radar,0,9,13,0,22,0,0,19,0,19,0,9,32,0,41,14,0,14,55
07/17/2017,BGM,NY,AEA,EN,Combined TRACON& Tower with Radar,0,13,11,0,24,0,0,6,1,7,0,13,17,1,31,0,0,0,31
07/18/2017,BGM,NY,AEA,EN,Combined TRACON& Tower with Radar,0,16,11,8,35,0,0,13,0,13,0,16,24,8,48,12,0,12,60
07/19/2017,BGM,NY,AEA,EN,Combined TRACON& Tower with Radar,0,10,19,0,29,0,0,32,0,32,0,10,51,0,61,14,0,14,75
07/20/2017,BGM,NY,AEA,EN,Combined TRACON& Tower with Radar,0,9,6,0,15,0,1,12,0,13,0,10,18,0,28,15,0,15,43
07/21/2017,BGM,NY,AEA,EN,Combined TRACON& Tower with Radar,0,6,5,0,11,0,0,6,0,6,0,6,11,0,17,5,0,5,22
07/22/2017,BGM,NY,AEA,EN,Combined TRACON& Tower with Radar,0,7,6,1,14,0,0,11,0,11,0,7,17,1,25,11,0,11,36
07/23/2017,BGM,NY,AEA,EN,Combined TRACON& Tower with Radar,0,8,4,0,12,0,0,4,0,4,0,8,8,0,16,0,0,0,16
07/24/2017,BGM,NY,AEA,EN,Combined TRACON& Tower with Radar,0,9,9,5,23,0,0,0,0,0,0,9,9,5,23,0,0,0,23
07/25/2017,BGM,NY,AEA,EN,Combined TRACON& Tower with Radar,0,10,7,0,17,0,0,1,0,1,0,10,8,0,18,0,0,0,18
07/26/2017,BGM,NY,AEA,EN,Combined TRACON& Tower with Radar,0,12,18,0,30,0,0,9,0,9,0,12,27,0,39,37,0,37,76
07/27/2017,BGM,NY,AEA,EN,Combined TRACON& Tower with Radar,0,8,11,0,19,0,0,3,0,3,0,8,14,0,22,0,0,0,22
07/28/2017,BGM,NY,AEA,EN,Combined TRACON& Tower with Radar,0,16,7,0,23,0,0,16,0,16,0,16,23,0,39,6,0,6,45
07/29/2017,BGM,NY,AEA,EN,Combined TRACON& Tower with Radar,0,8,10,0,18,0,0,6,0,6,0,8,16,0,24,4,0,4,28
07/30/2017,BGM,NY,AEA,EN,Combined TRACON& Tower with Radar,0,8,9,0,17,0,2,26,0,28,0,10,35,0,45,12,0,12,57
07/31/2017,BGM,NY,AEA,EN,Combined TRACON& Tower with Radar,0,10,11,0,21,0,0,16,0,16,0,10,27,0,37,24,0,24,61
08/01/2017,BGM,NY,AEA,EN,Combined TRACON& Tower with Radar,0,12,14,0,26,0,0,2,0,2,0,12,16,0,28,20,0,20,48
08/02/2017,BGM,NY,AEA,EN,Combined TRACON& Tower with Radar,0,12,17,0,29,0,0,12,0,12,0,12,29,0,41,0,0,0,41
08/03/2017,BGM,NY,AEA,EN,Combined TRACON& Tower with Radar,0,6,14,0,20,0,0,10,1,11,0,6,24,1,31,4,0,4,35
08/04/2017,BGM,NY,AEA,EN,Combined TRACON& Tower with Radar,0,9,8,0,17,0,0,10,0,10,0,9,18,0,27,14,0,14,41
08/05/2017,BGM,NY,AEA,EN,Combined TRACON& Tower with Radar,0,6,6,0,12,0,0,4,0,4,0,6,10,0,16,0,0,0,16
08/06/2017,BGM,NY,AEA,EN,Combined TRACON& Tower with Radar,0,6,12,0,18,0,0,15,0,15,0,6,27,0,33,4,0,4,37
08/07/2017,BGM,NY,AEA,EN,Combined TRACON& Tower with Radar,0,11,20,0,31,0,0,2,0,2,0,11,22,0,33,0,0,0,33
08/08/2017,BGM,NY,AEA,EN,Combined TRACON& Tower with Radar,0,13,7,0,20,0,0,9,0,9,0,13,16,0,29,8,0,8,37
08/09/2017,BGM,NY,AEA,EN,Combined TRACON& Tower with Radar,0,12,9,0,21,0,0,25,0,25,0,12,34,0,46,19,0,19,65
08/10/2017,BGM,NY,AEA,EN,Combined TRACON& Tower with Radar,0,10,7,0,17,0,0,21,0,21,0,10,28,0,38,10,0,10,48
08/11/2017,BGM,NY,AEA,EN,Combined TRACON& Tower with Radar,0,10,14,0,24,0,0,8,0,8,0,10,22,0,32,40,0,40,72
08/12/2017,BGM,NY,AEA,EN,Combined TRACON& Tower with Radar,0,8,7,0,15,0,0,4,0,4,0,8,11,0,19,0,0,0,19
08/13/2017,BGM,NY,AEA,EN,Combined TRACON& Tower with Radar,0,9,6,0,15,0,0,21,0,21,0,9,27,0,36,34,0,34,70
08/14/2017,BGM,NY,AEA,EN,Combined TRACON& Tower with Radar,2,9,25,0,36,0,0,47,0,47,2,9,72,0,83,7,0,7,90
08/15/2017,BGM,NY,AEA,EN,Combined TRACON& Tower with Radar,0,18,13,3,34,0,0,10,0,10,0,18,23,3,44,15,14,29,73
08/16/2017,BGM,NY,AEA,EN,Combined TRACON& Tower with Radar,0,13,17,0,30,0,0,23,0,23,0,13,40,0,53,10,0,10,63
08/17/2017,BGM,NY,AEA,EN,Combined TRACON& Tower with Radar,0,16,9,0,25,0,0,24,0,24,0,16,33,0,49,0,0,0,49
08/18/2017,BGM,NY,AEA,EN,Combined TRACON& Tower with Radar,0,14,7,0,21,0,0,2,0,2,0,14,9,0,23,0,0,0,23
08/19/2017,BGM,NY,AEA,EN,Combined TRACON& Tower with Radar,0,4,5,0,9,0,0,10,0,10,0,4,15,0,19,0,0,0,19
08/20/2017,BGM,NY,AEA,EN,Combined TRACON& Tower with Radar,0,12,15,0,27,0,0,19,0,19,0,12,34,0,46,0,0,0,46
08/21/2017,BGM,NY,AEA,EN,Combined TRACON& Tower with Radar,0,10,19,0,29,0,0,9,0,9,0,10,28,0,38,2,0,2,40
08/22/2017,BGM,NY,AEA,EN,Combined TRACON& Tower with Radar,0,10,3,0,13,0,0,11,0,11,0,10,14,0,24,26,0,26,50
08/23/2017,BGM,NY,AEA,EN,Combined TRACON& Tower with Radar,5,9,12,2,28,4,0,18,0,22,9,9,30,2,50,2,0,2,52
08/24/2017,BGM,NY,AEA,EN,Combined TRACON& Tower with Radar,0,8,13,0,21,0,0,19,2,21,0,8,32,2,42,18,0,18,60
08/25/2017,BGM,NY,AEA,EN,Combined TRACON& Tower with Radar,0,8,12,0,20,0,0,21,0,21,0,8,33,0,41,14,0,14,55
08/26/2017,BGM,NY,AEA,EN,Combined TRACON& Tower with Radar,0,4,4,0,8,0,0,26,0,26,0,4,30,0,34,6,0,6,40
08/27/2017,BGM,NY,AEA,EN,Combined TRACON& Tower with Radar,0,5,9,0,14,0,0,20,0,20,0,5,29,0,34,8,0,8,42
08/28/2017,BGM,NY,AEA,EN,Combined TRACON& Tower with Radar,0,7,16,0,23,0,0,14,2,16,0,7,30,2,39,32,0,32,71
08/29/2017,BGM,NY,AEA,EN,Combined TRACON& Tower with Radar,0,13,11,1,25,0,2,15,3,20,0,15,26,4,45,2,0,2,47
08/30/2017,BGM,NY,AEA,EN,Combined TRACON& Tower with Radar,0,10,11,4,25,0,0,24,0,24,0,10,35,4,49,26,0,26,75
08/31/2017,BGM,NY,AEA,EN,Combined TRACON& Tower with Radar,0,16,11,0,27,0,0,8,0,8,0,16,19,0,35,9,0,9,44
09/01/2017,BGM,NY,AEA,EN,Combined TRACON& Tower with Radar,0,10,7,0,17,0,0,9,0,9,0,10,16,0,26,22,0,22,48
09/02/2017,BGM,NY,AEA,EN,Combined TRACON& Tower with Radar,0,4,0,0,4,0,0,6,2,8,0,4,6,2,12,20,0,20,32
09/03/2017,BGM,NY,AEA,EN,Combined TRACON& Tower with Radar,0,5,3,0,8,0,0,0,0,0,0,5,3,0,8,0,0,0,8
09/04/2017,BGM,NY,AEA,EN,Combined TRACON& Tower with Radar,0,6,5,0,11,0,0,7,0,7,0,6,12,0,18,4,0,4,22
09/05/2017,BGM,NY,AEA,EN,Combined TRACON& Tower with Radar,0,13,11,0,24,0,0,0,0,0,0,13,11,0,24,0,0,0,24
09/06/2017,BGM,NY,AEA,EN,Combined TRACON& Tower with Radar,0,12,21,2,35,0,0,3,0,3,0,12,24,2,38,0,0,0,38
09/07/2017,BGM,NY,AEA,EN,Combined TRACON& Tower with Radar,0,15,14,0,29,0,3,3,2,8,0,18,17,2,37,50,0,50,87
09/08/2017,BGM,NY,AEA,EN,Combined TRACON& Tower with Radar,0,10,5,0,15,0,0,1,0,1,0,10,6,0,16,0,0,0,16
09/09/2017,BGM,NY,AEA,EN,Combined TRACON& Tower with Radar,0,4,7,0,11,0,0,4,0,4,0,4,11,0,15,0,0,0,15
09/10/2017,BGM,NY,AEA,EN,Combined TRACON& Tower with Radar,0,6,10,0,16,0,0,30,1,31,0,6,40,1,47,32,0,32,79
09/11/2017,BGM,NY,AEA,EN,Combined TRACON& Tower with Radar,0,7,9,0,16,0,1,22,0,23,0,8,31,0,39,6,0,6,45
09/12/2017,BGM,NY,AEA,EN,Combined TRACON& Tower with Radar,0,13,15,8,36,0,4,22,0,26,0,17,37,8,62,39,0,39,101
09/13/2017,BGM,NY,AEA,EN,Combined TRACON& Tower with Radar,0,11,8,0,19,0,1,16,0,17,0,12,24,0,36,19,0,19,55
09/14/2017,BGM,NY,AEA,EN,Combined TRACON& Tower with Radar,0,9,12,0,21,0,0,0,0,0,0,9,12,0,21,0,0,0,21
09/15/2017,BGM,NY,AEA,EN,Combined TRACON& Tower with Radar,0,9,8,0,17,0,0,3,0,3,0,9,11,0,20,6,0,6,26
09/16/2017,BGM,NY,AEA,EN,Combined TRACON& Tower with Radar,0,7,7,0,14,0,1,20,0,21,0,8,27,0,35,10,0,10,45
09/17/2017,BGM,NY,AEA,EN,Combined TRACON& Tower with Radar,0,6,7,0,13,0,0,13,0,13,0,6,20,0,26,20,0,20,46
09/18/2017,BGM,NY,AEA,EN,Combined TRACON& Tower with Radar,0,9,7,0,16,0,0,13,0,13,0,9,20,0,29,39,0,39,68
09/19/2017,BGM,NY,AEA,EN,Combined TRACON& Tower with Radar,0,10,10,0,20,0,0,20,0,20,0,10,30,0,40,68,0,68,108
09/20/2017,BGM,NY,AEA,EN,Combined TRACON& Tower with Radar,0,13,13,0,26,0,1,33,2,36,0,14,46,2,62,0,0,0,62
09/21/2017,BGM,NY,AEA,EN,Combined TRACON& Tower with Radar,0,8,9,0,17,0,0,11,0,11,0,8,20,0,28,25,0,25,53
09/22/2017,BGM,NY,AEA,EN,Combined TRACON& Tower with Radar,0,12,5,0,17,0,0,24,0,24,0,12,29,0,41,6,0,6,47
09/23/2017,BGM,NY,AEA,EN,Combined TRACON& Tower with Radar,0,4,10,0,14,0,0,16,0,16,0,4,26,0,30,24,0,24,54
09/24/2017,BGM,NY,AEA,EN,Combined TRACON& Tower with Radar,0,7,8,0,15,0,0,31,0,31,0,7,39,0,46,0,0,0,46
09/25/2017,BGM,NY,AEA,EN,Combined TRACON& Tower with Radar,0,7,9,0,16,0,0,12,0,12,0,7,21,0,28,20,0,20,48
09/26/2017,BGM,NY,AEA,EN,Combined TRACON& Tower with Radar,0,10,11,0,21,0,0,10,0,10,0,10,21,0,31,55,0,55,86
09/27/2017,BGM,NY,AEA,EN,Combined TRACON& Tower with Radar,0,12,21,0,33,0,2,24,0,26,0,14,45,0,59,30,0,30,89
09/28/2017,BGM,NY,AEA,EN,Combined TRACON& Tower with Radar,0,11,8,6,25,0,0,2,0,2,0,11,10,6,27,24,0,24,51
09/29/2017,BGM,NY,AEA,EN,Combined TRACON& Tower with Radar,0,13,12,2,27,0,0,10,2,12,0,13,22,4,39,14,0,14,53
09/30/2017,BGM,NY,AEA,EN,Combined TRACON& Tower with Radar,0,8,13,0,21,0,0,2,0,2,0,8,15,0,23,0,0,0,23
10/01/2017,BGM,NY,AEA,EN,Combined TRACON& Tower with Radar,0,8,9,0,17,0,0,20,0,20,0,8,29,0,37,2,0,2,39
10/02/2017,BGM,NY,AEA,EN,Combined TRACON& Tower with Radar,0,8,2,0,10,0,0,7,0,7,0,8,9,0,17,17,0,17,34
10/03/2017,BGM,NY,AEA,EN,Combined TRACON& Tower with Radar,0,9,8,0,17,0,0,37,0,37,0,9,45,0,54,15,0,15,69
10/04/2017,BGM,NY,AEA,EN,Combined TRACON& Tower with Radar,0,13,10,0,23,0,0,30,0,30,0,13,40,0,53,26,0,26,79
10/05/2017,BGM,NY,AEA,EN,Combined TRACON& Tower with Radar,0,11,19,0,30,0,3,16,0,19,0,14,35,0,49,51,0,51,100
10/06/2017,BGM,NY,AEA,EN,Combined TRACON& Tower with Radar,0,10,13,0,23,0,0,10,0,10,0,10,23,0,33,0,0,0,33
10/07/2017,BGM,NY,AEA,EN,Combined TRACON& Tower with Radar,0,4,9,0,13,0,0,10,0,10,0,4,19,0,23,14,0,14,37
10/08/2017,BGM,NY,AEA,EN,Combined TRACON& Tower with Radar,0,6,1,0,7,0,0,4,0,4,0,6,5,0,11,4,0,4,15
10/09/2017,BGM,NY,AEA,EN,Combined TRACON& Tower with Radar,0,7,2,0,9,0,0,0,0,0,0,7,2,0,9,0,0,0,9
10/10/2017,BGM,NY,AEA,EN,Combined TRACON& Tower with Radar,0,11,15,0,26,0,0,17,0,17,0,11,32,0,43,0,0,0,43
10/11/2017,BGM,NY,AEA,EN,Combined TRACON& Tower with Radar,0,8,17,0,25,0,0,7,0,7,0,8,24,0,32,0,0,0,32
10/12/2017,BGM,NY,AEA,EN,Combined TRACON& Tower with Radar,0,8,9,0,17,0,0,13,2,15,0,8,22,2,32,14,0,14,46
10/13/2017,BGM,NY,AEA,EN,Combined TRACON& Tower with Radar,0,13,14,0,27,0,0,12,2,14,0,13,26,2,41,0,0,0,41
10/14/2017,BGM,NY,AEA,EN,Combined TRACON& Tower with Radar,0,4,11,0,15,0,0,1,0,1,0,4,12,0,16,0,0,0,16
10/15/2017,BGM,NY,AEA,EN,Combined TRACON& Tower with Radar,0,7,0,0,7,0,0,0,0,0,0,7,0,0,7,0,0,0,7
10/16/2017,BGM,NY,AEA,EN,Combined TRACON& Tower with Radar,0,8,3,4,15,0,0,0,2,2,0,8,3,6,17,11,0,11,28
10/17/2017,BGM,NY,AEA,EN,Combined TRACON& Tower with Radar,0,11,9,0,20,0,0,16,1,17,0,11,25,1,37,0,0,0,37
10/18/2017,BGM,NY,AEA,EN,Combined TRACON& Tower with Radar,0,11,10,2,23,0,1,15,6,22,0,12,25,8,45,13,8,21,66
10/19/2017,BGM,NY,AEA,EN,Combined TRACON& Tower with Radar,0,8,5,6,19,0,1,17,0,18,0,9,22,6,37,4,0,4,41
10/20/2017,BGM,NY,AEA,EN,Combined TRACON& Tower with Radar,0,8,9,0,17,0,0,28,0,28,0,8,37,0,45,21,0,21,66
10/21/2017,BGM,NY,AEA,EN,Combined TRACON& Tower with Radar,0,7,3,0,10,0,0,40,0,40,0,7,43,0,50,0,0,0,50
10/22/2017,BGM,NY,AEA,EN,Combined TRACON& Tower with Radar,0,8,3,0,11,0,0,24,0,24,0,8,27,0,35,10,0,10,45
10/23/2017,BGM,NY,AEA,EN,Combined TRACON& Tower with Radar,0,8,16,0,24,0,0,2,0,2,0,8,18,0,26,0,0,0,26
10/24/2017,BGM,NY,AEA,EN,Combined TRACON& Tower with Radar,0,8,11,0,19,0,0,2,0,2,0,8,13,0,21,0,0,0,21
10/25/2017,BGM,NY,AEA,EN,Combined TRACON& Tower with Radar,0,10,4,0,14,0,0,10,0,10,0,10,14,0,24,5,0,5,29
10/26/2017,BGM,NY,AEA,EN,Combined TRACON& Tower with Radar,0,8,9,0,17,0,0,9,0,9,0,8,18,0,26,25,0,25,51
10/27/2017,BGM,NY,AEA,EN,Combined TRACON& Tower with Radar,0,7,0,0,7,0,0,22,2,24,0,7,22,2,31,0,0,0,31
10/28/2017,BGM,NY,AEA,EN,Combined TRACON& Tower with Radar,0,6,6,0,12,0,0,9,0,9,0,6,15,0,21,0,0,0,21
10/29/2017,BGM,NY,AEA,EN,Combined TRACON& Tower with Radar,0,6,2,0,8,0,0,0,0,0,0,6,2,0,8,0,0,0,8
10/30/2017,BGM,NY,AEA,EN,Combined TRACON& Tower with Radar,0,7,2,0,9,0,0,0,0,0,0,7,2,0,9,0,0,0,9
10/31/2017,BGM,NY,AEA,EN,Combined TRACON& Tower with Radar,0,9,10,0,19,0,0,3,0,3,0,9,13,0,22,16,0,16,38
11/01/2017,BGM,NY,AEA,EN,Combined TRACON& Tower with Radar,0,13,8,0,21,0,1,7,0,8,0,14,15,0,29,10,0,10,39
11/02/2017,BGM,NY,AEA,EN,Combined TRACON& Tower with Radar,0,11,13,0,24,0,0,10,0,10,0,11,23,0,34,0,0,0,34
11/03/2017,BGM,NY,AEA,EN,Combined TRACON& Tower with Radar,0,9,7,0,16,0,0,4,0,4,0,9,11,0,20,0,0,0,20
11/04/2017,BGM,NY,AEA,EN,Combined TRACON& Tower with Radar,0,5,10,0,15,0,0,40,0,40,0,5,50,0,55,10,0,10,65
11/05/2017,BGM,NY,AEA,EN,Combined TRACON& Tower with Radar,0,6,5,0,11,0,0,0,0,0,0,6,5,0,11,0,0,0,11
11/06/2017,BGM,NY,AEA,EN,Combined TRACON& Tower with Radar,0,8,13,0,21,0,0,0,0,0,0,8,13,0,21,4,0,4,25
11/07/2017,BGM,NY,AEA,EN,Combined TRACON& Tower with Radar,0,17,10,0,27,0,0,5,0,5,0,17,15,0,32,0,0,0,32
11/08/2017,BGM,NY,AEA,EN,Combined TRACON& Tower with Radar,0,12,11,0,23,0,0,16,0,16,0,12,27,0,39,33,0,33,72
11/09/2017,BGM,NY,AEA,EN,Combined TRACON& Tower with Radar,0,10,4,0,14,0,0,8,0,8,0,10,12,0,22,38,0,38,60
11/10/2017,BGM,NY,AEA,EN,Combined TRACON& Tower with Radar,0,10,4,0,14,0,0,0,0,0,0,10,4,0,14,0,0,0,14
11/11/2017,BGM,NY,AEA,EN,Combined TRACON& Tower with Radar,0,6,5,0,11,0,0,20,0,20,0,6,25,0,31,24,0,24,55
11/12/2017,BGM,NY,AEA,EN,Combined TRACON& Tower with Radar,0,8,6,0,14,0,0,21,0,21,0,8,27,0,35,16,0,16,51
11/13/2017,BGM,NY,AEA,EN,Combined TRACON& Tower with Radar,0,11,10,0,21,0,0,10,0,10,0,11,20,0,31,0,0,0,31
11/14/2017,BGM,NY,AEA,EN,Combined TRACON& Tower with Radar,0,10,8,0,18,0,0,2,0,2,0,10,10,0,20,0,0,0,20
11/15/2017,BGM,NY,AEA,EN,Combined TRACON& Tower with Radar,0,11,11,0,22,0,0,11,2,13,0,11,22,2,35,11,0,11,46
11/16/2017,BGM,NY,AEA,EN,Combined TRACON& Tower with Radar,0,12,8,0,20,0,0,0,0,0,0,12,8,0,20,8,0,8,28
11/17/2017,BGM,NY,AEA,EN,Combined TRACON& Tower with Radar,0,9,12,0,21,0,1,14,0,15,0,10,26,0,36,6,0,6,42
11/18/2017,BGM,NY,AEA,EN,Combined TRACON& Tower with Radar,0,4,1,0,5,0,0,0,0,0,0,4,1,0,5,0,0,0,5
11/19/2017,BGM,NY,AEA,EN,Combined TRACON& Tower with Radar,0,7,0,0,7,0,0,0,0,0,0,7,0,0,7,0,0,0,7
11/20/2017,BGM,NY,AEA,EN,Combined TRACON& Tower with Radar,0,8,7,0,15,0,0,3,0,3,0,8,10,0,18,14,0,14,32
11/21/2017,BGM,NY,AEA,EN,Combined TRACON& Tower with Radar,0,12,7,0,19,0,0,6,0,6,0,12,13,0,25,0,0,0,25
11/22/2017,BGM,NY,AEA,EN,Combined TRACON& Tower with Radar,0,9,4,0,13,0,0,0,0,0,0,9,4,0,13,0,0,0,13
11/23/2017,BGM,NY,AEA,EN,Combined TRACON& Tower with Radar,0,2,2,0,4,0,0,0,0,0,0,2,2,0,4,0,0,0,4
11/24/2017,BGM,NY,AEA,EN,Combined TRACON& Tower with Radar,0,4,5,0,9,0,0,24,0,24,0,4,29,0,33,18,0,18,51
11/25/2017,BGM,NY,AEA,EN,Combined TRACON& Tower with Radar,0,8,5,0,13,0,0,5,0,5,0,8,10,0,18,22,0,22,40
11/26/2017,BGM,NY,AEA,EN,Combined TRACON& Tower with Radar,0,7,10,0,17,0,0,4,0,4,0,7,14,0,21,0,0,0,21
11/27/2017,BGM,NY,AEA,EN,Combined TRACON& Tower with Radar,0,6,17,0,23,0,0,6,1,7,0,6,23,1,30,2,0,2,32
11/28/2017,BGM,NY,AEA,EN,Combined TRACON& Tower with Radar,0,12,15,0,27,0,0,18,0,18,0,12,33,0,45,2,0,2,47
11/29/2017,BGM,NY,AEA,EN,Combined TRACON& Tower with Radar,0,7,7,6,20,0,0,7,0,7,0,7,14,6,27,8,0,8,35
11/30/2017,BGM,NY,AEA,EN,Combined TRACON& Tower with Radar,0,14,8,0,22,0,0,2,0,2,0,14,10,0,24,0,0,0,24
12/01/2017,BGM,NY,AEA,EN,Combined TRACON& Tower with Radar,0,14,10,12,36,0,0,27,0,27,0,14,37,12,63,50,10,60,123
12/02/2017,BGM,NY,AEA,EN,Combined TRACON& Tower with Radar,0,4,1,0,5,0,0,32,0,32,0,4,33,0,37,14,0,14,51
12/03/2017,BGM,NY,AEA,EN,Combined TRACON& Tower with Radar,0,8,6,0,14,0,0,25,0,25,0,8,31,0,39,0,0,0,39
12/04/2017,BGM,NY,AEA,EN,Combined TRACON& Tower with Radar,0,9,11,0,20,0,0,6,0,6,0,9,17,0,26,2,0,2,28
12/05/2017,BGM,NY,AEA,EN,Combined TRACON& Tower with Radar,0,11,7,0,18,0,0,0,0,0,0,11,7,0,18,0,0,0,18
12/06/2017,BGM,NY,AEA,EN,Combined TRACON& Tower with Radar,0,15,10,0,25,0,0,3,1,4,0,15,13,1,29,0,0,0,29
12/07/2017,BGM,NY,AEA,EN,Combined TRACON& Tower with Radar,0,10,6,10,26,0,0,4,0,4,0,10,10,10,30,10,0,10,40
12/08/2017,BGM,NY,AEA,EN,Combined TRACON& Tower with Radar,0,8,7,0,15,0,0,12,0,12,0,8,19,0,27,34,0,34,61
12/09/2017,BGM,NY,AEA,EN,Combined TRACON& Tower with Radar,0,4,1,0,5,0,0,17,0,17,0,4,18,0,22,14,0,14,36
12/10/2017,BGM,NY,AEA,EN,Combined TRACON& Tower with Radar,0,6,1,0,7,0,0,2,0,2,0,6,3,0,9,4,0,4,13
12/11/2017,BGM,NY,AEA,EN,Combined TRACON& Tower with Radar,0,6,8,4,18,0,0,3,0,3,0,6,11,4,21,24,0,24,45
12/12/2017,BGM,NY,AEA,EN,Combined TRACON& Tower with Radar,0,13,7,0,20,0,0,1,0,1,0,13,8,0,21,0,0,0,21
12/13/2017,BGM,NY,AEA,EN,Combined TRACON& Tower with Radar,0,8,1,0,9,0,0,0,0,0,0,8,1,0,9,0,0,0,9
12/14/2017,BGM,NY,AEA,EN,Combined TRACON& Tower with Radar,0,13,11,0,24,0,0,3,0,3,0,13,14,0,27,0,0,0,27
12/15/2017,BGM,NY,AEA,EN,Combined TRACON& Tower with Radar,0,11,6,0,17,0,0,4,0,4,0,11,10,0,21,6,0,6,27
12/16/2017,BGM,NY,AEA,EN,Combined TRACON& Tower with Radar,0,6,5,0,11,0,0,0,0,0,0,6,5,0,11,0,0,0,11
12/17/2017,BGM,NY,AEA,EN,Combined TRACON& Tower with Radar,0,6,7,0,13,0,0,5,0,5,0,6,12,0,18,8,0,8,26
12/18/2017,BGM,NY,AEA,EN,Combined TRACON& Tower with Radar,0,6,12,0,18,0,0,0,0,0,0,6,12,0,18,10,0,10,28
12/19/2017,BGM,NY,AEA,EN,Combined TRACON& Tower with Radar,0,14,5,0,19,0,0,2,2,4,0,14,7,2,23,9,0,9,32
12/20/2017,BGM,NY,AEA,EN,Combined TRACON& Tower with Radar,0,10,4,8,22,0,0,4,6,10,0,10,8,14,32,12,0,12,44
12/21/2017,BGM,NY,AEA,EN,Combined TRACON& Tower with Radar,0,10,14,0,24,0,0,22,0,22,0,10,36,0,46,24,0,24,70
12/22/2017,BGM,NY,AEA,EN,Combined TRACON& Tower with Radar,0,10,2,0,12,0,0,0,0,0,0,10,2,0,12,0,0,0,12
12/23/2017,BGM,NY,AEA,EN,Combined TRACON& Tower with Radar,0,4,6,0,10,0,0,0,0,0,0,4,6,0,10,0,0,0,10
12/24/2017,BGM,NY,AEA,EN,Combined TRACON& Tower with Radar,0,2,3,0,5,0,0,8,0,8,0,2,11,0,13,0,0,0,13
12/25/2017,BGM,NY,AEA,EN,Combined TRACON& Tower with Radar,0,2,0,0,2,0,0,0,0,0,0,2,0,0,2,0,0,0,2
12/26/2017,BGM,NY,AEA,EN,Combined TRACON& Tower with Radar,0,12,8,0,20,0,0,0,0,0,0,12,8,0,20,0,0,0,20
12/27/2017,BGM,NY,AEA,EN,Combined TRACON& Tower with Radar,0,12,2,0,14,0,0,7,0,7,0,12,9,0,21,0,0,0,21
12/28/2017,BGM,NY,AEA,EN,Combined TRACON& Tower with Radar,0,5,6,0,11,0,0,0,0,0,0,5,6,0,11,0,0,0,11
12/29/2017,BGM,NY,AEA,EN,Combined TRACON& Tower with Radar,0,10,1,0,11,0,0,2,0,2,0,10,3,0,13,0,0,0,13
12/30/2017,BGM,NY,AEA,EN,Combined TRACON& Tower with Radar,0,5,0,0,5,0,0,0,0,0,0,5,0,0,5,0,0,0,5
12/31/2017,BGM,NY,AEA,EN,Combined TRACON& Tower with Radar,0,2,2,0,4,0,0,0,0,0,0,2,2,0,4,0,0,0,4
01/01/2018,BGM,NY,AEA,EN,Combined TRACON& Tower with Radar,0,2,5,0,7,0,0,2,0,2,0,2,7,0,9,0,0,0,9
01/02/2018,BGM,NY,AEA,EN,Combined TRACON& Tower with Radar,0,10,3,0,13,0,0,3,0,3,0,10,6,0,16,7,0,7,23
01/03/2018,BGM,NY,AEA,EN,Combined TRACON& Tower with Radar,0,9,4,0,13,0,0,25,0,25,0,9,29,0,38,20,0,20,58
01/04/2018,BGM,NY,AEA,EN,Combined TRACON& Tower with Radar,0,5,4,0,9,0,0,0,0,0,0,5,4,0,9,0,0,0,9
01/05/2018,BGM,NY,AEA,EN,Combined TRACON& Tower with Radar,0,8,1,0,9,0,0,0,0,0,0,8,1,0,9,0,0,0,9
01/06/2018,BGM,NY,AEA,EN,Combined TRACON& Tower with Radar,0,2,0,0,2,0,0,3,0,3,0,2,3,0,5,0,0,0,5
01/07/2018,BGM,NY,AEA,EN,Combined TRACON& Tower with Radar,0,4,2,0,6,0,0,11,0,11,0,4,13,0,17,0,0,0,17
01/08/2018,BGM,NY,AEA,EN,Combined TRACON& Tower with Radar,0,5,1,0,6,0,0,0,0,0,0,5,1,0,6,0,0,0,6
01/09/2018,BGM,NY,AEA,EN,Combined TRACON& Tower with Radar,0,10,8,0,18,0,0,0,2,2,0,10,8,2,20,12,0,12,32
01/10/2018,BGM,NY,AEA,EN,Combined TRACON& Tower with Radar,0,11,8,0,19,0,0,22,0,22,0,11,30,0,41,16,0,16,57
01/11/2018,BGM,NY,AEA,EN,Combined TRACON& Tower with Radar,0,6,4,0,10,0,0,4,0,4,0,6,8,0,14,22,0,22,36
01/12/2018,BGM,NY,AEA,EN,Combined TRACON& Tower with Radar,0,6,8,0,14,0,0,0,0,0,0,6,8,0,14,0,0,0,14
01/13/2018,BGM,NY,AEA,EN,Combined TRACON& Tower with Radar,0,2,0,0,2,0,0,0,0,0,0,2,0,0,2,0,0,0,2
01/14/2018,BGM,NY,AEA,EN,Combined TRACON& Tower with Radar,0,5,3,0,8,0,0,7,0,7,0,5,10,0,15,12,0,12,27
01/15/2018,BGM,NY,AEA,EN,Combined TRACON& Tower with Radar,0,4,4,0,8,0,0,0,0,0,0,4,4,0,8,0,0,0,8
01/16/2018,BGM,NY,AEA,EN,Combined TRACON& Tower with Radar,0,5,4,0,9,0,0,0,0,0,0,5,4,0,9,0,0,0,9
01/17/2018,BGM,NY,AEA,EN,Combined TRACON& Tower with Radar,0,8,3,0,11,0,0,4,0,4,0,8,7,0,15,5,0,5,20
01/18/2018,BGM,NY,AEA,EN,Combined TRACON& Tower with Radar,0,6,4,0,10,0,0,6,2,8,0,6,10,2,18,22,0,22,40
01/19/2018,BGM,NY,AEA,EN,Combined TRACON& Tower with Radar,0,8,4,0,12,0,0,16,0,16,0,8,20,0,28,10,0,10,38
01/20/2018,BGM,NY,AEA,EN,Combined TRACON& Tower with Radar,0,2,7,0,9,0,0,27,0,27,0,2,34,0,36,0,0,0,36
01/21/2018,BGM,NY,AEA,EN,Combined TRACON& Tower with Radar,0,3,7,0,10,0,0,4,0,4,0,3,11,0,14,42,0,42,56
01/22/2018,BGM,NY,AEA,EN,Combined TRACON& Tower with Radar,0,1,4,0,5,0,0,0,0,0,0,1,4,0,5,0,0,0,5
01/23/2018,BGM,NY,AEA,EN,Combined TRACON& Tower with Radar,0,8,5,0,13,0,0,2,0,2,0,8,7,0,15,0,0,0,15
01/24/2018,BGM,NY,AEA,EN,Combined TRACON& Tower with Radar,0,7,4,2,13,0,0,2,0,2,0,7,6,2,15,0,0,0,15
01/25/2018,BGM,NY,AEA,EN,Combined TRACON& Tower with Radar,0,14,14,0,28,0,2,14,0,16,0,16,28,0,44,22,0,22,66
01/26/2018,BGM,NY,AEA,EN,Combined TRACON& Tower with Radar,0,6,6,1,13,0,3,19,1,23,0,9,25,2,36,32,0,32,68
01/27/2018,BGM,NY,AEA,EN,Combined TRACON& Tower with Radar,0,2,4,0,6,0,0,10,0,10,0,2,14,0,16,0,0,0,16
01/28/2018,BGM,NY,AEA,EN,Combined TRACON& Tower with Radar,0,3,7,0,10,0,0,30,0,30,0,3,37,0,40,8,0,8,48
01/29/2018,BGM,NY,AEA,EN,Combined TRACON& Tower with Radar,0,4,0,0,4,0,0,6,0,6,0,4,6,0,10,16,0,16,26
01/30/2018,BGM,NY,AEA,EN,Combined TRACON& Tower with Radar,0,6,3,0,9,0,0,0,0,0,0,6,3,0,9,0,0,0,9
01/31/2018,BGM,NY,AEA,EN,Combined TRACON& Tower with Radar,0,7,2,6,15,0,0,2,0,2,0,7,4,6,17,22,0,22,39
02/01/2018,BGM,NY,AEA,EN,Combined TRACON& Tower with Radar,0,7,8,0,15,0,2,2,0,4,0,9,10,0,19,0,0,0,19
02/02/2018,BGM,NY,AEA,EN,Combined TRACON& Tower with Radar,0,8,2,0,10,0,0,0,0,0,0,8,2,0,10,0,0,0,10
02/03/2018,BGM,NY,AEA,EN,Combined TRACON& Tower with Radar,0,2,2,0,4,0,0,14,0,14,0,2,16,0,18,51,0,51,69
02/04/2018,BGM,NY,AEA,EN,Combined TRACON& Tower with Radar,0,7,1,0,8,0,0,0,0,0,0,7,1,0,8,0,0,0,8
02/05/2018,BGM,NY,AEA,EN,Combined TRACON& Tower with Radar,0,4,8,0,12,0,0,6,2,8,0,4,14,2,20,24,0,24,44
02/06/2018,BGM,NY,AEA,EN,Combined TRACON& Tower with Radar,0,8,6,0,14,0,2,1,0,3,0,10,7,0,17,0,0,0,17
02/07/2018,BGM,NY,AEA,EN,Combined TRACON& Tower with Radar,0,4,0,0,4,0,0,0,0,0,0,4,0,0,4,0,0,0,4
02/08/2018,BGM,NY,AEA,EN,Combined TRACON& Tower with Radar,0,8,4,0,12,0,0,10,0,10,0,8,14,0,22,0,0,0,22
02/09/2018,BGM,NY,AEA,EN,Combined TRACON& Tower with Radar,0,3,9,0,12,0,0,0,0,0,0,3,9,0,12,0,0,0,12
02/10/2018,BGM,NY,AEA,EN,Combined TRACON& Tower with Radar,0,3,0,0,3,0,0,0,0,0,0,3,0,0,3,0,0,0,3
02/11/2018,BGM,NY,AEA,EN,Combined TRACON& Tower with Radar,0,4,2,0,6,0,0,0,0,0,0,4,2,0,6,0,0,0,6
02/12/2018,BGM,NY,AEA,EN,Combined TRACON& Tower with Radar,0,7,10,0,17,0,0,5,0,5,0,7,15,0,22,8,0,8,30
02/13/2018,BGM,NY,AEA,EN,Combined TRACON& Tower with Radar,0,8,10,0,18,0,0,22,0,22,0,8,32,0,40,40,0,40,80
02/14/2018,BGM,NY,AEA,EN,Combined TRACON& Tower with Radar,0,7,9,0,16,0,0,13,2,15,0,7,22,2,31,2,0,2,33
02/15/2018,BGM,NY,AEA,EN,Combined TRACON& Tower with Radar,0,11,8,0,19,0,0,11,0,11,0,11,19,0,30,12,0,12,42
02/16/2018,BGM,NY,AEA,EN,Combined TRACON& Tower with Radar,0,4,6,2,12,0,0,0,0,0,0,4,6,2,12,0,0,0,12
02/17/2018,BGM,NY,AEA,EN,Combined TRACON& Tower with Radar,0,2,4,0,6,0,0,28,0,28,0,2,32,0,34,20,0,20,54
02/18/2018,BGM,NY,AEA,EN,Combined TRACON& Tower with Radar,0,4,2,0,6,0,0,10,0,10,0,4,12,0,16,24,0,24,40
02/19/2018,BGM,NY,AEA,EN,Combined TRACON& Tower with Radar,0,5,10,0,15,0,0,5,0,5,0,5,15,0,20,28,0,28,48
02/20/2018,BGM,NY,AEA,EN,Combined TRACON& Tower with Radar,0,5,9,0,14,0,0,11,0,11,0,5,20,0,25,4,0,4,29
02/21/2018,BGM,NY,AEA,EN,Combined TRACON& Tower with Radar,0,7,6,0,13,0,0,4,0,4,0,7,10,0,17,0,0,0,17
02/22/2018,BGM,NY,AEA,EN,Combined TRACON& Tower with Radar,0,6,8,0,14,0,0,0,0,0,0,6,8,0,14,0,0,0,14
02/23/2018,BGM,NY,AEA,EN,Combined TRACON& Tower with Radar,0,6,2,0,8,0,0,0,0,0,0,6,2,0,8,0,0,0,8
02/24/2018,BGM,NY,AEA,EN,Combined TRACON& Tower with Radar,0,2,12,0,14,0,0,10,0,10,0,2,22,0,24,6,0,6,30
02/25/2018,BGM,NY,AEA,EN,Combined TRACON& Tower with Radar,0,5,5,0,10,0,0,0,0,0,0,5,5,0,10,0,0,0,10
02/26/2018,BGM,NY,AEA,EN,Combined TRACON& Tower with Radar,0,6,11,0,17,0,0,13,0,13,0,6,24,0,30,8,0,8,38
02/27/2018,BGM,NY,AEA,EN,Combined TRACON& Tower with Radar,0,11,7,0,18,0,0,26,2,28,0,11,33,2,46,53,0,53,99
02/28/2018,BGM,NY,AEA,EN,Combined TRACON& Tower with Radar,0,8,7,0,15,0,0,27,0,27,0,8,34,0,42,22,0,22,64
03/01/2018,BGM,NY,AEA,EN,Combined TRACON& Tower with Radar,0,11,6,0,17,0,0,4,0,4,0,11,10,0,21,0,0,0,21
03/02/2018,BGM,NY,AEA,EN,Combined TRACON& Tower with Radar,0,0,0,0,0,0,0,0,0,0,0,0,0,0,0,0,0,0,0
03/03/2018,BGM,NY,AEA,EN,Combined TRACON& Tower with Radar,0,3,0,0,3,0,0,0,0,0,0,3,0,0,3,0,0,0,3
03/04/2018,BGM,NY,AEA,EN,Combined TRACON& Tower with Radar,0,6,6,0,12,0,0,0,0,0,0,6,6,0,12,0,0,0,12
03/05/2018,BGM,NY,AEA,EN,Combined TRACON& Tower with Radar,0,7,6,1,14,0,0,4,1,5,0,7,10,2,19,10,0,10,29
03/06/2018,BGM,NY,AEA,EN,Combined TRACON& Tower with Radar,0,15,6,0,21,0,0,21,0,21,0,15,27,0,42,27,0,27,69
03/07/2018,BGM,NY,AEA,EN,Combined TRACON& Tower with Radar,0,12,4,0,16,0,0,0,0,0,0,12,4,0,16,0,0,0,16
03/08/2018,BGM,NY,AEA,EN,Combined TRACON& Tower with Radar,0,9,1,0,10,0,0,7,0,7,0,9,8,0,17,0,0,0,17
03/09/2018,BGM,NY,AEA,EN,Combined TRACON& Tower with Radar,0,10,5,0,15,0,0,0,0,0,0,10,5,0,15,48,0,48,63
03/10/2018,BGM,NY,AEA,EN,Combined TRACON& Tower with Radar,0,9,2,0,11,0,0,4,0,4,0,9,6,0,15,21,0,21,36
03/11/2018,BGM,NY,AEA,EN,Combined TRACON& Tower with Radar,0,6,5,0,11,0,0,6,0,6,0,6,11,0,17,58,0,58,75
03/12/2018,BGM,NY,AEA,EN,Combined TRACON& Tower with Radar,0,7,14,0,21,0,0,16,0,16,0,7,30,0,37,14,0,14,51
03/13/2018,BGM,NY,AEA,EN,Combined TRACON& Tower with Radar,0,7,0,0,7,0,0,2,0,2,0,7,2,0,9,0,0,0,9
03/14/2018,BGM,NY,AEA,EN,Combined TRACON& Tower with Radar,0,5,2,0,7,0,0,0,0,0,0,5,2,0,7,0,0,0,7
03/15/2018,BGM,NY,AEA,EN,Combined TRACON& Tower with Radar,0,12,7,0,19,0,0,14,0,14,0,12,21,0,33,18,0,18,51
03/16/2018,BGM,NY,AEA,EN,Combined TRACON& Tower with Radar,0,7,3,0,10,0,0,0,0,0,0,7,3,0,10,0,0,0,10
03/17/2018,BGM,NY,AEA,EN,Combined TRACON& Tower with Radar,0,4,5,0,9,0,0,18,0,18,0,4,23,0,27,0,0,0,27
03/18/2018,BGM,NY,AEA,EN,Combined TRACON& Tower with Radar,0,11,3,0,14,0,0,21,0,21,0,11,24,0,35,14,0,14,49
03/19/2018,BGM,NY,AEA,EN,Combined TRACON& Tower with Radar,0,8,7,0,15,0,0,16,0,16,0,8,23,0,31,6,0,6,37
03/20/2018,BGM,NY,AEA,EN,Combined TRACON& Tower with Radar,0,8,9,5,22,0,0,21,0,21,0,8,30,5,43,43,10,53,96
03/21/2018,BGM,NY,AEA,EN,Combined TRACON& Tower with Radar,0,9,3,1,13,0,0,11,1,12,0,9,14,2,25,32,0,32,57
03/22/2018,BGM,NY,AEA,EN,Combined TRACON& Tower with Radar,0,11,14,0,25,0,0,12,1,13,0,11,26,1,38,10,0,10,48
03/23/2018,BGM,NY,AEA,EN,Combined TRACON& Tower with Radar,0,9,3,2,14,0,0,2,0,2,0,9,5,2,16,34,0,34,50
03/24/2018,BGM,NY,AEA,EN,Combined TRACON& Tower with Radar,0,4,4,0,8,0,0,24,0,24,0,4,28,0,32,41,0,41,73
03/25/2018,BGM,NY,AEA,EN,Combined TRACON& Tower with Radar,0,8,3,0,11,0,0,4,0,4,0,8,7,0,15,8,0,8,23
03/26/2018,BGM,NY,AEA,EN,Combined TRACON& Tower with Radar,0,8,9,1,18,0,0,20,1,21,0,8,29,2,39,11,0,11,50
03/27/2018,BGM,NY,AEA,EN,Combined TRACON& Tower with Radar,0,12,12,0,24,0,0,12,2,14,0,12,24,2,38,12,0,12,50
03/28/2018,BGM,NY,AEA,EN,Combined TRACON& Tower with Radar,0,15,16,0,31,0,0,0,0,0,0,15,16,0,31,0,0,0,31
03/29/2018,BGM,NY,AEA,EN,Combined TRACON& Tower with Radar,0,2,7,0,9,0,0,0,0,0,0,2,7,0,9,0,0,0,9
03/30/2018,BGM,NY,AEA,EN,Combined TRACON& Tower with Radar,0,13,10,0,23,0,0,2,0,2,0,13,12,0,25,0,0,0,25
03/31/2018,BGM,NY,AEA,EN,Combined TRACON& Tower with Radar,0,5,9,0,14,0,0,29,0,29,0,5,38,0,43,28,0,28,71
04/01/2018,BGM,NY,AEA,EN,Combined TRACON& Tower with Radar,0,7,1,0,8,0,0,0,0,0,0,7,1,0,8,0,0,0,8
04/02/2018,BGM,NY,AEA,EN,Combined TRACON& Tower with Radar,0,6,7,0,13,0,0,9,0,9,0,6,16,0,22,20,0,20,42
04/03/2018,BGM,NY,AEA,EN,Combined TRACON& Tower with Radar,0,7,4,0,11,0,0,0,0,0,0,7,4,0,11,0,0,0,11
04/04/2018,BGM,NY,AEA,EN,Combined TRACON& Tower with Radar,0,9,0,0,9,0,0,0,0,0,0,9,0,0,9,0,0,0,9
04/05/2018,BGM,NY,AEA,EN,Combined TRACON& Tower with Radar,0,10,2,0,12,0,0,6,0,6,0,10,8,0,18,8,0,8,26
04/06/2018,BGM,NY,AEA,EN,Combined TRACON& Tower with Radar,0,9,4,1,14,0,0,0,0,0,0,9,4,1,14,0,0,0,14
04/07/2018,BGM,NY,AEA,EN,Combined TRACON& Tower with Radar,0,4,2,0,6,0,0,7,0,7,0,4,9,0,13,25,0,25,38
04/08/2018,BGM,NY,AEA,EN,Combined TRACON& Tower with Radar,0,8,5,0,13,0,0,6,0,6,0,8,11,0,19,38,0,38,57
04/09/2018,BGM,NY,AEA,EN,Combined TRACON& Tower with Radar,0,7,4,0,11,0,4,8,0,12,0,11,12,0,23,18,0,18,41
04/10/2018,BGM,NY,AEA,EN,Combined TRACON& Tower with Radar,0,10,9,0,19,0,0,9,0,9,0,10,18,0,28,24,0,24,52
04/11/2018,BGM,NY,AEA,EN,Combined TRACON& Tower with Radar,0,12,6,0,18,0,0,2,1,3,0,12,8,1,21,0,0,0,21
04/12/2018,BGM,NY,AEA,EN,Combined TRACON& Tower with Radar,0,8,7,0,15,0,0,2,0,2,0,8,9,0,17,0,0,0,17
04/13/2018,BGM,NY,AEA,EN,Combined TRACON& Tower with Radar,0,6,16,1,23,0,0,13,0,13,0,6,29,1,36,0,0,0,36
04/14/2018,BGM,NY,AEA,EN,Combined TRACON& Tower with Radar,0,6,10,0,16,0,0,4,0,4,0,6,14,0,20,27,0,27,47
04/15/2018,BGM,NY,AEA,EN,Combined TRACON& Tower with Radar,0,6,3,0,9,0,0,0,0,0,0,6,3,0,9,0,0,0,9
04/16/2018,BGM,NY,AEA,EN,Combined TRACON& Tower with Radar,0,6,2,0,8,0,0,0,0,0,0,6,2,0,8,0,0,0,8
04/17/2018,BGM,NY,AEA,EN,Combined TRACON& Tower with Radar,0,8,10,0,18,0,0,0,0,0,0,8,10,0,18,0,0,0,18
04/18/2018,BGM,NY,AEA,EN,Combined TRACON& Tower with Radar,0,11,21,3,35,0,0,12,0,12,0,11,33,3,47,0,16,16,63
04/19/2018,BGM,NY,AEA,EN,Combined TRACON& Tower with Radar,0,11,4,0,15,0,0,1,0,1,0,11,5,0,16,0,0,0,16
04/20/2018,BGM,NY,AEA,EN,Combined TRACON& Tower with Radar,0,10,6,0,16,0,0,6,0,6,0,10,12,0,22,0,0,0,22
04/21/2018,BGM,NY,AEA,EN,Combined TRACON& Tower with Radar,0,5,4,0,9,0,0,37,0,37,0,5,41,0,46,23,0,23,69
04/22/2018,BGM,NY,AEA,EN,Combined TRACON& Tower with Radar,0,9,5,0,14,0,0,27,0,27,0,9,32,0,41,14,0,14,55
04/23/2018,BGM,NY,AEA,EN,Combined TRACON& Tower with Radar,0,6,24,0,30,0,0,19,0,19,0,6,43,0,49,46,0,46,95
04/24/2018,BGM,NY,AEA,EN,Combined TRACON& Tower with Radar,0,12,4,0,16,0,0,11,0,11,0,12,15,0,27,19,0,19,46
04/25/2018,BGM,NY,AEA,EN,Combined TRACON& Tower with Radar,0,10,14,0,24,0,0,0,0,0,0,10,14,0,24,0,0,0,24
04/26/2018,BGM,NY,AEA,EN,Combined TRACON& Tower with Radar,0,8,10,0,18,0,0,11,0,11,0,8,21,0,29,28,0,28,57
04/27/2018,BGM,NY,AEA,EN,Combined TRACON& Tower with Radar,0,8,15,0,23,0,0,7,0,7,0,8,22,0,30,22,0,22,52
04/28/2018,BGM,NY,AEA,EN,Combined TRACON& Tower with Radar,0,4,1,0,5,0,0,23,0,23,0,4,24,0,28,85,0,85,113
04/29/2018,BGM,NY,AEA,EN,Combined TRACON& Tower with Radar,0,6,3,0,9,0,0,0,0,0,0,6,3,0,9,0,0,0,9
04/30/2018,BGM,NY,AEA,EN,Combined TRACON& Tower with Radar,0,7,6,0,13,0,0,3,0,3,0,7,9,0,16,0,0,0,16
05/01/2018,BGM,NY,AEA,EN,Combined TRACON& Tower with Radar,0,10,8,1,19,0,0,35,1,36,0,10,43,2,55,40,0,40,95
05/02/2018,BGM,NY,AEA,EN,Combined TRACON& Tower with Radar,0,10,2,0,12,0,0,23,2,25,0,10,25,2,37,4,0,4,41
05/03/2018,BGM,NY,AEA,EN,Combined TRACON& Tower with Radar,0,11,4,0,15,0,0,3,0,3,0,11,7,0,18,16,0,16,34
05/04/2018,BGM,NY,AEA,EN,Combined TRACON& Tower with Radar,0,9,10,0,19,0,0,8,0,8,0,9,18,0,27,0,0,0,27
05/05/2018,BGM,NY,AEA,EN,Combined TRACON& Tower with Radar,0,6,7,0,13,0,0,32,0,32,0,6,39,0,45,34,0,34,79
05/06/2018,BGM,NY,AEA,EN,Combined TRACON& Tower with Radar,0,6,7,0,13,0,0,2,0,2,0,6,9,0,15,12,0,12,27
05/07/2018,BGM,NY,AEA,EN,Combined TRACON& Tower with Radar,0,8,8,0,16,0,0,24,0,24,0,8,32,0,40,18,0,18,58
05/08/2018,BGM,NY,AEA,EN,Combined TRACON& Tower with Radar,0,8,9,0,17,0,0,33,3,36,0,8,42,3,53,48,0,48,101
05/09/2018,BGM,NY,AEA,EN,Combined TRACON& Tower with Radar,0,9,15,0,24,0,0,30,1,31,0,9,45,1,55,12,0,12,67
05/10/2018,BGM,NY,AEA,EN,Combined TRACON& Tower with Radar,0,9,3,0,12,0,0,20,0,20,0,9,23,0,32,6,0,6,38
05/11/2018,BGM,NY,AEA,EN,Combined TRACON& Tower with Radar,0,12,8,0,20,0,0,13,0,13,0,12,21,0,33,28,0,28,61
05/12/2018,BGM,NY,AEA,EN,Combined TRACON& Tower with Radar,4,4,3,0,11,0,0,0,0,0,4,4,3,0,11,0,0,0,11
05/13/2018,BGM,NY,AEA,EN,Combined TRACON& Tower with Radar,0,8,2,0,10,0,0,0,0,0,0,8,2,0,10,0,0,0,10
05/14/2018,BGM,NY,AEA,EN,Combined TRACON& Tower with Radar,0,8,5,0,13,0,0,16,0,16,0,8,21,0,29,44,0,44,73
05/15/2018,BGM,NY,AEA,EN,Combined TRACON& Tower with Radar,0,7,2,0,9,0,0,3,0,3,0,7,5,0,12,18,0,18,30
05/16/2018,BGM,NY,AEA,EN,Combined TRACON& Tower with Radar,0,6,10,0,16,0,0,14,0,14,0,6,24,0,30,20,0,20,50
05/17/2018,BGM,NY,AEA,EN,Combined TRACON& Tower with Radar,0,10,15,1,26,0,0,15,1,16,0,10,30,2,42,67,0,67,109
05/18/2018,BGM,NY,AEA,EN,Combined TRACON& Tower with Radar,0,13,3,0,16,0,0,27,0,27,0,13,30,0,43,36,0,36,79
05/19/2018,BGM,NY,AEA,EN,Combined TRACON& Tower with Radar,0,9,7,0,16,0,0,0,0,0,0,9,7,0,16,0,0,0,16
05/20/2018,BGM,NY,AEA,EN,Combined TRACON& Tower with Radar,0,12,19,0,31,0,0,1,0,1,0,12,20,0,32,0,0,0,32
05/21/2018,BGM,NY,AEA,EN,Combined TRACON& Tower with Radar,0,8,9,0,17,0,2,13,2,17,0,10,22,2,34,72,0,72,106
05/22/2018,BGM,NY,AEA,EN,Combined TRACON& Tower with Radar,0,12,21,0,33,0,0,0,0,0,0,12,21,0,33,0,0,0,33
05/23/2018,BGM,NY,AEA,EN,Combined TRACON& Tower with Radar,0,9,14,0,23,0,1,21,0,22,0,10,35,0,45,18,0,18,63
05/24/2018,BGM,NY,AEA,EN,Combined TRACON& Tower with Radar,0,11,17,0,28,0,0,33,0,33,0,11,50,0,61,30,0,30,91
05/25/2018,BGM,NY,AEA,EN,Combined TRACON& Tower with Radar,0,8,7,0,15,0,0,38,0,38,0,8,45,0,53,10,0,10,63
05/26/2018,BGM,NY,AEA,EN,Combined TRACON& Tower with Radar,0,5,5,0,10,0,0,29,0,29,0,5,34,0,39,0,0,0,39
05/27/2018,BGM,NY,AEA,EN,Combined TRACON& Tower with Radar,0,8,18,0,26,0,0,0,0,0,0,8,18,0,26,0,0,0,26
05/28/2018,BGM,NY,AEA,EN,Combined TRACON& Tower with Radar,0,6,10,0,16,0,0,2,0,2,0,6,12,0,18,0,0,0,18
05/29/2018,BGM,NY,AEA,EN,Combined TRACON& Tower with Radar,0,6,4,0,10,0,0,37,0,37,0,6,41,0,47,34,0,34,81
05/30/2018,BGM,NY,AEA,EN,Combined TRACON& Tower with Radar,0,8,23,0,31,0,0,24,0,24,0,8,47,0,55,4,0,4,59
05/31/2018,BGM,NY,AEA,EN,Combined TRACON& Tower with Radar,0,8,17,0,25,0,0,0,0,0,0,8,17,0,25,30,0,30,55
06/01/2018,BGM,NY,AEA,EN,Combined TRACON& Tower with Radar,0,8,19,0,27,0,0,14,0,14,0,8,33,0,41,6,0,6,47
06/02/2018,BGM,NY,AEA,EN,Combined TRACON& Tower with Radar,0,3,15,0,18,0,0,0,0,0,0,3,15,0,18,16,0,16,34
06/03/2018,BGM,NY,AEA,EN,Combined TRACON& Tower with Radar,0,5,5,1,11,0,1,8,0,9,0,6,13,1,20,0,0,0,20
06/04/2018,BGM,NY,AEA,EN,Combined TRACON& Tower with Radar,0,4,16,0,20,0,0,5,0,5,0,4,21,0,25,14,0,14,39
06/05/2018,BGM,NY,AEA,EN,Combined TRACON& Tower with Radar,0,6,6,0,12,0,0,8,0,8,0,6,14,0,20,16,0,16,36
06/06/2018,BGM,NY,AEA,EN,Combined TRACON& Tower with Radar,0,6,10,0,16,0,0,12,0,12,0,6,22,0,28,0,0,0,28
06/07/2018,BGM,NY,AEA,EN,Combined TRACON& Tower with Radar,0,4,13,0,17,0,0,38,0,38,0,4,51,0,55,43,0,43,98
06/08/2018,BGM,NY,AEA,EN,Combined TRACON& Tower with Radar,0,7,12,0,19,0,0,27,0,27,0,7,39,0,46,38,0,38,84
06/09/2018,BGM,NY,AEA,EN,Combined TRACON& Tower with Radar,0,4,3,1,8,0,0,32,1,33,0,4,35,2,41,81,0,81,122
06/10/2018,BGM,NY,AEA,EN,Combined TRACON& Tower with Radar,0,7,24,0,31,0,0,27,0,27,0,7,51,0,58,15,0,15,73
06/11/2018,BGM,NY,AEA,EN,Combined TRACON& Tower with Radar,0,7,8,0,15,0,0,28,0,28,0,7,36,0,43,40,0,40,83
06/12/2018,BGM,NY,AEA,EN,Combined TRACON& Tower with Radar,0,10,9,0,19,0,0,21,0,21,0,10,30,0,40,49,0,49,89
06/13/2018,BGM,NY,AEA,EN,Combined TRACON& Tower with Radar,0,6,10,0,16,0,0,2,0,2,0,6,12,0,18,0,0,0,18
06/14/2018,BGM,NY,AEA,EN,Combined TRACON& Tower with Radar,0,11,6,0,17,0,0,2,3,5,0,11,8,3,22,0,0,0,22
06/15/2018,BGM,NY,AEA,EN,Combined TRACON& Tower with Radar,0,10,11,0,21,0,0,31,0,31,0,10,42,0,52,4,0,4,56
06/16/2018,BGM,NY,AEA,EN,Combined TRACON& Tower with Radar,0,6,2,0,8,0,0,34,0,34,0,6,36,0,42,32,0,32,74
06/17/2018,BGM,NY,AEA,EN,Combined TRACON& Tower with Radar,0,7,8,0,15,0,0,25,0,25,0,7,33,0,40,74,0,74,114
06/18/2018,BGM,NY,AEA,EN,Combined TRACON& Tower with Radar,0,7,9,0,16,0,2,5,0,7,0,9,14,0,23,0,0,0,23
06/19/2018,BGM,NY,AEA,EN,Combined TRACON& Tower with Radar,0,8,11,0,19,0,0,20,0,20,0,8,31,0,39,60,0,60,99
06/20/2018,BGM,NY,AEA,EN,Combined TRACON& Tower with Radar,0,10,16,2,28,0,0,17,2,19,0,10,33,4,47,4,2,6,53
06/21/2018,BGM,NY,AEA,EN,Combined TRACON& Tower with Radar,0,11,18,0,29,0,0,36,1,37,0,11,54,1,66,40,0,40,106
06/22/2018,BGM,NY,AEA,EN,Combined TRACON& Tower with Radar,0,10,11,0,21,0,2,22,2,26,0,12,33,2,47,0,0,0,47
06/23/2018,BGM,NY,AEA,EN,Combined TRACON& Tower with Radar,0,4,4,0,8,0,0,4,1,5,0,4,8,1,13,0,0,0,13
06/24/2018,BGM,NY,AEA,EN,Combined TRACON& Tower with Radar,0,9,14,1,24,0,0,7,0,7,0,9,21,1,31,0,0,0,31
06/25/2018,BGM,NY,AEA,EN,Combined TRACON& Tower with Radar,0,8,8,0,16,0,0,11,0,11,0,8,19,0,27,0,0,0,27
06/26/2018,BGM,NY,AEA,EN,Combined TRACON& Tower with Radar,0,12,22,0,34,0,0,31,0,31,0,12,53,0,65,30,0,30,95
06/27/2018,BGM,NY,AEA,EN,Combined TRACON& Tower with Radar,0,10,8,0,18,0,0,0,0,0,0,10,8,0,18,0,0,0,18
06/28/2018,BGM,NY,AEA,EN,Combined TRACON& Tower with Radar,0,12,13,12,37,0,0,5,0,5,0,12,18,12,42,46,0,46,88
06/29/2018,BGM,NY,AEA,EN,Combined TRACON& Tower with Radar,0,8,12,0,20,0,0,42,0,42,0,8,54,0,62,88,0,88,150
06/30/2018,BGM,NY,AEA,EN,Combined TRACON& Tower with Radar,0,4,10,0,14,0,0,19,0,19,0,4,29,0,33,0,0,0,33
07/01/2018,BGM,NY,AEA,EN,Combined TRACON& Tower with Radar,0,6,4,0,10,0,0,29,0,29,0,6,33,0,39,28,0,28,67
07/02/2018,BGM,NY,AEA,EN,Combined TRACON& Tower with Radar,0,8,7,0,15,0,1,19,0,20,0,9,26,0,35,24,0,24,59
07/03/2018,BGM,NY,AEA,EN,Combined TRACON& Tower with Radar,0,6,8,0,14,0,0,20,0,20,0,6,28,0,34,8,0,8,42
07/04/2018,BGM,NY,AEA,EN,Combined TRACON& Tower with Radar,0,4,4,0,8,0,0,22,0,22,0,4,26,0,30,18,0,18,48
07/05/2018,BGM,NY,AEA,EN,Combined TRACON& Tower with Radar,0,10,4,0,14,0,0,11,0,11,0,10,15,0,25,27,0,27,52
07/06/2018,BGM,NY,AEA,EN,Combined TRACON& Tower with Radar,0,6,6,0,12,0,0,11,0,11,0,6,17,0,23,53,0,53,76
07/07/2018,BGM,NY,AEA,EN,Combined TRACON& Tower with Radar,0,2,12,0,14,0,0,37,0,37,0,2,49,0,51,50,0,50,101
07/08/2018,BGM,NY,AEA,EN,Combined TRACON& Tower with Radar,0,6,14,0,20,0,0,43,0,43,0,6,57,0,63,4,0,4,67
07/09/2018,BGM,NY,AEA,EN,Combined TRACON& Tower with Radar,0,5,10,6,21,0,0,13,0,13,0,5,23,6,34,14,0,14,48
07/10/2018,BGM,NY,AEA,EN,Combined TRACON& Tower with Radar,0,9,3,8,20,0,1,18,0,19,0,10,21,8,39,76,0,76,115
07/11/2018,BGM,NY,AEA,EN,Combined TRACON& Tower with Radar,0,6,1,0,7,0,0,18,0,18,0,6,19,0,25,2,0,2,27
07/12/2018,BGM,NY,AEA,EN,Combined TRACON& Tower with Radar,0,10,9,0,19,0,0,23,0,23,0,10,32,0,42,93,0,93,135
07/13/2018,BGM,NY,AEA,EN,Combined TRACON& Tower with Radar,0,10,2,1,13,0,0,41,1,42,0,10,43,2,55,50,0,50,105
07/14/2018,BGM,NY,AEA,EN,Combined TRACON& Tower with Radar,0,6,4,0,10,0,0,26,0,26,0,6,30,0,36,58,0,58,94
07/15/2018,BGM,NY,AEA,EN,Combined TRACON& Tower with Radar,0,6,1,0,7,0,0,14,0,14,0,6,15,0,21,20,0,20,41
07/16/2018,BGM,NY,AEA,EN,Combined TRACON& Tower with Radar,0,5,3,1,9,0,0,5,0,5,0,5,8,1,14,0,0,0,14
07/17/2018,BGM,NY,AEA,EN,Combined TRACON& Tower with Radar,0,6,13,12,31,0,0,3,0,3,0,6,16,12,34,16,0,16,50
07/18/2018,BGM,NY,AEA,EN,Combined TRACON& Tower with Radar,0,6,12,1,19,0,0,26,1,27,0,6,38,2,46,41,0,41,87
07/19/2018,BGM,NY,AEA,EN,Combined TRACON& Tower with Radar,0,8,11,0,19,0,0,33,0,33,0,8,44,0,52,35,0,35,87
07/20/2018,BGM,NY,AEA,EN,Combined TRACON& Tower with Radar,0,10,9,1,20,0,0,23,0,23,0,10,32,1,43,14,0,14,57
07/21/2018,BGM,NY,AEA,EN,Combined TRACON& Tower with Radar,0,6,4,0,10,0,0,24,0,24,0,6,28,0,34,36,0,36,70
07/22/2018,BGM,NY,AEA,EN,Combined TRACON& Tower with Radar,0,6,12,0,18,0,0,2,0,2,0,6,14,0,20,0,0,0,20
07/23/2018,BGM,NY,AEA,EN,Combined TRACON& Tower with Radar,0,8,3,0,11,0,0,2,0,2,0,8,5,0,13,4,0,4,17
07/24/2018,BGM,NY,AEA,EN,Combined TRACON& Tower with Radar,0,6,16,0,22,0,0,2,0,2,0,6,18,0,24,0,0,0,24
07/25/2018,BGM,NY,AEA,EN,Combined TRACON& Tower with Radar,0,6,11,0,17,0,0,0,0,0,0,6,11,0,17,0,0,0,17
07/26/2018,BGM,NY,AEA,EN,Combined TRACON& Tower with Radar,0,10,7,1,18,0,0,15,1,16,0,10,22,2,34,23,0,23,57
07/27/2018,BGM,NY,AEA,EN,Combined TRACON& Tower with Radar,0,11,3,0,14,0,0,9,0,9,0,11,12,0,23,36,0,36,59
07/28/2018,BGM,NY,AEA,EN,Combined TRACON& Tower with Radar,0,7,10,0,17,0,2,17,0,19,0,9,27,0,36,18,0,18,54
07/29/2018,BGM,NY,AEA,EN,Combined TRACON& Tower with Radar,0,10,3,0,13,0,0,20,0,20,0,10,23,0,33,14,0,14,47
07/30/2018,BGM,NY,AEA,EN,Combined TRACON& Tower with Radar,0,8,7,0,15,0,0,12,0,12,0,8,19,0,27,4,0,4,31
07/31/2018,BGM,NY,AEA,EN,Combined TRACON& Tower with Radar,0,6,9,6,21,0,0,10,0,10,0,6,19,6,31,70,0,70,101
08/01/2018,BGM,NY,AEA,EN,Combined TRACON& Tower with Radar,0,9,15,6,30,0,0,5,0,5,0,9,20,6,35,2,11,13,48
08/02/2018,BGM,NY,AEA,EN,Combined TRACON& Tower with Radar,0,13,10,2,25,0,0,8,0,8,0,13,18,2,33,23,0,23,56
08/03/2018,BGM,NY,AEA,EN,Combined TRACON& Tower with Radar,0,13,10,0,23,0,0,1,0,1,0,13,11,0,24,0,0,0,24
08/04/2018,BGM,NY,AEA,EN,Combined TRACON& Tower with Radar,0,7,4,0,11,0,0,20,0,20,0,7,24,0,31,26,0,26,57
08/05/2018,BGM,NY,AEA,EN,Combined TRACON& Tower with Radar,0,9,17,0,26,0,0,29,0,29,0,9,46,0,55,46,0,46,101
08/06/2018,BGM,NY,AEA,EN,Combined TRACON& Tower with Radar,0,5,5,2,12,0,0,15,0,15,0,5,20,2,27,30,0,30,57
08/07/2018,BGM,NY,AEA,EN,Combined TRACON& Tower with Radar,0,6,8,0,14,0,0,6,0,6,0,6,14,0,20,0,0,0,20
08/08/2018,BGM,NY,AEA,EN,Combined TRACON& Tower with Radar,0,8,7,0,15,0,0,0,0,0,0,8,7,0,15,55,0,55,70
08/09/2018,BGM,NY,AEA,EN,Combined TRACON& Tower with Radar,0,10,13,0,23,0,0,19,2,21,0,10,32,2,44,73,0,73,117
08/10/2018,BGM,NY,AEA,EN,Combined TRACON& Tower with Radar,0,10,9,0,19,0,3,7,0,10,0,13,16,0,29,52,0,52,81
08/11/2018,BGM,NY,AEA,EN,Combined TRACON& Tower with Radar,0,6,2,0,8,0,0,0,0,0,0,6,2,0,8,0,0,0,8
08/12/2018,BGM,NY,AEA,EN,Combined TRACON& Tower with Radar,0,7,11,0,18,0,0,6,0,6,0,7,17,0,24,10,0,10,34
08/13/2018,BGM,NY,AEA,EN,Combined TRACON& Tower with Radar,0,8,3,0,11,0,0,0,0,0,0,8,3,0,11,0,0,0,11
08/14/2018,BGM,NY,AEA,EN,Combined TRACON& Tower with Radar,0,16,6,0,22,0,0,2,0,2,0,16,8,0,24,0,0,0,24
08/15/2018,BGM,NY,AEA,EN,Combined TRACON& Tower with Radar,0,14,12,0,26,0,0,29,0,29,0,14,41,0,55,31,0,31,86
08/16/2018,BGM,NY,AEA,EN,Combined TRACON& Tower with Radar,0,12,9,0,21,0,0,22,0,22,0,12,31,0,43,0,0,0,43
08/17/2018,BGM,NY,AEA,EN,Combined TRACON& Tower with Radar,0,8,6,0,14,0,0,0,0,0,0,8,6,0,14,12,0,12,26
08/18/2018,BGM,NY,AEA,EN,Combined TRACON& Tower with Radar,0,8,3,0,11,0,0,3,0,3,0,8,6,0,14,10,0,10,24
08/19/2018,BGM,NY,AEA,EN,Combined TRACON& Tower with Radar,0,9,20,0,29,0,0,14,0,14,0,9,34,0,43,63,0,63,106
08/20/2018,BGM,NY,AEA,EN,Combined TRACON& Tower with Radar,0,6,12,0,18,0,0,21,0,21,0,6,33,0,39,46,0,46,85
08/21/2018,BGM,NY,AEA,EN,Combined TRACON& Tower with Radar,0,11,16,0,27,0,0,0,0,0,0,11,16,0,27,0,0,0,27
08/22/2018,BGM,NY,AEA,EN,Combined TRACON& Tower with Radar,0,8,5,0,13,0,0,1,0,1,0,8,6,0,14,32,0,32,46
08/23/2018,BGM,NY,AEA,EN,Combined TRACON& Tower with Radar,0,11,11,0,22,0,2,23,0,25,0,13,34,0,47,38,0,38,85
08/24/2018,BGM,NY,AEA,EN,Combined TRACON& Tower with Radar,0,8,17,0,25,0,0,46,0,46,0,8,63,0,71,58,0,58,129
08/25/2018,BGM,NY,AEA,EN,Combined TRACON& Tower with Radar,0,5,10,0,15,0,0,31,0,31,0,5,41,0,46,28,0,28,74
08/26/2018,BGM,NY,AEA,EN,Combined TRACON& Tower with Radar,0,9,9,0,18,0,0,25,0,25,0,9,34,0,43,24,0,24,67
08/27/2018,BGM,NY,AEA,EN,Combined TRACON& Tower with Radar,0,6,8,2,16,0,1,11,0,12,0,7,19,2,28,20,0,20,48
08/28/2018,BGM,NY,AEA,EN,Combined TRACON& Tower with Radar,0,13,10,0,23,0,0,24,0,24,0,13,34,0,47,42,0,42,89
08/29/2018,BGM,NY,AEA,EN,Combined TRACON& Tower with Radar,0,12,12,3,27,0,0,19,1,20,0,12,31,4,47,48,0,48,95
08/30/2018,BGM,NY,AEA,EN,Combined TRACON& Tower with Radar,0,12,15,0,27,0,0,13,0,13,0,12,28,0,40,25,0,25,65
08/31/2018,BGM,NY,AEA,EN,Combined TRACON& Tower with Radar,0,11,14,0,25,0,0,0,0,0,0,11,14,0,25,0,0,0,25
09/01/2018,BGM,NY,AEA,EN,Combined TRACON& Tower with Radar,0,5,9,0,14,10,0,1,0,11,10,5,10,0,25,0,0,0,25
09/02/2018,BGM,NY,AEA,EN,Combined TRACON& Tower with Radar,0,7,7,0,14,0,0,7,0,7,0,7,14,0,21,0,0,0,21
09/03/2018,BGM,NY,AEA,EN,Combined TRACON& Tower with Radar,0,8,4,0,12,0,0,20,0,20,0,8,24,0,32,6,0,6,38
09/04/2018,BGM,NY,AEA,EN,Combined TRACON& Tower with Radar,0,8,4,0,12,0,0,19,0,19,0,8,23,0,31,20,0,20,51
09/05/2018,BGM,NY,AEA,EN,Combined TRACON& Tower with Radar,0,10,5,0,15,0,3,33,0,36,0,13,38,0,51,42,0,42,93
09/06/2018,BGM,NY,AEA,EN,Combined TRACON& Tower with Radar,0,12,11,0,23,0,0,7,0,7,0,12,18,0,30,42,0,42,72
09/07/2018,BGM,NY,AEA,EN,Combined TRACON& Tower with Radar,0,11,6,0,17,0,0,19,0,19,0,11,25,0,36,16,0,16,52
09/08/2018,BGM,NY,AEA,EN,Combined TRACON& Tower with Radar,0,5,6,0,11,0,0,15,0,15,0,5,21,0,26,13,0,13,39
09/09/2018,BGM,NY,AEA,EN,Combined TRACON& Tower with Radar,0,8,8,0,16,0,0,16,0,16,0,8,24,0,32,6,0,6,38
09/10/2018,BGM,NY,AEA,EN,Combined TRACON& Tower with Radar,0,7,0,0,7,0,0,2,0,2,0,7,2,0,9,0,0,0,9
09/11/2018,BGM,NY,AEA,EN,Combined TRACON& Tower with Radar,0,11,12,2,25,0,0,5,0,5,0,11,17,2,30,9,0,9,39
09/12/2018,BGM,NY,AEA,EN,Combined TRACON& Tower with Radar,0,8,10,0,18,0,0,8,0,8,0,8,18,0,26,26,0,26,52
09/13/2018,BGM,NY,AEA,EN,Combined TRACON& Tower with Radar,0,10,14,0,24,0,0,7,0,7,0,10,21,0,31,22,0,22,53
09/14/2018,BGM,NY,AEA,EN,Combined TRACON& Tower with Radar,0,11,6,5,22,0,0,10,0,10,0,11,16,5,32,20,0,20,52
09/15/2018,BGM,NY,AEA,EN,Combined TRACON& Tower with Radar,0,6,9,0,15,0,0,8,0,8,0,6,17,0,23,8,0,8,31
09/16/2018,BGM,NY,AEA,EN,Combined TRACON& Tower with Radar,0,7,4,0,11,0,0,23,0,23,0,7,27,0,34,14,0,14,48
09/17/2018,BGM,NY,AEA,EN,Combined TRACON& Tower with Radar,0,6,5,0,11,0,0,8,0,8,0,6,13,0,19,24,0,24,43
09/18/2018,BGM,NY,AEA,EN,Combined TRACON& Tower with Radar,0,10,15,0,25,0,0,11,0,11,0,10,26,0,36,41,0,41,77
09/19/2018,BGM,NY,AEA,EN,Combined TRACON& Tower with Radar,0,9,3,0,12,0,0,14,0,14,0,9,17,0,26,14,0,14,40
09/20/2018,BGM,NY,AEA,EN,Combined TRACON& Tower with Radar,0,9,15,0,24,0,0,10,0,10,0,9,25,0,34,14,0,14,48
09/21/2018,BGM,NY,AEA,EN,Combined TRACON& Tower with Radar,0,10,5,0,15,0,0,0,0,0,0,10,5,0,15,0,0,0,15
09/22/2018,BGM,NY,AEA,EN,Combined TRACON& Tower with Radar,0,4,17,1,22,0,0,13,1,14,0,4,30,2,36,12,0,12,48
09/23/2018,BGM,NY,AEA,EN,Combined TRACON& Tower with Radar,0,6,2,0,8,0,0,35,0,35,0,6,37,0,43,14,0,14,57
09/24/2018,BGM,NY,AEA,EN,Combined TRACON& Tower with Radar,0,6,15,0,21,0,0,10,0,10,0,6,25,0,31,23,0,23,54
09/25/2018,BGM,NY,AEA,EN,Combined TRACON& Tower with Radar,0,12,3,0,15,0,0,0,0,0,0,12,3,0,15,0,0,0,15
09/26/2018,BGM,NY,AEA,EN,Combined TRACON& Tower with Radar,0,9,5,2,16,0,0,0,0,0,0,9,5,2,16,0,0,0,16
09/27/2018,BGM,NY,AEA,EN,Combined TRACON& Tower with Radar,0,9,14,0,23,0,2,23,0,25,0,11,37,0,48,38,0,38,86
09/28/2018,BGM,NY,AEA,EN,Combined TRACON& Tower with Radar,0,10,12,0,22,0,0,4,0,4,0,10,16,0,26,40,0,40,66
09/29/2018,BGM,NY,AEA,EN,Combined TRACON& Tower with Radar,0,6,3,0,9,0,0,5,0,5,0,6,8,0,14,2,0,2,16
09/30/2018,BGM,NY,AEA,EN,Combined TRACON& Tower with Radar,0,6,8,0,14,0,0,10,0,10,0,6,18,0,24,1,0,1,25
10/01/2018,BGM,NY,AEA,EN,Combined TRACON& Tower with Radar,0,6,8,0,14,0,0,6,0,6,0,6,14,0,20,5,0,5,25
10/02/2018,BGM,NY,AEA,EN,Combined TRACON& Tower with Radar,0,8,4,0,12,0,0,1,0,1,0,8,5,0,13,0,0,0,13
10/03/2018,BGM,NY,AEA,EN,Combined TRACON& Tower with Radar,0,8,16,2,26,0,0,5,0,5,0,8,21,2,31,14,0,14,45
10/04/2018,BGM,NY,AEA,EN,Combined TRACON& Tower with Radar,0,10,13,0,23,0,0,5,0,5,0,10,18,0,28,28,0,28,56
10/05/2018,BGM,NY,AEA,EN,Combined TRACON& Tower with Radar,0,10,11,0,21,0,0,21,0,21,0,10,32,0,42,20,0,20,62
10/06/2018,BGM,NY,AEA,EN,Combined TRACON& Tower with Radar,0,4,4,0,8,0,0,0,0,0,0,4,4,0,8,0,0,0,8
10/07/2018,BGM,NY,AEA,EN,Combined TRACON& Tower with Radar,0,11,5,0,16,0,0,4,0,4,0,11,9,0,20,8,0,8,28
10/08/2018,BGM,NY,AEA,EN,Combined TRACON& Tower with Radar,0,10,2,0,12,0,0,1,0,1,0,10,3,0,13,0,0,0,13
10/09/2018,BGM,NY,AEA,EN,Combined TRACON& Tower with Radar,0,10,6,6,22,0,0,20,2,22,0,10,26,8,44,20,0,20,64
10/10/2018,BGM,NY,AEA,EN,Combined TRACON& Tower with Radar,0,9,10,0,19,0,0,16,0,16,0,9,26,0,35,20,0,20,55
10/11/2018,BGM,NY,AEA,EN,Combined TRACON& Tower with Radar,0,16,6,0,22,0,0,1,0,1,0,16,7,0,23,0,0,0,23
10/12/2018,BGM,NY,AEA,EN,Combined TRACON& Tower with Radar,0,8,8,1,17,0,1,5,1,7,0,9,13,2,24,0,0,0,24
10/13/2018,BGM,NY,AEA,EN,Combined TRACON& Tower with Radar,0,4,4,0,8,0,1,0,0,1,0,5,4,0,9,5,0,5,14
10/14/2018,BGM,NY,AEA,EN,Combined TRACON& Tower with Radar,0,6,8,0,14,0,0,33,0,33,0,6,41,0,47,20,0,20,67
10/15/2018,BGM,NY,AEA,EN,Combined TRACON& Tower with Radar,0,5,5,0,10,0,0,0,0,0,0,5,5,0,10,0,0,0,10
10/16/2018,BGM,NY,AEA,EN,Combined TRACON& Tower with Radar,0,10,6,0,16,0,0,29,0,29,0,10,35,0,45,28,0,28,73
10/17/2018,BGM,NY,AEA,EN,Combined TRACON& Tower with Radar,0,10,3,0,13,0,0,2,0,2,0,10,5,0,15,2,0,2,17
10/18/2018,BGM,NY,AEA,EN,Combined TRACON& Tower with Radar,0,10,9,0,19,0,0,9,0,9,0,10,18,0,28,0,0,0,28
10/19/2018,BGM,NY,AEA,EN,Combined TRACON& Tower with Radar,0,8,3,0,11,0,0,16,0,16,0,8,19,0,27,16,0,16,43
10/20/2018,BGM,NY,AEA,EN,Combined TRACON& Tower with Radar,0,4,0,0,4,0,0,0,0,0,0,4,0,0,4,0,0,0,4
10/21/2018,BGM,NY,AEA,EN,Combined TRACON& Tower with Radar,0,5,6,0,11,0,0,3,0,3,0,5,9,0,14,0,0,0,14
10/22/2018,BGM,NY,AEA,EN,Combined TRACON& Tower with Radar,0,6,7,0,13,0,0,15,0,15,0,6,22,0,28,32,0,32,60
10/23/2018,BGM,NY,AEA,EN,Combined TRACON& Tower with Radar,0,12,8,1,21,0,0,9,1,10,0,12,17,2,31,38,0,38,69
10/24/2018,BGM,NY,AEA,EN,Combined TRACON& Tower with Radar,0,8,4,0,12,0,0,0,0,0,0,8,4,0,12,0,0,0,12
10/25/2018,BGM,NY,AEA,EN,Combined TRACON& Tower with Radar,0,8,8,0,16,0,0,7,0,7,0,8,15,0,23,63,0,63,86
10/26/2018,BGM,NY,AEA,EN,Combined TRACON& Tower with Radar,0,8,3,0,11,0,0,27,0,27,0,8,30,0,38,24,0,24,62
10/27/2018,BGM,NY,AEA,EN,Combined TRACON& Tower with Radar,0,4,0,0,4,0,0,0,0,0,0,4,0,0,4,0,0,0,4
10/28/2018,BGM,NY,AEA,EN,Combined TRACON& Tower with Radar,0,7,6,0,13,0,0,2,0,2,0,7,8,0,15,4,0,4,19
10/29/2018,BGM,NY,AEA,EN,Combined TRACON& Tower with Radar,0,8,5,0,13,0,0,3,0,3,0,8,8,0,16,10,0,10,26
10/30/2018,BGM,NY,AEA,EN,Combined TRACON& Tower with Radar,0,9,10,0,19,0,0,20,2,22,0,9,30,2,41,34,0,34,75
10/31/2018,BGM,NY,AEA,EN,Combined TRACON& Tower with Radar,0,8,4,0,12,0,0,14,0,14,0,8,18,0,26,0,0,0,26
11/01/2018,BGM,NY,AEA,EN,Combined TRACON& Tower with Radar,0,10,8,0,18,0,0,0,0,0,0,10,8,0,18,0,0,0,18
11/02/2018,BGM,NY,AEA,EN,Combined TRACON& Tower with Radar,0,9,6,0,15,0,0,2,0,2,0,9,8,0,17,8,0,8,25
11/03/2018,BGM,NY,AEA,EN,Combined TRACON& Tower with Radar,0,6,2,0,8,0,0,0,0,0,0,6,2,0,8,0,0,0,8
11/04/2018,BGM,NY,AEA,EN,Combined TRACON& Tower with Radar,0,8,11,0,19,0,0,37,0,37,0,8,48,0,56,20,0,20,76
11/05/2018,BGM,NY,AEA,EN,Combined TRACON& Tower with Radar,0,6,7,0,13,0,0,2,0,2,0,6,9,0,15,0,0,0,15
11/06/2018,BGM,NY,AEA,EN,Combined TRACON& Tower with Radar,0,8,5,0,13,0,0,1,0,1,0,8,6,0,14,0,0,0,14
11/07/2018,BGM,NY,AEA,EN,Combined TRACON& Tower with Radar,0,8,2,0,10,0,0,14,3,17,0,8,16,3,27,18,0,18,45
11/08/2018,BGM,NY,AEA,EN,Combined TRACON& Tower with Radar,0,12,8,0,20,0,0,17,0,17,0,12,25,0,37,26,0,26,63
11/09/2018,BGM,NY,AEA,EN,Combined TRACON& Tower with Radar,0,9,0,0,9,0,0,0,0,0,0,9,0,0,9,10,0,10,19
11/10/2018,BGM,NY,AEA,EN,Combined TRACON& Tower with Radar,0,4,1,0,5,0,0,0,0,0,0,4,1,0,5,0,0,0,5
11/11/2018,BGM,NY,AEA,EN,Combined TRACON& Tower with Radar,0,6,2,0,8,0,0,25,0,25,0,6,27,0,33,4,0,4,37
11/12/2018,BGM,NY,AEA,EN,Combined TRACON& Tower with Radar,0,6,5,0,11,0,0,29,0,29,0,6,34,0,40,32,0,32,72
11/13/2018,BGM,NY,AEA,EN,Combined TRACON& Tower with Radar,0,13,7,0,20,0,0,0,0,0,0,13,7,0,20,0,0,0,20
11/14/2018,BGM,NY,AEA,EN,Combined TRACON& Tower with Radar,0,13,12,0,25,0,0,0,0,0,0,13,12,0,25,0,0,0,25
11/15/2018,BGM,NY,AEA,EN,Combined TRACON& Tower with Radar,0,8,8,0,16,0,0,3,2,5,0,8,11,2,21,0,0,0,21
11/16/2018,BGM,NY,AEA,EN,Combined TRACON& Tower with Radar,0,10,3,0,13,0,0,0,0,0,0,10,3,0,13,0,0,0,13
11/17/2018,BGM,NY,AEA,EN,Combined TRACON& Tower with Radar,0,4,5,0,9,0,0,4,0,4,0,4,9,0,13,1,0,1,14
11/18/2018,BGM,NY,AEA,EN,Combined TRACON& Tower with Radar,0,6,4,8,18,0,0,8,0,8,0,6,12,8,26,0,0,0,26
11/19/2018,BGM,NY,AEA,EN,Combined TRACON& Tower with Radar,0,6,5,0,11,0,0,0,0,0,0,6,5,0,11,0,0,0,11
11/20/2018,BGM,NY,AEA,EN,Combined TRACON& Tower with Radar,0,8,0,0,8,0,0,0,0,0,0,8,0,0,8,0,0,0,8
11/21/2018,BGM,NY,AEA,EN,Combined TRACON& Tower with Radar,0,14,2,0,16,0,0,3,0,3,0,14,5,0,19,12,0,12,31
11/22/2018,BGM,NY,AEA,EN,Combined TRACON& Tower with Radar,0,4,0,0,4,0,0,0,0,0,0,4,0,0,4,0,0,0,4
11/23/2018,BGM,NY,AEA,EN,Combined TRACON& Tower with Radar,0,4,2,0,6,0,0,14,0,14,0,4,16,0,20,6,0,6,26
11/24/2018,BGM,NY,AEA,EN,Combined TRACON& Tower with Radar,0,8,0,0,8,0,0,0,0,0,0,8,0,0,8,0,0,0,8
11/25/2018,BGM,NY,AEA,EN,Combined TRACON& Tower with Radar,0,8,7,0,15,0,0,6,0,6,0,8,13,0,21,8,0,8,29
11/26/2018,BGM,NY,AEA,EN,Combined TRACON& Tower with Radar,0,6,3,0,9,0,0,0,0,0,0,6,3,0,9,0,0,0,9
11/27/2018,BGM,NY,AEA,EN,Combined TRACON& Tower with Radar,0,10,0,0,10,0,0,0,0,0,0,10,0,0,10,0,0,0,10
11/28/2018,BGM,NY,AEA,EN,Combined TRACON& Tower with Radar,0,8,3,0,11,0,0,0,0,0,0,8,3,0,11,0,0,0,11
11/29/2018,BGM,NY,AEA,EN,Combined TRACON& Tower with Radar,0,8,7,2,17,0,0,3,0,3,0,8,10,2,20,0,0,0,20
11/30/2018,BGM,NY,AEA,EN,Combined TRACON& Tower with Radar,0,8,2,0,10,0,0,3,0,3,0,8,5,0,13,0,0,0,13
12/01/2018,BGM,NY,AEA,EN,Combined TRACON& Tower with Radar,0,2,1,0,3,0,0,0,0,0,0,2,1,0,3,8,0,8,11
12/02/2018,BGM,NY,AEA,EN,Combined TRACON& Tower with Radar,1,6,4,0,11,0,0,0,0,0,1,6,4,0,11,0,0,0,11
12/03/2018,BGM,NY,AEA,EN,Combined TRACON& Tower with Radar,1,4,7,0,12,0,0,0,0,0,1,4,7,0,12,8,0,8,20
12/04/2018,BGM,NY,AEA,EN,Combined TRACON& Tower with Radar,0,7,17,8,32,0,0,17,2,19,0,7,34,10,51,0,0,0,51
12/05/2018,BGM,NY,AEA,EN,Combined TRACON& Tower with Radar,0,9,18,0,27,0,0,19,0,19,0,9,37,0,46,39,0,39,85
12/06/2018,BGM,NY,AEA,EN,Combined TRACON& Tower with Radar,0,8,5,0,13,0,0,9,0,9,0,8,14,0,22,0,0,0,22
12/07/2018,BGM,NY,AEA,EN,Combined TRACON& Tower with Radar,0,13,3,0,16,0,1,0,0,1,0,14,3,0,17,0,0,0,17
12/08/2018,BGM,NY,AEA,EN,Combined TRACON& Tower with Radar,0,2,8,2,12,0,0,8,0,8,0,2,16,2,20,18,0,18,38
12/09/2018,BGM,NY,AEA,EN,Combined TRACON& Tower with Radar,0,4,3,0,7,0,0,32,0,32,0,4,35,0,39,14,0,14,53
12/10/2018,BGM,NY,AEA,EN,Combined TRACON& Tower with Radar,0,6,7,0,13,0,0,8,0,8,0,6,15,0,21,8,0,8,29
12/11/2018,BGM,NY,AEA,EN,Combined TRACON& Tower with Radar,0,9,2,0,11,0,0,4,0,4,0,9,6,0,15,4,0,4,19
12/12/2018,BGM,NY,AEA,EN,Combined TRACON& Tower with Radar,0,10,6,3,19,0,0,1,1,2,0,10,7,4,21,17,0,17,38
12/13/2018,BGM,NY,AEA,EN,Combined TRACON& Tower with Radar,0,11,4,0,15,0,0,15,0,15,0,11,19,0,30,0,0,0,30
12/14/2018,BGM,NY,AEA,EN,Combined TRACON& Tower with Radar,0,11,4,0,15,0,0,3,0,3,0,11,7,0,18,0,0,0,18
12/15/2018,BGM,NY,AEA,EN,Combined TRACON& Tower with Radar,0,4,4,0,8,0,0,10,0,10,0,4,14,0,18,86,0,86,104
12/16/2018,BGM,NY,AEA,EN,Combined TRACON& Tower with Radar,0,4,0,0,4,0,0,0,0,0,0,4,0,0,4,0,0,0,4
12/17/2018,BGM,NY,AEA,EN,Combined TRACON& Tower with Radar,0,4,4,2,10,0,0,0,0,0,0,4,4,2,10,0,0,0,10
12/18/2018,BGM,NY,AEA,EN,Combined TRACON& Tower with Radar,0,11,4,0,15,0,0,4,0,4,0,11,8,0,19,4,0,4,23
12/19/2018,BGM,NY,AEA,EN,Combined TRACON& Tower with Radar,0,9,10,1,20,0,2,47,5,54,0,11,57,6,74,21,0,21,95
12/20/2018,BGM,NY,AEA,EN,Combined TRACON& Tower with Radar,0,11,9,0,20,0,0,14,0,14,0,11,23,0,34,12,0,12,46
12/21/2018,BGM,NY,AEA,EN,Combined TRACON& Tower with Radar,2,13,9,0,24,0,0,0,0,0,2,13,9,0,24,0,0,0,24
12/22/2018,BGM,NY,AEA,EN,Combined TRACON& Tower with Radar,0,3,1,0,4,0,0,0,0,0,0,3,1,0,4,0,0,0,4
12/23/2018,BGM,NY,AEA,EN,Combined TRACON& Tower with Radar,0,6,0,0,6,0,0,2,0,2,0,6,2,0,8,0,0,0,8
12/24/2018,BGM,NY,AEA,EN,Combined TRACON& Tower with Radar,0,2,0,0,2,0,0,0,0,0,0,2,0,0,2,0,0,0,2
12/25/2018,BGM,NY,AEA,EN,Combined TRACON& Tower with Radar,0,2,0,0,2,0,0,0,0,0,0,2,0,0,2,0,0,0,2
12/26/2018,BGM,NY,AEA,EN,Combined TRACON& Tower with Radar,0,10,0,0,10,0,0,5,0,5,0,10,5,0,15,6,0,6,21
12/27/2018,BGM,NY,AEA,EN,Combined TRACON& Tower with Radar,0,8,2,0,10,0,0,31,2,33,0,8,33,2,43,30,0,30,73
12/28/2018,BGM,NY,AEA,EN,Combined TRACON& Tower with Radar,0,10,2,0,12,0,0,0,0,0,0,10,2,0,12,0,0,0,12
12/29/2018,BGM,NY,AEA,EN,Combined TRACON& Tower with Radar,0,4,2,0,6,0,0,0,0,0,0,4,2,0,6,6,0,6,12
12/30/2018,BGM,NY,AEA,EN,Combined TRACON& Tower with Radar,0,10,2,0,12,0,0,9,0,9,0,10,11,0,21,2,0,2,23
12/31/2018,BGM,NY,AEA,EN,Combined TRACON& Tower with Radar,0,5,2,0,7,0,0,6,0,6,0,5,8,0,13,0,0,0,13
01/01/2019,BGM,NY,AEA,EN,Combined TRACON& Tower with Radar,0,4,3,0,7,0,0,0,0,0,0,4,3,0,7,0,0,0,7
01/02/2019,BGM,NY,AEA,EN,Combined TRACON& Tower with Radar,0,12,4,0,16,0,0,16,1,17,0,12,20,1,33,54,0,54,87
01/03/2019,BGM,NY,AEA,EN,Combined TRACON& Tower with Radar,0,9,0,0,9,0,0,0,0,0,0,9,0,0,9,16,0,16,25
01/04/2019,BGM,NY,AEA,EN,Combined TRACON& Tower with Radar,0,8,18,0,26,0,0,38,0,38,0,8,56,0,64,4,0,4,68
01/05/2019,BGM,NY,AEA,EN,Combined TRACON& Tower with Radar,0,2,4,0,6,0,0,10,0,10,0,2,14,0,16,18,0,18,34
01/06/2019,BGM,NY,AEA,EN,Combined TRACON& Tower with Radar,0,6,0,0,6,0,0,0,0,0,0,6,0,0,6,0,0,0,6
01/07/2019,BGM,NY,AEA,EN,Combined TRACON& Tower with Radar,0,5,1,1,7,0,1,8,1,10,0,6,9,2,17,10,0,10,27
01/08/2019,BGM,NY,AEA,EN,Combined TRACON& Tower with Radar,2,9,3,4,18,0,0,2,1,3,2,9,5,5,21,0,0,0,21
01/09/2019,BGM,NY,AEA,EN,Combined TRACON& Tower with Radar,0,6,1,1,8,0,0,0,1,1,0,6,1,2,9,0,0,0,9
01/10/2019,BGM,NY,AEA,EN,Combined TRACON& Tower with Radar,0,6,0,0,6,0,0,0,0,0,0,6,0,0,6,0,0,0,6
01/11/2019,BGM,NY,AEA,EN,Combined TRACON& Tower with Radar,0,6,6,0,12,0,0,2,0,2,0,6,8,0,14,4,0,4,18
01/12/2019,BGM,NY,AEA,EN,Combined TRACON& Tower with Radar,0,3,3,0,6,0,0,14,0,14,0,3,17,0,20,6,0,6,26
01/13/2019,BGM,NY,AEA,EN,Combined TRACON& Tower with Radar,0,7,8,0,15,0,0,31,0,31,0,7,39,0,46,0,0,0,46
01/14/2019,BGM,NY,AEA,EN,Combined TRACON& Tower with Radar,0,6,10,0,16,0,0,6,0,6,0,6,16,0,22,0,0,0,22
01/15/2019,BGM,NY,AEA,EN,Combined TRACON& Tower with Radar,0,6,7,0,13,0,0,4,0,4,0,6,11,0,17,48,0,48,65
01/16/2019,BGM,NY,AEA,EN,Combined TRACON& Tower with Radar,0,5,5,0,10,0,0,1,0,1,0,5,6,0,11,2,0,2,13
01/17/2019,BGM,NY,AEA,EN,Combined TRACON& Tower with Radar,0,5,5,0,10,0,0,22,0,22,0,5,27,0,32,14,0,14,46
01/18/2019,BGM,NY,AEA,EN,Combined TRACON& Tower with Radar,0,10,3,0,13,0,0,0,0,0,0,10,3,0,13,4,0,4,17
01/19/2019,BGM,NY,AEA,EN,Combined TRACON& Tower with Radar,0,4,0,0,4,0,0,0,0,0,0,4,0,0,4,0,0,0,4
01/20/2019,BGM,NY,AEA,EN,Combined TRACON& Tower with Radar,0,0,0,0,0,0,0,0,0,0,0,0,0,0,0,0,0,0,0
01/21/2019,BGM,NY,AEA,EN,Combined TRACON& Tower with Radar,0,0,2,0,2,0,0,0,0,0,0,0,2,0,2,0,0,0,2
01/22/2019,BGM,NY,AEA,EN,Combined TRACON& Tower with Radar,0,4,8,3,15,0,0,11,2,13,0,4,19,5,28,0,0,0,28
01/23/2019,BGM,NY,AEA,EN,Combined TRACON& Tower with Radar,0,8,3,0,11,0,0,0,0,0,0,8,3,0,11,6,0,6,17
01/24/2019,BGM,NY,AEA,EN,Combined TRACON& Tower with Radar,0,9,1,0,10,0,0,0,0,0,0,9,1,0,10,0,0,0,10
01/25/2019,BGM,NY,AEA,EN,Combined TRACON& Tower with Radar,0,7,2,0,9,0,0,3,0,3,0,7,5,0,12,0,0,0,12
01/26/2019,BGM,NY,AEA,EN,Combined TRACON& Tower with Radar,0,6,4,0,10,0,0,14,0,14,0,6,18,0,24,10,0,10,34
01/27/2019,BGM,NY,AEA,EN,Combined TRACON& Tower with Radar,0,5,1,0,6,0,0,1,0,1,0,5,2,0,7,0,0,0,7
01/28/2019,BGM,NY,AEA,EN,Combined TRACON& Tower with Radar,0,3,8,2,13,0,0,10,2,12,0,3,18,4,25,17,0,17,42
01/29/2019,BGM,NY,AEA,EN,Combined TRACON& Tower with Radar,0,6,2,0,8,0,0,0,0,0,0,6,2,0,8,0,0,0,8
01/30/2019,BGM,NY,AEA,EN,Combined TRACON& Tower with Radar,0,6,5,0,11,0,1,0,0,1,0,7,5,0,12,0,0,0,12
01/31/2019,BGM,NY,AEA,EN,Combined TRACON& Tower with Radar,0,3,0,0,3,0,0,6,0,6,0,3,6,0,9,10,0,10,19
02/01/2019,BGM,NY,AEA,EN,Combined TRACON& Tower with Radar,0,6,6,0,12,0,1,19,2,22,0,7,25,2,34,16,0,16,50
02/02/2019,BGM,NY,AEA,EN,Combined TRACON& Tower with Radar,0,2,2,0,4,0,0,13,0,13,0,2,15,0,17,22,0,22,39
02/03/2019,BGM,NY,AEA,EN,Combined TRACON& Tower with Radar,0,3,5,0,8,0,0,10,0,10,0,3,15,0,18,0,0,0,18
02/04/2019,BGM,NY,AEA,EN,Combined TRACON& Tower with Radar,0,4,5,0,9,0,0,14,0,14,0,4,19,0,23,20,0,20,43
02/05/2019,BGM,NY,AEA,EN,Combined TRACON& Tower with Radar,0,6,8,0,14,0,0,9,0,9,0,6,17,0,23,8,0,8,31
02/06/2019,BGM,NY,AEA,EN,Combined TRACON& Tower with Radar,0,8,5,0,13,0,0,8,0,8,0,8,13,0,21,33,0,33,54
02/07/2019,BGM,NY,AEA,EN,Combined TRACON& Tower with Radar,0,4,4,0,8,0,0,1,0,1,0,4,5,0,9,0,0,0,9
02/08/2019,BGM,NY,AEA,EN,Combined TRACON& Tower with Radar,0,6,6,0,12,0,0,0,0,0,0,6,6,0,12,8,0,8,20
02/09/2019,BGM,NY,AEA,EN,Combined TRACON& Tower with Radar,0,2,0,0,2,0,0,3,0,3,0,2,3,0,5,0,0,0,5
02/10/2019,BGM,NY,AEA,EN,Combined TRACON& Tower with Radar,0,4,4,0,8,0,0,36,1,37,0,4,40,1,45,58,0,58,103
02/11/2019,BGM,NY,AEA,EN,Combined TRACON& Tower with Radar,0,5,5,0,10,0,0,6,0,6,0,5,11,0,16,26,0,26,42
02/12/2019,BGM,NY,AEA,EN,Combined TRACON& Tower with Radar,0,6,4,0,10,0,0,0,0,0,0,6,4,0,10,0,0,0,10
02/13/2019,BGM,NY,AEA,EN,Combined TRACON& Tower with Radar,0,10,1,0,11,0,0,0,0,0,0,10,1,0,11,0,0,0,11
02/14/2019,BGM,NY,AEA,EN,Combined TRACON& Tower with Radar,0,9,4,0,13,0,0,8,0,8,0,9,12,0,21,46,0,46,67
02/15/2019,BGM,NY,AEA,EN,Combined TRACON& Tower with Radar,0,6,5,0,11,0,0,3,0,3,0,6,8,0,14,9,0,9,23
02/16/2019,BGM,NY,AEA,EN,Combined TRACON& Tower with Radar,0,3,5,0,8,0,0,4,0,4,0,3,9,0,12,0,0,0,12
02/17/2019,BGM,NY,AEA,EN,Combined TRACON& Tower with Radar,0,4,8,0,12,0,0,19,0,19,0,4,27,0,31,25,0,25,56
02/18/2019,BGM,NY,AEA,EN,Combined TRACON& Tower with Radar,0,6,4,0,10,0,0,0,0,0,0,6,4,0,10,0,0,0,10
02/19/2019,BGM,NY,AEA,EN,Combined TRACON& Tower with Radar,0,8,15,0,23,0,2,8,0,10,0,10,23,0,33,10,0,10,43
02/20/2019,BGM,NY,AEA,EN,Combined TRACON& Tower with Radar,0,3,3,0,6,0,0,5,0,5,0,3,8,0,11,4,0,4,15
02/21/2019,BGM,NY,AEA,EN,Combined TRACON& Tower with Radar,0,6,5,0,11,0,0,12,0,12,0,6,17,0,23,6,0,6,29
02/22/2019,BGM,NY,AEA,EN,Combined TRACON& Tower with Radar,0,6,6,0,12,0,0,18,0,18,0,6,24,0,30,46,0,46,76
02/23/2019,BGM,NY,AEA,EN,Combined TRACON& Tower with Radar,0,2,4,0,6,0,0,25,0,25,0,2,29,0,31,24,0,24,55
02/24/2019,BGM,NY,AEA,EN,Combined TRACON& Tower with Radar,0,3,6,0,9,0,0,0,0,0,0,3,6,0,9,0,0,0,9
02/25/2019,BGM,NY,AEA,EN,Combined TRACON& Tower with Radar,0,4,1,0,5,0,0,2,0,2,0,4,3,0,7,0,0,0,7
02/26/2019,BGM,NY,AEA,EN,Combined TRACON& Tower with Radar,0,7,7,0,14,0,0,5,0,5,0,7,12,0,19,14,0,14,33
02/27/2019,BGM,NY,AEA,EN,Combined TRACON& Tower with Radar,0,5,7,0,12,0,0,0,0,0,0,5,7,0,12,0,0,0,12
02/28/2019,BGM,NY,AEA,EN,Combined TRACON& Tower with Radar,0,7,10,4,21,0,0,11,1,12,0,7,21,5,33,28,0,28,61
03/01/2019,BGM,NY,AEA,EN,Combined TRACON& Tower with Radar,0,4,11,0,15,0,0,25,0,25,0,4,36,0,40,46,0,46,86
03/02/2019,BGM,NY,AEA,EN,Combined TRACON& Tower with Radar,0,6,2,0,8,0,0,2,0,2,0,6,4,0,10,24,0,24,34
03/03/2019,BGM,NY,AEA,EN,Combined TRACON& Tower with Radar,0,6,3,0,9,0,0,1,0,1,0,6,4,0,10,14,0,14,24
03/04/2019,BGM,NY,AEA,EN,Combined TRACON& Tower with Radar,0,5,3,0,8,0,0,0,0,0,0,5,3,0,8,6,0,6,14
03/05/2019,BGM,NY,AEA,EN,Combined TRACON& Tower with Radar,0,10,5,0,15,0,0,4,0,4,0,10,9,0,19,20,0,20,39
03/06/2019,BGM,NY,AEA,EN,Combined TRACON& Tower with Radar,0,10,10,0,20,0,0,0,0,0,0,10,10,0,20,0,0,0,20
03/07/2019,BGM,NY,AEA,EN,Combined TRACON& Tower with Radar,0,8,2,0,10,0,0,2,0,2,0,8,4,0,12,6,0,6,18
03/08/2019,BGM,NY,AEA,EN,Combined TRACON& Tower with Radar,0,10,7,0,17,0,0,21,0,21,0,10,28,0,38,16,0,16,54
03/09/2019,BGM,NY,AEA,EN,Combined TRACON& Tower with Radar,0,6,7,0,13,0,0,42,0,42,0,6,49,0,55,26,0,26,81
03/10/2019,BGM,NY,AEA,EN,Combined TRACON& Tower with Radar,0,6,0,0,6,0,0,0,0,0,0,6,0,0,6,0,0,0,6
03/11/2019,BGM,NY,AEA,EN,Combined TRACON& Tower with Radar,0,6,3,1,10,0,1,4,1,6,0,7,7,2,16,8,0,8,24
03/12/2019,BGM,NY,AEA,EN,Combined TRACON& Tower with Radar,0,12,2,0,14,0,0,4,0,4,0,12,6,0,18,0,0,0,18
03/13/2019,BGM,NY,AEA,EN,Combined TRACON& Tower with Radar,0,10,15,2,27,0,0,15,0,15,0,10,30,2,42,52,0,52,94
03/14/2019,BGM,NY,AEA,EN,Combined TRACON& Tower with Radar,0,14,4,0,18,0,0,22,0,22,0,14,26,0,40,8,0,8,48
03/15/2019,BGM,NY,AEA,EN,Combined TRACON& Tower with Radar,0,8,3,1,12,0,0,8,0,8,0,8,11,1,20,0,0,0,20
03/16/2019,BGM,NY,AEA,EN,Combined TRACON& Tower with Radar,0,4,2,0,6,0,0,2,0,2,0,4,4,0,8,0,0,0,8
03/17/2019,BGM,NY,AEA,EN,Combined TRACON& Tower with Radar,0,8,2,0,10,0,0,6,0,6,0,8,8,0,16,0,0,0,16
03/18/2019,BGM,NY,AEA,EN,Combined TRACON& Tower with Radar,0,6,11,0,17,0,0,10,0,10,0,6,21,0,27,10,0,10,37
03/19/2019,BGM,NY,AEA,EN,Combined TRACON& Tower with Radar,0,8,18,3,29,0,0,21,3,24,0,8,39,6,53,6,0,6,59
03/20/2019,BGM,NY,AEA,EN,Combined TRACON& Tower with Radar,0,8,6,8,22,0,0,27,4,31,0,8,33,12,53,37,0,37,90
03/21/2019,BGM,NY,AEA,EN,Combined TRACON& Tower with Radar,0,12,6,0,18,0,0,1,0,1,0,12,7,0,19,0,0,0,19
03/22/2019,BGM,NY,AEA,EN,Combined TRACON& Tower with Radar,0,8,2,0,10,0,0,0,0,0,0,8,2,0,10,0,0,0,10
03/23/2019,BGM,NY,AEA,EN,Combined TRACON& Tower with Radar,0,4,5,0,9,0,0,4,6,10,0,4,9,6,19,8,0,8,27
03/24/2019,BGM,NY,AEA,EN,Combined TRACON& Tower with Radar,0,7,1,0,8,0,0,24,0,24,0,7,25,0,32,10,0,10,42
03/25/2019,BGM,NY,AEA,EN,Combined TRACON& Tower with Radar,0,7,8,0,15,0,0,15,0,15,0,7,23,0,30,0,0,0,30
03/26/2019,BGM,NY,AEA,EN,Combined TRACON& Tower with Radar,0,8,5,7,20,0,0,20,1,21,0,8,25,8,41,16,25,41,82
03/27/2019,BGM,NY,AEA,EN,Combined TRACON& Tower with Radar,0,8,8,4,20,0,1,21,5,27,0,9,29,9,47,33,0,33,80
03/28/2019,BGM,NY,AEA,EN,Combined TRACON& Tower with Radar,0,8,5,0,13,0,0,10,0,10,0,8,15,0,23,32,0,32,55
03/29/2019,BGM,NY,AEA,EN,Combined TRACON& Tower with Radar,0,9,17,0,26,0,0,0,0,0,0,9,17,0,26,0,0,0,26
03/30/2019,BGM,NY,AEA,EN,Combined TRACON& Tower with Radar,0,5,3,0,8,0,0,3,0,3,0,5,6,0,11,16,0,16,27
03/31/2019,BGM,NY,AEA,EN,Combined TRACON& Tower with Radar,0,8,3,0,11,0,0,0,0,0,0,8,3,0,11,0,0,0,11
04/01/2019,BGM,NY,AEA,EN,Combined TRACON& Tower with Radar,0,6,2,0,8,0,0,2,0,2,0,6,4,0,10,0,0,0,10
04/02/2019,BGM,NY,AEA,EN,Combined TRACON& Tower with Radar,0,8,10,0,18,0,0,10,0,10,0,8,20,0,28,6,0,6,34
04/03/2019,BGM,NY,AEA,EN,Combined TRACON& Tower with Radar,0,8,6,0,14,0,0,2,0,2,0,8,8,0,16,22,0,22,38
04/04/2019,BGM,NY,AEA,EN,Combined TRACON& Tower with Radar,0,10,7,6,23,0,0,15,0,15,0,10,22,6,38,38,0,38,76
04/05/2019,BGM,NY,AEA,EN,Combined TRACON& Tower with Radar,0,8,8,0,16,0,0,0,0,0,0,8,8,0,16,0,0,0,16
04/06/2019,BGM,NY,AEA,EN,Combined TRACON& Tower with Radar,0,6,10,0,16,0,0,4,0,4,0,6,14,0,20,26,0,26,46
04/07/2019,BGM,NY,AEA,EN,Combined TRACON& Tower with Radar,0,8,8,0,16,0,1,16,0,17,0,9,24,0,33,8,0,8,41
04/08/2019,BGM,NY,AEA,EN,Combined TRACON& Tower with Radar,0,13,8,0,21,0,0,1,0,1,0,13,9,0,22,0,0,0,22
04/09/2019,BGM,NY,AEA,EN,Combined TRACON& Tower with Radar,0,11,3,0,14,0,0,3,0,3,0,11,6,0,17,0,0,0,17
04/10/2019,BGM,NY,AEA,EN,Combined TRACON& Tower with Radar,0,9,4,2,15,0,0,5,2,7,0,9,9,4,22,8,0,8,30
04/11/2019,BGM,NY,AEA,EN,Combined TRACON& Tower with Radar,0,10,6,0,16,0,2,11,0,13,0,12,17,0,29,26,0,26,55
04/12/2019,BGM,NY,AEA,EN,Combined TRACON& Tower with Radar,0,13,9,0,22,0,0,5,0,5,0,13,14,0,27,0,0,0,27
04/13/2019,BGM,NY,AEA,EN,Combined TRACON& Tower with Radar,0,5,1,0,6,0,0,14,0,14,0,5,15,0,20,14,0,14,34
04/14/2019,BGM,NY,AEA,EN,Combined TRACON& Tower with Radar,0,6,2,0,8,0,0,1,0,1,0,6,3,0,9,0,0,0,9
04/15/2019,BGM,NY,AEA,EN,Combined TRACON& Tower with Radar,0,7,0,0,7,0,0,0,0,0,0,7,0,0,7,0,0,0,7
04/16/2019,BGM,NY,AEA,EN,Combined TRACON& Tower with Radar,0,9,6,0,15,0,0,17,0,17,0,9,23,0,32,8,0,8,40
04/17/2019,BGM,NY,AEA,EN,Combined TRACON& Tower with Radar,0,6,11,0,17,0,0,28,0,28,0,6,39,0,45,23,0,23,68
04/18/2019,BGM,NY,AEA,EN,Combined TRACON& Tower with Radar,0,8,12,0,20,0,0,2,0,2,0,8,14,0,22,0,0,0,22
04/19/2019,BGM,NY,AEA,EN,Combined TRACON& Tower with Radar,0,10,5,0,15,0,0,0,0,0,0,10,5,0,15,0,0,0,15
04/20/2019,BGM,NY,AEA,EN,Combined TRACON& Tower with Radar,0,4,7,0,11,0,0,7,0,7,0,4,14,0,18,2,0,2,20
04/21/2019,BGM,NY,AEA,EN,Combined TRACON& Tower with Radar,0,6,4,0,10,0,0,10,0,10,0,6,14,0,20,2,0,2,22
04/22/2019,BGM,NY,AEA,EN,Combined TRACON& Tower with Radar,2,6,7,3,18,0,0,24,2,26,2,6,31,5,44,0,0,0,44
04/23/2019,BGM,NY,AEA,EN,Combined TRACON& Tower with Radar,0,14,12,0,26,0,0,20,0,20,0,14,32,0,46,38,0,38,84
04/24/2019,BGM,NY,AEA,EN,Combined TRACON& Tower with Radar,0,9,8,0,17,0,1,6,0,7,0,10,14,0,24,12,0,12,36
04/25/2019,BGM,NY,AEA,EN,Combined TRACON& Tower with Radar,0,11,13,0,24,0,0,46,0,46,0,11,59,0,70,14,0,14,84
04/26/2019,BGM,NY,AEA,EN,Combined TRACON& Tower with Radar,0,13,5,0,18,0,0,0,0,0,0,13,5,0,18,0,0,0,18
04/27/2019,BGM,NY,AEA,EN,Combined TRACON& Tower with Radar,0,4,0,0,4,0,0,0,0,0,0,4,0,0,4,0,0,0,4
04/28/2019,BGM,NY,AEA,EN,Combined TRACON& Tower with Radar,0,9,7,0,16,0,0,1,0,1,0,9,8,0,17,0,0,0,17
04/29/2019,BGM,NY,AEA,EN,Combined TRACON& Tower with Radar,0,7,7,0,14,0,0,13,0,13,0,7,20,0,27,50,0,50,77
04/30/2019,BGM,NY,AEA,EN,Combined TRACON& Tower with Radar,0,9,9,2,20,0,0,5,0,5,0,9,14,2,25,40,0,40,65
05/01/2019,BGM,NY,AEA,EN,Combined TRACON& Tower with Radar,0,11,5,0,16,0,2,3,0,5,0,13,8,0,21,6,0,6,27
05/02/2019,BGM,NY,AEA,EN,Combined TRACON& Tower with Radar,0,9,11,7,27,0,0,0,0,0,0,9,11,7,27,52,0,52,79
05/03/2019,BGM,NY,AEA,EN,Combined TRACON& Tower with Radar,0,13,7,3,23,0,0,0,0,0,0,13,7,3,23,0,0,0,23
05/04/2019,BGM,NY,AEA,EN,Combined TRACON& Tower with Radar,0,5,18,0,23,0,0,3,0,3,0,5,21,0,26,0,0,0,26
05/05/2019,BGM,NY,AEA,EN,Combined TRACON& Tower with Radar,0,12,3,0,15,0,0,0,0,0,0,12,3,0,15,0,0,0,15
05/06/2019,BGM,NY,AEA,EN,Combined TRACON& Tower with Radar,0,6,16,8,30,0,0,20,0,20,0,6,36,8,50,34,0,34,84
05/07/2019,BGM,NY,AEA,EN,Combined TRACON& Tower with Radar,0,10,7,0,17,0,0,10,0,10,0,10,17,0,27,40,0,40,67
05/08/2019,BGM,NY,AEA,EN,Combined TRACON& Tower with Radar,0,8,5,0,13,0,0,22,0,22,0,8,27,0,35,22,0,22,57
05/09/2019,BGM,NY,AEA,EN,Combined TRACON& Tower with Radar,0,8,8,0,16,0,0,14,0,14,0,8,22,0,30,0,0,0,30
05/10/2019,BGM,NY,AEA,EN,Combined TRACON& Tower with Radar,0,10,9,0,19,0,0,9,0,9,0,10,18,0,28,6,0,6,34
05/11/2019,BGM,NY,AEA,EN,Combined TRACON& Tower with Radar,0,4,6,0,10,0,0,28,0,28,0,4,34,0,38,44,0,44,82
05/12/2019,BGM,NY,AEA,EN,Combined TRACON& Tower with Radar,0,6,3,0,9,0,0,0,0,0,0,6,3,0,9,0,0,0,9
05/13/2019,BGM,NY,AEA,EN,Combined TRACON& Tower with Radar,0,7,10,0,17,0,0,0,0,0,0,7,10,0,17,0,0,0,17
05/14/2019,BGM,NY,AEA,EN,Combined TRACON& Tower with Radar,0,10,9,0,19,0,0,0,0,0,0,10,9,0,19,0,0,0,19
05/15/2019,BGM,NY,AEA,EN,Combined TRACON& Tower with Radar,0,13,5,0,18,0,0,17,1,18,0,13,22,1,36,22,0,22,58
05/16/2019,BGM,NY,AEA,EN,Combined TRACON& Tower with Radar,0,8,14,0,22,0,0,23,0,23,0,8,37,0,45,36,0,36,81
05/17/2019,BGM,NY,AEA,EN,Combined TRACON& Tower with Radar,0,8,16,0,24,0,0,11,0,11,0,8,27,0,35,14,0,14,49
05/18/2019,BGM,NY,AEA,EN,Combined TRACON& Tower with Radar,0,5,3,0,8,0,0,44,0,44,0,5,47,0,52,22,0,22,74
05/19/2019,BGM,NY,AEA,EN,Combined TRACON& Tower with Radar,0,8,3,0,11,0,0,15,0,15,0,8,18,0,26,4,0,4,30
05/20/2019,BGM,NY,AEA,EN,Combined TRACON& Tower with Radar,0,6,15,0,21,0,0,6,0,6,0,6,21,0,27,18,0,18,45
05/21/2019,BGM,NY,AEA,EN,Combined TRACON& Tower with Radar,0,11,7,9,27,0,0,11,0,11,0,11,18,9,38,0,0,0,38
05/22/2019,BGM,NY,AEA,EN,Combined TRACON& Tower with Radar,0,9,11,0,20,0,0,40,0,40,0,9,51,0,60,45,0,45,105
05/23/2019,BGM,NY,AEA,EN,Combined TRACON& Tower with Radar,0,20,9,0,29,0,2,4,2,8,0,22,13,2,37,2,0,2,39
05/24/2019,BGM,NY,AEA,EN,Combined TRACON& Tower with Radar,0,10,7,0,17,0,0,13,0,13,0,10,20,0,30,32,0,32,62
05/25/2019,BGM,NY,AEA,EN,Combined TRACON& Tower with Radar,0,4,6,0,10,0,0,17,0,17,0,4,23,0,27,28,0,28,55
05/26/2019,BGM,NY,AEA,EN,Combined TRACON& Tower with Radar,0,6,8,0,14,0,0,2,0,2,0,6,10,0,16,0,0,0,16
05/27/2019,BGM,NY,AEA,EN,Combined TRACON& Tower with Radar,0,8,8,0,16,0,0,22,0,22,0,8,30,0,38,18,0,18,56
05/28/2019,BGM,NY,AEA,EN,Combined TRACON& Tower with Radar,0,14,8,0,22,0,0,0,0,0,0,14,8,0,22,0,0,0,22
05/29/2019,BGM,NY,AEA,EN,Combined TRACON& Tower with Radar,0,13,10,0,23,0,0,4,0,4,0,13,14,0,27,0,0,0,27
05/30/2019,BGM,NY,AEA,EN,Combined TRACON& Tower with Radar,0,9,6,0,15,0,0,5,0,5,0,9,11,0,20,28,0,28,48
05/31/2019,BGM,NY,AEA,EN,Combined TRACON& Tower with Radar,0,10,12,0,22,0,0,19,0,19,0,10,31,0,41,44,0,44,85
06/01/2019,BGM,NY,AEA,EN,Combined TRACON& Tower with Radar,0,3,8,0,11,0,0,24,0,24,0,3,32,0,35,75,0,75,110
06/02/2019,BGM,NY,AEA,EN,Combined TRACON& Tower with Radar,0,6,7,0,13,0,0,7,0,7,0,6,14,0,20,10,0,10,30
06/03/2019,BGM,NY,AEA,EN,Combined TRACON& Tower with Radar,0,7,18,0,25,0,0,8,0,8,0,7,26,0,33,4,0,4,37
06/04/2019,BGM,NY,AEA,EN,Combined TRACON& Tower with Radar,0,12,11,2,25,0,2,5,6,13,0,14,16,8,38,30,0,30,68
06/05/2019,BGM,NY,AEA,EN,Combined TRACON& Tower with Radar,0,11,4,8,23,0,0,12,0,12,0,11,16,8,35,25,0,25,60
06/06/2019,BGM,NY,AEA,EN,Combined TRACON& Tower with Radar,0,15,11,4,30,0,0,13,0,13,0,15,24,4,43,38,0,38,81
06/07/2019,BGM,NY,AEA,EN,Combined TRACON& Tower with Radar,0,9,11,0,20,0,0,29,0,29,0,9,40,0,49,56,0,56,105
06/08/2019,BGM,NY,AEA,EN,Combined TRACON& Tower with Radar,0,4,3,0,7,0,0,51,0,51,0,4,54,0,58,32,0,32,90
06/09/2019,BGM,NY,AEA,EN,Combined TRACON& Tower with Radar,0,4,10,0,14,0,0,25,0,25,0,4,35,0,39,31,0,31,70
06/10/2019,BGM,NY,AEA,EN,Combined TRACON& Tower with Radar,0,5,5,0,10,0,0,0,0,0,0,5,5,0,10,0,0,0,10
06/11/2019,BGM,NY,AEA,EN,Combined TRACON& Tower with Radar,2,10,8,4,24,0,0,7,4,11,2,10,15,8,35,6,0,6,41
06/12/2019,BGM,NY,AEA,EN,Combined TRACON& Tower with Radar,0,10,5,0,15,0,0,26,0,26,0,10,31,0,41,20,0,20,61
06/13/2019,BGM,NY,AEA,EN,Combined TRACON& Tower with Radar,0,8,1,6,15,0,0,0,0,0,0,8,1,6,15,0,0,0,15
06/14/2019,BGM,NY,AEA,EN,Combined TRACON& Tower with Radar,0,10,12,0,22,0,0,17,0,17,0,10,29,0,39,8,0,8,47
06/15/2019,BGM,NY,AEA,EN,Combined TRACON& Tower with Radar,0,4,1,0,5,0,0,3,0,3,0,4,4,0,8,0,0,0,8
06/16/2019,BGM,NY,AEA,EN,Combined TRACON& Tower with Radar,0,6,2,0,8,0,0,0,0,0,0,6,2,0,8,0,0,0,8
06/17/2019,BGM,NY,AEA,EN,Combined TRACON& Tower with Radar,0,8,6,0,14,0,0,19,0,19,0,8,25,0,33,30,0,30,63
06/18/2019,BGM,NY,AEA,EN,Combined TRACON& Tower with Radar,0,6,12,0,18,0,1,4,0,5,0,7,16,0,23,8,0,8,31
06/19/2019,BGM,NY,AEA,EN,Combined TRACON& Tower with Radar,0,8,3,1,12,0,0,1,1,2,0,8,4,2,14,0,0,0,14
06/20/2019,BGM,NY,AEA,EN,Combined TRACON& Tower with Radar,0,12,11,0,23,0,0,3,0,3,0,12,14,0,26,0,0,0,26
06/21/2019,BGM,NY,AEA,EN,Combined TRACON& Tower with Radar,0,9,3,0,12,0,0,15,0,15,0,9,18,0,27,2,0,2,29
06/22/2019,BGM,NY,AEA,EN,Combined TRACON& Tower with Radar,0,5,2,0,7,0,0,21,0,21,0,5,23,0,28,32,0,32,60
06/23/2019,BGM,NY,AEA,EN,Combined TRACON& Tower with Radar,0,6,7,0,13,0,0,53,0,53,0,6,60,0,66,0,0,0,66
06/24/2019,BGM,NY,AEA,EN,Combined TRACON& Tower with Radar,0,6,7,0,13,0,0,15,0,15,0,6,22,0,28,20,0,20,48
06/25/2019,BGM,NY,AEA,EN,Combined TRACON& Tower with Radar,0,10,13,2,25,0,0,8,0,8,0,10,21,2,33,12,0,12,45
06/26/2019,BGM,NY,AEA,EN,Combined TRACON& Tower with Radar,0,8,17,0,25,0,0,9,0,9,0,8,26,0,34,0,0,0,34
06/27/2019,BGM,NY,AEA,EN,Combined TRACON& Tower with Radar,0,12,8,0,20,0,0,22,0,22,0,12,30,0,42,18,0,18,60
06/28/2019,BGM,NY,AEA,EN,Combined TRACON& Tower with Radar,0,10,11,0,21,0,0,18,0,18,0,10,29,0,39,0,0,0,39
06/29/2019,BGM,NY,AEA,EN,Combined TRACON& Tower with Radar,0,4,8,0,12,0,0,9,0,9,0,4,17,0,21,0,0,0,21
06/30/2019,BGM,NY,AEA,EN,Combined TRACON& Tower with Radar,0,8,11,0,19,0,0,4,0,4,0,8,15,0,23,0,0,0,23
07/01/2019,BGM,NY,AEA,EN,Combined TRACON& Tower with Radar,0,6,18,0,24,0,2,24,2,28,0,8,42,2,52,27,0,27,79
07/02/2019,BGM,NY,AEA,EN,Combined TRACON& Tower with Radar,0,10,6,6,22,0,0,10,0,10,0,10,16,6,32,10,0,10,42
07/03/2019,BGM,NY,AEA,EN,Combined TRACON& Tower with Radar,0,8,3,0,11,0,0,23,0,23,0,8,26,0,34,40,0,40,74
07/04/2019,BGM,NY,AEA,EN,Combined TRACON& Tower with Radar,0,6,1,0,7,0,0,10,0,10,0,6,11,0,17,24,0,24,41
07/05/2019,BGM,NY,AEA,EN,Combined TRACON& Tower with Radar,0,6,12,0,18,0,0,8,0,8,0,6,20,0,26,32,0,32,58
07/06/2019,BGM,NY,AEA,EN,Combined TRACON& Tower with Radar,0,5,3,0,8,0,0,7,0,7,0,5,10,0,15,32,0,32,47
07/07/2019,BGM,NY,AEA,EN,Combined TRACON& Tower with Radar,0,6,4,0,10,0,0,21,0,21,0,6,25,0,31,24,0,24,55
07/08/2019,BGM,NY,AEA,EN,Combined TRACON& Tower with Radar,0,5,15,0,20,0,0,30,0,30,0,5,45,0,50,24,0,24,74
07/09/2019,BGM,NY,AEA,EN,Combined TRACON& Tower with Radar,0,8,8,0,16,0,0,32,0,32,0,8,40,0,48,34,0,34,82
07/10/2019,BGM,NY,AEA,EN,Combined TRACON& Tower with Radar,0,9,6,0,15,0,0,18,0,18,0,9,24,0,33,20,0,20,53
07/11/2019,BGM,NY,AEA,EN,Combined TRACON& Tower with Radar,0,6,9,0,15,0,0,1,0,1,0,6,10,0,16,0,0,0,16
07/12/2019,BGM,NY,AEA,EN,Combined TRACON& Tower with Radar,0,6,6,0,12,0,0,8,0,8,0,6,14,0,20,44,0,44,64
07/13/2019,BGM,NY,AEA,EN,Combined TRACON& Tower with Radar,0,4,9,0,13,0,0,21,0,21,0,4,30,0,34,48,0,48,82
07/14/2019,BGM,NY,AEA,EN,Combined TRACON& Tower with Radar,0,6,15,0,21,0,0,23,0,23,0,6,38,0,44,0,0,0,44
07/15/2019,BGM,NY,AEA,EN,Combined TRACON& Tower with Radar,0,4,6,0,10,0,1,39,0,40,0,5,45,0,50,16,0,16,66
07/16/2019,BGM,NY,AEA,EN,Combined TRACON& Tower with Radar,0,7,9,0,16,0,0,17,0,17,0,7,26,0,33,24,0,24,57
07/17/2019,BGM,NY,AEA,EN,Combined TRACON& Tower with Radar,0,9,2,0,11,0,0,1,0,1,0,9,3,0,12,0,0,0,12
07/18/2019,BGM,NY,AEA,EN,Combined TRACON& Tower with Radar,0,8,15,0,23,0,0,2,0,2,0,8,17,0,25,14,0,14,39
07/19/2019,BGM,NY,AEA,EN,Combined TRACON& Tower with Radar,0,7,11,0,18,0,0,16,0,16,0,7,27,0,34,14,0,14,48
07/20/2019,BGM,NY,AEA,EN,Combined TRACON& Tower with Radar,0,4,7,0,11,0,0,12,0,12,0,4,19,0,23,22,0,22,45
07/21/2019,BGM,NY,AEA,EN,Combined TRACON& Tower with Radar,0,8,6,0,14,0,0,17,0,17,0,8,23,0,31,4,0,4,35
07/22/2019,BGM,NY,AEA,EN,Combined TRACON& Tower with Radar,0,3,10,0,13,0,0,1,0,1,0,3,11,0,14,0,0,0,14
07/23/2019,BGM,NY,AEA,EN,Combined TRACON& Tower with Radar,0,9,7,1,17,0,0,12,1,13,0,9,19,2,30,0,0,0,30
07/24/2019,BGM,NY,AEA,EN,Combined TRACON& Tower with Radar,0,8,14,6,28,0,0,28,2,30,0,8,42,8,58,52,0,52,110
07/25/2019,BGM,NY,AEA,EN,Combined TRACON& Tower with Radar,0,12,11,6,29,0,0,26,0,26,0,12,37,6,55,36,0,36,91
07/26/2019,BGM,NY,AEA,EN,Combined TRACON& Tower with Radar,0,6,6,0,12,0,1,24,1,26,0,7,30,1,38,48,0,48,86
07/27/2019,BGM,NY,AEA,EN,Combined TRACON& Tower with Radar,0,6,5,0,11,0,0,27,0,27,0,6,32,0,38,10,0,10,48
07/28/2019,BGM,NY,AEA,EN,Combined TRACON& Tower with Radar,0,6,5,5,16,0,0,4,1,5,0,6,9,6,21,6,0,6,27
07/29/2019,BGM,NY,AEA,EN,Combined TRACON& Tower with Radar,0,6,9,0,15,0,0,17,0,17,0,6,26,0,32,28,0,28,60
07/30/2019,BGM,NY,AEA,EN,Combined TRACON& Tower with Radar,0,6,7,0,13,0,0,12,1,13,0,6,19,1,26,8,0,8,34
07/31/2019,BGM,NY,AEA,EN,Combined TRACON& Tower with Radar,0,6,16,6,28,0,0,5,0,5,0,6,21,6,33,23,0,23,56
08/01/2019,BGM,NY,AEA,EN,Combined TRACON& Tower with Radar,0,8,11,0,19,0,0,15,0,15,0,8,26,0,34,22,0,22,56
08/02/2019,BGM,NY,AEA,EN,Combined TRACON& Tower with Radar,0,10,7,4,21,0,0,24,6,30,0,10,31,10,51,10,0,10,61
08/03/2019,BGM,NY,AEA,EN,Combined TRACON& Tower with Radar,0,4,1,4,9,0,0,20,0,20,0,4,21,4,29,6,0,6,35
08/04/2019,BGM,NY,AEA,EN,Combined TRACON& Tower with Radar,2,5,9,0,16,0,0,14,0,14,2,5,23,0,30,6,0,6,36
08/05/2019,BGM,NY,AEA,EN,Combined TRACON& Tower with Radar,1,5,3,0,9,0,2,20,0,22,1,7,23,0,31,20,0,20,51
08/06/2019,BGM,NY,AEA,EN,Combined TRACON& Tower with Radar,1,8,7,0,16,0,0,2,0,2,1,8,9,0,18,0,0,0,18
08/07/2019,BGM,NY,AEA,EN,Combined TRACON& Tower with Radar,0,7,7,0,14,0,0,4,0,4,0,7,11,0,18,22,0,22,40
08/08/2019,BGM,NY,AEA,EN,Combined TRACON& Tower with Radar,0,12,2,0,14,0,2,3,0,5,0,14,5,0,19,0,0,0,19
08/09/2019,BGM,NY,AEA,EN,Combined TRACON& Tower with Radar,0,10,6,0,16,0,0,10,0,10,0,10,16,0,26,20,0,20,46
08/10/2019,BGM,NY,AEA,EN,Combined TRACON& Tower with Radar,0,4,1,0,5,0,0,17,0,17,0,4,18,0,22,24,0,24,46
08/11/2019,BGM,NY,AEA,EN,Combined TRACON& Tower with Radar,0,6,2,0,8,0,0,33,0,33,0,6,35,0,41,10,0,10,51
08/12/2019,BGM,NY,AEA,EN,Combined TRACON& Tower with Radar,0,7,5,0,12,0,0,13,0,13,0,7,18,0,25,0,0,0,25
08/13/2019,BGM,NY,AEA,EN,Combined TRACON& Tower with Radar,0,13,14,0,27,0,0,7,0,7,0,13,21,0,34,14,0,14,48
08/14/2019,BGM,NY,AEA,EN,Combined TRACON& Tower with Radar,0,11,8,0,19,0,0,17,0,17,0,11,25,0,36,8,0,8,44
08/15/2019,BGM,NY,AEA,EN,Combined TRACON& Tower with Radar,0,17,10,10,37,0,0,21,4,25,0,17,31,14,62,46,0,46,108
08/16/2019,BGM,NY,AEA,EN,Combined TRACON& Tower with Radar,0,8,13,0,21,0,0,3,0,3,0,8,16,0,24,0,0,0,24
08/17/2019,BGM,NY,AEA,EN,Combined TRACON& Tower with Radar,0,4,3,0,7,0,0,8,0,8,0,4,11,0,15,8,0,8,23
08/18/2019,BGM,NY,AEA,EN,Combined TRACON& Tower with Radar,0,19,14,0,33,0,0,19,0,19,0,19,33,0,52,6,0,6,58
08/19/2019,BGM,NY,AEA,EN,Combined TRACON& Tower with Radar,0,8,2,0,10,0,0,17,0,17,0,8,19,0,27,28,0,28,55
08/20/2019,BGM,NY,AEA,EN,Combined TRACON& Tower with Radar,0,6,8,4,18,0,1,24,0,25,0,7,32,4,43,30,8,38,81
08/21/2019,BGM,NY,AEA,EN,Combined TRACON& Tower with Radar,0,12,7,4,23,0,0,3,0,3,0,12,10,4,26,4,8,12,38
08/22/2019,BGM,NY,AEA,EN,Combined TRACON& Tower with Radar,0,12,5,0,17,0,0,18,0,18,0,12,23,0,35,80,0,80,115
08/23/2019,BGM,NY,AEA,EN,Combined TRACON& Tower with Radar,0,8,6,6,20,0,0,33,0,33,0,8,39,6,53,27,0,27,80
08/24/2019,BGM,NY,AEA,EN,Combined TRACON& Tower with Radar,0,5,3,0,8,0,0,9,0,9,0,5,12,0,17,2,0,2,19
08/25/2019,BGM,NY,AEA,EN,Combined TRACON& Tower with Radar,0,6,6,0,12,0,0,10,0,10,0,6,16,0,22,4,0,4,26
08/26/2019,BGM,NY,AEA,EN,Combined TRACON& Tower with Radar,0,8,10,0,18,0,0,26,0,26,0,8,36,0,44,6,0,6,50
08/27/2019,BGM,NY,AEA,EN,Combined TRACON& Tower with Radar,0,10,10,34,54,0,0,10,0,10,0,10,20,34,64,0,32,32,96
08/28/2019,BGM,NY,AEA,EN,Combined TRACON& Tower with Radar,0,15,4,12,31,0,0,0,5,5,0,15,4,17,36,0,24,24,60
08/29/2019,BGM,NY,AEA,EN,Combined TRACON& Tower with Radar,0,8,4,2,14,0,0,11,0,11,0,8,15,2,25,36,0,36,61
08/30/2019,BGM,NY,AEA,EN,Combined TRACON& Tower with Radar,0,8,6,0,14,0,0,11,0,11,0,8,17,0,25,4,0,4,29
08/31/2019,BGM,NY,AEA,EN,Combined TRACON& Tower with Radar,0,4,7,0,11,0,0,25,0,25,0,4,32,0,36,14,0,14,50
09/01/2019,BGM,NY,AEA,EN,Combined TRACON& Tower with Radar,0,6,7,0,13,0,0,11,0,11,0,6,18,0,24,8,0,8,32
09/02/2019,BGM,NY,AEA,EN,Combined TRACON& Tower with Radar,0,6,9,0,15,0,0,0,0,0,0,6,9,0,15,0,0,0,15
09/03/2019,BGM,NY,AEA,EN,Combined TRACON& Tower with Radar,0,6,9,0,15,0,0,11,0,11,0,6,20,0,26,0,0,0,26
09/04/2019,BGM,NY,AEA,EN,Combined TRACON& Tower with Radar,0,6,5,0,11,0,0,0,0,0,0,6,5,0,11,0,0,0,11
09/05/2019,BGM,NY,AEA,EN,Combined TRACON& Tower with Radar,0,6,2,0,8,0,0,17,0,17,0,6,19,0,25,22,0,22,47
09/06/2019,BGM,NY,AEA,EN,Combined TRACON& Tower with Radar,0,6,5,0,11,0,0,22,0,22,0,6,27,0,33,8,0,8,41
09/07/2019,BGM,NY,AEA,EN,Combined TRACON& Tower with Radar,0,4,4,0,8,0,0,9,0,9,0,4,13,0,17,19,0,19,36
09/08/2019,BGM,NY,AEA,EN,Combined TRACON& Tower with Radar,0,6,7,0,13,0,0,5,0,5,0,6,12,0,18,14,0,14,32
09/09/2019,BGM,NY,AEA,EN,Combined TRACON& Tower with Radar,0,6,12,0,18,0,0,14,0,14,0,6,26,0,32,22,0,22,54
09/10/2019,BGM,NY,AEA,EN,Combined TRACON& Tower with Radar,0,8,10,0,18,0,0,20,0,20,0,8,30,0,38,6,0,6,44
09/11/2019,BGM,NY,AEA,EN,Combined TRACON& Tower with Radar,0,9,4,0,13,0,0,8,0,8,0,9,12,0,21,7,0,7,28
09/12/2019,BGM,NY,AEA,EN,Combined TRACON& Tower with Radar,0,6,4,0,10,0,0,0,0,0,0,6,4,0,10,0,0,0,10
09/13/2019,BGM,NY,AEA,EN,Combined TRACON& Tower with Radar,2,4,9,0,15,0,0,7,0,7,2,4,16,0,22,0,0,0,22
09/14/2019,BGM,NY,AEA,EN,Combined TRACON& Tower with Radar,0,7,4,0,11,0,0,0,0,0,0,7,4,0,11,0,0,0,11
09/15/2019,BGM,NY,AEA,EN,Combined TRACON& Tower with Radar,0,6,12,0,18,0,0,22,0,22,0,6,34,0,40,4,0,4,44
09/16/2019,BGM,NY,AEA,EN,Combined TRACON& Tower with Radar,0,6,9,0,15,0,0,0,0,0,0,6,9,0,15,0,0,0,15
09/17/2019,BGM,NY,AEA,EN,Combined TRACON& Tower with Radar,0,12,4,8,24,0,0,19,0,19,0,12,23,8,43,12,12,24,67
09/18/2019,BGM,NY,AEA,EN,Combined TRACON& Tower with Radar,0,8,8,0,16,0,0,24,0,24,0,8,32,0,40,24,0,24,64
09/19/2019,BGM,NY,AEA,EN,Combined TRACON& Tower with Radar,0,10,11,0,21,0,0,34,0,34,0,10,45,0,55,42,0,42,97
09/20/2019,BGM,NY,AEA,EN,Combined TRACON& Tower with Radar,0,12,9,0,21,0,0,20,0,20,0,12,29,0,41,6,0,6,47
09/21/2019,BGM,NY,AEA,EN,Combined TRACON& Tower with Radar,0,4,9,0,13,0,0,32,0,32,0,4,41,0,45,24,0,24,69
09/22/2019,BGM,NY,AEA,EN,Combined TRACON& Tower with Radar,0,6,4,0,10,0,0,15,0,15,0,6,19,0,25,16,0,16,41
09/23/2019,BGM,NY,AEA,EN,Combined TRACON& Tower with Radar,0,6,4,0,10,0,0,8,0,8,0,6,12,0,18,6,0,6,24
09/24/2019,BGM,NY,AEA,EN,Combined TRACON& Tower with Radar,0,10,19,0,29,0,0,11,0,11,0,10,30,0,40,12,0,12,52
09/25/2019,BGM,NY,AEA,EN,Combined TRACON& Tower with Radar,0,8,10,0,18,0,4,13,0,17,0,12,23,0,35,2,0,2,37
09/26/2019,BGM,NY,AEA,EN,Combined TRACON& Tower with Radar,0,10,8,0,18,0,0,2,0,2,0,10,10,0,20,0,0,0,20
09/27/2019,BGM,NY,AEA,EN,Combined TRACON& Tower with Radar,0,8,8,3,19,0,0,44,7,51,0,8,52,10,70,23,6,29,99
09/28/2019,BGM,NY,AEA,EN,Combined TRACON& Tower with Radar,0,5,9,0,14,0,0,20,0,20,0,5,29,0,34,20,0,20,54
09/29/2019,BGM,NY,AEA,EN,Combined TRACON& Tower with Radar,0,7,9,0,16,0,0,17,0,17,0,7,26,0,33,8,0,8,41
09/30/2019,BGM,NY,AEA,EN,Combined TRACON& Tower with Radar,0,6,14,0,20,0,0,0,0,0,0,6,14,0,20,0,0,0,20
10/01/2019,BGM,NY,AEA,EN,Combined TRACON& Tower with Radar,0,12,4,0,16,0,0,17,0,17,0,12,21,0,33,10,0,10,43
10/02/2019,BGM,NY,AEA,EN,Combined TRACON& Tower with Radar,0,10,8,0,18,0,0,0,0,0,0,10,8,0,18,0,0,0,18
10/03/2019,BGM,NY,AEA,EN,Combined TRACON& Tower with Radar,0,16,14,0,30,0,0,0,0,0,0,16,14,0,30,0,0,0,30
10/04/2019,BGM,NY,AEA,EN,Combined TRACON& Tower with Radar,0,8,6,0,14,0,0,0,0,0,0,8,6,0,14,0,0,0,14
10/05/2019,BGM,NY,AEA,EN,Combined TRACON& Tower with Radar,0,4,9,0,13,0,0,27,0,27,0,4,36,0,40,14,0,14,54
10/06/2019,BGM,NY,AEA,EN,Combined TRACON& Tower with Radar,0,6,6,0,12,0,0,0,0,0,0,6,6,0,12,0,0,0,12
10/07/2019,BGM,NY,AEA,EN,Combined TRACON& Tower with Radar,0,9,4,0,13,0,0,0,0,0,0,9,4,0,13,0,0,0,13
10/08/2019,BGM,NY,AEA,EN,Combined TRACON& Tower with Radar,0,10,11,0,21,0,0,27,0,27,0,10,38,0,48,18,0,18,66
10/09/2019,BGM,NY,AEA,EN,Combined TRACON& Tower with Radar,0,9,19,0,28,0,0,28,0,28,0,9,47,0,56,16,0,16,72
10/10/2019,BGM,NY,AEA,EN,Combined TRACON& Tower with Radar,0,8,8,2,18,0,0,20,0,20,0,8,28,2,38,30,0,30,68
10/11/2019,BGM,NY,AEA,EN,Combined TRACON& Tower with Radar,0,10,5,0,15,0,0,21,0,21,0,10,26,0,36,4,0,4,40
10/12/2019,BGM,NY,AEA,EN,Combined TRACON& Tower with Radar,0,4,9,0,13,0,0,11,0,11,0,4,20,0,24,20,0,20,44
10/13/2019,BGM,NY,AEA,EN,Combined TRACON& Tower with Radar,0,6,8,0,14,0,0,20,0,20,0,6,28,0,34,4,0,4,38
10/14/2019,BGM,NY,AEA,EN,Combined TRACON& Tower with Radar,0,6,8,0,14,0,0,6,0,6,0,6,14,0,20,0,0,0,20
10/15/2019,BGM,NY,AEA,EN,Combined TRACON& Tower with Radar,0,8,10,1,19,0,0,37,1,38,0,8,47,2,57,16,0,16,73
10/16/2019,BGM,NY,AEA,EN,Combined TRACON& Tower with Radar,0,8,5,0,13,0,0,0,0,0,0,8,5,0,13,0,0,0,13
10/17/2019,BGM,NY,AEA,EN,Combined TRACON& Tower with Radar,0,10,5,0,15,0,0,0,0,0,0,10,5,0,15,0,0,0,15
10/18/2019,BGM,NY,AEA,EN,Combined TRACON& Tower with Radar,0,8,9,0,17,0,0,1,0,1,0,8,10,0,18,0,0,0,18
10/19/2019,BGM,NY,AEA,EN,Combined TRACON& Tower with Radar,0,4,6,0,10,0,0,18,0,18,0,4,24,0,28,37,0,37,65
10/20/2019,BGM,NY,AEA,EN,Combined TRACON& Tower with Radar,2,4,14,0,20,0,0,22,0,22,2,4,36,0,42,16,0,16,58
10/21/2019,BGM,NY,AEA,EN,Combined TRACON& Tower with Radar,0,6,16,0,22,0,0,22,0,22,0,6,38,0,44,0,0,0,44
10/22/2019,BGM,NY,AEA,EN,Combined TRACON& Tower with Radar,0,13,8,5,26,0,0,0,0,0,0,13,8,5,26,0,0,0,26
10/23/2019,BGM,NY,AEA,EN,Combined TRACON& Tower with Radar,0,11,6,0,17,0,0,9,0,9,0,11,15,0,26,0,0,0,26
10/24/2019,BGM,NY,AEA,EN,Combined TRACON& Tower with Radar,0,10,14,0,24,0,0,16,0,16,0,10,30,0,40,0,0,0,40
10/25/2019,BGM,NY,AEA,EN,Combined TRACON& Tower with Radar,0,8,14,0,22,0,0,17,0,17,0,8,31,0,39,40,0,40,79
10/26/2019,BGM,NY,AEA,EN,Combined TRACON& Tower with Radar,0,7,3,0,10,0,1,17,0,18,0,8,20,0,28,38,0,38,66
10/27/2019,BGM,NY,AEA,EN,Combined TRACON& Tower with Radar,0,6,12,0,18,0,0,0,0,0,0,6,12,0,18,0,0,0,18
10/28/2019,BGM,NY,AEA,EN,Combined TRACON& Tower with Radar,0,8,11,0,19,0,0,14,0,14,0,8,25,0,33,6,0,6,39
10/29/2019,BGM,NY,AEA,EN,Combined TRACON& Tower with Radar,0,10,9,0,19,0,0,5,0,5,0,10,14,0,24,8,0,8,32
10/30/2019,BGM,NY,AEA,EN,Combined TRACON& Tower with Radar,0,10,15,6,31,0,0,2,0,2,0,10,17,6,33,0,6,6,39
10/31/2019,BGM,NY,AEA,EN,Combined TRACON& Tower with Radar,0,10,1,0,11,0,0,0,0,0,0,10,1,0,11,0,0,0,11
11/01/2019,BGM,NY,AEA,EN,Combined TRACON& Tower with Radar,2,4,2,0,8,0,0,2,0,2,2,4,4,0,10,0,0,0,10
11/02/2019,BGM,NY,AEA,EN,Combined TRACON& Tower with Radar,0,4,4,0,8,0,0,23,0,23,0,4,27,0,31,20,0,20,51
11/03/2019,BGM,NY,AEA,EN,Combined TRACON& Tower with Radar,0,6,1,0,7,0,0,6,0,6,0,6,7,0,13,6,0,6,19
11/04/2019,BGM,NY,AEA,EN,Combined TRACON& Tower with Radar,2,4,5,0,11,0,1,15,0,16,2,5,20,0,27,16,0,16,43
11/05/2019,BGM,NY,AEA,EN,Combined TRACON& Tower with Radar,2,6,4,3,15,0,0,2,5,7,2,6,6,8,22,0,14,14,36
11/06/2019,BGM,NY,AEA,EN,Combined TRACON& Tower with Radar,0,8,16,3,27,0,0,22,5,27,0,8,38,8,54,30,0,30,84
11/07/2019,BGM,NY,AEA,EN,Combined TRACON& Tower with Radar,0,8,6,0,14,0,0,0,0,0,0,8,6,0,14,0,0,0,14
11/08/2019,BGM,NY,AEA,EN,Combined TRACON& Tower with Radar,0,8,4,0,12,0,0,8,0,8,0,8,12,0,20,0,0,0,20
11/09/2019,BGM,NY,AEA,EN,Combined TRACON& Tower with Radar,0,4,8,0,12,0,0,42,0,42,0,4,50,0,54,0,0,0,54
11/10/2019,BGM,NY,AEA,EN,Combined TRACON& Tower with Radar,0,6,6,0,12,0,0,14,0,14,0,6,20,0,26,0,0,0,26
11/11/2019,BGM,NY,AEA,EN,Combined TRACON& Tower with Radar,0,5,4,0,9,0,0,0,0,0,0,5,4,0,9,0,0,0,9
11/12/2019,BGM,NY,AEA,EN,Combined TRACON& Tower with Radar,0,8,7,0,15,0,0,1,0,1,0,8,8,0,16,0,0,0,16
11/13/2019,BGM,NY,AEA,EN,Combined TRACON& Tower with Radar,0,11,4,0,15,0,0,2,0,2,0,11,6,0,17,12,0,12,29
11/14/2019,BGM,NY,AEA,EN,Combined TRACON& Tower with Radar,0,12,6,0,18,0,0,4,0,4,0,12,10,0,22,30,0,30,52
11/15/2019,BGM,NY,AEA,EN,Combined TRACON& Tower with Radar,0,14,9,0,23,0,1,19,0,20,0,15,28,0,43,18,0,18,61
11/16/2019,BGM,NY,AEA,EN,Combined TRACON& Tower with Radar,0,4,5,0,9,0,0,43,0,43,0,4,48,0,52,20,0,20,72
11/17/2019,BGM,NY,AEA,EN,Combined TRACON& Tower with Radar,0,10,8,0,18,0,0,11,0,11,0,10,19,0,29,2,0,2,31
11/18/2019,BGM,NY,AEA,EN,Combined TRACON& Tower with Radar,0,6,8,1,15,0,0,2,1,3,0,6,10,2,18,0,0,0,18
11/19/2019,BGM,NY,AEA,EN,Combined TRACON& Tower with Radar,0,8,4,0,12,0,0,9,0,9,0,8,13,0,21,18,0,18,39
11/20/2019,BGM,NY,AEA,EN,Combined TRACON& Tower with Radar,0,6,8,0,14,0,0,0,0,0,0,6,8,0,14,2,0,2,16
11/21/2019,BGM,NY,AEA,EN,Combined TRACON& Tower with Radar,0,6,3,0,9,0,0,13,0,13,0,6,16,0,22,20,0,20,42
11/22/2019,BGM,NY,AEA,EN,Combined TRACON& Tower with Radar,0,10,4,0,14,0,0,0,0,0,0,10,4,0,14,0,0,0,14
11/23/2019,BGM,NY,AEA,EN,Combined TRACON& Tower with Radar,0,4,6,0,10,0,0,63,0,63,0,4,69,0,73,32,0,32,105
11/24/2019,BGM,NY,AEA,EN,Combined TRACON& Tower with Radar,0,6,2,0,8,0,0,4,0,4,0,6,6,0,12,0,0,0,12
11/25/2019,BGM,NY,AEA,EN,Combined TRACON& Tower with Radar,0,9,4,0,13,0,0,19,0,19,0,9,23,0,32,32,0,32,64
11/26/2019,BGM,NY,AEA,EN,Combined TRACON& Tower with Radar,0,7,17,0,24,0,3,48,0,51,0,10,65,0,75,12,0,12,87
11/27/2019,BGM,NY,AEA,EN,Combined TRACON& Tower with Radar,0,6,1,0,7,0,0,5,0,5,0,6,6,0,12,12,0,12,24
11/28/2019,BGM,NY,AEA,EN,Combined TRACON& Tower with Radar,0,2,0,0,2,0,0,0,0,0,0,2,0,0,2,0,0,0,2
11/29/2019,BGM,NY,AEA,EN,Combined TRACON& Tower with Radar,0,2,2,0,4,0,0,2,0,2,0,2,4,0,6,0,0,0,6
11/30/2019,BGM,NY,AEA,EN,Combined TRACON& Tower with Radar,0,10,5,0,15,0,0,35,0,35,0,10,40,0,50,20,0,20,70
12/01/2019,BGM,NY,AEA,EN,Combined TRACON& Tower with Radar,0,1,0,0,1,0,0,0,0,0,0,1,0,0,1,0,0,0,1
12/02/2019,BGM,NY,AEA,EN,Combined TRACON& Tower with Radar,0,0,2,0,2,0,0,0,0,0,0,0,2,0,2,0,0,0,2
12/03/2019,BGM,NY,AEA,EN,Combined TRACON& Tower with Radar,4,1,10,0,15,0,0,5,0,5,4,1,15,0,20,12,0,12,32
12/04/2019,BGM,NY,AEA,EN,Combined TRACON& Tower with Radar,0,5,7,0,12,0,0,0,0,0,0,5,7,0,12,0,0,0,12
12/05/2019,BGM,NY,AEA,EN,Combined TRACON& Tower with Radar,0,6,2,0,8,0,0,2,0,2,0,6,4,0,10,2,0,2,12
12/06/2019,BGM,NY,AEA,EN,Combined TRACON& Tower with Radar,0,8,0,0,8,0,0,4,0,4,0,8,4,0,12,2,0,2,14
12/07/2019,BGM,NY,AEA,EN,Combined TRACON& Tower with Radar,0,6,2,0,8,0,0,9,0,9,0,6,11,0,17,4,0,4,21
12/08/2019,BGM,NY,AEA,EN,Combined TRACON& Tower with Radar,0,6,12,0,18,0,0,16,0,16,0,6,28,0,34,4,0,4,38
12/09/2019,BGM,NY,AEA,EN,Combined TRACON& Tower with Radar,0,10,3,0,13,0,0,0,0,0,0,10,3,0,13,0,0,0,13
12/10/2019,BGM,NY,AEA,EN,Combined TRACON& Tower with Radar,0,6,6,0,12,0,0,2,0,2,0,6,8,0,14,20,0,20,34
12/11/2019,BGM,NY,AEA,EN,Combined TRACON& Tower with Radar,0,8,8,0,16,0,0,8,0,8,0,8,16,0,24,8,0,8,32
12/12/2019,BGM,NY,AEA,EN,Combined TRACON& Tower with Radar,0,8,14,0,22,0,0,29,0,29,0,8,43,0,51,26,0,26,77
12/13/2019,BGM,NY,AEA,EN,Combined TRACON& Tower with Radar,0,10,7,0,17,0,0,5,0,5,0,10,12,0,22,0,0,0,22
12/14/2019,BGM,NY,AEA,EN,Combined TRACON& Tower with Radar,0,4,1,0,5,0,0,0,0,0,0,4,1,0,5,0,0,0,5
12/15/2019,BGM,NY,AEA,EN,Combined TRACON& Tower with Radar,0,6,1,0,7,0,0,1,0,1,0,6,2,0,8,0,0,0,8
12/16/2019,BGM,NY,AEA,EN,Combined TRACON& Tower with Radar,0,7,9,0,16,0,0,9,0,9,0,7,18,0,25,0,0,0,25
12/17/2019,BGM,NY,AEA,EN,Combined TRACON& Tower with Radar,0,8,1,0,9,0,0,0,0,0,0,8,1,0,9,0,0,0,9
12/18/2019,BGM,NY,AEA,EN,Combined TRACON& Tower with Radar,0,8,3,0,11,0,0,1,0,1,0,8,4,0,12,0,0,0,12
12/19/2019,BGM,NY,AEA,EN,Combined TRACON& Tower with Radar,0,11,4,0,15,0,0,19,2,21,0,11,23,2,36,0,0,0,36
12/20/2019,BGM,NY,AEA,EN,Combined TRACON& Tower with Radar,0,8,8,0,16,0,0,28,0,28,0,8,36,0,44,20,0,20,64
12/21/2019,BGM,NY,AEA,EN,Combined TRACON& Tower with Radar,0,4,15,0,19,0,0,23,0,23,0,4,38,0,42,0,0,0,42
12/22/2019,BGM,NY,AEA,EN,Combined TRACON& Tower with Radar,0,6,5,0,11,0,0,23,0,23,0,6,28,0,34,12,0,12,46
12/23/2019,BGM,NY,AEA,EN,Combined TRACON& Tower with Radar,0,8,7,0,15,0,0,14,0,14,0,8,21,0,29,12,0,12,41
12/24/2019,BGM,NY,AEA,EN,Combined TRACON& Tower with Radar,0,5,0,0,5,0,0,7,0,7,0,5,7,0,12,18,0,18,30
12/25/2019,BGM,NY,AEA,EN,Combined TRACON& Tower with Radar,0,4,0,0,4,0,0,3,0,3,0,4,3,0,7,4,0,4,11
12/26/2019,BGM,NY,AEA,EN,Combined TRACON& Tower with Radar,0,6,3,0,9,0,0,17,0,17,0,6,20,0,26,0,0,0,26
12/27/2019,BGM,NY,AEA,EN,Combined TRACON& Tower with Radar,0,5,8,0,13,0,0,0,0,0,0,5,8,0,13,0,0,0,13
12/28/2019,BGM,NY,AEA,EN,Combined TRACON& Tower with Radar,0,4,4,0,8,0,0,13,0,13,0,4,17,0,21,6,0,6,27
12/29/2019,BGM,NY,AEA,EN,Combined TRACON& Tower with Radar,0,6,1,0,7,0,0,7,0,7,0,6,8,0,14,10,0,10,24
12/30/2019,BGM,NY,AEA,EN,Combined TRACON& Tower with Radar,0,6,3,0,9,0,0,0,0,0,0,6,3,0,9,0,0,0,9
12/31/2019,BGM,NY,AEA,EN,Combined TRACON& Tower with Radar,0,4,0,0,4,0,0,2,0,2,0,4,2,0,6,0,0,0,6
01/01/2020,BGM,NY,AEA,EN,Combined TRACON& Tower with Radar,0,4,2,0,6,0,0,4,0,4,0,4,6,0,10,0,0,0,10
01/02/2020,BGM,NY,AEA,EN,Combined TRACON& Tower with Radar,0,6,6,0,12,0,0,23,0,23,0,6,29,0,35,18,0,18,53
01/03/2020,BGM,NY,AEA,EN,Combined TRACON& Tower with Radar,0,8,7,0,15,0,0,0,0,0,0,8,7,0,15,4,0,4,19
01/04/2020,BGM,NY,AEA,EN,Combined TRACON& Tower with Radar,0,7,0,0,7,0,0,0,0,0,0,7,0,0,7,0,0,0,7
01/05/2020,BGM,NY,AEA,EN,Combined TRACON& Tower with Radar,0,4,0,0,4,0,0,0,0,0,0,4,0,0,4,0,0,0,4
01/06/2020,BGM,NY,AEA,EN,Combined TRACON& Tower with Radar,0,4,5,4,13,0,0,10,0,10,0,4,15,4,23,14,0,14,37
01/07/2020,BGM,NY,AEA,EN,Combined TRACON& Tower with Radar,0,6,18,0,24,0,0,17,0,17,0,6,35,0,41,20,0,20,61
01/08/2020,BGM,NY,AEA,EN,Combined TRACON& Tower with Radar,0,4,3,0,7,0,0,2,0,2,0,4,5,0,9,0,0,0,9
01/09/2020,BGM,NY,AEA,EN,Combined TRACON& Tower with Radar,0,4,11,0,15,0,0,31,0,31,0,4,42,0,46,16,0,16,62
01/10/2020,BGM,NY,AEA,EN,Combined TRACON& Tower with Radar,0,3,5,0,8,0,0,0,0,0,0,3,5,0,8,8,0,8,16
01/11/2020,BGM,NY,AEA,EN,Combined TRACON& Tower with Radar,0,2,11,0,13,0,0,0,0,0,0,2,11,0,13,0,0,0,13
01/12/2020,BGM,NY,AEA,EN,Combined TRACON& Tower with Radar,0,3,10,0,13,0,0,6,0,6,0,3,16,0,19,0,0,0,19
01/13/2020,BGM,NY,AEA,EN,Combined TRACON& Tower with Radar,0,4,4,0,8,0,0,30,0,30,0,4,34,0,38,20,0,20,58
01/14/2020,BGM,NY,AEA,EN,Combined TRACON& Tower with Radar,0,4,20,0,24,0,0,15,0,15,0,4,35,0,39,20,0,20,59
01/15/2020,BGM,NY,AEA,EN,Combined TRACON& Tower with Radar,0,4,10,8,22,0,0,15,0,15,0,4,25,8,37,4,0,4,41
01/16/2020,BGM,NY,AEA,EN,Combined TRACON& Tower with Radar,0,5,3,0,8,0,0,0,0,0,0,5,3,0,8,0,0,0,8
01/17/2020,BGM,NY,AEA,EN,Combined TRACON& Tower with Radar,0,7,13,0,20,0,0,22,0,22,0,7,35,0,42,10,0,10,52
01/18/2020,BGM,NY,AEA,EN,Combined TRACON& Tower with Radar,0,2,0,0,2,0,0,4,0,4,0,2,4,0,6,0,0,0,6
01/19/2020,BGM,NY,AEA,EN,Combined TRACON& Tower with Radar,0,6,9,0,15,0,0,0,0,0,0,6,9,0,15,0,0,0,15
01/20/2020,BGM,NY,AEA,EN,Combined TRACON& Tower with Radar,0,4,5,0,9,0,0,10,0,10,0,4,15,0,19,6,0,6,25
01/21/2020,BGM,NY,AEA,EN,Combined TRACON& Tower with Radar,0,11,8,0,19,0,0,9,0,9,0,11,17,0,28,33,0,33,61
01/22/2020,BGM,NY,AEA,EN,Combined TRACON& Tower with Radar,0,4,20,0,24,0,0,32,0,32,0,4,52,0,56,34,0,34,90
01/23/2020,BGM,NY,AEA,EN,Combined TRACON& Tower with Radar,0,3,15,0,18,0,0,11,0,11,0,3,26,0,29,4,0,4,33
01/24/2020,BGM,NY,AEA,EN,Combined TRACON& Tower with Radar,0,3,15,0,18,0,0,29,2,31,0,3,44,2,49,12,0,12,61
01/25/2020,BGM,NY,AEA,EN,Combined TRACON& Tower with Radar,0,3,0,0,3,0,0,0,0,0,0,3,0,0,3,0,0,0,3
01/26/2020,BGM,NY,AEA,EN,Combined TRACON& Tower with Radar,0,5,2,0,7,0,0,0,0,0,0,5,2,0,7,34,0,34,41
01/27/2020,BGM,NY,AEA,EN,Combined TRACON& Tower with Radar,0,6,4,0,10,0,0,0,0,0,0,6,4,0,10,0,0,0,10
01/28/2020,BGM,NY,AEA,EN,Combined TRACON& Tower with Radar,0,6,10,0,16,0,0,1,0,1,0,6,11,0,17,0,0,0,17
01/29/2020,BGM,NY,AEA,EN,Combined TRACON& Tower with Radar,0,6,15,0,21,0,0,10,0,10,0,6,25,0,31,36,0,36,67
01/30/2020,BGM,NY,AEA,EN,Combined TRACON& Tower with Radar,0,7,8,5,20,0,1,23,5,29,0,8,31,10,49,16,14,30,79
01/31/2020,BGM,NY,AEA,EN,Combined TRACON& Tower with Radar,0,3,9,0,12,0,0,17,0,17,0,3,26,0,29,0,0,0,29
02/01/2020,BGM,NY,AEA,EN,Combined TRACON& Tower with Radar,0,2,1,0,3,0,0,0,0,0,0,2,1,0,3,4,0,4,7
02/02/2020,BGM,NY,AEA,EN,Combined TRACON& Tower with Radar,0,6,5,0,11,0,0,0,0,0,0,6,5,0,11,0,0,0,11
02/03/2020,BGM,NY,AEA,EN,Combined TRACON& Tower with Radar,0,6,4,0,10,0,1,17,0,18,0,7,21,0,28,8,0,8,36
02/04/2020,BGM,NY,AEA,EN,Combined TRACON& Tower with Radar,0,6,3,0,9,0,0,0,0,0,0,6,3,0,9,0,0,0,9
02/05/2020,BGM,NY,AEA,EN,Combined TRACON& Tower with Radar,0,3,8,0,11,0,0,12,0,12,0,3,20,0,23,26,0,26,49
02/06/2020,BGM,NY,AEA,EN,Combined TRACON& Tower with Radar,0,0,0,0,0,0,0,0,0,0,0,0,0,0,0,0,0,0,0
02/07/2020,BGM,NY,AEA,EN,Combined TRACON& Tower with Radar,0,0,0,0,0,0,0,0,0,0,0,0,0,0,0,0,0,0,0
02/08/2020,BGM,NY,AEA,EN,Combined TRACON& Tower with Radar,0,1,0,0,1,0,0,4,0,4,0,1,4,0,5,0,0,0,5
02/09/2020,BGM,NY,AEA,EN,Combined TRACON& Tower with Radar,0,4,6,0,10,0,0,8,0,8,0,4,14,0,18,4,0,4,22
02/10/2020,BGM,NY,AEA,EN,Combined TRACON& Tower with Radar,0,6,9,0,15,0,0,0,0,0,0,6,9,0,15,0,0,0,15
02/11/2020,BGM,NY,AEA,EN,Combined TRACON& Tower with Radar,0,5,6,3,14,0,0,0,0,0,0,5,6,3,14,0,0,0,14
02/12/2020,BGM,NY,AEA,EN,Combined TRACON& Tower with Radar,0,2,8,1,11,0,0,15,3,18,0,2,23,4,29,20,0,20,49
02/13/2020,BGM,NY,AEA,EN,Combined TRACON& Tower with Radar,0,4,7,0,11,0,0,0,0,0,0,4,7,0,11,0,0,0,11
02/14/2020,BGM,NY,AEA,EN,Combined TRACON& Tower with Radar,0,4,10,0,14,0,0,7,0,7,0,4,17,0,21,18,0,18,39
02/15/2020,BGM,NY,AEA,EN,Combined TRACON& Tower with Radar,0,4,6,0,10,0,0,35,0,35,0,4,41,0,45,24,0,24,69
02/16/2020,BGM,NY,AEA,EN,Combined TRACON& Tower with Radar,0,3,4,0,7,0,0,19,0,19,0,3,23,0,26,0,0,0,26
02/17/2020,BGM,NY,AEA,EN,Combined TRACON& Tower with Radar,0,4,7,0,11,0,0,16,0,16,0,4,23,0,27,0,0,0,27
02/18/2020,BGM,NY,AEA,EN,Combined TRACON& Tower with Radar,0,4,2,0,6,0,0,0,0,0,0,4,2,0,6,0,0,0,6
02/19/2020,BGM,NY,AEA,EN,Combined TRACON& Tower with Radar,0,6,1,0,7,0,0,2,0,2,0,6,3,0,9,0,0,0,9
02/20/2020,BGM,NY,AEA,EN,Combined TRACON& Tower with Radar,0,4,6,2,12,0,0,16,0,16,0,4,22,2,28,14,0,14,42
02/21/2020,BGM,NY,AEA,EN,Combined TRACON& Tower with Radar,0,5,7,0,12,0,0,20,1,21,0,5,27,1,33,22,0,22,55
02/22/2020,BGM,NY,AEA,EN,Combined TRACON& Tower with Radar,0,5,6,0,11,0,0,17,0,17,0,5,23,0,28,6,0,6,34
02/23/2020,BGM,NY,AEA,EN,Combined TRACON& Tower with Radar,0,3,14,0,17,0,0,35,0,35,0,3,49,0,52,2,0,2,54
02/24/2020,BGM,NY,AEA,EN,Combined TRACON& Tower with Radar,0,8,8,0,16,0,0,9,0,9,0,8,17,0,25,0,0,0,25
02/25/2020,BGM,NY,AEA,EN,Combined TRACON& Tower with Radar,0,8,15,0,23,0,0,6,0,6,0,8,21,0,29,9,0,9,38
02/26/2020,BGM,NY,AEA,EN,Combined TRACON& Tower with Radar,0,5,12,0,17,0,0,0,0,0,0,5,12,0,17,0,0,0,17
02/27/2020,BGM,NY,AEA,EN,Combined TRACON& Tower with Radar,4,2,4,0,10,0,0,0,0,0,4,2,4,0,10,0,0,0,10
02/28/2020,BGM,NY,AEA,EN,Combined TRACON& Tower with Radar,0,5,4,0,9,0,0,6,0,6,0,5,10,0,15,4,0,4,19
02/29/2020,BGM,NY,AEA,EN,Combined TRACON& Tower with Radar,0,2,2,0,4,0,0,0,0,0,0,2,2,0,4,0,0,0,4
03/01/2020,BGM,NY,AEA,EN,Combined TRACON& Tower with Radar,0,4,12,0,16,0,0,23,0,23,0,4,35,0,39,2,0,2,41
03/02/2020,BGM,NY,AEA,EN,Combined TRACON& Tower with Radar,0,3,7,0,10,0,2,13,0,15,0,5,20,0,25,0,0,0,25
03/03/2020,BGM,NY,AEA,EN,Combined TRACON& Tower with Radar,0,4,6,0,10,0,0,3,0,3,0,4,9,0,13,0,0,0,13
03/04/2020,BGM,NY,AEA,EN,Combined TRACON& Tower with Radar,0,6,7,0,13,0,4,0,0,4,0,10,7,0,17,0,0,0,17
03/05/2020,BGM,NY,AEA,EN,Combined TRACON& Tower with Radar,0,4,10,0,14,0,0,19,0,19,0,4,29,0,33,10,0,10,43
03/06/2020,BGM,NY,AEA,EN,Combined TRACON& Tower with Radar,0,3,2,0,5,0,0,8,0,8,0,3,10,0,13,0,0,0,13
03/07/2020,BGM,NY,AEA,EN,Combined TRACON& Tower with Radar,0,2,4,0,6,0,0,13,0,13,0,2,17,0,19,14,0,14,33
03/08/2020,BGM,NY,AEA,EN,Combined TRACON& Tower with Radar,2,3,18,0,23,0,0,43,0,43,2,3,61,0,66,10,0,10,76
03/09/2020,BGM,NY,AEA,EN,Combined TRACON& Tower with Radar,0,4,8,0,12,0,0,20,0,20,0,4,28,0,32,12,0,12,44
03/10/2020,BGM,NY,AEA,EN,Combined TRACON& Tower with Radar,0,7,8,0,15,0,0,0,0,0,0,7,8,0,15,0,0,0,15
03/11/2020,BGM,NY,AEA,EN,Combined TRACON& Tower with Radar,2,4,4,0,10,0,0,9,0,9,2,4,13,0,19,33,0,33,52
03/12/2020,BGM,NY,AEA,EN,Combined TRACON& Tower with Radar,0,5,9,0,14,0,0,11,0,11,0,5,20,0,25,41,0,41,66
03/13/2020,BGM,NY,AEA,EN,Combined TRACON& Tower with Radar,0,4,3,0,7,0,0,5,0,5,0,4,8,0,12,0,0,0,12
03/14/2020,BGM,NY,AEA,EN,Combined TRACON& Tower with Radar,0,4,3,0,7,0,0,19,0,19,0,4,22,0,26,6,0,6,32
03/15/2020,BGM,NY,AEA,EN,Combined TRACON& Tower with Radar,0,4,9,0,13,0,0,37,0,37,0,4,46,0,50,12,0,12,62
03/16/2020,BGM,NY,AEA,EN,Combined TRACON& Tower with Radar,0,6,2,0,8,0,0,12,0,12,0,6,14,0,20,6,0,6,26
03/17/2020,BGM,NY,AEA,EN,Combined TRACON& Tower with Radar,0,4,1,2,7,0,0,3,0,3,0,4,4,2,10,0,0,0,10
03/18/2020,BGM,NY,AEA,EN,Combined TRACON& Tower with Radar,0,4,8,0,12,0,0,23,0,23,0,4,31,0,35,6,0,6,41
03/19/2020,BGM,NY,AEA,EN,Combined TRACON& Tower with Radar,0,6,4,0,10,0,0,0,0,0,0,6,4,0,10,0,0,0,10
03/20/2020,BGM,NY,AEA,EN,Combined TRACON& Tower with Radar,0,4,5,0,9,0,0,0,0,0,0,4,5,0,9,0,0,0,9
03/21/2020,BGM,NY,AEA,EN,Combined TRACON& Tower with Radar,0,4,0,0,4,0,0,6,0,6,0,4,6,0,10,2,0,2,12
03/22/2020,BGM,NY,AEA,EN,Combined TRACON& Tower with Radar,0,4,1,0,5,0,0,24,0,24,0,4,25,0,29,0,0,0,29
03/23/2020,BGM,NY,AEA,EN,Combined TRACON& Tower with Radar,0,6,2,0,8,0,0,10,0,10,0,6,12,0,18,0,0,0,18
03/24/2020,BGM,NY,AEA,EN,Combined TRACON& Tower with Radar,0,4,0,0,4,0,0,0,0,0,0,4,0,0,4,0,0,0,4
03/25/2020,BGM,NY,AEA,EN,Combined TRACON& Tower with Radar,0,4,0,0,4,0,1,0,0,1,0,5,0,0,5,0,0,0,5
03/26/2020,BGM,NY,AEA,EN,Combined TRACON& Tower with Radar,0,4,3,0,7,0,0,15,0,15,0,4,18,0,22,0,0,0,22
03/27/2020,BGM,NY,AEA,EN,Combined TRACON& Tower with Radar,0,3,9,0,12,0,0,13,0,13,0,3,22,0,25,0,0,0,25
03/28/2020,BGM,NY,AEA,EN,Combined TRACON& Tower with Radar,0,2,0,0,2,0,0,0,0,0,0,2,0,0,2,2,0,2,4
03/29/2020,BGM,NY,AEA,EN,Combined TRACON& Tower with Radar,0,2,0,0,2,0,0,0,0,0,0,2,0,0,2,0,0,0,2
03/30/2020,BGM,NY,AEA,EN,Combined TRACON& Tower with Radar,0,2,0,0,2,0,0,0,0,0,0,2,0,0,2,0,0,0,2
03/31/2020,BGM,NY,AEA,EN,Combined TRACON& Tower with Radar,0,2,3,0,5,0,0,1,0,1,0,2,4,0,6,0,0,0,6
04/01/2020,BGM,NY,AEA,EN,Combined TRACON& Tower with Radar,0,4,5,0,9,0,0,4,0,4,0,4,9,0,13,0,0,0,13
04/02/2020,BGM,NY,AEA,EN,Combined TRACON& Tower with Radar,0,2,1,0,3,0,0,5,0,5,0,2,6,0,8,0,0,0,8
04/03/2020,BGM,NY,AEA,EN,Combined TRACON& Tower with Radar,0,2,2,0,4,0,0,0,0,0,0,2,2,0,4,0,0,0,4
04/04/2020,BGM,NY,AEA,EN,Combined TRACON& Tower with Radar,0,2,17,0,19,0,0,0,0,0,0,2,17,0,19,0,0,0,19
04/05/2020,BGM,NY,AEA,EN,Combined TRACON& Tower with Radar,0,2,1,0,3,0,0,10,0,10,0,2,11,0,13,0,0,0,13
04/06/2020,BGM,NY,AEA,EN,Combined TRACON& Tower with Radar,0,0,3,4,7,0,0,10,0,10,0,0,13,4,17,18,0,18,35
04/07/2020,BGM,NY,AEA,EN,Combined TRACON& Tower with Radar,0,2,8,0,10,0,0,17,0,17,0,2,25,0,27,0,0,0,27
04/08/2020,BGM,NY,AEA,EN,Combined TRACON& Tower with Radar,0,2,3,0,5,0,0,3,0,3,0,2,6,0,8,0,0,0,8
04/09/2020,BGM,NY,AEA,EN,Combined TRACON& Tower with Radar,0,2,0,0,2,0,0,0,0,0,0,2,0,0,2,0,0,0,2
04/10/2020,BGM,NY,AEA,EN,Combined TRACON& Tower with Radar,0,2,0,0,2,0,0,0,0,0,0,2,0,0,2,0,0,0,2
04/11/2020,BGM,NY,AEA,EN,Combined TRACON& Tower with Radar,0,2,2,0,4,0,0,7,0,7,0,2,9,0,11,0,0,0,11
04/12/2020,BGM,NY,AEA,EN,Combined TRACON& Tower with Radar,0,2,7,0,9,0,0,9,0,9,0,2,16,0,18,0,0,0,18
04/13/2020,BGM,NY,AEA,EN,Combined TRACON& Tower with Radar,0,4,0,0,4,0,0,0,0,0,0,4,0,0,4,0,0,0,4
04/14/2020,BGM,NY,AEA,EN,Combined TRACON& Tower with Radar,0,2,5,0,7,0,0,16,0,16,0,2,21,0,23,8,0,8,31
04/15/2020,BGM,NY,AEA,EN,Combined TRACON& Tower with Radar,0,2,6,0,8,0,0,6,0,6,0,2,12,0,14,12,0,12,26
04/16/2020,BGM,NY,AEA,EN,Combined TRACON& Tower with Radar,0,2,4,0,6,0,0,3,0,3,0,2,7,0,9,0,0,0,9
04/17/2020,BGM,NY,AEA,EN,Combined TRACON& Tower with Radar,0,2,8,0,10,0,0,11,0,11,0,2,19,0,21,6,0,6,27
04/18/2020,BGM,NY,AEA,EN,Combined TRACON& Tower with Radar,0,2,1,0,3,0,0,5,0,5,0,2,6,0,8,4,0,4,12
04/19/2020,BGM,NY,AEA,EN,Combined TRACON& Tower with Radar,0,2,4,0,6,0,0,6,0,6,0,2,10,0,12,2,0,2,14
04/20/2020,BGM,NY,AEA,EN,Combined TRACON& Tower with Radar,0,2,5,0,7,0,0,16,2,18,0,2,21,2,25,24,0,24,49
04/21/2020,BGM,NY,AEA,EN,Combined TRACON& Tower with Radar,0,2,2,0,4,0,0,0,0,0,0,2,2,0,4,0,0,0,4
04/22/2020,BGM,NY,AEA,EN,Combined TRACON& Tower with Radar,0,2,0,0,2,0,0,0,3,3,0,2,0,3,5,0,0,0,5
04/23/2020,BGM,NY,AEA,EN,Combined TRACON& Tower with Radar,0,2,0,0,2,0,0,1,0,1,0,2,1,0,3,0,0,0,3
04/24/2020,BGM,NY,AEA,EN,Combined TRACON& Tower with Radar,0,2,6,0,8,0,0,0,0,0,0,2,6,0,8,0,0,0,8
04/25/2020,BGM,NY,AEA,EN,Combined TRACON& Tower with Radar,0,2,11,0,13,0,0,27,0,27,0,2,38,0,40,2,0,2,42
04/26/2020,BGM,NY,AEA,EN,Combined TRACON& Tower with Radar,0,2,0,0,2,0,0,0,0,0,0,2,0,0,2,0,0,0,2
04/27/2020,BGM,NY,AEA,EN,Combined TRACON& Tower with Radar,0,2,0,0,2,0,0,0,0,0,0,2,0,0,2,0,0,0,2
04/28/2020,BGM,NY,AEA,EN,Combined TRACON& Tower with Radar,0,2,10,0,12,0,0,33,0,33,0,2,43,0,45,30,0,30,75
04/29/2020,BGM,NY,AEA,EN,Combined TRACON& Tower with Radar,0,2,0,0,2,0,0,4,0,4,0,2,4,0,6,0,0,0,6
04/30/2020,BGM,NY,AEA,EN,Combined TRACON& Tower with Radar,0,2,4,0,6,0,0,0,0,0,0,2,4,0,6,0,0,0,6
05/01/2020,BGM,NY,AEA,EN,Combined TRACON& Tower with Radar,0,2,11,0,13,0,0,4,0,4,0,2,15,0,17,0,0,0,17
05/02/2020,BGM,NY,AEA,EN,Combined TRACON& Tower with Radar,0,2,9,0,11,0,0,25,0,25,0,2,34,0,36,0,0,0,36
05/03/2020,BGM,NY,AEA,EN,Combined TRACON& Tower with Radar,0,2,6,0,8,0,1,19,0,20,0,3,25,0,28,2,0,2,30
05/04/2020,BGM,NY,AEA,EN,Combined TRACON& Tower with Radar,0,2,1,0,3,0,0,0,0,0,0,2,1,0,3,0,0,0,3
05/05/2020,BGM,NY,AEA,EN,Combined TRACON& Tower with Radar,0,0,4,0,4,0,0,21,0,21,0,0,25,0,25,10,0,10,35
05/06/2020,BGM,NY,AEA,EN,Combined TRACON& Tower with Radar,0,2,4,0,6,0,0,4,0,4,0,2,8,0,10,0,0,0,10
05/07/2020,BGM,NY,AEA,EN,Combined TRACON& Tower with Radar,0,2,4,0,6,0,0,14,0,14,0,2,18,0,20,8,0,8,28
05/08/2020,BGM,NY,AEA,EN,Combined TRACON& Tower with Radar,0,2,1,0,3,0,0,0,0,0,0,2,1,0,3,0,0,0,3
05/09/2020,BGM,NY,AEA,EN,Combined TRACON& Tower with Radar,0,2,1,0,3,0,0,0,0,0,0,2,1,0,3,0,0,0,3
05/10/2020,BGM,NY,AEA,EN,Combined TRACON& Tower with Radar,0,0,6,0,6,0,0,6,0,6,0,0,12,0,12,0,0,0,12
05/11/2020,BGM,NY,AEA,EN,Combined TRACON& Tower with Radar,0,2,4,0,6,0,0,0,0,0,0,2,4,0,6,0,0,0,6
05/12/2020,BGM,NY,AEA,EN,Combined TRACON& Tower with Radar,0,3,2,0,5,0,2,6,0,8,0,5,8,0,13,0,0,0,13
05/13/2020,BGM,NY,AEA,EN,Combined TRACON& Tower with Radar,0,3,18,0,21,0,0,25,0,25,0,3,43,0,46,0,0,0,46
05/14/2020,BGM,NY,AEA,EN,Combined TRACON& Tower with Radar,0,0,2,0,2,0,0,4,0,4,0,0,6,0,6,16,0,16,22
05/15/2020,BGM,NY,AEA,EN,Combined TRACON& Tower with Radar,0,6,2,0,8,0,0,5,0,5,0,6,7,0,13,8,0,8,21
05/16/2020,BGM,NY,AEA,EN,Combined TRACON& Tower with Radar,0,0,14,0,14,0,0,21,0,21,0,0,35,0,35,24,0,24,59
05/17/2020,BGM,NY,AEA,EN,Combined TRACON& Tower with Radar,0,4,3,0,7,0,0,13,0,13,0,4,16,0,20,8,0,8,28
05/18/2020,BGM,NY,AEA,EN,Combined TRACON& Tower with Radar,0,2,2,2,6,0,0,2,0,2,0,2,4,2,8,0,0,0,8
05/19/2020,BGM,NY,AEA,EN,Combined TRACON& Tower with Radar,0,0,2,2,4,0,0,17,0,17,0,0,19,2,21,8,0,8,29
05/20/2020,BGM,NY,AEA,EN,Combined TRACON& Tower with Radar,0,2,8,0,10,0,0,19,1,20,0,2,27,1,30,10,0,10,40
05/21/2020,BGM,NY,AEA,EN,Combined TRACON& Tower with Radar,0,0,10,0,10,0,0,13,1,14,0,0,23,1,24,0,0,0,24
05/22/2020,BGM,NY,AEA,EN,Combined TRACON& Tower with Radar,0,2,4,0,6,0,0,6,0,6,0,2,10,0,12,4,0,4,16
05/23/2020,BGM,NY,AEA,EN,Combined TRACON& Tower with Radar,0,2,9,0,11,0,0,8,0,8,0,2,17,0,19,0,0,0,19
05/24/2020,BGM,NY,AEA,EN,Combined TRACON& Tower with Radar,0,0,2,0,2,0,0,6,0,6,0,0,8,0,8,10,0,10,18
05/25/2020,BGM,NY,AEA,EN,Combined TRACON& Tower with Radar,0,2,4,0,6,0,0,4,0,4,0,2,8,0,10,44,0,44,54
05/26/2020,BGM,NY,AEA,EN,Combined TRACON& Tower with Radar,0,4,2,0,6,0,0,6,3,9,0,4,8,3,15,20,0,20,35
05/27/2020,BGM,NY,AEA,EN,Combined TRACON& Tower with Radar,0,2,13,2,17,0,0,13,1,14,0,2,26,3,31,3,0,3,34
05/28/2020,BGM,NY,AEA,EN,Combined TRACON& Tower with Radar,0,2,10,0,12,0,0,0,1,1,0,2,10,1,13,0,0,0,13
05/29/2020,BGM,NY,AEA,EN,Combined TRACON& Tower with Radar,0,2,7,0,9,0,0,4,0,4,0,2,11,0,13,6,0,6,19
05/30/2020,BGM,NY,AEA,EN,Combined TRACON& Tower with Radar,0,2,10,2,14,0,0,14,0,14,0,2,24,2,28,24,0,24,52
05/31/2020,BGM,NY,AEA,EN,Combined TRACON& Tower with Radar,0,2,3,0,5,0,0,12,0,12,0,2,15,0,17,2,0,2,19
06/01/2020,BGM,NY,AEA,EN,Combined TRACON& Tower with Radar,0,2,3,0,5,0,0,7,0,7,0,2,10,0,12,0,0,0,12
06/02/2020,BGM,NY,AEA,EN,Combined TRACON& Tower with Radar,0,2,4,0,6,0,0,11,0,11,0,2,15,0,17,0,0,0,17
06/03/2020,BGM,NY,AEA,EN,Combined TRACON& Tower with Radar,0,2,0,0,2,0,0,3,0,3,0,2,3,0,5,0,0,0,5
06/04/2020,BGM,NY,AEA,EN,Combined TRACON& Tower with Radar,0,0,18,0,18,0,0,14,0,14,0,0,32,0,32,16,0,16,48
06/05/2020,BGM,NY,AEA,EN,Combined TRACON& Tower with Radar,0,3,18,0,21,0,0,14,0,14,0,3,32,0,35,0,0,0,35
06/06/2020,BGM,NY,AEA,EN,Combined TRACON& Tower with Radar,0,3,15,0,18,0,0,9,0,9,0,3,24,0,27,8,0,8,35
06/07/2020,BGM,NY,AEA,EN,Combined TRACON& Tower with Radar,0,2,9,0,11,0,0,9,0,9,0,2,18,0,20,12,0,12,32
06/08/2020,BGM,NY,AEA,EN,Combined TRACON& Tower with Radar,0,3,4,0,7,0,0,23,0,23,0,3,27,0,30,6,0,6,36
06/09/2020,BGM,NY,AEA,EN,Combined TRACON& Tower with Radar,0,3,8,2,13,0,0,17,3,20,0,3,25,5,33,18,6,24,57
06/10/2020,BGM,NY,AEA,EN,Combined TRACON& Tower with Radar,0,2,5,0,7,0,0,5,0,5,0,2,10,0,12,32,0,32,44
06/11/2020,BGM,NY,AEA,EN,Combined TRACON& Tower with Radar,0,4,2,0,6,0,0,6,0,6,0,4,8,0,12,0,0,0,12
06/12/2020,BGM,NY,AEA,EN,Combined TRACON& Tower with Radar,0,0,4,0,4,0,0,13,0,13,0,0,17,0,17,2,0,2,19
06/13/2020,BGM,NY,AEA,EN,Combined TRACON& Tower with Radar,0,0,17,0,17,0,0,28,0,28,0,0,45,0,45,0,0,0,45
06/14/2020,BGM,NY,AEA,EN,Combined TRACON& Tower with Radar,0,2,10,0,12,0,0,18,0,18,0,2,28,0,30,28,0,28,58
06/15/2020,BGM,NY,AEA,EN,Combined TRACON& Tower with Radar,0,2,6,0,8,0,0,14,0,14,0,2,20,0,22,14,0,14,36
06/16/2020,BGM,NY,AEA,EN,Combined TRACON& Tower with Radar,0,3,9,0,12,0,0,14,0,14,0,3,23,0,26,0,0,0,26
06/17/2020,BGM,NY,AEA,EN,Combined TRACON& Tower with Radar,0,1,8,3,12,0,0,17,0,17,0,1,25,3,29,14,0,14,43
06/18/2020,BGM,NY,AEA,EN,Combined TRACON& Tower with Radar,0,6,8,0,14,0,0,14,0,14,0,6,22,0,28,24,0,24,52
06/19/2020,BGM,NY,AEA,EN,Combined TRACON& Tower with Radar,0,2,14,0,16,0,0,12,2,14,0,2,26,2,30,32,0,32,62
06/20/2020,BGM,NY,AEA,EN,Combined TRACON& Tower with Radar,0,2,4,0,6,0,0,20,0,20,0,2,24,0,26,0,0,0,26
06/21/2020,BGM,NY,AEA,EN,Combined TRACON& Tower with Radar,0,2,5,0,7,0,0,12,0,12,0,2,17,0,19,10,0,10,29
06/22/2020,BGM,NY,AEA,EN,Combined TRACON& Tower with Radar,0,2,3,0,5,0,0,10,0,10,0,2,13,0,15,0,0,0,15
06/23/2020,BGM,NY,AEA,EN,Combined TRACON& Tower with Radar,0,2,1,0,3,0,0,6,0,6,0,2,7,0,9,12,0,12,21
06/24/2020,BGM,NY,AEA,EN,Combined TRACON& Tower with Radar,0,3,11,6,20,0,0,6,0,6,0,3,17,6,26,18,0,18,44
06/25/2020,BGM,NY,AEA,EN,Combined TRACON& Tower with Radar,0,3,2,0,5,0,0,7,0,7,0,3,9,0,12,30,0,30,42
06/26/2020,BGM,NY,AEA,EN,Combined TRACON& Tower with Radar,0,4,13,0,17,0,0,19,0,19,0,4,32,0,36,12,0,12,48
06/27/2020,BGM,NY,AEA,EN,Combined TRACON& Tower with Radar,0,2,8,0,10,0,0,0,0,0,0,2,8,0,10,0,0,0,10
06/28/2020,BGM,NY,AEA,EN,Combined TRACON& Tower with Radar,0,3,3,0,6,0,0,4,0,4,0,3,7,0,10,4,0,4,14
06/29/2020,BGM,NY,AEA,EN,Combined TRACON& Tower with Radar,0,2,8,4,14,0,2,12,0,14,0,4,20,4,28,8,12,20,48
06/30/2020,BGM,NY,AEA,EN,Combined TRACON& Tower with Radar,0,2,16,4,22,0,0,10,0,10,0,2,26,4,32,6,0,6,38
07/01/2020,BGM,NY,AEA,EN,Combined TRACON& Tower with Radar,0,5,10,0,15,0,0,2,0,2,0,5,12,0,17,0,0,0,17
07/02/2020,BGM,NY,AEA,EN,Combined TRACON& Tower with Radar,0,2,6,0,8,0,0,24,0,24,0,2,30,0,32,14,0,14,46
07/03/2020,BGM,NY,AEA,EN,Combined TRACON& Tower with Radar,0,3,5,0,8,0,0,18,0,18,0,3,23,0,26,20,0,20,46
07/04/2020,BGM,NY,AEA,EN,Combined TRACON& Tower with Radar,0,2,4,0,6,0,0,13,0,13,0,2,17,0,19,0,0,0,19
07/05/2020,BGM,NY,AEA,EN,Combined TRACON& Tower with Radar,0,4,5,0,9,0,0,11,0,11,0,4,16,0,20,0,0,0,20
07/06/2020,BGM,NY,AEA,EN,Combined TRACON& Tower with Radar,0,2,6,0,8,0,0,21,0,21,0,2,27,0,29,2,0,2,31
07/07/2020,BGM,NY,AEA,EN,Combined TRACON& Tower with Radar,0,2,6,0,8,0,0,5,0,5,0,2,11,0,13,20,0,20,33
07/08/2020,BGM,NY,AEA,EN,Combined TRACON& Tower with Radar,0,3,10,0,13,0,0,13,0,13,0,3,23,0,26,32,0,32,58
07/09/2020,BGM,NY,AEA,EN,Combined TRACON& Tower with Radar,0,4,10,0,14,0,0,14,0,14,0,4,24,0,28,12,0,12,40
07/10/2020,BGM,NY,AEA,EN,Combined TRACON& Tower with Radar,0,2,5,0,7,0,0,19,0,19,0,2,24,0,26,18,0,18,44
07/11/2020,BGM,NY,AEA,EN,Combined TRACON& Tower with Radar,0,2,0,0,2,0,0,0,0,0,0,2,0,0,2,0,0,0,2
07/12/2020,BGM,NY,AEA,EN,Combined TRACON& Tower with Radar,0,4,9,0,13,0,0,5,0,5,0,4,14,0,18,4,0,4,22
07/13/2020,BGM,NY,AEA,EN,Combined TRACON& Tower with Radar,0,2,6,4,12,0,0,2,0,2,0,2,8,4,14,0,10,10,24
07/14/2020,BGM,NY,AEA,EN,Combined TRACON& Tower with Radar,0,5,9,0,14,0,0,26,0,26,0,5,35,0,40,52,0,52,92
07/15/2020,BGM,NY,AEA,EN,Combined TRACON& Tower with Radar,0,5,11,0,16,0,0,26,0,26,0,5,37,0,42,14,0,14,56
07/16/2020,BGM,NY,AEA,EN,Combined TRACON& Tower with Radar,0,6,12,0,18,0,0,4,0,4,0,6,16,0,22,0,0,0,22
07/17/2020,BGM,NY,AEA,EN,Combined TRACON& Tower with Radar,0,4,11,0,15,0,0,8,0,8,0,4,19,0,23,24,0,24,47
07/18/2020,BGM,NY,AEA,EN,Combined TRACON& Tower with Radar,0,2,1,0,3,0,0,28,0,28,0,2,29,0,31,10,0,10,41
07/19/2020,BGM,NY,AEA,EN,Combined TRACON& Tower with Radar,0,5,2,0,7,0,0,13,0,13,0,5,15,0,20,16,0,16,36
07/20/2020,BGM,NY,AEA,EN,Combined TRACON& Tower with Radar,0,5,8,0,13,0,0,7,0,7,0,5,15,0,20,0,0,0,20
07/21/2020,BGM,NY,AEA,EN,Combined TRACON& Tower with Radar,0,2,3,0,5,0,0,13,0,13,0,2,16,0,18,0,0,0,18
07/22/2020,BGM,NY,AEA,EN,Combined TRACON& Tower with Radar,0,6,2,0,8,0,0,14,1,15,0,6,16,1,23,0,0,0,23
07/23/2020,BGM,NY,AEA,EN,Combined TRACON& Tower with Radar,0,6,3,0,9,0,0,7,0,7,0,6,10,0,16,0,0,0,16
07/24/2020,BGM,NY,AEA,EN,Combined TRACON& Tower with Radar,0,2,11,1,14,0,0,10,0,10,0,2,21,1,24,0,0,0,24
07/25/2020,BGM,NY,AEA,EN,Combined TRACON& Tower with Radar,0,2,1,0,3,0,0,20,0,20,0,2,21,0,23,54,0,54,77
07/26/2020,BGM,NY,AEA,EN,Combined TRACON& Tower with Radar,0,2,7,0,9,0,2,24,0,26,0,4,31,0,35,2,0,2,37
07/27/2020,BGM,NY,AEA,EN,Combined TRACON& Tower with Radar,0,3,2,0,5,0,0,3,0,3,0,3,5,0,8,19,0,19,27
07/28/2020,BGM,NY,AEA,EN,Combined TRACON& Tower with Radar,0,2,6,0,8,0,0,8,0,8,0,2,14,0,16,0,0,0,16
07/29/2020,BGM,NY,AEA,EN,Combined TRACON& Tower with Radar,0,4,5,0,9,0,0,25,0,25,0,4,30,0,34,2,0,2,36
07/30/2020,BGM,NY,AEA,EN,Combined TRACON& Tower with Radar,0,2,4,0,6,0,0,3,0,3,0,2,7,0,9,26,0,26,35
07/31/2020,BGM,NY,AEA,EN,Combined TRACON& Tower with Radar,0,4,30,0,34,0,0,20,0,20,0,4,50,0,54,8,0,8,62
08/01/2020,BGM,NY,AEA,EN,Combined TRACON& Tower with Radar,0,2,6,0,8,0,0,31,0,31,0,2,37,0,39,38,0,38,77
08/02/2020,BGM,NY,AEA,EN,Combined TRACON& Tower with Radar,0,2,3,0,5,0,0,0,0,0,0,2,3,0,5,0,0,0,5
08/03/2020,BGM,NY,AEA,EN,Combined TRACON& Tower with Radar,0,4,2,1,7,0,0,8,1,9,0,4,10,2,16,0,0,0,16
08/04/2020,BGM,NY,AEA,EN,Combined TRACON& Tower with Radar,0,4,4,0,8,0,0,0,0,0,0,4,4,0,8,0,0,0,8
08/05/2020,BGM,NY,AEA,EN,Combined TRACON& Tower with Radar,0,2,14,7,23,0,0,19,2,21,0,2,33,9,44,6,0,6,50
08/06/2020,BGM,NY,AEA,EN,Combined TRACON& Tower with Radar,0,5,2,0,7,0,0,20,0,20,0,5,22,0,27,12,0,12,39
08/07/2020,BGM,NY,AEA,EN,Combined TRACON& Tower with Radar,0,3,10,0,13,0,0,6,0,6,0,3,16,0,19,11,0,11,30
08/08/2020,BGM,NY,AEA,EN,Combined TRACON& Tower with Radar,0,3,10,0,13,0,0,12,0,12,0,3,22,0,25,4,0,4,29
08/09/2020,BGM,NY,AEA,EN,Combined TRACON& Tower with Radar,0,3,1,0,4,0,0,23,0,23,0,3,24,0,27,3,0,3,30
08/10/2020,BGM,NY,AEA,EN,Combined TRACON& Tower with Radar,0,4,8,4,16,0,0,8,0,8,0,4,16,4,24,0,0,0,24
08/11/2020,BGM,NY,AEA,EN,Combined TRACON& Tower with Radar,0,2,5,0,7,0,0,11,0,11,0,2,16,0,18,18,0,18,36
08/12/2020,BGM,NY,AEA,EN,Combined TRACON& Tower with Radar,0,2,9,0,11,0,0,16,0,16,0,2,25,0,27,0,0,0,27
08/13/2020,BGM,NY,AEA,EN,Combined TRACON& Tower with Radar,0,2,12,0,14,0,0,14,0,14,0,2,26,0,28,24,0,24,52
08/14/2020,BGM,NY,AEA,EN,Combined TRACON& Tower with Radar,0,4,8,2,14,0,0,16,0,16,0,4,24,2,30,0,0,0,30
08/15/2020,BGM,NY,AEA,EN,Combined TRACON& Tower with Radar,0,4,3,0,7,0,0,22,0,22,0,4,25,0,29,26,0,26,55
08/16/2020,BGM,NY,AEA,EN,Combined TRACON& Tower with Radar,0,4,10,0,14,0,0,10,0,10,0,4,20,0,24,0,0,0,24
08/17/2020,BGM,NY,AEA,EN,Combined TRACON& Tower with Radar,0,4,3,0,7,0,0,2,0,2,0,4,5,0,9,0,0,0,9
08/18/2020,BGM,NY,AEA,EN,Combined TRACON& Tower with Radar,0,2,1,0,3,0,0,3,0,3,0,2,4,0,6,6,0,6,12
08/19/2020,BGM,NY,AEA,EN,Combined TRACON& Tower with Radar,0,4,9,0,13,0,0,23,0,23,0,4,32,0,36,18,0,18,54
08/20/2020,BGM,NY,AEA,EN,Combined TRACON& Tower with Radar,0,3,11,9,23,0,0,25,7,32,0,3,36,16,55,14,0,14,69
08/21/2020,BGM,NY,AEA,EN,Combined TRACON& Tower with Radar,0,6,6,0,12,0,0,19,0,19,0,6,25,0,31,6,0,6,37
08/22/2020,BGM,NY,AEA,EN,Combined TRACON& Tower with Radar,0,2,4,0,6,0,0,20,0,20,0,2,24,0,26,10,0,10,36
08/23/2020,BGM,NY,AEA,EN,Combined TRACON& Tower with Radar,0,2,3,0,5,0,0,11,0,11,0,2,14,0,16,10,0,10,26
08/24/2020,BGM,NY,AEA,EN,Combined TRACON& Tower with Radar,0,6,3,0,9,0,0,4,2,6,0,6,7,2,15,0,0,0,15
08/25/2020,BGM,NY,AEA,EN,Combined TRACON& Tower with Radar,0,2,5,0,7,0,0,6,0,6,0,2,11,0,13,0,0,0,13
08/26/2020,BGM,NY,AEA,EN,Combined TRACON& Tower with Radar,0,4,8,0,12,0,0,24,0,24,0,4,32,0,36,8,0,8,44
08/27/2020,BGM,NY,AEA,EN,Combined TRACON& Tower with Radar,0,2,4,0,6,0,0,4,0,4,0,2,8,0,10,0,0,0,10
08/28/2020,BGM,NY,AEA,EN,Combined TRACON& Tower with Radar,0,2,3,0,5,0,0,4,0,4,0,2,7,0,9,40,0,40,49
08/29/2020,BGM,NY,AEA,EN,Combined TRACON& Tower with Radar,0,2,7,0,9,0,0,2,0,2,0,2,9,0,11,4,0,4,15
08/30/2020,BGM,NY,AEA,EN,Combined TRACON& Tower with Radar,0,2,4,0,6,0,0,15,0,15,0,2,19,0,21,0,0,0,21
08/31/2020,BGM,NY,AEA,EN,Combined TRACON& Tower with Radar,0,2,5,0,7,0,0,11,0,11,0,2,16,0,18,16,0,16,34
09/01/2020,BGM,NY,AEA,EN,Combined TRACON& Tower with Radar,0,4,2,0,6,0,0,8,0,8,0,4,10,0,14,0,0,0,14
09/02/2020,BGM,NY,AEA,EN,Combined TRACON& Tower with Radar,0,4,6,0,10,0,0,0,0,0,0,4,6,0,10,0,0,0,10
09/03/2020,BGM,NY,AEA,EN,Combined TRACON& Tower with Radar,0,3,1,0,4,0,0,14,0,14,0,3,15,0,18,12,0,12,30
09/04/2020,BGM,NY,AEA,EN,Combined TRACON& Tower with Radar,0,4,4,0,8,0,0,10,0,10,0,4,14,0,18,0,0,0,18
09/05/2020,BGM,NY,AEA,EN,Combined TRACON& Tower with Radar,0,2,4,0,6,0,1,22,0,23,0,3,26,0,29,18,0,18,47
09/06/2020,BGM,NY,AEA,EN,Combined TRACON& Tower with Radar,0,2,12,0,14,0,0,15,0,15,0,2,27,0,29,0,0,0,29
09/07/2020,BGM,NY,AEA,EN,Combined TRACON& Tower with Radar,0,2,3,0,5,0,0,2,0,2,0,2,5,0,7,0,0,0,7
09/08/2020,BGM,NY,AEA,EN,Combined TRACON& Tower with Radar,0,3,4,0,7,0,0,12,0,12,0,3,16,0,19,6,0,6,25
09/09/2020,BGM,NY,AEA,EN,Combined TRACON& Tower with Radar,0,3,8,0,11,0,0,19,0,19,0,3,27,0,30,1,0,1,31
09/10/2020,BGM,NY,AEA,EN,Combined TRACON& Tower with Radar,0,4,6,0,10,0,0,8,0,8,0,4,14,0,18,0,0,0,18
09/11/2020,BGM,NY,AEA,EN,Combined TRACON& Tower with Radar,0,6,10,0,16,0,0,16,2,18,0,6,26,2,34,4,0,4,38
09/12/2020,BGM,NY,AEA,EN,Combined TRACON& Tower with Radar,0,2,2,0,4,0,0,19,0,19,0,2,21,0,23,6,0,6,29
09/13/2020,BGM,NY,AEA,EN,Combined TRACON& Tower with Radar,0,4,5,0,9,0,2,4,0,6,0,6,9,0,15,0,0,0,15
09/14/2020,BGM,NY,AEA,EN,Combined TRACON& Tower with Radar,0,2,9,0,11,0,0,3,0,3,0,2,12,0,14,0,0,0,14
09/15/2020,BGM,NY,AEA,EN,Combined TRACON& Tower with Radar,0,3,7,0,10,0,0,24,0,24,0,3,31,0,34,6,0,6,40
09/16/2020,BGM,NY,AEA,EN,Combined TRACON& Tower with Radar,0,2,7,0,9,0,0,7,0,7,0,2,14,0,16,0,0,0,16
09/17/2020,BGM,NY,AEA,EN,Combined TRACON& Tower with Radar,0,4,4,1,9,0,0,0,1,1,0,4,4,2,10,0,0,0,10
09/18/2020,BGM,NY,AEA,EN,Combined TRACON& Tower with Radar,0,2,8,0,10,0,0,17,0,17,0,2,25,0,27,8,0,8,35
09/19/2020,BGM,NY,AEA,EN,Combined TRACON& Tower with Radar,0,2,2,0,4,0,0,30,0,30,0,2,32,0,34,14,0,14,48
09/20/2020,BGM,NY,AEA,EN,Combined TRACON& Tower with Radar,0,2,9,0,11,0,0,27,0,27,0,2,36,0,38,18,0,18,56
09/21/2020,BGM,NY,AEA,EN,Combined TRACON& Tower with Radar,0,4,2,6,12,0,0,20,0,20,0,4,22,6,32,0,0,0,32
09/22/2020,BGM,NY,AEA,EN,Combined TRACON& Tower with Radar,0,2,8,4,14,0,0,14,0,14,0,2,22,4,28,26,12,38,66
09/23/2020,BGM,NY,AEA,EN,Combined TRACON& Tower with Radar,0,5,0,0,5,0,0,6,0,6,0,5,6,0,11,28,0,28,39
09/24/2020,BGM,NY,AEA,EN,Combined TRACON& Tower with Radar,0,3,4,1,8,0,1,10,3,14,0,4,14,4,22,14,0,14,36
09/25/2020,BGM,NY,AEA,EN,Combined TRACON& Tower with Radar,0,4,10,0,14,0,0,16,0,16,0,4,26,0,30,18,0,18,48
09/26/2020,BGM,NY,AEA,EN,Combined TRACON& Tower with Radar,0,2,3,0,5,0,0,10,0,10,0,2,13,0,15,22,0,22,37
09/27/2020,BGM,NY,AEA,EN,Combined TRACON& Tower with Radar,0,2,11,0,13,0,0,2,0,2,0,2,13,0,15,0,0,0,15
09/28/2020,BGM,NY,AEA,EN,Combined TRACON& Tower with Radar,0,2,5,4,11,0,0,7,0,7,0,2,12,4,18,0,0,0,18
09/29/2020,BGM,NY,AEA,EN,Combined TRACON& Tower with Radar,0,2,4,0,6,0,0,0,0,0,0,2,4,0,6,0,0,0,6
09/30/2020,BGM,NY,AEA,EN,Combined TRACON& Tower with Radar,0,2,7,0,9,0,0,3,0,3,0,2,10,0,12,0,0,0,12
10/01/2020,BGM,NY,AEA,EN,Combined TRACON& Tower with Radar,0,3,8,2,13,0,0,11,3,14,0,3,19,5,27,0,0,0,27
10/02/2020,BGM,NY,AEA,EN,Combined TRACON& Tower with Radar,0,2,6,0,8,0,0,5,0,5,0,2,11,0,13,0,0,0,13
10/03/2020,BGM,NY,AEA,EN,Combined TRACON& Tower with Radar,0,2,3,0,5,0,0,3,0,3,0,2,6,0,8,20,0,20,28
10/04/2020,BGM,NY,AEA,EN,Combined TRACON& Tower with Radar,0,4,0,0,4,0,0,6,0,6,0,4,6,0,10,0,0,0,10
10/05/2020,BGM,NY,AEA,EN,Combined TRACON& Tower with Radar,0,2,1,2,5,0,0,11,1,12,0,2,12,3,17,18,0,18,35
10/06/2020,BGM,NY,AEA,EN,Combined TRACON& Tower with Radar,0,3,4,0,7,0,0,18,0,18,0,3,22,0,25,0,0,0,25
10/07/2020,BGM,NY,AEA,EN,Combined TRACON& Tower with Radar,0,2,2,0,4,0,0,3,0,3,0,2,5,0,7,0,0,0,7
10/08/2020,BGM,NY,AEA,EN,Combined TRACON& Tower with Radar,0,3,3,1,7,0,0,5,0,5,0,3,8,1,12,2,0,2,14
10/09/2020,BGM,NY,AEA,EN,Combined TRACON& Tower with Radar,0,2,2,0,4,0,0,5,1,6,0,2,7,1,10,0,0,0,10
10/10/2020,BGM,NY,AEA,EN,Combined TRACON& Tower with Radar,0,4,0,0,4,0,0,5,0,5,0,4,5,0,9,0,0,0,9
10/11/2020,BGM,NY,AEA,EN,Combined TRACON& Tower with Radar,0,2,7,0,9,0,0,19,0,19,0,2,26,0,28,24,0,24,52
10/12/2020,BGM,NY,AEA,EN,Combined TRACON& Tower with Radar,0,2,10,0,12,0,0,0,0,0,0,2,10,0,12,0,0,0,12
10/13/2020,BGM,NY,AEA,EN,Combined TRACON& Tower with Radar,0,2,4,0,6,0,0,0,0,0,0,2,4,0,6,0,0,0,6
10/14/2020,BGM,NY,AEA,EN,Combined TRACON& Tower with Radar,0,2,4,0,6,0,0,23,0,23,0,2,27,0,29,36,0,36,65
10/15/2020,BGM,NY,AEA,EN,Combined TRACON& Tower with Radar,0,2,2,0,4,0,0,5,0,5,0,2,7,0,9,10,0,10,19
10/16/2020,BGM,NY,AEA,EN,Combined TRACON& Tower with Radar,0,4,1,0,5,0,0,2,0,2,0,4,3,0,7,0,0,0,7
10/17/2020,BGM,NY,AEA,EN,Combined TRACON& Tower with Radar,0,2,6,0,8,0,0,27,0,27,0,2,33,0,35,16,0,16,51
10/18/2020,BGM,NY,AEA,EN,Combined TRACON& Tower with Radar,0,2,2,0,4,0,0,9,0,9,0,2,11,0,13,4,0,4,17
10/19/2020,BGM,NY,AEA,EN,Combined TRACON& Tower with Radar,0,2,12,0,14,0,0,0,0,0,0,2,12,0,14,0,0,0,14
10/20/2020,BGM,NY,AEA,EN,Combined TRACON& Tower with Radar,0,2,9,0,11,0,0,0,0,0,0,2,9,0,11,0,0,0,11
10/21/2020,BGM,NY,AEA,EN,Combined TRACON& Tower with Radar,0,4,1,0,5,0,0,9,0,9,0,4,10,0,14,0,0,0,14
10/22/2020,BGM,NY,AEA,EN,Combined TRACON& Tower with Radar,0,4,6,0,10,0,0,15,0,15,0,4,21,0,25,4,0,4,29
10/23/2020,BGM,NY,AEA,EN,Combined TRACON& Tower with Radar,0,2,4,0,6,0,0,13,0,13,0,2,17,0,19,30,0,30,49
10/24/2020,BGM,NY,AEA,EN,Combined TRACON& Tower with Radar,0,2,1,0,3,0,0,0,0,0,0,2,1,0,3,0,0,0,3
10/25/2020,BGM,NY,AEA,EN,Combined TRACON& Tower with Radar,0,4,4,0,8,0,0,31,0,31,0,4,35,0,39,38,0,38,77
10/26/2020,BGM,NY,AEA,EN,Combined TRACON& Tower with Radar,0,2,0,0,2,0,0,0,0,0,0,2,0,0,2,0,0,0,2
10/27/2020,BGM,NY,AEA,EN,Combined TRACON& Tower with Radar,0,4,11,0,15,0,0,6,0,6,0,4,17,0,21,18,0,18,39
10/28/2020,BGM,NY,AEA,EN,Combined TRACON& Tower with Radar,0,2,7,0,9,0,0,3,0,3,0,2,10,0,12,28,0,28,40
10/29/2020,BGM,NY,AEA,EN,Combined TRACON& Tower with Radar,0,4,0,0,4,0,0,0,0,0,0,4,0,0,4,0,0,0,4
10/30/2020,BGM,NY,AEA,EN,Combined TRACON& Tower with Radar,0,4,3,0,7,0,0,0,0,0,0,4,3,0,7,0,0,0,7
10/31/2020,BGM,NY,AEA,EN,Combined TRACON& Tower with Radar,0,2,5,0,7,0,0,34,0,34,0,2,39,0,41,6,0,6,47
11/01/2020,BGM,NY,AEA,EN,Combined TRACON& Tower with Radar,0,4,2,0,6,0,0,1,0,1,0,4,3,0,7,0,0,0,7
11/02/2020,BGM,NY,AEA,EN,Combined TRACON& Tower with Radar,0,2,4,0,6,0,0,1,0,1,0,2,5,0,7,0,0,0,7
11/03/2020,BGM,NY,AEA,EN,Combined TRACON& Tower with Radar,0,2,1,0,3,0,0,10,3,13,0,2,11,3,16,0,0,0,16
11/04/2020,BGM,NY,AEA,EN,Combined TRACON& Tower with Radar,0,3,4,3,10,0,0,14,0,14,0,3,18,3,24,6,0,6,30
11/05/2020,BGM,NY,AEA,EN,Combined TRACON& Tower with Radar,0,6,2,0,8,0,0,17,0,17,0,6,19,0,25,18,0,18,43
11/06/2020,BGM,NY,AEA,EN,Combined TRACON& Tower with Radar,0,2,9,0,11,0,0,20,0,20,0,2,29,0,31,32,0,32,63
11/07/2020,BGM,NY,AEA,EN,Combined TRACON& Tower with Radar,0,2,11,0,13,0,0,32,0,32,0,2,43,0,45,58,0,58,103
11/08/2020,BGM,NY,AEA,EN,Combined TRACON& Tower with Radar,0,2,7,0,9,0,0,20,0,20,0,2,27,0,29,18,0,18,47
11/09/2020,BGM,NY,AEA,EN,Combined TRACON& Tower with Radar,0,2,6,0,8,0,0,22,0,22,0,2,28,0,30,8,0,8,38
11/10/2020,BGM,NY,AEA,EN,Combined TRACON& Tower with Radar,0,4,8,2,14,0,0,15,0,15,0,4,23,2,29,0,0,0,29
11/11/2020,BGM,NY,AEA,EN,Combined TRACON& Tower with Radar,0,2,0,0,2,0,0,0,0,0,0,2,0,0,2,0,0,0,2
11/12/2020,BGM,NY,AEA,EN,Combined TRACON& Tower with Radar,0,2,0,0,2,0,4,3,0,7,0,6,3,0,9,48,0,48,57
11/13/2020,BGM,NY,AEA,EN,Combined TRACON& Tower with Radar,0,4,5,0,9,0,0,13,0,13,0,4,18,0,22,44,0,44,66
11/14/2020,BGM,NY,AEA,EN,Combined TRACON& Tower with Radar,0,4,5,0,9,0,0,20,0,20,0,4,25,0,29,22,0,22,51
11/15/2020,BGM,NY,AEA,EN,Combined TRACON& Tower with Radar,0,4,0,0,4,0,0,0,0,0,0,4,0,0,4,0,0,0,4
11/16/2020,BGM,NY,AEA,EN,Combined TRACON& Tower with Radar,0,2,1,0,3,0,0,2,0,2,0,2,3,0,5,0,0,0,5
11/17/2020,BGM,NY,AEA,EN,Combined TRACON& Tower with Radar,0,2,0,0,2,0,0,0,0,0,0,2,0,0,2,0,0,0,2
11/18/2020,BGM,NY,AEA,EN,Combined TRACON& Tower with Radar,0,3,5,0,8,0,0,2,0,2,0,3,7,0,10,0,0,0,10
11/19/2020,BGM,NY,AEA,EN,Combined TRACON& Tower with Radar,0,4,3,0,7,0,0,6,0,6,0,4,9,0,13,0,28,28,41
11/20/2020,BGM,NY,AEA,EN,Combined TRACON& Tower with Radar,0,4,13,0,17,0,0,10,0,10,0,4,23,0,27,0,0,0,27
11/21/2020,BGM,NY,AEA,EN,Combined TRACON& Tower with Radar,0,2,6,0,8,0,0,20,0,20,0,2,26,0,28,34,0,34,62
11/22/2020,BGM,NY,AEA,EN,Combined TRACON& Tower with Radar,0,2,0,0,2,0,0,0,0,0,0,2,0,0,2,0,0,0,2
11/23/2020,BGM,NY,AEA,EN,Combined TRACON& Tower with Radar,0,8,3,1,12,0,0,3,1,4,0,8,6,2,16,0,0,0,16
11/24/2020,BGM,NY,AEA,EN,Combined TRACON& Tower with Radar,0,5,5,1,11,0,0,14,0,14,0,5,19,1,25,0,0,0,25
11/25/2020,BGM,NY,AEA,EN,Combined TRACON& Tower with Radar,0,2,10,0,12,0,0,3,0,3,0,2,13,0,15,0,0,0,15
11/26/2020,BGM,NY,AEA,EN,Combined TRACON& Tower with Radar,0,2,1,0,3,0,0,0,0,0,0,2,1,0,3,0,0,0,3
11/27/2020,BGM,NY,AEA,EN,Combined TRACON& Tower with Radar,0,5,2,0,7,0,0,0,0,0,0,5,2,0,7,0,0,0,7
11/28/2020,BGM,NY,AEA,EN,Combined TRACON& Tower with Radar,0,2,1,0,3,0,0,6,0,6,0,2,7,0,9,8,0,8,17
11/29/2020,BGM,NY,AEA,EN,Combined TRACON& Tower with Radar,0,4,7,0,11,0,0,30,0,30,0,4,37,0,41,48,0,48,89
11/30/2020,BGM,NY,AEA,EN,Combined TRACON& Tower with Radar,0,2,0,0,2,0,0,0,0,0,0,2,0,0,2,0,0,0,2
12/01/2020,BGM,NY,AEA,EN,Combined TRACON& Tower with Radar,0,2,8,2,12,0,0,0,0,0,0,2,8,2,12,0,0,0,12
12/02/2020,BGM,NY,AEA,EN,Combined TRACON& Tower with Radar,0,4,0,0,4,0,0,0,0,0,0,4,0,0,4,0,0,0,4
12/03/2020,BGM,NY,AEA,EN,Combined TRACON& Tower with Radar,0,2,5,0,7,0,0,25,0,25,0,2,30,0,32,10,0,10,42
12/04/2020,BGM,NY,AEA,EN,Combined TRACON& Tower with Radar,0,3,8,0,11,0,0,7,0,7,0,3,15,0,18,0,0,0,18
12/05/2020,BGM,NY,AEA,EN,Combined TRACON& Tower with Radar,0,3,0,0,3,0,0,0,0,0,0,3,0,0,3,0,0,0,3
12/06/2020,BGM,NY,AEA,EN,Combined TRACON& Tower with Radar,0,2,2,0,4,0,0,0,0,0,0,2,2,0,4,0,0,0,4
12/07/2020,BGM,NY,AEA,EN,Combined TRACON& Tower with Radar,0,2,1,2,5,0,0,0,0,0,0,2,1,2,5,0,0,0,5
12/08/2020,BGM,NY,AEA,EN,Combined TRACON& Tower with Radar,0,4,5,0,9,0,0,11,0,11,0,4,16,0,20,0,0,0,20
12/09/2020,BGM,NY,AEA,EN,Combined TRACON& Tower with Radar,0,2,2,0,4,0,0,0,0,0,0,2,2,0,4,0,0,0,4
12/10/2020,BGM,NY,AEA,EN,Combined TRACON& Tower with Radar,0,2,3,0,5,0,0,5,0,5,0,2,8,0,10,8,0,8,18
12/11/2020,BGM,NY,AEA,EN,Combined TRACON& Tower with Radar,0,6,6,0,12,0,0,27,0,27,0,6,33,0,39,8,40,48,87
12/12/2020,BGM,NY,AEA,EN,Combined TRACON& Tower with Radar,0,4,8,0,12,0,0,19,0,19,0,4,27,0,31,30,0,30,61
12/13/2020,BGM,NY,AEA,EN,Combined TRACON& Tower with Radar,0,2,2,0,4,0,0,3,0,3,0,2,5,0,7,12,0,12,19
12/14/2020,BGM,NY,AEA,EN,Combined TRACON& Tower with Radar,0,2,2,3,7,0,0,0,0,0,0,2,2,3,7,0,0,0,7
12/15/2020,BGM,NY,AEA,EN,Combined TRACON& Tower with Radar,0,3,6,1,10,0,0,1,4,5,0,3,7,5,15,4,0,4,19
12/16/2020,BGM,NY,AEA,EN,Combined TRACON& Tower with Radar,0,3,2,0,5,0,0,2,2,4,0,3,4,2,9,42,0,42,51
12/17/2020,BGM,NY,AEA,EN,Combined TRACON& Tower with Radar,0,2,0,0,2,0,0,0,0,0,0,2,0,0,2,0,0,0,2
12/18/2020,BGM,NY,AEA,EN,Combined TRACON& Tower with Radar,0,5,3,0,8,0,0,2,0,2,0,5,5,0,10,0,0,0,10
12/19/2020,BGM,NY,AEA,EN,Combined TRACON& Tower with Radar,0,3,3,0,6,0,0,13,2,15,0,3,16,2,21,16,30,46,67
12/20/2020,BGM,NY,AEA,EN,Combined TRACON& Tower with Radar,0,4,2,0,6,0,0,0,0,0,0,4,2,0,6,0,0,0,6
12/21/2020,BGM,NY,AEA,EN,Combined TRACON& Tower with Radar,0,2,3,0,5,0,0,7,0,7,0,2,10,0,12,44,0,44,56
12/22/2020,BGM,NY,AEA,EN,Combined TRACON& Tower with Radar,0,3,2,0,5,0,0,0,0,0,0,3,2,0,5,0,0,0,5
12/23/2020,BGM,NY,AEA,EN,Combined TRACON& Tower with Radar,0,2,6,0,8,0,0,32,0,32,0,2,38,0,40,12,0,12,52
12/24/2020,BGM,NY,AEA,EN,Combined TRACON& Tower with Radar,0,2,0,0,2,0,0,0,0,0,0,2,0,0,2,0,0,0,2
12/25/2020,BGM,NY,AEA,EN,Combined TRACON& Tower with Radar,0,4,0,0,4,0,0,0,0,0,0,4,0,0,4,0,0,0,4
12/26/2020,BGM,NY,AEA,EN,Combined TRACON& Tower with Radar,0,2,2,0,4,0,0,0,0,0,0,2,2,0,4,0,0,0,4
12/27/2020,BGM,NY,AEA,EN,Combined TRACON& Tower with Radar,0,4,11,0,15,0,0,14,0,14,0,4,25,0,29,4,0,4,33
12/28/2020,BGM,NY,AEA,EN,Combined TRACON& Tower with Radar,2,3,2,0,7,0,0,5,0,5,2,3,7,0,12,0,0,0,12
12/29/2020,BGM,NY,AEA,EN,Combined TRACON& Tower with Radar,0,4,5,0,9,0,0,0,0,0,0,4,5,0,9,6,0,6,15
12/30/2020,BGM,NY,AEA,EN,Combined TRACON& Tower with Radar,0,4,0,0,4,0,0,7,0,7,0,4,7,0,11,0,0,0,11
12/31/2020,BGM,NY,AEA,EN,Combined TRACON& Tower with Radar,0,2,0,0,2,0,0,0,0,0,0,2,0,0,2,0,0,0,2
01/01/2021,BGM,NY,AEA,EN,Combined TRACON& Tower with Radar,0,3,6,1,10,0,0,13,0,13,0,3,19,1,23,0,0,0,23
01/02/2021,BGM,NY,AEA,EN,Combined TRACON& Tower with Radar,0,3,1,0,4,0,0,0,0,0,0,3,1,0,4,0,0,0,4
01/03/2021,BGM,NY,AEA,EN,Combined TRACON& Tower with Radar,0,2,0,0,2,0,0,0,0,0,0,2,0,0,2,0,0,0,2
01/04/2021,BGM,NY,AEA,EN,Combined TRACON& Tower with Radar,0,2,0,0,2,0,0,0,0,0,0,2,0,0,2,0,0,0,2
01/05/2021,BGM,NY,AEA,EN,Combined TRACON& Tower with Radar,0,3,1,0,4,0,0,0,0,0,0,3,1,0,4,0,0,0,4
01/06/2021,BGM,NY,AEA,EN,Combined TRACON& Tower with Radar,0,5,4,0,9,0,0,0,0,0,0,5,4,0,9,54,0,54,63
01/07/2021,BGM,NY,AEA,EN,Combined TRACON& Tower with Radar,0,3,2,2,7,0,0,3,0,3,0,3,5,2,10,0,0,0,10
01/08/2021,BGM,NY,AEA,EN,Combined TRACON& Tower with Radar,0,2,8,0,10,0,0,5,0,5,0,2,13,0,15,0,0,0,15
01/09/2021,BGM,NY,AEA,EN,Combined TRACON& Tower with Radar,0,2,13,0,15,0,0,39,0,39,0,2,52,0,54,14,0,14,68
01/10/2021,BGM,NY,AEA,EN,Combined TRACON& Tower with Radar,0,2,0,0,2,0,0,4,0,4,0,2,4,0,6,16,0,16,22
01/11/2021,BGM,NY,AEA,EN,Combined TRACON& Tower with Radar,0,4,8,0,12,0,0,5,0,5,0,4,13,0,17,10,0,10,27
01/12/2021,BGM,NY,AEA,EN,Combined TRACON& Tower with Radar,0,2,2,2,6,0,0,4,0,4,0,2,6,2,10,0,0,0,10
01/13/2021,BGM,NY,AEA,EN,Combined TRACON& Tower with Radar,0,2,11,0,13,0,0,6,0,6,0,2,17,0,19,0,0,0,19
01/14/2021,BGM,NY,AEA,EN,Combined TRACON& Tower with Radar,0,4,0,0,4,0,0,0,0,0,0,4,0,0,4,0,0,0,4
01/15/2021,BGM,NY,AEA,EN,Combined TRACON& Tower with Radar,0,2,8,0,10,0,0,3,0,3,0,2,11,0,13,0,0,0,13
01/16/2021,BGM,NY,AEA,EN,Combined TRACON& Tower with Radar,0,2,1,0,3,0,0,2,0,2,0,2,3,0,5,0,0,0,5
01/17/2021,BGM,NY,AEA,EN,Combined TRACON& Tower with Radar,0,2,3,0,5,0,0,6,0,6,0,2,9,0,11,0,0,0,11
01/18/2021,BGM,NY,AEA,EN,Combined TRACON& Tower with Radar,0,2,0,0,2,0,0,0,0,0,0,2,0,0,2,0,0,0,2
01/19/2021,BGM,NY,AEA,EN,Combined TRACON& Tower with Radar,0,2,7,0,9,0,0,12,0,12,0,2,19,0,21,0,0,0,21
01/20/2021,BGM,NY,AEA,EN,Combined TRACON& Tower with Radar,0,2,2,3,7,0,0,2,0,2,0,2,4,3,9,0,0,0,9
01/21/2021,BGM,NY,AEA,EN,Combined TRACON& Tower with Radar,0,3,6,3,12,0,0,10,0,10,0,3,16,3,22,8,0,8,30
01/22/2021,BGM,NY,AEA,EN,Combined TRACON& Tower with Radar,0,5,4,0,9,0,0,2,0,2,0,5,6,0,11,0,0,0,11
01/23/2021,BGM,NY,AEA,EN,Combined TRACON& Tower with Radar,0,7,4,8,19,0,0,0,0,0,0,7,4,8,19,0,0,0,19
01/24/2021,BGM,NY,AEA,EN,Combined TRACON& Tower with Radar,0,7,6,0,13,0,0,10,0,10,0,7,16,0,23,12,0,12,35
01/25/2021,BGM,NY,AEA,EN,Combined TRACON& Tower with Radar,0,4,4,0,8,0,0,11,0,11,0,4,15,0,19,6,0,6,25
01/26/2021,BGM,NY,AEA,EN,Combined TRACON& Tower with Radar,0,3,0,0,3,0,0,0,0,0,0,3,0,0,3,0,0,0,3
01/27/2021,BGM,NY,AEA,EN,Combined TRACON& Tower with Radar,0,2,0,0,2,0,0,0,0,0,0,2,0,0,2,0,0,0,2
01/28/2021,BGM,NY,AEA,EN,Combined TRACON& Tower with Radar,0,3,3,0,6,0,0,0,0,0,0,3,3,0,6,0,0,0,6
01/29/2021,BGM,NY,AEA,EN,Combined TRACON& Tower with Radar,0,2,5,0,7,0,0,0,0,0,0,2,5,0,7,0,0,0,7
01/30/2021,BGM,NY,AEA,EN,Combined TRACON& Tower with Radar,0,2,7,2,11,0,0,21,0,21,0,2,28,2,32,16,0,16,48
01/31/2021,BGM,NY,AEA,EN,Combined TRACON& Tower with Radar,0,3,7,0,10,0,0,13,0,13,0,3,20,0,23,30,0,30,53
02/01/2021,BGM,NY,AEA,EN,Combined TRACON& Tower with Radar,0,2,3,0,5,0,0,0,0,0,0,2,3,0,5,0,0,0,5
02/02/2021,BGM,NY,AEA,EN,Combined TRACON& Tower with Radar,0,2,0,0,2,0,0,0,0,0,0,2,0,0,2,0,0,0,2
02/03/2021,BGM,NY,AEA,EN,Combined TRACON& Tower with Radar,0,4,0,0,4,0,0,0,2,2,0,4,0,2,6,0,0,0,6
02/04/2021,BGM,NY,AEA,EN,Combined TRACON& Tower with Radar,0,2,4,0,6,0,0,23,0,23,0,2,27,0,29,16,0,16,45
02/05/2021,BGM,NY,AEA,EN,Combined TRACON& Tower with Radar,0,2,2,0,4,0,0,4,0,4,0,2,6,0,8,0,0,0,8
02/06/2021,BGM,NY,AEA,EN,Combined TRACON& Tower with Radar,0,2,9,0,11,0,0,5,0,5,0,2,14,0,16,8,0,8,24
02/07/2021,BGM,NY,AEA,EN,Combined TRACON& Tower with Radar,0,2,2,0,4,0,0,0,0,0,0,2,2,0,4,0,0,0,4
02/08/2021,BGM,NY,AEA,EN,Combined TRACON& Tower with Radar,0,5,11,0,16,0,0,20,0,20,0,5,31,0,36,28,0,28,64
02/09/2021,BGM,NY,AEA,EN,Combined TRACON& Tower with Radar,0,2,2,0,4,0,0,0,0,0,0,2,2,0,4,0,0,0,4
02/10/2021,BGM,NY,AEA,EN,Combined TRACON& Tower with Radar,0,2,6,0,8,0,0,10,0,10,0,2,16,0,18,16,0,16,34
02/11/2021,BGM,NY,AEA,EN,Combined TRACON& Tower with Radar,0,2,0,0,2,0,0,0,0,0,0,2,0,0,2,0,0,0,2
02/12/2021,BGM,NY,AEA,EN,Combined TRACON& Tower with Radar,0,4,14,0,18,0,0,18,0,18,0,4,32,0,36,0,0,0,36
02/13/2021,BGM,NY,AEA,EN,Combined TRACON& Tower with Radar,0,2,2,0,4,0,0,22,0,22,0,2,24,0,26,0,0,0,26
02/14/2021,BGM,NY,AEA,EN,Combined TRACON& Tower with Radar,0,3,2,0,5,0,0,0,0,0,0,3,2,0,5,0,0,0,5
02/15/2021,BGM,NY,AEA,EN,Combined TRACON& Tower with Radar,0,6,2,0,8,0,0,0,0,0,0,6,2,0,8,0,0,0,8
02/16/2021,BGM,NY,AEA,EN,Combined TRACON& Tower with Radar,2,0,0,0,2,0,0,0,0,0,2,0,0,0,2,0,0,0,2
02/17/2021,BGM,NY,AEA,EN,Combined TRACON& Tower with Radar,0,4,6,2,12,0,0,27,0,27,0,4,33,2,39,20,0,20,59
02/18/2021,BGM,NY,AEA,EN,Combined TRACON& Tower with Radar,0,3,2,0,5,0,0,0,0,0,0,3,2,0,5,6,0,6,11
02/19/2021,BGM,NY,AEA,EN,Combined TRACON& Tower with Radar,0,6,0,0,6,0,0,0,0,0,0,6,0,0,6,0,0,0,6
02/20/2021,BGM,NY,AEA,EN,Combined TRACON& Tower with Radar,0,3,0,0,3,0,0,0,0,0,0,3,0,0,3,0,0,0,3
02/21/2021,BGM,NY,AEA,EN,Combined TRACON& Tower with Radar,0,7,9,0,16,0,0,27,2,29,0,7,36,2,45,0,0,0,45
02/22/2021,BGM,NY,AEA,EN,Combined TRACON& Tower with Radar,0,2,1,0,3,0,0,0,0,0,0,2,1,0,3,0,0,0,3
02/23/2021,BGM,NY,AEA,EN,Combined TRACON& Tower with Radar,0,2,1,0,3,0,0,0,0,0,0,2,1,0,3,0,0,0,3
02/24/2021,BGM,NY,AEA,EN,Combined TRACON& Tower with Radar,0,2,0,0,2,0,0,22,0,22,0,2,22,0,24,10,0,10,34
02/25/2021,BGM,NY,AEA,EN,Combined TRACON& Tower with Radar,0,3,10,0,13,0,0,23,0,23,0,3,33,0,36,0,0,0,36
02/26/2021,BGM,NY,AEA,EN,Combined TRACON& Tower with Radar,0,7,4,0,11,0,0,29,0,29,0,7,33,0,40,18,0,18,58
02/27/2021,BGM,NY,AEA,EN,Combined TRACON& Tower with Radar,0,5,0,0,5,0,0,0,0,0,0,5,0,0,5,0,0,0,5
02/28/2021,BGM,NY,AEA,EN,Combined TRACON& Tower with Radar,0,2,2,0,4,0,0,0,0,0,0,2,2,0,4,20,0,20,24
03/01/2021,BGM,NY,AEA,EN,Combined TRACON& Tower with Radar,0,2,0,0,2,0,0,0,0,0,0,2,0,0,2,0,0,0,2
03/02/2021,BGM,NY,AEA,EN,Combined TRACON& Tower with Radar,0,2,2,0,4,0,0,11,0,11,0,2,13,0,15,22,0,22,37
03/03/2021,BGM,NY,AEA,EN,Combined TRACON& Tower with Radar,0,4,6,0,10,0,0,15,0,15,0,4,21,0,25,0,0,0,25
03/04/2021,BGM,NY,AEA,EN,Combined TRACON& Tower with Radar,0,7,4,0,11,0,0,1,0,1,0,7,5,0,12,0,0,0,12
03/05/2021,BGM,NY,AEA,EN,Combined TRACON& Tower with Radar,0,3,5,0,8,0,0,3,0,3,0,3,8,0,11,0,0,0,11
03/06/2021,BGM,NY,AEA,EN,Combined TRACON& Tower with Radar,0,2,3,0,5,0,0,0,0,0,0,2,3,0,5,0,0,0,5
03/07/2021,BGM,NY,AEA,EN,Combined TRACON& Tower with Radar,0,3,3,0,6,0,0,25,0,25,0,3,28,0,31,20,0,20,51
03/08/2021,BGM,NY,AEA,EN,Combined TRACON& Tower with Radar,0,4,20,0,24,0,0,23,0,23,0,4,43,0,47,2,0,2,49
03/09/2021,BGM,NY,AEA,EN,Combined TRACON& Tower with Radar,0,3,10,0,13,0,3,21,0,24,0,6,31,0,37,14,0,14,51
03/10/2021,BGM,NY,AEA,EN,Combined TRACON& Tower with Radar,0,9,11,4,24,0,1,27,0,28,0,10,38,4,52,57,0,57,109
03/11/2021,BGM,NY,AEA,EN,Combined TRACON& Tower with Radar,0,8,17,0,25,0,0,18,0,18,0,8,35,0,43,42,0,42,85
03/12/2021,BGM,NY,AEA,EN,Combined TRACON& Tower with Radar,0,3,0,0,3,0,0,7,0,7,0,3,7,0,10,6,0,6,16
03/13/2021,BGM,NY,AEA,EN,Combined TRACON& Tower with Radar,0,2,0,0,2,0,0,28,0,28,0,2,28,0,30,0,0,0,30
03/14/2021,BGM,NY,AEA,EN,Combined TRACON& Tower with Radar,0,4,0,0,4,0,0,1,0,1,0,4,1,0,5,0,0,0,5
03/15/2021,BGM,NY,AEA,EN,Combined TRACON& Tower with Radar,0,3,6,0,9,0,0,3,0,3,0,3,9,0,12,0,0,0,12
03/16/2021,BGM,NY,AEA,EN,Combined TRACON& Tower with Radar,0,2,3,2,7,0,0,8,0,8,0,2,11,2,15,0,0,0,15
03/17/2021,BGM,NY,AEA,EN,Combined TRACON& Tower with Radar,0,2,0,0,2,0,0,6,0,6,0,2,6,0,8,0,0,0,8
03/18/2021,BGM,NY,AEA,EN,Combined TRACON& Tower with Radar,0,2,0,0,2,0,0,0,0,0,0,2,0,0,2,0,0,0,2
03/19/2021,BGM,NY,AEA,EN,Combined TRACON& Tower with Radar,0,2,4,0,6,0,0,9,0,9,0,2,13,0,15,0,0,0,15
03/20/2021,BGM,NY,AEA,EN,Combined TRACON& Tower with Radar,0,2,5,0,7,0,0,38,0,38,0,2,43,0,45,54,0,54,99
03/21/2021,BGM,NY,AEA,EN,Combined TRACON& Tower with Radar,0,2,12,0,14,0,0,52,0,52,0,2,64,0,66,28,0,28,94
03/22/2021,BGM,NY,AEA,EN,Combined TRACON& Tower with Radar,0,2,8,0,10,0,0,38,0,38,0,2,46,0,48,36,0,36,84
03/23/2021,BGM,NY,AEA,EN,Combined TRACON& Tower with Radar,0,3,7,0,10,0,0,29,0,29,0,3,36,0,39,42,0,42,81
03/24/2021,BGM,NY,AEA,EN,Combined TRACON& Tower with Radar,0,2,6,0,8,0,0,0,0,0,0,2,6,0,8,0,0,0,8
03/25/2021,BGM,NY,AEA,EN,Combined TRACON& Tower with Radar,0,2,11,0,13,0,0,4,0,4,0,2,15,0,17,12,0,12,29
03/26/2021,BGM,NY,AEA,EN,Combined TRACON& Tower with Radar,0,3,8,0,11,0,0,0,0,0,0,3,8,0,11,0,0,0,11
03/27/2021,BGM,NY,AEA,EN,Combined TRACON& Tower with Radar,0,3,5,0,8,0,0,11,0,11,0,3,16,0,19,0,0,0,19
03/28/2021,BGM,NY,AEA,EN,Combined TRACON& Tower with Radar,0,2,8,0,10,0,0,0,0,0,0,2,8,0,10,0,0,0,10
03/29/2021,BGM,NY,AEA,EN,Combined TRACON& Tower with Radar,0,4,5,0,9,0,0,2,2,4,0,4,7,2,13,12,0,12,25
03/30/2021,BGM,NY,AEA,EN,Combined TRACON& Tower with Radar,0,2,5,0,7,0,1,14,0,15,0,3,19,0,22,0,0,0,22
03/31/2021,BGM,NY,AEA,EN,Combined TRACON& Tower with Radar,0,4,2,0,6,0,0,2,0,2,0,4,4,0,8,30,0,30,38
04/01/2021,BGM,NY,AEA,EN,Combined TRACON& Tower with Radar,0,2,15,0,17,0,0,0,0,0,0,2,15,0,17,6,0,6,23
04/02/2021,BGM,NY,AEA,EN,Combined TRACON& Tower with Radar,0,4,5,0,9,0,0,9,0,9,0,4,14,0,18,0,0,0,18
04/03/2021,BGM,NY,AEA,EN,Combined TRACON& Tower with Radar,0,3,8,0,11,0,0,26,0,26,0,3,34,0,37,8,0,8,45
04/04/2021,BGM,NY,AEA,EN,Combined TRACON& Tower with Radar,0,2,5,0,7,0,0,8,0,8,0,2,13,0,15,0,0,0,15
04/05/2021,BGM,NY,AEA,EN,Combined TRACON& Tower with Radar,0,7,8,0,15,0,0,14,0,14,0,7,22,0,29,4,0,4,33
04/06/2021,BGM,NY,AEA,EN,Combined TRACON& Tower with Radar,0,5,8,0,13,0,0,15,0,15,0,5,23,0,28,4,0,4,32
04/07/2021,BGM,NY,AEA,EN,Combined TRACON& Tower with Radar,0,4,12,0,16,0,0,33,0,33,0,4,45,0,49,46,0,46,95
04/08/2021,BGM,NY,AEA,EN,Combined TRACON& Tower with Radar,0,8,8,0,16,0,4,18,0,22,0,12,26,0,38,14,0,14,52
04/09/2021,BGM,NY,AEA,EN,Combined TRACON& Tower with Radar,2,0,14,0,16,0,1,13,0,14,2,1,27,0,30,2,0,2,32
04/10/2021,BGM,NY,AEA,EN,Combined TRACON& Tower with Radar,0,6,10,0,16,0,0,9,0,9,0,6,19,0,25,27,0,27,52
04/11/2021,BGM,NY,AEA,EN,Combined TRACON& Tower with Radar,0,4,3,0,7,0,0,0,0,0,0,4,3,0,7,0,0,0,7
04/12/2021,BGM,NY,AEA,EN,Combined TRACON& Tower with Radar,2,1,3,0,6,0,0,0,0,0,2,1,3,0,6,0,0,0,6
04/13/2021,BGM,NY,AEA,EN,Combined TRACON& Tower with Radar,0,4,8,0,12,0,0,22,0,22,0,4,30,0,34,28,0,28,62
04/14/2021,BGM,NY,AEA,EN,Combined TRACON& Tower with Radar,0,5,8,0,13,0,2,15,1,18,0,7,23,1,31,74,0,74,105
04/15/2021,BGM,NY,AEA,EN,Combined TRACON& Tower with Radar,2,5,2,0,9,0,0,1,0,1,2,5,3,0,10,0,0,0,10
04/16/2021,BGM,NY,AEA,EN,Combined TRACON& Tower with Radar,0,6,0,0,6,0,0,0,0,0,0,6,0,0,6,0,0,0,6
04/17/2021,BGM,NY,AEA,EN,Combined TRACON& Tower with Radar,0,7,3,0,10,0,0,0,0,0,0,7,3,0,10,6,0,6,16
04/18/2021,BGM,NY,AEA,EN,Combined TRACON& Tower with Radar,0,5,1,0,6,0,0,13,0,13,0,5,14,0,19,6,0,6,25
04/19/2021,BGM,NY,AEA,EN,Combined TRACON& Tower with Radar,0,2,9,0,11,0,0,19,0,19,0,2,28,0,30,23,0,23,53
04/20/2021,BGM,NY,AEA,EN,Combined TRACON& Tower with Radar,0,5,10,0,15,0,0,11,0,11,0,5,21,0,26,38,0,38,64
04/21/2021,BGM,NY,AEA,EN,Combined TRACON& Tower with Radar,0,3,5,0,8,0,0,3,0,3,0,3,8,0,11,0,0,0,11
04/22/2021,BGM,NY,AEA,EN,Combined TRACON& Tower with Radar,0,2,4,0,6,0,0,0,0,0,0,2,4,0,6,0,0,0,6
04/23/2021,BGM,NY,AEA,EN,Combined TRACON& Tower with Radar,0,2,2,0,4,0,0,14,0,14,0,2,16,0,18,3,0,3,21
04/24/2021,BGM,NY,AEA,EN,Combined TRACON& Tower with Radar,0,4,11,0,15,0,0,33,0,33,0,4,44,0,48,14,0,14,62
04/25/2021,BGM,NY,AEA,EN,Combined TRACON& Tower with Radar,0,2,2,0,4,0,0,1,0,1,0,2,3,0,5,0,0,0,5
04/26/2021,BGM,NY,AEA,EN,Combined TRACON& Tower with Radar,0,2,5,0,7,0,0,14,0,14,0,2,19,0,21,0,0,0,21
04/27/2021,BGM,NY,AEA,EN,Combined TRACON& Tower with Radar,0,6,12,0,18,0,2,41,0,43,0,8,53,0,61,32,0,32,93
04/28/2021,BGM,NY,AEA,EN,Combined TRACON& Tower with Radar,0,4,9,2,15,0,0,7,2,9,0,4,16,4,24,20,0,20,44
04/29/2021,BGM,NY,AEA,EN,Combined TRACON& Tower with Radar,0,2,0,0,2,0,0,0,0,0,0,2,0,0,2,0,0,0,2
04/30/2021,BGM,NY,AEA,EN,Combined TRACON& Tower with Radar,4,2,4,0,10,0,0,0,0,0,4,2,4,0,10,0,0,0,10
05/01/2021,BGM,NY,AEA,EN,Combined TRACON& Tower with Radar,0,3,15,0,18,0,0,33,0,33,0,3,48,0,51,50,0,50,101
05/02/2021,BGM,NY,AEA,EN,Combined TRACON& Tower with Radar,0,3,5,0,8,0,0,9,0,9,0,3,14,0,17,9,0,9,26
05/03/2021,BGM,NY,AEA,EN,Combined TRACON& Tower with Radar,0,2,5,0,7,0,0,5,0,5,0,2,10,0,12,26,0,26,38
05/04/2021,BGM,NY,AEA,EN,Combined TRACON& Tower with Radar,0,2,28,0,30,0,0,5,0,5,0,2,33,0,35,32,0,32,67
05/05/2021,BGM,NY,AEA,EN,Combined TRACON& Tower with Radar,0,3,5,6,14,0,0,0,0,0,0,3,5,6,14,7,0,7,21
05/06/2021,BGM,NY,AEA,EN,Combined TRACON& Tower with Radar,0,3,6,1,10,0,0,21,3,24,0,3,27,4,34,32,0,32,66
05/07/2021,BGM,NY,AEA,EN,Combined TRACON& Tower with Radar,0,4,3,0,7,0,0,23,0,23,0,4,26,0,30,21,0,21,51
05/08/2021,BGM,NY,AEA,EN,Combined TRACON& Tower with Radar,0,3,4,0,7,0,0,2,0,2,0,3,6,0,9,0,0,0,9
05/09/2021,BGM,NY,AEA,EN,Combined TRACON& Tower with Radar,0,2,2,0,4,0,0,9,0,9,0,2,11,0,13,0,0,0,13
05/10/2021,BGM,NY,AEA,EN,Combined TRACON& Tower with Radar,0,6,14,0,20,0,0,11,0,11,0,6,25,0,31,39,0,39,70
05/11/2021,BGM,NY,AEA,EN,Combined TRACON& Tower with Radar,0,5,3,0,8,0,0,9,0,9,0,5,12,0,17,0,0,0,17
05/12/2021,BGM,NY,AEA,EN,Combined TRACON& Tower with Radar,0,2,3,2,7,0,0,8,0,8,0,2,11,2,15,6,0,6,21
05/13/2021,BGM,NY,AEA,EN,Combined TRACON& Tower with Radar,0,5,5,0,10,0,0,26,0,26,0,5,31,0,36,16,0,16,52
05/14/2021,BGM,NY,AEA,EN,Combined TRACON& Tower with Radar,0,12,14,0,26,0,1,24,2,27,0,13,38,2,53,18,0,18,71
05/15/2021,BGM,NY,AEA,EN,Combined TRACON& Tower with Radar,0,8,4,0,12,0,0,26,0,26,0,8,30,0,38,24,0,24,62
05/16/2021,BGM,NY,AEA,EN,Combined TRACON& Tower with Radar,0,2,13,0,15,0,0,13,0,13,0,2,26,0,28,0,0,0,28
05/17/2021,BGM,NY,AEA,EN,Combined TRACON& Tower with Radar,0,3,8,0,11,0,0,16,0,16,0,3,24,0,27,34,0,34,61
05/18/2021,BGM,NY,AEA,EN,Combined TRACON& Tower with Radar,0,2,6,1,9,0,0,26,0,26,0,2,32,1,35,20,0,20,55
05/19/2021,BGM,NY,AEA,EN,Combined TRACON& Tower with Radar,0,4,10,10,24,0,0,28,0,28,0,4,38,10,52,40,0,40,92
05/20/2021,BGM,NY,AEA,EN,Combined TRACON& Tower with Radar,0,5,5,0,10,0,2,17,0,19,0,7,22,0,29,37,0,37,66
05/21/2021,BGM,NY,AEA,EN,Combined TRACON& Tower with Radar,0,3,4,0,7,0,0,23,0,23,0,3,27,0,30,18,0,18,48
05/22/2021,BGM,NY,AEA,EN,Combined TRACON& Tower with Radar,0,4,5,0,9,0,0,11,0,11,0,4,16,0,20,26,0,26,46
05/23/2021,BGM,NY,AEA,EN,Combined TRACON& Tower with Radar,0,5,5,0,10,0,0,3,0,3,0,5,8,0,13,0,0,0,13
05/24/2021,BGM,NY,AEA,EN,Combined TRACON& Tower with Radar,0,3,8,0,11,0,0,26,0,26,0,3,34,0,37,24,0,24,61
05/25/2021,BGM,NY,AEA,EN,Combined TRACON& Tower with Radar,0,2,7,0,9,0,0,12,0,12,0,2,19,0,21,8,0,8,29
05/26/2021,BGM,NY,AEA,EN,Combined TRACON& Tower with Radar,0,5,8,2,15,0,0,5,0,5,0,5,13,2,20,8,0,8,28
05/27/2021,BGM,NY,AEA,EN,Combined TRACON& Tower with Radar,0,7,18,0,25,0,0,23,0,23,0,7,41,0,48,34,0,34,82
05/28/2021,BGM,NY,AEA,EN,Combined TRACON& Tower with Radar,0,2,6,0,8,0,0,6,0,6,0,2,12,0,14,34,0,34,48
05/29/2021,BGM,NY,AEA,EN,Combined TRACON& Tower with Radar,0,3,6,0,9,0,0,0,0,0,0,3,6,0,9,0,0,0,9
05/30/2021,BGM,NY,AEA,EN,Combined TRACON& Tower with Radar,0,3,14,0,17,0,0,4,0,4,0,3,18,0,21,0,0,0,21
05/31/2021,BGM,NY,AEA,EN,Combined TRACON& Tower with Radar,0,7,9,0,16,0,0,25,0,25,0,7,34,0,41,16,0,16,57
06/01/2021,BGM,NY,AEA,EN,Combined TRACON& Tower with Radar,0,5,10,0,15,0,0,34,0,34,0,5,44,0,49,42,0,42,91
06/02/2021,BGM,NY,AEA,EN,Combined TRACON& Tower with Radar,0,4,8,1,13,0,0,12,0,12,0,4,20,1,25,0,0,0,25
06/03/2021,BGM,NY,AEA,EN,Combined TRACON& Tower with Radar,0,5,10,0,15,0,0,1,0,1,0,5,11,0,16,0,0,0,16
06/04/2021,BGM,NY,AEA,EN,Combined TRACON& Tower with Radar,0,6,2,4,12,0,0,13,0,13,0,6,15,4,25,54,0,54,79
06/05/2021,BGM,NY,AEA,EN,Combined TRACON& Tower with Radar,0,3,12,0,15,0,2,35,0,37,0,5,47,0,52,42,0,42,94
06/06/2021,BGM,NY,AEA,EN,Combined TRACON& Tower with Radar,0,6,6,0,12,0,0,26,0,26,0,6,32,0,38,40,0,40,78
06/07/2021,BGM,NY,AEA,EN,Combined TRACON& Tower with Radar,0,3,11,0,14,0,0,15,0,15,0,3,26,0,29,38,0,38,67
06/08/2021,BGM,NY,AEA,EN,Combined TRACON& Tower with Radar,0,3,2,0,5,0,0,3,0,3,0,3,5,0,8,0,0,0,8
06/09/2021,BGM,NY,AEA,EN,Combined TRACON& Tower with Radar,0,3,6,3,12,0,0,4,1,5,0,3,10,4,17,28,0,28,45
06/10/2021,BGM,NY,AEA,EN,Combined TRACON& Tower with Radar,0,3,18,3,24,0,0,33,17,50,0,3,51,20,74,71,0,71,145
06/11/2021,BGM,NY,AEA,EN,Combined TRACON& Tower with Radar,0,5,5,3,13,0,0,16,0,16,0,5,21,3,29,16,0,16,45
06/12/2021,BGM,NY,AEA,EN,Combined TRACON& Tower with Radar,0,4,18,0,22,0,0,25,0,25,0,4,43,0,47,6,0,6,53
06/13/2021,BGM,NY,AEA,EN,Combined TRACON& Tower with Radar,0,4,5,0,9,0,0,13,0,13,0,4,18,0,22,10,0,10,32
06/14/2021,BGM,NY,AEA,EN,Combined TRACON& Tower with Radar,0,4,5,0,9,0,0,9,0,9,0,4,14,0,18,8,0,8,26
06/15/2021,BGM,NY,AEA,EN,Combined TRACON& Tower with Radar,0,6,15,0,21,0,0,2,0,2,0,6,17,0,23,0,0,0,23
06/16/2021,BGM,NY,AEA,EN,Combined TRACON& Tower with Radar,0,5,10,0,15,0,0,23,0,23,0,5,33,0,38,20,0,20,58
06/17/2021,BGM,NY,AEA,EN,Combined TRACON& Tower with Radar,0,7,8,4,19,0,0,29,0,29,0,7,37,4,48,42,0,42,90
06/18/2021,BGM,NY,AEA,EN,Combined TRACON& Tower with Radar,0,2,8,0,10,0,0,20,0,20,0,2,28,0,30,22,0,22,52
06/19/2021,BGM,NY,AEA,EN,Combined TRACON& Tower with Radar,0,2,5,0,7,0,0,14,0,14,0,2,19,0,21,4,0,4,25
06/20/2021,BGM,NY,AEA,EN,Combined TRACON& Tower with Radar,0,3,24,0,27,0,0,14,2,16,0,3,38,2,43,4,0,4,47
06/21/2021,BGM,NY,AEA,EN,Combined TRACON& Tower with Radar,0,2,11,7,20,0,0,2,5,7,0,2,13,12,27,4,23,27,54
06/22/2021,BGM,NY,AEA,EN,Combined TRACON& Tower with Radar,0,3,16,0,19,0,0,1,2,3,0,3,17,2,22,0,0,0,22
06/23/2021,BGM,NY,AEA,EN,Combined TRACON& Tower with Radar,0,3,21,0,24,0,0,32,0,32,0,3,53,0,56,6,0,6,62
06/24/2021,BGM,NY,AEA,EN,Combined TRACON& Tower with Radar,0,3,18,0,21,0,0,24,3,27,0,3,42,3,48,32,0,32,80
06/25/2021,BGM,NY,AEA,EN,Combined TRACON& Tower with Radar,0,9,4,0,13,0,0,12,0,12,0,9,16,0,25,2,0,2,27
06/26/2021,BGM,NY,AEA,EN,Combined TRACON& Tower with Radar,0,2,3,0,5,0,0,8,0,8,0,2,11,0,13,2,0,2,15
06/27/2021,BGM,NY,AEA,EN,Combined TRACON& Tower with Radar,0,6,7,0,13,0,0,20,0,20,0,6,27,0,33,0,0,0,33
06/28/2021,BGM,NY,AEA,EN,Combined TRACON& Tower with Radar,0,5,6,0,11,0,0,6,0,6,0,5,12,0,17,27,0,27,44
06/29/2021,BGM,NY,AEA,EN,Combined TRACON& Tower with Radar,0,8,5,1,14,0,0,10,1,11,0,8,15,2,25,12,0,12,37
06/30/2021,BGM,NY,AEA,EN,Combined TRACON& Tower with Radar,0,6,2,0,8,0,0,8,0,8,0,6,10,0,16,8,0,8,24
07/01/2021,BGM,NY,AEA,EN,Combined TRACON& Tower with Radar,0,11,8,0,19,0,0,0,0,0,0,11,8,0,19,0,0,0,19
07/02/2021,BGM,NY,AEA,EN,Combined TRACON& Tower with Radar,0,9,5,0,14,0,0,0,0,0,0,9,5,0,14,8,0,8,22
07/03/2021,BGM,NY,AEA,EN,Combined TRACON& Tower with Radar,0,2,6,0,8,0,0,0,0,0,0,2,6,0,8,0,0,0,8
07/04/2021,BGM,NY,AEA,EN,Combined TRACON& Tower with Radar,0,12,3,0,15,0,0,18,0,18,0,12,21,0,33,16,0,16,49
07/05/2021,BGM,NY,AEA,EN,Combined TRACON& Tower with Radar,0,2,6,0,8,0,0,35,0,35,0,2,41,0,43,17,0,17,60
07/06/2021,BGM,NY,AEA,EN,Combined TRACON& Tower with Radar,0,7,2,8,17,0,0,2,0,2,0,7,4,8,19,0,0,0,19
07/07/2021,BGM,NY,AEA,EN,Combined TRACON& Tower with Radar,0,5,6,0,11,0,0,10,0,10,0,5,16,0,21,0,0,0,21
07/08/2021,BGM,NY,AEA,EN,Combined TRACON& Tower with Radar,0,5,3,2,10,0,0,0,0,0,0,5,3,2,10,0,0,0,10
07/09/2021,BGM,NY,AEA,EN,Combined TRACON& Tower with Radar,0,6,4,0,10,0,0,6,0,6,0,6,10,0,16,16,0,16,32
07/10/2021,BGM,NY,AEA,EN,Combined TRACON& Tower with Radar,0,3,14,0,17,0,0,24,0,24,0,3,38,0,41,4,0,4,45
07/11/2021,BGM,NY,AEA,EN,Combined TRACON& Tower with Radar,0,2,14,0,16,0,0,11,0,11,0,2,25,0,27,12,0,12,39
07/12/2021,BGM,NY,AEA,EN,Combined TRACON& Tower with Radar,0,2,4,0,6,0,0,1,0,1,0,2,5,0,7,0,0,0,7
07/13/2021,BGM,NY,AEA,EN,Combined TRACON& Tower with Radar,0,2,2,0,4,0,0,13,0,13,0,2,15,0,17,8,0,8,25
07/14/2021,BGM,NY,AEA,EN,Combined TRACON& Tower with Radar,0,7,2,1,10,0,0,9,0,9,0,7,11,1,19,0,0,0,19
07/15/2021,BGM,NY,AEA,EN,Combined TRACON& Tower with Radar,0,5,4,6,15,0,0,8,5,13,0,5,12,11,28,8,0,8,36
07/16/2021,BGM,NY,AEA,EN,Combined TRACON& Tower with Radar,0,2,2,1,5,0,0,3,2,5,0,2,5,3,10,0,0,0,10
07/17/2021,BGM,NY,AEA,EN,Combined TRACON& Tower with Radar,0,4,6,0,10,0,0,3,0,3,0,4,9,0,13,0,0,0,13
07/18/2021,BGM,NY,AEA,EN,Combined TRACON& Tower with Radar,0,2,2,2,6,0,0,0,0,0,0,2,2,2,6,0,0,0,6
07/19/2021,BGM,NY,AEA,EN,Combined TRACON& Tower with Radar,0,10,9,4,23,0,2,30,1,33,0,12,39,5,56,2,0,2,58
07/20/2021,BGM,NY,AEA,EN,Combined TRACON& Tower with Radar,0,13,7,1,21,0,0,4,0,4,0,13,11,1,25,0,0,0,25
07/21/2021,BGM,NY,AEA,EN,Combined TRACON& Tower with Radar,0,3,9,0,12,0,1,17,0,18,0,4,26,0,30,0,0,0,30
07/22/2021,BGM,NY,AEA,EN,Combined TRACON& Tower with Radar,0,7,10,0,17,0,0,18,0,18,0,7,28,0,35,30,0,30,65
07/23/2021,BGM,NY,AEA,EN,Combined TRACON& Tower with Radar,0,7,9,0,16,0,0,25,0,25,0,7,34,0,41,24,0,24,65
07/24/2021,BGM,NY,AEA,EN,Combined TRACON& Tower with Radar,0,5,9,0,14,0,0,23,0,23,0,5,32,0,37,36,0,36,73
07/25/2021,BGM,NY,AEA,EN,Combined TRACON& Tower with Radar,0,5,12,0,17,0,1,7,0,8,0,6,19,0,25,0,0,0,25
07/26/2021,BGM,NY,AEA,EN,Combined TRACON& Tower with Radar,0,2,15,0,17,0,0,23,0,23,0,2,38,0,40,20,0,20,60
07/27/2021,BGM,NY,AEA,EN,Combined TRACON& Tower with Radar,0,4,8,0,12,0,0,11,0,11,0,4,19,0,23,18,0,18,41
07/28/2021,BGM,NY,AEA,EN,Combined TRACON& Tower with Radar,0,4,18,0,22,0,0,19,0,19,0,4,37,0,41,0,0,0,41
07/29/2021,BGM,NY,AEA,EN,Combined TRACON& Tower with Radar,0,8,2,0,10,0,0,6,0,6,0,8,8,0,16,12,0,12,28
07/30/2021,BGM,NY,AEA,EN,Combined TRACON& Tower with Radar,0,4,4,0,8,0,0,5,0,5,0,4,9,0,13,0,0,0,13
07/31/2021,BGM,NY,AEA,EN,Combined TRACON& Tower with Radar,0,2,9,0,11,0,0,25,0,25,0,2,34,0,36,26,0,26,62
08/01/2021,BGM,NY,AEA,EN,Combined TRACON& Tower with Radar,0,4,8,0,12,0,0,9,0,9,0,4,17,0,21,27,0,27,48
08/02/2021,BGM,NY,AEA,EN,Combined TRACON& Tower with Radar,0,2,8,0,10,0,0,14,0,14,0,2,22,0,24,2,0,2,26
08/03/2021,BGM,NY,AEA,EN,Combined TRACON& Tower with Radar,0,2,2,2,6,0,0,19,0,19,0,2,21,2,25,6,0,6,31
08/04/2021,BGM,NY,AEA,EN,Combined TRACON& Tower with Radar,0,8,11,2,21,0,0,23,0,23,0,8,34,2,44,6,0,6,50
08/05/2021,BGM,NY,AEA,EN,Combined TRACON& Tower with Radar,0,2,4,0,6,0,1,25,0,26,0,3,29,0,32,18,0,18,50
08/06/2021,BGM,NY,AEA,EN,Combined TRACON& Tower with Radar,0,6,6,0,12,0,0,29,0,29,0,6,35,0,41,55,0,55,96
08/07/2021,BGM,NY,AEA,EN,Combined TRACON& Tower with Radar,0,4,3,0,7,0,0,14,2,16,0,4,17,2,23,16,20,36,59
08/08/2021,BGM,NY,AEA,EN,Combined TRACON& Tower with Radar,0,2,3,0,5,0,4,6,0,10,0,6,9,0,15,8,0,8,23
08/09/2021,BGM,NY,AEA,EN,Combined TRACON& Tower with Radar,0,10,3,0,13,0,0,22,0,22,0,10,25,0,35,25,0,25,60
08/10/2021,BGM,NY,AEA,EN,Combined TRACON& Tower with Radar,0,5,2,0,7,0,0,7,0,7,0,5,9,0,14,8,0,8,22
08/11/2021,BGM,NY,AEA,EN,Combined TRACON& Tower with Radar,0,4,10,0,14,0,0,19,0,19,0,4,29,0,33,18,0,18,51
08/12/2021,BGM,NY,AEA,EN,Combined TRACON& Tower with Radar,0,3,6,0,9,0,0,12,0,12,0,3,18,0,21,16,0,16,37
08/13/2021,BGM,NY,AEA,EN,Combined TRACON& Tower with Radar,0,6,0,0,6,0,2,11,0,13,0,8,11,0,19,8,0,8,27
08/14/2021,BGM,NY,AEA,EN,Combined TRACON& Tower with Radar,0,4,6,0,10,0,2,23,0,25,0,6,29,0,35,12,0,12,47
08/15/2021,BGM,NY,AEA,EN,Combined TRACON& Tower with Radar,0,4,2,0,6,0,0,26,0,26,0,4,28,0,32,40,0,40,72
08/16/2021,BGM,NY,AEA,EN,Combined TRACON& Tower with Radar,0,3,11,0,14,0,0,32,0,32,0,3,43,0,46,6,0,6,52
08/17/2021,BGM,NY,AEA,EN,Combined TRACON& Tower with Radar,0,5,11,0,16,0,0,0,0,0,0,5,11,0,16,10,0,10,26
08/18/2021,BGM,NY,AEA,EN,Combined TRACON& Tower with Radar,0,5,3,0,8,0,0,0,0,0,0,5,3,0,8,0,0,0,8
08/19/2021,BGM,NY,AEA,EN,Combined TRACON& Tower with Radar,0,9,3,0,12,0,0,0,0,0,0,9,3,0,12,0,0,0,12
08/20/2021,BGM,NY,AEA,EN,Combined TRACON& Tower with Radar,0,3,24,0,27,0,0,11,0,11,0,3,35,0,38,0,0,0,38
08/21/2021,BGM,NY,AEA,EN,Combined TRACON& Tower with Radar,0,2,6,0,8,0,0,1,0,1,0,2,7,0,9,0,0,0,9
08/22/2021,BGM,NY,AEA,EN,Combined TRACON& Tower with Radar,0,5,8,0,13,0,0,2,0,2,0,5,10,0,15,0,0,0,15
08/23/2021,BGM,NY,AEA,EN,Combined TRACON& Tower with Radar,0,9,8,0,17,0,1,1,0,2,0,10,9,0,19,12,0,12,31
08/24/2021,BGM,NY,AEA,EN,Combined TRACON& Tower with Radar,0,6,16,1,23,0,0,28,1,29,0,6,44,2,52,48,0,48,100
08/25/2021,BGM,NY,AEA,EN,Combined TRACON& Tower with Radar,0,13,19,4,36,0,0,26,0,26,0,13,45,4,62,22,16,38,100
08/26/2021,BGM,NY,AEA,EN,Combined TRACON& Tower with Radar,0,9,4,0,13,0,0,19,0,19,0,9,23,0,32,18,0,18,50
08/27/2021,BGM,NY,AEA,EN,Combined TRACON& Tower with Radar,0,5,22,0,27,0,0,3,0,3,0,5,25,0,30,8,0,8,38
08/28/2021,BGM,NY,AEA,EN,Combined TRACON& Tower with Radar,0,11,7,0,18,0,0,2,0,2,0,11,9,0,20,0,0,0,20
08/29/2021,BGM,NY,AEA,EN,Combined TRACON& Tower with Radar,0,11,10,0,21,0,0,0,0,0,0,11,10,0,21,18,0,18,39
08/30/2021,BGM,NY,AEA,EN,Combined TRACON& Tower with Radar,0,7,11,12,30,0,0,1,0,1,0,7,12,12,31,0,8,8,39
08/31/2021,BGM,NY,AEA,EN,Combined TRACON& Tower with Radar,0,5,12,3,20,0,0,21,1,22,0,5,33,4,42,33,0,33,75
09/01/2021,BGM,NY,AEA,EN,Combined TRACON& Tower with Radar,0,5,4,0,9,0,0,0,0,0,0,5,4,0,9,0,0,0,9
09/02/2021,BGM,NY,AEA,EN,Combined TRACON& Tower with Radar,0,7,7,0,14,0,0,6,0,6,0,7,13,0,20,52,0,52,72
09/03/2021,BGM,NY,AEA,EN,Combined TRACON& Tower with Radar,0,7,23,0,30,0,0,20,0,20,0,7,43,0,50,0,0,0,50
09/04/2021,BGM,NY,AEA,EN,Combined TRACON& Tower with Radar,0,6,10,0,16,0,0,25,0,25,0,6,35,0,41,32,0,32,73
09/05/2021,BGM,NY,AEA,EN,Combined TRACON& Tower with Radar,0,7,11,0,18,0,0,0,0,0,0,7,11,0,18,0,0,0,18
09/06/2021,BGM,NY,AEA,EN,Combined TRACON& Tower with Radar,0,2,9,0,11,0,0,7,0,7,0,2,16,0,18,0,0,0,18
09/07/2021,BGM,NY,AEA,EN,Combined TRACON& Tower with Radar,0,7,13,0,20,0,0,22,0,22,0,7,35,0,42,22,0,22,64
09/08/2021,BGM,NY,AEA,EN,Combined TRACON& Tower with Radar,0,8,3,0,11,0,0,6,0,6,0,8,9,0,17,16,0,16,33
09/09/2021,BGM,NY,AEA,EN,Combined TRACON& Tower with Radar,0,5,6,2,13,0,0,6,0,6,0,5,12,2,19,0,0,0,19
09/10/2021,BGM,NY,AEA,EN,Combined TRACON& Tower with Radar,0,5,11,0,16,0,0,19,0,19,0,5,30,0,35,26,0,26,61
09/11/2021,BGM,NY,AEA,EN,Combined TRACON& Tower with Radar,0,3,9,0,12,0,1,25,0,26,0,4,34,0,38,71,0,71,109
09/12/2021,BGM,NY,AEA,EN,Combined TRACON& Tower with Radar,0,4,12,0,16,0,0,22,0,22,0,4,34,0,38,8,0,8,46
09/13/2021,BGM,NY,AEA,EN,Combined TRACON& Tower with Radar,0,4,12,0,16,0,0,6,0,6,0,4,18,0,22,0,0,0,22
09/14/2021,BGM,NY,AEA,EN,Combined TRACON& Tower with Radar,0,2,10,0,12,0,0,3,0,3,0,2,13,0,15,0,0,0,15
09/15/2021,BGM,NY,AEA,EN,Combined TRACON& Tower with Radar,4,5,11,0,20,0,0,3,0,3,4,5,14,0,23,0,0,0,23
09/16/2021,BGM,NY,AEA,EN,Combined TRACON& Tower with Radar,0,4,13,0,17,0,0,17,0,17,0,4,30,0,34,20,0,20,54
09/17/2021,BGM,NY,AEA,EN,Combined TRACON& Tower with Radar,0,6,17,0,23,0,0,6,0,6,0,6,23,0,29,8,0,8,37
09/18/2021,BGM,NY,AEA,EN,Combined TRACON& Tower with Radar,0,6,5,0,11,0,0,3,0,3,0,6,8,0,14,34,0,34,48
09/19/2021,BGM,NY,AEA,EN,Combined TRACON& Tower with Radar,0,6,5,0,11,0,1,41,0,42,0,7,46,0,53,25,0,25,78
09/20/2021,BGM,NY,AEA,EN,Combined TRACON& Tower with Radar,0,9,10,2,21,0,1,30,4,35,0,10,40,6,56,38,0,38,94
09/21/2021,BGM,NY,AEA,EN,Combined TRACON& Tower with Radar,0,6,5,0,11,0,0,8,0,8,0,6,13,0,19,1,0,1,20
09/22/2021,BGM,NY,AEA,EN,Combined TRACON& Tower with Radar,0,4,4,0,8,0,0,0,0,0,0,4,4,0,8,0,0,0,8
09/23/2021,BGM,NY,AEA,EN,Combined TRACON& Tower with Radar,0,8,0,0,8,0,0,1,0,1,0,8,1,0,9,0,0,0,9
09/24/2021,BGM,NY,AEA,EN,Combined TRACON& Tower with Radar,0,7,7,0,14,0,0,5,0,5,0,7,12,0,19,0,0,0,19
09/25/2021,BGM,NY,AEA,EN,Combined TRACON& Tower with Radar,0,2,10,0,12,0,0,24,0,24,0,2,34,0,36,0,0,0,36
09/26/2021,BGM,NY,AEA,EN,Combined TRACON& Tower with Radar,0,5,11,0,16,0,0,21,0,21,0,5,32,0,37,42,0,42,79
09/27/2021,BGM,NY,AEA,EN,Combined TRACON& Tower with Radar,0,6,4,0,10,0,0,4,0,4,0,6,8,0,14,0,0,0,14
09/28/2021,BGM,NY,AEA,EN,Combined TRACON& Tower with Radar,0,5,4,0,9,0,0,4,0,4,0,5,8,0,13,10,0,10,23
09/29/2021,BGM,NY,AEA,EN,Combined TRACON& Tower with Radar,0,11,9,0,20,0,0,16,0,16,0,11,25,0,36,4,0,4,40
09/30/2021,BGM,NY,AEA,EN,Combined TRACON& Tower with Radar,0,6,13,4,23,0,0,23,4,27,0,6,36,8,50,24,6,30,80
10/01/2021,BGM,NY,AEA,EN,Combined TRACON& Tower with Radar,0,5,17,0,22,0,0,17,0,17,0,5,34,0,39,8,0,8,47
10/02/2021,BGM,NY,AEA,EN,Combined TRACON& Tower with Radar,0,3,5,0,8,0,0,17,0,17,0,3,22,0,25,23,0,23,48
10/03/2021,BGM,NY,AEA,EN,Combined TRACON& Tower with Radar,0,3,15,0,18,0,0,0,0,0,0,3,15,0,18,12,0,12,30
10/04/2021,BGM,NY,AEA,EN,Combined TRACON& Tower with Radar,0,7,8,0,15,0,0,0,0,0,0,7,8,0,15,0,0,0,15
10/05/2021,BGM,NY,AEA,EN,Combined TRACON& Tower with Radar,0,5,7,0,12,0,0,1,0,1,0,5,8,0,13,0,0,0,13
10/06/2021,BGM,NY,AEA,EN,Combined TRACON& Tower with Radar,0,5,18,2,25,0,0,8,0,8,0,5,26,2,33,10,0,10,43
10/07/2021,BGM,NY,AEA,EN,Combined TRACON& Tower with Radar,0,7,8,0,15,0,0,22,0,22,0,7,30,0,37,32,0,32,69
10/08/2021,BGM,NY,AEA,EN,Combined TRACON& Tower with Radar,0,10,2,0,12,0,0,10,0,10,0,10,12,0,22,16,0,16,38
10/09/2021,BGM,NY,AEA,EN,Combined TRACON& Tower with Radar,0,3,10,0,13,0,0,13,0,13,0,3,23,0,26,6,0,6,32
10/10/2021,BGM,NY,AEA,EN,Combined TRACON& Tower with Radar,0,6,6,0,12,0,0,9,0,9,0,6,15,0,21,10,0,10,31
10/11/2021,BGM,NY,AEA,EN,Combined TRACON& Tower with Radar,0,8,12,0,20,0,0,16,0,16,0,8,28,0,36,12,0,12,48
10/12/2021,BGM,NY,AEA,EN,Combined TRACON& Tower with Radar,0,6,11,0,17,0,0,21,0,21,0,6,32,0,38,10,0,10,48
10/13/2021,BGM,NY,AEA,EN,Combined TRACON& Tower with Radar,0,8,10,7,25,0,0,10,1,11,0,8,20,8,36,10,20,30,66
10/14/2021,BGM,NY,AEA,EN,Combined TRACON& Tower with Radar,0,6,14,0,20,0,0,21,0,21,0,6,35,0,41,44,0,44,85
10/15/2021,BGM,NY,AEA,EN,Combined TRACON& Tower with Radar,0,10,10,0,20,1,0,16,0,17,1,10,26,0,37,10,0,10,47
10/16/2021,BGM,NY,AEA,EN,Combined TRACON& Tower with Radar,0,2,4,0,6,0,0,0,0,0,0,2,4,0,6,0,0,0,6
10/17/2021,BGM,NY,AEA,EN,Combined TRACON& Tower with Radar,0,10,6,0,16,0,0,7,0,7,0,10,13,0,23,16,0,16,39
10/18/2021,BGM,NY,AEA,EN,Combined TRACON& Tower with Radar,0,10,9,0,19,0,0,5,0,5,0,10,14,0,24,0,0,0,24
10/19/2021,BGM,NY,AEA,EN,Combined TRACON& Tower with Radar,0,10,2,0,12,0,0,26,0,26,0,10,28,0,38,4,0,4,42
10/20/2021,BGM,NY,AEA,EN,Combined TRACON& Tower with Radar,0,11,4,0,15,0,0,31,0,31,0,11,35,0,46,8,0,8,54
10/21/2021,BGM,NY,AEA,EN,Combined TRACON& Tower with Radar,0,20,11,1,32,0,0,21,3,24,0,20,32,4,56,48,18,66,122
10/22/2021,BGM,NY,AEA,EN,Combined TRACON& Tower with Radar,0,9,8,0,17,0,0,3,0,3,0,9,11,0,20,0,0,0,20
10/23/2021,BGM,NY,AEA,EN,Combined TRACON& Tower with Radar,0,4,10,0,14,0,0,11,0,11,0,4,21,0,25,25,0,25,50
10/24/2021,BGM,NY,AEA,EN,Combined TRACON& Tower with Radar,0,5,7,0,12,0,0,6,0,6,0,5,13,0,18,24,0,24,42
10/25/2021,BGM,NY,AEA,EN,Combined TRACON& Tower with Radar,0,7,3,0,10,0,0,7,0,7,0,7,10,0,17,32,0,32,49
10/26/2021,BGM,NY,AEA,EN,Combined TRACON& Tower with Radar,0,6,5,0,11,0,0,0,0,0,0,6,5,0,11,0,0,0,11
10/27/2021,BGM,NY,AEA,EN,Combined TRACON& Tower with Radar,0,12,3,0,15,0,0,7,0,7,0,12,10,0,22,8,0,8,30
10/28/2021,BGM,NY,AEA,EN,Combined TRACON& Tower with Radar,0,8,15,0,23,0,0,17,0,17,0,8,32,0,40,30,0,30,70
10/29/2021,BGM,NY,AEA,EN,Combined TRACON& Tower with Radar,0,5,3,0,8,0,0,5,0,5,0,5,8,0,13,0,0,0,13
10/30/2021,BGM,NY,AEA,EN,Combined TRACON& Tower with Radar,0,5,0,0,5,0,0,0,0,0,0,5,0,0,5,0,0,0,5
10/31/2021,BGM,NY,AEA,EN,Combined TRACON& Tower with Radar,0,2,3,0,5,0,0,0,0,0,0,2,3,0,5,0,0,0,5
11/01/2021,BGM,NY,AEA,EN,Combined TRACON& Tower with Radar,0,11,8,0,19,0,0,16,0,16,0,11,24,0,35,20,0,20,55
11/02/2021,BGM,NY,AEA,EN,Combined TRACON& Tower with Radar,0,4,8,0,12,0,0,10,0,10,0,4,18,0,22,0,0,0,22
11/03/2021,BGM,NY,AEA,EN,Combined TRACON& Tower with Radar,0,4,5,0,9,0,0,5,0,5,0,4,10,0,14,12,0,12,26
11/04/2021,BGM,NY,AEA,EN,Combined TRACON& Tower with Radar,0,5,6,0,11,0,0,14,4,18,0,5,20,4,29,36,0,36,65
11/05/2021,BGM,NY,AEA,EN,Combined TRACON& Tower with Radar,0,4,10,0,14,0,0,28,0,28,0,4,38,0,42,13,0,13,55
11/06/2021,BGM,NY,AEA,EN,Combined TRACON& Tower with Radar,0,6,0,0,6,0,0,33,0,33,0,6,33,0,39,56,0,56,95
11/07/2021,BGM,NY,AEA,EN,Combined TRACON& Tower with Radar,0,4,8,0,12,0,0,33,0,33,0,4,41,0,45,30,0,30,75
11/08/2021,BGM,NY,AEA,EN,Combined TRACON& Tower with Radar,0,6,7,0,13,0,1,32,0,33,0,7,39,0,46,12,0,12,58
11/09/2021,BGM,NY,AEA,EN,Combined TRACON& Tower with Radar,0,7,6,0,13,0,0,27,2,29,0,7,33,2,42,26,0,26,68
11/10/2021,BGM,NY,AEA,EN,Combined TRACON& Tower with Radar,0,5,5,0,10,0,0,15,0,15,0,5,20,0,25,2,0,2,27
11/11/2021,BGM,NY,AEA,EN,Combined TRACON& Tower with Radar,0,6,2,0,8,0,0,9,0,9,0,6,11,0,17,6,0,6,23
11/12/2021,BGM,NY,AEA,EN,Combined TRACON& Tower with Radar,0,4,0,0,4,0,0,10,0,10,0,4,10,0,14,12,0,12,26
11/13/2021,BGM,NY,AEA,EN,Combined TRACON& Tower with Radar,0,2,8,0,10,0,0,0,0,0,0,2,8,0,10,30,0,30,40
11/14/2021,BGM,NY,AEA,EN,Combined TRACON& Tower with Radar,0,3,1,0,4,0,0,8,0,8,0,3,9,0,12,10,0,10,22
11/15/2021,BGM,NY,AEA,EN,Combined TRACON& Tower with Radar,0,6,2,0,8,0,0,2,0,2,0,6,4,0,10,2,0,2,12
11/16/2021,BGM,NY,AEA,EN,Combined TRACON& Tower with Radar,0,5,7,0,12,0,0,18,0,18,0,5,25,0,30,15,0,15,45
11/17/2021,BGM,NY,AEA,EN,Combined TRACON& Tower with Radar,0,4,9,0,13,0,0,9,0,9,0,4,18,0,22,18,0,18,40
11/18/2021,BGM,NY,AEA,EN,Combined TRACON& Tower with Radar,0,5,10,0,15,0,2,6,0,8,0,7,16,0,23,0,0,0,23
11/19/2021,BGM,NY,AEA,EN,Combined TRACON& Tower with Radar,0,9,4,0,13,0,0,5,0,5,0,9,9,0,18,4,0,4,22
11/20/2021,BGM,NY,AEA,EN,Combined TRACON& Tower with Radar,0,2,5,0,7,0,0,38,0,38,0,2,43,0,45,0,0,0,45
11/21/2021,BGM,NY,AEA,EN,Combined TRACON& Tower with Radar,0,5,3,0,8,0,0,16,0,16,0,5,19,0,24,15,0,15,39
11/22/2021,BGM,NY,AEA,EN,Combined TRACON& Tower with Radar,0,8,4,0,12,0,0,2,0,2,0,8,6,0,14,0,0,0,14
11/23/2021,BGM,NY,AEA,EN,Combined TRACON& Tower with Radar,0,8,2,2,12,0,0,2,0,2,0,8,4,2,14,4,0,4,18
11/24/2021,BGM,NY,AEA,EN,Combined TRACON& Tower with Radar,0,11,6,0,17,0,0,16,0,16,0,11,22,0,33,26,0,26,59
11/25/2021,BGM,NY,AEA,EN,Combined TRACON& Tower with Radar,0,2,4,0,6,0,0,7,0,7,0,2,11,0,13,10,0,10,23
11/26/2021,BGM,NY,AEA,EN,Combined TRACON& Tower with Radar,0,4,0,0,4,0,0,0,0,0,0,4,0,0,4,0,0,0,4
11/27/2021,BGM,NY,AEA,EN,Combined TRACON& Tower with Radar,0,5,2,0,7,0,0,1,0,1,0,5,3,0,8,0,0,0,8
11/28/2021,BGM,NY,AEA,EN,Combined TRACON& Tower with Radar,0,5,2,0,7,0,0,0,0,0,0,5,2,0,7,0,0,0,7
11/29/2021,BGM,NY,AEA,EN,Combined TRACON& Tower with Radar,0,8,4,1,13,0,2,0,1,3,0,10,4,2,16,10,0,10,26
11/30/2021,BGM,NY,AEA,EN,Combined TRACON& Tower with Radar,0,6,2,0,8,0,0,0,0,0,0,6,2,0,8,22,0,22,30
12/01/2021,BGM,NY,AEA,EN,Combined TRACON& Tower with Radar,0,4,17,0,21,0,0,16,0,16,0,4,33,0,37,66,0,66,103
12/02/2021,BGM,NY,AEA,EN,Combined TRACON& Tower with Radar,0,8,8,0,16,0,0,2,0,2,0,8,10,0,18,0,0,0,18
12/03/2021,BGM,NY,AEA,EN,Combined TRACON& Tower with Radar,0,6,1,0,7,0,0,6,1,7,0,6,7,1,14,14,0,14,28
12/04/2021,BGM,NY,AEA,EN,Combined TRACON& Tower with Radar,0,4,0,0,4,0,0,14,0,14,0,4,14,0,18,16,0,16,34
12/05/2021,BGM,NY,AEA,EN,Combined TRACON& Tower with Radar,0,8,1,0,9,0,0,12,0,12,0,8,13,0,21,6,0,6,27
12/06/2021,BGM,NY,AEA,EN,Combined TRACON& Tower with Radar,0,4,2,0,6,0,0,0,0,0,0,4,2,0,6,0,0,0,6
12/07/2021,BGM,NY,AEA,EN,Combined TRACON& Tower with Radar,0,5,2,0,7,0,0,17,0,17,0,5,19,0,24,45,0,45,69
12/08/2021,BGM,NY,AEA,EN,Combined TRACON& Tower with Radar,0,4,1,0,5,0,0,0,0,0,0,4,1,0,5,0,0,0,5
12/09/2021,BGM,NY,AEA,EN,Combined TRACON& Tower with Radar,0,4,6,0,10,0,0,9,0,9,0,4,15,0,19,72,0,72,91
12/10/2021,BGM,NY,AEA,EN,Combined TRACON& Tower with Radar,0,7,15,0,22,0,0,16,0,16,0,7,31,0,38,41,0,41,79
12/11/2021,BGM,NY,AEA,EN,Combined TRACON& Tower with Radar,0,3,0,0,3,0,0,0,0,0,0,3,0,0,3,0,0,0,3
12/12/2021,BGM,NY,AEA,EN,Combined TRACON& Tower with Radar,0,3,0,0,3,0,0,10,0,10,0,3,10,0,13,20,0,20,33
12/13/2021,BGM,NY,AEA,EN,Combined TRACON& Tower with Radar,0,3,7,0,10,0,0,20,4,24,0,3,27,4,34,8,0,8,42
12/14/2021,BGM,NY,AEA,EN,Combined TRACON& Tower with Radar,0,5,17,0,22,0,0,32,0,32,0,5,49,0,54,26,0,26,80
12/15/2021,BGM,NY,AEA,EN,Combined TRACON& Tower with Radar,2,2,4,0,8,0,0,16,0,16,2,2,20,0,24,10,0,10,34
12/16/2021,BGM,NY,AEA,EN,Combined TRACON& Tower with Radar,0,9,4,0,13,0,0,14,0,14,0,9,18,0,27,4,0,4,31
12/17/2021,BGM,NY,AEA,EN,Combined TRACON& Tower with Radar,0,5,8,0,13,0,0,23,0,23,0,5,31,0,36,16,0,16,52
12/18/2021,BGM,NY,AEA,EN,Combined TRACON& Tower with Radar,0,8,0,0,8,0,0,0,0,0,0,8,0,0,8,0,0,0,8
12/19/2021,BGM,NY,AEA,EN,Combined TRACON& Tower with Radar,0,3,0,0,3,0,0,0,0,0,0,3,0,0,3,0,0,0,3
12/20/2021,BGM,NY,AEA,EN,Combined TRACON& Tower with Radar,0,5,8,2,15,0,2,25,0,27,0,7,33,2,42,8,0,8,50
12/21/2021,BGM,NY,AEA,EN,Combined TRACON& Tower with Radar,0,2,6,8,16,0,0,19,0,19,0,2,25,8,35,18,0,18,53
12/22/2021,BGM,NY,AEA,EN,Combined TRACON& Tower with Radar,0,4,6,0,10,0,0,3,0,3,0,4,9,0,13,13,0,13,26
12/23/2021,BGM,NY,AEA,EN,Combined TRACON& Tower with Radar,0,6,3,0,9,0,0,3,0,3,0,6,6,0,12,10,0,10,22
12/24/2021,BGM,NY,AEA,EN,Combined TRACON& Tower with Radar,0,2,1,0,3,0,0,2,0,2,0,2,3,0,5,0,0,0,5
12/25/2021,BGM,NY,AEA,EN,Combined TRACON& Tower with Radar,0,2,2,0,4,0,0,0,0,0,0,2,2,0,4,0,0,0,4
12/26/2021,BGM,NY,AEA,EN,Combined TRACON& Tower with Radar,0,5,0,0,5,0,0,4,0,4,0,5,4,0,9,0,0,0,9
12/27/2021,BGM,NY,AEA,EN,Combined TRACON& Tower with Radar,0,2,0,0,2,0,0,0,0,0,0,2,0,0,2,0,0,0,2
12/28/2021,BGM,NY,AEA,EN,Combined TRACON& Tower with Radar,0,7,6,0,13,0,0,8,0,8,0,7,14,0,21,8,0,8,29
12/29/2021,BGM,NY,AEA,EN,Combined TRACON& Tower with Radar,0,6,0,0,6,0,0,0,0,0,0,6,0,0,6,0,0,0,6
12/30/2021,BGM,NY,AEA,EN,Combined TRACON& Tower with Radar,0,2,0,0,2,0,0,0,0,0,0,2,0,0,2,0,0,0,2
12/31/2021,BGM,NY,AEA,EN,Combined TRACON& Tower with Radar,0,3,4,0,7,0,0,4,0,4,0,3,8,0,11,46,0,46,57
01/01/2022,BGM,NY,AEA,EN,Combined TRACON& Tower with Radar,0,1,2,0,3,0,0,0,0,0,0,1,2,0,3,6,0,6,9
01/02/2022,BGM,NY,AEA,EN,Combined TRACON& Tower with Radar,0,6,2,0,8,0,0,0,0,0,0,6,2,0,8,0,0,0,8
01/03/2022,BGM,NY,AEA,EN,Combined TRACON& Tower with Radar,0,3,5,9,17,0,0,6,3,9,0,3,11,12,26,12,0,12,38
01/04/2022,BGM,NY,AEA,EN,Combined TRACON& Tower with Radar,0,4,16,2,22,0,0,28,0,28,0,4,44,2,50,14,0,14,64
01/05/2022,BGM,NY,AEA,EN,Combined TRACON& Tower with Radar,0,2,6,6,14,0,0,10,0,10,0,2,16,6,24,12,0,12,36
01/06/2022,BGM,NY,AEA,EN,Combined TRACON& Tower with Radar,0,2,6,0,8,0,0,9,0,9,0,2,15,0,17,18,0,18,35
01/07/2022,BGM,NY,AEA,EN,Combined TRACON& Tower with Radar,0,4,1,0,5,0,0,0,0,0,0,4,1,0,5,0,0,0,5
01/08/2022,BGM,NY,AEA,EN,Combined TRACON& Tower with Radar,0,4,4,0,8,0,0,19,0,19,0,4,23,0,27,0,0,0,27
01/09/2022,BGM,NY,AEA,EN,Combined TRACON& Tower with Radar,0,3,0,0,3,0,0,0,0,0,0,3,0,0,3,0,0,0,3
01/10/2022,BGM,NY,AEA,EN,Combined TRACON& Tower with Radar,0,3,5,0,8,0,0,6,0,6,0,3,11,0,14,0,0,0,14
01/11/2022,BGM,NY,AEA,EN,Combined TRACON& Tower with Radar,0,2,1,0,3,0,0,6,0,6,0,2,7,0,9,0,0,0,9
01/12/2022,BGM,NY,AEA,EN,Combined TRACON& Tower with Radar,0,3,0,0,3,0,0,11,0,11,0,3,11,0,14,34,0,34,48
01/13/2022,BGM,NY,AEA,EN,Combined TRACON& Tower with Radar,0,2,1,2,5,0,0,11,1,12,0,2,12,3,17,30,0,30,47
01/14/2022,BGM,NY,AEA,EN,Combined TRACON& Tower with Radar,0,2,4,0,6,0,0,0,0,0,0,2,4,0,6,0,0,0,6
01/15/2022,BGM,NY,AEA,EN,Combined TRACON& Tower with Radar,0,2,1,0,3,0,0,8,0,8,0,2,9,0,11,8,0,8,19
01/16/2022,BGM,NY,AEA,EN,Combined TRACON& Tower with Radar,0,2,8,0,10,0,0,28,0,28,0,2,36,0,38,16,0,16,54
01/17/2022,BGM,NY,AEA,EN,Combined TRACON& Tower with Radar,0,2,2,0,4,0,0,0,0,0,0,2,2,0,4,0,0,0,4
01/18/2022,BGM,NY,AEA,EN,Combined TRACON& Tower with Radar,0,2,8,0,10,0,0,2,0,2,0,2,10,0,12,0,0,0,12
01/19/2022,BGM,NY,AEA,EN,Combined TRACON& Tower with Radar,0,4,4,2,10,0,0,1,0,1,0,4,5,2,11,4,0,4,15
01/20/2022,BGM,NY,AEA,EN,Combined TRACON& Tower with Radar,0,6,0,0,6,0,0,3,0,3,0,6,3,0,9,0,0,0,9
01/21/2022,BGM,NY,AEA,EN,Combined TRACON& Tower with Radar,0,4,19,0,23,0,1,22,1,24,0,5,41,1,47,0,0,0,47
01/22/2022,BGM,NY,AEA,EN,Combined TRACON& Tower with Radar,0,2,5,0,7,0,0,26,0,26,0,2,31,0,33,22,0,22,55
01/23/2022,BGM,NY,AEA,EN,Combined TRACON& Tower with Radar,0,4,2,0,6,0,0,4,0,4,0,4,6,0,10,6,0,6,16
01/24/2022,BGM,NY,AEA,EN,Combined TRACON& Tower with Radar,0,2,4,0,6,0,0,2,0,2,0,2,6,0,8,0,0,0,8
01/25/2022,BGM,NY,AEA,EN,Combined TRACON& Tower with Radar,0,3,3,0,6,0,0,5,0,5,0,3,8,0,11,0,0,0,11
01/26/2022,BGM,NY,AEA,EN,Combined TRACON& Tower with Radar,0,5,5,4,14,0,0,12,1,13,0,5,17,5,27,72,0,72,99
01/27/2022,BGM,NY,AEA,EN,Combined TRACON& Tower with Radar,0,2,2,0,4,0,0,13,0,13,0,2,15,0,17,14,0,14,31
01/28/2022,BGM,NY,AEA,EN,Combined TRACON& Tower with Radar,0,5,0,0,5,0,0,0,0,0,0,5,0,0,5,0,0,0,5
01/29/2022,BGM,NY,AEA,EN,Combined TRACON& Tower with Radar,0,3,0,0,3,0,0,0,0,0,0,3,0,0,3,0,0,0,3
01/30/2022,BGM,NY,AEA,EN,Combined TRACON& Tower with Radar,0,5,0,0,5,0,0,6,0,6,0,5,6,0,11,32,0,32,43
01/31/2022,BGM,NY,AEA,EN,Combined TRACON& Tower with Radar,0,7,6,2,15,0,0,15,0,15,0,7,21,2,30,16,0,16,46
02/01/2022,BGM,NY,AEA,EN,Combined TRACON& Tower with Radar,0,9,5,0,14,0,0,25,0,25,0,9,30,0,39,6,0,6,45
02/02/2022,BGM,NY,AEA,EN,Combined TRACON& Tower with Radar,0,3,1,8,12,0,0,10,1,11,0,3,11,9,23,0,0,0,23
02/03/2022,BGM,NY,AEA,EN,Combined TRACON& Tower with Radar,0,0,0,4,4,0,0,0,0,0,0,0,0,4,4,0,0,0,4
02/04/2022,BGM,NY,AEA,EN,Combined TRACON& Tower with Radar,0,2,0,0,2,0,0,0,0,0,0,2,0,0,2,0,0,0,2
02/05/2022,BGM,NY,AEA,EN,Combined TRACON& Tower with Radar,0,0,0,0,0,0,0,0,0,0,0,0,0,0,0,0,0,0,0
02/06/2022,BGM,NY,AEA,EN,Combined TRACON& Tower with Radar,0,5,6,0,11,0,0,12,0,12,0,5,18,0,23,2,0,2,25
02/07/2022,BGM,NY,AEA,EN,Combined TRACON& Tower with Radar,0,7,7,0,14,0,0,38,0,38,0,7,45,0,52,14,0,14,66
02/08/2022,BGM,NY,AEA,EN,Combined TRACON& Tower with Radar,0,3,2,0,5,0,0,1,0,1,0,3,3,0,6,40,0,40,46
02/09/2022,BGM,NY,AEA,EN,Combined TRACON& Tower with Radar,0,3,13,0,16,0,0,23,0,23,0,3,36,0,39,36,0,36,75
02/10/2022,BGM,NY,AEA,EN,Combined TRACON& Tower with Radar,0,3,5,0,8,0,0,3,0,3,0,3,8,0,11,14,0,14,25
02/11/2022,BGM,NY,AEA,EN,Combined TRACON& Tower with Radar,0,5,6,2,13,0,0,18,0,18,0,5,24,2,31,16,0,16,47
02/12/2022,BGM,NY,AEA,EN,Combined TRACON& Tower with Radar,0,4,5,0,9,0,0,8,0,8,0,4,13,0,17,0,0,0,17
02/13/2022,BGM,NY,AEA,EN,Combined TRACON& Tower with Radar,0,2,4,0,6,0,0,6,0,6,0,2,10,0,12,58,0,58,70
02/14/2022,BGM,NY,AEA,EN,Combined TRACON& Tower with Radar,0,4,4,2,10,0,2,6,1,9,0,6,10,3,19,16,0,16,35
02/15/2022,BGM,NY,AEA,EN,Combined TRACON& Tower with Radar,0,5,11,0,16,0,0,22,0,22,0,5,33,0,38,12,0,12,50
02/16/2022,BGM,NY,AEA,EN,Combined TRACON& Tower with Radar,0,4,0,0,4,0,0,9,0,9,0,4,9,0,13,0,0,0,13
02/17/2022,BGM,NY,AEA,EN,Combined TRACON& Tower with Radar,0,4,9,0,13,0,0,0,0,0,0,4,9,0,13,6,0,6,19
02/18/2022,BGM,NY,AEA,EN,Combined TRACON& Tower with Radar,0,4,7,0,11,0,0,1,0,1,0,4,8,0,12,0,0,0,12
02/19/2022,BGM,NY,AEA,EN,Combined TRACON& Tower with Radar,0,4,1,0,5,0,0,0,0,0,0,4,1,0,5,0,0,0,5
02/20/2022,BGM,NY,AEA,EN,Combined TRACON& Tower with Radar,0,3,5,0,8,0,0,19,0,19,0,3,24,0,27,19,0,19,46
02/21/2022,BGM,NY,AEA,EN,Combined TRACON& Tower with Radar,0,4,11,0,15,0,0,40,0,40,0,4,51,0,55,20,0,20,75
02/22/2022,BGM,NY,AEA,EN,Combined TRACON& Tower with Radar,0,3,2,0,5,0,0,6,0,6,0,3,8,0,11,54,0,54,65
02/23/2022,BGM,NY,AEA,EN,Combined TRACON& Tower with Radar,0,3,2,10,15,0,0,0,0,0,0,3,2,10,15,66,0,66,81
02/24/2022,BGM,NY,AEA,EN,Combined TRACON& Tower with Radar,0,5,7,0,12,0,0,15,2,17,0,5,22,2,29,45,0,45,74
02/25/2022,BGM,NY,AEA,EN,Combined TRACON& Tower with Radar,0,4,0,0,4,0,0,0,0,0,0,4,0,0,4,0,0,0,4
02/26/2022,BGM,NY,AEA,EN,Combined TRACON& Tower with Radar,0,4,2,0,6,0,0,12,0,12,0,4,14,0,18,30,0,30,48
02/27/2022,BGM,NY,AEA,EN,Combined TRACON& Tower with Radar,0,2,0,0,2,0,0,4,0,4,0,2,4,0,6,0,0,0,6
02/28/2022,BGM,NY,AEA,EN,Combined TRACON& Tower with Radar,0,4,9,1,14,0,0,20,1,21,0,4,29,2,35,12,0,12,47
03/01/2022,BGM,NY,AEA,EN,Combined TRACON& Tower with Radar,0,2,3,0,5,0,0,7,0,7,0,2,10,0,12,14,0,14,26
03/02/2022,BGM,NY,AEA,EN,Combined TRACON& Tower with Radar,0,5,1,0,6,0,0,18,0,18,0,5,19,0,24,48,0,48,72
03/03/2022,BGM,NY,AEA,EN,Combined TRACON& Tower with Radar,0,5,9,0,14,0,0,1,0,1,0,5,10,0,15,0,0,0,15
03/04/2022,BGM,NY,AEA,EN,Combined TRACON& Tower with Radar,0,3,4,0,7,0,1,23,0,24,0,4,27,0,31,42,0,42,73
03/05/2022,BGM,NY,AEA,EN,Combined TRACON& Tower with Radar,0,2,0,0,2,0,0,28,0,28,0,2,28,0,30,12,0,12,42
03/06/2022,BGM,NY,AEA,EN,Combined TRACON& Tower with Radar,0,2,3,0,5,0,0,2,0,2,0,2,5,0,7,0,0,0,7
03/07/2022,BGM,NY,AEA,EN,Combined TRACON& Tower with Radar,0,3,4,0,7,0,0,0,0,0,0,3,4,0,7,0,0,0,7
03/08/2022,BGM,NY,AEA,EN,Combined TRACON& Tower with Radar,0,3,4,6,13,0,0,10,2,12,0,3,14,8,25,16,10,26,51
03/09/2022,BGM,NY,AEA,EN,Combined TRACON& Tower with Radar,0,2,0,0,2,0,0,0,0,0,0,2,0,0,2,0,0,0,2
03/10/2022,BGM,NY,AEA,EN,Combined TRACON& Tower with Radar,2,2,12,0,16,0,0,8,0,8,2,2,20,0,24,72,0,72,96
03/11/2022,BGM,NY,AEA,EN,Combined TRACON& Tower with Radar,0,4,2,0,6,0,0,24,0,24,0,4,26,0,30,10,0,10,40
03/12/2022,BGM,NY,AEA,EN,Combined TRACON& Tower with Radar,0,4,0,0,4,0,0,0,0,0,0,4,0,0,4,0,0,0,4
03/13/2022,BGM,NY,AEA,EN,Combined TRACON& Tower with Radar,0,3,1,0,4,0,0,0,0,0,0,3,1,0,4,0,0,0,4
03/14/2022,BGM,NY,AEA,EN,Combined TRACON& Tower with Radar,0,3,6,2,11,0,0,8,0,8,0,3,14,2,19,35,0,35,54
03/15/2022,BGM,NY,AEA,EN,Combined TRACON& Tower with Radar,0,2,8,0,10,0,0,16,0,16,0,2,24,0,26,40,0,40,66
03/16/2022,BGM,NY,AEA,EN,Combined TRACON& Tower with Radar,0,12,10,0,22,0,0,24,0,24,0,12,34,0,46,20,0,20,66
03/17/2022,BGM,NY,AEA,EN,Combined TRACON& Tower with Radar,2,6,12,0,20,0,0,13,0,13,2,6,25,0,33,22,0,22,55
03/18/2022,BGM,NY,AEA,EN,Combined TRACON& Tower with Radar,0,7,6,0,13,0,0,26,0,26,0,7,32,0,39,24,0,24,63
03/19/2022,BGM,NY,AEA,EN,Combined TRACON& Tower with Radar,0,2,1,0,3,0,0,2,0,2,0,2,3,0,5,0,0,0,5
03/20/2022,BGM,NY,AEA,EN,Combined TRACON& Tower with Radar,0,3,6,0,9,0,0,0,0,0,0,3,6,0,9,0,0,0,9
03/21/2022,BGM,NY,AEA,EN,Combined TRACON& Tower with Radar,0,2,5,2,9,0,0,12,1,13,0,2,17,3,22,6,0,6,28
03/22/2022,BGM,NY,AEA,EN,Combined TRACON& Tower with Radar,0,6,12,8,26,0,0,37,0,37,0,6,49,8,63,34,0,34,97
03/23/2022,BGM,NY,AEA,EN,Combined TRACON& Tower with Radar,0,5,4,0,9,0,0,16,0,16,0,5,20,0,25,16,0,16,41
03/24/2022,BGM,NY,AEA,EN,Combined TRACON& Tower with Radar,0,2,6,2,10,0,0,2,0,2,0,2,8,2,12,4,0,4,16
03/25/2022,BGM,NY,AEA,EN,Combined TRACON& Tower with Radar,0,3,7,0,10,0,0,9,0,9,0,3,16,0,19,28,0,28,47
03/26/2022,BGM,NY,AEA,EN,Combined TRACON& Tower with Radar,0,2,2,0,4,0,0,1,0,1,0,2,3,0,5,8,0,8,13
03/27/2022,BGM,NY,AEA,EN,Combined TRACON& Tower with Radar,0,4,0,0,4,0,0,0,0,0,0,4,0,0,4,0,0,0,4
03/28/2022,BGM,NY,AEA,EN,Combined TRACON& Tower with Radar,0,6,3,0,9,0,0,1,0,1,0,6,4,0,10,0,0,0,10
03/29/2022,BGM,NY,AEA,EN,Combined TRACON& Tower with Radar,0,3,2,8,13,0,2,10,1,13,0,5,12,9,26,24,0,24,50
03/30/2022,BGM,NY,AEA,EN,Combined TRACON& Tower with Radar,0,5,8,0,13,0,0,20,0,20,0,5,28,0,33,98,0,98,131
03/31/2022,BGM,NY,AEA,EN,Combined TRACON& Tower with Radar,0,7,5,0,12,0,0,0,0,0,0,7,5,0,12,0,0,0,12
04/01/2022,BGM,NY,AEA,EN,Combined TRACON& Tower with Radar,0,3,6,0,9,0,0,0,0,0,0,3,6,0,9,0,0,0,9
04/02/2022,BGM,NY,AEA,EN,Combined TRACON& Tower with Radar,0,2,8,0,10,0,0,41,0,41,0,2,49,0,51,32,0,32,83
04/03/2022,BGM,NY,AEA,EN,Combined TRACON& Tower with Radar,0,7,2,0,9,0,0,0,0,0,0,7,2,0,9,0,0,0,9
04/04/2022,BGM,NY,AEA,EN,Combined TRACON& Tower with Radar,0,2,5,0,7,0,0,18,0,18,0,2,23,0,25,80,0,80,105
04/05/2022,BGM,NY,AEA,EN,Combined TRACON& Tower with Radar,2,0,6,0,8,0,2,30,0,32,2,2,36,0,40,40,0,40,80
04/06/2022,BGM,NY,AEA,EN,Combined TRACON& Tower with Radar,0,2,8,0,10,0,0,2,0,2,0,2,10,0,12,0,0,0,12
04/07/2022,BGM,NY,AEA,EN,Combined TRACON& Tower with Radar,0,2,2,0,4,0,0,0,0,0,0,2,2,0,4,0,0,0,4
04/08/2022,BGM,NY,AEA,EN,Combined TRACON& Tower with Radar,0,2,1,0,3,0,0,3,0,3,0,2,4,0,6,32,0,32,38
04/09/2022,BGM,NY,AEA,EN,Combined TRACON& Tower with Radar,0,6,0,0,6,0,0,4,0,4,0,6,4,0,10,0,0,0,10
04/10/2022,BGM,NY,AEA,EN,Combined TRACON& Tower with Radar,0,3,2,0,5,0,0,0,0,0,0,3,2,0,5,0,0,0,5
04/11/2022,BGM,NY,AEA,EN,Combined TRACON& Tower with Radar,0,3,15,0,18,0,0,38,0,38,0,3,53,0,56,0,0,0,56
04/12/2022,BGM,NY,AEA,EN,Combined TRACON& Tower with Radar,0,9,1,1,11,0,0,23,3,26,0,9,24,4,37,45,0,45,82
04/13/2022,BGM,NY,AEA,EN,Combined TRACON& Tower with Radar,0,6,9,0,15,0,0,12,0,12,0,6,21,0,27,36,0,36,63
04/14/2022,BGM,NY,AEA,EN,Combined TRACON& Tower with Radar,0,4,5,0,9,0,0,2,0,2,0,4,7,0,11,0,0,0,11
04/15/2022,BGM,NY,AEA,EN,Combined TRACON& Tower with Radar,0,2,1,0,3,0,0,7,0,7,0,2,8,0,10,22,0,22,32
04/16/2022,BGM,NY,AEA,EN,Combined TRACON& Tower with Radar,0,2,4,0,6,0,0,0,0,0,0,2,4,0,6,0,0,0,6
04/17/2022,BGM,NY,AEA,EN,Combined TRACON& Tower with Radar,0,6,7,0,13,0,0,8,0,8,0,6,15,0,21,0,0,0,21
04/18/2022,BGM,NY,AEA,EN,Combined TRACON& Tower with Radar,0,6,7,0,13,0,1,9,0,10,0,7,16,0,23,12,0,12,35
04/19/2022,BGM,NY,AEA,EN,Combined TRACON& Tower with Radar,0,6,2,0,8,0,0,0,0,0,0,6,2,0,8,0,0,0,8
04/20/2022,BGM,NY,AEA,EN,Combined TRACON& Tower with Radar,0,7,0,0,7,0,0,5,0,5,0,7,5,0,12,16,0,16,28
04/21/2022,BGM,NY,AEA,EN,Combined TRACON& Tower with Radar,0,5,2,0,7,0,0,0,0,0,0,5,2,0,7,0,0,0,7
04/22/2022,BGM,NY,AEA,EN,Combined TRACON& Tower with Radar,0,4,11,0,15,0,0,36,0,36,0,4,47,0,51,0,0,0,51
04/23/2022,BGM,NY,AEA,EN,Combined TRACON& Tower with Radar,2,1,4,0,7,0,0,23,0,23,2,1,27,0,30,26,0,26,56
04/24/2022,BGM,NY,AEA,EN,Combined TRACON& Tower with Radar,0,3,6,0,9,0,0,29,0,29,0,3,35,0,38,16,0,16,54
04/25/2022,BGM,NY,AEA,EN,Combined TRACON& Tower with Radar,0,4,3,0,7,0,0,11,0,11,0,4,14,0,18,4,0,4,22
04/26/2022,BGM,NY,AEA,EN,Combined TRACON& Tower with Radar,0,8,5,0,13,0,0,0,0,0,0,8,5,0,13,0,0,0,13
04/27/2022,BGM,NY,AEA,EN,Combined TRACON& Tower with Radar,0,8,6,0,14,0,0,0,0,0,0,8,6,0,14,0,0,0,14
04/28/2022,BGM,NY,AEA,EN,Combined TRACON& Tower with Radar,0,5,6,7,18,0,0,12,0,12,0,5,18,7,30,6,2,8,38
04/29/2022,BGM,NY,AEA,EN,Combined TRACON& Tower with Radar,0,5,3,0,8,0,0,10,2,12,0,5,13,2,20,12,0,12,32
04/30/2022,BGM,NY,AEA,EN,Combined TRACON& Tower with Radar,2,0,8,0,10,0,0,35,0,35,2,0,43,0,45,0,0,0,45
05/01/2022,BGM,NY,AEA,EN,Combined TRACON& Tower with Radar,0,2,0,0,2,0,0,24,0,24,0,2,24,0,26,12,0,12,38
05/02/2022,BGM,NY,AEA,EN,Combined TRACON& Tower with Radar,0,5,1,0,6,0,0,1,0,1,0,5,2,0,7,0,0,0,7
05/03/2022,BGM,NY,AEA,EN,Combined TRACON& Tower with Radar,2,8,4,0,14,0,0,15,0,15,2,8,19,0,29,38,0,38,67
05/04/2022,BGM,NY,AEA,EN,Combined TRACON& Tower with Radar,0,5,7,0,12,0,0,0,0,0,0,5,7,0,12,0,0,0,12
05/05/2022,BGM,NY,AEA,EN,Combined TRACON& Tower with Radar,0,6,4,8,18,0,2,36,0,38,0,8,40,8,56,37,0,37,93
05/06/2022,BGM,NY,AEA,EN,Combined TRACON& Tower with Radar,0,6,5,0,11,0,0,2,0,2,0,6,7,0,13,30,0,30,43
05/07/2022,BGM,NY,AEA,EN,Combined TRACON& Tower with Radar,0,2,3,0,5,0,0,7,0,7,0,2,10,0,12,0,0,0,12
05/08/2022,BGM,NY,AEA,EN,Combined TRACON& Tower with Radar,0,6,5,0,11,0,0,22,0,22,0,6,27,0,33,32,0,32,65
05/09/2022,BGM,NY,AEA,EN,Combined TRACON& Tower with Radar,0,5,3,0,8,0,1,33,0,34,0,6,36,0,42,32,0,32,74
05/10/2022,BGM,NY,AEA,EN,Combined TRACON& Tower with Radar,0,2,7,0,9,0,0,23,2,25,0,2,30,2,34,88,0,88,122
05/11/2022,BGM,NY,AEA,EN,Combined TRACON& Tower with Radar,0,3,17,0,20,0,0,22,0,22,0,3,39,0,42,16,0,16,58
05/12/2022,BGM,NY,AEA,EN,Combined TRACON& Tower with Radar,0,4,7,0,11,0,1,24,0,25,0,5,31,0,36,48,0,48,84
05/13/2022,BGM,NY,AEA,EN,Combined TRACON& Tower with Radar,0,3,6,0,9,0,0,9,0,9,0,3,15,0,18,3,0,3,21
05/14/2022,BGM,NY,AEA,EN,Combined TRACON& Tower with Radar,0,3,2,0,5,0,0,5,0,5,0,3,7,0,10,16,0,16,26
05/15/2022,BGM,NY,AEA,EN,Combined TRACON& Tower with Radar,0,4,3,0,7,0,0,1,0,1,0,4,4,0,8,0,0,0,8
05/16/2022,BGM,NY,AEA,EN,Combined TRACON& Tower with Radar,0,2,2,0,4,0,0,1,0,1,0,2,3,0,5,0,0,0,5
05/17/2022,BGM,NY,AEA,EN,Combined TRACON& Tower with Radar,0,2,2,0,4,0,0,1,0,1,0,2,3,0,5,6,0,6,11
05/18/2022,BGM,NY,AEA,EN,Combined TRACON& Tower with Radar,0,5,10,10,25,0,2,20,8,30,0,7,30,18,55,14,0,14,69
05/19/2022,BGM,NY,AEA,EN,Combined TRACON& Tower with Radar,0,4,13,0,17,0,0,0,0,0,0,4,13,0,17,28,0,28,45
05/20/2022,BGM,NY,AEA,EN,Combined TRACON& Tower with Radar,0,2,6,0,8,0,0,15,0,15,0,2,21,0,23,0,0,0,23
05/21/2022,BGM,NY,AEA,EN,Combined TRACON& Tower with Radar,0,4,5,0,9,0,2,30,0,32,0,6,35,0,41,34,0,34,75
05/22/2022,BGM,NY,AEA,EN,Combined TRACON& Tower with Radar,0,2,0,0,2,0,0,7,0,7,0,2,7,0,9,8,0,8,17
05/23/2022,BGM,NY,AEA,EN,Combined TRACON& Tower with Radar,0,8,9,2,19,0,0,17,2,19,0,8,26,4,38,0,0,0,38
05/24/2022,BGM,NY,AEA,EN,Combined TRACON& Tower with Radar,0,4,4,0,8,0,0,18,0,18,0,4,22,0,26,34,0,34,60
05/25/2022,BGM,NY,AEA,EN,Combined TRACON& Tower with Radar,0,2,3,0,5,0,0,16,0,16,0,2,19,0,21,32,0,32,53
05/26/2022,BGM,NY,AEA,EN,Combined TRACON& Tower with Radar,0,6,13,0,19,0,0,7,0,7,0,6,20,0,26,26,0,26,52
05/27/2022,BGM,NY,AEA,EN,Combined TRACON& Tower with Radar,0,5,3,0,8,0,0,2,0,2,0,5,5,0,10,0,0,0,10
05/28/2022,BGM,NY,AEA,EN,Combined TRACON& Tower with Radar,0,3,1,0,4,0,0,4,0,4,0,3,5,0,8,6,0,6,14
05/29/2022,BGM,NY,AEA,EN,Combined TRACON& Tower with Radar,0,4,7,0,11,0,0,30,0,30,0,4,37,0,41,60,0,60,101
05/30/2022,BGM,NY,AEA,EN,Combined TRACON& Tower with Radar,0,5,7,0,12,0,0,18,0,18,0,5,25,0,30,34,0,34,64
05/31/2022,BGM,NY,AEA,EN,Combined TRACON& Tower with Radar,0,6,9,0,15,0,0,11,0,11,0,6,20,0,26,26,0,26,52
06/01/2022,BGM,NY,AEA,EN,Combined TRACON& Tower with Radar,0,4,2,0,6,0,0,0,0,0,0,4,2,0,6,16,4,20,26
06/02/2022,BGM,NY,AEA,EN,Combined TRACON& Tower with Radar,0,7,18,3,28,0,0,22,0,22,0,7,40,3,50,0,0,0,50
06/03/2022,BGM,NY,AEA,EN,Combined TRACON& Tower with Radar,0,1,5,8,14,0,0,27,0,27,0,1,32,8,41,42,0,42,83
06/04/2022,BGM,NY,AEA,EN,Combined TRACON& Tower with Radar,0,3,8,0,11,0,0,14,0,14,0,3,22,0,25,43,0,43,68
06/05/2022,BGM,NY,AEA,EN,Combined TRACON& Tower with Radar,0,9,8,0,17,2,0,29,0,31,2,9,37,0,48,14,0,14,62
06/06/2022,BGM,NY,AEA,EN,Combined TRACON& Tower with Radar,0,4,7,0,11,0,0,11,1,12,0,4,18,1,23,20,0,20,43
06/07/2022,BGM,NY,AEA,EN,Combined TRACON& Tower with Radar,0,5,3,2,10,0,0,4,2,6,0,5,7,4,16,51,8,59,75
06/08/2022,BGM,NY,AEA,EN,Combined TRACON& Tower with Radar,0,9,11,0,20,0,4,17,0,21,0,13,28,0,41,36,0,36,77
06/09/2022,BGM,NY,AEA,EN,Combined TRACON& Tower with Radar,0,9,8,0,17,0,0,0,0,0,0,9,8,0,17,4,0,4,21
06/10/2022,BGM,NY,AEA,EN,Combined TRACON& Tower with Radar,0,4,4,0,8,0,0,25,0,25,0,4,29,0,33,20,0,20,53
06/11/2022,BGM,NY,AEA,EN,Combined TRACON& Tower with Radar,0,2,1,0,3,0,0,20,0,20,0,2,21,0,23,38,0,38,61
06/12/2022,BGM,NY,AEA,EN,Combined TRACON& Tower with Radar,0,3,0,0,3,0,0,3,0,3,0,3,3,0,6,0,0,0,6
06/13/2022,BGM,NY,AEA,EN,Combined TRACON& Tower with Radar,0,4,10,5,19,0,0,12,5,17,0,4,22,10,36,20,14,34,70
06/14/2022,BGM,NY,AEA,EN,Combined TRACON& Tower with Radar,0,8,9,2,19,0,0,26,0,26,0,8,35,2,45,2,0,2,47
06/15/2022,BGM,NY,AEA,EN,Combined TRACON& Tower with Radar,0,8,15,0,23,0,0,12,0,12,0,8,27,0,35,72,0,72,107
06/16/2022,BGM,NY,AEA,EN,Combined TRACON& Tower with Radar,0,6,15,0,21,0,0,0,0,0,0,6,15,0,21,0,0,0,21
06/17/2022,BGM,NY,AEA,EN,Combined TRACON& Tower with Radar,0,3,3,8,14,0,0,12,0,12,0,3,15,8,26,28,0,28,54
06/18/2022,BGM,NY,AEA,EN,Combined TRACON& Tower with Radar,0,2,2,0,4,0,0,0,0,0,0,2,2,0,4,0,0,0,4
06/19/2022,BGM,NY,AEA,EN,Combined TRACON& Tower with Radar,0,2,4,0,6,0,0,11,0,11,0,2,15,0,17,0,0,0,17
06/20/2022,BGM,NY,AEA,EN,Combined TRACON& Tower with Radar,0,2,9,0,11,0,0,29,0,29,0,2,38,0,40,44,0,44,84
06/21/2022,BGM,NY,AEA,EN,Combined TRACON& Tower with Radar,0,3,4,0,7,0,0,17,0,17,0,3,21,0,24,44,0,44,68
06/22/2022,BGM,NY,AEA,EN,Combined TRACON& Tower with Radar,0,8,2,0,10,0,0,10,0,10,0,8,12,0,20,40,0,40,60
06/23/2022,BGM,NY,AEA,EN,Combined TRACON& Tower with Radar,0,5,11,0,16,0,0,3,0,3,0,5,14,0,19,0,0,0,19
06/24/2022,BGM,NY,AEA,EN,Combined TRACON& Tower with Radar,0,3,15,0,18,0,0,25,0,25,0,3,40,0,43,21,0,21,64
06/25/2022,BGM,NY,AEA,EN,Combined TRACON& Tower with Radar,0,2,6,0,8,0,0,22,0,22,0,2,28,0,30,56,0,56,86
06/26/2022,BGM,NY,AEA,EN,Combined TRACON& Tower with Radar,0,3,12,0,15,0,0,23,0,23,0,3,35,0,38,6,0,6,44
06/27/2022,BGM,NY,AEA,EN,Combined TRACON& Tower with Radar,0,3,10,2,15,0,0,7,0,7,0,3,17,2,22,10,0,10,32
06/28/2022,BGM,NY,AEA,EN,Combined TRACON& Tower with Radar,0,4,12,0,16,0,0,41,0,41,0,4,53,0,57,32,0,32,89
06/29/2022,BGM,NY,AEA,EN,Combined TRACON& Tower with Radar,0,8,8,0,16,0,0,26,0,26,0,8,34,0,42,20,0,20,62
06/30/2022,BGM,NY,AEA,EN,Combined TRACON& Tower with Radar,0,5,9,0,14,0,0,16,0,16,0,5,25,0,30,58,0,58,88
07/01/2022,BGM,NY,AEA,EN,Combined TRACON& Tower with Radar,0,7,7,0,14,0,0,17,0,17,0,7,24,0,31,8,0,8,39
07/02/2022,BGM,NY,AEA,EN,Combined TRACON& Tower with Radar,0,4,2,0,6,0,0,14,0,14,0,4,16,0,20,10,0,10,30
07/03/2022,BGM,NY,AEA,EN,Combined TRACON& Tower with Radar,0,2,1,0,3,0,0,31,0,31,0,2,32,0,34,0,0,0,34
07/04/2022,BGM,NY,AEA,EN,Combined TRACON& Tower with Radar,0,4,3,0,7,0,0,23,0,23,0,4,26,0,30,6,0,6,36
07/05/2022,BGM,NY,AEA,EN,Combined TRACON& Tower with Radar,0,2,5,0,7,0,0,3,0,3,0,2,8,0,10,0,0,0,10
07/06/2022,BGM,NY,AEA,EN,Combined TRACON& Tower with Radar,0,6,10,0,16,0,0,22,0,22,0,6,32,0,38,28,0,28,66
07/07/2022,BGM,NY,AEA,EN,Combined TRACON& Tower with Radar,0,5,7,4,16,0,0,36,6,42,0,5,43,10,58,36,0,36,94
07/08/2022,BGM,NY,AEA,EN,Combined TRACON& Tower with Radar,0,2,7,0,9,0,0,24,0,24,0,2,31,0,33,30,0,30,63
07/09/2022,BGM,NY,AEA,EN,Combined TRACON& Tower with Radar,0,5,8,0,13,0,0,33,0,33,0,5,41,0,46,68,0,68,114
07/10/2022,BGM,NY,AEA,EN,Combined TRACON& Tower with Radar,0,3,10,0,13,0,0,24,0,24,0,3,34,0,37,42,0,42,79
07/11/2022,BGM,NY,AEA,EN,Combined TRACON& Tower with Radar,0,5,6,0,11,0,0,17,0,17,0,5,23,0,28,6,0,6,34
07/12/2022,BGM,NY,AEA,EN,Combined TRACON& Tower with Radar,0,5,5,0,10,0,0,5,0,5,0,5,10,0,15,0,0,0,15
07/13/2022,BGM,NY,AEA,EN,Combined TRACON& Tower with Radar,0,2,6,0,8,0,0,21,0,21,0,2,27,0,29,10,0,10,39
07/14/2022,BGM,NY,AEA,EN,Combined TRACON& Tower with Radar,0,2,11,0,13,0,0,12,0,12,0,2,23,0,25,35,0,35,60
07/15/2022,BGM,NY,AEA,EN,Combined TRACON& Tower with Radar,0,4,7,4,15,0,0,36,0,36,0,4,43,4,51,30,16,46,97
07/16/2022,BGM,NY,AEA,EN,Combined TRACON& Tower with Radar,0,7,3,0,10,0,0,13,0,13,0,7,16,0,23,34,0,34,57
07/17/2022,BGM,NY,AEA,EN,Combined TRACON& Tower with Radar,0,9,5,0,14,0,0,13,0,13,0,9,18,0,27,70,0,70,97
07/18/2022,BGM,NY,AEA,EN,Combined TRACON& Tower with Radar,0,8,7,0,15,0,0,1,0,1,0,8,8,0,16,0,0,0,16
07/19/2022,BGM,NY,AEA,EN,Combined TRACON& Tower with Radar,0,5,8,0,13,0,0,23,0,23,0,5,31,0,36,72,0,72,108
07/20/2022,BGM,NY,AEA,EN,Combined TRACON& Tower with Radar,0,2,3,0,5,0,0,19,0,19,0,2,22,0,24,30,0,30,54
07/21/2022,BGM,NY,AEA,EN,Combined TRACON& Tower with Radar,2,4,8,0,14,0,0,3,0,3,2,4,11,0,17,0,0,0,17
07/22/2022,BGM,NY,AEA,EN,Combined TRACON& Tower with Radar,0,8,2,6,16,0,0,34,0,34,0,8,36,6,50,32,34,66,116
07/23/2022,BGM,NY,AEA,EN,Combined TRACON& Tower with Radar,0,4,1,0,5,0,0,15,0,15,0,4,16,0,20,30,0,30,50
07/24/2022,BGM,NY,AEA,EN,Combined TRACON& Tower with Radar,0,5,3,0,8,0,0,9,0,9,0,5,12,0,17,28,0,28,45
07/25/2022,BGM,NY,AEA,EN,Combined TRACON& Tower with Radar,0,2,6,1,9,0,0,5,0,5,0,2,11,1,14,10,0,10,24
07/26/2022,BGM,NY,AEA,EN,Combined TRACON& Tower with Radar,0,2,6,0,8,0,0,25,2,27,0,2,31,2,35,72,0,72,107
07/27/2022,BGM,NY,AEA,EN,Combined TRACON& Tower with Radar,0,5,13,0,18,0,0,29,0,29,0,5,42,0,47,68,0,68,115
07/28/2022,BGM,NY,AEA,EN,Combined TRACON& Tower with Radar,0,2,1,0,3,0,0,6,0,6,0,2,7,0,9,34,0,34,43
07/29/2022,BGM,NY,AEA,EN,Combined TRACON& Tower with Radar,0,6,9,0,15,0,0,20,5,25,0,6,29,5,40,24,0,24,64
07/30/2022,BGM,NY,AEA,EN,Combined TRACON& Tower with Radar,0,4,10,0,14,0,0,5,0,5,0,4,15,0,19,0,0,0,19
07/31/2022,BGM,NY,AEA,EN,Combined TRACON& Tower with Radar,0,5,3,0,8,1,0,26,0,27,1,5,29,0,35,42,0,42,77
08/01/2022,BGM,NY,AEA,EN,Combined TRACON& Tower with Radar,0,2,9,0,11,0,0,17,0,17,0,2,26,0,28,36,0,36,64
08/02/2022,BGM,NY,AEA,EN,Combined TRACON& Tower with Radar,0,5,4,0,9,0,0,14,0,14,0,5,18,0,23,8,0,8,31
08/03/2022,BGM,NY,AEA,EN,Combined TRACON& Tower with Radar,0,6,6,10,22,0,0,31,2,33,0,6,37,12,55,60,0,60,115
08/04/2022,BGM,NY,AEA,EN,Combined TRACON& Tower with Radar,0,2,2,0,4,0,0,9,2,11,0,2,11,2,15,32,0,32,47
08/05/2022,BGM,NY,AEA,EN,Combined TRACON& Tower with Radar,0,4,3,5,12,0,0,8,1,9,0,4,11,6,21,12,20,32,53
08/06/2022,BGM,NY,AEA,EN,Combined TRACON& Tower with Radar,0,2,3,0,5,0,2,25,0,27,0,4,28,0,32,23,0,23,55
08/07/2022,BGM,NY,AEA,EN,Combined TRACON& Tower with Radar,0,3,7,0,10,0,0,18,2,20,0,3,25,2,30,30,0,30,60
08/08/2022,BGM,NY,AEA,EN,Combined TRACON& Tower with Radar,0,2,3,0,5,0,0,27,0,27,0,2,30,0,32,18,0,18,50
08/09/2022,BGM,NY,AEA,EN,Combined TRACON& Tower with Radar,0,4,11,0,15,0,0,3,0,3,0,4,14,0,18,10,0,10,28
08/10/2022,BGM,NY,AEA,EN,Combined TRACON& Tower with Radar,0,2,14,5,21,0,0,28,9,37,0,2,42,14,58,38,10,48,106
08/11/2022,BGM,NY,AEA,EN,Combined TRACON& Tower with Radar,0,3,8,0,11,0,0,38,2,40,0,3,46,2,51,10,0,10,61
08/12/2022,BGM,NY,AEA,EN,Combined TRACON& Tower with Radar,0,5,6,0,11,0,0,25,0,25,0,5,31,0,36,66,0,66,102
08/13/2022,BGM,NY,AEA,EN,Combined TRACON& Tower with Radar,0,6,12,0,18,0,1,27,0,28,0,7,39,0,46,37,0,37,83
08/14/2022,BGM,NY,AEA,EN,Combined TRACON& Tower with Radar,0,4,11,0,15,0,0,43,0,43,0,4,54,0,58,48,0,48,106
08/15/2022,BGM,NY,AEA,EN,Combined TRACON& Tower with Radar,0,4,6,0,10,0,0,19,0,19,0,4,25,0,29,21,0,21,50
08/16/2022,BGM,NY,AEA,EN,Combined TRACON& Tower with Radar,0,7,4,0,11,0,0,16,0,16,0,7,20,0,27,26,0,26,53
08/17/2022,BGM,NY,AEA,EN,Combined TRACON& Tower with Radar,0,9,3,0,12,0,0,8,0,8,0,9,11,0,20,4,0,4,24
08/18/2022,BGM,NY,AEA,EN,Combined TRACON& Tower with Radar,0,9,10,0,19,0,0,19,0,19,0,9,29,0,38,32,0,32,70
08/19/2022,BGM,NY,AEA,EN,Combined TRACON& Tower with Radar,0,3,12,0,15,0,0,29,0,29,0,3,41,0,44,40,0,40,84
08/20/2022,BGM,NY,AEA,EN,Combined TRACON& Tower with Radar,0,4,4,0,8,0,0,25,0,25,0,4,29,0,33,48,0,48,81
08/21/2022,BGM,NY,AEA,EN,Combined TRACON& Tower with Radar,0,12,5,0,17,0,0,4,0,4,0,12,9,0,21,6,0,6,27
08/22/2022,BGM,NY,AEA,EN,Combined TRACON& Tower with Radar,0,7,3,0,10,0,0,0,0,0,0,7,3,0,10,0,0,0,10
08/23/2022,BGM,NY,AEA,EN,Combined TRACON& Tower with Radar,0,6,5,0,11,0,0,0,0,0,0,6,5,0,11,0,0,0,11
08/24/2022,BGM,NY,AEA,EN,Combined TRACON& Tower with Radar,0,2,17,0,19,0,0,40,0,40,0,2,57,0,59,0,0,0,59
08/25/2022,BGM,NY,AEA,EN,Combined TRACON& Tower with Radar,0,6,6,2,14,0,0,54,0,54,0,6,60,2,68,8,0,8,76
08/26/2022,BGM,NY,AEA,EN,Combined TRACON& Tower with Radar,2,4,10,2,18,0,0,11,0,11,2,4,21,2,29,60,0,60,89
08/27/2022,BGM,NY,AEA,EN,Combined TRACON& Tower with Radar,0,3,10,0,13,0,1,18,0,19,0,4,28,0,32,2,0,2,34
08/28/2022,BGM,NY,AEA,EN,Combined TRACON& Tower with Radar,0,3,6,0,9,0,2,30,0,32,0,5,36,0,41,38,0,38,79
08/29/2022,BGM,NY,AEA,EN,Combined TRACON& Tower with Radar,0,4,3,0,7,0,0,9,2,11,0,4,12,2,18,8,0,8,26
08/30/2022,BGM,NY,AEA,EN,Combined TRACON& Tower with Radar,0,4,4,0,8,0,0,5,0,5,0,4,9,0,13,4,0,4,17
08/31/2022,BGM,NY,AEA,EN,Combined TRACON& Tower with Radar,0,2,6,2,10,0,0,28,0,28,0,2,34,2,38,50,0,50,88
09/01/2022,BGM,NY,AEA,EN,Combined TRACON& Tower with Radar,0,2,4,2,8,0,2,27,0,29,0,4,31,2,37,60,0,60,97
09/02/2022,BGM,NY,AEA,EN,Combined TRACON& Tower with Radar,0,4,4,0,8,0,4,32,0,36,0,8,36,0,44,6,0,6,50
09/03/2022,BGM,NY,AEA,EN,Combined TRACON& Tower with Radar,0,2,9,0,11,0,0,12,0,12,0,2,21,0,23,0,0,0,23
09/04/2022,BGM,NY,AEA,EN,Combined TRACON& Tower with Radar,0,2,9,0,11,0,0,3,0,3,0,2,12,0,14,0,0,0,14
09/05/2022,BGM,NY,AEA,EN,Combined TRACON& Tower with Radar,0,4,0,0,4,0,0,0,0,0,0,4,0,0,4,0,0,0,4
09/06/2022,BGM,NY,AEA,EN,Combined TRACON& Tower with Radar,0,2,7,0,9,0,0,0,0,0,0,2,7,0,9,0,0,0,9
09/07/2022,BGM,NY,AEA,EN,Combined TRACON& Tower with Radar,0,7,11,0,18,0,0,0,0,0,0,7,11,0,18,0,0,0,18
09/08/2022,BGM,NY,AEA,EN,Combined TRACON& Tower with Radar,0,2,16,0,18,0,0,15,0,15,0,2,31,0,33,30,0,30,63
09/09/2022,BGM,NY,AEA,EN,Combined TRACON& Tower with Radar,0,5,13,0,18,0,0,50,0,50,0,5,63,0,68,0,0,0,68
09/10/2022,BGM,NY,AEA,EN,Combined TRACON& Tower with Radar,0,7,5,8,20,0,0,45,4,49,0,7,50,12,69,58,0,58,127
09/11/2022,BGM,NY,AEA,EN,Combined TRACON& Tower with Radar,0,5,12,0,17,0,0,2,0,2,0,5,14,0,19,8,0,8,27
09/12/2022,BGM,NY,AEA,EN,Combined TRACON& Tower with Radar,0,2,13,0,15,0,0,0,0,0,0,2,13,0,15,0,0,0,15
09/13/2022,BGM,NY,AEA,EN,Combined TRACON& Tower with Radar,0,2,10,0,12,0,0,2,0,2,0,2,12,0,14,8,0,8,22
09/14/2022,BGM,NY,AEA,EN,Combined TRACON& Tower with Radar,0,5,5,0,10,0,1,23,0,24,0,6,28,0,34,50,0,50,84
09/15/2022,BGM,NY,AEA,EN,Combined TRACON& Tower with Radar,0,5,10,0,15,0,0,51,0,51,0,5,61,0,66,30,0,30,96
09/16/2022,BGM,NY,AEA,EN,Combined TRACON& Tower with Radar,0,2,13,0,15,0,0,46,0,46,0,2,59,0,61,36,0,36,97
09/17/2022,BGM,NY,AEA,EN,Combined TRACON& Tower with Radar,0,2,1,0,3,0,0,36,0,36,0,2,37,0,39,30,0,30,69
09/18/2022,BGM,NY,AEA,EN,Combined TRACON& Tower with Radar,0,4,9,0,13,0,0,26,0,26,0,4,35,0,39,40,0,40,79
09/19/2022,BGM,NY,AEA,EN,Combined TRACON& Tower with Radar,0,8,0,0,8,0,0,2,0,2,0,8,2,0,10,0,0,0,10
09/20/2022,BGM,NY,AEA,EN,Combined TRACON& Tower with Radar,0,6,9,17,32,0,0,13,1,14,0,6,22,18,46,38,0,38,84
09/21/2022,BGM,NY,AEA,EN,Combined TRACON& Tower with Radar,0,10,8,0,18,0,0,24,0,24,0,10,32,0,42,60,0,60,102
09/22/2022,BGM,NY,AEA,EN,Combined TRACON& Tower with Radar,0,6,4,0,10,0,0,0,0,0,0,6,4,0,10,10,0,10,20
09/23/2022,BGM,NY,AEA,EN,Combined TRACON& Tower with Radar,0,3,3,0,6,0,0,12,0,12,0,3,15,0,18,28,0,28,46
09/24/2022,BGM,NY,AEA,EN,Combined TRACON& Tower with Radar,0,3,2,0,5,0,0,42,0,42,0,3,44,0,47,30,0,30,77
09/25/2022,BGM,NY,AEA,EN,Combined TRACON& Tower with Radar,0,5,2,0,7,0,0,0,0,0,0,5,2,0,7,0,0,0,7
09/26/2022,BGM,NY,AEA,EN,Combined TRACON& Tower with Radar,0,4,4,0,8,0,0,9,0,9,0,4,13,0,17,6,0,6,23
09/27/2022,BGM,NY,AEA,EN,Combined TRACON& Tower with Radar,0,2,4,0,6,0,0,5,0,5,0,2,9,0,11,14,0,14,25
09/28/2022,BGM,NY,AEA,EN,Combined TRACON& Tower with Radar,0,2,6,0,8,0,0,6,0,6,0,2,12,0,14,0,0,0,14
09/29/2022,BGM,NY,AEA,EN,Combined TRACON& Tower with Radar,0,2,28,0,30,0,0,27,0,27,0,2,55,0,57,0,0,0,57
09/30/2022,BGM,NY,AEA,EN,Combined TRACON& Tower with Radar,0,2,3,0,5,0,0,38,0,38,0,2,41,0,43,34,0,34,77
10/01/2022,BGM,NY,AEA,EN,Combined TRACON& Tower with Radar,0,3,6,0,9,0,0,22,0,22,0,3,28,0,31,32,0,32,63
10/02/2022,BGM,NY,AEA,EN,Combined TRACON& Tower with Radar,0,4,4,0,8,0,0,5,0,5,0,4,9,0,13,24,0,24,37
10/03/2022,BGM,NY,AEA,EN,Combined TRACON& Tower with Radar,0,3,5,0,8,0,0,30,0,30,0,3,35,0,38,72,0,72,110
10/04/2022,BGM,NY,AEA,EN,Combined TRACON& Tower with Radar,0,4,6,0,10,0,0,5,0,5,0,4,11,0,15,56,0,56,71
10/05/2022,BGM,NY,AEA,EN,Combined TRACON& Tower with Radar,0,7,10,0,17,0,0,21,0,21,0,7,31,0,38,32,0,32,70
10/06/2022,BGM,NY,AEA,EN,Combined TRACON& Tower with Radar,0,4,7,0,11,0,0,38,0,38,0,4,45,0,49,64,0,64,113
10/07/2022,BGM,NY,AEA,EN,Combined TRACON& Tower with Radar,0,7,14,0,21,0,0,10,0,10,0,7,24,0,31,30,0,30,61
10/08/2022,BGM,NY,AEA,EN,Combined TRACON& Tower with Radar,0,2,1,0,3,0,0,17,0,17,0,2,18,0,20,10,0,10,30
10/09/2022,BGM,NY,AEA,EN,Combined TRACON& Tower with Radar,0,5,9,0,14,0,0,16,0,16,0,5,25,0,30,12,0,12,42
10/10/2022,BGM,NY,AEA,EN,Combined TRACON& Tower with Radar,0,4,6,0,10,0,1,33,0,34,0,5,39,0,44,22,0,22,66
10/11/2022,BGM,NY,AEA,EN,Combined TRACON& Tower with Radar,0,2,19,0,21,0,1,23,0,24,0,3,42,0,45,46,0,46,91
10/12/2022,BGM,NY,AEA,EN,Combined TRACON& Tower with Radar,0,3,8,2,13,0,0,20,0,20,0,3,28,2,33,16,0,16,49
10/13/2022,BGM,NY,AEA,EN,Combined TRACON& Tower with Radar,0,6,4,0,10,0,0,2,0,2,0,6,6,0,12,0,0,0,12
10/14/2022,BGM,NY,AEA,EN,Combined TRACON& Tower with Radar,0,8,12,0,20,0,0,36,0,36,0,8,48,0,56,32,0,32,88
10/15/2022,BGM,NY,AEA,EN,Combined TRACON& Tower with Radar,0,5,3,0,8,0,0,25,0,25,0,5,28,0,33,2,0,2,35
10/16/2022,BGM,NY,AEA,EN,Combined TRACON& Tower with Radar,0,8,8,0,16,0,0,53,0,53,0,8,61,0,69,16,0,16,85
10/17/2022,BGM,NY,AEA,EN,Combined TRACON& Tower with Radar,0,7,6,1,14,0,0,13,1,14,0,7,19,2,28,46,0,46,74
10/18/2022,BGM,NY,AEA,EN,Combined TRACON& Tower with Radar,0,4,2,0,6,0,0,23,0,23,0,4,25,0,29,28,0,28,57
10/19/2022,BGM,NY,AEA,EN,Combined TRACON& Tower with Radar,0,8,4,0,12,0,0,6,0,6,0,8,10,0,18,18,0,18,36
10/20/2022,BGM,NY,AEA,EN,Combined TRACON& Tower with Radar,0,2,5,0,7,0,2,22,3,27,0,4,27,3,34,16,2,18,52
10/21/2022,BGM,NY,AEA,EN,Combined TRACON& Tower with Radar,0,2,7,0,9,0,0,35,0,35,0,2,42,0,44,56,0,56,100
10/22/2022,BGM,NY,AEA,EN,Combined TRACON& Tower with Radar,0,4,9,0,13,0,0,39,0,39,0,4,48,0,52,47,0,47,99
10/23/2022,BGM,NY,AEA,EN,Combined TRACON& Tower with Radar,0,4,1,0,5,0,0,19,0,19,0,4,20,0,24,30,0,30,54
10/24/2022,BGM,NY,AEA,EN,Combined TRACON& Tower with Radar,0,4,4,1,9,0,0,0,1,1,0,4,4,2,10,0,0,0,10
10/25/2022,BGM,NY,AEA,EN,Combined TRACON& Tower with Radar,0,5,5,1,11,0,0,9,1,10,0,5,14,2,21,0,0,0,21
10/26/2022,BGM,NY,AEA,EN,Combined TRACON& Tower with Radar,0,6,14,0,20,0,0,8,0,8,0,6,22,0,28,10,0,10,38
10/27/2022,BGM,NY,AEA,EN,Combined TRACON& Tower with Radar,0,5,7,2,14,0,0,8,2,10,0,5,15,4,24,18,14,32,56
10/28/2022,BGM,NY,AEA,EN,Combined TRACON& Tower with Radar,0,2,4,0,6,0,0,30,0,30,0,2,34,0,36,34,0,34,70
10/29/2022,BGM,NY,AEA,EN,Combined TRACON& Tower with Radar,0,2,3,0,5,0,0,39,1,40,0,2,42,1,45,24,0,24,69
10/30/2022,BGM,NY,AEA,EN,Combined TRACON& Tower with Radar,0,2,2,0,4,0,0,30,0,30,0,2,32,0,34,28,0,28,62
10/31/2022,BGM,NY,AEA,EN,Combined TRACON& Tower with Radar,0,3,6,0,9,0,0,18,0,18,0,3,24,0,27,40,0,40,67
11/01/2022,BGM,NY,AEA,EN,Combined TRACON& Tower with Radar,0,5,11,0,16,0,0,0,0,0,0,5,11,0,16,28,0,28,44
11/02/2022,BGM,NY,AEA,EN,Combined TRACON& Tower with Radar,0,6,6,0,12,0,0,26,1,27,0,6,32,1,39,64,0,64,103
11/03/2022,BGM,NY,AEA,EN,Combined TRACON& Tower with Radar,0,8,10,0,18,0,3,23,1,27,0,11,33,1,45,28,0,28,73
11/04/2022,BGM,NY,AEA,EN,Combined TRACON& Tower with Radar,0,7,8,0,15,0,0,46,0,46,0,7,54,0,61,36,0,36,97
11/05/2022,BGM,NY,AEA,EN,Combined TRACON& Tower with Radar,0,3,7,0,10,0,1,2,0,3,0,4,9,0,13,0,0,0,13
11/06/2022,BGM,NY,AEA,EN,Combined TRACON& Tower with Radar,0,3,9,0,12,0,1,0,0,1,0,4,9,0,13,0,0,0,13
11/07/2022,BGM,NY,AEA,EN,Combined TRACON& Tower with Radar,0,4,0,0,4,0,0,8,0,8,0,4,8,0,12,6,0,6,18
11/08/2022,BGM,NY,AEA,EN,Combined TRACON& Tower with Radar,0,4,5,0,9,0,0,14,0,14,0,4,19,0,23,18,0,18,41
11/09/2022,BGM,NY,AEA,EN,Combined TRACON& Tower with Radar,0,8,7,0,15,0,0,34,0,34,0,8,41,0,49,14,0,14,63
11/10/2022,BGM,NY,AEA,EN,Combined TRACON& Tower with Radar,0,5,10,1,16,0,0,28,0,28,0,5,38,1,44,44,0,44,88
11/11/2022,BGM,NY,AEA,EN,Combined TRACON& Tower with Radar,0,5,2,0,7,0,0,0,0,0,0,5,2,0,7,0,0,0,7
11/12/2022,BGM,NY,AEA,EN,Combined TRACON& Tower with Radar,0,2,2,0,4,0,0,2,0,2,0,2,4,0,6,0,0,0,6
11/13/2022,BGM,NY,AEA,EN,Combined TRACON& Tower with Radar,0,6,13,0,19,0,0,5,0,5,0,6,18,0,24,2,0,2,26
11/14/2022,BGM,NY,AEA,EN,Combined TRACON& Tower with Radar,0,3,3,0,6,0,2,9,0,11,0,5,12,0,17,38,0,38,55
11/15/2022,BGM,NY,AEA,EN,Combined TRACON& Tower with Radar,0,5,5,0,10,0,0,20,0,20,0,5,25,0,30,34,0,34,64
11/16/2022,BGM,NY,AEA,EN,Combined TRACON& Tower with Radar,4,1,2,0,7,0,0,2,0,2,4,1,4,0,9,18,0,18,27
11/17/2022,BGM,NY,AEA,EN,Combined TRACON& Tower with Radar,2,5,6,0,13,0,0,4,0,4,2,5,10,0,17,16,0,16,33
11/18/2022,BGM,NY,AEA,EN,Combined TRACON& Tower with Radar,0,7,3,0,10,0,0,4,0,4,0,7,7,0,14,11,0,11,25
11/19/2022,BGM,NY,AEA,EN,Combined TRACON& Tower with Radar,2,3,8,0,13,0,0,26,0,26,2,3,34,0,39,42,0,42,81
11/20/2022,BGM,NY,AEA,EN,Combined TRACON& Tower with Radar,0,4,0,1,5,0,0,1,1,2,0,4,1,2,7,0,0,0,7
11/21/2022,BGM,NY,AEA,EN,Combined TRACON& Tower with Radar,0,7,0,0,7,0,0,11,0,11,0,7,11,0,18,0,0,0,18
11/22/2022,BGM,NY,AEA,EN,Combined TRACON& Tower with Radar,2,8,13,0,23,0,0,38,0,38,2,8,51,0,61,36,0,36,97
11/23/2022,BGM,NY,AEA,EN,Combined TRACON& Tower with Radar,2,6,5,0,13,0,0,34,0,34,2,6,39,0,47,58,0,58,105
11/24/2022,BGM,NY,AEA,EN,Combined TRACON& Tower with Radar,0,2,1,0,3,0,0,10,0,10,0,2,11,0,13,20,0,20,33
11/25/2022,BGM,NY,AEA,EN,Combined TRACON& Tower with Radar,0,4,4,0,8,0,0,0,0,0,0,4,4,0,8,0,0,0,8
11/26/2022,BGM,NY,AEA,EN,Combined TRACON& Tower with Radar,2,5,8,0,15,0,0,33,0,33,2,5,41,0,48,17,0,17,65
11/27/2022,BGM,NY,AEA,EN,Combined TRACON& Tower with Radar,0,6,5,0,11,0,0,0,0,0,0,6,5,0,11,8,0,8,19
11/28/2022,BGM,NY,AEA,EN,Combined TRACON& Tower with Radar,0,9,3,0,12,0,0,0,0,0,0,9,3,0,12,0,0,0,12
11/29/2022,BGM,NY,AEA,EN,Combined TRACON& Tower with Radar,0,4,4,0,8,0,4,24,0,28,0,8,28,0,36,62,0,62,98
11/30/2022,BGM,NY,AEA,EN,Combined TRACON& Tower with Radar,2,2,0,0,4,0,0,0,0,0,2,2,0,0,4,0,0,0,4
12/01/2022,BGM,NY,AEA,EN,Combined TRACON& Tower with Radar,0,2,9,3,14,0,0,3,1,4,0,2,12,4,18,0,12,12,30
12/02/2022,BGM,NY,AEA,EN,Combined TRACON& Tower with Radar,0,7,11,0,18,0,0,22,0,22,0,7,33,0,40,70,0,70,110
12/03/2022,BGM,NY,AEA,EN,Combined TRACON& Tower with Radar,2,5,1,0,8,0,0,0,0,0,2,5,1,0,8,0,0,0,8
12/04/2022,BGM,NY,AEA,EN,Combined TRACON& Tower with Radar,0,4,24,0,28,0,0,37,0,37,0,4,61,0,65,38,0,38,103
12/05/2022,BGM,NY,AEA,EN,Combined TRACON& Tower with Radar,0,5,7,0,12,0,0,21,1,22,0,5,28,1,34,0,0,0,34
12/06/2022,BGM,NY,AEA,EN,Combined TRACON& Tower with Radar,0,5,2,0,7,0,0,0,0,0,0,5,2,0,7,0,0,0,7
12/07/2022,BGM,NY,AEA,EN,Combined TRACON& Tower with Radar,2,4,14,0,20,0,0,0,0,0,2,4,14,0,20,0,0,0,20
12/08/2022,BGM,NY,AEA,EN,Combined TRACON& Tower with Radar,0,5,2,0,7,0,0,8,0,8,0,5,10,0,15,2,0,2,17
12/09/2022,BGM,NY,AEA,EN,Combined TRACON& Tower with Radar,0,5,7,0,12,0,0,29,0,29,0,5,36,0,41,64,0,64,105
12/10/2022,BGM,NY,AEA,EN,Combined TRACON& Tower with Radar,2,2,1,0,5,0,0,26,0,26,2,2,27,0,31,60,0,60,91
12/11/2022,BGM,NY,AEA,EN,Combined TRACON& Tower with Radar,0,5,0,0,5,0,0,0,0,0,0,5,0,0,5,0,0,0,5
12/12/2022,BGM,NY,AEA,EN,Combined TRACON& Tower with Radar,0,3,2,0,5,0,0,0,0,0,0,3,2,0,5,0,0,0,5
12/13/2022,BGM,NY,AEA,EN,Combined TRACON& Tower with Radar,0,7,10,2,19,0,0,19,3,22,0,7,29,5,41,40,0,40,81
12/14/2022,BGM,NY,AEA,EN,Combined TRACON& Tower with Radar,2,9,7,0,18,0,0,25,2,27,2,9,32,2,45,28,0,28,73
12/15/2022,BGM,NY,AEA,EN,Combined TRACON& Tower with Radar,0,3,0,0,3,0,0,0,0,0,0,3,0,0,3,0,0,0,3
12/16/2022,BGM,NY,AEA,EN,Combined TRACON& Tower with Radar,0,2,0,0,2,0,0,0,0,0,0,2,0,0,2,0,0,0,2
12/17/2022,BGM,NY,AEA,EN,Combined TRACON& Tower with Radar,2,4,0,0,6,0,0,0,0,0,2,4,0,0,6,31,0,31,37
12/18/2022,BGM,NY,AEA,EN,Combined TRACON& Tower with Radar,0,6,2,0,8,0,0,0,0,0,0,6,2,0,8,6,0,6,14
12/19/2022,BGM,NY,AEA,EN,Combined TRACON& Tower with Radar,0,2,2,0,4,0,0,0,0,0,0,2,2,0,4,0,0,0,4
12/20/2022,BGM,NY,AEA,EN,Combined TRACON& Tower with Radar,0,2,6,0,8,0,0,7,0,7,0,2,13,0,15,22,0,22,37
12/21/2022,BGM,NY,AEA,EN,Combined TRACON& Tower with Radar,2,6,3,0,11,0,0,35,0,35,2,6,38,0,46,46,0,46,92
12/22/2022,BGM,NY,AEA,EN,Combined TRACON& Tower with Radar,0,2,0,0,2,0,0,0,0,0,0,2,0,0,2,0,0,0,2
12/23/2022,BGM,NY,AEA,EN,Combined TRACON& Tower with Radar,0,0,0,0,0,0,0,0,0,0,0,0,0,0,0,0,0,0,0
12/24/2022,BGM,NY,AEA,EN,Combined TRACON& Tower with Radar,4,0,0,0,4,0,0,0,0,0,4,0,0,0,4,0,0,0,4
12/25/2022,BGM,NY,AEA,EN,Combined TRACON& Tower with Radar,0,0,0,0,0,0,0,0,0,0,0,0,0,0,0,0,0,0,0
12/26/2022,BGM,NY,AEA,EN,Combined TRACON& Tower with Radar,2,4,0,0,6,0,0,12,0,12,2,4,12,0,18,26,0,26,44
12/27/2022,BGM,NY,AEA,EN,Combined TRACON& Tower with Radar,0,6,0,0,6,0,0,9,0,9,0,6,9,0,15,26,0,26,41
12/28/2022,BGM,NY,AEA,EN,Combined TRACON& Tower with Radar,2,2,4,0,8,0,0,30,0,30,2,2,34,0,38,4,0,4,42
12/29/2022,BGM,NY,AEA,EN,Combined TRACON& Tower with Radar,0,3,3,0,6,0,0,35,10,45,0,3,38,10,51,14,0,14,65
12/30/2022,BGM,NY,AEA,EN,Combined TRACON& Tower with Radar,0,2,1,0,3,0,0,35,0,35,0,2,36,0,38,9,0,9,47
12/31/2022,BGM,NY,AEA,EN,Combined TRACON& Tower with Radar,2,2,8,0,12,0,0,6,0,6,2,2,14,0,18,0,0,0,18
01/01/2023,BGM,NY,AEA,EN,Combined TRACON& Tower with Radar,0,0,3,0,3,0,0,4,0,4,0,0,7,0,7,46,0,46,53
01/02/2023,BGM,NY,AEA,EN,Combined TRACON& Tower with Radar,0,3,21,0,24,0,0,15,0,15,0,3,36,0,39,36,0,36,75
01/03/2023,BGM,NY,AEA,EN,Combined TRACON& Tower with Radar,0,2,0,0,2,0,0,0,0,0,0,2,0,0,2,0,0,0,2
01/04/2023,BGM,NY,AEA,EN,Combined TRACON& Tower with Radar,2,4,0,0,6,0,0,0,0,0,2,4,0,0,6,0,0,0,6
01/05/2023,BGM,NY,AEA,EN,Combined TRACON& Tower with Radar,0,2,0,2,4,0,0,30,0,30,0,2,30,2,34,64,10,74,108
01/06/2023,BGM,NY,AEA,EN,Combined TRACON& Tower with Radar,0,4,6,0,10,0,0,2,0,2,0,4,8,0,12,2,0,2,14
01/07/2023,BGM,NY,AEA,EN,Combined TRACON& Tower with Radar,2,5,2,0,9,0,0,0,0,0,2,5,2,0,9,0,0,0,9
01/08/2023,BGM,NY,AEA,EN,Combined TRACON& Tower with Radar,0,7,2,0,9,0,0,39,0,39,0,7,41,0,48,42,0,42,90
01/09/2023,BGM,NY,AEA,EN,Combined TRACON& Tower with Radar,3,1,2,0,6,0,0,20,0,20,3,1,22,0,26,50,0,50,76
01/10/2023,BGM,NY,AEA,EN,Combined TRACON& Tower with Radar,4,3,4,0,11,0,0,4,0,4,4,3,8,0,15,0,0,0,15
01/11/2023,BGM,NY,AEA,EN,Combined TRACON& Tower with Radar,5,5,5,0,15,0,0,14,0,14,5,5,19,0,29,48,0,48,77
01/12/2023,BGM,NY,AEA,EN,Combined TRACON& Tower with Radar,2,4,3,0,9,0,0,0,0,0,2,4,3,0,9,0,0,0,9
01/13/2023,BGM,NY,AEA,EN,Combined TRACON& Tower with Radar,3,1,1,0,5,0,0,0,0,0,3,1,1,0,5,0,0,0,5
01/14/2023,BGM,NY,AEA,EN,Combined TRACON& Tower with Radar,4,0,0,0,4,0,0,0,0,0,4,0,0,0,4,0,0,0,4
01/15/2023,BGM,NY,AEA,EN,Combined TRACON& Tower with Radar,4,2,5,0,11,0,0,11,0,11,4,2,16,0,22,4,0,4,26
01/16/2023,BGM,NY,AEA,EN,Combined TRACON& Tower with Radar,3,4,4,0,11,0,0,64,0,64,3,4,68,0,75,44,0,44,119
01/17/2023,BGM,NY,AEA,EN,Combined TRACON& Tower with Radar,4,4,2,0,10,0,0,0,0,0,4,4,2,0,10,0,0,0,10
01/18/2023,BGM,NY,AEA,EN,Combined TRACON& Tower with Radar,5,3,6,0,14,0,0,0,0,0,5,3,6,0,14,0,0,0,14
01/19/2023,BGM,NY,AEA,EN,Combined TRACON& Tower with Radar,3,1,2,0,6,0,0,0,0,0,3,1,2,0,6,0,0,0,6
01/20/2023,BGM,NY,AEA,EN,Combined TRACON& Tower with Radar,5,1,0,0,6,0,0,0,0,0,5,1,0,0,6,0,0,0,6
01/21/2023,BGM,NY,AEA,EN,Combined TRACON& Tower with Radar,4,0,4,0,8,0,0,0,0,0,4,0,4,0,8,32,0,32,40
01/22/2023,BGM,NY,AEA,EN,Combined TRACON& Tower with Radar,4,3,4,0,11,0,0,0,0,0,4,3,4,0,11,0,0,0,11
01/23/2023,BGM,NY,AEA,EN,Combined TRACON& Tower with Radar,2,2,4,0,8,0,0,0,0,0,2,2,4,0,8,0,0,0,8
01/24/2023,BGM,NY,AEA,EN,Combined TRACON& Tower with Radar,3,7,5,0,15,0,0,6,0,6,3,7,11,0,21,10,0,10,31
01/25/2023,BGM,NY,AEA,EN,Combined TRACON& Tower with Radar,5,1,3,0,9,0,0,0,0,0,5,1,3,0,9,0,0,0,9
01/26/2023,BGM,NY,AEA,EN,Combined TRACON& Tower with Radar,3,2,6,0,11,0,0,0,0,0,3,2,6,0,11,0,0,0,11
01/27/2023,BGM,NY,AEA,EN,Combined TRACON& Tower with Radar,4,2,6,0,12,0,0,16,0,16,4,2,22,0,28,16,0,16,44
01/28/2023,BGM,NY,AEA,EN,Combined TRACON& Tower with Radar,4,3,1,0,8,0,0,26,0,26,4,3,27,0,34,26,0,26,60
01/29/2023,BGM,NY,AEA,EN,Combined TRACON& Tower with Radar,4,2,0,0,6,0,0,0,0,0,4,2,0,0,6,12,0,12,18
01/30/2023,BGM,NY,AEA,EN,Combined TRACON& Tower with Radar,3,0,2,0,5,0,0,0,0,0,3,0,2,0,5,0,0,0,5
01/31/2023,BGM,NY,AEA,EN,Combined TRACON& Tower with Radar,4,0,4,0,8,0,0,10,0,10,4,0,14,0,18,26,0,26,44
02/01/2023,BGM,NY,AEA,EN,Combined TRACON& Tower with Radar,5,0,12,0,17,0,0,25,0,25,5,0,37,0,42,44,0,44,86
02/02/2023,BGM,NY,AEA,EN,Combined TRACON& Tower with Radar,3,3,10,0,16,0,0,17,0,17,3,3,27,0,33,6,0,6,39
02/03/2023,BGM,NY,AEA,EN,Combined TRACON& Tower with Radar,5,0,0,0,5,0,0,0,0,0,5,0,0,0,5,0,0,0,5
02/04/2023,BGM,NY,AEA,EN,Combined TRACON& Tower with Radar,5,1,0,0,6,0,0,21,0,21,5,1,21,0,27,14,0,14,41
02/05/2023,BGM,NY,AEA,EN,Combined TRACON& Tower with Radar,4,2,0,0,6,0,0,6,0,6,4,2,6,0,12,0,0,0,12
02/06/2023,BGM,NY,AEA,EN,Combined TRACON& Tower with Radar,3,4,4,0,11,0,0,2,0,2,3,4,6,0,13,0,0,0,13
02/07/2023,BGM,NY,AEA,EN,Combined TRACON& Tower with Radar,3,0,5,0,8,0,0,10,4,14,3,0,15,4,22,28,0,28,50
02/08/2023,BGM,NY,AEA,EN,Combined TRACON& Tower with Radar,5,0,5,0,10,0,0,18,0,18,5,0,23,0,28,76,0,76,104
02/09/2023,BGM,NY,AEA,EN,Combined TRACON& Tower with Radar,3,2,4,0,9,0,0,0,0,0,3,2,4,0,9,0,0,0,9
02/10/2023,BGM,NY,AEA,EN,Combined TRACON& Tower with Radar,3,4,8,0,15,0,0,2,0,2,3,4,10,0,17,4,0,4,21
02/11/2023,BGM,NY,AEA,EN,Combined TRACON& Tower with Radar,4,0,3,0,7,0,0,26,0,26,4,0,29,0,33,72,0,72,105
02/12/2023,BGM,NY,AEA,EN,Combined TRACON& Tower with Radar,4,2,5,0,11,0,1,32,0,33,4,3,37,0,44,38,0,38,82
02/13/2023,BGM,NY,AEA,EN,Combined TRACON& Tower with Radar,3,4,9,0,16,0,0,22,0,22,3,4,31,0,38,6,0,6,44
02/14/2023,BGM,NY,AEA,EN,Combined TRACON& Tower with Radar,3,6,8,0,17,0,1,23,0,24,3,7,31,0,41,4,0,4,45
02/15/2023,BGM,NY,AEA,EN,Combined TRACON& Tower with Radar,5,0,1,0,6,0,0,4,0,4,5,0,5,0,10,0,0,0,10
02/16/2023,BGM,NY,AEA,EN,Combined TRACON& Tower with Radar,3,5,5,0,13,0,0,19,0,19,3,5,24,0,32,6,0,6,38
02/17/2023,BGM,NY,AEA,EN,Combined TRACON& Tower with Radar,2,3,1,0,6,0,0,0,0,0,2,3,1,0,6,0,0,0,6
02/18/2023,BGM,NY,AEA,EN,Combined TRACON& Tower with Radar,4,3,7,0,14,0,0,28,0,28,4,3,35,0,42,36,0,36,78
02/19/2023,BGM,NY,AEA,EN,Combined TRACON& Tower with Radar,4,2,0,0,6,0,0,13,0,13,4,2,13,0,19,0,0,0,19
02/20/2023,BGM,NY,AEA,EN,Combined TRACON& Tower with Radar,3,3,0,0,6,0,0,10,1,11,3,3,10,1,17,16,0,16,33
02/21/2023,BGM,NY,AEA,EN,Combined TRACON& Tower with Radar,4,5,4,0,13,0,0,2,0,2,4,5,6,0,15,0,0,0,15
02/22/2023,BGM,NY,AEA,EN,Combined TRACON& Tower with Radar,4,4,2,0,10,0,0,4,0,4,4,4,6,0,14,6,0,6,20
02/23/2023,BGM,NY,AEA,EN,Combined TRACON& Tower with Radar,3,0,2,0,5,0,0,0,0,0,3,0,2,0,5,0,0,0,5
02/24/2023,BGM,NY,AEA,EN,Combined TRACON& Tower with Radar,3,0,0,0,3,0,0,2,0,2,3,0,2,0,5,0,0,0,5
02/25/2023,BGM,NY,AEA,EN,Combined TRACON& Tower with Radar,4,2,0,0,6,0,0,0,0,0,4,2,0,0,6,0,0,0,6
02/26/2023,BGM,NY,AEA,EN,Combined TRACON& Tower with Radar,4,3,1,0,8,0,2,10,0,12,4,5,11,0,20,7,0,7,27
02/27/2023,BGM,NY,AEA,EN,Combined TRACON& Tower with Radar,2,0,0,0,2,0,0,15,0,15,2,0,15,0,17,12,0,12,29
02/28/2023,BGM,NY,AEA,EN,Combined TRACON& Tower with Radar,3,2,2,0,7,0,0,0,0,0,3,2,2,0,7,0,0,0,7
03/01/2023,BGM,NY,AEA,EN,Combined TRACON& Tower with Radar,5,2,6,0,13,0,0,17,0,17,5,2,23,0,30,14,0,14,44
03/02/2023,BGM,NY,AEA,EN,Combined TRACON& Tower with Radar,3,5,6,2,16,0,0,1,0,1,3,5,7,2,17,50,0,50,67
03/03/2023,BGM,NY,AEA,EN,Combined TRACON& Tower with Radar,3,0,2,1,6,0,0,28,1,29,3,0,30,2,35,26,0,26,61
03/04/2023,BGM,NY,AEA,EN,Combined TRACON& Tower with Radar,4,0,2,0,6,0,0,0,0,0,4,0,2,0,6,0,0,0,6
03/05/2023,BGM,NY,AEA,EN,Combined TRACON& Tower with Radar,4,0,0,0,4,0,0,6,0,6,4,0,6,0,10,0,0,0,10
03/06/2023,BGM,NY,AEA,EN,Combined TRACON& Tower with Radar,3,5,2,0,10,0,2,31,0,33,3,7,33,0,43,24,0,24,67
03/07/2023,BGM,NY,AEA,EN,Combined TRACON& Tower with Radar,3,3,5,2,13,0,0,3,0,3,3,3,8,2,16,0,0,0,16
03/08/2023,BGM,NY,AEA,EN,Combined TRACON& Tower with Radar,5,8,0,1,14,0,0,1,0,1,5,8,1,1,15,0,0,0,15
03/09/2023,BGM,NY,AEA,EN,Combined TRACON& Tower with Radar,3,3,5,1,12,0,0,3,0,3,3,3,8,1,15,0,0,0,15
03/10/2023,BGM,NY,AEA,EN,Combined TRACON& Tower with Radar,6,3,3,0,12,0,0,3,0,3,6,3,6,0,15,18,0,18,33
03/11/2023,BGM,NY,AEA,EN,Combined TRACON& Tower with Radar,5,0,1,0,6,0,0,0,0,0,5,0,1,0,6,0,0,0,6
03/12/2023,BGM,NY,AEA,EN,Combined TRACON& Tower with Radar,4,2,6,0,12,0,0,22,0,22,4,2,28,0,34,0,0,0,34
03/13/2023,BGM,NY,AEA,EN,Combined TRACON& Tower with Radar,5,0,4,0,9,0,0,0,0,0,5,0,4,0,9,13,0,13,22
03/14/2023,BGM,NY,AEA,EN,Combined TRACON& Tower with Radar,0,0,0,0,0,0,0,0,0,0,0,0,0,0,0,0,0,0,0
03/15/2023,BGM,NY,AEA,EN,Combined TRACON& Tower with Radar,5,4,4,0,13,0,2,4,0,6,5,6,8,0,19,8,0,8,27
03/16/2023,BGM,NY,AEA,EN,Combined TRACON& Tower with Radar,3,1,4,0,8,0,2,37,2,41,3,3,41,2,49,44,0,44,93
03/17/2023,BGM,NY,AEA,EN,Combined TRACON& Tower with Radar,3,2,1,0,6,0,0,0,0,0,3,2,1,0,6,2,0,2,8
03/18/2023,BGM,NY,AEA,EN,Combined TRACON& Tower with Radar,4,0,5,0,9,0,0,11,0,11,4,0,16,0,20,10,0,10,30
03/19/2023,BGM,NY,AEA,EN,Combined TRACON& Tower with Radar,4,4,1,0,9,0,0,1,0,1,4,4,2,0,10,0,0,0,10
03/20/2023,BGM,NY,AEA,EN,Combined TRACON& Tower with Radar,3,3,6,2,14,0,9,12,0,21,3,12,18,2,35,22,0,22,57
03/21/2023,BGM,NY,AEA,EN,Combined TRACON& Tower with Radar,3,4,9,0,16,0,1,33,0,34,3,5,42,0,50,16,0,16,66
03/22/2023,BGM,NY,AEA,EN,Combined TRACON& Tower with Radar,6,5,11,0,22,0,0,19,0,19,6,5,30,0,41,48,0,48,89
03/23/2023,BGM,NY,AEA,EN,Combined TRACON& Tower with Radar,4,3,4,0,11,0,0,2,0,2,4,3,6,0,13,2,0,2,15
03/24/2023,BGM,NY,AEA,EN,Combined TRACON& Tower with Radar,3,2,9,0,14,0,0,16,0,16,3,2,25,0,30,24,0,24,54
03/25/2023,BGM,NY,AEA,EN,Combined TRACON& Tower with Radar,4,0,0,0,4,0,0,0,0,0,4,0,0,0,4,0,0,0,4
03/26/2023,BGM,NY,AEA,EN,Combined TRACON& Tower with Radar,4,4,4,0,12,0,1,6,0,7,4,5,10,0,19,0,0,0,19
03/27/2023,BGM,NY,AEA,EN,Combined TRACON& Tower with Radar,2,0,1,0,3,0,0,10,0,10,2,0,11,0,13,16,0,16,29
03/28/2023,BGM,NY,AEA,EN,Combined TRACON& Tower with Radar,5,0,3,0,8,0,0,11,0,11,5,0,14,0,19,12,0,12,31
03/29/2023,BGM,NY,AEA,EN,Combined TRACON& Tower with Radar,7,1,3,0,11,0,5,20,0,25,7,6,23,0,36,24,0,24,60
03/30/2023,BGM,NY,AEA,EN,Combined TRACON& Tower with Radar,3,3,6,0,12,0,0,12,0,12,3,3,18,0,24,22,0,22,46
03/31/2023,BGM,NY,AEA,EN,Combined TRACON& Tower with Radar,3,2,8,0,13,0,0,9,0,9,3,2,17,0,22,36,0,36,58
04/01/2023,BGM,NY,AEA,EN,Combined TRACON& Tower with Radar,4,0,0,0,4,0,0,0,0,0,4,0,0,0,4,0,0,0,4
04/02/2023,BGM,NY,AEA,EN,Combined TRACON& Tower with Radar,4,2,5,0,11,0,0,13,0,13,4,2,18,0,24,20,0,20,44
04/03/2023,BGM,NY,AEA,EN,Combined TRACON& Tower with Radar,3,6,10,0,19,0,6,18,0,24,3,12,28,0,43,24,0,24,67
04/04/2023,BGM,NY,AEA,EN,Combined TRACON& Tower with Radar,3,1,4,0,8,0,0,21,0,21,3,1,25,0,29,10,0,10,39
04/05/2023,BGM,NY,AEA,EN,Combined TRACON& Tower with Radar,5,2,6,0,13,0,0,0,0,0,5,2,6,0,13,0,0,0,13
04/06/2023,BGM,NY,AEA,EN,Combined TRACON& Tower with Radar,3,5,16,0,24,0,0,3,0,3,3,5,19,0,27,8,0,8,35
04/07/2023,BGM,NY,AEA,EN,Combined TRACON& Tower with Radar,3,3,4,0,10,0,1,15,0,16,3,4,19,0,26,8,0,8,34
04/08/2023,BGM,NY,AEA,EN,Combined TRACON& Tower with Radar,4,2,9,0,15,0,0,35,0,35,4,2,44,0,50,62,0,62,112
04/09/2023,BGM,NY,AEA,EN,Combined TRACON& Tower with Radar,4,2,6,0,12,0,7,20,1,28,4,9,26,1,40,4,0,4,44
04/10/2023,BGM,NY,AEA,EN,Combined TRACON& Tower with Radar,3,2,4,0,9,0,3,23,0,26,3,5,27,0,35,36,0,36,71
04/11/2023,BGM,NY,AEA,EN,Combined TRACON& Tower with Radar,3,2,8,0,13,0,0,12,1,13,3,2,20,1,26,10,0,10,36
04/12/2023,BGM,NY,AEA,EN,Combined TRACON& Tower with Radar,5,0,3,0,8,0,0,9,0,9,5,0,12,0,17,20,0,20,37
04/13/2023,BGM,NY,AEA,EN,Combined TRACON& Tower with Radar,3,4,5,0,12,0,0,22,0,22,3,4,27,0,34,16,0,16,50
04/14/2023,BGM,NY,AEA,EN,Combined TRACON& Tower with Radar,3,5,8,0,16,0,8,44,0,52,3,13,52,0,68,54,0,54,122
04/15/2023,BGM,NY,AEA,EN,Combined TRACON& Tower with Radar,3,5,6,0,14,0,0,12,0,12,3,5,18,0,26,0,0,0,26
04/16/2023,BGM,NY,AEA,EN,Combined TRACON& Tower with Radar,3,2,5,1,11,0,0,11,0,11,3,2,16,1,22,14,0,14,36
04/17/2023,BGM,NY,AEA,EN,Combined TRACON& Tower with Radar,4,0,2,0,6,0,0,10,0,10,4,0,12,0,16,0,0,0,16
04/18/2023,BGM,NY,AEA,EN,Combined TRACON& Tower with Radar,3,2,9,0,14,0,0,8,0,8,3,2,17,0,22,0,0,0,22
04/19/2023,BGM,NY,AEA,EN,Combined TRACON& Tower with Radar,5,6,8,0,19,0,0,14,0,14,5,6,22,0,33,24,0,24,57
04/20/2023,BGM,NY,AEA,EN,Combined TRACON& Tower with Radar,5,1,17,1,24,0,0,44,1,45,5,1,61,2,69,22,0,22,91
04/21/2023,BGM,NY,AEA,EN,Combined TRACON& Tower with Radar,3,0,10,0,13,0,4,33,0,37,3,4,43,0,50,22,0,22,72
04/22/2023,BGM,NY,AEA,EN,Combined TRACON& Tower with Radar,4,1,1,0,6,0,0,5,0,5,4,1,6,0,11,0,0,0,11
04/23/2023,BGM,NY,AEA,EN,Combined TRACON& Tower with Radar,4,2,5,0,11,0,0,8,0,8,4,2,13,0,19,0,0,0,19
04/24/2023,BGM,NY,AEA,EN,Combined TRACON& Tower with Radar,3,1,8,0,12,0,0,12,0,12,3,1,20,0,24,28,0,28,52
04/25/2023,BGM,NY,AEA,EN,Combined TRACON& Tower with Radar,2,4,6,2,14,0,8,31,6,45,2,12,37,8,59,26,0,26,85
04/26/2023,BGM,NY,AEA,EN,Combined TRACON& Tower with Radar,5,1,0,0,6,0,0,6,0,6,5,1,6,0,12,6,0,6,18
04/27/2023,BGM,NY,AEA,EN,Combined TRACON& Tower with Radar,3,3,11,1,18,0,0,22,6,28,3,3,33,7,46,14,10,24,70
04/28/2023,BGM,NY,AEA,EN,Combined TRACON& Tower with Radar,3,10,3,0,16,0,0,15,0,15,3,10,18,0,31,24,0,24,55
04/29/2023,BGM,NY,AEA,EN,Combined TRACON& Tower with Radar,4,3,21,0,28,0,0,0,0,0,4,3,21,0,28,0,0,0,28
04/30/2023,BGM,NY,AEA,EN,Combined TRACON& Tower with Radar,3,1,10,0,14,0,0,0,0,0,3,1,10,0,14,0,0,0,14
05/01/2023,BGM,NY,AEA,EN,Combined TRACON& Tower with Radar,4,0,4,0,8,0,0,6,0,6,4,0,10,0,14,0,0,0,14
05/02/2023,BGM,NY,AEA,EN,Combined TRACON& Tower with Radar,3,0,11,0,14,0,0,8,0,8,3,0,19,0,22,27,0,27,49
05/03/2023,BGM,NY,AEA,EN,Combined TRACON& Tower with Radar,5,1,4,0,10,0,0,0,0,0,5,1,4,0,10,10,0,10,20
05/04/2023,BGM,NY,AEA,EN,Combined TRACON& Tower with Radar,3,7,5,4,19,0,0,4,0,4,3,7,9,4,23,0,0,0,23
05/05/2023,BGM,NY,AEA,EN,Combined TRACON& Tower with Radar,3,9,13,0,25,0,0,29,0,29,3,9,42,0,54,2,0,2,56
05/06/2023,BGM,NY,AEA,EN,Combined TRACON& Tower with Radar,4,1,14,0,19,0,6,39,0,45,4,7,53,0,64,33,0,33,97
05/07/2023,BGM,NY,AEA,EN,Combined TRACON& Tower with Radar,4,0,3,0,7,0,0,15,0,15,4,0,18,0,22,0,0,0,22
05/08/2023,BGM,NY,AEA,EN,Combined TRACON& Tower with Radar,3,3,16,0,22,0,1,22,0,23,3,4,38,0,45,0,0,0,45
05/09/2023,BGM,NY,AEA,EN,Combined TRACON& Tower with Radar,3,8,6,0,17,0,4,17,0,21,3,12,23,0,38,8,0,8,46
05/10/2023,BGM,NY,AEA,EN,Combined TRACON& Tower with Radar,5,2,13,0,20,0,0,28,0,28,5,2,41,0,48,28,0,28,76
05/11/2023,BGM,NY,AEA,EN,Combined TRACON& Tower with Radar,4,0,1,0,5,0,1,40,0,41,4,1,41,0,46,22,0,22,68
05/12/2023,BGM,NY,AEA,EN,Combined TRACON& Tower with Radar,2,0,3,0,5,0,0,32,0,32,2,0,35,0,37,16,0,16,53
05/13/2023,BGM,NY,AEA,EN,Combined TRACON& Tower with Radar,4,0,3,0,7,0,3,28,0,31,4,3,31,0,38,12,0,12,50
05/14/2023,BGM,NY,AEA,EN,Combined TRACON& Tower with Radar,4,0,3,0,7,0,0,17,0,17,4,0,20,0,24,0,0,0,24
05/15/2023,BGM,NY,AEA,EN,Combined TRACON& Tower with Radar,3,6,6,5,20,0,8,23,1,32,3,14,29,6,52,50,0,50,102
05/16/2023,BGM,NY,AEA,EN,Combined TRACON& Tower with Radar,3,3,14,0,20,0,0,18,0,18,3,3,32,0,38,22,0,22,60
05/17/2023,BGM,NY,AEA,EN,Combined TRACON& Tower with Radar,5,6,10,0,21,0,0,8,0,8,5,6,18,0,29,24,0,24,53
05/18/2023,BGM,NY,AEA,EN,Combined TRACON& Tower with Radar,4,3,5,11,23,0,2,46,1,49,4,5,51,12,72,44,0,44,116
05/19/2023,BGM,NY,AEA,EN,Combined TRACON& Tower with Radar,3,4,3,0,10,0,0,12,0,12,3,4,15,0,22,20,0,20,42
05/20/2023,BGM,NY,AEA,EN,Combined TRACON& Tower with Radar,4,0,1,0,5,0,0,6,0,6,4,0,7,0,11,10,0,10,21
05/21/2023,BGM,NY,AEA,EN,Combined TRACON& Tower with Radar,4,0,9,0,13,0,0,9,0,9,4,0,18,0,22,0,0,0,22
05/22/2023,BGM,NY,AEA,EN,Combined TRACON& Tower with Radar,3,3,1,0,7,0,2,19,3,24,3,5,20,3,31,46,0,46,77
05/23/2023,BGM,NY,AEA,EN,Combined TRACON& Tower with Radar,3,4,10,0,17,0,0,21,0,21,3,4,31,0,38,8,0,8,46
05/24/2023,BGM,NY,AEA,EN,Combined TRACON& Tower with Radar,5,5,11,0,21,0,0,8,0,8,5,5,19,0,29,24,0,24,53
05/25/2023,BGM,NY,AEA,EN,Combined TRACON& Tower with Radar,3,4,8,0,15,0,5,30,1,36,3,9,38,1,51,18,4,22,73
05/26/2023,BGM,NY,AEA,EN,Combined TRACON& Tower with Radar,3,11,12,0,26,0,0,38,0,38,3,11,50,0,64,18,0,18,82
05/27/2023,BGM,NY,AEA,EN,Combined TRACON& Tower with Radar,4,0,3,0,7,0,0,14,0,14,4,0,17,0,21,24,0,24,45
05/28/2023,BGM,NY,AEA,EN,Combined TRACON& Tower with Radar,4,5,5,0,14,0,0,16,0,16,4,5,21,0,30,30,0,30,60
05/29/2023,BGM,NY,AEA,EN,Combined TRACON& Tower with Radar,3,5,3,0,11,0,6,24,0,30,3,11,27,0,41,41,0,41,82
05/30/2023,BGM,NY,AEA,EN,Combined TRACON& Tower with Radar,3,0,8,4,15,0,0,18,0,18,3,0,26,4,33,16,0,16,49
05/31/2023,BGM,NY,AEA,EN,Combined TRACON& Tower with Radar,5,0,8,0,13,0,0,28,2,30,5,0,36,2,43,38,8,46,89
06/01/2023,BGM,NY,AEA,EN,Combined TRACON& Tower with Radar,3,0,1,0,4,0,0,27,0,27,3,0,28,0,31,16,0,16,47
06/02/2023,BGM,NY,AEA,EN,Combined TRACON& Tower with Radar,4,4,10,0,18,0,0,22,0,22,4,4,32,0,40,38,0,38,78
06/03/2023,BGM,NY,AEA,EN,Combined TRACON& Tower with Radar,4,0,9,0,13,0,2,26,0,28,4,2,35,0,41,42,0,42,83
06/04/2023,BGM,NY,AEA,EN,Combined TRACON& Tower with Radar,3,3,4,0,10,0,0,12,0,12,3,3,16,0,22,16,0,16,38
06/05/2023,BGM,NY,AEA,EN,Combined TRACON& Tower with Radar,3,2,9,0,14,0,0,3,0,3,3,2,12,0,17,0,0,0,17
06/06/2023,BGM,NY,AEA,EN,Combined TRACON& Tower with Radar,3,0,18,0,21,0,0,1,0,1,3,0,19,0,22,0,0,0,22
06/07/2023,BGM,NY,AEA,EN,Combined TRACON& Tower with Radar,5,2,7,0,14,0,0,0,0,0,5,2,7,0,14,0,0,0,14
06/08/2023,BGM,NY,AEA,EN,Combined TRACON& Tower with Radar,3,1,9,0,13,0,0,1,0,1,3,1,10,0,14,20,0,20,34
06/09/2023,BGM,NY,AEA,EN,Combined TRACON& Tower with Radar,3,3,6,0,12,0,0,3,0,3,3,3,9,0,15,8,0,8,23
06/10/2023,BGM,NY,AEA,EN,Combined TRACON& Tower with Radar,4,4,11,0,19,0,0,10,0,10,4,4,21,0,29,0,0,0,29
06/11/2023,BGM,NY,AEA,EN,Combined TRACON& Tower with Radar,4,0,3,0,7,0,3,26,0,29,4,3,29,0,36,14,0,14,50
06/12/2023,BGM,NY,AEA,EN,Combined TRACON& Tower with Radar,3,0,11,0,14,0,0,2,0,2,3,0,13,0,16,14,0,14,30
06/13/2023,BGM,NY,AEA,EN,Combined TRACON& Tower with Radar,3,4,9,0,16,0,0,12,0,12,3,4,21,0,28,44,0,44,72
06/14/2023,BGM,NY,AEA,EN,Combined TRACON& Tower with Radar,3,4,28,0,35,0,0,0,0,0,3,4,28,0,35,0,0,0,35
06/15/2023,BGM,NY,AEA,EN,Combined TRACON& Tower with Radar,3,9,6,0,18,0,2,21,0,23,3,11,27,0,41,16,0,16,57
06/16/2023,BGM,NY,AEA,EN,Combined TRACON& Tower with Radar,3,1,3,0,7,0,0,6,0,6,3,1,9,0,13,8,0,8,21
06/17/2023,BGM,NY,AEA,EN,Combined TRACON& Tower with Radar,4,6,4,0,14,0,0,12,0,12,4,6,16,0,26,28,0,28,54
06/18/2023,BGM,NY,AEA,EN,Combined TRACON& Tower with Radar,6,4,2,0,12,0,0,19,0,19,6,4,21,0,31,39,0,39,70
06/19/2023,BGM,NY,AEA,EN,Combined TRACON& Tower with Radar,3,4,4,0,11,0,3,39,0,42,3,7,43,0,53,42,0,42,95
06/20/2023,BGM,NY,AEA,EN,Combined TRACON& Tower with Radar,3,9,23,0,35,0,0,23,0,23,3,9,46,0,58,18,0,18,76
06/21/2023,BGM,NY,AEA,EN,Combined TRACON& Tower with Radar,6,6,12,11,35,0,9,31,5,45,6,15,43,16,80,80,16,96,176
06/22/2023,BGM,NY,AEA,EN,Combined TRACON& Tower with Radar,3,8,5,2,18,0,0,17,0,17,3,8,22,2,35,20,0,20,55
06/23/2023,BGM,NY,AEA,EN,Combined TRACON& Tower with Radar,3,5,18,0,26,0,0,3,0,3,3,5,21,0,29,78,0,78,107
06/24/2023,BGM,NY,AEA,EN,Combined TRACON& Tower with Radar,4,0,5,0,9,0,0,0,0,0,4,0,5,0,9,0,0,0,9
06/25/2023,BGM,NY,AEA,EN,Combined TRACON& Tower with Radar,4,13,3,0,20,0,0,5,0,5,4,13,8,0,25,8,0,8,33
06/26/2023,BGM,NY,AEA,EN,Combined TRACON& Tower with Radar,1,1,5,0,7,0,0,6,0,6,1,1,11,0,13,0,0,0,13
06/27/2023,BGM,NY,AEA,EN,Combined TRACON& Tower with Radar,0,6,16,0,22,0,0,0,0,0,0,6,16,0,22,0,0,0,22
06/28/2023,BGM,NY,AEA,EN,Combined TRACON& Tower with Radar,3,6,11,0,20,0,0,0,0,0,3,6,11,0,20,0,0,0,20
06/29/2023,BGM,NY,AEA,EN,Combined TRACON& Tower with Radar,3,1,9,0,13,0,1,0,0,1,3,2,9,0,14,0,0,0,14
06/30/2023,BGM,NY,AEA,EN,Combined TRACON& Tower with Radar,3,4,13,0,20,0,0,0,0,0,3,4,13,0,20,0,0,0,20
07/01/2023,BGM,NY,AEA,EN,Combined TRACON& Tower with Radar,4,2,12,0,18,0,0,10,0,10,4,2,22,0,28,22,0,22,50
07/02/2023,BGM,NY,AEA,EN,Combined TRACON& Tower with Radar,3,3,2,0,8,0,0,0,0,0,3,3,2,0,8,0,0,0,8
07/03/2023,BGM,NY,AEA,EN,Combined TRACON& Tower with Radar,2,0,0,0,2,0,0,2,0,2,2,0,2,0,4,0,0,0,4
07/04/2023,BGM,NY,AEA,EN,Combined TRACON& Tower with Radar,2,2,7,0,11,0,2,10,0,12,2,4,17,0,23,0,0,0,23
07/05/2023,BGM,NY,AEA,EN,Combined TRACON& Tower with Radar,5,5,9,9,28,0,8,52,1,61,5,13,61,10,89,34,2,36,125
07/06/2023,BGM,NY,AEA,EN,Combined TRACON& Tower with Radar,3,2,7,0,12,0,5,29,1,35,3,7,36,1,47,24,0,24,71
07/07/2023,BGM,NY,AEA,EN,Combined TRACON& Tower with Radar,3,1,1,0,5,0,1,22,2,25,3,2,23,2,30,0,0,0,30
07/08/2023,BGM,NY,AEA,EN,Combined TRACON& Tower with Radar,4,5,30,0,39,0,4,35,0,39,4,9,65,0,78,0,0,0,78
07/09/2023,BGM,NY,AEA,EN,Combined TRACON& Tower with Radar,1,0,1,0,2,0,0,1,0,1,1,0,2,0,3,0,0,0,3
07/10/2023,BGM,NY,AEA,EN,Combined TRACON& Tower with Radar,3,0,6,0,9,0,0,2,0,2,3,0,8,0,11,16,0,16,27
07/11/2023,BGM,NY,AEA,EN,Combined TRACON& Tower with Radar,3,1,16,0,20,0,4,33,0,37,3,5,49,0,57,0,0,0,57
07/12/2023,BGM,NY,AEA,EN,Combined TRACON& Tower with Radar,7,2,9,5,23,0,2,17,5,24,7,4,26,10,47,12,16,28,75
07/13/2023,BGM,NY,AEA,EN,Combined TRACON& Tower with Radar,2,4,5,0,11,0,2,9,4,15,2,6,14,4,26,0,0,0,26
07/14/2023,BGM,NY,AEA,EN,Combined TRACON& Tower with Radar,1,0,12,0,13,0,0,23,0,23,1,0,35,0,36,0,0,0,36
07/15/2023,BGM,NY,AEA,EN,Combined TRACON& Tower with Radar,4,0,5,0,9,0,0,19,0,19,4,0,24,0,28,24,0,24,52
07/16/2023,BGM,NY,AEA,EN,Combined TRACON& Tower with Radar,2,0,8,0,10,0,0,9,0,9,2,0,17,0,19,12,0,12,31
07/17/2023,BGM,NY,AEA,EN,Combined TRACON& Tower with Radar,3,3,13,0,19,0,5,17,0,22,3,8,30,0,41,18,0,18,59
07/18/2023,BGM,NY,AEA,EN,Combined TRACON& Tower with Radar,3,0,21,0,24,0,0,4,0,4,3,0,25,0,28,0,0,0,28
07/19/2023,BGM,NY,AEA,EN,Combined TRACON& Tower with Radar,6,1,18,0,25,0,1,29,0,30,6,2,47,0,55,40,0,40,95
07/20/2023,BGM,NY,AEA,EN,Combined TRACON& Tower with Radar,3,3,5,2,13,0,2,25,0,27,3,5,30,2,40,28,10,38,78
07/21/2023,BGM,NY,AEA,EN,Combined TRACON& Tower with Radar,4,2,10,0,16,0,0,8,0,8,4,2,18,0,24,17,0,17,41
07/22/2023,BGM,NY,AEA,EN,Combined TRACON& Tower with Radar,4,5,4,0,13,0,3,28,0,31,4,8,32,0,44,4,2,6,50
07/23/2023,BGM,NY,AEA,EN,Combined TRACON& Tower with Radar,4,6,2,0,12,0,2,33,0,35,4,8,35,0,47,18,0,18,65
07/24/2023,BGM,NY,AEA,EN,Combined TRACON& Tower with Radar,2,4,8,0,14,0,4,19,0,23,2,8,27,0,37,32,0,32,69
07/25/2023,BGM,NY,AEA,EN,Combined TRACON& Tower with Radar,0,5,4,0,9,0,2,2,0,4,0,7,6,0,13,16,0,16,29
07/26/2023,BGM,NY,AEA,EN,Combined TRACON& Tower with Radar,7,2,6,0,15,0,7,19,0,26,7,9,25,0,41,26,0,26,67
07/27/2023,BGM,NY,AEA,EN,Combined TRACON& Tower with Radar,3,4,6,0,13,0,0,5,0,5,3,4,11,0,18,0,0,0,18
07/28/2023,BGM,NY,AEA,EN,Combined TRACON& Tower with Radar,2,4,10,0,16,0,2,22,0,24,2,6,32,0,40,28,0,28,68
07/29/2023,BGM,NY,AEA,EN,Combined TRACON& Tower with Radar,3,3,8,0,14,0,0,4,0,4,3,3,12,0,18,6,0,6,24
07/30/2023,BGM,NY,AEA,EN,Combined TRACON& Tower with Radar,4,7,11,0,22,0,2,23,0,25,4,9,34,0,47,0,0,0,47
07/31/2023,BGM,NY,AEA,EN,Combined TRACON& Tower with Radar,3,6,8,0,17,0,3,11,0,14,3,9,19,0,31,14,0,14,45
08/01/2023,BGM,NY,AEA,EN,Combined TRACON& Tower with Radar,3,9,8,0,20,0,6,21,2,29,3,15,29,2,49,18,0,18,67
08/02/2023,BGM,NY,AEA,EN,Combined TRACON& Tower with Radar,5,1,20,0,26,0,0,27,0,27,5,1,47,0,53,38,0,38,91
08/03/2023,BGM,NY,AEA,EN,Combined TRACON& Tower with Radar,3,1,7,0,11,0,1,24,0,25,3,2,31,0,36,18,0,18,54
08/04/2023,BGM,NY,AEA,EN,Combined TRACON& Tower with Radar,3,6,6,0,15,0,0,1,0,1,3,6,7,0,16,10,0,10,26
08/05/2023,BGM,NY,AEA,EN,Combined TRACON& Tower with Radar,4,0,6,0,10,0,2,22,0,24,4,2,28,0,34,42,0,42,76
08/06/2023,BGM,NY,AEA,EN,Combined TRACON& Tower with Radar,4,3,3,0,10,0,4,55,0,59,4,7,58,0,69,16,0,16,85
08/07/2023,BGM,NY,AEA,EN,Combined TRACON& Tower with Radar,1,11,9,0,21,0,0,4,0,4,1,11,13,0,25,0,0,0,25
08/08/2023,BGM,NY,AEA,EN,Combined TRACON& Tower with Radar,3,6,14,0,23,0,0,0,0,0,3,6,14,0,23,0,0,0,23
08/09/2023,BGM,NY,AEA,EN,Combined TRACON& Tower with Radar,5,5,14,0,24,0,5,20,0,25,5,10,34,0,49,52,0,52,101
08/10/2023,BGM,NY,AEA,EN,Combined TRACON& Tower with Radar,3,3,13,0,19,0,0,1,0,1,3,3,14,0,20,0,0,0,20
08/11/2023,BGM,NY,AEA,EN,Combined TRACON& Tower with Radar,4,4,8,0,16,0,6,30,0,36,4,10,38,0,52,48,0,48,100
08/12/2023,BGM,NY,AEA,EN,Combined TRACON& Tower with Radar,4,1,3,0,8,0,0,5,0,5,4,1,8,0,13,6,0,6,19
08/13/2023,BGM,NY,AEA,EN,Combined TRACON& Tower with Radar,5,2,20,0,27,0,0,30,0,30,5,2,50,0,57,0,0,0,57
08/14/2023,BGM,NY,AEA,EN,Combined TRACON& Tower with Radar,3,1,4,0,8,0,4,34,0,38,3,5,38,0,46,34,0,34,80
08/15/2023,BGM,NY,AEA,EN,Combined TRACON& Tower with Radar,4,3,8,0,15,0,0,0,0,0,4,3,8,0,15,0,0,0,15
08/16/2023,BGM,NY,AEA,EN,Combined TRACON& Tower with Radar,6,2,8,0,16,0,0,9,2,11,6,2,17,2,27,0,0,0,27
08/17/2023,BGM,NY,AEA,EN,Combined TRACON& Tower with Radar,2,8,11,0,21,0,6,26,0,32,2,14,37,0,53,0,0,0,53
08/18/2023,BGM,NY,AEA,EN,Combined TRACON& Tower with Radar,5,6,4,0,15,0,0,11,0,11,5,6,15,0,26,4,0,4,30
08/19/2023,BGM,NY,AEA,EN,Combined TRACON& Tower with Radar,4,1,3,0,8,0,0,33,0,33,4,1,36,0,41,6,0,6,47
08/20/2023,BGM,NY,AEA,EN,Combined TRACON& Tower with Radar,4,4,4,0,12,0,4,32,0,36,4,8,36,0,48,23,0,23,71
08/21/2023,BGM,NY,AEA,EN,Combined TRACON& Tower with Radar,3,5,10,0,18,0,3,16,0,19,3,8,26,0,37,0,0,0,37
08/22/2023,BGM,NY,AEA,EN,Combined TRACON& Tower with Radar,3,3,12,0,18,0,0,19,0,19,3,3,31,0,37,14,0,14,51
08/23/2023,BGM,NY,AEA,EN,Combined TRACON& Tower with Radar,5,2,7,0,14,0,0,21,0,21,5,2,28,0,35,28,0,28,63
08/24/2023,BGM,NY,AEA,EN,Combined TRACON& Tower with Radar,3,1,3,0,7,0,0,0,0,0,3,1,3,0,7,0,0,0,7
08/25/2023,BGM,NY,AEA,EN,Combined TRACON& Tower with Radar,3,2,1,0,6,0,0,0,0,0,3,2,1,0,6,24,0,24,30
08/26/2023,BGM,NY,AEA,EN,Combined TRACON& Tower with Radar,4,1,6,0,11,0,0,13,0,13,4,1,19,0,24,22,0,22,46
08/27/2023,BGM,NY,AEA,EN,Combined TRACON& Tower with Radar,4,0,13,0,17,0,0,16,0,16,4,0,29,0,33,10,0,10,43
08/28/2023,BGM,NY,AEA,EN,Combined TRACON& Tower with Radar,3,3,4,0,10,0,0,1,0,1,3,3,5,0,11,0,0,0,11
08/29/2023,BGM,NY,AEA,EN,Combined TRACON& Tower with Radar,3,4,15,3,25,0,5,7,0,12,3,9,22,3,37,14,0,14,51
08/30/2023,BGM,NY,AEA,EN,Combined TRACON& Tower with Radar,5,0,9,0,14,0,0,18,0,18,5,0,27,0,32,0,0,0,32
08/31/2023,BGM,NY,AEA,EN,Combined TRACON& Tower with Radar,3,1,14,0,18,0,0,37,0,37,3,1,51,0,55,60,0,60,115
